01/01/2000,ANE,MN,AGL,CE,Federal Contract Tower,0,2,6,0,8,0,2,131,0,133,0,4,137,0,141,148,0,148,289
01/02/2000,ANE,MN,AGL,CE,Federal Contract Tower,0,4,7,0,11,0,0,86,0,86,0,4,93,0,97,116,0,116,213
01/03/2000,ANE,MN,AGL,CE,Federal Contract Tower,0,5,13,0,18,0,7,61,0,68,0,12,74,0,86,92,0,92,178
01/04/2000,ANE,MN,AGL,CE,Federal Contract Tower,0,6,16,0,22,0,5,72,0,77,0,11,88,0,99,104,0,104,203
01/05/2000,ANE,MN,AGL,CE,Federal Contract Tower,0,8,25,0,33,0,0,22,0,22,0,8,47,0,55,17,0,17,72
01/06/2000,ANE,MN,AGL,CE,Federal Contract Tower,0,10,31,0,41,0,4,95,0,99,0,14,126,0,140,178,0,178,318
01/07/2000,ANE,MN,AGL,CE,Federal Contract Tower,0,7,18,0,25,0,3,196,0,199,0,10,214,0,224,224,0,224,448
01/08/2000,ANE,MN,AGL,CE,Federal Contract Tower,0,0,14,0,14,0,0,295,0,295,0,0,309,0,309,404,0,404,713
01/09/2000,ANE,MN,AGL,CE,Federal Contract Tower,0,0,4,0,4,0,0,19,0,19,0,0,23,0,23,0,88,88,111
01/10/2000,ANE,MN,AGL,CE,Federal Contract Tower,0,6,21,0,27,0,5,19,0,24,0,11,40,0,51,22,0,22,73
01/11/2000,ANE,MN,AGL,CE,Federal Contract Tower,0,8,28,0,36,0,1,91,0,92,0,9,119,0,128,96,0,96,224
01/12/2000,ANE,MN,AGL,CE,Federal Contract Tower,0,4,18,0,22,0,0,1,0,1,0,4,19,0,23,0,0,0,23
01/13/2000,ANE,MN,AGL,CE,Federal Contract Tower,0,8,30,0,38,0,8,124,0,132,0,16,154,0,170,270,0,270,440
01/14/2000,ANE,MN,AGL,CE,Federal Contract Tower,0,4,16,0,20,0,2,150,0,152,0,6,166,0,172,238,0,238,410
01/15/2000,ANE,MN,AGL,CE,Federal Contract Tower,0,2,23,0,25,0,0,336,0,336,0,2,359,0,361,398,0,398,759
01/16/2000,ANE,MN,AGL,CE,Federal Contract Tower,0,0,15,0,15,0,0,153,0,153,0,0,168,0,168,236,0,236,404
01/17/2000,ANE,MN,AGL,CE,Federal Contract Tower,0,3,12,0,15,0,2,9,0,11,0,5,21,0,26,48,0,48,74
01/18/2000,ANE,MN,AGL,CE,Federal Contract Tower,0,5,21,0,26,0,2,165,0,167,0,7,186,0,193,228,0,228,421
01/19/2000,ANE,MN,AGL,CE,Federal Contract Tower,0,2,8,0,10,0,6,0,0,6,0,8,8,0,16,0,0,0,16
01/20/2000,ANE,MN,AGL,CE,Federal Contract Tower,0,6,23,0,29,0,2,105,0,107,0,8,128,0,136,162,0,162,298
01/21/2000,ANE,MN,AGL,CE,Federal Contract Tower,0,6,25,0,31,0,0,177,0,177,0,6,202,0,208,144,0,144,352
01/22/2000,ANE,MN,AGL,CE,Federal Contract Tower,0,4,15,0,19,0,0,162,0,162,0,4,177,0,181,230,0,230,411
01/23/2000,ANE,MN,AGL,CE,Federal Contract Tower,0,2,12,0,14,0,5,116,0,121,0,7,128,0,135,180,0,180,315
01/24/2000,ANE,MN,AGL,CE,Federal Contract Tower,0,6,25,0,31,0,2,103,0,105,0,8,128,0,136,150,0,150,286
01/25/2000,ANE,MN,AGL,CE,Federal Contract Tower,0,5,23,0,28,0,4,45,0,49,0,9,68,0,77,160,0,160,237
01/26/2000,ANE,MN,AGL,CE,Federal Contract Tower,0,7,28,0,35,0,3,108,0,111,0,10,136,0,146,224,0,224,370
01/27/2000,ANE,MN,AGL,CE,Federal Contract Tower,0,7,28,0,35,0,5,164,0,169,0,12,192,0,204,192,0,192,396
01/28/2000,ANE,MN,AGL,CE,Federal Contract Tower,0,7,28,0,35,0,9,203,0,212,0,16,231,0,247,272,0,272,519
01/29/2000,ANE,MN,AGL,CE,Federal Contract Tower,0,3,15,0,18,0,4,253,0,257,0,7,268,0,275,330,0,330,605
01/30/2000,ANE,MN,AGL,CE,Federal Contract Tower,0,2,9,0,11,0,0,210,0,210,0,2,219,0,221,254,0,254,475
01/31/2000,ANE,MN,AGL,CE,Federal Contract Tower,0,5,22,0,27,0,12,156,0,168,0,17,178,0,195,226,0,226,421
02/01/2000,ANE,MN,AGL,CE,Federal Contract Tower,0,6,22,0,28,0,0,170,0,170,0,6,192,0,198,234,0,234,432
02/02/2000,ANE,MN,AGL,CE,Federal Contract Tower,0,7,27,0,34,0,2,109,0,111,0,9,136,0,145,210,0,210,355
02/03/2000,ANE,MN,AGL,CE,Federal Contract Tower,0,6,21,0,27,0,3,20,0,23,0,9,41,0,50,4,0,4,54
02/04/2000,ANE,MN,AGL,CE,Federal Contract Tower,0,7,26,0,33,0,9,159,4,172,0,16,185,4,205,176,0,176,381
02/05/2000,ANE,MN,AGL,CE,Federal Contract Tower,0,0,25,0,25,0,0,283,0,283,0,0,308,0,308,364,0,364,672
02/06/2000,ANE,MN,AGL,CE,Federal Contract Tower,0,0,21,0,21,0,0,248,0,248,0,0,269,0,269,406,0,406,675
02/07/2000,ANE,MN,AGL,CE,Federal Contract Tower,0,8,34,0,42,0,1,171,0,172,0,9,205,0,214,330,0,330,544
02/08/2000,ANE,MN,AGL,CE,Federal Contract Tower,0,9,34,0,43,0,4,142,0,146,0,13,176,0,189,262,0,262,451
02/09/2000,ANE,MN,AGL,CE,Federal Contract Tower,0,6,22,0,28,0,6,144,0,150,0,12,166,0,178,300,0,300,478
02/10/2000,ANE,MN,AGL,CE,Federal Contract Tower,0,6,21,0,27,0,12,11,0,23,0,18,32,0,50,44,0,44,94
02/11/2000,ANE,MN,AGL,CE,Federal Contract Tower,0,7,27,0,34,0,4,165,0,169,0,11,192,0,203,208,0,208,411
02/12/2000,ANE,MN,AGL,CE,Federal Contract Tower,0,0,10,0,10,0,0,35,0,35,0,0,45,0,45,54,0,54,99
02/13/2000,ANE,MN,AGL,CE,Federal Contract Tower,0,4,14,0,18,0,2,166,0,168,0,6,180,0,186,240,0,240,426
02/14/2000,ANE,MN,AGL,CE,Federal Contract Tower,0,6,21,0,27,0,5,130,0,135,0,11,151,0,162,180,0,180,342
02/15/2000,ANE,MN,AGL,CE,Federal Contract Tower,0,2,6,0,8,0,9,0,0,9,0,11,6,0,17,0,0,0,17
02/16/2000,ANE,MN,AGL,CE,Federal Contract Tower,0,5,26,0,31,0,8,143,0,151,0,13,169,0,182,152,0,152,334
02/17/2000,ANE,MN,AGL,CE,Federal Contract Tower,0,4,20,0,24,0,8,10,0,18,0,12,30,0,42,8,0,8,50
02/18/2000,ANE,MN,AGL,CE,Federal Contract Tower,0,6,31,0,37,0,5,90,0,95,0,11,121,0,132,192,0,192,324
02/19/2000,ANE,MN,AGL,CE,Federal Contract Tower,0,0,26,0,26,0,0,255,0,255,0,0,281,0,281,382,0,382,663
02/20/2000,ANE,MN,AGL,CE,Federal Contract Tower,0,2,13,0,15,0,0,196,0,196,0,2,209,0,211,306,0,306,517
02/21/2000,ANE,MN,AGL,CE,Federal Contract Tower,0,5,22,0,27,0,4,171,0,175,0,9,193,0,202,220,0,220,422
02/22/2000,ANE,MN,AGL,CE,Federal Contract Tower,0,9,42,0,51,0,11,125,0,136,0,20,167,0,187,222,0,222,409
02/23/2000,ANE,MN,AGL,CE,Federal Contract Tower,0,3,13,0,16,0,7,0,0,7,0,10,13,0,23,0,0,0,23
02/24/2000,ANE,MN,AGL,CE,Federal Contract Tower,0,1,9,0,10,0,0,0,0,0,0,1,9,0,10,0,0,0,10
02/25/2000,ANE,MN,AGL,CE,Federal Contract Tower,0,5,35,0,40,0,0,15,0,15,0,5,50,0,55,112,0,112,167
02/26/2000,ANE,MN,AGL,CE,Federal Contract Tower,0,1,13,0,14,0,0,43,0,43,0,1,56,0,57,72,0,72,129
02/27/2000,ANE,MN,AGL,CE,Federal Contract Tower,0,0,16,0,16,0,0,208,0,208,0,0,224,0,224,206,0,206,430
02/28/2000,ANE,MN,AGL,CE,Federal Contract Tower,0,4,21,0,25,0,6,108,0,114,0,10,129,0,139,48,0,48,187
02/29/2000,ANE,MN,AGL,CE,Federal Contract Tower,0,8,38,0,46,0,3,189,0,192,0,11,227,0,238,276,0,276,514
03/01/2000,ANE,MN,AGL,CE,Federal Contract Tower,0,7,35,0,42,0,2,168,0,170,0,9,203,0,212,296,0,296,508
03/02/2000,ANE,MN,AGL,CE,Federal Contract Tower,0,7,38,0,45,0,3,232,0,235,0,10,270,0,280,356,0,356,636
03/03/2000,ANE,MN,AGL,CE,Federal Contract Tower,0,7,33,0,40,0,1,242,0,243,0,8,275,0,283,344,0,344,627
03/04/2000,ANE,MN,AGL,CE,Federal Contract Tower,0,0,14,0,14,0,0,414,0,414,0,0,428,0,428,726,0,726,1154
03/05/2000,ANE,MN,AGL,CE,Federal Contract Tower,0,0,16,0,16,0,0,433,0,433,0,0,449,0,449,568,0,568,1017
03/06/2000,ANE,MN,AGL,CE,Federal Contract Tower,0,6,32,0,38,0,4,130,0,134,0,10,162,0,172,142,0,142,314
03/07/2000,ANE,MN,AGL,CE,Federal Contract Tower,0,8,46,0,54,0,0,287,0,287,0,8,333,0,341,360,0,360,701
03/08/2000,ANE,MN,AGL,CE,Federal Contract Tower,0,5,24,0,29,0,3,74,0,77,0,8,98,0,106,192,0,192,298
03/09/2000,ANE,MN,AGL,CE,Federal Contract Tower,0,4,16,0,20,0,4,72,0,76,0,8,88,0,96,74,0,74,170
03/10/2000,ANE,MN,AGL,CE,Federal Contract Tower,0,4,19,0,23,0,1,160,0,161,0,5,179,0,184,190,0,190,374
03/11/2000,ANE,MN,AGL,CE,Federal Contract Tower,0,4,28,0,32,0,0,310,0,310,0,4,338,0,342,324,0,324,666
03/12/2000,ANE,MN,AGL,CE,Federal Contract Tower,0,2,24,0,26,0,0,181,0,181,0,2,205,0,207,446,0,446,653
03/13/2000,ANE,MN,AGL,CE,Federal Contract Tower,0,6,31,0,37,0,3,120,0,123,0,9,151,0,160,240,0,240,400
03/14/2000,ANE,MN,AGL,CE,Federal Contract Tower,0,8,45,0,53,0,3,159,0,162,0,11,204,0,215,364,0,364,579
03/15/2000,ANE,MN,AGL,CE,Federal Contract Tower,0,4,23,0,27,0,4,101,0,105,0,8,124,0,132,224,0,224,356
03/16/2000,ANE,MN,AGL,CE,Federal Contract Tower,0,6,39,0,45,0,6,179,0,185,0,12,218,0,230,320,0,320,550
03/17/2000,ANE,MN,AGL,CE,Federal Contract Tower,0,4,25,0,29,0,12,152,0,164,0,16,177,0,193,182,0,182,375
03/18/2000,ANE,MN,AGL,CE,Federal Contract Tower,0,0,23,0,23,0,0,29,0,29,0,0,52,0,52,140,0,140,192
03/19/2000,ANE,MN,AGL,CE,Federal Contract Tower,0,0,10,0,10,0,0,23,0,23,0,0,33,0,33,84,0,84,117
03/20/2000,ANE,MN,AGL,CE,Federal Contract Tower,0,9,50,0,59,0,8,122,0,130,0,17,172,0,189,318,0,318,507
03/21/2000,ANE,MN,AGL,CE,Federal Contract Tower,0,10,56,0,66,0,0,77,0,77,0,10,133,0,143,306,0,306,449
03/22/2000,ANE,MN,AGL,CE,Federal Contract Tower,0,10,61,0,71,0,0,132,0,132,0,10,193,0,203,306,0,306,509
03/23/2000,ANE,MN,AGL,CE,Federal Contract Tower,0,8,46,0,54,0,8,162,0,170,0,16,208,0,224,238,0,238,462
03/24/2000,ANE,MN,AGL,CE,Federal Contract Tower,0,3,47,0,50,0,0,5,0,5,0,3,52,0,55,10,0,10,65
03/25/2000,ANE,MN,AGL,CE,Federal Contract Tower,0,0,12,0,12,0,0,151,0,151,0,0,163,0,163,132,0,132,295
03/26/2000,ANE,MN,AGL,CE,Federal Contract Tower,0,0,22,0,22,0,0,130,0,130,0,0,152,0,152,160,0,160,312
03/27/2000,ANE,MN,AGL,CE,Federal Contract Tower,0,3,23,0,26,0,7,58,0,65,0,10,81,0,91,58,0,58,149
03/28/2000,ANE,MN,AGL,CE,Federal Contract Tower,0,3,20,0,23,0,4,193,0,197,0,7,213,0,220,196,0,196,416
03/29/2000,ANE,MN,AGL,CE,Federal Contract Tower,0,6,35,0,41,0,7,258,0,265,0,13,293,0,306,290,0,290,596
03/30/2000,ANE,MN,AGL,CE,Federal Contract Tower,0,6,37,0,43,0,1,223,0,224,0,7,260,0,267,324,0,324,591
03/31/2000,ANE,MN,AGL,CE,Federal Contract Tower,0,5,31,0,36,0,4,168,0,172,0,9,199,0,208,236,0,236,444
04/01/2000,ANE,MN,AGL,CE,Federal Contract Tower,0,5,24,0,29,0,1,268,0,269,0,6,292,0,298,434,0,434,732
04/02/2000,ANE,MN,AGL,CE,Federal Contract Tower,0,0,17,0,17,0,0,132,0,132,0,0,149,0,149,236,0,236,385
04/03/2000,ANE,MN,AGL,CE,Federal Contract Tower,0,4,16,0,20,0,9,38,0,47,0,13,54,0,67,10,0,10,77
04/04/2000,ANE,MN,AGL,CE,Federal Contract Tower,0,6,26,0,32,0,1,194,0,195,0,7,220,0,227,194,0,194,421
04/05/2000,ANE,MN,AGL,CE,Federal Contract Tower,0,5,22,0,27,0,1,88,0,89,0,6,110,0,116,106,0,106,222
04/06/2000,ANE,MN,AGL,CE,Federal Contract Tower,0,7,29,0,36,0,10,181,0,191,0,17,210,0,227,222,0,222,449
04/07/2000,ANE,MN,AGL,CE,Federal Contract Tower,0,6,28,0,34,0,13,98,0,111,0,19,126,0,145,164,0,164,309
04/08/2000,ANE,MN,AGL,CE,Federal Contract Tower,0,4,21,0,25,0,0,233,0,233,0,4,254,0,258,306,0,306,564
04/09/2000,ANE,MN,AGL,CE,Federal Contract Tower,0,0,24,0,24,0,0,210,0,210,0,0,234,0,234,298,0,298,532
04/10/2000,ANE,MN,AGL,CE,Federal Contract Tower,0,7,30,0,37,0,1,159,0,160,0,8,189,0,197,248,0,248,445
04/11/2000,ANE,MN,AGL,CE,Federal Contract Tower,0,6,27,0,33,0,7,115,4,126,0,13,142,4,159,188,0,188,347
04/12/2000,ANE,MN,AGL,CE,Federal Contract Tower,0,6,24,0,30,0,2,118,0,120,0,8,142,0,150,200,0,200,350
04/13/2000,ANE,MN,AGL,CE,Federal Contract Tower,0,7,39,1,47,0,0,226,1,227,0,7,265,2,274,404,0,404,678
04/14/2000,ANE,MN,AGL,CE,Federal Contract Tower,0,4,28,0,32,0,0,176,0,176,0,4,204,0,208,346,0,346,554
04/15/2000,ANE,MN,AGL,CE,Federal Contract Tower,0,0,4,0,4,0,2,16,0,18,0,2,20,0,22,36,0,36,58
04/16/2000,ANE,MN,AGL,CE,Federal Contract Tower,0,0,2,0,2,0,0,1,0,1,0,0,3,0,3,0,0,0,3
04/17/2000,ANE,MN,AGL,CE,Federal Contract Tower,0,8,42,0,50,0,0,19,0,19,0,8,61,0,69,0,0,0,69
04/18/2000,ANE,MN,AGL,CE,Federal Contract Tower,0,12,62,1,75,0,7,32,0,39,0,19,94,1,114,64,0,64,178
04/19/2000,ANE,MN,AGL,CE,Federal Contract Tower,0,4,21,0,25,0,9,24,0,33,0,13,45,0,58,2,0,2,60
04/20/2000,ANE,MN,AGL,CE,Federal Contract Tower,0,4,25,0,29,0,3,21,1,25,0,7,46,1,54,32,0,32,86
04/21/2000,ANE,MN,AGL,CE,Federal Contract Tower,0,1,33,0,34,0,0,320,0,320,0,1,353,0,354,566,0,566,920
04/22/2000,ANE,MN,AGL,CE,Federal Contract Tower,0,0,24,0,24,0,0,339,0,339,0,0,363,0,363,354,0,354,717
04/23/2000,ANE,MN,AGL,CE,Federal Contract Tower,0,3,17,0,20,0,9,259,2,270,0,12,276,2,290,308,0,308,598
04/24/2000,ANE,MN,AGL,CE,Federal Contract Tower,0,6,34,0,40,0,7,259,0,266,0,13,293,0,306,394,0,394,700
04/25/2000,ANE,MN,AGL,CE,Federal Contract Tower,0,7,34,0,41,0,13,233,2,248,0,20,267,2,289,322,0,322,611
04/26/2000,ANE,MN,AGL,CE,Federal Contract Tower,0,8,44,0,52,0,5,265,2,272,0,13,309,2,324,396,0,396,720
04/27/2000,ANE,MN,AGL,CE,Federal Contract Tower,0,6,34,0,40,0,8,244,0,252,0,14,278,0,292,362,0,362,654
04/28/2000,ANE,MN,AGL,CE,Federal Contract Tower,0,6,33,0,39,0,4,234,0,238,0,10,267,0,277,198,0,198,475
04/29/2000,ANE,MN,AGL,CE,Federal Contract Tower,0,3,15,0,18,0,1,322,0,323,0,4,337,0,341,460,0,460,801
04/30/2000,ANE,MN,AGL,CE,Federal Contract Tower,0,0,17,0,17,0,0,255,2,257,0,0,272,2,274,330,2,332,606
05/01/2000,ANE,MN,AGL,CE,Federal Contract Tower,0,5,20,0,25,0,7,159,0,166,0,12,179,0,191,234,0,234,425
05/02/2000,ANE,MN,AGL,CE,Federal Contract Tower,0,9,35,0,44,0,1,287,4,292,0,10,322,4,336,504,0,504,840
05/03/2000,ANE,MN,AGL,CE,Federal Contract Tower,0,9,35,0,44,0,1,133,2,136,0,10,168,2,180,244,0,244,424
05/04/2000,ANE,MN,AGL,CE,Federal Contract Tower,0,7,25,0,32,0,3,242,0,245,0,10,267,0,277,448,0,448,725
05/05/2000,ANE,MN,AGL,CE,Federal Contract Tower,0,8,29,0,37,0,4,218,0,222,0,12,247,0,259,352,0,352,611
05/06/2000,ANE,MN,AGL,CE,Federal Contract Tower,0,0,11,0,11,0,0,246,0,246,0,0,257,0,257,264,0,264,521
05/07/2000,ANE,MN,AGL,CE,Federal Contract Tower,0,1,21,0,22,0,0,226,0,226,0,1,247,0,248,376,0,376,624
05/08/2000,ANE,MN,AGL,CE,Federal Contract Tower,0,11,55,0,66,0,0,72,2,74,0,11,127,2,140,124,0,124,264
05/09/2000,ANE,MN,AGL,CE,Federal Contract Tower,0,11,45,0,56,0,0,213,0,213,0,11,258,0,269,334,0,334,603
05/10/2000,ANE,MN,AGL,CE,Federal Contract Tower,0,8,29,0,37,0,3,128,0,131,0,11,157,0,168,268,0,268,436
05/11/2000,ANE,MN,AGL,CE,Federal Contract Tower,0,13,50,0,63,0,4,57,0,61,0,17,107,0,124,84,0,84,208
05/12/2000,ANE,MN,AGL,CE,Federal Contract Tower,0,6,23,0,29,0,11,170,0,181,0,17,193,0,210,220,0,220,430
05/13/2000,ANE,MN,AGL,CE,Federal Contract Tower,0,3,12,0,15,0,6,40,0,46,0,9,52,0,61,66,0,66,127
05/14/2000,ANE,MN,AGL,CE,Federal Contract Tower,0,2,12,0,14,0,0,248,2,250,0,2,260,2,264,358,0,358,622
05/15/2000,ANE,MN,AGL,CE,Federal Contract Tower,0,8,29,0,37,0,1,187,2,190,0,9,216,2,227,292,0,292,519
05/16/2000,ANE,MN,AGL,CE,Federal Contract Tower,0,9,33,0,42,0,1,169,0,170,0,10,202,0,212,354,0,354,566
05/17/2000,ANE,MN,AGL,CE,Federal Contract Tower,0,8,31,0,39,0,5,82,2,89,0,13,113,2,128,186,0,186,314
05/18/2000,ANE,MN,AGL,CE,Federal Contract Tower,0,8,32,1,41,0,10,62,1,73,0,18,94,2,114,66,10,76,190
05/19/2000,ANE,MN,AGL,CE,Federal Contract Tower,0,8,36,0,44,0,3,306,2,311,0,11,342,2,355,364,0,364,719
05/20/2000,ANE,MN,AGL,CE,Federal Contract Tower,0,1,6,0,7,0,0,639,6,645,0,1,645,6,652,876,0,876,1528
05/21/2000,ANE,MN,AGL,CE,Federal Contract Tower,0,1,15,0,16,0,0,612,8,620,0,1,627,8,636,1112,0,1112,1748
05/22/2000,ANE,MN,AGL,CE,Federal Contract Tower,0,6,25,0,31,0,4,247,0,251,0,10,272,0,282,440,8,448,730
05/23/2000,ANE,MN,AGL,CE,Federal Contract Tower,0,4,21,0,25,0,4,202,0,206,0,8,223,0,231,326,0,326,557
05/24/2000,ANE,MN,AGL,CE,Federal Contract Tower,0,6,27,0,33,0,9,90,2,101,0,15,117,2,134,50,0,50,184
05/25/2000,ANE,MN,AGL,CE,Federal Contract Tower,0,6,29,0,35,0,2,338,6,346,0,8,367,6,381,328,0,328,709
05/26/2000,ANE,MN,AGL,CE,Federal Contract Tower,0,8,36,0,44,0,3,204,0,207,0,11,240,0,251,362,2,364,615
05/27/2000,ANE,MN,AGL,CE,Federal Contract Tower,0,1,12,0,13,0,0,34,0,34,0,1,46,0,47,40,0,40,87
05/28/2000,ANE,MN,AGL,CE,Federal Contract Tower,0,0,22,0,22,0,0,142,0,142,0,0,164,0,164,226,0,226,390
05/29/2000,ANE,MN,AGL,CE,Federal Contract Tower,0,0,17,0,17,0,0,179,0,179,0,0,196,0,196,306,0,306,502
05/30/2000,ANE,MN,AGL,CE,Federal Contract Tower,0,12,50,0,62,0,1,40,0,41,0,13,90,0,103,188,0,188,291
05/31/2000,ANE,MN,AGL,CE,Federal Contract Tower,0,8,37,0,45,0,5,225,4,234,0,13,262,4,279,344,0,344,623
06/01/2000,ANE,MN,AGL,CE,Federal Contract Tower,0,8,32,0,40,0,7,34,2,43,0,15,66,2,83,66,2,68,151
06/02/2000,ANE,MN,AGL,CE,Federal Contract Tower,0,7,33,0,40,0,0,313,2,315,0,7,346,2,355,448,0,448,803
06/03/2000,ANE,MN,AGL,CE,Federal Contract Tower,0,4,23,0,27,0,0,301,0,301,0,4,324,0,328,502,0,502,830
06/04/2000,ANE,MN,AGL,CE,Federal Contract Tower,0,0,28,0,28,0,0,10,0,10,0,0,38,0,38,22,0,22,60
06/05/2000,ANE,MN,AGL,CE,Federal Contract Tower,0,7,31,0,38,0,7,282,0,289,0,14,313,0,327,308,0,308,635
06/06/2000,ANE,MN,AGL,CE,Federal Contract Tower,0,10,45,0,55,0,5,269,10,284,0,15,314,10,339,316,0,316,655
06/07/2000,ANE,MN,AGL,CE,Federal Contract Tower,0,7,27,0,34,0,3,179,2,184,0,10,206,2,218,368,2,370,588
06/08/2000,ANE,MN,AGL,CE,Federal Contract Tower,0,10,45,0,55,0,3,205,0,208,0,13,250,0,263,240,2,242,505
06/09/2000,ANE,MN,AGL,CE,Federal Contract Tower,0,5,21,0,26,0,3,141,1,145,0,8,162,1,171,238,0,238,409
06/10/2000,ANE,MN,AGL,CE,Federal Contract Tower,0,2,13,0,15,0,0,195,0,195,0,2,208,0,210,220,0,220,430
06/11/2000,ANE,MN,AGL,CE,Federal Contract Tower,0,2,25,0,27,0,0,261,0,261,0,2,286,0,288,308,0,308,596
06/12/2000,ANE,MN,AGL,CE,Federal Contract Tower,0,10,49,1,60,0,8,113,0,121,0,18,162,1,181,222,0,222,403
06/13/2000,ANE,MN,AGL,CE,Federal Contract Tower,0,7,35,0,42,0,3,22,0,25,0,10,57,0,67,30,0,30,97
06/14/2000,ANE,MN,AGL,CE,Federal Contract Tower,0,8,37,0,45,0,6,141,0,147,0,14,178,0,192,194,2,196,388
06/15/2000,ANE,MN,AGL,CE,Federal Contract Tower,0,6,32,0,38,0,6,133,0,139,0,12,165,0,177,252,0,252,429
06/16/2000,ANE,MN,AGL,CE,Federal Contract Tower,0,9,47,0,56,0,7,209,1,217,0,16,256,1,273,438,0,438,711
06/17/2000,ANE,MN,AGL,CE,Federal Contract Tower,0,4,31,0,35,0,0,361,0,361,0,4,392,0,396,600,0,600,996
06/18/2000,ANE,MN,AGL,CE,Federal Contract Tower,0,1,24,0,25,0,0,240,1,241,0,1,264,1,266,364,4,368,634
06/19/2000,ANE,MN,AGL,CE,Federal Contract Tower,0,7,37,0,44,0,8,173,0,181,0,15,210,0,225,190,0,190,415
06/20/2000,ANE,MN,AGL,CE,Federal Contract Tower,0,8,38,0,46,0,4,119,0,123,0,12,157,0,169,288,0,288,457
06/21/2000,ANE,MN,AGL,CE,Federal Contract Tower,0,9,42,0,51,0,7,80,0,87,0,16,122,0,138,78,0,78,216
06/22/2000,ANE,MN,AGL,CE,Federal Contract Tower,0,5,25,0,30,0,8,311,0,319,0,13,336,0,349,348,2,350,699
06/23/2000,ANE,MN,AGL,CE,Federal Contract Tower,0,7,37,0,44,0,3,202,0,205,0,10,239,0,249,346,0,346,595
06/24/2000,ANE,MN,AGL,CE,Federal Contract Tower,0,0,16,0,16,0,0,284,0,284,0,0,300,0,300,580,0,580,880
06/25/2000,ANE,MN,AGL,CE,Federal Contract Tower,0,0,17,0,17,0,0,219,0,219,0,0,236,0,236,360,0,360,596
06/26/2000,ANE,MN,AGL,CE,Federal Contract Tower,0,6,29,0,35,0,6,146,0,152,0,12,175,0,187,194,2,196,383
06/27/2000,ANE,MN,AGL,CE,Federal Contract Tower,0,7,36,0,43,0,7,256,0,263,0,14,292,0,306,404,0,404,710
06/28/2000,ANE,MN,AGL,CE,Federal Contract Tower,0,10,47,0,57,0,7,214,2,223,0,17,261,2,280,294,0,294,574
06/29/2000,ANE,MN,AGL,CE,Federal Contract Tower,0,9,46,0,55,0,1,312,0,313,0,10,358,0,368,408,4,412,780
06/30/2000,ANE,MN,AGL,CE,Federal Contract Tower,0,7,34,0,41,0,3,275,0,278,0,10,309,0,319,432,0,432,751
07/01/2000,ANE,MN,AGL,CE,Federal Contract Tower,0,4,15,0,19,0,0,171,0,171,0,4,186,0,190,290,0,290,480
07/02/2000,ANE,MN,AGL,CE,Federal Contract Tower,0,4,14,0,18,0,0,170,0,170,0,4,184,0,188,316,0,316,504
07/03/2000,ANE,MN,AGL,CE,Federal Contract Tower,0,10,39,0,49,0,1,89,0,90,0,11,128,0,139,166,0,166,305
07/04/2000,ANE,MN,AGL,CE,Federal Contract Tower,0,3,13,0,16,0,1,263,0,264,0,4,276,0,280,442,0,442,722
07/05/2000,ANE,MN,AGL,CE,Federal Contract Tower,0,8,32,0,40,0,1,147,0,148,0,9,179,0,188,212,0,212,400
07/06/2000,ANE,MN,AGL,CE,Federal Contract Tower,0,9,38,0,47,0,1,179,0,180,0,10,217,0,227,350,0,350,577
07/07/2000,ANE,MN,AGL,CE,Federal Contract Tower,0,5,21,0,26,0,5,66,0,71,0,10,87,0,97,162,0,162,259
07/08/2000,ANE,MN,AGL,CE,Federal Contract Tower,0,5,18,0,23,0,1,270,0,271,0,6,288,0,294,412,0,412,706
07/09/2000,ANE,MN,AGL,CE,Federal Contract Tower,0,0,26,0,26,0,0,243,0,243,0,0,269,0,269,380,0,380,649
07/10/2000,ANE,MN,AGL,CE,Federal Contract Tower,0,7,29,0,36,0,6,337,0,343,0,13,366,0,379,424,0,424,803
07/11/2000,ANE,MN,AGL,CE,Federal Contract Tower,0,8,36,0,44,0,3,272,2,277,0,11,308,2,321,322,6,328,649
07/12/2000,ANE,MN,AGL,CE,Federal Contract Tower,0,9,36,0,45,0,5,227,2,234,0,14,263,2,279,334,0,334,613
07/13/2000,ANE,MN,AGL,CE,Federal Contract Tower,0,7,31,0,38,0,13,252,4,269,0,20,283,4,307,342,0,342,649
07/14/2000,ANE,MN,AGL,CE,Federal Contract Tower,0,7,31,0,38,0,2,305,0,307,0,9,336,0,345,276,0,276,621
07/15/2000,ANE,MN,AGL,CE,Federal Contract Tower,0,0,29,0,29,0,0,371,0,371,0,0,400,0,400,362,0,362,762
07/16/2000,ANE,MN,AGL,CE,Federal Contract Tower,0,0,27,0,27,0,0,286,0,286,0,0,313,0,313,258,0,258,571
07/17/2000,ANE,MN,AGL,CE,Federal Contract Tower,0,7,33,0,40,0,1,181,0,182,0,8,214,0,222,290,0,290,512
07/18/2000,ANE,MN,AGL,CE,Federal Contract Tower,0,7,33,0,40,0,13,162,0,175,0,20,195,0,215,276,0,276,491
07/19/2000,ANE,MN,AGL,CE,Federal Contract Tower,0,8,39,0,47,0,14,254,2,270,0,22,293,2,317,390,0,390,707
07/20/2000,ANE,MN,AGL,CE,Federal Contract Tower,0,7,37,0,44,0,8,185,0,193,0,15,222,0,237,298,0,298,535
07/21/2000,ANE,MN,AGL,CE,Federal Contract Tower,0,9,44,0,53,0,2,313,0,315,0,11,357,0,368,420,0,420,788
07/22/2000,ANE,MN,AGL,CE,Federal Contract Tower,0,2,14,0,16,0,0,340,0,340,0,2,354,0,356,504,0,504,860
07/23/2000,ANE,MN,AGL,CE,Federal Contract Tower,0,1,23,0,24,0,0,274,0,274,0,1,297,0,298,248,0,248,546
07/24/2000,ANE,MN,AGL,CE,Federal Contract Tower,0,5,27,0,32,0,1,189,0,190,0,6,216,0,222,260,0,260,482
07/25/2000,ANE,MN,AGL,CE,Federal Contract Tower,0,5,23,0,28,0,13,126,0,139,0,18,149,0,167,268,0,268,435
07/26/2000,ANE,MN,AGL,CE,Federal Contract Tower,0,8,40,0,48,0,5,240,0,245,0,13,280,0,293,362,0,362,655
07/27/2000,ANE,MN,AGL,CE,Federal Contract Tower,0,9,46,0,55,0,9,227,0,236,0,18,273,0,291,276,0,276,567
07/28/2000,ANE,MN,AGL,CE,Federal Contract Tower,0,9,41,0,50,0,4,143,0,147,0,13,184,0,197,292,0,292,489
07/29/2000,ANE,MN,AGL,CE,Federal Contract Tower,0,2,31,0,33,0,0,196,0,196,0,2,227,0,229,224,6,230,459
07/30/2000,ANE,MN,AGL,CE,Federal Contract Tower,0,4,23,0,27,0,1,304,0,305,0,5,327,0,332,312,0,312,644
07/31/2000,ANE,MN,AGL,CE,Federal Contract Tower,0,7,34,0,41,0,3,219,0,222,0,10,253,0,263,254,0,254,517
08/01/2000,ANE,MN,AGL,CE,Federal Contract Tower,0,12,42,0,54,0,6,179,0,185,0,18,221,0,239,268,0,268,507
08/02/2000,ANE,MN,AGL,CE,Federal Contract Tower,0,8,30,0,38,0,1,265,0,266,0,9,295,0,304,470,0,470,774
08/03/2000,ANE,MN,AGL,CE,Federal Contract Tower,0,10,37,0,47,0,4,231,0,235,0,14,268,0,282,398,0,398,680
08/04/2000,ANE,MN,AGL,CE,Federal Contract Tower,0,9,32,0,41,0,3,281,0,284,0,12,313,0,325,442,10,452,777
08/05/2000,ANE,MN,AGL,CE,Federal Contract Tower,0,3,21,0,24,0,0,128,0,128,0,3,149,0,152,138,0,138,290
08/06/2000,ANE,MN,AGL,CE,Federal Contract Tower,0,5,41,0,46,0,0,180,0,180,0,5,221,0,226,162,0,162,388
08/07/2000,ANE,MN,AGL,CE,Federal Contract Tower,0,8,27,0,35,0,17,216,2,235,0,25,243,2,270,340,0,340,610
08/08/2000,ANE,MN,AGL,CE,Federal Contract Tower,0,11,40,0,51,0,1,261,2,264,0,12,301,2,315,360,0,360,675
08/09/2000,ANE,MN,AGL,CE,Federal Contract Tower,0,7,26,0,33,0,4,259,0,263,0,11,285,0,296,448,0,448,744
08/10/2000,ANE,MN,AGL,CE,Federal Contract Tower,0,12,41,0,53,0,4,346,2,352,0,16,387,2,405,362,0,362,767
08/11/2000,ANE,MN,AGL,CE,Federal Contract Tower,0,7,25,0,32,0,4,282,0,286,0,11,307,0,318,378,0,378,696
08/12/2000,ANE,MN,AGL,CE,Federal Contract Tower,0,2,10,0,12,0,0,121,0,121,0,2,131,0,133,164,0,164,297
08/13/2000,ANE,MN,AGL,CE,Federal Contract Tower,0,0,20,0,20,0,0,314,0,314,0,0,334,0,334,130,0,130,464
08/14/2000,ANE,MN,AGL,CE,Federal Contract Tower,0,9,35,0,44,0,7,157,0,164,0,16,192,0,208,160,0,160,368
08/15/2000,ANE,MN,AGL,CE,Federal Contract Tower,0,9,36,0,45,0,4,248,0,252,0,13,284,0,297,314,0,314,611
08/16/2000,ANE,MN,AGL,CE,Federal Contract Tower,0,8,31,0,39,0,9,145,0,154,0,17,176,0,193,116,0,116,309
08/17/2000,ANE,MN,AGL,CE,Federal Contract Tower,0,13,50,0,63,0,0,142,0,142,0,13,192,0,205,182,0,182,387
08/18/2000,ANE,MN,AGL,CE,Federal Contract Tower,0,8,32,0,40,0,6,286,0,292,0,14,318,0,332,368,0,368,700
08/19/2000,ANE,MN,AGL,CE,Federal Contract Tower,0,2,16,0,18,0,0,325,0,325,0,2,341,0,343,281,2,283,626
08/20/2000,ANE,MN,AGL,CE,Federal Contract Tower,0,2,24,0,26,0,0,182,0,182,0,2,206,0,208,200,0,200,408
08/21/2000,ANE,MN,AGL,CE,Federal Contract Tower,0,9,35,0,44,0,5,184,0,189,0,14,219,0,233,376,0,376,609
08/22/2000,ANE,MN,AGL,CE,Federal Contract Tower,0,8,33,0,41,0,4,125,0,129,0,12,158,0,170,224,0,224,394
08/23/2000,ANE,MN,AGL,CE,Federal Contract Tower,0,10,39,0,49,0,8,231,0,239,0,18,270,0,288,350,0,350,638
08/24/2000,ANE,MN,AGL,CE,Federal Contract Tower,0,10,39,0,49,0,9,257,0,266,0,19,296,0,315,374,0,374,689
08/25/2000,ANE,MN,AGL,CE,Federal Contract Tower,0,12,49,0,61,0,3,94,0,97,0,15,143,0,158,218,0,218,376
08/26/2000,ANE,MN,AGL,CE,Federal Contract Tower,0,4,20,0,24,0,0,208,4,212,0,4,228,4,236,266,0,266,502
08/27/2000,ANE,MN,AGL,CE,Federal Contract Tower,0,7,27,0,34,0,1,233,0,234,0,8,260,0,268,308,0,308,576
08/28/2000,ANE,MN,AGL,CE,Federal Contract Tower,0,12,47,0,59,0,3,52,0,55,0,15,99,0,114,70,0,70,184
08/29/2000,ANE,MN,AGL,CE,Federal Contract Tower,0,11,46,0,57,0,7,242,0,249,0,18,288,0,306,356,0,356,662
08/30/2000,ANE,MN,AGL,CE,Federal Contract Tower,0,7,27,0,34,0,6,92,0,98,0,13,119,0,132,86,0,86,218
08/31/2000,ANE,MN,AGL,CE,Federal Contract Tower,0,10,39,0,49,0,9,136,0,145,0,19,175,0,194,264,0,264,458
09/01/2000,ANE,MN,AGL,CE,Federal Contract Tower,0,8,56,0,64,0,0,84,0,84,0,8,140,0,148,156,0,156,304
09/02/2000,ANE,MN,AGL,CE,Federal Contract Tower,0,0,20,0,20,0,0,20,0,20,0,0,40,0,40,26,0,26,66
09/03/2000,ANE,MN,AGL,CE,Federal Contract Tower,0,0,17,0,17,0,0,159,0,159,0,0,176,0,176,232,0,232,408
09/04/2000,ANE,MN,AGL,CE,Federal Contract Tower,0,1,24,0,25,0,0,256,0,256,0,1,280,0,281,290,0,290,571
09/05/2000,ANE,MN,AGL,CE,Federal Contract Tower,0,7,28,0,35,0,10,265,0,275,0,17,293,0,310,284,0,284,594
09/06/2000,ANE,MN,AGL,CE,Federal Contract Tower,0,8,32,0,40,0,6,174,0,180,0,14,206,0,220,200,0,200,420
09/07/2000,ANE,MN,AGL,CE,Federal Contract Tower,0,11,43,0,54,0,9,179,0,188,0,20,222,0,242,332,0,332,574
09/08/2000,ANE,MN,AGL,CE,Federal Contract Tower,0,8,30,0,38,0,0,231,1,232,0,8,261,1,270,254,0,254,524
09/09/2000,ANE,MN,AGL,CE,Federal Contract Tower,0,3,11,0,14,0,2,161,0,163,0,5,172,0,177,224,0,224,401
09/10/2000,ANE,MN,AGL,CE,Federal Contract Tower,0,3,17,0,20,0,0,404,0,404,0,3,421,0,424,378,0,378,802
09/11/2000,ANE,MN,AGL,CE,Federal Contract Tower,0,6,23,0,29,0,8,209,0,217,0,14,232,0,246,244,0,244,490
09/12/2000,ANE,MN,AGL,CE,Federal Contract Tower,0,9,33,0,42,0,7,220,2,229,0,16,253,2,271,402,2,404,675
09/13/2000,ANE,MN,AGL,CE,Federal Contract Tower,0,10,36,0,46,0,4,246,0,250,0,14,282,0,296,370,4,374,670
09/14/2000,ANE,MN,AGL,CE,Federal Contract Tower,0,8,32,0,40,0,0,139,0,139,0,8,171,0,179,140,10,150,329
09/15/2000,ANE,MN,AGL,CE,Federal Contract Tower,0,6,26,0,32,0,6,291,0,297,0,12,317,0,329,338,2,340,669
09/16/2000,ANE,MN,AGL,CE,Federal Contract Tower,0,4,17,0,21,0,5,291,0,296,0,9,308,0,317,398,0,398,715
09/17/2000,ANE,MN,AGL,CE,Federal Contract Tower,0,2,11,0,13,0,2,330,0,332,0,4,341,0,345,238,6,244,589
09/18/2000,ANE,MN,AGL,CE,Federal Contract Tower,0,5,24,0,29,0,4,82,2,88,0,9,106,2,117,58,0,58,175
09/19/2000,ANE,MN,AGL,CE,Federal Contract Tower,0,9,38,0,47,0,2,178,6,186,0,11,216,6,233,272,2,274,507
09/20/2000,ANE,MN,AGL,CE,Federal Contract Tower,0,7,29,0,36,0,6,123,4,133,0,13,152,4,169,158,4,162,331
09/21/2000,ANE,MN,AGL,CE,Federal Contract Tower,0,8,35,0,43,0,0,219,0,219,0,8,254,0,262,312,2,314,576
09/22/2000,ANE,MN,AGL,CE,Federal Contract Tower,0,7,30,0,37,0,6,72,0,78,0,13,102,0,115,58,0,58,173
09/23/2000,ANE,MN,AGL,CE,Federal Contract Tower,0,0,27,0,27,0,0,91,6,97,0,0,118,6,124,274,0,274,398
09/24/2000,ANE,MN,AGL,CE,Federal Contract Tower,0,0,23,0,23,0,0,344,0,344,0,0,367,0,367,328,0,328,695
09/25/2000,ANE,MN,AGL,CE,Federal Contract Tower,0,8,35,0,43,0,10,217,2,229,0,18,252,2,272,348,0,348,620
09/26/2000,ANE,MN,AGL,CE,Federal Contract Tower,0,10,45,0,55,0,5,250,0,255,0,15,295,0,310,420,6,426,736
09/27/2000,ANE,MN,AGL,CE,Federal Contract Tower,0,6,29,0,35,0,8,167,0,175,0,14,196,0,210,324,0,324,534
09/28/2000,ANE,MN,AGL,CE,Federal Contract Tower,0,8,36,0,44,0,4,208,0,212,0,12,244,0,256,356,4,360,616
09/29/2000,ANE,MN,AGL,CE,Federal Contract Tower,0,4,19,0,23,0,10,118,0,128,0,14,137,0,151,82,0,82,233
09/30/2000,ANE,MN,AGL,CE,Federal Contract Tower,0,0,17,0,17,0,0,335,0,335,0,0,352,0,352,298,0,298,650
10/01/2000,ANE,MN,AGL,CE,Federal Contract Tower,0,1,13,0,14,0,0,193,0,193,0,1,206,0,207,160,0,160,367
10/02/2000,ANE,MN,AGL,CE,Federal Contract Tower,0,6,22,0,28,0,11,155,0,166,0,17,177,0,194,226,0,226,420
10/03/2000,ANE,MN,AGL,CE,Federal Contract Tower,0,6,24,0,30,0,6,178,0,184,0,12,202,0,214,318,2,320,534
10/04/2000,ANE,MN,AGL,CE,Federal Contract Tower,0,6,26,0,32,0,2,214,2,218,0,8,240,2,250,312,4,316,566
10/05/2000,ANE,MN,AGL,CE,Federal Contract Tower,0,6,22,0,28,0,7,123,0,130,0,13,145,0,158,230,2,232,390
10/06/2000,ANE,MN,AGL,CE,Federal Contract Tower,0,6,28,0,34,0,0,112,0,112,0,6,140,0,146,222,0,222,368
10/07/2000,ANE,MN,AGL,CE,Federal Contract Tower,0,2,9,0,11,0,0,136,0,136,0,2,145,0,147,218,0,218,365
10/08/2000,ANE,MN,AGL,CE,Federal Contract Tower,0,3,13,0,16,0,1,222,0,223,0,4,235,0,239,175,0,175,414
10/09/2000,ANE,MN,AGL,CE,Federal Contract Tower,0,6,28,0,34,0,0,172,0,172,0,6,200,0,206,288,0,288,494
10/10/2000,ANE,MN,AGL,CE,Federal Contract Tower,0,6,28,0,34,0,4,223,0,227,0,10,251,0,261,306,0,306,567
10/11/2000,ANE,MN,AGL,CE,Federal Contract Tower,0,7,31,1,39,0,5,194,1,200,0,12,225,2,239,320,0,320,559
10/12/2000,ANE,MN,AGL,CE,Federal Contract Tower,0,8,37,0,45,0,3,238,0,241,0,11,275,0,286,244,0,244,530
10/13/2000,ANE,MN,AGL,CE,Federal Contract Tower,0,6,29,1,36,0,2,141,0,143,0,8,170,1,179,286,14,300,479
10/14/2000,ANE,MN,AGL,CE,Federal Contract Tower,0,0,22,1,23,0,0,181,7,188,0,0,203,8,211,280,0,280,491
10/15/2000,ANE,MN,AGL,CE,Federal Contract Tower,0,5,27,0,32,0,0,147,5,152,0,5,174,5,184,256,0,256,440
10/16/2000,ANE,MN,AGL,CE,Federal Contract Tower,0,7,36,0,43,0,4,121,0,125,0,11,157,0,168,222,0,222,390
10/17/2000,ANE,MN,AGL,CE,Federal Contract Tower,0,7,32,0,39,0,5,219,2,226,0,12,251,2,265,310,0,310,575
10/18/2000,ANE,MN,AGL,CE,Federal Contract Tower,0,7,37,0,44,0,5,204,0,209,0,12,241,0,253,236,0,236,489
10/19/2000,ANE,MN,AGL,CE,Federal Contract Tower,0,7,37,0,44,0,15,173,4,192,0,22,210,4,236,188,0,188,424
10/20/2000,ANE,MN,AGL,CE,Federal Contract Tower,0,9,41,0,50,0,22,237,0,259,0,31,278,0,309,236,0,236,545
10/21/2000,ANE,MN,AGL,CE,Federal Contract Tower,0,4,22,0,26,0,0,316,0,316,0,4,338,0,342,358,0,358,700
10/22/2000,ANE,MN,AGL,CE,Federal Contract Tower,0,4,20,0,24,0,2,182,0,184,0,6,202,0,208,194,0,194,402
10/23/2000,ANE,MN,AGL,CE,Federal Contract Tower,0,5,22,0,27,0,4,0,0,4,0,9,22,0,31,0,0,0,31
10/24/2000,ANE,MN,AGL,CE,Federal Contract Tower,0,6,30,0,36,0,4,77,0,81,0,10,107,0,117,190,0,190,307
10/25/2000,ANE,MN,AGL,CE,Federal Contract Tower,0,9,43,0,52,0,1,6,2,9,0,10,49,2,61,54,2,56,117
10/26/2000,ANE,MN,AGL,CE,Federal Contract Tower,0,6,30,0,36,0,9,87,2,98,0,15,117,2,134,132,2,134,268
10/27/2000,ANE,MN,AGL,CE,Federal Contract Tower,0,6,42,0,48,0,0,31,0,31,0,6,73,0,79,100,0,100,179
10/28/2000,ANE,MN,AGL,CE,Federal Contract Tower,0,1,13,0,14,0,0,207,0,207,0,1,220,0,221,236,0,236,457
10/29/2000,ANE,MN,AGL,CE,Federal Contract Tower,0,0,16,0,16,0,0,114,0,114,0,0,130,0,130,86,0,86,216
10/30/2000,ANE,MN,AGL,CE,Federal Contract Tower,0,7,36,0,43,0,3,76,0,79,0,10,112,0,122,126,0,126,248
10/31/2000,ANE,MN,AGL,CE,Federal Contract Tower,0,5,28,0,33,0,6,176,0,182,0,11,204,0,215,290,0,290,505
11/01/2000,ANE,MN,AGL,CE,Federal Contract Tower,0,6,25,0,31,0,6,8,0,14,0,12,33,0,45,36,0,36,81
11/02/2000,ANE,MN,AGL,CE,Federal Contract Tower,0,7,30,0,37,0,4,33,0,37,0,11,63,0,74,50,2,52,126
11/03/2000,ANE,MN,AGL,CE,Federal Contract Tower,0,5,27,0,32,0,0,103,0,103,0,5,130,0,135,128,0,128,263
11/04/2000,ANE,MN,AGL,CE,Federal Contract Tower,0,0,15,0,15,0,0,307,0,307,0,0,322,0,322,288,2,290,612
11/05/2000,ANE,MN,AGL,CE,Federal Contract Tower,0,3,20,0,23,0,0,147,0,147,0,3,167,0,170,260,0,260,430
11/06/2000,ANE,MN,AGL,CE,Federal Contract Tower,0,5,22,0,27,0,1,0,0,1,0,6,22,0,28,0,0,0,28
11/07/2000,ANE,MN,AGL,CE,Federal Contract Tower,0,4,16,0,20,0,2,0,0,2,0,6,16,0,22,0,0,0,22
11/08/2000,ANE,MN,AGL,CE,Federal Contract Tower,0,4,16,0,20,0,5,28,0,33,0,9,44,0,53,40,0,40,93
11/09/2000,ANE,MN,AGL,CE,Federal Contract Tower,0,7,32,0,39,0,3,58,0,61,0,10,90,0,100,88,6,94,194
11/10/2000,ANE,MN,AGL,CE,Federal Contract Tower,0,5,21,0,26,0,5,108,0,113,0,10,129,0,139,224,0,224,363
11/11/2000,ANE,MN,AGL,CE,Federal Contract Tower,0,1,5,0,6,0,0,138,0,138,0,1,143,0,144,338,0,338,482
11/12/2000,ANE,MN,AGL,CE,Federal Contract Tower,0,1,2,0,3,0,1,0,0,1,0,2,2,0,4,0,0,0,4
11/13/2000,ANE,MN,AGL,CE,Federal Contract Tower,0,4,20,0,24,0,0,2,0,2,0,4,22,0,26,0,0,0,26
11/14/2000,ANE,MN,AGL,CE,Federal Contract Tower,0,7,33,0,40,0,6,134,0,140,0,13,167,0,180,228,0,228,408
11/15/2000,ANE,MN,AGL,CE,Federal Contract Tower,0,5,26,0,31,0,0,180,0,180,0,5,206,0,211,272,4,276,487
11/16/2000,ANE,MN,AGL,CE,Federal Contract Tower,0,4,19,0,23,0,1,34,2,37,0,5,53,2,60,72,4,76,136
11/17/2000,ANE,MN,AGL,CE,Federal Contract Tower,0,3,16,0,19,0,3,97,2,102,0,6,113,2,121,192,2,194,315
11/18/2000,ANE,MN,AGL,CE,Federal Contract Tower,0,1,11,0,12,0,0,85,8,93,0,1,96,8,105,194,0,194,299
11/19/2000,ANE,MN,AGL,CE,Federal Contract Tower,0,0,5,0,5,0,0,8,2,10,0,0,13,2,15,8,0,8,23
11/20/2000,ANE,MN,AGL,CE,Federal Contract Tower,0,5,27,0,32,0,9,43,0,52,0,14,70,0,84,74,0,74,158
11/21/2000,ANE,MN,AGL,CE,Federal Contract Tower,0,6,32,0,38,0,0,141,0,141,0,6,173,0,179,220,6,226,405
11/22/2000,ANE,MN,AGL,CE,Federal Contract Tower,0,5,29,0,34,0,0,150,0,150,0,5,179,0,184,266,4,270,454
11/23/2000,ANE,MN,AGL,CE,Federal Contract Tower,0,3,15,0,18,0,2,118,0,120,0,5,133,0,138,146,0,146,284
11/24/2000,ANE,MN,AGL,CE,Federal Contract Tower,0,4,23,0,27,0,1,223,2,226,0,5,246,2,253,352,0,352,605
11/25/2000,ANE,MN,AGL,CE,Federal Contract Tower,0,4,34,0,38,0,0,142,0,142,0,4,176,0,180,222,0,222,402
11/26/2000,ANE,MN,AGL,CE,Federal Contract Tower,0,0,10,0,10,0,0,1,0,1,0,0,11,0,11,2,0,2,13
11/27/2000,ANE,MN,AGL,CE,Federal Contract Tower,0,6,33,0,39,0,3,65,0,68,0,9,98,0,107,114,0,114,221
11/28/2000,ANE,MN,AGL,CE,Federal Contract Tower,0,4,20,0,24,0,1,8,0,9,0,5,28,0,33,12,0,12,45
11/29/2000,ANE,MN,AGL,CE,Federal Contract Tower,0,3,18,0,21,0,5,50,0,55,0,8,68,0,76,46,0,46,122
11/30/2000,ANE,MN,AGL,CE,Federal Contract Tower,0,4,20,0,24,0,2,149,0,151,0,6,169,0,175,208,2,210,385
12/01/2000,ANE,MN,AGL,CE,Federal Contract Tower,0,3,33,0,36,0,0,128,0,128,0,3,161,0,164,220,0,220,384
12/02/2000,ANE,MN,AGL,CE,Federal Contract Tower,0,5,22,0,27,0,0,336,0,336,0,5,358,0,363,476,0,476,839
12/03/2000,ANE,MN,AGL,CE,Federal Contract Tower,0,0,20,0,20,0,0,92,0,92,0,0,112,0,112,130,0,130,242
12/04/2000,ANE,MN,AGL,CE,Federal Contract Tower,0,4,14,0,18,0,4,55,2,61,0,8,69,2,79,26,0,26,105
12/05/2000,ANE,MN,AGL,CE,Federal Contract Tower,0,5,19,0,24,0,1,113,2,116,0,6,132,2,140,124,0,124,264
12/06/2000,ANE,MN,AGL,CE,Federal Contract Tower,0,3,9,0,12,0,3,21,0,24,0,6,30,0,36,36,0,36,72
12/07/2000,ANE,MN,AGL,CE,Federal Contract Tower,0,4,12,0,16,0,14,8,2,24,0,18,20,2,40,4,0,4,44
12/08/2000,ANE,MN,AGL,CE,Federal Contract Tower,0,4,16,0,20,0,2,167,0,169,0,6,183,0,189,248,0,248,437
12/09/2000,ANE,MN,AGL,CE,Federal Contract Tower,0,3,8,0,11,0,3,188,0,191,0,6,196,0,202,242,0,242,444
12/10/2000,ANE,MN,AGL,CE,Federal Contract Tower,0,0,6,0,6,0,0,90,0,90,0,0,96,0,96,184,0,184,280
12/11/2000,ANE,MN,AGL,CE,Federal Contract Tower,0,4,12,0,16,0,3,46,0,49,0,7,58,0,65,36,0,36,101
12/12/2000,ANE,MN,AGL,CE,Federal Contract Tower,0,4,16,0,20,0,8,99,2,109,0,12,115,2,129,68,0,68,197
12/13/2000,ANE,MN,AGL,CE,Federal Contract Tower,0,7,28,0,35,0,0,8,0,8,0,7,36,0,43,30,2,32,75
12/14/2000,ANE,MN,AGL,CE,Federal Contract Tower,0,8,31,0,39,0,2,77,0,79,0,10,108,0,118,152,4,156,274
12/15/2000,ANE,MN,AGL,CE,Federal Contract Tower,0,4,19,0,23,0,3,40,0,43,0,7,59,0,66,72,0,72,138
12/16/2000,ANE,MN,AGL,CE,Federal Contract Tower,0,0,0,0,0,0,0,0,0,0,0,0,0,0,0,0,0,0,0
12/17/2000,ANE,MN,AGL,CE,Federal Contract Tower,0,0,4,0,4,0,4,58,0,62,0,4,62,0,66,32,0,32,98
12/18/2000,ANE,MN,AGL,CE,Federal Contract Tower,0,2,11,0,13,0,3,0,0,3,0,5,11,0,16,0,0,0,16
12/19/2000,ANE,MN,AGL,CE,Federal Contract Tower,0,3,17,0,20,0,2,84,0,86,0,5,101,0,106,88,0,88,194
12/20/2000,ANE,MN,AGL,CE,Federal Contract Tower,0,3,14,0,17,0,5,37,0,42,0,8,51,0,59,44,0,44,103
12/21/2000,ANE,MN,AGL,CE,Federal Contract Tower,0,4,22,0,26,0,2,26,0,28,0,6,48,0,54,40,0,40,94
12/22/2000,ANE,MN,AGL,CE,Federal Contract Tower,0,4,19,0,23,0,0,104,0,104,0,4,123,0,127,76,0,76,203
12/23/2000,ANE,MN,AGL,CE,Federal Contract Tower,0,1,15,0,16,0,0,88,0,88,0,1,103,0,104,56,0,56,160
12/24/2000,ANE,MN,AGL,CE,Federal Contract Tower,0,1,7,0,8,0,0,74,2,76,0,1,81,2,84,36,0,36,120
12/25/2000,ANE,MN,AGL,CE,Federal Contract Tower,0,0,6,0,6,0,0,11,0,11,0,0,17,0,17,0,0,0,17
12/26/2000,ANE,MN,AGL,CE,Federal Contract Tower,0,6,26,0,32,0,0,51,0,51,0,6,77,0,83,78,0,78,161
12/27/2000,ANE,MN,AGL,CE,Federal Contract Tower,0,7,30,0,37,0,2,156,0,158,0,9,186,0,195,226,10,236,431
12/28/2000,ANE,MN,AGL,CE,Federal Contract Tower,0,2,8,0,10,0,5,0,0,5,0,7,8,0,15,0,0,0,15
12/29/2000,ANE,MN,AGL,CE,Federal Contract Tower,0,1,9,0,10,0,2,50,0,52,0,3,59,0,62,100,0,100,162
12/30/2000,ANE,MN,AGL,CE,Federal Contract Tower,0,0,7,0,7,0,0,18,0,18,0,0,25,0,25,22,0,22,47
12/31/2000,ANE,MN,AGL,CE,Federal Contract Tower,0,2,9,0,11,0,0,48,0,48,0,2,57,0,59,66,0,66,125
01/01/2001,ANE,MN,AGL,CE,Federal Contract Tower,0,0,13,0,13,0,0,170,0,170,0,0,183,0,183,208,0,208,391
01/02/2001,ANE,MN,AGL,CE,Federal Contract Tower,0,7,25,0,32,0,4,116,2,122,0,11,141,2,154,116,2,118,272
01/03/2001,ANE,MN,AGL,CE,Federal Contract Tower,0,4,13,0,17,0,2,174,6,182,0,6,187,6,199,244,6,250,449
01/04/2001,ANE,MN,AGL,CE,Federal Contract Tower,0,3,12,0,15,0,3,152,0,155,0,6,164,0,170,120,0,120,290
01/05/2001,ANE,MN,AGL,CE,Federal Contract Tower,0,4,17,0,21,0,10,77,0,87,0,14,94,0,108,64,0,64,172
01/06/2001,ANE,MN,AGL,CE,Federal Contract Tower,0,1,5,0,6,0,0,81,6,87,0,1,86,6,93,192,0,192,285
01/07/2001,ANE,MN,AGL,CE,Federal Contract Tower,0,1,17,0,18,0,0,170,2,172,0,1,187,2,190,328,0,328,518
01/08/2001,ANE,MN,AGL,CE,Federal Contract Tower,0,5,24,0,29,0,1,155,0,156,0,6,179,0,185,274,0,274,459
01/09/2001,ANE,MN,AGL,CE,Federal Contract Tower,0,6,28,0,34,0,0,195,0,195,0,6,223,0,229,234,0,234,463
01/10/2001,ANE,MN,AGL,CE,Federal Contract Tower,0,8,35,0,43,0,1,168,0,169,0,9,203,0,212,273,4,277,489
01/11/2001,ANE,MN,AGL,CE,Federal Contract Tower,0,6,29,0,35,0,5,9,0,14,0,11,38,0,49,0,0,0,49
01/12/2001,ANE,MN,AGL,CE,Federal Contract Tower,0,4,18,0,22,0,3,10,0,13,0,7,28,0,35,106,0,106,141
01/13/2001,ANE,MN,AGL,CE,Federal Contract Tower,0,0,4,0,4,0,0,1,0,1,0,0,5,0,5,0,0,0,5
01/14/2001,ANE,MN,AGL,CE,Federal Contract Tower,0,0,0,0,0,0,0,3,0,3,0,0,3,0,3,0,0,0,3
01/15/2001,ANE,MN,AGL,CE,Federal Contract Tower,0,2,13,0,15,0,2,63,0,65,0,4,76,0,80,46,0,46,126
01/16/2001,ANE,MN,AGL,CE,Federal Contract Tower,0,2,16,0,18,0,5,140,3,148,0,7,156,3,166,274,14,288,454
01/17/2001,ANE,MN,AGL,CE,Federal Contract Tower,0,7,41,0,48,0,0,170,0,170,0,7,211,0,218,336,0,336,554
01/18/2001,ANE,MN,AGL,CE,Federal Contract Tower,0,5,31,0,36,0,1,88,2,91,0,6,119,2,127,272,6,278,405
01/19/2001,ANE,MN,AGL,CE,Federal Contract Tower,0,6,31,0,37,0,9,113,0,122,0,15,144,0,159,190,0,190,349
01/20/2001,ANE,MN,AGL,CE,Federal Contract Tower,0,3,32,0,35,0,0,265,0,265,0,3,297,0,300,356,0,356,656
01/21/2001,ANE,MN,AGL,CE,Federal Contract Tower,0,2,16,0,18,0,0,173,0,173,0,2,189,0,191,220,0,220,411
01/22/2001,ANE,MN,AGL,CE,Federal Contract Tower,0,5,34,0,39,0,0,111,0,111,0,5,145,0,150,184,0,184,334
01/23/2001,ANE,MN,AGL,CE,Federal Contract Tower,0,5,29,0,34,0,3,181,0,184,0,8,210,0,218,166,2,168,386
01/24/2001,ANE,MN,AGL,CE,Federal Contract Tower,0,4,22,0,26,0,4,156,0,160,0,8,178,0,186,168,2,170,356
01/25/2001,ANE,MN,AGL,CE,Federal Contract Tower,0,7,36,0,43,0,4,193,4,201,0,11,229,4,244,262,6,268,512
01/26/2001,ANE,MN,AGL,CE,Federal Contract Tower,0,2,15,0,17,0,5,5,0,10,0,7,20,0,27,12,0,12,39
01/27/2001,ANE,MN,AGL,CE,Federal Contract Tower,0,1,10,0,11,0,0,285,0,285,0,1,295,0,296,246,0,246,542
01/28/2001,ANE,MN,AGL,CE,Federal Contract Tower,0,0,10,0,10,0,0,1,0,1,0,0,11,0,11,4,0,4,15
01/29/2001,ANE,MN,AGL,CE,Federal Contract Tower,0,0,4,0,4,0,2,0,0,2,0,2,4,0,6,0,0,0,6
01/30/2001,ANE,MN,AGL,CE,Federal Contract Tower,0,3,19,0,22,0,12,14,0,26,0,15,33,0,48,28,0,28,76
01/31/2001,ANE,MN,AGL,CE,Federal Contract Tower,0,5,30,0,35,0,4,126,4,134,0,9,156,4,169,170,16,186,355
02/01/2001,ANE,MN,AGL,CE,Federal Contract Tower,0,4,12,0,16,0,4,45,0,49,0,8,57,0,65,46,2,48,113
02/02/2001,ANE,MN,AGL,CE,Federal Contract Tower,0,5,18,0,23,0,2,46,0,48,0,7,64,0,71,54,0,54,125
02/03/2001,ANE,MN,AGL,CE,Federal Contract Tower,0,1,3,0,4,0,0,23,0,23,0,1,26,0,27,6,0,6,33
02/04/2001,ANE,MN,AGL,CE,Federal Contract Tower,0,0,4,0,4,0,0,46,0,46,0,0,50,0,50,186,0,186,236
02/05/2001,ANE,MN,AGL,CE,Federal Contract Tower,0,5,16,0,21,0,1,7,0,8,0,6,23,0,29,6,0,6,35
02/06/2001,ANE,MN,AGL,CE,Federal Contract Tower,0,5,26,0,31,0,0,77,0,77,0,5,103,0,108,178,0,178,286
02/07/2001,ANE,MN,AGL,CE,Federal Contract Tower,0,4,13,0,17,0,1,10,0,11,0,5,23,0,28,22,0,22,50
02/08/2001,ANE,MN,AGL,CE,Federal Contract Tower,0,4,16,0,20,0,4,1,0,5,0,8,17,0,25,10,0,10,35
02/09/2001,ANE,MN,AGL,CE,Federal Contract Tower,0,6,23,0,29,0,7,75,0,82,0,13,98,0,111,50,4,54,165
02/10/2001,ANE,MN,AGL,CE,Federal Contract Tower,0,2,16,0,18,0,0,173,0,173,0,2,189,0,191,126,0,126,317
02/11/2001,ANE,MN,AGL,CE,Federal Contract Tower,0,0,12,0,12,0,0,156,4,160,0,0,168,4,172,118,0,118,290
02/12/2001,ANE,MN,AGL,CE,Federal Contract Tower,0,4,16,0,20,0,2,28,0,30,0,6,44,0,50,42,0,42,92
02/13/2001,ANE,MN,AGL,CE,Federal Contract Tower,0,2,11,0,13,0,4,0,0,4,0,6,11,0,17,0,0,0,17
02/14/2001,ANE,MN,AGL,CE,Federal Contract Tower,0,7,31,0,38,0,1,199,0,200,0,8,230,0,238,298,2,300,538
02/15/2001,ANE,MN,AGL,CE,Federal Contract Tower,0,3,22,0,25,0,0,140,0,140,0,3,162,0,165,224,0,224,389
02/16/2001,ANE,MN,AGL,CE,Federal Contract Tower,0,8,34,0,42,0,5,119,0,124,0,13,153,0,166,164,0,164,330
02/17/2001,ANE,MN,AGL,CE,Federal Contract Tower,0,0,7,0,7,0,0,156,0,156,0,0,163,0,163,110,0,110,273
02/18/2001,ANE,MN,AGL,CE,Federal Contract Tower,0,1,15,0,16,0,0,92,0,92,0,1,107,0,108,148,0,148,256
02/19/2001,ANE,MN,AGL,CE,Federal Contract Tower,0,4,20,0,24,0,2,167,0,169,0,6,187,0,193,146,0,146,339
02/20/2001,ANE,MN,AGL,CE,Federal Contract Tower,0,5,22,0,27,0,4,108,0,112,0,9,130,0,139,128,0,128,267
02/21/2001,ANE,MN,AGL,CE,Federal Contract Tower,0,5,26,0,31,0,8,93,2,103,0,13,119,2,134,168,2,170,304
02/22/2001,ANE,MN,AGL,CE,Federal Contract Tower,0,7,31,0,38,0,1,106,0,107,0,8,137,0,145,184,4,188,333
02/23/2001,ANE,MN,AGL,CE,Federal Contract Tower,0,6,30,0,36,0,0,160,0,160,0,6,190,0,196,256,0,256,452
02/24/2001,ANE,MN,AGL,CE,Federal Contract Tower,0,0,0,0,0,0,0,0,0,0,0,0,0,0,0,0,0,0,0
02/25/2001,ANE,MN,AGL,CE,Federal Contract Tower,0,0,5,0,5,0,0,3,0,3,0,0,8,0,8,10,0,10,18
02/26/2001,ANE,MN,AGL,CE,Federal Contract Tower,0,5,22,0,27,0,6,84,0,90,0,11,106,0,117,178,0,178,295
02/27/2001,ANE,MN,AGL,CE,Federal Contract Tower,0,6,35,0,41,0,0,121,0,121,0,6,156,0,162,226,0,226,388
02/28/2001,ANE,MN,AGL,CE,Federal Contract Tower,0,4,18,0,22,0,2,176,0,178,0,6,194,0,200,232,0,232,432
03/01/2001,ANE,MN,AGL,CE,Federal Contract Tower,0,8,21,0,29,0,7,203,0,210,0,15,224,0,239,246,0,246,485
03/02/2001,ANE,MN,AGL,CE,Federal Contract Tower,0,7,18,0,25,0,9,178,0,187,0,16,196,0,212,298,0,298,510
03/03/2001,ANE,MN,AGL,CE,Federal Contract Tower,0,0,14,0,14,0,0,254,0,254,0,0,268,0,268,404,0,404,672
03/04/2001,ANE,MN,AGL,CE,Federal Contract Tower,0,2,14,0,16,0,0,244,0,244,0,2,258,0,260,252,0,252,512
03/05/2001,ANE,MN,AGL,CE,Federal Contract Tower,0,5,14,0,19,0,4,118,1,123,0,9,132,1,142,264,0,264,406
03/06/2001,ANE,MN,AGL,CE,Federal Contract Tower,0,8,24,0,32,0,2,129,0,131,0,10,153,0,163,248,4,252,415
03/07/2001,ANE,MN,AGL,CE,Federal Contract Tower,0,7,19,0,26,0,8,71,2,81,0,15,90,2,107,90,0,90,197
03/08/2001,ANE,MN,AGL,CE,Federal Contract Tower,0,7,19,0,26,0,5,87,0,92,0,12,106,0,118,208,0,208,326
03/09/2001,ANE,MN,AGL,CE,Federal Contract Tower,0,6,20,0,26,0,0,198,0,198,0,6,218,0,224,278,0,278,502
03/10/2001,ANE,MN,AGL,CE,Federal Contract Tower,0,0,3,0,3,0,0,10,0,10,0,0,13,0,13,118,0,118,131
03/11/2001,ANE,MN,AGL,CE,Federal Contract Tower,0,4,27,0,31,0,0,254,0,254,0,4,281,0,285,402,0,402,687
03/12/2001,ANE,MN,AGL,CE,Federal Contract Tower,0,4,5,0,9,0,6,0,0,6,0,10,5,0,15,0,0,0,15
03/13/2001,ANE,MN,AGL,CE,Federal Contract Tower,0,9,25,0,34,0,5,82,4,91,0,14,107,4,125,202,0,202,327
03/14/2001,ANE,MN,AGL,CE,Federal Contract Tower,0,9,29,0,38,0,0,136,6,142,0,9,165,6,180,274,0,274,454
03/15/2001,ANE,MN,AGL,CE,Federal Contract Tower,0,6,18,0,24,0,7,116,0,123,0,13,134,0,147,272,0,272,419
03/16/2001,ANE,MN,AGL,CE,Federal Contract Tower,0,5,27,0,32,0,0,174,0,174,0,5,201,0,206,250,0,250,456
03/17/2001,ANE,MN,AGL,CE,Federal Contract Tower,0,2,22,0,24,0,0,321,0,321,0,2,343,0,345,474,0,474,819
03/18/2001,ANE,MN,AGL,CE,Federal Contract Tower,0,2,14,0,16,0,0,212,0,212,0,2,226,0,228,304,0,304,532
03/19/2001,ANE,MN,AGL,CE,Federal Contract Tower,0,6,19,0,25,0,8,22,0,30,0,14,41,0,55,108,0,108,163
03/20/2001,ANE,MN,AGL,CE,Federal Contract Tower,0,7,25,0,32,0,4,147,0,151,0,11,172,0,183,165,0,165,348
03/21/2001,ANE,MN,AGL,CE,Federal Contract Tower,0,10,35,0,45,0,8,142,4,154,0,18,177,4,199,308,8,316,515
03/22/2001,ANE,MN,AGL,CE,Federal Contract Tower,0,7,23,0,30,0,6,17,0,23,0,13,40,0,53,122,6,128,181
03/23/2001,ANE,MN,AGL,CE,Federal Contract Tower,0,8,29,0,37,0,5,156,0,161,0,13,185,0,198,196,0,196,394
03/24/2001,ANE,MN,AGL,CE,Federal Contract Tower,0,0,13,0,13,0,0,191,0,191,0,0,204,0,204,218,0,218,422
03/25/2001,ANE,MN,AGL,CE,Federal Contract Tower,0,0,12,0,12,0,0,143,0,143,0,0,155,0,155,170,0,170,325
03/26/2001,ANE,MN,AGL,CE,Federal Contract Tower,0,7,23,0,30,0,6,135,0,141,0,13,158,0,171,144,0,144,315
03/27/2001,ANE,MN,AGL,CE,Federal Contract Tower,0,9,29,0,38,0,0,168,0,168,0,9,197,0,206,264,0,264,470
03/28/2001,ANE,MN,AGL,CE,Federal Contract Tower,0,7,25,0,32,0,5,4,2,11,0,12,29,2,43,44,2,46,89
03/29/2001,ANE,MN,AGL,CE,Federal Contract Tower,0,6,19,0,25,0,8,3,0,11,0,14,22,0,36,14,0,14,50
03/30/2001,ANE,MN,AGL,CE,Federal Contract Tower,0,3,15,0,18,0,0,19,0,19,0,3,34,0,37,18,0,18,55
03/31/2001,ANE,MN,AGL,CE,Federal Contract Tower,0,0,5,0,5,0,0,94,0,94,0,0,99,0,99,200,0,200,299
04/01/2001,ANE,MN,AGL,CE,Federal Contract Tower,0,0,7,0,7,0,0,354,0,354,0,0,361,0,361,300,0,300,661
04/02/2001,ANE,MN,AGL,CE,Federal Contract Tower,0,11,16,0,27,0,2,121,0,123,0,13,137,0,150,178,0,178,328
04/03/2001,ANE,MN,AGL,CE,Federal Contract Tower,0,8,38,0,46,0,2,194,2,198,0,10,232,2,244,218,2,220,464
04/04/2001,ANE,MN,AGL,CE,Federal Contract Tower,0,6,33,0,39,0,14,141,2,157,0,20,174,2,196,260,0,260,456
04/05/2001,ANE,MN,AGL,CE,Federal Contract Tower,0,15,9,0,24,0,3,43,0,46,0,18,52,0,70,142,0,142,212
04/06/2001,ANE,MN,AGL,CE,Federal Contract Tower,0,4,23,0,27,0,2,93,2,97,0,6,116,2,124,66,0,66,190
04/07/2001,ANE,MN,AGL,CE,Federal Contract Tower,0,3,2,0,5,0,0,0,0,0,0,3,2,0,5,0,0,0,5
04/08/2001,ANE,MN,AGL,CE,Federal Contract Tower,0,1,21,0,22,0,3,179,0,182,0,4,200,0,204,298,0,298,502
04/09/2001,ANE,MN,AGL,CE,Federal Contract Tower,0,7,36,0,43,0,0,103,2,105,0,7,139,2,148,186,0,186,334
04/10/2001,ANE,MN,AGL,CE,Federal Contract Tower,0,15,29,0,44,0,0,131,6,137,0,15,160,6,181,274,38,312,493
04/11/2001,ANE,MN,AGL,CE,Federal Contract Tower,0,11,17,0,28,0,2,4,0,6,0,13,21,0,34,0,0,0,34
04/12/2001,ANE,MN,AGL,CE,Federal Contract Tower,0,6,28,0,34,0,4,51,0,55,0,10,79,0,89,24,0,24,113
04/13/2001,ANE,MN,AGL,CE,Federal Contract Tower,0,10,42,0,52,0,0,275,0,275,0,10,317,0,327,320,0,320,647
04/14/2001,ANE,MN,AGL,CE,Federal Contract Tower,0,1,33,0,34,0,8,324,0,332,0,9,357,0,366,280,0,280,646
04/15/2001,ANE,MN,AGL,CE,Federal Contract Tower,0,0,21,0,21,0,2,49,0,51,0,2,70,0,72,92,0,92,164
04/16/2001,ANE,MN,AGL,CE,Federal Contract Tower,0,12,20,0,32,0,2,45,0,47,0,14,65,0,79,40,0,40,119
04/17/2001,ANE,MN,AGL,CE,Federal Contract Tower,0,15,37,0,52,0,1,189,0,190,0,16,226,0,242,288,0,288,530
04/18/2001,ANE,MN,AGL,CE,Federal Contract Tower,0,10,44,0,54,0,7,264,0,271,0,17,308,0,325,356,0,356,681
04/19/2001,ANE,MN,AGL,CE,Federal Contract Tower,0,12,53,0,65,0,2,150,0,152,0,14,203,0,217,214,2,216,433
04/20/2001,ANE,MN,AGL,CE,Federal Contract Tower,0,6,45,0,51,0,1,154,0,155,0,7,199,0,206,234,4,238,444
04/21/2001,ANE,MN,AGL,CE,Federal Contract Tower,0,2,33,0,35,0,0,5,0,5,0,2,38,0,40,62,0,62,102
04/22/2001,ANE,MN,AGL,CE,Federal Contract Tower,0,0,20,0,20,0,0,2,0,2,0,0,22,0,22,12,0,12,34
04/23/2001,ANE,MN,AGL,CE,Federal Contract Tower,0,10,18,0,28,0,0,21,0,21,0,10,39,0,49,38,0,38,87
04/24/2001,ANE,MN,AGL,CE,Federal Contract Tower,0,6,35,0,41,0,3,184,2,189,0,9,219,2,230,270,6,276,506
04/25/2001,ANE,MN,AGL,CE,Federal Contract Tower,0,13,51,0,64,0,8,218,0,226,0,21,269,0,290,257,0,257,547
04/26/2001,ANE,MN,AGL,CE,Federal Contract Tower,0,8,28,0,36,0,3,254,4,261,0,11,282,4,297,270,16,286,583
04/27/2001,ANE,MN,AGL,CE,Federal Contract Tower,0,5,31,0,36,0,7,260,0,267,0,12,291,0,303,398,0,398,701
04/28/2001,ANE,MN,AGL,CE,Federal Contract Tower,0,3,20,0,23,0,7,245,0,252,0,10,265,0,275,262,4,266,541
04/29/2001,ANE,MN,AGL,CE,Federal Contract Tower,0,1,28,0,29,0,19,134,0,153,0,20,162,0,182,152,0,152,334
04/30/2001,ANE,MN,AGL,CE,Federal Contract Tower,0,12,2,6,20,0,0,139,0,139,0,12,141,6,159,212,12,224,383
05/01/2001,ANE,MN,AGL,CE,Federal Contract Tower,0,15,30,0,45,0,2,70,0,72,0,17,100,0,117,84,0,84,201
05/02/2001,ANE,MN,AGL,CE,Federal Contract Tower,0,11,43,0,54,0,3,201,0,204,0,14,244,0,258,216,0,216,474
05/03/2001,ANE,MN,AGL,CE,Federal Contract Tower,0,9,45,0,54,0,10,171,0,181,0,19,216,0,235,216,0,216,451
05/04/2001,ANE,MN,AGL,CE,Federal Contract Tower,0,7,38,0,45,0,4,273,0,277,0,11,311,0,322,402,0,402,724
05/05/2001,ANE,MN,AGL,CE,Federal Contract Tower,0,0,25,0,25,0,2,195,0,197,0,2,220,0,222,238,0,238,460
05/06/2001,ANE,MN,AGL,CE,Federal Contract Tower,0,1,15,0,16,0,0,29,0,29,0,1,44,0,45,26,0,26,71
05/07/2001,ANE,MN,AGL,CE,Federal Contract Tower,0,11,16,0,27,0,2,135,0,137,0,13,151,0,164,124,0,124,288
05/08/2001,ANE,MN,AGL,CE,Federal Contract Tower,0,13,35,0,48,0,2,247,2,251,0,15,282,2,299,208,0,208,507
05/09/2001,ANE,MN,AGL,CE,Federal Contract Tower,0,16,36,0,52,0,6,130,0,136,0,22,166,0,188,202,0,202,390
05/10/2001,ANE,MN,AGL,CE,Federal Contract Tower,0,12,43,0,55,0,4,168,2,174,0,16,211,2,229,240,2,242,471
05/11/2001,ANE,MN,AGL,CE,Federal Contract Tower,0,0,48,5,53,0,27,265,0,292,0,27,313,5,345,372,2,374,719
05/12/2001,ANE,MN,AGL,CE,Federal Contract Tower,0,1,16,0,17,0,8,467,0,475,0,9,483,0,492,438,0,438,930
05/13/2001,ANE,MN,AGL,CE,Federal Contract Tower,0,0,34,0,34,0,4,239,0,243,0,4,273,0,277,198,0,198,475
05/14/2001,ANE,MN,AGL,CE,Federal Contract Tower,0,12,44,0,56,0,0,143,0,143,0,12,187,0,199,148,0,148,347
05/15/2001,ANE,MN,AGL,CE,Federal Contract Tower,0,13,21,0,34,0,1,122,0,123,0,14,143,0,157,138,0,138,295
05/16/2001,ANE,MN,AGL,CE,Federal Contract Tower,0,12,34,0,46,0,3,219,0,222,0,15,253,0,268,322,0,322,590
05/17/2001,ANE,MN,AGL,CE,Federal Contract Tower,0,16,38,0,54,0,2,186,16,204,0,18,224,16,258,290,18,308,566
05/18/2001,ANE,MN,AGL,CE,Federal Contract Tower,0,5,42,0,47,0,12,325,2,339,0,17,367,2,386,450,0,450,836
05/19/2001,ANE,MN,AGL,CE,Federal Contract Tower,0,2,17,2,21,0,9,784,18,811,0,11,801,20,832,1010,24,1034,1866
05/20/2001,ANE,MN,AGL,CE,Federal Contract Tower,0,1,15,0,16,0,2,356,6,364,0,3,371,6,380,480,8,488,868
05/21/2001,ANE,MN,AGL,CE,Federal Contract Tower,0,15,34,0,49,0,1,140,0,141,0,16,174,0,190,112,0,112,302
05/22/2001,ANE,MN,AGL,CE,Federal Contract Tower,0,12,36,0,48,0,2,19,0,21,0,14,55,0,69,12,0,12,81
05/23/2001,ANE,MN,AGL,CE,Federal Contract Tower,0,15,38,0,53,0,1,81,2,84,0,16,119,2,137,182,2,184,321
05/24/2001,ANE,MN,AGL,CE,Federal Contract Tower,0,12,58,0,70,0,9,97,0,106,0,21,155,0,176,258,0,258,434
05/25/2001,ANE,MN,AGL,CE,Federal Contract Tower,0,10,70,0,80,0,0,104,0,104,0,10,174,0,184,140,0,140,324
05/26/2001,ANE,MN,AGL,CE,Federal Contract Tower,0,2,27,0,29,0,0,35,0,35,0,2,62,0,64,84,0,84,148
05/27/2001,ANE,MN,AGL,CE,Federal Contract Tower,0,0,31,0,31,0,0,147,0,147,0,0,178,0,178,256,0,256,434
05/28/2001,ANE,MN,AGL,CE,Federal Contract Tower,0,0,21,0,21,0,4,349,0,353,0,4,370,0,374,186,0,186,560
05/29/2001,ANE,MN,AGL,CE,Federal Contract Tower,0,12,34,0,46,0,7,305,0,312,0,19,339,0,358,428,0,428,786
05/30/2001,ANE,MN,AGL,CE,Federal Contract Tower,0,14,38,0,52,0,3,207,0,210,0,17,245,0,262,392,0,392,654
05/31/2001,ANE,MN,AGL,CE,Federal Contract Tower,0,13,32,0,45,0,4,188,0,192,0,17,220,0,237,322,0,322,559
06/01/2001,ANE,MN,AGL,CE,Federal Contract Tower,0,13,38,0,51,0,3,144,0,147,0,16,182,0,198,310,0,310,508
06/02/2001,ANE,MN,AGL,CE,Federal Contract Tower,0,2,26,0,28,0,0,227,12,239,0,2,253,12,267,264,6,270,537
06/03/2001,ANE,MN,AGL,CE,Federal Contract Tower,0,0,22,0,22,0,4,247,0,251,0,4,269,0,273,205,0,205,478
06/04/2001,ANE,MN,AGL,CE,Federal Contract Tower,0,15,32,0,47,0,1,215,2,218,0,16,247,2,265,356,4,360,625
06/05/2001,ANE,MN,AGL,CE,Federal Contract Tower,0,0,0,0,0,0,13,93,0,106,0,13,93,0,106,98,0,98,204
06/06/2001,ANE,MN,AGL,CE,Federal Contract Tower,0,12,52,0,64,0,9,99,0,108,0,21,151,0,172,382,0,382,554
06/07/2001,ANE,MN,AGL,CE,Federal Contract Tower,0,13,52,0,65,0,2,194,2,198,0,15,246,2,263,272,0,272,535
06/08/2001,ANE,MN,AGL,CE,Federal Contract Tower,0,9,41,0,50,0,1,189,0,190,0,10,230,0,240,304,0,304,544
06/09/2001,ANE,MN,AGL,CE,Federal Contract Tower,0,3,10,0,13,0,0,275,0,275,0,3,285,0,288,232,2,234,522
06/10/2001,ANE,MN,AGL,CE,Federal Contract Tower,0,0,29,0,29,0,2,193,0,195,0,2,222,0,224,180,0,180,404
06/11/2001,ANE,MN,AGL,CE,Federal Contract Tower,0,15,41,0,56,0,3,100,0,103,0,18,141,0,159,180,0,180,339
06/12/2001,ANE,MN,AGL,CE,Federal Contract Tower,0,10,37,0,47,0,0,163,2,165,0,10,200,2,212,204,0,204,416
06/13/2001,ANE,MN,AGL,CE,Federal Contract Tower,0,9,32,0,41,0,5,80,2,87,0,14,112,2,128,130,2,132,260
06/14/2001,ANE,MN,AGL,CE,Federal Contract Tower,0,18,52,0,70,0,6,150,4,160,0,24,202,4,230,178,0,178,408
06/15/2001,ANE,MN,AGL,CE,Federal Contract Tower,0,13,35,0,48,0,3,141,0,144,0,16,176,0,192,204,0,204,396
06/16/2001,ANE,MN,AGL,CE,Federal Contract Tower,0,3,38,0,41,0,9,307,0,316,0,12,345,0,357,328,0,328,685
06/17/2001,ANE,MN,AGL,CE,Federal Contract Tower,0,1,31,0,32,0,0,236,2,238,0,1,267,2,270,374,4,378,648
06/18/2001,ANE,MN,AGL,CE,Federal Contract Tower,0,10,25,0,35,0,4,119,0,123,0,14,144,0,158,212,0,212,370
06/19/2001,ANE,MN,AGL,CE,Federal Contract Tower,0,13,56,0,69,0,3,317,0,320,0,16,373,0,389,408,0,408,797
06/20/2001,ANE,MN,AGL,CE,Federal Contract Tower,0,12,42,0,54,0,0,221,6,227,0,12,263,6,281,258,0,258,539
06/21/2001,ANE,MN,AGL,CE,Federal Contract Tower,0,20,13,2,35,0,0,269,0,269,0,20,282,2,304,234,0,234,538
06/22/2001,ANE,MN,AGL,CE,Federal Contract Tower,0,11,49,0,60,0,4,279,0,283,0,15,328,0,343,342,2,344,687
06/23/2001,ANE,MN,AGL,CE,Federal Contract Tower,0,0,41,0,41,0,0,282,0,282,0,0,323,0,323,410,0,410,733
06/24/2001,ANE,MN,AGL,CE,Federal Contract Tower,0,3,34,0,37,0,8,194,0,202,0,11,228,0,239,244,0,244,483
06/25/2001,ANE,MN,AGL,CE,Federal Contract Tower,0,11,39,0,50,0,5,162,0,167,0,16,201,0,217,164,0,164,381
06/26/2001,ANE,MN,AGL,CE,Federal Contract Tower,0,13,31,0,44,0,4,216,0,220,0,17,247,0,264,310,0,310,574
06/27/2001,ANE,MN,AGL,CE,Federal Contract Tower,0,15,49,0,64,0,5,197,0,202,0,20,246,0,266,230,0,230,496
06/28/2001,ANE,MN,AGL,CE,Federal Contract Tower,0,18,38,0,56,0,9,261,0,270,0,27,299,0,326,370,4,374,700
06/29/2001,ANE,MN,AGL,CE,Federal Contract Tower,0,10,39,0,49,0,3,253,0,256,0,13,292,0,305,294,0,294,599
06/30/2001,ANE,MN,AGL,CE,Federal Contract Tower,0,3,10,0,13,0,0,244,0,244,0,3,254,0,257,328,0,328,585
07/01/2001,ANE,MN,AGL,CE,Federal Contract Tower,0,0,17,0,17,0,0,277,0,277,0,0,294,0,294,278,4,282,576
07/02/2001,ANE,MN,AGL,CE,Federal Contract Tower,0,12,24,0,36,0,9,171,0,180,0,21,195,0,216,266,0,266,482
07/03/2001,ANE,MN,AGL,CE,Federal Contract Tower,0,11,40,0,51,0,1,224,0,225,0,12,264,0,276,312,0,312,588
07/04/2001,ANE,MN,AGL,CE,Federal Contract Tower,0,1,15,0,16,0,6,231,0,237,0,7,246,0,253,194,0,194,447
07/05/2001,ANE,MN,AGL,CE,Federal Contract Tower,0,10,34,1,45,0,1,289,7,297,0,11,323,8,342,454,8,462,804
07/06/2001,ANE,MN,AGL,CE,Federal Contract Tower,0,8,23,0,31,0,6,206,0,212,0,14,229,0,243,330,0,330,573
07/07/2001,ANE,MN,AGL,CE,Federal Contract Tower,0,0,13,0,13,0,11,278,0,289,0,11,291,0,302,344,0,344,646
07/08/2001,ANE,MN,AGL,CE,Federal Contract Tower,0,0,25,0,25,0,0,279,0,279,0,0,304,0,304,304,0,304,608
07/09/2001,ANE,MN,AGL,CE,Federal Contract Tower,0,11,35,0,46,0,2,199,0,201,0,13,234,0,247,326,0,326,573
07/10/2001,ANE,MN,AGL,CE,Federal Contract Tower,0,11,42,0,53,0,1,273,2,276,0,12,315,2,329,486,0,486,815
07/11/2001,ANE,MN,AGL,CE,Federal Contract Tower,0,10,38,0,48,0,5,255,0,260,0,15,293,0,308,388,4,392,700
07/12/2001,ANE,MN,AGL,CE,Federal Contract Tower,0,15,32,0,47,0,7,220,2,229,0,22,252,2,276,334,2,336,612
07/13/2001,ANE,MN,AGL,CE,Federal Contract Tower,0,4,34,0,38,0,7,242,2,251,0,11,276,2,289,324,2,326,615
07/14/2001,ANE,MN,AGL,CE,Federal Contract Tower,0,1,23,0,24,0,0,257,0,257,0,1,280,0,281,324,2,326,607
07/15/2001,ANE,MN,AGL,CE,Federal Contract Tower,0,0,31,0,31,0,1,224,2,227,0,1,255,2,258,192,4,196,454
07/16/2001,ANE,MN,AGL,CE,Federal Contract Tower,0,16,19,0,35,0,0,180,8,188,0,16,199,8,223,212,0,212,435
07/17/2001,ANE,MN,AGL,CE,Federal Contract Tower,0,16,22,0,38,0,0,201,10,211,0,16,223,10,249,248,6,254,503
07/18/2001,ANE,MN,AGL,CE,Federal Contract Tower,0,11,23,0,34,0,10,210,0,220,0,21,233,0,254,292,0,292,546
07/19/2001,ANE,MN,AGL,CE,Federal Contract Tower,0,11,35,0,46,0,3,154,0,157,0,14,189,0,203,236,4,240,443
07/20/2001,ANE,MN,AGL,CE,Federal Contract Tower,0,7,40,0,47,0,9,213,0,222,0,16,253,0,269,342,0,342,611
07/21/2001,ANE,MN,AGL,CE,Federal Contract Tower,0,0,22,0,22,0,1,226,1,228,0,1,248,1,250,270,0,270,520
07/22/2001,ANE,MN,AGL,CE,Federal Contract Tower,0,0,28,0,28,0,4,222,2,228,0,4,250,2,256,262,0,262,518
07/23/2001,ANE,MN,AGL,CE,Federal Contract Tower,0,12,33,0,45,0,6,178,0,184,0,18,211,0,229,280,0,280,509
07/24/2001,ANE,MN,AGL,CE,Federal Contract Tower,0,16,47,0,63,0,7,156,8,171,0,23,203,8,234,188,6,194,428
07/25/2001,ANE,MN,AGL,CE,Federal Contract Tower,0,14,38,0,52,0,8,224,2,234,0,22,262,2,286,344,2,346,632
07/26/2001,ANE,MN,AGL,CE,Federal Contract Tower,0,11,41,0,52,0,1,215,2,218,0,12,256,2,270,274,2,276,546
07/27/2001,ANE,MN,AGL,CE,Federal Contract Tower,0,8,28,0,36,0,6,219,0,225,0,14,247,0,261,96,0,96,357
07/28/2001,ANE,MN,AGL,CE,Federal Contract Tower,0,0,31,0,31,0,2,98,2,102,0,2,129,2,133,174,0,174,307
07/29/2001,ANE,MN,AGL,CE,Federal Contract Tower,0,1,36,0,37,0,6,193,0,199,0,7,229,0,236,296,0,296,532
07/30/2001,ANE,MN,AGL,CE,Federal Contract Tower,0,8,26,0,34,0,8,158,2,168,0,16,184,2,202,166,2,168,370
07/31/2001,ANE,MN,AGL,CE,Federal Contract Tower,0,14,23,0,37,0,1,123,6,130,0,15,146,6,167,172,10,182,349
08/01/2001,ANE,MN,AGL,CE,Federal Contract Tower,0,8,31,0,39,0,2,96,2,100,0,10,127,2,139,146,0,146,285
08/02/2001,ANE,MN,AGL,CE,Federal Contract Tower,0,10,38,0,48,0,2,289,0,291,0,12,327,0,339,452,0,452,791
08/03/2001,ANE,MN,AGL,CE,Federal Contract Tower,0,12,34,0,46,0,1,284,0,285,0,13,318,0,331,258,0,258,589
08/04/2001,ANE,MN,AGL,CE,Federal Contract Tower,0,2,11,1,14,0,4,228,3,235,0,6,239,4,249,172,2,174,423
08/05/2001,ANE,MN,AGL,CE,Federal Contract Tower,0,2,41,0,43,0,2,138,0,140,0,4,179,0,183,154,0,154,337
08/06/2001,ANE,MN,AGL,CE,Federal Contract Tower,0,9,36,0,45,0,5,147,0,152,0,14,183,0,197,204,0,204,401
08/07/2001,ANE,MN,AGL,CE,Federal Contract Tower,0,18,42,0,60,0,7,197,4,208,0,25,239,4,268,262,6,268,536
08/08/2001,ANE,MN,AGL,CE,Federal Contract Tower,0,12,51,0,63,0,4,186,8,198,0,16,237,8,261,148,0,148,409
08/09/2001,ANE,MN,AGL,CE,Federal Contract Tower,0,11,31,0,42,0,3,129,6,138,0,14,160,6,180,272,0,272,452
08/10/2001,ANE,MN,AGL,CE,Federal Contract Tower,0,9,20,0,29,0,1,298,8,307,0,10,318,8,336,354,0,354,690
08/11/2001,ANE,MN,AGL,CE,Federal Contract Tower,0,2,19,0,21,0,0,314,0,314,0,2,333,0,335,210,0,210,545
08/12/2001,ANE,MN,AGL,CE,Federal Contract Tower,0,0,29,0,29,0,3,182,0,185,0,3,211,0,214,110,0,110,324
08/13/2001,ANE,MN,AGL,CE,Federal Contract Tower,0,12,21,0,33,0,0,218,0,218,0,12,239,0,251,184,0,184,435
08/14/2001,ANE,MN,AGL,CE,Federal Contract Tower,0,8,34,0,42,0,3,184,4,191,0,11,218,4,233,227,2,229,462
08/15/2001,ANE,MN,AGL,CE,Federal Contract Tower,0,9,41,0,50,0,4,32,2,38,0,13,73,2,88,84,0,84,172
08/16/2001,ANE,MN,AGL,CE,Federal Contract Tower,0,12,41,0,53,0,2,160,2,164,0,14,201,2,217,94,2,96,313
08/17/2001,ANE,MN,AGL,CE,Federal Contract Tower,0,7,31,0,38,0,4,287,5,296,0,11,318,5,334,330,6,336,670
08/18/2001,ANE,MN,AGL,CE,Federal Contract Tower,0,0,19,0,19,0,1,69,0,70,0,1,88,0,89,68,0,68,157
08/19/2001,ANE,MN,AGL,CE,Federal Contract Tower,0,1,23,1,25,0,0,272,0,272,0,1,295,1,297,238,0,238,535
08/20/2001,ANE,MN,AGL,CE,Federal Contract Tower,0,10,19,0,29,0,4,227,0,231,0,14,246,0,260,232,0,232,492
08/21/2001,ANE,MN,AGL,CE,Federal Contract Tower,0,10,26,0,36,0,4,176,5,185,0,14,202,5,221,228,0,228,449
08/22/2001,ANE,MN,AGL,CE,Federal Contract Tower,0,9,20,0,29,0,6,232,2,240,0,15,252,2,269,354,0,354,623
08/23/2001,ANE,MN,AGL,CE,Federal Contract Tower,0,8,29,0,37,0,10,258,8,276,0,18,287,8,313,244,8,252,565
08/24/2001,ANE,MN,AGL,CE,Federal Contract Tower,0,10,55,0,65,0,0,120,0,120,0,10,175,0,185,282,0,282,467
08/25/2001,ANE,MN,AGL,CE,Federal Contract Tower,0,0,31,0,31,0,4,136,0,140,0,4,167,0,171,230,0,230,401
08/26/2001,ANE,MN,AGL,CE,Federal Contract Tower,0,0,26,0,26,0,6,283,0,289,0,6,309,0,315,338,0,338,653
08/27/2001,ANE,MN,AGL,CE,Federal Contract Tower,0,10,22,0,32,0,4,191,0,195,0,14,213,0,227,210,0,210,437
08/28/2001,ANE,MN,AGL,CE,Federal Contract Tower,0,12,27,0,39,0,0,247,2,249,0,12,274,2,288,296,0,296,584
08/29/2001,ANE,MN,AGL,CE,Federal Contract Tower,0,9,28,0,37,0,2,102,6,110,0,11,130,6,147,124,8,132,279
08/30/2001,ANE,MN,AGL,CE,Federal Contract Tower,0,11,44,0,55,0,0,245,2,247,0,11,289,2,302,262,0,262,564
08/31/2001,ANE,MN,AGL,CE,Federal Contract Tower,0,10,26,0,36,0,1,277,4,282,0,11,303,4,318,214,0,214,532
09/01/2001,ANE,MN,AGL,CE,Federal Contract Tower,0,1,18,0,19,0,0,174,0,174,0,1,192,0,193,100,0,100,293
09/02/2001,ANE,MN,AGL,CE,Federal Contract Tower,0,0,7,0,7,0,1,106,0,107,0,1,113,0,114,82,0,82,196
09/03/2001,ANE,MN,AGL,CE,Federal Contract Tower,0,1,15,0,16,0,2,293,0,295,0,3,308,0,311,128,0,128,439
09/04/2001,ANE,MN,AGL,CE,Federal Contract Tower,0,10,34,0,44,0,0,203,4,207,0,10,237,4,251,198,2,200,451
09/05/2001,ANE,MN,AGL,CE,Federal Contract Tower,0,9,23,0,32,0,1,198,0,199,0,10,221,0,231,188,6,194,425
09/06/2001,ANE,MN,AGL,CE,Federal Contract Tower,0,8,52,1,61,0,0,194,2,196,0,8,246,3,257,130,20,150,407
09/07/2001,ANE,MN,AGL,CE,Federal Contract Tower,0,0,0,0,0,0,2,8,0,10,0,2,8,0,10,0,0,0,10
09/08/2001,ANE,MN,AGL,CE,Federal Contract Tower,0,0,0,0,0,0,4,32,0,36,0,4,32,0,36,0,0,0,36
09/09/2001,ANE,MN,AGL,CE,Federal Contract Tower,0,0,19,0,19,0,0,236,0,236,0,0,255,0,255,138,0,138,393
09/10/2001,ANE,MN,AGL,CE,Federal Contract Tower,0,9,29,0,38,0,5,192,2,199,0,14,221,2,237,238,0,238,475
09/11/2001,ANE,MN,AGL,CE,Federal Contract Tower,0,1,5,0,6,0,2,7,0,9,0,3,12,0,15,0,0,0,15
09/12/2001,ANE,MN,AGL,CE,Federal Contract Tower,0,0,1,0,1,0,0,1,0,1,0,0,2,0,2,0,0,0,2
09/13/2001,ANE,MN,AGL,CE,Federal Contract Tower,0,8,0,1,9,0,0,2,1,3,0,8,2,2,12,0,0,0,12
09/14/2001,ANE,MN,AGL,CE,Federal Contract Tower,0,14,3,1,18,0,0,0,9,9,0,14,3,10,27,0,0,0,27
09/15/2001,ANE,MN,AGL,CE,Federal Contract Tower,0,0,16,0,16,0,0,0,0,0,0,0,16,0,16,0,0,0,16
09/16/2001,ANE,MN,AGL,CE,Federal Contract Tower,0,1,18,0,19,0,1,0,0,1,0,2,18,0,20,2,0,2,22
09/17/2001,ANE,MN,AGL,CE,Federal Contract Tower,0,18,48,0,66,0,2,0,0,2,0,20,48,0,68,8,0,8,76
09/18/2001,ANE,MN,AGL,CE,Federal Contract Tower,0,18,59,0,77,0,0,0,0,0,0,18,59,0,77,8,0,8,85
09/19/2001,ANE,MN,AGL,CE,Federal Contract Tower,0,14,34,0,48,0,0,0,0,0,0,14,34,0,48,2,0,2,50
09/20/2001,ANE,MN,AGL,CE,Federal Contract Tower,0,16,31,0,47,0,0,0,0,0,0,16,31,0,47,4,0,4,51
09/21/2001,ANE,MN,AGL,CE,Federal Contract Tower,0,18,43,0,61,0,2,4,0,6,0,20,47,0,67,0,0,0,67
09/22/2001,ANE,MN,AGL,CE,Federal Contract Tower,0,2,21,0,23,0,0,0,0,0,0,2,21,0,23,28,0,28,51
09/23/2001,ANE,MN,AGL,CE,Federal Contract Tower,0,2,42,0,44,0,0,0,0,0,0,2,42,0,44,10,2,12,56
09/24/2001,ANE,MN,AGL,CE,Federal Contract Tower,0,14,55,0,69,0,0,121,0,121,0,14,176,0,190,120,0,120,310
09/25/2001,ANE,MN,AGL,CE,Federal Contract Tower,0,10,48,0,58,0,1,149,0,150,0,11,197,0,208,202,0,202,410
09/26/2001,ANE,MN,AGL,CE,Federal Contract Tower,0,17,67,0,84,0,3,92,2,97,0,20,159,2,181,200,4,204,385
09/27/2001,ANE,MN,AGL,CE,Federal Contract Tower,0,15,78,0,93,0,1,160,2,163,0,16,238,2,256,154,0,154,410
09/28/2001,ANE,MN,AGL,CE,Federal Contract Tower,0,8,68,0,76,0,0,130,2,132,0,8,198,2,208,130,0,130,338
09/29/2001,ANE,MN,AGL,CE,Federal Contract Tower,0,5,65,0,70,0,0,82,0,82,0,5,147,0,152,150,0,150,302
09/30/2001,ANE,MN,AGL,CE,Federal Contract Tower,0,3,63,0,66,0,2,88,0,90,0,5,151,0,156,114,0,114,270
10/01/2001,ANE,MN,AGL,CE,Federal Contract Tower,0,10,27,2,39,0,0,26,0,26,0,10,53,2,65,74,0,74,139
10/02/2001,ANE,MN,AGL,CE,Federal Contract Tower,0,11,52,0,63,0,1,64,4,69,0,12,116,4,132,116,0,116,248
10/03/2001,ANE,MN,AGL,CE,Federal Contract Tower,0,17,53,2,72,0,9,94,4,107,0,26,147,6,179,248,0,248,427
10/04/2001,ANE,MN,AGL,CE,Federal Contract Tower,0,12,60,0,72,0,2,152,0,154,0,14,212,0,226,182,0,182,408
10/05/2001,ANE,MN,AGL,CE,Federal Contract Tower,0,11,40,0,51,0,0,136,1,137,0,11,176,1,188,142,4,146,334
10/06/2001,ANE,MN,AGL,CE,Federal Contract Tower,0,1,54,0,55,0,1,130,0,131,0,2,184,0,186,132,0,132,318
10/07/2001,ANE,MN,AGL,CE,Federal Contract Tower,0,0,43,0,43,0,0,61,0,61,0,0,104,0,104,48,0,48,152
10/08/2001,ANE,MN,AGL,CE,Federal Contract Tower,0,9,38,0,47,0,3,48,0,51,0,12,86,0,98,70,0,70,168
10/09/2001,ANE,MN,AGL,CE,Federal Contract Tower,0,9,24,0,33,0,1,55,2,58,0,10,79,2,91,38,2,40,131
10/10/2001,ANE,MN,AGL,CE,Federal Contract Tower,0,11,29,0,40,0,6,19,0,25,0,17,48,0,65,34,0,34,99
10/11/2001,ANE,MN,AGL,CE,Federal Contract Tower,0,21,75,0,96,0,1,161,0,162,0,22,236,0,258,224,2,226,484
10/12/2001,ANE,MN,AGL,CE,Federal Contract Tower,0,13,50,1,64,0,5,107,1,113,0,18,157,2,177,178,0,178,355
10/13/2001,ANE,MN,AGL,CE,Federal Contract Tower,0,2,25,0,27,0,3,12,0,15,0,5,37,0,42,64,0,64,106
10/14/2001,ANE,MN,AGL,CE,Federal Contract Tower,0,3,30,0,33,0,1,55,0,56,0,4,85,0,89,162,0,162,251
10/15/2001,ANE,MN,AGL,CE,Federal Contract Tower,0,10,42,0,52,0,2,46,4,52,0,12,88,4,104,94,0,94,198
10/16/2001,ANE,MN,AGL,CE,Federal Contract Tower,0,11,40,0,51,0,2,184,0,186,0,13,224,0,237,254,0,254,491
10/17/2001,ANE,MN,AGL,CE,Federal Contract Tower,0,14,47,2,63,0,3,167,4,174,0,17,214,6,237,320,10,330,567
10/18/2001,ANE,MN,AGL,CE,Federal Contract Tower,0,11,34,0,45,0,0,215,0,215,0,11,249,0,260,188,0,188,448
10/19/2001,ANE,MN,AGL,CE,Federal Contract Tower,0,8,27,0,35,0,8,186,2,196,0,16,213,2,231,216,0,216,447
10/20/2001,ANE,MN,AGL,CE,Federal Contract Tower,0,2,13,0,15,0,0,220,0,220,0,2,233,0,235,160,0,160,395
10/21/2001,ANE,MN,AGL,CE,Federal Contract Tower,0,0,30,0,30,0,0,209,0,209,0,0,239,0,239,196,0,196,435
10/22/2001,ANE,MN,AGL,CE,Federal Contract Tower,0,12,40,0,52,0,1,163,0,164,0,13,203,0,216,178,0,178,394
10/23/2001,ANE,MN,AGL,CE,Federal Contract Tower,0,11,22,0,33,0,1,198,0,199,0,12,220,0,232,280,6,286,518
10/24/2001,ANE,MN,AGL,CE,Federal Contract Tower,0,14,27,0,41,0,0,89,0,89,0,14,116,0,130,110,12,122,252
10/25/2001,ANE,MN,AGL,CE,Federal Contract Tower,0,10,8,0,18,0,4,1,0,5,0,14,9,0,23,0,0,0,23
10/26/2001,ANE,MN,AGL,CE,Federal Contract Tower,0,6,29,0,35,0,3,76,2,81,0,9,105,2,116,84,2,86,202
10/27/2001,ANE,MN,AGL,CE,Federal Contract Tower,0,3,15,0,18,0,0,256,0,256,0,3,271,0,274,168,0,168,442
10/28/2001,ANE,MN,AGL,CE,Federal Contract Tower,0,2,25,0,27,0,5,167,0,172,0,7,192,0,199,198,0,198,397
10/29/2001,ANE,MN,AGL,CE,Federal Contract Tower,0,10,48,0,58,0,13,141,0,154,0,23,189,0,212,206,2,208,420
10/30/2001,ANE,MN,AGL,CE,Federal Contract Tower,0,15,33,0,48,0,4,84,0,88,0,19,117,0,136,200,2,202,338
10/31/2001,ANE,MN,AGL,CE,Federal Contract Tower,0,7,42,0,49,0,7,122,0,129,0,14,164,0,178,194,0,194,372
11/01/2001,ANE,MN,AGL,CE,Federal Contract Tower,0,14,33,0,47,0,7,215,0,222,0,21,248,0,269,162,0,162,431
11/02/2001,ANE,MN,AGL,CE,Federal Contract Tower,0,13,34,0,47,0,3,136,0,139,0,16,170,0,186,150,0,150,336
11/03/2001,ANE,MN,AGL,CE,Federal Contract Tower,0,0,22,0,22,0,0,246,0,246,0,0,268,0,268,214,2,216,484
11/04/2001,ANE,MN,AGL,CE,Federal Contract Tower,0,1,15,0,16,0,0,269,2,271,0,1,284,2,287,228,0,228,515
11/05/2001,ANE,MN,AGL,CE,Federal Contract Tower,0,12,30,0,42,0,1,165,0,166,0,13,195,0,208,204,0,204,412
11/06/2001,ANE,MN,AGL,CE,Federal Contract Tower,0,17,35,0,52,0,2,194,4,200,0,19,229,4,252,288,4,292,544
11/07/2001,ANE,MN,AGL,CE,Federal Contract Tower,0,17,36,0,53,0,4,141,0,145,0,21,177,0,198,174,0,174,372
11/08/2001,ANE,MN,AGL,CE,Federal Contract Tower,0,13,24,0,37,0,0,151,2,153,0,13,175,2,190,128,0,128,318
11/09/2001,ANE,MN,AGL,CE,Federal Contract Tower,0,8,21,0,29,0,10,211,0,221,0,18,232,0,250,152,4,156,406
11/10/2001,ANE,MN,AGL,CE,Federal Contract Tower,0,0,24,0,24,0,0,327,0,327,0,0,351,0,351,318,0,318,669
11/11/2001,ANE,MN,AGL,CE,Federal Contract Tower,0,0,25,0,25,0,2,216,0,218,0,2,241,0,243,172,0,172,415
11/12/2001,ANE,MN,AGL,CE,Federal Contract Tower,0,5,38,0,43,0,0,180,0,180,0,5,218,0,223,234,0,234,457
11/13/2001,ANE,MN,AGL,CE,Federal Contract Tower,0,11,51,0,62,0,0,46,0,46,0,11,97,0,108,110,2,112,220
11/14/2001,ANE,MN,AGL,CE,Federal Contract Tower,0,13,61,0,74,0,2,13,0,15,0,15,74,0,89,12,0,12,101
11/15/2001,ANE,MN,AGL,CE,Federal Contract Tower,0,15,38,0,53,0,4,238,0,242,0,19,276,0,295,360,0,360,655
11/16/2001,ANE,MN,AGL,CE,Federal Contract Tower,0,9,33,0,42,0,6,284,2,292,0,15,317,2,334,256,0,256,590
11/17/2001,ANE,MN,AGL,CE,Federal Contract Tower,0,0,20,0,20,0,0,328,0,328,0,0,348,0,348,404,0,404,752
11/18/2001,ANE,MN,AGL,CE,Federal Contract Tower,0,0,28,0,28,0,0,76,0,76,0,0,104,0,104,130,0,130,234
11/19/2001,ANE,MN,AGL,CE,Federal Contract Tower,0,5,29,0,34,0,1,90,0,91,0,6,119,0,125,42,2,44,169
11/20/2001,ANE,MN,AGL,CE,Federal Contract Tower,0,18,38,0,56,0,1,137,4,142,0,19,175,4,198,130,8,138,336
11/21/2001,ANE,MN,AGL,CE,Federal Contract Tower,0,6,36,0,42,0,0,255,0,255,0,6,291,0,297,208,0,208,505
11/22/2001,ANE,MN,AGL,CE,Federal Contract Tower,0,1,6,0,7,0,0,82,0,82,0,1,88,0,89,78,0,78,167
11/23/2001,ANE,MN,AGL,CE,Federal Contract Tower,0,7,13,0,20,0,2,240,0,242,0,9,253,0,262,246,0,246,508
11/24/2001,ANE,MN,AGL,CE,Federal Contract Tower,0,2,9,0,11,0,0,1,0,1,0,2,10,0,12,6,0,6,18
11/25/2001,ANE,MN,AGL,CE,Federal Contract Tower,0,1,19,0,20,0,0,55,0,55,0,1,74,0,75,38,0,38,113
11/26/2001,ANE,MN,AGL,CE,Federal Contract Tower,0,6,5,0,11,0,0,0,0,0,0,6,5,0,11,0,0,0,11
11/27/2001,ANE,MN,AGL,CE,Federal Contract Tower,0,8,6,0,14,0,0,0,0,0,0,8,6,0,14,0,0,0,14
11/28/2001,ANE,MN,AGL,CE,Federal Contract Tower,0,10,10,0,20,0,1,22,0,23,0,11,32,0,43,38,0,38,81
11/29/2001,ANE,MN,AGL,CE,Federal Contract Tower,0,12,21,0,33,0,0,27,0,27,0,12,48,0,60,160,0,160,220
11/30/2001,ANE,MN,AGL,CE,Federal Contract Tower,0,9,11,0,20,0,2,8,0,10,0,11,19,0,30,16,0,16,46
12/01/2001,ANE,MN,AGL,CE,Federal Contract Tower,0,0,20,0,20,0,1,90,0,91,0,1,110,0,111,236,0,236,347
12/02/2001,ANE,MN,AGL,CE,Federal Contract Tower,0,0,19,0,19,0,0,215,0,215,0,0,234,0,234,152,0,152,386
12/03/2001,ANE,MN,AGL,CE,Federal Contract Tower,0,11,30,0,41,0,2,160,2,164,0,13,190,2,205,84,0,84,289
12/04/2001,ANE,MN,AGL,CE,Federal Contract Tower,0,8,29,0,37,0,2,30,0,32,0,10,59,0,69,78,0,78,147
12/05/2001,ANE,MN,AGL,CE,Federal Contract Tower,0,13,26,0,39,0,3,42,0,45,0,16,68,0,84,136,2,138,222
12/06/2001,ANE,MN,AGL,CE,Federal Contract Tower,0,15,14,0,29,0,0,237,2,239,0,15,251,2,268,324,12,336,604
12/07/2001,ANE,MN,AGL,CE,Federal Contract Tower,0,8,32,0,40,0,2,98,0,100,0,10,130,0,140,140,4,144,284
12/08/2001,ANE,MN,AGL,CE,Federal Contract Tower,0,0,11,0,11,0,1,124,0,125,0,1,135,0,136,252,0,252,388
12/09/2001,ANE,MN,AGL,CE,Federal Contract Tower,0,0,12,0,12,0,2,187,0,189,0,2,199,0,201,190,0,190,391
12/10/2001,ANE,MN,AGL,CE,Federal Contract Tower,0,8,38,0,46,0,4,124,0,128,0,12,162,0,174,188,0,188,362
12/11/2001,ANE,MN,AGL,CE,Federal Contract Tower,0,17,31,1,49,0,6,84,13,103,0,23,115,14,152,86,6,92,244
12/12/2001,ANE,MN,AGL,CE,Federal Contract Tower,0,12,26,1,39,0,5,65,1,71,0,17,91,2,110,236,2,238,348
12/13/2001,ANE,MN,AGL,CE,Federal Contract Tower,0,11,34,0,45,0,5,89,2,96,0,16,123,2,141,184,4,188,329
12/14/2001,ANE,MN,AGL,CE,Federal Contract Tower,0,13,29,0,42,0,2,29,2,33,0,15,58,2,75,12,0,12,87
12/15/2001,ANE,MN,AGL,CE,Federal Contract Tower,0,0,27,0,27,0,0,101,0,101,0,0,128,0,128,146,0,146,274
12/16/2001,ANE,MN,AGL,CE,Federal Contract Tower,0,0,22,0,22,0,1,14,4,19,0,1,36,4,41,34,0,34,75
12/17/2001,ANE,MN,AGL,CE,Federal Contract Tower,0,14,42,0,56,0,1,186,0,187,0,15,228,0,243,252,0,252,495
12/18/2001,ANE,MN,AGL,CE,Federal Contract Tower,0,15,20,0,35,0,6,147,0,153,0,21,167,0,188,196,0,196,384
12/19/2001,ANE,MN,AGL,CE,Federal Contract Tower,0,12,35,0,47,0,5,140,0,145,0,17,175,0,192,176,2,178,370
12/20/2001,ANE,MN,AGL,CE,Federal Contract Tower,0,15,52,0,67,0,4,186,2,192,0,19,238,2,259,240,0,240,499
12/21/2001,ANE,MN,AGL,CE,Federal Contract Tower,0,9,40,0,49,0,3,121,0,124,0,12,161,0,173,114,0,114,287
12/22/2001,ANE,MN,AGL,CE,Federal Contract Tower,0,1,10,0,11,0,1,0,0,1,0,2,10,0,12,36,0,36,48
12/23/2001,ANE,MN,AGL,CE,Federal Contract Tower,0,0,6,0,6,0,1,16,0,17,0,1,22,0,23,2,0,2,25
12/24/2001,ANE,MN,AGL,CE,Federal Contract Tower,0,7,5,0,12,0,2,46,0,48,0,9,51,0,60,48,0,48,108
12/25/2001,ANE,MN,AGL,CE,Federal Contract Tower,0,2,8,0,10,0,3,60,0,63,0,5,68,0,73,54,0,54,127
12/26/2001,ANE,MN,AGL,CE,Federal Contract Tower,0,7,26,0,33,0,1,34,0,35,0,8,60,0,68,84,0,84,152
12/27/2001,ANE,MN,AGL,CE,Federal Contract Tower,0,9,38,0,47,0,2,83,2,87,0,11,121,2,134,132,16,148,282
12/28/2001,ANE,MN,AGL,CE,Federal Contract Tower,0,14,27,0,41,0,4,87,6,97,0,18,114,6,138,242,0,242,380
12/29/2001,ANE,MN,AGL,CE,Federal Contract Tower,0,1,17,0,18,0,4,102,0,106,0,5,119,0,124,194,0,194,318
12/30/2001,ANE,MN,AGL,CE,Federal Contract Tower,0,0,22,0,22,0,4,179,0,183,0,4,201,0,205,200,0,200,405
12/31/2001,ANE,MN,AGL,CE,Federal Contract Tower,0,8,13,0,21,0,3,169,0,172,0,11,182,0,193,214,0,214,407
01/01/2002,ANE,MN,AGL,CE,Federal Contract Tower,0,7,9,0,16,0,0,57,0,57,0,7,66,0,73,44,0,44,117
01/02/2002,ANE,MN,AGL,CE,Federal Contract Tower,0,17,24,0,41,0,1,127,0,128,0,18,151,0,169,160,0,160,329
01/03/2002,ANE,MN,AGL,CE,Federal Contract Tower,0,12,29,0,41,0,0,166,2,168,0,12,195,2,209,230,6,236,445
01/04/2002,ANE,MN,AGL,CE,Federal Contract Tower,0,12,31,0,43,0,3,166,4,173,0,15,197,4,216,222,0,222,438
01/05/2002,ANE,MN,AGL,CE,Federal Contract Tower,0,0,21,0,21,0,9,213,0,222,0,9,234,0,243,348,0,348,591
01/06/2002,ANE,MN,AGL,CE,Federal Contract Tower,0,1,15,0,16,0,4,101,0,105,0,5,116,0,121,130,0,130,251
01/07/2002,ANE,MN,AGL,CE,Federal Contract Tower,0,10,21,0,31,0,1,151,0,152,0,11,172,0,183,182,0,182,365
01/08/2002,ANE,MN,AGL,CE,Federal Contract Tower,0,11,34,0,45,0,0,246,2,248,0,11,280,2,293,258,4,262,555
01/09/2002,ANE,MN,AGL,CE,Federal Contract Tower,0,13,40,0,53,0,1,197,2,200,0,14,237,2,253,288,0,288,541
01/10/2002,ANE,MN,AGL,CE,Federal Contract Tower,0,16,22,0,38,0,5,92,2,99,0,21,114,2,137,148,2,150,287
01/11/2002,ANE,MN,AGL,CE,Federal Contract Tower,0,9,30,0,39,0,0,176,0,176,0,9,206,0,215,204,0,204,419
01/12/2002,ANE,MN,AGL,CE,Federal Contract Tower,0,1,17,0,18,0,2,273,2,277,0,3,290,2,295,310,2,312,607
01/13/2002,ANE,MN,AGL,CE,Federal Contract Tower,0,1,12,0,13,0,1,63,2,66,0,2,75,2,79,164,4,168,247
01/14/2002,ANE,MN,AGL,CE,Federal Contract Tower,0,12,14,0,26,0,0,22,0,22,0,12,36,0,48,34,0,34,82
01/15/2002,ANE,MN,AGL,CE,Federal Contract Tower,0,12,30,0,42,0,4,73,0,77,0,16,103,0,119,106,0,106,225
01/16/2002,ANE,MN,AGL,CE,Federal Contract Tower,0,10,25,0,35,0,0,30,0,30,0,10,55,0,65,78,0,78,143
01/17/2002,ANE,MN,AGL,CE,Federal Contract Tower,0,16,38,0,54,0,5,127,4,136,0,21,165,4,190,216,2,218,408
01/18/2002,ANE,MN,AGL,CE,Federal Contract Tower,0,12,21,0,33,0,2,153,2,157,0,14,174,2,190,214,0,214,404
01/19/2002,ANE,MN,AGL,CE,Federal Contract Tower,0,2,18,0,20,0,1,150,0,151,0,3,168,0,171,174,0,174,345
01/20/2002,ANE,MN,AGL,CE,Federal Contract Tower,0,1,19,0,20,0,1,123,0,124,0,2,142,0,144,222,0,222,366
01/21/2002,ANE,MN,AGL,CE,Federal Contract Tower,0,5,22,0,27,0,0,82,0,82,0,5,104,0,109,184,0,184,293
01/22/2002,ANE,MN,AGL,CE,Federal Contract Tower,0,6,21,0,27,0,2,147,2,151,0,8,168,2,178,238,0,238,416
01/23/2002,ANE,MN,AGL,CE,Federal Contract Tower,0,16,23,0,39,0,4,121,8,133,0,20,144,8,172,290,18,308,480
01/24/2002,ANE,MN,AGL,CE,Federal Contract Tower,0,13,42,0,55,0,2,180,2,184,0,15,222,2,239,228,6,234,473
01/25/2002,ANE,MN,AGL,CE,Federal Contract Tower,0,13,33,0,46,0,7,252,2,261,0,20,285,2,307,296,16,312,619
01/26/2002,ANE,MN,AGL,CE,Federal Contract Tower,0,2,13,0,15,0,2,358,4,364,0,4,371,4,379,328,0,328,707
01/27/2002,ANE,MN,AGL,CE,Federal Contract Tower,0,0,14,0,14,0,0,78,0,78,0,0,92,0,92,212,0,212,304
01/28/2002,ANE,MN,AGL,CE,Federal Contract Tower,0,7,11,0,18,0,0,16,0,16,0,7,27,0,34,22,0,22,56
01/29/2002,ANE,MN,AGL,CE,Federal Contract Tower,0,11,15,0,26,0,5,50,2,57,0,16,65,2,83,156,4,160,243
01/30/2002,ANE,MN,AGL,CE,Federal Contract Tower,0,13,26,0,39,0,4,192,2,198,0,17,218,2,237,260,2,262,499
01/31/2002,ANE,MN,AGL,CE,Federal Contract Tower,0,14,14,0,28,0,0,64,0,64,0,14,78,0,92,126,0,126,218
02/01/2002,ANE,MN,AGL,CE,Federal Contract Tower,0,11,17,0,28,0,0,189,2,191,0,11,206,2,219,154,0,154,373
02/02/2002,ANE,MN,AGL,CE,Federal Contract Tower,0,1,16,0,17,0,0,170,0,170,0,1,186,0,187,178,4,182,369
02/03/2002,ANE,MN,AGL,CE,Federal Contract Tower,0,0,16,0,16,0,0,81,0,81,0,0,97,0,97,160,2,162,259
02/04/2002,ANE,MN,AGL,CE,Federal Contract Tower,0,11,17,0,28,0,2,103,0,105,0,13,120,0,133,102,0,102,235
02/05/2002,ANE,MN,AGL,CE,Federal Contract Tower,0,12,25,0,37,0,2,150,4,156,0,14,175,4,193,182,8,190,383
02/06/2002,ANE,MN,AGL,CE,Federal Contract Tower,0,11,31,0,42,0,2,226,2,230,0,13,257,2,272,300,6,306,578
02/07/2002,ANE,MN,AGL,CE,Federal Contract Tower,0,17,49,0,66,0,5,194,0,199,0,22,243,0,265,234,2,236,501
02/08/2002,ANE,MN,AGL,CE,Federal Contract Tower,0,9,21,0,30,0,0,186,0,186,0,9,207,0,216,210,0,210,426
02/09/2002,ANE,MN,AGL,CE,Federal Contract Tower,0,1,4,0,5,0,0,5,0,5,0,1,9,0,10,0,0,0,10
02/10/2002,ANE,MN,AGL,CE,Federal Contract Tower,0,0,11,0,11,0,4,193,0,197,0,4,204,0,208,214,0,214,422
02/11/2002,ANE,MN,AGL,CE,Federal Contract Tower,0,11,18,0,29,0,3,30,2,35,0,14,48,2,64,78,4,82,146
02/12/2002,ANE,MN,AGL,CE,Federal Contract Tower,0,13,20,0,33,0,0,45,2,47,0,13,65,2,80,70,10,80,160
02/13/2002,ANE,MN,AGL,CE,Federal Contract Tower,0,9,30,0,39,0,6,148,4,158,0,15,178,4,197,76,4,80,277
02/14/2002,ANE,MN,AGL,CE,Federal Contract Tower,0,12,11,0,23,0,3,113,6,122,0,15,124,6,145,84,0,84,229
02/15/2002,ANE,MN,AGL,CE,Federal Contract Tower,0,13,16,0,29,0,0,97,4,101,0,13,113,4,130,176,0,176,306
02/16/2002,ANE,MN,AGL,CE,Federal Contract Tower,0,2,21,0,23,0,2,176,0,178,0,4,197,0,201,138,0,138,339
02/17/2002,ANE,MN,AGL,CE,Federal Contract Tower,0,0,15,0,15,0,0,231,0,231,0,0,246,0,246,284,0,284,530
02/18/2002,ANE,MN,AGL,CE,Federal Contract Tower,0,7,34,0,41,0,2,159,0,161,0,9,193,0,202,236,0,236,438
02/19/2002,ANE,MN,AGL,CE,Federal Contract Tower,0,11,10,0,21,0,0,0,0,0,0,11,10,0,21,2,0,2,23
02/20/2002,ANE,MN,AGL,CE,Federal Contract Tower,0,13,13,0,26,0,0,1,0,1,0,13,14,0,27,4,0,4,31
02/21/2002,ANE,MN,AGL,CE,Federal Contract Tower,0,14,32,0,46,0,3,133,6,142,0,17,165,6,188,170,0,170,358
02/22/2002,ANE,MN,AGL,CE,Federal Contract Tower,0,9,38,0,47,0,7,113,2,122,0,16,151,2,169,136,0,136,305
02/23/2002,ANE,MN,AGL,CE,Federal Contract Tower,0,1,34,0,35,0,4,266,0,270,0,5,300,0,305,354,0,354,659
02/24/2002,ANE,MN,AGL,CE,Federal Contract Tower,0,0,0,0,0,0,21,0,0,21,0,21,0,0,21,40,0,40,61
02/25/2002,ANE,MN,AGL,CE,Federal Contract Tower,0,9,16,0,25,0,1,60,8,69,0,10,76,8,94,188,4,192,286
02/26/2002,ANE,MN,AGL,CE,Federal Contract Tower,0,4,30,0,34,0,1,41,0,42,0,5,71,0,76,68,0,68,144
02/27/2002,ANE,MN,AGL,CE,Federal Contract Tower,0,16,37,0,53,0,2,175,0,177,0,18,212,0,230,188,0,188,418
02/28/2002,ANE,MN,AGL,CE,Federal Contract Tower,0,15,33,0,48,0,6,124,0,130,0,21,157,0,178,204,2,206,384
03/01/2002,ANE,MN,AGL,CE,Federal Contract Tower,0,14,41,0,55,0,1,155,0,156,0,15,196,0,211,262,6,268,479
03/02/2002,ANE,MN,AGL,CE,Federal Contract Tower,0,0,16,0,16,0,1,163,0,164,0,1,179,0,180,188,0,188,368
03/03/2002,ANE,MN,AGL,CE,Federal Contract Tower,0,0,23,0,23,0,0,104,0,104,0,0,127,0,127,68,0,68,195
03/04/2002,ANE,MN,AGL,CE,Federal Contract Tower,0,14,27,0,41,0,2,25,0,27,0,16,52,0,68,30,0,30,98
03/05/2002,ANE,MN,AGL,CE,Federal Contract Tower,0,8,18,0,26,0,2,38,0,40,0,10,56,0,66,114,0,114,180
03/06/2002,ANE,MN,AGL,CE,Federal Contract Tower,0,17,29,0,46,0,2,80,18,100,0,19,109,18,146,144,8,152,298
03/07/2002,ANE,MN,AGL,CE,Federal Contract Tower,0,8,21,0,29,0,2,92,2,96,0,10,113,2,125,252,4,256,381
03/08/2002,ANE,MN,AGL,CE,Federal Contract Tower,0,6,5,0,11,0,5,26,2,33,0,11,31,2,44,76,0,76,120
03/09/2002,ANE,MN,AGL,CE,Federal Contract Tower,0,0,1,0,1,0,0,0,0,0,0,0,1,0,1,0,0,0,1
03/10/2002,ANE,MN,AGL,CE,Federal Contract Tower,0,2,25,0,27,0,6,140,0,146,0,8,165,0,173,186,0,186,359
03/11/2002,ANE,MN,AGL,CE,Federal Contract Tower,0,8,34,0,42,0,2,129,4,135,0,10,163,4,177,144,0,144,321
03/12/2002,ANE,MN,AGL,CE,Federal Contract Tower,0,8,34,0,42,0,1,127,2,130,0,9,161,2,172,180,4,184,356
03/13/2002,ANE,MN,AGL,CE,Federal Contract Tower,0,16,26,0,42,0,4,182,6,192,0,20,208,6,234,354,6,360,594
03/14/2002,ANE,MN,AGL,CE,Federal Contract Tower,0,3,3,0,6,0,0,5,0,5,0,3,8,0,11,4,0,4,15
03/15/2002,ANE,MN,AGL,CE,Federal Contract Tower,0,13,12,0,25,0,10,107,10,127,0,23,119,10,152,168,8,176,328
03/16/2002,ANE,MN,AGL,CE,Federal Contract Tower,0,1,21,0,22,0,5,188,0,193,0,6,209,0,215,194,2,196,411
03/17/2002,ANE,MN,AGL,CE,Federal Contract Tower,0,1,10,0,11,0,3,80,0,83,0,4,90,0,94,96,2,98,192
03/18/2002,ANE,MN,AGL,CE,Federal Contract Tower,0,9,26,0,35,0,1,63,2,66,0,10,89,2,101,142,0,142,243
03/19/2002,ANE,MN,AGL,CE,Federal Contract Tower,0,14,22,0,36,0,4,77,0,81,0,18,99,0,117,138,0,138,255
03/20/2002,ANE,MN,AGL,CE,Federal Contract Tower,0,12,33,0,45,0,4,87,0,91,0,16,120,0,136,152,2,154,290
03/21/2002,ANE,MN,AGL,CE,Federal Contract Tower,0,14,15,0,29,0,2,75,2,79,0,16,90,2,108,86,0,86,194
03/22/2002,ANE,MN,AGL,CE,Federal Contract Tower,0,6,28,0,34,0,7,161,0,168,0,13,189,0,202,176,0,176,378
03/23/2002,ANE,MN,AGL,CE,Federal Contract Tower,0,1,21,0,22,0,0,209,0,209,0,1,230,0,231,190,0,190,421
03/24/2002,ANE,MN,AGL,CE,Federal Contract Tower,0,0,14,0,14,0,0,108,0,108,0,0,122,0,122,118,0,118,240
03/25/2002,ANE,MN,AGL,CE,Federal Contract Tower,0,14,34,0,48,0,8,153,2,163,0,22,187,2,211,228,4,232,443
03/26/2002,ANE,MN,AGL,CE,Federal Contract Tower,0,8,24,0,32,0,5,220,4,229,0,13,244,4,261,290,6,296,557
03/27/2002,ANE,MN,AGL,CE,Federal Contract Tower,0,8,27,0,35,0,1,150,0,151,0,9,177,0,186,180,4,184,370
03/28/2002,ANE,MN,AGL,CE,Federal Contract Tower,0,12,26,0,38,0,1,91,2,94,0,13,117,2,132,78,4,82,214
03/29/2002,ANE,MN,AGL,CE,Federal Contract Tower,0,9,13,0,22,0,0,172,2,174,0,9,185,2,196,144,0,144,340
03/30/2002,ANE,MN,AGL,CE,Federal Contract Tower,0,1,25,0,26,0,0,131,0,131,0,1,156,0,157,248,0,248,405
03/31/2002,ANE,MN,AGL,CE,Federal Contract Tower,0,2,13,0,15,0,0,43,0,43,0,2,56,0,58,8,0,8,66
04/01/2002,ANE,MN,AGL,CE,Federal Contract Tower,0,11,9,0,20,0,0,4,0,4,0,11,13,0,24,28,0,28,52
04/02/2002,ANE,MN,AGL,CE,Federal Contract Tower,0,10,11,0,21,0,0,20,0,20,0,10,31,0,41,48,0,48,89
04/03/2002,ANE,MN,AGL,CE,Federal Contract Tower,0,5,32,0,37,0,6,115,0,121,0,11,147,0,158,220,0,220,378
04/04/2002,ANE,MN,AGL,CE,Federal Contract Tower,0,8,26,0,34,0,0,203,0,203,0,8,229,0,237,258,2,260,497
04/05/2002,ANE,MN,AGL,CE,Federal Contract Tower,0,8,40,0,48,0,2,187,2,191,0,10,227,2,239,208,0,208,447
04/06/2002,ANE,MN,AGL,CE,Federal Contract Tower,0,1,25,0,26,0,2,194,2,198,0,3,219,2,224,246,0,246,470
04/07/2002,ANE,MN,AGL,CE,Federal Contract Tower,0,1,20,0,21,0,7,132,6,145,0,8,152,6,166,266,6,272,438
04/08/2002,ANE,MN,AGL,CE,Federal Contract Tower,0,7,22,0,29,0,1,93,0,94,0,8,115,0,123,116,0,116,239
04/09/2002,ANE,MN,AGL,CE,Federal Contract Tower,0,14,24,0,38,0,2,263,4,269,0,16,287,4,307,362,8,370,677
04/10/2002,ANE,MN,AGL,CE,Federal Contract Tower,0,10,39,0,49,0,1,1,2,4,0,11,40,2,53,14,0,14,67
04/11/2002,ANE,MN,AGL,CE,Federal Contract Tower,0,10,23,0,33,0,0,5,0,5,0,10,28,0,38,4,0,4,42
04/12/2002,ANE,MN,AGL,CE,Federal Contract Tower,0,10,48,0,58,0,3,200,6,209,0,13,248,6,267,300,8,308,575
04/13/2002,ANE,MN,AGL,CE,Federal Contract Tower,0,1,21,0,22,0,2,206,2,210,0,3,227,2,232,260,2,262,494
04/14/2002,ANE,MN,AGL,CE,Federal Contract Tower,0,2,22,0,24,0,1,183,0,184,0,3,205,0,208,164,6,170,378
04/15/2002,ANE,MN,AGL,CE,Federal Contract Tower,0,6,25,0,31,0,7,131,2,140,0,13,156,2,171,206,10,216,387
04/16/2002,ANE,MN,AGL,CE,Federal Contract Tower,0,5,23,0,28,0,0,60,4,64,0,5,83,4,92,108,0,108,200
04/17/2002,ANE,MN,AGL,CE,Federal Contract Tower,0,13,29,0,42,0,3,249,2,254,0,16,278,2,296,252,0,252,548
04/18/2002,ANE,MN,AGL,CE,Federal Contract Tower,0,10,28,0,38,0,0,150,8,158,0,10,178,8,196,212,14,226,422
04/19/2002,ANE,MN,AGL,CE,Federal Contract Tower,0,9,35,0,44,0,0,188,0,188,0,9,223,0,232,258,10,268,500
04/20/2002,ANE,MN,AGL,CE,Federal Contract Tower,0,3,13,0,16,0,3,246,4,253,0,6,259,4,269,296,18,314,583
04/21/2002,ANE,MN,AGL,CE,Federal Contract Tower,0,0,0,0,0,0,13,0,0,13,0,13,0,0,13,2,0,2,15
04/22/2002,ANE,MN,AGL,CE,Federal Contract Tower,0,13,20,0,33,0,5,123,4,132,0,18,143,4,165,144,0,144,309
04/23/2002,ANE,MN,AGL,CE,Federal Contract Tower,0,7,26,0,33,0,4,168,4,176,0,11,194,4,209,164,0,164,373
04/24/2002,ANE,MN,AGL,CE,Federal Contract Tower,0,12,7,0,19,0,2,44,4,50,0,14,51,4,69,18,2,20,89
04/25/2002,ANE,MN,AGL,CE,Federal Contract Tower,0,10,25,0,35,0,2,115,4,121,0,12,140,4,156,198,4,202,358
04/26/2002,ANE,MN,AGL,CE,Federal Contract Tower,0,11,37,0,48,0,9,263,0,272,0,20,300,0,320,360,0,360,680
04/27/2002,ANE,MN,AGL,CE,Federal Contract Tower,0,3,5,0,8,0,4,20,0,24,0,7,25,0,32,36,0,36,68
04/28/2002,ANE,MN,AGL,CE,Federal Contract Tower,0,0,23,0,23,0,0,74,0,74,0,0,97,0,97,138,0,138,235
04/29/2002,ANE,MN,AGL,CE,Federal Contract Tower,0,6,28,0,34,0,2,100,0,102,0,8,128,0,136,64,0,64,200
04/30/2002,ANE,MN,AGL,CE,Federal Contract Tower,0,14,24,0,38,0,2,240,6,248,0,16,264,6,286,316,0,316,602
05/01/2002,ANE,MN,AGL,CE,Federal Contract Tower,0,12,30,0,42,0,6,179,4,189,0,18,209,4,231,226,6,232,463
05/02/2002,ANE,MN,AGL,CE,Federal Contract Tower,0,8,26,0,34,0,6,150,4,160,0,14,176,4,194,156,0,156,350
05/03/2002,ANE,MN,AGL,CE,Federal Contract Tower,0,9,33,0,42,0,11,235,4,250,0,20,268,4,292,264,12,276,568
05/04/2002,ANE,MN,AGL,CE,Federal Contract Tower,0,2,26,0,28,0,4,299,0,303,0,6,325,0,331,306,0,306,637
05/05/2002,ANE,MN,AGL,CE,Federal Contract Tower,0,0,16,0,16,0,1,136,0,137,0,1,152,0,153,76,8,84,237
05/06/2002,ANE,MN,AGL,CE,Federal Contract Tower,0,10,42,0,52,0,2,69,0,71,0,12,111,0,123,124,0,124,247
05/07/2002,ANE,MN,AGL,CE,Federal Contract Tower,0,12,26,0,38,0,7,151,6,164,0,19,177,6,202,234,4,238,440
05/08/2002,ANE,MN,AGL,CE,Federal Contract Tower,0,15,42,0,57,0,0,11,2,13,0,15,53,2,70,14,0,14,84
05/09/2002,ANE,MN,AGL,CE,Federal Contract Tower,0,9,15,0,24,0,0,28,1,29,0,9,43,1,53,40,4,44,97
05/10/2002,ANE,MN,AGL,CE,Federal Contract Tower,0,12,34,0,46,0,5,299,3,307,0,17,333,3,353,230,0,230,583
05/11/2002,ANE,MN,AGL,CE,Federal Contract Tower,0,2,21,0,23,0,0,59,0,59,0,2,80,0,82,100,0,100,182
05/12/2002,ANE,MN,AGL,CE,Federal Contract Tower,0,1,26,0,27,0,2,98,0,100,0,3,124,0,127,200,0,200,327
05/13/2002,ANE,MN,AGL,CE,Federal Contract Tower,0,9,33,0,42,0,4,193,2,199,0,13,226,2,241,238,2,240,481
05/14/2002,ANE,MN,AGL,CE,Federal Contract Tower,0,12,41,0,53,0,8,294,0,302,0,20,335,0,355,348,0,348,703
05/15/2002,ANE,MN,AGL,CE,Federal Contract Tower,0,10,36,0,46,0,2,147,4,153,0,12,183,4,199,224,8,232,431
05/16/2002,ANE,MN,AGL,CE,Federal Contract Tower,0,17,29,0,46,0,1,196,6,203,0,18,225,6,249,282,0,282,531
05/17/2002,ANE,MN,AGL,CE,Federal Contract Tower,0,11,30,0,41,0,8,215,2,225,0,19,245,2,266,244,0,244,510
05/18/2002,ANE,MN,AGL,CE,Federal Contract Tower,0,3,20,0,23,0,0,388,2,390,0,3,408,2,413,188,2,190,603
05/19/2002,ANE,MN,AGL,CE,Federal Contract Tower,0,0,21,0,21,0,0,260,2,262,0,0,281,2,283,224,0,224,507
05/20/2002,ANE,MN,AGL,CE,Federal Contract Tower,0,6,25,0,31,0,11,241,2,254,0,17,266,2,285,368,0,368,653
05/21/2002,ANE,MN,AGL,CE,Federal Contract Tower,0,10,24,0,34,0,1,167,2,170,0,11,191,2,204,138,6,144,348
05/22/2002,ANE,MN,AGL,CE,Federal Contract Tower,0,11,21,0,32,0,4,90,0,94,0,15,111,0,126,46,0,46,172
05/23/2002,ANE,MN,AGL,CE,Federal Contract Tower,0,7,29,0,36,0,7,146,2,155,0,14,175,2,191,110,0,110,301
05/24/2002,ANE,MN,AGL,CE,Federal Contract Tower,0,7,29,0,36,0,3,253,0,256,0,10,282,0,292,254,0,254,546
05/25/2002,ANE,MN,AGL,CE,Federal Contract Tower,0,2,15,0,17,0,2,137,0,139,0,4,152,0,156,184,0,184,340
05/26/2002,ANE,MN,AGL,CE,Federal Contract Tower,0,0,14,0,14,0,4,119,0,123,0,4,133,0,137,142,0,142,279
05/27/2002,ANE,MN,AGL,CE,Federal Contract Tower,0,0,30,0,30,0,5,281,0,286,0,5,311,0,316,314,0,314,630
05/28/2002,ANE,MN,AGL,CE,Federal Contract Tower,0,13,19,0,32,0,0,137,0,137,0,13,156,0,169,164,2,166,335
05/29/2002,ANE,MN,AGL,CE,Federal Contract Tower,0,10,39,0,49,0,1,231,4,236,0,11,270,4,285,190,2,192,477
05/30/2002,ANE,MN,AGL,CE,Federal Contract Tower,0,8,33,0,41,0,2,197,3,202,0,10,230,3,243,180,0,180,423
05/31/2002,ANE,MN,AGL,CE,Federal Contract Tower,0,13,38,0,51,0,9,229,4,242,0,22,267,4,293,224,8,232,525
06/01/2002,ANE,MN,AGL,CE,Federal Contract Tower,0,0,16,0,16,0,0,294,2,296,0,0,310,2,312,294,8,302,614
06/02/2002,ANE,MN,AGL,CE,Federal Contract Tower,0,1,18,0,19,0,1,151,0,152,0,2,169,0,171,252,0,252,423
06/03/2002,ANE,MN,AGL,CE,Federal Contract Tower,0,13,56,0,69,0,0,46,0,46,0,13,102,0,115,94,0,94,209
06/04/2002,ANE,MN,AGL,CE,Federal Contract Tower,0,11,39,0,50,0,0,71,0,71,0,11,110,0,121,190,0,190,311
06/05/2002,ANE,MN,AGL,CE,Federal Contract Tower,0,17,27,1,45,0,3,289,3,295,0,20,316,4,340,204,0,204,544
06/06/2002,ANE,MN,AGL,CE,Federal Contract Tower,0,10,32,0,42,0,0,146,0,146,0,10,178,0,188,34,0,34,222
06/07/2002,ANE,MN,AGL,CE,Federal Contract Tower,0,13,33,0,46,0,3,207,0,210,0,16,240,0,256,188,0,188,444
06/08/2002,ANE,MN,AGL,CE,Federal Contract Tower,0,4,18,0,22,0,4,381,12,397,0,8,399,12,419,494,20,514,933
06/09/2002,ANE,MN,AGL,CE,Federal Contract Tower,0,0,25,0,25,0,4,214,0,218,0,4,239,0,243,142,2,144,387
06/10/2002,ANE,MN,AGL,CE,Federal Contract Tower,0,9,29,0,38,0,5,179,8,192,0,14,208,8,230,182,0,182,412
06/11/2002,ANE,MN,AGL,CE,Federal Contract Tower,0,15,50,0,65,0,0,186,6,192,0,15,236,6,257,322,0,322,579
06/12/2002,ANE,MN,AGL,CE,Federal Contract Tower,0,14,55,0,69,0,2,179,8,189,0,16,234,8,258,168,0,168,426
06/13/2002,ANE,MN,AGL,CE,Federal Contract Tower,0,9,35,0,44,0,2,161,4,167,0,11,196,4,211,252,8,260,471
06/14/2002,ANE,MN,AGL,CE,Federal Contract Tower,0,5,43,0,48,0,9,219,4,232,0,14,262,4,280,280,2,282,562
06/15/2002,ANE,MN,AGL,CE,Federal Contract Tower,0,2,16,0,18,0,1,406,6,413,0,3,422,6,431,172,18,190,621
06/16/2002,ANE,MN,AGL,CE,Federal Contract Tower,0,3,26,0,29,0,0,262,7,269,0,3,288,7,298,312,16,328,626
06/17/2002,ANE,MN,AGL,CE,Federal Contract Tower,0,8,25,0,33,0,5,174,3,182,0,13,199,3,215,270,0,270,485
06/18/2002,ANE,MN,AGL,CE,Federal Contract Tower,0,11,19,0,30,0,2,158,0,160,0,13,177,0,190,152,0,152,342
06/19/2002,ANE,MN,AGL,CE,Federal Contract Tower,0,14,25,0,39,0,4,87,2,93,0,18,112,2,132,74,2,76,208
06/20/2002,ANE,MN,AGL,CE,Federal Contract Tower,0,7,28,0,35,0,2,245,0,247,0,9,273,0,282,358,2,360,642
06/21/2002,ANE,MN,AGL,CE,Federal Contract Tower,0,17,20,0,37,0,5,66,0,71,0,22,86,0,108,132,14,146,254
06/22/2002,ANE,MN,AGL,CE,Federal Contract Tower,0,4,29,0,33,0,3,226,12,241,0,7,255,12,274,214,0,214,488
06/23/2002,ANE,MN,AGL,CE,Federal Contract Tower,0,5,26,0,31,0,0,147,0,147,0,5,173,0,178,178,0,178,356
06/24/2002,ANE,MN,AGL,CE,Federal Contract Tower,0,10,24,0,34,0,0,30,0,30,0,10,54,0,64,28,0,28,92
06/25/2002,ANE,MN,AGL,CE,Federal Contract Tower,0,15,36,0,51,0,6,238,0,244,0,21,274,0,295,368,0,368,663
06/26/2002,ANE,MN,AGL,CE,Federal Contract Tower,0,9,36,0,45,0,3,265,2,270,0,12,301,2,315,260,8,268,583
06/27/2002,ANE,MN,AGL,CE,Federal Contract Tower,0,11,55,0,66,0,11,247,2,260,0,22,302,2,326,370,6,376,702
06/28/2002,ANE,MN,AGL,CE,Federal Contract Tower,0,7,62,0,69,0,0,183,2,185,0,7,245,2,254,226,0,226,480
06/29/2002,ANE,MN,AGL,CE,Federal Contract Tower,0,0,16,0,16,0,2,167,0,169,0,2,183,0,185,296,0,296,481
06/30/2002,ANE,MN,AGL,CE,Federal Contract Tower,0,0,27,0,27,0,0,182,2,184,0,0,209,2,211,104,0,104,315
07/01/2002,ANE,MN,AGL,CE,Federal Contract Tower,0,13,25,0,38,0,4,167,0,171,0,17,192,0,209,136,0,136,345
07/02/2002,ANE,MN,AGL,CE,Federal Contract Tower,0,10,33,0,43,0,4,174,0,178,0,14,207,0,221,286,0,286,507
07/03/2002,ANE,MN,AGL,CE,Federal Contract Tower,0,9,30,0,39,0,1,215,2,218,0,10,245,2,257,300,6,306,563
07/04/2002,ANE,MN,AGL,CE,Federal Contract Tower,0,3,12,0,15,0,0,217,0,217,0,3,229,0,232,198,0,198,430
07/05/2002,ANE,MN,AGL,CE,Federal Contract Tower,0,10,20,0,30,0,2,193,0,195,0,12,213,0,225,222,0,222,447
07/06/2002,ANE,MN,AGL,CE,Federal Contract Tower,0,4,26,0,30,0,2,134,0,136,0,6,160,0,166,244,0,244,410
07/07/2002,ANE,MN,AGL,CE,Federal Contract Tower,0,0,20,0,20,0,6,123,0,129,0,6,143,0,149,158,0,158,307
07/08/2002,ANE,MN,AGL,CE,Federal Contract Tower,0,11,36,0,47,0,6,153,0,159,0,17,189,0,206,178,0,178,384
07/09/2002,ANE,MN,AGL,CE,Federal Contract Tower,0,9,44,0,53,0,5,228,0,233,0,14,272,0,286,376,0,376,662
07/10/2002,ANE,MN,AGL,CE,Federal Contract Tower,0,13,25,0,38,0,4,17,0,21,0,17,42,0,59,6,0,6,65
07/11/2002,ANE,MN,AGL,CE,Federal Contract Tower,0,6,34,0,40,0,0,238,4,242,0,6,272,4,282,300,2,302,584
07/12/2002,ANE,MN,AGL,CE,Federal Contract Tower,0,10,30,0,40,0,3,288,0,291,0,13,318,0,331,302,0,302,633
07/13/2002,ANE,MN,AGL,CE,Federal Contract Tower,0,4,30,0,34,0,6,383,4,393,0,10,413,4,427,500,6,506,933
07/14/2002,ANE,MN,AGL,CE,Federal Contract Tower,0,0,38,0,38,0,4,246,4,254,0,4,284,4,292,274,6,280,572
07/15/2002,ANE,MN,AGL,CE,Federal Contract Tower,0,15,28,0,43,0,7,223,12,242,0,22,251,12,285,366,16,382,667
07/16/2002,ANE,MN,AGL,CE,Federal Contract Tower,0,8,35,0,43,0,5,241,0,246,0,13,276,0,289,292,2,294,583
07/17/2002,ANE,MN,AGL,CE,Federal Contract Tower,0,10,30,0,40,0,1,184,2,187,0,11,214,2,227,288,6,294,521
07/18/2002,ANE,MN,AGL,CE,Federal Contract Tower,0,11,45,0,56,0,1,162,0,163,0,12,207,0,219,236,0,236,455
07/19/2002,ANE,MN,AGL,CE,Federal Contract Tower,0,13,65,0,78,0,3,92,0,95,0,16,157,0,173,124,0,124,297
07/20/2002,ANE,MN,AGL,CE,Federal Contract Tower,0,1,18,0,19,0,0,90,0,90,0,1,108,0,109,102,2,104,213
07/21/2002,ANE,MN,AGL,CE,Federal Contract Tower,0,2,28,0,30,0,4,136,1,141,0,6,164,1,171,136,0,136,307
07/22/2002,ANE,MN,AGL,CE,Federal Contract Tower,0,8,22,0,30,0,1,168,0,169,0,9,190,0,199,162,0,162,361
07/23/2002,ANE,MN,AGL,CE,Federal Contract Tower,0,9,25,0,34,0,6,266,8,280,0,15,291,8,314,272,6,278,592
07/24/2002,ANE,MN,AGL,CE,Federal Contract Tower,0,15,33,0,48,0,1,103,0,104,0,16,136,0,152,86,0,86,238
07/25/2002,ANE,MN,AGL,CE,Federal Contract Tower,0,8,32,0,40,0,3,139,16,158,0,11,171,16,198,234,16,250,448
07/26/2002,ANE,MN,AGL,CE,Federal Contract Tower,0,8,44,0,52,0,1,231,2,234,0,9,275,2,286,280,10,290,576
07/27/2002,ANE,MN,AGL,CE,Federal Contract Tower,0,2,16,0,18,0,4,166,2,172,0,6,182,2,190,242,2,244,434
07/28/2002,ANE,MN,AGL,CE,Federal Contract Tower,0,0,16,0,16,0,0,124,0,124,0,0,140,0,140,156,0,156,296
07/29/2002,ANE,MN,AGL,CE,Federal Contract Tower,0,11,37,0,48,0,3,229,4,236,0,14,266,4,284,256,0,256,540
07/30/2002,ANE,MN,AGL,CE,Federal Contract Tower,0,6,29,0,35,0,0,162,4,166,0,6,191,4,201,194,0,194,395
07/31/2002,ANE,MN,AGL,CE,Federal Contract Tower,0,9,25,0,34,0,0,134,6,140,0,9,159,6,174,118,0,118,292
08/01/2002,ANE,MN,AGL,CE,Federal Contract Tower,0,8,32,0,40,0,2,156,2,160,0,10,188,2,200,186,2,188,388
08/02/2002,ANE,MN,AGL,CE,Federal Contract Tower,0,5,26,1,32,0,1,225,2,228,0,6,251,3,260,290,0,290,550
08/03/2002,ANE,MN,AGL,CE,Federal Contract Tower,0,0,14,0,14,0,0,118,0,118,0,0,132,0,132,122,0,122,254
08/04/2002,ANE,MN,AGL,CE,Federal Contract Tower,0,5,42,0,47,0,2,90,0,92,0,7,132,0,139,116,0,116,255
08/05/2002,ANE,MN,AGL,CE,Federal Contract Tower,0,15,26,0,41,0,1,216,0,217,0,16,242,0,258,212,0,212,470
08/06/2002,ANE,MN,AGL,CE,Federal Contract Tower,0,17,30,0,47,0,3,197,8,208,0,20,227,8,255,250,0,250,505
08/07/2002,ANE,MN,AGL,CE,Federal Contract Tower,0,21,40,1,62,0,7,188,5,200,0,28,228,6,262,170,0,170,432
08/08/2002,ANE,MN,AGL,CE,Federal Contract Tower,0,9,28,0,37,0,1,196,0,197,0,10,224,0,234,196,0,196,430
08/09/2002,ANE,MN,AGL,CE,Federal Contract Tower,0,4,31,0,35,0,1,170,4,175,0,5,201,4,210,238,0,238,448
08/10/2002,ANE,MN,AGL,CE,Federal Contract Tower,0,7,14,0,21,0,0,209,0,209,0,7,223,0,230,166,0,166,396
08/11/2002,ANE,MN,AGL,CE,Federal Contract Tower,0,26,26,0,52,0,4,220,0,224,0,30,246,0,276,192,0,192,468
08/12/2002,ANE,MN,AGL,CE,Federal Contract Tower,0,13,33,0,46,0,1,109,2,112,0,14,142,2,158,130,10,140,298
08/13/2002,ANE,MN,AGL,CE,Federal Contract Tower,0,16,24,0,40,0,0,218,0,218,0,16,242,0,258,240,0,240,498
08/14/2002,ANE,MN,AGL,CE,Federal Contract Tower,0,17,35,0,52,0,0,156,0,156,0,17,191,0,208,184,4,188,396
08/15/2002,ANE,MN,AGL,CE,Federal Contract Tower,0,9,32,0,41,0,1,164,0,165,0,10,196,0,206,234,0,234,440
08/16/2002,ANE,MN,AGL,CE,Federal Contract Tower,0,7,29,0,36,0,0,257,4,261,0,7,286,4,297,219,2,221,518
08/17/2002,ANE,MN,AGL,CE,Federal Contract Tower,0,0,14,0,14,0,0,44,0,44,0,0,58,0,58,68,0,68,126
08/18/2002,ANE,MN,AGL,CE,Federal Contract Tower,0,3,15,0,18,0,2,286,2,290,0,5,301,2,308,178,0,178,486
08/19/2002,ANE,MN,AGL,CE,Federal Contract Tower,0,9,29,0,38,0,2,292,0,294,0,11,321,0,332,310,0,310,642
08/20/2002,ANE,MN,AGL,CE,Federal Contract Tower,0,8,34,0,42,0,7,189,0,196,0,15,223,0,238,224,2,226,464
08/21/2002,ANE,MN,AGL,CE,Federal Contract Tower,0,11,37,0,48,0,3,70,0,73,0,14,107,0,121,148,0,148,269
08/22/2002,ANE,MN,AGL,CE,Federal Contract Tower,0,14,59,0,73,0,4,190,2,196,0,18,249,2,269,214,0,214,483
08/23/2002,ANE,MN,AGL,CE,Federal Contract Tower,0,11,43,0,54,0,3,115,6,124,0,14,158,6,178,142,0,142,320
08/24/2002,ANE,MN,AGL,CE,Federal Contract Tower,0,0,17,0,17,0,0,171,0,171,0,0,188,0,188,264,4,268,456
08/25/2002,ANE,MN,AGL,CE,Federal Contract Tower,0,2,26,0,28,0,0,314,0,314,0,2,340,0,342,408,0,408,750
08/26/2002,ANE,MN,AGL,CE,Federal Contract Tower,0,6,30,0,36,0,6,249,0,255,0,12,279,0,291,246,0,246,537
08/27/2002,ANE,MN,AGL,CE,Federal Contract Tower,0,10,45,0,55,0,14,201,0,215,0,24,246,0,270,314,0,314,584
08/28/2002,ANE,MN,AGL,CE,Federal Contract Tower,0,7,42,0,49,0,0,152,2,154,0,7,194,2,203,190,0,190,393
08/29/2002,ANE,MN,AGL,CE,Federal Contract Tower,0,13,38,0,51,0,0,144,0,144,0,13,182,0,195,244,0,244,439
08/30/2002,ANE,MN,AGL,CE,Federal Contract Tower,0,6,32,0,38,0,1,208,0,209,0,7,240,0,247,256,6,262,509
08/31/2002,ANE,MN,AGL,CE,Federal Contract Tower,0,0,16,0,16,0,2,247,0,249,0,2,263,0,265,276,0,276,541
09/01/2002,ANE,MN,AGL,CE,Federal Contract Tower,0,2,8,0,10,0,2,67,0,69,0,4,75,0,79,176,0,176,255
09/02/2002,ANE,MN,AGL,CE,Federal Contract Tower,0,2,15,0,17,0,0,113,0,113,0,2,128,0,130,148,0,148,278
09/03/2002,ANE,MN,AGL,CE,Federal Contract Tower,0,11,36,0,47,0,4,201,0,205,0,15,237,0,252,266,2,268,520
09/04/2002,ANE,MN,AGL,CE,Federal Contract Tower,0,7,41,0,48,0,0,224,2,226,0,7,265,2,274,168,0,168,442
09/05/2002,ANE,MN,AGL,CE,Federal Contract Tower,0,9,38,1,48,0,5,88,3,96,0,14,126,4,144,56,0,56,200
09/06/2002,ANE,MN,AGL,CE,Federal Contract Tower,0,4,40,0,44,0,4,232,1,237,0,8,272,1,281,330,4,334,615
09/07/2002,ANE,MN,AGL,CE,Federal Contract Tower,0,0,24,0,24,0,8,234,0,242,0,8,258,0,266,362,0,362,628
09/08/2002,ANE,MN,AGL,CE,Federal Contract Tower,0,0,28,0,28,0,10,246,0,256,0,10,274,0,284,248,2,250,534
09/09/2002,ANE,MN,AGL,CE,Federal Contract Tower,0,8,26,0,34,0,0,152,0,152,0,8,178,0,186,212,0,212,398
09/10/2002,ANE,MN,AGL,CE,Federal Contract Tower,0,8,30,0,38,0,9,171,2,182,0,17,201,2,220,132,2,134,354
09/11/2002,ANE,MN,AGL,CE,Federal Contract Tower,0,10,36,0,46,0,0,256,4,260,0,10,292,4,306,302,6,308,614
09/12/2002,ANE,MN,AGL,CE,Federal Contract Tower,0,6,31,0,37,0,7,284,0,291,0,13,315,0,328,354,0,354,682
09/13/2002,ANE,MN,AGL,CE,Federal Contract Tower,0,5,37,0,42,0,3,172,2,177,0,8,209,2,219,238,2,240,459
09/14/2002,ANE,MN,AGL,CE,Federal Contract Tower,0,2,30,0,32,0,13,145,0,158,0,15,175,0,190,182,2,184,374
09/15/2002,ANE,MN,AGL,CE,Federal Contract Tower,0,1,26,0,27,0,5,303,0,308,0,6,329,0,335,244,0,244,579
09/16/2002,ANE,MN,AGL,CE,Federal Contract Tower,0,8,38,0,46,0,7,177,0,184,0,15,215,0,230,234,0,234,464
09/17/2002,ANE,MN,AGL,CE,Federal Contract Tower,0,6,26,0,32,0,5,188,0,193,0,11,214,0,225,180,0,180,405
09/18/2002,ANE,MN,AGL,CE,Federal Contract Tower,0,13,51,1,65,0,5,77,3,85,0,18,128,4,150,148,8,156,306
09/19/2002,ANE,MN,AGL,CE,Federal Contract Tower,0,5,42,0,47,0,4,150,4,158,0,9,192,4,205,250,8,258,463
09/20/2002,ANE,MN,AGL,CE,Federal Contract Tower,0,6,38,0,44,0,9,175,2,186,0,15,213,2,230,238,0,238,468
09/21/2002,ANE,MN,AGL,CE,Federal Contract Tower,0,0,24,0,24,0,2,237,6,245,0,2,261,6,269,286,2,288,557
09/22/2002,ANE,MN,AGL,CE,Federal Contract Tower,0,0,27,0,27,0,4,205,2,211,0,4,232,2,238,150,0,150,388
09/23/2002,ANE,MN,AGL,CE,Federal Contract Tower,0,7,30,0,37,0,0,108,0,108,0,7,138,0,145,202,0,202,347
09/24/2002,ANE,MN,AGL,CE,Federal Contract Tower,0,9,40,0,49,0,2,162,0,164,0,11,202,0,213,206,0,206,419
09/25/2002,ANE,MN,AGL,CE,Federal Contract Tower,0,13,54,1,68,0,0,58,3,61,0,13,112,4,129,80,6,86,215
09/26/2002,ANE,MN,AGL,CE,Federal Contract Tower,0,16,43,0,59,0,9,142,0,151,0,25,185,0,210,244,0,244,454
09/27/2002,ANE,MN,AGL,CE,Federal Contract Tower,0,10,40,0,50,0,6,237,2,245,0,16,277,2,295,254,2,256,551
09/28/2002,ANE,MN,AGL,CE,Federal Contract Tower,0,0,16,0,16,0,1,112,0,113,0,1,128,0,129,252,0,252,381
09/29/2002,ANE,MN,AGL,CE,Federal Contract Tower,0,4,34,0,38,0,0,4,0,4,0,4,38,0,42,8,0,8,50
09/30/2002,ANE,MN,AGL,CE,Federal Contract Tower,0,15,19,0,34,0,0,148,2,150,0,15,167,2,184,188,0,188,372
10/01/2002,ANE,MN,AGL,CE,Federal Contract Tower,0,7,31,0,38,0,4,216,0,220,0,11,247,0,258,290,4,294,552
10/02/2002,ANE,MN,AGL,CE,Federal Contract Tower,0,18,35,0,53,0,0,179,2,181,0,18,214,2,234,288,6,294,528
10/03/2002,ANE,MN,AGL,CE,Federal Contract Tower,0,15,53,0,68,0,6,52,0,58,0,21,105,0,126,142,4,146,272
10/04/2002,ANE,MN,AGL,CE,Federal Contract Tower,0,11,19,0,30,0,5,10,0,15,0,16,29,0,45,16,0,16,61
10/05/2002,ANE,MN,AGL,CE,Federal Contract Tower,0,0,24,0,24,0,2,240,4,246,0,2,264,4,270,282,0,282,552
10/06/2002,ANE,MN,AGL,CE,Federal Contract Tower,0,0,19,0,19,0,2,7,0,9,0,2,26,0,28,0,0,0,28
10/07/2002,ANE,MN,AGL,CE,Federal Contract Tower,0,7,26,0,33,0,2,159,4,165,0,9,185,4,198,250,2,252,450
10/08/2002,ANE,MN,AGL,CE,Federal Contract Tower,0,6,37,0,43,0,0,146,2,148,0,6,183,2,191,244,4,248,439
10/09/2002,ANE,MN,AGL,CE,Federal Contract Tower,0,12,28,0,40,0,2,327,0,329,0,14,355,0,369,324,0,324,693
10/10/2002,ANE,MN,AGL,CE,Federal Contract Tower,0,10,21,0,31,0,1,138,2,141,0,11,159,2,172,280,12,292,464
10/11/2002,ANE,MN,AGL,CE,Federal Contract Tower,0,6,25,0,31,0,5,103,4,112,0,11,128,4,143,122,8,130,273
10/12/2002,ANE,MN,AGL,CE,Federal Contract Tower,0,1,22,0,23,0,0,71,0,71,0,1,93,0,94,248,0,248,342
10/13/2002,ANE,MN,AGL,CE,Federal Contract Tower,0,0,16,0,16,0,0,216,0,216,0,0,232,0,232,226,0,226,458
10/14/2002,ANE,MN,AGL,CE,Federal Contract Tower,0,8,24,0,32,0,3,150,0,153,0,11,174,0,185,146,0,146,331
10/15/2002,ANE,MN,AGL,CE,Federal Contract Tower,0,9,39,0,48,0,6,171,2,179,0,15,210,2,227,340,2,342,569
10/16/2002,ANE,MN,AGL,CE,Federal Contract Tower,0,8,29,0,37,0,3,121,0,124,0,11,150,0,161,260,0,260,421
10/17/2002,ANE,MN,AGL,CE,Federal Contract Tower,0,8,34,0,42,0,2,79,6,87,0,10,113,6,129,194,0,194,323
10/18/2002,ANE,MN,AGL,CE,Federal Contract Tower,0,8,35,0,43,0,3,46,0,49,0,11,81,0,92,130,0,130,222
10/19/2002,ANE,MN,AGL,CE,Federal Contract Tower,0,0,16,0,16,0,0,168,4,172,0,0,184,4,188,373,0,373,561
10/20/2002,ANE,MN,AGL,CE,Federal Contract Tower,0,1,17,0,18,0,0,31,0,31,0,1,48,0,49,34,0,34,83
10/21/2002,ANE,MN,AGL,CE,Federal Contract Tower,0,8,14,0,22,0,5,40,4,49,0,13,54,4,71,68,6,74,145
10/22/2002,ANE,MN,AGL,CE,Federal Contract Tower,0,9,32,0,41,0,6,169,10,185,0,15,201,10,226,246,4,250,476
10/23/2002,ANE,MN,AGL,CE,Federal Contract Tower,0,11,32,0,43,0,1,141,4,146,0,12,173,4,189,150,0,150,339
10/24/2002,ANE,MN,AGL,CE,Federal Contract Tower,0,6,22,0,28,0,0,150,2,152,0,6,172,2,180,184,2,186,366
10/25/2002,ANE,MN,AGL,CE,Federal Contract Tower,0,5,28,0,33,0,4,29,0,33,0,9,57,0,66,84,0,84,150
10/26/2002,ANE,MN,AGL,CE,Federal Contract Tower,0,2,15,0,17,0,0,153,0,153,0,2,168,0,170,294,0,294,464
10/27/2002,ANE,MN,AGL,CE,Federal Contract Tower,0,2,22,0,24,0,2,205,0,207,0,4,227,0,231,306,0,306,537
10/28/2002,ANE,MN,AGL,CE,Federal Contract Tower,0,7,16,0,23,0,2,57,0,59,0,9,73,0,82,148,0,148,230
10/29/2002,ANE,MN,AGL,CE,Federal Contract Tower,0,8,27,0,35,0,6,92,10,108,0,14,119,10,143,148,0,148,291
10/30/2002,ANE,MN,AGL,CE,Federal Contract Tower,0,8,16,0,24,0,3,21,0,24,0,11,37,0,48,94,0,94,142
10/31/2002,ANE,MN,AGL,CE,Federal Contract Tower,0,12,26,0,38,0,5,214,6,225,0,17,240,6,263,256,6,262,525
11/01/2002,ANE,MN,AGL,CE,Federal Contract Tower,0,12,30,0,42,0,6,157,0,163,0,18,187,0,205,250,0,250,455
11/02/2002,ANE,MN,AGL,CE,Federal Contract Tower,0,0,13,0,13,0,4,372,10,386,0,4,385,10,399,390,8,398,797
11/03/2002,ANE,MN,AGL,CE,Federal Contract Tower,0,1,16,0,17,0,0,180,2,182,0,1,196,2,199,196,2,198,397
11/04/2002,ANE,MN,AGL,CE,Federal Contract Tower,0,8,20,0,28,0,2,140,0,142,0,10,160,0,170,184,0,184,354
11/05/2002,ANE,MN,AGL,CE,Federal Contract Tower,0,6,17,0,23,0,1,12,0,13,0,7,29,0,36,26,0,26,62
11/06/2002,ANE,MN,AGL,CE,Federal Contract Tower,0,9,27,1,37,0,3,169,1,173,0,12,196,2,210,226,0,226,436
11/07/2002,ANE,MN,AGL,CE,Federal Contract Tower,0,14,24,0,38,0,3,199,6,208,0,17,223,6,246,318,8,326,572
11/08/2002,ANE,MN,AGL,CE,Federal Contract Tower,0,10,20,0,30,0,7,191,0,198,0,17,211,0,228,346,0,346,574
11/09/2002,ANE,MN,AGL,CE,Federal Contract Tower,0,0,27,0,27,0,2,259,0,261,0,2,286,0,288,450,0,450,738
11/10/2002,ANE,MN,AGL,CE,Federal Contract Tower,0,0,9,0,9,0,0,9,0,9,0,0,18,0,18,22,0,22,40
11/11/2002,ANE,MN,AGL,CE,Federal Contract Tower,0,7,26,0,33,0,6,114,0,120,0,13,140,0,153,210,0,210,363
11/12/2002,ANE,MN,AGL,CE,Federal Contract Tower,0,7,32,0,39,0,2,133,2,137,0,9,165,2,176,210,0,210,386
11/13/2002,ANE,MN,AGL,CE,Federal Contract Tower,0,11,26,0,37,0,0,144,6,150,0,11,170,6,187,226,0,226,413
11/14/2002,ANE,MN,AGL,CE,Federal Contract Tower,0,12,30,0,42,0,3,159,0,162,0,15,189,0,204,326,0,326,530
11/15/2002,ANE,MN,AGL,CE,Federal Contract Tower,0,7,22,0,29,0,2,122,0,124,0,9,144,0,153,116,2,118,271
11/16/2002,ANE,MN,AGL,CE,Federal Contract Tower,0,0,12,0,12,0,0,240,25,265,0,0,252,25,277,348,14,362,639
11/17/2002,ANE,MN,AGL,CE,Federal Contract Tower,0,1,24,0,25,0,2,163,0,165,0,3,187,0,190,224,0,224,414
11/18/2002,ANE,MN,AGL,CE,Federal Contract Tower,0,9,28,0,37,0,0,112,5,117,0,9,140,5,154,156,0,156,310
11/19/2002,ANE,MN,AGL,CE,Federal Contract Tower,0,11,37,0,48,0,9,210,2,221,0,20,247,2,269,326,2,328,597
11/20/2002,ANE,MN,AGL,CE,Federal Contract Tower,0,14,33,0,47,0,6,173,0,179,0,20,206,0,226,266,0,266,492
11/21/2002,ANE,MN,AGL,CE,Federal Contract Tower,0,9,21,0,30,0,5,101,2,108,0,14,122,2,138,180,0,180,318
11/22/2002,ANE,MN,AGL,CE,Federal Contract Tower,0,8,42,0,50,0,6,151,0,157,0,14,193,0,207,200,0,200,407
11/23/2002,ANE,MN,AGL,CE,Federal Contract Tower,0,1,9,0,10,0,3,121,0,124,0,4,130,0,134,92,0,92,226
11/24/2002,ANE,MN,AGL,CE,Federal Contract Tower,0,1,13,0,14,0,0,84,0,84,0,1,97,0,98,118,0,118,216
11/25/2002,ANE,MN,AGL,CE,Federal Contract Tower,0,15,17,0,32,0,2,120,0,122,0,17,137,0,154,192,0,192,346
11/26/2002,ANE,MN,AGL,CE,Federal Contract Tower,0,12,26,1,39,0,6,162,7,175,0,18,188,8,214,226,8,234,448
11/27/2002,ANE,MN,AGL,CE,Federal Contract Tower,0,10,29,0,39,0,2,146,0,148,0,12,175,0,187,162,2,164,351
11/28/2002,ANE,MN,AGL,CE,Federal Contract Tower,0,0,14,0,14,0,1,83,0,84,0,1,97,0,98,74,0,74,172
11/29/2002,ANE,MN,AGL,CE,Federal Contract Tower,0,3,14,0,17,0,0,47,0,47,0,3,61,0,64,50,0,50,114
11/30/2002,ANE,MN,AGL,CE,Federal Contract Tower,0,0,17,0,17,0,2,88,2,92,0,2,105,2,109,144,0,144,253
12/01/2002,ANE,MN,AGL,CE,Federal Contract Tower,0,0,0,0,0,0,6,172,0,178,0,6,172,0,178,128,0,128,306
12/02/2002,ANE,MN,AGL,CE,Federal Contract Tower,0,8,24,0,32,0,6,104,0,110,0,14,128,0,142,120,0,120,262
12/03/2002,ANE,MN,AGL,CE,Federal Contract Tower,0,4,28,0,32,0,6,127,0,133,0,10,155,0,165,150,0,150,315
12/04/2002,ANE,MN,AGL,CE,Federal Contract Tower,0,12,22,0,34,0,0,63,0,63,0,12,85,0,97,106,2,108,205
12/05/2002,ANE,MN,AGL,CE,Federal Contract Tower,0,10,15,0,25,0,1,126,0,127,0,11,141,0,152,150,0,150,302
12/06/2002,ANE,MN,AGL,CE,Federal Contract Tower,0,12,19,0,31,0,0,111,0,111,0,12,130,0,142,190,0,190,332
12/07/2002,ANE,MN,AGL,CE,Federal Contract Tower,0,2,13,0,15,0,0,137,0,137,0,2,150,0,152,104,0,104,256
12/08/2002,ANE,MN,AGL,CE,Federal Contract Tower,0,1,29,0,30,0,5,207,0,212,0,6,236,0,242,166,0,166,408
12/09/2002,ANE,MN,AGL,CE,Federal Contract Tower,0,9,24,0,33,0,2,100,2,104,0,11,124,2,137,106,2,108,245
12/10/2002,ANE,MN,AGL,CE,Federal Contract Tower,0,10,22,0,32,0,9,144,2,155,0,19,166,2,187,207,0,207,394
12/11/2002,ANE,MN,AGL,CE,Federal Contract Tower,0,8,13,0,21,0,0,1,0,1,0,8,14,0,22,6,0,6,28
12/12/2002,ANE,MN,AGL,CE,Federal Contract Tower,0,12,36,0,48,0,4,72,0,76,0,16,108,0,124,112,0,112,236
12/13/2002,ANE,MN,AGL,CE,Federal Contract Tower,0,8,25,0,33,0,3,196,0,199,0,11,221,0,232,350,0,350,582
12/14/2002,ANE,MN,AGL,CE,Federal Contract Tower,0,0,26,0,26,0,3,291,0,294,0,3,317,0,320,316,0,316,636
12/15/2002,ANE,MN,AGL,CE,Federal Contract Tower,0,1,18,0,19,0,6,192,0,198,0,7,210,0,217,262,0,262,479
12/16/2002,ANE,MN,AGL,CE,Federal Contract Tower,0,10,32,0,42,0,4,79,4,87,0,14,111,4,129,70,4,74,203
12/17/2002,ANE,MN,AGL,CE,Federal Contract Tower,0,10,14,0,24,0,4,29,2,35,0,14,43,2,59,14,2,16,75
12/18/2002,ANE,MN,AGL,CE,Federal Contract Tower,0,8,12,0,20,0,0,4,0,4,0,8,16,0,24,0,0,0,24
12/19/2002,ANE,MN,AGL,CE,Federal Contract Tower,0,11,20,0,31,0,4,26,0,30,0,15,46,0,61,116,0,116,177
12/20/2002,ANE,MN,AGL,CE,Federal Contract Tower,0,8,14,0,22,0,3,27,2,32,0,11,41,2,54,60,0,60,114
12/21/2002,ANE,MN,AGL,CE,Federal Contract Tower,0,1,18,0,19,0,4,132,0,136,0,5,150,0,155,176,0,176,331
12/22/2002,ANE,MN,AGL,CE,Federal Contract Tower,0,0,7,0,7,0,1,50,0,51,0,1,57,0,58,34,0,34,92
12/23/2002,ANE,MN,AGL,CE,Federal Contract Tower,0,6,22,0,28,0,0,179,0,179,0,6,201,0,207,194,0,194,401
12/24/2002,ANE,MN,AGL,CE,Federal Contract Tower,0,10,14,0,24,0,4,29,0,33,0,14,43,0,57,34,0,34,91
12/25/2002,ANE,MN,AGL,CE,Federal Contract Tower,0,0,7,0,7,0,2,38,0,40,0,2,45,0,47,0,0,0,47
12/26/2002,ANE,MN,AGL,CE,Federal Contract Tower,0,8,24,0,32,0,2,231,4,237,0,10,255,4,269,266,4,270,539
12/27/2002,ANE,MN,AGL,CE,Federal Contract Tower,0,4,22,0,26,0,0,194,0,194,0,4,216,0,220,240,0,240,460
12/28/2002,ANE,MN,AGL,CE,Federal Contract Tower,0,3,24,0,27,0,2,190,0,192,0,5,214,0,219,274,0,274,493
12/29/2002,ANE,MN,AGL,CE,Federal Contract Tower,0,0,22,0,22,0,2,122,0,124,0,2,144,0,146,138,0,138,284
12/30/2002,ANE,MN,AGL,CE,Federal Contract Tower,0,6,14,1,21,0,5,11,1,17,0,11,25,2,38,94,20,114,152
12/31/2002,ANE,MN,AGL,CE,Federal Contract Tower,0,6,15,0,21,0,0,161,0,161,0,6,176,0,182,200,0,200,382
01/01/2003,ANE,MN,AGL,CE,Federal Contract Tower,0,0,9,0,9,0,0,100,0,100,0,0,109,0,109,136,0,136,245
01/02/2003,ANE,MN,AGL,CE,Federal Contract Tower,0,10,17,0,27,0,5,182,2,189,0,15,199,2,216,238,2,240,456
01/03/2003,ANE,MN,AGL,CE,Federal Contract Tower,0,7,27,0,34,0,4,168,0,172,0,11,195,0,206,233,2,235,441
01/04/2003,ANE,MN,AGL,CE,Federal Contract Tower,0,0,10,0,10,0,0,77,0,77,0,0,87,0,87,164,0,164,251
01/05/2003,ANE,MN,AGL,CE,Federal Contract Tower,0,2,13,0,15,0,3,39,0,42,0,5,52,0,57,152,0,152,209
01/06/2003,ANE,MN,AGL,CE,Federal Contract Tower,0,13,12,0,25,0,5,56,0,61,0,18,68,0,86,96,0,96,182
01/07/2003,ANE,MN,AGL,CE,Federal Contract Tower,0,13,21,0,34,0,7,220,4,231,0,20,241,4,265,254,4,258,523
01/08/2003,ANE,MN,AGL,CE,Federal Contract Tower,0,10,23,0,33,0,7,143,6,156,0,17,166,6,189,146,8,154,343
01/09/2003,ANE,MN,AGL,CE,Federal Contract Tower,0,9,13,0,22,0,5,31,4,40,0,14,44,4,62,12,4,16,78
01/10/2003,ANE,MN,AGL,CE,Federal Contract Tower,0,8,14,0,22,0,4,38,0,42,0,12,52,0,64,54,0,54,118
01/11/2003,ANE,MN,AGL,CE,Federal Contract Tower,0,2,30,0,32,0,2,155,4,161,0,4,185,4,193,228,0,228,421
01/12/2003,ANE,MN,AGL,CE,Federal Contract Tower,0,1,21,0,22,0,3,107,0,110,0,4,128,0,132,82,0,82,214
01/13/2003,ANE,MN,AGL,CE,Federal Contract Tower,0,10,25,0,35,0,8,86,4,98,0,18,111,4,133,72,2,74,207
01/14/2003,ANE,MN,AGL,CE,Federal Contract Tower,0,10,32,0,42,0,7,148,6,161,0,17,180,6,203,92,8,100,303
01/15/2003,ANE,MN,AGL,CE,Federal Contract Tower,0,8,27,0,35,0,6,154,0,160,0,14,181,0,195,180,0,180,375
01/16/2003,ANE,MN,AGL,CE,Federal Contract Tower,0,13,28,0,41,0,0,91,2,93,0,13,119,2,134,108,0,108,242
01/17/2003,ANE,MN,AGL,CE,Federal Contract Tower,0,10,20,0,30,0,1,144,2,147,0,11,164,2,177,200,0,200,377
01/18/2003,ANE,MN,AGL,CE,Federal Contract Tower,0,0,16,0,16,0,1,97,0,98,0,1,113,0,114,82,0,82,196
01/19/2003,ANE,MN,AGL,CE,Federal Contract Tower,0,0,13,0,13,0,5,144,0,149,0,5,157,0,162,154,0,154,316
01/20/2003,ANE,MN,AGL,CE,Federal Contract Tower,0,9,21,0,30,0,6,112,0,118,0,15,133,0,148,132,0,132,280
01/21/2003,ANE,MN,AGL,CE,Federal Contract Tower,0,12,24,0,36,0,4,109,2,115,0,16,133,2,151,114,10,124,275
01/22/2003,ANE,MN,AGL,CE,Federal Contract Tower,0,13,15,0,28,0,0,77,0,77,0,13,92,0,105,56,0,56,161
01/23/2003,ANE,MN,AGL,CE,Federal Contract Tower,0,10,27,0,37,0,0,61,8,69,0,10,88,8,106,40,4,44,150
01/24/2003,ANE,MN,AGL,CE,Federal Contract Tower,0,11,18,0,29,0,5,24,0,29,0,16,42,0,58,20,0,20,78
01/25/2003,ANE,MN,AGL,CE,Federal Contract Tower,0,0,9,0,9,0,2,65,2,69,0,2,74,2,78,52,2,54,132
01/26/2003,ANE,MN,AGL,CE,Federal Contract Tower,0,0,8,0,8,0,4,122,0,126,0,4,130,0,134,160,0,160,294
01/27/2003,ANE,MN,AGL,CE,Federal Contract Tower,0,13,14,0,27,0,9,33,0,42,0,22,47,0,69,38,0,38,107
01/28/2003,ANE,MN,AGL,CE,Federal Contract Tower,0,14,16,0,30,0,10,19,6,35,0,24,35,6,65,32,0,32,97
01/29/2003,ANE,MN,AGL,CE,Federal Contract Tower,0,10,16,0,26,0,0,133,0,133,0,10,149,0,159,212,6,218,377
01/30/2003,ANE,MN,AGL,CE,Federal Contract Tower,0,13,15,0,28,0,0,1,0,1,0,13,16,0,29,2,0,2,31
01/31/2003,ANE,MN,AGL,CE,Federal Contract Tower,0,11,19,0,30,0,2,8,0,10,0,13,27,0,40,4,0,4,44
02/01/2003,ANE,MN,AGL,CE,Federal Contract Tower,0,0,6,0,6,0,0,0,0,0,0,0,6,0,6,22,0,22,28
02/02/2003,ANE,MN,AGL,CE,Federal Contract Tower,0,0,3,0,3,0,2,23,0,25,0,2,26,0,28,34,0,34,62
02/03/2003,ANE,MN,AGL,CE,Federal Contract Tower,0,9,12,0,21,0,2,18,0,20,0,11,30,0,41,24,0,24,65
02/04/2003,ANE,MN,AGL,CE,Federal Contract Tower,0,13,13,0,26,0,2,83,0,85,0,15,96,0,111,76,0,76,187
02/05/2003,ANE,MN,AGL,CE,Federal Contract Tower,0,9,27,0,36,0,0,1,0,1,0,9,28,0,37,6,0,6,43
02/06/2003,ANE,MN,AGL,CE,Federal Contract Tower,0,15,35,0,50,0,6,117,4,127,0,21,152,4,177,166,8,174,351
02/07/2003,ANE,MN,AGL,CE,Federal Contract Tower,0,11,32,0,43,0,4,144,0,148,0,15,176,0,191,156,0,156,347
02/08/2003,ANE,MN,AGL,CE,Federal Contract Tower,0,0,13,0,13,0,4,172,6,182,0,4,185,6,195,216,6,222,417
02/09/2003,ANE,MN,AGL,CE,Federal Contract Tower,0,1,21,0,22,0,0,70,0,70,0,1,91,0,92,84,0,84,176
02/10/2003,ANE,MN,AGL,CE,Federal Contract Tower,0,9,15,0,24,0,0,38,4,42,0,9,53,4,66,85,4,89,155
02/11/2003,ANE,MN,AGL,CE,Federal Contract Tower,0,11,8,0,19,0,0,0,0,0,0,11,8,0,19,16,0,16,35
02/12/2003,ANE,MN,AGL,CE,Federal Contract Tower,0,9,18,0,27,0,5,129,2,136,0,14,147,2,163,226,4,230,393
02/13/2003,ANE,MN,AGL,CE,Federal Contract Tower,0,12,38,1,51,0,0,195,3,198,0,12,233,4,249,280,2,282,531
02/14/2003,ANE,MN,AGL,CE,Federal Contract Tower,0,8,13,0,21,0,4,64,0,68,0,12,77,0,89,92,0,92,181
02/15/2003,ANE,MN,AGL,CE,Federal Contract Tower,0,0,10,0,10,0,5,259,0,264,0,5,269,0,274,330,0,330,604
02/16/2003,ANE,MN,AGL,CE,Federal Contract Tower,0,0,15,0,15,0,2,176,0,178,0,2,191,0,193,214,0,214,407
02/17/2003,ANE,MN,AGL,CE,Federal Contract Tower,0,8,10,0,18,0,3,133,0,136,0,11,143,0,154,194,0,194,348
02/18/2003,ANE,MN,AGL,CE,Federal Contract Tower,0,8,25,0,33,0,0,44,4,48,0,8,69,4,81,78,0,78,159
02/19/2003,ANE,MN,AGL,CE,Federal Contract Tower,0,12,31,0,43,0,3,205,1,209,0,15,236,1,252,304,0,304,556
02/20/2003,ANE,MN,AGL,CE,Federal Contract Tower,0,14,30,1,45,0,2,174,3,179,0,16,204,4,224,344,6,350,574
02/21/2003,ANE,MN,AGL,CE,Federal Contract Tower,0,4,20,0,24,0,4,12,0,16,0,8,32,0,40,12,0,12,52
02/22/2003,ANE,MN,AGL,CE,Federal Contract Tower,0,0,11,0,11,0,4,148,0,152,0,4,159,0,163,186,2,188,351
02/23/2003,ANE,MN,AGL,CE,Federal Contract Tower,0,0,16,0,16,0,0,54,0,54,0,0,70,0,70,164,0,164,234
02/24/2003,ANE,MN,AGL,CE,Federal Contract Tower,0,9,12,1,22,0,6,48,3,57,0,15,60,4,79,56,0,56,135
02/25/2003,ANE,MN,AGL,CE,Federal Contract Tower,0,11,26,0,37,0,2,129,0,131,0,13,155,0,168,196,0,196,364
02/26/2003,ANE,MN,AGL,CE,Federal Contract Tower,0,10,39,0,49,0,2,149,4,155,0,12,188,4,204,268,4,272,476
02/27/2003,ANE,MN,AGL,CE,Federal Contract Tower,0,11,31,0,42,0,6,214,2,222,0,17,245,2,264,300,6,306,570
02/28/2003,ANE,MN,AGL,CE,Federal Contract Tower,0,9,24,0,33,0,6,221,1,228,0,15,245,1,261,276,0,276,537
03/01/2003,ANE,MN,AGL,CE,Federal Contract Tower,0,2,20,0,22,0,0,163,0,163,0,2,183,0,185,230,0,230,415
03/02/2003,ANE,MN,AGL,CE,Federal Contract Tower,0,1,26,0,27,0,0,100,0,100,0,1,126,0,127,150,0,150,277
03/03/2003,ANE,MN,AGL,CE,Federal Contract Tower,0,11,16,0,27,0,4,19,0,23,0,15,35,0,50,34,2,36,86
03/04/2003,ANE,MN,AGL,CE,Federal Contract Tower,0,12,40,0,52,0,6,102,0,108,0,18,142,0,160,214,0,214,374
03/05/2003,ANE,MN,AGL,CE,Federal Contract Tower,0,19,23,0,42,0,4,104,2,110,0,23,127,2,152,162,4,166,318
03/06/2003,ANE,MN,AGL,CE,Federal Contract Tower,0,10,29,0,39,0,1,77,0,78,0,11,106,0,117,100,2,102,219
03/07/2003,ANE,MN,AGL,CE,Federal Contract Tower,0,14,30,0,44,0,2,143,2,147,0,16,173,2,191,166,0,166,357
03/08/2003,ANE,MN,AGL,CE,Federal Contract Tower,0,0,9,0,9,0,0,52,0,52,0,0,61,0,61,72,0,72,133
03/09/2003,ANE,MN,AGL,CE,Federal Contract Tower,0,2,28,0,30,0,4,103,0,107,0,6,131,0,137,132,0,132,269
03/10/2003,ANE,MN,AGL,CE,Federal Contract Tower,0,14,28,0,42,0,8,142,4,154,0,22,170,4,196,242,2,244,440
03/11/2003,ANE,MN,AGL,CE,Federal Contract Tower,0,15,39,0,54,0,4,146,4,154,0,19,185,4,208,188,6,194,402
03/12/2003,ANE,MN,AGL,CE,Federal Contract Tower,0,13,25,0,38,0,0,86,0,86,0,13,111,0,124,144,0,144,268
03/13/2003,ANE,MN,AGL,CE,Federal Contract Tower,0,18,40,0,58,0,3,106,2,111,0,21,146,2,169,291,0,291,460
03/14/2003,ANE,MN,AGL,CE,Federal Contract Tower,0,7,32,0,39,0,3,165,0,168,0,10,197,0,207,306,0,306,513
03/15/2003,ANE,MN,AGL,CE,Federal Contract Tower,0,0,40,0,40,0,10,255,2,267,0,10,295,2,307,402,2,404,711
03/16/2003,ANE,MN,AGL,CE,Federal Contract Tower,0,1,30,0,31,0,2,225,0,227,0,3,255,0,258,382,0,382,640
03/17/2003,ANE,MN,AGL,CE,Federal Contract Tower,0,18,35,0,53,0,6,28,0,34,0,24,63,0,87,90,0,90,177
03/18/2003,ANE,MN,AGL,CE,Federal Contract Tower,0,9,42,0,51,0,6,25,0,31,0,15,67,0,82,58,2,60,142
03/19/2003,ANE,MN,AGL,CE,Federal Contract Tower,0,10,28,0,38,0,8,53,0,61,0,18,81,0,99,122,0,122,221
03/20/2003,ANE,MN,AGL,CE,Federal Contract Tower,0,14,23,0,37,0,4,23,0,27,0,18,46,0,64,24,0,24,88
03/21/2003,ANE,MN,AGL,CE,Federal Contract Tower,0,17,41,0,58,0,4,111,4,119,0,21,152,4,177,126,10,136,313
03/22/2003,ANE,MN,AGL,CE,Federal Contract Tower,0,1,26,0,27,0,4,318,0,322,0,5,344,0,349,414,12,426,775
03/23/2003,ANE,MN,AGL,CE,Federal Contract Tower,0,0,21,1,22,0,4,214,3,221,0,4,235,4,243,280,10,290,533
03/24/2003,ANE,MN,AGL,CE,Federal Contract Tower,0,8,25,0,33,0,7,82,0,89,0,15,107,0,122,160,0,160,282
03/25/2003,ANE,MN,AGL,CE,Federal Contract Tower,0,9,30,0,39,0,9,144,2,155,0,18,174,2,194,200,2,202,396
03/26/2003,ANE,MN,AGL,CE,Federal Contract Tower,0,19,33,0,52,0,0,219,0,219,0,19,252,0,271,252,0,252,523
03/27/2003,ANE,MN,AGL,CE,Federal Contract Tower,0,10,22,0,32,0,0,5,0,5,0,10,27,0,37,10,0,10,47
03/28/2003,ANE,MN,AGL,CE,Federal Contract Tower,0,10,19,0,29,0,6,28,0,34,0,16,47,0,63,8,0,8,71
03/29/2003,ANE,MN,AGL,CE,Federal Contract Tower,0,0,33,0,33,0,8,202,0,210,0,8,235,0,243,384,0,384,627
03/30/2003,ANE,MN,AGL,CE,Federal Contract Tower,0,0,30,0,30,0,8,217,0,225,0,8,247,0,255,188,0,188,443
03/31/2003,ANE,MN,AGL,CE,Federal Contract Tower,0,10,24,0,34,0,2,83,0,85,0,12,107,0,119,112,0,112,231
04/01/2003,ANE,MN,AGL,CE,Federal Contract Tower,0,13,42,0,55,0,3,138,3,144,0,16,180,3,199,170,4,174,373
04/02/2003,ANE,MN,AGL,CE,Federal Contract Tower,0,15,36,0,51,0,12,71,0,83,0,27,107,0,134,104,0,104,238
04/03/2003,ANE,MN,AGL,CE,Federal Contract Tower,0,9,20,0,29,0,0,2,0,2,0,9,22,0,31,0,0,0,31
04/04/2003,ANE,MN,AGL,CE,Federal Contract Tower,0,16,22,0,38,0,0,39,0,39,0,16,61,0,77,84,0,84,161
04/05/2003,ANE,MN,AGL,CE,Federal Contract Tower,0,0,14,0,14,0,4,191,6,201,0,4,205,6,215,247,26,273,488
04/06/2003,ANE,MN,AGL,CE,Federal Contract Tower,0,0,19,0,19,0,5,157,4,166,0,5,176,4,185,120,14,134,319
04/07/2003,ANE,MN,AGL,CE,Federal Contract Tower,0,9,25,0,34,0,3,59,6,68,0,12,84,6,102,112,0,112,214
04/08/2003,ANE,MN,AGL,CE,Federal Contract Tower,0,13,29,0,42,0,5,187,8,200,0,18,216,8,242,314,0,314,556
04/09/2003,ANE,MN,AGL,CE,Federal Contract Tower,0,18,38,0,56,0,2,234,4,240,0,20,272,4,296,304,4,308,604
04/10/2003,ANE,MN,AGL,CE,Federal Contract Tower,0,12,44,0,56,0,8,165,8,181,0,20,209,8,237,264,14,278,515
04/11/2003,ANE,MN,AGL,CE,Federal Contract Tower,0,15,46,0,61,0,12,270,6,288,0,27,316,6,349,276,2,278,627
04/12/2003,ANE,MN,AGL,CE,Federal Contract Tower,0,1,20,0,21,0,7,309,0,316,0,8,329,0,337,399,0,399,736
04/13/2003,ANE,MN,AGL,CE,Federal Contract Tower,0,2,11,0,13,0,0,79,6,85,0,2,90,6,98,22,0,22,120
04/14/2003,ANE,MN,AGL,CE,Federal Contract Tower,0,20,16,0,36,0,3,143,10,156,0,23,159,10,192,290,8,298,490
04/15/2003,ANE,MN,AGL,CE,Federal Contract Tower,0,17,24,0,41,0,4,129,2,135,0,21,153,2,176,250,0,250,426
04/16/2003,ANE,MN,AGL,CE,Federal Contract Tower,0,21,13,0,34,0,1,2,0,3,0,22,15,0,37,2,0,2,39
04/17/2003,ANE,MN,AGL,CE,Federal Contract Tower,0,17,33,0,50,0,3,62,4,69,0,20,95,4,119,126,4,130,249
04/18/2003,ANE,MN,AGL,CE,Federal Contract Tower,0,9,33,0,42,0,1,44,0,45,0,10,77,0,87,106,0,106,193
04/19/2003,ANE,MN,AGL,CE,Federal Contract Tower,0,1,10,0,11,0,0,0,0,0,0,1,10,0,11,6,0,6,17
04/20/2003,ANE,MN,AGL,CE,Federal Contract Tower,0,0,15,0,15,0,0,6,0,6,0,0,21,0,21,0,0,0,21
04/21/2003,ANE,MN,AGL,CE,Federal Contract Tower,0,12,45,0,57,0,6,130,0,136,0,18,175,0,193,182,0,182,375
04/22/2003,ANE,MN,AGL,CE,Federal Contract Tower,0,19,34,0,53,0,2,302,0,304,0,21,336,0,357,374,2,376,733
04/23/2003,ANE,MN,AGL,CE,Federal Contract Tower,0,17,49,0,66,0,2,218,1,221,0,19,267,1,287,282,2,284,571
04/24/2003,ANE,MN,AGL,CE,Federal Contract Tower,0,12,33,0,45,0,12,168,0,180,0,24,201,0,225,270,0,270,495
04/25/2003,ANE,MN,AGL,CE,Federal Contract Tower,0,11,40,0,51,0,3,208,0,211,0,14,248,0,262,244,0,244,506
04/26/2003,ANE,MN,AGL,CE,Federal Contract Tower,0,0,35,0,35,0,0,206,0,206,0,0,241,0,241,296,0,296,537
04/27/2003,ANE,MN,AGL,CE,Federal Contract Tower,0,0,24,0,24,0,6,152,0,158,0,6,176,0,182,242,0,242,424
04/28/2003,ANE,MN,AGL,CE,Federal Contract Tower,0,17,25,0,42,0,6,221,4,231,0,23,246,4,273,346,0,346,619
04/29/2003,ANE,MN,AGL,CE,Federal Contract Tower,0,17,34,0,51,0,6,172,5,183,0,23,206,5,234,320,2,322,556
04/30/2003,ANE,MN,AGL,CE,Federal Contract Tower,0,14,27,0,41,0,0,89,2,91,0,14,116,2,132,160,2,162,294
05/01/2003,ANE,MN,AGL,CE,Federal Contract Tower,0,19,29,0,48,0,1,208,2,211,0,20,237,2,259,274,0,274,533
05/02/2003,ANE,MN,AGL,CE,Federal Contract Tower,0,9,29,0,38,0,5,229,0,234,0,14,258,0,272,444,0,444,716
05/03/2003,ANE,MN,AGL,CE,Federal Contract Tower,0,1,15,0,16,0,8,284,2,294,0,9,299,2,310,392,2,394,704
05/04/2003,ANE,MN,AGL,CE,Federal Contract Tower,0,0,18,0,18,0,2,62,0,64,0,2,80,0,82,76,0,76,158
05/05/2003,ANE,MN,AGL,CE,Federal Contract Tower,0,20,32,0,52,0,0,15,1,16,0,20,47,1,68,36,0,36,104
05/06/2003,ANE,MN,AGL,CE,Federal Contract Tower,0,16,42,0,58,0,1,129,6,136,0,17,171,6,194,224,2,226,420
05/07/2003,ANE,MN,AGL,CE,Federal Contract Tower,0,16,42,0,58,0,1,166,6,173,0,17,208,6,231,314,0,314,545
05/08/2003,ANE,MN,AGL,CE,Federal Contract Tower,0,18,39,0,57,0,1,143,4,148,0,19,182,4,205,220,0,220,425
05/09/2003,ANE,MN,AGL,CE,Federal Contract Tower,0,17,39,0,56,0,2,105,0,107,0,19,144,0,163,150,0,150,313
05/10/2003,ANE,MN,AGL,CE,Federal Contract Tower,0,1,21,0,22,0,2,337,0,339,0,3,358,0,361,246,0,246,607
05/11/2003,ANE,MN,AGL,CE,Federal Contract Tower,0,0,15,0,15,0,6,22,0,28,0,6,37,0,43,18,0,18,61
05/12/2003,ANE,MN,AGL,CE,Federal Contract Tower,0,17,31,0,48,0,5,188,0,193,0,22,219,0,241,236,2,238,479
05/13/2003,ANE,MN,AGL,CE,Federal Contract Tower,0,17,30,0,47,0,7,186,4,197,0,24,216,4,244,272,0,272,516
05/14/2003,ANE,MN,AGL,CE,Federal Contract Tower,0,14,37,0,51,0,5,65,4,74,0,19,102,4,125,108,0,108,233
05/15/2003,ANE,MN,AGL,CE,Federal Contract Tower,0,16,38,0,54,0,7,281,8,296,0,23,319,8,350,412,22,434,784
05/16/2003,ANE,MN,AGL,CE,Federal Contract Tower,0,15,42,0,57,0,4,258,8,270,0,19,300,8,327,324,20,344,671
05/17/2003,ANE,MN,AGL,CE,Federal Contract Tower,0,0,23,0,23,0,5,585,0,590,0,5,608,0,613,1022,4,1026,1639
05/18/2003,ANE,MN,AGL,CE,Federal Contract Tower,0,0,23,0,23,0,8,407,4,419,0,8,430,4,442,774,24,798,1240
05/19/2003,ANE,MN,AGL,CE,Federal Contract Tower,0,16,24,0,40,0,1,17,0,18,0,17,41,0,58,36,0,36,94
05/20/2003,ANE,MN,AGL,CE,Federal Contract Tower,0,17,25,0,42,0,1,162,4,167,0,18,187,4,209,204,0,204,413
05/21/2003,ANE,MN,AGL,CE,Federal Contract Tower,0,21,37,0,58,0,4,249,8,261,0,25,286,8,319,288,2,290,609
05/22/2003,ANE,MN,AGL,CE,Federal Contract Tower,0,14,47,0,61,0,6,104,2,112,0,20,151,2,173,168,4,172,345
05/23/2003,ANE,MN,AGL,CE,Federal Contract Tower,0,17,40,0,57,0,4,234,4,242,0,21,274,4,299,408,2,410,709
05/24/2003,ANE,MN,AGL,CE,Federal Contract Tower,0,0,24,0,24,0,8,206,0,214,0,8,230,0,238,278,0,278,516
05/25/2003,ANE,MN,AGL,CE,Federal Contract Tower,0,2,21,0,23,0,5,232,0,237,0,7,253,0,260,100,0,100,360
05/26/2003,ANE,MN,AGL,CE,Federal Contract Tower,0,1,18,0,19,0,0,243,2,245,0,1,261,2,264,180,6,186,450
05/27/2003,ANE,MN,AGL,CE,Federal Contract Tower,0,22,15,0,37,0,4,194,0,198,0,26,209,0,235,160,0,160,395
05/28/2003,ANE,MN,AGL,CE,Federal Contract Tower,0,27,27,0,54,0,6,106,0,112,0,33,133,0,166,142,2,144,310
05/29/2003,ANE,MN,AGL,CE,Federal Contract Tower,0,20,32,0,52,0,6,235,2,243,0,26,267,2,295,274,6,280,575
05/30/2003,ANE,MN,AGL,CE,Federal Contract Tower,0,11,25,0,36,0,0,86,0,86,0,11,111,0,122,34,0,34,156
05/31/2003,ANE,MN,AGL,CE,Federal Contract Tower,0,0,32,0,32,0,2,266,2,270,0,2,298,2,302,198,0,198,500
06/01/2003,ANE,MN,AGL,CE,Federal Contract Tower,0,1,19,0,20,0,1,192,0,193,0,2,211,0,213,140,0,140,353
06/02/2003,ANE,MN,AGL,CE,Federal Contract Tower,0,15,49,0,64,0,4,176,2,182,0,19,225,2,246,274,0,274,520
06/03/2003,ANE,MN,AGL,CE,Federal Contract Tower,0,21,37,0,58,0,6,278,2,286,0,27,315,2,344,398,2,400,744
06/04/2003,ANE,MN,AGL,CE,Federal Contract Tower,0,16,41,0,57,0,6,175,14,195,0,22,216,14,252,244,8,252,504
06/05/2003,ANE,MN,AGL,CE,Federal Contract Tower,0,20,31,0,51,0,4,177,4,185,0,24,208,4,236,280,10,290,526
06/06/2003,ANE,MN,AGL,CE,Federal Contract Tower,0,15,32,0,47,0,4,37,0,41,0,19,69,0,88,50,0,50,138
06/07/2003,ANE,MN,AGL,CE,Federal Contract Tower,0,1,32,0,33,0,0,193,2,195,0,1,225,2,228,140,2,142,370
06/08/2003,ANE,MN,AGL,CE,Federal Contract Tower,0,3,28,0,31,0,0,98,0,98,0,3,126,0,129,86,0,86,215
06/09/2003,ANE,MN,AGL,CE,Federal Contract Tower,0,19,47,0,66,0,2,259,2,263,0,21,306,2,329,298,2,300,629
06/10/2003,ANE,MN,AGL,CE,Federal Contract Tower,0,24,51,0,75,0,4,84,0,88,0,28,135,0,163,146,2,148,311
06/11/2003,ANE,MN,AGL,CE,Federal Contract Tower,0,24,52,1,77,0,6,231,1,238,0,30,283,2,315,354,2,356,671
06/12/2003,ANE,MN,AGL,CE,Federal Contract Tower,0,16,40,1,57,0,0,123,8,131,0,16,163,9,188,180,0,180,368
06/13/2003,ANE,MN,AGL,CE,Federal Contract Tower,0,13,30,0,43,0,3,206,0,209,0,16,236,0,252,196,0,196,448
06/14/2003,ANE,MN,AGL,CE,Federal Contract Tower,0,1,19,0,20,0,2,161,0,163,0,3,180,0,183,268,0,268,451
06/15/2003,ANE,MN,AGL,CE,Federal Contract Tower,0,1,21,0,22,0,4,253,0,257,0,5,274,0,279,264,0,264,543
06/16/2003,ANE,MN,AGL,CE,Federal Contract Tower,0,22,48,0,70,0,4,172,6,182,0,26,220,6,252,294,0,294,546
06/17/2003,ANE,MN,AGL,CE,Federal Contract Tower,0,22,39,0,61,0,8,125,8,141,0,30,164,8,202,308,6,314,516
06/18/2003,ANE,MN,AGL,CE,Federal Contract Tower,0,19,45,0,64,0,6,163,0,169,0,25,208,0,233,276,0,276,509
06/19/2003,ANE,MN,AGL,CE,Federal Contract Tower,0,13,27,0,40,0,0,177,0,177,0,13,204,0,217,224,0,224,441
06/20/2003,ANE,MN,AGL,CE,Federal Contract Tower,0,14,35,0,49,0,3,188,2,193,0,17,223,2,242,156,2,158,400
06/21/2003,ANE,MN,AGL,CE,Federal Contract Tower,0,2,36,0,38,0,2,163,2,167,0,4,199,2,205,104,0,104,309
06/22/2003,ANE,MN,AGL,CE,Federal Contract Tower,0,3,33,0,36,0,2,139,2,143,0,5,172,2,179,190,2,192,371
06/23/2003,ANE,MN,AGL,CE,Federal Contract Tower,0,19,33,0,52,0,4,111,6,121,0,23,144,6,173,184,4,188,361
06/24/2003,ANE,MN,AGL,CE,Federal Contract Tower,0,13,28,0,41,0,1,54,3,58,0,14,82,3,99,156,4,160,259
06/25/2003,ANE,MN,AGL,CE,Federal Contract Tower,0,25,21,0,46,0,0,59,2,61,0,25,80,2,107,170,0,170,277
06/26/2003,ANE,MN,AGL,CE,Federal Contract Tower,0,15,21,0,36,0,3,87,2,92,0,18,108,2,128,84,0,84,212
06/27/2003,ANE,MN,AGL,CE,Federal Contract Tower,0,16,41,0,57,0,4,238,0,242,0,20,279,0,299,296,0,296,595
06/28/2003,ANE,MN,AGL,CE,Federal Contract Tower,0,0,28,0,28,0,4,178,0,182,0,4,206,0,210,394,0,394,604
06/29/2003,ANE,MN,AGL,CE,Federal Contract Tower,0,0,19,0,19,0,8,286,0,294,0,8,305,0,313,584,0,584,897
06/30/2003,ANE,MN,AGL,CE,Federal Contract Tower,0,20,22,0,42,0,0,156,0,156,0,20,178,0,198,248,0,248,446
07/01/2003,ANE,MN,AGL,CE,Federal Contract Tower,0,17,11,0,28,0,4,175,0,179,0,21,186,0,207,152,0,152,359
07/02/2003,ANE,MN,AGL,CE,Federal Contract Tower,0,14,24,0,38,0,2,152,0,154,0,16,176,0,192,156,0,156,348
07/03/2003,ANE,MN,AGL,CE,Federal Contract Tower,0,17,23,0,40,0,4,220,0,224,0,21,243,0,264,278,0,278,542
07/04/2003,ANE,MN,AGL,CE,Federal Contract Tower,0,1,8,0,9,0,5,191,0,196,0,6,199,0,205,232,0,232,437
07/05/2003,ANE,MN,AGL,CE,Federal Contract Tower,0,1,19,0,20,0,6,238,0,244,0,7,257,0,264,310,0,310,574
07/06/2003,ANE,MN,AGL,CE,Federal Contract Tower,0,0,21,0,21,0,4,161,0,165,0,4,182,0,186,152,0,152,338
07/07/2003,ANE,MN,AGL,CE,Federal Contract Tower,0,18,19,0,37,0,5,127,0,132,0,23,146,0,169,216,0,216,385
07/08/2003,ANE,MN,AGL,CE,Federal Contract Tower,0,16,36,0,52,0,0,150,1,151,0,16,186,1,203,230,2,232,435
07/09/2003,ANE,MN,AGL,CE,Federal Contract Tower,0,18,33,0,51,0,4,130,0,134,0,22,163,0,185,218,0,218,403
07/10/2003,ANE,MN,AGL,CE,Federal Contract Tower,0,20,42,0,62,0,4,99,2,105,0,24,141,2,167,244,4,248,415
07/11/2003,ANE,MN,AGL,CE,Federal Contract Tower,0,12,39,0,51,0,4,222,2,228,0,16,261,2,279,268,0,268,547
07/12/2003,ANE,MN,AGL,CE,Federal Contract Tower,0,0,22,0,22,0,2,469,6,477,0,2,491,6,499,504,6,510,1009
07/13/2003,ANE,MN,AGL,CE,Federal Contract Tower,0,1,35,0,36,0,5,308,0,313,0,6,343,0,349,314,0,314,663
07/14/2003,ANE,MN,AGL,CE,Federal Contract Tower,0,16,15,0,31,0,0,37,0,37,0,16,52,0,68,82,0,82,150
07/15/2003,ANE,MN,AGL,CE,Federal Contract Tower,0,15,27,0,42,0,0,248,6,254,0,15,275,6,296,244,0,244,540
07/16/2003,ANE,MN,AGL,CE,Federal Contract Tower,0,19,27,0,46,0,6,191,8,205,0,25,218,8,251,364,4,368,619
07/17/2003,ANE,MN,AGL,CE,Federal Contract Tower,0,23,45,1,69,0,8,170,1,179,0,31,215,2,248,244,0,244,492
07/18/2003,ANE,MN,AGL,CE,Federal Contract Tower,0,21,43,0,64,0,8,310,4,322,0,29,353,4,386,328,2,330,716
07/19/2003,ANE,MN,AGL,CE,Federal Contract Tower,0,1,19,0,20,0,5,208,0,213,0,6,227,0,233,216,0,216,449
07/20/2003,ANE,MN,AGL,CE,Federal Contract Tower,0,1,23,0,24,0,1,107,0,108,0,2,130,0,132,172,2,174,306
07/21/2003,ANE,MN,AGL,CE,Federal Contract Tower,0,15,21,0,36,0,3,163,0,166,0,18,184,0,202,264,0,264,466
07/22/2003,ANE,MN,AGL,CE,Federal Contract Tower,0,16,31,0,47,0,8,193,20,221,0,24,224,20,268,178,0,178,446
07/23/2003,ANE,MN,AGL,CE,Federal Contract Tower,0,17,48,0,65,0,2,212,6,220,0,19,260,6,285,288,0,288,573
07/24/2003,ANE,MN,AGL,CE,Federal Contract Tower,0,16,50,0,66,0,4,167,4,175,0,20,217,4,241,146,0,146,387
07/25/2003,ANE,MN,AGL,CE,Federal Contract Tower,0,13,24,1,38,0,0,148,1,149,0,13,172,2,187,116,0,116,303
07/26/2003,ANE,MN,AGL,CE,Federal Contract Tower,0,3,21,0,24,0,2,175,4,181,0,5,196,4,205,182,0,182,387
07/27/2003,ANE,MN,AGL,CE,Federal Contract Tower,0,0,23,0,23,0,2,212,2,216,0,2,235,2,239,296,2,298,537
07/28/2003,ANE,MN,AGL,CE,Federal Contract Tower,0,19,33,0,52,0,4,221,0,225,0,23,254,0,277,246,0,246,523
07/29/2003,ANE,MN,AGL,CE,Federal Contract Tower,0,19,49,0,68,0,8,225,8,241,0,27,274,8,309,286,2,288,597
07/30/2003,ANE,MN,AGL,CE,Federal Contract Tower,0,14,38,0,52,0,2,181,2,185,0,16,219,2,237,200,0,200,437
07/31/2003,ANE,MN,AGL,CE,Federal Contract Tower,0,14,28,0,42,0,0,85,2,87,0,14,113,2,129,130,2,132,261
08/01/2003,ANE,MN,AGL,CE,Federal Contract Tower,0,14,29,0,43,0,1,143,0,144,0,15,172,0,187,239,0,239,426
08/02/2003,ANE,MN,AGL,CE,Federal Contract Tower,0,2,17,0,19,0,0,104,6,110,0,2,121,6,129,184,0,184,313
08/03/2003,ANE,MN,AGL,CE,Federal Contract Tower,0,3,38,0,41,0,10,147,2,159,0,13,185,2,200,154,0,154,354
08/04/2003,ANE,MN,AGL,CE,Federal Contract Tower,0,21,32,0,53,0,6,184,2,192,0,27,216,2,245,270,2,272,517
08/05/2003,ANE,MN,AGL,CE,Federal Contract Tower,0,23,33,0,56,0,6,174,4,184,0,29,207,4,240,296,8,304,544
08/06/2003,ANE,MN,AGL,CE,Federal Contract Tower,0,18,40,0,58,0,5,183,6,194,0,23,223,6,252,224,4,228,480
08/07/2003,ANE,MN,AGL,CE,Federal Contract Tower,0,21,46,0,67,0,3,161,0,164,0,24,207,0,231,226,0,226,457
08/08/2003,ANE,MN,AGL,CE,Federal Contract Tower,0,25,33,0,58,0,5,208,2,215,0,30,241,2,273,214,0,214,487
08/09/2003,ANE,MN,AGL,CE,Federal Contract Tower,0,3,22,0,25,0,8,521,0,529,0,11,543,0,554,212,0,212,766
08/10/2003,ANE,MN,AGL,CE,Federal Contract Tower,0,15,32,0,47,0,6,186,2,194,0,21,218,2,241,160,2,162,403
08/11/2003,ANE,MN,AGL,CE,Federal Contract Tower,0,24,41,0,65,0,8,192,0,200,0,32,233,0,265,198,4,202,467
08/12/2003,ANE,MN,AGL,CE,Federal Contract Tower,0,14,25,0,39,0,7,205,2,214,0,21,230,2,253,218,8,226,479
08/13/2003,ANE,MN,AGL,CE,Federal Contract Tower,0,16,24,0,40,0,0,161,0,161,0,16,185,0,201,176,6,182,383
08/14/2003,ANE,MN,AGL,CE,Federal Contract Tower,0,20,31,0,51,0,4,127,8,139,0,24,158,8,190,148,0,148,338
08/15/2003,ANE,MN,AGL,CE,Federal Contract Tower,0,16,30,0,46,0,0,116,6,122,0,16,146,6,168,118,0,118,286
08/16/2003,ANE,MN,AGL,CE,Federal Contract Tower,0,0,16,0,16,0,5,200,0,205,0,5,216,0,221,116,0,116,337
08/17/2003,ANE,MN,AGL,CE,Federal Contract Tower,0,2,25,0,27,0,5,198,0,203,0,7,223,0,230,106,0,106,336
08/18/2003,ANE,MN,AGL,CE,Federal Contract Tower,0,10,18,0,28,0,6,108,6,120,0,16,126,6,148,106,0,106,254
08/19/2003,ANE,MN,AGL,CE,Federal Contract Tower,0,22,26,0,48,0,0,82,2,84,0,22,108,2,132,204,0,204,336
08/20/2003,ANE,MN,AGL,CE,Federal Contract Tower,0,13,31,0,44,0,1,103,0,104,0,14,134,0,148,214,4,218,366
08/21/2003,ANE,MN,AGL,CE,Federal Contract Tower,0,12,31,0,43,0,4,185,0,189,0,16,216,0,232,234,0,234,466
08/22/2003,ANE,MN,AGL,CE,Federal Contract Tower,0,13,22,0,35,0,3,262,6,271,0,16,284,6,306,296,4,300,606
08/23/2003,ANE,MN,AGL,CE,Federal Contract Tower,0,2,13,0,15,0,0,132,11,143,0,2,145,11,158,138,4,142,300
08/24/2003,ANE,MN,AGL,CE,Federal Contract Tower,0,4,12,0,16,0,1,152,9,162,0,5,164,9,178,164,12,176,354
08/25/2003,ANE,MN,AGL,CE,Federal Contract Tower,0,11,19,0,30,0,5,120,0,125,0,16,139,0,155,207,0,207,362
08/26/2003,ANE,MN,AGL,CE,Federal Contract Tower,0,18,41,0,59,0,3,115,0,118,0,21,156,0,177,108,0,108,285
08/27/2003,ANE,MN,AGL,CE,Federal Contract Tower,0,16,20,0,36,0,10,241,0,251,0,26,261,0,287,300,4,304,591
08/28/2003,ANE,MN,AGL,CE,Federal Contract Tower,0,10,36,0,46,0,6,112,2,120,0,16,148,2,166,148,4,152,318
08/29/2003,ANE,MN,AGL,CE,Federal Contract Tower,0,14,38,0,52,0,2,173,2,177,0,16,211,2,229,262,0,262,491
08/30/2003,ANE,MN,AGL,CE,Federal Contract Tower,0,0,12,0,12,0,10,209,0,219,0,10,221,0,231,272,0,272,503
08/31/2003,ANE,MN,AGL,CE,Federal Contract Tower,0,1,18,0,19,0,0,137,0,137,0,1,155,0,156,169,0,169,325
09/01/2003,ANE,MN,AGL,CE,Federal Contract Tower,0,0,28,0,28,0,4,193,0,197,0,4,221,0,225,166,0,166,391
09/02/2003,ANE,MN,AGL,CE,Federal Contract Tower,0,11,13,0,24,0,1,131,0,132,0,12,144,0,156,146,2,148,304
09/03/2003,ANE,MN,AGL,CE,Federal Contract Tower,0,16,39,0,55,0,10,170,0,180,0,26,209,0,235,234,0,234,469
09/04/2003,ANE,MN,AGL,CE,Federal Contract Tower,0,15,33,0,48,0,10,230,0,240,0,25,263,0,288,380,0,380,668
09/05/2003,ANE,MN,AGL,CE,Federal Contract Tower,0,17,35,0,52,0,8,241,0,249,0,25,276,0,301,216,0,216,517
09/06/2003,ANE,MN,AGL,CE,Federal Contract Tower,0,6,17,0,23,0,2,210,0,212,0,8,227,0,235,160,0,160,395
09/07/2003,ANE,MN,AGL,CE,Federal Contract Tower,0,0,25,0,25,0,1,165,0,166,0,1,190,0,191,212,0,212,403
09/08/2003,ANE,MN,AGL,CE,Federal Contract Tower,0,10,30,0,40,0,7,157,0,164,0,17,187,0,204,222,0,222,426
09/09/2003,ANE,MN,AGL,CE,Federal Contract Tower,0,15,38,0,53,0,6,164,0,170,0,21,202,0,223,182,0,182,405
09/10/2003,ANE,MN,AGL,CE,Federal Contract Tower,0,18,30,0,48,0,6,171,2,179,0,24,201,2,227,164,2,166,393
09/11/2003,ANE,MN,AGL,CE,Federal Contract Tower,0,21,46,0,67,0,0,97,2,99,0,21,143,2,166,80,10,90,256
09/12/2003,ANE,MN,AGL,CE,Federal Contract Tower,0,3,45,0,48,0,0,146,0,146,0,3,191,0,194,102,0,102,296
09/13/2003,ANE,MN,AGL,CE,Federal Contract Tower,0,1,17,0,18,0,1,181,4,186,0,2,198,4,204,104,0,104,308
09/14/2003,ANE,MN,AGL,CE,Federal Contract Tower,0,3,20,0,23,0,1,169,4,174,0,4,189,4,197,240,0,240,437
09/15/2003,ANE,MN,AGL,CE,Federal Contract Tower,0,14,25,0,39,0,6,176,6,188,0,20,201,6,227,210,4,214,441
09/16/2003,ANE,MN,AGL,CE,Federal Contract Tower,0,14,24,0,38,0,8,238,4,250,0,22,262,4,288,242,26,268,556
09/17/2003,ANE,MN,AGL,CE,Federal Contract Tower,0,16,24,0,40,0,8,116,4,128,0,24,140,4,168,62,4,66,234
09/18/2003,ANE,MN,AGL,CE,Federal Contract Tower,0,6,30,0,36,0,6,55,4,65,0,12,85,4,101,60,0,60,161
09/19/2003,ANE,MN,AGL,CE,Federal Contract Tower,0,11,35,0,46,0,6,116,14,136,0,17,151,14,182,182,4,186,368
09/20/2003,ANE,MN,AGL,CE,Federal Contract Tower,0,3,25,0,28,0,0,206,14,220,0,3,231,14,248,190,0,190,438
09/21/2003,ANE,MN,AGL,CE,Federal Contract Tower,0,0,30,0,30,0,4,128,7,139,0,4,158,7,169,130,2,132,301
09/22/2003,ANE,MN,AGL,CE,Federal Contract Tower,0,16,33,0,49,0,10,155,8,173,0,26,188,8,222,182,6,188,410
09/23/2003,ANE,MN,AGL,CE,Federal Contract Tower,0,20,52,0,72,0,8,195,0,203,0,28,247,0,275,242,0,242,517
09/24/2003,ANE,MN,AGL,CE,Federal Contract Tower,0,16,34,0,50,0,5,74,2,81,0,21,108,2,131,82,0,82,213
09/25/2003,ANE,MN,AGL,CE,Federal Contract Tower,0,11,33,0,44,0,5,154,0,159,0,16,187,0,203,294,0,294,497
09/26/2003,ANE,MN,AGL,CE,Federal Contract Tower,0,13,28,0,41,0,8,107,4,119,0,21,135,4,160,82,0,82,242
09/27/2003,ANE,MN,AGL,CE,Federal Contract Tower,0,1,18,0,19,0,4,125,4,133,0,5,143,4,152,80,2,82,234
09/28/2003,ANE,MN,AGL,CE,Federal Contract Tower,0,1,20,0,21,0,6,188,0,194,0,7,208,0,215,230,0,230,445
09/29/2003,ANE,MN,AGL,CE,Federal Contract Tower,0,16,30,0,46,0,4,95,6,105,0,20,125,6,151,118,0,118,269
09/30/2003,ANE,MN,AGL,CE,Federal Contract Tower,0,10,23,0,33,0,3,115,0,118,0,13,138,0,151,162,0,162,313
10/01/2003,ANE,MN,AGL,CE,Federal Contract Tower,0,10,34,0,44,0,6,140,4,150,0,16,174,4,194,199,0,199,393
10/02/2003,ANE,MN,AGL,CE,Federal Contract Tower,0,9,31,0,40,0,2,124,14,140,0,11,155,14,180,222,0,222,402
10/03/2003,ANE,MN,AGL,CE,Federal Contract Tower,0,8,27,0,35,0,11,154,4,169,0,19,181,4,204,168,4,172,376
10/04/2003,ANE,MN,AGL,CE,Federal Contract Tower,0,5,14,0,19,0,2,289,4,295,0,7,303,4,314,288,0,288,602
10/05/2003,ANE,MN,AGL,CE,Federal Contract Tower,0,7,24,0,31,0,7,307,6,320,0,14,331,6,351,352,14,366,717
10/06/2003,ANE,MN,AGL,CE,Federal Contract Tower,0,9,29,0,38,0,2,164,0,166,0,11,193,0,204,164,0,164,368
10/07/2003,ANE,MN,AGL,CE,Federal Contract Tower,0,8,26,0,34,0,3,172,1,176,0,11,198,1,210,190,0,190,400
10/08/2003,ANE,MN,AGL,CE,Federal Contract Tower,0,11,36,0,47,0,0,132,2,134,0,11,168,2,181,238,0,238,419
10/09/2003,ANE,MN,AGL,CE,Federal Contract Tower,0,13,47,0,60,0,3,166,0,169,0,16,213,0,229,274,0,274,503
10/10/2003,ANE,MN,AGL,CE,Federal Contract Tower,0,12,42,0,54,0,9,168,0,177,0,21,210,0,231,134,0,134,365
10/11/2003,ANE,MN,AGL,CE,Federal Contract Tower,0,6,19,0,25,0,1,84,0,85,0,7,103,0,110,136,0,136,246
10/12/2003,ANE,MN,AGL,CE,Federal Contract Tower,0,6,21,0,27,0,0,250,4,254,0,6,271,4,281,206,0,206,487
10/13/2003,ANE,MN,AGL,CE,Federal Contract Tower,0,8,29,0,37,0,2,90,0,92,0,10,119,0,129,152,0,152,281
10/14/2003,ANE,MN,AGL,CE,Federal Contract Tower,0,8,26,0,34,0,4,137,0,141,0,12,163,0,175,184,0,184,359
10/15/2003,ANE,MN,AGL,CE,Federal Contract Tower,0,13,45,0,58,0,13,192,2,207,0,26,237,2,265,266,10,276,541
10/16/2003,ANE,MN,AGL,CE,Federal Contract Tower,0,9,30,0,39,0,4,188,6,198,0,13,218,6,237,236,8,244,481
10/17/2003,ANE,MN,AGL,CE,Federal Contract Tower,0,12,48,0,60,0,11,179,6,196,0,23,227,6,256,260,4,264,520
10/18/2003,ANE,MN,AGL,CE,Federal Contract Tower,0,4,15,0,19,0,4,232,4,240,0,8,247,4,259,158,0,158,417
10/19/2003,ANE,MN,AGL,CE,Federal Contract Tower,0,3,15,0,18,0,9,231,0,240,0,12,246,0,258,176,0,176,434
10/20/2003,ANE,MN,AGL,CE,Federal Contract Tower,0,8,30,0,38,0,8,21,0,29,0,16,51,0,67,62,0,62,129
10/21/2003,ANE,MN,AGL,CE,Federal Contract Tower,0,8,32,0,40,0,13,110,4,127,0,21,142,4,167,216,0,216,383
10/22/2003,ANE,MN,AGL,CE,Federal Contract Tower,0,12,46,0,58,0,4,202,6,212,0,16,248,6,270,214,0,214,484
10/23/2003,ANE,MN,AGL,CE,Federal Contract Tower,0,8,32,0,40,0,6,167,0,173,0,14,199,0,213,188,0,188,401
10/24/2003,ANE,MN,AGL,CE,Federal Contract Tower,0,10,38,0,48,0,0,142,0,142,0,10,180,0,190,126,0,126,316
10/25/2003,ANE,MN,AGL,CE,Federal Contract Tower,0,0,7,0,7,0,0,161,0,161,0,0,168,0,168,138,0,138,306
10/26/2003,ANE,MN,AGL,CE,Federal Contract Tower,0,1,17,0,18,0,0,158,0,158,0,1,175,0,176,112,0,112,288
10/27/2003,ANE,MN,AGL,CE,Federal Contract Tower,0,7,30,0,37,0,0,99,1,100,0,7,129,1,137,150,0,150,287
10/28/2003,ANE,MN,AGL,CE,Federal Contract Tower,0,4,19,0,23,0,2,10,0,12,0,6,29,0,35,4,0,4,39
10/29/2003,ANE,MN,AGL,CE,Federal Contract Tower,0,7,29,0,36,0,4,114,0,118,0,11,143,0,154,238,0,238,392
10/30/2003,ANE,MN,AGL,CE,Federal Contract Tower,0,8,34,0,42,0,0,28,0,28,0,8,62,0,70,22,0,22,92
10/31/2003,ANE,MN,AGL,CE,Federal Contract Tower,0,10,48,0,58,0,0,34,0,34,0,10,82,0,92,88,0,88,180
11/01/2003,ANE,MN,AGL,CE,Federal Contract Tower,0,0,13,0,13,0,0,167,0,167,0,0,180,0,180,156,0,156,336
11/02/2003,ANE,MN,AGL,CE,Federal Contract Tower,0,1,17,0,18,0,0,133,0,133,0,1,150,0,151,164,0,164,315
11/03/2003,ANE,MN,AGL,CE,Federal Contract Tower,0,6,21,0,27,0,0,1,0,1,0,6,22,0,28,8,0,8,36
11/04/2003,ANE,MN,AGL,CE,Federal Contract Tower,0,9,36,0,45,0,5,2,0,7,0,14,38,0,52,10,0,10,62
11/05/2003,ANE,MN,AGL,CE,Federal Contract Tower,0,8,39,0,47,0,0,97,4,101,0,8,136,4,148,180,0,180,328
11/06/2003,ANE,MN,AGL,CE,Federal Contract Tower,0,6,33,0,39,0,0,101,0,101,0,6,134,0,140,78,0,78,218
11/07/2003,ANE,MN,AGL,CE,Federal Contract Tower,0,6,25,0,31,0,4,132,2,138,0,10,157,2,169,106,0,106,275
11/08/2003,ANE,MN,AGL,CE,Federal Contract Tower,0,0,10,0,10,0,0,175,0,175,0,0,185,0,185,194,0,194,379
11/09/2003,ANE,MN,AGL,CE,Federal Contract Tower,0,0,21,0,21,0,0,166,0,166,0,0,187,0,187,128,0,128,315
11/10/2003,ANE,MN,AGL,CE,Federal Contract Tower,0,10,38,0,48,0,3,82,0,85,0,13,120,0,133,102,0,102,235
11/11/2003,ANE,MN,AGL,CE,Federal Contract Tower,0,12,47,0,59,0,1,194,0,195,0,13,241,0,254,120,0,120,374
11/12/2003,ANE,MN,AGL,CE,Federal Contract Tower,0,6,21,0,27,0,2,38,0,40,0,8,59,0,67,68,0,68,135
11/13/2003,ANE,MN,AGL,CE,Federal Contract Tower,0,10,38,0,48,0,3,155,2,160,0,13,193,2,208,230,6,236,444
11/14/2003,ANE,MN,AGL,CE,Federal Contract Tower,0,9,39,0,48,0,0,175,0,175,0,9,214,0,223,180,0,180,403
11/15/2003,ANE,MN,AGL,CE,Federal Contract Tower,0,0,9,0,9,0,0,15,0,15,0,0,24,0,24,98,0,98,122
11/16/2003,ANE,MN,AGL,CE,Federal Contract Tower,0,2,11,0,13,0,1,16,0,17,0,3,27,0,30,32,0,32,62
11/17/2003,ANE,MN,AGL,CE,Federal Contract Tower,0,5,25,0,30,0,3,46,8,57,0,8,71,8,87,40,8,48,135
11/18/2003,ANE,MN,AGL,CE,Federal Contract Tower,0,7,32,0,39,0,1,108,2,111,0,8,140,2,150,150,4,154,304
11/19/2003,ANE,MN,AGL,CE,Federal Contract Tower,0,5,24,0,29,0,3,163,0,166,0,8,187,0,195,186,2,188,383
11/20/2003,ANE,MN,AGL,CE,Federal Contract Tower,0,7,34,0,41,0,0,209,2,211,0,7,243,2,252,176,8,184,436
11/21/2003,ANE,MN,AGL,CE,Federal Contract Tower,0,7,33,0,40,0,10,142,0,152,0,17,175,0,192,124,0,124,316
11/22/2003,ANE,MN,AGL,CE,Federal Contract Tower,0,1,9,0,10,0,0,59,0,59,0,1,68,0,69,32,0,32,101
11/23/2003,ANE,MN,AGL,CE,Federal Contract Tower,0,0,2,0,2,0,0,0,0,0,0,0,2,0,2,0,0,0,2
11/24/2003,ANE,MN,AGL,CE,Federal Contract Tower,0,5,22,0,27,0,4,42,0,46,0,9,64,0,73,50,0,50,123
11/25/2003,ANE,MN,AGL,CE,Federal Contract Tower,0,6,29,0,35,0,2,58,1,61,0,8,87,1,96,36,0,36,132
11/26/2003,ANE,MN,AGL,CE,Federal Contract Tower,0,9,41,0,50,0,8,119,6,133,0,17,160,6,183,120,0,120,303
11/27/2003,ANE,MN,AGL,CE,Federal Contract Tower,0,2,12,0,14,0,0,47,0,47,0,2,59,0,61,46,0,46,107
11/28/2003,ANE,MN,AGL,CE,Federal Contract Tower,0,4,20,0,24,0,3,97,0,100,0,7,117,0,124,168,0,168,292
11/29/2003,ANE,MN,AGL,CE,Federal Contract Tower,0,3,16,0,19,0,1,115,0,116,0,4,131,0,135,140,0,140,275
11/30/2003,ANE,MN,AGL,CE,Federal Contract Tower,0,3,14,0,17,0,1,80,0,81,0,4,94,0,98,104,0,104,202
12/01/2003,ANE,MN,AGL,CE,Federal Contract Tower,0,10,34,0,44,0,6,66,0,72,0,16,100,0,116,68,0,68,184
12/02/2003,ANE,MN,AGL,CE,Federal Contract Tower,0,8,25,0,33,0,0,127,4,131,0,8,152,4,164,96,0,96,260
12/03/2003,ANE,MN,AGL,CE,Federal Contract Tower,0,12,37,0,49,0,2,177,4,183,0,14,214,4,232,286,0,286,518
12/04/2003,ANE,MN,AGL,CE,Federal Contract Tower,0,9,28,0,37,0,1,111,4,116,0,10,139,4,153,188,2,190,343
12/05/2003,ANE,MN,AGL,CE,Federal Contract Tower,0,6,25,0,31,0,0,28,0,28,0,6,53,0,59,48,0,48,107
12/06/2003,ANE,MN,AGL,CE,Federal Contract Tower,0,6,18,0,24,0,0,86,0,86,0,6,104,0,110,192,0,192,302
12/07/2003,ANE,MN,AGL,CE,Federal Contract Tower,0,7,24,0,31,0,9,95,2,106,0,16,119,2,137,142,0,142,279
12/08/2003,ANE,MN,AGL,CE,Federal Contract Tower,0,8,27,0,35,0,3,75,0,78,0,11,102,0,113,72,0,72,185
12/09/2003,ANE,MN,AGL,CE,Federal Contract Tower,0,4,19,0,23,0,0,2,0,2,0,4,21,0,25,0,0,0,25
12/10/2003,ANE,MN,AGL,CE,Federal Contract Tower,0,7,23,0,30,0,12,88,0,100,0,19,111,0,130,128,4,132,262
12/11/2003,ANE,MN,AGL,CE,Federal Contract Tower,0,9,27,0,36,0,1,113,4,118,0,10,140,4,154,104,0,104,258
12/12/2003,ANE,MN,AGL,CE,Federal Contract Tower,0,7,24,0,31,0,3,125,2,130,0,10,149,2,161,68,0,68,229
12/13/2003,ANE,MN,AGL,CE,Federal Contract Tower,0,4,10,0,14,0,4,144,0,148,0,8,154,0,162,132,0,132,294
12/14/2003,ANE,MN,AGL,CE,Federal Contract Tower,0,1,10,0,11,0,0,9,0,9,0,1,19,0,20,8,0,8,28
12/15/2003,ANE,MN,AGL,CE,Federal Contract Tower,0,5,12,0,17,0,1,0,0,1,0,6,12,0,18,0,0,0,18
12/16/2003,ANE,MN,AGL,CE,Federal Contract Tower,0,7,22,0,29,0,6,33,2,41,0,13,55,2,70,32,10,42,112
12/17/2003,ANE,MN,AGL,CE,Federal Contract Tower,0,10,40,0,50,0,0,129,0,129,0,10,169,0,179,224,2,226,405
12/18/2003,ANE,MN,AGL,CE,Federal Contract Tower,0,10,37,0,47,0,3,107,0,110,0,13,144,0,157,56,0,56,213
12/19/2003,ANE,MN,AGL,CE,Federal Contract Tower,0,7,27,0,34,0,0,177,0,177,0,7,204,0,211,140,0,140,351
12/20/2003,ANE,MN,AGL,CE,Federal Contract Tower,0,1,14,0,15,0,0,211,0,211,0,1,225,0,226,180,0,180,406
12/21/2003,ANE,MN,AGL,CE,Federal Contract Tower,0,0,11,0,11,0,0,190,0,190,0,0,201,0,201,202,0,202,403
12/22/2003,ANE,MN,AGL,CE,Federal Contract Tower,0,7,27,0,34,0,2,147,2,151,0,9,174,2,185,174,10,184,369
12/23/2003,ANE,MN,AGL,CE,Federal Contract Tower,0,8,29,0,37,0,5,157,6,168,0,13,186,6,205,194,12,206,411
12/24/2003,ANE,MN,AGL,CE,Federal Contract Tower,0,6,21,0,27,0,3,73,0,76,0,9,94,0,103,70,0,70,173
12/25/2003,ANE,MN,AGL,CE,Federal Contract Tower,0,0,7,0,7,0,0,47,0,47,0,0,54,0,54,0,0,0,54
12/26/2003,ANE,MN,AGL,CE,Federal Contract Tower,0,5,25,0,30,0,0,136,0,136,0,5,161,0,166,82,0,82,248
12/27/2003,ANE,MN,AGL,CE,Federal Contract Tower,0,0,9,0,9,0,0,19,0,19,0,0,28,0,28,30,0,30,58
12/28/2003,ANE,MN,AGL,CE,Federal Contract Tower,0,0,5,0,5,0,0,0,0,0,0,0,5,0,5,112,0,112,117
12/29/2003,ANE,MN,AGL,CE,Federal Contract Tower,0,4,17,0,21,0,9,23,2,34,0,13,40,2,55,36,0,36,91
12/30/2003,ANE,MN,AGL,CE,Federal Contract Tower,0,6,32,0,38,0,0,127,0,127,0,6,159,0,165,168,2,170,335
12/31/2003,ANE,MN,AGL,CE,Federal Contract Tower,0,4,17,0,21,0,6,100,0,106,0,10,117,0,127,84,4,88,215
01/01/2004,ANE,MN,AGL,CE,Federal Contract Tower,0,2,4,0,6,0,3,83,0,86,0,5,87,0,92,98,0,98,190
01/02/2004,ANE,MN,AGL,CE,Federal Contract Tower,0,10,26,0,36,0,1,31,0,32,0,11,57,0,68,114,0,114,182
01/03/2004,ANE,MN,AGL,CE,Federal Contract Tower,0,0,9,0,9,0,0,198,2,200,0,0,207,2,209,206,0,206,415
01/04/2004,ANE,MN,AGL,CE,Federal Contract Tower,0,5,14,0,19,0,1,111,0,112,0,6,125,0,131,92,0,92,223
01/05/2004,ANE,MN,AGL,CE,Federal Contract Tower,0,7,21,0,28,0,2,83,0,85,0,9,104,0,113,52,0,52,165
01/06/2004,ANE,MN,AGL,CE,Federal Contract Tower,0,8,26,0,34,0,5,36,0,41,0,13,62,0,75,20,0,20,95
01/07/2004,ANE,MN,AGL,CE,Federal Contract Tower,0,7,28,0,35,0,0,122,0,122,0,7,150,0,157,150,0,150,307
01/08/2004,ANE,MN,AGL,CE,Federal Contract Tower,0,6,29,0,35,0,0,75,2,77,0,6,104,2,112,106,0,106,218
01/09/2004,ANE,MN,AGL,CE,Federal Contract Tower,0,8,30,0,38,0,0,129,2,131,0,8,159,2,169,166,0,166,335
01/10/2004,ANE,MN,AGL,CE,Federal Contract Tower,0,5,18,0,23,0,0,138,4,142,0,5,156,4,165,240,0,240,405
01/11/2004,ANE,MN,AGL,CE,Federal Contract Tower,0,2,12,0,14,0,0,23,0,23,0,2,35,0,37,52,0,52,89
01/12/2004,ANE,MN,AGL,CE,Federal Contract Tower,0,7,28,0,35,0,3,56,0,59,0,10,84,0,94,44,0,44,138
01/13/2004,ANE,MN,AGL,CE,Federal Contract Tower,0,4,28,0,32,0,0,150,10,160,0,4,178,10,192,92,4,96,288
01/14/2004,ANE,MN,AGL,CE,Federal Contract Tower,0,8,28,0,36,0,4,47,0,51,0,12,75,0,87,72,0,72,159
01/15/2004,ANE,MN,AGL,CE,Federal Contract Tower,0,8,31,0,39,0,2,89,0,91,0,10,120,0,130,96,0,96,226
01/16/2004,ANE,MN,AGL,CE,Federal Contract Tower,0,8,35,0,43,0,0,136,2,138,0,8,171,2,181,168,0,168,349
01/17/2004,ANE,MN,AGL,CE,Federal Contract Tower,0,0,10,0,10,0,0,118,0,118,0,0,128,0,128,188,0,188,316
01/18/2004,ANE,MN,AGL,CE,Federal Contract Tower,0,0,7,0,7,0,0,87,0,87,0,0,94,0,94,110,0,110,204
01/19/2004,ANE,MN,AGL,CE,Federal Contract Tower,0,2,17,0,19,0,0,64,0,64,0,2,81,0,83,22,0,22,105
01/20/2004,ANE,MN,AGL,CE,Federal Contract Tower,0,8,28,0,36,0,4,94,0,98,0,12,122,0,134,120,0,120,254
01/21/2004,ANE,MN,AGL,CE,Federal Contract Tower,0,7,26,0,33,0,4,37,0,41,0,11,63,0,74,22,0,22,96
01/22/2004,ANE,MN,AGL,CE,Federal Contract Tower,0,5,19,0,24,0,5,61,6,72,0,10,80,6,96,60,0,60,156
01/23/2004,ANE,MN,AGL,CE,Federal Contract Tower,0,7,24,0,31,0,7,44,0,51,0,14,68,0,82,28,0,28,110
01/24/2004,ANE,MN,AGL,CE,Federal Contract Tower,0,1,15,0,16,0,0,187,0,187,0,1,202,0,203,224,0,224,427
01/25/2004,ANE,MN,AGL,CE,Federal Contract Tower,0,0,7,0,7,0,0,62,0,62,0,0,69,0,69,46,0,46,115
01/26/2004,ANE,MN,AGL,CE,Federal Contract Tower,0,5,11,0,16,0,8,0,0,8,0,13,11,0,24,0,0,0,24
01/27/2004,ANE,MN,AGL,CE,Federal Contract Tower,0,9,31,0,40,0,5,83,2,90,0,14,114,2,130,32,0,32,162
01/28/2004,ANE,MN,AGL,CE,Federal Contract Tower,0,4,16,0,20,0,8,33,2,43,0,12,49,2,63,20,0,20,83
01/29/2004,ANE,MN,AGL,CE,Federal Contract Tower,0,5,19,0,24,0,5,42,0,47,0,10,61,0,71,34,0,34,105
01/30/2004,ANE,MN,AGL,CE,Federal Contract Tower,0,5,21,0,26,0,9,23,0,32,0,14,44,0,58,2,0,2,60
01/31/2004,ANE,MN,AGL,CE,Federal Contract Tower,0,1,9,0,10,0,0,79,10,89,0,1,88,10,99,52,0,52,151
02/01/2004,ANE,MN,AGL,CE,Federal Contract Tower,0,0,5,0,5,0,0,2,0,2,0,0,7,0,7,2,0,2,9
02/02/2004,ANE,MN,AGL,CE,Federal Contract Tower,0,7,20,0,27,0,3,0,0,3,0,10,20,0,30,0,0,0,30
02/03/2004,ANE,MN,AGL,CE,Federal Contract Tower,0,6,19,0,25,0,5,108,0,113,0,11,127,0,138,120,0,120,258
02/04/2004,ANE,MN,AGL,CE,Federal Contract Tower,0,9,31,0,40,0,0,66,0,66,0,9,97,0,106,38,0,38,144
02/05/2004,ANE,MN,AGL,CE,Federal Contract Tower,0,7,23,0,30,0,7,74,0,81,0,14,97,0,111,66,0,66,177
02/06/2004,ANE,MN,AGL,CE,Federal Contract Tower,0,8,23,0,31,0,1,77,2,80,0,9,100,2,111,60,0,60,171
02/07/2004,ANE,MN,AGL,CE,Federal Contract Tower,0,0,10,0,10,0,0,205,0,205,0,0,215,0,215,156,0,156,371
02/08/2004,ANE,MN,AGL,CE,Federal Contract Tower,0,0,8,0,8,0,0,83,0,83,0,0,91,0,91,112,0,112,203
02/09/2004,ANE,MN,AGL,CE,Federal Contract Tower,0,5,19,0,24,0,1,85,2,88,0,6,104,2,112,120,6,126,238
02/10/2004,ANE,MN,AGL,CE,Federal Contract Tower,0,8,36,0,44,0,4,105,10,119,0,12,141,10,163,186,4,190,353
02/11/2004,ANE,MN,AGL,CE,Federal Contract Tower,0,7,31,0,38,0,3,9,0,12,0,10,40,0,50,8,0,8,58
02/12/2004,ANE,MN,AGL,CE,Federal Contract Tower,0,4,19,0,23,0,2,98,0,100,0,6,117,0,123,88,0,88,211
02/13/2004,ANE,MN,AGL,CE,Federal Contract Tower,0,8,35,0,43,0,3,119,0,122,0,11,154,0,165,136,0,136,301
02/14/2004,ANE,MN,AGL,CE,Federal Contract Tower,0,0,18,0,18,0,0,151,0,151,0,0,169,0,169,72,0,72,241
02/15/2004,ANE,MN,AGL,CE,Federal Contract Tower,0,2,14,0,16,0,0,133,0,133,0,2,147,0,149,156,0,156,305
02/16/2004,ANE,MN,AGL,CE,Federal Contract Tower,0,5,21,0,26,0,0,96,0,96,0,5,117,0,122,94,0,94,216
02/17/2004,ANE,MN,AGL,CE,Federal Contract Tower,0,5,28,0,33,0,0,166,6,172,0,5,194,6,205,164,2,166,371
02/18/2004,ANE,MN,AGL,CE,Federal Contract Tower,0,6,27,0,33,0,3,136,0,139,0,9,163,0,172,150,8,158,330
02/19/2004,ANE,MN,AGL,CE,Federal Contract Tower,0,5,24,0,29,0,2,40,0,42,0,7,64,0,71,96,0,96,167
02/20/2004,ANE,MN,AGL,CE,Federal Contract Tower,0,4,17,0,21,0,2,0,0,2,0,6,17,0,23,4,0,4,27
02/21/2004,ANE,MN,AGL,CE,Federal Contract Tower,0,1,13,0,14,0,0,220,2,222,0,1,233,2,236,308,4,312,548
02/22/2004,ANE,MN,AGL,CE,Federal Contract Tower,0,0,15,0,15,0,0,10,0,10,0,0,25,0,25,38,0,38,63
02/23/2004,ANE,MN,AGL,CE,Federal Contract Tower,0,6,28,0,34,0,0,51,0,51,0,6,79,0,85,116,0,116,201
02/24/2004,ANE,MN,AGL,CE,Federal Contract Tower,0,8,37,0,45,0,11,90,0,101,0,19,127,0,146,154,0,154,300
02/25/2004,ANE,MN,AGL,CE,Federal Contract Tower,0,6,30,0,36,0,2,72,2,76,0,8,102,2,112,176,0,176,288
02/26/2004,ANE,MN,AGL,CE,Federal Contract Tower,0,11,48,0,59,0,3,134,2,139,0,14,182,2,198,110,0,110,308
02/27/2004,ANE,MN,AGL,CE,Federal Contract Tower,0,4,47,0,51,0,0,163,2,165,0,4,210,2,216,180,0,180,396
02/28/2004,ANE,MN,AGL,CE,Federal Contract Tower,0,2,16,0,18,0,0,277,0,277,0,2,293,0,295,340,0,340,635
02/29/2004,ANE,MN,AGL,CE,Federal Contract Tower,0,1,17,0,18,0,0,140,0,140,0,1,157,0,158,174,0,174,332
03/01/2004,ANE,MN,AGL,CE,Federal Contract Tower,0,6,22,0,28,0,0,24,0,24,0,6,46,0,52,52,0,52,104
03/02/2004,ANE,MN,AGL,CE,Federal Contract Tower,0,3,18,0,21,0,0,47,2,49,0,3,65,2,70,36,8,44,114
03/03/2004,ANE,MN,AGL,CE,Federal Contract Tower,0,7,31,0,38,0,0,20,2,22,0,7,51,2,60,52,2,54,114
03/04/2004,ANE,MN,AGL,CE,Federal Contract Tower,0,8,33,0,41,0,1,92,8,101,0,9,125,8,142,172,0,172,314
03/05/2004,ANE,MN,AGL,CE,Federal Contract Tower,0,6,25,0,31,0,1,10,0,11,0,7,35,0,42,2,0,2,44
03/06/2004,ANE,MN,AGL,CE,Federal Contract Tower,0,0,15,0,15,0,0,119,0,119,0,0,134,0,134,180,0,180,314
03/07/2004,ANE,MN,AGL,CE,Federal Contract Tower,0,0,8,0,8,0,0,16,0,16,0,0,24,0,24,12,0,12,36
03/08/2004,ANE,MN,AGL,CE,Federal Contract Tower,0,5,20,0,25,0,4,18,0,22,0,9,38,0,47,50,0,50,97
03/09/2004,ANE,MN,AGL,CE,Federal Contract Tower,0,5,18,0,23,0,0,150,1,151,0,5,168,1,174,180,0,180,354
03/10/2004,ANE,MN,AGL,CE,Federal Contract Tower,0,7,26,0,33,0,3,60,0,63,0,10,86,0,96,28,0,28,124
03/11/2004,ANE,MN,AGL,CE,Federal Contract Tower,0,5,20,0,25,0,4,38,0,42,0,9,58,0,67,28,0,28,95
03/12/2004,ANE,MN,AGL,CE,Federal Contract Tower,0,5,36,0,41,0,0,187,4,191,0,5,223,4,232,228,4,232,464
03/13/2004,ANE,MN,AGL,CE,Federal Contract Tower,0,2,6,0,8,0,0,16,0,16,0,2,22,0,24,28,0,28,52
03/14/2004,ANE,MN,AGL,CE,Federal Contract Tower,0,0,8,0,8,0,0,36,0,36,0,0,44,0,44,32,0,32,76
03/15/2004,ANE,MN,AGL,CE,Federal Contract Tower,0,7,29,1,37,0,4,103,1,108,0,11,132,2,145,112,0,112,257
03/16/2004,ANE,MN,AGL,CE,Federal Contract Tower,0,8,36,0,44,0,1,107,2,110,0,9,143,2,154,172,0,172,326
03/17/2004,ANE,MN,AGL,CE,Federal Contract Tower,0,8,35,0,43,0,5,89,2,96,0,13,124,2,139,162,2,164,303
03/18/2004,ANE,MN,AGL,CE,Federal Contract Tower,0,7,33,0,40,0,4,68,0,72,0,11,101,0,112,122,0,122,234
03/19/2004,ANE,MN,AGL,CE,Federal Contract Tower,0,6,26,0,32,0,4,97,0,101,0,10,123,0,133,118,0,118,251
03/20/2004,ANE,MN,AGL,CE,Federal Contract Tower,0,0,9,0,9,0,0,28,0,28,0,0,37,0,37,4,0,4,41
03/21/2004,ANE,MN,AGL,CE,Federal Contract Tower,0,1,15,0,16,0,0,158,0,158,0,1,173,0,174,194,0,194,368
03/22/2004,ANE,MN,AGL,CE,Federal Contract Tower,0,7,30,0,37,0,6,133,0,139,0,13,163,0,176,124,0,124,300
03/23/2004,ANE,MN,AGL,CE,Federal Contract Tower,0,10,46,0,56,0,0,197,2,199,0,10,243,2,255,270,2,272,527
03/24/2004,ANE,MN,AGL,CE,Federal Contract Tower,0,7,51,0,58,0,0,140,6,146,0,7,191,6,204,192,6,198,402
03/25/2004,ANE,MN,AGL,CE,Federal Contract Tower,0,8,36,0,44,0,0,13,0,13,0,8,49,0,57,104,0,104,161
03/26/2004,ANE,MN,AGL,CE,Federal Contract Tower,0,9,38,0,47,0,3,139,0,142,0,12,177,0,189,250,0,250,439
03/27/2004,ANE,MN,AGL,CE,Federal Contract Tower,0,2,10,0,12,0,1,0,0,1,0,3,10,0,13,2,0,2,15
03/28/2004,ANE,MN,AGL,CE,Federal Contract Tower,0,2,28,0,30,0,0,34,0,34,0,2,62,0,64,84,0,84,148
03/29/2004,ANE,MN,AGL,CE,Federal Contract Tower,0,3,17,0,20,0,8,89,2,99,0,11,106,2,119,104,2,106,225
03/30/2004,ANE,MN,AGL,CE,Federal Contract Tower,0,7,34,0,41,0,4,133,4,141,0,11,167,4,182,162,2,164,346
03/31/2004,ANE,MN,AGL,CE,Federal Contract Tower,0,5,25,0,30,0,1,213,0,214,0,6,238,0,244,198,0,198,442
04/01/2004,ANE,MN,AGL,CE,Federal Contract Tower,0,7,26,0,33,0,3,184,0,187,0,10,210,0,220,124,0,124,344
04/02/2004,ANE,MN,AGL,CE,Federal Contract Tower,0,10,36,0,46,0,1,203,0,204,0,11,239,0,250,200,0,200,450
04/03/2004,ANE,MN,AGL,CE,Federal Contract Tower,0,0,8,0,8,0,0,103,0,103,0,0,111,0,111,120,0,120,231
04/04/2004,ANE,MN,AGL,CE,Federal Contract Tower,0,5,22,0,27,0,0,235,0,235,0,5,257,0,262,256,0,256,518
04/05/2004,ANE,MN,AGL,CE,Federal Contract Tower,0,9,33,0,42,0,1,103,4,108,0,10,136,4,150,74,0,74,224
04/06/2004,ANE,MN,AGL,CE,Federal Contract Tower,0,8,28,0,36,0,5,194,0,199,0,13,222,0,235,126,0,126,361
04/07/2004,ANE,MN,AGL,CE,Federal Contract Tower,0,9,32,0,41,0,3,120,2,125,0,12,152,2,166,102,2,104,270
04/08/2004,ANE,MN,AGL,CE,Federal Contract Tower,0,9,31,0,40,0,4,158,2,164,0,13,189,2,204,116,0,116,320
04/09/2004,ANE,MN,AGL,CE,Federal Contract Tower,0,8,30,0,38,0,7,144,0,151,0,15,174,0,189,162,0,162,351
04/10/2004,ANE,MN,AGL,CE,Federal Contract Tower,0,0,11,0,11,0,0,131,0,131,0,0,142,0,142,214,0,214,356
04/11/2004,ANE,MN,AGL,CE,Federal Contract Tower,0,0,12,0,12,0,0,115,0,115,0,0,127,0,127,164,0,164,291
04/12/2004,ANE,MN,AGL,CE,Federal Contract Tower,0,5,20,1,26,0,0,141,1,142,0,5,161,2,168,168,2,170,338
04/13/2004,ANE,MN,AGL,CE,Federal Contract Tower,0,7,31,0,38,0,0,174,0,174,0,7,205,0,212,168,0,168,380
04/14/2004,ANE,MN,AGL,CE,Federal Contract Tower,0,9,39,0,48,0,7,183,0,190,0,16,222,0,238,218,4,222,460
04/15/2004,ANE,MN,AGL,CE,Federal Contract Tower,0,7,30,0,37,0,2,104,8,114,0,9,134,8,151,18,0,18,169
04/16/2004,ANE,MN,AGL,CE,Federal Contract Tower,0,7,29,0,36,0,2,173,0,175,0,9,202,0,211,242,0,242,453
04/17/2004,ANE,MN,AGL,CE,Federal Contract Tower,0,2,23,0,25,0,0,208,2,210,0,2,231,2,235,370,2,372,607
04/18/2004,ANE,MN,AGL,CE,Federal Contract Tower,0,0,7,0,7,0,0,22,0,22,0,0,29,0,29,36,0,36,65
04/19/2004,ANE,MN,AGL,CE,Federal Contract Tower,0,8,32,0,40,0,2,99,0,101,0,10,131,0,141,144,0,144,285
04/20/2004,ANE,MN,AGL,CE,Federal Contract Tower,0,8,34,0,42,0,6,62,0,68,0,14,96,0,110,68,0,68,178
04/21/2004,ANE,MN,AGL,CE,Federal Contract Tower,0,9,38,0,47,0,3,90,4,97,0,12,128,4,144,174,0,174,318
04/22/2004,ANE,MN,AGL,CE,Federal Contract Tower,0,9,40,0,49,0,6,174,8,188,0,15,214,8,237,234,4,238,475
04/23/2004,ANE,MN,AGL,CE,Federal Contract Tower,0,10,40,0,50,0,3,204,2,209,0,13,244,2,259,266,4,270,529
04/24/2004,ANE,MN,AGL,CE,Federal Contract Tower,0,1,20,0,21,0,0,228,0,228,0,1,248,0,249,292,0,292,541
04/25/2004,ANE,MN,AGL,CE,Federal Contract Tower,0,2,23,0,25,0,0,58,0,58,0,2,81,0,83,132,0,132,215
04/26/2004,ANE,MN,AGL,CE,Federal Contract Tower,0,5,23,0,28,0,5,51,0,56,0,10,74,0,84,8,0,8,92
04/27/2004,ANE,MN,AGL,CE,Federal Contract Tower,0,7,34,0,41,0,0,133,4,137,0,7,167,4,178,188,0,188,366
04/28/2004,ANE,MN,AGL,CE,Federal Contract Tower,0,7,32,0,39,0,10,148,8,166,0,17,180,8,205,110,4,114,319
04/29/2004,ANE,MN,AGL,CE,Federal Contract Tower,0,9,36,0,45,0,4,126,0,130,0,13,162,0,175,178,2,180,355
04/30/2004,ANE,MN,AGL,CE,Federal Contract Tower,0,11,46,0,57,0,0,220,0,220,0,11,266,0,277,200,0,200,477
05/01/2004,ANE,MN,AGL,CE,Federal Contract Tower,0,5,12,0,17,0,1,221,0,222,0,6,233,0,239,174,0,174,413
05/02/2004,ANE,MN,AGL,CE,Federal Contract Tower,0,3,17,0,20,0,0,197,0,197,0,3,214,0,217,110,0,110,327
05/03/2004,ANE,MN,AGL,CE,Federal Contract Tower,0,8,23,0,31,0,6,107,0,113,0,14,130,0,144,134,0,134,278
05/04/2004,ANE,MN,AGL,CE,Federal Contract Tower,0,12,34,0,46,0,4,203,2,209,0,16,237,2,255,264,0,264,519
05/05/2004,ANE,MN,AGL,CE,Federal Contract Tower,0,11,30,0,41,0,0,149,6,155,0,11,179,6,196,160,2,162,358
05/06/2004,ANE,MN,AGL,CE,Federal Contract Tower,0,11,34,0,45,0,0,169,0,169,0,11,203,0,214,264,2,266,480
05/07/2004,ANE,MN,AGL,CE,Federal Contract Tower,0,9,24,0,33,0,5,182,0,187,0,14,206,0,220,210,0,210,430
05/08/2004,ANE,MN,AGL,CE,Federal Contract Tower,0,2,23,0,25,0,0,251,0,251,0,2,274,0,276,208,0,208,484
05/09/2004,ANE,MN,AGL,CE,Federal Contract Tower,0,0,14,0,14,0,0,41,0,41,0,0,55,0,55,24,0,24,79
05/10/2004,ANE,MN,AGL,CE,Federal Contract Tower,0,10,26,0,36,0,10,151,0,161,0,20,177,0,197,236,0,236,433
05/11/2004,ANE,MN,AGL,CE,Federal Contract Tower,0,10,29,0,39,0,5,67,2,74,0,15,96,2,113,40,2,42,155
05/12/2004,ANE,MN,AGL,CE,Federal Contract Tower,0,10,29,0,39,0,11,135,0,146,0,21,164,0,185,120,2,122,307
05/13/2004,ANE,MN,AGL,CE,Federal Contract Tower,0,7,20,0,27,0,3,74,0,77,0,10,94,0,104,86,0,86,190
05/14/2004,ANE,MN,AGL,CE,Federal Contract Tower,0,10,32,0,42,0,8,160,0,168,0,18,192,0,210,160,0,160,370
05/15/2004,ANE,MN,AGL,CE,Federal Contract Tower,0,0,13,0,13,0,0,176,0,176,0,0,189,0,189,154,2,156,345
05/16/2004,ANE,MN,AGL,CE,Federal Contract Tower,0,2,19,0,21,0,0,129,0,129,0,2,148,0,150,144,0,144,294
05/17/2004,ANE,MN,AGL,CE,Federal Contract Tower,0,12,38,0,50,0,7,115,0,122,0,19,153,0,172,138,0,138,310
05/18/2004,ANE,MN,AGL,CE,Federal Contract Tower,0,13,41,0,54,0,6,289,4,299,0,19,330,4,353,382,2,384,737
05/19/2004,ANE,MN,AGL,CE,Federal Contract Tower,0,11,36,0,47,0,4,131,2,137,0,15,167,2,184,118,0,118,302
05/20/2004,ANE,MN,AGL,CE,Federal Contract Tower,0,9,27,0,36,0,5,104,0,109,0,14,131,0,145,104,0,104,249
05/21/2004,ANE,MN,AGL,CE,Federal Contract Tower,0,13,42,0,55,0,5,54,0,59,0,18,96,0,114,52,0,52,166
05/22/2004,ANE,MN,AGL,CE,Federal Contract Tower,0,2,30,0,32,0,0,22,0,22,0,2,52,0,54,50,0,50,104
05/23/2004,ANE,MN,AGL,CE,Federal Contract Tower,0,0,11,0,11,0,0,10,0,10,0,0,21,0,21,2,0,2,23
05/24/2004,ANE,MN,AGL,CE,Federal Contract Tower,0,9,29,0,38,0,6,152,4,162,0,15,181,4,200,234,0,234,434
05/25/2004,ANE,MN,AGL,CE,Federal Contract Tower,0,15,48,0,63,0,2,65,4,71,0,17,113,4,134,174,2,176,310
05/26/2004,ANE,MN,AGL,CE,Federal Contract Tower,0,10,37,0,47,0,0,142,10,152,0,10,179,10,199,136,0,136,335
05/27/2004,ANE,MN,AGL,CE,Federal Contract Tower,0,13,41,0,54,0,1,138,0,139,0,14,179,0,193,182,0,182,375
05/28/2004,ANE,MN,AGL,CE,Federal Contract Tower,0,11,34,0,45,0,3,255,0,258,0,14,289,0,303,224,0,224,527
05/29/2004,ANE,MN,AGL,CE,Federal Contract Tower,0,0,9,0,9,0,0,16,0,16,0,0,25,0,25,18,0,18,43
05/30/2004,ANE,MN,AGL,CE,Federal Contract Tower,0,2,9,0,11,0,0,25,0,25,0,2,34,0,36,26,0,26,62
05/31/2004,ANE,MN,AGL,CE,Federal Contract Tower,0,4,22,0,26,0,0,72,4,76,0,4,94,4,102,68,2,70,172
06/01/2004,ANE,MN,AGL,CE,Federal Contract Tower,0,12,34,0,46,0,0,28,0,28,0,12,62,0,74,38,0,38,112
06/02/2004,ANE,MN,AGL,CE,Federal Contract Tower,0,16,46,0,62,0,0,170,2,172,0,16,216,2,234,266,0,266,500
06/03/2004,ANE,MN,AGL,CE,Federal Contract Tower,0,15,40,0,55,0,0,225,4,229,0,15,265,4,284,324,0,324,608
06/04/2004,ANE,MN,AGL,CE,Federal Contract Tower,0,15,40,0,55,0,2,272,2,276,0,17,312,2,331,304,0,304,635
06/05/2004,ANE,MN,AGL,CE,Federal Contract Tower,0,0,11,0,11,0,0,210,4,214,0,0,221,4,225,180,10,190,415
06/06/2004,ANE,MN,AGL,CE,Federal Contract Tower,0,2,18,0,20,0,0,264,0,264,0,2,282,0,284,226,0,226,510
06/07/2004,ANE,MN,AGL,CE,Federal Contract Tower,0,10,27,0,37,0,6,61,4,71,0,16,88,4,108,22,0,22,130
06/08/2004,ANE,MN,AGL,CE,Federal Contract Tower,0,11,31,0,42,0,6,130,2,138,0,17,161,2,180,162,0,162,342
06/09/2004,ANE,MN,AGL,CE,Federal Contract Tower,0,14,40,0,54,0,7,49,0,56,0,21,89,0,110,104,0,104,214
06/10/2004,ANE,MN,AGL,CE,Federal Contract Tower,0,12,34,0,46,0,4,43,0,47,0,16,77,0,93,92,0,92,185
06/11/2004,ANE,MN,AGL,CE,Federal Contract Tower,0,13,35,0,48,0,3,52,4,59,0,16,87,4,107,78,0,78,185
06/12/2004,ANE,MN,AGL,CE,Federal Contract Tower,0,1,20,0,21,0,0,288,0,288,0,1,308,0,309,286,0,286,595
06/13/2004,ANE,MN,AGL,CE,Federal Contract Tower,0,2,14,0,16,0,0,254,0,254,0,2,268,0,270,232,0,232,502
06/14/2004,ANE,MN,AGL,CE,Federal Contract Tower,0,8,22,0,30,0,3,152,4,159,0,11,174,4,189,158,0,158,347
06/15/2004,ANE,MN,AGL,CE,Federal Contract Tower,0,11,30,0,41,0,2,172,0,174,0,13,202,0,215,158,0,158,373
06/16/2004,ANE,MN,AGL,CE,Federal Contract Tower,0,14,38,0,52,0,4,180,4,188,0,18,218,4,240,212,0,212,452
06/17/2004,ANE,MN,AGL,CE,Federal Contract Tower,0,11,34,0,45,0,1,212,0,213,0,12,246,0,258,272,0,272,530
06/18/2004,ANE,MN,AGL,CE,Federal Contract Tower,0,13,40,0,53,0,7,170,0,177,0,20,210,0,230,272,0,272,502
06/19/2004,ANE,MN,AGL,CE,Federal Contract Tower,0,4,14,0,18,0,0,211,0,211,0,4,225,0,229,132,0,132,361
06/20/2004,ANE,MN,AGL,CE,Federal Contract Tower,0,1,21,0,22,0,0,155,0,155,0,1,176,0,177,84,0,84,261
06/21/2004,ANE,MN,AGL,CE,Federal Contract Tower,0,10,29,0,39,0,0,87,0,87,0,10,116,0,126,130,0,130,256
06/22/2004,ANE,MN,AGL,CE,Federal Contract Tower,0,16,48,0,64,0,4,132,10,146,0,20,180,10,210,166,4,170,380
06/23/2004,ANE,MN,AGL,CE,Federal Contract Tower,0,12,37,0,49,0,4,177,0,181,0,16,214,0,230,204,0,204,434
06/24/2004,ANE,MN,AGL,CE,Federal Contract Tower,0,14,42,0,56,0,1,147,2,150,0,15,189,2,206,202,0,202,408
06/25/2004,ANE,MN,AGL,CE,Federal Contract Tower,0,14,44,0,58,0,0,170,0,170,0,14,214,0,228,186,0,186,414
06/26/2004,ANE,MN,AGL,CE,Federal Contract Tower,0,1,13,0,14,0,0,136,0,136,0,1,149,0,150,160,0,160,310
06/27/2004,ANE,MN,AGL,CE,Federal Contract Tower,0,1,28,0,29,0,0,106,10,116,0,1,134,10,145,100,0,100,245
06/28/2004,ANE,MN,AGL,CE,Federal Contract Tower,0,11,34,0,45,0,3,219,0,222,0,14,253,0,267,170,0,170,437
06/29/2004,ANE,MN,AGL,CE,Federal Contract Tower,0,10,32,0,42,0,3,209,2,214,0,13,241,2,256,254,2,256,512
06/30/2004,ANE,MN,AGL,CE,Federal Contract Tower,0,11,34,0,45,0,2,185,4,191,0,13,219,4,236,222,4,226,462
07/01/2004,ANE,MN,AGL,CE,Federal Contract Tower,0,13,38,0,51,0,0,194,0,194,0,13,232,0,245,200,0,200,445
07/02/2004,ANE,MN,AGL,CE,Federal Contract Tower,0,16,47,0,63,0,2,186,0,188,0,18,233,0,251,258,0,258,509
07/03/2004,ANE,MN,AGL,CE,Federal Contract Tower,0,0,10,0,10,0,0,89,0,89,0,0,99,0,99,70,0,70,169
07/04/2004,ANE,MN,AGL,CE,Federal Contract Tower,0,1,10,0,11,0,0,96,0,96,0,1,106,0,107,90,0,90,197
07/05/2004,ANE,MN,AGL,CE,Federal Contract Tower,0,2,42,0,44,0,0,130,0,130,0,2,172,0,174,228,0,228,402
07/06/2004,ANE,MN,AGL,CE,Federal Contract Tower,0,9,24,0,33,0,5,1,0,6,0,14,25,0,39,2,0,2,41
07/07/2004,ANE,MN,AGL,CE,Federal Contract Tower,0,15,41,0,56,0,1,146,0,147,0,16,187,0,203,214,4,218,421
07/08/2004,ANE,MN,AGL,CE,Federal Contract Tower,0,8,21,0,29,0,1,216,0,217,0,9,237,0,246,160,2,162,408
07/09/2004,ANE,MN,AGL,CE,Federal Contract Tower,0,10,30,0,40,0,0,164,0,164,0,10,194,0,204,254,0,254,458
07/10/2004,ANE,MN,AGL,CE,Federal Contract Tower,0,0,10,0,10,0,0,180,0,180,0,0,190,0,190,110,0,110,300
07/11/2004,ANE,MN,AGL,CE,Federal Contract Tower,0,1,22,0,23,0,0,124,8,132,0,1,146,8,155,82,0,82,237
07/12/2004,ANE,MN,AGL,CE,Federal Contract Tower,0,10,26,0,36,0,1,177,0,178,0,11,203,0,214,256,0,256,470
07/13/2004,ANE,MN,AGL,CE,Federal Contract Tower,0,10,29,0,39,0,4,146,0,150,0,14,175,0,189,180,2,182,371
07/14/2004,ANE,MN,AGL,CE,Federal Contract Tower,0,10,32,0,42,0,11,222,0,233,0,21,254,0,275,206,0,206,481
07/15/2004,ANE,MN,AGL,CE,Federal Contract Tower,0,9,28,0,37,0,5,169,0,174,0,14,197,0,211,332,0,332,543
07/16/2004,ANE,MN,AGL,CE,Federal Contract Tower,0,14,42,0,56,0,9,200,0,209,0,23,242,0,265,108,0,108,373
07/17/2004,ANE,MN,AGL,CE,Federal Contract Tower,0,2,19,0,21,0,0,175,0,175,0,2,194,0,196,174,0,174,370
07/18/2004,ANE,MN,AGL,CE,Federal Contract Tower,0,8,28,0,36,0,0,237,0,237,0,8,265,0,273,228,0,228,501
07/19/2004,ANE,MN,AGL,CE,Federal Contract Tower,0,12,37,0,49,0,5,149,0,154,0,17,186,0,203,292,0,292,495
07/20/2004,ANE,MN,AGL,CE,Federal Contract Tower,0,10,30,0,40,0,4,172,0,176,0,14,202,0,216,220,0,220,436
07/21/2004,ANE,MN,AGL,CE,Federal Contract Tower,0,9,28,0,37,0,6,99,2,107,0,15,127,2,144,206,0,206,350
07/22/2004,ANE,MN,AGL,CE,Federal Contract Tower,0,10,31,0,41,0,2,156,0,158,0,12,187,0,199,250,0,250,449
07/23/2004,ANE,MN,AGL,CE,Federal Contract Tower,0,13,42,0,55,0,5,247,0,252,0,18,289,0,307,196,0,196,503
07/24/2004,ANE,MN,AGL,CE,Federal Contract Tower,0,2,11,0,13,0,0,252,2,254,0,2,263,2,267,258,0,258,525
07/25/2004,ANE,MN,AGL,CE,Federal Contract Tower,0,2,18,0,20,0,0,245,0,245,0,2,263,0,265,194,0,194,459
07/26/2004,ANE,MN,AGL,CE,Federal Contract Tower,0,12,36,0,48,0,1,185,0,186,0,13,221,0,234,170,0,170,404
07/27/2004,ANE,MN,AGL,CE,Federal Contract Tower,0,11,33,0,44,0,5,135,2,142,0,16,168,2,186,116,0,116,302
07/28/2004,ANE,MN,AGL,CE,Federal Contract Tower,0,14,42,0,56,0,4,90,0,94,0,18,132,0,150,156,0,156,306
07/29/2004,ANE,MN,AGL,CE,Federal Contract Tower,0,12,38,0,50,0,6,205,0,211,0,18,243,0,261,226,0,226,487
07/30/2004,ANE,MN,AGL,CE,Federal Contract Tower,0,16,50,0,66,0,6,106,0,112,0,22,156,0,178,114,0,114,292
07/31/2004,ANE,MN,AGL,CE,Federal Contract Tower,0,0,24,0,24,0,0,207,0,207,0,0,231,0,231,202,0,202,433
08/01/2004,ANE,MN,AGL,CE,Federal Contract Tower,0,4,18,0,22,0,0,97,0,97,0,4,115,0,119,66,0,66,185
08/02/2004,ANE,MN,AGL,CE,Federal Contract Tower,0,14,36,0,50,0,3,117,0,120,0,17,153,0,170,146,0,146,316
08/03/2004,ANE,MN,AGL,CE,Federal Contract Tower,0,14,36,0,50,0,2,110,0,112,0,16,146,0,162,186,0,186,348
08/04/2004,ANE,MN,AGL,CE,Federal Contract Tower,0,16,42,0,58,0,2,164,0,166,0,18,206,0,224,230,0,230,454
08/05/2004,ANE,MN,AGL,CE,Federal Contract Tower,0,12,42,0,54,0,0,269,0,269,0,12,311,0,323,300,0,300,623
08/06/2004,ANE,MN,AGL,CE,Federal Contract Tower,0,17,43,0,60,0,1,200,6,207,0,18,243,6,267,166,0,166,433
08/07/2004,ANE,MN,AGL,CE,Federal Contract Tower,0,2,16,0,18,0,0,112,0,112,0,2,128,0,130,144,0,144,274
08/08/2004,ANE,MN,AGL,CE,Federal Contract Tower,0,15,38,0,53,0,14,138,0,152,0,29,176,0,205,110,0,110,315
08/09/2004,ANE,MN,AGL,CE,Federal Contract Tower,0,14,36,0,50,0,0,42,0,42,0,14,78,0,92,76,0,76,168
08/10/2004,ANE,MN,AGL,CE,Federal Contract Tower,0,13,47,0,60,0,0,85,2,87,0,13,132,2,147,178,0,178,325
08/11/2004,ANE,MN,AGL,CE,Federal Contract Tower,0,15,36,0,51,0,0,151,4,155,0,15,187,4,206,314,2,316,522
08/12/2004,ANE,MN,AGL,CE,Federal Contract Tower,0,14,39,0,53,0,0,201,0,201,0,14,240,0,254,254,0,254,508
08/13/2004,ANE,MN,AGL,CE,Federal Contract Tower,0,16,40,0,56,0,2,235,0,237,0,18,275,0,293,248,0,248,541
08/14/2004,ANE,MN,AGL,CE,Federal Contract Tower,0,2,9,0,11,0,0,290,0,290,0,2,299,0,301,208,0,208,509
08/15/2004,ANE,MN,AGL,CE,Federal Contract Tower,0,1,20,0,21,0,0,174,0,174,0,1,194,0,195,62,0,62,257
08/16/2004,ANE,MN,AGL,CE,Federal Contract Tower,0,11,29,0,40,0,4,99,0,103,0,15,128,0,143,240,2,242,385
08/17/2004,ANE,MN,AGL,CE,Federal Contract Tower,0,12,31,0,43,0,6,201,6,213,0,18,232,6,256,336,18,354,610
08/18/2004,ANE,MN,AGL,CE,Federal Contract Tower,0,14,48,0,62,0,0,48,0,48,0,14,96,0,110,64,2,66,176
08/19/2004,ANE,MN,AGL,CE,Federal Contract Tower,0,14,37,0,51,0,7,176,2,185,0,21,213,2,236,168,2,170,406
08/20/2004,ANE,MN,AGL,CE,Federal Contract Tower,0,13,37,0,50,0,7,169,0,176,0,20,206,0,226,148,0,148,374
08/21/2004,ANE,MN,AGL,CE,Federal Contract Tower,0,4,14,0,18,0,0,180,0,180,0,4,194,0,198,84,0,84,282
08/22/2004,ANE,MN,AGL,CE,Federal Contract Tower,0,2,10,0,12,0,0,151,0,151,0,2,161,0,163,168,0,168,331
08/23/2004,ANE,MN,AGL,CE,Federal Contract Tower,0,11,32,0,43,0,7,95,0,102,0,18,127,0,145,184,0,184,329
08/24/2004,ANE,MN,AGL,CE,Federal Contract Tower,0,13,40,0,53,0,0,115,0,115,0,13,155,0,168,132,0,132,300
08/25/2004,ANE,MN,AGL,CE,Federal Contract Tower,0,10,30,0,40,0,6,87,0,93,0,16,117,0,133,78,0,78,211
08/26/2004,ANE,MN,AGL,CE,Federal Contract Tower,0,11,32,0,43,0,8,44,0,52,0,19,76,0,95,112,0,112,207
08/27/2004,ANE,MN,AGL,CE,Federal Contract Tower,0,14,37,0,51,0,6,213,0,219,0,20,250,0,270,246,0,246,516
08/28/2004,ANE,MN,AGL,CE,Federal Contract Tower,0,0,19,0,19,0,0,128,0,128,0,0,147,0,147,142,0,142,289
08/29/2004,ANE,MN,AGL,CE,Federal Contract Tower,0,3,25,0,28,0,0,131,0,131,0,3,156,0,159,120,0,120,279
08/30/2004,ANE,MN,AGL,CE,Federal Contract Tower,0,10,30,0,40,0,5,206,4,215,0,15,236,4,255,230,0,230,485
08/31/2004,ANE,MN,AGL,CE,Federal Contract Tower,0,10,28,0,38,0,11,121,2,134,0,21,149,2,172,172,0,172,344
09/01/2004,ANE,MN,AGL,CE,Federal Contract Tower,0,11,30,0,41,0,8,153,2,163,0,19,183,2,204,114,4,118,322
09/02/2004,ANE,MN,AGL,CE,Federal Contract Tower,0,10,27,0,37,0,4,135,0,139,0,14,162,0,176,184,0,184,360
09/03/2004,ANE,MN,AGL,CE,Federal Contract Tower,0,14,40,0,54,0,0,156,0,156,0,14,196,0,210,210,0,210,420
09/04/2004,ANE,MN,AGL,CE,Federal Contract Tower,0,0,16,0,16,0,0,169,0,169,0,0,185,0,185,216,0,216,401
09/05/2004,ANE,MN,AGL,CE,Federal Contract Tower,0,0,8,0,8,0,0,53,0,53,0,0,61,0,61,114,0,114,175
09/06/2004,ANE,MN,AGL,CE,Federal Contract Tower,0,6,20,0,26,0,0,138,0,138,0,6,158,0,164,168,0,168,332
09/07/2004,ANE,MN,AGL,CE,Federal Contract Tower,0,9,24,0,33,0,3,146,0,149,0,12,170,0,182,152,0,152,334
09/08/2004,ANE,MN,AGL,CE,Federal Contract Tower,0,11,32,0,43,0,0,143,0,143,0,11,175,0,186,194,0,194,380
09/09/2004,ANE,MN,AGL,CE,Federal Contract Tower,0,10,28,0,38,0,0,157,2,159,0,10,185,2,197,128,0,128,325
09/10/2004,ANE,MN,AGL,CE,Federal Contract Tower,0,13,35,0,48,0,6,128,0,134,0,19,163,0,182,152,0,152,334
09/11/2004,ANE,MN,AGL,CE,Federal Contract Tower,0,2,19,0,21,0,0,427,0,427,0,2,446,0,448,270,0,270,718
09/12/2004,ANE,MN,AGL,CE,Federal Contract Tower,0,2,20,0,22,0,0,264,0,264,0,2,284,0,286,262,0,262,548
09/13/2004,ANE,MN,AGL,CE,Federal Contract Tower,0,9,24,0,33,0,1,58,0,59,0,10,82,0,92,0,0,0,92
09/14/2004,ANE,MN,AGL,CE,Federal Contract Tower,0,11,27,0,38,0,6,52,0,58,0,17,79,0,96,84,0,84,180
09/15/2004,ANE,MN,AGL,CE,Federal Contract Tower,0,11,20,0,31,0,12,0,0,12,0,23,20,0,43,2,0,2,45
09/16/2004,ANE,MN,AGL,CE,Federal Contract Tower,0,15,38,0,53,0,5,92,2,99,0,20,130,2,152,166,0,166,318
09/17/2004,ANE,MN,AGL,CE,Federal Contract Tower,0,16,44,0,60,0,3,150,0,153,0,19,194,0,213,204,0,204,417
09/18/2004,ANE,MN,AGL,CE,Federal Contract Tower,0,0,18,0,18,0,0,195,2,197,0,0,213,2,215,242,0,242,457
09/19/2004,ANE,MN,AGL,CE,Federal Contract Tower,0,4,22,0,26,0,0,138,2,140,0,4,160,2,166,92,4,96,262
09/20/2004,ANE,MN,AGL,CE,Federal Contract Tower,0,10,31,0,41,0,8,47,0,55,0,18,78,0,96,40,0,40,136
09/21/2004,ANE,MN,AGL,CE,Federal Contract Tower,0,15,44,0,59,0,3,21,0,24,0,18,65,0,83,22,0,22,105
09/22/2004,ANE,MN,AGL,CE,Federal Contract Tower,0,15,44,0,59,0,4,167,4,175,0,19,211,4,234,246,8,254,488
09/23/2004,ANE,MN,AGL,CE,Federal Contract Tower,0,16,47,0,63,0,8,154,0,162,0,24,201,0,225,198,0,198,423
09/24/2004,ANE,MN,AGL,CE,Federal Contract Tower,0,14,40,0,54,0,5,135,2,142,0,19,175,2,196,226,0,226,422
09/25/2004,ANE,MN,AGL,CE,Federal Contract Tower,0,1,13,0,14,0,0,323,2,325,0,1,336,2,339,270,0,270,609
09/26/2004,ANE,MN,AGL,CE,Federal Contract Tower,0,0,30,0,30,0,0,248,0,248,0,0,278,0,278,132,0,132,410
09/27/2004,ANE,MN,AGL,CE,Federal Contract Tower,0,7,20,0,27,0,7,127,0,134,0,14,147,0,161,154,0,154,315
09/28/2004,ANE,MN,AGL,CE,Federal Contract Tower,0,12,34,0,46,0,0,231,4,235,0,12,265,4,281,236,8,244,525
09/29/2004,ANE,MN,AGL,CE,Federal Contract Tower,0,17,48,0,65,0,4,182,2,188,0,21,230,2,253,270,0,270,523
09/30/2004,ANE,MN,AGL,CE,Federal Contract Tower,0,13,37,0,50,0,1,174,2,177,0,14,211,2,227,260,0,260,487
10/01/2004,ANE,MN,AGL,CE,Federal Contract Tower,0,14,32,0,46,0,0,48,0,48,0,14,80,0,94,70,0,70,164
10/02/2004,ANE,MN,AGL,CE,Federal Contract Tower,0,1,23,0,24,0,0,209,0,209,0,1,232,0,233,192,4,196,429
10/03/2004,ANE,MN,AGL,CE,Federal Contract Tower,0,4,23,0,27,0,0,112,0,112,0,4,135,0,139,64,0,64,203
10/04/2004,ANE,MN,AGL,CE,Federal Contract Tower,0,11,20,0,31,0,1,142,0,143,0,12,162,0,174,168,0,168,342
10/05/2004,ANE,MN,AGL,CE,Federal Contract Tower,0,15,26,0,41,0,2,139,6,147,0,17,165,6,188,222,14,236,424
10/06/2004,ANE,MN,AGL,CE,Federal Contract Tower,0,14,31,0,45,0,2,175,2,179,0,16,206,2,224,238,4,242,466
10/07/2004,ANE,MN,AGL,CE,Federal Contract Tower,0,17,25,0,42,0,2,123,6,131,0,19,148,6,173,196,2,198,371
10/08/2004,ANE,MN,AGL,CE,Federal Contract Tower,0,15,42,0,57,0,0,97,0,97,0,15,139,0,154,84,0,84,238
10/09/2004,ANE,MN,AGL,CE,Federal Contract Tower,0,2,17,0,19,0,0,148,0,148,0,2,165,0,167,156,0,156,323
10/10/2004,ANE,MN,AGL,CE,Federal Contract Tower,0,1,21,0,22,0,0,225,0,225,0,1,246,0,247,272,0,272,519
10/11/2004,ANE,MN,AGL,CE,Federal Contract Tower,0,9,33,0,42,0,1,161,0,162,0,10,194,0,204,220,0,220,424
10/12/2004,ANE,MN,AGL,CE,Federal Contract Tower,0,22,32,0,54,0,0,225,2,227,0,22,257,2,281,160,2,162,443
10/13/2004,ANE,MN,AGL,CE,Federal Contract Tower,0,13,42,0,55,0,2,32,0,34,0,15,74,0,89,52,6,58,147
10/14/2004,ANE,MN,AGL,CE,Federal Contract Tower,0,15,42,0,57,0,0,71,0,71,0,15,113,0,128,176,0,176,304
10/15/2004,ANE,MN,AGL,CE,Federal Contract Tower,0,11,36,0,47,0,1,8,0,9,0,12,44,0,56,42,0,42,98
10/16/2004,ANE,MN,AGL,CE,Federal Contract Tower,0,4,13,0,17,0,0,77,2,79,0,4,90,2,96,60,0,60,156
10/17/2004,ANE,MN,AGL,CE,Federal Contract Tower,0,1,24,0,25,0,0,144,0,144,0,1,168,0,169,144,2,146,315
10/18/2004,ANE,MN,AGL,CE,Federal Contract Tower,0,13,26,0,39,0,4,168,0,172,0,17,194,0,211,204,0,204,415
10/19/2004,ANE,MN,AGL,CE,Federal Contract Tower,0,19,33,1,53,0,0,13,1,14,0,19,46,2,67,26,2,28,95
10/20/2004,ANE,MN,AGL,CE,Federal Contract Tower,0,10,32,0,42,0,2,82,0,84,0,12,114,0,126,210,0,210,336
10/21/2004,ANE,MN,AGL,CE,Federal Contract Tower,0,11,50,0,61,0,0,2,0,2,0,11,52,0,63,32,0,32,95
10/22/2004,ANE,MN,AGL,CE,Federal Contract Tower,0,9,25,0,34,0,0,2,0,2,0,9,27,0,36,2,0,2,38
10/23/2004,ANE,MN,AGL,CE,Federal Contract Tower,0,0,12,0,12,0,0,46,0,46,0,0,58,0,58,24,0,24,82
10/24/2004,ANE,MN,AGL,CE,Federal Contract Tower,0,2,36,0,38,0,0,245,0,245,0,2,281,0,283,252,0,252,535
10/25/2004,ANE,MN,AGL,CE,Federal Contract Tower,0,13,42,0,55,0,0,184,0,184,0,13,226,0,239,212,0,212,451
10/26/2004,ANE,MN,AGL,CE,Federal Contract Tower,0,18,29,0,47,0,0,144,0,144,0,18,173,0,191,190,4,194,385
10/27/2004,ANE,MN,AGL,CE,Federal Contract Tower,0,17,44,0,61,0,1,7,0,8,0,18,51,0,69,18,0,18,87
10/28/2004,ANE,MN,AGL,CE,Federal Contract Tower,0,13,17,0,30,0,0,0,0,0,0,13,17,0,30,0,0,0,30
10/29/2004,ANE,MN,AGL,CE,Federal Contract Tower,0,13,33,0,46,0,4,44,0,48,0,17,77,0,94,88,0,88,182
10/30/2004,ANE,MN,AGL,CE,Federal Contract Tower,0,1,18,0,19,0,0,35,0,35,0,1,53,0,54,120,0,120,174
10/31/2004,ANE,MN,AGL,CE,Federal Contract Tower,0,2,30,0,32,0,1,38,0,39,0,3,68,0,71,36,0,36,107
11/01/2004,ANE,MN,AGL,CE,Federal Contract Tower,0,11,24,0,35,0,3,61,0,64,0,14,85,0,99,90,0,90,189
11/02/2004,ANE,MN,AGL,CE,Federal Contract Tower,0,12,24,0,36,0,1,59,0,60,0,13,83,0,96,78,0,78,174
11/03/2004,ANE,MN,AGL,CE,Federal Contract Tower,0,12,22,0,34,0,1,188,0,189,0,13,210,0,223,302,6,308,531
11/04/2004,ANE,MN,AGL,CE,Federal Contract Tower,0,13,22,0,35,0,0,78,0,78,0,13,100,0,113,136,0,136,249
11/05/2004,ANE,MN,AGL,CE,Federal Contract Tower,0,16,25,0,41,0,3,216,0,219,0,19,241,0,260,310,0,310,570
11/06/2004,ANE,MN,AGL,CE,Federal Contract Tower,0,0,21,0,21,0,0,213,0,213,0,0,234,0,234,192,0,192,426
11/07/2004,ANE,MN,AGL,CE,Federal Contract Tower,0,1,9,0,10,0,0,151,0,151,0,1,160,0,161,112,0,112,273
11/08/2004,ANE,MN,AGL,CE,Federal Contract Tower,0,13,23,0,36,0,1,91,0,92,0,14,114,0,128,90,0,90,218
11/09/2004,ANE,MN,AGL,CE,Federal Contract Tower,0,17,31,0,48,0,1,99,0,100,0,18,130,0,148,170,6,176,324
11/10/2004,ANE,MN,AGL,CE,Federal Contract Tower,0,13,21,0,34,0,0,86,0,86,0,13,107,0,120,182,0,182,302
11/11/2004,ANE,MN,AGL,CE,Federal Contract Tower,0,7,34,0,41,0,0,164,0,164,0,7,198,0,205,332,0,332,537
11/12/2004,ANE,MN,AGL,CE,Federal Contract Tower,0,14,18,0,32,0,0,138,0,138,0,14,156,0,170,130,0,130,300
11/13/2004,ANE,MN,AGL,CE,Federal Contract Tower,0,0,18,0,18,0,0,252,0,252,0,0,270,0,270,280,0,280,550
11/14/2004,ANE,MN,AGL,CE,Federal Contract Tower,0,1,20,0,21,0,0,133,0,133,0,1,153,0,154,98,0,98,252
11/15/2004,ANE,MN,AGL,CE,Federal Contract Tower,0,8,25,0,33,0,2,94,0,96,0,10,119,0,129,178,0,178,307
11/16/2004,ANE,MN,AGL,CE,Federal Contract Tower,0,10,27,0,37,0,0,1,0,1,0,10,28,0,38,0,2,2,40
11/17/2004,ANE,MN,AGL,CE,Federal Contract Tower,0,13,16,0,29,0,0,0,0,0,0,13,16,0,29,10,0,10,39
11/18/2004,ANE,MN,AGL,CE,Federal Contract Tower,0,11,31,0,42,0,3,156,0,159,0,14,187,0,201,184,0,184,385
11/19/2004,ANE,MN,AGL,CE,Federal Contract Tower,0,16,24,0,40,0,2,6,0,8,0,18,30,0,48,14,0,14,62
11/20/2004,ANE,MN,AGL,CE,Federal Contract Tower,0,2,18,0,20,0,0,62,0,62,0,2,80,0,82,122,0,122,204
11/21/2004,ANE,MN,AGL,CE,Federal Contract Tower,0,1,9,0,10,0,0,132,0,132,0,1,141,0,142,142,0,142,284
11/22/2004,ANE,MN,AGL,CE,Federal Contract Tower,0,14,29,0,43,0,2,153,2,157,0,16,182,2,200,116,0,116,316
11/23/2004,ANE,MN,AGL,CE,Federal Contract Tower,0,15,30,0,45,0,0,159,8,167,0,15,189,8,212,206,20,226,438
11/24/2004,ANE,MN,AGL,CE,Federal Contract Tower,0,12,35,0,47,0,2,207,4,213,0,14,242,4,260,284,4,288,548
11/25/2004,ANE,MN,AGL,CE,Federal Contract Tower,0,0,6,0,6,0,0,85,0,85,0,0,91,0,91,32,0,32,123
11/26/2004,ANE,MN,AGL,CE,Federal Contract Tower,0,12,5,0,17,0,0,13,0,13,0,12,18,0,30,4,0,4,34
11/27/2004,ANE,MN,AGL,CE,Federal Contract Tower,0,3,5,0,8,0,0,0,0,0,0,3,5,0,8,0,0,0,8
11/28/2004,ANE,MN,AGL,CE,Federal Contract Tower,0,3,26,0,29,0,0,153,0,153,0,3,179,0,182,188,0,188,370
11/29/2004,ANE,MN,AGL,CE,Federal Contract Tower,0,17,30,0,47,0,4,148,0,152,0,21,178,0,199,208,0,208,407
11/30/2004,ANE,MN,AGL,CE,Federal Contract Tower,0,18,30,0,48,0,4,185,2,191,0,22,215,2,239,262,0,262,501
12/01/2004,ANE,MN,AGL,CE,Federal Contract Tower,0,15,24,0,39,0,0,139,2,141,0,15,163,2,180,152,0,152,332
12/02/2004,ANE,MN,AGL,CE,Federal Contract Tower,0,11,26,0,37,0,3,47,0,50,0,14,73,0,87,40,0,40,127
12/03/2004,ANE,MN,AGL,CE,Federal Contract Tower,0,12,20,0,32,0,2,85,0,87,0,14,105,0,119,172,0,172,291
12/04/2004,ANE,MN,AGL,CE,Federal Contract Tower,0,0,12,0,12,0,1,166,0,167,0,1,178,0,179,180,0,180,359
12/05/2004,ANE,MN,AGL,CE,Federal Contract Tower,0,0,19,0,19,0,0,143,0,143,0,0,162,0,162,188,0,188,350
12/06/2004,ANE,MN,AGL,CE,Federal Contract Tower,0,18,19,0,37,0,0,0,0,0,0,18,19,0,37,14,0,14,51
12/07/2004,ANE,MN,AGL,CE,Federal Contract Tower,0,16,19,0,35,0,0,26,0,26,0,16,45,0,61,22,0,22,83
12/08/2004,ANE,MN,AGL,CE,Federal Contract Tower,0,12,30,0,42,0,3,57,0,60,0,15,87,0,102,98,0,98,200
12/09/2004,ANE,MN,AGL,CE,Federal Contract Tower,0,12,26,0,38,0,2,0,0,2,0,14,26,0,40,4,0,4,44
12/10/2004,ANE,MN,AGL,CE,Federal Contract Tower,0,10,20,0,30,0,0,25,0,25,0,10,45,0,55,16,0,16,71
12/11/2004,ANE,MN,AGL,CE,Federal Contract Tower,0,0,15,0,15,0,0,114,0,114,0,0,129,0,129,272,0,272,401
12/12/2004,ANE,MN,AGL,CE,Federal Contract Tower,0,0,12,0,12,0,0,9,0,9,0,0,21,0,21,2,0,2,23
12/13/2004,ANE,MN,AGL,CE,Federal Contract Tower,0,13,19,0,32,0,0,103,0,103,0,13,122,0,135,172,0,172,307
12/14/2004,ANE,MN,AGL,CE,Federal Contract Tower,0,17,34,0,51,0,1,183,2,186,0,18,217,2,237,184,8,192,429
12/15/2004,ANE,MN,AGL,CE,Federal Contract Tower,0,11,22,0,33,0,0,152,2,154,0,11,174,2,187,182,6,188,375
12/16/2004,ANE,MN,AGL,CE,Federal Contract Tower,0,8,17,0,25,0,6,81,0,87,0,14,98,0,112,86,0,86,198
12/17/2004,ANE,MN,AGL,CE,Federal Contract Tower,0,15,17,0,32,0,2,132,0,134,0,17,149,0,166,144,0,144,310
12/18/2004,ANE,MN,AGL,CE,Federal Contract Tower,0,2,10,0,12,0,0,63,0,63,0,2,73,0,75,46,0,46,121
12/19/2004,ANE,MN,AGL,CE,Federal Contract Tower,0,3,3,0,6,0,0,87,0,87,0,3,90,0,93,86,0,86,179
12/20/2004,ANE,MN,AGL,CE,Federal Contract Tower,0,13,13,0,26,0,2,60,0,62,0,15,73,0,88,46,0,46,134
12/21/2004,ANE,MN,AGL,CE,Federal Contract Tower,0,14,29,0,43,0,0,52,4,56,0,14,81,4,99,30,10,40,139
12/22/2004,ANE,MN,AGL,CE,Federal Contract Tower,0,13,15,0,28,0,0,49,0,49,0,13,64,0,77,84,0,84,161
12/23/2004,ANE,MN,AGL,CE,Federal Contract Tower,0,14,20,0,34,0,1,77,0,78,0,15,97,0,112,62,0,62,174
12/24/2004,ANE,MN,AGL,CE,Federal Contract Tower,0,10,15,0,25,0,1,35,0,36,0,11,50,0,61,10,0,10,71
12/25/2004,ANE,MN,AGL,CE,Federal Contract Tower,0,0,6,0,6,0,1,2,0,3,0,1,8,0,9,0,0,0,9
12/26/2004,ANE,MN,AGL,CE,Federal Contract Tower,0,0,12,0,12,0,1,155,0,156,0,1,167,0,168,142,0,142,310
12/27/2004,ANE,MN,AGL,CE,Federal Contract Tower,0,13,24,0,37,0,2,132,0,134,0,15,156,0,171,158,0,158,329
12/28/2004,ANE,MN,AGL,CE,Federal Contract Tower,0,10,26,0,36,0,0,75,0,75,0,10,101,0,111,186,0,186,297
12/29/2004,ANE,MN,AGL,CE,Federal Contract Tower,0,13,20,0,33,0,0,18,0,18,0,13,38,0,51,66,0,66,117
12/30/2004,ANE,MN,AGL,CE,Federal Contract Tower,0,13,7,0,20,0,0,6,0,6,0,13,13,0,26,0,0,0,26
12/31/2004,ANE,MN,AGL,CE,Federal Contract Tower,0,13,15,0,28,0,0,67,0,67,0,13,82,0,95,42,0,42,137
01/01/2005,ANE,MN,AGL,CE,Federal Contract Tower,0,0,2,0,2,0,0,13,0,13,0,0,15,0,15,0,0,0,15
01/02/2005,ANE,MN,AGL,CE,Federal Contract Tower,0,0,8,0,8,0,0,102,0,102,0,0,110,0,110,142,0,142,252
01/03/2005,ANE,MN,AGL,CE,Federal Contract Tower,0,17,14,0,31,0,0,130,2,132,0,17,144,2,163,158,4,162,325
01/04/2005,ANE,MN,AGL,CE,Federal Contract Tower,0,17,20,0,37,0,0,136,0,136,0,17,156,0,173,142,0,142,315
01/05/2005,ANE,MN,AGL,CE,Federal Contract Tower,0,14,25,0,39,0,0,83,0,83,0,14,108,0,122,182,0,182,304
01/06/2005,ANE,MN,AGL,CE,Federal Contract Tower,0,12,22,0,34,0,0,131,0,131,0,12,153,0,165,206,0,206,371
01/07/2005,ANE,MN,AGL,CE,Federal Contract Tower,0,16,32,0,48,0,2,7,3,12,0,18,39,3,60,20,0,20,80
01/08/2005,ANE,MN,AGL,CE,Federal Contract Tower,0,0,9,0,9,0,1,112,0,113,0,1,121,0,122,134,0,134,256
01/09/2005,ANE,MN,AGL,CE,Federal Contract Tower,0,4,10,0,14,0,0,2,0,2,0,4,12,0,16,0,0,0,16
01/10/2005,ANE,MN,AGL,CE,Federal Contract Tower,0,8,19,0,27,0,0,96,0,96,0,8,115,0,123,192,0,192,315
01/11/2005,ANE,MN,AGL,CE,Federal Contract Tower,0,10,31,0,41,0,0,94,0,94,0,10,125,0,135,188,0,188,323
01/12/2005,ANE,MN,AGL,CE,Federal Contract Tower,0,16,15,0,31,0,0,3,0,3,0,16,18,0,34,12,0,12,46
01/13/2005,ANE,MN,AGL,CE,Federal Contract Tower,0,11,15,0,26,0,2,75,2,79,0,13,90,2,105,76,0,76,181
01/14/2005,ANE,MN,AGL,CE,Federal Contract Tower,0,12,15,0,27,0,0,92,0,92,0,12,107,0,119,10,0,10,129
01/15/2005,ANE,MN,AGL,CE,Federal Contract Tower,0,1,2,0,3,0,2,69,0,71,0,3,71,0,74,36,0,36,110
01/16/2005,ANE,MN,AGL,CE,Federal Contract Tower,0,0,8,0,8,0,0,70,0,70,0,0,78,0,78,104,0,104,182
01/17/2005,ANE,MN,AGL,CE,Federal Contract Tower,0,11,28,0,39,0,0,85,0,85,0,11,113,0,124,96,0,96,220
01/18/2005,ANE,MN,AGL,CE,Federal Contract Tower,0,13,27,0,40,0,0,24,2,26,0,13,51,2,66,10,0,10,76
01/19/2005,ANE,MN,AGL,CE,Federal Contract Tower,0,15,21,1,37,0,2,131,1,134,0,17,152,2,171,54,12,66,237
01/20/2005,ANE,MN,AGL,CE,Federal Contract Tower,0,11,29,0,40,0,0,0,0,0,0,11,29,0,40,30,0,30,70
01/21/2005,ANE,MN,AGL,CE,Federal Contract Tower,0,13,8,0,21,0,0,2,0,2,0,13,10,0,23,0,0,0,23
01/22/2005,ANE,MN,AGL,CE,Federal Contract Tower,0,3,4,0,7,0,2,35,0,37,0,5,39,0,44,70,0,70,114
01/23/2005,ANE,MN,AGL,CE,Federal Contract Tower,0,0,8,0,8,0,0,127,0,127,0,0,135,0,135,166,0,166,301
01/24/2005,ANE,MN,AGL,CE,Federal Contract Tower,0,14,21,0,35,0,3,183,0,186,0,17,204,0,221,238,0,238,459
01/25/2005,ANE,MN,AGL,CE,Federal Contract Tower,0,10,34,0,44,0,1,140,0,141,0,11,174,0,185,252,0,252,437
01/26/2005,ANE,MN,AGL,CE,Federal Contract Tower,0,15,23,0,38,0,2,72,0,74,0,17,95,0,112,102,2,104,216
01/27/2005,ANE,MN,AGL,CE,Federal Contract Tower,0,21,31,0,52,0,1,153,0,154,0,22,184,0,206,108,0,108,314
01/28/2005,ANE,MN,AGL,CE,Federal Contract Tower,0,15,19,0,34,0,0,71,0,71,0,15,90,0,105,130,0,130,235
01/29/2005,ANE,MN,AGL,CE,Federal Contract Tower,0,0,12,0,12,0,0,35,0,35,0,0,47,0,47,110,0,110,157
01/30/2005,ANE,MN,AGL,CE,Federal Contract Tower,0,3,20,0,23,0,0,137,0,137,0,3,157,0,160,224,0,224,384
01/31/2005,ANE,MN,AGL,CE,Federal Contract Tower,0,19,22,0,41,0,0,0,0,0,0,19,22,0,41,0,0,0,41
02/01/2005,ANE,MN,AGL,CE,Federal Contract Tower,0,15,37,0,52,0,0,6,0,6,0,15,43,0,58,18,0,18,76
02/02/2005,ANE,MN,AGL,CE,Federal Contract Tower,0,12,38,0,50,0,0,101,0,101,0,12,139,0,151,168,2,170,321
02/03/2005,ANE,MN,AGL,CE,Federal Contract Tower,0,17,22,0,39,0,0,176,0,176,0,17,198,0,215,206,0,206,421
02/04/2005,ANE,MN,AGL,CE,Federal Contract Tower,0,8,27,0,35,0,1,220,0,221,0,9,247,0,256,244,0,244,500
02/05/2005,ANE,MN,AGL,CE,Federal Contract Tower,0,0,17,0,17,0,0,179,0,179,0,0,196,0,196,172,0,172,368
02/06/2005,ANE,MN,AGL,CE,Federal Contract Tower,0,0,9,0,9,0,0,95,0,95,0,0,104,0,104,198,0,198,302
02/07/2005,ANE,MN,AGL,CE,Federal Contract Tower,0,12,24,0,36,0,4,100,0,104,0,16,124,0,140,72,0,72,212
02/08/2005,ANE,MN,AGL,CE,Federal Contract Tower,0,12,27,0,39,0,1,102,2,105,0,13,129,2,144,172,0,172,316
02/09/2005,ANE,MN,AGL,CE,Federal Contract Tower,0,8,41,0,49,0,0,31,0,31,0,8,72,0,80,80,0,80,160
02/10/2005,ANE,MN,AGL,CE,Federal Contract Tower,0,12,31,0,43,0,2,111,2,115,0,14,142,2,158,242,0,242,400
02/11/2005,ANE,MN,AGL,CE,Federal Contract Tower,0,16,28,0,44,0,0,222,0,222,0,16,250,0,266,320,0,320,586
02/12/2005,ANE,MN,AGL,CE,Federal Contract Tower,0,1,21,0,22,0,0,326,2,328,0,1,347,2,350,244,0,244,594
02/13/2005,ANE,MN,AGL,CE,Federal Contract Tower,0,1,23,0,24,0,0,21,4,25,0,1,44,4,49,54,0,54,103
02/14/2005,ANE,MN,AGL,CE,Federal Contract Tower,0,15,15,0,30,0,2,44,0,46,0,17,59,0,76,84,0,84,160
02/15/2005,ANE,MN,AGL,CE,Federal Contract Tower,0,10,23,0,33,0,0,91,0,91,0,10,114,0,124,112,0,112,236
02/16/2005,ANE,MN,AGL,CE,Federal Contract Tower,0,20,18,0,38,0,0,82,0,82,0,20,100,0,120,134,0,134,254
02/17/2005,ANE,MN,AGL,CE,Federal Contract Tower,0,12,25,0,37,0,3,104,0,107,0,15,129,0,144,206,0,206,350
02/18/2005,ANE,MN,AGL,CE,Federal Contract Tower,0,10,37,0,47,0,0,124,0,124,0,10,161,0,171,172,0,172,343
02/19/2005,ANE,MN,AGL,CE,Federal Contract Tower,0,0,24,0,24,0,1,236,0,237,0,1,260,0,261,362,0,362,623
02/20/2005,ANE,MN,AGL,CE,Federal Contract Tower,0,1,6,0,7,0,0,0,0,0,0,1,6,0,7,0,0,0,7
02/21/2005,ANE,MN,AGL,CE,Federal Contract Tower,0,12,18,0,30,0,2,125,2,129,0,14,143,2,159,166,2,168,327
02/22/2005,ANE,MN,AGL,CE,Federal Contract Tower,0,9,37,0,46,0,0,109,4,113,0,9,146,4,159,120,4,124,283
02/23/2005,ANE,MN,AGL,CE,Federal Contract Tower,0,13,19,0,32,0,0,151,0,151,0,13,170,0,183,158,0,158,341
02/24/2005,ANE,MN,AGL,CE,Federal Contract Tower,0,17,19,0,36,0,0,11,0,11,0,17,30,0,47,0,0,0,47
02/25/2005,ANE,MN,AGL,CE,Federal Contract Tower,0,14,30,0,44,0,2,91,0,93,0,16,121,0,137,172,0,172,309
02/26/2005,ANE,MN,AGL,CE,Federal Contract Tower,0,1,20,0,21,0,2,241,0,243,0,3,261,0,264,245,0,245,509
02/27/2005,ANE,MN,AGL,CE,Federal Contract Tower,0,0,9,0,9,0,0,38,0,38,0,0,47,0,47,56,0,56,103
02/28/2005,ANE,MN,AGL,CE,Federal Contract Tower,0,16,19,0,35,0,1,51,0,52,0,17,70,0,87,28,0,28,115
03/01/2005,ANE,MN,AGL,CE,Federal Contract Tower,0,11,12,0,23,0,0,110,0,110,0,11,122,0,133,168,0,168,301
03/02/2005,ANE,MN,AGL,CE,Federal Contract Tower,0,12,33,0,45,0,1,156,0,157,0,13,189,0,202,180,0,180,382
03/03/2005,ANE,MN,AGL,CE,Federal Contract Tower,0,14,40,0,54,0,0,188,0,188,0,14,228,0,242,362,0,362,604
03/04/2005,ANE,MN,AGL,CE,Federal Contract Tower,0,18,11,0,29,0,3,161,0,164,0,21,172,0,193,246,0,246,439
03/05/2005,ANE,MN,AGL,CE,Federal Contract Tower,0,4,19,0,23,0,2,144,0,146,0,6,163,0,169,140,0,140,309
03/06/2005,ANE,MN,AGL,CE,Federal Contract Tower,0,3,22,0,25,0,1,213,0,214,0,4,235,0,239,134,0,134,373
03/07/2005,ANE,MN,AGL,CE,Federal Contract Tower,0,17,17,0,34,0,0,17,0,17,0,17,34,0,51,14,0,14,65
03/08/2005,ANE,MN,AGL,CE,Federal Contract Tower,0,17,16,0,33,0,0,121,0,121,0,17,137,0,154,248,0,248,402
03/09/2005,ANE,MN,AGL,CE,Federal Contract Tower,0,14,30,0,44,0,0,181,0,181,0,14,211,0,225,218,0,218,443
03/10/2005,ANE,MN,AGL,CE,Federal Contract Tower,0,18,23,0,41,0,0,6,0,6,0,18,29,0,47,40,0,40,87
03/11/2005,ANE,MN,AGL,CE,Federal Contract Tower,0,20,28,0,48,0,0,35,2,37,0,20,63,2,85,30,2,32,117
03/12/2005,ANE,MN,AGL,CE,Federal Contract Tower,0,2,9,0,11,0,0,159,0,159,0,2,168,0,170,146,0,146,316
03/13/2005,ANE,MN,AGL,CE,Federal Contract Tower,0,2,17,0,19,0,0,84,0,84,0,2,101,0,103,24,0,24,127
03/14/2005,ANE,MN,AGL,CE,Federal Contract Tower,0,17,22,0,39,0,0,73,0,73,0,17,95,0,112,168,0,168,280
03/15/2005,ANE,MN,AGL,CE,Federal Contract Tower,0,18,23,0,41,0,0,131,2,133,0,18,154,2,174,214,12,226,400
03/16/2005,ANE,MN,AGL,CE,Federal Contract Tower,0,11,27,0,38,0,0,177,0,177,0,11,204,0,215,216,0,216,431
03/17/2005,ANE,MN,AGL,CE,Federal Contract Tower,0,17,34,0,51,0,0,126,2,128,0,17,160,2,179,202,22,224,403
03/18/2005,ANE,MN,AGL,CE,Federal Contract Tower,0,17,7,0,24,0,2,5,0,7,0,19,12,0,31,6,0,6,37
03/19/2005,ANE,MN,AGL,CE,Federal Contract Tower,0,0,13,0,13,0,0,84,0,84,0,0,97,0,97,114,0,114,211
03/20/2005,ANE,MN,AGL,CE,Federal Contract Tower,0,1,17,0,18,0,0,202,0,202,0,1,219,0,220,238,0,238,458
03/21/2005,ANE,MN,AGL,CE,Federal Contract Tower,0,15,26,0,41,0,0,108,0,108,0,15,134,0,149,270,0,270,419
03/22/2005,ANE,MN,AGL,CE,Federal Contract Tower,0,11,25,0,36,0,2,144,0,146,0,13,169,0,182,282,0,282,464
03/23/2005,ANE,MN,AGL,CE,Federal Contract Tower,0,13,24,0,37,0,3,169,0,172,0,16,193,0,209,182,0,182,391
03/24/2005,ANE,MN,AGL,CE,Federal Contract Tower,0,13,36,0,49,0,2,142,0,144,0,15,178,0,193,212,0,212,405
03/25/2005,ANE,MN,AGL,CE,Federal Contract Tower,0,9,29,0,38,0,1,136,4,141,0,10,165,4,179,144,0,144,323
03/26/2005,ANE,MN,AGL,CE,Federal Contract Tower,0,1,15,0,16,0,0,242,0,242,0,1,257,0,258,208,0,208,466
03/27/2005,ANE,MN,AGL,CE,Federal Contract Tower,0,0,10,0,10,0,0,73,0,73,0,0,83,0,83,62,0,62,145
03/28/2005,ANE,MN,AGL,CE,Federal Contract Tower,0,7,16,0,23,0,1,159,0,160,0,8,175,0,183,246,0,246,429
03/29/2005,ANE,MN,AGL,CE,Federal Contract Tower,0,14,30,0,44,0,0,92,0,92,0,14,122,0,136,104,0,104,240
03/30/2005,ANE,MN,AGL,CE,Federal Contract Tower,0,11,23,0,34,0,0,9,0,9,0,11,32,0,43,38,0,38,81
03/31/2005,ANE,MN,AGL,CE,Federal Contract Tower,0,12,33,0,45,0,0,102,0,102,0,12,135,0,147,94,0,94,241
04/01/2005,ANE,MN,AGL,CE,Federal Contract Tower,0,17,32,0,49,0,5,140,0,145,0,22,172,0,194,160,0,160,354
04/02/2005,ANE,MN,AGL,CE,Federal Contract Tower,0,0,25,0,25,0,0,264,0,264,0,0,289,0,289,196,2,198,487
04/03/2005,ANE,MN,AGL,CE,Federal Contract Tower,0,0,18,0,18,0,0,178,0,178,0,0,196,0,196,286,0,286,482
04/04/2005,ANE,MN,AGL,CE,Federal Contract Tower,0,14,29,0,43,0,0,93,0,93,0,14,122,0,136,78,0,78,214
04/05/2005,ANE,MN,AGL,CE,Federal Contract Tower,0,13,25,0,38,0,0,116,4,120,0,13,141,4,158,198,0,198,356
04/06/2005,ANE,MN,AGL,CE,Federal Contract Tower,0,11,24,0,35,0,4,104,2,110,0,15,128,2,145,142,2,144,289
04/07/2005,ANE,MN,AGL,CE,Federal Contract Tower,0,9,46,0,55,0,2,186,0,188,0,11,232,0,243,222,0,222,465
04/08/2005,ANE,MN,AGL,CE,Federal Contract Tower,0,11,36,0,47,0,1,197,0,198,0,12,233,0,245,167,0,167,412
04/09/2005,ANE,MN,AGL,CE,Federal Contract Tower,0,0,19,0,19,0,0,74,0,74,0,0,93,0,93,74,0,74,167
04/10/2005,ANE,MN,AGL,CE,Federal Contract Tower,0,0,12,0,12,0,0,111,0,111,0,0,123,0,123,178,0,178,301
04/11/2005,ANE,MN,AGL,CE,Federal Contract Tower,0,7,22,0,29,0,2,60,0,62,0,9,82,0,91,4,0,4,95
04/12/2005,ANE,MN,AGL,CE,Federal Contract Tower,0,12,31,0,43,0,4,102,2,108,0,16,133,2,151,114,0,114,265
04/13/2005,ANE,MN,AGL,CE,Federal Contract Tower,0,11,28,0,39,0,0,144,6,150,0,11,172,6,189,214,0,214,403
04/14/2005,ANE,MN,AGL,CE,Federal Contract Tower,0,7,31,0,38,0,0,175,0,175,0,7,206,0,213,206,0,206,419
04/15/2005,ANE,MN,AGL,CE,Federal Contract Tower,0,6,31,0,37,0,0,128,0,128,0,6,159,0,165,120,0,120,285
04/16/2005,ANE,MN,AGL,CE,Federal Contract Tower,0,0,21,0,21,0,0,14,0,14,0,0,35,0,35,30,0,30,65
04/17/2005,ANE,MN,AGL,CE,Federal Contract Tower,0,0,25,0,25,0,0,144,0,144,0,0,169,0,169,188,0,188,357
04/18/2005,ANE,MN,AGL,CE,Federal Contract Tower,0,9,24,0,33,0,0,157,4,161,0,9,181,4,194,178,0,178,372
04/19/2005,ANE,MN,AGL,CE,Federal Contract Tower,0,15,33,0,48,0,0,65,0,65,0,15,98,0,113,48,0,48,161
04/20/2005,ANE,MN,AGL,CE,Federal Contract Tower,0,10,8,0,18,0,0,120,0,120,0,10,128,0,138,148,0,148,286
04/21/2005,ANE,MN,AGL,CE,Federal Contract Tower,0,12,35,0,47,0,2,161,0,163,0,14,196,0,210,212,0,212,422
04/22/2005,ANE,MN,AGL,CE,Federal Contract Tower,0,9,34,0,43,0,0,27,0,27,0,9,61,0,70,64,0,64,134
04/23/2005,ANE,MN,AGL,CE,Federal Contract Tower,0,0,4,0,4,0,0,111,0,111,0,0,115,0,115,88,0,88,203
04/24/2005,ANE,MN,AGL,CE,Federal Contract Tower,0,0,13,0,13,0,0,182,0,182,0,0,195,0,195,158,0,158,353
04/25/2005,ANE,MN,AGL,CE,Federal Contract Tower,0,14,25,0,39,0,4,139,0,143,0,18,164,0,182,144,0,144,326
04/26/2005,ANE,MN,AGL,CE,Federal Contract Tower,0,10,25,0,35,0,0,49,0,49,0,10,74,0,84,70,2,72,156
04/27/2005,ANE,MN,AGL,CE,Federal Contract Tower,0,10,29,0,39,0,2,61,2,65,0,12,90,2,104,38,0,38,142
04/28/2005,ANE,MN,AGL,CE,Federal Contract Tower,0,12,38,0,50,0,0,122,0,122,0,12,160,0,172,152,0,152,324
04/29/2005,ANE,MN,AGL,CE,Federal Contract Tower,0,10,21,0,31,0,1,156,2,159,0,11,177,2,190,313,0,313,503
04/30/2005,ANE,MN,AGL,CE,Federal Contract Tower,0,2,15,0,17,0,1,194,4,199,0,3,209,4,216,176,8,184,400
05/01/2005,ANE,MN,AGL,CE,Federal Contract Tower,0,3,20,0,23,0,0,72,0,72,0,3,92,0,95,132,0,132,227
05/02/2005,ANE,MN,AGL,CE,Federal Contract Tower,0,11,35,0,46,0,2,127,0,129,0,13,162,0,175,232,0,232,407
05/03/2005,ANE,MN,AGL,CE,Federal Contract Tower,0,6,38,0,44,0,4,239,4,247,0,10,277,4,291,236,0,236,527
05/04/2005,ANE,MN,AGL,CE,Federal Contract Tower,0,10,40,0,50,0,3,191,2,196,0,13,231,2,246,125,0,125,371
05/05/2005,ANE,MN,AGL,CE,Federal Contract Tower,0,11,28,0,39,0,2,95,0,97,0,13,123,0,136,50,0,50,186
05/06/2005,ANE,MN,AGL,CE,Federal Contract Tower,0,8,30,0,38,0,2,184,0,186,0,10,214,0,224,166,0,166,390
05/07/2005,ANE,MN,AGL,CE,Federal Contract Tower,0,0,9,0,9,0,0,47,0,47,0,0,56,0,56,10,0,10,66
05/08/2005,ANE,MN,AGL,CE,Federal Contract Tower,0,0,17,0,17,0,2,184,4,190,0,2,201,4,207,158,2,160,367
05/09/2005,ANE,MN,AGL,CE,Federal Contract Tower,0,5,24,0,29,0,0,96,4,100,0,5,120,4,129,68,4,72,201
05/10/2005,ANE,MN,AGL,CE,Federal Contract Tower,0,14,38,0,52,0,0,164,4,168,0,14,202,4,220,198,0,198,418
05/11/2005,ANE,MN,AGL,CE,Federal Contract Tower,0,11,31,0,42,0,2,73,0,75,0,13,104,0,117,68,0,68,185
05/12/2005,ANE,MN,AGL,CE,Federal Contract Tower,0,8,20,0,28,0,0,1,0,1,0,8,21,0,29,18,0,18,47
05/13/2005,ANE,MN,AGL,CE,Federal Contract Tower,0,9,44,0,53,0,2,35,0,37,0,11,79,0,90,14,0,14,104
05/14/2005,ANE,MN,AGL,CE,Federal Contract Tower,0,3,29,0,32,0,0,47,0,47,0,3,76,0,79,46,0,46,125
05/15/2005,ANE,MN,AGL,CE,Federal Contract Tower,0,1,22,0,23,0,0,222,0,222,0,1,244,0,245,188,0,188,433
05/16/2005,ANE,MN,AGL,CE,Federal Contract Tower,0,15,42,0,57,0,0,142,0,142,0,15,184,0,199,220,0,220,419
05/17/2005,ANE,MN,AGL,CE,Federal Contract Tower,0,14,34,0,48,0,2,111,0,113,0,16,145,0,161,144,0,144,305
05/18/2005,ANE,MN,AGL,CE,Federal Contract Tower,0,17,27,0,44,0,0,10,2,12,0,17,37,2,56,18,0,18,74
05/19/2005,ANE,MN,AGL,CE,Federal Contract Tower,0,10,33,0,43,0,0,51,6,57,0,10,84,6,100,104,30,134,234
05/20/2005,ANE,MN,AGL,CE,Federal Contract Tower,0,8,50,0,58,0,1,212,0,213,0,9,262,0,271,230,0,230,501
05/21/2005,ANE,MN,AGL,CE,Federal Contract Tower,0,1,17,0,18,0,0,189,0,189,0,1,206,0,207,204,0,204,411
05/22/2005,ANE,MN,AGL,CE,Federal Contract Tower,0,2,19,0,21,0,2,241,0,243,0,4,260,0,264,170,0,170,434
05/23/2005,ANE,MN,AGL,CE,Federal Contract Tower,0,6,26,0,32,0,0,208,0,208,0,6,234,0,240,280,0,280,520
05/24/2005,ANE,MN,AGL,CE,Federal Contract Tower,0,8,27,0,35,0,3,213,2,218,0,11,240,2,253,190,4,194,447
05/25/2005,ANE,MN,AGL,CE,Federal Contract Tower,0,14,36,0,50,0,0,12,0,12,0,14,48,0,62,34,0,34,96
05/26/2005,ANE,MN,AGL,CE,Federal Contract Tower,0,12,31,0,43,0,1,113,0,114,0,13,144,0,157,156,0,156,313
05/27/2005,ANE,MN,AGL,CE,Federal Contract Tower,0,9,39,0,48,0,4,137,0,141,0,13,176,0,189,194,0,194,383
05/28/2005,ANE,MN,AGL,CE,Federal Contract Tower,0,1,22,0,23,0,0,170,0,170,0,1,192,0,193,178,0,178,371
05/29/2005,ANE,MN,AGL,CE,Federal Contract Tower,0,1,17,0,18,0,0,125,0,125,0,1,142,0,143,144,0,144,287
05/30/2005,ANE,MN,AGL,CE,Federal Contract Tower,0,0,26,0,26,0,0,214,0,214,0,0,240,0,240,232,0,232,472
05/31/2005,ANE,MN,AGL,CE,Federal Contract Tower,0,9,28,0,37,0,2,134,0,136,0,11,162,0,173,108,0,108,281
06/01/2005,ANE,MN,AGL,CE,Federal Contract Tower,0,8,33,0,41,0,0,99,0,99,0,8,132,0,140,212,0,212,352
06/02/2005,ANE,MN,AGL,CE,Federal Contract Tower,0,8,40,0,48,0,2,164,4,170,0,10,204,4,218,238,0,238,456
06/03/2005,ANE,MN,AGL,CE,Federal Contract Tower,0,7,34,0,41,0,1,98,0,99,0,8,132,0,140,178,0,178,318
06/04/2005,ANE,MN,AGL,CE,Federal Contract Tower,0,1,10,0,11,0,0,29,4,33,0,1,39,4,44,10,0,10,54
06/05/2005,ANE,MN,AGL,CE,Federal Contract Tower,0,3,17,0,20,0,3,97,4,104,0,6,114,4,124,100,8,108,232
06/06/2005,ANE,MN,AGL,CE,Federal Contract Tower,0,9,27,0,36,0,2,237,2,241,0,11,264,2,277,148,0,148,425
06/07/2005,ANE,MN,AGL,CE,Federal Contract Tower,0,17,23,0,40,0,3,40,0,43,0,20,63,0,83,34,0,34,117
06/08/2005,ANE,MN,AGL,CE,Federal Contract Tower,0,15,37,0,52,0,0,124,2,126,0,15,161,2,178,228,0,228,406
06/09/2005,ANE,MN,AGL,CE,Federal Contract Tower,0,13,30,0,43,0,1,196,0,197,0,14,226,0,240,290,0,290,530
06/10/2005,ANE,MN,AGL,CE,Federal Contract Tower,0,13,17,0,30,0,3,142,4,149,0,16,159,4,179,214,8,222,401
06/11/2005,ANE,MN,AGL,CE,Federal Contract Tower,0,3,19,0,22,0,0,106,0,106,0,3,125,0,128,86,0,86,214
06/12/2005,ANE,MN,AGL,CE,Federal Contract Tower,0,4,27,0,31,0,0,220,4,224,0,4,247,4,255,158,12,170,425
06/13/2005,ANE,MN,AGL,CE,Federal Contract Tower,0,14,24,0,38,0,1,89,0,90,0,15,113,0,128,76,0,76,204
06/14/2005,ANE,MN,AGL,CE,Federal Contract Tower,0,14,36,0,50,0,0,44,0,44,0,14,80,0,94,124,0,124,218
06/15/2005,ANE,MN,AGL,CE,Federal Contract Tower,0,12,40,0,52,0,1,166,6,173,0,13,206,6,225,250,0,250,475
06/16/2005,ANE,MN,AGL,CE,Federal Contract Tower,0,14,44,0,58,0,3,245,0,248,0,17,289,0,306,304,0,304,610
06/17/2005,ANE,MN,AGL,CE,Federal Contract Tower,0,11,35,0,46,0,4,181,0,185,0,15,216,0,231,226,0,226,457
06/18/2005,ANE,MN,AGL,CE,Federal Contract Tower,0,3,30,0,33,0,0,280,0,280,0,3,310,0,313,238,0,238,551
06/19/2005,ANE,MN,AGL,CE,Federal Contract Tower,0,1,24,0,25,0,0,172,0,172,0,1,196,0,197,68,0,68,265
06/20/2005,ANE,MN,AGL,CE,Federal Contract Tower,0,18,22,0,40,0,0,56,0,56,0,18,78,0,96,34,0,34,130
06/21/2005,ANE,MN,AGL,CE,Federal Contract Tower,0,9,33,0,42,0,0,191,0,191,0,9,224,0,233,214,0,214,447
06/22/2005,ANE,MN,AGL,CE,Federal Contract Tower,0,13,39,0,52,0,0,185,2,187,0,13,224,2,239,204,6,210,449
06/23/2005,ANE,MN,AGL,CE,Federal Contract Tower,0,10,24,0,34,0,2,78,0,80,0,12,102,0,114,42,0,42,156
06/24/2005,ANE,MN,AGL,CE,Federal Contract Tower,0,12,33,0,45,0,0,170,2,172,0,12,203,2,217,208,4,212,429
06/25/2005,ANE,MN,AGL,CE,Federal Contract Tower,0,2,18,0,20,0,0,271,0,271,0,2,289,0,291,304,0,304,595
06/26/2005,ANE,MN,AGL,CE,Federal Contract Tower,0,3,21,0,24,0,0,94,0,94,0,3,115,0,118,142,2,144,262
06/27/2005,ANE,MN,AGL,CE,Federal Contract Tower,0,13,8,0,21,0,2,24,0,26,0,15,32,0,47,54,0,54,101
06/28/2005,ANE,MN,AGL,CE,Federal Contract Tower,0,8,43,0,51,0,0,121,0,121,0,8,164,0,172,298,0,298,470
06/29/2005,ANE,MN,AGL,CE,Federal Contract Tower,0,14,18,0,32,0,2,34,2,38,0,16,52,2,70,60,0,60,130
06/30/2005,ANE,MN,AGL,CE,Federal Contract Tower,0,12,36,0,48,0,2,48,2,52,0,14,84,2,100,18,2,20,120
07/01/2005,ANE,MN,AGL,CE,Federal Contract Tower,0,8,42,0,50,0,5,229,2,236,0,13,271,2,286,234,0,234,520
07/02/2005,ANE,MN,AGL,CE,Federal Contract Tower,0,0,4,0,4,0,0,148,0,148,0,0,152,0,152,104,0,104,256
07/03/2005,ANE,MN,AGL,CE,Federal Contract Tower,0,2,6,0,8,0,0,34,0,34,0,2,40,0,42,64,0,64,106
07/04/2005,ANE,MN,AGL,CE,Federal Contract Tower,0,0,10,0,10,0,0,170,0,170,0,0,180,0,180,112,0,112,292
07/05/2005,ANE,MN,AGL,CE,Federal Contract Tower,0,7,30,0,37,0,5,169,0,174,0,12,199,0,211,210,0,210,421
07/06/2005,ANE,MN,AGL,CE,Federal Contract Tower,0,9,39,0,48,0,0,201,0,201,0,9,240,0,249,222,0,222,471
07/07/2005,ANE,MN,AGL,CE,Federal Contract Tower,0,10,34,0,44,0,0,201,0,201,0,10,235,0,245,210,0,210,455
07/08/2005,ANE,MN,AGL,CE,Federal Contract Tower,0,6,31,0,37,0,0,124,0,124,0,6,155,0,161,190,2,192,353
07/09/2005,ANE,MN,AGL,CE,Federal Contract Tower,0,3,16,0,19,0,0,200,0,200,0,3,216,0,219,198,2,200,419
07/10/2005,ANE,MN,AGL,CE,Federal Contract Tower,0,0,21,0,21,0,0,114,2,116,0,0,135,2,137,94,0,94,231
07/11/2005,ANE,MN,AGL,CE,Federal Contract Tower,0,9,28,0,37,0,0,113,0,113,0,9,141,0,150,240,0,240,390
07/12/2005,ANE,MN,AGL,CE,Federal Contract Tower,0,7,40,0,47,0,0,115,0,115,0,7,155,0,162,196,4,200,362
07/13/2005,ANE,MN,AGL,CE,Federal Contract Tower,0,9,45,0,54,0,5,224,6,235,0,14,269,6,289,198,6,204,493
07/14/2005,ANE,MN,AGL,CE,Federal Contract Tower,0,10,33,0,43,0,2,194,2,198,0,12,227,2,241,120,0,120,361
07/15/2005,ANE,MN,AGL,CE,Federal Contract Tower,0,11,27,0,38,0,0,185,2,187,0,11,212,2,225,132,0,132,357
07/16/2005,ANE,MN,AGL,CE,Federal Contract Tower,0,0,17,0,17,0,1,159,0,160,0,1,176,0,177,128,0,128,305
07/17/2005,ANE,MN,AGL,CE,Federal Contract Tower,0,1,17,0,18,0,0,104,0,104,0,1,121,0,122,14,0,14,136
07/18/2005,ANE,MN,AGL,CE,Federal Contract Tower,0,9,34,0,43,0,0,133,4,137,0,9,167,4,180,166,0,166,346
07/19/2005,ANE,MN,AGL,CE,Federal Contract Tower,0,14,32,0,46,0,0,180,4,184,0,14,212,4,230,186,14,200,430
07/20/2005,ANE,MN,AGL,CE,Federal Contract Tower,0,12,39,0,51,0,2,132,0,134,0,14,171,0,185,178,0,178,363
07/21/2005,ANE,MN,AGL,CE,Federal Contract Tower,0,9,60,0,69,0,2,159,4,165,0,11,219,4,234,138,0,138,372
07/22/2005,ANE,MN,AGL,CE,Federal Contract Tower,0,8,33,0,41,0,1,141,0,142,0,9,174,0,183,76,0,76,259
07/23/2005,ANE,MN,AGL,CE,Federal Contract Tower,0,1,13,0,14,0,0,115,0,115,0,1,128,0,129,102,0,102,231
07/24/2005,ANE,MN,AGL,CE,Federal Contract Tower,0,2,31,0,33,0,0,157,0,157,0,2,188,0,190,210,0,210,400
07/25/2005,ANE,MN,AGL,CE,Federal Contract Tower,0,12,19,0,31,0,0,52,0,52,0,12,71,0,83,32,0,32,115
07/26/2005,ANE,MN,AGL,CE,Federal Contract Tower,0,10,25,0,35,0,1,170,0,171,0,11,195,0,206,232,0,232,438
07/27/2005,ANE,MN,AGL,CE,Federal Contract Tower,0,19,32,0,51,0,0,168,6,174,0,19,200,6,225,112,0,112,337
07/28/2005,ANE,MN,AGL,CE,Federal Contract Tower,0,16,20,0,36,0,1,181,2,184,0,17,201,2,220,106,0,106,326
07/29/2005,ANE,MN,AGL,CE,Federal Contract Tower,0,12,29,0,41,0,0,162,0,162,0,12,191,0,203,126,0,126,329
07/30/2005,ANE,MN,AGL,CE,Federal Contract Tower,0,0,9,0,9,0,1,138,0,139,0,1,147,0,148,34,0,34,182
07/31/2005,ANE,MN,AGL,CE,Federal Contract Tower,0,5,27,0,32,0,0,185,0,185,0,5,212,0,217,150,0,150,367
08/01/2005,ANE,MN,AGL,CE,Federal Contract Tower,0,10,31,0,41,0,2,155,0,157,0,12,186,0,198,138,0,138,336
08/02/2005,ANE,MN,AGL,CE,Federal Contract Tower,0,13,41,0,54,0,1,163,3,167,0,14,204,3,221,146,0,146,367
08/03/2005,ANE,MN,AGL,CE,Federal Contract Tower,0,15,36,0,51,0,1,124,4,129,0,16,160,4,180,160,18,178,358
08/04/2005,ANE,MN,AGL,CE,Federal Contract Tower,0,16,33,0,49,0,2,142,0,144,0,18,175,0,193,68,0,68,261
08/05/2005,ANE,MN,AGL,CE,Federal Contract Tower,0,10,38,0,48,0,0,239,0,239,0,10,277,0,287,240,0,240,527
08/06/2005,ANE,MN,AGL,CE,Federal Contract Tower,0,1,23,0,24,0,0,227,10,237,0,1,250,10,261,180,0,180,441
08/07/2005,ANE,MN,AGL,CE,Federal Contract Tower,0,30,35,0,65,0,0,256,2,258,0,30,291,2,323,276,2,278,601
08/08/2005,ANE,MN,AGL,CE,Federal Contract Tower,0,11,26,0,37,0,0,93,0,93,0,11,119,0,130,72,0,72,202
08/09/2005,ANE,MN,AGL,CE,Federal Contract Tower,0,10,38,0,48,0,0,91,0,91,0,10,129,0,139,138,4,142,281
08/10/2005,ANE,MN,AGL,CE,Federal Contract Tower,0,10,41,0,51,0,1,209,2,212,0,11,250,2,263,142,0,142,405
08/11/2005,ANE,MN,AGL,CE,Federal Contract Tower,0,5,34,0,39,0,0,45,2,47,0,5,79,2,86,84,16,100,186
08/12/2005,ANE,MN,AGL,CE,Federal Contract Tower,0,6,40,0,46,0,0,174,0,174,0,6,214,0,220,170,2,172,392
08/13/2005,ANE,MN,AGL,CE,Federal Contract Tower,0,1,18,0,19,0,0,187,0,187,0,1,205,0,206,228,0,228,434
08/14/2005,ANE,MN,AGL,CE,Federal Contract Tower,0,1,36,0,37,0,0,221,0,221,0,1,257,0,258,182,18,200,458
08/15/2005,ANE,MN,AGL,CE,Federal Contract Tower,0,5,24,0,29,0,5,187,0,192,0,10,211,0,221,186,0,186,407
08/16/2005,ANE,MN,AGL,CE,Federal Contract Tower,0,4,32,0,36,0,1,158,0,159,0,5,190,0,195,164,0,164,359
08/17/2005,ANE,MN,AGL,CE,Federal Contract Tower,0,4,31,0,35,0,0,95,0,95,0,4,126,0,130,68,2,70,200
08/18/2005,ANE,MN,AGL,CE,Federal Contract Tower,0,4,37,0,41,0,0,38,2,40,0,4,75,2,81,112,0,112,193
08/19/2005,ANE,MN,AGL,CE,Federal Contract Tower,0,4,36,1,41,0,0,113,0,113,0,4,149,1,154,148,0,148,302
08/20/2005,ANE,MN,AGL,CE,Federal Contract Tower,0,0,22,0,22,0,0,209,0,209,0,0,231,0,231,238,0,238,469
08/21/2005,ANE,MN,AGL,CE,Federal Contract Tower,0,0,21,0,21,0,0,248,2,250,0,0,269,2,271,184,0,184,455
08/22/2005,ANE,MN,AGL,CE,Federal Contract Tower,0,8,41,0,49,0,3,180,0,183,0,11,221,0,232,162,0,162,394
08/23/2005,ANE,MN,AGL,CE,Federal Contract Tower,0,8,50,0,58,0,2,176,4,182,0,10,226,4,240,174,4,178,418
08/24/2005,ANE,MN,AGL,CE,Federal Contract Tower,0,9,55,0,64,0,1,122,0,123,0,10,177,0,187,50,0,50,237
08/25/2005,ANE,MN,AGL,CE,Federal Contract Tower,0,10,41,0,51,0,2,103,0,105,0,12,144,0,156,200,0,200,356
08/26/2005,ANE,MN,AGL,CE,Federal Contract Tower,0,11,40,0,51,0,2,84,0,86,0,13,124,0,137,148,0,148,285
08/27/2005,ANE,MN,AGL,CE,Federal Contract Tower,0,0,29,0,29,0,2,210,0,212,0,2,239,0,241,178,0,178,419
08/28/2005,ANE,MN,AGL,CE,Federal Contract Tower,0,1,34,0,35,0,0,192,0,192,0,1,226,0,227,274,0,274,501
08/29/2005,ANE,MN,AGL,CE,Federal Contract Tower,0,9,29,0,38,0,0,133,2,135,0,9,162,2,173,172,8,180,353
08/30/2005,ANE,MN,AGL,CE,Federal Contract Tower,0,7,30,0,37,0,0,162,0,162,0,7,192,0,199,120,8,128,327
08/31/2005,ANE,MN,AGL,CE,Federal Contract Tower,0,13,38,0,51,0,1,96,0,97,0,14,134,0,148,86,0,86,234
09/01/2005,ANE,MN,AGL,CE,Federal Contract Tower,0,8,43,0,51,0,2,63,0,65,0,10,106,0,116,84,0,84,200
09/02/2005,ANE,MN,AGL,CE,Federal Contract Tower,0,9,47,0,56,0,2,173,2,177,0,11,220,2,233,234,10,244,477
09/03/2005,ANE,MN,AGL,CE,Federal Contract Tower,0,2,14,0,16,0,0,101,0,101,0,2,115,0,117,72,0,72,189
09/04/2005,ANE,MN,AGL,CE,Federal Contract Tower,0,2,6,0,8,0,0,71,0,71,0,2,77,0,79,38,0,38,117
09/05/2005,ANE,MN,AGL,CE,Federal Contract Tower,0,0,24,0,24,0,0,97,0,97,0,0,121,0,121,86,0,86,207
09/06/2005,ANE,MN,AGL,CE,Federal Contract Tower,0,10,32,0,42,0,0,78,0,78,0,10,110,0,120,56,0,56,176
09/07/2005,ANE,MN,AGL,CE,Federal Contract Tower,0,7,32,0,39,0,0,68,0,68,0,7,100,0,107,100,0,100,207
09/08/2005,ANE,MN,AGL,CE,Federal Contract Tower,0,8,35,0,43,0,0,76,4,80,0,8,111,4,123,52,2,54,177
09/09/2005,ANE,MN,AGL,CE,Federal Contract Tower,0,12,28,0,40,0,1,50,0,51,0,13,78,0,91,64,0,64,155
09/10/2005,ANE,MN,AGL,CE,Federal Contract Tower,0,2,17,0,19,0,0,207,0,207,0,2,224,0,226,176,0,176,402
09/11/2005,ANE,MN,AGL,CE,Federal Contract Tower,0,3,20,0,23,0,0,186,0,186,0,3,206,0,209,142,0,142,351
09/12/2005,ANE,MN,AGL,CE,Federal Contract Tower,0,10,26,0,36,0,0,24,0,24,0,10,50,0,60,10,4,14,74
09/13/2005,ANE,MN,AGL,CE,Federal Contract Tower,0,9,32,0,41,0,0,54,2,56,0,9,86,2,97,122,4,126,223
09/14/2005,ANE,MN,AGL,CE,Federal Contract Tower,0,10,32,0,42,0,0,187,0,187,0,10,219,0,229,268,4,272,501
09/15/2005,ANE,MN,AGL,CE,Federal Contract Tower,0,13,37,0,50,0,0,153,0,153,0,13,190,0,203,192,0,192,395
09/16/2005,ANE,MN,AGL,CE,Federal Contract Tower,0,10,38,0,48,0,4,187,4,195,0,14,225,4,243,216,8,224,467
09/17/2005,ANE,MN,AGL,CE,Federal Contract Tower,0,0,24,0,24,0,2,177,8,187,0,2,201,8,211,144,0,144,355
09/18/2005,ANE,MN,AGL,CE,Federal Contract Tower,0,0,16,0,16,0,4,187,2,193,0,4,203,2,209,150,0,150,359
09/19/2005,ANE,MN,AGL,CE,Federal Contract Tower,0,13,37,0,50,0,0,35,0,35,0,13,72,0,85,26,0,26,111
09/20/2005,ANE,MN,AGL,CE,Federal Contract Tower,0,8,46,0,54,0,1,118,0,119,0,9,164,0,173,178,0,178,351
09/21/2005,ANE,MN,AGL,CE,Federal Contract Tower,0,5,35,0,40,0,1,110,0,111,0,6,145,0,151,210,0,210,361
09/22/2005,ANE,MN,AGL,CE,Federal Contract Tower,0,6,37,0,43,0,2,153,4,159,0,8,190,4,202,190,10,200,402
09/23/2005,ANE,MN,AGL,CE,Federal Contract Tower,0,7,33,0,40,0,5,210,0,215,0,12,243,0,255,202,2,204,459
09/24/2005,ANE,MN,AGL,CE,Federal Contract Tower,0,0,16,0,16,0,2,68,0,70,0,2,84,0,86,116,0,116,202
09/25/2005,ANE,MN,AGL,CE,Federal Contract Tower,0,3,21,0,24,0,0,0,0,0,0,3,21,0,24,10,0,10,34
09/26/2005,ANE,MN,AGL,CE,Federal Contract Tower,0,8,24,0,32,0,3,131,2,136,0,11,155,2,168,264,0,264,432
09/27/2005,ANE,MN,AGL,CE,Federal Contract Tower,0,8,38,0,46,0,3,135,8,146,0,11,173,8,192,158,0,158,350
09/28/2005,ANE,MN,AGL,CE,Federal Contract Tower,0,8,33,0,41,0,2,28,0,30,0,10,61,0,71,4,0,4,75
09/29/2005,ANE,MN,AGL,CE,Federal Contract Tower,0,13,31,0,44,0,0,135,0,135,0,13,166,0,179,126,0,126,305
09/30/2005,ANE,MN,AGL,CE,Federal Contract Tower,0,8,29,0,37,0,2,138,4,144,0,10,167,4,181,118,2,120,301
10/01/2005,ANE,MN,AGL,CE,Federal Contract Tower,0,0,17,0,17,0,0,257,2,259,0,0,274,2,276,180,2,182,458
10/02/2005,ANE,MN,AGL,CE,Federal Contract Tower,0,1,22,0,23,0,0,83,0,83,0,1,105,0,106,46,4,50,156
10/03/2005,ANE,MN,AGL,CE,Federal Contract Tower,0,8,20,0,28,0,1,77,0,78,0,9,97,0,106,132,0,132,238
10/04/2005,ANE,MN,AGL,CE,Federal Contract Tower,0,6,16,0,22,0,0,1,0,1,0,6,17,0,23,18,0,18,41
10/05/2005,ANE,MN,AGL,CE,Federal Contract Tower,0,12,28,0,40,0,0,56,4,60,0,12,84,4,100,34,2,36,136
10/06/2005,ANE,MN,AGL,CE,Federal Contract Tower,0,8,33,0,41,0,1,69,12,82,0,9,102,12,123,78,2,80,203
10/07/2005,ANE,MN,AGL,CE,Federal Contract Tower,0,12,40,0,52,0,0,150,0,150,0,12,190,0,202,150,0,150,352
10/08/2005,ANE,MN,AGL,CE,Federal Contract Tower,0,1,17,0,18,0,2,170,0,172,0,3,187,0,190,132,0,132,322
10/09/2005,ANE,MN,AGL,CE,Federal Contract Tower,0,0,32,0,32,0,0,153,0,153,0,0,185,0,185,230,0,230,415
10/10/2005,ANE,MN,AGL,CE,Federal Contract Tower,0,9,34,0,43,0,2,155,0,157,0,11,189,0,200,214,0,214,414
10/11/2005,ANE,MN,AGL,CE,Federal Contract Tower,0,10,42,0,52,0,2,160,0,162,0,12,202,0,214,172,2,174,388
10/12/2005,ANE,MN,AGL,CE,Federal Contract Tower,0,6,41,0,47,0,2,63,0,65,0,8,104,0,112,64,8,72,184
10/13/2005,ANE,MN,AGL,CE,Federal Contract Tower,0,8,53,0,61,0,0,88,2,90,0,8,141,2,151,78,2,80,231
10/14/2005,ANE,MN,AGL,CE,Federal Contract Tower,0,8,36,0,44,0,0,120,0,120,0,8,156,0,164,96,0,96,260
10/15/2005,ANE,MN,AGL,CE,Federal Contract Tower,0,0,11,0,11,0,0,138,0,138,0,0,149,0,149,76,0,76,225
10/16/2005,ANE,MN,AGL,CE,Federal Contract Tower,0,1,16,0,17,0,0,161,0,161,0,1,177,0,178,172,0,172,350
10/17/2005,ANE,MN,AGL,CE,Federal Contract Tower,0,9,29,0,38,0,0,114,0,114,0,9,143,0,152,128,0,128,280
10/18/2005,ANE,MN,AGL,CE,Federal Contract Tower,0,7,33,0,40,0,3,140,0,143,0,10,173,0,183,166,4,170,353
10/19/2005,ANE,MN,AGL,CE,Federal Contract Tower,0,9,33,0,42,0,0,125,0,125,0,9,158,0,167,170,0,170,337
10/20/2005,ANE,MN,AGL,CE,Federal Contract Tower,0,11,68,0,79,0,3,143,0,146,0,14,211,0,225,130,0,130,355
10/21/2005,ANE,MN,AGL,CE,Federal Contract Tower,0,9,45,0,54,0,0,56,0,56,0,9,101,0,110,108,0,108,218
10/22/2005,ANE,MN,AGL,CE,Federal Contract Tower,0,1,15,0,16,0,1,97,0,98,0,2,112,0,114,56,0,56,170
10/23/2005,ANE,MN,AGL,CE,Federal Contract Tower,0,0,7,0,7,0,0,37,0,37,0,0,44,0,44,88,0,88,132
10/24/2005,ANE,MN,AGL,CE,Federal Contract Tower,0,11,29,0,40,0,0,139,0,139,0,11,168,0,179,184,0,184,363
10/25/2005,ANE,MN,AGL,CE,Federal Contract Tower,0,15,34,0,49,0,6,173,2,181,0,21,207,2,230,276,0,276,506
10/26/2005,ANE,MN,AGL,CE,Federal Contract Tower,0,11,33,0,44,0,2,147,6,155,0,13,180,6,199,122,12,134,333
10/27/2005,ANE,MN,AGL,CE,Federal Contract Tower,0,7,38,0,45,0,2,161,0,163,0,9,199,0,208,198,0,198,406
10/28/2005,ANE,MN,AGL,CE,Federal Contract Tower,0,7,27,0,34,0,2,143,0,145,0,9,170,0,179,46,0,46,225
10/29/2005,ANE,MN,AGL,CE,Federal Contract Tower,0,1,21,0,22,0,0,112,0,112,0,1,133,0,134,100,0,100,234
10/30/2005,ANE,MN,AGL,CE,Federal Contract Tower,0,0,16,0,16,0,0,5,0,5,0,0,21,0,21,8,0,8,29
10/31/2005,ANE,MN,AGL,CE,Federal Contract Tower,0,8,30,0,38,0,3,85,2,90,0,11,115,2,128,42,2,44,172
11/01/2005,ANE,MN,AGL,CE,Federal Contract Tower,0,10,35,0,45,0,4,119,0,123,0,14,154,0,168,142,2,144,312
11/02/2005,ANE,MN,AGL,CE,Federal Contract Tower,0,9,39,0,48,0,2,121,2,125,0,11,160,2,173,86,2,88,261
11/03/2005,ANE,MN,AGL,CE,Federal Contract Tower,0,10,32,0,42,0,0,99,0,99,0,10,131,0,141,122,0,122,263
11/04/2005,ANE,MN,AGL,CE,Federal Contract Tower,0,11,36,0,47,0,4,83,0,87,0,15,119,0,134,70,0,70,204
11/05/2005,ANE,MN,AGL,CE,Federal Contract Tower,0,0,12,0,12,0,0,138,0,138,0,0,150,0,150,198,2,200,350
11/06/2005,ANE,MN,AGL,CE,Federal Contract Tower,0,0,24,0,24,0,0,67,0,67,0,0,91,0,91,92,0,92,183
11/07/2005,ANE,MN,AGL,CE,Federal Contract Tower,0,8,33,0,41,0,0,151,0,151,0,8,184,0,192,232,0,232,424
11/08/2005,ANE,MN,AGL,CE,Federal Contract Tower,0,10,32,0,42,0,2,118,2,122,0,12,150,2,164,114,0,114,278
11/09/2005,ANE,MN,AGL,CE,Federal Contract Tower,0,16,29,0,45,0,2,15,0,17,0,18,44,0,62,4,4,8,70
11/10/2005,ANE,MN,AGL,CE,Federal Contract Tower,0,6,30,0,36,0,0,91,1,92,0,6,121,1,128,86,0,86,214
11/11/2005,ANE,MN,AGL,CE,Federal Contract Tower,0,9,39,0,48,0,0,207,0,207,0,9,246,0,255,138,0,138,393
11/12/2005,ANE,MN,AGL,CE,Federal Contract Tower,0,2,15,0,17,0,0,106,0,106,0,2,121,0,123,80,0,80,203
11/13/2005,ANE,MN,AGL,CE,Federal Contract Tower,0,0,12,0,12,0,0,28,0,28,0,0,40,0,40,20,0,20,60
11/14/2005,ANE,MN,AGL,CE,Federal Contract Tower,0,11,23,0,34,0,0,53,0,53,0,11,76,0,87,40,0,40,127
11/15/2005,ANE,MN,AGL,CE,Federal Contract Tower,0,7,20,0,27,0,0,0,0,0,0,7,20,0,27,6,0,6,33
11/16/2005,ANE,MN,AGL,CE,Federal Contract Tower,0,15,25,0,40,0,3,15,6,24,0,18,40,6,64,12,10,22,86
11/17/2005,ANE,MN,AGL,CE,Federal Contract Tower,0,8,37,0,45,0,2,61,0,63,0,10,98,0,108,50,0,50,158
11/18/2005,ANE,MN,AGL,CE,Federal Contract Tower,0,6,23,0,29,0,0,84,0,84,0,6,107,0,113,86,0,86,199
11/19/2005,ANE,MN,AGL,CE,Federal Contract Tower,0,4,20,0,24,0,0,70,4,74,0,4,90,4,98,104,0,104,202
11/20/2005,ANE,MN,AGL,CE,Federal Contract Tower,0,0,18,0,18,0,0,57,0,57,0,0,75,0,75,80,2,82,157
11/21/2005,ANE,MN,AGL,CE,Federal Contract Tower,0,13,24,0,37,0,0,91,2,93,0,13,115,2,130,42,2,44,174
11/22/2005,ANE,MN,AGL,CE,Federal Contract Tower,0,14,54,0,68,0,0,136,2,138,0,14,190,2,206,152,2,154,360
11/23/2005,ANE,MN,AGL,CE,Federal Contract Tower,0,11,15,0,26,0,0,23,0,23,0,11,38,0,49,8,2,10,59
11/24/2005,ANE,MN,AGL,CE,Federal Contract Tower,0,1,8,0,9,0,1,8,0,9,0,2,16,0,18,2,0,2,20
11/25/2005,ANE,MN,AGL,CE,Federal Contract Tower,0,10,12,0,22,0,1,5,0,6,0,11,17,0,28,0,0,0,28
11/26/2005,ANE,MN,AGL,CE,Federal Contract Tower,0,0,34,0,34,0,2,150,0,152,0,2,184,0,186,118,0,118,304
11/27/2005,ANE,MN,AGL,CE,Federal Contract Tower,0,0,4,0,4,0,0,0,0,0,0,0,4,0,4,2,0,2,6
11/28/2005,ANE,MN,AGL,CE,Federal Contract Tower,0,4,16,0,20,0,0,13,0,13,0,4,29,0,33,28,0,28,61
11/29/2005,ANE,MN,AGL,CE,Federal Contract Tower,0,13,32,0,45,0,0,56,0,56,0,13,88,0,101,42,0,42,143
11/30/2005,ANE,MN,AGL,CE,Federal Contract Tower,0,14,20,0,34,0,0,45,0,45,0,14,65,0,79,62,0,62,141
12/01/2005,ANE,MN,AGL,CE,Federal Contract Tower,0,10,24,0,34,0,0,29,2,31,0,10,53,2,65,6,2,8,73
12/02/2005,ANE,MN,AGL,CE,Federal Contract Tower,0,12,37,0,49,0,1,85,0,86,0,13,122,0,135,126,0,126,261
12/03/2005,ANE,MN,AGL,CE,Federal Contract Tower,0,0,7,0,7,0,0,0,0,0,0,0,7,0,7,0,0,0,7
12/04/2005,ANE,MN,AGL,CE,Federal Contract Tower,0,0,16,0,16,0,0,106,0,106,0,0,122,0,122,52,0,52,174
12/05/2005,ANE,MN,AGL,CE,Federal Contract Tower,0,9,29,0,38,0,1,77,0,78,0,10,106,0,116,34,0,34,150
12/06/2005,ANE,MN,AGL,CE,Federal Contract Tower,0,15,22,0,37,0,0,22,0,22,0,15,44,0,59,38,0,38,97
12/07/2005,ANE,MN,AGL,CE,Federal Contract Tower,0,15,32,0,47,0,4,69,6,79,0,19,101,6,126,54,0,54,180
12/08/2005,ANE,MN,AGL,CE,Federal Contract Tower,0,13,25,0,38,0,3,63,4,70,0,16,88,4,108,72,0,72,180
12/09/2005,ANE,MN,AGL,CE,Federal Contract Tower,0,12,40,0,52,0,1,44,0,45,0,13,84,0,97,64,0,64,161
12/10/2005,ANE,MN,AGL,CE,Federal Contract Tower,0,1,17,0,18,0,0,57,0,57,0,1,74,0,75,114,0,114,189
12/11/2005,ANE,MN,AGL,CE,Federal Contract Tower,0,2,20,0,22,0,2,117,0,119,0,4,137,0,141,100,0,100,241
12/12/2005,ANE,MN,AGL,CE,Federal Contract Tower,0,12,36,0,48,0,0,18,0,18,0,12,54,0,66,16,0,16,82
12/13/2005,ANE,MN,AGL,CE,Federal Contract Tower,0,16,34,0,50,0,0,4,0,4,0,16,38,0,54,4,0,4,58
12/14/2005,ANE,MN,AGL,CE,Federal Contract Tower,0,13,21,0,34,0,0,0,0,0,0,13,21,0,34,0,0,0,34
12/15/2005,ANE,MN,AGL,CE,Federal Contract Tower,0,13,18,0,31,0,0,7,2,9,0,13,25,2,40,0,14,14,54
12/16/2005,ANE,MN,AGL,CE,Federal Contract Tower,0,10,26,0,36,0,3,20,0,23,0,13,46,0,59,16,0,16,75
12/17/2005,ANE,MN,AGL,CE,Federal Contract Tower,0,3,12,0,15,0,0,71,0,71,0,3,83,0,86,52,0,52,138
12/18/2005,ANE,MN,AGL,CE,Federal Contract Tower,0,0,15,0,15,0,0,87,0,87,0,0,102,0,102,68,0,68,170
12/19/2005,ANE,MN,AGL,CE,Federal Contract Tower,0,10,28,0,38,0,2,33,0,35,0,12,61,0,73,10,0,10,83
12/20/2005,ANE,MN,AGL,CE,Federal Contract Tower,0,10,29,0,39,0,0,10,8,18,0,10,39,8,57,8,4,12,69
12/21/2005,ANE,MN,AGL,CE,Federal Contract Tower,0,16,29,0,45,0,1,53,4,58,0,17,82,4,103,110,0,110,213
12/22/2005,ANE,MN,AGL,CE,Federal Contract Tower,0,12,39,0,51,0,2,178,0,180,0,14,217,0,231,220,4,224,455
12/23/2005,ANE,MN,AGL,CE,Federal Contract Tower,0,15,24,0,39,0,0,101,0,101,0,15,125,0,140,122,0,122,262
12/24/2005,ANE,MN,AGL,CE,Federal Contract Tower,0,1,3,0,4,0,0,7,0,7,0,1,10,0,11,0,0,0,11
12/25/2005,ANE,MN,AGL,CE,Federal Contract Tower,0,0,5,0,5,0,0,3,0,3,0,0,8,0,8,4,0,4,12
12/26/2005,ANE,MN,AGL,CE,Federal Contract Tower,0,1,14,0,15,0,0,15,0,15,0,1,29,0,30,30,0,30,60
12/27/2005,ANE,MN,AGL,CE,Federal Contract Tower,0,7,17,0,24,0,0,0,0,0,0,7,17,0,24,0,0,0,24
12/28/2005,ANE,MN,AGL,CE,Federal Contract Tower,0,10,20,0,30,0,0,41,0,41,0,10,61,0,71,94,0,94,165
12/29/2005,ANE,MN,AGL,CE,Federal Contract Tower,0,8,25,0,33,0,2,27,2,31,0,10,52,2,64,4,8,12,76
12/30/2005,ANE,MN,AGL,CE,Federal Contract Tower,0,8,5,0,13,0,0,0,0,0,0,8,5,0,13,0,0,0,13
12/31/2005,ANE,MN,AGL,CE,Federal Contract Tower,0,3,9,0,12,0,0,38,0,38,0,3,47,0,50,42,0,42,92
01/01/2006,ANE,MN,AGL,CE,Federal Contract Tower,0,1,5,0,6,0,0,0,0,0,0,1,5,0,6,0,0,0,6
01/02/2006,ANE,MN,AGL,CE,Federal Contract Tower,0,1,16,0,17,0,3,9,0,12,0,4,25,0,29,2,0,2,31
01/03/2006,ANE,MN,AGL,CE,Federal Contract Tower,0,17,11,0,28,0,0,0,0,0,0,17,11,0,28,0,0,0,28
01/04/2006,ANE,MN,AGL,CE,Federal Contract Tower,0,10,16,0,26,0,0,2,0,2,0,10,18,0,28,4,0,4,32
01/05/2006,ANE,MN,AGL,CE,Federal Contract Tower,0,11,24,0,35,0,0,58,2,60,0,11,82,2,95,132,2,134,229
01/06/2006,ANE,MN,AGL,CE,Federal Contract Tower,0,14,29,0,43,0,1,42,0,43,0,15,71,0,86,46,2,48,134
01/07/2006,ANE,MN,AGL,CE,Federal Contract Tower,0,0,24,0,24,0,0,212,0,212,0,0,236,0,236,148,4,152,388
01/08/2006,ANE,MN,AGL,CE,Federal Contract Tower,0,3,9,0,12,0,0,50,0,50,0,3,59,0,62,84,0,84,146
01/09/2006,ANE,MN,AGL,CE,Federal Contract Tower,0,7,34,0,41,0,0,101,0,101,0,7,135,0,142,202,0,202,344
01/10/2006,ANE,MN,AGL,CE,Federal Contract Tower,0,9,22,0,31,0,0,109,4,113,0,9,131,4,144,86,0,86,230
01/11/2006,ANE,MN,AGL,CE,Federal Contract Tower,0,8,29,0,37,0,2,143,0,145,0,10,172,0,182,186,0,186,368
01/12/2006,ANE,MN,AGL,CE,Federal Contract Tower,0,6,18,1,25,0,2,72,3,77,0,8,90,4,102,56,2,58,160
01/13/2006,ANE,MN,AGL,CE,Federal Contract Tower,0,15,24,0,39,0,2,102,4,108,0,17,126,4,147,104,0,104,251
01/14/2006,ANE,MN,AGL,CE,Federal Contract Tower,0,1,26,0,27,0,0,228,0,228,0,1,254,0,255,102,0,102,357
01/15/2006,ANE,MN,AGL,CE,Federal Contract Tower,0,0,9,0,9,0,0,137,2,139,0,0,146,2,148,82,0,82,230
01/16/2006,ANE,MN,AGL,CE,Federal Contract Tower,0,6,12,0,18,0,0,5,0,5,0,6,17,0,23,0,0,0,23
01/17/2006,ANE,MN,AGL,CE,Federal Contract Tower,0,11,26,0,37,0,3,65,0,68,0,14,91,0,105,74,0,74,179
01/18/2006,ANE,MN,AGL,CE,Federal Contract Tower,0,12,40,0,52,0,2,101,0,103,0,14,141,0,155,70,4,74,229
01/19/2006,ANE,MN,AGL,CE,Federal Contract Tower,0,8,22,0,30,0,2,11,6,19,0,10,33,6,49,38,8,46,95
01/20/2006,ANE,MN,AGL,CE,Federal Contract Tower,0,9,20,0,29,0,2,140,0,142,0,11,160,0,171,110,0,110,281
01/21/2006,ANE,MN,AGL,CE,Federal Contract Tower,0,0,15,0,15,0,0,93,0,93,0,0,108,0,108,120,0,120,228
01/22/2006,ANE,MN,AGL,CE,Federal Contract Tower,0,0,19,0,19,0,0,93,0,93,0,0,112,0,112,166,2,168,280
01/23/2006,ANE,MN,AGL,CE,Federal Contract Tower,0,12,18,0,30,0,0,72,0,72,0,12,90,0,102,148,0,148,250
01/24/2006,ANE,MN,AGL,CE,Federal Contract Tower,0,7,18,0,25,0,2,19,0,21,0,9,37,0,46,2,0,2,48
01/25/2006,ANE,MN,AGL,CE,Federal Contract Tower,0,8,39,0,47,0,0,163,0,163,0,8,202,0,210,140,0,140,350
01/26/2006,ANE,MN,AGL,CE,Federal Contract Tower,0,13,36,0,49,0,0,66,0,66,0,13,102,0,115,86,0,86,201
01/27/2006,ANE,MN,AGL,CE,Federal Contract Tower,0,7,33,0,40,0,2,147,0,149,0,9,180,0,189,176,0,176,365
01/28/2006,ANE,MN,AGL,CE,Federal Contract Tower,0,0,16,0,16,0,0,79,0,79,0,0,95,0,95,112,0,112,207
01/29/2006,ANE,MN,AGL,CE,Federal Contract Tower,0,0,10,0,10,0,0,0,0,0,0,0,10,0,10,0,0,0,10
01/30/2006,ANE,MN,AGL,CE,Federal Contract Tower,0,7,27,0,34,0,0,110,0,110,0,7,137,0,144,110,0,110,254
01/31/2006,ANE,MN,AGL,CE,Federal Contract Tower,0,11,36,0,47,0,2,75,2,79,0,13,111,2,126,86,2,88,214
02/01/2006,ANE,MN,AGL,CE,Federal Contract Tower,0,9,23,0,32,0,0,89,0,89,0,9,112,0,121,122,2,124,245
02/02/2006,ANE,MN,AGL,CE,Federal Contract Tower,0,9,34,0,43,0,2,67,0,69,0,11,101,0,112,30,0,30,142
02/03/2006,ANE,MN,AGL,CE,Federal Contract Tower,0,13,25,0,38,0,0,19,0,19,0,13,44,0,57,14,0,14,71
02/04/2006,ANE,MN,AGL,CE,Federal Contract Tower,0,0,19,0,19,0,0,161,0,161,0,0,180,0,180,164,0,164,344
02/05/2006,ANE,MN,AGL,CE,Federal Contract Tower,0,0,20,0,20,0,0,123,0,123,0,0,143,0,143,168,0,168,311
02/06/2006,ANE,MN,AGL,CE,Federal Contract Tower,0,11,25,0,36,0,2,135,0,137,0,13,160,0,173,172,0,172,345
02/07/2006,ANE,MN,AGL,CE,Federal Contract Tower,0,12,19,0,31,0,2,72,0,74,0,14,91,0,105,92,0,92,197
02/08/2006,ANE,MN,AGL,CE,Federal Contract Tower,0,11,17,0,28,0,4,131,0,135,0,15,148,0,163,110,0,110,273
02/09/2006,ANE,MN,AGL,CE,Federal Contract Tower,0,12,34,0,46,0,2,36,0,38,0,14,70,0,84,34,0,34,118
02/10/2006,ANE,MN,AGL,CE,Federal Contract Tower,0,12,20,0,32,0,0,70,0,70,0,12,90,0,102,90,0,90,192
02/11/2006,ANE,MN,AGL,CE,Federal Contract Tower,0,0,9,0,9,0,0,126,0,126,0,0,135,0,135,130,0,130,265
02/12/2006,ANE,MN,AGL,CE,Federal Contract Tower,0,2,22,0,24,0,0,97,0,97,0,2,119,0,121,132,0,132,253
02/13/2006,ANE,MN,AGL,CE,Federal Contract Tower,0,9,26,0,35,0,2,141,0,143,0,11,167,0,178,162,0,162,340
02/14/2006,ANE,MN,AGL,CE,Federal Contract Tower,0,8,18,0,26,0,4,85,0,89,0,12,103,0,115,88,0,88,203
02/15/2006,ANE,MN,AGL,CE,Federal Contract Tower,0,8,19,0,27,0,2,55,2,59,0,10,74,2,86,76,0,76,162
02/16/2006,ANE,MN,AGL,CE,Federal Contract Tower,0,12,20,0,32,0,2,22,0,24,0,14,42,0,56,46,0,46,102
02/17/2006,ANE,MN,AGL,CE,Federal Contract Tower,0,8,24,0,32,0,0,17,0,17,0,8,41,0,49,8,0,8,57
02/18/2006,ANE,MN,AGL,CE,Federal Contract Tower,0,0,9,0,9,0,0,45,0,45,0,0,54,0,54,36,0,36,90
02/19/2006,ANE,MN,AGL,CE,Federal Contract Tower,0,0,15,0,15,0,0,100,0,100,0,0,115,0,115,24,0,24,139
02/20/2006,ANE,MN,AGL,CE,Federal Contract Tower,0,7,25,0,32,0,4,107,0,111,0,11,132,0,143,138,0,138,281
02/21/2006,ANE,MN,AGL,CE,Federal Contract Tower,0,15,31,0,46,0,0,111,0,111,0,15,142,0,157,82,0,82,239
02/22/2006,ANE,MN,AGL,CE,Federal Contract Tower,0,10,35,0,45,0,4,76,0,80,0,14,111,0,125,96,0,96,221
02/23/2006,ANE,MN,AGL,CE,Federal Contract Tower,0,9,23,0,32,0,2,82,0,84,0,11,105,0,116,76,0,76,192
02/24/2006,ANE,MN,AGL,CE,Federal Contract Tower,0,9,30,0,39,0,2,76,0,78,0,11,106,0,117,144,0,144,261
02/25/2006,ANE,MN,AGL,CE,Federal Contract Tower,0,0,20,0,20,0,2,171,0,173,0,2,191,0,193,210,0,210,403
02/26/2006,ANE,MN,AGL,CE,Federal Contract Tower,0,1,15,0,16,0,2,122,6,130,0,3,137,6,146,168,8,176,322
02/27/2006,ANE,MN,AGL,CE,Federal Contract Tower,0,8,27,0,35,0,0,100,0,100,0,8,127,0,135,58,0,58,193
02/28/2006,ANE,MN,AGL,CE,Federal Contract Tower,0,10,19,0,29,0,0,73,0,73,0,10,92,0,102,58,0,58,160
03/01/2006,ANE,MN,AGL,CE,Federal Contract Tower,0,9,23,0,32,0,0,37,0,37,0,9,60,0,69,28,0,28,97
03/02/2006,ANE,MN,AGL,CE,Federal Contract Tower,0,10,25,0,35,0,1,76,0,77,0,11,101,0,112,86,2,88,200
03/03/2006,ANE,MN,AGL,CE,Federal Contract Tower,0,16,18,0,34,0,0,157,0,157,0,16,175,0,191,94,0,94,285
03/04/2006,ANE,MN,AGL,CE,Federal Contract Tower,0,1,13,0,14,0,0,169,0,169,0,1,182,0,183,126,0,126,309
03/05/2006,ANE,MN,AGL,CE,Federal Contract Tower,0,1,2,0,3,0,0,0,0,0,0,1,2,0,3,2,0,2,5
03/06/2006,ANE,MN,AGL,CE,Federal Contract Tower,0,10,32,0,42,0,2,104,0,106,0,12,136,0,148,166,0,166,314
03/07/2006,ANE,MN,AGL,CE,Federal Contract Tower,0,11,25,0,36,0,0,67,2,69,0,11,92,2,105,76,0,76,181
03/08/2006,ANE,MN,AGL,CE,Federal Contract Tower,0,10,25,0,35,0,0,6,0,6,0,10,31,0,41,0,0,0,41
03/09/2006,ANE,MN,AGL,CE,Federal Contract Tower,0,10,28,0,38,0,1,126,0,127,0,11,154,0,165,162,0,162,327
03/10/2006,ANE,MN,AGL,CE,Federal Contract Tower,0,7,21,0,28,0,1,140,0,141,0,8,161,0,169,100,0,100,269
03/11/2006,ANE,MN,AGL,CE,Federal Contract Tower,0,2,11,0,13,0,0,80,0,80,0,2,91,0,93,76,0,76,169
03/12/2006,ANE,MN,AGL,CE,Federal Contract Tower,0,0,21,0,21,0,0,98,0,98,0,0,119,0,119,176,0,176,295
03/13/2006,ANE,MN,AGL,CE,Federal Contract Tower,0,8,9,0,17,0,0,2,0,2,0,8,11,0,19,0,0,0,19
03/14/2006,ANE,MN,AGL,CE,Federal Contract Tower,0,9,23,0,32,0,3,69,0,72,0,12,92,0,104,32,0,32,136
03/15/2006,ANE,MN,AGL,CE,Federal Contract Tower,0,14,34,0,48,0,0,87,0,87,0,14,121,0,135,172,2,174,309
03/16/2006,ANE,MN,AGL,CE,Federal Contract Tower,0,10,17,0,27,0,1,17,0,18,0,11,34,0,45,70,2,72,117
03/17/2006,ANE,MN,AGL,CE,Federal Contract Tower,0,10,24,0,34,0,4,147,0,151,0,14,171,0,185,200,0,200,385
03/18/2006,ANE,MN,AGL,CE,Federal Contract Tower,0,0,19,0,19,0,0,208,0,208,0,0,227,0,227,232,0,232,459
03/19/2006,ANE,MN,AGL,CE,Federal Contract Tower,0,0,20,2,22,0,0,137,26,163,0,0,157,28,185,168,4,172,357
03/20/2006,ANE,MN,AGL,CE,Federal Contract Tower,0,9,18,0,27,0,2,78,0,80,0,11,96,0,107,26,0,26,133
03/21/2006,ANE,MN,AGL,CE,Federal Contract Tower,0,9,24,0,33,0,2,85,0,87,0,11,109,0,120,144,0,144,264
03/22/2006,ANE,MN,AGL,CE,Federal Contract Tower,0,15,31,0,46,0,1,93,0,94,0,16,124,0,140,124,0,124,264
03/23/2006,ANE,MN,AGL,CE,Federal Contract Tower,0,7,20,0,27,0,0,41,0,41,0,7,61,0,68,182,0,182,250
03/24/2006,ANE,MN,AGL,CE,Federal Contract Tower,0,10,32,0,42,0,0,81,0,81,0,10,113,0,123,186,0,186,309
03/25/2006,ANE,MN,AGL,CE,Federal Contract Tower,0,1,16,0,17,0,4,164,0,168,0,5,180,0,185,230,0,230,415
03/26/2006,ANE,MN,AGL,CE,Federal Contract Tower,0,0,36,0,36,0,2,181,0,183,0,2,217,0,219,166,0,166,385
03/27/2006,ANE,MN,AGL,CE,Federal Contract Tower,0,6,28,0,34,0,2,38,0,40,0,8,66,0,74,144,0,144,218
03/28/2006,ANE,MN,AGL,CE,Federal Contract Tower,0,10,33,0,43,0,0,99,0,99,0,10,132,0,142,194,0,194,336
03/29/2006,ANE,MN,AGL,CE,Federal Contract Tower,0,8,42,0,50,0,1,72,12,85,0,9,114,12,135,76,2,78,213
03/30/2006,ANE,MN,AGL,CE,Federal Contract Tower,0,5,13,0,18,0,0,38,8,46,0,5,51,8,64,54,20,74,138
03/31/2006,ANE,MN,AGL,CE,Federal Contract Tower,0,8,23,0,31,0,0,0,0,0,0,8,23,0,31,20,0,20,51
04/01/2006,ANE,MN,AGL,CE,Federal Contract Tower,0,5,34,0,39,0,0,143,2,145,0,5,177,2,184,170,2,172,356
04/02/2006,ANE,MN,AGL,CE,Federal Contract Tower,0,0,12,0,12,0,0,0,0,0,0,0,12,0,12,4,0,4,16
04/03/2006,ANE,MN,AGL,CE,Federal Contract Tower,0,11,21,0,32,0,1,115,0,116,0,12,136,0,148,104,0,104,252
04/04/2006,ANE,MN,AGL,CE,Federal Contract Tower,0,11,35,0,46,0,2,174,0,176,0,13,209,0,222,204,0,204,426
04/05/2006,ANE,MN,AGL,CE,Federal Contract Tower,0,9,29,0,38,0,1,101,0,102,0,10,130,0,140,128,4,132,272
04/06/2006,ANE,MN,AGL,CE,Federal Contract Tower,0,11,23,0,34,0,0,37,0,37,0,11,60,0,71,56,0,56,127
04/07/2006,ANE,MN,AGL,CE,Federal Contract Tower,0,10,24,0,34,0,4,89,4,97,0,14,113,4,131,88,4,92,223
04/08/2006,ANE,MN,AGL,CE,Federal Contract Tower,0,2,18,0,20,0,0,223,0,223,0,2,241,0,243,214,0,214,457
04/09/2006,ANE,MN,AGL,CE,Federal Contract Tower,0,1,17,0,18,0,0,170,0,170,0,1,187,0,188,134,2,136,324
04/10/2006,ANE,MN,AGL,CE,Federal Contract Tower,0,8,24,0,32,0,4,156,0,160,0,12,180,0,192,208,0,208,400
04/11/2006,ANE,MN,AGL,CE,Federal Contract Tower,0,9,27,0,36,0,1,76,0,77,0,10,103,0,113,136,0,136,249
04/12/2006,ANE,MN,AGL,CE,Federal Contract Tower,0,9,42,0,51,0,6,164,6,176,0,15,206,6,227,180,6,186,413
04/13/2006,ANE,MN,AGL,CE,Federal Contract Tower,0,16,35,0,51,0,2,112,0,114,0,18,147,0,165,140,2,142,307
04/14/2006,ANE,MN,AGL,CE,Federal Contract Tower,0,10,21,0,31,0,6,158,0,164,0,16,179,0,195,124,0,124,319
04/15/2006,ANE,MN,AGL,CE,Federal Contract Tower,0,0,17,0,17,0,0,162,0,162,0,0,179,0,179,110,0,110,289
04/16/2006,ANE,MN,AGL,CE,Federal Contract Tower,0,1,8,0,9,0,0,52,0,52,0,1,60,0,61,16,0,16,77
04/17/2006,ANE,MN,AGL,CE,Federal Contract Tower,0,13,32,0,45,0,1,121,0,122,0,14,153,0,167,98,0,98,265
04/18/2006,ANE,MN,AGL,CE,Federal Contract Tower,0,10,25,0,35,0,1,106,0,107,0,11,131,0,142,36,0,36,178
04/19/2006,ANE,MN,AGL,CE,Federal Contract Tower,0,18,57,0,75,0,0,142,2,144,0,18,199,2,219,194,6,200,419
04/20/2006,ANE,MN,AGL,CE,Federal Contract Tower,0,10,34,0,44,0,0,67,0,67,0,10,101,0,111,106,8,114,225
04/21/2006,ANE,MN,AGL,CE,Federal Contract Tower,0,8,35,0,43,0,2,79,2,83,0,10,114,2,126,96,8,104,230
04/22/2006,ANE,MN,AGL,CE,Federal Contract Tower,0,2,31,0,33,0,0,174,0,174,0,2,205,0,207,112,0,112,319
04/23/2006,ANE,MN,AGL,CE,Federal Contract Tower,0,0,22,0,22,0,0,265,0,265,0,0,287,0,287,160,2,162,449
04/24/2006,ANE,MN,AGL,CE,Federal Contract Tower,0,11,29,0,40,0,1,105,0,106,0,12,134,0,146,178,0,178,324
04/25/2006,ANE,MN,AGL,CE,Federal Contract Tower,0,8,32,0,40,0,3,199,8,210,0,11,231,8,250,222,0,222,472
04/26/2006,ANE,MN,AGL,CE,Federal Contract Tower,0,11,31,0,42,0,6,153,0,159,0,17,184,0,201,174,0,174,375
04/27/2006,ANE,MN,AGL,CE,Federal Contract Tower,0,7,50,0,57,0,3,188,0,191,0,10,238,0,248,156,0,156,404
04/28/2006,ANE,MN,AGL,CE,Federal Contract Tower,0,9,35,0,44,0,0,33,0,33,0,9,68,0,77,34,0,34,111
04/29/2006,ANE,MN,AGL,CE,Federal Contract Tower,0,0,9,0,9,0,4,14,0,18,0,4,23,0,27,16,0,16,43
04/30/2006,ANE,MN,AGL,CE,Federal Contract Tower,0,0,16,0,16,0,0,1,0,1,0,0,17,0,17,2,0,2,19
05/01/2006,ANE,MN,AGL,CE,Federal Contract Tower,0,12,27,0,39,0,0,33,0,33,0,12,60,0,72,44,0,44,116
05/02/2006,ANE,MN,AGL,CE,Federal Contract Tower,0,10,32,0,42,0,6,173,2,181,0,16,205,2,223,186,6,192,415
05/03/2006,ANE,MN,AGL,CE,Federal Contract Tower,0,7,25,0,32,0,0,86,2,88,0,7,111,2,120,62,2,64,184
05/04/2006,ANE,MN,AGL,CE,Federal Contract Tower,0,11,32,0,43,0,4,128,0,132,0,15,160,0,175,130,4,134,309
05/05/2006,ANE,MN,AGL,CE,Federal Contract Tower,0,10,24,0,34,0,2,155,0,157,0,12,179,0,191,92,0,92,283
05/06/2006,ANE,MN,AGL,CE,Federal Contract Tower,0,2,17,0,19,0,0,148,0,148,0,2,165,0,167,118,0,118,285
05/07/2006,ANE,MN,AGL,CE,Federal Contract Tower,0,1,20,0,21,0,0,152,0,152,0,1,172,0,173,222,0,222,395
05/08/2006,ANE,MN,AGL,CE,Federal Contract Tower,0,8,25,0,33,0,0,74,2,76,0,8,99,2,109,92,0,92,201
05/09/2006,ANE,MN,AGL,CE,Federal Contract Tower,0,9,20,0,29,0,3,88,4,95,0,12,108,4,124,150,2,152,276
05/10/2006,ANE,MN,AGL,CE,Federal Contract Tower,0,14,40,0,54,0,3,80,4,87,0,17,120,4,141,80,6,86,227
05/11/2006,ANE,MN,AGL,CE,Federal Contract Tower,0,12,18,0,30,0,1,93,2,96,0,13,111,2,126,52,0,52,178
05/12/2006,ANE,MN,AGL,CE,Federal Contract Tower,0,9,15,0,24,0,0,15,0,15,0,9,30,0,39,16,0,16,55
05/13/2006,ANE,MN,AGL,CE,Federal Contract Tower,0,2,17,0,19,0,0,91,0,91,0,2,108,0,110,40,0,40,150
05/14/2006,ANE,MN,AGL,CE,Federal Contract Tower,0,1,14,0,15,0,0,47,0,47,0,1,61,0,62,48,0,48,110
05/15/2006,ANE,MN,AGL,CE,Federal Contract Tower,0,8,30,0,38,0,7,122,0,129,0,15,152,0,167,148,0,148,315
05/16/2006,ANE,MN,AGL,CE,Federal Contract Tower,0,11,24,0,35,0,2,154,0,156,0,13,178,0,191,108,2,110,301
05/17/2006,ANE,MN,AGL,CE,Federal Contract Tower,0,8,30,0,38,0,5,88,0,93,0,13,118,0,131,34,0,34,165
05/18/2006,ANE,MN,AGL,CE,Federal Contract Tower,0,11,40,0,51,0,2,161,2,165,0,13,201,2,216,180,8,188,404
05/19/2006,ANE,MN,AGL,CE,Federal Contract Tower,0,12,37,0,49,0,1,158,2,161,0,13,195,2,210,144,26,170,380
05/20/2006,ANE,MN,AGL,CE,Federal Contract Tower,0,3,14,0,17,0,0,242,0,242,0,3,256,0,259,144,0,144,403
05/21/2006,ANE,MN,AGL,CE,Federal Contract Tower,0,1,25,0,26,0,5,350,0,355,0,6,375,0,381,236,6,242,623
05/22/2006,ANE,MN,AGL,CE,Federal Contract Tower,0,3,21,0,24,0,2,240,0,242,0,5,261,0,266,256,0,256,522
05/23/2006,ANE,MN,AGL,CE,Federal Contract Tower,0,0,0,0,0,0,2,13,6,21,0,2,13,6,21,32,8,40,61
05/24/2006,ANE,MN,AGL,CE,Federal Contract Tower,0,0,2,0,2,0,0,10,0,10,0,0,12,0,12,0,0,0,12
05/25/2006,ANE,MN,AGL,CE,Federal Contract Tower,0,0,0,0,0,0,0,2,0,2,0,0,2,0,2,0,0,0,2
05/26/2006,ANE,MN,AGL,CE,Federal Contract Tower,0,5,33,0,38,0,0,149,0,149,0,5,182,0,187,134,14,148,335
05/27/2006,ANE,MN,AGL,CE,Federal Contract Tower,0,0,21,0,21,0,0,92,0,92,0,0,113,0,113,140,0,140,253
05/28/2006,ANE,MN,AGL,CE,Federal Contract Tower,0,0,8,0,8,0,2,65,0,67,0,2,73,0,75,38,0,38,113
05/29/2006,ANE,MN,AGL,CE,Federal Contract Tower,0,1,26,0,27,0,2,128,0,130,0,3,154,0,157,94,0,94,251
05/30/2006,ANE,MN,AGL,CE,Federal Contract Tower,0,11,29,0,40,0,3,146,0,149,0,14,175,0,189,128,0,128,317
05/31/2006,ANE,MN,AGL,CE,Federal Contract Tower,0,10,26,0,36,0,3,139,4,146,0,13,165,4,182,120,12,132,314
06/01/2006,ANE,MN,AGL,CE,Federal Contract Tower,0,8,25,0,33,0,0,119,0,119,0,8,144,0,152,174,0,174,326
06/02/2006,ANE,MN,AGL,CE,Federal Contract Tower,0,8,27,0,35,0,3,176,0,179,0,11,203,0,214,172,0,172,386
06/03/2006,ANE,MN,AGL,CE,Federal Contract Tower,0,0,15,0,15,0,0,228,0,228,0,0,243,0,243,198,0,198,441
06/04/2006,ANE,MN,AGL,CE,Federal Contract Tower,0,2,16,0,18,0,0,111,0,111,0,2,127,0,129,134,0,134,263
06/05/2006,ANE,MN,AGL,CE,Federal Contract Tower,0,12,19,0,31,0,2,98,2,102,0,14,117,2,133,94,6,100,233
06/06/2006,ANE,MN,AGL,CE,Federal Contract Tower,0,10,41,0,51,0,2,135,0,137,0,12,176,0,188,120,0,120,308
06/07/2006,ANE,MN,AGL,CE,Federal Contract Tower,0,11,38,0,49,0,1,181,2,184,0,12,219,2,233,212,0,212,445
06/08/2006,ANE,MN,AGL,CE,Federal Contract Tower,0,11,33,0,44,0,1,147,0,148,0,12,180,0,192,220,4,224,416
06/09/2006,ANE,MN,AGL,CE,Federal Contract Tower,0,10,27,0,37,0,1,59,0,60,0,11,86,0,97,30,0,30,127
06/10/2006,ANE,MN,AGL,CE,Federal Contract Tower,0,2,15,0,17,0,0,105,8,113,0,2,120,8,130,96,4,100,230
06/11/2006,ANE,MN,AGL,CE,Federal Contract Tower,0,2,23,0,25,0,3,155,0,158,0,5,178,0,183,142,0,142,325
06/12/2006,ANE,MN,AGL,CE,Federal Contract Tower,0,6,24,0,30,0,0,131,0,131,0,6,155,0,161,76,0,76,237
06/13/2006,ANE,MN,AGL,CE,Federal Contract Tower,0,12,41,0,53,0,0,125,4,129,0,12,166,4,182,214,0,214,396
06/14/2006,ANE,MN,AGL,CE,Federal Contract Tower,0,9,31,0,40,0,0,131,2,133,0,9,162,2,173,188,0,188,361
06/15/2006,ANE,MN,AGL,CE,Federal Contract Tower,0,7,36,0,43,0,0,115,0,115,0,7,151,0,158,170,0,170,328
06/16/2006,ANE,MN,AGL,CE,Federal Contract Tower,0,4,41,0,45,0,1,87,0,88,0,5,128,0,133,72,0,72,205
06/17/2006,ANE,MN,AGL,CE,Federal Contract Tower,0,0,8,0,8,0,2,115,0,117,0,2,123,0,125,202,0,202,327
06/18/2006,ANE,MN,AGL,CE,Federal Contract Tower,0,3,27,0,30,0,2,189,0,191,0,5,216,0,221,164,0,164,385
06/19/2006,ANE,MN,AGL,CE,Federal Contract Tower,0,9,33,0,42,0,0,136,0,136,0,9,169,0,178,184,0,184,362
06/20/2006,ANE,MN,AGL,CE,Federal Contract Tower,0,14,29,0,43,0,1,120,0,121,0,15,149,0,164,78,0,78,242
06/21/2006,ANE,MN,AGL,CE,Federal Contract Tower,0,14,16,0,30,0,0,124,2,126,0,14,140,2,156,134,4,138,294
06/22/2006,ANE,MN,AGL,CE,Federal Contract Tower,0,11,37,0,48,0,1,163,0,164,0,12,200,0,212,178,4,182,394
06/23/2006,ANE,MN,AGL,CE,Federal Contract Tower,0,11,27,0,38,0,1,217,0,218,0,12,244,0,256,320,0,320,576
06/24/2006,ANE,MN,AGL,CE,Federal Contract Tower,0,0,11,0,11,0,2,138,0,140,0,2,149,0,151,64,0,64,215
06/25/2006,ANE,MN,AGL,CE,Federal Contract Tower,0,1,30,0,31,0,0,181,0,181,0,1,211,0,212,244,0,244,456
06/26/2006,ANE,MN,AGL,CE,Federal Contract Tower,0,6,29,0,35,0,0,128,0,128,0,6,157,0,163,88,0,88,251
06/27/2006,ANE,MN,AGL,CE,Federal Contract Tower,0,7,35,0,42,0,0,121,4,125,0,7,156,4,167,134,2,136,303
06/28/2006,ANE,MN,AGL,CE,Federal Contract Tower,0,13,50,0,63,0,2,153,0,155,0,15,203,0,218,166,0,166,384
06/29/2006,ANE,MN,AGL,CE,Federal Contract Tower,0,10,35,0,45,0,0,138,2,140,0,10,173,2,185,140,0,140,325
06/30/2006,ANE,MN,AGL,CE,Federal Contract Tower,0,10,32,0,42,0,1,152,0,153,0,11,184,0,195,196,0,196,391
07/01/2006,ANE,MN,AGL,CE,Federal Contract Tower,0,2,18,0,20,0,0,157,0,157,0,2,175,0,177,144,0,144,321
07/02/2006,ANE,MN,AGL,CE,Federal Contract Tower,0,0,16,0,16,0,1,124,0,125,0,1,140,0,141,58,0,58,199
07/03/2006,ANE,MN,AGL,CE,Federal Contract Tower,0,9,13,0,22,0,0,110,0,110,0,9,123,0,132,92,0,92,224
07/04/2006,ANE,MN,AGL,CE,Federal Contract Tower,0,2,15,0,17,0,0,122,0,122,0,2,137,0,139,114,0,114,253
07/05/2006,ANE,MN,AGL,CE,Federal Contract Tower,0,10,22,0,32,0,0,137,4,141,0,10,159,4,173,128,4,132,305
07/06/2006,ANE,MN,AGL,CE,Federal Contract Tower,0,12,32,0,44,0,2,145,0,147,0,14,177,0,191,220,10,230,421
07/07/2006,ANE,MN,AGL,CE,Federal Contract Tower,0,8,27,0,35,0,0,132,4,136,0,8,159,4,171,170,0,170,341
07/08/2006,ANE,MN,AGL,CE,Federal Contract Tower,0,0,12,0,12,0,0,123,0,123,0,0,135,0,135,84,0,84,219
07/09/2006,ANE,MN,AGL,CE,Federal Contract Tower,0,1,8,0,9,0,0,196,0,196,0,1,204,0,205,202,0,202,407
07/10/2006,ANE,MN,AGL,CE,Federal Contract Tower,0,12,16,0,28,0,2,162,0,164,0,14,178,0,192,122,0,122,314
07/11/2006,ANE,MN,AGL,CE,Federal Contract Tower,0,12,34,0,46,0,1,107,2,110,0,13,141,2,156,176,4,180,336
07/12/2006,ANE,MN,AGL,CE,Federal Contract Tower,0,13,32,1,46,0,0,146,3,149,0,13,178,4,195,148,18,166,361
07/13/2006,ANE,MN,AGL,CE,Federal Contract Tower,0,17,44,0,61,0,4,152,4,160,0,21,196,4,221,148,0,148,369
07/14/2006,ANE,MN,AGL,CE,Federal Contract Tower,0,11,31,0,42,0,1,170,0,171,0,12,201,0,213,98,0,98,311
07/15/2006,ANE,MN,AGL,CE,Federal Contract Tower,0,0,9,0,9,0,0,154,0,154,0,0,163,0,163,166,0,166,329
07/16/2006,ANE,MN,AGL,CE,Federal Contract Tower,0,3,14,0,17,0,0,75,0,75,0,3,89,0,92,92,0,92,184
07/17/2006,ANE,MN,AGL,CE,Federal Contract Tower,0,11,17,0,28,0,1,136,0,137,0,12,153,0,165,202,0,202,367
07/18/2006,ANE,MN,AGL,CE,Federal Contract Tower,0,8,32,0,40,0,2,172,0,174,0,10,204,0,214,160,2,162,376
07/19/2006,ANE,MN,AGL,CE,Federal Contract Tower,0,12,40,0,52,0,6,72,0,78,0,18,112,0,130,124,0,124,254
07/20/2006,ANE,MN,AGL,CE,Federal Contract Tower,0,8,56,0,64,0,1,186,0,187,0,9,242,0,251,244,0,244,495
07/21/2006,ANE,MN,AGL,CE,Federal Contract Tower,0,14,29,0,43,0,3,171,0,174,0,17,200,0,217,256,0,256,473
07/22/2006,ANE,MN,AGL,CE,Federal Contract Tower,0,1,16,0,17,0,1,251,0,252,0,2,267,0,269,200,0,200,469
07/23/2006,ANE,MN,AGL,CE,Federal Contract Tower,0,0,23,0,23,0,0,153,0,153,0,0,176,0,176,152,0,152,328
07/24/2006,ANE,MN,AGL,CE,Federal Contract Tower,0,15,28,0,43,0,0,78,0,78,0,15,106,0,121,80,0,80,201
07/25/2006,ANE,MN,AGL,CE,Federal Contract Tower,0,8,42,0,50,0,0,116,8,124,0,8,158,8,174,166,4,170,344
07/26/2006,ANE,MN,AGL,CE,Federal Contract Tower,0,11,45,0,56,0,0,114,0,114,0,11,159,0,170,212,0,212,382
07/27/2006,ANE,MN,AGL,CE,Federal Contract Tower,0,11,39,0,50,0,1,115,0,116,0,12,154,0,166,166,0,166,332
07/28/2006,ANE,MN,AGL,CE,Federal Contract Tower,0,12,24,0,36,0,0,75,0,75,0,12,99,0,111,74,0,74,185
07/29/2006,ANE,MN,AGL,CE,Federal Contract Tower,0,0,22,0,22,0,0,80,0,80,0,0,102,0,102,56,0,56,158
07/30/2006,ANE,MN,AGL,CE,Federal Contract Tower,0,0,16,0,16,0,0,60,0,60,0,0,76,0,76,36,0,36,112
07/31/2006,ANE,MN,AGL,CE,Federal Contract Tower,0,15,27,0,42,0,0,132,2,134,0,15,159,2,176,160,0,160,336
08/01/2006,ANE,MN,AGL,CE,Federal Contract Tower,0,16,42,0,58,0,0,47,0,47,0,16,89,0,105,68,0,68,173
08/02/2006,ANE,MN,AGL,CE,Federal Contract Tower,0,14,35,0,49,0,1,114,2,117,0,15,149,2,166,140,0,140,306
08/03/2006,ANE,MN,AGL,CE,Federal Contract Tower,0,14,47,0,61,0,2,175,0,177,0,16,222,0,238,172,0,172,410
08/04/2006,ANE,MN,AGL,CE,Federal Contract Tower,0,8,42,0,50,0,0,128,0,128,0,8,170,0,178,114,0,114,292
08/05/2006,ANE,MN,AGL,CE,Federal Contract Tower,0,1,13,0,14,0,1,67,0,68,0,2,80,0,82,30,0,30,112
08/06/2006,ANE,MN,AGL,CE,Federal Contract Tower,0,21,35,0,56,0,0,165,0,165,0,21,200,0,221,148,0,148,369
08/07/2006,ANE,MN,AGL,CE,Federal Contract Tower,0,15,28,0,43,0,1,155,0,156,0,16,183,0,199,142,0,142,341
08/08/2006,ANE,MN,AGL,CE,Federal Contract Tower,0,12,40,0,52,0,1,142,0,143,0,13,182,0,195,142,0,142,337
08/09/2006,ANE,MN,AGL,CE,Federal Contract Tower,0,10,39,0,49,0,0,110,6,116,0,10,149,6,165,144,0,144,309
08/10/2006,ANE,MN,AGL,CE,Federal Contract Tower,0,5,38,0,43,0,1,73,4,78,0,6,111,4,121,66,4,70,191
08/11/2006,ANE,MN,AGL,CE,Federal Contract Tower,0,9,31,0,40,0,2,114,6,122,0,11,145,6,162,100,0,100,262
08/12/2006,ANE,MN,AGL,CE,Federal Contract Tower,0,3,20,0,23,0,0,135,0,135,0,3,155,0,158,124,0,124,282
08/13/2006,ANE,MN,AGL,CE,Federal Contract Tower,0,0,14,0,14,0,0,41,0,41,0,0,55,0,55,36,0,36,91
08/14/2006,ANE,MN,AGL,CE,Federal Contract Tower,0,11,31,0,42,0,0,169,0,169,0,11,200,0,211,188,0,188,399
08/15/2006,ANE,MN,AGL,CE,Federal Contract Tower,0,13,51,0,64,0,1,225,0,226,0,14,276,0,290,288,0,288,578
08/16/2006,ANE,MN,AGL,CE,Federal Contract Tower,0,12,36,0,48,0,1,115,0,116,0,13,151,0,164,90,0,90,254
08/17/2006,ANE,MN,AGL,CE,Federal Contract Tower,0,9,48,0,57,0,0,64,0,64,0,9,112,0,121,26,0,26,147
08/18/2006,ANE,MN,AGL,CE,Federal Contract Tower,0,10,34,0,44,0,1,33,0,34,0,11,67,0,78,62,0,62,140
08/19/2006,ANE,MN,AGL,CE,Federal Contract Tower,0,0,31,0,31,0,1,112,0,113,0,1,143,0,144,92,0,92,236
08/20/2006,ANE,MN,AGL,CE,Federal Contract Tower,0,0,19,0,19,0,0,216,0,216,0,0,235,0,235,198,0,198,433
08/21/2006,ANE,MN,AGL,CE,Federal Contract Tower,0,8,30,0,38,0,0,183,0,183,0,8,213,0,221,114,2,116,337
08/22/2006,ANE,MN,AGL,CE,Federal Contract Tower,0,17,43,0,60,0,0,113,0,113,0,17,156,0,173,128,0,128,301
08/23/2006,ANE,MN,AGL,CE,Federal Contract Tower,0,7,44,0,51,0,2,96,0,98,0,9,140,0,149,100,0,100,249
08/24/2006,ANE,MN,AGL,CE,Federal Contract Tower,0,11,39,0,50,0,0,1,0,1,0,11,40,0,51,14,0,14,65
08/25/2006,ANE,MN,AGL,CE,Federal Contract Tower,0,15,32,0,47,0,0,57,0,57,0,15,89,0,104,44,0,44,148
08/26/2006,ANE,MN,AGL,CE,Federal Contract Tower,0,2,20,0,22,0,0,131,0,131,0,2,151,0,153,127,0,127,280
08/27/2006,ANE,MN,AGL,CE,Federal Contract Tower,0,1,28,0,29,0,1,203,0,204,0,2,231,0,233,214,0,214,447
08/28/2006,ANE,MN,AGL,CE,Federal Contract Tower,0,7,37,0,44,0,1,125,2,128,0,8,162,2,172,198,0,198,370
08/29/2006,ANE,MN,AGL,CE,Federal Contract Tower,0,9,33,0,42,0,2,169,0,171,0,11,202,0,213,164,0,164,377
08/30/2006,ANE,MN,AGL,CE,Federal Contract Tower,0,10,38,0,48,0,2,107,0,109,0,12,145,0,157,126,4,130,287
08/31/2006,ANE,MN,AGL,CE,Federal Contract Tower,0,11,28,0,39,0,1,122,0,123,0,12,150,0,162,72,0,72,234
09/01/2006,ANE,MN,AGL,CE,Federal Contract Tower,0,10,21,0,31,0,0,116,0,116,0,10,137,0,147,132,0,132,279
09/02/2006,ANE,MN,AGL,CE,Federal Contract Tower,0,4,9,0,13,0,0,91,0,91,0,4,100,0,104,52,0,52,156
09/03/2006,ANE,MN,AGL,CE,Federal Contract Tower,0,2,14,0,16,0,0,21,0,21,0,2,35,0,37,16,0,16,53
09/04/2006,ANE,MN,AGL,CE,Federal Contract Tower,0,2,21,0,23,0,0,110,0,110,0,2,131,0,133,132,0,132,265
09/05/2006,ANE,MN,AGL,CE,Federal Contract Tower,0,9,33,0,42,0,2,107,0,109,0,11,140,0,151,106,0,106,257
09/06/2006,ANE,MN,AGL,CE,Federal Contract Tower,0,14,24,0,38,0,3,154,0,157,0,17,178,0,195,142,0,142,337
09/07/2006,ANE,MN,AGL,CE,Federal Contract Tower,0,10,42,0,52,0,1,109,0,110,0,11,151,0,162,86,0,86,248
09/08/2006,ANE,MN,AGL,CE,Federal Contract Tower,0,7,35,0,42,0,0,86,0,86,0,7,121,0,128,114,0,114,242
09/09/2006,ANE,MN,AGL,CE,Federal Contract Tower,0,0,20,0,20,0,0,192,4,196,0,0,212,4,216,126,0,126,342
09/10/2006,ANE,MN,AGL,CE,Federal Contract Tower,0,1,45,0,46,0,1,30,0,31,0,2,75,0,77,20,0,20,97
09/11/2006,ANE,MN,AGL,CE,Federal Contract Tower,0,12,32,0,44,0,0,58,0,58,0,12,90,0,102,64,0,64,166
09/12/2006,ANE,MN,AGL,CE,Federal Contract Tower,0,11,44,0,55,0,3,99,0,102,0,14,143,0,157,78,2,80,237
09/13/2006,ANE,MN,AGL,CE,Federal Contract Tower,0,17,41,0,58,0,1,180,0,181,0,18,221,0,239,126,0,126,365
09/14/2006,ANE,MN,AGL,CE,Federal Contract Tower,0,8,32,0,40,0,1,143,0,144,0,9,175,0,184,130,2,132,316
09/15/2006,ANE,MN,AGL,CE,Federal Contract Tower,0,8,32,0,40,0,2,131,0,133,0,10,163,0,173,176,2,178,351
09/16/2006,ANE,MN,AGL,CE,Federal Contract Tower,0,2,10,0,12,0,0,31,0,31,0,2,41,0,43,10,0,10,53
09/17/2006,ANE,MN,AGL,CE,Federal Contract Tower,0,0,21,0,21,0,0,99,0,99,0,0,120,0,120,142,0,142,262
09/18/2006,ANE,MN,AGL,CE,Federal Contract Tower,0,10,32,0,42,0,0,20,0,20,0,10,52,0,62,38,0,38,100
09/19/2006,ANE,MN,AGL,CE,Federal Contract Tower,0,13,32,0,45,0,0,73,0,73,0,13,105,0,118,122,0,122,240
09/20/2006,ANE,MN,AGL,CE,Federal Contract Tower,0,15,27,0,42,0,1,163,2,166,0,16,190,2,208,124,0,124,332
09/21/2006,ANE,MN,AGL,CE,Federal Contract Tower,0,14,34,0,48,0,0,51,0,51,0,14,85,0,99,92,0,92,191
09/22/2006,ANE,MN,AGL,CE,Federal Contract Tower,0,23,34,0,57,0,0,1,0,1,0,23,35,0,58,0,0,0,58
09/23/2006,ANE,MN,AGL,CE,Federal Contract Tower,0,0,21,0,21,0,0,5,0,5,0,0,26,0,26,24,0,24,50
09/24/2006,ANE,MN,AGL,CE,Federal Contract Tower,0,1,20,0,21,0,1,178,0,179,0,2,198,0,200,136,0,136,336
09/25/2006,ANE,MN,AGL,CE,Federal Contract Tower,0,11,24,0,35,0,4,146,2,152,0,15,170,2,187,140,0,140,327
09/26/2006,ANE,MN,AGL,CE,Federal Contract Tower,0,10,35,0,45,0,0,102,0,102,0,10,137,0,147,118,0,118,265
09/27/2006,ANE,MN,AGL,CE,Federal Contract Tower,0,11,30,0,41,0,0,98,3,101,0,11,128,3,142,136,0,136,278
09/28/2006,ANE,MN,AGL,CE,Federal Contract Tower,0,15,38,0,53,0,0,72,0,72,0,15,110,0,125,146,0,146,271
09/29/2006,ANE,MN,AGL,CE,Federal Contract Tower,0,11,47,0,58,0,0,70,0,70,0,11,117,0,128,178,0,178,306
09/30/2006,ANE,MN,AGL,CE,Federal Contract Tower,0,0,19,0,19,0,0,232,0,232,0,0,251,0,251,164,0,164,415
10/01/2006,ANE,MN,AGL,CE,Federal Contract Tower,0,2,17,0,19,0,0,170,0,170,0,2,187,0,189,112,0,112,301
10/02/2006,ANE,MN,AGL,CE,Federal Contract Tower,0,8,21,0,29,0,3,144,0,147,0,11,165,0,176,94,0,94,270
10/03/2006,ANE,MN,AGL,CE,Federal Contract Tower,0,11,30,0,41,0,0,75,0,75,0,11,105,0,116,156,0,156,272
10/04/2006,ANE,MN,AGL,CE,Federal Contract Tower,0,13,20,0,33,0,1,140,0,141,0,14,160,0,174,214,0,214,388
10/05/2006,ANE,MN,AGL,CE,Federal Contract Tower,0,11,39,0,50,0,0,186,2,188,0,11,225,2,238,190,0,190,428
10/06/2006,ANE,MN,AGL,CE,Federal Contract Tower,0,14,22,0,36,0,1,128,2,131,0,15,150,2,167,134,8,142,309
10/07/2006,ANE,MN,AGL,CE,Federal Contract Tower,0,3,9,0,12,0,2,107,0,109,0,5,116,0,121,102,0,102,223
10/08/2006,ANE,MN,AGL,CE,Federal Contract Tower,0,0,30,0,30,0,0,96,0,96,0,0,126,0,126,98,0,98,224
10/09/2006,ANE,MN,AGL,CE,Federal Contract Tower,0,7,23,0,30,0,1,80,0,81,0,8,103,0,111,34,0,34,145
10/10/2006,ANE,MN,AGL,CE,Federal Contract Tower,0,15,34,0,49,0,2,100,0,102,0,17,134,0,151,94,0,94,245
10/11/2006,ANE,MN,AGL,CE,Federal Contract Tower,0,13,18,0,31,0,0,27,0,27,0,13,45,0,58,14,0,14,72
10/12/2006,ANE,MN,AGL,CE,Federal Contract Tower,0,13,28,0,41,0,0,46,2,48,0,13,74,2,89,8,10,18,107
10/13/2006,ANE,MN,AGL,CE,Federal Contract Tower,0,10,25,0,35,0,2,35,4,41,0,12,60,4,76,4,0,4,80
10/14/2006,ANE,MN,AGL,CE,Federal Contract Tower,0,2,21,0,23,0,2,94,0,96,0,4,115,0,119,130,4,134,253
10/15/2006,ANE,MN,AGL,CE,Federal Contract Tower,0,1,25,0,26,0,0,174,0,174,0,1,199,0,200,206,0,206,406
10/16/2006,ANE,MN,AGL,CE,Federal Contract Tower,0,9,21,0,30,0,0,3,0,3,0,9,24,0,33,0,0,0,33
10/17/2006,ANE,MN,AGL,CE,Federal Contract Tower,0,13,25,0,38,0,0,1,0,1,0,13,26,0,39,0,0,0,39
10/18/2006,ANE,MN,AGL,CE,Federal Contract Tower,0,15,24,0,39,0,0,26,0,26,0,15,50,0,65,14,0,14,79
10/19/2006,ANE,MN,AGL,CE,Federal Contract Tower,0,12,67,0,79,0,2,114,0,116,0,14,181,0,195,164,0,164,359
10/20/2006,ANE,MN,AGL,CE,Federal Contract Tower,0,14,29,0,43,0,0,116,0,116,0,14,145,0,159,116,0,116,275
10/21/2006,ANE,MN,AGL,CE,Federal Contract Tower,0,1,6,0,7,0,0,131,0,131,0,1,137,0,138,188,0,188,326
10/22/2006,ANE,MN,AGL,CE,Federal Contract Tower,0,1,15,0,16,0,0,105,0,105,0,1,120,0,121,102,0,102,223
10/23/2006,ANE,MN,AGL,CE,Federal Contract Tower,0,12,12,0,24,0,0,67,0,67,0,12,79,0,91,78,0,78,169
10/24/2006,ANE,MN,AGL,CE,Federal Contract Tower,0,10,39,0,49,0,1,130,4,135,0,11,169,4,184,136,0,136,320
10/25/2006,ANE,MN,AGL,CE,Federal Contract Tower,0,8,38,0,46,0,2,157,0,159,0,10,195,0,205,220,0,220,425
10/26/2006,ANE,MN,AGL,CE,Federal Contract Tower,0,10,30,0,40,0,0,112,2,114,0,10,142,2,154,154,0,154,308
10/27/2006,ANE,MN,AGL,CE,Federal Contract Tower,0,9,24,0,33,0,3,176,0,179,0,12,200,0,212,148,0,148,360
10/28/2006,ANE,MN,AGL,CE,Federal Contract Tower,0,1,15,0,16,0,0,165,0,165,0,1,180,0,181,104,0,104,285
10/29/2006,ANE,MN,AGL,CE,Federal Contract Tower,0,1,25,0,26,0,0,180,0,180,0,1,205,0,206,142,0,142,348
10/30/2006,ANE,MN,AGL,CE,Federal Contract Tower,0,14,22,0,36,0,0,133,0,133,0,14,155,0,169,108,0,108,277
10/31/2006,ANE,MN,AGL,CE,Federal Contract Tower,0,9,23,0,32,0,1,44,10,55,0,10,67,10,87,42,0,42,129
11/01/2006,ANE,MN,AGL,CE,Federal Contract Tower,0,7,25,0,32,0,2,97,0,99,0,9,122,0,131,82,0,82,213
11/02/2006,ANE,MN,AGL,CE,Federal Contract Tower,0,10,36,0,46,0,2,130,0,132,0,12,166,0,178,154,2,156,334
11/03/2006,ANE,MN,AGL,CE,Federal Contract Tower,0,11,37,0,48,0,2,158,0,160,0,13,195,0,208,204,0,204,412
11/04/2006,ANE,MN,AGL,CE,Federal Contract Tower,0,0,9,0,9,0,2,171,0,173,0,2,180,0,182,80,0,80,262
11/05/2006,ANE,MN,AGL,CE,Federal Contract Tower,0,0,23,0,23,0,2,219,0,221,0,2,242,0,244,136,0,136,380
11/06/2006,ANE,MN,AGL,CE,Federal Contract Tower,0,13,25,0,38,0,0,12,0,12,0,13,37,0,50,2,0,2,52
11/07/2006,ANE,MN,AGL,CE,Federal Contract Tower,0,11,26,0,37,0,0,94,0,94,0,11,120,0,131,170,2,172,303
11/08/2006,ANE,MN,AGL,CE,Federal Contract Tower,0,7,28,0,35,0,2,165,0,167,0,9,193,0,202,186,0,186,388
11/09/2006,ANE,MN,AGL,CE,Federal Contract Tower,0,13,37,0,50,0,0,75,0,75,0,13,112,0,125,164,0,164,289
11/10/2006,ANE,MN,AGL,CE,Federal Contract Tower,0,6,23,0,29,0,0,57,0,57,0,6,80,0,86,56,0,56,142
11/11/2006,ANE,MN,AGL,CE,Federal Contract Tower,0,0,15,0,15,0,0,172,0,172,0,0,187,0,187,180,0,180,367
11/12/2006,ANE,MN,AGL,CE,Federal Contract Tower,0,1,12,0,13,0,0,60,0,60,0,1,72,0,73,100,0,100,173
11/13/2006,ANE,MN,AGL,CE,Federal Contract Tower,0,12,28,0,40,0,0,41,0,41,0,12,69,0,81,30,4,34,115
11/14/2006,ANE,MN,AGL,CE,Federal Contract Tower,0,7,38,0,45,0,0,70,0,70,0,7,108,0,115,118,0,118,233
11/15/2006,ANE,MN,AGL,CE,Federal Contract Tower,0,11,27,0,38,0,2,77,0,79,0,13,104,0,117,172,0,172,289
11/16/2006,ANE,MN,AGL,CE,Federal Contract Tower,0,12,42,0,54,0,1,166,0,167,0,13,208,0,221,162,4,166,387
11/17/2006,ANE,MN,AGL,CE,Federal Contract Tower,0,12,22,0,34,0,0,57,2,59,0,12,79,2,93,160,2,162,255
11/18/2006,ANE,MN,AGL,CE,Federal Contract Tower,0,0,17,0,17,0,0,182,0,182,0,0,199,0,199,142,0,142,341
11/19/2006,ANE,MN,AGL,CE,Federal Contract Tower,0,0,16,0,16,0,0,163,12,175,0,0,179,12,191,112,0,112,303
11/20/2006,ANE,MN,AGL,CE,Federal Contract Tower,0,10,20,0,30,0,2,127,0,129,0,12,147,0,159,186,6,192,351
11/21/2006,ANE,MN,AGL,CE,Federal Contract Tower,0,13,52,0,65,0,0,164,0,164,0,13,216,0,229,180,0,180,409
11/22/2006,ANE,MN,AGL,CE,Federal Contract Tower,0,9,31,0,40,0,2,129,0,131,0,11,160,0,171,186,0,186,357
11/23/2006,ANE,MN,AGL,CE,Federal Contract Tower,0,0,13,0,13,0,0,98,0,98,0,0,111,0,111,120,0,120,231
11/24/2006,ANE,MN,AGL,CE,Federal Contract Tower,0,9,15,0,24,0,1,168,0,169,0,10,183,0,193,90,0,90,283
11/25/2006,ANE,MN,AGL,CE,Federal Contract Tower,0,0,26,0,26,0,4,199,0,203,0,4,225,0,229,142,0,142,371
11/26/2006,ANE,MN,AGL,CE,Federal Contract Tower,0,2,21,0,23,0,0,113,0,113,0,2,134,0,136,90,0,90,226
11/27/2006,ANE,MN,AGL,CE,Federal Contract Tower,0,8,13,0,21,0,2,16,0,18,0,10,29,0,39,44,0,44,83
11/28/2006,ANE,MN,AGL,CE,Federal Contract Tower,0,11,21,0,32,0,0,8,0,8,0,11,29,0,40,44,0,44,84
11/29/2006,ANE,MN,AGL,CE,Federal Contract Tower,0,9,30,0,39,0,1,78,0,79,0,10,108,0,118,46,0,46,164
11/30/2006,ANE,MN,AGL,CE,Federal Contract Tower,0,16,34,0,50,0,0,108,0,108,0,16,142,0,158,80,6,86,244
12/01/2006,ANE,MN,AGL,CE,Federal Contract Tower,0,7,20,0,27,0,2,113,0,115,0,9,133,0,142,118,0,118,260
12/02/2006,ANE,MN,AGL,CE,Federal Contract Tower,0,1,17,0,18,0,0,68,0,68,0,1,85,0,86,46,0,46,132
12/03/2006,ANE,MN,AGL,CE,Federal Contract Tower,0,2,13,0,15,0,0,79,0,79,0,2,92,0,94,108,0,108,202
12/04/2006,ANE,MN,AGL,CE,Federal Contract Tower,0,9,14,0,23,0,2,98,0,100,0,11,112,0,123,112,6,118,241
12/05/2006,ANE,MN,AGL,CE,Federal Contract Tower,0,10,37,0,47,0,0,80,0,80,0,10,117,0,127,50,4,54,181
12/06/2006,ANE,MN,AGL,CE,Federal Contract Tower,0,9,35,0,44,0,2,39,0,41,0,11,74,0,85,16,0,16,101
12/07/2006,ANE,MN,AGL,CE,Federal Contract Tower,0,15,32,0,47,0,1,56,6,63,0,16,88,6,110,110,0,110,220
12/08/2006,ANE,MN,AGL,CE,Federal Contract Tower,0,13,38,0,51,0,3,134,0,137,0,16,172,0,188,128,0,128,316
12/09/2006,ANE,MN,AGL,CE,Federal Contract Tower,0,1,21,0,22,0,0,226,0,226,0,1,247,0,248,126,0,126,374
12/10/2006,ANE,MN,AGL,CE,Federal Contract Tower,0,2,30,0,32,0,0,166,0,166,0,2,196,0,198,234,0,234,432
12/11/2006,ANE,MN,AGL,CE,Federal Contract Tower,0,10,18,0,28,0,2,49,0,51,0,12,67,0,79,62,0,62,141
12/12/2006,ANE,MN,AGL,CE,Federal Contract Tower,0,8,10,0,18,0,0,0,0,0,0,8,10,0,18,4,0,4,22
12/13/2006,ANE,MN,AGL,CE,Federal Contract Tower,0,10,34,0,44,0,2,104,0,106,0,12,138,0,150,76,2,78,228
12/14/2006,ANE,MN,AGL,CE,Federal Contract Tower,0,13,32,0,45,0,2,74,0,76,0,15,106,0,121,56,0,56,177
12/15/2006,ANE,MN,AGL,CE,Federal Contract Tower,0,16,27,0,43,0,0,120,0,120,0,16,147,0,163,182,0,182,345
12/16/2006,ANE,MN,AGL,CE,Federal Contract Tower,0,1,19,0,20,0,0,184,4,188,0,1,203,4,208,202,0,202,410
12/17/2006,ANE,MN,AGL,CE,Federal Contract Tower,0,0,16,0,16,0,0,123,0,123,0,0,139,0,139,116,0,116,255
12/18/2006,ANE,MN,AGL,CE,Federal Contract Tower,0,7,20,0,27,0,4,110,0,114,0,11,130,0,141,138,0,138,279
12/19/2006,ANE,MN,AGL,CE,Federal Contract Tower,0,17,37,0,54,0,2,121,0,123,0,19,158,0,177,98,0,98,275
12/20/2006,ANE,MN,AGL,CE,Federal Contract Tower,0,9,32,0,41,0,5,90,0,95,0,14,122,0,136,104,2,106,242
12/21/2006,ANE,MN,AGL,CE,Federal Contract Tower,0,11,21,0,32,0,1,11,0,12,0,12,32,0,44,8,0,8,52
12/22/2006,ANE,MN,AGL,CE,Federal Contract Tower,0,8,8,0,16,0,0,0,0,0,0,8,8,0,16,0,0,0,16
12/23/2006,ANE,MN,AGL,CE,Federal Contract Tower,0,5,18,0,23,0,0,88,0,88,0,5,106,0,111,118,0,118,229
12/24/2006,ANE,MN,AGL,CE,Federal Contract Tower,0,0,5,0,5,0,2,39,0,41,0,2,44,0,46,12,0,12,58
12/25/2006,ANE,MN,AGL,CE,Federal Contract Tower,0,1,4,0,5,0,3,37,0,40,0,4,41,0,45,10,0,10,55
12/26/2006,ANE,MN,AGL,CE,Federal Contract Tower,0,7,18,0,25,0,0,94,0,94,0,7,112,0,119,66,0,66,185
12/27/2006,ANE,MN,AGL,CE,Federal Contract Tower,0,14,26,0,40,0,0,101,0,101,0,14,127,0,141,82,2,84,225
12/28/2006,ANE,MN,AGL,CE,Federal Contract Tower,0,11,20,0,31,0,0,41,0,41,0,11,61,0,72,56,2,58,130
12/29/2006,ANE,MN,AGL,CE,Federal Contract Tower,0,7,17,0,24,0,0,1,0,1,0,7,18,0,25,0,0,0,25
12/30/2006,ANE,MN,AGL,CE,Federal Contract Tower,0,0,4,0,4,0,0,0,0,0,0,0,4,0,4,0,0,0,4
12/31/2006,ANE,MN,AGL,CE,Federal Contract Tower,0,1,7,0,8,0,0,0,0,0,0,1,7,0,8,4,0,4,12
01/01/2007,ANE,MN,AGL,CE,Federal Contract Tower,0,0,11,0,11,0,0,92,0,92,0,0,103,0,103,80,0,80,183
01/02/2007,ANE,MN,AGL,CE,Federal Contract Tower,0,11,25,0,36,0,0,105,0,105,0,11,130,0,141,62,0,62,203
01/03/2007,ANE,MN,AGL,CE,Federal Contract Tower,0,10,29,0,39,0,0,108,2,110,0,10,137,2,149,94,0,94,243
01/04/2007,ANE,MN,AGL,CE,Federal Contract Tower,0,8,34,0,42,0,0,75,0,75,0,8,109,0,117,100,0,100,217
01/05/2007,ANE,MN,AGL,CE,Federal Contract Tower,0,6,31,0,37,0,0,98,0,98,0,6,129,0,135,114,0,114,249
01/06/2007,ANE,MN,AGL,CE,Federal Contract Tower,0,0,21,0,21,0,3,180,0,183,0,3,201,0,204,250,0,250,454
01/07/2007,ANE,MN,AGL,CE,Federal Contract Tower,0,2,10,0,12,0,1,47,0,48,0,3,57,0,60,26,0,26,86
01/08/2007,ANE,MN,AGL,CE,Federal Contract Tower,0,10,15,0,25,0,1,112,0,113,0,11,127,0,138,138,0,138,276
01/09/2007,ANE,MN,AGL,CE,Federal Contract Tower,0,12,17,0,29,0,0,73,0,73,0,12,90,0,102,98,2,100,202
01/10/2007,ANE,MN,AGL,CE,Federal Contract Tower,0,8,20,0,28,0,0,79,0,79,0,8,99,0,107,98,0,98,205
01/11/2007,ANE,MN,AGL,CE,Federal Contract Tower,0,8,35,0,43,0,0,91,0,91,0,8,126,0,134,126,0,126,260
01/12/2007,ANE,MN,AGL,CE,Federal Contract Tower,0,7,24,0,31,0,3,95,2,100,0,10,119,2,131,148,0,148,279
01/13/2007,ANE,MN,AGL,CE,Federal Contract Tower,0,2,22,0,24,0,0,105,0,105,0,2,127,0,129,92,0,92,221
01/14/2007,ANE,MN,AGL,CE,Federal Contract Tower,0,0,5,0,5,0,0,93,0,93,0,0,98,0,98,176,0,176,274
01/15/2007,ANE,MN,AGL,CE,Federal Contract Tower,0,7,22,0,29,0,0,53,0,53,0,7,75,0,82,58,0,58,140
01/16/2007,ANE,MN,AGL,CE,Federal Contract Tower,0,9,27,0,36,0,1,88,0,89,0,10,115,0,125,146,0,146,271
01/17/2007,ANE,MN,AGL,CE,Federal Contract Tower,0,11,22,0,33,0,3,85,2,90,0,14,107,2,123,172,0,172,295
01/18/2007,ANE,MN,AGL,CE,Federal Contract Tower,0,9,40,0,49,0,2,25,4,31,0,11,65,4,80,40,0,40,120
01/19/2007,ANE,MN,AGL,CE,Federal Contract Tower,0,9,18,0,27,0,3,107,0,110,0,12,125,0,137,114,0,114,251
01/20/2007,ANE,MN,AGL,CE,Federal Contract Tower,0,1,32,0,33,0,0,215,4,219,0,1,247,4,252,184,4,188,440
01/21/2007,ANE,MN,AGL,CE,Federal Contract Tower,0,1,5,0,6,0,0,0,0,0,0,1,5,0,6,0,0,0,6
01/22/2007,ANE,MN,AGL,CE,Federal Contract Tower,0,8,19,0,27,0,0,17,0,17,0,8,36,0,44,18,0,18,62
01/23/2007,ANE,MN,AGL,CE,Federal Contract Tower,0,9,29,0,38,0,0,51,0,51,0,9,80,0,89,58,0,58,147
01/24/2007,ANE,MN,AGL,CE,Federal Contract Tower,0,12,31,0,43,0,0,109,4,113,0,12,140,4,156,142,6,148,304
01/25/2007,ANE,MN,AGL,CE,Federal Contract Tower,0,8,36,0,44,0,2,133,0,135,0,10,169,0,179,182,0,182,361
01/26/2007,ANE,MN,AGL,CE,Federal Contract Tower,0,13,30,0,43,0,2,136,0,138,0,15,166,0,181,174,0,174,355
01/27/2007,ANE,MN,AGL,CE,Federal Contract Tower,0,0,9,0,9,0,4,62,0,66,0,4,71,0,75,52,0,52,127
01/28/2007,ANE,MN,AGL,CE,Federal Contract Tower,0,0,9,0,9,0,0,104,0,104,0,0,113,0,113,132,0,132,245
01/29/2007,ANE,MN,AGL,CE,Federal Contract Tower,0,8,21,0,29,0,0,63,0,63,0,8,84,0,92,100,0,100,192
01/30/2007,ANE,MN,AGL,CE,Federal Contract Tower,0,11,36,0,47,0,0,58,4,62,0,11,94,4,109,146,4,150,259
01/31/2007,ANE,MN,AGL,CE,Federal Contract Tower,0,9,39,0,48,0,1,36,0,37,0,10,75,0,85,30,0,30,115
02/01/2007,ANE,MN,AGL,CE,Federal Contract Tower,0,14,30,0,44,0,1,51,0,52,0,15,81,0,96,64,0,64,160
02/02/2007,ANE,MN,AGL,CE,Federal Contract Tower,0,19,16,0,35,0,2,36,2,40,0,21,52,2,75,78,0,78,153
02/03/2007,ANE,MN,AGL,CE,Federal Contract Tower,0,0,3,0,3,0,0,35,2,37,0,0,38,2,40,6,4,10,50
02/04/2007,ANE,MN,AGL,CE,Federal Contract Tower,0,3,7,0,10,0,0,31,2,33,0,3,38,2,43,16,2,18,61
02/05/2007,ANE,MN,AGL,CE,Federal Contract Tower,0,10,9,0,19,0,0,27,0,27,0,10,36,0,46,26,0,26,72
02/06/2007,ANE,MN,AGL,CE,Federal Contract Tower,0,10,25,0,35,0,0,21,0,21,0,10,46,0,56,52,0,52,108
02/07/2007,ANE,MN,AGL,CE,Federal Contract Tower,0,9,23,0,32,0,2,74,0,76,0,11,97,0,108,128,0,128,236
02/08/2007,ANE,MN,AGL,CE,Federal Contract Tower,0,11,28,0,39,0,2,95,2,99,0,13,123,2,138,150,4,154,292
02/09/2007,ANE,MN,AGL,CE,Federal Contract Tower,0,12,22,0,34,0,2,100,0,102,0,14,122,0,136,112,0,112,248
02/10/2007,ANE,MN,AGL,CE,Federal Contract Tower,0,0,15,0,15,0,0,67,4,71,0,0,82,4,86,36,2,38,124
02/11/2007,ANE,MN,AGL,CE,Federal Contract Tower,0,0,14,0,14,0,0,82,0,82,0,0,96,0,96,66,0,66,162
02/12/2007,ANE,MN,AGL,CE,Federal Contract Tower,0,10,24,0,34,0,0,55,0,55,0,10,79,0,89,132,4,136,225
02/13/2007,ANE,MN,AGL,CE,Federal Contract Tower,0,11,35,0,46,0,2,120,0,122,0,13,155,0,168,214,2,216,384
02/14/2007,ANE,MN,AGL,CE,Federal Contract Tower,0,8,22,0,30,0,0,113,4,117,0,8,135,4,147,110,4,114,261
02/15/2007,ANE,MN,AGL,CE,Federal Contract Tower,0,16,25,0,41,0,2,102,0,104,0,18,127,0,145,96,0,96,241
02/16/2007,ANE,MN,AGL,CE,Federal Contract Tower,0,12,24,0,36,0,0,53,0,53,0,12,77,0,89,24,0,24,113
02/17/2007,ANE,MN,AGL,CE,Federal Contract Tower,0,0,14,0,14,0,0,59,0,59,0,0,73,0,73,66,0,66,139
02/18/2007,ANE,MN,AGL,CE,Federal Contract Tower,0,1,9,0,10,0,0,61,0,61,0,1,70,0,71,60,0,60,131
02/19/2007,ANE,MN,AGL,CE,Federal Contract Tower,0,10,35,0,45,0,2,88,0,90,0,12,123,0,135,122,0,122,257
02/20/2007,ANE,MN,AGL,CE,Federal Contract Tower,0,9,36,0,45,0,2,159,2,163,0,11,195,2,208,152,8,160,368
02/21/2007,ANE,MN,AGL,CE,Federal Contract Tower,0,9,27,0,36,0,0,99,0,99,0,9,126,0,135,112,0,112,247
02/22/2007,ANE,MN,AGL,CE,Federal Contract Tower,0,16,35,0,51,0,2,129,0,131,0,18,164,0,182,140,0,140,322
02/23/2007,ANE,MN,AGL,CE,Federal Contract Tower,0,14,16,0,30,0,1,58,2,61,0,15,74,2,91,56,0,56,147
02/24/2007,ANE,MN,AGL,CE,Federal Contract Tower,0,0,0,0,0,0,0,0,0,0,0,0,0,0,0,0,0,0,0
02/25/2007,ANE,MN,AGL,CE,Federal Contract Tower,0,0,5,0,5,0,0,5,0,5,0,0,10,0,10,0,0,0,10
02/26/2007,ANE,MN,AGL,CE,Federal Contract Tower,0,12,11,0,23,0,2,37,0,39,0,14,48,0,62,52,0,52,114
02/27/2007,ANE,MN,AGL,CE,Federal Contract Tower,0,12,45,0,57,0,0,60,0,60,0,12,105,0,117,100,4,104,221
02/28/2007,ANE,MN,AGL,CE,Federal Contract Tower,0,8,34,0,42,0,0,47,0,47,0,8,81,0,89,18,0,18,107
03/01/2007,ANE,MN,AGL,CE,Federal Contract Tower,0,1,0,0,1,0,0,0,0,0,0,1,0,0,1,0,0,0,1
03/02/2007,ANE,MN,AGL,CE,Federal Contract Tower,0,12,6,0,18,0,1,1,0,2,0,13,7,0,20,0,0,0,20
03/03/2007,ANE,MN,AGL,CE,Federal Contract Tower,0,0,11,0,11,0,0,53,0,53,0,0,64,0,64,36,0,36,100
03/04/2007,ANE,MN,AGL,CE,Federal Contract Tower,0,0,7,0,7,0,0,105,0,105,0,0,112,0,112,124,0,124,236
03/05/2007,ANE,MN,AGL,CE,Federal Contract Tower,0,11,23,0,34,0,2,110,2,114,0,13,133,2,148,114,0,114,262
03/06/2007,ANE,MN,AGL,CE,Federal Contract Tower,0,14,37,0,51,0,0,27,2,29,0,14,64,2,80,54,6,60,140
03/07/2007,ANE,MN,AGL,CE,Federal Contract Tower,0,8,31,0,39,0,2,99,4,105,0,10,130,4,144,90,4,94,238
03/08/2007,ANE,MN,AGL,CE,Federal Contract Tower,0,9,30,0,39,0,0,30,0,30,0,9,60,0,69,26,0,26,95
03/09/2007,ANE,MN,AGL,CE,Federal Contract Tower,0,7,27,0,34,0,0,105,0,105,0,7,132,0,139,138,0,138,277
03/10/2007,ANE,MN,AGL,CE,Federal Contract Tower,0,2,18,0,20,0,1,162,0,163,0,3,180,0,183,162,0,162,345
03/11/2007,ANE,MN,AGL,CE,Federal Contract Tower,0,0,27,0,27,0,0,154,0,154,0,0,181,0,181,166,0,166,347
03/12/2007,ANE,MN,AGL,CE,Federal Contract Tower,0,10,26,0,36,0,0,91,4,95,0,10,117,4,131,134,10,144,275
03/13/2007,ANE,MN,AGL,CE,Federal Contract Tower,0,6,20,0,26,0,0,116,0,116,0,6,136,0,142,118,0,118,260
03/14/2007,ANE,MN,AGL,CE,Federal Contract Tower,0,8,34,0,42,0,0,71,0,71,0,8,105,0,113,82,0,82,195
03/15/2007,ANE,MN,AGL,CE,Federal Contract Tower,0,5,21,0,26,0,1,43,0,44,0,6,64,0,70,78,0,78,148
03/16/2007,ANE,MN,AGL,CE,Federal Contract Tower,0,7,34,0,41,0,0,91,0,91,0,7,125,0,132,146,0,146,278
03/17/2007,ANE,MN,AGL,CE,Federal Contract Tower,0,2,26,0,28,0,0,176,0,176,0,2,202,0,204,212,0,212,416
03/18/2007,ANE,MN,AGL,CE,Federal Contract Tower,0,1,17,0,18,0,0,114,0,114,0,1,131,0,132,106,0,106,238
03/19/2007,ANE,MN,AGL,CE,Federal Contract Tower,0,10,25,0,35,0,2,80,0,82,0,12,105,0,117,86,0,86,203
03/20/2007,ANE,MN,AGL,CE,Federal Contract Tower,0,10,32,0,42,0,0,109,2,111,0,10,141,2,153,94,10,104,257
03/21/2007,ANE,MN,AGL,CE,Federal Contract Tower,0,15,41,0,56,0,0,0,0,0,0,15,41,0,56,12,0,12,68
03/22/2007,ANE,MN,AGL,CE,Federal Contract Tower,0,13,41,0,54,0,0,82,0,82,0,13,123,0,136,78,0,78,214
03/23/2007,ANE,MN,AGL,CE,Federal Contract Tower,0,13,41,0,54,0,1,145,0,146,0,14,186,0,200,176,0,176,376
03/24/2007,ANE,MN,AGL,CE,Federal Contract Tower,0,1,18,0,19,0,0,136,0,136,0,1,154,0,155,210,0,210,365
03/25/2007,ANE,MN,AGL,CE,Federal Contract Tower,0,0,18,0,18,0,2,76,0,78,0,2,94,0,96,36,0,36,132
03/26/2007,ANE,MN,AGL,CE,Federal Contract Tower,0,8,39,0,47,0,2,150,2,154,0,10,189,2,201,208,4,212,413
03/27/2007,ANE,MN,AGL,CE,Federal Contract Tower,0,8,35,0,43,0,0,82,0,82,0,8,117,0,125,52,8,60,185
03/28/2007,ANE,MN,AGL,CE,Federal Contract Tower,0,12,38,0,50,0,0,3,0,3,0,12,41,0,53,2,2,4,57
03/29/2007,ANE,MN,AGL,CE,Federal Contract Tower,0,6,33,0,39,0,0,63,0,63,0,6,96,0,102,118,0,118,220
03/30/2007,ANE,MN,AGL,CE,Federal Contract Tower,0,12,24,0,36,0,1,0,0,1,0,13,24,0,37,10,0,10,47
03/31/2007,ANE,MN,AGL,CE,Federal Contract Tower,0,1,8,0,9,0,0,0,0,0,0,1,8,0,9,6,0,6,15
04/01/2007,ANE,MN,AGL,CE,Federal Contract Tower,0,3,27,0,30,0,0,12,0,12,0,3,39,0,42,46,0,46,88
04/02/2007,ANE,MN,AGL,CE,Federal Contract Tower,0,8,25,0,33,0,0,76,0,76,0,8,101,0,109,74,0,74,183
04/03/2007,ANE,MN,AGL,CE,Federal Contract Tower,0,8,14,0,22,0,0,4,0,4,0,8,18,0,26,2,0,2,28
04/04/2007,ANE,MN,AGL,CE,Federal Contract Tower,0,10,13,0,23,0,1,31,0,32,0,11,44,0,55,22,0,22,77
04/05/2007,ANE,MN,AGL,CE,Federal Contract Tower,0,10,32,0,42,0,0,106,0,106,0,10,138,0,148,210,0,210,358
04/06/2007,ANE,MN,AGL,CE,Federal Contract Tower,0,7,20,0,27,0,0,101,0,101,0,7,121,0,128,46,0,46,174
04/07/2007,ANE,MN,AGL,CE,Federal Contract Tower,0,0,16,0,16,0,0,101,0,101,0,0,117,0,117,138,0,138,255
04/08/2007,ANE,MN,AGL,CE,Federal Contract Tower,0,0,16,0,16,0,0,78,0,78,0,0,94,0,94,46,0,46,140
04/09/2007,ANE,MN,AGL,CE,Federal Contract Tower,0,6,32,0,38,0,2,179,0,181,0,8,211,0,219,160,0,160,379
04/10/2007,ANE,MN,AGL,CE,Federal Contract Tower,0,9,20,0,29,0,0,58,0,58,0,9,78,0,87,52,0,52,139
04/11/2007,ANE,MN,AGL,CE,Federal Contract Tower,0,12,13,0,25,0,0,0,0,0,0,12,13,0,25,0,0,0,25
04/12/2007,ANE,MN,AGL,CE,Federal Contract Tower,0,9,37,0,46,0,0,116,0,116,0,9,153,0,162,152,0,152,314
04/13/2007,ANE,MN,AGL,CE,Federal Contract Tower,0,8,30,0,38,0,2,187,0,189,0,10,217,0,227,220,0,220,447
04/14/2007,ANE,MN,AGL,CE,Federal Contract Tower,0,0,30,0,30,0,0,189,0,189,0,0,219,0,219,250,0,250,469
04/15/2007,ANE,MN,AGL,CE,Federal Contract Tower,0,0,24,0,24,0,2,153,0,155,0,2,177,0,179,264,0,264,443
04/16/2007,ANE,MN,AGL,CE,Federal Contract Tower,0,10,22,0,32,0,0,103,0,103,0,10,125,0,135,76,0,76,211
04/17/2007,ANE,MN,AGL,CE,Federal Contract Tower,0,7,25,0,32,0,2,125,0,127,0,9,150,0,159,134,8,142,301
04/18/2007,ANE,MN,AGL,CE,Federal Contract Tower,0,11,36,0,47,0,2,125,0,127,0,13,161,0,174,160,0,160,334
04/19/2007,ANE,MN,AGL,CE,Federal Contract Tower,0,8,56,0,64,0,2,163,0,165,0,10,219,0,229,148,0,148,377
04/20/2007,ANE,MN,AGL,CE,Federal Contract Tower,0,8,34,0,42,0,2,170,0,172,0,10,204,0,214,188,0,188,402
04/21/2007,ANE,MN,AGL,CE,Federal Contract Tower,0,3,16,0,19,0,0,99,0,99,0,3,115,0,118,84,0,84,202
04/22/2007,ANE,MN,AGL,CE,Federal Contract Tower,0,2,7,0,9,0,0,70,0,70,0,2,77,0,79,48,0,48,127
04/23/2007,ANE,MN,AGL,CE,Federal Contract Tower,0,9,30,0,39,0,1,124,0,125,0,10,154,0,164,138,0,138,302
04/24/2007,ANE,MN,AGL,CE,Federal Contract Tower,0,8,20,0,28,0,1,124,2,127,0,9,144,2,155,182,12,194,349
04/25/2007,ANE,MN,AGL,CE,Federal Contract Tower,0,11,28,0,39,0,0,103,0,103,0,11,131,0,142,116,0,116,258
04/26/2007,ANE,MN,AGL,CE,Federal Contract Tower,0,10,48,0,58,0,0,78,0,78,0,10,126,0,136,158,0,158,294
04/27/2007,ANE,MN,AGL,CE,Federal Contract Tower,0,6,31,0,37,0,1,127,2,130,0,7,158,2,167,176,0,176,343
04/28/2007,ANE,MN,AGL,CE,Federal Contract Tower,0,0,17,0,17,0,4,234,4,242,0,4,251,4,259,146,0,146,405
04/29/2007,ANE,MN,AGL,CE,Federal Contract Tower,0,0,19,0,19,0,0,101,0,101,0,0,120,0,120,22,0,22,142
04/30/2007,ANE,MN,AGL,CE,Federal Contract Tower,0,14,22,0,36,0,1,83,0,84,0,15,105,0,120,74,0,74,194
05/01/2007,ANE,MN,AGL,CE,Federal Contract Tower,0,11,38,0,49,0,1,102,0,103,0,12,140,0,152,170,0,170,322
05/02/2007,ANE,MN,AGL,CE,Federal Contract Tower,0,7,35,0,42,0,1,160,0,161,0,8,195,0,203,188,0,188,391
05/03/2007,ANE,MN,AGL,CE,Federal Contract Tower,0,7,34,0,41,0,0,140,0,140,0,7,174,0,181,202,0,202,383
05/04/2007,ANE,MN,AGL,CE,Federal Contract Tower,0,4,27,0,31,0,3,100,0,103,0,7,127,0,134,78,0,78,212
05/05/2007,ANE,MN,AGL,CE,Federal Contract Tower,0,2,11,0,13,0,0,21,4,25,0,2,32,4,38,10,2,12,50
05/06/2007,ANE,MN,AGL,CE,Federal Contract Tower,0,0,15,0,15,0,0,16,0,16,0,0,31,0,31,48,0,48,79
05/07/2007,ANE,MN,AGL,CE,Federal Contract Tower,0,9,37,0,46,0,0,27,0,27,0,9,64,0,73,78,0,78,151
05/08/2007,ANE,MN,AGL,CE,Federal Contract Tower,0,11,38,0,49,0,0,113,0,113,0,11,151,0,162,172,0,172,334
05/09/2007,ANE,MN,AGL,CE,Federal Contract Tower,0,12,32,1,45,0,1,158,3,162,0,13,190,4,207,206,4,210,417
05/10/2007,ANE,MN,AGL,CE,Federal Contract Tower,0,10,48,0,58,0,2,93,4,99,0,12,141,4,157,94,0,94,251
05/11/2007,ANE,MN,AGL,CE,Federal Contract Tower,0,14,20,0,34,0,3,176,0,179,0,17,196,0,213,182,0,182,395
05/12/2007,ANE,MN,AGL,CE,Federal Contract Tower,0,1,13,0,14,0,0,179,0,179,0,1,192,0,193,134,0,134,327
05/13/2007,ANE,MN,AGL,CE,Federal Contract Tower,0,4,20,0,24,0,1,39,0,40,0,5,59,0,64,16,0,16,80
05/14/2007,ANE,MN,AGL,CE,Federal Contract Tower,0,6,14,0,20,0,1,43,0,44,0,7,57,0,64,32,0,32,96
05/15/2007,ANE,MN,AGL,CE,Federal Contract Tower,0,10,31,0,41,0,1,53,0,54,0,11,84,0,95,66,0,66,161
05/16/2007,ANE,MN,AGL,CE,Federal Contract Tower,0,13,37,0,50,0,9,164,0,173,0,22,201,0,223,240,0,240,463
05/17/2007,ANE,MN,AGL,CE,Federal Contract Tower,0,12,43,0,55,0,0,183,0,183,0,12,226,0,238,248,0,248,486
05/18/2007,ANE,MN,AGL,CE,Federal Contract Tower,0,7,17,0,24,0,0,87,2,89,0,7,104,2,113,74,2,76,189
05/19/2007,ANE,MN,AGL,CE,Federal Contract Tower,0,3,9,0,12,0,0,221,0,221,0,3,230,0,233,170,0,170,403
05/20/2007,ANE,MN,AGL,CE,Federal Contract Tower,0,2,24,0,26,0,0,129,0,129,0,2,153,0,155,154,0,154,309
05/21/2007,ANE,MN,AGL,CE,Federal Contract Tower,0,9,22,0,31,0,0,90,0,90,0,9,112,0,121,120,0,120,241
05/22/2007,ANE,MN,AGL,CE,Federal Contract Tower,0,12,34,0,46,0,4,70,2,76,0,16,104,2,122,126,0,126,248
05/23/2007,ANE,MN,AGL,CE,Federal Contract Tower,0,8,35,0,43,0,0,63,0,63,0,8,98,0,106,124,0,124,230
05/24/2007,ANE,MN,AGL,CE,Federal Contract Tower,0,9,34,0,43,0,0,54,0,54,0,9,88,0,97,90,0,90,187
05/25/2007,ANE,MN,AGL,CE,Federal Contract Tower,0,6,47,0,53,0,3,176,4,183,0,9,223,4,236,190,0,190,426
05/26/2007,ANE,MN,AGL,CE,Federal Contract Tower,0,1,9,0,10,0,0,82,0,82,0,1,91,0,92,94,0,94,186
05/27/2007,ANE,MN,AGL,CE,Federal Contract Tower,0,0,13,0,13,0,0,101,0,101,0,0,114,0,114,64,0,64,178
05/28/2007,ANE,MN,AGL,CE,Federal Contract Tower,0,0,22,0,22,0,0,123,0,123,0,0,145,0,145,158,0,158,303
05/29/2007,ANE,MN,AGL,CE,Federal Contract Tower,0,10,34,0,44,0,0,113,4,117,0,10,147,4,161,140,16,156,317
05/30/2007,ANE,MN,AGL,CE,Federal Contract Tower,0,8,35,0,43,0,0,56,0,56,0,8,91,0,99,116,0,116,215
05/31/2007,ANE,MN,AGL,CE,Federal Contract Tower,0,9,43,0,52,0,2,176,2,180,0,11,219,2,232,204,2,206,438
06/01/2007,ANE,MN,AGL,CE,Federal Contract Tower,0,3,41,0,44,0,2,105,0,107,0,5,146,0,151,150,0,150,301
06/02/2007,ANE,MN,AGL,CE,Federal Contract Tower,0,5,18,0,23,0,2,158,0,160,0,7,176,0,183,132,0,132,315
06/03/2007,ANE,MN,AGL,CE,Federal Contract Tower,0,3,20,0,23,0,1,35,0,36,0,4,55,0,59,58,0,58,117
06/04/2007,ANE,MN,AGL,CE,Federal Contract Tower,0,13,32,0,45,0,1,113,0,114,0,14,145,0,159,214,0,214,373
06/05/2007,ANE,MN,AGL,CE,Federal Contract Tower,0,8,41,0,49,0,4,176,0,180,0,12,217,0,229,242,0,242,471
06/06/2007,ANE,MN,AGL,CE,Federal Contract Tower,0,17,28,0,45,0,1,64,4,69,0,18,92,4,114,10,4,14,128
06/07/2007,ANE,MN,AGL,CE,Federal Contract Tower,0,11,22,0,33,0,6,65,0,71,0,17,87,0,104,42,0,42,146
06/08/2007,ANE,MN,AGL,CE,Federal Contract Tower,0,14,27,0,41,0,0,101,0,101,0,14,128,0,142,134,0,134,276
06/09/2007,ANE,MN,AGL,CE,Federal Contract Tower,0,2,19,0,21,0,0,185,0,185,0,2,204,0,206,132,0,132,338
06/10/2007,ANE,MN,AGL,CE,Federal Contract Tower,0,3,26,0,29,0,0,172,2,174,0,3,198,2,203,138,0,138,341
06/11/2007,ANE,MN,AGL,CE,Federal Contract Tower,0,7,38,0,45,0,5,140,0,145,0,12,178,0,190,122,0,122,312
06/12/2007,ANE,MN,AGL,CE,Federal Contract Tower,0,10,43,0,53,0,4,132,2,138,0,14,175,2,191,166,14,180,371
06/13/2007,ANE,MN,AGL,CE,Federal Contract Tower,0,6,43,0,49,0,0,108,0,108,0,6,151,0,157,68,0,68,225
06/14/2007,ANE,MN,AGL,CE,Federal Contract Tower,0,9,49,0,58,0,1,82,0,83,0,10,131,0,141,106,4,110,251
06/15/2007,ANE,MN,AGL,CE,Federal Contract Tower,0,10,35,0,45,0,2,126,0,128,0,12,161,0,173,70,0,70,243
06/16/2007,ANE,MN,AGL,CE,Federal Contract Tower,0,0,21,0,21,0,0,138,0,138,0,0,159,0,159,68,0,68,227
06/17/2007,ANE,MN,AGL,CE,Federal Contract Tower,0,0,33,0,33,0,2,142,0,144,0,2,175,0,177,68,0,68,245
06/18/2007,ANE,MN,AGL,CE,Federal Contract Tower,0,10,24,0,34,0,2,84,0,86,0,12,108,0,120,82,0,82,202
06/19/2007,ANE,MN,AGL,CE,Federal Contract Tower,0,9,47,0,56,0,2,101,2,105,0,11,148,2,161,136,6,142,303
06/20/2007,ANE,MN,AGL,CE,Federal Contract Tower,0,8,40,0,48,0,2,83,0,85,0,10,123,0,133,92,0,92,225
06/21/2007,ANE,MN,AGL,CE,Federal Contract Tower,0,9,30,0,39,0,0,86,0,86,0,9,116,0,125,204,0,204,329
06/22/2007,ANE,MN,AGL,CE,Federal Contract Tower,0,9,41,0,50,0,1,97,0,98,0,10,138,0,148,118,0,118,266
06/23/2007,ANE,MN,AGL,CE,Federal Contract Tower,0,4,26,0,30,0,2,128,0,130,0,6,154,0,160,144,0,144,304
06/24/2007,ANE,MN,AGL,CE,Federal Contract Tower,0,1,20,0,21,0,0,193,0,193,0,1,213,0,214,192,0,192,406
06/25/2007,ANE,MN,AGL,CE,Federal Contract Tower,0,10,28,0,38,0,1,128,2,131,0,11,156,2,169,106,2,108,277
06/26/2007,ANE,MN,AGL,CE,Federal Contract Tower,0,6,28,0,34,0,2,98,4,104,0,8,126,4,138,94,4,98,236
06/27/2007,ANE,MN,AGL,CE,Federal Contract Tower,0,7,40,0,47,0,0,155,0,155,0,7,195,0,202,122,0,122,324
06/28/2007,ANE,MN,AGL,CE,Federal Contract Tower,0,7,55,0,62,0,2,126,0,128,0,9,181,0,190,96,0,96,286
06/29/2007,ANE,MN,AGL,CE,Federal Contract Tower,0,8,27,0,35,0,1,179,0,180,0,9,206,0,215,122,8,130,345
06/30/2007,ANE,MN,AGL,CE,Federal Contract Tower,0,0,10,0,10,0,1,153,0,154,0,1,163,0,164,42,0,42,206
07/01/2007,ANE,MN,AGL,CE,Federal Contract Tower,0,2,21,0,23,0,0,148,0,148,0,2,169,0,171,102,0,102,273
07/02/2007,ANE,MN,AGL,CE,Federal Contract Tower,0,6,19,0,25,0,2,106,0,108,0,8,125,0,133,110,0,110,243
07/03/2007,ANE,MN,AGL,CE,Federal Contract Tower,0,10,40,0,50,0,4,75,2,81,0,14,115,2,131,96,0,96,227
07/04/2007,ANE,MN,AGL,CE,Federal Contract Tower,0,2,13,0,15,0,1,135,0,136,0,3,148,0,151,108,0,108,259
07/05/2007,ANE,MN,AGL,CE,Federal Contract Tower,0,10,33,0,43,0,0,128,0,128,0,10,161,0,171,144,0,144,315
07/06/2007,ANE,MN,AGL,CE,Federal Contract Tower,0,4,27,0,31,0,2,121,0,123,0,6,148,0,154,102,0,102,256
07/07/2007,ANE,MN,AGL,CE,Federal Contract Tower,0,2,21,0,23,0,2,124,0,126,0,4,145,0,149,54,0,54,203
07/08/2007,ANE,MN,AGL,CE,Federal Contract Tower,0,0,18,0,18,0,0,97,0,97,0,0,115,0,115,56,0,56,171
07/09/2007,ANE,MN,AGL,CE,Federal Contract Tower,0,10,21,0,31,0,2,132,0,134,0,12,153,0,165,122,0,122,287
07/10/2007,ANE,MN,AGL,CE,Federal Contract Tower,0,9,40,0,49,0,4,95,0,99,0,13,135,0,148,102,0,102,250
07/11/2007,ANE,MN,AGL,CE,Federal Contract Tower,0,7,33,0,40,0,3,91,0,94,0,10,124,0,134,102,4,106,240
07/12/2007,ANE,MN,AGL,CE,Federal Contract Tower,0,9,45,0,54,0,0,92,0,92,0,9,137,0,146,134,0,134,280
07/13/2007,ANE,MN,AGL,CE,Federal Contract Tower,0,8,41,0,49,0,1,169,0,170,0,9,210,0,219,212,0,212,431
07/14/2007,ANE,MN,AGL,CE,Federal Contract Tower,0,1,14,0,15,0,0,212,0,212,0,1,226,0,227,124,0,124,351
07/15/2007,ANE,MN,AGL,CE,Federal Contract Tower,0,2,37,0,39,0,3,183,0,186,0,5,220,0,225,200,0,200,425
07/16/2007,ANE,MN,AGL,CE,Federal Contract Tower,0,7,28,0,35,0,0,105,0,105,0,7,133,0,140,116,2,118,258
07/17/2007,ANE,MN,AGL,CE,Federal Contract Tower,0,10,44,0,54,0,0,79,0,79,0,10,123,0,133,96,0,96,229
07/18/2007,ANE,MN,AGL,CE,Federal Contract Tower,0,8,28,0,36,0,0,80,0,80,0,8,108,0,116,98,0,98,214
07/19/2007,ANE,MN,AGL,CE,Federal Contract Tower,0,10,38,0,48,0,0,127,4,131,0,10,165,4,179,164,0,164,343
07/20/2007,ANE,MN,AGL,CE,Federal Contract Tower,0,10,37,0,47,0,0,204,2,206,0,10,241,2,253,230,0,230,483
07/21/2007,ANE,MN,AGL,CE,Federal Contract Tower,0,1,18,0,19,0,2,232,0,234,0,3,250,0,253,120,0,120,373
07/22/2007,ANE,MN,AGL,CE,Federal Contract Tower,0,2,29,0,31,0,2,128,0,130,0,4,157,0,161,114,0,114,275
07/23/2007,ANE,MN,AGL,CE,Federal Contract Tower,0,9,32,0,41,0,1,125,0,126,0,10,157,0,167,94,0,94,261
07/24/2007,ANE,MN,AGL,CE,Federal Contract Tower,0,9,32,0,41,0,0,77,0,77,0,9,109,0,118,42,0,42,160
07/25/2007,ANE,MN,AGL,CE,Federal Contract Tower,0,10,28,0,38,0,2,91,0,93,0,12,119,0,131,92,0,92,223
07/26/2007,ANE,MN,AGL,CE,Federal Contract Tower,0,12,30,0,42,0,1,91,0,92,0,13,121,0,134,36,0,36,170
07/27/2007,ANE,MN,AGL,CE,Federal Contract Tower,0,9,29,0,38,0,1,152,2,155,0,10,181,2,193,80,0,80,273
07/28/2007,ANE,MN,AGL,CE,Federal Contract Tower,0,0,16,0,16,0,0,155,0,155,0,0,171,0,171,92,0,92,263
07/29/2007,ANE,MN,AGL,CE,Federal Contract Tower,0,1,21,0,22,0,0,171,0,171,0,1,192,0,193,58,0,58,251
07/30/2007,ANE,MN,AGL,CE,Federal Contract Tower,0,10,27,0,37,0,2,98,0,100,0,12,125,0,137,76,0,76,213
07/31/2007,ANE,MN,AGL,CE,Federal Contract Tower,0,5,29,0,34,0,2,112,2,116,0,7,141,2,150,22,0,22,172
08/01/2007,ANE,MN,AGL,CE,Federal Contract Tower,0,9,27,0,36,0,1,91,0,92,0,10,118,0,128,52,0,52,180
08/02/2007,ANE,MN,AGL,CE,Federal Contract Tower,0,13,50,0,63,0,0,161,2,163,0,13,211,2,226,170,0,170,396
08/03/2007,ANE,MN,AGL,CE,Federal Contract Tower,0,9,44,0,53,0,0,144,4,148,0,9,188,4,201,150,0,150,351
08/04/2007,ANE,MN,AGL,CE,Federal Contract Tower,0,1,4,0,5,0,0,46,0,46,0,1,50,0,51,10,0,10,61
08/05/2007,ANE,MN,AGL,CE,Federal Contract Tower,0,21,65,0,86,0,0,54,0,54,0,21,119,0,140,56,0,56,196
08/06/2007,ANE,MN,AGL,CE,Federal Contract Tower,0,12,31,0,43,0,0,22,0,22,0,12,53,0,65,114,0,114,179
08/07/2007,ANE,MN,AGL,CE,Federal Contract Tower,0,8,40,0,48,0,1,94,0,95,0,9,134,0,143,110,4,114,257
08/08/2007,ANE,MN,AGL,CE,Federal Contract Tower,0,7,38,0,45,0,1,123,2,126,0,8,161,2,171,124,0,124,295
08/09/2007,ANE,MN,AGL,CE,Federal Contract Tower,0,8,50,0,58,0,0,123,2,125,0,8,173,2,183,140,0,140,323
08/10/2007,ANE,MN,AGL,CE,Federal Contract Tower,0,12,43,0,55,0,1,113,0,114,0,13,156,0,169,96,0,96,265
08/11/2007,ANE,MN,AGL,CE,Federal Contract Tower,0,2,13,0,15,0,2,80,0,82,0,4,93,0,97,52,0,52,149
08/12/2007,ANE,MN,AGL,CE,Federal Contract Tower,0,2,21,0,23,0,0,152,0,152,0,2,173,0,175,74,0,74,249
08/13/2007,ANE,MN,AGL,CE,Federal Contract Tower,0,5,31,0,36,0,0,67,0,67,0,5,98,0,103,80,0,80,183
08/14/2007,ANE,MN,AGL,CE,Federal Contract Tower,0,8,38,0,46,0,0,96,0,96,0,8,134,0,142,108,0,108,250
08/15/2007,ANE,MN,AGL,CE,Federal Contract Tower,0,7,24,0,31,0,0,128,0,128,0,7,152,0,159,188,0,188,347
08/16/2007,ANE,MN,AGL,CE,Federal Contract Tower,0,6,42,0,48,0,1,140,2,143,0,7,182,2,191,272,0,272,463
08/17/2007,ANE,MN,AGL,CE,Federal Contract Tower,0,7,28,0,35,0,2,144,2,148,0,9,172,2,183,124,0,124,307
08/18/2007,ANE,MN,AGL,CE,Federal Contract Tower,0,2,15,0,17,0,0,21,0,21,0,2,36,0,38,16,0,16,54
08/19/2007,ANE,MN,AGL,CE,Federal Contract Tower,0,1,27,0,28,0,0,1,0,1,0,1,28,0,29,0,0,0,29
08/20/2007,ANE,MN,AGL,CE,Federal Contract Tower,0,7,43,0,50,0,1,3,0,4,0,8,46,0,54,10,0,10,64
08/21/2007,ANE,MN,AGL,CE,Federal Contract Tower,0,7,30,0,37,0,2,21,0,23,0,9,51,0,60,52,0,52,112
08/22/2007,ANE,MN,AGL,CE,Federal Contract Tower,0,9,46,0,55,0,0,101,0,101,0,9,147,0,156,158,0,158,314
08/23/2007,ANE,MN,AGL,CE,Federal Contract Tower,0,10,50,0,60,0,2,56,0,58,0,12,106,0,118,84,0,84,202
08/24/2007,ANE,MN,AGL,CE,Federal Contract Tower,0,7,44,0,51,0,5,131,0,136,0,12,175,0,187,180,0,180,367
08/25/2007,ANE,MN,AGL,CE,Federal Contract Tower,0,0,15,0,15,0,2,161,2,165,0,2,176,2,180,110,0,110,290
08/26/2007,ANE,MN,AGL,CE,Federal Contract Tower,0,2,32,0,34,0,0,106,0,106,0,2,138,0,140,120,0,120,260
08/27/2007,ANE,MN,AGL,CE,Federal Contract Tower,0,5,36,0,41,0,0,78,0,78,0,5,114,0,119,118,0,118,237
08/28/2007,ANE,MN,AGL,CE,Federal Contract Tower,0,8,31,0,39,0,0,3,4,7,0,8,34,4,46,8,8,16,62
08/29/2007,ANE,MN,AGL,CE,Federal Contract Tower,0,5,40,0,45,0,0,92,0,92,0,5,132,0,137,86,0,86,223
08/30/2007,ANE,MN,AGL,CE,Federal Contract Tower,0,6,41,0,47,0,0,108,0,108,0,6,149,0,155,70,0,70,225
08/31/2007,ANE,MN,AGL,CE,Federal Contract Tower,0,9,30,0,39,0,0,132,0,132,0,9,162,0,171,102,0,102,273
09/01/2007,ANE,MN,AGL,CE,Federal Contract Tower,0,2,10,0,12,0,2,160,0,162,0,4,170,0,174,70,0,70,244
09/02/2007,ANE,MN,AGL,CE,Federal Contract Tower,0,1,9,0,10,0,1,144,0,145,0,2,153,0,155,50,0,50,205
09/03/2007,ANE,MN,AGL,CE,Federal Contract Tower,0,0,26,0,26,0,0,142,0,142,0,0,168,0,168,118,0,118,286
09/04/2007,ANE,MN,AGL,CE,Federal Contract Tower,0,8,28,0,36,0,0,105,0,105,0,8,133,0,141,150,0,150,291
09/05/2007,ANE,MN,AGL,CE,Federal Contract Tower,0,10,40,0,50,0,0,105,2,107,0,10,145,2,157,130,4,134,291
09/06/2007,ANE,MN,AGL,CE,Federal Contract Tower,0,15,32,0,47,0,1,100,0,101,0,16,132,0,148,54,2,56,204
09/07/2007,ANE,MN,AGL,CE,Federal Contract Tower,0,9,25,0,34,0,1,62,4,67,0,10,87,4,101,52,0,52,153
09/08/2007,ANE,MN,AGL,CE,Federal Contract Tower,0,2,15,0,17,0,0,148,0,148,0,2,163,0,165,74,0,74,239
09/09/2007,ANE,MN,AGL,CE,Federal Contract Tower,0,0,24,0,24,0,0,107,0,107,0,0,131,0,131,12,0,12,143
09/10/2007,ANE,MN,AGL,CE,Federal Contract Tower,0,10,46,0,56,0,0,109,0,109,0,10,155,0,165,138,0,138,303
09/11/2007,ANE,MN,AGL,CE,Federal Contract Tower,0,16,37,0,53,0,2,58,0,60,0,18,95,0,113,24,0,24,137
09/12/2007,ANE,MN,AGL,CE,Federal Contract Tower,0,18,30,0,48,0,4,141,6,151,0,22,171,6,199,138,8,146,345
09/13/2007,ANE,MN,AGL,CE,Federal Contract Tower,0,7,32,0,39,0,0,52,0,52,0,7,84,0,91,20,0,20,111
09/14/2007,ANE,MN,AGL,CE,Federal Contract Tower,0,7,27,0,34,0,1,78,0,79,0,8,105,0,113,62,0,62,175
09/15/2007,ANE,MN,AGL,CE,Federal Contract Tower,0,1,8,0,9,0,0,135,0,135,0,1,143,0,144,126,0,126,270
09/16/2007,ANE,MN,AGL,CE,Federal Contract Tower,0,0,28,0,28,0,0,170,0,170,0,0,198,0,198,128,0,128,326
09/17/2007,ANE,MN,AGL,CE,Federal Contract Tower,0,6,39,0,45,0,0,80,0,80,0,6,119,0,125,48,0,48,173
09/18/2007,ANE,MN,AGL,CE,Federal Contract Tower,0,5,21,0,26,0,0,1,4,5,0,5,22,4,31,4,4,8,39
09/19/2007,ANE,MN,AGL,CE,Federal Contract Tower,0,8,56,0,64,0,0,115,0,115,0,8,171,0,179,134,0,134,313
09/20/2007,ANE,MN,AGL,CE,Federal Contract Tower,0,8,38,0,46,0,4,89,2,95,0,12,127,2,141,126,2,128,269
09/21/2007,ANE,MN,AGL,CE,Federal Contract Tower,0,6,23,0,29,0,1,61,0,62,0,7,84,0,91,24,0,24,115
09/22/2007,ANE,MN,AGL,CE,Federal Contract Tower,0,0,24,0,24,0,0,161,0,161,0,0,185,0,185,224,0,224,409
09/23/2007,ANE,MN,AGL,CE,Federal Contract Tower,0,0,26,0,26,0,1,116,0,117,0,1,142,0,143,96,0,96,239
09/24/2007,ANE,MN,AGL,CE,Federal Contract Tower,0,9,34,0,43,0,2,51,0,53,0,11,85,0,96,122,0,122,218
09/25/2007,ANE,MN,AGL,CE,Federal Contract Tower,0,9,39,0,48,0,2,97,0,99,0,11,136,0,147,30,0,30,177
09/26/2007,ANE,MN,AGL,CE,Federal Contract Tower,0,10,35,0,45,0,1,100,0,101,0,11,135,0,146,64,0,64,210
09/27/2007,ANE,MN,AGL,CE,Federal Contract Tower,0,14,16,0,30,0,2,116,2,120,0,16,132,2,150,124,0,124,274
09/28/2007,ANE,MN,AGL,CE,Federal Contract Tower,0,8,26,0,34,0,0,130,0,130,0,8,156,0,164,128,0,128,292
09/29/2007,ANE,MN,AGL,CE,Federal Contract Tower,0,0,11,0,11,0,0,19,0,19,0,0,30,0,30,18,0,18,48
09/30/2007,ANE,MN,AGL,CE,Federal Contract Tower,0,0,14,0,14,0,0,12,0,12,0,0,26,0,26,18,0,18,44
10/01/2007,ANE,MN,AGL,CE,Federal Contract Tower,0,8,31,0,39,0,0,59,0,59,0,8,90,0,98,44,0,44,142
10/02/2007,ANE,MN,AGL,CE,Federal Contract Tower,0,10,27,0,37,0,0,56,0,56,0,10,83,0,93,38,0,38,131
10/03/2007,ANE,MN,AGL,CE,Federal Contract Tower,0,9,13,0,22,0,8,171,0,179,0,17,184,0,201,80,0,80,281
10/04/2007,ANE,MN,AGL,CE,Federal Contract Tower,0,9,39,0,48,0,2,132,0,134,0,11,171,0,182,118,0,118,300
10/05/2007,ANE,MN,AGL,CE,Federal Contract Tower,0,8,32,0,40,0,2,48,0,50,0,10,80,0,90,10,0,10,100
10/06/2007,ANE,MN,AGL,CE,Federal Contract Tower,0,1,14,0,15,0,0,80,0,80,0,1,94,0,95,58,0,58,153
10/07/2007,ANE,MN,AGL,CE,Federal Contract Tower,0,0,18,0,18,0,0,103,0,103,0,0,121,0,121,80,0,80,201
10/08/2007,ANE,MN,AGL,CE,Federal Contract Tower,0,9,39,0,48,0,2,63,0,65,0,11,102,0,113,98,0,98,211
10/09/2007,ANE,MN,AGL,CE,Federal Contract Tower,0,10,30,0,40,0,2,47,0,49,0,12,77,0,89,44,0,44,133
10/10/2007,ANE,MN,AGL,CE,Federal Contract Tower,0,12,30,0,42,0,1,54,0,55,0,13,84,0,97,58,0,58,155
10/11/2007,ANE,MN,AGL,CE,Federal Contract Tower,0,8,64,0,72,0,1,103,0,104,0,9,167,0,176,90,16,106,282
10/12/2007,ANE,MN,AGL,CE,Federal Contract Tower,0,14,27,0,41,0,0,106,0,106,0,14,133,0,147,102,0,102,249
10/13/2007,ANE,MN,AGL,CE,Federal Contract Tower,0,0,16,0,16,0,0,289,0,289,0,0,305,0,305,232,0,232,537
10/14/2007,ANE,MN,AGL,CE,Federal Contract Tower,0,0,21,0,21,0,1,48,0,49,0,1,69,0,70,42,0,42,112
10/15/2007,ANE,MN,AGL,CE,Federal Contract Tower,0,6,31,0,37,0,0,0,0,0,0,6,31,0,37,6,0,6,43
10/16/2007,ANE,MN,AGL,CE,Federal Contract Tower,0,4,25,0,29,0,0,0,0,0,0,4,25,0,29,2,0,2,31
10/17/2007,ANE,MN,AGL,CE,Federal Contract Tower,0,9,39,0,48,0,0,72,0,72,0,9,111,0,120,38,0,38,158
10/18/2007,ANE,MN,AGL,CE,Federal Contract Tower,0,7,33,0,40,0,0,2,0,2,0,7,35,0,42,2,0,2,44
10/19/2007,ANE,MN,AGL,CE,Federal Contract Tower,0,9,18,0,27,0,0,28,1,29,0,9,46,1,56,0,0,0,56
10/20/2007,ANE,MN,AGL,CE,Federal Contract Tower,0,1,21,0,22,0,0,278,0,278,0,1,299,0,300,152,0,152,452
10/21/2007,ANE,MN,AGL,CE,Federal Contract Tower,0,3,26,0,29,0,0,77,0,77,0,3,103,0,106,24,0,24,130
10/22/2007,ANE,MN,AGL,CE,Federal Contract Tower,0,6,22,0,28,0,0,143,0,143,0,6,165,0,171,94,0,94,265
10/23/2007,ANE,MN,AGL,CE,Federal Contract Tower,0,8,50,0,58,0,0,90,0,90,0,8,140,0,148,60,0,60,208
10/24/2007,ANE,MN,AGL,CE,Federal Contract Tower,0,6,37,0,43,0,0,182,0,182,0,6,219,0,225,180,0,180,405
10/25/2007,ANE,MN,AGL,CE,Federal Contract Tower,0,10,40,0,50,0,1,121,0,122,0,11,161,0,172,156,2,158,330
10/26/2007,ANE,MN,AGL,CE,Federal Contract Tower,0,12,40,0,52,0,4,190,0,194,0,16,230,0,246,156,0,156,402
10/27/2007,ANE,MN,AGL,CE,Federal Contract Tower,0,0,35,0,35,0,0,175,2,177,0,0,210,2,212,138,0,138,350
10/28/2007,ANE,MN,AGL,CE,Federal Contract Tower,0,0,33,0,33,0,4,167,0,171,0,4,200,0,204,126,0,126,330
10/29/2007,ANE,MN,AGL,CE,Federal Contract Tower,0,6,45,0,51,0,0,104,0,104,0,6,149,0,155,64,0,64,219
10/30/2007,ANE,MN,AGL,CE,Federal Contract Tower,0,7,26,0,33,0,0,122,0,122,0,7,148,0,155,112,4,116,271
10/31/2007,ANE,MN,AGL,CE,Federal Contract Tower,0,7,21,0,28,0,0,26,0,26,0,7,47,0,54,10,0,10,64
11/01/2007,ANE,MN,AGL,CE,Federal Contract Tower,0,8,44,0,52,0,0,122,0,122,0,8,166,0,174,162,0,162,336
11/02/2007,ANE,MN,AGL,CE,Federal Contract Tower,0,8,34,0,42,0,1,71,0,72,0,9,105,0,114,74,2,76,190
11/03/2007,ANE,MN,AGL,CE,Federal Contract Tower,0,0,23,0,23,0,0,166,0,166,0,0,189,0,189,172,0,172,361
11/04/2007,ANE,MN,AGL,CE,Federal Contract Tower,0,1,15,0,16,0,0,117,0,117,0,1,132,0,133,82,0,82,215
11/05/2007,ANE,MN,AGL,CE,Federal Contract Tower,0,4,25,0,29,0,2,20,0,22,0,6,45,0,51,10,0,10,61
11/06/2007,ANE,MN,AGL,CE,Federal Contract Tower,0,7,32,0,39,0,0,42,0,42,0,7,74,0,81,8,0,8,89
11/07/2007,ANE,MN,AGL,CE,Federal Contract Tower,0,13,27,0,40,0,1,52,4,57,0,14,79,4,97,38,18,56,153
11/08/2007,ANE,MN,AGL,CE,Federal Contract Tower,0,7,36,0,43,0,0,104,2,106,0,7,140,2,149,174,0,174,323
11/09/2007,ANE,MN,AGL,CE,Federal Contract Tower,0,9,28,0,37,0,3,89,0,92,0,12,117,0,129,90,0,90,219
11/10/2007,ANE,MN,AGL,CE,Federal Contract Tower,0,1,19,0,20,0,0,47,0,47,0,1,66,0,67,56,0,56,123
11/11/2007,ANE,MN,AGL,CE,Federal Contract Tower,0,3,21,0,24,0,0,114,0,114,0,3,135,0,138,94,0,94,232
11/12/2007,ANE,MN,AGL,CE,Federal Contract Tower,0,10,25,0,35,0,0,89,0,89,0,10,114,0,124,74,0,74,198
11/13/2007,ANE,MN,AGL,CE,Federal Contract Tower,0,10,27,1,38,0,1,35,1,37,0,11,62,2,75,14,4,18,93
11/14/2007,ANE,MN,AGL,CE,Federal Contract Tower,0,7,32,0,39,0,0,14,0,14,0,7,46,0,53,16,0,16,69
11/15/2007,ANE,MN,AGL,CE,Federal Contract Tower,0,7,29,0,36,0,0,98,2,100,0,7,127,2,136,164,0,164,300
11/16/2007,ANE,MN,AGL,CE,Federal Contract Tower,0,10,21,0,31,0,0,136,4,140,0,10,157,4,171,122,0,122,293
11/17/2007,ANE,MN,AGL,CE,Federal Contract Tower,0,1,16,0,17,0,0,112,0,112,0,1,128,0,129,120,0,120,249
11/18/2007,ANE,MN,AGL,CE,Federal Contract Tower,0,0,8,0,8,0,0,16,0,16,0,0,24,0,24,10,0,10,34
11/19/2007,ANE,MN,AGL,CE,Federal Contract Tower,0,6,21,1,28,0,0,1,0,1,0,6,22,1,29,0,0,0,29
11/20/2007,ANE,MN,AGL,CE,Federal Contract Tower,0,9,32,0,41,0,0,40,0,40,0,9,72,0,81,34,0,34,115
11/21/2007,ANE,MN,AGL,CE,Federal Contract Tower,0,14,25,0,39,0,2,54,0,56,0,16,79,0,95,30,0,30,125
11/22/2007,ANE,MN,AGL,CE,Federal Contract Tower,0,1,6,0,7,0,0,40,0,40,0,1,46,0,47,34,0,34,81
11/23/2007,ANE,MN,AGL,CE,Federal Contract Tower,0,5,33,0,38,0,0,131,0,131,0,5,164,0,169,122,0,122,291
11/24/2007,ANE,MN,AGL,CE,Federal Contract Tower,0,2,29,0,31,0,0,83,0,83,0,2,112,0,114,76,0,76,190
11/25/2007,ANE,MN,AGL,CE,Federal Contract Tower,0,0,16,0,16,0,0,86,0,86,0,0,102,0,102,50,0,50,152
11/26/2007,ANE,MN,AGL,CE,Federal Contract Tower,0,4,28,0,32,0,0,78,0,78,0,4,106,0,110,72,0,72,182
11/27/2007,ANE,MN,AGL,CE,Federal Contract Tower,0,11,28,0,39,0,1,58,2,61,0,12,86,2,100,128,0,128,228
11/28/2007,ANE,MN,AGL,CE,Federal Contract Tower,0,6,20,0,26,0,2,70,4,76,0,8,90,4,102,78,2,80,182
11/29/2007,ANE,MN,AGL,CE,Federal Contract Tower,0,11,35,0,46,0,1,65,0,66,0,12,100,0,112,90,0,90,202
11/30/2007,ANE,MN,AGL,CE,Federal Contract Tower,0,8,23,0,31,0,0,92,6,98,0,8,115,6,129,120,4,124,253
12/01/2007,ANE,MN,AGL,CE,Federal Contract Tower,0,0,2,0,2,0,0,16,0,16,0,0,18,0,18,16,0,16,34
12/02/2007,ANE,MN,AGL,CE,Federal Contract Tower,0,3,2,0,5,0,0,2,0,2,0,3,4,0,7,6,0,6,13
12/03/2007,ANE,MN,AGL,CE,Federal Contract Tower,0,5,15,0,20,0,1,46,2,49,0,6,61,2,69,38,0,38,107
12/04/2007,ANE,MN,AGL,CE,Federal Contract Tower,0,7,15,0,22,0,0,0,0,0,0,7,15,0,22,0,0,0,22
12/05/2007,ANE,MN,AGL,CE,Federal Contract Tower,0,11,31,0,42,0,2,75,0,77,0,13,106,0,119,88,0,88,207
12/06/2007,ANE,MN,AGL,CE,Federal Contract Tower,0,15,28,0,43,0,1,0,0,1,0,16,28,0,44,0,0,0,44
12/07/2007,ANE,MN,AGL,CE,Federal Contract Tower,0,15,34,0,49,0,2,39,0,41,0,17,73,0,90,64,0,64,154
12/08/2007,ANE,MN,AGL,CE,Federal Contract Tower,0,2,11,0,13,0,0,67,0,67,0,2,78,0,80,118,0,118,198
12/09/2007,ANE,MN,AGL,CE,Federal Contract Tower,0,0,8,0,8,0,0,23,0,23,0,0,31,0,31,32,0,32,63
12/10/2007,ANE,MN,AGL,CE,Federal Contract Tower,0,8,21,0,29,0,1,46,0,47,0,9,67,0,76,60,0,60,136
12/11/2007,ANE,MN,AGL,CE,Federal Contract Tower,0,14,32,0,46,0,5,80,2,87,0,19,112,2,133,74,6,80,213
12/12/2007,ANE,MN,AGL,CE,Federal Contract Tower,0,13,47,0,60,0,0,90,0,90,0,13,137,0,150,82,0,82,232
12/13/2007,ANE,MN,AGL,CE,Federal Contract Tower,0,10,30,1,41,0,0,81,5,86,0,10,111,6,127,70,12,82,209
12/14/2007,ANE,MN,AGL,CE,Federal Contract Tower,0,4,21,0,25,0,0,50,0,50,0,4,71,0,75,12,0,12,87
12/15/2007,ANE,MN,AGL,CE,Federal Contract Tower,0,0,18,0,18,0,0,76,0,76,0,0,94,0,94,84,0,84,178
12/16/2007,ANE,MN,AGL,CE,Federal Contract Tower,0,1,19,0,20,0,0,8,0,8,0,1,27,0,28,8,0,8,36
12/17/2007,ANE,MN,AGL,CE,Federal Contract Tower,0,6,35,0,41,0,0,118,0,118,0,6,153,0,159,142,0,142,301
12/18/2007,ANE,MN,AGL,CE,Federal Contract Tower,0,9,52,0,61,0,0,6,0,6,0,9,58,0,67,18,0,18,85
12/19/2007,ANE,MN,AGL,CE,Federal Contract Tower,0,10,47,0,57,0,0,0,0,0,0,10,47,0,57,4,0,4,61
12/20/2007,ANE,MN,AGL,CE,Federal Contract Tower,0,12,39,0,51,0,0,49,0,49,0,12,88,0,100,54,0,54,154
12/21/2007,ANE,MN,AGL,CE,Federal Contract Tower,0,10,21,0,31,0,0,0,0,0,0,10,21,0,31,0,0,0,31
12/22/2007,ANE,MN,AGL,CE,Federal Contract Tower,0,1,4,0,5,0,0,3,0,3,0,1,7,0,8,2,0,2,10
12/23/2007,ANE,MN,AGL,CE,Federal Contract Tower,0,1,6,0,7,0,0,0,0,0,0,1,6,0,7,0,0,0,7
12/24/2007,ANE,MN,AGL,CE,Federal Contract Tower,0,8,16,0,24,0,0,75,0,75,0,8,91,0,99,50,0,50,149
12/25/2007,ANE,MN,AGL,CE,Federal Contract Tower,0,0,1,0,1,0,0,2,0,2,0,0,3,0,3,4,0,4,7
12/26/2007,ANE,MN,AGL,CE,Federal Contract Tower,0,11,21,0,32,0,0,23,0,23,0,11,44,0,55,46,0,46,101
12/27/2007,ANE,MN,AGL,CE,Federal Contract Tower,0,6,31,0,37,0,0,48,0,48,0,6,79,0,85,80,0,80,165
12/28/2007,ANE,MN,AGL,CE,Federal Contract Tower,0,10,16,0,26,0,0,0,0,0,0,10,16,0,26,0,0,0,26
12/29/2007,ANE,MN,AGL,CE,Federal Contract Tower,0,0,9,0,9,0,0,0,0,0,0,0,9,0,9,0,0,0,9
12/30/2007,ANE,MN,AGL,CE,Federal Contract Tower,0,2,10,0,12,0,0,0,0,0,0,2,10,0,12,0,0,0,12
12/31/2007,ANE,MN,AGL,CE,Federal Contract Tower,0,5,9,0,14,0,0,12,0,12,0,5,21,0,26,14,0,14,40
01/01/2008,ANE,MN,AGL,CE,Federal Contract Tower,0,0,5,0,5,0,0,15,0,15,0,0,20,0,20,26,0,26,46
01/02/2008,ANE,MN,AGL,CE,Federal Contract Tower,0,7,30,0,37,0,0,45,0,45,0,7,75,0,82,88,2,90,172
01/03/2008,ANE,MN,AGL,CE,Federal Contract Tower,0,5,16,0,21,0,1,52,0,53,0,6,68,0,74,68,0,68,142
01/04/2008,ANE,MN,AGL,CE,Federal Contract Tower,0,10,24,0,34,0,1,66,0,67,0,11,90,0,101,86,0,86,187
01/05/2008,ANE,MN,AGL,CE,Federal Contract Tower,0,1,18,0,19,0,0,2,0,2,0,1,20,0,21,6,0,6,27
01/06/2008,ANE,MN,AGL,CE,Federal Contract Tower,0,0,19,0,19,0,0,28,0,28,0,0,47,0,47,44,0,44,91
01/07/2008,ANE,MN,AGL,CE,Federal Contract Tower,0,6,22,0,28,0,0,58,0,58,0,6,80,0,86,62,0,62,148
01/08/2008,ANE,MN,AGL,CE,Federal Contract Tower,0,13,39,0,52,0,0,35,0,35,0,13,74,0,87,74,0,74,161
01/09/2008,ANE,MN,AGL,CE,Federal Contract Tower,0,10,18,0,28,0,0,49,0,49,0,10,67,0,77,20,0,20,97
01/10/2008,ANE,MN,AGL,CE,Federal Contract Tower,0,11,10,0,21,0,1,24,2,27,0,12,34,2,48,28,16,44,92
01/11/2008,ANE,MN,AGL,CE,Federal Contract Tower,0,13,16,0,29,0,0,0,0,0,0,13,16,0,29,0,0,0,29
01/12/2008,ANE,MN,AGL,CE,Federal Contract Tower,0,2,9,0,11,0,0,54,0,54,0,2,63,0,65,90,2,92,157
01/13/2008,ANE,MN,AGL,CE,Federal Contract Tower,0,1,13,0,14,0,0,93,0,93,0,1,106,0,107,194,2,196,303
01/14/2008,ANE,MN,AGL,CE,Federal Contract Tower,0,23,19,0,42,0,0,64,0,64,0,23,83,0,106,66,0,66,172
01/15/2008,ANE,MN,AGL,CE,Federal Contract Tower,0,15,19,0,34,0,0,65,0,65,0,15,84,0,99,72,0,72,171
01/16/2008,ANE,MN,AGL,CE,Federal Contract Tower,0,8,26,0,34,0,0,7,0,7,0,8,33,0,41,18,0,18,59
01/17/2008,ANE,MN,AGL,CE,Federal Contract Tower,0,13,23,0,36,0,4,36,0,40,0,17,59,0,76,56,2,58,134
01/18/2008,ANE,MN,AGL,CE,Federal Contract Tower,0,17,14,0,31,0,1,52,0,53,0,18,66,0,84,38,0,38,122
01/19/2008,ANE,MN,AGL,CE,Federal Contract Tower,0,3,12,0,15,0,0,38,0,38,0,3,50,0,53,52,0,52,105
01/20/2008,ANE,MN,AGL,CE,Federal Contract Tower,0,1,18,0,19,0,0,67,0,67,0,1,85,0,86,76,0,76,162
01/21/2008,ANE,MN,AGL,CE,Federal Contract Tower,0,17,12,0,29,0,0,0,0,0,0,17,12,0,29,2,0,2,31
01/22/2008,ANE,MN,AGL,CE,Federal Contract Tower,0,14,31,0,45,0,0,21,0,21,0,14,52,0,66,6,6,12,78
01/23/2008,ANE,MN,AGL,CE,Federal Contract Tower,0,10,27,0,37,0,0,22,0,22,0,10,49,0,59,42,2,44,103
01/24/2008,ANE,MN,AGL,CE,Federal Contract Tower,0,18,39,0,57,0,2,62,0,64,0,20,101,0,121,76,0,76,197
01/25/2008,ANE,MN,AGL,CE,Federal Contract Tower,0,10,33,0,43,0,1,55,3,59,0,11,88,3,102,78,0,78,180
01/26/2008,ANE,MN,AGL,CE,Federal Contract Tower,0,8,23,0,31,0,2,76,0,78,0,10,99,0,109,94,0,94,203
01/27/2008,ANE,MN,AGL,CE,Federal Contract Tower,0,2,27,0,29,0,0,162,0,162,0,2,189,0,191,130,0,130,321
01/28/2008,ANE,MN,AGL,CE,Federal Contract Tower,0,14,14,0,28,0,2,42,0,44,0,16,56,0,72,40,0,40,112
01/29/2008,ANE,MN,AGL,CE,Federal Contract Tower,0,8,14,0,22,0,0,1,0,1,0,8,15,0,23,2,4,6,29
01/30/2008,ANE,MN,AGL,CE,Federal Contract Tower,0,22,20,0,42,0,2,34,0,36,0,24,54,0,78,30,0,30,108
01/31/2008,ANE,MN,AGL,CE,Federal Contract Tower,0,10,15,0,25,0,0,75,2,77,0,10,90,2,102,76,4,80,182
02/01/2008,ANE,MN,AGL,CE,Federal Contract Tower,0,16,22,0,38,0,1,89,2,92,0,17,111,2,130,112,12,124,254
02/02/2008,ANE,MN,AGL,CE,Federal Contract Tower,0,0,16,0,16,0,0,34,0,34,0,0,50,0,50,178,0,178,228
02/03/2008,ANE,MN,AGL,CE,Federal Contract Tower,0,0,7,0,7,0,0,16,0,16,0,0,23,0,23,12,0,12,35
02/04/2008,ANE,MN,AGL,CE,Federal Contract Tower,0,11,9,0,20,0,0,0,0,0,0,11,9,0,20,0,0,0,20
02/05/2008,ANE,MN,AGL,CE,Federal Contract Tower,0,13,17,0,30,0,0,0,0,0,0,13,17,0,30,4,2,6,36
02/06/2008,ANE,MN,AGL,CE,Federal Contract Tower,0,14,19,0,33,0,0,66,0,66,0,14,85,0,99,84,0,84,183
02/07/2008,ANE,MN,AGL,CE,Federal Contract Tower,0,16,26,0,42,0,0,23,0,23,0,16,49,0,65,10,0,10,75
02/08/2008,ANE,MN,AGL,CE,Federal Contract Tower,0,15,15,0,30,0,0,53,0,53,0,15,68,0,83,42,4,46,129
02/09/2008,ANE,MN,AGL,CE,Federal Contract Tower,0,0,0,0,0,0,0,2,0,2,0,0,2,0,2,0,0,0,2
02/10/2008,ANE,MN,AGL,CE,Federal Contract Tower,0,1,6,0,7,0,5,43,0,48,0,6,49,0,55,14,0,14,69
02/11/2008,ANE,MN,AGL,CE,Federal Contract Tower,0,14,23,0,37,0,0,35,0,35,0,14,58,0,72,16,0,16,88
02/12/2008,ANE,MN,AGL,CE,Federal Contract Tower,0,17,31,0,48,0,1,62,0,63,0,18,93,0,111,120,0,120,231
02/13/2008,ANE,MN,AGL,CE,Federal Contract Tower,0,19,39,0,58,0,7,48,0,55,0,26,87,0,113,138,0,138,251
02/14/2008,ANE,MN,AGL,CE,Federal Contract Tower,0,14,14,0,28,0,2,56,2,60,0,16,70,2,88,64,4,68,156
02/15/2008,ANE,MN,AGL,CE,Federal Contract Tower,0,17,9,0,26,0,4,57,0,61,0,21,66,0,87,90,0,90,177
02/16/2008,ANE,MN,AGL,CE,Federal Contract Tower,0,0,19,0,19,0,0,137,0,137,0,0,156,0,156,102,0,102,258
02/17/2008,ANE,MN,AGL,CE,Federal Contract Tower,0,1,8,0,9,0,3,24,0,27,0,4,32,0,36,26,0,26,62
02/18/2008,ANE,MN,AGL,CE,Federal Contract Tower,0,14,16,0,30,0,1,15,0,16,0,15,31,0,46,8,0,8,54
02/19/2008,ANE,MN,AGL,CE,Federal Contract Tower,0,14,29,0,43,0,0,22,2,24,0,14,51,2,67,30,2,32,99
02/20/2008,ANE,MN,AGL,CE,Federal Contract Tower,0,18,18,0,36,0,5,50,1,56,0,23,68,1,92,38,0,38,130
02/21/2008,ANE,MN,AGL,CE,Federal Contract Tower,0,14,21,0,35,0,0,106,2,108,0,14,127,2,143,94,6,100,243
02/22/2008,ANE,MN,AGL,CE,Federal Contract Tower,0,19,30,0,49,0,5,124,2,131,0,24,154,2,180,96,6,102,282
02/23/2008,ANE,MN,AGL,CE,Federal Contract Tower,0,1,17,0,18,0,0,176,0,176,0,1,193,0,194,174,0,174,368
02/24/2008,ANE,MN,AGL,CE,Federal Contract Tower,0,0,27,0,27,0,1,97,0,98,0,1,124,0,125,104,0,104,229
02/25/2008,ANE,MN,AGL,CE,Federal Contract Tower,0,15,17,0,32,0,0,18,0,18,0,15,35,0,50,8,0,8,58
02/26/2008,ANE,MN,AGL,CE,Federal Contract Tower,0,15,18,0,33,0,1,41,0,42,0,16,59,0,75,42,2,44,119
02/27/2008,ANE,MN,AGL,CE,Federal Contract Tower,0,15,31,0,46,0,0,101,0,101,0,15,132,0,147,112,0,112,259
02/28/2008,ANE,MN,AGL,CE,Federal Contract Tower,0,11,19,0,30,0,0,25,0,25,0,11,44,0,55,26,0,26,81
02/29/2008,ANE,MN,AGL,CE,Federal Contract Tower,0,20,13,0,33,0,1,28,2,31,0,21,41,2,64,18,0,18,82
03/01/2008,ANE,MN,AGL,CE,Federal Contract Tower,0,2,19,0,21,0,0,120,0,120,0,2,139,0,141,102,0,102,243
03/02/2008,ANE,MN,AGL,CE,Federal Contract Tower,0,0,10,0,10,0,0,15,0,15,0,0,25,0,25,38,0,38,63
03/03/2008,ANE,MN,AGL,CE,Federal Contract Tower,0,14,15,0,29,0,0,43,0,43,0,14,58,0,72,64,0,64,136
03/04/2008,ANE,MN,AGL,CE,Federal Contract Tower,0,10,28,0,38,0,0,59,2,61,0,10,87,2,99,112,12,124,223
03/05/2008,ANE,MN,AGL,CE,Federal Contract Tower,0,19,22,0,41,0,0,75,0,75,0,19,97,0,116,118,0,118,234
03/06/2008,ANE,MN,AGL,CE,Federal Contract Tower,0,13,29,0,42,0,8,101,2,111,0,21,130,2,153,134,2,136,289
03/07/2008,ANE,MN,AGL,CE,Federal Contract Tower,0,16,20,0,36,0,5,63,2,70,0,21,83,2,106,64,2,66,172
03/08/2008,ANE,MN,AGL,CE,Federal Contract Tower,0,0,20,0,20,0,0,53,0,53,0,0,73,0,73,68,0,68,141
03/09/2008,ANE,MN,AGL,CE,Federal Contract Tower,0,1,16,0,17,0,2,85,0,87,0,3,101,0,104,98,0,98,202
03/10/2008,ANE,MN,AGL,CE,Federal Contract Tower,0,12,29,0,41,0,1,63,2,66,0,13,92,2,107,22,0,22,129
03/11/2008,ANE,MN,AGL,CE,Federal Contract Tower,0,14,23,0,37,0,0,109,4,113,0,14,132,4,150,178,2,180,330
03/12/2008,ANE,MN,AGL,CE,Federal Contract Tower,0,12,23,0,35,0,0,54,2,56,0,12,77,2,91,58,2,60,151
03/13/2008,ANE,MN,AGL,CE,Federal Contract Tower,0,10,22,0,32,0,2,125,0,127,0,12,147,0,159,88,0,88,247
03/14/2008,ANE,MN,AGL,CE,Federal Contract Tower,0,10,30,0,40,0,4,100,0,104,0,14,130,0,144,54,0,54,198
03/15/2008,ANE,MN,AGL,CE,Federal Contract Tower,0,3,27,0,30,0,1,121,3,125,0,4,148,3,155,76,2,78,233
03/16/2008,ANE,MN,AGL,CE,Federal Contract Tower,0,0,29,0,29,0,0,125,0,125,0,0,154,0,154,150,0,150,304
03/17/2008,ANE,MN,AGL,CE,Federal Contract Tower,0,12,18,0,30,0,0,0,0,0,0,12,18,0,30,0,0,0,30
03/18/2008,ANE,MN,AGL,CE,Federal Contract Tower,0,17,20,0,37,0,2,30,4,36,0,19,50,4,73,40,6,46,119
03/19/2008,ANE,MN,AGL,CE,Federal Contract Tower,0,13,44,0,57,0,2,90,4,96,0,15,134,4,153,140,8,148,301
03/20/2008,ANE,MN,AGL,CE,Federal Contract Tower,0,12,31,0,43,0,0,71,2,73,0,12,102,2,116,58,0,58,174
03/21/2008,ANE,MN,AGL,CE,Federal Contract Tower,0,14,9,0,23,0,0,0,0,0,0,14,9,0,23,0,0,0,23
03/22/2008,ANE,MN,AGL,CE,Federal Contract Tower,0,1,3,0,4,0,0,0,0,0,0,1,3,0,4,0,0,0,4
03/23/2008,ANE,MN,AGL,CE,Federal Contract Tower,0,1,11,0,12,0,0,10,0,10,0,1,21,0,22,12,0,12,34
03/24/2008,ANE,MN,AGL,CE,Federal Contract Tower,0,12,20,0,32,0,1,86,2,89,0,13,106,2,121,68,2,70,191
03/25/2008,ANE,MN,AGL,CE,Federal Contract Tower,0,14,20,1,35,0,0,75,3,78,0,14,95,4,113,56,14,70,183
03/26/2008,ANE,MN,AGL,CE,Federal Contract Tower,0,11,33,0,44,0,0,76,2,78,0,11,109,2,122,84,4,88,210
03/27/2008,ANE,MN,AGL,CE,Federal Contract Tower,0,13,26,0,39,0,0,88,0,88,0,13,114,0,127,58,0,58,185
03/28/2008,ANE,MN,AGL,CE,Federal Contract Tower,0,8,36,0,44,0,2,100,0,102,0,10,136,0,146,70,2,72,218
03/29/2008,ANE,MN,AGL,CE,Federal Contract Tower,0,3,15,0,18,0,0,90,5,95,0,3,105,5,113,72,0,72,185
03/30/2008,ANE,MN,AGL,CE,Federal Contract Tower,0,1,30,0,31,0,1,124,0,125,0,2,154,0,156,160,0,160,316
03/31/2008,ANE,MN,AGL,CE,Federal Contract Tower,0,10,6,0,16,0,0,0,0,0,0,10,6,0,16,0,0,0,16
04/01/2008,ANE,MN,AGL,CE,Federal Contract Tower,0,13,23,0,36,0,0,60,2,62,0,13,83,2,98,94,2,96,194
04/02/2008,ANE,MN,AGL,CE,Federal Contract Tower,0,16,29,0,45,0,0,77,0,77,0,16,106,0,122,54,0,54,176
04/03/2008,ANE,MN,AGL,CE,Federal Contract Tower,0,9,27,0,36,0,1,56,0,57,0,10,83,0,93,64,0,64,157
04/04/2008,ANE,MN,AGL,CE,Federal Contract Tower,0,12,24,0,36,0,1,85,0,86,0,13,109,0,122,86,2,88,210
04/05/2008,ANE,MN,AGL,CE,Federal Contract Tower,0,1,12,0,13,0,0,148,0,148,0,1,160,0,161,118,0,118,279
04/06/2008,ANE,MN,AGL,CE,Federal Contract Tower,0,2,13,0,15,0,0,22,0,22,0,2,35,0,37,4,0,4,41
04/07/2008,ANE,MN,AGL,CE,Federal Contract Tower,0,17,10,0,27,0,0,72,0,72,0,17,82,0,99,116,0,116,215
04/08/2008,ANE,MN,AGL,CE,Federal Contract Tower,0,13,28,0,41,0,0,75,0,75,0,13,103,0,116,120,0,120,236
04/09/2008,ANE,MN,AGL,CE,Federal Contract Tower,0,11,31,0,42,0,0,61,0,61,0,11,92,0,103,62,0,62,165
04/10/2008,ANE,MN,AGL,CE,Federal Contract Tower,0,8,20,0,28,0,0,9,0,9,0,8,29,0,37,2,0,2,39
04/11/2008,ANE,MN,AGL,CE,Federal Contract Tower,0,14,4,0,18,0,0,0,0,0,0,14,4,0,18,0,0,0,18
04/12/2008,ANE,MN,AGL,CE,Federal Contract Tower,0,4,8,0,12,0,0,11,0,11,0,4,19,0,23,8,0,8,31
04/13/2008,ANE,MN,AGL,CE,Federal Contract Tower,0,0,38,0,38,0,0,155,0,155,0,0,193,0,193,224,0,224,417
04/14/2008,ANE,MN,AGL,CE,Federal Contract Tower,0,11,29,0,40,0,0,106,2,108,0,11,135,2,148,134,0,134,282
04/15/2008,ANE,MN,AGL,CE,Federal Contract Tower,0,12,17,0,29,0,0,10,0,10,0,12,27,0,39,2,2,4,43
04/16/2008,ANE,MN,AGL,CE,Federal Contract Tower,0,17,43,0,60,0,0,85,0,85,0,17,128,0,145,66,0,66,211
04/17/2008,ANE,MN,AGL,CE,Federal Contract Tower,0,15,43,0,58,0,0,64,0,64,0,15,107,0,122,117,0,117,239
04/18/2008,ANE,MN,AGL,CE,Federal Contract Tower,0,16,28,0,44,0,0,44,0,44,0,16,72,0,88,34,0,34,122
04/19/2008,ANE,MN,AGL,CE,Federal Contract Tower,0,1,27,0,28,0,0,30,0,30,0,1,57,0,58,98,0,98,156
04/20/2008,ANE,MN,AGL,CE,Federal Contract Tower,0,3,24,0,27,0,0,123,0,123,0,3,147,0,150,152,0,152,302
04/21/2008,ANE,MN,AGL,CE,Federal Contract Tower,0,15,10,0,25,0,0,82,2,84,0,15,92,2,109,86,4,90,199
04/22/2008,ANE,MN,AGL,CE,Federal Contract Tower,0,14,29,0,43,0,0,120,0,120,0,14,149,0,163,66,0,66,229
04/23/2008,ANE,MN,AGL,CE,Federal Contract Tower,0,14,21,0,35,0,0,117,2,119,0,14,138,2,154,146,4,150,304
04/24/2008,ANE,MN,AGL,CE,Federal Contract Tower,0,13,25,0,38,0,0,2,0,2,0,13,27,0,40,2,0,2,42
04/25/2008,ANE,MN,AGL,CE,Federal Contract Tower,0,13,15,0,28,0,0,0,0,0,0,13,15,0,28,0,0,0,28
04/26/2008,ANE,MN,AGL,CE,Federal Contract Tower,0,2,4,0,6,0,0,4,0,4,0,2,8,0,10,0,0,0,10
04/27/2008,ANE,MN,AGL,CE,Federal Contract Tower,0,3,23,0,26,0,0,81,0,81,0,3,104,0,107,126,0,126,233
04/28/2008,ANE,MN,AGL,CE,Federal Contract Tower,0,10,19,0,29,0,1,55,0,56,0,11,74,0,85,78,0,78,163
04/29/2008,ANE,MN,AGL,CE,Federal Contract Tower,0,16,32,0,48,0,0,154,2,156,0,16,186,2,204,116,2,118,322
04/30/2008,ANE,MN,AGL,CE,Federal Contract Tower,0,12,36,0,48,0,0,116,0,116,0,12,152,0,164,138,6,144,308
05/01/2008,ANE,MN,AGL,CE,Federal Contract Tower,0,16,21,0,37,0,2,35,0,37,0,18,56,0,74,54,6,60,134
05/02/2008,ANE,MN,AGL,CE,Federal Contract Tower,0,12,17,0,29,0,0,0,0,0,0,12,17,0,29,0,0,0,29
05/03/2008,ANE,MN,AGL,CE,Federal Contract Tower,0,0,12,0,12,0,2,86,0,88,0,2,98,0,100,38,0,38,138
05/04/2008,ANE,MN,AGL,CE,Federal Contract Tower,0,2,38,0,40,0,2,176,2,180,0,4,214,2,220,186,2,188,408
05/05/2008,ANE,MN,AGL,CE,Federal Contract Tower,0,10,31,0,41,0,0,120,2,122,0,10,151,2,163,88,2,90,253
05/06/2008,ANE,MN,AGL,CE,Federal Contract Tower,0,11,20,0,31,0,1,61,0,62,0,12,81,0,93,28,0,28,121
05/07/2008,ANE,MN,AGL,CE,Federal Contract Tower,0,13,24,0,37,0,0,63,0,63,0,13,87,0,100,92,0,92,192
05/08/2008,ANE,MN,AGL,CE,Federal Contract Tower,0,13,37,0,50,0,5,138,0,143,0,18,175,0,193,126,0,126,319
05/09/2008,ANE,MN,AGL,CE,Federal Contract Tower,0,13,29,0,42,0,2,150,2,154,0,15,179,2,196,140,2,142,338
05/10/2008,ANE,MN,AGL,CE,Federal Contract Tower,0,0,15,0,15,0,0,121,0,121,0,0,136,0,136,98,0,98,234
05/11/2008,ANE,MN,AGL,CE,Federal Contract Tower,0,2,8,0,10,0,0,83,0,83,0,2,91,0,93,26,0,26,119
05/12/2008,ANE,MN,AGL,CE,Federal Contract Tower,0,17,43,0,60,0,1,83,2,86,0,18,126,2,146,60,2,62,208
05/13/2008,ANE,MN,AGL,CE,Federal Contract Tower,0,16,44,0,60,0,0,28,0,28,0,16,72,0,88,84,0,84,172
05/14/2008,ANE,MN,AGL,CE,Federal Contract Tower,0,11,27,0,38,0,0,105,0,105,0,11,132,0,143,144,0,144,287
05/15/2008,ANE,MN,AGL,CE,Federal Contract Tower,0,12,29,0,41,0,0,112,4,116,0,12,141,4,157,146,0,146,303
05/16/2008,ANE,MN,AGL,CE,Federal Contract Tower,0,15,24,0,39,0,2,151,0,153,0,17,175,0,192,152,0,152,344
05/17/2008,ANE,MN,AGL,CE,Federal Contract Tower,0,2,18,0,20,0,0,345,0,345,0,2,363,0,365,332,6,338,703
05/18/2008,ANE,MN,AGL,CE,Federal Contract Tower,0,4,14,0,18,0,5,266,0,271,0,9,280,0,289,234,0,234,523
05/19/2008,ANE,MN,AGL,CE,Federal Contract Tower,0,14,22,0,36,0,0,42,0,42,0,14,64,0,78,72,0,72,150
05/20/2008,ANE,MN,AGL,CE,Federal Contract Tower,0,12,27,0,39,0,1,65,0,66,0,13,92,0,105,54,4,58,163
05/21/2008,ANE,MN,AGL,CE,Federal Contract Tower,0,13,42,0,55,0,0,120,2,122,0,13,162,2,177,164,0,164,341
05/22/2008,ANE,MN,AGL,CE,Federal Contract Tower,0,13,40,0,53,0,1,124,2,127,0,14,164,2,180,102,0,102,282
05/23/2008,ANE,MN,AGL,CE,Federal Contract Tower,0,13,36,0,49,0,1,117,0,118,0,14,153,0,167,120,4,124,291
05/24/2008,ANE,MN,AGL,CE,Federal Contract Tower,0,0,9,0,9,0,0,121,0,121,0,0,130,0,130,80,0,80,210
05/25/2008,ANE,MN,AGL,CE,Federal Contract Tower,0,2,7,0,9,0,8,51,0,59,0,10,58,0,68,66,0,66,134
05/26/2008,ANE,MN,AGL,CE,Federal Contract Tower,0,1,12,0,13,0,0,52,0,52,0,1,64,0,65,46,0,46,111
05/27/2008,ANE,MN,AGL,CE,Federal Contract Tower,0,13,29,0,42,0,0,97,0,97,0,13,126,0,139,116,4,120,259
05/28/2008,ANE,MN,AGL,CE,Federal Contract Tower,0,10,34,0,44,0,0,117,0,117,0,10,151,0,161,164,0,164,325
05/29/2008,ANE,MN,AGL,CE,Federal Contract Tower,0,19,27,0,46,0,2,35,0,37,0,21,62,0,83,36,0,36,119
05/30/2008,ANE,MN,AGL,CE,Federal Contract Tower,0,18,33,0,51,0,2,52,0,54,0,20,85,0,105,64,0,64,169
05/31/2008,ANE,MN,AGL,CE,Federal Contract Tower,0,0,27,0,27,0,0,154,0,154,0,0,181,0,181,158,0,158,339
06/01/2008,ANE,MN,AGL,CE,Federal Contract Tower,0,5,16,0,21,0,7,159,0,166,0,12,175,0,187,120,0,120,307
06/02/2008,ANE,MN,AGL,CE,Federal Contract Tower,0,13,19,0,32,0,1,48,0,49,0,14,67,0,81,88,0,88,169
06/03/2008,ANE,MN,AGL,CE,Federal Contract Tower,0,10,11,0,21,0,1,18,0,19,0,11,29,0,40,62,0,62,102
06/04/2008,ANE,MN,AGL,CE,Federal Contract Tower,0,14,34,0,48,0,1,103,2,106,0,15,137,2,154,156,2,158,312
06/05/2008,ANE,MN,AGL,CE,Federal Contract Tower,0,17,26,0,43,0,0,7,0,7,0,17,33,0,50,20,0,20,70
06/06/2008,ANE,MN,AGL,CE,Federal Contract Tower,0,15,16,0,31,0,0,14,3,17,0,15,30,3,48,2,0,2,50
06/07/2008,ANE,MN,AGL,CE,Federal Contract Tower,0,1,11,0,12,0,0,141,0,141,0,1,152,0,153,98,0,98,251
06/08/2008,ANE,MN,AGL,CE,Federal Contract Tower,0,1,7,0,8,0,1,174,0,175,0,2,181,0,183,122,0,122,305
06/09/2008,ANE,MN,AGL,CE,Federal Contract Tower,0,10,30,0,40,0,1,112,1,114,0,11,142,1,154,110,0,110,264
06/10/2008,ANE,MN,AGL,CE,Federal Contract Tower,0,13,32,0,45,0,0,84,0,84,0,13,116,0,129,128,2,130,259
06/11/2008,ANE,MN,AGL,CE,Federal Contract Tower,0,11,35,2,48,0,0,1,0,1,0,11,36,2,49,2,4,6,55
06/12/2008,ANE,MN,AGL,CE,Federal Contract Tower,0,11,52,0,63,0,0,114,0,114,0,11,166,0,177,162,0,162,339
06/13/2008,ANE,MN,AGL,CE,Federal Contract Tower,0,21,32,0,53,0,2,48,0,50,0,23,80,0,103,86,0,86,189
06/14/2008,ANE,MN,AGL,CE,Federal Contract Tower,0,6,25,0,31,0,0,142,0,142,0,6,167,0,173,132,0,132,305
06/15/2008,ANE,MN,AGL,CE,Federal Contract Tower,0,0,14,0,14,0,0,124,0,124,0,0,138,0,138,62,0,62,200
06/16/2008,ANE,MN,AGL,CE,Federal Contract Tower,0,14,24,0,38,0,0,94,4,98,0,14,118,4,136,164,0,164,300
06/17/2008,ANE,MN,AGL,CE,Federal Contract Tower,0,10,23,0,33,0,0,125,0,125,0,10,148,0,158,206,0,206,364
06/18/2008,ANE,MN,AGL,CE,Federal Contract Tower,0,12,25,0,37,0,0,168,0,168,0,12,193,0,205,240,6,246,451
06/19/2008,ANE,MN,AGL,CE,Federal Contract Tower,0,10,42,0,52,0,0,135,0,135,0,10,177,0,187,194,4,198,385
06/20/2008,ANE,MN,AGL,CE,Federal Contract Tower,0,14,38,0,52,0,2,95,2,99,0,16,133,2,151,152,2,154,305
06/21/2008,ANE,MN,AGL,CE,Federal Contract Tower,0,2,9,0,11,0,0,137,0,137,0,2,146,0,148,112,2,114,262
06/22/2008,ANE,MN,AGL,CE,Federal Contract Tower,0,5,17,0,22,0,0,90,0,90,0,5,107,0,112,54,0,54,166
06/23/2008,ANE,MN,AGL,CE,Federal Contract Tower,0,14,33,0,47,0,1,158,0,159,0,15,191,0,206,92,0,92,298
06/24/2008,ANE,MN,AGL,CE,Federal Contract Tower,0,12,26,0,38,0,2,71,4,77,0,14,97,4,115,126,0,126,241
06/25/2008,ANE,MN,AGL,CE,Federal Contract Tower,0,11,32,0,43,0,0,132,0,132,0,11,164,0,175,160,0,160,335
06/26/2008,ANE,MN,AGL,CE,Federal Contract Tower,0,13,30,0,43,0,0,155,0,155,0,13,185,0,198,186,0,186,384
06/27/2008,ANE,MN,AGL,CE,Federal Contract Tower,0,8,26,0,34,0,0,90,0,90,0,8,116,0,124,130,0,130,254
06/28/2008,ANE,MN,AGL,CE,Federal Contract Tower,0,0,10,0,10,0,0,75,0,75,0,0,85,0,85,156,0,156,241
06/29/2008,ANE,MN,AGL,CE,Federal Contract Tower,0,0,5,0,5,0,0,91,0,91,0,0,96,0,96,146,0,146,242
06/30/2008,ANE,MN,AGL,CE,Federal Contract Tower,0,10,30,0,40,0,0,127,0,127,0,10,157,0,167,150,4,154,321
07/01/2008,ANE,MN,AGL,CE,Federal Contract Tower,0,24,33,0,57,0,0,156,0,156,0,24,189,0,213,180,0,180,393
07/02/2008,ANE,MN,AGL,CE,Federal Contract Tower,0,18,30,0,48,0,1,131,0,132,0,19,161,0,180,202,0,202,382
07/03/2008,ANE,MN,AGL,CE,Federal Contract Tower,0,12,20,0,32,0,0,163,0,163,0,12,183,0,195,86,0,86,281
07/04/2008,ANE,MN,AGL,CE,Federal Contract Tower,0,0,6,0,6,0,0,88,0,88,0,0,94,0,94,82,0,82,176
07/05/2008,ANE,MN,AGL,CE,Federal Contract Tower,0,2,9,0,11,0,0,115,0,115,0,2,124,0,126,72,0,72,198
07/06/2008,ANE,MN,AGL,CE,Federal Contract Tower,0,4,21,0,25,0,0,100,0,100,0,4,121,0,125,76,0,76,201
07/07/2008,ANE,MN,AGL,CE,Federal Contract Tower,0,10,17,0,27,0,0,73,0,73,0,10,90,0,100,84,0,84,184
07/08/2008,ANE,MN,AGL,CE,Federal Contract Tower,0,13,35,0,48,0,1,96,2,99,0,14,131,2,147,72,0,72,219
07/09/2008,ANE,MN,AGL,CE,Federal Contract Tower,0,13,50,0,63,0,0,142,0,142,0,13,192,0,205,162,2,164,369
07/10/2008,ANE,MN,AGL,CE,Federal Contract Tower,0,12,44,0,56,0,0,100,2,102,0,12,144,2,158,30,0,30,188
07/11/2008,ANE,MN,AGL,CE,Federal Contract Tower,0,13,21,0,34,0,1,53,0,54,0,14,74,0,88,68,0,68,156
07/12/2008,ANE,MN,AGL,CE,Federal Contract Tower,0,2,8,0,10,0,2,94,0,96,0,4,102,0,106,128,0,128,234
07/13/2008,ANE,MN,AGL,CE,Federal Contract Tower,0,1,17,0,18,0,0,118,0,118,0,1,135,0,136,60,0,60,196
07/14/2008,ANE,MN,AGL,CE,Federal Contract Tower,0,16,24,0,40,0,0,127,0,127,0,16,151,0,167,176,0,176,343
07/15/2008,ANE,MN,AGL,CE,Federal Contract Tower,0,18,41,0,59,0,0,146,0,146,0,18,187,0,205,162,0,162,367
07/16/2008,ANE,MN,AGL,CE,Federal Contract Tower,0,17,43,0,60,0,0,83,0,83,0,17,126,0,143,78,0,78,221
07/17/2008,ANE,MN,AGL,CE,Federal Contract Tower,0,12,25,0,37,0,0,71,0,71,0,12,96,0,108,46,0,46,154
07/18/2008,ANE,MN,AGL,CE,Federal Contract Tower,0,13,27,0,40,0,0,131,0,131,0,13,158,0,171,180,0,180,351
07/19/2008,ANE,MN,AGL,CE,Federal Contract Tower,0,0,8,0,8,0,0,93,0,93,0,0,101,0,101,132,0,132,233
07/20/2008,ANE,MN,AGL,CE,Federal Contract Tower,0,9,32,0,41,0,0,121,0,121,0,9,153,0,162,104,0,104,266
07/21/2008,ANE,MN,AGL,CE,Federal Contract Tower,0,12,24,0,36,0,0,130,0,130,0,12,154,0,166,130,4,134,300
07/22/2008,ANE,MN,AGL,CE,Federal Contract Tower,0,12,43,0,55,0,0,140,2,142,0,12,183,2,197,146,2,148,345
07/23/2008,ANE,MN,AGL,CE,Federal Contract Tower,0,14,32,0,46,0,0,129,0,129,0,14,161,0,175,102,0,102,277
07/24/2008,ANE,MN,AGL,CE,Federal Contract Tower,0,14,29,0,43,0,0,89,0,89,0,14,118,0,132,36,0,36,168
07/25/2008,ANE,MN,AGL,CE,Federal Contract Tower,0,15,32,0,47,0,0,72,0,72,0,15,104,0,119,40,0,40,159
07/26/2008,ANE,MN,AGL,CE,Federal Contract Tower,0,0,28,0,28,0,0,187,0,187,0,0,215,0,215,106,0,106,321
07/27/2008,ANE,MN,AGL,CE,Federal Contract Tower,0,2,27,0,29,0,0,149,0,149,0,2,176,0,178,152,0,152,330
07/28/2008,ANE,MN,AGL,CE,Federal Contract Tower,0,11,19,0,30,0,0,107,0,107,0,11,126,0,137,76,0,76,213
07/29/2008,ANE,MN,AGL,CE,Federal Contract Tower,0,12,34,0,46,0,0,135,0,135,0,12,169,0,181,194,0,194,375
07/30/2008,ANE,MN,AGL,CE,Federal Contract Tower,0,11,49,0,60,0,0,126,0,126,0,11,175,0,186,152,0,152,338
07/31/2008,ANE,MN,AGL,CE,Federal Contract Tower,0,16,33,0,49,0,0,75,0,75,0,16,108,0,124,18,0,18,142
08/01/2008,ANE,MN,AGL,CE,Federal Contract Tower,0,13,41,0,54,0,1,132,0,133,0,14,173,0,187,46,0,46,233
08/02/2008,ANE,MN,AGL,CE,Federal Contract Tower,0,5,16,0,21,0,0,134,0,134,0,5,150,0,155,76,0,76,231
08/03/2008,ANE,MN,AGL,CE,Federal Contract Tower,0,4,30,0,34,0,0,91,0,91,0,4,121,0,125,40,0,40,165
08/04/2008,ANE,MN,AGL,CE,Federal Contract Tower,0,11,32,0,43,0,0,113,0,113,0,11,145,0,156,160,0,160,316
08/05/2008,ANE,MN,AGL,CE,Federal Contract Tower,0,17,27,0,44,0,0,138,0,138,0,17,165,0,182,114,0,114,296
08/06/2008,ANE,MN,AGL,CE,Federal Contract Tower,0,11,42,0,53,0,0,107,0,107,0,11,149,0,160,85,0,85,245
08/07/2008,ANE,MN,AGL,CE,Federal Contract Tower,0,12,28,0,40,0,0,106,0,106,0,12,134,0,146,142,0,142,288
08/08/2008,ANE,MN,AGL,CE,Federal Contract Tower,0,12,26,0,38,0,0,87,0,87,0,12,113,0,125,22,0,22,147
08/09/2008,ANE,MN,AGL,CE,Federal Contract Tower,0,2,26,0,28,0,0,123,0,123,0,2,149,0,151,98,0,98,249
08/10/2008,ANE,MN,AGL,CE,Federal Contract Tower,0,4,25,0,29,0,0,138,0,138,0,4,163,0,167,72,0,72,239
08/11/2008,ANE,MN,AGL,CE,Federal Contract Tower,0,12,19,0,31,0,1,83,2,86,0,13,102,2,117,76,2,78,195
08/12/2008,ANE,MN,AGL,CE,Federal Contract Tower,0,14,33,0,47,0,0,48,0,48,0,14,81,0,95,16,0,16,111
08/13/2008,ANE,MN,AGL,CE,Federal Contract Tower,0,14,34,0,48,0,0,69,0,69,0,14,103,0,117,90,0,90,207
08/14/2008,ANE,MN,AGL,CE,Federal Contract Tower,0,17,38,0,55,0,0,86,0,86,0,17,124,0,141,104,0,104,245
08/15/2008,ANE,MN,AGL,CE,Federal Contract Tower,0,10,36,0,46,0,0,131,0,131,0,10,167,0,177,138,0,138,315
08/16/2008,ANE,MN,AGL,CE,Federal Contract Tower,0,0,19,0,19,0,0,149,0,149,0,0,168,0,168,116,0,116,284
08/17/2008,ANE,MN,AGL,CE,Federal Contract Tower,0,2,21,0,23,0,2,107,0,109,0,4,128,0,132,62,0,62,194
08/18/2008,ANE,MN,AGL,CE,Federal Contract Tower,0,12,43,0,55,0,0,103,0,103,0,12,146,0,158,40,0,40,198
08/19/2008,ANE,MN,AGL,CE,Federal Contract Tower,0,8,39,0,47,0,1,81,0,82,0,9,120,0,129,54,10,64,193
08/20/2008,ANE,MN,AGL,CE,Federal Contract Tower,0,10,27,0,37,0,0,107,0,107,0,10,134,0,144,96,2,98,242
08/21/2008,ANE,MN,AGL,CE,Federal Contract Tower,0,10,22,0,32,0,0,78,0,78,0,10,100,0,110,112,2,114,224
08/22/2008,ANE,MN,AGL,CE,Federal Contract Tower,0,10,20,0,30,0,1,60,0,61,0,11,80,0,91,30,0,30,121
08/23/2008,ANE,MN,AGL,CE,Federal Contract Tower,0,0,24,0,24,0,0,99,0,99,0,0,123,0,123,54,0,54,177
08/24/2008,ANE,MN,AGL,CE,Federal Contract Tower,0,0,18,0,18,0,0,271,0,271,0,0,289,0,289,184,0,184,473
08/25/2008,ANE,MN,AGL,CE,Federal Contract Tower,0,12,32,0,44,0,0,129,0,129,0,12,161,0,173,46,0,46,219
08/26/2008,ANE,MN,AGL,CE,Federal Contract Tower,0,11,33,0,44,0,2,88,0,90,0,13,121,0,134,76,0,76,210
08/27/2008,ANE,MN,AGL,CE,Federal Contract Tower,0,13,39,0,52,0,0,34,0,34,0,13,73,0,86,22,0,22,108
08/28/2008,ANE,MN,AGL,CE,Federal Contract Tower,0,17,40,0,57,0,0,69,0,69,0,17,109,0,126,66,0,66,192
08/29/2008,ANE,MN,AGL,CE,Federal Contract Tower,0,16,31,0,47,0,3,130,0,133,0,19,161,0,180,110,2,112,292
08/30/2008,ANE,MN,AGL,CE,Federal Contract Tower,0,2,23,0,25,0,0,147,0,147,0,2,170,0,172,104,0,104,276
08/31/2008,ANE,MN,AGL,CE,Federal Contract Tower,0,14,16,0,30,0,0,78,0,78,0,14,94,0,108,36,0,36,144
09/01/2008,ANE,MN,AGL,CE,Federal Contract Tower,0,22,65,0,87,0,0,34,0,34,0,22,99,0,121,4,0,4,125
09/02/2008,ANE,MN,AGL,CE,Federal Contract Tower,0,30,72,0,102,0,0,0,0,0,0,30,72,0,102,0,0,0,102
09/03/2008,ANE,MN,AGL,CE,Federal Contract Tower,0,22,62,0,84,0,3,41,0,44,0,25,103,0,128,40,0,40,168
09/04/2008,ANE,MN,AGL,CE,Federal Contract Tower,0,31,72,0,103,0,0,22,0,22,0,31,94,0,125,24,0,24,149
09/05/2008,ANE,MN,AGL,CE,Federal Contract Tower,0,17,49,0,66,0,1,112,0,113,0,18,161,0,179,64,0,64,243
09/06/2008,ANE,MN,AGL,CE,Federal Contract Tower,0,1,24,0,25,0,0,165,0,165,0,1,189,0,190,108,0,108,298
09/07/2008,ANE,MN,AGL,CE,Federal Contract Tower,0,1,19,0,20,0,0,67,0,67,0,1,86,0,87,68,0,68,155
09/08/2008,ANE,MN,AGL,CE,Federal Contract Tower,0,10,37,0,47,0,1,86,0,87,0,11,123,0,134,82,0,82,216
09/09/2008,ANE,MN,AGL,CE,Federal Contract Tower,0,10,37,0,47,0,0,105,5,110,0,10,142,5,157,68,0,68,225
09/10/2008,ANE,MN,AGL,CE,Federal Contract Tower,0,15,36,0,51,0,0,113,0,113,0,15,149,0,164,104,0,104,268
09/11/2008,ANE,MN,AGL,CE,Federal Contract Tower,0,9,24,0,33,0,0,17,0,17,0,9,41,0,50,16,0,16,66
09/12/2008,ANE,MN,AGL,CE,Federal Contract Tower,0,11,34,0,45,0,1,142,0,143,0,12,176,0,188,98,0,98,286
09/13/2008,ANE,MN,AGL,CE,Federal Contract Tower,0,0,18,0,18,0,0,0,0,0,0,0,18,0,18,0,0,0,18
09/14/2008,ANE,MN,AGL,CE,Federal Contract Tower,0,1,18,0,19,0,0,43,4,47,0,1,61,4,66,20,0,20,86
09/15/2008,ANE,MN,AGL,CE,Federal Contract Tower,0,8,33,0,41,0,0,75,0,75,0,8,108,0,116,66,0,66,182
09/16/2008,ANE,MN,AGL,CE,Federal Contract Tower,0,14,41,0,55,0,1,124,4,129,0,15,165,4,184,66,20,86,270
09/17/2008,ANE,MN,AGL,CE,Federal Contract Tower,0,10,24,0,34,0,0,145,0,145,0,10,169,0,179,180,0,180,359
09/18/2008,ANE,MN,AGL,CE,Federal Contract Tower,0,12,23,0,35,0,0,139,2,141,0,12,162,2,176,66,0,66,242
09/19/2008,ANE,MN,AGL,CE,Federal Contract Tower,0,14,24,0,38,0,3,100,0,103,0,17,124,0,141,66,0,66,207
09/20/2008,ANE,MN,AGL,CE,Federal Contract Tower,0,0,15,0,15,0,4,184,1,189,0,4,199,1,204,78,0,78,282
09/21/2008,ANE,MN,AGL,CE,Federal Contract Tower,0,0,23,0,23,0,0,104,0,104,0,0,127,0,127,42,0,42,169
09/22/2008,ANE,MN,AGL,CE,Federal Contract Tower,0,11,17,0,28,0,1,43,2,46,0,12,60,2,74,94,0,94,168
09/23/2008,ANE,MN,AGL,CE,Federal Contract Tower,0,10,18,0,28,0,0,31,0,31,0,10,49,0,59,10,0,10,69
09/24/2008,ANE,MN,AGL,CE,Federal Contract Tower,0,11,45,0,56,0,0,143,0,143,0,11,188,0,199,182,0,182,381
09/25/2008,ANE,MN,AGL,CE,Federal Contract Tower,0,16,24,0,40,0,0,60,2,62,0,16,84,2,102,34,0,34,136
09/26/2008,ANE,MN,AGL,CE,Federal Contract Tower,0,14,25,0,39,0,1,121,0,122,0,15,146,0,161,96,0,96,257
09/27/2008,ANE,MN,AGL,CE,Federal Contract Tower,0,0,36,0,36,0,0,51,0,51,0,0,87,0,87,18,0,18,105
09/28/2008,ANE,MN,AGL,CE,Federal Contract Tower,0,1,18,0,19,0,0,38,0,38,0,1,56,0,57,46,0,46,103
09/29/2008,ANE,MN,AGL,CE,Federal Contract Tower,0,10,32,0,42,0,0,61,0,61,0,10,93,0,103,26,8,34,137
09/30/2008,ANE,MN,AGL,CE,Federal Contract Tower,0,14,22,0,36,0,0,137,0,137,0,14,159,0,173,110,0,110,283
10/01/2008,ANE,MN,AGL,CE,Federal Contract Tower,0,13,39,0,52,0,0,108,0,108,0,13,147,0,160,108,0,108,268
10/02/2008,ANE,MN,AGL,CE,Federal Contract Tower,0,10,43,0,53,0,0,97,0,97,0,10,140,0,150,80,0,80,230
10/03/2008,ANE,MN,AGL,CE,Federal Contract Tower,0,10,39,0,49,0,1,129,0,130,0,11,168,0,179,164,0,164,343
10/04/2008,ANE,MN,AGL,CE,Federal Contract Tower,0,0,26,0,26,0,0,169,0,169,0,0,195,0,195,92,0,92,287
10/05/2008,ANE,MN,AGL,CE,Federal Contract Tower,0,1,23,0,24,0,0,8,0,8,0,1,31,0,32,10,0,10,42
10/06/2008,ANE,MN,AGL,CE,Federal Contract Tower,0,12,24,0,36,0,0,73,0,73,0,12,97,0,109,72,0,72,181
10/07/2008,ANE,MN,AGL,CE,Federal Contract Tower,0,10,25,0,35,0,1,7,0,8,0,11,32,0,43,24,0,24,67
10/08/2008,ANE,MN,AGL,CE,Federal Contract Tower,0,14,30,0,44,0,0,139,2,141,0,14,169,2,185,134,0,134,319
10/09/2008,ANE,MN,AGL,CE,Federal Contract Tower,0,13,48,0,61,0,0,95,0,95,0,13,143,0,156,94,0,94,250
10/10/2008,ANE,MN,AGL,CE,Federal Contract Tower,0,14,24,0,38,0,1,109,0,110,0,15,133,0,148,108,0,108,256
10/11/2008,ANE,MN,AGL,CE,Federal Contract Tower,0,2,21,0,23,0,1,148,0,149,0,3,169,0,172,122,0,122,294
10/12/2008,ANE,MN,AGL,CE,Federal Contract Tower,0,2,14,0,16,0,0,41,0,41,0,2,55,0,57,24,0,24,81
10/13/2008,ANE,MN,AGL,CE,Federal Contract Tower,0,12,28,0,40,0,0,27,0,27,0,12,55,0,67,36,0,36,103
10/14/2008,ANE,MN,AGL,CE,Federal Contract Tower,0,12,16,0,28,0,1,115,2,118,0,13,131,2,146,102,6,108,254
10/15/2008,ANE,MN,AGL,CE,Federal Contract Tower,0,17,36,0,53,0,0,93,0,93,0,17,129,0,146,88,0,88,234
10/16/2008,ANE,MN,AGL,CE,Federal Contract Tower,0,12,32,0,44,0,0,139,0,139,0,12,171,0,183,84,0,84,267
10/17/2008,ANE,MN,AGL,CE,Federal Contract Tower,0,14,35,0,49,0,0,114,4,118,0,14,149,4,167,94,4,98,265
10/18/2008,ANE,MN,AGL,CE,Federal Contract Tower,0,4,17,0,21,0,0,116,0,116,0,4,133,0,137,82,0,82,219
10/19/2008,ANE,MN,AGL,CE,Federal Contract Tower,0,1,20,0,21,0,0,125,0,125,0,1,145,0,146,70,0,70,216
10/20/2008,ANE,MN,AGL,CE,Federal Contract Tower,0,13,30,0,43,0,0,91,2,93,0,13,121,2,136,68,14,82,218
10/21/2008,ANE,MN,AGL,CE,Federal Contract Tower,0,11,36,0,47,0,0,133,2,135,0,11,169,2,182,72,0,72,254
10/22/2008,ANE,MN,AGL,CE,Federal Contract Tower,0,12,37,0,49,0,1,34,0,35,0,13,71,0,84,26,0,26,110
10/23/2008,ANE,MN,AGL,CE,Federal Contract Tower,0,17,36,0,53,0,1,97,6,104,0,18,133,6,157,80,2,82,239
10/24/2008,ANE,MN,AGL,CE,Federal Contract Tower,0,15,28,0,43,0,0,24,0,24,0,15,52,0,67,4,10,14,81
10/25/2008,ANE,MN,AGL,CE,Federal Contract Tower,0,0,22,0,22,0,0,127,0,127,0,0,149,0,149,52,0,52,201
10/26/2008,ANE,MN,AGL,CE,Federal Contract Tower,0,2,8,0,10,0,0,0,0,0,0,2,8,0,10,0,0,0,10
10/27/2008,ANE,MN,AGL,CE,Federal Contract Tower,0,12,19,0,31,0,0,42,0,42,0,12,61,0,73,24,0,24,97
10/28/2008,ANE,MN,AGL,CE,Federal Contract Tower,0,10,41,0,51,0,0,109,0,109,0,10,150,0,160,90,0,90,250
10/29/2008,ANE,MN,AGL,CE,Federal Contract Tower,0,12,39,0,51,0,0,145,0,145,0,12,184,0,196,106,0,106,302
10/30/2008,ANE,MN,AGL,CE,Federal Contract Tower,0,11,27,0,38,0,0,87,0,87,0,11,114,0,125,40,2,42,167
10/31/2008,ANE,MN,AGL,CE,Federal Contract Tower,0,14,25,0,39,0,0,97,0,97,0,14,122,0,136,42,0,42,178
11/01/2008,ANE,MN,AGL,CE,Federal Contract Tower,0,1,17,0,18,0,0,172,0,172,0,1,189,0,190,114,0,114,304
11/02/2008,ANE,MN,AGL,CE,Federal Contract Tower,0,0,19,0,19,0,0,103,0,103,0,0,122,0,122,80,0,80,202
11/03/2008,ANE,MN,AGL,CE,Federal Contract Tower,0,16,25,0,41,0,2,97,0,99,0,18,122,0,140,40,2,42,182
11/04/2008,ANE,MN,AGL,CE,Federal Contract Tower,0,11,22,0,33,0,0,78,0,78,0,11,100,0,111,46,0,46,157
11/05/2008,ANE,MN,AGL,CE,Federal Contract Tower,0,11,28,0,39,0,0,28,0,28,0,11,56,0,67,10,0,10,77
11/06/2008,ANE,MN,AGL,CE,Federal Contract Tower,0,10,31,0,41,0,1,10,0,11,0,11,41,0,52,10,0,10,62
11/07/2008,ANE,MN,AGL,CE,Federal Contract Tower,0,11,17,0,28,0,0,0,0,0,0,11,17,0,28,0,0,0,28
11/08/2008,ANE,MN,AGL,CE,Federal Contract Tower,0,0,5,0,5,0,0,47,0,47,0,0,52,0,52,48,0,48,100
11/09/2008,ANE,MN,AGL,CE,Federal Contract Tower,0,1,12,0,13,0,0,61,0,61,0,1,73,0,74,66,0,66,140
11/10/2008,ANE,MN,AGL,CE,Federal Contract Tower,0,18,35,0,53,0,3,103,0,106,0,21,138,0,159,76,0,76,235
11/11/2008,ANE,MN,AGL,CE,Federal Contract Tower,0,13,16,0,29,0,0,9,0,9,0,13,25,0,38,8,0,8,46
11/12/2008,ANE,MN,AGL,CE,Federal Contract Tower,0,10,22,0,32,0,0,0,0,0,0,10,22,0,32,0,0,0,32
11/13/2008,ANE,MN,AGL,CE,Federal Contract Tower,0,15,24,0,39,0,0,14,0,14,0,15,38,0,53,46,0,46,99
11/14/2008,ANE,MN,AGL,CE,Federal Contract Tower,0,10,21,0,31,0,0,24,0,24,0,10,45,0,55,4,0,4,59
11/15/2008,ANE,MN,AGL,CE,Federal Contract Tower,0,0,10,0,10,0,0,66,0,66,0,0,76,0,76,102,0,102,178
11/16/2008,ANE,MN,AGL,CE,Federal Contract Tower,0,1,20,0,21,0,0,53,2,55,0,1,73,2,76,40,2,42,118
11/17/2008,ANE,MN,AGL,CE,Federal Contract Tower,0,9,21,0,30,0,0,57,0,57,0,9,78,0,87,54,2,56,143
11/18/2008,ANE,MN,AGL,CE,Federal Contract Tower,0,14,22,0,36,0,0,65,0,65,0,14,87,0,101,44,0,44,145
11/19/2008,ANE,MN,AGL,CE,Federal Contract Tower,0,12,28,0,40,0,1,24,0,25,0,13,52,0,65,18,0,18,83
11/20/2008,ANE,MN,AGL,CE,Federal Contract Tower,0,10,29,0,39,0,0,67,0,67,0,10,96,0,106,68,0,68,174
11/21/2008,ANE,MN,AGL,CE,Federal Contract Tower,0,15,25,0,40,0,0,135,0,135,0,15,160,0,175,128,0,128,303
11/22/2008,ANE,MN,AGL,CE,Federal Contract Tower,0,6,10,0,16,0,2,113,0,115,0,8,123,0,131,96,0,96,227
11/23/2008,ANE,MN,AGL,CE,Federal Contract Tower,0,1,8,0,9,0,0,72,0,72,0,1,80,0,81,78,0,78,159
11/24/2008,ANE,MN,AGL,CE,Federal Contract Tower,0,12,13,0,25,0,1,60,0,61,0,13,73,0,86,56,0,56,142
11/25/2008,ANE,MN,AGL,CE,Federal Contract Tower,0,13,27,0,40,0,1,78,0,79,0,14,105,0,119,36,0,36,155
11/26/2008,ANE,MN,AGL,CE,Federal Contract Tower,0,20,30,0,50,0,0,146,0,146,0,20,176,0,196,98,0,98,294
11/27/2008,ANE,MN,AGL,CE,Federal Contract Tower,0,2,3,0,5,0,2,21,0,23,0,4,24,0,28,22,0,22,50
11/28/2008,ANE,MN,AGL,CE,Federal Contract Tower,0,7,31,0,38,0,1,153,0,154,0,8,184,0,192,122,0,122,314
11/29/2008,ANE,MN,AGL,CE,Federal Contract Tower,0,1,18,0,19,0,0,128,0,128,0,1,146,0,147,126,0,126,273
11/30/2008,ANE,MN,AGL,CE,Federal Contract Tower,0,2,14,0,16,0,0,10,0,10,0,2,24,0,26,4,0,4,30
12/01/2008,ANE,MN,AGL,CE,Federal Contract Tower,0,14,23,0,37,0,0,43,0,43,0,14,66,0,80,16,10,26,106
12/02/2008,ANE,MN,AGL,CE,Federal Contract Tower,0,20,25,0,45,0,0,50,0,50,0,20,75,0,95,56,0,56,151
12/03/2008,ANE,MN,AGL,CE,Federal Contract Tower,0,11,28,0,39,0,0,46,0,46,0,11,74,0,85,46,0,46,131
12/04/2008,ANE,MN,AGL,CE,Federal Contract Tower,0,16,25,0,41,0,0,84,2,86,0,16,109,2,127,74,4,78,205
12/05/2008,ANE,MN,AGL,CE,Federal Contract Tower,0,6,25,0,31,0,0,89,0,89,0,6,114,0,120,110,0,110,230
12/06/2008,ANE,MN,AGL,CE,Federal Contract Tower,0,0,8,0,8,0,0,71,0,71,0,0,79,0,79,32,0,32,111
12/07/2008,ANE,MN,AGL,CE,Federal Contract Tower,0,2,11,0,13,0,0,6,0,6,0,2,17,0,19,20,0,20,39
12/08/2008,ANE,MN,AGL,CE,Federal Contract Tower,0,9,17,0,26,0,0,22,0,22,0,9,39,0,48,10,0,10,58
12/09/2008,ANE,MN,AGL,CE,Federal Contract Tower,0,16,20,0,36,0,0,30,0,30,0,16,50,0,66,64,0,64,130
12/10/2008,ANE,MN,AGL,CE,Federal Contract Tower,0,14,20,0,34,0,0,32,0,32,0,14,52,0,66,22,8,30,96
12/11/2008,ANE,MN,AGL,CE,Federal Contract Tower,0,16,30,0,46,0,0,56,0,56,0,16,86,0,102,66,0,66,168
12/12/2008,ANE,MN,AGL,CE,Federal Contract Tower,0,12,18,0,30,0,1,49,0,50,0,13,67,0,80,76,0,76,156
12/13/2008,ANE,MN,AGL,CE,Federal Contract Tower,0,1,11,0,12,0,0,83,0,83,0,1,94,0,95,76,0,76,171
12/14/2008,ANE,MN,AGL,CE,Federal Contract Tower,0,0,1,0,1,0,0,0,0,0,0,0,1,0,1,0,0,0,1
12/15/2008,ANE,MN,AGL,CE,Federal Contract Tower,0,16,10,0,26,0,0,3,0,3,0,16,13,0,29,6,0,6,35
12/16/2008,ANE,MN,AGL,CE,Federal Contract Tower,0,17,18,0,35,0,0,2,0,2,0,17,20,0,37,2,0,2,39
12/17/2008,ANE,MN,AGL,CE,Federal Contract Tower,0,14,33,0,47,0,0,90,0,90,0,14,123,0,137,54,0,54,191
12/18/2008,ANE,MN,AGL,CE,Federal Contract Tower,0,15,23,0,38,0,0,76,2,78,0,15,99,2,116,42,10,52,168
12/19/2008,ANE,MN,AGL,CE,Federal Contract Tower,0,14,19,0,33,0,1,42,0,43,0,15,61,0,76,40,0,40,116
12/20/2008,ANE,MN,AGL,CE,Federal Contract Tower,0,0,7,0,7,0,0,0,0,0,0,0,7,0,7,0,0,0,7
12/21/2008,ANE,MN,AGL,CE,Federal Contract Tower,0,0,8,0,8,0,0,1,0,1,0,0,9,0,9,0,0,0,9
12/22/2008,ANE,MN,AGL,CE,Federal Contract Tower,0,14,17,0,31,0,0,21,0,21,0,14,38,0,52,12,0,12,64
12/23/2008,ANE,MN,AGL,CE,Federal Contract Tower,0,16,14,0,30,0,0,3,2,5,0,16,17,2,35,0,2,2,37
12/24/2008,ANE,MN,AGL,CE,Federal Contract Tower,0,14,6,0,20,0,1,17,0,18,0,15,23,0,38,0,0,0,38
12/25/2008,ANE,MN,AGL,CE,Federal Contract Tower,0,1,2,0,3,0,0,33,0,33,0,1,35,0,36,16,0,16,52
12/26/2008,ANE,MN,AGL,CE,Federal Contract Tower,0,12,7,0,19,0,0,0,0,0,0,12,7,0,19,0,0,0,19
12/27/2008,ANE,MN,AGL,CE,Federal Contract Tower,0,1,8,0,9,0,0,2,0,2,0,1,10,0,11,22,2,24,35
12/28/2008,ANE,MN,AGL,CE,Federal Contract Tower,0,2,20,0,22,0,0,86,0,86,0,2,106,0,108,32,0,32,140
12/29/2008,ANE,MN,AGL,CE,Federal Contract Tower,0,11,21,0,32,0,0,82,0,82,0,11,103,0,114,56,0,56,170
12/30/2008,ANE,MN,AGL,CE,Federal Contract Tower,0,11,7,0,18,0,0,0,0,0,0,11,7,0,18,0,0,0,18
12/31/2008,ANE,MN,AGL,CE,Federal Contract Tower,0,13,20,0,33,0,0,73,0,73,0,13,93,0,106,70,0,70,176
01/01/2009,ANE,MN,AGL,CE,Federal Contract Tower,0,0,5,0,5,0,5,49,0,54,0,5,54,0,59,38,0,38,97
01/02/2009,ANE,MN,AGL,CE,Federal Contract Tower,0,17,15,0,32,0,1,98,0,99,0,18,113,0,131,12,0,12,143
01/03/2009,ANE,MN,AGL,CE,Federal Contract Tower,0,1,7,0,8,0,0,27,0,27,0,1,34,0,35,18,0,18,53
01/04/2009,ANE,MN,AGL,CE,Federal Contract Tower,0,0,14,0,14,0,0,20,0,20,0,0,34,0,34,10,0,10,44
01/05/2009,ANE,MN,AGL,CE,Federal Contract Tower,0,12,18,0,30,0,0,50,0,50,0,12,68,0,80,62,0,62,142
01/06/2009,ANE,MN,AGL,CE,Federal Contract Tower,0,12,19,0,31,0,0,71,0,71,0,12,90,0,102,58,2,60,162
01/07/2009,ANE,MN,AGL,CE,Federal Contract Tower,0,12,20,0,32,0,0,43,0,43,0,12,63,0,75,34,0,34,109
01/08/2009,ANE,MN,AGL,CE,Federal Contract Tower,0,14,22,0,36,0,0,89,0,89,0,14,111,0,125,52,0,52,177
01/09/2009,ANE,MN,AGL,CE,Federal Contract Tower,0,10,13,0,23,0,3,42,0,45,0,13,55,0,68,4,0,4,72
01/10/2009,ANE,MN,AGL,CE,Federal Contract Tower,0,8,13,0,21,0,4,154,0,158,0,12,167,0,179,108,0,108,287
01/11/2009,ANE,MN,AGL,CE,Federal Contract Tower,0,1,20,0,21,0,0,32,0,32,0,1,52,0,53,64,4,68,121
01/12/2009,ANE,MN,AGL,CE,Federal Contract Tower,0,12,11,0,23,0,0,1,0,1,0,12,12,0,24,0,0,0,24
01/13/2009,ANE,MN,AGL,CE,Federal Contract Tower,0,18,15,0,33,0,1,4,0,5,0,19,19,0,38,8,0,8,46
01/14/2009,ANE,MN,AGL,CE,Federal Contract Tower,0,15,5,0,20,0,0,3,2,5,0,15,8,2,25,0,0,0,25
01/15/2009,ANE,MN,AGL,CE,Federal Contract Tower,0,12,15,0,27,0,0,14,0,14,0,12,29,0,41,38,0,38,79
01/16/2009,ANE,MN,AGL,CE,Federal Contract Tower,0,15,18,0,33,0,2,20,0,22,0,17,38,0,55,10,0,10,65
01/17/2009,ANE,MN,AGL,CE,Federal Contract Tower,0,1,8,0,9,0,0,4,0,4,0,1,12,0,13,2,0,2,15
01/18/2009,ANE,MN,AGL,CE,Federal Contract Tower,0,0,6,0,6,0,0,20,0,20,0,0,26,0,26,2,0,2,28
01/19/2009,ANE,MN,AGL,CE,Federal Contract Tower,0,14,10,0,24,0,0,72,0,72,0,14,82,0,96,62,0,62,158
01/20/2009,ANE,MN,AGL,CE,Federal Contract Tower,0,17,28,0,45,0,0,86,0,86,0,17,114,0,131,64,0,64,195
01/21/2009,ANE,MN,AGL,CE,Federal Contract Tower,0,14,24,0,38,0,0,106,2,108,0,14,130,2,146,126,0,126,272
01/22/2009,ANE,MN,AGL,CE,Federal Contract Tower,0,15,21,0,36,0,0,55,0,55,0,15,76,0,91,80,0,80,171
01/23/2009,ANE,MN,AGL,CE,Federal Contract Tower,0,15,17,0,32,0,1,21,0,22,0,16,38,0,54,14,0,14,68
01/24/2009,ANE,MN,AGL,CE,Federal Contract Tower,0,1,17,0,18,0,0,27,0,27,0,1,44,0,45,34,0,34,79
01/25/2009,ANE,MN,AGL,CE,Federal Contract Tower,0,0,12,0,12,0,0,36,0,36,0,0,48,0,48,22,0,22,70
01/26/2009,ANE,MN,AGL,CE,Federal Contract Tower,0,11,16,0,27,0,0,61,0,61,0,11,77,0,88,46,0,46,134
01/27/2009,ANE,MN,AGL,CE,Federal Contract Tower,0,13,21,0,34,0,0,50,0,50,0,13,71,0,84,22,0,22,106
01/28/2009,ANE,MN,AGL,CE,Federal Contract Tower,0,15,28,0,43,0,0,53,0,53,0,15,81,0,96,36,0,36,132
01/29/2009,ANE,MN,AGL,CE,Federal Contract Tower,0,12,30,1,43,0,2,28,0,30,0,14,58,1,73,16,0,16,89
01/30/2009,ANE,MN,AGL,CE,Federal Contract Tower,0,14,26,0,40,0,2,61,2,65,0,16,87,2,105,46,2,48,153
01/31/2009,ANE,MN,AGL,CE,Federal Contract Tower,0,1,22,0,23,0,0,148,0,148,0,1,170,0,171,82,0,82,253
02/01/2009,ANE,MN,AGL,CE,Federal Contract Tower,0,0,14,0,14,0,2,78,0,80,0,2,92,0,94,48,0,48,142
02/02/2009,ANE,MN,AGL,CE,Federal Contract Tower,0,15,15,0,30,0,0,66,0,66,0,15,81,0,96,56,0,56,152
02/03/2009,ANE,MN,AGL,CE,Federal Contract Tower,0,15,27,0,42,0,0,91,2,93,0,15,118,2,135,84,2,86,221
02/04/2009,ANE,MN,AGL,CE,Federal Contract Tower,0,11,26,0,37,0,0,41,3,44,0,11,67,3,81,54,0,54,135
02/05/2009,ANE,MN,AGL,CE,Federal Contract Tower,0,13,36,0,49,0,0,107,0,107,0,13,143,0,156,52,0,52,208
02/06/2009,ANE,MN,AGL,CE,Federal Contract Tower,0,12,12,0,24,0,0,55,0,55,0,12,67,0,79,106,0,106,185
02/07/2009,ANE,MN,AGL,CE,Federal Contract Tower,0,0,19,0,19,0,0,84,0,84,0,0,103,0,103,36,0,36,139
02/08/2009,ANE,MN,AGL,CE,Federal Contract Tower,0,2,20,0,22,0,0,151,0,151,0,2,171,0,173,148,0,148,321
02/09/2009,ANE,MN,AGL,CE,Federal Contract Tower,0,12,7,0,19,0,0,1,0,1,0,12,8,0,20,0,0,0,20
02/10/2009,ANE,MN,AGL,CE,Federal Contract Tower,0,13,25,0,38,0,0,1,0,1,0,13,26,0,39,8,0,8,47
02/11/2009,ANE,MN,AGL,CE,Federal Contract Tower,0,11,27,0,38,0,0,0,2,2,0,11,27,2,40,0,0,0,40
02/12/2009,ANE,MN,AGL,CE,Federal Contract Tower,0,14,30,0,44,0,0,24,0,24,0,14,54,0,68,28,0,28,96
02/13/2009,ANE,MN,AGL,CE,Federal Contract Tower,0,10,28,0,38,0,1,32,0,33,0,11,60,0,71,40,0,40,111
02/14/2009,ANE,MN,AGL,CE,Federal Contract Tower,0,0,18,0,18,0,0,105,0,105,0,0,123,0,123,72,0,72,195
02/15/2009,ANE,MN,AGL,CE,Federal Contract Tower,0,0,24,0,24,0,0,113,0,113,0,0,137,0,137,112,0,112,249
02/16/2009,ANE,MN,AGL,CE,Federal Contract Tower,0,10,10,0,20,0,2,96,0,98,0,12,106,0,118,60,0,60,178
02/17/2009,ANE,MN,AGL,CE,Federal Contract Tower,0,15,16,0,31,0,0,86,0,86,0,15,102,0,117,24,0,24,141
02/18/2009,ANE,MN,AGL,CE,Federal Contract Tower,0,12,20,1,33,0,0,18,0,18,0,12,38,1,51,0,0,0,51
02/19/2009,ANE,MN,AGL,CE,Federal Contract Tower,0,13,34,1,48,0,0,47,0,47,0,13,81,1,95,44,0,44,139
02/20/2009,ANE,MN,AGL,CE,Federal Contract Tower,0,14,18,0,32,0,0,32,0,32,0,14,50,0,64,42,0,42,106
02/21/2009,ANE,MN,AGL,CE,Federal Contract Tower,0,0,7,0,7,0,0,86,0,86,0,0,93,0,93,54,0,54,147
02/22/2009,ANE,MN,AGL,CE,Federal Contract Tower,0,0,20,0,20,0,4,128,0,132,0,4,148,0,152,106,0,106,258
02/23/2009,ANE,MN,AGL,CE,Federal Contract Tower,0,11,13,0,24,0,0,65,0,65,0,11,78,0,89,38,2,40,129
02/24/2009,ANE,MN,AGL,CE,Federal Contract Tower,0,12,35,0,47,0,0,58,0,58,0,12,93,0,105,34,2,36,141
02/25/2009,ANE,MN,AGL,CE,Federal Contract Tower,0,11,26,0,37,0,0,49,0,49,0,11,75,0,86,40,0,40,126
02/26/2009,ANE,MN,AGL,CE,Federal Contract Tower,0,13,5,0,18,0,0,1,0,1,0,13,6,0,19,0,0,0,19
02/27/2009,ANE,MN,AGL,CE,Federal Contract Tower,0,17,13,1,31,0,0,31,0,31,0,17,44,1,62,18,2,20,82
02/28/2009,ANE,MN,AGL,CE,Federal Contract Tower,0,4,11,0,15,0,2,105,0,107,0,6,116,0,122,60,0,60,182
03/01/2009,ANE,MN,AGL,CE,Federal Contract Tower,0,1,14,0,15,0,0,97,0,97,0,1,111,0,112,80,0,80,192
03/02/2009,ANE,MN,AGL,CE,Federal Contract Tower,0,11,24,0,35,0,1,73,0,74,0,12,97,0,109,38,0,38,147
03/03/2009,ANE,MN,AGL,CE,Federal Contract Tower,0,13,22,0,35,0,1,45,0,46,0,14,67,0,81,36,0,36,117
03/04/2009,ANE,MN,AGL,CE,Federal Contract Tower,0,12,30,0,42,0,0,55,0,55,0,12,85,0,97,56,0,56,153
03/05/2009,ANE,MN,AGL,CE,Federal Contract Tower,0,11,14,0,25,0,0,2,0,2,0,11,16,0,27,10,0,10,37
03/06/2009,ANE,MN,AGL,CE,Federal Contract Tower,0,14,31,0,45,0,1,105,0,106,0,15,136,0,151,102,0,102,253
03/07/2009,ANE,MN,AGL,CE,Federal Contract Tower,0,0,18,0,18,0,0,106,0,106,0,0,124,0,124,118,0,118,242
03/08/2009,ANE,MN,AGL,CE,Federal Contract Tower,0,0,13,0,13,0,0,57,0,57,0,0,70,0,70,26,0,26,96
03/09/2009,ANE,MN,AGL,CE,Federal Contract Tower,0,13,11,0,24,0,0,20,0,20,0,13,31,0,44,30,0,30,74
03/10/2009,ANE,MN,AGL,CE,Federal Contract Tower,0,5,5,0,10,0,0,0,0,0,0,5,5,0,10,0,0,0,10
03/11/2009,ANE,MN,AGL,CE,Federal Contract Tower,0,13,21,0,34,0,0,18,0,18,0,13,39,0,52,4,0,4,56
03/12/2009,ANE,MN,AGL,CE,Federal Contract Tower,0,13,25,0,38,0,0,84,0,84,0,13,109,0,122,56,0,56,178
03/13/2009,ANE,MN,AGL,CE,Federal Contract Tower,0,10,23,0,33,0,1,98,0,99,0,11,121,0,132,42,0,42,174
03/14/2009,ANE,MN,AGL,CE,Federal Contract Tower,0,1,25,0,26,0,0,119,0,119,0,1,144,0,145,84,0,84,229
03/15/2009,ANE,MN,AGL,CE,Federal Contract Tower,0,0,28,0,28,0,0,132,0,132,0,0,160,0,160,152,0,152,312
03/16/2009,ANE,MN,AGL,CE,Federal Contract Tower,0,12,11,0,23,0,0,69,0,69,0,12,80,0,92,58,0,58,150
03/17/2009,ANE,MN,AGL,CE,Federal Contract Tower,0,11,24,0,35,0,0,68,2,70,0,11,92,2,105,48,4,52,157
03/18/2009,ANE,MN,AGL,CE,Federal Contract Tower,0,12,36,0,48,0,0,89,0,89,0,12,125,0,137,98,0,98,235
03/19/2009,ANE,MN,AGL,CE,Federal Contract Tower,0,19,26,0,45,0,0,134,0,134,0,19,160,0,179,180,2,182,361
03/20/2009,ANE,MN,AGL,CE,Federal Contract Tower,0,18,19,0,37,0,1,25,0,26,0,19,44,0,63,36,0,36,99
03/21/2009,ANE,MN,AGL,CE,Federal Contract Tower,0,2,13,0,15,0,0,118,0,118,0,2,131,0,133,158,0,158,291
03/22/2009,ANE,MN,AGL,CE,Federal Contract Tower,0,0,16,0,16,0,0,54,0,54,0,0,70,0,70,28,0,28,98
03/23/2009,ANE,MN,AGL,CE,Federal Contract Tower,0,10,10,0,20,0,0,0,0,0,0,10,10,0,20,6,0,6,26
03/24/2009,ANE,MN,AGL,CE,Federal Contract Tower,0,13,18,0,31,0,0,5,0,5,0,13,23,0,36,28,0,28,64
03/25/2009,ANE,MN,AGL,CE,Federal Contract Tower,0,14,12,0,26,0,0,14,0,14,0,14,26,0,40,6,0,6,46
03/26/2009,ANE,MN,AGL,CE,Federal Contract Tower,0,10,24,0,34,0,0,38,0,38,0,10,62,0,72,42,4,46,118
03/27/2009,ANE,MN,AGL,CE,Federal Contract Tower,0,14,40,0,54,0,1,46,0,47,0,15,86,0,101,78,0,78,179
03/28/2009,ANE,MN,AGL,CE,Federal Contract Tower,0,1,22,0,23,0,0,171,0,171,0,1,193,0,194,160,0,160,354
03/29/2009,ANE,MN,AGL,CE,Federal Contract Tower,0,0,22,0,22,0,0,133,0,133,0,0,155,0,155,42,0,42,197
03/30/2009,ANE,MN,AGL,CE,Federal Contract Tower,0,9,20,0,29,0,0,56,0,56,0,9,76,0,85,30,2,32,117
03/31/2009,ANE,MN,AGL,CE,Federal Contract Tower,0,10,6,0,16,0,0,0,0,0,0,10,6,0,16,0,0,0,16
04/01/2009,ANE,MN,AGL,CE,Federal Contract Tower,0,13,21,0,34,0,0,14,0,14,0,13,35,0,48,16,0,16,64
04/02/2009,ANE,MN,AGL,CE,Federal Contract Tower,0,11,19,0,30,0,0,112,0,112,0,11,131,0,142,88,0,88,230
04/03/2009,ANE,MN,AGL,CE,Federal Contract Tower,0,13,18,0,31,0,1,106,2,109,0,14,124,2,140,106,0,106,246
04/04/2009,ANE,MN,AGL,CE,Federal Contract Tower,0,5,16,0,21,0,0,95,0,95,0,5,111,0,116,68,0,68,184
04/05/2009,ANE,MN,AGL,CE,Federal Contract Tower,0,2,12,0,14,0,1,28,0,29,0,3,40,0,43,10,0,10,53
04/06/2009,ANE,MN,AGL,CE,Federal Contract Tower,0,13,20,0,33,0,0,33,2,35,0,13,53,2,68,0,0,0,68
04/07/2009,ANE,MN,AGL,CE,Federal Contract Tower,0,15,30,1,46,0,0,151,2,153,0,15,181,3,199,166,0,166,365
04/08/2009,ANE,MN,AGL,CE,Federal Contract Tower,0,18,20,0,38,0,0,99,0,99,0,18,119,0,137,22,0,22,159
04/09/2009,ANE,MN,AGL,CE,Federal Contract Tower,0,15,31,0,46,0,0,102,0,102,0,15,133,0,148,64,0,64,212
04/10/2009,ANE,MN,AGL,CE,Federal Contract Tower,0,15,18,0,33,0,1,116,0,117,0,16,134,0,150,124,0,124,274
04/11/2009,ANE,MN,AGL,CE,Federal Contract Tower,0,1,21,0,22,0,0,229,0,229,0,1,250,0,251,214,0,214,465
04/12/2009,ANE,MN,AGL,CE,Federal Contract Tower,0,0,7,0,7,0,0,51,0,51,0,0,58,0,58,14,0,14,72
04/13/2009,ANE,MN,AGL,CE,Federal Contract Tower,0,14,17,0,31,0,0,84,0,84,0,14,101,0,115,78,0,78,193
04/14/2009,ANE,MN,AGL,CE,Federal Contract Tower,0,15,33,0,48,0,0,117,0,117,0,15,150,0,165,116,0,116,281
04/15/2009,ANE,MN,AGL,CE,Federal Contract Tower,0,11,29,0,40,0,3,153,0,156,0,14,182,0,196,138,0,138,334
04/16/2009,ANE,MN,AGL,CE,Federal Contract Tower,0,21,25,0,46,0,3,90,2,95,0,24,115,2,141,28,6,34,175
04/17/2009,ANE,MN,AGL,CE,Federal Contract Tower,0,22,14,0,36,0,1,113,0,114,0,23,127,0,150,68,2,70,220
04/18/2009,ANE,MN,AGL,CE,Federal Contract Tower,0,1,20,0,21,0,0,129,0,129,0,1,149,0,150,82,4,86,236
04/19/2009,ANE,MN,AGL,CE,Federal Contract Tower,0,2,18,0,20,0,0,30,0,30,0,2,48,0,50,40,2,42,92
04/20/2009,ANE,MN,AGL,CE,Federal Contract Tower,0,13,7,0,20,0,0,5,0,5,0,13,12,0,25,0,0,0,25
04/21/2009,ANE,MN,AGL,CE,Federal Contract Tower,0,13,26,0,39,0,5,48,0,53,0,18,74,0,92,38,0,38,130
04/22/2009,ANE,MN,AGL,CE,Federal Contract Tower,0,11,31,0,42,0,0,154,0,154,0,11,185,0,196,94,0,94,290
04/23/2009,ANE,MN,AGL,CE,Federal Contract Tower,0,14,21,0,35,0,1,85,0,86,0,15,106,0,121,62,0,62,183
04/24/2009,ANE,MN,AGL,CE,Federal Contract Tower,0,12,20,0,32,0,4,78,0,82,0,16,98,0,114,94,0,94,208
04/25/2009,ANE,MN,AGL,CE,Federal Contract Tower,0,1,18,0,19,0,1,143,0,144,0,2,161,0,163,168,0,168,331
04/26/2009,ANE,MN,AGL,CE,Federal Contract Tower,0,0,5,0,5,0,0,0,0,0,0,0,5,0,5,0,0,0,5
04/27/2009,ANE,MN,AGL,CE,Federal Contract Tower,0,13,31,0,44,0,1,84,0,85,0,14,115,0,129,86,0,86,215
04/28/2009,ANE,MN,AGL,CE,Federal Contract Tower,0,13,40,0,53,0,4,180,0,184,0,17,220,0,237,218,0,218,455
04/29/2009,ANE,MN,AGL,CE,Federal Contract Tower,0,17,22,0,39,0,3,40,0,43,0,20,62,0,82,64,0,64,146
04/30/2009,ANE,MN,AGL,CE,Federal Contract Tower,0,11,26,0,37,0,0,41,0,41,0,11,67,0,78,58,0,58,136
05/01/2009,ANE,MN,AGL,CE,Federal Contract Tower,0,14,30,0,44,0,3,123,0,126,0,17,153,0,170,70,0,70,240
05/02/2009,ANE,MN,AGL,CE,Federal Contract Tower,0,5,15,0,20,0,0,131,0,131,0,5,146,0,151,60,0,60,211
05/03/2009,ANE,MN,AGL,CE,Federal Contract Tower,0,0,21,0,21,0,8,185,0,193,0,8,206,0,214,158,0,158,372
05/04/2009,ANE,MN,AGL,CE,Federal Contract Tower,0,14,25,0,39,0,2,130,0,132,0,16,155,0,171,132,0,132,303
05/05/2009,ANE,MN,AGL,CE,Federal Contract Tower,0,14,19,0,33,0,3,62,0,65,0,17,81,0,98,26,0,26,124
05/06/2009,ANE,MN,AGL,CE,Federal Contract Tower,0,12,18,0,30,0,0,110,0,110,0,12,128,0,140,226,0,226,366
05/07/2009,ANE,MN,AGL,CE,Federal Contract Tower,0,14,29,0,43,0,0,97,0,97,0,14,126,0,140,40,76,116,256
05/08/2009,ANE,MN,AGL,CE,Federal Contract Tower,0,16,14,0,30,0,1,43,0,44,0,17,57,0,74,66,0,66,140
05/09/2009,ANE,MN,AGL,CE,Federal Contract Tower,0,1,18,0,19,0,0,115,0,115,0,1,133,0,134,46,0,46,180
05/10/2009,ANE,MN,AGL,CE,Federal Contract Tower,0,2,17,0,19,0,0,97,0,97,0,2,114,0,116,66,0,66,182
05/11/2009,ANE,MN,AGL,CE,Federal Contract Tower,0,13,23,0,36,0,0,109,0,109,0,13,132,0,145,144,0,144,289
05/12/2009,ANE,MN,AGL,CE,Federal Contract Tower,0,14,20,0,34,0,2,34,0,36,0,16,54,0,70,20,0,20,90
05/13/2009,ANE,MN,AGL,CE,Federal Contract Tower,0,12,31,3,46,0,0,51,0,51,0,12,82,3,97,72,0,72,169
05/14/2009,ANE,MN,AGL,CE,Federal Contract Tower,0,16,21,0,37,0,0,111,8,119,0,16,132,8,156,82,0,82,238
05/15/2009,ANE,MN,AGL,CE,Federal Contract Tower,0,14,17,0,31,0,1,38,0,39,0,15,55,0,70,30,0,30,100
05/16/2009,ANE,MN,AGL,CE,Federal Contract Tower,0,1,10,0,11,0,0,95,0,95,0,1,105,0,106,168,0,168,274
05/17/2009,ANE,MN,AGL,CE,Federal Contract Tower,0,5,16,0,21,0,4,279,0,283,0,9,295,0,304,324,0,324,628
05/18/2009,ANE,MN,AGL,CE,Federal Contract Tower,0,17,23,0,40,0,2,106,2,110,0,19,129,2,150,120,6,126,276
05/19/2009,ANE,MN,AGL,CE,Federal Contract Tower,0,15,20,0,35,0,0,127,0,127,0,15,147,0,162,130,0,130,292
05/20/2009,ANE,MN,AGL,CE,Federal Contract Tower,0,16,29,0,45,0,1,14,0,15,0,17,43,0,60,0,0,0,60
05/21/2009,ANE,MN,AGL,CE,Federal Contract Tower,0,13,29,0,42,0,0,106,0,106,0,13,135,0,148,144,0,144,292
05/22/2009,ANE,MN,AGL,CE,Federal Contract Tower,0,16,17,0,33,0,0,124,0,124,0,16,141,0,157,74,0,74,231
05/23/2009,ANE,MN,AGL,CE,Federal Contract Tower,0,1,9,0,10,0,0,146,0,146,0,1,155,0,156,76,0,76,232
05/24/2009,ANE,MN,AGL,CE,Federal Contract Tower,0,0,12,0,12,0,0,151,0,151,0,0,163,0,163,86,0,86,249
05/25/2009,ANE,MN,AGL,CE,Federal Contract Tower,0,0,19,0,19,0,0,118,0,118,0,0,137,0,137,84,0,84,221
05/26/2009,ANE,MN,AGL,CE,Federal Contract Tower,0,13,31,0,44,0,0,91,0,91,0,13,122,0,135,98,0,98,233
05/27/2009,ANE,MN,AGL,CE,Federal Contract Tower,0,17,30,0,47,0,0,56,0,56,0,17,86,0,103,116,0,116,219
05/28/2009,ANE,MN,AGL,CE,Federal Contract Tower,0,16,22,0,38,0,0,139,0,139,0,16,161,0,177,176,0,176,353
05/29/2009,ANE,MN,AGL,CE,Federal Contract Tower,0,11,14,0,25,0,0,99,0,99,0,11,113,0,124,108,2,110,234
05/30/2009,ANE,MN,AGL,CE,Federal Contract Tower,0,2,15,0,17,0,0,92,0,92,0,2,107,0,109,68,0,68,177
05/31/2009,ANE,MN,AGL,CE,Federal Contract Tower,0,0,8,0,8,0,4,100,0,104,0,4,108,0,112,138,0,138,250
06/01/2009,ANE,MN,AGL,CE,Federal Contract Tower,0,16,15,0,31,0,4,114,0,118,0,20,129,0,149,150,0,150,299
06/02/2009,ANE,MN,AGL,CE,Federal Contract Tower,0,14,17,0,31,0,1,86,0,87,0,15,103,0,118,138,0,138,256
06/03/2009,ANE,MN,AGL,CE,Federal Contract Tower,0,16,25,0,41,0,0,119,3,122,0,16,144,3,163,120,0,120,283
06/04/2009,ANE,MN,AGL,CE,Federal Contract Tower,0,14,43,0,57,0,0,147,0,147,0,14,190,0,204,74,0,74,278
06/05/2009,ANE,MN,AGL,CE,Federal Contract Tower,0,10,16,0,26,0,2,115,0,117,0,12,131,0,143,112,0,112,255
06/06/2009,ANE,MN,AGL,CE,Federal Contract Tower,0,1,25,0,26,0,0,122,0,122,0,1,147,0,148,98,0,98,246
06/07/2009,ANE,MN,AGL,CE,Federal Contract Tower,0,1,24,0,25,0,1,15,3,19,0,2,39,3,44,56,10,66,110
06/08/2009,ANE,MN,AGL,CE,Federal Contract Tower,0,13,41,0,54,0,0,5,0,5,0,13,46,0,59,42,0,42,101
06/09/2009,ANE,MN,AGL,CE,Federal Contract Tower,0,17,23,0,40,0,0,55,0,55,0,17,78,0,95,88,0,88,183
06/10/2009,ANE,MN,AGL,CE,Federal Contract Tower,0,15,40,0,55,0,0,95,4,99,0,15,135,4,154,40,0,40,194
06/11/2009,ANE,MN,AGL,CE,Federal Contract Tower,0,14,48,0,62,0,1,153,0,154,0,15,201,0,216,154,0,154,370
06/12/2009,ANE,MN,AGL,CE,Federal Contract Tower,0,17,34,0,51,0,0,139,0,139,0,17,173,0,190,142,2,144,334
06/13/2009,ANE,MN,AGL,CE,Federal Contract Tower,0,0,15,0,15,0,0,151,2,153,0,0,166,2,168,100,4,104,272
06/14/2009,ANE,MN,AGL,CE,Federal Contract Tower,0,2,23,0,25,0,2,142,2,146,0,4,165,2,171,100,2,102,273
06/15/2009,ANE,MN,AGL,CE,Federal Contract Tower,0,11,24,0,35,0,0,98,2,100,0,11,122,2,135,136,0,136,271
06/16/2009,ANE,MN,AGL,CE,Federal Contract Tower,0,13,28,0,41,0,0,27,0,27,0,13,55,0,68,74,0,74,142
06/17/2009,ANE,MN,AGL,CE,Federal Contract Tower,0,15,31,0,46,0,0,42,0,42,0,15,73,0,88,104,0,104,192
06/18/2009,ANE,MN,AGL,CE,Federal Contract Tower,0,12,27,0,39,0,0,49,0,49,0,12,76,0,88,96,0,96,184
06/19/2009,ANE,MN,AGL,CE,Federal Contract Tower,0,13,27,0,40,0,2,61,0,63,0,15,88,0,103,84,0,84,187
06/20/2009,ANE,MN,AGL,CE,Federal Contract Tower,0,0,16,0,16,0,2,181,0,183,0,2,197,0,199,96,0,96,295
06/21/2009,ANE,MN,AGL,CE,Federal Contract Tower,0,0,19,0,19,0,0,96,0,96,0,0,115,0,115,56,0,56,171
06/22/2009,ANE,MN,AGL,CE,Federal Contract Tower,0,13,32,0,45,0,0,62,0,62,0,13,94,0,107,36,0,36,143
06/23/2009,ANE,MN,AGL,CE,Federal Contract Tower,0,15,21,0,36,0,0,43,0,43,0,15,64,0,79,46,0,46,125
06/24/2009,ANE,MN,AGL,CE,Federal Contract Tower,0,12,31,0,43,0,0,80,0,80,0,12,111,0,123,104,0,104,227
06/25/2009,ANE,MN,AGL,CE,Federal Contract Tower,0,21,34,0,55,0,0,129,0,129,0,21,163,0,184,72,0,72,256
06/26/2009,ANE,MN,AGL,CE,Federal Contract Tower,0,16,27,0,43,0,1,130,0,131,0,17,157,0,174,220,0,220,394
06/27/2009,ANE,MN,AGL,CE,Federal Contract Tower,0,1,24,0,25,0,1,140,0,141,0,2,164,0,166,88,0,88,254
06/28/2009,ANE,MN,AGL,CE,Federal Contract Tower,0,3,15,0,18,0,0,149,0,149,0,3,164,0,167,34,0,34,201
06/29/2009,ANE,MN,AGL,CE,Federal Contract Tower,0,12,17,0,29,0,0,48,0,48,0,12,65,0,77,46,0,46,123
06/30/2009,ANE,MN,AGL,CE,Federal Contract Tower,0,14,25,0,39,0,0,55,0,55,0,14,80,0,94,70,0,70,164
07/01/2009,ANE,MN,AGL,CE,Federal Contract Tower,0,16,41,0,57,0,0,112,2,114,0,16,153,2,171,200,6,206,377
07/02/2009,ANE,MN,AGL,CE,Federal Contract Tower,0,12,36,0,48,0,0,161,0,161,0,12,197,0,209,148,0,148,357
07/03/2009,ANE,MN,AGL,CE,Federal Contract Tower,0,13,15,0,28,0,0,141,0,141,0,13,156,0,169,60,0,60,229
07/04/2009,ANE,MN,AGL,CE,Federal Contract Tower,0,0,1,0,1,0,0,90,0,90,0,0,91,0,91,42,0,42,133
07/05/2009,ANE,MN,AGL,CE,Federal Contract Tower,0,5,23,0,28,0,0,85,0,85,0,5,108,0,113,26,0,26,139
07/06/2009,ANE,MN,AGL,CE,Federal Contract Tower,0,12,22,0,34,0,0,102,0,102,0,12,124,0,136,140,0,140,276
07/07/2009,ANE,MN,AGL,CE,Federal Contract Tower,0,21,34,0,55,0,0,114,0,114,0,21,148,0,169,120,0,120,289
07/08/2009,ANE,MN,AGL,CE,Federal Contract Tower,0,20,34,0,54,0,1,128,2,131,0,21,162,2,185,122,0,122,307
07/09/2009,ANE,MN,AGL,CE,Federal Contract Tower,0,13,29,0,42,0,1,55,3,59,0,14,84,3,101,46,0,46,147
07/10/2009,ANE,MN,AGL,CE,Federal Contract Tower,0,14,32,0,46,0,0,95,0,95,0,14,127,0,141,100,0,100,241
07/11/2009,ANE,MN,AGL,CE,Federal Contract Tower,0,0,11,0,11,0,0,213,0,213,0,0,224,0,224,42,0,42,266
07/12/2009,ANE,MN,AGL,CE,Federal Contract Tower,0,9,19,0,28,0,0,132,0,132,0,9,151,0,160,86,0,86,246
07/13/2009,ANE,MN,AGL,CE,Federal Contract Tower,0,16,34,0,50,0,0,138,0,138,0,16,172,0,188,74,0,74,262
07/14/2009,ANE,MN,AGL,CE,Federal Contract Tower,0,17,21,0,38,0,1,45,0,46,0,18,66,0,84,100,0,100,184
07/15/2009,ANE,MN,AGL,CE,Federal Contract Tower,0,15,25,0,40,0,3,117,0,120,0,18,142,0,160,114,0,114,274
07/16/2009,ANE,MN,AGL,CE,Federal Contract Tower,0,14,29,0,43,0,0,95,0,95,0,14,124,0,138,48,0,48,186
07/17/2009,ANE,MN,AGL,CE,Federal Contract Tower,0,13,18,1,32,0,3,77,0,80,0,16,95,1,112,54,0,54,166
07/18/2009,ANE,MN,AGL,CE,Federal Contract Tower,0,3,20,0,23,0,0,134,0,134,0,3,154,0,157,86,0,86,243
07/19/2009,ANE,MN,AGL,CE,Federal Contract Tower,0,0,26,0,26,0,4,133,0,137,0,4,159,0,163,82,0,82,245
07/20/2009,ANE,MN,AGL,CE,Federal Contract Tower,0,14,14,0,28,0,2,103,0,105,0,16,117,0,133,110,2,112,245
07/21/2009,ANE,MN,AGL,CE,Federal Contract Tower,0,16,37,0,53,0,0,68,0,68,0,16,105,0,121,114,0,114,235
07/22/2009,ANE,MN,AGL,CE,Federal Contract Tower,0,15,35,0,50,0,0,150,0,150,0,15,185,0,200,198,0,198,398
07/23/2009,ANE,MN,AGL,CE,Federal Contract Tower,0,15,32,0,47,0,21,155,2,178,0,36,187,2,225,148,2,150,375
07/24/2009,ANE,MN,AGL,CE,Federal Contract Tower,0,14,12,0,26,0,8,103,0,111,0,22,115,0,137,86,0,86,223
07/25/2009,ANE,MN,AGL,CE,Federal Contract Tower,0,0,17,0,17,0,1,90,0,91,0,1,107,0,108,26,0,26,134
07/26/2009,ANE,MN,AGL,CE,Federal Contract Tower,0,4,17,0,21,0,2,108,0,110,0,6,125,0,131,16,0,16,147
07/27/2009,ANE,MN,AGL,CE,Federal Contract Tower,0,18,15,0,33,0,0,96,2,98,0,18,111,2,131,138,2,140,271
07/28/2009,ANE,MN,AGL,CE,Federal Contract Tower,0,21,34,1,56,0,4,128,0,132,0,25,162,1,188,162,2,164,352
07/29/2009,ANE,MN,AGL,CE,Federal Contract Tower,0,17,24,0,41,0,0,102,0,102,0,17,126,0,143,98,0,98,241
07/30/2009,ANE,MN,AGL,CE,Federal Contract Tower,0,16,28,0,44,0,0,60,0,60,0,16,88,0,104,60,6,66,170
07/31/2009,ANE,MN,AGL,CE,Federal Contract Tower,0,12,27,0,39,0,2,90,2,94,0,14,117,2,133,50,12,62,195
08/01/2009,ANE,MN,AGL,CE,Federal Contract Tower,0,1,19,0,20,0,1,82,0,83,0,2,101,0,103,38,0,38,141
08/02/2009,ANE,MN,AGL,CE,Federal Contract Tower,0,9,17,0,26,0,0,105,0,105,0,9,122,0,131,64,0,64,195
08/03/2009,ANE,MN,AGL,CE,Federal Contract Tower,0,13,20,0,33,0,0,129,0,129,0,13,149,0,162,128,0,128,290
08/04/2009,ANE,MN,AGL,CE,Federal Contract Tower,0,13,41,0,54,0,2,143,4,149,0,15,184,4,203,146,14,160,363
08/05/2009,ANE,MN,AGL,CE,Federal Contract Tower,0,14,30,0,44,0,2,94,2,98,0,16,124,2,142,82,4,86,228
08/06/2009,ANE,MN,AGL,CE,Federal Contract Tower,0,13,33,0,46,0,7,114,0,121,0,20,147,0,167,118,0,118,285
08/07/2009,ANE,MN,AGL,CE,Federal Contract Tower,0,19,27,0,46,0,0,13,0,13,0,19,40,0,59,8,0,8,67
08/08/2009,ANE,MN,AGL,CE,Federal Contract Tower,0,3,11,0,14,0,2,41,0,43,0,5,52,0,57,28,0,28,85
08/09/2009,ANE,MN,AGL,CE,Federal Contract Tower,0,1,23,0,24,0,2,146,0,148,0,3,169,0,172,106,0,106,278
08/10/2009,ANE,MN,AGL,CE,Federal Contract Tower,0,13,23,0,36,0,8,113,0,121,0,21,136,0,157,218,0,218,375
08/11/2009,ANE,MN,AGL,CE,Federal Contract Tower,0,15,29,0,44,0,6,161,0,167,0,21,190,0,211,162,0,162,373
08/12/2009,ANE,MN,AGL,CE,Federal Contract Tower,0,11,21,0,32,0,1,105,0,106,0,12,126,0,138,110,0,110,248
08/13/2009,ANE,MN,AGL,CE,Federal Contract Tower,0,12,31,0,43,0,2,102,0,104,0,14,133,0,147,90,0,90,237
08/14/2009,ANE,MN,AGL,CE,Federal Contract Tower,0,12,19,0,31,0,0,108,0,108,0,12,127,0,139,36,0,36,175
08/15/2009,ANE,MN,AGL,CE,Federal Contract Tower,0,0,15,0,15,0,2,77,0,79,0,2,92,0,94,20,0,20,114
08/16/2009,ANE,MN,AGL,CE,Federal Contract Tower,0,0,10,0,10,0,4,95,0,99,0,4,105,0,109,40,0,40,149
08/17/2009,ANE,MN,AGL,CE,Federal Contract Tower,0,17,22,0,39,0,2,124,0,126,0,19,146,0,165,162,0,162,327
08/18/2009,ANE,MN,AGL,CE,Federal Contract Tower,0,16,27,0,43,0,9,120,0,129,0,25,147,0,172,168,0,168,340
08/19/2009,ANE,MN,AGL,CE,Federal Contract Tower,0,23,30,0,53,0,0,23,0,23,0,23,53,0,76,44,0,44,120
08/20/2009,ANE,MN,AGL,CE,Federal Contract Tower,0,17,29,0,46,0,4,29,0,33,0,21,58,0,79,22,0,22,101
08/21/2009,ANE,MN,AGL,CE,Federal Contract Tower,0,12,40,0,52,0,4,37,0,41,0,16,77,0,93,14,0,14,107
08/22/2009,ANE,MN,AGL,CE,Federal Contract Tower,0,0,21,0,21,0,3,173,0,176,0,3,194,0,197,106,0,106,303
08/23/2009,ANE,MN,AGL,CE,Federal Contract Tower,0,2,23,0,25,0,5,198,0,203,0,7,221,0,228,168,0,168,396
08/24/2009,ANE,MN,AGL,CE,Federal Contract Tower,0,11,18,0,29,0,6,126,2,134,0,17,144,2,163,76,6,82,245
08/25/2009,ANE,MN,AGL,CE,Federal Contract Tower,0,18,25,0,43,0,2,88,0,90,0,20,113,0,133,84,0,84,217
08/26/2009,ANE,MN,AGL,CE,Federal Contract Tower,0,12,37,0,49,0,4,122,0,126,0,16,159,0,175,242,0,242,417
08/27/2009,ANE,MN,AGL,CE,Federal Contract Tower,0,18,36,0,54,0,3,104,0,107,0,21,140,0,161,52,0,52,213
08/28/2009,ANE,MN,AGL,CE,Federal Contract Tower,0,13,27,0,40,0,2,54,0,56,0,15,81,0,96,54,0,54,150
08/29/2009,ANE,MN,AGL,CE,Federal Contract Tower,0,0,19,0,19,0,9,85,0,94,0,9,104,0,113,68,0,68,181
08/30/2009,ANE,MN,AGL,CE,Federal Contract Tower,0,0,15,0,15,0,0,152,0,152,0,0,167,0,167,78,0,78,245
08/31/2009,ANE,MN,AGL,CE,Federal Contract Tower,0,17,25,0,42,0,3,126,0,129,0,20,151,0,171,92,0,92,263
09/01/2009,ANE,MN,AGL,CE,Federal Contract Tower,0,12,34,0,46,0,0,100,0,100,0,12,134,0,146,128,0,128,274
09/02/2009,ANE,MN,AGL,CE,Federal Contract Tower,0,13,27,0,40,0,2,130,0,132,0,15,157,0,172,150,0,150,322
09/03/2009,ANE,MN,AGL,CE,Federal Contract Tower,0,16,31,0,47,0,9,89,0,98,0,25,120,0,145,46,0,46,191
09/04/2009,ANE,MN,AGL,CE,Federal Contract Tower,0,27,30,0,57,0,4,111,2,117,0,31,141,2,174,126,0,126,300
09/05/2009,ANE,MN,AGL,CE,Federal Contract Tower,0,0,19,0,19,0,2,159,0,161,0,2,178,0,180,80,0,80,260
09/06/2009,ANE,MN,AGL,CE,Federal Contract Tower,0,0,9,0,9,0,2,148,0,150,0,2,157,0,159,50,0,50,209
09/07/2009,ANE,MN,AGL,CE,Federal Contract Tower,0,2,29,0,31,0,3,136,0,139,0,5,165,0,170,64,0,64,234
09/08/2009,ANE,MN,AGL,CE,Federal Contract Tower,0,15,28,0,43,0,2,77,0,79,0,17,105,0,122,78,0,78,200
09/09/2009,ANE,MN,AGL,CE,Federal Contract Tower,0,17,18,0,35,0,6,21,0,27,0,23,39,0,62,12,0,12,74
09/10/2009,ANE,MN,AGL,CE,Federal Contract Tower,0,13,34,0,47,0,3,95,0,98,0,16,129,0,145,46,0,46,191
09/11/2009,ANE,MN,AGL,CE,Federal Contract Tower,0,17,32,0,49,0,1,87,2,90,0,18,119,2,139,70,16,86,225
09/12/2009,ANE,MN,AGL,CE,Federal Contract Tower,0,2,35,0,37,0,4,58,0,62,0,6,93,0,99,18,0,18,117
09/13/2009,ANE,MN,AGL,CE,Federal Contract Tower,0,1,11,0,12,0,5,128,0,133,0,6,139,0,145,132,0,132,277
09/14/2009,ANE,MN,AGL,CE,Federal Contract Tower,0,13,17,1,31,0,1,97,0,98,0,14,114,1,129,92,0,92,221
09/15/2009,ANE,MN,AGL,CE,Federal Contract Tower,0,17,31,0,48,0,15,90,0,105,0,32,121,0,153,122,6,128,281
09/16/2009,ANE,MN,AGL,CE,Federal Contract Tower,0,12,36,1,49,0,0,70,0,70,0,12,106,1,119,102,0,102,221
09/17/2009,ANE,MN,AGL,CE,Federal Contract Tower,0,14,26,0,40,0,4,120,0,124,0,18,146,0,164,126,0,126,290
09/18/2009,ANE,MN,AGL,CE,Federal Contract Tower,0,14,20,0,34,0,5,129,2,136,0,19,149,2,170,108,2,110,280
09/19/2009,ANE,MN,AGL,CE,Federal Contract Tower,0,3,18,0,21,0,1,195,2,198,0,4,213,2,219,80,0,80,299
09/20/2009,ANE,MN,AGL,CE,Federal Contract Tower,0,2,18,0,20,0,7,156,0,163,0,9,174,0,183,54,0,54,237
09/21/2009,ANE,MN,AGL,CE,Federal Contract Tower,0,14,23,0,37,0,4,73,0,77,0,18,96,0,114,88,0,88,202
09/22/2009,ANE,MN,AGL,CE,Federal Contract Tower,0,17,39,0,56,0,4,39,0,43,0,21,78,0,99,64,0,64,163
09/23/2009,ANE,MN,AGL,CE,Federal Contract Tower,0,15,27,0,42,0,2,76,0,78,0,17,103,0,120,58,0,58,178
09/24/2009,ANE,MN,AGL,CE,Federal Contract Tower,0,15,33,0,48,0,4,111,0,115,0,19,144,0,163,92,0,92,255
09/25/2009,ANE,MN,AGL,CE,Federal Contract Tower,0,23,18,0,41,0,0,8,0,8,0,23,26,0,49,26,0,26,75
09/26/2009,ANE,MN,AGL,CE,Federal Contract Tower,0,1,32,0,33,0,0,107,0,107,0,1,139,0,140,98,0,98,238
09/27/2009,ANE,MN,AGL,CE,Federal Contract Tower,0,1,22,0,23,0,1,36,0,37,0,2,58,0,60,6,0,6,66
09/28/2009,ANE,MN,AGL,CE,Federal Contract Tower,0,20,17,0,37,0,9,28,0,37,0,29,45,0,74,0,0,0,74
09/29/2009,ANE,MN,AGL,CE,Federal Contract Tower,0,17,30,0,47,0,0,79,0,79,0,17,109,0,126,48,0,48,174
09/30/2009,ANE,MN,AGL,CE,Federal Contract Tower,0,13,28,0,41,0,3,105,2,110,0,16,133,2,151,30,8,38,189
10/01/2009,ANE,MN,AGL,CE,Federal Contract Tower,0,14,18,0,32,0,0,1,0,1,0,14,19,0,33,0,0,0,33
10/02/2009,ANE,MN,AGL,CE,Federal Contract Tower,0,19,14,0,33,0,0,2,0,2,0,19,16,0,35,12,0,12,47
10/03/2009,ANE,MN,AGL,CE,Federal Contract Tower,0,2,29,0,31,0,1,31,0,32,0,3,60,0,63,32,0,32,95
10/04/2009,ANE,MN,AGL,CE,Federal Contract Tower,0,1,16,0,17,0,1,48,2,51,0,2,64,2,68,10,2,12,80
10/05/2009,ANE,MN,AGL,CE,Federal Contract Tower,0,13,14,0,27,0,1,44,0,45,0,14,58,0,72,12,0,12,84
10/06/2009,ANE,MN,AGL,CE,Federal Contract Tower,0,11,22,0,33,0,0,2,0,2,0,11,24,0,35,10,0,10,45
10/07/2009,ANE,MN,AGL,CE,Federal Contract Tower,0,14,41,0,55,0,5,110,0,115,0,19,151,0,170,98,0,98,268
10/08/2009,ANE,MN,AGL,CE,Federal Contract Tower,0,11,22,0,33,0,0,112,0,112,0,11,134,0,145,82,0,82,227
10/09/2009,ANE,MN,AGL,CE,Federal Contract Tower,0,12,33,0,45,0,1,139,0,140,0,13,172,0,185,104,0,104,289
10/10/2009,ANE,MN,AGL,CE,Federal Contract Tower,0,0,18,0,18,0,9,68,0,77,0,9,86,0,95,44,0,44,139
10/11/2009,ANE,MN,AGL,CE,Federal Contract Tower,0,2,12,0,14,0,6,106,0,112,0,8,118,0,126,86,0,86,212
10/12/2009,ANE,MN,AGL,CE,Federal Contract Tower,0,14,12,0,26,0,1,0,0,1,0,15,12,0,27,0,0,0,27
10/13/2009,ANE,MN,AGL,CE,Federal Contract Tower,0,14,38,0,52,0,2,82,0,84,0,16,120,0,136,52,0,52,188
10/14/2009,ANE,MN,AGL,CE,Federal Contract Tower,0,12,26,0,38,0,4,59,2,65,0,16,85,2,103,90,0,90,193
10/15/2009,ANE,MN,AGL,CE,Federal Contract Tower,0,12,14,0,26,0,0,1,0,1,0,12,15,0,27,0,0,0,27
10/16/2009,ANE,MN,AGL,CE,Federal Contract Tower,0,16,17,0,33,0,3,69,0,72,0,19,86,0,105,60,0,60,165
10/17/2009,ANE,MN,AGL,CE,Federal Contract Tower,0,5,25,0,30,0,2,152,0,154,0,7,177,0,184,90,0,90,274
10/18/2009,ANE,MN,AGL,CE,Federal Contract Tower,0,3,25,0,28,0,3,58,0,61,0,6,83,0,89,62,0,62,151
10/19/2009,ANE,MN,AGL,CE,Federal Contract Tower,0,12,34,0,46,0,0,74,0,74,0,12,108,0,120,46,0,46,166
10/20/2009,ANE,MN,AGL,CE,Federal Contract Tower,0,14,25,0,39,0,0,51,0,51,0,14,76,0,90,110,0,110,200
10/21/2009,ANE,MN,AGL,CE,Federal Contract Tower,0,13,24,0,37,0,0,0,0,0,0,13,24,0,37,14,0,14,51
10/22/2009,ANE,MN,AGL,CE,Federal Contract Tower,0,13,31,0,44,0,1,47,0,48,0,14,78,0,92,62,0,62,154
10/23/2009,ANE,MN,AGL,CE,Federal Contract Tower,0,15,14,0,29,0,2,0,0,2,0,17,14,0,31,0,0,0,31
10/24/2009,ANE,MN,AGL,CE,Federal Contract Tower,0,4,21,0,25,0,3,200,0,203,0,7,221,0,228,112,0,112,340
10/25/2009,ANE,MN,AGL,CE,Federal Contract Tower,0,3,15,0,18,0,0,1,0,1,0,3,16,0,19,8,0,8,27
10/26/2009,ANE,MN,AGL,CE,Federal Contract Tower,0,15,34,0,49,0,2,45,0,47,0,17,79,0,96,78,0,78,174
10/27/2009,ANE,MN,AGL,CE,Federal Contract Tower,0,20,32,0,52,0,0,120,0,120,0,20,152,0,172,104,0,104,276
10/28/2009,ANE,MN,AGL,CE,Federal Contract Tower,0,14,30,0,44,0,4,63,0,67,0,18,93,0,111,116,0,116,227
10/29/2009,ANE,MN,AGL,CE,Federal Contract Tower,0,11,24,0,35,0,0,2,0,2,0,11,26,0,37,28,0,28,65
10/30/2009,ANE,MN,AGL,CE,Federal Contract Tower,0,21,10,0,31,0,0,9,0,9,0,21,19,0,40,10,0,10,50
10/31/2009,ANE,MN,AGL,CE,Federal Contract Tower,0,0,20,0,20,0,1,62,0,63,0,1,82,0,83,56,0,56,139
11/01/2009,ANE,MN,AGL,CE,Federal Contract Tower,0,1,21,0,22,0,4,109,0,113,0,5,130,0,135,104,0,104,239
11/02/2009,ANE,MN,AGL,CE,Federal Contract Tower,0,13,23,0,36,0,0,66,0,66,0,13,89,0,102,70,0,70,172
11/03/2009,ANE,MN,AGL,CE,Federal Contract Tower,0,13,21,1,35,0,2,110,0,112,0,15,131,1,147,128,4,132,279
11/04/2009,ANE,MN,AGL,CE,Federal Contract Tower,0,13,32,0,45,0,0,64,0,64,0,13,96,0,109,66,0,66,175
11/05/2009,ANE,MN,AGL,CE,Federal Contract Tower,0,11,27,2,40,0,13,182,2,197,0,24,209,4,237,112,10,122,359
11/06/2009,ANE,MN,AGL,CE,Federal Contract Tower,0,12,26,0,38,0,9,87,0,96,0,21,113,0,134,96,0,96,230
11/07/2009,ANE,MN,AGL,CE,Federal Contract Tower,0,1,15,0,16,0,4,177,0,181,0,5,192,0,197,80,4,84,281
11/08/2009,ANE,MN,AGL,CE,Federal Contract Tower,0,2,31,0,33,0,5,73,0,78,0,7,104,0,111,50,0,50,161
11/09/2009,ANE,MN,AGL,CE,Federal Contract Tower,0,13,41,0,54,0,7,82,0,89,0,20,123,0,143,130,0,130,273
11/10/2009,ANE,MN,AGL,CE,Federal Contract Tower,0,13,24,0,37,0,3,155,0,158,0,16,179,0,195,216,0,216,411
11/11/2009,ANE,MN,AGL,CE,Federal Contract Tower,0,6,31,0,37,0,7,125,0,132,0,13,156,0,169,130,0,130,299
11/12/2009,ANE,MN,AGL,CE,Federal Contract Tower,0,14,20,0,34,0,1,48,0,49,0,15,68,0,83,38,0,38,121
11/13/2009,ANE,MN,AGL,CE,Federal Contract Tower,0,22,36,0,58,0,3,20,0,23,0,25,56,0,81,48,0,48,129
11/14/2009,ANE,MN,AGL,CE,Federal Contract Tower,0,2,24,0,26,0,1,38,0,39,0,3,62,0,65,116,4,120,185
11/15/2009,ANE,MN,AGL,CE,Federal Contract Tower,0,0,12,0,12,0,0,160,4,164,0,0,172,4,176,186,0,186,362
11/16/2009,ANE,MN,AGL,CE,Federal Contract Tower,0,14,25,0,39,0,2,132,0,134,0,16,157,0,173,62,0,62,235
11/17/2009,ANE,MN,AGL,CE,Federal Contract Tower,0,13,35,2,50,0,5,154,2,161,0,18,189,4,211,142,12,154,365
11/18/2009,ANE,MN,AGL,CE,Federal Contract Tower,0,12,22,1,35,0,2,98,0,100,0,14,120,1,135,178,4,182,317
11/19/2009,ANE,MN,AGL,CE,Federal Contract Tower,0,10,38,0,48,0,3,34,0,37,0,13,72,0,85,64,0,64,149
11/20/2009,ANE,MN,AGL,CE,Federal Contract Tower,0,14,24,0,38,0,2,117,0,119,0,16,141,0,157,92,0,92,249
11/21/2009,ANE,MN,AGL,CE,Federal Contract Tower,0,1,21,0,22,0,2,118,0,120,0,3,139,0,142,178,0,178,320
11/22/2009,ANE,MN,AGL,CE,Federal Contract Tower,0,3,33,0,36,0,2,94,0,96,0,5,127,0,132,138,0,138,270
11/23/2009,ANE,MN,AGL,CE,Federal Contract Tower,0,12,24,0,36,0,3,59,0,62,0,15,83,0,98,58,0,58,156
11/24/2009,ANE,MN,AGL,CE,Federal Contract Tower,0,10,23,0,33,0,1,0,0,1,0,11,23,0,34,0,0,0,34
11/25/2009,ANE,MN,AGL,CE,Federal Contract Tower,0,14,14,0,28,0,2,12,0,14,0,16,26,0,42,46,0,46,88
11/26/2009,ANE,MN,AGL,CE,Federal Contract Tower,0,1,2,0,3,0,2,12,0,14,0,3,14,0,17,6,0,6,23
11/27/2009,ANE,MN,AGL,CE,Federal Contract Tower,0,20,33,0,53,0,3,114,0,117,0,23,147,0,170,54,0,54,224
11/28/2009,ANE,MN,AGL,CE,Federal Contract Tower,0,6,21,0,27,0,1,77,0,78,0,7,98,0,105,140,0,140,245
11/29/2009,ANE,MN,AGL,CE,Federal Contract Tower,0,5,18,0,23,0,2,38,0,40,0,7,56,0,63,80,0,80,143
11/30/2009,ANE,MN,AGL,CE,Federal Contract Tower,0,17,38,0,55,0,1,98,0,99,0,18,136,0,154,102,0,102,256
12/01/2009,ANE,MN,AGL,CE,Federal Contract Tower,0,11,25,1,37,0,0,56,0,56,0,11,81,1,93,70,0,70,163
12/02/2009,ANE,MN,AGL,CE,Federal Contract Tower,0,13,47,0,60,0,4,34,0,38,0,17,81,0,98,74,0,74,172
12/03/2009,ANE,MN,AGL,CE,Federal Contract Tower,0,12,19,0,31,0,2,13,0,15,0,14,32,0,46,10,2,12,58
12/04/2009,ANE,MN,AGL,CE,Federal Contract Tower,0,11,28,0,39,0,4,12,3,19,0,15,40,3,58,30,8,38,96
12/05/2009,ANE,MN,AGL,CE,Federal Contract Tower,0,3,33,0,36,0,5,121,0,126,0,8,154,0,162,78,0,78,240
12/06/2009,ANE,MN,AGL,CE,Federal Contract Tower,0,1,11,0,12,0,0,61,0,61,0,1,72,0,73,108,0,108,181
12/07/2009,ANE,MN,AGL,CE,Federal Contract Tower,0,16,27,0,43,0,5,82,0,87,0,21,109,0,130,84,0,84,214
12/08/2009,ANE,MN,AGL,CE,Federal Contract Tower,0,13,17,0,30,0,0,24,0,24,0,13,41,0,54,16,0,16,70
12/09/2009,ANE,MN,AGL,CE,Federal Contract Tower,0,17,3,0,20,0,0,2,0,2,0,17,5,0,22,0,0,0,22
12/10/2009,ANE,MN,AGL,CE,Federal Contract Tower,0,10,38,1,49,0,6,19,0,25,0,16,57,1,74,40,2,42,116
12/11/2009,ANE,MN,AGL,CE,Federal Contract Tower,0,12,31,0,43,0,1,50,0,51,0,13,81,0,94,34,0,34,128
12/12/2009,ANE,MN,AGL,CE,Federal Contract Tower,0,5,22,0,27,0,6,91,0,97,0,11,113,0,124,166,0,166,290
12/13/2009,ANE,MN,AGL,CE,Federal Contract Tower,0,3,34,0,37,0,5,64,0,69,0,8,98,0,106,28,0,28,134
12/14/2009,ANE,MN,AGL,CE,Federal Contract Tower,0,19,16,0,35,0,1,20,2,23,0,20,36,2,58,12,2,14,72
12/15/2009,ANE,MN,AGL,CE,Federal Contract Tower,0,15,19,0,34,0,4,41,2,47,0,19,60,2,81,14,12,26,107
12/16/2009,ANE,MN,AGL,CE,Federal Contract Tower,0,10,38,1,49,0,1,44,0,45,0,11,82,1,94,30,0,30,124
12/17/2009,ANE,MN,AGL,CE,Federal Contract Tower,0,12,33,0,45,0,2,45,0,47,0,14,78,0,92,66,4,70,162
12/18/2009,ANE,MN,AGL,CE,Federal Contract Tower,0,14,23,0,37,0,1,76,0,77,0,15,99,0,114,120,0,120,234
12/19/2009,ANE,MN,AGL,CE,Federal Contract Tower,0,3,8,0,11,0,1,78,0,79,0,4,86,0,90,126,0,126,216
12/20/2009,ANE,MN,AGL,CE,Federal Contract Tower,0,2,5,0,7,0,0,9,0,9,0,2,14,0,16,10,0,10,26
12/21/2009,ANE,MN,AGL,CE,Federal Contract Tower,0,11,13,0,24,0,2,3,0,5,0,13,16,0,29,8,0,8,37
12/22/2009,ANE,MN,AGL,CE,Federal Contract Tower,0,16,23,0,39,0,0,44,0,44,0,16,67,0,83,22,4,26,109
12/23/2009,ANE,MN,AGL,CE,Federal Contract Tower,0,10,10,0,20,0,1,4,0,5,0,11,14,0,25,4,0,4,29
12/24/2009,ANE,MN,AGL,CE,Federal Contract Tower,0,12,1,0,13,0,0,0,0,0,0,12,1,0,13,0,0,0,13
12/25/2009,ANE,MN,AGL,CE,Federal Contract Tower,0,1,2,0,3,0,0,0,0,0,0,1,2,0,3,0,0,0,3
12/26/2009,ANE,MN,AGL,CE,Federal Contract Tower,0,2,5,0,7,0,0,1,0,1,0,2,6,0,8,0,0,0,8
12/27/2009,ANE,MN,AGL,CE,Federal Contract Tower,0,4,11,0,15,0,0,43,0,43,0,4,54,0,58,42,0,42,100
12/28/2009,ANE,MN,AGL,CE,Federal Contract Tower,0,13,22,0,35,0,3,38,0,41,0,16,60,0,76,62,0,62,138
12/29/2009,ANE,MN,AGL,CE,Federal Contract Tower,0,12,27,0,39,0,4,54,0,58,0,16,81,0,97,40,0,40,137
12/30/2009,ANE,MN,AGL,CE,Federal Contract Tower,0,9,2,0,11,0,4,0,0,4,0,13,2,0,15,0,0,0,15
12/31/2009,ANE,MN,AGL,CE,Federal Contract Tower,0,11,11,0,22,0,2,81,0,83,0,13,92,0,105,74,0,74,179
01/01/2010,ANE,MN,AGL,CE,Federal Contract Tower,0,3,3,0,6,0,6,70,0,76,0,9,73,0,82,24,0,24,106
01/02/2010,ANE,MN,AGL,CE,Federal Contract Tower,0,6,1,0,7,0,7,34,0,41,0,13,35,0,48,10,0,10,58
01/03/2010,ANE,MN,AGL,CE,Federal Contract Tower,0,4,13,0,17,0,0,58,0,58,0,4,71,0,75,60,0,60,135
01/04/2010,ANE,MN,AGL,CE,Federal Contract Tower,0,11,25,0,36,0,1,44,0,45,0,12,69,0,81,28,0,28,109
01/05/2010,ANE,MN,AGL,CE,Federal Contract Tower,0,10,16,0,26,0,3,26,0,29,0,13,42,0,55,24,2,26,81
01/06/2010,ANE,MN,AGL,CE,Federal Contract Tower,0,11,21,1,33,0,0,51,0,51,0,11,72,1,84,50,0,50,134
01/07/2010,ANE,MN,AGL,CE,Federal Contract Tower,0,14,14,0,28,0,2,8,0,10,0,16,22,0,38,14,0,14,52
01/08/2010,ANE,MN,AGL,CE,Federal Contract Tower,0,15,18,0,33,0,8,59,0,67,0,23,77,0,100,112,0,112,212
01/09/2010,ANE,MN,AGL,CE,Federal Contract Tower,0,2,18,0,20,0,0,68,0,68,0,2,86,0,88,56,0,56,144
01/10/2010,ANE,MN,AGL,CE,Federal Contract Tower,0,2,16,0,18,0,3,42,0,45,0,5,58,0,63,46,0,46,109
01/11/2010,ANE,MN,AGL,CE,Federal Contract Tower,0,12,19,0,31,0,2,40,4,46,0,14,59,4,77,42,2,44,121
01/12/2010,ANE,MN,AGL,CE,Federal Contract Tower,0,10,33,2,45,0,2,48,0,50,0,12,81,2,95,42,0,42,137
01/13/2010,ANE,MN,AGL,CE,Federal Contract Tower,0,11,41,0,52,0,2,63,2,67,0,13,104,2,119,110,2,112,231
01/14/2010,ANE,MN,AGL,CE,Federal Contract Tower,0,11,25,0,36,0,0,42,6,48,0,11,67,6,84,54,10,64,148
01/15/2010,ANE,MN,AGL,CE,Federal Contract Tower,0,15,28,0,43,0,0,0,0,0,0,15,28,0,43,0,0,0,43
01/16/2010,ANE,MN,AGL,CE,Federal Contract Tower,0,3,31,0,34,0,0,125,0,125,0,3,156,0,159,162,0,162,321
01/17/2010,ANE,MN,AGL,CE,Federal Contract Tower,0,1,24,0,25,0,4,52,0,56,0,5,76,0,81,52,0,52,133
01/18/2010,ANE,MN,AGL,CE,Federal Contract Tower,0,1,19,0,20,0,4,62,0,66,0,5,81,0,86,90,0,90,176
01/19/2010,ANE,MN,AGL,CE,Federal Contract Tower,0,16,21,0,37,0,0,0,0,0,0,16,21,0,37,0,0,0,37
01/20/2010,ANE,MN,AGL,CE,Federal Contract Tower,0,12,25,0,37,0,2,83,0,85,0,14,108,0,122,96,0,96,218
01/21/2010,ANE,MN,AGL,CE,Federal Contract Tower,0,18,14,0,32,0,2,0,0,2,0,20,14,0,34,8,0,8,42
01/22/2010,ANE,MN,AGL,CE,Federal Contract Tower,0,16,11,0,27,0,0,21,0,21,0,16,32,0,48,30,0,30,78
01/23/2010,ANE,MN,AGL,CE,Federal Contract Tower,0,6,4,0,10,0,0,0,0,0,0,6,4,0,10,0,0,0,10
01/24/2010,ANE,MN,AGL,CE,Federal Contract Tower,0,1,7,0,8,0,0,0,0,0,0,1,7,0,8,0,0,0,8
01/25/2010,ANE,MN,AGL,CE,Federal Contract Tower,0,11,2,0,13,0,0,0,0,0,0,11,2,0,13,0,0,0,13
01/26/2010,ANE,MN,AGL,CE,Federal Contract Tower,0,18,26,0,44,0,4,81,4,89,0,22,107,4,133,84,2,86,219
01/27/2010,ANE,MN,AGL,CE,Federal Contract Tower,0,13,43,0,56,0,4,72,0,76,0,17,115,0,132,58,0,58,190
01/28/2010,ANE,MN,AGL,CE,Federal Contract Tower,0,11,31,0,42,0,0,54,0,54,0,11,85,0,96,48,2,50,146
01/29/2010,ANE,MN,AGL,CE,Federal Contract Tower,0,14,31,0,45,0,2,112,2,116,0,16,143,2,161,110,0,110,271
01/30/2010,ANE,MN,AGL,CE,Federal Contract Tower,0,6,20,0,26,0,1,115,0,116,0,7,135,0,142,124,0,124,266
01/31/2010,ANE,MN,AGL,CE,Federal Contract Tower,0,3,21,0,24,0,0,85,0,85,0,3,106,0,109,82,0,82,191
02/01/2010,ANE,MN,AGL,CE,Federal Contract Tower,0,15,17,0,32,0,0,8,0,8,0,15,25,0,40,0,0,0,40
02/02/2010,ANE,MN,AGL,CE,Federal Contract Tower,0,14,25,0,39,0,1,71,2,74,0,15,96,2,113,74,2,76,189
02/03/2010,ANE,MN,AGL,CE,Federal Contract Tower,0,10,23,0,33,0,3,76,0,79,0,13,99,0,112,98,0,98,210
02/04/2010,ANE,MN,AGL,CE,Federal Contract Tower,0,16,16,0,32,0,0,0,0,0,0,16,16,0,32,2,0,2,34
02/05/2010,ANE,MN,AGL,CE,Federal Contract Tower,0,11,5,0,16,0,0,0,2,2,0,11,5,2,18,0,2,2,20
02/06/2010,ANE,MN,AGL,CE,Federal Contract Tower,0,4,23,0,27,0,0,95,2,97,0,4,118,2,124,166,6,172,296
02/07/2010,ANE,MN,AGL,CE,Federal Contract Tower,0,0,9,0,9,0,0,4,0,4,0,0,13,0,13,44,0,44,57
02/08/2010,ANE,MN,AGL,CE,Federal Contract Tower,0,25,20,0,45,0,0,0,0,0,0,25,20,0,45,0,0,0,45
02/09/2010,ANE,MN,AGL,CE,Federal Contract Tower,0,12,16,2,30,0,6,36,0,42,0,18,52,2,72,40,2,42,114
02/10/2010,ANE,MN,AGL,CE,Federal Contract Tower,0,14,32,0,46,0,4,123,0,127,0,18,155,0,173,192,2,194,367
02/11/2010,ANE,MN,AGL,CE,Federal Contract Tower,0,9,47,0,56,0,0,80,2,82,0,9,127,2,138,122,8,130,268
02/12/2010,ANE,MN,AGL,CE,Federal Contract Tower,0,14,22,0,36,0,3,79,0,82,0,17,101,0,118,76,0,76,194
02/13/2010,ANE,MN,AGL,CE,Federal Contract Tower,0,4,8,0,12,0,0,34,0,34,0,4,42,0,46,20,0,20,66
02/14/2010,ANE,MN,AGL,CE,Federal Contract Tower,0,1,8,0,9,0,1,59,0,60,0,2,67,0,69,74,0,74,143
02/15/2010,ANE,MN,AGL,CE,Federal Contract Tower,0,11,21,0,32,0,1,30,0,31,0,12,51,0,63,66,0,66,129
02/16/2010,ANE,MN,AGL,CE,Federal Contract Tower,0,12,31,0,43,0,0,122,0,122,0,12,153,0,165,160,4,164,329
02/17/2010,ANE,MN,AGL,CE,Federal Contract Tower,0,10,15,0,25,0,2,125,0,127,0,12,140,0,152,144,4,148,300
02/18/2010,ANE,MN,AGL,CE,Federal Contract Tower,0,16,36,1,53,0,0,136,0,136,0,16,172,1,189,160,2,162,351
02/19/2010,ANE,MN,AGL,CE,Federal Contract Tower,0,15,45,0,60,0,0,101,1,102,0,15,146,1,162,36,10,46,208
02/20/2010,ANE,MN,AGL,CE,Federal Contract Tower,0,7,16,0,23,0,2,115,0,117,0,9,131,0,140,108,0,108,248
02/21/2010,ANE,MN,AGL,CE,Federal Contract Tower,0,0,20,0,20,0,6,98,0,104,0,6,118,0,124,200,0,200,324
02/22/2010,ANE,MN,AGL,CE,Federal Contract Tower,0,13,18,0,31,0,7,62,4,73,0,20,80,4,104,88,6,94,198
02/23/2010,ANE,MN,AGL,CE,Federal Contract Tower,0,16,30,0,46,0,0,83,0,83,0,16,113,0,129,54,2,56,185
02/24/2010,ANE,MN,AGL,CE,Federal Contract Tower,0,16,32,0,48,0,2,115,0,117,0,18,147,0,165,96,0,96,261
02/25/2010,ANE,MN,AGL,CE,Federal Contract Tower,0,12,27,0,39,0,3,90,0,93,0,15,117,0,132,154,0,154,286
02/26/2010,ANE,MN,AGL,CE,Federal Contract Tower,0,10,43,0,53,0,1,99,0,100,0,11,142,0,153,78,0,78,231
02/27/2010,ANE,MN,AGL,CE,Federal Contract Tower,0,2,13,0,15,0,1,138,0,139,0,3,151,0,154,90,0,90,244
02/28/2010,ANE,MN,AGL,CE,Federal Contract Tower,0,2,27,0,29,0,5,107,0,112,0,7,134,0,141,114,0,114,255
03/01/2010,ANE,MN,AGL,CE,Federal Contract Tower,0,14,21,0,35,0,5,118,0,123,0,19,139,0,158,118,0,118,276
03/02/2010,ANE,MN,AGL,CE,Federal Contract Tower,0,11,27,0,38,0,4,105,0,109,0,15,132,0,147,108,0,108,255
03/03/2010,ANE,MN,AGL,CE,Federal Contract Tower,0,13,39,0,52,0,3,137,0,140,0,16,176,0,192,110,0,110,302
03/04/2010,ANE,MN,AGL,CE,Federal Contract Tower,0,12,36,0,48,0,1,100,0,101,0,13,136,0,149,140,0,140,289
03/05/2010,ANE,MN,AGL,CE,Federal Contract Tower,0,11,34,0,45,0,1,75,0,76,0,12,109,0,121,68,0,68,189
03/06/2010,ANE,MN,AGL,CE,Federal Contract Tower,0,4,27,0,31,0,3,118,2,123,0,7,145,2,154,144,0,144,298
03/07/2010,ANE,MN,AGL,CE,Federal Contract Tower,0,1,18,0,19,0,3,98,0,101,0,4,116,0,120,146,0,146,266
03/08/2010,ANE,MN,AGL,CE,Federal Contract Tower,0,16,21,0,37,0,0,6,0,6,0,16,27,0,43,16,0,16,59
03/09/2010,ANE,MN,AGL,CE,Federal Contract Tower,0,15,23,0,38,0,0,5,0,5,0,15,28,0,43,28,0,28,71
03/10/2010,ANE,MN,AGL,CE,Federal Contract Tower,0,17,32,0,49,0,0,4,0,4,0,17,36,0,53,2,0,2,55
03/11/2010,ANE,MN,AGL,CE,Federal Contract Tower,0,12,11,0,23,0,0,0,0,0,0,12,11,0,23,0,0,0,23
03/12/2010,ANE,MN,AGL,CE,Federal Contract Tower,0,11,16,0,27,0,0,0,0,0,0,11,16,0,27,0,0,0,27
03/13/2010,ANE,MN,AGL,CE,Federal Contract Tower,0,5,34,0,39,0,2,0,0,2,0,7,34,0,41,0,0,0,41
03/14/2010,ANE,MN,AGL,CE,Federal Contract Tower,0,7,27,0,34,0,3,80,0,83,0,10,107,0,117,84,0,84,201
03/15/2010,ANE,MN,AGL,CE,Federal Contract Tower,0,14,27,0,41,0,10,76,0,86,0,24,103,0,127,70,0,70,197
03/16/2010,ANE,MN,AGL,CE,Federal Contract Tower,0,12,43,6,61,0,2,22,0,24,0,14,65,6,85,100,0,100,185
03/17/2010,ANE,MN,AGL,CE,Federal Contract Tower,0,12,28,0,40,0,0,174,1,175,0,12,202,1,215,222,0,222,437
03/18/2010,ANE,MN,AGL,CE,Federal Contract Tower,0,11,29,0,40,0,4,101,0,105,0,15,130,0,145,160,0,160,305
03/19/2010,ANE,MN,AGL,CE,Federal Contract Tower,0,10,22,0,32,0,0,37,0,37,0,10,59,0,69,54,0,54,123
03/20/2010,ANE,MN,AGL,CE,Federal Contract Tower,0,1,19,0,20,0,0,184,2,186,0,1,203,2,206,248,4,252,458
03/21/2010,ANE,MN,AGL,CE,Federal Contract Tower,0,4,16,0,20,0,6,166,2,174,0,10,182,2,194,188,2,190,384
03/22/2010,ANE,MN,AGL,CE,Federal Contract Tower,0,12,19,0,31,0,4,118,2,124,0,16,137,2,155,128,2,130,285
03/23/2010,ANE,MN,AGL,CE,Federal Contract Tower,0,12,22,0,34,0,2,66,0,68,0,14,88,0,102,180,0,180,282
03/24/2010,ANE,MN,AGL,CE,Federal Contract Tower,0,13,30,0,43,0,4,130,1,135,0,17,160,1,178,190,2,192,370
03/25/2010,ANE,MN,AGL,CE,Federal Contract Tower,0,14,23,0,37,0,8,71,0,79,0,22,94,0,116,60,0,60,176
03/26/2010,ANE,MN,AGL,CE,Federal Contract Tower,0,15,21,0,36,0,1,49,0,50,0,16,70,0,86,54,0,54,140
03/27/2010,ANE,MN,AGL,CE,Federal Contract Tower,0,2,18,0,20,0,6,132,0,138,0,8,150,0,158,182,0,182,340
03/28/2010,ANE,MN,AGL,CE,Federal Contract Tower,0,1,37,0,38,0,0,133,0,133,0,1,170,0,171,190,0,190,361
03/29/2010,ANE,MN,AGL,CE,Federal Contract Tower,0,18,23,0,41,0,2,91,0,93,0,20,114,0,134,108,0,108,242
03/30/2010,ANE,MN,AGL,CE,Federal Contract Tower,0,12,26,0,38,0,4,55,0,59,0,16,81,0,97,58,6,64,161
03/31/2010,ANE,MN,AGL,CE,Federal Contract Tower,0,13,46,0,59,0,0,145,0,145,0,13,191,0,204,176,0,176,380
04/01/2010,ANE,MN,AGL,CE,Federal Contract Tower,0,11,23,0,34,0,9,64,0,73,0,20,87,0,107,40,0,40,147
04/02/2010,ANE,MN,AGL,CE,Federal Contract Tower,0,9,22,0,31,0,1,31,0,32,0,10,53,0,63,36,0,36,99
04/03/2010,ANE,MN,AGL,CE,Federal Contract Tower,0,2,21,0,23,0,5,107,0,112,0,7,128,0,135,98,0,98,233
04/04/2010,ANE,MN,AGL,CE,Federal Contract Tower,0,0,13,0,13,0,0,119,0,119,0,0,132,0,132,52,0,52,184
04/05/2010,ANE,MN,AGL,CE,Federal Contract Tower,0,12,40,0,52,0,7,122,0,129,0,19,162,0,181,126,0,126,307
04/06/2010,ANE,MN,AGL,CE,Federal Contract Tower,0,9,27,0,36,0,3,13,0,16,0,12,40,0,52,44,0,44,96
04/07/2010,ANE,MN,AGL,CE,Federal Contract Tower,0,10,46,0,56,0,3,67,0,70,0,13,113,0,126,86,0,86,212
04/08/2010,ANE,MN,AGL,CE,Federal Contract Tower,0,9,42,0,51,0,5,91,2,98,0,14,133,2,149,84,12,96,245
04/09/2010,ANE,MN,AGL,CE,Federal Contract Tower,0,13,36,0,49,0,5,130,0,135,0,18,166,0,184,134,0,134,318
04/10/2010,ANE,MN,AGL,CE,Federal Contract Tower,0,3,28,0,31,0,7,171,0,178,0,10,199,0,209,174,0,174,383
04/11/2010,ANE,MN,AGL,CE,Federal Contract Tower,0,0,22,0,22,0,6,171,0,177,0,6,193,0,199,156,0,156,355
04/12/2010,ANE,MN,AGL,CE,Federal Contract Tower,0,15,21,0,36,0,14,68,2,84,0,29,89,2,120,116,2,118,238
04/13/2010,ANE,MN,AGL,CE,Federal Contract Tower,0,9,28,1,38,0,1,38,0,39,0,10,66,1,77,62,4,66,143
04/14/2010,ANE,MN,AGL,CE,Federal Contract Tower,0,10,24,0,34,0,3,65,0,68,0,13,89,0,102,132,0,132,234
04/15/2010,ANE,MN,AGL,CE,Federal Contract Tower,0,10,28,0,38,0,8,71,2,81,0,18,99,2,119,66,10,76,195
04/16/2010,ANE,MN,AGL,CE,Federal Contract Tower,0,11,38,0,49,0,7,130,4,141,0,18,168,4,190,76,4,80,270
04/17/2010,ANE,MN,AGL,CE,Federal Contract Tower,0,5,16,0,21,0,9,134,0,143,0,14,150,0,164,152,0,152,316
04/18/2010,ANE,MN,AGL,CE,Federal Contract Tower,0,1,24,0,25,0,8,186,0,194,0,9,210,0,219,138,0,138,357
04/19/2010,ANE,MN,AGL,CE,Federal Contract Tower,0,18,23,0,41,0,13,108,0,121,0,31,131,0,162,120,0,120,282
04/20/2010,ANE,MN,AGL,CE,Federal Contract Tower,0,10,38,0,48,0,5,113,0,118,0,15,151,0,166,196,0,196,362
04/21/2010,ANE,MN,AGL,CE,Federal Contract Tower,0,9,27,0,36,0,3,115,0,118,0,12,142,0,154,110,0,110,264
04/22/2010,ANE,MN,AGL,CE,Federal Contract Tower,0,20,23,0,43,0,20,107,0,127,0,40,130,0,170,158,0,158,328
04/23/2010,ANE,MN,AGL,CE,Federal Contract Tower,0,10,27,0,37,0,7,109,0,116,0,17,136,0,153,166,0,166,319
04/24/2010,ANE,MN,AGL,CE,Federal Contract Tower,0,6,31,0,37,0,1,16,0,17,0,7,47,0,54,56,0,56,110
04/25/2010,ANE,MN,AGL,CE,Federal Contract Tower,0,0,12,0,12,0,6,74,0,80,0,6,86,0,92,114,0,114,206
04/26/2010,ANE,MN,AGL,CE,Federal Contract Tower,0,7,46,0,53,0,7,117,0,124,0,14,163,0,177,218,0,218,395
04/27/2010,ANE,MN,AGL,CE,Federal Contract Tower,0,14,44,0,58,0,5,187,0,192,0,19,231,0,250,222,2,224,474
04/28/2010,ANE,MN,AGL,CE,Federal Contract Tower,0,9,32,0,41,0,2,119,0,121,0,11,151,0,162,176,2,178,340
04/29/2010,ANE,MN,AGL,CE,Federal Contract Tower,0,9,21,1,31,0,2,20,0,22,0,11,41,1,53,44,0,44,97
04/30/2010,ANE,MN,AGL,CE,Federal Contract Tower,0,13,20,0,33,0,1,30,0,31,0,14,50,0,64,4,0,4,68
05/01/2010,ANE,MN,AGL,CE,Federal Contract Tower,0,3,14,0,17,0,6,44,0,50,0,9,58,0,67,48,0,48,115
05/02/2010,ANE,MN,AGL,CE,Federal Contract Tower,0,3,18,0,21,0,3,64,0,67,0,6,82,0,88,74,0,74,162
05/03/2010,ANE,MN,AGL,CE,Federal Contract Tower,0,15,33,0,48,0,5,92,0,97,0,20,125,0,145,108,0,108,253
05/04/2010,ANE,MN,AGL,CE,Federal Contract Tower,0,11,33,0,44,0,1,80,3,84,0,12,113,3,128,68,8,76,204
05/05/2010,ANE,MN,AGL,CE,Federal Contract Tower,0,9,37,1,47,0,7,33,1,41,0,16,70,2,88,20,30,50,138
05/06/2010,ANE,MN,AGL,CE,Federal Contract Tower,0,14,42,0,56,0,9,81,0,90,0,23,123,0,146,186,0,186,332
05/07/2010,ANE,MN,AGL,CE,Federal Contract Tower,0,14,29,0,43,0,2,8,0,10,0,16,37,0,53,74,0,74,127
05/08/2010,ANE,MN,AGL,CE,Federal Contract Tower,0,3,25,0,28,0,4,107,0,111,0,7,132,0,139,66,0,66,205
05/09/2010,ANE,MN,AGL,CE,Federal Contract Tower,0,0,24,0,24,0,11,152,0,163,0,11,176,0,187,226,0,226,413
05/10/2010,ANE,MN,AGL,CE,Federal Contract Tower,0,18,25,0,43,0,5,61,0,66,0,23,86,0,109,70,0,70,179
05/11/2010,ANE,MN,AGL,CE,Federal Contract Tower,0,12,27,1,40,0,2,3,3,8,0,14,30,4,48,26,6,32,80
05/12/2010,ANE,MN,AGL,CE,Federal Contract Tower,0,12,40,0,52,0,6,86,0,92,0,18,126,0,144,154,6,160,304
05/13/2010,ANE,MN,AGL,CE,Federal Contract Tower,0,15,33,0,48,0,5,10,0,15,0,20,43,0,63,56,0,56,119
05/14/2010,ANE,MN,AGL,CE,Federal Contract Tower,0,13,29,0,42,0,3,70,0,73,0,16,99,0,115,64,0,64,179
05/15/2010,ANE,MN,AGL,CE,Federal Contract Tower,0,2,20,0,22,0,6,188,0,194,0,8,208,0,216,94,4,98,314
05/16/2010,ANE,MN,AGL,CE,Federal Contract Tower,0,2,13,0,15,0,0,123,0,123,0,2,136,0,138,150,2,152,290
05/17/2010,ANE,MN,AGL,CE,Federal Contract Tower,0,14,33,0,47,0,4,143,0,147,0,18,176,0,194,162,0,162,356
05/18/2010,ANE,MN,AGL,CE,Federal Contract Tower,0,13,51,0,64,0,2,138,2,142,0,15,189,2,206,214,6,220,426
05/19/2010,ANE,MN,AGL,CE,Federal Contract Tower,0,15,49,0,64,0,7,173,0,180,0,22,222,0,244,232,2,234,478
05/20/2010,ANE,MN,AGL,CE,Federal Contract Tower,0,14,39,0,53,0,4,111,2,117,0,18,150,2,170,78,2,80,250
05/21/2010,ANE,MN,AGL,CE,Federal Contract Tower,0,11,23,0,34,0,3,47,0,50,0,14,70,0,84,62,0,62,146
05/22/2010,ANE,MN,AGL,CE,Federal Contract Tower,0,6,9,0,15,0,4,54,0,58,0,10,63,0,73,94,0,94,167
05/23/2010,ANE,MN,AGL,CE,Federal Contract Tower,0,2,13,0,15,0,7,228,0,235,0,9,241,0,250,378,0,378,628
05/24/2010,ANE,MN,AGL,CE,Federal Contract Tower,0,16,20,0,36,0,6,64,0,70,0,22,84,0,106,76,0,76,182
05/25/2010,ANE,MN,AGL,CE,Federal Contract Tower,0,12,24,3,39,0,8,124,6,138,0,20,148,9,177,242,6,248,425
05/26/2010,ANE,MN,AGL,CE,Federal Contract Tower,0,18,40,0,58,0,3,138,1,142,0,21,178,1,200,92,4,96,296
05/27/2010,ANE,MN,AGL,CE,Federal Contract Tower,0,15,42,0,57,0,3,125,3,131,0,18,167,3,188,86,0,86,274
05/28/2010,ANE,MN,AGL,CE,Federal Contract Tower,0,12,28,0,40,0,8,134,0,142,0,20,162,0,182,116,0,116,298
05/29/2010,ANE,MN,AGL,CE,Federal Contract Tower,0,1,12,0,13,0,5,76,0,81,0,6,88,0,94,58,0,58,152
05/30/2010,ANE,MN,AGL,CE,Federal Contract Tower,0,1,12,0,13,0,3,58,0,61,0,4,70,0,74,20,0,20,94
05/31/2010,ANE,MN,AGL,CE,Federal Contract Tower,0,4,27,0,31,0,0,165,0,165,0,4,192,0,196,120,0,120,316
06/01/2010,ANE,MN,AGL,CE,Federal Contract Tower,0,15,40,0,55,0,5,142,0,147,0,20,182,0,202,140,0,140,342
06/02/2010,ANE,MN,AGL,CE,Federal Contract Tower,0,13,42,0,55,0,4,110,0,114,0,17,152,0,169,112,0,112,281
06/03/2010,ANE,MN,AGL,CE,Federal Contract Tower,0,25,45,0,70,0,6,141,0,147,0,31,186,0,217,160,0,160,377
06/04/2010,ANE,MN,AGL,CE,Federal Contract Tower,0,13,21,0,34,0,3,59,0,62,0,16,80,0,96,90,4,94,190
06/05/2010,ANE,MN,AGL,CE,Federal Contract Tower,0,3,27,0,30,0,5,106,0,111,0,8,133,0,141,74,0,74,215
06/06/2010,ANE,MN,AGL,CE,Federal Contract Tower,0,2,25,0,27,0,4,98,0,102,0,6,123,0,129,132,0,132,261
06/07/2010,ANE,MN,AGL,CE,Federal Contract Tower,0,14,18,0,32,0,7,120,0,127,0,21,138,0,159,148,0,148,307
06/08/2010,ANE,MN,AGL,CE,Federal Contract Tower,0,13,24,3,40,0,0,14,0,14,0,13,38,3,54,62,0,62,116
06/09/2010,ANE,MN,AGL,CE,Federal Contract Tower,0,10,32,0,42,0,2,114,2,118,0,12,146,2,160,102,6,108,268
06/10/2010,ANE,MN,AGL,CE,Federal Contract Tower,0,14,48,1,63,0,10,88,0,98,0,24,136,1,161,136,0,136,297
06/11/2010,ANE,MN,AGL,CE,Federal Contract Tower,0,11,47,1,59,0,1,38,0,39,0,12,85,1,98,32,0,32,130
06/12/2010,ANE,MN,AGL,CE,Federal Contract Tower,0,8,31,1,40,0,2,2,0,4,0,10,33,1,44,2,2,4,48
06/13/2010,ANE,MN,AGL,CE,Federal Contract Tower,0,2,30,0,32,0,3,57,0,60,0,5,87,0,92,196,0,196,288
06/14/2010,ANE,MN,AGL,CE,Federal Contract Tower,0,18,33,0,51,0,5,22,0,27,0,23,55,0,78,82,0,82,160
06/15/2010,ANE,MN,AGL,CE,Federal Contract Tower,0,17,35,0,52,0,7,85,4,96,0,24,120,4,148,132,4,136,284
06/16/2010,ANE,MN,AGL,CE,Federal Contract Tower,0,28,63,0,91,0,6,150,0,156,0,34,213,0,247,162,0,162,409
06/17/2010,ANE,MN,AGL,CE,Federal Contract Tower,0,11,39,0,50,0,2,57,0,59,0,13,96,0,109,78,0,78,187
06/18/2010,ANE,MN,AGL,CE,Federal Contract Tower,0,15,25,0,40,0,5,123,0,128,0,20,148,0,168,116,0,116,284
06/19/2010,ANE,MN,AGL,CE,Federal Contract Tower,0,2,31,0,33,0,5,145,0,150,0,7,176,0,183,112,0,112,295
06/20/2010,ANE,MN,AGL,CE,Federal Contract Tower,0,1,20,0,21,0,5,161,0,166,0,6,181,0,187,94,0,94,281
06/21/2010,ANE,MN,AGL,CE,Federal Contract Tower,0,13,39,0,52,0,1,78,0,79,0,14,117,0,131,66,0,66,197
06/22/2010,ANE,MN,AGL,CE,Federal Contract Tower,0,18,34,0,52,0,5,108,0,113,0,23,142,0,165,96,0,96,261
06/23/2010,ANE,MN,AGL,CE,Federal Contract Tower,0,14,52,0,66,0,6,84,0,90,0,20,136,0,156,94,0,94,250
06/24/2010,ANE,MN,AGL,CE,Federal Contract Tower,0,10,58,1,69,0,4,177,1,182,0,14,235,2,251,196,0,196,447
06/25/2010,ANE,MN,AGL,CE,Federal Contract Tower,0,13,33,0,46,0,0,84,0,84,0,13,117,0,130,56,0,56,186
06/26/2010,ANE,MN,AGL,CE,Federal Contract Tower,0,9,25,0,34,0,2,97,0,99,0,11,122,0,133,68,0,68,201
06/27/2010,ANE,MN,AGL,CE,Federal Contract Tower,0,5,40,0,45,0,10,164,0,174,0,15,204,0,219,56,0,56,275
06/28/2010,ANE,MN,AGL,CE,Federal Contract Tower,0,14,47,0,61,0,10,90,0,100,0,24,137,0,161,90,0,90,251
06/29/2010,ANE,MN,AGL,CE,Federal Contract Tower,0,11,59,0,70,0,8,168,0,176,0,19,227,0,246,148,0,148,394
06/30/2010,ANE,MN,AGL,CE,Federal Contract Tower,0,11,42,0,53,0,5,182,0,187,0,16,224,0,240,230,2,232,472
07/01/2010,ANE,MN,AGL,CE,Federal Contract Tower,0,12,38,0,50,0,14,140,5,159,0,26,178,5,209,102,4,106,315
07/02/2010,ANE,MN,AGL,CE,Federal Contract Tower,0,17,38,0,55,0,5,93,0,98,0,22,131,0,153,56,0,56,209
07/03/2010,ANE,MN,AGL,CE,Federal Contract Tower,0,2,19,0,21,0,2,61,0,63,0,4,80,0,84,68,4,72,156
07/04/2010,ANE,MN,AGL,CE,Federal Contract Tower,0,5,24,0,29,0,3,45,0,48,0,8,69,0,77,36,0,36,113
07/05/2010,ANE,MN,AGL,CE,Federal Contract Tower,0,3,23,0,26,0,3,60,0,63,0,6,83,0,89,14,0,14,103
07/06/2010,ANE,MN,AGL,CE,Federal Contract Tower,0,15,38,0,53,0,2,80,0,82,0,17,118,0,135,130,0,130,265
07/07/2010,ANE,MN,AGL,CE,Federal Contract Tower,0,11,24,1,36,0,7,105,2,114,0,18,129,3,150,146,2,148,298
07/08/2010,ANE,MN,AGL,CE,Federal Contract Tower,0,12,49,0,61,0,0,196,2,198,0,12,245,2,259,254,4,258,517
07/09/2010,ANE,MN,AGL,CE,Federal Contract Tower,0,12,35,0,47,0,17,159,0,176,0,29,194,0,223,148,2,150,373
07/10/2010,ANE,MN,AGL,CE,Federal Contract Tower,0,1,20,0,21,0,10,98,0,108,0,11,118,0,129,74,0,74,203
07/11/2010,ANE,MN,AGL,CE,Federal Contract Tower,0,2,24,1,27,0,9,67,0,76,0,11,91,1,103,50,0,50,153
07/12/2010,ANE,MN,AGL,CE,Federal Contract Tower,0,20,30,0,50,0,4,125,0,129,0,24,155,0,179,166,0,166,345
07/13/2010,ANE,MN,AGL,CE,Federal Contract Tower,0,13,33,0,46,0,3,79,0,82,0,16,112,0,128,84,0,84,212
07/14/2010,ANE,MN,AGL,CE,Federal Contract Tower,0,11,16,0,27,0,2,27,0,29,0,13,43,0,56,24,0,24,80
07/15/2010,ANE,MN,AGL,CE,Federal Contract Tower,0,14,34,0,48,0,5,154,0,159,0,19,188,0,207,116,2,118,325
07/16/2010,ANE,MN,AGL,CE,Federal Contract Tower,0,12,39,0,51,0,14,158,2,174,0,26,197,2,225,152,4,156,381
07/17/2010,ANE,MN,AGL,CE,Federal Contract Tower,0,7,25,0,32,0,0,106,0,106,0,7,131,0,138,144,0,144,282
07/18/2010,ANE,MN,AGL,CE,Federal Contract Tower,0,1,35,0,36,0,6,90,0,96,0,7,125,0,132,88,0,88,220
07/19/2010,ANE,MN,AGL,CE,Federal Contract Tower,0,17,47,0,64,0,10,137,0,147,0,27,184,0,211,218,0,218,429
07/20/2010,ANE,MN,AGL,CE,Federal Contract Tower,0,13,28,0,41,0,2,99,0,101,0,15,127,0,142,74,0,74,216
07/21/2010,ANE,MN,AGL,CE,Federal Contract Tower,0,13,37,0,50,0,8,115,0,123,0,21,152,0,173,126,0,126,299
07/22/2010,ANE,MN,AGL,CE,Federal Contract Tower,0,16,57,0,73,0,7,53,0,60,0,23,110,0,133,196,0,196,329
07/23/2010,ANE,MN,AGL,CE,Federal Contract Tower,0,11,30,0,41,0,0,167,0,167,0,11,197,0,208,82,0,82,290
07/24/2010,ANE,MN,AGL,CE,Federal Contract Tower,0,7,28,0,35,0,2,129,0,131,0,9,157,0,166,104,0,104,270
07/25/2010,ANE,MN,AGL,CE,Federal Contract Tower,0,4,35,0,39,0,10,148,0,158,0,14,183,0,197,82,0,82,279
07/26/2010,ANE,MN,AGL,CE,Federal Contract Tower,0,17,33,0,50,0,2,130,0,132,0,19,163,0,182,110,0,110,292
07/27/2010,ANE,MN,AGL,CE,Federal Contract Tower,0,14,27,0,41,0,5,35,2,42,0,19,62,2,83,66,0,66,149
07/28/2010,ANE,MN,AGL,CE,Federal Contract Tower,0,16,32,0,48,0,5,123,4,132,0,21,155,4,180,108,18,126,306
07/29/2010,ANE,MN,AGL,CE,Federal Contract Tower,0,11,37,1,49,0,3,117,0,120,0,14,154,1,169,148,0,148,317
07/30/2010,ANE,MN,AGL,CE,Federal Contract Tower,0,11,30,0,41,0,3,61,0,64,0,14,91,0,105,80,2,82,187
07/31/2010,ANE,MN,AGL,CE,Federal Contract Tower,0,0,31,0,31,0,2,83,0,85,0,2,114,0,116,108,2,110,226
08/01/2010,ANE,MN,AGL,CE,Federal Contract Tower,0,2,33,0,35,0,6,158,0,164,0,8,191,0,199,142,0,142,341
08/02/2010,ANE,MN,AGL,CE,Federal Contract Tower,0,19,27,0,46,0,2,109,0,111,0,21,136,0,157,172,0,172,329
08/03/2010,ANE,MN,AGL,CE,Federal Contract Tower,0,11,48,1,60,0,7,83,3,93,0,18,131,4,153,90,4,94,247
08/04/2010,ANE,MN,AGL,CE,Federal Contract Tower,0,19,43,0,62,0,8,90,0,98,0,27,133,0,160,58,0,58,218
08/05/2010,ANE,MN,AGL,CE,Federal Contract Tower,0,14,40,0,54,0,7,129,0,136,0,21,169,0,190,222,0,222,412
08/06/2010,ANE,MN,AGL,CE,Federal Contract Tower,0,12,36,0,48,0,3,210,0,213,0,15,246,0,261,218,0,218,479
08/07/2010,ANE,MN,AGL,CE,Federal Contract Tower,0,3,30,0,33,0,6,115,0,121,0,9,145,0,154,86,0,86,240
08/08/2010,ANE,MN,AGL,CE,Federal Contract Tower,0,9,41,0,50,0,2,117,0,119,0,11,158,0,169,104,0,104,273
08/09/2010,ANE,MN,AGL,CE,Federal Contract Tower,0,16,32,0,48,0,6,88,0,94,0,22,120,0,142,90,0,90,232
08/10/2010,ANE,MN,AGL,CE,Federal Contract Tower,0,15,34,0,49,0,9,60,0,69,0,24,94,0,118,34,4,38,156
08/11/2010,ANE,MN,AGL,CE,Federal Contract Tower,0,15,41,0,56,0,1,61,0,62,0,16,102,0,118,82,0,82,200
08/12/2010,ANE,MN,AGL,CE,Federal Contract Tower,0,18,41,0,59,0,12,112,0,124,0,30,153,0,183,72,0,72,255
08/13/2010,ANE,MN,AGL,CE,Federal Contract Tower,0,13,31,0,44,0,6,66,0,72,0,19,97,0,116,62,0,62,178
08/14/2010,ANE,MN,AGL,CE,Federal Contract Tower,0,3,24,0,27,0,7,107,0,114,0,10,131,0,141,136,0,136,277
08/15/2010,ANE,MN,AGL,CE,Federal Contract Tower,0,2,24,0,26,0,6,122,0,128,0,8,146,0,154,108,0,108,262
08/16/2010,ANE,MN,AGL,CE,Federal Contract Tower,0,18,27,0,45,0,12,103,0,115,0,30,130,0,160,86,0,86,246
08/17/2010,ANE,MN,AGL,CE,Federal Contract Tower,0,12,38,0,50,0,17,142,0,159,0,29,180,0,209,220,0,220,429
08/18/2010,ANE,MN,AGL,CE,Federal Contract Tower,0,17,44,0,61,0,2,51,0,53,0,19,95,0,114,98,0,98,212
08/19/2010,ANE,MN,AGL,CE,Federal Contract Tower,0,14,59,0,73,0,5,39,0,44,0,19,98,0,117,96,0,96,213
08/20/2010,ANE,MN,AGL,CE,Federal Contract Tower,0,12,21,0,33,0,5,68,0,73,0,17,89,0,106,18,0,18,124
08/21/2010,ANE,MN,AGL,CE,Federal Contract Tower,0,7,26,0,33,0,2,73,0,75,0,9,99,0,108,64,0,64,172
08/22/2010,ANE,MN,AGL,CE,Federal Contract Tower,0,2,35,0,37,0,3,182,0,185,0,5,217,0,222,184,0,184,406
08/23/2010,ANE,MN,AGL,CE,Federal Contract Tower,0,14,42,0,56,0,5,89,0,94,0,19,131,0,150,88,2,90,240
08/24/2010,ANE,MN,AGL,CE,Federal Contract Tower,0,13,25,0,38,0,7,97,0,104,0,20,122,0,142,122,0,122,264
08/25/2010,ANE,MN,AGL,CE,Federal Contract Tower,0,10,32,0,42,0,6,164,0,170,0,16,196,0,212,154,0,154,366
08/26/2010,ANE,MN,AGL,CE,Federal Contract Tower,0,11,36,0,47,0,7,127,0,134,0,18,163,0,181,94,2,96,277
08/27/2010,ANE,MN,AGL,CE,Federal Contract Tower,0,14,32,0,46,0,2,90,0,92,0,16,122,0,138,36,0,36,174
08/28/2010,ANE,MN,AGL,CE,Federal Contract Tower,0,1,20,0,21,0,3,76,0,79,0,4,96,0,100,52,0,52,152
08/29/2010,ANE,MN,AGL,CE,Federal Contract Tower,0,4,25,0,29,0,0,83,0,83,0,4,108,0,112,28,0,28,140
08/30/2010,ANE,MN,AGL,CE,Federal Contract Tower,0,20,30,0,50,0,8,48,0,56,0,28,78,0,106,18,0,18,124
08/31/2010,ANE,MN,AGL,CE,Federal Contract Tower,0,12,52,0,64,0,5,121,0,126,0,17,173,0,190,124,0,124,314
09/01/2010,ANE,MN,AGL,CE,Federal Contract Tower,0,15,35,0,50,0,7,151,0,158,0,22,186,0,208,156,0,156,364
09/02/2010,ANE,MN,AGL,CE,Federal Contract Tower,0,12,29,0,41,0,4,45,0,49,0,16,74,0,90,82,0,82,172
09/03/2010,ANE,MN,AGL,CE,Federal Contract Tower,0,13,39,0,52,0,4,33,0,37,0,17,72,0,89,4,0,4,93
09/04/2010,ANE,MN,AGL,CE,Federal Contract Tower,0,2,16,0,18,0,3,177,0,180,0,5,193,0,198,210,0,210,408
09/05/2010,ANE,MN,AGL,CE,Federal Contract Tower,0,2,16,0,18,0,5,156,0,161,0,7,172,0,179,90,0,90,269
09/06/2010,ANE,MN,AGL,CE,Federal Contract Tower,0,4,23,0,27,0,5,88,0,93,0,9,111,0,120,104,0,104,224
09/07/2010,ANE,MN,AGL,CE,Federal Contract Tower,0,14,27,0,41,0,3,8,0,11,0,17,35,0,52,20,0,20,72
09/08/2010,ANE,MN,AGL,CE,Federal Contract Tower,0,13,38,1,52,0,16,127,0,143,0,29,165,1,195,134,0,134,329
09/09/2010,ANE,MN,AGL,CE,Federal Contract Tower,0,12,36,2,50,0,3,78,0,81,0,15,114,2,131,88,0,88,219
09/10/2010,ANE,MN,AGL,CE,Federal Contract Tower,0,11,27,0,38,0,2,54,0,56,0,13,81,0,94,34,0,34,128
09/11/2010,ANE,MN,AGL,CE,Federal Contract Tower,0,4,14,0,18,0,3,106,0,109,0,7,120,0,127,116,0,116,243
09/12/2010,ANE,MN,AGL,CE,Federal Contract Tower,0,3,17,0,20,0,6,215,0,221,0,9,232,0,241,238,0,238,479
09/13/2010,ANE,MN,AGL,CE,Federal Contract Tower,0,15,38,0,53,0,3,128,0,131,0,18,166,0,184,122,0,122,306
09/14/2010,ANE,MN,AGL,CE,Federal Contract Tower,0,11,28,0,39,0,6,131,0,137,0,17,159,0,176,162,0,162,338
09/15/2010,ANE,MN,AGL,CE,Federal Contract Tower,0,15,32,0,47,0,1,10,0,11,0,16,42,0,58,2,0,2,60
09/16/2010,ANE,MN,AGL,CE,Federal Contract Tower,0,13,40,0,53,0,2,69,0,71,0,15,109,0,124,70,0,70,194
09/17/2010,ANE,MN,AGL,CE,Federal Contract Tower,0,11,34,1,46,0,6,31,0,37,0,17,65,1,83,40,0,40,123
09/18/2010,ANE,MN,AGL,CE,Federal Contract Tower,0,5,22,0,27,0,3,255,0,258,0,8,277,0,285,120,0,120,405
09/19/2010,ANE,MN,AGL,CE,Federal Contract Tower,0,2,32,0,34,0,5,149,0,154,0,7,181,0,188,138,0,138,326
09/20/2010,ANE,MN,AGL,CE,Federal Contract Tower,0,14,31,0,45,0,0,11,0,11,0,14,42,0,56,0,0,0,56
09/21/2010,ANE,MN,AGL,CE,Federal Contract Tower,0,25,33,0,58,0,5,107,2,114,0,30,140,2,172,168,0,168,340
09/22/2010,ANE,MN,AGL,CE,Federal Contract Tower,0,11,22,0,33,0,0,82,0,82,0,11,104,0,115,112,2,114,229
09/23/2010,ANE,MN,AGL,CE,Federal Contract Tower,0,9,19,0,28,0,0,0,0,0,0,9,19,0,28,2,0,2,30
09/24/2010,ANE,MN,AGL,CE,Federal Contract Tower,0,12,47,0,59,0,2,21,0,23,0,14,68,0,82,14,0,14,96
09/25/2010,ANE,MN,AGL,CE,Federal Contract Tower,0,5,31,0,36,0,3,109,0,112,0,8,140,0,148,74,0,74,222
09/26/2010,ANE,MN,AGL,CE,Federal Contract Tower,0,5,32,0,37,0,2,208,2,212,0,7,240,2,249,174,4,178,427
09/27/2010,ANE,MN,AGL,CE,Federal Contract Tower,0,16,41,0,57,0,9,102,0,111,0,25,143,0,168,46,0,46,214
09/28/2010,ANE,MN,AGL,CE,Federal Contract Tower,0,12,56,0,68,0,9,91,0,100,0,21,147,0,168,92,0,92,260
09/29/2010,ANE,MN,AGL,CE,Federal Contract Tower,0,17,48,0,65,0,3,108,0,111,0,20,156,0,176,154,4,158,334
09/30/2010,ANE,MN,AGL,CE,Federal Contract Tower,0,17,37,0,54,0,8,143,0,151,0,25,180,0,205,68,0,68,273
10/01/2010,ANE,MN,AGL,CE,Federal Contract Tower,0,12,47,0,59,0,4,90,0,94,0,16,137,0,153,30,0,30,183
10/02/2010,ANE,MN,AGL,CE,Federal Contract Tower,0,2,15,0,17,0,4,155,0,159,0,6,170,0,176,40,0,40,216
10/03/2010,ANE,MN,AGL,CE,Federal Contract Tower,0,7,31,0,38,0,7,183,0,190,0,14,214,0,228,172,0,172,400
10/04/2010,ANE,MN,AGL,CE,Federal Contract Tower,0,15,35,0,50,0,8,125,0,133,0,23,160,0,183,148,0,148,331
10/05/2010,ANE,MN,AGL,CE,Federal Contract Tower,0,10,42,0,52,0,7,116,0,123,0,17,158,0,175,168,0,168,343
10/06/2010,ANE,MN,AGL,CE,Federal Contract Tower,0,12,31,0,43,0,9,116,0,125,0,21,147,0,168,172,0,172,340
10/07/2010,ANE,MN,AGL,CE,Federal Contract Tower,0,10,35,0,45,0,6,148,0,154,0,16,183,0,199,164,0,164,363
10/08/2010,ANE,MN,AGL,CE,Federal Contract Tower,0,12,29,0,41,0,0,153,0,153,0,12,182,0,194,82,0,82,276
10/09/2010,ANE,MN,AGL,CE,Federal Contract Tower,0,5,18,0,23,0,6,167,0,173,0,11,185,0,196,100,0,100,296
10/10/2010,ANE,MN,AGL,CE,Federal Contract Tower,0,1,20,0,21,0,4,143,0,147,0,5,163,0,168,126,0,126,294
10/11/2010,ANE,MN,AGL,CE,Federal Contract Tower,0,14,35,0,49,0,6,83,0,89,0,20,118,0,138,142,0,142,280
10/12/2010,ANE,MN,AGL,CE,Federal Contract Tower,0,9,26,0,35,0,5,110,2,117,0,14,136,2,152,126,6,132,284
10/13/2010,ANE,MN,AGL,CE,Federal Contract Tower,0,8,33,0,41,0,5,98,0,103,0,13,131,0,144,114,0,114,258
10/14/2010,ANE,MN,AGL,CE,Federal Contract Tower,0,9,24,0,33,0,15,76,0,91,0,24,100,0,124,82,0,82,206
10/15/2010,ANE,MN,AGL,CE,Federal Contract Tower,0,12,35,0,47,0,10,131,0,141,0,22,166,0,188,134,4,138,326
10/16/2010,ANE,MN,AGL,CE,Federal Contract Tower,0,3,21,0,24,0,11,124,0,135,0,14,145,0,159,112,0,112,271
10/17/2010,ANE,MN,AGL,CE,Federal Contract Tower,0,0,26,0,26,0,8,106,0,114,0,8,132,0,140,132,0,132,272
10/18/2010,ANE,MN,AGL,CE,Federal Contract Tower,0,17,30,0,47,0,4,42,0,46,0,21,72,0,93,64,0,64,157
10/19/2010,ANE,MN,AGL,CE,Federal Contract Tower,0,9,23,0,32,0,3,88,0,91,0,12,111,0,123,160,2,162,285
10/20/2010,ANE,MN,AGL,CE,Federal Contract Tower,0,12,35,1,48,0,12,108,2,122,0,24,143,3,170,104,2,106,276
10/21/2010,ANE,MN,AGL,CE,Federal Contract Tower,0,13,37,0,50,0,1,92,0,93,0,14,129,0,143,108,0,108,251
10/22/2010,ANE,MN,AGL,CE,Federal Contract Tower,0,13,18,0,31,0,6,129,0,135,0,19,147,0,166,120,0,120,286
10/23/2010,ANE,MN,AGL,CE,Federal Contract Tower,0,4,15,0,19,0,5,42,0,47,0,9,57,0,66,34,2,36,102
10/24/2010,ANE,MN,AGL,CE,Federal Contract Tower,0,3,33,0,36,0,1,0,0,1,0,4,33,0,37,0,0,0,37
10/25/2010,ANE,MN,AGL,CE,Federal Contract Tower,0,15,34,0,49,0,4,5,0,9,0,19,39,0,58,0,0,0,58
10/26/2010,ANE,MN,AGL,CE,Federal Contract Tower,0,27,27,0,54,0,6,3,0,9,0,33,30,0,63,20,0,20,83
10/27/2010,ANE,MN,AGL,CE,Federal Contract Tower,0,16,24,0,40,0,1,5,0,6,0,17,29,0,46,2,0,2,48
10/28/2010,ANE,MN,AGL,CE,Federal Contract Tower,0,15,32,0,47,0,3,41,4,48,0,18,73,4,95,34,0,34,129
10/29/2010,ANE,MN,AGL,CE,Federal Contract Tower,0,11,25,0,36,0,9,101,0,110,0,20,126,0,146,96,0,96,242
10/30/2010,ANE,MN,AGL,CE,Federal Contract Tower,0,6,20,0,26,0,12,184,0,196,0,18,204,0,222,104,0,104,326
10/31/2010,ANE,MN,AGL,CE,Federal Contract Tower,0,0,11,0,11,0,1,105,0,106,0,1,116,0,117,104,0,104,221
11/01/2010,ANE,MN,AGL,CE,Federal Contract Tower,0,15,31,0,46,0,2,66,0,68,0,17,97,0,114,70,0,70,184
11/02/2010,ANE,MN,AGL,CE,Federal Contract Tower,0,8,29,0,37,0,0,78,0,78,0,8,107,0,115,148,0,148,263
11/03/2010,ANE,MN,AGL,CE,Federal Contract Tower,0,9,31,1,41,0,2,71,2,75,0,11,102,3,116,32,6,38,154
11/04/2010,ANE,MN,AGL,CE,Federal Contract Tower,0,11,28,0,39,0,3,96,2,101,0,14,124,2,140,78,10,88,228
11/05/2010,ANE,MN,AGL,CE,Federal Contract Tower,0,12,20,0,32,0,5,106,0,111,0,17,126,0,143,112,0,112,255
11/06/2010,ANE,MN,AGL,CE,Federal Contract Tower,0,2,23,0,25,0,5,93,0,98,0,7,116,0,123,70,0,70,193
11/07/2010,ANE,MN,AGL,CE,Federal Contract Tower,0,0,10,0,10,0,0,93,0,93,0,0,103,0,103,50,6,56,159
11/08/2010,ANE,MN,AGL,CE,Federal Contract Tower,0,13,34,0,47,0,3,76,0,79,0,16,110,0,126,32,0,32,158
11/09/2010,ANE,MN,AGL,CE,Federal Contract Tower,0,11,34,0,45,0,10,68,0,78,0,21,102,0,123,56,0,56,179
11/10/2010,ANE,MN,AGL,CE,Federal Contract Tower,0,10,27,0,37,0,4,40,0,44,0,14,67,0,81,4,0,4,85
11/11/2010,ANE,MN,AGL,CE,Federal Contract Tower,0,3,42,0,45,0,0,118,0,118,0,3,160,0,163,82,0,82,245
11/12/2010,ANE,MN,AGL,CE,Federal Contract Tower,0,12,29,2,43,0,2,76,0,78,0,14,105,2,121,72,0,72,193
11/13/2010,ANE,MN,AGL,CE,Federal Contract Tower,0,3,4,0,7,0,0,0,0,0,0,3,4,0,7,0,0,0,7
11/14/2010,ANE,MN,AGL,CE,Federal Contract Tower,0,2,15,0,17,0,0,8,0,8,0,2,23,0,25,2,0,2,27
11/15/2010,ANE,MN,AGL,CE,Federal Contract Tower,0,15,18,0,33,0,1,20,0,21,0,16,38,0,54,32,0,32,86
11/16/2010,ANE,MN,AGL,CE,Federal Contract Tower,0,10,32,0,42,0,2,7,0,9,0,12,39,0,51,58,0,58,109
11/17/2010,ANE,MN,AGL,CE,Federal Contract Tower,0,9,39,0,48,0,1,89,4,94,0,10,128,4,142,126,8,134,276
11/18/2010,ANE,MN,AGL,CE,Federal Contract Tower,0,9,37,0,46,0,6,85,4,95,0,15,122,4,141,134,6,140,281
11/19/2010,ANE,MN,AGL,CE,Federal Contract Tower,0,18,33,0,51,0,8,76,2,86,0,26,109,2,137,86,2,88,225
11/20/2010,ANE,MN,AGL,CE,Federal Contract Tower,0,1,31,0,32,0,0,111,2,113,0,1,142,2,145,110,2,112,257
11/21/2010,ANE,MN,AGL,CE,Federal Contract Tower,0,1,17,0,18,0,0,0,0,0,0,1,17,0,18,0,0,0,18
11/22/2010,ANE,MN,AGL,CE,Federal Contract Tower,0,12,13,0,25,0,3,0,0,3,0,15,13,0,28,0,0,0,28
11/23/2010,ANE,MN,AGL,CE,Federal Contract Tower,0,21,32,1,54,0,5,47,0,52,0,26,79,1,106,96,0,96,202
11/24/2010,ANE,MN,AGL,CE,Federal Contract Tower,0,10,7,0,17,0,4,2,0,6,0,14,9,0,23,0,0,0,23
11/25/2010,ANE,MN,AGL,CE,Federal Contract Tower,0,1,3,0,4,0,5,1,0,6,0,6,4,0,10,2,0,2,12
11/26/2010,ANE,MN,AGL,CE,Federal Contract Tower,0,20,16,0,36,0,6,91,0,97,0,26,107,0,133,74,0,74,207
11/27/2010,ANE,MN,AGL,CE,Federal Contract Tower,0,1,19,0,20,0,1,104,2,107,0,2,123,2,127,108,8,116,243
11/28/2010,ANE,MN,AGL,CE,Federal Contract Tower,0,3,25,0,28,0,2,139,0,141,0,5,164,0,169,126,0,126,295
11/29/2010,ANE,MN,AGL,CE,Federal Contract Tower,0,18,15,0,33,0,0,18,0,18,0,18,33,0,51,12,0,12,63
11/30/2010,ANE,MN,AGL,CE,Federal Contract Tower,0,11,10,0,21,0,0,1,0,1,0,11,11,0,22,4,0,4,26
12/01/2010,ANE,MN,AGL,CE,Federal Contract Tower,0,11,25,0,36,0,2,68,0,70,0,13,93,0,106,72,0,72,178
12/02/2010,ANE,MN,AGL,CE,Federal Contract Tower,0,10,27,0,37,0,3,83,2,88,0,13,110,2,125,116,12,128,253
12/03/2010,ANE,MN,AGL,CE,Federal Contract Tower,0,10,17,0,27,0,2,13,0,15,0,12,30,0,42,28,0,28,70
12/04/2010,ANE,MN,AGL,CE,Federal Contract Tower,0,3,10,0,13,0,6,52,0,58,0,9,62,0,71,22,0,22,93
12/05/2010,ANE,MN,AGL,CE,Federal Contract Tower,0,0,9,0,9,0,2,29,0,31,0,2,38,0,40,38,0,38,78
12/06/2010,ANE,MN,AGL,CE,Federal Contract Tower,0,11,27,0,38,0,5,68,0,73,0,16,95,0,111,100,0,100,211
12/07/2010,ANE,MN,AGL,CE,Federal Contract Tower,0,8,34,0,42,0,4,50,0,54,0,12,84,0,96,54,0,54,150
12/08/2010,ANE,MN,AGL,CE,Federal Contract Tower,0,10,31,0,41,0,7,51,0,58,0,17,82,0,99,88,0,88,187
12/09/2010,ANE,MN,AGL,CE,Federal Contract Tower,0,14,27,0,41,0,2,31,2,35,0,16,58,2,76,98,2,100,176
12/10/2010,ANE,MN,AGL,CE,Federal Contract Tower,0,12,33,0,45,0,4,66,0,70,0,16,99,0,115,94,2,96,211
12/11/2010,ANE,MN,AGL,CE,Federal Contract Tower,0,0,0,0,0,0,0,0,0,0,0,0,0,0,0,0,0,0,0
12/12/2010,ANE,MN,AGL,CE,Federal Contract Tower,0,0,8,0,8,0,4,21,0,25,0,4,29,0,33,2,0,2,35
12/13/2010,ANE,MN,AGL,CE,Federal Contract Tower,0,14,21,0,35,0,2,50,0,52,0,16,71,0,87,36,0,36,123
12/14/2010,ANE,MN,AGL,CE,Federal Contract Tower,0,11,38,0,49,0,5,60,0,65,0,16,98,0,114,62,0,62,176
12/15/2010,ANE,MN,AGL,CE,Federal Contract Tower,0,11,27,0,38,0,1,70,0,71,0,12,97,0,109,80,0,80,189
12/16/2010,ANE,MN,AGL,CE,Federal Contract Tower,0,11,22,0,33,0,2,26,0,28,0,13,48,0,61,22,0,22,83
12/17/2010,ANE,MN,AGL,CE,Federal Contract Tower,0,13,35,0,48,0,2,45,0,47,0,15,80,0,95,70,0,70,165
12/18/2010,ANE,MN,AGL,CE,Federal Contract Tower,0,3,18,0,21,0,4,66,0,70,0,7,84,0,91,52,0,52,143
12/19/2010,ANE,MN,AGL,CE,Federal Contract Tower,0,0,35,0,35,0,3,110,0,113,0,3,145,0,148,80,0,80,228
12/20/2010,ANE,MN,AGL,CE,Federal Contract Tower,0,13,11,0,24,0,0,2,0,2,0,13,13,0,26,0,0,0,26
12/21/2010,ANE,MN,AGL,CE,Federal Contract Tower,0,14,12,0,26,0,3,5,2,10,0,17,17,2,36,0,12,12,48
12/22/2010,ANE,MN,AGL,CE,Federal Contract Tower,0,15,46,0,61,0,7,21,2,30,0,22,67,2,91,38,0,38,129
12/23/2010,ANE,MN,AGL,CE,Federal Contract Tower,0,10,13,0,23,0,2,19,0,21,0,12,32,0,44,58,0,58,102
12/24/2010,ANE,MN,AGL,CE,Federal Contract Tower,0,11,4,0,15,0,6,6,0,12,0,17,10,0,27,0,0,0,27
12/25/2010,ANE,MN,AGL,CE,Federal Contract Tower,0,1,5,0,6,0,2,0,0,2,0,3,5,0,8,0,0,0,8
12/26/2010,ANE,MN,AGL,CE,Federal Contract Tower,0,7,13,0,20,0,4,32,0,36,0,11,45,0,56,30,0,30,86
12/27/2010,ANE,MN,AGL,CE,Federal Contract Tower,0,14,21,0,35,0,8,61,0,69,0,22,82,0,104,48,0,48,152
12/28/2010,ANE,MN,AGL,CE,Federal Contract Tower,0,11,24,0,35,0,4,114,2,120,0,15,138,2,155,68,16,84,239
12/29/2010,ANE,MN,AGL,CE,Federal Contract Tower,0,16,49,0,65,0,3,53,0,56,0,19,102,0,121,64,0,64,185
12/30/2010,ANE,MN,AGL,CE,Federal Contract Tower,0,8,6,0,14,0,2,5,0,7,0,10,11,0,21,0,0,0,21
12/31/2010,ANE,MN,AGL,CE,Federal Contract Tower,0,12,1,0,13,0,3,6,0,9,0,15,7,0,22,22,0,22,44
01/01/2011,ANE,MN,AGL,CE,Federal Contract Tower,0,2,3,0,5,0,5,2,0,7,0,7,5,0,12,0,0,0,12
01/02/2011,ANE,MN,AGL,CE,Federal Contract Tower,0,1,14,0,15,0,7,89,0,96,0,8,103,0,111,112,0,112,223
01/03/2011,ANE,MN,AGL,CE,Federal Contract Tower,0,16,23,0,39,0,4,21,0,25,0,20,44,0,64,42,0,42,106
01/04/2011,ANE,MN,AGL,CE,Federal Contract Tower,0,11,28,0,39,0,1,86,0,87,0,12,114,0,126,82,0,82,208
01/05/2011,ANE,MN,AGL,CE,Federal Contract Tower,0,11,8,0,19,0,4,22,0,26,0,15,30,0,45,14,0,14,59
01/06/2011,ANE,MN,AGL,CE,Federal Contract Tower,0,11,16,0,27,0,2,50,2,54,0,13,66,2,81,34,2,36,117
01/07/2011,ANE,MN,AGL,CE,Federal Contract Tower,0,11,36,0,47,0,2,23,0,25,0,13,59,0,72,18,0,18,90
01/08/2011,ANE,MN,AGL,CE,Federal Contract Tower,0,3,13,0,16,0,2,65,0,67,0,5,78,0,83,12,0,12,95
01/09/2011,ANE,MN,AGL,CE,Federal Contract Tower,0,0,17,0,17,0,3,110,0,113,0,3,127,0,130,126,0,126,256
01/10/2011,ANE,MN,AGL,CE,Federal Contract Tower,0,16,12,0,28,0,0,2,0,2,0,16,14,0,30,2,0,2,32
01/11/2011,ANE,MN,AGL,CE,Federal Contract Tower,0,10,25,0,35,0,1,8,0,9,0,11,33,0,44,12,0,12,56
01/12/2011,ANE,MN,AGL,CE,Federal Contract Tower,0,11,40,0,51,0,1,66,0,67,0,12,106,0,118,58,0,58,176
01/13/2011,ANE,MN,AGL,CE,Federal Contract Tower,0,11,17,0,28,0,0,8,2,10,0,11,25,2,38,16,2,18,56
01/14/2011,ANE,MN,AGL,CE,Federal Contract Tower,0,9,11,0,20,0,2,8,0,10,0,11,19,0,30,14,0,14,44
01/15/2011,ANE,MN,AGL,CE,Federal Contract Tower,0,2,16,0,18,0,6,52,0,58,0,8,68,0,76,56,0,56,132
01/16/2011,ANE,MN,AGL,CE,Federal Contract Tower,0,6,12,0,18,0,0,72,0,72,0,6,84,0,90,36,0,36,126
01/17/2011,ANE,MN,AGL,CE,Federal Contract Tower,0,6,8,0,14,0,4,0,0,4,0,10,8,0,18,8,0,8,26
01/18/2011,ANE,MN,AGL,CE,Federal Contract Tower,0,10,29,0,39,0,2,61,0,63,0,12,90,0,102,28,0,28,130
01/19/2011,ANE,MN,AGL,CE,Federal Contract Tower,0,17,23,0,40,0,3,66,2,71,0,20,89,2,111,62,6,68,179
01/20/2011,ANE,MN,AGL,CE,Federal Contract Tower,0,8,26,0,34,0,3,21,0,24,0,11,47,0,58,22,2,24,82
01/21/2011,ANE,MN,AGL,CE,Federal Contract Tower,0,12,12,0,24,0,0,12,0,12,0,12,24,0,36,0,0,0,36
01/22/2011,ANE,MN,AGL,CE,Federal Contract Tower,0,8,16,0,24,0,4,64,0,68,0,12,80,0,92,44,0,44,136
01/23/2011,ANE,MN,AGL,CE,Federal Contract Tower,0,3,19,0,22,0,2,50,0,52,0,5,69,0,74,38,4,42,116
01/24/2011,ANE,MN,AGL,CE,Federal Contract Tower,0,20,13,0,33,0,9,15,0,24,0,29,28,0,57,34,0,34,91
01/25/2011,ANE,MN,AGL,CE,Federal Contract Tower,0,11,28,0,39,0,11,97,0,108,0,22,125,0,147,82,2,84,231
01/26/2011,ANE,MN,AGL,CE,Federal Contract Tower,0,13,21,0,34,0,3,59,0,62,0,16,80,0,96,64,0,64,160
01/27/2011,ANE,MN,AGL,CE,Federal Contract Tower,0,12,31,0,43,0,0,0,0,0,0,12,31,0,43,0,0,0,43
01/28/2011,ANE,MN,AGL,CE,Federal Contract Tower,0,8,24,0,32,0,0,12,0,12,0,8,36,0,44,30,0,30,74
01/29/2011,ANE,MN,AGL,CE,Federal Contract Tower,0,5,16,0,21,0,3,40,0,43,0,8,56,0,64,36,0,36,100
01/30/2011,ANE,MN,AGL,CE,Federal Contract Tower,0,2,25,0,27,0,2,83,0,85,0,4,108,0,112,154,0,154,266
01/31/2011,ANE,MN,AGL,CE,Federal Contract Tower,0,17,10,0,27,0,0,0,0,0,0,17,10,0,27,2,0,2,29
02/01/2011,ANE,MN,AGL,CE,Federal Contract Tower,0,8,18,0,26,0,3,45,4,52,0,11,63,4,78,20,8,28,106
02/02/2011,ANE,MN,AGL,CE,Federal Contract Tower,0,12,11,0,23,0,3,105,2,110,0,15,116,2,133,68,6,74,207
02/03/2011,ANE,MN,AGL,CE,Federal Contract Tower,0,9,24,0,33,0,5,38,0,43,0,14,62,0,76,18,0,18,94
02/04/2011,ANE,MN,AGL,CE,Federal Contract Tower,0,13,28,0,41,0,4,58,0,62,0,17,86,0,103,94,0,94,197
02/05/2011,ANE,MN,AGL,CE,Federal Contract Tower,0,9,9,0,18,0,0,2,0,2,0,9,11,0,20,8,0,8,28
02/06/2011,ANE,MN,AGL,CE,Federal Contract Tower,0,2,13,0,15,0,1,45,0,46,0,3,58,0,61,64,0,64,125
02/07/2011,ANE,MN,AGL,CE,Federal Contract Tower,0,15,12,0,27,0,7,59,0,66,0,22,71,0,93,54,0,54,147
02/08/2011,ANE,MN,AGL,CE,Federal Contract Tower,0,10,31,0,41,0,4,74,0,78,0,14,105,0,119,64,0,64,183
02/09/2011,ANE,MN,AGL,CE,Federal Contract Tower,0,9,28,0,37,0,7,60,2,69,0,16,88,2,106,50,0,50,156
02/10/2011,ANE,MN,AGL,CE,Federal Contract Tower,0,8,27,0,35,0,2,44,0,46,0,10,71,0,81,48,0,48,129
02/11/2011,ANE,MN,AGL,CE,Federal Contract Tower,0,9,16,0,25,0,0,36,0,36,0,9,52,0,61,78,0,78,139
02/12/2011,ANE,MN,AGL,CE,Federal Contract Tower,0,7,34,0,41,0,2,104,0,106,0,9,138,0,147,150,0,150,297
02/13/2011,ANE,MN,AGL,CE,Federal Contract Tower,0,0,17,0,17,0,5,62,0,67,0,5,79,0,84,42,0,42,126
02/14/2011,ANE,MN,AGL,CE,Federal Contract Tower,0,11,28,0,39,0,3,30,0,33,0,14,58,0,72,52,0,52,124
02/15/2011,ANE,MN,AGL,CE,Federal Contract Tower,0,12,59,0,71,0,5,60,2,67,0,17,119,2,138,58,20,78,216
02/16/2011,ANE,MN,AGL,CE,Federal Contract Tower,0,11,33,0,44,0,4,139,2,145,0,15,172,2,189,150,4,154,343
02/17/2011,ANE,MN,AGL,CE,Federal Contract Tower,0,15,28,0,43,0,1,14,0,15,0,16,42,0,58,0,0,0,58
02/18/2011,ANE,MN,AGL,CE,Federal Contract Tower,0,19,17,0,36,0,6,34,0,40,0,25,51,0,76,58,2,60,136
02/19/2011,ANE,MN,AGL,CE,Federal Contract Tower,0,4,25,0,29,0,0,109,0,109,0,4,134,0,138,144,0,144,282
02/20/2011,ANE,MN,AGL,CE,Federal Contract Tower,0,0,2,0,2,0,0,0,0,0,0,0,2,0,2,46,0,46,48
02/21/2011,ANE,MN,AGL,CE,Federal Contract Tower,0,19,9,0,28,0,0,0,0,0,0,19,9,0,28,0,0,0,28
02/22/2011,ANE,MN,AGL,CE,Federal Contract Tower,0,13,41,0,54,0,3,69,4,76,0,16,110,4,130,84,0,84,214
02/23/2011,ANE,MN,AGL,CE,Federal Contract Tower,0,16,27,0,43,0,2,70,0,72,0,18,97,0,115,74,0,74,189
02/24/2011,ANE,MN,AGL,CE,Federal Contract Tower,0,14,33,0,47,0,9,81,0,90,0,23,114,0,137,92,0,92,229
02/25/2011,ANE,MN,AGL,CE,Federal Contract Tower,0,12,24,0,36,0,2,52,0,54,0,14,76,0,90,21,0,21,111
02/26/2011,ANE,MN,AGL,CE,Federal Contract Tower,0,4,3,0,7,0,0,2,0,2,0,4,5,0,9,0,0,0,9
02/27/2011,ANE,MN,AGL,CE,Federal Contract Tower,0,3,21,0,24,0,0,26,0,26,0,3,47,0,50,12,0,12,62
02/28/2011,ANE,MN,AGL,CE,Federal Contract Tower,0,11,34,0,45,0,7,69,0,76,0,18,103,0,121,62,0,62,183
03/01/2011,ANE,MN,AGL,CE,Federal Contract Tower,0,16,41,0,57,0,5,91,0,96,0,21,132,0,153,140,0,140,293
03/02/2011,ANE,MN,AGL,CE,Federal Contract Tower,0,9,24,0,33,0,11,88,6,105,0,20,112,6,138,60,2,62,200
03/03/2011,ANE,MN,AGL,CE,Federal Contract Tower,0,9,35,0,44,0,4,30,2,36,0,13,65,2,80,44,0,44,124
03/04/2011,ANE,MN,AGL,CE,Federal Contract Tower,0,13,17,0,30,0,2,35,0,37,0,15,52,0,67,6,0,6,73
03/05/2011,ANE,MN,AGL,CE,Federal Contract Tower,0,2,25,0,27,0,13,107,0,120,0,15,132,0,147,72,0,72,219
03/06/2011,ANE,MN,AGL,CE,Federal Contract Tower,0,8,9,0,17,0,4,85,0,89,0,12,94,0,106,94,0,94,200
03/07/2011,ANE,MN,AGL,CE,Federal Contract Tower,0,17,14,0,31,0,5,15,0,20,0,22,29,0,51,32,0,32,83
03/08/2011,ANE,MN,AGL,CE,Federal Contract Tower,0,13,17,0,30,0,3,23,4,30,0,16,40,4,60,10,30,40,100
03/09/2011,ANE,MN,AGL,CE,Federal Contract Tower,0,14,18,0,32,0,5,66,0,71,0,19,84,0,103,72,0,72,175
03/10/2011,ANE,MN,AGL,CE,Federal Contract Tower,0,27,36,0,63,0,2,107,0,109,0,29,143,0,172,88,0,88,260
03/11/2011,ANE,MN,AGL,CE,Federal Contract Tower,0,11,31,1,43,0,2,56,0,58,0,13,87,1,101,20,0,20,121
03/12/2011,ANE,MN,AGL,CE,Federal Contract Tower,0,2,7,0,9,0,5,5,0,10,0,7,12,0,19,0,0,0,19
03/13/2011,ANE,MN,AGL,CE,Federal Contract Tower,0,1,11,0,12,0,5,64,0,69,0,6,75,0,81,164,0,164,245
03/14/2011,ANE,MN,AGL,CE,Federal Contract Tower,0,18,22,0,40,0,12,103,0,115,0,30,125,0,155,138,0,138,293
03/15/2011,ANE,MN,AGL,CE,Federal Contract Tower,0,15,32,0,47,0,7,56,0,63,0,22,88,0,110,104,0,104,214
03/16/2011,ANE,MN,AGL,CE,Federal Contract Tower,0,10,38,0,48,0,2,101,2,105,0,12,139,2,153,174,4,178,331
03/17/2011,ANE,MN,AGL,CE,Federal Contract Tower,0,11,43,0,54,0,8,103,0,111,0,19,146,0,165,110,0,110,275
03/18/2011,ANE,MN,AGL,CE,Federal Contract Tower,0,14,25,0,39,0,1,106,0,107,0,15,131,0,146,70,0,70,216
03/19/2011,ANE,MN,AGL,CE,Federal Contract Tower,0,6,17,0,23,0,6,158,0,164,0,12,175,0,187,122,0,122,309
03/20/2011,ANE,MN,AGL,CE,Federal Contract Tower,0,0,17,0,17,0,0,5,0,5,0,0,22,0,22,12,0,12,34
03/21/2011,ANE,MN,AGL,CE,Federal Contract Tower,0,11,36,0,47,0,11,37,0,48,0,22,73,0,95,98,0,98,193
03/22/2011,ANE,MN,AGL,CE,Federal Contract Tower,0,12,18,0,30,0,0,1,0,1,0,12,19,0,31,0,0,0,31
03/23/2011,ANE,MN,AGL,CE,Federal Contract Tower,0,13,12,0,25,0,3,1,0,4,0,16,13,0,29,0,0,0,29
03/24/2011,ANE,MN,AGL,CE,Federal Contract Tower,0,10,46,0,56,0,4,102,2,108,0,14,148,2,164,160,0,160,324
03/25/2011,ANE,MN,AGL,CE,Federal Contract Tower,0,11,35,0,46,0,8,111,0,119,0,19,146,0,165,116,0,116,281
03/26/2011,ANE,MN,AGL,CE,Federal Contract Tower,0,2,31,0,33,0,7,136,0,143,0,9,167,0,176,120,0,120,296
03/27/2011,ANE,MN,AGL,CE,Federal Contract Tower,0,0,19,0,19,0,0,6,105,111,0,0,25,105,130,110,0,110,240
03/28/2011,ANE,MN,AGL,CE,Federal Contract Tower,0,12,29,0,41,0,14,114,0,128,0,26,143,0,169,54,0,54,223
03/29/2011,ANE,MN,AGL,CE,Federal Contract Tower,0,9,35,0,44,0,3,81,0,84,0,12,116,0,128,126,0,126,254
03/30/2011,ANE,MN,AGL,CE,Federal Contract Tower,0,8,45,0,53,0,8,83,0,91,0,16,128,0,144,120,0,120,264
03/31/2011,ANE,MN,AGL,CE,Federal Contract Tower,0,9,28,0,37,0,4,92,0,96,0,13,120,0,133,146,4,150,283
04/01/2011,ANE,MN,AGL,CE,Federal Contract Tower,0,14,23,0,37,0,3,45,0,48,0,17,68,0,85,58,0,58,143
04/02/2011,ANE,MN,AGL,CE,Federal Contract Tower,0,4,28,0,32,0,3,176,0,179,0,7,204,0,211,152,0,152,363
04/03/2011,ANE,MN,AGL,CE,Federal Contract Tower,0,4,10,0,14,0,3,37,0,40,0,7,47,0,54,112,0,112,166
04/04/2011,ANE,MN,AGL,CE,Federal Contract Tower,0,11,15,0,26,0,6,8,0,14,0,17,23,0,40,20,0,20,60
04/05/2011,ANE,MN,AGL,CE,Federal Contract Tower,0,7,21,0,28,0,3,59,0,62,0,10,80,0,90,88,0,88,178
04/06/2011,ANE,MN,AGL,CE,Federal Contract Tower,0,8,35,0,43,0,7,94,0,101,0,15,129,0,144,128,0,128,272
04/07/2011,ANE,MN,AGL,CE,Federal Contract Tower,0,13,44,0,57,0,0,121,0,121,0,13,165,0,178,160,0,160,338
04/08/2011,ANE,MN,AGL,CE,Federal Contract Tower,0,13,40,0,53,0,0,125,0,125,0,13,165,0,178,172,0,172,350
04/09/2011,ANE,MN,AGL,CE,Federal Contract Tower,0,9,39,0,48,0,9,101,0,110,0,18,140,0,158,188,0,188,346
04/10/2011,ANE,MN,AGL,CE,Federal Contract Tower,0,7,23,0,30,0,0,49,0,49,0,7,72,0,79,64,0,64,143
04/11/2011,ANE,MN,AGL,CE,Federal Contract Tower,0,12,18,0,30,0,5,66,0,71,0,17,84,0,101,58,0,58,159
04/12/2011,ANE,MN,AGL,CE,Federal Contract Tower,0,14,47,0,61,0,1,111,4,116,0,15,158,4,177,114,0,114,291
04/13/2011,ANE,MN,AGL,CE,Federal Contract Tower,0,7,39,0,46,0,1,65,0,66,0,8,104,0,112,140,0,140,252
04/14/2011,ANE,MN,AGL,CE,Federal Contract Tower,0,12,35,2,49,0,7,113,0,120,0,19,148,2,169,68,4,72,241
04/15/2011,ANE,MN,AGL,CE,Federal Contract Tower,0,13,15,0,28,0,6,34,0,40,0,19,49,0,68,12,0,12,80
04/16/2011,ANE,MN,AGL,CE,Federal Contract Tower,0,9,8,0,17,0,6,18,0,24,0,15,26,0,41,70,2,72,113
04/17/2011,ANE,MN,AGL,CE,Federal Contract Tower,0,1,30,0,31,0,6,116,0,122,0,7,146,0,153,122,0,122,275
04/18/2011,ANE,MN,AGL,CE,Federal Contract Tower,0,11,36,0,47,0,1,130,0,131,0,12,166,0,178,96,0,96,274
04/19/2011,ANE,MN,AGL,CE,Federal Contract Tower,0,7,22,2,31,0,1,66,0,67,0,8,88,2,98,60,0,60,158
04/20/2011,ANE,MN,AGL,CE,Federal Contract Tower,0,8,20,0,28,0,4,17,0,21,0,12,37,0,49,40,0,40,89
04/21/2011,ANE,MN,AGL,CE,Federal Contract Tower,0,11,49,0,60,0,4,111,0,115,0,15,160,0,175,140,0,140,315
04/22/2011,ANE,MN,AGL,CE,Federal Contract Tower,0,12,28,0,40,0,0,32,0,32,0,12,60,0,72,74,0,74,146
04/23/2011,ANE,MN,AGL,CE,Federal Contract Tower,0,1,22,0,23,0,0,80,0,80,0,1,102,0,103,112,0,112,215
04/24/2011,ANE,MN,AGL,CE,Federal Contract Tower,0,2,27,0,29,0,3,171,0,174,0,5,198,0,203,110,0,110,313
04/25/2011,ANE,MN,AGL,CE,Federal Contract Tower,0,12,36,0,48,0,9,155,0,164,0,21,191,0,212,124,0,124,336
04/26/2011,ANE,MN,AGL,CE,Federal Contract Tower,0,15,23,0,38,0,0,8,0,8,0,15,31,0,46,12,0,12,58
04/27/2011,ANE,MN,AGL,CE,Federal Contract Tower,0,14,34,0,48,0,2,40,0,42,0,16,74,0,90,54,0,54,144
04/28/2011,ANE,MN,AGL,CE,Federal Contract Tower,0,10,36,0,46,0,8,30,0,38,0,18,66,0,84,44,0,44,128
04/29/2011,ANE,MN,AGL,CE,Federal Contract Tower,0,13,36,0,49,0,4,145,0,149,0,17,181,0,198,76,0,76,274
04/30/2011,ANE,MN,AGL,CE,Federal Contract Tower,0,4,9,0,13,0,4,36,0,40,0,8,45,0,53,20,0,20,73
05/01/2011,ANE,MN,AGL,CE,Federal Contract Tower,0,2,24,0,26,0,7,71,0,78,0,9,95,0,104,118,0,118,222
05/02/2011,ANE,MN,AGL,CE,Federal Contract Tower,0,12,31,0,43,0,7,81,0,88,0,19,112,0,131,40,0,40,171
05/03/2011,ANE,MN,AGL,CE,Federal Contract Tower,0,12,38,0,50,0,9,216,0,225,0,21,254,0,275,182,2,184,459
05/04/2011,ANE,MN,AGL,CE,Federal Contract Tower,0,11,38,0,49,0,6,87,0,93,0,17,125,0,142,62,0,62,204
05/05/2011,ANE,MN,AGL,CE,Federal Contract Tower,0,7,47,0,54,0,9,46,0,55,0,16,93,0,109,190,0,190,299
05/06/2011,ANE,MN,AGL,CE,Federal Contract Tower,0,9,33,0,42,0,7,175,0,182,0,16,208,0,224,84,0,84,308
05/07/2011,ANE,MN,AGL,CE,Federal Contract Tower,0,0,31,0,31,0,5,231,0,236,0,5,262,0,267,100,0,100,367
05/08/2011,ANE,MN,AGL,CE,Federal Contract Tower,0,0,12,0,12,0,1,82,0,83,0,1,94,0,95,46,0,46,141
05/09/2011,ANE,MN,AGL,CE,Federal Contract Tower,0,12,24,0,36,0,1,68,0,69,0,13,92,0,105,80,0,80,185
05/10/2011,ANE,MN,AGL,CE,Federal Contract Tower,0,11,41,0,52,0,9,120,2,131,0,20,161,2,183,110,22,132,315
05/11/2011,ANE,MN,AGL,CE,Federal Contract Tower,0,8,41,0,49,0,9,81,0,90,0,17,122,0,139,112,0,112,251
05/12/2011,ANE,MN,AGL,CE,Federal Contract Tower,0,11,38,0,49,0,4,13,0,17,0,15,51,0,66,30,0,30,96
05/13/2011,ANE,MN,AGL,CE,Federal Contract Tower,0,6,26,0,32,0,8,46,0,54,0,14,72,0,86,58,0,58,144
05/14/2011,ANE,MN,AGL,CE,Federal Contract Tower,0,4,11,0,15,0,3,26,0,29,0,7,37,0,44,126,0,126,170
05/15/2011,ANE,MN,AGL,CE,Federal Contract Tower,0,2,24,0,26,0,7,92,0,99,0,9,116,0,125,92,0,92,217
05/16/2011,ANE,MN,AGL,CE,Federal Contract Tower,0,12,56,0,68,0,8,121,6,135,0,20,177,6,203,124,0,124,327
05/17/2011,ANE,MN,AGL,CE,Federal Contract Tower,0,8,42,1,51,0,6,172,1,179,0,14,214,2,230,164,0,164,394
05/18/2011,ANE,MN,AGL,CE,Federal Contract Tower,0,15,37,0,52,0,4,155,0,159,0,19,192,0,211,166,0,166,377
05/19/2011,ANE,MN,AGL,CE,Federal Contract Tower,0,13,31,2,46,0,3,117,0,120,0,16,148,2,166,80,0,80,246
05/20/2011,ANE,MN,AGL,CE,Federal Contract Tower,0,11,29,0,40,0,6,29,0,35,0,17,58,0,75,46,0,46,121
05/21/2011,ANE,MN,AGL,CE,Federal Contract Tower,0,7,22,0,29,0,3,47,0,50,0,10,69,0,79,116,0,116,195
05/22/2011,ANE,MN,AGL,CE,Federal Contract Tower,0,5,18,0,23,0,1,100,0,101,0,6,118,0,124,124,0,124,248
05/23/2011,ANE,MN,AGL,CE,Federal Contract Tower,0,9,31,0,40,0,11,92,0,103,0,20,123,0,143,146,0,146,289
05/24/2011,ANE,MN,AGL,CE,Federal Contract Tower,0,12,48,0,60,0,11,164,0,175,0,23,212,0,235,184,2,186,421
05/25/2011,ANE,MN,AGL,CE,Federal Contract Tower,0,13,63,2,78,0,7,64,0,71,0,20,127,2,149,42,0,42,191
05/26/2011,ANE,MN,AGL,CE,Federal Contract Tower,0,20,33,0,53,0,9,142,0,151,0,29,175,0,204,116,0,116,320
05/27/2011,ANE,MN,AGL,CE,Federal Contract Tower,0,7,29,0,36,0,6,52,0,58,0,13,81,0,94,50,0,50,144
05/28/2011,ANE,MN,AGL,CE,Federal Contract Tower,0,2,23,0,25,0,9,68,0,77,0,11,91,0,102,36,0,36,138
05/29/2011,ANE,MN,AGL,CE,Federal Contract Tower,0,0,15,0,15,0,4,99,0,103,0,4,114,0,118,64,0,64,182
05/30/2011,ANE,MN,AGL,CE,Federal Contract Tower,0,3,10,0,13,0,4,46,0,50,0,7,56,0,63,52,0,52,115
05/31/2011,ANE,MN,AGL,CE,Federal Contract Tower,0,11,25,1,37,0,4,41,4,49,0,15,66,5,86,8,20,28,114
06/01/2011,ANE,MN,AGL,CE,Federal Contract Tower,0,13,36,0,49,0,2,150,2,154,0,15,186,2,203,100,4,104,307
06/02/2011,ANE,MN,AGL,CE,Federal Contract Tower,0,7,29,1,37,0,7,65,0,72,0,14,94,1,109,46,0,46,155
06/03/2011,ANE,MN,AGL,CE,Federal Contract Tower,0,8,19,0,27,0,6,46,0,52,0,14,65,0,79,30,0,30,109
06/04/2011,ANE,MN,AGL,CE,Federal Contract Tower,0,3,24,0,27,0,10,142,0,152,0,13,166,0,179,84,0,84,263
06/05/2011,ANE,MN,AGL,CE,Federal Contract Tower,0,3,29,0,32,0,2,142,0,144,0,5,171,0,176,68,0,68,244
06/06/2011,ANE,MN,AGL,CE,Federal Contract Tower,0,15,27,0,42,0,3,123,0,126,0,18,150,0,168,102,0,102,270
06/07/2011,ANE,MN,AGL,CE,Federal Contract Tower,0,7,38,0,45,0,8,62,0,70,0,15,100,0,115,88,0,88,203
06/08/2011,ANE,MN,AGL,CE,Federal Contract Tower,0,9,45,0,54,0,7,117,0,124,0,16,162,0,178,132,0,132,310
06/09/2011,ANE,MN,AGL,CE,Federal Contract Tower,0,21,53,0,74,0,13,86,0,99,0,34,139,0,173,92,0,92,265
06/10/2011,ANE,MN,AGL,CE,Federal Contract Tower,0,11,41,0,52,0,7,79,0,86,0,18,120,0,138,68,0,68,206
06/11/2011,ANE,MN,AGL,CE,Federal Contract Tower,0,6,22,0,28,0,4,126,0,130,0,10,148,0,158,150,0,150,308
06/12/2011,ANE,MN,AGL,CE,Federal Contract Tower,0,4,25,0,29,0,6,140,0,146,0,10,165,0,175,126,0,126,301
06/13/2011,ANE,MN,AGL,CE,Federal Contract Tower,0,9,38,0,47,0,2,102,0,104,0,11,140,0,151,114,0,114,265
06/14/2011,ANE,MN,AGL,CE,Federal Contract Tower,0,13,26,0,39,0,3,70,0,73,0,16,96,0,112,68,0,68,180
06/15/2011,ANE,MN,AGL,CE,Federal Contract Tower,0,11,51,0,62,0,2,18,0,20,0,13,69,0,82,44,0,44,126
06/16/2011,ANE,MN,AGL,CE,Federal Contract Tower,0,12,47,0,59,0,4,103,0,107,0,16,150,0,166,126,0,126,292
06/17/2011,ANE,MN,AGL,CE,Federal Contract Tower,0,9,36,0,45,0,4,77,0,81,0,13,113,0,126,52,0,52,178
06/18/2011,ANE,MN,AGL,CE,Federal Contract Tower,0,4,20,0,24,0,3,35,0,38,0,7,55,0,62,76,0,76,138
06/19/2011,ANE,MN,AGL,CE,Federal Contract Tower,0,3,28,0,31,0,5,67,0,72,0,8,95,0,103,86,0,86,189
06/20/2011,ANE,MN,AGL,CE,Federal Contract Tower,0,17,25,0,42,0,3,81,0,84,0,20,106,0,126,168,0,168,294
06/21/2011,ANE,MN,AGL,CE,Federal Contract Tower,0,12,25,0,37,0,2,21,0,23,0,14,46,0,60,54,0,54,114
06/22/2011,ANE,MN,AGL,CE,Federal Contract Tower,0,15,37,0,52,0,0,11,0,11,0,15,48,0,63,10,0,10,73
06/23/2011,ANE,MN,AGL,CE,Federal Contract Tower,0,10,42,0,52,0,3,32,0,35,0,13,74,0,87,50,0,50,137
06/24/2011,ANE,MN,AGL,CE,Federal Contract Tower,0,13,54,2,69,0,12,157,0,169,0,25,211,2,238,168,0,168,406
06/25/2011,ANE,MN,AGL,CE,Federal Contract Tower,0,5,14,0,19,0,5,204,0,209,0,10,218,0,228,54,0,54,282
06/26/2011,ANE,MN,AGL,CE,Federal Contract Tower,0,1,28,0,29,0,1,131,0,132,0,2,159,0,161,80,0,80,241
06/27/2011,ANE,MN,AGL,CE,Federal Contract Tower,0,9,47,0,56,0,3,66,0,69,0,12,113,0,125,50,0,50,175
06/28/2011,ANE,MN,AGL,CE,Federal Contract Tower,0,7,50,0,57,0,5,164,0,169,0,12,214,0,226,126,0,126,352
06/29/2011,ANE,MN,AGL,CE,Federal Contract Tower,0,9,59,0,68,0,7,151,0,158,0,16,210,0,226,130,0,130,356
06/30/2011,ANE,MN,AGL,CE,Federal Contract Tower,0,8,45,0,53,0,6,118,0,124,0,14,163,0,177,88,0,88,265
07/01/2011,ANE,MN,AGL,CE,Federal Contract Tower,0,7,21,0,28,0,7,97,0,104,0,14,118,0,132,134,0,134,266
07/02/2011,ANE,MN,AGL,CE,Federal Contract Tower,0,1,13,0,14,0,6,151,0,157,0,7,164,0,171,62,0,62,233
07/03/2011,ANE,MN,AGL,CE,Federal Contract Tower,0,4,16,0,20,0,6,78,0,84,0,10,94,0,104,20,0,20,124
07/04/2011,ANE,MN,AGL,CE,Federal Contract Tower,0,2,25,0,27,0,7,108,0,115,0,9,133,0,142,24,0,24,166
07/05/2011,ANE,MN,AGL,CE,Federal Contract Tower,0,8,25,0,33,0,1,43,0,44,0,9,68,0,77,44,0,44,121
07/06/2011,ANE,MN,AGL,CE,Federal Contract Tower,0,8,29,0,37,0,3,139,0,142,0,11,168,0,179,122,0,122,301
07/07/2011,ANE,MN,AGL,CE,Federal Contract Tower,0,16,34,0,50,0,0,103,0,103,0,16,137,0,153,108,0,108,261
07/08/2011,ANE,MN,AGL,CE,Federal Contract Tower,0,11,26,0,37,0,1,120,0,121,0,12,146,0,158,102,0,102,260
07/09/2011,ANE,MN,AGL,CE,Federal Contract Tower,0,4,15,0,19,0,10,80,0,90,0,14,95,0,109,80,0,80,189
07/10/2011,ANE,MN,AGL,CE,Federal Contract Tower,0,0,16,0,16,0,8,80,0,88,0,8,96,0,104,36,0,36,140
07/11/2011,ANE,MN,AGL,CE,Federal Contract Tower,0,8,26,2,36,0,4,79,5,88,0,12,105,7,124,40,6,46,170
07/12/2011,ANE,MN,AGL,CE,Federal Contract Tower,0,9,36,0,45,0,5,95,0,100,0,14,131,0,145,78,0,78,223
07/13/2011,ANE,MN,AGL,CE,Federal Contract Tower,0,10,39,0,49,0,25,146,0,171,0,35,185,0,220,136,0,136,356
07/14/2011,ANE,MN,AGL,CE,Federal Contract Tower,0,9,29,1,39,0,2,88,2,92,0,11,117,3,131,68,0,68,199
07/15/2011,ANE,MN,AGL,CE,Federal Contract Tower,0,13,28,0,41,0,2,27,0,29,0,15,55,0,70,6,0,6,76
07/16/2011,ANE,MN,AGL,CE,Federal Contract Tower,0,5,32,0,37,0,2,67,0,69,0,7,99,0,106,30,0,30,136
07/17/2011,ANE,MN,AGL,CE,Federal Contract Tower,0,7,26,0,33,0,6,46,0,52,0,13,72,0,85,28,0,28,113
07/18/2011,ANE,MN,AGL,CE,Federal Contract Tower,0,17,49,0,66,0,3,76,0,79,0,20,125,0,145,60,0,60,205
07/19/2011,ANE,MN,AGL,CE,Federal Contract Tower,0,10,50,0,60,0,4,44,0,48,0,14,94,0,108,98,0,98,206
07/20/2011,ANE,MN,AGL,CE,Federal Contract Tower,0,14,38,0,52,0,8,95,0,103,0,22,133,0,155,46,0,46,201
07/21/2011,ANE,MN,AGL,CE,Federal Contract Tower,0,9,32,0,41,0,7,169,0,176,0,16,201,0,217,94,0,94,311
07/22/2011,ANE,MN,AGL,CE,Federal Contract Tower,9,59,0,0,68,0,9,148,0,157,9,68,148,0,225,104,0,104,329
07/23/2011,ANE,MN,AGL,CE,Federal Contract Tower,0,3,16,0,19,0,7,60,0,67,0,10,76,0,86,68,0,68,154
07/24/2011,ANE,MN,AGL,CE,Federal Contract Tower,0,1,42,0,43,0,8,105,0,113,0,9,147,0,156,48,0,48,204
07/25/2011,ANE,MN,AGL,CE,Federal Contract Tower,0,9,32,0,41,0,7,93,0,100,0,16,125,0,141,66,0,66,207
07/26/2011,ANE,MN,AGL,CE,Federal Contract Tower,0,13,53,0,66,0,0,107,0,107,0,13,160,0,173,126,0,126,299
07/27/2011,ANE,MN,AGL,CE,Federal Contract Tower,0,8,27,1,36,0,9,76,0,85,0,17,103,1,121,64,2,66,187
07/28/2011,ANE,MN,AGL,CE,Federal Contract Tower,0,11,57,0,68,0,5,115,0,120,0,16,172,0,188,140,2,142,330
07/29/2011,ANE,MN,AGL,CE,Federal Contract Tower,0,11,49,0,60,0,8,125,0,133,0,19,174,0,193,34,0,34,227
07/30/2011,ANE,MN,AGL,CE,Federal Contract Tower,0,5,18,0,23,0,3,81,0,84,0,8,99,0,107,26,0,26,133
07/31/2011,ANE,MN,AGL,CE,Federal Contract Tower,0,11,34,0,45,0,4,116,0,120,0,15,150,0,165,44,0,44,209
08/01/2011,ANE,MN,AGL,CE,Federal Contract Tower,0,16,24,0,40,0,5,26,0,31,0,21,50,0,71,18,0,18,89
08/02/2011,ANE,MN,AGL,CE,Federal Contract Tower,0,10,51,0,61,0,2,81,0,83,0,12,132,0,144,82,0,82,226
08/03/2011,ANE,MN,AGL,CE,Federal Contract Tower,0,10,58,0,68,0,8,165,0,173,0,18,223,0,241,70,0,70,311
08/04/2011,ANE,MN,AGL,CE,Federal Contract Tower,0,10,42,0,52,0,5,154,2,161,0,15,196,2,213,104,0,104,317
08/05/2011,ANE,MN,AGL,CE,Federal Contract Tower,0,10,31,0,41,0,5,145,0,150,0,15,176,0,191,94,0,94,285
08/06/2011,ANE,MN,AGL,CE,Federal Contract Tower,0,2,30,0,32,0,5,113,0,118,0,7,143,0,150,96,0,96,246
08/07/2011,ANE,MN,AGL,CE,Federal Contract Tower,0,15,41,0,56,0,10,117,0,127,0,25,158,0,183,70,0,70,253
08/08/2011,ANE,MN,AGL,CE,Federal Contract Tower,0,11,32,0,43,0,4,121,0,125,0,15,153,0,168,106,0,106,274
08/09/2011,ANE,MN,AGL,CE,Federal Contract Tower,0,7,52,0,59,0,2,82,0,84,0,9,134,0,143,70,0,70,213
08/10/2011,ANE,MN,AGL,CE,Federal Contract Tower,0,7,48,0,55,0,0,136,2,138,0,7,184,2,193,224,0,224,417
08/11/2011,ANE,MN,AGL,CE,Federal Contract Tower,0,14,50,0,64,0,4,146,2,152,0,18,196,2,216,84,0,84,300
08/12/2011,ANE,MN,AGL,CE,Federal Contract Tower,0,6,27,0,33,0,11,107,0,118,0,17,134,0,151,102,0,102,253
08/13/2011,ANE,MN,AGL,CE,Federal Contract Tower,0,0,21,0,21,0,6,73,0,79,0,6,94,0,100,58,0,58,158
08/14/2011,ANE,MN,AGL,CE,Federal Contract Tower,0,0,24,0,24,0,3,145,0,148,0,3,169,0,172,94,0,94,266
08/15/2011,ANE,MN,AGL,CE,Federal Contract Tower,0,10,39,0,49,0,6,46,2,54,0,16,85,2,103,60,4,64,167
08/16/2011,ANE,MN,AGL,CE,Federal Contract Tower,0,13,46,1,60,0,4,87,0,91,0,17,133,1,151,64,0,64,215
08/17/2011,ANE,MN,AGL,CE,Federal Contract Tower,0,8,38,0,46,0,1,145,0,146,0,9,183,0,192,218,0,218,410
08/18/2011,ANE,MN,AGL,CE,Federal Contract Tower,0,11,44,0,55,0,1,129,0,130,0,12,173,0,185,182,0,182,367
08/19/2011,ANE,MN,AGL,CE,Federal Contract Tower,0,10,34,0,44,0,2,130,0,132,0,12,164,0,176,160,0,160,336
08/20/2011,ANE,MN,AGL,CE,Federal Contract Tower,0,3,32,0,35,0,8,167,0,175,0,11,199,0,210,146,0,146,356
08/21/2011,ANE,MN,AGL,CE,Federal Contract Tower,0,3,33,0,36,0,11,176,0,187,0,14,209,0,223,90,0,90,313
08/22/2011,ANE,MN,AGL,CE,Federal Contract Tower,0,8,32,0,40,5,116,0,0,121,5,124,32,0,161,90,0,90,251
08/23/2011,ANE,MN,AGL,CE,Federal Contract Tower,0,8,41,2,51,0,6,67,0,73,0,14,108,2,124,78,0,78,202
08/24/2011,ANE,MN,AGL,CE,Federal Contract Tower,0,10,44,1,55,0,5,85,2,92,0,15,129,3,147,100,0,100,247
08/25/2011,ANE,MN,AGL,CE,Federal Contract Tower,0,8,46,1,55,0,4,143,0,147,0,12,189,1,202,136,6,142,344
08/26/2011,ANE,MN,AGL,CE,Federal Contract Tower,0,8,44,0,52,0,9,118,0,127,0,17,162,0,179,64,0,64,243
08/27/2011,ANE,MN,AGL,CE,Federal Contract Tower,0,2,20,0,22,0,6,132,0,138,0,8,152,0,160,50,0,50,210
08/28/2011,ANE,MN,AGL,CE,Federal Contract Tower,0,1,23,0,24,0,4,128,0,132,0,5,151,0,156,74,0,74,230
08/29/2011,ANE,MN,AGL,CE,Federal Contract Tower,0,15,41,0,56,0,4,132,0,136,0,19,173,0,192,104,0,104,296
08/30/2011,ANE,MN,AGL,CE,Federal Contract Tower,0,8,47,0,55,0,3,103,0,106,0,11,150,0,161,72,0,72,233
08/31/2011,ANE,MN,AGL,CE,Federal Contract Tower,0,8,56,0,64,0,3,43,0,46,0,11,99,0,110,108,0,108,218
09/01/2011,ANE,MN,AGL,CE,Federal Contract Tower,0,13,45,1,59,0,7,110,1,118,0,20,155,2,177,48,0,48,225
09/02/2011,ANE,MN,AGL,CE,Federal Contract Tower,0,12,32,0,44,0,4,77,0,81,0,16,109,0,125,88,0,88,213
09/03/2011,ANE,MN,AGL,CE,Federal Contract Tower,0,3,18,0,21,0,3,120,0,123,0,6,138,0,144,128,0,128,272
09/04/2011,ANE,MN,AGL,CE,Federal Contract Tower,0,1,20,0,21,0,8,92,0,100,0,9,112,0,121,60,0,60,181
09/05/2011,ANE,MN,AGL,CE,Federal Contract Tower,0,1,32,0,33,0,2,178,0,180,0,3,210,0,213,158,0,158,371
09/06/2011,ANE,MN,AGL,CE,Federal Contract Tower,0,12,32,0,44,0,5,100,0,105,0,17,132,0,149,60,0,60,209
09/07/2011,ANE,MN,AGL,CE,Federal Contract Tower,0,14,21,0,35,0,4,122,0,126,0,18,143,0,161,140,0,140,301
09/08/2011,ANE,MN,AGL,CE,Federal Contract Tower,0,10,44,0,54,0,2,95,2,99,0,12,139,2,153,152,0,152,305
09/09/2011,ANE,MN,AGL,CE,Federal Contract Tower,0,14,28,0,42,0,4,143,0,147,0,18,171,0,189,230,0,230,419
09/10/2011,ANE,MN,AGL,CE,Federal Contract Tower,0,2,34,0,36,0,5,182,2,189,0,7,216,2,225,238,2,240,465
09/11/2011,ANE,MN,AGL,CE,Federal Contract Tower,0,4,22,0,26,0,6,137,0,143,0,10,159,0,169,110,0,110,279
09/12/2011,ANE,MN,AGL,CE,Federal Contract Tower,0,8,47,0,55,0,5,94,0,99,0,13,141,0,154,108,0,108,262
09/13/2011,ANE,MN,AGL,CE,Federal Contract Tower,0,5,66,0,71,0,6,160,0,166,0,11,226,0,237,158,0,158,395
09/14/2011,ANE,MN,AGL,CE,Federal Contract Tower,0,10,47,0,57,0,6,83,0,89,0,16,130,0,146,66,0,66,212
09/15/2011,ANE,MN,AGL,CE,Federal Contract Tower,0,6,44,0,50,0,3,117,0,120,0,9,161,0,170,86,0,86,256
09/16/2011,ANE,MN,AGL,CE,Federal Contract Tower,0,8,24,0,32,0,1,91,0,92,0,9,115,0,124,28,0,28,152
09/17/2011,ANE,MN,AGL,CE,Federal Contract Tower,0,5,12,0,17,0,3,80,0,83,0,8,92,0,100,52,0,52,152
09/18/2011,ANE,MN,AGL,CE,Federal Contract Tower,0,3,26,0,29,0,0,14,0,14,0,3,40,0,43,34,0,34,77
09/19/2011,ANE,MN,AGL,CE,Federal Contract Tower,0,14,37,0,51,0,0,124,0,124,0,14,161,0,175,120,0,120,295
09/20/2011,ANE,MN,AGL,CE,Federal Contract Tower,0,13,32,0,45,0,3,22,0,25,0,16,54,0,70,24,0,24,94
09/21/2011,ANE,MN,AGL,CE,Federal Contract Tower,0,12,28,0,40,0,19,0,0,19,0,31,28,0,59,14,10,24,83
09/22/2011,ANE,MN,AGL,CE,Federal Contract Tower,0,12,47,0,59,0,2,100,1,103,0,14,147,1,162,34,0,34,196
09/23/2011,ANE,MN,AGL,CE,Federal Contract Tower,0,6,33,0,39,0,10,76,0,86,0,16,109,0,125,108,0,108,233
09/24/2011,ANE,MN,AGL,CE,Federal Contract Tower,0,3,29,0,32,0,4,134,0,138,0,7,163,0,170,94,0,94,264
09/25/2011,ANE,MN,AGL,CE,Federal Contract Tower,0,2,36,0,38,0,7,167,0,174,0,9,203,0,212,126,0,126,338
09/26/2011,ANE,MN,AGL,CE,Federal Contract Tower,0,10,35,0,45,0,3,84,0,87,0,13,119,0,132,64,0,64,196
09/27/2011,ANE,MN,AGL,CE,Federal Contract Tower,0,7,41,0,48,0,1,46,4,51,0,8,87,4,99,22,0,22,121
09/28/2011,ANE,MN,AGL,CE,Federal Contract Tower,0,8,37,0,45,0,0,96,0,96,0,8,133,0,141,74,0,74,215
09/29/2011,ANE,MN,AGL,CE,Federal Contract Tower,0,10,36,0,46,0,3,24,0,27,0,13,60,0,73,2,0,2,75
09/30/2011,ANE,MN,AGL,CE,Federal Contract Tower,0,8,33,0,41,0,8,80,0,88,0,16,113,0,129,64,0,64,193
10/01/2011,ANE,MN,AGL,CE,Federal Contract Tower,0,7,26,0,33,0,3,130,0,133,0,10,156,0,166,126,0,126,292
10/02/2011,ANE,MN,AGL,CE,Federal Contract Tower,0,0,25,0,25,0,3,125,0,128,0,3,150,0,153,104,0,104,257
10/03/2011,ANE,MN,AGL,CE,Federal Contract Tower,0,13,23,0,36,0,7,131,0,138,0,20,154,0,174,140,0,140,314
10/04/2011,ANE,MN,AGL,CE,Federal Contract Tower,0,13,54,0,67,0,2,151,2,155,0,15,205,2,222,150,10,160,382
10/05/2011,ANE,MN,AGL,CE,Federal Contract Tower,0,9,52,0,61,0,5,121,0,126,0,14,173,0,187,78,0,78,265
10/06/2011,ANE,MN,AGL,CE,Federal Contract Tower,0,9,39,0,48,0,4,92,0,96,0,13,131,0,144,50,0,50,194
10/07/2011,ANE,MN,AGL,CE,Federal Contract Tower,0,8,32,0,40,0,1,23,0,24,0,9,55,0,64,8,0,8,72
10/08/2011,ANE,MN,AGL,CE,Federal Contract Tower,0,4,13,0,17,0,7,65,0,72,0,11,78,0,89,64,0,64,153
10/09/2011,ANE,MN,AGL,CE,Federal Contract Tower,0,3,34,0,37,0,2,144,0,146,0,5,178,0,183,90,0,90,273
10/10/2011,ANE,MN,AGL,CE,Federal Contract Tower,0,8,13,0,21,0,4,94,0,98,0,12,107,0,119,54,0,54,173
10/11/2011,ANE,MN,AGL,CE,Federal Contract Tower,0,9,45,0,54,0,6,126,0,132,0,15,171,0,186,118,0,118,304
10/12/2011,ANE,MN,AGL,CE,Federal Contract Tower,0,13,31,0,44,0,1,61,0,62,0,14,92,0,106,88,0,88,194
10/13/2011,ANE,MN,AGL,CE,Federal Contract Tower,0,11,55,0,66,0,17,75,0,92,0,28,130,0,158,98,0,98,256
10/14/2011,ANE,MN,AGL,CE,Federal Contract Tower,0,10,25,0,35,0,2,45,0,47,0,12,70,0,82,16,0,16,98
10/15/2011,ANE,MN,AGL,CE,Federal Contract Tower,0,2,18,0,20,0,5,66,0,71,0,7,84,0,91,38,0,38,129
10/16/2011,ANE,MN,AGL,CE,Federal Contract Tower,0,1,18,0,19,0,6,79,0,85,0,7,97,0,104,60,0,60,164
10/17/2011,ANE,MN,AGL,CE,Federal Contract Tower,0,13,38,0,51,0,3,81,0,84,0,16,119,0,135,72,0,72,207
10/18/2011,ANE,MN,AGL,CE,Federal Contract Tower,0,15,42,0,57,0,5,92,0,97,0,20,134,0,154,74,0,74,228
10/19/2011,ANE,MN,AGL,CE,Federal Contract Tower,0,10,43,0,53,0,4,93,0,97,0,14,136,0,150,96,2,98,248
10/20/2011,ANE,MN,AGL,CE,Federal Contract Tower,0,4,35,0,39,0,2,110,2,114,0,6,145,2,153,134,4,138,291
10/21/2011,ANE,MN,AGL,CE,Federal Contract Tower,0,6,38,0,44,0,2,83,0,85,0,8,121,0,129,54,0,54,183
10/22/2011,ANE,MN,AGL,CE,Federal Contract Tower,0,1,27,0,28,0,3,127,0,130,0,4,154,0,158,64,0,64,222
10/23/2011,ANE,MN,AGL,CE,Federal Contract Tower,0,1,30,0,31,0,4,65,0,69,0,5,95,0,100,84,0,84,184
10/24/2011,ANE,MN,AGL,CE,Federal Contract Tower,0,14,28,0,42,0,5,72,0,77,0,19,100,0,119,48,0,48,167
10/25/2011,ANE,MN,AGL,CE,Federal Contract Tower,0,6,51,0,57,0,4,80,2,86,0,10,131,2,143,56,0,56,199
10/26/2011,ANE,MN,AGL,CE,Federal Contract Tower,0,8,45,2,55,0,1,107,0,108,0,9,152,2,163,144,4,148,311
10/27/2011,ANE,MN,AGL,CE,Federal Contract Tower,0,6,43,0,49,0,4,148,0,152,0,10,191,0,201,136,0,136,337
10/28/2011,ANE,MN,AGL,CE,Federal Contract Tower,0,8,35,0,43,0,8,119,0,127,0,16,154,0,170,80,0,80,250
10/29/2011,ANE,MN,AGL,CE,Federal Contract Tower,0,6,25,0,31,0,5,153,0,158,0,11,178,0,189,102,0,102,291
10/30/2011,ANE,MN,AGL,CE,Federal Contract Tower,0,1,5,0,6,0,6,70,0,76,0,7,75,0,82,120,0,120,202
10/31/2011,ANE,MN,AGL,CE,Federal Contract Tower,0,13,24,0,37,0,5,28,0,33,0,18,52,0,70,72,0,72,142
11/01/2011,ANE,MN,AGL,CE,Federal Contract Tower,0,4,47,1,52,0,4,124,0,128,0,8,171,1,180,178,2,180,360
11/02/2011,ANE,MN,AGL,CE,Federal Contract Tower,0,5,36,0,41,0,2,91,0,93,0,7,127,0,134,100,2,102,236
11/03/2011,ANE,MN,AGL,CE,Federal Contract Tower,0,7,31,0,38,0,8,136,0,144,0,15,167,0,182,106,0,106,288
11/04/2011,ANE,MN,AGL,CE,Federal Contract Tower,0,8,20,1,29,0,4,101,0,105,0,12,121,1,134,30,0,30,164
11/05/2011,ANE,MN,AGL,CE,Federal Contract Tower,0,4,7,0,11,0,12,39,0,51,0,16,46,0,62,24,0,24,86
11/06/2011,ANE,MN,AGL,CE,Federal Contract Tower,0,2,14,0,16,0,0,14,0,14,0,2,28,0,30,2,0,2,32
11/07/2011,ANE,MN,AGL,CE,Federal Contract Tower,0,9,29,0,38,0,2,57,0,59,0,11,86,0,97,56,0,56,153
11/08/2011,ANE,MN,AGL,CE,Federal Contract Tower,0,6,35,0,41,0,6,92,0,98,0,12,127,0,139,124,0,124,263
11/09/2011,ANE,MN,AGL,CE,Federal Contract Tower,0,11,34,0,45,0,9,79,0,88,0,20,113,0,133,76,0,76,209
11/10/2011,ANE,MN,AGL,CE,Federal Contract Tower,0,10,40,0,50,0,0,54,0,54,0,10,94,0,104,40,0,40,144
11/11/2011,ANE,MN,AGL,CE,Federal Contract Tower,0,2,39,0,41,0,5,126,0,131,0,7,165,0,172,88,0,88,260
11/12/2011,ANE,MN,AGL,CE,Federal Contract Tower,0,3,32,0,35,0,4,150,0,154,0,7,182,0,189,144,0,144,333
11/13/2011,ANE,MN,AGL,CE,Federal Contract Tower,0,3,17,0,20,0,0,65,0,65,0,3,82,0,85,84,0,84,169
11/14/2011,ANE,MN,AGL,CE,Federal Contract Tower,0,10,27,0,37,0,8,81,0,89,0,18,108,0,126,22,0,22,148
11/15/2011,ANE,MN,AGL,CE,Federal Contract Tower,0,8,35,0,43,0,3,65,0,68,0,11,100,0,111,52,0,52,163
11/16/2011,ANE,MN,AGL,CE,Federal Contract Tower,0,8,47,1,56,0,2,91,0,93,0,10,138,1,149,86,0,86,235
11/17/2011,ANE,MN,AGL,CE,Federal Contract Tower,0,10,47,0,57,0,6,123,0,129,0,16,170,0,186,106,0,106,292
11/18/2011,ANE,MN,AGL,CE,Federal Contract Tower,0,6,46,0,52,0,0,128,0,128,0,6,174,0,180,120,0,120,300
11/19/2011,ANE,MN,AGL,CE,Federal Contract Tower,0,2,8,0,10,0,0,13,0,13,0,2,21,0,23,40,0,40,63
11/20/2011,ANE,MN,AGL,CE,Federal Contract Tower,0,2,14,0,16,0,4,35,2,41,0,6,49,2,57,60,0,60,117
11/21/2011,ANE,MN,AGL,CE,Federal Contract Tower,0,14,33,0,47,0,5,13,0,18,0,19,46,0,65,38,0,38,103
11/22/2011,ANE,MN,AGL,CE,Federal Contract Tower,0,5,37,0,42,0,4,32,2,38,0,9,69,2,80,118,14,132,212
11/23/2011,ANE,MN,AGL,CE,Federal Contract Tower,0,13,34,0,47,0,1,96,0,97,0,14,130,0,144,146,0,146,290
11/24/2011,ANE,MN,AGL,CE,Federal Contract Tower,0,0,5,0,5,0,0,45,0,45,0,0,50,0,50,8,0,8,58
11/25/2011,ANE,MN,AGL,CE,Federal Contract Tower,0,9,40,0,49,0,1,92,0,93,0,10,132,0,142,84,0,84,226
11/26/2011,ANE,MN,AGL,CE,Federal Contract Tower,0,5,9,0,14,0,0,0,0,0,0,5,9,0,14,0,0,0,14
11/27/2011,ANE,MN,AGL,CE,Federal Contract Tower,0,5,33,0,38,0,0,51,0,51,0,5,84,0,89,52,0,52,141
11/28/2011,ANE,MN,AGL,CE,Federal Contract Tower,0,9,29,0,38,0,1,71,0,72,0,10,100,0,110,58,0,58,168
11/29/2011,ANE,MN,AGL,CE,Federal Contract Tower,0,16,50,0,66,0,0,93,0,93,0,16,143,0,159,84,0,84,243
11/30/2011,ANE,MN,AGL,CE,Federal Contract Tower,0,9,42,0,51,0,2,110,0,112,0,11,152,0,163,150,0,150,313
12/01/2011,ANE,MN,AGL,CE,Federal Contract Tower,0,7,34,0,41,0,4,64,0,68,0,11,98,0,109,86,0,86,195
12/02/2011,ANE,MN,AGL,CE,Federal Contract Tower,0,7,31,0,38,0,2,124,2,128,0,9,155,2,166,136,4,140,306
12/03/2011,ANE,MN,AGL,CE,Federal Contract Tower,0,0,11,0,11,0,5,90,0,95,0,5,101,0,106,98,0,98,204
12/04/2011,ANE,MN,AGL,CE,Federal Contract Tower,0,6,22,0,28,0,3,37,0,40,0,9,59,0,68,60,0,60,128
12/05/2011,ANE,MN,AGL,CE,Federal Contract Tower,0,6,27,0,33,0,9,31,0,40,0,15,58,0,73,64,0,64,137
12/06/2011,ANE,MN,AGL,CE,Federal Contract Tower,0,15,41,0,56,0,4,74,0,78,0,19,115,0,134,78,0,78,212
12/07/2011,ANE,MN,AGL,CE,Federal Contract Tower,0,12,26,0,38,0,5,69,0,74,0,17,95,0,112,54,2,56,168
12/08/2011,ANE,MN,AGL,CE,Federal Contract Tower,0,14,47,0,61,0,1,78,0,79,0,15,125,0,140,96,0,96,236
12/09/2011,ANE,MN,AGL,CE,Federal Contract Tower,0,7,37,0,44,0,3,61,0,64,0,10,98,0,108,38,0,38,146
12/10/2011,ANE,MN,AGL,CE,Federal Contract Tower,0,1,16,0,17,0,5,85,0,90,0,6,101,0,107,72,0,72,179
12/11/2011,ANE,MN,AGL,CE,Federal Contract Tower,0,1,28,0,29,0,3,59,0,62,0,4,87,0,91,68,0,68,159
12/12/2011,ANE,MN,AGL,CE,Federal Contract Tower,0,14,28,0,42,0,0,5,0,5,0,14,33,0,47,4,0,4,51
12/13/2011,ANE,MN,AGL,CE,Federal Contract Tower,0,14,24,0,38,0,1,21,0,22,0,15,45,0,60,108,0,108,168
12/14/2011,ANE,MN,AGL,CE,Federal Contract Tower,0,15,13,0,28,0,0,0,0,0,0,15,13,0,28,0,0,0,28
12/15/2011,ANE,MN,AGL,CE,Federal Contract Tower,0,12,39,0,51,0,4,11,0,15,0,16,50,0,66,2,0,2,68
12/16/2011,ANE,MN,AGL,CE,Federal Contract Tower,0,10,33,0,43,0,1,103,0,104,0,11,136,0,147,104,0,104,251
12/17/2011,ANE,MN,AGL,CE,Federal Contract Tower,0,4,19,0,23,0,4,82,0,86,0,8,101,0,109,90,0,90,199
12/18/2011,ANE,MN,AGL,CE,Federal Contract Tower,0,5,33,0,38,0,1,143,0,144,0,6,176,0,182,100,0,100,282
12/19/2011,ANE,MN,AGL,CE,Federal Contract Tower,0,10,45,0,55,0,4,81,0,85,0,14,126,0,140,118,0,118,258
12/20/2011,ANE,MN,AGL,CE,Federal Contract Tower,0,6,43,0,49,0,3,93,0,96,0,9,136,0,145,58,0,58,203
12/21/2011,ANE,MN,AGL,CE,Federal Contract Tower,0,9,68,0,77,0,2,87,0,89,0,11,155,0,166,86,0,86,252
12/22/2011,ANE,MN,AGL,CE,Federal Contract Tower,0,10,21,0,31,0,2,93,0,95,0,12,114,0,126,142,0,142,268
12/23/2011,ANE,MN,AGL,CE,Federal Contract Tower,0,8,18,0,26,0,0,48,0,48,0,8,66,0,74,84,0,84,158
12/24/2011,ANE,MN,AGL,CE,Federal Contract Tower,0,2,9,0,11,0,3,59,0,62,0,5,68,0,73,40,0,40,113
12/25/2011,ANE,MN,AGL,CE,Federal Contract Tower,0,0,8,0,8,0,2,27,0,29,0,2,35,0,37,12,0,12,49
12/26/2011,ANE,MN,AGL,CE,Federal Contract Tower,0,2,16,0,18,0,4,34,0,38,0,6,50,0,56,16,0,16,72
12/27/2011,ANE,MN,AGL,CE,Federal Contract Tower,0,7,27,0,34,0,0,72,0,72,0,7,99,0,106,52,0,52,158
12/28/2011,ANE,MN,AGL,CE,Federal Contract Tower,0,10,21,0,31,0,1,117,0,118,0,11,138,0,149,96,0,96,245
12/29/2011,ANE,MN,AGL,CE,Federal Contract Tower,0,8,27,0,35,0,7,43,0,50,0,15,70,0,85,66,0,66,151
12/30/2011,ANE,MN,AGL,CE,Federal Contract Tower,0,8,17,0,25,0,0,61,0,61,0,8,78,0,86,106,0,106,192
12/31/2011,ANE,MN,AGL,CE,Federal Contract Tower,0,7,13,0,20,0,5,38,0,43,0,12,51,0,63,64,0,64,127
01/01/2012,ANE,MN,AGL,CE,Federal Contract Tower,0,0,11,0,11,0,6,2,0,8,0,6,13,0,19,0,0,0,19
01/02/2012,ANE,MN,AGL,CE,Federal Contract Tower,0,1,20,0,21,0,1,56,0,57,0,2,76,0,78,60,0,60,138
01/03/2012,ANE,MN,AGL,CE,Federal Contract Tower,0,13,26,0,39,0,2,70,0,72,0,15,96,0,111,44,0,44,155
01/04/2012,ANE,MN,AGL,CE,Federal Contract Tower,0,9,32,0,41,0,10,98,0,108,0,19,130,0,149,104,0,104,253
01/05/2012,ANE,MN,AGL,CE,Federal Contract Tower,0,8,42,2,52,0,7,77,0,84,0,15,119,2,136,114,4,118,254
01/06/2012,ANE,MN,AGL,CE,Federal Contract Tower,0,8,23,0,31,0,1,94,0,95,0,9,117,0,126,138,0,138,264
01/07/2012,ANE,MN,AGL,CE,Federal Contract Tower,0,7,15,0,22,0,4,137,0,141,0,11,152,0,163,154,0,154,317
01/08/2012,ANE,MN,AGL,CE,Federal Contract Tower,0,1,29,0,30,0,7,191,0,198,0,8,220,0,228,126,0,126,354
01/09/2012,ANE,MN,AGL,CE,Federal Contract Tower,0,13,24,0,37,0,0,74,0,74,0,13,98,0,111,44,0,44,155
01/10/2012,ANE,MN,AGL,CE,Federal Contract Tower,0,10,52,0,62,0,5,131,0,136,0,15,183,0,198,74,0,74,272
01/11/2012,ANE,MN,AGL,CE,Federal Contract Tower,0,10,25,0,35,0,0,7,0,7,0,10,32,0,42,2,0,2,44
01/12/2012,ANE,MN,AGL,CE,Federal Contract Tower,0,10,20,0,30,0,3,28,0,31,0,13,48,0,61,52,0,52,113
01/13/2012,ANE,MN,AGL,CE,Federal Contract Tower,0,7,24,0,31,0,6,38,0,44,0,13,62,0,75,70,0,70,145
01/14/2012,ANE,MN,AGL,CE,Federal Contract Tower,0,4,9,0,13,0,0,13,0,13,0,4,22,0,26,38,0,38,64
01/15/2012,ANE,MN,AGL,CE,Federal Contract Tower,0,3,18,0,21,0,1,92,0,93,0,4,110,0,114,96,0,96,210
01/16/2012,ANE,MN,AGL,CE,Federal Contract Tower,0,4,30,0,34,0,0,100,0,100,0,4,130,0,134,112,0,112,246
01/17/2012,ANE,MN,AGL,CE,Federal Contract Tower,0,15,26,0,41,0,1,53,0,54,0,16,79,0,95,40,0,40,135
01/18/2012,ANE,MN,AGL,CE,Federal Contract Tower,0,17,14,0,31,0,6,53,0,59,0,23,67,0,90,30,0,30,120
01/19/2012,ANE,MN,AGL,CE,Federal Contract Tower,0,6,38,1,45,0,0,34,0,34,0,6,72,1,79,34,2,36,115
01/20/2012,ANE,MN,AGL,CE,Federal Contract Tower,0,11,20,0,31,0,3,9,0,12,0,14,29,0,43,4,0,4,47
01/21/2012,ANE,MN,AGL,CE,Federal Contract Tower,0,5,9,0,14,0,1,60,0,61,0,6,69,0,75,66,0,66,141
01/22/2012,ANE,MN,AGL,CE,Federal Contract Tower,0,2,5,0,7,0,0,0,0,0,0,2,5,0,7,0,0,0,7
01/23/2012,ANE,MN,AGL,CE,Federal Contract Tower,0,13,16,0,29,0,5,15,0,20,0,18,31,0,49,24,0,24,73
01/24/2012,ANE,MN,AGL,CE,Federal Contract Tower,0,8,39,0,47,0,1,71,0,72,0,9,110,0,119,40,0,40,159
01/25/2012,ANE,MN,AGL,CE,Federal Contract Tower,0,8,37,0,45,0,2,69,0,71,0,10,106,0,116,10,0,10,126
01/26/2012,ANE,MN,AGL,CE,Federal Contract Tower,0,5,47,0,52,0,1,70,0,71,0,6,117,0,123,130,0,130,253
01/27/2012,ANE,MN,AGL,CE,Federal Contract Tower,0,7,13,0,20,0,0,24,0,24,0,7,37,0,44,56,0,56,100
01/28/2012,ANE,MN,AGL,CE,Federal Contract Tower,0,3,19,0,22,0,5,71,0,76,0,8,90,0,98,104,0,104,202
01/29/2012,ANE,MN,AGL,CE,Federal Contract Tower,0,4,21,0,25,0,3,161,0,164,0,7,182,0,189,188,0,188,377
01/30/2012,ANE,MN,AGL,CE,Federal Contract Tower,0,9,29,0,38,0,5,113,0,118,0,14,142,0,156,144,0,144,300
01/31/2012,ANE,MN,AGL,CE,Federal Contract Tower,0,10,19,0,29,0,0,86,2,88,0,10,105,2,117,100,2,102,219
02/01/2012,ANE,MN,AGL,CE,Federal Contract Tower,0,7,18,0,25,0,0,0,0,0,0,7,18,0,25,0,0,0,25
02/02/2012,ANE,MN,AGL,CE,Federal Contract Tower,0,11,28,0,39,0,0,0,0,0,0,11,28,0,39,0,0,0,39
02/03/2012,ANE,MN,AGL,CE,Federal Contract Tower,0,13,18,0,31,0,0,9,0,9,0,13,27,0,40,28,0,28,68
02/04/2012,ANE,MN,AGL,CE,Federal Contract Tower,0,3,13,0,16,0,2,16,0,18,0,5,29,0,34,18,0,18,52
02/05/2012,ANE,MN,AGL,CE,Federal Contract Tower,0,2,17,0,19,0,0,0,0,0,0,2,17,0,19,12,0,12,31
02/06/2012,ANE,MN,AGL,CE,Federal Contract Tower,0,9,29,0,38,0,3,134,0,137,0,12,163,0,175,180,0,180,355
02/07/2012,ANE,MN,AGL,CE,Federal Contract Tower,0,8,49,0,57,0,3,96,0,99,0,11,145,0,156,82,0,82,238
02/08/2012,ANE,MN,AGL,CE,Federal Contract Tower,0,7,50,0,57,0,2,93,0,95,0,9,143,0,152,50,0,50,202
02/09/2012,ANE,MN,AGL,CE,Federal Contract Tower,0,6,45,0,51,0,4,86,0,90,0,10,131,0,141,114,0,114,255
02/10/2012,ANE,MN,AGL,CE,Federal Contract Tower,0,7,23,0,30,0,0,45,0,45,0,7,68,0,75,2,0,2,77
02/11/2012,ANE,MN,AGL,CE,Federal Contract Tower,0,4,5,0,9,0,1,61,0,62,0,5,66,0,71,18,0,18,89
02/12/2012,ANE,MN,AGL,CE,Federal Contract Tower,0,2,27,0,29,0,2,111,0,113,0,4,138,0,142,192,0,192,334
02/13/2012,ANE,MN,AGL,CE,Federal Contract Tower,0,10,21,0,31,0,0,37,0,37,0,10,58,0,68,80,0,80,148
02/14/2012,ANE,MN,AGL,CE,Federal Contract Tower,0,7,40,0,47,0,0,69,0,69,0,7,109,0,116,66,0,66,182
02/15/2012,ANE,MN,AGL,CE,Federal Contract Tower,0,6,44,0,50,0,3,53,0,56,0,9,97,0,106,108,0,108,214
02/16/2012,ANE,MN,AGL,CE,Federal Contract Tower,0,6,37,0,43,0,11,115,2,128,0,17,152,2,171,144,0,144,315
02/17/2012,ANE,MN,AGL,CE,Federal Contract Tower,0,7,22,0,29,0,3,70,0,73,0,10,92,0,102,92,0,92,194
02/18/2012,ANE,MN,AGL,CE,Federal Contract Tower,0,3,23,0,26,0,2,132,0,134,0,5,155,0,160,150,0,150,310
02/19/2012,ANE,MN,AGL,CE,Federal Contract Tower,0,3,40,0,43,0,7,115,1,123,0,10,155,1,166,134,0,134,300
02/20/2012,ANE,MN,AGL,CE,Federal Contract Tower,0,10,25,0,35,0,2,60,0,62,0,12,85,0,97,84,0,84,181
02/21/2012,ANE,MN,AGL,CE,Federal Contract Tower,0,8,15,1,24,0,3,28,0,31,0,11,43,1,55,54,2,56,111
02/22/2012,ANE,MN,AGL,CE,Federal Contract Tower,0,5,33,0,38,0,4,96,2,102,0,9,129,2,140,148,2,150,290
02/23/2012,ANE,MN,AGL,CE,Federal Contract Tower,0,6,27,2,35,0,4,67,0,71,0,10,94,2,106,100,0,100,206
02/24/2012,ANE,MN,AGL,CE,Federal Contract Tower,0,6,33,0,39,0,4,19,0,23,0,10,52,0,62,28,0,28,90
02/25/2012,ANE,MN,AGL,CE,Federal Contract Tower,0,3,19,0,22,0,8,101,0,109,0,11,120,0,131,134,0,134,265
02/26/2012,ANE,MN,AGL,CE,Federal Contract Tower,0,5,4,0,9,0,0,10,0,10,0,5,14,0,19,8,0,8,27
02/27/2012,ANE,MN,AGL,CE,Federal Contract Tower,0,11,25,0,36,0,4,53,0,57,0,15,78,0,93,102,0,102,195
02/28/2012,ANE,MN,AGL,CE,Federal Contract Tower,0,8,11,0,19,0,0,2,0,2,0,8,13,0,21,2,0,2,23
02/29/2012,ANE,MN,AGL,CE,Federal Contract Tower,0,9,32,0,41,0,3,65,1,69,0,12,97,1,110,59,1,60,170
03/01/2012,ANE,MN,AGL,CE,Federal Contract Tower,0,10,40,0,50,0,8,71,2,81,0,18,111,2,131,54,2,56,187
03/02/2012,ANE,MN,AGL,CE,Federal Contract Tower,0,10,36,0,46,0,0,43,0,43,0,10,79,0,89,70,0,70,159
03/03/2012,ANE,MN,AGL,CE,Federal Contract Tower,0,5,14,0,19,0,2,12,0,14,0,7,26,0,33,82,0,82,115
03/04/2012,ANE,MN,AGL,CE,Federal Contract Tower,0,1,4,0,5,0,2,72,0,74,0,3,76,0,79,140,0,140,219
03/05/2012,ANE,MN,AGL,CE,Federal Contract Tower,0,9,23,0,32,0,0,57,0,57,0,9,80,0,89,74,0,74,163
03/06/2012,ANE,MN,AGL,CE,Federal Contract Tower,0,8,40,0,48,0,0,108,4,112,0,8,148,4,160,114,6,120,280
03/07/2012,ANE,MN,AGL,CE,Federal Contract Tower,0,10,28,0,38,0,1,35,0,36,0,11,63,0,74,54,0,54,128
03/08/2012,ANE,MN,AGL,CE,Federal Contract Tower,0,11,51,0,62,0,0,58,0,58,0,11,109,0,120,108,0,108,228
03/09/2012,ANE,MN,AGL,CE,Federal Contract Tower,0,14,32,0,46,0,4,84,0,88,0,18,116,0,134,92,0,92,226
03/10/2012,ANE,MN,AGL,CE,Federal Contract Tower,0,11,24,0,35,0,6,75,0,81,0,17,99,0,116,42,0,42,158
03/11/2012,ANE,MN,AGL,CE,Federal Contract Tower,0,2,25,0,27,0,0,84,0,84,0,2,109,0,111,82,0,82,193
03/12/2012,ANE,MN,AGL,CE,Federal Contract Tower,0,14,29,0,43,0,0,12,0,12,0,14,41,0,55,82,0,82,137
03/13/2012,ANE,MN,AGL,CE,Federal Contract Tower,0,11,33,0,44,0,2,69,0,71,0,13,102,0,115,164,0,164,279
03/14/2012,ANE,MN,AGL,CE,Federal Contract Tower,0,8,33,0,41,0,5,120,2,127,0,13,153,2,168,72,4,76,244
03/15/2012,ANE,MN,AGL,CE,Federal Contract Tower,0,8,31,0,39,0,0,118,0,118,0,8,149,0,157,58,0,58,215
03/16/2012,ANE,MN,AGL,CE,Federal Contract Tower,0,9,27,0,36,0,3,128,0,131,0,12,155,0,167,136,0,136,303
03/17/2012,ANE,MN,AGL,CE,Federal Contract Tower,0,4,16,0,20,0,4,110,0,114,0,8,126,0,134,104,0,104,238
03/18/2012,ANE,MN,AGL,CE,Federal Contract Tower,0,1,22,0,23,0,3,39,0,42,0,4,61,0,65,32,0,32,97
03/19/2012,ANE,MN,AGL,CE,Federal Contract Tower,0,10,21,0,31,0,2,35,0,37,0,12,56,0,68,18,0,18,86
03/20/2012,ANE,MN,AGL,CE,Federal Contract Tower,0,5,45,0,50,0,3,37,0,40,0,8,82,0,90,130,0,130,220
03/21/2012,ANE,MN,AGL,CE,Federal Contract Tower,0,9,46,0,55,0,3,68,0,71,0,12,114,0,126,102,0,102,228
03/22/2012,ANE,MN,AGL,CE,Federal Contract Tower,0,5,38,0,43,0,2,85,0,87,0,7,123,0,130,86,0,86,216
03/23/2012,ANE,MN,AGL,CE,Federal Contract Tower,0,8,13,0,21,0,3,112,0,115,0,11,125,0,136,78,0,78,214
03/24/2012,ANE,MN,AGL,CE,Federal Contract Tower,0,4,19,0,23,0,2,61,0,63,0,6,80,0,86,24,0,24,110
03/25/2012,ANE,MN,AGL,CE,Federal Contract Tower,0,4,30,0,34,0,1,101,0,102,0,5,131,0,136,90,0,90,226
03/26/2012,ANE,MN,AGL,CE,Federal Contract Tower,0,13,22,0,35,0,8,24,0,32,0,21,46,0,67,16,0,16,83
03/27/2012,ANE,MN,AGL,CE,Federal Contract Tower,0,9,19,0,28,0,6,17,0,23,0,15,36,0,51,0,0,0,51
03/28/2012,ANE,MN,AGL,CE,Federal Contract Tower,0,8,40,0,48,0,3,118,0,121,0,11,158,0,169,164,0,164,333
03/29/2012,ANE,MN,AGL,CE,Federal Contract Tower,0,6,47,0,53,0,2,101,0,103,0,8,148,0,156,70,0,70,226
03/30/2012,ANE,MN,AGL,CE,Federal Contract Tower,0,7,36,0,43,0,2,81,0,83,0,9,117,0,126,94,0,94,220
03/31/2012,ANE,MN,AGL,CE,Federal Contract Tower,0,4,32,0,36,0,2,19,0,21,0,6,51,0,57,22,0,22,79
04/01/2012,ANE,MN,AGL,CE,Federal Contract Tower,0,6,22,0,28,0,2,56,0,58,0,8,78,0,86,58,0,58,144
04/02/2012,ANE,MN,AGL,CE,Federal Contract Tower,0,9,20,0,29,0,6,51,0,57,0,15,71,0,86,40,0,40,126
04/03/2012,ANE,MN,AGL,CE,Federal Contract Tower,0,8,45,1,54,0,0,59,0,59,0,8,104,1,113,90,2,92,205
04/04/2012,ANE,MN,AGL,CE,Federal Contract Tower,0,5,52,0,57,0,19,141,0,160,0,24,193,0,217,166,2,168,385
04/05/2012,ANE,MN,AGL,CE,Federal Contract Tower,0,5,35,0,40,0,1,138,0,139,0,6,173,0,179,142,0,142,321
04/06/2012,ANE,MN,AGL,CE,Federal Contract Tower,0,9,20,0,29,0,6,139,0,145,0,15,159,0,174,88,0,88,262
04/07/2012,ANE,MN,AGL,CE,Federal Contract Tower,0,1,16,0,17,0,2,69,0,71,0,3,85,0,88,22,0,22,110
04/08/2012,ANE,MN,AGL,CE,Federal Contract Tower,0,3,13,0,16,0,0,78,0,78,0,3,91,0,94,48,0,48,142
04/09/2012,ANE,MN,AGL,CE,Federal Contract Tower,0,9,38,0,47,0,7,39,3,49,0,16,77,3,96,28,0,28,124
04/10/2012,ANE,MN,AGL,CE,Federal Contract Tower,0,9,48,1,58,0,6,53,1,60,0,15,101,2,118,56,0,56,174
04/11/2012,ANE,MN,AGL,CE,Federal Contract Tower,0,11,47,0,58,0,4,96,0,100,0,15,143,0,158,70,0,70,228
04/12/2012,ANE,MN,AGL,CE,Federal Contract Tower,0,9,34,0,43,0,8,117,0,125,0,17,151,0,168,138,0,138,306
04/13/2012,ANE,MN,AGL,CE,Federal Contract Tower,0,6,18,0,24,0,2,9,0,11,0,8,27,0,35,14,0,14,49
04/14/2012,ANE,MN,AGL,CE,Federal Contract Tower,0,8,28,0,36,0,1,128,0,129,0,9,156,0,165,104,0,104,269
04/15/2012,ANE,MN,AGL,CE,Federal Contract Tower,0,5,15,0,20,0,0,5,0,5,0,5,20,0,25,12,0,12,37
04/16/2012,ANE,MN,AGL,CE,Federal Contract Tower,0,8,32,0,40,0,3,14,0,17,0,11,46,0,57,12,0,12,69
04/17/2012,ANE,MN,AGL,CE,Federal Contract Tower,0,6,42,0,48,0,12,101,2,115,0,18,143,2,163,88,14,102,265
04/18/2012,ANE,MN,AGL,CE,Federal Contract Tower,0,13,49,1,63,0,7,46,4,57,0,20,95,5,120,76,46,122,242
04/19/2012,ANE,MN,AGL,CE,Federal Contract Tower,0,6,42,0,48,0,10,116,0,126,0,16,158,0,174,140,0,140,314
04/20/2012,ANE,MN,AGL,CE,Federal Contract Tower,0,5,45,0,50,0,9,161,0,170,0,14,206,0,220,148,0,148,368
04/21/2012,ANE,MN,AGL,CE,Federal Contract Tower,0,2,12,0,14,0,0,42,0,42,0,2,54,0,56,52,0,52,108
04/22/2012,ANE,MN,AGL,CE,Federal Contract Tower,0,3,29,0,32,0,1,113,0,114,0,4,142,0,146,126,0,126,272
04/23/2012,ANE,MN,AGL,CE,Federal Contract Tower,0,7,38,0,45,0,10,157,0,167,0,17,195,0,212,176,0,176,388
04/24/2012,ANE,MN,AGL,CE,Federal Contract Tower,0,7,33,1,41,0,5,139,2,146,0,12,172,3,187,94,0,94,281
04/25/2012,ANE,MN,AGL,CE,Federal Contract Tower,0,9,44,0,53,0,8,98,0,106,0,17,142,0,159,104,0,104,263
04/26/2012,ANE,MN,AGL,CE,Federal Contract Tower,0,10,44,2,56,0,1,78,6,85,0,11,122,8,141,148,4,152,293
04/27/2012,ANE,MN,AGL,CE,Federal Contract Tower,0,9,18,0,27,0,4,70,2,76,0,13,88,2,103,64,28,92,195
04/28/2012,ANE,MN,AGL,CE,Federal Contract Tower,0,3,15,0,18,0,6,27,0,33,0,9,42,0,51,66,0,66,117
04/29/2012,ANE,MN,AGL,CE,Federal Contract Tower,0,0,21,0,21,0,3,98,0,101,0,3,119,0,122,46,0,46,168
04/30/2012,ANE,MN,AGL,CE,Federal Contract Tower,0,8,39,0,47,0,5,102,0,107,0,13,141,0,154,130,0,130,284
05/01/2012,ANE,MN,AGL,CE,Federal Contract Tower,0,7,36,0,43,0,1,29,0,30,0,8,65,0,73,50,0,50,123
05/02/2012,ANE,MN,AGL,CE,Federal Contract Tower,0,8,47,0,55,0,8,76,0,84,0,16,123,0,139,112,0,112,251
05/03/2012,ANE,MN,AGL,CE,Federal Contract Tower,0,4,29,0,33,0,6,43,0,49,0,10,72,0,82,34,2,36,118
05/04/2012,ANE,MN,AGL,CE,Federal Contract Tower,0,10,34,0,44,0,8,93,0,101,0,18,127,0,145,188,0,188,333
05/05/2012,ANE,MN,AGL,CE,Federal Contract Tower,0,8,13,0,21,0,2,27,0,29,0,10,40,0,50,44,0,44,94
05/06/2012,ANE,MN,AGL,CE,Federal Contract Tower,0,3,27,0,30,0,2,24,0,26,0,5,51,0,56,48,0,48,104
05/07/2012,ANE,MN,AGL,CE,Federal Contract Tower,0,13,44,0,57,0,11,127,0,138,0,24,171,0,195,158,0,158,353
05/08/2012,ANE,MN,AGL,CE,Federal Contract Tower,0,11,53,0,64,0,3,53,0,56,0,14,106,0,120,62,0,62,182
05/09/2012,ANE,MN,AGL,CE,Federal Contract Tower,0,7,41,1,49,0,15,122,0,137,0,22,163,1,186,116,2,118,304
05/10/2012,ANE,MN,AGL,CE,Federal Contract Tower,0,6,38,0,44,0,4,105,0,109,0,10,143,0,153,138,0,138,291
05/11/2012,ANE,MN,AGL,CE,Federal Contract Tower,0,7,32,1,40,0,6,73,2,81,0,13,105,3,121,58,26,84,205
05/12/2012,ANE,MN,AGL,CE,Federal Contract Tower,0,4,25,0,29,0,5,197,0,202,0,9,222,0,231,160,0,160,391
05/13/2012,ANE,MN,AGL,CE,Federal Contract Tower,0,0,29,0,29,0,8,113,0,121,0,8,142,0,150,12,0,12,162
05/14/2012,ANE,MN,AGL,CE,Federal Contract Tower,0,10,33,2,45,0,6,142,0,148,0,16,175,2,193,112,0,112,305
05/15/2012,ANE,MN,AGL,CE,Federal Contract Tower,0,16,35,0,51,0,8,133,0,141,0,24,168,0,192,106,0,106,298
05/16/2012,ANE,MN,AGL,CE,Federal Contract Tower,0,8,28,0,36,0,6,119,0,125,0,14,147,0,161,144,0,144,305
05/17/2012,ANE,MN,AGL,CE,Federal Contract Tower,0,10,46,0,56,0,4,43,0,47,0,14,89,0,103,16,4,20,123
05/18/2012,ANE,MN,AGL,CE,Federal Contract Tower,0,8,20,0,28,0,2,77,0,79,0,10,97,0,107,68,0,68,175
05/19/2012,ANE,MN,AGL,CE,Federal Contract Tower,0,4,12,0,16,0,8,61,0,69,0,12,73,0,85,76,0,76,161
05/20/2012,ANE,MN,AGL,CE,Federal Contract Tower,0,4,17,0,21,0,4,54,0,58,0,8,71,0,79,44,0,44,123
05/21/2012,ANE,MN,AGL,CE,Federal Contract Tower,0,9,36,0,45,0,2,198,0,200,0,11,234,0,245,144,0,144,389
05/22/2012,ANE,MN,AGL,CE,Federal Contract Tower,0,5,55,0,60,0,7,103,2,112,0,12,158,2,172,148,8,156,328
05/23/2012,ANE,MN,AGL,CE,Federal Contract Tower,0,5,22,0,27,0,6,43,0,49,0,11,65,0,76,50,0,50,126
05/24/2012,ANE,MN,AGL,CE,Federal Contract Tower,0,9,19,0,28,0,3,2,0,5,0,12,21,0,33,2,0,2,35
05/25/2012,ANE,MN,AGL,CE,Federal Contract Tower,0,7,38,0,45,0,7,122,0,129,0,14,160,0,174,262,0,262,436
05/26/2012,ANE,MN,AGL,CE,Federal Contract Tower,0,4,11,0,15,0,4,23,0,27,0,8,34,0,42,14,0,14,56
05/27/2012,ANE,MN,AGL,CE,Federal Contract Tower,0,1,7,0,8,0,7,27,0,34,0,8,34,0,42,16,0,16,58
05/28/2012,ANE,MN,AGL,CE,Federal Contract Tower,0,3,25,0,28,0,3,97,0,100,0,6,122,0,128,96,0,96,224
05/29/2012,ANE,MN,AGL,CE,Federal Contract Tower,0,8,40,0,48,0,4,82,0,86,0,12,122,0,134,90,0,90,224
05/30/2012,ANE,MN,AGL,CE,Federal Contract Tower,0,5,42,0,47,0,5,153,0,158,0,10,195,0,205,136,0,136,341
05/31/2012,ANE,MN,AGL,CE,Federal Contract Tower,0,8,37,0,45,0,5,74,1,80,0,13,111,1,125,87,1,88,213
06/01/2012,ANE,MN,AGL,CE,Federal Contract Tower,0,8,28,0,36,0,3,50,0,53,0,11,78,0,89,80,0,80,169
06/02/2012,ANE,MN,AGL,CE,Federal Contract Tower,0,4,10,0,14,0,10,434,1,445,0,14,444,1,459,240,0,240,699
06/03/2012,ANE,MN,AGL,CE,Federal Contract Tower,0,3,21,0,24,0,6,266,0,272,0,9,287,0,296,394,0,394,690
06/04/2012,ANE,MN,AGL,CE,Federal Contract Tower,0,13,30,0,43,0,5,116,0,121,0,18,146,0,164,156,0,156,320
06/05/2012,ANE,MN,AGL,CE,Federal Contract Tower,0,6,39,0,45,0,3,166,0,169,0,9,205,0,214,96,0,96,310
06/06/2012,ANE,MN,AGL,CE,Federal Contract Tower,0,8,35,0,43,0,0,131,0,131,0,8,166,0,174,122,0,122,296
06/07/2012,ANE,MN,AGL,CE,Federal Contract Tower,0,7,43,0,50,0,5,89,0,94,0,12,132,0,144,82,0,82,226
06/08/2012,ANE,MN,AGL,CE,Federal Contract Tower,0,7,38,0,45,0,3,77,1,81,0,10,115,1,126,58,0,58,184
06/09/2012,ANE,MN,AGL,CE,Federal Contract Tower,0,8,30,0,38,0,6,178,0,184,0,14,208,0,222,70,0,70,292
06/10/2012,ANE,MN,AGL,CE,Federal Contract Tower,0,0,17,0,17,0,3,79,0,82,0,3,96,0,99,20,0,20,119
06/11/2012,ANE,MN,AGL,CE,Federal Contract Tower,0,9,33,0,42,0,4,89,0,93,0,13,122,0,135,100,0,100,235
06/12/2012,ANE,MN,AGL,CE,Federal Contract Tower,0,9,39,0,48,0,2,155,0,157,0,11,194,0,205,142,0,142,347
06/13/2012,ANE,MN,AGL,CE,Federal Contract Tower,0,10,32,0,42,0,6,105,0,111,0,16,137,0,153,100,0,100,253
06/14/2012,ANE,MN,AGL,CE,Federal Contract Tower,0,9,25,0,34,0,3,52,0,55,0,12,77,0,89,12,0,12,101
06/15/2012,ANE,MN,AGL,CE,Federal Contract Tower,0,8,30,0,38,0,6,133,0,139,0,14,163,0,177,230,0,230,407
06/16/2012,ANE,MN,AGL,CE,Federal Contract Tower,0,6,23,0,29,0,6,38,0,44,0,12,61,0,73,4,2,6,79
06/17/2012,ANE,MN,AGL,CE,Federal Contract Tower,0,3,19,0,22,0,4,131,0,135,0,7,150,0,157,86,0,86,243
06/18/2012,ANE,MN,AGL,CE,Federal Contract Tower,0,15,37,0,52,0,7,116,0,123,0,22,153,0,175,138,0,138,313
06/19/2012,ANE,MN,AGL,CE,Federal Contract Tower,0,10,39,0,49,0,2,100,0,102,0,12,139,0,151,66,0,66,217
06/20/2012,ANE,MN,AGL,CE,Federal Contract Tower,0,16,40,0,56,0,2,44,0,46,0,18,84,0,102,40,0,40,142
06/21/2012,ANE,MN,AGL,CE,Federal Contract Tower,0,10,52,0,62,0,8,144,2,154,0,18,196,2,216,150,12,162,378
06/22/2012,ANE,MN,AGL,CE,Federal Contract Tower,0,9,28,0,37,0,0,200,0,200,0,9,228,0,237,144,0,144,381
06/23/2012,ANE,MN,AGL,CE,Federal Contract Tower,0,2,10,0,12,0,10,95,0,105,0,12,105,0,117,146,0,146,263
06/24/2012,ANE,MN,AGL,CE,Federal Contract Tower,0,0,36,0,36,0,5,177,2,184,0,5,213,2,220,174,0,174,394
06/25/2012,ANE,MN,AGL,CE,Federal Contract Tower,0,12,39,0,51,0,0,150,0,150,0,12,189,0,201,218,0,218,419
06/26/2012,ANE,MN,AGL,CE,Federal Contract Tower,0,10,43,0,53,0,5,121,2,128,0,15,164,2,181,82,2,84,265
06/27/2012,ANE,MN,AGL,CE,Federal Contract Tower,0,8,44,2,54,0,0,167,0,167,0,8,211,2,221,122,2,124,345
06/28/2012,ANE,MN,AGL,CE,Federal Contract Tower,0,12,36,0,48,0,7,119,0,126,0,19,155,0,174,82,0,82,256
06/29/2012,ANE,MN,AGL,CE,Federal Contract Tower,0,13,38,0,51,0,7,76,0,83,0,20,114,0,134,76,0,76,210
06/30/2012,ANE,MN,AGL,CE,Federal Contract Tower,0,9,20,3,32,0,9,126,0,135,0,18,146,3,167,118,0,118,285
07/01/2012,ANE,MN,AGL,CE,Federal Contract Tower,0,1,22,0,23,0,8,91,0,99,0,9,113,0,122,80,0,80,202
07/02/2012,ANE,MN,AGL,CE,Federal Contract Tower,0,10,33,0,43,0,1,69,0,70,0,11,102,0,113,62,0,62,175
07/03/2012,ANE,MN,AGL,CE,Federal Contract Tower,0,9,20,0,29,0,3,88,0,91,0,12,108,0,120,132,0,132,252
07/04/2012,ANE,MN,AGL,CE,Federal Contract Tower,0,3,9,0,12,0,4,66,0,70,0,7,75,0,82,14,0,14,96
07/05/2012,ANE,MN,AGL,CE,Federal Contract Tower,0,6,24,0,30,0,10,128,0,138,0,16,152,0,168,174,12,186,354
07/06/2012,ANE,MN,AGL,CE,Federal Contract Tower,0,9,17,0,26,0,10,81,0,91,0,19,98,0,117,96,0,96,213
07/07/2012,ANE,MN,AGL,CE,Federal Contract Tower,0,11,12,0,23,0,15,146,0,161,0,26,158,0,184,108,0,108,292
07/08/2012,ANE,MN,AGL,CE,Federal Contract Tower,0,4,20,0,24,0,7,123,0,130,0,11,143,0,154,52,0,52,206
07/09/2012,ANE,MN,AGL,CE,Federal Contract Tower,0,10,28,0,38,0,81,0,0,81,0,91,28,0,119,88,0,88,207
07/10/2012,ANE,MN,AGL,CE,Federal Contract Tower,0,8,48,2,58,0,0,112,6,118,0,8,160,8,176,198,30,228,404
07/11/2012,ANE,MN,AGL,CE,Federal Contract Tower,0,6,60,0,66,0,5,122,4,131,0,11,182,4,197,162,36,198,395
07/12/2012,ANE,MN,AGL,CE,Federal Contract Tower,0,5,40,0,45,0,0,125,4,129,0,5,165,4,174,92,12,104,278
07/13/2012,ANE,MN,AGL,CE,Federal Contract Tower,0,9,37,0,46,0,4,93,0,97,0,13,130,0,143,26,0,26,169
07/14/2012,ANE,MN,AGL,CE,Federal Contract Tower,0,5,20,0,25,0,3,187,0,190,0,8,207,0,215,78,0,78,293
07/15/2012,ANE,MN,AGL,CE,Federal Contract Tower,0,4,27,0,31,0,2,108,0,110,0,6,135,0,141,34,0,34,175
07/16/2012,ANE,MN,AGL,CE,Federal Contract Tower,0,8,35,0,43,0,2,66,0,68,0,10,101,0,111,38,0,38,149
07/17/2012,ANE,MN,AGL,CE,Federal Contract Tower,0,6,46,0,52,0,1,73,0,74,0,7,119,0,126,72,0,72,198
07/18/2012,ANE,MN,AGL,CE,Federal Contract Tower,0,9,29,0,38,0,4,48,2,54,0,13,77,2,92,52,6,58,150
07/19/2012,ANE,MN,AGL,CE,Federal Contract Tower,0,8,60,0,68,0,8,134,0,142,0,16,194,0,210,160,0,160,370
07/20/2012,ANE,MN,AGL,CE,Federal Contract Tower,0,6,46,0,52,0,6,140,0,146,0,12,186,0,198,72,0,72,270
07/21/2012,ANE,MN,AGL,CE,Federal Contract Tower,0,5,12,0,17,0,1,97,0,98,0,6,109,0,115,84,0,84,199
07/22/2012,ANE,MN,AGL,CE,Federal Contract Tower,0,0,33,0,33,0,1,88,0,89,0,1,121,0,122,34,0,34,156
07/23/2012,ANE,MN,AGL,CE,Federal Contract Tower,0,8,28,0,36,0,8,114,0,122,0,16,142,0,158,66,0,66,224
07/24/2012,ANE,MN,AGL,CE,Federal Contract Tower,0,8,69,0,77,0,5,28,0,33,0,13,97,0,110,28,0,28,138
07/25/2012,ANE,MN,AGL,CE,Federal Contract Tower,0,8,40,0,48,0,8,92,2,102,0,16,132,2,150,76,0,76,226
07/26/2012,ANE,MN,AGL,CE,Federal Contract Tower,0,5,47,0,52,0,12,118,2,132,0,17,165,2,184,76,0,76,260
07/27/2012,ANE,MN,AGL,CE,Federal Contract Tower,0,7,56,0,63,0,10,164,0,174,0,17,220,0,237,130,0,130,367
07/28/2012,ANE,MN,AGL,CE,Federal Contract Tower,0,2,18,0,20,0,9,151,0,160,0,11,169,0,180,82,0,82,262
07/29/2012,ANE,MN,AGL,CE,Federal Contract Tower,0,0,33,0,33,0,4,114,0,118,0,4,147,0,151,58,0,58,209
07/30/2012,ANE,MN,AGL,CE,Federal Contract Tower,0,9,20,0,29,0,7,102,0,109,0,16,122,0,138,70,0,70,208
07/31/2012,ANE,MN,AGL,CE,Federal Contract Tower,0,6,38,0,44,0,4,134,0,138,0,10,172,0,182,124,0,124,306
08/01/2012,ANE,MN,AGL,CE,Federal Contract Tower,0,9,44,0,53,0,0,98,0,98,0,9,142,0,151,102,0,102,253
08/02/2012,ANE,MN,AGL,CE,Federal Contract Tower,0,11,51,0,62,0,5,126,0,131,0,16,177,0,193,176,2,178,371
08/03/2012,ANE,MN,AGL,CE,Federal Contract Tower,0,15,29,0,44,0,4,117,0,121,0,19,146,0,165,116,0,116,281
08/04/2012,ANE,MN,AGL,CE,Federal Contract Tower,0,7,20,0,27,0,3,77,0,80,0,10,97,0,107,44,0,44,151
08/05/2012,ANE,MN,AGL,CE,Federal Contract Tower,0,8,53,0,61,0,11,179,12,202,0,19,232,12,263,86,0,86,349
08/06/2012,ANE,MN,AGL,CE,Federal Contract Tower,0,8,30,0,38,0,4,113,0,117,0,12,143,0,155,126,0,126,281
08/07/2012,ANE,MN,AGL,CE,Federal Contract Tower,0,11,43,0,54,0,3,115,2,120,0,14,158,2,174,170,0,170,344
08/08/2012,ANE,MN,AGL,CE,Federal Contract Tower,0,18,42,0,60,0,3,92,0,95,0,21,134,0,155,194,0,194,349
08/09/2012,ANE,MN,AGL,CE,Federal Contract Tower,0,13,39,0,52,0,2,72,0,74,0,15,111,0,126,62,0,62,188
08/10/2012,ANE,MN,AGL,CE,Federal Contract Tower,0,8,39,0,47,0,3,150,0,153,0,11,189,0,200,80,0,80,280
08/11/2012,ANE,MN,AGL,CE,Federal Contract Tower,0,2,37,0,39,0,5,168,0,173,0,7,205,0,212,100,0,100,312
08/12/2012,ANE,MN,AGL,CE,Federal Contract Tower,0,2,26,0,28,0,5,92,0,97,0,7,118,0,125,106,0,106,231
08/13/2012,ANE,MN,AGL,CE,Federal Contract Tower,0,5,24,0,29,0,2,110,0,112,0,7,134,0,141,128,0,128,269
08/14/2012,ANE,MN,AGL,CE,Federal Contract Tower,0,12,37,0,49,0,3,125,0,128,0,15,162,0,177,126,0,126,303
08/15/2012,ANE,MN,AGL,CE,Federal Contract Tower,0,7,45,0,52,0,0,78,2,80,0,7,123,2,132,106,10,116,248
08/16/2012,ANE,MN,AGL,CE,Federal Contract Tower,0,12,38,0,50,0,2,98,2,102,0,14,136,2,152,104,2,106,258
08/17/2012,ANE,MN,AGL,CE,Federal Contract Tower,0,14,52,0,66,0,5,183,0,188,0,19,235,0,254,116,0,116,370
08/18/2012,ANE,MN,AGL,CE,Federal Contract Tower,0,7,33,0,40,0,6,131,0,137,0,13,164,0,177,90,0,90,267
08/19/2012,ANE,MN,AGL,CE,Federal Contract Tower,0,2,30,0,32,0,12,112,0,124,0,14,142,0,156,48,0,48,204
08/20/2012,ANE,MN,AGL,CE,Federal Contract Tower,0,8,31,0,39,0,3,143,0,146,0,11,174,0,185,74,0,74,259
08/21/2012,ANE,MN,AGL,CE,Federal Contract Tower,0,5,41,0,46,0,1,101,1,103,0,6,142,1,149,92,4,96,245
08/22/2012,ANE,MN,AGL,CE,Federal Contract Tower,0,11,40,0,51,0,5,90,0,95,0,16,130,0,146,114,0,114,260
08/23/2012,ANE,MN,AGL,CE,Federal Contract Tower,0,9,37,0,46,0,2,87,0,89,0,11,124,0,135,128,0,128,263
08/24/2012,ANE,MN,AGL,CE,Federal Contract Tower,0,12,46,0,58,0,4,127,0,131,0,16,173,0,189,80,0,80,269
08/25/2012,ANE,MN,AGL,CE,Federal Contract Tower,0,4,24,0,28,0,3,93,0,96,0,7,117,0,124,90,0,90,214
08/26/2012,ANE,MN,AGL,CE,Federal Contract Tower,0,7,32,0,39,0,12,134,0,146,0,19,166,0,185,79,0,79,264
08/27/2012,ANE,MN,AGL,CE,Federal Contract Tower,0,10,44,0,54,0,8,116,0,124,0,18,160,0,178,98,0,98,276
08/28/2012,ANE,MN,AGL,CE,Federal Contract Tower,0,12,45,0,57,0,2,93,0,95,0,14,138,0,152,102,6,108,260
08/29/2012,ANE,MN,AGL,CE,Federal Contract Tower,0,7,52,0,59,0,3,92,0,95,0,10,144,0,154,120,0,120,274
08/30/2012,ANE,MN,AGL,CE,Federal Contract Tower,0,8,64,1,73,0,7,102,0,109,0,15,166,1,182,120,0,120,302
08/31/2012,ANE,MN,AGL,CE,Federal Contract Tower,0,8,46,0,54,0,6,144,0,150,0,14,190,0,204,84,0,84,288
09/01/2012,ANE,MN,AGL,CE,Federal Contract Tower,0,3,21,0,24,0,4,142,0,146,0,7,163,0,170,116,0,116,286
09/02/2012,ANE,MN,AGL,CE,Federal Contract Tower,0,1,18,0,19,0,6,113,0,119,0,7,131,0,138,66,0,66,204
09/03/2012,ANE,MN,AGL,CE,Federal Contract Tower,0,1,32,0,33,0,2,123,0,125,0,3,155,0,158,84,0,84,242
09/04/2012,ANE,MN,AGL,CE,Federal Contract Tower,0,7,36,0,43,0,6,114,1,121,0,13,150,1,164,100,10,110,274
09/05/2012,ANE,MN,AGL,CE,Federal Contract Tower,0,12,43,0,55,0,6,79,0,85,0,18,122,0,140,112,0,112,252
09/06/2012,ANE,MN,AGL,CE,Federal Contract Tower,0,7,51,0,58,0,3,74,0,77,0,10,125,0,135,104,0,104,239
09/07/2012,ANE,MN,AGL,CE,Federal Contract Tower,0,11,55,0,66,0,6,98,0,104,0,17,153,0,170,112,0,112,282
09/08/2012,ANE,MN,AGL,CE,Federal Contract Tower,0,6,24,0,30,0,5,101,0,106,0,11,125,0,136,34,0,34,170
09/09/2012,ANE,MN,AGL,CE,Federal Contract Tower,0,1,30,0,31,0,6,161,0,167,0,7,191,0,198,110,0,110,308
09/10/2012,ANE,MN,AGL,CE,Federal Contract Tower,0,8,24,0,32,0,3,69,0,72,0,11,93,0,104,34,0,34,138
09/11/2012,ANE,MN,AGL,CE,Federal Contract Tower,0,13,32,0,45,0,10,63,0,73,0,23,95,0,118,26,2,28,146
09/12/2012,ANE,MN,AGL,CE,Federal Contract Tower,0,23,56,0,79,0,3,86,0,89,0,26,142,0,168,100,0,100,268
09/13/2012,ANE,MN,AGL,CE,Federal Contract Tower,0,14,51,0,65,0,6,128,0,134,0,20,179,0,199,78,4,82,281
09/14/2012,ANE,MN,AGL,CE,Federal Contract Tower,0,12,70,0,82,0,1,172,2,175,0,13,242,2,257,196,2,198,455
09/15/2012,ANE,MN,AGL,CE,Federal Contract Tower,0,7,31,0,38,0,13,186,0,199,0,20,217,0,237,154,0,154,391
09/16/2012,ANE,MN,AGL,CE,Federal Contract Tower,0,6,36,0,42,0,5,107,0,112,0,11,143,0,154,102,0,102,256
09/17/2012,ANE,MN,AGL,CE,Federal Contract Tower,0,9,27,0,36,0,2,85,0,87,0,11,112,0,123,110,0,110,233
09/18/2012,ANE,MN,AGL,CE,Federal Contract Tower,0,9,44,0,53,0,3,125,0,128,0,12,169,0,181,112,0,112,293
09/19/2012,ANE,MN,AGL,CE,Federal Contract Tower,0,7,30,0,37,0,3,44,0,47,0,10,74,0,84,12,0,12,96
09/20/2012,ANE,MN,AGL,CE,Federal Contract Tower,0,9,38,0,47,0,2,88,0,90,0,11,126,0,137,54,0,54,191
09/21/2012,ANE,MN,AGL,CE,Federal Contract Tower,0,9,36,0,45,0,4,91,0,95,0,13,127,0,140,176,0,176,316
09/22/2012,ANE,MN,AGL,CE,Federal Contract Tower,0,8,19,2,29,0,1,90,0,91,0,9,109,2,120,66,0,66,186
09/23/2012,ANE,MN,AGL,CE,Federal Contract Tower,0,1,45,0,46,0,0,141,0,141,0,1,186,0,187,86,0,86,273
09/24/2012,ANE,MN,AGL,CE,Federal Contract Tower,0,9,38,0,47,0,3,90,0,93,0,12,128,0,140,118,0,118,258
09/25/2012,ANE,MN,AGL,CE,Federal Contract Tower,0,9,51,0,60,0,7,145,0,152,0,16,196,0,212,132,0,132,344
09/26/2012,ANE,MN,AGL,CE,Federal Contract Tower,0,8,44,0,52,0,1,135,0,136,0,9,179,0,188,150,0,150,338
09/27/2012,ANE,MN,AGL,CE,Federal Contract Tower,0,5,47,0,52,0,2,111,0,113,0,7,158,0,165,136,0,136,301
09/28/2012,ANE,MN,AGL,CE,Federal Contract Tower,0,6,36,0,42,0,0,120,2,122,0,6,156,2,164,174,0,174,338
09/29/2012,ANE,MN,AGL,CE,Federal Contract Tower,0,8,23,0,31,0,8,156,0,164,0,16,179,0,195,74,0,74,269
09/30/2012,ANE,MN,AGL,CE,Federal Contract Tower,0,6,44,0,50,0,4,133,0,137,0,10,177,0,187,90,0,90,277
10/01/2012,ANE,MN,AGL,CE,Federal Contract Tower,0,8,38,0,46,0,3,87,0,90,0,11,125,0,136,60,0,60,196
10/02/2012,ANE,MN,AGL,CE,Federal Contract Tower,0,4,22,0,26,0,0,107,0,107,0,4,129,0,133,80,0,80,213
10/03/2012,ANE,MN,AGL,CE,Federal Contract Tower,0,5,51,0,56,0,3,183,0,186,0,8,234,0,242,198,0,198,440
10/04/2012,ANE,MN,AGL,CE,Federal Contract Tower,0,13,31,0,44,0,0,16,0,16,0,13,47,0,60,6,0,6,66
10/05/2012,ANE,MN,AGL,CE,Federal Contract Tower,0,12,29,0,41,0,4,40,0,44,0,16,69,0,85,16,0,16,101
10/06/2012,ANE,MN,AGL,CE,Federal Contract Tower,0,12,20,0,32,0,2,63,0,65,0,14,83,0,97,82,0,82,179
10/07/2012,ANE,MN,AGL,CE,Federal Contract Tower,0,5,31,0,36,0,8,89,0,97,0,13,120,0,133,52,0,52,185
10/08/2012,ANE,MN,AGL,CE,Federal Contract Tower,0,18,29,0,47,0,0,89,0,89,0,18,118,0,136,50,0,50,186
10/09/2012,ANE,MN,AGL,CE,Federal Contract Tower,0,8,45,0,53,0,4,56,0,60,0,12,101,0,113,38,0,38,151
10/10/2012,ANE,MN,AGL,CE,Federal Contract Tower,0,8,43,0,51,0,2,165,0,167,0,10,208,0,218,152,0,152,370
10/11/2012,ANE,MN,AGL,CE,Federal Contract Tower,0,4,41,0,45,0,4,89,0,93,0,8,130,0,138,42,20,62,200
10/12/2012,ANE,MN,AGL,CE,Federal Contract Tower,0,3,37,0,40,0,2,101,0,103,0,5,138,0,143,134,0,134,277
10/13/2012,ANE,MN,AGL,CE,Federal Contract Tower,0,6,16,0,22,0,0,2,0,2,0,6,18,0,24,2,0,2,26
10/14/2012,ANE,MN,AGL,CE,Federal Contract Tower,0,1,45,0,46,0,4,80,0,84,0,5,125,0,130,78,0,78,208
10/15/2012,ANE,MN,AGL,CE,Federal Contract Tower,0,10,32,0,42,0,8,132,0,140,0,18,164,0,182,206,0,206,388
10/16/2012,ANE,MN,AGL,CE,Federal Contract Tower,0,6,52,0,58,0,0,111,0,111,0,6,163,0,169,106,0,106,275
10/17/2012,ANE,MN,AGL,CE,Federal Contract Tower,0,10,44,0,54,0,5,78,0,83,0,15,122,0,137,136,0,136,273
10/18/2012,ANE,MN,AGL,CE,Federal Contract Tower,0,7,36,0,43,0,1,26,0,27,0,8,62,0,70,84,0,84,154
10/19/2012,ANE,MN,AGL,CE,Federal Contract Tower,0,8,33,0,41,0,2,22,0,24,0,10,55,0,65,24,0,24,89
10/20/2012,ANE,MN,AGL,CE,Federal Contract Tower,0,7,20,0,27,0,5,95,0,100,0,12,115,0,127,88,0,88,215
10/21/2012,ANE,MN,AGL,CE,Federal Contract Tower,0,1,37,0,38,0,4,136,0,140,0,5,173,0,178,112,0,112,290
10/22/2012,ANE,MN,AGL,CE,Federal Contract Tower,0,5,43,0,48,0,10,73,0,83,0,15,116,0,131,98,0,98,229
10/23/2012,ANE,MN,AGL,CE,Federal Contract Tower,0,7,49,0,56,0,0,0,0,0,0,7,49,0,56,4,0,4,60
10/24/2012,ANE,MN,AGL,CE,Federal Contract Tower,0,4,50,0,54,0,0,22,0,22,0,4,72,0,76,64,0,64,140
10/25/2012,ANE,MN,AGL,CE,Federal Contract Tower,0,6,35,0,41,0,0,13,0,13,0,6,48,0,54,56,0,56,110
10/26/2012,ANE,MN,AGL,CE,Federal Contract Tower,0,6,38,0,44,0,4,65,0,69,0,10,103,0,113,116,0,116,229
10/27/2012,ANE,MN,AGL,CE,Federal Contract Tower,0,4,18,0,22,0,5,118,0,123,0,9,136,0,145,94,0,94,239
10/28/2012,ANE,MN,AGL,CE,Federal Contract Tower,0,2,26,0,28,0,0,81,0,81,0,2,107,0,109,70,0,70,179
10/29/2012,ANE,MN,AGL,CE,Federal Contract Tower,0,6,42,3,51,0,8,102,0,110,0,14,144,3,161,94,0,94,255
10/30/2012,ANE,MN,AGL,CE,Federal Contract Tower,0,6,42,0,48,0,1,95,0,96,0,7,137,0,144,108,2,110,254
10/31/2012,ANE,MN,AGL,CE,Federal Contract Tower,0,4,27,0,31,0,4,95,0,99,0,8,122,0,130,100,0,100,230
11/01/2012,ANE,MN,AGL,CE,Federal Contract Tower,0,7,36,0,43,0,2,65,0,67,0,9,101,0,110,68,4,72,182
11/02/2012,ANE,MN,AGL,CE,Federal Contract Tower,0,8,16,0,24,0,4,65,0,69,0,12,81,0,93,62,0,62,155
11/03/2012,ANE,MN,AGL,CE,Federal Contract Tower,0,8,8,0,16,0,1,90,0,91,0,9,98,0,107,136,0,136,243
11/04/2012,ANE,MN,AGL,CE,Federal Contract Tower,0,9,30,0,39,0,0,93,0,93,0,9,123,0,132,106,0,106,238
11/05/2012,ANE,MN,AGL,CE,Federal Contract Tower,0,11,40,0,51,0,2,23,0,25,0,13,63,0,76,88,0,88,164
11/06/2012,ANE,MN,AGL,CE,Federal Contract Tower,0,6,30,0,36,0,3,16,0,19,0,9,46,0,55,78,0,78,133
11/07/2012,ANE,MN,AGL,CE,Federal Contract Tower,0,5,34,0,39,0,1,86,4,91,0,6,120,4,130,144,4,148,278
11/08/2012,ANE,MN,AGL,CE,Federal Contract Tower,0,4,42,0,46,0,2,100,2,104,0,6,142,2,150,78,8,86,236
11/09/2012,ANE,MN,AGL,CE,Federal Contract Tower,0,8,35,0,43,0,1,130,0,131,0,9,165,0,174,68,0,68,242
11/10/2012,ANE,MN,AGL,CE,Federal Contract Tower,0,3,16,0,19,0,1,21,0,22,0,4,37,0,41,50,0,50,91
11/11/2012,ANE,MN,AGL,CE,Federal Contract Tower,0,2,9,0,11,0,1,3,0,4,0,3,12,0,15,36,0,36,51
11/12/2012,ANE,MN,AGL,CE,Federal Contract Tower,0,3,33,0,36,0,0,18,0,18,0,3,51,0,54,14,0,14,68
11/13/2012,ANE,MN,AGL,CE,Federal Contract Tower,0,13,58,0,71,0,3,110,4,117,0,16,168,4,188,134,12,146,334
11/14/2012,ANE,MN,AGL,CE,Federal Contract Tower,0,7,52,0,59,0,11,117,0,128,0,18,169,0,187,126,0,126,313
11/15/2012,ANE,MN,AGL,CE,Federal Contract Tower,0,9,48,0,57,0,7,110,0,117,0,16,158,0,174,130,0,130,304
11/16/2012,ANE,MN,AGL,CE,Federal Contract Tower,0,6,37,0,43,0,10,97,0,107,0,16,134,0,150,64,0,64,214
11/17/2012,ANE,MN,AGL,CE,Federal Contract Tower,0,9,21,0,30,0,10,92,0,102,0,19,113,0,132,62,0,62,194
11/18/2012,ANE,MN,AGL,CE,Federal Contract Tower,0,1,26,0,27,0,2,103,0,105,0,3,129,0,132,58,0,58,190
11/19/2012,ANE,MN,AGL,CE,Federal Contract Tower,0,10,43,0,53,0,2,110,0,112,0,12,153,0,165,120,0,120,285
11/20/2012,ANE,MN,AGL,CE,Federal Contract Tower,0,8,42,0,50,0,2,98,0,100,0,10,140,0,150,138,0,138,288
11/21/2012,ANE,MN,AGL,CE,Federal Contract Tower,0,9,38,0,47,0,3,150,0,153,0,12,188,0,200,138,0,138,338
11/22/2012,ANE,MN,AGL,CE,Federal Contract Tower,0,2,8,0,10,0,1,45,0,46,0,3,53,0,56,22,0,22,78
11/23/2012,ANE,MN,AGL,CE,Federal Contract Tower,0,6,15,0,21,0,0,11,0,11,0,6,26,0,32,0,0,0,32
11/24/2012,ANE,MN,AGL,CE,Federal Contract Tower,0,7,30,0,37,0,10,106,0,116,0,17,136,0,153,96,0,96,249
11/25/2012,ANE,MN,AGL,CE,Federal Contract Tower,0,0,17,0,17,0,0,34,0,34,0,0,51,0,51,30,0,30,81
11/26/2012,ANE,MN,AGL,CE,Federal Contract Tower,0,9,20,0,29,0,5,40,0,45,0,14,60,0,74,96,0,96,170
11/27/2012,ANE,MN,AGL,CE,Federal Contract Tower,0,11,40,0,51,0,0,69,0,69,0,11,109,0,120,90,4,94,214
11/28/2012,ANE,MN,AGL,CE,Federal Contract Tower,0,9,42,0,51,0,2,90,0,92,0,11,132,0,143,190,0,190,333
11/29/2012,ANE,MN,AGL,CE,Federal Contract Tower,0,11,49,0,60,0,0,118,0,118,0,11,167,0,178,122,0,122,300
11/30/2012,ANE,MN,AGL,CE,Federal Contract Tower,0,4,28,0,32,0,2,27,0,29,0,6,55,0,61,44,6,50,111
12/01/2012,ANE,MN,AGL,CE,Federal Contract Tower,0,13,13,0,26,0,3,6,0,9,0,16,19,0,35,8,0,8,43
12/02/2012,ANE,MN,AGL,CE,Federal Contract Tower,0,7,16,0,23,0,0,0,0,0,0,7,16,0,23,0,0,0,23
12/03/2012,ANE,MN,AGL,CE,Federal Contract Tower,0,19,30,0,49,0,1,17,0,18,0,20,47,0,67,28,0,28,95
12/04/2012,ANE,MN,AGL,CE,Federal Contract Tower,0,11,45,1,57,0,1,85,6,92,0,12,130,7,149,86,6,92,241
12/05/2012,ANE,MN,AGL,CE,Federal Contract Tower,0,9,29,0,38,0,4,71,2,77,0,13,100,2,115,58,10,68,183
12/06/2012,ANE,MN,AGL,CE,Federal Contract Tower,0,9,49,0,58,0,7,116,0,123,0,16,165,0,181,112,4,116,297
12/07/2012,ANE,MN,AGL,CE,Federal Contract Tower,0,7,32,0,39,0,4,67,0,71,0,11,99,0,110,78,0,78,188
12/08/2012,ANE,MN,AGL,CE,Federal Contract Tower,0,3,16,0,19,0,7,108,0,115,0,10,124,0,134,124,0,124,258
12/09/2012,ANE,MN,AGL,CE,Federal Contract Tower,0,0,0,0,0,0,0,0,0,0,0,0,0,0,0,0,0,0,0
12/10/2012,ANE,MN,AGL,CE,Federal Contract Tower,0,8,27,0,35,0,8,23,0,31,0,16,50,0,66,48,0,48,114
12/11/2012,ANE,MN,AGL,CE,Federal Contract Tower,0,7,42,1,50,0,2,17,2,21,0,9,59,3,71,66,2,68,139
12/12/2012,ANE,MN,AGL,CE,Federal Contract Tower,0,11,40,0,51,0,5,108,2,115,0,16,148,2,166,104,10,114,280
12/13/2012,ANE,MN,AGL,CE,Federal Contract Tower,0,7,29,0,36,0,2,104,1,107,0,9,133,1,143,116,6,122,265
12/14/2012,ANE,MN,AGL,CE,Federal Contract Tower,0,6,24,0,30,0,2,78,0,80,0,8,102,0,110,114,0,114,224
12/15/2012,ANE,MN,AGL,CE,Federal Contract Tower,0,6,19,0,25,0,5,68,0,73,0,11,87,0,98,74,0,74,172
12/16/2012,ANE,MN,AGL,CE,Federal Contract Tower,0,5,6,0,11,0,0,0,0,0,0,5,6,0,11,0,0,0,11
12/17/2012,ANE,MN,AGL,CE,Federal Contract Tower,0,9,29,0,38,0,0,1,0,1,0,9,30,0,39,8,0,8,47
12/18/2012,ANE,MN,AGL,CE,Federal Contract Tower,0,9,20,0,29,0,0,0,0,0,0,9,20,0,29,8,0,8,37
12/19/2012,ANE,MN,AGL,CE,Federal Contract Tower,0,7,55,1,63,0,1,43,2,46,0,8,98,3,109,110,32,142,251
12/20/2012,ANE,MN,AGL,CE,Federal Contract Tower,0,6,25,0,31,0,3,30,2,35,0,9,55,2,66,56,14,70,136
12/21/2012,ANE,MN,AGL,CE,Federal Contract Tower,0,10,37,0,47,0,4,123,0,127,0,14,160,0,174,88,0,88,262
12/22/2012,ANE,MN,AGL,CE,Federal Contract Tower,0,3,30,0,33,0,0,117,0,117,0,3,147,0,150,110,0,110,260
12/23/2012,ANE,MN,AGL,CE,Federal Contract Tower,0,3,8,0,11,0,2,83,0,85,0,5,91,0,96,122,0,122,218
12/24/2012,ANE,MN,AGL,CE,Federal Contract Tower,0,4,6,0,10,0,2,38,0,40,0,6,44,0,50,28,0,28,78
12/25/2012,ANE,MN,AGL,CE,Federal Contract Tower,0,0,2,0,2,0,4,16,0,20,0,4,18,0,22,8,0,8,30
12/26/2012,ANE,MN,AGL,CE,Federal Contract Tower,0,4,35,0,39,0,4,67,0,71,0,8,102,0,110,100,2,102,212
12/27/2012,ANE,MN,AGL,CE,Federal Contract Tower,0,4,11,0,15,0,2,53,0,55,0,6,64,0,70,78,0,78,148
12/28/2012,ANE,MN,AGL,CE,Federal Contract Tower,0,6,13,0,19,0,1,15,0,16,0,7,28,0,35,10,0,10,45
12/29/2012,ANE,MN,AGL,CE,Federal Contract Tower,0,3,6,0,9,0,1,25,0,26,0,4,31,0,35,52,0,52,87
12/30/2012,ANE,MN,AGL,CE,Federal Contract Tower,0,3,38,0,41,0,2,86,0,88,0,5,124,0,129,46,0,46,175
12/31/2012,ANE,MN,AGL,CE,Federal Contract Tower,0,9,8,0,17,0,3,54,0,57,0,12,62,0,74,48,0,48,122
01/01/2013,ANE,MN,AGL,CE,Federal Contract Tower,0,1,3,0,4,0,0,29,0,29,0,1,32,0,33,10,0,10,43
01/02/2013,ANE,MN,AGL,CE,Federal Contract Tower,0,7,15,0,22,0,0,2,0,2,0,7,17,0,24,0,0,0,24
01/03/2013,ANE,MN,AGL,CE,Federal Contract Tower,0,6,19,0,25,0,2,63,2,67,0,8,82,2,92,78,14,92,184
01/04/2013,ANE,MN,AGL,CE,Federal Contract Tower,0,4,19,0,23,0,2,117,0,119,0,6,136,0,142,138,12,150,292
01/05/2013,ANE,MN,AGL,CE,Federal Contract Tower,0,3,22,0,25,0,8,84,0,92,0,11,106,0,117,128,0,128,245
01/06/2013,ANE,MN,AGL,CE,Federal Contract Tower,0,5,22,0,27,0,4,120,0,124,0,9,142,0,151,146,0,146,297
01/07/2013,ANE,MN,AGL,CE,Federal Contract Tower,0,8,25,0,33,0,4,73,0,77,0,12,98,0,110,56,0,56,166
01/08/2013,ANE,MN,AGL,CE,Federal Contract Tower,0,9,29,0,38,0,20,64,2,86,0,29,93,2,124,74,0,74,198
01/09/2013,ANE,MN,AGL,CE,Federal Contract Tower,0,7,33,0,40,0,0,54,2,56,0,7,87,2,96,62,2,64,160
01/10/2013,ANE,MN,AGL,CE,Federal Contract Tower,0,6,31,0,37,0,0,70,0,70,0,6,101,0,107,42,0,42,149
01/11/2013,ANE,MN,AGL,CE,Federal Contract Tower,0,8,10,0,18,0,0,0,0,0,0,8,10,0,18,2,0,2,20
01/12/2013,ANE,MN,AGL,CE,Federal Contract Tower,0,5,13,0,18,0,0,7,0,7,0,5,20,0,25,12,0,12,37
01/13/2013,ANE,MN,AGL,CE,Federal Contract Tower,0,0,11,0,11,0,5,30,0,35,0,5,41,0,46,66,0,66,112
01/14/2013,ANE,MN,AGL,CE,Federal Contract Tower,0,8,40,0,48,0,4,69,0,73,0,12,109,0,121,110,0,110,231
01/15/2013,ANE,MN,AGL,CE,Federal Contract Tower,0,7,33,0,40,0,5,92,0,97,0,12,125,0,137,76,0,76,213
01/16/2013,ANE,MN,AGL,CE,Federal Contract Tower,0,8,20,0,28,0,10,37,2,49,0,18,57,2,77,40,0,40,117
01/17/2013,ANE,MN,AGL,CE,Federal Contract Tower,0,7,41,0,48,0,2,79,0,81,0,9,120,0,129,70,4,74,203
01/18/2013,ANE,MN,AGL,CE,Federal Contract Tower,0,6,28,0,34,0,6,139,0,145,0,12,167,0,179,204,2,206,385
01/19/2013,ANE,MN,AGL,CE,Federal Contract Tower,0,3,13,0,16,0,2,25,0,27,0,5,38,0,43,14,0,14,57
01/20/2013,ANE,MN,AGL,CE,Federal Contract Tower,0,0,19,0,19,0,5,31,0,36,0,5,50,0,55,18,0,18,73
01/21/2013,ANE,MN,AGL,CE,Federal Contract Tower,0,2,25,0,27,0,1,33,0,34,0,3,58,0,61,2,0,2,63
01/22/2013,ANE,MN,AGL,CE,Federal Contract Tower,0,11,36,0,47,0,0,32,0,32,0,11,68,0,79,40,0,40,119
01/23/2013,ANE,MN,AGL,CE,Federal Contract Tower,0,6,41,0,47,0,2,21,0,23,0,8,62,0,70,26,0,26,96
01/24/2013,ANE,MN,AGL,CE,Federal Contract Tower,0,8,32,0,40,0,4,46,4,54,0,12,78,4,94,36,10,46,140
01/25/2013,ANE,MN,AGL,CE,Federal Contract Tower,0,14,15,0,29,0,6,47,0,53,0,20,62,0,82,38,0,38,120
01/26/2013,ANE,MN,AGL,CE,Federal Contract Tower,0,8,39,0,47,0,4,105,0,109,0,12,144,0,156,82,0,82,238
01/27/2013,ANE,MN,AGL,CE,Federal Contract Tower,0,2,17,0,19,0,2,42,0,44,0,4,59,0,63,60,0,60,123
01/28/2013,ANE,MN,AGL,CE,Federal Contract Tower,0,15,11,0,26,0,0,0,0,0,0,15,11,0,26,0,0,0,26
01/29/2013,ANE,MN,AGL,CE,Federal Contract Tower,0,11,18,0,29,0,0,4,0,4,0,11,22,0,33,2,0,2,35
01/30/2013,ANE,MN,AGL,CE,Federal Contract Tower,0,9,30,0,39,0,0,20,0,20,0,9,50,0,59,6,0,6,65
01/31/2013,ANE,MN,AGL,CE,Federal Contract Tower,0,9,26,1,36,0,3,23,0,26,0,12,49,1,62,6,2,8,70
02/01/2013,ANE,MN,AGL,CE,Federal Contract Tower,0,4,31,0,35,0,0,30,0,30,0,4,61,0,65,22,0,22,87
02/02/2013,ANE,MN,AGL,CE,Federal Contract Tower,0,5,18,0,23,0,2,47,0,49,0,7,65,0,72,80,0,80,152
02/03/2013,ANE,MN,AGL,CE,Federal Contract Tower,0,3,20,0,23,0,0,63,0,63,0,3,83,0,86,108,0,108,194
02/04/2013,ANE,MN,AGL,CE,Federal Contract Tower,0,6,30,0,36,0,3,47,0,50,0,9,77,0,86,70,0,70,156
02/05/2013,ANE,MN,AGL,CE,Federal Contract Tower,0,8,21,0,29,0,6,35,0,41,0,14,56,0,70,74,4,78,148
02/06/2013,ANE,MN,AGL,CE,Federal Contract Tower,0,12,29,0,41,0,0,18,0,18,0,12,47,0,59,16,0,16,75
02/07/2013,ANE,MN,AGL,CE,Federal Contract Tower,0,6,20,0,26,0,2,8,5,15,0,8,28,5,41,2,24,26,67
02/08/2013,ANE,MN,AGL,CE,Federal Contract Tower,0,9,42,0,51,0,0,106,2,108,0,9,148,2,159,194,8,202,361
02/09/2013,ANE,MN,AGL,CE,Federal Contract Tower,0,7,17,0,24,0,4,12,0,16,0,11,29,0,40,8,0,8,48
02/10/2013,ANE,MN,AGL,CE,Federal Contract Tower,0,5,1,0,6,0,0,0,0,0,0,5,1,0,6,2,0,2,8
02/11/2013,ANE,MN,AGL,CE,Federal Contract Tower,0,8,25,0,33,0,6,20,0,26,0,14,45,0,59,30,0,30,89
02/12/2013,ANE,MN,AGL,CE,Federal Contract Tower,0,10,39,0,49,0,4,133,0,137,0,14,172,0,186,182,0,182,368
02/13/2013,ANE,MN,AGL,CE,Federal Contract Tower,0,7,37,0,44,0,0,96,0,96,0,7,133,0,140,92,0,92,232
02/14/2013,ANE,MN,AGL,CE,Federal Contract Tower,0,10,32,0,42,0,1,45,0,46,0,11,77,0,88,22,2,24,112
02/15/2013,ANE,MN,AGL,CE,Federal Contract Tower,0,5,35,0,40,0,2,65,0,67,0,7,100,0,107,38,2,40,147
02/16/2013,ANE,MN,AGL,CE,Federal Contract Tower,0,7,26,0,33,0,4,97,0,101,0,11,123,0,134,158,0,158,292
02/17/2013,ANE,MN,AGL,CE,Federal Contract Tower,0,0,26,0,26,0,2,71,0,73,0,2,97,0,99,36,0,36,135
02/18/2013,ANE,MN,AGL,CE,Federal Contract Tower,0,8,27,0,35,0,3,29,0,32,0,11,56,0,67,24,0,24,91
02/19/2013,ANE,MN,AGL,CE,Federal Contract Tower,0,7,33,0,40,0,0,44,0,44,0,7,77,0,84,46,0,46,130
02/20/2013,ANE,MN,AGL,CE,Federal Contract Tower,0,8,45,0,53,0,7,122,0,129,0,15,167,0,182,108,6,114,296
02/21/2013,ANE,MN,AGL,CE,Federal Contract Tower,0,3,36,0,39,0,1,86,0,87,0,4,122,0,126,66,0,66,192
02/22/2013,ANE,MN,AGL,CE,Federal Contract Tower,0,9,12,0,21,0,6,2,0,8,0,15,14,0,29,0,0,0,29
02/23/2013,ANE,MN,AGL,CE,Federal Contract Tower,0,3,7,0,10,0,0,42,0,42,0,3,49,0,52,66,0,66,118
02/24/2013,ANE,MN,AGL,CE,Federal Contract Tower,0,1,23,0,24,0,5,88,0,93,0,6,111,0,117,140,0,140,257
02/25/2013,ANE,MN,AGL,CE,Federal Contract Tower,0,9,33,0,42,0,4,70,0,74,0,13,103,0,116,134,0,134,250
02/26/2013,ANE,MN,AGL,CE,Federal Contract Tower,0,9,40,1,50,0,0,70,6,76,0,9,110,7,126,76,8,84,210
02/27/2013,ANE,MN,AGL,CE,Federal Contract Tower,0,5,20,0,25,0,6,79,0,85,0,11,99,0,110,72,0,72,182
02/28/2013,ANE,MN,AGL,CE,Federal Contract Tower,0,10,32,0,42,0,1,67,0,68,0,11,99,0,110,50,10,60,170
03/01/2013,ANE,MN,AGL,CE,Federal Contract Tower,0,7,31,0,38,0,1,61,0,62,0,8,92,0,100,112,0,112,212
03/02/2013,ANE,MN,AGL,CE,Federal Contract Tower,0,3,26,0,29,0,2,130,0,132,0,5,156,0,161,160,0,160,321
03/03/2013,ANE,MN,AGL,CE,Federal Contract Tower,0,2,27,0,29,0,2,126,0,128,0,4,153,0,157,132,0,132,289
03/04/2013,ANE,MN,AGL,CE,Federal Contract Tower,0,7,8,0,15,0,0,5,0,5,0,7,13,0,20,24,0,24,44
03/05/2013,ANE,MN,AGL,CE,Federal Contract Tower,0,6,9,0,15,0,2,6,0,8,0,8,15,0,23,8,0,8,31
03/06/2013,ANE,MN,AGL,CE,Federal Contract Tower,0,7,31,0,38,0,6,63,2,71,0,13,94,2,109,136,4,140,249
03/07/2013,ANE,MN,AGL,CE,Federal Contract Tower,0,7,36,0,43,0,4,86,1,91,0,11,122,1,134,81,8,89,223
03/08/2013,ANE,MN,AGL,CE,Federal Contract Tower,0,6,31,0,37,0,6,39,2,47,0,12,70,2,84,112,2,114,198
03/09/2013,ANE,MN,AGL,CE,Federal Contract Tower,0,2,5,0,7,0,0,0,0,0,0,2,5,0,7,0,0,0,7
03/10/2013,ANE,MN,AGL,CE,Federal Contract Tower,0,0,16,0,16,0,2,12,0,14,0,2,28,0,30,84,0,84,114
03/11/2013,ANE,MN,AGL,CE,Federal Contract Tower,0,9,22,0,31,0,2,29,0,31,0,11,51,0,62,70,0,70,132
03/12/2013,ANE,MN,AGL,CE,Federal Contract Tower,0,6,21,0,27,0,1,44,0,45,0,7,65,0,72,36,4,40,112
03/13/2013,ANE,MN,AGL,CE,Federal Contract Tower,0,9,43,0,52,0,8,142,0,150,0,17,185,0,202,198,0,198,400
03/14/2013,ANE,MN,AGL,CE,Federal Contract Tower,0,5,46,0,51,0,0,82,0,82,0,5,128,0,133,104,0,104,237
03/15/2013,ANE,MN,AGL,CE,Federal Contract Tower,0,7,18,0,25,0,0,3,0,3,0,7,21,0,28,14,0,14,42
03/16/2013,ANE,MN,AGL,CE,Federal Contract Tower,0,10,17,0,27,0,6,78,0,84,0,16,95,0,111,108,0,108,219
03/17/2013,ANE,MN,AGL,CE,Federal Contract Tower,0,0,24,0,24,0,3,64,0,67,0,3,88,0,91,74,0,74,165
03/18/2013,ANE,MN,AGL,CE,Federal Contract Tower,0,9,13,0,22,0,1,1,0,2,0,10,14,0,24,0,0,0,24
03/19/2013,ANE,MN,AGL,CE,Federal Contract Tower,0,9,37,0,46,0,5,95,2,102,0,14,132,2,148,70,6,76,224
03/20/2013,ANE,MN,AGL,CE,Federal Contract Tower,0,13,37,0,50,0,2,92,2,96,0,15,129,2,146,116,8,124,270
03/21/2013,ANE,MN,AGL,CE,Federal Contract Tower,0,7,31,0,38,0,4,154,0,158,0,11,185,0,196,136,0,136,332
03/22/2013,ANE,MN,AGL,CE,Federal Contract Tower,0,7,28,0,35,0,5,122,0,127,0,12,150,0,162,138,0,138,300
03/23/2013,ANE,MN,AGL,CE,Federal Contract Tower,0,7,32,0,39,0,4,123,0,127,0,11,155,0,166,182,0,182,348
03/24/2013,ANE,MN,AGL,CE,Federal Contract Tower,0,1,13,0,14,0,5,44,0,49,0,6,57,0,63,60,0,60,123
03/25/2013,ANE,MN,AGL,CE,Federal Contract Tower,0,7,31,0,38,0,0,55,0,55,0,7,86,0,93,86,0,86,179
03/26/2013,ANE,MN,AGL,CE,Federal Contract Tower,0,11,51,0,62,0,5,102,0,107,0,16,153,0,169,146,2,148,317
03/27/2013,ANE,MN,AGL,CE,Federal Contract Tower,0,6,46,0,52,0,4,152,0,156,0,10,198,0,208,188,0,188,396
03/28/2013,ANE,MN,AGL,CE,Federal Contract Tower,0,5,48,0,53,0,7,123,4,134,0,12,171,4,187,164,22,186,373
03/29/2013,ANE,MN,AGL,CE,Federal Contract Tower,0,5,53,0,58,0,8,122,1,131,0,13,175,1,189,144,6,150,339
03/30/2013,ANE,MN,AGL,CE,Federal Contract Tower,0,4,18,0,22,0,0,53,0,53,0,4,71,0,75,100,0,100,175
03/31/2013,ANE,MN,AGL,CE,Federal Contract Tower,0,0,10,0,10,0,5,6,0,11,0,5,16,0,21,14,0,14,35
04/01/2013,ANE,MN,AGL,CE,Federal Contract Tower,0,6,29,1,36,0,4,65,0,69,0,10,94,1,105,62,0,62,167
04/02/2013,ANE,MN,AGL,CE,Federal Contract Tower,0,4,30,0,34,0,9,129,0,138,0,13,159,0,172,146,0,146,318
04/03/2013,ANE,MN,AGL,CE,Federal Contract Tower,0,9,38,0,47,0,8,157,0,165,0,17,195,0,212,176,0,176,388
04/04/2013,ANE,MN,AGL,CE,Federal Contract Tower,0,6,44,0,50,0,14,126,0,140,0,20,170,0,190,100,6,106,296
04/05/2013,ANE,MN,AGL,CE,Federal Contract Tower,0,6,35,0,41,0,10,94,0,104,0,16,129,0,145,76,0,76,221
04/06/2013,ANE,MN,AGL,CE,Federal Contract Tower,0,2,9,0,11,0,2,53,0,55,0,4,62,0,66,114,0,114,180
04/07/2013,ANE,MN,AGL,CE,Federal Contract Tower,0,1,28,0,29,0,4,85,2,91,0,5,113,2,120,154,0,154,274
04/08/2013,ANE,MN,AGL,CE,Federal Contract Tower,0,10,76,0,86,0,0,3,0,3,0,10,79,0,89,14,0,14,103
04/09/2013,ANE,MN,AGL,CE,Federal Contract Tower,0,5,26,0,31,0,5,15,0,20,0,10,41,0,51,60,0,60,111
04/10/2013,ANE,MN,AGL,CE,Federal Contract Tower,0,6,16,0,22,0,2,59,2,63,0,8,75,2,85,58,2,60,145
04/11/2013,ANE,MN,AGL,CE,Federal Contract Tower,0,8,10,0,18,0,1,2,0,3,0,9,12,0,21,2,0,2,23
04/12/2013,ANE,MN,AGL,CE,Federal Contract Tower,0,10,19,0,29,0,1,34,0,35,0,11,53,0,64,88,2,90,154
04/13/2013,ANE,MN,AGL,CE,Federal Contract Tower,0,3,20,0,23,0,0,91,0,91,0,3,111,0,114,168,0,168,282
04/14/2013,ANE,MN,AGL,CE,Federal Contract Tower,0,3,2,0,5,0,0,4,0,4,0,3,6,0,9,18,0,18,27
04/15/2013,ANE,MN,AGL,CE,Federal Contract Tower,0,8,34,0,42,0,3,64,0,67,0,11,98,0,109,69,1,70,179
04/16/2013,ANE,MN,AGL,CE,Federal Contract Tower,0,7,49,0,56,0,3,99,0,102,0,10,148,0,158,192,0,192,350
04/17/2013,ANE,MN,AGL,CE,Federal Contract Tower,0,12,15,0,27,0,3,49,0,52,0,15,64,0,79,84,0,84,163
04/18/2013,ANE,MN,AGL,CE,Federal Contract Tower,0,5,7,0,12,0,0,2,0,2,0,5,9,0,14,0,0,0,14
04/19/2013,ANE,MN,AGL,CE,Federal Contract Tower,0,9,25,0,34,0,6,5,0,11,0,15,30,0,45,10,0,10,55
04/20/2013,ANE,MN,AGL,CE,Federal Contract Tower,0,5,23,0,28,0,3,82,0,85,0,8,105,0,113,116,1,117,230
04/21/2013,ANE,MN,AGL,CE,Federal Contract Tower,0,1,23,0,24,0,2,16,0,18,0,3,39,0,42,40,0,40,82
04/22/2013,ANE,MN,AGL,CE,Federal Contract Tower,0,6,16,0,22,0,0,13,0,13,0,6,29,0,35,39,0,39,74
04/23/2013,ANE,MN,AGL,CE,Federal Contract Tower,0,7,35,1,43,0,2,89,0,91,0,9,124,1,134,80,0,80,214
04/24/2013,ANE,MN,AGL,CE,Federal Contract Tower,0,13,22,0,35,0,0,42,0,42,0,13,64,0,77,46,0,46,123
04/25/2013,ANE,MN,AGL,CE,Federal Contract Tower,0,7,46,1,54,0,4,147,0,151,0,11,193,1,205,224,2,226,431
04/26/2013,ANE,MN,AGL,CE,Federal Contract Tower,0,8,22,0,30,0,3,157,3,163,0,11,179,3,193,164,2,166,359
04/27/2013,ANE,MN,AGL,CE,Federal Contract Tower,0,7,36,0,43,0,7,207,0,214,0,14,243,0,257,208,0,208,465
04/28/2013,ANE,MN,AGL,CE,Federal Contract Tower,0,2,26,0,28,0,4,105,0,109,0,6,131,0,137,144,0,144,281
04/29/2013,ANE,MN,AGL,CE,Federal Contract Tower,0,12,46,1,59,0,9,145,0,154,0,21,191,1,213,100,6,106,319
04/30/2013,ANE,MN,AGL,CE,Federal Contract Tower,0,10,36,0,46,0,3,51,2,56,0,13,87,2,102,50,14,64,166
05/01/2013,ANE,MN,AGL,CE,Federal Contract Tower,0,14,28,0,42,0,0,7,0,7,0,14,35,0,49,24,0,24,73
05/02/2013,ANE,MN,AGL,CE,Federal Contract Tower,0,6,32,1,39,0,2,44,2,48,0,8,76,3,87,106,2,108,195
05/03/2013,ANE,MN,AGL,CE,Federal Contract Tower,0,8,17,0,25,0,0,1,3,4,0,8,18,3,29,0,0,0,29
05/04/2013,ANE,MN,AGL,CE,Federal Contract Tower,0,2,32,0,34,0,0,15,0,15,0,2,47,0,49,42,0,42,91
05/05/2013,ANE,MN,AGL,CE,Federal Contract Tower,0,2,31,0,33,0,8,119,0,127,0,10,150,0,160,128,0,128,288
05/06/2013,ANE,MN,AGL,CE,Federal Contract Tower,0,8,36,0,44,0,8,191,0,199,0,16,227,0,243,184,0,184,427
05/07/2013,ANE,MN,AGL,CE,Federal Contract Tower,0,5,42,0,47,0,3,146,0,149,0,8,188,0,196,138,16,154,350
05/08/2013,ANE,MN,AGL,CE,Federal Contract Tower,0,11,45,0,56,0,3,87,2,92,0,14,132,2,148,154,52,206,354
05/09/2013,ANE,MN,AGL,CE,Federal Contract Tower,0,14,38,1,53,0,8,29,0,37,0,22,67,1,90,10,0,10,100
05/10/2013,ANE,MN,AGL,CE,Federal Contract Tower,0,10,34,0,44,0,11,161,0,172,0,21,195,0,216,116,0,116,332
05/11/2013,ANE,MN,AGL,CE,Federal Contract Tower,0,4,18,0,22,0,11,36,2,49,0,15,54,2,71,8,4,12,83
05/12/2013,ANE,MN,AGL,CE,Federal Contract Tower,0,1,31,0,32,0,3,84,0,87,0,4,115,0,119,90,0,90,209
05/13/2013,ANE,MN,AGL,CE,Federal Contract Tower,0,9,36,0,45,0,8,78,0,86,0,17,114,0,131,94,0,94,225
05/14/2013,ANE,MN,AGL,CE,Federal Contract Tower,0,11,35,0,46,0,13,96,2,111,0,24,131,2,157,106,6,112,269
05/15/2013,ANE,MN,AGL,CE,Federal Contract Tower,0,16,40,0,56,0,5,124,2,131,0,21,164,2,187,142,12,154,341
05/16/2013,ANE,MN,AGL,CE,Federal Contract Tower,0,11,40,0,51,0,12,174,0,186,0,23,214,0,237,180,0,180,417
05/17/2013,ANE,MN,AGL,CE,Federal Contract Tower,0,8,30,0,38,0,4,66,0,70,0,12,96,0,108,74,0,74,182
05/18/2013,ANE,MN,AGL,CE,Federal Contract Tower,0,1,26,0,27,0,3,65,0,68,0,4,91,0,95,52,0,52,147
05/19/2013,ANE,MN,AGL,CE,Federal Contract Tower,0,5,20,0,25,0,1,26,0,27,0,6,46,0,52,30,0,30,82
05/20/2013,ANE,MN,AGL,CE,Federal Contract Tower,0,12,47,0,59,0,4,60,0,64,0,16,107,0,123,40,0,40,163
05/21/2013,ANE,MN,AGL,CE,Federal Contract Tower,0,9,52,0,61,0,0,6,0,6,0,9,58,0,67,46,0,46,113
05/22/2013,ANE,MN,AGL,CE,Federal Contract Tower,0,12,67,0,79,0,3,11,0,14,0,15,78,0,93,22,0,22,115
05/23/2013,ANE,MN,AGL,CE,Federal Contract Tower,0,11,45,1,57,0,1,139,0,140,0,12,184,1,197,350,2,352,549
05/24/2013,ANE,MN,AGL,CE,Federal Contract Tower,0,11,41,0,52,0,6,138,0,144,0,17,179,0,196,196,0,196,392
05/25/2013,ANE,MN,AGL,CE,Federal Contract Tower,0,6,15,0,21,0,13,94,0,107,0,19,109,0,128,142,0,142,270
05/26/2013,ANE,MN,AGL,CE,Federal Contract Tower,0,0,14,0,14,0,5,67,0,72,0,5,81,0,86,106,0,106,192
05/27/2013,ANE,MN,AGL,CE,Federal Contract Tower,0,2,23,0,25,0,2,74,0,76,0,4,97,0,101,216,0,216,317
05/28/2013,ANE,MN,AGL,CE,Federal Contract Tower,0,8,60,2,70,0,7,10,0,17,0,15,70,2,87,12,0,12,99
05/29/2013,ANE,MN,AGL,CE,Federal Contract Tower,0,8,35,0,43,0,5,66,4,75,0,13,101,4,118,170,16,186,304
05/30/2013,ANE,MN,AGL,CE,Federal Contract Tower,0,11,42,0,53,0,8,51,0,59,0,19,93,0,112,70,0,70,182
05/31/2013,ANE,MN,AGL,CE,Federal Contract Tower,0,6,27,0,33,0,5,103,0,108,0,11,130,0,141,54,0,54,195
06/01/2013,ANE,MN,AGL,CE,Federal Contract Tower,0,2,21,0,23,0,7,186,0,193,0,9,207,0,216,202,0,202,418
06/02/2013,ANE,MN,AGL,CE,Federal Contract Tower,0,5,46,0,51,0,10,343,0,353,0,15,389,0,404,518,0,518,922
06/03/2013,ANE,MN,AGL,CE,Federal Contract Tower,0,15,45,0,60,0,8,183,0,191,0,23,228,0,251,300,0,300,551
06/04/2013,ANE,MN,AGL,CE,Federal Contract Tower,0,11,36,0,47,0,6,75,0,81,0,17,111,0,128,104,2,106,234
06/05/2013,ANE,MN,AGL,CE,Federal Contract Tower,0,6,50,0,56,0,0,6,0,6,0,6,56,0,62,2,0,2,64
06/06/2013,ANE,MN,AGL,CE,Federal Contract Tower,0,8,54,0,62,0,4,32,0,36,0,12,86,0,98,92,0,92,190
06/07/2013,ANE,MN,AGL,CE,Federal Contract Tower,0,6,53,0,59,0,4,92,0,96,0,10,145,0,155,98,0,98,253
06/08/2013,ANE,MN,AGL,CE,Federal Contract Tower,0,8,21,0,29,0,7,127,0,134,0,15,148,0,163,94,0,94,257
06/09/2013,ANE,MN,AGL,CE,Federal Contract Tower,0,7,23,0,30,0,1,6,0,7,0,8,29,0,37,0,0,0,37
06/10/2013,ANE,MN,AGL,CE,Federal Contract Tower,0,11,39,0,50,0,0,107,2,109,0,11,146,2,159,112,4,116,275
06/11/2013,ANE,MN,AGL,CE,Federal Contract Tower,0,13,42,0,55,0,7,130,0,137,0,20,172,0,192,252,0,252,444
06/12/2013,ANE,MN,AGL,CE,Federal Contract Tower,0,8,41,0,49,0,0,52,0,52,0,8,93,0,101,68,0,68,169
06/13/2013,ANE,MN,AGL,CE,Federal Contract Tower,0,9,49,0,58,0,6,169,0,175,0,15,218,0,233,198,0,198,431
06/14/2013,ANE,MN,AGL,CE,Federal Contract Tower,0,5,45,0,50,0,3,117,0,120,0,8,162,0,170,132,2,134,304
06/15/2013,ANE,MN,AGL,CE,Federal Contract Tower,0,5,28,0,33,0,1,61,0,62,0,6,89,0,95,110,0,110,205
06/16/2013,ANE,MN,AGL,CE,Federal Contract Tower,0,4,41,0,45,0,1,152,0,153,0,5,193,0,198,86,0,86,284
06/17/2013,ANE,MN,AGL,CE,Federal Contract Tower,0,10,36,0,46,0,11,120,0,131,0,21,156,0,177,156,0,156,333
06/18/2013,ANE,MN,AGL,CE,Federal Contract Tower,0,7,67,0,74,0,6,130,0,136,0,13,197,0,210,136,0,136,346
06/19/2013,ANE,MN,AGL,CE,Federal Contract Tower,0,9,49,1,59,0,7,160,0,167,0,16,209,1,226,124,0,124,350
06/20/2013,ANE,MN,AGL,CE,Federal Contract Tower,0,13,28,1,42,0,6,71,0,77,0,19,99,1,119,58,2,60,179
06/21/2013,ANE,MN,AGL,CE,Federal Contract Tower,0,7,37,0,44,0,4,53,0,57,0,11,90,0,101,64,2,66,167
06/22/2013,ANE,MN,AGL,CE,Federal Contract Tower,0,2,25,0,27,0,6,94,0,100,0,8,119,0,127,108,0,108,235
06/23/2013,ANE,MN,AGL,CE,Federal Contract Tower,0,3,26,0,29,0,5,73,0,78,0,8,99,0,107,68,0,68,175
06/24/2013,ANE,MN,AGL,CE,Federal Contract Tower,0,15,23,0,38,0,3,132,0,135,0,18,155,0,173,170,0,170,343
06/25/2013,ANE,MN,AGL,CE,Federal Contract Tower,0,11,44,0,55,0,5,157,4,166,0,16,201,4,221,198,8,206,427
06/26/2013,ANE,MN,AGL,CE,Federal Contract Tower,0,9,48,1,58,0,12,100,2,114,0,21,148,3,172,132,0,132,304
06/27/2013,ANE,MN,AGL,CE,Federal Contract Tower,0,9,47,0,56,0,4,91,0,95,0,13,138,0,151,78,0,78,229
06/28/2013,ANE,MN,AGL,CE,Federal Contract Tower,0,8,39,0,47,0,2,57,0,59,0,10,96,0,106,44,0,44,150
06/29/2013,ANE,MN,AGL,CE,Federal Contract Tower,0,3,26,0,29,0,5,61,0,66,0,8,87,0,95,68,0,68,163
06/30/2013,ANE,MN,AGL,CE,Federal Contract Tower,0,0,37,0,37,0,2,129,0,131,0,2,166,0,168,140,0,140,308
07/01/2013,ANE,MN,AGL,CE,Federal Contract Tower,0,10,22,0,32,0,11,131,0,142,0,21,153,0,174,138,0,138,312
07/02/2013,ANE,MN,AGL,CE,Federal Contract Tower,0,13,39,0,52,0,8,189,0,197,0,21,228,0,249,114,4,118,367
07/03/2013,ANE,MN,AGL,CE,Federal Contract Tower,0,8,36,0,44,0,11,141,0,152,0,19,177,0,196,154,12,166,362
07/04/2013,ANE,MN,AGL,CE,Federal Contract Tower,0,1,11,0,12,0,8,90,0,98,0,9,101,0,110,98,0,98,208
07/05/2013,ANE,MN,AGL,CE,Federal Contract Tower,0,10,19,0,29,0,9,78,0,87,0,19,97,0,116,70,0,70,186
07/06/2013,ANE,MN,AGL,CE,Federal Contract Tower,0,3,16,0,19,0,0,77,0,77,0,3,93,0,96,38,0,38,134
07/07/2013,ANE,MN,AGL,CE,Federal Contract Tower,0,3,30,0,33,0,5,78,0,83,0,8,108,0,116,62,0,62,178
07/08/2013,ANE,MN,AGL,CE,Federal Contract Tower,0,12,37,0,49,0,0,59,0,59,0,12,96,0,108,70,0,70,178
07/09/2013,ANE,MN,AGL,CE,Federal Contract Tower,0,9,38,0,47,0,2,48,2,52,0,11,86,2,99,46,0,46,145
07/10/2013,ANE,MN,AGL,CE,Federal Contract Tower,0,19,40,0,59,0,8,126,0,134,0,27,166,0,193,108,0,108,301
07/11/2013,ANE,MN,AGL,CE,Federal Contract Tower,0,7,60,0,67,0,10,132,2,144,0,17,192,2,211,66,0,66,277
07/12/2013,ANE,MN,AGL,CE,Federal Contract Tower,0,7,44,0,51,0,2,94,0,96,0,9,138,0,147,40,0,40,187
07/13/2013,ANE,MN,AGL,CE,Federal Contract Tower,0,7,22,0,29,0,1,79,0,80,0,8,101,0,109,96,0,96,205
07/14/2013,ANE,MN,AGL,CE,Federal Contract Tower,0,5,18,0,23,0,3,135,0,138,0,8,153,0,161,92,0,92,253
07/15/2013,ANE,MN,AGL,CE,Federal Contract Tower,0,11,38,0,49,0,22,119,0,141,0,33,157,0,190,174,0,174,364
07/16/2013,ANE,MN,AGL,CE,Federal Contract Tower,0,14,50,1,65,0,14,162,2,178,0,28,212,3,243,116,0,116,359
07/17/2013,ANE,MN,AGL,CE,Federal Contract Tower,0,13,45,0,58,0,17,145,0,162,0,30,190,0,220,164,0,164,384
07/18/2013,ANE,MN,AGL,CE,Federal Contract Tower,0,7,47,0,54,0,8,119,0,127,0,15,166,0,181,116,0,116,297
07/19/2013,ANE,MN,AGL,CE,Federal Contract Tower,0,10,41,0,51,0,21,121,0,142,0,31,162,0,193,114,0,114,307
07/20/2013,ANE,MN,AGL,CE,Federal Contract Tower,0,3,17,0,20,0,10,157,0,167,0,13,174,0,187,188,0,188,375
07/21/2013,ANE,MN,AGL,CE,Federal Contract Tower,0,1,30,0,31,0,4,98,0,102,0,5,128,0,133,168,0,168,301
07/22/2013,ANE,MN,AGL,CE,Federal Contract Tower,0,11,27,2,40,0,5,71,0,76,0,16,98,2,116,88,0,88,204
07/23/2013,ANE,MN,AGL,CE,Federal Contract Tower,0,10,49,0,59,0,10,154,2,166,0,20,203,2,225,190,10,200,425
07/24/2013,ANE,MN,AGL,CE,Federal Contract Tower,0,10,51,2,63,0,4,151,2,157,0,14,202,4,220,156,4,160,380
07/25/2013,ANE,MN,AGL,CE,Federal Contract Tower,0,11,55,0,66,0,4,122,0,126,0,15,177,0,192,124,2,126,318
07/26/2013,ANE,MN,AGL,CE,Federal Contract Tower,0,12,37,0,49,0,4,89,0,93,0,16,126,0,142,120,0,120,262
07/27/2013,ANE,MN,AGL,CE,Federal Contract Tower,0,3,23,0,26,0,4,84,0,88,0,7,107,0,114,66,0,66,180
07/28/2013,ANE,MN,AGL,CE,Federal Contract Tower,0,2,40,0,42,0,7,160,0,167,0,9,200,0,209,102,0,102,311
07/29/2013,ANE,MN,AGL,CE,Federal Contract Tower,0,8,30,0,38,0,9,89,0,98,0,17,119,0,136,124,0,124,260
07/30/2013,ANE,MN,AGL,CE,Federal Contract Tower,0,7,53,0,60,0,5,32,2,39,0,12,85,2,99,32,10,42,141
07/31/2013,ANE,MN,AGL,CE,Federal Contract Tower,0,13,60,0,73,0,2,88,0,90,0,15,148,0,163,150,0,150,313
08/01/2013,ANE,MN,AGL,CE,Federal Contract Tower,0,12,42,0,54,0,5,134,0,139,0,17,176,0,193,126,0,126,319
08/02/2013,ANE,MN,AGL,CE,Federal Contract Tower,0,9,40,0,49,0,3,137,0,140,0,12,177,0,189,184,0,184,373
08/03/2013,ANE,MN,AGL,CE,Federal Contract Tower,0,3,20,3,26,0,8,87,0,95,0,11,107,3,121,70,0,70,191
08/04/2013,ANE,MN,AGL,CE,Federal Contract Tower,0,14,38,0,52,0,3,140,0,143,0,17,178,0,195,76,0,76,271
08/05/2013,ANE,MN,AGL,CE,Federal Contract Tower,0,7,38,0,45,0,6,52,0,58,0,13,90,0,103,114,0,114,217
08/06/2013,ANE,MN,AGL,CE,Federal Contract Tower,0,5,34,0,39,0,3,55,2,60,0,8,89,2,99,144,4,148,247
08/07/2013,ANE,MN,AGL,CE,Federal Contract Tower,0,12,37,0,49,0,0,138,0,138,0,12,175,0,187,286,0,286,473
08/08/2013,ANE,MN,AGL,CE,Federal Contract Tower,0,13,58,0,71,0,8,140,0,148,0,21,198,0,219,242,0,242,461
08/09/2013,ANE,MN,AGL,CE,Federal Contract Tower,0,9,33,0,42,0,6,103,2,111,0,15,136,2,153,64,6,70,223
08/10/2013,ANE,MN,AGL,CE,Federal Contract Tower,0,8,19,0,27,0,15,159,0,174,0,23,178,0,201,104,0,104,305
08/11/2013,ANE,MN,AGL,CE,Federal Contract Tower,0,3,39,0,42,0,2,106,0,108,0,5,145,0,150,72,0,72,222
08/12/2013,ANE,MN,AGL,CE,Federal Contract Tower,0,10,25,0,35,0,4,96,0,100,0,14,121,0,135,96,0,96,231
08/13/2013,ANE,MN,AGL,CE,Federal Contract Tower,0,10,42,1,53,0,9,92,0,101,0,19,134,1,154,124,2,126,280
08/14/2013,ANE,MN,AGL,CE,Federal Contract Tower,0,9,36,0,45,0,10,125,2,137,0,19,161,2,182,178,2,180,362
08/15/2013,ANE,MN,AGL,CE,Federal Contract Tower,0,8,49,4,61,0,12,152,2,166,0,20,201,6,227,210,4,214,441
08/16/2013,ANE,MN,AGL,CE,Federal Contract Tower,0,9,45,0,54,0,4,148,2,154,0,13,193,2,208,122,2,124,332
08/17/2013,ANE,MN,AGL,CE,Federal Contract Tower,0,3,35,0,38,0,8,116,0,124,0,11,151,0,162,88,0,88,250
08/18/2013,ANE,MN,AGL,CE,Federal Contract Tower,0,2,21,0,23,0,8,106,0,114,0,10,127,0,137,68,0,68,205
08/19/2013,ANE,MN,AGL,CE,Federal Contract Tower,0,13,17,0,30,0,10,90,0,100,0,23,107,0,130,130,0,130,260
08/20/2013,ANE,MN,AGL,CE,Federal Contract Tower,0,9,35,1,45,0,5,93,0,98,0,14,128,1,143,162,0,162,305
08/21/2013,ANE,MN,AGL,CE,Federal Contract Tower,0,8,28,0,36,0,5,56,2,63,0,13,84,2,99,76,4,80,179
08/22/2013,ANE,MN,AGL,CE,Federal Contract Tower,0,16,28,0,44,0,1,106,0,107,0,17,134,0,151,62,0,62,213
08/23/2013,ANE,MN,AGL,CE,Federal Contract Tower,0,8,58,0,66,0,10,124,0,134,0,18,182,0,200,94,0,94,294
08/24/2013,ANE,MN,AGL,CE,Federal Contract Tower,0,4,11,0,15,0,1,51,0,52,0,5,62,0,67,64,0,64,131
08/25/2013,ANE,MN,AGL,CE,Federal Contract Tower,0,7,15,0,22,0,2,75,0,77,0,9,90,0,99,40,0,40,139
08/26/2013,ANE,MN,AGL,CE,Federal Contract Tower,0,7,48,0,55,0,2,55,0,57,0,9,103,0,112,50,0,50,162
08/27/2013,ANE,MN,AGL,CE,Federal Contract Tower,0,10,34,0,44,0,7,70,1,78,0,17,104,1,122,50,10,60,182
08/28/2013,ANE,MN,AGL,CE,Federal Contract Tower,0,11,44,1,56,0,7,90,0,97,0,18,134,1,153,76,6,82,235
08/29/2013,ANE,MN,AGL,CE,Federal Contract Tower,0,7,42,1,50,0,17,60,4,81,0,24,102,5,131,72,2,74,205
08/30/2013,ANE,MN,AGL,CE,Federal Contract Tower,0,8,42,0,50,0,7,82,0,89,0,15,124,0,139,68,0,68,207
08/31/2013,ANE,MN,AGL,CE,Federal Contract Tower,0,2,16,0,18,0,2,122,0,124,0,4,138,0,142,112,0,112,254
09/01/2013,ANE,MN,AGL,CE,Federal Contract Tower,0,0,20,0,20,0,5,83,0,88,0,5,103,0,108,84,0,84,192
09/02/2013,ANE,MN,AGL,CE,Federal Contract Tower,0,1,39,0,40,0,1,124,0,125,0,2,163,0,165,160,0,160,325
09/03/2013,ANE,MN,AGL,CE,Federal Contract Tower,0,11,43,0,54,0,0,77,0,77,0,11,120,0,131,74,0,74,205
09/04/2013,ANE,MN,AGL,CE,Federal Contract Tower,0,15,34,1,50,0,10,103,4,117,0,25,137,5,167,172,22,194,361
09/05/2013,ANE,MN,AGL,CE,Federal Contract Tower,0,9,62,0,71,0,11,105,0,116,0,20,167,0,187,142,0,142,329
09/06/2013,ANE,MN,AGL,CE,Federal Contract Tower,0,5,46,0,51,0,10,91,0,101,0,15,137,0,152,78,0,78,230
09/07/2013,ANE,MN,AGL,CE,Federal Contract Tower,0,2,15,0,17,0,18,112,0,130,0,20,127,0,147,86,0,86,233
09/08/2013,ANE,MN,AGL,CE,Federal Contract Tower,0,2,32,0,34,0,5,84,0,89,0,7,116,0,123,162,0,162,285
09/09/2013,ANE,MN,AGL,CE,Federal Contract Tower,0,10,28,0,38,0,6,24,0,30,0,16,52,0,68,52,0,52,120
09/10/2013,ANE,MN,AGL,CE,Federal Contract Tower,0,12,47,0,59,0,5,53,0,58,0,17,100,0,117,114,0,114,231
09/11/2013,ANE,MN,AGL,CE,Federal Contract Tower,0,8,42,0,50,0,3,82,0,85,0,11,124,0,135,104,0,104,239
09/12/2013,ANE,MN,AGL,CE,Federal Contract Tower,0,12,46,0,58,0,17,79,0,96,0,29,125,0,154,110,0,110,264
09/13/2013,ANE,MN,AGL,CE,Federal Contract Tower,0,7,38,0,45,0,3,156,0,159,0,10,194,0,204,236,0,236,440
09/14/2013,ANE,MN,AGL,CE,Federal Contract Tower,0,3,20,0,23,0,8,127,0,135,0,11,147,0,158,252,0,252,410
09/15/2013,ANE,MN,AGL,CE,Federal Contract Tower,0,5,27,0,32,0,4,111,0,115,0,9,138,0,147,142,0,142,289
09/16/2013,ANE,MN,AGL,CE,Federal Contract Tower,0,12,42,0,54,0,6,133,0,139,0,18,175,0,193,164,0,164,357
09/17/2013,ANE,MN,AGL,CE,Federal Contract Tower,0,11,62,0,73,0,4,82,0,86,0,15,144,0,159,20,0,20,179
09/18/2013,ANE,MN,AGL,CE,Federal Contract Tower,0,8,62,0,70,0,3,7,2,12,0,11,69,2,82,18,6,24,106
09/19/2013,ANE,MN,AGL,CE,Federal Contract Tower,0,6,44,0,50,0,3,41,0,44,0,9,85,0,94,76,0,76,170
09/20/2013,ANE,MN,AGL,CE,Federal Contract Tower,0,6,56,0,62,0,3,35,0,38,0,9,91,0,100,114,0,114,214
09/21/2013,ANE,MN,AGL,CE,Federal Contract Tower,0,5,18,0,23,0,10,87,0,97,0,15,105,0,120,58,0,58,178
09/22/2013,ANE,MN,AGL,CE,Federal Contract Tower,0,1,29,0,30,0,8,120,0,128,0,9,149,0,158,202,0,202,360
09/23/2013,ANE,MN,AGL,CE,Federal Contract Tower,0,13,43,2,58,0,8,112,0,120,0,21,155,2,178,64,0,64,242
09/24/2013,ANE,MN,AGL,CE,Federal Contract Tower,0,11,55,0,66,0,16,136,0,152,0,27,191,0,218,160,0,160,378
09/25/2013,ANE,MN,AGL,CE,Federal Contract Tower,0,9,42,0,51,0,2,127,0,129,0,11,169,0,180,104,0,104,284
09/26/2013,ANE,MN,AGL,CE,Federal Contract Tower,0,7,48,0,55,0,4,85,2,91,0,11,133,2,146,48,12,60,206
09/27/2013,ANE,MN,AGL,CE,Federal Contract Tower,0,6,39,0,45,0,4,71,0,75,0,10,110,0,120,12,0,12,132
09/28/2013,ANE,MN,AGL,CE,Federal Contract Tower,0,2,25,0,27,0,7,22,0,29,0,9,47,0,56,24,0,24,80
09/29/2013,ANE,MN,AGL,CE,Federal Contract Tower,0,3,33,0,36,0,7,156,0,163,0,10,189,0,199,118,0,118,317
09/30/2013,ANE,MN,AGL,CE,Federal Contract Tower,0,6,38,0,44,0,3,96,0,99,0,9,134,0,143,82,0,82,225
10/01/2013,ANE,MN,AGL,CE,Federal Contract Tower,0,10,38,0,48,0,2,93,0,95,0,12,131,0,143,106,0,106,249
10/02/2013,ANE,MN,AGL,CE,Federal Contract Tower,0,7,35,0,42,0,0,71,0,71,0,7,106,0,113,60,0,60,173
10/03/2013,ANE,MN,AGL,CE,Federal Contract Tower,0,6,37,0,43,0,0,2,0,2,0,6,39,0,45,4,0,4,49
10/04/2013,ANE,MN,AGL,CE,Federal Contract Tower,0,6,41,0,47,0,2,2,0,4,0,8,43,0,51,14,0,14,65
10/05/2013,ANE,MN,AGL,CE,Federal Contract Tower,0,5,25,0,30,0,2,4,0,6,0,7,29,0,36,26,0,26,62
10/06/2013,ANE,MN,AGL,CE,Federal Contract Tower,0,2,27,0,29,0,2,0,0,2,0,4,27,0,31,24,0,24,55
10/07/2013,ANE,MN,AGL,CE,Federal Contract Tower,0,5,23,0,28,0,5,126,0,131,0,10,149,0,159,192,0,192,351
10/08/2013,ANE,MN,AGL,CE,Federal Contract Tower,0,4,46,0,50,0,5,90,0,95,0,9,136,0,145,116,0,116,261
10/09/2013,ANE,MN,AGL,CE,Federal Contract Tower,0,7,57,0,64,0,6,123,0,129,0,13,180,0,193,144,0,144,337
10/10/2013,ANE,MN,AGL,CE,Federal Contract Tower,0,6,32,0,38,0,4,87,0,91,0,10,119,0,129,76,0,76,205
10/11/2013,ANE,MN,AGL,CE,Federal Contract Tower,0,5,17,0,22,0,4,28,0,32,0,9,45,0,54,0,0,0,54
10/12/2013,ANE,MN,AGL,CE,Federal Contract Tower,0,3,19,0,22,0,7,69,0,76,0,10,88,0,98,62,0,62,160
10/13/2013,ANE,MN,AGL,CE,Federal Contract Tower,0,0,26,0,26,0,1,113,0,114,0,1,139,0,140,170,0,170,310
10/14/2013,ANE,MN,AGL,CE,Federal Contract Tower,0,6,42,0,48,0,4,78,0,82,0,10,120,0,130,70,0,70,200
10/15/2013,ANE,MN,AGL,CE,Federal Contract Tower,0,6,45,0,51,0,0,0,0,0,0,6,45,0,51,12,0,12,63
10/16/2013,ANE,MN,AGL,CE,Federal Contract Tower,0,6,48,1,55,0,1,126,2,129,0,7,174,3,184,86,0,86,270
10/17/2013,ANE,MN,AGL,CE,Federal Contract Tower,0,12,44,0,56,0,5,80,0,85,0,17,124,0,141,62,0,62,203
10/18/2013,ANE,MN,AGL,CE,Federal Contract Tower,0,6,35,0,41,0,8,105,0,113,0,14,140,0,154,152,0,152,306
10/19/2013,ANE,MN,AGL,CE,Federal Contract Tower,0,2,29,0,31,0,5,28,0,33,0,7,57,0,64,64,0,64,128
10/20/2013,ANE,MN,AGL,CE,Federal Contract Tower,0,2,16,0,18,0,1,4,0,5,0,3,20,0,23,18,0,18,41
10/21/2013,ANE,MN,AGL,CE,Federal Contract Tower,0,12,39,0,51,0,5,34,0,39,0,17,73,0,90,28,0,28,118
10/22/2013,ANE,MN,AGL,CE,Federal Contract Tower,0,6,40,0,46,0,8,77,0,85,0,14,117,0,131,68,0,68,199
10/23/2013,ANE,MN,AGL,CE,Federal Contract Tower,0,8,42,0,50,0,5,49,0,54,0,13,91,0,104,52,0,52,156
10/24/2013,ANE,MN,AGL,CE,Federal Contract Tower,0,8,39,0,47,0,2,58,0,60,0,10,97,0,107,68,0,68,175
10/25/2013,ANE,MN,AGL,CE,Federal Contract Tower,0,6,31,0,37,0,2,73,2,77,0,8,104,2,114,90,0,90,204
10/26/2013,ANE,MN,AGL,CE,Federal Contract Tower,0,3,15,0,18,0,5,109,0,114,0,8,124,0,132,180,0,180,312
10/27/2013,ANE,MN,AGL,CE,Federal Contract Tower,0,1,28,0,29,0,5,156,0,161,0,6,184,0,190,154,0,154,344
10/28/2013,ANE,MN,AGL,CE,Federal Contract Tower,0,9,37,0,46,0,7,100,0,107,0,16,137,0,153,116,0,116,269
10/29/2013,ANE,MN,AGL,CE,Federal Contract Tower,0,10,38,0,48,0,6,51,2,59,0,16,89,2,107,86,0,86,193
10/30/2013,ANE,MN,AGL,CE,Federal Contract Tower,0,8,30,0,38,0,0,0,0,0,0,8,30,0,38,2,0,2,40
10/31/2013,ANE,MN,AGL,CE,Federal Contract Tower,0,6,37,1,44,0,1,0,0,1,0,7,37,1,45,2,2,4,49
11/01/2013,ANE,MN,AGL,CE,Federal Contract Tower,0,5,23,0,28,0,10,68,1,79,0,15,91,1,107,78,6,84,191
11/02/2013,ANE,MN,AGL,CE,Federal Contract Tower,0,2,28,0,30,0,0,148,0,148,0,2,176,0,178,102,0,102,280
11/03/2013,ANE,MN,AGL,CE,Federal Contract Tower,0,3,19,0,22,0,5,20,0,25,0,8,39,0,47,14,0,14,61
11/04/2013,ANE,MN,AGL,CE,Federal Contract Tower,0,9,27,0,36,0,10,39,0,49,0,19,66,0,85,94,0,94,179
11/05/2013,ANE,MN,AGL,CE,Federal Contract Tower,0,4,54,0,58,0,3,64,0,67,0,7,118,0,125,110,2,112,237
11/06/2013,ANE,MN,AGL,CE,Federal Contract Tower,0,11,49,0,60,0,9,90,0,99,0,20,139,0,159,104,0,104,263
11/07/2013,ANE,MN,AGL,CE,Federal Contract Tower,0,8,57,0,65,0,8,78,0,86,0,16,135,0,151,78,0,78,229
11/08/2013,ANE,MN,AGL,CE,Federal Contract Tower,0,6,30,0,36,0,7,38,1,46,0,13,68,1,82,56,16,72,154
11/09/2013,ANE,MN,AGL,CE,Federal Contract Tower,0,2,5,0,7,0,2,30,0,32,0,4,35,0,39,38,0,38,77
11/10/2013,ANE,MN,AGL,CE,Federal Contract Tower,0,2,23,0,25,0,4,141,0,145,0,6,164,0,170,234,0,234,404
11/11/2013,ANE,MN,AGL,CE,Federal Contract Tower,0,4,37,0,41,0,4,68,0,72,0,8,105,0,113,80,0,80,193
11/12/2013,ANE,MN,AGL,CE,Federal Contract Tower,0,16,59,0,75,0,8,107,6,121,0,24,166,6,196,164,10,174,370
11/13/2013,ANE,MN,AGL,CE,Federal Contract Tower,0,7,32,0,39,0,3,63,4,70,0,10,95,4,109,38,10,48,157
11/14/2013,ANE,MN,AGL,CE,Federal Contract Tower,0,6,54,0,60,0,2,77,1,80,0,8,131,1,140,72,34,106,246
11/15/2013,ANE,MN,AGL,CE,Federal Contract Tower,0,8,30,0,38,0,1,87,0,88,0,9,117,0,126,88,0,88,214
11/16/2013,ANE,MN,AGL,CE,Federal Contract Tower,0,5,19,0,24,0,2,9,0,11,0,7,28,0,35,56,0,56,91
11/17/2013,ANE,MN,AGL,CE,Federal Contract Tower,0,1,14,0,15,0,0,7,0,7,0,1,21,0,22,16,0,16,38
11/18/2013,ANE,MN,AGL,CE,Federal Contract Tower,0,6,38,0,44,0,0,54,0,54,0,6,92,0,98,64,0,64,162
11/19/2013,ANE,MN,AGL,CE,Federal Contract Tower,0,10,42,0,52,0,4,41,0,45,0,14,83,0,97,34,0,34,131
11/20/2013,ANE,MN,AGL,CE,Federal Contract Tower,0,5,50,0,55,0,2,63,0,65,0,7,113,0,120,54,0,54,174
11/21/2013,ANE,MN,AGL,CE,Federal Contract Tower,0,4,35,0,39,0,0,0,2,2,0,4,35,2,41,0,4,4,45
11/22/2013,ANE,MN,AGL,CE,Federal Contract Tower,0,5,43,0,48,0,4,97,2,103,0,9,140,2,151,74,18,92,243
11/23/2013,ANE,MN,AGL,CE,Federal Contract Tower,0,1,25,0,26,0,2,87,0,89,0,3,112,0,115,126,0,126,241
11/24/2013,ANE,MN,AGL,CE,Federal Contract Tower,0,1,27,0,28,0,2,54,0,56,0,3,81,0,84,94,0,94,178
11/25/2013,ANE,MN,AGL,CE,Federal Contract Tower,0,6,30,0,36,0,6,61,0,67,0,12,91,0,103,60,0,60,163
11/26/2013,ANE,MN,AGL,CE,Federal Contract Tower,0,5,39,1,45,0,10,70,0,80,0,15,109,1,125,64,2,66,191
11/27/2013,ANE,MN,AGL,CE,Federal Contract Tower,0,6,50,0,56,0,3,110,0,113,0,9,160,0,169,130,0,130,299
11/28/2013,ANE,MN,AGL,CE,Federal Contract Tower,0,0,6,0,6,0,2,10,0,12,0,2,16,0,18,0,0,0,18
11/29/2013,ANE,MN,AGL,CE,Federal Contract Tower,0,5,20,0,25,0,7,88,0,95,0,12,108,0,120,132,0,132,252
11/30/2013,ANE,MN,AGL,CE,Federal Contract Tower,0,2,17,0,19,0,0,121,0,121,0,2,138,0,140,150,0,150,290
12/01/2013,ANE,MN,AGL,CE,Federal Contract Tower,0,3,41,0,44,0,0,87,0,87,0,3,128,0,131,186,0,186,317
12/02/2013,ANE,MN,AGL,CE,Federal Contract Tower,0,6,23,0,29,0,0,6,0,6,0,6,29,0,35,0,0,0,35
12/03/2013,ANE,MN,AGL,CE,Federal Contract Tower,0,5,14,0,19,0,0,1,0,1,0,5,15,0,20,2,0,2,22
12/04/2013,ANE,MN,AGL,CE,Federal Contract Tower,0,4,5,0,9,0,0,0,0,0,0,4,5,0,9,0,0,0,9
12/05/2013,ANE,MN,AGL,CE,Federal Contract Tower,0,9,14,0,23,0,8,15,3,26,0,17,29,3,49,20,0,20,69
12/06/2013,ANE,MN,AGL,CE,Federal Contract Tower,0,9,19,0,28,0,1,38,0,39,0,10,57,0,67,30,0,30,97
12/07/2013,ANE,MN,AGL,CE,Federal Contract Tower,0,2,8,0,10,0,0,45,0,45,0,2,53,0,55,76,0,76,131
12/08/2013,ANE,MN,AGL,CE,Federal Contract Tower,0,2,15,0,17,0,0,0,0,0,0,2,15,0,17,6,0,6,23
12/09/2013,ANE,MN,AGL,CE,Federal Contract Tower,0,6,35,0,41,0,4,19,0,23,0,10,54,0,64,2,0,2,66
12/10/2013,ANE,MN,AGL,CE,Federal Contract Tower,0,3,49,0,52,0,3,45,4,52,0,6,94,4,104,122,20,142,246
12/11/2013,ANE,MN,AGL,CE,Federal Contract Tower,0,9,33,0,42,0,2,27,0,29,0,11,60,0,71,50,0,50,121
12/12/2013,ANE,MN,AGL,CE,Federal Contract Tower,0,8,58,0,66,0,7,101,0,108,0,15,159,0,174,78,0,78,252
12/13/2013,ANE,MN,AGL,CE,Federal Contract Tower,0,8,37,0,45,0,6,60,4,70,0,14,97,4,115,76,0,76,191
12/14/2013,ANE,MN,AGL,CE,Federal Contract Tower,0,0,22,0,22,0,0,13,0,13,0,0,35,0,35,22,2,24,59
12/15/2013,ANE,MN,AGL,CE,Federal Contract Tower,0,3,20,0,23,0,2,50,0,52,0,5,70,0,75,64,0,64,139
12/16/2013,ANE,MN,AGL,CE,Federal Contract Tower,0,5,33,0,38,0,2,3,0,5,0,7,36,0,43,0,0,0,43
12/17/2013,ANE,MN,AGL,CE,Federal Contract Tower,0,6,53,0,59,0,2,31,2,35,0,8,84,2,94,68,4,72,166
12/18/2013,ANE,MN,AGL,CE,Federal Contract Tower,0,17,49,0,66,0,4,106,0,110,0,21,155,0,176,174,0,174,350
12/19/2013,ANE,MN,AGL,CE,Federal Contract Tower,0,9,42,0,51,0,2,60,0,62,0,11,102,0,113,94,0,94,207
12/20/2013,ANE,MN,AGL,CE,Federal Contract Tower,0,4,27,0,31,0,1,49,0,50,0,5,76,0,81,42,0,42,123
12/21/2013,ANE,MN,AGL,CE,Federal Contract Tower,0,2,12,0,14,0,6,62,0,68,0,8,74,0,82,108,0,108,190
12/22/2013,ANE,MN,AGL,CE,Federal Contract Tower,0,4,12,0,16,0,0,2,0,2,0,4,14,0,18,0,0,0,18
12/23/2013,ANE,MN,AGL,CE,Federal Contract Tower,0,7,27,0,34,0,2,23,0,25,0,9,50,0,59,56,0,56,115
12/24/2013,ANE,MN,AGL,CE,Federal Contract Tower,0,6,6,0,12,0,2,4,0,6,0,8,10,0,18,0,0,0,18
12/25/2013,ANE,MN,AGL,CE,Federal Contract Tower,0,3,3,0,6,0,1,2,0,3,0,4,5,0,9,0,0,0,9
12/26/2013,ANE,MN,AGL,CE,Federal Contract Tower,0,4,23,1,28,0,2,32,0,34,0,6,55,1,62,44,0,44,106
12/27/2013,ANE,MN,AGL,CE,Federal Contract Tower,0,5,25,0,30,0,2,89,0,91,0,7,114,0,121,72,0,72,193
12/28/2013,ANE,MN,AGL,CE,Federal Contract Tower,0,1,27,0,28,0,5,102,0,107,0,6,129,0,135,146,0,146,281
12/29/2013,ANE,MN,AGL,CE,Federal Contract Tower,0,0,10,0,10,0,4,27,0,31,0,4,37,0,41,18,0,18,59
12/30/2013,ANE,MN,AGL,CE,Federal Contract Tower,0,5,15,0,20,0,1,0,0,1,0,6,15,0,21,16,0,16,37
12/31/2013,ANE,MN,AGL,CE,Federal Contract Tower,0,6,24,0,30,0,1,30,0,31,0,7,54,0,61,26,0,26,87
01/01/2014,ANE,MN,AGL,CE,Federal Contract Tower,0,0,12,0,12,0,0,12,0,12,0,0,24,0,24,38,0,38,62
01/02/2014,ANE,MN,AGL,CE,Federal Contract Tower,0,5,17,1,23,0,9,45,0,54,0,14,62,1,77,30,2,32,109
01/03/2014,ANE,MN,AGL,CE,Federal Contract Tower,0,7,13,0,20,0,0,7,0,7,0,7,20,0,27,0,0,0,27
01/04/2014,ANE,MN,AGL,CE,Federal Contract Tower,0,4,10,1,15,3,10,19,0,32,3,14,29,1,47,30,2,32,79
01/05/2014,ANE,MN,AGL,CE,Federal Contract Tower,0,1,5,0,6,0,4,7,0,11,0,5,12,0,17,0,0,0,17
01/06/2014,ANE,MN,AGL,CE,Federal Contract Tower,0,8,14,0,22,0,3,2,0,5,0,11,16,0,27,0,0,0,27
01/07/2014,ANE,MN,AGL,CE,Federal Contract Tower,0,11,24,1,36,0,4,11,0,15,0,15,35,1,51,12,2,14,65
01/08/2014,ANE,MN,AGL,CE,Federal Contract Tower,0,5,24,0,29,0,2,21,0,23,0,7,45,0,52,12,0,12,64
01/09/2014,ANE,MN,AGL,CE,Federal Contract Tower,0,5,26,0,31,0,5,69,0,74,0,10,95,0,105,64,0,64,169
01/10/2014,ANE,MN,AGL,CE,Federal Contract Tower,0,7,18,0,25,0,0,0,0,0,0,7,18,0,25,0,0,0,25
01/11/2014,ANE,MN,AGL,CE,Federal Contract Tower,0,7,9,0,16,0,5,48,0,53,0,12,57,0,69,78,0,78,147
01/12/2014,ANE,MN,AGL,CE,Federal Contract Tower,0,0,21,0,21,0,5,106,2,113,0,5,127,2,134,112,0,112,246
01/13/2014,ANE,MN,AGL,CE,Federal Contract Tower,0,13,18,0,31,0,8,62,0,70,0,21,80,0,101,102,0,102,203
01/14/2014,ANE,MN,AGL,CE,Federal Contract Tower,0,6,27,0,33,0,4,5,0,9,0,10,32,0,42,2,0,2,44
01/15/2014,ANE,MN,AGL,CE,Federal Contract Tower,0,6,21,0,27,0,2,21,0,23,0,8,42,0,50,58,0,58,108
01/16/2014,ANE,MN,AGL,CE,Federal Contract Tower,0,13,14,0,27,0,0,5,0,5,0,13,19,0,32,0,0,0,32
01/17/2014,ANE,MN,AGL,CE,Federal Contract Tower,0,4,41,0,45,0,10,90,0,100,0,14,131,0,145,52,0,52,197
01/18/2014,ANE,MN,AGL,CE,Federal Contract Tower,0,1,9,0,10,0,4,30,0,34,0,5,39,0,44,48,0,48,92
01/19/2014,ANE,MN,AGL,CE,Federal Contract Tower,0,4,28,0,32,0,6,139,0,145,0,10,167,0,177,136,0,136,313
01/20/2014,ANE,MN,AGL,CE,Federal Contract Tower,0,4,23,0,27,0,3,13,0,16,0,7,36,0,43,8,0,8,51
01/21/2014,ANE,MN,AGL,CE,Federal Contract Tower,0,5,46,1,52,0,2,31,0,33,0,7,77,1,85,27,0,27,112
01/22/2014,ANE,MN,AGL,CE,Federal Contract Tower,0,7,37,0,44,0,4,10,0,14,0,11,47,0,58,12,0,12,70
01/23/2014,ANE,MN,AGL,CE,Federal Contract Tower,0,6,54,1,61,0,5,16,0,21,0,11,70,1,82,24,2,26,108
01/24/2014,ANE,MN,AGL,CE,Federal Contract Tower,0,8,25,0,33,0,0,30,0,30,0,8,55,0,63,54,0,54,117
01/25/2014,ANE,MN,AGL,CE,Federal Contract Tower,0,6,14,0,20,0,0,52,0,52,0,6,66,0,72,62,0,62,134
01/26/2014,ANE,MN,AGL,CE,Federal Contract Tower,0,2,14,0,16,0,1,0,0,1,0,3,14,0,17,0,0,0,17
01/27/2014,ANE,MN,AGL,CE,Federal Contract Tower,0,3,18,0,21,0,3,7,0,10,0,6,25,0,31,0,0,0,31
01/28/2014,ANE,MN,AGL,CE,Federal Contract Tower,0,6,29,0,35,0,3,16,0,19,0,9,45,0,54,4,12,16,70
01/29/2014,ANE,MN,AGL,CE,Federal Contract Tower,0,11,30,0,41,0,6,61,0,67,0,17,91,0,108,56,0,56,164
01/30/2014,ANE,MN,AGL,CE,Federal Contract Tower,0,7,21,0,28,0,0,12,0,12,0,7,33,0,40,14,0,14,54
01/31/2014,ANE,MN,AGL,CE,Federal Contract Tower,0,5,29,0,34,0,16,49,0,65,0,21,78,0,99,54,0,54,153
02/01/2014,ANE,MN,AGL,CE,Federal Contract Tower,0,2,18,0,20,0,8,59,0,67,0,10,77,0,87,108,0,108,195
02/02/2014,ANE,MN,AGL,CE,Federal Contract Tower,0,0,29,0,29,0,0,69,0,69,0,0,98,0,98,54,0,54,152
02/03/2014,ANE,MN,AGL,CE,Federal Contract Tower,0,6,27,0,33,0,3,47,0,50,0,9,74,0,83,62,0,62,145
02/04/2014,ANE,MN,AGL,CE,Federal Contract Tower,0,3,34,0,37,0,6,48,2,56,0,9,82,2,93,36,22,58,151
02/05/2014,ANE,MN,AGL,CE,Federal Contract Tower,0,10,21,0,31,0,3,17,0,20,0,13,38,0,51,10,0,10,61
02/06/2014,ANE,MN,AGL,CE,Federal Contract Tower,0,8,39,1,48,0,1,42,0,43,0,9,81,1,91,44,2,46,137
02/07/2014,ANE,MN,AGL,CE,Federal Contract Tower,0,6,36,0,42,0,8,66,0,74,0,14,102,0,116,78,0,78,194
02/08/2014,ANE,MN,AGL,CE,Federal Contract Tower,0,1,19,0,20,0,5,39,2,46,0,6,58,2,66,108,4,112,178
02/09/2014,ANE,MN,AGL,CE,Federal Contract Tower,0,3,22,0,25,0,8,51,0,59,0,11,73,0,84,60,0,60,144
02/10/2014,ANE,MN,AGL,CE,Federal Contract Tower,0,9,33,0,42,0,3,49,0,52,0,12,82,0,94,42,0,42,136
02/11/2014,ANE,MN,AGL,CE,Federal Contract Tower,0,8,45,0,53,0,2,39,0,41,0,10,84,0,94,50,0,50,144
02/12/2014,ANE,MN,AGL,CE,Federal Contract Tower,0,7,45,0,52,0,4,29,1,34,0,11,74,1,86,38,18,56,142
02/13/2014,ANE,MN,AGL,CE,Federal Contract Tower,0,4,25,0,29,0,4,2,0,6,0,8,27,0,35,8,0,8,43
02/14/2014,ANE,MN,AGL,CE,Federal Contract Tower,0,11,41,0,52,0,5,65,0,70,0,16,106,0,122,54,0,54,176
02/15/2014,ANE,MN,AGL,CE,Federal Contract Tower,0,6,7,0,13,0,0,7,0,7,0,6,14,0,20,10,0,10,30
02/16/2014,ANE,MN,AGL,CE,Federal Contract Tower,0,3,26,0,29,0,6,89,0,95,0,9,115,0,124,126,0,126,250
02/17/2014,ANE,MN,AGL,CE,Federal Contract Tower,0,5,15,0,20,0,0,3,0,3,0,5,18,0,23,0,0,0,23
02/18/2014,ANE,MN,AGL,CE,Federal Contract Tower,0,9,67,0,76,0,2,88,0,90,0,11,155,0,166,86,0,86,252
02/19/2014,ANE,MN,AGL,CE,Federal Contract Tower,0,8,55,0,63,0,1,59,0,60,0,9,114,0,123,84,0,84,207
02/20/2014,ANE,MN,AGL,CE,Federal Contract Tower,0,7,7,0,14,0,0,0,0,0,0,7,7,0,14,0,0,0,14
02/21/2014,ANE,MN,AGL,CE,Federal Contract Tower,0,10,4,0,14,0,6,3,0,9,0,16,7,0,23,0,0,0,23
02/22/2014,ANE,MN,AGL,CE,Federal Contract Tower,0,1,27,0,28,0,3,24,0,27,0,4,51,0,55,88,0,88,143
02/23/2014,ANE,MN,AGL,CE,Federal Contract Tower,0,1,21,2,24,0,13,63,0,76,0,14,84,2,100,126,2,128,228
02/24/2014,ANE,MN,AGL,CE,Federal Contract Tower,0,5,37,0,42,0,5,55,0,60,0,10,92,0,102,88,0,88,190
02/25/2014,ANE,MN,AGL,CE,Federal Contract Tower,0,4,50,0,54,0,5,46,0,51,0,9,96,0,105,42,0,42,147
02/26/2014,ANE,MN,AGL,CE,Federal Contract Tower,0,7,24,0,31,0,3,7,0,10,0,10,31,0,41,22,0,22,63
02/27/2014,ANE,MN,AGL,CE,Federal Contract Tower,0,10,35,0,45,0,4,21,0,25,0,14,56,0,70,24,0,24,94
02/28/2014,ANE,MN,AGL,CE,Federal Contract Tower,0,5,40,2,47,0,4,30,0,34,0,9,70,2,81,90,0,90,171
03/01/2014,ANE,MN,AGL,CE,Federal Contract Tower,0,2,21,0,23,0,5,30,0,35,0,7,51,0,58,82,0,82,140
03/02/2014,ANE,MN,AGL,CE,Federal Contract Tower,0,2,18,0,20,0,1,44,0,45,0,3,62,0,65,40,0,40,105
03/03/2014,ANE,MN,AGL,CE,Federal Contract Tower,0,8,23,0,31,0,5,43,0,48,0,13,66,0,79,66,0,66,145
03/04/2014,ANE,MN,AGL,CE,Federal Contract Tower,0,15,36,0,51,0,4,41,0,45,0,19,77,0,96,54,0,54,150
03/05/2014,ANE,MN,AGL,CE,Federal Contract Tower,0,8,48,2,58,0,3,55,10,68,0,11,103,12,126,104,28,132,258
03/06/2014,ANE,MN,AGL,CE,Federal Contract Tower,0,11,34,0,45,0,2,32,0,34,0,13,66,0,79,12,0,12,91
03/07/2014,ANE,MN,AGL,CE,Federal Contract Tower,0,3,18,0,21,0,5,6,0,11,0,8,24,0,32,70,0,70,102
03/08/2014,ANE,MN,AGL,CE,Federal Contract Tower,0,3,30,0,33,0,1,101,0,102,0,4,131,0,135,174,0,174,309
03/09/2014,ANE,MN,AGL,CE,Federal Contract Tower,0,5,23,0,28,0,12,107,0,119,0,17,130,0,147,164,0,164,311
03/10/2014,ANE,MN,AGL,CE,Federal Contract Tower,0,6,54,0,60,0,4,50,0,54,0,10,104,0,114,38,0,38,152
03/11/2014,ANE,MN,AGL,CE,Federal Contract Tower,0,5,64,0,69,0,4,39,5,48,0,9,103,5,117,32,2,34,151
03/12/2014,ANE,MN,AGL,CE,Federal Contract Tower,0,7,47,0,54,0,0,83,2,85,0,7,130,2,139,64,0,64,203
03/13/2014,ANE,MN,AGL,CE,Federal Contract Tower,0,10,45,0,55,0,5,95,0,100,0,15,140,0,155,154,6,160,315
03/14/2014,ANE,MN,AGL,CE,Federal Contract Tower,0,10,27,0,37,0,6,20,0,26,0,16,47,0,63,20,0,20,83
03/15/2014,ANE,MN,AGL,CE,Federal Contract Tower,0,2,21,0,23,0,2,80,0,82,0,4,101,0,105,124,0,124,229
03/16/2014,ANE,MN,AGL,CE,Federal Contract Tower,0,3,30,0,33,0,3,101,0,104,0,6,131,0,137,170,0,170,307
03/17/2014,ANE,MN,AGL,CE,Federal Contract Tower,0,5,20,0,25,0,1,30,0,31,0,6,50,0,56,64,0,64,120
03/18/2014,ANE,MN,AGL,CE,Federal Contract Tower,0,9,17,0,26,0,3,21,0,24,0,12,38,0,50,20,0,20,70
03/19/2014,ANE,MN,AGL,CE,Federal Contract Tower,0,5,27,1,33,0,6,32,1,39,0,11,59,2,72,38,0,38,110
03/20/2014,ANE,MN,AGL,CE,Federal Contract Tower,0,5,37,1,43,0,3,99,0,102,0,8,136,1,145,92,0,92,237
03/21/2014,ANE,MN,AGL,CE,Federal Contract Tower,0,9,19,0,28,0,10,17,0,27,0,19,36,0,55,16,0,16,71
03/22/2014,ANE,MN,AGL,CE,Federal Contract Tower,0,1,19,0,20,0,2,80,2,84,0,3,99,2,104,54,2,56,160
03/23/2014,ANE,MN,AGL,CE,Federal Contract Tower,0,0,27,0,27,0,4,74,0,78,0,4,101,0,105,132,0,132,237
03/24/2014,ANE,MN,AGL,CE,Federal Contract Tower,0,5,34,0,39,0,2,24,0,26,0,7,58,0,65,24,0,24,89
03/25/2014,ANE,MN,AGL,CE,Federal Contract Tower,0,7,56,1,64,0,6,72,0,78,0,13,128,1,142,84,2,86,228
03/26/2014,ANE,MN,AGL,CE,Federal Contract Tower,0,6,43,0,49,0,5,47,0,52,0,11,90,0,101,26,0,26,127
03/27/2014,ANE,MN,AGL,CE,Federal Contract Tower,0,6,23,0,29,0,0,0,0,0,0,6,23,0,29,0,0,0,29
03/28/2014,ANE,MN,AGL,CE,Federal Contract Tower,0,7,29,0,36,0,4,80,0,84,0,11,109,0,120,76,0,76,196
03/29/2014,ANE,MN,AGL,CE,Federal Contract Tower,0,1,16,0,17,0,4,104,0,108,0,5,120,0,125,122,0,122,247
03/30/2014,ANE,MN,AGL,CE,Federal Contract Tower,0,0,32,0,32,0,5,97,0,102,0,5,129,0,134,212,0,212,346
03/31/2014,ANE,MN,AGL,CE,Federal Contract Tower,0,8,21,0,29,0,3,17,2,22,0,11,38,2,51,28,4,32,83
04/01/2014,ANE,MN,AGL,CE,Federal Contract Tower,0,11,31,0,42,0,4,28,2,34,0,15,59,2,76,40,6,46,122
04/02/2014,ANE,MN,AGL,CE,Federal Contract Tower,0,9,52,0,61,0,9,86,4,99,0,18,138,4,160,170,10,180,340
04/03/2014,ANE,MN,AGL,CE,Federal Contract Tower,0,6,22,0,28,0,0,5,1,6,0,6,27,1,34,2,6,8,42
04/04/2014,ANE,MN,AGL,CE,Federal Contract Tower,0,9,14,0,23,0,6,10,0,16,0,15,24,0,39,0,0,0,39
04/05/2014,ANE,MN,AGL,CE,Federal Contract Tower,0,3,35,0,38,0,1,132,2,135,0,4,167,2,173,114,2,116,289
04/06/2014,ANE,MN,AGL,CE,Federal Contract Tower,0,0,25,0,25,0,5,97,0,102,0,5,122,0,127,134,0,134,261
04/07/2014,ANE,MN,AGL,CE,Federal Contract Tower,0,6,30,0,36,0,6,65,0,71,0,12,95,0,107,82,0,82,189
04/08/2014,ANE,MN,AGL,CE,Federal Contract Tower,0,8,55,0,63,0,6,71,0,77,0,14,126,0,140,88,0,88,228
04/09/2014,ANE,MN,AGL,CE,Federal Contract Tower,0,5,58,0,63,0,4,53,2,59,0,9,111,2,122,52,0,52,174
04/10/2014,ANE,MN,AGL,CE,Federal Contract Tower,0,6,35,1,42,0,2,57,2,61,0,8,92,3,103,36,0,36,139
04/11/2014,ANE,MN,AGL,CE,Federal Contract Tower,0,8,32,1,41,0,6,97,0,103,0,14,129,1,144,84,2,86,230
04/12/2014,ANE,MN,AGL,CE,Federal Contract Tower,0,1,19,0,20,0,6,68,0,74,0,7,87,0,94,58,8,66,160
04/13/2014,ANE,MN,AGL,CE,Federal Contract Tower,0,0,6,0,6,0,2,20,0,22,0,2,26,0,28,54,0,54,82
04/14/2014,ANE,MN,AGL,CE,Federal Contract Tower,0,5,33,0,38,0,4,35,0,39,0,9,68,0,77,40,0,40,117
04/15/2014,ANE,MN,AGL,CE,Federal Contract Tower,0,5,53,0,58,0,1,105,0,106,0,6,158,0,164,114,0,114,278
04/16/2014,ANE,MN,AGL,CE,Federal Contract Tower,0,6,15,0,21,0,0,3,0,3,0,6,18,0,24,8,0,8,32
04/17/2014,ANE,MN,AGL,CE,Federal Contract Tower,0,16,54,1,71,0,6,49,0,55,0,22,103,1,126,52,2,54,180
04/18/2014,ANE,MN,AGL,CE,Federal Contract Tower,0,6,45,0,51,0,8,114,0,122,0,14,159,0,173,66,0,66,239
04/19/2014,ANE,MN,AGL,CE,Federal Contract Tower,0,2,18,0,20,0,4,35,0,39,0,6,53,0,59,52,0,52,111
04/20/2014,ANE,MN,AGL,CE,Federal Contract Tower,0,2,10,0,12,0,6,75,0,81,0,8,85,0,93,84,0,84,177
04/21/2014,ANE,MN,AGL,CE,Federal Contract Tower,0,5,48,0,53,0,1,60,0,61,0,6,108,0,114,108,0,108,222
04/22/2014,ANE,MN,AGL,CE,Federal Contract Tower,0,5,64,0,69,0,3,96,0,99,0,8,160,0,168,98,0,98,266
04/23/2014,ANE,MN,AGL,CE,Federal Contract Tower,0,8,36,0,44,0,10,24,2,36,0,18,60,2,80,52,6,58,138
04/24/2014,ANE,MN,AGL,CE,Federal Contract Tower,0,9,46,0,55,0,7,7,4,18,0,16,53,4,73,44,12,56,129
04/25/2014,ANE,MN,AGL,CE,Federal Contract Tower,0,6,37,0,43,0,7,82,0,89,0,13,119,0,132,46,0,46,178
04/26/2014,ANE,MN,AGL,CE,Federal Contract Tower,0,5,24,0,29,0,1,133,0,134,0,6,157,0,163,100,0,100,263
04/27/2014,ANE,MN,AGL,CE,Federal Contract Tower,0,0,9,0,9,0,0,1,0,1,0,0,10,0,10,0,0,0,10
04/28/2014,ANE,MN,AGL,CE,Federal Contract Tower,0,5,19,0,24,0,0,0,0,0,0,5,19,0,24,2,0,2,26
04/29/2014,ANE,MN,AGL,CE,Federal Contract Tower,0,8,22,0,30,0,0,1,0,1,0,8,23,0,31,0,0,0,31
04/30/2014,ANE,MN,AGL,CE,Federal Contract Tower,0,6,28,0,34,0,0,7,0,7,0,6,35,0,41,0,0,0,41
05/01/2014,ANE,MN,AGL,CE,Federal Contract Tower,0,10,26,0,36,0,6,29,0,35,0,16,55,0,71,46,0,46,117
05/02/2014,ANE,MN,AGL,CE,Federal Contract Tower,0,8,40,0,48,0,15,71,0,86,0,23,111,0,134,170,0,170,304
05/03/2014,ANE,MN,AGL,CE,Federal Contract Tower,0,7,34,0,41,0,52,86,0,138,0,59,120,0,179,102,0,102,281
05/04/2014,ANE,MN,AGL,CE,Federal Contract Tower,0,0,36,0,36,0,7,156,0,163,0,7,192,0,199,130,0,130,329
05/05/2014,ANE,MN,AGL,CE,Federal Contract Tower,0,11,53,0,64,0,8,81,0,89,0,19,134,0,153,92,0,92,245
05/06/2014,ANE,MN,AGL,CE,Federal Contract Tower,0,12,47,0,59,0,6,59,0,65,0,18,106,0,124,58,0,58,182
05/07/2014,ANE,MN,AGL,CE,Federal Contract Tower,0,6,41,0,47,0,7,39,0,46,0,13,80,0,93,68,0,68,161
05/08/2014,ANE,MN,AGL,CE,Federal Contract Tower,0,16,24,0,40,0,3,10,0,13,0,19,34,0,53,32,0,32,85
05/09/2014,ANE,MN,AGL,CE,Federal Contract Tower,0,11,33,0,44,0,4,32,2,38,0,15,65,2,82,6,12,18,100
05/10/2014,ANE,MN,AGL,CE,Federal Contract Tower,0,3,32,0,35,0,12,111,0,123,0,15,143,0,158,114,0,114,272
05/11/2014,ANE,MN,AGL,CE,Federal Contract Tower,0,3,14,0,17,0,8,70,0,78,0,11,84,0,95,94,0,94,189
05/12/2014,ANE,MN,AGL,CE,Federal Contract Tower,0,5,20,0,25,0,0,0,0,0,0,5,20,0,25,0,0,0,25
05/13/2014,ANE,MN,AGL,CE,Federal Contract Tower,0,13,47,0,60,0,2,54,2,58,0,15,101,2,118,66,2,68,186
05/14/2014,ANE,MN,AGL,CE,Federal Contract Tower,0,6,44,0,50,0,10,87,2,99,0,16,131,2,149,198,20,218,367
05/15/2014,ANE,MN,AGL,CE,Federal Contract Tower,0,10,40,0,50,0,8,85,2,95,0,18,125,2,145,220,2,222,367
05/16/2014,ANE,MN,AGL,CE,Federal Contract Tower,0,7,43,0,50,0,12,131,0,143,0,19,174,0,193,122,0,122,315
05/17/2014,ANE,MN,AGL,CE,Federal Contract Tower,0,3,24,0,27,0,9,105,0,114,0,12,129,0,141,164,0,164,305
05/18/2014,ANE,MN,AGL,CE,Federal Contract Tower,0,0,17,0,17,0,6,95,0,101,0,6,112,0,118,122,0,122,240
05/19/2014,ANE,MN,AGL,CE,Federal Contract Tower,0,7,35,0,42,0,0,6,0,6,0,7,41,0,48,2,0,2,50
05/20/2014,ANE,MN,AGL,CE,Federal Contract Tower,0,14,75,2,91,0,8,66,0,74,0,22,141,2,165,56,4,60,225
05/21/2014,ANE,MN,AGL,CE,Federal Contract Tower,0,8,44,0,52,0,7,113,0,120,0,15,157,0,172,184,2,186,358
05/22/2014,ANE,MN,AGL,CE,Federal Contract Tower,0,8,62,0,70,0,7,107,0,114,0,15,169,0,184,252,0,252,436
05/23/2014,ANE,MN,AGL,CE,Federal Contract Tower,0,8,42,0,50,0,11,129,0,140,0,19,171,0,190,158,0,158,348
05/24/2014,ANE,MN,AGL,CE,Federal Contract Tower,0,3,23,0,26,0,13,135,0,148,0,16,158,0,174,138,0,138,312
05/25/2014,ANE,MN,AGL,CE,Federal Contract Tower,0,2,18,0,20,0,4,80,0,84,0,6,98,0,104,102,0,102,206
05/26/2014,ANE,MN,AGL,CE,Federal Contract Tower,0,1,22,0,23,0,13,80,0,93,0,14,102,0,116,78,0,78,194
05/27/2014,ANE,MN,AGL,CE,Federal Contract Tower,0,7,68,0,75,0,1,26,2,29,0,8,94,2,104,64,0,64,168
05/28/2014,ANE,MN,AGL,CE,Federal Contract Tower,0,8,30,1,39,0,3,110,0,113,0,11,140,1,152,122,4,126,278
05/29/2014,ANE,MN,AGL,CE,Federal Contract Tower,0,10,70,0,80,0,8,108,0,116,0,18,178,0,196,92,0,92,288
05/30/2014,ANE,MN,AGL,CE,Federal Contract Tower,0,7,61,0,68,0,9,107,0,116,0,16,168,0,184,118,2,120,304
05/31/2014,ANE,MN,AGL,CE,Federal Contract Tower,0,6,9,0,15,0,8,212,0,220,0,14,221,0,235,360,0,360,595
06/01/2014,ANE,MN,AGL,CE,Federal Contract Tower,0,0,18,0,18,0,4,165,0,169,0,4,183,0,187,112,0,112,299
06/02/2014,ANE,MN,AGL,CE,Federal Contract Tower,0,9,21,3,33,0,6,39,0,45,0,15,60,3,78,30,0,30,108
06/03/2014,ANE,MN,AGL,CE,Federal Contract Tower,0,11,52,0,63,0,65,124,0,189,0,76,176,0,252,140,0,140,392
06/04/2014,ANE,MN,AGL,CE,Federal Contract Tower,0,8,42,0,50,0,13,79,0,92,0,21,121,0,142,122,0,122,264
06/05/2014,ANE,MN,AGL,CE,Federal Contract Tower,0,8,40,0,48,0,12,66,0,78,0,20,106,0,126,118,0,118,244
06/06/2014,ANE,MN,AGL,CE,Federal Contract Tower,0,8,33,0,41,0,12,91,0,103,0,20,124,0,144,88,0,88,232
06/07/2014,ANE,MN,AGL,CE,Federal Contract Tower,0,4,31,0,35,0,5,16,0,21,0,9,47,0,56,56,0,56,112
06/08/2014,ANE,MN,AGL,CE,Federal Contract Tower,0,9,38,0,47,0,8,140,0,148,0,17,178,0,195,162,0,162,357
06/09/2014,ANE,MN,AGL,CE,Federal Contract Tower,0,6,43,0,49,0,7,87,0,94,0,13,130,0,143,80,0,80,223
06/10/2014,ANE,MN,AGL,CE,Federal Contract Tower,0,13,47,3,63,0,8,123,2,133,0,21,170,5,196,106,0,106,302
06/11/2014,ANE,MN,AGL,CE,Federal Contract Tower,0,8,42,0,50,0,2,77,0,79,0,10,119,0,129,102,0,102,231
06/12/2014,ANE,MN,AGL,CE,Federal Contract Tower,0,8,36,0,44,0,1,36,0,37,0,9,72,0,81,6,0,6,87
06/13/2014,ANE,MN,AGL,CE,Federal Contract Tower,0,7,36,0,43,0,6,149,0,155,0,13,185,0,198,98,0,98,296
06/14/2014,ANE,MN,AGL,CE,Federal Contract Tower,0,5,5,0,10,0,0,19,0,19,0,5,24,0,29,2,0,2,31
06/15/2014,ANE,MN,AGL,CE,Federal Contract Tower,0,2,23,0,25,0,5,35,0,40,0,7,58,0,65,10,0,10,75
06/16/2014,ANE,MN,AGL,CE,Federal Contract Tower,0,14,43,0,57,0,2,74,0,76,0,16,117,0,133,48,0,48,181
06/17/2014,ANE,MN,AGL,CE,Federal Contract Tower,0,4,73,0,77,0,145,107,0,252,0,149,180,0,329,136,0,136,465
06/18/2014,ANE,MN,AGL,CE,Federal Contract Tower,0,14,33,0,47,0,13,52,0,65,0,27,85,0,112,50,0,50,162
06/19/2014,ANE,MN,AGL,CE,Federal Contract Tower,0,8,25,0,33,0,0,11,0,11,0,8,36,0,44,6,0,6,50
06/20/2014,ANE,MN,AGL,CE,Federal Contract Tower,0,11,45,1,57,0,4,99,0,103,0,15,144,1,160,86,0,86,246
06/21/2014,ANE,MN,AGL,CE,Federal Contract Tower,0,5,14,0,19,0,111,132,0,243,0,116,146,0,262,114,0,114,376
06/22/2014,ANE,MN,AGL,CE,Federal Contract Tower,0,2,23,1,26,0,2,77,0,79,0,4,100,1,105,30,0,30,135
06/23/2014,ANE,MN,AGL,CE,Federal Contract Tower,0,15,48,1,64,0,33,115,2,150,0,48,163,3,214,130,14,144,358
06/24/2014,ANE,MN,AGL,CE,Federal Contract Tower,0,5,55,0,60,0,6,73,2,81,0,11,128,2,141,54,0,54,195
06/25/2014,ANE,MN,AGL,CE,Federal Contract Tower,0,9,59,0,68,0,0,37,0,37,0,9,96,0,105,108,0,108,213
06/26/2014,ANE,MN,AGL,CE,Federal Contract Tower,0,14,70,0,84,0,3,24,0,27,0,17,94,0,111,18,0,18,129
06/27/2014,ANE,MN,AGL,CE,Federal Contract Tower,0,14,58,0,72,0,12,56,0,68,0,26,114,0,140,18,0,18,158
06/28/2014,ANE,MN,AGL,CE,Federal Contract Tower,0,2,22,0,24,1,10,19,0,30,1,12,41,0,54,28,0,28,82
06/29/2014,ANE,MN,AGL,CE,Federal Contract Tower,0,2,46,0,48,0,2,87,0,89,0,4,133,0,137,78,0,78,215
06/30/2014,ANE,MN,AGL,CE,Federal Contract Tower,0,8,50,0,58,0,4,130,0,134,0,12,180,0,192,154,0,154,346
07/01/2014,ANE,MN,AGL,CE,Federal Contract Tower,0,9,32,0,41,0,24,62,2,88,0,33,94,2,129,76,2,78,207
07/02/2014,ANE,MN,AGL,CE,Federal Contract Tower,0,12,46,0,58,0,147,146,2,295,0,159,192,2,353,154,2,156,509
07/03/2014,ANE,MN,AGL,CE,Federal Contract Tower,0,9,32,0,41,0,5,112,0,117,0,14,144,0,158,122,0,122,280
07/04/2014,ANE,MN,AGL,CE,Federal Contract Tower,0,5,20,0,25,0,9,62,0,71,0,14,82,0,96,48,0,48,144
07/05/2014,ANE,MN,AGL,CE,Federal Contract Tower,0,1,23,0,24,0,7,84,0,91,0,8,107,0,115,96,0,96,211
07/06/2014,ANE,MN,AGL,CE,Federal Contract Tower,0,3,27,0,30,0,2,54,0,56,0,5,81,0,86,46,0,46,132
07/07/2014,ANE,MN,AGL,CE,Federal Contract Tower,0,10,30,0,40,0,4,49,0,53,0,14,79,0,93,36,0,36,129
07/08/2014,ANE,MN,AGL,CE,Federal Contract Tower,0,10,51,0,61,0,6,77,2,85,0,16,128,2,146,60,2,62,208
07/09/2014,ANE,MN,AGL,CE,Federal Contract Tower,0,9,39,0,48,0,6,104,0,110,0,15,143,0,158,92,0,92,250
07/10/2014,ANE,MN,AGL,CE,Federal Contract Tower,0,7,37,0,44,0,12,88,0,100,0,19,125,0,144,134,0,134,278
07/11/2014,ANE,MN,AGL,CE,Federal Contract Tower,0,10,56,0,66,0,7,49,0,56,0,17,105,0,122,34,0,34,156
07/12/2014,ANE,MN,AGL,CE,Federal Contract Tower,0,5,16,0,21,0,5,23,0,28,0,10,39,0,49,58,0,58,107
07/13/2014,ANE,MN,AGL,CE,Federal Contract Tower,0,5,24,0,29,0,8,202,0,210,0,13,226,0,239,118,0,118,357
07/14/2014,ANE,MN,AGL,CE,Federal Contract Tower,0,3,20,0,23,0,6,49,0,55,0,9,69,0,78,32,0,32,110
07/15/2014,ANE,MN,AGL,CE,Federal Contract Tower,0,8,58,0,66,0,9,89,0,98,0,17,147,0,164,198,0,198,362
07/16/2014,ANE,MN,AGL,CE,Federal Contract Tower,0,12,25,0,37,0,23,142,0,165,0,35,167,0,202,120,0,120,322
07/17/2014,ANE,MN,AGL,CE,Federal Contract Tower,0,6,72,0,78,0,5,109,0,114,0,11,181,0,192,152,0,152,344
07/18/2014,ANE,MN,AGL,CE,Federal Contract Tower,0,9,60,0,69,0,2,107,0,109,0,11,167,0,178,90,0,90,268
07/19/2014,ANE,MN,AGL,CE,Federal Contract Tower,0,2,30,0,32,0,8,95,0,103,0,10,125,0,135,118,0,118,253
07/20/2014,ANE,MN,AGL,CE,Federal Contract Tower,0,5,27,0,32,0,1,72,0,73,0,6,99,0,105,42,0,42,147
07/21/2014,ANE,MN,AGL,CE,Federal Contract Tower,0,5,36,0,41,0,4,60,0,64,0,9,96,0,105,92,0,92,197
07/22/2014,ANE,MN,AGL,CE,Federal Contract Tower,0,4,43,0,47,0,7,73,0,80,0,11,116,0,127,72,0,72,199
07/23/2014,ANE,MN,AGL,CE,Federal Contract Tower,0,4,52,3,59,0,2,127,0,129,0,6,179,3,188,124,0,124,312
07/24/2014,ANE,MN,AGL,CE,Federal Contract Tower,0,5,29,0,34,0,8,93,0,101,0,13,122,0,135,134,0,134,269
07/25/2014,ANE,MN,AGL,CE,Federal Contract Tower,0,8,25,0,33,0,6,54,0,60,0,14,79,0,93,66,0,66,159
07/26/2014,ANE,MN,AGL,CE,Federal Contract Tower,0,4,31,0,35,0,5,112,0,117,0,9,143,0,152,106,0,106,258
07/27/2014,ANE,MN,AGL,CE,Federal Contract Tower,0,5,37,0,42,0,7,50,0,57,0,12,87,0,99,34,0,34,133
07/28/2014,ANE,MN,AGL,CE,Federal Contract Tower,0,2,43,0,45,0,2,75,0,77,0,4,118,0,122,142,0,142,264
07/29/2014,ANE,MN,AGL,CE,Federal Contract Tower,0,7,58,0,65,0,17,105,2,124,0,24,163,2,189,136,2,138,327
07/30/2014,ANE,MN,AGL,CE,Federal Contract Tower,0,7,65,0,72,0,16,103,4,123,0,23,168,4,195,134,20,154,349
07/31/2014,ANE,MN,AGL,CE,Federal Contract Tower,0,4,58,0,62,0,9,112,2,123,0,13,170,2,185,126,4,130,315
08/01/2014,ANE,MN,AGL,CE,Federal Contract Tower,0,4,59,0,63,0,3,81,0,84,0,7,140,0,147,42,0,42,189
08/02/2014,ANE,MN,AGL,CE,Federal Contract Tower,0,4,29,0,33,0,4,97,0,101,0,8,126,0,134,58,0,58,192
08/03/2014,ANE,MN,AGL,CE,Federal Contract Tower,0,7,44,0,51,0,6,63,0,69,0,13,107,0,120,2,0,2,122
08/04/2014,ANE,MN,AGL,CE,Federal Contract Tower,0,6,47,0,53,0,0,38,0,38,0,6,85,0,91,46,0,46,137
08/05/2014,ANE,MN,AGL,CE,Federal Contract Tower,0,6,45,0,51,0,4,80,8,92,0,10,125,8,143,128,34,162,305
08/06/2014,ANE,MN,AGL,CE,Federal Contract Tower,0,8,61,0,69,0,7,121,0,128,0,15,182,0,197,88,0,88,285
08/07/2014,ANE,MN,AGL,CE,Federal Contract Tower,0,6,47,1,54,0,5,114,4,123,0,11,161,5,177,144,12,156,333
08/08/2014,ANE,MN,AGL,CE,Federal Contract Tower,0,5,34,0,39,0,5,107,4,116,0,10,141,4,155,106,0,106,261
08/09/2014,ANE,MN,AGL,CE,Federal Contract Tower,0,2,31,0,33,0,1,103,0,104,0,3,134,0,137,46,0,46,183
08/10/2014,ANE,MN,AGL,CE,Federal Contract Tower,0,2,44,0,46,0,3,66,0,69,0,5,110,0,115,86,0,86,201
08/11/2014,ANE,MN,AGL,CE,Federal Contract Tower,0,6,39,1,46,0,0,36,0,36,0,6,75,1,82,48,0,48,130
08/12/2014,ANE,MN,AGL,CE,Federal Contract Tower,0,11,58,0,69,0,22,101,0,123,0,33,159,0,192,100,0,100,292
08/13/2014,ANE,MN,AGL,CE,Federal Contract Tower,0,11,58,0,69,0,10,151,0,161,0,21,209,0,230,178,0,178,408
08/14/2014,ANE,MN,AGL,CE,Federal Contract Tower,0,7,47,0,54,0,11,144,4,159,0,18,191,4,213,182,24,206,419
08/15/2014,ANE,MN,AGL,CE,Federal Contract Tower,0,7,45,0,52,0,26,121,0,147,0,33,166,0,199,144,0,144,343
08/16/2014,ANE,MN,AGL,CE,Federal Contract Tower,0,3,21,0,24,0,5,29,0,34,0,8,50,0,58,104,0,104,162
08/17/2014,ANE,MN,AGL,CE,Federal Contract Tower,0,10,26,0,36,0,0,6,0,6,0,10,32,0,42,0,0,0,42
08/18/2014,ANE,MN,AGL,CE,Federal Contract Tower,0,2,35,0,37,0,2,36,1,39,0,4,71,1,76,38,4,42,118
08/19/2014,ANE,MN,AGL,CE,Federal Contract Tower,0,6,48,2,56,0,4,68,0,72,0,10,116,2,128,124,4,128,256
08/20/2014,ANE,MN,AGL,CE,Federal Contract Tower,0,9,51,0,60,0,9,122,0,131,0,18,173,0,191,106,12,118,309
08/21/2014,ANE,MN,AGL,CE,Federal Contract Tower,0,7,50,0,57,0,7,44,0,51,0,14,94,0,108,104,0,104,212
08/22/2014,ANE,MN,AGL,CE,Federal Contract Tower,0,8,44,0,52,0,5,25,0,30,0,13,69,0,82,56,0,56,138
08/23/2014,ANE,MN,AGL,CE,Federal Contract Tower,0,3,10,0,13,0,1,24,0,25,0,4,34,0,38,42,0,42,80
08/24/2014,ANE,MN,AGL,CE,Federal Contract Tower,0,1,33,0,34,0,4,38,0,42,0,5,71,0,76,38,0,38,114
08/25/2014,ANE,MN,AGL,CE,Federal Contract Tower,2,43,0,0,45,0,5,91,0,96,2,48,91,0,141,218,0,218,359
08/26/2014,ANE,MN,AGL,CE,Federal Contract Tower,0,4,47,0,51,0,5,145,0,150,0,9,192,0,201,146,0,146,347
08/27/2014,ANE,MN,AGL,CE,Federal Contract Tower,0,10,45,0,55,0,6,117,0,123,0,16,162,0,178,116,0,116,294
08/28/2014,ANE,MN,AGL,CE,Federal Contract Tower,0,10,44,0,54,0,5,95,0,100,0,15,139,0,154,204,0,204,358
08/29/2014,ANE,MN,AGL,CE,Federal Contract Tower,0,5,20,0,25,0,0,2,0,2,0,5,22,0,27,6,0,6,33
08/30/2014,ANE,MN,AGL,CE,Federal Contract Tower,0,4,31,0,35,0,6,83,0,89,0,10,114,0,124,144,0,144,268
08/31/2014,ANE,MN,AGL,CE,Federal Contract Tower,0,2,19,0,21,0,10,34,0,44,0,12,53,0,65,14,0,14,79
09/01/2014,ANE,MN,AGL,CE,Federal Contract Tower,0,0,20,0,20,0,12,84,0,96,0,12,104,0,116,162,0,162,278
09/02/2014,ANE,MN,AGL,CE,Federal Contract Tower,0,4,49,0,53,0,39,78,0,117,0,43,127,0,170,300,0,300,470
09/03/2014,ANE,MN,AGL,CE,Federal Contract Tower,0,7,30,0,37,0,8,32,0,40,0,15,62,0,77,110,0,110,187
09/04/2014,ANE,MN,AGL,CE,Federal Contract Tower,0,5,49,0,54,0,5,64,0,69,0,10,113,0,123,160,0,160,283
09/05/2014,ANE,MN,AGL,CE,Federal Contract Tower,0,3,44,0,47,0,43,126,0,169,0,46,170,0,216,84,0,84,300
09/06/2014,ANE,MN,AGL,CE,Federal Contract Tower,0,4,32,0,36,0,11,143,0,154,0,15,175,0,190,118,0,118,308
09/07/2014,ANE,MN,AGL,CE,Federal Contract Tower,0,3,32,0,35,0,6,110,0,116,0,9,142,0,151,96,0,96,247
09/08/2014,ANE,MN,AGL,CE,Federal Contract Tower,0,5,42,0,47,0,8,78,0,86,0,13,120,0,133,40,0,40,173
09/09/2014,ANE,MN,AGL,CE,Federal Contract Tower,0,4,44,2,50,0,4,39,0,43,0,8,83,2,93,92,2,94,187
09/10/2014,ANE,MN,AGL,CE,Federal Contract Tower,0,4,60,0,64,0,3,12,0,15,0,7,72,0,79,40,0,40,119
09/11/2014,ANE,MN,AGL,CE,Federal Contract Tower,0,9,50,0,59,0,6,87,0,93,0,15,137,0,152,116,0,116,268
09/12/2014,ANE,MN,AGL,CE,Federal Contract Tower,0,5,58,0,63,0,2,104,0,106,0,7,162,0,169,184,0,184,353
09/13/2014,ANE,MN,AGL,CE,Federal Contract Tower,0,6,33,0,39,0,15,135,0,150,0,21,168,0,189,90,0,90,279
09/14/2014,ANE,MN,AGL,CE,Federal Contract Tower,0,3,34,0,37,0,14,197,0,211,0,17,231,0,248,120,0,120,368
09/15/2014,ANE,MN,AGL,CE,Federal Contract Tower,0,3,36,0,39,0,6,58,0,64,0,9,94,0,103,116,0,116,219
09/16/2014,ANE,MN,AGL,CE,Federal Contract Tower,0,5,29,0,34,0,6,93,2,101,0,11,122,2,135,108,24,132,267
09/17/2014,ANE,MN,AGL,CE,Federal Contract Tower,0,11,42,0,53,0,9,118,0,127,0,20,160,0,180,178,2,180,360
09/18/2014,ANE,MN,AGL,CE,Federal Contract Tower,0,14,87,0,101,0,7,98,2,107,0,21,185,2,208,108,12,120,328
09/19/2014,ANE,MN,AGL,CE,Federal Contract Tower,0,7,29,0,36,0,6,49,6,61,0,13,78,6,97,64,36,100,197
09/20/2014,ANE,MN,AGL,CE,Federal Contract Tower,0,5,38,0,43,0,3,111,0,114,0,8,149,0,157,110,0,110,267
09/21/2014,ANE,MN,AGL,CE,Federal Contract Tower,0,1,38,0,39,0,5,84,0,89,0,6,122,0,128,78,0,78,206
09/22/2014,ANE,MN,AGL,CE,Federal Contract Tower,0,5,38,0,43,0,6,63,0,69,0,11,101,0,112,86,0,86,198
09/23/2014,ANE,MN,AGL,CE,Federal Contract Tower,0,15,52,0,67,0,7,92,0,99,0,22,144,0,166,160,0,160,326
09/24/2014,ANE,MN,AGL,CE,Federal Contract Tower,0,4,40,0,44,0,5,48,0,53,0,9,88,0,97,92,0,92,189
09/25/2014,ANE,MN,AGL,CE,Federal Contract Tower,0,6,61,0,67,0,3,103,0,106,0,9,164,0,173,156,0,156,329
09/26/2014,ANE,MN,AGL,CE,Federal Contract Tower,0,7,42,0,49,0,4,108,0,112,0,11,150,0,161,120,0,120,281
09/27/2014,ANE,MN,AGL,CE,Federal Contract Tower,0,3,23,0,26,0,9,131,0,140,0,12,154,0,166,94,0,94,260
09/28/2014,ANE,MN,AGL,CE,Federal Contract Tower,0,1,26,0,27,0,10,109,0,119,0,11,135,0,146,126,0,126,272
09/29/2014,ANE,MN,AGL,CE,Federal Contract Tower,0,7,36,0,43,0,5,58,4,67,0,12,94,4,110,52,14,66,176
09/30/2014,ANE,MN,AGL,CE,Federal Contract Tower,0,11,43,0,54,0,4,79,0,83,0,15,122,0,137,146,0,146,283
10/01/2014,ANE,MN,AGL,CE,Federal Contract Tower,0,7,39,0,46,0,0,3,0,3,0,7,42,0,49,6,0,6,55
10/02/2014,ANE,MN,AGL,CE,Federal Contract Tower,0,5,52,0,57,0,1,9,0,10,0,6,61,0,67,6,0,6,73
10/03/2014,ANE,MN,AGL,CE,Federal Contract Tower,0,3,33,0,36,0,5,10,0,15,0,8,43,0,51,14,0,14,65
10/04/2014,ANE,MN,AGL,CE,Federal Contract Tower,0,3,19,0,22,0,8,65,2,75,0,11,84,2,97,46,14,60,157
10/05/2014,ANE,MN,AGL,CE,Federal Contract Tower,0,0,35,0,35,0,5,113,0,118,0,5,148,0,153,108,0,108,261
10/06/2014,ANE,MN,AGL,CE,Federal Contract Tower,0,3,49,0,52,0,6,73,0,79,0,9,122,0,131,132,0,132,263
10/07/2014,ANE,MN,AGL,CE,Federal Contract Tower,0,5,43,0,48,0,8,57,0,65,0,13,100,0,113,100,0,100,213
10/08/2014,ANE,MN,AGL,CE,Federal Contract Tower,0,3,40,0,43,0,3,66,0,69,0,6,106,0,112,60,0,60,172
10/09/2014,ANE,MN,AGL,CE,Federal Contract Tower,0,2,33,0,35,0,8,82,0,90,0,10,115,0,125,142,0,142,267
10/10/2014,ANE,MN,AGL,CE,Federal Contract Tower,0,6,58,0,64,0,6,116,0,122,0,12,174,0,186,206,0,206,392
10/11/2014,ANE,MN,AGL,CE,Federal Contract Tower,0,4,21,0,25,0,7,111,0,118,0,11,132,0,143,136,0,136,279
10/12/2014,ANE,MN,AGL,CE,Federal Contract Tower,0,2,25,0,27,0,9,90,0,99,0,11,115,0,126,40,0,40,166
10/13/2014,ANE,MN,AGL,CE,Federal Contract Tower,0,3,42,0,45,0,2,0,0,2,0,5,42,0,47,26,0,26,73
10/14/2014,ANE,MN,AGL,CE,Federal Contract Tower,0,5,50,2,57,0,8,67,0,75,0,13,117,2,132,130,0,130,262
10/15/2014,ANE,MN,AGL,CE,Federal Contract Tower,0,6,52,0,58,0,4,135,0,139,0,10,187,0,197,120,0,120,317
10/16/2014,ANE,MN,AGL,CE,Federal Contract Tower,0,4,49,0,53,0,4,107,0,111,0,8,156,0,164,158,0,158,322
10/17/2014,ANE,MN,AGL,CE,Federal Contract Tower,0,4,22,0,26,0,8,41,0,49,0,12,63,0,75,14,0,14,89
10/18/2014,ANE,MN,AGL,CE,Federal Contract Tower,0,3,37,0,40,0,14,128,0,142,0,17,165,0,182,152,0,152,334
10/19/2014,ANE,MN,AGL,CE,Federal Contract Tower,0,0,51,0,51,0,7,82,0,89,0,7,133,0,140,68,0,68,208
10/20/2014,ANE,MN,AGL,CE,Federal Contract Tower,0,4,39,0,43,0,4,98,0,102,0,8,137,0,145,128,0,128,273
10/21/2014,ANE,MN,AGL,CE,Federal Contract Tower,0,5,56,0,61,0,13,137,0,150,0,18,193,0,211,173,0,173,384
10/22/2014,ANE,MN,AGL,CE,Federal Contract Tower,0,2,37,0,39,0,4,92,0,96,0,6,129,0,135,68,0,68,203
10/23/2014,ANE,MN,AGL,CE,Federal Contract Tower,0,6,56,0,62,0,4,68,0,72,0,10,124,0,134,106,0,106,240
10/24/2014,ANE,MN,AGL,CE,Federal Contract Tower,0,4,39,0,43,0,1,76,0,77,0,5,115,0,120,118,0,118,238
10/25/2014,ANE,MN,AGL,CE,Federal Contract Tower,0,6,23,0,29,0,10,102,0,112,0,16,125,0,141,122,0,122,263
10/26/2014,ANE,MN,AGL,CE,Federal Contract Tower,0,0,22,0,22,0,4,120,0,124,0,4,142,0,146,94,0,94,240
10/27/2014,ANE,MN,AGL,CE,Federal Contract Tower,0,3,47,0,50,0,2,61,0,63,0,5,108,0,113,96,0,96,209
10/28/2014,ANE,MN,AGL,CE,Federal Contract Tower,0,6,56,1,63,0,5,28,0,33,0,11,84,1,96,12,2,14,110
10/29/2014,ANE,MN,AGL,CE,Federal Contract Tower,0,2,58,0,60,0,0,62,0,62,0,2,120,0,122,146,0,146,268
10/30/2014,ANE,MN,AGL,CE,Federal Contract Tower,0,4,51,0,55,0,7,50,1,58,0,11,101,1,113,108,6,114,227
10/31/2014,ANE,MN,AGL,CE,Federal Contract Tower,0,4,49,0,53,0,6,88,0,94,0,10,137,0,147,52,0,52,199
11/01/2014,ANE,MN,AGL,CE,Federal Contract Tower,0,3,37,0,40,0,3,121,0,124,0,6,158,0,164,86,0,86,250
11/02/2014,ANE,MN,AGL,CE,Federal Contract Tower,0,1,45,0,46,0,1,60,0,61,0,2,105,0,107,68,0,68,175
11/03/2014,ANE,MN,AGL,CE,Federal Contract Tower,0,3,28,0,31,0,5,61,0,66,0,8,89,0,97,150,0,150,247
11/04/2014,ANE,MN,AGL,CE,Federal Contract Tower,0,7,40,0,47,0,2,81,0,83,0,9,121,0,130,116,0,116,246
11/05/2014,ANE,MN,AGL,CE,Federal Contract Tower,0,4,23,0,27,0,0,31,0,31,0,4,54,0,58,62,0,62,120
11/06/2014,ANE,MN,AGL,CE,Federal Contract Tower,0,5,47,0,52,0,10,51,0,61,0,15,98,0,113,62,0,62,175
11/07/2014,ANE,MN,AGL,CE,Federal Contract Tower,0,6,28,0,34,0,2,31,0,33,0,8,59,0,67,32,6,38,105
11/08/2014,ANE,MN,AGL,CE,Federal Contract Tower,0,3,13,0,16,0,0,35,0,35,0,3,48,0,51,52,0,52,103
11/09/2014,ANE,MN,AGL,CE,Federal Contract Tower,0,2,30,0,32,0,2,66,0,68,0,4,96,0,100,86,0,86,186
11/10/2014,ANE,MN,AGL,CE,Federal Contract Tower,0,1,2,0,3,0,0,0,0,0,0,1,2,0,3,0,0,0,3
11/11/2014,ANE,MN,AGL,CE,Federal Contract Tower,0,7,15,0,22,0,4,3,0,7,0,11,18,0,29,2,0,2,31
11/12/2014,ANE,MN,AGL,CE,Federal Contract Tower,0,6,36,0,42,0,7,49,0,56,0,13,85,0,98,98,0,98,196
11/13/2014,ANE,MN,AGL,CE,Federal Contract Tower,0,5,41,0,46,0,2,51,0,53,0,7,92,0,99,52,0,52,151
11/14/2014,ANE,MN,AGL,CE,Federal Contract Tower,0,9,35,0,44,0,6,37,0,43,0,15,72,0,87,62,0,62,149
11/15/2014,ANE,MN,AGL,CE,Federal Contract Tower,0,7,18,0,25,0,4,23,0,27,0,11,41,0,52,18,0,18,70
11/16/2014,ANE,MN,AGL,CE,Federal Contract Tower,0,1,12,0,13,0,2,31,0,33,0,3,43,0,46,54,0,54,100
11/17/2014,ANE,MN,AGL,CE,Federal Contract Tower,0,4,31,0,35,0,1,34,0,35,0,5,65,0,70,38,0,38,108
11/18/2014,ANE,MN,AGL,CE,Federal Contract Tower,0,7,41,0,48,0,9,52,0,61,0,16,93,0,109,72,0,72,181
11/19/2014,ANE,MN,AGL,CE,Federal Contract Tower,0,2,40,2,44,0,8,13,0,21,0,10,53,2,65,0,0,0,65
11/20/2014,ANE,MN,AGL,CE,Federal Contract Tower,0,2,37,0,39,0,1,56,0,57,0,3,93,0,96,40,0,40,136
11/21/2014,ANE,MN,AGL,CE,Federal Contract Tower,0,4,31,0,35,0,3,72,0,75,0,7,103,0,110,78,0,78,188
11/22/2014,ANE,MN,AGL,CE,Federal Contract Tower,0,4,24,0,28,0,0,0,0,0,0,4,24,0,28,0,0,0,28
11/23/2014,ANE,MN,AGL,CE,Federal Contract Tower,0,2,12,0,14,0,0,21,0,21,0,2,33,0,35,88,0,88,123
11/24/2014,ANE,MN,AGL,CE,Federal Contract Tower,0,5,18,0,23,0,2,4,0,6,0,7,22,0,29,0,0,0,29
11/25/2014,ANE,MN,AGL,CE,Federal Contract Tower,0,3,65,0,68,0,3,86,0,89,0,6,151,0,157,136,0,136,293
11/26/2014,ANE,MN,AGL,CE,Federal Contract Tower,0,7,36,0,43,0,1,0,0,1,0,8,36,0,44,2,0,2,46
11/27/2014,ANE,MN,AGL,CE,Federal Contract Tower,0,0,7,0,7,0,0,19,0,19,0,0,26,0,26,54,0,54,80
11/28/2014,ANE,MN,AGL,CE,Federal Contract Tower,0,5,21,0,26,0,1,13,0,14,0,6,34,0,40,36,0,36,76
11/29/2014,ANE,MN,AGL,CE,Federal Contract Tower,0,3,29,0,32,0,0,77,0,77,0,3,106,0,109,92,0,92,201
11/30/2014,ANE,MN,AGL,CE,Federal Contract Tower,0,0,27,0,27,0,1,37,0,38,0,1,64,0,65,6,0,6,71
12/01/2014,ANE,MN,AGL,CE,Federal Contract Tower,0,2,54,0,56,0,0,39,0,39,0,2,93,0,95,36,0,36,131
12/02/2014,ANE,MN,AGL,CE,Federal Contract Tower,0,11,38,0,49,0,2,27,0,29,0,13,65,0,78,112,0,112,190
12/03/2014,ANE,MN,AGL,CE,Federal Contract Tower,0,4,19,0,23,0,6,68,0,74,0,10,87,0,97,128,0,128,225
12/04/2014,ANE,MN,AGL,CE,Federal Contract Tower,0,4,59,0,63,0,9,73,0,82,0,13,132,0,145,136,0,136,281
12/05/2014,ANE,MN,AGL,CE,Federal Contract Tower,0,6,76,0,82,0,0,1,0,1,0,6,77,0,83,8,0,8,91
12/06/2014,ANE,MN,AGL,CE,Federal Contract Tower,0,6,31,0,37,0,3,188,0,191,0,9,219,0,228,194,0,194,422
12/07/2014,ANE,MN,AGL,CE,Federal Contract Tower,0,3,22,0,25,0,1,26,0,27,0,4,48,0,52,66,0,66,118
12/08/2014,ANE,MN,AGL,CE,Federal Contract Tower,0,3,22,0,25,0,4,10,0,14,0,7,32,0,39,22,0,22,61
12/09/2014,ANE,MN,AGL,CE,Federal Contract Tower,0,5,37,0,42,0,0,0,0,0,0,5,37,0,42,4,0,4,46
12/10/2014,ANE,MN,AGL,CE,Federal Contract Tower,0,8,50,0,58,0,0,0,0,0,0,8,50,0,58,10,0,10,68
12/11/2014,ANE,MN,AGL,CE,Federal Contract Tower,0,5,23,0,28,0,0,0,0,0,0,5,23,0,28,0,0,0,28
12/12/2014,ANE,MN,AGL,CE,Federal Contract Tower,0,12,36,0,48,0,0,0,0,0,0,12,36,0,48,0,0,0,48
12/13/2014,ANE,MN,AGL,CE,Federal Contract Tower,0,3,27,0,30,0,0,0,0,0,0,3,27,0,30,0,0,0,30
12/14/2014,ANE,MN,AGL,CE,Federal Contract Tower,0,1,8,0,9,0,0,0,0,0,0,1,8,0,9,0,0,0,9
12/15/2014,ANE,MN,AGL,CE,Federal Contract Tower,0,3,10,0,13,0,0,0,0,0,0,3,10,0,13,0,0,0,13
12/16/2014,ANE,MN,AGL,CE,Federal Contract Tower,0,3,42,0,45,0,0,13,2,15,0,3,55,2,60,42,4,46,106
12/17/2014,ANE,MN,AGL,CE,Federal Contract Tower,0,7,44,0,51,0,1,51,0,52,0,8,95,0,103,74,0,74,177
12/18/2014,ANE,MN,AGL,CE,Federal Contract Tower,0,3,50,0,53,0,3,73,1,77,0,6,123,1,130,94,0,94,224
12/19/2014,ANE,MN,AGL,CE,Federal Contract Tower,0,5,23,0,28,0,9,51,0,60,0,14,74,0,88,94,0,94,182
12/20/2014,ANE,MN,AGL,CE,Federal Contract Tower,0,4,10,0,14,0,4,13,0,17,0,8,23,0,31,44,0,44,75
12/21/2014,ANE,MN,AGL,CE,Federal Contract Tower,0,2,5,0,7,0,0,0,0,0,0,2,5,0,7,0,0,0,7
12/22/2014,ANE,MN,AGL,CE,Federal Contract Tower,0,9,16,0,25,0,0,0,0,0,0,9,16,0,25,0,0,0,25
12/23/2014,ANE,MN,AGL,CE,Federal Contract Tower,0,5,10,0,15,0,0,0,0,0,0,5,10,0,15,0,0,0,15
12/24/2014,ANE,MN,AGL,CE,Federal Contract Tower,0,4,3,0,7,0,1,21,0,22,0,5,24,0,29,40,0,40,69
12/25/2014,ANE,MN,AGL,CE,Federal Contract Tower,0,0,2,0,2,0,2,0,0,2,0,2,2,0,4,0,0,0,4
12/26/2014,ANE,MN,AGL,CE,Federal Contract Tower,0,3,14,0,17,0,0,13,0,13,0,3,27,0,30,32,0,32,62
12/27/2014,ANE,MN,AGL,CE,Federal Contract Tower,0,2,11,0,13,0,0,26,0,26,0,2,37,0,39,0,0,0,39
12/28/2014,ANE,MN,AGL,CE,Federal Contract Tower,0,2,23,0,25,0,2,78,0,80,0,4,101,0,105,84,0,84,189
12/29/2014,ANE,MN,AGL,CE,Federal Contract Tower,0,2,24,0,26,0,3,76,0,79,0,5,100,0,105,144,0,144,249
12/30/2014,ANE,MN,AGL,CE,Federal Contract Tower,0,4,41,2,47,0,9,58,0,67,0,13,99,2,114,70,0,70,184
12/31/2014,ANE,MN,AGL,CE,Federal Contract Tower,0,4,10,0,14,0,1,35,0,36,0,5,45,0,50,12,0,12,62
01/01/2015,ANE,MN,AGL,CE,Federal Contract Tower,0,0,13,0,13,0,8,46,0,54,0,8,59,0,67,114,0,114,181
01/02/2015,ANE,MN,AGL,CE,Federal Contract Tower,0,4,33,0,37,0,7,100,0,107,0,11,133,0,144,194,0,194,338
01/03/2015,ANE,MN,AGL,CE,Federal Contract Tower,0,4,8,0,12,0,1,83,0,84,0,5,91,0,96,192,0,192,288
01/04/2015,ANE,MN,AGL,CE,Federal Contract Tower,0,1,15,0,16,0,6,16,0,22,0,7,31,0,38,76,0,76,114
01/05/2015,ANE,MN,AGL,CE,Federal Contract Tower,0,3,15,0,18,0,0,24,0,24,0,3,39,0,42,52,0,52,94
01/06/2015,ANE,MN,AGL,CE,Federal Contract Tower,0,5,27,0,32,0,2,13,0,15,0,7,40,0,47,34,2,36,83
01/07/2015,ANE,MN,AGL,CE,Federal Contract Tower,0,6,32,0,38,0,3,11,0,14,0,9,43,0,52,16,0,16,68
01/08/2015,ANE,MN,AGL,CE,Federal Contract Tower,0,6,17,0,23,0,0,0,0,0,0,6,17,0,23,0,0,0,23
01/09/2015,ANE,MN,AGL,CE,Federal Contract Tower,0,7,30,0,37,0,10,16,0,26,0,17,46,0,63,14,0,14,77
01/10/2015,ANE,MN,AGL,CE,Federal Contract Tower,0,5,13,2,20,0,2,68,2,72,0,7,81,4,92,122,2,124,216
01/11/2015,ANE,MN,AGL,CE,Federal Contract Tower,0,0,20,0,20,0,0,54,0,54,0,0,74,0,74,118,0,118,192
01/12/2015,ANE,MN,AGL,CE,Federal Contract Tower,0,4,21,0,25,0,5,34,0,39,0,9,55,0,64,68,0,68,132
01/13/2015,ANE,MN,AGL,CE,Federal Contract Tower,0,7,28,0,35,0,0,39,0,39,0,7,67,0,74,42,0,42,116
01/14/2015,ANE,MN,AGL,CE,Federal Contract Tower,0,8,26,3,37,0,2,58,0,60,0,10,84,3,97,80,2,82,179
01/15/2015,ANE,MN,AGL,CE,Federal Contract Tower,0,7,39,0,46,0,2,70,0,72,0,9,109,0,118,130,0,130,248
01/16/2015,ANE,MN,AGL,CE,Federal Contract Tower,0,8,26,0,34,0,5,47,0,52,0,13,73,0,86,82,0,82,168
01/17/2015,ANE,MN,AGL,CE,Federal Contract Tower,0,3,14,0,17,0,2,46,0,48,0,5,60,0,65,88,0,88,153
01/18/2015,ANE,MN,AGL,CE,Federal Contract Tower,0,2,31,0,33,0,4,157,0,161,0,6,188,0,194,278,0,278,472
01/19/2015,ANE,MN,AGL,CE,Federal Contract Tower,0,5,32,0,37,0,0,60,0,60,0,5,92,0,97,106,0,106,203
01/20/2015,ANE,MN,AGL,CE,Federal Contract Tower,0,16,18,0,34,0,5,2,0,7,0,21,20,0,41,2,0,2,43
01/21/2015,ANE,MN,AGL,CE,Federal Contract Tower,0,6,27,0,33,0,5,17,0,22,0,11,44,0,55,22,0,22,77
01/22/2015,ANE,MN,AGL,CE,Federal Contract Tower,0,22,37,0,59,0,3,39,0,42,0,25,76,0,101,108,0,108,209
01/23/2015,ANE,MN,AGL,CE,Federal Contract Tower,0,8,27,0,35,0,8,79,0,87,0,16,106,0,122,92,0,92,214
01/24/2015,ANE,MN,AGL,CE,Federal Contract Tower,0,3,28,0,31,0,8,118,0,126,0,11,146,0,157,156,0,156,313
01/25/2015,ANE,MN,AGL,CE,Federal Contract Tower,0,4,15,0,19,0,2,75,0,77,0,6,90,0,96,128,0,128,224
01/26/2015,ANE,MN,AGL,CE,Federal Contract Tower,0,7,25,0,32,0,2,51,0,53,0,9,76,0,85,72,0,72,157
01/27/2015,ANE,MN,AGL,CE,Federal Contract Tower,0,7,32,2,41,0,5,47,2,54,0,12,79,4,95,124,4,128,223
01/28/2015,ANE,MN,AGL,CE,Federal Contract Tower,0,4,25,0,29,0,0,0,0,0,0,4,25,0,29,0,0,0,29
01/29/2015,ANE,MN,AGL,CE,Federal Contract Tower,0,4,25,0,29,0,10,40,0,50,0,14,65,0,79,70,0,70,149
01/30/2015,ANE,MN,AGL,CE,Federal Contract Tower,0,7,62,0,69,0,5,139,0,144,0,12,201,0,213,226,0,226,439
01/31/2015,ANE,MN,AGL,CE,Federal Contract Tower,0,2,18,0,20,0,4,57,0,61,0,6,75,0,81,146,0,146,227
02/01/2015,ANE,MN,AGL,CE,Federal Contract Tower,0,5,11,0,16,0,4,52,0,56,0,9,63,0,72,118,0,118,190
02/02/2015,ANE,MN,AGL,CE,Federal Contract Tower,0,4,45,0,49,0,4,76,0,80,0,8,121,0,129,80,0,80,209
02/03/2015,ANE,MN,AGL,CE,Federal Contract Tower,0,9,28,0,37,0,1,20,0,21,0,10,48,0,58,14,0,14,72
02/04/2015,ANE,MN,AGL,CE,Federal Contract Tower,0,9,33,0,42,0,6,40,0,46,0,15,73,0,88,14,0,14,102
02/05/2015,ANE,MN,AGL,CE,Federal Contract Tower,0,5,24,2,31,0,3,46,0,49,0,8,70,2,80,72,0,72,152
02/06/2015,ANE,MN,AGL,CE,Federal Contract Tower,0,6,42,0,48,0,6,121,0,127,0,12,163,0,175,98,0,98,273
02/07/2015,ANE,MN,AGL,CE,Federal Contract Tower,0,6,47,0,53,0,9,125,0,134,0,15,172,0,187,178,0,178,365
02/08/2015,ANE,MN,AGL,CE,Federal Contract Tower,0,3,12,0,15,0,2,24,0,26,0,5,36,0,41,36,0,36,77
02/09/2015,ANE,MN,AGL,CE,Federal Contract Tower,0,2,30,0,32,0,4,92,0,96,0,6,122,0,128,220,0,220,348
02/10/2015,ANE,MN,AGL,CE,Federal Contract Tower,0,2,17,0,19,0,0,0,0,0,0,2,17,0,19,0,0,0,19
02/11/2015,ANE,MN,AGL,CE,Federal Contract Tower,0,3,34,0,37,0,3,7,0,10,0,6,41,0,47,2,0,2,49
02/12/2015,ANE,MN,AGL,CE,Federal Contract Tower,0,5,48,0,53,0,4,42,0,46,0,9,90,0,99,34,0,34,133
02/13/2015,ANE,MN,AGL,CE,Federal Contract Tower,0,3,39,0,42,0,8,58,0,66,0,11,97,0,108,66,0,66,174
02/14/2015,ANE,MN,AGL,CE,Federal Contract Tower,0,4,15,0,19,0,1,35,0,36,0,5,50,0,55,26,0,26,81
02/15/2015,ANE,MN,AGL,CE,Federal Contract Tower,0,0,34,0,34,0,2,49,0,51,0,2,83,0,85,116,0,116,201
02/16/2015,ANE,MN,AGL,CE,Federal Contract Tower,0,6,35,0,41,0,2,16,0,18,0,8,51,0,59,62,0,62,121
02/17/2015,ANE,MN,AGL,CE,Federal Contract Tower,0,5,42,1,48,0,1,28,0,29,0,6,70,1,77,82,0,82,159
02/18/2015,ANE,MN,AGL,CE,Federal Contract Tower,0,3,34,0,37,0,0,25,0,25,0,3,59,0,62,40,0,40,102
02/19/2015,ANE,MN,AGL,CE,Federal Contract Tower,0,3,40,0,43,0,2,45,0,47,0,5,85,0,90,32,0,32,122
02/20/2015,ANE,MN,AGL,CE,Federal Contract Tower,0,9,25,0,34,0,1,43,0,44,0,10,68,0,78,38,0,38,116
02/21/2015,ANE,MN,AGL,CE,Federal Contract Tower,0,2,30,0,32,0,4,53,0,57,0,6,83,0,89,80,0,80,169
02/22/2015,ANE,MN,AGL,CE,Federal Contract Tower,0,2,20,0,22,0,3,45,0,48,0,5,65,0,70,22,0,22,92
02/23/2015,ANE,MN,AGL,CE,Federal Contract Tower,0,2,44,0,46,0,6,49,0,55,0,8,93,0,101,88,0,88,189
02/24/2015,ANE,MN,AGL,CE,Federal Contract Tower,0,3,39,0,42,0,1,20,0,21,0,4,59,0,63,12,0,12,75
02/25/2015,ANE,MN,AGL,CE,Federal Contract Tower,0,6,33,0,39,0,0,49,0,49,0,6,82,0,88,82,0,82,170
02/26/2015,ANE,MN,AGL,CE,Federal Contract Tower,0,4,41,0,45,0,0,47,0,47,0,4,88,0,92,32,0,32,124
02/27/2015,ANE,MN,AGL,CE,Federal Contract Tower,0,6,35,0,41,0,4,71,0,75,0,10,106,0,116,170,0,170,286
02/28/2015,ANE,MN,AGL,CE,Federal Contract Tower,0,6,33,0,39,0,2,86,0,88,0,8,119,0,127,90,0,90,217
03/01/2015,ANE,MN,AGL,CE,Federal Contract Tower,0,2,25,0,27,0,2,68,0,70,0,4,93,0,97,124,0,124,221
03/02/2015,ANE,MN,AGL,CE,Federal Contract Tower,0,3,22,0,25,0,4,88,0,92,0,7,110,0,117,162,0,162,279
03/04/2015,ANE,MN,AGL,CE,Federal Contract Tower,0,7,20,0,27,0,1,38,0,39,0,8,58,0,66,70,0,70,136
03/05/2015,ANE,MN,AGL,CE,Federal Contract Tower,0,8,43,0,51,0,5,74,2,81,0,13,117,2,132,82,0,82,214
03/06/2015,ANE,MN,AGL,CE,Federal Contract Tower,0,4,41,0,45,0,2,101,0,103,0,6,142,0,148,272,0,272,420
03/07/2015,ANE,MN,AGL,CE,Federal Contract Tower,0,7,18,0,25,0,3,72,0,75,0,10,90,0,100,74,0,74,174
03/08/2015,ANE,MN,AGL,CE,Federal Contract Tower,0,0,24,0,24,0,2,83,0,85,0,2,107,0,109,98,0,98,207
03/09/2015,ANE,MN,AGL,CE,Federal Contract Tower,0,3,34,0,37,0,0,52,0,52,0,3,86,0,89,96,0,96,185
03/11/2015,ANE,MN,AGL,CE,Federal Contract Tower,0,5,40,0,45,0,3,124,0,127,0,8,164,0,172,183,0,183,355
03/12/2015,ANE,MN,AGL,CE,Federal Contract Tower,0,4,43,0,47,0,2,55,0,57,0,6,98,0,104,124,0,124,228
03/13/2015,ANE,MN,AGL,CE,Federal Contract Tower,0,5,33,0,38,0,1,74,0,75,0,6,107,0,113,132,0,132,245
03/14/2015,ANE,MN,AGL,CE,Federal Contract Tower,0,2,31,0,33,0,10,109,0,119,0,12,140,0,152,156,0,156,308
03/15/2015,ANE,MN,AGL,CE,Federal Contract Tower,0,0,33,0,33,0,7,70,0,77,0,7,103,0,110,114,0,114,224
03/16/2015,ANE,MN,AGL,CE,Federal Contract Tower,0,10,40,0,50,0,1,38,0,39,0,11,78,0,89,54,0,54,143
03/17/2015,ANE,MN,AGL,CE,Federal Contract Tower,0,1,58,0,59,0,8,63,0,71,0,9,121,0,130,92,0,92,222
03/18/2015,ANE,MN,AGL,CE,Federal Contract Tower,0,4,25,0,29,0,2,102,2,106,0,6,127,2,135,182,2,184,319
03/19/2015,ANE,MN,AGL,CE,Federal Contract Tower,0,7,40,0,47,0,1,73,0,74,0,8,113,0,121,116,0,116,237
03/20/2015,ANE,MN,AGL,CE,Federal Contract Tower,0,8,40,0,48,0,1,76,0,77,0,9,116,0,125,160,0,160,285
03/21/2015,ANE,MN,AGL,CE,Federal Contract Tower,0,3,20,0,23,0,3,106,0,109,0,6,126,0,132,164,0,164,296
03/22/2015,ANE,MN,AGL,CE,Federal Contract Tower,0,2,25,0,27,0,0,24,0,24,0,2,49,0,51,56,0,56,107
03/23/2015,ANE,MN,AGL,CE,Federal Contract Tower,0,3,9,0,12,0,4,27,0,31,0,7,36,0,43,80,0,80,123
03/24/2015,ANE,MN,AGL,CE,Federal Contract Tower,0,14,29,0,43,0,5,57,0,62,0,19,86,0,105,100,0,100,205
03/25/2015,ANE,MN,AGL,CE,Federal Contract Tower,0,8,22,0,30,0,0,14,2,16,0,8,36,2,46,32,12,44,90
03/26/2015,ANE,MN,AGL,CE,Federal Contract Tower,0,3,41,0,44,0,3,68,2,73,0,6,109,2,117,136,2,138,255
03/27/2015,ANE,MN,AGL,CE,Federal Contract Tower,0,4,30,0,34,0,14,94,0,108,0,18,124,0,142,142,0,142,284
03/28/2015,ANE,MN,AGL,CE,Federal Contract Tower,0,5,23,0,28,0,0,107,0,107,0,5,130,0,135,144,0,144,279
03/29/2015,ANE,MN,AGL,CE,Federal Contract Tower,0,2,11,0,13,0,1,6,0,7,0,3,17,0,20,24,0,24,44
03/30/2015,ANE,MN,AGL,CE,Federal Contract Tower,0,2,36,0,38,0,2,57,0,59,0,4,93,0,97,62,0,62,159
03/31/2015,ANE,MN,AGL,CE,Federal Contract Tower,0,7,50,0,57,0,13,117,0,130,0,20,167,0,187,178,0,178,365
04/01/2015,ANE,MN,AGL,CE,Federal Contract Tower,0,2,24,0,26,0,1,37,0,38,0,3,61,0,64,58,0,58,122
04/02/2015,ANE,MN,AGL,CE,Federal Contract Tower,0,3,28,0,31,0,7,37,0,44,0,10,65,0,75,30,4,34,109
04/03/2015,ANE,MN,AGL,CE,Federal Contract Tower,0,4,29,0,33,0,7,62,0,69,0,11,91,0,102,100,0,100,202
04/04/2015,ANE,MN,AGL,CE,Federal Contract Tower,0,2,26,0,28,0,7,140,0,147,0,9,166,0,175,170,0,170,345
04/05/2015,ANE,MN,AGL,CE,Federal Contract Tower,0,0,10,0,10,0,3,38,0,41,0,3,48,0,51,24,0,24,75
04/06/2015,ANE,MN,AGL,CE,Federal Contract Tower,0,6,25,0,31,0,0,3,0,3,0,6,28,0,34,14,0,14,48
04/07/2015,ANE,MN,AGL,CE,Federal Contract Tower,0,5,23,0,28,0,6,22,0,28,0,11,45,0,56,110,0,110,166
04/08/2015,ANE,MN,AGL,CE,Federal Contract Tower,0,7,59,0,66,0,2,34,2,38,0,9,93,2,104,98,6,104,208
04/09/2015,ANE,MN,AGL,CE,Federal Contract Tower,0,4,30,0,34,0,0,0,0,0,0,4,30,0,34,0,2,2,36
04/10/2015,ANE,MN,AGL,CE,Federal Contract Tower,0,6,52,0,58,0,0,89,0,89,0,6,141,0,147,160,0,160,307
04/11/2015,ANE,MN,AGL,CE,Federal Contract Tower,0,6,24,0,30,0,5,184,0,189,0,11,208,0,219,218,0,218,437
04/12/2015,ANE,MN,AGL,CE,Federal Contract Tower,0,1,25,0,26,0,2,32,0,34,0,3,57,0,60,16,0,16,76
04/13/2015,ANE,MN,AGL,CE,Federal Contract Tower,0,3,32,0,35,0,0,52,9,61,0,3,84,9,96,46,6,52,148
04/14/2015,ANE,MN,AGL,CE,Federal Contract Tower,0,10,57,0,67,0,4,174,0,178,0,14,231,0,245,174,0,174,419
04/15/2015,ANE,MN,AGL,CE,Federal Contract Tower,0,5,42,0,47,0,5,93,0,98,0,10,135,0,145,170,0,170,315
04/16/2015,ANE,MN,AGL,CE,Federal Contract Tower,0,4,49,0,53,0,11,120,0,131,0,15,169,0,184,198,12,210,394
04/17/2015,ANE,MN,AGL,CE,Federal Contract Tower,0,5,27,0,32,0,2,133,0,135,0,7,160,0,167,158,0,158,325
04/18/2015,ANE,MN,AGL,CE,Federal Contract Tower,0,7,26,0,33,5,121,0,0,126,5,128,26,0,159,136,0,136,295
04/19/2015,ANE,MN,AGL,CE,Federal Contract Tower,0,1,34,0,35,0,2,5,0,7,0,3,39,0,42,58,0,58,100
04/20/2015,ANE,MN,AGL,CE,Federal Contract Tower,0,2,18,0,20,0,2,6,0,8,0,4,24,0,28,0,0,0,28
04/21/2015,ANE,MN,AGL,CE,Federal Contract Tower,0,4,26,0,30,0,2,6,0,8,0,6,32,0,38,8,0,8,46
04/22/2015,ANE,MN,AGL,CE,Federal Contract Tower,0,4,57,0,61,0,4,75,2,81,0,8,132,2,142,88,24,112,254
04/23/2015,ANE,MN,AGL,CE,Federal Contract Tower,0,7,45,0,52,0,9,130,0,139,0,16,175,0,191,180,0,180,371
04/24/2015,ANE,MN,AGL,CE,Federal Contract Tower,0,4,45,0,49,0,2,46,0,48,0,6,91,0,97,104,0,104,201
04/25/2015,ANE,MN,AGL,CE,Federal Contract Tower,0,2,20,0,22,0,6,78,0,84,0,8,98,0,106,148,0,148,254
04/26/2015,ANE,MN,AGL,CE,Federal Contract Tower,0,0,30,0,30,0,5,149,0,154,0,5,179,0,184,132,0,132,316
04/27/2015,ANE,MN,AGL,CE,Federal Contract Tower,0,2,34,0,36,0,5,87,0,92,0,7,121,0,128,138,0,138,266
04/28/2015,ANE,MN,AGL,CE,Federal Contract Tower,0,5,45,0,50,0,8,98,0,106,0,13,143,0,156,168,0,168,324
04/29/2015,ANE,MN,AGL,CE,Federal Contract Tower,0,4,81,0,85,0,7,114,0,121,0,11,195,0,206,152,0,152,358
04/30/2015,ANE,MN,AGL,CE,Federal Contract Tower,0,3,54,0,57,0,11,178,0,189,0,14,232,0,246,262,0,262,508
05/01/2015,ANE,MN,AGL,CE,Federal Contract Tower,0,4,32,0,36,0,7,89,0,96,0,11,121,0,132,220,0,220,352
05/02/2015,ANE,MN,AGL,CE,Federal Contract Tower,0,3,25,0,28,0,16,124,0,140,0,19,149,0,168,126,0,126,294
05/03/2015,ANE,MN,AGL,CE,Federal Contract Tower,0,0,14,0,14,0,2,48,0,50,0,2,62,0,64,64,0,64,128
05/04/2015,ANE,MN,AGL,CE,Federal Contract Tower,0,5,35,0,40,0,4,120,0,124,0,9,155,0,164,160,0,160,324
05/05/2015,ANE,MN,AGL,CE,Federal Contract Tower,0,6,49,1,56,0,5,65,2,72,0,11,114,3,128,198,0,198,326
05/06/2015,ANE,MN,AGL,CE,Federal Contract Tower,0,11,35,0,46,0,2,9,0,11,0,13,44,0,57,28,0,28,85
05/07/2015,ANE,MN,AGL,CE,Federal Contract Tower,0,2,39,0,41,0,2,39,0,41,0,4,78,0,82,98,4,102,184
05/08/2015,ANE,MN,AGL,CE,Federal Contract Tower,0,6,45,0,51,0,7,109,1,117,0,13,154,1,168,234,2,236,404
05/09/2015,ANE,MN,AGL,CE,Federal Contract Tower,0,5,45,0,50,0,6,128,0,134,0,11,173,0,184,150,0,150,334
05/10/2015,ANE,MN,AGL,CE,Federal Contract Tower,0,2,11,0,13,0,4,9,0,13,0,6,20,0,26,26,0,26,52
05/11/2015,ANE,MN,AGL,CE,Federal Contract Tower,0,3,32,0,35,0,0,17,0,17,0,3,49,0,52,58,0,58,110
05/12/2015,ANE,MN,AGL,CE,Federal Contract Tower,0,9,44,0,53,0,1,50,0,51,0,10,94,0,104,100,0,100,204
05/13/2015,ANE,MN,AGL,CE,Federal Contract Tower,0,9,35,0,44,0,8,162,2,172,0,17,197,2,216,214,26,240,456
05/14/2015,ANE,MN,AGL,CE,Federal Contract Tower,0,4,40,0,44,0,1,33,0,34,0,5,73,0,78,98,0,98,176
05/15/2015,ANE,MN,AGL,CE,Federal Contract Tower,0,9,43,0,52,0,5,102,2,109,0,14,145,2,161,288,10,298,459
05/16/2015,ANE,MN,AGL,CE,Federal Contract Tower,0,4,28,0,32,0,5,126,0,131,0,9,154,0,163,172,0,172,335
05/17/2015,ANE,MN,AGL,CE,Federal Contract Tower,0,2,22,0,24,0,4,11,0,15,0,6,33,0,39,10,0,10,49
05/18/2015,ANE,MN,AGL,CE,Federal Contract Tower,0,8,25,0,33,0,4,17,0,21,0,12,42,0,54,70,0,70,124
05/19/2015,ANE,MN,AGL,CE,Federal Contract Tower,0,2,51,0,53,0,18,123,0,141,0,20,174,0,194,268,2,270,464
05/20/2015,ANE,MN,AGL,CE,Federal Contract Tower,0,5,49,0,54,0,2,175,2,179,0,7,224,2,233,252,36,288,521
05/21/2015,ANE,MN,AGL,CE,Federal Contract Tower,0,3,55,0,58,0,6,145,0,151,0,9,200,0,209,208,0,208,417
05/22/2015,ANE,MN,AGL,CE,Federal Contract Tower,0,8,56,0,64,0,4,172,0,176,0,12,228,0,240,244,0,244,484
05/23/2015,ANE,MN,AGL,CE,Federal Contract Tower,0,6,31,0,37,0,7,99,0,106,0,13,130,0,143,142,0,142,285
05/24/2015,ANE,MN,AGL,CE,Federal Contract Tower,0,5,19,0,24,0,4,40,0,44,0,9,59,0,68,50,0,50,118
05/25/2015,ANE,MN,AGL,CE,Federal Contract Tower,0,2,22,0,24,0,1,18,0,19,0,3,40,0,43,32,0,32,75
05/26/2015,ANE,MN,AGL,CE,Federal Contract Tower,0,12,34,3,49,0,10,5,0,15,0,22,39,3,64,14,0,14,78
05/27/2015,ANE,MN,AGL,CE,Federal Contract Tower,0,6,44,0,50,0,30,178,0,208,0,36,222,0,258,376,0,376,634
05/28/2015,ANE,MN,AGL,CE,Federal Contract Tower,0,12,52,0,64,0,33,89,0,122,0,45,141,0,186,124,0,124,310
05/29/2015,ANE,MN,AGL,CE,Federal Contract Tower,0,4,42,0,46,0,4,16,0,20,0,8,58,0,66,64,0,64,130
05/30/2015,ANE,MN,AGL,CE,Federal Contract Tower,0,7,32,0,39,0,7,339,0,346,0,14,371,0,385,410,0,410,795
05/31/2015,ANE,MN,AGL,CE,Federal Contract Tower,0,2,27,0,29,0,5,316,1,322,0,7,343,1,351,414,0,414,765
06/01/2015,ANE,MN,AGL,CE,Federal Contract Tower,0,5,61,0,66,0,5,142,0,147,0,10,203,0,213,212,0,212,425
06/02/2015,ANE,MN,AGL,CE,Federal Contract Tower,0,10,45,0,55,0,14,94,0,108,0,24,139,0,163,110,0,110,273
06/03/2015,ANE,MN,AGL,CE,Federal Contract Tower,0,13,28,0,41,0,8,17,0,25,0,21,45,0,66,118,0,118,184
06/04/2015,ANE,MN,AGL,CE,Federal Contract Tower,0,4,39,0,43,0,5,65,0,70,0,9,104,0,113,134,0,134,247
06/05/2015,ANE,MN,AGL,CE,Federal Contract Tower,0,6,40,0,46,0,8,192,0,200,0,14,232,0,246,284,0,284,530
06/06/2015,ANE,MN,AGL,CE,Federal Contract Tower,0,4,26,0,30,0,5,98,0,103,0,9,124,0,133,104,0,104,237
06/07/2015,ANE,MN,AGL,CE,Federal Contract Tower,0,4,33,0,37,0,2,89,0,91,0,6,122,0,128,88,0,88,216
06/08/2015,ANE,MN,AGL,CE,Federal Contract Tower,0,8,43,0,51,0,10,99,0,109,0,18,142,0,160,171,6,177,337
06/09/2015,ANE,MN,AGL,CE,Federal Contract Tower,0,11,34,0,45,0,14,160,16,190,0,25,194,16,235,180,0,180,415
06/10/2015,ANE,MN,AGL,CE,Federal Contract Tower,0,10,52,0,62,0,4,120,0,124,0,14,172,0,186,192,0,192,378
06/11/2015,ANE,MN,AGL,CE,Federal Contract Tower,0,7,37,2,46,0,7,21,0,28,0,14,58,2,74,62,12,74,148
06/12/2015,ANE,MN,AGL,CE,Federal Contract Tower,0,18,32,1,51,0,27,157,2,186,0,45,189,3,237,366,2,368,605
06/13/2015,ANE,MN,AGL,CE,Federal Contract Tower,0,5,55,0,60,0,4,18,0,22,0,9,73,0,82,80,0,80,162
06/14/2015,ANE,MN,AGL,CE,Federal Contract Tower,0,3,20,0,23,0,2,101,0,103,0,5,121,0,126,134,0,134,260
06/15/2015,ANE,MN,AGL,CE,Federal Contract Tower,0,6,42,0,48,0,4,72,0,76,0,10,114,0,124,102,0,102,226
06/16/2015,ANE,MN,AGL,CE,Federal Contract Tower,0,9,53,0,62,0,2,121,0,123,0,11,174,0,185,334,0,334,519
06/17/2015,ANE,MN,AGL,CE,Federal Contract Tower,0,0,8,29,37,0,6,61,0,67,0,6,69,29,104,92,0,92,196
06/18/2015,ANE,MN,AGL,CE,Federal Contract Tower,0,10,39,2,51,0,1,166,0,167,0,11,205,2,218,282,0,282,500
06/19/2015,ANE,MN,AGL,CE,Federal Contract Tower,0,3,39,0,42,0,5,156,0,161,0,8,195,0,203,252,0,252,455
06/20/2015,ANE,MN,AGL,CE,Federal Contract Tower,0,6,33,0,39,0,9,115,0,124,0,15,148,0,163,196,0,196,359
06/21/2015,ANE,MN,AGL,CE,Federal Contract Tower,0,0,24,0,24,0,8,169,0,177,0,8,193,0,201,164,0,164,365
06/22/2015,ANE,MN,AGL,CE,Federal Contract Tower,0,5,24,0,29,0,42,24,0,66,0,47,48,0,95,94,0,94,189
06/23/2015,ANE,MN,AGL,CE,Federal Contract Tower,0,6,62,0,68,0,5,179,0,184,0,11,241,0,252,310,0,310,562
06/24/2015,ANE,MN,AGL,CE,Federal Contract Tower,0,5,45,0,50,0,2,135,0,137,0,7,180,0,187,286,0,286,473
06/25/2015,ANE,MN,AGL,CE,Federal Contract Tower,0,5,30,0,35,0,18,119,1,138,0,23,149,1,173,318,10,328,501
06/26/2015,ANE,MN,AGL,CE,Federal Contract Tower,0,7,29,0,36,0,10,170,0,180,0,17,199,0,216,270,0,270,486
06/27/2015,ANE,MN,AGL,CE,Federal Contract Tower,0,10,30,0,40,0,7,191,0,198,0,17,221,0,238,134,0,134,372
06/28/2015,ANE,MN,AGL,CE,Federal Contract Tower,0,3,19,0,22,0,9,97,2,108,0,12,116,2,130,138,0,138,268
06/29/2015,ANE,MN,AGL,CE,Federal Contract Tower,0,4,24,0,28,0,4,101,0,105,0,8,125,0,133,160,0,160,293
06/30/2015,ANE,MN,AGL,CE,Federal Contract Tower,0,8,66,0,74,0,8,148,0,156,0,16,214,0,230,312,0,312,542
07/01/2015,ANE,MN,AGL,CE,Federal Contract Tower,0,8,46,0,54,0,20,162,0,182,0,28,208,0,236,390,0,390,626
07/02/2015,ANE,MN,AGL,CE,Federal Contract Tower,0,4,38,0,42,0,10,133,0,143,0,14,171,0,185,122,0,122,307
07/03/2015,ANE,MN,AGL,CE,Federal Contract Tower,0,3,17,0,20,0,11,133,0,144,0,14,150,0,164,156,0,156,320
07/04/2015,ANE,MN,AGL,CE,Federal Contract Tower,0,4,18,0,22,0,8,87,0,95,0,12,105,0,117,140,0,140,257
07/05/2015,ANE,MN,AGL,CE,Federal Contract Tower,0,2,30,0,32,0,10,82,0,92,0,12,112,0,124,66,0,66,190
07/06/2015,ANE,MN,AGL,CE,Federal Contract Tower,0,6,20,0,26,0,2,9,0,11,0,8,29,0,37,14,0,14,51
07/07/2015,ANE,MN,AGL,CE,Federal Contract Tower,0,4,57,0,61,0,23,213,7,243,0,27,270,7,304,400,16,416,720
07/08/2015,ANE,MN,AGL,CE,Federal Contract Tower,0,10,40,0,50,0,13,193,3,209,0,23,233,3,259,329,8,337,596
07/09/2015,ANE,MN,AGL,CE,Federal Contract Tower,0,10,47,2,59,0,7,167,19,193,0,17,214,21,252,224,26,250,502
07/10/2015,ANE,MN,AGL,CE,Federal Contract Tower,0,4,37,0,41,0,15,120,0,135,0,19,157,0,176,198,0,198,374
07/11/2015,ANE,MN,AGL,CE,Federal Contract Tower,0,4,32,0,36,0,2,139,0,141,0,6,171,0,177,164,0,164,341
07/12/2015,ANE,MN,AGL,CE,Federal Contract Tower,0,6,21,0,27,0,5,81,0,86,0,11,102,0,113,96,0,96,209
07/13/2015,ANE,MN,AGL,CE,Federal Contract Tower,0,4,33,0,37,0,4,92,0,96,0,8,125,0,133,166,0,166,299
07/14/2015,ANE,MN,AGL,CE,Federal Contract Tower,0,7,48,0,55,0,8,120,2,130,0,15,168,2,185,292,12,304,489
07/15/2015,ANE,MN,AGL,CE,Federal Contract Tower,0,12,48,0,60,0,9,166,0,175,0,21,214,0,235,216,0,216,451
07/16/2015,ANE,MN,AGL,CE,Federal Contract Tower,0,8,67,0,75,0,1,53,0,54,0,9,120,0,129,66,0,66,195
07/17/2015,ANE,MN,AGL,CE,Federal Contract Tower,0,4,45,0,49,0,6,79,0,85,0,10,124,0,134,158,0,158,292
07/18/2015,ANE,MN,AGL,CE,Federal Contract Tower,0,4,24,0,28,0,2,95,0,97,0,6,119,0,125,68,0,68,193
07/19/2015,ANE,MN,AGL,CE,Federal Contract Tower,0,3,43,0,46,0,4,121,2,127,0,7,164,2,173,80,0,80,253
07/20/2015,ANE,MN,AGL,CE,Federal Contract Tower,0,6,44,0,50,0,4,69,1,74,0,10,113,1,124,108,12,120,244
07/21/2015,ANE,MN,AGL,CE,Federal Contract Tower,0,10,44,0,54,0,19,127,0,146,0,29,171,0,200,292,0,292,492
07/22/2015,ANE,MN,AGL,CE,Federal Contract Tower,0,5,39,0,44,0,15,112,0,127,0,20,151,0,171,236,0,236,407
07/24/2015,ANE,MN,AGL,CE,Federal Contract Tower,0,3,37,0,40,0,3,57,0,60,0,6,94,0,100,42,0,42,142
07/25/2015,ANE,MN,AGL,CE,Federal Contract Tower,0,2,19,0,21,0,8,136,0,144,0,10,155,0,165,199,0,199,364
07/26/2015,ANE,MN,AGL,CE,Federal Contract Tower,0,2,20,0,22,0,4,79,0,83,0,6,99,0,105,18,0,18,123
07/27/2015,ANE,MN,AGL,CE,Federal Contract Tower,0,3,45,0,48,0,0,107,0,107,0,3,152,0,155,116,0,116,271
07/28/2015,ANE,MN,AGL,CE,Federal Contract Tower,0,4,27,0,31,0,5,42,0,47,0,9,69,0,78,60,14,74,152
07/29/2015,ANE,MN,AGL,CE,Federal Contract Tower,0,5,31,0,36,0,5,43,0,48,0,10,74,0,84,20,0,20,104
07/30/2015,ANE,MN,AGL,CE,Federal Contract Tower,0,10,43,1,54,0,14,108,0,122,0,24,151,1,176,214,0,214,390
07/31/2015,ANE,MN,AGL,CE,Federal Contract Tower,0,9,40,0,49,0,5,143,0,148,0,14,183,0,197,218,2,220,417
08/01/2015,ANE,MN,AGL,CE,Federal Contract Tower,0,2,21,0,23,0,8,106,0,114,0,10,127,0,137,166,0,166,303
08/02/2015,ANE,MN,AGL,CE,Federal Contract Tower,0,6,32,0,38,0,6,57,0,63,0,12,89,0,101,66,0,66,167
08/03/2015,ANE,MN,AGL,CE,Federal Contract Tower,0,8,28,0,36,0,6,125,0,131,0,14,153,0,167,186,0,186,353
08/04/2015,ANE,MN,AGL,CE,Federal Contract Tower,0,7,33,0,40,0,3,114,0,117,0,10,147,0,157,308,0,308,465
08/05/2015,ANE,MN,AGL,CE,Federal Contract Tower,0,9,38,0,47,0,3,138,0,141,0,12,176,0,188,384,0,384,572
08/06/2015,ANE,MN,AGL,CE,Federal Contract Tower,0,11,32,0,43,0,2,18,0,20,0,13,50,0,63,32,0,32,95
08/07/2015,ANE,MN,AGL,CE,Federal Contract Tower,0,7,33,3,43,0,4,61,0,65,0,11,94,3,108,174,12,186,294
08/08/2015,ANE,MN,AGL,CE,Federal Contract Tower,0,1,24,0,25,0,4,83,0,87,0,5,107,0,112,368,0,368,480
08/09/2015,ANE,MN,AGL,CE,Federal Contract Tower,0,2,28,0,30,0,0,64,0,64,0,2,92,0,94,86,0,86,180
08/10/2015,ANE,MN,AGL,CE,Federal Contract Tower,0,11,35,0,46,0,5,136,0,141,0,16,171,0,187,264,0,264,451
08/11/2015,ANE,MN,AGL,CE,Federal Contract Tower,0,7,38,0,45,0,6,117,0,123,0,13,155,0,168,256,0,256,424
08/12/2015,ANE,MN,AGL,CE,Federal Contract Tower,0,7,43,0,50,0,3,105,0,108,0,10,148,0,158,252,18,270,428
08/13/2015,ANE,MN,AGL,CE,Federal Contract Tower,0,3,46,0,49,0,8,99,0,107,0,11,145,0,156,198,0,198,354
08/14/2015,ANE,MN,AGL,CE,Federal Contract Tower,0,4,34,0,38,0,9,153,0,162,0,13,187,0,200,216,0,216,416
08/15/2015,ANE,MN,AGL,CE,Federal Contract Tower,0,1,24,0,25,0,5,108,0,113,0,6,132,0,138,80,0,80,218
08/16/2015,ANE,MN,AGL,CE,Federal Contract Tower,0,0,22,0,22,0,4,49,0,53,0,4,71,0,75,36,0,36,111
08/17/2015,ANE,MN,AGL,CE,Federal Contract Tower,0,6,37,0,43,0,7,63,0,70,0,13,100,0,113,202,0,202,315
08/18/2015,ANE,MN,AGL,CE,Federal Contract Tower,0,5,29,0,34,0,0,27,0,27,0,5,56,0,61,84,0,84,145
08/19/2015,ANE,MN,AGL,CE,Federal Contract Tower,0,4,40,1,45,0,3,7,0,10,0,7,47,1,55,6,0,6,61
08/20/2015,ANE,MN,AGL,CE,Federal Contract Tower,0,7,65,0,72,0,15,119,2,136,0,22,184,2,208,212,10,222,430
08/21/2015,ANE,MN,AGL,CE,Federal Contract Tower,0,9,56,0,65,0,13,247,6,266,0,22,303,6,331,50,10,60,391
08/22/2015,ANE,MN,AGL,CE,Federal Contract Tower,0,1,58,0,59,0,7,124,0,131,0,8,182,0,190,4,0,4,194
08/23/2015,ANE,MN,AGL,CE,Federal Contract Tower,0,1,40,0,41,0,3,37,0,40,0,4,77,0,81,14,0,14,95
08/24/2015,ANE,MN,AGL,CE,Federal Contract Tower,0,9,46,0,55,0,5,38,0,43,0,14,84,0,98,26,0,26,124
08/25/2015,ANE,MN,AGL,CE,Federal Contract Tower,0,11,45,1,57,0,8,143,0,151,0,19,188,1,208,164,38,202,410
08/26/2015,ANE,MN,AGL,CE,Federal Contract Tower,0,4,44,0,48,0,6,155,0,161,0,10,199,0,209,142,2,144,353
08/27/2015,ANE,MN,AGL,CE,Federal Contract Tower,0,7,38,1,46,0,4,122,0,126,0,11,160,1,172,336,0,336,508
08/28/2015,ANE,MN,AGL,CE,Federal Contract Tower,0,4,34,0,38,0,3,77,0,80,0,7,111,0,118,52,4,56,174
08/29/2015,ANE,MN,AGL,CE,Federal Contract Tower,0,2,25,0,27,0,6,57,0,63,0,8,82,0,90,72,0,72,162
08/30/2015,ANE,MN,AGL,CE,Federal Contract Tower,0,2,25,0,27,0,6,77,0,83,0,8,102,0,110,94,0,94,204
08/31/2015,ANE,MN,AGL,CE,Federal Contract Tower,0,5,30,0,35,0,7,55,0,62,0,12,85,0,97,38,0,38,135
09/01/2015,ANE,MN,AGL,CE,Federal Contract Tower,0,5,46,0,51,0,4,143,0,147,0,9,189,0,198,148,16,164,362
09/02/2015,ANE,MN,AGL,CE,Federal Contract Tower,0,4,41,2,47,0,3,85,0,88,0,7,126,2,135,108,0,108,243
09/03/2015,ANE,MN,AGL,CE,Federal Contract Tower,0,6,55,1,62,0,2,70,0,72,0,8,125,1,134,106,0,106,240
09/04/2015,ANE,MN,AGL,CE,Federal Contract Tower,0,9,38,0,47,0,3,139,0,142,0,12,177,0,189,224,0,224,413
09/05/2015,ANE,MN,AGL,CE,Federal Contract Tower,0,5,14,0,19,0,2,64,0,66,0,7,78,0,85,90,0,90,175
09/06/2015,ANE,MN,AGL,CE,Federal Contract Tower,0,1,14,0,15,0,2,24,0,26,0,3,38,0,41,32,0,32,73
09/07/2015,ANE,MN,AGL,CE,Federal Contract Tower,0,3,40,0,43,0,6,175,34,215,0,9,215,34,258,120,0,120,378
09/08/2015,ANE,MN,AGL,CE,Federal Contract Tower,0,4,54,0,58,0,10,132,0,142,0,14,186,0,200,280,0,280,480
09/09/2015,ANE,MN,AGL,CE,Federal Contract Tower,0,9,53,0,62,0,6,102,18,126,0,15,155,18,188,136,0,136,324
09/10/2015,ANE,MN,AGL,CE,Federal Contract Tower,0,3,58,1,62,0,13,122,0,135,0,16,180,1,197,250,2,252,449
09/11/2015,ANE,MN,AGL,CE,Federal Contract Tower,0,9,51,0,60,0,16,99,0,115,0,25,150,0,175,162,0,162,337
09/12/2015,ANE,MN,AGL,CE,Federal Contract Tower,0,5,34,0,39,0,0,160,0,160,0,5,194,0,199,172,0,172,371
09/13/2015,ANE,MN,AGL,CE,Federal Contract Tower,0,1,22,0,23,0,2,148,0,150,0,3,170,0,173,120,0,120,293
09/14/2015,ANE,MN,AGL,CE,Federal Contract Tower,0,5,37,0,42,0,4,94,0,98,0,9,131,0,140,273,0,273,413
09/15/2015,ANE,MN,AGL,CE,Federal Contract Tower,0,6,50,0,56,0,2,69,2,73,0,8,119,2,129,22,0,22,151
09/16/2015,ANE,MN,AGL,CE,Federal Contract Tower,0,7,49,0,56,0,7,69,0,76,0,14,118,0,132,26,0,26,158
09/17/2015,ANE,MN,AGL,CE,Federal Contract Tower,0,5,46,1,52,0,0,28,0,28,0,5,74,1,80,28,0,28,108
09/18/2015,ANE,MN,AGL,CE,Federal Contract Tower,0,6,61,0,67,0,11,53,0,64,0,17,114,0,131,120,0,120,251
09/19/2015,ANE,MN,AGL,CE,Federal Contract Tower,0,4,51,0,55,0,3,131,0,134,0,7,182,0,189,268,0,268,457
09/20/2015,ANE,MN,AGL,CE,Federal Contract Tower,0,0,29,0,29,0,8,79,0,87,0,8,108,0,116,46,0,46,162
09/21/2015,ANE,MN,AGL,CE,Federal Contract Tower,0,8,43,0,51,0,3,80,0,83,0,11,123,0,134,122,0,122,256
09/22/2015,ANE,MN,AGL,CE,Federal Contract Tower,0,13,36,1,50,0,7,105,0,112,0,20,141,1,162,192,0,192,354
09/23/2015,ANE,MN,AGL,CE,Federal Contract Tower,0,10,30,0,40,0,0,35,2,37,0,10,65,2,77,62,26,88,165
09/24/2015,ANE,MN,AGL,CE,Federal Contract Tower,0,5,47,0,52,0,0,51,0,51,0,5,98,0,103,80,0,80,183
09/25/2015,ANE,MN,AGL,CE,Federal Contract Tower,0,5,59,0,64,0,3,104,0,107,0,8,163,0,171,130,0,130,301
09/26/2015,ANE,MN,AGL,CE,Federal Contract Tower,0,1,9,0,10,0,3,126,0,129,0,4,135,0,139,210,0,210,349
09/27/2015,ANE,MN,AGL,CE,Federal Contract Tower,0,0,34,0,34,0,1,130,0,131,0,1,164,0,165,70,0,70,235
09/28/2015,ANE,MN,AGL,CE,Federal Contract Tower,0,6,32,0,38,0,7,85,16,108,0,13,117,16,146,134,0,134,280
09/29/2015,ANE,MN,AGL,CE,Federal Contract Tower,0,5,31,0,36,0,6,111,0,117,0,11,142,0,153,246,0,246,399
09/30/2015,ANE,MN,AGL,CE,Federal Contract Tower,0,5,70,0,75,0,4,130,0,134,0,9,200,0,209,168,2,170,379
10/01/2015,ANE,MN,AGL,CE,Federal Contract Tower,0,6,47,0,53,0,2,124,0,126,0,8,171,0,179,92,0,92,271
10/02/2015,ANE,MN,AGL,CE,Federal Contract Tower,0,3,53,0,56,0,4,111,0,115,0,7,164,0,171,132,0,132,303
10/03/2015,ANE,MN,AGL,CE,Federal Contract Tower,0,2,36,0,38,0,7,112,0,119,0,9,148,0,157,100,0,100,257
10/04/2015,ANE,MN,AGL,CE,Federal Contract Tower,0,0,37,0,37,0,0,92,0,92,0,0,129,0,129,48,0,48,177
10/05/2015,ANE,MN,AGL,CE,Federal Contract Tower,0,6,44,0,50,0,2,76,0,78,0,8,120,0,128,214,0,214,342
10/06/2015,ANE,MN,AGL,CE,Federal Contract Tower,0,4,40,0,44,0,11,103,0,114,0,15,143,0,158,206,0,206,364
10/07/2015,ANE,MN,AGL,CE,Federal Contract Tower,0,4,43,0,47,0,9,115,2,126,0,13,158,2,173,170,18,188,361
10/08/2015,ANE,MN,AGL,CE,Federal Contract Tower,0,5,42,1,48,0,4,19,2,25,0,9,61,3,73,60,0,60,133
10/09/2015,ANE,MN,AGL,CE,Federal Contract Tower,0,5,53,0,58,0,8,154,0,162,0,13,207,0,220,184,0,184,404
10/10/2015,ANE,MN,AGL,CE,Federal Contract Tower,0,2,12,0,14,0,12,44,0,56,0,14,56,0,70,32,0,32,102
10/11/2015,ANE,MN,AGL,CE,Federal Contract Tower,0,1,38,0,39,0,5,112,0,117,0,6,150,0,156,56,0,56,212
10/12/2015,ANE,MN,AGL,CE,Federal Contract Tower,0,3,23,0,26,0,4,5,0,9,0,7,28,0,35,0,0,0,35
10/13/2015,ANE,MN,AGL,CE,Federal Contract Tower,0,4,54,0,58,0,6,75,0,81,0,10,129,0,139,202,0,202,341
10/14/2015,ANE,MN,AGL,CE,Federal Contract Tower,0,2,41,0,43,0,2,83,0,85,0,4,124,0,128,144,6,150,278
10/15/2015,ANE,MN,AGL,CE,Federal Contract Tower,0,8,18,0,26,0,3,42,0,45,0,11,60,0,71,62,2,64,135
10/16/2015,ANE,MN,AGL,CE,Federal Contract Tower,0,8,33,0,41,0,1,120,0,121,0,9,153,0,162,92,0,92,254
10/17/2015,ANE,MN,AGL,CE,Federal Contract Tower,0,0,25,0,25,0,7,187,0,194,0,7,212,0,219,196,0,196,415
10/18/2015,ANE,MN,AGL,CE,Federal Contract Tower,0,4,28,0,32,0,0,68,0,68,0,4,96,0,100,52,0,52,152
10/19/2015,ANE,MN,AGL,CE,Federal Contract Tower,0,4,30,0,34,0,1,78,0,79,0,5,108,0,113,154,0,154,267
10/20/2015,ANE,MN,AGL,CE,Federal Contract Tower,0,4,44,0,48,0,3,113,0,116,0,7,157,0,164,218,4,222,386
10/21/2015,ANE,MN,AGL,CE,Federal Contract Tower,0,3,52,0,55,0,1,107,0,108,0,4,159,0,163,134,0,134,297
10/22/2015,ANE,MN,AGL,CE,Federal Contract Tower,0,6,42,0,48,0,10,121,0,131,0,16,163,0,179,170,0,170,349
10/23/2015,ANE,MN,AGL,CE,Federal Contract Tower,0,7,33,0,40,0,0,7,0,7,0,7,40,0,47,40,2,42,89
10/24/2015,ANE,MN,AGL,CE,Federal Contract Tower,0,1,21,0,22,0,5,48,0,53,0,6,69,0,75,56,0,56,131
10/25/2015,ANE,MN,AGL,CE,Federal Contract Tower,0,3,28,0,31,0,1,103,2,106,0,4,131,2,137,146,0,146,283
10/26/2015,ANE,MN,AGL,CE,Federal Contract Tower,0,5,29,0,34,0,2,85,0,87,0,7,114,0,121,152,0,152,273
10/27/2015,ANE,MN,AGL,CE,Federal Contract Tower,0,2,47,0,49,0,3,67,0,70,0,5,114,0,119,226,0,226,345
10/28/2015,ANE,MN,AGL,CE,Federal Contract Tower,0,5,20,0,25,0,0,1,0,1,0,5,21,0,26,0,0,0,26
10/29/2015,ANE,MN,AGL,CE,Federal Contract Tower,0,4,37,0,41,0,2,12,0,14,0,6,49,0,55,24,0,24,79
10/30/2015,ANE,MN,AGL,CE,Federal Contract Tower,0,5,40,0,45,0,2,40,0,42,0,7,80,0,87,162,0,162,249
10/31/2015,ANE,MN,AGL,CE,Federal Contract Tower,0,1,21,0,22,0,1,1,0,2,0,2,22,0,24,0,0,0,24
11/01/2015,ANE,MN,AGL,CE,Federal Contract Tower,0,0,28,0,28,0,7,120,0,127,0,7,148,0,155,108,0,108,263
11/02/2015,ANE,MN,AGL,CE,Federal Contract Tower,0,7,41,0,48,0,3,136,0,139,0,10,177,0,187,104,0,104,291
11/03/2015,ANE,MN,AGL,CE,Federal Contract Tower,0,8,37,0,45,0,4,134,2,140,0,12,171,2,185,140,0,140,325
11/04/2015,ANE,MN,AGL,CE,Federal Contract Tower,0,8,36,0,44,0,6,38,3,47,0,14,74,3,91,128,24,152,243
11/05/2015,ANE,MN,AGL,CE,Federal Contract Tower,0,6,52,0,58,0,0,12,1,13,0,6,64,1,71,12,6,18,89
11/06/2015,ANE,MN,AGL,CE,Federal Contract Tower,0,4,44,0,48,0,2,82,0,84,0,6,126,0,132,94,0,94,226
11/07/2015,ANE,MN,AGL,CE,Federal Contract Tower,0,3,34,0,37,0,6,106,0,112,0,9,140,0,149,136,0,136,285
11/08/2015,ANE,MN,AGL,CE,Federal Contract Tower,0,0,25,0,25,0,7,63,0,70,0,7,88,0,95,30,0,30,125
11/09/2015,ANE,MN,AGL,CE,Federal Contract Tower,0,3,45,0,48,0,5,100,2,107,0,8,145,2,155,147,4,151,306
11/10/2015,ANE,MN,AGL,CE,Federal Contract Tower,0,3,54,0,57,0,6,123,0,129,0,9,177,0,186,218,8,226,412
11/11/2015,ANE,MN,AGL,CE,Federal Contract Tower,0,6,34,0,40,0,0,60,0,60,0,6,94,0,100,230,0,230,330
11/12/2015,ANE,MN,AGL,CE,Federal Contract Tower,0,10,20,1,31,0,1,4,2,7,0,11,24,3,38,10,2,12,50
11/13/2015,ANE,MN,AGL,CE,Federal Contract Tower,0,4,51,1,56,0,3,65,0,68,0,7,116,1,124,176,2,178,302
11/14/2015,ANE,MN,AGL,CE,Federal Contract Tower,0,2,27,0,29,0,4,150,6,160,0,6,177,6,189,208,0,208,397
11/15/2015,ANE,MN,AGL,CE,Federal Contract Tower,0,0,23,0,23,0,9,120,0,129,0,9,143,0,152,136,0,136,288
11/16/2015,ANE,MN,AGL,CE,Federal Contract Tower,0,2,14,0,16,0,0,1,0,1,0,2,15,0,17,0,0,0,17
11/17/2015,ANE,MN,AGL,CE,Federal Contract Tower,0,6,23,0,29,0,0,0,0,0,0,6,23,0,29,0,0,0,29
11/18/2015,ANE,MN,AGL,CE,Federal Contract Tower,0,3,25,0,28,0,0,11,0,11,0,3,36,0,39,0,0,0,39
11/19/2015,ANE,MN,AGL,CE,Federal Contract Tower,0,5,31,0,36,0,7,5,0,12,0,12,36,0,48,18,32,50,98
11/20/2015,ANE,MN,AGL,CE,Federal Contract Tower,0,11,24,0,35,0,14,63,0,77,0,25,87,0,112,270,0,270,382
11/21/2015,ANE,MN,AGL,CE,Federal Contract Tower,0,8,20,0,28,0,7,120,0,127,0,15,140,0,155,135,0,135,290
11/22/2015,ANE,MN,AGL,CE,Federal Contract Tower,0,1,16,0,17,0,0,85,0,85,0,1,101,0,102,102,0,102,204
11/23/2015,ANE,MN,AGL,CE,Federal Contract Tower,0,6,27,0,33,0,3,105,4,112,0,9,132,4,145,70,16,86,231
11/24/2015,ANE,MN,AGL,CE,Federal Contract Tower,0,4,53,0,57,0,1,105,0,106,0,5,158,0,163,124,0,124,287
11/25/2015,ANE,MN,AGL,CE,Federal Contract Tower,0,3,21,0,24,0,1,49,0,50,0,4,70,0,74,100,0,100,174
11/26/2015,ANE,MN,AGL,CE,Federal Contract Tower,0,2,2,0,4,0,0,0,0,0,0,2,2,0,4,0,0,0,4
11/27/2015,ANE,MN,AGL,CE,Federal Contract Tower,0,6,8,0,14,0,1,47,0,48,0,7,55,0,62,60,0,60,122
11/28/2015,ANE,MN,AGL,CE,Federal Contract Tower,0,3,12,0,15,0,2,121,0,123,0,5,133,0,138,130,0,130,268
11/29/2015,ANE,MN,AGL,CE,Federal Contract Tower,0,1,23,0,24,0,10,96,0,106,0,11,119,0,130,48,0,48,178
11/30/2015,ANE,MN,AGL,CE,Federal Contract Tower,0,4,11,0,15,0,0,15,0,15,0,4,26,0,30,6,0,6,36
12/01/2015,ANE,MN,AGL,CE,Federal Contract Tower,0,5,18,0,23,0,0,2,0,2,0,5,20,0,25,0,0,0,25
12/02/2015,ANE,MN,AGL,CE,Federal Contract Tower,0,3,41,0,44,0,0,1,0,1,0,3,42,0,45,10,0,10,55
12/03/2015,ANE,MN,AGL,CE,Federal Contract Tower,0,2,38,0,40,0,0,96,0,96,0,2,134,0,136,198,0,198,334
12/04/2015,ANE,MN,AGL,CE,Federal Contract Tower,0,3,34,0,37,0,3,97,0,100,0,6,131,0,137,286,2,288,425
12/05/2015,ANE,MN,AGL,CE,Federal Contract Tower,0,4,25,0,29,0,1,106,0,107,0,5,131,0,136,216,0,216,352
12/06/2015,ANE,MN,AGL,CE,Federal Contract Tower,0,1,21,0,22,0,0,0,0,0,0,1,21,0,22,0,0,0,22
12/07/2015,ANE,MN,AGL,CE,Federal Contract Tower,0,5,28,0,33,0,0,48,0,48,0,5,76,0,81,26,0,26,107
12/08/2015,ANE,MN,AGL,CE,Federal Contract Tower,0,5,40,0,45,0,3,54,0,57,0,8,94,0,102,134,0,134,236
12/09/2015,ANE,MN,AGL,CE,Federal Contract Tower,0,7,33,0,40,0,6,102,0,108,0,13,135,0,148,228,0,228,376
12/10/2015,ANE,MN,AGL,CE,Federal Contract Tower,0,5,30,0,35,0,0,23,0,23,0,5,53,0,58,28,0,28,86
12/11/2015,ANE,MN,AGL,CE,Federal Contract Tower,0,2,17,0,19,0,0,41,0,41,0,2,58,0,60,206,0,206,266
12/12/2015,ANE,MN,AGL,CE,Federal Contract Tower,0,1,23,0,24,0,0,11,0,11,0,1,34,0,35,82,0,82,117
12/13/2015,ANE,MN,AGL,CE,Federal Contract Tower,0,0,6,0,6,0,0,0,0,0,0,0,6,0,6,0,0,0,6
12/14/2015,ANE,MN,AGL,CE,Federal Contract Tower,0,1,14,0,15,0,0,2,0,2,0,1,16,0,17,0,0,0,17
12/15/2015,ANE,MN,AGL,CE,Federal Contract Tower,0,3,28,0,31,0,0,68,0,68,0,3,96,0,99,52,0,52,151
12/16/2015,ANE,MN,AGL,CE,Federal Contract Tower,0,11,29,0,40,0,0,0,0,0,0,11,29,0,40,0,12,12,52
12/17/2015,ANE,MN,AGL,CE,Federal Contract Tower,0,3,34,0,37,0,2,27,0,29,0,5,61,0,66,48,0,48,114
12/18/2015,ANE,MN,AGL,CE,Federal Contract Tower,0,5,47,0,52,0,1,65,0,66,0,6,112,0,118,182,0,182,300
12/19/2015,ANE,MN,AGL,CE,Federal Contract Tower,0,7,14,0,21,0,8,116,0,124,0,15,130,0,145,120,0,120,265
12/20/2015,ANE,MN,AGL,CE,Federal Contract Tower,0,3,21,0,24,0,4,69,0,73,0,7,90,0,97,100,0,100,197
12/21/2015,ANE,MN,AGL,CE,Federal Contract Tower,0,3,23,0,26,0,0,18,0,18,0,3,41,0,44,146,0,146,190
12/22/2015,ANE,MN,AGL,CE,Federal Contract Tower,0,5,38,0,43,0,0,1,0,1,0,5,39,0,44,28,0,28,72
12/23/2015,ANE,MN,AGL,CE,Federal Contract Tower,0,4,6,0,10,0,0,0,0,0,0,4,6,0,10,0,0,0,10
12/24/2015,ANE,MN,AGL,CE,Federal Contract Tower,0,4,9,0,13,0,7,30,0,37,0,11,39,0,50,6,0,6,56
12/25/2015,ANE,MN,AGL,CE,Federal Contract Tower,0,1,4,0,5,0,0,4,0,4,0,1,8,0,9,0,0,0,9
12/26/2015,ANE,MN,AGL,CE,Federal Contract Tower,0,2,14,0,16,0,0,12,0,12,0,2,26,0,28,22,0,22,50
12/27/2015,ANE,MN,AGL,CE,Federal Contract Tower,0,1,15,0,16,0,7,59,0,66,0,8,74,0,82,142,0,142,224
12/28/2015,ANE,MN,AGL,CE,Federal Contract Tower,0,1,26,0,27,0,1,44,0,45,0,2,70,0,72,148,0,148,220
12/29/2015,ANE,MN,AGL,CE,Federal Contract Tower,0,8,19,0,27,0,0,0,0,0,0,8,19,0,27,0,0,0,27
12/30/2015,ANE,MN,AGL,CE,Federal Contract Tower,0,4,9,0,13,0,4,8,0,12,0,8,17,0,25,62,0,62,87
12/31/2015,ANE,MN,AGL,CE,Federal Contract Tower,0,7,41,0,48,0,0,74,0,74,0,7,115,0,122,98,0,98,220
01/01/2016,ANE,MN,AGL,CE,Federal Contract Tower,0,0,16,0,16,0,1,39,0,40,0,1,55,0,56,58,0,58,114
01/02/2016,ANE,MN,AGL,CE,Federal Contract Tower,0,5,36,0,41,0,5,130,0,135,0,10,166,0,176,190,0,190,366
01/03/2016,ANE,MN,AGL,CE,Federal Contract Tower,0,5,24,0,29,0,1,61,0,62,0,6,85,0,91,114,0,114,205
01/04/2016,ANE,MN,AGL,CE,Federal Contract Tower,0,10,15,0,25,0,2,67,0,69,0,12,82,0,94,186,0,186,280
01/05/2016,ANE,MN,AGL,CE,Federal Contract Tower,0,2,36,0,38,0,1,51,0,52,0,3,87,0,90,122,2,124,214
01/06/2016,ANE,MN,AGL,CE,Federal Contract Tower,0,6,25,1,32,0,16,45,0,61,0,22,70,1,93,122,0,122,215
01/07/2016,ANE,MN,AGL,CE,Federal Contract Tower,0,4,6,0,10,0,0,0,0,0,0,4,6,0,10,0,0,0,10
01/08/2016,ANE,MN,AGL,CE,Federal Contract Tower,0,8,11,0,19,0,0,0,0,0,0,8,11,0,19,0,0,0,19
01/09/2016,ANE,MN,AGL,CE,Federal Contract Tower,0,5,22,0,27,0,3,28,0,31,0,8,50,0,58,124,0,124,182
01/10/2016,ANE,MN,AGL,CE,Federal Contract Tower,0,3,13,0,16,0,1,32,0,33,0,4,45,0,49,40,0,40,89
01/11/2016,ANE,MN,AGL,CE,Federal Contract Tower,0,3,14,0,17,0,2,14,0,16,0,5,28,0,33,92,0,92,125
01/12/2016,ANE,MN,AGL,CE,Federal Contract Tower,0,11,35,0,46,0,4,47,0,51,0,15,82,0,97,66,0,66,163
01/13/2016,ANE,MN,AGL,CE,Federal Contract Tower,0,4,52,0,56,0,2,67,0,69,0,6,119,0,125,154,22,176,301
01/14/2016,ANE,MN,AGL,CE,Federal Contract Tower,0,8,34,0,42,0,0,43,0,43,0,8,77,0,85,96,0,96,181
01/15/2016,ANE,MN,AGL,CE,Federal Contract Tower,0,8,26,0,34,0,0,43,0,43,0,8,69,0,77,68,0,68,145
01/16/2016,ANE,MN,AGL,CE,Federal Contract Tower,0,2,8,0,10,0,0,25,0,25,0,2,33,0,35,52,0,52,87
01/17/2016,ANE,MN,AGL,CE,Federal Contract Tower,0,4,6,0,10,0,3,7,0,10,0,7,13,0,20,10,0,10,30
01/18/2016,ANE,MN,AGL,CE,Federal Contract Tower,0,9,35,0,44,0,4,32,0,36,0,13,67,0,80,20,0,20,100
01/19/2016,ANE,MN,AGL,CE,Federal Contract Tower,0,2,33,0,35,0,3,39,0,42,0,5,72,0,77,68,0,68,145
01/20/2016,ANE,MN,AGL,CE,Federal Contract Tower,0,6,19,2,27,0,2,30,0,32,0,8,49,2,59,68,0,68,127
01/21/2016,ANE,MN,AGL,CE,Federal Contract Tower,0,5,26,2,33,0,0,13,0,13,0,5,39,2,46,0,0,0,46
01/22/2016,ANE,MN,AGL,CE,Federal Contract Tower,0,5,32,0,37,0,6,48,0,54,0,11,80,0,91,116,26,142,233
01/23/2016,ANE,MN,AGL,CE,Federal Contract Tower,0,0,10,0,10,0,0,69,0,69,0,0,79,0,79,124,0,124,203
01/24/2016,ANE,MN,AGL,CE,Federal Contract Tower,0,0,16,0,16,0,0,1,0,1,0,0,17,0,17,0,0,0,17
01/25/2016,ANE,MN,AGL,CE,Federal Contract Tower,0,3,10,0,13,0,0,1,0,1,0,3,11,0,14,2,0,2,16
01/26/2016,ANE,MN,AGL,CE,Federal Contract Tower,0,7,26,0,33,0,0,44,0,44,0,7,70,0,77,92,0,92,169
01/28/2016,ANE,MN,AGL,CE,Federal Contract Tower,0,8,38,0,46,0,7,85,0,92,0,15,123,0,138,80,0,80,218
01/29/2016,ANE,MN,AGL,CE,Federal Contract Tower,0,3,23,0,26,0,0,44,0,44,0,3,67,0,70,90,0,90,160
01/30/2016,ANE,MN,AGL,CE,Federal Contract Tower,0,2,35,0,37,0,0,110,0,110,0,2,145,0,147,206,0,206,353
01/31/2016,ANE,MN,AGL,CE,Federal Contract Tower,0,1,37,0,38,0,0,169,0,169,0,1,206,0,207,208,0,208,415
02/01/2016,ANE,MN,AGL,CE,Federal Contract Tower,0,7,18,0,25,0,1,20,0,21,0,8,38,0,46,112,0,112,158
02/02/2016,ANE,MN,AGL,CE,Federal Contract Tower,0,1,8,0,9,0,0,5,0,5,0,1,13,0,14,22,0,22,36
02/03/2016,ANE,MN,AGL,CE,Federal Contract Tower,0,7,19,0,26,0,1,17,0,18,0,8,36,0,44,102,0,102,146
02/04/2016,ANE,MN,AGL,CE,Federal Contract Tower,0,7,18,0,25,0,1,29,0,30,0,8,47,0,55,78,0,78,133
02/05/2016,ANE,MN,AGL,CE,Federal Contract Tower,0,5,35,0,40,0,1,60,0,61,0,6,95,0,101,124,0,124,225
02/06/2016,ANE,MN,AGL,CE,Federal Contract Tower,0,6,35,0,41,0,2,76,0,78,0,8,111,0,119,206,0,206,325
02/07/2016,ANE,MN,AGL,CE,Federal Contract Tower,0,0,8,0,8,0,3,5,0,8,0,3,13,0,16,10,0,10,26
02/08/2016,ANE,MN,AGL,CE,Federal Contract Tower,0,2,18,0,20,0,0,3,0,3,0,2,21,0,23,0,0,0,23
02/09/2016,ANE,MN,AGL,CE,Federal Contract Tower,0,5,29,1,35,0,2,31,0,33,0,7,60,1,68,84,0,84,152
02/10/2016,ANE,MN,AGL,CE,Federal Contract Tower,0,11,32,0,43,0,4,41,1,46,0,15,73,1,89,146,22,168,257
02/11/2016,ANE,MN,AGL,CE,Federal Contract Tower,0,6,42,0,48,0,2,42,0,44,0,8,84,0,92,76,0,76,168
02/12/2016,ANE,MN,AGL,CE,Federal Contract Tower,0,6,24,0,30,0,4,38,0,42,0,10,62,0,72,28,0,28,100
02/13/2016,ANE,MN,AGL,CE,Federal Contract Tower,0,1,20,0,21,0,1,123,0,124,0,2,143,0,145,64,0,64,209
02/14/2016,ANE,MN,AGL,CE,Federal Contract Tower,0,6,11,0,17,0,0,6,0,6,0,6,17,0,23,0,0,0,23
02/15/2016,ANE,MN,AGL,CE,Federal Contract Tower,0,3,34,0,37,0,0,38,0,38,0,3,72,0,75,152,0,152,227
02/16/2016,ANE,MN,AGL,CE,Federal Contract Tower,0,6,29,0,35,0,1,54,0,55,0,7,83,0,90,164,0,164,254
02/17/2016,ANE,MN,AGL,CE,Federal Contract Tower,0,3,25,0,28,0,1,83,2,86,0,4,108,2,114,130,2,132,246
02/18/2016,ANE,MN,AGL,CE,Federal Contract Tower,0,5,30,0,35,0,2,22,0,24,0,7,52,0,59,8,0,8,67
02/19/2016,ANE,MN,AGL,CE,Federal Contract Tower,0,4,30,0,34,0,3,13,0,16,0,7,43,0,50,0,0,0,50
02/20/2016,ANE,MN,AGL,CE,Federal Contract Tower,0,3,35,1,39,0,6,60,0,66,0,9,95,1,105,84,0,84,189
02/21/2016,ANE,MN,AGL,CE,Federal Contract Tower,0,1,19,0,20,0,5,74,0,79,0,6,93,0,99,154,0,154,253
02/22/2016,ANE,MN,AGL,CE,Federal Contract Tower,0,8,26,0,34,0,2,90,0,92,0,10,116,0,126,168,0,168,294
02/23/2016,ANE,MN,AGL,CE,Federal Contract Tower,0,4,24,0,28,0,1,5,0,6,0,5,29,0,34,58,0,58,92
02/24/2016,ANE,MN,AGL,CE,Federal Contract Tower,0,8,46,0,54,0,5,50,0,55,0,13,96,0,109,180,0,180,289
02/26/2016,ANE,MN,AGL,CE,Federal Contract Tower,0,5,29,0,34,0,0,101,0,101,0,5,130,0,135,264,12,276,411
02/27/2016,ANE,MN,AGL,CE,Federal Contract Tower,0,6,29,0,35,0,3,159,0,162,0,9,188,0,197,128,0,128,325
02/28/2016,ANE,MN,AGL,CE,Federal Contract Tower,0,1,6,0,7,0,0,4,0,4,0,1,10,0,11,0,0,0,11
02/29/2016,ANE,MN,AGL,CE,Federal Contract Tower,0,5,35,0,40,0,5,34,0,39,0,10,69,0,79,28,12,40,119
03/01/2016,ANE,MN,AGL,CE,Federal Contract Tower,0,7,26,0,33,0,8,79,0,87,0,15,105,0,120,182,0,182,302
03/02/2016,ANE,MN,AGL,CE,Federal Contract Tower,0,6,49,1,56,0,2,81,0,83,0,8,130,1,139,300,0,300,439
03/03/2016,ANE,MN,AGL,CE,Federal Contract Tower,0,3,29,0,32,0,2,59,0,61,0,5,88,0,93,206,0,206,299
03/04/2016,ANE,MN,AGL,CE,Federal Contract Tower,0,4,30,0,34,0,0,16,0,16,0,4,46,0,50,96,10,106,156
03/05/2016,ANE,MN,AGL,CE,Federal Contract Tower,0,2,19,0,21,0,2,78,0,80,0,4,97,0,101,138,0,138,239
03/06/2016,ANE,MN,AGL,CE,Federal Contract Tower,0,1,25,0,26,0,4,75,0,79,0,5,100,0,105,82,0,82,187
03/07/2016,ANE,MN,AGL,CE,Federal Contract Tower,0,3,27,0,30,0,6,60,0,66,0,9,87,0,96,190,0,190,286
03/08/2016,ANE,MN,AGL,CE,Federal Contract Tower,0,3,29,2,34,0,1,16,0,17,0,4,45,2,51,54,2,56,107
03/09/2016,ANE,MN,AGL,CE,Federal Contract Tower,0,7,26,0,33,0,0,8,0,8,0,7,34,0,41,96,0,96,137
03/10/2016,ANE,MN,AGL,CE,Federal Contract Tower,0,2,31,0,33,0,4,51,0,55,0,6,82,0,88,250,12,262,350
03/11/2016,ANE,MN,AGL,CE,Federal Contract Tower,0,8,35,0,43,0,2,69,0,71,0,10,104,0,114,132,0,132,246
03/12/2016,ANE,MN,AGL,CE,Federal Contract Tower,0,8,38,0,46,0,4,131,0,135,0,12,169,0,181,178,0,178,359
03/13/2016,ANE,MN,AGL,CE,Federal Contract Tower,0,4,33,0,37,0,2,40,0,42,0,6,73,0,79,98,0,98,177
03/14/2016,ANE,MN,AGL,CE,Federal Contract Tower,0,3,31,0,34,0,8,0,0,8,0,11,31,0,42,44,0,44,86
03/15/2016,ANE,MN,AGL,CE,Federal Contract Tower,0,5,30,0,35,0,0,2,0,2,0,5,32,0,37,10,0,10,47
03/16/2016,ANE,MN,AGL,CE,Federal Contract Tower,0,7,19,0,26,0,0,5,0,5,0,7,24,0,31,4,0,4,35
03/17/2016,ANE,MN,AGL,CE,Federal Contract Tower,0,2,39,1,42,0,2,31,0,33,0,4,70,1,75,248,2,250,325
03/18/2016,ANE,MN,AGL,CE,Federal Contract Tower,0,5,14,0,19,0,9,27,0,36,0,14,41,0,55,138,8,146,201
03/19/2016,ANE,MN,AGL,CE,Federal Contract Tower,0,3,20,0,23,0,5,50,0,55,0,8,70,0,78,246,12,258,336
03/20/2016,ANE,MN,AGL,CE,Federal Contract Tower,0,2,29,0,31,0,7,102,0,109,0,9,131,0,140,124,0,124,264
03/21/2016,ANE,MN,AGL,CE,Federal Contract Tower,0,2,23,0,25,0,1,81,0,82,0,3,104,0,107,80,0,80,187
03/22/2016,ANE,MN,AGL,CE,Federal Contract Tower,0,2,37,1,40,0,4,68,0,72,0,6,105,1,112,72,4,76,188
03/23/2016,ANE,MN,AGL,CE,Federal Contract Tower,0,5,16,0,21,0,0,32,0,32,0,5,48,0,53,92,0,92,145
03/24/2016,ANE,MN,AGL,CE,Federal Contract Tower,0,3,33,0,36,0,1,70,2,73,0,4,103,2,109,98,4,102,211
03/25/2016,ANE,MN,AGL,CE,Federal Contract Tower,0,4,47,0,51,0,4,95,0,99,0,8,142,0,150,148,0,148,298
03/26/2016,ANE,MN,AGL,CE,Federal Contract Tower,0,2,21,0,23,0,1,53,0,54,0,3,74,0,77,154,0,154,231
03/27/2016,ANE,MN,AGL,CE,Federal Contract Tower,0,3,6,0,9,0,6,12,0,18,0,9,18,0,27,2,0,2,29
03/28/2016,ANE,MN,AGL,CE,Federal Contract Tower,0,4,46,0,50,0,2,148,0,150,0,6,194,0,200,210,0,210,410
03/29/2016,ANE,MN,AGL,CE,Federal Contract Tower,0,3,60,1,64,0,4,76,2,82,0,7,136,3,146,156,0,156,302
03/30/2016,ANE,MN,AGL,CE,Federal Contract Tower,0,7,23,0,30,0,0,0,0,0,0,7,23,0,30,0,0,0,30
03/31/2016,ANE,MN,AGL,CE,Federal Contract Tower,0,4,18,0,22,0,2,33,0,35,0,6,51,0,57,76,0,76,133
04/01/2016,ANE,MN,AGL,CE,Federal Contract Tower,0,5,23,0,28,0,1,44,0,45,0,6,67,0,73,70,0,70,143
04/02/2016,ANE,MN,AGL,CE,Federal Contract Tower,0,2,13,0,15,0,2,12,0,14,0,4,25,0,29,6,0,6,35
04/03/2016,ANE,MN,AGL,CE,Federal Contract Tower,0,2,18,0,20,0,2,78,0,80,0,4,96,0,100,172,0,172,272
04/04/2016,ANE,MN,AGL,CE,Federal Contract Tower,0,8,29,0,37,0,3,81,0,84,0,11,110,0,121,112,0,112,233
04/05/2016,ANE,MN,AGL,CE,Federal Contract Tower,0,4,30,0,34,0,4,27,0,31,0,8,57,0,65,32,12,44,109
04/06/2016,ANE,MN,AGL,CE,Federal Contract Tower,0,11,26,0,37,0,2,37,0,39,0,13,63,0,76,32,0,32,108
04/07/2016,ANE,MN,AGL,CE,Federal Contract Tower,0,3,26,0,29,0,4,23,0,27,0,7,49,0,56,108,0,108,164
04/08/2016,ANE,MN,AGL,CE,Federal Contract Tower,0,4,21,0,25,0,4,19,0,23,0,8,40,0,48,54,0,54,102
04/09/2016,ANE,MN,AGL,CE,Federal Contract Tower,0,2,25,0,27,0,9,110,0,119,0,11,135,0,146,150,0,150,296
04/10/2016,ANE,MN,AGL,CE,Federal Contract Tower,0,1,18,0,19,0,2,70,0,72,0,3,88,0,91,112,0,112,203
04/11/2016,ANE,MN,AGL,CE,Federal Contract Tower,0,4,32,0,36,0,6,24,0,30,0,10,56,0,66,36,0,36,102
04/12/2016,ANE,MN,AGL,CE,Federal Contract Tower,0,3,53,2,58,0,6,90,0,96,0,9,143,2,154,124,2,126,280
04/13/2016,ANE,MN,AGL,CE,Federal Contract Tower,0,3,29,0,32,0,4,138,3,145,0,7,167,3,177,286,24,310,487
04/14/2016,ANE,MN,AGL,CE,Federal Contract Tower,0,3,40,0,43,0,7,54,0,61,0,10,94,0,104,126,0,126,230
04/15/2016,ANE,MN,AGL,CE,Federal Contract Tower,0,3,47,0,50,0,2,105,0,107,0,5,152,0,157,130,0,130,287
04/16/2016,ANE,MN,AGL,CE,Federal Contract Tower,0,1,29,0,30,0,6,93,0,99,0,7,122,0,129,152,0,152,281
04/17/2016,ANE,MN,AGL,CE,Federal Contract Tower,0,1,23,0,24,0,5,89,0,94,0,6,112,0,118,140,0,140,258
04/18/2016,ANE,MN,AGL,CE,Federal Contract Tower,0,4,29,0,33,0,4,66,0,70,0,8,95,0,103,202,0,202,305
04/19/2016,ANE,MN,AGL,CE,Federal Contract Tower,0,2,31,0,33,0,4,28,0,32,0,6,59,0,65,86,0,86,151
04/20/2016,ANE,MN,AGL,CE,Federal Contract Tower,0,4,47,0,51,0,5,53,0,58,0,9,100,0,109,194,0,194,303
04/21/2016,ANE,MN,AGL,CE,Federal Contract Tower,0,3,33,0,36,0,2,26,2,30,0,5,59,2,66,82,10,92,158
04/22/2016,ANE,MN,AGL,CE,Federal Contract Tower,0,12,43,0,55,0,9,127,0,136,0,21,170,0,191,234,0,234,425
04/23/2016,ANE,MN,AGL,CE,Federal Contract Tower,0,6,22,0,28,0,6,124,0,130,0,12,146,0,158,184,0,184,342
04/24/2016,ANE,MN,AGL,CE,Federal Contract Tower,0,2,28,0,30,0,0,1,0,1,0,2,29,0,31,0,0,0,31
04/25/2016,ANE,MN,AGL,CE,Federal Contract Tower,0,2,22,0,24,0,4,0,0,4,0,6,22,0,28,0,0,0,28
04/26/2016,ANE,MN,AGL,CE,Federal Contract Tower,0,6,29,0,35,0,4,27,0,31,0,10,56,0,66,150,0,150,216
04/27/2016,ANE,MN,AGL,CE,Federal Contract Tower,0,4,34,0,38,0,6,29,0,35,0,10,63,0,73,124,0,124,197
04/28/2016,ANE,MN,AGL,CE,Federal Contract Tower,0,4,33,1,38,0,8,23,0,31,0,12,56,1,69,68,0,68,137
04/29/2016,ANE,MN,AGL,CE,Federal Contract Tower,0,2,50,0,52,0,7,174,0,181,0,9,224,0,233,316,0,316,549
04/30/2016,ANE,MN,AGL,CE,Federal Contract Tower,0,2,35,0,37,0,7,100,0,107,0,9,135,0,144,174,0,174,318
05/01/2016,ANE,MN,AGL,CE,Federal Contract Tower,0,1,21,0,22,0,6,122,0,128,0,7,143,0,150,228,0,228,378
05/02/2016,ANE,MN,AGL,CE,Federal Contract Tower,0,4,38,0,42,0,7,114,0,121,0,11,152,0,163,172,0,172,335
05/03/2016,ANE,MN,AGL,CE,Federal Contract Tower,0,5,46,0,51,0,4,58,0,62,0,9,104,0,113,120,0,120,233
05/04/2016,ANE,MN,AGL,CE,Federal Contract Tower,0,10,42,0,52,0,20,81,0,101,0,30,123,0,153,172,2,174,327
05/05/2016,ANE,MN,AGL,CE,Federal Contract Tower,0,4,45,2,51,0,15,154,0,169,0,19,199,2,220,220,8,228,448
05/06/2016,ANE,MN,AGL,CE,Federal Contract Tower,0,5,25,0,30,0,7,96,0,103,0,12,121,0,133,136,0,136,269
05/07/2016,ANE,MN,AGL,CE,Federal Contract Tower,0,4,23,0,27,0,7,83,0,90,0,11,106,0,117,134,0,134,251
05/08/2016,ANE,MN,AGL,CE,Federal Contract Tower,0,2,24,0,26,0,9,87,0,96,0,11,111,0,122,84,0,84,206
05/09/2016,ANE,MN,AGL,CE,Federal Contract Tower,0,3,29,0,32,0,1,37,0,38,0,4,66,0,70,172,0,172,242
05/10/2016,ANE,MN,AGL,CE,Federal Contract Tower,0,7,64,0,71,0,0,2,0,2,0,7,66,0,73,0,0,0,73
05/11/2016,ANE,MN,AGL,CE,Federal Contract Tower,0,8,43,0,51,0,3,2,0,5,0,11,45,0,56,4,0,4,60
05/12/2016,ANE,MN,AGL,CE,Federal Contract Tower,0,11,42,0,53,0,1,80,0,81,0,12,122,0,134,166,8,174,308
05/13/2016,ANE,MN,AGL,CE,Federal Contract Tower,0,2,30,0,32,0,1,64,4,69,0,3,94,4,101,0,26,26,127
05/14/2016,ANE,MN,AGL,CE,Federal Contract Tower,0,1,33,0,34,0,4,91,2,97,0,5,124,2,131,136,12,148,279
05/15/2016,ANE,MN,AGL,CE,Federal Contract Tower,0,0,36,0,36,0,0,85,0,85,0,0,121,0,121,206,0,206,327
05/16/2016,ANE,MN,AGL,CE,Federal Contract Tower,0,6,56,0,62,0,14,102,0,116,0,20,158,0,178,236,0,236,414
05/17/2016,ANE,MN,AGL,CE,Federal Contract Tower,0,8,59,1,68,0,7,109,0,116,0,15,168,1,184,232,2,234,418
05/18/2016,ANE,MN,AGL,CE,Federal Contract Tower,0,7,30,1,38,0,5,143,0,148,0,12,173,1,186,216,4,220,406
05/19/2016,ANE,MN,AGL,CE,Federal Contract Tower,0,9,23,0,32,0,5,97,0,102,0,14,120,0,134,186,0,186,320
05/20/2016,ANE,MN,AGL,CE,Federal Contract Tower,0,8,41,0,49,0,8,109,0,117,0,16,150,0,166,122,6,128,294
05/21/2016,ANE,MN,AGL,CE,Federal Contract Tower,0,2,24,0,26,0,1,159,0,160,0,3,183,0,186,178,0,178,364
05/22/2016,ANE,MN,AGL,CE,Federal Contract Tower,0,0,29,0,29,0,7,74,0,81,0,7,103,0,110,90,0,90,200
05/23/2016,ANE,MN,AGL,CE,Federal Contract Tower,0,6,32,1,39,0,3,18,0,21,0,9,50,1,60,26,2,28,88
05/24/2016,ANE,MN,AGL,CE,Federal Contract Tower,0,7,43,0,50,0,8,80,0,88,0,15,123,0,138,282,0,282,420
05/25/2016,ANE,MN,AGL,CE,Federal Contract Tower,0,3,22,0,25,0,10,40,2,52,0,13,62,2,77,70,8,78,155
05/26/2016,ANE,MN,AGL,CE,Federal Contract Tower,0,4,43,0,47,0,19,122,0,141,0,23,165,0,188,268,14,282,470
05/27/2016,ANE,MN,AGL,CE,Federal Contract Tower,0,6,31,0,37,0,6,9,0,15,0,12,40,0,52,14,0,14,66
05/29/2016,ANE,MN,AGL,CE,Federal Contract Tower,0,0,31,0,31,0,3,39,0,42,0,3,70,0,73,64,0,64,137
05/30/2016,ANE,MN,AGL,CE,Federal Contract Tower,0,0,30,0,30,0,6,145,0,151,0,6,175,0,181,96,0,96,277
05/31/2016,ANE,MN,AGL,CE,Federal Contract Tower,0,3,44,0,47,0,1,47,0,48,0,4,91,0,95,150,0,150,245
06/01/2016,ANE,MN,AGL,CE,Federal Contract Tower,0,5,51,0,56,0,0,73,0,73,0,5,124,0,129,228,0,228,357
06/02/2016,ANE,MN,AGL,CE,Federal Contract Tower,0,4,61,0,65,0,1,94,0,95,0,5,155,0,160,300,0,300,460
06/03/2016,ANE,MN,AGL,CE,Federal Contract Tower,0,6,31,0,37,0,0,35,0,35,0,6,66,0,72,8,0,8,80
06/04/2016,ANE,MN,AGL,CE,Federal Contract Tower,0,2,18,0,20,0,11,213,0,224,0,13,231,0,244,260,0,260,504
06/05/2016,ANE,MN,AGL,CE,Federal Contract Tower,0,2,30,0,32,0,7,402,0,409,0,9,432,0,441,240,0,240,681
06/06/2016,ANE,MN,AGL,CE,Federal Contract Tower,0,4,38,0,42,0,5,54,0,59,0,9,92,0,101,115,0,115,216
06/07/2016,ANE,MN,AGL,CE,Federal Contract Tower,0,4,38,0,42,0,1,125,0,126,0,5,163,0,168,144,0,144,312
06/08/2016,ANE,MN,AGL,CE,Federal Contract Tower,0,8,38,0,46,0,12,118,0,130,0,20,156,0,176,234,14,248,424
06/09/2016,ANE,MN,AGL,CE,Federal Contract Tower,0,5,38,0,43,0,4,58,0,62,0,9,96,0,105,100,0,100,205
06/10/2016,ANE,MN,AGL,CE,Federal Contract Tower,0,4,17,0,21,0,1,71,0,72,0,5,88,0,93,107,0,107,200
06/11/2016,ANE,MN,AGL,CE,Federal Contract Tower,0,3,27,0,30,0,6,139,8,153,0,9,166,8,183,108,0,108,291
06/12/2016,ANE,MN,AGL,CE,Federal Contract Tower,0,1,19,0,20,0,5,59,3,67,0,6,78,3,87,40,0,40,127
06/13/2016,ANE,MN,AGL,CE,Federal Contract Tower,0,10,38,0,48,0,0,78,2,80,0,10,116,2,128,90,4,94,222
06/14/2016,ANE,MN,AGL,CE,Federal Contract Tower,0,11,50,0,61,0,1,59,0,60,0,12,109,0,121,98,0,98,219
06/15/2016,ANE,MN,AGL,CE,Federal Contract Tower,0,3,42,0,45,0,6,51,0,57,0,9,93,0,102,138,0,138,240
06/16/2016,ANE,MN,AGL,CE,Federal Contract Tower,0,7,48,0,55,0,4,88,0,92,0,11,136,0,147,274,0,274,421
06/17/2016,ANE,MN,AGL,CE,Federal Contract Tower,0,7,26,0,33,0,7,89,1,97,0,14,115,1,130,152,0,152,282
06/18/2016,ANE,MN,AGL,CE,Federal Contract Tower,0,4,24,0,28,0,2,95,0,97,0,6,119,0,125,86,0,86,211
06/19/2016,ANE,MN,AGL,CE,Federal Contract Tower,0,0,25,0,25,0,0,67,0,67,0,0,92,0,92,28,0,28,120
06/20/2016,ANE,MN,AGL,CE,Federal Contract Tower,0,4,28,0,32,0,5,104,0,109,0,9,132,0,141,162,4,166,307
06/21/2016,ANE,MN,AGL,CE,Federal Contract Tower,0,5,55,0,60,0,5,141,0,146,0,10,196,0,206,268,0,268,474
06/22/2016,ANE,MN,AGL,CE,Federal Contract Tower,0,4,40,0,44,0,6,88,2,96,0,10,128,2,140,220,4,224,364
06/23/2016,ANE,MN,AGL,CE,Federal Contract Tower,0,2,47,0,49,0,10,106,0,116,0,12,153,0,165,188,0,188,353
06/24/2016,ANE,MN,AGL,CE,Federal Contract Tower,0,3,36,0,39,0,10,144,0,154,0,13,180,0,193,132,0,132,325
06/25/2016,ANE,MN,AGL,CE,Federal Contract Tower,0,3,13,0,16,0,4,43,0,47,0,7,56,0,63,24,0,24,87
06/26/2016,ANE,MN,AGL,CE,Federal Contract Tower,0,4,30,0,34,0,5,53,0,58,0,9,83,0,92,44,0,44,136
06/27/2016,ANE,MN,AGL,CE,Federal Contract Tower,0,7,27,0,34,0,4,72,0,76,0,11,99,0,110,176,0,176,286
06/28/2016,ANE,MN,AGL,CE,Federal Contract Tower,0,8,36,0,44,0,19,135,0,154,0,27,171,0,198,204,0,204,402
06/29/2016,ANE,MN,AGL,CE,Federal Contract Tower,0,4,55,0,59,0,5,111,0,116,0,9,166,0,175,258,0,258,433
06/30/2016,ANE,MN,AGL,CE,Federal Contract Tower,0,6,34,0,40,0,8,73,0,81,0,14,107,0,121,248,2,250,371
07/01/2016,ANE,MN,AGL,CE,Federal Contract Tower,0,4,42,0,46,0,3,112,0,115,0,7,154,0,161,192,0,192,353
07/02/2016,ANE,MN,AGL,CE,Federal Contract Tower,0,2,22,0,24,0,7,95,0,102,0,9,117,0,126,130,0,130,256
07/03/2016,ANE,MN,AGL,CE,Federal Contract Tower,0,3,15,0,18,0,8,90,0,98,0,11,105,0,116,58,0,58,174
07/04/2016,ANE,MN,AGL,CE,Federal Contract Tower,0,0,16,0,16,0,9,72,0,81,0,9,88,0,97,30,0,30,127
07/05/2016,ANE,MN,AGL,CE,Federal Contract Tower,0,2,27,0,29,0,0,50,0,50,0,2,77,0,79,74,0,74,153
07/06/2016,ANE,MN,AGL,CE,Federal Contract Tower,0,6,55,2,63,0,2,165,0,167,0,8,220,2,230,202,0,202,432
07/07/2016,ANE,MN,AGL,CE,Federal Contract Tower,0,7,60,0,67,0,19,89,0,108,0,26,149,0,175,352,16,368,543
07/08/2016,ANE,MN,AGL,CE,Federal Contract Tower,0,3,22,1,26,0,8,69,0,77,0,11,91,1,103,108,2,110,213
07/09/2016,ANE,MN,AGL,CE,Federal Contract Tower,0,2,25,0,27,0,9,142,1,152,0,11,167,1,179,218,0,218,397
07/10/2016,ANE,MN,AGL,CE,Federal Contract Tower,0,3,47,0,50,0,2,39,0,41,0,5,86,0,91,44,0,44,135
07/11/2016,ANE,MN,AGL,CE,Federal Contract Tower,0,5,32,0,37,0,1,36,0,37,0,6,68,0,74,82,0,82,156
07/12/2016,ANE,MN,AGL,CE,Federal Contract Tower,0,2,56,1,59,0,4,76,2,82,0,6,132,3,141,146,10,156,297
07/13/2016,ANE,MN,AGL,CE,Federal Contract Tower,0,9,42,0,51,0,6,106,0,112,0,15,148,0,163,126,0,126,289
07/14/2016,ANE,MN,AGL,CE,Federal Contract Tower,0,7,50,1,58,0,1,64,2,67,0,8,114,3,125,64,0,64,189
07/15/2016,ANE,MN,AGL,CE,Federal Contract Tower,0,7,28,0,35,0,6,104,0,110,0,13,132,0,145,200,0,200,345
07/16/2016,ANE,MN,AGL,CE,Federal Contract Tower,0,9,35,0,44,0,10,138,0,148,0,19,173,0,192,160,0,160,352
07/17/2016,ANE,MN,AGL,CE,Federal Contract Tower,0,1,33,0,34,0,0,56,0,56,0,1,89,0,90,54,0,54,144
07/18/2016,ANE,MN,AGL,CE,Federal Contract Tower,0,4,30,0,34,0,3,111,0,114,0,7,141,0,148,118,0,118,266
07/19/2016,ANE,MN,AGL,CE,Federal Contract Tower,0,9,42,2,53,0,1,126,2,129,0,10,168,4,182,116,4,120,302
07/20/2016,ANE,MN,AGL,CE,Federal Contract Tower,0,3,44,0,47,0,3,97,0,100,0,6,141,0,147,176,12,188,335
07/21/2016,ANE,MN,AGL,CE,Federal Contract Tower,0,6,54,0,60,0,5,67,0,72,0,11,121,0,132,46,0,46,178
07/22/2016,ANE,MN,AGL,CE,Federal Contract Tower,0,3,28,0,31,0,1,93,0,94,0,4,121,0,125,162,0,162,287
07/23/2016,ANE,MN,AGL,CE,Federal Contract Tower,0,11,12,0,23,0,4,32,0,36,0,15,44,0,59,38,0,38,97
07/24/2016,ANE,MN,AGL,CE,Federal Contract Tower,0,0,40,0,40,0,6,104,2,112,0,6,144,2,152,74,0,74,226
07/25/2016,ANE,MN,AGL,CE,Federal Contract Tower,0,8,33,0,41,0,2,74,0,76,0,10,107,0,117,56,0,56,173
07/26/2016,ANE,MN,AGL,CE,Federal Contract Tower,0,6,46,0,52,0,10,106,0,116,0,16,152,0,168,330,0,330,498
07/27/2016,ANE,MN,AGL,CE,Federal Contract Tower,0,5,43,0,48,0,11,46,5,62,0,16,89,5,110,216,14,230,340
07/28/2016,ANE,MN,AGL,CE,Federal Contract Tower,0,7,50,0,57,0,6,68,0,74,0,13,118,0,131,190,0,190,321
07/29/2016,ANE,MN,AGL,CE,Federal Contract Tower,0,3,36,0,39,0,2,97,0,99,0,5,133,0,138,144,0,144,282
07/30/2016,ANE,MN,AGL,CE,Federal Contract Tower,0,3,22,0,25,0,3,90,0,93,0,6,112,0,118,92,0,92,210
07/31/2016,ANE,MN,AGL,CE,Federal Contract Tower,0,0,44,0,44,0,3,98,0,101,0,3,142,0,145,106,0,106,251
08/01/2016,ANE,MN,AGL,CE,Federal Contract Tower,0,4,30,0,34,0,2,52,0,54,0,6,82,0,88,100,0,100,188
08/02/2016,ANE,MN,AGL,CE,Federal Contract Tower,0,5,37,0,42,0,7,99,2,108,0,12,136,2,150,238,6,244,394
08/03/2016,ANE,MN,AGL,CE,Federal Contract Tower,0,4,37,0,41,0,4,76,0,80,0,8,113,0,121,214,0,214,335
08/04/2016,ANE,MN,AGL,CE,Federal Contract Tower,0,8,30,0,38,0,2,41,0,43,0,10,71,0,81,76,0,76,157
08/05/2016,ANE,MN,AGL,CE,Federal Contract Tower,0,4,47,0,51,0,5,129,0,134,0,9,176,0,185,180,0,180,365
08/06/2016,ANE,MN,AGL,CE,Federal Contract Tower,0,9,42,0,51,0,29,143,0,172,0,38,185,0,223,330,0,330,553
08/07/2016,ANE,MN,AGL,CE,Federal Contract Tower,0,0,34,0,34,0,7,121,2,130,0,7,155,2,164,72,0,72,236
08/08/2016,ANE,MN,AGL,CE,Federal Contract Tower,0,6,38,0,44,0,3,88,0,91,0,9,126,0,135,266,2,268,403
08/09/2016,ANE,MN,AGL,CE,Federal Contract Tower,0,9,59,0,68,0,7,67,2,76,0,16,126,2,144,242,10,252,396
08/10/2016,ANE,MN,AGL,CE,Federal Contract Tower,0,6,38,0,44,0,3,78,2,83,0,9,116,2,127,136,0,136,263
08/11/2016,ANE,MN,AGL,CE,Federal Contract Tower,0,7,47,0,54,0,5,69,0,74,0,12,116,0,128,104,0,104,232
08/12/2016,ANE,MN,AGL,CE,Federal Contract Tower,0,4,45,0,49,0,12,79,0,91,0,16,124,0,140,234,0,234,374
08/13/2016,ANE,MN,AGL,CE,Federal Contract Tower,0,5,39,0,44,0,22,144,0,166,0,27,183,0,210,242,0,242,452
08/14/2016,ANE,MN,AGL,CE,Federal Contract Tower,0,7,29,0,36,0,1,126,0,127,0,8,155,0,163,154,0,154,317
08/15/2016,ANE,MN,AGL,CE,Federal Contract Tower,0,5,43,0,48,0,7,78,0,85,0,12,121,0,133,134,0,134,267
08/16/2016,ANE,MN,AGL,CE,Federal Contract Tower,0,4,42,0,46,0,3,56,0,59,0,7,98,0,105,176,8,184,289
08/17/2016,ANE,MN,AGL,CE,Federal Contract Tower,0,5,47,0,52,0,9,91,1,101,0,14,138,1,153,156,2,158,311
08/18/2016,ANE,MN,AGL,CE,Federal Contract Tower,0,6,25,2,33,0,3,56,2,61,0,9,81,4,94,178,12,190,284
08/19/2016,ANE,MN,AGL,CE,Federal Contract Tower,0,4,53,0,57,0,2,32,0,34,0,6,85,0,91,86,0,86,177
08/20/2016,ANE,MN,AGL,CE,Federal Contract Tower,0,4,20,0,24,0,3,25,0,28,0,7,45,0,52,44,0,44,96
08/21/2016,ANE,MN,AGL,CE,Federal Contract Tower,0,1,38,0,39,0,7,141,0,148,0,8,179,0,187,128,0,128,315
08/22/2016,ANE,MN,AGL,CE,Federal Contract Tower,0,6,36,0,42,0,8,66,0,74,0,14,102,0,116,48,0,48,164
08/23/2016,ANE,MN,AGL,CE,Federal Contract Tower,0,6,25,0,31,0,2,47,0,49,0,8,72,0,80,104,0,104,184
08/24/2016,ANE,MN,AGL,CE,Federal Contract Tower,0,12,46,4,62,0,5,65,0,70,0,17,111,4,132,308,0,308,440
08/25/2016,ANE,MN,AGL,CE,Federal Contract Tower,0,6,43,0,49,0,6,102,0,108,0,12,145,0,157,168,8,176,333
08/26/2016,ANE,MN,AGL,CE,Federal Contract Tower,0,8,35,0,43,0,4,103,0,107,0,12,138,0,150,140,0,140,290
08/27/2016,ANE,MN,AGL,CE,Federal Contract Tower,0,6,20,0,26,0,0,51,0,51,0,6,71,0,77,106,0,106,183
08/28/2016,ANE,MN,AGL,CE,Federal Contract Tower,0,1,47,0,48,0,2,74,0,76,0,3,121,0,124,56,0,56,180
08/29/2016,ANE,MN,AGL,CE,Federal Contract Tower,0,6,28,0,34,0,7,54,0,61,0,13,82,0,95,120,0,120,215
08/30/2016,ANE,MN,AGL,CE,Federal Contract Tower,0,5,48,0,53,0,4,123,0,127,0,9,171,0,180,288,0,288,468
08/31/2016,ANE,MN,AGL,CE,Federal Contract Tower,0,12,33,0,45,0,3,121,0,124,0,15,154,0,169,138,0,138,307
09/01/2016,ANE,MN,AGL,CE,Federal Contract Tower,0,9,51,0,60,0,9,127,2,138,0,18,178,2,198,228,0,228,426
09/02/2016,ANE,MN,AGL,CE,Federal Contract Tower,0,9,29,0,38,0,8,90,0,98,0,17,119,0,136,138,0,138,274
09/03/2016,ANE,MN,AGL,CE,Federal Contract Tower,0,2,15,0,17,0,10,75,0,85,0,12,90,0,102,70,0,70,172
09/04/2016,ANE,MN,AGL,CE,Federal Contract Tower,0,4,23,0,27,0,2,47,0,49,0,6,70,0,76,114,0,114,190
09/05/2016,ANE,MN,AGL,CE,Federal Contract Tower,0,0,30,0,30,0,2,44,1,47,0,2,74,1,77,38,0,38,115
09/06/2016,ANE,MN,AGL,CE,Federal Contract Tower,0,3,24,0,27,0,0,18,0,18,0,3,42,0,45,36,0,36,81
09/07/2016,ANE,MN,AGL,CE,Federal Contract Tower,0,6,44,0,50,0,3,7,0,10,0,9,51,0,60,24,0,24,84
09/08/2016,ANE,MN,AGL,CE,Federal Contract Tower,0,9,54,0,63,0,11,130,0,141,0,20,184,0,204,312,10,322,526
09/09/2016,ANE,MN,AGL,CE,Federal Contract Tower,0,4,32,0,36,0,13,76,2,91,0,17,108,2,127,142,10,152,279
09/10/2016,ANE,MN,AGL,CE,Federal Contract Tower,0,2,15,0,17,0,10,85,4,99,0,12,100,4,116,76,0,76,192
09/11/2016,ANE,MN,AGL,CE,Federal Contract Tower,0,0,25,0,25,0,2,84,0,86,0,2,109,0,111,38,0,38,149
09/12/2016,ANE,MN,AGL,CE,Federal Contract Tower,0,4,26,0,30,0,18,83,0,101,0,22,109,0,131,86,0,86,217
09/13/2016,ANE,MN,AGL,CE,Federal Contract Tower,0,6,49,0,55,0,3,102,0,105,0,9,151,0,160,210,0,210,370
09/14/2016,ANE,MN,AGL,CE,Federal Contract Tower,0,3,50,0,53,0,4,109,0,113,0,7,159,0,166,174,0,174,340
09/15/2016,ANE,MN,AGL,CE,Federal Contract Tower,0,7,36,0,43,0,0,34,0,34,0,7,70,0,77,62,0,62,139
09/17/2016,ANE,MN,AGL,CE,Federal Contract Tower,0,3,21,0,24,0,7,181,0,188,0,10,202,0,212,86,0,86,298
09/18/2016,ANE,MN,AGL,CE,Federal Contract Tower,0,1,33,0,34,0,11,146,0,157,0,12,179,0,191,102,0,102,293
09/19/2016,ANE,MN,AGL,CE,Federal Contract Tower,0,8,28,0,36,0,5,71,0,76,0,13,99,0,112,172,0,172,284
09/20/2016,ANE,MN,AGL,CE,Federal Contract Tower,0,7,49,2,58,0,3,122,0,125,0,10,171,2,183,206,0,206,389
09/21/2016,ANE,MN,AGL,CE,Federal Contract Tower,0,8,39,0,47,0,0,11,0,11,0,8,50,0,58,28,0,28,86
09/22/2016,ANE,MN,AGL,CE,Federal Contract Tower,0,3,48,0,51,0,0,3,0,3,0,3,51,0,54,6,0,6,60
09/23/2016,ANE,MN,AGL,CE,Federal Contract Tower,0,5,31,0,36,0,0,18,0,18,0,5,49,0,54,76,0,76,130
09/24/2016,ANE,MN,AGL,CE,Federal Contract Tower,0,3,27,0,30,0,0,9,0,9,0,3,36,0,39,16,0,16,55
09/25/2016,ANE,MN,AGL,CE,Federal Contract Tower,0,2,34,1,37,0,0,34,0,34,0,2,68,1,71,36,2,38,109
09/26/2016,ANE,MN,AGL,CE,Federal Contract Tower,0,5,42,0,47,0,5,21,0,26,0,10,63,0,73,66,0,66,139
09/27/2016,ANE,MN,AGL,CE,Federal Contract Tower,0,5,47,0,52,0,8,43,0,51,0,13,90,0,103,48,0,48,151
09/28/2016,ANE,MN,AGL,CE,Federal Contract Tower,0,6,41,0,47,0,3,68,0,71,0,9,109,0,118,164,0,164,282
09/29/2016,ANE,MN,AGL,CE,Federal Contract Tower,0,10,40,0,50,0,35,74,0,109,0,45,114,0,159,176,0,176,335
09/30/2016,ANE,MN,AGL,CE,Federal Contract Tower,0,9,35,0,44,0,2,119,0,121,0,11,154,0,165,108,0,108,273
10/01/2016,ANE,MN,AGL,CE,Federal Contract Tower,0,3,27,0,30,0,3,119,0,122,0,6,146,0,152,38,0,38,190
10/02/2016,ANE,MN,AGL,CE,Federal Contract Tower,0,1,46,0,47,0,0,139,0,139,0,1,185,0,186,104,0,104,290
10/03/2016,ANE,MN,AGL,CE,Federal Contract Tower,0,9,39,0,48,0,4,142,0,146,0,13,181,0,194,184,0,184,378
10/04/2016,ANE,MN,AGL,CE,Federal Contract Tower,0,10,28,0,38,0,6,51,0,57,0,16,79,0,95,68,0,68,163
10/05/2016,ANE,MN,AGL,CE,Federal Contract Tower,0,4,42,0,46,0,9,59,0,68,0,13,101,0,114,130,0,130,244
10/06/2016,ANE,MN,AGL,CE,Federal Contract Tower,0,2,29,0,31,0,2,105,0,107,0,4,134,0,138,246,0,246,384
10/07/2016,ANE,MN,AGL,CE,Federal Contract Tower,0,4,21,0,25,0,6,30,0,36,0,10,51,0,61,22,0,22,83
10/08/2016,ANE,MN,AGL,CE,Federal Contract Tower,0,2,18,0,20,0,4,105,0,109,0,6,123,0,129,26,0,26,155
10/09/2016,ANE,MN,AGL,CE,Federal Contract Tower,0,1,24,0,25,0,9,94,0,103,0,10,118,0,128,40,0,40,168
10/10/2016,ANE,MN,AGL,CE,Federal Contract Tower,0,5,32,0,37,0,0,51,0,51,0,5,83,0,88,44,0,44,132
10/11/2016,ANE,MN,AGL,CE,Federal Contract Tower,0,5,31,0,36,0,0,81,0,81,0,5,112,0,117,152,0,152,269
10/12/2016,ANE,MN,AGL,CE,Federal Contract Tower,0,8,33,0,41,0,8,28,0,36,0,16,61,0,77,40,0,40,117
10/13/2016,ANE,MN,AGL,CE,Federal Contract Tower,0,6,40,0,46,0,0,104,0,104,0,6,144,0,150,232,0,232,382
10/14/2016,ANE,MN,AGL,CE,Federal Contract Tower,0,6,37,0,43,0,11,28,0,39,0,17,65,0,82,16,0,16,98
10/15/2016,ANE,MN,AGL,CE,Federal Contract Tower,0,5,20,0,25,0,3,24,0,27,0,8,44,0,52,40,0,40,92
10/16/2016,ANE,MN,AGL,CE,Federal Contract Tower,0,3,31,0,34,0,3,90,0,93,0,6,121,0,127,136,0,136,263
10/17/2016,ANE,MN,AGL,CE,Federal Contract Tower,0,4,38,0,42,0,1,9,0,10,0,5,47,0,52,22,0,22,74
10/18/2016,ANE,MN,AGL,CE,Federal Contract Tower,0,6,28,0,34,0,5,115,0,120,0,11,143,0,154,172,0,172,326
10/19/2016,ANE,MN,AGL,CE,Federal Contract Tower,0,6,49,0,55,0,0,107,0,107,0,6,156,0,162,228,0,228,390
10/20/2016,ANE,MN,AGL,CE,Federal Contract Tower,0,6,50,3,59,0,4,94,0,98,0,10,144,3,157,152,2,154,311
10/21/2016,ANE,MN,AGL,CE,Federal Contract Tower,0,2,39,1,42,0,8,99,0,107,0,10,138,1,149,146,2,148,297
10/22/2016,ANE,MN,AGL,CE,Federal Contract Tower,0,3,29,0,32,0,5,124,0,129,0,8,153,0,161,150,0,150,311
10/23/2016,ANE,MN,AGL,CE,Federal Contract Tower,0,2,33,0,35,0,1,45,0,46,0,3,78,0,81,84,0,84,165
10/24/2016,ANE,MN,AGL,CE,Federal Contract Tower,0,9,33,0,42,0,2,80,0,82,0,11,113,0,124,92,0,92,216
10/25/2016,ANE,MN,AGL,CE,Federal Contract Tower,0,7,57,0,64,0,5,59,0,64,0,12,116,0,128,88,0,88,216
10/26/2016,ANE,MN,AGL,CE,Federal Contract Tower,0,6,29,0,35,0,2,1,0,3,0,8,30,0,38,10,0,10,48
10/27/2016,ANE,MN,AGL,CE,Federal Contract Tower,0,4,60,2,66,0,2,32,0,34,0,6,92,2,100,88,0,88,188
10/28/2016,ANE,MN,AGL,CE,Federal Contract Tower,0,7,31,0,38,0,0,83,0,83,0,7,114,0,121,114,0,114,235
10/29/2016,ANE,MN,AGL,CE,Federal Contract Tower,0,4,16,0,20,0,0,31,0,31,0,4,47,0,51,54,0,54,105
10/30/2016,ANE,MN,AGL,CE,Federal Contract Tower,0,0,20,0,20,0,2,44,0,46,0,2,64,0,66,114,0,114,180
11/01/2016,ANE,MN,AGL,CE,Federal Contract Tower,0,3,28,0,31,0,9,97,0,106,0,12,125,0,137,122,0,122,259
11/02/2016,ANE,MN,AGL,CE,Federal Contract Tower,0,3,47,0,50,0,2,68,0,70,0,5,115,0,120,56,0,56,176
11/03/2016,ANE,MN,AGL,CE,Federal Contract Tower,0,9,44,1,54,0,4,96,0,100,0,13,140,1,154,98,0,98,252
11/04/2016,ANE,MN,AGL,CE,Federal Contract Tower,0,5,36,0,41,0,2,119,0,121,0,7,155,0,162,186,0,186,348
11/05/2016,ANE,MN,AGL,CE,Federal Contract Tower,0,2,28,0,30,0,4,134,0,138,0,6,162,0,168,164,0,164,332
11/06/2016,ANE,MN,AGL,CE,Federal Contract Tower,0,2,29,0,31,0,0,89,0,89,0,2,118,0,120,178,0,178,298
11/07/2016,ANE,MN,AGL,CE,Federal Contract Tower,0,8,39,0,47,0,1,44,0,45,0,9,83,0,92,198,0,198,290
11/08/2016,ANE,MN,AGL,CE,Federal Contract Tower,0,7,34,1,42,0,3,56,0,59,0,10,90,1,101,194,2,196,297
11/09/2016,ANE,MN,AGL,CE,Federal Contract Tower,0,3,27,0,30,0,3,94,2,99,0,6,121,2,129,132,8,140,269
11/10/2016,ANE,MN,AGL,CE,Federal Contract Tower,0,6,52,0,58,0,38,91,0,129,0,44,143,0,187,120,0,120,307
11/11/2016,ANE,MN,AGL,CE,Federal Contract Tower,0,5,30,0,35,0,0,97,0,97,0,5,127,0,132,108,0,108,240
11/12/2016,ANE,MN,AGL,CE,Federal Contract Tower,0,2,29,0,31,0,6,140,0,146,0,8,169,0,177,160,0,160,337
11/13/2016,ANE,MN,AGL,CE,Federal Contract Tower,0,0,13,0,13,0,2,52,0,54,0,2,65,0,67,86,0,86,153
11/14/2016,ANE,MN,AGL,CE,Federal Contract Tower,0,3,38,0,41,0,1,47,0,48,0,4,85,0,89,94,0,94,183
11/15/2016,ANE,MN,AGL,CE,Federal Contract Tower,0,5,41,0,46,0,6,58,2,66,0,11,99,2,112,100,8,108,220
11/16/2016,ANE,MN,AGL,CE,Federal Contract Tower,0,3,42,1,46,0,2,94,3,99,0,5,136,4,145,180,32,212,357
11/17/2016,ANE,MN,AGL,CE,Federal Contract Tower,0,8,50,3,61,0,7,80,2,89,0,15,130,5,150,130,2,132,282
11/18/2016,ANE,MN,AGL,CE,Federal Contract Tower,0,2,8,0,10,0,0,0,0,0,0,2,8,0,10,0,0,0,10
11/19/2016,ANE,MN,AGL,CE,Federal Contract Tower,0,4,13,0,17,0,1,30,0,31,0,5,43,0,48,50,0,50,98
11/20/2016,ANE,MN,AGL,CE,Federal Contract Tower,0,4,33,0,37,0,0,78,0,78,0,4,111,0,115,140,0,140,255
11/21/2016,ANE,MN,AGL,CE,Federal Contract Tower,0,6,28,0,34,0,2,53,0,55,0,8,81,0,89,152,0,152,241
11/22/2016,ANE,MN,AGL,CE,Federal Contract Tower,0,3,10,0,13,0,0,0,0,0,0,3,10,0,13,0,0,0,13
11/23/2016,ANE,MN,AGL,CE,Federal Contract Tower,0,8,22,0,30,0,0,0,0,0,0,8,22,0,30,0,0,0,30
11/24/2016,ANE,MN,AGL,CE,Federal Contract Tower,0,4,5,0,9,0,0,0,0,0,0,4,5,0,9,0,0,0,9
11/25/2016,ANE,MN,AGL,CE,Federal Contract Tower,0,10,18,0,28,0,0,11,0,11,0,10,29,0,39,50,0,50,89
11/26/2016,ANE,MN,AGL,CE,Federal Contract Tower,0,2,23,0,25,0,0,100,0,100,0,2,123,0,125,52,0,52,177
11/27/2016,ANE,MN,AGL,CE,Federal Contract Tower,0,0,16,0,16,0,0,3,0,3,0,0,19,0,19,0,0,0,19
11/28/2016,ANE,MN,AGL,CE,Federal Contract Tower,0,3,21,0,24,0,0,3,0,3,0,3,24,0,27,2,0,2,29
11/29/2016,ANE,MN,AGL,CE,Federal Contract Tower,0,3,27,0,30,0,0,13,0,13,0,3,40,0,43,24,0,24,67
11/30/2016,ANE,MN,AGL,CE,Federal Contract Tower,0,5,18,0,23,0,0,4,0,4,0,5,22,0,27,72,0,72,99
12/01/2016,ANE,MN,AGL,CE,Federal Contract Tower,0,10,34,0,44,0,4,27,0,31,0,14,61,0,75,44,0,44,119
12/02/2016,ANE,MN,AGL,CE,Federal Contract Tower,0,3,37,0,40,0,3,31,0,34,0,6,68,0,74,152,4,156,230
12/03/2016,ANE,MN,AGL,CE,Federal Contract Tower,0,3,26,0,29,0,3,112,0,115,0,6,138,0,144,182,0,182,326
12/04/2016,ANE,MN,AGL,CE,Federal Contract Tower,0,1,13,0,14,0,0,0,0,0,0,1,13,0,14,10,0,10,24
12/05/2016,ANE,MN,AGL,CE,Federal Contract Tower,0,2,26,0,28,0,4,32,0,36,0,6,58,0,64,64,0,64,128
12/06/2016,ANE,MN,AGL,CE,Federal Contract Tower,0,4,29,0,33,0,1,14,0,15,0,5,43,0,48,34,14,48,96
12/07/2016,ANE,MN,AGL,CE,Federal Contract Tower,0,5,24,0,29,0,2,2,0,4,0,7,26,0,33,36,0,36,69
12/08/2016,ANE,MN,AGL,CE,Federal Contract Tower,0,3,29,0,32,0,0,17,0,17,0,3,46,0,49,32,16,48,97
12/09/2016,ANE,MN,AGL,CE,Federal Contract Tower,0,6,36,0,42,0,6,67,0,73,0,12,103,0,115,128,0,128,243
12/10/2016,ANE,MN,AGL,CE,Federal Contract Tower,0,2,24,0,26,0,3,64,0,67,0,5,88,0,93,126,0,126,219
12/11/2016,ANE,MN,AGL,CE,Federal Contract Tower,0,6,8,0,14,0,0,0,0,0,0,6,8,0,14,0,0,0,14
12/12/2016,ANE,MN,AGL,CE,Federal Contract Tower,0,9,30,0,39,0,1,15,0,16,0,10,45,0,55,52,0,52,107
12/13/2016,ANE,MN,AGL,CE,Federal Contract Tower,0,15,32,0,47,0,0,73,0,73,0,15,105,0,120,206,0,206,326
12/14/2016,ANE,MN,AGL,CE,Federal Contract Tower,0,5,28,0,33,0,5,17,0,22,0,10,45,0,55,24,2,26,81
12/15/2016,ANE,MN,AGL,CE,Federal Contract Tower,0,4,52,0,56,0,0,78,2,80,0,4,130,2,136,106,14,120,256
12/16/2016,ANE,MN,AGL,CE,Federal Contract Tower,0,3,11,1,15,0,2,7,0,9,0,5,18,1,24,26,2,28,52
12/17/2016,ANE,MN,AGL,CE,Federal Contract Tower,0,3,9,0,12,0,0,8,0,8,0,3,17,0,20,0,0,0,20
12/18/2016,ANE,MN,AGL,CE,Federal Contract Tower,0,1,13,0,14,0,1,16,0,17,0,2,29,0,31,28,0,28,59
12/19/2016,ANE,MN,AGL,CE,Federal Contract Tower,0,4,43,0,47,0,2,53,0,55,0,6,96,0,102,78,0,78,180
12/20/2016,ANE,MN,AGL,CE,Federal Contract Tower,0,6,47,0,53,0,3,56,0,59,0,9,103,0,112,76,0,76,188
12/21/2016,ANE,MN,AGL,CE,Federal Contract Tower,0,4,28,0,32,0,2,37,0,39,0,6,65,0,71,112,0,112,183
12/22/2016,ANE,MN,AGL,CE,Federal Contract Tower,0,4,41,0,45,0,2,91,0,93,0,6,132,0,138,166,0,166,304
12/23/2016,ANE,MN,AGL,CE,Federal Contract Tower,0,4,6,0,10,0,0,5,0,5,0,4,11,0,15,0,0,0,15
12/24/2016,ANE,MN,AGL,CE,Federal Contract Tower,0,2,8,0,10,0,0,3,0,3,0,2,11,0,13,44,0,44,57
12/25/2016,ANE,MN,AGL,CE,Federal Contract Tower,0,2,0,0,2,0,0,0,0,0,0,2,0,0,2,0,0,0,2
12/26/2016,ANE,MN,AGL,CE,Federal Contract Tower,0,0,10,0,10,0,0,1,0,1,0,0,11,0,11,0,0,0,11
12/27/2016,ANE,MN,AGL,CE,Federal Contract Tower,0,3,26,0,29,0,2,61,0,63,0,5,87,0,92,132,0,132,224
12/28/2016,ANE,MN,AGL,CE,Federal Contract Tower,0,5,27,0,32,0,11,68,0,79,0,16,95,0,111,138,0,138,249
12/29/2016,ANE,MN,AGL,CE,Federal Contract Tower,0,5,16,0,21,0,4,9,0,13,0,9,25,0,34,26,0,26,60
12/30/2016,ANE,MN,AGL,CE,Federal Contract Tower,0,7,24,0,31,0,1,55,0,56,0,8,79,0,87,106,0,106,193
12/31/2016,ANE,MN,AGL,CE,Federal Contract Tower,0,1,13,0,14,0,8,63,0,71,0,9,76,0,85,20,0,20,105
01/01/2017,ANE,MN,AGL,CE,Federal Contract Tower,0,2,16,0,18,0,4,51,0,55,0,6,67,0,73,78,0,78,151
01/02/2017,ANE,MN,AGL,CE,Federal Contract Tower,0,0,7,0,7,0,0,2,0,2,0,0,9,0,9,6,0,6,15
01/03/2017,ANE,MN,AGL,CE,Federal Contract Tower,0,2,9,0,11,0,3,3,0,6,0,5,12,0,17,20,10,30,47
01/04/2017,ANE,MN,AGL,CE,Federal Contract Tower,0,3,13,0,16,0,0,15,0,15,0,3,28,0,31,4,0,4,35
01/05/2017,ANE,MN,AGL,CE,Federal Contract Tower,0,3,31,0,34,0,2,15,0,17,0,5,46,0,51,40,0,40,91
01/06/2017,ANE,MN,AGL,CE,Federal Contract Tower,0,6,18,0,24,0,2,36,0,38,0,8,54,0,62,70,0,70,132
01/07/2017,ANE,MN,AGL,CE,Federal Contract Tower,0,0,9,0,9,0,2,51,0,53,0,2,60,0,62,84,0,84,146
01/08/2017,ANE,MN,AGL,CE,Federal Contract Tower,0,0,7,0,7,0,4,17,0,21,0,4,24,0,28,14,0,14,42
01/09/2017,ANE,MN,AGL,CE,Federal Contract Tower,0,4,24,0,28,0,1,16,0,17,0,5,40,0,45,30,0,30,75
01/10/2017,ANE,MN,AGL,CE,Federal Contract Tower,0,5,17,0,22,0,0,0,0,0,0,5,17,0,22,0,0,0,22
01/11/2017,ANE,MN,AGL,CE,Federal Contract Tower,0,8,26,0,34,0,2,18,0,20,0,10,44,0,54,20,0,20,74
01/12/2017,ANE,MN,AGL,CE,Federal Contract Tower,0,5,28,0,33,0,5,24,0,29,0,10,52,0,62,32,0,32,94
01/13/2017,ANE,MN,AGL,CE,Federal Contract Tower,0,3,11,0,14,0,5,22,0,27,0,8,33,0,41,54,0,54,95
01/14/2017,ANE,MN,AGL,CE,Federal Contract Tower,0,4,19,0,23,0,8,77,0,85,0,12,96,0,108,152,0,152,260
01/15/2017,ANE,MN,AGL,CE,Federal Contract Tower,0,4,19,0,23,0,2,99,0,101,0,6,118,0,124,256,0,256,380
01/16/2017,ANE,MN,AGL,CE,Federal Contract Tower,0,8,22,0,30,0,0,21,0,21,0,8,43,0,51,44,0,44,95
01/17/2017,ANE,MN,AGL,CE,Federal Contract Tower,0,10,34,0,44,0,3,4,0,7,0,13,38,0,51,34,14,48,99
01/18/2017,ANE,MN,AGL,CE,Federal Contract Tower,0,7,25,0,32,0,0,73,0,73,0,7,98,0,105,136,0,136,241
01/19/2017,ANE,MN,AGL,CE,Federal Contract Tower,0,2,26,0,28,0,0,58,2,60,0,2,84,2,88,90,0,90,178
01/20/2017,ANE,MN,AGL,CE,Federal Contract Tower,0,7,4,0,11,0,0,0,4,4,0,7,4,4,15,0,14,14,29
01/21/2017,ANE,MN,AGL,CE,Federal Contract Tower,0,3,5,0,8,0,0,0,0,0,0,3,5,0,8,0,0,0,8
01/22/2017,ANE,MN,AGL,CE,Federal Contract Tower,0,4,9,0,13,0,0,0,0,0,0,4,9,0,13,0,0,0,13
01/23/2017,ANE,MN,AGL,CE,Federal Contract Tower,0,4,30,0,34,0,0,4,0,4,0,4,34,0,38,0,0,0,38
01/24/2017,ANE,MN,AGL,CE,Federal Contract Tower,0,3,37,0,40,0,3,12,2,17,0,6,49,2,57,62,0,62,119
01/25/2017,ANE,MN,AGL,CE,Federal Contract Tower,0,5,14,0,19,0,0,3,0,3,0,5,17,0,22,0,0,0,22
01/26/2017,ANE,MN,AGL,CE,Federal Contract Tower,0,8,43,0,51,0,7,71,0,78,0,15,114,0,129,158,0,158,287
01/27/2017,ANE,MN,AGL,CE,Federal Contract Tower,0,6,26,0,32,0,4,75,0,79,0,10,101,0,111,110,0,110,221
01/28/2017,ANE,MN,AGL,CE,Federal Contract Tower,0,5,13,0,18,0,3,38,0,41,0,8,51,0,59,68,0,68,127
01/29/2017,ANE,MN,AGL,CE,Federal Contract Tower,0,0,16,0,16,0,9,71,0,80,0,9,87,0,96,102,0,102,198
01/30/2017,ANE,MN,AGL,CE,Federal Contract Tower,0,5,28,0,33,0,0,3,0,3,0,5,31,0,36,14,0,14,50
01/31/2017,ANE,MN,AGL,CE,Federal Contract Tower,0,4,37,0,41,0,0,13,2,15,0,4,50,2,56,72,20,92,148
02/01/2017,ANE,MN,AGL,CE,Federal Contract Tower,0,3,46,0,49,0,0,50,2,52,0,3,96,2,101,86,8,94,195
02/02/2017,ANE,MN,AGL,CE,Federal Contract Tower,0,5,47,0,52,0,1,59,4,64,0,6,106,4,116,74,12,86,202
02/03/2017,ANE,MN,AGL,CE,Federal Contract Tower,0,4,40,0,44,0,2,87,0,89,0,6,127,0,133,150,0,150,283
02/04/2017,ANE,MN,AGL,CE,Federal Contract Tower,0,5,27,0,32,0,0,59,0,59,0,5,86,0,91,82,0,82,173
02/05/2017,ANE,MN,AGL,CE,Federal Contract Tower,0,2,21,0,23,0,4,83,0,87,0,6,104,0,110,70,0,70,180
02/06/2017,ANE,MN,AGL,CE,Federal Contract Tower,0,5,18,0,23,0,5,36,0,41,0,10,54,0,64,134,0,134,198
02/07/2017,ANE,MN,AGL,CE,Federal Contract Tower,0,4,15,0,19,0,0,0,0,0,0,4,15,0,19,0,0,0,19
02/08/2017,ANE,MN,AGL,CE,Federal Contract Tower,0,5,40,0,45,0,2,49,0,51,0,7,89,0,96,92,0,92,188
02/09/2017,ANE,MN,AGL,CE,Federal Contract Tower,0,4,34,0,38,0,6,77,2,85,0,10,111,2,123,102,24,126,249
02/10/2017,ANE,MN,AGL,CE,Federal Contract Tower,0,4,47,0,51,0,33,93,0,126,0,37,140,0,177,88,0,88,265
02/11/2017,ANE,MN,AGL,CE,Federal Contract Tower,0,3,18,0,21,0,2,152,24,178,0,5,170,24,199,228,2,230,429
02/12/2017,ANE,MN,AGL,CE,Federal Contract Tower,0,0,19,0,19,0,3,33,0,36,0,3,52,0,55,30,0,30,85
02/13/2017,ANE,MN,AGL,CE,Federal Contract Tower,0,6,27,2,35,0,1,55,0,56,0,7,82,2,91,130,0,130,221
02/14/2017,ANE,MN,AGL,CE,Federal Contract Tower,0,3,29,0,32,0,2,28,0,30,0,5,57,0,62,76,0,76,138
02/15/2017,ANE,MN,AGL,CE,Federal Contract Tower,0,4,35,0,39,0,3,72,0,75,0,7,107,0,114,160,0,160,274
02/16/2017,ANE,MN,AGL,CE,Federal Contract Tower,0,4,29,0,33,0,0,68,0,68,0,4,97,0,101,80,0,80,181
02/17/2017,ANE,MN,AGL,CE,Federal Contract Tower,0,9,34,0,43,0,4,112,0,116,0,13,146,0,159,254,2,256,415
02/18/2017,ANE,MN,AGL,CE,Federal Contract Tower,0,1,31,0,32,0,2,182,0,184,0,3,213,0,216,102,0,102,318
02/19/2017,ANE,MN,AGL,CE,Federal Contract Tower,0,3,24,0,27,0,0,100,0,100,0,3,124,0,127,98,0,98,225
02/20/2017,ANE,MN,AGL,CE,Federal Contract Tower,0,4,34,0,38,0,0,0,0,0,0,4,34,0,38,0,0,0,38
02/21/2017,ANE,MN,AGL,CE,Federal Contract Tower,0,3,40,0,43,0,0,46,0,46,0,3,86,0,89,138,0,138,227
02/22/2017,ANE,MN,AGL,CE,Federal Contract Tower,0,4,27,0,31,0,0,44,0,44,0,4,71,0,75,220,6,226,301
02/23/2017,ANE,MN,AGL,CE,Federal Contract Tower,0,3,34,1,38,0,2,33,0,35,0,5,67,1,73,100,0,100,173
02/24/2017,ANE,MN,AGL,CE,Federal Contract Tower,0,2,12,0,14,0,2,3,0,5,0,4,15,0,19,10,0,10,29
02/25/2017,ANE,MN,AGL,CE,Federal Contract Tower,0,3,15,0,18,0,0,59,0,59,0,3,74,0,77,74,0,74,151
02/26/2017,ANE,MN,AGL,CE,Federal Contract Tower,0,2,24,0,26,0,3,60,0,63,0,5,84,0,89,104,0,104,193
02/27/2017,ANE,MN,AGL,CE,Federal Contract Tower,0,4,40,0,44,0,6,61,0,67,0,10,101,0,111,68,0,68,179
02/28/2017,ANE,MN,AGL,CE,Federal Contract Tower,0,6,41,3,50,0,23,29,0,52,0,29,70,3,102,70,0,70,172
03/01/2017,ANE,MN,AGL,CE,Federal Contract Tower,0,4,8,0,12,0,3,17,0,20,0,7,25,0,32,74,0,74,106
03/02/2017,ANE,MN,AGL,CE,Federal Contract Tower,0,4,38,0,42,0,2,61,0,63,0,6,99,0,105,90,0,90,195
03/03/2017,ANE,MN,AGL,CE,Federal Contract Tower,0,6,26,0,32,0,2,70,0,72,0,8,96,0,104,60,0,60,164
03/04/2017,ANE,MN,AGL,CE,Federal Contract Tower,0,4,18,0,22,0,3,67,10,80,0,7,85,10,102,80,0,80,182
03/05/2017,ANE,MN,AGL,CE,Federal Contract Tower,0,6,33,0,39,0,7,74,0,81,0,13,107,0,120,134,0,134,254
03/06/2017,ANE,MN,AGL,CE,Federal Contract Tower,0,5,16,0,21,0,1,0,0,1,0,6,16,0,22,2,0,2,24
03/07/2017,ANE,MN,AGL,CE,Federal Contract Tower,0,5,19,1,25,0,0,0,0,0,0,5,19,1,25,0,2,2,27
03/08/2017,ANE,MN,AGL,CE,Federal Contract Tower,0,6,15,0,21,0,6,8,0,14,0,12,23,0,35,18,0,18,53
03/09/2017,ANE,MN,AGL,CE,Federal Contract Tower,0,6,24,1,31,0,0,49,0,49,0,6,73,1,80,162,2,164,244
03/10/2017,ANE,MN,AGL,CE,Federal Contract Tower,0,4,27,0,31,0,2,61,0,63,0,6,88,0,94,130,0,130,224
03/11/2017,ANE,MN,AGL,CE,Federal Contract Tower,0,4,29,0,33,0,0,98,0,98,0,4,127,0,131,267,0,267,398
03/12/2017,ANE,MN,AGL,CE,Federal Contract Tower,0,1,10,0,11,0,2,23,0,25,0,3,33,0,36,30,0,30,66
03/13/2017,ANE,MN,AGL,CE,Federal Contract Tower,0,6,22,0,28,0,88,35,0,123,0,94,57,0,151,78,0,78,229
03/14/2017,ANE,MN,AGL,CE,Federal Contract Tower,0,7,39,0,46,0,25,47,0,72,0,32,86,0,118,68,0,68,186
03/15/2017,ANE,MN,AGL,CE,Federal Contract Tower,0,3,39,0,42,0,4,75,0,79,0,7,114,0,121,130,0,130,251
03/16/2017,ANE,MN,AGL,CE,Federal Contract Tower,0,5,35,0,40,0,4,52,0,56,0,9,87,0,96,94,0,94,190
03/17/2017,ANE,MN,AGL,CE,Federal Contract Tower,0,3,9,0,12,0,6,16,0,22,0,9,25,0,34,114,0,114,148
03/18/2017,ANE,MN,AGL,CE,Federal Contract Tower,0,1,17,0,18,0,2,86,13,101,0,3,103,13,119,152,0,152,271
03/19/2017,ANE,MN,AGL,CE,Federal Contract Tower,0,1,20,0,21,0,4,38,0,42,0,5,58,0,63,46,0,46,109
03/20/2017,ANE,MN,AGL,CE,Federal Contract Tower,0,5,21,0,26,0,4,80,0,84,0,9,101,0,110,84,0,84,194
03/21/2017,ANE,MN,AGL,CE,Federal Contract Tower,0,4,31,0,35,0,4,65,0,69,0,8,96,0,104,46,0,46,150
03/22/2017,ANE,MN,AGL,CE,Federal Contract Tower,0,2,29,0,31,0,3,78,0,81,0,5,107,0,112,186,0,186,298
03/23/2017,ANE,MN,AGL,CE,Federal Contract Tower,0,3,28,0,31,0,40,15,0,55,0,43,43,0,86,16,0,16,102
03/24/2017,ANE,MN,AGL,CE,Federal Contract Tower,0,9,29,2,40,0,0,11,0,11,0,9,40,2,51,134,0,134,185
03/25/2017,ANE,MN,AGL,CE,Federal Contract Tower,0,8,13,0,21,0,2,21,0,23,0,10,34,0,44,52,0,52,96
03/26/2017,ANE,MN,AGL,CE,Federal Contract Tower,0,0,23,0,23,0,2,0,0,2,0,2,23,0,25,0,0,0,25
03/27/2017,ANE,MN,AGL,CE,Federal Contract Tower,0,4,35,0,39,0,4,80,0,84,0,8,115,0,123,156,0,156,279
03/28/2017,ANE,MN,AGL,CE,Federal Contract Tower,0,4,50,1,55,0,1,115,0,116,0,5,165,1,171,176,2,178,349
03/29/2017,ANE,MN,AGL,CE,Federal Contract Tower,0,4,36,0,40,0,0,79,0,79,0,4,115,0,119,216,22,238,357
03/30/2017,ANE,MN,AGL,CE,Federal Contract Tower,0,6,21,0,27,0,2,54,0,56,0,8,75,0,83,178,0,178,261
03/31/2017,ANE,MN,AGL,CE,Federal Contract Tower,0,6,26,0,32,0,0,55,0,55,0,6,81,0,87,206,0,206,293
04/01/2017,ANE,MN,AGL,CE,Federal Contract Tower,0,7,36,0,43,0,1,165,0,166,0,8,201,0,209,154,0,154,363
04/02/2017,ANE,MN,AGL,CE,Federal Contract Tower,0,3,15,0,18,0,2,57,0,59,0,5,72,0,77,42,0,42,119
04/03/2017,ANE,MN,AGL,CE,Federal Contract Tower,0,5,21,0,26,0,0,0,0,0,0,5,21,0,26,0,0,0,26
04/04/2017,ANE,MN,AGL,CE,Federal Contract Tower,0,4,36,0,40,0,3,84,0,87,0,7,120,0,127,114,0,114,241
04/05/2017,ANE,MN,AGL,CE,Federal Contract Tower,0,5,24,0,29,0,4,78,0,82,0,9,102,0,111,100,2,102,213
04/06/2017,ANE,MN,AGL,CE,Federal Contract Tower,0,4,26,0,30,0,9,75,0,84,0,13,101,0,114,132,0,132,246
04/07/2017,ANE,MN,AGL,CE,Federal Contract Tower,0,9,36,0,45,0,4,115,0,119,0,13,151,0,164,232,0,232,396
04/08/2017,ANE,MN,AGL,CE,Federal Contract Tower,0,3,18,0,21,0,17,107,0,124,0,20,125,0,145,146,0,146,291
04/09/2017,ANE,MN,AGL,CE,Federal Contract Tower,0,1,17,0,18,0,0,37,0,37,0,1,54,0,55,72,0,72,127
04/10/2017,ANE,MN,AGL,CE,Federal Contract Tower,0,5,24,0,29,0,0,15,0,15,0,5,39,0,44,18,0,18,62
04/11/2017,ANE,MN,AGL,CE,Federal Contract Tower,0,7,41,2,50,0,10,104,0,114,0,17,145,2,164,168,0,168,332
04/12/2017,ANE,MN,AGL,CE,Federal Contract Tower,0,10,44,0,54,0,1,64,2,67,0,11,108,2,121,120,2,122,243
04/13/2017,ANE,MN,AGL,CE,Federal Contract Tower,0,6,111,1,118,0,3,6,0,9,0,9,117,1,127,6,0,6,133
04/14/2017,ANE,MN,AGL,CE,Federal Contract Tower,0,4,22,0,26,0,0,50,0,50,0,4,72,0,76,108,0,108,184
04/15/2017,ANE,MN,AGL,CE,Federal Contract Tower,0,4,5,0,9,0,0,12,0,12,0,4,17,0,21,6,0,6,27
04/16/2017,ANE,MN,AGL,CE,Federal Contract Tower,0,0,12,0,12,0,3,43,0,46,0,3,55,0,58,56,0,56,114
04/17/2017,ANE,MN,AGL,CE,Federal Contract Tower,0,10,41,0,51,0,1,120,0,121,0,11,161,0,172,120,0,120,292
04/18/2017,ANE,MN,AGL,CE,Federal Contract Tower,0,10,40,0,50,0,0,14,0,14,0,10,54,0,64,16,0,16,80
04/19/2017,ANE,MN,AGL,CE,Federal Contract Tower,0,7,45,0,52,0,0,65,0,65,0,7,110,0,117,126,0,126,243
04/20/2017,ANE,MN,AGL,CE,Federal Contract Tower,0,10,26,0,36,0,0,33,0,33,0,10,59,0,69,86,0,86,155
04/21/2017,ANE,MN,AGL,CE,Federal Contract Tower,0,7,33,0,40,0,0,100,2,102,0,7,133,2,142,164,0,164,306
04/22/2017,ANE,MN,AGL,CE,Federal Contract Tower,0,4,24,5,33,0,0,122,0,122,0,4,146,5,155,190,0,190,345
04/23/2017,ANE,MN,AGL,CE,Federal Contract Tower,0,7,25,0,32,0,2,85,0,87,0,9,110,0,119,150,0,150,269
04/24/2017,ANE,MN,AGL,CE,Federal Contract Tower,0,6,35,0,41,0,3,34,0,37,0,9,69,0,78,60,0,60,138
04/25/2017,ANE,MN,AGL,CE,Federal Contract Tower,0,20,29,2,51,0,0,39,0,39,0,20,68,2,90,92,4,96,186
04/26/2017,ANE,MN,AGL,CE,Federal Contract Tower,0,13,28,0,41,0,1,0,0,1,0,14,28,0,42,2,8,10,52
04/27/2017,ANE,MN,AGL,CE,Federal Contract Tower,0,3,31,0,34,0,1,17,0,18,0,4,48,0,52,96,0,96,148
04/28/2017,ANE,MN,AGL,CE,Federal Contract Tower,0,6,30,0,36,0,6,129,0,135,0,12,159,0,171,132,0,132,303
04/29/2017,ANE,MN,AGL,CE,Federal Contract Tower,0,3,23,0,26,0,2,147,0,149,0,5,170,0,175,134,0,134,309
04/30/2017,ANE,MN,AGL,CE,Federal Contract Tower,0,1,9,0,10,0,1,8,0,9,0,2,17,0,19,0,0,0,19
05/01/2017,ANE,MN,AGL,CE,Federal Contract Tower,0,5,17,0,22,0,0,0,0,0,0,5,17,0,22,0,0,0,22
05/02/2017,ANE,MN,AGL,CE,Federal Contract Tower,0,10,35,0,45,0,8,104,4,116,0,18,139,4,161,88,20,108,269
05/03/2017,ANE,MN,AGL,CE,Federal Contract Tower,0,6,30,0,36,0,11,120,0,131,0,17,150,0,167,354,0,354,521
05/04/2017,ANE,MN,AGL,CE,Federal Contract Tower,0,7,38,0,45,0,7,147,0,154,0,14,185,0,199,280,0,280,479
05/05/2017,ANE,MN,AGL,CE,Federal Contract Tower,0,9,33,0,42,0,11,125,0,136,0,20,158,0,178,204,0,204,382
05/06/2017,ANE,MN,AGL,CE,Federal Contract Tower,0,7,21,0,28,0,8,117,0,125,0,15,138,0,153,122,0,122,275
05/07/2017,ANE,MN,AGL,CE,Federal Contract Tower,0,1,14,0,15,0,2,84,0,86,0,3,98,0,101,208,0,208,309
05/08/2017,ANE,MN,AGL,CE,Federal Contract Tower,0,6,31,0,37,0,2,74,0,76,0,8,105,0,113,216,4,220,333
05/09/2017,ANE,MN,AGL,CE,Federal Contract Tower,0,7,39,2,48,0,1,100,0,101,0,8,139,2,149,248,2,250,399
05/10/2017,ANE,MN,AGL,CE,Federal Contract Tower,0,6,39,0,45,0,3,85,0,88,0,9,124,0,133,150,20,170,303
05/11/2017,ANE,MN,AGL,CE,Federal Contract Tower,0,5,46,3,54,0,14,128,1,143,0,19,174,4,197,158,4,162,359
05/12/2017,ANE,MN,AGL,CE,Federal Contract Tower,0,9,24,0,33,0,8,87,0,95,0,17,111,0,128,258,0,258,386
05/13/2017,ANE,MN,AGL,CE,Federal Contract Tower,0,3,15,0,18,0,9,139,0,148,0,12,154,0,166,154,0,154,320
05/14/2017,ANE,MN,AGL,CE,Federal Contract Tower,0,5,18,0,23,0,2,51,0,53,0,7,69,0,76,30,0,30,106
05/15/2017,ANE,MN,AGL,CE,Federal Contract Tower,0,6,28,0,34,0,2,44,0,46,0,8,72,0,80,238,0,238,318
05/16/2017,ANE,MN,AGL,CE,Federal Contract Tower,0,9,31,0,40,0,2,38,0,40,0,11,69,0,80,140,0,140,220
05/17/2017,ANE,MN,AGL,CE,Federal Contract Tower,0,9,20,0,29,0,2,6,0,8,0,11,26,0,37,28,0,28,65
05/18/2017,ANE,MN,AGL,CE,Federal Contract Tower,0,4,42,0,46,0,8,49,1,58,0,12,91,1,104,122,6,128,232
05/19/2017,ANE,MN,AGL,CE,Federal Contract Tower,0,11,23,0,34,0,2,102,0,104,0,13,125,0,138,276,0,276,414
05/20/2017,ANE,MN,AGL,CE,Federal Contract Tower,0,4,5,1,10,0,0,6,0,6,0,4,11,1,16,20,0,20,36
05/21/2017,ANE,MN,AGL,CE,Federal Contract Tower,0,8,30,0,38,0,4,6,0,10,0,12,36,0,48,10,0,10,58
05/22/2017,ANE,MN,AGL,CE,Federal Contract Tower,0,8,23,0,31,0,1,69,0,70,0,9,92,0,101,332,0,332,433
05/23/2017,ANE,MN,AGL,CE,Federal Contract Tower,0,11,35,0,46,0,5,70,0,75,0,16,105,0,121,312,0,312,433
05/24/2017,ANE,MN,AGL,CE,Federal Contract Tower,0,5,32,0,37,0,4,108,2,114,0,9,140,2,151,266,12,278,429
05/25/2017,ANE,MN,AGL,CE,Federal Contract Tower,0,7,65,1,73,0,4,140,0,144,0,11,205,1,217,348,0,348,565
05/26/2017,ANE,MN,AGL,CE,Federal Contract Tower,0,3,41,0,44,0,6,82,0,88,0,9,123,0,132,302,0,302,434
05/27/2017,ANE,MN,AGL,CE,Federal Contract Tower,0,7,24,0,31,0,8,109,0,117,0,15,133,0,148,182,0,182,330
05/28/2017,ANE,MN,AGL,CE,Federal Contract Tower,0,3,12,0,15,0,0,35,0,35,0,3,47,0,50,58,0,58,108
05/29/2017,ANE,MN,AGL,CE,Federal Contract Tower,0,7,20,0,27,0,2,23,0,25,0,9,43,0,52,98,0,98,150
05/30/2017,ANE,MN,AGL,CE,Federal Contract Tower,0,8,44,0,52,0,4,43,0,47,0,12,87,0,99,94,0,94,193
05/31/2017,ANE,MN,AGL,CE,Federal Contract Tower,0,3,49,0,52,0,0,136,0,136,0,3,185,0,188,248,0,248,436
06/01/2017,ANE,MN,AGL,CE,Federal Contract Tower,0,6,62,0,68,0,3,152,0,155,0,9,214,0,223,324,0,324,547
06/02/2017,ANE,MN,AGL,CE,Federal Contract Tower,0,5,39,0,44,0,5,97,0,102,0,10,136,0,146,154,0,154,300
06/03/2017,ANE,MN,AGL,CE,Federal Contract Tower,0,4,21,0,25,0,3,93,0,96,0,7,114,0,121,18,0,18,139
06/04/2017,ANE,MN,AGL,CE,Federal Contract Tower,0,0,29,0,29,0,7,77,0,84,0,7,106,0,113,38,0,38,151
06/05/2017,ANE,MN,AGL,CE,Federal Contract Tower,0,6,28,0,34,0,1,81,0,82,0,7,109,0,116,218,0,218,334
06/06/2017,ANE,MN,AGL,CE,Federal Contract Tower,0,6,42,0,48,0,9,115,0,124,0,15,157,0,172,200,0,200,372
06/07/2017,ANE,MN,AGL,CE,Federal Contract Tower,0,8,26,0,34,0,3,88,0,91,0,11,114,0,125,226,0,226,351
06/08/2017,ANE,MN,AGL,CE,Federal Contract Tower,0,10,43,0,53,0,7,121,0,128,0,17,164,0,181,220,0,220,401
06/09/2017,ANE,MN,AGL,CE,Federal Contract Tower,0,6,33,1,40,0,6,124,0,130,0,12,157,1,170,154,0,154,324
06/10/2017,ANE,MN,AGL,CE,Federal Contract Tower,0,1,15,0,16,0,7,18,0,25,0,8,33,0,41,22,0,22,63
06/11/2017,ANE,MN,AGL,CE,Federal Contract Tower,0,5,17,0,22,0,3,35,0,38,0,8,52,0,60,20,0,20,80
06/12/2017,ANE,MN,AGL,CE,Federal Contract Tower,0,7,19,0,26,0,2,49,0,51,0,9,68,0,77,124,0,124,201
06/13/2017,ANE,MN,AGL,CE,Federal Contract Tower,0,12,45,0,57,0,5,41,1,47,0,17,86,1,104,68,0,68,172
06/14/2017,ANE,MN,AGL,CE,Federal Contract Tower,0,7,38,0,45,0,2,87,0,89,0,9,125,0,134,170,4,174,308
06/15/2017,ANE,MN,AGL,CE,Federal Contract Tower,0,7,48,0,55,0,2,113,0,115,0,9,161,0,170,230,0,230,400
06/16/2017,ANE,MN,AGL,CE,Federal Contract Tower,0,5,42,0,47,0,2,112,0,114,0,7,154,0,161,272,0,272,433
06/17/2017,ANE,MN,AGL,CE,Federal Contract Tower,0,9,20,0,29,0,0,107,0,107,0,9,127,0,136,164,0,164,300
06/18/2017,ANE,MN,AGL,CE,Federal Contract Tower,0,3,26,0,29,0,0,72,0,72,0,3,98,0,101,116,0,116,217
06/19/2017,ANE,MN,AGL,CE,Federal Contract Tower,0,5,29,0,34,0,3,56,0,59,0,8,85,0,93,58,0,58,151
06/20/2017,ANE,MN,AGL,CE,Federal Contract Tower,0,12,37,0,49,0,4,99,0,103,0,16,136,0,152,100,2,102,254
06/21/2017,ANE,MN,AGL,CE,Federal Contract Tower,0,13,50,0,63,0,6,130,0,136,0,19,180,0,199,182,0,182,381
06/22/2017,ANE,MN,AGL,CE,Federal Contract Tower,0,9,37,2,48,0,3,31,0,34,0,12,68,2,82,28,0,28,110
06/23/2017,ANE,MN,AGL,CE,Federal Contract Tower,0,7,41,0,48,0,9,82,0,91,0,16,123,0,139,156,0,156,295
06/24/2017,ANE,MN,AGL,CE,Federal Contract Tower,0,5,26,0,31,0,6,64,0,70,0,11,90,0,101,78,0,78,179
06/25/2017,ANE,MN,AGL,CE,Federal Contract Tower,0,5,34,0,39,0,0,39,0,39,0,5,73,0,78,16,0,16,94
06/26/2017,ANE,MN,AGL,CE,Federal Contract Tower,0,13,40,0,53,0,8,123,0,131,0,21,163,0,184,204,0,204,388
06/27/2017,ANE,MN,AGL,CE,Federal Contract Tower,0,7,50,0,57,0,8,93,0,101,0,15,143,0,158,147,0,147,305
06/28/2017,ANE,MN,AGL,CE,Federal Contract Tower,0,10,29,0,39,0,0,30,2,32,0,10,59,2,71,38,10,48,119
06/29/2017,ANE,MN,AGL,CE,Federal Contract Tower,0,11,42,1,54,0,2,116,0,118,0,13,158,1,172,252,10,262,434
06/30/2017,ANE,MN,AGL,CE,Federal Contract Tower,0,7,26,0,33,0,3,61,0,64,0,10,87,0,97,168,8,176,273
07/01/2017,ANE,MN,AGL,CE,Federal Contract Tower,0,9,28,0,37,0,7,82,0,89,0,16,110,0,126,102,0,102,228
07/02/2017,ANE,MN,AGL,CE,Federal Contract Tower,0,2,18,0,20,0,2,81,0,83,0,4,99,0,103,132,0,132,235
07/03/2017,ANE,MN,AGL,CE,Federal Contract Tower,0,3,12,0,15,0,3,91,0,94,0,6,103,0,109,64,0,64,173
07/04/2017,ANE,MN,AGL,CE,Federal Contract Tower,0,1,14,0,15,0,10,76,0,86,0,11,90,0,101,96,0,96,197
07/05/2017,ANE,MN,AGL,CE,Federal Contract Tower,0,7,25,0,32,0,4,83,0,87,0,11,108,0,119,144,0,144,263
07/06/2017,ANE,MN,AGL,CE,Federal Contract Tower,0,10,28,0,38,0,2,77,0,79,0,12,105,0,117,102,0,102,219
07/07/2017,ANE,MN,AGL,CE,Federal Contract Tower,0,12,21,0,33,0,2,81,0,83,0,14,102,0,116,196,0,196,312
07/08/2017,ANE,MN,AGL,CE,Federal Contract Tower,0,3,26,0,29,0,14,184,0,198,0,17,210,0,227,274,0,274,501
07/09/2017,ANE,MN,AGL,CE,Federal Contract Tower,0,5,36,0,41,0,0,67,0,67,0,5,103,0,108,124,0,124,232
07/10/2017,ANE,MN,AGL,CE,Federal Contract Tower,0,6,26,0,32,0,5,66,0,71,0,11,92,0,103,186,0,186,289
07/11/2017,ANE,MN,AGL,CE,Federal Contract Tower,0,5,46,0,51,0,3,97,0,100,0,8,143,0,151,284,0,284,435
07/12/2017,ANE,MN,AGL,CE,Federal Contract Tower,0,10,45,0,55,0,4,82,0,86,0,14,127,0,141,142,0,142,283
07/13/2017,ANE,MN,AGL,CE,Federal Contract Tower,0,7,37,1,45,0,2,46,0,48,0,9,83,1,93,114,0,114,207
07/14/2017,ANE,MN,AGL,CE,Federal Contract Tower,0,10,51,0,61,0,1,109,0,110,0,11,160,0,171,252,0,252,423
07/15/2017,ANE,MN,AGL,CE,Federal Contract Tower,0,4,26,0,30,0,9,106,0,115,0,13,132,0,145,72,0,72,217
07/16/2017,ANE,MN,AGL,CE,Federal Contract Tower,0,2,40,0,42,0,3,110,0,113,0,5,150,0,155,182,0,182,337
07/17/2017,ANE,MN,AGL,CE,Federal Contract Tower,0,16,44,0,60,0,3,84,2,89,0,19,128,2,149,86,4,90,239
07/18/2017,ANE,MN,AGL,CE,Federal Contract Tower,0,10,39,1,50,0,0,42,0,42,0,10,81,1,92,78,6,84,176
07/19/2017,ANE,MN,AGL,CE,Federal Contract Tower,0,7,40,0,47,0,4,87,0,91,0,11,127,0,138,100,10,110,248
07/20/2017,ANE,MN,AGL,CE,Federal Contract Tower,0,7,50,0,57,0,6,50,2,58,0,13,100,2,115,96,12,108,223
07/21/2017,ANE,MN,AGL,CE,Federal Contract Tower,0,7,29,0,36,0,1,57,0,58,0,8,86,0,94,124,0,124,218
07/22/2017,ANE,MN,AGL,CE,Federal Contract Tower,0,4,16,0,20,0,5,65,0,70,0,9,81,0,90,108,0,108,198
07/23/2017,ANE,MN,AGL,CE,Federal Contract Tower,0,4,27,0,31,0,0,92,0,92,0,4,119,0,123,94,0,94,217
07/24/2017,ANE,MN,AGL,CE,Federal Contract Tower,0,7,24,0,31,0,4,93,0,97,0,11,117,0,128,106,0,106,234
07/25/2017,ANE,MN,AGL,CE,Federal Contract Tower,0,8,58,0,66,0,0,54,0,54,0,8,112,0,120,30,0,30,150
07/26/2017,ANE,MN,AGL,CE,Federal Contract Tower,0,8,27,1,36,0,0,52,4,56,0,8,79,5,92,82,6,88,180
07/27/2017,ANE,MN,AGL,CE,Federal Contract Tower,0,7,48,1,56,0,1,105,0,106,0,8,153,1,162,50,0,50,212
07/28/2017,ANE,MN,AGL,CE,Federal Contract Tower,0,9,30,0,39,0,11,71,0,82,0,20,101,0,121,86,0,86,207
07/29/2017,ANE,MN,AGL,CE,Federal Contract Tower,0,2,21,0,23,0,9,71,0,80,0,11,92,0,103,56,0,56,159
07/30/2017,ANE,MN,AGL,CE,Federal Contract Tower,0,5,31,0,36,0,3,92,0,95,0,8,123,0,131,30,0,30,161
07/31/2017,ANE,MN,AGL,CE,Federal Contract Tower,0,6,34,0,40,0,14,97,0,111,0,20,131,0,151,122,0,122,273
08/01/2017,ANE,MN,AGL,CE,Federal Contract Tower,0,7,30,0,37,0,3,94,2,99,0,10,124,2,136,82,0,82,218
08/02/2017,ANE,MN,AGL,CE,Federal Contract Tower,0,9,34,0,43,0,4,117,0,121,0,13,151,0,164,108,0,108,272
08/03/2017,ANE,MN,AGL,CE,Federal Contract Tower,0,15,33,0,48,0,4,0,0,4,0,19,33,0,52,4,14,18,70
08/04/2017,ANE,MN,AGL,CE,Federal Contract Tower,0,8,34,0,42,0,5,94,0,99,0,13,128,0,141,120,0,120,261
08/05/2017,ANE,MN,AGL,CE,Federal Contract Tower,0,3,26,0,29,0,3,79,0,82,0,6,105,0,111,170,0,170,281
08/06/2017,ANE,MN,AGL,CE,Federal Contract Tower,0,3,23,0,26,0,3,63,0,66,0,6,86,0,92,34,0,34,126
08/07/2017,ANE,MN,AGL,CE,Federal Contract Tower,0,13,26,0,39,0,3,94,0,97,0,16,120,0,136,142,0,142,278
08/08/2017,ANE,MN,AGL,CE,Federal Contract Tower,0,10,45,4,59,0,3,155,2,160,0,13,200,6,219,234,4,238,457
08/09/2017,ANE,MN,AGL,CE,Federal Contract Tower,0,9,35,0,44,0,0,43,0,43,0,9,78,0,87,92,0,92,179
08/10/2017,ANE,MN,AGL,CE,Federal Contract Tower,0,8,41,0,49,0,0,28,1,29,0,8,69,1,78,30,22,52,130
08/11/2017,ANE,MN,AGL,CE,Federal Contract Tower,0,13,30,0,43,0,6,120,0,126,0,19,150,0,169,152,0,152,321
08/12/2017,ANE,MN,AGL,CE,Federal Contract Tower,0,3,13,1,17,0,3,95,0,98,0,6,108,1,115,66,0,66,181
08/13/2017,ANE,MN,AGL,CE,Federal Contract Tower,0,5,28,0,33,0,4,54,0,58,0,9,82,0,91,48,0,48,139
08/14/2017,ANE,MN,AGL,CE,Federal Contract Tower,0,8,40,0,48,0,0,46,0,46,0,8,86,0,94,122,0,122,216
08/15/2017,ANE,MN,AGL,CE,Federal Contract Tower,0,8,48,0,56,0,16,113,0,129,0,24,161,0,185,168,10,178,363
08/16/2017,ANE,MN,AGL,CE,Federal Contract Tower,0,9,25,1,35,0,6,24,0,30,0,15,49,1,65,56,16,72,137
08/17/2017,ANE,MN,AGL,CE,Federal Contract Tower,0,9,25,0,34,0,5,22,0,27,0,14,47,0,61,38,0,38,99
08/18/2017,ANE,MN,AGL,CE,Federal Contract Tower,0,8,40,2,50,0,2,94,0,96,0,10,134,2,146,264,0,264,410
08/19/2017,ANE,MN,AGL,CE,Federal Contract Tower,0,2,22,0,24,0,4,110,0,114,0,6,132,0,138,168,0,168,306
08/20/2017,ANE,MN,AGL,CE,Federal Contract Tower,0,4,31,0,35,0,6,111,0,117,0,10,142,0,152,132,0,132,284
08/21/2017,ANE,MN,AGL,CE,Federal Contract Tower,0,6,53,0,59,0,2,40,0,42,0,8,93,0,101,20,0,20,121
08/22/2017,ANE,MN,AGL,CE,Federal Contract Tower,0,12,41,0,53,0,6,73,0,79,0,18,114,0,132,108,0,108,240
08/23/2017,ANE,MN,AGL,CE,Federal Contract Tower,0,4,54,0,58,0,3,103,0,106,0,7,157,0,164,264,0,264,428
08/24/2017,ANE,MN,AGL,CE,Federal Contract Tower,0,6,51,1,58,0,4,147,0,151,0,10,198,1,209,154,0,154,363
08/25/2017,ANE,MN,AGL,CE,Federal Contract Tower,0,9,24,0,33,0,7,28,0,35,0,16,52,0,68,38,0,38,106
08/26/2017,ANE,MN,AGL,CE,Federal Contract Tower,0,4,16,0,20,0,0,0,0,0,0,4,16,0,20,0,0,0,20
08/27/2017,ANE,MN,AGL,CE,Federal Contract Tower,0,6,26,0,32,0,3,30,0,33,0,9,56,0,65,24,0,24,89
08/28/2017,ANE,MN,AGL,CE,Federal Contract Tower,0,4,32,0,36,0,4,69,0,73,0,8,101,0,109,174,0,174,283
08/29/2017,ANE,MN,AGL,CE,Federal Contract Tower,0,8,36,0,44,0,3,145,2,150,0,11,181,2,194,346,20,366,560
08/30/2017,ANE,MN,AGL,CE,Federal Contract Tower,0,4,55,2,61,0,1,122,0,123,0,5,177,2,184,248,0,248,432
08/31/2017,ANE,MN,AGL,CE,Federal Contract Tower,0,5,34,0,39,0,0,134,2,136,0,5,168,2,175,196,22,218,393
09/01/2017,ANE,MN,AGL,CE,Federal Contract Tower,0,7,48,3,58,0,1,128,0,129,0,8,176,3,187,136,2,138,325
09/02/2017,ANE,MN,AGL,CE,Federal Contract Tower,0,2,21,0,23,0,10,67,0,77,0,12,88,0,100,80,0,80,180
09/03/2017,ANE,MN,AGL,CE,Federal Contract Tower,0,0,32,0,32,0,2,107,0,109,0,2,139,0,141,152,0,152,293
09/04/2017,ANE,MN,AGL,CE,Federal Contract Tower,0,3,27,0,30,0,5,47,0,52,0,8,74,0,82,72,0,72,154
09/05/2017,ANE,MN,AGL,CE,Federal Contract Tower,0,7,42,0,49,0,2,52,0,54,0,9,94,0,103,66,0,66,169
09/06/2017,ANE,MN,AGL,CE,Federal Contract Tower,0,4,29,2,35,0,3,103,0,106,0,7,132,2,141,236,0,236,377
09/07/2017,ANE,MN,AGL,CE,Federal Contract Tower,0,9,31,1,41,0,2,111,2,115,0,11,142,3,156,166,20,186,342
09/08/2017,ANE,MN,AGL,CE,Federal Contract Tower,0,12,42,0,54,0,8,98,0,106,0,20,140,0,160,194,0,194,354
09/09/2017,ANE,MN,AGL,CE,Federal Contract Tower,0,6,34,0,40,0,6,172,0,178,0,12,206,0,218,80,0,80,298
09/10/2017,ANE,MN,AGL,CE,Federal Contract Tower,0,5,21,0,26,0,7,87,0,94,0,12,108,0,120,100,0,100,220
09/11/2017,ANE,MN,AGL,CE,Federal Contract Tower,0,6,25,0,31,0,1,88,0,89,0,7,113,0,120,130,0,130,250
09/12/2017,ANE,MN,AGL,CE,Federal Contract Tower,0,11,59,0,70,0,2,95,0,97,0,13,154,0,167,202,16,218,385
09/13/2017,ANE,MN,AGL,CE,Federal Contract Tower,0,7,44,0,51,0,9,109,0,118,0,16,153,0,169,192,0,192,361
09/14/2017,ANE,MN,AGL,CE,Federal Contract Tower,0,9,45,0,54,0,5,118,0,123,0,14,163,0,177,132,0,132,309
09/15/2017,ANE,MN,AGL,CE,Federal Contract Tower,0,15,35,0,50,0,3,85,0,88,0,18,120,0,138,104,0,104,242
09/16/2017,ANE,MN,AGL,CE,Federal Contract Tower,0,9,26,0,35,0,0,41,0,41,0,9,67,0,76,94,0,94,170
09/17/2017,ANE,MN,AGL,CE,Federal Contract Tower,0,0,15,0,15,0,5,89,0,94,0,5,104,0,109,156,0,156,265
09/18/2017,ANE,MN,AGL,CE,Federal Contract Tower,0,5,32,0,37,0,3,17,0,20,0,8,49,0,57,10,0,10,67
09/19/2017,ANE,MN,AGL,CE,Federal Contract Tower,0,9,32,0,41,0,4,43,0,47,0,13,75,0,88,106,0,106,194
09/20/2017,ANE,MN,AGL,CE,Federal Contract Tower,0,8,37,0,45,0,2,75,0,77,0,10,112,0,122,192,0,192,314
09/21/2017,ANE,MN,AGL,CE,Federal Contract Tower,0,9,43,0,52,0,6,96,0,102,0,15,139,0,154,14,0,14,168
09/22/2017,ANE,MN,AGL,CE,Federal Contract Tower,0,7,37,0,44,0,3,63,0,66,0,10,100,0,110,36,0,36,146
09/23/2017,ANE,MN,AGL,CE,Federal Contract Tower,0,10,17,0,27,0,8,76,0,84,0,18,93,0,111,82,0,82,193
09/24/2017,ANE,MN,AGL,CE,Federal Contract Tower,0,1,42,0,43,0,3,51,0,54,0,4,93,0,97,66,0,66,163
09/25/2017,ANE,MN,AGL,CE,Federal Contract Tower,0,10,17,0,27,0,0,0,0,0,0,10,17,0,27,0,0,0,27
09/26/2017,ANE,MN,AGL,CE,Federal Contract Tower,0,7,40,1,48,0,3,24,0,27,0,10,64,1,75,128,12,140,215
09/27/2017,ANE,MN,AGL,CE,Federal Contract Tower,0,7,48,0,55,0,3,100,2,105,0,10,148,2,160,102,8,110,270
09/28/2017,ANE,MN,AGL,CE,Federal Contract Tower,0,8,38,0,46,0,7,93,0,100,0,15,131,0,146,248,0,248,394
09/29/2017,ANE,MN,AGL,CE,Federal Contract Tower,0,10,34,0,44,0,2,115,0,117,0,12,149,0,161,204,0,204,365
09/30/2017,ANE,MN,AGL,CE,Federal Contract Tower,0,4,15,0,19,0,4,83,0,87,0,8,98,0,106,80,0,80,186
10/01/2017,ANE,MN,AGL,CE,Federal Contract Tower,0,8,17,0,25,0,0,8,0,8,0,8,25,0,33,0,0,0,33
10/02/2017,ANE,MN,AGL,CE,Federal Contract Tower,0,7,14,0,21,0,2,12,1,15,0,9,26,1,36,42,0,42,78
10/03/2017,ANE,MN,AGL,CE,Federal Contract Tower,0,3,36,0,39,0,3,17,0,20,0,6,53,0,59,14,0,14,73
10/04/2017,ANE,MN,AGL,CE,Federal Contract Tower,0,8,36,0,44,0,4,75,0,79,0,12,111,0,123,86,0,86,209
10/05/2017,ANE,MN,AGL,CE,Federal Contract Tower,0,7,40,0,47,0,2,65,0,67,0,9,105,0,114,124,0,124,238
10/06/2017,ANE,MN,AGL,CE,Federal Contract Tower,0,10,24,0,34,0,0,12,0,12,0,10,36,0,46,24,0,24,70
10/07/2017,ANE,MN,AGL,CE,Federal Contract Tower,0,7,9,0,16,0,1,18,0,19,0,8,27,0,35,12,0,12,47
10/08/2017,ANE,MN,AGL,CE,Federal Contract Tower,0,1,22,0,23,0,6,151,0,157,0,7,173,0,180,54,0,54,234
10/09/2017,ANE,MN,AGL,CE,Federal Contract Tower,0,7,25,0,32,0,3,105,0,108,0,10,130,0,140,70,0,70,210
10/10/2017,ANE,MN,AGL,CE,Federal Contract Tower,0,6,32,0,38,0,8,69,0,77,0,14,101,0,115,58,2,60,175
10/11/2017,ANE,MN,AGL,CE,Federal Contract Tower,0,6,22,1,29,0,5,124,0,129,0,11,146,1,158,132,2,134,292
10/12/2017,ANE,MN,AGL,CE,Federal Contract Tower,0,7,38,0,45,0,3,27,0,30,0,10,65,0,75,106,0,106,181
10/13/2017,ANE,MN,AGL,CE,Federal Contract Tower,0,10,16,0,26,0,1,88,0,89,0,11,104,0,115,72,0,72,187
10/14/2017,ANE,MN,AGL,CE,Federal Contract Tower,0,3,21,0,24,0,4,35,0,39,0,7,56,0,63,52,0,52,115
10/15/2017,ANE,MN,AGL,CE,Federal Contract Tower,0,5,31,0,36,0,3,67,0,70,0,8,98,0,106,100,0,100,206
10/16/2017,ANE,MN,AGL,CE,Federal Contract Tower,0,4,17,0,21,0,5,71,0,76,0,9,88,0,97,140,0,140,237
10/17/2017,ANE,MN,AGL,CE,Federal Contract Tower,0,4,35,0,39,0,4,103,0,107,0,8,138,0,146,154,0,154,300
10/18/2017,ANE,MN,AGL,CE,Federal Contract Tower,0,6,29,1,36,0,2,91,0,93,0,8,120,1,129,96,0,96,225
10/19/2017,ANE,MN,AGL,CE,Federal Contract Tower,0,7,20,0,27,0,8,82,0,90,0,15,102,0,117,126,0,126,243
10/20/2017,ANE,MN,AGL,CE,Federal Contract Tower,0,4,23,0,27,0,5,65,0,70,0,9,88,0,97,66,0,66,163
10/21/2017,ANE,MN,AGL,CE,Federal Contract Tower,0,7,13,0,20,0,0,11,0,11,0,7,24,0,31,32,0,32,63
10/22/2017,ANE,MN,AGL,CE,Federal Contract Tower,0,8,31,0,39,0,5,116,0,121,0,13,147,0,160,178,0,178,338
10/23/2017,ANE,MN,AGL,CE,Federal Contract Tower,0,3,26,0,29,0,1,43,0,44,0,4,69,0,73,116,0,116,189
10/24/2017,ANE,MN,AGL,CE,Federal Contract Tower,0,3,26,0,29,0,6,17,0,23,0,9,43,0,52,6,0,6,58
10/25/2017,ANE,MN,AGL,CE,Federal Contract Tower,0,5,44,0,49,0,6,116,0,122,0,11,160,0,171,124,4,128,299
10/26/2017,ANE,MN,AGL,CE,Federal Contract Tower,0,14,35,0,49,0,0,51,0,51,0,14,86,0,100,146,0,146,246
10/27/2017,ANE,MN,AGL,CE,Federal Contract Tower,0,10,15,0,25,0,0,0,0,0,0,10,15,0,25,0,0,0,25
10/28/2017,ANE,MN,AGL,CE,Federal Contract Tower,0,2,10,0,12,0,4,57,0,61,0,6,67,0,73,146,0,146,219
10/29/2017,ANE,MN,AGL,CE,Federal Contract Tower,0,4,24,0,28,0,3,73,0,76,0,7,97,0,104,48,0,48,152
10/30/2017,ANE,MN,AGL,CE,Federal Contract Tower,0,7,14,0,21,0,3,3,0,6,0,10,17,0,27,22,0,22,49
10/31/2017,ANE,MN,AGL,CE,Federal Contract Tower,0,3,42,0,45,0,4,73,1,78,0,7,115,1,123,108,0,108,231
11/01/2017,ANE,MN,AGL,CE,Federal Contract Tower,0,8,17,0,25,0,3,8,0,11,0,11,25,0,36,2,0,2,38
11/02/2017,ANE,MN,AGL,CE,Federal Contract Tower,0,7,38,0,45,0,3,15,0,18,0,10,53,0,63,52,0,52,115
11/03/2017,ANE,MN,AGL,CE,Federal Contract Tower,0,6,18,0,24,0,1,24,0,25,0,7,42,0,49,44,6,50,99
11/04/2017,ANE,MN,AGL,CE,Federal Contract Tower,0,7,17,0,24,0,0,0,0,0,0,7,17,0,24,10,0,10,34
11/05/2017,ANE,MN,AGL,CE,Federal Contract Tower,0,2,11,0,13,0,3,24,0,27,0,5,35,0,40,16,0,16,56
11/06/2017,ANE,MN,AGL,CE,Federal Contract Tower,0,5,28,0,33,0,6,70,0,76,0,11,98,0,109,102,0,102,211
11/07/2017,ANE,MN,AGL,CE,Federal Contract Tower,0,9,26,0,35,0,4,104,0,108,0,13,130,0,143,156,0,156,299
11/08/2017,ANE,MN,AGL,CE,Federal Contract Tower,0,7,44,2,53,0,9,56,0,65,0,16,100,2,118,94,30,124,242
11/09/2017,ANE,MN,AGL,CE,Federal Contract Tower,0,6,25,0,31,0,0,40,0,40,0,6,65,0,71,30,0,30,101
11/10/2017,ANE,MN,AGL,CE,Federal Contract Tower,0,6,19,0,25,0,5,54,0,59,0,11,73,0,84,52,0,52,136
11/11/2017,ANE,MN,AGL,CE,Federal Contract Tower,0,2,29,0,31,0,3,81,0,84,0,5,110,0,115,160,0,160,275
11/12/2017,ANE,MN,AGL,CE,Federal Contract Tower,0,5,32,0,37,0,0,48,0,48,0,5,80,0,85,146,0,146,231
11/13/2017,ANE,MN,AGL,CE,Federal Contract Tower,0,6,41,0,47,0,2,57,0,59,0,8,98,0,106,98,0,98,204
11/14/2017,ANE,MN,AGL,CE,Federal Contract Tower,0,2,37,0,39,0,0,0,0,0,0,2,37,0,39,0,0,0,39
11/15/2017,ANE,MN,AGL,CE,Federal Contract Tower,0,11,33,1,45,0,7,35,1,43,0,18,68,2,88,38,2,40,128
11/16/2017,ANE,MN,AGL,CE,Federal Contract Tower,0,11,51,0,62,0,3,28,0,31,0,14,79,0,93,92,4,96,189
11/17/2017,ANE,MN,AGL,CE,Federal Contract Tower,0,10,16,0,26,0,0,0,0,0,0,10,16,0,26,0,0,0,26
11/18/2017,ANE,MN,AGL,CE,Federal Contract Tower,0,4,22,0,26,0,5,76,0,81,0,9,98,0,107,78,0,78,185
11/19/2017,ANE,MN,AGL,CE,Federal Contract Tower,0,5,34,0,39,0,5,129,0,134,0,10,163,0,173,118,0,118,291
11/20/2017,ANE,MN,AGL,CE,Federal Contract Tower,0,2,35,0,37,0,7,110,0,117,0,9,145,0,154,118,0,118,272
11/21/2017,ANE,MN,AGL,CE,Federal Contract Tower,0,3,24,0,27,0,0,31,2,33,0,3,55,2,60,80,4,84,144
11/22/2017,ANE,MN,AGL,CE,Federal Contract Tower,0,10,46,0,56,0,11,97,0,108,0,21,143,0,164,32,8,40,204
11/23/2017,ANE,MN,AGL,CE,Federal Contract Tower,0,1,14,0,15,0,4,59,0,63,0,5,73,0,78,50,0,50,128
11/24/2017,ANE,MN,AGL,CE,Federal Contract Tower,0,5,32,0,37,0,0,39,0,39,0,5,71,0,76,68,0,68,144
11/25/2017,ANE,MN,AGL,CE,Federal Contract Tower,0,6,28,0,34,0,5,93,0,98,0,11,121,0,132,90,0,90,222
11/26/2017,ANE,MN,AGL,CE,Federal Contract Tower,0,0,39,0,39,0,3,118,0,121,0,3,157,0,160,162,0,162,322
11/27/2017,ANE,MN,AGL,CE,Federal Contract Tower,0,5,28,0,33,0,1,32,0,33,0,6,60,0,66,28,0,28,94
11/28/2017,ANE,MN,AGL,CE,Federal Contract Tower,0,4,25,0,29,0,3,42,0,45,0,7,67,0,74,62,2,64,138
11/29/2017,ANE,MN,AGL,CE,Federal Contract Tower,0,7,30,0,37,0,5,65,0,70,0,12,95,0,107,80,0,80,187
11/30/2017,ANE,MN,AGL,CE,Federal Contract Tower,0,3,43,0,46,0,5,75,0,80,0,8,118,0,126,58,0,58,184
12/01/2017,ANE,MN,AGL,CE,Federal Contract Tower,0,15,20,0,35,0,0,53,0,53,0,15,73,0,88,58,0,58,146
12/02/2017,ANE,MN,AGL,CE,Federal Contract Tower,0,4,34,0,38,0,1,119,0,120,0,5,153,0,158,122,0,122,280
12/03/2017,ANE,MN,AGL,CE,Federal Contract Tower,0,3,29,0,32,0,7,68,0,75,0,10,97,0,107,88,0,88,195
12/04/2017,ANE,MN,AGL,CE,Federal Contract Tower,0,5,9,0,14,0,0,2,0,2,0,5,11,0,16,0,0,0,16
12/05/2017,ANE,MN,AGL,CE,Federal Contract Tower,0,6,25,0,31,0,3,4,2,9,0,9,29,2,40,2,4,6,46
12/06/2017,ANE,MN,AGL,CE,Federal Contract Tower,0,24,33,0,57,0,5,8,4,17,0,29,41,4,74,12,24,36,110
12/07/2017,ANE,MN,AGL,CE,Federal Contract Tower,0,6,35,0,41,0,2,85,0,87,0,8,120,0,128,144,0,144,272
12/08/2017,ANE,MN,AGL,CE,Federal Contract Tower,0,14,13,0,27,0,0,33,0,33,0,14,46,0,60,86,0,86,146
12/09/2017,ANE,MN,AGL,CE,Federal Contract Tower,0,5,9,0,14,0,6,108,1,115,0,11,117,1,129,60,0,60,189
12/10/2017,ANE,MN,AGL,CE,Federal Contract Tower,0,2,7,0,9,0,4,25,0,29,0,6,32,0,38,28,0,28,66
12/11/2017,ANE,MN,AGL,CE,Federal Contract Tower,0,8,5,0,13,0,1,3,0,4,0,9,8,0,17,0,0,0,17
12/12/2017,ANE,MN,AGL,CE,Federal Contract Tower,0,9,37,0,46,0,2,38,0,40,0,11,75,0,86,60,0,60,146
12/13/2017,ANE,MN,AGL,CE,Federal Contract Tower,0,7,20,0,27,0,2,3,12,17,0,9,23,12,44,16,0,16,60
12/14/2017,ANE,MN,AGL,CE,Federal Contract Tower,0,9,37,0,46,0,8,40,0,48,0,17,77,0,94,102,4,106,200
12/15/2017,ANE,MN,AGL,CE,Federal Contract Tower,0,8,20,0,28,0,2,27,0,29,0,10,47,0,57,46,0,46,103
12/16/2017,ANE,MN,AGL,CE,Federal Contract Tower,0,5,17,0,22,0,0,7,0,7,0,5,24,0,29,6,0,6,35
12/17/2017,ANE,MN,AGL,CE,Federal Contract Tower,0,4,9,0,13,0,0,0,0,0,0,4,9,0,13,0,0,0,13
12/18/2017,ANE,MN,AGL,CE,Federal Contract Tower,0,11,38,0,49,0,0,81,0,81,0,11,119,0,130,114,0,114,244
12/19/2017,ANE,MN,AGL,CE,Federal Contract Tower,0,7,42,0,49,0,5,56,0,61,0,12,98,0,110,52,0,52,162
12/20/2017,ANE,MN,AGL,CE,Federal Contract Tower,0,5,35,2,42,0,0,27,0,27,0,5,62,2,69,64,4,68,137
12/21/2017,ANE,MN,AGL,CE,Federal Contract Tower,0,6,13,2,21,0,3,20,0,23,0,9,33,2,44,56,0,56,100
12/22/2017,ANE,MN,AGL,CE,Federal Contract Tower,0,7,26,0,33,0,3,51,0,54,0,10,77,0,87,68,0,68,155
12/23/2017,ANE,MN,AGL,CE,Federal Contract Tower,0,4,13,0,17,0,1,59,1,61,0,5,72,1,78,74,0,74,152
12/24/2017,ANE,MN,AGL,CE,Federal Contract Tower,0,3,5,0,8,0,4,2,0,6,0,7,7,0,14,0,0,0,14
12/25/2017,ANE,MN,AGL,CE,Federal Contract Tower,0,1,3,0,4,0,3,0,0,3,0,4,3,0,7,8,0,8,15
12/26/2017,ANE,MN,AGL,CE,Federal Contract Tower,0,5,5,0,10,0,6,24,0,30,0,11,29,0,40,28,0,28,68
12/27/2017,ANE,MN,AGL,CE,Federal Contract Tower,0,5,21,1,27,0,2,18,0,20,0,7,39,1,47,46,0,46,93
12/28/2017,ANE,MN,AGL,CE,Federal Contract Tower,0,5,27,0,32,0,3,16,0,19,0,8,43,0,51,0,0,0,51
12/29/2017,ANE,MN,AGL,CE,Federal Contract Tower,0,5,22,0,27,0,6,16,0,22,0,11,38,0,49,0,0,0,49
12/30/2017,ANE,MN,AGL,CE,Federal Contract Tower,0,3,10,0,13,0,3,10,0,13,0,6,20,0,26,0,0,0,26
12/31/2017,ANE,MN,AGL,CE,Federal Contract Tower,0,0,6,0,6,0,4,1,0,5,0,4,7,0,11,0,0,0,11
01/01/2018,ANE,MN,AGL,CE,Federal Contract Tower,0,1,14,0,15,0,2,10,0,12,0,3,24,0,27,4,0,4,31
01/02/2018,ANE,MN,AGL,CE,Federal Contract Tower,0,7,6,0,13,0,0,19,2,21,0,7,25,2,34,26,14,40,74
01/03/2018,ANE,MN,AGL,CE,Federal Contract Tower,0,5,13,2,20,0,5,32,2,39,0,10,45,4,59,70,6,76,135
01/04/2018,ANE,MN,AGL,CE,Federal Contract Tower,0,2,27,0,29,0,2,32,0,34,0,4,59,0,63,46,0,46,109
01/05/2018,ANE,MN,AGL,CE,Federal Contract Tower,0,5,11,0,16,0,2,32,0,34,0,7,43,0,50,20,2,22,72
01/06/2018,ANE,MN,AGL,CE,Federal Contract Tower,0,5,23,0,28,0,6,42,0,48,0,11,65,0,76,64,0,64,140
01/07/2018,ANE,MN,AGL,CE,Federal Contract Tower,0,3,24,0,27,0,2,67,0,69,0,5,91,0,96,68,0,68,164
01/08/2018,ANE,MN,AGL,CE,Federal Contract Tower,0,9,29,0,38,0,3,56,0,59,0,12,85,0,97,62,0,62,159
01/09/2018,ANE,MN,AGL,CE,Federal Contract Tower,0,5,33,0,38,0,8,45,0,53,0,13,78,0,91,80,0,80,171
01/10/2018,ANE,MN,AGL,CE,Federal Contract Tower,0,10,31,0,41,0,0,0,0,0,0,10,31,0,41,0,0,0,41
01/11/2018,ANE,MN,AGL,CE,Federal Contract Tower,0,6,10,0,16,0,0,1,0,1,0,6,11,0,17,0,0,0,17
01/12/2018,ANE,MN,AGL,CE,Federal Contract Tower,0,8,20,0,28,0,4,26,2,32,0,12,46,2,60,40,4,44,104
01/13/2018,ANE,MN,AGL,CE,Federal Contract Tower,0,3,12,0,15,0,5,25,0,30,0,8,37,0,45,18,0,18,63
01/14/2018,ANE,MN,AGL,CE,Federal Contract Tower,0,1,9,0,10,0,3,0,0,3,0,4,9,0,13,10,0,10,23
01/15/2018,ANE,MN,AGL,CE,Federal Contract Tower,0,7,7,0,14,0,6,1,0,7,0,13,8,0,21,0,0,0,21
01/16/2018,ANE,MN,AGL,CE,Federal Contract Tower,0,4,28,0,32,0,3,24,0,27,0,7,52,0,59,62,0,62,121
01/17/2018,ANE,MN,AGL,CE,Federal Contract Tower,0,8,41,0,49,0,6,56,0,62,0,14,97,0,111,154,0,154,265
01/18/2018,ANE,MN,AGL,CE,Federal Contract Tower,0,6,50,0,56,0,6,75,2,83,0,12,125,2,139,174,2,176,315
01/19/2018,ANE,MN,AGL,CE,Federal Contract Tower,0,10,38,0,48,0,9,97,0,106,0,19,135,0,154,240,0,240,394
01/20/2018,ANE,MN,AGL,CE,Federal Contract Tower,0,7,56,0,63,0,3,115,0,118,0,10,171,0,181,134,0,134,315
01/21/2018,ANE,MN,AGL,CE,Federal Contract Tower,0,8,13,0,21,0,4,36,0,40,0,12,49,0,61,54,0,54,115
01/22/2018,ANE,MN,AGL,CE,Federal Contract Tower,0,0,8,0,8,0,0,0,0,0,0,0,8,0,8,0,0,0,8
01/23/2018,ANE,MN,AGL,CE,Federal Contract Tower,0,10,26,0,36,0,4,16,0,20,0,14,42,0,56,12,0,12,68
01/24/2018,ANE,MN,AGL,CE,Federal Contract Tower,0,8,28,0,36,0,3,4,0,7,0,11,32,0,43,0,0,0,43
01/25/2018,ANE,MN,AGL,CE,Federal Contract Tower,0,11,24,0,35,0,0,0,0,0,0,11,24,0,35,0,0,0,35
01/26/2018,ANE,MN,AGL,CE,Federal Contract Tower,0,3,29,0,32,0,4,50,0,54,0,7,79,0,86,54,0,54,140
01/27/2018,ANE,MN,AGL,CE,Federal Contract Tower,0,7,39,0,46,0,1,76,0,77,0,8,115,0,123,176,0,176,299
01/28/2018,ANE,MN,AGL,CE,Federal Contract Tower,0,1,28,0,29,0,0,33,0,33,0,1,61,0,62,68,0,68,130
01/29/2018,ANE,MN,AGL,CE,Federal Contract Tower,0,7,30,0,37,0,0,43,0,43,0,7,73,0,80,44,0,44,124
01/30/2018,ANE,MN,AGL,CE,Federal Contract Tower,0,11,32,0,43,0,2,39,0,41,0,13,71,0,84,42,0,42,126
01/31/2018,ANE,MN,AGL,CE,Federal Contract Tower,0,5,22,0,27,0,0,39,0,39,0,5,61,0,66,52,0,52,118
02/01/2018,ANE,MN,AGL,CE,Federal Contract Tower,0,19,34,0,53,0,4,35,0,39,0,23,69,0,92,26,0,26,118
02/02/2018,ANE,MN,AGL,CE,Federal Contract Tower,0,16,27,0,43,0,3,23,0,26,0,19,50,0,69,32,0,32,101
02/03/2018,ANE,MN,AGL,CE,Federal Contract Tower,0,23,18,0,41,0,0,0,0,0,0,23,18,0,41,0,0,0,41
02/04/2018,ANE,MN,AGL,CE,Federal Contract Tower,0,68,73,0,141,0,11,8,0,19,0,79,81,0,160,30,0,30,190
02/05/2018,ANE,MN,AGL,CE,Federal Contract Tower,0,78,70,0,148,0,4,37,0,41,0,82,107,0,189,18,0,18,207
02/06/2018,ANE,MN,AGL,CE,Federal Contract Tower,0,10,40,0,50,0,7,34,0,41,0,17,74,0,91,52,0,52,143
02/07/2018,ANE,MN,AGL,CE,Federal Contract Tower,0,8,36,0,44,0,5,45,0,50,0,13,81,0,94,106,2,108,202
02/08/2018,ANE,MN,AGL,CE,Federal Contract Tower,0,8,32,0,40,0,1,70,0,71,0,9,102,0,111,70,0,70,181
02/09/2018,ANE,MN,AGL,CE,Federal Contract Tower,0,14,19,0,33,0,0,52,0,52,0,14,71,0,85,88,0,88,173
02/10/2018,ANE,MN,AGL,CE,Federal Contract Tower,0,5,28,0,33,0,1,50,0,51,0,6,78,0,84,58,0,58,142
02/11/2018,ANE,MN,AGL,CE,Federal Contract Tower,0,1,34,0,35,0,3,82,0,85,0,4,116,0,120,98,0,98,218
02/12/2018,ANE,MN,AGL,CE,Federal Contract Tower,0,3,17,0,20,0,3,56,0,59,0,6,73,0,79,72,0,72,151
02/13/2018,ANE,MN,AGL,CE,Federal Contract Tower,0,5,23,0,28,0,6,80,2,88,0,11,103,2,116,160,28,188,304
02/14/2018,ANE,MN,AGL,CE,Federal Contract Tower,0,3,23,0,26,0,6,63,0,69,0,9,86,0,95,64,6,70,165
02/15/2018,ANE,MN,AGL,CE,Federal Contract Tower,0,12,26,0,38,0,8,24,0,32,0,20,50,0,70,44,0,44,114
02/16/2018,ANE,MN,AGL,CE,Federal Contract Tower,0,5,44,0,49,0,2,49,0,51,0,7,93,0,100,58,0,58,158
02/17/2018,ANE,MN,AGL,CE,Federal Contract Tower,0,1,26,0,27,0,3,48,0,51,0,4,74,0,78,92,0,92,170
02/18/2018,ANE,MN,AGL,CE,Federal Contract Tower,0,4,11,0,15,0,2,31,0,33,0,6,42,0,48,4,0,4,52
02/19/2018,ANE,MN,AGL,CE,Federal Contract Tower,0,7,7,0,14,0,0,0,0,0,0,7,7,0,14,0,0,0,14
02/20/2018,ANE,MN,AGL,CE,Federal Contract Tower,0,8,13,0,21,0,1,6,0,7,0,9,19,0,28,66,0,66,94
02/21/2018,ANE,MN,AGL,CE,Federal Contract Tower,0,7,35,0,42,0,6,57,0,63,0,13,92,0,105,118,8,126,231
02/22/2018,ANE,MN,AGL,CE,Federal Contract Tower,0,8,30,0,38,0,1,29,0,30,0,9,59,0,68,140,0,140,208
02/23/2018,ANE,MN,AGL,CE,Federal Contract Tower,0,8,26,0,34,0,2,23,0,25,0,10,49,0,59,88,0,88,147
02/24/2018,ANE,MN,AGL,CE,Federal Contract Tower,0,5,11,0,16,0,2,6,0,8,0,7,17,0,24,10,0,10,34
02/25/2018,ANE,MN,AGL,CE,Federal Contract Tower,0,4,7,0,11,0,0,23,0,23,0,4,30,0,34,12,0,12,46
02/26/2018,ANE,MN,AGL,CE,Federal Contract Tower,0,7,35,0,42,0,3,84,0,87,0,10,119,0,129,200,0,200,329
02/27/2018,ANE,MN,AGL,CE,Federal Contract Tower,0,3,32,0,35,0,4,107,6,117,0,7,139,6,152,212,14,226,378
02/28/2018,ANE,MN,AGL,CE,Federal Contract Tower,0,2,31,0,33,0,5,87,0,92,0,7,118,0,125,190,0,190,315
03/01/2018,ANE,MN,AGL,CE,Federal Contract Tower,0,7,31,0,38,0,6,47,0,53,0,13,78,0,91,48,0,48,139
03/02/2018,ANE,MN,AGL,CE,Federal Contract Tower,0,4,18,0,22,0,4,49,0,53,0,8,67,0,75,174,0,174,249
03/04/2018,ANE,MN,AGL,CE,Federal Contract Tower,0,1,18,0,19,0,2,18,0,20,0,3,36,0,39,26,0,26,65
03/05/2018,ANE,MN,AGL,CE,Federal Contract Tower,0,0,1,0,1,0,0,0,0,0,0,0,1,0,1,0,0,0,1
03/06/2018,ANE,MN,AGL,CE,Federal Contract Tower,0,9,18,2,29,0,2,12,0,14,0,11,30,2,43,26,0,26,69
03/07/2018,ANE,MN,AGL,CE,Federal Contract Tower,0,5,31,0,36,0,6,84,0,90,0,11,115,0,126,118,0,118,244
03/08/2018,ANE,MN,AGL,CE,Federal Contract Tower,0,7,39,0,46,0,2,104,0,106,0,9,143,0,152,140,0,140,292
03/09/2018,ANE,MN,AGL,CE,Federal Contract Tower,0,8,40,0,48,0,4,85,0,89,0,12,125,0,137,120,0,120,257
03/10/2018,ANE,MN,AGL,CE,Federal Contract Tower,0,2,18,0,20,0,5,37,0,42,0,7,55,0,62,54,0,54,116
03/11/2018,ANE,MN,AGL,CE,Federal Contract Tower,0,5,28,0,33,0,0,18,0,18,0,5,46,0,51,78,0,78,129
03/12/2018,ANE,MN,AGL,CE,Federal Contract Tower,0,5,56,0,61,0,3,55,0,58,0,8,111,0,119,86,0,86,205
03/13/2018,ANE,MN,AGL,CE,Federal Contract Tower,0,7,42,0,49,0,3,72,0,75,0,10,114,0,124,98,0,98,222
03/14/2018,ANE,MN,AGL,CE,Federal Contract Tower,0,6,42,0,48,0,8,92,0,100,0,14,134,0,148,136,0,136,284
03/15/2018,ANE,MN,AGL,CE,Federal Contract Tower,0,4,38,0,42,0,7,96,0,103,0,11,134,0,145,72,0,72,217
03/16/2018,ANE,MN,AGL,CE,Federal Contract Tower,0,5,30,0,35,0,0,83,0,83,0,5,113,0,118,50,0,50,168
03/17/2018,ANE,MN,AGL,CE,Federal Contract Tower,0,3,28,0,31,0,6,110,0,116,0,9,138,0,147,114,0,114,261
03/18/2018,ANE,MN,AGL,CE,Federal Contract Tower,0,5,25,0,30,0,8,46,0,54,0,13,71,0,84,110,0,110,194
03/19/2018,ANE,MN,AGL,CE,Federal Contract Tower,0,2,39,0,41,0,0,46,0,46,0,2,85,0,87,68,0,68,155
03/20/2018,ANE,MN,AGL,CE,Federal Contract Tower,0,9,22,0,31,0,0,2,0,2,0,9,24,0,33,0,0,0,33
03/21/2018,ANE,MN,AGL,CE,Federal Contract Tower,0,4,33,0,37,0,2,73,0,75,0,6,106,0,112,128,0,128,240
03/22/2018,ANE,MN,AGL,CE,Federal Contract Tower,0,6,33,0,39,0,3,77,0,80,0,9,110,0,119,150,0,150,269
03/23/2018,ANE,MN,AGL,CE,Federal Contract Tower,0,5,22,0,27,0,4,79,0,83,0,9,101,0,110,130,0,130,240
03/24/2018,ANE,MN,AGL,CE,Federal Contract Tower,0,4,15,0,19,0,9,63,0,72,0,13,78,0,91,64,0,64,155
03/25/2018,ANE,MN,AGL,CE,Federal Contract Tower,0,0,18,0,18,0,1,61,0,62,0,1,79,0,80,70,0,70,150
03/26/2018,ANE,MN,AGL,CE,Federal Contract Tower,0,7,7,0,14,0,1,15,0,16,0,8,22,0,30,10,0,10,40
03/27/2018,ANE,MN,AGL,CE,Federal Contract Tower,0,8,45,2,55,0,0,70,0,70,0,8,115,2,125,194,0,194,319
03/28/2018,ANE,MN,AGL,CE,Federal Contract Tower,0,5,45,0,50,0,9,55,0,64,0,14,100,0,114,80,0,80,194
03/29/2018,ANE,MN,AGL,CE,Federal Contract Tower,0,3,38,0,41,0,4,110,0,114,0,7,148,0,155,232,0,232,387
03/30/2018,ANE,MN,AGL,CE,Federal Contract Tower,0,17,27,0,44,0,0,45,0,45,0,17,72,0,89,50,0,50,139
03/31/2018,ANE,MN,AGL,CE,Federal Contract Tower,0,3,6,0,9,0,2,18,0,20,0,5,24,0,29,50,0,50,79
04/01/2018,ANE,MN,AGL,CE,Federal Contract Tower,0,1,9,0,10,0,3,62,0,65,0,4,71,0,75,72,0,72,147
04/02/2018,ANE,MN,AGL,CE,Federal Contract Tower,0,6,21,0,27,0,2,12,0,14,0,8,33,0,41,36,0,36,77
04/03/2018,ANE,MN,AGL,CE,Federal Contract Tower,0,6,14,0,20,0,0,0,0,0,0,6,14,0,20,0,0,0,20
04/04/2018,ANE,MN,AGL,CE,Federal Contract Tower,0,8,44,6,58,0,2,104,0,106,0,10,148,6,164,138,0,138,302
04/05/2018,ANE,MN,AGL,CE,Federal Contract Tower,0,9,36,0,45,0,2,51,4,57,0,11,87,4,102,82,0,82,184
04/06/2018,ANE,MN,AGL,CE,Federal Contract Tower,0,4,22,0,26,0,6,23,0,29,0,10,45,0,55,6,8,14,69
04/07/2018,ANE,MN,AGL,CE,Federal Contract Tower,0,3,22,0,25,0,5,165,0,170,0,8,187,0,195,34,0,34,229
04/08/2018,ANE,MN,AGL,CE,Federal Contract Tower,0,4,8,0,12,0,4,57,0,61,0,8,65,0,73,58,0,58,131
04/09/2018,ANE,MN,AGL,CE,Federal Contract Tower,0,4,28,0,32,0,4,49,4,57,0,8,77,4,89,70,0,70,159
04/10/2018,ANE,MN,AGL,CE,Federal Contract Tower,0,5,42,0,47,0,2,67,0,69,0,7,109,0,116,164,0,164,280
04/11/2018,ANE,MN,AGL,CE,Federal Contract Tower,0,4,56,0,60,0,0,75,0,75,0,4,131,0,135,268,0,268,403
04/12/2018,ANE,MN,AGL,CE,Federal Contract Tower,0,8,47,2,57,0,6,87,2,95,0,14,134,4,152,152,2,154,306
04/13/2018,ANE,MN,AGL,CE,Federal Contract Tower,0,10,6,0,16,0,2,19,0,21,0,12,25,0,37,16,0,16,53
04/14/2018,ANE,MN,AGL,CE,Federal Contract Tower,0,1,0,0,1,0,0,0,0,0,0,1,0,0,1,0,0,0,1
04/15/2018,ANE,MN,AGL,CE,Federal Contract Tower,0,1,0,0,1,0,0,0,0,0,0,1,0,0,1,0,0,0,1
04/16/2018,ANE,MN,AGL,CE,Federal Contract Tower,0,3,10,0,13,0,2,10,0,12,0,5,20,0,25,0,0,0,25
04/17/2018,ANE,MN,AGL,CE,Federal Contract Tower,0,12,25,2,39,0,5,34,0,39,0,17,59,2,78,124,0,124,202
04/18/2018,ANE,MN,AGL,CE,Federal Contract Tower,0,6,24,0,30,0,4,22,0,26,0,10,46,0,56,36,0,36,92
04/19/2018,ANE,MN,AGL,CE,Federal Contract Tower,0,17,58,0,75,0,5,80,0,85,0,22,138,0,160,124,0,124,284
04/20/2018,ANE,MN,AGL,CE,Federal Contract Tower,0,9,35,0,44,0,4,93,0,97,0,13,128,0,141,114,0,114,255
04/21/2018,ANE,MN,AGL,CE,Federal Contract Tower,0,4,32,0,36,0,4,114,0,118,0,8,146,0,154,88,0,88,242
04/22/2018,ANE,MN,AGL,CE,Federal Contract Tower,0,2,20,0,22,0,8,133,0,141,0,10,153,0,163,108,0,108,271
04/23/2018,ANE,MN,AGL,CE,Federal Contract Tower,0,9,28,0,37,0,2,107,0,109,0,11,135,0,146,98,0,98,244
04/24/2018,ANE,MN,AGL,CE,Federal Contract Tower,0,10,35,0,45,0,7,62,0,69,0,17,97,0,114,114,0,114,228
04/25/2018,ANE,MN,AGL,CE,Federal Contract Tower,0,3,59,0,62,0,5,112,0,117,0,8,171,0,179,292,22,314,493
04/26/2018,ANE,MN,AGL,CE,Federal Contract Tower,0,6,51,0,57,0,5,79,4,88,0,11,130,4,145,138,40,178,323
04/27/2018,ANE,MN,AGL,CE,Federal Contract Tower,0,8,35,0,43,0,0,52,0,52,0,8,87,0,95,50,0,50,145
04/28/2018,ANE,MN,AGL,CE,Federal Contract Tower,0,3,48,0,51,0,5,182,0,187,0,8,230,0,238,144,0,144,382
04/29/2018,ANE,MN,AGL,CE,Federal Contract Tower,0,3,19,0,22,0,6,69,0,75,0,9,88,0,97,50,0,50,147
04/30/2018,ANE,MN,AGL,CE,Federal Contract Tower,0,4,11,0,15,0,5,33,0,38,0,9,44,0,53,26,0,26,79
05/01/2018,ANE,MN,AGL,CE,Federal Contract Tower,0,4,23,0,27,0,9,62,2,73,0,13,85,2,100,148,8,156,256
05/02/2018,ANE,MN,AGL,CE,Federal Contract Tower,0,8,52,1,61,0,1,84,0,85,0,9,136,1,146,120,0,120,266
05/03/2018,ANE,MN,AGL,CE,Federal Contract Tower,0,12,43,0,55,0,7,80,0,87,0,19,123,0,142,186,0,186,328
05/04/2018,ANE,MN,AGL,CE,Federal Contract Tower,0,7,37,0,44,0,7,68,0,75,0,14,105,0,119,76,0,76,195
05/05/2018,ANE,MN,AGL,CE,Federal Contract Tower,0,3,20,0,23,0,6,139,0,145,0,9,159,0,168,168,0,168,336
05/06/2018,ANE,MN,AGL,CE,Federal Contract Tower,0,1,23,0,24,0,18,121,0,139,0,19,144,0,163,90,0,90,253
05/07/2018,ANE,MN,AGL,CE,Federal Contract Tower,0,6,45,0,51,0,0,82,0,82,0,6,127,0,133,102,0,102,235
05/08/2018,ANE,MN,AGL,CE,Federal Contract Tower,0,6,31,0,37,0,4,46,0,50,0,10,77,0,87,62,0,62,149
05/09/2018,ANE,MN,AGL,CE,Federal Contract Tower,0,12,47,0,59,0,2,21,0,23,0,14,68,0,82,112,0,112,194
05/10/2018,ANE,MN,AGL,CE,Federal Contract Tower,0,7,29,4,40,0,5,115,0,120,0,12,144,4,160,254,0,254,414
05/11/2018,ANE,MN,AGL,CE,Federal Contract Tower,0,10,36,0,46,0,3,68,0,71,0,13,104,0,117,170,0,170,287
05/12/2018,ANE,MN,AGL,CE,Federal Contract Tower,0,5,40,0,45,0,5,89,0,94,0,10,129,0,139,244,0,244,383
05/13/2018,ANE,MN,AGL,CE,Federal Contract Tower,0,0,16,0,16,0,8,96,0,104,0,8,112,0,120,96,0,96,216
05/14/2018,ANE,MN,AGL,CE,Federal Contract Tower,0,6,38,0,44,0,4,62,0,66,0,10,100,0,110,152,0,152,262
05/15/2018,ANE,MN,AGL,CE,Federal Contract Tower,0,10,38,0,48,0,2,130,0,132,0,12,168,0,180,136,0,136,316
05/16/2018,ANE,MN,AGL,CE,Federal Contract Tower,0,16,40,0,56,0,2,110,0,112,0,18,150,0,168,126,0,126,294
05/17/2018,ANE,MN,AGL,CE,Federal Contract Tower,0,4,36,0,40,0,3,79,0,82,0,7,115,0,122,124,0,124,246
05/18/2018,ANE,MN,AGL,CE,Federal Contract Tower,0,4,48,0,52,0,8,107,0,115,0,12,155,0,167,120,0,120,287
05/19/2018,ANE,MN,AGL,CE,Federal Contract Tower,0,4,23,0,27,0,7,38,0,45,0,11,61,0,72,16,0,16,88
05/20/2018,ANE,MN,AGL,CE,Federal Contract Tower,0,2,28,0,30,0,0,126,0,126,0,2,154,0,156,72,0,72,228
05/21/2018,ANE,MN,AGL,CE,Federal Contract Tower,0,9,54,0,63,0,0,68,0,68,0,9,122,0,131,72,0,72,203
05/22/2018,ANE,MN,AGL,CE,Federal Contract Tower,0,11,41,0,52,0,9,89,0,98,0,20,130,0,150,156,0,156,306
05/23/2018,ANE,MN,AGL,CE,Federal Contract Tower,0,7,34,0,41,0,5,81,0,86,0,12,115,0,127,104,0,104,231
05/24/2018,ANE,MN,AGL,CE,Federal Contract Tower,0,4,33,0,37,0,2,46,0,48,0,6,79,0,85,84,0,84,169
05/25/2018,ANE,MN,AGL,CE,Federal Contract Tower,0,12,25,0,37,0,7,62,0,69,0,19,87,0,106,92,0,92,198
05/26/2018,ANE,MN,AGL,CE,Federal Contract Tower,0,5,14,0,19,0,11,76,0,87,0,16,90,0,106,40,0,40,146
05/27/2018,ANE,MN,AGL,CE,Federal Contract Tower,0,2,12,0,14,0,9,49,0,58,0,11,61,0,72,48,0,48,120
05/28/2018,ANE,MN,AGL,CE,Federal Contract Tower,0,6,30,0,36,0,6,60,0,66,0,12,90,0,102,68,0,68,170
05/29/2018,ANE,MN,AGL,CE,Federal Contract Tower,0,11,23,0,34,0,0,38,0,38,0,11,61,0,72,204,0,204,276
05/30/2018,ANE,MN,AGL,CE,Federal Contract Tower,0,8,28,2,38,0,0,44,0,44,0,8,72,2,82,20,0,20,102
05/31/2018,ANE,MN,AGL,CE,Federal Contract Tower,0,8,57,0,65,0,1,82,0,83,0,9,139,0,148,142,0,142,290
06/01/2018,ANE,MN,AGL,CE,Federal Contract Tower,0,8,44,0,52,0,2,71,0,73,0,10,115,0,125,226,0,226,351
06/02/2018,ANE,MN,AGL,CE,Federal Contract Tower,0,5,18,0,23,0,0,19,0,19,0,5,37,0,42,28,0,28,70
06/03/2018,ANE,MN,AGL,CE,Federal Contract Tower,0,5,13,0,18,0,4,116,0,120,0,9,129,0,138,404,0,404,542
06/04/2018,ANE,MN,AGL,CE,Federal Contract Tower,0,9,41,0,50,0,5,105,0,110,0,14,146,0,160,255,0,255,415
06/05/2018,ANE,MN,AGL,CE,Federal Contract Tower,0,12,32,0,44,0,6,103,0,109,0,18,135,0,153,230,0,230,383
06/06/2018,ANE,MN,AGL,CE,Federal Contract Tower,0,8,48,1,57,0,2,54,0,56,0,10,102,1,113,96,0,96,209
06/07/2018,ANE,MN,AGL,CE,Federal Contract Tower,0,8,25,0,33,0,7,113,0,120,0,15,138,0,153,230,0,230,383
06/08/2018,ANE,MN,AGL,CE,Federal Contract Tower,0,14,39,0,53,0,4,44,0,48,0,18,83,0,101,160,26,186,287
06/09/2018,ANE,MN,AGL,CE,Federal Contract Tower,0,3,30,0,33,0,1,33,0,34,0,4,63,0,67,76,0,76,143
06/10/2018,ANE,MN,AGL,CE,Federal Contract Tower,0,8,20,0,28,0,5,87,0,92,0,13,107,0,120,98,0,98,218
06/11/2018,ANE,MN,AGL,CE,Federal Contract Tower,0,9,15,0,24,0,2,11,0,13,0,11,26,0,37,52,0,52,89
06/12/2018,ANE,MN,AGL,CE,Federal Contract Tower,0,10,53,0,63,0,6,95,2,103,0,16,148,2,166,240,4,244,410
06/13/2018,ANE,MN,AGL,CE,Federal Contract Tower,0,11,32,1,44,0,9,151,0,160,0,20,183,1,204,118,0,118,322
06/14/2018,ANE,MN,AGL,CE,Federal Contract Tower,0,14,34,0,48,0,3,59,28,90,0,17,93,28,138,110,8,118,256
06/15/2018,ANE,MN,AGL,CE,Federal Contract Tower,0,11,33,0,44,0,2,42,0,44,0,13,75,0,88,46,0,46,134
06/16/2018,ANE,MN,AGL,CE,Federal Contract Tower,0,4,20,0,24,0,1,40,0,41,0,5,60,0,65,142,0,142,207
06/17/2018,ANE,MN,AGL,CE,Federal Contract Tower,0,3,14,0,17,0,2,48,0,50,0,5,62,0,67,132,0,132,199
06/18/2018,ANE,MN,AGL,CE,Federal Contract Tower,0,12,29,0,41,0,4,65,0,69,0,16,94,0,110,98,0,98,208
06/19/2018,ANE,MN,AGL,CE,Federal Contract Tower,0,15,29,0,44,0,9,76,0,85,0,24,105,0,129,176,0,176,305
06/20/2018,ANE,MN,AGL,CE,Federal Contract Tower,0,15,41,0,56,0,6,151,0,157,0,21,192,0,213,196,0,196,409
06/21/2018,ANE,MN,AGL,CE,Federal Contract Tower,0,10,28,0,38,0,5,85,0,90,0,15,113,0,128,182,6,188,316
06/22/2018,ANE,MN,AGL,CE,Federal Contract Tower,0,14,15,0,29,0,12,105,0,117,0,26,120,0,146,156,0,156,302
06/23/2018,ANE,MN,AGL,CE,Federal Contract Tower,0,4,37,0,41,0,10,189,0,199,0,14,226,0,240,242,0,242,482
06/24/2018,ANE,MN,AGL,CE,Federal Contract Tower,0,6,26,0,32,0,3,65,0,68,0,9,91,0,100,84,0,84,184
06/25/2018,ANE,MN,AGL,CE,Federal Contract Tower,0,8,36,0,44,0,6,61,0,67,0,14,97,0,111,176,0,176,287
06/26/2018,ANE,MN,AGL,CE,Federal Contract Tower,0,12,36,0,48,0,0,18,0,18,0,12,54,0,66,64,0,64,130
06/27/2018,ANE,MN,AGL,CE,Federal Contract Tower,0,7,66,2,75,0,6,127,0,133,0,13,193,2,208,88,4,92,300
06/28/2018,ANE,MN,AGL,CE,Federal Contract Tower,0,13,44,0,57,0,16,128,10,154,0,29,172,10,211,274,6,280,491
06/29/2018,ANE,MN,AGL,CE,Federal Contract Tower,0,8,34,0,42,0,2,59,0,61,0,10,93,0,103,54,0,54,157
06/30/2018,ANE,MN,AGL,CE,Federal Contract Tower,0,3,26,0,29,0,8,110,0,118,0,11,136,0,147,132,0,132,279
07/01/2018,ANE,MN,AGL,CE,Federal Contract Tower,0,3,14,0,17,0,3,60,0,63,0,6,74,0,80,36,0,36,116
07/02/2018,ANE,MN,AGL,CE,Federal Contract Tower,0,13,17,0,30,0,4,112,0,116,0,17,129,0,146,358,0,358,504
07/03/2018,ANE,MN,AGL,CE,Federal Contract Tower,0,13,10,0,23,0,2,46,0,48,0,15,56,0,71,282,0,282,353
07/04/2018,ANE,MN,AGL,CE,Federal Contract Tower,0,3,2,0,5,0,0,59,0,59,0,3,61,0,64,88,0,88,152
07/05/2018,ANE,MN,AGL,CE,Federal Contract Tower,0,7,27,0,34,0,3,106,0,109,0,10,133,0,143,136,0,136,279
07/06/2018,ANE,MN,AGL,CE,Federal Contract Tower,0,7,21,0,28,0,3,104,0,107,0,10,125,0,135,182,0,182,317
07/07/2018,ANE,MN,AGL,CE,Federal Contract Tower,0,8,21,0,29,0,6,101,0,107,0,14,122,0,136,94,0,94,230
07/08/2018,ANE,MN,AGL,CE,Federal Contract Tower,0,5,21,0,26,0,4,96,0,100,0,9,117,0,126,106,0,106,232
07/09/2018,ANE,MN,AGL,CE,Federal Contract Tower,0,4,38,0,42,0,7,85,0,92,0,11,123,0,134,158,0,158,292
07/10/2018,ANE,MN,AGL,CE,Federal Contract Tower,0,11,35,0,46,0,12,104,2,118,0,23,139,2,164,166,4,170,334
07/11/2018,ANE,MN,AGL,CE,Federal Contract Tower,0,12,40,0,52,0,7,103,6,116,0,19,143,6,168,182,0,182,350
07/12/2018,ANE,MN,AGL,CE,Federal Contract Tower,0,13,43,0,56,0,8,65,0,73,0,21,108,0,129,82,0,82,211
07/13/2018,ANE,MN,AGL,CE,Federal Contract Tower,0,18,36,0,54,0,11,85,0,96,0,29,121,0,150,110,0,110,260
07/14/2018,ANE,MN,AGL,CE,Federal Contract Tower,0,7,25,0,32,0,17,144,0,161,0,24,169,0,193,330,0,330,523
07/15/2018,ANE,MN,AGL,CE,Federal Contract Tower,0,6,26,0,32,0,3,86,0,89,0,9,112,0,121,152,0,152,273
07/16/2018,ANE,MN,AGL,CE,Federal Contract Tower,0,7,28,0,35,0,6,80,0,86,0,13,108,0,121,288,2,290,411
07/17/2018,ANE,MN,AGL,CE,Federal Contract Tower,0,10,46,0,56,0,1,124,2,127,0,11,170,2,183,256,12,268,451
07/18/2018,ANE,MN,AGL,CE,Federal Contract Tower,0,6,29,0,35,0,4,119,0,123,0,10,148,0,158,228,0,228,386
07/19/2018,ANE,MN,AGL,CE,Federal Contract Tower,0,13,25,0,38,0,3,23,2,28,0,16,48,2,66,44,24,68,134
07/20/2018,ANE,MN,AGL,CE,Federal Contract Tower,0,10,21,0,31,0,0,24,0,24,0,10,45,0,55,32,6,38,93
07/21/2018,ANE,MN,AGL,CE,Federal Contract Tower,0,2,17,0,19,0,6,148,0,154,0,8,165,0,173,98,0,98,271
07/22/2018,ANE,MN,AGL,CE,Federal Contract Tower,0,5,29,0,34,0,0,94,0,94,0,5,123,0,128,84,0,84,212
07/23/2018,ANE,MN,AGL,CE,Federal Contract Tower,0,10,26,0,36,0,4,68,0,72,0,14,94,0,108,120,0,120,228
07/24/2018,ANE,MN,AGL,CE,Federal Contract Tower,0,10,21,0,31,0,4,78,0,82,0,14,99,0,113,96,0,96,209
07/25/2018,ANE,MN,AGL,CE,Federal Contract Tower,0,14,28,0,42,0,4,76,2,82,0,18,104,2,124,60,24,84,208
07/26/2018,ANE,MN,AGL,CE,Federal Contract Tower,0,13,54,0,67,0,6,99,1,106,0,19,153,1,173,194,0,194,367
07/27/2018,ANE,MN,AGL,CE,Federal Contract Tower,0,29,41,0,70,0,6,127,0,133,0,35,168,0,203,94,0,94,297
07/28/2018,ANE,MN,AGL,CE,Federal Contract Tower,0,1,15,0,16,0,3,71,0,74,0,4,86,0,90,52,0,52,142
07/29/2018,ANE,MN,AGL,CE,Federal Contract Tower,0,6,38,0,44,0,4,116,0,120,0,10,154,0,164,102,0,102,266
07/30/2018,ANE,MN,AGL,CE,Federal Contract Tower,0,16,23,2,41,0,2,106,0,108,0,18,129,2,149,92,0,92,241
07/31/2018,ANE,MN,AGL,CE,Federal Contract Tower,0,12,44,0,56,0,3,143,0,146,0,15,187,0,202,222,0,222,424
08/01/2018,ANE,MN,AGL,CE,Federal Contract Tower,0,14,33,0,47,0,2,72,0,74,0,16,105,0,121,136,0,136,257
08/02/2018,ANE,MN,AGL,CE,Federal Contract Tower,0,13,63,0,76,0,3,114,0,117,0,16,177,0,193,206,8,214,407
08/03/2018,ANE,MN,AGL,CE,Federal Contract Tower,0,9,24,0,33,0,1,62,0,63,0,10,86,0,96,54,0,54,150
08/04/2018,ANE,MN,AGL,CE,Federal Contract Tower,0,4,16,0,20,0,2,25,0,27,0,6,41,0,47,46,0,46,93
08/05/2018,ANE,MN,AGL,CE,Federal Contract Tower,0,4,27,0,31,0,5,87,0,92,0,9,114,0,123,190,0,190,313
08/06/2018,ANE,MN,AGL,CE,Federal Contract Tower,0,9,39,0,48,0,5,84,0,89,0,14,123,0,137,104,0,104,241
08/07/2018,ANE,MN,AGL,CE,Federal Contract Tower,0,9,45,0,54,0,8,61,0,69,0,17,106,0,123,138,0,138,261
08/08/2018,ANE,MN,AGL,CE,Federal Contract Tower,0,13,53,0,66,0,9,130,0,139,0,22,183,0,205,140,0,140,345
08/09/2018,ANE,MN,AGL,CE,Federal Contract Tower,0,9,34,2,45,0,2,114,0,116,0,11,148,2,161,244,0,244,405
08/10/2018,ANE,MN,AGL,CE,Federal Contract Tower,0,5,38,0,43,0,8,103,0,111,0,13,141,0,154,158,0,158,312
08/11/2018,ANE,MN,AGL,CE,Federal Contract Tower,0,7,33,0,40,0,7,127,0,134,0,14,160,0,174,160,0,160,334
08/12/2018,ANE,MN,AGL,CE,Federal Contract Tower,0,3,24,0,27,0,2,94,0,96,0,5,118,0,123,104,0,104,227
08/13/2018,ANE,MN,AGL,CE,Federal Contract Tower,0,11,25,0,36,0,6,107,2,115,0,17,132,2,151,126,8,134,285
08/14/2018,ANE,MN,AGL,CE,Federal Contract Tower,0,12,24,1,37,0,6,70,1,77,0,18,94,2,114,94,2,96,210
08/15/2018,ANE,MN,AGL,CE,Federal Contract Tower,0,17,38,0,55,0,3,133,2,138,0,20,171,2,193,220,4,224,417
08/16/2018,ANE,MN,AGL,CE,Federal Contract Tower,0,8,42,0,50,0,2,103,0,105,0,10,145,0,155,214,0,214,369
08/17/2018,ANE,MN,AGL,CE,Federal Contract Tower,0,10,39,0,49,0,7,118,0,125,0,17,157,0,174,148,0,148,322
08/18/2018,ANE,MN,AGL,CE,Federal Contract Tower,0,5,24,0,29,0,5,121,0,126,0,10,145,0,155,106,0,106,261
08/19/2018,ANE,MN,AGL,CE,Federal Contract Tower,0,7,39,0,46,0,7,125,0,132,0,14,164,0,178,228,0,228,406
08/20/2018,ANE,MN,AGL,CE,Federal Contract Tower,0,8,40,0,48,0,0,22,0,22,0,8,62,0,70,10,0,10,80
08/21/2018,ANE,MN,AGL,CE,Federal Contract Tower,0,13,43,0,56,0,3,67,0,70,0,16,110,0,126,172,0,172,298
08/22/2018,ANE,MN,AGL,CE,Federal Contract Tower,0,6,53,0,59,0,6,102,0,108,0,12,155,0,167,132,0,132,299
08/23/2018,ANE,MN,AGL,CE,Federal Contract Tower,0,6,39,0,45,0,6,88,2,96,0,12,127,2,141,114,0,114,255
08/24/2018,ANE,MN,AGL,CE,Federal Contract Tower,0,6,25,0,31,0,0,2,0,2,0,6,27,0,33,0,0,0,33
08/25/2018,ANE,MN,AGL,CE,Federal Contract Tower,0,2,27,0,29,0,4,77,0,81,0,6,104,0,110,112,0,112,222
08/26/2018,ANE,MN,AGL,CE,Federal Contract Tower,0,6,30,0,36,0,1,94,0,95,0,7,124,0,131,64,0,64,195
08/27/2018,ANE,MN,AGL,CE,Federal Contract Tower,0,6,13,2,21,0,0,43,0,43,0,6,56,2,64,86,0,86,150
08/28/2018,ANE,MN,AGL,CE,Federal Contract Tower,0,14,46,1,61,0,3,19,0,22,0,17,65,1,83,46,2,48,131
08/29/2018,ANE,MN,AGL,CE,Federal Contract Tower,0,10,58,0,68,0,4,97,0,101,0,14,155,0,169,236,0,236,405
08/30/2018,ANE,MN,AGL,CE,Federal Contract Tower,0,9,55,0,64,0,3,123,0,126,0,12,178,0,190,166,0,166,356
08/31/2018,ANE,MN,AGL,CE,Federal Contract Tower,0,5,19,0,24,0,2,57,0,59,0,7,76,0,83,126,0,126,209
09/01/2018,ANE,MN,AGL,CE,Federal Contract Tower,0,4,17,0,21,0,0,69,0,69,0,4,86,0,90,68,0,68,158
09/02/2018,ANE,MN,AGL,CE,Federal Contract Tower,0,3,17,0,20,0,3,29,0,32,0,6,46,0,52,58,0,58,110
09/03/2018,ANE,MN,AGL,CE,Federal Contract Tower,0,7,26,0,33,0,1,86,0,87,0,8,112,0,120,110,0,110,230
09/04/2018,ANE,MN,AGL,CE,Federal Contract Tower,0,11,15,0,26,0,0,2,0,2,0,11,17,0,28,0,0,0,28
09/05/2018,ANE,MN,AGL,CE,Federal Contract Tower,0,10,73,0,83,0,6,96,0,102,0,16,169,0,185,168,0,168,353
09/06/2018,ANE,MN,AGL,CE,Federal Contract Tower,0,10,32,0,42,0,3,102,0,105,0,13,134,0,147,184,0,184,331
09/07/2018,ANE,MN,AGL,CE,Federal Contract Tower,0,5,26,0,31,0,3,108,0,111,0,8,134,0,142,206,0,206,348
09/08/2018,ANE,MN,AGL,CE,Federal Contract Tower,0,4,27,0,31,0,4,126,2,132,0,8,153,2,163,206,22,228,391
09/09/2018,ANE,MN,AGL,CE,Federal Contract Tower,0,8,53,0,61,0,3,127,0,130,0,11,180,0,191,142,0,142,333
09/10/2018,ANE,MN,AGL,CE,Federal Contract Tower,0,4,44,0,48,0,7,110,0,117,0,11,154,0,165,148,0,148,313
09/11/2018,ANE,MN,AGL,CE,Federal Contract Tower,0,7,30,0,37,0,8,73,0,81,0,15,103,0,118,78,0,78,196
09/12/2018,ANE,MN,AGL,CE,Federal Contract Tower,0,11,37,0,48,0,2,96,0,98,0,13,133,0,146,150,8,158,304
09/13/2018,ANE,MN,AGL,CE,Federal Contract Tower,0,15,24,0,39,0,9,57,0,66,0,24,81,0,105,66,0,66,171
09/14/2018,ANE,MN,AGL,CE,Federal Contract Tower,0,9,35,0,44,0,5,76,0,81,0,14,111,0,125,188,0,188,313
09/15/2018,ANE,MN,AGL,CE,Federal Contract Tower,0,3,15,0,18,0,7,125,0,132,0,10,140,0,150,256,0,256,406
09/16/2018,ANE,MN,AGL,CE,Federal Contract Tower,0,1,22,0,23,0,5,94,0,99,0,6,116,0,122,100,0,100,222
09/17/2018,ANE,MN,AGL,CE,Federal Contract Tower,0,7,26,0,33,0,2,49,0,51,0,9,75,0,84,100,0,100,184
09/18/2018,ANE,MN,AGL,CE,Federal Contract Tower,0,16,38,0,54,0,0,0,0,0,0,16,38,0,54,2,0,2,56
09/19/2018,ANE,MN,AGL,CE,Federal Contract Tower,0,11,21,0,32,0,0,0,0,0,0,11,21,0,32,10,0,10,42
09/20/2018,ANE,MN,AGL,CE,Federal Contract Tower,0,10,7,0,17,0,0,0,0,0,0,10,7,0,17,0,0,0,17
09/21/2018,ANE,MN,AGL,CE,Federal Contract Tower,0,7,48,0,55,0,5,43,0,48,0,12,91,0,103,36,0,36,139
09/22/2018,ANE,MN,AGL,CE,Federal Contract Tower,0,3,37,0,40,0,6,124,0,130,0,9,161,0,170,82,0,82,252
09/23/2018,ANE,MN,AGL,CE,Federal Contract Tower,0,6,26,0,32,0,0,89,0,89,0,6,115,0,121,106,0,106,227
09/24/2018,ANE,MN,AGL,CE,Federal Contract Tower,0,7,39,1,47,0,6,57,0,63,0,13,96,1,110,64,0,64,174
09/25/2018,ANE,MN,AGL,CE,Federal Contract Tower,0,16,45,0,61,0,1,30,0,31,0,17,75,0,92,44,0,44,136
09/26/2018,ANE,MN,AGL,CE,Federal Contract Tower,0,9,53,0,62,0,4,91,0,95,0,13,144,0,157,128,0,128,285
09/27/2018,ANE,MN,AGL,CE,Federal Contract Tower,0,10,33,0,43,0,2,81,0,83,0,12,114,0,126,206,26,232,358
09/28/2018,ANE,MN,AGL,CE,Federal Contract Tower,0,13,33,0,46,0,12,93,0,105,0,25,126,0,151,102,0,102,253
09/29/2018,ANE,MN,AGL,CE,Federal Contract Tower,0,2,18,0,20,0,0,76,0,76,0,2,94,0,96,94,0,94,190
09/30/2018,ANE,MN,AGL,CE,Federal Contract Tower,0,5,28,0,33,0,5,50,0,55,0,10,78,0,88,174,0,174,262
10/01/2018,ANE,MN,AGL,CE,Federal Contract Tower,0,6,28,0,34,0,2,8,0,10,0,8,36,0,44,6,0,6,50
10/02/2018,ANE,MN,AGL,CE,Federal Contract Tower,0,15,58,0,73,0,4,9,0,13,0,19,67,0,86,44,0,44,130
10/03/2018,ANE,MN,AGL,CE,Federal Contract Tower,0,10,16,0,26,0,0,14,0,14,0,10,30,0,40,26,0,26,66
10/04/2018,ANE,MN,AGL,CE,Federal Contract Tower,0,7,55,0,62,0,2,81,0,83,0,9,136,0,145,114,0,114,259
10/05/2018,ANE,MN,AGL,CE,Federal Contract Tower,0,17,33,0,50,0,0,0,0,0,0,17,33,0,50,2,0,2,52
10/06/2018,ANE,MN,AGL,CE,Federal Contract Tower,0,4,30,0,34,0,4,52,0,56,0,8,82,0,90,244,0,244,334
10/07/2018,ANE,MN,AGL,CE,Federal Contract Tower,0,4,44,0,48,0,4,28,0,32,0,8,72,0,80,228,0,228,308
10/08/2018,ANE,MN,AGL,CE,Federal Contract Tower,0,4,25,0,29,0,0,0,0,0,0,4,25,0,29,0,0,0,29
10/09/2018,ANE,MN,AGL,CE,Federal Contract Tower,0,7,26,0,33,0,0,0,0,0,0,7,26,0,33,0,0,0,33
10/10/2018,ANE,MN,AGL,CE,Federal Contract Tower,0,8,17,0,25,0,0,0,0,0,0,8,17,0,25,0,0,0,25
10/11/2018,ANE,MN,AGL,CE,Federal Contract Tower,0,8,24,0,32,0,0,50,0,50,0,8,74,0,82,116,0,116,198
10/12/2018,ANE,MN,AGL,CE,Federal Contract Tower,0,9,35,0,44,0,12,103,2,117,0,21,138,2,161,62,2,64,225
10/13/2018,ANE,MN,AGL,CE,Federal Contract Tower,0,8,19,0,27,0,8,65,0,73,0,16,84,0,100,86,0,86,186
10/14/2018,ANE,MN,AGL,CE,Federal Contract Tower,0,6,18,0,24,0,0,40,0,40,0,6,58,0,64,84,0,84,148
10/15/2018,ANE,MN,AGL,CE,Federal Contract Tower,0,4,48,0,52,0,0,87,0,87,0,4,135,0,139,126,0,126,265
10/16/2018,ANE,MN,AGL,CE,Federal Contract Tower,0,7,35,2,44,0,8,58,0,66,0,15,93,2,110,136,2,138,248
10/17/2018,ANE,MN,AGL,CE,Federal Contract Tower,0,9,44,2,55,0,0,132,0,132,0,9,176,2,187,160,0,160,347
10/18/2018,ANE,MN,AGL,CE,Federal Contract Tower,0,10,33,0,43,0,6,131,0,137,0,16,164,0,180,166,0,166,346
10/19/2018,ANE,MN,AGL,CE,Federal Contract Tower,0,6,21,0,27,0,0,36,0,36,0,6,57,0,63,26,0,26,89
10/20/2018,ANE,MN,AGL,CE,Federal Contract Tower,0,12,16,0,28,0,11,22,0,33,0,23,38,0,61,18,0,18,79
10/21/2018,ANE,MN,AGL,CE,Federal Contract Tower,0,11,30,0,41,0,2,101,0,103,0,13,131,0,144,155,0,155,299
10/22/2018,ANE,MN,AGL,CE,Federal Contract Tower,0,10,26,0,36,0,0,57,0,57,0,10,83,0,93,98,0,98,191
10/23/2018,ANE,MN,AGL,CE,Federal Contract Tower,0,7,56,0,63,0,0,125,0,125,0,7,181,0,188,260,0,260,448
10/24/2018,ANE,MN,AGL,CE,Federal Contract Tower,0,18,72,0,90,0,4,120,0,124,0,22,192,0,214,220,0,220,434
10/25/2018,ANE,MN,AGL,CE,Federal Contract Tower,0,10,47,1,58,0,9,68,0,77,0,19,115,1,135,142,2,144,279
10/26/2018,ANE,MN,AGL,CE,Federal Contract Tower,0,8,36,0,44,0,0,30,0,30,0,8,66,0,74,18,0,18,92
10/27/2018,ANE,MN,AGL,CE,Federal Contract Tower,0,5,14,0,19,0,2,41,0,43,0,7,55,0,62,68,0,68,130
10/28/2018,ANE,MN,AGL,CE,Federal Contract Tower,0,9,19,0,28,0,3,30,0,33,0,12,49,0,61,28,0,28,89
10/29/2018,ANE,MN,AGL,CE,Federal Contract Tower,0,10,46,0,56,0,0,77,0,77,0,10,123,0,133,162,0,162,295
10/30/2018,ANE,MN,AGL,CE,Federal Contract Tower,0,13,34,0,47,0,2,81,0,83,0,15,115,0,130,154,0,154,284
10/31/2018,ANE,MN,AGL,CE,Federal Contract Tower,0,6,36,0,42,0,0,82,0,82,0,6,118,0,124,118,0,118,242
11/01/2018,ANE,MN,AGL,CE,Federal Contract Tower,0,7,60,0,67,0,3,144,0,147,0,10,204,0,214,200,0,200,414
11/02/2018,ANE,MN,AGL,CE,Federal Contract Tower,0,8,29,0,37,0,2,66,0,68,0,10,95,0,105,98,2,100,205
11/03/2018,ANE,MN,AGL,CE,Federal Contract Tower,0,1,19,0,20,0,0,68,0,68,0,1,87,0,88,144,0,144,232
11/04/2018,ANE,MN,AGL,CE,Federal Contract Tower,0,5,13,0,18,0,0,0,0,0,0,5,13,0,18,0,0,0,18
11/05/2018,ANE,MN,AGL,CE,Federal Contract Tower,0,7,26,0,33,0,0,5,0,5,0,7,31,0,38,44,0,44,82
11/06/2018,ANE,MN,AGL,CE,Federal Contract Tower,0,6,41,0,47,0,0,3,0,3,0,6,44,0,50,10,0,10,60
11/07/2018,ANE,MN,AGL,CE,Federal Contract Tower,0,10,31,0,41,0,6,20,2,28,0,16,51,2,69,48,14,62,131
11/08/2018,ANE,MN,AGL,CE,Federal Contract Tower,0,8,33,0,41,0,2,48,0,50,0,10,81,0,91,132,0,132,223
11/09/2018,ANE,MN,AGL,CE,Federal Contract Tower,0,11,21,0,32,0,13,10,0,23,0,24,31,0,55,16,0,16,71
11/10/2018,ANE,MN,AGL,CE,Federal Contract Tower,0,5,17,0,22,0,2,94,0,96,0,7,111,0,118,158,0,158,276
11/11/2018,ANE,MN,AGL,CE,Federal Contract Tower,0,2,11,0,13,0,2,28,0,30,0,4,39,0,43,120,0,120,163
11/12/2018,ANE,MN,AGL,CE,Federal Contract Tower,0,6,19,0,25,0,0,51,0,51,0,6,70,0,76,112,0,112,188
11/13/2018,ANE,MN,AGL,CE,Federal Contract Tower,0,16,20,0,36,0,7,63,0,70,0,23,83,0,106,118,0,118,224
11/14/2018,ANE,MN,AGL,CE,Federal Contract Tower,0,5,42,0,47,0,3,100,2,105,0,8,142,2,152,160,0,160,312
11/15/2018,ANE,MN,AGL,CE,Federal Contract Tower,0,9,34,0,43,0,3,105,2,110,0,12,139,2,153,122,10,132,285
11/16/2018,ANE,MN,AGL,CE,Federal Contract Tower,0,5,29,0,34,0,3,26,0,29,0,8,55,0,63,160,0,160,223
11/17/2018,ANE,MN,AGL,CE,Federal Contract Tower,0,4,27,0,31,0,6,67,0,73,0,10,94,0,104,50,0,50,154
11/18/2018,ANE,MN,AGL,CE,Federal Contract Tower,0,6,27,0,33,0,5,79,0,84,0,11,106,0,117,76,0,76,193
11/19/2018,ANE,MN,AGL,CE,Federal Contract Tower,0,5,29,0,34,0,1,25,0,26,0,6,54,0,60,80,0,80,140
11/20/2018,ANE,MN,AGL,CE,Federal Contract Tower,0,9,33,0,42,0,8,39,0,47,0,17,72,0,89,60,0,60,149
11/21/2018,ANE,MN,AGL,CE,Federal Contract Tower,0,4,52,0,56,0,1,67,0,68,0,5,119,0,124,96,0,96,220
11/22/2018,ANE,MN,AGL,CE,Federal Contract Tower,0,4,6,0,10,0,2,17,0,19,0,6,23,0,29,20,0,20,49
11/23/2018,ANE,MN,AGL,CE,Federal Contract Tower,0,9,3,0,12,0,6,20,0,26,0,15,23,0,38,30,0,30,68
11/24/2018,ANE,MN,AGL,CE,Federal Contract Tower,0,8,14,0,22,0,6,1,0,7,0,14,15,0,29,14,0,14,43
11/25/2018,ANE,MN,AGL,CE,Federal Contract Tower,0,4,27,0,31,0,4,83,0,87,0,8,110,0,118,176,0,176,294
11/26/2018,ANE,MN,AGL,CE,Federal Contract Tower,0,6,19,0,25,0,4,51,0,55,0,10,70,0,80,76,0,76,156
11/27/2018,ANE,MN,AGL,CE,Federal Contract Tower,0,9,32,0,41,0,4,64,0,68,0,13,96,0,109,112,0,112,221
11/28/2018,ANE,MN,AGL,CE,Federal Contract Tower,0,16,28,0,44,0,0,32,0,32,0,16,60,0,76,66,0,66,142
11/29/2018,ANE,MN,AGL,CE,Federal Contract Tower,0,17,22,0,39,0,1,25,0,26,0,18,47,0,65,52,0,52,117
11/30/2018,ANE,MN,AGL,CE,Federal Contract Tower,0,9,16,0,25,0,0,0,0,0,0,9,16,0,25,0,0,0,25
12/01/2018,ANE,MN,AGL,CE,Federal Contract Tower,0,6,3,0,9,0,0,0,0,0,0,6,3,0,9,0,0,0,9
12/02/2018,ANE,MN,AGL,CE,Federal Contract Tower,0,7,4,0,11,0,0,2,0,2,0,7,6,0,13,10,0,10,23
12/03/2018,ANE,MN,AGL,CE,Federal Contract Tower,0,11,22,0,33,0,2,49,0,51,0,13,71,0,84,178,0,178,262
12/04/2018,ANE,MN,AGL,CE,Federal Contract Tower,0,11,27,0,38,0,5,14,0,19,0,16,41,0,57,32,2,34,91
12/05/2018,ANE,MN,AGL,CE,Federal Contract Tower,0,14,25,0,39,0,2,12,0,14,0,16,37,0,53,60,0,60,113
12/06/2018,ANE,MN,AGL,CE,Federal Contract Tower,0,5,39,0,44,0,0,74,0,74,0,5,113,0,118,118,0,118,236
12/07/2018,ANE,MN,AGL,CE,Federal Contract Tower,0,9,34,0,43,0,2,48,0,50,0,11,82,0,93,94,0,94,187
12/08/2018,ANE,MN,AGL,CE,Federal Contract Tower,0,4,8,0,12,0,0,10,0,10,0,4,18,0,22,30,0,30,52
12/09/2018,ANE,MN,AGL,CE,Federal Contract Tower,0,8,46,0,54,0,3,130,0,133,0,11,176,0,187,124,0,124,311
12/10/2018,ANE,MN,AGL,CE,Federal Contract Tower,0,9,27,0,36,0,4,20,0,24,0,13,47,0,60,36,0,36,96
12/11/2018,ANE,MN,AGL,CE,Federal Contract Tower,0,10,38,0,48,0,4,59,0,63,0,14,97,0,111,146,0,146,257
12/12/2018,ANE,MN,AGL,CE,Federal Contract Tower,0,13,21,0,34,0,0,0,0,0,0,13,21,0,34,0,0,0,34
12/13/2018,ANE,MN,AGL,CE,Federal Contract Tower,0,8,19,0,27,0,0,1,0,1,0,8,20,0,28,22,0,22,50
12/14/2018,ANE,MN,AGL,CE,Federal Contract Tower,0,7,48,0,55,0,6,122,0,128,0,13,170,0,183,182,0,182,365
12/15/2018,ANE,MN,AGL,CE,Federal Contract Tower,0,5,34,0,39,0,0,151,0,151,0,5,185,0,190,198,0,198,388
12/16/2018,ANE,MN,AGL,CE,Federal Contract Tower,0,4,39,0,43,0,4,150,0,154,0,8,189,0,197,184,0,184,381
12/17/2018,ANE,MN,AGL,CE,Federal Contract Tower,0,9,35,0,44,0,3,95,0,98,0,12,130,0,142,154,0,154,296
12/18/2018,ANE,MN,AGL,CE,Federal Contract Tower,0,17,32,0,49,0,6,104,0,110,0,23,136,0,159,164,0,164,323
12/19/2018,ANE,MN,AGL,CE,Federal Contract Tower,0,17,18,0,35,0,3,7,0,10,0,20,25,0,45,26,0,26,71
12/20/2018,ANE,MN,AGL,CE,Federal Contract Tower,0,8,24,0,32,0,0,10,0,10,0,8,34,0,42,58,0,58,100
12/22/2018,ANE,MN,AGL,CE,Federal Contract Tower,0,7,3,0,10,0,0,5,0,5,0,7,8,0,15,20,0,20,35
12/23/2018,ANE,MN,AGL,CE,Federal Contract Tower,0,1,17,0,18,0,1,14,0,15,0,2,31,0,33,0,0,0,33
12/24/2018,ANE,MN,AGL,CE,Federal Contract Tower,0,4,33,0,37,0,0,74,0,74,0,4,107,0,111,96,0,96,207
12/25/2018,ANE,MN,AGL,CE,Federal Contract Tower,0,2,5,0,7,0,0,16,0,16,0,2,21,0,23,26,0,26,49
12/26/2018,ANE,MN,AGL,CE,Federal Contract Tower,0,13,35,0,48,0,2,63,0,65,0,15,98,0,113,114,0,114,227
12/27/2018,ANE,MN,AGL,CE,Federal Contract Tower,0,7,0,0,7,0,0,0,0,0,0,7,0,0,7,0,0,0,7
12/28/2018,ANE,MN,AGL,CE,Federal Contract Tower,0,3,8,0,11,0,6,8,0,14,0,9,16,0,25,8,0,8,33
12/29/2018,ANE,MN,AGL,CE,Federal Contract Tower,0,3,7,0,10,0,2,34,0,36,0,5,41,0,46,118,0,118,164
12/30/2018,ANE,MN,AGL,CE,Federal Contract Tower,0,7,26,0,33,0,1,50,0,51,0,8,76,0,84,130,0,130,214
12/31/2018,ANE,MN,AGL,CE,Federal Contract Tower,0,5,4,0,9,0,4,0,0,4,0,9,4,0,13,0,0,0,13
01/01/2019,ANE,MN,AGL,CE,Federal Contract Tower,0,2,22,0,24,0,10,40,0,50,0,12,62,0,74,16,0,16,90
01/02/2019,ANE,MN,AGL,CE,Federal Contract Tower,0,9,34,0,43,0,7,31,0,38,0,16,65,0,81,38,0,38,119
01/03/2019,ANE,MN,AGL,CE,Federal Contract Tower,0,11,20,1,32,0,6,66,0,72,0,17,86,1,104,90,0,90,194
01/04/2019,ANE,MN,AGL,CE,Federal Contract Tower,0,5,35,0,40,0,5,91,0,96,0,10,126,0,136,132,4,136,272
01/05/2019,ANE,MN,AGL,CE,Federal Contract Tower,0,4,57,0,61,0,3,144,0,147,0,7,201,0,208,148,0,148,356
01/06/2019,ANE,MN,AGL,CE,Federal Contract Tower,0,2,29,0,31,0,1,96,0,97,0,3,125,0,128,108,0,108,236
01/07/2019,ANE,MN,AGL,CE,Federal Contract Tower,0,5,28,0,33,0,2,28,0,30,0,7,56,0,63,22,0,22,85
01/08/2019,ANE,MN,AGL,CE,Federal Contract Tower,0,11,16,0,27,0,0,2,0,2,0,11,18,0,29,0,0,0,29
01/09/2019,ANE,MN,AGL,CE,Federal Contract Tower,0,5,33,0,38,0,5,80,0,85,0,10,113,0,123,126,0,126,249
01/10/2019,ANE,MN,AGL,CE,Federal Contract Tower,0,4,29,0,33,0,1,75,2,78,0,5,104,2,111,152,16,168,279
01/11/2019,ANE,MN,AGL,CE,Federal Contract Tower,0,11,31,0,42,0,2,108,0,110,0,13,139,0,152,102,2,104,256
01/12/2019,ANE,MN,AGL,CE,Federal Contract Tower,0,5,16,0,21,0,2,78,0,80,0,7,94,0,101,172,0,172,273
01/13/2019,ANE,MN,AGL,CE,Federal Contract Tower,0,3,12,0,15,0,1,48,0,49,0,4,60,0,64,58,0,58,122
01/14/2019,ANE,MN,AGL,CE,Federal Contract Tower,0,7,8,0,15,0,3,0,0,3,0,10,8,0,18,0,0,0,18
01/15/2019,ANE,MN,AGL,CE,Federal Contract Tower,0,10,10,0,20,0,0,2,2,4,0,10,12,2,24,12,6,18,42
01/16/2019,ANE,MN,AGL,CE,Federal Contract Tower,0,4,33,0,37,0,4,94,0,98,0,8,127,0,135,152,0,152,287
01/17/2019,ANE,MN,AGL,CE,Federal Contract Tower,0,14,51,0,65,0,4,82,2,88,0,18,133,2,153,156,0,156,309
01/18/2019,ANE,MN,AGL,CE,Federal Contract Tower,0,15,5,0,20,0,2,19,0,21,0,17,24,0,41,42,0,42,83
01/19/2019,ANE,MN,AGL,CE,Federal Contract Tower,0,2,13,0,15,0,2,84,0,86,0,4,97,0,101,68,0,68,169
01/20/2019,ANE,MN,AGL,CE,Federal Contract Tower,0,7,17,0,24,0,4,39,0,43,0,11,56,0,67,86,0,86,153
01/21/2019,ANE,MN,AGL,CE,Federal Contract Tower,0,12,14,0,26,0,2,30,0,32,0,14,44,0,58,36,0,36,94
01/22/2019,ANE,MN,AGL,CE,Federal Contract Tower,0,10,7,0,17,0,2,4,0,6,0,12,11,0,23,12,0,12,35
01/23/2019,ANE,MN,AGL,CE,Federal Contract Tower,0,8,31,0,39,0,4,82,0,86,0,12,113,0,125,172,0,172,297
01/24/2019,ANE,MN,AGL,CE,Federal Contract Tower,0,8,14,0,22,0,7,10,0,17,0,15,24,0,39,2,0,2,41
01/25/2019,ANE,MN,AGL,CE,Federal Contract Tower,0,12,18,0,30,0,4,25,0,29,0,16,43,0,59,54,0,54,113
01/26/2019,ANE,MN,AGL,CE,Federal Contract Tower,0,1,6,0,7,0,3,18,0,21,0,4,24,0,28,22,0,22,50
01/27/2019,ANE,MN,AGL,CE,Federal Contract Tower,0,1,4,0,5,0,5,24,0,29,0,6,28,0,34,38,0,38,72
01/28/2019,ANE,MN,AGL,CE,Federal Contract Tower,0,4,4,0,8,0,0,2,0,2,0,4,6,0,10,0,0,0,10
01/29/2019,ANE,MN,AGL,CE,Federal Contract Tower,0,8,16,0,24,0,0,7,0,7,0,8,23,0,31,26,0,26,57
01/30/2019,ANE,MN,AGL,CE,Federal Contract Tower,0,4,6,0,10,0,2,4,0,6,0,6,10,0,16,0,0,0,16
01/31/2019,ANE,MN,AGL,CE,Federal Contract Tower,0,8,11,0,19,0,1,13,0,14,0,9,24,0,33,12,0,12,45
02/01/2019,ANE,MN,AGL,CE,Federal Contract Tower,0,7,16,0,23,0,2,61,0,63,0,9,77,0,86,170,0,170,256
02/02/2019,ANE,MN,AGL,CE,Federal Contract Tower,0,2,21,0,23,0,2,32,0,34,0,4,53,0,57,96,0,96,153
02/03/2019,ANE,MN,AGL,CE,Federal Contract Tower,0,5,3,0,8,0,0,0,0,0,0,5,3,0,8,0,0,0,8
02/04/2019,ANE,MN,AGL,CE,Federal Contract Tower,0,6,6,0,12,0,0,0,0,0,0,6,6,0,12,0,0,0,12
02/05/2019,ANE,MN,AGL,CE,Federal Contract Tower,0,6,8,0,14,0,0,0,0,0,0,6,8,0,14,0,0,0,14
02/06/2019,ANE,MN,AGL,CE,Federal Contract Tower,0,10,15,0,25,0,0,14,0,14,0,10,29,0,39,34,0,34,73
02/07/2019,ANE,MN,AGL,CE,Federal Contract Tower,0,1,6,0,7,0,0,0,0,0,0,1,6,0,7,0,0,0,7
02/08/2019,ANE,MN,AGL,CE,Federal Contract Tower,0,12,3,0,15,0,12,28,0,40,0,24,31,0,55,42,0,42,97
02/09/2019,ANE,MN,AGL,CE,Federal Contract Tower,0,3,10,0,13,0,3,28,0,31,0,6,38,0,44,50,0,50,94
02/10/2019,ANE,MN,AGL,CE,Federal Contract Tower,0,3,3,0,6,0,0,0,0,0,0,3,3,0,6,0,0,0,6
02/11/2019,ANE,MN,AGL,CE,Federal Contract Tower,0,19,15,0,34,0,2,9,0,11,0,21,24,0,45,48,0,48,93
02/12/2019,ANE,MN,AGL,CE,Federal Contract Tower,0,11,11,0,22,0,2,0,0,2,0,13,11,0,24,0,0,0,24
02/13/2019,ANE,MN,AGL,CE,Federal Contract Tower,0,9,25,0,34,0,0,42,0,42,0,9,67,0,76,76,2,78,154
02/14/2019,ANE,MN,AGL,CE,Federal Contract Tower,0,9,6,0,15,0,1,18,0,19,0,10,24,0,34,54,0,54,88
02/15/2019,ANE,MN,AGL,CE,Federal Contract Tower,0,11,35,0,46,0,8,90,0,98,0,19,125,0,144,122,0,122,266
02/16/2019,ANE,MN,AGL,CE,Federal Contract Tower,0,9,28,0,37,0,0,113,0,113,0,9,141,0,150,192,0,192,342
02/17/2019,ANE,MN,AGL,CE,Federal Contract Tower,0,5,5,0,10,0,5,20,0,25,0,10,25,0,35,0,0,0,35
02/18/2019,ANE,MN,AGL,CE,Federal Contract Tower,0,9,28,0,37,0,2,69,3,74,0,11,97,3,111,74,0,74,185
02/19/2019,ANE,MN,AGL,CE,Federal Contract Tower,0,15,32,0,47,0,5,63,0,68,0,20,95,0,115,96,0,96,211
02/20/2019,ANE,MN,AGL,CE,Federal Contract Tower,0,1,0,0,1,0,0,0,0,0,0,1,0,0,1,0,0,0,1
02/21/2019,ANE,MN,AGL,CE,Federal Contract Tower,0,6,31,0,37,0,0,38,0,38,0,6,69,0,75,62,0,62,137
02/22/2019,ANE,MN,AGL,CE,Federal Contract Tower,0,6,24,0,30,0,8,31,0,39,0,14,55,0,69,14,0,14,83
02/23/2019,ANE,MN,AGL,CE,Federal Contract Tower,0,7,4,0,11,0,0,0,0,0,0,7,4,0,11,0,0,0,11
02/24/2019,ANE,MN,AGL,CE,Federal Contract Tower,0,2,5,0,7,0,2,0,0,2,0,4,5,0,9,0,0,0,9
02/25/2019,ANE,MN,AGL,CE,Federal Contract Tower,0,4,17,0,21,0,3,29,0,32,0,7,46,0,53,58,0,58,111
02/26/2019,ANE,MN,AGL,CE,Federal Contract Tower,0,10,12,0,22,0,2,3,0,5,0,12,15,0,27,0,0,0,27
02/27/2019,ANE,MN,AGL,CE,Federal Contract Tower,0,10,20,0,30,0,7,80,2,89,0,17,100,2,119,158,6,164,283
02/28/2019,ANE,MN,AGL,CE,Federal Contract Tower,0,11,37,0,48,0,0,83,2,85,0,11,120,2,133,148,10,158,291
03/01/2019,ANE,MN,AGL,CE,Federal Contract Tower,0,5,11,0,16,0,0,1,0,1,0,5,12,0,17,0,0,0,17
03/02/2019,ANE,MN,AGL,CE,Federal Contract Tower,0,4,20,0,24,0,1,70,0,71,0,5,90,0,95,102,0,102,197
03/03/2019,ANE,MN,AGL,CE,Federal Contract Tower,0,4,10,0,14,0,2,34,0,36,0,6,44,0,50,48,0,48,98
03/04/2019,ANE,MN,AGL,CE,Federal Contract Tower,0,6,6,0,12,0,0,18,0,18,0,6,24,0,30,88,0,88,118
03/05/2019,ANE,MN,AGL,CE,Federal Contract Tower,0,8,11,0,19,0,5,26,2,33,0,13,37,2,52,48,26,74,126
03/06/2019,ANE,MN,AGL,CE,Federal Contract Tower,0,3,22,2,27,0,6,78,0,84,0,9,100,2,111,126,0,126,237
03/07/2019,ANE,MN,AGL,CE,Federal Contract Tower,0,4,34,0,38,0,6,97,0,103,0,10,131,0,141,124,0,124,265
03/08/2019,ANE,MN,AGL,CE,Federal Contract Tower,0,8,30,0,38,0,4,59,0,63,0,12,89,0,101,126,0,126,227
03/09/2019,ANE,MN,AGL,CE,Federal Contract Tower,0,0,10,0,10,0,0,2,0,2,0,0,12,0,12,0,0,0,12
03/10/2019,ANE,MN,AGL,CE,Federal Contract Tower,0,3,5,0,8,0,1,2,0,3,0,4,7,0,11,0,0,0,11
03/11/2019,ANE,MN,AGL,CE,Federal Contract Tower,0,9,46,2,57,0,4,69,0,73,0,13,115,2,130,78,0,78,208
03/12/2019,ANE,MN,AGL,CE,Federal Contract Tower,0,10,26,0,36,0,0,19,0,19,0,10,45,0,55,36,0,36,91
03/13/2019,ANE,MN,AGL,CE,Federal Contract Tower,0,7,2,0,9,0,0,0,0,0,0,7,2,0,9,0,0,0,9
03/14/2019,ANE,MN,AGL,CE,Federal Contract Tower,0,6,5,0,11,0,0,0,0,0,0,6,5,0,11,0,0,0,11
03/15/2019,ANE,MN,AGL,CE,Federal Contract Tower,0,10,20,0,30,0,0,31,0,31,0,10,51,0,61,76,0,76,137
03/16/2019,ANE,MN,AGL,CE,Federal Contract Tower,0,1,35,0,36,0,0,115,0,115,0,1,150,0,151,210,0,210,361
03/17/2019,ANE,MN,AGL,CE,Federal Contract Tower,0,5,12,0,17,0,1,23,0,24,0,6,35,0,41,104,0,104,145
03/18/2019,ANE,MN,AGL,CE,Federal Contract Tower,0,4,26,0,30,0,5,83,0,88,0,9,109,0,118,108,0,108,226
03/19/2019,ANE,MN,AGL,CE,Federal Contract Tower,0,4,29,0,33,0,4,79,0,83,0,8,108,0,116,180,0,180,296
03/20/2019,ANE,MN,AGL,CE,Federal Contract Tower,0,4,23,0,27,0,1,59,0,60,0,5,82,0,87,178,0,178,265
03/21/2019,ANE,MN,AGL,CE,Federal Contract Tower,0,6,20,0,26,0,1,72,2,75,0,7,92,2,101,108,6,114,215
03/22/2019,ANE,MN,AGL,CE,Federal Contract Tower,0,15,29,0,44,0,5,138,0,143,0,20,167,0,187,196,0,196,383
03/23/2019,ANE,MN,AGL,CE,Federal Contract Tower,0,3,27,1,31,0,2,141,0,143,0,5,168,1,174,154,0,154,328
03/24/2019,ANE,MN,AGL,CE,Federal Contract Tower,0,4,8,0,12,0,1,55,0,56,0,5,63,0,68,126,0,126,194
03/25/2019,ANE,MN,AGL,CE,Federal Contract Tower,0,6,25,0,31,0,0,77,0,77,0,6,102,0,108,98,0,98,206
03/26/2019,ANE,MN,AGL,CE,Federal Contract Tower,0,5,36,0,41,0,1,94,2,97,0,6,130,2,138,172,2,174,312
03/27/2019,ANE,MN,AGL,CE,Federal Contract Tower,0,10,35,0,45,0,4,48,0,52,0,14,83,0,97,24,0,24,121
03/28/2019,ANE,MN,AGL,CE,Federal Contract Tower,0,22,20,0,42,0,8,75,0,83,0,30,95,0,125,168,0,168,293
03/29/2019,ANE,MN,AGL,CE,Federal Contract Tower,0,5,19,0,24,0,2,129,0,131,0,7,148,0,155,118,0,118,273
03/30/2019,ANE,MN,AGL,CE,Federal Contract Tower,0,5,7,0,12,0,2,41,0,43,0,7,48,0,55,60,0,60,115
03/31/2019,ANE,MN,AGL,CE,Federal Contract Tower,0,5,18,0,23,0,0,99,0,99,0,5,117,0,122,140,0,140,262
04/01/2019,ANE,MN,AGL,CE,Federal Contract Tower,0,8,21,0,29,0,4,52,0,56,0,12,73,0,85,144,0,144,229
04/02/2019,ANE,MN,AGL,CE,Federal Contract Tower,0,13,21,0,34,0,1,42,0,43,0,14,63,0,77,94,0,94,171
04/03/2019,ANE,MN,AGL,CE,Federal Contract Tower,0,8,41,0,49,0,4,118,0,122,0,12,159,0,171,234,0,234,405
04/04/2019,ANE,MN,AGL,CE,Federal Contract Tower,0,3,25,0,28,0,2,48,0,50,0,5,73,0,78,110,0,110,188
04/05/2019,ANE,MN,AGL,CE,Federal Contract Tower,0,12,38,0,50,0,2,6,0,8,0,14,44,0,58,40,0,40,98
04/06/2019,ANE,MN,AGL,CE,Federal Contract Tower,0,26,44,1,71,0,0,0,0,0,0,26,44,1,71,0,0,0,71
04/07/2019,ANE,MN,AGL,CE,Federal Contract Tower,0,16,15,0,31,0,0,32,0,32,0,16,47,0,63,100,0,100,163
04/08/2019,ANE,MN,AGL,CE,Federal Contract Tower,0,22,45,0,67,0,3,69,0,72,0,25,114,0,139,120,0,120,259
04/09/2019,ANE,MN,AGL,CE,Federal Contract Tower,0,27,56,1,84,0,6,116,0,122,0,33,172,1,206,142,8,150,356
04/10/2019,ANE,MN,AGL,CE,Federal Contract Tower,0,5,12,0,17,0,0,24,2,26,0,5,36,2,43,82,32,114,157
04/11/2019,ANE,MN,AGL,CE,Federal Contract Tower,0,1,0,0,1,0,0,0,0,0,0,1,0,0,1,0,0,0,1
04/12/2019,ANE,MN,AGL,CE,Federal Contract Tower,0,8,7,0,15,0,0,0,0,0,0,8,7,0,15,0,0,0,15
04/13/2019,ANE,MN,AGL,CE,Federal Contract Tower,0,9,22,0,31,0,5,82,0,87,0,14,104,0,118,220,0,220,338
04/14/2019,ANE,MN,AGL,CE,Federal Contract Tower,0,3,46,0,49,0,2,115,0,117,0,5,161,0,166,144,0,144,310
04/15/2019,ANE,MN,AGL,CE,Federal Contract Tower,0,5,22,0,27,0,0,79,0,79,0,5,101,0,106,156,0,156,262
04/16/2019,ANE,MN,AGL,CE,Federal Contract Tower,0,6,32,0,38,0,2,116,0,118,0,8,148,0,156,198,0,198,354
04/17/2019,ANE,MN,AGL,CE,Federal Contract Tower,0,4,21,0,25,0,0,3,0,3,0,4,24,0,28,16,0,16,44
04/18/2019,ANE,MN,AGL,CE,Federal Contract Tower,0,5,32,0,37,0,4,47,0,51,0,9,79,0,88,84,0,84,172
04/19/2019,ANE,MN,AGL,CE,Federal Contract Tower,0,6,33,0,39,0,0,13,0,13,0,6,46,0,52,242,0,242,294
04/20/2019,ANE,MN,AGL,CE,Federal Contract Tower,0,1,26,0,27,0,0,153,0,153,0,1,179,0,180,276,0,276,456
04/21/2019,ANE,MN,AGL,CE,Federal Contract Tower,0,5,10,0,15,0,2,63,0,65,0,7,73,0,80,92,0,92,172
04/22/2019,ANE,MN,AGL,CE,Federal Contract Tower,0,10,13,0,23,0,2,2,0,4,0,12,15,0,27,12,0,12,39
04/23/2019,ANE,MN,AGL,CE,Federal Contract Tower,0,11,49,0,60,0,4,105,0,109,0,15,154,0,169,240,4,244,413
04/24/2019,ANE,MN,AGL,CE,Federal Contract Tower,0,8,36,1,45,0,4,56,0,60,0,12,92,1,105,98,0,98,203
04/25/2019,ANE,MN,AGL,CE,Federal Contract Tower,0,4,39,0,43,0,3,83,0,86,0,7,122,0,129,34,0,34,163
04/26/2019,ANE,MN,AGL,CE,Federal Contract Tower,0,13,19,0,32,0,1,91,0,92,0,14,110,0,124,36,0,36,160
04/27/2019,ANE,MN,AGL,CE,Federal Contract Tower,0,1,7,0,8,0,4,90,0,94,0,5,97,0,102,134,0,134,236
04/28/2019,ANE,MN,AGL,CE,Federal Contract Tower,0,10,30,0,40,0,11,123,0,134,0,21,153,0,174,130,0,130,304
04/29/2019,ANE,MN,AGL,CE,Federal Contract Tower,0,11,9,0,20,0,2,45,0,47,0,13,54,0,67,116,0,116,183
04/30/2019,ANE,MN,AGL,CE,Federal Contract Tower,0,6,21,0,27,0,0,13,0,13,0,6,34,0,40,82,0,82,122
05/01/2019,ANE,MN,AGL,CE,Federal Contract Tower,0,10,27,0,37,0,4,8,0,12,0,14,35,0,49,30,0,30,79
05/02/2019,ANE,MN,AGL,CE,Federal Contract Tower,0,15,25,3,43,0,0,79,0,79,0,15,104,3,122,196,16,212,334
05/03/2019,ANE,MN,AGL,CE,Federal Contract Tower,0,9,27,0,36,0,1,75,0,76,0,10,102,0,112,154,0,154,266
05/04/2019,ANE,MN,AGL,CE,Federal Contract Tower,0,3,34,0,37,0,2,186,0,188,0,5,220,0,225,172,0,172,397
05/05/2019,ANE,MN,AGL,CE,Federal Contract Tower,0,1,29,0,30,0,2,85,0,87,0,3,114,0,117,114,0,114,231
05/06/2019,ANE,MN,AGL,CE,Federal Contract Tower,0,4,17,0,21,0,3,56,0,59,0,7,73,0,80,106,0,106,186
05/07/2019,ANE,MN,AGL,CE,Federal Contract Tower,0,9,46,0,55,0,1,98,0,99,0,10,144,0,154,168,0,168,322
05/08/2019,ANE,MN,AGL,CE,Federal Contract Tower,0,7,25,0,32,0,5,18,0,23,0,12,43,0,55,72,0,72,127
05/09/2019,ANE,MN,AGL,CE,Federal Contract Tower,0,8,14,0,22,0,5,20,0,25,0,13,34,0,47,20,0,20,67
05/10/2019,ANE,MN,AGL,CE,Federal Contract Tower,0,3,31,0,34,0,7,100,0,107,0,10,131,0,141,156,0,156,297
05/11/2019,ANE,MN,AGL,CE,Federal Contract Tower,0,5,19,0,24,0,4,81,0,85,0,9,100,0,109,124,0,124,233
05/12/2019,ANE,MN,AGL,CE,Federal Contract Tower,0,4,17,0,21,0,5,81,0,86,0,9,98,0,107,74,0,74,181
05/13/2019,ANE,MN,AGL,CE,Federal Contract Tower,0,11,39,0,50,0,3,133,0,136,0,14,172,0,186,232,2,234,420
05/14/2019,ANE,MN,AGL,CE,Federal Contract Tower,0,16,46,0,62,0,7,135,4,146,0,23,181,4,208,276,0,276,484
05/15/2019,ANE,MN,AGL,CE,Federal Contract Tower,0,7,38,0,45,0,0,148,0,148,0,7,186,0,193,232,0,232,425
05/16/2019,ANE,MN,AGL,CE,Federal Contract Tower,0,9,31,0,40,0,16,106,0,122,0,25,137,0,162,94,0,94,256
05/17/2019,ANE,MN,AGL,CE,Federal Contract Tower,0,5,21,0,26,0,8,95,0,103,0,13,116,0,129,134,0,134,263
05/18/2019,ANE,MN,AGL,CE,Federal Contract Tower,0,4,1,0,5,0,3,4,0,7,0,7,5,0,12,32,0,32,44
05/19/2019,ANE,MN,AGL,CE,Federal Contract Tower,0,6,14,0,20,0,0,4,0,4,0,6,18,0,24,0,0,0,24
05/20/2019,ANE,MN,AGL,CE,Federal Contract Tower,0,5,53,0,58,0,1,152,0,153,0,6,205,0,211,188,0,188,399
05/21/2019,ANE,MN,AGL,CE,Federal Contract Tower,0,10,32,0,42,0,6,41,0,47,0,16,73,0,89,32,0,32,121
05/22/2019,ANE,MN,AGL,CE,Federal Contract Tower,0,17,25,1,43,0,0,5,0,5,0,17,30,1,48,4,2,6,54
05/23/2019,ANE,MN,AGL,CE,Federal Contract Tower,0,28,57,0,85,0,8,119,0,127,0,36,176,0,212,192,0,192,404
05/24/2019,ANE,MN,AGL,CE,Federal Contract Tower,0,13,26,0,39,0,0,14,0,14,0,13,40,0,53,30,0,30,83
05/25/2019,ANE,MN,AGL,CE,Federal Contract Tower,0,1,18,0,19,0,7,122,0,129,0,8,140,0,148,254,0,254,402
05/26/2019,ANE,MN,AGL,CE,Federal Contract Tower,0,2,23,0,25,0,11,146,0,157,0,13,169,0,182,172,0,172,354
05/27/2019,ANE,MN,AGL,CE,Federal Contract Tower,0,3,17,0,20,0,0,1,0,1,0,3,18,0,21,0,0,0,21
05/28/2019,ANE,MN,AGL,CE,Federal Contract Tower,0,10,33,0,43,0,4,62,0,66,0,14,95,0,109,162,0,162,271
05/29/2019,ANE,MN,AGL,CE,Federal Contract Tower,0,6,40,0,46,0,1,106,0,107,0,7,146,0,153,392,0,392,545
05/30/2019,ANE,MN,AGL,CE,Federal Contract Tower,0,15,70,0,85,0,6,167,0,173,0,21,237,0,258,290,0,290,548
05/31/2019,ANE,MN,AGL,CE,Federal Contract Tower,0,9,32,0,41,0,3,68,0,71,0,12,100,0,112,110,0,110,222
06/01/2019,ANE,MN,AGL,CE,Federal Contract Tower,0,4,16,0,20,0,10,63,0,73,0,14,79,0,93,120,0,120,213
06/02/2019,ANE,MN,AGL,CE,Federal Contract Tower,0,3,12,0,15,0,3,84,0,87,0,6,96,0,102,86,0,86,188
06/03/2019,ANE,MN,AGL,CE,Federal Contract Tower,0,9,41,0,50,0,0,84,0,84,0,9,125,0,134,90,0,90,224
06/04/2019,ANE,MN,AGL,CE,Federal Contract Tower,0,11,29,0,40,0,7,39,0,46,0,18,68,0,86,110,0,110,196
06/05/2019,ANE,MN,AGL,CE,Federal Contract Tower,0,17,31,0,48,0,4,82,0,86,0,21,113,0,134,192,0,192,326
06/06/2019,ANE,MN,AGL,CE,Federal Contract Tower,0,5,28,0,33,0,3,94,0,97,0,8,122,0,130,160,2,162,292
06/07/2019,ANE,MN,AGL,CE,Federal Contract Tower,0,8,25,0,33,0,4,68,0,72,0,12,93,0,105,76,0,76,181
06/08/2019,ANE,MN,AGL,CE,Federal Contract Tower,0,5,34,0,39,0,6,110,0,116,0,11,144,0,155,78,0,78,233
06/09/2019,ANE,MN,AGL,CE,Federal Contract Tower,0,7,19,0,26,0,5,37,0,42,0,12,56,0,68,16,0,16,84
06/10/2019,ANE,MN,AGL,CE,Federal Contract Tower,0,8,31,0,39,0,4,86,0,90,0,12,117,0,129,110,0,110,239
06/11/2019,ANE,MN,AGL,CE,Federal Contract Tower,0,7,23,0,30,0,1,43,0,44,0,8,66,0,74,146,0,146,220
06/12/2019,ANE,MN,AGL,CE,Federal Contract Tower,0,13,31,0,44,0,4,105,0,109,0,17,136,0,153,134,0,134,287
06/13/2019,ANE,MN,AGL,CE,Federal Contract Tower,0,17,44,0,61,0,14,144,0,158,0,31,188,0,219,186,0,186,405
06/14/2019,ANE,MN,AGL,CE,Federal Contract Tower,0,9,24,4,37,0,6,60,0,66,0,15,84,4,103,142,0,142,245
06/15/2019,ANE,MN,AGL,CE,Federal Contract Tower,0,2,11,0,13,0,2,42,0,44,0,4,53,0,57,72,0,72,129
06/16/2019,ANE,MN,AGL,CE,Federal Contract Tower,0,3,34,0,37,0,4,70,0,74,0,7,104,0,111,98,0,98,209
06/17/2019,ANE,MN,AGL,CE,Federal Contract Tower,0,28,36,0,64,0,6,81,0,87,0,34,117,0,151,198,0,198,349
06/18/2019,ANE,MN,AGL,CE,Federal Contract Tower,0,10,53,0,63,0,3,153,3,159,0,13,206,3,222,144,0,144,366
06/19/2019,ANE,MN,AGL,CE,Federal Contract Tower,0,7,41,0,48,0,3,144,0,147,0,10,185,0,195,172,0,172,367
06/20/2019,ANE,MN,AGL,CE,Federal Contract Tower,0,20,41,0,61,0,2,116,0,118,0,22,157,0,179,126,0,126,305
06/21/2019,ANE,MN,AGL,CE,Federal Contract Tower,0,18,24,0,42,0,14,73,0,87,0,32,97,0,129,158,0,158,287
06/22/2019,ANE,MN,AGL,CE,Federal Contract Tower,0,2,18,0,20,0,5,82,0,87,0,7,100,0,107,116,2,118,225
06/23/2019,ANE,MN,AGL,CE,Federal Contract Tower,0,4,19,0,23,0,0,8,0,8,0,4,27,0,31,58,0,58,89
06/24/2019,ANE,MN,AGL,CE,Federal Contract Tower,0,7,27,0,34,0,3,29,0,32,0,10,56,0,66,86,0,86,152
06/25/2019,ANE,MN,AGL,CE,Federal Contract Tower,0,3,38,0,41,0,12,99,0,111,0,15,137,0,152,166,0,166,318
06/26/2019,ANE,MN,AGL,CE,Federal Contract Tower,0,14,29,0,43,0,7,124,0,131,0,21,153,0,174,216,0,216,390
06/27/2019,ANE,MN,AGL,CE,Federal Contract Tower,0,11,24,0,35,0,0,69,2,71,0,11,93,2,106,170,0,170,276
06/28/2019,ANE,MN,AGL,CE,Federal Contract Tower,0,15,36,0,51,0,6,107,0,113,0,21,143,0,164,127,0,127,291
06/29/2019,ANE,MN,AGL,CE,Federal Contract Tower,0,7,30,0,37,0,9,104,0,113,0,16,134,0,150,126,0,126,276
06/30/2019,ANE,MN,AGL,CE,Federal Contract Tower,0,4,11,0,15,0,10,57,0,67,0,14,68,0,82,94,0,94,176
07/01/2019,ANE,MN,AGL,CE,Federal Contract Tower,0,22,26,0,48,0,12,30,0,42,0,34,56,0,90,36,0,36,126
07/02/2019,ANE,MN,AGL,CE,Federal Contract Tower,0,10,35,0,45,0,7,87,0,94,0,17,122,0,139,138,0,138,277
07/03/2019,ANE,MN,AGL,CE,Federal Contract Tower,0,5,13,0,18,0,4,90,0,94,0,9,103,0,112,120,0,120,232
07/04/2019,ANE,MN,AGL,CE,Federal Contract Tower,0,3,11,0,14,0,6,27,0,33,0,9,38,0,47,36,0,36,83
07/05/2019,ANE,MN,AGL,CE,Federal Contract Tower,0,2,26,0,28,0,7,50,0,57,0,9,76,0,85,196,0,196,281
07/06/2019,ANE,MN,AGL,CE,Federal Contract Tower,0,9,23,0,32,0,13,125,0,138,0,22,148,0,170,138,0,138,308
07/07/2019,ANE,MN,AGL,CE,Federal Contract Tower,0,15,26,0,41,0,12,110,0,122,0,27,136,0,163,104,0,104,267
07/08/2019,ANE,MN,AGL,CE,Federal Contract Tower,0,12,49,0,61,0,9,61,0,70,0,21,110,0,131,78,0,78,209
07/09/2019,ANE,MN,AGL,CE,Federal Contract Tower,0,18,24,0,42,0,5,16,0,21,0,23,40,0,63,22,0,22,85
07/10/2019,ANE,MN,AGL,CE,Federal Contract Tower,0,9,31,0,40,0,7,58,0,65,0,16,89,0,105,124,0,124,229
07/11/2019,ANE,MN,AGL,CE,Federal Contract Tower,0,13,27,0,40,0,3,147,0,150,0,16,174,0,190,166,0,166,356
07/12/2019,ANE,MN,AGL,CE,Federal Contract Tower,0,7,17,0,24,0,12,98,0,110,0,19,115,0,134,98,0,98,232
07/13/2019,ANE,MN,AGL,CE,Federal Contract Tower,0,4,26,0,30,0,6,122,0,128,0,10,148,0,158,56,0,56,214
07/14/2019,ANE,MN,AGL,CE,Federal Contract Tower,0,5,11,0,16,0,7,87,0,94,0,12,98,0,110,76,0,76,186
07/15/2019,ANE,MN,AGL,CE,Federal Contract Tower,0,7,35,0,42,0,2,45,0,47,0,9,80,0,89,68,0,68,157
07/16/2019,ANE,MN,AGL,CE,Federal Contract Tower,0,13,42,0,55,0,11,75,0,86,0,24,117,0,141,84,0,84,225
07/17/2019,ANE,MN,AGL,CE,Federal Contract Tower,0,9,29,0,38,0,1,87,0,88,0,10,116,0,126,108,0,108,234
07/18/2019,ANE,MN,AGL,CE,Federal Contract Tower,0,12,43,2,57,0,3,124,2,129,0,15,167,4,186,252,26,278,464
07/19/2019,ANE,MN,AGL,CE,Federal Contract Tower,0,4,24,0,28,0,6,74,0,80,0,10,98,0,108,132,0,132,240
07/20/2019,ANE,MN,AGL,CE,Federal Contract Tower,0,3,16,0,19,0,0,47,0,47,0,3,63,0,66,82,0,82,148
07/21/2019,ANE,MN,AGL,CE,Federal Contract Tower,0,0,48,0,48,0,6,97,0,103,0,6,145,0,151,98,0,98,249
07/22/2019,ANE,MN,AGL,CE,Federal Contract Tower,0,6,21,0,27,0,6,149,0,155,0,12,170,0,182,214,0,214,396
07/23/2019,ANE,MN,AGL,CE,Federal Contract Tower,0,7,51,0,58,0,6,133,0,139,0,13,184,0,197,154,0,154,351
07/24/2019,ANE,MN,AGL,CE,Federal Contract Tower,0,23,39,0,62,0,9,102,0,111,0,32,141,0,173,168,0,168,341
07/25/2019,ANE,MN,AGL,CE,Federal Contract Tower,0,6,41,0,47,0,2,76,0,78,0,8,117,0,125,90,0,90,215
07/26/2019,ANE,MN,AGL,CE,Federal Contract Tower,0,4,18,0,22,0,8,51,0,59,0,12,69,0,81,126,4,130,211
07/27/2019,ANE,MN,AGL,CE,Federal Contract Tower,0,3,21,0,24,0,4,125,0,129,0,7,146,0,153,150,0,150,303
07/28/2019,ANE,MN,AGL,CE,Federal Contract Tower,0,11,20,0,31,0,3,18,0,21,0,14,38,0,52,46,0,46,98
07/29/2019,ANE,MN,AGL,CE,Federal Contract Tower,0,6,31,0,37,0,3,115,0,118,0,9,146,0,155,224,0,224,379
07/30/2019,ANE,MN,AGL,CE,Federal Contract Tower,0,6,48,0,54,0,8,128,0,136,0,14,176,0,190,268,0,268,458
07/31/2019,ANE,MN,AGL,CE,Federal Contract Tower,0,4,46,0,50,0,3,104,0,107,0,7,150,0,157,258,0,258,415
08/01/2019,ANE,MN,AGL,CE,Federal Contract Tower,0,8,36,0,44,0,4,107,0,111,0,12,143,0,155,190,0,190,345
08/02/2019,ANE,MN,AGL,CE,Federal Contract Tower,0,8,26,0,34,0,1,100,0,101,0,9,126,0,135,191,0,191,326
08/03/2019,ANE,MN,AGL,CE,Federal Contract Tower,0,2,22,0,24,0,4,91,0,95,0,6,113,0,119,150,0,150,269
08/04/2019,ANE,MN,AGL,CE,Federal Contract Tower,0,1,26,0,27,0,5,109,0,114,0,6,135,0,141,170,0,170,311
08/05/2019,ANE,MN,AGL,CE,Federal Contract Tower,0,3,14,0,17,0,2,39,0,41,0,5,53,0,58,96,0,96,154
08/06/2019,ANE,MN,AGL,CE,Federal Contract Tower,0,4,29,2,35,0,8,163,0,171,0,12,192,2,206,254,0,254,460
08/07/2019,ANE,MN,AGL,CE,Federal Contract Tower,0,4,33,0,37,0,6,92,0,98,0,10,125,0,135,158,0,158,293
08/08/2019,ANE,MN,AGL,CE,Federal Contract Tower,0,5,42,1,48,0,3,100,0,103,0,8,142,1,151,252,0,252,403
08/09/2019,ANE,MN,AGL,CE,Federal Contract Tower,0,7,23,1,31,0,1,141,3,145,0,8,164,4,176,128,18,146,322
08/10/2019,ANE,MN,AGL,CE,Federal Contract Tower,0,6,16,0,22,0,4,45,0,49,0,10,61,0,71,52,0,52,123
08/11/2019,ANE,MN,AGL,CE,Federal Contract Tower,0,1,24,0,25,0,7,49,0,56,0,8,73,0,81,48,0,48,129
08/12/2019,ANE,MN,AGL,CE,Federal Contract Tower,0,7,21,0,28,0,8,47,0,55,0,15,68,0,83,202,0,202,285
08/13/2019,ANE,MN,AGL,CE,Federal Contract Tower,0,13,38,0,51,0,2,64,2,68,0,15,102,2,119,120,4,124,243
08/14/2019,ANE,MN,AGL,CE,Federal Contract Tower,0,11,46,0,57,0,9,106,0,115,0,20,152,0,172,190,0,190,362
08/15/2019,ANE,MN,AGL,CE,Federal Contract Tower,0,13,41,0,54,0,6,102,2,110,0,19,143,2,164,148,0,148,312
08/16/2019,ANE,MN,AGL,CE,Federal Contract Tower,0,5,56,0,61,0,3,89,0,92,0,8,145,0,153,128,0,128,281
08/17/2019,ANE,MN,AGL,CE,Federal Contract Tower,0,2,17,0,19,0,10,111,0,121,0,12,128,0,140,110,0,110,250
08/18/2019,ANE,MN,AGL,CE,Federal Contract Tower,0,7,25,0,32,0,7,84,0,91,0,14,109,0,123,124,0,124,247
08/19/2019,ANE,MN,AGL,CE,Federal Contract Tower,0,15,21,0,36,0,1,113,0,114,0,16,134,0,150,190,0,190,340
08/20/2019,ANE,MN,AGL,CE,Federal Contract Tower,0,4,32,0,36,0,7,81,0,88,0,11,113,0,124,193,0,193,317
08/21/2019,ANE,MN,AGL,CE,Federal Contract Tower,0,5,30,0,35,0,11,101,0,112,0,16,131,0,147,190,0,190,337
08/22/2019,ANE,MN,AGL,CE,Federal Contract Tower,0,9,36,0,45,0,6,129,0,135,0,15,165,0,180,196,0,196,376
08/23/2019,ANE,MN,AGL,CE,Federal Contract Tower,0,11,37,0,48,0,5,92,0,97,0,16,129,0,145,114,0,114,259
08/24/2019,ANE,MN,AGL,CE,Federal Contract Tower,0,4,23,0,27,0,2,81,0,83,0,6,104,0,110,120,0,120,230
08/25/2019,ANE,MN,AGL,CE,Federal Contract Tower,0,13,35,0,48,0,4,40,0,44,0,17,75,0,92,62,0,62,154
08/26/2019,ANE,MN,AGL,CE,Federal Contract Tower,0,11,29,0,40,0,3,15,0,18,0,14,44,0,58,36,0,36,94
08/27/2019,ANE,MN,AGL,CE,Federal Contract Tower,0,11,31,0,42,0,3,51,0,54,0,14,82,0,96,80,0,80,176
08/28/2019,ANE,MN,AGL,CE,Federal Contract Tower,0,6,43,1,50,0,7,42,0,49,0,13,85,1,99,14,0,14,113
08/29/2019,ANE,MN,AGL,CE,Federal Contract Tower,0,6,22,1,29,0,11,52,0,63,0,17,74,1,92,12,0,12,104
08/30/2019,ANE,MN,AGL,CE,Federal Contract Tower,0,6,53,0,59,0,3,156,0,159,0,9,209,0,218,296,0,296,514
08/31/2019,ANE,MN,AGL,CE,Federal Contract Tower,0,1,24,0,25,0,5,108,0,113,0,6,132,0,138,178,0,178,316
09/01/2019,ANE,MN,AGL,CE,Federal Contract Tower,0,5,14,0,19,0,3,50,0,53,0,8,64,0,72,144,0,144,216
09/02/2019,ANE,MN,AGL,CE,Federal Contract Tower,0,5,32,0,37,0,3,57,0,60,0,8,89,0,97,72,2,74,171
09/03/2019,ANE,MN,AGL,CE,Federal Contract Tower,0,7,15,0,22,0,2,15,0,17,0,9,30,0,39,18,0,18,57
09/04/2019,ANE,MN,AGL,CE,Federal Contract Tower,0,16,29,0,45,0,10,113,0,123,0,26,142,0,168,100,0,100,268
09/05/2019,ANE,MN,AGL,CE,Federal Contract Tower,0,18,40,1,59,0,3,94,0,97,0,21,134,1,156,192,0,192,348
09/06/2019,ANE,MN,AGL,CE,Federal Contract Tower,0,10,35,0,45,0,5,108,0,113,0,15,143,0,158,204,0,204,362
09/07/2019,ANE,MN,AGL,CE,Federal Contract Tower,0,5,27,0,32,0,2,101,2,105,0,7,128,2,137,60,0,60,197
09/08/2019,ANE,MN,AGL,CE,Federal Contract Tower,0,9,12,0,21,0,2,31,0,33,0,11,43,0,54,38,0,38,92
09/09/2019,ANE,MN,AGL,CE,Federal Contract Tower,0,4,24,0,28,0,0,1,0,1,0,4,25,0,29,4,0,4,33
09/10/2019,ANE,MN,AGL,CE,Federal Contract Tower,0,9,46,2,57,0,6,86,2,94,0,15,132,4,151,226,6,232,383
09/11/2019,ANE,MN,AGL,CE,Federal Contract Tower,0,8,36,2,46,0,2,1,0,3,0,10,37,2,49,4,0,4,53
09/12/2019,ANE,MN,AGL,CE,Federal Contract Tower,0,6,15,0,21,0,0,0,0,0,0,6,15,0,21,0,0,0,21
09/13/2019,ANE,MN,AGL,CE,Federal Contract Tower,0,1,39,0,40,0,4,21,0,25,0,5,60,0,65,16,0,16,81
09/14/2019,ANE,MN,AGL,CE,Federal Contract Tower,0,5,45,0,50,0,9,129,0,138,0,14,174,0,188,118,0,118,306
09/15/2019,ANE,MN,AGL,CE,Federal Contract Tower,0,10,35,0,45,0,3,73,0,76,0,13,108,0,121,58,0,58,179
09/16/2019,ANE,MN,AGL,CE,Federal Contract Tower,0,3,24,0,27,0,6,85,0,91,0,9,109,0,118,128,0,128,246
09/17/2019,ANE,MN,AGL,CE,Federal Contract Tower,0,12,37,0,49,0,4,48,0,52,0,16,85,0,101,92,12,104,205
09/18/2019,ANE,MN,AGL,CE,Federal Contract Tower,0,10,41,0,51,0,4,43,0,47,0,14,84,0,98,42,0,42,140
09/19/2019,ANE,MN,AGL,CE,Federal Contract Tower,0,5,53,0,58,0,11,140,0,151,0,16,193,0,209,188,0,188,397
09/20/2019,ANE,MN,AGL,CE,Federal Contract Tower,0,3,32,0,35,0,9,35,0,44,0,12,67,0,79,114,0,114,193
09/21/2019,ANE,MN,AGL,CE,Federal Contract Tower,0,1,15,0,16,0,6,14,0,20,0,7,29,0,36,44,0,44,80
09/22/2019,ANE,MN,AGL,CE,Federal Contract Tower,0,0,31,0,31,0,6,51,0,57,0,6,82,0,88,106,0,106,194
09/23/2019,ANE,MN,AGL,CE,Federal Contract Tower,0,6,53,0,59,0,8,103,0,111,0,14,156,0,170,142,0,142,312
09/24/2019,ANE,MN,AGL,CE,Federal Contract Tower,0,12,23,0,35,0,8,51,2,61,0,20,74,2,96,80,0,80,176
09/25/2019,ANE,MN,AGL,CE,Federal Contract Tower,0,7,34,0,41,0,3,52,0,55,0,10,86,0,96,104,0,104,200
09/26/2019,ANE,MN,AGL,CE,Federal Contract Tower,0,6,42,0,48,0,8,84,0,92,0,14,126,0,140,126,14,140,280
09/27/2019,ANE,MN,AGL,CE,Federal Contract Tower,0,4,57,1,62,0,5,48,0,53,0,9,105,1,115,72,0,72,187
09/28/2019,ANE,MN,AGL,CE,Federal Contract Tower,0,5,20,0,25,0,5,99,0,104,0,10,119,0,129,68,0,68,197
09/29/2019,ANE,MN,AGL,CE,Federal Contract Tower,0,3,19,2,24,0,0,0,0,0,0,3,19,2,24,0,0,0,24
09/30/2019,ANE,MN,AGL,CE,Federal Contract Tower,0,5,39,0,44,0,4,31,0,35,0,9,70,0,79,8,0,8,87
10/01/2019,ANE,MN,AGL,CE,Federal Contract Tower,0,17,27,1,45,0,3,5,0,8,0,20,32,1,53,4,2,6,59
10/02/2019,ANE,MN,AGL,CE,Federal Contract Tower,0,11,19,1,31,0,1,9,0,10,0,12,28,1,41,28,0,28,69
10/03/2019,ANE,MN,AGL,CE,Federal Contract Tower,0,7,25,0,32,2,4,24,0,30,2,11,49,0,62,66,0,66,128
10/04/2019,ANE,MN,AGL,CE,Federal Contract Tower,0,4,23,4,31,0,7,80,0,87,0,11,103,4,118,238,0,238,356
10/05/2019,ANE,MN,AGL,CE,Federal Contract Tower,0,3,21,0,24,0,2,0,0,2,0,5,21,0,26,0,0,0,26
10/06/2019,ANE,MN,AGL,CE,Federal Contract Tower,0,4,20,0,24,0,5,68,0,73,0,9,88,0,97,74,0,74,171
10/07/2019,ANE,MN,AGL,CE,Federal Contract Tower,0,2,30,0,32,0,3,121,0,124,0,5,151,0,156,136,0,136,292
10/08/2019,ANE,MN,AGL,CE,Federal Contract Tower,0,5,40,0,45,0,5,53,0,58,0,10,93,0,103,26,0,26,129
10/09/2019,ANE,MN,AGL,CE,Federal Contract Tower,0,5,20,0,25,0,8,30,0,38,0,13,50,0,63,48,0,48,111
10/10/2019,ANE,MN,AGL,CE,Federal Contract Tower,0,7,17,0,24,0,2,11,0,13,0,9,28,0,37,46,0,46,83
10/11/2019,ANE,MN,AGL,CE,Federal Contract Tower,0,3,10,0,13,0,3,4,0,7,0,6,14,0,20,0,0,0,20
10/12/2019,ANE,MN,AGL,CE,Federal Contract Tower,0,6,6,0,12,0,1,0,0,1,0,7,6,0,13,0,0,0,13
10/13/2019,ANE,MN,AGL,CE,Federal Contract Tower,0,6,15,0,21,0,4,15,0,19,0,10,30,0,40,18,0,18,58
10/14/2019,ANE,MN,AGL,CE,Federal Contract Tower,0,20,37,0,57,0,4,79,0,83,0,24,116,0,140,108,0,108,248
10/15/2019,ANE,MN,AGL,CE,Federal Contract Tower,9,32,0,0,41,0,3,10,0,13,9,35,10,0,54,10,0,10,64
10/16/2019,ANE,MN,AGL,CE,Federal Contract Tower,0,4,29,0,33,0,5,56,0,61,0,9,85,0,94,118,0,118,212
10/17/2019,ANE,MN,AGL,CE,Federal Contract Tower,0,7,28,0,35,0,2,131,0,133,0,9,159,0,168,194,0,194,362
10/18/2019,ANE,MN,AGL,CE,Federal Contract Tower,0,6,18,0,24,0,4,45,0,49,0,10,63,0,73,26,0,26,99
10/19/2019,ANE,MN,AGL,CE,Federal Contract Tower,0,2,18,0,20,0,5,132,0,137,0,7,150,0,157,164,0,164,321
10/20/2019,ANE,MN,AGL,CE,Federal Contract Tower,0,6,24,0,30,0,5,73,0,78,0,11,97,0,108,64,0,64,172
10/21/2019,ANE,MN,AGL,CE,Federal Contract Tower,0,4,17,0,21,0,0,1,0,1,0,4,18,0,22,0,0,0,22
10/22/2019,ANE,MN,AGL,CE,Federal Contract Tower,0,5,26,0,31,0,2,2,0,4,0,7,28,0,35,8,0,8,43
10/23/2019,ANE,MN,AGL,CE,Federal Contract Tower,0,9,37,0,46,0,3,60,0,63,0,12,97,0,109,152,0,152,261
10/24/2019,ANE,MN,AGL,CE,Federal Contract Tower,0,3,28,0,31,0,0,98,0,98,0,3,126,0,129,158,0,158,287
10/25/2019,ANE,MN,AGL,CE,Federal Contract Tower,0,2,23,0,25,0,3,74,0,77,0,5,97,0,102,136,0,136,238
10/26/2019,ANE,MN,AGL,CE,Federal Contract Tower,0,7,10,0,17,0,8,87,0,95,0,15,97,0,112,104,0,104,216
10/27/2019,ANE,MN,AGL,CE,Federal Contract Tower,0,5,26,0,31,0,13,25,0,38,0,18,51,0,69,44,0,44,113
10/28/2019,ANE,MN,AGL,CE,Federal Contract Tower,0,3,32,0,35,0,8,59,0,67,0,11,91,0,102,136,0,136,238
10/29/2019,ANE,MN,AGL,CE,Federal Contract Tower,0,3,28,0,31,0,2,73,0,75,0,5,101,0,106,146,0,146,252
10/30/2019,ANE,MN,AGL,CE,Federal Contract Tower,0,4,42,0,46,0,3,99,0,102,0,7,141,0,148,174,0,174,322
10/31/2019,ANE,MN,AGL,CE,Federal Contract Tower,0,6,28,0,34,0,4,71,0,75,0,10,99,0,109,112,6,118,227
11/01/2019,ANE,MN,AGL,CE,Federal Contract Tower,0,4,18,0,22,0,1,24,0,25,0,5,42,0,47,60,0,60,107
11/02/2019,ANE,MN,AGL,CE,Federal Contract Tower,0,7,22,0,29,0,2,55,0,57,0,9,77,0,86,50,0,50,136
11/03/2019,ANE,MN,AGL,CE,Federal Contract Tower,0,5,22,0,27,0,0,69,0,69,0,5,91,0,96,72,0,72,168
11/04/2019,ANE,MN,AGL,CE,Federal Contract Tower,0,6,31,0,37,0,5,23,0,28,0,11,54,0,65,66,0,66,131
11/05/2019,ANE,MN,AGL,CE,Federal Contract Tower,0,4,33,0,37,0,5,72,0,77,0,9,105,0,114,160,0,160,274
11/06/2019,ANE,MN,AGL,CE,Federal Contract Tower,0,7,18,0,25,0,2,50,0,52,0,9,68,0,77,154,0,154,231
11/07/2019,ANE,MN,AGL,CE,Federal Contract Tower,0,7,23,0,30,0,4,67,0,71,0,11,90,0,101,130,0,130,231
11/08/2019,ANE,MN,AGL,CE,Federal Contract Tower,0,6,24,0,30,0,6,55,0,61,0,12,79,0,91,66,0,66,157
11/09/2019,ANE,MN,AGL,CE,Federal Contract Tower,0,4,10,0,14,0,4,51,0,55,0,8,61,0,69,118,0,118,187
11/10/2019,ANE,MN,AGL,CE,Federal Contract Tower,0,2,21,0,23,0,4,15,0,19,0,6,36,0,42,36,0,36,78
11/11/2019,ANE,MN,AGL,CE,Federal Contract Tower,0,6,27,0,33,0,3,21,0,24,0,9,48,0,57,88,0,88,145
11/12/2019,ANE,MN,AGL,CE,Federal Contract Tower,0,3,25,0,28,0,7,50,0,57,0,10,75,0,85,60,0,60,145
11/13/2019,ANE,MN,AGL,CE,Federal Contract Tower,0,8,20,0,28,0,0,3,0,3,0,8,23,0,31,14,0,14,45
11/14/2019,ANE,MN,AGL,CE,Federal Contract Tower,0,4,18,0,22,0,4,103,0,107,0,8,121,0,129,156,0,156,285
11/15/2019,ANE,MN,AGL,CE,Federal Contract Tower,0,2,43,0,45,0,2,97,0,99,0,4,140,0,144,152,0,152,296
11/16/2019,ANE,MN,AGL,CE,Federal Contract Tower,0,4,11,0,15,0,6,37,0,43,0,10,48,0,58,46,0,46,104
11/17/2019,ANE,MN,AGL,CE,Federal Contract Tower,0,1,15,0,16,0,2,11,0,13,0,3,26,0,29,22,0,22,51
11/18/2019,ANE,MN,AGL,CE,Federal Contract Tower,0,4,21,0,25,0,2,10,0,12,0,6,31,0,37,72,0,72,109
11/19/2019,ANE,MN,AGL,CE,Federal Contract Tower,0,8,23,0,31,0,0,0,0,0,0,8,23,0,31,24,0,24,55
11/20/2019,ANE,MN,AGL,CE,Federal Contract Tower,0,7,47,0,54,0,3,37,0,40,0,10,84,0,94,122,0,122,216
11/21/2019,ANE,MN,AGL,CE,Federal Contract Tower,0,6,16,0,22,0,5,8,0,13,0,11,24,0,35,10,0,10,45
11/22/2019,ANE,MN,AGL,CE,Federal Contract Tower,0,5,34,0,39,0,3,120,0,123,0,8,154,0,162,198,0,198,360
11/23/2019,ANE,MN,AGL,CE,Federal Contract Tower,0,1,45,0,46,0,2,157,0,159,0,3,202,0,205,162,0,162,367
11/24/2019,ANE,MN,AGL,CE,Federal Contract Tower,0,1,34,0,35,0,0,118,0,118,0,1,152,0,153,126,0,126,279
11/25/2019,ANE,MN,AGL,CE,Federal Contract Tower,0,18,13,0,31,0,5,37,0,42,0,23,50,0,73,92,0,92,165
11/26/2019,ANE,MN,AGL,CE,Federal Contract Tower,0,11,18,0,29,0,3,41,0,44,0,14,59,0,73,86,0,86,159
11/27/2019,ANE,MN,AGL,CE,Federal Contract Tower,0,4,14,0,18,0,4,3,0,7,0,8,17,0,25,0,0,0,25
11/28/2019,ANE,MN,AGL,CE,Federal Contract Tower,0,3,4,0,7,0,4,3,0,7,0,7,7,0,14,22,0,22,36
11/29/2019,ANE,MN,AGL,CE,Federal Contract Tower,0,1,8,0,9,0,0,0,0,0,0,1,8,0,9,0,0,0,9
11/30/2019,ANE,MN,AGL,CE,Federal Contract Tower,0,1,1,0,2,0,0,0,0,0,0,1,1,0,2,0,0,0,2
12/01/2019,ANE,MN,AGL,CE,Federal Contract Tower,0,6,11,0,17,0,0,0,0,0,0,6,11,0,17,0,0,0,17
12/02/2019,ANE,MN,AGL,CE,Federal Contract Tower,0,3,25,0,28,0,0,64,0,64,0,3,89,0,92,112,0,112,204
12/03/2019,ANE,MN,AGL,CE,Federal Contract Tower,0,7,37,0,44,0,2,68,0,70,0,9,105,0,114,132,0,132,246
12/04/2019,ANE,MN,AGL,CE,Federal Contract Tower,0,10,50,0,60,0,1,94,0,95,0,11,144,0,155,138,0,138,293
12/05/2019,ANE,MN,AGL,CE,Federal Contract Tower,0,7,35,0,42,0,2,70,0,72,0,9,105,0,114,148,0,148,262
12/06/2019,ANE,MN,AGL,CE,Federal Contract Tower,0,4,28,0,32,0,2,72,0,74,0,6,100,0,106,174,0,174,280
12/07/2019,ANE,MN,AGL,CE,Federal Contract Tower,0,3,14,0,17,0,3,85,0,88,0,6,99,0,105,80,0,80,185
12/08/2019,ANE,MN,AGL,CE,Federal Contract Tower,0,2,11,0,13,0,0,3,0,3,0,2,14,0,16,20,0,20,36
12/09/2019,ANE,MN,AGL,CE,Federal Contract Tower,0,0,12,0,12,0,0,2,0,2,0,0,14,0,14,0,0,0,14
12/10/2019,ANE,MN,AGL,CE,Federal Contract Tower,0,10,26,0,36,0,4,17,0,21,0,14,43,0,57,42,0,42,99
12/11/2019,ANE,MN,AGL,CE,Federal Contract Tower,0,15,23,0,38,0,8,27,0,35,0,23,50,0,73,60,0,60,133
12/12/2019,ANE,MN,AGL,CE,Federal Contract Tower,0,7,12,0,19,0,1,0,0,1,0,8,12,0,20,0,0,0,20
12/13/2019,ANE,MN,AGL,CE,Federal Contract Tower,0,8,18,0,26,0,0,8,0,8,0,8,26,0,34,42,0,42,76
12/14/2019,ANE,MN,AGL,CE,Federal Contract Tower,0,1,28,0,29,0,3,27,0,30,0,4,55,0,59,98,0,98,157
12/15/2019,ANE,MN,AGL,CE,Federal Contract Tower,0,0,27,0,27,0,2,33,0,35,0,2,60,0,62,94,0,94,156
12/16/2019,ANE,MN,AGL,CE,Federal Contract Tower,0,7,35,0,42,0,4,42,0,46,0,11,77,0,88,182,0,182,270
12/17/2019,ANE,MN,AGL,CE,Federal Contract Tower,0,13,26,0,39,0,2,38,0,40,0,15,64,0,79,192,0,192,271
12/18/2019,ANE,MN,AGL,CE,Federal Contract Tower,0,11,34,0,45,0,4,29,0,33,0,15,63,0,78,106,0,106,184
12/19/2019,ANE,MN,AGL,CE,Federal Contract Tower,0,13,49,0,62,0,4,94,0,98,0,17,143,0,160,198,0,198,358
12/20/2019,ANE,MN,AGL,CE,Federal Contract Tower,0,6,37,0,43,0,0,69,0,69,0,6,106,0,112,168,0,168,280
12/21/2019,ANE,MN,AGL,CE,Federal Contract Tower,0,4,35,0,39,0,4,108,0,112,0,8,143,0,151,142,0,142,293
12/22/2019,ANE,MN,AGL,CE,Federal Contract Tower,0,2,25,0,27,0,3,90,0,93,0,5,115,0,120,98,0,98,218
12/23/2019,ANE,MN,AGL,CE,Federal Contract Tower,0,1,24,0,25,0,6,71,0,77,0,7,95,0,102,130,0,130,232
12/24/2019,ANE,MN,AGL,CE,Federal Contract Tower,0,8,3,0,11,0,0,2,0,2,0,8,5,0,13,0,0,0,13
12/25/2019,ANE,MN,AGL,CE,Federal Contract Tower,0,1,0,0,1,0,0,0,0,0,0,1,0,0,1,0,0,0,1
12/26/2019,ANE,MN,AGL,CE,Federal Contract Tower,0,3,7,0,10,0,4,4,0,8,0,7,11,0,18,0,0,0,18
12/27/2019,ANE,MN,AGL,CE,Federal Contract Tower,0,2,14,0,16,0,0,45,0,45,0,2,59,0,61,116,0,116,177
12/28/2019,ANE,MN,AGL,CE,Federal Contract Tower,0,5,2,0,7,0,2,0,0,2,0,7,2,0,9,0,0,0,9
12/29/2019,ANE,MN,AGL,CE,Federal Contract Tower,0,3,1,0,4,0,1,0,0,1,0,4,1,0,5,0,0,0,5
12/30/2019,ANE,MN,AGL,CE,Federal Contract Tower,0,2,2,0,4,0,0,0,0,0,0,2,2,0,4,0,0,0,4
12/31/2019,ANE,MN,AGL,CE,Federal Contract Tower,0,9,24,0,33,3,29,0,0,32,3,38,24,0,65,38,0,38,103
01/01/2020,ANE,MN,AGL,CE,Federal Contract Tower,0,0,25,0,25,0,4,48,0,52,0,4,73,0,77,124,0,124,201
01/02/2020,ANE,MN,AGL,CE,Federal Contract Tower,0,2,4,0,6,0,3,15,0,18,0,5,19,0,24,44,12,56,80
01/03/2020,ANE,MN,AGL,CE,Federal Contract Tower,0,3,6,0,9,0,1,20,0,21,0,4,26,0,30,128,0,128,158
01/04/2020,ANE,MN,AGL,CE,Federal Contract Tower,0,8,14,0,22,0,2,59,0,61,0,10,73,0,83,122,0,122,205
01/05/2020,ANE,MN,AGL,CE,Federal Contract Tower,0,1,11,0,12,0,6,7,0,13,0,7,18,0,25,8,0,8,33
01/06/2020,ANE,MN,AGL,CE,Federal Contract Tower,0,6,22,0,28,0,3,76,0,79,0,9,98,0,107,198,0,198,305
01/07/2020,ANE,MN,AGL,CE,Federal Contract Tower,0,9,34,0,43,0,6,54,0,60,0,15,88,0,103,78,2,80,183
01/08/2020,ANE,MN,AGL,CE,Federal Contract Tower,0,7,18,0,25,0,0,38,0,38,0,7,56,0,63,94,0,94,157
01/09/2020,ANE,MN,AGL,CE,Federal Contract Tower,0,8,26,0,34,0,2,35,0,37,0,10,61,0,71,126,0,126,197
01/10/2020,ANE,MN,AGL,CE,Federal Contract Tower,0,3,28,0,31,0,6,40,0,46,0,9,68,0,77,62,0,62,139
01/11/2020,ANE,MN,AGL,CE,Federal Contract Tower,0,1,31,0,32,0,7,77,0,84,0,8,108,0,116,104,0,104,220
01/12/2020,ANE,MN,AGL,CE,Federal Contract Tower,0,0,16,0,16,0,1,49,0,50,0,1,65,0,66,66,0,66,132
01/13/2020,ANE,MN,AGL,CE,Federal Contract Tower,0,5,11,0,16,0,0,7,0,7,0,5,18,0,23,22,0,22,45
01/14/2020,ANE,MN,AGL,CE,Federal Contract Tower,0,11,30,0,41,0,2,17,0,19,0,13,47,0,60,60,0,60,120
01/15/2020,ANE,MN,AGL,CE,Federal Contract Tower,0,5,15,0,20,0,2,5,0,7,0,7,20,0,27,6,0,6,33
01/16/2020,ANE,MN,AGL,CE,Federal Contract Tower,0,5,29,0,34,0,4,29,0,33,0,9,58,0,67,46,0,46,113
01/17/2020,ANE,MN,AGL,CE,Federal Contract Tower,0,4,5,0,9,0,4,5,0,9,0,8,10,0,18,20,0,20,38
01/18/2020,ANE,MN,AGL,CE,Federal Contract Tower,0,6,3,0,9,0,0,2,0,2,0,6,5,0,11,6,0,6,17
01/19/2020,ANE,MN,AGL,CE,Federal Contract Tower,0,1,3,0,4,0,3,9,0,12,0,4,12,0,16,40,0,40,56
01/20/2020,ANE,MN,AGL,CE,Federal Contract Tower,0,5,26,0,31,0,4,51,0,55,0,9,77,0,86,130,0,130,216
01/21/2020,ANE,MN,AGL,CE,Federal Contract Tower,0,5,19,0,24,0,4,44,0,48,0,9,63,0,72,50,0,50,122
01/22/2020,ANE,MN,AGL,CE,Federal Contract Tower,0,5,7,0,12,0,0,4,0,4,0,5,11,0,16,16,0,16,32
01/23/2020,ANE,MN,AGL,CE,Federal Contract Tower,0,7,11,0,18,0,2,2,0,4,0,9,13,0,22,6,0,6,28
01/24/2020,ANE,MN,AGL,CE,Federal Contract Tower,0,6,8,0,14,0,0,4,0,4,0,6,12,0,18,10,0,10,28
01/25/2020,ANE,MN,AGL,CE,Federal Contract Tower,0,5,11,0,16,0,1,22,0,23,0,6,33,0,39,50,0,50,89
01/26/2020,ANE,MN,AGL,CE,Federal Contract Tower,0,2,13,0,15,0,0,3,0,3,0,2,16,0,18,4,0,4,22
01/27/2020,ANE,MN,AGL,CE,Federal Contract Tower,0,10,10,0,20,0,0,4,0,4,0,10,14,0,24,0,0,0,24
01/28/2020,ANE,MN,AGL,CE,Federal Contract Tower,0,10,24,0,34,0,1,3,0,4,0,11,27,0,38,0,0,0,38
01/29/2020,ANE,MN,AGL,CE,Federal Contract Tower,0,10,20,0,30,0,5,28,0,33,0,15,48,0,63,140,0,140,203
01/30/2020,ANE,MN,AGL,CE,Federal Contract Tower,0,1,26,0,27,0,0,4,0,4,0,1,30,0,31,8,0,8,39
01/31/2020,ANE,MN,AGL,CE,Federal Contract Tower,0,2,11,0,13,0,0,0,0,0,0,2,11,0,13,10,0,10,23
02/01/2020,ANE,MN,AGL,CE,Federal Contract Tower,0,2,70,0,72,0,7,108,0,115,0,9,178,0,187,162,0,162,349
02/02/2020,ANE,MN,AGL,CE,Federal Contract Tower,0,0,17,0,17,0,4,54,0,58,0,4,71,0,75,34,0,34,109
02/03/2020,ANE,MN,AGL,CE,Federal Contract Tower,0,1,31,0,32,0,6,42,0,48,0,7,73,0,80,90,0,90,170
02/04/2020,ANE,MN,AGL,CE,Federal Contract Tower,0,9,29,0,38,0,3,69,0,72,0,12,98,0,110,114,0,114,224
02/05/2020,ANE,MN,AGL,CE,Federal Contract Tower,0,6,45,0,51,0,2,86,4,92,0,8,131,4,143,138,2,140,283
02/06/2020,ANE,MN,AGL,CE,Federal Contract Tower,0,4,29,0,33,0,1,81,0,82,0,5,110,0,115,174,0,174,289
02/07/2020,ANE,MN,AGL,CE,Federal Contract Tower,0,4,25,0,29,0,2,24,0,26,0,6,49,0,55,82,0,82,137
02/08/2020,ANE,MN,AGL,CE,Federal Contract Tower,0,4,22,2,28,0,4,75,0,79,0,8,97,2,107,76,0,76,183
02/09/2020,ANE,MN,AGL,CE,Federal Contract Tower,0,3,4,0,7,0,0,7,0,7,0,3,11,0,14,6,0,6,20
02/10/2020,ANE,MN,AGL,CE,Federal Contract Tower,0,5,27,0,32,0,9,34,0,43,0,14,61,0,75,70,0,70,145
02/11/2020,ANE,MN,AGL,CE,Federal Contract Tower,0,9,45,0,54,0,5,49,0,54,0,14,94,0,108,164,0,164,272
02/12/2020,ANE,MN,AGL,CE,Federal Contract Tower,0,7,4,0,11,0,1,8,0,9,0,8,12,0,20,2,0,2,22
02/13/2020,ANE,MN,AGL,CE,Federal Contract Tower,0,4,26,0,30,0,3,28,0,31,0,7,54,0,61,44,0,44,105
02/14/2020,ANE,MN,AGL,CE,Federal Contract Tower,0,6,18,0,24,0,8,15,0,23,0,14,33,0,47,12,0,12,59
02/15/2020,ANE,MN,AGL,CE,Federal Contract Tower,0,1,22,0,23,0,4,49,0,53,0,5,71,0,76,122,0,122,198
02/16/2020,ANE,MN,AGL,CE,Federal Contract Tower,0,1,24,0,25,0,6,69,0,75,0,7,93,0,100,88,0,88,188
02/17/2020,ANE,MN,AGL,CE,Federal Contract Tower,0,5,9,0,14,0,2,9,0,11,0,7,18,0,25,74,0,74,99
02/18/2020,ANE,MN,AGL,CE,Federal Contract Tower,0,8,24,0,32,0,5,40,0,45,0,13,64,0,77,40,0,40,117
02/19/2020,ANE,MN,AGL,CE,Federal Contract Tower,0,3,36,0,39,0,4,36,0,40,0,7,72,0,79,78,0,78,157
02/20/2020,ANE,MN,AGL,CE,Federal Contract Tower,0,2,25,0,27,0,2,52,0,54,0,4,77,0,81,30,0,30,111
02/21/2020,ANE,MN,AGL,CE,Federal Contract Tower,0,2,30,0,32,0,3,47,0,50,0,5,77,0,82,38,0,38,120
02/22/2020,ANE,MN,AGL,CE,Federal Contract Tower,0,3,32,0,35,0,5,106,0,111,0,8,138,0,146,136,0,136,282
02/23/2020,ANE,MN,AGL,CE,Federal Contract Tower,0,1,38,0,39,0,2,63,0,65,0,3,101,0,104,92,0,92,196
02/24/2020,ANE,MN,AGL,CE,Federal Contract Tower,0,5,59,0,64,0,3,71,0,74,0,8,130,0,138,106,0,106,244
02/25/2020,ANE,MN,AGL,CE,Federal Contract Tower,0,11,20,0,31,0,4,21,0,25,0,15,41,0,56,32,0,32,88
02/26/2020,ANE,MN,AGL,CE,Federal Contract Tower,0,6,25,0,31,0,4,43,0,47,0,10,68,0,78,54,0,54,132
02/27/2020,ANE,MN,AGL,CE,Federal Contract Tower,0,4,41,0,45,0,6,61,0,67,0,10,102,0,112,70,0,70,182
02/28/2020,ANE,MN,AGL,CE,Federal Contract Tower,0,4,24,0,28,0,4,66,0,70,0,8,90,0,98,108,0,108,206
02/29/2020,ANE,MN,AGL,CE,Federal Contract Tower,0,7,38,0,45,0,3,74,0,77,0,10,112,0,122,54,0,54,176
03/01/2020,ANE,MN,AGL,CE,Federal Contract Tower,0,1,31,0,32,0,2,93,0,95,0,3,124,0,127,166,0,166,293
03/02/2020,ANE,MN,AGL,CE,Federal Contract Tower,0,3,23,0,26,0,1,39,0,40,0,4,62,0,66,86,0,86,152
03/03/2020,ANE,MN,AGL,CE,Federal Contract Tower,0,9,21,0,30,0,10,27,0,37,0,19,48,0,67,76,0,76,143
03/04/2020,ANE,MN,AGL,CE,Federal Contract Tower,0,8,39,0,47,0,0,68,0,68,0,8,107,0,115,152,0,152,267
03/05/2020,ANE,MN,AGL,CE,Federal Contract Tower,0,11,18,0,29,0,0,15,0,15,0,11,33,0,44,40,0,40,84
03/06/2020,ANE,MN,AGL,CE,Federal Contract Tower,0,2,44,0,46,0,6,106,0,112,0,8,150,0,158,142,0,142,300
03/07/2020,ANE,MN,AGL,CE,Federal Contract Tower,0,6,16,0,22,0,10,78,0,88,0,16,94,0,110,68,0,68,178
03/08/2020,ANE,MN,AGL,CE,Federal Contract Tower,0,1,14,0,15,0,8,50,0,58,0,9,64,0,73,8,0,8,81
03/09/2020,ANE,MN,AGL,CE,Federal Contract Tower,0,3,22,0,25,0,2,28,0,30,0,5,50,0,55,78,0,78,133
03/10/2020,ANE,MN,AGL,CE,Federal Contract Tower,0,9,43,0,52,0,4,72,0,76,0,13,115,0,128,104,2,106,234
03/11/2020,ANE,MN,AGL,CE,Federal Contract Tower,0,8,31,0,39,0,0,36,0,36,0,8,67,0,75,82,0,82,157
03/12/2020,ANE,MN,AGL,CE,Federal Contract Tower,0,6,9,0,15,0,0,2,0,2,0,6,11,0,17,0,0,0,17
03/13/2020,ANE,MN,AGL,CE,Federal Contract Tower,0,4,26,0,30,0,7,50,0,57,0,11,76,0,87,40,6,46,133
03/14/2020,ANE,MN,AGL,CE,Federal Contract Tower,0,7,14,0,21,0,1,78,0,79,0,8,92,0,100,100,0,100,200
03/15/2020,ANE,MN,AGL,CE,Federal Contract Tower,0,5,22,0,27,0,6,79,0,85,0,11,101,0,112,110,0,110,222
03/16/2020,ANE,MN,AGL,CE,Federal Contract Tower,0,3,7,0,10,0,0,2,0,2,0,3,9,0,12,0,0,0,12
03/17/2020,ANE,MN,AGL,CE,Federal Contract Tower,0,3,26,0,29,0,3,81,0,84,0,6,107,0,113,130,0,130,243
03/18/2020,ANE,MN,AGL,CE,Federal Contract Tower,0,7,8,0,15,0,0,0,0,0,0,7,8,0,15,0,0,0,15
03/19/2020,ANE,MN,AGL,CE,Federal Contract Tower,0,3,1,0,4,0,0,0,0,0,0,3,1,0,4,0,0,0,4
03/20/2020,ANE,MN,AGL,CE,Federal Contract Tower,0,2,12,0,14,0,4,34,0,38,0,6,46,0,52,40,0,40,92
03/21/2020,ANE,MN,AGL,CE,Federal Contract Tower,0,5,15,0,20,0,3,85,0,88,0,8,100,0,108,140,0,140,248
03/22/2020,ANE,MN,AGL,CE,Federal Contract Tower,0,2,5,0,7,0,2,8,0,10,0,4,13,0,17,6,0,6,23
03/23/2020,ANE,MN,AGL,CE,Federal Contract Tower,0,7,20,0,27,0,3,34,0,37,0,10,54,0,64,124,0,124,188
03/24/2020,ANE,MN,AGL,CE,Federal Contract Tower,0,2,5,0,7,0,3,18,0,21,0,5,23,0,28,78,0,78,106
03/25/2020,ANE,MN,AGL,CE,Federal Contract Tower,0,6,0,0,6,0,4,0,0,4,0,10,0,0,10,0,0,0,10
03/26/2020,ANE,MN,AGL,CE,Federal Contract Tower,0,7,25,0,32,0,0,77,0,77,0,7,102,0,109,88,0,88,197
03/27/2020,ANE,MN,AGL,CE,Federal Contract Tower,0,7,20,0,27,0,1,104,0,105,0,8,124,0,132,138,0,138,270
03/28/2020,ANE,MN,AGL,CE,Federal Contract Tower,0,4,2,0,6,0,2,14,0,16,0,6,16,0,22,44,0,44,66
03/29/2020,ANE,MN,AGL,CE,Federal Contract Tower,0,0,6,0,6,0,0,9,0,9,0,0,15,0,15,22,0,22,37
03/30/2020,ANE,MN,AGL,CE,Federal Contract Tower,0,9,21,0,30,0,0,97,0,97,0,9,118,0,127,94,0,94,221
03/31/2020,ANE,MN,AGL,CE,Federal Contract Tower,0,9,6,0,15,0,1,56,0,57,0,10,62,0,72,110,0,110,182
04/01/2020,ANE,MN,AGL,CE,Federal Contract Tower,0,5,9,0,14,0,0,39,0,39,0,5,48,0,53,44,0,44,97
04/02/2020,ANE,MN,AGL,CE,Federal Contract Tower,0,4,10,0,14,0,1,26,0,27,0,5,36,0,41,16,0,16,57
04/03/2020,ANE,MN,AGL,CE,Federal Contract Tower,0,3,0,0,3,0,0,0,0,0,0,3,0,0,3,0,0,0,3
04/04/2020,ANE,MN,AGL,CE,Federal Contract Tower,0,1,33,0,34,0,5,101,0,106,0,6,134,0,140,154,0,154,294
04/05/2020,ANE,MN,AGL,CE,Federal Contract Tower,0,0,39,0,39,0,6,115,0,121,0,6,154,0,160,164,0,164,324
04/06/2020,ANE,MN,AGL,CE,Federal Contract Tower,0,4,6,0,10,0,1,27,6,34,0,5,33,6,44,84,2,86,130
04/07/2020,ANE,MN,AGL,CE,Federal Contract Tower,0,2,15,0,17,0,4,38,0,42,0,6,53,0,59,128,0,128,187
04/08/2020,ANE,MN,AGL,CE,Federal Contract Tower,0,5,14,0,19,0,2,47,0,49,0,7,61,0,68,84,0,84,152
04/09/2020,ANE,MN,AGL,CE,Federal Contract Tower,0,5,4,0,9,0,2,8,0,10,0,7,12,0,19,26,0,26,45
04/10/2020,ANE,MN,AGL,CE,Federal Contract Tower,0,6,34,0,40,0,4,108,0,112,0,10,142,0,152,170,0,170,322
04/11/2020,ANE,MN,AGL,CE,Federal Contract Tower,0,3,20,0,23,0,3,109,0,112,0,6,129,0,135,158,0,158,293
04/12/2020,ANE,MN,AGL,CE,Federal Contract Tower,0,2,0,0,2,0,0,0,0,0,0,2,0,0,2,0,0,0,2
04/13/2020,ANE,MN,AGL,CE,Federal Contract Tower,0,3,0,0,3,0,2,11,0,13,0,5,11,0,16,4,0,4,20
04/14/2020,ANE,MN,AGL,CE,Federal Contract Tower,0,5,8,0,13,0,2,13,0,15,0,7,21,0,28,72,0,72,100
04/15/2020,ANE,MN,AGL,CE,Federal Contract Tower,0,6,20,0,26,0,2,55,0,57,0,8,75,0,83,86,0,86,169
04/16/2020,ANE,MN,AGL,CE,Federal Contract Tower,0,4,38,0,42,0,2,75,2,79,0,6,113,2,121,192,0,192,313
04/17/2020,ANE,MN,AGL,CE,Federal Contract Tower,0,3,17,0,20,0,6,63,0,69,0,9,80,0,89,92,0,92,181
04/18/2020,ANE,MN,AGL,CE,Federal Contract Tower,0,1,10,1,12,0,2,31,0,33,0,3,41,1,45,42,2,44,89
04/19/2020,ANE,MN,AGL,CE,Federal Contract Tower,0,0,5,0,5,0,5,62,0,67,0,5,67,0,72,94,0,94,166
04/20/2020,ANE,MN,AGL,CE,Federal Contract Tower,0,4,4,0,8,0,4,13,0,17,0,8,17,0,25,8,0,8,33
04/21/2020,ANE,MN,AGL,CE,Federal Contract Tower,0,2,42,0,44,0,2,79,0,81,0,4,121,0,125,170,0,170,295
04/22/2020,ANE,MN,AGL,CE,Federal Contract Tower,0,5,15,0,20,0,1,64,2,67,0,6,79,2,87,162,0,162,249
04/23/2020,ANE,MN,AGL,CE,Federal Contract Tower,0,10,17,0,27,0,6,82,6,94,0,16,99,6,121,160,0,160,281
04/24/2020,ANE,MN,AGL,CE,Federal Contract Tower,0,4,13,0,17,0,1,57,0,58,0,5,70,0,75,52,0,52,127
04/25/2020,ANE,MN,AGL,CE,Federal Contract Tower,0,4,20,0,24,0,2,91,0,93,0,6,111,0,117,136,0,136,253
04/26/2020,ANE,MN,AGL,CE,Federal Contract Tower,0,0,11,0,11,0,5,58,0,63,0,5,69,0,74,54,0,54,128
04/27/2020,ANE,MN,AGL,CE,Federal Contract Tower,0,5,15,2,22,0,0,70,0,70,0,5,85,2,92,108,0,108,200
04/28/2020,ANE,MN,AGL,CE,Federal Contract Tower,0,2,9,0,11,0,1,7,0,8,0,3,16,0,19,20,0,20,39
04/29/2020,ANE,MN,AGL,CE,Federal Contract Tower,0,3,10,0,13,0,7,16,0,23,0,10,26,0,36,56,0,56,92
04/30/2020,ANE,MN,AGL,CE,Federal Contract Tower,0,9,24,0,33,0,2,109,0,111,0,11,133,0,144,152,0,152,296
05/01/2020,ANE,MN,AGL,CE,Federal Contract Tower,0,4,16,0,20,0,8,39,0,47,0,12,55,0,67,82,0,82,149
05/02/2020,ANE,MN,AGL,CE,Federal Contract Tower,0,2,7,0,9,0,6,51,0,57,0,8,58,0,66,94,0,94,160
05/03/2020,ANE,MN,AGL,CE,Federal Contract Tower,0,0,21,0,21,0,4,60,0,64,0,4,81,0,85,104,0,104,189
05/04/2020,ANE,MN,AGL,CE,Federal Contract Tower,0,4,4,0,8,0,3,56,0,59,0,7,60,0,67,220,0,220,287
05/05/2020,ANE,MN,AGL,CE,Federal Contract Tower,0,2,10,0,12,0,6,38,0,44,0,8,48,0,56,174,0,174,230
05/06/2020,ANE,MN,AGL,CE,Federal Contract Tower,0,4,9,0,13,0,13,48,0,61,0,17,57,0,74,204,0,204,278
05/07/2020,ANE,MN,AGL,CE,Federal Contract Tower,0,5,18,0,23,0,5,90,0,95,0,10,108,0,118,284,0,284,402
05/08/2020,ANE,MN,AGL,CE,Federal Contract Tower,0,7,21,0,28,0,5,81,0,86,0,12,102,0,114,172,0,172,286
05/09/2020,ANE,MN,AGL,CE,Federal Contract Tower,0,3,15,0,18,0,0,59,0,59,0,3,74,0,77,98,0,98,175
05/10/2020,ANE,MN,AGL,CE,Federal Contract Tower,0,0,8,0,8,0,2,14,0,16,0,2,22,0,24,8,0,8,32
05/11/2020,ANE,MN,AGL,CE,Federal Contract Tower,0,5,15,0,20,0,0,59,0,59,0,5,74,0,79,166,0,166,245
05/12/2020,ANE,MN,AGL,CE,Federal Contract Tower,0,4,23,2,29,0,4,98,0,102,0,8,121,2,131,210,10,220,351
05/13/2020,ANE,MN,AGL,CE,Federal Contract Tower,0,5,23,0,28,0,4,27,0,31,0,9,50,0,59,82,0,82,141
05/14/2020,ANE,MN,AGL,CE,Federal Contract Tower,0,11,24,0,35,0,5,55,0,60,0,16,79,0,95,180,0,180,275
05/15/2020,ANE,MN,AGL,CE,Federal Contract Tower,0,4,14,0,18,0,10,95,0,105,0,14,109,0,123,166,0,166,289
05/16/2020,ANE,MN,AGL,CE,Federal Contract Tower,0,4,10,0,14,0,7,44,0,51,0,11,54,0,65,126,0,126,191
05/17/2020,ANE,MN,AGL,CE,Federal Contract Tower,0,0,5,0,5,0,3,0,0,3,0,3,5,0,8,22,0,22,30
05/18/2020,ANE,MN,AGL,CE,Federal Contract Tower,0,3,11,0,14,0,1,28,0,29,0,4,39,0,43,26,0,26,69
05/19/2020,ANE,MN,AGL,CE,Federal Contract Tower,0,6,27,0,33,0,2,83,0,85,0,8,110,0,118,340,0,340,458
05/20/2020,ANE,MN,AGL,CE,Federal Contract Tower,0,2,28,0,30,0,4,84,0,88,0,6,112,0,118,256,0,256,374
05/21/2020,ANE,MN,AGL,CE,Federal Contract Tower,0,6,36,0,42,0,5,83,0,88,0,11,119,0,130,162,0,162,292
05/22/2020,ANE,MN,AGL,CE,Federal Contract Tower,0,3,25,0,28,0,3,83,0,86,0,6,108,0,114,318,0,318,432
05/23/2020,ANE,MN,AGL,CE,Federal Contract Tower,0,5,11,0,16,0,3,10,0,13,0,8,21,0,29,38,0,38,67
05/24/2020,ANE,MN,AGL,CE,Federal Contract Tower,0,2,18,0,20,0,4,22,0,26,0,6,40,0,46,32,0,32,78
05/25/2020,ANE,MN,AGL,CE,Federal Contract Tower,0,3,16,0,19,0,0,56,0,56,0,3,72,0,75,56,0,56,131
05/26/2020,ANE,MN,AGL,CE,Federal Contract Tower,0,4,24,0,28,0,0,35,0,35,0,4,59,0,63,130,0,130,193
05/27/2020,ANE,MN,AGL,CE,Federal Contract Tower,0,2,67,0,69,0,9,102,0,111,0,11,169,0,180,310,0,310,490
05/28/2020,ANE,MN,AGL,CE,Federal Contract Tower,0,5,42,0,47,0,7,61,0,68,0,12,103,0,115,82,0,82,197
05/29/2020,ANE,MN,AGL,CE,Federal Contract Tower,0,7,22,0,29,0,5,57,0,62,0,12,79,0,91,206,0,206,297
05/30/2020,ANE,MN,AGL,CE,Federal Contract Tower,0,3,24,0,27,0,1,118,0,119,0,4,142,0,146,132,0,132,278
05/31/2020,ANE,MN,AGL,CE,Federal Contract Tower,0,2,11,0,13,0,11,85,0,96,0,13,96,0,109,32,0,32,141
06/01/2020,ANE,MN,AGL,CE,Federal Contract Tower,0,4,13,0,17,0,2,26,0,28,0,6,39,0,45,50,0,50,95
06/02/2020,ANE,MN,AGL,CE,Federal Contract Tower,0,4,12,0,16,0,3,61,0,64,0,7,73,0,80,228,0,228,308
06/03/2020,ANE,MN,AGL,CE,Federal Contract Tower,0,6,26,0,32,0,11,86,0,97,0,17,112,0,129,110,0,110,239
06/04/2020,ANE,MN,AGL,CE,Federal Contract Tower,0,3,19,0,22,0,1,62,0,63,0,4,81,0,85,140,0,140,225
06/05/2020,ANE,MN,AGL,CE,Federal Contract Tower,0,7,24,0,31,0,6,80,0,86,0,13,104,0,117,178,4,182,299
06/06/2020,ANE,MN,AGL,CE,Federal Contract Tower,0,6,22,0,28,0,1,104,0,105,0,7,126,0,133,156,0,156,289
06/07/2020,ANE,MN,AGL,CE,Federal Contract Tower,0,1,9,0,10,0,0,35,0,35,0,1,44,0,45,2,0,2,47
06/08/2020,ANE,MN,AGL,CE,Federal Contract Tower,0,6,6,0,12,0,8,21,0,29,0,14,27,0,41,16,0,16,57
06/09/2020,ANE,MN,AGL,CE,Federal Contract Tower,0,2,10,0,12,0,5,32,0,37,0,7,42,0,49,58,0,58,107
06/10/2020,ANE,MN,AGL,CE,Federal Contract Tower,0,4,13,0,17,0,5,7,0,12,0,9,20,0,29,2,0,2,31
06/11/2020,ANE,MN,AGL,CE,Federal Contract Tower,0,8,35,0,43,0,2,77,0,79,0,10,112,0,122,130,0,130,252
06/12/2020,ANE,MN,AGL,CE,Federal Contract Tower,0,4,56,0,60,0,6,150,0,156,0,10,206,0,216,360,0,360,576
06/13/2020,ANE,MN,AGL,CE,Federal Contract Tower,0,1,22,0,23,0,8,95,0,103,0,9,117,0,126,168,0,168,294
06/14/2020,ANE,MN,AGL,CE,Federal Contract Tower,0,2,14,0,16,0,4,23,0,27,0,6,37,0,43,0,0,0,43
06/15/2020,ANE,MN,AGL,CE,Federal Contract Tower,0,6,25,0,31,0,4,49,0,53,0,10,74,0,84,24,0,24,108
06/16/2020,ANE,MN,AGL,CE,Federal Contract Tower,0,7,28,0,35,0,11,57,0,68,0,18,85,0,103,66,0,66,169
06/17/2020,ANE,MN,AGL,CE,Federal Contract Tower,0,8,36,0,44,0,0,75,0,75,0,8,111,0,119,170,0,170,289
06/18/2020,ANE,MN,AGL,CE,Federal Contract Tower,0,6,21,0,27,0,3,52,0,55,0,9,73,0,82,154,0,154,236
06/19/2020,ANE,MN,AGL,CE,Federal Contract Tower,0,8,30,0,38,0,6,141,0,147,0,14,171,0,185,216,0,216,401
06/20/2020,ANE,MN,AGL,CE,Federal Contract Tower,0,1,15,0,16,0,2,106,0,108,0,3,121,0,124,224,0,224,348
06/21/2020,ANE,MN,AGL,CE,Federal Contract Tower,0,3,19,0,22,0,0,47,0,47,0,3,66,0,69,94,0,94,163
06/22/2020,ANE,MN,AGL,CE,Federal Contract Tower,0,10,19,0,29,0,4,88,0,92,0,14,107,0,121,202,0,202,323
06/23/2020,ANE,MN,AGL,CE,Federal Contract Tower,0,10,43,0,53,0,5,76,0,81,0,15,119,0,134,224,0,224,358
06/24/2020,ANE,MN,AGL,CE,Federal Contract Tower,0,14,44,0,58,0,2,150,0,152,0,16,194,0,210,264,0,264,474
06/25/2020,ANE,MN,AGL,CE,Federal Contract Tower,0,9,26,0,35,0,7,131,0,138,0,16,157,0,173,256,0,256,429
06/26/2020,ANE,MN,AGL,CE,Federal Contract Tower,0,7,31,0,38,0,6,57,0,63,0,13,88,0,101,92,0,92,193
06/27/2020,ANE,MN,AGL,CE,Federal Contract Tower,0,5,9,0,14,0,3,119,0,122,0,8,128,0,136,152,0,152,288
06/28/2020,ANE,MN,AGL,CE,Federal Contract Tower,0,2,20,0,22,0,9,67,0,76,0,11,87,0,98,34,0,34,132
06/29/2020,ANE,MN,AGL,CE,Federal Contract Tower,0,7,16,0,23,0,1,31,0,32,0,8,47,0,55,14,0,14,69
06/30/2020,ANE,MN,AGL,CE,Federal Contract Tower,0,12,36,0,48,0,3,41,0,44,0,15,77,0,92,74,0,74,166
07/01/2020,ANE,MN,AGL,CE,Federal Contract Tower,0,6,33,0,39,0,1,65,0,66,0,7,98,0,105,248,0,248,353
07/02/2020,ANE,MN,AGL,CE,Federal Contract Tower,0,10,42,0,52,0,1,94,0,95,0,11,136,0,147,264,0,264,411
07/03/2020,ANE,MN,AGL,CE,Federal Contract Tower,0,7,21,0,28,0,5,97,0,102,0,12,118,0,130,178,0,178,308
07/04/2020,ANE,MN,AGL,CE,Federal Contract Tower,0,2,9,0,11,0,10,58,0,68,0,12,67,0,79,88,0,88,167
07/05/2020,ANE,MN,AGL,CE,Federal Contract Tower,0,2,9,0,11,0,5,67,0,72,0,7,76,0,83,62,0,62,145
07/06/2020,ANE,MN,AGL,CE,Federal Contract Tower,0,7,11,0,18,0,4,50,0,54,0,11,61,0,72,152,0,152,224
07/07/2020,ANE,MN,AGL,CE,Federal Contract Tower,0,8,27,0,35,0,0,91,0,91,0,8,118,0,126,178,0,178,304
07/08/2020,ANE,MN,AGL,CE,Federal Contract Tower,0,6,28,0,34,0,6,57,2,65,0,12,85,2,99,56,16,72,171
07/09/2020,ANE,MN,AGL,CE,Federal Contract Tower,0,8,50,2,60,0,5,55,0,60,0,13,105,2,120,190,0,190,310
07/10/2020,ANE,MN,AGL,CE,Federal Contract Tower,0,8,39,0,47,0,2,115,0,117,0,10,154,0,164,160,0,160,324
07/11/2020,ANE,MN,AGL,CE,Federal Contract Tower,0,5,19,0,24,0,7,82,0,89,0,12,101,0,113,154,0,154,267
07/12/2020,ANE,MN,AGL,CE,Federal Contract Tower,0,1,18,0,19,0,8,90,0,98,0,9,108,0,117,122,0,122,239
07/13/2020,ANE,MN,AGL,CE,Federal Contract Tower,0,5,25,0,30,0,2,83,0,85,0,7,108,0,115,130,0,130,245
07/14/2020,ANE,MN,AGL,CE,Federal Contract Tower,0,8,19,0,27,0,5,38,0,43,0,13,57,0,70,60,0,60,130
07/15/2020,ANE,MN,AGL,CE,Federal Contract Tower,0,7,30,0,37,0,0,132,0,132,0,7,162,0,169,166,0,166,335
07/16/2020,ANE,MN,AGL,CE,Federal Contract Tower,0,9,27,0,36,0,4,105,0,109,0,13,132,0,145,210,0,210,355
07/17/2020,ANE,MN,AGL,CE,Federal Contract Tower,0,5,43,0,48,0,8,108,0,116,0,13,151,0,164,190,0,190,354
07/18/2020,ANE,MN,AGL,CE,Federal Contract Tower,0,5,10,0,15,0,0,73,0,73,0,5,83,0,88,88,0,88,176
07/19/2020,ANE,MN,AGL,CE,Federal Contract Tower,0,7,18,0,25,0,5,46,0,51,0,12,64,0,76,58,0,58,134
07/20/2020,ANE,MN,AGL,CE,Federal Contract Tower,0,9,28,0,37,0,5,99,0,104,0,14,127,0,141,124,0,124,265
07/21/2020,ANE,MN,AGL,CE,Federal Contract Tower,0,10,40,0,50,0,4,28,0,32,0,14,68,0,82,100,0,100,182
07/22/2020,ANE,MN,AGL,CE,Federal Contract Tower,0,5,34,0,39,0,7,79,0,86,0,12,113,0,125,174,0,174,299
07/23/2020,ANE,MN,AGL,CE,Federal Contract Tower,0,7,40,0,47,0,5,111,2,118,0,12,151,2,165,212,10,222,387
07/24/2020,ANE,MN,AGL,CE,Federal Contract Tower,0,8,42,0,50,0,12,73,0,85,0,20,115,0,135,132,0,132,267
07/25/2020,ANE,MN,AGL,CE,Federal Contract Tower,0,2,6,0,8,0,2,41,0,43,0,4,47,0,51,66,0,66,117
07/26/2020,ANE,MN,AGL,CE,Federal Contract Tower,0,7,13,0,20,0,4,19,0,23,0,11,32,0,43,108,0,108,151
07/27/2020,ANE,MN,AGL,CE,Federal Contract Tower,0,7,19,0,26,0,4,85,0,89,0,11,104,0,115,186,0,186,301
07/28/2020,ANE,MN,AGL,CE,Federal Contract Tower,0,11,34,0,45,0,2,112,0,114,0,13,146,0,159,214,0,214,373
07/29/2020,ANE,MN,AGL,CE,Federal Contract Tower,0,12,27,0,39,0,4,148,0,152,0,16,175,0,191,312,0,312,503
07/30/2020,ANE,MN,AGL,CE,Federal Contract Tower,0,11,30,0,41,0,3,111,0,114,0,14,141,0,155,250,0,250,405
07/31/2020,ANE,MN,AGL,CE,Federal Contract Tower,0,4,25,0,29,0,5,103,0,108,0,9,128,0,137,168,0,168,305
08/01/2020,ANE,MN,AGL,CE,Federal Contract Tower,0,2,10,0,12,0,8,76,0,84,0,10,86,0,96,124,0,124,220
08/02/2020,ANE,MN,AGL,CE,Federal Contract Tower,0,2,22,0,24,0,2,61,0,63,0,4,83,0,87,98,0,98,185
08/03/2020,ANE,MN,AGL,CE,Federal Contract Tower,0,5,28,0,33,0,2,93,0,95,0,7,121,0,128,260,0,260,388
08/04/2020,ANE,MN,AGL,CE,Federal Contract Tower,0,8,34,0,42,0,11,159,0,170,0,19,193,0,212,256,0,256,468
08/05/2020,ANE,MN,AGL,CE,Federal Contract Tower,0,7,31,0,38,0,3,111,0,114,0,10,142,0,152,200,0,200,352
08/06/2020,ANE,MN,AGL,CE,Federal Contract Tower,0,6,32,1,39,0,2,119,0,121,0,8,151,1,160,140,0,140,300
08/08/2020,ANE,MN,AGL,CE,Federal Contract Tower,0,5,35,0,40,0,6,42,0,48,0,11,77,0,88,140,0,140,228
08/09/2020,ANE,MN,AGL,CE,Federal Contract Tower,0,2,19,0,21,0,5,28,0,33,0,7,47,0,54,112,0,112,166
08/10/2020,ANE,MN,AGL,CE,Federal Contract Tower,0,9,33,0,42,0,3,111,0,114,0,12,144,0,156,276,0,276,432
08/11/2020,ANE,MN,AGL,CE,Federal Contract Tower,0,6,13,0,19,0,5,116,0,121,0,11,129,0,140,200,0,200,340
08/12/2020,ANE,MN,AGL,CE,Federal Contract Tower,0,3,15,0,18,0,0,29,0,29,0,3,44,0,47,50,0,50,97
08/13/2020,ANE,MN,AGL,CE,Federal Contract Tower,0,3,30,0,33,0,5,58,0,63,0,8,88,0,96,134,0,134,230
08/14/2020,ANE,MN,AGL,CE,Federal Contract Tower,0,6,9,0,15,0,7,12,0,19,0,13,21,0,34,34,0,34,68
08/15/2020,ANE,MN,AGL,CE,Federal Contract Tower,0,4,21,3,28,0,13,151,0,164,0,17,172,3,192,172,0,172,364
08/16/2020,ANE,MN,AGL,CE,Federal Contract Tower,0,1,23,0,24,0,9,89,0,98,0,10,112,0,122,58,0,58,180
08/17/2020,ANE,MN,AGL,CE,Federal Contract Tower,0,7,28,0,35,0,6,47,0,53,0,13,75,0,88,118,0,118,206
08/18/2020,ANE,MN,AGL,CE,Federal Contract Tower,0,6,28,0,34,0,9,146,0,155,0,15,174,0,189,216,0,216,405
08/19/2020,ANE,MN,AGL,CE,Federal Contract Tower,0,4,21,0,25,0,7,89,0,96,0,11,110,0,121,138,0,138,259
08/20/2020,ANE,MN,AGL,CE,Federal Contract Tower,0,9,29,0,38,0,1,99,0,100,0,10,128,0,138,210,0,210,348
08/21/2020,ANE,MN,AGL,CE,Federal Contract Tower,0,5,27,0,32,0,1,107,0,108,0,6,134,0,140,160,0,160,300
08/22/2020,ANE,MN,AGL,CE,Federal Contract Tower,0,3,20,0,23,0,4,83,0,87,0,7,103,0,110,172,0,172,282
08/23/2020,ANE,MN,AGL,CE,Federal Contract Tower,0,6,18,0,24,0,3,102,0,105,0,9,120,0,129,184,0,184,313
08/24/2020,ANE,MN,AGL,CE,Federal Contract Tower,0,7,15,0,22,0,2,50,0,52,0,9,65,0,74,134,0,134,208
08/25/2020,ANE,MN,AGL,CE,Federal Contract Tower,0,10,13,0,23,0,5,99,0,104,0,15,112,0,127,308,0,308,435
08/26/2020,ANE,MN,AGL,CE,Federal Contract Tower,0,11,25,0,36,0,4,78,0,82,0,15,103,0,118,164,0,164,282
08/27/2020,ANE,MN,AGL,CE,Federal Contract Tower,0,6,30,0,36,0,0,85,0,85,0,6,115,0,121,230,0,230,351
08/28/2020,ANE,MN,AGL,CE,Federal Contract Tower,0,6,27,0,33,0,2,54,0,56,0,8,81,0,89,96,0,96,185
08/29/2020,ANE,MN,AGL,CE,Federal Contract Tower,0,7,35,0,42,0,6,121,0,127,0,13,156,0,169,56,0,56,225
08/30/2020,ANE,MN,AGL,CE,Federal Contract Tower,0,4,23,0,27,0,4,88,0,92,0,8,111,0,119,58,0,58,177
08/31/2020,ANE,MN,AGL,CE,Federal Contract Tower,0,6,29,0,35,0,6,63,0,69,0,12,92,0,104,140,0,140,244
09/01/2020,ANE,MN,AGL,CE,Federal Contract Tower,0,12,41,2,55,0,2,87,0,89,0,14,128,2,144,196,0,196,340
09/02/2020,ANE,MN,AGL,CE,Federal Contract Tower,0,6,53,0,59,0,9,115,0,124,0,15,168,0,183,220,0,220,403
09/03/2020,ANE,MN,AGL,CE,Federal Contract Tower,0,11,20,0,31,0,1,28,0,29,0,12,48,0,60,22,0,22,82
09/04/2020,ANE,MN,AGL,CE,Federal Contract Tower,0,7,35,0,42,0,3,96,0,99,0,10,131,0,141,126,0,126,267
09/05/2020,ANE,MN,AGL,CE,Federal Contract Tower,0,6,14,0,20,0,5,109,0,114,0,11,123,0,134,130,0,130,264
09/06/2020,ANE,MN,AGL,CE,Federal Contract Tower,0,2,3,0,5,0,9,25,0,34,0,11,28,0,39,14,0,14,53
09/07/2020,ANE,MN,AGL,CE,Federal Contract Tower,0,3,30,0,33,0,0,47,0,47,0,3,77,0,80,58,0,58,138
09/08/2020,ANE,MN,AGL,CE,Federal Contract Tower,0,5,31,0,36,0,6,92,0,98,0,11,123,0,134,246,0,246,380
09/09/2020,ANE,MN,AGL,CE,Federal Contract Tower,0,6,39,0,45,0,2,42,0,44,0,8,81,0,89,62,0,62,151
09/10/2020,ANE,MN,AGL,CE,Federal Contract Tower,0,5,47,0,52,0,8,66,0,74,0,13,113,0,126,54,0,54,180
09/11/2020,ANE,MN,AGL,CE,Federal Contract Tower,0,9,37,0,46,0,2,80,0,82,0,11,117,0,128,116,0,116,244
09/12/2020,ANE,MN,AGL,CE,Federal Contract Tower,0,3,36,0,39,0,3,13,0,16,0,6,49,0,55,56,0,56,111
09/13/2020,ANE,MN,AGL,CE,Federal Contract Tower,0,7,13,0,20,0,8,87,0,95,0,15,100,0,115,116,0,116,231
09/14/2020,ANE,MN,AGL,CE,Federal Contract Tower,0,13,28,0,41,0,0,95,0,95,0,13,123,0,136,216,0,216,352
09/15/2020,ANE,MN,AGL,CE,Federal Contract Tower,0,5,19,0,24,0,4,39,0,43,0,9,58,0,67,122,0,122,189
09/16/2020,ANE,MN,AGL,CE,Federal Contract Tower,0,10,32,0,42,0,2,76,0,78,0,12,108,0,120,160,0,160,280
09/17/2020,ANE,MN,AGL,CE,Federal Contract Tower,0,8,25,0,33,0,2,128,0,130,0,10,153,0,163,162,0,162,325
09/18/2020,ANE,MN,AGL,CE,Federal Contract Tower,0,11,40,0,51,0,4,111,0,115,0,15,151,0,166,264,0,264,430
09/19/2020,ANE,MN,AGL,CE,Federal Contract Tower,0,3,23,0,26,0,11,102,0,113,0,14,125,0,139,152,0,152,291
09/20/2020,ANE,MN,AGL,CE,Federal Contract Tower,0,4,16,0,20,0,6,29,0,35,0,10,45,0,55,78,0,78,133
09/21/2020,ANE,MN,AGL,CE,Federal Contract Tower,0,9,42,0,51,0,0,63,0,63,0,9,105,0,114,112,0,112,226
09/22/2020,ANE,MN,AGL,CE,Federal Contract Tower,0,6,42,0,48,0,2,111,0,113,0,8,153,0,161,152,0,152,313
09/23/2020,ANE,MN,AGL,CE,Federal Contract Tower,0,7,26,0,33,0,7,68,0,75,0,14,94,0,108,130,0,130,238
09/24/2020,ANE,MN,AGL,CE,Federal Contract Tower,0,14,32,0,46,0,7,59,0,66,0,21,91,0,112,126,0,126,238
09/25/2020,ANE,MN,AGL,CE,Federal Contract Tower,0,14,35,0,49,0,15,86,0,101,0,29,121,0,150,138,0,138,288
09/26/2020,ANE,MN,AGL,CE,Federal Contract Tower,0,2,27,0,29,0,5,59,0,64,0,7,86,0,93,94,0,94,187
09/27/2020,ANE,MN,AGL,CE,Federal Contract Tower,0,2,15,0,17,0,0,51,0,51,0,2,66,0,68,54,0,54,122
09/28/2020,ANE,MN,AGL,CE,Federal Contract Tower,0,5,24,0,29,0,9,43,0,52,0,14,67,0,81,38,0,38,119
09/29/2020,ANE,MN,AGL,CE,Federal Contract Tower,0,11,29,0,40,0,3,88,0,91,0,14,117,0,131,222,0,222,353
09/30/2020,ANE,MN,AGL,CE,Federal Contract Tower,0,11,11,0,22,0,2,6,0,8,0,13,17,0,30,8,0,8,38
10/01/2020,ANE,MN,AGL,CE,Federal Contract Tower,0,9,32,0,41,0,0,34,0,34,0,9,66,0,75,116,0,116,191
10/02/2020,ANE,MN,AGL,CE,Federal Contract Tower,0,8,23,0,31,0,7,114,0,121,0,15,137,0,152,120,0,120,272
10/03/2020,ANE,MN,AGL,CE,Federal Contract Tower,0,2,20,0,22,0,3,71,0,74,0,5,91,0,96,62,0,62,158
10/04/2020,ANE,MN,AGL,CE,Federal Contract Tower,0,10,32,0,42,0,5,87,0,92,0,15,119,0,134,58,0,58,192
10/05/2020,ANE,MN,AGL,CE,Federal Contract Tower,0,4,13,0,17,0,7,12,0,19,0,11,25,0,36,6,0,6,42
10/06/2020,ANE,MN,AGL,CE,Federal Contract Tower,0,10,22,0,32,0,3,40,0,43,0,13,62,0,75,62,0,62,137
10/07/2020,ANE,MN,AGL,CE,Federal Contract Tower,0,11,51,0,62,0,2,92,0,94,0,13,143,0,156,74,0,74,230
10/08/2020,ANE,MN,AGL,CE,Federal Contract Tower,0,5,29,0,34,0,7,114,0,121,0,12,143,0,155,144,0,144,299
10/09/2020,ANE,MN,AGL,CE,Federal Contract Tower,0,7,20,0,27,0,7,85,0,92,0,14,105,0,119,158,0,158,277
10/10/2020,ANE,MN,AGL,CE,Federal Contract Tower,0,8,16,0,24,0,4,170,0,174,0,12,186,0,198,118,0,118,316
10/11/2020,ANE,MN,AGL,CE,Federal Contract Tower,0,4,13,0,17,0,0,25,0,25,0,4,38,0,42,14,0,14,56
10/12/2020,ANE,MN,AGL,CE,Federal Contract Tower,0,10,27,0,37,0,3,49,0,52,0,13,76,0,89,88,0,88,177
10/13/2020,ANE,MN,AGL,CE,Federal Contract Tower,0,4,26,0,30,0,3,41,0,44,0,7,67,0,74,64,0,64,138
10/14/2020,ANE,MN,AGL,CE,Federal Contract Tower,0,11,26,0,37,0,12,12,0,24,0,23,38,0,61,20,0,20,81
10/15/2020,ANE,MN,AGL,CE,Federal Contract Tower,0,6,15,3,24,0,2,76,0,78,0,8,91,3,102,106,0,106,208
10/16/2020,ANE,MN,AGL,CE,Federal Contract Tower,0,5,27,0,32,0,0,18,0,18,0,5,45,0,50,32,0,32,82
10/17/2020,ANE,MN,AGL,CE,Federal Contract Tower,0,5,17,0,22,0,0,56,0,56,0,5,73,0,78,88,0,88,166
10/18/2020,ANE,MN,AGL,CE,Federal Contract Tower,0,8,40,0,48,0,3,72,0,75,0,11,112,0,123,100,0,100,223
10/19/2020,ANE,MN,AGL,CE,Federal Contract Tower,0,4,5,0,9,0,0,6,0,6,0,4,11,0,15,58,0,58,73
10/20/2020,ANE,MN,AGL,CE,Federal Contract Tower,0,10,8,0,18,0,4,17,0,21,0,14,25,0,39,52,0,52,91
10/21/2020,ANE,MN,AGL,CE,Federal Contract Tower,0,5,47,0,52,0,2,43,0,45,0,7,90,0,97,122,0,122,219
10/22/2020,ANE,MN,AGL,CE,Federal Contract Tower,0,6,20,0,26,0,0,5,0,5,0,6,25,0,31,12,0,12,43
10/23/2020,ANE,MN,AGL,CE,Federal Contract Tower,0,4,11,0,15,0,1,16,0,17,0,5,27,0,32,54,0,54,86
10/24/2020,ANE,MN,AGL,CE,Federal Contract Tower,0,2,30,0,32,0,0,104,0,104,0,2,134,0,136,156,0,156,292
10/25/2020,ANE,MN,AGL,CE,Federal Contract Tower,0,2,7,0,9,0,0,0,0,0,0,2,7,0,9,0,0,0,9
10/26/2020,ANE,MN,AGL,CE,Federal Contract Tower,0,10,15,0,25,0,5,57,0,62,0,15,72,0,87,142,0,142,229
10/27/2020,ANE,MN,AGL,CE,Federal Contract Tower,0,12,18,0,30,0,3,62,0,65,0,15,80,0,95,68,0,68,163
10/28/2020,ANE,MN,AGL,CE,Federal Contract Tower,0,3,29,2,34,0,0,72,0,72,0,3,101,2,106,158,0,158,264
10/29/2020,ANE,MN,AGL,CE,Federal Contract Tower,0,7,28,0,35,0,3,93,0,96,0,10,121,0,131,176,6,182,313
10/30/2020,ANE,MN,AGL,CE,Federal Contract Tower,0,3,29,0,32,0,4,81,0,85,0,7,110,0,117,170,0,170,287
10/31/2020,ANE,MN,AGL,CE,Federal Contract Tower,0,7,13,0,20,0,12,37,0,49,0,19,50,0,69,20,0,20,89
11/01/2020,ANE,MN,AGL,CE,Federal Contract Tower,0,1,14,0,15,0,4,29,0,33,0,5,43,0,48,40,0,40,88
11/02/2020,ANE,MN,AGL,CE,Federal Contract Tower,0,3,17,0,20,0,6,65,0,71,0,9,82,0,91,168,0,168,259
11/03/2020,ANE,MN,AGL,CE,Federal Contract Tower,0,6,37,0,43,0,6,75,4,85,0,12,112,4,128,166,0,166,294
11/04/2020,ANE,MN,AGL,CE,Federal Contract Tower,0,60,27,0,87,0,7,61,0,68,0,67,88,0,155,80,14,94,249
11/05/2020,ANE,MN,AGL,CE,Federal Contract Tower,0,4,34,0,38,0,3,81,0,84,0,7,115,0,122,176,0,176,298
11/06/2020,ANE,MN,AGL,CE,Federal Contract Tower,0,3,31,0,34,0,6,66,0,72,0,9,97,0,106,106,24,130,236
11/07/2020,ANE,MN,AGL,CE,Federal Contract Tower,0,8,5,0,13,0,5,59,0,64,0,13,64,0,77,64,0,64,141
11/08/2020,ANE,MN,AGL,CE,Federal Contract Tower,0,5,5,0,10,0,0,19,0,19,0,5,24,0,29,14,0,14,43
11/09/2020,ANE,MN,AGL,CE,Federal Contract Tower,0,3,11,0,14,0,0,0,0,0,0,3,11,0,14,0,0,0,14
11/10/2020,ANE,MN,AGL,CE,Federal Contract Tower,0,2,8,0,10,0,10,0,0,10,0,12,8,0,20,10,0,10,30
11/11/2020,ANE,MN,AGL,CE,Federal Contract Tower,0,15,28,0,43,0,3,77,0,80,0,18,105,0,123,186,0,186,309
11/12/2020,ANE,MN,AGL,CE,Federal Contract Tower,0,7,14,0,21,0,2,24,0,26,0,9,38,0,47,86,0,86,133
11/13/2020,ANE,MN,AGL,CE,Federal Contract Tower,0,6,31,0,37,0,4,63,0,67,0,10,94,0,104,110,0,110,214
11/14/2020,ANE,MN,AGL,CE,Federal Contract Tower,0,9,5,0,14,0,0,26,0,26,0,9,31,0,40,6,0,6,46
11/15/2020,ANE,MN,AGL,CE,Federal Contract Tower,0,2,9,0,11,0,3,2,0,5,0,5,11,0,16,4,0,4,20
11/16/2020,ANE,MN,AGL,CE,Federal Contract Tower,0,5,17,0,22,0,0,34,0,34,0,5,51,0,56,92,0,92,148
11/17/2020,ANE,MN,AGL,CE,Federal Contract Tower,0,2,38,0,40,0,5,73,2,80,0,7,111,2,120,94,0,94,214
11/18/2020,ANE,MN,AGL,CE,Federal Contract Tower,0,6,24,0,30,0,4,25,0,29,0,10,49,0,59,10,0,10,69
11/19/2020,ANE,MN,AGL,CE,Federal Contract Tower,0,7,43,0,50,0,0,119,0,119,0,7,162,0,169,172,0,172,341
11/20/2020,ANE,MN,AGL,CE,Federal Contract Tower,0,6,33,0,39,0,6,54,0,60,0,12,87,0,99,86,0,86,185
11/21/2020,ANE,MN,AGL,CE,Federal Contract Tower,0,2,33,0,35,0,2,117,0,119,0,4,150,0,154,216,0,216,370
11/22/2020,ANE,MN,AGL,CE,Federal Contract Tower,0,5,22,0,27,0,10,10,0,20,0,15,32,0,47,52,0,52,99
11/23/2020,ANE,MN,AGL,CE,Federal Contract Tower,0,4,28,0,32,0,1,77,0,78,0,5,105,0,110,194,0,194,304
11/24/2020,ANE,MN,AGL,CE,Federal Contract Tower,0,14,9,0,23,0,0,0,0,0,0,14,9,0,23,0,0,0,23
11/25/2020,ANE,MN,AGL,CE,Federal Contract Tower,0,9,13,0,22,0,0,5,0,5,0,9,18,0,27,4,0,4,31
11/26/2020,ANE,MN,AGL,CE,Federal Contract Tower,0,0,3,0,3,0,8,5,0,13,0,8,8,0,16,0,0,0,16
11/27/2020,ANE,MN,AGL,CE,Federal Contract Tower,0,3,28,0,31,0,3,112,0,115,0,6,140,0,146,190,0,190,336
11/28/2020,ANE,MN,AGL,CE,Federal Contract Tower,0,3,39,0,42,0,4,157,0,161,0,7,196,0,203,160,0,160,363
11/29/2020,ANE,MN,AGL,CE,Federal Contract Tower,0,7,8,0,15,0,3,17,0,20,0,10,25,0,35,12,0,12,47
11/30/2020,ANE,MN,AGL,CE,Federal Contract Tower,0,9,18,0,27,0,4,71,0,75,0,13,89,0,102,134,0,134,236
12/01/2020,ANE,MN,AGL,CE,Federal Contract Tower,0,5,19,0,24,0,2,71,0,73,0,7,90,0,97,76,0,76,173
12/02/2020,ANE,MN,AGL,CE,Federal Contract Tower,0,11,39,0,50,0,4,72,0,76,0,15,111,0,126,140,0,140,266
12/03/2020,ANE,MN,AGL,CE,Federal Contract Tower,0,12,28,0,40,0,7,70,0,77,0,19,98,0,117,86,0,86,203
12/04/2020,ANE,MN,AGL,CE,Federal Contract Tower,0,12,27,0,39,0,1,105,0,106,0,13,132,0,145,190,0,190,335
12/05/2020,ANE,MN,AGL,CE,Federal Contract Tower,0,4,18,0,22,0,5,115,0,120,0,9,133,0,142,186,0,186,328
12/06/2020,ANE,MN,AGL,CE,Federal Contract Tower,0,5,16,0,21,0,1,19,0,20,0,6,35,0,41,86,0,86,127
12/07/2020,ANE,MN,AGL,CE,Federal Contract Tower,0,5,10,0,15,0,0,1,0,1,0,5,11,0,16,0,0,0,16
12/08/2020,ANE,MN,AGL,CE,Federal Contract Tower,0,5,25,0,30,0,3,32,0,35,0,8,57,0,65,44,8,52,117
12/09/2020,ANE,MN,AGL,CE,Federal Contract Tower,0,5,32,0,37,0,6,137,0,143,0,11,169,0,180,250,0,250,430
12/10/2020,ANE,MN,AGL,CE,Federal Contract Tower,0,5,29,1,35,0,2,82,0,84,0,7,111,1,119,150,2,152,271
12/11/2020,ANE,MN,AGL,CE,Federal Contract Tower,0,9,24,0,33,0,4,70,0,74,0,13,94,0,107,106,0,106,213
12/12/2020,ANE,MN,AGL,CE,Federal Contract Tower,0,3,17,0,20,0,3,30,0,33,0,6,47,0,53,100,0,100,153
12/13/2020,ANE,MN,AGL,CE,Federal Contract Tower,0,4,7,0,11,0,2,8,0,10,0,6,15,0,21,20,0,20,41
12/14/2020,ANE,MN,AGL,CE,Federal Contract Tower,0,7,22,0,29,0,4,49,0,53,0,11,71,0,82,44,0,44,126
12/15/2020,ANE,MN,AGL,CE,Federal Contract Tower,0,8,21,0,29,0,3,41,2,46,0,11,62,2,75,114,0,114,189
12/16/2020,ANE,MN,AGL,CE,Federal Contract Tower,0,7,43,2,52,0,0,71,2,73,0,7,114,4,125,152,4,156,281
12/17/2020,ANE,MN,AGL,CE,Federal Contract Tower,0,11,43,1,55,0,0,41,2,43,0,11,84,3,98,96,18,114,212
12/18/2020,ANE,MN,AGL,CE,Federal Contract Tower,0,9,16,0,25,0,0,25,0,25,0,9,41,0,50,50,0,50,100
12/19/2020,ANE,MN,AGL,CE,Federal Contract Tower,0,7,9,0,16,0,0,16,0,16,0,7,25,0,32,132,0,132,164
12/20/2020,ANE,MN,AGL,CE,Federal Contract Tower,0,1,20,0,21,0,2,125,0,127,0,3,145,0,148,104,0,104,252
12/21/2020,ANE,MN,AGL,CE,Federal Contract Tower,0,5,10,0,15,0,3,3,0,6,0,8,13,0,21,0,0,0,21
12/22/2020,ANE,MN,AGL,CE,Federal Contract Tower,0,9,37,0,46,0,0,71,4,75,0,9,108,4,121,108,0,108,229
12/23/2020,ANE,MN,AGL,CE,Federal Contract Tower,0,1,5,0,6,0,0,0,0,0,0,1,5,0,6,2,0,2,8
12/24/2020,ANE,MN,AGL,CE,Federal Contract Tower,0,7,5,0,12,0,5,2,0,7,0,12,7,0,19,0,0,0,19
12/25/2020,ANE,MN,AGL,CE,Federal Contract Tower,0,2,5,0,7,0,5,22,0,27,0,7,27,0,34,0,0,0,34
12/26/2020,ANE,MN,AGL,CE,Federal Contract Tower,0,3,11,0,14,0,0,2,0,2,0,3,13,0,16,12,0,12,28
12/27/2020,ANE,MN,AGL,CE,Federal Contract Tower,0,2,8,0,10,0,0,0,0,0,0,2,8,0,10,0,0,0,10
12/28/2020,ANE,MN,AGL,CE,Federal Contract Tower,0,7,15,0,22,0,5,53,0,58,0,12,68,0,80,138,0,138,218
12/29/2020,ANE,MN,AGL,CE,Federal Contract Tower,0,5,12,0,17,0,0,22,2,24,0,5,34,2,41,10,2,12,53
12/30/2020,ANE,MN,AGL,CE,Federal Contract Tower,0,5,5,0,10,0,4,8,0,12,0,9,13,0,22,8,0,8,30
12/31/2020,ANE,MN,AGL,CE,Federal Contract Tower,0,6,19,0,25,0,2,11,0,13,0,8,30,0,38,78,0,78,116
01/01/2021,ANE,MN,AGL,CE,Federal Contract Tower,0,3,6,0,9,0,0,40,0,40,0,3,46,0,49,210,0,210,259
01/02/2021,ANE,MN,AGL,CE,Federal Contract Tower,0,6,17,0,23,0,3,13,0,16,0,9,30,0,39,34,0,34,73
01/03/2021,ANE,MN,AGL,CE,Federal Contract Tower,0,1,40,0,41,0,0,102,0,102,0,1,142,0,143,150,0,150,293
01/04/2021,ANE,MN,AGL,CE,Federal Contract Tower,0,8,17,0,25,0,2,44,0,46,0,10,61,0,71,82,0,82,153
01/05/2021,ANE,MN,AGL,CE,Federal Contract Tower,0,14,21,0,35,0,0,67,0,67,0,14,88,0,102,84,10,94,196
01/06/2021,ANE,MN,AGL,CE,Federal Contract Tower,0,7,22,0,29,0,0,40,4,44,0,7,62,4,73,72,4,76,149
01/07/2021,ANE,MN,AGL,CE,Federal Contract Tower,0,8,3,0,11,0,0,0,0,0,0,8,3,0,11,0,0,0,11
01/08/2021,ANE,MN,AGL,CE,Federal Contract Tower,0,3,10,0,13,0,0,0,0,0,0,3,10,0,13,0,0,0,13
01/09/2021,ANE,MN,AGL,CE,Federal Contract Tower,0,6,4,0,10,0,0,0,0,0,0,6,4,0,10,0,0,0,10
01/10/2021,ANE,MN,AGL,CE,Federal Contract Tower,0,3,14,0,17,0,1,1,0,2,0,4,15,0,19,10,0,10,29
01/11/2021,ANE,MN,AGL,CE,Federal Contract Tower,0,3,27,0,30,0,3,75,0,78,0,6,102,0,108,84,0,84,192
01/12/2021,ANE,MN,AGL,CE,Federal Contract Tower,0,8,25,0,33,0,1,57,0,58,0,9,82,0,91,158,4,162,253
01/13/2021,ANE,MN,AGL,CE,Federal Contract Tower,0,7,40,0,47,0,1,106,0,107,0,8,146,0,154,256,2,258,412
01/14/2021,ANE,MN,AGL,CE,Federal Contract Tower,0,4,5,0,9,0,0,0,0,0,0,4,5,0,9,0,0,0,9
01/15/2021,ANE,MN,AGL,CE,Federal Contract Tower,0,4,3,0,7,0,0,0,0,0,0,4,3,0,7,0,0,0,7
01/16/2021,ANE,MN,AGL,CE,Federal Contract Tower,0,2,7,0,9,0,2,7,0,9,0,4,14,0,18,16,0,16,34
01/17/2021,ANE,MN,AGL,CE,Federal Contract Tower,0,1,12,0,13,0,0,2,0,2,0,1,14,0,15,24,0,24,39
01/18/2021,ANE,MN,AGL,CE,Federal Contract Tower,0,7,11,0,18,0,4,53,0,57,0,11,64,0,75,94,0,94,169
01/19/2021,ANE,MN,AGL,CE,Federal Contract Tower,0,4,29,0,33,0,4,31,2,37,0,8,60,2,70,24,0,24,94
01/20/2021,ANE,MN,AGL,CE,Federal Contract Tower,0,5,37,0,42,0,4,55,2,61,0,9,92,2,103,74,0,74,177
01/21/2021,ANE,MN,AGL,CE,Federal Contract Tower,0,6,34,0,40,0,2,43,0,45,0,8,77,0,85,126,12,138,223
01/22/2021,ANE,MN,AGL,CE,Federal Contract Tower,0,3,30,0,33,0,2,111,0,113,0,5,141,0,146,126,0,126,272
01/23/2021,ANE,MN,AGL,CE,Federal Contract Tower,0,3,3,0,6,0,0,25,0,25,0,3,28,0,31,78,0,78,109
01/24/2021,ANE,MN,AGL,CE,Federal Contract Tower,0,0,22,0,22,0,2,51,0,53,0,2,73,0,75,98,0,98,173
01/25/2021,ANE,MN,AGL,CE,Federal Contract Tower,0,5,20,0,25,0,0,45,2,47,0,5,65,2,72,128,0,128,200
01/26/2021,ANE,MN,AGL,CE,Federal Contract Tower,0,8,30,4,42,0,2,67,0,69,0,10,97,4,111,168,0,168,279
01/27/2021,ANE,MN,AGL,CE,Federal Contract Tower,0,5,30,0,35,0,2,69,2,73,0,7,99,2,108,112,6,118,226
01/28/2021,ANE,MN,AGL,CE,Federal Contract Tower,0,7,32,0,39,0,0,59,0,59,0,7,91,0,98,106,0,106,204
01/29/2021,ANE,MN,AGL,CE,Federal Contract Tower,0,8,6,0,14,0,0,17,0,17,0,8,23,0,31,44,0,44,75
01/30/2021,ANE,MN,AGL,CE,Federal Contract Tower,0,1,11,0,12,0,0,24,0,24,0,1,35,0,36,76,0,76,112
01/31/2021,ANE,MN,AGL,CE,Federal Contract Tower,0,7,12,0,19,0,6,19,0,25,0,13,31,0,44,24,0,24,68
02/01/2021,ANE,MN,AGL,CE,Federal Contract Tower,0,4,17,0,21,0,2,35,0,37,0,6,52,0,58,138,0,138,196
02/02/2021,ANE,MN,AGL,CE,Federal Contract Tower,0,10,17,0,27,0,0,11,0,11,0,10,28,0,38,22,0,22,60
02/03/2021,ANE,MN,AGL,CE,Federal Contract Tower,0,10,12,4,26,0,0,66,0,66,0,10,78,4,92,128,6,134,226
02/04/2021,ANE,MN,AGL,CE,Federal Contract Tower,0,2,9,0,11,0,0,0,0,0,0,2,9,0,11,0,0,0,11
02/05/2021,ANE,MN,AGL,CE,Federal Contract Tower,0,6,34,0,40,0,4,19,2,25,0,10,53,2,65,16,12,28,93
02/06/2021,ANE,MN,AGL,CE,Federal Contract Tower,0,5,14,0,19,0,2,15,0,17,0,7,29,0,36,6,0,6,42
02/07/2021,ANE,MN,AGL,CE,Federal Contract Tower,0,1,8,0,9,0,0,21,0,21,0,1,29,0,30,30,0,30,60
02/08/2021,ANE,MN,AGL,CE,Federal Contract Tower,0,4,18,0,22,0,7,32,0,39,0,11,50,0,61,34,0,34,95
02/09/2021,ANE,MN,AGL,CE,Federal Contract Tower,0,8,33,0,41,0,4,51,0,55,0,12,84,0,96,86,2,88,184
02/10/2021,ANE,MN,AGL,CE,Federal Contract Tower,0,4,27,0,31,0,1,46,0,47,0,5,73,0,78,82,0,82,160
02/11/2021,ANE,MN,AGL,CE,Federal Contract Tower,0,8,6,4,18,0,2,10,0,12,0,10,16,4,30,68,0,68,98
02/12/2021,ANE,MN,AGL,CE,Federal Contract Tower,0,4,22,0,26,0,5,29,0,34,0,9,51,0,60,82,0,82,142
02/13/2021,ANE,MN,AGL,CE,Federal Contract Tower,0,3,11,0,14,0,2,15,0,17,0,5,26,0,31,20,0,20,51
02/14/2021,ANE,MN,AGL,CE,Federal Contract Tower,0,4,4,0,8,0,2,2,0,4,0,6,6,0,12,0,0,0,12
02/15/2021,ANE,MN,AGL,CE,Federal Contract Tower,0,1,11,0,12,0,5,10,0,15,0,6,21,0,27,52,0,52,79
02/16/2021,ANE,MN,AGL,CE,Federal Contract Tower,0,8,32,0,40,0,5,57,0,62,0,13,89,0,102,130,0,130,232
02/17/2021,ANE,MN,AGL,CE,Federal Contract Tower,0,15,8,2,25,0,0,2,0,2,0,15,10,2,27,0,0,0,27
02/18/2021,ANE,MN,AGL,CE,Federal Contract Tower,0,6,18,0,24,0,3,21,2,26,0,9,39,2,50,96,14,110,160
02/19/2021,ANE,MN,AGL,CE,Federal Contract Tower,0,6,26,0,32,0,4,101,0,105,0,10,127,0,137,188,0,188,325
02/20/2021,ANE,MN,AGL,CE,Federal Contract Tower,0,5,21,0,26,0,2,106,0,108,0,7,127,0,134,118,0,118,252
02/21/2021,ANE,MN,AGL,CE,Federal Contract Tower,0,6,2,0,8,0,2,2,0,4,0,8,4,0,12,20,0,20,32
02/22/2021,ANE,MN,AGL,CE,Federal Contract Tower,0,4,29,0,33,0,0,43,0,43,0,4,72,0,76,72,0,72,148
02/23/2021,ANE,MN,AGL,CE,Federal Contract Tower,0,9,19,0,28,0,0,61,0,61,0,9,80,0,89,136,0,136,225
02/24/2021,ANE,MN,AGL,CE,Federal Contract Tower,0,9,33,0,42,0,8,70,0,78,0,17,103,0,120,150,2,152,272
02/25/2021,ANE,MN,AGL,CE,Federal Contract Tower,0,9,65,0,74,0,3,119,0,122,0,12,184,0,196,198,0,198,394
02/26/2021,ANE,MN,AGL,CE,Federal Contract Tower,0,3,21,0,24,0,0,14,0,14,0,3,35,0,38,4,8,12,50
02/27/2021,ANE,MN,AGL,CE,Federal Contract Tower,0,2,22,0,24,0,4,109,0,113,0,6,131,0,137,166,0,166,303
02/28/2021,ANE,MN,AGL,CE,Federal Contract Tower,0,5,5,0,10,0,0,13,0,13,0,5,18,0,23,10,0,10,33
03/01/2021,ANE,MN,AGL,CE,Federal Contract Tower,0,6,30,0,36,0,6,51,0,57,0,12,81,0,93,104,0,104,197
03/02/2021,ANE,MN,AGL,CE,Federal Contract Tower,0,5,20,0,25,0,6,37,0,43,0,11,57,0,68,70,0,70,138
03/03/2021,ANE,MN,AGL,CE,Federal Contract Tower,0,11,25,0,36,0,4,107,0,111,0,15,132,0,147,152,0,152,299
03/04/2021,ANE,MN,AGL,CE,Federal Contract Tower,0,7,29,0,36,0,5,63,0,68,0,12,92,0,104,110,0,110,214
03/05/2021,ANE,MN,AGL,CE,Federal Contract Tower,0,3,41,0,44,0,2,102,0,104,0,5,143,0,148,102,0,102,250
03/06/2021,ANE,MN,AGL,CE,Federal Contract Tower,0,5,20,0,25,0,0,136,0,136,0,5,156,0,161,158,0,158,319
03/07/2021,ANE,MN,AGL,CE,Federal Contract Tower,0,0,7,0,7,0,0,32,0,32,0,0,39,0,39,16,0,16,55
03/08/2021,ANE,MN,AGL,CE,Federal Contract Tower,0,13,27,0,40,0,4,81,0,85,0,17,108,0,125,234,0,234,359
03/09/2021,ANE,MN,AGL,CE,Federal Contract Tower,0,9,20,0,29,0,6,39,2,47,0,15,59,2,76,34,4,38,114
03/10/2021,ANE,MN,AGL,CE,Federal Contract Tower,0,8,19,0,27,0,0,0,0,0,0,8,19,0,27,0,0,0,27
03/11/2021,ANE,MN,AGL,CE,Federal Contract Tower,0,8,26,0,34,0,1,46,0,47,0,9,72,0,81,90,0,90,171
03/12/2021,ANE,MN,AGL,CE,Federal Contract Tower,0,5,25,0,30,0,0,90,0,90,0,5,115,0,120,130,0,130,250
03/13/2021,ANE,MN,AGL,CE,Federal Contract Tower,0,2,40,0,42,0,4,124,0,128,0,6,164,0,170,202,0,202,372
03/14/2021,ANE,MN,AGL,CE,Federal Contract Tower,0,3,23,0,26,0,4,57,0,61,0,7,80,0,87,74,0,74,161
03/15/2021,ANE,MN,AGL,CE,Federal Contract Tower,0,3,6,0,9,0,0,4,0,4,0,3,10,0,13,0,0,0,13
03/16/2021,ANE,MN,AGL,CE,Federal Contract Tower,0,8,10,0,18,0,2,20,0,22,0,10,30,0,40,82,0,82,122
03/17/2021,ANE,MN,AGL,CE,Federal Contract Tower,0,9,19,0,28,0,2,20,0,22,0,11,39,0,50,86,0,86,136
03/18/2021,ANE,MN,AGL,CE,Federal Contract Tower,0,8,36,0,44,0,4,58,0,62,0,12,94,0,106,112,0,112,218
03/19/2021,ANE,MN,AGL,CE,Federal Contract Tower,0,6,20,0,26,0,2,139,0,141,0,8,159,0,167,196,0,196,363
03/20/2021,ANE,MN,AGL,CE,Federal Contract Tower,0,2,26,0,28,0,3,58,0,61,0,5,84,0,89,66,0,66,155
03/21/2021,ANE,MN,AGL,CE,Federal Contract Tower,0,2,16,0,18,0,4,8,0,12,0,6,24,0,30,16,0,16,46
03/22/2021,ANE,MN,AGL,CE,Federal Contract Tower,0,15,23,0,38,0,4,91,0,95,0,19,114,0,133,132,0,132,265
03/23/2021,ANE,MN,AGL,CE,Federal Contract Tower,0,9,15,4,28,0,0,25,0,25,0,9,40,4,53,28,22,50,103
03/24/2021,ANE,MN,AGL,CE,Federal Contract Tower,0,8,4,0,12,0,2,2,0,4,0,10,6,0,16,0,0,0,16
03/25/2021,ANE,MN,AGL,CE,Federal Contract Tower,0,7,48,0,55,0,4,89,0,93,0,11,137,0,148,200,6,206,354
03/26/2021,ANE,MN,AGL,CE,Federal Contract Tower,0,4,28,0,32,0,3,69,0,72,0,7,97,0,104,178,0,178,282
03/27/2021,ANE,MN,AGL,CE,Federal Contract Tower,0,5,30,0,35,0,0,9,0,9,0,5,39,0,44,42,0,42,86
03/28/2021,ANE,MN,AGL,CE,Federal Contract Tower,0,2,14,0,16,0,11,105,0,116,0,13,119,0,132,126,0,126,258
03/29/2021,ANE,MN,AGL,CE,Federal Contract Tower,0,4,16,0,20,0,4,11,0,15,0,8,27,0,35,14,0,14,49
03/30/2021,ANE,MN,AGL,CE,Federal Contract Tower,0,5,19,0,24,0,0,17,0,17,0,5,36,0,41,4,0,4,45
03/31/2021,ANE,MN,AGL,CE,Federal Contract Tower,0,9,25,0,34,0,0,59,0,59,0,9,84,0,93,52,0,52,145
04/01/2021,ANE,MN,AGL,CE,Federal Contract Tower,0,22,52,0,74,0,0,181,0,181,0,22,233,0,255,194,0,194,449
04/02/2021,ANE,MN,AGL,CE,Federal Contract Tower,0,2,18,0,20,0,2,41,0,43,0,4,59,0,63,46,4,50,113
04/03/2021,ANE,MN,AGL,CE,Federal Contract Tower,0,5,22,0,27,0,4,128,0,132,0,9,150,0,159,136,0,136,295
04/04/2021,ANE,MN,AGL,CE,Federal Contract Tower,0,1,13,0,14,0,0,46,0,46,0,1,59,0,60,58,0,58,118
04/05/2021,ANE,MN,AGL,CE,Federal Contract Tower,0,4,41,0,45,0,2,89,0,91,0,6,130,0,136,130,0,130,266
04/06/2021,ANE,MN,AGL,CE,Federal Contract Tower,0,13,21,2,36,0,3,62,0,65,0,16,83,2,101,142,0,142,243
04/07/2021,ANE,MN,AGL,CE,Federal Contract Tower,0,8,24,0,32,0,1,10,0,11,0,9,34,0,43,26,0,26,69
04/08/2021,ANE,MN,AGL,CE,Federal Contract Tower,0,9,25,0,34,0,0,3,0,3,0,9,28,0,37,4,0,4,41
04/09/2021,ANE,MN,AGL,CE,Federal Contract Tower,0,5,27,0,32,0,0,0,0,0,0,5,27,0,32,2,0,2,34
04/10/2021,ANE,MN,AGL,CE,Federal Contract Tower,0,4,20,0,24,0,5,57,0,62,0,9,77,0,86,228,0,228,314
04/11/2021,ANE,MN,AGL,CE,Federal Contract Tower,0,3,15,0,18,0,4,40,0,44,0,7,55,0,62,186,0,186,248
04/12/2021,ANE,MN,AGL,CE,Federal Contract Tower,0,4,20,0,24,0,0,2,0,2,0,4,22,0,26,24,0,24,50
04/13/2021,ANE,MN,AGL,CE,Federal Contract Tower,0,0,5,2,7,0,0,6,0,6,0,0,11,2,13,20,4,24,37
04/14/2021,ANE,MN,AGL,CE,Federal Contract Tower,0,6,10,0,16,0,2,11,0,13,0,8,21,0,29,46,0,46,75
04/15/2021,ANE,MN,AGL,CE,Federal Contract Tower,0,5,25,0,30,0,4,60,0,64,0,9,85,0,94,178,8,186,280
04/16/2021,ANE,MN,AGL,CE,Federal Contract Tower,0,9,33,0,42,0,8,117,2,127,0,17,150,2,169,128,0,128,297
04/17/2021,ANE,MN,AGL,CE,Federal Contract Tower,0,2,23,0,25,0,6,139,2,147,0,8,162,2,172,222,0,222,394
04/18/2021,ANE,MN,AGL,CE,Federal Contract Tower,0,4,18,0,22,0,1,71,0,72,0,5,89,0,94,134,0,134,228
04/19/2021,ANE,MN,AGL,CE,Federal Contract Tower,0,6,13,0,19,0,3,34,0,37,0,9,47,0,56,110,0,110,166
04/20/2021,ANE,MN,AGL,CE,Federal Contract Tower,0,8,37,0,45,0,3,79,0,82,0,11,116,0,127,196,8,204,331
04/21/2021,ANE,MN,AGL,CE,Federal Contract Tower,0,12,31,0,43,0,5,68,0,73,0,17,99,0,116,104,0,104,220
04/22/2021,ANE,MN,AGL,CE,Federal Contract Tower,0,7,20,0,27,0,6,95,2,103,0,13,115,2,130,202,8,210,340
04/23/2021,ANE,MN,AGL,CE,Federal Contract Tower,0,5,24,0,29,0,0,33,0,33,0,5,57,0,62,130,0,130,192
04/24/2021,ANE,MN,AGL,CE,Federal Contract Tower,0,3,28,0,31,0,0,78,0,78,0,3,106,0,109,76,0,76,185
04/25/2021,ANE,MN,AGL,CE,Federal Contract Tower,0,3,19,0,22,0,0,62,0,62,0,3,81,0,84,106,0,106,190
04/26/2021,ANE,MN,AGL,CE,Federal Contract Tower,0,8,5,0,13,0,2,30,0,32,0,10,35,0,45,104,0,104,149
04/27/2021,ANE,MN,AGL,CE,Federal Contract Tower,0,7,32,1,40,0,0,12,0,12,0,7,44,1,52,60,0,60,112
04/28/2021,ANE,MN,AGL,CE,Federal Contract Tower,0,11,29,0,40,0,6,114,0,120,0,17,143,0,160,182,0,182,342
04/29/2021,ANE,MN,AGL,CE,Federal Contract Tower,0,13,10,0,23,0,0,45,0,45,0,13,55,0,68,104,0,104,172
04/30/2021,ANE,MN,AGL,CE,Federal Contract Tower,0,4,37,0,41,0,5,134,0,139,0,9,171,0,180,218,0,218,398
05/01/2021,ANE,MN,AGL,CE,Federal Contract Tower,0,7,15,0,22,0,7,91,0,98,0,14,106,0,120,94,0,94,214
05/02/2021,ANE,MN,AGL,CE,Federal Contract Tower,0,6,12,0,18,0,6,41,0,47,0,12,53,0,65,42,0,42,107
05/03/2021,ANE,MN,AGL,CE,Federal Contract Tower,0,4,14,1,19,0,6,64,0,70,0,10,78,1,89,66,12,78,167
05/04/2021,ANE,MN,AGL,CE,Federal Contract Tower,0,11,21,0,32,0,4,92,2,98,0,15,113,2,130,156,0,156,286
05/05/2021,ANE,MN,AGL,CE,Federal Contract Tower,0,10,20,0,30,0,0,66,0,66,0,10,86,0,96,226,0,226,322
05/06/2021,ANE,MN,AGL,CE,Federal Contract Tower,0,13,51,1,65,0,5,76,2,83,0,18,127,3,148,138,18,156,304
05/07/2021,ANE,MN,AGL,CE,Federal Contract Tower,0,3,35,0,38,0,2,93,0,95,0,5,128,0,133,196,0,196,329
05/08/2021,ANE,MN,AGL,CE,Federal Contract Tower,0,7,21,0,28,0,5,134,0,139,0,12,155,0,167,116,0,116,283
05/09/2021,ANE,MN,AGL,CE,Federal Contract Tower,0,4,22,0,26,0,3,65,0,68,0,7,87,0,94,88,0,88,182
05/10/2021,ANE,MN,AGL,CE,Federal Contract Tower,0,7,26,0,33,0,3,72,0,75,0,10,98,0,108,164,0,164,272
05/11/2021,ANE,MN,AGL,CE,Federal Contract Tower,0,8,21,0,29,0,5,112,2,119,0,13,133,2,148,152,6,158,306
05/12/2021,ANE,MN,AGL,CE,Federal Contract Tower,0,5,45,0,50,0,3,95,0,98,0,8,140,0,148,174,2,176,324
05/13/2021,ANE,MN,AGL,CE,Federal Contract Tower,0,9,21,0,30,0,2,107,0,109,0,11,128,0,139,152,0,152,291
05/14/2021,ANE,MN,AGL,CE,Federal Contract Tower,0,7,27,0,34,0,5,74,0,79,0,12,101,0,113,140,0,140,253
05/15/2021,ANE,MN,AGL,CE,Federal Contract Tower,0,4,18,0,22,0,6,114,0,120,0,10,132,0,142,130,0,130,272
05/16/2021,ANE,MN,AGL,CE,Federal Contract Tower,0,1,26,0,27,0,0,55,0,55,0,1,81,0,82,92,0,92,174
05/17/2021,ANE,MN,AGL,CE,Federal Contract Tower,0,8,30,0,38,0,9,125,2,136,0,17,155,2,174,236,2,238,412
05/18/2021,ANE,MN,AGL,CE,Federal Contract Tower,0,8,23,1,32,0,1,40,0,41,0,9,63,1,73,74,0,74,147
05/19/2021,ANE,MN,AGL,CE,Federal Contract Tower,0,6,37,1,44,0,4,22,1,27,0,10,59,2,71,62,0,62,133
05/20/2021,ANE,MN,AGL,CE,Federal Contract Tower,0,14,32,2,48,0,0,8,0,8,0,14,40,2,56,80,0,80,136
05/21/2021,ANE,MN,AGL,CE,Federal Contract Tower,0,8,48,0,56,0,6,53,0,59,0,14,101,0,115,74,0,74,189
05/22/2021,ANE,MN,AGL,CE,Federal Contract Tower,0,4,23,0,27,0,3,116,10,129,0,7,139,10,156,272,24,296,452
05/23/2021,ANE,MN,AGL,CE,Federal Contract Tower,0,3,29,0,32,0,2,44,0,46,0,5,73,0,78,148,0,148,226
05/24/2021,ANE,MN,AGL,CE,Federal Contract Tower,0,9,37,0,46,0,0,40,0,40,0,9,77,0,86,130,0,130,216
05/25/2021,ANE,MN,AGL,CE,Federal Contract Tower,0,5,34,2,41,0,7,25,1,33,0,12,59,3,74,130,0,130,204
05/26/2021,ANE,MN,AGL,CE,Federal Contract Tower,0,6,29,2,37,0,9,120,1,130,0,15,149,3,167,162,0,162,329
05/27/2021,ANE,MN,AGL,CE,Federal Contract Tower,0,14,16,2,32,0,4,8,0,12,0,18,24,2,44,16,0,16,60
05/28/2021,ANE,MN,AGL,CE,Federal Contract Tower,0,3,41,0,44,0,2,120,0,122,0,5,161,0,166,274,0,274,440
05/29/2021,ANE,MN,AGL,CE,Federal Contract Tower,0,5,23,0,28,0,2,99,0,101,0,7,122,0,129,106,0,106,235
05/30/2021,ANE,MN,AGL,CE,Federal Contract Tower,0,7,13,0,20,0,2,15,0,17,0,9,28,0,37,10,0,10,47
05/31/2021,ANE,MN,AGL,CE,Federal Contract Tower,0,0,14,0,14,0,3,92,0,95,0,3,106,0,109,134,0,134,243
06/01/2021,ANE,MN,AGL,CE,Federal Contract Tower,0,8,22,0,30,0,10,109,0,119,0,18,131,0,149,250,0,250,399
06/02/2021,ANE,MN,AGL,CE,Federal Contract Tower,0,7,25,0,32,0,1,95,2,98,0,8,120,2,130,214,6,220,350
06/03/2021,ANE,MN,AGL,CE,Federal Contract Tower,0,9,28,4,41,0,8,97,0,105,0,17,125,4,146,156,0,156,302
06/04/2021,ANE,MN,AGL,CE,Federal Contract Tower,0,1,29,2,32,0,4,56,1,61,0,5,85,3,93,76,0,76,169
06/05/2021,ANE,MN,AGL,CE,Federal Contract Tower,0,3,9,0,12,0,7,67,0,74,0,10,76,0,86,44,0,44,130
06/06/2021,ANE,MN,AGL,CE,Federal Contract Tower,0,3,9,0,12,0,5,36,0,41,0,8,45,0,53,28,0,28,81
06/07/2021,ANE,MN,AGL,CE,Federal Contract Tower,0,9,24,2,35,0,8,63,0,71,0,17,87,2,106,112,2,114,220
06/08/2021,ANE,MN,AGL,CE,Federal Contract Tower,0,10,32,0,42,0,5,70,2,77,0,15,102,2,119,96,2,98,217
06/09/2021,ANE,MN,AGL,CE,Federal Contract Tower,0,6,18,0,24,0,2,84,0,86,0,8,102,0,110,140,0,140,250
06/10/2021,ANE,MN,AGL,CE,Federal Contract Tower,0,5,33,0,38,0,3,62,2,67,0,8,95,2,105,168,0,168,273
06/11/2021,ANE,MN,AGL,CE,Federal Contract Tower,0,5,25,0,30,0,5,54,0,59,0,10,79,0,89,104,0,104,193
06/12/2021,ANE,MN,AGL,CE,Federal Contract Tower,0,5,15,0,20,0,6,138,0,144,0,11,153,0,164,124,0,124,288
06/13/2021,ANE,MN,AGL,CE,Federal Contract Tower,0,4,17,0,21,0,7,81,0,88,0,11,98,0,109,50,0,50,159
06/14/2021,ANE,MN,AGL,CE,Federal Contract Tower,0,10,20,0,30,0,8,83,0,91,0,18,103,0,121,156,0,156,277
06/15/2021,ANE,MN,AGL,CE,Federal Contract Tower,0,5,37,0,42,0,5,113,0,118,0,10,150,0,160,224,0,224,384
06/16/2021,ANE,MN,AGL,CE,Federal Contract Tower,0,6,23,0,29,0,2,102,0,104,0,8,125,0,133,216,0,216,349
06/17/2021,ANE,MN,AGL,CE,Federal Contract Tower,0,6,31,0,37,0,5,99,0,104,0,11,130,0,141,182,0,182,323
06/18/2021,ANE,MN,AGL,CE,Federal Contract Tower,0,18,22,0,40,0,0,100,0,100,0,18,122,0,140,164,0,164,304
06/19/2021,ANE,MN,AGL,CE,Federal Contract Tower,0,4,16,0,20,0,7,136,0,143,0,11,152,0,163,102,0,102,265
06/20/2021,ANE,MN,AGL,CE,Federal Contract Tower,0,4,7,0,11,0,1,25,0,26,0,5,32,0,37,32,0,32,69
06/21/2021,ANE,MN,AGL,CE,Federal Contract Tower,0,8,35,0,43,0,6,91,0,97,0,14,126,0,140,112,0,112,252
06/22/2021,ANE,MN,AGL,CE,Federal Contract Tower,0,11,28,0,39,0,3,148,0,151,0,14,176,0,190,238,0,238,428
06/23/2021,ANE,MN,AGL,CE,Federal Contract Tower,0,14,36,0,50,0,6,98,0,104,0,20,134,0,154,160,0,160,314
06/24/2021,ANE,MN,AGL,CE,Federal Contract Tower,0,10,33,0,43,0,6,97,0,103,0,16,130,0,146,168,0,168,314
06/25/2021,ANE,MN,AGL,CE,Federal Contract Tower,0,10,28,0,38,0,5,146,0,151,0,15,174,0,189,310,0,310,499
06/26/2021,ANE,MN,AGL,CE,Federal Contract Tower,0,5,20,0,25,0,5,57,0,62,0,10,77,0,87,252,0,252,339
06/27/2021,ANE,MN,AGL,CE,Federal Contract Tower,0,9,31,0,40,0,3,62,0,65,0,12,93,0,105,100,0,100,205
06/28/2021,ANE,MN,AGL,CE,Federal Contract Tower,0,9,21,0,30,0,0,40,0,40,0,9,61,0,70,122,0,122,192
06/29/2021,ANE,MN,AGL,CE,Federal Contract Tower,0,10,29,0,39,0,5,77,0,82,0,15,106,0,121,192,0,192,313
06/30/2021,ANE,MN,AGL,CE,Federal Contract Tower,0,6,34,0,40,0,4,118,0,122,0,10,152,0,162,252,0,252,414
07/01/2021,ANE,MN,AGL,CE,Federal Contract Tower,0,13,47,0,60,0,3,106,0,109,0,16,153,0,169,230,0,230,399
07/02/2021,ANE,MN,AGL,CE,Federal Contract Tower,0,7,23,0,30,0,2,94,0,96,0,9,117,0,126,150,0,150,276
07/03/2021,ANE,MN,AGL,CE,Federal Contract Tower,0,7,14,0,21,0,5,88,0,93,0,12,102,0,114,112,0,112,226
07/04/2021,ANE,MN,AGL,CE,Federal Contract Tower,0,5,1,0,6,0,7,27,0,34,0,12,28,0,40,28,0,28,68
07/05/2021,ANE,MN,AGL,CE,Federal Contract Tower,0,6,22,0,28,0,5,64,0,69,0,11,86,0,97,72,0,72,169
07/06/2021,ANE,MN,AGL,CE,Federal Contract Tower,0,9,27,0,36,0,2,29,0,31,0,11,56,0,67,56,0,56,123
07/07/2021,ANE,MN,AGL,CE,Federal Contract Tower,0,16,21,0,37,0,5,52,0,57,0,21,73,0,94,148,0,148,242
07/08/2021,ANE,MN,AGL,CE,Federal Contract Tower,0,13,41,0,54,0,0,127,17,144,0,13,168,17,198,262,14,276,474
07/09/2021,ANE,MN,AGL,CE,Federal Contract Tower,0,6,30,0,36,0,13,117,0,130,0,19,147,0,166,94,0,94,260
07/10/2021,ANE,MN,AGL,CE,Federal Contract Tower,0,5,18,0,23,0,7,181,0,188,0,12,199,0,211,154,0,154,365
07/11/2021,ANE,MN,AGL,CE,Federal Contract Tower,0,5,34,0,39,0,8,114,0,122,0,13,148,0,161,80,0,80,241
07/12/2021,ANE,MN,AGL,CE,Federal Contract Tower,0,10,26,0,36,0,4,67,0,71,0,14,93,0,107,126,0,126,233
07/13/2021,ANE,MN,AGL,CE,Federal Contract Tower,0,11,39,0,50,0,0,78,0,78,0,11,117,0,128,216,2,218,346
07/14/2021,ANE,MN,AGL,CE,Federal Contract Tower,0,6,24,0,30,0,2,34,0,36,0,8,58,0,66,172,8,180,246
07/15/2021,ANE,MN,AGL,CE,Federal Contract Tower,0,10,49,0,59,0,7,136,0,143,0,17,185,0,202,278,22,300,502
07/16/2021,ANE,MN,AGL,CE,Federal Contract Tower,0,7,44,0,51,0,3,143,0,146,0,10,187,0,197,146,0,146,343
07/17/2021,ANE,MN,AGL,CE,Federal Contract Tower,0,4,25,0,29,0,3,91,0,94,0,7,116,0,123,112,0,112,235
07/18/2021,ANE,MN,AGL,CE,Federal Contract Tower,0,2,34,0,36,0,11,79,0,90,0,13,113,0,126,82,0,82,208
07/19/2021,ANE,MN,AGL,CE,Federal Contract Tower,0,15,36,0,51,0,3,74,0,77,0,18,110,0,128,124,0,124,252
07/20/2021,ANE,MN,AGL,CE,Federal Contract Tower,0,10,34,0,44,0,2,85,0,87,0,12,119,0,131,210,0,210,341
07/21/2021,ANE,MN,AGL,CE,Federal Contract Tower,0,11,50,4,65,0,9,124,2,135,0,20,174,6,200,288,0,288,488
07/22/2021,ANE,MN,AGL,CE,Federal Contract Tower,0,6,37,0,43,0,2,57,0,59,0,8,94,0,102,166,0,166,268
07/23/2021,ANE,MN,AGL,CE,Federal Contract Tower,0,7,50,0,57,0,3,128,0,131,0,10,178,0,188,224,4,228,416
07/24/2021,ANE,MN,AGL,CE,Federal Contract Tower,0,1,12,0,13,0,13,91,0,104,0,14,103,0,117,142,0,142,259
07/25/2021,ANE,MN,AGL,CE,Federal Contract Tower,0,23,18,0,41,0,8,92,0,100,0,31,110,0,141,122,0,122,263
07/26/2021,ANE,MN,AGL,CE,Federal Contract Tower,0,8,31,0,39,0,3,82,0,85,0,11,113,0,124,172,0,172,296
07/27/2021,ANE,MN,AGL,CE,Federal Contract Tower,0,14,33,0,47,0,6,80,0,86,0,20,113,0,133,94,0,94,227
07/28/2021,ANE,MN,AGL,CE,Federal Contract Tower,0,4,20,0,24,0,2,33,0,35,0,6,53,0,59,28,0,28,87
07/29/2021,ANE,MN,AGL,CE,Federal Contract Tower,0,8,58,0,66,0,0,30,0,30,0,8,88,0,96,78,0,78,174
07/30/2021,ANE,MN,AGL,CE,Federal Contract Tower,0,5,36,0,41,0,7,66,0,73,0,12,102,0,114,140,0,140,254
07/31/2021,ANE,MN,AGL,CE,Federal Contract Tower,0,3,25,0,28,0,0,47,0,47,0,3,72,0,75,30,0,30,105
08/01/2021,ANE,MN,AGL,CE,Federal Contract Tower,0,3,54,0,57,0,9,74,0,83,0,12,128,0,140,76,0,76,216
08/02/2021,ANE,MN,AGL,CE,Federal Contract Tower,0,4,37,0,41,0,6,91,0,97,0,10,128,0,138,164,0,164,302
08/03/2021,ANE,MN,AGL,CE,Federal Contract Tower,0,10,39,0,49,0,6,84,0,90,0,16,123,0,139,144,2,146,285
08/04/2021,ANE,MN,AGL,CE,Federal Contract Tower,0,4,18,0,22,0,2,69,2,73,0,6,87,2,95,106,0,106,201
08/05/2021,ANE,MN,AGL,CE,Federal Contract Tower,0,5,28,0,33,0,2,56,0,58,0,7,84,0,91,128,20,148,239
08/06/2021,ANE,MN,AGL,CE,Federal Contract Tower,0,7,28,0,35,0,2,129,0,131,0,9,157,0,166,266,0,266,432
08/07/2021,ANE,MN,AGL,CE,Federal Contract Tower,0,5,11,0,16,0,3,6,0,9,0,8,17,0,25,8,0,8,33
08/08/2021,ANE,MN,AGL,CE,Federal Contract Tower,0,5,20,0,25,0,0,35,0,35,0,5,55,0,60,40,0,40,100
08/09/2021,ANE,MN,AGL,CE,Federal Contract Tower,0,10,38,0,48,0,7,80,0,87,0,17,118,0,135,74,0,74,209
08/10/2021,ANE,MN,AGL,CE,Federal Contract Tower,0,13,25,0,38,0,6,89,0,95,0,19,114,0,133,166,0,166,299
08/11/2021,ANE,MN,AGL,CE,Federal Contract Tower,0,18,39,0,57,0,5,85,0,90,0,23,124,0,147,96,0,96,243
08/12/2021,ANE,MN,AGL,CE,Federal Contract Tower,0,8,59,0,67,0,1,91,2,94,0,9,150,2,161,120,4,124,285
08/13/2021,ANE,MN,AGL,CE,Federal Contract Tower,0,7,27,0,34,0,5,108,0,113,0,12,135,0,147,128,0,128,275
08/14/2021,ANE,MN,AGL,CE,Federal Contract Tower,0,8,17,0,25,0,4,212,0,216,0,12,229,0,241,96,0,96,337
08/15/2021,ANE,MN,AGL,CE,Federal Contract Tower,0,2,13,0,15,0,4,66,0,70,0,6,79,0,85,60,0,60,145
08/16/2021,ANE,MN,AGL,CE,Federal Contract Tower,0,6,21,0,27,0,4,86,0,90,0,10,107,0,117,94,0,94,211
08/17/2021,ANE,MN,AGL,CE,Federal Contract Tower,0,7,25,0,32,0,7,79,0,86,0,14,104,0,118,206,0,206,324
08/18/2021,ANE,MN,AGL,CE,Federal Contract Tower,0,10,31,0,41,0,10,117,2,129,0,20,148,2,170,198,0,198,368
08/19/2021,ANE,MN,AGL,CE,Federal Contract Tower,0,8,41,0,49,0,4,120,0,124,0,12,161,0,173,180,2,182,355
08/20/2021,ANE,MN,AGL,CE,Federal Contract Tower,0,12,24,0,36,0,4,58,0,62,0,16,82,0,98,54,0,54,152
08/21/2021,ANE,MN,AGL,CE,Federal Contract Tower,0,5,39,0,44,0,11,66,0,77,0,16,105,0,121,46,0,46,167
08/22/2021,ANE,MN,AGL,CE,Federal Contract Tower,0,9,39,0,48,0,8,81,0,89,0,17,120,0,137,76,0,76,213
08/23/2021,ANE,MN,AGL,CE,Federal Contract Tower,0,12,36,0,48,0,4,83,0,87,0,16,119,0,135,98,0,98,233
08/24/2021,ANE,MN,AGL,CE,Federal Contract Tower,0,14,32,0,46,0,9,48,0,57,0,23,80,0,103,100,0,100,203
08/25/2021,ANE,MN,AGL,CE,Federal Contract Tower,0,4,39,0,43,0,4,98,0,102,0,8,137,0,145,208,0,208,353
08/26/2021,ANE,MN,AGL,CE,Federal Contract Tower,0,7,15,0,22,0,2,50,0,52,0,9,65,0,74,80,0,80,154
08/27/2021,ANE,MN,AGL,CE,Federal Contract Tower,0,10,19,0,29,0,0,13,0,13,0,10,32,0,42,30,0,30,72
08/28/2021,ANE,MN,AGL,CE,Federal Contract Tower,0,6,10,0,16,0,5,20,0,25,0,11,30,0,41,86,0,86,127
08/29/2021,ANE,MN,AGL,CE,Federal Contract Tower,0,7,22,0,29,0,6,71,0,77,0,13,93,0,106,76,0,76,182
08/30/2021,ANE,MN,AGL,CE,Federal Contract Tower,0,7,47,0,54,0,7,147,0,154,0,14,194,0,208,142,0,142,350
08/31/2021,ANE,MN,AGL,CE,Federal Contract Tower,0,11,25,0,36,0,12,129,0,141,0,23,154,0,177,220,2,222,399
09/01/2021,ANE,MN,AGL,CE,Federal Contract Tower,0,5,26,0,31,0,13,112,0,125,0,18,138,0,156,190,0,190,346
09/02/2021,ANE,MN,AGL,CE,Federal Contract Tower,0,7,39,0,46,0,3,50,0,53,0,10,89,0,99,144,0,144,243
09/03/2021,ANE,MN,AGL,CE,Federal Contract Tower,0,16,38,0,54,0,0,0,0,0,0,16,38,0,54,0,0,0,54
09/04/2021,ANE,MN,AGL,CE,Federal Contract Tower,0,15,35,0,50,0,3,115,0,118,0,18,150,0,168,132,0,132,300
09/05/2021,ANE,MN,AGL,CE,Federal Contract Tower,0,11,14,0,25,0,0,89,0,89,0,11,103,0,114,142,0,142,256
09/06/2021,ANE,MN,AGL,CE,Federal Contract Tower,0,4,33,0,37,0,8,113,0,121,0,12,146,0,158,180,0,180,338
09/07/2021,ANE,MN,AGL,CE,Federal Contract Tower,0,8,28,0,36,0,6,35,0,41,0,14,63,0,77,28,0,28,105
09/08/2021,ANE,MN,AGL,CE,Federal Contract Tower,0,6,41,0,47,0,5,38,2,45,0,11,79,2,92,80,4,84,176
09/09/2021,ANE,MN,AGL,CE,Federal Contract Tower,0,5,41,0,46,0,1,117,0,118,0,6,158,0,164,194,2,196,360
09/10/2021,ANE,MN,AGL,CE,Federal Contract Tower,0,5,41,0,46,0,5,120,0,125,0,10,161,0,171,212,0,212,383
09/11/2021,ANE,MN,AGL,CE,Federal Contract Tower,0,6,18,0,24,0,7,165,0,172,0,13,183,0,196,106,0,106,302
09/12/2021,ANE,MN,AGL,CE,Federal Contract Tower,0,4,20,0,24,0,3,67,0,70,0,7,87,0,94,76,0,76,170
09/13/2021,ANE,MN,AGL,CE,Federal Contract Tower,0,9,30,0,39,0,5,49,0,54,0,14,79,0,93,40,0,40,133
09/14/2021,ANE,MN,AGL,CE,Federal Contract Tower,0,10,40,0,50,0,4,57,0,61,0,14,97,0,111,120,8,128,239
09/15/2021,ANE,MN,AGL,CE,Federal Contract Tower,0,10,43,0,53,0,6,130,0,136,0,16,173,0,189,148,0,148,337
09/16/2021,ANE,MN,AGL,CE,Federal Contract Tower,0,9,21,0,30,0,1,26,0,27,0,10,47,0,57,10,0,10,67
09/17/2021,ANE,MN,AGL,CE,Federal Contract Tower,0,16,36,0,52,0,8,87,0,95,0,24,123,0,147,106,0,106,253
09/18/2021,ANE,MN,AGL,CE,Federal Contract Tower,0,2,29,0,31,0,14,97,0,111,0,16,126,0,142,86,0,86,228
09/19/2021,ANE,MN,AGL,CE,Federal Contract Tower,0,2,16,0,18,0,10,31,0,41,0,12,47,0,59,6,0,6,65
09/20/2021,ANE,MN,AGL,CE,Federal Contract Tower,0,9,5,0,14,0,4,1,0,5,0,13,6,0,19,10,0,10,29
09/21/2021,ANE,MN,AGL,CE,Federal Contract Tower,0,11,50,0,61,0,14,67,0,81,0,25,117,0,142,96,0,96,238
09/22/2021,ANE,MN,AGL,CE,Federal Contract Tower,0,8,45,0,53,0,3,122,2,127,0,11,167,2,180,174,0,174,354
09/23/2021,ANE,MN,AGL,CE,Federal Contract Tower,0,7,36,0,43,0,14,104,0,118,0,21,140,0,161,166,0,166,327
09/24/2021,ANE,MN,AGL,CE,Federal Contract Tower,0,8,31,0,39,0,3,38,0,41,0,11,69,0,80,54,0,54,134
09/25/2021,ANE,MN,AGL,CE,Federal Contract Tower,0,5,13,0,18,0,12,81,0,93,0,17,94,0,111,22,0,22,133
09/26/2021,ANE,MN,AGL,CE,Federal Contract Tower,0,6,20,0,26,0,10,88,0,98,0,16,108,0,124,52,0,52,176
09/27/2021,ANE,MN,AGL,CE,Federal Contract Tower,0,8,22,0,30,0,5,95,0,100,0,13,117,0,130,104,0,104,234
09/28/2021,ANE,MN,AGL,CE,Federal Contract Tower,0,19,41,0,60,0,4,124,1,129,0,23,165,1,189,114,2,116,305
09/29/2021,ANE,MN,AGL,CE,Federal Contract Tower,0,13,21,0,34,0,4,89,0,93,0,17,110,0,127,126,0,126,253
09/30/2021,ANE,MN,AGL,CE,Federal Contract Tower,0,8,26,0,34,0,5,73,0,78,0,13,99,0,112,86,0,86,198
10/01/2021,ANE,MN,AGL,CE,Federal Contract Tower,0,9,30,0,39,0,4,60,0,64,0,13,90,0,103,56,0,56,159
10/02/2021,ANE,MN,AGL,CE,Federal Contract Tower,0,6,27,0,33,0,0,5,0,5,0,6,32,0,38,0,0,0,38
10/03/2021,ANE,MN,AGL,CE,Federal Contract Tower,0,5,34,0,39,0,6,35,0,41,0,11,69,0,80,72,0,72,152
10/04/2021,ANE,MN,AGL,CE,Federal Contract Tower,0,9,26,0,35,0,4,66,0,70,0,13,92,0,105,138,0,138,243
10/05/2021,ANE,MN,AGL,CE,Federal Contract Tower,0,11,44,0,55,0,7,83,2,92,0,18,127,2,147,102,0,102,249
10/06/2021,ANE,MN,AGL,CE,Federal Contract Tower,0,3,19,1,23,0,7,81,0,88,0,10,100,1,111,158,2,160,271
10/07/2021,ANE,MN,AGL,CE,Federal Contract Tower,0,4,36,2,42,0,6,44,0,50,0,10,80,2,92,96,8,104,196
10/08/2021,ANE,MN,AGL,CE,Federal Contract Tower,0,7,23,0,30,0,0,32,0,32,0,7,55,0,62,86,0,86,148
10/09/2021,ANE,MN,AGL,CE,Federal Contract Tower,0,5,17,0,22,0,7,141,0,148,0,12,158,0,170,148,0,148,318
10/10/2021,ANE,MN,AGL,CE,Federal Contract Tower,0,2,25,0,27,0,3,24,0,27,0,5,49,0,54,56,0,56,110
10/11/2021,ANE,MN,AGL,CE,Federal Contract Tower,0,7,29,0,36,0,3,79,0,82,0,10,108,0,118,156,0,156,274
10/12/2021,ANE,MN,AGL,CE,Federal Contract Tower,0,7,37,0,44,0,8,29,0,37,0,15,66,0,81,96,0,96,177
10/13/2021,ANE,MN,AGL,CE,Federal Contract Tower,0,13,15,0,28,0,4,6,0,10,0,17,21,0,38,2,0,2,40
10/14/2021,ANE,MN,AGL,CE,Federal Contract Tower,0,12,48,0,60,0,3,52,0,55,0,15,100,0,115,126,16,142,257
10/15/2021,ANE,MN,AGL,CE,Federal Contract Tower,0,7,33,0,40,0,4,88,0,92,0,11,121,0,132,126,0,126,258
10/16/2021,ANE,MN,AGL,CE,Federal Contract Tower,0,5,35,0,40,0,3,115,0,118,0,8,150,0,158,106,0,106,264
10/17/2021,ANE,MN,AGL,CE,Federal Contract Tower,0,4,41,0,45,0,2,126,0,128,0,6,167,0,173,132,0,132,305
10/18/2021,ANE,MN,AGL,CE,Federal Contract Tower,0,4,29,0,33,0,11,96,0,107,0,15,125,0,140,62,0,62,202
10/19/2021,ANE,MN,AGL,CE,Federal Contract Tower,0,13,44,0,57,0,9,112,0,121,0,22,156,0,178,190,0,190,368
10/20/2021,ANE,MN,AGL,CE,Federal Contract Tower,0,5,29,0,34,0,1,2,0,3,0,6,31,0,37,0,0,0,37
10/21/2021,ANE,MN,AGL,CE,Federal Contract Tower,0,7,46,0,53,0,7,65,0,72,0,14,111,0,125,74,0,74,199
10/22/2021,ANE,MN,AGL,CE,Federal Contract Tower,0,10,50,0,60,0,2,92,0,94,0,12,142,0,154,124,0,124,278
10/23/2021,ANE,MN,AGL,CE,Federal Contract Tower,0,4,28,0,32,0,4,117,0,121,0,8,145,0,153,88,0,88,241
10/24/2021,ANE,MN,AGL,CE,Federal Contract Tower,0,4,21,0,25,0,4,47,0,51,0,8,68,0,76,22,0,22,98
10/25/2021,ANE,MN,AGL,CE,Federal Contract Tower,0,7,24,0,31,0,8,78,0,86,0,15,102,0,117,114,0,114,231
10/26/2021,ANE,MN,AGL,CE,Federal Contract Tower,0,10,23,0,33,0,5,62,2,69,0,15,85,2,102,60,0,60,162
10/27/2021,ANE,MN,AGL,CE,Federal Contract Tower,0,5,17,0,22,0,5,4,0,9,0,10,21,0,31,14,0,14,45
10/28/2021,ANE,MN,AGL,CE,Federal Contract Tower,0,10,31,0,41,0,0,0,0,0,0,10,31,0,41,0,0,0,41
10/29/2021,ANE,MN,AGL,CE,Federal Contract Tower,0,13,39,0,52,0,8,103,0,111,0,21,142,0,163,146,0,146,309
10/30/2021,ANE,MN,AGL,CE,Federal Contract Tower,0,12,25,0,37,0,0,90,0,90,0,12,115,0,127,134,0,134,261
10/31/2021,ANE,MN,AGL,CE,Federal Contract Tower,0,4,14,0,18,0,2,54,0,56,0,6,68,0,74,58,0,58,132
11/01/2021,ANE,MN,AGL,CE,Federal Contract Tower,0,4,15,0,19,0,10,57,0,67,0,14,72,0,86,120,0,120,206
11/02/2021,ANE,MN,AGL,CE,Federal Contract Tower,0,20,33,0,53,0,9,62,0,71,0,29,95,0,124,218,0,218,342
11/03/2021,ANE,MN,AGL,CE,Federal Contract Tower,0,7,29,0,36,0,3,109,0,112,0,10,138,0,148,282,0,282,430
11/04/2021,ANE,MN,AGL,CE,Federal Contract Tower,0,10,26,0,36,0,8,104,1,113,0,18,130,1,149,204,0,204,353
11/05/2021,ANE,MN,AGL,CE,Federal Contract Tower,0,9,30,0,39,0,6,52,0,58,0,15,82,0,97,46,0,46,143
11/06/2021,ANE,MN,AGL,CE,Federal Contract Tower,0,6,20,0,26,0,10,158,0,168,0,16,178,0,194,152,0,152,346
11/07/2021,ANE,MN,AGL,CE,Federal Contract Tower,0,2,46,0,48,0,8,78,0,86,0,10,124,0,134,74,0,74,208
11/08/2021,ANE,MN,AGL,CE,Federal Contract Tower,0,11,28,0,39,0,11,58,0,69,0,22,86,0,108,142,0,142,250
11/09/2021,ANE,MN,AGL,CE,Federal Contract Tower,0,15,32,0,47,0,15,86,1,102,0,30,118,1,149,162,6,168,317
11/10/2021,ANE,MN,AGL,CE,Federal Contract Tower,0,12,21,0,33,0,7,46,0,53,0,19,67,0,86,30,0,30,116
11/11/2021,ANE,MN,AGL,CE,Federal Contract Tower,0,5,23,0,28,0,0,9,0,9,0,5,32,0,37,8,0,8,45
11/12/2021,ANE,MN,AGL,CE,Federal Contract Tower,0,3,12,0,15,0,0,1,0,1,0,3,13,0,16,0,0,0,16
11/13/2021,ANE,MN,AGL,CE,Federal Contract Tower,0,3,8,0,11,0,2,16,0,18,0,5,24,0,29,52,0,52,81
11/14/2021,ANE,MN,AGL,CE,Federal Contract Tower,0,6,21,0,27,0,0,36,0,36,0,6,57,0,63,88,0,88,151
11/15/2021,ANE,MN,AGL,CE,Federal Contract Tower,0,6,31,0,37,0,9,47,0,56,0,15,78,0,93,108,0,108,201
11/16/2021,ANE,MN,AGL,CE,Federal Contract Tower,0,8,29,0,37,0,8,37,0,45,0,16,66,0,82,32,2,34,116
11/17/2021,ANE,MN,AGL,CE,Federal Contract Tower,0,8,11,0,19,0,1,11,0,12,0,9,22,0,31,0,2,2,33
11/18/2021,ANE,MN,AGL,CE,Federal Contract Tower,0,3,22,1,26,0,2,19,0,21,0,5,41,1,47,46,0,46,93
11/19/2021,ANE,MN,AGL,CE,Federal Contract Tower,0,13,18,0,31,0,2,45,0,47,0,15,63,0,78,82,0,82,160
11/20/2021,ANE,MN,AGL,CE,Federal Contract Tower,0,6,41,0,47,0,7,117,0,124,0,13,158,0,171,174,0,174,345
11/21/2021,ANE,MN,AGL,CE,Federal Contract Tower,0,6,12,0,18,0,6,12,0,18,0,12,24,0,36,0,0,0,36
11/22/2021,ANE,MN,AGL,CE,Federal Contract Tower,0,6,49,0,55,0,3,61,0,64,0,9,110,0,119,92,0,92,211
11/23/2021,ANE,MN,AGL,CE,Federal Contract Tower,0,7,28,0,35,0,3,45,1,49,0,10,73,1,84,138,2,140,224
11/24/2021,ANE,MN,AGL,CE,Federal Contract Tower,0,6,22,0,28,0,5,44,0,49,0,11,66,0,77,46,8,54,131
11/25/2021,ANE,MN,AGL,CE,Federal Contract Tower,0,0,5,0,5,0,9,14,0,23,0,9,19,0,28,46,0,46,74
11/26/2021,ANE,MN,AGL,CE,Federal Contract Tower,0,6,11,0,17,0,7,66,0,73,0,13,77,0,90,90,0,90,180
11/27/2021,ANE,MN,AGL,CE,Federal Contract Tower,0,5,18,0,23,0,4,65,0,69,0,9,83,0,92,188,0,188,280
11/28/2021,ANE,MN,AGL,CE,Federal Contract Tower,0,1,34,0,35,0,9,80,0,89,0,10,114,0,124,90,0,90,214
11/29/2021,ANE,MN,AGL,CE,Federal Contract Tower,0,6,26,0,32,0,5,51,0,56,0,11,77,0,88,92,0,92,180
11/30/2021,ANE,MN,AGL,CE,Federal Contract Tower,0,7,36,0,43,0,4,18,1,23,0,11,54,1,66,16,0,16,82
12/01/2021,ANE,MN,AGL,CE,Federal Contract Tower,0,5,51,2,58,0,8,72,0,80,0,13,123,2,138,230,0,230,368
12/02/2021,ANE,MN,AGL,CE,Federal Contract Tower,0,6,47,0,53,0,3,76,2,81,0,9,123,2,134,90,0,90,224
12/03/2021,ANE,MN,AGL,CE,Federal Contract Tower,0,8,30,0,38,0,2,8,0,10,0,10,38,0,48,18,0,18,66
12/04/2021,ANE,MN,AGL,CE,Federal Contract Tower,0,7,21,0,28,0,2,74,0,76,0,9,95,0,104,166,0,166,270
12/05/2021,ANE,MN,AGL,CE,Federal Contract Tower,0,3,9,0,12,0,5,1,0,6,0,8,10,0,18,4,0,4,22
12/06/2021,ANE,MN,AGL,CE,Federal Contract Tower,0,9,19,0,28,0,3,7,0,10,0,12,26,0,38,12,0,12,50
12/07/2021,ANE,MN,AGL,CE,Federal Contract Tower,0,13,20,0,33,0,0,3,0,3,0,13,23,0,36,0,4,4,40
12/08/2021,ANE,MN,AGL,CE,Federal Contract Tower,0,6,33,0,39,0,1,46,2,49,0,7,79,2,88,44,0,44,132
12/09/2021,ANE,MN,AGL,CE,Federal Contract Tower,0,8,16,0,24,0,2,58,2,62,0,10,74,2,86,90,0,90,176
12/10/2021,ANE,MN,AGL,CE,Federal Contract Tower,0,3,20,0,23,0,0,23,0,23,0,3,43,0,46,76,0,76,122
12/11/2021,ANE,MN,AGL,CE,Federal Contract Tower,0,8,15,0,23,0,2,74,0,76,0,10,89,0,99,52,0,52,151
12/12/2021,ANE,MN,AGL,CE,Federal Contract Tower,0,2,17,0,19,0,3,62,0,65,0,5,79,0,84,116,0,116,200
12/13/2021,ANE,MN,AGL,CE,Federal Contract Tower,0,4,26,0,30,0,2,92,0,94,0,6,118,0,124,184,0,184,308
12/14/2021,ANE,MN,AGL,CE,Federal Contract Tower,0,12,40,0,52,0,2,71,0,73,0,14,111,0,125,138,0,138,263
12/15/2021,ANE,MN,AGL,CE,Federal Contract Tower,0,6,8,0,14,0,0,1,0,1,0,6,9,0,15,20,0,20,35
12/16/2021,ANE,MN,AGL,CE,Federal Contract Tower,0,9,11,0,20,0,2,11,0,13,0,11,22,0,33,14,0,14,47
12/17/2021,ANE,MN,AGL,CE,Federal Contract Tower,0,10,20,0,30,0,3,63,0,66,0,13,83,0,96,258,0,258,354
12/18/2021,ANE,MN,AGL,CE,Federal Contract Tower,0,3,17,0,20,0,2,34,0,36,0,5,51,0,56,80,0,80,136
12/19/2021,ANE,MN,AGL,CE,Federal Contract Tower,0,2,18,0,20,0,1,22,0,23,0,3,40,0,43,12,0,12,55
12/20/2021,ANE,MN,AGL,CE,Federal Contract Tower,0,8,40,0,48,0,0,55,0,55,0,8,95,0,103,82,0,82,185
12/21/2021,ANE,MN,AGL,CE,Federal Contract Tower,0,7,16,0,23,0,3,6,0,9,0,10,22,0,32,20,0,20,52
12/22/2021,ANE,MN,AGL,CE,Federal Contract Tower,0,9,26,0,35,0,4,40,0,44,0,13,66,0,79,126,0,126,205
12/23/2021,ANE,MN,AGL,CE,Federal Contract Tower,0,7,31,0,38,0,6,99,0,105,0,13,130,0,143,134,0,134,277
12/24/2021,ANE,MN,AGL,CE,Federal Contract Tower,0,4,15,0,19,0,11,24,0,35,0,15,39,0,54,34,0,34,88
12/25/2021,ANE,MN,AGL,CE,Federal Contract Tower,0,3,1,0,4,0,2,16,0,18,0,5,17,0,22,44,0,44,66
12/26/2021,ANE,MN,AGL,CE,Federal Contract Tower,0,4,15,0,19,0,4,26,0,30,0,8,41,0,49,36,0,36,85
12/27/2021,ANE,MN,AGL,CE,Federal Contract Tower,0,13,13,0,26,0,4,1,0,5,0,17,14,0,31,0,0,0,31
12/28/2021,ANE,MN,AGL,CE,Federal Contract Tower,0,7,3,0,10,0,0,5,0,5,0,7,8,0,15,0,0,0,15
12/29/2021,ANE,MN,AGL,CE,Federal Contract Tower,0,11,9,0,20,0,2,39,0,41,0,13,48,0,61,56,0,56,117
12/30/2021,ANE,MN,AGL,CE,Federal Contract Tower,0,7,14,0,21,0,0,2,0,2,0,7,16,0,23,12,0,12,35
12/31/2021,ANE,MN,AGL,CE,Federal Contract Tower,0,3,6,0,9,0,2,4,0,6,0,5,10,0,15,22,0,22,37
01/01/2022,ANE,MN,AGL,CE,Federal Contract Tower,0,1,3,0,4,0,9,2,0,11,0,10,5,0,15,0,0,0,15
01/02/2022,ANE,MN,AGL,CE,Federal Contract Tower,0,6,9,0,15,0,12,14,0,26,0,18,23,0,41,24,0,24,65
01/03/2022,ANE,MN,AGL,CE,Federal Contract Tower,0,6,38,1,45,0,3,72,0,75,0,9,110,1,120,66,0,66,186
01/04/2022,ANE,MN,AGL,CE,Federal Contract Tower,0,9,28,0,37,0,1,50,0,51,0,10,78,0,88,36,0,36,124
01/05/2022,ANE,MN,AGL,CE,Federal Contract Tower,0,6,8,0,14,0,0,0,0,0,0,6,8,0,14,0,0,0,14
01/06/2022,ANE,MN,AGL,CE,Federal Contract Tower,0,10,17,2,29,0,6,9,0,15,0,16,26,2,44,14,0,14,58
01/07/2022,ANE,MN,AGL,CE,Federal Contract Tower,0,5,12,0,17,0,8,20,0,28,0,13,32,0,45,56,0,56,101
01/08/2022,ANE,MN,AGL,CE,Federal Contract Tower,0,5,5,0,10,0,4,70,0,74,0,9,75,0,84,28,0,28,112
01/09/2022,ANE,MN,AGL,CE,Federal Contract Tower,0,6,14,0,20,0,2,31,0,33,0,8,45,0,53,16,0,16,69
01/10/2022,ANE,MN,AGL,CE,Federal Contract Tower,0,9,13,2,24,0,8,8,0,16,0,17,21,2,40,20,0,20,60
01/11/2022,ANE,MN,AGL,CE,Federal Contract Tower,0,9,41,0,50,0,5,61,0,66,0,14,102,0,116,72,2,74,190
01/12/2022,ANE,MN,AGL,CE,Federal Contract Tower,0,11,35,0,46,0,10,70,0,80,0,21,105,0,126,112,0,112,238
01/13/2022,ANE,MN,AGL,CE,Federal Contract Tower,0,3,17,0,20,0,0,16,2,18,0,3,33,2,38,58,0,58,96
01/14/2022,ANE,MN,AGL,CE,Federal Contract Tower,0,4,1,0,5,0,0,0,0,0,0,4,1,0,5,0,0,0,5
01/15/2022,ANE,MN,AGL,CE,Federal Contract Tower,0,2,19,0,21,0,7,72,0,79,0,9,91,0,100,92,8,100,200
01/16/2022,ANE,MN,AGL,CE,Federal Contract Tower,0,6,3,0,9,0,0,19,0,19,0,6,22,0,28,12,0,12,40
01/17/2022,ANE,MN,AGL,CE,Federal Contract Tower,0,6,41,0,47,0,7,30,0,37,0,13,71,0,84,48,0,48,132
01/18/2022,ANE,MN,AGL,CE,Federal Contract Tower,0,10,18,0,28,0,4,37,2,43,0,14,55,2,71,98,0,98,169
01/19/2022,ANE,MN,AGL,CE,Federal Contract Tower,0,5,15,0,20,0,9,11,0,20,0,14,26,0,40,36,2,38,78
01/20/2022,ANE,MN,AGL,CE,Federal Contract Tower,0,5,21,0,26,1,1,19,0,21,1,6,40,0,47,50,0,50,97
01/21/2022,ANE,MN,AGL,CE,Federal Contract Tower,0,6,15,0,21,0,9,16,0,25,0,15,31,0,46,16,0,16,62
01/22/2022,ANE,MN,AGL,CE,Federal Contract Tower,0,5,11,0,16,0,0,62,0,62,0,5,73,0,78,58,0,58,136
01/23/2022,ANE,MN,AGL,CE,Federal Contract Tower,0,8,31,0,39,0,4,44,0,48,0,12,75,0,87,58,0,58,145
01/24/2022,ANE,MN,AGL,CE,Federal Contract Tower,0,7,29,1,37,0,6,61,2,69,0,13,90,3,106,36,0,36,142
01/25/2022,ANE,MN,AGL,CE,Federal Contract Tower,0,5,17,0,22,0,9,23,0,32,0,14,40,0,54,28,0,28,82
01/26/2022,ANE,MN,AGL,CE,Federal Contract Tower,0,5,10,0,15,0,11,10,2,23,0,16,20,2,38,12,16,28,66
01/27/2022,ANE,MN,AGL,CE,Federal Contract Tower,0,11,29,2,42,0,8,42,2,52,0,19,71,4,94,86,4,90,184
01/28/2022,ANE,MN,AGL,CE,Federal Contract Tower,0,12,21,0,33,0,3,42,0,45,0,15,63,0,78,40,0,40,118
01/29/2022,ANE,MN,AGL,CE,Federal Contract Tower,0,4,22,0,26,0,4,98,0,102,0,8,120,0,128,106,0,106,234
01/30/2022,ANE,MN,AGL,CE,Federal Contract Tower,0,1,21,0,22,0,2,77,0,79,0,3,98,0,101,96,0,96,197
01/31/2022,ANE,MN,AGL,CE,Federal Contract Tower,0,13,28,1,42,0,8,48,0,56,0,21,76,1,98,46,2,48,146
02/01/2022,ANE,MN,AGL,CE,Federal Contract Tower,0,8,11,0,19,0,0,4,2,6,0,8,15,2,25,2,0,2,27
02/02/2022,ANE,MN,AGL,CE,Federal Contract Tower,0,18,38,0,56,0,5,25,0,30,0,23,63,0,86,56,2,58,144
02/03/2022,ANE,MN,AGL,CE,Federal Contract Tower,0,7,29,0,36,0,4,20,2,26,0,11,49,2,62,10,0,10,72
02/04/2022,ANE,MN,AGL,CE,Federal Contract Tower,0,5,12,0,17,0,3,14,0,17,0,8,26,0,34,74,0,74,108
02/05/2022,ANE,MN,AGL,CE,Federal Contract Tower,0,2,11,0,13,0,2,27,0,29,0,4,38,0,42,16,0,16,58
02/06/2022,ANE,MN,AGL,CE,Federal Contract Tower,0,1,11,0,12,0,0,7,0,7,0,1,18,0,19,12,0,12,31
02/07/2022,ANE,MN,AGL,CE,Federal Contract Tower,0,7,28,0,35,0,4,60,0,64,0,11,88,0,99,96,0,96,195
02/08/2022,ANE,MN,AGL,CE,Federal Contract Tower,0,11,41,0,52,0,1,67,4,72,0,12,108,4,124,90,10,100,224
02/09/2022,ANE,MN,AGL,CE,Federal Contract Tower,0,9,15,0,24,0,1,9,0,10,0,10,24,0,34,24,0,24,58
02/10/2022,ANE,MN,AGL,CE,Federal Contract Tower,0,6,9,0,15,0,2,14,0,16,0,8,23,0,31,44,0,44,75
02/11/2022,ANE,MN,AGL,CE,Federal Contract Tower,0,4,4,0,8,0,0,0,0,0,0,4,4,0,8,0,0,0,8
02/12/2022,ANE,MN,AGL,CE,Federal Contract Tower,0,5,24,0,29,0,6,39,0,45,0,11,63,0,74,72,0,72,146
02/13/2022,ANE,MN,AGL,CE,Federal Contract Tower,0,2,10,0,12,0,4,18,0,22,0,6,28,0,34,30,0,30,64
02/14/2022,ANE,MN,AGL,CE,Federal Contract Tower,0,7,17,0,24,0,2,42,0,44,0,9,59,0,68,42,0,42,110
02/15/2022,ANE,MN,AGL,CE,Federal Contract Tower,0,7,16,0,23,0,3,24,2,29,0,10,40,2,52,52,0,52,104
02/16/2022,ANE,MN,AGL,CE,Federal Contract Tower,0,11,39,2,52,0,2,56,1,59,0,13,95,3,111,98,0,98,209
02/17/2022,ANE,MN,AGL,CE,Federal Contract Tower,0,7,25,1,33,0,6,44,0,50,0,13,69,1,83,100,4,104,187
02/18/2022,ANE,MN,AGL,CE,Federal Contract Tower,0,8,8,0,16,0,0,3,0,3,0,8,11,0,19,0,0,0,19
02/19/2022,ANE,MN,AGL,CE,Federal Contract Tower,0,2,21,0,23,0,2,64,0,66,0,4,85,0,89,92,0,92,181
02/20/2022,ANE,MN,AGL,CE,Federal Contract Tower,0,9,21,0,30,0,4,76,0,80,0,13,97,0,110,98,0,98,208
02/21/2022,ANE,MN,AGL,CE,Federal Contract Tower,0,3,7,0,10,0,0,1,0,1,0,3,8,0,11,0,0,0,11
02/22/2022,ANE,MN,AGL,CE,Federal Contract Tower,0,7,5,0,12,0,0,0,0,0,0,7,5,0,12,0,0,0,12
02/23/2022,ANE,MN,AGL,CE,Federal Contract Tower,0,4,35,0,39,0,4,34,2,40,0,8,69,2,79,66,0,66,145
02/24/2022,ANE,MN,AGL,CE,Federal Contract Tower,0,7,26,0,33,0,0,27,0,27,0,7,53,0,60,80,0,80,140
02/25/2022,ANE,MN,AGL,CE,Federal Contract Tower,0,10,21,0,31,0,1,59,0,60,0,11,80,0,91,118,0,118,209
02/26/2022,ANE,MN,AGL,CE,Federal Contract Tower,0,4,10,0,14,0,5,52,4,61,0,9,62,4,75,70,2,72,147
02/27/2022,ANE,MN,AGL,CE,Federal Contract Tower,0,5,11,0,16,0,3,77,0,80,0,8,88,0,96,82,0,82,178
02/28/2022,ANE,MN,AGL,CE,Federal Contract Tower,0,10,44,2,56,0,0,81,0,81,0,10,125,2,137,94,0,94,231
03/01/2022,ANE,MN,AGL,CE,Federal Contract Tower,0,15,23,0,38,0,1,50,2,53,0,16,73,2,91,96,4,100,191
03/02/2022,ANE,MN,AGL,CE,Federal Contract Tower,0,9,19,0,28,0,9,28,0,37,0,18,47,0,65,62,0,62,127
03/03/2022,ANE,MN,AGL,CE,Federal Contract Tower,0,9,32,0,41,0,3,35,0,38,0,12,67,0,79,80,0,80,159
03/04/2022,ANE,MN,AGL,CE,Federal Contract Tower,0,4,28,0,32,0,3,48,0,51,0,7,76,0,83,70,0,70,153
03/05/2022,ANE,MN,AGL,CE,Federal Contract Tower,0,2,4,0,6,0,0,0,0,0,0,2,4,0,6,0,0,0,6
03/06/2022,ANE,MN,AGL,CE,Federal Contract Tower,0,1,8,0,9,0,2,8,0,10,0,3,16,0,19,10,0,10,29
03/07/2022,ANE,MN,AGL,CE,Federal Contract Tower,0,5,36,0,41,0,50,0,0,50,0,55,36,0,91,118,0,118,209
03/08/2022,ANE,MN,AGL,CE,Federal Contract Tower,0,16,25,0,41,0,5,49,0,54,0,21,74,0,95,106,0,106,201
03/09/2022,ANE,MN,AGL,CE,Federal Contract Tower,0,7,30,2,39,0,2,40,0,42,0,9,70,2,81,20,2,22,103
03/10/2022,ANE,MN,AGL,CE,Federal Contract Tower,0,6,31,0,37,0,2,43,0,45,0,8,74,0,82,100,0,100,182
03/11/2022,ANE,MN,AGL,CE,Federal Contract Tower,0,2,22,0,24,0,3,16,0,19,0,5,38,0,43,14,0,14,57
03/12/2022,ANE,MN,AGL,CE,Federal Contract Tower,0,3,24,0,27,0,10,60,0,70,0,13,84,0,97,112,0,112,209
03/13/2022,ANE,MN,AGL,CE,Federal Contract Tower,0,5,18,0,23,0,4,61,0,65,0,9,79,0,88,58,0,58,146
03/14/2022,ANE,MN,AGL,CE,Federal Contract Tower,0,9,21,0,30,0,5,11,0,16,0,14,32,0,46,44,0,44,90
03/15/2022,ANE,MN,AGL,CE,Federal Contract Tower,0,8,40,2,50,0,2,99,4,105,0,10,139,6,155,142,0,142,297
03/16/2022,ANE,MN,AGL,CE,Federal Contract Tower,0,14,40,0,54,0,4,97,0,101,0,18,137,0,155,146,0,146,301
03/17/2022,ANE,MN,AGL,CE,Federal Contract Tower,0,14,23,0,37,0,4,46,0,50,0,18,69,0,87,94,2,96,183
03/18/2022,ANE,MN,AGL,CE,Federal Contract Tower,0,7,18,0,25,0,13,73,0,86,0,20,91,0,111,122,0,122,233
03/19/2022,ANE,MN,AGL,CE,Federal Contract Tower,0,7,27,0,34,0,3,90,0,93,0,10,117,0,127,118,0,118,245
03/20/2022,ANE,MN,AGL,CE,Federal Contract Tower,0,2,40,0,42,0,3,73,0,76,0,5,113,0,118,84,0,84,202
03/21/2022,ANE,MN,AGL,CE,Federal Contract Tower,0,14,33,0,47,0,3,54,0,57,0,17,87,0,104,44,0,44,148
03/22/2022,ANE,MN,AGL,CE,Federal Contract Tower,0,9,6,0,15,0,0,0,0,0,0,9,6,0,15,0,0,0,15
03/23/2022,ANE,MN,AGL,CE,Federal Contract Tower,0,8,17,0,25,0,0,0,0,0,0,8,17,0,25,0,0,0,25
03/24/2022,ANE,MN,AGL,CE,Federal Contract Tower,0,6,29,0,35,0,3,49,0,52,0,9,78,0,87,100,6,106,193
03/25/2022,ANE,MN,AGL,CE,Federal Contract Tower,0,4,16,0,20,0,1,3,0,4,0,5,19,0,24,20,0,20,44
03/26/2022,ANE,MN,AGL,CE,Federal Contract Tower,0,3,14,0,17,0,6,20,0,26,0,9,34,0,43,32,0,32,75
03/27/2022,ANE,MN,AGL,CE,Federal Contract Tower,0,5,26,3,34,0,1,75,0,76,0,6,101,3,110,82,0,82,192
03/28/2022,ANE,MN,AGL,CE,Federal Contract Tower,0,3,43,0,46,0,1,75,0,76,0,4,118,0,122,132,0,132,254
03/29/2022,ANE,MN,AGL,CE,Federal Contract Tower,0,9,28,0,37,0,7,32,0,39,0,16,60,0,76,34,4,38,114
03/30/2022,ANE,MN,AGL,CE,Federal Contract Tower,0,5,15,0,20,0,0,0,0,0,0,5,15,0,20,0,0,0,20
03/31/2022,ANE,MN,AGL,CE,Federal Contract Tower,0,8,21,0,29,0,7,33,0,40,0,15,54,0,69,48,0,48,117
04/01/2022,ANE,MN,AGL,CE,Federal Contract Tower,0,7,46,0,53,0,3,97,0,100,0,10,143,0,153,88,0,88,241
04/02/2022,ANE,MN,AGL,CE,Federal Contract Tower,0,4,20,0,24,0,4,34,0,38,0,8,54,0,62,88,0,88,150
04/03/2022,ANE,MN,AGL,CE,Federal Contract Tower,0,2,22,0,24,0,0,55,0,55,0,2,77,0,79,36,0,36,115
04/04/2022,ANE,MN,AGL,CE,Federal Contract Tower,0,3,18,0,21,0,4,42,0,46,0,7,60,0,67,100,0,100,167
04/05/2022,ANE,MN,AGL,CE,Federal Contract Tower,0,10,9,0,19,0,0,0,2,2,0,10,9,2,21,0,0,0,21
04/06/2022,ANE,MN,AGL,CE,Federal Contract Tower,0,10,9,0,19,0,2,0,0,2,0,12,9,0,21,2,0,2,23
04/07/2022,ANE,MN,AGL,CE,Federal Contract Tower,0,4,10,0,14,0,2,0,0,2,0,6,10,0,16,0,0,0,16
04/08/2022,ANE,MN,AGL,CE,Federal Contract Tower,0,7,16,0,23,0,3,36,0,39,0,10,52,0,62,28,0,28,90
04/09/2022,ANE,MN,AGL,CE,Federal Contract Tower,0,6,40,0,46,0,3,165,1,169,0,9,205,1,215,94,0,94,309
04/10/2022,ANE,MN,AGL,CE,Federal Contract Tower,0,1,21,0,22,0,8,28,0,36,0,9,49,0,58,14,0,14,72
04/11/2022,ANE,MN,AGL,CE,Federal Contract Tower,0,3,34,0,37,0,5,71,2,78,0,8,105,2,115,130,4,134,249
04/12/2022,ANE,MN,AGL,CE,Federal Contract Tower,0,14,25,2,41,0,3,22,2,27,0,17,47,4,68,34,20,54,122
04/13/2022,ANE,MN,AGL,CE,Federal Contract Tower,0,8,20,0,28,0,12,6,0,18,0,20,26,0,46,66,0,66,112
04/14/2022,ANE,MN,AGL,CE,Federal Contract Tower,0,13,16,0,29,0,2,1,0,3,0,15,17,0,32,0,0,0,32
04/15/2022,ANE,MN,AGL,CE,Federal Contract Tower,0,5,30,0,35,0,2,19,0,21,0,7,49,0,56,0,0,0,56
04/16/2022,ANE,MN,AGL,CE,Federal Contract Tower,0,1,37,0,38,0,5,54,0,59,0,6,91,0,97,66,0,66,163
04/17/2022,ANE,MN,AGL,CE,Federal Contract Tower,0,2,9,0,11,0,5,39,0,44,0,7,48,0,55,8,0,8,63
04/18/2022,ANE,MN,AGL,CE,Federal Contract Tower,0,6,14,0,20,0,5,10,0,15,0,11,24,0,35,10,0,10,45
04/19/2022,ANE,MN,AGL,CE,Federal Contract Tower,0,5,59,0,64,0,11,109,0,120,0,16,168,0,184,122,4,126,310
04/20/2022,ANE,MN,AGL,CE,Federal Contract Tower,0,8,14,2,24,0,5,2,0,7,0,13,16,2,31,0,0,0,31
04/21/2022,ANE,MN,AGL,CE,Federal Contract Tower,0,8,53,0,61,0,7,94,0,101,0,15,147,0,162,138,0,138,300
04/22/2022,ANE,MN,AGL,CE,Federal Contract Tower,0,6,28,0,34,0,0,4,4,8,0,6,32,4,42,6,2,8,50
04/23/2022,ANE,MN,AGL,CE,Federal Contract Tower,0,2,10,0,12,0,2,7,0,9,0,4,17,0,21,0,0,0,21
04/24/2022,ANE,MN,AGL,CE,Federal Contract Tower,0,4,24,0,28,0,2,7,0,9,0,6,31,0,37,2,0,2,39
04/25/2022,ANE,MN,AGL,CE,Federal Contract Tower,0,11,28,0,39,0,8,26,0,34,0,19,54,0,73,40,0,40,113
04/26/2022,ANE,MN,AGL,CE,Federal Contract Tower,0,16,44,4,64,0,4,127,3,134,0,20,171,7,198,164,0,164,362
04/27/2022,ANE,MN,AGL,CE,Federal Contract Tower,0,10,44,0,54,0,7,91,0,98,0,17,135,0,152,166,0,166,318
04/28/2022,ANE,MN,AGL,CE,Federal Contract Tower,0,8,23,0,31,0,2,64,0,66,0,10,87,0,97,88,0,88,185
04/29/2022,ANE,MN,AGL,CE,Federal Contract Tower,0,9,22,0,31,0,7,11,0,18,0,16,33,0,49,64,0,64,113
04/30/2022,ANE,MN,AGL,CE,Federal Contract Tower,0,3,10,0,13,0,0,0,0,0,0,3,10,0,13,0,0,0,13
05/01/2022,ANE,MN,AGL,CE,Federal Contract Tower,0,3,17,0,20,0,0,1,0,1,0,3,18,0,21,0,0,0,21
05/02/2022,ANE,MN,AGL,CE,Federal Contract Tower,0,9,36,0,45,0,4,50,0,54,0,13,86,0,99,94,0,94,193
05/03/2022,ANE,MN,AGL,CE,Federal Contract Tower,0,7,41,0,48,0,4,96,0,100,0,11,137,0,148,112,0,112,260
05/04/2022,ANE,MN,AGL,CE,Federal Contract Tower,0,15,49,2,66,0,3,112,0,115,0,18,161,2,181,188,0,188,369
05/05/2022,ANE,MN,AGL,CE,Federal Contract Tower,0,14,32,0,46,0,5,86,0,91,0,19,118,0,137,136,0,136,273
05/06/2022,ANE,MN,AGL,CE,Federal Contract Tower,0,6,29,0,35,0,6,110,0,116,0,12,139,0,151,122,0,122,273
05/07/2022,ANE,MN,AGL,CE,Federal Contract Tower,0,3,23,0,26,0,0,74,0,74,0,3,97,0,100,30,0,30,130
05/08/2022,ANE,MN,AGL,CE,Federal Contract Tower,0,0,14,0,14,0,0,3,0,3,0,0,17,0,17,0,0,0,17
05/09/2022,ANE,MN,AGL,CE,Federal Contract Tower,0,4,16,0,20,0,2,0,0,2,0,6,16,0,22,0,0,0,22
05/10/2022,ANE,MN,AGL,CE,Federal Contract Tower,0,11,20,0,31,2,5,120,0,127,2,16,140,0,158,196,0,196,354
05/11/2022,ANE,MN,AGL,CE,Federal Contract Tower,0,4,16,0,20,0,1,26,0,27,0,5,42,0,47,8,0,8,55
05/12/2022,ANE,MN,AGL,CE,Federal Contract Tower,0,7,32,0,39,0,5,18,0,23,0,12,50,0,62,24,0,24,86
05/13/2022,ANE,MN,AGL,CE,Federal Contract Tower,0,8,27,0,35,0,17,101,0,118,0,25,128,0,153,194,2,196,349
05/14/2022,ANE,MN,AGL,CE,Federal Contract Tower,0,3,21,0,24,0,3,136,0,139,0,6,157,0,163,30,0,30,193
05/15/2022,ANE,MN,AGL,CE,Federal Contract Tower,0,2,20,0,22,0,2,70,0,72,0,4,90,0,94,76,0,76,170
05/16/2022,ANE,MN,AGL,CE,Federal Contract Tower,0,6,33,0,39,0,3,70,0,73,0,9,103,0,112,56,0,56,168
05/17/2022,ANE,MN,AGL,CE,Federal Contract Tower,0,8,42,0,50,0,5,105,0,110,0,13,147,0,160,158,0,158,318
05/18/2022,ANE,MN,AGL,CE,Federal Contract Tower,0,5,37,0,42,0,1,55,0,56,0,6,92,0,98,170,0,170,268
05/19/2022,ANE,MN,AGL,CE,Federal Contract Tower,0,8,34,0,42,0,4,58,0,62,0,12,92,0,104,126,0,126,230
05/20/2022,ANE,MN,AGL,CE,Federal Contract Tower,0,10,36,0,46,0,5,44,0,49,0,15,80,0,95,60,0,60,155
05/21/2022,ANE,MN,AGL,CE,Federal Contract Tower,0,1,15,0,16,0,4,73,0,77,0,5,88,0,93,130,0,130,223
05/22/2022,ANE,MN,AGL,CE,Federal Contract Tower,0,4,24,0,28,0,4,65,0,69,0,8,89,0,97,62,0,62,159
05/23/2022,ANE,MN,AGL,CE,Federal Contract Tower,0,3,43,0,46,0,3,106,0,109,0,6,149,0,155,140,0,140,295
05/24/2022,ANE,MN,AGL,CE,Federal Contract Tower,0,17,55,2,74,0,0,120,0,120,0,17,175,2,194,200,0,200,394
05/25/2022,ANE,MN,AGL,CE,Federal Contract Tower,0,11,34,2,47,0,0,0,0,0,0,11,34,2,47,0,0,0,47
05/26/2022,ANE,MN,AGL,CE,Federal Contract Tower,0,12,36,0,48,0,5,37,0,42,0,17,73,0,90,56,0,56,146
05/27/2022,ANE,MN,AGL,CE,Federal Contract Tower,0,6,26,0,32,0,2,111,0,113,0,8,137,0,145,170,0,170,315
05/28/2022,ANE,MN,AGL,CE,Federal Contract Tower,0,2,9,0,11,0,6,43,0,49,0,8,52,0,60,30,0,30,90
05/29/2022,ANE,MN,AGL,CE,Federal Contract Tower,0,6,9,0,15,0,2,10,0,12,0,8,19,0,27,12,0,12,39
05/30/2022,ANE,MN,AGL,CE,Federal Contract Tower,0,1,2,0,3,0,4,38,0,42,0,5,40,0,45,18,0,18,63
05/31/2022,ANE,MN,AGL,CE,Federal Contract Tower,0,9,37,0,46,0,2,10,0,12,0,11,47,0,58,22,0,22,80
06/01/2022,ANE,MN,AGL,CE,Federal Contract Tower,0,10,35,0,45,0,4,110,0,114,0,14,145,0,159,98,0,98,257
06/02/2022,ANE,MN,AGL,CE,Federal Contract Tower,0,12,30,0,42,0,3,57,0,60,0,15,87,0,102,54,0,54,156
06/03/2022,ANE,MN,AGL,CE,Federal Contract Tower,0,8,53,1,62,0,13,100,0,113,0,21,153,1,175,136,6,142,317
06/04/2022,ANE,MN,AGL,CE,Federal Contract Tower,0,3,25,0,28,0,9,78,0,87,0,12,103,0,115,66,0,66,181
06/05/2022,ANE,MN,AGL,CE,Federal Contract Tower,0,4,27,0,31,0,1,69,0,70,0,5,96,0,101,64,0,64,165
06/06/2022,ANE,MN,AGL,CE,Federal Contract Tower,0,10,54,0,64,0,7,87,0,94,0,17,141,0,158,150,0,150,308
06/07/2022,ANE,MN,AGL,CE,Federal Contract Tower,0,7,49,3,59,0,3,128,0,131,0,10,177,3,190,210,0,210,400
06/08/2022,ANE,MN,AGL,CE,Federal Contract Tower,0,9,45,1,55,0,3,104,1,108,0,12,149,2,163,86,0,86,249
06/09/2022,ANE,MN,AGL,CE,Federal Contract Tower,0,8,24,0,32,0,4,77,0,81,0,12,101,0,113,90,0,90,203
06/10/2022,ANE,MN,AGL,CE,Federal Contract Tower,0,12,33,0,45,0,8,88,0,96,0,20,121,0,141,112,2,114,255
06/11/2022,ANE,MN,AGL,CE,Federal Contract Tower,0,9,7,0,16,0,11,60,3,74,0,20,67,3,90,38,0,38,128
06/12/2022,ANE,MN,AGL,CE,Federal Contract Tower,0,5,44,0,49,0,6,59,0,65,0,11,103,0,114,58,0,58,172
06/13/2022,ANE,MN,AGL,CE,Federal Contract Tower,0,6,20,0,26,0,2,22,0,24,0,8,42,0,50,44,0,44,94
06/14/2022,ANE,MN,AGL,CE,Federal Contract Tower,0,7,38,0,45,0,11,40,0,51,0,18,78,0,96,56,0,56,152
06/15/2022,ANE,MN,AGL,CE,Federal Contract Tower,0,10,21,0,31,0,11,64,0,75,0,21,85,0,106,112,0,112,218
06/16/2022,ANE,MN,AGL,CE,Federal Contract Tower,0,8,26,0,34,0,4,22,0,26,0,12,48,0,60,6,0,6,66
06/17/2022,ANE,MN,AGL,CE,Federal Contract Tower,0,7,43,0,50,0,7,156,0,163,0,14,199,0,213,156,0,156,369
06/18/2022,ANE,MN,AGL,CE,Federal Contract Tower,0,3,18,0,21,0,5,124,0,129,0,8,142,0,150,36,0,36,186
06/19/2022,ANE,MN,AGL,CE,Federal Contract Tower,0,3,18,0,21,0,10,47,0,57,0,13,65,0,78,20,0,20,98
06/20/2022,ANE,MN,AGL,CE,Federal Contract Tower,0,14,27,0,41,0,1,25,0,26,0,15,52,0,67,24,0,24,91
06/21/2022,ANE,MN,AGL,CE,Federal Contract Tower,0,12,27,4,43,0,7,59,2,68,0,19,86,6,111,74,0,74,185
06/22/2022,ANE,MN,AGL,CE,Federal Contract Tower,0,10,49,0,59,0,11,112,0,123,0,21,161,0,182,127,0,127,309
06/23/2022,ANE,MN,AGL,CE,Federal Contract Tower,0,10,40,0,50,0,14,70,2,86,0,24,110,2,136,134,8,142,278
06/24/2022,ANE,MN,AGL,CE,Federal Contract Tower,0,16,31,0,47,0,7,98,0,105,0,23,129,0,152,132,0,132,284
06/25/2022,ANE,MN,AGL,CE,Federal Contract Tower,0,6,14,1,21,0,5,26,0,31,0,11,40,1,52,76,2,78,130
06/26/2022,ANE,MN,AGL,CE,Federal Contract Tower,0,4,14,0,18,0,8,31,0,39,0,12,45,0,57,0,0,0,57
06/27/2022,ANE,MN,AGL,CE,Federal Contract Tower,0,18,44,0,62,0,16,122,0,138,0,34,166,0,200,104,0,104,304
06/28/2022,ANE,MN,AGL,CE,Federal Contract Tower,0,16,35,3,54,0,7,69,5,81,0,23,104,8,135,126,12,138,273
06/29/2022,ANE,MN,AGL,CE,Federal Contract Tower,0,6,42,0,48,0,12,67,0,79,0,18,109,0,127,126,0,126,253
06/30/2022,ANE,MN,AGL,CE,Federal Contract Tower,0,19,45,0,64,0,6,74,0,80,0,25,119,0,144,90,0,90,234
07/01/2022,ANE,MN,AGL,CE,Federal Contract Tower,0,5,24,0,29,1,9,79,0,89,1,14,103,0,118,88,0,88,206
07/02/2022,ANE,MN,AGL,CE,Federal Contract Tower,0,3,23,0,26,0,5,85,0,90,0,8,108,0,116,68,0,68,184
07/03/2022,ANE,MN,AGL,CE,Federal Contract Tower,0,4,10,0,14,0,4,45,0,49,0,8,55,0,63,48,0,48,111
07/04/2022,ANE,MN,AGL,CE,Federal Contract Tower,0,3,8,0,11,0,2,23,0,25,0,5,31,0,36,36,0,36,72
07/05/2022,ANE,MN,AGL,CE,Federal Contract Tower,0,9,22,0,31,0,4,27,0,31,0,13,49,0,62,88,0,88,150
07/06/2022,ANE,MN,AGL,CE,Federal Contract Tower,0,11,49,0,60,0,4,53,0,57,0,15,102,0,117,162,0,162,279
07/07/2022,ANE,MN,AGL,CE,Federal Contract Tower,0,6,22,0,28,0,8,73,3,84,0,14,95,3,112,188,24,212,324
07/08/2022,ANE,MN,AGL,CE,Federal Contract Tower,0,9,28,0,37,0,2,113,0,115,0,11,141,0,152,100,0,100,252
07/09/2022,ANE,MN,AGL,CE,Federal Contract Tower,0,3,25,0,28,0,6,204,0,210,0,9,229,0,238,28,0,28,266
07/10/2022,ANE,MN,AGL,CE,Federal Contract Tower,0,3,26,0,29,0,2,29,0,31,0,5,55,0,60,10,0,10,70
07/11/2022,ANE,MN,AGL,CE,Federal Contract Tower,0,6,46,1,53,0,6,28,0,34,0,12,74,1,87,24,0,24,111
07/12/2022,ANE,MN,AGL,CE,Federal Contract Tower,0,15,39,1,55,0,1,84,2,87,0,16,123,3,142,100,0,100,242
07/13/2022,ANE,MN,AGL,CE,Federal Contract Tower,0,20,41,0,61,0,13,76,0,89,0,33,117,0,150,144,0,144,294
07/14/2022,ANE,MN,AGL,CE,Federal Contract Tower,0,6,41,0,47,0,3,67,0,70,0,9,108,0,117,82,0,82,199
07/15/2022,ANE,MN,AGL,CE,Federal Contract Tower,0,2,43,0,45,0,3,92,2,97,0,5,135,2,142,104,0,104,246
07/16/2022,ANE,MN,AGL,CE,Federal Contract Tower,0,8,27,0,35,0,4,73,0,77,0,12,100,0,112,82,0,82,194
07/17/2022,ANE,MN,AGL,CE,Federal Contract Tower,0,8,30,0,38,0,4,74,0,78,0,12,104,0,116,106,0,106,222
07/18/2022,ANE,MN,AGL,CE,Federal Contract Tower,0,15,38,0,53,0,5,104,0,109,0,20,142,0,162,64,0,64,226
07/19/2022,ANE,MN,AGL,CE,Federal Contract Tower,0,8,31,0,39,0,10,35,0,45,0,18,66,0,84,14,0,14,98
07/20/2022,ANE,MN,AGL,CE,Federal Contract Tower,0,8,52,0,60,0,3,24,0,27,0,11,76,0,87,8,2,10,97
07/21/2022,ANE,MN,AGL,CE,Federal Contract Tower,0,9,38,2,49,0,3,95,1,99,0,12,133,3,148,88,2,90,238
07/22/2022,ANE,MN,AGL,CE,Federal Contract Tower,0,9,32,0,41,0,4,131,0,135,0,13,163,0,176,138,0,138,314
07/23/2022,ANE,MN,AGL,CE,Federal Contract Tower,0,1,19,0,20,0,3,39,0,42,0,4,58,0,62,56,0,56,118
07/24/2022,ANE,MN,AGL,CE,Federal Contract Tower,0,9,36,0,45,0,4,63,0,67,0,13,99,0,112,34,0,34,146
07/25/2022,ANE,MN,AGL,CE,Federal Contract Tower,0,16,25,0,41,0,15,92,0,107,0,31,117,0,148,98,0,98,246
07/26/2022,ANE,MN,AGL,CE,Federal Contract Tower,0,5,36,0,41,0,1,58,0,59,0,6,94,0,100,150,0,150,250
07/27/2022,ANE,MN,AGL,CE,Federal Contract Tower,0,11,51,0,62,0,6,112,0,118,0,17,163,0,180,176,0,176,356
07/28/2022,ANE,MN,AGL,CE,Federal Contract Tower,0,12,58,0,70,0,8,84,0,92,0,20,142,0,162,76,0,76,238
07/29/2022,ANE,MN,AGL,CE,Federal Contract Tower,0,4,36,0,40,0,6,104,0,110,0,10,140,0,150,140,0,140,290
07/30/2022,ANE,MN,AGL,CE,Federal Contract Tower,0,4,25,1,30,0,3,88,0,91,0,7,113,1,121,90,0,90,211
07/31/2022,ANE,MN,AGL,CE,Federal Contract Tower,0,3,27,0,30,0,10,41,0,51,0,13,68,0,81,26,0,26,107
08/01/2022,ANE,MN,AGL,CE,Federal Contract Tower,0,11,50,0,61,0,5,101,0,106,0,16,151,0,167,142,0,142,309
08/02/2022,ANE,MN,AGL,CE,Federal Contract Tower,0,9,38,0,47,0,2,48,0,50,0,11,86,0,97,78,0,78,175
08/03/2022,ANE,MN,AGL,CE,Federal Contract Tower,0,7,33,0,40,0,8,60,0,68,0,15,93,0,108,36,0,36,144
08/04/2022,ANE,MN,AGL,CE,Federal Contract Tower,0,13,32,0,45,0,4,136,0,140,0,17,168,0,185,182,4,186,371
08/05/2022,ANE,MN,AGL,CE,Federal Contract Tower,0,7,21,0,28,0,5,68,0,73,0,12,89,0,101,74,0,74,175
08/06/2022,ANE,MN,AGL,CE,Federal Contract Tower,0,2,10,0,12,0,3,5,0,8,0,5,15,0,20,0,0,0,20
08/07/2022,ANE,MN,AGL,CE,Federal Contract Tower,0,6,19,0,25,0,3,53,0,56,0,9,72,0,81,74,0,74,155
08/08/2022,ANE,MN,AGL,CE,Federal Contract Tower,0,4,38,0,42,0,7,75,0,82,0,11,113,0,124,102,0,102,226
08/09/2022,ANE,MN,AGL,CE,Federal Contract Tower,0,7,29,0,36,0,10,112,0,122,0,17,141,0,158,160,0,160,318
08/10/2022,ANE,MN,AGL,CE,Federal Contract Tower,0,5,42,2,49,0,8,126,0,134,0,13,168,2,183,102,0,102,285
08/11/2022,ANE,MN,AGL,CE,Federal Contract Tower,0,8,39,0,47,0,4,119,0,123,0,12,158,0,170,124,0,124,294
08/12/2022,ANE,MN,AGL,CE,Federal Contract Tower,0,8,6,0,14,0,2,23,0,25,0,10,29,0,39,10,4,14,53
08/13/2022,ANE,MN,AGL,CE,Federal Contract Tower,0,10,24,0,34,0,3,37,0,40,0,13,61,0,74,74,0,74,148
08/14/2022,ANE,MN,AGL,CE,Federal Contract Tower,0,4,19,0,23,0,2,70,0,72,0,6,89,0,95,70,0,70,165
08/15/2022,ANE,MN,AGL,CE,Federal Contract Tower,0,14,23,0,37,0,13,103,0,116,0,27,126,0,153,124,0,124,277
08/16/2022,ANE,MN,AGL,CE,Federal Contract Tower,0,12,32,0,44,0,3,113,0,116,0,15,145,0,160,162,0,162,322
08/17/2022,ANE,MN,AGL,CE,Federal Contract Tower,0,9,20,0,29,0,4,48,0,52,0,13,68,0,81,108,0,108,189
08/18/2022,ANE,MN,AGL,CE,Federal Contract Tower,0,8,25,0,33,0,1,24,0,25,0,9,49,0,58,124,0,124,182
08/19/2022,ANE,MN,AGL,CE,Federal Contract Tower,0,5,16,0,21,0,2,13,0,15,0,7,29,0,36,26,0,26,62
08/20/2022,ANE,MN,AGL,CE,Federal Contract Tower,0,9,31,0,40,0,8,20,0,28,0,17,51,0,68,90,0,90,158
08/21/2022,ANE,MN,AGL,CE,Federal Contract Tower,0,5,24,0,29,0,3,98,0,101,0,8,122,0,130,54,0,54,184
08/22/2022,ANE,MN,AGL,CE,Federal Contract Tower,0,6,33,0,39,0,5,92,2,99,0,11,125,2,138,228,0,228,366
08/23/2022,ANE,MN,AGL,CE,Federal Contract Tower,0,10,31,0,41,0,8,108,0,116,0,18,139,0,157,118,4,122,279
08/24/2022,ANE,MN,AGL,CE,Federal Contract Tower,0,12,44,3,59,0,2,51,0,53,0,14,95,3,112,142,2,144,256
08/25/2022,ANE,MN,AGL,CE,Federal Contract Tower,0,11,33,0,44,0,5,66,0,71,0,16,99,0,115,156,0,156,271
08/26/2022,ANE,MN,AGL,CE,Federal Contract Tower,0,12,27,0,39,0,0,106,0,106,0,12,133,0,145,138,0,138,283
08/27/2022,ANE,MN,AGL,CE,Federal Contract Tower,0,4,11,0,15,0,4,26,0,30,0,8,37,0,45,0,0,0,45
08/28/2022,ANE,MN,AGL,CE,Federal Contract Tower,0,8,32,0,40,0,4,29,0,33,0,12,61,0,73,60,0,60,133
08/29/2022,ANE,MN,AGL,CE,Federal Contract Tower,0,5,16,0,21,0,4,52,0,56,0,9,68,0,77,38,0,38,115
08/30/2022,ANE,MN,AGL,CE,Federal Contract Tower,0,9,29,2,40,0,5,103,0,108,0,14,132,2,148,130,0,130,278
08/31/2022,ANE,MN,AGL,CE,Federal Contract Tower,0,12,28,0,40,0,2,122,0,124,0,14,150,0,164,70,0,70,234
09/01/2022,ANE,MN,AGL,CE,Federal Contract Tower,0,11,15,0,26,0,6,67,0,73,0,17,82,0,99,194,0,194,293
09/02/2022,ANE,MN,AGL,CE,Federal Contract Tower,0,6,41,0,47,0,6,63,0,69,0,12,104,0,116,138,0,138,254
09/03/2022,ANE,MN,AGL,CE,Federal Contract Tower,0,2,22,0,24,0,5,81,0,86,0,7,103,0,110,74,0,74,184
09/04/2022,ANE,MN,AGL,CE,Federal Contract Tower,0,2,11,0,13,0,11,81,0,92,0,13,92,0,105,106,0,106,211
09/05/2022,ANE,MN,AGL,CE,Federal Contract Tower,0,3,19,0,22,0,10,94,0,104,0,13,113,0,126,110,0,110,236
09/06/2022,ANE,MN,AGL,CE,Federal Contract Tower,0,5,18,0,23,0,1,73,0,74,0,6,91,0,97,184,0,184,281
09/07/2022,ANE,MN,AGL,CE,Federal Contract Tower,0,7,39,0,46,0,1,71,0,72,0,8,110,0,118,180,0,180,298
09/08/2022,ANE,MN,AGL,CE,Federal Contract Tower,0,17,29,0,46,0,3,49,0,52,0,20,78,0,98,14,0,14,112
09/09/2022,ANE,MN,AGL,CE,Federal Contract Tower,0,13,16,0,29,0,0,8,0,8,0,13,24,0,37,6,0,6,43
09/10/2022,ANE,MN,AGL,CE,Federal Contract Tower,0,7,26,0,33,0,10,131,0,141,0,17,157,0,174,138,0,138,312
09/11/2022,ANE,MN,AGL,CE,Federal Contract Tower,0,4,12,0,16,0,7,82,0,89,0,11,94,0,105,66,0,66,171
09/12/2022,ANE,MN,AGL,CE,Federal Contract Tower,0,13,41,0,54,0,14,114,0,128,0,27,155,0,182,94,0,94,276
09/13/2022,ANE,MN,AGL,CE,Federal Contract Tower,0,19,30,1,50,0,8,106,0,114,0,27,136,1,164,240,6,246,410
09/14/2022,ANE,MN,AGL,CE,Federal Contract Tower,0,14,29,0,43,0,5,79,0,84,0,19,108,0,127,168,0,168,295
09/15/2022,ANE,MN,AGL,CE,Federal Contract Tower,0,7,34,0,41,0,8,61,0,69,0,15,95,0,110,100,0,100,210
09/16/2022,ANE,MN,AGL,CE,Federal Contract Tower,0,18,30,0,48,0,0,58,0,58,0,18,88,0,106,94,0,94,200
09/17/2022,ANE,MN,AGL,CE,Federal Contract Tower,0,5,11,0,16,0,6,95,0,101,0,11,106,0,117,154,0,154,271
09/18/2022,ANE,MN,AGL,CE,Federal Contract Tower,0,3,28,0,31,0,4,67,0,71,0,7,95,0,102,26,0,26,128
09/19/2022,ANE,MN,AGL,CE,Federal Contract Tower,0,13,43,0,56,0,5,97,0,102,0,18,140,0,158,176,0,176,334
09/20/2022,ANE,MN,AGL,CE,Federal Contract Tower,0,5,28,0,33,0,7,72,2,81,0,12,100,2,114,214,4,218,332
09/21/2022,ANE,MN,AGL,CE,Federal Contract Tower,0,6,27,0,33,0,0,49,0,49,0,6,76,0,82,132,0,132,214
09/22/2022,ANE,MN,AGL,CE,Federal Contract Tower,0,8,56,0,64,0,9,147,0,156,0,17,203,0,220,196,0,196,416
09/23/2022,ANE,MN,AGL,CE,Federal Contract Tower,0,9,29,0,38,0,7,10,0,17,0,16,39,0,55,62,0,62,117
09/24/2022,ANE,MN,AGL,CE,Federal Contract Tower,0,4,36,0,40,0,6,28,0,34,0,10,64,0,74,112,0,112,186
09/25/2022,ANE,MN,AGL,CE,Federal Contract Tower,0,4,16,0,20,0,1,43,0,44,0,5,59,0,64,30,0,30,94
09/26/2022,ANE,MN,AGL,CE,Federal Contract Tower,0,11,25,0,36,0,10,56,0,66,0,21,81,0,102,62,0,62,164
09/27/2022,ANE,MN,AGL,CE,Federal Contract Tower,0,15,52,0,67,0,3,122,0,125,0,18,174,0,192,208,0,208,400
09/28/2022,ANE,MN,AGL,CE,Federal Contract Tower,0,9,46,0,55,0,4,101,0,105,0,13,147,0,160,138,2,140,300
09/29/2022,ANE,MN,AGL,CE,Federal Contract Tower,0,13,32,0,45,0,7,92,0,99,0,20,124,0,144,172,0,172,316
09/30/2022,ANE,MN,AGL,CE,Federal Contract Tower,0,8,27,0,35,0,3,98,0,101,0,11,125,0,136,190,0,190,326
10/01/2022,ANE,MN,AGL,CE,Federal Contract Tower,0,2,24,0,26,0,2,83,0,85,0,4,107,0,111,170,0,170,281
10/02/2022,ANE,MN,AGL,CE,Federal Contract Tower,0,9,34,0,43,0,3,83,0,86,0,12,117,0,129,136,0,136,265
10/03/2022,ANE,MN,AGL,CE,Federal Contract Tower,0,8,26,0,34,0,2,78,0,80,0,10,104,0,114,114,0,114,228
10/04/2022,ANE,MN,AGL,CE,Federal Contract Tower,0,9,43,0,52,0,9,99,0,108,0,18,142,0,160,172,0,172,332
10/05/2022,ANE,MN,AGL,CE,Federal Contract Tower,0,5,25,0,30,0,13,79,0,92,0,18,104,0,122,184,0,184,306
10/06/2022,ANE,MN,AGL,CE,Federal Contract Tower,0,4,32,0,36,0,6,41,0,47,0,10,73,0,83,98,0,98,181
10/07/2022,ANE,MN,AGL,CE,Federal Contract Tower,0,11,40,0,51,0,3,105,0,108,0,14,145,0,159,280,0,280,439
10/08/2022,ANE,MN,AGL,CE,Federal Contract Tower,0,3,22,0,25,0,4,171,0,175,0,7,193,0,200,172,0,172,372
10/09/2022,ANE,MN,AGL,CE,Federal Contract Tower,0,4,46,0,50,0,3,137,0,140,0,7,183,0,190,216,0,216,406
10/10/2022,ANE,MN,AGL,CE,Federal Contract Tower,0,2,43,0,45,0,6,110,0,116,0,8,153,0,161,212,0,212,373
10/11/2022,ANE,MN,AGL,CE,Federal Contract Tower,0,12,23,0,35,0,5,62,0,67,0,17,85,0,102,66,0,66,168
10/12/2022,ANE,MN,AGL,CE,Federal Contract Tower,0,8,26,0,34,0,11,59,0,70,0,19,85,0,104,114,0,114,218
10/13/2022,ANE,MN,AGL,CE,Federal Contract Tower,0,10,48,2,60,0,6,52,0,58,0,16,100,2,118,112,0,112,230
10/14/2022,ANE,MN,AGL,CE,Federal Contract Tower,0,13,17,0,30,0,1,7,0,8,0,14,24,0,38,38,0,38,76
10/15/2022,ANE,MN,AGL,CE,Federal Contract Tower,0,4,24,0,28,0,8,83,0,91,0,12,107,0,119,150,0,150,269
10/16/2022,ANE,MN,AGL,CE,Federal Contract Tower,0,3,24,0,27,0,2,33,0,35,0,5,57,0,62,72,0,72,134
10/17/2022,ANE,MN,AGL,CE,Federal Contract Tower,0,6,35,0,41,0,9,50,0,59,0,15,85,0,100,58,0,58,158
10/18/2022,ANE,MN,AGL,CE,Federal Contract Tower,0,5,49,0,54,0,5,81,2,88,0,10,130,2,142,230,0,230,372
10/19/2022,ANE,MN,AGL,CE,Federal Contract Tower,0,7,35,0,42,0,1,119,0,120,0,8,154,0,162,222,0,222,384
10/20/2022,ANE,MN,AGL,CE,Federal Contract Tower,0,8,53,0,61,0,15,99,0,114,0,23,152,0,175,244,0,244,419
10/21/2022,ANE,MN,AGL,CE,Federal Contract Tower,0,16,35,0,51,0,2,98,0,100,0,18,133,0,151,208,0,208,359
10/23/2022,ANE,MN,AGL,CE,Federal Contract Tower,0,5,26,0,31,0,7,34,0,41,0,12,60,0,72,36,0,36,108
10/24/2022,ANE,MN,AGL,CE,Federal Contract Tower,0,4,20,0,24,0,8,30,0,38,0,12,50,0,62,60,0,60,122
10/25/2022,ANE,MN,AGL,CE,Federal Contract Tower,0,5,45,2,52,0,7,75,0,82,0,12,120,2,134,292,0,292,426
10/26/2022,ANE,MN,AGL,CE,Federal Contract Tower,0,8,31,0,39,0,2,127,0,129,0,10,158,0,168,184,0,184,352
10/27/2022,ANE,MN,AGL,CE,Federal Contract Tower,0,9,51,0,60,0,8,51,0,59,0,17,102,0,119,126,2,128,247
10/28/2022,ANE,MN,AGL,CE,Federal Contract Tower,0,5,36,1,42,0,3,96,0,99,0,8,132,1,141,170,6,176,317
10/29/2022,ANE,MN,AGL,CE,Federal Contract Tower,0,3,31,0,34,0,2,100,0,102,0,5,131,0,136,146,0,146,282
10/30/2022,ANE,MN,AGL,CE,Federal Contract Tower,0,4,25,0,29,0,2,101,0,103,0,6,126,0,132,130,0,130,262
10/31/2022,ANE,MN,AGL,CE,Federal Contract Tower,0,7,36,0,43,0,8,94,0,102,0,15,130,0,145,142,0,142,287
11/01/2022,ANE,MN,AGL,CE,Federal Contract Tower,0,3,36,0,39,0,7,109,0,116,0,10,145,0,155,246,0,246,401
11/02/2022,ANE,MN,AGL,CE,Federal Contract Tower,0,7,11,0,18,0,6,23,0,29,0,13,34,0,47,96,0,96,143
11/03/2022,ANE,MN,AGL,CE,Federal Contract Tower,0,13,36,0,49,0,0,42,0,42,0,13,78,0,91,158,0,158,249
11/04/2022,ANE,MN,AGL,CE,Federal Contract Tower,0,11,17,0,28,0,2,37,0,39,0,13,54,0,67,290,0,290,357
11/05/2022,ANE,MN,AGL,CE,Federal Contract Tower,0,4,19,0,23,0,6,4,0,10,0,10,23,0,33,6,0,6,39
11/06/2022,ANE,MN,AGL,CE,Federal Contract Tower,0,6,16,0,22,0,3,18,0,21,0,9,34,0,43,0,0,0,43
11/07/2022,ANE,MN,AGL,CE,Federal Contract Tower,0,10,37,0,47,0,7,103,0,110,0,17,140,0,157,236,0,236,393
11/08/2022,ANE,MN,AGL,CE,Federal Contract Tower,0,5,15,2,22,0,0,8,0,8,0,5,23,2,30,34,0,34,64
11/09/2022,ANE,MN,AGL,CE,Federal Contract Tower,0,9,13,0,22,0,0,6,0,6,0,9,19,0,28,44,0,44,72
11/10/2022,ANE,MN,AGL,CE,Federal Contract Tower,0,6,11,0,17,0,0,2,0,2,0,6,13,0,19,0,0,0,19
11/11/2022,ANE,MN,AGL,CE,Federal Contract Tower,0,10,13,0,23,0,0,18,0,18,0,10,31,0,41,58,0,58,99
11/12/2022,ANE,MN,AGL,CE,Federal Contract Tower,0,7,21,0,28,0,1,99,0,100,0,8,120,0,128,272,0,272,400
11/13/2022,ANE,MN,AGL,CE,Federal Contract Tower,0,5,31,0,36,0,1,73,0,74,0,6,104,0,110,180,0,180,290
11/14/2022,ANE,MN,AGL,CE,Federal Contract Tower,0,7,9,0,16,0,0,0,0,0,0,7,9,0,16,0,0,0,16
11/15/2022,ANE,MN,AGL,CE,Federal Contract Tower,0,10,13,0,23,0,0,0,0,0,0,10,13,0,23,0,0,0,23
11/16/2022,ANE,MN,AGL,CE,Federal Contract Tower,0,8,19,0,27,0,0,0,0,0,0,8,19,0,27,32,0,32,59
11/17/2022,ANE,MN,AGL,CE,Federal Contract Tower,0,9,20,0,29,0,0,4,0,4,0,9,24,0,33,8,0,8,41
11/18/2022,ANE,MN,AGL,CE,Federal Contract Tower,0,10,35,0,45,0,4,25,0,29,0,14,60,0,74,92,0,92,166
11/19/2022,ANE,MN,AGL,CE,Federal Contract Tower,0,4,11,0,15,0,4,19,4,27,0,8,30,4,42,10,0,10,52
11/20/2022,ANE,MN,AGL,CE,Federal Contract Tower,0,4,28,0,32,0,1,61,0,62,0,5,89,0,94,104,0,104,198
11/21/2022,ANE,MN,AGL,CE,Federal Contract Tower,0,7,43,0,50,0,12,116,0,128,0,19,159,0,178,190,0,190,368
11/22/2022,ANE,MN,AGL,CE,Federal Contract Tower,0,13,60,0,73,0,7,121,0,128,0,20,181,0,201,210,0,210,411
11/23/2022,ANE,MN,AGL,CE,Federal Contract Tower,0,8,26,0,34,0,6,112,0,118,0,14,138,0,152,132,0,132,284
11/24/2022,ANE,MN,AGL,CE,Federal Contract Tower,0,2,3,0,5,0,4,5,0,9,0,6,8,0,14,0,0,0,14
11/25/2022,ANE,MN,AGL,CE,Federal Contract Tower,0,3,19,0,22,0,1,83,0,84,0,4,102,0,106,116,0,116,222
11/26/2022,ANE,MN,AGL,CE,Federal Contract Tower,0,6,35,0,41,0,2,118,0,120,0,8,153,0,161,130,0,130,291
11/27/2022,ANE,MN,AGL,CE,Federal Contract Tower,0,4,38,0,42,0,6,108,0,114,0,10,146,0,156,150,0,150,306
11/28/2022,ANE,MN,AGL,CE,Federal Contract Tower,0,3,27,0,30,0,2,54,0,56,0,5,81,0,86,82,0,82,168
11/29/2022,ANE,MN,AGL,CE,Federal Contract Tower,0,11,10,0,21,0,1,0,0,1,0,12,10,0,22,0,0,0,22
11/30/2022,ANE,MN,AGL,CE,Federal Contract Tower,0,15,25,0,40,0,7,5,0,12,0,22,30,0,52,24,0,24,76
12/01/2022,ANE,MN,AGL,CE,Federal Contract Tower,0,11,26,0,37,0,2,40,0,42,0,13,66,0,79,102,0,102,181
12/02/2022,ANE,MN,AGL,CE,Federal Contract Tower,0,6,14,0,20,0,1,41,0,42,0,7,55,0,62,114,0,114,176
12/03/2022,ANE,MN,AGL,CE,Federal Contract Tower,0,4,29,0,33,0,8,43,0,51,0,12,72,0,84,158,0,158,242
12/04/2022,ANE,MN,AGL,CE,Federal Contract Tower,0,2,37,0,39,0,4,75,0,79,0,6,112,0,118,58,0,58,176
12/05/2022,ANE,MN,AGL,CE,Federal Contract Tower,0,5,16,0,21,0,5,53,0,58,0,10,69,0,79,158,0,158,237
12/06/2022,ANE,MN,AGL,CE,Federal Contract Tower,0,10,36,0,46,0,10,49,0,59,0,20,85,0,105,160,2,162,267
12/07/2022,ANE,MN,AGL,CE,Federal Contract Tower,0,8,24,0,32,0,4,46,0,50,0,12,70,0,82,92,0,92,174
12/08/2022,ANE,MN,AGL,CE,Federal Contract Tower,0,8,31,1,40,0,7,79,0,86,0,15,110,1,126,174,4,178,304
12/09/2022,ANE,MN,AGL,CE,Federal Contract Tower,0,6,14,2,22,0,5,7,0,12,0,11,21,2,34,150,0,150,184
12/10/2022,ANE,MN,AGL,CE,Federal Contract Tower,0,6,0,0,6,0,0,0,0,0,0,6,0,0,6,0,0,0,6
12/11/2022,ANE,MN,AGL,CE,Federal Contract Tower,0,4,24,0,28,0,2,14,0,16,0,6,38,0,44,68,0,68,112
12/12/2022,ANE,MN,AGL,CE,Federal Contract Tower,0,7,12,0,19,0,2,9,0,11,0,9,21,0,30,2,0,2,32
12/13/2022,ANE,MN,AGL,CE,Federal Contract Tower,0,6,11,0,17,0,2,5,0,7,0,8,16,0,24,28,0,28,52
12/14/2022,ANE,MN,AGL,CE,Federal Contract Tower,0,5,9,0,14,0,0,0,0,0,0,5,9,0,14,0,0,0,14
12/15/2022,ANE,MN,AGL,CE,Federal Contract Tower,0,8,4,0,12,0,0,0,0,0,0,8,4,0,12,0,0,0,12
12/16/2022,ANE,MN,AGL,CE,Federal Contract Tower,0,7,19,2,28,0,0,0,0,0,0,7,19,2,28,0,0,0,28
12/17/2022,ANE,MN,AGL,CE,Federal Contract Tower,0,3,14,0,17,0,0,4,0,4,0,3,18,0,21,0,0,0,21
12/18/2022,ANE,MN,AGL,CE,Federal Contract Tower,0,7,23,0,30,0,3,50,0,53,0,10,73,0,83,222,0,222,305
12/19/2022,ANE,MN,AGL,CE,Federal Contract Tower,0,9,13,0,22,0,1,12,0,13,0,10,25,0,35,46,0,46,81
12/20/2022,ANE,MN,AGL,CE,Federal Contract Tower,0,12,27,0,39,0,8,28,0,36,0,20,55,0,75,104,6,110,185
12/21/2022,ANE,MN,AGL,CE,Federal Contract Tower,0,7,9,0,16,0,0,2,0,2,0,7,11,0,18,8,0,8,26
12/22/2022,ANE,MN,AGL,CE,Federal Contract Tower,0,3,4,0,7,0,2,2,0,4,0,5,6,0,11,0,0,0,11
12/23/2022,ANE,MN,AGL,CE,Federal Contract Tower,0,3,3,0,6,0,0,5,0,5,0,3,8,0,11,0,0,0,11
12/24/2022,ANE,MN,AGL,CE,Federal Contract Tower,0,3,0,0,3,0,6,2,0,8,0,9,2,0,11,0,0,0,11
12/25/2022,ANE,MN,AGL,CE,Federal Contract Tower,0,0,3,0,3,0,6,7,0,13,0,6,10,0,16,6,0,6,22
12/26/2022,ANE,MN,AGL,CE,Federal Contract Tower,0,1,28,0,29,0,9,58,0,67,0,10,86,0,96,154,0,154,250
12/27/2022,ANE,MN,AGL,CE,Federal Contract Tower,0,2,25,0,27,0,12,66,0,78,0,14,91,0,105,190,0,190,295
12/28/2022,ANE,MN,AGL,CE,Federal Contract Tower,0,8,31,0,39,0,11,65,0,76,0,19,96,0,115,146,8,154,269
12/29/2022,ANE,MN,AGL,CE,Federal Contract Tower,0,6,5,0,11,0,1,12,0,13,0,7,17,0,24,222,0,222,246
12/30/2022,ANE,MN,AGL,CE,Federal Contract Tower,0,4,20,0,24,0,7,62,0,69,0,11,82,0,93,204,0,204,297
12/31/2022,ANE,MN,AGL,CE,Federal Contract Tower,0,6,2,0,8,0,2,31,0,33,0,8,33,0,41,138,0,138,179
01/01/2023,ANE,MN,AGL,CE,Federal Contract Tower,0,7,3,0,10,0,0,10,0,10,0,7,13,0,20,26,0,26,46
01/02/2023,ANE,MN,AGL,CE,Federal Contract Tower,0,3,7,0,10,0,0,0,0,0,0,3,7,0,10,0,0,0,10
01/03/2023,ANE,MN,AGL,CE,Federal Contract Tower,0,0,3,0,3,0,0,0,0,0,0,0,3,0,3,0,0,0,3
01/04/2023,ANE,MN,AGL,CE,Federal Contract Tower,0,6,3,0,9,0,0,0,0,0,0,6,3,0,9,0,0,0,9
01/05/2023,ANE,MN,AGL,CE,Federal Contract Tower,0,4,5,0,9,0,1,3,0,4,0,5,8,0,13,58,0,58,71
01/06/2023,ANE,MN,AGL,CE,Federal Contract Tower,0,8,19,0,27,0,0,30,0,30,0,8,49,0,57,156,0,156,213
01/07/2023,ANE,MN,AGL,CE,Federal Contract Tower,0,4,16,0,20,0,2,57,0,59,0,6,73,0,79,156,0,156,235
01/08/2023,ANE,MN,AGL,CE,Federal Contract Tower,0,4,22,0,26,0,5,58,0,63,0,9,80,0,89,162,0,162,251
01/09/2023,ANE,MN,AGL,CE,Federal Contract Tower,0,6,22,0,28,0,0,46,0,46,0,6,68,0,74,124,0,124,198
01/10/2023,ANE,MN,AGL,CE,Federal Contract Tower,0,10,20,0,30,0,0,0,0,0,0,10,20,0,30,0,0,0,30
01/11/2023,ANE,MN,AGL,CE,Federal Contract Tower,0,8,16,0,24,0,0,0,0,0,0,8,16,0,24,0,0,0,24
01/12/2023,ANE,MN,AGL,CE,Federal Contract Tower,0,9,20,0,29,0,0,14,0,14,0,9,34,0,43,60,0,60,103
01/13/2023,ANE,MN,AGL,CE,Federal Contract Tower,0,5,14,0,19,0,0,4,0,4,0,5,18,0,23,0,0,0,23
01/14/2023,ANE,MN,AGL,CE,Federal Contract Tower,0,3,20,0,23,0,3,111,0,114,0,6,131,0,137,112,0,112,249
01/15/2023,ANE,MN,AGL,CE,Federal Contract Tower,0,7,26,0,33,0,3,58,0,61,0,10,84,0,94,178,0,178,272
01/16/2023,ANE,MN,AGL,CE,Federal Contract Tower,0,2,8,0,10,0,0,0,0,0,0,2,8,0,10,0,0,0,10
01/17/2023,ANE,MN,AGL,CE,Federal Contract Tower,0,5,15,2,22,0,0,9,0,9,0,5,24,2,31,94,0,94,125
01/18/2023,ANE,MN,AGL,CE,Federal Contract Tower,0,5,12,0,17,0,3,17,0,20,0,8,29,0,37,306,32,338,375
01/19/2023,ANE,MN,AGL,CE,Federal Contract Tower,0,3,11,0,14,0,2,0,0,2,0,5,11,0,16,2,0,2,18
01/20/2023,ANE,MN,AGL,CE,Federal Contract Tower,0,6,11,0,17,0,0,16,0,16,0,6,27,0,33,234,0,234,267
01/21/2023,ANE,MN,AGL,CE,Federal Contract Tower,0,5,2,0,7,0,0,0,0,0,0,5,2,0,7,0,0,0,7
01/22/2023,ANE,MN,AGL,CE,Federal Contract Tower,0,4,0,0,4,0,0,0,0,0,0,4,0,0,4,0,0,0,4
01/23/2023,ANE,MN,AGL,CE,Federal Contract Tower,0,6,12,0,18,0,6,11,0,17,0,12,23,0,35,68,0,68,103
01/24/2023,ANE,MN,AGL,CE,Federal Contract Tower,0,8,41,0,49,0,2,71,0,73,0,10,112,0,122,240,0,240,362
01/25/2023,ANE,MN,AGL,CE,Federal Contract Tower,0,5,13,0,18,0,0,0,0,0,0,5,13,0,18,0,4,4,22
01/26/2023,ANE,MN,AGL,CE,Federal Contract Tower,0,8,32,0,40,0,2,74,0,76,0,10,106,0,116,216,0,216,332
01/27/2023,ANE,MN,AGL,CE,Federal Contract Tower,0,6,9,0,15,0,0,7,0,7,0,6,16,0,22,0,0,0,22
01/28/2023,ANE,MN,AGL,CE,Federal Contract Tower,0,4,26,0,30,0,7,62,3,72,0,11,88,3,102,146,0,146,248
01/29/2023,ANE,MN,AGL,CE,Federal Contract Tower,0,2,24,0,26,0,4,32,0,36,0,6,56,0,62,96,0,96,158
01/30/2023,ANE,MN,AGL,CE,Federal Contract Tower,0,11,15,0,26,0,2,26,0,28,0,13,41,0,54,68,0,68,122
01/31/2023,ANE,MN,AGL,CE,Federal Contract Tower,0,8,18,2,28,0,12,58,2,72,0,20,76,4,100,232,0,232,332
02/01/2023,ANE,MN,AGL,CE,Federal Contract Tower,0,14,30,0,44,0,4,78,0,82,0,18,108,0,126,78,0,78,204
02/02/2023,ANE,MN,AGL,CE,Federal Contract Tower,0,16,21,0,37,0,3,16,2,21,0,19,37,2,58,8,0,8,66
02/03/2023,ANE,MN,AGL,CE,Federal Contract Tower,0,5,10,0,15,0,6,32,0,38,0,11,42,0,53,108,0,108,161
02/04/2023,ANE,MN,AGL,CE,Federal Contract Tower,0,5,24,0,29,0,3,84,0,87,0,8,108,0,116,120,0,120,236
02/05/2023,ANE,MN,AGL,CE,Federal Contract Tower,0,6,28,0,34,0,4,75,0,79,0,10,103,0,113,118,0,118,231
02/06/2023,ANE,MN,AGL,CE,Federal Contract Tower,0,7,20,0,27,0,3,21,0,24,0,10,41,0,51,4,0,4,55
02/07/2023,ANE,MN,AGL,CE,Federal Contract Tower,0,4,45,0,49,0,2,70,0,72,0,6,115,0,121,218,0,218,339
02/08/2023,ANE,MN,AGL,CE,Federal Contract Tower,0,6,38,0,44,0,4,82,0,86,0,10,120,0,130,154,0,154,284
02/09/2023,ANE,MN,AGL,CE,Federal Contract Tower,0,11,11,0,22,0,2,11,0,13,0,13,22,0,35,20,0,20,55
02/10/2023,ANE,MN,AGL,CE,Federal Contract Tower,0,8,30,0,38,0,0,94,0,94,0,8,124,0,132,184,0,184,316
02/11/2023,ANE,MN,AGL,CE,Federal Contract Tower,0,3,17,0,20,0,3,103,0,106,0,6,120,0,126,194,0,194,320
02/12/2023,ANE,MN,AGL,CE,Federal Contract Tower,0,2,29,0,31,0,6,69,0,75,0,8,98,0,106,156,0,156,262
02/13/2023,ANE,MN,AGL,CE,Federal Contract Tower,0,4,38,0,42,0,2,76,0,78,0,6,114,0,120,124,0,124,244
02/14/2023,ANE,MN,AGL,CE,Federal Contract Tower,0,4,13,0,17,0,0,3,0,3,0,4,16,0,20,0,0,0,20
02/15/2023,ANE,MN,AGL,CE,Federal Contract Tower,0,9,18,3,30,0,7,14,3,24,0,16,32,6,54,54,2,56,110
02/16/2023,ANE,MN,AGL,CE,Federal Contract Tower,0,18,19,0,37,0,3,72,0,75,0,21,91,0,112,78,0,78,190
02/17/2023,ANE,MN,AGL,CE,Federal Contract Tower,0,10,30,0,40,0,7,54,0,61,0,17,84,0,101,116,0,116,217
02/18/2023,ANE,MN,AGL,CE,Federal Contract Tower,0,12,23,0,35,0,8,149,0,157,0,20,172,0,192,160,0,160,352
02/19/2023,ANE,MN,AGL,CE,Federal Contract Tower,0,7,11,0,18,0,2,22,0,24,0,9,33,0,42,44,0,44,86
02/20/2023,ANE,MN,AGL,CE,Federal Contract Tower,0,5,16,0,21,0,3,1,0,4,0,8,17,0,25,0,0,0,25
02/21/2023,ANE,MN,AGL,CE,Federal Contract Tower,0,4,23,0,27,0,1,24,0,25,0,5,47,0,52,178,0,178,230
02/22/2023,ANE,MN,AGL,CE,Federal Contract Tower,0,0,1,0,1,0,2,5,0,7,0,2,6,0,8,14,0,14,22
02/23/2023,ANE,MN,AGL,CE,Federal Contract Tower,0,7,4,0,11,0,2,0,0,2,0,9,4,0,13,0,0,0,13
02/24/2023,ANE,MN,AGL,CE,Federal Contract Tower,0,8,10,0,18,0,7,41,0,48,0,15,51,0,66,234,0,234,300
02/25/2023,ANE,MN,AGL,CE,Federal Contract Tower,0,5,25,0,30,0,6,91,0,97,0,11,116,0,127,204,0,204,331
02/26/2023,ANE,MN,AGL,CE,Federal Contract Tower,0,7,39,0,46,0,6,98,0,104,0,13,137,0,150,168,0,168,318
02/27/2023,ANE,MN,AGL,CE,Federal Contract Tower,0,5,2,0,7,0,0,0,0,0,0,5,2,0,7,0,0,0,7
02/28/2023,ANE,MN,AGL,CE,Federal Contract Tower,0,7,26,0,33,0,3,108,0,111,0,10,134,0,144,194,0,194,338
03/01/2023,ANE,MN,AGL,CE,Federal Contract Tower,0,6,14,0,20,0,0,0,0,0,0,6,14,0,20,0,0,0,20
03/02/2023,ANE,MN,AGL,CE,Federal Contract Tower,0,6,20,0,26,0,2,19,0,21,0,8,39,0,47,98,0,98,145
03/03/2023,ANE,MN,AGL,CE,Federal Contract Tower,0,6,10,0,16,0,8,55,0,63,0,14,65,0,79,98,0,98,177
03/04/2023,ANE,MN,AGL,CE,Federal Contract Tower,0,5,21,0,26,0,4,61,0,65,0,9,82,0,91,164,0,164,255
03/05/2023,ANE,MN,AGL,CE,Federal Contract Tower,0,4,9,0,13,0,0,30,0,30,0,4,39,0,43,172,0,172,215
03/06/2023,ANE,MN,AGL,CE,Federal Contract Tower,0,3,12,2,17,0,6,0,0,6,0,9,12,2,23,0,0,0,23
03/07/2023,ANE,MN,AGL,CE,Federal Contract Tower,0,7,28,0,35,0,2,46,0,48,0,9,74,0,83,128,0,128,211
03/08/2023,ANE,MN,AGL,CE,Federal Contract Tower,0,3,8,0,11,0,1,10,0,11,0,4,18,0,22,20,0,20,42
03/09/2023,ANE,MN,AGL,CE,Federal Contract Tower,0,9,12,0,21,0,0,3,0,3,0,9,15,0,24,34,0,34,58
03/10/2023,ANE,MN,AGL,CE,Federal Contract Tower,0,1,14,0,15,0,5,26,0,31,0,6,40,0,46,110,0,110,156
03/11/2023,ANE,MN,AGL,CE,Federal Contract Tower,0,0,9,0,9,0,0,0,0,0,0,0,9,0,9,8,0,8,17
03/12/2023,ANE,MN,AGL,CE,Federal Contract Tower,0,2,8,0,10,0,0,0,0,0,0,2,8,0,10,0,0,0,10
03/13/2023,ANE,MN,AGL,CE,Federal Contract Tower,0,6,18,0,24,0,11,83,0,94,0,17,101,0,118,242,0,242,360
03/14/2023,ANE,MN,AGL,CE,Federal Contract Tower,0,11,33,0,44,0,4,79,0,83,0,15,112,0,127,126,0,126,253
03/15/2023,ANE,MN,AGL,CE,Federal Contract Tower,0,8,15,0,23,0,5,45,0,50,0,13,60,0,73,156,2,158,231
03/16/2023,ANE,MN,AGL,CE,Federal Contract Tower,0,1,4,0,5,0,0,0,0,0,0,1,4,0,5,2,0,2,7
03/17/2023,ANE,MN,AGL,CE,Federal Contract Tower,0,6,8,0,14,0,2,5,0,7,0,8,13,0,21,22,0,22,43
03/18/2023,ANE,MN,AGL,CE,Federal Contract Tower,0,5,10,0,15,0,12,28,0,40,0,17,38,0,55,42,2,44,99
03/20/2023,ANE,MN,AGL,CE,Federal Contract Tower,0,11,20,0,31,0,4,59,0,63,0,15,79,0,94,98,0,98,192
03/21/2023,ANE,MN,AGL,CE,Federal Contract Tower,0,2,10,0,12,0,4,48,0,52,0,6,58,0,64,114,0,114,178
03/22/2023,ANE,MN,AGL,CE,Federal Contract Tower,0,9,11,0,20,0,2,13,0,15,0,11,24,0,35,28,4,32,67
03/23/2023,ANE,MN,AGL,CE,Federal Contract Tower,0,11,36,0,47,0,0,80,0,80,0,11,116,0,127,198,0,198,325
03/24/2023,ANE,MN,AGL,CE,Federal Contract Tower,0,19,26,0,45,0,0,84,0,84,0,19,110,0,129,204,0,204,333
03/25/2023,ANE,MN,AGL,CE,Federal Contract Tower,0,12,17,0,29,0,7,80,0,87,0,19,97,0,116,160,0,160,276
03/26/2023,ANE,MN,AGL,CE,Federal Contract Tower,0,7,21,0,28,0,2,86,0,88,0,9,107,0,116,146,0,146,262
03/27/2023,ANE,MN,AGL,CE,Federal Contract Tower,0,18,23,0,41,0,7,84,0,91,0,25,107,0,132,176,0,176,308
03/28/2023,ANE,MN,AGL,CE,Federal Contract Tower,0,21,11,0,32,0,16,67,0,83,0,37,78,0,115,118,4,122,237
03/29/2023,ANE,MN,AGL,CE,Federal Contract Tower,0,10,19,0,29,0,15,94,0,109,0,25,113,0,138,282,0,282,420
03/30/2023,ANE,MN,AGL,CE,Federal Contract Tower,0,17,22,0,39,0,4,15,2,21,0,21,37,2,60,30,0,30,90
03/31/2023,ANE,MN,AGL,CE,Federal Contract Tower,0,6,16,0,22,0,0,0,0,0,0,6,16,0,22,0,0,0,22
04/01/2023,ANE,MN,AGL,CE,Federal Contract Tower,0,6,16,0,22,0,8,14,0,22,0,14,30,0,44,24,0,24,68
04/02/2023,ANE,MN,AGL,CE,Federal Contract Tower,0,2,8,0,10,0,0,13,0,13,0,2,21,0,23,44,0,44,67
04/03/2023,ANE,MN,AGL,CE,Federal Contract Tower,0,15,23,0,38,0,18,33,0,51,0,33,56,0,89,98,0,98,187
04/04/2023,ANE,MN,AGL,CE,Federal Contract Tower,0,11,7,0,18,0,2,0,0,2,0,13,7,0,20,20,0,20,40
04/05/2023,ANE,MN,AGL,CE,Federal Contract Tower,0,3,3,0,6,0,2,1,0,3,0,5,4,0,9,0,2,2,11
04/06/2023,ANE,MN,AGL,CE,Federal Contract Tower,0,22,23,0,45,0,12,44,0,56,0,34,67,0,101,72,0,72,173
04/07/2023,ANE,MN,AGL,CE,Federal Contract Tower,0,7,29,0,36,0,31,80,0,111,0,38,109,0,147,98,0,98,245
04/08/2023,ANE,MN,AGL,CE,Federal Contract Tower,0,7,23,0,30,0,15,134,0,149,0,22,157,0,179,138,0,138,317
04/09/2023,ANE,MN,AGL,CE,Federal Contract Tower,0,1,12,0,13,0,5,24,0,29,0,6,36,0,42,24,0,24,66
04/10/2023,ANE,MN,AGL,CE,Federal Contract Tower,0,13,32,0,45,0,11,114,0,125,0,24,146,0,170,116,0,116,286
04/11/2023,ANE,MN,AGL,CE,Federal Contract Tower,0,16,30,2,48,0,8,68,0,76,0,24,98,2,124,92,0,92,216
04/12/2023,ANE,MN,AGL,CE,Federal Contract Tower,0,12,22,0,34,0,10,80,2,92,0,22,102,2,126,128,0,128,254
04/13/2023,ANE,MN,AGL,CE,Federal Contract Tower,0,12,20,0,32,0,9,59,0,68,0,21,79,0,100,122,0,122,222
04/14/2023,ANE,MN,AGL,CE,Federal Contract Tower,0,4,23,4,31,0,7,60,0,67,0,11,83,4,98,42,0,42,140
04/15/2023,ANE,MN,AGL,CE,Federal Contract Tower,0,5,36,0,41,0,0,0,0,0,0,5,36,0,41,0,0,0,41
04/16/2023,ANE,MN,AGL,CE,Federal Contract Tower,0,1,6,0,7,0,0,0,0,0,0,1,6,0,7,0,0,0,7
04/17/2023,ANE,MN,AGL,CE,Federal Contract Tower,0,8,19,0,27,0,9,22,0,31,0,17,41,0,58,0,0,0,58
04/18/2023,ANE,MN,AGL,CE,Federal Contract Tower,0,17,36,0,53,0,25,144,0,169,0,42,180,0,222,200,2,202,424
04/19/2023,ANE,MN,AGL,CE,Federal Contract Tower,0,2,20,0,22,0,0,4,2,6,0,2,24,2,28,4,18,22,50
04/20/2023,ANE,MN,AGL,CE,Federal Contract Tower,0,5,18,0,23,0,0,0,0,0,0,5,18,0,23,0,0,0,23
04/21/2023,ANE,MN,AGL,CE,Federal Contract Tower,0,7,16,0,23,0,0,6,0,6,0,7,22,0,29,0,0,0,29
04/22/2023,ANE,MN,AGL,CE,Federal Contract Tower,0,5,9,0,14,0,4,16,0,20,0,9,25,0,34,78,0,78,112
04/23/2023,ANE,MN,AGL,CE,Federal Contract Tower,0,10,27,0,37,0,9,110,0,119,0,19,137,0,156,178,0,178,334
04/24/2023,ANE,MN,AGL,CE,Federal Contract Tower,0,3,42,0,45,0,6,62,0,68,0,9,104,0,113,192,0,192,305
04/25/2023,ANE,MN,AGL,CE,Federal Contract Tower,0,10,45,0,55,0,20,166,0,186,0,30,211,0,241,144,0,144,385
04/26/2023,ANE,MN,AGL,CE,Federal Contract Tower,0,10,27,0,37,0,18,113,0,131,0,28,140,0,168,176,0,176,344
04/27/2023,ANE,MN,AGL,CE,Federal Contract Tower,0,20,18,0,38,0,14,57,0,71,0,34,75,0,109,80,0,80,189
04/28/2023,ANE,MN,AGL,CE,Federal Contract Tower,0,3,30,0,33,0,0,2,0,2,0,3,32,0,35,16,0,16,51
04/29/2023,ANE,MN,AGL,CE,Federal Contract Tower,0,5,16,0,21,0,9,12,0,21,0,14,28,0,42,24,0,24,66
04/30/2023,ANE,MN,AGL,CE,Federal Contract Tower,0,2,9,0,11,0,0,1,0,1,0,2,10,0,12,0,0,0,12
05/01/2023,ANE,MN,AGL,CE,Federal Contract Tower,0,6,24,0,30,0,14,31,0,45,0,20,55,0,75,4,0,4,79
05/02/2023,ANE,MN,AGL,CE,Federal Contract Tower,0,9,50,0,59,0,10,52,0,62,0,19,102,0,121,50,0,50,171
05/03/2023,ANE,MN,AGL,CE,Federal Contract Tower,0,18,59,0,77,0,10,160,0,170,0,28,219,0,247,134,0,134,381
05/04/2023,ANE,MN,AGL,CE,Federal Contract Tower,0,17,42,0,59,0,20,171,0,191,0,37,213,0,250,222,0,222,472
05/05/2023,ANE,MN,AGL,CE,Federal Contract Tower,0,9,32,0,41,0,18,136,2,156,0,27,168,2,197,170,0,170,367
05/06/2023,ANE,MN,AGL,CE,Federal Contract Tower,0,2,21,0,23,0,0,2,0,2,0,2,23,0,25,0,0,0,25
05/07/2023,ANE,MN,AGL,CE,Federal Contract Tower,0,8,18,0,26,0,3,86,0,89,0,11,104,0,115,152,0,152,267
05/08/2023,ANE,MN,AGL,CE,Federal Contract Tower,0,14,42,0,56,0,10,71,0,81,0,24,113,0,137,130,0,130,267
05/09/2023,ANE,MN,AGL,CE,Federal Contract Tower,0,12,36,0,48,0,4,54,0,58,0,16,90,0,106,100,0,100,206
05/10/2023,ANE,MN,AGL,CE,Federal Contract Tower,0,15,48,0,63,0,15,109,0,124,0,30,157,0,187,80,0,80,267
05/11/2023,ANE,MN,AGL,CE,Federal Contract Tower,0,18,29,2,49,0,17,71,0,88,0,35,100,2,137,170,4,174,311
05/12/2023,ANE,MN,AGL,CE,Federal Contract Tower,0,4,28,0,32,0,6,55,0,61,0,10,83,0,93,152,0,152,245
05/13/2023,ANE,MN,AGL,CE,Federal Contract Tower,0,5,7,0,12,0,6,92,0,98,0,11,99,0,110,20,0,20,130
05/14/2023,ANE,MN,AGL,CE,Federal Contract Tower,0,2,18,0,20,0,14,66,0,80,0,16,84,0,100,62,0,62,162
05/15/2023,ANE,MN,AGL,CE,Federal Contract Tower,0,28,23,0,51,1,12,123,0,136,1,40,146,0,187,148,0,148,335
05/16/2023,ANE,MN,AGL,CE,Federal Contract Tower,0,14,32,0,46,0,21,95,2,118,0,35,127,2,164,196,22,218,382
05/17/2023,ANE,MN,AGL,CE,Federal Contract Tower,0,19,48,0,67,0,8,130,0,138,0,27,178,0,205,152,0,152,357
05/18/2023,ANE,MN,AGL,CE,Federal Contract Tower,0,11,54,0,65,0,2,16,0,18,0,13,70,0,83,14,0,14,97
05/19/2023,ANE,MN,AGL,CE,Federal Contract Tower,0,13,21,0,34,0,15,77,0,92,0,28,98,0,126,188,0,188,314
05/20/2023,ANE,MN,AGL,CE,Federal Contract Tower,0,12,22,2,36,0,19,118,4,141,0,31,140,6,177,108,0,108,285
05/21/2023,ANE,MN,AGL,CE,Federal Contract Tower,0,10,27,0,37,0,19,83,0,102,0,29,110,0,139,194,0,194,333
05/22/2023,ANE,MN,AGL,CE,Federal Contract Tower,0,17,26,0,43,0,7,79,0,86,0,24,105,0,129,178,0,178,307
05/23/2023,ANE,MN,AGL,CE,Federal Contract Tower,0,10,39,0,49,0,18,111,1,130,0,28,150,1,179,130,0,130,309
05/24/2023,ANE,MN,AGL,CE,Federal Contract Tower,0,9,44,0,53,0,15,61,0,76,0,24,105,0,129,140,0,140,269
05/25/2023,ANE,MN,AGL,CE,Federal Contract Tower,0,21,26,0,47,0,31,97,0,128,0,52,123,0,175,116,0,116,291
05/26/2023,ANE,MN,AGL,CE,Federal Contract Tower,0,12,32,0,44,0,14,108,0,122,0,26,140,0,166,82,0,82,248
05/27/2023,ANE,MN,AGL,CE,Federal Contract Tower,0,8,18,0,26,0,15,75,0,90,0,23,93,0,116,136,0,136,252
05/28/2023,ANE,MN,AGL,CE,Federal Contract Tower,0,2,8,0,10,0,9,43,0,52,0,11,51,0,62,46,0,46,108
05/29/2023,ANE,MN,AGL,CE,Federal Contract Tower,0,4,35,0,39,0,8,81,0,89,0,12,116,0,128,78,0,78,206
05/30/2023,ANE,MN,AGL,CE,Federal Contract Tower,0,6,23,0,29,0,12,46,0,58,0,18,69,0,87,96,0,96,183
05/31/2023,ANE,MN,AGL,CE,Federal Contract Tower,0,14,32,0,46,0,2,88,0,90,0,16,120,0,136,150,0,150,286
06/01/2023,ANE,MN,AGL,CE,Federal Contract Tower,0,9,19,0,28,0,13,60,0,73,0,22,79,0,101,150,0,150,251
06/02/2023,ANE,MN,AGL,CE,Federal Contract Tower,0,7,18,0,25,0,9,62,0,71,0,16,80,0,96,118,0,118,214
06/03/2023,ANE,MN,AGL,CE,Federal Contract Tower,0,7,7,0,14,0,21,77,0,98,0,28,84,0,112,62,0,62,174
06/04/2023,ANE,MN,AGL,CE,Federal Contract Tower,0,3,22,0,25,0,13,72,0,85,0,16,94,0,110,72,0,72,182
06/05/2023,ANE,MN,AGL,CE,Federal Contract Tower,0,17,36,0,53,0,12,87,0,99,0,29,123,0,152,154,0,154,306
06/06/2023,ANE,MN,AGL,CE,Federal Contract Tower,0,16,26,0,42,0,6,65,0,71,0,22,91,0,113,238,0,238,351
06/07/2023,ANE,MN,AGL,CE,Federal Contract Tower,0,16,16,0,32,0,7,99,0,106,0,23,115,0,138,194,1,195,333
06/08/2023,ANE,MN,AGL,CE,Federal Contract Tower,0,15,24,0,39,0,10,80,0,90,0,25,104,0,129,258,0,258,387
06/09/2023,ANE,MN,AGL,CE,Federal Contract Tower,0,18,17,0,35,0,7,83,0,90,0,25,100,0,125,160,0,160,285
06/10/2023,ANE,MN,AGL,CE,Federal Contract Tower,0,6,13,0,19,0,2,107,0,109,0,8,120,0,128,34,0,34,162
06/11/2023,ANE,MN,AGL,CE,Federal Contract Tower,0,13,14,0,27,0,13,55,0,68,0,26,69,0,95,34,0,34,129
06/12/2023,ANE,MN,AGL,CE,Federal Contract Tower,0,14,24,0,38,0,10,58,1,69,0,24,82,1,107,104,0,104,211
06/13/2023,ANE,MN,AGL,CE,Federal Contract Tower,0,13,30,0,43,0,12,71,0,83,0,25,101,0,126,164,0,164,290
06/14/2023,ANE,MN,AGL,CE,Federal Contract Tower,0,11,38,0,49,0,2,21,0,23,0,13,59,0,72,72,0,72,144
06/15/2023,ANE,MN,AGL,CE,Federal Contract Tower,0,18,24,0,42,0,13,73,0,86,0,31,97,0,128,143,0,143,271
06/16/2023,ANE,MN,AGL,CE,Federal Contract Tower,0,8,27,0,35,0,11,82,0,93,0,19,109,0,128,112,0,112,240
06/17/2023,ANE,MN,AGL,CE,Federal Contract Tower,0,6,8,0,14,0,12,65,0,77,0,18,73,0,91,112,0,112,203
06/18/2023,ANE,MN,AGL,CE,Federal Contract Tower,0,0,33,0,33,0,4,41,0,45,0,4,74,0,78,88,0,88,166
06/19/2023,ANE,MN,AGL,CE,Federal Contract Tower,0,7,30,0,37,0,18,51,0,69,0,25,81,0,106,138,0,138,244
06/20/2023,ANE,MN,AGL,CE,Federal Contract Tower,0,23,26,0,49,0,20,85,0,105,0,43,111,0,154,156,0,156,310
06/21/2023,ANE,MN,AGL,CE,Federal Contract Tower,0,20,25,0,45,0,45,63,0,108,0,65,88,0,153,74,4,78,231
06/22/2023,ANE,MN,AGL,CE,Federal Contract Tower,0,16,34,0,50,0,12,94,0,106,0,28,128,0,156,156,0,156,312
06/23/2023,ANE,MN,AGL,CE,Federal Contract Tower,0,12,24,0,36,0,10,78,0,88,0,22,102,0,124,56,0,56,180
06/24/2023,ANE,MN,AGL,CE,Federal Contract Tower,0,2,13,0,15,0,2,17,0,19,0,4,30,0,34,24,0,24,58
06/25/2023,ANE,MN,AGL,CE,Federal Contract Tower,0,8,20,0,28,0,10,2,0,12,0,18,22,0,40,6,0,6,46
06/26/2023,ANE,MN,AGL,CE,Federal Contract Tower,0,16,32,0,48,0,4,54,0,58,0,20,86,0,106,124,0,124,230
06/27/2023,ANE,MN,AGL,CE,Federal Contract Tower,0,21,26,0,47,0,14,76,0,90,0,35,102,0,137,150,0,150,287
06/28/2023,ANE,MN,AGL,CE,Federal Contract Tower,0,13,37,0,50,0,3,28,0,31,0,16,65,0,81,76,12,88,169
06/29/2023,ANE,MN,AGL,CE,Federal Contract Tower,0,24,34,0,58,0,21,92,0,113,0,45,126,0,171,102,0,102,273
06/30/2023,ANE,MN,AGL,CE,Federal Contract Tower,0,19,56,0,75,0,8,139,0,147,0,27,195,0,222,52,0,52,274
07/01/2023,ANE,MN,AGL,CE,Federal Contract Tower,0,9,17,0,26,0,18,49,0,67,0,27,66,0,93,54,0,54,147
07/02/2023,ANE,MN,AGL,CE,Federal Contract Tower,0,7,5,0,12,0,5,59,0,64,0,12,64,0,76,66,0,66,142
07/03/2023,ANE,MN,AGL,CE,Federal Contract Tower,0,13,17,0,30,0,11,74,0,85,0,24,91,0,115,38,0,38,153
07/04/2023,ANE,MN,AGL,CE,Federal Contract Tower,0,11,4,0,15,0,13,24,0,37,0,24,28,0,52,82,0,82,134
07/05/2023,ANE,MN,AGL,CE,Federal Contract Tower,0,12,20,0,32,0,7,72,0,79,0,19,92,0,111,66,0,66,177
07/06/2023,ANE,MN,AGL,CE,Federal Contract Tower,0,12,20,0,32,0,8,94,1,103,0,20,114,1,135,140,6,146,281
07/07/2023,ANE,MN,AGL,CE,Federal Contract Tower,0,21,25,0,46,0,14,106,0,120,0,35,131,0,166,126,0,126,292
07/08/2023,ANE,MN,AGL,CE,Federal Contract Tower,0,12,27,0,39,0,17,191,0,208,0,29,218,0,247,90,0,90,337
07/09/2023,ANE,MN,AGL,CE,Federal Contract Tower,0,11,20,0,31,0,3,51,0,54,0,14,71,0,85,38,0,38,123
07/10/2023,ANE,MN,AGL,CE,Federal Contract Tower,0,12,25,0,37,0,6,61,0,67,0,18,86,0,104,128,0,128,232
07/11/2023,ANE,MN,AGL,CE,Federal Contract Tower,0,12,26,0,38,0,12,68,0,80,0,24,94,0,118,102,0,102,220
07/12/2023,ANE,MN,AGL,CE,Federal Contract Tower,0,21,24,0,45,0,20,153,0,173,0,41,177,0,218,158,0,158,376
07/13/2023,ANE,MN,AGL,CE,Federal Contract Tower,0,18,30,0,48,0,11,87,0,98,0,29,117,0,146,76,2,78,224
07/14/2023,ANE,MN,AGL,CE,Federal Contract Tower,0,13,17,0,30,0,9,103,0,112,0,22,120,0,142,88,0,88,230
07/15/2023,ANE,MN,AGL,CE,Federal Contract Tower,0,12,38,0,50,0,21,53,0,74,0,33,91,0,124,68,0,68,192
07/16/2023,ANE,MN,AGL,CE,Federal Contract Tower,0,15,14,0,29,0,19,35,0,54,0,34,49,0,83,22,0,22,105
07/17/2023,ANE,MN,AGL,CE,Federal Contract Tower,0,23,28,0,51,0,19,65,0,84,0,42,93,0,135,98,0,98,233
07/18/2023,ANE,MN,AGL,CE,Federal Contract Tower,0,10,30,0,40,0,30,101,0,131,0,40,131,0,171,152,0,152,323
07/19/2023,ANE,MN,AGL,CE,Federal Contract Tower,0,14,25,0,39,0,9,64,0,73,0,23,89,0,112,94,0,94,206
07/20/2023,ANE,MN,AGL,CE,Federal Contract Tower,0,20,44,0,64,0,10,78,0,88,0,30,122,0,152,128,0,128,280
07/21/2023,ANE,MN,AGL,CE,Federal Contract Tower,0,7,25,0,32,0,21,118,0,139,0,28,143,0,171,150,0,150,321
07/22/2023,ANE,MN,AGL,CE,Federal Contract Tower,0,2,20,0,22,0,24,88,0,112,0,26,108,0,134,102,0,102,236
07/23/2023,ANE,MN,AGL,CE,Federal Contract Tower,0,15,24,0,39,0,5,59,0,64,0,20,83,0,103,100,0,100,203
07/24/2023,ANE,MN,AGL,CE,Federal Contract Tower,0,6,23,0,29,0,4,54,0,58,0,10,77,0,87,106,0,106,193
07/25/2023,ANE,MN,AGL,CE,Federal Contract Tower,0,11,20,0,31,0,22,69,0,91,0,33,89,0,122,78,0,78,200
07/26/2023,ANE,MN,AGL,CE,Federal Contract Tower,0,9,24,0,33,0,14,87,0,101,0,23,111,0,134,62,0,62,196
07/27/2023,ANE,MN,AGL,CE,Federal Contract Tower,0,5,26,0,31,0,5,49,0,54,0,10,75,0,85,80,0,80,165
07/28/2023,ANE,MN,AGL,CE,Federal Contract Tower,0,8,19,0,27,0,12,74,0,86,0,20,93,0,113,118,0,118,231
07/29/2023,ANE,MN,AGL,CE,Federal Contract Tower,0,12,15,0,27,0,19,80,0,99,0,31,95,0,126,86,0,86,212
07/30/2023,ANE,MN,AGL,CE,Federal Contract Tower,0,14,18,0,32,0,56,116,0,172,0,70,134,0,204,100,0,100,304
07/31/2023,ANE,MN,AGL,CE,Federal Contract Tower,0,20,27,0,47,0,37,108,0,145,0,57,135,0,192,234,0,234,426
08/01/2023,ANE,MN,AGL,CE,Federal Contract Tower,0,12,23,2,37,0,58,81,0,139,0,70,104,2,176,138,4,142,318
08/02/2023,ANE,MN,AGL,CE,Federal Contract Tower,0,11,15,0,26,0,9,87,2,98,0,20,102,2,124,158,0,158,282
08/03/2023,ANE,MN,AGL,CE,Federal Contract Tower,0,7,16,0,23,0,14,93,0,107,0,21,109,0,130,152,0,152,282
08/04/2023,ANE,MN,AGL,CE,Federal Contract Tower,0,8,12,0,20,0,19,82,2,103,0,27,94,2,123,112,0,112,235
08/05/2023,ANE,MN,AGL,CE,Federal Contract Tower,0,2,11,0,13,0,3,59,0,62,0,5,70,0,75,74,0,74,149
08/06/2023,ANE,MN,AGL,CE,Federal Contract Tower,0,1,15,0,16,0,2,14,0,16,0,3,29,0,32,42,0,42,74
08/07/2023,ANE,MN,AGL,CE,Federal Contract Tower,0,18,28,0,46,0,27,84,0,111,0,45,112,0,157,140,0,140,297
08/08/2023,ANE,MN,AGL,CE,Federal Contract Tower,0,26,51,0,77,0,16,74,0,90,0,42,125,0,167,90,0,90,257
08/09/2023,ANE,MN,AGL,CE,Federal Contract Tower,0,8,17,0,25,0,7,51,0,58,0,15,68,0,83,53,0,53,136
08/10/2023,ANE,MN,AGL,CE,Federal Contract Tower,0,14,28,0,42,0,13,67,0,80,0,27,95,0,122,150,0,150,272
08/11/2023,ANE,MN,AGL,CE,Federal Contract Tower,0,15,32,0,47,0,9,64,0,73,0,24,96,0,120,90,0,90,210
08/12/2023,ANE,MN,AGL,CE,Federal Contract Tower,0,13,22,0,35,0,15,91,0,106,0,28,113,0,141,38,2,40,181
08/13/2023,ANE,MN,AGL,CE,Federal Contract Tower,0,1,15,0,16,0,6,11,0,17,0,7,26,0,33,48,0,48,81
08/14/2023,ANE,MN,AGL,CE,Federal Contract Tower,0,9,35,0,44,0,18,49,0,67,0,27,84,0,111,28,0,28,139
08/15/2023,ANE,MN,AGL,CE,Federal Contract Tower,0,14,51,0,65,0,14,91,0,105,0,28,142,0,170,106,0,106,276
08/16/2023,ANE,MN,AGL,CE,Federal Contract Tower,0,7,28,0,35,0,2,25,0,27,0,9,53,0,62,12,12,24,86
08/17/2023,ANE,MN,AGL,CE,Federal Contract Tower,0,16,28,0,44,0,13,41,0,54,0,29,69,0,98,16,0,16,114
08/18/2023,ANE,MN,AGL,CE,Federal Contract Tower,0,11,37,0,48,0,12,90,0,102,0,23,127,0,150,114,0,114,264
08/19/2023,ANE,MN,AGL,CE,Federal Contract Tower,0,16,22,0,38,0,13,55,0,68,0,29,77,0,106,98,0,98,204
08/20/2023,ANE,MN,AGL,CE,Federal Contract Tower,0,11,30,0,41,0,25,84,0,109,0,36,114,0,150,82,0,82,232
08/21/2023,ANE,MN,AGL,CE,Federal Contract Tower,0,18,36,0,54,0,10,56,0,66,0,28,92,0,120,114,0,114,234
08/22/2023,ANE,MN,AGL,CE,Federal Contract Tower,0,28,40,0,68,0,2,36,2,40,0,30,76,2,108,78,0,78,186
08/23/2023,ANE,MN,AGL,CE,Federal Contract Tower,0,16,35,0,51,0,7,48,0,55,0,23,83,0,106,126,0,126,232
08/24/2023,ANE,MN,AGL,CE,Federal Contract Tower,0,11,43,2,56,0,5,59,0,64,0,16,102,2,120,58,0,58,178
08/25/2023,ANE,MN,AGL,CE,Federal Contract Tower,0,19,39,0,58,0,18,73,0,91,0,37,112,0,149,124,0,124,273
08/26/2023,ANE,MN,AGL,CE,Federal Contract Tower,0,7,27,0,34,0,8,44,0,52,0,15,71,0,86,90,0,90,176
08/27/2023,ANE,MN,AGL,CE,Federal Contract Tower,0,6,33,0,39,0,11,86,0,97,0,17,119,0,136,98,0,98,234
08/28/2023,ANE,MN,AGL,CE,Federal Contract Tower,0,12,26,0,38,0,23,86,0,109,0,35,112,0,147,70,0,70,217
08/29/2023,ANE,MN,AGL,CE,Federal Contract Tower,0,19,29,0,48,0,20,76,0,96,0,39,105,0,144,154,0,154,298
08/30/2023,ANE,MN,AGL,CE,Federal Contract Tower,0,18,38,0,56,0,31,116,0,147,0,49,154,0,203,106,0,106,309
08/31/2023,ANE,MN,AGL,CE,Federal Contract Tower,0,25,31,0,56,0,5,70,4,79,0,30,101,4,135,28,0,28,163
