01/01/2000,APA,CO,ANM,WE,Towers with Display (VFR),0,18,49,0,67,0,30,165,0,195,0,48,214,0,262,230,0,230,492
01/02/2000,APA,CO,ANM,WE,Towers with Display (VFR),0,35,98,0,133,0,2,201,0,203,0,37,299,0,336,278,0,278,614
01/03/2000,APA,CO,ANM,WE,Towers with Display (VFR),0,34,97,0,131,0,33,72,0,105,0,67,169,0,236,102,0,102,338
01/04/2000,APA,CO,ANM,WE,Towers with Display (VFR),0,46,132,0,178,0,95,292,0,387,0,141,424,0,565,460,0,460,1025
01/05/2000,APA,CO,ANM,WE,Towers with Display (VFR),0,57,164,1,222,0,68,199,1,268,0,125,363,2,490,322,0,322,812
01/06/2000,APA,CO,ANM,WE,Towers with Display (VFR),0,58,171,2,231,0,97,316,0,413,0,155,487,2,644,574,0,574,1218
01/07/2000,APA,CO,ANM,WE,Towers with Display (VFR),0,57,170,2,229,0,52,352,3,407,0,109,522,5,636,502,0,502,1138
01/08/2000,APA,CO,ANM,WE,Towers with Display (VFR),0,27,77,1,105,0,0,386,3,389,0,27,463,4,494,662,0,662,1156
01/09/2000,APA,CO,ANM,WE,Towers with Display (VFR),0,23,74,1,98,0,0,148,1,149,0,23,222,2,247,232,0,232,479
01/10/2000,APA,CO,ANM,WE,Towers with Display (VFR),0,40,116,1,157,0,38,157,1,196,0,78,273,2,353,314,2,316,669
01/11/2000,APA,CO,ANM,WE,Towers with Display (VFR),0,47,141,0,188,0,68,134,0,202,0,115,275,0,390,136,0,136,526
01/12/2000,APA,CO,ANM,WE,Towers with Display (VFR),0,53,158,2,213,0,75,236,0,311,0,128,394,2,524,310,2,312,836
01/13/2000,APA,CO,ANM,WE,Towers with Display (VFR),0,64,189,0,253,0,80,406,0,486,0,144,595,0,739,596,0,596,1335
01/14/2000,APA,CO,ANM,WE,Towers with Display (VFR),0,73,216,1,290,0,68,447,0,515,0,141,663,1,805,722,2,724,1529
01/15/2000,APA,CO,ANM,WE,Towers with Display (VFR),0,27,80,0,107,0,10,533,0,543,0,37,613,0,650,856,8,864,1514
01/16/2000,APA,CO,ANM,WE,Towers with Display (VFR),0,25,83,1,109,0,0,319,0,319,0,25,402,1,428,466,0,466,894
01/17/2000,APA,CO,ANM,WE,Towers with Display (VFR),0,47,140,2,189,0,69,274,1,344,0,116,414,3,533,524,0,524,1057
01/18/2000,APA,CO,ANM,WE,Towers with Display (VFR),0,52,155,2,209,0,65,315,1,381,0,117,470,3,590,472,0,472,1062
01/19/2000,APA,CO,ANM,WE,Towers with Display (VFR),0,53,158,2,213,0,63,290,7,360,0,116,448,9,573,340,4,344,917
01/20/2000,APA,CO,ANM,WE,Towers with Display (VFR),0,73,217,1,291,0,58,522,2,582,0,131,739,3,873,694,2,696,1569
01/21/2000,APA,CO,ANM,WE,Towers with Display (VFR),0,57,170,1,228,0,56,319,0,375,0,113,489,1,603,558,0,558,1161
01/22/2000,APA,CO,ANM,WE,Towers with Display (VFR),0,31,93,0,124,0,33,468,3,504,0,64,561,3,628,716,0,716,1344
01/23/2000,APA,CO,ANM,WE,Towers with Display (VFR),0,28,94,0,122,0,0,405,2,407,0,28,499,2,529,468,0,468,997
01/24/2000,APA,CO,ANM,WE,Towers with Display (VFR),0,48,144,0,192,0,49,230,0,279,0,97,374,0,471,358,0,358,829
01/25/2000,APA,CO,ANM,WE,Towers with Display (VFR),0,52,156,1,209,0,88,271,0,359,0,140,427,1,568,370,0,370,938
01/26/2000,APA,CO,ANM,WE,Towers with Display (VFR),0,55,162,0,217,0,63,47,0,110,0,118,209,0,327,64,0,64,391
01/27/2000,APA,CO,ANM,WE,Towers with Display (VFR),0,56,168,1,225,0,49,8,0,57,0,105,176,1,282,0,0,0,282
01/28/2000,APA,CO,ANM,WE,Towers with Display (VFR),0,55,163,0,218,0,47,187,0,234,0,102,350,0,452,474,0,474,926
01/29/2000,APA,CO,ANM,WE,Towers with Display (VFR),0,43,126,0,169,0,26,374,0,400,0,69,500,0,569,816,0,816,1385
01/30/2000,APA,CO,ANM,WE,Towers with Display (VFR),0,26,76,0,102,0,4,438,0,442,0,30,514,0,544,630,0,630,1174
01/31/2000,APA,CO,ANM,WE,Towers with Display (VFR),0,50,151,1,202,0,57,256,0,313,0,107,407,1,515,432,0,432,947
02/01/2000,APA,CO,ANM,WE,Towers with Display (VFR),0,54,165,1,220,0,52,347,5,404,0,106,512,6,624,574,6,580,1204
02/02/2000,APA,CO,ANM,WE,Towers with Display (VFR),0,53,164,2,219,0,97,340,4,441,0,150,504,6,660,544,10,554,1214
02/03/2000,APA,CO,ANM,WE,Towers with Display (VFR),0,64,203,3,270,0,64,392,0,456,0,128,595,3,726,624,6,630,1356
02/04/2000,APA,CO,ANM,WE,Towers with Display (VFR),0,52,161,2,215,0,80,333,1,414,0,132,494,3,629,724,0,724,1353
02/05/2000,APA,CO,ANM,WE,Towers with Display (VFR),0,19,86,1,106,0,0,501,0,501,0,19,587,1,607,676,0,676,1283
02/06/2000,APA,CO,ANM,WE,Towers with Display (VFR),0,30,94,2,126,0,7,397,2,406,0,37,491,4,532,600,2,602,1134
02/07/2000,APA,CO,ANM,WE,Towers with Display (VFR),0,42,133,1,176,0,81,365,0,446,0,123,498,1,622,584,6,590,1212
02/08/2000,APA,CO,ANM,WE,Towers with Display (VFR),0,61,194,3,258,0,81,377,0,458,0,142,571,3,716,514,2,516,1232
02/09/2000,APA,CO,ANM,WE,Towers with Display (VFR),0,65,206,2,273,0,68,313,0,381,0,133,519,2,654,650,0,650,1304
02/10/2000,APA,CO,ANM,WE,Towers with Display (VFR),0,70,222,3,295,0,77,291,1,369,0,147,513,4,664,592,2,594,1258
02/11/2000,APA,CO,ANM,WE,Towers with Display (VFR),0,50,155,2,207,0,46,104,7,157,0,96,259,9,364,112,0,112,476
02/12/2000,APA,CO,ANM,WE,Towers with Display (VFR),0,33,106,2,141,0,12,354,1,367,0,45,460,3,508,636,0,636,1144
02/13/2000,APA,CO,ANM,WE,Towers with Display (VFR),0,30,122,0,152,0,0,267,0,267,0,30,389,0,419,496,0,496,915
02/14/2000,APA,CO,ANM,WE,Towers with Display (VFR),0,46,145,2,193,0,45,343,1,389,0,91,488,3,582,394,0,394,976
02/15/2000,APA,CO,ANM,WE,Towers with Display (VFR),0,62,194,3,259,0,55,146,2,203,0,117,340,5,462,122,0,122,584
02/16/2000,APA,CO,ANM,WE,Towers with Display (VFR),0,88,278,0,366,0,66,399,0,465,0,154,677,0,831,610,0,610,1441
02/17/2000,APA,CO,ANM,WE,Towers with Display (VFR),0,51,153,1,205,0,57,0,0,57,0,108,153,1,262,2,0,2,264
02/18/2000,APA,CO,ANM,WE,Towers with Display (VFR),0,70,222,2,294,0,58,200,3,261,0,128,422,5,555,350,2,352,907
02/19/2000,APA,CO,ANM,WE,Towers with Display (VFR),0,39,123,0,162,0,49,808,0,857,0,88,931,0,1019,756,0,756,1775
02/20/2000,APA,CO,ANM,WE,Towers with Display (VFR),0,36,114,1,151,0,11,493,0,504,0,47,607,1,655,782,0,782,1437
02/21/2000,APA,CO,ANM,WE,Towers with Display (VFR),0,52,163,1,216,0,22,414,1,437,0,74,577,2,653,688,0,688,1341
02/22/2000,APA,CO,ANM,WE,Towers with Display (VFR),0,58,184,2,244,0,60,294,14,368,0,118,478,16,612,406,0,406,1018
02/23/2000,APA,CO,ANM,WE,Towers with Display (VFR),0,72,229,2,303,0,76,441,7,524,0,148,670,9,827,690,0,690,1517
02/24/2000,APA,CO,ANM,WE,Towers with Display (VFR),0,64,204,2,270,0,30,248,1,279,0,94,452,3,549,426,6,432,981
02/25/2000,APA,CO,ANM,WE,Towers with Display (VFR),0,52,162,1,215,0,98,178,2,278,0,150,340,3,493,154,2,156,649
02/26/2000,APA,CO,ANM,WE,Towers with Display (VFR),0,34,110,1,145,0,35,606,1,642,0,69,716,2,787,928,20,948,1735
02/27/2000,APA,CO,ANM,WE,Towers with Display (VFR),0,22,105,1,128,0,0,458,0,458,0,22,563,1,586,734,0,734,1320
02/28/2000,APA,CO,ANM,WE,Towers with Display (VFR),0,103,325,3,431,0,171,506,1,678,0,274,831,4,1109,760,0,760,1869
02/29/2000,APA,CO,ANM,WE,Towers with Display (VFR),0,0,0,0,0,0,0,0,0,0,0,0,0,0,0,0,0,0,0
03/01/2000,APA,CO,ANM,WE,Towers with Display (VFR),0,63,194,1,258,0,90,366,1,457,0,153,560,2,715,743,0,743,1458
03/02/2000,APA,CO,ANM,WE,Towers with Display (VFR),0,54,161,0,215,0,18,39,0,57,0,72,200,0,272,166,0,166,438
03/03/2000,APA,CO,ANM,WE,Towers with Display (VFR),0,58,181,2,241,0,50,613,16,679,0,108,794,18,920,872,0,872,1792
03/04/2000,APA,CO,ANM,WE,Towers with Display (VFR),0,32,97,1,130,0,37,795,0,832,0,69,892,1,962,1154,0,1154,2116
03/05/2000,APA,CO,ANM,WE,Towers with Display (VFR),0,31,103,1,135,0,0,251,4,255,0,31,354,5,390,258,4,262,652
03/06/2000,APA,CO,ANM,WE,Towers with Display (VFR),0,51,157,1,209,0,15,199,0,214,0,66,356,1,423,348,0,348,771
03/07/2000,APA,CO,ANM,WE,Towers with Display (VFR),0,61,191,2,254,0,60,174,7,241,0,121,365,9,495,486,0,486,981
03/08/2000,APA,CO,ANM,WE,Towers with Display (VFR),0,69,216,0,285,0,102,242,0,344,0,171,458,0,629,432,2,434,1063
03/09/2000,APA,CO,ANM,WE,Towers with Display (VFR),0,67,208,0,275,0,77,135,0,212,0,144,343,0,487,594,6,600,1087
03/10/2000,APA,CO,ANM,WE,Towers with Display (VFR),0,63,194,2,259,0,48,192,1,241,0,111,386,3,500,280,0,280,780
03/11/2000,APA,CO,ANM,WE,Towers with Display (VFR),0,38,117,0,155,0,32,665,0,697,0,70,782,0,852,986,0,986,1838
03/12/2000,APA,CO,ANM,WE,Towers with Display (VFR),0,41,127,1,169,0,4,248,0,252,0,45,375,1,421,780,0,780,1201
03/13/2000,APA,CO,ANM,WE,Towers with Display (VFR),0,45,140,1,186,0,82,376,5,463,0,127,516,6,649,482,28,510,1159
03/14/2000,APA,CO,ANM,WE,Towers with Display (VFR),0,63,196,0,259,0,69,363,0,432,0,132,559,0,691,692,0,692,1383
03/15/2000,APA,CO,ANM,WE,Towers with Display (VFR),0,55,170,1,226,0,56,51,0,107,0,111,221,1,333,176,0,176,509
03/16/2000,APA,CO,ANM,WE,Towers with Display (VFR),0,71,222,0,293,0,53,366,0,419,0,124,588,0,712,578,0,578,1290
03/17/2000,APA,CO,ANM,WE,Towers with Display (VFR),0,90,277,1,368,0,102,342,0,444,0,192,619,1,812,674,2,676,1488
03/18/2000,APA,CO,ANM,WE,Towers with Display (VFR),0,32,98,0,130,0,5,128,0,133,0,37,226,0,263,354,0,354,617
03/19/2000,APA,CO,ANM,WE,Towers with Display (VFR),0,33,125,0,158,0,0,592,1,593,0,33,717,1,751,1028,0,1028,1779
03/20/2000,APA,CO,ANM,WE,Towers with Display (VFR),0,27,76,0,103,0,33,0,0,33,0,60,76,0,136,0,0,0,136
03/21/2000,APA,CO,ANM,WE,Towers with Display (VFR),0,56,174,0,230,0,39,101,0,140,0,95,275,0,370,214,0,214,584
03/22/2000,APA,CO,ANM,WE,Towers with Display (VFR),0,73,228,0,301,0,64,271,0,335,0,137,499,0,636,602,0,602,1238
03/23/2000,APA,CO,ANM,WE,Towers with Display (VFR),0,93,287,0,380,0,65,452,0,517,0,158,739,0,897,726,0,726,1623
03/24/2000,APA,CO,ANM,WE,Towers with Display (VFR),0,75,233,1,309,0,128,538,1,667,0,203,771,2,976,1012,0,1012,1988
03/25/2000,APA,CO,ANM,WE,Towers with Display (VFR),0,39,119,0,158,0,23,444,2,469,0,62,563,2,627,870,0,870,1497
03/26/2000,APA,CO,ANM,WE,Towers with Display (VFR),0,29,95,0,124,0,0,243,2,245,0,29,338,2,369,256,0,256,625
03/27/2000,APA,CO,ANM,WE,Towers with Display (VFR),0,59,128,1,188,0,467,0,0,467,0,526,128,1,655,930,0,930,1585
03/28/2000,APA,CO,ANM,WE,Towers with Display (VFR),0,55,174,1,230,0,111,229,0,340,0,166,403,1,570,440,0,440,1010
03/29/2000,APA,CO,ANM,WE,Towers with Display (VFR),0,70,219,1,290,0,93,271,1,365,0,163,490,2,655,550,0,550,1205
03/30/2000,APA,CO,ANM,WE,Towers with Display (VFR),0,45,130,0,175,0,32,0,0,32,0,77,130,0,207,6,0,6,213
03/31/2000,APA,CO,ANM,WE,Towers with Display (VFR),0,40,125,0,165,0,2,11,1,14,0,42,136,1,179,24,0,24,203
04/01/2000,APA,CO,ANM,WE,Towers with Display (VFR),0,46,163,0,209,0,19,529,1,549,0,65,692,1,758,1008,0,1008,1766
04/02/2000,APA,CO,ANM,WE,Towers with Display (VFR),0,14,93,0,107,0,0,202,3,205,0,14,295,3,312,442,0,442,754
04/03/2000,APA,CO,ANM,WE,Towers with Display (VFR),0,49,182,2,233,0,58,192,1,251,0,107,374,3,484,376,0,376,860
04/04/2000,APA,CO,ANM,WE,Towers with Display (VFR),0,56,206,2,264,0,78,309,2,389,0,134,515,4,653,866,0,866,1519
04/05/2000,APA,CO,ANM,WE,Towers with Display (VFR),0,43,154,1,198,0,66,274,0,340,0,109,428,1,538,282,0,282,820
04/06/2000,APA,CO,ANM,WE,Towers with Display (VFR),0,51,190,0,241,0,55,225,0,280,0,106,415,0,521,246,6,252,773
04/07/2000,APA,CO,ANM,WE,Towers with Display (VFR),0,57,208,0,265,0,72,293,0,365,0,129,501,0,630,414,0,414,1044
04/08/2000,APA,CO,ANM,WE,Towers with Display (VFR),0,35,126,1,162,0,15,430,0,445,0,50,556,1,607,658,0,658,1265
04/09/2000,APA,CO,ANM,WE,Towers with Display (VFR),0,35,150,1,186,0,0,410,5,415,0,35,560,6,601,818,0,818,1419
04/10/2000,APA,CO,ANM,WE,Towers with Display (VFR),0,45,166,2,213,0,99,208,0,307,0,144,374,2,520,416,0,416,936
04/11/2000,APA,CO,ANM,WE,Towers with Display (VFR),0,51,186,2,239,0,69,232,0,301,0,120,418,2,540,396,0,396,936
04/12/2000,APA,CO,ANM,WE,Towers with Display (VFR),0,63,229,2,294,0,101,479,0,580,0,164,708,2,874,678,0,678,1552
04/13/2000,APA,CO,ANM,WE,Towers with Display (VFR),0,63,231,2,296,0,71,408,4,483,0,134,639,6,779,626,46,672,1451
04/14/2000,APA,CO,ANM,WE,Towers with Display (VFR),0,50,185,2,237,0,54,329,2,385,0,104,514,4,622,454,0,454,1076
04/15/2000,APA,CO,ANM,WE,Towers with Display (VFR),0,21,73,1,95,0,6,0,0,6,0,27,73,1,101,6,0,6,107
04/16/2000,APA,CO,ANM,WE,Towers with Display (VFR),0,33,121,0,154,0,9,572,2,583,0,42,693,2,737,934,0,934,1671
04/17/2000,APA,CO,ANM,WE,Towers with Display (VFR),0,38,138,0,176,0,79,387,0,466,0,117,525,0,642,676,0,676,1318
04/18/2000,APA,CO,ANM,WE,Towers with Display (VFR),0,51,191,1,243,0,44,205,0,249,0,95,396,1,492,212,0,212,704
04/19/2000,APA,CO,ANM,WE,Towers with Display (VFR),0,45,163,0,208,0,74,106,1,181,0,119,269,1,389,116,0,116,505
04/20/2000,APA,CO,ANM,WE,Towers with Display (VFR),0,63,233,0,296,0,58,454,0,512,0,121,687,0,808,594,0,594,1402
04/21/2000,APA,CO,ANM,WE,Towers with Display (VFR),0,49,181,1,231,0,67,554,0,621,0,116,735,1,852,906,0,906,1758
04/22/2000,APA,CO,ANM,WE,Towers with Display (VFR),0,20,72,0,92,0,21,350,2,373,0,41,422,2,465,524,0,524,989
04/23/2000,APA,CO,ANM,WE,Towers with Display (VFR),0,19,69,0,88,0,37,205,0,242,0,56,274,0,330,416,0,416,746
04/24/2000,APA,CO,ANM,WE,Towers with Display (VFR),0,45,162,0,207,0,74,234,4,312,0,119,396,4,519,408,12,420,939
04/25/2000,APA,CO,ANM,WE,Towers with Display (VFR),0,52,192,0,244,0,61,283,0,344,0,113,475,0,588,744,0,744,1332
04/26/2000,APA,CO,ANM,WE,Towers with Display (VFR),0,48,177,1,226,0,65,402,1,468,0,113,579,2,694,780,0,780,1474
04/27/2000,APA,CO,ANM,WE,Towers with Display (VFR),0,56,207,1,264,0,53,507,8,568,0,109,714,9,832,942,24,966,1798
04/28/2000,APA,CO,ANM,WE,Towers with Display (VFR),0,50,185,1,236,0,69,382,5,456,0,119,567,6,692,558,0,558,1250
04/29/2000,APA,CO,ANM,WE,Towers with Display (VFR),0,21,79,0,100,0,13,496,4,513,0,34,575,4,613,630,0,630,1243
04/30/2000,APA,CO,ANM,WE,Towers with Display (VFR),0,26,96,0,122,0,2,74,17,93,0,28,170,17,215,140,0,140,355
05/01/2000,APA,CO,ANM,WE,Towers with Display (VFR),0,43,136,2,181,0,34,346,1,381,0,77,482,3,562,706,0,706,1268
05/02/2000,APA,CO,ANM,WE,Towers with Display (VFR),0,54,169,2,225,0,124,463,3,590,0,178,632,5,815,740,1,741,1556
05/03/2000,APA,CO,ANM,WE,Towers with Display (VFR),0,60,187,2,249,0,77,489,2,568,0,137,676,4,817,790,0,790,1607
05/04/2000,APA,CO,ANM,WE,Towers with Display (VFR),0,62,192,2,256,0,59,482,8,549,0,121,674,10,805,764,2,766,1571
05/05/2000,APA,CO,ANM,WE,Towers with Display (VFR),0,56,175,2,233,0,89,580,7,676,0,145,755,9,909,826,16,842,1751
05/06/2000,APA,CO,ANM,WE,Towers with Display (VFR),0,32,99,1,132,0,6,523,1,530,0,38,622,2,662,852,0,852,1514
05/07/2000,APA,CO,ANM,WE,Towers with Display (VFR),0,31,95,1,127,0,11,452,0,463,0,42,547,1,590,768,0,768,1358
05/08/2000,APA,CO,ANM,WE,Towers with Display (VFR),0,53,164,2,219,0,65,63,0,128,0,118,227,2,347,192,0,192,539
05/09/2000,APA,CO,ANM,WE,Towers with Display (VFR),0,60,185,2,247,0,89,442,0,531,0,149,627,2,778,718,0,718,1496
05/10/2000,APA,CO,ANM,WE,Towers with Display (VFR),0,53,162,2,217,0,61,350,2,413,0,114,512,4,630,576,12,588,1218
05/11/2000,APA,CO,ANM,WE,Towers with Display (VFR),0,56,172,2,230,0,43,135,1,179,0,99,307,3,409,270,0,270,679
05/12/2000,APA,CO,ANM,WE,Towers with Display (VFR),0,48,148,2,198,0,75,278,3,356,0,123,426,5,554,426,0,426,980
05/13/2000,APA,CO,ANM,WE,Towers with Display (VFR),0,34,105,2,141,0,32,614,6,652,0,66,719,8,793,890,0,890,1683
05/14/2000,APA,CO,ANM,WE,Towers with Display (VFR),0,29,88,1,118,0,11,471,0,482,0,40,559,1,600,990,0,990,1590
05/15/2000,APA,CO,ANM,WE,Towers with Display (VFR),0,59,180,2,241,0,83,351,1,435,0,142,531,3,676,736,0,736,1412
05/16/2000,APA,CO,ANM,WE,Towers with Display (VFR),0,56,173,2,231,0,77,272,0,349,0,133,445,2,580,546,0,546,1126
05/17/2000,APA,CO,ANM,WE,Towers with Display (VFR),0,58,177,0,235,0,38,22,0,60,0,96,199,0,295,42,0,42,337
05/18/2000,APA,CO,ANM,WE,Towers with Display (VFR),0,71,219,0,290,0,35,148,0,183,0,106,367,0,473,294,0,294,767
05/19/2000,APA,CO,ANM,WE,Towers with Display (VFR),0,55,169,2,226,0,85,606,2,693,0,140,775,4,919,1068,0,1068,1987
05/20/2000,APA,CO,ANM,WE,Towers with Display (VFR),0,27,83,0,110,0,20,388,0,408,0,47,471,0,518,618,0,618,1136
05/21/2000,APA,CO,ANM,WE,Towers with Display (VFR),0,40,128,1,169,0,0,476,4,480,0,40,604,5,649,726,0,726,1375
05/22/2000,APA,CO,ANM,WE,Towers with Display (VFR),0,52,160,1,213,0,61,372,0,433,0,113,532,1,646,756,0,756,1402
05/23/2000,APA,CO,ANM,WE,Towers with Display (VFR),0,50,153,1,204,0,74,390,1,465,0,124,543,2,669,600,0,600,1269
05/24/2000,APA,CO,ANM,WE,Towers with Display (VFR),0,55,168,1,224,0,94,321,6,421,0,149,489,7,645,592,6,598,1243
05/25/2000,APA,CO,ANM,WE,Towers with Display (VFR),0,50,153,0,203,0,51,298,0,349,0,101,451,0,552,542,0,542,1094
05/26/2000,APA,CO,ANM,WE,Towers with Display (VFR),0,46,141,0,187,0,99,453,0,552,0,145,594,0,739,734,0,734,1473
05/27/2000,APA,CO,ANM,WE,Towers with Display (VFR),0,22,69,0,91,0,34,474,0,508,0,56,543,0,599,568,0,568,1167
05/28/2000,APA,CO,ANM,WE,Towers with Display (VFR),0,16,49,0,65,0,25,345,0,370,0,41,394,0,435,568,0,568,1003
05/29/2000,APA,CO,ANM,WE,Towers with Display (VFR),0,23,69,0,92,0,11,446,8,465,0,34,515,8,557,608,0,608,1165
05/30/2000,APA,CO,ANM,WE,Towers with Display (VFR),0,42,131,1,174,0,83,384,6,473,0,125,515,7,647,616,26,642,1289
05/31/2000,APA,CO,ANM,WE,Towers with Display (VFR),0,52,161,0,213,0,82,289,0,371,0,134,450,0,584,494,0,494,1078
06/01/2000,APA,CO,ANM,WE,Towers with Display (VFR),0,58,158,1,217,0,60,383,2,445,0,118,541,3,662,664,4,668,1330
06/02/2000,APA,CO,ANM,WE,Towers with Display (VFR),0,60,164,1,225,0,60,479,7,546,0,120,643,8,771,674,14,688,1459
06/03/2000,APA,CO,ANM,WE,Towers with Display (VFR),0,22,60,1,83,0,25,554,8,587,0,47,614,9,670,884,0,884,1554
06/04/2000,APA,CO,ANM,WE,Towers with Display (VFR),0,22,103,1,126,0,0,325,1,326,0,22,428,2,452,738,0,738,1190
06/05/2000,APA,CO,ANM,WE,Towers with Display (VFR),0,43,116,1,160,0,92,369,0,461,0,135,485,1,621,580,2,582,1203
06/06/2000,APA,CO,ANM,WE,Towers with Display (VFR),0,61,162,1,224,0,74,422,0,496,0,135,584,1,720,768,10,778,1498
06/07/2000,APA,CO,ANM,WE,Towers with Display (VFR),0,53,141,0,194,0,129,434,0,563,0,182,575,0,757,748,0,748,1505
06/08/2000,APA,CO,ANM,WE,Towers with Display (VFR),0,57,151,0,208,0,51,418,0,469,0,108,569,0,677,598,2,600,1277
06/09/2000,APA,CO,ANM,WE,Towers with Display (VFR),0,55,145,1,201,0,87,516,1,604,0,142,661,2,805,738,0,738,1543
06/10/2000,APA,CO,ANM,WE,Towers with Display (VFR),0,24,65,1,90,0,6,416,2,424,0,30,481,3,514,372,0,372,886
06/11/2000,APA,CO,ANM,WE,Towers with Display (VFR),0,39,105,1,145,0,29,530,1,560,0,68,635,2,705,758,0,758,1463
06/12/2000,APA,CO,ANM,WE,Towers with Display (VFR),0,43,113,0,156,0,96,556,0,652,0,139,669,0,808,970,0,970,1778
06/13/2000,APA,CO,ANM,WE,Towers with Display (VFR),0,53,140,1,194,0,119,239,2,360,0,172,379,3,554,562,0,562,1116
06/14/2000,APA,CO,ANM,WE,Towers with Display (VFR),0,55,148,0,203,0,112,488,0,600,0,167,636,0,803,984,0,984,1787
06/15/2000,APA,CO,ANM,WE,Towers with Display (VFR),0,63,167,0,230,0,53,359,0,412,0,116,526,0,642,290,0,290,932
06/16/2000,APA,CO,ANM,WE,Towers with Display (VFR),0,58,154,0,212,0,74,426,0,500,0,132,580,0,712,896,0,896,1608
06/17/2000,APA,CO,ANM,WE,Towers with Display (VFR),0,34,91,1,126,0,45,279,2,326,0,79,370,3,452,810,0,810,1262
06/18/2000,APA,CO,ANM,WE,Towers with Display (VFR),0,28,76,0,104,0,14,431,0,445,0,42,507,0,549,636,0,636,1185
06/19/2000,APA,CO,ANM,WE,Towers with Display (VFR),0,43,117,0,160,0,162,411,0,573,0,205,528,0,733,746,2,748,1481
06/20/2000,APA,CO,ANM,WE,Towers with Display (VFR),0,62,166,0,228,0,90,535,0,625,0,152,701,0,853,974,0,974,1827
06/21/2000,APA,CO,ANM,WE,Towers with Display (VFR),0,70,189,1,260,0,114,559,0,673,0,184,748,1,933,964,0,964,1897
06/22/2000,APA,CO,ANM,WE,Towers with Display (VFR),0,67,183,1,251,0,66,428,0,494,0,133,611,1,745,916,0,916,1661
06/23/2000,APA,CO,ANM,WE,Towers with Display (VFR),0,68,184,0,252,0,85,480,0,565,0,153,664,0,817,806,0,806,1623
06/24/2000,APA,CO,ANM,WE,Towers with Display (VFR),0,35,95,0,130,0,6,455,1,462,0,41,550,1,592,622,0,622,1214
06/25/2000,APA,CO,ANM,WE,Towers with Display (VFR),0,36,98,0,134,0,16,280,0,296,0,52,378,0,430,408,0,408,838
06/26/2000,APA,CO,ANM,WE,Towers with Display (VFR),0,64,170,0,234,0,13,145,0,158,0,77,315,0,392,294,0,294,686
06/27/2000,APA,CO,ANM,WE,Towers with Display (VFR),0,73,199,0,272,0,26,116,0,142,0,99,315,0,414,406,0,406,820
06/28/2000,APA,CO,ANM,WE,Towers with Display (VFR),0,79,212,1,292,0,56,261,6,323,0,135,473,7,615,706,10,716,1331
06/29/2000,APA,CO,ANM,WE,Towers with Display (VFR),0,67,182,1,250,0,30,394,5,429,0,97,576,6,679,644,0,644,1323
06/30/2000,APA,CO,ANM,WE,Towers with Display (VFR),0,56,152,0,208,0,51,375,3,429,0,107,527,3,637,426,0,426,1063
07/01/2000,APA,CO,ANM,WE,Towers with Display (VFR),0,36,111,1,148,0,0,328,0,328,0,36,439,1,476,344,0,344,820
07/02/2000,APA,CO,ANM,WE,Towers with Display (VFR),0,24,62,1,87,0,7,216,0,223,0,31,278,1,310,406,0,406,716
07/03/2000,APA,CO,ANM,WE,Towers with Display (VFR),0,34,91,0,125,0,72,333,0,405,0,106,424,0,530,458,0,458,988
07/04/2000,APA,CO,ANM,WE,Towers with Display (VFR),0,26,69,0,95,0,25,325,0,350,0,51,394,0,445,390,0,390,835
07/05/2000,APA,CO,ANM,WE,Towers with Display (VFR),0,54,145,0,199,0,46,284,0,330,0,100,429,0,529,546,0,546,1075
07/06/2000,APA,CO,ANM,WE,Towers with Display (VFR),0,63,168,2,233,0,67,317,1,385,0,130,485,3,618,626,0,626,1244
07/07/2000,APA,CO,ANM,WE,Towers with Display (VFR),0,56,149,2,207,0,66,305,0,371,0,122,454,2,578,478,0,478,1056
07/08/2000,APA,CO,ANM,WE,Towers with Display (VFR),0,32,83,1,116,0,9,450,0,459,0,41,533,1,575,548,0,548,1123
07/09/2000,APA,CO,ANM,WE,Towers with Display (VFR),0,38,99,1,138,0,7,293,0,300,0,45,392,1,438,642,0,642,1080
07/10/2000,APA,CO,ANM,WE,Towers with Display (VFR),0,59,158,2,219,0,85,271,2,358,0,144,429,4,577,404,0,404,981
07/11/2000,APA,CO,ANM,WE,Towers with Display (VFR),0,73,194,0,267,0,42,371,0,413,0,115,565,0,680,680,0,680,1360
07/12/2000,APA,CO,ANM,WE,Towers with Display (VFR),0,71,187,1,259,0,82,250,0,332,0,153,437,1,591,492,0,492,1083
07/13/2000,APA,CO,ANM,WE,Towers with Display (VFR),0,71,187,2,260,0,32,333,0,365,0,103,520,2,625,718,0,718,1343
07/14/2000,APA,CO,ANM,WE,Towers with Display (VFR),0,55,145,2,202,0,50,345,1,396,0,105,490,3,598,612,8,620,1218
07/15/2000,APA,CO,ANM,WE,Towers with Display (VFR),0,28,74,0,102,0,12,389,0,401,0,40,463,0,503,506,0,506,1009
07/16/2000,APA,CO,ANM,WE,Towers with Display (VFR),0,34,112,0,146,0,0,247,0,247,0,34,359,0,393,714,0,714,1107
07/17/2000,APA,CO,ANM,WE,Towers with Display (VFR),0,56,150,0,206,0,25,203,0,228,0,81,353,0,434,572,0,572,1006
07/18/2000,APA,CO,ANM,WE,Towers with Display (VFR),0,66,177,1,244,0,34,403,1,438,0,100,580,2,682,848,0,848,1530
07/19/2000,APA,CO,ANM,WE,Towers with Display (VFR),0,87,232,1,320,0,53,368,4,425,0,140,600,5,745,734,0,734,1479
07/20/2000,APA,CO,ANM,WE,Towers with Display (VFR),0,69,184,1,254,0,55,408,1,464,0,124,592,2,718,724,0,724,1442
07/21/2000,APA,CO,ANM,WE,Towers with Display (VFR),0,62,167,1,230,0,58,381,12,451,0,120,548,13,681,634,0,634,1315
07/22/2000,APA,CO,ANM,WE,Towers with Display (VFR),0,31,83,0,114,0,9,342,0,351,0,40,425,0,465,532,0,532,997
07/23/2000,APA,CO,ANM,WE,Towers with Display (VFR),0,30,80,0,110,0,5,319,3,327,0,35,399,3,437,474,2,476,913
07/24/2000,APA,CO,ANM,WE,Towers with Display (VFR),0,45,119,0,164,0,30,228,4,262,0,75,347,4,426,312,2,314,740
07/25/2000,APA,CO,ANM,WE,Towers with Display (VFR),0,73,193,0,266,0,46,441,0,487,0,119,634,0,753,746,2,748,1501
07/26/2000,APA,CO,ANM,WE,Towers with Display (VFR),0,74,196,0,270,0,83,275,0,358,0,157,471,0,628,606,0,606,1234
07/27/2000,APA,CO,ANM,WE,Towers with Display (VFR),0,70,186,0,256,0,87,364,0,451,0,157,550,0,707,628,0,628,1335
07/28/2000,APA,CO,ANM,WE,Towers with Display (VFR),0,56,149,1,206,0,53,438,2,493,0,109,587,3,699,826,0,826,1525
07/29/2000,APA,CO,ANM,WE,Towers with Display (VFR),0,30,81,0,111,0,5,425,9,439,0,35,506,9,550,644,0,644,1194
07/30/2000,APA,CO,ANM,WE,Towers with Display (VFR),0,32,97,0,129,0,0,271,5,276,0,32,368,5,405,550,2,552,957
07/31/2000,APA,CO,ANM,WE,Towers with Display (VFR),0,49,132,1,182,0,62,351,1,414,0,111,483,2,596,696,0,696,1292
08/01/2000,APA,CO,ANM,WE,Towers with Display (VFR),0,76,169,0,245,0,51,353,0,404,0,127,522,0,649,812,0,812,1461
08/02/2000,APA,CO,ANM,WE,Towers with Display (VFR),0,82,183,1,266,0,74,379,3,456,0,156,562,4,722,914,2,916,1638
08/03/2000,APA,CO,ANM,WE,Towers with Display (VFR),0,79,177,1,257,0,65,408,4,477,0,144,585,5,734,720,2,722,1456
08/04/2000,APA,CO,ANM,WE,Towers with Display (VFR),0,74,165,0,239,0,59,375,0,434,0,133,540,0,673,670,0,670,1343
08/05/2000,APA,CO,ANM,WE,Towers with Display (VFR),0,41,92,1,134,0,19,297,5,321,0,60,389,6,455,646,0,646,1101
08/06/2000,APA,CO,ANM,WE,Towers with Display (VFR),0,31,98,1,130,0,0,285,1,286,0,31,383,2,416,422,2,424,840
08/07/2000,APA,CO,ANM,WE,Towers with Display (VFR),0,55,122,1,178,0,29,338,0,367,0,84,460,1,545,559,0,559,1104
08/08/2000,APA,CO,ANM,WE,Towers with Display (VFR),0,65,144,1,210,0,36,400,0,436,0,101,544,1,646,789,0,789,1435
08/09/2000,APA,CO,ANM,WE,Towers with Display (VFR),0,77,176,2,255,0,49,297,1,347,0,126,473,3,602,711,1,712,1314
08/10/2000,APA,CO,ANM,WE,Towers with Display (VFR),0,74,169,2,245,0,42,409,1,452,0,116,578,3,697,662,1,663,1360
08/11/2000,APA,CO,ANM,WE,Towers with Display (VFR),0,65,145,1,211,0,34,362,0,396,0,99,507,1,607,625,0,625,1232
08/12/2000,APA,CO,ANM,WE,Towers with Display (VFR),0,22,49,0,71,0,4,336,0,340,0,26,385,0,411,578,4,582,993
08/13/2000,APA,CO,ANM,WE,Towers with Display (VFR),0,38,86,1,125,0,6,297,2,305,0,44,383,3,430,526,0,526,956
08/14/2000,APA,CO,ANM,WE,Towers with Display (VFR),0,60,134,1,195,0,66,332,10,408,0,126,466,11,603,590,6,596,1199
08/15/2000,APA,CO,ANM,WE,Towers with Display (VFR),0,70,158,0,228,0,69,346,0,415,0,139,504,0,643,594,0,594,1237
08/16/2000,APA,CO,ANM,WE,Towers with Display (VFR),0,74,169,2,245,0,59,267,9,335,0,133,436,11,580,186,12,198,778
08/17/2000,APA,CO,ANM,WE,Towers with Display (VFR),0,70,160,1,231,0,69,199,0,268,0,139,359,1,499,200,0,200,699
08/18/2000,APA,CO,ANM,WE,Towers with Display (VFR),0,78,179,0,257,0,48,220,0,268,0,126,399,0,525,438,0,438,963
08/19/2000,APA,CO,ANM,WE,Towers with Display (VFR),0,35,80,0,115,0,14,422,9,445,0,49,502,9,560,572,0,572,1132
08/20/2000,APA,CO,ANM,WE,Towers with Display (VFR),0,26,85,0,111,0,0,341,6,347,0,26,426,6,458,645,0,645,1103
08/21/2000,APA,CO,ANM,WE,Towers with Display (VFR),0,63,142,0,205,0,49,208,3,260,0,112,350,3,465,509,0,509,974
08/22/2000,APA,CO,ANM,WE,Towers with Display (VFR),0,78,177,1,256,0,43,297,1,341,0,121,474,2,597,390,0,390,987
08/23/2000,APA,CO,ANM,WE,Towers with Display (VFR),0,79,181,0,260,0,68,369,0,437,0,147,550,0,697,679,8,687,1384
08/24/2000,APA,CO,ANM,WE,Towers with Display (VFR),0,77,177,1,255,0,54,427,0,481,0,131,604,1,736,744,0,744,1480
08/25/2000,APA,CO,ANM,WE,Towers with Display (VFR),0,61,139,0,200,0,28,359,0,387,0,89,498,0,587,592,0,592,1179
08/26/2000,APA,CO,ANM,WE,Towers with Display (VFR),0,38,85,0,123,0,8,285,0,293,0,46,370,0,416,417,0,417,833
08/27/2000,APA,CO,ANM,WE,Towers with Display (VFR),0,35,78,0,113,0,2,401,0,403,0,37,479,0,516,749,0,749,1265
08/28/2000,APA,CO,ANM,WE,Towers with Display (VFR),0,50,112,0,162,0,62,261,0,323,0,112,373,0,485,540,0,540,1025
08/29/2000,APA,CO,ANM,WE,Towers with Display (VFR),0,69,159,1,229,0,59,280,2,341,0,128,439,3,570,470,1,471,1041
08/30/2000,APA,CO,ANM,WE,Towers with Display (VFR),0,78,178,1,257,0,59,343,1,403,0,137,521,2,660,714,4,718,1378
08/31/2000,APA,CO,ANM,WE,Towers with Display (VFR),0,70,159,1,230,0,29,273,1,303,0,99,432,2,533,512,0,512,1045
09/01/2000,APA,CO,ANM,WE,Towers with Display (VFR),0,63,174,2,239,0,49,370,4,423,0,112,544,6,662,764,0,764,1426
09/02/2000,APA,CO,ANM,WE,Towers with Display (VFR),0,28,73,0,101,0,17,351,0,368,0,45,424,0,469,458,0,458,927
09/03/2000,APA,CO,ANM,WE,Towers with Display (VFR),0,20,65,0,85,0,0,253,0,253,0,20,318,0,338,429,0,429,767
09/04/2000,APA,CO,ANM,WE,Towers with Display (VFR),0,30,87,1,118,0,12,384,0,396,0,42,471,1,514,357,2,359,873
09/05/2000,APA,CO,ANM,WE,Towers with Display (VFR),0,44,125,0,169,0,50,304,0,354,0,94,429,0,523,377,0,377,900
09/06/2000,APA,CO,ANM,WE,Towers with Display (VFR),0,64,179,0,243,0,71,303,0,374,0,135,482,0,617,625,0,625,1242
09/07/2000,APA,CO,ANM,WE,Towers with Display (VFR),0,62,176,0,238,0,36,271,0,307,0,98,447,0,545,420,12,432,977
09/08/2000,APA,CO,ANM,WE,Towers with Display (VFR),0,51,143,2,196,0,53,273,19,345,0,104,416,21,541,399,0,399,940
09/09/2000,APA,CO,ANM,WE,Towers with Display (VFR),0,30,87,0,117,0,3,360,0,363,0,33,447,0,480,554,0,554,1034
09/10/2000,APA,CO,ANM,WE,Towers with Display (VFR),0,32,89,2,123,0,14,380,5,399,0,46,469,7,522,630,0,630,1152
09/11/2000,APA,CO,ANM,WE,Towers with Display (VFR),0,52,145,1,198,0,44,323,0,367,0,96,468,1,565,526,1,527,1092
09/12/2000,APA,CO,ANM,WE,Towers with Display (VFR),0,59,168,0,227,0,45,411,0,456,0,104,579,0,683,642,0,642,1325
09/13/2000,APA,CO,ANM,WE,Towers with Display (VFR),0,59,166,0,225,0,38,427,0,465,0,97,593,0,690,630,0,630,1320
09/14/2000,APA,CO,ANM,WE,Towers with Display (VFR),0,61,172,3,236,0,56,366,0,422,0,117,538,3,658,562,26,588,1246
09/15/2000,APA,CO,ANM,WE,Towers with Display (VFR),0,53,149,1,203,0,52,345,0,397,0,105,494,1,600,606,0,606,1206
09/16/2000,APA,CO,ANM,WE,Towers with Display (VFR),0,23,64,0,87,0,14,415,0,429,0,37,479,0,516,668,0,668,1184
09/17/2000,APA,CO,ANM,WE,Towers with Display (VFR),0,39,109,0,148,0,5,304,0,309,0,44,413,0,457,440,0,440,897
09/18/2000,APA,CO,ANM,WE,Towers with Display (VFR),0,56,155,1,212,0,56,308,1,365,0,112,463,2,577,438,2,440,1017
09/19/2000,APA,CO,ANM,WE,Towers with Display (VFR),0,59,168,0,227,0,68,401,0,469,0,127,569,0,696,654,0,654,1350
09/20/2000,APA,CO,ANM,WE,Towers with Display (VFR),0,71,200,2,273,0,54,240,6,300,0,125,440,8,573,666,22,688,1261
09/21/2000,APA,CO,ANM,WE,Towers with Display (VFR),0,51,145,1,197,0,46,254,1,301,0,97,399,2,498,346,0,346,844
09/22/2000,APA,CO,ANM,WE,Towers with Display (VFR),0,78,219,2,299,0,2,0,1,3,0,80,219,3,302,0,0,0,302
09/23/2000,APA,CO,ANM,WE,Towers with Display (VFR),0,23,55,0,78,0,14,0,0,14,0,37,55,0,92,0,0,0,92
09/24/2000,APA,CO,ANM,WE,Towers with Display (VFR),0,34,106,1,141,0,0,52,1,53,0,34,158,2,194,148,0,148,342
09/25/2000,APA,CO,ANM,WE,Towers with Display (VFR),0,55,153,0,208,0,55,358,0,413,0,110,511,0,621,802,0,802,1423
09/26/2000,APA,CO,ANM,WE,Towers with Display (VFR),0,61,173,2,236,0,35,391,0,426,0,96,564,2,662,918,0,918,1580
09/27/2000,APA,CO,ANM,WE,Towers with Display (VFR),0,69,194,0,263,0,58,446,0,504,0,127,640,0,767,902,0,902,1669
09/28/2000,APA,CO,ANM,WE,Towers with Display (VFR),0,67,188,0,255,0,51,417,0,468,0,118,605,0,723,880,0,880,1603
09/29/2000,APA,CO,ANM,WE,Towers with Display (VFR),0,55,153,1,209,0,40,310,3,353,0,95,463,4,562,700,0,700,1262
09/30/2000,APA,CO,ANM,WE,Towers with Display (VFR),0,28,78,0,106,0,9,411,0,420,0,37,489,0,526,656,0,656,1182
10/01/2000,APA,CO,ANM,WE,Towers with Display (VFR),0,27,85,0,112,0,0,380,0,380,0,27,465,0,492,556,0,556,1048
10/02/2000,APA,CO,ANM,WE,Towers with Display (VFR),0,50,120,2,172,0,82,329,1,412,0,132,449,3,584,442,0,442,1026
10/03/2000,APA,CO,ANM,WE,Towers with Display (VFR),0,70,167,1,238,0,49,304,0,353,0,119,471,1,591,622,0,622,1213
10/04/2000,APA,CO,ANM,WE,Towers with Display (VFR),0,85,206,2,293,0,24,185,0,209,0,109,391,2,502,408,0,408,910
10/05/2000,APA,CO,ANM,WE,Towers with Display (VFR),0,59,143,0,202,0,5,3,0,8,0,64,146,0,210,0,0,0,210
10/06/2000,APA,CO,ANM,WE,Towers with Display (VFR),0,56,106,2,164,0,18,0,0,18,0,74,106,2,182,12,0,12,194
10/07/2000,APA,CO,ANM,WE,Towers with Display (VFR),0,35,87,0,122,0,12,134,0,146,0,47,221,0,268,688,0,688,956
10/08/2000,APA,CO,ANM,WE,Towers with Display (VFR),0,34,79,0,113,0,2,273,0,275,0,36,352,0,388,726,2,728,1116
10/09/2000,APA,CO,ANM,WE,Towers with Display (VFR),0,49,119,2,170,0,27,370,4,401,0,76,489,6,571,872,0,872,1443
10/10/2000,APA,CO,ANM,WE,Towers with Display (VFR),0,52,125,0,177,0,60,322,0,382,0,112,447,0,559,708,0,708,1267
10/11/2000,APA,CO,ANM,WE,Towers with Display (VFR),0,67,160,1,228,0,54,320,0,374,0,121,480,1,602,506,0,506,1108
10/12/2000,APA,CO,ANM,WE,Towers with Display (VFR),0,70,167,2,239,0,34,330,4,368,0,104,497,6,607,688,0,688,1295
10/13/2000,APA,CO,ANM,WE,Towers with Display (VFR),0,59,141,2,202,0,32,316,0,348,0,91,457,2,550,608,2,610,1160
10/14/2000,APA,CO,ANM,WE,Towers with Display (VFR),0,25,59,1,85,0,13,368,1,382,0,38,427,2,467,506,0,506,973
10/15/2000,APA,CO,ANM,WE,Towers with Display (VFR),0,42,103,1,146,0,2,367,0,369,0,44,470,1,515,610,0,610,1125
10/16/2000,APA,CO,ANM,WE,Towers with Display (VFR),0,52,126,2,180,0,63,329,0,392,0,115,455,2,572,660,0,660,1232
10/17/2000,APA,CO,ANM,WE,Towers with Display (VFR),0,52,126,0,178,0,79,356,0,435,0,131,482,0,613,824,0,824,1437
10/18/2000,APA,CO,ANM,WE,Towers with Display (VFR),0,69,170,2,241,0,31,405,2,438,0,100,575,4,679,764,0,764,1443
10/19/2000,APA,CO,ANM,WE,Towers with Display (VFR),0,69,167,1,237,0,32,360,2,394,0,101,527,3,631,700,0,700,1331
10/20/2000,APA,CO,ANM,WE,Towers with Display (VFR),0,63,152,1,216,0,5,458,9,472,0,68,610,10,688,634,2,636,1324
10/21/2000,APA,CO,ANM,WE,Towers with Display (VFR),0,32,78,0,110,0,25,404,5,434,0,57,482,5,544,510,0,510,1054
10/22/2000,APA,CO,ANM,WE,Towers with Display (VFR),0,30,87,1,118,0,0,14,0,14,0,30,101,1,132,14,0,14,146
10/23/2000,APA,CO,ANM,WE,Towers with Display (VFR),0,61,147,1,209,0,35,156,6,197,0,96,303,7,406,502,0,502,908
10/24/2000,APA,CO,ANM,WE,Towers with Display (VFR),0,75,184,2,261,0,40,119,0,159,0,115,303,2,420,422,0,422,842
10/25/2000,APA,CO,ANM,WE,Towers with Display (VFR),0,38,92,1,131,0,104,437,2,543,0,142,529,3,674,768,0,768,1442
10/26/2000,APA,CO,ANM,WE,Towers with Display (VFR),0,63,153,1,217,0,44,426,2,472,0,107,579,3,689,786,0,786,1475
10/27/2000,APA,CO,ANM,WE,Towers with Display (VFR),0,66,160,0,226,0,29,372,0,401,0,95,532,0,627,784,0,784,1411
10/28/2000,APA,CO,ANM,WE,Towers with Display (VFR),0,27,64,0,91,0,1,227,0,228,0,28,291,0,319,654,0,654,973
10/29/2000,APA,CO,ANM,WE,Towers with Display (VFR),0,36,103,1,140,0,0,334,1,335,0,36,437,2,475,504,0,504,979
10/30/2000,APA,CO,ANM,WE,Towers with Display (VFR),0,45,111,1,157,0,47,350,1,398,0,92,461,2,555,666,0,666,1221
10/31/2000,APA,CO,ANM,WE,Towers with Display (VFR),0,66,159,0,225,0,16,1,0,17,0,82,160,0,242,6,0,6,248
11/01/2000,APA,CO,ANM,WE,Towers with Display (VFR),0,81,176,0,257,0,57,218,0,275,0,138,394,0,532,476,0,476,1008
11/02/2000,APA,CO,ANM,WE,Towers with Display (VFR),0,82,180,3,265,0,52,265,0,317,0,134,445,3,582,476,0,476,1058
11/03/2000,APA,CO,ANM,WE,Towers with Display (VFR),0,72,157,2,231,0,54,234,4,292,0,126,391,6,523,436,0,436,959
11/04/2000,APA,CO,ANM,WE,Towers with Display (VFR),0,39,84,1,124,0,5,450,0,455,0,44,534,1,579,666,0,666,1245
11/05/2000,APA,CO,ANM,WE,Towers with Display (VFR),0,26,57,0,83,0,4,29,0,33,0,30,86,0,116,110,0,110,226
11/06/2000,APA,CO,ANM,WE,Towers with Display (VFR),0,52,115,0,167,0,24,34,0,58,0,76,149,0,225,116,0,116,341
11/07/2000,APA,CO,ANM,WE,Towers with Display (VFR),0,66,145,0,211,0,58,182,0,240,0,124,327,0,451,490,0,490,941
11/08/2000,APA,CO,ANM,WE,Towers with Display (VFR),0,83,182,4,269,0,67,310,0,377,0,150,492,4,646,488,8,496,1142
11/09/2000,APA,CO,ANM,WE,Towers with Display (VFR),0,83,182,1,266,0,44,256,0,300,0,127,438,1,566,664,2,666,1232
11/10/2000,APA,CO,ANM,WE,Towers with Display (VFR),0,69,150,3,222,0,32,88,6,126,0,101,238,9,348,512,0,512,860
11/11/2000,APA,CO,ANM,WE,Towers with Display (VFR),0,13,27,0,40,0,28,22,0,50,0,41,49,0,90,14,0,14,104
11/12/2000,APA,CO,ANM,WE,Towers with Display (VFR),0,31,80,2,113,0,0,68,2,70,0,31,148,4,183,166,0,166,349
11/13/2000,APA,CO,ANM,WE,Towers with Display (VFR),0,64,142,3,209,0,37,239,1,277,0,101,381,4,486,380,0,380,866
11/14/2000,APA,CO,ANM,WE,Towers with Display (VFR),0,82,180,0,262,0,62,288,0,350,0,144,468,0,612,506,2,508,1120
11/15/2000,APA,CO,ANM,WE,Towers with Display (VFR),0,78,174,4,256,0,73,85,0,158,0,151,259,4,414,276,6,282,696
11/16/2000,APA,CO,ANM,WE,Towers with Display (VFR),0,75,165,3,243,0,28,266,0,294,0,103,431,3,537,434,0,434,971
11/17/2000,APA,CO,ANM,WE,Towers with Display (VFR),0,82,183,3,268,0,32,241,4,277,0,114,424,7,545,422,0,422,967
11/18/2000,APA,CO,ANM,WE,Towers with Display (VFR),0,38,83,1,122,0,29,376,1,406,0,67,459,2,528,568,0,568,1096
11/19/2000,APA,CO,ANM,WE,Towers with Display (VFR),0,34,79,1,114,0,0,363,1,364,0,34,442,2,478,676,0,676,1154
11/20/2000,APA,CO,ANM,WE,Towers with Display (VFR),0,54,121,2,177,0,67,292,4,363,0,121,413,6,540,640,4,644,1184
11/21/2000,APA,CO,ANM,WE,Towers with Display (VFR),0,68,151,0,219,0,53,453,0,506,0,121,604,0,725,782,0,782,1507
11/22/2000,APA,CO,ANM,WE,Towers with Display (VFR),0,75,168,3,246,0,86,340,2,428,0,161,508,5,674,700,10,710,1384
11/23/2000,APA,CO,ANM,WE,Towers with Display (VFR),0,25,54,0,79,0,27,88,0,115,0,52,142,0,194,174,0,174,368
11/24/2000,APA,CO,ANM,WE,Towers with Display (VFR),0,30,68,0,98,0,39,368,0,407,0,69,436,0,505,574,0,574,1079
11/25/2000,APA,CO,ANM,WE,Towers with Display (VFR),0,31,71,0,102,0,10,289,0,299,0,41,360,0,401,568,0,568,969
11/26/2000,APA,CO,ANM,WE,Towers with Display (VFR),0,53,136,1,190,0,0,259,0,259,0,53,395,1,449,558,0,558,1007
11/27/2000,APA,CO,ANM,WE,Towers with Display (VFR),0,61,135,2,198,0,36,280,1,317,0,97,415,3,515,500,0,500,1015
11/28/2000,APA,CO,ANM,WE,Towers with Display (VFR),0,77,172,3,252,0,70,188,2,260,0,147,360,5,512,528,0,528,1040
11/29/2000,APA,CO,ANM,WE,Towers with Display (VFR),0,71,158,2,231,0,69,266,4,339,0,140,424,6,570,506,0,506,1076
11/30/2000,APA,CO,ANM,WE,Towers with Display (VFR),0,68,151,2,221,0,41,175,0,216,0,109,326,2,437,324,0,324,761
12/01/2000,APA,CO,ANM,WE,Towers with Display (VFR),0,72,133,1,206,0,59,355,1,415,0,131,488,2,621,730,0,730,1351
12/02/2000,APA,CO,ANM,WE,Towers with Display (VFR),0,38,84,0,122,0,0,342,4,346,0,38,426,4,468,506,4,510,978
12/03/2000,APA,CO,ANM,WE,Towers with Display (VFR),0,49,89,0,138,0,0,263,2,265,0,49,352,2,403,394,0,394,797
12/04/2000,APA,CO,ANM,WE,Towers with Display (VFR),0,64,119,0,183,0,47,270,0,317,0,111,389,0,500,420,4,424,924
12/05/2000,APA,CO,ANM,WE,Towers with Display (VFR),0,68,128,2,198,0,72,153,7,232,0,140,281,9,430,388,0,388,818
12/06/2000,APA,CO,ANM,WE,Towers with Display (VFR),0,73,136,0,209,0,53,217,0,270,0,126,353,0,479,374,0,374,853
12/07/2000,APA,CO,ANM,WE,Towers with Display (VFR),0,77,144,2,223,0,33,341,4,378,0,110,485,6,601,590,3,593,1194
12/08/2000,APA,CO,ANM,WE,Towers with Display (VFR),0,89,165,2,256,0,53,156,7,216,0,142,321,9,472,438,0,438,910
12/09/2000,APA,CO,ANM,WE,Towers with Display (VFR),0,50,91,1,142,0,18,306,0,324,0,68,397,1,466,668,1,669,1135
12/10/2000,APA,CO,ANM,WE,Towers with Display (VFR),0,18,58,1,77,0,0,17,4,21,0,18,75,5,98,0,0,0,98
12/11/2000,APA,CO,ANM,WE,Towers with Display (VFR),0,53,100,1,154,0,59,86,0,145,0,112,186,1,299,128,0,128,427
12/12/2000,APA,CO,ANM,WE,Towers with Display (VFR),0,65,122,0,187,0,51,147,0,198,0,116,269,0,385,336,0,336,721
12/13/2000,APA,CO,ANM,WE,Towers with Display (VFR),0,80,150,0,230,0,56,181,0,237,0,136,331,0,467,452,0,452,919
12/14/2000,APA,CO,ANM,WE,Towers with Display (VFR),0,82,154,1,237,0,38,167,0,205,0,120,321,1,442,350,0,350,792
12/15/2000,APA,CO,ANM,WE,Towers with Display (VFR),0,78,144,0,222,0,25,154,0,179,0,103,298,0,401,212,0,212,613
12/16/2000,APA,CO,ANM,WE,Towers with Display (VFR),0,49,91,0,140,0,35,116,0,151,0,84,207,0,291,192,0,192,483
12/17/2000,APA,CO,ANM,WE,Towers with Display (VFR),0,35,66,0,101,0,0,141,0,141,0,35,207,0,242,200,0,200,442
12/18/2000,APA,CO,ANM,WE,Towers with Display (VFR),0,52,97,1,150,0,56,115,0,171,0,108,212,1,321,218,0,218,539
12/19/2000,APA,CO,ANM,WE,Towers with Display (VFR),0,67,124,2,193,0,41,283,2,326,0,108,407,4,519,570,12,582,1101
12/20/2000,APA,CO,ANM,WE,Towers with Display (VFR),0,60,114,1,175,0,61,54,0,115,0,121,168,1,290,118,1,119,409
12/21/2000,APA,CO,ANM,WE,Towers with Display (VFR),0,73,138,0,211,0,36,307,0,343,0,109,445,0,554,496,0,496,1050
12/22/2000,APA,CO,ANM,WE,Towers with Display (VFR),0,67,127,1,195,0,82,280,0,362,0,149,407,1,557,438,0,438,995
12/23/2000,APA,CO,ANM,WE,Towers with Display (VFR),0,39,74,0,113,0,35,419,1,455,0,74,493,1,568,378,0,378,946
12/24/2000,APA,CO,ANM,WE,Towers with Display (VFR),0,21,40,0,61,0,1,105,0,106,0,22,145,0,167,200,0,200,367
12/25/2000,APA,CO,ANM,WE,Towers with Display (VFR),0,13,21,0,34,0,5,0,0,5,0,18,21,0,39,0,0,0,39
12/26/2000,APA,CO,ANM,WE,Towers with Display (VFR),0,57,107,0,164,0,33,185,0,218,0,90,292,0,382,336,0,336,718
12/27/2000,APA,CO,ANM,WE,Towers with Display (VFR),0,64,120,0,184,0,35,257,0,292,0,99,377,0,476,476,0,476,952
12/28/2000,APA,CO,ANM,WE,Towers with Display (VFR),0,58,111,1,170,0,34,308,2,344,0,92,419,3,514,442,3,445,959
12/29/2000,APA,CO,ANM,WE,Towers with Display (VFR),0,57,108,1,166,0,66,367,1,434,0,123,475,2,600,614,0,614,1214
12/30/2000,APA,CO,ANM,WE,Towers with Display (VFR),0,44,83,0,127,0,9,256,2,267,0,53,339,2,394,482,0,482,876
12/31/2000,APA,CO,ANM,WE,Towers with Display (VFR),0,25,48,0,73,0,15,80,0,95,0,40,128,0,168,276,0,276,444
01/01/2001,APA,CO,ANM,WE,Towers with Display (VFR),0,33,77,0,110,0,9,149,0,158,0,42,226,0,268,186,0,186,454
01/02/2001,APA,CO,ANM,WE,Towers with Display (VFR),0,55,118,0,173,0,60,280,0,340,0,115,398,0,513,390,0,390,903
01/03/2001,APA,CO,ANM,WE,Towers with Display (VFR),0,60,130,0,190,0,87,281,0,368,0,147,411,0,558,612,0,612,1170
01/04/2001,APA,CO,ANM,WE,Towers with Display (VFR),0,60,129,0,189,0,52,195,0,247,0,112,324,0,436,310,0,310,746
01/05/2001,APA,CO,ANM,WE,Towers with Display (VFR),0,59,126,2,187,0,48,362,2,412,0,107,488,4,599,642,0,642,1241
01/06/2001,APA,CO,ANM,WE,Towers with Display (VFR),0,31,67,2,100,0,14,412,0,426,0,45,479,2,526,582,0,582,1108
01/07/2001,APA,CO,ANM,WE,Towers with Display (VFR),0,27,59,1,87,0,14,289,0,303,0,41,348,1,390,548,0,548,938
01/08/2001,APA,CO,ANM,WE,Towers with Display (VFR),0,47,101,1,149,0,42,284,0,326,0,89,385,1,475,456,0,456,931
01/09/2001,APA,CO,ANM,WE,Towers with Display (VFR),0,60,131,0,191,0,59,290,0,349,0,119,421,0,540,584,0,584,1124
01/10/2001,APA,CO,ANM,WE,Towers with Display (VFR),0,64,141,0,205,0,79,344,0,423,0,143,485,0,628,686,0,686,1314
01/11/2001,APA,CO,ANM,WE,Towers with Display (VFR),0,76,165,0,241,0,44,323,0,367,0,120,488,0,608,560,0,560,1168
01/12/2001,APA,CO,ANM,WE,Towers with Display (VFR),0,74,160,3,237,0,41,275,6,322,0,115,435,9,559,528,0,528,1087
01/13/2001,APA,CO,ANM,WE,Towers with Display (VFR),0,21,45,0,66,0,26,64,0,90,0,47,109,0,156,180,0,180,336
01/14/2001,APA,CO,ANM,WE,Towers with Display (VFR),0,25,69,2,96,0,0,257,2,259,0,25,326,4,355,532,8,540,895
01/15/2001,APA,CO,ANM,WE,Towers with Display (VFR),0,58,125,2,185,0,49,266,5,320,0,107,391,7,505,550,0,550,1055
01/16/2001,APA,CO,ANM,WE,Towers with Display (VFR),0,51,94,2,147,0,23,0,2,25,0,74,94,4,172,0,0,0,172
01/17/2001,APA,CO,ANM,WE,Towers with Display (VFR),0,67,149,2,218,0,67,166,1,234,0,134,315,3,452,350,0,350,802
01/18/2001,APA,CO,ANM,WE,Towers with Display (VFR),0,71,157,0,228,0,40,148,0,188,0,111,305,0,416,404,0,404,820
01/19/2001,APA,CO,ANM,WE,Towers with Display (VFR),0,70,154,2,226,0,29,313,4,346,0,99,467,6,572,594,0,594,1166
01/20/2001,APA,CO,ANM,WE,Towers with Display (VFR),0,32,72,1,105,0,3,131,0,134,0,35,203,1,239,300,0,300,539
01/21/2001,APA,CO,ANM,WE,Towers with Display (VFR),0,42,94,1,137,0,4,418,3,425,0,46,512,4,562,696,0,696,1258
01/22/2001,APA,CO,ANM,WE,Towers with Display (VFR),0,54,118,1,173,0,51,225,3,279,0,105,343,4,452,380,0,380,832
01/23/2001,APA,CO,ANM,WE,Towers with Display (VFR),0,53,116,1,170,0,59,207,0,266,0,112,323,1,436,416,0,416,852
01/24/2001,APA,CO,ANM,WE,Towers with Display (VFR),0,71,157,0,228,0,60,358,0,418,0,131,515,0,646,454,0,454,1100
01/25/2001,APA,CO,ANM,WE,Towers with Display (VFR),0,72,158,0,230,0,43,171,0,214,0,115,329,0,444,374,2,376,820
01/26/2001,APA,CO,ANM,WE,Towers with Display (VFR),0,55,121,0,176,0,19,247,0,266,0,74,368,0,442,426,0,426,868
01/27/2001,APA,CO,ANM,WE,Towers with Display (VFR),0,34,76,1,111,0,3,109,3,115,0,37,185,4,226,342,0,342,568
01/28/2001,APA,CO,ANM,WE,Towers with Display (VFR),0,9,32,0,41,0,0,4,1,5,0,9,36,1,46,0,0,0,46
01/29/2001,APA,CO,ANM,WE,Towers with Display (VFR),0,41,90,1,132,0,26,38,0,64,0,67,128,1,196,2,0,2,198
01/30/2001,APA,CO,ANM,WE,Towers with Display (VFR),0,58,125,1,184,0,62,178,1,241,0,120,303,2,425,324,0,324,749
01/31/2001,APA,CO,ANM,WE,Towers with Display (VFR),0,74,161,1,236,0,56,229,0,285,0,130,390,1,521,440,0,440,961
02/01/2001,APA,CO,ANM,WE,Towers with Display (VFR),0,82,162,1,245,0,39,270,0,309,0,121,432,1,554,576,2,578,1132
02/02/2001,APA,CO,ANM,WE,Towers with Display (VFR),0,76,149,2,227,0,7,268,1,276,0,83,417,3,503,534,0,534,1037
02/03/2001,APA,CO,ANM,WE,Towers with Display (VFR),0,43,84,1,128,0,19,334,0,353,0,62,418,1,481,698,0,698,1179
02/04/2001,APA,CO,ANM,WE,Towers with Display (VFR),0,37,99,1,137,0,0,363,3,366,0,37,462,4,503,542,0,542,1045
02/05/2001,APA,CO,ANM,WE,Towers with Display (VFR),0,51,98,1,150,0,44,178,0,222,0,95,276,1,372,248,0,248,620
02/06/2001,APA,CO,ANM,WE,Towers with Display (VFR),0,79,155,2,236,0,72,137,1,210,0,151,292,3,446,488,0,488,934
02/07/2001,APA,CO,ANM,WE,Towers with Display (VFR),0,43,76,0,119,0,14,0,0,14,0,57,76,0,133,0,0,0,133
02/08/2001,APA,CO,ANM,WE,Towers with Display (VFR),0,45,72,0,117,0,17,0,0,17,0,62,72,0,134,0,0,0,134
02/09/2001,APA,CO,ANM,WE,Towers with Display (VFR),0,67,130,1,198,0,55,161,0,216,0,122,291,1,414,124,0,124,538
02/10/2001,APA,CO,ANM,WE,Towers with Display (VFR),0,48,94,0,142,0,18,370,0,388,0,66,464,0,530,452,0,452,982
02/11/2001,APA,CO,ANM,WE,Towers with Display (VFR),0,38,74,0,112,0,0,161,0,161,0,38,235,0,273,260,0,260,533
02/12/2001,APA,CO,ANM,WE,Towers with Display (VFR),0,64,126,2,192,0,37,227,4,268,0,101,353,6,460,284,0,284,744
02/13/2001,APA,CO,ANM,WE,Towers with Display (VFR),0,56,111,1,168,0,38,256,0,294,0,94,367,1,462,472,0,472,934
02/14/2001,APA,CO,ANM,WE,Towers with Display (VFR),0,68,132,0,200,0,25,13,0,38,0,93,145,0,238,18,0,18,256
02/15/2001,APA,CO,ANM,WE,Towers with Display (VFR),0,86,169,1,256,0,27,254,0,281,0,113,423,1,537,458,0,458,995
02/16/2001,APA,CO,ANM,WE,Towers with Display (VFR),0,87,170,2,259,0,11,14,1,26,0,98,184,3,285,82,0,82,367
02/17/2001,APA,CO,ANM,WE,Towers with Display (VFR),0,51,101,2,154,0,15,251,0,266,0,66,352,2,420,636,0,636,1056
02/18/2001,APA,CO,ANM,WE,Towers with Display (VFR),0,34,82,0,116,0,0,283,0,283,0,34,365,0,399,478,0,478,877
02/19/2001,APA,CO,ANM,WE,Towers with Display (VFR),0,89,173,1,263,0,39,404,1,444,0,128,577,2,707,668,0,668,1375
02/20/2001,APA,CO,ANM,WE,Towers with Display (VFR),0,69,135,1,205,0,8,226,1,235,0,77,361,2,440,370,0,370,810
02/21/2001,APA,CO,ANM,WE,Towers with Display (VFR),0,73,143,1,217,0,12,139,1,152,0,85,282,2,369,432,0,432,801
02/22/2001,APA,CO,ANM,WE,Towers with Display (VFR),0,82,160,0,242,0,9,310,0,319,0,91,470,0,561,438,0,438,999
02/23/2001,APA,CO,ANM,WE,Towers with Display (VFR),0,83,163,1,247,0,54,97,9,160,0,137,260,10,407,278,0,278,685
02/24/2001,APA,CO,ANM,WE,Towers with Display (VFR),0,43,83,0,126,0,19,56,2,77,0,62,139,2,203,248,0,248,451
02/25/2001,APA,CO,ANM,WE,Towers with Display (VFR),0,36,95,0,131,0,0,443,1,444,0,36,538,1,575,714,0,714,1289
02/26/2001,APA,CO,ANM,WE,Towers with Display (VFR),0,69,137,0,206,0,8,221,0,229,0,77,358,0,435,300,0,300,735
02/27/2001,APA,CO,ANM,WE,Towers with Display (VFR),0,59,114,0,173,0,23,0,0,23,0,82,114,0,196,56,0,56,252
02/28/2001,APA,CO,ANM,WE,Towers with Display (VFR),0,94,185,0,279,0,58,210,0,268,0,152,395,0,547,544,0,544,1091
03/01/2001,APA,CO,ANM,WE,Towers with Display (VFR),0,74,168,1,243,0,31,306,0,337,0,105,474,1,580,504,0,504,1084
03/02/2001,APA,CO,ANM,WE,Towers with Display (VFR),0,73,167,2,242,0,41,364,3,408,0,114,531,5,650,596,0,596,1246
03/03/2001,APA,CO,ANM,WE,Towers with Display (VFR),0,40,96,0,136,0,0,371,0,371,0,40,467,0,507,652,0,652,1159
03/04/2001,APA,CO,ANM,WE,Towers with Display (VFR),0,42,94,1,137,0,20,398,4,422,0,62,492,5,559,664,2,666,1225
03/05/2001,APA,CO,ANM,WE,Towers with Display (VFR),0,61,138,0,199,0,42,295,0,337,0,103,433,0,536,554,0,554,1090
03/06/2001,APA,CO,ANM,WE,Towers with Display (VFR),0,71,157,0,228,0,59,288,0,347,0,130,445,0,575,524,0,524,1099
03/07/2001,APA,CO,ANM,WE,Towers with Display (VFR),0,69,155,2,226,0,24,288,5,317,0,93,443,7,543,606,0,606,1149
03/08/2001,APA,CO,ANM,WE,Towers with Display (VFR),0,76,168,2,246,0,32,325,2,359,0,108,493,4,605,596,0,596,1201
03/09/2001,APA,CO,ANM,WE,Towers with Display (VFR),0,59,131,0,190,0,38,353,0,391,0,97,484,0,581,834,0,834,1415
03/10/2001,APA,CO,ANM,WE,Towers with Display (VFR),0,29,65,0,94,0,11,3,0,14,0,40,68,0,108,80,0,80,188
03/11/2001,APA,CO,ANM,WE,Towers with Display (VFR),0,14,56,0,70,0,0,20,0,20,0,14,76,0,90,0,0,0,90
03/12/2001,APA,CO,ANM,WE,Towers with Display (VFR),0,55,124,2,181,0,81,189,0,270,0,136,313,2,451,392,0,392,843
03/13/2001,APA,CO,ANM,WE,Towers with Display (VFR),0,77,171,1,249,0,71,291,0,362,0,148,462,1,611,710,0,710,1321
03/14/2001,APA,CO,ANM,WE,Towers with Display (VFR),0,77,172,0,249,0,74,156,0,230,0,151,328,0,479,298,0,298,777
03/15/2001,APA,CO,ANM,WE,Towers with Display (VFR),0,77,172,2,251,0,54,209,1,264,0,131,381,3,515,368,0,368,883
03/16/2001,APA,CO,ANM,WE,Towers with Display (VFR),0,82,182,0,264,0,29,259,0,288,0,111,441,0,552,418,0,418,970
03/17/2001,APA,CO,ANM,WE,Towers with Display (VFR),0,40,88,0,128,0,22,107,0,129,0,62,195,0,257,342,0,342,599
03/18/2001,APA,CO,ANM,WE,Towers with Display (VFR),0,61,136,0,197,0,9,220,0,229,0,70,356,0,426,368,0,368,794
03/19/2001,APA,CO,ANM,WE,Towers with Display (VFR),0,57,128,1,186,0,41,334,1,376,0,98,462,2,562,474,0,474,1036
03/20/2001,APA,CO,ANM,WE,Towers with Display (VFR),0,68,153,1,222,0,51,296,18,365,0,119,449,19,587,552,0,552,1139
03/21/2001,APA,CO,ANM,WE,Towers with Display (VFR),0,80,180,1,261,0,29,339,0,368,0,109,519,1,629,629,8,637,1266
03/22/2001,APA,CO,ANM,WE,Towers with Display (VFR),0,81,183,1,265,0,33,303,0,336,0,114,486,1,601,388,2,390,991
03/23/2001,APA,CO,ANM,WE,Towers with Display (VFR),0,83,185,1,269,0,43,191,0,234,0,126,376,1,503,446,0,446,949
03/24/2001,APA,CO,ANM,WE,Towers with Display (VFR),0,42,80,0,122,0,32,0,0,32,0,74,80,0,154,42,0,42,196
03/25/2001,APA,CO,ANM,WE,Towers with Display (VFR),0,41,92,0,133,0,7,8,0,15,0,48,100,0,148,4,0,4,152
03/26/2001,APA,CO,ANM,WE,Towers with Display (VFR),0,43,77,0,120,0,18,0,3,21,0,61,77,3,141,0,0,0,141
03/27/2001,APA,CO,ANM,WE,Towers with Display (VFR),0,66,150,0,216,0,37,181,0,218,0,103,331,0,434,448,0,448,882
03/28/2001,APA,CO,ANM,WE,Towers with Display (VFR),0,66,149,1,216,0,52,279,2,333,0,118,428,3,549,560,0,560,1109
03/29/2001,APA,CO,ANM,WE,Towers with Display (VFR),0,73,164,1,238,0,27,199,0,226,0,100,363,1,464,510,0,510,974
03/30/2001,APA,CO,ANM,WE,Towers with Display (VFR),0,58,132,1,191,0,33,237,4,274,0,91,369,5,465,394,0,394,859
03/31/2001,APA,CO,ANM,WE,Towers with Display (VFR),0,50,113,1,164,0,20,358,0,378,0,70,471,1,542,866,0,866,1408
04/01/2001,APA,CO,ANM,WE,Towers with Display (VFR),0,26,99,3,128,0,11,445,0,456,0,37,544,3,584,570,0,570,1154
04/02/2001,APA,CO,ANM,WE,Towers with Display (VFR),0,43,101,1,145,0,62,297,0,359,0,105,398,1,504,574,0,574,1078
04/03/2001,APA,CO,ANM,WE,Towers with Display (VFR),0,83,147,5,235,0,37,267,0,304,0,120,414,5,539,576,2,578,1117
04/04/2001,APA,CO,ANM,WE,Towers with Display (VFR),0,85,219,3,307,0,28,191,4,223,0,113,410,7,530,654,2,656,1186
04/05/2001,APA,CO,ANM,WE,Towers with Display (VFR),0,81,192,4,277,0,32,277,0,309,0,113,469,4,586,422,0,422,1008
04/06/2001,APA,CO,ANM,WE,Towers with Display (VFR),0,74,141,4,219,0,23,86,0,109,0,97,227,4,328,132,0,132,460
04/07/2001,APA,CO,ANM,WE,Towers with Display (VFR),0,40,68,0,108,0,5,335,0,340,0,45,403,0,448,640,0,640,1088
04/08/2001,APA,CO,ANM,WE,Towers with Display (VFR),0,23,101,1,125,0,0,311,1,312,0,23,412,2,437,500,0,500,937
04/09/2001,APA,CO,ANM,WE,Towers with Display (VFR),0,47,113,0,160,0,58,317,0,375,0,105,430,0,535,442,0,442,977
04/10/2001,APA,CO,ANM,WE,Towers with Display (VFR),0,72,104,0,176,0,7,28,0,35,0,79,132,0,211,98,0,98,309
04/11/2001,APA,CO,ANM,WE,Towers with Display (VFR),0,40,66,0,106,0,40,33,0,73,0,80,99,0,179,32,0,32,211
04/12/2001,APA,CO,ANM,WE,Towers with Display (VFR),0,73,192,0,265,0,31,299,0,330,0,104,491,0,595,432,0,432,1027
04/13/2001,APA,CO,ANM,WE,Towers with Display (VFR),0,49,153,0,202,0,34,460,2,496,0,83,613,2,698,800,0,800,1498
04/14/2001,APA,CO,ANM,WE,Towers with Display (VFR),0,29,99,2,130,0,16,491,0,507,0,45,590,2,637,906,0,906,1543
04/15/2001,APA,CO,ANM,WE,Towers with Display (VFR),0,13,61,0,74,0,12,248,0,260,0,25,309,0,334,302,0,302,636
04/16/2001,APA,CO,ANM,WE,Towers with Display (VFR),0,61,130,2,193,0,31,92,0,123,0,92,222,2,316,232,0,232,548
04/17/2001,APA,CO,ANM,WE,Towers with Display (VFR),0,69,176,3,248,0,20,366,0,386,0,89,542,3,634,810,6,816,1450
04/18/2001,APA,CO,ANM,WE,Towers with Display (VFR),0,65,193,0,258,0,57,361,0,418,0,122,554,0,676,614,0,614,1290
04/19/2001,APA,CO,ANM,WE,Towers with Display (VFR),0,82,157,0,239,0,39,173,0,212,0,121,330,0,451,126,0,126,577
04/20/2001,APA,CO,ANM,WE,Towers with Display (VFR),0,65,153,2,220,0,58,266,1,325,0,123,419,3,545,402,0,402,947
04/21/2001,APA,CO,ANM,WE,Towers with Display (VFR),0,58,68,5,131,0,13,316,0,329,0,71,384,5,460,673,5,678,1138
04/22/2001,APA,CO,ANM,WE,Towers with Display (VFR),0,31,37,1,69,0,2,2,0,4,0,33,39,1,73,0,0,0,73
04/23/2001,APA,CO,ANM,WE,Towers with Display (VFR),0,58,119,3,180,0,34,331,0,365,0,92,450,3,545,560,0,560,1105
04/24/2001,APA,CO,ANM,WE,Towers with Display (VFR),0,68,149,0,217,0,56,435,0,491,0,124,584,0,708,590,0,590,1298
04/25/2001,APA,CO,ANM,WE,Towers with Display (VFR),0,72,187,0,259,0,69,439,3,511,0,141,626,3,770,730,0,730,1500
04/26/2001,APA,CO,ANM,WE,Towers with Display (VFR),0,60,168,0,228,0,33,358,1,392,0,93,526,1,620,592,0,592,1212
04/27/2001,APA,CO,ANM,WE,Towers with Display (VFR),0,65,146,4,215,0,37,458,1,496,0,102,604,5,711,934,4,938,1649
04/28/2001,APA,CO,ANM,WE,Towers with Display (VFR),0,28,78,2,108,0,13,382,1,396,0,41,460,3,504,716,0,716,1220
04/29/2001,APA,CO,ANM,WE,Towers with Display (VFR),0,37,103,2,142,0,25,364,0,389,0,62,467,2,531,708,0,708,1239
04/30/2001,APA,CO,ANM,WE,Towers with Display (VFR),0,49,139,0,188,0,33,370,2,405,0,82,509,2,593,592,0,592,1185
05/01/2001,APA,CO,ANM,WE,Towers with Display (VFR),0,80,135,1,216,0,44,375,2,421,0,124,510,3,637,542,2,544,1181
05/02/2001,APA,CO,ANM,WE,Towers with Display (VFR),0,73,123,0,196,0,9,1,0,10,0,82,124,0,206,12,0,12,218
05/03/2001,APA,CO,ANM,WE,Towers with Display (VFR),0,63,109,1,173,0,0,4,0,4,0,63,113,1,177,0,0,0,177
05/04/2001,APA,CO,ANM,WE,Towers with Display (VFR),0,67,93,5,165,0,0,2,0,2,0,67,95,5,167,0,0,0,167
05/05/2001,APA,CO,ANM,WE,Towers with Display (VFR),0,40,61,0,101,0,1,8,0,9,0,41,69,0,110,5,0,5,115
05/06/2001,APA,CO,ANM,WE,Towers with Display (VFR),0,22,92,1,115,0,23,404,0,427,0,45,496,1,542,718,0,718,1260
05/07/2001,APA,CO,ANM,WE,Towers with Display (VFR),0,45,149,0,194,0,79,495,0,574,0,124,644,0,768,970,0,970,1738
05/08/2001,APA,CO,ANM,WE,Towers with Display (VFR),0,62,162,0,224,0,73,457,4,534,0,135,619,4,758,678,10,688,1446
05/09/2001,APA,CO,ANM,WE,Towers with Display (VFR),0,86,163,2,251,0,44,326,0,370,0,130,489,2,621,550,0,550,1171
05/10/2001,APA,CO,ANM,WE,Towers with Display (VFR),0,75,193,0,268,0,50,348,2,400,0,125,541,2,668,720,0,720,1388
05/11/2001,APA,CO,ANM,WE,Towers with Display (VFR),0,49,213,6,268,0,39,344,6,389,0,88,557,12,657,754,0,754,1411
05/12/2001,APA,CO,ANM,WE,Towers with Display (VFR),0,29,54,8,91,0,38,810,6,854,0,67,864,14,945,410,0,410,1355
05/13/2001,APA,CO,ANM,WE,Towers with Display (VFR),0,25,79,3,107,0,20,290,0,310,0,45,369,3,417,476,4,480,897
05/14/2001,APA,CO,ANM,WE,Towers with Display (VFR),0,66,144,0,210,0,94,225,4,323,0,160,369,4,533,472,0,472,1005
05/15/2001,APA,CO,ANM,WE,Towers with Display (VFR),0,77,198,0,275,0,49,354,0,403,0,126,552,0,678,762,0,762,1440
05/16/2001,APA,CO,ANM,WE,Towers with Display (VFR),0,69,189,2,260,0,83,369,0,452,0,152,558,2,712,664,0,664,1376
05/17/2001,APA,CO,ANM,WE,Towers with Display (VFR),0,91,202,1,294,0,25,142,0,167,0,116,344,1,461,298,0,298,759
05/18/2001,APA,CO,ANM,WE,Towers with Display (VFR),0,66,140,0,206,0,44,384,0,428,0,110,524,0,634,702,0,702,1336
05/19/2001,APA,CO,ANM,WE,Towers with Display (VFR),0,35,101,0,136,0,35,411,1,447,0,70,512,1,583,862,0,862,1445
05/20/2001,APA,CO,ANM,WE,Towers with Display (VFR),0,35,78,1,114,0,32,282,1,315,0,67,360,2,429,286,0,286,715
05/21/2001,APA,CO,ANM,WE,Towers with Display (VFR),0,50,137,0,187,0,49,322,2,373,0,99,459,2,560,510,0,510,1070
05/22/2001,APA,CO,ANM,WE,Towers with Display (VFR),0,72,158,0,230,0,54,388,1,443,0,126,546,1,673,688,0,688,1361
05/23/2001,APA,CO,ANM,WE,Towers with Display (VFR),0,85,138,4,227,0,73,352,1,426,0,158,490,5,653,466,4,470,1123
05/24/2001,APA,CO,ANM,WE,Towers with Display (VFR),0,75,181,0,256,0,50,373,0,423,0,125,554,0,679,548,0,548,1227
05/25/2001,APA,CO,ANM,WE,Towers with Display (VFR),0,51,126,3,180,0,48,436,0,484,0,99,562,3,664,868,0,868,1532
05/26/2001,APA,CO,ANM,WE,Towers with Display (VFR),0,30,62,0,92,0,31,464,0,495,0,61,526,0,587,654,0,654,1241
05/27/2001,APA,CO,ANM,WE,Towers with Display (VFR),0,22,53,0,75,0,20,306,0,326,0,42,359,0,401,340,0,340,741
05/28/2001,APA,CO,ANM,WE,Towers with Display (VFR),0,31,84,0,115,0,33,223,0,256,0,64,307,0,371,578,0,578,949
05/29/2001,APA,CO,ANM,WE,Towers with Display (VFR),0,51,142,0,193,0,72,324,0,396,0,123,466,0,589,698,0,698,1287
05/30/2001,APA,CO,ANM,WE,Towers with Display (VFR),0,70,161,1,232,0,65,280,6,351,0,135,441,7,583,694,14,708,1291
05/31/2001,APA,CO,ANM,WE,Towers with Display (VFR),0,64,167,0,231,0,45,439,1,485,0,109,606,1,716,742,0,742,1458
06/01/2001,APA,CO,ANM,WE,Towers with Display (VFR),0,71,161,1,233,0,29,481,11,521,0,100,642,12,754,747,0,747,1501
06/02/2001,APA,CO,ANM,WE,Towers with Display (VFR),0,33,81,0,114,0,14,389,0,403,0,47,470,0,517,584,0,584,1101
06/03/2001,APA,CO,ANM,WE,Towers with Display (VFR),0,29,148,0,177,0,11,50,0,61,0,40,198,0,238,140,0,140,378
06/04/2001,APA,CO,ANM,WE,Towers with Display (VFR),0,76,153,2,231,0,11,42,1,54,0,87,195,3,285,101,0,101,386
06/05/2001,APA,CO,ANM,WE,Towers with Display (VFR),0,104,161,0,265,0,44,387,4,435,0,148,548,4,700,678,0,678,1378
06/06/2001,APA,CO,ANM,WE,Towers with Display (VFR),0,84,174,4,262,0,56,403,0,459,0,140,577,4,721,588,4,592,1313
06/07/2001,APA,CO,ANM,WE,Towers with Display (VFR),0,88,191,8,287,0,23,203,0,226,0,111,394,8,513,476,0,476,989
06/08/2001,APA,CO,ANM,WE,Towers with Display (VFR),0,74,124,2,200,0,62,458,5,525,0,136,582,7,725,748,2,750,1475
06/09/2001,APA,CO,ANM,WE,Towers with Display (VFR),0,29,84,0,113,0,32,426,1,459,0,61,510,1,572,634,0,634,1206
06/10/2001,APA,CO,ANM,WE,Towers with Display (VFR),0,28,99,1,128,0,12,281,0,293,0,40,380,1,421,456,0,456,877
06/11/2001,APA,CO,ANM,WE,Towers with Display (VFR),0,35,121,0,156,0,44,378,0,422,0,79,499,0,578,564,0,564,1142
06/12/2001,APA,CO,ANM,WE,Towers with Display (VFR),0,76,164,0,240,0,52,396,0,448,0,128,560,0,688,312,0,312,1000
06/13/2001,APA,CO,ANM,WE,Towers with Display (VFR),0,78,148,1,227,0,25,140,0,165,0,103,288,1,392,158,0,158,550
06/14/2001,APA,CO,ANM,WE,Towers with Display (VFR),0,82,172,3,257,0,34,361,1,396,0,116,533,4,653,290,0,290,943
06/15/2001,APA,CO,ANM,WE,Towers with Display (VFR),0,60,133,0,193,0,39,425,0,464,0,99,558,0,657,350,0,350,1007
06/16/2001,APA,CO,ANM,WE,Towers with Display (VFR),0,31,80,0,111,0,0,448,0,448,0,31,528,0,559,592,0,592,1151
06/17/2001,APA,CO,ANM,WE,Towers with Display (VFR),0,24,83,0,107,0,4,369,0,373,0,28,452,0,480,472,0,472,952
06/18/2001,APA,CO,ANM,WE,Towers with Display (VFR),0,48,109,0,157,0,56,428,4,488,0,104,537,4,645,924,0,924,1569
06/19/2001,APA,CO,ANM,WE,Towers with Display (VFR),0,77,141,1,219,0,50,367,0,417,0,127,508,1,636,836,0,836,1472
06/20/2001,APA,CO,ANM,WE,Towers with Display (VFR),0,71,169,5,245,0,42,418,0,460,0,113,587,5,705,894,2,896,1601
06/21/2001,APA,CO,ANM,WE,Towers with Display (VFR),0,85,197,0,282,0,60,403,0,463,0,145,600,0,745,802,0,802,1547
06/22/2001,APA,CO,ANM,WE,Towers with Display (VFR),0,61,146,4,211,0,28,384,3,415,0,89,530,7,626,818,8,826,1452
06/23/2001,APA,CO,ANM,WE,Towers with Display (VFR),0,32,73,0,105,0,26,429,0,455,0,58,502,0,560,550,0,550,1110
06/24/2001,APA,CO,ANM,WE,Towers with Display (VFR),0,44,125,3,172,0,25,409,0,434,0,69,534,3,606,500,0,500,1106
06/25/2001,APA,CO,ANM,WE,Towers with Display (VFR),0,67,148,0,215,0,42,322,0,364,0,109,470,0,579,662,0,662,1241
06/26/2001,APA,CO,ANM,WE,Towers with Display (VFR),0,80,170,1,251,0,35,367,2,404,0,115,537,3,655,742,2,744,1399
06/27/2001,APA,CO,ANM,WE,Towers with Display (VFR),0,93,196,3,292,0,92,406,2,500,0,185,602,5,792,950,4,954,1746
06/28/2001,APA,CO,ANM,WE,Towers with Display (VFR),0,72,160,0,232,0,41,450,4,495,0,113,610,4,727,752,4,756,1483
06/29/2001,APA,CO,ANM,WE,Towers with Display (VFR),0,74,138,1,213,0,55,475,0,530,0,129,613,1,743,694,0,694,1437
06/30/2001,APA,CO,ANM,WE,Towers with Display (VFR),0,48,88,2,138,0,17,417,1,435,0,65,505,3,573,618,2,620,1193
07/01/2001,APA,CO,ANM,WE,Towers with Display (VFR),0,32,96,3,131,0,31,276,0,307,0,63,372,3,438,408,0,408,846
07/02/2001,APA,CO,ANM,WE,Towers with Display (VFR),0,58,107,1,166,0,56,339,0,395,0,114,446,1,561,782,0,782,1343
07/03/2001,APA,CO,ANM,WE,Towers with Display (VFR),0,74,108,3,185,0,56,428,2,486,0,130,536,5,671,660,0,660,1331
07/04/2001,APA,CO,ANM,WE,Towers with Display (VFR),0,46,42,0,88,0,25,335,0,360,0,71,377,0,448,588,0,588,1036
07/05/2001,APA,CO,ANM,WE,Towers with Display (VFR),0,50,125,1,176,0,21,307,0,328,0,71,432,1,504,274,0,274,778
07/06/2001,APA,CO,ANM,WE,Towers with Display (VFR),0,74,109,2,185,0,54,407,0,461,0,128,516,2,646,616,8,624,1270
07/07/2001,APA,CO,ANM,WE,Towers with Display (VFR),0,33,74,1,108,0,13,400,3,416,0,46,474,4,524,646,0,646,1170
07/08/2001,APA,CO,ANM,WE,Towers with Display (VFR),0,42,111,4,157,0,4,329,0,333,0,46,440,4,490,530,0,530,1020
07/09/2001,APA,CO,ANM,WE,Towers with Display (VFR),0,49,108,3,160,0,74,319,0,393,0,123,427,3,553,592,0,592,1145
07/10/2001,APA,CO,ANM,WE,Towers with Display (VFR),0,101,208,4,313,0,57,294,2,353,0,158,502,6,666,610,6,616,1282
07/11/2001,APA,CO,ANM,WE,Towers with Display (VFR),0,92,175,0,267,0,69,401,1,471,0,161,576,1,738,589,0,589,1327
07/12/2001,APA,CO,ANM,WE,Towers with Display (VFR),0,74,157,2,233,0,49,441,0,490,0,123,598,2,723,610,0,610,1333
07/13/2001,APA,CO,ANM,WE,Towers with Display (VFR),0,89,131,0,220,0,35,280,0,315,0,124,411,0,535,596,0,596,1131
07/14/2001,APA,CO,ANM,WE,Towers with Display (VFR),0,57,90,2,149,0,23,442,0,465,0,80,532,2,614,770,0,770,1384
07/15/2001,APA,CO,ANM,WE,Towers with Display (VFR),0,43,89,0,132,0,24,339,0,363,0,67,428,0,495,448,0,448,943
07/16/2001,APA,CO,ANM,WE,Towers with Display (VFR),0,49,149,7,205,0,60,429,0,489,0,109,578,7,694,880,0,880,1574
07/17/2001,APA,CO,ANM,WE,Towers with Display (VFR),0,71,162,0,233,0,51,589,0,640,0,122,751,0,873,800,0,800,1673
07/18/2001,APA,CO,ANM,WE,Towers with Display (VFR),0,85,174,1,260,0,79,411,1,491,0,164,585,2,751,690,0,690,1441
07/19/2001,APA,CO,ANM,WE,Towers with Display (VFR),0,89,191,0,280,0,49,345,0,394,0,138,536,0,674,744,0,744,1418
07/20/2001,APA,CO,ANM,WE,Towers with Display (VFR),0,78,149,0,227,0,92,465,1,558,0,170,614,1,785,710,0,710,1495
07/21/2001,APA,CO,ANM,WE,Towers with Display (VFR),0,35,57,1,93,0,39,476,0,515,0,74,533,1,608,656,1,657,1265
07/22/2001,APA,CO,ANM,WE,Towers with Display (VFR),0,34,116,0,150,0,18,364,0,382,0,52,480,0,532,438,0,438,970
07/23/2001,APA,CO,ANM,WE,Towers with Display (VFR),0,60,130,1,191,0,44,371,0,415,0,104,501,1,606,520,0,520,1126
07/24/2001,APA,CO,ANM,WE,Towers with Display (VFR),0,71,145,2,218,0,54,416,1,471,0,125,561,3,689,600,0,600,1289
07/25/2001,APA,CO,ANM,WE,Towers with Display (VFR),0,79,177,5,261,0,74,490,6,570,0,153,667,11,831,634,2,636,1467
07/26/2001,APA,CO,ANM,WE,Towers with Display (VFR),0,78,171,0,249,0,38,411,0,449,0,116,582,0,698,538,2,540,1238
07/27/2001,APA,CO,ANM,WE,Towers with Display (VFR),0,75,156,6,237,0,55,414,2,471,0,130,570,8,708,838,2,840,1548
07/28/2001,APA,CO,ANM,WE,Towers with Display (VFR),0,33,73,5,111,0,39,469,1,509,0,72,542,6,620,804,0,804,1424
07/29/2001,APA,CO,ANM,WE,Towers with Display (VFR),0,18,94,0,112,0,11,318,0,329,0,29,412,0,441,398,0,398,839
07/30/2001,APA,CO,ANM,WE,Towers with Display (VFR),0,66,148,0,214,0,64,446,2,512,0,130,594,2,726,774,0,774,1500
07/31/2001,APA,CO,ANM,WE,Towers with Display (VFR),0,82,160,1,243,0,56,412,0,468,0,138,572,1,711,888,4,892,1603
08/01/2001,APA,CO,ANM,WE,Towers with Display (VFR),0,86,154,0,240,0,43,387,1,431,0,129,541,1,671,918,0,918,1589
08/02/2001,APA,CO,ANM,WE,Towers with Display (VFR),0,87,184,0,271,0,90,412,0,502,0,177,596,0,773,725,8,733,1506
08/03/2001,APA,CO,ANM,WE,Towers with Display (VFR),0,69,142,6,217,0,43,357,2,402,0,112,499,8,619,666,0,666,1285
08/04/2001,APA,CO,ANM,WE,Towers with Display (VFR),0,35,78,1,114,0,9,425,0,434,0,44,503,1,548,612,0,612,1160
08/05/2001,APA,CO,ANM,WE,Towers with Display (VFR),0,52,111,6,169,0,20,328,0,348,0,72,439,6,517,504,36,540,1057
08/06/2001,APA,CO,ANM,WE,Towers with Display (VFR),0,49,148,2,199,0,95,304,7,406,0,144,452,9,605,640,10,650,1255
08/07/2001,APA,CO,ANM,WE,Towers with Display (VFR),0,100,140,4,244,0,19,511,1,531,0,119,651,5,775,917,4,921,1696
08/08/2001,APA,CO,ANM,WE,Towers with Display (VFR),0,72,170,2,244,0,56,422,2,480,0,128,592,4,724,1052,2,1054,1778
08/09/2001,APA,CO,ANM,WE,Towers with Display (VFR),0,98,257,5,360,0,43,87,0,130,0,141,344,5,490,219,0,219,709
08/10/2001,APA,CO,ANM,WE,Towers with Display (VFR),0,80,176,1,257,0,48,477,2,527,0,128,653,3,784,966,0,966,1750
08/11/2001,APA,CO,ANM,WE,Towers with Display (VFR),0,38,95,4,137,0,27,392,6,425,0,65,487,10,562,727,0,727,1289
08/12/2001,APA,CO,ANM,WE,Towers with Display (VFR),0,34,123,1,158,0,32,289,0,321,0,66,412,1,479,650,0,650,1129
08/13/2001,APA,CO,ANM,WE,Towers with Display (VFR),0,52,133,1,186,0,69,320,0,389,0,121,453,1,575,726,4,730,1305
08/14/2001,APA,CO,ANM,WE,Towers with Display (VFR),0,79,148,1,228,0,46,440,1,487,0,125,588,2,715,879,0,879,1594
08/15/2001,APA,CO,ANM,WE,Towers with Display (VFR),0,77,171,0,248,0,31,457,1,489,0,108,628,1,737,876,0,876,1613
08/16/2001,APA,CO,ANM,WE,Towers with Display (VFR),0,82,175,1,258,0,37,394,0,431,0,119,569,1,689,923,0,923,1612
08/17/2001,APA,CO,ANM,WE,Towers with Display (VFR),0,73,173,2,248,0,79,496,0,575,0,152,669,2,823,821,0,821,1644
08/18/2001,APA,CO,ANM,WE,Towers with Display (VFR),0,40,58,0,98,0,25,419,0,444,0,65,477,0,542,736,0,736,1278
08/19/2001,APA,CO,ANM,WE,Towers with Display (VFR),0,39,118,0,157,0,17,232,0,249,0,56,350,0,406,326,2,328,734
08/20/2001,APA,CO,ANM,WE,Towers with Display (VFR),0,67,119,4,190,0,57,324,1,382,0,124,443,5,572,478,0,478,1050
08/21/2001,APA,CO,ANM,WE,Towers with Display (VFR),0,73,124,4,201,0,35,339,3,377,0,108,463,7,578,565,0,565,1143
08/22/2001,APA,CO,ANM,WE,Towers with Display (VFR),0,76,161,0,237,0,39,319,3,361,0,115,480,3,598,712,1,713,1311
08/23/2001,APA,CO,ANM,WE,Towers with Display (VFR),0,85,166,5,256,0,41,448,4,493,0,126,614,9,749,1038,0,1038,1787
08/24/2001,APA,CO,ANM,WE,Towers with Display (VFR),0,78,143,2,223,0,43,363,0,406,0,121,506,2,629,778,0,778,1407
08/25/2001,APA,CO,ANM,WE,Towers with Display (VFR),0,34,64,1,99,0,14,239,0,253,0,48,303,1,352,444,0,444,796
08/26/2001,APA,CO,ANM,WE,Towers with Display (VFR),0,26,87,5,118,0,32,392,1,425,0,58,479,6,543,572,14,586,1129
08/27/2001,APA,CO,ANM,WE,Towers with Display (VFR),0,43,110,0,153,0,72,372,0,444,0,115,482,0,597,646,0,646,1243
08/28/2001,APA,CO,ANM,WE,Towers with Display (VFR),0,70,163,4,237,0,33,433,0,466,0,103,596,4,703,984,4,988,1691
08/29/2001,APA,CO,ANM,WE,Towers with Display (VFR),0,76,131,1,208,0,37,376,5,418,0,113,507,6,626,827,1,828,1454
08/30/2001,APA,CO,ANM,WE,Towers with Display (VFR),0,72,149,1,222,0,28,355,1,384,0,100,504,2,606,753,0,753,1359
08/31/2001,APA,CO,ANM,WE,Towers with Display (VFR),0,76,126,3,205,0,59,392,1,452,0,135,518,4,657,719,0,719,1376
09/01/2001,APA,CO,ANM,WE,Towers with Display (VFR),0,28,55,0,83,0,18,473,0,491,0,46,528,0,574,651,0,651,1225
09/02/2001,APA,CO,ANM,WE,Towers with Display (VFR),0,11,49,4,64,0,23,301,0,324,0,34,350,4,388,453,20,473,861
09/03/2001,APA,CO,ANM,WE,Towers with Display (VFR),0,15,111,4,130,0,65,428,0,493,0,80,539,4,623,700,0,700,1323
09/04/2001,APA,CO,ANM,WE,Towers with Display (VFR),0,37,109,2,148,0,66,385,1,452,0,103,494,3,600,622,2,624,1224
09/05/2001,APA,CO,ANM,WE,Towers with Display (VFR),0,79,144,0,223,0,61,391,0,452,0,140,535,0,675,792,0,792,1467
09/06/2001,APA,CO,ANM,WE,Towers with Display (VFR),0,74,127,1,202,0,43,287,1,331,0,117,414,2,533,422,0,422,955
09/07/2001,APA,CO,ANM,WE,Towers with Display (VFR),0,64,111,0,175,0,85,371,0,456,0,149,482,0,631,787,0,787,1418
09/08/2001,APA,CO,ANM,WE,Towers with Display (VFR),0,20,86,0,106,0,23,48,0,71,0,43,134,0,177,227,0,227,404
09/09/2001,APA,CO,ANM,WE,Towers with Display (VFR),0,19,73,0,92,0,29,432,0,461,0,48,505,0,553,671,0,671,1224
09/10/2001,APA,CO,ANM,WE,Towers with Display (VFR),0,59,141,0,200,0,93,405,1,499,0,152,546,1,699,0,793,793,1492
09/11/2001,APA,CO,ANM,WE,Towers with Display (VFR),0,24,27,1,52,0,31,57,0,88,0,55,84,1,140,0,62,62,202
09/12/2001,APA,CO,ANM,WE,Towers with Display (VFR),0,9,6,1,16,0,7,1,0,8,0,16,7,1,24,0,0,0,24
09/13/2001,APA,CO,ANM,WE,Towers with Display (VFR),0,120,0,0,120,0,7,4,0,11,0,127,4,0,131,0,0,0,131
09/14/2001,APA,CO,ANM,WE,Towers with Display (VFR),0,197,55,4,256,0,6,0,0,6,0,203,55,4,262,0,0,0,262
09/15/2001,APA,CO,ANM,WE,Towers with Display (VFR),0,58,119,2,179,0,18,0,0,18,0,76,119,2,197,0,0,0,197
09/16/2001,APA,CO,ANM,WE,Towers with Display (VFR),0,74,100,0,174,0,14,7,0,21,0,88,107,0,195,0,0,0,195
09/17/2001,APA,CO,ANM,WE,Towers with Display (VFR),0,105,120,3,228,0,14,5,0,19,0,119,125,3,247,0,0,0,247
09/18/2001,APA,CO,ANM,WE,Towers with Display (VFR),0,127,133,4,264,0,17,2,0,19,0,144,135,4,283,0,0,0,283
09/19/2001,APA,CO,ANM,WE,Towers with Display (VFR),0,117,191,0,308,0,15,3,0,18,0,132,194,0,326,0,0,0,326
09/20/2001,APA,CO,ANM,WE,Towers with Display (VFR),0,115,212,1,328,0,12,9,0,21,0,127,221,1,349,0,0,0,349
09/21/2001,APA,CO,ANM,WE,Towers with Display (VFR),0,114,221,20,355,0,6,17,0,23,0,120,238,20,378,0,0,0,378
09/22/2001,APA,CO,ANM,WE,Towers with Display (VFR),0,44,119,2,165,0,33,120,2,155,0,77,239,4,320,410,0,410,730
09/23/2001,APA,CO,ANM,WE,Towers with Display (VFR),0,51,111,3,165,0,15,121,0,136,0,66,232,3,301,390,0,390,691
09/24/2001,APA,CO,ANM,WE,Towers with Display (VFR),0,73,176,5,254,0,25,177,2,204,0,98,353,7,458,0,564,564,1022
09/25/2001,APA,CO,ANM,WE,Towers with Display (VFR),0,91,209,2,302,0,17,239,9,265,0,108,448,11,567,719,0,719,1286
09/26/2001,APA,CO,ANM,WE,Towers with Display (VFR),0,87,183,0,270,0,20,256,0,276,0,107,439,0,546,0,760,760,1306
09/27/2001,APA,CO,ANM,WE,Towers with Display (VFR),0,104,183,1,288,0,17,274,0,291,0,121,457,1,579,633,0,633,1212
09/28/2001,APA,CO,ANM,WE,Towers with Display (VFR),0,62,111,1,174,0,68,346,3,417,0,130,457,4,591,791,2,793,1384
09/29/2001,APA,CO,ANM,WE,Towers with Display (VFR),0,72,128,1,201,0,24,141,0,165,0,96,269,1,366,345,0,345,711
09/30/2001,APA,CO,ANM,WE,Towers with Display (VFR),0,0,0,0,0,0,59,352,0,411,0,59,352,0,411,517,0,517,928
10/01/2001,APA,CO,ANM,WE,Towers with Display (VFR),0,69,145,0,214,0,15,180,1,196,0,84,325,1,410,711,0,711,1121
10/02/2001,APA,CO,ANM,WE,Towers with Display (VFR),0,102,180,1,283,0,36,357,0,393,0,138,537,1,676,837,6,843,1519
10/03/2001,APA,CO,ANM,WE,Towers with Display (VFR),0,109,218,0,327,0,52,318,2,372,0,161,536,2,699,956,16,972,1671
10/04/2001,APA,CO,ANM,WE,Towers with Display (VFR),0,104,168,0,272,0,25,187,0,212,0,129,355,0,484,782,16,798,1282
10/05/2001,APA,CO,ANM,WE,Towers with Display (VFR),0,106,123,5,234,0,0,131,0,131,0,106,254,5,365,502,12,514,879
10/06/2001,APA,CO,ANM,WE,Towers with Display (VFR),0,43,145,0,188,0,11,250,1,262,0,54,395,1,450,661,0,661,1111
10/07/2001,APA,CO,ANM,WE,Towers with Display (VFR),0,54,138,2,194,0,11,194,0,205,0,65,332,2,399,393,0,393,792
10/08/2001,APA,CO,ANM,WE,Towers with Display (VFR),0,87,167,0,254,0,6,263,0,269,0,93,430,0,523,770,0,770,1293
10/09/2001,APA,CO,ANM,WE,Towers with Display (VFR),0,81,138,3,222,0,25,248,3,276,0,106,386,6,498,619,0,619,1117
10/10/2001,APA,CO,ANM,WE,Towers with Display (VFR),0,106,199,0,305,0,52,296,0,348,0,158,495,0,653,679,0,679,1332
10/11/2001,APA,CO,ANM,WE,Towers with Display (VFR),0,109,206,0,315,0,54,289,1,344,0,163,495,1,659,696,0,696,1355
10/12/2001,APA,CO,ANM,WE,Towers with Display (VFR),0,115,124,9,248,0,21,144,0,165,0,136,268,9,413,311,2,313,726
10/13/2001,APA,CO,ANM,WE,Towers with Display (VFR),0,42,58,2,102,0,21,94,4,119,0,63,152,6,221,236,0,236,457
10/14/2001,APA,CO,ANM,WE,Towers with Display (VFR),0,52,139,4,195,0,26,242,0,268,0,78,381,4,463,660,0,660,1123
10/15/2001,APA,CO,ANM,WE,Towers with Display (VFR),0,49,142,2,193,0,22,214,1,237,0,71,356,3,430,552,0,552,982
10/16/2001,APA,CO,ANM,WE,Towers with Display (VFR),0,110,182,0,292,0,27,283,0,310,0,137,465,0,602,684,0,684,1286
10/17/2001,APA,CO,ANM,WE,Towers with Display (VFR),0,102,220,2,324,0,36,292,0,328,0,138,512,2,652,646,0,646,1298
10/18/2001,APA,CO,ANM,WE,Towers with Display (VFR),0,114,180,1,295,0,48,311,0,359,0,162,491,1,654,598,0,598,1252
10/19/2001,APA,CO,ANM,WE,Towers with Display (VFR),0,98,169,3,270,0,78,349,1,428,0,176,518,4,698,722,0,722,1420
10/20/2001,APA,CO,ANM,WE,Towers with Display (VFR),0,42,146,0,188,0,13,257,0,270,0,55,403,0,458,809,0,809,1267
10/21/2001,APA,CO,ANM,WE,Towers with Display (VFR),0,50,148,0,198,0,12,201,3,216,0,62,349,3,414,447,8,455,869
10/22/2001,APA,CO,ANM,WE,Towers with Display (VFR),0,70,156,0,226,0,18,180,0,198,0,88,336,0,424,406,0,406,830
10/23/2001,APA,CO,ANM,WE,Towers with Display (VFR),0,93,143,1,237,0,58,239,9,306,0,151,382,10,543,338,4,342,885
10/24/2001,APA,CO,ANM,WE,Towers with Display (VFR),0,90,171,5,266,0,44,148,2,194,0,134,319,7,460,171,4,175,635
10/25/2001,APA,CO,ANM,WE,Towers with Display (VFR),0,139,135,0,274,0,39,405,4,448,0,178,540,4,722,999,0,999,1721
10/26/2001,APA,CO,ANM,WE,Towers with Display (VFR),0,98,136,0,234,0,46,495,1,542,0,144,631,1,776,1062,0,1062,1838
10/27/2001,APA,CO,ANM,WE,Towers with Display (VFR),0,36,91,0,127,0,23,497,0,520,0,59,588,0,647,792,0,792,1439
10/28/2001,APA,CO,ANM,WE,Towers with Display (VFR),0,37,105,0,142,0,27,377,0,404,0,64,482,0,546,696,0,696,1242
10/29/2001,APA,CO,ANM,WE,Towers with Display (VFR),0,76,146,2,224,0,14,321,0,335,0,90,467,2,559,711,0,711,1270
10/30/2001,APA,CO,ANM,WE,Towers with Display (VFR),0,96,129,1,226,0,42,424,4,470,0,138,553,5,696,719,2,721,1417
10/31/2001,APA,CO,ANM,WE,Towers with Display (VFR),0,65,119,1,185,0,43,128,0,171,0,108,247,1,356,200,0,200,556
11/01/2001,APA,CO,ANM,WE,Towers with Display (VFR),0,113,179,3,295,0,33,368,4,405,0,146,547,7,700,825,0,825,1525
11/02/2001,APA,CO,ANM,WE,Towers with Display (VFR),0,84,175,2,261,0,62,501,3,566,0,146,676,5,827,981,0,981,1808
11/03/2001,APA,CO,ANM,WE,Towers with Display (VFR),0,37,112,0,149,0,25,412,0,437,0,62,524,0,586,827,0,827,1413
11/04/2001,APA,CO,ANM,WE,Towers with Display (VFR),0,41,128,3,172,0,22,351,10,383,0,63,479,13,555,640,1,641,1196
11/05/2001,APA,CO,ANM,WE,Towers with Display (VFR),0,74,165,6,245,0,27,354,1,382,0,101,519,7,627,916,0,916,1543
11/06/2001,APA,CO,ANM,WE,Towers with Display (VFR),0,95,177,2,274,0,26,432,0,458,0,121,609,2,732,802,0,802,1534
11/07/2001,APA,CO,ANM,WE,Towers with Display (VFR),0,120,197,2,319,0,51,219,0,270,0,171,416,2,589,494,0,494,1083
11/08/2001,APA,CO,ANM,WE,Towers with Display (VFR),0,100,214,6,320,0,53,275,1,329,0,153,489,7,649,637,0,637,1286
11/09/2001,APA,CO,ANM,WE,Towers with Display (VFR),0,97,136,3,236,0,28,456,2,486,0,125,592,5,722,883,18,901,1623
11/10/2001,APA,CO,ANM,WE,Towers with Display (VFR),0,39,86,1,126,0,6,398,1,405,0,45,484,2,531,621,0,621,1152
11/11/2001,APA,CO,ANM,WE,Towers with Display (VFR),0,48,106,0,154,0,35,343,0,378,0,83,449,0,532,502,0,502,1034
11/12/2001,APA,CO,ANM,WE,Towers with Display (VFR),0,64,117,2,183,0,14,298,0,312,0,78,415,2,495,668,0,668,1163
11/13/2001,APA,CO,ANM,WE,Towers with Display (VFR),0,85,146,0,231,0,29,428,0,457,0,114,574,0,688,974,0,974,1662
11/14/2001,APA,CO,ANM,WE,Towers with Display (VFR),0,121,158,2,281,0,358,0,0,358,0,479,158,2,639,753,0,753,1392
11/15/2001,APA,CO,ANM,WE,Towers with Display (VFR),0,106,143,4,253,0,36,367,1,404,0,142,510,5,657,833,2,835,1492
11/16/2001,APA,CO,ANM,WE,Towers with Display (VFR),0,109,186,2,297,0,34,452,1,487,0,143,638,3,784,692,0,692,1476
11/17/2001,APA,CO,ANM,WE,Towers with Display (VFR),0,43,107,0,150,0,38,524,0,562,0,81,631,0,712,793,0,793,1505
11/18/2001,APA,CO,ANM,WE,Towers with Display (VFR),0,38,119,0,157,0,6,135,0,141,0,44,254,0,298,307,0,307,605
11/19/2001,APA,CO,ANM,WE,Towers with Display (VFR),0,72,122,4,198,0,17,346,2,365,0,89,468,6,563,576,0,576,1139
11/20/2001,APA,CO,ANM,WE,Towers with Display (VFR),0,100,172,4,276,0,39,408,0,447,0,139,580,4,723,615,0,615,1338
11/21/2001,APA,CO,ANM,WE,Towers with Display (VFR),0,110,147,0,257,0,49,372,1,422,0,159,519,1,679,704,0,704,1383
11/22/2001,APA,CO,ANM,WE,Towers with Display (VFR),0,46,15,0,61,0,3,106,0,109,0,49,121,0,170,320,0,320,490
11/23/2001,APA,CO,ANM,WE,Towers with Display (VFR),0,47,31,0,78,0,13,37,0,50,0,60,68,0,128,70,0,70,198
11/24/2001,APA,CO,ANM,WE,Towers with Display (VFR),0,49,89,0,138,0,44,451,0,495,0,93,540,0,633,701,0,701,1334
11/25/2001,APA,CO,ANM,WE,Towers with Display (VFR),0,43,114,0,157,0,10,90,0,100,0,53,204,0,257,315,0,315,572
11/26/2001,APA,CO,ANM,WE,Towers with Display (VFR),0,66,87,8,161,0,5,16,0,21,0,71,103,8,182,48,0,48,230
11/27/2001,APA,CO,ANM,WE,Towers with Display (VFR),0,95,100,0,195,0,33,132,0,165,0,128,232,0,360,314,0,314,674
11/28/2001,APA,CO,ANM,WE,Towers with Display (VFR),0,108,136,3,247,0,20,261,0,281,0,128,397,3,528,492,2,494,1022
11/29/2001,APA,CO,ANM,WE,Towers with Display (VFR),0,112,130,0,242,0,24,269,2,295,0,136,399,2,537,474,0,474,1011
11/30/2001,APA,CO,ANM,WE,Towers with Display (VFR),0,90,157,4,251,0,34,265,0,299,0,124,422,4,550,500,1,501,1051
12/01/2001,APA,CO,ANM,WE,Towers with Display (VFR),0,46,67,0,113,0,59,554,0,613,0,105,621,0,726,768,0,768,1494
12/02/2001,APA,CO,ANM,WE,Towers with Display (VFR),0,28,112,2,142,0,34,365,1,400,0,62,477,3,542,566,0,566,1108
12/03/2001,APA,CO,ANM,WE,Towers with Display (VFR),0,68,117,5,190,0,33,250,1,284,0,101,367,6,474,274,4,278,752
12/04/2001,APA,CO,ANM,WE,Towers with Display (VFR),0,106,137,1,244,0,79,420,0,499,0,185,557,1,743,700,0,700,1443
12/05/2001,APA,CO,ANM,WE,Towers with Display (VFR),0,104,159,1,264,0,51,308,0,359,0,155,467,1,623,355,0,355,978
12/06/2001,APA,CO,ANM,WE,Towers with Display (VFR),0,106,163,2,271,0,31,218,1,250,0,137,381,3,521,451,0,451,972
12/07/2001,APA,CO,ANM,WE,Towers with Display (VFR),0,128,94,7,229,0,0,333,0,333,0,128,427,7,562,451,0,451,1013
12/08/2001,APA,CO,ANM,WE,Towers with Display (VFR),0,37,75,1,113,0,23,493,0,516,0,60,568,1,629,805,0,805,1434
12/09/2001,APA,CO,ANM,WE,Towers with Display (VFR),0,31,125,1,157,0,26,298,2,326,0,57,423,3,483,551,0,551,1034
12/10/2001,APA,CO,ANM,WE,Towers with Display (VFR),0,68,123,0,191,0,53,280,0,333,0,121,403,0,524,572,0,572,1096
12/11/2001,APA,CO,ANM,WE,Towers with Display (VFR),0,95,157,6,258,0,85,362,3,450,0,180,519,9,708,507,0,507,1215
12/12/2001,APA,CO,ANM,WE,Towers with Display (VFR),0,115,137,3,255,0,19,57,0,76,0,134,194,3,331,68,0,68,399
12/13/2001,APA,CO,ANM,WE,Towers with Display (VFR),0,110,154,3,267,0,76,267,0,343,0,186,421,3,610,573,0,573,1183
12/14/2001,APA,CO,ANM,WE,Towers with Display (VFR),0,87,128,3,218,0,52,498,7,557,0,139,626,10,775,775,6,781,1556
12/15/2001,APA,CO,ANM,WE,Towers with Display (VFR),0,44,67,2,113,0,29,193,4,226,0,73,260,6,339,490,6,496,835
12/16/2001,APA,CO,ANM,WE,Towers with Display (VFR),0,49,75,1,125,0,16,224,0,240,0,65,299,1,365,357,0,357,722
12/17/2001,APA,CO,ANM,WE,Towers with Display (VFR),0,75,109,2,186,0,47,320,8,375,0,122,429,10,561,548,14,562,1123
12/18/2001,APA,CO,ANM,WE,Towers with Display (VFR),0,107,155,3,265,0,67,381,8,456,0,174,536,11,721,658,0,658,1379
12/19/2001,APA,CO,ANM,WE,Towers with Display (VFR),0,110,141,0,251,0,99,374,3,476,0,209,515,3,727,858,0,858,1585
12/20/2001,APA,CO,ANM,WE,Towers with Display (VFR),0,110,164,3,277,0,57,511,1,569,0,167,675,4,846,734,0,734,1580
12/21/2001,APA,CO,ANM,WE,Towers with Display (VFR),0,70,110,1,181,0,42,230,0,272,0,112,340,1,453,403,0,403,856
12/22/2001,APA,CO,ANM,WE,Towers with Display (VFR),0,46,102,0,148,0,19,134,1,154,0,65,236,1,302,221,0,221,523
12/23/2001,APA,CO,ANM,WE,Towers with Display (VFR),0,52,67,0,119,0,31,237,0,268,0,83,304,0,387,452,0,452,839
12/24/2001,APA,CO,ANM,WE,Towers with Display (VFR),0,50,27,0,77,0,21,169,1,191,0,71,196,1,268,442,0,442,710
12/25/2001,APA,CO,ANM,WE,Towers with Display (VFR),0,44,28,0,72,0,17,45,0,62,0,61,73,0,134,66,0,66,200
12/26/2001,APA,CO,ANM,WE,Towers with Display (VFR),0,77,104,1,182,0,47,335,0,382,0,124,439,1,564,513,0,513,1077
12/27/2001,APA,CO,ANM,WE,Towers with Display (VFR),0,98,99,4,201,0,43,360,0,403,0,141,459,4,604,0,502,502,1106
12/28/2001,APA,CO,ANM,WE,Towers with Display (VFR),0,109,91,1,201,0,16,170,0,186,0,125,261,1,387,208,0,208,595
12/29/2001,APA,CO,ANM,WE,Towers with Display (VFR),0,56,101,0,157,0,37,372,0,409,0,93,473,0,566,544,0,544,1110
12/30/2001,APA,CO,ANM,WE,Towers with Display (VFR),0,56,89,1,146,0,22,78,1,101,0,78,167,2,247,306,0,306,553
12/31/2001,APA,CO,ANM,WE,Towers with Display (VFR),0,69,70,0,139,0,110,269,0,379,0,179,339,0,518,535,0,535,1053
01/01/2002,APA,CO,ANM,WE,Towers with Display (VFR),0,100,67,0,167,0,6,6,0,12,0,106,73,0,179,8,0,8,187
01/02/2002,APA,CO,ANM,WE,Towers with Display (VFR),0,93,111,0,204,0,34,228,0,262,0,127,339,0,466,300,0,300,766
01/03/2002,APA,CO,ANM,WE,Towers with Display (VFR),0,89,118,0,207,0,69,420,1,490,0,158,538,1,697,489,0,489,1186
01/04/2002,APA,CO,ANM,WE,Towers with Display (VFR),0,102,127,2,231,0,80,121,0,201,0,182,248,2,432,267,0,267,699
01/05/2002,APA,CO,ANM,WE,Towers with Display (VFR),0,46,103,1,150,0,31,412,0,443,0,77,515,1,593,760,2,762,1355
01/06/2002,APA,CO,ANM,WE,Towers with Display (VFR),0,60,113,4,177,0,44,398,0,442,0,104,511,4,619,680,0,680,1299
01/07/2002,APA,CO,ANM,WE,Towers with Display (VFR),0,72,94,0,166,0,69,396,0,465,0,141,490,0,631,717,0,717,1348
01/08/2002,APA,CO,ANM,WE,Towers with Display (VFR),0,98,107,1,206,0,86,388,0,474,0,184,495,1,680,472,0,472,1152
01/09/2002,APA,CO,ANM,WE,Towers with Display (VFR),0,113,154,0,267,0,61,372,0,433,0,174,526,0,700,740,0,740,1440
01/10/2002,APA,CO,ANM,WE,Towers with Display (VFR),0,87,144,4,235,0,38,225,2,265,0,125,369,6,500,506,24,530,1030
01/11/2002,APA,CO,ANM,WE,Towers with Display (VFR),0,81,129,3,213,0,42,484,0,526,0,123,613,3,739,914,8,922,1661
01/12/2002,APA,CO,ANM,WE,Towers with Display (VFR),0,34,64,1,99,0,23,627,0,650,0,57,691,1,749,804,0,804,1553
01/13/2002,APA,CO,ANM,WE,Towers with Display (VFR),0,44,81,0,125,0,23,108,0,131,0,67,189,0,256,163,0,163,419
01/14/2002,APA,CO,ANM,WE,Towers with Display (VFR),0,59,112,3,174,0,60,450,0,510,0,119,562,3,684,806,0,806,1490
01/15/2002,APA,CO,ANM,WE,Towers with Display (VFR),0,100,140,4,244,0,73,435,2,510,0,173,575,6,754,730,0,730,1484
01/16/2002,APA,CO,ANM,WE,Towers with Display (VFR),0,158,112,0,270,0,20,249,0,269,0,178,361,0,539,463,0,463,1002
01/17/2002,APA,CO,ANM,WE,Towers with Display (VFR),0,159,116,0,275,0,8,347,0,355,0,167,463,0,630,535,0,535,1165
01/18/2002,APA,CO,ANM,WE,Towers with Display (VFR),0,98,134,6,238,0,115,399,0,514,0,213,533,6,752,820,0,820,1572
01/19/2002,APA,CO,ANM,WE,Towers with Display (VFR),0,44,99,1,144,0,47,710,0,757,0,91,809,1,901,1012,0,1012,1913
01/20/2002,APA,CO,ANM,WE,Towers with Display (VFR),0,45,62,0,107,0,33,157,0,190,0,78,219,0,297,208,0,208,505
01/21/2002,APA,CO,ANM,WE,Towers with Display (VFR),0,53,168,0,221,0,100,649,0,749,0,153,817,0,970,1074,0,1074,2044
01/22/2002,APA,CO,ANM,WE,Towers with Display (VFR),0,74,127,0,201,0,75,164,0,239,0,149,291,0,440,216,0,216,656
01/23/2002,APA,CO,ANM,WE,Towers with Display (VFR),0,97,123,3,223,0,33,115,2,150,0,130,238,5,373,129,0,129,502
01/24/2002,APA,CO,ANM,WE,Towers with Display (VFR),0,117,146,1,264,0,131,483,1,615,0,248,629,2,879,619,0,619,1498
01/25/2002,APA,CO,ANM,WE,Towers with Display (VFR),0,85,140,3,228,0,56,559,0,615,0,141,699,3,843,890,0,890,1733
01/26/2002,APA,CO,ANM,WE,Towers with Display (VFR),0,29,87,0,116,0,59,408,0,467,0,88,495,0,583,758,0,758,1341
01/27/2002,APA,CO,ANM,WE,Towers with Display (VFR),0,33,81,2,116,0,28,427,2,457,0,61,508,4,573,845,0,845,1418
01/28/2002,APA,CO,ANM,WE,Towers with Display (VFR),0,71,106,2,179,0,86,177,0,263,0,157,283,2,442,247,0,247,689
01/29/2002,APA,CO,ANM,WE,Towers with Display (VFR),0,94,136,0,230,0,63,208,1,272,0,157,344,1,502,485,2,487,989
01/30/2002,APA,CO,ANM,WE,Towers with Display (VFR),0,94,108,2,204,0,38,130,0,168,0,132,238,2,372,387,0,387,759
01/31/2002,APA,CO,ANM,WE,Towers with Display (VFR),0,114,144,0,258,0,59,359,0,418,0,173,503,0,676,489,0,489,1165
02/01/2002,APA,CO,ANM,WE,Towers with Display (VFR),0,87,139,0,226,0,42,512,2,556,0,129,651,2,782,1024,12,1036,1818
02/02/2002,APA,CO,ANM,WE,Towers with Display (VFR),0,39,109,0,148,0,46,616,2,664,0,85,725,2,812,975,0,975,1787
02/03/2002,APA,CO,ANM,WE,Towers with Display (VFR),0,28,93,0,121,0,26,386,0,412,0,54,479,0,533,814,0,814,1347
02/04/2002,APA,CO,ANM,WE,Towers with Display (VFR),0,78,118,1,197,0,27,254,0,281,0,105,372,1,478,417,0,417,895
02/05/2002,APA,CO,ANM,WE,Towers with Display (VFR),0,106,143,2,251,0,68,381,2,451,0,174,524,4,702,775,0,775,1477
02/06/2002,APA,CO,ANM,WE,Towers with Display (VFR),0,96,156,2,254,0,82,386,0,468,0,178,542,2,722,613,2,615,1337
02/07/2002,APA,CO,ANM,WE,Towers with Display (VFR),0,107,152,0,259,0,87,373,0,460,0,194,525,0,719,677,0,677,1396
02/08/2002,APA,CO,ANM,WE,Towers with Display (VFR),0,96,109,2,207,0,46,178,1,225,0,142,287,3,432,346,6,352,784
02/09/2002,APA,CO,ANM,WE,Towers with Display (VFR),0,52,54,0,106,0,13,24,0,37,0,65,78,0,143,4,0,4,147
02/10/2002,APA,CO,ANM,WE,Towers with Display (VFR),0,47,103,0,150,0,33,375,0,408,0,80,478,0,558,915,2,917,1475
02/11/2002,APA,CO,ANM,WE,Towers with Display (VFR),0,73,136,2,211,0,66,269,0,335,0,139,405,2,546,616,0,616,1162
02/12/2002,APA,CO,ANM,WE,Towers with Display (VFR),0,97,165,0,262,0,96,390,8,494,0,193,555,8,756,849,0,849,1605
02/13/2002,APA,CO,ANM,WE,Towers with Display (VFR),0,108,143,0,251,0,62,374,1,437,0,170,517,1,688,536,0,536,1224
02/14/2002,APA,CO,ANM,WE,Towers with Display (VFR),0,138,94,0,232,0,25,168,2,195,0,163,262,2,427,288,0,288,715
02/15/2002,APA,CO,ANM,WE,Towers with Display (VFR),0,106,143,3,252,0,79,582,0,661,0,185,725,3,913,1054,0,1054,1967
02/16/2002,APA,CO,ANM,WE,Towers with Display (VFR),0,43,73,0,116,0,32,616,0,648,0,75,689,0,764,1128,0,1128,1892
02/17/2002,APA,CO,ANM,WE,Towers with Display (VFR),0,46,80,0,126,0,15,320,0,335,0,61,400,0,461,443,0,443,904
02/18/2002,APA,CO,ANM,WE,Towers with Display (VFR),0,93,115,0,208,0,43,168,0,211,0,136,283,0,419,488,0,488,907
02/19/2002,APA,CO,ANM,WE,Towers with Display (VFR),0,84,146,3,233,0,79,387,0,466,0,163,533,3,699,612,0,612,1311
02/20/2002,APA,CO,ANM,WE,Towers with Display (VFR),0,108,143,4,255,0,59,191,3,253,0,167,334,7,508,304,26,330,838
02/21/2002,APA,CO,ANM,WE,Towers with Display (VFR),0,115,188,4,307,0,75,383,0,458,0,190,571,4,765,569,2,571,1336
02/22/2002,APA,CO,ANM,WE,Towers with Display (VFR),0,106,109,4,219,0,79,410,5,494,0,185,519,9,713,750,0,750,1463
02/23/2002,APA,CO,ANM,WE,Towers with Display (VFR),0,44,64,2,110,0,23,400,2,425,0,67,464,4,535,777,4,781,1316
02/24/2002,APA,CO,ANM,WE,Towers with Display (VFR),0,62,108,2,172,0,22,163,1,186,0,84,271,3,358,384,0,384,742
02/25/2002,APA,CO,ANM,WE,Towers with Display (VFR),0,88,84,4,176,0,16,24,1,41,0,104,108,5,217,130,0,130,347
02/26/2002,APA,CO,ANM,WE,Towers with Display (VFR),0,92,141,1,234,0,85,297,0,382,0,177,438,1,616,498,0,498,1114
02/27/2002,APA,CO,ANM,WE,Towers with Display (VFR),0,87,177,0,264,0,76,299,2,377,0,163,476,2,641,437,0,437,1078
02/28/2002,APA,CO,ANM,WE,Towers with Display (VFR),0,95,168,2,265,0,63,373,2,438,0,158,541,4,703,665,0,665,1368
03/01/2002,APA,CO,ANM,WE,Towers with Display (VFR),0,78,52,0,130,0,10,7,0,17,0,88,59,0,147,0,0,0,147
03/02/2002,APA,CO,ANM,WE,Towers with Display (VFR),0,46,75,0,121,0,35,183,0,218,0,81,258,0,339,420,0,420,759
03/03/2002,APA,CO,ANM,WE,Towers with Display (VFR),0,42,109,0,151,0,30,307,0,337,0,72,416,0,488,514,0,514,1002
03/04/2002,APA,CO,ANM,WE,Towers with Display (VFR),0,76,137,0,213,0,66,345,0,411,0,142,482,0,624,638,0,638,1262
03/05/2002,APA,CO,ANM,WE,Towers with Display (VFR),0,107,133,4,244,0,77,443,0,520,0,184,576,4,764,671,6,677,1441
03/06/2002,APA,CO,ANM,WE,Towers with Display (VFR),0,105,188,3,296,0,48,367,1,416,0,153,555,4,712,741,0,741,1453
03/07/2002,APA,CO,ANM,WE,Towers with Display (VFR),0,105,136,1,242,0,52,101,1,154,0,157,237,2,396,104,2,106,502
03/08/2002,APA,CO,ANM,WE,Towers with Display (VFR),0,67,53,0,120,0,8,10,0,18,0,75,63,0,138,60,0,60,198
03/09/2002,APA,CO,ANM,WE,Towers with Display (VFR),0,60,110,0,170,0,32,404,0,436,0,92,514,0,606,734,0,734,1340
03/10/2002,APA,CO,ANM,WE,Towers with Display (VFR),0,58,113,3,174,0,25,459,1,485,0,83,572,4,659,826,0,826,1485
03/11/2002,APA,CO,ANM,WE,Towers with Display (VFR),0,73,112,4,189,0,65,298,0,363,0,138,410,4,552,884,0,884,1436
03/12/2002,APA,CO,ANM,WE,Towers with Display (VFR),0,101,132,0,233,0,135,324,0,459,0,236,456,0,692,780,0,780,1472
03/13/2002,APA,CO,ANM,WE,Towers with Display (VFR),0,95,151,0,246,0,84,386,1,471,0,179,537,1,717,698,0,698,1415
03/14/2002,APA,CO,ANM,WE,Towers with Display (VFR),0,97,137,0,234,0,31,35,0,66,0,128,172,0,300,0,0,0,300
03/15/2002,APA,CO,ANM,WE,Towers with Display (VFR),0,103,150,0,253,0,88,416,1,505,0,191,566,1,758,634,0,634,1392
03/16/2002,APA,CO,ANM,WE,Towers with Display (VFR),0,58,89,8,155,0,31,214,0,245,0,89,303,8,400,191,0,191,591
03/17/2002,APA,CO,ANM,WE,Towers with Display (VFR),0,48,110,0,158,0,46,324,9,379,0,94,434,9,537,588,0,588,1125
03/18/2002,APA,CO,ANM,WE,Towers with Display (VFR),0,70,109,4,183,0,11,139,2,152,0,81,248,6,335,498,2,500,835
03/19/2002,APA,CO,ANM,WE,Towers with Display (VFR),0,95,164,0,259,0,101,389,0,490,0,196,553,0,749,664,0,664,1413
03/20/2002,APA,CO,ANM,WE,Towers with Display (VFR),0,107,166,2,275,0,80,443,1,524,0,187,609,3,799,833,4,837,1636
03/21/2002,APA,CO,ANM,WE,Towers with Display (VFR),0,107,124,3,234,0,15,58,3,76,0,122,182,6,310,48,0,48,358
03/22/2002,APA,CO,ANM,WE,Towers with Display (VFR),0,91,136,1,228,0,28,456,0,484,0,119,592,1,712,766,2,768,1480
03/23/2002,APA,CO,ANM,WE,Towers with Display (VFR),0,50,105,4,159,0,46,329,0,375,0,96,434,4,534,350,0,350,884
03/24/2002,APA,CO,ANM,WE,Towers with Display (VFR),0,48,98,0,146,0,23,110,0,133,0,71,208,0,279,248,0,248,527
03/25/2002,APA,CO,ANM,WE,Towers with Display (VFR),0,85,74,4,163,0,44,99,0,143,0,129,173,4,306,178,0,178,484
03/26/2002,APA,CO,ANM,WE,Towers with Display (VFR),0,103,138,0,241,0,77,438,2,517,0,180,576,2,758,802,2,804,1562
03/27/2002,APA,CO,ANM,WE,Towers with Display (VFR),0,109,134,3,246,0,53,172,1,226,0,162,306,4,472,135,0,135,607
03/28/2002,APA,CO,ANM,WE,Towers with Display (VFR),0,114,133,5,252,0,78,329,3,410,0,192,462,8,662,490,2,492,1154
03/29/2002,APA,CO,ANM,WE,Towers with Display (VFR),0,82,127,2,211,0,69,639,3,711,0,151,766,5,922,1148,0,1148,2070
03/30/2002,APA,CO,ANM,WE,Towers with Display (VFR),0,50,103,0,153,0,51,782,1,834,0,101,885,1,987,1068,0,1068,2055
03/31/2002,APA,CO,ANM,WE,Towers with Display (VFR),0,41,83,2,126,0,20,372,14,406,0,61,455,16,532,682,0,682,1214
04/01/2002,APA,CO,ANM,WE,Towers with Display (VFR),0,82,115,6,203,0,76,319,4,399,0,158,434,10,602,576,10,586,1188
04/02/2002,APA,CO,ANM,WE,Towers with Display (VFR),0,93,89,0,182,0,40,85,0,125,0,133,174,0,307,136,0,136,443
04/03/2002,APA,CO,ANM,WE,Towers with Display (VFR),0,89,157,2,248,0,71,518,1,590,0,160,675,3,838,674,2,676,1514
04/04/2002,APA,CO,ANM,WE,Towers with Display (VFR),0,99,154,0,253,0,113,551,1,665,0,212,705,1,918,778,0,778,1696
04/05/2002,APA,CO,ANM,WE,Towers with Display (VFR),0,89,139,2,230,0,63,501,5,569,0,152,640,7,799,895,0,895,1694
04/06/2002,APA,CO,ANM,WE,Towers with Display (VFR),0,39,80,0,119,0,35,439,1,475,0,74,519,1,594,938,0,938,1532
04/07/2002,APA,CO,ANM,WE,Towers with Display (VFR),0,41,102,1,144,0,53,316,0,369,0,94,418,1,513,708,0,708,1221
04/08/2002,APA,CO,ANM,WE,Towers with Display (VFR),0,71,177,1,249,0,63,246,2,311,0,134,423,3,560,595,0,595,1155
04/09/2002,APA,CO,ANM,WE,Towers with Display (VFR),0,101,134,0,235,0,85,397,0,482,0,186,531,0,717,732,0,732,1449
04/10/2002,APA,CO,ANM,WE,Towers with Display (VFR),0,89,147,0,236,0,80,362,5,447,0,169,509,5,683,553,4,557,1240
04/11/2002,APA,CO,ANM,WE,Towers with Display (VFR),0,91,149,2,242,0,39,296,1,336,0,130,445,3,578,611,0,611,1189
04/12/2002,APA,CO,ANM,WE,Towers with Display (VFR),0,76,175,0,251,0,92,596,0,688,0,168,771,0,939,1025,2,1027,1966
04/13/2002,APA,CO,ANM,WE,Towers with Display (VFR),0,27,89,0,116,0,30,624,0,654,0,57,713,0,770,1010,0,1010,1780
04/14/2002,APA,CO,ANM,WE,Towers with Display (VFR),0,51,85,0,136,0,33,327,0,360,0,84,412,0,496,510,0,510,1006
04/15/2002,APA,CO,ANM,WE,Towers with Display (VFR),0,52,110,0,162,0,65,177,1,243,0,117,287,1,405,610,0,610,1015
04/16/2002,APA,CO,ANM,WE,Towers with Display (VFR),0,82,90,0,172,0,38,87,2,127,0,120,177,2,299,140,0,140,439
04/17/2002,APA,CO,ANM,WE,Towers with Display (VFR),0,86,137,0,223,0,54,176,2,232,0,140,313,2,455,278,0,278,733
04/18/2002,APA,CO,ANM,WE,Towers with Display (VFR),0,103,130,3,236,0,62,295,1,358,0,165,425,4,594,478,10,488,1082
04/19/2002,APA,CO,ANM,WE,Towers with Display (VFR),0,89,116,0,205,0,65,286,0,351,0,154,402,0,556,480,0,480,1036
04/20/2002,APA,CO,ANM,WE,Towers with Display (VFR),0,49,41,0,90,0,18,63,0,81,0,67,104,0,171,194,0,194,365
04/21/2002,APA,CO,ANM,WE,Towers with Display (VFR),0,49,80,0,129,0,26,326,0,352,0,75,406,0,481,528,2,530,1011
04/22/2002,APA,CO,ANM,WE,Towers with Display (VFR),0,84,120,0,204,0,41,337,1,379,0,125,457,1,583,418,0,418,1001
04/23/2002,APA,CO,ANM,WE,Towers with Display (VFR),0,85,114,0,199,0,65,363,0,428,0,150,477,0,627,519,0,519,1146
04/24/2002,APA,CO,ANM,WE,Towers with Display (VFR),0,83,135,2,220,0,85,441,1,527,0,168,576,3,747,584,0,584,1331
04/25/2002,APA,CO,ANM,WE,Towers with Display (VFR),0,90,165,1,256,0,88,517,6,611,0,178,682,7,867,854,0,854,1721
04/26/2002,APA,CO,ANM,WE,Towers with Display (VFR),0,61,136,4,201,0,69,371,1,441,0,130,507,5,642,724,0,724,1366
04/27/2002,APA,CO,ANM,WE,Towers with Display (VFR),0,35,72,0,107,0,44,384,0,428,0,79,456,0,535,690,0,690,1225
04/28/2002,APA,CO,ANM,WE,Towers with Display (VFR),0,39,108,0,147,0,18,456,4,478,0,57,564,4,625,901,0,901,1526
04/29/2002,APA,CO,ANM,WE,Towers with Display (VFR),0,70,140,0,210,0,77,565,2,644,0,147,705,2,854,1031,10,1041,1895
04/30/2002,APA,CO,ANM,WE,Towers with Display (VFR),0,105,130,0,235,0,382,0,0,382,0,487,130,0,617,452,0,452,1069
05/01/2002,APA,CO,ANM,WE,Towers with Display (VFR),0,103,149,0,252,0,9,7,0,16,0,112,156,0,268,57,0,57,325
05/02/2002,APA,CO,ANM,WE,Towers with Display (VFR),0,92,137,0,229,0,71,249,3,323,0,163,386,3,552,530,0,530,1082
05/03/2002,APA,CO,ANM,WE,Towers with Display (VFR),0,86,108,0,194,0,71,590,4,665,0,157,698,4,859,1094,2,1096,1955
05/04/2002,APA,CO,ANM,WE,Towers with Display (VFR),0,45,89,0,134,0,75,484,0,559,0,120,573,0,693,898,0,898,1591
05/05/2002,APA,CO,ANM,WE,Towers with Display (VFR),0,50,118,0,168,0,32,385,3,420,0,82,503,3,588,544,2,546,1134
05/06/2002,APA,CO,ANM,WE,Towers with Display (VFR),0,64,140,0,204,0,76,377,3,456,0,140,517,3,660,894,0,894,1554
05/07/2002,APA,CO,ANM,WE,Towers with Display (VFR),0,70,157,3,230,0,59,269,8,336,0,129,426,11,566,491,12,503,1069
05/08/2002,APA,CO,ANM,WE,Towers with Display (VFR),0,80,125,6,211,0,24,156,3,183,0,104,281,9,394,161,2,163,557
05/09/2002,APA,CO,ANM,WE,Towers with Display (VFR),0,80,149,2,231,0,52,320,1,373,0,132,469,3,604,763,0,763,1367
05/10/2002,APA,CO,ANM,WE,Towers with Display (VFR),0,85,162,0,247,0,111,456,0,567,0,196,618,0,814,977,0,977,1791
05/11/2002,APA,CO,ANM,WE,Towers with Display (VFR),0,46,97,0,143,0,11,240,0,251,0,57,337,0,394,788,0,788,1182
05/12/2002,APA,CO,ANM,WE,Towers with Display (VFR),0,36,81,2,119,0,16,115,1,132,0,52,196,3,251,207,0,207,458
05/13/2002,APA,CO,ANM,WE,Towers with Display (VFR),0,70,152,3,225,0,93,492,3,588,0,163,644,6,813,640,0,640,1453
05/14/2002,APA,CO,ANM,WE,Towers with Display (VFR),0,81,151,2,234,0,76,345,4,425,0,157,496,6,659,692,20,712,1371
05/15/2002,APA,CO,ANM,WE,Towers with Display (VFR),0,99,151,1,251,0,59,314,0,373,0,158,465,1,624,471,0,471,1095
05/16/2002,APA,CO,ANM,WE,Towers with Display (VFR),0,110,214,6,330,0,50,44,2,96,0,160,258,8,426,100,0,100,526
05/17/2002,APA,CO,ANM,WE,Towers with Display (VFR),0,68,211,1,280,0,50,316,2,368,0,118,527,3,648,691,1,692,1340
05/18/2002,APA,CO,ANM,WE,Towers with Display (VFR),0,36,62,4,102,0,34,461,0,495,0,70,523,4,597,574,0,574,1171
05/19/2002,APA,CO,ANM,WE,Towers with Display (VFR),0,34,118,2,154,0,47,376,0,423,0,81,494,2,577,624,6,630,1207
05/20/2002,APA,CO,ANM,WE,Towers with Display (VFR),0,67,209,2,278,0,41,257,3,301,0,108,466,5,579,392,0,392,971
05/21/2002,APA,CO,ANM,WE,Towers with Display (VFR),0,89,123,2,214,0,25,209,0,234,0,114,332,2,448,260,0,260,708
05/22/2002,APA,CO,ANM,WE,Towers with Display (VFR),0,113,154,2,269,0,52,285,3,340,0,165,439,5,609,392,4,396,1005
05/23/2002,APA,CO,ANM,WE,Towers with Display (VFR),0,85,173,3,261,0,36,330,1,367,0,121,503,4,628,409,0,409,1037
05/24/2002,APA,CO,ANM,WE,Towers with Display (VFR),0,108,91,3,202,0,0,109,0,109,0,108,200,3,311,196,0,196,507
05/25/2002,APA,CO,ANM,WE,Towers with Display (VFR),0,47,89,2,138,0,63,682,0,745,0,110,771,2,883,942,0,942,1825
05/26/2002,APA,CO,ANM,WE,Towers with Display (VFR),0,32,78,0,110,0,33,358,0,391,0,65,436,0,501,588,0,588,1089
05/27/2002,APA,CO,ANM,WE,Towers with Display (VFR),0,46,82,0,128,0,10,341,4,355,0,56,423,4,483,545,0,545,1028
05/28/2002,APA,CO,ANM,WE,Towers with Display (VFR),0,86,157,2,245,0,66,413,3,482,0,152,570,5,727,811,0,811,1538
05/29/2002,APA,CO,ANM,WE,Towers with Display (VFR),0,92,161,0,253,0,53,379,1,433,0,145,540,1,686,618,0,618,1304
05/30/2002,APA,CO,ANM,WE,Towers with Display (VFR),0,90,169,7,266,0,72,395,1,468,0,162,564,8,734,699,0,699,1433
05/31/2002,APA,CO,ANM,WE,Towers with Display (VFR),0,98,146,2,246,0,79,498,2,579,0,177,644,4,825,704,0,704,1529
06/01/2002,APA,CO,ANM,WE,Towers with Display (VFR),0,38,70,2,110,0,39,450,1,490,0,77,520,3,600,526,0,526,1126
06/02/2002,APA,CO,ANM,WE,Towers with Display (VFR),0,45,90,0,135,0,34,376,0,410,0,79,466,0,545,672,0,672,1217
06/03/2002,APA,CO,ANM,WE,Towers with Display (VFR),0,56,131,1,188,0,61,249,2,312,0,117,380,3,500,641,0,641,1141
06/04/2002,APA,CO,ANM,WE,Towers with Display (VFR),0,125,196,1,322,0,0,143,0,143,0,125,339,1,465,249,2,251,716
06/05/2002,APA,CO,ANM,WE,Towers with Display (VFR),0,99,183,0,282,0,60,545,2,607,0,159,728,2,889,734,0,734,1623
06/06/2002,APA,CO,ANM,WE,Towers with Display (VFR),0,81,156,2,239,0,43,417,0,460,0,124,573,2,699,842,1,843,1542
06/07/2002,APA,CO,ANM,WE,Towers with Display (VFR),0,83,125,8,216,0,75,567,0,642,0,158,692,8,858,980,0,980,1838
06/08/2002,APA,CO,ANM,WE,Towers with Display (VFR),0,40,61,0,101,0,35,394,0,429,0,75,455,0,530,626,0,626,1156
06/09/2002,APA,CO,ANM,WE,Towers with Display (VFR),0,45,96,3,144,0,32,219,1,252,0,77,315,4,396,316,0,316,712
06/10/2002,APA,CO,ANM,WE,Towers with Display (VFR),0,59,146,0,205,0,98,425,4,527,0,157,571,4,732,622,0,622,1354
06/11/2002,APA,CO,ANM,WE,Towers with Display (VFR),0,121,182,0,303,0,47,302,11,360,0,168,484,11,663,326,0,326,989
06/12/2002,APA,CO,ANM,WE,Towers with Display (VFR),0,107,192,7,306,0,82,472,0,554,0,189,664,7,860,840,0,840,1700
06/13/2002,APA,CO,ANM,WE,Towers with Display (VFR),0,101,178,1,280,0,76,443,0,519,0,177,621,1,799,736,0,736,1535
06/14/2002,APA,CO,ANM,WE,Towers with Display (VFR),0,87,143,2,232,0,61,421,8,490,0,148,564,10,722,827,0,827,1549
06/15/2002,APA,CO,ANM,WE,Towers with Display (VFR),0,45,111,4,160,0,47,375,0,422,0,92,486,4,582,735,0,735,1317
06/16/2002,APA,CO,ANM,WE,Towers with Display (VFR),0,45,93,0,138,0,52,469,1,522,0,97,562,1,660,716,2,718,1378
06/17/2002,APA,CO,ANM,WE,Towers with Display (VFR),0,83,136,7,226,0,74,431,9,514,0,157,567,16,740,720,4,724,1464
06/18/2002,APA,CO,ANM,WE,Towers with Display (VFR),0,93,198,2,293,0,25,140,3,168,0,118,338,5,461,248,6,254,715
06/19/2002,APA,CO,ANM,WE,Towers with Display (VFR),0,96,145,4,245,0,75,377,2,454,0,171,522,6,699,682,0,682,1381
06/20/2002,APA,CO,ANM,WE,Towers with Display (VFR),0,96,152,1,249,0,52,179,1,232,0,148,331,2,481,294,0,294,775
06/21/2002,APA,CO,ANM,WE,Towers with Display (VFR),0,88,106,0,194,0,52,313,0,365,0,140,419,0,559,456,0,456,1015
06/22/2002,APA,CO,ANM,WE,Towers with Display (VFR),0,51,76,0,127,0,41,317,0,358,0,92,393,0,485,386,0,386,871
06/23/2002,APA,CO,ANM,WE,Towers with Display (VFR),0,82,91,0,173,0,15,365,0,380,0,97,456,0,553,568,0,568,1121
06/24/2002,APA,CO,ANM,WE,Towers with Display (VFR),0,74,135,1,210,0,48,354,0,402,0,122,489,1,612,756,0,756,1368
06/25/2002,APA,CO,ANM,WE,Towers with Display (VFR),0,87,119,0,206,0,51,315,0,366,0,138,434,0,572,468,0,468,1040
06/26/2002,APA,CO,ANM,WE,Towers with Display (VFR),0,102,171,5,278,0,39,361,6,406,0,141,532,11,684,645,0,645,1329
06/27/2002,APA,CO,ANM,WE,Towers with Display (VFR),0,96,209,0,305,0,78,363,0,441,0,174,572,0,746,519,0,519,1265
06/28/2002,APA,CO,ANM,WE,Towers with Display (VFR),0,85,135,1,221,0,50,348,7,405,0,135,483,8,626,674,0,674,1300
06/29/2002,APA,CO,ANM,WE,Towers with Display (VFR),0,68,47,3,118,0,53,456,2,511,0,121,503,5,629,691,0,691,1320
06/30/2002,APA,CO,ANM,WE,Towers with Display (VFR),0,49,73,0,122,0,36,399,2,437,0,85,472,2,559,692,0,692,1251
07/01/2002,APA,CO,ANM,WE,Towers with Display (VFR),0,54,122,0,176,0,75,320,0,395,0,129,442,0,571,743,0,743,1314
07/02/2002,APA,CO,ANM,WE,Towers with Display (VFR),0,96,132,3,231,0,98,311,2,411,0,194,443,5,642,560,0,560,1202
07/03/2002,APA,CO,ANM,WE,Towers with Display (VFR),0,85,144,11,240,0,76,289,0,365,0,161,433,11,605,524,0,524,1129
07/04/2002,APA,CO,ANM,WE,Towers with Display (VFR),0,52,60,1,113,0,15,176,1,192,0,67,236,2,305,442,0,442,747
07/05/2002,APA,CO,ANM,WE,Towers with Display (VFR),0,55,81,0,136,0,25,330,0,355,0,80,411,0,491,541,0,541,1032
07/06/2002,APA,CO,ANM,WE,Towers with Display (VFR),0,52,95,1,148,0,24,200,1,225,0,76,295,2,373,352,2,354,727
07/07/2002,APA,CO,ANM,WE,Towers with Display (VFR),0,79,124,1,204,0,50,504,0,554,0,129,628,1,758,703,6,709,1467
07/08/2002,APA,CO,ANM,WE,Towers with Display (VFR),0,78,153,0,231,0,68,358,0,426,0,146,511,0,657,708,0,708,1365
07/09/2002,APA,CO,ANM,WE,Towers with Display (VFR),0,94,139,1,234,0,60,396,1,457,0,154,535,2,691,580,0,580,1271
07/10/2002,APA,CO,ANM,WE,Towers with Display (VFR),0,114,135,3,252,0,59,338,2,399,0,173,473,5,651,450,6,456,1107
07/11/2002,APA,CO,ANM,WE,Towers with Display (VFR),0,101,169,3,273,0,62,446,5,513,0,163,615,8,786,654,4,658,1444
07/12/2002,APA,CO,ANM,WE,Towers with Display (VFR),0,81,160,1,242,0,97,475,0,572,0,178,635,1,814,736,1,737,1551
07/13/2002,APA,CO,ANM,WE,Towers with Display (VFR),0,55,78,4,137,0,31,516,3,550,0,86,594,7,687,722,0,722,1409
07/14/2002,APA,CO,ANM,WE,Towers with Display (VFR),0,60,89,0,149,0,32,427,0,459,0,92,516,0,608,552,16,568,1176
07/15/2002,APA,CO,ANM,WE,Towers with Display (VFR),0,70,115,3,188,0,74,441,7,522,0,144,556,10,710,855,0,855,1565
07/16/2002,APA,CO,ANM,WE,Towers with Display (VFR),0,103,167,0,270,0,61,459,1,521,0,164,626,1,791,705,0,705,1496
07/17/2002,APA,CO,ANM,WE,Towers with Display (VFR),0,105,168,2,275,0,56,390,0,446,0,161,558,2,721,700,0,700,1421
07/18/2002,APA,CO,ANM,WE,Towers with Display (VFR),0,117,215,0,332,0,47,450,0,497,0,164,665,0,829,617,0,617,1446
07/19/2002,APA,CO,ANM,WE,Towers with Display (VFR),0,94,160,1,255,0,34,321,1,356,0,128,481,2,611,544,0,544,1155
07/20/2002,APA,CO,ANM,WE,Towers with Display (VFR),0,36,73,3,112,0,34,369,0,403,0,70,442,3,515,492,0,492,1007
07/21/2002,APA,CO,ANM,WE,Towers with Display (VFR),0,59,127,1,187,0,48,469,4,521,0,107,596,5,708,540,0,540,1248
07/22/2002,APA,CO,ANM,WE,Towers with Display (VFR),0,64,135,4,203,0,52,378,9,439,0,116,513,13,642,796,0,796,1438
07/23/2002,APA,CO,ANM,WE,Towers with Display (VFR),0,80,153,2,235,0,41,350,1,392,0,121,503,3,627,545,0,545,1172
07/24/2002,APA,CO,ANM,WE,Towers with Display (VFR),0,125,151,0,276,0,49,387,2,438,0,174,538,2,714,670,11,681,1395
07/25/2002,APA,CO,ANM,WE,Towers with Display (VFR),0,98,151,1,250,0,64,302,0,366,0,162,453,1,616,447,2,449,1065
07/26/2002,APA,CO,ANM,WE,Towers with Display (VFR),0,89,144,2,235,0,70,399,4,473,0,159,543,6,708,815,0,815,1523
07/27/2002,APA,CO,ANM,WE,Towers with Display (VFR),0,52,88,0,140,0,45,361,0,406,0,97,449,0,546,676,0,676,1222
07/28/2002,APA,CO,ANM,WE,Towers with Display (VFR),0,84,61,0,145,0,0,369,0,369,0,84,430,0,514,542,0,542,1056
07/29/2002,APA,CO,ANM,WE,Towers with Display (VFR),0,67,127,2,196,0,51,374,0,425,0,118,501,2,621,621,0,621,1242
07/30/2002,APA,CO,ANM,WE,Towers with Display (VFR),0,108,157,0,265,0,52,439,1,492,0,160,596,1,757,601,0,601,1358
07/31/2002,APA,CO,ANM,WE,Towers with Display (VFR),0,88,161,5,254,0,47,331,1,379,0,135,492,6,633,706,0,706,1339
08/01/2002,APA,CO,ANM,WE,Towers with Display (VFR),0,100,156,3,259,0,44,278,0,322,0,144,434,3,581,486,0,486,1067
08/02/2002,APA,CO,ANM,WE,Towers with Display (VFR),0,93,153,5,251,0,54,298,2,354,0,147,451,7,605,485,0,485,1090
08/03/2002,APA,CO,ANM,WE,Towers with Display (VFR),0,56,94,4,154,0,34,311,0,345,0,90,405,4,499,870,0,870,1369
08/04/2002,APA,CO,ANM,WE,Towers with Display (VFR),0,72,119,1,192,0,38,292,0,330,0,110,411,1,522,538,0,538,1060
08/05/2002,APA,CO,ANM,WE,Towers with Display (VFR),0,66,119,2,187,0,97,348,0,445,0,163,467,2,632,460,0,460,1092
08/06/2002,APA,CO,ANM,WE,Towers with Display (VFR),0,109,117,0,226,0,37,427,0,464,0,146,544,0,690,281,0,281,971
08/07/2002,APA,CO,ANM,WE,Towers with Display (VFR),0,97,127,0,224,0,53,439,0,492,0,150,566,0,716,205,0,205,921
08/08/2002,APA,CO,ANM,WE,Towers with Display (VFR),0,130,164,0,294,0,58,404,0,462,0,188,568,0,756,454,0,454,1210
08/09/2002,APA,CO,ANM,WE,Towers with Display (VFR),0,90,128,0,218,0,71,547,2,620,0,161,675,2,838,475,0,475,1313
08/10/2002,APA,CO,ANM,WE,Towers with Display (VFR),0,53,84,0,137,0,46,406,0,452,0,99,490,0,589,396,0,396,985
08/11/2002,APA,CO,ANM,WE,Towers with Display (VFR),0,56,127,0,183,0,32,398,0,430,0,88,525,0,613,710,0,710,1323
08/12/2002,APA,CO,ANM,WE,Towers with Display (VFR),0,84,153,5,242,0,64,378,4,446,0,148,531,9,688,985,0,985,1673
08/13/2002,APA,CO,ANM,WE,Towers with Display (VFR),0,97,168,3,268,0,48,418,2,468,0,145,586,5,736,911,0,911,1647
08/14/2002,APA,CO,ANM,WE,Towers with Display (VFR),0,94,177,7,278,0,42,399,8,449,0,136,576,15,727,728,0,728,1455
08/15/2002,APA,CO,ANM,WE,Towers with Display (VFR),0,111,157,2,270,0,40,394,2,436,0,151,551,4,706,783,12,795,1501
08/16/2002,APA,CO,ANM,WE,Towers with Display (VFR),0,92,138,3,233,0,57,415,2,474,0,149,553,5,707,755,0,755,1462
08/17/2002,APA,CO,ANM,WE,Towers with Display (VFR),0,52,80,2,134,0,36,400,2,438,0,88,480,4,572,702,8,710,1282
08/18/2002,APA,CO,ANM,WE,Towers with Display (VFR),0,62,115,2,179,0,16,298,1,315,0,78,413,3,494,460,0,460,954
08/19/2002,APA,CO,ANM,WE,Towers with Display (VFR),0,90,130,1,221,0,42,323,1,366,0,132,453,2,587,624,0,624,1211
08/20/2002,APA,CO,ANM,WE,Towers with Display (VFR),0,81,161,4,246,0,42,262,2,306,0,123,423,6,552,644,8,652,1204
08/21/2002,APA,CO,ANM,WE,Towers with Display (VFR),0,91,161,3,255,0,42,350,2,394,0,133,511,5,649,686,2,688,1337
08/22/2002,APA,CO,ANM,WE,Towers with Display (VFR),0,102,170,1,273,0,74,297,0,371,0,176,467,1,644,499,2,501,1145
08/23/2002,APA,CO,ANM,WE,Towers with Display (VFR),0,75,126,2,203,0,68,307,3,378,0,143,433,5,581,691,6,697,1278
08/24/2002,APA,CO,ANM,WE,Towers with Display (VFR),0,49,88,0,137,0,34,356,0,390,0,83,444,0,527,836,0,836,1363
08/25/2002,APA,CO,ANM,WE,Towers with Display (VFR),0,48,118,2,168,0,38,429,3,470,0,86,547,5,638,790,2,792,1430
08/26/2002,APA,CO,ANM,WE,Towers with Display (VFR),0,66,152,2,220,0,66,399,1,466,0,132,551,3,686,653,8,661,1347
08/27/2002,APA,CO,ANM,WE,Towers with Display (VFR),0,108,123,2,233,0,36,215,3,254,0,144,338,5,487,399,0,399,886
08/28/2002,APA,CO,ANM,WE,Towers with Display (VFR),0,87,166,0,253,0,14,246,0,260,0,101,412,0,513,643,0,643,1156
08/29/2002,APA,CO,ANM,WE,Towers with Display (VFR),0,79,188,3,270,0,64,249,0,313,0,143,437,3,583,440,0,440,1023
08/30/2002,APA,CO,ANM,WE,Towers with Display (VFR),0,96,162,2,260,0,85,432,0,517,0,181,594,2,777,852,0,852,1629
08/31/2002,APA,CO,ANM,WE,Towers with Display (VFR),0,32,88,0,120,0,32,363,0,395,0,64,451,0,515,618,0,618,1133
09/01/2002,APA,CO,ANM,WE,Towers with Display (VFR),0,35,85,4,124,0,22,330,2,354,0,57,415,6,478,560,24,584,1062
09/02/2002,APA,CO,ANM,WE,Towers with Display (VFR),0,47,123,1,171,0,33,309,0,342,0,80,432,1,513,492,0,492,1005
09/03/2002,APA,CO,ANM,WE,Towers with Display (VFR),0,86,124,4,214,0,59,291,4,354,0,145,415,8,568,588,0,588,1156
09/04/2002,APA,CO,ANM,WE,Towers with Display (VFR),0,86,150,0,236,0,54,344,0,398,0,140,494,0,634,693,1,694,1328
09/05/2002,APA,CO,ANM,WE,Towers with Display (VFR),0,92,155,0,247,0,51,340,2,393,0,143,495,2,640,745,0,745,1385
09/06/2002,APA,CO,ANM,WE,Towers with Display (VFR),0,89,125,0,214,0,45,382,7,434,0,134,507,7,648,581,10,591,1239
09/07/2002,APA,CO,ANM,WE,Towers with Display (VFR),0,29,65,0,94,0,43,361,9,413,0,72,426,9,507,610,6,616,1123
09/08/2002,APA,CO,ANM,WE,Towers with Display (VFR),0,44,111,1,156,0,27,309,10,346,0,71,420,11,502,486,22,508,1010
09/09/2002,APA,CO,ANM,WE,Towers with Display (VFR),0,83,148,2,233,0,44,108,1,153,0,127,256,3,386,542,0,542,928
09/10/2002,APA,CO,ANM,WE,Towers with Display (VFR),0,107,153,7,267,0,39,170,0,209,0,146,323,7,476,472,0,472,948
09/11/2002,APA,CO,ANM,WE,Towers with Display (VFR),0,87,153,2,242,0,38,339,1,378,0,125,492,3,620,568,0,568,1188
09/12/2002,APA,CO,ANM,WE,Towers with Display (VFR),0,81,174,4,259,0,84,202,1,287,0,165,376,5,546,459,0,459,1005
09/13/2002,APA,CO,ANM,WE,Towers with Display (VFR),0,107,214,8,329,0,65,266,12,343,0,172,480,20,672,646,0,646,1318
09/14/2002,APA,CO,ANM,WE,Towers with Display (VFR),0,37,66,0,103,0,20,448,13,481,0,57,514,13,584,882,2,884,1468
09/15/2002,APA,CO,ANM,WE,Towers with Display (VFR),0,39,88,4,131,0,17,371,0,388,0,56,459,4,519,620,0,620,1139
09/16/2002,APA,CO,ANM,WE,Towers with Display (VFR),0,52,147,0,199,0,87,364,0,451,0,139,511,0,650,740,0,740,1390
09/17/2002,APA,CO,ANM,WE,Towers with Display (VFR),0,84,181,0,265,0,52,244,1,297,0,136,425,1,562,569,14,583,1145
09/18/2002,APA,CO,ANM,WE,Towers with Display (VFR),0,110,185,1,296,0,100,230,0,330,0,210,415,1,626,478,0,478,1104
09/19/2002,APA,CO,ANM,WE,Towers with Display (VFR),0,104,158,8,270,0,51,407,1,459,0,155,565,9,729,850,0,850,1579
09/20/2002,APA,CO,ANM,WE,Towers with Display (VFR),0,87,171,2,260,0,52,484,0,536,0,139,655,2,796,795,4,799,1595
09/21/2002,APA,CO,ANM,WE,Towers with Display (VFR),0,33,70,6,109,0,36,500,4,540,0,69,570,10,649,880,0,880,1529
09/22/2002,APA,CO,ANM,WE,Towers with Display (VFR),0,44,94,0,138,0,22,323,0,345,0,66,417,0,483,569,0,569,1052
09/23/2002,APA,CO,ANM,WE,Towers with Display (VFR),0,67,122,1,190,0,94,337,0,431,0,161,459,1,621,612,0,612,1233
09/24/2002,APA,CO,ANM,WE,Towers with Display (VFR),0,80,157,2,239,0,90,269,0,359,0,170,426,2,598,577,0,577,1175
09/25/2002,APA,CO,ANM,WE,Towers with Display (VFR),0,80,179,8,267,0,66,321,14,401,0,146,500,22,668,626,2,628,1296
09/26/2002,APA,CO,ANM,WE,Towers with Display (VFR),0,81,173,1,255,0,120,205,0,325,0,201,378,1,580,588,4,592,1172
09/27/2002,APA,CO,ANM,WE,Towers with Display (VFR),0,65,150,3,218,0,83,367,0,450,0,148,517,3,668,628,10,638,1306
09/28/2002,APA,CO,ANM,WE,Towers with Display (VFR),0,34,76,0,110,0,43,292,1,336,0,77,368,1,446,500,0,500,946
09/29/2002,APA,CO,ANM,WE,Towers with Display (VFR),0,53,86,0,139,0,26,338,0,364,0,79,424,0,503,656,0,656,1159
09/30/2002,APA,CO,ANM,WE,Towers with Display (VFR),0,52,113,0,165,0,55,338,0,393,0,107,451,0,558,650,0,650,1208
10/01/2002,APA,CO,ANM,WE,Towers with Display (VFR),0,69,1,0,70,118,382,0,0,500,118,451,1,0,570,523,0,523,1093
10/02/2002,APA,CO,ANM,WE,Towers with Display (VFR),0,80,197,0,277,0,20,5,0,25,0,100,202,0,302,6,0,6,308
10/03/2002,APA,CO,ANM,WE,Towers with Display (VFR),0,85,201,6,292,0,55,148,2,205,0,140,349,8,497,410,0,410,907
10/04/2002,APA,CO,ANM,WE,Towers with Display (VFR),0,81,139,3,223,0,50,423,2,475,0,131,562,5,698,774,0,774,1472
10/05/2002,APA,CO,ANM,WE,Towers with Display (VFR),0,46,77,0,123,0,22,337,1,360,0,68,414,1,483,788,0,788,1271
10/06/2002,APA,CO,ANM,WE,Towers with Display (VFR),0,35,125,3,163,0,22,344,2,368,0,57,469,5,531,640,0,640,1171
10/07/2002,APA,CO,ANM,WE,Towers with Display (VFR),0,67,120,1,188,0,64,413,0,477,0,131,533,1,665,854,0,854,1519
10/08/2002,APA,CO,ANM,WE,Towers with Display (VFR),0,71,148,6,225,0,39,349,5,393,0,110,497,11,618,848,8,856,1474
10/09/2002,APA,CO,ANM,WE,Towers with Display (VFR),0,87,161,7,255,0,48,375,10,433,0,135,536,17,688,810,10,820,1508
10/10/2002,APA,CO,ANM,WE,Towers with Display (VFR),0,72,183,3,258,0,95,358,3,456,0,167,541,6,714,661,10,671,1385
10/11/2002,APA,CO,ANM,WE,Towers with Display (VFR),0,68,116,3,187,0,97,373,0,470,0,165,489,3,657,642,2,644,1301
10/12/2002,APA,CO,ANM,WE,Towers with Display (VFR),0,33,67,0,100,0,13,213,2,228,0,46,280,2,328,392,4,396,724
10/13/2002,APA,CO,ANM,WE,Towers with Display (VFR),0,39,115,0,154,0,18,344,7,369,0,57,459,7,523,942,0,942,1465
10/14/2002,APA,CO,ANM,WE,Towers with Display (VFR),0,58,116,3,177,0,57,269,1,327,0,115,385,4,504,488,0,488,992
10/15/2002,APA,CO,ANM,WE,Towers with Display (VFR),0,62,163,0,225,0,89,396,0,485,0,151,559,0,710,738,0,738,1448
10/16/2002,APA,CO,ANM,WE,Towers with Display (VFR),0,135,85,2,222,0,18,423,1,442,0,153,508,3,664,718,2,720,1384
10/17/2002,APA,CO,ANM,WE,Towers with Display (VFR),0,97,140,3,240,0,73,469,3,545,0,170,609,6,785,831,2,833,1618
10/18/2002,APA,CO,ANM,WE,Towers with Display (VFR),0,73,132,56,261,0,49,513,32,594,0,122,645,88,855,904,66,970,1825
10/19/2002,APA,CO,ANM,WE,Towers with Display (VFR),0,34,76,0,110,0,22,453,0,475,0,56,529,0,585,619,2,621,1206
10/20/2002,APA,CO,ANM,WE,Towers with Display (VFR),0,33,105,0,138,0,26,381,0,407,0,59,486,0,545,798,0,798,1343
10/21/2002,APA,CO,ANM,WE,Towers with Display (VFR),0,57,123,4,184,0,81,319,0,400,0,138,442,4,584,740,4,744,1328
10/22/2002,APA,CO,ANM,WE,Towers with Display (VFR),0,71,156,2,229,0,22,63,0,85,0,93,219,2,314,198,0,198,512
10/23/2002,APA,CO,ANM,WE,Towers with Display (VFR),0,93,107,2,202,0,0,4,0,4,0,93,111,2,206,0,0,0,206
10/24/2002,APA,CO,ANM,WE,Towers with Display (VFR),0,87,115,0,202,0,14,26,1,41,0,101,141,1,243,92,0,92,335
10/25/2002,APA,CO,ANM,WE,Towers with Display (VFR),0,86,147,2,235,0,30,507,11,548,0,116,654,13,783,904,14,918,1701
10/26/2002,APA,CO,ANM,WE,Towers with Display (VFR),0,42,61,0,103,0,9,386,2,397,0,51,447,2,500,528,0,528,1028
10/27/2002,APA,CO,ANM,WE,Towers with Display (VFR),0,48,92,0,140,0,5,51,0,56,0,53,143,0,196,100,0,100,296
10/28/2002,APA,CO,ANM,WE,Towers with Display (VFR),0,68,170,0,238,0,82,414,5,501,0,150,584,5,739,774,0,774,1513
10/29/2002,APA,CO,ANM,WE,Towers with Display (VFR),0,92,86,0,178,0,2,0,0,2,0,94,86,0,180,0,0,0,180
10/30/2002,APA,CO,ANM,WE,Towers with Display (VFR),0,106,146,2,254,0,4,2,0,6,0,110,148,2,260,0,2,2,262
10/31/2002,APA,CO,ANM,WE,Towers with Display (VFR),0,104,95,0,199,0,3,3,0,6,0,107,98,0,205,5,0,5,210
11/01/2002,APA,CO,ANM,WE,Towers with Display (VFR),0,79,114,3,196,0,24,64,0,88,0,103,178,3,284,174,2,176,460
11/02/2002,APA,CO,ANM,WE,Towers with Display (VFR),0,36,68,2,106,0,11,23,0,34,0,47,91,2,140,156,0,156,296
11/03/2002,APA,CO,ANM,WE,Towers with Display (VFR),0,38,74,4,116,0,25,380,4,409,0,63,454,8,525,729,0,729,1254
11/04/2002,APA,CO,ANM,WE,Towers with Display (VFR),0,66,145,0,211,0,74,276,1,351,0,140,421,1,562,632,0,632,1194
11/05/2002,APA,CO,ANM,WE,Towers with Display (VFR),0,81,124,6,211,0,98,346,1,445,0,179,470,7,656,646,23,669,1325
11/06/2002,APA,CO,ANM,WE,Towers with Display (VFR),0,94,141,4,239,0,51,435,2,488,0,145,576,6,727,695,4,699,1426
11/07/2002,APA,CO,ANM,WE,Towers with Display (VFR),0,84,163,9,256,0,86,349,4,439,0,170,512,13,695,578,18,596,1291
11/08/2002,APA,CO,ANM,WE,Towers with Display (VFR),0,72,121,2,195,0,57,243,3,303,0,129,364,5,498,352,0,352,850
11/09/2002,APA,CO,ANM,WE,Towers with Display (VFR),0,40,63,4,107,0,29,242,2,273,0,69,305,6,380,366,6,372,752
11/10/2002,APA,CO,ANM,WE,Towers with Display (VFR),0,40,88,0,128,0,32,293,2,327,0,72,381,2,455,695,0,695,1150
11/11/2002,APA,CO,ANM,WE,Towers with Display (VFR),0,55,120,1,176,0,68,258,5,331,0,123,378,6,507,608,2,610,1117
11/12/2002,APA,CO,ANM,WE,Towers with Display (VFR),0,59,158,4,221,0,71,261,3,335,0,130,419,7,556,594,0,594,1150
11/13/2002,APA,CO,ANM,WE,Towers with Display (VFR),0,79,128,0,207,0,50,364,0,414,0,129,492,0,621,560,0,560,1181
11/14/2002,APA,CO,ANM,WE,Towers with Display (VFR),0,101,159,2,262,0,70,245,2,317,0,171,404,4,579,534,0,534,1113
11/15/2002,APA,CO,ANM,WE,Towers with Display (VFR),0,77,147,2,226,0,51,96,4,151,0,128,243,6,377,294,0,294,671
11/16/2002,APA,CO,ANM,WE,Towers with Display (VFR),0,30,62,0,92,0,61,500,0,561,0,91,562,0,653,705,0,705,1358
11/17/2002,APA,CO,ANM,WE,Towers with Display (VFR),0,46,75,1,122,0,27,377,0,404,0,73,452,1,526,664,0,664,1190
11/18/2002,APA,CO,ANM,WE,Towers with Display (VFR),0,71,134,2,207,0,88,306,0,394,0,159,440,2,601,617,2,619,1220
11/19/2002,APA,CO,ANM,WE,Towers with Display (VFR),0,99,144,2,245,0,48,291,1,340,0,147,435,3,585,519,0,519,1104
11/20/2002,APA,CO,ANM,WE,Towers with Display (VFR),0,104,148,0,252,0,66,286,2,354,0,170,434,2,606,565,0,565,1171
11/21/2002,APA,CO,ANM,WE,Towers with Display (VFR),0,109,172,0,281,0,44,410,2,456,0,153,582,2,737,630,10,640,1377
11/22/2002,APA,CO,ANM,WE,Towers with Display (VFR),0,92,124,4,220,0,59,392,0,451,0,151,516,4,671,657,2,659,1330
11/23/2002,APA,CO,ANM,WE,Towers with Display (VFR),0,61,60,0,121,0,18,345,0,363,0,79,405,0,484,749,0,749,1233
11/24/2002,APA,CO,ANM,WE,Towers with Display (VFR),0,36,46,0,82,0,2,12,0,14,0,38,58,0,96,0,0,0,96
11/25/2002,APA,CO,ANM,WE,Towers with Display (VFR),0,64,98,2,164,0,39,91,3,133,0,103,189,5,297,304,0,304,601
11/26/2002,APA,CO,ANM,WE,Towers with Display (VFR),0,99,117,3,219,0,52,238,2,292,0,151,355,5,511,608,0,608,1119
11/27/2002,APA,CO,ANM,WE,Towers with Display (VFR),0,113,150,1,264,0,56,368,1,425,0,169,518,2,689,792,0,792,1481
11/28/2002,APA,CO,ANM,WE,Towers with Display (VFR),0,56,35,0,91,0,20,121,0,141,0,76,156,0,232,110,0,110,342
11/29/2002,APA,CO,ANM,WE,Towers with Display (VFR),0,40,69,0,109,0,51,316,0,367,0,91,385,0,476,641,0,641,1117
11/30/2002,APA,CO,ANM,WE,Towers with Display (VFR),0,49,100,0,149,0,13,377,1,391,0,62,477,1,540,534,0,534,1074
12/01/2002,APA,CO,ANM,WE,Towers with Display (VFR),0,56,132,0,188,0,22,274,2,298,0,78,406,2,486,656,0,656,1142
12/02/2002,APA,CO,ANM,WE,Towers with Display (VFR),0,57,126,6,189,0,84,404,2,490,0,141,530,8,679,620,6,626,1305
12/03/2002,APA,CO,ANM,WE,Towers with Display (VFR),0,88,116,0,204,0,26,16,0,42,0,114,132,0,246,15,0,15,261
12/04/2002,APA,CO,ANM,WE,Towers with Display (VFR),0,99,110,4,213,0,65,17,0,82,0,164,127,4,295,20,0,20,315
12/05/2002,APA,CO,ANM,WE,Towers with Display (VFR),0,91,142,6,239,0,30,206,2,238,0,121,348,8,477,441,2,443,920
12/06/2002,APA,CO,ANM,WE,Towers with Display (VFR),0,77,125,2,204,0,60,282,3,345,0,137,407,5,549,592,6,598,1147
12/07/2002,APA,CO,ANM,WE,Towers with Display (VFR),0,42,73,5,120,0,61,388,4,453,0,103,461,9,573,661,2,663,1236
12/08/2002,APA,CO,ANM,WE,Towers with Display (VFR),0,43,94,0,137,0,28,262,0,290,0,71,356,0,427,435,0,435,862
12/09/2002,APA,CO,ANM,WE,Towers with Display (VFR),0,73,103,1,177,0,58,396,5,459,0,131,499,6,636,628,0,628,1264
12/10/2002,APA,CO,ANM,WE,Towers with Display (VFR),0,104,143,9,256,0,77,329,2,408,0,181,472,11,664,516,2,518,1182
12/11/2002,APA,CO,ANM,WE,Towers with Display (VFR),0,107,137,6,250,0,31,282,1,314,0,138,419,7,564,692,0,692,1256
12/12/2002,APA,CO,ANM,WE,Towers with Display (VFR),0,90,142,6,238,0,57,208,4,269,0,147,350,10,507,461,4,465,972
12/13/2002,APA,CO,ANM,WE,Towers with Display (VFR),0,84,132,1,217,0,17,323,0,340,0,101,455,1,557,526,0,526,1083
12/14/2002,APA,CO,ANM,WE,Towers with Display (VFR),0,69,56,0,125,0,5,334,0,339,0,74,390,0,464,644,0,644,1108
12/15/2002,APA,CO,ANM,WE,Towers with Display (VFR),0,47,91,1,139,0,3,212,3,218,0,50,303,4,357,327,0,327,684
12/16/2002,APA,CO,ANM,WE,Towers with Display (VFR),0,51,129,4,184,0,21,207,1,229,0,72,336,5,413,580,4,584,997
12/17/2002,APA,CO,ANM,WE,Towers with Display (VFR),0,98,147,2,247,0,80,297,0,377,0,178,444,2,624,615,0,615,1239
12/18/2002,APA,CO,ANM,WE,Towers with Display (VFR),0,91,150,0,241,0,46,225,0,271,0,137,375,0,512,694,0,694,1206
12/19/2002,APA,CO,ANM,WE,Towers with Display (VFR),0,93,140,1,234,0,72,224,0,296,0,165,364,1,530,373,0,373,903
12/20/2002,APA,CO,ANM,WE,Towers with Display (VFR),0,87,138,0,225,0,43,274,4,321,0,130,412,4,546,734,24,758,1304
12/21/2002,APA,CO,ANM,WE,Towers with Display (VFR),0,67,100,2,169,0,11,331,0,342,0,78,431,2,511,492,0,492,1003
12/22/2002,APA,CO,ANM,WE,Towers with Display (VFR),0,68,69,0,137,0,27,370,0,397,0,95,439,0,534,616,0,616,1150
12/23/2002,APA,CO,ANM,WE,Towers with Display (VFR),0,64,72,0,136,0,24,74,0,98,0,88,146,0,234,209,0,209,443
12/24/2002,APA,CO,ANM,WE,Towers with Display (VFR),0,83,46,0,129,0,35,112,0,147,0,118,158,0,276,253,0,253,529
12/25/2002,APA,CO,ANM,WE,Towers with Display (VFR),0,63,26,0,89,0,33,54,0,87,0,96,80,0,176,54,0,54,230
12/26/2002,APA,CO,ANM,WE,Towers with Display (VFR),0,129,75,0,204,0,22,304,0,326,0,151,379,0,530,346,0,346,876
12/27/2002,APA,CO,ANM,WE,Towers with Display (VFR),0,90,84,2,176,0,77,257,3,337,0,167,341,5,513,541,0,541,1054
12/28/2002,APA,CO,ANM,WE,Towers with Display (VFR),0,67,74,4,145,0,17,332,0,349,0,84,406,4,494,624,0,624,1118
12/29/2002,APA,CO,ANM,WE,Towers with Display (VFR),0,40,84,0,124,0,29,247,0,276,0,69,331,0,400,512,0,512,912
12/30/2002,APA,CO,ANM,WE,Towers with Display (VFR),0,79,77,1,157,0,77,347,0,424,0,156,424,1,581,815,0,815,1396
12/31/2002,APA,CO,ANM,WE,Towers with Display (VFR),0,94,54,0,148,0,41,228,0,269,0,135,282,0,417,461,0,461,878
01/01/2003,APA,CO,ANM,WE,Towers with Display (VFR),0,50,70,0,120,0,48,28,0,76,0,98,98,0,196,74,0,74,270
01/02/2003,APA,CO,ANM,WE,Towers with Display (VFR),0,66,133,0,199,0,76,294,1,371,0,142,427,1,570,530,0,530,1100
01/03/2003,APA,CO,ANM,WE,Towers with Display (VFR),0,108,109,6,223,0,67,315,2,384,0,175,424,8,607,428,0,428,1035
01/04/2003,APA,CO,ANM,WE,Towers with Display (VFR),0,86,104,0,190,0,7,311,0,318,0,93,415,0,508,569,0,569,1077
01/05/2003,APA,CO,ANM,WE,Towers with Display (VFR),0,61,103,0,164,0,20,211,11,242,0,81,314,11,406,615,0,615,1021
01/06/2003,APA,CO,ANM,WE,Towers with Display (VFR),0,67,95,0,162,0,37,321,0,358,0,104,416,0,520,570,0,570,1090
01/07/2003,APA,CO,ANM,WE,Towers with Display (VFR),0,84,84,0,168,0,47,371,0,418,0,131,455,0,586,604,4,608,1194
01/08/2003,APA,CO,ANM,WE,Towers with Display (VFR),0,99,102,6,207,0,40,416,2,458,0,139,518,8,665,587,0,587,1252
01/09/2003,APA,CO,ANM,WE,Towers with Display (VFR),0,77,112,0,189,0,64,309,0,373,0,141,421,0,562,438,0,438,1000
01/10/2003,APA,CO,ANM,WE,Towers with Display (VFR),0,73,92,14,179,0,55,215,13,283,0,128,307,27,462,429,28,457,919
01/11/2003,APA,CO,ANM,WE,Towers with Display (VFR),0,48,56,3,107,0,13,240,1,254,0,61,296,4,361,443,0,443,804
01/12/2003,APA,CO,ANM,WE,Towers with Display (VFR),0,37,71,7,115,0,18,463,0,481,0,55,534,7,596,622,0,622,1218
01/13/2003,APA,CO,ANM,WE,Towers with Display (VFR),0,48,89,2,139,0,28,176,1,205,0,76,265,3,344,546,0,546,890
01/14/2003,APA,CO,ANM,WE,Towers with Display (VFR),0,92,110,6,208,0,57,291,11,359,0,149,401,17,567,480,0,480,1047
01/15/2003,APA,CO,ANM,WE,Towers with Display (VFR),0,88,121,1,210,0,43,124,5,172,0,131,245,6,382,62,0,62,444
01/16/2003,APA,CO,ANM,WE,Towers with Display (VFR),0,92,163,3,258,0,29,222,1,252,0,121,385,4,510,312,0,312,822
01/17/2003,APA,CO,ANM,WE,Towers with Display (VFR),0,96,137,2,235,0,65,321,1,387,0,161,458,3,622,546,16,562,1184
01/18/2003,APA,CO,ANM,WE,Towers with Display (VFR),0,42,79,2,123,0,27,340,0,367,0,69,419,2,490,749,2,751,1241
01/19/2003,APA,CO,ANM,WE,Towers with Display (VFR),0,41,82,1,124,0,1,236,2,239,0,42,318,3,363,525,0,525,888
01/20/2003,APA,CO,ANM,WE,Towers with Display (VFR),0,57,145,0,202,0,41,314,0,355,0,98,459,0,557,654,0,654,1211
01/21/2003,APA,CO,ANM,WE,Towers with Display (VFR),0,64,136,4,204,0,39,182,0,221,0,103,318,4,425,353,10,363,788
01/22/2003,APA,CO,ANM,WE,Towers with Display (VFR),0,85,115,3,203,0,0,1,0,1,0,85,116,3,204,2,0,2,206
01/23/2003,APA,CO,ANM,WE,Towers with Display (VFR),0,110,146,4,260,0,51,301,7,359,0,161,447,11,619,508,8,516,1135
01/24/2003,APA,CO,ANM,WE,Towers with Display (VFR),0,86,121,2,209,0,86,352,0,438,0,172,473,2,647,502,0,502,1149
01/25/2003,APA,CO,ANM,WE,Towers with Display (VFR),0,38,73,0,111,0,13,290,3,306,0,51,363,3,417,454,0,454,871
01/26/2003,APA,CO,ANM,WE,Towers with Display (VFR),0,38,55,6,99,0,14,246,0,260,0,52,301,6,359,513,0,513,872
01/27/2003,APA,CO,ANM,WE,Towers with Display (VFR),0,65,89,0,154,0,35,202,2,239,0,100,291,2,393,472,0,472,865
01/28/2003,APA,CO,ANM,WE,Towers with Display (VFR),0,104,112,0,216,0,51,122,0,173,0,155,234,0,389,378,0,378,767
01/29/2003,APA,CO,ANM,WE,Towers with Display (VFR),0,104,123,2,229,0,41,265,2,308,0,145,388,4,537,557,0,557,1094
01/30/2003,APA,CO,ANM,WE,Towers with Display (VFR),0,99,121,0,220,0,51,172,1,224,0,150,293,1,444,232,0,232,676
01/31/2003,APA,CO,ANM,WE,Towers with Display (VFR),0,81,121,2,204,0,58,238,3,299,0,139,359,5,503,583,0,583,1086
02/01/2003,APA,CO,ANM,WE,Towers with Display (VFR),0,39,51,1,91,0,15,311,3,329,0,54,362,4,420,575,0,575,995
02/02/2003,APA,CO,ANM,WE,Towers with Display (VFR),0,43,61,2,106,0,18,64,0,82,0,61,125,2,188,289,0,289,477
02/03/2003,APA,CO,ANM,WE,Towers with Display (VFR),0,57,70,0,127,0,46,54,0,100,0,103,124,0,227,95,0,95,322
02/04/2003,APA,CO,ANM,WE,Towers with Display (VFR),0,80,120,4,204,0,63,212,4,279,0,143,332,8,483,436,0,436,919
02/05/2003,APA,CO,ANM,WE,Towers with Display (VFR),0,99,118,0,217,0,21,34,0,55,0,120,152,0,272,83,0,83,355
02/06/2003,APA,CO,ANM,WE,Towers with Display (VFR),0,97,118,0,215,0,12,28,0,40,0,109,146,0,255,19,0,19,274
02/07/2003,APA,CO,ANM,WE,Towers with Display (VFR),0,101,102,1,204,0,51,243,0,294,0,152,345,1,498,413,0,413,911
02/08/2003,APA,CO,ANM,WE,Towers with Display (VFR),0,48,50,0,98,0,20,315,0,335,0,68,365,0,433,441,0,441,874
02/09/2003,APA,CO,ANM,WE,Towers with Display (VFR),0,46,96,0,142,0,21,193,1,215,0,67,289,1,357,566,1,567,924
02/10/2003,APA,CO,ANM,WE,Towers with Display (VFR),0,73,111,4,188,0,43,95,0,138,0,116,206,4,326,139,0,139,465
02/11/2003,APA,CO,ANM,WE,Towers with Display (VFR),0,91,130,2,223,0,98,251,0,349,0,189,381,2,572,374,0,374,946
02/12/2003,APA,CO,ANM,WE,Towers with Display (VFR),0,85,168,0,253,0,95,352,1,448,0,180,520,1,701,693,0,693,1394
02/13/2003,APA,CO,ANM,WE,Towers with Display (VFR),0,94,178,4,276,0,42,253,3,298,0,136,431,7,574,559,6,565,1139
02/14/2003,APA,CO,ANM,WE,Towers with Display (VFR),0,109,108,1,218,0,30,181,0,211,0,139,289,1,429,444,0,444,873
02/15/2003,APA,CO,ANM,WE,Towers with Display (VFR),0,59,54,0,113,0,10,34,0,44,0,69,88,0,157,94,0,94,251
02/16/2003,APA,CO,ANM,WE,Towers with Display (VFR),0,48,75,1,124,0,40,360,0,400,0,88,435,1,524,697,9,706,1230
02/17/2003,APA,CO,ANM,WE,Towers with Display (VFR),0,90,121,0,211,0,58,207,1,266,0,148,328,1,477,556,0,556,1033
02/18/2003,APA,CO,ANM,WE,Towers with Display (VFR),0,91,124,2,217,0,58,236,0,294,0,149,360,2,511,612,0,612,1123
02/19/2003,APA,CO,ANM,WE,Towers with Display (VFR),0,78,169,1,248,0,50,314,5,369,0,128,483,6,617,501,0,501,1118
02/20/2003,APA,CO,ANM,WE,Towers with Display (VFR),0,88,176,11,275,0,43,308,11,362,0,131,484,22,637,398,2,400,1037
02/21/2003,APA,CO,ANM,WE,Towers with Display (VFR),0,92,128,6,226,0,64,223,2,289,0,156,351,8,515,247,0,247,762
02/22/2003,APA,CO,ANM,WE,Towers with Display (VFR),0,61,76,2,139,0,8,298,4,310,0,69,374,6,449,694,0,694,1143
02/23/2003,APA,CO,ANM,WE,Towers with Display (VFR),0,41,89,5,135,0,3,66,2,71,0,44,155,7,206,486,0,486,692
02/24/2003,APA,CO,ANM,WE,Towers with Display (VFR),0,80,119,4,203,0,44,108,2,154,0,124,227,6,357,126,0,126,483
02/25/2003,APA,CO,ANM,WE,Towers with Display (VFR),0,119,134,2,255,0,31,237,1,269,0,150,371,3,524,491,2,493,1017
02/26/2003,APA,CO,ANM,WE,Towers with Display (VFR),0,123,157,2,282,0,38,83,0,121,0,161,240,2,403,104,0,104,507
02/27/2003,APA,CO,ANM,WE,Towers with Display (VFR),0,98,114,6,218,0,26,58,1,85,0,124,172,7,303,240,0,240,543
02/28/2003,APA,CO,ANM,WE,Towers with Display (VFR),0,98,109,2,209,0,22,13,0,35,0,120,122,2,244,4,0,4,248
03/01/2003,APA,CO,ANM,WE,Towers with Display (VFR),0,48,83,0,131,0,23,292,0,315,0,71,375,0,446,529,6,535,981
03/02/2003,APA,CO,ANM,WE,Towers with Display (VFR),0,50,90,0,140,0,19,271,0,290,0,69,361,0,430,516,0,516,946
03/03/2003,APA,CO,ANM,WE,Towers with Display (VFR),0,115,87,5,207,0,17,327,2,346,0,132,414,7,553,468,2,470,1023
03/04/2003,APA,CO,ANM,WE,Towers with Display (VFR),0,64,83,0,147,0,12,0,0,12,0,76,83,0,159,0,0,0,159
03/05/2003,APA,CO,ANM,WE,Towers with Display (VFR),0,98,186,0,284,0,43,213,0,256,0,141,399,0,540,422,4,426,966
03/06/2003,APA,CO,ANM,WE,Towers with Display (VFR),0,83,133,2,218,0,38,166,5,209,0,121,299,7,427,238,0,238,665
03/07/2003,APA,CO,ANM,WE,Towers with Display (VFR),0,135,92,0,227,0,36,394,1,431,0,171,486,1,658,486,0,486,1144
03/08/2003,APA,CO,ANM,WE,Towers with Display (VFR),0,41,95,0,136,0,18,334,0,352,0,59,429,0,488,837,0,837,1325
03/09/2003,APA,CO,ANM,WE,Towers with Display (VFR),0,50,102,0,152,0,10,336,0,346,0,60,438,0,498,736,0,736,1234
03/10/2003,APA,CO,ANM,WE,Towers with Display (VFR),0,72,138,0,210,0,74,409,0,483,0,146,547,0,693,689,0,689,1382
03/11/2003,APA,CO,ANM,WE,Towers with Display (VFR),0,91,145,10,246,0,124,438,1,563,0,215,583,11,809,610,5,615,1424
03/12/2003,APA,CO,ANM,WE,Towers with Display (VFR),0,103,175,4,282,0,63,377,1,441,0,166,552,5,723,593,0,593,1316
03/13/2003,APA,CO,ANM,WE,Towers with Display (VFR),0,92,159,2,253,0,67,451,0,518,0,159,610,2,771,679,8,687,1458
03/14/2003,APA,CO,ANM,WE,Towers with Display (VFR),0,86,135,2,223,0,70,512,0,582,0,156,647,2,805,643,0,643,1448
03/15/2003,APA,CO,ANM,WE,Towers with Display (VFR),0,57,105,0,162,0,10,501,0,511,0,67,606,0,673,585,0,585,1258
03/16/2003,APA,CO,ANM,WE,Towers with Display (VFR),0,48,93,0,141,0,26,309,0,335,0,74,402,0,476,650,0,650,1126
03/17/2003,APA,CO,ANM,WE,Towers with Display (VFR),0,94,124,3,221,0,32,141,1,174,0,126,265,4,395,312,0,312,707
03/18/2003,APA,CO,ANM,WE,Towers with Display (VFR),0,17,10,0,27,0,12,0,0,12,0,29,10,0,39,0,0,0,39
03/19/2003,APA,CO,ANM,WE,Towers with Display (VFR),0,0,0,0,0,0,0,0,0,0,0,0,0,0,0,0,0,0,0
03/20/2003,APA,CO,ANM,WE,Towers with Display (VFR),0,84,99,0,183,0,10,49,0,59,0,94,148,0,242,26,0,26,268
03/21/2003,APA,CO,ANM,WE,Towers with Display (VFR),0,106,97,2,205,0,28,68,0,96,0,134,165,2,301,56,0,56,357
03/22/2003,APA,CO,ANM,WE,Towers with Display (VFR),0,56,78,0,134,0,9,220,0,229,0,65,298,0,363,535,0,535,898
03/23/2003,APA,CO,ANM,WE,Towers with Display (VFR),0,48,89,5,142,0,36,291,0,327,0,84,380,5,469,450,0,450,919
03/24/2003,APA,CO,ANM,WE,Towers with Display (VFR),0,67,81,2,150,0,16,22,0,38,0,83,103,2,188,0,0,0,188
03/25/2003,APA,CO,ANM,WE,Towers with Display (VFR),0,100,105,0,205,0,62,257,0,319,0,162,362,0,524,719,0,719,1243
03/26/2003,APA,CO,ANM,WE,Towers with Display (VFR),0,89,156,2,247,0,99,325,2,426,0,188,481,4,673,649,14,663,1336
03/27/2003,APA,CO,ANM,WE,Towers with Display (VFR),0,91,93,1,185,0,11,37,0,48,0,102,130,1,233,30,0,30,263
03/28/2003,APA,CO,ANM,WE,Towers with Display (VFR),0,81,75,4,160,0,41,96,0,137,0,122,171,4,297,336,0,336,633
03/29/2003,APA,CO,ANM,WE,Towers with Display (VFR),0,41,86,2,129,0,10,265,6,281,0,51,351,8,410,590,12,602,1012
03/30/2003,APA,CO,ANM,WE,Towers with Display (VFR),0,59,111,2,172,0,18,301,0,319,0,77,412,2,491,710,0,710,1201
03/31/2003,APA,CO,ANM,WE,Towers with Display (VFR),0,54,98,2,154,0,84,364,2,450,0,138,462,4,604,690,0,690,1294
04/01/2003,APA,CO,ANM,WE,Towers with Display (VFR),0,76,138,1,215,0,105,332,0,437,0,181,470,1,652,650,2,652,1304
04/02/2003,APA,CO,ANM,WE,Towers with Display (VFR),0,75,107,1,183,0,53,248,6,307,0,128,355,7,490,534,10,544,1034
04/03/2003,APA,CO,ANM,WE,Towers with Display (VFR),0,101,149,0,250,0,57,172,0,229,0,158,321,0,479,198,0,198,677
04/04/2003,APA,CO,ANM,WE,Towers with Display (VFR),0,85,133,7,225,0,32,314,5,351,0,117,447,12,576,422,10,432,1008
04/05/2003,APA,CO,ANM,WE,Towers with Display (VFR),0,34,49,0,83,0,19,68,0,87,0,53,117,0,170,121,0,121,291
04/06/2003,APA,CO,ANM,WE,Towers with Display (VFR),0,45,63,2,110,0,9,42,0,51,0,54,105,2,161,182,0,182,343
04/07/2003,APA,CO,ANM,WE,Towers with Display (VFR),0,54,95,0,149,0,29,72,1,102,0,83,167,1,251,540,0,540,791
04/08/2003,APA,CO,ANM,WE,Towers with Display (VFR),0,97,164,0,261,0,55,315,6,376,0,152,479,6,637,816,0,816,1453
04/09/2003,APA,CO,ANM,WE,Towers with Display (VFR),0,91,132,4,227,0,83,487,0,570,0,174,619,4,797,816,0,816,1613
04/10/2003,APA,CO,ANM,WE,Towers with Display (VFR),0,101,146,3,250,0,55,365,1,421,0,156,511,4,671,681,4,685,1356
04/11/2003,APA,CO,ANM,WE,Towers with Display (VFR),0,81,143,0,224,0,56,321,5,382,0,137,464,5,606,564,24,588,1194
04/12/2003,APA,CO,ANM,WE,Towers with Display (VFR),0,37,83,1,121,0,10,321,1,332,0,47,404,2,453,552,22,574,1027
04/13/2003,APA,CO,ANM,WE,Towers with Display (VFR),0,42,86,4,132,0,7,321,0,328,0,49,407,4,460,543,0,543,1003
04/14/2003,APA,CO,ANM,WE,Towers with Display (VFR),0,63,111,2,176,0,104,254,2,360,0,167,365,4,536,640,0,640,1176
04/15/2003,APA,CO,ANM,WE,Towers with Display (VFR),0,96,103,0,199,0,53,211,3,267,0,149,314,3,466,332,8,340,806
04/16/2003,APA,CO,ANM,WE,Towers with Display (VFR),0,103,106,3,212,0,63,383,1,447,0,166,489,4,659,558,10,568,1227
04/17/2003,APA,CO,ANM,WE,Towers with Display (VFR),0,98,125,3,226,0,64,231,4,299,0,162,356,7,525,226,14,240,765
04/18/2003,APA,CO,ANM,WE,Towers with Display (VFR),0,90,71,1,162,0,43,248,1,292,0,133,319,2,454,532,0,532,986
04/19/2003,APA,CO,ANM,WE,Towers with Display (VFR),0,38,49,0,87,0,9,22,0,31,0,47,71,0,118,82,0,82,200
04/20/2003,APA,CO,ANM,WE,Towers with Display (VFR),0,35,57,1,93,0,19,304,0,323,0,54,361,1,416,388,0,388,804
04/21/2003,APA,CO,ANM,WE,Towers with Display (VFR),0,62,151,2,215,0,106,299,0,405,0,168,450,2,620,635,0,635,1255
04/22/2003,APA,CO,ANM,WE,Towers with Display (VFR),0,88,125,1,214,0,70,104,3,177,0,158,229,4,391,194,2,196,587
04/23/2003,APA,CO,ANM,WE,Towers with Display (VFR),0,105,113,0,218,0,9,66,0,75,0,114,179,0,293,176,0,176,469
04/24/2003,APA,CO,ANM,WE,Towers with Display (VFR),0,110,124,0,234,0,24,52,0,76,0,134,176,0,310,114,0,114,424
04/25/2003,APA,CO,ANM,WE,Towers with Display (VFR),0,64,148,0,212,0,46,279,0,325,0,110,427,0,537,678,0,678,1215
04/26/2003,APA,CO,ANM,WE,Towers with Display (VFR),0,41,66,0,107,0,18,465,1,484,0,59,531,1,591,852,31,883,1474
04/27/2003,APA,CO,ANM,WE,Towers with Display (VFR),0,36,95,0,131,0,18,363,0,381,0,54,458,0,512,471,0,471,983
04/28/2003,APA,CO,ANM,WE,Towers with Display (VFR),0,70,99,4,173,0,51,182,1,234,0,121,281,5,407,536,8,544,951
04/29/2003,APA,CO,ANM,WE,Towers with Display (VFR),0,82,149,2,233,0,74,281,3,358,0,156,430,5,591,734,0,734,1325
04/30/2003,APA,CO,ANM,WE,Towers with Display (VFR),0,99,165,1,265,0,55,203,1,259,0,154,368,2,524,546,2,548,1072
05/01/2003,APA,CO,ANM,WE,Towers with Display (VFR),0,109,176,5,290,0,72,315,1,388,0,181,491,6,678,779,0,779,1457
05/02/2003,APA,CO,ANM,WE,Towers with Display (VFR),0,81,132,3,216,0,73,338,2,413,0,154,470,5,629,709,16,725,1354
05/03/2003,APA,CO,ANM,WE,Towers with Display (VFR),0,43,32,0,75,0,14,344,6,364,0,57,376,6,439,514,2,516,955
05/04/2003,APA,CO,ANM,WE,Towers with Display (VFR),0,46,78,4,128,0,21,167,2,190,0,67,245,6,318,306,0,306,624
05/05/2003,APA,CO,ANM,WE,Towers with Display (VFR),0,76,103,0,179,0,57,307,4,368,0,133,410,4,547,813,0,813,1360
05/06/2003,APA,CO,ANM,WE,Towers with Display (VFR),0,115,154,0,269,0,77,309,2,388,0,192,463,2,657,741,0,741,1398
05/07/2003,APA,CO,ANM,WE,Towers with Display (VFR),0,102,109,2,213,0,54,181,5,240,0,156,290,7,453,257,0,257,710
05/08/2003,APA,CO,ANM,WE,Towers with Display (VFR),0,106,143,1,250,0,58,232,3,293,0,164,375,4,543,685,0,685,1228
05/09/2003,APA,CO,ANM,WE,Towers with Display (VFR),0,88,119,1,208,0,17,25,4,46,0,105,144,5,254,39,0,39,293
05/10/2003,APA,CO,ANM,WE,Towers with Display (VFR),0,38,39,0,77,0,3,40,0,43,0,41,79,0,120,44,0,44,164
05/11/2003,APA,CO,ANM,WE,Towers with Display (VFR),0,46,62,0,108,0,19,282,0,301,0,65,344,0,409,463,0,463,872
05/12/2003,APA,CO,ANM,WE,Towers with Display (VFR),0,61,132,5,198,0,76,306,0,382,0,137,438,5,580,485,0,485,1065
05/13/2003,APA,CO,ANM,WE,Towers with Display (VFR),0,94,168,1,263,0,111,387,5,503,0,205,555,6,766,302,0,302,1068
05/14/2003,APA,CO,ANM,WE,Towers with Display (VFR),0,102,160,4,266,0,61,329,0,390,0,163,489,4,656,317,0,317,973
05/15/2003,APA,CO,ANM,WE,Towers with Display (VFR),0,92,158,0,250,0,39,242,2,283,0,131,400,2,533,264,2,266,799
05/16/2003,APA,CO,ANM,WE,Towers with Display (VFR),0,92,135,3,230,0,39,329,3,371,0,131,464,6,601,399,10,409,1010
05/17/2003,APA,CO,ANM,WE,Towers with Display (VFR),0,38,51,0,89,0,42,434,27,503,0,80,485,27,592,416,11,427,1019
05/18/2003,APA,CO,ANM,WE,Towers with Display (VFR),0,55,87,0,142,0,29,366,1,396,0,84,453,1,538,577,0,577,1115
05/19/2003,APA,CO,ANM,WE,Towers with Display (VFR),0,71,117,1,189,0,44,132,0,176,0,115,249,1,365,472,0,472,837
05/20/2003,APA,CO,ANM,WE,Towers with Display (VFR),0,92,134,2,228,0,74,252,5,331,0,166,386,7,559,604,2,606,1165
05/21/2003,APA,CO,ANM,WE,Towers with Display (VFR),0,92,139,0,231,0,48,362,0,410,0,140,501,0,641,746,20,766,1407
05/22/2003,APA,CO,ANM,WE,Towers with Display (VFR),0,103,135,2,240,0,49,348,2,399,0,152,483,4,639,696,0,696,1335
05/23/2003,APA,CO,ANM,WE,Towers with Display (VFR),0,37,50,0,87,0,94,535,10,639,0,131,585,10,726,731,2,733,1459
05/24/2003,APA,CO,ANM,WE,Towers with Display (VFR),0,29,105,0,134,0,15,90,0,105,0,44,195,0,239,287,0,287,526
05/25/2003,APA,CO,ANM,WE,Towers with Display (VFR),0,42,75,2,119,0,22,126,1,149,0,64,201,3,268,311,0,311,579
05/26/2003,APA,CO,ANM,WE,Towers with Display (VFR),0,46,89,0,135,0,34,389,0,423,0,80,478,0,558,731,0,731,1289
05/27/2003,APA,CO,ANM,WE,Towers with Display (VFR),0,70,132,2,204,0,62,313,0,375,0,132,445,2,579,576,0,576,1155
05/28/2003,APA,CO,ANM,WE,Towers with Display (VFR),0,103,146,4,253,0,36,309,1,346,0,139,455,5,599,562,0,562,1161
05/29/2003,APA,CO,ANM,WE,Towers with Display (VFR),0,83,110,0,193,0,52,341,2,395,0,135,451,2,588,306,0,306,894
05/30/2003,APA,CO,ANM,WE,Towers with Display (VFR),0,98,110,2,210,0,54,328,0,382,0,152,438,2,592,432,0,432,1024
05/31/2003,APA,CO,ANM,WE,Towers with Display (VFR),0,51,75,0,126,0,35,299,0,334,0,86,374,0,460,462,0,462,922
06/01/2003,APA,CO,ANM,WE,Towers with Display (VFR),0,39,78,5,122,0,37,229,0,266,0,76,307,5,388,505,0,505,893
06/02/2003,APA,CO,ANM,WE,Towers with Display (VFR),0,73,120,1,194,0,80,376,0,456,0,153,496,1,650,536,0,536,1186
06/03/2003,APA,CO,ANM,WE,Towers with Display (VFR),0,102,147,0,249,0,75,180,2,257,0,177,327,2,506,531,38,569,1075
06/04/2003,APA,CO,ANM,WE,Towers with Display (VFR),0,101,163,2,266,0,52,140,0,192,0,153,303,2,458,488,34,522,980
06/05/2003,APA,CO,ANM,WE,Towers with Display (VFR),0,107,150,0,257,0,53,148,3,204,0,160,298,3,461,367,0,367,828
06/06/2003,APA,CO,ANM,WE,Towers with Display (VFR),0,72,130,3,205,0,29,342,2,373,0,101,472,5,578,825,0,825,1403
06/07/2003,APA,CO,ANM,WE,Towers with Display (VFR),0,32,96,4,132,0,36,159,4,199,0,68,255,8,331,349,10,359,690
06/08/2003,APA,CO,ANM,WE,Towers with Display (VFR),0,47,98,7,152,0,30,357,0,387,0,77,455,7,539,770,0,770,1309
06/09/2003,APA,CO,ANM,WE,Towers with Display (VFR),0,75,100,0,175,0,84,238,0,322,0,159,338,0,497,596,0,596,1093
06/10/2003,APA,CO,ANM,WE,Towers with Display (VFR),0,88,123,2,213,0,70,318,4,392,0,158,441,6,605,683,24,707,1312
06/11/2003,APA,CO,ANM,WE,Towers with Display (VFR),0,96,154,4,254,0,50,415,1,466,0,146,569,5,720,827,20,847,1567
06/12/2003,APA,CO,ANM,WE,Towers with Display (VFR),0,92,121,2,215,0,33,371,1,405,0,125,492,3,620,692,0,692,1312
06/13/2003,APA,CO,ANM,WE,Towers with Display (VFR),0,104,157,11,272,0,96,445,5,546,0,200,602,16,818,974,0,974,1792
06/14/2003,APA,CO,ANM,WE,Towers with Display (VFR),0,43,89,1,133,0,24,378,0,402,0,67,467,1,535,578,0,578,1113
06/15/2003,APA,CO,ANM,WE,Towers with Display (VFR),0,40,81,3,124,0,26,321,0,347,0,66,402,3,471,560,0,560,1031
06/16/2003,APA,CO,ANM,WE,Towers with Display (VFR),0,90,129,1,220,0,67,291,0,358,0,157,420,1,578,733,0,733,1311
06/17/2003,APA,CO,ANM,WE,Towers with Display (VFR),0,94,151,0,245,0,59,237,0,296,0,153,388,0,541,613,0,613,1154
06/18/2003,APA,CO,ANM,WE,Towers with Display (VFR),0,103,218,1,322,0,37,98,0,135,0,140,316,1,457,184,0,184,641
06/19/2003,APA,CO,ANM,WE,Towers with Display (VFR),0,106,175,1,282,0,65,427,0,492,0,171,602,1,774,811,12,823,1597
06/20/2003,APA,CO,ANM,WE,Towers with Display (VFR),0,70,153,2,225,0,32,313,1,346,0,102,466,3,571,577,0,577,1148
06/21/2003,APA,CO,ANM,WE,Towers with Display (VFR),0,25,66,1,92,0,20,400,0,420,0,45,466,1,512,413,0,413,925
06/22/2003,APA,CO,ANM,WE,Towers with Display (VFR),0,49,93,0,142,0,32,476,4,512,0,81,569,4,654,568,0,568,1222
06/23/2003,APA,CO,ANM,WE,Towers with Display (VFR),0,72,126,2,200,0,54,406,0,460,0,126,532,2,660,726,0,726,1386
06/24/2003,APA,CO,ANM,WE,Towers with Display (VFR),0,124,201,5,330,0,16,19,0,35,0,140,220,5,365,64,0,64,429
06/25/2003,APA,CO,ANM,WE,Towers with Display (VFR),0,125,164,2,291,0,29,324,0,353,0,154,488,2,644,847,0,847,1491
06/26/2003,APA,CO,ANM,WE,Towers with Display (VFR),0,94,139,1,234,0,59,430,1,490,0,153,569,2,724,649,0,649,1373
06/27/2003,APA,CO,ANM,WE,Towers with Display (VFR),0,83,129,3,215,0,99,498,0,597,0,182,627,3,812,757,0,757,1569
06/28/2003,APA,CO,ANM,WE,Towers with Display (VFR),0,53,80,0,133,0,16,401,1,418,0,69,481,1,551,610,0,610,1161
06/29/2003,APA,CO,ANM,WE,Towers with Display (VFR),0,56,162,0,218,0,29,205,0,234,0,85,367,0,452,658,0,658,1110
06/30/2003,APA,CO,ANM,WE,Towers with Display (VFR),0,81,133,4,218,0,88,374,0,462,0,169,507,4,680,570,1,571,1251
07/01/2003,APA,CO,ANM,WE,Towers with Display (VFR),0,95,127,3,225,0,75,327,0,402,0,170,454,3,627,878,0,878,1505
07/02/2003,APA,CO,ANM,WE,Towers with Display (VFR),0,101,140,1,242,0,55,326,3,384,0,156,466,4,626,635,0,635,1261
07/03/2003,APA,CO,ANM,WE,Towers with Display (VFR),0,79,111,0,190,0,62,351,2,415,0,141,462,2,605,763,8,771,1376
07/04/2003,APA,CO,ANM,WE,Towers with Display (VFR),0,33,50,0,83,0,31,320,0,351,0,64,370,0,434,492,0,492,926
07/05/2003,APA,CO,ANM,WE,Towers with Display (VFR),0,38,51,2,91,0,24,227,0,251,0,62,278,2,342,236,0,236,578
07/06/2003,APA,CO,ANM,WE,Towers with Display (VFR),0,48,114,2,164,0,30,252,0,282,0,78,366,2,446,482,2,484,930
07/07/2003,APA,CO,ANM,WE,Towers with Display (VFR),0,98,139,1,238,0,69,299,0,368,0,167,438,1,606,612,2,614,1220
07/08/2003,APA,CO,ANM,WE,Towers with Display (VFR),0,116,136,2,254,0,82,413,0,495,0,198,549,2,749,672,4,676,1425
07/09/2003,APA,CO,ANM,WE,Towers with Display (VFR),0,127,183,3,313,0,40,318,2,360,0,167,501,5,673,583,2,585,1258
07/10/2003,APA,CO,ANM,WE,Towers with Display (VFR),0,90,166,11,267,0,56,288,10,354,0,146,454,21,621,634,0,634,1255
07/11/2003,APA,CO,ANM,WE,Towers with Display (VFR),0,74,144,4,222,0,101,436,0,537,0,175,580,4,759,834,0,834,1593
07/12/2003,APA,CO,ANM,WE,Towers with Display (VFR),0,50,67,3,120,0,38,367,0,405,0,88,434,3,525,606,12,618,1143
07/13/2003,APA,CO,ANM,WE,Towers with Display (VFR),0,65,83,0,148,0,40,326,2,368,0,105,409,2,516,550,1,551,1067
07/14/2003,APA,CO,ANM,WE,Towers with Display (VFR),0,76,100,1,177,0,59,259,3,321,0,135,359,4,498,649,0,649,1147
07/15/2003,APA,CO,ANM,WE,Towers with Display (VFR),0,121,99,4,224,0,79,311,0,390,0,200,410,4,614,479,5,484,1098
07/16/2003,APA,CO,ANM,WE,Towers with Display (VFR),0,132,124,2,258,0,44,300,2,346,0,176,424,4,604,400,0,400,1004
07/17/2003,APA,CO,ANM,WE,Towers with Display (VFR),0,101,145,0,246,0,61,407,8,476,0,162,552,8,722,797,0,797,1519
07/18/2003,APA,CO,ANM,WE,Towers with Display (VFR),0,79,131,2,212,0,58,329,0,387,0,137,460,2,599,682,0,682,1281
07/19/2003,APA,CO,ANM,WE,Towers with Display (VFR),0,58,83,1,142,0,51,322,1,374,0,109,405,2,516,497,0,497,1013
07/20/2003,APA,CO,ANM,WE,Towers with Display (VFR),0,41,79,2,122,0,11,290,0,301,0,52,369,2,423,692,0,692,1115
07/21/2003,APA,CO,ANM,WE,Towers with Display (VFR),0,80,147,1,228,0,69,261,0,330,0,149,408,1,558,678,0,678,1236
07/22/2003,APA,CO,ANM,WE,Towers with Display (VFR),0,134,138,4,276,0,52,359,3,414,0,186,497,7,690,734,0,734,1424
07/23/2003,APA,CO,ANM,WE,Towers with Display (VFR),0,133,148,0,281,0,57,334,3,394,0,190,482,3,675,663,1,664,1339
07/24/2003,APA,CO,ANM,WE,Towers with Display (VFR),0,97,138,2,237,0,87,398,1,486,0,184,536,3,723,664,0,664,1387
07/25/2003,APA,CO,ANM,WE,Towers with Display (VFR),0,76,133,9,218,0,83,361,0,444,0,159,494,9,662,597,0,597,1259
07/26/2003,APA,CO,ANM,WE,Towers with Display (VFR),0,57,65,0,122,0,17,306,4,327,0,74,371,4,449,454,0,454,903
07/27/2003,APA,CO,ANM,WE,Towers with Display (VFR),0,65,91,1,157,0,37,343,1,381,0,102,434,2,538,569,0,569,1107
07/28/2003,APA,CO,ANM,WE,Towers with Display (VFR),0,99,218,0,317,0,81,158,0,239,0,180,376,0,556,430,0,430,986
07/29/2003,APA,CO,ANM,WE,Towers with Display (VFR),0,98,118,0,216,0,85,245,5,335,0,183,363,5,551,733,0,733,1284
07/30/2003,APA,CO,ANM,WE,Towers with Display (VFR),0,102,148,3,253,0,48,353,2,403,0,150,501,5,656,805,0,805,1461
07/31/2003,APA,CO,ANM,WE,Towers with Display (VFR),0,96,152,0,248,0,54,292,0,346,0,150,444,0,594,521,0,521,1115
08/01/2003,APA,CO,ANM,WE,Towers with Display (VFR),0,82,109,2,193,0,53,383,0,436,0,135,492,2,629,656,1,657,1286
08/02/2003,APA,CO,ANM,WE,Towers with Display (VFR),0,50,76,3,129,0,33,298,0,331,0,83,374,3,460,470,4,474,934
08/03/2003,APA,CO,ANM,WE,Towers with Display (VFR),0,51,79,2,132,0,34,249,3,286,0,85,328,5,418,375,0,375,793
08/04/2003,APA,CO,ANM,WE,Towers with Display (VFR),0,80,123,10,213,0,121,418,0,539,0,201,541,10,752,697,0,697,1449
08/05/2003,APA,CO,ANM,WE,Towers with Display (VFR),0,152,181,7,340,0,70,357,2,429,0,222,538,9,769,607,4,611,1380
08/06/2003,APA,CO,ANM,WE,Towers with Display (VFR),0,139,167,0,306,0,82,509,14,605,0,221,676,14,911,816,12,828,1739
08/07/2003,APA,CO,ANM,WE,Towers with Display (VFR),0,116,125,7,248,0,61,289,4,354,0,177,414,11,602,615,0,615,1217
08/08/2003,APA,CO,ANM,WE,Towers with Display (VFR),0,91,137,7,235,0,74,389,0,463,0,165,526,7,698,752,2,754,1452
08/09/2003,APA,CO,ANM,WE,Towers with Display (VFR),0,53,100,1,154,0,46,541,0,587,0,99,641,1,741,695,1,696,1437
08/10/2003,APA,CO,ANM,WE,Towers with Display (VFR),0,94,107,9,210,0,52,308,0,360,0,146,415,9,570,582,0,582,1152
08/11/2003,APA,CO,ANM,WE,Towers with Display (VFR),0,67,114,3,184,0,64,203,3,270,0,131,317,6,454,468,0,468,922
08/12/2003,APA,CO,ANM,WE,Towers with Display (VFR),0,107,105,0,212,0,53,398,0,451,0,160,503,0,663,818,2,820,1483
08/13/2003,APA,CO,ANM,WE,Towers with Display (VFR),0,96,148,0,244,0,49,390,1,440,0,145,538,1,684,726,0,726,1410
08/14/2003,APA,CO,ANM,WE,Towers with Display (VFR),0,103,166,0,269,0,37,309,1,347,0,140,475,1,616,682,0,682,1298
08/15/2003,APA,CO,ANM,WE,Towers with Display (VFR),0,117,114,0,231,0,66,489,0,555,0,183,603,0,786,584,0,584,1370
08/16/2003,APA,CO,ANM,WE,Towers with Display (VFR),0,48,80,9,137,0,17,302,5,324,0,65,382,14,461,512,6,518,979
08/17/2003,APA,CO,ANM,WE,Towers with Display (VFR),0,58,94,2,154,0,51,208,4,263,0,109,302,6,417,466,0,466,883
08/18/2003,APA,CO,ANM,WE,Towers with Display (VFR),0,81,95,0,176,0,100,263,3,366,0,181,358,3,542,458,4,462,1004
08/19/2003,APA,CO,ANM,WE,Towers with Display (VFR),0,121,121,0,242,0,56,460,0,516,0,177,581,0,758,754,0,754,1512
08/20/2003,APA,CO,ANM,WE,Towers with Display (VFR),0,113,163,0,276,0,61,427,1,489,0,174,590,1,765,598,0,598,1363
08/21/2003,APA,CO,ANM,WE,Towers with Display (VFR),0,107,162,6,275,0,83,243,0,326,0,190,405,6,601,653,0,653,1254
08/22/2003,APA,CO,ANM,WE,Towers with Display (VFR),0,99,123,4,226,0,69,388,8,465,0,168,511,12,691,634,5,639,1330
08/23/2003,APA,CO,ANM,WE,Towers with Display (VFR),0,45,71,0,116,0,33,313,0,346,0,78,384,0,462,505,0,505,967
08/24/2003,APA,CO,ANM,WE,Towers with Display (VFR),0,59,89,2,150,0,33,308,0,341,0,92,397,2,491,522,0,522,1013
08/25/2003,APA,CO,ANM,WE,Towers with Display (VFR),0,73,93,2,168,0,87,350,0,437,0,160,443,2,605,519,10,529,1134
08/26/2003,APA,CO,ANM,WE,Towers with Display (VFR),0,109,116,0,225,0,58,341,0,399,0,167,457,0,624,592,4,596,1220
08/27/2003,APA,CO,ANM,WE,Towers with Display (VFR),0,113,123,0,236,0,16,313,8,337,0,129,436,8,573,561,5,566,1139
08/28/2003,APA,CO,ANM,WE,Towers with Display (VFR),0,107,150,0,257,0,45,322,0,367,0,152,472,0,624,435,6,441,1065
08/29/2003,APA,CO,ANM,WE,Towers with Display (VFR),0,101,126,4,231,0,56,320,1,377,0,157,446,5,608,501,2,503,1111
08/30/2003,APA,CO,ANM,WE,Towers with Display (VFR),0,39,64,0,103,0,16,70,0,86,0,55,134,0,189,172,0,172,361
08/31/2003,APA,CO,ANM,WE,Towers with Display (VFR),0,50,113,2,165,0,23,120,2,145,0,73,233,4,310,466,2,468,778
09/01/2003,APA,CO,ANM,WE,Towers with Display (VFR),0,52,114,0,166,0,56,353,0,409,0,108,467,0,575,682,0,682,1257
09/02/2003,APA,CO,ANM,WE,Towers with Display (VFR),0,77,109,2,188,0,80,385,1,466,0,157,494,3,654,716,0,716,1370
09/03/2003,APA,CO,ANM,WE,Towers with Display (VFR),0,95,113,0,208,0,34,284,5,323,0,129,397,5,531,477,0,477,1008
09/04/2003,APA,CO,ANM,WE,Towers with Display (VFR),0,128,125,0,253,0,29,7,9,45,0,157,132,9,298,432,20,452,750
09/05/2003,APA,CO,ANM,WE,Towers with Display (VFR),0,76,134,2,212,0,24,304,20,348,0,100,438,22,560,434,48,482,1042
09/06/2003,APA,CO,ANM,WE,Towers with Display (VFR),0,37,80,0,117,0,41,245,2,288,0,78,325,2,405,452,0,452,857
09/07/2003,APA,CO,ANM,WE,Towers with Display (VFR),0,61,105,0,166,0,46,115,0,161,0,107,220,0,327,340,0,340,667
09/08/2003,APA,CO,ANM,WE,Towers with Display (VFR),0,75,106,1,182,0,116,275,1,392,0,191,381,2,574,487,0,487,1061
09/09/2003,APA,CO,ANM,WE,Towers with Display (VFR),0,90,132,0,222,0,50,241,15,306,0,140,373,15,528,302,4,306,834
09/10/2003,APA,CO,ANM,WE,Towers with Display (VFR),0,101,155,2,258,0,42,269,2,313,0,143,424,4,571,412,6,418,989
09/11/2003,APA,CO,ANM,WE,Towers with Display (VFR),0,119,165,2,286,0,76,318,5,399,0,195,483,7,685,475,0,475,1160
09/12/2003,APA,CO,ANM,WE,Towers with Display (VFR),0,112,147,2,261,0,38,347,9,394,0,150,494,11,655,624,0,624,1279
09/13/2003,APA,CO,ANM,WE,Towers with Display (VFR),0,53,89,2,144,0,14,141,2,157,0,67,230,4,301,377,0,377,678
09/14/2003,APA,CO,ANM,WE,Towers with Display (VFR),0,59,131,0,190,0,45,378,0,423,0,104,509,0,613,591,0,591,1204
09/15/2003,APA,CO,ANM,WE,Towers with Display (VFR),0,93,140,12,245,0,63,334,1,398,0,156,474,13,643,500,1,501,1144
09/16/2003,APA,CO,ANM,WE,Towers with Display (VFR),0,102,120,1,223,0,83,348,10,441,0,185,468,11,664,595,4,599,1263
09/17/2003,APA,CO,ANM,WE,Towers with Display (VFR),0,105,149,1,255,0,83,242,0,325,0,188,391,1,580,306,0,306,886
09/18/2003,APA,CO,ANM,WE,Towers with Display (VFR),0,120,159,2,281,0,31,282,4,317,0,151,441,6,598,488,0,488,1086
09/19/2003,APA,CO,ANM,WE,Towers with Display (VFR),0,90,120,0,210,0,28,355,0,383,0,118,475,0,593,451,0,451,1044
09/20/2003,APA,CO,ANM,WE,Towers with Display (VFR),0,44,84,0,128,0,13,345,0,358,0,57,429,0,486,556,0,556,1042
09/21/2003,APA,CO,ANM,WE,Towers with Display (VFR),0,57,79,0,136,0,20,260,0,280,0,77,339,0,416,448,2,450,866
09/22/2003,APA,CO,ANM,WE,Towers with Display (VFR),0,68,126,6,200,0,64,256,15,335,0,132,382,21,535,378,66,444,979
09/23/2003,APA,CO,ANM,WE,Towers with Display (VFR),0,127,183,7,317,0,50,262,32,344,0,177,445,39,661,462,104,566,1227
09/24/2003,APA,CO,ANM,WE,Towers with Display (VFR),0,90,169,5,264,0,68,361,20,449,0,158,530,25,713,538,137,675,1388
09/25/2003,APA,CO,ANM,WE,Towers with Display (VFR),0,101,149,3,253,0,44,298,32,374,0,145,447,35,627,462,93,555,1182
09/26/2003,APA,CO,ANM,WE,Towers with Display (VFR),0,76,135,6,217,0,40,329,24,393,0,116,464,30,610,380,100,480,1090
09/27/2003,APA,CO,ANM,WE,Towers with Display (VFR),0,42,73,0,115,0,10,314,10,334,0,52,387,10,449,330,18,348,797
09/28/2003,APA,CO,ANM,WE,Towers with Display (VFR),0,63,93,6,162,0,26,258,0,284,0,89,351,6,446,519,2,521,967
09/29/2003,APA,CO,ANM,WE,Towers with Display (VFR),0,62,124,4,190,0,78,327,7,412,0,140,451,11,602,497,6,503,1105
09/30/2003,APA,CO,ANM,WE,Towers with Display (VFR),0,85,136,2,223,0,86,157,1,244,0,171,293,3,467,440,10,450,917
10/01/2003,APA,CO,ANM,WE,Towers with Display (VFR),0,105,144,2,251,0,76,267,7,350,0,181,411,9,601,410,0,410,1011
10/02/2003,APA,CO,ANM,WE,Towers with Display (VFR),0,108,127,4,239,0,54,258,4,316,0,162,385,8,555,549,18,567,1122
10/03/2003,APA,CO,ANM,WE,Towers with Display (VFR),0,94,106,5,205,0,28,315,8,351,0,122,421,13,556,541,2,543,1099
10/04/2003,APA,CO,ANM,WE,Towers with Display (VFR),0,37,56,0,93,0,12,287,2,301,0,49,343,2,394,575,0,575,969
10/05/2003,APA,CO,ANM,WE,Towers with Display (VFR),0,49,71,1,121,0,22,344,0,366,0,71,415,1,487,550,0,550,1037
10/06/2003,APA,CO,ANM,WE,Towers with Display (VFR),0,68,103,2,173,0,101,327,7,435,0,169,430,9,608,677,8,685,1293
10/07/2003,APA,CO,ANM,WE,Towers with Display (VFR),0,102,130,1,233,0,133,398,8,539,0,235,528,9,772,634,16,650,1422
10/08/2003,APA,CO,ANM,WE,Towers with Display (VFR),0,109,144,0,253,0,67,354,10,431,0,176,498,10,684,504,68,572,1256
10/09/2003,APA,CO,ANM,WE,Towers with Display (VFR),0,121,140,2,263,0,40,310,14,364,0,161,450,16,627,454,44,498,1125
10/10/2003,APA,CO,ANM,WE,Towers with Display (VFR),0,112,110,5,227,0,49,340,15,404,0,161,450,20,631,660,28,688,1319
10/11/2003,APA,CO,ANM,WE,Towers with Display (VFR),0,37,79,1,117,0,25,322,3,350,0,62,401,4,467,715,2,717,1184
10/12/2003,APA,CO,ANM,WE,Towers with Display (VFR),0,51,110,5,166,0,25,343,4,372,0,76,453,9,538,502,4,506,1044
10/13/2003,APA,CO,ANM,WE,Towers with Display (VFR),0,67,100,1,168,0,89,178,1,268,0,156,278,2,436,428,0,428,864
10/14/2003,APA,CO,ANM,WE,Towers with Display (VFR),0,96,136,0,232,0,80,293,4,377,0,176,429,4,609,472,0,472,1081
10/15/2003,APA,CO,ANM,WE,Towers with Display (VFR),0,115,141,9,265,0,85,307,1,393,0,200,448,10,658,585,2,587,1245
10/16/2003,APA,CO,ANM,WE,Towers with Display (VFR),0,113,112,2,227,0,46,207,1,254,0,159,319,3,481,464,13,477,958
10/17/2003,APA,CO,ANM,WE,Towers with Display (VFR),0,78,136,4,218,0,39,411,1,451,0,117,547,5,669,632,0,632,1301
10/18/2003,APA,CO,ANM,WE,Towers with Display (VFR),0,28,82,0,110,0,11,336,1,348,0,39,418,1,458,476,0,476,934
10/19/2003,APA,CO,ANM,WE,Towers with Display (VFR),0,61,105,3,169,0,45,285,1,331,0,106,390,4,500,567,0,567,1067
10/20/2003,APA,CO,ANM,WE,Towers with Display (VFR),0,70,115,2,187,0,117,350,8,475,0,187,465,10,662,588,22,610,1272
10/21/2003,APA,CO,ANM,WE,Towers with Display (VFR),0,92,119,1,212,0,75,291,0,366,0,167,410,1,578,536,2,538,1116
10/22/2003,APA,CO,ANM,WE,Towers with Display (VFR),0,102,137,0,239,0,52,265,2,319,0,154,402,2,558,466,0,466,1024
10/23/2003,APA,CO,ANM,WE,Towers with Display (VFR),0,93,114,2,209,0,39,307,0,346,0,132,421,2,555,467,1,468,1023
10/24/2003,APA,CO,ANM,WE,Towers with Display (VFR),0,80,112,6,198,0,35,230,9,274,0,115,342,15,472,515,2,517,989
10/25/2003,APA,CO,ANM,WE,Towers with Display (VFR),0,54,74,0,128,0,8,213,0,221,0,62,287,0,349,314,1,315,664
10/26/2003,APA,CO,ANM,WE,Towers with Display (VFR),0,61,100,2,163,0,22,239,0,261,0,83,339,2,424,512,0,512,936
10/27/2003,APA,CO,ANM,WE,Towers with Display (VFR),0,82,109,3,194,0,57,177,13,247,0,139,286,16,441,374,24,398,839
10/28/2003,APA,CO,ANM,WE,Towers with Display (VFR),0,95,133,4,232,0,68,264,25,357,0,163,397,29,589,587,66,653,1242
10/29/2003,APA,CO,ANM,WE,Towers with Display (VFR),0,98,92,2,192,0,65,140,1,206,0,163,232,3,398,88,5,93,491
10/30/2003,APA,CO,ANM,WE,Towers with Display (VFR),0,102,111,2,215,0,5,1,0,6,0,107,112,2,221,0,0,0,221
10/31/2003,APA,CO,ANM,WE,Towers with Display (VFR),0,73,69,0,142,0,0,0,0,0,0,73,69,0,142,0,0,0,142
11/01/2003,APA,CO,ANM,WE,Towers with Display (VFR),0,41,36,0,77,0,0,3,0,3,0,41,39,0,80,0,0,0,80
11/02/2003,APA,CO,ANM,WE,Towers with Display (VFR),0,48,86,0,134,0,9,1,0,10,0,57,87,0,144,4,0,4,148
11/03/2003,APA,CO,ANM,WE,Towers with Display (VFR),0,83,100,2,185,0,6,0,0,6,0,89,100,2,191,0,0,0,191
11/04/2003,APA,CO,ANM,WE,Towers with Display (VFR),0,93,129,0,222,0,61,332,10,403,0,154,461,10,625,505,36,541,1166
11/05/2003,APA,CO,ANM,WE,Towers with Display (VFR),0,105,133,0,238,0,11,19,0,30,0,116,152,0,268,24,0,24,292
11/06/2003,APA,CO,ANM,WE,Towers with Display (VFR),0,114,153,4,271,0,10,39,1,50,0,124,192,5,321,138,0,138,459
11/07/2003,APA,CO,ANM,WE,Towers with Display (VFR),0,99,118,5,222,0,31,220,0,251,0,130,338,5,473,569,0,569,1042
11/08/2003,APA,CO,ANM,WE,Towers with Display (VFR),0,41,73,3,117,0,30,290,1,321,0,71,363,4,438,666,0,666,1104
11/09/2003,APA,CO,ANM,WE,Towers with Display (VFR),0,43,102,1,146,0,42,412,0,454,0,85,514,1,600,988,0,988,1588
11/10/2003,APA,CO,ANM,WE,Towers with Display (VFR),0,58,117,1,176,0,71,335,1,407,0,129,452,2,583,447,0,447,1030
11/11/2003,APA,CO,ANM,WE,Towers with Display (VFR),0,85,131,0,216,0,88,242,2,332,0,173,373,2,548,370,0,370,918
11/12/2003,APA,CO,ANM,WE,Towers with Display (VFR),0,70,164,0,234,0,39,348,15,402,0,109,512,15,636,511,24,535,1171
11/13/2003,APA,CO,ANM,WE,Towers with Display (VFR),0,106,101,3,210,0,36,118,18,172,0,142,219,21,382,117,23,140,522
11/14/2003,APA,CO,ANM,WE,Towers with Display (VFR),0,92,169,1,262,0,24,348,6,378,0,116,517,7,640,498,12,510,1150
11/15/2003,APA,CO,ANM,WE,Towers with Display (VFR),0,44,69,0,113,0,10,330,0,340,0,54,399,0,453,663,0,663,1116
11/16/2003,APA,CO,ANM,WE,Towers with Display (VFR),0,45,111,1,157,0,23,283,0,306,0,68,394,1,463,640,0,640,1103
11/17/2003,APA,CO,ANM,WE,Towers with Display (VFR),0,136,65,0,201,0,0,174,0,174,0,136,239,0,375,210,0,210,585
11/18/2003,APA,CO,ANM,WE,Towers with Display (VFR),0,101,122,4,227,0,55,180,13,248,0,156,302,17,475,234,16,250,725
11/19/2003,APA,CO,ANM,WE,Towers with Display (VFR),0,105,171,2,278,0,98,333,0,431,0,203,504,2,709,569,0,569,1278
11/20/2003,APA,CO,ANM,WE,Towers with Display (VFR),0,97,141,10,248,0,42,263,0,305,0,139,404,10,553,453,10,463,1016
11/21/2003,APA,CO,ANM,WE,Towers with Display (VFR),0,88,163,1,252,0,43,250,1,294,0,131,413,2,546,647,0,647,1193
11/22/2003,APA,CO,ANM,WE,Towers with Display (VFR),0,38,55,2,95,0,13,11,0,24,0,51,66,2,119,109,0,109,228
11/23/2003,APA,CO,ANM,WE,Towers with Display (VFR),0,36,66,0,102,0,11,32,0,43,0,47,98,0,145,53,0,53,198
11/24/2003,APA,CO,ANM,WE,Towers with Display (VFR),0,63,110,1,174,0,76,184,0,260,0,139,294,1,434,342,0,342,776
11/25/2003,APA,CO,ANM,WE,Towers with Display (VFR),0,102,131,3,236,0,55,211,0,266,0,157,342,3,502,519,0,519,1021
11/26/2003,APA,CO,ANM,WE,Towers with Display (VFR),0,98,151,2,251,0,66,260,2,328,0,164,411,4,579,462,2,464,1043
11/27/2003,APA,CO,ANM,WE,Towers with Display (VFR),0,55,34,0,89,0,15,95,0,110,0,70,129,0,199,98,0,98,297
11/28/2003,APA,CO,ANM,WE,Towers with Display (VFR),0,39,56,0,95,0,40,246,0,286,0,79,302,0,381,397,0,397,778
11/29/2003,APA,CO,ANM,WE,Towers with Display (VFR),0,56,69,0,125,0,17,258,1,276,0,73,327,1,401,461,0,461,862
11/30/2003,APA,CO,ANM,WE,Towers with Display (VFR),0,53,155,0,208,0,50,307,0,357,0,103,462,0,565,512,0,512,1077
12/01/2003,APA,CO,ANM,WE,Towers with Display (VFR),0,60,94,2,156,0,64,190,0,254,0,124,284,2,410,290,0,290,700
12/02/2003,APA,CO,ANM,WE,Towers with Display (VFR),0,106,128,4,238,0,47,205,1,253,0,153,333,5,491,344,2,346,837
12/03/2003,APA,CO,ANM,WE,Towers with Display (VFR),0,97,142,0,239,0,64,335,3,402,0,161,477,3,641,565,6,571,1212
12/04/2003,APA,CO,ANM,WE,Towers with Display (VFR),0,93,136,0,229,0,47,129,0,176,0,140,265,0,405,280,0,280,685
12/05/2003,APA,CO,ANM,WE,Towers with Display (VFR),0,104,126,2,232,0,42,322,0,364,0,146,448,2,596,472,6,478,1074
12/06/2003,APA,CO,ANM,WE,Towers with Display (VFR),0,46,74,0,120,0,38,335,0,373,0,84,409,0,493,462,0,462,955
12/07/2003,APA,CO,ANM,WE,Towers with Display (VFR),0,38,113,4,155,0,44,240,1,285,0,82,353,5,440,598,0,598,1038
12/08/2003,APA,CO,ANM,WE,Towers with Display (VFR),0,59,95,0,154,0,34,36,2,72,0,93,131,2,226,80,0,80,306
12/09/2003,APA,CO,ANM,WE,Towers with Display (VFR),0,96,103,0,199,0,92,154,0,246,0,188,257,0,445,356,0,356,801
12/10/2003,APA,CO,ANM,WE,Towers with Display (VFR),0,115,138,5,258,0,71,199,2,272,0,186,337,7,530,369,0,369,899
12/11/2003,APA,CO,ANM,WE,Towers with Display (VFR),0,94,134,6,234,0,42,232,2,276,0,136,366,8,510,341,0,341,851
12/12/2003,APA,CO,ANM,WE,Towers with Display (VFR),0,93,126,3,222,0,30,213,1,244,0,123,339,4,466,381,2,383,849
12/13/2003,APA,CO,ANM,WE,Towers with Display (VFR),0,53,79,0,132,0,48,298,2,348,0,101,377,2,480,661,0,661,1141
12/14/2003,APA,CO,ANM,WE,Towers with Display (VFR),0,41,90,4,135,0,42,254,2,298,0,83,344,6,433,395,8,403,836
12/15/2003,APA,CO,ANM,WE,Towers with Display (VFR),0,81,97,0,178,0,82,29,0,111,0,163,126,0,289,30,0,30,319
12/16/2003,APA,CO,ANM,WE,Towers with Display (VFR),0,103,123,0,226,0,79,303,0,382,0,182,426,0,608,460,0,460,1068
12/17/2003,APA,CO,ANM,WE,Towers with Display (VFR),0,104,140,2,246,0,43,294,0,337,0,147,434,2,583,290,0,290,873
12/18/2003,APA,CO,ANM,WE,Towers with Display (VFR),0,105,129,0,234,0,60,277,0,337,0,165,406,0,571,509,0,509,1080
12/19/2003,APA,CO,ANM,WE,Towers with Display (VFR),0,100,117,2,219,0,90,333,0,423,0,190,450,2,642,480,2,482,1124
12/20/2003,APA,CO,ANM,WE,Towers with Display (VFR),0,58,72,2,132,0,42,415,0,457,0,100,487,2,589,814,0,814,1403
12/21/2003,APA,CO,ANM,WE,Towers with Display (VFR),0,41,49,0,90,0,28,173,0,201,0,69,222,0,291,460,0,460,751
12/22/2003,APA,CO,ANM,WE,Towers with Display (VFR),0,64,100,2,166,0,71,159,2,232,0,135,259,4,398,252,0,252,650
12/23/2003,APA,CO,ANM,WE,Towers with Display (VFR),0,92,98,3,193,0,86,366,0,452,0,178,464,3,645,622,0,622,1267
12/24/2003,APA,CO,ANM,WE,Towers with Display (VFR),0,94,39,0,133,0,47,329,0,376,0,141,368,0,509,410,0,410,919
12/25/2003,APA,CO,ANM,WE,Towers with Display (VFR),0,67,25,0,92,0,20,59,0,79,0,87,84,0,171,39,0,39,210
12/26/2003,APA,CO,ANM,WE,Towers with Display (VFR),0,77,99,0,176,0,41,103,0,144,0,118,202,0,320,64,0,64,384
12/27/2003,APA,CO,ANM,WE,Towers with Display (VFR),0,88,103,0,191,0,11,164,0,175,0,99,267,0,366,186,0,186,552
12/28/2003,APA,CO,ANM,WE,Towers with Display (VFR),0,54,95,0,149,0,52,132,0,184,0,106,227,0,333,342,0,342,675
12/29/2003,APA,CO,ANM,WE,Towers with Display (VFR),0,53,88,9,150,0,74,283,1,358,0,127,371,10,508,526,0,526,1034
12/30/2003,APA,CO,ANM,WE,Towers with Display (VFR),0,115,110,0,225,0,71,281,3,355,0,186,391,3,580,431,1,432,1012
12/31/2003,APA,CO,ANM,WE,Towers with Display (VFR),0,87,64,0,151,0,52,284,0,336,0,139,348,0,487,365,0,365,852
01/01/2004,APA,CO,ANM,WE,Towers with Display (VFR),0,79,98,0,177,0,31,83,0,114,0,110,181,0,291,188,0,188,479
01/02/2004,APA,CO,ANM,WE,Towers with Display (VFR),0,97,128,0,225,0,21,218,0,239,0,118,346,0,464,349,0,349,813
01/03/2004,APA,CO,ANM,WE,Towers with Display (VFR),0,68,102,0,170,0,5,2,0,7,0,73,104,0,177,12,0,12,189
01/04/2004,APA,CO,ANM,WE,Towers with Display (VFR),0,87,140,0,227,0,32,190,1,223,0,119,330,1,450,332,0,332,782
01/05/2004,APA,CO,ANM,WE,Towers with Display (VFR),0,63,91,4,158,0,56,110,7,173,0,119,201,11,331,201,0,201,532
01/06/2004,APA,CO,ANM,WE,Towers with Display (VFR),0,100,118,1,219,0,71,160,0,231,0,171,278,1,450,332,0,332,782
01/07/2004,APA,CO,ANM,WE,Towers with Display (VFR),0,96,129,2,227,0,52,314,1,367,0,148,443,3,594,505,0,505,1099
01/08/2004,APA,CO,ANM,WE,Towers with Display (VFR),0,102,126,0,228,0,65,238,0,303,0,167,364,0,531,390,0,390,921
01/09/2004,APA,CO,ANM,WE,Towers with Display (VFR),0,88,143,8,239,0,35,331,1,367,0,123,474,9,606,471,2,473,1079
01/10/2004,APA,CO,ANM,WE,Towers with Display (VFR),0,45,77,0,122,0,3,329,2,334,0,48,406,2,456,611,2,613,1069
01/11/2004,APA,CO,ANM,WE,Towers with Display (VFR),0,41,93,4,138,0,39,347,2,388,0,80,440,6,526,694,0,694,1220
01/12/2004,APA,CO,ANM,WE,Towers with Display (VFR),0,53,107,0,160,0,43,180,0,223,0,96,287,0,383,590,0,590,973
01/13/2004,APA,CO,ANM,WE,Towers with Display (VFR),0,105,128,4,237,0,130,336,0,466,0,235,464,4,703,696,0,696,1399
01/14/2004,APA,CO,ANM,WE,Towers with Display (VFR),0,94,179,3,276,0,59,320,2,381,0,153,499,5,657,429,0,429,1086
01/15/2004,APA,CO,ANM,WE,Towers with Display (VFR),0,85,124,0,209,0,23,301,3,327,0,108,425,3,536,571,0,571,1107
01/16/2004,APA,CO,ANM,WE,Towers with Display (VFR),0,88,134,2,224,0,45,255,0,300,0,133,389,2,524,491,0,491,1015
01/17/2004,APA,CO,ANM,WE,Towers with Display (VFR),0,53,62,8,123,0,16,287,0,303,0,69,349,8,426,661,6,667,1093
01/18/2004,APA,CO,ANM,WE,Towers with Display (VFR),0,38,101,0,139,0,48,310,0,358,0,86,411,0,497,653,0,653,1150
01/19/2004,APA,CO,ANM,WE,Towers with Display (VFR),0,58,128,0,186,0,91,317,0,408,0,149,445,0,594,635,0,635,1229
01/20/2004,APA,CO,ANM,WE,Towers with Display (VFR),0,72,110,0,182,0,0,0,0,0,0,72,110,0,182,0,0,0,182
01/21/2004,APA,CO,ANM,WE,Towers with Display (VFR),0,99,146,0,245,0,30,157,6,193,0,129,303,6,438,278,0,278,716
01/22/2004,APA,CO,ANM,WE,Towers with Display (VFR),0,118,156,10,284,0,67,240,0,307,0,185,396,10,591,623,0,623,1214
01/23/2004,APA,CO,ANM,WE,Towers with Display (VFR),0,96,125,18,239,0,41,341,4,386,0,137,466,22,625,664,0,664,1289
01/24/2004,APA,CO,ANM,WE,Towers with Display (VFR),0,58,81,5,144,0,3,350,7,360,0,61,431,12,504,547,6,553,1057
01/25/2004,APA,CO,ANM,WE,Towers with Display (VFR),0,72,61,1,134,0,6,154,0,160,0,78,215,1,294,427,0,427,721
01/26/2004,APA,CO,ANM,WE,Towers with Display (VFR),0,65,85,0,150,0,82,79,0,161,0,147,164,0,311,86,0,86,397
01/27/2004,APA,CO,ANM,WE,Towers with Display (VFR),0,102,111,1,214,0,71,207,1,279,0,173,318,2,493,594,0,594,1087
01/28/2004,APA,CO,ANM,WE,Towers with Display (VFR),0,91,140,4,235,0,80,278,0,358,0,171,418,4,593,474,20,494,1087
01/29/2004,APA,CO,ANM,WE,Towers with Display (VFR),0,121,125,6,252,0,125,352,5,482,0,246,477,11,734,608,18,626,1360
01/30/2004,APA,CO,ANM,WE,Towers with Display (VFR),0,94,124,4,222,0,60,314,3,377,0,154,438,7,599,530,2,532,1131
01/31/2004,APA,CO,ANM,WE,Towers with Display (VFR),0,69,63,0,132,0,6,103,0,109,0,75,166,0,241,176,0,176,417
02/01/2004,APA,CO,ANM,WE,Towers with Display (VFR),0,56,84,0,140,0,8,65,0,73,0,64,149,0,213,282,0,282,495
02/02/2004,APA,CO,ANM,WE,Towers with Display (VFR),0,73,90,0,163,0,53,240,1,294,0,126,330,1,457,321,0,321,778
02/03/2004,APA,CO,ANM,WE,Towers with Display (VFR),0,109,129,4,242,0,23,175,11,209,0,132,304,15,451,431,0,431,882
02/04/2004,APA,CO,ANM,WE,Towers with Display (VFR),0,116,92,2,210,0,0,0,0,0,0,116,92,2,210,0,0,0,210
02/05/2004,APA,CO,ANM,WE,Towers with Display (VFR),0,110,128,0,238,0,5,2,0,7,0,115,130,0,245,0,0,0,245
02/06/2004,APA,CO,ANM,WE,Towers with Display (VFR),0,96,124,6,226,0,75,238,1,314,0,171,362,7,540,517,8,525,1065
02/07/2004,APA,CO,ANM,WE,Towers with Display (VFR),0,53,84,11,148,0,31,313,0,344,0,84,397,11,492,367,0,367,859
02/08/2004,APA,CO,ANM,WE,Towers with Display (VFR),0,53,87,1,141,0,25,137,3,165,0,78,224,4,306,427,0,427,733
02/09/2004,APA,CO,ANM,WE,Towers with Display (VFR),0,65,121,4,190,0,48,180,0,228,0,113,301,4,418,228,0,228,646
02/10/2004,APA,CO,ANM,WE,Towers with Display (VFR),0,89,136,3,228,0,52,246,0,298,0,141,382,3,526,431,0,431,957
02/11/2004,APA,CO,ANM,WE,Towers with Display (VFR),0,99,84,0,183,0,0,18,0,18,0,99,102,0,201,18,0,18,219
02/12/2004,APA,CO,ANM,WE,Towers with Display (VFR),0,112,141,2,255,0,46,275,0,321,0,158,416,2,576,507,5,512,1088
02/13/2004,APA,CO,ANM,WE,Towers with Display (VFR),0,99,156,8,263,0,50,296,0,346,0,149,452,8,609,598,2,600,1209
02/14/2004,APA,CO,ANM,WE,Towers with Display (VFR),0,61,70,0,131,0,48,497,1,546,0,109,567,1,677,700,0,700,1377
02/15/2004,APA,CO,ANM,WE,Towers with Display (VFR),0,49,71,1,121,0,19,300,1,320,0,68,371,2,441,377,0,377,818
02/16/2004,APA,CO,ANM,WE,Towers with Display (VFR),0,71,126,2,199,0,58,391,0,449,0,129,517,2,648,430,0,430,1078
02/17/2004,APA,CO,ANM,WE,Towers with Display (VFR),0,100,115,0,215,0,72,329,0,401,0,172,444,0,616,557,0,557,1173
02/18/2004,APA,CO,ANM,WE,Towers with Display (VFR),0,115,151,5,271,0,53,310,1,364,0,168,461,6,635,411,0,411,1046
02/19/2004,APA,CO,ANM,WE,Towers with Display (VFR),0,91,142,1,234,0,28,44,0,72,0,119,186,1,306,216,0,216,522
02/20/2004,APA,CO,ANM,WE,Towers with Display (VFR),0,104,144,7,255,0,88,277,1,366,0,192,421,8,621,602,30,632,1253
02/21/2004,APA,CO,ANM,WE,Towers with Display (VFR),0,46,110,4,160,0,28,333,0,361,0,74,443,4,521,640,0,640,1161
02/22/2004,APA,CO,ANM,WE,Towers with Display (VFR),0,41,129,4,174,0,47,262,0,309,0,88,391,4,483,622,0,622,1105
02/23/2004,APA,CO,ANM,WE,Towers with Display (VFR),0,85,92,10,187,0,40,101,3,144,0,125,193,13,331,443,0,443,774
02/24/2004,APA,CO,ANM,WE,Towers with Display (VFR),0,105,81,1,187,0,132,243,0,375,0,237,324,1,562,246,0,246,808
02/25/2004,APA,CO,ANM,WE,Towers with Display (VFR),0,121,162,3,286,0,22,400,0,422,0,143,562,3,708,544,0,544,1252
02/26/2004,APA,CO,ANM,WE,Towers with Display (VFR),0,131,170,2,303,0,51,272,0,323,0,182,442,2,626,413,0,413,1039
02/27/2004,APA,CO,ANM,WE,Towers with Display (VFR),0,88,123,6,217,0,49,263,9,321,0,137,386,15,538,390,0,390,928
02/28/2004,APA,CO,ANM,WE,Towers with Display (VFR),0,46,72,4,122,0,20,148,0,168,0,66,220,4,290,470,0,470,760
02/29/2004,APA,CO,ANM,WE,Towers with Display (VFR),0,69,78,0,147,0,3,27,0,30,0,72,105,0,177,115,0,115,292
03/01/2004,APA,CO,ANM,WE,Towers with Display (VFR),0,62,129,9,200,0,86,285,1,372,0,148,414,10,572,472,1,473,1045
03/02/2004,APA,CO,ANM,WE,Towers with Display (VFR),0,96,103,1,200,0,113,232,2,347,0,209,335,3,547,511,0,511,1058
03/03/2004,APA,CO,ANM,WE,Towers with Display (VFR),0,90,174,7,271,0,60,250,1,311,0,150,424,8,582,379,14,393,975
03/04/2004,APA,CO,ANM,WE,Towers with Display (VFR),0,102,155,7,264,0,44,137,1,182,0,146,292,8,446,414,0,414,860
03/05/2004,APA,CO,ANM,WE,Towers with Display (VFR),0,98,145,2,245,0,88,212,2,302,0,186,357,4,547,484,0,484,1031
03/06/2004,APA,CO,ANM,WE,Towers with Display (VFR),0,50,65,1,116,0,23,138,1,162,0,73,203,2,278,187,5,192,470
03/07/2004,APA,CO,ANM,WE,Towers with Display (VFR),0,48,129,0,177,0,35,373,0,408,0,83,502,0,585,768,0,768,1353
03/08/2004,APA,CO,ANM,WE,Towers with Display (VFR),0,73,136,10,219,0,42,266,0,308,0,115,402,10,527,342,0,342,869
03/09/2004,APA,CO,ANM,WE,Towers with Display (VFR),0,88,130,0,218,0,73,315,13,401,0,161,445,13,619,612,32,644,1263
03/10/2004,APA,CO,ANM,WE,Towers with Display (VFR),0,128,146,2,276,0,45,181,2,228,0,173,327,4,504,211,0,211,715
03/11/2004,APA,CO,ANM,WE,Towers with Display (VFR),0,107,148,9,264,0,67,337,12,416,0,174,485,21,680,599,48,647,1327
03/12/2004,APA,CO,ANM,WE,Towers with Display (VFR),0,109,155,2,266,0,58,424,5,487,0,167,579,7,753,717,36,753,1506
03/13/2004,APA,CO,ANM,WE,Towers with Display (VFR),0,60,100,0,160,0,29,329,0,358,0,89,429,0,518,319,0,319,837
03/14/2004,APA,CO,ANM,WE,Towers with Display (VFR),0,67,86,4,157,0,39,319,0,358,0,106,405,4,515,756,0,756,1271
03/15/2004,APA,CO,ANM,WE,Towers with Display (VFR),0,88,129,7,224,0,61,176,6,243,0,149,305,13,467,321,28,349,816
03/16/2004,APA,CO,ANM,WE,Towers with Display (VFR),0,115,112,6,233,0,50,197,10,257,0,165,309,16,490,169,32,201,691
03/17/2004,APA,CO,ANM,WE,Towers with Display (VFR),0,103,142,11,256,0,39,179,44,262,0,142,321,55,518,346,24,370,888
03/18/2004,APA,CO,ANM,WE,Towers with Display (VFR),0,129,153,7,289,0,61,396,6,463,0,190,549,13,752,610,70,680,1432
03/19/2004,APA,CO,ANM,WE,Towers with Display (VFR),0,105,139,7,251,0,52,318,6,376,0,157,457,13,627,506,0,506,1133
03/20/2004,APA,CO,ANM,WE,Towers with Display (VFR),0,67,98,0,165,0,68,329,1,398,0,135,427,1,563,557,0,557,1120
03/21/2004,APA,CO,ANM,WE,Towers with Display (VFR),0,49,119,0,168,0,31,346,0,377,0,80,465,0,545,498,0,498,1043
03/22/2004,APA,CO,ANM,WE,Towers with Display (VFR),0,87,92,5,184,0,45,396,2,443,0,132,488,7,627,650,8,658,1285
03/23/2004,APA,CO,ANM,WE,Towers with Display (VFR),0,101,116,1,218,0,52,230,0,282,0,153,346,1,500,494,2,496,996
03/24/2004,APA,CO,ANM,WE,Towers with Display (VFR),0,128,124,3,255,0,37,266,7,310,0,165,390,10,565,461,0,461,1026
03/25/2004,APA,CO,ANM,WE,Towers with Display (VFR),0,92,117,1,210,0,98,327,0,425,0,190,444,1,635,740,0,740,1375
03/26/2004,APA,CO,ANM,WE,Towers with Display (VFR),0,100,111,2,213,0,59,472,0,531,0,159,583,2,744,734,0,734,1478
03/27/2004,APA,CO,ANM,WE,Towers with Display (VFR),0,51,55,4,110,0,23,186,0,209,0,74,241,4,319,352,4,356,675
03/28/2004,APA,CO,ANM,WE,Towers with Display (VFR),0,39,117,0,156,0,53,213,0,266,0,92,330,0,422,469,0,469,891
03/29/2004,APA,CO,ANM,WE,Towers with Display (VFR),0,78,106,0,184,0,57,310,2,369,0,135,416,2,553,308,0,308,861
03/30/2004,APA,CO,ANM,WE,Towers with Display (VFR),0,106,117,3,226,0,46,288,0,334,0,152,405,3,560,312,13,325,885
03/31/2004,APA,CO,ANM,WE,Towers with Display (VFR),0,105,114,3,222,0,44,332,6,382,0,149,446,9,604,455,0,455,1059
04/01/2004,APA,CO,ANM,WE,Towers with Display (VFR),0,113,111,5,229,0,51,311,0,362,0,164,422,5,591,524,2,526,1117
04/02/2004,APA,CO,ANM,WE,Towers with Display (VFR),0,94,141,1,236,0,79,169,3,251,0,173,310,4,487,432,0,432,919
04/03/2004,APA,CO,ANM,WE,Towers with Display (VFR),0,49,63,1,113,0,23,32,0,55,0,72,95,1,168,60,0,60,228
04/04/2004,APA,CO,ANM,WE,Towers with Display (VFR),0,72,80,2,154,0,0,0,0,0,0,72,80,2,154,535,0,535,689
04/05/2004,APA,CO,ANM,WE,Towers with Display (VFR),0,68,123,0,191,0,76,273,0,349,0,144,396,0,540,531,0,531,1071
04/06/2004,APA,CO,ANM,WE,Towers with Display (VFR),0,100,126,4,230,0,83,312,0,395,0,183,438,4,625,518,0,518,1143
04/07/2004,APA,CO,ANM,WE,Towers with Display (VFR),0,103,146,0,249,0,68,171,7,246,0,171,317,7,495,178,0,178,673
04/08/2004,APA,CO,ANM,WE,Towers with Display (VFR),0,137,115,0,252,0,38,214,0,252,0,175,329,0,504,262,0,262,766
04/09/2004,APA,CO,ANM,WE,Towers with Display (VFR),0,84,99,0,183,0,0,3,0,3,0,84,102,0,186,0,0,0,186
04/10/2004,APA,CO,ANM,WE,Towers with Display (VFR),0,37,17,0,54,0,3,8,0,11,0,40,25,0,65,6,0,6,71
04/11/2004,APA,CO,ANM,WE,Towers with Display (VFR),0,53,60,3,116,0,34,152,0,186,0,87,212,3,302,294,4,298,600
04/12/2004,APA,CO,ANM,WE,Towers with Display (VFR),0,68,120,0,188,0,50,145,0,195,0,118,265,0,383,253,44,297,680
04/13/2004,APA,CO,ANM,WE,Towers with Display (VFR),0,106,139,3,248,0,43,349,18,410,0,149,488,21,658,480,74,554,1212
04/14/2004,APA,CO,ANM,WE,Towers with Display (VFR),0,108,148,3,259,0,88,335,22,445,0,196,483,25,704,419,64,483,1187
04/15/2004,APA,CO,ANM,WE,Towers with Display (VFR),0,115,120,2,237,0,70,374,7,451,0,185,494,9,688,513,50,563,1251
04/16/2004,APA,CO,ANM,WE,Towers with Display (VFR),0,99,113,1,213,0,61,307,8,376,0,160,420,9,589,613,46,659,1248
04/17/2004,APA,CO,ANM,WE,Towers with Display (VFR),0,49,79,2,130,0,51,352,1,404,0,100,431,3,534,414,4,418,952
04/18/2004,APA,CO,ANM,WE,Towers with Display (VFR),0,46,68,1,115,0,9,117,0,126,0,55,185,1,241,76,0,76,317
04/19/2004,APA,CO,ANM,WE,Towers with Display (VFR),0,73,69,0,142,0,42,128,202,372,0,115,197,202,514,0,0,0,514
04/20/2004,APA,CO,ANM,WE,Towers with Display (VFR),0,102,130,5,237,0,66,203,3,272,0,168,333,8,509,304,0,304,813
04/21/2004,APA,CO,ANM,WE,Towers with Display (VFR),0,95,140,0,235,0,23,124,0,147,0,118,264,0,382,274,0,274,656
04/22/2004,APA,CO,ANM,WE,Towers with Display (VFR),0,109,99,6,214,0,41,22,0,63,0,150,121,6,277,72,0,72,349
04/23/2004,APA,CO,ANM,WE,Towers with Display (VFR),0,81,111,6,198,0,0,0,0,0,0,81,111,6,198,64,0,64,262
04/24/2004,APA,CO,ANM,WE,Towers with Display (VFR),0,56,97,0,153,0,56,304,0,360,0,112,401,0,513,631,0,631,1144
04/25/2004,APA,CO,ANM,WE,Towers with Display (VFR),0,69,81,0,150,0,25,214,1,240,0,94,295,1,390,497,0,497,887
04/26/2004,APA,CO,ANM,WE,Towers with Display (VFR),0,70,141,9,220,0,93,343,12,448,0,163,484,21,668,584,58,642,1310
04/27/2004,APA,CO,ANM,WE,Towers with Display (VFR),0,84,142,9,235,0,61,352,13,426,0,145,494,22,661,668,76,744,1405
04/28/2004,APA,CO,ANM,WE,Towers with Display (VFR),0,106,148,2,256,0,79,312,4,395,0,185,460,6,651,334,2,336,987
04/29/2004,APA,CO,ANM,WE,Towers with Display (VFR),0,102,121,5,228,0,17,18,0,35,0,119,139,5,263,72,0,72,335
04/30/2004,APA,CO,ANM,WE,Towers with Display (VFR),0,90,71,0,161,0,4,0,0,4,0,94,71,0,165,0,0,0,165
05/01/2004,APA,CO,ANM,WE,Towers with Display (VFR),0,53,80,2,135,0,35,311,0,346,0,88,391,2,481,548,0,548,1029
05/02/2004,APA,CO,ANM,WE,Towers with Display (VFR),0,43,102,0,145,0,35,426,0,461,0,78,528,0,606,702,0,702,1308
05/03/2004,APA,CO,ANM,WE,Towers with Display (VFR),0,83,128,1,212,0,84,269,2,355,0,167,397,3,567,343,8,351,918
05/04/2004,APA,CO,ANM,WE,Towers with Display (VFR),0,111,122,0,233,0,84,302,1,387,0,195,424,1,620,531,0,531,1151
05/05/2004,APA,CO,ANM,WE,Towers with Display (VFR),0,108,170,8,286,0,48,344,8,400,0,156,514,16,686,474,4,478,1164
05/06/2004,APA,CO,ANM,WE,Towers with Display (VFR),0,95,140,1,236,0,80,415,0,495,0,175,555,1,731,568,0,568,1299
05/07/2004,APA,CO,ANM,WE,Towers with Display (VFR),0,87,111,12,210,0,67,445,2,514,0,154,556,14,724,716,0,716,1440
05/08/2004,APA,CO,ANM,WE,Towers with Display (VFR),0,46,87,1,134,0,53,326,1,380,0,99,413,2,514,768,1,769,1283
05/09/2004,APA,CO,ANM,WE,Towers with Display (VFR),0,41,88,0,129,0,32,231,0,263,0,73,319,0,392,318,0,318,710
05/10/2004,APA,CO,ANM,WE,Towers with Display (VFR),0,77,108,12,197,0,61,251,5,317,0,138,359,17,514,398,2,400,914
05/11/2004,APA,CO,ANM,WE,Towers with Display (VFR),0,110,109,1,220,0,62,224,2,288,0,172,333,3,508,172,0,172,680
05/12/2004,APA,CO,ANM,WE,Towers with Display (VFR),0,106,141,0,247,0,22,143,0,165,0,128,284,0,412,262,0,262,674
05/13/2004,APA,CO,ANM,WE,Towers with Display (VFR),0,64,118,0,182,0,58,34,1,93,0,122,152,1,275,0,0,0,275
05/14/2004,APA,CO,ANM,WE,Towers with Display (VFR),0,111,137,2,250,0,56,373,0,429,0,167,510,2,679,708,2,710,1389
05/15/2004,APA,CO,ANM,WE,Towers with Display (VFR),0,46,75,1,122,0,24,320,0,344,0,70,395,1,466,566,0,566,1032
05/16/2004,APA,CO,ANM,WE,Towers with Display (VFR),0,45,75,0,120,0,28,358,0,386,0,73,433,0,506,608,0,608,1114
05/17/2004,APA,CO,ANM,WE,Towers with Display (VFR),0,72,117,6,195,0,64,296,0,360,0,136,413,6,555,594,0,594,1149
05/18/2004,APA,CO,ANM,WE,Towers with Display (VFR),0,100,173,3,276,0,36,159,0,195,0,136,332,3,471,366,2,368,839
05/19/2004,APA,CO,ANM,WE,Towers with Display (VFR),0,101,177,1,279,0,68,393,0,461,0,169,570,1,740,609,0,609,1349
05/20/2004,APA,CO,ANM,WE,Towers with Display (VFR),0,92,159,5,256,0,49,344,13,406,0,141,503,18,662,439,8,447,1109
05/21/2004,APA,CO,ANM,WE,Towers with Display (VFR),0,100,139,6,245,0,71,321,1,393,0,171,460,7,638,771,0,771,1409
05/22/2004,APA,CO,ANM,WE,Towers with Display (VFR),0,47,83,2,132,0,42,298,1,341,0,89,381,3,473,477,0,477,950
05/23/2004,APA,CO,ANM,WE,Towers with Display (VFR),0,57,98,3,158,0,49,410,0,459,0,106,508,3,617,585,3,588,1205
05/24/2004,APA,CO,ANM,WE,Towers with Display (VFR),0,65,112,0,177,0,69,303,0,372,0,134,415,0,549,456,0,456,1005
05/25/2004,APA,CO,ANM,WE,Towers with Display (VFR),0,119,131,2,252,0,77,209,4,290,0,196,340,6,542,769,2,771,1313
05/26/2004,APA,CO,ANM,WE,Towers with Display (VFR),0,117,160,0,277,0,73,343,2,418,0,190,503,2,695,406,0,406,1101
05/27/2004,APA,CO,ANM,WE,Towers with Display (VFR),0,125,120,4,249,0,77,422,0,499,0,202,542,4,748,840,0,840,1588
05/28/2004,APA,CO,ANM,WE,Towers with Display (VFR),0,95,135,5,235,0,68,344,3,415,0,163,479,8,650,686,11,697,1347
05/29/2004,APA,CO,ANM,WE,Towers with Display (VFR),0,52,43,0,95,0,36,236,0,272,0,88,279,0,367,312,0,312,679
05/30/2004,APA,CO,ANM,WE,Towers with Display (VFR),0,38,42,0,80,0,20,99,0,119,0,58,141,0,199,124,0,124,323
05/31/2004,APA,CO,ANM,WE,Towers with Display (VFR),0,55,89,0,144,0,31,178,4,213,0,86,267,4,357,273,4,277,634
06/01/2004,APA,CO,ANM,WE,Towers with Display (VFR),0,75,125,5,205,0,95,221,0,316,0,170,346,5,521,520,0,520,1041
06/02/2004,APA,CO,ANM,WE,Towers with Display (VFR),0,95,121,5,221,0,33,157,0,190,0,128,278,5,411,302,2,304,715
06/03/2004,APA,CO,ANM,WE,Towers with Display (VFR),0,101,140,0,241,0,112,402,1,515,0,213,542,1,756,620,0,620,1376
06/04/2004,APA,CO,ANM,WE,Towers with Display (VFR),0,77,112,1,190,0,79,271,0,350,0,156,383,1,540,551,1,552,1092
06/05/2004,APA,CO,ANM,WE,Towers with Display (VFR),0,40,63,0,103,0,36,339,0,375,0,76,402,0,478,574,0,574,1052
06/06/2004,APA,CO,ANM,WE,Towers with Display (VFR),0,49,71,2,122,0,37,229,1,267,0,86,300,3,389,426,0,426,815
06/07/2004,APA,CO,ANM,WE,Towers with Display (VFR),0,67,107,2,176,0,35,285,2,322,0,102,392,4,498,644,0,644,1142
06/08/2004,APA,CO,ANM,WE,Towers with Display (VFR),0,105,136,2,243,0,153,243,1,397,0,258,379,3,640,849,0,849,1489
06/09/2004,APA,CO,ANM,WE,Towers with Display (VFR),0,128,145,5,278,0,46,222,9,277,0,174,367,14,555,470,0,470,1025
06/10/2004,APA,CO,ANM,WE,Towers with Display (VFR),0,102,159,1,262,0,51,276,2,329,0,153,435,3,591,498,0,498,1089
06/11/2004,APA,CO,ANM,WE,Towers with Display (VFR),0,78,132,0,210,0,73,408,0,481,0,151,540,0,691,704,0,704,1395
06/12/2004,APA,CO,ANM,WE,Towers with Display (VFR),0,47,71,0,118,0,28,239,1,268,0,75,310,1,386,490,0,490,876
06/13/2004,APA,CO,ANM,WE,Towers with Display (VFR),0,38,106,2,146,0,31,401,4,436,0,69,507,6,582,677,0,677,1259
06/14/2004,APA,CO,ANM,WE,Towers with Display (VFR),0,65,132,4,201,0,37,202,7,246,0,102,334,11,447,559,13,572,1019
06/15/2004,APA,CO,ANM,WE,Towers with Display (VFR),0,110,129,1,240,0,29,216,0,245,0,139,345,1,485,349,0,349,834
06/16/2004,APA,CO,ANM,WE,Towers with Display (VFR),0,110,182,2,294,0,11,2,0,13,0,121,184,2,307,0,0,0,307
06/17/2004,APA,CO,ANM,WE,Towers with Display (VFR),0,123,189,2,314,0,14,48,5,67,0,137,237,7,381,170,2,172,553
06/18/2004,APA,CO,ANM,WE,Towers with Display (VFR),0,91,155,1,247,0,8,8,1,17,0,99,163,2,264,20,55,75,339
06/19/2004,APA,CO,ANM,WE,Towers with Display (VFR),0,37,129,1,167,0,14,42,0,56,0,51,171,1,223,114,0,114,337
06/20/2004,APA,CO,ANM,WE,Towers with Display (VFR),0,59,112,2,173,0,7,164,0,171,0,66,276,2,344,460,0,460,804
06/21/2004,APA,CO,ANM,WE,Towers with Display (VFR),0,83,164,0,247,0,50,86,0,136,0,133,250,0,383,302,0,302,685
06/22/2004,APA,CO,ANM,WE,Towers with Display (VFR),0,113,164,1,278,0,116,495,16,627,0,229,659,17,905,966,2,968,1873
06/23/2004,APA,CO,ANM,WE,Towers with Display (VFR),0,101,173,0,274,0,109,500,7,616,0,210,673,7,890,823,32,855,1745
06/24/2004,APA,CO,ANM,WE,Towers with Display (VFR),0,94,140,3,237,0,86,353,1,440,0,180,493,4,677,749,0,749,1426
06/25/2004,APA,CO,ANM,WE,Towers with Display (VFR),0,114,124,2,240,0,48,281,0,329,0,162,405,2,569,754,0,754,1323
06/26/2004,APA,CO,ANM,WE,Towers with Display (VFR),0,64,57,1,122,0,32,219,0,251,0,96,276,1,373,557,2,559,932
06/27/2004,APA,CO,ANM,WE,Towers with Display (VFR),0,48,116,1,165,0,33,252,0,285,0,81,368,1,450,631,0,631,1081
06/28/2004,APA,CO,ANM,WE,Towers with Display (VFR),0,94,150,0,244,0,63,257,0,320,0,157,407,0,564,592,0,592,1156
06/29/2004,APA,CO,ANM,WE,Towers with Display (VFR),0,107,117,4,228,0,107,346,0,453,0,214,463,4,681,873,14,887,1568
06/30/2004,APA,CO,ANM,WE,Towers with Display (VFR),0,109,175,0,284,0,62,285,0,347,0,171,460,0,631,694,0,694,1325
07/01/2004,APA,CO,ANM,WE,Towers with Display (VFR),0,123,150,6,279,0,80,464,3,547,0,203,614,9,826,934,0,934,1760
07/02/2004,APA,CO,ANM,WE,Towers with Display (VFR),0,87,139,0,226,0,101,413,0,514,0,188,552,0,740,910,0,910,1650
07/03/2004,APA,CO,ANM,WE,Towers with Display (VFR),0,47,78,0,125,0,29,249,0,278,0,76,327,0,403,456,0,456,859
07/04/2004,APA,CO,ANM,WE,Towers with Display (VFR),0,28,32,1,61,0,18,163,0,181,0,46,195,1,242,256,0,256,498
07/05/2004,APA,CO,ANM,WE,Towers with Display (VFR),0,73,94,0,167,0,50,227,0,277,0,123,321,0,444,410,0,410,854
07/06/2004,APA,CO,ANM,WE,Towers with Display (VFR),0,83,138,4,225,0,70,342,7,419,0,153,480,11,644,827,70,897,1541
07/07/2004,APA,CO,ANM,WE,Towers with Display (VFR),0,102,144,0,246,0,100,385,3,488,0,202,529,3,734,382,36,418,1152
07/08/2004,APA,CO,ANM,WE,Towers with Display (VFR),0,100,129,0,229,0,79,443,2,524,0,179,572,2,753,829,0,829,1582
07/09/2004,APA,CO,ANM,WE,Towers with Display (VFR),0,88,139,2,229,0,71,338,2,411,0,159,477,4,640,524,4,528,1168
07/10/2004,APA,CO,ANM,WE,Towers with Display (VFR),0,61,80,0,141,0,34,265,1,300,0,95,345,1,441,753,0,753,1194
07/11/2004,APA,CO,ANM,WE,Towers with Display (VFR),0,52,109,0,161,0,28,296,3,327,0,80,405,3,488,633,7,640,1128
07/12/2004,APA,CO,ANM,WE,Towers with Display (VFR),0,80,135,0,215,0,46,277,4,327,0,126,412,4,542,635,2,637,1179
07/13/2004,APA,CO,ANM,WE,Towers with Display (VFR),0,100,119,2,221,0,52,299,0,351,0,152,418,2,572,724,0,724,1296
07/14/2004,APA,CO,ANM,WE,Towers with Display (VFR),0,116,156,0,272,0,66,428,2,496,0,182,584,2,768,387,0,387,1155
07/15/2004,APA,CO,ANM,WE,Towers with Display (VFR),0,122,138,0,260,0,76,426,1,503,0,198,564,1,763,326,0,326,1089
07/16/2004,APA,CO,ANM,WE,Towers with Display (VFR),0,108,123,2,233,0,78,174,2,254,0,186,297,4,487,218,0,218,705
07/17/2004,APA,CO,ANM,WE,Towers with Display (VFR),0,59,129,0,188,0,28,111,0,139,0,87,240,0,327,150,0,150,477
07/18/2004,APA,CO,ANM,WE,Towers with Display (VFR),0,54,103,0,157,0,41,411,1,453,0,95,514,1,610,499,0,499,1109
07/19/2004,APA,CO,ANM,WE,Towers with Display (VFR),0,79,100,2,181,0,66,368,4,438,0,145,468,6,619,501,4,505,1124
07/20/2004,APA,CO,ANM,WE,Towers with Display (VFR),0,109,120,3,232,0,81,262,3,346,0,190,382,6,578,203,0,203,781
07/21/2004,APA,CO,ANM,WE,Towers with Display (VFR),0,114,168,0,282,0,159,405,2,566,0,273,573,2,848,520,14,534,1382
07/22/2004,APA,CO,ANM,WE,Towers with Display (VFR),0,97,108,0,205,0,48,272,0,320,0,145,380,0,525,250,0,250,775
07/23/2004,APA,CO,ANM,WE,Towers with Display (VFR),0,101,142,1,244,0,43,137,0,180,0,144,279,1,424,210,0,210,634
07/24/2004,APA,CO,ANM,WE,Towers with Display (VFR),0,35,105,0,140,0,39,50,0,89,0,74,155,0,229,100,0,100,329
07/25/2004,APA,CO,ANM,WE,Towers with Display (VFR),0,62,105,1,168,0,28,214,0,242,0,90,319,1,410,483,0,483,893
07/26/2004,APA,CO,ANM,WE,Towers with Display (VFR),0,66,125,0,191,0,52,272,4,328,0,118,397,4,519,295,0,295,814
07/27/2004,APA,CO,ANM,WE,Towers with Display (VFR),0,109,141,1,251,0,52,269,1,322,0,161,410,2,573,574,4,578,1151
07/28/2004,APA,CO,ANM,WE,Towers with Display (VFR),0,93,160,2,255,0,61,246,0,307,0,154,406,2,562,227,0,227,789
07/29/2004,APA,CO,ANM,WE,Towers with Display (VFR),0,110,143,2,255,0,119,339,8,466,0,229,482,10,721,409,0,409,1130
07/30/2004,APA,CO,ANM,WE,Towers with Display (VFR),0,93,139,3,235,0,106,385,1,492,0,199,524,4,727,458,0,458,1185
07/31/2004,APA,CO,ANM,WE,Towers with Display (VFR),0,65,79,1,145,0,16,330,1,347,0,81,409,2,492,520,0,520,1012
08/01/2004,APA,CO,ANM,WE,Towers with Display (VFR),0,66,101,3,170,0,98,204,0,302,0,164,305,3,472,373,0,373,845
08/02/2004,APA,CO,ANM,WE,Towers with Display (VFR),0,77,128,0,205,0,45,285,4,334,0,122,413,4,539,436,4,440,979
08/03/2004,APA,CO,ANM,WE,Towers with Display (VFR),0,133,145,1,279,0,71,367,0,438,0,204,512,1,717,496,8,504,1221
08/04/2004,APA,CO,ANM,WE,Towers with Display (VFR),0,116,173,5,294,0,60,395,11,466,0,176,568,16,760,372,0,372,1132
08/05/2004,APA,CO,ANM,WE,Towers with Display (VFR),0,113,152,0,265,0,145,288,0,433,0,258,440,0,698,610,0,610,1308
08/06/2004,APA,CO,ANM,WE,Towers with Display (VFR),0,91,139,5,235,0,127,387,4,518,0,218,526,9,753,712,3,715,1468
08/07/2004,APA,CO,ANM,WE,Towers with Display (VFR),0,64,79,2,145,0,32,241,2,275,0,96,320,4,420,527,0,527,947
08/08/2004,APA,CO,ANM,WE,Towers with Display (VFR),0,104,118,2,224,0,38,304,0,342,0,142,422,2,566,461,0,461,1027
08/09/2004,APA,CO,ANM,WE,Towers with Display (VFR),0,76,136,2,214,0,66,286,0,352,0,142,422,2,566,461,0,461,1027
08/10/2004,APA,CO,ANM,WE,Towers with Display (VFR),0,93,140,4,237,0,39,269,0,308,0,132,409,4,545,229,2,231,776
08/11/2004,APA,CO,ANM,WE,Towers with Display (VFR),0,124,165,0,289,0,45,291,6,342,0,169,456,6,631,626,8,634,1265
08/12/2004,APA,CO,ANM,WE,Towers with Display (VFR),0,110,149,0,259,0,138,481,1,620,0,248,630,1,879,728,0,728,1607
08/13/2004,APA,CO,ANM,WE,Towers with Display (VFR),0,85,100,3,188,0,97,399,3,499,0,182,499,6,687,748,0,748,1435
08/14/2004,APA,CO,ANM,WE,Towers with Display (VFR),0,51,81,2,134,0,92,360,0,452,0,143,441,2,586,653,1,654,1240
08/15/2004,APA,CO,ANM,WE,Towers with Display (VFR),0,54,115,5,174,0,57,245,0,302,0,111,360,5,476,762,0,762,1238
08/16/2004,APA,CO,ANM,WE,Towers with Display (VFR),0,84,133,2,219,0,54,251,0,305,0,138,384,2,524,519,0,519,1043
08/17/2004,APA,CO,ANM,WE,Towers with Display (VFR),0,113,146,0,259,0,62,307,0,369,0,175,453,0,628,407,0,407,1035
08/18/2004,APA,CO,ANM,WE,Towers with Display (VFR),0,112,156,0,268,0,29,251,7,287,0,141,407,7,555,434,0,434,989
08/19/2004,APA,CO,ANM,WE,Towers with Display (VFR),0,125,172,0,297,0,58,210,1,269,0,183,382,1,566,538,6,544,1110
08/20/2004,APA,CO,ANM,WE,Towers with Display (VFR),0,95,140,4,239,0,79,246,0,325,0,174,386,4,564,682,0,682,1246
08/21/2004,APA,CO,ANM,WE,Towers with Display (VFR),0,35,96,0,131,0,62,266,2,330,0,97,362,2,461,657,0,657,1118
08/22/2004,APA,CO,ANM,WE,Towers with Display (VFR),0,50,108,0,158,0,33,299,2,334,0,83,407,2,492,563,0,563,1055
08/23/2004,APA,CO,ANM,WE,Towers with Display (VFR),0,70,115,4,189,0,61,289,0,350,0,131,404,4,539,480,0,480,1019
08/24/2004,APA,CO,ANM,WE,Towers with Display (VFR),0,98,144,2,244,0,114,221,2,337,0,212,365,4,581,614,6,620,1201
08/25/2004,APA,CO,ANM,WE,Towers with Display (VFR),0,110,180,0,290,0,80,372,1,453,0,190,552,1,743,526,0,526,1269
08/26/2004,APA,CO,ANM,WE,Towers with Display (VFR),0,115,147,1,263,0,71,321,0,392,0,186,468,1,655,604,0,604,1259
08/27/2004,APA,CO,ANM,WE,Towers with Display (VFR),0,101,149,0,250,0,67,119,0,186,0,168,268,0,436,152,0,152,588
08/28/2004,APA,CO,ANM,WE,Towers with Display (VFR),0,73,71,8,152,0,50,391,0,441,0,123,462,8,593,694,0,694,1287
08/29/2004,APA,CO,ANM,WE,Towers with Display (VFR),0,46,85,1,132,0,34,354,0,388,0,80,439,1,520,536,0,536,1056
08/30/2004,APA,CO,ANM,WE,Towers with Display (VFR),0,72,108,0,180,0,66,234,0,300,0,138,342,0,480,552,0,552,1032
08/31/2004,APA,CO,ANM,WE,Towers with Display (VFR),0,108,148,0,256,0,111,301,1,413,0,219,449,1,669,600,0,600,1269
09/01/2004,APA,CO,ANM,WE,Towers with Display (VFR),0,86,149,7,242,0,66,392,1,459,0,152,541,8,701,712,0,712,1413
09/02/2004,APA,CO,ANM,WE,Towers with Display (VFR),0,105,149,2,256,0,67,338,0,405,0,172,487,2,661,449,0,449,1110
09/03/2004,APA,CO,ANM,WE,Towers with Display (VFR),0,106,123,4,233,0,124,364,1,489,0,230,487,5,722,580,0,580,1302
09/04/2004,APA,CO,ANM,WE,Towers with Display (VFR),0,59,111,1,171,0,31,72,1,104,0,90,183,2,275,404,0,404,679
09/05/2004,APA,CO,ANM,WE,Towers with Display (VFR),0,39,56,0,95,0,20,196,3,219,0,59,252,3,314,232,1,233,547
09/06/2004,APA,CO,ANM,WE,Towers with Display (VFR),0,80,103,1,184,0,41,356,3,400,0,121,459,4,584,508,0,508,1092
09/07/2004,APA,CO,ANM,WE,Towers with Display (VFR),0,97,142,8,247,0,59,272,1,332,0,156,414,9,579,590,12,602,1181
09/08/2004,APA,CO,ANM,WE,Towers with Display (VFR),0,107,138,12,257,0,49,324,7,380,0,156,462,19,637,613,34,647,1284
09/09/2004,APA,CO,ANM,WE,Towers with Display (VFR),0,93,116,5,214,0,71,349,4,424,0,164,465,9,638,602,16,618,1256
09/10/2004,APA,CO,ANM,WE,Towers with Display (VFR),0,118,112,9,239,0,102,385,6,493,0,220,497,15,732,666,8,674,1406
09/11/2004,APA,CO,ANM,WE,Towers with Display (VFR),0,48,66,6,120,0,35,321,6,362,0,83,387,12,482,391,2,393,875
09/12/2004,APA,CO,ANM,WE,Towers with Display (VFR),0,70,97,1,168,0,23,227,4,254,0,93,324,5,422,346,0,346,768
09/13/2004,APA,CO,ANM,WE,Towers with Display (VFR),0,75,129,0,204,0,88,214,0,302,0,163,343,0,506,239,0,239,745
09/14/2004,APA,CO,ANM,WE,Towers with Display (VFR),0,103,116,0,219,0,62,130,6,198,0,165,246,6,417,318,12,330,747
09/15/2004,APA,CO,ANM,WE,Towers with Display (VFR),0,113,173,13,299,0,117,291,0,408,0,230,464,13,707,772,4,776,1483
09/16/2004,APA,CO,ANM,WE,Towers with Display (VFR),0,108,141,4,253,0,59,282,2,343,0,167,423,6,596,747,6,753,1349
09/17/2004,APA,CO,ANM,WE,Towers with Display (VFR),0,99,132,12,243,0,107,363,0,470,0,206,495,12,713,676,4,680,1393
09/18/2004,APA,CO,ANM,WE,Towers with Display (VFR),0,57,95,8,160,0,61,205,5,271,0,118,300,13,431,515,10,525,956
09/19/2004,APA,CO,ANM,WE,Towers with Display (VFR),0,52,88,5,145,0,47,277,0,324,0,99,365,5,469,217,0,217,686
09/20/2004,APA,CO,ANM,WE,Towers with Display (VFR),0,75,110,1,186,0,58,158,1,217,0,133,268,2,403,144,0,144,547
09/21/2004,APA,CO,ANM,WE,Towers with Display (VFR),0,98,94,1,193,0,0,0,0,0,0,98,94,1,193,0,0,0,193
09/22/2004,APA,CO,ANM,WE,Towers with Display (VFR),0,122,148,1,271,0,57,88,0,145,0,179,236,1,416,213,0,213,629
09/23/2004,APA,CO,ANM,WE,Towers with Display (VFR),0,115,151,8,274,0,87,336,4,427,0,202,487,12,701,704,0,704,1405
09/24/2004,APA,CO,ANM,WE,Towers with Display (VFR),0,94,149,2,245,0,108,402,0,510,0,202,551,2,755,1001,0,1001,1756
09/25/2004,APA,CO,ANM,WE,Towers with Display (VFR),0,45,58,0,103,0,60,273,1,334,0,105,331,1,437,571,0,571,1008
09/26/2004,APA,CO,ANM,WE,Towers with Display (VFR),0,39,120,0,159,0,45,306,0,351,0,84,426,0,510,522,0,522,1032
09/27/2004,APA,CO,ANM,WE,Towers with Display (VFR),0,104,131,1,236,0,59,241,0,300,0,163,372,1,536,469,0,469,1005
09/28/2004,APA,CO,ANM,WE,Towers with Display (VFR),0,140,128,0,268,0,78,187,4,269,0,218,315,4,537,704,0,704,1241
09/29/2004,APA,CO,ANM,WE,Towers with Display (VFR),0,116,163,3,282,0,40,279,4,323,0,156,442,7,605,451,0,451,1056
09/30/2004,APA,CO,ANM,WE,Towers with Display (VFR),0,113,150,8,271,0,71,160,1,232,0,184,310,9,503,244,4,248,751
10/01/2004,APA,CO,ANM,WE,Towers with Display (VFR),0,89,143,3,235,0,26,43,0,69,0,115,186,3,304,22,0,22,326
10/02/2004,APA,CO,ANM,WE,Towers with Display (VFR),0,44,87,2,133,0,90,266,0,356,0,134,353,2,489,695,0,695,1184
10/03/2004,APA,CO,ANM,WE,Towers with Display (VFR),0,55,101,0,156,0,23,280,4,307,0,78,381,4,463,456,0,456,919
10/04/2004,APA,CO,ANM,WE,Towers with Display (VFR),0,98,114,4,216,0,84,281,3,368,0,182,395,7,584,436,2,438,1022
10/05/2004,APA,CO,ANM,WE,Towers with Display (VFR),0,104,109,3,216,0,98,297,0,395,0,202,406,3,611,780,0,780,1391
10/06/2004,APA,CO,ANM,WE,Towers with Display (VFR),0,98,211,0,309,0,79,145,25,249,0,177,356,25,558,288,2,290,848
10/07/2004,APA,CO,ANM,WE,Towers with Display (VFR),0,115,152,0,267,0,52,286,0,338,0,167,438,0,605,688,2,690,1295
10/08/2004,APA,CO,ANM,WE,Towers with Display (VFR),0,89,144,0,233,0,97,324,20,441,0,186,468,20,674,555,66,621,1295
10/09/2004,APA,CO,ANM,WE,Towers with Display (VFR),0,40,91,3,134,0,99,367,4,470,0,139,458,7,604,710,0,710,1314
10/10/2004,APA,CO,ANM,WE,Towers with Display (VFR),0,42,122,0,164,0,37,242,0,279,0,79,364,0,443,692,0,692,1135
10/11/2004,APA,CO,ANM,WE,Towers with Display (VFR),0,64,122,0,186,0,39,99,2,140,0,103,221,2,326,292,0,292,618
10/12/2004,APA,CO,ANM,WE,Towers with Display (VFR),0,75,156,3,234,0,57,217,5,279,0,132,373,8,513,396,8,404,917
10/13/2004,APA,CO,ANM,WE,Towers with Display (VFR),0,121,134,3,258,0,27,146,17,190,0,148,280,20,448,180,2,182,630
10/14/2004,APA,CO,ANM,WE,Towers with Display (VFR),0,101,165,0,266,0,64,290,7,361,0,165,455,7,627,602,4,606,1233
10/15/2004,APA,CO,ANM,WE,Towers with Display (VFR),0,110,135,5,250,0,41,161,0,202,0,151,296,5,452,402,0,402,854
10/16/2004,APA,CO,ANM,WE,Towers with Display (VFR),0,51,84,0,135,0,57,266,1,324,0,108,350,1,459,645,0,645,1104
10/17/2004,APA,CO,ANM,WE,Towers with Display (VFR),0,40,66,1,107,0,51,177,0,228,0,91,243,1,335,494,10,504,839
10/18/2004,APA,CO,ANM,WE,Towers with Display (VFR),0,78,101,2,181,0,60,246,4,310,0,138,347,6,491,474,0,474,965
10/19/2004,APA,CO,ANM,WE,Towers with Display (VFR),0,117,117,2,236,0,82,306,0,388,0,199,423,2,624,750,0,750,1374
10/20/2004,APA,CO,ANM,WE,Towers with Display (VFR),0,100,133,2,235,0,122,362,5,489,0,222,495,7,724,702,0,702,1426
10/21/2004,APA,CO,ANM,WE,Towers with Display (VFR),0,109,143,2,254,0,46,204,5,255,0,155,347,7,509,469,4,473,982
10/22/2004,APA,CO,ANM,WE,Towers with Display (VFR),0,110,90,0,200,0,92,196,0,288,0,202,286,0,488,179,0,179,667
10/23/2004,APA,CO,ANM,WE,Towers with Display (VFR),0,43,56,0,99,0,64,349,0,413,0,107,405,0,512,518,16,534,1046
10/24/2004,APA,CO,ANM,WE,Towers with Display (VFR),0,55,90,2,147,0,24,201,1,226,0,79,291,3,373,517,0,517,890
10/25/2004,APA,CO,ANM,WE,Towers with Display (VFR),0,79,98,2,179,0,51,137,2,190,0,130,235,4,369,169,0,169,538
10/26/2004,APA,CO,ANM,WE,Towers with Display (VFR),0,121,122,15,258,0,123,247,9,379,0,244,369,24,637,558,14,572,1209
10/27/2004,APA,CO,ANM,WE,Towers with Display (VFR),0,112,173,4,289,0,73,283,1,357,0,185,456,5,646,454,0,454,1100
10/28/2004,APA,CO,ANM,WE,Towers with Display (VFR),0,123,150,0,273,0,45,266,4,315,0,168,416,4,588,435,0,435,1023
10/29/2004,APA,CO,ANM,WE,Towers with Display (VFR),0,77,108,0,185,0,75,199,0,274,0,152,307,0,459,182,0,182,641
10/30/2004,APA,CO,ANM,WE,Towers with Display (VFR),0,58,91,0,149,0,30,418,0,448,0,88,509,0,597,835,0,835,1432
10/31/2004,APA,CO,ANM,WE,Towers with Display (VFR),0,45,76,0,121,0,19,168,0,187,0,64,244,0,308,454,6,460,768
11/01/2004,APA,CO,ANM,WE,Towers with Radar,0,64,76,0,140,0,34,63,0,97,0,98,139,0,237,8,0,8,245
11/02/2004,APA,CO,ANM,WE,Towers with Radar,0,95,111,0,206,0,104,278,19,401,0,199,389,19,607,436,66,502,1109
11/03/2004,APA,CO,ANM,WE,Towers with Radar,0,100,151,6,257,0,87,315,27,429,0,187,466,33,686,726,88,814,1500
11/04/2004,APA,CO,ANM,WE,Towers with Radar,0,104,152,5,261,0,53,251,25,329,0,157,403,30,590,443,59,502,1092
11/05/2004,APA,CO,ANM,WE,Towers with Radar,0,98,112,6,216,0,77,349,23,449,0,175,461,29,665,646,52,698,1363
11/06/2004,APA,CO,ANM,WE,Towers with Radar,0,46,86,0,132,0,51,330,3,384,0,97,416,3,516,604,14,618,1134
11/07/2004,APA,CO,ANM,WE,Towers with Radar,0,68,100,0,168,0,12,337,1,350,0,80,437,1,518,749,0,749,1267
11/08/2004,APA,CO,ANM,WE,Towers with Radar,0,89,147,0,236,0,58,320,0,378,0,147,467,0,614,491,0,491,1105
11/09/2004,APA,CO,ANM,WE,Towers with Radar,0,137,117,2,256,0,112,335,0,447,0,249,452,2,703,530,0,530,1233
11/10/2004,APA,CO,ANM,WE,Towers with Radar,0,114,118,0,232,0,33,29,1,63,0,147,147,1,295,1,0,1,296
11/11/2004,APA,CO,ANM,WE,Towers with Radar,0,84,129,0,213,0,80,202,5,287,0,164,331,5,500,423,6,429,929
11/12/2004,APA,CO,ANM,WE,Towers with Radar,0,68,144,1,213,0,90,235,11,336,0,158,379,12,549,500,0,500,1049
11/13/2004,APA,CO,ANM,WE,Towers with Radar,0,49,57,1,107,0,73,210,0,283,0,122,267,1,390,620,0,620,1010
11/14/2004,APA,CO,ANM,WE,Towers with Radar,0,50,115,1,166,0,28,179,0,207,0,78,294,1,373,455,0,455,828
11/15/2004,APA,CO,ANM,WE,Towers with Radar,0,70,151,1,222,0,94,264,17,375,0,164,415,18,597,501,48,549,1146
11/16/2004,APA,CO,ANM,WE,Towers with Radar,0,106,151,4,261,0,174,341,21,536,0,280,492,25,797,628,86,714,1511
11/17/2004,APA,CO,ANM,WE,Towers with Radar,0,117,161,3,281,0,57,278,30,365,0,174,439,33,646,555,78,633,1279
11/18/2004,APA,CO,ANM,WE,Towers with Radar,0,108,152,3,263,0,64,260,7,331,0,172,412,10,594,462,0,462,1056
11/19/2004,APA,CO,ANM,WE,Towers with Radar,0,118,184,6,308,0,105,410,2,517,0,223,594,8,825,518,0,518,1343
11/20/2004,APA,CO,ANM,WE,Towers with Radar,0,38,39,0,77,0,0,0,0,0,0,38,39,0,77,0,0,0,77
11/21/2004,APA,CO,ANM,WE,Towers with Radar,0,48,82,0,130,0,11,92,2,105,0,59,174,2,235,368,0,368,603
11/22/2004,APA,CO,ANM,WE,Towers with Radar,0,67,113,6,186,0,71,206,3,280,0,138,319,9,466,396,0,396,862
11/23/2004,APA,CO,ANM,WE,Towers with Radar,0,123,136,0,259,0,76,134,5,215,0,199,270,5,474,336,0,336,810
11/24/2004,APA,CO,ANM,WE,Towers with Radar,0,91,131,0,222,0,68,238,0,306,0,159,369,0,528,352,0,352,880
11/25/2004,APA,CO,ANM,WE,Towers with Radar,0,49,28,0,77,0,25,126,0,151,0,74,154,0,228,148,0,148,376
11/26/2004,APA,CO,ANM,WE,Towers with Radar,0,56,43,0,99,0,45,81,0,126,0,101,124,0,225,135,0,135,360
11/27/2004,APA,CO,ANM,WE,Towers with Radar,0,88,91,0,179,0,68,254,10,332,0,156,345,10,511,607,0,607,1118
11/28/2004,APA,CO,ANM,WE,Towers with Radar,0,82,0,0,82,0,0,107,0,107,0,82,107,0,189,0,0,0,189
11/29/2004,APA,CO,ANM,WE,Towers with Radar,0,94,79,0,173,0,50,58,0,108,0,144,137,0,281,0,0,0,281
11/30/2004,APA,CO,ANM,WE,Towers with Radar,0,121,113,0,234,0,63,159,6,228,0,184,272,6,462,236,8,244,706
12/01/2004,APA,CO,ANM,WE,Towers with Radar,0,123,137,1,261,0,118,295,1,414,0,241,432,2,675,559,2,561,1236
12/02/2004,APA,CO,ANM,WE,Towers with Radar,0,113,131,0,244,0,68,284,5,357,0,181,415,5,601,331,12,343,944
12/03/2004,APA,CO,ANM,WE,Towers with Radar,0,119,125,3,247,0,53,338,1,392,0,172,463,4,639,589,14,603,1242
12/04/2004,APA,CO,ANM,WE,Towers with Radar,0,44,74,0,118,0,30,350,35,415,0,74,424,35,533,702,0,702,1235
12/05/2004,APA,CO,ANM,WE,Towers with Radar,0,44,108,0,152,0,35,334,0,369,0,79,442,0,521,620,0,620,1141
12/06/2004,APA,CO,ANM,WE,Towers with Radar,0,67,103,0,170,0,75,154,0,229,0,142,257,0,399,346,0,346,745
12/07/2004,APA,CO,ANM,WE,Towers with Radar,0,95,113,6,214,0,174,331,2,507,0,269,444,8,721,546,0,546,1267
12/08/2004,APA,CO,ANM,WE,Towers with Radar,0,108,148,0,256,0,124,335,0,459,0,232,483,0,715,542,0,542,1257
12/09/2004,APA,CO,ANM,WE,Towers with Radar,0,105,98,0,203,0,70,99,6,175,0,175,197,6,378,90,80,170,548
12/10/2004,APA,CO,ANM,WE,Towers with Radar,0,106,120,1,227,0,98,351,5,454,0,204,471,6,681,451,12,463,1144
12/11/2004,APA,CO,ANM,WE,Towers with Radar,0,41,69,1,111,0,70,297,0,367,0,111,366,1,478,532,0,532,1010
12/12/2004,APA,CO,ANM,WE,Towers with Radar,0,35,83,1,119,0,18,137,8,163,0,53,220,9,282,608,0,608,890
12/13/2004,APA,CO,ANM,WE,Towers with Radar,0,86,114,0,200,0,118,184,5,307,0,204,298,5,507,311,4,315,822
12/14/2004,APA,CO,ANM,WE,Towers with Radar,0,117,137,2,256,0,95,249,0,344,0,212,386,2,600,469,4,473,1073
12/15/2004,APA,CO,ANM,WE,Towers with Radar,0,108,139,0,247,0,86,298,0,384,0,194,437,0,631,486,0,486,1117
12/16/2004,APA,CO,ANM,WE,Towers with Radar,0,95,140,2,237,0,87,247,9,343,0,182,387,11,580,317,22,339,919
12/17/2004,APA,CO,ANM,WE,Towers with Radar,0,93,114,7,214,0,50,348,0,398,0,143,462,7,612,385,0,385,997
12/18/2004,APA,CO,ANM,WE,Towers with Radar,0,67,75,1,143,0,71,277,0,348,0,138,352,1,491,534,0,534,1025
12/19/2004,APA,CO,ANM,WE,Towers with Radar,0,58,104,2,164,0,23,251,1,275,0,81,355,3,439,352,0,352,791
12/20/2004,APA,CO,ANM,WE,Towers with Radar,0,83,95,1,179,0,50,120,1,171,0,133,215,2,350,102,0,102,452
12/21/2004,APA,CO,ANM,WE,Towers with Radar,0,119,112,1,232,0,81,227,0,308,0,200,339,1,540,510,0,510,1050
12/22/2004,APA,CO,ANM,WE,Towers with Radar,0,136,75,4,215,0,6,73,0,79,0,142,148,4,294,10,0,10,304
12/23/2004,APA,CO,ANM,WE,Towers with Radar,0,106,96,0,202,0,30,83,0,113,0,136,179,0,315,34,0,34,349
12/24/2004,APA,CO,ANM,WE,Towers with Radar,0,81,49,0,130,0,50,151,0,201,0,131,200,0,331,164,0,164,495
12/25/2004,APA,CO,ANM,WE,Towers with Radar,0,40,24,0,64,0,14,50,0,64,0,54,74,0,128,106,0,106,234
12/26/2004,APA,CO,ANM,WE,Towers with Radar,0,71,102,0,173,0,18,184,1,203,0,89,286,1,376,409,0,409,785
12/27/2004,APA,CO,ANM,WE,Towers with Radar,0,86,112,0,198,0,69,206,0,275,0,155,318,0,473,473,0,473,946
12/28/2004,APA,CO,ANM,WE,Towers with Radar,0,86,105,2,193,0,76,374,2,452,0,162,479,4,645,620,0,620,1265
12/29/2004,APA,CO,ANM,WE,Towers with Radar,0,106,81,0,187,0,107,304,0,411,0,213,385,0,598,581,0,581,1179
12/30/2004,APA,CO,ANM,WE,Towers with Radar,0,125,87,0,212,0,54,109,4,167,0,179,196,4,379,146,0,146,525
12/31/2004,APA,CO,ANM,WE,Towers with Radar,0,98,76,0,174,0,58,248,0,306,0,156,324,0,480,448,0,448,928
01/01/2005,APA,CO,ANM,WE,Towers with Radar,0,92,98,0,190,0,78,230,0,308,0,170,328,0,498,326,0,326,824
01/02/2005,APA,CO,ANM,WE,Towers with Radar,0,109,169,2,280,0,46,240,0,286,0,155,409,2,566,429,0,429,995
01/03/2005,APA,CO,ANM,WE,Towers with Radar,0,0,0,0,0,0,201,381,2,584,0,201,381,2,584,410,0,410,994
01/04/2005,APA,CO,ANM,WE,Towers with Radar,0,74,59,2,135,0,0,2,1,3,0,74,61,3,138,0,0,0,138
01/05/2005,APA,CO,ANM,WE,Towers with Radar,0,97,0,0,97,0,26,114,0,140,0,123,114,0,237,2,0,2,239
01/06/2005,APA,CO,ANM,WE,Towers with Radar,0,100,121,2,223,0,152,266,0,418,0,252,387,2,641,492,0,492,1133
01/07/2005,APA,CO,ANM,WE,Towers with Radar,0,84,101,3,188,0,89,314,4,407,0,173,415,7,595,593,22,615,1210
01/08/2005,APA,CO,ANM,WE,Towers with Radar,0,59,55,0,114,0,41,124,1,166,0,100,179,1,280,214,0,214,494
01/09/2005,APA,CO,ANM,WE,Towers with Radar,0,41,80,0,121,0,28,137,0,165,0,69,217,0,286,160,0,160,446
01/10/2005,APA,CO,ANM,WE,Towers with Radar,0,78,107,0,185,0,100,214,2,316,0,178,321,2,501,549,1,550,1051
01/11/2005,APA,CO,ANM,WE,Towers with Radar,0,67,91,2,160,0,62,57,0,119,0,129,148,2,279,256,0,256,535
01/12/2005,APA,CO,ANM,WE,Towers with Radar,0,90,106,2,198,0,29,110,2,141,0,119,216,4,339,142,0,142,481
01/13/2005,APA,CO,ANM,WE,Towers with Radar,0,97,143,2,242,0,104,274,1,379,0,201,417,3,621,515,1,516,1137
01/14/2005,APA,CO,ANM,WE,Towers with Radar,0,99,148,3,250,0,101,199,0,300,0,200,347,3,550,597,8,605,1155
01/15/2005,APA,CO,ANM,WE,Towers with Radar,0,53,66,1,120,0,100,176,4,280,0,153,242,5,400,468,0,468,868
01/16/2005,APA,CO,ANM,WE,Towers with Radar,0,33,77,6,116,0,32,218,0,250,0,65,295,6,366,338,5,343,709
01/17/2005,APA,CO,ANM,WE,Towers with Radar,0,77,137,1,215,0,63,256,2,321,0,140,393,3,536,424,0,424,960
01/18/2005,APA,CO,ANM,WE,Towers with Radar,0,81,136,3,220,0,116,254,18,388,0,197,390,21,608,532,69,601,1209
01/19/2005,APA,CO,ANM,WE,Towers with Radar,0,91,123,5,219,0,131,309,15,455,0,222,432,20,674,490,66,556,1230
01/20/2005,APA,CO,ANM,WE,Towers with Radar,0,110,165,3,278,0,51,252,15,318,0,161,417,18,596,446,52,498,1094
01/21/2005,APA,CO,ANM,WE,Towers with Radar,0,100,154,2,256,0,85,277,26,388,0,185,431,28,644,534,74,608,1252
01/22/2005,APA,CO,ANM,WE,Towers with Radar,0,31,86,0,117,0,26,263,0,289,0,57,349,0,406,553,0,553,959
01/23/2005,APA,CO,ANM,WE,Towers with Radar,0,65,114,4,183,0,26,350,3,379,0,91,464,7,562,564,0,564,1126
01/24/2005,APA,CO,ANM,WE,Towers with Radar,0,77,124,2,203,0,86,333,0,419,0,163,457,2,622,533,2,535,1157
01/25/2005,APA,CO,ANM,WE,Towers with Radar,0,103,157,8,268,0,128,357,6,491,0,231,514,14,759,654,16,670,1429
01/26/2005,APA,CO,ANM,WE,Towers with Radar,0,102,126,3,231,0,105,311,0,416,0,207,437,3,647,486,0,486,1133
01/27/2005,APA,CO,ANM,WE,Towers with Radar,0,124,148,2,274,0,79,222,4,305,0,203,370,6,579,458,0,458,1037
01/28/2005,APA,CO,ANM,WE,Towers with Radar,0,133,121,0,254,0,40,220,0,260,0,173,341,0,514,492,0,492,1006
01/29/2005,APA,CO,ANM,WE,Towers with Radar,0,54,62,0,116,0,32,123,0,155,0,86,185,0,271,432,0,432,703
01/30/2005,APA,CO,ANM,WE,Towers with Radar,0,47,68,0,115,0,7,13,0,20,0,54,81,0,135,12,0,12,147
01/31/2005,APA,CO,ANM,WE,Towers with Radar,0,69,107,0,176,0,67,138,1,206,0,136,245,1,382,186,0,186,568
02/01/2005,APA,CO,ANM,WE,Towers with Radar,0,110,142,0,252,0,118,323,6,447,0,228,465,6,699,540,22,562,1261
02/02/2005,APA,CO,ANM,WE,Towers with Radar,0,102,122,5,229,0,98,307,1,406,0,200,429,6,635,520,6,526,1161
02/03/2005,APA,CO,ANM,WE,Towers with Radar,0,96,146,0,242,0,121,310,0,431,0,217,456,0,673,528,0,528,1201
02/04/2005,APA,CO,ANM,WE,Towers with Radar,0,83,137,1,221,0,114,354,0,468,0,197,491,1,689,691,0,691,1380
02/05/2005,APA,CO,ANM,WE,Towers with Radar,0,55,76,0,131,0,63,393,0,456,0,118,469,0,587,626,0,626,1213
02/06/2005,APA,CO,ANM,WE,Towers with Radar,0,56,62,0,118,0,5,17,0,22,0,61,79,0,140,4,0,4,144
02/07/2005,APA,CO,ANM,WE,Towers with Radar,0,92,111,2,205,0,68,82,2,152,0,160,193,4,357,92,0,92,449
02/08/2005,APA,CO,ANM,WE,Towers with Radar,0,110,110,1,221,0,64,68,0,132,0,174,178,1,353,152,0,152,505
02/09/2005,APA,CO,ANM,WE,Towers with Radar,0,94,147,3,244,0,96,367,5,468,0,190,514,8,712,624,27,651,1363
02/10/2005,APA,CO,ANM,WE,Towers with Radar,0,142,126,0,268,0,27,322,3,352,0,169,448,3,620,419,28,447,1067
02/11/2005,APA,CO,ANM,WE,Towers with Radar,0,78,112,2,192,0,71,398,3,472,0,149,510,5,664,726,6,732,1396
02/12/2005,APA,CO,ANM,WE,Towers with Radar,0,54,84,1,139,0,38,346,2,386,0,92,430,3,525,652,0,652,1177
02/13/2005,APA,CO,ANM,WE,Towers with Radar,0,67,72,0,139,0,76,372,6,454,0,143,444,6,593,582,0,582,1175
02/14/2005,APA,CO,ANM,WE,Towers with Radar,0,81,115,0,196,0,132,317,0,449,0,213,432,0,645,445,0,445,1090
02/15/2005,APA,CO,ANM,WE,Towers with Radar,0,136,98,1,235,0,15,2,0,17,0,151,100,1,252,0,0,0,252
02/16/2005,APA,CO,ANM,WE,Towers with Radar,0,146,138,0,284,0,64,110,2,176,0,210,248,2,460,158,0,158,618
02/17/2005,APA,CO,ANM,WE,Towers with Radar,0,122,176,0,298,0,109,371,0,480,0,231,547,0,778,596,1,597,1375
02/18/2005,APA,CO,ANM,WE,Towers with Radar,0,132,175,7,314,0,159,331,6,496,0,291,506,13,810,882,9,891,1701
02/19/2005,APA,CO,ANM,WE,Towers with Radar,0,78,81,1,160,0,84,199,2,285,0,162,280,3,445,460,0,460,905
02/20/2005,APA,CO,ANM,WE,Towers with Radar,0,109,135,1,245,0,49,254,2,305,0,158,389,3,550,551,0,551,1101
02/21/2005,APA,CO,ANM,WE,Towers with Radar,0,100,152,0,252,0,97,321,0,418,0,197,473,0,670,482,0,482,1152
02/22/2005,APA,CO,ANM,WE,Towers with Radar,0,86,129,2,217,0,113,141,0,254,0,199,270,2,471,424,0,424,895
02/23/2005,APA,CO,ANM,WE,Towers with Radar,0,98,123,0,221,0,166,214,0,380,0,264,337,0,601,614,2,616,1217
02/24/2005,APA,CO,ANM,WE,Towers with Radar,0,95,123,4,222,0,66,298,0,364,0,161,421,4,586,483,16,499,1085
02/25/2005,APA,CO,ANM,WE,Towers with Radar,0,110,157,4,271,0,119,469,1,589,0,229,626,5,860,810,21,831,1691
02/26/2005,APA,CO,ANM,WE,Towers with Radar,0,63,79,8,150,0,33,297,14,344,0,96,376,22,494,637,6,643,1137
02/27/2005,APA,CO,ANM,WE,Towers with Radar,0,57,102,2,161,0,41,361,7,409,0,98,463,9,570,672,0,672,1242
02/28/2005,APA,CO,ANM,WE,Towers with Radar,0,71,111,2,184,0,69,329,19,417,0,140,440,21,601,345,60,405,1006
03/01/2005,APA,CO,ANM,WE,Towers with Radar,0,103,119,2,224,0,123,319,0,442,0,226,438,2,666,558,0,558,1224
03/02/2005,APA,CO,ANM,WE,Towers with Radar,0,112,147,11,270,0,76,373,10,459,0,188,520,21,729,416,77,493,1222
03/03/2005,APA,CO,ANM,WE,Towers with Radar,0,107,146,8,261,0,97,276,8,381,0,204,422,16,642,532,46,578,1220
03/04/2005,APA,CO,ANM,WE,Towers with Radar,0,97,132,2,231,0,109,458,14,581,0,206,590,16,812,662,60,722,1534
03/05/2005,APA,CO,ANM,WE,Towers with Radar,0,68,0,0,68,0,9,396,2,407,0,77,396,2,475,448,2,450,925
03/06/2005,APA,CO,ANM,WE,Towers with Radar,0,63,97,6,166,0,24,317,5,346,0,87,414,11,512,626,24,650,1162
03/07/2005,APA,CO,ANM,WE,Towers with Radar,0,64,109,1,174,0,79,239,4,322,0,143,348,5,496,412,22,434,930
03/08/2005,APA,CO,ANM,WE,Towers with Radar,0,137,87,6,230,0,143,252,0,395,0,280,339,6,625,504,0,504,1129
03/09/2005,APA,CO,ANM,WE,Towers with Radar,0,99,164,0,263,0,104,321,2,427,0,203,485,2,690,418,0,418,1108
03/10/2005,APA,CO,ANM,WE,Towers with Radar,0,114,159,0,273,0,74,176,2,252,0,188,335,2,525,359,2,361,886
03/11/2005,APA,CO,ANM,WE,Towers with Radar,0,106,120,5,231,0,97,420,3,520,0,203,540,8,751,628,0,628,1379
03/12/2005,APA,CO,ANM,WE,Towers with Radar,0,61,74,0,135,0,28,146,0,174,0,89,220,0,309,117,0,117,426
03/13/2005,APA,CO,ANM,WE,Towers with Radar,0,50,73,2,125,0,17,29,0,46,0,67,102,2,171,40,0,40,211
03/14/2005,APA,CO,ANM,WE,Towers with Radar,0,85,98,3,186,0,63,71,0,134,0,148,169,3,320,258,0,258,578
03/15/2005,APA,CO,ANM,WE,Towers with Radar,0,114,120,7,241,0,146,360,3,509,0,260,480,10,750,670,4,674,1424
03/16/2005,APA,CO,ANM,WE,Towers with Radar,0,114,136,4,254,0,106,294,0,400,0,220,430,4,654,544,1,545,1199
03/17/2005,APA,CO,ANM,WE,Towers with Radar,0,120,147,2,269,0,126,263,6,395,0,246,410,8,664,397,20,417,1081
03/18/2005,APA,CO,ANM,WE,Towers with Radar,0,119,133,3,255,0,62,239,8,309,0,181,372,11,564,664,2,666,1230
03/19/2005,APA,CO,ANM,WE,Towers with Radar,0,68,112,0,180,0,81,420,0,501,0,149,532,0,681,888,0,888,1569
03/20/2005,APA,CO,ANM,WE,Towers with Radar,0,62,112,3,177,0,34,218,5,257,0,96,330,8,434,725,10,735,1169
03/21/2005,APA,CO,ANM,WE,Towers with Radar,0,67,67,1,135,0,11,6,0,17,0,78,73,1,152,0,2,2,154
03/22/2005,APA,CO,ANM,WE,Towers with Radar,0,102,144,12,258,0,116,393,0,509,0,218,537,12,767,647,12,659,1426
03/23/2005,APA,CO,ANM,WE,Towers with Radar,0,103,128,0,231,0,36,99,0,135,0,139,227,0,366,272,0,272,638
03/24/2005,APA,CO,ANM,WE,Towers with Radar,0,109,124,4,237,0,3,0,0,3,0,112,124,4,240,0,0,0,240
03/25/2005,APA,CO,ANM,WE,Towers with Radar,0,96,88,0,184,0,4,2,0,6,0,100,90,0,190,0,0,0,190
03/26/2005,APA,CO,ANM,WE,Towers with Radar,0,58,75,0,133,0,24,44,0,68,0,82,119,0,201,225,0,225,426
03/27/2005,APA,CO,ANM,WE,Towers with Radar,0,47,60,2,109,0,36,231,6,273,0,83,291,8,382,415,0,415,797
03/28/2005,APA,CO,ANM,WE,Towers with Radar,0,75,101,2,178,0,55,208,4,267,0,130,309,6,445,262,2,264,709
03/29/2005,APA,CO,ANM,WE,Towers with Radar,0,113,121,0,234,0,75,184,22,281,0,188,305,22,515,374,47,421,936
03/30/2005,APA,CO,ANM,WE,Towers with Radar,0,93,133,0,226,0,61,213,0,274,0,154,346,0,500,323,0,323,823
03/31/2005,APA,CO,ANM,WE,Towers with Radar,0,88,125,0,213,0,73,62,0,135,0,161,187,0,348,52,0,52,400
04/01/2005,APA,CO,ANM,WE,Towers with Radar,0,95,146,4,245,0,216,347,18,581,0,311,493,22,826,902,36,938,1764
04/02/2005,APA,CO,ANM,WE,Towers with Radar,0,108,61,5,174,0,48,453,1,502,0,156,514,6,676,1022,4,1026,1702
04/03/2005,APA,CO,ANM,WE,Towers with Radar,0,60,101,4,165,0,66,318,4,388,0,126,419,8,553,759,0,759,1312
04/04/2005,APA,CO,ANM,WE,Towers with Radar,0,80,134,4,218,0,117,213,2,332,0,197,347,6,550,635,0,635,1185
04/05/2005,APA,CO,ANM,WE,Towers with Radar,0,89,81,2,172,0,49,22,1,72,0,138,103,3,244,0,0,0,244
04/06/2005,APA,CO,ANM,WE,Towers with Radar,0,111,167,3,281,0,177,449,37,663,0,288,616,40,944,712,55,767,1711
04/07/2005,APA,CO,ANM,WE,Towers with Radar,0,93,161,3,257,0,189,322,23,534,0,282,483,26,791,669,64,733,1524
04/08/2005,APA,CO,ANM,WE,Towers with Radar,0,86,129,2,217,0,107,423,2,532,0,193,552,4,749,416,0,416,1165
04/09/2005,APA,CO,ANM,WE,Towers with Radar,0,48,69,0,117,0,78,485,2,565,0,126,554,2,682,770,0,770,1452
04/10/2005,APA,CO,ANM,WE,Towers with Radar,0,6,9,0,15,0,0,0,0,0,0,6,9,0,15,0,0,0,15
04/11/2005,APA,CO,ANM,WE,Towers with Radar,0,78,116,8,202,0,1442,94,0,1536,0,1520,210,8,1738,244,0,244,1982
04/12/2005,APA,CO,ANM,WE,Towers with Radar,0,94,121,5,220,0,96,237,0,333,0,190,358,5,553,452,0,452,1005
04/13/2005,APA,CO,ANM,WE,Towers with Radar,0,107,154,7,268,0,78,496,6,580,0,185,650,13,848,742,8,750,1598
04/14/2005,APA,CO,ANM,WE,Towers with Radar,0,252,582,10,844,0,0,0,0,0,0,252,582,10,844,710,2,712,1556
04/15/2005,APA,CO,ANM,WE,Towers with Radar,0,101,132,4,237,0,98,474,1,573,0,199,606,5,810,779,12,791,1601
04/16/2005,APA,CO,ANM,WE,Towers with Radar,0,47,62,0,109,0,51,456,2,509,0,98,518,2,618,602,0,602,1220
04/17/2005,APA,CO,ANM,WE,Towers with Radar,0,59,79,0,138,0,45,346,1,392,0,104,425,1,530,526,0,526,1056
04/18/2005,APA,CO,ANM,WE,Towers with Radar,0,96,76,2,174,0,78,267,4,349,0,174,343,6,523,542,6,548,1071
04/19/2005,APA,CO,ANM,WE,Towers with Radar,0,112,146,6,264,0,148,289,6,443,0,260,435,12,707,503,0,503,1210
04/20/2005,APA,CO,ANM,WE,Towers with Radar,0,120,163,6,289,0,22,61,3,86,0,142,224,9,375,107,2,109,484
04/21/2005,APA,CO,ANM,WE,Towers with Radar,0,111,167,5,283,0,102,242,0,344,0,213,409,5,627,420,20,440,1067
04/22/2005,APA,CO,ANM,WE,Towers with Radar,0,88,134,2,224,0,131,455,2,588,0,219,589,4,812,792,18,810,1622
04/23/2005,APA,CO,ANM,WE,Towers with Radar,0,88,43,0,131,0,11,458,0,469,0,99,501,0,600,734,0,734,1334
04/24/2005,APA,CO,ANM,WE,Towers with Radar,0,36,104,3,143,0,16,180,1,197,0,52,284,4,340,496,0,496,836
04/25/2005,APA,CO,ANM,WE,Towers with Radar,0,86,107,0,193,0,31,96,0,127,0,117,203,0,320,96,0,96,416
04/26/2005,APA,CO,ANM,WE,Towers with Radar,0,129,129,0,258,0,113,349,4,466,0,242,478,4,724,556,0,556,1280
04/27/2005,APA,CO,ANM,WE,Towers with Radar,0,115,140,8,263,0,99,250,1,350,0,214,390,9,613,566,0,566,1179
04/28/2005,APA,CO,ANM,WE,Towers with Radar,0,98,108,2,208,0,11,10,0,21,0,109,118,2,229,0,0,0,229
04/29/2005,APA,CO,ANM,WE,Towers with Radar,0,95,91,1,187,0,36,19,0,55,0,131,110,1,242,16,0,16,258
04/30/2005,APA,CO,ANM,WE,Towers with Radar,0,44,83,0,127,0,54,188,10,252,0,98,271,10,379,566,6,572,951
05/01/2005,APA,CO,ANM,WE,Towers with Radar,0,47,55,0,102,0,14,33,0,47,0,61,88,0,149,160,0,160,309
05/02/2005,APA,CO,ANM,WE,Towers with Radar,0,75,97,4,176,0,78,152,1,231,0,153,249,5,407,347,0,347,754
05/03/2005,APA,CO,ANM,WE,Towers with Radar,0,102,149,0,251,0,120,298,2,420,0,222,447,2,671,647,0,647,1318
05/04/2005,APA,CO,ANM,WE,Towers with Radar,0,93,163,0,256,0,77,357,0,434,0,170,520,0,690,556,0,556,1246
05/05/2005,APA,CO,ANM,WE,Towers with Radar,0,116,154,0,270,0,71,320,0,391,0,187,474,0,661,566,0,566,1227
05/06/2005,APA,CO,ANM,WE,Towers with Radar,0,100,135,2,237,0,96,417,0,513,0,196,552,2,750,552,0,552,1302
05/07/2005,APA,CO,ANM,WE,Towers with Radar,0,40,75,0,115,0,111,398,10,519,0,151,473,10,634,808,6,814,1448
05/08/2005,APA,CO,ANM,WE,Towers with Radar,0,70,83,2,155,0,61,319,0,380,0,131,402,2,535,526,0,526,1061
05/09/2005,APA,CO,ANM,WE,Towers with Radar,0,70,133,6,209,0,166,372,16,554,0,236,505,22,763,672,6,678,1441
05/10/2005,APA,CO,ANM,WE,Towers with Radar,0,93,136,3,232,0,142,277,0,419,0,235,413,3,651,514,3,517,1168
05/11/2005,APA,CO,ANM,WE,Towers with Radar,0,85,168,0,253,0,20,24,6,50,0,105,192,6,303,10,0,10,313
05/12/2005,APA,CO,ANM,WE,Towers with Radar,0,109,174,8,291,0,78,198,3,279,0,187,372,11,570,470,0,470,1040
05/13/2005,APA,CO,ANM,WE,Towers with Radar,0,108,137,3,248,0,71,419,1,491,0,179,556,4,739,562,0,562,1301
05/14/2005,APA,CO,ANM,WE,Towers with Radar,0,42,88,0,130,0,70,418,4,492,0,112,506,4,622,782,0,782,1404
05/15/2005,APA,CO,ANM,WE,Towers with Radar,0,49,114,1,164,0,74,408,0,482,0,123,522,1,646,838,24,862,1508
05/16/2005,APA,CO,ANM,WE,Towers with Radar,0,75,163,0,238,0,104,207,1,312,0,179,370,1,550,500,0,500,1050
05/17/2005,APA,CO,ANM,WE,Towers with Radar,0,95,136,3,234,0,24,168,3,195,0,119,304,6,429,318,0,318,747
05/18/2005,APA,CO,ANM,WE,Towers with Radar,0,105,188,0,293,0,32,260,0,292,0,137,448,0,585,373,0,373,958
05/19/2005,APA,CO,ANM,WE,Towers with Radar,0,92,143,0,235,0,126,248,6,380,0,218,391,6,615,434,8,442,1057
05/20/2005,APA,CO,ANM,WE,Towers with Radar,0,78,110,6,194,0,44,321,6,371,0,122,431,12,565,476,2,478,1043
05/21/2005,APA,CO,ANM,WE,Towers with Radar,0,47,59,1,107,0,20,263,0,283,0,67,322,1,390,453,0,453,843
05/22/2005,APA,CO,ANM,WE,Towers with Radar,0,68,84,2,154,0,12,203,0,215,0,80,287,2,369,275,2,277,646
05/23/2005,APA,CO,ANM,WE,Towers with Radar,0,70,108,3,181,0,42,193,1,236,0,112,301,4,417,310,8,318,735
05/24/2005,APA,CO,ANM,WE,Towers with Radar,0,117,128,3,248,0,17,198,0,215,0,134,326,3,463,232,0,232,695
05/25/2005,APA,CO,ANM,WE,Towers with Radar,0,115,209,3,327,0,30,103,2,135,0,145,312,5,462,266,2,268,730
05/26/2005,APA,CO,ANM,WE,Towers with Radar,0,112,152,0,264,0,72,290,3,365,0,184,442,3,629,619,0,619,1248
05/27/2005,APA,CO,ANM,WE,Towers with Radar,0,114,117,0,231,0,75,327,1,403,0,189,444,1,634,628,0,628,1262
05/28/2005,APA,CO,ANM,WE,Towers with Radar,0,35,59,0,94,0,51,340,1,392,0,86,399,1,486,642,0,642,1128
05/29/2005,APA,CO,ANM,WE,Towers with Radar,0,39,89,0,128,0,16,48,1,65,0,55,137,1,193,152,0,152,345
05/30/2005,APA,CO,ANM,WE,Towers with Radar,0,69,109,0,178,0,12,90,4,106,0,81,199,4,284,264,0,264,548
05/31/2005,APA,CO,ANM,WE,Towers with Radar,0,87,135,0,222,0,44,222,2,268,0,131,357,2,490,362,0,362,852
06/01/2005,APA,CO,ANM,WE,Towers with Radar,0,93,144,0,237,0,47,264,2,313,0,140,408,2,550,422,0,422,972
06/02/2005,APA,CO,ANM,WE,Towers with Radar,0,117,135,2,254,0,57,142,8,207,0,174,277,10,461,157,0,157,618
06/03/2005,APA,CO,ANM,WE,Towers with Radar,0,99,137,0,236,0,64,211,1,276,0,163,348,1,512,80,0,80,592
06/04/2005,APA,CO,ANM,WE,Towers with Radar,0,37,114,0,151,0,12,65,0,77,0,49,179,0,228,106,0,106,334
06/05/2005,APA,CO,ANM,WE,Towers with Radar,0,51,101,2,154,0,47,337,1,385,0,98,438,3,539,339,0,339,878
06/06/2005,APA,CO,ANM,WE,Towers with Radar,0,63,107,3,173,0,60,216,1,277,0,123,323,4,450,219,0,219,669
06/07/2005,APA,CO,ANM,WE,Towers with Radar,0,99,124,0,223,0,31,249,0,280,0,130,373,0,503,399,2,401,904
06/08/2005,APA,CO,ANM,WE,Towers with Radar,0,115,140,0,255,0,38,261,1,300,0,153,401,1,555,462,0,462,1017
06/09/2005,APA,CO,ANM,WE,Towers with Radar,0,110,174,0,284,0,75,222,0,297,0,185,396,0,581,342,0,342,923
06/10/2005,APA,CO,ANM,WE,Towers with Radar,0,105,119,2,226,0,63,124,5,192,0,168,243,7,418,338,0,338,756
06/11/2005,APA,CO,ANM,WE,Towers with Radar,0,64,66,0,130,0,41,289,4,334,0,105,355,4,464,526,0,526,990
06/12/2005,APA,CO,ANM,WE,Towers with Radar,0,95,77,1,173,0,19,157,0,176,0,114,234,1,349,280,0,280,629
06/13/2005,APA,CO,ANM,WE,Towers with Radar,0,73,167,0,240,0,39,238,0,277,0,112,405,0,517,2260,0,2260,2777
06/14/2005,APA,CO,ANM,WE,Towers with Radar,0,95,153,1,249,0,76,266,0,342,0,171,419,1,591,564,0,564,1155
06/15/2005,APA,CO,ANM,WE,Towers with Radar,0,116,138,0,254,0,19,292,0,311,0,135,430,0,565,569,0,569,1134
06/16/2005,APA,CO,ANM,WE,Towers with Radar,0,135,175,0,310,0,74,328,5,407,0,209,503,5,717,644,16,660,1377
06/17/2005,APA,CO,ANM,WE,Towers with Radar,0,98,139,5,242,0,47,307,10,364,0,145,446,15,606,476,4,480,1086
06/18/2005,APA,CO,ANM,WE,Towers with Radar,0,39,77,0,116,0,34,299,0,333,0,73,376,0,449,652,0,652,1101
06/19/2005,APA,CO,ANM,WE,Towers with Radar,0,52,89,5,146,0,47,275,2,324,0,99,364,7,470,462,0,462,932
06/20/2005,APA,CO,ANM,WE,Towers with Radar,0,70,115,1,186,0,61,201,2,264,0,131,316,3,450,379,0,379,829
06/21/2005,APA,CO,ANM,WE,Towers with Radar,0,111,148,0,259,0,33,209,0,242,0,144,357,0,501,427,0,427,928
06/22/2005,APA,CO,ANM,WE,Towers with Radar,0,115,144,1,260,0,36,272,2,310,0,151,416,3,570,387,0,387,957
06/23/2005,APA,CO,ANM,WE,Towers with Radar,0,117,166,4,287,0,46,275,3,324,0,163,441,7,611,425,6,431,1042
06/24/2005,APA,CO,ANM,WE,Towers with Radar,0,104,124,4,232,0,60,362,4,426,0,164,486,8,658,392,0,392,1050
06/25/2005,APA,CO,ANM,WE,Towers with Radar,0,51,64,3,118,0,35,330,0,365,0,86,394,3,483,472,0,472,955
06/26/2005,APA,CO,ANM,WE,Towers with Radar,0,72,83,3,158,0,55,228,2,285,0,127,311,5,443,316,1,317,760
06/27/2005,APA,CO,ANM,WE,Towers with Radar,0,90,140,3,233,0,63,282,0,345,0,153,422,3,578,497,0,497,1075
06/28/2005,APA,CO,ANM,WE,Towers with Radar,0,96,115,0,211,0,72,233,3,308,0,168,348,3,519,482,0,482,1001
06/29/2005,APA,CO,ANM,WE,Towers with Radar,0,117,172,1,290,0,73,357,2,432,0,190,529,3,722,628,0,628,1350
06/30/2005,APA,CO,ANM,WE,Towers with Radar,0,142,157,6,305,0,43,261,2,306,0,185,418,8,611,482,6,488,1099
07/01/2005,APA,CO,ANM,WE,Towers with Radar,0,123,140,1,264,0,39,329,3,371,0,162,469,4,635,456,2,458,1093
07/02/2005,APA,CO,ANM,WE,Towers with Radar,0,71,47,0,118,0,69,304,0,373,0,140,351,0,491,524,0,524,1015
07/03/2005,APA,CO,ANM,WE,Towers with Radar,0,34,48,0,82,0,26,178,1,205,0,60,226,1,287,278,0,278,565
07/04/2005,APA,CO,ANM,WE,Towers with Radar,0,35,58,0,93,0,44,188,0,232,0,79,246,0,325,350,10,360,685
07/05/2005,APA,CO,ANM,WE,Towers with Radar,0,95,109,3,207,0,56,216,3,275,0,151,325,6,482,312,10,322,804
07/06/2005,APA,CO,ANM,WE,Towers with Radar,0,160,109,1,270,0,0,297,12,309,0,160,406,13,579,391,2,393,972
07/07/2005,APA,CO,ANM,WE,Towers with Radar,0,121,151,1,273,0,74,297,0,371,0,195,448,1,644,650,0,650,1294
07/08/2005,APA,CO,ANM,WE,Towers with Radar,0,112,117,2,231,0,48,299,6,353,0,160,416,8,584,345,0,345,929
07/09/2005,APA,CO,ANM,WE,Towers with Radar,0,55,82,1,138,0,42,284,0,326,0,97,366,1,464,614,0,614,1078
07/10/2005,APA,CO,ANM,WE,Towers with Radar,0,87,101,2,190,0,54,318,0,372,0,141,419,2,562,562,8,570,1132
07/11/2005,APA,CO,ANM,WE,Towers with Radar,0,85,135,1,221,0,89,288,6,383,0,174,423,7,604,510,0,510,1114
07/12/2005,APA,CO,ANM,WE,Towers with Radar,0,110,127,0,237,0,57,276,0,333,0,167,403,0,570,515,0,515,1085
07/13/2005,APA,CO,ANM,WE,Towers with Radar,0,115,152,2,269,0,19,300,1,320,0,134,452,3,589,612,4,616,1205
07/14/2005,APA,CO,ANM,WE,Towers with Radar,0,116,138,0,254,0,100,354,0,454,0,216,492,0,708,530,0,530,1238
07/15/2005,APA,CO,ANM,WE,Towers with Radar,0,102,120,0,222,0,76,269,0,345,0,178,389,0,567,526,8,534,1101
07/16/2005,APA,CO,ANM,WE,Towers with Radar,0,55,82,0,137,0,38,351,0,389,0,93,433,0,526,675,0,675,1201
07/17/2005,APA,CO,ANM,WE,Towers with Radar,0,65,113,0,178,0,51,237,1,289,0,116,350,1,467,648,0,648,1115
07/18/2005,APA,CO,ANM,WE,Towers with Radar,0,87,113,2,202,0,52,240,7,299,0,139,353,9,501,524,0,524,1025
07/19/2005,APA,CO,ANM,WE,Towers with Radar,0,113,149,1,263,0,66,266,3,335,0,179,415,4,598,537,6,543,1141
07/20/2005,APA,CO,ANM,WE,Towers with Radar,0,133,161,0,294,0,51,377,1,429,0,184,538,1,723,622,10,632,1355
07/21/2005,APA,CO,ANM,WE,Towers with Radar,0,145,137,2,284,0,44,322,0,366,0,189,459,2,650,561,6,567,1217
07/22/2005,APA,CO,ANM,WE,Towers with Radar,0,118,142,4,264,0,58,331,1,390,0,176,473,5,654,582,10,592,1246
07/23/2005,APA,CO,ANM,WE,Towers with Radar,0,53,83,0,136,0,66,272,0,338,0,119,355,0,474,484,0,484,958
07/24/2005,APA,CO,ANM,WE,Towers with Radar,0,69,102,0,171,0,42,238,0,280,0,111,340,0,451,490,0,490,941
07/25/2005,APA,CO,ANM,WE,Towers with Radar,0,97,147,2,246,0,61,206,0,267,0,158,353,2,513,374,0,374,887
07/26/2005,APA,CO,ANM,WE,Towers with Radar,0,117,181,0,298,0,30,53,0,83,0,147,234,0,381,137,0,137,518
07/27/2005,APA,CO,ANM,WE,Towers with Radar,0,114,163,0,277,0,45,381,0,426,0,159,544,0,703,0,0,0,703
07/28/2005,APA,CO,ANM,WE,Towers with Radar,0,113,152,1,266,0,80,290,0,370,0,193,442,1,636,605,4,609,1245
07/29/2005,APA,CO,ANM,WE,Towers with Radar,0,102,155,6,263,0,101,354,0,455,0,203,509,6,718,616,0,616,1334
07/30/2005,APA,CO,ANM,WE,Towers with Radar,0,50,81,0,131,0,71,376,2,449,0,121,457,2,580,592,8,600,1180
07/31/2005,APA,CO,ANM,WE,Towers with Radar,0,70,119,0,189,0,58,303,3,364,0,128,422,3,553,483,0,483,1036
08/01/2005,APA,CO,ANM,WE,Towers with Radar,0,101,118,2,221,0,42,264,9,315,0,143,382,11,536,308,0,308,844
08/02/2005,APA,CO,ANM,WE,Towers with Radar,0,118,132,2,252,0,48,229,0,277,0,166,361,2,529,350,0,350,879
08/03/2005,APA,CO,ANM,WE,Towers with Radar,0,125,151,0,276,0,56,262,0,318,0,181,413,0,594,400,2,402,996
08/04/2005,APA,CO,ANM,WE,Towers with Radar,0,111,156,2,269,0,20,61,0,81,0,131,217,2,350,5,0,5,355
08/05/2005,APA,CO,ANM,WE,Towers with Radar,0,103,152,0,255,0,83,292,0,375,0,186,444,0,630,790,0,790,1420
08/06/2005,APA,CO,ANM,WE,Towers with Radar,0,88,74,2,164,0,15,350,3,368,0,103,424,5,532,676,0,676,1208
08/07/2005,APA,CO,ANM,WE,Towers with Radar,0,91,118,2,211,0,33,297,1,331,0,124,415,3,542,476,0,476,1018
08/08/2005,APA,CO,ANM,WE,Towers with Radar,0,115,141,1,257,0,44,270,0,314,0,159,411,1,571,595,10,605,1176
08/09/2005,APA,CO,ANM,WE,Towers with Radar,0,107,141,0,248,0,55,263,4,322,0,162,404,4,570,459,2,461,1031
08/10/2005,APA,CO,ANM,WE,Towers with Radar,0,141,154,0,295,0,59,263,0,322,0,200,417,0,617,414,0,414,1031
08/11/2005,APA,CO,ANM,WE,Towers with Radar,0,117,154,4,275,0,40,238,1,279,0,157,392,5,554,515,20,535,1089
08/12/2005,APA,CO,ANM,WE,Towers with Radar,0,128,180,4,312,0,85,301,5,391,0,213,481,9,703,514,8,522,1225
08/13/2005,APA,CO,ANM,WE,Towers with Radar,0,21,67,0,88,0,44,102,0,146,0,65,169,0,234,18,0,18,252
08/14/2005,APA,CO,ANM,WE,Towers with Radar,0,82,71,1,154,0,0,170,0,170,0,82,241,1,324,293,0,293,617
08/15/2005,APA,CO,ANM,WE,Towers with Radar,0,80,117,3,200,0,56,258,0,314,0,136,375,3,514,451,0,451,965
08/16/2005,APA,CO,ANM,WE,Towers with Radar,0,107,127,8,242,0,44,242,6,292,0,151,369,14,534,364,10,374,908
08/17/2005,APA,CO,ANM,WE,Towers with Radar,0,107,153,2,262,0,61,257,1,319,0,168,410,3,581,603,0,603,1184
08/18/2005,APA,CO,ANM,WE,Towers with Radar,0,129,146,2,277,0,37,342,0,379,0,166,488,2,656,543,0,543,1199
08/19/2005,APA,CO,ANM,WE,Towers with Radar,0,93,115,2,210,0,56,359,2,417,0,149,474,4,627,350,2,352,979
08/20/2005,APA,CO,ANM,WE,Towers with Radar,0,53,60,0,113,0,41,319,1,361,0,94,379,1,474,460,0,460,934
08/21/2005,APA,CO,ANM,WE,Towers with Radar,0,58,102,4,164,0,25,270,4,299,0,83,372,8,463,502,4,506,969
08/22/2005,APA,CO,ANM,WE,Towers with Radar,0,62,118,0,180,0,22,242,0,264,0,84,360,0,444,344,0,344,788
08/23/2005,APA,CO,ANM,WE,Towers with Radar,0,111,127,0,238,0,48,184,0,232,0,159,311,0,470,409,0,409,879
08/24/2005,APA,CO,ANM,WE,Towers with Radar,0,108,157,0,265,0,57,273,1,331,0,165,430,1,596,534,0,534,1130
08/25/2005,APA,CO,ANM,WE,Towers with Radar,0,119,141,0,260,0,80,250,6,336,0,199,391,6,596,366,16,382,978
08/26/2005,APA,CO,ANM,WE,Towers with Radar,0,85,135,2,222,0,76,360,0,436,0,161,495,2,658,533,0,533,1191
08/27/2005,APA,CO,ANM,WE,Towers with Radar,0,32,73,0,105,0,15,352,1,368,0,47,425,1,473,492,0,492,965
08/28/2005,APA,CO,ANM,WE,Towers with Radar,0,49,150,0,199,0,26,286,0,312,0,75,436,0,511,409,4,413,924
08/29/2005,APA,CO,ANM,WE,Towers with Radar,0,57,102,1,160,0,34,223,3,260,0,91,325,4,420,317,14,331,751
08/30/2005,APA,CO,ANM,WE,Towers with Radar,0,110,140,2,252,0,61,249,5,315,0,171,389,7,567,447,0,447,1014
08/31/2005,APA,CO,ANM,WE,Towers with Radar,0,104,109,2,215,0,50,255,1,306,0,154,364,3,521,400,0,400,921
09/01/2005,APA,CO,ANM,WE,Towers with Radar,0,120,137,0,257,0,77,378,0,455,0,197,515,0,712,618,22,640,1352
09/02/2005,APA,CO,ANM,WE,Towers with Radar,0,113,122,4,239,0,64,370,0,434,0,177,492,4,673,397,4,401,1074
09/03/2005,APA,CO,ANM,WE,Towers with Radar,0,53,54,3,110,0,88,298,4,390,0,141,352,7,500,450,4,454,954
09/04/2005,APA,CO,ANM,WE,Towers with Radar,0,40,38,2,80,0,15,202,1,218,0,55,240,3,298,274,0,274,572
09/05/2005,APA,CO,ANM,WE,Towers with Radar,0,67,97,4,168,0,22,276,0,298,0,89,373,4,466,376,0,376,842
09/06/2005,APA,CO,ANM,WE,Towers with Radar,0,94,141,4,239,0,33,167,2,202,0,127,308,6,441,268,0,268,709
09/07/2005,APA,CO,ANM,WE,Towers with Radar,0,110,132,4,246,0,85,307,1,393,0,195,439,5,639,372,0,372,1011
09/08/2005,APA,CO,ANM,WE,Towers with Radar,0,104,115,0,219,0,100,344,2,446,0,204,459,2,665,489,2,491,1156
09/09/2005,APA,CO,ANM,WE,Towers with Radar,0,103,139,2,244,0,99,261,0,360,0,202,400,2,604,244,0,244,848
09/10/2005,APA,CO,ANM,WE,Towers with Radar,0,57,70,2,129,0,46,348,3,397,0,103,418,5,526,334,0,334,860
09/11/2005,APA,CO,ANM,WE,Towers with Radar,0,57,104,4,165,0,50,327,2,379,0,107,431,6,544,624,0,624,1168
09/12/2005,APA,CO,ANM,WE,Towers with Radar,0,65,106,5,176,0,53,236,0,289,0,118,342,5,465,306,0,306,771
09/13/2005,APA,CO,ANM,WE,Towers with Radar,0,136,82,8,226,0,37,215,1,253,0,173,297,9,479,392,0,392,871
09/14/2005,APA,CO,ANM,WE,Towers with Radar,0,143,138,1,282,0,64,192,4,260,0,207,330,5,542,170,6,176,718
09/15/2005,APA,CO,ANM,WE,Towers with Radar,0,111,173,3,287,0,61,341,4,406,0,172,514,7,693,395,0,395,1088
09/16/2005,APA,CO,ANM,WE,Towers with Radar,0,94,157,0,251,0,424,9,2,435,0,518,166,2,686,300,2,302,988
09/17/2005,APA,CO,ANM,WE,Towers with Radar,0,46,100,2,148,0,68,358,1,427,0,114,458,3,575,654,0,654,1229
09/18/2005,APA,CO,ANM,WE,Towers with Radar,0,89,58,2,149,0,0,337,0,337,0,89,395,2,486,635,0,635,1121
09/19/2005,APA,CO,ANM,WE,Towers with Radar,0,57,155,7,219,0,38,175,2,215,0,95,330,9,434,462,0,462,896
09/20/2005,APA,CO,ANM,WE,Towers with Radar,0,100,134,2,236,0,94,274,0,368,0,194,408,2,604,480,6,486,1090
09/21/2005,APA,CO,ANM,WE,Towers with Radar,0,99,156,4,259,0,66,275,5,346,0,165,431,9,605,328,4,332,937
09/22/2005,APA,CO,ANM,WE,Towers with Radar,0,95,176,3,274,0,88,249,0,337,0,183,425,3,611,492,0,492,1103
09/23/2005,APA,CO,ANM,WE,Towers with Radar,0,112,149,7,268,0,42,339,1,382,0,154,488,8,650,590,0,590,1240
09/24/2005,APA,CO,ANM,WE,Towers with Radar,0,52,77,5,134,0,26,362,1,389,0,78,439,6,523,682,2,684,1207
09/25/2005,APA,CO,ANM,WE,Towers with Radar,0,77,120,1,198,0,17,127,0,144,0,94,247,1,342,238,2,240,582
09/26/2005,APA,CO,ANM,WE,Towers with Radar,0,83,170,5,258,0,31,150,3,184,0,114,320,8,442,292,0,292,734
09/27/2005,APA,CO,ANM,WE,Towers with Radar,0,101,155,1,257,0,44,216,0,260,0,145,371,1,517,352,0,352,869
09/28/2005,APA,CO,ANM,WE,Towers with Radar,0,92,145,0,237,0,23,58,1,82,0,115,203,1,319,152,0,152,471
09/29/2005,APA,CO,ANM,WE,Towers with Radar,0,149,129,2,280,0,53,368,1,422,0,202,497,3,702,472,0,472,1174
09/30/2005,APA,CO,ANM,WE,Towers with Radar,0,111,145,0,256,0,103,289,2,394,0,214,434,2,650,488,0,488,1138
10/01/2005,APA,CO,ANM,WE,Towers with Radar,0,44,58,0,102,0,33,359,3,395,0,77,417,3,497,534,0,534,1031
10/02/2005,APA,CO,ANM,WE,Towers with Radar,0,71,98,0,169,0,16,224,1,241,0,87,322,1,410,353,0,353,763
10/03/2005,APA,CO,ANM,WE,Towers with Radar,0,67,125,0,192,0,44,197,0,241,0,111,322,0,433,305,0,305,738
10/04/2005,APA,CO,ANM,WE,Towers with Radar,0,114,101,0,215,0,49,71,0,120,0,163,172,0,335,266,0,266,601
10/05/2005,APA,CO,ANM,WE,Towers with Radar,0,121,166,7,294,0,18,189,4,211,0,139,355,11,505,401,18,419,924
10/06/2005,APA,CO,ANM,WE,Towers with Radar,0,103,135,8,246,0,43,279,2,324,0,146,414,10,570,462,2,464,1034
10/07/2005,APA,CO,ANM,WE,Towers with Radar,0,108,92,7,207,0,111,435,4,550,0,219,527,11,757,788,6,794,1551
10/08/2005,APA,CO,ANM,WE,Towers with Radar,0,58,92,0,150,0,57,395,2,454,0,115,487,2,604,542,0,542,1146
10/09/2005,APA,CO,ANM,WE,Towers with Radar,0,51,107,0,158,0,29,99,0,128,0,80,206,0,286,328,0,328,614
10/10/2005,APA,CO,ANM,WE,Towers with Radar,0,46,59,0,105,0,6,0,0,6,0,52,59,0,111,0,0,0,111
10/11/2005,APA,CO,ANM,WE,Towers with Radar,0,87,122,4,213,0,47,104,3,154,0,134,226,7,367,284,14,298,665
10/12/2005,APA,CO,ANM,WE,Towers with Radar,0,104,152,2,258,0,115,323,1,439,0,219,475,3,697,562,0,562,1259
10/13/2005,APA,CO,ANM,WE,Towers with Radar,0,99,130,5,234,0,71,287,2,360,0,170,417,7,594,482,8,490,1084
10/14/2005,APA,CO,ANM,WE,Towers with Radar,0,115,150,4,269,0,58,275,9,342,0,173,425,13,611,416,8,424,1035
10/15/2005,APA,CO,ANM,WE,Towers with Radar,0,41,88,0,129,0,31,285,2,318,0,72,373,2,447,300,0,300,747
10/16/2005,APA,CO,ANM,WE,Towers with Radar,0,62,110,1,173,0,7,269,0,276,0,69,379,1,449,309,3,312,761
10/17/2005,APA,CO,ANM,WE,Towers with Radar,0,73,107,2,182,0,73,268,6,347,0,146,375,8,529,434,0,434,963
10/18/2005,APA,CO,ANM,WE,Towers with Radar,0,105,128,2,235,0,61,302,5,368,0,166,430,7,603,428,0,428,1031
10/19/2005,APA,CO,ANM,WE,Towers with Radar,0,108,154,0,262,0,32,43,0,75,0,140,197,0,337,32,0,32,369
10/20/2005,APA,CO,ANM,WE,Towers with Radar,0,116,185,6,307,0,107,372,2,481,0,223,557,8,788,492,42,534,1322
10/21/2005,APA,CO,ANM,WE,Towers with Radar,0,90,191,5,286,0,45,63,0,108,0,135,254,5,394,296,0,296,690
10/22/2005,APA,CO,ANM,WE,Towers with Radar,0,45,94,2,141,0,53,293,1,347,0,98,387,3,488,564,0,564,1052
10/23/2005,APA,CO,ANM,WE,Towers with Radar,0,60,95,1,156,0,23,174,2,199,0,83,269,3,355,380,0,380,735
10/24/2005,APA,CO,ANM,WE,Towers with Radar,0,73,122,2,197,0,85,219,0,304,0,158,341,2,501,554,0,554,1055
10/25/2005,APA,CO,ANM,WE,Towers with Radar,0,98,119,0,217,0,87,338,0,425,0,185,457,0,642,452,0,452,1094
10/26/2005,APA,CO,ANM,WE,Towers with Radar,0,101,108,0,209,0,53,314,1,368,0,154,422,1,577,626,0,626,1203
10/27/2005,APA,CO,ANM,WE,Towers with Radar,0,98,134,3,235,0,87,265,2,354,0,185,399,5,589,509,12,521,1110
10/28/2005,APA,CO,ANM,WE,Towers with Radar,0,92,137,0,229,0,53,272,0,325,0,145,409,0,554,386,0,386,940
10/29/2005,APA,CO,ANM,WE,Towers with Radar,0,37,96,2,135,0,34,200,0,234,0,71,296,2,369,428,0,428,797
10/30/2005,APA,CO,ANM,WE,Towers with Radar,0,45,79,2,126,0,0,113,4,117,0,45,192,6,243,272,4,276,519
10/31/2005,APA,CO,ANM,WE,Towers with Radar,0,61,84,0,145,0,44,158,0,202,0,105,242,0,347,364,0,364,711
11/01/2005,APA,CO,ANM,WE,Towers with Radar,0,100,131,3,234,0,40,267,0,307,0,140,398,3,541,426,0,426,967
11/02/2005,APA,CO,ANM,WE,Towers with Radar,0,118,132,0,250,0,82,356,0,438,0,200,488,0,688,619,0,619,1307
11/03/2005,APA,CO,ANM,WE,Towers with Radar,0,110,123,0,233,0,55,191,0,246,0,165,314,0,479,44,0,44,523
11/04/2005,APA,CO,ANM,WE,Towers with Radar,0,123,135,3,261,0,36,317,11,364,0,159,452,14,625,526,0,526,1151
11/05/2005,APA,CO,ANM,WE,Towers with Radar,0,44,62,0,106,0,36,99,0,135,0,80,161,0,241,150,0,150,391
11/06/2005,APA,CO,ANM,WE,Towers with Radar,0,62,134,2,198,0,20,223,0,243,0,82,357,2,441,458,0,458,899
11/07/2005,APA,CO,ANM,WE,Towers with Radar,0,70,106,2,178,0,110,279,1,390,0,180,385,3,568,488,0,488,1056
11/08/2005,APA,CO,ANM,WE,Towers with Radar,0,96,141,2,239,0,89,294,0,383,0,185,435,2,622,454,0,454,1076
11/09/2005,APA,CO,ANM,WE,Towers with Radar,0,95,132,11,238,0,87,227,3,317,0,182,359,14,555,524,18,542,1097
11/10/2005,APA,CO,ANM,WE,Towers with Radar,0,106,173,0,279,0,79,316,1,396,0,185,489,1,675,509,8,517,1192
11/11/2005,APA,CO,ANM,WE,Towers with Radar,0,74,121,3,198,0,63,317,2,382,0,137,438,5,580,482,0,482,1062
11/12/2005,APA,CO,ANM,WE,Towers with Radar,0,48,40,1,89,0,36,86,0,122,0,84,126,1,211,158,0,158,369
11/13/2005,APA,CO,ANM,WE,Towers with Radar,0,55,125,3,183,0,24,238,0,262,0,79,363,3,445,516,0,516,961
11/14/2005,APA,CO,ANM,WE,Towers with Radar,0,73,109,5,187,0,38,134,0,172,0,111,243,5,359,142,0,142,501
11/15/2005,APA,CO,ANM,WE,Towers with Radar,0,131,93,1,225,0,58,112,0,170,0,189,205,1,395,96,0,96,491
11/16/2005,APA,CO,ANM,WE,Towers with Radar,0,117,189,6,312,0,121,333,1,455,0,238,522,7,767,647,10,657,1424
11/17/2005,APA,CO,ANM,WE,Towers with Radar,0,122,148,1,271,0,57,117,1,175,0,179,265,2,446,164,0,164,610
11/18/2005,APA,CO,ANM,WE,Towers with Radar,0,102,184,1,287,0,93,344,0,437,0,195,528,1,724,568,0,568,1292
11/19/2005,APA,CO,ANM,WE,Towers with Radar,0,36,90,0,126,0,36,192,0,228,0,72,282,0,354,405,0,405,759
11/20/2005,APA,CO,ANM,WE,Towers with Radar,0,57,136,0,193,0,41,323,0,364,0,98,459,0,557,670,0,670,1227
11/21/2005,APA,CO,ANM,WE,Towers with Radar,0,136,77,0,213,0,36,336,0,372,0,172,413,0,585,496,0,496,1081
11/22/2005,APA,CO,ANM,WE,Towers with Radar,0,119,172,1,292,0,83,367,2,452,0,202,539,3,744,588,6,594,1338
11/23/2005,APA,CO,ANM,WE,Towers with Radar,0,115,182,0,297,0,90,410,0,500,0,205,592,0,797,560,0,560,1357
11/24/2005,APA,CO,ANM,WE,Towers with Radar,0,36,25,0,61,0,23,123,0,146,0,59,148,0,207,174,0,174,381
11/25/2005,APA,CO,ANM,WE,Towers with Radar,0,73,71,0,144,0,48,332,0,380,0,121,403,0,524,506,0,506,1030
11/26/2005,APA,CO,ANM,WE,Towers with Radar,0,64,86,0,150,0,43,269,0,312,0,107,355,0,462,546,0,546,1008
11/27/2005,APA,CO,ANM,WE,Towers with Radar,0,90,126,0,216,0,42,50,0,92,0,132,176,0,308,48,0,48,356
11/28/2005,APA,CO,ANM,WE,Towers with Radar,0,75,125,0,200,0,76,111,0,187,0,151,236,0,387,210,0,210,597
11/29/2005,APA,CO,ANM,WE,Towers with Radar,0,102,129,2,233,0,78,153,2,233,0,180,282,4,466,128,2,130,596
11/30/2005,APA,CO,ANM,WE,Towers with Radar,0,95,101,0,196,0,51,105,0,156,0,146,206,0,352,144,0,144,496
12/01/2005,APA,CO,ANM,WE,Towers with Radar,0,114,150,4,268,0,38,239,0,277,0,152,389,4,545,376,0,376,921
12/02/2005,APA,CO,ANM,WE,Towers with Radar,0,127,118,3,248,0,100,378,0,478,0,227,496,3,726,470,0,470,1196
12/03/2005,APA,CO,ANM,WE,Towers with Radar,0,47,57,0,104,0,9,2,0,11,0,56,59,0,115,18,0,18,133
12/04/2005,APA,CO,ANM,WE,Towers with Radar,0,47,89,0,136,0,13,48,0,61,0,60,137,0,197,26,0,26,223
12/05/2005,APA,CO,ANM,WE,Towers with Radar,0,73,117,0,190,0,32,44,0,76,0,105,161,0,266,36,0,36,302
12/06/2005,APA,CO,ANM,WE,Towers with Radar,0,117,115,0,232,0,18,27,0,45,0,135,142,0,277,22,0,22,299
12/07/2005,APA,CO,ANM,WE,Towers with Radar,0,111,127,0,238,0,32,39,0,71,0,143,166,0,309,24,0,24,333
12/08/2005,APA,CO,ANM,WE,Towers with Radar,0,130,141,0,271,0,43,195,0,238,0,173,336,0,509,280,0,280,789
12/09/2005,APA,CO,ANM,WE,Towers with Radar,0,111,161,2,274,0,61,276,0,337,0,172,437,2,611,440,0,440,1051
12/10/2005,APA,CO,ANM,WE,Towers with Radar,0,58,83,0,141,0,47,306,0,353,0,105,389,0,494,628,0,628,1122
12/11/2005,APA,CO,ANM,WE,Towers with Radar,0,39,112,0,151,0,41,310,0,351,0,80,422,0,502,530,0,530,1032
12/12/2005,APA,CO,ANM,WE,Towers with Radar,0,84,125,1,210,0,38,161,9,208,0,122,286,10,418,196,0,196,614
12/13/2005,APA,CO,ANM,WE,Towers with Radar,0,92,132,1,225,0,57,119,1,177,0,149,251,2,402,254,0,254,656
12/14/2005,APA,CO,ANM,WE,Towers with Radar,0,101,120,0,221,0,67,137,6,210,0,168,257,6,431,218,0,218,649
12/15/2005,APA,CO,ANM,WE,Towers with Radar,0,120,140,2,262,0,50,338,1,389,0,170,478,3,651,630,2,632,1283
12/16/2005,APA,CO,ANM,WE,Towers with Radar,0,97,159,2,258,0,51,200,1,252,0,148,359,3,510,244,0,244,754
12/17/2005,APA,CO,ANM,WE,Towers with Radar,0,54,67,2,123,0,5,0,0,5,0,59,67,2,128,0,0,0,128
12/18/2005,APA,CO,ANM,WE,Towers with Radar,0,63,75,0,138,0,9,4,0,13,0,72,79,0,151,34,0,34,185
12/19/2005,APA,CO,ANM,WE,Towers with Radar,0,94,116,0,210,0,91,172,0,263,0,185,288,0,473,276,0,276,749
12/20/2005,APA,CO,ANM,WE,Towers with Radar,0,147,132,3,282,0,62,355,0,417,0,209,487,3,699,579,0,579,1278
12/21/2005,APA,CO,ANM,WE,Towers with Radar,0,116,175,3,294,0,82,364,2,448,0,198,539,5,742,494,0,494,1236
12/22/2005,APA,CO,ANM,WE,Towers with Radar,0,120,134,0,254,0,51,186,0,237,0,171,320,0,491,376,0,376,867
12/23/2005,APA,CO,ANM,WE,Towers with Radar,0,105,106,0,211,0,52,137,0,189,0,157,243,0,400,121,0,121,521
12/24/2005,APA,CO,ANM,WE,Towers with Radar,0,41,54,0,95,0,19,148,0,167,0,60,202,0,262,200,2,202,464
12/25/2005,APA,CO,ANM,WE,Towers with Radar,0,40,30,0,70,0,2,80,0,82,0,42,110,0,152,29,0,29,181
12/26/2005,APA,CO,ANM,WE,Towers with Radar,0,65,115,0,180,0,69,172,0,241,0,134,287,0,421,448,0,448,869
12/27/2005,APA,CO,ANM,WE,Towers with Radar,0,0,0,0,0,0,132,249,0,381,0,132,249,0,381,140,0,140,521
12/28/2005,APA,CO,ANM,WE,Towers with Radar,0,124,90,4,218,0,72,249,1,322,0,196,339,5,540,288,0,288,828
12/29/2005,APA,CO,ANM,WE,Towers with Radar,0,108,81,5,194,0,29,92,5,126,0,137,173,10,320,86,0,86,406
12/30/2005,APA,CO,ANM,WE,Towers with Radar,0,104,124,2,230,0,62,343,0,405,0,166,467,2,635,613,0,613,1248
12/31/2005,APA,CO,ANM,WE,Towers with Radar,0,68,65,0,133,0,78,251,0,329,0,146,316,0,462,580,0,580,1042
01/01/2006,APA,CO,ANM,WE,Towers with Radar,0,63,72,0,135,0,27,78,0,105,0,90,150,0,240,12,0,12,252
01/02/2006,APA,CO,ANM,WE,Towers with Radar,0,92,148,0,240,0,46,352,1,399,0,138,500,1,639,542,0,542,1181
01/03/2006,APA,CO,ANM,WE,Towers with Radar,0,0,0,0,0,0,154,199,0,353,0,154,199,0,353,112,0,112,465
01/04/2006,APA,CO,ANM,WE,Towers with Radar,0,112,126,2,240,0,70,195,0,265,0,182,321,2,505,294,8,302,807
01/05/2006,APA,CO,ANM,WE,Towers with Radar,0,103,139,1,243,0,47,309,4,360,0,150,448,5,603,480,6,486,1089
01/06/2006,APA,CO,ANM,WE,Towers with Radar,0,82,111,0,193,0,319,25,0,344,0,401,136,0,537,349,0,349,886
01/07/2006,APA,CO,ANM,WE,Towers with Radar,0,52,107,3,162,0,32,293,0,325,0,84,400,3,487,564,0,564,1051
01/08/2006,APA,CO,ANM,WE,Towers with Radar,0,40,65,2,107,0,20,144,0,164,0,60,209,2,271,299,0,299,570
01/09/2006,APA,CO,ANM,WE,Towers with Radar,0,60,114,2,176,0,41,274,2,317,0,101,388,4,493,462,0,462,955
01/10/2006,APA,CO,ANM,WE,Towers with Radar,0,119,146,2,267,0,53,241,2,296,0,172,387,4,563,310,4,314,877
01/11/2006,APA,CO,ANM,WE,Towers with Radar,0,103,156,2,261,0,62,247,0,309,0,165,403,2,570,388,4,392,962
01/12/2006,APA,CO,ANM,WE,Towers with Radar,0,120,137,5,262,0,30,154,1,185,0,150,291,6,447,97,0,97,544
01/13/2006,APA,CO,ANM,WE,Towers with Radar,0,105,165,8,278,0,47,274,1,322,0,152,439,9,600,584,0,584,1184
01/14/2006,APA,CO,ANM,WE,Towers with Radar,0,62,88,2,152,0,59,306,3,368,0,121,394,5,520,582,0,582,1102
01/15/2006,APA,CO,ANM,WE,Towers with Radar,0,42,57,4,103,0,23,150,2,175,0,65,207,6,278,102,0,102,380
01/16/2006,APA,CO,ANM,WE,Towers with Radar,0,82,99,0,181,0,29,74,2,105,0,111,173,2,286,70,0,70,356
01/17/2006,APA,CO,ANM,WE,Towers with Radar,0,97,120,4,221,0,74,216,4,294,0,171,336,8,515,232,26,258,773
01/18/2006,APA,CO,ANM,WE,Towers with Radar,0,115,130,0,245,0,43,142,0,185,0,158,272,0,430,166,0,166,596
01/19/2006,APA,CO,ANM,WE,Towers with Radar,0,130,117,0,247,0,13,16,0,29,0,143,133,0,276,0,0,0,276
01/20/2006,APA,CO,ANM,WE,Towers with Radar,0,154,100,2,256,0,0,217,4,221,0,154,317,6,477,402,14,416,893
01/21/2006,APA,CO,ANM,WE,Towers with Radar,0,69,89,0,158,0,19,362,0,381,0,88,451,0,539,676,0,676,1215
01/22/2006,APA,CO,ANM,WE,Towers with Radar,0,97,89,0,186,0,17,274,0,291,0,114,363,0,477,340,0,340,817
01/23/2006,APA,CO,ANM,WE,Towers with Radar,0,70,142,4,216,0,53,196,0,249,0,123,338,4,465,356,0,356,821
01/24/2006,APA,CO,ANM,WE,Towers with Radar,0,115,157,6,278,0,78,287,8,373,0,193,444,14,651,494,8,502,1153
01/25/2006,APA,CO,ANM,WE,Towers with Radar,0,110,152,0,262,0,67,308,1,376,0,177,460,1,638,394,0,394,1032
01/26/2006,APA,CO,ANM,WE,Towers with Radar,0,120,140,0,260,0,62,124,0,186,0,182,264,0,446,104,0,104,550
01/27/2006,APA,CO,ANM,WE,Towers with Radar,0,96,123,4,223,0,45,325,0,370,0,141,448,4,593,664,0,664,1257
01/28/2006,APA,CO,ANM,WE,Towers with Radar,0,58,89,0,147,0,56,275,1,332,0,114,364,1,479,634,0,634,1113
01/29/2006,APA,CO,ANM,WE,Towers with Radar,0,66,75,0,141,0,25,68,0,93,0,91,143,0,234,150,0,150,384
01/30/2006,APA,CO,ANM,WE,Towers with Radar,0,70,142,3,215,0,81,158,1,240,0,151,300,4,455,378,2,380,835
01/31/2006,APA,CO,ANM,WE,Towers with Radar,0,96,142,4,242,0,60,157,2,219,0,156,299,6,461,208,2,210,671
02/01/2006,APA,CO,ANM,WE,Towers with Radar,0,115,157,11,283,0,56,220,7,283,0,171,377,18,566,470,0,470,1036
02/02/2006,APA,CO,ANM,WE,Towers with Radar,0,104,114,2,220,0,87,188,0,275,0,191,302,2,495,204,0,204,699
02/03/2006,APA,CO,ANM,WE,Towers with Radar,0,93,128,1,222,0,49,157,0,206,0,142,285,1,428,239,0,239,667
02/04/2006,APA,CO,ANM,WE,Towers with Radar,0,57,99,2,158,0,36,374,0,410,0,93,473,2,568,776,2,778,1346
02/05/2006,APA,CO,ANM,WE,Towers with Radar,0,47,72,1,120,0,31,73,0,104,0,78,145,1,224,84,0,84,308
02/06/2006,APA,CO,ANM,WE,Towers with Radar,0,75,150,0,225,0,60,214,2,276,0,135,364,2,501,442,8,450,951
02/07/2006,APA,CO,ANM,WE,Towers with Radar,0,103,113,6,222,0,101,222,1,324,0,204,335,7,546,288,0,288,834
02/08/2006,APA,CO,ANM,WE,Towers with Radar,0,105,129,2,236,0,81,277,1,359,0,186,406,3,595,408,10,418,1013
02/09/2006,APA,CO,ANM,WE,Towers with Radar,0,120,144,0,264,0,60,177,0,237,0,180,321,0,501,181,0,181,682
02/10/2006,APA,CO,ANM,WE,Towers with Radar,0,83,119,5,207,0,52,25,0,77,0,135,144,5,284,78,0,78,362
02/11/2006,APA,CO,ANM,WE,Towers with Radar,0,39,73,3,115,0,70,318,3,391,0,109,391,6,506,618,8,626,1132
02/12/2006,APA,CO,ANM,WE,Towers with Radar,0,49,100,1,150,0,27,337,0,364,0,76,437,1,514,574,0,574,1088
02/13/2006,APA,CO,ANM,WE,Towers with Radar,0,88,106,8,202,0,57,273,1,331,0,145,379,9,533,422,1,423,956
02/14/2006,APA,CO,ANM,WE,Towers with Radar,0,98,91,4,193,0,99,247,9,355,0,197,338,13,548,444,0,444,992
02/15/2006,APA,CO,ANM,WE,Towers with Radar,0,117,146,5,268,0,72,78,1,151,0,189,224,6,419,184,4,188,607
02/16/2006,APA,CO,ANM,WE,Towers with Radar,0,119,123,2,244,0,31,23,2,56,0,150,146,4,300,0,0,0,300
02/17/2006,APA,CO,ANM,WE,Towers with Radar,0,120,140,2,262,0,5,4,0,9,0,125,144,2,271,0,0,0,271
02/18/2006,APA,CO,ANM,WE,Towers with Radar,0,60,60,0,120,0,41,77,4,122,0,101,137,4,242,218,26,244,486
02/19/2006,APA,CO,ANM,WE,Towers with Radar,0,54,58,0,112,0,13,162,0,175,0,67,220,0,287,454,0,454,741
02/20/2006,APA,CO,ANM,WE,Towers with Radar,0,60,133,0,193,0,46,196,2,244,0,106,329,2,437,399,4,403,840
02/21/2006,APA,CO,ANM,WE,Towers with Radar,0,87,142,2,231,0,40,198,6,244,0,127,340,8,475,268,20,288,763
02/22/2006,APA,CO,ANM,WE,Towers with Radar,0,104,166,0,270,0,57,254,8,319,0,161,420,8,589,527,4,531,1120
02/23/2006,APA,CO,ANM,WE,Towers with Radar,0,106,152,2,260,0,61,263,14,338,0,167,415,16,598,424,6,430,1028
02/24/2006,APA,CO,ANM,WE,Towers with Radar,0,89,163,2,254,0,42,320,2,364,0,131,483,4,618,572,0,572,1190
02/25/2006,APA,CO,ANM,WE,Towers with Radar,0,63,77,1,141,0,67,320,0,387,0,130,397,1,528,554,2,556,1084
02/26/2006,APA,CO,ANM,WE,Towers with Radar,0,55,128,0,183,0,31,300,0,331,0,86,428,0,514,736,0,736,1250
02/27/2006,APA,CO,ANM,WE,Towers with Radar,0,74,124,0,198,0,55,239,1,295,0,129,363,1,493,470,0,470,963
02/28/2006,APA,CO,ANM,WE,Towers with Radar,0,110,149,0,259,0,98,233,0,331,0,208,382,0,590,382,0,382,972
03/01/2006,APA,CO,ANM,WE,Towers with Radar,0,120,130,3,253,0,85,264,2,351,0,205,394,5,604,396,0,396,1000
03/02/2006,APA,CO,ANM,WE,Towers with Radar,0,104,155,1,260,0,60,247,1,308,0,164,402,2,568,420,8,428,996
03/03/2006,APA,CO,ANM,WE,Towers with Radar,0,92,110,5,207,0,108,330,2,440,0,200,440,7,647,556,0,556,1203
03/04/2006,APA,CO,ANM,WE,Towers with Radar,0,47,60,6,113,0,27,213,5,245,0,74,273,11,358,203,18,221,579
03/05/2006,APA,CO,ANM,WE,Towers with Radar,0,53,107,2,162,0,24,424,0,448,0,77,531,2,610,694,0,694,1304
03/06/2006,APA,CO,ANM,WE,Towers with Radar,0,70,133,0,203,0,85,253,4,342,0,155,386,4,545,480,0,480,1025
03/07/2006,APA,CO,ANM,WE,Towers with Radar,0,112,153,3,268,0,92,129,1,222,0,204,282,4,490,198,4,202,692
03/08/2006,APA,CO,ANM,WE,Towers with Radar,0,108,148,0,256,0,27,15,0,42,0,135,163,0,298,0,0,0,298
03/09/2006,APA,CO,ANM,WE,Towers with Radar,0,123,160,0,283,0,73,192,0,265,0,196,352,0,548,344,0,344,892
03/10/2006,APA,CO,ANM,WE,Towers with Radar,0,104,136,5,245,0,44,100,0,144,0,148,236,5,389,260,12,272,661
03/11/2006,APA,CO,ANM,WE,Towers with Radar,0,80,107,0,187,0,29,182,0,211,0,109,289,0,398,473,0,473,871
03/12/2006,APA,CO,ANM,WE,Towers with Radar,0,55,77,0,132,0,3,2,0,5,0,58,79,0,137,5,0,5,142
03/13/2006,APA,CO,ANM,WE,Towers with Radar,0,95,107,1,203,0,22,96,0,118,0,117,203,1,321,139,0,139,460
03/14/2006,APA,CO,ANM,WE,Towers with Radar,0,106,145,3,254,0,60,222,1,283,0,166,367,4,537,340,0,340,877
03/15/2006,APA,CO,ANM,WE,Towers with Radar,0,109,127,2,238,0,77,48,1,126,0,186,175,3,364,199,0,199,563
03/16/2006,APA,CO,ANM,WE,Towers with Radar,0,116,166,4,286,0,0,0,0,0,0,116,166,4,286,466,0,466,752
03/17/2006,APA,CO,ANM,WE,Towers with Radar,0,123,158,1,282,0,69,368,2,439,0,192,526,3,721,658,4,662,1383
03/18/2006,APA,CO,ANM,WE,Towers with Radar,0,72,113,0,185,0,42,250,0,292,0,114,363,0,477,752,0,752,1229
03/19/2006,APA,CO,ANM,WE,Towers with Radar,0,51,86,0,137,0,5,0,0,5,0,56,86,0,142,0,0,0,142
03/20/2006,APA,CO,ANM,WE,Towers with Radar,0,48,49,2,99,0,0,7,0,7,0,48,56,2,106,0,0,0,106
03/21/2006,APA,CO,ANM,WE,Towers with Radar,0,111,114,0,225,0,45,121,0,166,0,156,235,0,391,194,0,194,585
03/22/2006,APA,CO,ANM,WE,Towers with Radar,0,113,129,5,247,0,30,38,3,71,0,143,167,8,318,124,4,128,446
03/23/2006,APA,CO,ANM,WE,Towers with Radar,0,89,152,2,243,0,55,244,0,299,0,144,396,2,542,435,0,435,977
03/24/2006,APA,CO,ANM,WE,Towers with Radar,0,94,145,3,242,0,95,397,4,496,0,189,542,7,738,476,0,476,1214
03/25/2006,APA,CO,ANM,WE,Towers with Radar,0,75,114,2,191,0,51,384,1,436,0,126,498,3,627,525,6,531,1158
03/26/2006,APA,CO,ANM,WE,Towers with Radar,0,59,82,0,141,0,17,61,1,79,0,76,143,1,220,50,0,50,270
03/27/2006,APA,CO,ANM,WE,Towers with Radar,0,89,124,12,225,0,100,289,0,389,0,189,413,12,614,514,0,514,1128
03/28/2006,APA,CO,ANM,WE,Towers with Radar,0,110,146,0,256,0,104,274,1,379,0,214,420,1,635,582,0,582,1217
03/29/2006,APA,CO,ANM,WE,Towers with Radar,0,120,139,2,261,0,68,188,0,256,0,188,327,2,517,268,0,268,785
03/30/2006,APA,CO,ANM,WE,Towers with Radar,0,127,112,4,243,0,88,218,0,306,0,215,330,4,549,274,0,274,823
03/31/2006,APA,CO,ANM,WE,Towers with Radar,0,98,140,5,243,0,36,380,6,422,0,134,520,11,665,456,10,466,1131
04/01/2006,APA,CO,ANM,WE,Towers with Radar,0,52,69,0,121,0,19,286,2,307,0,71,355,2,428,510,0,510,938
04/02/2006,APA,CO,ANM,WE,Towers with Radar,0,92,70,0,162,0,19,208,1,228,0,111,278,1,390,100,0,100,490
04/03/2006,APA,CO,ANM,WE,Towers with Radar,0,70,124,2,196,0,63,319,1,383,0,133,443,3,579,440,5,445,1024
04/04/2006,APA,CO,ANM,WE,Towers with Radar,0,100,121,2,223,0,48,347,0,395,0,148,468,2,618,596,6,602,1220
04/05/2006,APA,CO,ANM,WE,Towers with Radar,0,108,111,2,221,0,68,182,1,251,0,176,293,3,472,234,2,236,708
04/06/2006,APA,CO,ANM,WE,Towers with Radar,0,119,100,2,221,0,86,210,0,296,0,205,310,2,517,502,2,504,1021
04/07/2006,APA,CO,ANM,WE,Towers with Radar,0,102,100,0,202,0,38,114,0,152,0,140,214,0,354,290,0,290,644
04/08/2006,APA,CO,ANM,WE,Towers with Radar,0,57,85,0,142,0,42,405,8,455,0,99,490,8,597,968,2,970,1567
04/09/2006,APA,CO,ANM,WE,Towers with Radar,0,54,86,0,140,0,32,321,0,353,0,86,407,0,493,638,0,638,1131
04/10/2006,APA,CO,ANM,WE,Towers with Radar,0,72,85,2,159,0,51,278,0,329,0,123,363,2,488,290,0,290,778
04/11/2006,APA,CO,ANM,WE,Towers with Radar,0,93,137,0,230,0,44,225,1,270,0,137,362,1,500,326,0,326,826
04/12/2006,APA,CO,ANM,WE,Towers with Radar,0,94,149,5,248,0,91,391,10,492,0,185,540,15,740,591,32,623,1363
04/13/2006,APA,CO,ANM,WE,Towers with Radar,0,105,146,3,254,0,72,316,0,388,0,177,462,3,642,430,0,430,1072
04/14/2006,APA,CO,ANM,WE,Towers with Radar,0,81,124,1,206,0,53,262,5,320,0,134,386,6,526,474,0,474,1000
04/15/2006,APA,CO,ANM,WE,Towers with Radar,0,36,30,1,67,0,21,80,0,101,0,57,110,1,168,144,0,144,312
04/16/2006,APA,CO,ANM,WE,Towers with Radar,0,60,62,0,122,0,10,273,0,283,0,70,335,0,405,294,0,294,699
04/17/2006,APA,CO,ANM,WE,Towers with Radar,0,91,61,2,154,0,0,213,8,221,0,91,274,10,375,282,8,290,665
04/18/2006,APA,CO,ANM,WE,Towers with Radar,0,109,125,3,237,0,37,217,4,258,0,146,342,7,495,306,12,318,813
04/19/2006,APA,CO,ANM,WE,Towers with Radar,0,107,187,2,296,0,119,350,6,475,0,226,537,8,771,754,26,780,1551
04/20/2006,APA,CO,ANM,WE,Towers with Radar,0,146,115,9,270,0,77,360,1,438,0,223,475,10,708,716,44,760,1468
04/21/2006,APA,CO,ANM,WE,Towers with Radar,0,88,116,3,207,0,95,357,7,459,0,183,473,10,666,686,8,694,1360
04/22/2006,APA,CO,ANM,WE,Towers with Radar,0,55,66,0,121,0,34,339,0,373,0,89,405,0,494,632,0,632,1126
04/23/2006,APA,CO,ANM,WE,Towers with Radar,0,55,65,1,121,0,30,267,1,298,0,85,332,2,419,324,2,326,745
04/24/2006,APA,CO,ANM,WE,Towers with Radar,0,68,80,0,148,0,22,6,0,28,0,90,86,0,176,0,0,0,176
04/25/2006,APA,CO,ANM,WE,Towers with Radar,0,122,120,4,246,0,44,79,1,124,0,166,199,5,370,297,0,297,667
04/26/2006,APA,CO,ANM,WE,Towers with Radar,0,94,145,2,241,0,79,341,4,424,0,173,486,6,665,598,22,620,1285
04/27/2006,APA,CO,ANM,WE,Towers with Radar,0,105,145,2,252,0,90,277,1,368,0,195,422,3,620,486,2,488,1108
04/28/2006,APA,CO,ANM,WE,Towers with Radar,0,114,104,0,218,0,32,34,0,66,0,146,138,0,284,108,0,108,392
04/29/2006,APA,CO,ANM,WE,Towers with Radar,0,40,75,0,115,0,57,226,0,283,0,97,301,0,398,340,0,340,738
04/30/2006,APA,CO,ANM,WE,Towers with Radar,0,59,112,2,173,0,44,280,2,326,0,103,392,4,499,429,7,436,935
05/01/2006,APA,CO,ANM,WE,Towers with Radar,0,93,103,0,196,0,74,426,0,500,0,167,529,0,696,538,0,538,1234
05/02/2006,APA,CO,ANM,WE,Towers with Radar,0,93,121,0,214,0,74,327,0,401,0,167,448,0,615,438,2,440,1055
05/03/2006,APA,CO,ANM,WE,Towers with Radar,0,98,142,0,240,0,94,243,0,337,0,192,385,0,577,300,0,300,877
05/04/2006,APA,CO,ANM,WE,Towers with Radar,0,170,126,5,301,0,26,97,1,124,0,196,223,6,425,128,0,128,553
05/05/2006,APA,CO,ANM,WE,Towers with Radar,0,100,192,2,294,0,40,17,1,58,0,140,209,3,352,24,0,24,376
05/06/2006,APA,CO,ANM,WE,Towers with Radar,0,47,59,13,119,0,48,299,13,360,0,95,358,26,479,594,24,618,1097
05/07/2006,APA,CO,ANM,WE,Towers with Radar,0,53,108,7,168,0,71,302,6,379,0,124,410,13,547,482,0,482,1029
05/08/2006,APA,CO,ANM,WE,Towers with Radar,0,89,131,1,221,0,49,264,1,314,0,138,395,2,535,474,0,474,1009
05/09/2006,APA,CO,ANM,WE,Towers with Radar,0,106,149,2,257,0,116,303,0,419,0,222,452,2,676,563,0,563,1239
05/10/2006,APA,CO,ANM,WE,Towers with Radar,0,111,181,0,292,0,66,191,0,257,0,177,372,0,549,415,0,415,964
05/11/2006,APA,CO,ANM,WE,Towers with Radar,0,125,156,1,282,0,77,277,0,354,0,202,433,1,636,676,0,676,1312
05/12/2006,APA,CO,ANM,WE,Towers with Radar,0,106,124,14,244,0,80,336,5,421,0,186,460,19,665,604,45,649,1314
05/13/2006,APA,CO,ANM,WE,Towers with Radar,0,47,73,7,127,0,53,373,2,428,0,100,446,9,555,542,4,546,1101
05/14/2006,APA,CO,ANM,WE,Towers with Radar,0,47,87,0,134,0,25,260,1,286,0,72,347,1,420,428,0,428,848
05/15/2006,APA,CO,ANM,WE,Towers with Radar,0,75,122,2,199,0,85,289,3,377,0,160,411,5,576,612,2,614,1190
05/16/2006,APA,CO,ANM,WE,Towers with Radar,0,99,139,3,241,0,72,270,0,342,0,171,409,3,583,670,0,670,1253
05/17/2006,APA,CO,ANM,WE,Towers with Radar,0,118,134,4,256,0,88,346,0,434,0,206,480,4,690,425,0,425,1115
05/18/2006,APA,CO,ANM,WE,Towers with Radar,0,108,137,3,248,0,75,329,0,404,0,183,466,3,652,700,0,700,1352
05/19/2006,APA,CO,ANM,WE,Towers with Radar,0,93,106,3,202,0,100,251,2,353,0,193,357,5,555,524,0,524,1079
05/20/2006,APA,CO,ANM,WE,Towers with Radar,0,45,51,0,96,0,70,356,2,428,0,115,407,2,524,568,0,568,1092
05/21/2006,APA,CO,ANM,WE,Towers with Radar,0,60,92,3,155,0,39,253,0,292,0,99,345,3,447,434,0,434,881
05/22/2006,APA,CO,ANM,WE,Towers with Radar,0,88,150,0,238,0,50,178,0,228,0,138,328,0,466,176,0,176,642
05/23/2006,APA,CO,ANM,WE,Towers with Radar,0,126,138,4,268,0,69,274,0,343,0,195,412,4,611,142,0,142,753
05/24/2006,APA,CO,ANM,WE,Towers with Radar,0,110,149,0,259,0,77,463,0,540,0,187,612,0,799,657,2,659,1458
05/25/2006,APA,CO,ANM,WE,Towers with Radar,0,106,134,4,244,0,90,367,1,458,0,196,501,5,702,469,0,469,1171
05/26/2006,APA,CO,ANM,WE,Towers with Radar,0,105,157,1,263,0,84,299,4,387,0,189,456,5,650,656,20,676,1326
05/27/2006,APA,CO,ANM,WE,Towers with Radar,0,38,68,0,106,0,43,257,0,300,0,81,325,0,406,388,0,388,794
05/28/2006,APA,CO,ANM,WE,Towers with Radar,0,45,70,3,118,0,26,173,4,203,0,71,243,7,321,208,2,210,531
05/29/2006,APA,CO,ANM,WE,Towers with Radar,0,63,84,1,148,0,26,312,0,338,0,89,396,1,486,454,0,454,940
05/30/2006,APA,CO,ANM,WE,Towers with Radar,0,88,139,0,227,0,90,181,5,276,0,178,320,5,503,268,12,280,783
05/31/2006,APA,CO,ANM,WE,Towers with Radar,0,102,115,2,219,0,47,190,4,241,0,149,305,6,460,202,0,202,662
06/01/2006,APA,CO,ANM,WE,Towers with Radar,0,127,120,4,251,0,54,335,0,389,0,181,455,4,640,253,0,253,893
06/02/2006,APA,CO,ANM,WE,Towers with Radar,0,104,126,1,231,0,102,278,1,381,0,206,404,2,612,200,4,204,816
06/03/2006,APA,CO,ANM,WE,Towers with Radar,0,35,58,5,98,0,45,223,1,269,0,80,281,6,367,106,0,106,473
06/04/2006,APA,CO,ANM,WE,Towers with Radar,0,47,99,1,147,0,24,290,0,314,0,71,389,1,461,131,0,131,592
06/05/2006,APA,CO,ANM,WE,Towers with Radar,0,79,115,0,194,0,51,232,0,283,0,130,347,0,477,196,0,196,673
06/06/2006,APA,CO,ANM,WE,Towers with Radar,0,106,154,1,261,0,89,220,0,309,0,195,374,1,570,304,0,304,874
06/07/2006,APA,CO,ANM,WE,Towers with Radar,0,121,140,2,263,0,70,239,0,309,0,191,379,2,572,162,2,164,736
06/08/2006,APA,CO,ANM,WE,Towers with Radar,0,96,166,0,262,0,105,233,0,338,0,201,399,0,600,180,0,180,780
06/09/2006,APA,CO,ANM,WE,Towers with Radar,0,94,95,16,205,0,74,329,6,409,0,168,424,22,614,287,18,305,919
06/10/2006,APA,CO,ANM,WE,Towers with Radar,0,49,76,0,125,0,27,334,0,361,0,76,410,0,486,148,0,148,634
06/11/2006,APA,CO,ANM,WE,Towers with Radar,0,62,107,5,174,0,21,190,2,213,0,83,297,7,387,114,2,116,503
06/12/2006,APA,CO,ANM,WE,Towers with Radar,0,74,94,3,171,0,34,272,2,308,0,108,366,5,479,230,2,232,711
06/13/2006,APA,CO,ANM,WE,Towers with Radar,0,97,128,0,225,0,38,200,4,242,0,135,328,4,467,223,2,225,692
06/14/2006,APA,CO,ANM,WE,Towers with Radar,0,121,153,2,276,0,52,231,0,283,0,173,384,2,559,108,0,108,667
06/15/2006,APA,CO,ANM,WE,Towers with Radar,0,128,185,3,316,0,34,195,0,229,0,162,380,3,545,181,1,182,727
06/16/2006,APA,CO,ANM,WE,Towers with Radar,0,95,123,2,220,0,107,218,1,326,0,202,341,3,546,120,0,120,666
06/17/2006,APA,CO,ANM,WE,Towers with Radar,0,60,60,2,122,0,19,366,5,390,0,79,426,7,512,290,0,290,802
06/18/2006,APA,CO,ANM,WE,Towers with Radar,0,46,91,3,140,0,43,268,0,311,0,89,359,3,451,264,0,264,715
06/19/2006,APA,CO,ANM,WE,Towers with Radar,0,80,111,6,197,0,35,230,6,271,0,115,341,12,468,228,4,232,700
06/20/2006,APA,CO,ANM,WE,Towers with Radar,0,115,100,0,215,0,44,262,0,306,0,159,362,0,521,266,0,266,787
06/21/2006,APA,CO,ANM,WE,Towers with Radar,0,72,162,0,234,0,76,225,0,301,0,148,387,0,535,225,0,225,760
06/22/2006,APA,CO,ANM,WE,Towers with Radar,0,115,131,2,248,0,84,251,0,335,0,199,382,2,583,200,0,200,783
06/23/2006,APA,CO,ANM,WE,Towers with Radar,0,100,112,5,217,0,65,327,0,392,0,165,439,5,609,236,0,236,845
06/24/2006,APA,CO,ANM,WE,Towers with Radar,0,55,96,2,153,0,60,182,2,244,0,115,278,4,397,234,0,234,631
06/25/2006,APA,CO,ANM,WE,Towers with Radar,0,68,118,2,188,0,43,303,5,351,0,111,421,7,539,252,0,252,791
06/26/2006,APA,CO,ANM,WE,Towers with Radar,0,76,156,0,232,0,40,326,2,368,0,116,482,2,600,286,0,286,886
06/27/2006,APA,CO,ANM,WE,Towers with Radar,0,105,132,4,241,0,53,326,3,382,0,158,458,7,623,428,0,428,1051
06/28/2006,APA,CO,ANM,WE,Towers with Radar,0,115,143,2,260,0,44,249,3,296,0,159,392,5,556,233,8,241,797
06/29/2006,APA,CO,ANM,WE,Towers with Radar,0,112,163,2,277,0,90,326,0,416,0,202,489,2,693,302,0,302,995
06/30/2006,APA,CO,ANM,WE,Towers with Radar,0,97,173,7,277,0,114,321,0,435,0,211,494,7,712,212,0,212,924
07/01/2006,APA,CO,ANM,WE,Towers with Radar,0,73,104,2,179,0,82,426,0,508,0,155,530,2,687,272,2,274,961
07/02/2006,APA,CO,ANM,WE,Towers with Radar,0,37,69,1,107,0,24,142,0,166,0,61,211,1,273,230,0,230,503
07/03/2006,APA,CO,ANM,WE,Towers with Radar,0,56,64,0,120,0,53,196,1,250,0,109,260,1,370,356,0,356,726
07/04/2006,APA,CO,ANM,WE,Towers with Radar,0,60,57,0,117,0,16,190,0,206,0,76,247,0,323,256,2,258,581
07/05/2006,APA,CO,ANM,WE,Towers with Radar,0,100,130,1,231,0,57,186,4,247,0,157,316,5,478,369,10,379,857
07/06/2006,APA,CO,ANM,WE,Towers with Radar,0,122,121,2,245,0,89,286,1,376,0,211,407,3,621,410,0,410,1031
07/07/2006,APA,CO,ANM,WE,Towers with Radar,0,95,116,4,215,0,63,285,0,348,0,158,401,4,563,670,0,670,1233
07/08/2006,APA,CO,ANM,WE,Towers with Radar,0,74,136,0,210,0,16,88,0,104,0,90,224,0,314,286,0,286,600
07/09/2006,APA,CO,ANM,WE,Towers with Radar,0,73,136,1,210,0,0,2,0,2,0,73,138,1,212,2,0,2,214
07/10/2006,APA,CO,ANM,WE,Towers with Radar,0,105,133,7,245,0,36,225,0,261,0,141,358,7,506,332,0,332,838
07/11/2006,APA,CO,ANM,WE,Towers with Radar,0,117,157,1,275,0,62,333,1,396,0,179,490,2,671,414,0,414,1085
07/12/2006,APA,CO,ANM,WE,Towers with Radar,0,106,178,7,291,0,74,261,10,345,0,180,439,17,636,428,0,428,1064
07/13/2006,APA,CO,ANM,WE,Towers with Radar,0,121,151,2,274,0,59,297,1,357,0,180,448,3,631,404,20,424,1055
07/14/2006,APA,CO,ANM,WE,Towers with Radar,0,98,122,6,226,0,70,308,9,387,0,168,430,15,613,522,6,528,1141
07/15/2006,APA,CO,ANM,WE,Towers with Radar,0,54,120,6,180,0,33,326,0,359,0,87,446,6,539,520,10,530,1069
07/16/2006,APA,CO,ANM,WE,Towers with Radar,0,68,102,5,175,0,26,210,0,236,0,94,312,5,411,327,0,327,738
07/17/2006,APA,CO,ANM,WE,Towers with Radar,0,83,109,2,194,0,48,227,0,275,0,131,336,2,469,262,0,262,731
07/18/2006,APA,CO,ANM,WE,Towers with Radar,0,103,144,1,248,0,101,240,0,341,0,204,384,1,589,456,4,460,1049
07/19/2006,APA,CO,ANM,WE,Towers with Radar,0,127,151,0,278,0,35,254,0,289,0,162,405,0,567,421,0,421,988
07/20/2006,APA,CO,ANM,WE,Towers with Radar,0,100,143,0,243,0,39,218,0,257,0,139,361,0,500,459,0,459,959
07/21/2006,APA,CO,ANM,WE,Towers with Radar,0,100,112,4,216,0,39,231,0,270,0,139,343,4,486,329,0,329,815
07/22/2006,APA,CO,ANM,WE,Towers with Radar,0,52,89,5,146,0,59,374,6,439,0,111,463,11,585,640,0,640,1225
07/23/2006,APA,CO,ANM,WE,Towers with Radar,0,55,113,6,174,0,29,254,2,285,0,84,367,8,459,592,0,592,1051
07/24/2006,APA,CO,ANM,WE,Towers with Radar,0,78,146,4,228,0,57,283,2,342,0,135,429,6,570,325,0,325,895
07/25/2006,APA,CO,ANM,WE,Towers with Radar,0,119,121,2,242,0,54,258,2,314,0,173,379,4,556,354,0,354,910
07/26/2006,APA,CO,ANM,WE,Towers with Radar,0,115,146,3,264,0,66,288,5,359,0,181,434,8,623,364,4,368,991
07/27/2006,APA,CO,ANM,WE,Towers with Radar,0,170,112,0,282,0,10,375,0,385,0,180,487,0,667,448,24,472,1139
07/28/2006,APA,CO,ANM,WE,Towers with Radar,0,99,143,3,245,0,68,434,1,503,0,167,577,4,748,584,4,588,1336
07/29/2006,APA,CO,ANM,WE,Towers with Radar,0,50,78,2,130,0,31,351,6,388,0,81,429,8,518,408,6,414,932
07/30/2006,APA,CO,ANM,WE,Towers with Radar,0,63,132,4,199,0,40,347,2,389,0,103,479,6,588,338,0,338,926
07/31/2006,APA,CO,ANM,WE,Towers with Radar,0,80,138,1,219,0,33,231,0,264,0,113,369,1,483,311,0,311,794
08/01/2006,APA,CO,ANM,WE,Towers with Radar,0,105,137,3,245,0,108,178,0,286,0,213,315,3,531,451,4,455,986
08/02/2006,APA,CO,ANM,WE,Towers with Radar,0,104,158,3,265,0,70,307,0,377,0,174,465,3,642,490,0,490,1132
08/03/2006,APA,CO,ANM,WE,Towers with Radar,0,121,135,6,262,0,60,272,2,334,0,181,407,8,596,304,0,304,900
08/04/2006,APA,CO,ANM,WE,Towers with Radar,0,119,119,0,238,0,131,369,2,502,0,250,488,2,740,536,0,536,1276
08/05/2006,APA,CO,ANM,WE,Towers with Radar,0,73,79,0,152,0,41,265,0,306,0,114,344,0,458,405,0,405,863
08/06/2006,APA,CO,ANM,WE,Towers with Radar,0,60,96,0,156,0,34,210,0,244,0,94,306,0,400,318,0,318,718
08/07/2006,APA,CO,ANM,WE,Towers with Radar,0,89,154,0,243,0,75,262,3,340,0,164,416,3,583,338,0,338,921
08/08/2006,APA,CO,ANM,WE,Towers with Radar,0,121,177,6,304,0,56,460,3,519,0,177,637,9,823,530,0,530,1353
08/09/2006,APA,CO,ANM,WE,Towers with Radar,0,118,182,0,300,0,54,277,7,338,0,172,459,7,638,536,10,546,1184
08/10/2006,APA,CO,ANM,WE,Towers with Radar,0,111,184,2,297,0,83,357,6,446,0,194,541,8,743,726,2,728,1471
08/11/2006,APA,CO,ANM,WE,Towers with Radar,0,117,146,3,266,0,80,342,0,422,0,197,488,3,688,378,4,382,1070
08/12/2006,APA,CO,ANM,WE,Towers with Radar,0,71,76,1,148,0,56,255,2,313,0,127,331,3,461,400,0,400,861
08/13/2006,APA,CO,ANM,WE,Towers with Radar,0,97,149,5,251,0,19,297,4,320,0,116,446,9,571,476,0,476,1047
08/14/2006,APA,CO,ANM,WE,Towers with Radar,0,99,125,7,231,0,87,248,2,337,0,186,373,9,568,514,0,514,1082
08/15/2006,APA,CO,ANM,WE,Towers with Radar,0,121,180,3,304,0,64,319,3,386,0,185,499,6,690,551,8,559,1249
08/16/2006,APA,CO,ANM,WE,Towers with Radar,0,119,221,5,345,0,46,239,1,286,0,165,460,6,631,479,4,483,1114
08/17/2006,APA,CO,ANM,WE,Towers with Radar,0,134,165,0,299,0,46,297,0,343,0,180,462,0,642,460,0,460,1102
08/18/2006,APA,CO,ANM,WE,Towers with Radar,0,110,165,0,275,0,95,238,0,333,0,205,403,0,608,455,0,455,1063
08/19/2006,APA,CO,ANM,WE,Towers with Radar,0,124,65,1,190,0,0,176,0,176,0,124,241,1,366,274,0,274,640
08/20/2006,APA,CO,ANM,WE,Towers with Radar,0,46,109,2,157,0,31,251,5,287,0,77,360,7,444,467,2,469,913
08/21/2006,APA,CO,ANM,WE,Towers with Radar,0,80,124,0,204,0,60,286,0,346,0,140,410,0,550,416,0,416,966
08/22/2006,APA,CO,ANM,WE,Towers with Radar,0,128,133,0,261,0,57,262,0,319,0,185,395,0,580,488,0,488,1068
08/23/2006,APA,CO,ANM,WE,Towers with Radar,0,101,168,0,269,0,74,288,3,365,0,175,456,3,634,540,12,552,1186
08/24/2006,APA,CO,ANM,WE,Towers with Radar,0,97,139,2,238,0,73,253,0,326,0,170,392,2,564,281,20,301,865
08/25/2006,APA,CO,ANM,WE,Towers with Radar,0,95,155,1,251,0,65,233,0,298,0,160,388,1,549,514,0,514,1063
08/26/2006,APA,CO,ANM,WE,Towers with Radar,0,54,108,0,162,0,53,190,0,243,0,107,298,0,405,428,0,428,833
08/27/2006,APA,CO,ANM,WE,Towers with Radar,0,38,131,1,170,0,75,213,1,289,0,113,344,2,459,400,0,400,859
08/28/2006,APA,CO,ANM,WE,Towers with Radar,0,71,159,5,235,0,57,270,0,327,0,128,429,5,562,554,0,554,1116
08/29/2006,APA,CO,ANM,WE,Towers with Radar,0,102,150,0,252,0,54,313,1,368,0,156,463,1,620,532,0,532,1152
08/30/2006,APA,CO,ANM,WE,Towers with Radar,0,116,155,2,273,0,56,336,0,392,0,172,491,2,665,508,26,534,1199
08/31/2006,APA,CO,ANM,WE,Towers with Radar,0,126,160,2,288,0,55,226,0,281,0,181,386,2,569,486,24,510,1079
09/01/2006,APA,CO,ANM,WE,Towers with Radar,0,103,171,7,281,0,57,230,2,289,0,160,401,9,570,282,0,282,852
09/02/2006,APA,CO,ANM,WE,Towers with Radar,0,54,153,1,208,0,46,77,0,123,0,100,230,1,331,180,0,180,511
09/03/2006,APA,CO,ANM,WE,Towers with Radar,0,42,68,2,112,0,29,262,6,297,0,71,330,8,409,350,6,356,765
09/04/2006,APA,CO,ANM,WE,Towers with Radar,0,67,118,6,191,0,33,293,0,326,0,100,411,6,517,306,0,306,823
09/05/2006,APA,CO,ANM,WE,Towers with Radar,0,84,115,7,206,0,71,287,1,359,0,155,402,8,565,464,0,464,1029
09/06/2006,APA,CO,ANM,WE,Towers with Radar,0,101,143,2,246,0,41,249,4,294,0,142,392,6,540,478,4,482,1022
09/07/2006,APA,CO,ANM,WE,Towers with Radar,0,117,168,5,290,0,56,193,3,252,0,173,361,8,542,302,6,308,850
09/08/2006,APA,CO,ANM,WE,Towers with Radar,0,97,151,3,251,0,99,212,0,311,0,196,363,3,562,370,0,370,932
09/09/2006,APA,CO,ANM,WE,Towers with Radar,0,54,149,2,205,0,53,178,1,232,0,107,327,3,437,378,0,378,815
09/10/2006,APA,CO,ANM,WE,Towers with Radar,0,68,129,2,199,0,54,243,2,299,0,122,372,4,498,422,0,422,920
09/11/2006,APA,CO,ANM,WE,Towers with Radar,0,109,150,5,264,0,34,202,8,244,0,143,352,13,508,302,4,306,814
09/12/2006,APA,CO,ANM,WE,Towers with Radar,0,122,145,7,274,0,78,302,9,389,0,200,447,16,663,486,30,516,1179
09/13/2006,APA,CO,ANM,WE,Towers with Radar,0,136,166,0,302,0,55,330,1,386,0,191,496,1,688,350,4,354,1042
09/14/2006,APA,CO,ANM,WE,Towers with Radar,0,206,128,0,334,0,0,338,1,339,0,206,466,1,673,296,0,296,969
09/15/2006,APA,CO,ANM,WE,Towers with Radar,0,123,178,8,309,0,111,380,2,493,0,234,558,10,802,572,0,572,1374
09/16/2006,APA,CO,ANM,WE,Towers with Radar,0,66,82,2,150,0,27,196,2,225,0,93,278,4,375,270,0,270,645
09/17/2006,APA,CO,ANM,WE,Towers with Radar,0,62,162,6,230,0,47,248,2,297,0,109,410,8,527,448,0,448,975
09/18/2006,APA,CO,ANM,WE,Towers with Radar,0,106,134,3,243,0,67,293,0,360,0,173,427,3,603,400,0,400,1003
09/19/2006,APA,CO,ANM,WE,Towers with Radar,0,100,196,2,298,0,72,285,0,357,0,172,481,2,655,533,0,533,1188
09/20/2006,APA,CO,ANM,WE,Towers with Radar,0,108,193,0,301,0,72,264,0,336,0,180,457,0,637,431,0,431,1068
09/21/2006,APA,CO,ANM,WE,Towers with Radar,0,115,170,0,285,0,38,167,0,205,0,153,337,0,490,322,0,322,812
09/22/2006,APA,CO,ANM,WE,Towers with Radar,0,108,134,1,243,0,86,252,0,338,0,194,386,1,581,532,0,532,1113
09/23/2006,APA,CO,ANM,WE,Towers with Radar,0,51,70,0,121,0,41,157,0,198,0,92,227,0,319,376,0,376,695
09/24/2006,APA,CO,ANM,WE,Towers with Radar,0,51,116,3,170,0,25,314,1,340,0,76,430,4,510,516,0,516,1026
09/25/2006,APA,CO,ANM,WE,Towers with Radar,0,76,133,0,209,0,62,277,0,339,0,138,410,0,548,492,0,492,1040
09/26/2006,APA,CO,ANM,WE,Towers with Radar,0,94,125,4,223,0,70,312,3,385,0,164,437,7,608,544,22,566,1174
09/27/2006,APA,CO,ANM,WE,Towers with Radar,0,103,164,1,268,0,116,275,2,393,0,219,439,3,661,414,0,414,1075
09/28/2006,APA,CO,ANM,WE,Towers with Radar,0,100,150,0,250,0,110,307,2,419,0,210,457,2,669,618,20,638,1307
09/29/2006,APA,CO,ANM,WE,Towers with Radar,0,83,154,2,239,0,86,349,1,436,0,169,503,3,675,674,0,674,1349
09/30/2006,APA,CO,ANM,WE,Towers with Radar,0,39,77,0,116,0,59,421,0,480,0,98,498,0,596,631,0,631,1227
10/01/2006,APA,CO,ANM,WE,Towers with Radar,0,43,90,0,133,0,41,330,0,371,0,84,420,0,504,434,0,434,938
10/02/2006,APA,CO,ANM,WE,Towers with Radar,0,64,103,0,167,0,29,199,1,229,0,93,302,1,396,270,0,270,666
10/03/2006,APA,CO,ANM,WE,Towers with Radar,0,110,140,3,253,0,56,229,1,286,0,166,369,4,539,502,0,502,1041
10/04/2006,APA,CO,ANM,WE,Towers with Radar,0,94,141,0,235,0,35,149,11,195,0,129,290,11,430,308,0,308,738
10/05/2006,APA,CO,ANM,WE,Towers with Radar,0,113,131,11,255,0,94,270,1,365,0,207,401,12,620,566,4,570,1190
10/06/2006,APA,CO,ANM,WE,Towers with Radar,0,84,137,7,228,0,41,283,3,327,0,125,420,10,555,546,18,564,1119
10/07/2006,APA,CO,ANM,WE,Towers with Radar,0,35,58,0,93,0,28,220,1,249,0,63,278,1,342,221,0,221,563
10/08/2006,APA,CO,ANM,WE,Towers with Radar,0,39,100,1,140,0,24,111,0,135,0,63,211,1,275,146,0,146,421
10/09/2006,APA,CO,ANM,WE,Towers with Radar,0,88,147,0,235,0,3,0,0,3,0,91,147,0,238,0,0,0,238
10/10/2006,APA,CO,ANM,WE,Towers with Radar,0,78,142,5,225,0,16,91,1,108,0,94,233,6,333,254,0,254,587
10/11/2006,APA,CO,ANM,WE,Towers with Radar,0,104,168,0,272,0,94,271,0,365,0,198,439,0,637,367,0,367,1004
10/12/2006,APA,CO,ANM,WE,Towers with Radar,0,117,139,5,261,0,65,238,0,303,0,182,377,5,564,484,0,484,1048
10/13/2006,APA,CO,ANM,WE,Towers with Radar,0,115,127,3,245,0,5,421,0,426,0,120,548,3,671,416,0,416,1087
10/14/2006,APA,CO,ANM,WE,Towers with Radar,0,48,83,0,131,0,47,309,6,362,0,95,392,6,493,594,1,595,1088
10/15/2006,APA,CO,ANM,WE,Towers with Radar,0,52,105,0,157,0,11,222,0,233,0,63,327,0,390,453,0,453,843
10/16/2006,APA,CO,ANM,WE,Towers with Radar,0,93,114,7,214,0,24,223,6,253,0,117,337,13,467,574,10,584,1051
10/17/2006,APA,CO,ANM,WE,Towers with Radar,0,120,140,7,267,0,37,40,0,77,0,157,180,7,344,90,0,90,434
10/18/2006,APA,CO,ANM,WE,Towers with Radar,0,142,154,3,299,0,79,162,1,242,0,221,316,4,541,270,0,270,811
10/19/2006,APA,CO,ANM,WE,Towers with Radar,0,122,180,16,318,0,72,230,0,302,0,194,410,16,620,409,0,409,1029
10/20/2006,APA,CO,ANM,WE,Towers with Radar,0,113,146,2,261,0,47,213,4,264,0,160,359,6,525,346,0,346,871
10/21/2006,APA,CO,ANM,WE,Towers with Radar,0,57,55,1,113,0,19,54,2,75,0,76,109,3,188,84,22,106,294
10/22/2006,APA,CO,ANM,WE,Towers with Radar,0,68,117,0,185,0,28,155,0,183,0,96,272,0,368,286,0,286,654
10/23/2006,APA,CO,ANM,WE,Towers with Radar,0,83,121,5,209,0,41,314,5,360,0,124,435,10,569,448,0,448,1017
10/24/2006,APA,CO,ANM,WE,Towers with Radar,0,106,139,8,253,0,74,325,0,399,0,180,464,8,652,454,15,469,1121
10/25/2006,APA,CO,ANM,WE,Towers with Radar,0,100,126,8,234,0,82,220,2,304,0,182,346,10,538,460,0,460,998
10/26/2006,APA,CO,ANM,WE,Towers with Radar,0,94,91,0,185,0,11,19,0,30,0,105,110,0,215,10,0,10,225
10/27/2006,APA,CO,ANM,WE,Towers with Radar,0,97,140,6,243,0,61,195,0,256,0,158,335,6,499,372,1,373,872
10/28/2006,APA,CO,ANM,WE,Towers with Radar,0,54,89,7,150,0,60,345,3,408,0,114,434,10,558,494,18,512,1070
10/29/2006,APA,CO,ANM,WE,Towers with Radar,0,69,111,1,181,0,35,313,1,349,0,104,424,2,530,466,0,466,996
10/30/2006,APA,CO,ANM,WE,Towers with Radar,0,58,106,0,164,0,91,221,0,312,0,149,327,0,476,370,0,370,846
10/31/2006,APA,CO,ANM,WE,Towers with Radar,0,128,94,0,222,0,2,229,1,232,0,130,323,1,454,458,2,460,914
11/01/2006,APA,CO,ANM,WE,Towers with Radar,0,112,168,6,286,0,81,250,1,332,0,193,418,7,618,418,0,418,1036
11/02/2006,APA,CO,ANM,WE,Towers with Radar,0,122,160,1,283,0,82,255,12,349,0,204,415,13,632,381,5,386,1018
11/03/2006,APA,CO,ANM,WE,Towers with Radar,0,92,152,7,251,0,82,304,8,394,0,174,456,15,645,485,2,487,1132
11/04/2006,APA,CO,ANM,WE,Towers with Radar,0,17,67,0,84,0,16,98,13,127,0,33,165,13,211,143,12,155,366
11/05/2006,APA,CO,ANM,WE,Towers with Radar,0,38,108,2,148,0,69,327,0,396,0,107,435,2,544,590,2,592,1136
11/06/2006,APA,CO,ANM,WE,Towers with Radar,0,66,107,2,175,0,56,208,2,266,0,122,315,4,441,328,0,328,769
11/07/2006,APA,CO,ANM,WE,Towers with Radar,0,104,152,3,259,0,32,261,3,296,0,136,413,6,555,389,27,416,971
11/08/2006,APA,CO,ANM,WE,Towers with Radar,0,100,164,6,270,0,111,376,3,490,0,211,540,9,760,564,2,566,1326
11/09/2006,APA,CO,ANM,WE,Towers with Radar,0,99,188,3,290,0,72,216,0,288,0,171,404,3,578,556,0,556,1134
11/10/2006,APA,CO,ANM,WE,Towers with Radar,0,86,107,3,196,0,56,224,0,280,0,142,331,3,476,314,2,316,792
11/11/2006,APA,CO,ANM,WE,Towers with Radar,0,36,69,2,107,0,46,230,5,281,0,82,299,7,388,210,4,214,602
11/12/2006,APA,CO,ANM,WE,Towers with Radar,0,43,94,1,138,0,25,46,0,71,0,68,140,1,209,52,0,52,261
11/13/2006,APA,CO,ANM,WE,Towers with Radar,0,83,117,1,201,0,39,157,4,200,0,122,274,5,401,284,0,284,685
11/14/2006,APA,CO,ANM,WE,Towers with Radar,0,108,113,0,221,0,39,56,0,95,0,147,169,0,316,48,0,48,364
11/15/2006,APA,CO,ANM,WE,Towers with Radar,0,203,102,6,311,0,16,504,11,531,0,219,606,17,842,566,6,572,1414
11/16/2006,APA,CO,ANM,WE,Towers with Radar,0,108,159,3,270,0,97,297,0,394,0,205,456,3,664,410,12,422,1086
11/17/2006,APA,CO,ANM,WE,Towers with Radar,0,90,149,7,246,0,105,324,1,430,0,195,473,8,676,548,12,560,1236
11/18/2006,APA,CO,ANM,WE,Towers with Radar,0,37,76,0,113,0,36,245,2,283,0,73,321,2,396,447,26,473,869
11/19/2006,APA,CO,ANM,WE,Towers with Radar,0,70,109,0,179,0,67,335,0,402,0,137,444,0,581,713,0,713,1294
11/20/2006,APA,CO,ANM,WE,Towers with Radar,0,88,152,1,241,0,20,293,1,314,0,108,445,2,555,407,0,407,962
11/21/2006,APA,CO,ANM,WE,Towers with Radar,0,114,154,0,268,0,92,368,6,466,0,206,522,6,734,534,36,570,1304
11/22/2006,APA,CO,ANM,WE,Towers with Radar,0,104,149,0,253,0,70,365,1,436,0,174,514,1,689,596,0,596,1285
11/23/2006,APA,CO,ANM,WE,Towers with Radar,0,49,36,0,85,0,19,91,0,110,0,68,127,0,195,20,0,20,215
11/24/2006,APA,CO,ANM,WE,Towers with Radar,0,50,33,0,83,0,37,193,1,231,0,87,226,1,314,246,0,246,560
11/25/2006,APA,CO,ANM,WE,Towers with Radar,0,63,96,0,159,0,55,363,2,420,0,118,459,2,579,585,0,585,1164
11/26/2006,APA,CO,ANM,WE,Towers with Radar,0,65,168,0,233,0,47,267,0,314,0,112,435,0,547,430,0,430,977
11/27/2006,APA,CO,ANM,WE,Towers with Radar,0,96,135,4,235,0,53,154,2,209,0,149,289,6,444,169,1,170,614
11/28/2006,APA,CO,ANM,WE,Towers with Radar,0,115,143,5,263,0,31,86,0,117,0,146,229,5,380,70,4,74,454
11/29/2006,APA,CO,ANM,WE,Towers with Radar,0,87,86,0,173,0,9,17,2,28,0,96,103,2,201,0,0,0,201
11/30/2006,APA,CO,ANM,WE,Towers with Radar,0,104,136,0,240,0,56,176,0,232,0,160,312,0,472,256,0,256,728
12/01/2006,APA,CO,ANM,WE,Towers with Radar,0,88,111,11,210,0,51,288,0,339,0,139,399,11,549,400,6,406,955
12/02/2006,APA,CO,ANM,WE,Towers with Radar,0,37,46,4,87,0,24,48,1,73,0,61,94,5,160,40,0,40,200
12/03/2006,APA,CO,ANM,WE,Towers with Radar,0,41,82,0,123,0,24,208,2,234,0,65,290,2,357,262,0,262,619
12/04/2006,APA,CO,ANM,WE,Towers with Radar,0,55,118,1,174,0,94,215,0,309,0,149,333,1,483,508,0,508,991
12/05/2006,APA,CO,ANM,WE,Towers with Radar,0,128,163,4,295,0,42,279,1,322,0,170,442,5,617,492,12,504,1121
12/06/2006,APA,CO,ANM,WE,Towers with Radar,0,114,155,3,272,0,86,221,15,322,0,200,376,18,594,428,52,480,1074
12/07/2006,APA,CO,ANM,WE,Towers with Radar,0,111,146,5,262,0,71,211,0,282,0,182,357,5,544,421,16,437,981
12/08/2006,APA,CO,ANM,WE,Towers with Radar,0,90,129,10,229,0,66,273,2,341,0,156,402,12,570,474,14,488,1058
12/09/2006,APA,CO,ANM,WE,Towers with Radar,0,59,111,1,171,0,51,327,8,386,0,110,438,9,557,546,16,562,1119
12/10/2006,APA,CO,ANM,WE,Towers with Radar,0,34,137,3,174,0,27,348,0,375,0,61,485,3,549,606,0,606,1155
12/11/2006,APA,CO,ANM,WE,Towers with Radar,0,87,146,1,234,0,98,187,1,286,0,185,333,2,520,478,0,478,998
12/12/2006,APA,CO,ANM,WE,Towers with Radar,0,98,126,0,224,0,127,173,13,313,0,225,299,13,537,508,0,508,1045
12/13/2006,APA,CO,ANM,WE,Towers with Radar,0,107,179,4,290,0,123,365,4,492,0,230,544,8,782,466,0,466,1248
12/14/2006,APA,CO,ANM,WE,Towers with Radar,0,123,176,1,300,0,80,182,0,262,0,203,358,1,562,229,0,229,791
12/15/2006,APA,CO,ANM,WE,Towers with Radar,0,132,163,0,295,0,74,317,5,396,0,206,480,5,691,279,0,279,970
12/16/2006,APA,CO,ANM,WE,Towers with Radar,0,66,96,0,162,0,63,244,1,308,0,129,340,1,470,418,0,418,888
12/17/2006,APA,CO,ANM,WE,Towers with Radar,0,50,66,0,116,0,28,113,0,141,0,78,179,0,257,283,0,283,540
12/18/2006,APA,CO,ANM,WE,Towers with Radar,0,88,122,4,214,0,61,250,3,314,0,149,372,7,528,400,6,406,934
12/19/2006,APA,CO,ANM,WE,Towers with Radar,0,132,107,0,239,0,42,253,1,296,0,174,360,1,535,402,2,404,939
12/20/2006,APA,CO,ANM,WE,Towers with Radar,0,34,20,0,54,0,0,0,0,0,0,34,20,0,54,0,0,0,54
12/21/2006,APA,CO,ANM,WE,Towers with Radar,0,28,23,0,51,0,29,2,0,31,0,57,25,0,82,0,0,0,82
12/22/2006,APA,CO,ANM,WE,Towers with Radar,0,215,385,3,603,0,52,96,2,150,0,267,481,5,753,14,0,14,767
12/23/2006,APA,CO,ANM,WE,Towers with Radar,0,92,150,0,242,0,50,102,0,152,0,142,252,0,394,166,0,166,560
12/24/2006,APA,CO,ANM,WE,Towers with Radar,0,53,37,0,90,0,23,29,0,52,0,76,66,0,142,46,0,46,188
12/25/2006,APA,CO,ANM,WE,Towers with Radar,0,33,42,0,75,0,28,39,0,67,0,61,81,0,142,14,0,14,156
12/26/2006,APA,CO,ANM,WE,Towers with Radar,0,120,172,0,292,0,76,247,2,325,0,196,419,2,617,418,0,418,1035
12/27/2006,APA,CO,ANM,WE,Towers with Radar,0,128,144,0,272,0,69,268,1,338,0,197,412,1,610,580,0,580,1190
12/28/2006,APA,CO,ANM,WE,Towers with Radar,0,94,64,0,158,0,22,46,0,68,0,116,110,0,226,18,0,18,244
12/29/2006,APA,CO,ANM,WE,Towers with Radar,0,65,22,0,87,0,1,6,0,7,0,66,28,0,94,0,0,0,94
12/30/2006,APA,CO,ANM,WE,Towers with Radar,0,52,50,0,102,0,10,15,0,25,0,62,65,0,127,0,0,0,127
12/31/2006,APA,CO,ANM,WE,Towers with Radar,0,45,55,0,100,0,24,42,1,67,0,69,97,1,167,106,0,106,273
01/01/2007,APA,CO,ANM,WE,Towers with Radar,0,44,77,0,121,0,44,90,0,134,0,88,167,0,255,123,0,123,378
01/02/2007,APA,CO,ANM,WE,Towers with Radar,0,73,147,0,220,0,135,285,1,421,0,208,432,1,641,590,0,590,1231
01/03/2007,APA,CO,ANM,WE,Towers with Radar,0,89,125,7,221,0,80,260,2,342,0,169,385,9,563,294,0,294,857
01/04/2007,APA,CO,ANM,WE,Towers with Radar,0,99,118,0,217,0,73,165,0,238,0,172,283,0,455,198,0,198,653
01/05/2007,APA,CO,ANM,WE,Towers with Radar,0,75,51,0,126,0,11,9,0,20,0,86,60,0,146,0,0,0,146
01/06/2007,APA,CO,ANM,WE,Towers with Radar,0,45,87,0,132,0,25,178,10,213,0,70,265,10,345,342,0,342,687
01/07/2007,APA,CO,ANM,WE,Towers with Radar,0,51,94,1,146,0,21,220,6,247,0,72,314,7,393,360,0,360,753
01/08/2007,APA,CO,ANM,WE,Towers with Radar,0,56,94,0,150,0,75,110,0,185,0,131,204,0,335,360,0,360,695
01/09/2007,APA,CO,ANM,WE,Towers with Radar,0,137,105,3,245,0,15,244,3,262,0,152,349,6,507,534,2,536,1043
01/10/2007,APA,CO,ANM,WE,Towers with Radar,0,108,185,3,296,0,86,277,0,363,0,194,462,3,659,407,0,407,1066
01/11/2007,APA,CO,ANM,WE,Towers with Radar,0,123,92,2,217,0,2,84,0,86,0,125,176,2,303,36,0,36,339
01/12/2007,APA,CO,ANM,WE,Towers with Radar,0,107,100,0,207,0,17,0,0,17,0,124,100,0,224,0,0,0,224
01/13/2007,APA,CO,ANM,WE,Towers with Radar,0,64,51,0,115,0,32,51,0,83,0,96,102,0,198,128,0,128,326
01/14/2007,APA,CO,ANM,WE,Towers with Radar,0,37,34,0,71,0,0,0,0,0,0,37,34,0,71,0,0,0,71
01/15/2007,APA,CO,ANM,WE,Towers with Radar,0,86,60,1,147,0,0,203,1,204,0,86,263,2,351,252,0,252,603
01/16/2007,APA,CO,ANM,WE,Towers with Radar,0,85,123,2,210,0,119,222,16,357,0,204,345,18,567,398,26,424,991
01/17/2007,APA,CO,ANM,WE,Towers with Radar,0,106,165,0,271,0,70,209,2,281,0,176,374,2,552,306,0,306,858
01/18/2007,APA,CO,ANM,WE,Towers with Radar,0,101,190,0,291,0,52,235,0,287,0,153,425,0,578,301,0,301,879
01/19/2007,APA,CO,ANM,WE,Towers with Radar,0,78,133,3,214,0,69,305,2,376,0,147,438,5,590,588,14,602,1192
01/20/2007,APA,CO,ANM,WE,Towers with Radar,0,40,38,0,78,0,27,41,0,68,0,67,79,0,146,166,0,166,312
01/21/2007,APA,CO,ANM,WE,Towers with Radar,0,35,47,0,82,0,6,2,0,8,0,41,49,0,90,0,0,0,90
01/22/2007,APA,CO,ANM,WE,Towers with Radar,0,77,95,0,172,0,60,95,0,155,0,137,190,0,327,85,0,85,412
01/23/2007,APA,CO,ANM,WE,Towers with Radar,0,44,77,0,121,0,153,369,4,526,0,197,446,4,647,647,0,647,1294
01/24/2007,APA,CO,ANM,WE,Towers with Radar,0,120,156,1,277,0,100,341,6,447,0,220,497,7,724,707,10,717,1441
01/25/2007,APA,CO,ANM,WE,Towers with Radar,0,131,149,2,282,0,63,278,13,354,0,194,427,15,636,543,32,575,1211
01/26/2007,APA,CO,ANM,WE,Towers with Radar,0,101,139,4,244,0,71,369,0,440,0,172,508,4,684,564,0,564,1248
01/27/2007,APA,CO,ANM,WE,Towers with Radar,0,54,29,0,83,0,8,19,0,27,0,62,48,0,110,6,0,6,116
01/28/2007,APA,CO,ANM,WE,Towers with Radar,0,70,106,2,178,0,14,245,0,259,0,84,351,2,437,384,0,384,821
01/29/2007,APA,CO,ANM,WE,Towers with Radar,0,67,118,3,188,0,54,210,2,266,0,121,328,5,454,466,6,472,926
01/30/2007,APA,CO,ANM,WE,Towers with Radar,0,114,118,0,232,0,45,126,3,174,0,159,244,3,406,190,2,192,598
01/31/2007,APA,CO,ANM,WE,Towers with Radar,0,128,87,0,215,0,38,30,0,68,0,166,117,0,283,0,0,0,283
02/01/2007,APA,CO,ANM,WE,Towers with Radar,0,94,119,1,214,0,23,50,0,73,0,117,169,1,287,35,0,35,322
02/02/2007,APA,CO,ANM,WE,Towers with Radar,0,98,99,1,198,0,48,68,1,117,0,146,167,2,315,36,0,36,351
02/03/2007,APA,CO,ANM,WE,Towers with Radar,0,42,59,0,101,0,27,159,3,189,0,69,218,3,290,246,2,248,538
02/04/2007,APA,CO,ANM,WE,Towers with Radar,0,31,67,0,98,0,19,255,5,279,0,50,322,5,377,390,10,400,777
02/05/2007,APA,CO,ANM,WE,Towers with Radar,0,80,144,6,230,0,91,315,0,406,0,171,459,6,636,574,4,578,1214
02/06/2007,APA,CO,ANM,WE,Towers with Radar,0,94,130,2,226,0,71,279,0,350,0,165,409,2,576,444,4,448,1024
02/07/2007,APA,CO,ANM,WE,Towers with Radar,0,105,163,3,271,0,53,280,9,342,0,158,443,12,613,400,50,450,1063
02/08/2007,APA,CO,ANM,WE,Towers with Radar,0,98,163,1,262,0,54,111,5,170,0,152,274,6,432,251,40,291,723
02/09/2007,APA,CO,ANM,WE,Towers with Radar,0,117,109,3,229,0,75,232,0,307,0,192,341,3,536,412,0,412,948
02/10/2007,APA,CO,ANM,WE,Towers with Radar,0,62,92,1,155,0,69,308,0,377,0,131,400,1,532,510,0,510,1042
02/11/2007,APA,CO,ANM,WE,Towers with Radar,0,55,121,8,184,0,21,330,3,354,0,76,451,11,538,514,4,518,1056
02/12/2007,APA,CO,ANM,WE,Towers with Radar,0,76,129,4,209,0,13,141,0,154,0,89,270,4,363,270,0,270,633
02/13/2007,APA,CO,ANM,WE,Towers with Radar,0,97,100,0,197,0,7,5,0,12,0,104,105,0,209,0,0,0,209
02/14/2007,APA,CO,ANM,WE,Towers with Radar,0,122,122,0,244,0,37,7,0,44,0,159,129,0,288,14,0,14,302
02/15/2007,APA,CO,ANM,WE,Towers with Radar,0,136,195,2,333,0,76,152,3,231,0,212,347,5,564,262,6,268,832
02/16/2007,APA,CO,ANM,WE,Towers with Radar,0,115,134,1,250,0,70,102,1,173,0,185,236,2,423,42,0,42,465
02/17/2007,APA,CO,ANM,WE,Towers with Radar,0,64,119,3,186,0,50,278,8,336,0,114,397,11,522,468,6,474,996
02/18/2007,APA,CO,ANM,WE,Towers with Radar,0,50,101,0,151,0,39,274,6,319,0,89,375,6,470,504,0,504,974
02/19/2007,APA,CO,ANM,WE,Towers with Radar,0,83,134,3,220,0,50,226,0,276,0,133,360,3,496,464,0,464,960
02/20/2007,APA,CO,ANM,WE,Towers with Radar,0,98,157,2,257,0,67,247,0,314,0,165,404,2,571,526,0,526,1097
02/21/2007,APA,CO,ANM,WE,Towers with Radar,0,97,177,2,276,0,85,341,1,427,0,182,518,3,703,366,0,366,1069
02/22/2007,APA,CO,ANM,WE,Towers with Radar,0,111,189,6,306,0,76,341,11,428,0,187,530,17,734,474,18,492,1226
02/23/2007,APA,CO,ANM,WE,Towers with Radar,0,96,144,2,242,0,50,185,0,235,0,146,329,2,477,234,0,234,711
02/24/2007,APA,CO,ANM,WE,Towers with Radar,0,55,37,0,92,0,7,23,0,30,0,62,60,0,122,48,0,48,170
02/25/2007,APA,CO,ANM,WE,Towers with Radar,0,59,123,1,183,0,27,244,1,272,0,86,367,2,455,406,0,406,861
02/26/2007,APA,CO,ANM,WE,Towers with Radar,0,99,136,0,235,0,62,284,0,346,0,161,420,0,581,608,0,608,1189
02/27/2007,APA,CO,ANM,WE,Towers with Radar,0,177,115,5,297,0,14,291,9,314,0,191,406,14,611,609,36,645,1256
02/28/2007,APA,CO,ANM,WE,Towers with Radar,0,105,144,0,249,0,14,25,0,39,0,119,169,0,288,0,0,0,288
03/01/2007,APA,CO,ANM,WE,Towers with Radar,0,121,127,1,249,0,50,118,0,168,0,171,245,1,417,52,0,52,469
03/02/2007,APA,CO,ANM,WE,Towers with Radar,0,101,110,0,211,0,46,83,0,129,0,147,193,0,340,81,0,81,421
03/03/2007,APA,CO,ANM,WE,Towers with Radar,0,66,115,5,186,0,40,327,12,379,0,106,442,17,565,457,10,467,1032
03/04/2007,APA,CO,ANM,WE,Towers with Radar,0,45,135,0,180,0,46,295,0,341,0,91,430,0,521,576,0,576,1097
03/05/2007,APA,CO,ANM,WE,Towers with Radar,0,78,121,5,204,0,103,283,0,386,0,181,404,5,590,536,6,542,1132
03/06/2007,APA,CO,ANM,WE,Towers with Radar,0,102,131,0,233,0,51,279,2,332,0,153,410,2,565,270,0,270,835
03/07/2007,APA,CO,ANM,WE,Towers with Radar,0,122,181,2,305,0,96,439,19,554,0,218,620,21,859,638,20,658,1517
03/08/2007,APA,CO,ANM,WE,Towers with Radar,0,122,194,0,316,0,91,227,4,322,0,213,421,4,638,431,6,437,1075
03/09/2007,APA,CO,ANM,WE,Towers with Radar,0,117,184,5,306,0,78,396,6,480,0,195,580,11,786,728,40,768,1554
03/10/2007,APA,CO,ANM,WE,Towers with Radar,0,42,112,0,154,0,41,359,0,400,0,83,471,0,554,546,0,546,1100
03/11/2007,APA,CO,ANM,WE,Towers with Radar,0,52,119,1,172,0,38,352,0,390,0,90,471,1,562,602,0,602,1164
03/12/2007,APA,CO,ANM,WE,Towers with Radar,0,73,159,4,236,0,33,266,0,299,0,106,425,4,535,483,0,483,1018
03/13/2007,APA,CO,ANM,WE,Towers with Radar,0,101,141,7,249,0,64,300,3,367,0,165,441,10,616,440,4,444,1060
03/14/2007,APA,CO,ANM,WE,Towers with Radar,0,113,200,1,314,0,115,308,4,427,0,228,508,5,741,654,0,654,1395
03/15/2007,APA,CO,ANM,WE,Towers with Radar,0,136,156,0,292,0,46,99,0,145,0,182,255,0,437,280,0,280,717
03/16/2007,APA,CO,ANM,WE,Towers with Radar,0,99,134,5,238,0,75,421,1,497,0,174,555,6,735,494,20,514,1249
03/17/2007,APA,CO,ANM,WE,Towers with Radar,0,54,120,1,175,0,39,303,0,342,0,93,423,1,517,566,4,570,1087
03/18/2007,APA,CO,ANM,WE,Towers with Radar,0,39,111,3,153,0,31,273,6,310,0,70,384,9,463,532,0,532,995
03/19/2007,APA,CO,ANM,WE,Towers with Radar,0,71,119,2,192,0,90,227,0,317,0,161,346,2,509,496,0,496,1005
03/20/2007,APA,CO,ANM,WE,Towers with Radar,0,84,167,3,254,0,79,288,2,369,0,163,455,5,623,486,0,486,1109
03/21/2007,APA,CO,ANM,WE,Towers with Radar,0,108,150,9,267,0,49,219,0,268,0,157,369,9,535,442,0,442,977
03/22/2007,APA,CO,ANM,WE,Towers with Radar,0,118,158,0,276,0,70,158,0,228,0,188,316,0,504,354,0,354,858
03/23/2007,APA,CO,ANM,WE,Towers with Radar,0,100,128,2,230,0,76,201,4,281,0,176,329,6,511,383,0,383,894
03/24/2007,APA,CO,ANM,WE,Towers with Radar,0,63,82,1,146,0,11,9,0,20,0,74,91,1,166,6,0,6,172
03/25/2007,APA,CO,ANM,WE,Towers with Radar,0,59,84,2,145,0,45,265,3,313,0,104,349,5,458,546,0,546,1004
03/26/2007,APA,CO,ANM,WE,Towers with Radar,0,58,100,5,163,0,41,223,2,266,0,99,323,7,429,380,3,383,812
03/27/2007,APA,CO,ANM,WE,Towers with Radar,0,85,92,0,177,0,66,148,0,214,0,151,240,0,391,224,0,224,615
03/28/2007,APA,CO,ANM,WE,Towers with Radar,0,122,113,0,235,0,62,158,0,220,0,184,271,0,455,20,1,21,476
03/29/2007,APA,CO,ANM,WE,Towers with Radar,0,110,84,0,194,0,2,4,0,6,0,112,88,0,200,0,0,0,200
03/30/2007,APA,CO,ANM,WE,Towers with Radar,0,96,87,16,199,0,80,202,2,284,0,176,289,18,483,512,13,525,1008
03/31/2007,APA,CO,ANM,WE,Towers with Radar,0,39,86,3,128,0,32,165,0,197,0,71,251,3,325,296,0,296,621
04/01/2007,APA,CO,ANM,WE,Towers with Radar,0,117,438,12,567,0,0,0,0,0,0,117,438,12,567,664,4,668,1235
04/02/2007,APA,CO,ANM,WE,Towers with Radar,0,78,147,3,228,0,64,243,0,307,0,142,390,3,535,334,0,334,869
04/03/2007,APA,CO,ANM,WE,Towers with Radar,0,120,137,2,259,0,70,279,1,350,0,190,416,3,609,458,10,468,1077
04/04/2007,APA,CO,ANM,WE,Towers with Radar,0,133,113,0,246,0,68,281,0,349,0,201,394,0,595,785,4,789,1384
04/05/2007,APA,CO,ANM,WE,Towers with Radar,0,98,130,0,228,0,110,166,7,283,0,208,296,7,511,514,46,560,1071
04/06/2007,APA,CO,ANM,WE,Towers with Radar,0,100,91,0,191,0,0,0,0,0,0,100,91,0,191,0,0,0,191
04/07/2007,APA,CO,ANM,WE,Towers with Radar,0,31,32,0,63,0,4,8,0,12,0,35,40,0,75,4,0,4,79
04/08/2007,APA,CO,ANM,WE,Towers with Radar,0,45,58,0,103,0,5,2,0,7,0,50,60,0,110,22,0,22,132
04/09/2007,APA,CO,ANM,WE,Towers with Radar,0,77,167,1,245,0,86,326,1,413,0,163,493,2,658,640,2,642,1300
04/10/2007,APA,CO,ANM,WE,Towers with Radar,0,108,118,3,229,0,44,89,2,135,0,152,207,5,364,155,0,155,519
04/11/2007,APA,CO,ANM,WE,Towers with Radar,0,139,139,3,281,0,38,211,0,249,0,177,350,3,530,286,0,286,816
04/12/2007,APA,CO,ANM,WE,Towers with Radar,0,119,143,1,263,0,29,125,1,155,0,148,268,2,418,138,0,138,556
04/13/2007,APA,CO,ANM,WE,Towers with Radar,0,90,75,0,165,0,53,81,0,134,0,143,156,0,299,0,0,0,299
04/14/2007,APA,CO,ANM,WE,Towers with Radar,0,34,120,1,155,0,93,513,1,607,0,127,633,2,762,988,0,988,1750
04/15/2007,APA,CO,ANM,WE,Towers with Radar,0,42,92,2,136,0,51,308,0,359,0,93,400,2,495,524,2,526,1021
04/16/2007,APA,CO,ANM,WE,Towers with Radar,0,90,134,2,226,0,67,224,1,292,0,157,358,3,518,368,0,368,886
04/17/2007,APA,CO,ANM,WE,Towers with Radar,0,110,158,4,272,0,31,94,2,127,0,141,252,6,399,264,8,272,671
04/18/2007,APA,CO,ANM,WE,Towers with Radar,0,123,148,0,271,0,60,284,13,357,0,183,432,13,628,416,4,420,1048
04/19/2007,APA,CO,ANM,WE,Towers with Radar,0,125,149,0,274,0,77,206,1,284,0,202,355,1,558,384,0,384,942
04/20/2007,APA,CO,ANM,WE,Towers with Radar,0,107,131,1,239,0,149,597,1,747,0,256,728,2,986,644,0,644,1630
04/21/2007,APA,CO,ANM,WE,Towers with Radar,0,38,73,2,113,0,119,361,1,481,0,157,434,3,594,694,0,694,1288
04/22/2007,APA,CO,ANM,WE,Towers with Radar,0,34,123,2,159,0,65,339,4,408,0,99,462,6,567,680,4,684,1251
04/23/2007,APA,CO,ANM,WE,Towers with Radar,0,62,144,5,211,0,92,304,0,396,0,154,448,5,607,506,4,510,1117
04/24/2007,APA,CO,ANM,WE,Towers with Radar,0,95,79,0,174,0,0,6,0,6,0,95,85,0,180,0,0,0,180
04/25/2007,APA,CO,ANM,WE,Towers with Radar,0,99,177,2,278,0,100,160,0,260,0,199,337,2,538,355,0,355,893
04/26/2007,APA,CO,ANM,WE,Towers with Radar,0,109,156,4,269,0,84,235,11,330,0,193,391,15,599,572,4,576,1175
04/27/2007,APA,CO,ANM,WE,Towers with Radar,0,99,135,3,237,0,125,390,0,515,0,224,525,3,752,819,18,837,1589
04/28/2007,APA,CO,ANM,WE,Towers with Radar,0,35,79,1,115,0,91,532,18,641,0,126,611,19,756,724,4,728,1484
04/29/2007,APA,CO,ANM,WE,Towers with Radar,0,39,120,1,160,0,109,379,1,489,0,148,499,2,649,888,6,894,1543
04/30/2007,APA,CO,ANM,WE,Towers with Radar,0,80,148,2,230,0,76,217,1,294,0,156,365,3,524,368,0,368,892
05/01/2007,APA,CO,ANM,WE,Towers with Radar,0,93,150,0,243,0,104,186,0,290,0,197,336,0,533,506,0,506,1039
05/02/2007,APA,CO,ANM,WE,Towers with Radar,0,107,146,2,255,0,40,122,2,164,0,147,268,4,419,180,0,180,599
05/03/2007,APA,CO,ANM,WE,Towers with Radar,0,175,110,0,285,0,57,213,0,270,0,232,323,0,555,596,0,596,1151
05/04/2007,APA,CO,ANM,WE,Towers with Radar,0,99,139,0,238,0,91,233,0,324,0,190,372,0,562,582,0,582,1144
05/05/2007,APA,CO,ANM,WE,Towers with Radar,0,40,83,3,126,0,97,155,2,254,0,137,238,5,380,440,12,452,832
05/06/2007,APA,CO,ANM,WE,Towers with Radar,0,57,83,3,143,0,68,265,4,337,0,125,348,7,480,522,0,522,1002
05/07/2007,APA,CO,ANM,WE,Towers with Radar,0,81,119,2,202,0,66,187,454,707,0,147,306,456,909,512,0,512,1421
05/08/2007,APA,CO,ANM,WE,Towers with Radar,0,127,153,0,280,0,61,324,0,385,0,188,477,0,665,469,0,469,1134
05/09/2007,APA,CO,ANM,WE,Towers with Radar,0,111,191,2,304,0,59,282,2,343,0,170,473,4,647,639,0,639,1286
05/10/2007,APA,CO,ANM,WE,Towers with Radar,0,114,134,4,252,0,76,351,7,434,0,190,485,11,686,684,0,684,1370
05/11/2007,APA,CO,ANM,WE,Towers with Radar,0,92,144,12,248,0,115,489,1,605,0,207,633,13,853,658,0,658,1511
05/12/2007,APA,CO,ANM,WE,Towers with Radar,0,59,74,9,142,0,56,316,14,386,0,115,390,23,528,620,0,620,1148
05/13/2007,APA,CO,ANM,WE,Towers with Radar,0,43,74,1,118,0,31,196,0,227,0,74,270,1,345,308,0,308,653
05/14/2007,APA,CO,ANM,WE,Towers with Radar,0,91,132,3,226,0,60,212,4,276,0,151,344,7,502,598,0,598,1100
05/15/2007,APA,CO,ANM,WE,Towers with Radar,0,94,188,4,286,0,85,131,0,216,0,179,319,4,502,354,0,354,856
05/16/2007,APA,CO,ANM,WE,Towers with Radar,0,98,181,0,279,0,50,337,1,388,0,148,518,1,667,456,1,457,1124
05/17/2007,APA,CO,ANM,WE,Towers with Radar,0,108,144,0,252,0,78,307,1,386,0,186,451,1,638,605,7,612,1250
05/18/2007,APA,CO,ANM,WE,Towers with Radar,0,84,124,32,240,0,124,321,1,446,0,208,445,33,686,740,20,760,1446
05/19/2007,APA,CO,ANM,WE,Towers with Radar,0,95,58,13,166,0,28,348,7,383,0,123,406,20,549,554,4,558,1107
05/20/2007,APA,CO,ANM,WE,Towers with Radar,0,56,112,7,175,0,53,314,0,367,0,109,426,7,542,762,2,764,1306
05/21/2007,APA,CO,ANM,WE,Towers with Radar,0,72,134,2,208,0,121,268,3,392,0,193,402,5,600,602,20,622,1222
05/22/2007,APA,CO,ANM,WE,Towers with Radar,0,115,122,0,237,0,67,141,0,208,0,182,263,0,445,276,0,276,721
05/23/2007,APA,CO,ANM,WE,Towers with Radar,0,119,147,5,271,0,39,178,6,223,0,158,325,11,494,419,11,430,924
05/24/2007,APA,CO,ANM,WE,Towers with Radar,0,112,178,5,295,0,100,298,1,399,0,212,476,6,694,564,0,564,1258
05/25/2007,APA,CO,ANM,WE,Towers with Radar,0,68,158,2,228,0,106,394,9,509,0,174,552,11,737,764,4,768,1505
05/26/2007,APA,CO,ANM,WE,Towers with Radar,0,32,65,0,97,0,38,285,3,326,0,70,350,3,423,457,0,457,880
05/27/2007,APA,CO,ANM,WE,Towers with Radar,0,44,60,2,106,0,59,198,0,257,0,103,258,2,363,436,0,436,799
05/28/2007,APA,CO,ANM,WE,Towers with Radar,0,60,79,2,141,0,28,243,0,271,0,88,322,2,412,392,2,394,806
05/29/2007,APA,CO,ANM,WE,Towers with Radar,0,95,139,5,239,0,120,206,1,327,0,215,345,6,566,366,0,366,932
05/30/2007,APA,CO,ANM,WE,Towers with Radar,0,127,181,0,308,0,79,363,1,443,0,206,544,1,751,532,0,532,1283
05/31/2007,APA,CO,ANM,WE,Towers with Radar,0,145,103,4,252,0,46,385,1,432,0,191,488,5,684,669,0,669,1353
06/01/2007,APA,CO,ANM,WE,Towers with Radar,0,104,138,0,242,0,63,392,0,455,0,167,530,0,697,759,0,759,1456
06/02/2007,APA,CO,ANM,WE,Towers with Radar,0,37,67,0,104,0,53,302,2,357,0,90,369,2,461,600,0,600,1061
06/03/2007,APA,CO,ANM,WE,Towers with Radar,0,47,96,2,145,0,68,220,17,305,0,115,316,19,450,524,0,524,974
06/04/2007,APA,CO,ANM,WE,Towers with Radar,0,86,105,10,201,0,43,287,9,339,0,129,392,19,540,556,10,566,1106
06/05/2007,APA,CO,ANM,WE,Towers with Radar,0,105,181,2,288,0,44,223,0,267,0,149,404,2,555,477,0,477,1032
06/06/2007,APA,CO,ANM,WE,Towers with Radar,0,108,152,0,260,0,32,104,0,136,0,140,256,0,396,291,0,291,687
06/07/2007,APA,CO,ANM,WE,Towers with Radar,0,140,92,1,233,0,0,186,0,186,0,140,278,1,419,100,0,100,519
06/08/2007,APA,CO,ANM,WE,Towers with Radar,0,94,151,2,247,0,77,353,1,431,0,171,504,3,678,662,16,678,1356
06/09/2007,APA,CO,ANM,WE,Towers with Radar,0,51,100,0,151,0,57,419,5,481,0,108,519,5,632,582,2,584,1216
06/10/2007,APA,CO,ANM,WE,Towers with Radar,0,46,98,5,149,0,5,366,1,372,0,51,464,6,521,440,4,444,965
06/11/2007,APA,CO,ANM,WE,Towers with Radar,0,95,128,4,227,0,55,274,0,329,0,150,402,4,556,388,0,388,944
06/12/2007,APA,CO,ANM,WE,Towers with Radar,0,118,142,1,261,0,23,71,6,100,0,141,213,7,361,172,20,192,553
06/13/2007,APA,CO,ANM,WE,Towers with Radar,0,111,170,1,282,0,42,210,3,255,0,153,380,4,537,252,10,262,799
06/14/2007,APA,CO,ANM,WE,Towers with Radar,0,105,169,5,279,0,65,385,0,450,0,170,554,5,729,744,0,744,1473
06/15/2007,APA,CO,ANM,WE,Towers with Radar,0,95,155,7,257,0,119,363,7,489,0,214,518,14,746,766,14,780,1526
06/16/2007,APA,CO,ANM,WE,Towers with Radar,0,41,62,1,104,0,67,351,4,422,0,108,413,5,526,602,4,606,1132
06/17/2007,APA,CO,ANM,WE,Towers with Radar,0,69,73,0,142,0,40,274,0,314,0,109,347,0,456,482,0,482,938
06/18/2007,APA,CO,ANM,WE,Towers with Radar,0,91,104,3,198,0,102,294,0,396,0,193,398,3,594,690,10,700,1294
06/19/2007,APA,CO,ANM,WE,Towers with Radar,0,110,187,5,302,0,56,337,5,398,0,166,524,10,700,548,2,550,1250
06/20/2007,APA,CO,ANM,WE,Towers with Radar,0,185,103,5,293,0,30,469,9,508,0,215,572,14,801,508,6,514,1315
06/21/2007,APA,CO,ANM,WE,Towers with Radar,0,95,204,3,302,0,69,265,0,334,0,164,469,3,636,454,0,454,1090
06/22/2007,APA,CO,ANM,WE,Towers with Radar,0,94,134,8,236,0,49,272,3,324,0,143,406,11,560,484,15,499,1059
06/23/2007,APA,CO,ANM,WE,Towers with Radar,0,53,64,2,119,0,23,366,0,389,0,76,430,2,508,434,0,434,942
06/24/2007,APA,CO,ANM,WE,Towers with Radar,0,58,103,0,161,0,34,265,5,304,0,92,368,5,465,462,0,462,927
06/25/2007,APA,CO,ANM,WE,Towers with Radar,0,80,150,6,236,0,59,225,1,285,0,139,375,7,521,384,0,384,905
06/26/2007,APA,CO,ANM,WE,Towers with Radar,0,111,188,1,300,0,102,186,0,288,0,213,374,1,588,526,3,529,1117
06/27/2007,APA,CO,ANM,WE,Towers with Radar,0,108,219,1,328,0,41,151,4,196,0,149,370,5,524,311,0,311,835
06/28/2007,APA,CO,ANM,WE,Towers with Radar,0,110,187,4,301,0,35,333,8,376,0,145,520,12,677,550,2,552,1229
06/29/2007,APA,CO,ANM,WE,Towers with Radar,0,101,140,8,249,0,76,479,8,563,0,177,619,16,812,604,32,636,1448
06/30/2007,APA,CO,ANM,WE,Towers with Radar,0,50,83,1,134,0,34,306,5,345,0,84,389,6,479,544,38,582,1061
07/01/2007,APA,CO,ANM,WE,Towers with Radar,0,59,99,6,164,0,48,303,2,353,0,107,402,8,517,592,0,592,1109
07/02/2007,APA,CO,ANM,WE,Towers with Radar,0,88,121,5,214,0,42,214,1,257,0,130,335,6,471,398,4,402,873
07/03/2007,APA,CO,ANM,WE,Towers with Radar,0,131,111,5,247,0,0,279,5,284,0,131,390,10,531,402,2,404,935
07/04/2007,APA,CO,ANM,WE,Towers with Radar,0,69,37,0,106,0,37,273,15,325,0,106,310,15,431,354,4,358,789
07/05/2007,APA,CO,ANM,WE,Towers with Radar,0,88,119,2,209,0,27,236,5,268,0,115,355,7,477,447,20,467,944
07/06/2007,APA,CO,ANM,WE,Towers with Radar,0,89,87,1,177,0,50,287,0,337,0,139,374,1,514,676,10,686,1200
07/07/2007,APA,CO,ANM,WE,Towers with Radar,0,60,88,4,152,0,77,277,4,358,0,137,365,8,510,608,8,616,1126
07/08/2007,APA,CO,ANM,WE,Towers with Radar,0,48,102,0,150,0,32,332,6,370,0,80,434,6,520,494,0,494,1014
07/09/2007,APA,CO,ANM,WE,Towers with Radar,0,79,152,0,231,0,70,234,0,304,0,149,386,0,535,570,0,570,1105
07/10/2007,APA,CO,ANM,WE,Towers with Radar,0,109,161,1,271,0,29,116,0,145,0,138,277,1,416,176,2,178,594
07/11/2007,APA,CO,ANM,WE,Towers with Radar,0,89,186,0,275,0,84,278,2,364,0,173,464,2,639,619,0,619,1258
07/12/2007,APA,CO,ANM,WE,Towers with Radar,0,107,151,0,258,0,63,263,0,326,0,170,414,0,584,304,0,304,888
07/13/2007,APA,CO,ANM,WE,Towers with Radar,0,87,132,5,224,0,104,295,1,400,0,191,427,6,624,620,2,622,1246
07/14/2007,APA,CO,ANM,WE,Towers with Radar,0,58,73,1,132,0,59,313,1,373,0,117,386,2,505,572,0,572,1077
07/15/2007,APA,CO,ANM,WE,Towers with Radar,0,54,132,1,187,0,42,278,0,320,0,96,410,1,507,546,0,546,1053
07/16/2007,APA,CO,ANM,WE,Towers with Radar,0,80,129,3,212,0,60,256,1,317,0,140,385,4,529,332,0,332,861
07/17/2007,APA,CO,ANM,WE,Towers with Radar,0,106,187,3,296,0,39,208,0,247,0,145,395,3,543,504,0,504,1047
07/18/2007,APA,CO,ANM,WE,Towers with Radar,0,127,203,4,334,0,82,271,3,356,0,209,474,7,690,421,0,421,1111
07/19/2007,APA,CO,ANM,WE,Towers with Radar,0,133,209,3,345,0,42,205,2,249,0,175,414,5,594,296,0,296,890
07/20/2007,APA,CO,ANM,WE,Towers with Radar,0,115,120,1,236,0,66,413,0,479,0,181,533,1,715,624,0,624,1339
07/21/2007,APA,CO,ANM,WE,Towers with Radar,0,41,83,1,125,0,51,329,0,380,0,92,412,1,505,544,0,544,1049
07/22/2007,APA,CO,ANM,WE,Towers with Radar,0,60,124,4,188,0,47,277,0,324,0,107,401,4,512,582,2,584,1096
07/23/2007,APA,CO,ANM,WE,Towers with Radar,0,86,137,3,226,0,63,272,0,335,0,149,409,3,561,396,2,398,959
07/24/2007,APA,CO,ANM,WE,Towers with Radar,0,121,160,7,288,0,62,301,1,364,0,183,461,8,652,583,0,583,1235
07/25/2007,APA,CO,ANM,WE,Towers with Radar,0,120,133,0,253,0,56,298,4,358,0,176,431,4,611,377,0,377,988
07/26/2007,APA,CO,ANM,WE,Towers with Radar,0,95,146,1,242,0,31,237,5,273,0,126,383,6,515,565,32,597,1112
07/27/2007,APA,CO,ANM,WE,Towers with Radar,0,115,179,4,298,0,40,198,0,238,0,155,377,4,536,110,0,110,646
07/28/2007,APA,CO,ANM,WE,Towers with Radar,0,49,101,0,150,0,49,288,0,337,0,98,389,0,487,402,7,409,896
07/29/2007,APA,CO,ANM,WE,Towers with Radar,0,61,131,3,195,0,67,321,0,388,0,128,452,3,583,248,0,248,831
07/30/2007,APA,CO,ANM,WE,Towers with Radar,0,85,103,2,190,0,57,277,1,335,0,142,380,3,525,222,2,224,749
07/31/2007,APA,CO,ANM,WE,Towers with Radar,0,126,155,3,284,0,67,290,1,358,0,193,445,4,642,174,0,174,816
08/01/2007,APA,CO,ANM,WE,Towers with Radar,0,145,171,0,316,0,33,299,0,332,0,178,470,0,648,154,0,154,802
08/02/2007,APA,CO,ANM,WE,Towers with Radar,0,142,98,0,240,0,0,287,4,291,0,142,385,4,531,214,0,214,745
08/03/2007,APA,CO,ANM,WE,Towers with Radar,0,103,140,10,253,0,93,312,2,407,0,196,452,12,660,198,4,202,862
08/04/2007,APA,CO,ANM,WE,Towers with Radar,0,75,87,6,168,0,56,268,0,324,0,131,355,6,492,218,0,218,710
08/05/2007,APA,CO,ANM,WE,Towers with Radar,0,52,105,1,158,0,27,218,1,246,0,79,323,2,404,171,0,171,575
08/06/2007,APA,CO,ANM,WE,Towers with Radar,0,80,127,2,209,0,63,209,0,272,0,143,336,2,481,258,0,258,739
08/07/2007,APA,CO,ANM,WE,Towers with Radar,0,110,150,0,260,0,35,241,2,278,0,145,391,2,538,188,4,192,730
08/08/2007,APA,CO,ANM,WE,Towers with Radar,0,123,174,0,297,0,69,365,1,435,0,192,539,1,732,212,0,212,944
08/09/2007,APA,CO,ANM,WE,Towers with Radar,0,98,189,3,290,0,67,325,10,402,0,165,514,13,692,268,21,289,981
08/10/2007,APA,CO,ANM,WE,Towers with Radar,0,95,157,21,273,0,51,293,26,370,0,146,450,47,643,158,2,160,803
08/11/2007,APA,CO,ANM,WE,Towers with Radar,0,58,88,8,154,0,35,324,2,361,0,93,412,10,515,318,2,320,835
08/12/2007,APA,CO,ANM,WE,Towers with Radar,0,59,127,11,197,0,58,365,5,428,0,117,492,16,625,304,4,308,933
08/13/2007,APA,CO,ANM,WE,Towers with Radar,0,67,148,1,216,0,37,222,3,262,0,104,370,4,478,180,4,184,662
08/14/2007,APA,CO,ANM,WE,Towers with Radar,0,121,149,0,270,0,34,222,0,256,0,155,371,0,526,142,0,142,668
08/15/2007,APA,CO,ANM,WE,Towers with Radar,0,127,160,2,289,0,63,222,2,287,0,190,382,4,576,174,6,180,756
08/16/2007,APA,CO,ANM,WE,Towers with Radar,0,118,176,4,298,0,126,314,1,441,0,244,490,5,739,330,0,330,1069
08/17/2007,APA,CO,ANM,WE,Towers with Radar,0,107,145,8,260,0,82,296,11,389,0,189,441,19,649,226,6,232,881
08/18/2007,APA,CO,ANM,WE,Towers with Radar,0,45,54,9,108,0,44,337,2,383,0,89,391,11,491,148,0,148,639
08/19/2007,APA,CO,ANM,WE,Towers with Radar,0,62,127,0,189,0,42,277,7,326,0,104,404,7,515,168,0,168,683
08/20/2007,APA,CO,ANM,WE,Towers with Radar,0,68,165,2,235,0,122,246,1,369,0,190,411,3,604,382,0,382,986
08/21/2007,APA,CO,ANM,WE,Towers with Radar,0,122,163,4,289,0,71,287,6,364,0,193,450,10,653,272,0,272,925
08/22/2007,APA,CO,ANM,WE,Towers with Radar,0,115,160,2,277,0,55,185,0,240,0,170,345,2,517,183,0,183,700
08/23/2007,APA,CO,ANM,WE,Towers with Radar,0,116,176,6,298,0,74,245,8,327,0,190,421,14,625,236,0,236,861
08/24/2007,APA,CO,ANM,WE,Towers with Radar,0,182,7,0,189,0,0,643,6,649,0,182,650,6,838,308,8,316,1154
08/25/2007,APA,CO,ANM,WE,Towers with Radar,0,52,84,4,140,0,77,489,5,571,0,129,573,9,711,318,4,322,1033
08/26/2007,APA,CO,ANM,WE,Towers with Radar,0,55,105,6,166,0,35,330,0,365,0,90,435,6,531,232,2,234,765
08/27/2007,APA,CO,ANM,WE,Towers with Radar,0,74,145,0,219,0,76,160,2,238,0,150,305,2,457,168,0,168,625
08/28/2007,APA,CO,ANM,WE,Towers with Radar,0,107,196,4,307,0,78,253,2,333,0,185,449,6,640,282,6,288,928
08/29/2007,APA,CO,ANM,WE,Towers with Radar,0,110,190,0,300,0,51,189,0,240,0,161,379,0,540,299,0,299,839
08/30/2007,APA,CO,ANM,WE,Towers with Radar,0,105,159,1,265,0,62,287,1,350,0,167,446,2,615,378,0,378,993
08/31/2007,APA,CO,ANM,WE,Towers with Radar,0,93,137,1,231,0,83,428,3,514,0,176,565,4,745,216,0,216,961
09/01/2007,APA,CO,ANM,WE,Towers with Radar,0,40,58,2,100,0,58,282,0,340,0,98,340,2,440,382,0,382,822
09/02/2007,APA,CO,ANM,WE,Towers with Radar,0,31,50,4,85,0,33,208,0,241,0,64,258,4,326,212,2,214,540
09/03/2007,APA,CO,ANM,WE,Towers with Radar,0,55,102,1,158,0,46,260,0,306,0,101,362,1,464,258,2,260,724
09/04/2007,APA,CO,ANM,WE,Towers with Radar,0,95,150,6,251,0,49,252,4,305,0,144,402,10,556,366,4,370,926
09/05/2007,APA,CO,ANM,WE,Towers with Radar,0,117,177,2,296,0,45,220,0,265,0,162,397,2,561,131,0,131,692
09/06/2007,APA,CO,ANM,WE,Towers with Radar,0,109,147,0,256,0,48,234,2,284,0,157,381,2,540,688,0,688,1228
09/07/2007,APA,CO,ANM,WE,Towers with Radar,0,95,197,2,294,0,86,340,12,438,0,181,537,14,732,445,4,449,1181
09/08/2007,APA,CO,ANM,WE,Towers with Radar,0,43,81,3,127,0,51,398,5,454,0,94,479,8,581,615,2,617,1198
09/09/2007,APA,CO,ANM,WE,Towers with Radar,0,44,155,4,203,0,68,147,2,217,0,112,302,6,420,474,4,478,898
09/10/2007,APA,CO,ANM,WE,Towers with Radar,0,85,147,0,232,0,13,47,1,61,0,98,194,1,293,174,0,174,467
09/11/2007,APA,CO,ANM,WE,Towers with Radar,0,126,117,7,250,0,61,402,3,466,0,187,519,10,716,576,10,586,1302
09/12/2007,APA,CO,ANM,WE,Towers with Radar,0,116,189,6,311,0,96,413,3,512,0,212,602,9,823,704,4,708,1531
09/13/2007,APA,CO,ANM,WE,Towers with Radar,0,112,188,4,304,0,68,357,1,426,0,180,545,5,730,460,0,460,1190
09/14/2007,APA,CO,ANM,WE,Towers with Radar,0,100,138,5,243,0,62,325,0,387,0,162,463,5,630,500,0,500,1130
09/15/2007,APA,CO,ANM,WE,Towers with Radar,0,40,103,1,144,0,73,378,5,456,0,113,481,6,600,520,0,520,1120
09/16/2007,APA,CO,ANM,WE,Towers with Radar,0,68,130,1,199,0,64,354,3,421,0,132,484,4,620,482,0,482,1102
09/17/2007,APA,CO,ANM,WE,Towers with Radar,0,102,152,2,256,0,66,158,0,224,0,168,310,2,480,408,0,408,888
09/18/2007,APA,CO,ANM,WE,Towers with Radar,0,114,187,11,312,0,67,337,0,404,0,181,524,11,716,650,0,650,1366
09/19/2007,APA,CO,ANM,WE,Towers with Radar,0,115,200,0,315,0,50,311,2,363,0,165,511,2,678,522,0,522,1200
09/20/2007,APA,CO,ANM,WE,Towers with Radar,0,100,168,2,270,0,56,315,0,371,0,156,483,2,641,400,0,400,1041
09/21/2007,APA,CO,ANM,WE,Towers with Radar,0,93,149,8,250,0,40,435,3,478,0,133,584,11,728,362,0,362,1090
09/22/2007,APA,CO,ANM,WE,Towers with Radar,0,29,80,3,112,0,54,399,2,455,0,83,479,5,567,580,0,580,1147
09/23/2007,APA,CO,ANM,WE,Towers with Radar,0,62,129,6,197,0,45,253,0,298,0,107,382,6,495,514,2,516,1011
09/24/2007,APA,CO,ANM,WE,Towers with Radar,0,79,161,3,243,0,38,54,1,93,0,117,215,4,336,72,0,72,408
09/25/2007,APA,CO,ANM,WE,Towers with Radar,0,113,169,2,284,0,63,284,4,351,0,176,453,6,635,532,4,536,1171
09/26/2007,APA,CO,ANM,WE,Towers with Radar,0,110,178,7,295,0,55,431,3,489,0,165,609,10,784,707,34,741,1525
09/27/2007,APA,CO,ANM,WE,Towers with Radar,0,99,195,0,294,0,61,387,3,451,0,160,582,3,745,586,2,588,1333
09/28/2007,APA,CO,ANM,WE,Towers with Radar,0,88,140,2,230,0,67,383,6,456,0,155,523,8,686,578,6,584,1270
09/29/2007,APA,CO,ANM,WE,Towers with Radar,0,49,63,0,112,0,43,132,0,175,0,92,195,0,287,160,0,160,447
09/30/2007,APA,CO,ANM,WE,Towers with Radar,0,67,116,0,183,0,64,387,2,453,0,131,503,2,636,660,0,660,1296
10/01/2007,APA,CO,ANM,WE,Towers with Radar,0,85,149,5,239,0,61,231,0,292,0,146,380,5,531,491,10,501,1032
10/02/2007,APA,CO,ANM,WE,Towers with Radar,0,141,149,8,298,0,47,363,1,411,0,188,512,9,709,671,0,671,1380
10/03/2007,APA,CO,ANM,WE,Towers with Radar,0,107,185,2,294,0,78,424,1,503,0,185,609,3,797,579,0,579,1376
10/04/2007,APA,CO,ANM,WE,Towers with Radar,0,113,136,10,259,0,48,312,6,366,0,161,448,16,625,376,8,384,1009
10/05/2007,APA,CO,ANM,WE,Towers with Radar,0,116,143,7,266,0,52,274,0,326,0,168,417,7,592,244,8,252,844
10/06/2007,APA,CO,ANM,WE,Towers with Radar,0,36,60,5,101,0,80,239,4,323,0,116,299,9,424,204,0,204,628
10/07/2007,APA,CO,ANM,WE,Towers with Radar,0,46,125,1,172,0,38,228,6,272,0,84,353,7,444,429,10,439,883
10/08/2007,APA,CO,ANM,WE,Towers with Radar,0,82,137,2,221,0,71,268,0,339,0,153,405,2,560,452,6,458,1018
10/09/2007,APA,CO,ANM,WE,Towers with Radar,0,78,181,5,264,0,83,419,10,512,0,161,600,15,776,755,0,755,1531
10/10/2007,APA,CO,ANM,WE,Towers with Radar,0,111,151,0,262,0,91,289,0,380,0,202,440,0,642,448,0,448,1090
10/11/2007,APA,CO,ANM,WE,Towers with Radar,0,109,195,6,310,0,96,416,3,515,0,205,611,9,825,362,14,376,1201
10/12/2007,APA,CO,ANM,WE,Towers with Radar,0,122,136,13,271,0,70,451,5,526,0,192,587,18,797,628,20,648,1445
10/13/2007,APA,CO,ANM,WE,Towers with Radar,0,59,96,1,156,0,18,84,0,102,0,77,180,1,258,130,0,130,388
10/14/2007,APA,CO,ANM,WE,Towers with Radar,0,65,77,16,158,0,0,4,0,4,0,65,81,16,162,22,0,22,184
10/15/2007,APA,CO,ANM,WE,Towers with Radar,0,89,138,4,231,0,27,267,5,299,0,116,405,9,530,521,0,521,1051
10/16/2007,APA,CO,ANM,WE,Towers with Radar,0,118,155,0,273,0,85,372,8,465,0,203,527,8,738,632,24,656,1394
10/17/2007,APA,CO,ANM,WE,Towers with Radar,0,108,169,9,286,0,83,298,15,396,0,191,467,24,682,562,42,604,1286
10/18/2007,APA,CO,ANM,WE,Towers with Radar,0,136,135,2,273,0,49,289,3,341,0,185,424,5,614,312,10,322,936
10/19/2007,APA,CO,ANM,WE,Towers with Radar,0,92,175,7,274,0,81,329,0,410,0,173,504,7,684,432,0,432,1116
10/20/2007,APA,CO,ANM,WE,Towers with Radar,0,46,76,3,125,0,35,201,3,239,0,81,277,6,364,254,3,257,621
10/21/2007,APA,CO,ANM,WE,Towers with Radar,0,51,76,0,127,0,21,7,0,28,0,72,83,0,155,0,0,0,155
10/22/2007,APA,CO,ANM,WE,Towers with Radar,0,86,113,2,201,0,18,185,0,203,0,104,298,2,404,278,0,278,682
10/23/2007,APA,CO,ANM,WE,Towers with Radar,0,118,166,4,288,0,55,365,2,422,0,173,531,6,710,526,0,526,1236
10/24/2007,APA,CO,ANM,WE,Towers with Radar,0,113,145,3,261,0,91,457,2,550,0,204,602,5,811,528,6,534,1345
10/25/2007,APA,CO,ANM,WE,Towers with Radar,0,91,165,4,260,0,89,362,1,452,0,180,527,5,712,582,8,590,1302
10/26/2007,APA,CO,ANM,WE,Towers with Radar,0,100,130,5,235,0,58,331,3,392,0,158,461,8,627,584,8,592,1219
10/27/2007,APA,CO,ANM,WE,Towers with Radar,0,58,91,8,157,0,45,200,4,249,0,103,291,12,406,602,10,612,1018
10/28/2007,APA,CO,ANM,WE,Towers with Radar,0,71,122,4,197,0,52,241,4,297,0,123,363,8,494,492,9,501,995
10/29/2007,APA,CO,ANM,WE,Towers with Radar,0,97,163,3,263,0,75,345,0,420,0,172,508,3,683,440,2,442,1125
10/30/2007,APA,CO,ANM,WE,Towers with Radar,0,133,190,3,326,0,64,340,3,407,0,197,530,6,733,548,2,550,1283
10/31/2007,APA,CO,ANM,WE,Towers with Radar,0,92,145,2,239,0,96,203,7,306,0,188,348,9,545,429,0,429,974
11/01/2007,APA,CO,ANM,WE,Towers with Radar,0,114,172,1,287,0,68,375,1,444,0,182,547,2,731,716,4,720,1451
11/02/2007,APA,CO,ANM,WE,Towers with Radar,0,85,155,8,248,0,65,352,2,419,0,150,507,10,667,464,2,466,1133
11/03/2007,APA,CO,ANM,WE,Towers with Radar,0,44,59,3,106,0,55,335,2,392,0,99,394,5,498,396,0,396,894
11/04/2007,APA,CO,ANM,WE,Towers with Radar,0,56,98,3,157,0,25,221,0,246,0,81,319,3,403,428,0,428,831
11/05/2007,APA,CO,ANM,WE,Towers with Radar,0,84,131,5,220,0,72,305,0,377,0,156,436,5,597,312,2,314,911
11/06/2007,APA,CO,ANM,WE,Towers with Radar,0,104,139,1,244,0,69,368,7,444,0,173,507,8,688,464,4,468,1156
11/07/2007,APA,CO,ANM,WE,Towers with Radar,0,99,156,1,256,0,91,330,4,425,0,190,486,5,681,523,32,555,1236
11/08/2007,APA,CO,ANM,WE,Towers with Radar,0,92,159,6,257,0,97,383,4,484,0,189,542,10,741,459,2,461,1202
11/09/2007,APA,CO,ANM,WE,Towers with Radar,0,78,161,5,244,0,92,351,10,453,0,170,512,15,697,527,2,529,1226
11/10/2007,APA,CO,ANM,WE,Towers with Radar,0,38,89,6,133,0,61,367,6,434,0,99,456,12,567,594,0,594,1161
11/11/2007,APA,CO,ANM,WE,Towers with Radar,0,34,87,0,121,0,47,292,0,339,0,81,379,0,460,536,0,536,996
11/12/2007,APA,CO,ANM,WE,Towers with Radar,0,62,147,2,211,0,64,159,2,225,0,126,306,4,436,220,2,222,658
11/13/2007,APA,CO,ANM,WE,Towers with Radar,0,104,151,8,263,0,56,265,6,327,0,160,416,14,590,340,0,340,930
11/14/2007,APA,CO,ANM,WE,Towers with Radar,0,142,104,5,251,0,32,356,21,409,0,174,460,26,660,464,42,506,1166
11/15/2007,APA,CO,ANM,WE,Towers with Radar,0,97,194,1,292,0,55,308,1,364,0,152,502,2,656,569,0,569,1225
11/16/2007,APA,CO,ANM,WE,Towers with Radar,0,91,166,8,265,0,58,391,0,449,0,149,557,8,714,722,4,726,1440
11/17/2007,APA,CO,ANM,WE,Towers with Radar,0,47,99,1,147,0,54,306,0,360,0,101,405,1,507,551,0,551,1058
11/18/2007,APA,CO,ANM,WE,Towers with Radar,0,49,96,2,147,0,18,273,2,293,0,67,369,4,440,423,6,429,869
11/19/2007,APA,CO,ANM,WE,Towers with Radar,0,92,120,2,214,0,32,324,4,360,0,124,444,6,574,402,3,405,979
11/20/2007,APA,CO,ANM,WE,Towers with Radar,0,129,183,3,315,0,50,135,1,186,0,179,318,4,501,273,0,273,774
11/21/2007,APA,CO,ANM,WE,Towers with Radar,0,105,112,3,220,0,32,63,1,96,0,137,175,4,316,158,0,158,474
11/22/2007,APA,CO,ANM,WE,Towers with Radar,0,86,43,0,129,0,0,14,0,14,0,86,57,0,143,22,0,22,165
11/23/2007,APA,CO,ANM,WE,Towers with Radar,0,63,38,0,101,0,10,3,0,13,0,73,41,0,114,0,0,0,114
11/24/2007,APA,CO,ANM,WE,Towers with Radar,0,51,83,0,134,0,33,253,2,288,0,84,336,2,422,290,0,290,712
11/25/2007,APA,CO,ANM,WE,Towers with Radar,0,54,191,0,245,0,77,355,4,436,0,131,546,4,681,486,0,486,1167
11/26/2007,APA,CO,ANM,WE,Towers with Radar,0,61,128,6,195,0,57,250,0,307,0,118,378,6,502,518,0,518,1020
11/27/2007,APA,CO,ANM,WE,Towers with Radar,0,111,153,0,264,0,49,243,3,295,0,160,396,3,559,328,0,328,887
11/28/2007,APA,CO,ANM,WE,Towers with Radar,0,120,133,4,257,0,92,141,0,233,0,212,274,4,490,108,20,128,618
11/29/2007,APA,CO,ANM,WE,Towers with Radar,0,105,142,2,249,0,46,249,0,295,0,151,391,2,544,506,0,506,1050
11/30/2007,APA,CO,ANM,WE,Towers with Radar,0,85,124,2,211,0,92,285,1,378,0,177,409,3,589,560,0,560,1149
12/01/2007,APA,CO,ANM,WE,Towers with Radar,0,39,51,0,90,0,23,110,0,133,0,62,161,0,223,286,0,286,509
12/02/2007,APA,CO,ANM,WE,Towers with Radar,0,54,99,4,157,0,7,197,1,205,0,61,296,5,362,496,10,506,868
12/03/2007,APA,CO,ANM,WE,Towers with Radar,0,77,96,0,173,0,59,274,0,333,0,136,370,0,506,356,0,356,862
12/04/2007,APA,CO,ANM,WE,Towers with Radar,0,99,152,0,251,0,66,181,0,247,0,165,333,0,498,187,0,187,685
12/05/2007,APA,CO,ANM,WE,Towers with Radar,0,91,168,9,268,0,95,362,0,457,0,186,530,9,725,632,2,634,1359
12/06/2007,APA,CO,ANM,WE,Towers with Radar,0,103,159,0,262,0,76,333,3,412,0,179,492,3,674,562,0,562,1236
12/07/2007,APA,CO,ANM,WE,Towers with Radar,0,80,71,0,151,0,0,62,0,62,0,80,133,0,213,2,0,2,215
12/08/2007,APA,CO,ANM,WE,Towers with Radar,0,32,34,0,66,0,0,0,0,0,0,32,34,0,66,0,0,0,66
12/09/2007,APA,CO,ANM,WE,Towers with Radar,0,57,89,0,146,0,19,24,0,43,0,76,113,0,189,28,0,28,217
12/10/2007,APA,CO,ANM,WE,Towers with Radar,0,74,143,7,224,0,42,162,2,206,0,116,305,9,430,356,2,358,788
12/11/2007,APA,CO,ANM,WE,Towers with Radar,0,79,95,1,175,0,0,7,0,7,0,79,102,1,182,4,0,4,186
12/12/2007,APA,CO,ANM,WE,Towers with Radar,0,115,185,2,302,0,75,234,6,315,0,190,419,8,617,433,4,437,1054
12/13/2007,APA,CO,ANM,WE,Towers with Radar,0,100,170,13,283,0,48,177,5,230,0,148,347,18,513,204,14,218,731
12/14/2007,APA,CO,ANM,WE,Towers with Radar,0,87,98,5,190,0,5,9,0,14,0,92,107,5,204,0,0,0,204
12/15/2007,APA,CO,ANM,WE,Towers with Radar,0,39,106,1,146,0,53,171,0,224,0,92,277,1,370,478,0,478,848
12/16/2007,APA,CO,ANM,WE,Towers with Radar,0,53,84,1,138,0,24,243,1,268,0,77,327,2,406,408,0,408,814
12/17/2007,APA,CO,ANM,WE,Towers with Radar,0,72,118,5,195,0,50,255,1,306,0,122,373,6,501,484,0,484,985
12/18/2007,APA,CO,ANM,WE,Towers with Radar,0,143,98,0,241,0,0,447,9,456,0,143,545,9,697,530,14,544,1241
12/19/2007,APA,CO,ANM,WE,Towers with Radar,0,129,182,2,313,0,58,336,3,397,0,187,518,5,710,592,0,592,1302
12/20/2007,APA,CO,ANM,WE,Towers with Radar,0,108,171,15,294,0,70,332,5,407,0,178,503,20,701,700,4,704,1405
12/21/2007,APA,CO,ANM,WE,Towers with Radar,0,124,121,1,246,0,26,93,0,119,0,150,214,1,365,156,0,156,521
12/22/2007,APA,CO,ANM,WE,Towers with Radar,0,86,99,0,185,0,63,209,1,273,0,149,308,1,458,354,0,354,812
12/23/2007,APA,CO,ANM,WE,Towers with Radar,0,53,81,0,134,0,29,159,0,188,0,82,240,0,322,240,0,240,562
12/24/2007,APA,CO,ANM,WE,Towers with Radar,0,67,39,0,106,0,40,130,0,170,0,107,169,0,276,294,0,294,570
12/25/2007,APA,CO,ANM,WE,Towers with Radar,0,14,16,0,30,0,46,0,0,46,0,60,16,0,76,0,0,0,76
12/26/2007,APA,CO,ANM,WE,Towers with Radar,0,143,11,0,154,0,0,337,3,340,0,143,348,3,494,150,11,161,655
12/27/2007,APA,CO,ANM,WE,Towers with Radar,0,107,86,0,193,0,6,1,0,7,0,113,87,0,200,0,0,0,200
12/28/2007,APA,CO,ANM,WE,Towers with Radar,0,106,111,0,217,0,29,209,0,238,0,135,320,0,455,110,0,110,565
12/29/2007,APA,CO,ANM,WE,Towers with Radar,0,62,92,0,154,0,15,140,0,155,0,77,232,0,309,144,0,144,453
12/30/2007,APA,CO,ANM,WE,Towers with Radar,0,72,67,0,139,0,34,108,0,142,0,106,175,0,281,232,0,232,513
12/31/2007,APA,CO,ANM,WE,Towers with Radar,0,82,59,0,141,0,25,86,0,111,0,107,145,0,252,64,0,64,316
01/01/2008,APA,CO,ANM,WE,Towers with Radar,0,77,72,0,149,0,29,135,0,164,0,106,207,0,313,146,0,146,459
01/02/2008,APA,CO,ANM,WE,Towers with Radar,0,85,112,1,198,0,65,225,0,290,0,150,337,1,488,383,2,385,873
01/03/2008,APA,CO,ANM,WE,Towers with Radar,0,114,153,0,267,0,55,280,0,335,0,169,433,0,602,368,0,368,970
01/04/2008,APA,CO,ANM,WE,Towers with Radar,0,92,111,0,203,0,88,223,0,311,0,180,334,0,514,546,0,546,1060
01/05/2008,APA,CO,ANM,WE,Towers with Radar,0,84,81,0,165,0,28,83,2,113,0,112,164,2,278,78,0,78,356
01/06/2008,APA,CO,ANM,WE,Towers with Radar,0,83,107,0,190,0,33,210,2,245,0,116,317,2,435,553,0,553,988
01/07/2008,APA,CO,ANM,WE,Towers with Radar,0,78,116,0,194,0,26,118,0,144,0,104,234,0,338,172,0,172,510
01/08/2008,APA,CO,ANM,WE,Towers with Radar,0,105,140,0,245,0,37,273,0,310,0,142,413,0,555,343,0,343,898
01/09/2008,APA,CO,ANM,WE,Towers with Radar,0,106,105,0,211,0,25,158,2,185,0,131,263,2,396,156,0,156,552
01/10/2008,APA,CO,ANM,WE,Towers with Radar,0,134,3,0,137,0,40,413,9,462,0,174,416,9,599,407,10,417,1016
01/11/2008,APA,CO,ANM,WE,Towers with Radar,0,67,117,3,187,0,49,229,3,281,0,116,346,6,468,466,16,482,950
01/12/2008,APA,CO,ANM,WE,Towers with Radar,0,43,86,0,129,0,38,288,1,327,0,81,374,1,456,358,0,358,814
01/13/2008,APA,CO,ANM,WE,Towers with Radar,0,33,73,2,108,0,15,293,1,309,0,48,366,3,417,384,0,384,801
01/14/2008,APA,CO,ANM,WE,Towers with Radar,0,51,135,2,188,0,68,359,0,427,0,119,494,2,615,562,0,562,1177
01/15/2008,APA,CO,ANM,WE,Towers with Radar,0,116,163,0,279,0,67,337,0,404,0,183,500,0,683,480,0,480,1163
01/16/2008,APA,CO,ANM,WE,Towers with Radar,0,118,128,2,248,0,43,119,1,163,0,161,247,3,411,142,0,142,553
01/17/2008,APA,CO,ANM,WE,Towers with Radar,0,117,155,0,272,0,40,203,4,247,0,157,358,4,519,298,2,300,819
01/18/2008,APA,CO,ANM,WE,Towers with Radar,0,96,149,4,249,0,55,255,1,311,0,151,404,5,560,352,14,366,926
01/19/2008,APA,CO,ANM,WE,Towers with Radar,0,38,94,3,135,0,87,295,0,382,0,125,389,3,517,460,2,462,979
01/20/2008,APA,CO,ANM,WE,Towers with Radar,0,46,81,2,129,0,22,195,3,220,0,68,276,5,349,408,0,408,757
01/21/2008,APA,CO,ANM,WE,Towers with Radar,0,83,75,0,158,0,0,40,0,40,0,83,115,0,198,6,0,6,204
01/22/2008,APA,CO,ANM,WE,Towers with Radar,0,94,145,4,243,0,43,286,0,329,0,137,431,4,572,284,0,284,856
01/23/2008,APA,CO,ANM,WE,Towers with Radar,0,108,161,2,271,0,62,273,4,339,0,170,434,6,610,316,0,316,926
01/24/2008,APA,CO,ANM,WE,Towers with Radar,0,94,124,1,219,0,68,279,0,347,0,162,403,1,566,396,0,396,962
01/25/2008,APA,CO,ANM,WE,Towers with Radar,0,86,124,4,214,0,55,284,2,341,0,141,408,6,555,332,2,334,889
01/26/2008,APA,CO,ANM,WE,Towers with Radar,0,31,95,1,127,0,54,352,1,407,0,85,447,2,534,394,6,400,934
01/27/2008,APA,CO,ANM,WE,Towers with Radar,0,37,90,1,128,0,17,170,0,187,0,54,260,1,315,153,0,153,468
01/28/2008,APA,CO,ANM,WE,Towers with Radar,0,80,86,0,166,0,35,92,0,127,0,115,178,0,293,12,0,12,305
01/29/2008,APA,CO,ANM,WE,Towers with Radar,0,107,109,0,216,0,59,173,0,232,0,166,282,0,448,228,4,232,680
01/30/2008,APA,CO,ANM,WE,Towers with Radar,0,100,130,0,230,0,53,241,0,294,0,153,371,0,524,484,0,484,1008
01/31/2008,APA,CO,ANM,WE,Towers with Radar,0,99,127,0,226,0,40,155,3,198,0,139,282,3,424,114,8,122,546
02/01/2008,APA,CO,ANM,WE,Towers with Radar,0,82,145,0,227,0,45,315,1,361,0,127,460,1,588,574,0,574,1162
02/02/2008,APA,CO,ANM,WE,Towers with Radar,0,57,90,0,147,0,18,228,0,246,0,75,318,0,393,257,0,257,650
02/03/2008,APA,CO,ANM,WE,Towers with Radar,0,57,59,0,116,0,23,115,4,142,0,80,174,4,258,295,0,295,553
02/04/2008,APA,CO,ANM,WE,Towers with Radar,0,66,113,0,179,0,29,51,0,80,0,95,164,0,259,116,0,116,375
02/05/2008,APA,CO,ANM,WE,Towers with Radar,0,93,112,0,205,0,15,116,0,131,0,108,228,0,336,104,0,104,440
02/06/2008,APA,CO,ANM,WE,Towers with Radar,0,93,153,2,248,0,56,157,7,220,0,149,310,9,468,186,0,186,654
02/07/2008,APA,CO,ANM,WE,Towers with Radar,0,84,137,2,223,0,63,163,2,228,0,147,300,4,451,182,0,182,633
02/08/2008,APA,CO,ANM,WE,Towers with Radar,0,99,143,1,243,0,51,175,3,229,0,150,318,4,472,150,0,150,622
02/09/2008,APA,CO,ANM,WE,Towers with Radar,0,46,89,0,135,0,50,392,0,442,0,96,481,0,577,506,0,506,1083
02/10/2008,APA,CO,ANM,WE,Towers with Radar,0,53,110,3,166,0,36,452,1,489,0,89,562,4,655,676,3,679,1334
02/11/2008,APA,CO,ANM,WE,Towers with Radar,0,62,104,0,166,0,24,56,0,80,0,86,160,0,246,126,0,126,372
02/12/2008,APA,CO,ANM,WE,Towers with Radar,0,99,146,8,253,0,83,232,4,319,0,182,378,12,572,380,0,380,952
02/13/2008,APA,CO,ANM,WE,Towers with Radar,0,121,152,4,277,0,74,359,0,433,0,195,511,4,710,524,0,524,1234
02/14/2008,APA,CO,ANM,WE,Towers with Radar,0,112,95,0,207,0,17,52,0,69,0,129,147,0,276,0,0,0,276
02/15/2008,APA,CO,ANM,WE,Towers with Radar,0,87,170,5,262,0,46,258,5,309,0,133,428,10,571,528,6,534,1105
02/16/2008,APA,CO,ANM,WE,Towers with Radar,0,52,103,0,155,0,35,278,0,313,0,87,381,0,468,540,0,540,1008
02/17/2008,APA,CO,ANM,WE,Towers with Radar,0,47,56,0,103,0,17,37,0,54,0,64,93,0,157,88,0,88,245
02/18/2008,APA,CO,ANM,WE,Towers with Radar,0,84,127,1,212,0,49,187,0,236,0,133,314,1,448,138,0,138,586
02/19/2008,APA,CO,ANM,WE,Towers with Radar,0,65,170,12,247,0,80,419,3,502,0,145,589,15,749,602,0,602,1351
02/20/2008,APA,CO,ANM,WE,Towers with Radar,0,112,168,2,282,0,48,357,4,409,0,160,525,6,691,542,0,542,1233
02/21/2008,APA,CO,ANM,WE,Towers with Radar,0,106,139,4,249,0,58,268,9,335,0,164,407,13,584,350,24,374,958
02/22/2008,APA,CO,ANM,WE,Towers with Radar,0,102,170,8,280,0,74,361,0,435,0,176,531,8,715,526,2,528,1243
02/23/2008,APA,CO,ANM,WE,Towers with Radar,0,71,101,0,172,0,37,253,0,290,0,108,354,0,462,390,0,390,852
02/24/2008,APA,CO,ANM,WE,Towers with Radar,0,59,111,0,170,0,34,365,0,399,0,93,476,0,569,476,0,476,1045
02/25/2008,APA,CO,ANM,WE,Towers with Radar,0,76,105,0,181,0,54,133,0,187,0,130,238,0,368,225,0,225,593
02/26/2008,APA,CO,ANM,WE,Towers with Radar,0,91,137,0,228,0,69,334,2,405,0,160,471,2,633,414,6,420,1053
02/27/2008,APA,CO,ANM,WE,Towers with Radar,0,130,140,9,279,0,92,459,0,551,0,222,599,9,830,556,0,556,1386
02/28/2008,APA,CO,ANM,WE,Towers with Radar,0,130,101,1,232,0,18,326,3,347,0,148,427,4,579,444,0,444,1023
02/29/2008,APA,CO,ANM,WE,Towers with Radar,0,91,143,6,240,0,67,419,0,486,0,158,562,6,726,550,0,550,1276
03/01/2008,APA,CO,ANM,WE,Towers with Radar,0,62,84,2,148,0,32,305,5,342,0,94,389,7,490,452,4,456,946
03/02/2008,APA,CO,ANM,WE,Towers with Radar,0,50,46,0,96,0,0,9,0,9,0,50,55,0,105,0,0,0,105
03/03/2008,APA,CO,ANM,WE,Towers with Radar,0,70,132,0,202,0,47,212,0,259,0,117,344,0,461,356,0,356,817
03/04/2008,APA,CO,ANM,WE,Towers with Radar,0,98,96,0,194,0,50,182,0,232,0,148,278,0,426,276,0,276,702
03/05/2008,APA,CO,ANM,WE,Towers with Radar,0,101,110,2,213,0,47,95,0,142,0,148,205,2,355,166,0,166,521
03/06/2008,APA,CO,ANM,WE,Towers with Radar,0,109,130,7,246,0,71,272,3,346,0,180,402,10,592,486,0,486,1078
03/07/2008,APA,CO,ANM,WE,Towers with Radar,0,91,178,3,272,0,49,275,3,327,0,140,453,6,599,458,12,470,1069
03/08/2008,APA,CO,ANM,WE,Towers with Radar,0,41,108,2,151,0,30,343,1,374,0,71,451,3,525,656,0,656,1181
03/09/2008,APA,CO,ANM,WE,Towers with Radar,0,63,97,0,160,0,0,0,0,0,0,63,97,0,160,440,0,440,600
03/10/2008,APA,CO,ANM,WE,Towers with Radar,0,87,154,10,251,0,17,320,3,340,0,104,474,13,591,298,0,298,889
03/11/2008,APA,CO,ANM,WE,Towers with Radar,0,80,139,2,221,0,91,382,3,476,0,171,521,5,697,582,0,582,1279
03/12/2008,APA,CO,ANM,WE,Towers with Radar,0,108,173,0,281,0,70,258,3,331,0,178,431,3,612,664,0,664,1276
03/13/2008,APA,CO,ANM,WE,Towers with Radar,0,101,193,5,299,0,87,358,1,446,0,188,551,6,745,532,0,532,1277
03/14/2008,APA,CO,ANM,WE,Towers with Radar,0,92,133,3,228,0,38,289,3,330,0,130,422,6,558,524,0,524,1082
03/15/2008,APA,CO,ANM,WE,Towers with Radar,0,68,137,0,205,0,28,294,0,322,0,96,431,0,527,610,0,610,1137
03/16/2008,APA,CO,ANM,WE,Towers with Radar,0,51,121,5,177,0,19,120,4,143,0,70,241,9,320,318,10,328,648
03/17/2008,APA,CO,ANM,WE,Towers with Radar,0,70,67,0,137,0,21,36,0,57,0,91,103,0,194,116,0,116,310
03/18/2008,APA,CO,ANM,WE,Towers with Radar,0,93,132,2,227,0,66,302,1,369,0,159,434,3,596,418,2,420,1016
03/19/2008,APA,CO,ANM,WE,Towers with Radar,0,95,133,0,228,0,107,419,1,527,0,202,552,1,755,611,0,611,1366
03/20/2008,APA,CO,ANM,WE,Towers with Radar,0,106,180,16,302,0,108,212,2,322,0,214,392,18,624,205,0,205,829
03/21/2008,APA,CO,ANM,WE,Towers with Radar,0,101,142,6,249,0,46,248,1,295,0,147,390,7,544,412,0,412,956
03/22/2008,APA,CO,ANM,WE,Towers with Radar,0,78,93,0,171,0,16,189,0,205,0,94,282,0,376,445,0,445,821
03/23/2008,APA,CO,ANM,WE,Towers with Radar,0,55,87,4,146,0,19,147,1,167,0,74,234,5,313,264,0,264,577
03/24/2008,APA,CO,ANM,WE,Towers with Radar,0,66,125,2,193,0,46,240,0,286,0,112,365,2,479,511,0,511,990
03/25/2008,APA,CO,ANM,WE,Towers with Radar,0,87,139,5,231,0,50,327,0,377,0,137,466,5,608,670,0,670,1278
03/26/2008,APA,CO,ANM,WE,Towers with Radar,0,145,104,10,259,0,13,293,2,308,0,158,397,12,567,372,12,384,951
03/27/2008,APA,CO,ANM,WE,Towers with Radar,0,89,130,2,221,0,61,80,0,141,0,150,210,2,362,242,0,242,604
03/28/2008,APA,CO,ANM,WE,Towers with Radar,0,80,132,0,212,0,52,213,1,266,0,132,345,1,478,352,2,354,832
03/29/2008,APA,CO,ANM,WE,Towers with Radar,0,55,110,3,168,0,17,333,1,351,0,72,443,4,519,517,0,517,1036
03/30/2008,APA,CO,ANM,WE,Towers with Radar,0,60,101,1,162,0,22,63,0,85,0,82,164,1,247,164,0,164,411
03/31/2008,APA,CO,ANM,WE,Towers with Radar,0,71,82,1,154,0,4,22,0,26,0,75,104,1,180,174,0,174,354
04/01/2008,APA,CO,ANM,WE,Towers with Radar,0,80,168,1,249,0,64,209,2,275,0,144,377,3,524,336,2,338,862
04/02/2008,APA,CO,ANM,WE,Towers with Radar,0,105,147,3,255,0,58,371,7,436,0,163,518,10,691,469,0,469,1160
04/03/2008,APA,CO,ANM,WE,Towers with Radar,0,95,81,3,179,0,24,54,0,78,0,119,135,3,257,90,0,90,347
04/04/2008,APA,CO,ANM,WE,Towers with Radar,0,81,153,0,234,0,54,405,1,460,0,135,558,1,694,692,0,692,1386
04/05/2008,APA,CO,ANM,WE,Towers with Radar,0,56,88,0,144,0,39,285,4,328,0,95,373,4,472,473,0,473,945
04/06/2008,APA,CO,ANM,WE,Towers with Radar,0,43,118,1,162,0,9,310,2,321,0,52,428,3,483,482,0,482,965
04/07/2008,APA,CO,ANM,WE,Towers with Radar,0,71,127,2,200,0,25,65,0,90,0,96,192,2,290,184,0,184,474
04/08/2008,APA,CO,ANM,WE,Towers with Radar,0,128,180,0,308,0,53,366,0,419,0,181,546,0,727,575,0,575,1302
04/09/2008,APA,CO,ANM,WE,Towers with Radar,0,104,161,0,265,0,44,185,0,229,0,148,346,0,494,236,0,236,730
04/10/2008,APA,CO,ANM,WE,Towers with Radar,0,93,73,0,166,0,14,14,1,29,0,107,87,1,195,0,0,0,195
04/11/2008,APA,CO,ANM,WE,Towers with Radar,0,79,113,1,193,0,62,91,2,155,0,141,204,3,348,118,0,118,466
04/12/2008,APA,CO,ANM,WE,Towers with Radar,0,58,83,2,143,0,36,260,1,297,0,94,343,3,440,429,0,429,869
04/13/2008,APA,CO,ANM,WE,Towers with Radar,0,30,115,1,146,0,42,360,2,404,0,72,475,3,550,633,1,634,1184
04/14/2008,APA,CO,ANM,WE,Towers with Radar,0,64,128,1,193,0,86,429,0,515,0,150,557,1,708,614,0,614,1322
04/15/2008,APA,CO,ANM,WE,Towers with Radar,0,132,108,6,246,0,9,285,3,297,0,141,393,9,543,200,0,200,743
04/16/2008,APA,CO,ANM,WE,Towers with Radar,0,84,137,2,223,0,25,137,3,165,0,109,274,5,388,102,0,102,490
04/17/2008,APA,CO,ANM,WE,Towers with Radar,0,110,166,0,276,0,47,196,0,243,0,157,362,0,519,412,0,412,931
04/18/2008,APA,CO,ANM,WE,Towers with Radar,0,90,149,9,248,0,75,430,4,509,0,165,579,13,757,704,20,724,1481
04/19/2008,APA,CO,ANM,WE,Towers with Radar,0,43,75,1,119,0,28,419,0,447,0,71,494,1,566,524,0,524,1090
04/20/2008,APA,CO,ANM,WE,Towers with Radar,0,46,83,4,133,0,26,180,0,206,0,72,263,4,339,164,0,164,503
04/21/2008,APA,CO,ANM,WE,Towers with Radar,0,76,147,4,227,0,44,290,0,334,0,120,437,4,561,290,0,290,851
04/22/2008,APA,CO,ANM,WE,Towers with Radar,0,94,152,12,258,0,27,364,0,391,0,121,516,12,649,551,14,565,1214
04/23/2008,APA,CO,ANM,WE,Towers with Radar,0,102,154,2,258,0,39,217,4,260,0,141,371,6,518,385,0,385,903
04/24/2008,APA,CO,ANM,WE,Towers with Radar,0,89,146,5,240,0,64,189,0,253,0,153,335,5,493,330,0,330,823
04/25/2008,APA,CO,ANM,WE,Towers with Radar,0,135,84,7,226,0,1,373,5,379,0,136,457,12,605,314,30,344,949
04/26/2008,APA,CO,ANM,WE,Towers with Radar,0,64,46,7,117,0,18,162,5,185,0,82,208,12,302,190,2,192,494
04/27/2008,APA,CO,ANM,WE,Towers with Radar,0,64,96,9,169,0,29,410,0,439,0,93,506,9,608,571,4,575,1183
04/28/2008,APA,CO,ANM,WE,Towers with Radar,0,70,115,0,185,0,17,311,1,329,0,87,426,1,514,414,0,414,928
04/29/2008,APA,CO,ANM,WE,Towers with Radar,0,98,159,2,259,0,29,270,0,299,0,127,429,2,558,224,8,232,790
04/30/2008,APA,CO,ANM,WE,Towers with Radar,0,119,131,0,250,0,41,399,1,441,0,160,530,1,691,414,2,416,1107
05/01/2008,APA,CO,ANM,WE,Towers with Radar,0,86,103,0,189,0,41,67,0,108,0,127,170,0,297,56,2,58,355
05/02/2008,APA,CO,ANM,WE,Towers with Radar,0,88,91,2,181,0,52,109,0,161,0,140,200,2,342,154,0,154,496
05/03/2008,APA,CO,ANM,WE,Towers with Radar,0,43,85,2,130,0,49,345,2,396,0,92,430,4,526,740,44,784,1310
05/04/2008,APA,CO,ANM,WE,Towers with Radar,0,45,109,6,160,0,22,293,2,317,0,67,402,8,477,380,0,380,857
05/05/2008,APA,CO,ANM,WE,Towers with Radar,0,73,140,0,213,0,91,339,2,432,0,164,479,2,645,472,2,474,1119
05/06/2008,APA,CO,ANM,WE,Towers with Radar,0,74,133,0,207,0,39,179,0,218,0,113,312,0,425,322,0,322,747
05/07/2008,APA,CO,ANM,WE,Towers with Radar,0,94,132,2,228,0,33,100,3,136,0,127,232,5,364,194,4,198,562
05/08/2008,APA,CO,ANM,WE,Towers with Radar,0,95,137,3,235,0,60,201,4,265,0,155,338,7,500,327,0,327,827
05/09/2008,APA,CO,ANM,WE,Towers with Radar,0,83,133,7,223,0,89,381,7,477,0,172,514,14,700,576,0,576,1276
05/10/2008,APA,CO,ANM,WE,Towers with Radar,0,39,56,6,101,0,33,103,4,140,0,72,159,10,241,102,0,102,343
05/11/2008,APA,CO,ANM,WE,Towers with Radar,0,60,83,2,145,0,33,306,6,345,0,93,389,8,490,599,14,613,1103
05/12/2008,APA,CO,ANM,WE,Towers with Radar,0,80,137,1,218,0,80,214,4,298,0,160,351,5,516,240,2,242,758
05/13/2008,APA,CO,ANM,WE,Towers with Radar,0,114,137,0,251,0,26,57,0,83,0,140,194,0,334,98,0,98,432
05/14/2008,APA,CO,ANM,WE,Towers with Radar,0,98,169,2,269,0,69,388,0,457,0,167,557,2,726,703,4,707,1433
05/15/2008,APA,CO,ANM,WE,Towers with Radar,0,104,148,4,256,0,89,168,0,257,0,193,316,4,513,268,0,268,781
05/16/2008,APA,CO,ANM,WE,Towers with Radar,0,78,157,10,245,0,78,382,5,465,0,156,539,15,710,488,4,492,1202
05/17/2008,APA,CO,ANM,WE,Towers with Radar,0,36,79,16,131,0,38,383,11,432,0,74,462,27,563,518,8,526,1089
05/18/2008,APA,CO,ANM,WE,Towers with Radar,0,53,115,8,176,0,19,274,1,294,0,72,389,9,470,404,2,406,876
05/19/2008,APA,CO,ANM,WE,Towers with Radar,0,112,60,2,174,0,0,366,2,368,0,112,426,4,542,516,8,524,1066
05/20/2008,APA,CO,ANM,WE,Towers with Radar,0,91,118,0,209,0,34,347,4,385,0,125,465,4,594,602,0,602,1196
05/21/2008,APA,CO,ANM,WE,Towers with Radar,0,99,161,0,260,0,34,216,2,252,0,133,377,2,512,344,8,352,864
05/22/2008,APA,CO,ANM,WE,Towers with Radar,0,88,145,0,233,0,6,97,4,107,0,94,242,4,340,160,0,160,500
05/23/2008,APA,CO,ANM,WE,Towers with Radar,0,77,104,4,185,0,73,227,7,307,0,150,331,11,492,388,8,396,888
05/24/2008,APA,CO,ANM,WE,Towers with Radar,0,28,81,1,110,0,31,302,3,336,0,59,383,4,446,514,0,514,960
05/25/2008,APA,CO,ANM,WE,Towers with Radar,0,30,73,10,113,0,34,261,10,305,0,64,334,20,418,310,18,328,746
05/26/2008,APA,CO,ANM,WE,Towers with Radar,0,64,138,3,205,0,16,94,0,110,0,80,232,3,315,194,0,194,509
05/27/2008,APA,CO,ANM,WE,Towers with Radar,0,86,177,3,266,0,21,103,3,127,0,107,280,6,393,170,0,170,563
05/28/2008,APA,CO,ANM,WE,Towers with Radar,0,103,149,2,254,0,22,185,0,207,0,125,334,2,461,273,0,273,734
05/29/2008,APA,CO,ANM,WE,Towers with Radar,0,109,138,2,249,0,46,271,0,317,0,155,409,2,566,436,2,438,1004
05/30/2008,APA,CO,ANM,WE,Towers with Radar,0,76,119,8,203,0,85,398,3,486,0,161,517,11,689,554,0,554,1243
05/31/2008,APA,CO,ANM,WE,Towers with Radar,0,49,57,1,107,0,39,330,2,371,0,88,387,3,478,540,2,542,1020
06/01/2008,APA,CO,ANM,WE,Towers with Radar,0,39,99,0,138,0,30,304,0,334,0,69,403,0,472,536,0,536,1008
06/02/2008,APA,CO,ANM,WE,Towers with Radar,0,79,124,7,210,0,44,348,11,403,0,123,472,18,613,362,14,376,989
06/03/2008,APA,CO,ANM,WE,Towers with Radar,0,92,129,2,223,0,28,311,8,347,0,120,440,10,570,264,2,266,836
06/04/2008,APA,CO,ANM,WE,Towers with Radar,0,89,169,0,258,0,46,212,2,260,0,135,381,2,518,514,0,514,1032
06/05/2008,APA,CO,ANM,WE,Towers with Radar,0,87,130,0,217,0,53,54,0,107,0,140,184,0,324,128,0,128,452
06/06/2008,APA,CO,ANM,WE,Towers with Radar,0,87,133,2,222,0,101,476,0,577,0,188,609,2,799,758,4,762,1561
06/07/2008,APA,CO,ANM,WE,Towers with Radar,0,63,68,3,134,0,22,317,13,352,0,85,385,16,486,418,2,420,906
06/08/2008,APA,CO,ANM,WE,Towers with Radar,0,55,121,6,182,0,35,308,7,350,0,90,429,13,532,493,2,495,1027
06/09/2008,APA,CO,ANM,WE,Towers with Radar,0,71,142,3,216,0,78,418,0,496,0,149,560,3,712,614,0,614,1326
06/10/2008,APA,CO,ANM,WE,Towers with Radar,0,88,132,3,223,0,57,276,4,337,0,145,408,7,560,341,4,345,905
06/11/2008,APA,CO,ANM,WE,Towers with Radar,0,93,155,6,254,0,27,235,0,262,0,120,390,6,516,326,0,326,842
06/12/2008,APA,CO,ANM,WE,Towers with Radar,0,88,129,0,217,0,38,228,0,266,0,126,357,0,483,208,0,208,691
06/13/2008,APA,CO,ANM,WE,Towers with Radar,0,72,148,0,220,0,78,437,3,518,0,150,585,3,738,660,0,660,1398
06/14/2008,APA,CO,ANM,WE,Towers with Radar,0,83,42,0,125,0,11,392,0,403,0,94,434,0,528,518,0,518,1046
06/15/2008,APA,CO,ANM,WE,Towers with Radar,0,42,88,0,130,0,53,328,1,382,0,95,416,1,512,378,0,378,890
06/16/2008,APA,CO,ANM,WE,Towers with Radar,0,88,146,0,234,0,42,303,0,345,0,130,449,0,579,468,0,468,1047
06/17/2008,APA,CO,ANM,WE,Towers with Radar,0,111,117,2,230,0,28,296,0,324,0,139,413,2,554,317,0,317,871
06/18/2008,APA,CO,ANM,WE,Towers with Radar,0,143,446,6,595,0,0,0,0,0,0,143,446,6,595,357,22,379,974
06/19/2008,APA,CO,ANM,WE,Towers with Radar,0,100,176,4,280,0,23,231,4,258,0,123,407,8,538,398,0,398,936
06/20/2008,APA,CO,ANM,WE,Towers with Radar,0,81,136,12,229,0,48,312,3,363,0,129,448,15,592,538,10,548,1140
06/21/2008,APA,CO,ANM,WE,Towers with Radar,0,41,73,5,119,0,52,294,4,350,0,93,367,9,469,400,0,400,869
06/22/2008,APA,CO,ANM,WE,Towers with Radar,0,38,98,2,138,0,27,251,0,278,0,65,349,2,416,330,0,330,746
06/23/2008,APA,CO,ANM,WE,Towers with Radar,0,77,133,2,212,0,46,338,10,394,0,123,471,12,606,430,34,464,1070
06/24/2008,APA,CO,ANM,WE,Towers with Radar,0,97,144,9,250,0,47,348,13,408,0,144,492,22,658,446,16,462,1120
06/25/2008,APA,CO,ANM,WE,Towers with Radar,0,101,150,3,254,0,76,284,7,367,0,177,434,10,621,448,10,458,1079
06/26/2008,APA,CO,ANM,WE,Towers with Radar,0,98,195,3,296,0,48,288,3,339,0,146,483,6,635,446,0,446,1081
06/27/2008,APA,CO,ANM,WE,Towers with Radar,0,85,120,9,214,0,39,278,2,319,0,124,398,11,533,620,26,646,1179
06/28/2008,APA,CO,ANM,WE,Towers with Radar,0,36,100,4,140,0,34,222,0,256,0,70,322,4,396,562,0,562,958
06/29/2008,APA,CO,ANM,WE,Towers with Radar,0,68,27,2,97,0,0,390,0,390,0,68,417,2,487,446,2,448,935
06/30/2008,APA,CO,ANM,WE,Towers with Radar,0,83,127,0,210,0,56,247,3,306,0,139,374,3,516,350,0,350,866
07/01/2008,APA,CO,ANM,WE,Towers with Radar,0,88,134,2,224,0,42,201,3,246,0,130,335,5,470,408,0,408,878
07/02/2008,APA,CO,ANM,WE,Towers with Radar,0,111,136,3,250,0,65,266,1,332,0,176,402,4,582,478,0,478,1060
07/03/2008,APA,CO,ANM,WE,Towers with Radar,0,92,111,2,205,0,52,218,5,275,0,144,329,7,480,468,10,478,958
07/04/2008,APA,CO,ANM,WE,Towers with Radar,0,43,44,3,90,0,28,174,1,203,0,71,218,4,293,349,14,363,656
07/05/2008,APA,CO,ANM,WE,Towers with Radar,0,45,46,1,92,0,64,141,0,205,0,109,187,1,297,316,0,316,613
07/06/2008,APA,CO,ANM,WE,Towers with Radar,0,71,86,0,157,0,53,234,6,293,0,124,320,6,450,474,0,474,924
07/07/2008,APA,CO,ANM,WE,Towers with Radar,0,97,124,1,222,0,0,0,0,0,0,97,124,1,222,491,0,491,713
07/08/2008,APA,CO,ANM,WE,Towers with Radar,0,109,123,4,236,0,28,224,1,253,0,137,347,5,489,432,0,432,921
07/09/2008,APA,CO,ANM,WE,Towers with Radar,0,107,147,2,256,0,26,272,0,298,0,133,419,2,554,450,0,450,1004
07/10/2008,APA,CO,ANM,WE,Towers with Radar,0,95,154,1,250,0,51,235,0,286,0,146,389,1,536,492,0,492,1028
07/11/2008,APA,CO,ANM,WE,Towers with Radar,0,107,148,5,260,0,195,416,7,618,0,302,564,12,878,499,2,501,1379
07/12/2008,APA,CO,ANM,WE,Towers with Radar,0,51,92,1,144,0,56,359,0,415,0,107,451,1,559,687,0,687,1246
07/13/2008,APA,CO,ANM,WE,Towers with Radar,0,59,128,2,189,0,48,292,1,341,0,107,420,3,530,476,0,476,1006
07/14/2008,APA,CO,ANM,WE,Towers with Radar,0,77,117,0,194,0,45,374,3,422,0,122,491,3,616,458,22,480,1096
07/15/2008,APA,CO,ANM,WE,Towers with Radar,0,84,112,2,198,0,76,238,0,314,0,160,350,2,512,453,0,453,965
07/16/2008,APA,CO,ANM,WE,Towers with Radar,0,113,190,0,303,0,52,310,0,362,0,165,500,0,665,276,0,276,941
07/17/2008,APA,CO,ANM,WE,Towers with Radar,0,99,154,3,256,0,33,184,1,218,0,132,338,4,474,419,0,419,893
07/18/2008,APA,CO,ANM,WE,Towers with Radar,0,83,120,9,212,0,127,351,11,489,0,210,471,20,701,553,14,567,1268
07/19/2008,APA,CO,ANM,WE,Towers with Radar,0,56,87,6,149,0,14,372,4,390,0,70,459,10,539,328,2,330,869
07/20/2008,APA,CO,ANM,WE,Towers with Radar,0,79,80,1,160,0,31,319,14,364,0,110,399,15,524,324,0,324,848
07/21/2008,APA,CO,ANM,WE,Towers with Radar,0,69,131,5,205,0,60,305,4,369,0,129,436,9,574,456,0,456,1030
07/22/2008,APA,CO,ANM,WE,Towers with Radar,0,106,135,0,241,0,65,281,5,351,0,171,416,5,592,458,0,458,1050
07/23/2008,APA,CO,ANM,WE,Towers with Radar,0,104,129,4,237,0,48,202,2,252,0,152,331,6,489,364,0,364,853
07/24/2008,APA,CO,ANM,WE,Towers with Radar,0,87,133,7,227,0,29,192,0,221,0,116,325,7,448,590,0,590,1038
07/25/2008,APA,CO,ANM,WE,Towers with Radar,0,66,113,23,202,0,118,331,33,482,0,184,444,56,684,298,6,304,988
07/26/2008,APA,CO,ANM,WE,Towers with Radar,0,38,114,8,160,0,90,349,32,471,0,128,463,40,631,522,0,522,1153
07/27/2008,APA,CO,ANM,WE,Towers with Radar,0,46,98,5,149,0,33,234,9,276,0,79,332,14,425,422,8,430,855
07/28/2008,APA,CO,ANM,WE,Towers with Radar,0,75,152,0,227,0,60,250,0,310,0,135,402,0,537,496,0,496,1033
07/29/2008,APA,CO,ANM,WE,Towers with Radar,0,96,166,0,262,0,60,245,3,308,0,156,411,3,570,424,4,428,998
07/30/2008,APA,CO,ANM,WE,Towers with Radar,0,118,178,2,298,0,92,362,5,459,0,210,540,7,757,408,6,414,1171
07/31/2008,APA,CO,ANM,WE,Towers with Radar,0,104,118,2,224,0,38,231,4,273,0,142,349,6,497,384,2,386,883
08/01/2008,APA,CO,ANM,WE,Towers with Radar,0,88,108,3,199,0,59,249,4,312,0,147,357,7,511,582,6,588,1099
08/02/2008,APA,CO,ANM,WE,Towers with Radar,0,58,79,13,150,0,0,368,0,368,0,58,447,13,518,544,8,552,1070
08/03/2008,APA,CO,ANM,WE,Towers with Radar,0,73,115,3,191,0,25,221,3,249,0,98,336,6,440,344,0,344,784
08/04/2008,APA,CO,ANM,WE,Towers with Radar,0,71,111,2,184,0,156,335,6,497,0,227,446,8,681,508,0,508,1189
08/05/2008,APA,CO,ANM,WE,Towers with Radar,0,89,113,1,203,0,70,217,0,287,0,159,330,1,490,453,6,459,949
08/06/2008,APA,CO,ANM,WE,Towers with Radar,0,125,158,2,285,0,35,236,4,275,0,160,394,6,560,364,0,364,924
08/07/2008,APA,CO,ANM,WE,Towers with Radar,0,112,172,6,290,0,47,190,0,237,0,159,362,6,527,530,4,534,1061
08/08/2008,APA,CO,ANM,WE,Towers with Radar,0,82,136,11,229,0,62,288,0,350,0,144,424,11,579,603,0,603,1182
08/09/2008,APA,CO,ANM,WE,Towers with Radar,0,58,86,21,165,0,0,368,0,368,0,58,454,21,533,584,0,584,1117
08/10/2008,APA,CO,ANM,WE,Towers with Radar,0,48,93,14,155,0,26,260,9,295,0,74,353,23,450,502,6,508,958
08/11/2008,APA,CO,ANM,WE,Towers with Radar,0,81,109,7,197,0,51,212,6,269,0,132,321,13,466,358,24,382,848
08/12/2008,APA,CO,ANM,WE,Towers with Radar,0,96,162,7,265,0,65,270,0,335,0,161,432,7,600,608,6,614,1214
08/13/2008,APA,CO,ANM,WE,Towers with Radar,0,93,157,1,251,0,58,257,5,320,0,151,414,6,571,524,4,528,1099
08/14/2008,APA,CO,ANM,WE,Towers with Radar,0,112,159,4,275,0,39,249,11,299,0,151,408,15,574,470,12,482,1056
08/15/2008,APA,CO,ANM,WE,Towers with Radar,0,85,112,0,197,0,0,0,0,0,0,85,112,0,197,0,0,0,197
08/16/2008,APA,CO,ANM,WE,Towers with Radar,0,60,67,0,127,0,12,33,0,45,0,72,100,0,172,26,0,26,198
08/17/2008,APA,CO,ANM,WE,Towers with Radar,0,45,105,0,150,0,16,153,4,173,0,61,258,4,323,98,2,100,423
08/18/2008,APA,CO,ANM,WE,Towers with Radar,0,54,119,0,173,0,104,282,0,386,0,158,401,0,559,582,0,582,1141
08/19/2008,APA,CO,ANM,WE,Towers with Radar,0,104,159,3,266,0,44,293,1,338,0,148,452,4,604,692,2,694,1298
08/20/2008,APA,CO,ANM,WE,Towers with Radar,0,105,201,4,310,0,50,329,11,390,0,155,530,15,700,372,44,416,1116
08/21/2008,APA,CO,ANM,WE,Towers with Radar,0,92,186,7,285,0,63,328,11,402,0,155,514,18,687,422,30,452,1139
08/22/2008,APA,CO,ANM,WE,Towers with Radar,0,64,143,7,214,0,54,248,3,305,0,118,391,10,519,704,28,732,1251
08/23/2008,APA,CO,ANM,WE,Towers with Radar,0,75,98,4,177,0,49,277,28,354,0,124,375,32,531,606,20,626,1157
08/24/2008,APA,CO,ANM,WE,Towers with Radar,0,67,155,3,225,0,89,229,8,326,0,156,384,11,551,3720,0,3720,4271
08/25/2008,APA,CO,ANM,WE,Towers with Radar,0,180,303,24,507,0,97,125,18,240,0,277,428,42,747,132,24,156,903
08/26/2008,APA,CO,ANM,WE,Towers with Radar,0,107,192,4,303,0,55,130,31,216,0,162,322,35,519,204,1,205,724
08/27/2008,APA,CO,ANM,WE,Towers with Radar,0,134,206,0,340,0,38,125,25,188,0,172,331,25,528,116,22,138,666
08/28/2008,APA,CO,ANM,WE,Towers with Radar,0,158,356,8,522,0,25,107,8,140,0,183,463,16,662,138,0,138,800
08/29/2008,APA,CO,ANM,WE,Towers with Radar,0,146,173,0,319,0,29,264,5,298,0,175,437,5,617,512,0,512,1129
08/30/2008,APA,CO,ANM,WE,Towers with Radar,0,62,37,3,102,0,24,269,1,294,0,86,306,4,396,464,0,464,860
08/31/2008,APA,CO,ANM,WE,Towers with Radar,0,56,69,2,127,0,42,161,16,219,0,98,230,18,346,258,8,266,612
09/01/2008,APA,CO,ANM,WE,Towers with Radar,0,57,95,1,153,0,41,188,0,229,0,98,283,1,382,308,0,308,690
09/02/2008,APA,CO,ANM,WE,Towers with Radar,0,81,105,7,193,0,51,193,0,244,0,132,298,7,437,376,5,381,818
09/03/2008,APA,CO,ANM,WE,Towers with Radar,0,90,150,2,242,0,39,189,7,235,0,129,339,9,477,414,28,442,919
09/04/2008,APA,CO,ANM,WE,Towers with Radar,0,88,144,0,232,0,50,214,1,265,0,138,358,1,497,480,0,480,977
09/05/2008,APA,CO,ANM,WE,Towers with Radar,0,92,203,10,305,0,39,107,0,146,0,131,310,10,451,296,0,296,747
09/06/2008,APA,CO,ANM,WE,Towers with Radar,0,39,89,5,133,0,36,288,10,334,0,75,377,15,467,596,2,598,1065
09/07/2008,APA,CO,ANM,WE,Towers with Radar,0,43,83,8,134,0,79,366,16,461,0,122,449,24,595,496,8,504,1099
09/08/2008,APA,CO,ANM,WE,Towers with Radar,0,73,123,3,199,0,53,101,2,156,0,126,224,5,355,306,0,306,661
09/09/2008,APA,CO,ANM,WE,Towers with Radar,0,85,175,4,264,0,49,230,3,282,0,134,405,7,546,387,4,391,937
09/10/2008,APA,CO,ANM,WE,Towers with Radar,0,97,180,4,281,0,63,251,13,327,0,160,431,17,608,549,0,549,1157
09/11/2008,APA,CO,ANM,WE,Towers with Radar,0,174,98,5,277,0,0,245,1,246,0,174,343,6,523,516,1,517,1040
09/12/2008,APA,CO,ANM,WE,Towers with Radar,0,83,195,4,282,0,31,58,3,92,0,114,253,7,374,180,0,180,554
09/13/2008,APA,CO,ANM,WE,Towers with Radar,0,43,121,4,168,0,56,395,5,456,0,99,516,9,624,540,0,540,1164
09/14/2008,APA,CO,ANM,WE,Towers with Radar,0,60,177,5,242,0,21,219,3,243,0,81,396,8,485,332,6,338,823
09/15/2008,APA,CO,ANM,WE,Towers with Radar,0,74,179,10,263,0,72,314,5,391,0,146,493,15,654,598,2,600,1254
09/16/2008,APA,CO,ANM,WE,Towers with Radar,0,110,146,4,260,0,33,368,8,409,0,143,514,12,669,582,0,582,1251
09/17/2008,APA,CO,ANM,WE,Towers with Radar,0,94,161,12,267,0,23,313,6,342,0,117,474,18,609,496,12,508,1117
09/18/2008,APA,CO,ANM,WE,Towers with Radar,0,89,155,5,249,0,49,212,5,266,0,138,367,10,515,290,12,302,817
09/19/2008,APA,CO,ANM,WE,Towers with Radar,0,68,169,25,262,0,17,256,5,278,0,85,425,30,540,505,9,514,1054
09/20/2008,APA,CO,ANM,WE,Towers with Radar,0,40,88,3,131,0,35,301,0,336,0,75,389,3,467,366,6,372,839
09/21/2008,APA,CO,ANM,WE,Towers with Radar,0,48,108,5,161,0,26,200,7,233,0,74,308,12,394,258,0,258,652
09/22/2008,APA,CO,ANM,WE,Towers with Radar,0,68,144,6,218,0,59,200,2,261,0,127,344,8,479,312,0,312,791
09/23/2008,APA,CO,ANM,WE,Towers with Radar,0,74,155,5,234,0,56,296,1,353,0,130,451,6,587,466,0,466,1053
09/24/2008,APA,CO,ANM,WE,Towers with Radar,0,82,174,7,263,0,33,174,2,209,0,115,348,9,472,618,0,618,1090
09/25/2008,APA,CO,ANM,WE,Towers with Radar,0,78,143,7,228,0,47,254,0,301,0,125,397,7,529,552,2,554,1083
09/26/2008,APA,CO,ANM,WE,Towers with Radar,0,90,140,4,234,0,46,234,3,283,0,136,374,7,517,512,12,524,1041
09/27/2008,APA,CO,ANM,WE,Towers with Radar,0,38,85,0,123,0,56,302,3,361,0,94,387,3,484,492,0,492,976
09/28/2008,APA,CO,ANM,WE,Towers with Radar,0,50,93,3,146,0,66,245,0,311,0,116,338,3,457,486,0,486,943
09/29/2008,APA,CO,ANM,WE,Towers with Radar,0,68,125,2,195,0,33,198,0,231,0,101,323,2,426,312,2,314,740
09/30/2008,APA,CO,ANM,WE,Towers with Radar,0,93,101,0,194,0,55,304,1,360,0,148,405,1,554,512,0,512,1066
10/01/2008,APA,CO,ANM,WE,Towers with Radar,0,64,147,0,211,0,91,334,3,428,0,155,481,3,639,618,0,618,1257
10/02/2008,APA,CO,ANM,WE,Towers with Radar,0,78,135,5,218,0,47,193,0,240,0,125,328,5,458,340,0,340,798
10/03/2008,APA,CO,ANM,WE,Towers with Radar,0,71,117,12,200,0,66,311,9,386,0,137,428,21,586,514,18,532,1118
10/04/2008,APA,CO,ANM,WE,Towers with Radar,0,71,28,5,104,0,0,314,0,314,0,71,342,5,418,468,6,474,892
10/05/2008,APA,CO,ANM,WE,Towers with Radar,0,39,114,12,165,0,35,165,8,208,0,74,279,20,373,176,6,182,555
10/06/2008,APA,CO,ANM,WE,Towers with Radar,0,68,136,6,210,0,37,195,1,233,0,105,331,7,443,296,0,296,739
10/07/2008,APA,CO,ANM,WE,Towers with Radar,0,71,129,3,203,0,22,226,0,248,0,93,355,3,451,456,0,456,907
10/08/2008,APA,CO,ANM,WE,Towers with Radar,0,87,163,6,256,0,70,215,10,295,0,157,378,16,551,604,0,604,1155
10/09/2008,APA,CO,ANM,WE,Towers with Radar,0,76,153,0,229,0,40,244,3,287,0,116,397,3,516,384,0,384,900
10/10/2008,APA,CO,ANM,WE,Towers with Radar,0,85,163,7,255,0,36,85,0,121,0,121,248,7,376,126,0,126,502
10/11/2008,APA,CO,ANM,WE,Towers with Radar,0,35,45,0,80,0,0,0,0,0,0,35,45,0,80,0,0,0,80
10/12/2008,APA,CO,ANM,WE,Towers with Radar,0,57,76,15,148,0,4,1,0,5,0,61,77,15,153,0,0,0,153
10/13/2008,APA,CO,ANM,WE,Towers with Radar,0,56,129,6,191,0,75,283,11,369,0,131,412,17,560,410,14,424,984
10/14/2008,APA,CO,ANM,WE,Towers with Radar,0,60,133,11,204,0,107,238,4,349,0,167,371,15,553,500,0,500,1053
10/15/2008,APA,CO,ANM,WE,Towers with Radar,0,81,151,1,233,0,71,223,2,296,0,152,374,3,529,510,0,510,1039
10/16/2008,APA,CO,ANM,WE,Towers with Radar,0,95,169,1,265,0,50,337,1,388,0,145,506,2,653,440,0,440,1093
10/17/2008,APA,CO,ANM,WE,Towers with Radar,0,57,128,1,186,0,38,386,3,427,0,95,514,4,613,530,2,532,1145
10/18/2008,APA,CO,ANM,WE,Towers with Radar,0,38,76,5,119,0,42,377,4,423,0,80,453,9,542,628,2,630,1172
10/19/2008,APA,CO,ANM,WE,Towers with Radar,0,37,111,4,152,0,42,314,6,362,0,79,425,10,514,434,0,434,948
10/20/2008,APA,CO,ANM,WE,Towers with Radar,0,98,79,2,179,0,115,205,3,323,0,213,284,5,502,192,0,192,694
10/21/2008,APA,CO,ANM,WE,Towers with Radar,0,91,112,6,209,0,33,117,0,150,0,124,229,6,359,218,0,218,577
10/22/2008,APA,CO,ANM,WE,Towers with Radar,0,78,117,2,197,0,40,71,1,112,0,118,188,3,309,68,0,68,377
10/23/2008,APA,CO,ANM,WE,Towers with Radar,0,82,148,5,235,0,59,279,3,341,0,141,427,8,576,555,0,555,1131
10/24/2008,APA,CO,ANM,WE,Towers with Radar,0,68,120,2,190,0,77,362,4,443,0,145,482,6,633,724,20,744,1377
10/25/2008,APA,CO,ANM,WE,Towers with Radar,0,43,62,1,106,0,40,218,2,260,0,83,280,3,366,399,0,399,765
10/26/2008,APA,CO,ANM,WE,Towers with Radar,0,45,77,4,126,0,38,157,0,195,0,83,234,4,321,390,4,394,715
10/27/2008,APA,CO,ANM,WE,Towers with Radar,0,56,108,6,170,0,68,254,4,326,0,124,362,10,496,478,0,478,974
10/28/2008,APA,CO,ANM,WE,Towers with Radar,0,58,142,3,203,0,79,298,3,380,0,137,440,6,583,498,2,500,1083
10/29/2008,APA,CO,ANM,WE,Towers with Radar,0,76,141,6,223,0,56,422,3,481,0,132,563,9,704,650,0,650,1354
10/30/2008,APA,CO,ANM,WE,Towers with Radar,0,74,131,0,205,0,47,313,5,365,0,121,444,5,570,459,0,459,1029
10/31/2008,APA,CO,ANM,WE,Towers with Radar,0,58,112,4,174,0,58,277,1,336,0,116,389,5,510,470,0,470,980
11/01/2008,APA,CO,ANM,WE,Towers with Radar,0,35,64,3,102,0,39,326,1,366,0,74,390,4,468,478,15,493,961
11/02/2008,APA,CO,ANM,WE,Towers with Radar,0,38,102,7,147,0,20,210,0,230,0,58,312,7,377,446,4,450,827
11/03/2008,APA,CO,ANM,WE,Towers with Radar,0,64,105,2,171,0,36,170,0,206,0,100,275,2,377,330,0,330,707
11/04/2008,APA,CO,ANM,WE,Towers with Radar,0,122,52,0,174,0,10,227,9,246,0,132,279,9,420,332,22,354,774
11/05/2008,APA,CO,ANM,WE,Towers with Radar,0,83,125,3,211,0,37,99,3,139,0,120,224,6,350,140,0,140,490
11/06/2008,APA,CO,ANM,WE,Towers with Radar,0,78,155,1,234,0,58,239,2,299,0,136,394,3,533,474,0,474,1007
11/07/2008,APA,CO,ANM,WE,Towers with Radar,0,57,110,6,173,0,26,227,2,255,0,83,337,8,428,490,16,506,934
11/08/2008,APA,CO,ANM,WE,Towers with Radar,0,30,92,6,128,0,51,351,0,402,0,81,443,6,530,690,4,694,1224
11/09/2008,APA,CO,ANM,WE,Towers with Radar,0,37,90,2,129,0,289,84,7,380,0,326,174,9,509,536,2,538,1047
11/10/2008,APA,CO,ANM,WE,Towers with Radar,0,56,92,0,148,0,20,71,0,91,0,76,163,0,239,392,0,392,631
11/11/2008,APA,CO,ANM,WE,Towers with Radar,0,59,124,5,188,0,36,168,0,204,0,95,292,5,392,374,14,388,780
11/12/2008,APA,CO,ANM,WE,Towers with Radar,0,57,136,2,195,0,43,157,0,200,0,100,293,2,395,400,2,402,797
11/13/2008,APA,CO,ANM,WE,Towers with Radar,0,82,133,0,215,0,32,96,0,128,0,114,229,0,343,166,0,166,509
11/14/2008,APA,CO,ANM,WE,Towers with Radar,0,67,103,4,174,0,26,120,4,150,0,93,223,8,324,218,14,232,556
11/15/2008,APA,CO,ANM,WE,Towers with Radar,0,30,71,1,102,0,60,347,1,408,0,90,418,2,510,496,0,496,1006
11/16/2008,APA,CO,ANM,WE,Towers with Radar,0,29,90,0,119,0,31,234,0,265,0,60,324,0,384,388,0,388,772
11/17/2008,APA,CO,ANM,WE,Towers with Radar,0,58,107,0,165,0,52,231,4,287,0,110,338,4,452,448,8,456,908
11/18/2008,APA,CO,ANM,WE,Towers with Radar,0,81,101,1,183,0,68,222,1,291,0,149,323,2,474,444,4,448,922
11/19/2008,APA,CO,ANM,WE,Towers with Radar,0,56,137,6,199,0,35,291,0,326,0,91,428,6,525,518,2,520,1045
11/20/2008,APA,CO,ANM,WE,Towers with Radar,0,64,97,3,164,0,47,41,1,89,0,111,138,4,253,52,0,52,305
11/21/2008,APA,CO,ANM,WE,Towers with Radar,0,70,110,11,191,0,74,271,0,345,0,144,381,11,536,524,0,524,1060
11/22/2008,APA,CO,ANM,WE,Towers with Radar,0,40,76,2,118,0,40,301,1,342,0,80,377,3,460,636,0,636,1096
11/23/2008,APA,CO,ANM,WE,Towers with Radar,0,36,87,1,124,0,45,187,24,256,0,81,274,25,380,268,0,268,648
11/24/2008,APA,CO,ANM,WE,Towers with Radar,0,53,99,0,152,0,28,198,2,228,0,81,297,2,380,393,4,397,777
11/25/2008,APA,CO,ANM,WE,Towers with Radar,0,91,106,0,197,0,0,185,3,188,0,91,291,3,385,424,2,426,811
11/26/2008,APA,CO,ANM,WE,Towers with Radar,0,75,119,0,194,0,6,308,6,320,0,81,427,6,514,606,14,620,1134
11/27/2008,APA,CO,ANM,WE,Towers with Radar,0,26,17,0,43,0,20,49,0,69,0,46,66,0,112,130,0,130,242
11/28/2008,APA,CO,ANM,WE,Towers with Radar,0,43,68,0,111,0,38,211,1,250,0,81,279,1,361,434,0,434,795
11/29/2008,APA,CO,ANM,WE,Towers with Radar,0,54,36,1,91,0,16,55,0,71,0,70,91,1,162,60,0,60,222
11/30/2008,APA,CO,ANM,WE,Towers with Radar,0,60,94,0,154,0,4,12,0,16,0,64,106,0,170,0,0,0,170
12/01/2008,APA,CO,ANM,WE,Towers with Radar,0,64,136,2,202,0,32,103,3,138,0,96,239,5,340,200,0,200,540
12/02/2008,APA,CO,ANM,WE,Towers with Radar,0,73,121,0,194,0,38,216,3,257,0,111,337,3,451,434,0,434,885
12/03/2008,APA,CO,ANM,WE,Towers with Radar,0,69,104,0,173,0,23,72,1,96,0,92,176,1,269,126,0,126,395
12/04/2008,APA,CO,ANM,WE,Towers with Radar,0,70,94,0,164,0,0,6,0,6,0,70,100,0,170,0,0,0,170
12/05/2008,APA,CO,ANM,WE,Towers with Radar,0,73,106,10,189,0,32,168,0,200,0,105,274,10,389,344,2,346,735
12/06/2008,APA,CO,ANM,WE,Towers with Radar,0,21,80,7,108,0,39,271,2,312,0,60,351,9,420,672,4,676,1096
12/07/2008,APA,CO,ANM,WE,Towers with Radar,0,30,80,10,120,0,35,200,7,242,0,65,280,17,362,311,12,323,685
12/08/2008,APA,CO,ANM,WE,Towers with Radar,0,41,89,0,130,0,37,84,0,121,0,78,173,0,251,215,0,215,466
12/09/2008,APA,CO,ANM,WE,Towers with Radar,0,82,83,1,166,0,4,92,2,98,0,86,175,3,264,180,0,180,444
12/10/2008,APA,CO,ANM,WE,Towers with Radar,0,65,138,6,209,0,41,272,0,313,0,106,410,6,522,526,20,546,1068
12/11/2008,APA,CO,ANM,WE,Towers with Radar,0,71,109,8,188,0,46,190,1,237,0,117,299,9,425,248,0,248,673
12/12/2008,APA,CO,ANM,WE,Towers with Radar,0,67,98,7,172,0,54,201,0,255,0,121,299,7,427,632,0,632,1059
12/13/2008,APA,CO,ANM,WE,Towers with Radar,0,42,54,1,97,0,19,119,8,146,0,61,173,9,243,204,0,204,447
12/14/2008,APA,CO,ANM,WE,Towers with Radar,0,21,33,4,58,0,9,0,0,9,0,30,33,4,67,22,0,22,89
12/15/2008,APA,CO,ANM,WE,Towers with Radar,0,60,82,4,146,0,26,37,2,65,0,86,119,6,211,90,2,92,303
12/16/2008,APA,CO,ANM,WE,Towers with Radar,0,67,112,3,182,0,18,132,2,152,0,85,244,5,334,250,28,278,612
12/17/2008,APA,CO,ANM,WE,Towers with Radar,0,76,126,0,202,0,30,281,4,315,0,106,407,4,517,512,20,532,1049
12/18/2008,APA,CO,ANM,WE,Towers with Radar,0,80,130,2,212,0,55,178,5,238,0,135,308,7,450,316,4,320,770
12/19/2008,APA,CO,ANM,WE,Towers with Radar,0,80,146,2,228,0,34,144,1,179,0,114,290,3,407,258,8,266,673
12/20/2008,APA,CO,ANM,WE,Towers with Radar,0,64,66,2,132,0,28,174,0,202,0,92,240,2,334,290,0,290,624
12/21/2008,APA,CO,ANM,WE,Towers with Radar,0,66,63,0,129,0,15,132,0,147,0,81,195,0,276,216,0,216,492
12/22/2008,APA,CO,ANM,WE,Towers with Radar,0,69,110,3,182,0,43,165,0,208,0,112,275,3,390,284,0,284,674
12/23/2008,APA,CO,ANM,WE,Towers with Radar,0,88,60,0,148,0,22,79,2,103,0,110,139,2,251,168,0,168,419
12/24/2008,APA,CO,ANM,WE,Towers with Radar,0,88,60,0,148,0,5,81,2,88,0,93,141,2,236,191,0,191,427
12/25/2008,APA,CO,ANM,WE,Towers with Radar,0,53,26,0,79,0,4,27,0,31,0,57,53,0,110,12,0,12,122
12/26/2008,APA,CO,ANM,WE,Towers with Radar,0,78,94,0,172,0,40,101,0,141,0,118,195,0,313,178,0,178,491
12/27/2008,APA,CO,ANM,WE,Towers with Radar,0,59,87,0,146,0,50,174,2,226,0,109,261,2,372,204,0,204,576
12/28/2008,APA,CO,ANM,WE,Towers with Radar,0,59,89,0,148,0,38,242,2,282,0,97,331,2,430,538,0,538,968
12/29/2008,APA,CO,ANM,WE,Towers with Radar,0,53,81,0,134,0,42,228,0,270,0,95,309,0,404,420,0,420,824
12/30/2008,APA,CO,ANM,WE,Towers with Radar,0,77,83,0,160,0,27,157,2,186,0,104,240,2,346,198,0,198,544
12/31/2008,APA,CO,ANM,WE,Towers with Radar,3,74,67,0,144,0,10,227,0,237,3,84,294,0,381,414,0,414,795
01/01/2009,APA,CO,ANM,WE,Towers with Radar,0,73,153,0,226,0,22,116,0,138,0,95,269,0,364,208,0,208,572
01/02/2009,APA,CO,ANM,WE,Towers with Radar,0,83,86,0,169,0,50,212,0,262,0,133,298,0,431,396,0,396,827
01/03/2009,APA,CO,ANM,WE,Towers with Radar,0,101,67,0,168,0,13,11,0,24,0,114,78,0,192,70,0,70,262
01/04/2009,APA,CO,ANM,WE,Towers with Radar,0,69,93,0,162,0,9,46,0,55,0,78,139,0,217,182,0,182,399
01/05/2009,APA,CO,ANM,WE,Towers with Radar,1,56,80,0,137,0,33,112,0,145,1,89,192,0,282,248,0,248,530
01/06/2009,APA,CO,ANM,WE,Towers with Radar,0,62,81,0,143,0,56,125,0,181,0,118,206,0,324,192,0,192,516
01/07/2009,APA,CO,ANM,WE,Towers with Radar,0,48,92,0,140,0,32,29,2,63,0,80,121,2,203,20,0,20,223
01/08/2009,APA,CO,ANM,WE,Towers with Radar,0,47,124,0,171,0,43,265,11,319,0,90,389,11,490,364,2,366,856
01/09/2009,APA,CO,ANM,WE,Towers with Radar,0,59,84,0,143,0,51,59,0,110,0,110,143,0,253,132,0,132,385
01/10/2009,APA,CO,ANM,WE,Towers with Radar,0,31,70,1,102,0,47,273,7,327,0,78,343,8,429,578,2,580,1009
01/11/2009,APA,CO,ANM,WE,Towers with Radar,0,29,84,2,115,0,40,217,0,257,0,69,301,2,372,466,2,468,840
01/12/2009,APA,CO,ANM,WE,Towers with Radar,0,40,81,0,121,0,14,22,0,36,0,54,103,0,157,41,0,41,198
01/13/2009,APA,CO,ANM,WE,Towers with Radar,0,115,84,0,199,0,14,224,0,238,0,129,308,0,437,318,0,318,755
01/14/2009,APA,CO,ANM,WE,Towers with Radar,0,89,130,0,219,0,44,316,10,370,0,133,446,10,589,514,4,518,1107
01/15/2009,APA,CO,ANM,WE,Towers with Radar,0,74,142,0,216,0,24,151,4,179,0,98,293,4,395,312,0,312,707
01/16/2009,APA,CO,ANM,WE,Towers with Radar,0,70,120,0,190,0,52,294,1,347,0,122,414,1,537,424,0,424,961
01/17/2009,APA,CO,ANM,WE,Towers with Radar,0,40,86,8,134,0,19,328,2,349,0,59,414,10,483,664,0,664,1147
01/18/2009,APA,CO,ANM,WE,Towers with Radar,0,42,71,1,114,0,42,253,0,295,0,84,324,1,409,538,0,538,947
01/19/2009,APA,CO,ANM,WE,Towers with Radar,0,44,94,3,141,0,46,148,5,199,0,90,242,8,340,279,4,283,623
01/20/2009,APA,CO,ANM,WE,Towers with Radar,0,64,111,2,177,0,23,215,1,239,0,87,326,3,416,334,0,334,750
01/21/2009,APA,CO,ANM,WE,Towers with Radar,0,60,127,3,190,0,24,273,6,303,0,84,400,9,493,464,16,480,973
01/22/2009,APA,CO,ANM,WE,Towers with Radar,0,76,105,0,181,0,23,286,3,312,0,99,391,3,493,508,0,508,1001
01/23/2009,APA,CO,ANM,WE,Towers with Radar,0,53,71,3,127,0,28,71,2,101,0,81,142,5,228,74,0,74,302
01/24/2009,APA,CO,ANM,WE,Towers with Radar,0,29,42,0,71,0,39,171,0,210,0,68,213,0,281,540,6,546,827
01/25/2009,APA,CO,ANM,WE,Towers with Radar,0,39,44,1,84,0,0,12,0,12,0,39,56,1,96,0,0,0,96
01/26/2009,APA,CO,ANM,WE,Towers with Radar,0,58,68,2,128,0,0,1,0,1,0,58,69,2,129,0,0,0,129
01/27/2009,APA,CO,ANM,WE,Towers with Radar,0,86,73,2,161,0,20,81,3,104,0,106,154,5,265,127,0,127,392
01/28/2009,APA,CO,ANM,WE,Towers with Radar,0,73,101,2,176,0,44,70,0,114,0,117,171,2,290,96,0,96,386
01/29/2009,APA,CO,ANM,WE,Towers with Radar,0,73,118,3,194,0,39,151,2,192,0,112,269,5,386,330,8,338,724
01/30/2009,APA,CO,ANM,WE,Towers with Radar,0,57,113,5,175,0,46,306,0,352,0,103,419,5,527,528,0,528,1055
01/31/2009,APA,CO,ANM,WE,Towers with Radar,0,80,41,5,126,0,1,419,7,427,0,81,460,12,553,530,22,552,1105
02/01/2009,APA,CO,ANM,WE,Towers with Radar,0,38,59,5,102,0,18,141,0,159,0,56,200,5,261,258,0,258,519
02/02/2009,APA,CO,ANM,WE,Towers with Radar,0,50,81,1,132,0,29,157,0,186,0,79,238,1,318,190,0,190,508
02/03/2009,APA,CO,ANM,WE,Towers with Radar,0,47,105,4,156,0,52,214,0,266,0,99,319,4,422,470,2,472,894
02/04/2009,APA,CO,ANM,WE,Towers with Radar,0,70,137,3,210,0,48,317,0,365,0,118,454,3,575,472,0,472,1047
02/05/2009,APA,CO,ANM,WE,Towers with Radar,0,70,112,0,182,0,34,306,2,342,0,104,418,2,524,565,0,565,1089
02/06/2009,APA,CO,ANM,WE,Towers with Radar,0,62,111,2,175,0,54,139,1,194,0,116,250,3,369,152,4,156,525
02/07/2009,APA,CO,ANM,WE,Towers with Radar,0,57,48,0,105,0,64,359,4,427,0,121,407,4,532,549,6,555,1087
02/08/2009,APA,CO,ANM,WE,Towers with Radar,0,44,63,8,115,0,20,80,0,100,0,64,143,8,215,254,0,254,469
02/09/2009,APA,CO,ANM,WE,Towers with Radar,0,71,84,3,158,0,30,71,2,103,0,101,155,5,261,40,2,42,303
02/10/2009,APA,CO,ANM,WE,Towers with Radar,0,66,88,0,154,0,33,104,0,137,0,99,192,0,291,228,0,228,519
02/11/2009,APA,CO,ANM,WE,Towers with Radar,0,74,121,3,198,0,18,168,2,188,0,92,289,5,386,192,0,192,578
02/12/2009,APA,CO,ANM,WE,Towers with Radar,0,76,134,2,212,0,47,142,1,190,0,123,276,3,402,234,0,234,636
02/13/2009,APA,CO,ANM,WE,Towers with Radar,0,94,119,2,215,0,28,78,3,109,0,122,197,5,324,216,8,224,548
02/14/2009,APA,CO,ANM,WE,Towers with Radar,0,63,29,0,92,0,22,105,0,127,0,85,134,0,219,198,0,198,417
02/15/2009,APA,CO,ANM,WE,Towers with Radar,0,49,82,2,133,0,22,216,0,238,0,71,298,2,371,369,0,369,740
02/16/2009,APA,CO,ANM,WE,Towers with Radar,0,66,122,1,189,0,36,211,0,247,0,102,333,1,436,556,0,556,992
02/17/2009,APA,CO,ANM,WE,Towers with Radar,0,70,103,1,174,0,30,41,0,71,0,100,144,1,245,38,0,38,283
02/18/2009,APA,CO,ANM,WE,Towers with Radar,0,61,123,4,188,0,63,158,2,223,0,124,281,6,411,128,4,132,543
02/19/2009,APA,CO,ANM,WE,Towers with Radar,0,73,126,3,202,0,33,227,0,260,0,106,353,3,462,384,21,405,867
02/20/2009,APA,CO,ANM,WE,Towers with Radar,0,68,86,2,156,0,26,146,0,172,0,94,232,2,328,146,0,146,474
02/21/2009,APA,CO,ANM,WE,Towers with Radar,0,47,57,9,113,0,33,335,3,371,0,80,392,12,484,500,0,500,984
02/22/2009,APA,CO,ANM,WE,Towers with Radar,0,26,93,10,129,0,47,244,4,295,0,73,337,14,424,394,8,402,826
02/23/2009,APA,CO,ANM,WE,Towers with Radar,0,65,83,2,150,0,43,283,0,326,0,108,366,2,476,534,0,534,1010
02/24/2009,APA,CO,ANM,WE,Towers with Radar,0,74,12,2,88,0,35,238,2,275,0,109,250,4,363,290,0,290,653
02/25/2009,APA,CO,ANM,WE,Towers with Radar,0,59,129,1,189,0,29,172,0,201,0,88,301,1,390,196,0,196,586
02/26/2009,APA,CO,ANM,WE,Towers with Radar,0,54,134,1,189,0,42,170,1,213,0,96,304,2,402,276,2,278,680
02/27/2009,APA,CO,ANM,WE,Towers with Radar,0,61,105,8,174,0,46,103,0,149,0,107,208,8,323,214,0,214,537
02/28/2009,APA,CO,ANM,WE,Towers with Radar,0,62,50,8,120,0,46,365,11,422,0,108,415,19,542,727,0,727,1269
03/01/2009,APA,CO,ANM,WE,Towers with Radar,0,39,95,2,136,0,50,284,12,346,0,89,379,14,482,605,0,605,1087
03/02/2009,APA,CO,ANM,WE,Towers with Radar,0,74,91,1,166,0,25,187,1,213,0,99,278,2,379,544,0,544,923
03/03/2009,APA,CO,ANM,WE,Towers with Radar,0,54,100,2,156,0,49,170,0,219,0,103,270,2,375,248,8,256,631
03/04/2009,APA,CO,ANM,WE,Towers with Radar,0,60,124,1,185,0,19,90,0,109,0,79,214,1,294,76,0,76,370
03/05/2009,APA,CO,ANM,WE,Towers with Radar,0,59,81,0,140,0,23,44,0,67,0,82,125,0,207,20,6,26,233
03/06/2009,APA,CO,ANM,WE,Towers with Radar,0,63,119,0,182,0,49,278,0,327,0,112,397,0,509,604,0,604,1113
03/07/2009,APA,CO,ANM,WE,Towers with Radar,0,36,69,2,107,0,29,165,1,195,0,65,234,3,302,458,0,458,760
03/08/2009,APA,CO,ANM,WE,Towers with Radar,0,45,76,2,123,0,44,230,0,274,0,89,306,2,397,258,0,258,655
03/09/2009,APA,CO,ANM,WE,Towers with Radar,0,58,91,0,149,0,15,181,1,197,0,73,272,1,346,209,0,209,555
03/10/2009,APA,CO,ANM,WE,Towers with Radar,0,88,74,0,162,0,0,86,1,87,0,88,160,1,249,70,0,70,319
03/11/2009,APA,CO,ANM,WE,Towers with Radar,0,72,162,3,237,0,43,321,4,368,0,115,483,7,605,536,2,538,1143
03/12/2009,APA,CO,ANM,WE,Towers with Radar,0,71,109,1,181,0,33,162,3,198,0,104,271,4,379,166,0,166,545
03/13/2009,APA,CO,ANM,WE,Towers with Radar,0,58,117,9,184,0,26,314,2,342,0,84,431,11,526,464,0,464,990
03/14/2009,APA,CO,ANM,WE,Towers with Radar,0,40,118,9,167,0,34,382,5,421,0,74,500,14,588,624,8,632,1220
03/15/2009,APA,CO,ANM,WE,Towers with Radar,0,38,87,0,125,0,35,242,0,277,0,73,329,0,402,526,0,526,928
03/16/2009,APA,CO,ANM,WE,Towers with Radar,0,54,93,3,150,0,29,204,0,233,0,83,297,3,383,392,0,392,775
03/17/2009,APA,CO,ANM,WE,Towers with Radar,0,80,120,0,200,0,39,208,0,247,0,119,328,0,447,290,0,290,737
03/18/2009,APA,CO,ANM,WE,Towers with Radar,0,70,135,0,205,0,52,217,5,274,0,122,352,5,479,511,8,519,998
03/19/2009,APA,CO,ANM,WE,Towers with Radar,0,71,143,2,216,0,34,263,8,305,0,105,406,10,521,330,0,330,851
03/20/2009,APA,CO,ANM,WE,Towers with Radar,0,61,95,11,167,0,59,350,3,412,0,120,445,14,579,418,38,456,1035
03/21/2009,APA,CO,ANM,WE,Towers with Radar,0,50,99,3,152,0,44,259,0,303,0,94,358,3,455,473,0,473,928
03/22/2009,APA,CO,ANM,WE,Towers with Radar,0,49,52,7,108,0,21,217,2,240,0,70,269,9,348,248,2,250,598
03/23/2009,APA,CO,ANM,WE,Towers with Radar,0,45,59,0,104,0,17,43,0,60,0,62,102,0,164,80,0,80,244
03/24/2009,APA,CO,ANM,WE,Towers with Radar,0,58,106,2,166,0,26,128,5,159,0,84,234,7,325,202,16,218,543
03/25/2009,APA,CO,ANM,WE,Towers with Radar,0,66,120,5,191,0,38,160,1,199,0,104,280,6,390,204,0,204,594
03/26/2009,APA,CO,ANM,WE,Towers with Radar,0,28,25,0,53,0,0,0,0,0,0,28,25,0,53,0,0,0,53
03/27/2009,APA,CO,ANM,WE,Towers with Radar,0,73,57,2,132,0,44,102,2,148,0,117,159,4,280,182,4,186,466
03/28/2009,APA,CO,ANM,WE,Towers with Radar,0,37,63,2,102,0,33,291,0,324,0,70,354,2,426,584,0,584,1010
03/29/2009,APA,CO,ANM,WE,Towers with Radar,0,38,86,5,129,0,36,170,0,206,0,74,256,5,335,224,10,234,569
03/30/2009,APA,CO,ANM,WE,Towers with Radar,0,45,70,0,115,0,9,41,0,50,0,54,111,0,165,12,0,12,177
03/31/2009,APA,CO,ANM,WE,Towers with Radar,0,59,91,0,150,0,23,84,4,111,0,82,175,4,261,146,2,148,409
04/01/2009,APA,CO,ANM,WE,Towers with Radar,0,80,100,0,180,0,16,71,0,87,0,96,171,0,267,188,0,188,455
04/02/2009,APA,CO,ANM,WE,Towers with Radar,0,64,113,5,182,0,26,298,3,327,0,90,411,8,509,558,4,562,1071
04/03/2009,APA,CO,ANM,WE,Towers with Radar,0,58,88,0,146,0,31,195,0,226,0,89,283,0,372,300,0,300,672
04/04/2009,APA,CO,ANM,WE,Towers with Radar,0,24,24,0,48,0,0,0,0,0,0,24,24,0,48,0,0,0,48
04/05/2009,APA,CO,ANM,WE,Towers with Radar,0,42,78,3,123,0,23,99,1,123,0,65,177,4,246,230,0,230,476
04/06/2009,APA,CO,ANM,WE,Towers with Radar,0,55,78,0,133,0,59,251,7,317,0,114,329,7,450,430,26,456,906
04/07/2009,APA,CO,ANM,WE,Towers with Radar,0,57,103,9,169,0,56,256,6,318,0,113,359,15,487,477,4,481,968
04/08/2009,APA,CO,ANM,WE,Towers with Radar,0,62,124,7,193,0,43,307,2,352,0,105,431,9,545,468,0,468,1013
04/09/2009,APA,CO,ANM,WE,Towers with Radar,0,52,114,2,168,0,24,147,5,176,0,76,261,7,344,246,0,246,590
04/10/2009,APA,CO,ANM,WE,Towers with Radar,0,56,91,4,151,0,38,231,6,275,0,94,322,10,426,376,0,376,802
04/11/2009,APA,CO,ANM,WE,Towers with Radar,0,26,22,0,48,0,11,52,0,63,0,37,74,0,111,102,0,102,213
04/12/2009,APA,CO,ANM,WE,Towers with Radar,0,33,40,0,73,0,3,6,0,9,0,36,46,0,82,0,0,0,82
04/13/2009,APA,CO,ANM,WE,Towers with Radar,0,48,116,1,165,0,46,198,0,244,0,94,314,1,409,468,0,468,877
04/14/2009,APA,CO,ANM,WE,Towers with Radar,0,46,103,0,149,0,54,212,12,278,0,100,315,12,427,266,40,306,733
04/15/2009,APA,CO,ANM,WE,Towers with Radar,0,50,111,2,163,0,28,97,8,133,0,78,208,10,296,148,32,180,476
04/16/2009,APA,CO,ANM,WE,Towers with Radar,0,66,72,0,138,0,6,0,0,6,0,72,72,0,144,0,0,0,144
04/17/2009,APA,CO,ANM,WE,Towers with Radar,0,21,17,0,38,0,0,0,0,0,0,21,17,0,38,0,0,0,38
04/18/2009,APA,CO,ANM,WE,Towers with Radar,0,23,19,2,44,0,1,0,0,1,0,24,19,2,45,0,0,0,45
04/19/2009,APA,CO,ANM,WE,Towers with Radar,0,43,77,0,120,0,34,295,1,330,0,77,372,1,450,480,0,480,930
04/20/2009,APA,CO,ANM,WE,Towers with Radar,0,47,77,0,124,0,46,311,22,379,0,93,388,22,503,462,52,514,1017
04/21/2009,APA,CO,ANM,WE,Towers with Radar,0,54,93,7,154,0,38,264,0,302,0,92,357,7,456,400,14,414,870
04/22/2009,APA,CO,ANM,WE,Towers with Radar,0,70,111,0,181,0,35,283,2,320,0,105,394,2,501,494,0,494,995
04/23/2009,APA,CO,ANM,WE,Towers with Radar,0,72,117,0,189,0,38,234,9,281,0,110,351,9,470,298,16,314,784
04/24/2009,APA,CO,ANM,WE,Towers with Radar,0,45,72,3,120,0,55,259,10,324,0,100,331,13,444,384,42,426,870
04/25/2009,APA,CO,ANM,WE,Towers with Radar,0,49,67,2,118,0,10,35,0,45,0,59,102,2,163,44,0,44,207
04/26/2009,APA,CO,ANM,WE,Towers with Radar,0,32,92,2,126,0,8,180,0,188,0,40,272,2,314,240,0,240,554
04/27/2009,APA,CO,ANM,WE,Towers with Radar,0,53,76,0,129,0,22,116,1,139,0,75,192,1,268,378,0,378,646
04/28/2009,APA,CO,ANM,WE,Towers with Radar,0,72,112,0,184,0,43,113,0,156,0,115,225,0,340,159,0,159,499
04/29/2009,APA,CO,ANM,WE,Towers with Radar,0,81,130,0,211,0,46,341,4,391,0,127,471,4,602,531,40,571,1173
04/30/2009,APA,CO,ANM,WE,Towers with Radar,0,55,136,0,191,0,27,217,4,248,0,82,353,4,439,426,24,450,889
05/01/2009,APA,CO,ANM,WE,Towers with Radar,0,50,105,0,155,0,21,1,0,22,0,71,106,0,177,0,0,0,177
05/02/2009,APA,CO,ANM,WE,Towers with Radar,0,29,79,0,108,0,6,24,3,33,0,35,103,3,141,106,16,122,263
05/03/2009,APA,CO,ANM,WE,Towers with Radar,0,23,105,13,141,0,11,119,1,131,0,34,224,14,272,230,2,232,504
05/04/2009,APA,CO,ANM,WE,Towers with Radar,0,58,101,0,159,0,27,208,0,235,0,85,309,0,394,298,0,298,692
05/05/2009,APA,CO,ANM,WE,Towers with Radar,0,73,119,0,192,0,46,238,2,286,0,119,357,2,478,414,8,422,900
05/06/2009,APA,CO,ANM,WE,Towers with Radar,0,54,129,0,183,0,39,234,1,274,0,93,363,1,457,425,0,425,882
05/07/2009,APA,CO,ANM,WE,Towers with Radar,0,65,106,0,171,0,40,263,1,304,0,105,369,1,475,530,4,534,1009
05/08/2009,APA,CO,ANM,WE,Towers with Radar,0,71,119,2,192,0,23,152,8,183,0,94,271,10,375,184,28,212,587
05/09/2009,APA,CO,ANM,WE,Towers with Radar,0,38,65,4,107,0,31,308,5,344,0,69,373,9,451,624,2,626,1077
05/10/2009,APA,CO,ANM,WE,Towers with Radar,0,50,123,2,175,0,13,61,0,74,0,63,184,2,249,128,0,128,377
05/11/2009,APA,CO,ANM,WE,Towers with Radar,0,64,93,9,166,0,17,249,5,271,0,81,342,14,437,372,26,398,835
05/12/2009,APA,CO,ANM,WE,Towers with Radar,0,75,92,2,169,0,22,169,3,194,0,97,261,5,363,172,0,172,535
05/13/2009,APA,CO,ANM,WE,Towers with Radar,0,67,114,3,184,0,22,159,42,223,0,89,273,45,407,190,28,218,625
05/14/2009,APA,CO,ANM,WE,Towers with Radar,0,49,93,5,147,0,36,155,14,205,0,85,248,19,352,138,20,158,510
05/15/2009,APA,CO,ANM,WE,Towers with Radar,0,63,97,4,164,0,67,249,5,321,0,130,346,9,485,240,2,242,727
05/16/2009,APA,CO,ANM,WE,Towers with Radar,0,52,27,1,80,0,13,223,4,240,0,65,250,5,320,222,0,222,542
05/17/2009,APA,CO,ANM,WE,Towers with Radar,0,47,92,3,142,0,31,261,0,292,0,78,353,3,434,404,0,404,838
05/18/2009,APA,CO,ANM,WE,Towers with Radar,0,69,95,4,168,0,19,248,0,267,0,88,343,4,435,242,0,242,677
05/19/2009,APA,CO,ANM,WE,Towers with Radar,0,64,99,5,168,0,54,191,0,245,0,118,290,5,413,240,2,242,655
05/20/2009,APA,CO,ANM,WE,Towers with Radar,0,59,166,1,226,0,36,185,0,221,0,95,351,1,447,268,0,268,715
05/21/2009,APA,CO,ANM,WE,Towers with Radar,0,71,183,0,254,0,35,35,0,70,0,106,218,0,324,66,0,66,390
05/22/2009,APA,CO,ANM,WE,Towers with Radar,0,69,130,6,205,0,35,136,4,175,0,104,266,10,380,230,6,236,616
05/23/2009,APA,CO,ANM,WE,Towers with Radar,0,58,34,0,92,0,0,169,0,169,0,58,203,0,261,226,0,226,487
05/24/2009,APA,CO,ANM,WE,Towers with Radar,0,23,54,3,80,0,12,130,0,142,0,35,184,3,222,118,0,118,340
05/25/2009,APA,CO,ANM,WE,Towers with Radar,0,26,101,6,133,0,23,117,0,140,0,49,218,6,273,262,0,262,535
05/26/2009,APA,CO,ANM,WE,Towers with Radar,0,56,125,0,181,0,25,58,6,89,0,81,183,6,270,115,0,115,385
05/27/2009,APA,CO,ANM,WE,Towers with Radar,0,53,162,2,217,0,35,171,6,212,0,88,333,8,429,352,20,372,801
05/28/2009,APA,CO,ANM,WE,Towers with Radar,0,57,138,0,195,0,29,298,5,332,0,86,436,5,527,222,0,222,749
05/29/2009,APA,CO,ANM,WE,Towers with Radar,0,54,123,8,185,0,36,268,2,306,0,90,391,10,491,308,16,324,815
05/30/2009,APA,CO,ANM,WE,Towers with Radar,0,40,62,14,116,0,26,331,0,357,0,66,393,14,473,440,0,440,913
05/31/2009,APA,CO,ANM,WE,Towers with Radar,0,20,100,6,126,0,35,261,3,299,0,55,361,9,425,286,0,286,711
06/01/2009,APA,CO,ANM,WE,Towers with Radar,0,49,109,1,159,0,18,172,7,197,0,67,281,8,356,283,16,299,655
06/02/2009,APA,CO,ANM,WE,Towers with Radar,0,59,108,2,169,0,9,10,0,19,0,68,118,2,188,4,0,4,192
06/03/2009,APA,CO,ANM,WE,Towers with Radar,0,61,139,4,204,0,24,270,8,302,0,85,409,12,506,486,8,494,1000
06/04/2009,APA,CO,ANM,WE,Towers with Radar,0,64,132,2,198,0,42,268,6,316,0,106,400,8,514,358,2,360,874
06/05/2009,APA,CO,ANM,WE,Towers with Radar,0,60,97,1,158,0,41,304,3,348,0,101,401,4,506,326,8,334,840
06/06/2009,APA,CO,ANM,WE,Towers with Radar,0,37,62,6,105,0,39,399,2,440,0,76,461,8,545,310,10,320,865
06/07/2009,APA,CO,ANM,WE,Towers with Radar,0,43,89,4,136,0,14,141,0,155,0,57,230,4,291,164,14,178,469
06/08/2009,APA,CO,ANM,WE,Towers with Radar,0,58,108,0,166,0,47,252,13,312,0,105,360,13,478,363,30,393,871
06/09/2009,APA,CO,ANM,WE,Towers with Radar,0,67,129,1,197,0,34,152,7,193,0,101,281,8,390,378,0,378,768
06/10/2009,APA,CO,ANM,WE,Towers with Radar,0,80,147,3,230,0,25,179,0,204,0,105,326,3,434,228,0,228,662
06/11/2009,APA,CO,ANM,WE,Towers with Radar,0,57,128,3,188,0,22,190,2,214,0,79,318,5,402,251,0,251,653
06/12/2009,APA,CO,ANM,WE,Towers with Radar,0,49,108,8,165,0,51,164,0,215,0,100,272,8,380,256,26,282,662
06/13/2009,APA,CO,ANM,WE,Towers with Radar,0,38,64,0,102,0,40,145,0,185,0,78,209,0,287,196,0,196,483
06/14/2009,APA,CO,ANM,WE,Towers with Radar,0,29,95,0,124,0,32,139,0,171,0,61,234,0,295,274,0,274,569
06/15/2009,APA,CO,ANM,WE,Towers with Radar,0,57,78,2,137,0,46,211,0,257,0,103,289,2,394,348,0,348,742
06/16/2009,APA,CO,ANM,WE,Towers with Radar,0,83,96,6,185,0,34,247,0,281,0,117,343,6,466,330,0,330,796
06/17/2009,APA,CO,ANM,WE,Towers with Radar,0,68,149,4,221,0,50,234,7,291,0,118,383,11,512,290,8,298,810
06/18/2009,APA,CO,ANM,WE,Towers with Radar,0,77,111,2,190,0,48,231,5,284,0,125,342,7,474,296,10,306,780
06/19/2009,APA,CO,ANM,WE,Towers with Radar,0,83,120,0,203,0,58,407,8,473,0,141,527,8,676,432,24,456,1132
06/20/2009,APA,CO,ANM,WE,Towers with Radar,0,58,37,0,95,0,44,184,1,229,0,102,221,1,324,250,1,251,575
06/21/2009,APA,CO,ANM,WE,Towers with Radar,0,50,91,0,141,0,31,205,24,260,0,81,296,24,401,168,12,180,581
06/22/2009,APA,CO,ANM,WE,Towers with Radar,0,63,89,1,153,0,54,279,6,339,0,117,368,7,492,193,8,201,693
06/23/2009,APA,CO,ANM,WE,Towers with Radar,0,70,93,4,167,0,64,303,0,367,0,134,396,4,534,214,0,214,748
06/24/2009,APA,CO,ANM,WE,Towers with Radar,0,63,147,2,212,0,10,346,1,357,0,73,493,3,569,200,2,202,771
06/25/2009,APA,CO,ANM,WE,Towers with Radar,0,58,122,1,181,0,39,195,2,236,0,97,317,3,417,201,1,202,619
06/26/2009,APA,CO,ANM,WE,Towers with Radar,0,65,92,1,158,0,28,206,5,239,0,93,298,6,397,188,0,188,585
06/27/2009,APA,CO,ANM,WE,Towers with Radar,0,51,79,8,138,0,44,328,19,391,0,95,407,27,529,348,22,370,899
06/28/2009,APA,CO,ANM,WE,Towers with Radar,0,65,97,3,165,0,21,254,14,289,0,86,351,17,454,370,14,384,838
06/29/2009,APA,CO,ANM,WE,Towers with Radar,0,67,80,2,149,0,31,271,7,309,0,98,351,9,458,530,0,530,988
06/30/2009,APA,CO,ANM,WE,Towers with Radar,0,51,112,12,175,0,58,255,5,318,0,109,367,17,493,560,64,624,1117
07/01/2009,APA,CO,ANM,WE,Towers with Radar,0,65,134,2,201,0,33,253,17,303,0,98,387,19,504,366,12,378,882
07/02/2009,APA,CO,ANM,WE,Towers with Radar,0,88,102,2,192,0,15,204,0,219,0,103,306,2,411,314,2,316,727
07/03/2009,APA,CO,ANM,WE,Towers with Radar,0,66,65,0,131,0,42,175,9,226,0,108,240,9,357,364,4,368,725
07/04/2009,APA,CO,ANM,WE,Towers with Radar,0,53,47,0,100,0,36,111,6,153,0,89,158,6,253,312,4,316,569
07/05/2009,APA,CO,ANM,WE,Towers with Radar,0,41,98,2,141,0,43,93,0,136,0,84,191,2,277,122,0,122,399
07/06/2009,APA,CO,ANM,WE,Towers with Radar,0,52,102,2,156,0,54,279,8,341,0,106,381,10,497,419,30,449,946
07/07/2009,APA,CO,ANM,WE,Towers with Radar,0,72,125,6,203,0,30,263,1,294,0,102,388,7,497,386,14,400,897
07/08/2009,APA,CO,ANM,WE,Towers with Radar,0,64,125,1,190,0,53,354,9,416,0,117,479,10,606,686,2,688,1294
07/09/2009,APA,CO,ANM,WE,Towers with Radar,0,51,139,9,199,0,34,240,1,275,0,85,379,10,474,499,2,501,975
07/10/2009,APA,CO,ANM,WE,Towers with Radar,0,72,86,3,161,0,30,207,0,237,0,102,293,3,398,438,0,438,836
07/11/2009,APA,CO,ANM,WE,Towers with Radar,0,36,56,4,96,0,46,245,7,298,0,82,301,11,394,302,1,303,697
07/12/2009,APA,CO,ANM,WE,Towers with Radar,0,43,82,3,128,0,39,238,5,282,0,82,320,8,410,289,0,289,699
07/13/2009,APA,CO,ANM,WE,Towers with Radar,0,54,77,7,138,0,29,193,7,229,0,83,270,14,367,369,28,397,764
07/14/2009,APA,CO,ANM,WE,Towers with Radar,0,59,154,3,216,0,59,285,1,345,0,118,439,4,561,486,2,488,1049
07/15/2009,APA,CO,ANM,WE,Towers with Radar,0,80,153,0,233,0,30,239,0,269,0,110,392,0,502,506,16,522,1024
07/16/2009,APA,CO,ANM,WE,Towers with Radar,0,79,147,9,235,0,56,347,9,412,0,135,494,18,647,430,4,434,1081
07/17/2009,APA,CO,ANM,WE,Towers with Radar,0,71,102,13,186,0,18,284,13,315,0,89,386,26,501,426,62,488,989
07/18/2009,APA,CO,ANM,WE,Towers with Radar,0,41,56,10,107,0,33,232,16,281,0,74,288,26,388,498,0,498,886
07/19/2009,APA,CO,ANM,WE,Towers with Radar,0,41,78,3,122,0,29,166,0,195,0,70,244,3,317,324,0,324,641
07/20/2009,APA,CO,ANM,WE,Towers with Radar,0,49,91,2,142,0,48,233,9,290,0,97,324,11,432,418,28,446,878
07/21/2009,APA,CO,ANM,WE,Towers with Radar,0,53,143,4,200,0,38,199,4,241,0,91,342,8,441,488,0,488,929
07/22/2009,APA,CO,ANM,WE,Towers with Radar,0,72,129,0,201,0,28,200,0,228,0,100,329,0,429,576,0,576,1005
07/23/2009,APA,CO,ANM,WE,Towers with Radar,0,76,129,7,212,0,15,243,6,264,0,91,372,13,476,480,20,500,976
07/24/2009,APA,CO,ANM,WE,Towers with Radar,0,54,125,16,195,0,35,350,17,402,0,89,475,33,597,466,42,508,1105
07/25/2009,APA,CO,ANM,WE,Towers with Radar,0,33,64,13,110,0,39,184,12,235,0,72,248,25,345,348,30,378,723
07/26/2009,APA,CO,ANM,WE,Towers with Radar,0,47,107,10,164,0,52,197,2,251,0,99,304,12,415,414,0,414,829
07/27/2009,APA,CO,ANM,WE,Towers with Radar,0,63,95,1,159,0,30,207,9,246,0,93,302,10,405,377,34,411,816
07/28/2009,APA,CO,ANM,WE,Towers with Radar,0,82,148,0,230,0,46,103,6,155,0,128,251,6,385,184,26,210,595
07/29/2009,APA,CO,ANM,WE,Towers with Radar,0,86,177,4,267,0,37,95,0,132,0,123,272,4,399,222,0,222,621
07/30/2009,APA,CO,ANM,WE,Towers with Radar,0,69,136,2,207,0,64,114,0,178,0,133,250,2,385,312,2,314,699
07/31/2009,APA,CO,ANM,WE,Towers with Radar,0,61,126,11,198,0,38,268,0,306,0,99,394,11,504,358,10,368,872
08/01/2009,APA,CO,ANM,WE,Towers with Radar,0,51,85,9,145,0,53,349,18,420,0,104,434,27,565,710,0,710,1275
08/02/2009,APA,CO,ANM,WE,Towers with Radar,0,48,124,8,180,0,25,255,0,280,0,73,379,8,460,220,0,220,680
08/03/2009,APA,CO,ANM,WE,Towers with Radar,0,64,111,3,178,0,24,209,8,241,0,88,320,11,419,306,16,322,741
08/04/2009,APA,CO,ANM,WE,Towers with Radar,0,73,138,5,216,0,46,195,8,249,0,119,333,13,465,430,42,472,937
08/05/2009,APA,CO,ANM,WE,Towers with Radar,0,92,155,3,250,0,41,276,4,321,0,133,431,7,571,429,0,429,1000
08/06/2009,APA,CO,ANM,WE,Towers with Radar,0,91,127,2,220,0,23,194,1,218,0,114,321,3,438,328,0,328,766
08/07/2009,APA,CO,ANM,WE,Towers with Radar,0,57,119,4,180,0,49,237,1,287,0,106,356,5,467,278,24,302,769
08/08/2009,APA,CO,ANM,WE,Towers with Radar,0,41,64,4,109,0,47,256,4,307,0,88,320,8,416,488,30,518,934
08/09/2009,APA,CO,ANM,WE,Towers with Radar,0,41,105,4,150,0,35,181,7,223,0,76,286,11,373,342,0,342,715
08/10/2009,APA,CO,ANM,WE,Towers with Radar,0,59,105,2,166,0,38,233,10,281,0,97,338,12,447,467,36,503,950
08/11/2009,APA,CO,ANM,WE,Towers with Radar,0,62,124,2,188,0,25,210,12,247,0,87,334,14,435,417,46,463,898
08/12/2009,APA,CO,ANM,WE,Towers with Radar,0,63,138,4,205,0,41,218,5,264,0,104,356,9,469,502,42,544,1013
08/13/2009,APA,CO,ANM,WE,Towers with Radar,0,63,136,1,200,0,32,201,12,245,0,95,337,13,445,336,26,362,807
08/14/2009,APA,CO,ANM,WE,Towers with Radar,0,68,116,13,197,0,46,274,34,354,0,114,390,47,551,500,40,540,1091
08/15/2009,APA,CO,ANM,WE,Towers with Radar,0,44,75,7,126,0,51,250,12,313,0,95,325,19,439,540,12,552,991
08/16/2009,APA,CO,ANM,WE,Towers with Radar,0,52,115,4,171,0,57,261,7,325,0,109,376,11,496,318,14,332,828
08/17/2009,APA,CO,ANM,WE,Towers with Radar,0,62,111,0,173,0,35,220,7,262,0,97,331,7,435,360,14,374,809
08/18/2009,APA,CO,ANM,WE,Towers with Radar,0,76,91,1,168,0,36,107,6,149,0,112,198,7,317,136,0,136,453
08/19/2009,APA,CO,ANM,WE,Towers with Radar,0,60,120,4,184,0,24,307,9,340,0,84,427,13,524,474,0,474,998
08/20/2009,APA,CO,ANM,WE,Towers with Radar,0,89,126,1,216,0,36,355,9,400,0,125,481,10,616,410,0,410,1026
08/21/2009,APA,CO,ANM,WE,Towers with Radar,0,63,130,15,208,0,26,397,16,439,0,89,527,31,647,532,30,562,1209
08/22/2009,APA,CO,ANM,WE,Towers with Radar,0,39,60,11,110,0,29,317,9,355,0,68,377,20,465,538,14,552,1017
08/23/2009,APA,CO,ANM,WE,Towers with Radar,0,46,104,6,156,0,26,207,3,236,0,72,311,9,392,198,0,198,590
08/24/2009,APA,CO,ANM,WE,Towers with Radar,0,59,95,4,158,0,43,168,6,217,0,102,263,10,375,180,8,188,563
08/25/2009,APA,CO,ANM,WE,Towers with Radar,0,59,116,3,178,0,68,127,3,198,0,127,243,6,376,426,2,428,804
08/26/2009,APA,CO,ANM,WE,Towers with Radar,0,63,124,6,193,0,30,229,5,264,0,93,353,11,457,540,4,544,1001
08/27/2009,APA,CO,ANM,WE,Towers with Radar,0,67,142,3,212,0,52,301,3,356,0,119,443,6,568,344,17,361,929
08/28/2009,APA,CO,ANM,WE,Towers with Radar,0,55,104,11,170,0,38,321,12,371,0,93,425,23,541,428,18,446,987
08/29/2009,APA,CO,ANM,WE,Towers with Radar,0,38,69,3,110,0,26,251,3,280,0,64,320,6,390,444,0,444,834
08/30/2009,APA,CO,ANM,WE,Towers with Radar,0,40,102,2,144,0,25,121,2,148,0,65,223,4,292,298,0,298,590
08/31/2009,APA,CO,ANM,WE,Towers with Radar,0,38,107,2,147,0,27,100,6,133,0,65,207,8,280,200,32,232,512
09/01/2009,APA,CO,ANM,WE,Towers with Radar,0,105,64,2,171,0,2,303,0,305,0,107,367,2,476,520,2,522,998
09/02/2009,APA,CO,ANM,WE,Towers with Radar,0,76,120,6,202,0,18,278,1,297,0,94,398,7,499,506,8,514,1013
09/03/2009,APA,CO,ANM,WE,Towers with Radar,0,80,146,3,229,0,45,259,6,310,0,125,405,9,539,522,28,550,1089
09/04/2009,APA,CO,ANM,WE,Towers with Radar,0,64,108,21,193,0,54,293,0,347,0,118,401,21,540,498,52,550,1090
09/05/2009,APA,CO,ANM,WE,Towers with Radar,0,66,33,6,105,0,17,399,3,419,0,83,432,9,524,459,4,463,987
09/06/2009,APA,CO,ANM,WE,Towers with Radar,0,25,43,3,71,0,20,143,0,163,0,45,186,3,234,255,6,261,495
09/07/2009,APA,CO,ANM,WE,Towers with Radar,0,44,128,5,177,0,38,233,0,271,0,82,361,5,448,470,6,476,924
09/08/2009,APA,CO,ANM,WE,Towers with Radar,0,66,104,5,175,0,42,211,3,256,0,108,315,8,431,340,0,340,771
09/09/2009,APA,CO,ANM,WE,Towers with Radar,0,71,114,4,189,0,30,244,5,279,0,101,358,9,468,510,10,520,988
09/10/2009,APA,CO,ANM,WE,Towers with Radar,0,78,114,3,195,0,50,211,10,271,0,128,325,13,466,549,0,549,1015
09/11/2009,APA,CO,ANM,WE,Towers with Radar,0,68,108,4,180,0,30,223,4,257,0,98,331,8,437,232,8,240,677
09/12/2009,APA,CO,ANM,WE,Towers with Radar,0,41,94,2,137,0,27,145,0,172,0,68,239,2,309,372,0,372,681
09/13/2009,APA,CO,ANM,WE,Towers with Radar,0,46,122,0,168,0,16,80,1,97,0,62,202,1,265,118,0,118,383
09/14/2009,APA,CO,ANM,WE,Towers with Radar,0,57,108,3,168,0,49,228,4,281,0,106,336,7,449,544,0,544,993
09/15/2009,APA,CO,ANM,WE,Towers with Radar,0,60,111,3,174,0,57,238,6,301,0,117,349,9,475,422,64,486,961
09/16/2009,APA,CO,ANM,WE,Towers with Radar,0,69,147,3,219,0,26,256,3,285,0,95,403,6,504,604,2,606,1110
09/17/2009,APA,CO,ANM,WE,Towers with Radar,0,83,118,0,201,0,19,273,3,295,0,102,391,3,496,477,6,483,979
09/18/2009,APA,CO,ANM,WE,Towers with Radar,0,66,112,8,186,0,45,255,5,305,0,111,367,13,491,450,8,458,949
09/19/2009,APA,CO,ANM,WE,Towers with Radar,0,44,70,8,122,0,37,358,17,412,0,81,428,25,534,632,10,642,1176
09/20/2009,APA,CO,ANM,WE,Towers with Radar,0,39,91,11,141,0,43,242,0,285,0,82,333,11,426,414,4,418,844
09/21/2009,APA,CO,ANM,WE,Towers with Radar,0,50,86,0,136,0,7,0,0,7,0,57,86,0,143,38,0,38,181
09/22/2009,APA,CO,ANM,WE,Towers with Radar,0,56,109,2,167,0,38,148,5,191,0,94,257,7,358,260,22,282,640
09/23/2009,APA,CO,ANM,WE,Towers with Radar,0,67,132,0,199,0,16,9,0,25,0,83,141,0,224,48,0,48,272
09/24/2009,APA,CO,ANM,WE,Towers with Radar,0,80,164,5,249,0,42,206,3,251,0,122,370,8,500,338,0,338,838
09/25/2009,APA,CO,ANM,WE,Towers with Radar,0,58,111,5,174,0,69,268,5,342,0,127,379,10,516,597,0,597,1113
09/26/2009,APA,CO,ANM,WE,Towers with Radar,0,43,85,1,129,0,31,333,8,372,0,74,418,9,501,586,16,602,1103
09/27/2009,APA,CO,ANM,WE,Towers with Radar,0,45,100,3,148,0,49,256,3,308,0,94,356,6,456,330,0,330,786
09/28/2009,APA,CO,ANM,WE,Towers with Radar,0,58,93,2,153,0,35,248,5,288,0,93,341,7,441,530,24,554,995
09/29/2009,APA,CO,ANM,WE,Towers with Radar,0,55,121,2,178,0,48,324,3,375,0,103,445,5,553,404,22,426,979
09/30/2009,APA,CO,ANM,WE,Towers with Radar,0,56,94,2,152,0,18,40,0,58,0,74,134,2,210,38,0,38,248
10/01/2009,APA,CO,ANM,WE,Towers with Radar,0,76,109,2,187,0,18,111,2,131,0,94,220,4,318,99,38,137,455
10/02/2009,APA,CO,ANM,WE,Towers with Radar,0,72,128,14,214,0,60,247,6,313,0,132,375,20,527,610,54,664,1191
10/03/2009,APA,CO,ANM,WE,Towers with Radar,0,33,61,9,103,0,49,322,10,381,0,82,383,19,484,578,0,578,1062
10/04/2009,APA,CO,ANM,WE,Towers with Radar,0,38,101,10,149,0,18,153,1,172,0,56,254,11,321,380,4,384,705
10/05/2009,APA,CO,ANM,WE,Towers with Radar,0,46,81,4,131,0,30,35,1,66,0,76,116,5,197,130,0,130,327
10/06/2009,APA,CO,ANM,WE,Towers with Radar,0,71,98,1,170,0,29,260,5,294,0,100,358,6,464,474,0,474,938
10/07/2009,APA,CO,ANM,WE,Towers with Radar,0,55,130,0,185,0,54,380,6,440,0,109,510,6,625,791,0,791,1416
10/08/2009,APA,CO,ANM,WE,Towers with Radar,0,74,106,0,180,0,5,0,0,5,0,79,106,0,185,0,0,0,185
10/09/2009,APA,CO,ANM,WE,Towers with Radar,0,66,135,3,204,0,25,251,3,279,0,91,386,6,483,490,0,490,973
10/10/2009,APA,CO,ANM,WE,Towers with Radar,0,50,36,0,86,0,8,0,0,8,0,58,36,0,94,0,0,0,94
10/11/2009,APA,CO,ANM,WE,Towers with Radar,0,64,97,0,161,0,14,46,5,65,0,78,143,5,226,210,0,210,436
10/12/2009,APA,CO,ANM,WE,Towers with Radar,0,54,124,12,190,0,19,19,11,49,0,73,143,23,239,388,3,391,630
10/13/2009,APA,CO,ANM,WE,Towers with Radar,0,66,132,7,205,0,31,115,2,148,0,97,247,9,353,280,0,280,633
10/14/2009,APA,CO,ANM,WE,Towers with Radar,0,72,140,7,219,0,42,165,3,210,0,114,305,10,429,204,6,210,639
10/15/2009,APA,CO,ANM,WE,Towers with Radar,0,62,133,4,199,0,66,318,7,391,0,128,451,11,590,358,36,394,984
10/16/2009,APA,CO,ANM,WE,Towers with Radar,0,57,141,9,207,0,102,392,5,499,0,159,533,14,706,580,12,592,1298
10/17/2009,APA,CO,ANM,WE,Towers with Radar,0,30,77,15,122,0,65,326,15,406,0,95,403,30,528,534,24,558,1086
10/18/2009,APA,CO,ANM,WE,Towers with Radar,0,42,118,10,170,0,50,319,5,374,0,92,437,15,544,358,2,360,904
10/19/2009,APA,CO,ANM,WE,Towers with Radar,0,33,108,2,143,0,42,180,8,230,0,75,288,10,373,476,20,496,869
10/20/2009,APA,CO,ANM,WE,Towers with Radar,0,67,114,2,183,0,28,64,0,92,0,95,178,2,275,139,0,139,414
10/21/2009,APA,CO,ANM,WE,Towers with Radar,0,67,84,4,155,0,0,0,0,0,0,67,84,4,155,0,0,0,155
10/22/2009,APA,CO,ANM,WE,Towers with Radar,0,78,131,1,210,0,40,136,9,185,0,118,267,10,395,228,14,242,637
10/23/2009,APA,CO,ANM,WE,Towers with Radar,0,58,106,8,172,0,69,249,10,328,0,127,355,18,500,560,66,626,1126
10/24/2009,APA,CO,ANM,WE,Towers with Radar,0,29,71,2,102,0,36,235,0,271,0,65,306,2,373,279,0,279,652
10/25/2009,APA,CO,ANM,WE,Towers with Radar,0,54,71,1,126,0,12,19,0,31,0,66,90,1,157,24,0,24,181
10/26/2009,APA,CO,ANM,WE,Towers with Radar,0,52,116,1,169,0,42,188,2,232,0,94,304,3,401,354,8,362,763
10/27/2009,APA,CO,ANM,WE,Towers with Radar,0,72,147,0,219,0,43,210,6,259,0,115,357,6,478,280,24,304,782
10/28/2009,APA,CO,ANM,WE,Towers with Radar,0,50,65,1,116,0,0,0,0,0,0,50,65,1,116,0,0,0,116
10/29/2009,APA,CO,ANM,WE,Towers with Radar,0,46,62,0,108,0,0,0,0,0,0,46,62,0,108,0,0,0,108
10/30/2009,APA,CO,ANM,WE,Towers with Radar,0,82,79,1,162,0,36,72,0,108,0,118,151,1,270,108,0,108,378
10/31/2009,APA,CO,ANM,WE,Towers with Radar,0,34,42,4,80,0,44,292,7,343,0,78,334,11,423,703,20,723,1146
11/01/2009,APA,CO,ANM,WE,Towers with Radar,0,40,97,3,140,0,27,277,9,313,0,67,374,12,453,632,0,632,1085
11/02/2009,APA,CO,ANM,WE,Towers with Radar,0,52,106,3,161,0,157,28,4,189,0,209,134,7,350,361,0,361,711
11/03/2009,APA,CO,ANM,WE,Towers with Radar,0,70,112,0,182,0,48,258,6,312,0,118,370,6,494,532,20,552,1046
11/04/2009,APA,CO,ANM,WE,Towers with Radar,0,75,151,0,226,0,36,270,10,316,0,111,421,10,542,436,18,454,996
11/05/2009,APA,CO,ANM,WE,Towers with Radar,0,65,154,4,223,0,39,321,3,363,0,104,475,7,586,384,20,404,990
11/06/2009,APA,CO,ANM,WE,Towers with Radar,0,62,118,10,190,0,45,201,7,253,0,107,319,17,443,322,34,356,799
11/07/2009,APA,CO,ANM,WE,Towers with Radar,0,31,59,4,94,0,37,359,13,409,0,68,418,17,503,583,10,593,1096
11/08/2009,APA,CO,ANM,WE,Towers with Radar,0,46,113,2,161,0,24,230,1,255,0,70,343,3,416,476,0,476,892
11/09/2009,APA,CO,ANM,WE,Towers with Radar,0,48,116,2,166,0,47,177,9,233,0,95,293,11,399,208,26,234,633
11/10/2009,APA,CO,ANM,WE,Towers with Radar,0,60,132,6,198,0,53,224,3,280,0,113,356,9,478,404,22,426,904
11/11/2009,APA,CO,ANM,WE,Towers with Radar,0,50,123,0,173,0,19,248,2,269,0,69,371,2,442,536,0,536,978
11/12/2009,APA,CO,ANM,WE,Towers with Radar,0,58,109,2,169,0,2,173,6,181,0,60,282,8,350,226,52,278,628
11/13/2009,APA,CO,ANM,WE,Towers with Radar,0,49,102,3,154,0,30,59,3,92,0,79,161,6,246,198,2,200,446
11/14/2009,APA,CO,ANM,WE,Towers with Radar,0,28,34,0,62,0,12,127,4,143,0,40,161,4,205,107,0,107,312
11/15/2009,APA,CO,ANM,WE,Towers with Radar,0,29,56,0,85,0,5,0,0,5,0,34,56,0,90,0,0,0,90
11/16/2009,APA,CO,ANM,WE,Towers with Radar,0,59,97,3,159,0,30,112,4,146,0,89,209,7,305,180,14,194,499
11/17/2009,APA,CO,ANM,WE,Towers with Radar,0,68,111,2,181,0,41,264,3,308,0,109,375,5,489,497,24,521,1010
11/18/2009,APA,CO,ANM,WE,Towers with Radar,0,62,137,3,202,0,16,283,10,309,0,78,420,13,511,500,80,580,1091
11/19/2009,APA,CO,ANM,WE,Towers with Radar,0,77,146,2,225,0,25,206,8,239,0,102,352,10,464,294,16,310,774
11/20/2009,APA,CO,ANM,WE,Towers with Radar,0,61,123,3,187,0,41,304,14,359,0,102,427,17,546,524,48,572,1118
11/21/2009,APA,CO,ANM,WE,Towers with Radar,0,36,102,0,138,0,35,275,0,310,0,71,377,0,448,371,0,371,819
11/22/2009,APA,CO,ANM,WE,Towers with Radar,0,31,62,2,95,0,36,206,0,242,0,67,268,2,337,352,0,352,689
11/23/2009,APA,CO,ANM,WE,Towers with Radar,0,47,91,0,138,0,46,132,0,178,0,93,223,0,316,256,10,266,582
11/24/2009,APA,CO,ANM,WE,Towers with Radar,0,68,127,0,195,0,25,308,19,352,0,93,435,19,547,518,52,570,1117
11/25/2009,APA,CO,ANM,WE,Towers with Radar,0,74,117,0,191,0,26,239,0,265,0,100,356,0,456,330,0,330,786
11/26/2009,APA,CO,ANM,WE,Towers with Radar,0,20,28,0,48,0,15,129,0,144,0,35,157,0,192,156,0,156,348
11/27/2009,APA,CO,ANM,WE,Towers with Radar,0,34,54,0,88,0,47,262,3,312,0,81,316,3,400,464,0,464,864
11/28/2009,APA,CO,ANM,WE,Towers with Radar,0,45,88,0,133,0,20,253,1,274,0,65,341,1,407,382,2,384,791
11/29/2009,APA,CO,ANM,WE,Towers with Radar,0,52,115,0,167,0,14,181,0,195,0,66,296,0,362,258,0,258,620
11/30/2009,APA,CO,ANM,WE,Towers with Radar,0,45,101,5,151,0,34,141,22,197,0,79,242,27,348,299,28,327,675
12/01/2009,APA,CO,ANM,WE,Towers with Radar,0,58,111,0,169,0,52,221,11,284,0,110,332,11,453,370,16,386,839
12/02/2009,APA,CO,ANM,WE,Towers with Radar,0,75,84,6,165,0,19,1,3,23,0,94,85,9,188,2,8,10,198
12/03/2009,APA,CO,ANM,WE,Towers with Radar,0,68,109,1,178,0,20,81,1,102,0,88,190,2,280,68,10,78,358
12/04/2009,APA,CO,ANM,WE,Towers with Radar,0,76,101,0,177,0,24,158,4,186,0,100,259,4,363,274,0,274,637
12/05/2009,APA,CO,ANM,WE,Towers with Radar,0,27,66,4,97,0,68,254,3,325,0,95,320,7,422,490,2,492,914
12/06/2009,APA,CO,ANM,WE,Towers with Radar,0,32,37,2,71,0,0,1,0,1,0,32,38,2,72,0,0,0,72
12/07/2009,APA,CO,ANM,WE,Towers with Radar,0,51,66,0,117,0,13,14,0,27,0,64,80,0,144,28,0,28,172
12/08/2009,APA,CO,ANM,WE,Towers with Radar,0,69,61,0,130,0,9,10,0,19,0,78,71,0,149,0,0,0,149
12/09/2009,APA,CO,ANM,WE,Towers with Radar,0,67,112,3,182,0,22,81,8,111,0,89,193,11,293,83,10,93,386
12/10/2009,APA,CO,ANM,WE,Towers with Radar,0,80,107,2,189,0,28,105,1,134,0,108,212,3,323,306,0,306,629
12/11/2009,APA,CO,ANM,WE,Towers with Radar,0,56,108,1,165,0,20,184,11,215,0,76,292,12,380,338,50,388,768
12/12/2009,APA,CO,ANM,WE,Towers with Radar,0,48,80,3,131,0,43,250,5,298,0,91,330,8,429,484,10,494,923
12/13/2009,APA,CO,ANM,WE,Towers with Radar,0,37,60,2,99,0,10,40,0,50,0,47,100,2,149,4,0,4,153
12/14/2009,APA,CO,ANM,WE,Towers with Radar,0,60,120,4,184,0,44,260,18,322,0,104,380,22,506,444,36,480,986
12/15/2009,APA,CO,ANM,WE,Towers with Radar,0,81,110,1,192,0,31,232,18,281,0,112,342,19,473,438,66,504,977
12/16/2009,APA,CO,ANM,WE,Towers with Radar,0,85,134,5,224,0,20,315,4,339,0,105,449,9,563,436,14,450,1013
12/17/2009,APA,CO,ANM,WE,Towers with Radar,0,73,137,8,218,0,47,225,1,273,0,120,362,9,491,354,0,354,845
12/18/2009,APA,CO,ANM,WE,Towers with Radar,0,84,87,10,181,0,43,150,14,207,0,127,237,24,388,315,34,349,737
12/19/2009,APA,CO,ANM,WE,Towers with Radar,0,30,97,1,128,0,29,221,12,262,0,59,318,13,390,422,6,428,818
12/20/2009,APA,CO,ANM,WE,Towers with Radar,0,43,76,1,120,0,28,301,2,331,0,71,377,3,451,584,0,584,1035
12/21/2009,APA,CO,ANM,WE,Towers with Radar,0,74,88,3,165,0,44,201,0,245,0,118,289,3,410,256,2,258,668
12/22/2009,APA,CO,ANM,WE,Towers with Radar,0,88,93,2,183,0,41,211,3,255,0,129,304,5,438,350,0,350,788
12/23/2009,APA,CO,ANM,WE,Towers with Radar,0,72,52,0,124,0,0,0,0,0,0,72,52,0,124,0,0,0,124
12/24/2009,APA,CO,ANM,WE,Towers with Radar,0,55,32,0,87,0,18,18,0,36,0,73,50,0,123,38,0,38,161
12/25/2009,APA,CO,ANM,WE,Towers with Radar,0,31,28,0,59,0,7,14,0,21,0,38,42,0,80,56,0,56,136
12/26/2009,APA,CO,ANM,WE,Towers with Radar,0,53,72,0,125,0,11,21,0,32,0,64,93,0,157,46,0,46,203
12/27/2009,APA,CO,ANM,WE,Towers with Radar,0,52,88,0,140,0,12,171,2,185,0,64,259,2,325,198,2,200,525
12/28/2009,APA,CO,ANM,WE,Towers with Radar,0,50,91,3,144,0,41,146,3,190,0,91,237,6,334,115,4,119,453
12/29/2009,APA,CO,ANM,WE,Towers with Radar,0,60,72,5,137,0,36,166,0,202,0,96,238,5,339,272,0,272,611
12/30/2009,APA,CO,ANM,WE,Towers with Radar,0,74,89,0,163,0,21,188,2,211,0,95,277,2,374,306,2,308,682
12/31/2009,APA,CO,ANM,WE,Towers with Radar,0,57,63,0,120,0,21,169,0,190,0,78,232,0,310,166,0,166,476
01/01/2010,APA,CO,ANM,WE,Towers with Radar,0,55,59,0,114,0,8,182,0,190,0,63,241,0,304,196,0,196,500
01/02/2010,APA,CO,ANM,WE,Towers with Radar,0,79,99,0,178,0,43,224,2,269,0,122,323,2,447,348,0,348,795
01/03/2010,APA,CO,ANM,WE,Towers with Radar,0,62,137,0,199,0,30,156,0,186,0,92,293,0,385,282,0,282,667
01/04/2010,APA,CO,ANM,WE,Towers with Radar,0,57,94,1,152,0,33,253,2,288,0,90,347,3,440,326,0,326,766
01/05/2010,APA,CO,ANM,WE,Towers with Radar,0,61,101,2,164,0,43,291,4,338,0,104,392,6,502,376,24,400,902
01/06/2010,APA,CO,ANM,WE,Towers with Radar,0,47,75,0,122,0,0,2,0,2,0,47,77,0,124,0,0,0,124
01/07/2010,APA,CO,ANM,WE,Towers with Radar,0,69,86,0,155,0,29,99,4,132,0,98,185,4,287,98,12,110,397
01/08/2010,APA,CO,ANM,WE,Towers with Radar,0,64,84,3,151,0,24,189,6,219,0,88,273,9,370,226,22,248,618
01/09/2010,APA,CO,ANM,WE,Towers with Radar,0,29,56,4,89,0,14,245,0,259,0,43,301,4,348,396,0,396,744
01/10/2010,APA,CO,ANM,WE,Towers with Radar,0,37,73,1,111,0,48,269,1,318,0,85,342,2,429,570,0,570,999
01/11/2010,APA,CO,ANM,WE,Towers with Radar,0,50,78,4,132,0,32,193,0,225,0,82,271,4,357,342,0,342,699
01/12/2010,APA,CO,ANM,WE,Towers with Radar,0,63,117,8,188,0,25,283,1,309,0,88,400,9,497,450,42,492,989
01/13/2010,APA,CO,ANM,WE,Towers with Radar,0,62,128,3,193,0,22,309,0,331,0,84,437,3,524,470,2,472,996
01/14/2010,APA,CO,ANM,WE,Towers with Radar,0,66,117,0,183,0,71,275,5,351,0,137,392,5,534,454,10,464,998
01/15/2010,APA,CO,ANM,WE,Towers with Radar,2,66,115,23,206,0,28,200,7,235,2,94,315,30,441,202,40,242,683
01/16/2010,APA,CO,ANM,WE,Towers with Radar,0,21,69,3,93,0,9,285,6,300,0,30,354,9,393,468,2,470,863
01/17/2010,APA,CO,ANM,WE,Towers with Radar,0,24,89,4,117,0,19,181,5,205,0,43,270,9,322,326,0,326,648
01/18/2010,APA,CO,ANM,WE,Towers with Radar,0,41,99,23,163,0,20,189,7,216,0,61,288,30,379,270,2,272,651
01/19/2010,APA,CO,ANM,WE,Towers with Radar,0,60,106,4,170,0,35,164,14,213,0,95,270,18,383,290,32,322,705
01/20/2010,APA,CO,ANM,WE,Towers with Radar,0,69,117,2,188,0,27,147,1,175,0,96,264,3,363,302,2,304,667
01/21/2010,APA,CO,ANM,WE,Towers with Radar,0,67,109,3,179,0,40,108,5,153,0,107,217,8,332,170,10,180,512
01/22/2010,APA,CO,ANM,WE,Towers with Radar,0,56,97,8,161,0,27,162,5,194,0,83,259,13,355,216,34,250,605
01/23/2010,APA,CO,ANM,WE,Towers with Radar,0,41,64,0,105,0,21,222,0,243,0,62,286,0,348,245,0,245,593
01/24/2010,APA,CO,ANM,WE,Towers with Radar,0,30,69,0,99,0,13,31,0,44,0,43,100,0,143,8,0,8,151
01/25/2010,APA,CO,ANM,WE,Towers with Radar,0,43,73,3,119,0,20,184,8,212,0,63,257,11,331,267,0,267,598
01/26/2010,APA,CO,ANM,WE,Towers with Radar,0,62,114,1,177,0,52,256,8,316,0,114,370,9,493,306,4,310,803
01/27/2010,APA,CO,ANM,WE,Towers with Radar,0,53,93,2,148,0,9,157,3,169,0,62,250,5,317,329,16,345,662
01/28/2010,APA,CO,ANM,WE,Towers with Radar,0,60,90,0,150,0,20,6,0,26,0,80,96,0,176,6,0,6,182
01/29/2010,APA,CO,ANM,WE,Towers with Radar,0,59,96,15,170,0,34,202,4,240,0,93,298,19,410,344,10,354,764
01/30/2010,APA,CO,ANM,WE,Towers with Radar,0,23,69,12,104,0,23,299,7,329,0,46,368,19,433,472,2,474,907
01/31/2010,APA,CO,ANM,WE,Towers with Radar,0,44,75,2,121,0,15,279,2,296,0,59,354,4,417,346,0,346,763
02/01/2010,APA,CO,ANM,WE,Towers with Radar,0,55,110,3,168,0,24,158,11,193,0,79,268,14,361,218,36,254,615
02/02/2010,APA,CO,ANM,WE,Towers with Radar,0,57,84,5,146,0,31,286,7,324,0,88,370,12,470,450,22,472,942
02/03/2010,APA,CO,ANM,WE,Towers with Radar,0,56,150,10,216,0,34,287,16,337,0,90,437,26,553,392,42,434,987
02/04/2010,APA,CO,ANM,WE,Towers with Radar,0,72,97,5,174,0,16,118,5,139,0,88,215,10,313,154,24,178,491
02/05/2010,APA,CO,ANM,WE,Towers with Radar,0,66,121,5,192,0,37,254,10,301,0,103,375,15,493,398,62,460,953
02/06/2010,APA,CO,ANM,WE,Towers with Radar,0,38,53,1,92,0,31,290,1,322,0,69,343,2,414,486,2,488,902
02/07/2010,APA,CO,ANM,WE,Towers with Radar,0,29,44,2,75,0,3,7,0,10,0,32,51,2,85,0,0,0,85
02/08/2010,APA,CO,ANM,WE,Towers with Radar,0,59,86,0,145,0,3,1,0,4,0,62,87,0,149,0,0,0,149
02/09/2010,APA,CO,ANM,WE,Towers with Radar,0,64,134,3,201,0,17,160,13,190,0,81,294,16,391,208,0,208,599
02/10/2010,APA,CO,ANM,WE,Towers with Radar,0,69,149,1,219,0,33,285,17,335,0,102,434,18,554,406,80,486,1040
02/11/2010,APA,CO,ANM,WE,Towers with Radar,0,79,139,5,223,0,31,294,13,338,0,110,433,18,561,442,44,486,1047
02/12/2010,APA,CO,ANM,WE,Towers with Radar,0,85,112,11,208,0,25,243,3,271,0,110,355,14,479,420,2,422,901
02/13/2010,APA,CO,ANM,WE,Towers with Radar,0,44,55,4,103,0,24,222,2,248,0,68,277,6,351,454,2,456,807
02/14/2010,APA,CO,ANM,WE,Towers with Radar,0,43,42,0,85,0,16,43,0,59,0,59,85,0,144,70,0,70,214
02/15/2010,APA,CO,ANM,WE,Towers with Radar,0,71,100,4,175,0,32,204,5,241,0,103,304,9,416,293,8,301,717
02/16/2010,APA,CO,ANM,WE,Towers with Radar,0,85,105,3,193,0,17,187,40,244,0,102,292,43,437,354,28,382,819
02/17/2010,APA,CO,ANM,WE,Towers with Radar,0,66,153,3,222,0,44,199,5,248,0,110,352,8,470,496,30,526,996
02/18/2010,APA,CO,ANM,WE,Towers with Radar,0,84,93,3,180,0,25,87,0,112,0,109,180,3,292,92,0,92,384
02/19/2010,APA,CO,ANM,WE,Towers with Radar,0,60,83,2,145,0,7,15,0,22,0,67,98,2,167,0,2,2,169
02/20/2010,APA,CO,ANM,WE,Towers with Radar,0,37,47,0,84,0,0,0,0,0,0,37,47,0,84,0,0,0,84
02/21/2010,APA,CO,ANM,WE,Towers with Radar,0,46,61,1,108,0,0,0,0,0,0,46,61,1,108,0,0,0,108
02/22/2010,APA,CO,ANM,WE,Towers with Radar,0,58,94,2,154,0,24,61,0,85,0,82,155,2,239,42,0,42,281
02/23/2010,APA,CO,ANM,WE,Towers with Radar,0,59,126,3,188,0,65,306,9,380,0,124,432,12,568,350,46,396,964
02/24/2010,APA,CO,ANM,WE,Towers with Radar,0,61,139,3,203,0,28,248,15,291,0,89,387,18,494,510,64,574,1068
02/25/2010,APA,CO,ANM,WE,Towers with Radar,0,77,128,0,205,0,12,104,5,121,0,89,232,5,326,122,16,138,464
02/26/2010,APA,CO,ANM,WE,Towers with Radar,0,77,137,7,221,0,46,293,15,354,0,123,430,22,575,556,46,602,1177
02/27/2010,APA,CO,ANM,WE,Towers with Radar,0,44,86,1,131,0,23,418,5,446,0,67,504,6,577,610,4,614,1191
02/28/2010,APA,CO,ANM,WE,Towers with Radar,0,38,69,2,109,28,37,0,0,65,28,75,69,2,174,280,0,280,454
03/01/2010,APA,CO,ANM,WE,Towers with Radar,0,50,103,0,153,0,24,82,0,106,0,74,185,0,259,132,0,132,391
03/02/2010,APA,CO,ANM,WE,Towers with Radar,0,55,117,2,174,0,62,296,6,364,0,117,413,8,538,454,18,472,1010
03/03/2010,APA,CO,ANM,WE,Towers with Radar,0,57,126,6,189,0,26,227,8,261,0,83,353,14,450,366,22,388,838
03/04/2010,APA,CO,ANM,WE,Towers with Radar,0,64,116,5,185,0,41,295,4,340,0,105,411,9,525,442,22,464,989
03/05/2010,APA,CO,ANM,WE,Towers with Radar,0,69,99,3,171,0,60,179,1,240,0,129,278,4,411,354,0,354,765
03/06/2010,APA,CO,ANM,WE,Towers with Radar,0,45,67,8,120,0,52,318,14,384,0,97,385,22,504,696,24,720,1224
03/07/2010,APA,CO,ANM,WE,Towers with Radar,0,40,88,7,135,0,34,207,23,264,0,74,295,30,399,525,20,545,944
03/08/2010,APA,CO,ANM,WE,Towers with Radar,0,53,99,0,152,0,16,52,1,69,0,69,151,1,221,98,0,98,319
03/09/2010,APA,CO,ANM,WE,Towers with Radar,0,63,113,0,176,0,41,245,4,290,0,104,358,4,466,352,36,388,854
03/10/2010,APA,CO,ANM,WE,Towers with Radar,0,75,119,1,195,0,13,80,2,95,0,88,199,3,290,154,0,154,444
03/11/2010,APA,CO,ANM,WE,Towers with Radar,0,73,148,8,229,0,49,227,15,291,0,122,375,23,520,354,134,488,1008
03/12/2010,APA,CO,ANM,WE,Towers with Radar,0,51,137,8,196,0,35,297,9,341,0,86,434,17,537,480,10,490,1027
03/13/2010,APA,CO,ANM,WE,Towers with Radar,0,49,86,1,136,0,40,397,8,445,0,89,483,9,581,635,24,659,1240
03/14/2010,APA,CO,ANM,WE,Towers with Radar,0,34,64,0,98,0,8,29,0,37,0,42,93,0,135,78,0,78,213
03/15/2010,APA,CO,ANM,WE,Towers with Radar,0,43,106,0,149,0,16,124,5,145,0,59,230,5,294,178,34,212,506
03/16/2010,APA,CO,ANM,WE,Towers with Radar,0,59,132,2,193,0,53,387,7,447,0,112,519,9,640,558,24,582,1222
03/17/2010,APA,CO,ANM,WE,Towers with Radar,0,56,159,3,218,0,41,333,42,416,0,97,492,45,634,544,50,594,1228
03/18/2010,APA,CO,ANM,WE,Towers with Radar,0,75,170,3,248,0,64,271,5,340,0,139,441,8,588,434,60,494,1082
03/19/2010,APA,CO,ANM,WE,Towers with Radar,0,63,75,0,138,0,2,0,0,2,0,65,75,0,140,0,0,0,140
03/20/2010,APA,CO,ANM,WE,Towers with Radar,0,27,83,4,114,0,32,126,1,159,0,59,209,5,273,266,4,270,543
03/21/2010,APA,CO,ANM,WE,Towers with Radar,0,40,79,3,122,0,25,303,6,334,0,65,382,9,456,636,0,636,1092
03/22/2010,APA,CO,ANM,WE,Towers with Radar,0,57,142,4,203,0,37,238,9,284,0,94,380,13,487,615,44,659,1146
03/23/2010,APA,CO,ANM,WE,Towers with Radar,0,45,103,0,148,0,13,139,21,173,0,58,242,21,321,248,54,302,623
03/24/2010,APA,CO,ANM,WE,Towers with Radar,0,58,94,0,152,0,13,21,0,34,0,71,115,0,186,48,4,52,238
03/25/2010,APA,CO,ANM,WE,Towers with Radar,0,74,123,2,199,0,26,181,8,215,0,100,304,10,414,382,10,392,806
03/26/2010,APA,CO,ANM,WE,Towers with Radar,0,57,117,2,176,0,44,198,2,244,0,101,315,4,420,290,0,290,710
03/27/2010,APA,CO,ANM,WE,Towers with Radar,0,31,48,3,82,0,13,29,0,42,0,44,77,3,124,12,0,12,136
03/28/2010,APA,CO,ANM,WE,Towers with Radar,0,52,91,1,144,0,28,375,1,404,0,80,466,2,548,629,2,631,1179
03/29/2010,APA,CO,ANM,WE,Towers with Radar,0,63,102,0,165,0,17,194,11,222,0,80,296,11,387,324,45,369,756
03/30/2010,APA,CO,ANM,WE,Towers with Radar,0,57,127,4,188,0,31,195,4,230,0,88,322,8,418,210,14,224,642
03/31/2010,APA,CO,ANM,WE,Towers with Radar,0,57,161,4,222,0,30,235,22,287,0,87,396,26,509,410,113,523,1032
04/01/2010,APA,CO,ANM,WE,Towers with Radar,0,71,83,2,156,0,137,2,0,139,0,208,85,2,295,162,16,178,473
04/02/2010,APA,CO,ANM,WE,Towers with Radar,0,77,107,1,185,0,34,146,7,187,0,111,253,8,372,242,30,272,644
04/03/2010,APA,CO,ANM,WE,Towers with Radar,0,44,76,0,120,0,26,161,1,188,0,70,237,1,308,138,14,152,460
04/04/2010,APA,CO,ANM,WE,Towers with Radar,0,35,82,2,119,0,13,112,1,126,0,48,194,3,245,288,0,288,533
04/05/2010,APA,CO,ANM,WE,Towers with Radar,0,47,93,0,140,0,24,108,0,132,0,71,201,0,272,196,0,196,468
04/06/2010,APA,CO,ANM,WE,Towers with Radar,0,56,104,0,160,0,44,65,0,109,0,100,169,0,269,103,0,103,372
04/07/2010,APA,CO,ANM,WE,Towers with Radar,0,63,136,4,203,0,26,133,1,160,0,89,269,5,363,208,38,246,609
04/08/2010,APA,CO,ANM,WE,Towers with Radar,0,69,152,3,224,0,18,362,7,387,0,87,514,10,611,782,22,804,1415
04/09/2010,APA,CO,ANM,WE,Towers with Radar,0,57,159,3,219,0,36,313,3,352,0,93,472,6,571,346,10,356,927
04/10/2010,APA,CO,ANM,WE,Towers with Radar,0,37,72,10,119,0,47,317,9,373,0,84,389,19,492,598,4,602,1094
04/11/2010,APA,CO,ANM,WE,Towers with Radar,0,40,99,6,145,0,38,365,2,405,0,78,464,8,550,540,4,544,1094
04/12/2010,APA,CO,ANM,WE,Towers with Radar,0,35,128,5,168,0,37,191,5,233,0,72,319,10,401,330,34,364,765
04/13/2010,APA,CO,ANM,WE,Towers with Radar,0,72,97,2,171,0,39,86,2,127,0,111,183,4,298,84,8,92,390
04/14/2010,APA,CO,ANM,WE,Towers with Radar,0,57,152,5,214,0,33,369,2,404,0,90,521,7,618,465,16,481,1099
04/15/2010,APA,CO,ANM,WE,Towers with Radar,0,60,115,4,179,0,35,296,12,343,0,95,411,16,522,458,18,476,998
04/16/2010,APA,CO,ANM,WE,Towers with Radar,0,49,128,4,181,0,59,209,5,273,0,108,337,9,454,288,6,294,748
04/17/2010,APA,CO,ANM,WE,Towers with Radar,0,39,63,0,102,0,25,82,0,107,0,64,145,0,209,246,0,246,455
04/18/2010,APA,CO,ANM,WE,Towers with Radar,0,41,102,1,144,0,37,248,0,285,0,78,350,1,429,594,0,594,1023
04/19/2010,APA,CO,ANM,WE,Towers with Radar,0,50,113,4,167,0,41,311,8,360,0,91,424,12,527,538,66,604,1131
04/20/2010,APA,CO,ANM,WE,Towers with Radar,0,54,126,1,181,0,16,100,0,116,0,70,226,1,297,150,12,162,459
04/21/2010,APA,CO,ANM,WE,Towers with Radar,0,71,131,0,202,0,13,132,0,145,0,84,263,0,347,242,22,264,611
04/22/2010,APA,CO,ANM,WE,Towers with Radar,0,58,97,3,158,0,13,51,5,69,0,71,148,8,227,188,12,200,427
04/23/2010,APA,CO,ANM,WE,Towers with Radar,0,58,70,3,131,0,7,4,0,11,0,65,74,3,142,0,0,0,142
04/24/2010,APA,CO,ANM,WE,Towers with Radar,0,19,50,2,71,0,19,83,2,104,0,38,133,4,175,120,0,120,295
04/25/2010,APA,CO,ANM,WE,Towers with Radar,0,44,96,2,142,0,16,169,4,189,0,60,265,6,331,230,3,233,564
04/26/2010,APA,CO,ANM,WE,Towers with Radar,0,45,103,4,152,0,31,180,2,213,0,76,283,6,365,422,4,426,791
04/27/2010,APA,CO,ANM,WE,Towers with Radar,0,65,115,4,184,0,34,313,22,369,0,99,428,26,553,414,90,504,1057
04/28/2010,APA,CO,ANM,WE,Towers with Radar,0,48,118,8,174,0,26,59,1,86,0,74,177,9,260,40,0,40,300
04/29/2010,APA,CO,ANM,WE,Towers with Radar,0,67,120,2,189,0,9,12,0,21,0,76,132,2,210,24,0,24,234
04/30/2010,APA,CO,ANM,WE,Towers with Radar,0,46,116,6,168,0,45,184,5,234,0,91,300,11,402,200,10,210,612
05/01/2010,APA,CO,ANM,WE,Towers with Radar,0,50,77,2,129,0,34,263,4,301,0,84,340,6,430,578,8,586,1016
05/02/2010,APA,CO,ANM,WE,Towers with Radar,0,48,80,0,128,0,29,237,1,267,0,77,317,1,395,466,0,466,861
05/03/2010,APA,CO,ANM,WE,Towers with Radar,0,64,103,5,172,0,42,269,9,320,0,106,372,14,492,504,44,548,1040
05/04/2010,APA,CO,ANM,WE,Towers with Radar,0,48,112,0,160,0,36,85,0,121,0,84,197,0,281,60,0,60,341
05/05/2010,APA,CO,ANM,WE,Towers with Radar,0,42,157,5,204,0,43,255,10,308,0,85,412,15,512,510,54,564,1076
05/06/2010,APA,CO,ANM,WE,Towers with Radar,0,56,137,1,194,0,37,183,5,225,0,93,320,6,419,260,2,262,681
05/07/2010,APA,CO,ANM,WE,Towers with Radar,0,59,116,3,178,0,48,246,12,306,0,107,362,15,484,540,58,598,1082
05/08/2010,APA,CO,ANM,WE,Towers with Radar,0,24,73,1,98,0,45,474,2,521,0,69,547,3,619,482,0,482,1101
05/09/2010,APA,CO,ANM,WE,Towers with Radar,0,40,77,0,117,0,20,226,0,246,0,60,303,0,363,331,0,331,694
05/10/2010,APA,CO,ANM,WE,Towers with Radar,0,46,97,1,144,0,27,143,2,172,0,73,240,3,316,340,0,340,656
05/11/2010,APA,CO,ANM,WE,Towers with Radar,0,51,126,1,178,0,26,107,0,133,0,77,233,1,311,240,0,240,551
05/12/2010,APA,CO,ANM,WE,Towers with Radar,0,47,107,0,154,0,0,16,1,17,0,47,123,1,171,38,0,38,209
05/13/2010,APA,CO,ANM,WE,Towers with Radar,0,52,119,2,173,0,44,149,0,193,0,96,268,2,366,308,10,318,684
05/14/2010,APA,CO,ANM,WE,Towers with Radar,0,60,98,3,161,0,23,196,0,219,0,83,294,3,380,316,8,324,704
05/15/2010,APA,CO,ANM,WE,Towers with Radar,0,24,76,0,100,0,16,196,0,212,0,40,272,0,312,375,1,376,688
05/16/2010,APA,CO,ANM,WE,Towers with Radar,0,41,97,0,138,0,32,330,0,362,0,73,427,0,500,477,0,477,977
05/17/2010,APA,CO,ANM,WE,Towers with Radar,0,57,114,7,178,0,39,336,10,385,0,96,450,17,563,416,40,456,1019
05/18/2010,APA,CO,ANM,WE,Towers with Radar,0,68,127,1,196,0,41,84,0,125,0,109,211,1,321,212,0,212,533
05/19/2010,APA,CO,ANM,WE,Towers with Radar,0,56,122,0,178,0,34,310,8,352,0,90,432,8,530,538,48,586,1116
05/20/2010,APA,CO,ANM,WE,Towers with Radar,0,48,166,2,216,0,44,393,8,445,0,92,559,10,661,752,26,778,1439
05/21/2010,APA,CO,ANM,WE,Towers with Radar,0,65,136,1,202,0,40,390,4,434,0,105,526,5,636,498,2,500,1136
05/22/2010,APA,CO,ANM,WE,Towers with Radar,0,22,39,0,61,0,20,69,0,89,0,42,108,0,150,54,0,54,204
05/23/2010,APA,CO,ANM,WE,Towers with Radar,0,31,101,1,133,0,34,356,3,393,0,65,457,4,526,458,0,458,984
05/24/2010,APA,CO,ANM,WE,Towers with Radar,0,46,98,0,144,0,37,228,1,266,0,83,326,1,410,112,0,112,522
05/25/2010,APA,CO,ANM,WE,Towers with Radar,0,81,130,0,211,0,15,159,1,175,0,96,289,1,386,202,0,202,588
05/26/2010,APA,CO,ANM,WE,Towers with Radar,0,71,146,0,217,0,29,342,0,371,0,100,488,0,588,400,0,400,988
05/27/2010,APA,CO,ANM,WE,Towers with Radar,0,61,138,6,205,0,23,237,3,263,0,84,375,9,468,325,12,337,805
05/28/2010,APA,CO,ANM,WE,Towers with Radar,0,52,114,1,167,0,28,206,1,235,0,80,320,2,402,368,0,368,770
05/29/2010,APA,CO,ANM,WE,Towers with Radar,0,24,42,2,68,0,23,243,0,266,0,47,285,2,334,308,0,308,642
05/30/2010,APA,CO,ANM,WE,Towers with Radar,0,32,67,0,99,0,41,338,1,380,0,73,405,1,479,428,0,428,907
05/31/2010,APA,CO,ANM,WE,Towers with Radar,0,37,90,4,131,0,30,361,6,397,0,67,451,10,528,675,0,675,1203
06/01/2010,APA,CO,ANM,WE,Towers with Radar,0,58,104,3,165,0,21,261,2,284,0,79,365,5,449,362,0,362,811
06/02/2010,APA,CO,ANM,WE,Towers with Radar,0,62,127,4,193,0,41,385,5,431,0,103,512,9,624,698,2,700,1324
06/03/2010,APA,CO,ANM,WE,Towers with Radar,0,64,176,4,244,0,36,318,7,361,0,100,494,11,605,586,6,592,1197
06/04/2010,APA,CO,ANM,WE,Towers with Radar,0,60,128,8,196,0,26,371,4,401,0,86,499,12,597,584,2,586,1183
06/05/2010,APA,CO,ANM,WE,Towers with Radar,0,33,66,3,102,0,17,261,5,283,0,50,327,8,385,396,4,400,785
06/06/2010,APA,CO,ANM,WE,Towers with Radar,0,43,89,6,138,0,36,244,2,282,0,79,333,8,420,680,2,682,1102
06/07/2010,APA,CO,ANM,WE,Towers with Radar,0,56,115,12,183,0,21,286,5,312,0,77,401,17,495,406,4,410,905
06/08/2010,APA,CO,ANM,WE,Towers with Radar,0,82,119,3,204,0,34,160,4,198,0,116,279,7,402,442,0,442,844
06/09/2010,APA,CO,ANM,WE,Towers with Radar,0,68,151,8,227,0,37,271,2,310,0,105,422,10,537,550,4,554,1091
06/10/2010,APA,CO,ANM,WE,Towers with Radar,0,65,158,5,228,0,30,266,3,299,0,95,424,8,527,500,0,500,1027
06/11/2010,APA,CO,ANM,WE,Towers with Radar,0,63,120,10,193,0,11,207,3,221,0,74,327,13,414,336,4,340,754
06/12/2010,APA,CO,ANM,WE,Towers with Radar,0,48,96,8,152,0,2,0,0,2,0,50,96,8,154,0,0,0,154
06/13/2010,APA,CO,ANM,WE,Towers with Radar,0,40,134,2,176,0,13,20,1,34,0,53,154,3,210,12,0,12,222
06/14/2010,APA,CO,ANM,WE,Towers with Radar,0,57,120,0,177,0,4,212,6,222,0,61,332,6,399,554,32,586,985
06/15/2010,APA,CO,ANM,WE,Towers with Radar,0,63,135,2,200,0,35,415,7,457,0,98,550,9,657,485,0,485,1142
06/16/2010,APA,CO,ANM,WE,Towers with Radar,0,57,162,5,224,0,44,340,3,387,0,101,502,8,611,617,50,667,1278
06/17/2010,APA,CO,ANM,WE,Towers with Radar,0,55,162,3,220,0,54,250,20,324,0,109,412,23,544,527,197,724,1268
06/18/2010,APA,CO,ANM,WE,Towers with Radar,0,56,103,11,170,0,44,397,11,452,0,100,500,22,622,396,16,412,1034
06/19/2010,APA,CO,ANM,WE,Towers with Radar,0,28,69,10,107,0,54,600,6,660,0,82,669,16,767,666,8,674,1441
06/20/2010,APA,CO,ANM,WE,Towers with Radar,0,48,98,6,152,0,23,261,6,290,0,71,359,12,442,492,0,492,934
06/21/2010,APA,CO,ANM,WE,Towers with Radar,0,49,131,5,185,0,31,237,2,270,0,80,368,7,455,358,6,364,819
06/22/2010,APA,CO,ANM,WE,Towers with Radar,0,53,127,11,191,0,21,201,4,226,0,74,328,15,417,294,2,296,713
06/23/2010,APA,CO,ANM,WE,Towers with Radar,0,75,157,1,233,0,78,374,6,458,0,153,531,7,691,704,0,704,1395
06/24/2010,APA,CO,ANM,WE,Towers with Radar,0,49,128,5,182,0,32,239,2,273,0,81,367,7,455,276,0,276,731
06/25/2010,APA,CO,ANM,WE,Towers with Radar,0,62,110,21,193,0,39,219,7,265,0,101,329,28,458,352,2,354,812
06/26/2010,APA,CO,ANM,WE,Towers with Radar,0,31,64,12,107,0,52,305,5,362,0,83,369,17,469,448,6,454,923
06/27/2010,APA,CO,ANM,WE,Towers with Radar,0,59,103,7,169,0,42,343,2,387,0,101,446,9,556,510,8,518,1074
06/28/2010,APA,CO,ANM,WE,Towers with Radar,0,57,108,2,167,0,20,239,1,260,0,77,347,3,427,383,0,383,810
06/29/2010,APA,CO,ANM,WE,Towers with Radar,0,57,138,5,200,0,36,347,13,396,0,93,485,18,596,486,16,502,1098
06/30/2010,APA,CO,ANM,WE,Towers with Radar,0,58,153,2,213,0,43,303,8,354,0,101,456,10,567,434,58,492,1059
07/01/2010,APA,CO,ANM,WE,Towers with Radar,0,67,160,2,229,0,44,232,13,289,0,111,392,15,518,388,2,390,908
07/02/2010,APA,CO,ANM,WE,Towers with Radar,0,87,106,2,195,0,57,334,11,402,0,144,440,13,597,472,62,534,1131
07/03/2010,APA,CO,ANM,WE,Towers with Radar,0,38,70,0,108,0,21,246,8,275,0,59,316,8,383,360,10,370,753
07/04/2010,APA,CO,ANM,WE,Towers with Radar,0,25,37,0,62,0,23,86,3,112,0,48,123,3,174,120,0,120,294
07/05/2010,APA,CO,ANM,WE,Towers with Radar,0,48,93,0,141,0,36,387,13,436,0,84,480,13,577,380,28,408,985
07/06/2010,APA,CO,ANM,WE,Towers with Radar,0,75,113,0,188,0,37,284,3,324,0,112,397,3,512,302,8,310,822
07/07/2010,APA,CO,ANM,WE,Towers with Radar,0,82,134,0,216,0,18,45,0,63,0,100,179,0,279,88,0,88,367
07/08/2010,APA,CO,ANM,WE,Towers with Radar,0,61,147,0,208,0,17,98,0,115,0,78,245,0,323,128,0,128,451
07/09/2010,APA,CO,ANM,WE,Towers with Radar,0,56,101,9,166,0,42,373,7,422,0,98,474,16,588,722,26,748,1336
07/10/2010,APA,CO,ANM,WE,Towers with Radar,0,48,59,2,109,0,35,241,2,278,0,83,300,4,387,312,0,312,699
07/11/2010,APA,CO,ANM,WE,Towers with Radar,0,53,111,3,167,0,22,267,0,289,0,75,378,3,456,563,20,583,1039
07/12/2010,APA,CO,ANM,WE,Towers with Radar,0,53,140,2,195,0,41,243,3,287,0,94,383,5,482,359,4,363,845
07/13/2010,APA,CO,ANM,WE,Towers with Radar,0,50,143,3,196,0,31,196,9,236,0,81,339,12,432,319,0,319,751
07/14/2010,APA,CO,ANM,WE,Towers with Radar,0,70,137,0,207,0,33,349,6,388,0,103,486,6,595,464,4,468,1063
07/15/2010,APA,CO,ANM,WE,Towers with Radar,0,82,147,1,230,0,38,303,4,345,0,120,450,5,575,508,8,516,1091
07/16/2010,APA,CO,ANM,WE,Towers with Radar,0,88,118,8,214,0,32,280,8,320,0,120,398,16,534,618,26,644,1178
07/17/2010,APA,CO,ANM,WE,Towers with Radar,0,37,80,6,123,0,6,248,1,255,0,43,328,7,378,253,0,253,631
07/18/2010,APA,CO,ANM,WE,Towers with Radar,0,44,93,9,146,0,25,374,4,403,0,69,467,13,549,474,12,486,1035
07/19/2010,APA,CO,ANM,WE,Towers with Radar,0,62,134,1,197,0,51,212,4,267,0,113,346,5,464,322,12,334,798
07/20/2010,APA,CO,ANM,WE,Towers with Radar,0,82,123,7,212,0,32,80,1,113,0,114,203,8,325,130,0,130,455
07/21/2010,APA,CO,ANM,WE,Towers with Radar,0,74,145,3,222,0,27,296,4,327,0,101,441,7,549,456,0,456,1005
07/22/2010,APA,CO,ANM,WE,Towers with Radar,0,70,126,4,200,0,59,254,1,314,0,129,380,5,514,420,0,420,934
07/23/2010,APA,CO,ANM,WE,Towers with Radar,0,50,135,12,197,0,47,291,11,349,0,97,426,23,546,538,32,570,1116
07/24/2010,APA,CO,ANM,WE,Towers with Radar,0,44,67,8,119,0,47,282,2,331,0,91,349,10,450,500,4,504,954
07/25/2010,APA,CO,ANM,WE,Towers with Radar,0,79,132,2,213,0,39,310,3,352,0,118,442,5,565,442,2,444,1009
07/26/2010,APA,CO,ANM,WE,Towers with Radar,0,59,105,0,164,0,106,259,12,377,0,165,364,12,541,350,46,396,937
07/27/2010,APA,CO,ANM,WE,Towers with Radar,0,63,110,0,173,0,42,218,9,269,0,105,328,9,442,340,62,402,844
07/28/2010,APA,CO,ANM,WE,Towers with Radar,0,67,169,3,239,0,48,310,15,373,0,115,479,18,612,394,40,434,1046
07/29/2010,APA,CO,ANM,WE,Towers with Radar,0,57,131,2,190,0,53,245,12,310,0,110,376,14,500,328,38,366,866
07/30/2010,APA,CO,ANM,WE,Towers with Radar,0,65,105,8,178,0,29,223,8,260,0,94,328,16,438,276,0,276,714
07/31/2010,APA,CO,ANM,WE,Towers with Radar,0,44,79,5,128,0,47,285,3,335,0,91,364,8,463,542,0,542,1005
08/01/2010,APA,CO,ANM,WE,Towers with Radar,0,43,87,1,131,0,35,269,1,305,0,78,356,2,436,482,2,484,920
08/02/2010,APA,CO,ANM,WE,Towers with Radar,0,48,103,1,152,0,32,218,4,254,0,80,321,5,406,284,32,316,722
08/03/2010,APA,CO,ANM,WE,Towers with Radar,0,58,108,4,170,0,64,224,2,290,0,122,332,6,460,321,20,341,801
08/04/2010,APA,CO,ANM,WE,Towers with Radar,0,72,146,2,220,0,27,234,7,268,0,99,380,9,488,536,14,550,1038
08/05/2010,APA,CO,ANM,WE,Towers with Radar,0,62,136,3,201,0,40,265,3,308,0,102,401,6,509,528,2,530,1039
08/06/2010,APA,CO,ANM,WE,Towers with Radar,0,60,119,14,193,0,21,279,15,315,0,81,398,29,508,482,24,506,1014
08/07/2010,APA,CO,ANM,WE,Towers with Radar,0,37,66,11,114,0,45,219,5,269,0,82,285,16,383,400,0,400,783
08/08/2010,APA,CO,ANM,WE,Towers with Radar,0,43,86,6,135,0,22,225,5,252,0,65,311,11,387,436,0,436,823
08/09/2010,APA,CO,ANM,WE,Towers with Radar,0,56,122,3,181,0,36,215,0,251,0,92,337,3,432,382,0,382,814
08/10/2010,APA,CO,ANM,WE,Towers with Radar,0,62,132,3,197,0,38,377,6,421,0,100,509,9,618,618,6,624,1242
08/11/2010,APA,CO,ANM,WE,Towers with Radar,0,72,156,7,235,0,33,336,10,379,0,105,492,17,614,502,36,538,1152
08/12/2010,APA,CO,ANM,WE,Towers with Radar,0,69,129,1,199,0,30,238,2,270,0,99,367,3,469,360,2,362,831
08/13/2010,APA,CO,ANM,WE,Towers with Radar,0,104,139,10,253,0,10,352,4,366,0,114,491,14,619,392,12,404,1023
08/14/2010,APA,CO,ANM,WE,Towers with Radar,0,34,73,6,113,0,35,267,6,308,0,69,340,12,421,558,14,572,993
08/15/2010,APA,CO,ANM,WE,Towers with Radar,0,40,111,8,159,0,33,340,1,374,0,73,451,9,533,528,2,530,1063
08/16/2010,APA,CO,ANM,WE,Towers with Radar,0,61,128,3,192,0,25,139,5,169,0,86,267,8,361,320,8,328,689
08/17/2010,APA,CO,ANM,WE,Towers with Radar,0,64,133,4,201,0,44,269,7,320,0,108,402,11,521,518,16,534,1055
08/18/2010,APA,CO,ANM,WE,Towers with Radar,0,51,127,1,179,0,42,376,24,442,0,93,503,25,621,538,30,568,1189
08/19/2010,APA,CO,ANM,WE,Towers with Radar,0,62,139,7,208,0,25,297,5,327,0,87,436,12,535,462,0,462,997
08/20/2010,APA,CO,ANM,WE,Towers with Radar,0,55,136,11,202,0,46,344,14,404,0,101,480,25,606,468,54,522,1128
08/21/2010,APA,CO,ANM,WE,Towers with Radar,0,33,80,3,116,0,35,340,11,386,0,68,420,14,502,456,12,468,970
08/22/2010,APA,CO,ANM,WE,Towers with Radar,0,65,137,7,209,0,46,332,5,383,0,111,469,12,592,436,0,436,1028
08/23/2010,APA,CO,ANM,WE,Towers with Radar,0,74,123,4,201,0,34,241,15,290,0,108,364,19,491,368,46,414,905
08/24/2010,APA,CO,ANM,WE,Towers with Radar,0,61,134,2,197,0,39,186,6,231,0,100,320,8,428,213,2,215,643
08/25/2010,APA,CO,ANM,WE,Towers with Radar,0,72,131,3,206,0,37,331,11,379,0,109,462,14,585,590,12,602,1187
08/26/2010,APA,CO,ANM,WE,Towers with Radar,0,75,152,6,233,0,44,252,22,318,0,119,404,28,551,486,68,554,1105
08/27/2010,APA,CO,ANM,WE,Towers with Radar,0,48,123,32,203,0,44,347,10,401,0,92,470,42,604,492,88,580,1184
08/28/2010,APA,CO,ANM,WE,Towers with Radar,0,32,64,5,101,0,37,276,12,325,0,69,340,17,426,318,22,340,766
08/29/2010,APA,CO,ANM,WE,Towers with Radar,0,52,88,3,143,0,23,242,4,269,0,75,330,7,412,304,12,316,728
08/30/2010,APA,CO,ANM,WE,Towers with Radar,0,60,124,5,189,0,31,183,5,219,0,91,307,10,408,258,14,272,680
08/31/2010,APA,CO,ANM,WE,Towers with Radar,0,64,138,1,203,0,31,234,11,276,0,95,372,12,479,277,46,323,802
09/01/2010,APA,CO,ANM,WE,Towers with Radar,0,61,147,5,213,0,36,323,7,366,0,97,470,12,579,590,38,628,1207
09/02/2010,APA,CO,ANM,WE,Towers with Radar,0,55,149,2,206,0,38,235,38,311,0,93,384,40,517,340,88,428,945
09/03/2010,APA,CO,ANM,WE,Towers with Radar,0,62,131,0,193,0,11,295,0,306,0,73,426,0,499,396,0,396,895
09/04/2010,APA,CO,ANM,WE,Towers with Radar,0,31,71,0,102,0,15,212,1,228,0,46,283,1,330,312,0,312,642
09/05/2010,APA,CO,ANM,WE,Towers with Radar,0,36,58,0,94,0,19,158,1,178,0,55,216,1,272,130,0,130,402
09/06/2010,APA,CO,ANM,WE,Towers with Radar,0,51,91,3,145,0,37,155,1,193,0,88,246,4,338,232,2,234,572
09/07/2010,APA,CO,ANM,WE,Towers with Radar,0,64,104,3,171,0,18,168,2,188,0,82,272,5,359,162,0,162,521
09/08/2010,APA,CO,ANM,WE,Towers with Radar,0,46,145,13,204,0,16,151,2,169,0,62,296,15,373,200,20,220,593
09/09/2010,APA,CO,ANM,WE,Towers with Radar,0,63,131,6,200,0,32,178,6,216,0,95,309,12,416,178,2,180,596
09/10/2010,APA,CO,ANM,WE,Towers with Radar,0,47,106,28,181,0,16,211,43,270,0,63,317,71,451,236,30,266,717
09/11/2010,APA,CO,ANM,WE,Towers with Radar,0,28,77,6,111,0,22,318,7,347,0,50,395,13,458,415,4,419,877
09/12/2010,APA,CO,ANM,WE,Towers with Radar,0,58,96,10,164,0,24,295,14,333,0,82,391,24,497,302,6,308,805
09/13/2010,APA,CO,ANM,WE,Towers with Radar,0,51,117,0,168,0,34,244,11,289,0,85,361,11,457,433,42,475,932
09/14/2010,APA,CO,ANM,WE,Towers with Radar,0,50,124,5,179,0,27,164,5,196,0,77,288,10,375,282,0,282,657
09/15/2010,APA,CO,ANM,WE,Towers with Radar,0,62,135,5,202,0,36,253,0,289,0,98,388,5,491,296,0,296,787
09/16/2010,APA,CO,ANM,WE,Towers with Radar,0,60,132,2,194,0,56,171,0,227,0,116,303,2,421,314,0,314,735
09/17/2010,APA,CO,ANM,WE,Towers with Radar,0,74,103,13,190,0,31,301,2,334,0,105,404,15,524,474,38,512,1036
09/18/2010,APA,CO,ANM,WE,Towers with Radar,0,34,70,4,108,0,19,151,6,176,0,53,221,10,284,260,4,264,548
09/19/2010,APA,CO,ANM,WE,Towers with Radar,0,37,77,4,118,0,24,315,0,339,0,61,392,4,457,352,6,358,815
09/20/2010,APA,CO,ANM,WE,Towers with Radar,0,44,112,0,156,0,20,156,6,182,0,64,268,6,338,84,34,118,456
09/21/2010,APA,CO,ANM,WE,Towers with Radar,0,65,122,5,192,0,15,152,11,178,0,80,274,16,370,248,38,286,656
09/22/2010,APA,CO,ANM,WE,Towers with Radar,0,69,134,2,205,0,31,156,1,188,0,100,290,3,393,210,2,212,605
09/23/2010,APA,CO,ANM,WE,Towers with Radar,0,61,136,2,199,0,12,168,17,197,0,73,304,19,396,188,24,212,608
09/24/2010,APA,CO,ANM,WE,Towers with Radar,0,59,152,5,216,0,34,354,7,395,0,93,506,12,611,458,18,476,1087
09/25/2010,APA,CO,ANM,WE,Towers with Radar,0,36,95,3,134,0,40,330,13,383,0,76,425,16,517,468,48,516,1033
09/26/2010,APA,CO,ANM,WE,Towers with Radar,0,29,131,2,162,0,2,250,7,259,0,31,381,9,421,590,6,596,1017
09/27/2010,APA,CO,ANM,WE,Towers with Radar,0,44,114,2,160,0,26,175,4,205,0,70,289,6,365,192,34,226,591
09/28/2010,APA,CO,ANM,WE,Towers with Radar,0,68,112,2,182,0,19,269,7,295,0,87,381,9,477,418,18,436,913
09/29/2010,APA,CO,ANM,WE,Towers with Radar,0,47,118,7,172,0,42,366,4,412,0,89,484,11,584,432,4,436,1020
09/30/2010,APA,CO,ANM,WE,Towers with Radar,0,70,129,8,207,0,43,252,2,297,0,113,381,10,504,368,7,375,879
10/01/2010,APA,CO,ANM,WE,Towers with Radar,0,48,109,10,167,0,30,249,23,302,0,78,358,33,469,308,28,336,805
10/02/2010,APA,CO,ANM,WE,Towers with Radar,0,36,64,12,112,0,27,203,9,239,0,63,267,21,351,326,6,332,683
10/03/2010,APA,CO,ANM,WE,Towers with Radar,0,56,98,7,161,0,15,260,9,284,0,71,358,16,445,334,0,334,779
10/04/2010,APA,CO,ANM,WE,Towers with Radar,0,42,89,1,132,0,20,174,3,197,0,62,263,4,329,228,0,228,557
10/05/2010,APA,CO,ANM,WE,Towers with Radar,0,56,109,6,171,0,37,228,3,268,0,93,337,9,439,326,8,334,773
10/06/2010,APA,CO,ANM,WE,Towers with Radar,0,60,121,2,183,0,30,187,3,220,0,90,308,5,403,584,4,588,991
10/07/2010,APA,CO,ANM,WE,Towers with Radar,0,53,122,1,176,0,31,221,5,257,0,84,343,6,433,360,12,372,805
10/08/2010,APA,CO,ANM,WE,Towers with Radar,0,64,100,7,171,0,41,137,9,187,0,105,237,16,358,228,14,242,600
10/09/2010,APA,CO,ANM,WE,Towers with Radar,0,36,51,6,93,0,42,198,3,243,0,78,249,9,336,252,0,252,588
10/10/2010,APA,CO,ANM,WE,Towers with Radar,0,36,126,3,165,0,27,89,1,117,0,63,215,4,282,196,0,196,478
10/11/2010,APA,CO,ANM,WE,Towers with Radar,0,55,116,6,177,0,34,247,5,286,0,89,363,11,463,456,16,472,935
10/12/2010,APA,CO,ANM,WE,Towers with Radar,0,66,139,16,221,0,27,49,4,80,0,93,188,20,301,110,4,114,415
10/13/2010,APA,CO,ANM,WE,Towers with Radar,0,52,162,4,218,0,35,261,7,303,0,87,423,11,521,468,14,482,1003
10/14/2010,APA,CO,ANM,WE,Towers with Radar,0,58,145,5,208,0,40,243,7,290,0,98,388,12,498,305,8,313,811
10/15/2010,APA,CO,ANM,WE,Towers with Radar,0,58,148,9,215,0,37,284,2,323,0,95,432,11,538,466,12,478,1016
10/16/2010,APA,CO,ANM,WE,Towers with Radar,0,25,93,6,124,0,25,281,7,313,0,50,374,13,437,670,5,675,1112
10/17/2010,APA,CO,ANM,WE,Towers with Radar,0,49,114,8,171,0,25,259,7,291,0,74,373,15,462,300,0,300,762
10/18/2010,APA,CO,ANM,WE,Towers with Radar,0,61,136,3,200,0,44,222,14,280,0,105,358,17,480,300,22,322,802
10/19/2010,APA,CO,ANM,WE,Towers with Radar,0,49,140,4,193,0,37,242,6,285,0,86,382,10,478,372,8,380,858
10/20/2010,APA,CO,ANM,WE,Towers with Radar,0,50,160,7,217,0,34,241,2,277,0,84,401,9,494,572,6,578,1072
10/21/2010,APA,CO,ANM,WE,Towers with Radar,0,51,116,7,174,0,33,180,5,218,0,84,296,12,392,278,6,284,676
10/22/2010,APA,CO,ANM,WE,Towers with Radar,0,56,134,10,200,0,38,137,4,179,0,94,271,14,379,312,2,314,693
10/23/2010,APA,CO,ANM,WE,Towers with Radar,0,45,61,4,110,0,21,107,0,128,0,66,168,4,238,234,0,234,472
10/24/2010,APA,CO,ANM,WE,Towers with Radar,0,63,90,2,155,0,22,193,0,215,0,85,283,2,370,228,0,228,598
10/25/2010,APA,CO,ANM,WE,Towers with Radar,0,52,98,3,153,0,16,61,0,77,0,68,159,3,230,12,0,12,242
10/26/2010,APA,CO,ANM,WE,Towers with Radar,0,68,92,8,168,0,27,30,16,73,0,95,122,24,241,51,4,55,296
10/27/2010,APA,CO,ANM,WE,Towers with Radar,0,72,121,1,194,0,33,136,7,176,0,105,257,8,370,98,0,98,468
10/28/2010,APA,CO,ANM,WE,Towers with Radar,0,66,128,2,196,0,31,259,11,301,0,97,387,13,497,392,20,412,909
10/29/2010,APA,CO,ANM,WE,Towers with Radar,0,44,112,9,165,0,37,269,1,307,0,81,381,10,472,512,12,524,996
10/30/2010,APA,CO,ANM,WE,Towers with Radar,0,32,56,10,98,0,28,235,3,266,0,60,291,13,364,294,8,302,666
10/31/2010,APA,CO,ANM,WE,Towers with Radar,0,24,97,4,125,0,23,242,7,272,0,47,339,11,397,376,8,384,781
11/01/2010,APA,CO,ANM,WE,Towers with Radar,0,57,115,0,172,0,36,295,10,341,0,93,410,10,513,410,34,444,957
11/02/2010,APA,CO,ANM,WE,Towers with Radar,0,33,135,4,172,0,29,236,1,266,0,62,371,5,438,356,14,370,808
11/03/2010,APA,CO,ANM,WE,Towers with Radar,0,50,98,0,148,0,42,402,0,444,0,92,500,0,592,628,0,628,1220
11/04/2010,APA,CO,ANM,WE,Towers with Radar,0,54,131,6,191,0,50,239,10,299,0,104,370,16,490,226,2,228,718
11/05/2010,APA,CO,ANM,WE,Towers with Radar,0,53,125,14,192,0,46,257,10,313,0,99,382,24,505,460,8,468,973
11/06/2010,APA,CO,ANM,WE,Towers with Radar,0,30,59,0,89,0,20,312,13,345,0,50,371,13,434,370,0,370,804
11/07/2010,APA,CO,ANM,WE,Towers with Radar,0,44,111,6,161,0,24,240,8,272,0,68,351,14,433,280,2,282,715
11/08/2010,APA,CO,ANM,WE,Towers with Radar,0,37,140,0,177,0,40,255,1,296,0,77,395,1,473,334,0,334,807
11/09/2010,APA,CO,ANM,WE,Towers with Radar,0,60,120,0,180,0,16,94,2,112,0,76,214,2,292,134,20,154,446
11/10/2010,APA,CO,ANM,WE,Towers with Radar,0,57,164,0,221,0,17,132,0,149,0,74,296,0,370,338,4,342,712
11/11/2010,APA,CO,ANM,WE,Towers with Radar,0,62,98,0,160,0,0,0,0,0,0,62,98,0,160,0,0,0,160
11/12/2010,APA,CO,ANM,WE,Towers with Radar,0,59,132,11,202,0,25,274,13,312,0,84,406,24,514,348,18,366,880
11/13/2010,APA,CO,ANM,WE,Towers with Radar,0,47,72,3,122,0,29,220,5,254,0,76,292,8,376,442,0,442,818
11/14/2010,APA,CO,ANM,WE,Towers with Radar,0,53,120,5,178,0,30,343,8,381,0,83,463,13,559,470,4,474,1033
11/15/2010,APA,CO,ANM,WE,Towers with Radar,0,54,89,1,144,0,15,26,0,41,0,69,115,1,185,42,0,42,227
11/16/2010,APA,CO,ANM,WE,Towers with Radar,0,53,121,4,178,0,38,166,27,231,0,91,287,31,409,214,112,326,735
11/17/2010,APA,CO,ANM,WE,Towers with Radar,0,57,164,0,221,0,23,274,19,316,0,80,438,19,537,390,66,456,993
11/18/2010,APA,CO,ANM,WE,Towers with Radar,0,83,125,0,208,0,44,209,4,257,0,127,334,4,465,250,8,258,723
11/19/2010,APA,CO,ANM,WE,Towers with Radar,0,73,163,9,245,0,38,236,18,292,0,111,399,27,537,310,78,388,925
11/20/2010,APA,CO,ANM,WE,Towers with Radar,0,37,83,4,124,0,31,155,10,196,0,68,238,14,320,394,0,394,714
11/21/2010,APA,CO,ANM,WE,Towers with Radar,0,51,64,3,118,0,14,75,4,93,0,65,139,7,211,104,0,104,315
11/22/2010,APA,CO,ANM,WE,Towers with Radar,0,57,93,4,154,0,19,122,2,143,0,76,215,6,297,130,4,134,431
11/23/2010,APA,CO,ANM,WE,Towers with Radar,0,80,132,0,212,0,29,156,4,189,0,109,288,4,401,282,12,294,695
11/24/2010,APA,CO,ANM,WE,Towers with Radar,0,90,104,0,194,0,36,89,0,125,0,126,193,0,319,92,0,92,411
11/25/2010,APA,CO,ANM,WE,Towers with Radar,0,28,25,0,53,0,7,49,0,56,0,35,74,0,109,66,0,66,175
11/26/2010,APA,CO,ANM,WE,Towers with Radar,0,49,68,0,117,0,29,290,0,319,0,78,358,0,436,306,0,306,742
11/27/2010,APA,CO,ANM,WE,Towers with Radar,0,60,83,0,143,0,29,268,2,299,0,89,351,2,442,424,0,424,866
11/28/2010,APA,CO,ANM,WE,Towers with Radar,0,56,141,0,197,0,22,113,0,135,0,78,254,0,332,208,0,208,540
11/29/2010,APA,CO,ANM,WE,Towers with Radar,0,68,94,6,168,0,33,59,8,100,0,101,153,14,268,26,0,26,294
11/30/2010,APA,CO,ANM,WE,Towers with Radar,0,60,122,1,183,0,52,208,10,270,0,112,330,11,453,356,12,368,821
12/01/2010,APA,CO,ANM,WE,Towers with Radar,0,71,127,2,200,0,34,268,6,308,0,105,395,8,508,462,46,508,1016
12/02/2010,APA,CO,ANM,WE,Towers with Radar,0,70,136,3,209,0,29,266,6,301,0,99,402,9,510,322,14,336,846
12/03/2010,APA,CO,ANM,WE,Towers with Radar,0,59,88,4,151,0,30,94,0,124,0,89,182,4,275,120,0,120,395
12/04/2010,APA,CO,ANM,WE,Towers with Radar,0,42,67,2,111,0,40,324,1,365,0,82,391,3,476,568,0,568,1044
12/05/2010,APA,CO,ANM,WE,Towers with Radar,0,44,100,0,144,0,37,326,0,363,0,81,426,0,507,552,0,552,1059
12/06/2010,APA,CO,ANM,WE,Towers with Radar,0,48,139,0,187,0,34,166,0,200,0,82,305,0,387,318,0,318,705
12/07/2010,APA,CO,ANM,WE,Towers with Radar,0,63,118,3,184,0,32,181,19,232,0,95,299,22,416,296,32,328,744
12/08/2010,APA,CO,ANM,WE,Towers with Radar,0,63,126,4,193,0,41,331,14,386,0,104,457,18,579,448,50,498,1077
12/09/2010,APA,CO,ANM,WE,Towers with Radar,0,64,109,4,177,0,33,189,3,225,0,97,298,7,402,290,8,298,700
12/10/2010,APA,CO,ANM,WE,Towers with Radar,0,63,114,5,182,0,22,153,8,183,0,85,267,13,365,244,16,260,625
12/11/2010,APA,CO,ANM,WE,Towers with Radar,0,39,59,4,102,0,29,198,1,228,0,68,257,5,330,516,4,520,850
12/12/2010,APA,CO,ANM,WE,Towers with Radar,0,33,80,2,115,0,28,277,9,314,0,61,357,11,429,400,2,402,831
12/13/2010,APA,CO,ANM,WE,Towers with Radar,0,48,149,1,198,0,35,241,6,282,0,83,390,7,480,184,28,212,692
12/14/2010,APA,CO,ANM,WE,Towers with Radar,0,60,138,0,198,0,39,267,10,316,0,99,405,10,514,438,8,446,960
12/15/2010,APA,CO,ANM,WE,Towers with Radar,0,70,150,0,220,0,29,211,2,242,0,99,361,2,462,276,0,276,738
12/16/2010,APA,CO,ANM,WE,Towers with Radar,0,68,137,0,205,0,41,157,0,198,0,109,294,0,403,206,0,206,609
12/17/2010,APA,CO,ANM,WE,Towers with Radar,0,78,124,0,202,0,21,83,0,104,0,99,207,0,306,132,0,132,438
12/18/2010,APA,CO,ANM,WE,Towers with Radar,0,61,94,0,155,0,49,361,2,412,0,110,455,2,567,596,0,596,1163
12/19/2010,APA,CO,ANM,WE,Towers with Radar,0,50,62,2,114,0,25,247,5,277,0,75,309,7,391,347,0,347,738
12/20/2010,APA,CO,ANM,WE,Towers with Radar,0,59,89,0,148,0,28,185,0,213,0,87,274,0,361,171,0,171,532
12/21/2010,APA,CO,ANM,WE,Towers with Radar,0,81,111,2,194,0,39,236,0,275,0,120,347,2,469,372,4,376,845
12/22/2010,APA,CO,ANM,WE,Towers with Radar,0,84,129,1,214,0,42,278,3,323,0,126,407,4,537,574,4,578,1115
12/23/2010,APA,CO,ANM,WE,Towers with Radar,0,69,95,0,164,0,23,155,0,178,0,92,250,0,342,352,0,352,694
12/24/2010,APA,CO,ANM,WE,Towers with Radar,0,31,73,0,104,0,32,139,2,173,0,63,212,2,277,198,0,198,475
12/25/2010,APA,CO,ANM,WE,Towers with Radar,0,33,29,0,62,0,10,49,0,59,0,43,78,0,121,50,0,50,171
12/26/2010,APA,CO,ANM,WE,Towers with Radar,0,60,116,0,176,0,42,236,1,279,0,102,352,1,455,470,0,470,925
12/27/2010,APA,CO,ANM,WE,Towers with Radar,0,45,106,1,152,0,43,176,9,228,0,88,282,10,380,304,12,316,696
12/28/2010,APA,CO,ANM,WE,Towers with Radar,0,76,111,0,187,0,30,262,0,292,0,106,373,0,479,308,0,308,787
12/29/2010,APA,CO,ANM,WE,Towers with Radar,0,64,108,1,173,0,14,103,1,118,0,78,211,2,291,116,6,122,413
12/30/2010,APA,CO,ANM,WE,Towers with Radar,0,70,47,1,118,0,8,6,0,14,0,78,53,1,132,6,0,6,138
12/31/2010,APA,CO,ANM,WE,Towers with Radar,0,63,38,0,101,0,6,7,0,13,0,69,45,0,114,0,0,0,114
01/01/2011,APA,CO,ANM,WE,Towers with Radar,0,72,69,0,141,0,15,41,0,56,0,87,110,0,197,34,0,34,231
01/02/2011,APA,CO,ANM,WE,Towers with Radar,0,80,148,0,228,0,17,128,0,145,0,97,276,0,373,186,0,186,559
01/03/2011,APA,CO,ANM,WE,Towers with Radar,0,85,131,4,220,0,48,169,1,218,0,133,300,5,438,214,0,214,652
01/04/2011,APA,CO,ANM,WE,Towers with Radar,0,69,98,3,170,0,18,208,1,227,0,87,306,4,397,290,0,290,687
01/05/2011,APA,CO,ANM,WE,Towers with Radar,0,67,103,5,175,0,15,139,1,155,0,82,242,6,330,118,2,120,450
01/06/2011,APA,CO,ANM,WE,Towers with Radar,0,88,124,7,219,0,34,256,17,307,0,122,380,24,526,358,24,382,908
01/07/2011,APA,CO,ANM,WE,Towers with Radar,0,67,130,8,205,0,47,283,16,346,0,114,413,24,551,458,50,508,1059
01/08/2011,APA,CO,ANM,WE,Towers with Radar,0,37,91,7,135,0,56,321,9,386,0,93,412,16,521,600,4,604,1125
01/09/2011,APA,CO,ANM,WE,Towers with Radar,0,38,38,0,76,0,0,0,0,0,0,38,38,0,76,0,0,0,76
01/10/2011,APA,CO,ANM,WE,Towers with Radar,0,65,93,0,158,0,6,39,0,45,0,71,132,0,203,54,0,54,257
01/11/2011,APA,CO,ANM,WE,Towers with Radar,0,72,97,3,172,0,14,90,7,111,0,86,187,10,283,122,4,126,409
01/12/2011,APA,CO,ANM,WE,Towers with Radar,0,64,109,0,173,0,20,138,1,159,0,84,247,1,332,290,0,290,622
01/13/2011,APA,CO,ANM,WE,Towers with Radar,0,63,152,7,222,0,30,202,7,239,0,93,354,14,461,482,6,488,949
01/14/2011,APA,CO,ANM,WE,Towers with Radar,0,74,130,2,206,0,51,286,10,347,0,125,416,12,553,602,22,624,1177
01/15/2011,APA,CO,ANM,WE,Towers with Radar,0,38,73,3,114,0,37,313,3,353,0,75,386,6,467,534,8,542,1009
01/16/2011,APA,CO,ANM,WE,Towers with Radar,0,37,83,2,122,0,16,209,4,229,0,53,292,6,351,416,6,422,773
01/17/2011,APA,CO,ANM,WE,Towers with Radar,0,47,97,3,147,0,21,91,10,122,0,68,188,13,269,62,12,74,343
01/18/2011,APA,CO,ANM,WE,Towers with Radar,0,59,136,3,198,0,26,201,3,230,0,85,337,6,428,234,30,264,692
01/19/2011,APA,CO,ANM,WE,Towers with Radar,0,57,100,0,157,0,20,131,4,155,0,77,231,4,312,164,0,164,476
01/20/2011,APA,CO,ANM,WE,Towers with Radar,0,88,125,0,213,0,36,200,7,243,0,124,325,7,456,301,18,319,775
01/21/2011,APA,CO,ANM,WE,Towers with Radar,0,60,105,18,183,0,28,182,11,221,0,88,287,29,404,286,12,298,702
01/22/2011,APA,CO,ANM,WE,Towers with Radar,0,39,47,4,90,0,14,29,5,48,0,53,76,9,138,108,0,108,246
01/23/2011,APA,CO,ANM,WE,Towers with Radar,0,41,91,0,132,0,29,248,3,280,0,70,339,3,412,422,0,422,834
01/24/2011,APA,CO,ANM,WE,Towers with Radar,0,70,96,0,166,0,35,125,1,161,0,105,221,1,327,256,6,262,589
01/25/2011,APA,CO,ANM,WE,Towers with Radar,0,55,112,5,172,0,29,207,3,239,0,84,319,8,411,394,2,396,807
01/26/2011,APA,CO,ANM,WE,Towers with Radar,0,73,120,9,202,0,20,178,6,204,0,93,298,15,406,292,16,308,714
01/27/2011,APA,CO,ANM,WE,Towers with Radar,0,54,141,3,198,0,46,232,11,289,0,100,373,14,487,520,8,528,1015
01/28/2011,APA,CO,ANM,WE,Towers with Radar,0,65,113,6,184,0,29,382,9,420,0,94,495,15,604,530,34,564,1168
01/29/2011,APA,CO,ANM,WE,Towers with Radar,0,29,86,0,115,0,45,406,8,459,0,74,492,8,574,612,20,632,1206
01/30/2011,APA,CO,ANM,WE,Towers with Radar,0,37,82,10,129,0,30,262,9,301,0,67,344,19,430,470,0,470,900
01/31/2011,APA,CO,ANM,WE,Towers with Radar,0,49,71,0,120,0,1,1,0,2,0,50,72,0,122,0,0,0,122
02/01/2011,APA,CO,ANM,WE,Towers with Radar,0,87,79,0,166,0,6,0,0,6,0,93,79,0,172,0,0,0,172
02/02/2011,APA,CO,ANM,WE,Towers with Radar,0,53,122,6,181,0,19,60,5,84,0,72,182,11,265,25,12,37,302
02/03/2011,APA,CO,ANM,WE,Towers with Radar,0,69,106,1,176,0,8,44,0,52,0,77,150,1,228,36,0,36,264
02/04/2011,APA,CO,ANM,WE,Towers with Radar,0,55,120,5,180,0,21,118,8,147,0,76,238,13,327,142,36,178,505
02/05/2011,APA,CO,ANM,WE,Towers with Radar,0,50,49,0,99,0,2,97,0,99,0,52,146,0,198,124,0,124,322
02/06/2011,APA,CO,ANM,WE,Towers with Radar,0,54,71,0,125,0,10,0,0,10,0,64,71,0,135,0,0,0,135
02/07/2011,APA,CO,ANM,WE,Towers with Radar,0,69,110,3,182,0,23,127,1,151,0,92,237,4,333,207,0,207,540
02/08/2011,APA,CO,ANM,WE,Towers with Radar,0,58,81,4,143,0,0,0,2,2,0,58,81,6,145,0,6,6,151
02/09/2011,APA,CO,ANM,WE,Towers with Radar,0,71,127,1,199,0,10,61,5,76,0,81,188,6,275,86,2,88,363
02/10/2011,APA,CO,ANM,WE,Towers with Radar,0,56,117,1,174,0,19,126,8,153,0,75,243,9,327,218,0,218,545
02/11/2011,APA,CO,ANM,WE,Towers with Radar,0,66,132,19,217,0,47,276,11,334,0,113,408,30,551,430,22,452,1003
02/12/2011,APA,CO,ANM,WE,Towers with Radar,0,30,66,2,98,0,42,305,8,355,0,72,371,10,453,455,14,469,922
02/13/2011,APA,CO,ANM,WE,Towers with Radar,0,45,101,4,150,0,23,247,20,290,0,68,348,24,440,408,6,414,854
02/14/2011,APA,CO,ANM,WE,Towers with Radar,0,51,104,5,160,0,14,142,11,167,0,65,246,16,327,125,6,131,458
02/15/2011,APA,CO,ANM,WE,Towers with Radar,0,70,142,4,216,0,33,278,5,316,0,103,420,9,532,480,26,506,1038
02/16/2011,APA,CO,ANM,WE,Towers with Radar,0,80,93,5,178,0,18,68,1,87,0,98,161,6,265,44,0,44,309
02/17/2011,APA,CO,ANM,WE,Towers with Radar,0,103,158,0,261,0,38,115,9,162,0,141,273,9,423,188,34,222,645
02/18/2011,APA,CO,ANM,WE,Towers with Radar,0,67,152,5,224,0,24,208,9,241,0,91,360,14,465,268,8,276,741
02/19/2011,APA,CO,ANM,WE,Towers with Radar,0,59,96,2,157,0,28,362,2,392,0,87,458,4,549,408,2,410,959
02/20/2011,APA,CO,ANM,WE,Towers with Radar,0,37,76,2,115,0,23,62,9,94,0,60,138,11,209,74,0,74,283
02/21/2011,APA,CO,ANM,WE,Towers with Radar,0,76,134,1,211,0,19,282,0,301,0,95,416,1,512,416,0,416,928
02/22/2011,APA,CO,ANM,WE,Towers with Radar,0,59,140,4,203,0,33,270,4,307,0,92,410,8,510,516,2,518,1028
02/23/2011,APA,CO,ANM,WE,Towers with Radar,0,53,171,9,233,0,33,216,10,259,0,86,387,19,492,282,24,306,798
02/24/2011,APA,CO,ANM,WE,Towers with Radar,0,67,172,5,244,0,49,195,10,254,0,116,367,15,498,454,34,488,986
02/25/2011,APA,CO,ANM,WE,Towers with Radar,0,78,111,3,192,0,12,32,1,45,0,90,143,4,237,56,0,56,293
02/26/2011,APA,CO,ANM,WE,Towers with Radar,0,52,83,2,137,0,31,96,3,130,0,83,179,5,267,88,2,90,357
02/27/2011,APA,CO,ANM,WE,Towers with Radar,0,65,106,0,171,0,25,235,8,268,0,90,341,8,439,439,0,439,878
02/28/2011,APA,CO,ANM,WE,Towers with Radar,0,66,114,4,184,0,16,172,1,189,0,82,286,5,373,254,0,254,627
03/01/2011,APA,CO,ANM,WE,Towers with Radar,0,64,155,2,221,0,27,285,1,313,0,91,440,3,534,399,2,401,935
03/02/2011,APA,CO,ANM,WE,Towers with Radar,0,75,143,5,223,0,38,324,12,374,0,113,467,17,597,532,14,546,1143
03/03/2011,APA,CO,ANM,WE,Towers with Radar,0,75,119,2,196,0,13,145,0,158,0,88,264,2,354,248,2,250,604
03/04/2011,APA,CO,ANM,WE,Towers with Radar,0,61,107,3,171,0,22,131,4,157,0,83,238,7,328,256,14,270,598
03/05/2011,APA,CO,ANM,WE,Towers with Radar,0,46,95,7,148,0,25,318,9,352,0,71,413,16,500,522,8,530,1030
03/06/2011,APA,CO,ANM,WE,Towers with Radar,0,46,106,5,157,0,22,199,4,225,0,68,305,9,382,434,0,434,816
03/07/2011,APA,CO,ANM,WE,Towers with Radar,0,69,101,0,170,0,0,0,0,0,0,69,101,0,170,0,0,0,170
03/08/2011,APA,CO,ANM,WE,Towers with Radar,0,74,63,2,139,0,10,9,3,22,0,84,72,5,161,60,0,60,221
03/09/2011,APA,CO,ANM,WE,Towers with Radar,0,89,117,1,207,0,37,202,2,241,0,126,319,3,448,244,8,252,700
03/10/2011,APA,CO,ANM,WE,Towers with Radar,0,83,138,8,229,0,26,285,1,312,0,109,423,9,541,367,0,367,908
03/11/2011,APA,CO,ANM,WE,Towers with Radar,0,84,129,8,221,0,32,198,11,241,0,116,327,19,462,258,8,266,728
03/12/2011,APA,CO,ANM,WE,Towers with Radar,0,46,91,1,138,0,43,366,3,412,0,89,457,4,550,708,2,710,1260
03/13/2011,APA,CO,ANM,WE,Towers with Radar,0,55,122,5,182,0,23,155,0,178,0,78,277,5,360,244,0,244,604
03/14/2011,APA,CO,ANM,WE,Towers with Radar,0,88,122,2,212,0,54,314,7,375,0,142,436,9,587,578,0,578,1165
03/15/2011,APA,CO,ANM,WE,Towers with Radar,0,84,123,2,209,0,31,228,8,267,0,115,351,10,476,416,16,432,908
03/16/2011,APA,CO,ANM,WE,Towers with Radar,0,86,147,5,238,0,30,182,3,215,0,116,329,8,453,334,0,334,787
03/17/2011,APA,CO,ANM,WE,Towers with Radar,0,73,137,4,214,0,25,97,1,123,0,98,234,5,337,132,2,134,471
03/18/2011,APA,CO,ANM,WE,Towers with Radar,0,85,162,6,253,0,54,289,5,348,0,139,451,11,601,444,4,448,1049
03/19/2011,APA,CO,ANM,WE,Towers with Radar,0,46,128,6,180,0,13,224,0,237,0,59,352,6,417,292,0,292,709
03/20/2011,APA,CO,ANM,WE,Towers with Radar,0,58,121,12,191,0,18,282,6,306,0,76,403,18,497,364,12,376,873
03/21/2011,APA,CO,ANM,WE,Towers with Radar,0,61,75,6,142,0,19,164,4,187,0,80,239,10,329,182,2,184,513
03/22/2011,APA,CO,ANM,WE,Towers with Radar,0,63,107,0,170,0,24,83,8,115,0,87,190,8,285,102,14,116,401
03/23/2011,APA,CO,ANM,WE,Towers with Radar,0,87,146,4,237,0,29,247,11,287,0,116,393,15,524,542,24,566,1090
03/24/2011,APA,CO,ANM,WE,Towers with Radar,0,77,109,0,186,0,31,78,0,109,0,108,187,0,295,194,0,194,489
03/25/2011,APA,CO,ANM,WE,Towers with Radar,0,72,111,3,186,0,38,261,16,315,0,110,372,19,501,540,12,552,1053
03/26/2011,APA,CO,ANM,WE,Towers with Radar,0,58,82,6,146,0,33,352,5,390,0,91,434,11,536,680,12,692,1228
03/27/2011,APA,CO,ANM,WE,Towers with Radar,0,58,105,5,168,0,34,206,5,245,0,92,311,10,413,504,2,506,919
03/28/2011,APA,CO,ANM,WE,Towers with Radar,0,69,76,3,148,0,12,67,3,82,0,81,143,6,230,200,4,204,434
03/29/2011,APA,CO,ANM,WE,Towers with Radar,0,75,106,4,185,0,37,271,13,321,0,112,377,17,506,460,30,490,996
03/30/2011,APA,CO,ANM,WE,Towers with Radar,0,74,103,3,180,0,23,111,4,138,0,97,214,7,318,78,32,110,428
03/31/2011,APA,CO,ANM,WE,Towers with Radar,0,54,84,3,141,0,7,41,1,49,0,61,125,4,190,39,4,43,233
04/01/2011,APA,CO,ANM,WE,Towers with Radar,0,47,120,3,170,0,34,305,6,345,0,81,425,9,515,490,10,500,1015
04/02/2011,APA,CO,ANM,WE,Towers with Radar,0,57,62,7,126,0,42,208,7,257,0,99,270,14,383,286,4,290,673
04/03/2011,APA,CO,ANM,WE,Towers with Radar,0,62,67,0,129,0,20,24,2,46,0,82,91,2,175,20,0,20,195
04/04/2011,APA,CO,ANM,WE,Towers with Radar,0,83,135,2,220,0,35,194,4,233,0,118,329,6,453,224,2,226,679
04/05/2011,APA,CO,ANM,WE,Towers with Radar,0,73,117,0,190,0,30,132,2,164,0,103,249,2,354,204,0,204,558
04/06/2011,APA,CO,ANM,WE,Towers with Radar,0,84,139,4,227,0,23,183,6,212,0,107,322,10,439,570,16,586,1025
04/07/2011,APA,CO,ANM,WE,Towers with Radar,0,82,149,0,231,0,27,111,9,147,0,109,260,9,378,298,6,304,682
04/08/2011,APA,CO,ANM,WE,Towers with Radar,0,63,86,12,161,0,18,155,13,186,0,81,241,25,347,140,30,170,517
04/09/2011,APA,CO,ANM,WE,Towers with Radar,0,47,69,1,117,0,28,193,1,222,0,75,262,2,339,432,0,432,771
04/10/2011,APA,CO,ANM,WE,Towers with Radar,0,46,85,1,132,0,24,110,1,135,0,70,195,2,267,100,0,100,367
04/11/2011,APA,CO,ANM,WE,Towers with Radar,0,53,112,3,168,0,39,302,5,346,0,92,414,8,514,562,20,582,1096
04/12/2011,APA,CO,ANM,WE,Towers with Radar,0,79,137,5,221,0,30,332,7,369,0,109,469,12,590,534,10,544,1134
04/13/2011,APA,CO,ANM,WE,Towers with Radar,0,74,147,6,227,0,21,140,0,161,0,95,287,6,388,353,0,353,741
04/14/2011,APA,CO,ANM,WE,Towers with Radar,0,82,90,2,174,0,9,17,6,32,0,91,107,8,206,16,0,16,222
04/15/2011,APA,CO,ANM,WE,Towers with Radar,0,85,118,8,211,0,38,190,17,245,0,123,308,25,456,190,16,206,662
04/16/2011,APA,CO,ANM,WE,Towers with Radar,0,40,78,18,136,0,51,341,13,405,0,91,419,31,541,694,24,718,1259
04/17/2011,APA,CO,ANM,WE,Towers with Radar,0,41,99,4,144,0,24,300,9,333,0,65,399,13,477,436,4,440,917
04/18/2011,APA,CO,ANM,WE,Towers with Radar,0,64,106,4,174,0,28,214,5,247,0,92,320,9,421,444,36,480,901
04/19/2011,APA,CO,ANM,WE,Towers with Radar,0,66,128,0,194,0,45,211,0,256,0,111,339,0,450,410,0,410,860
04/20/2011,APA,CO,ANM,WE,Towers with Radar,0,88,154,19,261,0,30,145,29,204,0,118,299,48,465,186,0,186,651
04/21/2011,APA,CO,ANM,WE,Towers with Radar,0,83,133,6,222,0,23,196,2,221,0,106,329,8,443,434,8,442,885
04/22/2011,APA,CO,ANM,WE,Towers with Radar,0,49,79,4,132,0,28,58,6,92,0,77,137,10,224,28,0,28,252
04/23/2011,APA,CO,ANM,WE,Towers with Radar,0,32,55,1,88,0,20,240,6,266,0,52,295,7,354,468,12,480,834
04/24/2011,APA,CO,ANM,WE,Towers with Radar,0,45,46,1,92,0,6,93,0,99,0,51,139,1,191,240,0,240,431
04/25/2011,APA,CO,ANM,WE,Towers with Radar,0,73,113,0,186,0,19,98,4,121,0,92,211,4,307,262,18,280,587
04/26/2011,APA,CO,ANM,WE,Towers with Radar,0,96,122,3,221,0,24,163,1,188,0,120,285,4,409,296,4,300,709
04/27/2011,APA,CO,ANM,WE,Towers with Radar,0,74,121,3,198,0,54,268,8,330,0,128,389,11,528,523,0,523,1051
04/28/2011,APA,CO,ANM,WE,Towers with Radar,0,57,136,5,198,0,35,350,11,396,0,92,486,16,594,596,14,610,1204
04/29/2011,APA,CO,ANM,WE,Towers with Radar,0,70,98,0,168,0,0,129,3,132,0,70,227,3,300,192,0,192,492
04/30/2011,APA,CO,ANM,WE,Towers with Radar,0,32,52,0,84,0,28,144,0,172,0,60,196,0,256,274,0,274,530
05/01/2011,APA,CO,ANM,WE,Towers with Radar,0,49,93,1,143,0,29,268,4,301,0,78,361,5,444,526,8,534,978
05/02/2011,APA,CO,ANM,WE,Towers with Radar,0,67,93,5,165,0,22,186,1,209,0,89,279,6,374,277,0,277,651
05/03/2011,APA,CO,ANM,WE,Towers with Radar,0,78,133,15,226,0,29,358,9,396,0,107,491,24,622,616,12,628,1250
05/04/2011,APA,CO,ANM,WE,Towers with Radar,0,77,145,4,226,0,25,248,2,275,0,102,393,6,501,242,10,252,753
05/05/2011,APA,CO,ANM,WE,Towers with Radar,0,84,106,7,197,0,19,331,10,360,0,103,437,17,557,452,12,464,1021
05/06/2011,APA,CO,ANM,WE,Towers with Radar,0,89,137,18,244,0,40,332,44,416,0,129,469,62,660,502,56,558,1218
05/07/2011,APA,CO,ANM,WE,Towers with Radar,0,49,83,4,136,0,30,404,18,452,0,79,487,22,588,698,12,710,1298
05/08/2011,APA,CO,ANM,WE,Towers with Radar,0,42,74,2,118,0,27,197,0,224,0,69,271,2,342,170,0,170,512
05/09/2011,APA,CO,ANM,WE,Towers with Radar,0,54,117,1,172,0,26,143,2,171,0,80,260,3,343,124,8,132,475
05/10/2011,APA,CO,ANM,WE,Towers with Radar,0,73,113,4,190,0,37,194,8,239,0,110,307,12,429,236,20,256,685
05/11/2011,APA,CO,ANM,WE,Towers with Radar,0,67,84,1,152,0,0,0,0,0,0,67,84,1,152,0,0,0,152
05/12/2011,APA,CO,ANM,WE,Towers with Radar,0,80,121,2,203,0,10,18,0,28,0,90,139,2,231,40,0,40,271
05/13/2011,APA,CO,ANM,WE,Towers with Radar,0,76,114,6,196,0,43,400,7,450,0,119,514,13,646,628,8,636,1282
05/14/2011,APA,CO,ANM,WE,Towers with Radar,0,38,93,5,136,0,12,82,2,96,0,50,175,7,232,140,2,142,374
05/15/2011,APA,CO,ANM,WE,Towers with Radar,0,52,89,3,144,0,12,72,1,85,0,64,161,4,229,182,0,182,411
05/16/2011,APA,CO,ANM,WE,Towers with Radar,0,75,106,9,190,0,29,252,14,295,0,104,358,23,485,496,18,514,999
05/17/2011,APA,CO,ANM,WE,Towers with Radar,0,93,115,2,210,0,27,228,18,273,0,120,343,20,483,422,32,454,937
05/18/2011,APA,CO,ANM,WE,Towers with Radar,0,86,127,0,213,0,10,27,9,46,0,96,154,9,259,57,0,57,316
05/19/2011,APA,CO,ANM,WE,Towers with Radar,0,98,118,2,218,0,9,13,0,22,0,107,131,2,240,0,0,0,240
05/20/2011,APA,CO,ANM,WE,Towers with Radar,0,138,145,9,292,0,24,243,4,271,0,162,388,13,563,332,4,336,899
05/21/2011,APA,CO,ANM,WE,Towers with Radar,0,95,75,3,173,0,32,305,5,342,0,127,380,8,515,358,2,360,875
05/22/2011,APA,CO,ANM,WE,Towers with Radar,0,66,123,3,192,0,27,278,10,315,0,93,401,13,507,570,4,574,1081
05/23/2011,APA,CO,ANM,WE,Towers with Radar,0,77,113,2,192,0,29,202,0,231,0,106,315,2,423,304,0,304,727
05/24/2011,APA,CO,ANM,WE,Towers with Radar,0,56,109,4,169,0,4,78,2,84,0,60,187,6,253,326,12,338,591
05/25/2011,APA,CO,ANM,WE,Towers with Radar,0,94,164,7,265,0,29,250,1,280,0,123,414,8,545,480,2,482,1027
05/26/2011,APA,CO,ANM,WE,Towers with Radar,0,81,125,1,207,0,22,156,0,178,0,103,281,1,385,302,0,302,687
05/27/2011,APA,CO,ANM,WE,Towers with Radar,0,77,134,6,217,0,41,301,3,345,0,118,435,9,562,426,18,444,1006
05/28/2011,APA,CO,ANM,WE,Towers with Radar,0,46,73,14,133,0,34,221,7,262,0,80,294,21,395,426,10,436,831
05/29/2011,APA,CO,ANM,WE,Towers with Radar,0,45,68,3,116,0,19,154,3,176,0,64,222,6,292,200,0,200,492
05/30/2011,APA,CO,ANM,WE,Towers with Radar,0,68,83,7,158,0,14,108,2,124,0,82,191,9,282,154,2,156,438
05/31/2011,APA,CO,ANM,WE,Towers with Radar,0,62,127,1,190,0,25,281,3,309,0,87,408,4,499,382,0,382,881
06/01/2011,APA,CO,ANM,WE,Towers with Radar,0,56,157,2,215,0,36,292,5,333,0,92,449,7,548,470,0,470,1018
06/02/2011,APA,CO,ANM,WE,Towers with Radar,0,63,128,3,194,0,26,115,0,141,0,89,243,3,335,148,8,156,491
06/03/2011,APA,CO,ANM,WE,Towers with Radar,0,56,136,4,196,0,49,362,4,415,0,105,498,8,611,666,0,666,1277
06/04/2011,APA,CO,ANM,WE,Towers with Radar,0,37,77,15,129,0,34,378,14,426,0,71,455,29,555,430,2,432,987
06/05/2011,APA,CO,ANM,WE,Towers with Radar,0,34,94,4,132,0,18,297,2,317,0,52,391,6,449,421,6,427,876
06/06/2011,APA,CO,ANM,WE,Towers with Radar,0,51,128,2,181,0,27,176,6,209,0,78,304,8,390,368,28,396,786
06/07/2011,APA,CO,ANM,WE,Towers with Radar,0,78,135,2,215,0,39,280,4,323,0,117,415,6,538,456,36,492,1030
06/08/2011,APA,CO,ANM,WE,Towers with Radar,0,86,149,6,241,0,30,257,1,288,0,116,406,7,529,400,8,408,937
06/09/2011,APA,CO,ANM,WE,Towers with Radar,0,80,149,2,231,0,48,201,4,253,0,128,350,6,484,358,12,370,854
06/10/2011,APA,CO,ANM,WE,Towers with Radar,0,84,108,10,202,0,49,344,11,404,0,133,452,21,606,592,42,634,1240
06/11/2011,APA,CO,ANM,WE,Towers with Radar,0,49,48,10,107,0,20,440,10,470,0,69,488,20,577,352,10,362,939
06/12/2011,APA,CO,ANM,WE,Towers with Radar,0,54,98,5,157,0,47,428,2,477,0,101,526,7,634,534,6,540,1174
06/13/2011,APA,CO,ANM,WE,Towers with Radar,0,64,126,8,198,0,35,292,1,328,0,99,418,9,526,470,0,470,996
06/14/2011,APA,CO,ANM,WE,Towers with Radar,0,75,153,1,229,0,19,233,6,258,0,94,386,7,487,281,18,299,786
06/15/2011,APA,CO,ANM,WE,Towers with Radar,0,84,123,2,209,0,27,320,2,349,0,111,443,4,558,498,14,512,1070
06/16/2011,APA,CO,ANM,WE,Towers with Radar,0,78,116,0,194,0,22,178,20,220,0,100,294,20,414,210,82,292,706
06/17/2011,APA,CO,ANM,WE,Towers with Radar,0,85,92,5,182,0,30,219,3,252,0,115,311,8,434,298,2,300,734
06/18/2011,APA,CO,ANM,WE,Towers with Radar,0,43,81,8,132,0,36,315,8,359,0,79,396,16,491,518,30,548,1039
06/19/2011,APA,CO,ANM,WE,Towers with Radar,0,52,97,5,154,0,27,218,5,250,0,79,315,10,404,244,10,254,658
06/20/2011,APA,CO,ANM,WE,Towers with Radar,0,77,97,8,182,0,11,31,0,42,0,88,128,8,224,56,0,56,280
06/21/2011,APA,CO,ANM,WE,Towers with Radar,0,68,137,4,209,0,38,289,5,332,0,106,426,9,541,544,30,574,1115
06/22/2011,APA,CO,ANM,WE,Towers with Radar,0,64,156,2,222,0,19,308,4,331,0,83,464,6,553,558,14,572,1125
06/23/2011,APA,CO,ANM,WE,Towers with Radar,0,83,155,2,240,36,287,4,0,327,36,370,159,2,567,442,3,445,1012
06/24/2011,APA,CO,ANM,WE,Towers with Radar,0,65,118,4,187,0,30,387,1,418,0,95,505,5,605,624,2,626,1231
06/25/2011,APA,CO,ANM,WE,Towers with Radar,0,55,92,3,150,0,28,237,2,267,0,83,329,5,417,465,0,465,882
06/26/2011,APA,CO,ANM,WE,Towers with Radar,0,58,130,2,190,0,33,267,6,306,0,91,397,8,496,370,0,370,866
06/27/2011,APA,CO,ANM,WE,Towers with Radar,0,61,111,2,174,0,47,192,0,239,0,108,303,2,413,354,0,354,767
06/28/2011,APA,CO,ANM,WE,Towers with Radar,0,76,154,3,233,0,46,282,8,336,0,122,436,11,569,508,48,556,1125
06/29/2011,APA,CO,ANM,WE,Towers with Radar,0,80,123,1,204,0,46,296,6,348,0,126,419,7,552,501,6,507,1059
06/30/2011,APA,CO,ANM,WE,Towers with Radar,0,75,165,0,240,0,25,195,6,226,0,100,360,6,466,314,0,314,780
07/01/2011,APA,CO,ANM,WE,Towers with Radar,0,77,134,1,212,0,35,380,13,428,0,112,514,14,640,666,38,704,1344
07/02/2011,APA,CO,ANM,WE,Towers with Radar,0,52,80,0,132,0,42,322,4,368,0,94,402,4,500,491,10,501,1001
07/03/2011,APA,CO,ANM,WE,Towers with Radar,0,39,74,1,114,0,44,238,0,282,0,83,312,1,396,332,0,332,728
07/04/2011,APA,CO,ANM,WE,Towers with Radar,0,45,65,3,113,0,34,247,7,288,0,79,312,10,401,334,0,334,735
07/05/2011,APA,CO,ANM,WE,Towers with Radar,0,73,89,8,170,0,42,293,10,345,0,115,382,18,515,490,19,509,1024
07/06/2011,APA,CO,ANM,WE,Towers with Radar,0,91,112,4,207,0,26,213,2,241,0,117,325,6,448,306,22,328,776
07/07/2011,APA,CO,ANM,WE,Towers with Radar,0,69,120,5,194,0,20,237,3,260,0,89,357,8,454,460,8,468,922
07/08/2011,APA,CO,ANM,WE,Towers with Radar,0,66,109,7,182,0,28,256,4,288,0,94,365,11,470,484,4,488,958
07/09/2011,APA,CO,ANM,WE,Towers with Radar,0,43,77,1,121,0,30,308,3,341,0,73,385,4,462,490,0,490,952
07/10/2011,APA,CO,ANM,WE,Towers with Radar,0,71,94,6,171,0,28,230,3,261,0,99,324,9,432,489,8,497,929
07/11/2011,APA,CO,ANM,WE,Towers with Radar,0,72,147,2,221,0,18,223,6,247,0,90,370,8,468,488,26,514,982
07/12/2011,APA,CO,ANM,WE,Towers with Radar,0,84,136,4,224,0,22,132,0,154,0,106,268,4,378,206,0,206,584
07/13/2011,APA,CO,ANM,WE,Towers with Radar,0,100,153,8,261,0,45,251,9,305,0,145,404,17,566,396,54,450,1016
07/14/2011,APA,CO,ANM,WE,Towers with Radar,0,89,144,2,235,0,21,259,7,287,0,110,403,9,522,338,0,338,860
07/15/2011,APA,CO,ANM,WE,Towers with Radar,0,94,133,2,229,0,41,291,4,336,0,135,424,6,565,452,10,462,1027
07/16/2011,APA,CO,ANM,WE,Towers with Radar,0,44,80,14,138,0,14,317,1,332,0,58,397,15,470,524,2,526,996
07/17/2011,APA,CO,ANM,WE,Towers with Radar,0,63,118,7,188,0,21,305,1,327,0,84,423,8,515,487,4,491,1006
07/18/2011,APA,CO,ANM,WE,Towers with Radar,0,68,115,0,183,0,38,231,5,274,0,106,346,5,457,532,4,536,993
07/19/2011,APA,CO,ANM,WE,Towers with Radar,0,87,137,3,227,0,15,252,7,274,0,102,389,10,501,288,18,306,807
07/20/2011,APA,CO,ANM,WE,Towers with Radar,0,95,112,2,209,0,26,291,3,320,0,121,403,5,529,571,14,585,1114
07/21/2011,APA,CO,ANM,WE,Towers with Radar,0,84,143,10,237,0,17,237,8,262,0,101,380,18,499,366,21,387,886
07/22/2011,APA,CO,ANM,WE,Towers with Radar,0,65,92,5,162,0,37,260,4,301,0,102,352,9,463,460,16,476,939
07/23/2011,APA,CO,ANM,WE,Towers with Radar,0,40,98,3,141,0,31,307,9,347,0,71,405,12,488,440,8,448,936
07/24/2011,APA,CO,ANM,WE,Towers with Radar,0,77,100,2,179,0,29,257,5,291,0,106,357,7,470,420,4,424,894
07/25/2011,APA,CO,ANM,WE,Towers with Radar,0,74,97,2,173,0,29,295,2,326,0,103,392,4,499,318,6,324,823
07/26/2011,APA,CO,ANM,WE,Towers with Radar,0,73,113,6,192,0,27,225,7,259,0,100,338,13,451,268,38,306,757
07/27/2011,APA,CO,ANM,WE,Towers with Radar,0,82,161,1,244,0,42,265,9,316,0,124,426,10,560,396,22,418,978
07/28/2011,APA,CO,ANM,WE,Towers with Radar,0,79,138,8,225,0,29,202,3,234,0,108,340,11,459,369,0,369,828
07/29/2011,APA,CO,ANM,WE,Towers with Radar,0,78,93,4,175,0,43,266,9,318,0,121,359,13,493,534,0,534,1027
07/30/2011,APA,CO,ANM,WE,Towers with Radar,0,46,95,12,153,0,21,304,0,325,0,67,399,12,478,384,16,400,878
07/31/2011,APA,CO,ANM,WE,Towers with Radar,0,72,122,5,199,0,29,261,4,294,0,101,383,9,493,418,6,424,917
08/01/2011,APA,CO,ANM,WE,Towers with Radar,0,55,111,2,168,0,26,217,4,247,0,81,328,6,415,258,6,264,679
08/02/2011,APA,CO,ANM,WE,Towers with Radar,0,96,119,6,221,0,34,231,0,265,0,130,350,6,486,398,6,404,890
08/03/2011,APA,CO,ANM,WE,Towers with Radar,0,85,148,3,236,0,49,305,4,358,0,134,453,7,594,508,16,524,1118
08/04/2011,APA,CO,ANM,WE,Towers with Radar,0,68,122,5,195,0,47,280,4,331,0,115,402,9,526,408,2,410,936
08/05/2011,APA,CO,ANM,WE,Towers with Radar,0,91,142,21,254,0,51,293,21,365,0,142,435,42,619,450,38,488,1107
08/06/2011,APA,CO,ANM,WE,Towers with Radar,0,52,89,13,154,0,37,246,23,306,0,89,335,36,460,494,11,505,965
08/07/2011,APA,CO,ANM,WE,Towers with Radar,0,89,122,11,222,0,33,286,15,334,0,122,408,26,556,436,10,446,1002
08/08/2011,APA,CO,ANM,WE,Towers with Radar,0,62,101,0,163,0,26,324,1,351,0,88,425,1,514,385,0,385,899
08/09/2011,APA,CO,ANM,WE,Towers with Radar,0,76,131,6,213,0,108,329,4,441,0,184,460,10,654,389,6,395,1049
08/10/2011,APA,CO,ANM,WE,Towers with Radar,0,87,156,4,247,0,30,279,5,314,0,117,435,9,561,446,12,458,1019
08/11/2011,APA,CO,ANM,WE,Towers with Radar,0,109,140,2,251,0,20,283,5,308,0,129,423,7,559,313,18,331,890
08/12/2011,APA,CO,ANM,WE,Towers with Radar,0,129,194,6,329,0,35,324,6,365,0,164,518,12,694,459,12,471,1165
08/13/2011,APA,CO,ANM,WE,Towers with Radar,0,46,82,8,136,0,36,253,4,293,0,82,335,12,429,418,0,418,847
08/14/2011,APA,CO,ANM,WE,Towers with Radar,0,70,97,0,167,0,35,345,0,380,0,105,442,0,547,364,0,364,911
08/15/2011,APA,CO,ANM,WE,Towers with Radar,0,76,135,5,216,0,41,303,9,353,0,117,438,14,569,380,0,380,949
08/16/2011,APA,CO,ANM,WE,Towers with Radar,0,87,148,6,241,0,57,299,3,359,0,144,447,9,600,328,0,328,928
08/17/2011,APA,CO,ANM,WE,Towers with Radar,0,70,155,1,226,0,41,310,14,365,0,111,465,15,591,366,32,398,989
08/18/2011,APA,CO,ANM,WE,Towers with Radar,0,92,155,6,253,0,58,417,15,490,0,150,572,21,743,392,12,404,1147
08/19/2011,APA,CO,ANM,WE,Towers with Radar,0,76,155,16,247,0,54,402,23,479,0,130,557,39,726,330,28,358,1084
08/20/2011,APA,CO,ANM,WE,Towers with Radar,0,37,66,4,107,0,43,410,14,467,0,80,476,18,574,550,4,554,1128
08/21/2011,APA,CO,ANM,WE,Towers with Radar,0,48,107,8,163,0,42,353,3,398,0,90,460,11,561,240,0,240,801
08/22/2011,APA,CO,ANM,WE,Towers with Radar,0,76,124,6,206,0,59,330,4,393,0,135,454,10,599,457,0,457,1056
08/23/2011,APA,CO,ANM,WE,Towers with Radar,0,91,114,2,207,0,57,377,18,452,0,148,491,20,659,306,28,334,993
08/24/2011,APA,CO,ANM,WE,Towers with Radar,0,80,149,9,238,0,53,334,12,399,0,133,483,21,637,226,32,258,895
08/25/2011,APA,CO,ANM,WE,Towers with Radar,0,81,103,8,192,0,36,320,3,359,0,117,423,11,551,360,22,382,933
08/26/2011,APA,CO,ANM,WE,Towers with Radar,0,76,135,4,215,0,38,363,11,412,0,114,498,15,627,458,24,482,1109
08/27/2011,APA,CO,ANM,WE,Towers with Radar,0,58,68,6,132,0,44,416,8,468,0,102,484,14,600,542,4,546,1146
08/28/2011,APA,CO,ANM,WE,Towers with Radar,0,52,72,5,129,0,42,407,5,454,0,94,479,10,583,442,0,442,1025
08/29/2011,APA,CO,ANM,WE,Towers with Radar,0,68,122,0,190,0,45,384,6,435,0,113,506,6,625,466,0,466,1091
08/30/2011,APA,CO,ANM,WE,Towers with Radar,0,61,111,3,175,0,37,369,10,416,0,98,480,13,591,465,14,479,1070
08/31/2011,APA,CO,ANM,WE,Towers with Radar,0,68,116,0,184,0,44,349,7,400,0,112,465,7,584,364,42,406,990
09/01/2011,APA,CO,ANM,WE,Towers with Radar,0,85,104,3,192,0,28,292,1,321,0,113,396,4,513,394,0,394,907
09/02/2011,APA,CO,ANM,WE,Towers with Radar,0,96,129,1,226,0,40,341,5,386,0,136,470,6,612,444,4,448,1060
09/03/2011,APA,CO,ANM,WE,Towers with Radar,0,43,62,2,107,0,44,418,8,470,0,87,480,10,577,423,12,435,1012
09/04/2011,APA,CO,ANM,WE,Towers with Radar,0,36,58,1,95,0,37,433,16,486,0,73,491,17,581,384,38,422,1003
09/05/2011,APA,CO,ANM,WE,Towers with Radar,0,98,100,3,201,0,64,452,6,522,0,162,552,9,723,470,57,527,1250
09/06/2011,APA,CO,ANM,WE,Towers with Radar,1,63,105,7,176,0,46,290,15,351,1,109,395,22,527,338,60,398,925
09/07/2011,APA,CO,ANM,WE,Towers with Radar,0,81,115,2,198,0,31,204,11,246,0,112,319,13,444,272,0,272,716
09/08/2011,APA,CO,ANM,WE,Towers with Radar,0,75,115,2,192,0,29,272,4,305,0,104,387,6,497,210,0,210,707
09/09/2011,APA,CO,ANM,WE,Towers with Radar,0,80,106,1,187,0,29,370,9,408,0,109,476,10,595,420,18,438,1033
09/10/2011,APA,CO,ANM,WE,Towers with Radar,0,36,56,2,94,0,20,351,6,377,0,56,407,8,471,558,0,558,1029
09/11/2011,APA,CO,ANM,WE,Towers with Radar,0,47,66,3,116,0,30,450,17,497,0,77,516,20,613,632,34,666,1279
09/12/2011,APA,CO,ANM,WE,Towers with Radar,0,72,102,2,176,0,50,342,15,407,0,122,444,17,583,366,44,410,993
09/13/2011,APA,CO,ANM,WE,Towers with Radar,0,93,113,2,208,0,74,402,9,485,0,167,515,11,693,404,18,422,1115
09/14/2011,APA,CO,ANM,WE,Towers with Radar,0,68,142,5,215,0,24,41,0,65,0,92,183,5,280,26,0,26,306
09/15/2011,APA,CO,ANM,WE,Towers with Radar,0,79,159,11,249,0,55,174,0,229,0,134,333,11,478,224,0,224,702
09/16/2011,APA,CO,ANM,WE,Towers with Radar,0,97,114,12,223,0,38,388,17,443,0,135,502,29,666,464,42,506,1172
09/17/2011,APA,CO,ANM,WE,Towers with Radar,0,48,67,8,123,0,23,258,11,292,0,71,325,19,415,310,4,314,729
09/18/2011,APA,CO,ANM,WE,Towers with Radar,0,47,90,2,139,0,70,518,4,592,0,117,608,6,731,441,4,445,1176
09/19/2011,APA,CO,ANM,WE,Towers with Radar,0,74,101,3,178,0,70,473,10,553,0,144,574,13,731,554,24,578,1309
09/20/2011,APA,CO,ANM,WE,Towers with Radar,0,70,98,8,176,0,60,376,9,445,0,130,474,17,621,438,56,494,1115
09/21/2011,APA,CO,ANM,WE,Towers with Radar,0,70,125,4,199,0,57,387,7,451,0,127,512,11,650,526,22,548,1198
09/22/2011,APA,CO,ANM,WE,Towers with Radar,0,87,117,6,210,0,43,423,14,480,0,130,540,20,690,457,36,493,1183
09/23/2011,APA,CO,ANM,WE,Towers with Radar,0,85,91,8,184,0,75,387,17,479,0,160,478,25,663,434,86,520,1183
09/24/2011,APA,CO,ANM,WE,Towers with Radar,0,47,74,2,123,0,40,478,2,520,0,87,552,4,643,535,2,537,1180
09/25/2011,APA,CO,ANM,WE,Towers with Radar,0,65,96,8,169,0,58,407,19,484,0,123,503,27,653,582,8,590,1243
09/26/2011,APA,CO,ANM,WE,Towers with Radar,0,72,91,1,164,0,51,342,2,395,0,123,433,3,559,390,0,390,949
09/27/2011,APA,CO,ANM,WE,Towers with Radar,0,67,90,3,160,0,51,249,3,303,0,118,339,6,463,264,12,276,739
09/28/2011,APA,CO,ANM,WE,Towers with Radar,0,62,120,4,186,0,51,346,11,408,0,113,466,15,594,360,20,380,974
09/29/2011,APA,CO,ANM,WE,Towers with Radar,0,62,120,4,186,0,61,268,12,341,0,123,388,16,527,422,18,440,967
09/30/2011,APA,CO,ANM,WE,Towers with Radar,0,84,114,1,199,0,85,377,8,470,0,169,491,9,669,480,14,494,1163
10/01/2011,APA,CO,ANM,WE,Towers with Radar,0,40,41,2,83,0,33,500,11,544,0,73,541,13,627,516,2,518,1145
10/02/2011,APA,CO,ANM,WE,Towers with Radar,0,48,81,0,129,0,44,416,9,469,0,92,497,9,598,438,0,438,1036
10/03/2011,APA,CO,ANM,WE,Towers with Radar,0,51,81,3,135,0,29,405,8,442,0,80,486,11,577,668,24,692,1269
10/04/2011,APA,CO,ANM,WE,Towers with Radar,0,46,75,25,146,0,69,297,18,384,0,115,372,43,530,366,22,388,918
10/05/2011,APA,CO,ANM,WE,Towers with Radar,0,78,85,0,163,0,40,283,3,326,0,118,368,3,489,272,6,278,767
10/06/2011,APA,CO,ANM,WE,Towers with Radar,0,66,106,0,172,0,30,73,1,104,0,96,179,1,276,34,0,34,310
10/07/2011,APA,CO,ANM,WE,Towers with Radar,0,69,62,5,136,0,53,237,7,297,0,122,299,12,433,360,8,368,801
10/08/2011,APA,CO,ANM,WE,Towers with Radar,0,45,33,0,78,0,0,0,0,0,0,45,33,0,78,0,0,0,78
10/09/2011,APA,CO,ANM,WE,Towers with Radar,0,54,70,0,124,0,30,302,0,332,0,84,372,0,456,452,0,452,908
10/10/2011,APA,CO,ANM,WE,Towers with Radar,0,62,93,1,156,0,57,441,7,505,0,119,534,8,661,532,4,536,1197
10/11/2011,APA,CO,ANM,WE,Towers with Radar,0,64,107,3,174,0,59,343,13,415,0,123,450,16,589,290,30,320,909
10/12/2011,APA,CO,ANM,WE,Towers with Radar,0,75,105,3,183,0,41,235,11,287,0,116,340,14,470,269,8,277,747
10/13/2011,APA,CO,ANM,WE,Towers with Radar,0,74,134,1,209,0,57,346,5,408,0,131,480,6,617,548,6,554,1171
10/14/2011,APA,CO,ANM,WE,Towers with Radar,0,93,93,3,189,0,51,422,6,479,0,144,515,9,668,560,10,570,1238
10/15/2011,APA,CO,ANM,WE,Towers with Radar,0,46,60,13,119,0,31,388,9,428,0,77,448,22,547,380,12,392,939
10/16/2011,APA,CO,ANM,WE,Towers with Radar,0,56,77,11,144,0,63,416,12,491,0,119,493,23,635,575,4,579,1214
10/17/2011,APA,CO,ANM,WE,Towers with Radar,0,60,74,4,138,0,30,121,3,154,0,90,195,7,292,114,0,114,406
10/18/2011,APA,CO,ANM,WE,Towers with Radar,0,58,73,1,132,0,44,280,5,329,0,102,353,6,461,283,4,287,748
10/19/2011,APA,CO,ANM,WE,Towers with Radar,0,66,116,0,182,0,47,396,1,444,0,113,512,1,626,444,2,446,1072
10/20/2011,APA,CO,ANM,WE,Towers with Radar,0,95,97,9,201,0,58,359,6,423,0,153,456,15,624,460,8,468,1092
10/21/2011,APA,CO,ANM,WE,Towers with Radar,0,79,101,5,185,0,32,368,11,411,0,111,469,16,596,324,0,324,920
10/22/2011,APA,CO,ANM,WE,Towers with Radar,0,45,36,9,90,0,34,344,24,402,0,79,380,33,492,432,6,438,930
10/23/2011,APA,CO,ANM,WE,Towers with Radar,0,55,86,0,141,0,63,357,1,421,0,118,443,1,562,272,0,272,834
10/24/2011,APA,CO,ANM,WE,Towers with Radar,0,71,94,2,167,0,52,395,2,449,0,123,489,4,616,568,22,590,1206
10/25/2011,APA,CO,ANM,WE,Towers with Radar,0,65,87,1,153,0,20,196,9,225,0,85,283,10,378,284,0,284,662
10/26/2011,APA,CO,ANM,WE,Towers with Radar,0,47,81,0,128,0,2,6,0,8,0,49,87,0,136,0,0,0,136
10/27/2011,APA,CO,ANM,WE,Towers with Radar,0,81,89,3,173,0,32,227,2,261,0,113,316,5,434,330,0,330,764
10/28/2011,APA,CO,ANM,WE,Towers with Radar,0,67,80,2,149,0,34,305,0,339,0,101,385,2,488,319,0,319,807
10/29/2011,APA,CO,ANM,WE,Towers with Radar,1,28,41,4,74,0,30,340,1,371,1,58,381,5,445,456,0,456,901
10/30/2011,APA,CO,ANM,WE,Towers with Radar,0,52,70,3,125,0,26,405,7,438,0,78,475,10,563,430,0,430,993
10/31/2011,APA,CO,ANM,WE,Towers with Radar,0,72,73,3,148,0,56,346,4,406,0,128,419,7,554,426,2,428,982
11/01/2011,APA,CO,ANM,WE,Towers with Radar,0,78,113,4,195,0,13,101,0,114,0,91,214,4,309,94,2,96,405
11/02/2011,APA,CO,ANM,WE,Towers with Radar,0,56,71,0,127,0,6,2,0,8,0,62,73,0,135,8,0,8,143
11/03/2011,APA,CO,ANM,WE,Towers with Radar,0,72,104,3,179,0,37,196,1,234,0,109,300,4,413,275,0,275,688
11/04/2011,APA,CO,ANM,WE,Towers with Radar,0,71,95,3,169,0,23,316,2,341,0,94,411,5,510,304,0,304,814
11/05/2011,APA,CO,ANM,WE,Towers with Radar,0,27,30,0,57,0,7,99,0,106,0,34,129,0,163,172,0,172,335
11/06/2011,APA,CO,ANM,WE,Towers with Radar,0,49,94,0,143,24,25,420,5,474,24,74,514,5,617,428,0,428,1045
11/07/2011,APA,CO,ANM,WE,Towers with Radar,0,68,71,0,139,0,31,248,3,282,0,99,319,3,421,271,14,285,706
11/08/2011,APA,CO,ANM,WE,Towers with Radar,0,70,80,6,156,0,62,257,2,321,0,132,337,8,477,396,2,398,875
11/09/2011,APA,CO,ANM,WE,Towers with Radar,0,74,97,0,171,5,37,414,5,461,5,111,511,5,632,548,14,562,1194
11/10/2011,APA,CO,ANM,WE,Towers with Radar,0,75,106,4,185,0,36,299,3,338,0,111,405,7,523,312,0,312,835
11/11/2011,APA,CO,ANM,WE,Towers with Radar,0,75,88,0,163,0,43,292,3,338,0,118,380,3,501,419,6,425,926
11/12/2011,APA,CO,ANM,WE,Towers with Radar,0,28,37,0,65,0,34,161,0,195,0,62,198,0,260,156,0,156,416
11/13/2011,APA,CO,ANM,WE,Towers with Radar,0,67,57,0,124,0,32,231,0,263,0,99,288,0,387,296,0,296,683
11/14/2011,APA,CO,ANM,WE,Towers with Radar,0,68,83,0,151,0,38,195,1,234,0,106,278,1,385,184,4,188,573
11/15/2011,APA,CO,ANM,WE,Towers with Radar,0,62,98,4,164,0,35,243,3,281,0,97,341,7,445,358,38,396,841
11/16/2011,APA,CO,ANM,WE,Towers with Radar,0,58,104,2,164,0,64,238,7,309,0,122,342,9,473,271,0,271,744
11/17/2011,APA,CO,ANM,WE,Towers with Radar,0,68,132,2,202,0,44,281,3,328,0,112,413,5,530,370,12,382,912
11/18/2011,APA,CO,ANM,WE,Towers with Radar,0,71,90,6,167,0,62,261,5,328,0,133,351,11,495,256,6,262,757
11/19/2011,APA,CO,ANM,WE,Towers with Radar,0,53,48,2,103,0,17,305,1,323,0,70,353,3,426,556,0,556,982
11/20/2011,APA,CO,ANM,WE,Towers with Radar,0,57,58,2,117,0,45,347,1,393,0,102,405,3,510,472,6,478,988
11/21/2011,APA,CO,ANM,WE,Towers with Radar,0,66,84,6,156,0,36,287,4,327,0,102,371,10,483,428,6,434,917
11/22/2011,APA,CO,ANM,WE,Towers with Radar,0,85,112,2,199,0,53,364,3,420,0,138,476,5,619,495,14,509,1128
11/23/2011,APA,CO,ANM,WE,Towers with Radar,0,80,79,4,163,0,38,296,1,335,0,118,375,5,498,346,0,346,844
11/24/2011,APA,CO,ANM,WE,Towers with Radar,0,31,26,0,57,0,15,119,0,134,0,46,145,0,191,96,0,96,287
11/25/2011,APA,CO,ANM,WE,Towers with Radar,0,49,34,0,83,0,21,231,3,255,0,70,265,3,338,280,0,280,618
11/26/2011,APA,CO,ANM,WE,Towers with Radar,0,54,49,1,104,0,29,186,0,215,0,83,235,1,319,362,0,362,681
11/27/2011,APA,CO,ANM,WE,Towers with Radar,0,72,99,1,172,0,30,412,1,443,0,102,511,2,615,401,0,401,1016
11/28/2011,APA,CO,ANM,WE,Towers with Radar,0,65,82,8,155,0,39,273,17,329,0,104,355,25,484,379,16,395,879
11/29/2011,APA,CO,ANM,WE,Towers with Radar,0,89,82,1,172,0,76,305,9,390,0,165,387,10,562,524,48,572,1134
11/30/2011,APA,CO,ANM,WE,Towers with Radar,0,79,95,0,174,0,49,300,12,361,0,128,395,12,535,446,106,552,1087
12/01/2011,APA,CO,ANM,WE,Towers with Radar,0,50,79,0,129,0,0,9,0,9,0,50,88,0,138,0,0,0,138
12/02/2011,APA,CO,ANM,WE,Towers with Radar,0,58,95,0,153,0,45,259,2,306,0,103,354,2,459,428,0,428,887
12/03/2011,APA,CO,ANM,WE,Towers with Radar,1,29,37,0,67,0,8,10,0,18,1,37,47,0,85,18,0,18,103
12/04/2011,APA,CO,ANM,WE,Towers with Radar,0,39,50,0,89,0,16,147,1,164,0,55,197,1,253,84,0,84,337
12/05/2011,APA,CO,ANM,WE,Towers with Radar,0,57,82,0,139,0,21,76,0,97,0,78,158,0,236,30,0,30,266
12/06/2011,APA,CO,ANM,WE,Towers with Radar,0,67,90,0,157,0,39,173,0,212,0,106,263,0,369,136,0,136,505
12/07/2011,APA,CO,ANM,WE,Towers with Radar,0,67,101,0,168,0,48,218,6,272,0,115,319,6,440,290,42,332,772
12/08/2011,APA,CO,ANM,WE,Towers with Radar,0,88,100,1,189,0,26,176,9,211,0,114,276,10,400,348,58,406,806
12/09/2011,APA,CO,ANM,WE,Towers with Radar,0,73,97,2,172,0,42,305,6,353,0,115,402,8,525,330,38,368,893
12/10/2011,APA,CO,ANM,WE,Towers with Radar,0,45,56,5,106,0,36,467,18,521,0,81,523,23,627,398,26,424,1051
12/11/2011,APA,CO,ANM,WE,Towers with Radar,0,67,72,7,146,0,19,357,3,379,0,86,429,10,525,404,0,404,929
12/12/2011,APA,CO,ANM,WE,Towers with Radar,0,70,95,0,165,0,26,267,3,296,0,96,362,3,461,368,0,368,829
12/13/2011,APA,CO,ANM,WE,Towers with Radar,0,85,84,6,175,0,54,164,4,222,0,139,248,10,397,180,6,186,583
12/14/2011,APA,CO,ANM,WE,Towers with Radar,0,92,103,8,203,0,40,256,4,300,0,132,359,12,503,318,10,328,831
12/15/2011,APA,CO,ANM,WE,Towers with Radar,0,82,88,0,170,0,57,206,10,273,0,139,294,10,443,298,12,310,753
12/16/2011,APA,CO,ANM,WE,Towers with Radar,0,55,115,16,186,0,40,368,2,410,0,95,483,18,596,306,0,306,902
12/17/2011,APA,CO,ANM,WE,Towers with Radar,0,45,84,3,132,0,30,385,14,429,0,75,469,17,561,407,0,407,968
12/18/2011,APA,CO,ANM,WE,Towers with Radar,0,62,88,7,157,0,12,344,14,370,0,74,432,21,527,327,2,329,856
12/19/2011,APA,CO,ANM,WE,Towers with Radar,0,57,75,0,132,0,11,37,0,48,0,68,112,0,180,56,0,56,236
12/20/2011,APA,CO,ANM,WE,Towers with Radar,0,70,91,6,167,0,37,314,4,355,0,107,405,10,522,311,2,313,835
12/21/2011,APA,CO,ANM,WE,Towers with Radar,0,70,97,2,169,0,35,245,4,284,0,105,342,6,453,258,0,258,711
12/22/2011,APA,CO,ANM,WE,Towers with Radar,0,55,52,0,107,0,3,3,0,6,0,58,55,0,113,0,0,0,113
12/23/2011,APA,CO,ANM,WE,Towers with Radar,0,68,89,0,157,0,32,197,0,229,0,100,286,0,386,199,0,199,585
12/24/2011,APA,CO,ANM,WE,Towers with Radar,0,40,24,0,64,0,35,139,2,176,0,75,163,2,240,184,0,184,424
12/25/2011,APA,CO,ANM,WE,Towers with Radar,0,36,22,0,58,0,11,46,0,57,0,47,68,0,115,68,0,68,183
12/26/2011,APA,CO,ANM,WE,Towers with Radar,0,52,91,0,143,0,28,374,0,402,0,80,465,0,545,424,0,424,969
12/27/2011,APA,CO,ANM,WE,Towers with Radar,0,67,131,0,198,0,50,332,6,388,0,117,463,6,586,402,2,404,990
12/28/2011,APA,CO,ANM,WE,Towers with Radar,0,67,77,0,144,0,66,317,4,387,0,133,394,4,531,292,0,292,823
12/29/2011,APA,CO,ANM,WE,Towers with Radar,0,63,70,2,135,0,20,106,0,126,0,83,176,2,261,116,0,116,377
12/30/2011,APA,CO,ANM,WE,Towers with Radar,0,63,71,0,134,0,21,353,0,374,0,84,424,0,508,518,0,518,1026
12/31/2011,APA,CO,ANM,WE,Towers with Radar,0,38,36,0,74,0,11,27,1,39,0,49,63,1,113,0,0,0,113
01/01/2012,APA,CO,ANM,WE,Towers with Radar,1,68,60,0,129,34,81,179,0,294,35,149,239,0,423,153,0,153,576
01/02/2012,APA,CO,ANM,WE,Towers with Radar,1,79,111,0,191,0,50,518,3,571,1,129,629,3,762,606,0,606,1368
01/03/2012,APA,CO,ANM,WE,Towers with Radar,0,51,90,0,141,0,26,283,5,314,0,77,373,5,455,334,6,340,795
01/04/2012,APA,CO,ANM,WE,Towers with Radar,0,62,98,5,165,0,39,416,15,470,0,101,514,20,635,480,8,488,1123
01/05/2012,APA,CO,ANM,WE,Towers with Radar,0,75,83,1,159,0,40,402,15,457,0,115,485,16,616,490,32,522,1138
01/06/2012,APA,CO,ANM,WE,Towers with Radar,0,40,109,0,149,0,42,414,5,461,0,82,523,5,610,380,0,380,990
01/07/2012,APA,CO,ANM,WE,Towers with Radar,0,30,67,0,97,0,13,270,0,283,0,43,337,0,380,326,6,332,712
01/08/2012,APA,CO,ANM,WE,Towers with Radar,0,59,78,4,141,0,18,158,0,176,0,77,236,4,317,268,0,268,585
01/09/2012,APA,CO,ANM,WE,Towers with Radar,0,51,75,3,129,0,31,242,4,277,0,82,317,7,406,548,0,548,954
01/10/2012,APA,CO,ANM,WE,Towers with Radar,0,69,101,0,170,0,45,368,1,414,0,114,469,1,584,328,0,328,912
01/11/2012,APA,CO,ANM,WE,Towers with Radar,0,59,85,0,144,0,11,9,0,20,0,70,94,0,164,0,0,0,164
01/12/2012,APA,CO,ANM,WE,Towers with Radar,0,69,100,2,171,0,25,202,7,234,0,94,302,9,405,282,2,284,689
01/13/2012,APA,CO,ANM,WE,Towers with Radar,0,62,85,5,152,0,11,225,4,240,0,73,310,9,392,232,6,238,630
01/14/2012,APA,CO,ANM,WE,Towers with Radar,0,43,48,0,91,0,30,424,1,455,0,73,472,1,546,468,2,470,1016
01/15/2012,APA,CO,ANM,WE,Towers with Radar,0,50,52,2,104,0,32,279,4,315,0,82,331,6,419,334,0,334,753
01/16/2012,APA,CO,ANM,WE,Towers with Radar,0,58,83,3,144,0,25,230,3,258,0,83,313,6,402,420,0,420,822
01/17/2012,APA,CO,ANM,WE,Towers with Radar,0,55,98,4,157,0,34,153,3,190,0,89,251,7,347,152,0,152,499
01/18/2012,APA,CO,ANM,WE,Towers with Radar,0,67,91,0,158,0,37,157,2,196,0,104,248,2,354,292,0,292,646
01/19/2012,APA,CO,ANM,WE,Towers with Radar,0,74,112,2,188,0,36,249,2,287,0,110,361,4,475,342,0,342,817
01/20/2012,APA,CO,ANM,WE,Towers with Radar,0,51,85,3,139,0,28,189,10,227,0,79,274,13,366,222,2,224,590
01/21/2012,APA,CO,ANM,WE,Towers with Radar,0,43,40,2,85,0,10,127,2,139,0,53,167,4,224,164,0,164,388
01/22/2012,APA,CO,ANM,WE,Towers with Radar,0,63,61,0,124,0,39,110,0,149,0,102,171,0,273,104,0,104,377
01/23/2012,APA,CO,ANM,WE,Towers with Radar,0,50,89,2,141,0,41,293,3,337,0,91,382,5,478,333,10,343,821
01/24/2012,APA,CO,ANM,WE,Towers with Radar,0,65,89,4,158,0,28,66,3,97,0,93,155,7,255,100,10,110,365
01/25/2012,APA,CO,ANM,WE,Towers with Radar,0,71,97,0,168,0,63,344,3,410,0,134,441,3,578,376,0,376,954
01/26/2012,APA,CO,ANM,WE,Towers with Radar,0,67,110,3,180,0,31,252,5,288,0,98,362,8,468,240,2,242,710
01/27/2012,APA,CO,ANM,WE,Towers with Radar,0,71,116,4,191,0,17,120,0,137,0,88,236,4,328,187,0,187,515
01/28/2012,APA,CO,ANM,WE,Towers with Radar,0,33,41,0,74,0,35,432,0,467,0,68,473,0,541,478,0,478,1019
01/29/2012,APA,CO,ANM,WE,Towers with Radar,0,38,77,1,116,0,84,386,1,471,0,122,463,2,587,430,0,430,1017
01/30/2012,APA,CO,ANM,WE,Towers with Radar,0,45,91,3,139,0,41,284,0,325,0,86,375,3,464,226,0,226,690
01/31/2012,APA,CO,ANM,WE,Towers with Radar,0,67,85,3,155,0,47,265,7,319,0,114,350,10,474,358,6,364,838
02/01/2012,APA,CO,ANM,WE,Towers with Radar,0,54,119,2,175,0,47,426,5,478,0,101,545,7,653,478,22,500,1153
02/02/2012,APA,CO,ANM,WE,Towers with Radar,0,52,114,0,166,0,21,185,2,208,0,73,299,2,374,260,2,262,636
02/03/2012,APA,CO,ANM,WE,Towers with Radar,0,22,32,1,55,0,0,0,0,0,0,22,32,1,55,0,0,0,55
02/04/2012,APA,CO,ANM,WE,Towers with Radar,0,39,47,2,88,0,26,50,0,76,0,65,97,2,164,52,0,52,216
02/05/2012,APA,CO,ANM,WE,Towers with Radar,0,51,42,2,95,0,51,269,0,320,0,102,311,2,415,288,0,288,703
02/06/2012,APA,CO,ANM,WE,Towers with Radar,0,73,120,1,194,0,45,259,0,304,0,118,379,1,498,288,0,288,786
02/07/2012,APA,CO,ANM,WE,Towers with Radar,0,69,80,1,150,0,13,28,1,42,0,82,108,2,192,72,0,72,264
02/08/2012,APA,CO,ANM,WE,Towers with Radar,0,93,96,3,192,0,51,277,5,333,0,144,373,8,525,349,28,377,902
02/09/2012,APA,CO,ANM,WE,Towers with Radar,0,76,118,2,196,0,35,185,10,230,0,111,303,12,426,264,16,280,706
02/10/2012,APA,CO,ANM,WE,Towers with Radar,0,67,104,2,173,0,38,303,8,349,0,105,407,10,522,360,22,382,904
02/11/2012,APA,CO,ANM,WE,Towers with Radar,0,50,43,0,93,0,22,100,1,123,0,72,143,1,216,226,0,226,442
02/12/2012,APA,CO,ANM,WE,Towers with Radar,0,54,57,1,112,0,35,283,2,320,0,89,340,3,432,648,0,648,1080
02/13/2012,APA,CO,ANM,WE,Towers with Radar,0,55,59,1,115,0,32,345,0,377,0,87,404,1,492,466,0,466,958
02/14/2012,APA,CO,ANM,WE,Towers with Radar,0,56,86,2,144,0,43,268,1,312,0,99,354,3,456,401,4,405,861
02/15/2012,APA,CO,ANM,WE,Towers with Radar,0,76,111,3,190,0,31,147,20,198,0,107,258,23,388,140,36,176,564
02/16/2012,APA,CO,ANM,WE,Towers with Radar,0,69,112,2,183,0,41,325,11,377,0,110,437,13,560,272,44,316,876
02/17/2012,APA,CO,ANM,WE,Towers with Radar,0,82,112,10,204,0,30,299,11,340,0,112,411,21,544,390,22,412,956
02/18/2012,APA,CO,ANM,WE,Towers with Radar,0,49,80,2,131,0,18,450,12,480,0,67,530,14,611,536,6,542,1153
02/19/2012,APA,CO,ANM,WE,Towers with Radar,0,47,68,3,118,0,32,263,2,297,0,79,331,5,415,476,8,484,899
02/20/2012,APA,CO,ANM,WE,Towers with Radar,0,70,112,2,184,0,41,138,0,179,0,111,250,2,363,138,0,138,501
02/21/2012,APA,CO,ANM,WE,Towers with Radar,0,78,101,1,180,0,33,179,2,214,0,111,280,3,394,128,8,136,530
02/22/2012,APA,CO,ANM,WE,Towers with Radar,0,78,121,1,200,0,42,143,2,187,0,120,264,3,387,108,0,108,495
02/23/2012,APA,CO,ANM,WE,Towers with Radar,0,62,102,2,166,0,13,10,0,23,0,75,112,2,189,0,0,0,189
02/24/2012,APA,CO,ANM,WE,Towers with Radar,1,58,102,9,170,0,36,385,13,434,1,94,487,22,604,348,16,364,968
02/25/2012,APA,CO,ANM,WE,Towers with Radar,0,36,62,1,99,0,24,247,2,273,0,60,309,3,372,224,4,228,600
02/26/2012,APA,CO,ANM,WE,Towers with Radar,0,57,85,6,148,0,32,298,4,334,0,89,383,10,482,402,0,402,884
02/27/2012,APA,CO,ANM,WE,Towers with Radar,0,62,96,0,158,0,16,83,1,100,0,78,179,1,258,0,0,0,258
02/28/2012,APA,CO,ANM,WE,Towers with Radar,0,67,94,4,165,0,22,65,0,87,0,89,159,4,252,74,2,76,328
02/29/2012,APA,CO,ANM,WE,Towers with Radar,0,82,98,2,182,0,31,285,1,317,0,113,383,3,499,250,10,260,759
03/01/2012,APA,CO,ANM,WE,Towers with Radar,0,81,113,4,198,0,28,126,1,155,0,109,239,5,353,148,0,148,501
03/02/2012,APA,CO,ANM,WE,Towers with Radar,0,52,74,4,130,0,25,93,19,137,0,77,167,23,267,98,36,134,401
03/03/2012,APA,CO,ANM,WE,Towers with Radar,0,41,55,2,98,0,23,101,4,128,0,64,156,6,226,78,8,86,312
03/04/2012,APA,CO,ANM,WE,Towers with Radar,0,53,87,2,142,0,17,326,2,345,0,70,413,4,487,378,0,378,865
03/05/2012,APA,CO,ANM,WE,Towers with Radar,0,67,68,0,135,0,32,243,3,278,0,99,311,3,413,341,0,341,754
03/06/2012,APA,CO,ANM,WE,Towers with Radar,0,50,91,0,141,0,39,218,2,259,0,89,309,2,400,218,28,246,646
03/07/2012,APA,CO,ANM,WE,Towers with Radar,0,80,69,1,150,0,4,0,0,4,0,84,69,1,154,0,0,0,154
03/08/2012,APA,CO,ANM,WE,Towers with Radar,0,67,86,2,155,0,19,224,11,254,0,86,310,13,409,416,26,442,851
03/09/2012,APA,CO,ANM,WE,Towers with Radar,0,78,105,16,199,0,52,435,5,492,0,130,540,21,691,664,12,676,1367
03/10/2012,APA,CO,ANM,WE,Towers with Radar,0,57,86,7,150,0,38,456,2,496,0,95,542,9,646,607,6,613,1259
03/11/2012,APA,CO,ANM,WE,Towers with Radar,0,71,81,6,158,0,17,310,0,327,0,88,391,6,485,650,0,650,1135
03/12/2012,APA,CO,ANM,WE,Towers with Radar,0,70,71,2,143,0,33,349,6,388,0,103,420,8,531,687,0,687,1218
03/13/2012,APA,CO,ANM,WE,Towers with Radar,0,68,100,0,168,0,43,268,5,316,0,111,368,5,484,345,28,373,857
03/14/2012,APA,CO,ANM,WE,Towers with Radar,0,67,125,0,192,0,51,377,9,437,0,118,502,9,629,376,6,382,1011
03/15/2012,APA,CO,ANM,WE,Towers with Radar,0,72,119,1,192,0,28,299,2,329,0,100,418,3,521,502,0,502,1023
03/16/2012,APA,CO,ANM,WE,Towers with Radar,0,76,132,9,217,0,23,339,1,363,0,99,471,10,580,371,0,371,951
03/17/2012,APA,CO,ANM,WE,Towers with Radar,0,58,78,5,141,0,26,322,1,349,0,84,400,6,490,414,0,414,904
03/18/2012,APA,CO,ANM,WE,Towers with Radar,0,56,88,4,148,0,9,65,0,74,0,65,153,4,222,24,0,24,246
03/19/2012,APA,CO,ANM,WE,Towers with Radar,0,68,90,0,158,0,28,166,4,198,0,96,256,4,356,298,40,338,694
03/20/2012,APA,CO,ANM,WE,Towers with Radar,0,79,109,6,194,0,50,242,1,293,0,129,351,7,487,252,62,314,801
03/21/2012,APA,CO,ANM,WE,Towers with Radar,0,79,100,5,184,0,41,259,2,302,0,120,359,7,486,358,10,368,854
03/22/2012,APA,CO,ANM,WE,Towers with Radar,0,77,115,8,200,0,20,271,12,303,0,97,386,20,503,406,30,436,939
03/23/2012,APA,CO,ANM,WE,Towers with Radar,0,69,96,6,171,0,31,512,7,550,0,100,608,13,721,658,27,685,1406
03/24/2012,APA,CO,ANM,WE,Towers with Radar,0,39,66,1,106,0,26,453,2,481,0,65,519,3,587,621,0,621,1208
03/25/2012,APA,CO,ANM,WE,Towers with Radar,0,58,64,4,126,0,38,421,11,470,0,96,485,15,596,608,0,608,1204
03/26/2012,APA,CO,ANM,WE,Towers with Radar,0,63,89,0,152,0,20,92,0,112,0,83,181,0,264,46,0,46,310
03/27/2012,APA,CO,ANM,WE,Towers with Radar,0,65,62,1,128,0,47,276,3,326,0,112,338,4,454,194,0,194,648
03/28/2012,APA,CO,ANM,WE,Towers with Radar,0,65,82,2,149,0,60,352,4,416,0,125,434,6,565,278,0,278,843
03/29/2012,APA,CO,ANM,WE,Towers with Radar,0,71,102,1,174,0,28,357,1,386,0,99,459,2,560,482,2,484,1044
03/30/2012,APA,CO,ANM,WE,Towers with Radar,0,79,72,9,160,0,15,385,1,401,0,94,457,10,561,386,4,390,951
03/31/2012,APA,CO,ANM,WE,Towers with Radar,0,47,72,10,129,0,19,374,3,396,0,66,446,13,525,368,1,369,894
04/01/2012,APA,CO,ANM,WE,Towers with Radar,0,75,90,14,179,0,15,266,2,283,0,90,356,16,462,204,0,204,666
04/02/2012,APA,CO,ANM,WE,Towers with Radar,0,66,67,0,133,0,7,31,0,38,0,73,98,0,171,8,0,8,179
04/03/2012,APA,CO,ANM,WE,Towers with Radar,0,78,84,0,162,0,0,0,0,0,0,78,84,0,162,0,0,0,162
04/04/2012,APA,CO,ANM,WE,Towers with Radar,0,77,120,6,203,0,28,412,25,465,0,105,532,31,668,520,6,526,1194
04/05/2012,APA,CO,ANM,WE,Towers with Radar,0,63,106,8,177,0,19,281,4,304,0,82,387,12,481,312,22,334,815
04/06/2012,APA,CO,ANM,WE,Towers with Radar,0,64,82,3,149,0,18,118,2,138,0,82,200,5,287,48,0,48,335
04/07/2012,APA,CO,ANM,WE,Towers with Radar,0,26,56,0,82,0,14,333,0,347,0,40,389,0,429,467,0,467,896
04/08/2012,APA,CO,ANM,WE,Towers with Radar,0,36,52,0,88,0,15,268,0,283,0,51,320,0,371,323,0,323,694
04/09/2012,APA,CO,ANM,WE,Towers with Radar,0,60,103,2,165,0,44,336,7,387,0,104,439,9,552,442,0,442,994
04/10/2012,APA,CO,ANM,WE,Towers with Radar,0,81,112,0,193,0,44,353,3,400,0,125,465,3,593,426,10,436,1029
04/11/2012,APA,CO,ANM,WE,Towers with Radar,0,77,130,4,211,0,16,189,8,213,0,93,319,12,424,258,16,274,698
04/12/2012,APA,CO,ANM,WE,Towers with Radar,0,80,107,1,188,0,30,248,10,288,0,110,355,11,476,454,56,510,986
04/13/2012,APA,CO,ANM,WE,Towers with Radar,0,64,88,4,156,0,25,268,22,315,0,89,356,26,471,326,44,370,841
04/14/2012,APA,CO,ANM,WE,Towers with Radar,0,57,45,6,108,0,26,369,8,403,0,83,414,14,511,474,6,480,991
04/15/2012,APA,CO,ANM,WE,Towers with Radar,0,55,58,2,115,0,2,34,0,36,0,57,92,2,151,38,0,38,189
04/16/2012,APA,CO,ANM,WE,Towers with Radar,0,88,93,9,190,0,39,345,2,386,0,127,438,11,576,406,0,406,982
04/17/2012,APA,CO,ANM,WE,Towers with Radar,0,84,79,3,166,0,39,332,4,375,0,123,411,7,541,490,8,498,1039
04/18/2012,APA,CO,ANM,WE,Towers with Radar,0,75,127,3,205,0,23,327,8,358,0,98,454,11,563,360,40,400,963
04/19/2012,APA,CO,ANM,WE,Towers with Radar,0,58,104,0,162,0,16,219,1,236,0,74,323,1,398,336,4,340,738
04/20/2012,APA,CO,ANM,WE,Towers with Radar,0,78,86,3,167,0,32,367,3,402,0,110,453,6,569,490,10,500,1069
04/21/2012,APA,CO,ANM,WE,Towers with Radar,0,63,43,6,112,0,25,440,1,466,0,88,483,7,578,432,6,438,1016
04/22/2012,APA,CO,ANM,WE,Towers with Radar,0,53,73,2,128,0,37,414,7,458,0,90,487,9,586,578,0,578,1164
04/23/2012,APA,CO,ANM,WE,Towers with Radar,0,68,105,7,180,0,56,306,3,365,0,124,411,10,545,350,34,384,929
04/24/2012,APA,CO,ANM,WE,Towers with Radar,0,76,124,5,205,0,16,226,0,242,0,92,350,5,447,190,2,192,639
04/25/2012,APA,CO,ANM,WE,Towers with Radar,0,77,117,6,200,0,23,274,10,307,0,100,391,16,507,284,42,326,833
04/26/2012,APA,CO,ANM,WE,Towers with Radar,0,76,94,4,174,0,28,205,9,242,0,104,299,13,416,246,0,246,662
04/27/2012,APA,CO,ANM,WE,Towers with Radar,0,63,99,20,182,0,24,282,16,322,0,87,381,36,504,388,10,398,902
04/28/2012,APA,CO,ANM,WE,Towers with Radar,0,49,62,0,111,0,29,372,11,412,0,78,434,11,523,460,0,460,983
04/29/2012,APA,CO,ANM,WE,Towers with Radar,0,52,91,3,146,0,6,322,1,329,0,58,413,4,475,549,0,549,1024
04/30/2012,APA,CO,ANM,WE,Towers with Radar,0,44,90,2,136,0,18,317,15,350,0,62,407,17,486,401,22,423,909
05/01/2012,APA,CO,ANM,WE,Towers with Radar,0,44,84,1,129,0,12,229,17,258,0,56,313,18,387,349,30,379,766
05/02/2012,APA,CO,ANM,WE,Towers with Radar,0,82,103,1,186,0,26,372,9,407,0,108,475,10,593,384,42,426,1019
05/03/2012,APA,CO,ANM,WE,Towers with Radar,0,84,113,8,205,0,26,253,33,312,0,110,366,41,517,314,68,382,899
05/04/2012,APA,CO,ANM,WE,Towers with Radar,0,58,101,15,174,0,22,350,6,378,0,80,451,21,552,326,76,402,954
05/05/2012,APA,CO,ANM,WE,Towers with Radar,0,35,53,11,99,0,23,513,17,553,0,58,566,28,652,664,30,694,1346
05/06/2012,APA,CO,ANM,WE,Towers with Radar,0,62,73,4,139,0,15,317,7,339,0,77,390,11,478,462,0,462,940
05/07/2012,APA,CO,ANM,WE,Towers with Radar,0,60,73,0,133,0,9,29,0,38,0,69,102,0,171,32,0,32,203
05/08/2012,APA,CO,ANM,WE,Towers with Radar,0,89,101,2,192,0,43,258,8,309,0,132,359,10,501,434,25,459,960
05/09/2012,APA,CO,ANM,WE,Towers with Radar,0,72,114,3,189,0,52,452,5,509,0,124,566,8,698,554,16,570,1268
05/10/2012,APA,CO,ANM,WE,Towers with Radar,0,75,119,4,198,0,44,383,13,440,0,119,502,17,638,362,34,396,1034
05/11/2012,APA,CO,ANM,WE,Towers with Radar,0,68,92,9,169,0,16,148,3,167,0,84,240,12,336,362,0,362,698
05/12/2012,APA,CO,ANM,WE,Towers with Radar,0,47,53,3,103,0,4,17,1,22,0,51,70,4,125,58,0,58,183
05/13/2012,APA,CO,ANM,WE,Towers with Radar,0,53,79,3,135,0,18,107,1,126,0,71,186,4,261,116,2,118,379
05/14/2012,APA,CO,ANM,WE,Towers with Radar,0,55,92,1,148,0,20,291,17,328,0,75,383,18,476,190,0,190,666
05/15/2012,APA,CO,ANM,WE,Towers with Radar,0,77,120,1,198,0,23,342,22,387,0,100,462,23,585,228,24,252,837
05/16/2012,APA,CO,ANM,WE,Towers with Radar,0,81,119,0,200,0,19,280,4,303,0,100,399,4,503,142,0,142,645
05/17/2012,APA,CO,ANM,WE,Towers with Radar,0,70,107,1,178,0,12,319,3,334,0,82,426,4,512,202,8,210,722
05/18/2012,APA,CO,ANM,WE,Towers with Radar,0,68,96,1,165,0,14,396,6,416,0,82,492,7,581,250,8,258,839
05/19/2012,APA,CO,ANM,WE,Towers with Radar,0,40,70,10,120,0,5,46,0,51,0,45,116,10,171,24,0,24,195
05/20/2012,APA,CO,ANM,WE,Towers with Radar,0,59,74,3,136,0,24,371,6,401,0,83,445,9,537,304,0,304,841
05/21/2012,APA,CO,ANM,WE,Towers with Radar,0,73,94,0,167,0,33,466,1,500,0,106,560,1,667,360,0,360,1027
05/22/2012,APA,CO,ANM,WE,Towers with Radar,0,64,95,1,160,0,41,290,2,333,0,105,385,3,493,150,0,150,643
05/23/2012,APA,CO,ANM,WE,Towers with Radar,0,75,98,2,175,0,33,102,0,135,0,108,200,2,310,136,0,136,446
05/24/2012,APA,CO,ANM,WE,Towers with Radar,0,79,113,3,195,0,21,284,2,307,0,100,397,5,502,320,0,320,822
05/25/2012,APA,CO,ANM,WE,Towers with Radar,0,81,95,1,177,0,21,123,0,144,0,102,218,1,321,82,0,82,403
05/26/2012,APA,CO,ANM,WE,Towers with Radar,0,27,39,0,66,0,17,123,0,140,0,44,162,0,206,160,0,160,366
05/27/2012,APA,CO,ANM,WE,Towers with Radar,0,41,42,0,83,0,25,289,0,314,0,66,331,0,397,304,0,304,701
05/28/2012,APA,CO,ANM,WE,Towers with Radar,0,63,54,0,117,0,33,468,10,511,0,96,522,10,628,426,2,428,1056
05/29/2012,APA,CO,ANM,WE,Towers with Radar,0,69,85,2,156,0,25,418,4,447,0,94,503,6,603,434,6,440,1043
05/30/2012,APA,CO,ANM,WE,Towers with Radar,0,74,80,0,154,0,41,230,2,273,0,115,310,2,427,232,8,240,667
05/31/2012,APA,CO,ANM,WE,Towers with Radar,0,68,95,0,163,0,24,323,0,347,0,92,418,0,510,300,1,301,811
06/01/2012,APA,CO,ANM,WE,Towers with Radar,1,82,104,4,191,0,9,343,3,355,1,91,447,7,546,220,34,254,800
06/02/2012,APA,CO,ANM,WE,Towers with Radar,0,34,31,1,66,0,13,292,6,311,0,47,323,7,377,316,0,316,693
06/03/2012,APA,CO,ANM,WE,Towers with Radar,0,47,64,4,115,0,27,278,3,308,0,74,342,7,423,304,0,304,727
06/04/2012,APA,CO,ANM,WE,Towers with Radar,0,56,87,0,143,0,30,228,7,265,0,86,315,7,408,178,0,178,586
06/05/2012,APA,CO,ANM,WE,Towers with Radar,0,82,100,0,182,0,17,134,9,160,0,99,234,9,342,94,0,94,436
06/06/2012,APA,CO,ANM,WE,Towers with Radar,0,58,95,2,155,0,25,275,16,316,0,83,370,18,471,188,6,194,665
06/07/2012,APA,CO,ANM,WE,Towers with Radar,0,54,135,2,191,0,21,145,0,166,0,75,280,2,357,126,0,126,483
06/08/2012,APA,CO,ANM,WE,Towers with Radar,0,87,103,3,193,0,35,536,3,574,0,122,639,6,767,336,12,348,1115
06/09/2012,APA,CO,ANM,WE,Towers with Radar,0,47,43,3,93,0,20,384,4,408,0,67,427,7,501,180,0,180,681
06/10/2012,APA,CO,ANM,WE,Towers with Radar,0,50,68,2,120,0,13,288,4,305,0,63,356,6,425,338,0,338,763
06/11/2012,APA,CO,ANM,WE,Towers with Radar,1,66,131,3,201,0,31,302,4,337,1,97,433,7,538,209,8,217,755
06/12/2012,APA,CO,ANM,WE,Towers with Radar,0,71,127,0,198,0,31,369,5,405,0,102,496,5,603,290,52,342,945
06/13/2012,APA,CO,ANM,WE,Towers with Radar,0,73,118,0,191,0,48,367,3,418,0,121,485,3,609,226,30,256,865
06/14/2012,APA,CO,ANM,WE,Towers with Radar,0,79,122,0,201,0,20,296,8,324,0,99,418,8,525,282,8,290,815
06/15/2012,APA,CO,ANM,WE,Towers with Radar,0,65,92,9,166,0,21,223,12,256,0,86,315,21,422,160,2,162,584
06/16/2012,APA,CO,ANM,WE,Towers with Radar,0,52,65,3,120,0,29,367,2,398,0,81,432,5,518,332,24,356,874
06/17/2012,APA,CO,ANM,WE,Towers with Radar,0,59,80,7,146,0,43,356,5,404,0,102,436,12,550,284,2,286,836
06/18/2012,APA,CO,ANM,WE,Towers with Radar,0,58,83,2,143,0,16,228,5,249,0,74,311,7,392,260,12,272,664
06/19/2012,APA,CO,ANM,WE,Towers with Radar,0,80,92,0,172,0,29,303,0,332,0,109,395,0,504,300,0,300,804
06/20/2012,APA,CO,ANM,WE,Towers with Radar,1,86,134,1,222,0,34,231,1,266,1,120,365,2,488,220,0,220,708
06/21/2012,APA,CO,ANM,WE,Towers with Radar,0,84,110,0,194,0,22,223,19,264,0,106,333,19,458,152,56,208,666
06/22/2012,APA,CO,ANM,WE,Towers with Radar,0,79,101,7,187,0,13,300,6,319,0,92,401,13,506,426,6,432,938
06/23/2012,APA,CO,ANM,WE,Towers with Radar,0,54,62,0,116,0,32,306,5,343,0,86,368,5,459,328,0,328,787
06/24/2012,APA,CO,ANM,WE,Towers with Radar,0,53,95,2,150,0,33,396,0,429,0,86,491,2,579,476,0,476,1055
06/25/2012,APA,CO,ANM,WE,Towers with Radar,0,80,101,0,181,0,28,269,0,297,0,108,370,0,478,222,0,222,700
06/26/2012,APA,CO,ANM,WE,Towers with Radar,0,72,93,3,168,0,42,316,15,373,0,114,409,18,541,320,8,328,869
06/27/2012,APA,CO,ANM,WE,Towers with Radar,0,70,144,0,214,0,45,290,6,341,0,115,434,6,555,408,2,410,965
06/28/2012,APA,CO,ANM,WE,Towers with Radar,0,96,137,4,237,0,37,256,7,300,0,133,393,11,537,354,0,354,891
06/29/2012,APA,CO,ANM,WE,Towers with Radar,0,85,110,6,201,0,21,325,2,348,0,106,435,8,549,454,4,458,1007
06/30/2012,APA,CO,ANM,WE,Towers with Radar,0,68,69,0,137,0,18,347,2,367,0,86,416,2,504,386,0,386,890
07/01/2012,APA,CO,ANM,WE,Towers with Radar,0,55,61,2,118,0,24,266,2,292,0,79,327,4,410,302,8,310,720
07/02/2012,APA,CO,ANM,WE,Towers with Radar,0,68,68,2,138,0,39,230,4,273,0,107,298,6,411,332,0,332,743
07/03/2012,APA,CO,ANM,WE,Towers with Radar,0,66,59,4,129,0,51,275,18,344,0,117,334,22,473,352,116,468,941
07/04/2012,APA,CO,ANM,WE,Towers with Radar,0,33,32,0,65,0,38,374,19,431,0,71,406,19,496,472,98,570,1066
07/05/2012,APA,CO,ANM,WE,Towers with Radar,0,56,67,0,123,0,27,267,11,305,0,83,334,11,428,258,82,340,768
07/06/2012,APA,CO,ANM,WE,Towers with Radar,0,56,81,4,141,0,38,280,8,326,0,94,361,12,467,300,56,356,823
07/07/2012,APA,CO,ANM,WE,Towers with Radar,0,42,65,1,108,0,23,220,0,243,0,65,285,1,351,352,0,352,703
07/08/2012,APA,CO,ANM,WE,Towers with Radar,0,56,126,1,183,0,10,94,0,104,0,66,220,1,287,206,2,208,495
07/09/2012,APA,CO,ANM,WE,Towers with Radar,0,74,99,2,175,0,14,139,0,153,0,88,238,2,328,214,0,214,542
07/10/2012,APA,CO,ANM,WE,Towers with Radar,0,62,90,0,152,0,56,354,7,417,0,118,444,7,569,552,18,570,1139
07/11/2012,APA,CO,ANM,WE,Towers with Radar,1,76,92,1,170,0,50,353,10,413,1,126,445,11,583,643,2,645,1228
07/12/2012,APA,CO,ANM,WE,Towers with Radar,0,88,98,0,186,0,64,378,4,446,0,152,476,4,632,480,12,492,1124
07/13/2012,APA,CO,ANM,WE,Towers with Radar,0,67,103,12,182,0,26,387,20,433,0,93,490,32,615,576,40,616,1231
07/14/2012,APA,CO,ANM,WE,Towers with Radar,0,46,62,5,113,0,20,351,11,382,0,66,413,16,495,410,10,420,915
07/15/2012,APA,CO,ANM,WE,Towers with Radar,0,78,109,1,188,0,34,307,1,342,0,112,416,2,530,454,0,454,984
07/16/2012,APA,CO,ANM,WE,Towers with Radar,0,67,110,2,179,0,29,303,7,339,0,96,413,9,518,352,32,384,902
07/17/2012,APA,CO,ANM,WE,Towers with Radar,0,70,109,0,179,0,49,423,4,476,0,119,532,4,655,414,0,414,1069
07/18/2012,APA,CO,ANM,WE,Towers with Radar,0,86,107,1,194,0,31,348,2,381,0,117,455,3,575,466,14,480,1055
07/19/2012,APA,CO,ANM,WE,Towers with Radar,0,79,116,2,197,0,38,327,10,375,0,117,443,12,572,505,0,505,1077
07/20/2012,APA,CO,ANM,WE,Towers with Radar,0,82,119,2,203,0,25,343,4,372,0,107,462,6,575,431,10,441,1016
07/21/2012,APA,CO,ANM,WE,Towers with Radar,0,66,54,14,134,0,25,301,8,334,0,91,355,22,468,376,8,384,852
07/22/2012,APA,CO,ANM,WE,Towers with Radar,0,50,90,6,146,0,16,265,9,290,0,66,355,15,436,292,0,292,728
07/23/2012,APA,CO,ANM,WE,Towers with Radar,0,82,96,5,183,0,32,290,12,334,0,114,386,17,517,416,8,424,941
07/24/2012,APA,CO,ANM,WE,Towers with Radar,0,80,117,3,200,0,40,382,8,430,0,120,499,11,630,394,0,394,1024
07/25/2012,APA,CO,ANM,WE,Towers with Radar,0,83,130,6,219,0,52,330,10,392,0,135,460,16,611,506,0,506,1117
07/26/2012,APA,CO,ANM,WE,Towers with Radar,0,77,112,6,195,0,35,331,6,372,0,112,443,12,567,450,24,474,1041
07/27/2012,APA,CO,ANM,WE,Towers with Radar,0,71,119,10,200,0,26,289,5,320,0,97,408,15,520,436,6,442,962
07/28/2012,APA,CO,ANM,WE,Towers with Radar,0,51,64,9,124,0,8,273,26,307,0,59,337,35,431,418,24,442,873
07/29/2012,APA,CO,ANM,WE,Towers with Radar,0,60,92,7,159,0,24,431,11,466,0,84,523,18,625,508,12,520,1145
07/30/2012,APA,CO,ANM,WE,Towers with Radar,0,60,88,2,150,0,31,328,9,368,0,91,416,11,518,293,12,305,823
07/31/2012,APA,CO,ANM,WE,Towers with Radar,0,66,94,2,162,0,30,200,3,233,0,96,294,5,395,216,0,216,611
08/01/2012,APA,CO,ANM,WE,Towers with Radar,0,93,145,3,241,0,44,362,0,406,0,137,507,3,647,536,0,536,1183
08/02/2012,APA,CO,ANM,WE,Towers with Radar,0,88,149,1,238,0,31,299,3,333,0,119,448,4,571,268,22,290,861
08/03/2012,APA,CO,ANM,WE,Towers with Radar,0,63,93,5,161,0,18,276,4,298,0,81,369,9,459,340,34,374,833
08/04/2012,APA,CO,ANM,WE,Towers with Radar,0,51,68,6,125,0,23,292,12,327,0,74,360,18,452,370,0,370,822
08/05/2012,APA,CO,ANM,WE,Towers with Radar,0,57,94,4,155,0,30,311,4,345,0,87,405,8,500,380,0,380,880
08/06/2012,APA,CO,ANM,WE,Towers with Radar,0,71,111,3,185,0,22,247,5,274,0,93,358,8,459,280,0,280,739
08/07/2012,APA,CO,ANM,WE,Towers with Radar,0,86,99,0,185,0,60,406,2,468,0,146,505,2,653,580,0,580,1233
08/08/2012,APA,CO,ANM,WE,Towers with Radar,0,80,121,0,201,0,40,204,10,254,0,120,325,10,455,351,0,351,806
08/09/2012,APA,CO,ANM,WE,Towers with Radar,0,96,103,0,199,0,26,319,8,353,0,122,422,8,552,512,20,532,1084
08/10/2012,APA,CO,ANM,WE,Towers with Radar,0,73,114,3,190,0,19,378,16,413,0,92,492,19,603,420,50,470,1073
08/11/2012,APA,CO,ANM,WE,Towers with Radar,0,55,64,6,125,0,21,430,6,457,0,76,494,12,582,404,4,408,990
08/12/2012,APA,CO,ANM,WE,Towers with Radar,0,69,102,9,180,0,48,422,7,477,0,117,524,16,657,470,2,472,1129
08/13/2012,APA,CO,ANM,WE,Towers with Radar,0,68,118,5,191,0,46,264,5,315,0,114,382,10,506,270,0,270,776
08/14/2012,APA,CO,ANM,WE,Towers with Radar,0,98,127,4,229,0,81,415,7,503,0,179,542,11,732,648,16,664,1396
08/15/2012,APA,CO,ANM,WE,Towers with Radar,0,84,166,0,250,0,50,326,5,381,0,134,492,5,631,488,22,510,1141
08/16/2012,APA,CO,ANM,WE,Towers with Radar,0,75,161,2,238,0,35,400,4,439,0,110,561,6,677,632,0,632,1309
08/17/2012,APA,CO,ANM,WE,Towers with Radar,0,70,96,13,179,0,40,391,17,448,0,110,487,30,627,564,24,588,1215
08/18/2012,APA,CO,ANM,WE,Towers with Radar,0,44,55,10,109,0,13,425,22,460,0,57,480,32,569,358,66,424,993
08/19/2012,APA,CO,ANM,WE,Towers with Radar,0,59,100,8,167,0,34,419,11,464,0,93,519,19,631,382,0,382,1013
08/20/2012,APA,CO,ANM,WE,Towers with Radar,0,41,89,0,130,0,31,195,7,233,0,72,284,7,363,236,36,272,635
08/21/2012,APA,CO,ANM,WE,Towers with Radar,0,94,126,10,230,0,37,297,10,344,0,131,423,20,574,327,32,359,933
08/22/2012,APA,CO,ANM,WE,Towers with Radar,0,69,102,0,171,0,24,287,10,321,0,93,389,10,492,352,28,380,872
08/23/2012,APA,CO,ANM,WE,Towers with Radar,0,90,141,0,231,0,33,264,4,301,0,123,405,4,532,366,0,366,898
08/24/2012,APA,CO,ANM,WE,Towers with Radar,0,70,133,13,216,0,27,462,12,501,0,97,595,25,717,630,34,664,1381
08/25/2012,APA,CO,ANM,WE,Towers with Radar,0,55,63,8,126,0,35,310,18,363,0,90,373,26,489,430,26,456,945
08/26/2012,APA,CO,ANM,WE,Towers with Radar,0,39,81,5,125,0,28,333,9,370,0,67,414,14,495,346,14,360,855
08/27/2012,APA,CO,ANM,WE,Towers with Radar,0,61,95,2,158,0,23,252,4,279,0,84,347,6,437,340,18,358,795
08/28/2012,APA,CO,ANM,WE,Towers with Radar,0,67,112,2,181,0,32,235,3,270,0,99,347,5,451,342,18,360,811
08/29/2012,APA,CO,ANM,WE,Towers with Radar,0,76,125,0,201,0,48,429,9,486,0,124,554,9,687,528,22,550,1237
08/30/2012,APA,CO,ANM,WE,Towers with Radar,0,84,124,0,208,0,21,252,2,275,0,105,376,2,483,223,6,229,712
08/31/2012,APA,CO,ANM,WE,Towers with Radar,0,80,137,7,224,0,35,275,6,316,0,115,412,13,540,236,36,272,812
09/01/2012,APA,CO,ANM,WE,Towers with Radar,0,41,53,2,96,0,18,356,0,374,0,59,409,2,470,440,0,440,910
09/02/2012,APA,CO,ANM,WE,Towers with Radar,0,32,41,3,76,0,25,112,2,139,0,57,153,5,215,90,0,90,305
09/03/2012,APA,CO,ANM,WE,Towers with Radar,0,81,102,4,187,0,33,336,9,378,0,114,438,13,565,442,0,442,1007
09/04/2012,APA,CO,ANM,WE,Towers with Radar,0,63,103,0,166,0,38,187,4,229,0,101,290,4,395,290,36,326,721
09/05/2012,APA,CO,ANM,WE,Towers with Radar,0,61,97,1,159,0,22,399,16,437,0,83,496,17,596,499,26,525,1121
09/06/2012,APA,CO,ANM,WE,Towers with Radar,0,92,88,2,182,0,52,320,6,378,0,144,408,8,560,398,38,436,996
09/07/2012,APA,CO,ANM,WE,Towers with Radar,0,83,88,10,181,0,34,386,27,447,0,117,474,37,628,538,46,584,1212
09/08/2012,APA,CO,ANM,WE,Towers with Radar,0,40,70,9,119,0,20,384,12,416,0,60,454,21,535,548,16,564,1099
09/09/2012,APA,CO,ANM,WE,Towers with Radar,0,68,110,7,185,0,8,351,1,360,0,76,461,8,545,354,0,354,899
09/10/2012,APA,CO,ANM,WE,Towers with Radar,0,74,121,0,195,0,17,245,11,273,0,91,366,11,468,338,4,342,810
09/11/2012,APA,CO,ANM,WE,Towers with Radar,0,89,104,4,197,0,31,365,9,405,0,120,469,13,602,502,6,508,1110
09/12/2012,APA,CO,ANM,WE,Towers with Radar,0,88,147,0,235,0,14,47,0,61,0,102,194,0,296,60,0,60,356
09/13/2012,APA,CO,ANM,WE,Towers with Radar,0,64,158,5,227,0,8,146,0,154,0,72,304,5,381,168,0,168,549
09/14/2012,APA,CO,ANM,WE,Towers with Radar,0,98,118,12,228,0,46,443,3,492,0,144,561,15,720,446,0,446,1166
09/15/2012,APA,CO,ANM,WE,Towers with Radar,0,43,46,4,93,0,11,273,3,287,0,54,319,7,380,410,10,420,800
09/16/2012,APA,CO,ANM,WE,Towers with Radar,0,65,78,5,148,0,12,338,4,354,0,77,416,9,502,345,0,345,847
09/17/2012,APA,CO,ANM,WE,Towers with Radar,0,59,90,9,158,0,19,285,10,314,0,78,375,19,472,338,14,352,824
09/18/2012,APA,CO,ANM,WE,Towers with Radar,0,81,115,2,198,0,53,364,4,421,0,134,479,6,619,496,32,528,1147
09/19/2012,APA,CO,ANM,WE,Towers with Radar,1,86,125,2,214,0,21,393,6,420,1,107,518,8,634,500,6,506,1140
09/20/2012,APA,CO,ANM,WE,Towers with Radar,0,95,107,1,203,0,29,353,10,392,0,124,460,11,595,406,26,432,1027
09/21/2012,APA,CO,ANM,WE,Towers with Radar,0,86,101,11,198,0,24,326,23,373,0,110,427,34,571,332,42,374,945
09/22/2012,APA,CO,ANM,WE,Towers with Radar,0,43,68,5,116,0,25,272,9,306,0,68,340,14,422,468,22,490,912
09/23/2012,APA,CO,ANM,WE,Towers with Radar,0,67,108,14,189,0,22,337,7,366,0,89,445,21,555,492,0,492,1047
09/24/2012,APA,CO,ANM,WE,Towers with Radar,0,65,99,0,164,0,33,281,2,316,0,98,380,2,480,364,34,398,878
09/25/2012,APA,CO,ANM,WE,Towers with Radar,0,88,93,1,182,0,29,233,0,262,0,117,326,1,444,334,0,334,778
09/26/2012,APA,CO,ANM,WE,Towers with Radar,0,91,112,1,204,0,19,309,3,331,0,110,421,4,535,388,6,394,929
09/27/2012,APA,CO,ANM,WE,Towers with Radar,0,94,126,0,220,0,29,250,1,280,0,123,376,1,500,444,0,444,944
09/28/2012,APA,CO,ANM,WE,Towers with Radar,0,64,108,3,175,0,22,352,1,375,0,86,460,4,550,458,2,460,1010
09/29/2012,APA,CO,ANM,WE,Towers with Radar,0,51,57,2,110,0,24,374,5,403,0,75,431,7,513,392,2,394,907
09/30/2012,APA,CO,ANM,WE,Towers with Radar,0,53,93,3,149,0,9,275,13,297,0,62,368,16,446,334,0,334,780
10/01/2012,APA,CO,ANM,WE,Towers with Radar,0,69,104,4,177,0,40,248,2,290,0,109,352,6,467,251,0,251,718
10/02/2012,APA,CO,ANM,WE,Towers with Radar,0,98,126,6,230,0,40,357,0,397,0,138,483,6,627,436,0,436,1063
10/03/2012,APA,CO,ANM,WE,Towers with Radar,0,114,114,3,231,0,27,150,4,181,0,141,264,7,412,232,0,232,644
10/04/2012,APA,CO,ANM,WE,Towers with Radar,0,74,130,1,205,0,8,191,2,201,0,82,321,3,406,142,6,148,554
10/05/2012,APA,CO,ANM,WE,Towers with Radar,0,73,77,2,152,0,19,185,1,205,0,92,262,3,357,300,0,300,657
10/06/2012,APA,CO,ANM,WE,Towers with Radar,0,48,41,3,92,0,2,5,0,7,0,50,46,3,99,0,0,0,99
10/07/2012,APA,CO,ANM,WE,Towers with Radar,0,43,101,4,148,0,22,533,20,575,0,65,634,24,723,680,16,696,1419
10/08/2012,APA,CO,ANM,WE,Towers with Radar,1,51,98,1,151,0,19,465,23,507,1,70,563,24,658,653,14,667,1325
10/09/2012,APA,CO,ANM,WE,Towers with Radar,0,85,116,4,205,0,26,293,25,344,0,111,409,29,549,352,70,422,971
10/10/2012,APA,CO,ANM,WE,Towers with Radar,0,69,128,0,197,0,45,441,5,491,0,114,569,5,688,514,0,514,1202
10/11/2012,APA,CO,ANM,WE,Towers with Radar,0,67,135,0,202,0,27,286,4,317,0,94,421,4,519,366,20,386,905
10/12/2012,APA,CO,ANM,WE,Towers with Radar,0,65,107,0,172,1,16,170,10,197,1,81,277,10,369,150,8,158,527
10/13/2012,APA,CO,ANM,WE,Towers with Radar,0,48,56,4,108,0,37,130,4,171,0,85,186,8,279,346,2,348,627
10/14/2012,APA,CO,ANM,WE,Towers with Radar,0,47,80,2,129,0,20,435,0,455,0,67,515,2,584,568,0,568,1152
10/15/2012,APA,CO,ANM,WE,Towers with Radar,0,57,104,1,162,0,36,270,3,309,0,93,374,4,471,302,20,322,793
10/16/2012,APA,CO,ANM,WE,Towers with Radar,0,87,119,0,206,0,18,308,5,331,0,105,427,5,537,380,12,392,929
10/17/2012,APA,CO,ANM,WE,Towers with Radar,0,96,122,1,219,0,7,47,2,56,0,103,169,3,275,38,2,40,315
10/18/2012,APA,CO,ANM,WE,Towers with Radar,0,77,133,2,212,0,16,243,5,264,0,93,376,7,476,246,10,256,732
10/19/2012,APA,CO,ANM,WE,Towers with Radar,0,74,118,6,198,0,31,368,8,407,0,105,486,14,605,644,0,644,1249
10/20/2012,APA,CO,ANM,WE,Towers with Radar,0,38,59,0,97,0,8,316,3,327,0,46,375,3,424,361,1,362,786
10/21/2012,APA,CO,ANM,WE,Towers with Radar,0,42,106,5,153,0,22,392,2,416,0,64,498,7,569,648,0,648,1217
10/22/2012,APA,CO,ANM,WE,Towers with Radar,0,70,98,6,174,0,13,215,7,235,0,83,313,13,409,248,2,250,659
10/23/2012,APA,CO,ANM,WE,Towers with Radar,0,59,106,0,165,0,17,149,3,169,0,76,255,3,334,236,0,236,570
10/24/2012,APA,CO,ANM,WE,Towers with Radar,0,69,146,5,220,0,11,179,0,190,0,80,325,5,410,392,0,392,802
10/25/2012,APA,CO,ANM,WE,Towers with Radar,0,66,104,2,172,0,4,26,2,32,0,70,130,4,204,112,0,112,316
10/26/2012,APA,CO,ANM,WE,Towers with Radar,0,74,96,10,180,0,23,172,1,196,0,97,268,11,376,288,0,288,664
10/27/2012,APA,CO,ANM,WE,Towers with Radar,0,35,70,19,124,0,18,321,19,358,0,53,391,38,482,422,10,432,914
10/28/2012,APA,CO,ANM,WE,Towers with Radar,0,42,93,13,148,0,4,265,11,280,0,46,358,24,428,439,4,443,871
10/29/2012,APA,CO,ANM,WE,Towers with Radar,0,63,100,0,163,0,25,273,9,307,0,88,373,9,470,376,26,402,872
10/30/2012,APA,CO,ANM,WE,Towers with Radar,0,61,105,0,166,0,67,300,0,367,0,128,405,0,533,489,0,489,1022
10/31/2012,APA,CO,ANM,WE,Towers with Radar,0,56,77,0,133,0,14,270,1,285,0,70,347,1,418,336,0,336,754
11/01/2012,APA,CO,ANM,WE,Towers with Radar,0,80,92,2,174,0,13,188,1,202,0,93,280,3,376,240,0,240,616
11/02/2012,APA,CO,ANM,WE,Towers with Radar,0,61,70,11,142,0,15,293,2,310,0,76,363,13,452,472,1,473,925
11/03/2012,APA,CO,ANM,WE,Towers with Radar,0,33,33,8,74,0,18,358,8,384,0,51,391,16,458,519,18,537,995
11/04/2012,APA,CO,ANM,WE,Towers with Radar,0,28,68,12,108,0,19,405,6,430,0,47,473,18,538,542,0,542,1080
11/05/2012,APA,CO,ANM,WE,Towers with Radar,0,46,88,2,136,0,26,300,1,327,0,72,388,3,463,317,0,317,780
11/06/2012,APA,CO,ANM,WE,Towers with Radar,0,62,101,3,166,0,28,280,4,312,0,90,381,7,478,484,14,498,976
11/07/2012,APA,CO,ANM,WE,Towers with Radar,0,55,113,1,169,0,9,229,0,238,0,64,342,1,407,379,0,379,786
11/08/2012,APA,CO,ANM,WE,Towers with Radar,0,61,123,1,185,0,16,239,4,259,0,77,362,5,444,308,0,308,752
11/09/2012,APA,CO,ANM,WE,Towers with Radar,0,72,117,2,191,0,18,290,8,316,0,90,407,10,507,339,2,341,848
11/10/2012,APA,CO,ANM,WE,Towers with Radar,0,36,33,0,69,0,0,12,2,14,0,36,45,2,83,36,0,36,119
11/11/2012,APA,CO,ANM,WE,Towers with Radar,0,36,58,0,94,0,13,76,2,91,0,49,134,2,185,140,10,150,335
11/12/2012,APA,CO,ANM,WE,Towers with Radar,0,50,98,0,148,0,28,297,14,339,0,78,395,14,487,460,0,460,947
11/13/2012,APA,CO,ANM,WE,Towers with Radar,0,65,116,0,181,0,31,253,5,289,0,96,369,5,470,434,10,444,914
11/14/2012,APA,CO,ANM,WE,Towers with Radar,0,78,128,0,206,0,32,308,2,342,0,110,436,2,548,576,0,576,1124
11/15/2012,APA,CO,ANM,WE,Towers with Radar,0,86,111,2,199,0,18,183,2,203,0,104,294,4,402,395,0,395,797
11/16/2012,APA,CO,ANM,WE,Towers with Radar,0,64,116,3,183,0,15,355,3,373,0,79,471,6,556,565,0,565,1121
11/17/2012,APA,CO,ANM,WE,Towers with Radar,0,43,68,6,117,0,29,326,12,367,0,72,394,18,484,406,14,420,904
11/18/2012,APA,CO,ANM,WE,Towers with Radar,0,49,97,7,153,0,24,460,2,486,0,73,557,9,639,540,0,540,1179
11/19/2012,APA,CO,ANM,WE,Towers with Radar,0,54,104,0,158,0,29,296,1,326,0,83,400,1,484,341,0,341,825
11/20/2012,APA,CO,ANM,WE,Towers with Radar,0,77,132,1,210,0,52,361,2,415,0,129,493,3,625,450,14,464,1089
11/21/2012,APA,CO,ANM,WE,Towers with Radar,0,70,90,2,162,0,38,431,0,469,0,108,521,2,631,616,0,616,1247
11/22/2012,APA,CO,ANM,WE,Towers with Radar,0,28,9,0,37,0,9,70,0,79,0,37,79,0,116,68,0,68,184
11/23/2012,APA,CO,ANM,WE,Towers with Radar,0,25,42,0,67,0,10,305,0,315,0,35,347,0,382,554,0,554,936
11/24/2012,APA,CO,ANM,WE,Towers with Radar,0,56,50,2,108,0,23,290,1,314,0,79,340,3,422,358,0,358,780
11/25/2012,APA,CO,ANM,WE,Towers with Radar,0,58,142,0,200,0,31,360,1,392,0,89,502,1,592,428,0,428,1020
11/26/2012,APA,CO,ANM,WE,Towers with Radar,0,61,88,1,150,0,6,44,0,50,0,67,132,1,200,54,0,54,254
11/27/2012,APA,CO,ANM,WE,Towers with Radar,0,72,79,2,153,0,11,224,4,239,0,83,303,6,392,334,14,348,740
11/28/2012,APA,CO,ANM,WE,Towers with Radar,0,69,101,5,175,0,8,223,4,235,0,77,324,9,410,360,14,374,784
11/29/2012,APA,CO,ANM,WE,Towers with Radar,0,59,93,7,159,0,15,233,13,261,0,74,326,20,420,374,4,378,798
11/30/2012,APA,CO,ANM,WE,Towers with Radar,0,61,102,11,174,0,24,376,4,404,0,85,478,15,578,484,32,516,1094
12/01/2012,APA,CO,ANM,WE,Towers with Radar,0,40,47,2,89,0,13,251,6,270,0,53,298,8,359,474,14,488,847
12/02/2012,APA,CO,ANM,WE,Towers with Radar,0,29,75,1,105,0,33,384,0,417,0,62,459,1,522,512,0,512,1034
12/03/2012,APA,CO,ANM,WE,Towers with Radar,0,59,76,1,136,0,11,209,5,225,0,70,285,6,361,198,12,210,571
12/04/2012,APA,CO,ANM,WE,Towers with Radar,0,78,88,0,166,0,20,294,0,314,0,98,382,0,480,340,0,340,820
12/05/2012,APA,CO,ANM,WE,Towers with Radar,0,71,119,0,190,0,31,404,16,451,0,102,523,16,641,550,10,560,1201
12/06/2012,APA,CO,ANM,WE,Towers with Radar,0,61,110,3,174,0,6,203,2,211,0,67,313,5,385,260,0,260,645
12/07/2012,APA,CO,ANM,WE,Towers with Radar,0,59,107,15,181,0,30,364,4,398,0,89,471,19,579,456,0,456,1035
12/08/2012,APA,CO,ANM,WE,Towers with Radar,0,44,40,1,85,0,3,198,4,205,0,47,238,5,290,294,0,294,584
12/09/2012,APA,CO,ANM,WE,Towers with Radar,0,37,43,0,80,0,15,39,0,54,0,52,82,0,134,66,0,66,200
12/10/2012,APA,CO,ANM,WE,Towers with Radar,0,71,101,3,175,0,21,181,0,202,0,92,282,3,377,96,0,96,473
12/11/2012,APA,CO,ANM,WE,Towers with Radar,0,75,108,4,187,0,26,197,10,233,0,101,305,14,420,106,2,108,528
12/12/2012,APA,CO,ANM,WE,Towers with Radar,0,73,137,4,214,0,39,406,6,451,0,112,543,10,665,428,0,428,1093
12/13/2012,APA,CO,ANM,WE,Towers with Radar,0,69,119,1,189,0,22,267,2,291,0,91,386,3,480,321,4,325,805
12/14/2012,APA,CO,ANM,WE,Towers with Radar,0,66,97,3,166,0,31,368,5,404,0,97,465,8,570,448,16,464,1034
12/15/2012,APA,CO,ANM,WE,Towers with Radar,0,50,70,1,121,0,12,372,0,384,0,62,442,1,505,412,0,412,917
12/16/2012,APA,CO,ANM,WE,Towers with Radar,0,37,77,0,114,0,22,312,0,334,0,59,389,0,448,374,0,374,822
12/17/2012,APA,CO,ANM,WE,Towers with Radar,0,65,100,0,165,0,14,154,1,169,0,79,254,1,334,104,0,104,438
12/18/2012,APA,CO,ANM,WE,Towers with Radar,0,71,118,2,191,0,28,389,3,420,0,99,507,5,611,368,0,368,979
12/19/2012,APA,CO,ANM,WE,Towers with Radar,0,61,64,0,125,0,14,35,0,49,0,75,99,0,174,8,0,8,182
12/20/2012,APA,CO,ANM,WE,Towers with Radar,0,63,113,0,176,0,10,269,6,285,0,73,382,6,461,254,0,254,715
12/21/2012,APA,CO,ANM,WE,Towers with Radar,0,65,96,0,161,0,10,271,0,281,0,75,367,0,442,392,0,392,834
12/22/2012,APA,CO,ANM,WE,Towers with Radar,0,51,106,0,157,0,6,368,3,377,0,57,474,3,534,436,0,436,970
12/23/2012,APA,CO,ANM,WE,Towers with Radar,0,38,63,0,101,0,11,191,1,203,0,49,254,1,304,204,0,204,508
12/24/2012,APA,CO,ANM,WE,Towers with Radar,0,28,29,0,57,0,14,185,0,199,0,42,214,0,256,330,0,330,586
12/25/2012,APA,CO,ANM,WE,Towers with Radar,0,42,23,0,65,0,7,8,0,15,0,49,31,0,80,8,0,8,88
12/26/2012,APA,CO,ANM,WE,Towers with Radar,0,81,104,2,187,0,18,165,1,184,0,99,269,3,371,170,2,172,543
12/27/2012,APA,CO,ANM,WE,Towers with Radar,0,87,87,0,174,0,12,113,2,127,0,99,200,2,301,119,0,119,420
12/28/2012,APA,CO,ANM,WE,Towers with Radar,0,65,80,0,145,0,7,241,1,249,0,72,321,1,394,253,0,253,647
12/29/2012,APA,CO,ANM,WE,Towers with Radar,0,54,58,0,112,0,20,338,0,358,0,74,396,0,470,420,0,420,890
12/30/2012,APA,CO,ANM,WE,Towers with Radar,0,39,72,0,111,0,12,201,0,213,0,51,273,0,324,214,0,214,538
12/31/2012,APA,CO,ANM,WE,Towers with Radar,0,51,50,1,102,0,23,70,0,93,0,74,120,1,195,134,0,134,329
01/01/2013,APA,CO,ANM,WE,Towers with Radar,0,51,56,0,107,0,13,145,0,158,0,64,201,0,265,120,0,120,385
01/02/2013,APA,CO,ANM,WE,Towers with Radar,0,66,100,3,169,0,15,217,0,232,0,81,317,3,401,270,0,270,671
01/03/2013,APA,CO,ANM,WE,Towers with Radar,0,76,88,0,164,0,42,247,4,293,0,118,335,4,457,286,0,286,743
01/04/2013,APA,CO,ANM,WE,Towers with Radar,0,71,84,0,155,0,18,388,6,412,0,89,472,6,567,368,14,382,949
01/05/2013,APA,CO,ANM,WE,Towers with Radar,0,44,94,4,142,0,20,462,5,487,0,64,556,9,629,645,4,649,1278
01/06/2013,APA,CO,ANM,WE,Towers with Radar,0,57,81,1,139,0,13,389,1,403,0,70,470,2,542,606,2,608,1150
01/07/2013,APA,CO,ANM,WE,Towers with Radar,0,59,69,3,131,0,5,205,0,210,0,64,274,3,341,292,0,292,633
01/08/2013,APA,CO,ANM,WE,Towers with Radar,0,65,108,2,175,0,25,324,3,352,0,90,432,5,527,362,4,366,893
01/09/2013,APA,CO,ANM,WE,Towers with Radar,0,70,90,2,162,0,23,238,5,266,0,93,328,7,428,303,0,303,731
01/10/2013,APA,CO,ANM,WE,Towers with Radar,0,78,100,4,182,0,6,262,6,274,0,84,362,10,456,326,0,326,782
01/11/2013,APA,CO,ANM,WE,Towers with Radar,0,58,84,14,156,0,3,37,0,40,0,61,121,14,196,12,0,12,208
01/12/2013,APA,CO,ANM,WE,Towers with Radar,0,41,64,2,107,0,2,75,0,77,0,43,139,2,184,107,0,107,291
01/13/2013,APA,CO,ANM,WE,Towers with Radar,0,45,66,6,117,0,5,150,6,161,0,50,216,12,278,110,2,112,390
01/14/2013,APA,CO,ANM,WE,Towers with Radar,0,84,87,2,173,0,18,89,0,107,0,102,176,2,280,82,0,82,362
01/15/2013,APA,CO,ANM,WE,Towers with Radar,0,64,101,3,168,0,10,278,5,293,0,74,379,8,461,301,4,305,766
01/16/2013,APA,CO,ANM,WE,Towers with Radar,0,75,108,2,185,0,27,471,1,499,0,102,579,3,684,528,0,528,1212
01/17/2013,APA,CO,ANM,WE,Towers with Radar,0,89,107,1,197,0,28,302,3,333,0,117,409,4,530,544,0,544,1074
01/18/2013,APA,CO,ANM,WE,Towers with Radar,0,81,114,9,204,0,21,384,12,417,0,102,498,21,621,412,26,438,1059
01/19/2013,APA,CO,ANM,WE,Towers with Radar,0,51,57,2,110,0,15,432,1,448,0,66,489,3,558,448,0,448,1006
01/20/2013,APA,CO,ANM,WE,Towers with Radar,0,35,78,0,113,0,19,305,0,324,0,54,383,0,437,350,0,350,787
01/21/2013,APA,CO,ANM,WE,Towers with Radar,0,55,107,2,164,0,31,434,3,468,0,86,541,5,632,351,0,351,983
01/22/2013,APA,CO,ANM,WE,Towers with Radar,0,69,103,4,176,0,34,292,4,330,0,103,395,8,506,313,1,314,820
01/23/2013,APA,CO,ANM,WE,Towers with Radar,1,85,111,2,199,0,35,440,1,476,1,120,551,3,675,584,0,584,1259
01/24/2013,APA,CO,ANM,WE,Towers with Radar,0,79,115,3,197,0,46,274,10,330,0,125,389,13,527,424,24,448,975
01/25/2013,APA,CO,ANM,WE,Towers with Radar,0,81,88,13,182,0,16,266,3,285,0,97,354,16,467,340,0,340,807
01/26/2013,APA,CO,ANM,WE,Towers with Radar,0,43,44,6,93,0,42,324,7,373,0,85,368,13,466,448,4,452,918
01/27/2013,APA,CO,ANM,WE,Towers with Radar,0,61,75,9,145,0,22,356,6,384,0,83,431,15,529,444,0,444,973
01/28/2013,APA,CO,ANM,WE,Towers with Radar,0,61,84,5,150,0,8,207,4,219,0,69,291,9,369,126,14,140,509
01/29/2013,APA,CO,ANM,WE,Towers with Radar,0,72,79,1,152,0,9,71,1,81,0,81,150,2,233,46,0,46,279
01/30/2013,APA,CO,ANM,WE,Towers with Radar,0,74,106,4,184,0,12,61,2,75,0,86,167,6,259,18,0,18,277
01/31/2013,APA,CO,ANM,WE,Towers with Radar,0,83,107,2,192,0,24,243,1,268,0,107,350,3,460,322,2,324,784
02/01/2013,APA,CO,ANM,WE,Towers with Radar,0,74,110,11,195,0,19,218,2,239,0,93,328,13,434,390,0,390,824
02/02/2013,APA,CO,ANM,WE,Towers with Radar,0,52,70,1,123,0,22,333,3,358,0,74,403,4,481,563,0,563,1044
02/03/2013,APA,CO,ANM,WE,Towers with Radar,0,30,48,8,86,0,9,367,1,377,0,39,415,9,463,574,0,574,1037
02/04/2013,APA,CO,ANM,WE,Towers with Radar,1,62,109,4,176,0,35,269,1,305,1,97,378,5,481,336,0,336,817
02/05/2013,APA,CO,ANM,WE,Towers with Radar,0,84,113,2,199,0,23,314,0,337,0,107,427,2,536,504,0,504,1040
02/06/2013,APA,CO,ANM,WE,Towers with Radar,0,71,113,4,188,0,13,248,4,265,0,84,361,8,453,348,12,360,813
02/07/2013,APA,CO,ANM,WE,Towers with Radar,0,65,135,3,203,0,10,230,1,241,0,75,365,4,444,198,2,200,644
02/08/2013,APA,CO,ANM,WE,Towers with Radar,0,71,94,0,165,0,18,264,9,291,0,89,358,9,456,302,22,324,780
02/09/2013,APA,CO,ANM,WE,Towers with Radar,0,56,46,2,104,0,6,171,2,179,0,62,217,4,283,198,0,198,481
02/10/2013,APA,CO,ANM,WE,Towers with Radar,0,54,81,0,135,0,2,45,1,48,0,56,126,1,183,56,0,56,239
02/11/2013,APA,CO,ANM,WE,Towers with Radar,0,64,115,0,179,0,37,183,0,220,0,101,298,0,399,336,0,336,735
02/12/2013,APA,CO,ANM,WE,Towers with Radar,0,73,91,0,164,0,32,293,5,330,0,105,384,5,494,305,0,305,799
02/13/2013,APA,CO,ANM,WE,Towers with Radar,0,82,109,1,192,0,25,253,1,279,0,107,362,2,471,178,0,178,649
02/14/2013,APA,CO,ANM,WE,Towers with Radar,0,61,117,2,180,0,2,69,0,71,0,63,186,2,251,48,0,48,299
02/15/2013,APA,CO,ANM,WE,Towers with Radar,0,77,124,4,205,0,9,207,3,219,0,86,331,7,424,322,16,338,762
02/16/2013,APA,CO,ANM,WE,Towers with Radar,0,50,49,5,104,0,19,305,3,327,0,69,354,8,431,246,4,250,681
02/17/2013,APA,CO,ANM,WE,Towers with Radar,0,39,68,4,111,0,18,247,0,265,0,57,315,4,376,225,0,225,601
02/18/2013,APA,CO,ANM,WE,Towers with Radar,0,65,140,0,205,0,24,285,0,309,0,89,425,0,514,268,0,268,782
02/19/2013,APA,CO,ANM,WE,Towers with Radar,0,94,117,4,215,0,35,286,9,330,0,129,403,13,545,361,6,367,912
02/20/2013,APA,CO,ANM,WE,Towers with Radar,0,79,96,3,178,0,8,81,4,93,0,87,177,7,271,166,0,166,437
02/21/2013,APA,CO,ANM,WE,Towers with Radar,0,79,89,2,170,0,4,3,0,7,0,83,92,2,177,2,0,2,179
02/22/2013,APA,CO,ANM,WE,Towers with Radar,0,68,104,1,173,0,11,163,0,174,0,79,267,1,347,253,0,253,600
02/23/2013,APA,CO,ANM,WE,Towers with Radar,0,58,74,5,137,0,12,352,1,365,0,70,426,6,502,524,0,524,1026
02/24/2013,APA,CO,ANM,WE,Towers with Radar,0,19,35,0,54,0,2,0,0,2,0,21,35,0,56,0,0,0,56
02/25/2013,APA,CO,ANM,WE,Towers with Radar,0,77,128,4,209,0,13,185,0,198,0,90,313,4,407,222,0,222,629
02/26/2013,APA,CO,ANM,WE,Towers with Radar,0,79,84,0,163,0,6,30,0,36,0,85,114,0,199,57,0,57,256
02/27/2013,APA,CO,ANM,WE,Towers with Radar,0,83,139,1,223,0,16,200,0,216,0,99,339,1,439,182,0,182,621
02/28/2013,APA,CO,ANM,WE,Towers with Radar,0,74,141,4,219,0,13,177,4,194,0,87,318,8,413,278,8,286,699
03/01/2013,APA,CO,ANM,WE,Towers with Radar,0,58,116,2,176,0,18,277,4,299,0,76,393,6,475,449,14,463,938
03/02/2013,APA,CO,ANM,WE,Towers with Radar,0,33,55,1,89,0,10,450,0,460,0,43,505,1,549,680,0,680,1229
03/03/2013,APA,CO,ANM,WE,Towers with Radar,0,63,66,1,130,0,14,275,1,290,0,77,341,2,420,326,4,330,750
03/04/2013,APA,CO,ANM,WE,Towers with Radar,0,68,105,1,174,0,6,18,0,24,0,74,123,1,198,14,0,14,212
03/05/2013,APA,CO,ANM,WE,Towers with Radar,0,78,118,0,196,0,14,346,6,366,0,92,464,6,562,420,0,420,982
03/06/2013,APA,CO,ANM,WE,Towers with Radar,0,74,148,3,225,0,10,371,3,384,0,84,519,6,609,405,14,419,1028
03/07/2013,APA,CO,ANM,WE,Towers with Radar,0,83,130,2,215,0,15,356,2,373,0,98,486,4,588,324,0,324,912
03/08/2013,APA,CO,ANM,WE,Towers with Radar,0,59,116,1,176,0,11,271,1,283,0,70,387,2,459,476,0,476,935
03/09/2013,APA,CO,ANM,WE,Towers with Radar,0,26,11,0,37,0,2,0,0,2,0,28,11,0,39,0,0,0,39
03/10/2013,APA,CO,ANM,WE,Towers with Radar,0,65,87,0,152,0,16,213,0,229,0,81,300,0,381,196,0,196,577
03/11/2013,APA,CO,ANM,WE,Towers with Radar,0,64,98,0,162,0,20,201,4,225,0,84,299,4,387,171,22,193,580
03/12/2013,APA,CO,ANM,WE,Towers with Radar,0,61,109,11,181,0,7,86,2,95,0,68,195,13,276,168,0,168,444
03/13/2013,APA,CO,ANM,WE,Towers with Radar,0,73,128,7,208,0,8,295,9,312,0,81,423,16,520,377,32,409,929
03/14/2013,APA,CO,ANM,WE,Towers with Radar,0,81,138,2,221,0,3,391,0,394,0,84,529,2,615,465,8,473,1088
03/15/2013,APA,CO,ANM,WE,Towers with Radar,0,78,96,7,181,0,39,362,4,405,0,117,458,11,586,412,2,414,1000
03/16/2013,APA,CO,ANM,WE,Towers with Radar,0,52,77,1,130,0,16,273,2,291,0,68,350,3,421,357,0,357,778
03/17/2013,APA,CO,ANM,WE,Towers with Radar,0,53,62,5,120,0,9,104,0,113,0,62,166,5,233,106,0,106,339
03/18/2013,APA,CO,ANM,WE,Towers with Radar,0,59,104,0,163,0,14,162,0,176,0,73,266,0,339,180,0,180,519
03/19/2013,APA,CO,ANM,WE,Towers with Radar,0,70,112,2,184,0,14,188,2,204,0,84,300,4,388,367,0,367,755
03/20/2013,APA,CO,ANM,WE,Towers with Radar,0,88,122,6,216,0,6,420,3,429,0,94,542,9,645,610,6,616,1261
03/21/2013,APA,CO,ANM,WE,Towers with Radar,0,105,122,1,228,0,10,148,2,160,0,115,270,3,388,260,0,260,648
03/22/2013,APA,CO,ANM,WE,Towers with Radar,0,98,115,1,214,0,6,142,4,152,0,104,257,5,366,106,4,110,476
03/23/2013,APA,CO,ANM,WE,Towers with Radar,0,35,42,1,78,0,1,1,0,2,0,36,43,1,80,0,0,0,80
03/24/2013,APA,CO,ANM,WE,Towers with Radar,0,64,117,2,183,0,5,73,0,78,0,69,190,2,261,168,0,168,429
03/25/2013,APA,CO,ANM,WE,Towers with Radar,0,59,81,1,141,0,13,209,2,224,0,72,290,3,365,199,6,205,570
03/26/2013,APA,CO,ANM,WE,Towers with Radar,0,61,106,0,167,0,8,300,8,316,0,69,406,8,483,336,8,344,827
03/27/2013,APA,CO,ANM,WE,Towers with Radar,0,71,92,4,167,0,10,359,5,374,0,81,451,9,541,628,0,628,1169
03/28/2013,APA,CO,ANM,WE,Towers with Radar,0,81,130,0,211,0,14,255,5,274,0,95,385,5,485,486,0,486,971
03/29/2013,APA,CO,ANM,WE,Towers with Radar,0,63,81,3,147,0,22,260,3,285,0,85,341,6,432,420,0,420,852
03/30/2013,APA,CO,ANM,WE,Towers with Radar,0,46,83,0,129,0,10,323,0,333,0,56,406,0,462,421,0,421,883
03/31/2013,APA,CO,ANM,WE,Towers with Radar,0,51,82,0,133,0,10,294,1,305,0,61,376,1,438,391,0,391,829
04/01/2013,APA,CO,ANM,WE,Towers with Radar,0,72,111,0,183,0,4,184,1,189,0,76,295,1,372,263,0,263,635
04/02/2013,APA,CO,ANM,WE,Towers with Radar,0,70,103,0,173,0,8,35,0,43,0,78,138,0,216,70,0,70,286
04/03/2013,APA,CO,ANM,WE,Towers with Radar,0,74,121,2,197,0,12,110,0,122,0,86,231,2,319,364,0,364,683
04/04/2013,APA,CO,ANM,WE,Towers with Radar,0,70,112,1,183,0,7,388,0,395,0,77,500,1,578,480,0,480,1058
04/05/2013,APA,CO,ANM,WE,Towers with Radar,0,86,86,2,174,0,23,283,2,308,0,109,369,4,482,480,4,484,966
04/06/2013,APA,CO,ANM,WE,Towers with Radar,0,43,94,4,141,3,15,396,1,415,3,58,490,5,556,413,0,413,969
04/07/2013,APA,CO,ANM,WE,Towers with Radar,0,43,63,2,108,0,6,259,2,267,0,49,322,4,375,361,6,367,742
04/08/2013,APA,CO,ANM,WE,Towers with Radar,0,67,86,0,153,0,6,113,2,121,0,73,199,2,274,158,0,158,432
04/09/2013,APA,CO,ANM,WE,Towers with Radar,0,44,42,0,86,0,0,0,0,0,0,44,42,0,86,0,0,0,86
04/10/2013,APA,CO,ANM,WE,Towers with Radar,0,79,97,0,176,0,13,121,2,136,0,92,218,2,312,201,0,201,513
04/11/2013,APA,CO,ANM,WE,Towers with Radar,0,78,98,4,180,0,10,170,4,184,0,88,268,8,364,180,10,190,554
04/12/2013,APA,CO,ANM,WE,Towers with Radar,0,87,131,5,223,0,9,366,6,381,0,96,497,11,604,442,0,442,1046
04/13/2013,APA,CO,ANM,WE,Towers with Radar,0,49,57,3,109,0,5,331,2,338,0,54,388,5,447,478,0,478,925
04/14/2013,APA,CO,ANM,WE,Towers with Radar,0,41,82,2,125,0,0,63,0,63,0,41,145,2,188,8,0,8,196
04/15/2013,APA,CO,ANM,WE,Towers with Radar,0,50,81,2,133,0,3,32,0,35,0,53,113,2,168,32,0,32,200
04/16/2013,APA,CO,ANM,WE,Towers with Radar,0,58,74,2,134,0,2,27,0,29,0,60,101,2,163,0,0,0,163
04/17/2013,APA,CO,ANM,WE,Towers with Radar,0,53,80,0,133,0,0,0,0,0,0,53,80,0,133,0,0,0,133
04/18/2013,APA,CO,ANM,WE,Towers with Radar,0,92,118,1,211,0,13,184,2,199,0,105,302,3,410,279,2,281,691
04/19/2013,APA,CO,ANM,WE,Towers with Radar,0,64,115,11,190,0,8,423,6,437,0,72,538,17,627,396,0,396,1023
04/20/2013,APA,CO,ANM,WE,Towers with Radar,0,40,50,6,96,0,15,465,1,481,0,55,515,7,577,488,0,488,1065
04/21/2013,APA,CO,ANM,WE,Towers with Radar,0,41,68,3,112,0,7,443,4,454,0,48,511,7,566,412,0,412,978
04/22/2013,APA,CO,ANM,WE,Towers with Radar,0,52,82,0,134,0,5,113,0,118,0,57,195,0,252,120,0,120,372
04/23/2013,APA,CO,ANM,WE,Towers with Radar,0,75,82,2,159,0,6,71,0,77,0,81,153,2,236,95,0,95,331
04/24/2013,APA,CO,ANM,WE,Towers with Radar,0,78,105,1,184,0,15,266,1,282,0,93,371,2,466,327,4,331,797
04/25/2013,APA,CO,ANM,WE,Towers with Radar,0,64,112,0,176,0,23,340,4,367,0,87,452,4,543,456,24,480,1023
04/26/2013,APA,CO,ANM,WE,Towers with Radar,0,78,118,4,200,0,4,341,11,356,0,82,459,15,556,491,14,505,1061
04/27/2013,APA,CO,ANM,WE,Towers with Radar,0,54,50,0,104,0,27,406,0,433,0,81,456,0,537,606,0,606,1143
04/28/2013,APA,CO,ANM,WE,Towers with Radar,0,49,103,3,155,0,12,380,0,392,0,61,483,3,547,550,2,552,1099
04/29/2013,APA,CO,ANM,WE,Towers with Radar,0,64,101,0,165,0,19,296,2,317,0,83,397,2,482,334,6,340,822
04/30/2013,APA,CO,ANM,WE,Towers with Radar,0,74,121,0,195,0,12,233,2,247,0,86,354,2,442,266,0,266,708
05/01/2013,APA,CO,ANM,WE,Towers with Radar,0,72,84,0,156,0,0,0,0,0,0,72,84,0,156,0,0,0,156
05/02/2013,APA,CO,ANM,WE,Towers with Radar,0,92,127,1,220,0,4,254,0,258,0,96,381,1,478,262,0,262,740
05/03/2013,APA,CO,ANM,WE,Towers with Radar,0,60,79,9,148,0,25,421,3,449,0,85,500,12,597,449,4,453,1050
05/04/2013,APA,CO,ANM,WE,Towers with Radar,0,46,39,17,102,0,25,296,9,330,0,71,335,26,432,497,19,516,948
05/05/2013,APA,CO,ANM,WE,Towers with Radar,0,36,65,6,107,0,11,226,4,241,0,47,291,10,348,516,1,517,865
05/06/2013,APA,CO,ANM,WE,Towers with Radar,0,57,91,3,151,0,20,252,2,274,0,77,343,5,425,451,18,469,894
05/07/2013,APA,CO,ANM,WE,Towers with Radar,0,63,93,0,156,0,12,221,2,235,0,75,314,2,391,233,16,249,640
05/08/2013,APA,CO,ANM,WE,Towers with Radar,0,75,102,1,178,0,10,93,1,104,0,85,195,2,282,90,2,92,374
05/09/2013,APA,CO,ANM,WE,Towers with Radar,0,73,106,6,185,0,4,57,4,65,0,77,163,10,250,43,0,43,293
05/10/2013,APA,CO,ANM,WE,Towers with Radar,0,91,104,1,196,0,16,390,2,408,0,107,494,3,604,523,3,526,1130
05/11/2013,APA,CO,ANM,WE,Towers with Radar,0,45,42,0,87,0,26,426,3,455,0,71,468,3,542,534,6,540,1082
05/12/2013,APA,CO,ANM,WE,Towers with Radar,0,47,61,0,108,0,15,339,0,354,0,62,400,0,462,430,0,430,892
05/13/2013,APA,CO,ANM,WE,Towers with Radar,0,69,110,2,181,0,11,345,2,358,0,80,455,4,539,350,0,350,889
05/14/2013,APA,CO,ANM,WE,Towers with Radar,0,72,96,5,173,0,12,198,8,218,0,84,294,13,391,226,22,248,639
05/15/2013,APA,CO,ANM,WE,Towers with Radar,0,91,99,2,192,0,16,240,0,256,0,107,339,2,448,314,12,326,774
05/16/2013,APA,CO,ANM,WE,Towers with Radar,0,86,132,5,223,0,12,290,0,302,0,98,422,5,525,570,12,582,1107
05/17/2013,APA,CO,ANM,WE,Towers with Radar,0,71,121,11,203,0,17,426,22,465,0,88,547,33,668,437,45,482,1150
05/18/2013,APA,CO,ANM,WE,Towers with Radar,0,44,61,21,126,0,8,377,8,393,0,52,438,29,519,407,4,411,930
05/19/2013,APA,CO,ANM,WE,Towers with Radar,0,63,75,10,148,0,13,269,0,282,0,76,344,10,430,288,0,288,718
05/20/2013,APA,CO,ANM,WE,Towers with Radar,0,80,116,2,198,0,28,183,1,212,0,108,299,3,410,306,0,306,716
05/21/2013,APA,CO,ANM,WE,Towers with Radar,0,83,101,3,187,0,17,354,7,378,0,100,455,10,565,423,20,443,1008
05/22/2013,APA,CO,ANM,WE,Towers with Radar,0,93,133,1,227,0,21,348,6,375,0,114,481,7,602,253,10,263,865
05/23/2013,APA,CO,ANM,WE,Towers with Radar,0,75,136,5,216,0,13,133,1,147,0,88,269,6,363,204,2,206,569
05/24/2013,APA,CO,ANM,WE,Towers with Radar,0,76,103,0,179,0,17,443,0,460,0,93,546,0,639,386,0,386,1025
05/25/2013,APA,CO,ANM,WE,Towers with Radar,0,51,49,2,102,0,8,382,3,393,0,59,431,5,495,352,0,352,847
05/26/2013,APA,CO,ANM,WE,Towers with Radar,0,40,50,0,90,0,7,339,0,346,0,47,389,0,436,408,0,408,844
05/27/2013,APA,CO,ANM,WE,Towers with Radar,0,48,56,0,104,0,15,346,4,365,0,63,402,4,469,411,0,411,880
05/28/2013,APA,CO,ANM,WE,Towers with Radar,0,78,107,3,188,0,20,398,10,428,0,98,505,13,616,346,22,368,984
05/29/2013,APA,CO,ANM,WE,Towers with Radar,0,64,111,3,178,0,13,154,2,169,0,77,265,5,347,299,6,305,652
05/30/2013,APA,CO,ANM,WE,Towers with Radar,0,93,115,2,210,0,7,131,0,138,0,100,246,2,348,137,0,137,485
05/31/2013,APA,CO,ANM,WE,Towers with Radar,0,79,90,10,179,0,9,199,2,210,0,88,289,12,389,230,16,246,635
06/01/2013,APA,CO,ANM,WE,Towers with Radar,0,42,49,17,108,0,4,327,12,343,0,46,376,29,451,496,6,502,953
06/02/2013,APA,CO,ANM,WE,Towers with Radar,0,40,73,8,121,0,19,452,0,471,0,59,525,8,592,436,0,436,1028
06/03/2013,APA,CO,ANM,WE,Towers with Radar,0,74,129,2,205,0,14,343,2,359,0,88,472,4,564,323,0,323,887
06/04/2013,APA,CO,ANM,WE,Towers with Radar,0,95,141,0,236,1,18,322,1,342,1,113,463,1,578,624,0,624,1202
06/05/2013,APA,CO,ANM,WE,Towers with Radar,0,95,169,0,264,0,0,127,1,128,0,95,296,1,392,450,0,450,842
06/06/2013,APA,CO,ANM,WE,Towers with Radar,0,80,128,0,208,0,16,390,2,408,0,96,518,2,616,452,0,452,1068
06/07/2013,APA,CO,ANM,WE,Towers with Radar,0,86,97,3,186,0,20,666,15,701,0,106,763,18,887,704,16,720,1607
06/08/2013,APA,CO,ANM,WE,Towers with Radar,0,38,64,0,102,0,8,401,0,409,0,46,465,0,511,337,0,337,848
06/09/2013,APA,CO,ANM,WE,Towers with Radar,0,61,77,1,139,0,24,565,10,599,0,85,642,11,738,588,8,596,1334
06/10/2013,APA,CO,ANM,WE,Towers with Radar,0,58,103,4,165,0,11,272,10,293,0,69,375,14,458,345,59,404,862
06/11/2013,APA,CO,ANM,WE,Towers with Radar,0,79,87,0,166,0,10,221,7,238,0,89,308,7,404,263,10,273,677
06/12/2013,APA,CO,ANM,WE,Towers with Radar,0,90,144,0,234,0,5,341,2,348,0,95,485,2,582,344,0,344,926
06/13/2013,APA,CO,ANM,WE,Towers with Radar,0,96,119,4,219,0,18,248,1,267,0,114,367,5,486,431,0,431,917
06/14/2013,APA,CO,ANM,WE,Towers with Radar,0,84,105,7,196,0,14,330,9,353,0,98,435,16,549,258,0,258,807
06/15/2013,APA,CO,ANM,WE,Towers with Radar,0,41,44,4,89,0,13,293,12,318,0,54,337,16,407,506,18,524,931
06/16/2013,APA,CO,ANM,WE,Towers with Radar,0,65,90,10,165,0,7,238,6,251,0,72,328,16,416,210,0,210,626
06/17/2013,APA,CO,ANM,WE,Towers with Radar,1,68,104,1,174,0,24,288,1,313,1,92,392,2,487,264,0,264,751
06/18/2013,APA,CO,ANM,WE,Towers with Radar,0,98,101,1,200,0,26,289,4,319,0,124,390,5,519,357,10,367,886
06/19/2013,APA,CO,ANM,WE,Towers with Radar,0,80,110,0,190,0,26,277,3,306,0,106,387,3,496,307,15,322,818
06/20/2013,APA,CO,ANM,WE,Towers with Radar,0,87,127,2,216,0,12,319,2,333,0,99,446,4,549,402,14,416,965
06/21/2013,APA,CO,ANM,WE,Towers with Radar,0,86,87,11,184,0,8,498,7,513,0,94,585,18,697,569,14,583,1280
06/22/2013,APA,CO,ANM,WE,Towers with Radar,0,40,37,7,84,0,21,439,9,469,0,61,476,16,553,511,16,527,1080
06/23/2013,APA,CO,ANM,WE,Towers with Radar,0,44,80,0,124,0,10,350,0,360,0,54,430,0,484,320,0,320,804
06/24/2013,APA,CO,ANM,WE,Towers with Radar,0,75,94,2,171,0,13,307,0,320,0,88,401,2,491,333,0,333,824
06/25/2013,APA,CO,ANM,WE,Towers with Radar,0,81,102,2,185,0,24,386,16,426,0,105,488,18,611,479,0,479,1090
06/26/2013,APA,CO,ANM,WE,Towers with Radar,0,88,136,0,224,0,37,361,2,400,0,125,497,2,624,441,4,445,1069
06/27/2013,APA,CO,ANM,WE,Towers with Radar,0,89,126,0,215,0,22,349,2,373,0,111,475,2,588,396,0,396,984
06/28/2013,APA,CO,ANM,WE,Towers with Radar,0,98,116,3,217,0,11,484,17,512,0,109,600,20,729,497,113,610,1339
06/29/2013,APA,CO,ANM,WE,Towers with Radar,0,48,77,4,129,0,13,238,1,252,0,61,315,5,381,312,0,312,693
06/30/2013,APA,CO,ANM,WE,Towers with Radar,0,56,82,1,139,0,13,309,3,325,0,69,391,4,464,276,0,276,740
07/01/2013,APA,CO,ANM,WE,Towers with Radar,0,70,99,6,175,0,30,310,0,340,0,100,409,6,515,281,4,285,800
07/02/2013,APA,CO,ANM,WE,Towers with Radar,0,84,101,0,185,0,26,406,5,437,0,110,507,5,622,381,0,381,1003
07/03/2013,APA,CO,ANM,WE,Towers with Radar,0,72,120,0,192,0,10,359,6,375,0,82,479,6,567,531,22,553,1120
07/04/2013,APA,CO,ANM,WE,Towers with Radar,0,38,42,0,80,0,9,219,0,228,0,47,261,0,308,243,0,243,551
07/05/2013,APA,CO,ANM,WE,Towers with Radar,0,45,37,2,84,0,12,238,3,253,0,57,275,5,337,207,2,209,546
07/06/2013,APA,CO,ANM,WE,Towers with Radar,3,46,52,0,101,0,11,266,0,277,3,57,318,0,378,336,0,336,714
07/07/2013,APA,CO,ANM,WE,Towers with Radar,0,66,120,0,186,0,14,264,0,278,0,80,384,0,464,328,0,328,792
07/08/2013,APA,CO,ANM,WE,Towers with Radar,0,65,102,3,170,0,5,227,0,232,0,70,329,3,402,270,0,270,672
07/09/2013,APA,CO,ANM,WE,Towers with Radar,0,75,131,3,209,0,11,227,3,241,0,86,358,6,450,267,22,289,739
07/10/2013,APA,CO,ANM,WE,Towers with Radar,0,79,136,5,220,0,5,337,8,350,0,84,473,13,570,408,2,410,980
07/11/2013,APA,CO,ANM,WE,Towers with Radar,0,95,145,1,241,0,9,385,7,401,0,104,530,8,642,328,0,328,970
07/12/2013,APA,CO,ANM,WE,Towers with Radar,0,88,108,8,204,0,10,249,8,267,0,98,357,16,471,319,48,367,838
07/13/2013,APA,CO,ANM,WE,Towers with Radar,0,56,59,11,126,0,1,358,2,361,0,57,417,13,487,411,2,413,900
07/14/2013,APA,CO,ANM,WE,Towers with Radar,0,58,106,8,172,0,19,288,4,311,0,77,394,12,483,382,0,382,865
07/15/2013,APA,CO,ANM,WE,Towers with Radar,0,80,142,0,222,0,10,255,0,265,0,90,397,0,487,282,0,282,769
07/16/2013,APA,CO,ANM,WE,Towers with Radar,0,81,116,2,199,0,26,422,2,450,0,107,538,4,649,549,4,553,1202
07/17/2013,APA,CO,ANM,WE,Towers with Radar,0,87,141,0,228,0,13,293,2,308,0,100,434,2,536,418,0,418,954
07/18/2013,APA,CO,ANM,WE,Towers with Radar,0,85,118,1,204,0,13,291,3,307,0,98,409,4,511,346,14,360,871
07/19/2013,APA,CO,ANM,WE,Towers with Radar,0,86,110,7,203,0,24,511,0,535,0,110,621,7,738,594,12,606,1344
07/20/2013,APA,CO,ANM,WE,Towers with Radar,0,51,63,2,116,0,23,377,3,403,0,74,440,5,519,422,0,422,941
07/21/2013,APA,CO,ANM,WE,Towers with Radar,0,60,93,4,157,0,65,423,4,492,0,125,516,8,649,486,0,486,1135
07/22/2013,APA,CO,ANM,WE,Towers with Radar,0,76,129,1,206,0,12,318,1,331,0,88,447,2,537,431,6,437,974
07/23/2013,APA,CO,ANM,WE,Towers with Radar,0,75,102,4,181,0,27,391,9,427,0,102,493,13,608,370,10,380,988
07/24/2013,APA,CO,ANM,WE,Towers with Radar,0,78,143,4,225,0,21,297,1,319,0,99,440,5,544,441,0,441,985
07/25/2013,APA,CO,ANM,WE,Towers with Radar,0,107,101,2,210,0,21,349,4,374,0,128,450,6,584,508,6,514,1098
07/26/2013,APA,CO,ANM,WE,Towers with Radar,0,77,126,7,210,0,11,378,4,393,0,88,504,11,603,452,8,460,1063
07/27/2013,APA,CO,ANM,WE,Towers with Radar,0,43,60,3,106,0,12,440,1,453,0,55,500,4,559,414,26,440,999
07/28/2013,APA,CO,ANM,WE,Towers with Radar,0,66,115,5,186,0,8,66,0,74,0,74,181,5,260,158,0,158,418
07/29/2013,APA,CO,ANM,WE,Towers with Radar,0,68,130,5,203,0,11,175,3,189,0,79,305,8,392,182,12,194,586
07/30/2013,APA,CO,ANM,WE,Towers with Radar,0,73,115,2,190,0,28,384,4,416,0,101,499,6,606,469,18,487,1093
07/31/2013,APA,CO,ANM,WE,Towers with Radar,0,85,129,2,216,0,24,324,7,355,0,109,453,9,571,476,15,491,1062
08/01/2013,APA,CO,ANM,WE,Towers with Radar,0,89,113,6,208,0,5,108,1,114,0,94,221,7,322,84,0,84,406
08/02/2013,APA,CO,ANM,WE,Towers with Radar,0,82,125,15,222,0,13,279,16,308,0,95,404,31,530,310,28,338,868
08/03/2013,APA,CO,ANM,WE,Towers with Radar,0,57,53,11,121,0,19,310,3,332,0,76,363,14,453,364,0,364,817
08/04/2013,APA,CO,ANM,WE,Towers with Radar,0,78,113,3,194,0,39,305,1,345,0,117,418,4,539,438,0,438,977
08/05/2013,APA,CO,ANM,WE,Towers with Radar,0,55,117,3,175,0,13,207,5,225,0,68,324,8,400,306,0,306,706
08/06/2013,APA,CO,ANM,WE,Towers with Radar,0,90,131,0,221,0,68,349,1,418,0,158,480,1,639,462,2,464,1103
08/07/2013,APA,CO,ANM,WE,Towers with Radar,0,91,117,3,211,0,39,240,0,279,0,130,357,3,490,534,1,535,1025
08/08/2013,APA,CO,ANM,WE,Towers with Radar,0,115,151,0,266,0,17,163,2,182,0,132,314,2,448,202,0,202,650
08/09/2013,APA,CO,ANM,WE,Towers with Radar,0,92,113,4,209,0,22,450,2,474,0,114,563,6,683,584,10,594,1277
08/10/2013,APA,CO,ANM,WE,Towers with Radar,0,57,68,2,127,0,16,335,0,351,0,73,403,2,478,528,0,528,1006
08/11/2013,APA,CO,ANM,WE,Towers with Radar,0,63,105,0,168,0,20,380,3,403,0,83,485,3,571,410,0,410,981
08/12/2013,APA,CO,ANM,WE,Towers with Radar,0,88,122,0,210,0,10,265,2,277,0,98,387,2,487,198,0,198,685
08/13/2013,APA,CO,ANM,WE,Towers with Radar,0,82,135,1,218,0,21,300,2,323,0,103,435,3,541,375,0,375,916
08/14/2013,APA,CO,ANM,WE,Towers with Radar,0,88,147,6,241,0,23,341,9,373,0,111,488,15,614,565,2,567,1181
08/15/2013,APA,CO,ANM,WE,Towers with Radar,2,104,137,7,250,0,18,444,9,471,2,122,581,16,721,579,10,589,1310
08/16/2013,APA,CO,ANM,WE,Towers with Radar,0,71,126,6,203,0,13,401,2,416,0,84,527,8,619,417,8,425,1044
08/17/2013,APA,CO,ANM,WE,Towers with Radar,0,55,52,2,109,0,20,346,2,368,0,75,398,4,477,368,0,368,845
08/18/2013,APA,CO,ANM,WE,Towers with Radar,0,75,118,5,198,0,27,374,3,404,0,102,492,8,602,520,0,520,1122
08/19/2013,APA,CO,ANM,WE,Towers with Radar,0,53,121,5,179,0,14,297,2,313,0,67,418,7,492,338,0,338,830
08/20/2013,APA,CO,ANM,WE,Towers with Radar,0,80,150,2,232,0,26,307,6,339,0,106,457,8,571,434,14,448,1019
08/21/2013,APA,CO,ANM,WE,Towers with Radar,0,80,141,2,223,0,14,277,1,292,0,94,418,3,515,275,6,281,796
08/22/2013,APA,CO,ANM,WE,Towers with Radar,0,95,110,1,206,0,10,259,1,270,0,105,369,2,476,371,0,371,847
08/23/2013,APA,CO,ANM,WE,Towers with Radar,0,78,121,11,210,1,11,308,6,326,1,89,429,17,536,476,0,476,1012
08/24/2013,APA,CO,ANM,WE,Towers with Radar,0,49,60,11,120,0,14,418,5,437,0,63,478,16,557,440,18,458,1015
08/25/2013,APA,CO,ANM,WE,Towers with Radar,1,51,110,11,173,0,29,339,11,379,1,80,449,22,552,380,0,380,932
08/26/2013,APA,CO,ANM,WE,Towers with Radar,0,61,117,3,181,0,14,218,5,237,0,75,335,8,418,366,2,368,786
08/27/2013,APA,CO,ANM,WE,Towers with Radar,0,96,110,4,210,0,23,340,3,366,0,119,450,7,576,496,6,502,1078
08/28/2013,APA,CO,ANM,WE,Towers with Radar,0,90,130,8,228,0,16,334,4,354,0,106,464,12,582,483,18,501,1083
08/29/2013,APA,CO,ANM,WE,Towers with Radar,0,95,143,6,244,0,16,242,0,258,0,111,385,6,502,376,0,376,878
08/30/2013,APA,CO,ANM,WE,Towers with Radar,0,90,122,1,213,0,9,375,10,394,0,99,497,11,607,442,22,464,1071
08/31/2013,APA,CO,ANM,WE,Towers with Radar,0,41,50,0,91,0,4,312,0,316,0,45,362,0,407,410,0,410,817
09/01/2013,APA,CO,ANM,WE,Towers with Radar,0,28,41,0,69,0,12,204,2,218,0,40,245,2,287,427,6,433,720
09/02/2013,APA,CO,ANM,WE,Towers with Radar,0,68,105,0,173,0,18,339,0,357,0,86,444,0,530,362,0,362,892
09/03/2013,APA,CO,ANM,WE,Towers with Radar,0,56,114,1,171,0,14,338,6,358,0,70,452,7,529,292,8,300,829
09/04/2013,APA,CO,ANM,WE,Towers with Radar,0,83,116,8,207,0,16,238,5,259,0,99,354,13,466,385,34,419,885
09/05/2013,APA,CO,ANM,WE,Towers with Radar,0,88,113,5,206,0,21,287,2,310,0,109,400,7,516,488,18,506,1022
09/06/2013,APA,CO,ANM,WE,Towers with Radar,0,76,128,10,214,0,26,387,16,429,0,102,515,26,643,492,52,544,1187
09/07/2013,APA,CO,ANM,WE,Towers with Radar,0,51,59,4,114,0,13,366,2,381,0,64,425,6,495,450,2,452,947
09/08/2013,APA,CO,ANM,WE,Towers with Radar,0,42,100,1,143,0,13,378,2,393,0,55,478,3,536,522,0,522,1058
09/09/2013,APA,CO,ANM,WE,Towers with Radar,0,74,102,2,178,0,16,228,3,247,0,90,330,5,425,302,0,302,727
09/10/2013,APA,CO,ANM,WE,Towers with Radar,0,66,129,2,197,0,0,76,11,87,0,66,205,13,284,123,28,151,435
09/11/2013,APA,CO,ANM,WE,Towers with Radar,0,90,118,5,213,0,0,12,0,12,0,90,130,5,225,32,0,32,257
09/12/2013,APA,CO,ANM,WE,Towers with Radar,0,71,95,5,171,0,0,0,0,0,0,71,95,5,171,0,0,0,171
09/13/2013,APA,CO,ANM,WE,Towers with Radar,0,73,118,7,198,0,14,133,13,160,0,87,251,20,358,107,0,107,465
09/14/2013,APA,CO,ANM,WE,Towers with Radar,0,40,52,1,93,0,12,240,15,267,0,52,292,16,360,450,2,452,812
09/15/2013,APA,CO,ANM,WE,Towers with Radar,0,53,117,2,172,0,0,15,0,15,0,53,132,2,187,4,0,4,191
09/16/2013,APA,CO,ANM,WE,Towers with Radar,0,59,116,1,176,0,12,191,2,205,0,71,307,3,381,321,0,321,702
09/17/2013,APA,CO,ANM,WE,Towers with Radar,0,69,132,1,202,0,21,402,2,425,0,90,534,3,627,593,15,608,1235
09/18/2013,APA,CO,ANM,WE,Towers with Radar,0,75,127,4,206,0,15,315,11,341,0,90,442,15,547,463,50,513,1060
09/19/2013,APA,CO,ANM,WE,Towers with Radar,0,92,141,7,240,0,14,190,23,227,0,106,331,30,467,374,0,374,841
09/20/2013,APA,CO,ANM,WE,Towers with Radar,0,78,132,9,219,0,13,382,14,409,0,91,514,23,628,651,2,653,1281
09/21/2013,APA,CO,ANM,WE,Towers with Radar,0,48,57,6,111,0,10,378,17,405,0,58,435,23,516,485,10,495,1011
09/22/2013,APA,CO,ANM,WE,Towers with Radar,0,43,119,1,163,0,12,190,0,202,0,55,309,1,365,317,1,318,683
09/23/2013,APA,CO,ANM,WE,Towers with Radar,0,76,143,9,228,0,7,108,6,121,0,83,251,15,349,80,12,92,441
09/24/2013,APA,CO,ANM,WE,Towers with Radar,0,87,187,4,278,0,29,343,2,374,0,116,530,6,652,337,12,349,1001
09/25/2013,APA,CO,ANM,WE,Towers with Radar,0,99,113,1,213,0,19,275,7,301,0,118,388,8,514,234,0,234,748
09/26/2013,APA,CO,ANM,WE,Towers with Radar,0,102,119,11,232,0,17,325,13,355,0,119,444,24,587,475,10,485,1072
09/27/2013,APA,CO,ANM,WE,Towers with Radar,0,64,100,11,175,0,0,3,3,6,0,64,103,14,181,0,0,0,181
09/28/2013,APA,CO,ANM,WE,Towers with Radar,0,49,54,5,108,0,25,581,2,608,0,74,635,7,716,600,14,614,1330
09/29/2013,APA,CO,ANM,WE,Towers with Radar,0,51,114,4,169,0,15,380,1,396,0,66,494,5,565,436,0,436,1001
09/30/2013,APA,CO,ANM,WE,Towers with Radar,0,70,120,6,196,0,22,314,6,342,0,92,434,12,538,492,2,494,1032
10/01/2013,APA,CO,ANM,WE,Towers with Radar,0,76,119,4,199,0,30,295,0,325,0,106,414,4,524,417,0,417,941
10/02/2013,APA,CO,ANM,WE,Towers with Radar,0,89,122,6,217,0,13,318,5,336,0,102,440,11,553,535,4,539,1092
10/03/2013,APA,CO,ANM,WE,Towers with Radar,0,100,124,0,224,0,28,300,5,333,0,128,424,5,557,272,4,276,833
10/04/2013,APA,CO,ANM,WE,Towers with Radar,0,85,88,1,174,0,4,20,0,24,0,89,108,1,198,0,0,0,198
10/05/2013,APA,CO,ANM,WE,Towers with Radar,0,45,64,0,109,0,29,287,0,316,0,74,351,0,425,362,0,362,787
10/06/2013,APA,CO,ANM,WE,Towers with Radar,0,55,110,0,165,0,11,417,1,429,0,66,527,1,594,442,0,442,1036
10/07/2013,APA,CO,ANM,WE,Towers with Radar,0,56,117,0,173,0,7,279,0,286,0,63,396,0,459,400,0,400,859
10/08/2013,APA,CO,ANM,WE,Towers with Radar,0,72,125,0,197,0,26,439,0,465,0,98,564,0,662,475,0,475,1137
10/09/2013,APA,CO,ANM,WE,Towers with Radar,0,81,119,1,201,0,32,478,11,521,0,113,597,12,722,644,5,649,1371
10/10/2013,APA,CO,ANM,WE,Towers with Radar,0,76,119,14,209,0,27,154,9,190,0,103,273,23,399,173,26,199,598
10/11/2013,APA,CO,ANM,WE,Towers with Radar,0,66,103,11,180,0,10,234,2,246,0,76,337,13,426,398,2,400,826
10/12/2013,APA,CO,ANM,WE,Towers with Radar,0,49,48,1,98,0,20,249,4,273,0,69,297,5,371,280,0,280,651
10/13/2013,APA,CO,ANM,WE,Towers with Radar,0,44,81,0,125,0,19,243,3,265,0,63,324,3,390,336,0,336,726
10/14/2013,APA,CO,ANM,WE,Towers with Radar,0,75,109,0,184,0,5,88,0,93,0,80,197,0,277,203,0,203,480
10/15/2013,APA,CO,ANM,WE,Towers with Radar,0,70,104,2,176,0,11,107,0,118,0,81,211,2,294,252,0,252,546
10/16/2013,APA,CO,ANM,WE,Towers with Radar,0,80,138,4,222,0,22,387,17,426,0,102,525,21,648,536,6,542,1190
10/17/2013,APA,CO,ANM,WE,Towers with Radar,0,83,111,0,194,0,18,350,2,370,0,101,461,2,564,398,0,398,962
10/18/2013,APA,CO,ANM,WE,Towers with Radar,0,79,98,5,182,0,20,108,2,130,0,99,206,7,312,242,0,242,554
10/19/2013,APA,CO,ANM,WE,Towers with Radar,0,44,38,2,84,0,24,417,15,456,0,68,455,17,540,396,10,406,946
10/20/2013,APA,CO,ANM,WE,Towers with Radar,0,130,209,2,341,0,22,248,3,273,0,152,457,5,614,274,2,276,890
10/21/2013,APA,CO,ANM,WE,Towers with Radar,0,91,138,6,235,0,3,289,6,298,0,94,427,12,533,421,3,424,957
10/22/2013,APA,CO,ANM,WE,Towers with Radar,0,91,134,1,226,0,32,364,7,403,0,123,498,8,629,464,4,468,1097
10/23/2013,APA,CO,ANM,WE,Towers with Radar,0,97,151,9,257,0,24,463,7,494,0,121,614,16,751,767,7,774,1525
10/24/2013,APA,CO,ANM,WE,Towers with Radar,0,78,141,3,222,0,14,310,2,326,0,92,451,5,548,541,12,553,1101
10/25/2013,APA,CO,ANM,WE,Towers with Radar,0,82,113,6,201,0,10,428,1,439,0,92,541,7,640,484,0,484,1124
10/26/2013,APA,CO,ANM,WE,Towers with Radar,0,34,76,4,114,0,12,356,6,374,0,46,432,10,488,312,0,312,800
10/27/2013,APA,CO,ANM,WE,Towers with Radar,0,51,118,3,172,0,20,325,2,347,0,71,443,5,519,312,0,312,831
10/28/2013,APA,CO,ANM,WE,Towers with Radar,0,66,109,0,175,0,1,8,0,9,0,67,117,0,184,4,0,4,188
10/29/2013,APA,CO,ANM,WE,Towers with Radar,0,100,86,4,190,0,2,32,0,34,0,102,118,4,224,105,0,105,329
10/30/2013,APA,CO,ANM,WE,Towers with Radar,0,81,145,0,226,0,8,198,1,207,0,89,343,1,433,320,12,332,765
10/31/2013,APA,CO,ANM,WE,Towers with Radar,0,84,123,5,212,0,13,148,5,166,0,97,271,10,378,114,8,122,500
11/01/2013,APA,CO,ANM,WE,Towers with Radar,0,62,78,11,151,0,8,305,1,314,0,70,383,12,465,438,18,456,921
11/02/2013,APA,CO,ANM,WE,Towers with Radar,1,44,63,12,120,0,11,436,1,448,1,55,499,13,568,500,6,506,1074
11/03/2013,APA,CO,ANM,WE,Towers with Radar,0,46,94,6,146,0,6,322,1,329,0,52,416,7,475,436,0,436,911
11/04/2013,APA,CO,ANM,WE,Towers with Radar,0,62,85,4,151,0,9,134,3,146,0,71,219,7,297,192,0,192,489
11/05/2013,APA,CO,ANM,WE,Towers with Radar,2,70,129,0,201,0,25,101,0,126,2,95,230,0,327,169,0,169,496
11/06/2013,APA,CO,ANM,WE,Towers with Radar,0,73,128,1,202,0,15,224,14,253,0,88,352,15,455,293,62,355,810
11/07/2013,APA,CO,ANM,WE,Towers with Radar,0,64,115,1,180,0,17,373,2,392,0,81,488,3,572,556,47,603,1175
11/08/2013,APA,CO,ANM,WE,Towers with Radar,0,66,91,0,157,0,19,247,3,269,0,85,338,3,426,233,2,235,661
11/09/2013,APA,CO,ANM,WE,Towers with Radar,0,48,47,0,95,0,6,395,2,403,0,54,442,2,498,396,0,396,894
11/10/2013,APA,CO,ANM,WE,Towers with Radar,0,49,68,0,117,0,13,360,1,374,0,62,428,1,491,392,2,394,885
11/11/2013,APA,CO,ANM,WE,Towers with Radar,0,57,102,0,159,0,11,269,3,283,0,68,371,3,442,338,0,338,780
11/12/2013,APA,CO,ANM,WE,Towers with Radar,0,73,98,2,173,0,27,420,6,453,0,100,518,8,626,545,60,605,1231
11/13/2013,APA,CO,ANM,WE,Towers with Radar,0,69,110,2,181,0,12,347,5,364,0,81,457,7,545,331,0,331,876
11/14/2013,APA,CO,ANM,WE,Towers with Radar,0,105,150,8,263,0,18,333,12,363,0,123,483,20,626,302,58,360,986
11/15/2013,APA,CO,ANM,WE,Towers with Radar,0,100,150,2,252,0,7,278,3,288,0,107,428,5,540,295,0,295,835
11/16/2013,APA,CO,ANM,WE,Towers with Radar,0,69,85,0,154,0,9,191,5,205,0,78,276,5,359,216,0,216,575
11/17/2013,APA,CO,ANM,WE,Towers with Radar,0,84,127,0,211,0,9,205,3,217,0,93,332,3,428,248,0,248,676
11/18/2013,APA,CO,ANM,WE,Towers with Radar,0,95,174,2,271,0,24,388,19,431,0,119,562,21,702,470,30,500,1202
11/19/2013,APA,CO,ANM,WE,Towers with Radar,0,112,181,7,300,0,34,381,2,417,0,146,562,9,717,369,6,375,1092
11/20/2013,APA,CO,ANM,WE,Towers with Radar,3,112,172,6,293,0,10,309,17,336,3,122,481,23,629,535,83,618,1247
11/21/2013,APA,CO,ANM,WE,Towers with Radar,8,68,92,0,168,0,1,0,0,1,8,69,92,0,169,0,0,0,169
11/22/2013,APA,CO,ANM,WE,Towers with Radar,0,86,146,8,240,0,11,191,12,214,0,97,337,20,454,150,0,150,604
11/23/2013,APA,CO,ANM,WE,Towers with Radar,0,61,79,0,140,0,12,349,2,363,0,73,428,2,503,524,0,524,1027
11/24/2013,APA,CO,ANM,WE,Towers with Radar,1,52,52,4,109,0,18,185,0,203,1,70,237,4,312,356,0,356,668
11/25/2013,APA,CO,ANM,WE,Towers with Radar,0,79,82,12,173,0,6,101,5,112,0,85,183,17,285,78,6,84,369
11/26/2013,APA,CO,ANM,WE,Towers with Radar,1,93,149,1,244,0,19,517,9,545,1,112,666,10,789,578,42,620,1409
11/27/2013,APA,CO,ANM,WE,Towers with Radar,0,114,126,12,252,0,5,389,0,394,0,119,515,12,646,483,0,483,1129
11/28/2013,APA,CO,ANM,WE,Towers with Radar,0,31,27,0,58,0,6,93,0,99,0,37,120,0,157,178,0,178,335
11/29/2013,APA,CO,ANM,WE,Towers with Radar,0,54,52,0,106,0,8,303,1,312,0,62,355,1,418,372,0,372,790
11/30/2013,APA,CO,ANM,WE,Towers with Radar,0,57,100,0,157,0,10,420,3,433,0,67,520,3,590,327,2,329,919
12/01/2013,APA,CO,ANM,WE,Towers with Radar,0,77,153,0,230,0,2,351,0,353,0,79,504,0,583,426,0,426,1009
12/02/2013,APA,CO,ANM,WE,Towers with Radar,0,78,98,2,178,0,14,173,1,188,0,92,271,3,366,138,0,138,504
12/03/2013,APA,CO,ANM,WE,Towers with Radar,0,72,112,3,187,0,5,151,0,156,0,77,263,3,343,157,0,157,500
12/04/2013,APA,CO,ANM,WE,Towers with Radar,0,78,55,0,133,0,0,0,0,0,0,78,55,0,133,0,0,0,133
12/05/2013,APA,CO,ANM,WE,Towers with Radar,0,92,124,10,226,0,5,37,10,52,0,97,161,20,278,30,4,34,312
12/06/2013,APA,CO,ANM,WE,Towers with Radar,0,104,112,13,229,0,3,110,0,113,0,107,222,13,342,58,0,58,400
12/07/2013,APA,CO,ANM,WE,Towers with Radar,0,67,60,0,127,0,3,67,2,72,0,70,127,2,199,124,0,124,323
12/08/2013,APA,CO,ANM,WE,Towers with Radar,0,48,91,1,140,0,8,44,0,52,0,56,135,1,192,67,0,67,259
12/09/2013,APA,CO,ANM,WE,Towers with Radar,0,90,166,5,261,0,16,150,4,170,0,106,316,9,431,78,0,78,509
12/10/2013,APA,CO,ANM,WE,Towers with Radar,0,96,125,7,228,0,14,224,1,239,0,110,349,8,467,230,10,240,707
12/11/2013,APA,CO,ANM,WE,Towers with Radar,0,118,184,1,303,0,18,252,5,275,0,136,436,6,578,348,20,368,946
12/12/2013,APA,CO,ANM,WE,Towers with Radar,0,137,242,3,382,0,25,326,12,363,0,162,568,15,745,375,45,420,1165
12/13/2013,APA,CO,ANM,WE,Towers with Radar,0,112,127,8,247,0,18,283,8,309,0,130,410,16,556,270,0,270,826
12/14/2013,APA,CO,ANM,WE,Towers with Radar,0,42,91,0,133,0,11,343,1,355,0,53,434,1,488,336,0,336,824
12/15/2013,APA,CO,ANM,WE,Towers with Radar,0,49,82,1,132,0,12,278,2,292,0,61,360,3,424,306,10,316,740
12/16/2013,APA,CO,ANM,WE,Towers with Radar,2,73,119,4,198,0,4,245,0,249,2,77,364,4,447,243,0,243,690
12/17/2013,APA,CO,ANM,WE,Towers with Radar,0,84,156,8,248,0,16,365,9,390,0,100,521,17,638,569,0,569,1207
12/18/2013,APA,CO,ANM,WE,Towers with Radar,0,118,196,2,316,0,33,462,6,501,0,151,658,8,817,472,12,484,1301
12/19/2013,APA,CO,ANM,WE,Towers with Radar,0,91,122,0,213,0,9,265,6,280,0,100,387,6,493,254,6,260,753
12/20/2013,APA,CO,ANM,WE,Towers with Radar,0,90,112,3,205,0,0,4,0,4,0,90,116,3,209,0,0,0,209
12/21/2013,APA,CO,ANM,WE,Towers with Radar,0,79,103,0,182,0,5,74,0,79,0,84,177,0,261,124,0,124,385
12/22/2013,APA,CO,ANM,WE,Towers with Radar,0,46,84,0,130,0,5,191,0,196,0,51,275,0,326,252,0,252,578
12/23/2013,APA,CO,ANM,WE,Towers with Radar,0,76,112,4,192,0,19,242,1,262,0,95,354,5,454,312,0,312,766
12/24/2013,APA,CO,ANM,WE,Towers with Radar,0,88,43,0,131,0,5,121,0,126,0,93,164,0,257,104,0,104,361
12/25/2013,APA,CO,ANM,WE,Towers with Radar,0,71,39,0,110,0,15,95,0,110,0,86,134,0,220,105,0,105,325
12/26/2013,APA,CO,ANM,WE,Towers with Radar,0,90,72,0,162,0,6,248,0,254,0,96,320,0,416,354,0,354,770
12/27/2013,APA,CO,ANM,WE,Towers with Radar,0,85,110,0,195,0,19,410,2,431,0,104,520,2,626,564,0,564,1190
12/28/2013,APA,CO,ANM,WE,Towers with Radar,0,56,65,0,121,0,8,296,0,304,0,64,361,0,425,414,0,414,839
12/29/2013,APA,CO,ANM,WE,Towers with Radar,0,55,86,0,141,0,5,101,0,106,0,60,187,0,247,182,0,182,429
12/30/2013,APA,CO,ANM,WE,Towers with Radar,0,63,74,7,144,0,12,213,0,225,0,75,287,7,369,222,0,222,591
12/31/2013,APA,CO,ANM,WE,Towers with Radar,0,40,48,0,88,0,2,232,0,234,0,42,280,0,322,418,2,420,742
01/01/2014,APA,CO,ANM,WE,Towers with Radar,0,61,49,0,110,0,0,26,0,26,0,61,75,0,136,4,0,4,140
01/02/2014,APA,CO,ANM,WE,Towers with Radar,0,73,114,2,189,0,6,292,0,298,0,79,406,2,487,332,0,332,819
01/03/2014,APA,CO,ANM,WE,Towers with Radar,11,107,124,5,247,0,13,396,10,419,11,120,520,15,666,484,0,484,1150
01/04/2014,APA,CO,ANM,WE,Towers with Radar,0,65,73,0,138,0,0,3,1,4,0,65,76,1,142,0,0,0,142
01/05/2014,APA,CO,ANM,WE,Towers with Radar,0,66,107,0,173,0,3,3,0,6,0,69,110,0,179,0,0,0,179
01/06/2014,APA,CO,ANM,WE,Towers with Radar,0,106,143,0,249,0,9,116,0,125,0,115,259,0,374,98,0,98,472
01/07/2014,APA,CO,ANM,WE,Towers with Radar,0,95,123,8,226,0,20,232,1,253,0,115,355,9,479,239,0,239,718
01/08/2014,APA,CO,ANM,WE,Towers with Radar,0,113,141,9,263,0,22,340,8,370,0,135,481,17,633,383,28,411,1044
01/09/2014,APA,CO,ANM,WE,Towers with Radar,0,89,126,2,217,0,17,299,12,328,0,106,425,14,545,299,20,319,864
01/10/2014,APA,CO,ANM,WE,Towers with Radar,0,71,88,5,164,0,6,114,2,122,0,77,202,7,286,62,0,62,348
01/11/2014,APA,CO,ANM,WE,Towers with Radar,0,78,99,0,177,0,10,242,9,261,0,88,341,9,438,291,2,293,731
01/12/2014,APA,CO,ANM,WE,Towers with Radar,0,51,130,1,182,0,2,49,0,51,0,53,179,1,233,100,0,100,333
01/13/2014,APA,CO,ANM,WE,Towers with Radar,0,84,116,0,200,0,10,132,0,142,0,94,248,0,342,78,0,78,420
01/14/2014,APA,CO,ANM,WE,Towers with Radar,0,90,115,1,206,0,4,19,4,27,0,94,134,5,233,37,8,45,278
01/15/2014,APA,CO,ANM,WE,Towers with Radar,0,100,124,3,227,0,16,311,17,344,0,116,435,20,571,307,36,343,914
01/16/2014,APA,CO,ANM,WE,Towers with Radar,0,86,122,3,211,0,12,211,11,234,0,98,333,14,445,318,6,324,769
01/17/2014,APA,CO,ANM,WE,Towers with Radar,0,104,97,12,213,0,29,483,8,520,0,133,580,20,733,556,0,556,1289
01/18/2014,APA,CO,ANM,WE,Towers with Radar,0,66,102,0,168,0,26,531,16,573,0,92,633,16,741,638,4,642,1383
01/19/2014,APA,CO,ANM,WE,Towers with Radar,0,113,190,4,307,0,9,348,1,358,0,122,538,5,665,350,0,350,1015
01/20/2014,APA,CO,ANM,WE,Towers with Radar,2,119,265,14,400,0,11,334,0,345,2,130,599,14,745,547,0,547,1292
01/21/2014,APA,CO,ANM,WE,Towers with Radar,0,111,150,5,266,0,17,240,0,257,0,128,390,5,523,269,16,285,808
01/22/2014,APA,CO,ANM,WE,Towers with Radar,0,87,138,1,226,0,19,230,8,257,0,106,368,9,483,368,8,376,859
01/23/2014,APA,CO,ANM,WE,Towers with Radar,0,108,141,2,251,0,4,110,1,115,0,112,251,3,366,152,0,152,518
01/24/2014,APA,CO,ANM,WE,Towers with Radar,0,83,134,0,217,0,20,391,8,419,0,103,525,8,636,639,22,661,1297
01/25/2014,APA,CO,ANM,WE,Towers with Radar,0,57,67,2,126,0,24,544,6,574,0,81,611,8,700,608,10,618,1318
01/26/2014,APA,CO,ANM,WE,Towers with Radar,0,58,85,0,143,0,2,226,0,228,0,60,311,0,371,276,0,276,647
01/27/2014,APA,CO,ANM,WE,Towers with Radar,1,82,113,0,196,0,0,21,0,21,1,82,134,0,217,38,0,38,255
01/28/2014,APA,CO,ANM,WE,Towers with Radar,0,105,170,4,279,0,14,193,0,207,0,119,363,4,486,163,0,163,649
01/29/2014,APA,CO,ANM,WE,Towers with Radar,0,119,187,4,310,1,13,309,0,323,1,132,496,4,633,437,28,465,1098
01/30/2014,APA,CO,ANM,WE,Towers with Radar,0,69,116,2,187,0,12,140,0,152,0,81,256,2,339,265,0,265,604
01/31/2014,APA,CO,ANM,WE,Towers with Radar,0,76,89,2,167,0,0,7,0,7,0,76,96,2,174,0,0,0,174
02/01/2014,APA,CO,ANM,WE,Towers with Radar,0,75,60,6,141,0,1,18,0,19,0,76,78,6,160,104,0,104,264
02/02/2014,APA,CO,ANM,WE,Towers with Radar,1,58,94,2,155,1,5,144,0,150,2,63,238,2,305,208,0,208,513
02/03/2014,APA,CO,ANM,WE,Towers with Radar,1,66,162,0,229,0,14,256,0,270,1,80,418,0,499,254,0,254,753
02/04/2014,APA,CO,ANM,WE,Towers with Radar,0,66,72,0,138,0,0,0,0,0,0,66,72,0,138,0,0,0,138
02/05/2014,APA,CO,ANM,WE,Towers with Radar,0,81,109,1,191,0,3,67,2,72,0,84,176,3,263,35,0,35,298
02/06/2014,APA,CO,ANM,WE,Towers with Radar,0,84,119,3,206,0,7,75,5,87,0,91,194,8,293,68,0,68,361
02/07/2014,APA,CO,ANM,WE,Towers with Radar,0,117,171,0,288,0,18,205,1,224,0,135,376,1,512,316,0,316,828
02/08/2014,APA,CO,ANM,WE,Towers with Radar,0,53,62,0,115,0,8,161,1,170,0,61,223,1,285,186,0,186,471
02/09/2014,APA,CO,ANM,WE,Towers with Radar,1,59,106,0,166,0,0,1,0,1,1,59,107,0,167,0,0,0,167
02/10/2014,APA,CO,ANM,WE,Towers with Radar,0,75,98,1,174,0,7,33,0,40,0,82,131,1,214,42,0,42,256
02/11/2014,APA,CO,ANM,WE,Towers with Radar,0,103,191,7,301,0,9,303,8,320,0,112,494,15,621,474,36,510,1131
02/12/2014,APA,CO,ANM,WE,Towers with Radar,0,133,185,3,321,0,17,283,0,300,0,150,468,3,621,347,0,347,968
02/13/2014,APA,CO,ANM,WE,Towers with Radar,0,88,183,5,276,0,6,290,4,300,0,94,473,9,576,337,18,355,931
02/14/2014,APA,CO,ANM,WE,Towers with Radar,0,118,172,6,296,0,19,367,1,387,0,137,539,7,683,317,0,317,1000
02/15/2014,APA,CO,ANM,WE,Towers with Radar,1,71,69,5,146,1,2,164,5,172,2,73,233,10,318,288,8,296,614
02/16/2014,APA,CO,ANM,WE,Towers with Radar,1,74,70,4,149,0,7,305,3,315,1,81,375,7,464,276,0,276,740
02/17/2014,APA,CO,ANM,WE,Towers with Radar,0,125,200,3,328,0,11,338,5,354,0,136,538,8,682,331,2,333,1015
02/18/2014,APA,CO,ANM,WE,Towers with Radar,0,78,140,5,223,0,8,98,5,111,0,86,238,10,334,121,0,121,455
02/19/2014,APA,CO,ANM,WE,Towers with Radar,0,115,143,8,266,0,7,234,2,243,0,122,377,10,509,304,14,318,827
02/20/2014,APA,CO,ANM,WE,Towers with Radar,0,70,110,0,180,0,5,30,0,35,0,75,140,0,215,4,0,4,219
02/21/2014,APA,CO,ANM,WE,Towers with Radar,0,94,113,2,209,0,2,62,3,67,0,96,175,5,276,44,0,44,320
02/22/2014,APA,CO,ANM,WE,Towers with Radar,0,58,71,0,129,0,17,283,1,301,0,75,354,1,430,301,0,301,731
02/23/2014,APA,CO,ANM,WE,Towers with Radar,0,48,90,0,138,0,11,330,0,341,0,59,420,0,479,412,0,412,891
02/24/2014,APA,CO,ANM,WE,Towers with Radar,0,75,133,5,213,0,8,231,3,242,0,83,364,8,455,176,10,186,641
02/25/2014,APA,CO,ANM,WE,Towers with Radar,0,74,105,3,182,0,13,88,3,104,0,87,193,6,286,108,6,114,400
02/26/2014,APA,CO,ANM,WE,Towers with Radar,3,122,147,1,273,1,11,316,10,338,4,133,463,11,611,585,2,587,1198
02/27/2014,APA,CO,ANM,WE,Towers with Radar,0,122,153,13,288,0,12,269,6,287,0,134,422,19,575,514,2,516,1091
02/28/2014,APA,CO,ANM,WE,Towers with Radar,0,114,125,15,254,0,34,352,8,394,0,148,477,23,648,537,16,553,1201
03/01/2014,APA,CO,ANM,WE,Towers with Radar,0,53,35,3,91,0,0,7,0,7,0,53,42,3,98,0,0,0,98
03/02/2014,APA,CO,ANM,WE,Towers with Radar,0,62,85,1,148,0,3,64,0,67,0,65,149,1,215,192,0,192,407
03/03/2014,APA,CO,ANM,WE,Towers with Radar,0,81,139,12,232,0,32,312,17,361,0,113,451,29,593,348,50,398,991
03/04/2014,APA,CO,ANM,WE,Towers with Radar,1,82,123,3,209,1,11,309,11,332,2,93,432,14,541,465,30,495,1036
03/05/2014,APA,CO,ANM,WE,Towers with Radar,0,108,158,5,271,0,46,401,17,464,0,154,559,22,735,426,58,484,1219
03/06/2014,APA,CO,ANM,WE,Towers with Radar,0,120,182,17,319,3,16,239,6,264,3,136,421,23,583,331,0,331,914
03/07/2014,APA,CO,ANM,WE,Towers with Radar,0,50,100,0,150,0,1,21,0,22,0,51,121,0,172,56,8,64,236
03/08/2014,APA,CO,ANM,WE,Towers with Radar,0,73,108,0,181,0,15,382,11,408,0,88,490,11,589,666,0,666,1255
03/09/2014,APA,CO,ANM,WE,Towers with Radar,0,50,137,9,196,0,6,399,2,407,0,56,536,11,603,392,8,400,1003
03/10/2014,APA,CO,ANM,WE,Towers with Radar,0,87,113,0,200,0,31,367,1,399,0,118,480,1,599,400,0,400,999
03/11/2014,APA,CO,ANM,WE,Towers with Radar,0,82,89,0,171,0,10,17,4,31,0,92,106,4,202,74,0,74,276
03/12/2014,APA,CO,ANM,WE,Towers with Radar,0,129,219,3,351,0,16,413,4,433,0,145,632,7,784,492,12,504,1288
03/13/2014,APA,CO,ANM,WE,Towers with Radar,0,116,158,4,278,0,2,297,1,300,0,118,455,5,578,522,20,542,1120
03/14/2014,APA,CO,ANM,WE,Towers with Radar,0,111,208,7,326,0,18,473,15,506,0,129,681,22,832,605,52,657,1489
03/15/2014,APA,CO,ANM,WE,Towers with Radar,0,67,68,1,136,0,2,154,3,159,0,69,222,4,295,144,0,144,439
03/16/2014,APA,CO,ANM,WE,Towers with Radar,0,46,110,1,157,0,19,457,3,479,0,65,567,4,636,492,0,492,1128
03/17/2014,APA,CO,ANM,WE,Towers with Radar,0,75,99,1,175,0,10,135,0,145,0,85,234,1,320,119,0,119,439
03/18/2014,APA,CO,ANM,WE,Towers with Radar,0,71,106,0,177,0,10,23,2,35,0,81,129,2,212,18,14,32,244
03/19/2014,APA,CO,ANM,WE,Towers with Radar,0,113,184,6,303,0,25,449,14,488,0,138,633,20,791,506,4,510,1301
03/20/2014,APA,CO,ANM,WE,Towers with Radar,0,85,132,0,217,0,9,296,4,309,0,94,428,4,526,502,2,504,1030
03/21/2014,APA,CO,ANM,WE,Towers with Radar,1,86,114,2,203,0,12,329,5,346,1,98,443,7,549,410,2,412,961
03/22/2014,APA,CO,ANM,WE,Towers with Radar,0,70,64,0,134,0,3,30,0,33,0,73,94,0,167,126,0,126,293
03/23/2014,APA,CO,ANM,WE,Towers with Radar,0,48,121,0,169,0,13,362,0,375,0,61,483,0,544,487,0,487,1031
03/24/2014,APA,CO,ANM,WE,Towers with Radar,0,70,120,2,192,0,12,214,1,227,0,82,334,3,419,563,0,563,982
03/25/2014,APA,CO,ANM,WE,Towers with Radar,1,77,108,1,187,0,10,497,9,516,1,87,605,10,703,537,6,543,1246
03/26/2014,APA,CO,ANM,WE,Towers with Radar,0,108,164,0,272,0,5,247,6,258,0,113,411,6,530,271,6,277,807
03/27/2014,APA,CO,ANM,WE,Towers with Radar,0,79,108,12,199,0,14,199,9,222,0,93,307,21,421,276,18,294,715
03/28/2014,APA,CO,ANM,WE,Towers with Radar,0,70,133,13,216,0,11,193,12,216,0,81,326,25,432,203,10,213,645
03/29/2014,APA,CO,ANM,WE,Towers with Radar,0,84,134,0,218,0,9,494,1,504,0,93,628,1,722,746,0,746,1468
03/30/2014,APA,CO,ANM,WE,Towers with Radar,0,75,148,6,229,0,5,154,3,162,0,80,302,9,391,160,0,160,551
03/31/2014,APA,CO,ANM,WE,Towers with Radar,0,81,103,5,189,0,5,127,3,135,0,86,230,8,324,80,0,80,404
04/01/2014,APA,CO,ANM,WE,Towers with Radar,0,92,149,2,243,0,9,143,19,171,0,101,292,21,414,180,12,192,606
04/02/2014,APA,CO,ANM,WE,Towers with Radar,0,96,132,8,236,0,8,196,12,216,0,104,328,20,452,455,5,460,912
04/03/2014,APA,CO,ANM,WE,Towers with Radar,0,96,120,0,216,0,7,25,0,32,0,103,145,0,248,8,0,8,256
04/04/2014,APA,CO,ANM,WE,Towers with Radar,0,102,121,18,241,0,11,431,0,442,0,113,552,18,683,266,0,266,949
04/05/2014,APA,CO,ANM,WE,Towers with Radar,0,48,77,6,131,0,12,333,4,349,0,60,410,10,480,277,4,281,761
04/06/2014,APA,CO,ANM,WE,Towers with Radar,0,65,87,3,155,0,5,297,0,302,0,70,384,3,457,184,0,184,641
04/07/2014,APA,CO,ANM,WE,Towers with Radar,0,60,93,10,163,0,7,172,8,187,0,67,265,18,350,169,6,175,525
04/08/2014,APA,CO,ANM,WE,Towers with Radar,0,95,135,6,236,0,18,514,10,542,0,113,649,16,778,646,0,646,1424
04/09/2014,APA,CO,ANM,WE,Towers with Radar,0,121,138,8,267,0,10,325,3,338,0,131,463,11,605,484,20,504,1109
04/10/2014,APA,CO,ANM,WE,Towers with Radar,0,119,137,2,258,0,16,315,6,337,0,135,452,8,595,425,18,443,1038
04/11/2014,APA,CO,ANM,WE,Towers with Radar,0,84,140,0,224,0,18,504,0,522,0,102,644,0,746,530,0,530,1276
04/12/2014,APA,CO,ANM,WE,Towers with Radar,0,81,99,1,181,0,15,306,8,329,0,96,405,9,510,447,16,463,973
04/13/2014,APA,CO,ANM,WE,Towers with Radar,0,40,47,0,87,0,0,0,0,0,0,40,47,0,87,0,0,0,87
04/14/2014,APA,CO,ANM,WE,Towers with Radar,0,81,141,4,226,0,13,257,2,272,0,94,398,6,498,363,0,363,861
04/15/2014,APA,CO,ANM,WE,Towers with Radar,0,96,159,9,264,0,12,383,14,409,0,108,542,23,673,463,6,469,1142
04/16/2014,APA,CO,ANM,WE,Towers with Radar,0,108,174,1,283,0,14,218,0,232,0,122,392,1,515,293,0,293,808
04/17/2014,APA,CO,ANM,WE,Towers with Radar,0,114,207,3,324,0,8,313,12,333,0,122,520,15,657,530,4,534,1191
04/18/2014,APA,CO,ANM,WE,Towers with Radar,0,66,115,1,182,0,12,465,3,480,0,78,580,4,662,600,0,600,1262
04/19/2014,APA,CO,ANM,WE,Towers with Radar,2,59,51,0,112,1,2,343,0,346,3,61,394,0,458,388,0,388,846
04/20/2014,APA,CO,ANM,WE,Towers with Radar,2,50,74,0,126,0,6,216,1,223,2,56,290,1,349,338,0,338,687
04/21/2014,APA,CO,ANM,WE,Towers with Radar,0,93,152,3,248,0,14,285,6,305,0,107,437,9,553,386,30,416,969
04/22/2014,APA,CO,ANM,WE,Towers with Radar,0,144,156,9,309,0,46,311,22,379,0,190,467,31,688,401,30,431,1119
04/23/2014,APA,CO,ANM,WE,Towers with Radar,0,99,117,3,219,0,20,180,4,204,0,119,297,7,423,195,22,217,640
04/24/2014,APA,CO,ANM,WE,Towers with Radar,0,108,174,1,283,0,21,387,8,416,0,129,561,9,699,521,8,529,1228
04/25/2014,APA,CO,ANM,WE,Towers with Radar,0,105,135,33,273,0,22,495,6,523,0,127,630,39,796,606,0,606,1402
04/26/2014,APA,CO,ANM,WE,Towers with Radar,0,56,107,3,166,0,5,300,7,312,0,61,407,10,478,356,0,356,834
04/27/2014,APA,CO,ANM,WE,Towers with Radar,0,54,93,0,147,0,9,24,0,33,0,63,117,0,180,10,0,10,190
04/28/2014,APA,CO,ANM,WE,Towers with Radar,0,62,97,2,161,0,14,132,6,152,0,76,229,8,313,128,18,146,459
04/29/2014,APA,CO,ANM,WE,Towers with Radar,0,76,108,1,185,0,4,63,10,77,0,80,171,11,262,17,5,22,284
04/30/2014,APA,CO,ANM,WE,Towers with Radar,0,91,115,5,211,0,7,115,3,125,0,98,230,8,336,72,0,72,408
05/01/2014,APA,CO,ANM,WE,Towers with Radar,0,80,130,8,218,0,13,194,13,220,0,93,324,21,438,203,14,217,655
05/02/2014,APA,CO,ANM,WE,Towers with Radar,0,89,118,2,209,0,23,515,8,546,0,112,633,10,755,756,16,772,1527
05/03/2014,APA,CO,ANM,WE,Towers with Radar,1,34,64,3,102,0,7,554,8,569,1,41,618,11,671,714,14,728,1399
05/04/2014,APA,CO,ANM,WE,Towers with Radar,1,77,84,1,163,0,3,295,3,301,1,80,379,4,464,484,8,492,956
05/05/2014,APA,CO,ANM,WE,Towers with Radar,0,98,137,3,238,0,14,434,2,450,0,112,571,5,688,482,8,490,1178
05/06/2014,APA,CO,ANM,WE,Towers with Radar,0,112,135,4,251,0,7,362,10,379,0,119,497,14,630,460,4,464,1094
05/07/2014,APA,CO,ANM,WE,Towers with Radar,0,82,125,1,208,0,13,121,9,143,0,95,246,10,351,126,0,126,477
05/08/2014,APA,CO,ANM,WE,Towers with Radar,0,91,137,10,238,0,4,172,16,192,0,95,309,26,430,363,0,363,793
05/09/2014,APA,CO,ANM,WE,Towers with Radar,0,82,150,2,234,0,40,487,8,535,0,122,637,10,769,649,20,669,1438
05/10/2014,APA,CO,ANM,WE,Towers with Radar,0,49,83,6,138,0,11,388,0,399,0,60,471,6,537,659,0,659,1196
05/11/2014,APA,CO,ANM,WE,Towers with Radar,2,29,51,0,82,0,0,1,0,1,2,29,52,0,83,0,0,0,83
05/12/2014,APA,CO,ANM,WE,Towers with Radar,1,75,117,3,196,0,1,63,0,64,1,76,180,3,260,54,0,54,314
05/13/2014,APA,CO,ANM,WE,Towers with Radar,0,75,127,3,205,0,11,277,2,290,0,86,404,5,495,324,0,324,819
05/14/2014,APA,CO,ANM,WE,Towers with Radar,1,79,158,2,240,0,21,307,8,336,1,100,465,10,576,354,16,370,946
05/15/2014,APA,CO,ANM,WE,Towers with Radar,0,86,183,4,273,0,12,339,10,361,0,98,522,14,634,651,0,651,1285
05/16/2014,APA,CO,ANM,WE,Towers with Radar,0,71,132,22,225,0,9,216,12,237,0,80,348,34,462,415,0,415,877
05/17/2014,APA,CO,ANM,WE,Towers with Radar,1,54,94,14,163,1,11,431,0,443,2,65,525,14,606,670,0,670,1276
05/18/2014,APA,CO,ANM,WE,Towers with Radar,0,70,105,1,176,0,33,435,3,471,0,103,540,4,647,484,0,484,1131
05/19/2014,APA,CO,ANM,WE,Towers with Radar,0,74,104,2,180,0,12,315,0,327,0,86,419,2,507,524,0,524,1031
05/20/2014,APA,CO,ANM,WE,Towers with Radar,0,99,153,0,252,0,20,266,0,286,0,119,419,0,538,390,0,390,928
05/21/2014,APA,CO,ANM,WE,Towers with Radar,0,107,145,2,254,0,17,149,0,166,0,124,294,2,420,286,0,286,706
05/22/2014,APA,CO,ANM,WE,Towers with Radar,0,119,154,2,275,0,12,188,3,203,0,131,342,5,478,312,2,314,792
05/23/2014,APA,CO,ANM,WE,Towers with Radar,0,88,134,1,223,0,11,297,1,309,0,99,431,2,532,510,0,510,1042
05/24/2014,APA,CO,ANM,WE,Towers with Radar,0,68,58,2,128,0,3,323,1,327,0,71,381,3,455,491,0,491,946
05/25/2014,APA,CO,ANM,WE,Towers with Radar,0,38,75,3,116,0,7,169,0,176,0,45,244,3,292,290,0,290,582
05/26/2014,APA,CO,ANM,WE,Towers with Radar,0,53,91,1,145,0,9,359,0,368,0,62,450,1,513,532,0,532,1045
05/27/2014,APA,CO,ANM,WE,Towers with Radar,0,75,126,10,211,0,28,304,3,335,0,103,430,13,546,499,0,499,1045
05/28/2014,APA,CO,ANM,WE,Towers with Radar,1,142,182,1,326,0,30,376,6,412,1,172,558,7,738,511,12,523,1261
05/29/2014,APA,CO,ANM,WE,Towers with Radar,0,139,154,3,296,0,26,247,12,285,0,165,401,15,581,252,3,255,836
05/30/2014,APA,CO,ANM,WE,Towers with Radar,0,88,116,7,211,0,10,249,2,261,0,98,365,9,472,370,0,370,842
05/31/2014,APA,CO,ANM,WE,Towers with Radar,0,55,73,0,128,0,11,278,0,289,0,66,351,0,417,532,0,532,949
06/01/2014,APA,CO,ANM,WE,Towers with Radar,0,45,96,2,143,0,5,380,1,386,0,50,476,3,529,592,0,592,1121
06/02/2014,APA,CO,ANM,WE,Towers with Radar,0,93,156,0,249,0,33,349,2,384,0,126,505,2,633,523,18,541,1174
06/03/2014,APA,CO,ANM,WE,Towers with Radar,1,100,208,4,313,0,28,300,2,330,1,128,508,6,643,186,0,186,829
06/04/2014,APA,CO,ANM,WE,Towers with Radar,0,121,167,3,291,0,12,375,5,392,0,133,542,8,683,402,14,416,1099
06/05/2014,APA,CO,ANM,WE,Towers with Radar,1,108,164,6,279,0,6,309,0,315,1,114,473,6,594,249,0,249,843
06/06/2014,APA,CO,ANM,WE,Towers with Radar,0,83,134,10,227,0,12,181,7,200,0,95,315,17,427,203,8,211,638
06/07/2014,APA,CO,ANM,WE,Towers with Radar,0,63,62,6,131,0,11,210,10,231,0,74,272,16,362,338,12,350,712
06/08/2014,APA,CO,ANM,WE,Towers with Radar,0,64,121,0,185,0,12,157,4,173,0,76,278,4,358,272,2,274,632
06/09/2014,APA,CO,ANM,WE,Towers with Radar,0,72,147,8,227,0,14,406,20,440,0,86,553,28,667,571,22,593,1260
06/10/2014,APA,CO,ANM,WE,Towers with Radar,0,96,149,1,246,0,22,436,15,473,0,118,585,16,719,530,14,544,1263
06/11/2014,APA,CO,ANM,WE,Towers with Radar,0,87,139,6,232,0,22,292,6,320,0,109,431,12,552,296,0,296,848
06/12/2014,APA,CO,ANM,WE,Towers with Radar,0,99,194,6,299,0,17,320,3,340,0,116,514,9,639,598,10,608,1247
06/13/2014,APA,CO,ANM,WE,Towers with Radar,0,99,190,12,301,0,15,338,24,377,0,114,528,36,678,467,42,509,1187
06/14/2014,APA,CO,ANM,WE,Towers with Radar,0,53,68,15,136,0,5,272,0,277,0,58,340,15,413,479,0,479,892
06/15/2014,APA,CO,ANM,WE,Towers with Radar,0,56,136,5,197,0,10,367,6,383,0,66,503,11,580,426,4,430,1010
06/16/2014,APA,CO,ANM,WE,Towers with Radar,0,118,190,5,313,0,10,279,5,294,0,128,469,10,607,190,30,220,827
06/17/2014,APA,CO,ANM,WE,Towers with Radar,0,144,190,5,339,0,19,355,13,387,0,163,545,18,726,419,78,497,1223
06/18/2014,APA,CO,ANM,WE,Towers with Radar,0,106,141,1,248,0,28,226,2,256,0,134,367,3,504,236,0,236,740
06/19/2014,APA,CO,ANM,WE,Towers with Radar,0,91,199,14,304,0,35,426,11,472,0,126,625,25,776,532,6,538,1314
06/20/2014,APA,CO,ANM,WE,Towers with Radar,0,81,169,6,256,0,11,565,1,577,0,92,734,7,833,725,2,727,1560
06/21/2014,APA,CO,ANM,WE,Towers with Radar,0,88,67,7,162,0,11,581,0,592,0,99,648,7,754,571,0,571,1325
06/22/2014,APA,CO,ANM,WE,Towers with Radar,3,59,89,4,155,0,27,286,0,313,3,86,375,4,468,352,0,352,820
06/23/2014,APA,CO,ANM,WE,Towers with Radar,1,79,157,3,240,1,22,253,6,282,2,101,410,9,522,291,14,305,827
06/24/2014,APA,CO,ANM,WE,Towers with Radar,0,91,163,2,256,0,15,259,1,275,0,106,422,3,531,445,0,445,976
06/25/2014,APA,CO,ANM,WE,Towers with Radar,0,125,190,5,320,0,21,461,7,489,0,146,651,12,809,328,2,330,1139
06/26/2014,APA,CO,ANM,WE,Towers with Radar,0,106,175,9,290,0,26,335,7,368,0,132,510,16,658,458,0,458,1116
06/27/2014,APA,CO,ANM,WE,Towers with Radar,0,100,148,12,260,0,19,260,0,279,0,119,408,12,539,476,6,482,1021
06/28/2014,APA,CO,ANM,WE,Towers with Radar,0,64,84,9,157,0,9,364,2,375,0,73,448,11,532,464,1,465,997
06/29/2014,APA,CO,ANM,WE,Towers with Radar,0,59,103,2,164,0,8,328,1,337,0,67,431,3,501,528,0,528,1029
06/30/2014,APA,CO,ANM,WE,Towers with Radar,0,76,140,0,216,0,14,319,8,341,0,90,459,8,557,403,12,415,972
07/01/2014,APA,CO,ANM,WE,Towers with Radar,0,106,122,5,233,0,20,346,11,377,0,126,468,16,610,424,12,436,1046
07/02/2014,APA,CO,ANM,WE,Towers with Radar,0,133,202,3,338,0,21,273,13,307,0,154,475,16,645,541,8,549,1194
07/03/2014,APA,CO,ANM,WE,Towers with Radar,0,76,187,5,268,0,16,289,1,306,0,92,476,6,574,426,14,440,1014
07/04/2014,APA,CO,ANM,WE,Towers with Radar,0,56,40,0,96,0,10,274,3,287,0,66,314,3,383,367,0,367,750
07/05/2014,APA,CO,ANM,WE,Towers with Radar,0,43,44,0,87,0,8,255,1,264,0,51,299,1,351,270,0,270,621
07/06/2014,APA,CO,ANM,WE,Towers with Radar,0,77,151,0,228,0,26,260,1,287,0,103,411,1,515,350,2,352,867
07/07/2014,APA,CO,ANM,WE,Towers with Radar,4,72,115,2,193,1,14,268,5,288,5,86,383,7,481,218,8,226,707
07/08/2014,APA,CO,ANM,WE,Towers with Radar,0,124,189,4,317,0,7,212,5,224,0,131,401,9,541,394,0,394,935
07/09/2014,APA,CO,ANM,WE,Towers with Radar,0,85,156,4,245,0,19,145,8,172,0,104,301,12,417,92,0,92,509
07/10/2014,APA,CO,ANM,WE,Towers with Radar,0,73,200,5,278,0,17,348,14,379,0,90,548,19,657,418,10,428,1085
07/11/2014,APA,CO,ANM,WE,Towers with Radar,0,79,141,13,233,0,10,378,15,403,0,89,519,28,636,458,14,472,1108
07/12/2014,APA,CO,ANM,WE,Towers with Radar,0,55,87,15,157,0,2,233,0,235,0,57,320,15,392,477,0,477,869
07/13/2014,APA,CO,ANM,WE,Towers with Radar,0,82,171,4,257,0,7,334,0,341,0,89,505,4,598,495,0,495,1093
07/14/2014,APA,CO,ANM,WE,Towers with Radar,0,100,121,4,225,0,22,290,4,316,0,122,411,8,541,352,14,366,907
07/15/2014,APA,CO,ANM,WE,Towers with Radar,0,73,153,7,233,0,18,141,1,160,0,91,294,8,393,270,0,270,663
07/16/2014,APA,CO,ANM,WE,Towers with Radar,0,86,133,4,223,0,5,171,1,177,0,91,304,5,400,338,0,338,738
07/17/2014,APA,CO,ANM,WE,Towers with Radar,0,96,174,9,279,0,8,248,22,278,0,104,422,31,557,346,0,346,903
07/18/2014,APA,CO,ANM,WE,Towers with Radar,0,110,170,14,294,0,22,430,4,456,0,132,600,18,750,612,12,624,1374
07/19/2014,APA,CO,ANM,WE,Towers with Radar,0,87,110,4,201,0,10,513,4,527,0,97,623,8,728,581,2,583,1311
07/20/2014,APA,CO,ANM,WE,Towers with Radar,0,93,160,1,254,1,1,248,0,250,1,94,408,1,504,338,0,338,842
07/21/2014,APA,CO,ANM,WE,Towers with Radar,0,111,183,1,295,0,20,281,4,305,0,131,464,5,600,348,4,352,952
07/22/2014,APA,CO,ANM,WE,Towers with Radar,0,93,153,5,251,0,11,232,2,245,0,104,385,7,496,222,0,222,718
07/23/2014,APA,CO,ANM,WE,Towers with Radar,0,118,202,9,329,0,14,242,8,264,0,132,444,17,593,274,2,276,869
07/24/2014,APA,CO,ANM,WE,Towers with Radar,0,128,204,2,334,0,8,243,2,253,0,136,447,4,587,342,2,344,931
07/25/2014,APA,CO,ANM,WE,Towers with Radar,0,113,164,3,280,0,9,271,2,282,0,122,435,5,562,405,0,405,967
07/26/2014,APA,CO,ANM,WE,Towers with Radar,0,85,128,0,213,0,8,270,11,289,0,93,398,11,502,482,0,482,984
07/27/2014,APA,CO,ANM,WE,Towers with Radar,0,80,133,2,215,0,10,162,0,172,0,90,295,2,387,342,0,342,729
07/28/2014,APA,CO,ANM,WE,Towers with Radar,0,77,120,0,197,0,22,180,2,204,0,99,300,2,401,336,3,339,740
07/29/2014,APA,CO,ANM,WE,Towers with Radar,2,118,135,7,262,0,16,211,2,229,2,134,346,9,491,203,0,203,694
07/30/2014,APA,CO,ANM,WE,Towers with Radar,0,80,137,6,223,0,0,3,1,4,0,80,140,7,227,6,0,6,233
07/31/2014,APA,CO,ANM,WE,Towers with Radar,0,75,184,9,268,0,6,184,4,194,0,81,368,13,462,333,4,337,799
08/01/2014,APA,CO,ANM,WE,Towers with Radar,0,123,161,29,313,0,14,327,13,354,0,137,488,42,667,560,12,572,1239
08/02/2014,APA,CO,ANM,WE,Towers with Radar,0,100,104,18,222,0,9,360,6,375,0,109,464,24,597,524,0,524,1121
08/03/2014,APA,CO,ANM,WE,Towers with Radar,0,94,150,3,247,0,11,325,2,338,0,105,475,5,585,498,0,498,1083
08/04/2014,APA,CO,ANM,WE,Towers with Radar,0,72,132,0,204,0,20,270,1,291,0,92,402,1,495,405,10,415,910
08/05/2014,APA,CO,ANM,WE,Towers with Radar,0,124,163,4,291,0,25,322,15,362,0,149,485,19,653,473,0,473,1126
08/06/2014,APA,CO,ANM,WE,Towers with Radar,0,108,159,5,272,0,6,373,7,386,0,114,532,12,658,448,0,448,1106
08/07/2014,APA,CO,ANM,WE,Towers with Radar,0,129,158,9,296,0,21,235,0,256,0,150,393,9,552,294,0,294,846
08/08/2014,APA,CO,ANM,WE,Towers with Radar,0,93,198,21,312,0,17,339,3,359,0,110,537,24,671,500,20,520,1191
08/09/2014,APA,CO,ANM,WE,Towers with Radar,0,63,99,4,166,0,4,449,4,457,0,67,548,8,623,570,0,570,1193
08/10/2014,APA,CO,ANM,WE,Towers with Radar,0,71,152,3,226,0,13,343,6,362,0,84,495,9,588,530,6,536,1124
08/11/2014,APA,CO,ANM,WE,Towers with Radar,0,81,157,0,238,0,11,364,6,381,0,92,521,6,619,536,18,554,1173
08/12/2014,APA,CO,ANM,WE,Towers with Radar,0,90,149,1,240,0,13,377,11,401,0,103,526,12,641,493,50,543,1184
08/13/2014,APA,CO,ANM,WE,Towers with Radar,0,106,215,5,326,0,8,325,4,337,0,114,540,9,663,493,6,499,1162
08/14/2014,APA,CO,ANM,WE,Towers with Radar,0,110,226,20,356,0,19,231,5,255,0,129,457,25,611,378,2,380,991
08/15/2014,APA,CO,ANM,WE,Towers with Radar,0,98,168,12,278,0,11,288,16,315,0,109,456,28,593,401,4,405,998
08/16/2014,APA,CO,ANM,WE,Towers with Radar,0,76,85,5,166,0,8,383,16,407,0,84,468,21,573,561,22,583,1156
08/17/2014,APA,CO,ANM,WE,Towers with Radar,0,84,176,5,265,0,8,324,1,333,0,92,500,6,598,454,0,454,1052
08/18/2014,APA,CO,ANM,WE,Towers with Radar,0,72,196,4,272,0,6,241,1,248,0,78,437,5,520,411,6,417,937
08/19/2014,APA,CO,ANM,WE,Towers with Radar,0,124,168,2,294,0,15,272,5,292,0,139,440,7,586,487,0,487,1073
08/20/2014,APA,CO,ANM,WE,Towers with Radar,0,131,193,3,327,0,19,235,1,255,0,150,428,4,582,228,18,246,828
08/21/2014,APA,CO,ANM,WE,Towers with Radar,0,89,178,8,275,0,17,299,13,329,0,106,477,21,604,516,14,530,1134
08/22/2014,APA,CO,ANM,WE,Towers with Radar,0,108,176,9,293,0,30,237,3,270,0,138,413,12,563,378,6,384,947
08/23/2014,APA,CO,ANM,WE,Towers with Radar,0,59,92,8,159,0,13,430,6,449,0,72,522,14,608,538,12,550,1158
08/24/2014,APA,CO,ANM,WE,Towers with Radar,1,60,121,10,192,1,11,333,4,349,2,71,454,14,541,466,0,466,1007
08/25/2014,APA,CO,ANM,WE,Towers with Radar,2,79,150,16,247,0,12,286,6,304,2,91,436,22,551,390,7,397,948
08/26/2014,APA,CO,ANM,WE,Towers with Radar,0,97,146,2,245,0,13,308,2,323,0,110,454,4,568,404,2,406,974
08/27/2014,APA,CO,ANM,WE,Towers with Radar,1,88,144,2,235,0,25,327,7,359,1,113,471,9,594,498,0,498,1092
08/28/2014,APA,CO,ANM,WE,Towers with Radar,0,100,172,9,281,0,10,234,1,245,0,110,406,10,526,406,2,408,934
08/29/2014,APA,CO,ANM,WE,Towers with Radar,0,103,165,4,272,0,10,432,12,454,0,113,597,16,726,670,8,678,1404
08/30/2014,APA,CO,ANM,WE,Towers with Radar,0,56,70,12,138,0,10,356,0,366,0,66,426,12,504,388,4,392,896
08/31/2014,APA,CO,ANM,WE,Towers with Radar,0,56,72,2,130,0,9,211,0,220,0,65,283,2,350,233,0,233,583
09/01/2014,APA,CO,ANM,WE,Towers with Radar,0,84,134,1,219,0,27,377,2,406,0,111,511,3,625,453,0,453,1078
09/02/2014,APA,CO,ANM,WE,Towers with Radar,0,97,140,11,248,0,20,370,9,399,0,117,510,20,647,559,42,601,1248
09/03/2014,APA,CO,ANM,WE,Towers with Radar,0,140,150,16,306,0,22,264,12,298,0,162,414,28,604,360,16,376,980
09/04/2014,APA,CO,ANM,WE,Towers with Radar,0,81,144,16,241,0,16,306,11,333,0,97,450,27,574,374,12,386,960
09/05/2014,APA,CO,ANM,WE,Towers with Radar,0,112,153,10,275,0,22,233,5,260,0,134,386,15,535,469,6,475,1010
09/06/2014,APA,CO,ANM,WE,Towers with Radar,0,71,85,7,163,0,18,388,1,407,0,89,473,8,570,717,0,717,1287
09/07/2014,APA,CO,ANM,WE,Towers with Radar,2,84,162,0,248,1,14,350,0,365,3,98,512,0,613,460,0,460,1073
09/08/2014,APA,CO,ANM,WE,Towers with Radar,0,72,176,5,253,0,29,289,9,327,0,101,465,14,580,354,36,390,970
09/09/2014,APA,CO,ANM,WE,Towers with Radar,0,88,119,2,209,0,20,194,14,228,0,108,313,16,437,414,22,436,873
09/10/2014,APA,CO,ANM,WE,Towers with Radar,0,61,221,7,289,0,14,255,4,273,0,75,476,11,562,568,24,592,1154
09/11/2014,APA,CO,ANM,WE,Towers with Radar,0,91,180,7,278,0,1,8,0,9,0,92,188,7,287,0,0,0,287
09/12/2014,APA,CO,ANM,WE,Towers with Radar,0,78,116,4,198,0,20,106,6,132,0,98,222,10,330,214,10,224,554
09/13/2014,APA,CO,ANM,WE,Towers with Radar,0,45,70,10,125,0,14,420,7,441,0,59,490,17,566,684,10,694,1260
09/14/2014,APA,CO,ANM,WE,Towers with Radar,0,34,128,5,167,0,4,318,4,326,0,38,446,9,493,404,4,408,901
09/15/2014,APA,CO,ANM,WE,Towers with Radar,0,71,142,3,216,0,17,286,2,305,0,88,428,5,521,390,2,392,913
09/16/2014,APA,CO,ANM,WE,Towers with Radar,0,85,143,2,230,0,18,267,2,287,0,103,410,4,517,350,6,356,873
09/17/2014,APA,CO,ANM,WE,Towers with Radar,0,93,162,5,260,0,12,319,18,349,0,105,481,23,609,546,22,568,1177
09/18/2014,APA,CO,ANM,WE,Towers with Radar,0,86,121,4,211,0,28,274,2,304,0,114,395,6,515,483,0,483,998
09/19/2014,APA,CO,ANM,WE,Towers with Radar,0,72,119,16,207,0,9,404,5,418,0,81,523,21,625,348,8,356,981
09/20/2014,APA,CO,ANM,WE,Towers with Radar,0,49,49,3,101,0,19,590,7,616,0,68,639,10,717,450,4,454,1171
09/21/2014,APA,CO,ANM,WE,Towers with Radar,0,68,94,2,164,0,7,233,4,244,0,75,327,6,408,340,3,343,751
09/22/2014,APA,CO,ANM,WE,Towers with Radar,0,69,119,3,191,0,10,172,5,187,0,79,291,8,378,308,8,316,694
09/23/2014,APA,CO,ANM,WE,Towers with Radar,0,68,141,8,217,0,16,299,18,333,0,84,440,26,550,472,54,526,1076
09/24/2014,APA,CO,ANM,WE,Towers with Radar,1,98,151,15,265,0,11,343,5,359,1,109,494,20,624,420,16,436,1060
09/25/2014,APA,CO,ANM,WE,Towers with Radar,0,76,256,5,337,0,19,356,17,392,0,95,612,22,729,408,33,441,1170
09/26/2014,APA,CO,ANM,WE,Towers with Radar,0,76,168,12,256,0,12,356,4,372,0,88,524,16,628,478,0,478,1106
09/27/2014,APA,CO,ANM,WE,Towers with Radar,9,43,70,4,126,0,5,402,0,407,9,48,472,4,533,569,0,569,1102
09/28/2014,APA,CO,ANM,WE,Towers with Radar,0,109,168,4,281,0,8,212,0,220,0,117,380,4,501,340,0,340,841
09/29/2014,APA,CO,ANM,WE,Towers with Radar,0,88,152,0,240,0,6,21,0,27,0,94,173,0,267,141,0,141,408
09/30/2014,APA,CO,ANM,WE,Towers with Radar,0,96,164,4,264,0,16,243,11,270,0,112,407,15,534,194,26,220,754
10/01/2014,APA,CO,ANM,WE,Towers with Radar,0,93,172,0,265,0,12,147,2,161,0,105,319,2,426,262,12,274,700
10/02/2014,APA,CO,ANM,WE,Towers with Radar,0,91,164,3,258,0,10,199,8,217,0,101,363,11,475,350,14,364,839
10/03/2014,APA,CO,ANM,WE,Towers with Radar,0,95,147,3,245,0,10,308,5,323,0,105,455,8,568,589,0,589,1157
10/04/2014,APA,CO,ANM,WE,Towers with Radar,0,48,71,8,127,0,5,298,0,303,0,53,369,8,430,452,0,452,882
10/05/2014,APA,CO,ANM,WE,Towers with Radar,0,58,126,5,189,0,5,267,2,274,0,63,393,7,463,320,2,322,785
10/06/2014,APA,CO,ANM,WE,Towers with Radar,0,53,131,3,187,0,13,232,5,250,0,66,363,8,437,234,2,236,673
10/07/2014,APA,CO,ANM,WE,Towers with Radar,0,84,141,0,225,0,18,294,11,323,0,102,435,11,548,504,44,548,1096
10/08/2014,APA,CO,ANM,WE,Towers with Radar,1,75,138,0,214,0,13,345,11,369,1,88,483,11,583,550,18,568,1151
10/09/2014,APA,CO,ANM,WE,Towers with Radar,2,90,127,3,222,0,12,137,1,150,2,102,264,4,372,119,0,119,491
10/10/2014,APA,CO,ANM,WE,Towers with Radar,0,68,134,1,203,0,16,130,1,147,0,84,264,2,350,378,0,378,728
10/11/2014,APA,CO,ANM,WE,Towers with Radar,0,56,76,4,136,0,8,334,3,345,0,64,410,7,481,492,12,504,985
10/12/2014,APA,CO,ANM,WE,Towers with Radar,0,37,100,2,139,0,9,74,0,83,0,46,174,2,222,94,0,94,316
10/13/2014,APA,CO,ANM,WE,Towers with Radar,0,59,103,3,165,0,20,252,1,273,0,79,355,4,438,212,0,212,650
10/14/2014,APA,CO,ANM,WE,Towers with Radar,0,83,125,2,210,0,8,263,6,277,0,91,388,8,487,441,16,457,944
10/15/2014,APA,CO,ANM,WE,Towers with Radar,0,84,143,0,227,0,7,358,14,379,0,91,501,14,606,374,24,398,1004
10/16/2014,APA,CO,ANM,WE,Towers with Radar,0,79,148,3,230,0,14,294,0,308,0,93,442,3,538,276,0,276,814
10/17/2014,APA,CO,ANM,WE,Towers with Radar,2,68,125,3,198,0,15,375,7,397,2,83,500,10,595,485,17,502,1097
10/18/2014,APA,CO,ANM,WE,Towers with Radar,0,53,62,7,122,0,26,330,18,374,0,79,392,25,496,616,42,658,1154
10/19/2014,APA,CO,ANM,WE,Towers with Radar,0,46,139,11,196,0,9,291,7,307,0,55,430,18,503,370,2,372,875
10/20/2014,APA,CO,ANM,WE,Towers with Radar,0,61,137,2,200,0,12,241,2,255,0,73,378,4,455,326,0,326,781
10/21/2014,APA,CO,ANM,WE,Towers with Radar,0,79,117,4,200,0,12,228,6,246,0,91,345,10,446,476,7,483,929
10/22/2014,APA,CO,ANM,WE,Towers with Radar,0,68,148,0,216,0,11,269,7,287,0,79,417,7,503,351,26,377,880
10/23/2014,APA,CO,ANM,WE,Towers with Radar,0,80,145,3,228,0,10,286,5,301,0,90,431,8,529,474,14,488,1017
10/24/2014,APA,CO,ANM,WE,Towers with Radar,0,57,137,12,206,0,5,405,2,412,0,62,542,14,618,448,2,450,1068
10/25/2014,APA,CO,ANM,WE,Towers with Radar,0,42,62,7,111,0,18,417,14,449,0,60,479,21,560,606,2,608,1168
10/26/2014,APA,CO,ANM,WE,Towers with Radar,0,41,93,7,141,0,13,275,1,289,0,54,368,8,430,556,0,556,986
10/27/2014,APA,CO,ANM,WE,Towers with Radar,0,61,111,0,172,0,12,137,3,152,0,73,248,3,324,269,12,281,605
10/28/2014,APA,CO,ANM,WE,Towers with Radar,0,92,98,2,192,0,8,190,3,201,0,100,288,5,393,295,2,297,690
10/29/2014,APA,CO,ANM,WE,Towers with Radar,0,79,129,7,215,0,10,312,2,324,0,89,441,9,539,473,0,473,1012
10/30/2014,APA,CO,ANM,WE,Towers with Radar,0,73,121,5,199,0,12,327,6,345,0,85,448,11,544,410,16,426,970
10/31/2014,APA,CO,ANM,WE,Towers with Radar,0,62,90,9,161,0,5,357,17,379,0,67,447,26,540,420,56,476,1016
11/01/2014,APA,CO,ANM,WE,Towers with Radar,0,28,51,8,87,0,6,244,3,253,0,34,295,11,340,268,38,306,646
11/02/2014,APA,CO,ANM,WE,Towers with Radar,0,52,75,16,143,0,14,170,5,189,0,66,245,21,332,388,0,388,720
11/03/2014,APA,CO,ANM,WE,Towers with Radar,0,66,111,5,182,0,3,6,3,12,0,69,117,8,194,4,2,6,200
11/04/2014,APA,CO,ANM,WE,Towers with Radar,0,84,150,2,236,0,5,243,7,255,0,89,393,9,491,392,30,422,913
11/05/2014,APA,CO,ANM,WE,Towers with Radar,0,96,131,3,230,0,3,237,1,241,0,99,368,4,471,487,20,507,978
11/06/2014,APA,CO,ANM,WE,Towers with Radar,0,68,141,5,214,0,16,221,10,247,0,84,362,15,461,376,18,394,855
11/07/2014,APA,CO,ANM,WE,Towers with Radar,0,80,117,6,203,0,17,343,8,368,0,97,460,14,571,470,24,494,1065
11/08/2014,APA,CO,ANM,WE,Towers with Radar,0,37,47,0,84,0,12,364,1,377,0,49,411,1,461,576,2,578,1039
11/09/2014,APA,CO,ANM,WE,Towers with Radar,0,42,90,1,133,0,9,207,3,219,0,51,297,4,352,372,0,372,724
11/10/2014,APA,CO,ANM,WE,Towers with Radar,0,59,89,1,149,0,0,42,0,42,0,59,131,1,191,96,0,96,287
11/11/2014,APA,CO,ANM,WE,Towers with Radar,0,69,82,1,152,0,3,1,0,4,0,72,83,1,156,0,0,0,156
11/12/2014,APA,CO,ANM,WE,Towers with Radar,1,63,104,5,173,0,1,0,0,1,1,64,104,5,174,0,0,0,174
11/13/2014,APA,CO,ANM,WE,Towers with Radar,0,70,122,0,192,0,10,119,3,132,0,80,241,3,324,116,23,139,463
11/14/2014,APA,CO,ANM,WE,Towers with Radar,0,80,96,6,182,0,12,349,6,367,0,92,445,12,549,530,12,542,1091
11/15/2014,APA,CO,ANM,WE,Towers with Radar,0,38,34,4,76,0,0,5,0,5,0,38,39,4,81,12,0,12,93
11/16/2014,APA,CO,ANM,WE,Towers with Radar,0,69,115,2,186,0,5,122,0,127,0,74,237,2,313,228,0,228,541
11/17/2014,APA,CO,ANM,WE,Towers with Radar,0,65,95,9,169,0,24,145,3,172,0,89,240,12,341,150,20,170,511
11/18/2014,APA,CO,ANM,WE,Towers with Radar,0,87,115,7,209,0,10,237,12,259,0,97,352,19,468,238,16,254,722
11/19/2014,APA,CO,ANM,WE,Towers with Radar,0,100,115,3,218,0,7,283,6,296,0,107,398,9,514,311,20,331,845
11/20/2014,APA,CO,ANM,WE,Towers with Radar,0,82,132,6,220,0,5,343,5,353,0,87,475,11,573,545,16,561,1134
11/21/2014,APA,CO,ANM,WE,Towers with Radar,0,89,143,2,234,0,8,426,9,443,0,97,569,11,677,668,22,690,1367
11/22/2014,APA,CO,ANM,WE,Towers with Radar,0,56,65,3,124,0,14,211,0,225,0,70,276,3,349,296,0,296,645
11/23/2014,APA,CO,ANM,WE,Towers with Radar,0,48,87,1,136,0,7,64,1,72,0,55,151,2,208,112,0,112,320
11/24/2014,APA,CO,ANM,WE,Towers with Radar,0,65,100,19,184,0,14,91,3,108,0,79,191,22,292,104,8,112,404
11/25/2014,APA,CO,ANM,WE,Towers with Radar,0,80,99,4,183,0,34,93,0,127,0,114,192,4,310,92,0,92,402
11/26/2014,APA,CO,ANM,WE,Towers with Radar,0,76,126,2,204,0,16,211,0,227,0,92,337,2,431,383,0,383,814
11/27/2014,APA,CO,ANM,WE,Towers with Radar,0,25,12,0,37,0,4,108,0,112,0,29,120,0,149,222,0,222,371
11/28/2014,APA,CO,ANM,WE,Towers with Radar,0,55,50,2,107,0,11,311,0,322,0,66,361,2,429,402,0,402,831
11/29/2014,APA,CO,ANM,WE,Towers with Radar,0,66,70,0,136,0,10,169,2,181,0,76,239,2,317,196,0,196,513
11/30/2014,APA,CO,ANM,WE,Towers with Radar,0,56,146,1,203,0,4,136,0,140,0,60,282,1,343,310,0,310,653
12/01/2014,APA,CO,ANM,WE,Towers with Radar,0,61,109,5,175,0,15,239,5,259,0,76,348,10,434,312,10,322,756
12/02/2014,APA,CO,ANM,WE,Towers with Radar,0,95,121,5,221,0,10,242,14,266,0,105,363,19,487,448,36,484,971
12/03/2014,APA,CO,ANM,WE,Towers with Radar,0,66,146,2,214,0,7,226,7,240,0,73,372,9,454,262,16,278,732
12/04/2014,APA,CO,ANM,WE,Towers with Radar,0,81,121,0,202,0,18,268,9,295,0,99,389,9,497,464,0,464,961
12/05/2014,APA,CO,ANM,WE,Towers with Radar,0,86,108,14,208,0,10,407,13,430,0,96,515,27,638,528,26,554,1192
12/06/2014,APA,CO,ANM,WE,Towers with Radar,0,43,85,4,132,0,6,363,8,377,0,49,448,12,509,592,13,605,1114
12/07/2014,APA,CO,ANM,WE,Towers with Radar,1,40,117,1,159,0,3,302,1,306,1,43,419,2,465,338,0,338,803
12/08/2014,APA,CO,ANM,WE,Towers with Radar,1,61,98,8,168,0,10,239,11,260,1,71,337,19,428,356,14,370,798
12/09/2014,APA,CO,ANM,WE,Towers with Radar,0,72,106,2,180,0,7,196,17,220,0,79,302,19,400,300,44,344,744
12/10/2014,APA,CO,ANM,WE,Towers with Radar,0,74,128,7,209,0,10,297,15,322,0,84,425,22,531,420,8,428,959
12/11/2014,APA,CO,ANM,WE,Towers with Radar,0,77,127,9,213,0,13,359,20,392,0,90,486,29,605,594,28,622,1227
12/12/2014,APA,CO,ANM,WE,Towers with Radar,0,69,132,3,204,0,17,353,9,379,0,86,485,12,583,543,18,561,1144
12/13/2014,APA,CO,ANM,WE,Towers with Radar,0,50,76,2,128,0,43,314,1,358,0,93,390,3,486,403,0,403,889
12/14/2014,APA,CO,ANM,WE,Towers with Radar,0,49,57,2,108,0,0,0,0,0,0,49,57,2,108,0,0,0,108
12/15/2014,APA,CO,ANM,WE,Towers with Radar,0,61,108,14,183,0,12,220,15,247,0,73,328,29,430,264,12,276,706
12/16/2014,APA,CO,ANM,WE,Towers with Radar,0,69,99,6,174,0,5,219,27,251,0,74,318,33,425,386,32,418,843
12/17/2014,APA,CO,ANM,WE,Towers with Radar,0,93,131,4,228,0,4,186,5,195,0,97,317,9,423,368,4,372,795
12/18/2014,APA,CO,ANM,WE,Towers with Radar,0,92,143,3,238,0,16,305,3,324,0,108,448,6,562,598,12,610,1172
12/19/2014,APA,CO,ANM,WE,Towers with Radar,0,80,119,8,207,0,9,422,7,438,0,89,541,15,645,678,0,678,1323
12/20/2014,APA,CO,ANM,WE,Towers with Radar,0,45,84,0,129,0,8,425,5,438,0,53,509,5,567,618,10,628,1195
12/21/2014,APA,CO,ANM,WE,Towers with Radar,0,48,78,0,126,0,0,145,0,145,0,48,223,0,271,285,0,285,556
12/22/2014,APA,CO,ANM,WE,Towers with Radar,0,64,59,2,125,0,1,11,0,12,0,65,70,2,137,32,0,32,169
12/23/2014,APA,CO,ANM,WE,Towers with Radar,0,70,75,0,145,0,7,31,0,38,0,77,106,0,183,0,0,0,183
12/24/2014,APA,CO,ANM,WE,Towers with Radar,0,54,52,0,106,0,10,155,0,165,0,64,207,0,271,302,0,302,573
12/25/2014,APA,CO,ANM,WE,Towers with Radar,0,38,23,0,61,0,0,3,0,3,0,38,26,0,64,24,0,24,88
12/26/2014,APA,CO,ANM,WE,Towers with Radar,0,82,99,0,181,0,1,2,0,3,0,83,101,0,184,0,0,0,184
12/27/2014,APA,CO,ANM,WE,Towers with Radar,0,76,161,0,237,0,6,194,0,200,0,82,355,0,437,187,0,187,624
12/28/2014,APA,CO,ANM,WE,Towers with Radar,0,69,128,0,197,0,2,131,0,133,0,71,259,0,330,312,0,312,642
12/29/2014,APA,CO,ANM,WE,Towers with Radar,0,41,52,0,93,0,0,0,0,0,0,41,52,0,93,0,0,0,93
12/30/2014,APA,CO,ANM,WE,Towers with Radar,0,59,61,4,124,0,5,5,0,10,0,64,66,4,134,0,0,0,134
12/31/2014,APA,CO,ANM,WE,Towers with Radar,0,72,80,1,153,0,17,115,0,132,0,89,195,1,285,181,0,181,466
01/01/2015,APA,CO,ANM,WE,Towers with Radar,0,43,40,0,83,0,1,71,0,72,0,44,111,0,155,106,0,106,261
01/02/2015,APA,CO,ANM,WE,Towers with Radar,0,76,86,4,166,0,12,223,1,236,0,88,309,5,402,212,0,212,614
01/03/2015,APA,CO,ANM,WE,Towers with Radar,0,63,88,0,151,0,4,46,1,51,0,67,134,1,202,126,0,126,328
01/04/2015,APA,CO,ANM,WE,Towers with Radar,0,62,127,0,189,0,1,150,1,152,0,63,277,1,341,188,0,188,529
01/05/2015,APA,CO,ANM,WE,Towers with Radar,0,61,90,0,151,0,4,135,2,141,0,65,225,2,292,178,13,191,483
01/06/2015,APA,CO,ANM,WE,Towers with Radar,0,66,97,8,171,0,13,208,17,238,0,79,305,25,409,234,6,240,649
01/07/2015,APA,CO,ANM,WE,Towers with Radar,1,49,94,1,145,0,3,59,2,64,1,52,153,3,209,110,1,111,320
01/08/2015,APA,CO,ANM,WE,Towers with Radar,0,63,124,2,189,0,9,200,5,214,0,72,324,7,403,238,1,239,642
01/09/2015,APA,CO,ANM,WE,Towers with Radar,0,76,113,0,189,0,1,79,4,84,0,77,192,4,273,78,2,80,353
01/10/2015,APA,CO,ANM,WE,Towers with Radar,0,41,85,1,127,0,8,412,1,421,0,49,497,2,548,599,6,605,1153
01/11/2015,APA,CO,ANM,WE,Towers with Radar,0,64,99,1,164,0,8,137,0,145,0,72,236,1,309,492,0,492,801
01/12/2015,APA,CO,ANM,WE,Towers with Radar,0,64,113,10,187,0,0,1,0,1,0,64,114,10,188,0,0,0,188
01/13/2015,APA,CO,ANM,WE,Towers with Radar,0,63,92,2,157,0,2,1,0,3,0,65,93,2,160,0,0,0,160
01/14/2015,APA,CO,ANM,WE,Towers with Radar,0,73,208,5,286,0,11,234,10,255,0,84,442,15,541,416,8,424,965
01/15/2015,APA,CO,ANM,WE,Towers with Radar,0,74,167,5,246,0,18,303,6,327,0,92,470,11,573,728,18,746,1319
01/16/2015,APA,CO,ANM,WE,Towers with Radar,0,80,120,10,210,0,14,241,1,256,0,94,361,11,466,473,0,473,939
01/17/2015,APA,CO,ANM,WE,Towers with Radar,0,38,63,2,103,0,8,202,2,212,0,46,265,4,315,224,0,224,539
01/18/2015,APA,CO,ANM,WE,Towers with Radar,0,44,77,0,121,0,3,153,2,158,0,47,230,2,279,91,0,91,370
01/19/2015,APA,CO,ANM,WE,Towers with Radar,0,61,137,4,202,0,8,332,10,350,0,69,469,14,552,508,22,530,1082
01/20/2015,APA,CO,ANM,WE,Towers with Radar,0,84,125,2,211,0,5,198,6,209,0,89,323,8,420,433,2,435,855
01/21/2015,APA,CO,ANM,WE,Towers with Radar,0,57,87,0,144,0,0,1,0,1,0,57,88,0,145,0,0,0,145
01/22/2015,APA,CO,ANM,WE,Towers with Radar,0,77,124,4,205,0,16,280,6,302,0,93,404,10,507,533,12,545,1052
01/23/2015,APA,CO,ANM,WE,Towers with Radar,0,50,121,18,189,0,13,297,11,321,0,63,418,29,510,502,16,518,1028
01/24/2015,APA,CO,ANM,WE,Towers with Radar,0,43,52,10,105,0,5,296,20,321,0,48,348,30,426,459,81,540,966
01/25/2015,APA,CO,ANM,WE,Towers with Radar,0,46,101,6,153,0,2,280,10,292,0,48,381,16,445,402,0,402,847
01/26/2015,APA,CO,ANM,WE,Towers with Radar,0,40,118,2,160,0,8,284,5,297,0,48,402,7,457,502,10,512,969
01/27/2015,APA,CO,ANM,WE,Towers with Radar,0,74,108,0,182,0,13,319,2,334,0,87,427,2,516,558,0,558,1074
01/28/2015,APA,CO,ANM,WE,Towers with Radar,0,85,132,8,225,0,8,185,9,202,0,93,317,17,427,310,16,326,753
01/29/2015,APA,CO,ANM,WE,Towers with Radar,0,91,139,8,238,0,14,279,9,302,0,105,418,17,540,484,12,496,1036
01/30/2015,APA,CO,ANM,WE,Towers with Radar,0,70,110,3,183,0,6,239,13,258,0,76,349,16,441,610,40,650,1091
01/31/2015,APA,CO,ANM,WE,Towers with Radar,0,55,60,3,118,0,10,72,2,84,0,65,132,5,202,176,4,180,382
02/01/2015,APA,CO,ANM,WE,Towers with Radar,0,44,50,0,94,0,3,37,0,40,0,47,87,0,134,44,0,44,178
02/02/2015,APA,CO,ANM,WE,Towers with Radar,0,67,138,2,207,0,0,223,0,223,0,67,361,2,430,364,0,364,794
02/03/2015,APA,CO,ANM,WE,Towers with Radar,0,62,125,0,187,0,1,287,10,298,0,63,412,10,485,437,14,451,936
02/04/2015,APA,CO,ANM,WE,Towers with Radar,0,88,101,0,189,0,3,39,0,42,0,91,140,0,231,94,0,94,325
02/05/2015,APA,CO,ANM,WE,Towers with Radar,0,59,104,12,175,0,9,412,10,431,0,68,516,22,606,532,32,564,1170
02/06/2015,APA,CO,ANM,WE,Towers with Radar,0,48,110,13,171,0,23,484,23,530,0,71,594,36,701,626,130,756,1457
02/07/2015,APA,CO,ANM,WE,Towers with Radar,0,37,42,5,84,0,15,342,6,363,0,52,384,11,447,551,34,585,1032
02/08/2015,APA,CO,ANM,WE,Towers with Radar,0,43,77,5,125,0,5,213,2,220,0,48,290,7,345,416,2,418,763
02/09/2015,APA,CO,ANM,WE,Towers with Radar,0,53,102,1,156,0,9,267,6,282,0,62,369,7,438,425,38,463,901
02/10/2015,APA,CO,ANM,WE,Towers with Radar,0,61,128,3,192,0,14,265,6,285,0,75,393,9,477,472,36,508,985
02/11/2015,APA,CO,ANM,WE,Towers with Radar,0,91,142,9,242,0,10,142,5,157,0,101,284,14,399,376,24,400,799
02/12/2015,APA,CO,ANM,WE,Towers with Radar,0,78,164,7,249,0,2,289,2,293,0,80,453,9,542,624,0,624,1166
02/13/2015,APA,CO,ANM,WE,Towers with Radar,0,92,138,6,236,0,7,424,4,435,0,99,562,10,671,711,16,727,1398
02/14/2015,APA,CO,ANM,WE,Towers with Radar,0,60,66,7,133,0,4,362,16,382,0,64,428,23,515,603,8,611,1126
02/15/2015,APA,CO,ANM,WE,Towers with Radar,0,53,73,6,132,0,0,46,0,46,0,53,119,6,178,146,0,146,324
02/16/2015,APA,CO,ANM,WE,Towers with Radar,0,63,108,0,171,0,0,1,0,1,0,63,109,0,172,0,0,0,172
02/17/2015,APA,CO,ANM,WE,Towers with Radar,0,84,116,4,204,0,5,140,10,155,0,89,256,14,359,290,14,304,663
02/18/2015,APA,CO,ANM,WE,Towers with Radar,0,82,142,3,227,0,8,279,6,293,0,90,421,9,520,470,16,486,1006
02/19/2015,APA,CO,ANM,WE,Towers with Radar,0,79,138,5,222,0,13,368,2,383,0,92,506,7,605,727,0,727,1332
02/20/2015,APA,CO,ANM,WE,Towers with Radar,0,84,111,5,200,0,14,201,4,219,0,98,312,9,419,344,0,344,763
02/21/2015,APA,CO,ANM,WE,Towers with Radar,0,37,32,0,69,0,0,6,0,6,0,37,38,0,75,0,0,0,75
02/22/2015,APA,CO,ANM,WE,Towers with Radar,0,61,70,3,134,0,0,0,0,0,0,61,70,3,134,0,0,0,134
02/23/2015,APA,CO,ANM,WE,Towers with Radar,0,80,110,2,192,0,6,70,0,76,0,86,180,2,268,100,0,100,368
02/24/2015,APA,CO,ANM,WE,Towers with Radar,0,83,135,2,220,0,11,284,4,299,0,94,419,6,519,562,0,562,1081
02/25/2015,APA,CO,ANM,WE,Towers with Radar,0,79,92,4,175,0,5,64,8,77,0,84,156,12,252,132,0,132,384
02/26/2015,APA,CO,ANM,WE,Towers with Radar,0,88,112,0,200,0,2,6,0,8,0,90,118,0,208,0,0,0,208
02/27/2015,APA,CO,ANM,WE,Towers with Radar,0,91,113,1,205,0,4,90,0,94,0,95,203,1,299,192,0,192,491
02/28/2015,APA,CO,ANM,WE,Towers with Radar,0,55,53,0,108,0,7,76,0,83,0,62,129,0,191,233,0,233,424
03/01/2015,APA,CO,ANM,WE,Towers with Radar,0,53,84,0,137,0,0,19,0,19,0,53,103,0,156,110,0,110,266
03/02/2015,APA,CO,ANM,WE,Towers with Radar,0,56,98,5,159,0,12,175,2,189,0,68,273,7,348,390,2,392,740
03/03/2015,APA,CO,ANM,WE,Towers with Radar,0,59,94,6,159,0,2,9,0,11,0,61,103,6,170,0,0,0,170
03/04/2015,APA,CO,ANM,WE,Towers with Radar,0,76,144,5,225,0,4,101,4,109,0,80,245,9,334,390,16,406,740
03/05/2015,APA,CO,ANM,WE,Towers with Radar,0,85,129,3,217,0,26,372,40,438,0,111,501,43,655,786,56,842,1497
03/06/2015,APA,CO,ANM,WE,Towers with Radar,0,79,133,2,214,0,14,432,3,449,0,93,565,5,663,600,2,602,1265
03/07/2015,APA,CO,ANM,WE,Towers with Radar,0,49,77,4,130,0,8,362,0,370,0,57,439,4,500,532,0,532,1032
03/08/2015,APA,CO,ANM,WE,Towers with Radar,0,52,93,1,146,0,3,262,0,265,0,55,355,1,411,596,0,596,1007
03/09/2015,APA,CO,ANM,WE,Towers with Radar,0,68,129,4,201,0,5,384,5,394,0,73,513,9,595,422,2,424,1019
03/10/2015,APA,CO,ANM,WE,Towers with Radar,0,72,125,9,206,0,12,306,6,324,0,84,431,15,530,560,6,566,1096
03/11/2015,APA,CO,ANM,WE,Towers with Radar,1,91,136,6,234,0,17,316,6,339,1,108,452,12,573,548,18,566,1139
03/12/2015,APA,CO,ANM,WE,Towers with Radar,0,82,140,2,224,0,11,318,10,339,0,93,458,12,563,428,10,438,1001
03/13/2015,APA,CO,ANM,WE,Towers with Radar,0,81,118,7,206,0,8,198,7,213,0,89,316,14,419,359,22,381,800
03/14/2015,APA,CO,ANM,WE,Towers with Radar,0,51,79,9,139,0,9,483,6,498,0,60,562,15,637,612,0,612,1249
03/15/2015,APA,CO,ANM,WE,Towers with Radar,1,65,121,8,195,0,5,333,1,339,1,70,454,9,534,570,0,570,1104
03/16/2015,APA,CO,ANM,WE,Towers with Radar,0,59,104,2,165,0,7,293,2,302,0,66,397,4,467,440,0,440,907
03/17/2015,APA,CO,ANM,WE,Towers with Radar,0,77,109,0,186,0,12,132,8,152,0,89,241,8,338,188,6,194,532
03/18/2015,APA,CO,ANM,WE,Towers with Radar,0,86,156,3,245,0,7,243,13,263,0,93,399,16,508,348,0,348,856
03/19/2015,APA,CO,ANM,WE,Towers with Radar,0,69,128,0,197,0,6,114,0,120,0,75,242,0,317,294,0,294,611
03/20/2015,APA,CO,ANM,WE,Towers with Radar,0,74,124,11,209,0,30,412,1,443,0,104,536,12,652,618,0,618,1270
03/21/2015,APA,CO,ANM,WE,Towers with Radar,1,46,86,1,134,0,21,507,2,530,1,67,593,3,664,904,2,906,1570
03/22/2015,APA,CO,ANM,WE,Towers with Radar,0,45,120,0,165,0,17,406,1,424,0,62,526,1,589,556,0,556,1145
03/23/2015,APA,CO,ANM,WE,Towers with Radar,1,61,94,2,158,0,12,104,2,118,1,73,198,4,276,144,0,144,420
03/24/2015,APA,CO,ANM,WE,Towers with Radar,0,69,74,3,146,0,2,147,6,155,0,71,221,9,301,229,0,229,530
03/25/2015,APA,CO,ANM,WE,Towers with Radar,0,63,96,4,163,0,1,30,0,31,0,64,126,4,194,84,0,84,278
03/26/2015,APA,CO,ANM,WE,Towers with Radar,0,71,133,2,206,76,18,254,2,350,76,89,387,4,556,574,0,574,1130
03/27/2015,APA,CO,ANM,WE,Towers with Radar,0,67,105,9,181,0,5,333,5,343,0,72,438,14,524,540,12,552,1076
03/28/2015,APA,CO,ANM,WE,Towers with Radar,0,50,63,4,117,0,11,391,1,403,0,61,454,5,520,634,0,634,1154
03/29/2015,APA,CO,ANM,WE,Towers with Radar,0,60,105,3,168,0,14,334,1,349,0,74,439,4,517,414,4,418,935
03/30/2015,APA,CO,ANM,WE,Towers with Radar,0,67,116,2,185,0,13,316,3,332,0,80,432,5,517,464,0,464,981
03/31/2015,APA,CO,ANM,WE,Towers with Radar,0,74,109,4,187,0,7,341,12,360,0,81,450,16,547,401,14,415,962
04/01/2015,APA,CO,ANM,WE,Towers with Radar,0,72,123,11,206,0,14,230,8,252,0,86,353,19,458,295,0,295,753
04/02/2015,APA,CO,ANM,WE,Towers with Radar,0,56,108,4,168,0,4,31,3,38,0,60,139,7,206,20,6,26,232
04/03/2015,APA,CO,ANM,WE,Towers with Radar,0,72,76,7,155,0,3,227,0,230,0,75,303,7,385,278,0,278,663
04/04/2015,APA,CO,ANM,WE,Towers with Radar,0,41,67,10,118,0,11,327,3,341,0,52,394,13,459,366,0,366,825
04/05/2015,APA,CO,ANM,WE,Towers with Radar,0,43,76,7,126,0,8,179,0,187,0,51,255,7,313,246,0,246,559
04/06/2015,APA,CO,ANM,WE,Towers with Radar,0,63,97,4,164,0,2,237,13,252,0,65,334,17,416,286,28,314,730
04/07/2015,APA,CO,ANM,WE,Towers with Radar,0,77,144,8,229,0,2,290,22,314,0,79,434,30,543,484,28,512,1055
04/08/2015,APA,CO,ANM,WE,Towers with Radar,0,72,128,5,205,0,10,164,2,176,0,82,292,7,381,344,0,344,725
04/09/2015,APA,CO,ANM,WE,Towers with Radar,0,65,128,11,204,0,17,182,9,208,0,82,310,20,412,371,8,379,791
04/10/2015,APA,CO,ANM,WE,Towers with Radar,0,64,134,1,199,0,8,364,24,396,0,72,498,25,595,505,16,521,1116
04/11/2015,APA,CO,ANM,WE,Towers with Radar,0,38,64,3,105,0,7,433,3,443,0,45,497,6,548,648,2,650,1198
04/12/2015,APA,CO,ANM,WE,Towers with Radar,0,61,99,2,162,0,7,273,2,282,0,68,372,4,444,307,2,309,753
04/13/2015,APA,CO,ANM,WE,Towers with Radar,0,64,124,0,188,0,7,282,4,293,0,71,406,4,481,484,2,486,967
04/14/2015,APA,CO,ANM,WE,Towers with Radar,0,52,93,6,151,0,11,310,21,342,0,63,403,27,493,516,36,552,1045
04/15/2015,APA,CO,ANM,WE,Towers with Radar,0,73,152,1,226,0,9,178,11,198,0,82,330,12,424,290,22,312,736
04/16/2015,APA,CO,ANM,WE,Towers with Radar,0,35,88,0,123,0,0,0,0,0,0,35,88,0,123,0,0,0,123
04/17/2015,APA,CO,ANM,WE,Towers with Radar,0,58,86,2,146,0,1,47,1,49,0,59,133,3,195,78,12,90,285
04/18/2015,APA,CO,ANM,WE,Towers with Radar,0,45,62,3,110,0,1,176,6,183,0,46,238,9,293,410,10,420,713
04/19/2015,APA,CO,ANM,WE,Towers with Radar,0,42,100,2,144,0,2,165,1,168,0,44,265,3,312,424,2,426,738
04/20/2015,APA,CO,ANM,WE,Towers with Radar,0,55,117,4,176,0,9,230,21,260,0,64,347,25,436,438,14,452,888
04/21/2015,APA,CO,ANM,WE,Towers with Radar,0,78,159,3,240,0,13,295,8,316,0,91,454,11,556,465,28,493,1049
04/22/2015,APA,CO,ANM,WE,Towers with Radar,0,78,135,0,213,0,10,248,10,268,0,88,383,10,481,467,36,503,984
04/23/2015,APA,CO,ANM,WE,Towers with Radar,0,65,109,7,181,0,10,239,5,254,0,75,348,12,435,518,8,526,961
04/24/2015,APA,CO,ANM,WE,Towers with Radar,0,66,114,10,190,0,8,263,14,285,0,74,377,24,475,331,22,353,828
04/25/2015,APA,CO,ANM,WE,Towers with Radar,0,35,54,4,93,0,8,370,3,381,0,43,424,7,474,448,0,448,922
04/26/2015,APA,CO,ANM,WE,Towers with Radar,0,45,92,2,139,0,0,0,0,0,0,45,92,2,139,0,0,0,139
04/27/2015,APA,CO,ANM,WE,Towers with Radar,0,60,101,0,161,0,1,40,0,41,0,61,141,0,202,48,0,48,250
04/28/2015,APA,CO,ANM,WE,Towers with Radar,0,64,106,14,184,0,3,249,11,263,0,67,355,25,447,458,29,487,934
04/29/2015,APA,CO,ANM,WE,Towers with Radar,0,80,107,1,188,0,6,354,18,378,0,86,461,19,566,606,4,610,1176
04/30/2015,APA,CO,ANM,WE,Towers with Radar,0,69,143,5,217,0,9,363,4,376,0,78,506,9,593,485,0,485,1078
05/01/2015,APA,CO,ANM,WE,Towers with Radar,0,63,159,0,222,0,1,166,7,174,0,64,325,7,396,250,23,273,669
05/02/2015,APA,CO,ANM,WE,Towers with Radar,0,36,57,2,95,0,9,259,2,270,0,45,316,4,365,510,2,512,877
05/03/2015,APA,CO,ANM,WE,Towers with Radar,0,58,100,3,161,0,6,287,0,293,0,64,387,3,454,408,0,408,862
05/04/2015,APA,CO,ANM,WE,Towers with Radar,0,66,119,11,196,0,1,60,4,65,0,67,179,15,261,226,4,230,491
05/05/2015,APA,CO,ANM,WE,Towers with Radar,0,83,118,0,201,0,2,18,0,20,0,85,136,0,221,46,0,46,267
05/06/2015,APA,CO,ANM,WE,Towers with Radar,0,65,149,0,214,0,9,147,2,158,0,74,296,2,372,232,12,244,616
05/07/2015,APA,CO,ANM,WE,Towers with Radar,0,76,131,4,211,0,1,41,2,44,0,77,172,6,255,133,6,139,394
05/08/2015,APA,CO,ANM,WE,Towers with Radar,0,72,103,8,183,0,0,3,0,3,0,72,106,8,186,14,0,14,200
05/09/2015,APA,CO,ANM,WE,Towers with Radar,0,51,48,6,105,0,0,2,0,2,0,51,50,6,107,19,0,19,126
05/10/2015,APA,CO,ANM,WE,Towers with Radar,0,46,71,0,117,0,5,15,0,20,0,51,86,0,137,34,0,34,171
05/11/2015,APA,CO,ANM,WE,Towers with Radar,0,50,129,6,185,0,7,346,6,359,0,57,475,12,544,612,4,616,1160
05/12/2015,APA,CO,ANM,WE,Towers with Radar,1,59,114,3,177,0,6,238,8,252,1,65,352,11,429,536,4,540,969
05/13/2015,APA,CO,ANM,WE,Towers with Radar,0,59,162,3,224,0,13,309,7,329,0,72,471,10,553,511,0,511,1064
05/14/2015,APA,CO,ANM,WE,Towers with Radar,0,72,156,4,232,0,6,306,7,319,0,78,462,11,551,481,4,485,1036
05/15/2015,APA,CO,ANM,WE,Towers with Radar,0,70,132,5,207,0,0,296,26,322,0,70,428,31,529,440,28,468,997
05/16/2015,APA,CO,ANM,WE,Towers with Radar,0,49,69,1,119,0,5,188,5,198,0,54,257,6,317,334,5,339,656
05/17/2015,APA,CO,ANM,WE,Towers with Radar,0,70,103,10,183,0,5,221,1,227,0,75,324,11,410,460,4,464,874
05/18/2015,APA,CO,ANM,WE,Towers with Radar,0,63,122,0,185,0,3,52,1,56,0,66,174,1,241,259,0,259,500
05/19/2015,APA,CO,ANM,WE,Towers with Radar,0,66,118,2,186,0,1,27,0,28,0,67,145,2,214,162,2,164,378
05/20/2015,APA,CO,ANM,WE,Towers with Radar,0,67,170,0,237,0,7,76,1,84,0,74,246,1,321,488,0,488,809
05/21/2015,APA,CO,ANM,WE,Towers with Radar,0,86,157,2,245,0,7,170,2,179,0,93,327,4,424,378,0,378,802
05/22/2015,APA,CO,ANM,WE,Towers with Radar,0,69,135,3,207,0,5,104,10,119,0,74,239,13,326,285,8,293,619
05/23/2015,APA,CO,ANM,WE,Towers with Radar,0,30,60,0,90,0,5,123,0,128,0,35,183,0,218,189,0,189,407
05/24/2015,APA,CO,ANM,WE,Towers with Radar,0,46,43,0,89,0,0,149,0,149,0,46,192,0,238,238,0,238,476
05/25/2015,APA,CO,ANM,WE,Towers with Radar,0,62,97,4,163,0,3,315,4,322,0,65,412,8,485,334,4,338,823
05/26/2015,APA,CO,ANM,WE,Towers with Radar,0,60,108,5,173,0,13,319,6,338,0,73,427,11,511,670,2,672,1183
05/27/2015,APA,CO,ANM,WE,Towers with Radar,0,55,130,5,190,0,22,303,26,351,0,77,433,31,541,594,28,622,1163
05/28/2015,APA,CO,ANM,WE,Towers with Radar,0,51,106,5,162,0,10,223,1,234,0,61,329,6,396,420,0,420,816
05/29/2015,APA,CO,ANM,WE,Towers with Radar,0,69,121,8,198,0,4,315,4,323,0,73,436,12,521,325,0,325,846
05/30/2015,APA,CO,ANM,WE,Towers with Radar,0,45,59,10,114,0,6,337,1,344,0,51,396,11,458,578,0,578,1036
05/31/2015,APA,CO,ANM,WE,Towers with Radar,0,39,108,4,151,0,10,310,0,320,0,49,418,4,471,402,0,402,873
06/01/2015,APA,CO,ANM,WE,Towers with Radar,0,48,101,6,155,0,15,257,12,284,0,63,358,18,439,356,22,378,817
06/02/2015,APA,CO,ANM,WE,Towers with Radar,0,83,137,2,222,0,17,405,24,446,0,100,542,26,668,576,74,650,1318
06/03/2015,APA,CO,ANM,WE,Towers with Radar,1,87,157,4,249,0,13,214,0,227,1,100,371,4,476,536,0,536,1012
06/04/2015,APA,CO,ANM,WE,Towers with Radar,0,84,137,0,221,0,6,195,1,202,0,90,332,1,423,311,0,311,734
06/05/2015,APA,CO,ANM,WE,Towers with Radar,0,69,108,3,180,0,7,89,0,96,0,76,197,3,276,357,0,357,633
06/06/2015,APA,CO,ANM,WE,Towers with Radar,0,52,65,9,126,0,9,227,8,244,0,61,292,17,370,422,6,428,798
06/07/2015,APA,CO,ANM,WE,Towers with Radar,0,64,119,2,185,0,7,258,9,274,0,71,377,11,459,464,0,464,923
06/08/2015,APA,CO,ANM,WE,Towers with Radar,0,67,135,3,205,0,11,365,6,382,0,78,500,9,587,700,44,744,1331
06/09/2015,APA,CO,ANM,WE,Towers with Radar,0,59,111,4,174,0,6,337,7,350,0,65,448,11,524,552,9,561,1085
06/10/2015,APA,CO,ANM,WE,Towers with Radar,0,62,144,0,206,0,5,145,2,152,0,67,289,2,358,435,0,435,793
06/11/2015,APA,CO,ANM,WE,Towers with Radar,0,70,153,8,231,0,7,195,2,204,0,77,348,10,435,370,6,376,811
06/12/2015,APA,CO,ANM,WE,Towers with Radar,0,78,136,8,222,0,10,134,6,150,0,88,270,14,372,389,4,393,765
06/13/2015,APA,CO,ANM,WE,Towers with Radar,0,37,61,5,103,0,7,433,3,443,0,44,494,8,546,544,2,546,1092
06/14/2015,APA,CO,ANM,WE,Towers with Radar,0,65,98,3,166,0,8,281,1,290,0,73,379,4,456,462,0,462,918
06/15/2015,APA,CO,ANM,WE,Towers with Radar,0,53,140,2,195,0,9,206,3,218,0,62,346,5,413,646,0,646,1059
06/16/2015,APA,CO,ANM,WE,Towers with Radar,0,83,132,7,222,0,20,257,1,278,0,103,389,8,500,556,0,556,1056
06/17/2015,APA,CO,ANM,WE,Towers with Radar,0,98,127,1,226,0,15,265,1,281,0,113,392,2,507,461,20,481,988
06/18/2015,APA,CO,ANM,WE,Towers with Radar,0,88,181,7,276,0,18,224,14,256,0,106,405,21,532,372,0,372,904
06/19/2015,APA,CO,ANM,WE,Towers with Radar,0,86,128,12,226,0,17,429,12,458,0,103,557,24,684,555,12,567,1251
06/20/2015,APA,CO,ANM,WE,Towers with Radar,0,49,78,3,130,0,3,433,6,442,0,52,511,9,572,612,32,644,1216
06/21/2015,APA,CO,ANM,WE,Towers with Radar,0,48,95,8,151,0,7,299,5,311,0,55,394,13,462,459,9,468,930
06/22/2015,APA,CO,ANM,WE,Towers with Radar,0,65,120,8,193,0,6,360,8,374,0,71,480,16,567,386,14,400,967
06/23/2015,APA,CO,ANM,WE,Towers with Radar,0,87,148,0,235,0,10,395,3,408,0,97,543,3,643,624,14,638,1281
06/24/2015,APA,CO,ANM,WE,Towers with Radar,0,89,135,3,227,0,17,272,9,298,0,106,407,12,525,420,10,430,955
06/25/2015,APA,CO,ANM,WE,Towers with Radar,0,77,160,5,242,0,7,315,5,327,0,84,475,10,569,470,0,470,1039
06/26/2015,APA,CO,ANM,WE,Towers with Radar,0,86,121,26,233,0,10,280,17,307,0,96,401,43,540,641,17,658,1198
06/27/2015,APA,CO,ANM,WE,Towers with Radar,0,43,74,22,139,0,29,318,11,358,0,72,392,33,497,561,26,587,1084
06/28/2015,APA,CO,ANM,WE,Towers with Radar,0,65,98,10,173,0,9,363,2,374,0,74,461,12,547,548,0,548,1095
06/29/2015,APA,CO,ANM,WE,Towers with Radar,0,70,133,7,210,0,4,355,9,368,0,74,488,16,578,672,28,700,1278
06/30/2015,APA,CO,ANM,WE,Towers with Radar,0,85,114,6,205,0,17,379,6,402,0,102,493,12,607,555,6,561,1168
07/01/2015,APA,CO,ANM,WE,Towers with Radar,0,84,135,2,221,0,7,349,2,358,0,91,484,4,579,504,4,508,1087
07/02/2015,APA,CO,ANM,WE,Towers with Radar,0,93,139,1,233,0,16,284,2,302,0,109,423,3,535,572,0,572,1107
07/03/2015,APA,CO,ANM,WE,Towers with Radar,0,58,70,0,128,0,3,385,0,388,0,61,455,0,516,646,0,646,1162
07/04/2015,APA,CO,ANM,WE,Towers with Radar,0,20,18,0,38,0,5,218,3,226,0,25,236,3,264,262,0,262,526
07/05/2015,APA,CO,ANM,WE,Towers with Radar,0,61,111,0,172,0,4,216,0,220,0,65,327,0,392,398,0,398,790
07/06/2015,APA,CO,ANM,WE,Towers with Radar,0,71,171,1,243,0,0,17,0,17,0,71,188,1,260,24,0,24,284
07/07/2015,APA,CO,ANM,WE,Towers with Radar,0,83,150,8,241,0,6,145,0,151,0,89,295,8,392,353,0,353,745
07/08/2015,APA,CO,ANM,WE,Towers with Radar,0,69,170,3,242,0,3,33,2,38,0,72,203,5,280,116,1,117,397
07/09/2015,APA,CO,ANM,WE,Towers with Radar,1,63,162,6,232,0,9,250,0,259,1,72,412,6,491,597,0,597,1088
07/10/2015,APA,CO,ANM,WE,Towers with Radar,0,63,142,20,225,0,3,384,14,401,0,66,526,34,626,754,38,792,1418
07/11/2015,APA,CO,ANM,WE,Towers with Radar,0,34,82,17,133,0,14,476,7,497,0,48,558,24,630,633,20,653,1283
07/12/2015,APA,CO,ANM,WE,Towers with Radar,0,71,122,10,203,0,8,232,6,246,0,79,354,16,449,455,0,455,904
07/13/2015,APA,CO,ANM,WE,Towers with Radar,0,59,203,4,266,0,6,232,2,240,0,65,435,6,506,511,0,511,1017
07/14/2015,APA,CO,ANM,WE,Towers with Radar,0,59,151,3,213,0,8,303,6,317,0,67,454,9,530,622,12,634,1164
07/15/2015,APA,CO,ANM,WE,Towers with Radar,0,72,154,1,227,0,10,243,9,262,0,82,397,10,489,502,10,512,1001
07/16/2015,APA,CO,ANM,WE,Towers with Radar,0,93,151,8,252,0,9,324,12,345,0,102,475,20,597,681,4,685,1282
07/17/2015,APA,CO,ANM,WE,Towers with Radar,0,74,118,8,200,0,7,397,5,409,0,81,515,13,609,428,2,430,1039
07/18/2015,APA,CO,ANM,WE,Towers with Radar,0,52,95,8,155,0,6,395,4,405,0,58,490,12,560,354,0,354,914
07/19/2015,APA,CO,ANM,WE,Towers with Radar,0,53,98,4,155,0,4,272,1,277,0,57,370,5,432,334,0,334,766
07/20/2015,APA,CO,ANM,WE,Towers with Radar,0,77,113,8,198,0,5,235,6,246,0,82,348,14,444,362,4,366,810
07/21/2015,APA,CO,ANM,WE,Towers with Radar,0,87,129,4,220,0,10,235,11,256,0,97,364,15,476,444,14,458,934
07/22/2015,APA,CO,ANM,WE,Towers with Radar,0,86,160,1,247,0,10,379,9,398,0,96,539,10,645,705,56,761,1406
07/23/2015,APA,CO,ANM,WE,Towers with Radar,0,85,150,7,242,0,6,378,6,390,0,91,528,13,632,566,6,572,1204
07/24/2015,APA,CO,ANM,WE,Towers with Radar,0,64,152,2,218,0,16,350,12,378,0,80,502,14,596,565,24,589,1185
07/25/2015,APA,CO,ANM,WE,Towers with Radar,0,63,89,7,159,0,7,329,5,341,0,70,418,12,500,467,4,471,971
07/26/2015,APA,CO,ANM,WE,Towers with Radar,0,50,115,4,169,0,5,252,3,260,0,55,367,7,429,520,8,528,957
07/27/2015,APA,CO,ANM,WE,Towers with Radar,0,57,146,2,205,0,45,272,4,321,0,102,418,6,526,381,0,381,907
07/28/2015,APA,CO,ANM,WE,Towers with Radar,0,67,127,5,199,0,16,233,4,253,0,83,360,9,452,439,0,439,891
07/29/2015,APA,CO,ANM,WE,Towers with Radar,1,77,128,4,210,0,20,181,7,208,1,97,309,11,418,398,4,402,820
07/30/2015,APA,CO,ANM,WE,Towers with Radar,0,65,140,0,205,0,16,427,8,451,0,81,567,8,656,708,0,708,1364
07/31/2015,APA,CO,ANM,WE,Towers with Radar,0,81,135,9,225,0,11,322,19,352,0,92,457,28,577,508,17,525,1102
08/01/2015,APA,CO,ANM,WE,Towers with Radar,0,59,94,8,161,0,8,372,4,384,0,67,466,12,545,509,2,511,1056
08/02/2015,APA,CO,ANM,WE,Towers with Radar,0,49,103,6,158,0,1,282,4,287,0,50,385,10,445,440,4,444,889
08/03/2015,APA,CO,ANM,WE,Towers with Radar,0,47,142,5,194,0,21,256,4,281,0,68,398,9,475,534,0,534,1009
08/04/2015,APA,CO,ANM,WE,Towers with Radar,0,77,125,4,206,0,13,227,6,246,0,90,352,10,452,511,4,515,967
08/05/2015,APA,CO,ANM,WE,Towers with Radar,0,76,147,0,223,0,14,271,10,295,0,90,418,10,518,504,2,506,1024
08/06/2015,APA,CO,ANM,WE,Towers with Radar,0,68,142,7,217,0,5,328,3,336,0,73,470,10,553,522,16,538,1091
08/07/2015,APA,CO,ANM,WE,Towers with Radar,0,71,123,11,205,0,3,181,5,189,0,74,304,16,394,341,6,347,741
08/08/2015,APA,CO,ANM,WE,Towers with Radar,0,52,87,1,140,0,13,352,4,369,0,65,439,5,509,471,4,475,984
08/09/2015,APA,CO,ANM,WE,Towers with Radar,0,75,122,6,203,0,6,318,0,324,0,81,440,6,527,518,0,518,1045
08/10/2015,APA,CO,ANM,WE,Towers with Radar,0,59,137,0,196,0,0,230,2,232,0,59,367,2,428,364,0,364,792
08/11/2015,APA,CO,ANM,WE,Towers with Radar,1,73,112,0,186,0,8,209,1,218,1,81,321,1,404,694,16,710,1114
08/12/2015,APA,CO,ANM,WE,Towers with Radar,0,68,140,2,210,0,5,289,7,301,0,73,429,9,511,638,28,666,1177
08/13/2015,APA,CO,ANM,WE,Towers with Radar,0,75,161,7,243,0,6,228,5,239,0,81,389,12,482,572,4,576,1058
08/14/2015,APA,CO,ANM,WE,Towers with Radar,1,60,118,8,187,0,7,424,9,440,1,67,542,17,627,596,0,596,1223
08/15/2015,APA,CO,ANM,WE,Towers with Radar,0,44,70,4,118,0,18,389,3,410,0,62,459,7,528,713,0,713,1241
08/16/2015,APA,CO,ANM,WE,Towers with Radar,1,90,122,6,219,0,7,246,3,256,1,97,368,9,475,418,2,420,895
08/17/2015,APA,CO,ANM,WE,Towers with Radar,0,87,161,0,248,0,9,238,1,248,0,96,399,1,496,430,0,430,926
08/18/2015,APA,CO,ANM,WE,Towers with Radar,1,77,150,0,228,0,25,269,18,312,1,102,419,18,540,477,8,485,1025
08/19/2015,APA,CO,ANM,WE,Towers with Radar,0,90,162,9,261,0,10,319,7,336,0,100,481,16,597,642,4,646,1243
08/20/2015,APA,CO,ANM,WE,Towers with Radar,0,82,163,4,249,0,13,320,9,342,0,95,483,13,591,742,0,742,1333
08/21/2015,APA,CO,ANM,WE,Towers with Radar,0,62,131,6,199,0,16,441,21,478,0,78,572,27,677,507,19,526,1203
08/22/2015,APA,CO,ANM,WE,Towers with Radar,0,48,71,0,119,0,3,292,3,298,0,51,363,3,417,302,0,302,719
08/23/2015,APA,CO,ANM,WE,Towers with Radar,0,55,98,1,154,0,7,434,1,442,0,62,532,2,596,540,0,540,1136
08/24/2015,APA,CO,ANM,WE,Towers with Radar,0,76,150,2,228,0,4,364,10,378,0,80,514,12,606,486,0,486,1092
08/25/2015,APA,CO,ANM,WE,Towers with Radar,0,87,136,8,231,0,11,333,7,351,0,98,469,15,582,462,8,470,1052
08/26/2015,APA,CO,ANM,WE,Towers with Radar,0,60,131,1,192,0,20,235,1,256,0,80,366,2,448,292,0,292,740
08/27/2015,APA,CO,ANM,WE,Towers with Radar,0,73,136,0,209,0,22,227,4,253,0,95,363,4,462,347,20,367,829
08/28/2015,APA,CO,ANM,WE,Towers with Radar,0,70,135,16,221,0,3,384,2,389,0,73,519,18,610,566,56,622,1232
08/29/2015,APA,CO,ANM,WE,Towers with Radar,0,46,60,10,116,0,4,378,0,382,0,50,438,10,498,521,0,521,1019
08/30/2015,APA,CO,ANM,WE,Towers with Radar,0,51,85,16,152,0,4,333,0,337,0,55,418,16,489,492,4,496,985
08/31/2015,APA,CO,ANM,WE,Towers with Radar,0,80,108,4,192,0,14,180,0,194,0,94,288,4,386,366,0,366,752
09/01/2015,APA,CO,ANM,WE,Towers with Radar,0,69,136,8,213,0,2,291,4,297,0,71,427,12,510,417,0,417,927
09/02/2015,APA,CO,ANM,WE,Towers with Radar,0,76,138,8,222,0,9,328,9,346,0,85,466,17,568,523,0,523,1091
09/03/2015,APA,CO,ANM,WE,Towers with Radar,0,82,128,6,216,0,9,236,0,245,0,91,364,6,461,496,0,496,957
09/04/2015,APA,CO,ANM,WE,Towers with Radar,0,78,140,0,218,0,14,379,0,393,0,92,519,0,611,424,0,424,1035
09/05/2015,APA,CO,ANM,WE,Towers with Radar,0,35,83,0,118,0,8,321,2,331,0,43,404,2,449,383,0,383,832
09/06/2015,APA,CO,ANM,WE,Towers with Radar,0,33,59,0,92,0,0,279,0,279,0,33,338,0,371,433,0,433,804
09/07/2015,APA,CO,ANM,WE,Towers with Radar,0,57,137,0,194,0,4,335,0,339,0,61,472,0,533,512,0,512,1045
09/08/2015,APA,CO,ANM,WE,Towers with Radar,0,84,126,2,212,0,5,286,0,291,0,89,412,2,503,505,0,505,1008
09/09/2015,APA,CO,ANM,WE,Towers with Radar,0,70,121,1,192,0,10,316,6,332,0,80,437,7,524,427,0,427,951
09/10/2015,APA,CO,ANM,WE,Towers with Radar,0,63,143,3,209,0,19,284,2,305,0,82,427,5,514,542,0,542,1056
09/11/2015,APA,CO,ANM,WE,Towers with Radar,1,61,148,10,220,0,7,302,9,318,1,68,450,19,538,442,38,480,1018
09/12/2015,APA,CO,ANM,WE,Towers with Radar,0,36,66,6,108,0,3,360,9,372,0,39,426,15,480,514,6,520,1000
09/13/2015,APA,CO,ANM,WE,Towers with Radar,0,51,136,12,199,0,4,273,0,277,0,55,409,12,476,302,0,302,778
09/14/2015,APA,CO,ANM,WE,Towers with Radar,0,59,143,6,208,0,4,218,1,223,0,63,361,7,431,245,2,247,678
09/15/2015,APA,CO,ANM,WE,Towers with Radar,0,60,119,2,181,0,13,240,5,258,0,73,359,7,439,314,14,328,767
09/16/2015,APA,CO,ANM,WE,Towers with Radar,0,65,162,2,229,0,16,247,4,267,0,81,409,6,496,585,0,585,1081
09/17/2015,APA,CO,ANM,WE,Towers with Radar,0,76,133,0,209,0,4,266,5,275,0,80,399,5,484,339,12,351,835
09/18/2015,APA,CO,ANM,WE,Towers with Radar,0,76,138,18,232,0,4,347,3,354,0,80,485,21,586,410,28,438,1024
09/19/2015,APA,CO,ANM,WE,Towers with Radar,0,49,55,25,129,0,6,365,17,388,0,55,420,42,517,617,28,645,1162
09/20/2015,APA,CO,ANM,WE,Towers with Radar,0,52,99,15,166,0,34,481,1,516,0,86,580,16,682,542,0,542,1224
09/21/2015,APA,CO,ANM,WE,Towers with Radar,0,48,159,0,207,0,6,294,2,302,0,54,453,2,509,502,0,502,1011
09/22/2015,APA,CO,ANM,WE,Towers with Radar,0,63,131,1,195,0,17,224,10,251,0,80,355,11,446,354,8,362,808
09/23/2015,APA,CO,ANM,WE,Towers with Radar,0,70,174,0,244,0,3,241,1,245,0,73,415,1,489,402,0,402,891
09/24/2015,APA,CO,ANM,WE,Towers with Radar,0,74,179,2,255,0,24,368,3,395,0,98,547,5,650,511,2,513,1163
09/25/2015,APA,CO,ANM,WE,Towers with Radar,0,87,128,16,231,0,10,468,2,480,0,97,596,18,711,510,2,512,1223
09/26/2015,APA,CO,ANM,WE,Towers with Radar,0,53,57,7,117,0,7,443,2,452,0,60,500,9,569,487,0,487,1056
09/27/2015,APA,CO,ANM,WE,Towers with Radar,0,64,104,4,172,0,2,273,3,278,0,66,377,7,450,326,0,326,776
09/28/2015,APA,CO,ANM,WE,Towers with Radar,0,72,113,0,185,0,7,283,1,291,0,79,396,1,476,395,0,395,871
09/29/2015,APA,CO,ANM,WE,Towers with Radar,0,83,133,2,218,0,5,196,0,201,0,88,329,2,419,322,0,322,741
09/30/2015,APA,CO,ANM,WE,Towers with Radar,0,72,142,2,216,0,10,439,4,453,0,82,581,6,669,646,24,670,1339
10/01/2015,APA,CO,ANM,WE,Towers with Radar,0,78,127,2,207,0,10,286,9,305,0,88,413,11,512,543,6,549,1061
10/02/2015,APA,CO,ANM,WE,Towers with Radar,0,72,129,10,211,0,6,101,4,111,0,78,230,14,322,120,6,126,448
10/03/2015,APA,CO,ANM,WE,Towers with Radar,0,54,98,4,156,0,6,180,4,190,0,60,278,8,346,351,0,351,697
10/04/2015,APA,CO,ANM,WE,Towers with Radar,0,61,151,0,212,0,2,111,1,114,0,63,262,1,326,390,0,390,716
10/05/2015,APA,CO,ANM,WE,Towers with Radar,0,33,124,0,157,0,9,260,7,276,0,42,384,7,433,427,16,443,876
10/06/2015,APA,CO,ANM,WE,Towers with Radar,0,80,126,2,208,0,3,28,0,31,0,83,154,2,239,48,0,48,287
10/07/2015,APA,CO,ANM,WE,Towers with Radar,0,90,138,1,229,0,10,411,11,432,0,100,549,12,661,876,14,890,1551
10/08/2015,APA,CO,ANM,WE,Towers with Radar,0,62,156,4,222,0,17,466,3,486,0,79,622,7,708,581,30,611,1319
10/09/2015,APA,CO,ANM,WE,Towers with Radar,0,84,117,11,212,0,4,387,0,391,0,88,504,11,603,738,2,740,1343
10/10/2015,APA,CO,ANM,WE,Towers with Radar,0,45,70,8,123,0,5,546,5,556,0,50,616,13,679,580,0,580,1259
10/11/2015,APA,CO,ANM,WE,Towers with Radar,0,60,114,5,179,0,5,310,3,318,0,65,424,8,497,379,0,379,876
10/12/2015,APA,CO,ANM,WE,Towers with Radar,0,53,139,0,192,0,8,323,0,331,0,61,462,0,523,401,0,401,924
10/13/2015,APA,CO,ANM,WE,Towers with Radar,1,69,114,1,185,0,7,349,5,361,1,76,463,6,546,506,0,506,1052
10/14/2015,APA,CO,ANM,WE,Towers with Radar,0,78,156,2,236,0,15,339,9,363,0,93,495,11,599,288,0,288,887
10/15/2015,APA,CO,ANM,WE,Towers with Radar,0,82,152,0,234,0,13,301,10,324,0,95,453,10,558,252,0,252,810
10/16/2015,APA,CO,ANM,WE,Towers with Radar,0,81,128,9,218,0,0,357,17,374,0,81,485,26,592,634,22,656,1248
10/17/2015,APA,CO,ANM,WE,Towers with Radar,0,49,61,8,118,0,1,496,8,505,0,50,557,16,623,570,0,570,1193
10/18/2015,APA,CO,ANM,WE,Towers with Radar,0,70,120,3,193,0,3,359,1,363,0,73,479,4,556,396,0,396,952
10/19/2015,APA,CO,ANM,WE,Towers with Radar,0,57,124,3,184,0,21,237,2,260,0,78,361,5,444,377,0,377,821
10/20/2015,APA,CO,ANM,WE,Towers with Radar,0,80,119,3,202,0,12,326,15,353,0,92,445,18,555,632,14,646,1201
10/21/2015,APA,CO,ANM,WE,Towers with Radar,0,63,119,2,184,0,0,0,0,0,0,63,119,2,184,0,0,0,184
10/22/2015,APA,CO,ANM,WE,Towers with Radar,0,59,129,0,188,0,0,14,0,14,0,59,143,0,202,91,0,91,293
10/23/2015,APA,CO,ANM,WE,Towers with Radar,0,66,141,16,223,0,10,350,11,371,0,76,491,27,594,527,38,565,1159
10/24/2015,APA,CO,ANM,WE,Towers with Radar,0,68,71,5,144,0,7,446,10,463,0,75,517,15,607,606,44,650,1257
10/25/2015,APA,CO,ANM,WE,Towers with Radar,0,50,100,2,152,0,0,280,5,285,0,50,380,7,437,440,0,440,877
10/26/2015,APA,CO,ANM,WE,Towers with Radar,1,56,123,1,181,0,7,241,6,254,1,63,364,7,435,446,2,448,883
10/27/2015,APA,CO,ANM,WE,Towers with Radar,0,77,175,5,257,0,9,189,9,207,0,86,364,14,464,304,26,330,794
10/28/2015,APA,CO,ANM,WE,Towers with Radar,0,47,147,4,198,0,10,291,12,313,0,57,438,16,511,506,8,514,1025
10/29/2015,APA,CO,ANM,WE,Towers with Radar,0,68,115,4,187,0,10,259,0,269,0,78,374,4,456,602,0,602,1058
10/30/2015,APA,CO,ANM,WE,Towers with Radar,0,59,100,10,169,0,0,218,0,218,0,59,318,10,387,409,0,409,796
10/31/2015,APA,CO,ANM,WE,Towers with Radar,0,40,57,7,104,0,3,419,5,427,0,43,476,12,531,566,22,588,1119
11/01/2015,APA,CO,ANM,WE,Towers with Radar,0,63,111,3,177,0,5,291,0,296,0,68,402,3,473,327,0,327,800
11/02/2015,APA,CO,ANM,WE,Towers with Radar,0,56,147,4,207,0,17,389,4,410,0,73,536,8,617,466,22,488,1105
11/03/2015,APA,CO,ANM,WE,Towers with Radar,0,79,118,2,199,0,15,244,0,259,0,94,362,2,458,148,0,148,606
11/04/2015,APA,CO,ANM,WE,Towers with Radar,0,56,111,2,169,0,11,261,0,272,0,67,372,2,441,381,2,383,824
11/05/2015,APA,CO,ANM,WE,Towers with Radar,0,60,135,0,195,0,5,131,0,136,0,65,266,0,331,286,0,286,617
11/06/2015,APA,CO,ANM,WE,Towers with Radar,0,64,122,13,199,0,15,325,0,340,0,79,447,13,539,555,2,557,1096
11/07/2015,APA,CO,ANM,WE,Towers with Radar,0,35,69,21,125,0,5,412,2,419,0,40,481,23,544,530,0,530,1074
11/08/2015,APA,CO,ANM,WE,Towers with Radar,0,46,108,3,157,0,2,385,5,392,0,48,493,8,549,508,0,508,1057
11/09/2015,APA,CO,ANM,WE,Towers with Radar,0,65,113,0,178,0,9,340,2,351,0,74,453,2,529,458,8,466,995
11/10/2015,APA,CO,ANM,WE,Towers with Radar,0,63,115,2,180,0,21,280,5,306,0,84,395,7,486,539,4,543,1029
11/11/2015,APA,CO,ANM,WE,Towers with Radar,1,72,88,0,161,0,6,81,0,87,1,78,169,0,248,166,0,166,414
11/12/2015,APA,CO,ANM,WE,Towers with Radar,0,75,165,4,244,0,4,340,3,347,0,79,505,7,591,532,0,532,1123
11/13/2015,APA,CO,ANM,WE,Towers with Radar,0,70,120,13,203,0,7,389,13,409,0,77,509,26,612,601,20,621,1233
11/14/2015,APA,CO,ANM,WE,Towers with Radar,0,39,63,16,118,0,0,475,3,478,0,39,538,19,596,691,4,695,1291
11/15/2015,APA,CO,ANM,WE,Towers with Radar,0,50,133,11,194,0,13,326,2,341,0,63,459,13,535,485,0,485,1020
11/16/2015,APA,CO,ANM,WE,Towers with Radar,0,70,97,8,175,0,4,154,0,158,0,74,251,8,333,252,2,254,587
11/17/2015,APA,CO,ANM,WE,Towers with Radar,0,43,68,0,111,0,2,39,0,41,0,45,107,0,152,32,0,32,184
11/18/2015,APA,CO,ANM,WE,Towers with Radar,0,68,134,2,204,0,8,53,0,61,0,76,187,2,265,0,0,0,265
11/19/2015,APA,CO,ANM,WE,Towers with Radar,0,86,152,4,242,0,18,341,1,360,0,104,493,5,602,543,0,543,1145
11/20/2015,APA,CO,ANM,WE,Towers with Radar,0,75,125,6,206,0,3,130,0,133,0,78,255,6,339,166,0,166,505
11/21/2015,APA,CO,ANM,WE,Towers with Radar,0,45,99,0,144,0,3,307,1,311,0,48,406,1,455,436,0,436,891
11/22/2015,APA,CO,ANM,WE,Towers with Radar,0,52,77,0,129,0,6,308,1,315,0,58,385,1,444,548,0,548,992
11/23/2015,APA,CO,ANM,WE,Towers with Radar,0,60,84,2,146,0,14,340,4,358,0,74,424,6,504,544,10,554,1058
11/24/2015,APA,CO,ANM,WE,Towers with Radar,0,82,128,3,213,0,35,333,13,381,0,117,461,16,594,612,4,616,1210
11/25/2015,APA,CO,ANM,WE,Towers with Radar,0,60,103,2,165,0,12,190,1,203,0,72,293,3,368,422,0,422,790
11/26/2015,APA,CO,ANM,WE,Towers with Radar,0,14,5,0,19,0,0,0,0,0,0,14,5,0,19,0,0,0,19
11/27/2015,APA,CO,ANM,WE,Towers with Radar,0,42,54,0,96,0,0,27,0,27,0,42,81,0,123,50,0,50,173
11/28/2015,APA,CO,ANM,WE,Towers with Radar,0,74,84,0,158,0,9,30,0,39,0,83,114,0,197,42,0,42,239
11/29/2015,APA,CO,ANM,WE,Towers with Radar,0,98,140,0,238,0,2,31,1,34,0,100,171,1,272,54,0,54,326
11/30/2015,APA,CO,ANM,WE,Towers with Radar,0,71,173,0,244,0,1,111,2,114,0,72,284,2,358,134,24,158,516
12/01/2015,APA,CO,ANM,WE,Towers with Radar,0,75,109,3,187,0,13,254,2,269,0,88,363,5,456,326,2,328,784
12/02/2015,APA,CO,ANM,WE,Towers with Radar,0,77,139,0,216,0,10,237,18,265,0,87,376,18,481,499,24,523,1004
12/03/2015,APA,CO,ANM,WE,Towers with Radar,0,66,117,2,185,0,17,304,6,327,0,83,421,8,512,587,11,598,1110
12/04/2015,APA,CO,ANM,WE,Towers with Radar,0,58,124,2,184,0,10,379,9,398,0,68,503,11,582,735,10,745,1327
12/05/2015,APA,CO,ANM,WE,Towers with Radar,0,45,65,0,110,0,0,289,2,291,0,45,354,2,401,454,0,454,855
12/06/2015,APA,CO,ANM,WE,Towers with Radar,0,59,96,2,157,0,13,380,1,394,0,72,476,3,551,676,10,686,1237
12/07/2015,APA,CO,ANM,WE,Towers with Radar,0,51,123,0,174,0,20,203,1,224,0,71,326,1,398,416,0,416,814
12/08/2015,APA,CO,ANM,WE,Towers with Radar,0,76,104,0,180,0,5,152,0,157,0,81,256,0,337,158,0,158,495
12/09/2015,APA,CO,ANM,WE,Towers with Radar,0,60,156,9,225,0,16,276,4,296,0,76,432,13,521,294,16,310,831
12/10/2015,APA,CO,ANM,WE,Towers with Radar,0,68,143,6,217,0,4,326,7,337,0,72,469,13,554,434,2,436,990
12/11/2015,APA,CO,ANM,WE,Towers with Radar,0,69,123,4,196,0,6,171,4,181,0,75,294,8,377,156,0,156,533
12/12/2015,APA,CO,ANM,WE,Towers with Radar,0,36,52,0,88,0,3,4,0,7,0,39,56,0,95,7,0,7,102
12/13/2015,APA,CO,ANM,WE,Towers with Radar,0,52,95,0,147,0,9,191,1,201,0,61,286,1,348,296,2,298,646
12/14/2015,APA,CO,ANM,WE,Towers with Radar,0,62,132,12,206,0,7,261,3,271,0,69,393,15,477,478,0,478,955
12/15/2015,APA,CO,ANM,WE,Towers with Radar,0,51,66,0,117,0,0,3,0,3,0,51,69,0,120,0,0,0,120
12/16/2015,APA,CO,ANM,WE,Towers with Radar,0,72,140,4,216,0,4,135,3,142,0,76,275,7,358,146,2,148,506
12/17/2015,APA,CO,ANM,WE,Towers with Radar,0,67,122,1,190,0,8,115,0,123,0,75,237,1,313,142,2,144,457
12/18/2015,APA,CO,ANM,WE,Towers with Radar,0,65,123,9,197,0,8,294,8,310,0,73,417,17,507,479,12,491,998
12/19/2015,APA,CO,ANM,WE,Towers with Radar,0,66,90,2,158,0,4,459,1,464,0,70,549,3,622,624,0,624,1246
12/20/2015,APA,CO,ANM,WE,Towers with Radar,0,52,67,5,124,0,0,239,0,239,0,52,306,5,363,444,0,444,807
12/21/2015,APA,CO,ANM,WE,Towers with Radar,0,49,90,3,142,0,2,294,5,301,0,51,384,8,443,448,6,454,897
12/22/2015,APA,CO,ANM,WE,Towers with Radar,0,67,91,0,158,0,6,295,0,301,0,73,386,0,459,430,0,430,889
12/23/2015,APA,CO,ANM,WE,Towers with Radar,0,65,101,0,166,0,1,222,0,223,0,66,323,0,389,342,0,342,731
12/24/2015,APA,CO,ANM,WE,Towers with Radar,0,42,50,0,92,0,0,132,0,132,0,42,182,0,224,171,0,171,395
12/25/2015,APA,CO,ANM,WE,Towers with Radar,0,64,21,2,87,0,0,10,0,10,0,64,31,2,97,25,0,25,122
12/26/2015,APA,CO,ANM,WE,Towers with Radar,0,70,120,0,190,0,2,46,0,48,0,72,166,0,238,32,0,32,270
12/27/2015,APA,CO,ANM,WE,Towers with Radar,0,74,135,0,209,0,4,247,0,251,0,78,382,0,460,324,0,324,784
12/28/2015,APA,CO,ANM,WE,Towers with Radar,0,80,105,0,185,0,3,350,2,355,0,83,455,2,540,390,0,390,930
12/29/2015,APA,CO,ANM,WE,Towers with Radar,0,70,119,0,189,0,10,202,1,213,0,80,321,1,402,227,2,229,631
12/30/2015,APA,CO,ANM,WE,Towers with Radar,0,61,95,0,156,0,26,345,2,373,0,87,440,2,529,312,58,370,899
12/31/2015,APA,CO,ANM,WE,Towers with Radar,0,57,66,0,123,0,8,265,0,273,0,65,331,0,396,397,0,397,793
01/01/2016,APA,CO,ANM,WE,Towers with Radar,0,54,66,0,120,0,0,139,0,139,0,54,205,0,259,175,0,175,434
01/02/2016,APA,CO,ANM,WE,Towers with Radar,0,62,151,0,213,0,0,558,0,558,0,62,709,0,771,554,0,554,1325
01/03/2016,APA,CO,ANM,WE,Towers with Radar,0,65,169,0,234,0,0,320,1,321,0,65,489,1,555,479,2,481,1036
01/04/2016,APA,CO,ANM,WE,Towers with Radar,0,47,115,0,162,0,10,220,0,230,0,57,335,0,392,334,0,334,726
01/05/2016,APA,CO,ANM,WE,Towers with Radar,0,57,97,5,159,0,6,345,8,359,0,63,442,13,518,646,10,656,1174
01/06/2016,APA,CO,ANM,WE,Towers with Radar,0,57,110,0,167,0,11,315,8,334,0,68,425,8,501,458,8,466,967
01/07/2016,APA,CO,ANM,WE,Towers with Radar,0,57,95,2,154,0,0,5,0,5,0,57,100,2,159,18,0,18,177
01/08/2016,APA,CO,ANM,WE,Towers with Radar,0,52,99,1,152,0,0,0,0,0,0,52,99,1,152,0,0,0,152
01/09/2016,APA,CO,ANM,WE,Towers with Radar,0,41,56,1,98,0,3,147,0,150,0,44,203,1,248,164,0,164,412
01/10/2016,APA,CO,ANM,WE,Towers with Radar,0,61,88,2,151,0,1,287,0,288,0,62,375,2,439,341,0,341,780
01/11/2016,APA,CO,ANM,WE,Towers with Radar,0,77,120,2,199,0,6,274,8,288,0,83,394,10,487,366,12,378,865
01/12/2016,APA,CO,ANM,WE,Towers with Radar,0,52,128,2,182,0,12,330,4,346,0,64,458,6,528,413,26,439,967
01/13/2016,APA,CO,ANM,WE,Towers with Radar,0,50,151,6,207,0,6,309,4,319,0,56,460,10,526,481,8,489,1015
01/14/2016,APA,CO,ANM,WE,Towers with Radar,0,75,143,6,224,0,5,183,0,188,0,80,326,6,412,144,0,144,556
01/15/2016,APA,CO,ANM,WE,Towers with Radar,0,67,121,6,194,0,6,240,18,264,0,73,361,24,458,477,36,513,971
01/16/2016,APA,CO,ANM,WE,Towers with Radar,0,43,62,0,105,0,1,341,0,342,0,44,403,0,447,418,2,420,867
01/17/2016,APA,CO,ANM,WE,Towers with Radar,0,56,96,1,153,3,5,157,2,167,3,61,253,3,320,130,0,130,450
01/18/2016,APA,CO,ANM,WE,Towers with Radar,0,74,167,4,245,1,0,285,3,289,1,74,452,7,534,350,14,364,898
01/19/2016,APA,CO,ANM,WE,Towers with Radar,0,75,113,3,191,0,2,211,0,213,0,77,324,3,404,280,0,280,684
01/20/2016,APA,CO,ANM,WE,Towers with Radar,0,80,128,2,210,0,2,179,0,181,0,82,307,2,391,84,0,84,475
01/21/2016,APA,CO,ANM,WE,Towers with Radar,0,56,144,7,207,0,3,260,3,266,0,59,404,10,473,390,12,402,875
01/22/2016,APA,CO,ANM,WE,Towers with Radar,0,69,123,13,205,0,3,366,12,381,0,72,489,25,586,555,32,587,1173
01/23/2016,APA,CO,ANM,WE,Towers with Radar,0,58,101,7,166,0,7,426,1,434,0,65,527,8,600,551,0,551,1151
01/24/2016,APA,CO,ANM,WE,Towers with Radar,0,94,148,3,245,0,2,230,1,233,0,96,378,4,478,226,0,226,704
01/25/2016,APA,CO,ANM,WE,Towers with Radar,0,76,130,0,206,0,2,183,2,187,0,78,313,2,393,190,0,190,583
01/26/2016,APA,CO,ANM,WE,Towers with Radar,0,64,108,0,172,0,5,216,2,223,0,69,324,2,395,326,0,326,721
01/27/2016,APA,CO,ANM,WE,Towers with Radar,0,80,143,1,224,0,8,315,1,324,0,88,458,2,548,479,4,483,1031
01/28/2016,APA,CO,ANM,WE,Towers with Radar,0,76,119,4,199,0,6,367,2,375,0,82,486,6,574,604,6,610,1184
01/29/2016,APA,CO,ANM,WE,Towers with Radar,0,70,113,2,185,0,8,181,6,195,0,78,294,8,380,106,2,108,488
01/30/2016,APA,CO,ANM,WE,Towers with Radar,0,45,67,1,113,0,12,365,7,384,0,57,432,8,497,435,2,437,934
01/31/2016,APA,CO,ANM,WE,Towers with Radar,0,54,69,0,123,0,0,55,0,55,0,54,124,0,178,50,0,50,228
02/01/2016,APA,CO,ANM,WE,Towers with Radar,0,27,52,2,81,0,0,0,0,0,0,27,52,2,81,0,0,0,81
02/02/2016,APA,CO,ANM,WE,Towers with Radar,0,54,73,0,127,0,0,0,0,0,0,54,73,0,127,0,0,0,127
02/03/2016,APA,CO,ANM,WE,Towers with Radar,0,80,128,4,212,0,27,138,0,165,0,107,266,4,377,86,0,86,463
02/04/2016,APA,CO,ANM,WE,Towers with Radar,0,79,127,1,207,0,7,191,4,202,0,86,318,5,409,356,16,372,781
02/05/2016,APA,CO,ANM,WE,Towers with Radar,0,62,129,5,196,0,2,229,0,231,0,64,358,5,427,468,0,468,895
02/06/2016,APA,CO,ANM,WE,Towers with Radar,0,50,81,1,132,0,7,391,0,398,0,57,472,1,530,390,0,390,920
02/07/2016,APA,CO,ANM,WE,Towers with Radar,0,45,62,0,107,0,9,142,0,151,0,54,204,0,258,244,0,244,502
02/08/2016,APA,CO,ANM,WE,Towers with Radar,0,91,168,0,259,0,4,221,2,227,0,95,389,2,486,408,0,408,894
02/09/2016,APA,CO,ANM,WE,Towers with Radar,0,54,103,3,160,0,14,316,6,336,0,68,419,9,496,480,2,482,978
02/10/2016,APA,CO,ANM,WE,Towers with Radar,0,65,136,0,201,0,10,250,6,266,0,75,386,6,467,456,4,460,927
02/11/2016,APA,CO,ANM,WE,Towers with Radar,0,63,166,0,229,0,5,255,0,260,0,68,421,0,489,406,0,406,895
02/12/2016,APA,CO,ANM,WE,Towers with Radar,0,81,184,5,270,0,19,419,5,443,0,100,603,10,713,609,2,611,1324
02/13/2016,APA,CO,ANM,WE,Towers with Radar,0,47,73,3,123,0,15,391,7,413,0,62,464,10,536,536,6,542,1078
02/14/2016,APA,CO,ANM,WE,Towers with Radar,0,43,57,3,103,0,6,170,7,183,0,49,227,10,286,169,10,179,465
02/15/2016,APA,CO,ANM,WE,Towers with Radar,0,75,161,2,238,0,7,133,3,143,0,82,294,5,381,136,0,136,517
02/16/2016,APA,CO,ANM,WE,Towers with Radar,0,89,148,2,239,0,8,325,9,342,0,97,473,11,581,678,6,684,1265
02/17/2016,APA,CO,ANM,WE,Towers with Radar,0,56,118,7,181,0,20,276,26,322,0,76,394,33,503,462,8,470,973
02/18/2016,APA,CO,ANM,WE,Towers with Radar,1,62,133,6,202,0,4,44,0,48,1,66,177,6,250,59,0,59,309
02/19/2016,APA,CO,ANM,WE,Towers with Radar,0,77,136,9,222,0,5,206,1,212,0,82,342,10,434,330,0,330,764
02/20/2016,APA,CO,ANM,WE,Towers with Radar,0,47,79,10,136,0,3,404,4,411,0,50,483,14,547,362,16,378,925
02/21/2016,APA,CO,ANM,WE,Towers with Radar,0,46,135,8,189,0,6,415,1,422,0,52,550,9,611,617,0,617,1228
02/22/2016,APA,CO,ANM,WE,Towers with Radar,0,57,130,6,193,0,6,252,4,262,0,63,382,10,455,346,4,350,805
02/23/2016,APA,CO,ANM,WE,Towers with Radar,0,66,100,0,166,0,5,158,12,175,0,71,258,12,341,196,10,206,547
02/24/2016,APA,CO,ANM,WE,Towers with Radar,0,64,136,0,200,0,11,311,7,329,0,75,447,7,529,497,2,499,1028
02/25/2016,APA,CO,ANM,WE,Towers with Radar,0,79,155,8,242,0,24,388,22,434,0,103,543,30,676,665,6,671,1347
02/26/2016,APA,CO,ANM,WE,Towers with Radar,0,49,128,3,180,0,7,414,4,425,0,56,542,7,605,585,4,589,1194
02/27/2016,APA,CO,ANM,WE,Towers with Radar,0,29,79,2,110,0,1,309,9,319,0,30,388,11,429,463,6,469,898
02/28/2016,APA,CO,ANM,WE,Towers with Radar,0,61,90,3,154,0,5,434,8,447,0,66,524,11,601,489,0,489,1090
02/29/2016,APA,CO,ANM,WE,Towers with Radar,0,59,112,3,174,0,7,165,8,180,0,66,277,11,354,216,22,238,592
03/01/2016,APA,CO,ANM,WE,Towers with Radar,0,66,107,4,177,0,15,334,4,353,0,81,441,8,530,510,6,516,1046
03/02/2016,APA,CO,ANM,WE,Towers with Radar,0,44,110,0,154,0,6,47,5,58,0,50,157,5,212,26,1,27,239
03/03/2016,APA,CO,ANM,WE,Towers with Radar,0,67,111,6,184,0,18,363,9,390,0,85,474,15,574,779,26,805,1379
03/04/2016,APA,CO,ANM,WE,Towers with Radar,0,75,113,14,202,0,7,362,13,382,0,82,475,27,584,554,12,566,1150
03/05/2016,APA,CO,ANM,WE,Towers with Radar,0,45,74,5,124,0,9,248,0,257,0,54,322,5,381,246,4,250,631
03/06/2016,APA,CO,ANM,WE,Towers with Radar,0,62,91,1,154,0,4,336,2,342,0,66,427,3,496,642,0,642,1138
03/07/2016,APA,CO,ANM,WE,Towers with Radar,1,59,107,6,173,0,9,87,0,96,1,68,194,6,269,100,0,100,369
03/08/2016,APA,CO,ANM,WE,Towers with Radar,0,85,125,3,213,0,7,239,12,258,0,92,364,15,471,539,16,555,1026
03/09/2016,APA,CO,ANM,WE,Towers with Radar,0,75,149,1,225,0,8,336,5,349,0,83,485,6,574,608,2,610,1184
03/10/2016,APA,CO,ANM,WE,Towers with Radar,0,83,132,3,218,0,13,438,10,461,0,96,570,13,679,784,14,798,1477
03/11/2016,APA,CO,ANM,WE,Towers with Radar,0,62,132,10,204,0,5,390,16,411,0,67,522,26,615,501,27,528,1143
03/12/2016,APA,CO,ANM,WE,Towers with Radar,1,42,73,0,116,0,9,339,7,355,1,51,412,7,471,606,4,610,1081
03/13/2016,APA,CO,ANM,WE,Towers with Radar,0,48,112,1,161,0,1,361,0,362,0,49,473,1,523,429,0,429,952
03/14/2016,APA,CO,ANM,WE,Towers with Radar,0,51,75,0,126,0,0,156,2,158,0,51,231,2,284,112,0,112,396
03/15/2016,APA,CO,ANM,WE,Towers with Radar,0,69,129,1,199,0,3,72,5,80,0,72,201,6,279,16,0,16,295
03/16/2016,APA,CO,ANM,WE,Towers with Radar,0,84,142,4,230,0,4,175,2,181,0,88,317,6,411,189,0,189,600
03/17/2016,APA,CO,ANM,WE,Towers with Radar,0,74,231,5,310,0,2,178,0,180,0,76,409,5,490,639,0,639,1129
03/18/2016,APA,CO,ANM,WE,Towers with Radar,0,64,95,1,160,0,2,26,0,28,0,66,121,1,188,42,0,42,230
03/19/2016,APA,CO,ANM,WE,Towers with Radar,0,61,102,8,171,0,2,312,4,318,0,63,414,12,489,349,18,367,856
03/20/2016,APA,CO,ANM,WE,Towers with Radar,0,51,135,6,192,0,3,528,0,531,0,54,663,6,723,770,0,770,1493
03/21/2016,APA,CO,ANM,WE,Towers with Radar,0,61,132,3,196,0,4,370,4,378,0,65,502,7,574,566,16,582,1156
03/22/2016,APA,CO,ANM,WE,Towers with Radar,0,69,101,3,173,0,9,292,2,303,0,78,393,5,476,212,12,224,700
03/23/2016,APA,CO,ANM,WE,Towers with Radar,0,24,11,0,35,0,0,0,0,0,0,24,11,0,35,0,0,0,35
03/24/2016,APA,CO,ANM,WE,Towers with Radar,0,131,181,1,313,0,4,126,2,132,0,135,307,3,445,179,0,179,624
03/25/2016,APA,CO,ANM,WE,Towers with Radar,0,69,144,1,214,0,2,281,1,284,0,71,425,2,498,392,0,392,890
03/26/2016,APA,CO,ANM,WE,Towers with Radar,0,53,56,0,109,0,3,15,0,18,0,56,71,0,127,4,0,4,131
03/27/2016,APA,CO,ANM,WE,Towers with Radar,0,45,84,0,129,0,5,345,0,350,0,50,429,0,479,562,0,562,1041
03/28/2016,APA,CO,ANM,WE,Towers with Radar,0,62,117,3,182,0,3,303,0,306,0,65,420,3,488,551,0,551,1039
03/29/2016,APA,CO,ANM,WE,Towers with Radar,0,66,101,4,171,0,13,268,7,288,0,79,369,11,459,527,11,538,997
03/30/2016,APA,CO,ANM,WE,Towers with Radar,0,73,94,2,169,0,5,78,0,83,0,78,172,2,252,144,0,144,396
03/31/2016,APA,CO,ANM,WE,Towers with Radar,0,77,91,5,173,0,0,36,1,37,0,77,127,6,210,78,2,80,290
04/01/2016,APA,CO,ANM,WE,Towers with Radar,0,53,112,17,182,0,4,306,9,319,0,57,418,26,501,439,34,473,974
04/02/2016,APA,CO,ANM,WE,Towers with Radar,0,32,77,0,109,0,5,476,4,485,0,37,553,4,594,620,0,620,1214
04/03/2016,APA,CO,ANM,WE,Towers with Radar,0,58,101,3,162,0,3,417,4,424,0,61,518,7,586,727,2,729,1315
04/04/2016,APA,CO,ANM,WE,Towers with Radar,0,51,111,7,169,0,7,411,2,420,0,58,522,9,589,514,28,542,1131
04/05/2016,APA,CO,ANM,WE,Towers with Radar,0,52,110,5,167,0,4,173,2,179,0,56,283,7,346,278,9,287,633
04/06/2016,APA,CO,ANM,WE,Towers with Radar,0,54,116,8,178,0,6,262,2,270,0,60,378,10,448,337,0,337,785
04/07/2016,APA,CO,ANM,WE,Towers with Radar,0,74,135,1,210,0,9,481,0,490,0,83,616,1,700,765,4,769,1469
04/08/2016,APA,CO,ANM,WE,Towers with Radar,0,51,101,2,154,0,35,433,15,483,0,86,534,17,637,840,14,854,1491
04/09/2016,APA,CO,ANM,WE,Towers with Radar,0,43,62,1,106,0,8,319,4,331,0,51,381,5,437,470,2,472,909
04/10/2016,APA,CO,ANM,WE,Towers with Radar,0,58,87,2,147,0,1,306,0,307,0,59,393,2,454,436,0,436,890
04/11/2016,APA,CO,ANM,WE,Towers with Radar,0,72,122,4,198,0,8,230,1,239,0,80,352,5,437,670,0,670,1107
04/12/2016,APA,CO,ANM,WE,Towers with Radar,0,64,118,2,184,0,7,309,2,318,0,71,427,4,502,602,8,610,1112
04/13/2016,APA,CO,ANM,WE,Towers with Radar,0,75,142,14,231,0,8,394,17,419,0,83,536,31,650,731,36,767,1417
04/14/2016,APA,CO,ANM,WE,Towers with Radar,0,85,156,21,262,0,2,297,25,324,0,87,453,46,586,452,26,478,1064
04/15/2016,APA,CO,ANM,WE,Towers with Radar,0,86,102,6,194,0,6,201,0,207,0,92,303,6,401,445,0,445,846
04/16/2016,APA,CO,ANM,WE,Towers with Radar,0,12,11,0,23,0,0,0,0,0,0,12,11,0,23,0,0,0,23
04/17/2016,APA,CO,ANM,WE,Towers with Radar,0,67,69,0,136,0,5,6,0,11,0,72,75,0,147,30,0,30,177
04/18/2016,APA,CO,ANM,WE,Towers with Radar,0,73,111,1,185,0,2,47,0,49,0,75,158,1,234,232,0,232,466
04/19/2016,APA,CO,ANM,WE,Towers with Radar,0,65,121,4,190,0,7,226,2,235,0,72,347,6,425,439,1,440,865
04/20/2016,APA,CO,ANM,WE,Towers with Radar,0,56,155,5,216,0,10,412,3,425,0,66,567,8,641,797,6,803,1444
04/21/2016,APA,CO,ANM,WE,Towers with Radar,0,66,145,4,215,0,6,492,7,505,0,72,637,11,720,773,1,774,1494
04/22/2016,APA,CO,ANM,WE,Towers with Radar,0,55,107,11,173,0,2,432,16,450,0,57,539,27,623,636,10,646,1269
04/23/2016,APA,CO,ANM,WE,Towers with Radar,0,27,53,10,90,0,4,214,8,226,0,31,267,18,316,325,22,347,663
04/24/2016,APA,CO,ANM,WE,Towers with Radar,0,56,127,5,188,0,12,377,2,391,0,68,504,7,579,515,0,515,1094
04/25/2016,APA,CO,ANM,WE,Towers with Radar,0,64,121,3,188,0,15,254,2,271,0,79,375,5,459,222,0,222,681
04/26/2016,APA,CO,ANM,WE,Towers with Radar,0,82,88,2,172,0,12,213,0,225,0,94,301,2,397,420,12,432,829
04/27/2016,APA,CO,ANM,WE,Towers with Radar,0,66,138,5,209,0,11,423,5,439,0,77,561,10,648,765,12,777,1425
04/28/2016,APA,CO,ANM,WE,Towers with Radar,1,67,121,4,193,0,3,40,0,43,1,70,161,4,236,104,0,104,340
04/29/2016,APA,CO,ANM,WE,Towers with Radar,0,61,54,0,115,0,0,2,0,2,0,61,56,0,117,0,0,0,117
04/30/2016,APA,CO,ANM,WE,Towers with Radar,0,44,41,1,86,0,0,0,0,0,0,44,41,1,86,0,0,0,86
05/01/2016,APA,CO,ANM,WE,Towers with Radar,0,58,57,0,115,0,1,11,0,12,0,59,68,0,127,4,0,4,131
05/02/2016,APA,CO,ANM,WE,Towers with Radar,0,46,116,3,165,0,4,417,6,427,0,50,533,9,592,607,0,607,1199
05/03/2016,APA,CO,ANM,WE,Towers with Radar,0,54,98,5,157,0,13,448,6,467,0,67,546,11,624,664,18,682,1306
05/04/2016,APA,CO,ANM,WE,Towers with Radar,1,74,142,3,220,0,7,520,1,528,1,81,662,4,748,721,0,721,1469
05/05/2016,APA,CO,ANM,WE,Towers with Radar,0,74,125,5,204,0,14,475,18,507,0,88,600,23,711,778,14,792,1503
05/06/2016,APA,CO,ANM,WE,Towers with Radar,1,52,112,8,173,0,3,339,16,358,1,55,451,24,531,518,20,538,1069
05/07/2016,APA,CO,ANM,WE,Towers with Radar,0,28,48,0,76,0,0,140,1,141,0,28,188,1,217,220,0,220,437
05/08/2016,APA,CO,ANM,WE,Towers with Radar,0,53,78,0,131,0,4,303,1,308,0,57,381,1,439,386,0,386,825
05/09/2016,APA,CO,ANM,WE,Towers with Radar,0,65,115,5,185,0,8,322,5,335,0,73,437,10,520,512,6,518,1038
05/10/2016,APA,CO,ANM,WE,Towers with Radar,0,58,83,2,143,0,10,184,2,196,0,68,267,4,339,348,2,350,689
05/11/2016,APA,CO,ANM,WE,Towers with Radar,0,59,127,4,190,0,14,276,10,300,0,73,403,14,490,544,10,554,1044
05/12/2016,APA,CO,ANM,WE,Towers with Radar,0,87,182,6,275,0,12,528,8,548,0,99,710,14,823,789,14,803,1626
05/13/2016,APA,CO,ANM,WE,Towers with Radar,0,61,118,13,192,0,8,465,1,474,0,69,583,14,666,626,2,628,1294
05/14/2016,APA,CO,ANM,WE,Towers with Radar,0,38,74,2,114,0,9,171,0,180,0,47,245,2,294,420,2,422,716
05/15/2016,APA,CO,ANM,WE,Towers with Radar,0,57,95,10,162,0,2,247,1,250,0,59,342,11,412,402,6,408,820
05/16/2016,APA,CO,ANM,WE,Towers with Radar,0,72,90,0,162,0,0,1,0,1,0,72,91,0,163,0,0,0,163
05/17/2016,APA,CO,ANM,WE,Towers with Radar,0,77,105,2,184,0,2,28,0,30,0,79,133,2,214,96,0,96,310
05/18/2016,APA,CO,ANM,WE,Towers with Radar,1,69,142,8,220,0,17,286,8,311,1,86,428,16,531,772,4,776,1307
05/19/2016,APA,CO,ANM,WE,Towers with Radar,0,73,119,7,199,0,9,511,2,522,0,82,630,9,721,994,2,996,1717
05/20/2016,APA,CO,ANM,WE,Towers with Radar,0,65,115,4,184,0,8,454,8,470,0,73,569,12,654,407,0,407,1061
05/21/2016,APA,CO,ANM,WE,Towers with Radar,0,36,70,4,110,0,3,402,7,412,0,39,472,11,522,432,14,446,968
05/22/2016,APA,CO,ANM,WE,Towers with Radar,0,54,110,3,167,0,7,369,2,378,0,61,479,5,545,415,0,415,960
05/23/2016,APA,CO,ANM,WE,Towers with Radar,0,54,93,4,151,0,8,297,1,306,0,62,390,5,457,327,2,329,786
05/24/2016,APA,CO,ANM,WE,Towers with Radar,0,80,129,7,216,0,2,345,3,350,0,82,474,10,566,422,22,444,1010
05/25/2016,APA,CO,ANM,WE,Towers with Radar,0,71,152,2,225,0,10,429,0,439,0,81,581,2,664,839,0,839,1503
05/26/2016,APA,CO,ANM,WE,Towers with Radar,0,61,117,0,178,0,5,223,8,236,0,66,340,8,414,363,2,365,779
05/27/2016,APA,CO,ANM,WE,Towers with Radar,0,67,123,0,190,0,7,132,0,139,0,74,255,0,329,152,0,152,481
05/28/2016,APA,CO,ANM,WE,Towers with Radar,1,32,52,0,85,0,8,294,0,302,1,40,346,0,387,461,0,461,848
05/29/2016,APA,CO,ANM,WE,Towers with Radar,0,34,47,0,81,0,4,229,0,233,0,38,276,0,314,276,0,276,590
05/30/2016,APA,CO,ANM,WE,Towers with Radar,1,64,86,5,156,0,6,285,3,294,1,70,371,8,450,406,6,412,862
05/31/2016,APA,CO,ANM,WE,Towers with Radar,0,51,114,2,167,0,7,223,4,234,0,58,337,6,401,555,0,555,956
06/01/2016,APA,CO,ANM,WE,Towers with Radar,0,65,173,1,239,0,18,213,3,234,0,83,386,4,473,523,0,523,996
06/02/2016,APA,CO,ANM,WE,Towers with Radar,0,66,116,7,189,0,8,466,9,483,0,74,582,16,672,793,12,805,1477
06/03/2016,APA,CO,ANM,WE,Towers with Radar,0,63,120,13,196,0,8,525,2,535,0,71,645,15,731,805,10,815,1546
06/04/2016,APA,CO,ANM,WE,Towers with Radar,0,32,74,12,118,0,3,490,2,495,0,35,564,14,613,656,0,656,1269
06/05/2016,APA,CO,ANM,WE,Towers with Radar,0,49,113,2,164,0,11,358,0,369,0,60,471,2,533,491,0,491,1024
06/06/2016,APA,CO,ANM,WE,Towers with Radar,0,60,101,2,163,0,4,401,8,413,0,64,502,10,576,454,12,466,1042
06/07/2016,APA,CO,ANM,WE,Towers with Radar,0,55,138,4,197,0,4,292,3,299,0,59,430,7,496,598,2,600,1096
06/08/2016,APA,CO,ANM,WE,Towers with Radar,0,66,146,1,213,0,16,348,5,369,0,82,494,6,582,769,0,769,1351
06/09/2016,APA,CO,ANM,WE,Towers with Radar,1,66,146,0,213,0,12,411,4,427,1,78,557,4,640,669,2,671,1311
06/10/2016,APA,CO,ANM,WE,Towers with Radar,0,62,139,9,210,0,8,455,11,474,0,70,594,20,684,625,28,653,1337
06/11/2016,APA,CO,ANM,WE,Towers with Radar,0,41,77,4,122,0,3,321,2,326,0,44,398,6,448,374,0,374,822
06/12/2016,APA,CO,ANM,WE,Towers with Radar,0,56,119,3,178,0,9,354,0,363,0,65,473,3,541,438,0,438,979
06/13/2016,APA,CO,ANM,WE,Towers with Radar,0,60,129,0,189,0,3,176,0,179,0,63,305,0,368,364,0,364,732
06/14/2016,APA,CO,ANM,WE,Towers with Radar,0,70,136,0,206,0,9,354,14,377,0,79,490,14,583,831,38,869,1452
06/15/2016,APA,CO,ANM,WE,Towers with Radar,0,66,153,1,220,0,15,401,7,423,0,81,554,8,643,773,24,797,1440
06/16/2016,APA,CO,ANM,WE,Towers with Radar,0,81,136,1,218,0,7,348,2,357,0,88,484,3,575,450,32,482,1057
06/17/2016,APA,CO,ANM,WE,Towers with Radar,0,65,141,4,210,0,12,453,6,471,0,77,594,10,681,613,4,617,1298
06/18/2016,APA,CO,ANM,WE,Towers with Radar,0,49,68,2,119,0,5,484,4,493,0,54,552,6,612,494,16,510,1122
06/19/2016,APA,CO,ANM,WE,Towers with Radar,0,52,104,4,160,0,1,322,0,323,0,53,426,4,483,360,0,360,843
06/20/2016,APA,CO,ANM,WE,Towers with Radar,0,64,156,5,225,0,5,239,12,256,0,69,395,17,481,394,24,418,899
06/21/2016,APA,CO,ANM,WE,Towers with Radar,0,65,107,4,176,0,13,465,29,507,0,78,572,33,683,689,84,773,1456
06/22/2016,APA,CO,ANM,WE,Towers with Radar,0,79,124,2,205,0,7,329,13,349,0,86,453,15,554,601,55,656,1210
06/23/2016,APA,CO,ANM,WE,Towers with Radar,0,66,138,5,209,0,20,348,4,372,0,86,486,9,581,441,16,457,1038
06/24/2016,APA,CO,ANM,WE,Towers with Radar,0,66,132,5,203,0,7,361,17,385,0,73,493,22,588,455,31,486,1074
06/25/2016,APA,CO,ANM,WE,Towers with Radar,0,39,63,4,106,0,15,399,0,414,0,54,462,4,520,447,0,447,967
06/26/2016,APA,CO,ANM,WE,Towers with Radar,0,45,92,4,141,0,3,376,2,381,0,48,468,6,522,376,0,376,898
06/27/2016,APA,CO,ANM,WE,Towers with Radar,0,52,126,2,180,0,9,263,1,273,0,61,389,3,453,375,10,385,838
06/28/2016,APA,CO,ANM,WE,Towers with Radar,0,67,131,1,199,0,16,262,11,289,0,83,393,12,488,248,6,254,742
06/29/2016,APA,CO,ANM,WE,Towers with Radar,0,100,147,1,248,0,7,290,14,311,0,107,437,15,559,492,26,518,1077
06/30/2016,APA,CO,ANM,WE,Towers with Radar,0,95,124,2,221,0,10,352,10,372,0,105,476,12,593,645,14,659,1252
07/01/2016,APA,CO,ANM,WE,Towers with Radar,0,75,137,1,213,0,8,224,4,236,0,83,361,5,449,711,0,711,1160
07/02/2016,APA,CO,ANM,WE,Towers with Radar,0,40,90,0,130,0,5,147,4,156,0,45,237,4,286,222,32,254,540
07/03/2016,APA,CO,ANM,WE,Towers with Radar,0,26,53,1,80,0,1,283,0,284,0,27,336,1,364,558,0,558,922
07/04/2016,APA,CO,ANM,WE,Towers with Radar,0,39,53,0,92,0,5,223,0,228,0,44,276,0,320,180,0,180,500
07/05/2016,APA,CO,ANM,WE,Towers with Radar,0,65,121,7,193,10,13,357,8,388,10,78,478,15,581,546,80,626,1207
07/06/2016,APA,CO,ANM,WE,Towers with Radar,0,59,120,6,185,0,8,381,24,413,0,67,501,30,598,713,76,789,1387
07/07/2016,APA,CO,ANM,WE,Towers with Radar,0,39,146,7,192,0,11,458,19,488,0,50,604,26,680,707,82,789,1469
07/08/2016,APA,CO,ANM,WE,Towers with Radar,0,46,103,14,163,0,34,236,12,282,0,80,339,26,445,282,103,385,830
07/09/2016,APA,CO,ANM,WE,Towers with Radar,0,38,87,3,128,0,15,324,19,358,0,53,411,22,486,490,116,606,1092
07/10/2016,APA,CO,ANM,WE,Towers with Radar,0,69,133,3,205,0,12,303,1,316,0,81,436,4,521,380,12,392,913
07/11/2016,APA,CO,ANM,WE,Towers with Radar,0,55,136,7,198,0,13,345,1,359,0,68,481,8,557,549,96,645,1202
07/12/2016,APA,CO,ANM,WE,Towers with Radar,0,51,97,12,160,0,11,294,3,308,0,62,391,15,468,539,36,575,1043
07/13/2016,APA,CO,ANM,WE,Towers with Radar,0,56,150,3,209,0,5,409,19,433,0,61,559,22,642,719,88,807,1449
07/14/2016,APA,CO,ANM,WE,Towers with Radar,1,78,155,2,236,0,23,511,10,544,1,101,666,12,780,501,24,525,1305
07/15/2016,APA,CO,ANM,WE,Towers with Radar,0,66,114,22,202,0,9,307,7,323,0,75,421,29,525,383,8,391,916
07/16/2016,APA,CO,ANM,WE,Towers with Radar,0,57,71,14,142,0,10,354,17,381,0,67,425,31,523,442,24,466,989
07/17/2016,APA,CO,ANM,WE,Towers with Radar,0,61,115,17,193,0,7,383,7,397,0,68,498,24,590,516,0,516,1106
07/18/2016,APA,CO,ANM,WE,Towers with Radar,0,67,112,1,180,0,8,342,5,355,0,75,454,6,535,338,20,358,893
07/19/2016,APA,CO,ANM,WE,Towers with Radar,0,62,121,0,183,0,2,360,6,368,0,64,481,6,551,406,72,478,1029
07/20/2016,APA,CO,ANM,WE,Towers with Radar,0,79,119,2,200,0,21,320,27,368,0,100,439,29,568,567,140,707,1275
07/21/2016,APA,CO,ANM,WE,Towers with Radar,0,67,136,0,203,0,9,317,18,344,0,76,453,18,547,391,100,491,1038
07/22/2016,APA,CO,ANM,WE,Towers with Radar,0,68,124,6,198,0,21,291,18,330,0,89,415,24,528,392,92,484,1012
07/23/2016,APA,CO,ANM,WE,Towers with Radar,1,43,78,4,126,0,6,324,8,338,1,49,402,12,464,502,2,504,968
07/24/2016,APA,CO,ANM,WE,Towers with Radar,0,58,109,1,168,0,3,294,0,297,0,61,403,1,465,371,0,371,836
07/25/2016,APA,CO,ANM,WE,Towers with Radar,0,67,121,0,188,0,4,386,9,399,0,71,507,9,587,374,28,402,989
07/26/2016,APA,CO,ANM,WE,Towers with Radar,0,55,137,1,193,0,16,322,11,349,0,71,459,12,542,476,73,549,1091
07/27/2016,APA,CO,ANM,WE,Towers with Radar,0,87,163,6,256,0,14,355,12,381,0,101,518,18,637,511,30,541,1178
07/28/2016,APA,CO,ANM,WE,Towers with Radar,0,69,153,4,226,0,20,346,7,373,0,89,499,11,599,194,2,196,795
07/29/2016,APA,CO,ANM,WE,Towers with Radar,0,75,141,8,224,0,7,353,4,364,0,82,494,12,588,188,0,188,776
07/30/2016,APA,CO,ANM,WE,Towers with Radar,0,39,85,3,127,0,5,378,3,386,0,44,463,6,513,330,0,330,843
07/31/2016,APA,CO,ANM,WE,Towers with Radar,0,55,138,6,199,0,4,307,9,320,0,59,445,15,519,371,0,371,890
08/01/2016,APA,CO,ANM,WE,Towers with Radar,0,56,115,2,173,0,9,272,24,305,0,65,387,26,478,360,96,456,934
08/02/2016,APA,CO,ANM,WE,Towers with Radar,0,74,139,2,215,0,16,298,7,321,0,90,437,9,536,417,58,475,1011
08/03/2016,APA,CO,ANM,WE,Towers with Radar,0,77,112,0,189,0,5,401,18,424,0,82,513,18,613,570,105,675,1288
08/04/2016,APA,CO,ANM,WE,Towers with Radar,0,63,148,2,213,0,5,363,1,369,0,68,511,3,582,558,18,576,1158
08/05/2016,APA,CO,ANM,WE,Towers with Radar,0,52,134,11,197,0,5,304,1,310,0,57,438,12,507,484,0,484,991
08/06/2016,APA,CO,ANM,WE,Towers with Radar,0,55,114,3,172,0,7,267,3,277,0,62,381,6,449,631,0,631,1080
08/07/2016,APA,CO,ANM,WE,Towers with Radar,1,64,126,6,197,0,5,344,2,351,1,69,470,8,548,382,0,382,930
08/08/2016,APA,CO,ANM,WE,Towers with Radar,0,57,164,2,223,0,5,296,1,302,0,62,460,3,525,362,0,362,887
08/09/2016,APA,CO,ANM,WE,Towers with Radar,0,85,139,2,226,0,12,339,0,351,0,97,478,2,577,401,0,401,978
08/10/2016,APA,CO,ANM,WE,Towers with Radar,0,57,142,0,199,0,9,293,2,304,0,66,435,2,503,533,12,545,1048
08/11/2016,APA,CO,ANM,WE,Towers with Radar,0,68,150,13,231,0,12,395,1,408,0,80,545,14,639,526,2,528,1167
08/12/2016,APA,CO,ANM,WE,Towers with Radar,0,93,134,16,243,0,10,410,3,423,0,103,544,19,666,746,0,746,1412
08/13/2016,APA,CO,ANM,WE,Towers with Radar,0,31,70,6,107,0,1,339,8,348,0,32,409,14,455,443,18,461,916
08/14/2016,APA,CO,ANM,WE,Towers with Radar,1,62,119,12,194,0,8,392,6,406,1,70,511,18,600,372,0,372,972
08/15/2016,APA,CO,ANM,WE,Towers with Radar,0,66,160,6,232,0,3,365,10,378,0,69,525,16,610,406,2,408,1018
08/16/2016,APA,CO,ANM,WE,Towers with Radar,0,76,140,0,216,0,8,304,3,315,0,84,444,3,531,414,0,414,945
08/17/2016,APA,CO,ANM,WE,Towers with Radar,1,78,160,0,239,0,12,391,9,412,1,90,551,9,651,603,8,611,1262
08/18/2016,APA,CO,ANM,WE,Towers with Radar,0,72,167,3,242,0,5,332,16,353,0,77,499,19,595,535,6,541,1136
08/19/2016,APA,CO,ANM,WE,Towers with Radar,0,54,144,3,201,0,15,200,13,228,0,69,344,16,429,461,23,484,913
08/20/2016,APA,CO,ANM,WE,Towers with Radar,1,40,107,6,154,0,13,415,4,432,1,53,522,10,586,541,0,541,1127
08/21/2016,APA,CO,ANM,WE,Towers with Radar,0,55,115,1,171,0,2,382,8,392,0,57,497,9,563,607,0,607,1170
08/22/2016,APA,CO,ANM,WE,Towers with Radar,0,60,136,5,201,0,9,384,5,398,0,69,520,10,599,487,0,487,1086
08/23/2016,APA,CO,ANM,WE,Towers with Radar,0,84,137,3,224,0,5,446,13,464,0,89,583,16,688,570,12,582,1270
08/24/2016,APA,CO,ANM,WE,Towers with Radar,0,76,140,1,217,0,11,213,13,237,0,87,353,14,454,554,14,568,1022
08/25/2016,APA,CO,ANM,WE,Towers with Radar,0,69,151,3,223,0,4,193,0,197,0,73,344,3,420,439,0,439,859
08/26/2016,APA,CO,ANM,WE,Towers with Radar,0,70,138,10,218,0,8,302,0,310,0,78,440,10,528,684,0,684,1212
08/27/2016,APA,CO,ANM,WE,Towers with Radar,0,32,62,2,96,0,4,403,11,418,0,36,465,13,514,678,18,696,1210
08/28/2016,APA,CO,ANM,WE,Towers with Radar,0,50,98,6,154,0,9,363,0,372,0,59,461,6,526,574,0,574,1100
08/29/2016,APA,CO,ANM,WE,Towers with Radar,0,50,120,1,171,0,4,300,1,305,0,54,420,2,476,382,2,384,860
08/30/2016,APA,CO,ANM,WE,Towers with Radar,0,60,111,0,171,0,7,327,6,340,0,67,438,6,511,729,26,755,1266
08/31/2016,APA,CO,ANM,WE,Towers with Radar,0,73,122,2,197,0,11,323,5,339,0,84,445,7,536,565,28,593,1129
09/01/2016,APA,CO,ANM,WE,Towers with Radar,0,72,167,0,239,0,8,322,3,333,0,80,489,3,572,506,0,506,1078
09/02/2016,APA,CO,ANM,WE,Towers with Radar,0,78,143,0,221,0,9,240,2,251,0,87,383,2,472,395,4,399,871
09/03/2016,APA,CO,ANM,WE,Towers with Radar,0,43,61,0,104,0,9,259,3,271,0,52,320,3,375,370,0,370,745
09/04/2016,APA,CO,ANM,WE,Towers with Radar,0,35,47,0,82,0,6,253,0,259,0,41,300,0,341,237,0,237,578
09/05/2016,APA,CO,ANM,WE,Towers with Radar,0,66,118,0,184,0,8,392,0,400,0,74,510,0,584,415,0,415,999
09/06/2016,APA,CO,ANM,WE,Towers with Radar,0,74,137,8,219,0,11,118,3,132,0,85,255,11,351,162,8,170,521
09/07/2016,APA,CO,ANM,WE,Towers with Radar,0,64,156,3,223,0,17,265,12,294,0,81,421,15,517,542,28,570,1087
09/08/2016,APA,CO,ANM,WE,Towers with Radar,1,57,158,9,225,0,12,332,16,360,1,69,490,25,585,449,15,464,1049
09/09/2016,APA,CO,ANM,WE,Towers with Radar,0,62,176,24,262,0,5,285,26,316,0,67,461,50,578,385,14,399,977
09/10/2016,APA,CO,ANM,WE,Towers with Radar,0,45,73,9,127,0,5,293,14,312,0,50,366,23,439,243,0,243,682
09/11/2016,APA,CO,ANM,WE,Towers with Radar,0,34,127,9,170,0,12,391,8,411,0,46,518,17,581,489,0,489,1070
09/12/2016,APA,CO,ANM,WE,Towers with Radar,0,49,133,4,186,0,11,209,4,224,0,60,342,8,410,393,20,413,823
09/13/2016,APA,CO,ANM,WE,Towers with Radar,0,60,145,5,210,0,5,198,12,215,0,65,343,17,425,449,33,482,907
09/14/2016,APA,CO,ANM,WE,Towers with Radar,0,74,146,7,227,0,4,227,4,235,0,78,373,11,462,344,4,348,810
09/15/2016,APA,CO,ANM,WE,Towers with Radar,0,68,155,3,226,0,3,346,9,358,0,71,501,12,584,508,4,512,1096
09/16/2016,APA,CO,ANM,WE,Towers with Radar,0,61,184,26,271,0,4,359,2,365,0,65,543,28,636,580,10,590,1226
09/17/2016,APA,CO,ANM,WE,Towers with Radar,0,43,80,19,142,0,1,398,3,402,0,44,478,22,544,414,12,426,970
09/18/2016,APA,CO,ANM,WE,Towers with Radar,0,55,135,1,191,0,5,324,3,332,0,60,459,4,523,451,2,453,976
09/19/2016,APA,CO,ANM,WE,Towers with Radar,0,65,135,6,206,0,7,379,8,394,0,72,514,14,600,358,24,382,982
09/20/2016,APA,CO,ANM,WE,Towers with Radar,0,65,105,3,173,0,15,393,7,415,0,80,498,10,588,461,30,491,1079
09/21/2016,APA,CO,ANM,WE,Towers with Radar,0,76,134,5,215,0,27,320,7,354,0,103,454,12,569,602,50,652,1221
09/22/2016,APA,CO,ANM,WE,Towers with Radar,0,84,180,7,271,0,15,192,1,208,0,99,372,8,479,354,0,354,833
09/23/2016,APA,CO,ANM,WE,Towers with Radar,0,56,152,18,226,0,7,165,10,182,0,63,317,28,408,303,0,303,711
09/24/2016,APA,CO,ANM,WE,Towers with Radar,0,34,77,10,121,0,5,350,5,360,0,39,427,15,481,630,0,630,1111
09/25/2016,APA,CO,ANM,WE,Towers with Radar,1,53,118,10,182,0,5,474,2,481,1,58,592,12,663,617,0,617,1280
09/26/2016,APA,CO,ANM,WE,Towers with Radar,0,40,125,3,168,0,10,407,2,419,0,50,532,5,587,530,16,546,1133
09/27/2016,APA,CO,ANM,WE,Towers with Radar,0,61,125,5,191,0,9,348,2,359,0,70,473,7,550,599,8,607,1157
09/28/2016,APA,CO,ANM,WE,Towers with Radar,0,71,137,2,210,0,11,368,3,382,0,82,505,5,592,281,16,297,889
09/29/2016,APA,CO,ANM,WE,Towers with Radar,0,71,140,3,214,0,12,330,15,357,0,83,470,18,571,362,18,380,951
09/30/2016,APA,CO,ANM,WE,Towers with Radar,0,83,144,7,234,0,7,381,27,415,0,90,525,34,649,354,0,354,1003
10/01/2016,APA,CO,ANM,WE,Towers with Radar,1,36,58,8,103,0,8,337,2,347,1,44,395,10,450,453,2,455,905
10/02/2016,APA,CO,ANM,WE,Towers with Radar,1,41,94,6,142,0,4,341,2,347,1,45,435,8,489,494,0,494,983
10/03/2016,APA,CO,ANM,WE,Towers with Radar,0,52,113,4,169,0,3,77,5,85,0,55,190,9,254,36,4,40,294
10/04/2016,APA,CO,ANM,WE,Towers with Radar,0,77,130,2,209,0,12,208,5,225,0,89,338,7,434,480,18,498,932
10/05/2016,APA,CO,ANM,WE,Towers with Radar,0,87,158,4,249,0,6,267,5,278,0,93,425,9,527,406,0,406,933
10/06/2016,APA,CO,ANM,WE,Towers with Radar,0,79,156,2,237,0,3,95,0,98,0,82,251,2,335,322,0,322,657
10/07/2016,APA,CO,ANM,WE,Towers with Radar,0,82,130,0,212,0,7,397,22,426,0,89,527,22,638,545,18,563,1201
10/08/2016,APA,CO,ANM,WE,Towers with Radar,1,45,73,19,138,0,1,298,7,306,1,46,371,26,444,402,24,426,870
10/09/2016,APA,CO,ANM,WE,Towers with Radar,0,51,121,2,174,0,3,254,0,257,0,54,375,2,431,323,0,323,754
10/10/2016,APA,CO,ANM,WE,Towers with Radar,0,44,126,8,178,0,4,377,5,386,0,48,503,13,564,508,8,516,1080
10/11/2016,APA,CO,ANM,WE,Towers with Radar,0,72,97,5,174,0,12,219,6,237,0,84,316,11,411,370,0,370,781
10/12/2016,APA,CO,ANM,WE,Towers with Radar,0,83,133,5,221,0,0,22,2,24,0,83,155,7,245,35,0,35,280
10/13/2016,APA,CO,ANM,WE,Towers with Radar,0,78,138,5,221,0,13,360,4,377,0,91,498,9,598,480,0,480,1078
10/14/2016,APA,CO,ANM,WE,Towers with Radar,0,66,144,19,229,0,7,294,4,305,0,73,438,23,534,468,4,472,1006
10/15/2016,APA,CO,ANM,WE,Towers with Radar,1,38,59,9,107,0,1,451,8,460,1,39,510,17,567,411,6,417,984
10/16/2016,APA,CO,ANM,WE,Towers with Radar,1,63,115,12,191,0,2,198,11,211,1,65,313,23,402,222,0,222,624
10/17/2016,APA,CO,ANM,WE,Towers with Radar,0,48,129,2,179,0,1,151,2,154,0,49,280,4,333,155,0,155,488
10/18/2016,APA,CO,ANM,WE,Towers with Radar,0,71,137,4,212,0,10,312,17,339,0,81,449,21,551,520,26,546,1097
10/19/2016,APA,CO,ANM,WE,Towers with Radar,0,75,145,2,222,0,7,260,12,279,0,82,405,14,501,488,5,493,994
10/20/2016,APA,CO,ANM,WE,Towers with Radar,0,78,141,4,223,0,14,298,3,315,0,92,439,7,538,511,8,519,1057
10/21/2016,APA,CO,ANM,WE,Towers with Radar,0,64,118,13,195,0,8,361,7,376,0,72,479,20,571,554,10,564,1135
10/22/2016,APA,CO,ANM,WE,Towers with Radar,0,40,200,3,243,0,5,366,5,376,0,45,566,8,619,406,0,406,1025
10/23/2016,APA,CO,ANM,WE,Towers with Radar,0,53,112,1,166,0,4,284,2,290,0,57,396,3,456,480,14,494,950
10/24/2016,APA,CO,ANM,WE,Towers with Radar,0,56,138,2,196,0,1,364,3,368,0,57,502,5,564,634,0,634,1198
10/25/2016,APA,CO,ANM,WE,Towers with Radar,0,74,140,0,214,0,3,337,10,350,0,77,477,10,564,532,0,532,1096
10/26/2016,APA,CO,ANM,WE,Towers with Radar,0,73,121,3,197,0,7,244,0,251,0,80,365,3,448,525,4,529,977
10/27/2016,APA,CO,ANM,WE,Towers with Radar,0,63,146,1,210,0,3,282,32,317,0,66,428,33,527,470,2,472,999
10/28/2016,APA,CO,ANM,WE,Towers with Radar,0,65,134,7,206,0,11,368,13,392,0,76,502,20,598,650,8,658,1256
10/29/2016,APA,CO,ANM,WE,Towers with Radar,0,46,70,2,118,0,8,356,14,378,0,54,426,16,496,503,0,503,999
10/30/2016,APA,CO,ANM,WE,Towers with Radar,0,67,147,0,214,0,7,301,6,314,0,74,448,6,528,453,6,459,987
10/31/2016,APA,CO,ANM,WE,Towers with Radar,0,52,96,2,150,0,9,248,16,273,0,61,344,18,423,416,15,431,854
11/01/2016,APA,CO,ANM,WE,Towers with Radar,0,64,116,4,184,0,9,216,14,239,0,73,332,18,423,264,0,264,687
11/02/2016,APA,CO,ANM,WE,Towers with Radar,0,70,132,0,202,0,4,246,14,264,0,74,378,14,466,449,11,460,926
11/03/2016,APA,CO,ANM,WE,Towers with Radar,1,82,142,3,228,0,11,321,8,340,1,93,463,11,568,501,0,501,1069
11/04/2016,APA,CO,ANM,WE,Towers with Radar,0,70,109,6,185,0,0,423,11,434,0,70,532,17,619,597,24,621,1240
11/05/2016,APA,CO,ANM,WE,Towers with Radar,0,46,81,4,131,0,3,394,2,399,0,49,475,6,530,505,0,505,1035
11/06/2016,APA,CO,ANM,WE,Towers with Radar,0,44,89,5,138,0,8,346,1,355,0,52,435,6,493,667,0,667,1160
11/07/2016,APA,CO,ANM,WE,Towers with Radar,0,50,105,15,170,0,23,249,20,292,0,73,354,35,462,448,34,482,944
11/08/2016,APA,CO,ANM,WE,Towers with Radar,0,67,109,4,180,0,8,271,9,288,0,75,380,13,468,550,8,558,1026
11/09/2016,APA,CO,ANM,WE,Towers with Radar,0,47,120,9,176,0,5,301,11,317,0,52,421,20,493,477,2,479,972
11/10/2016,APA,CO,ANM,WE,Towers with Radar,0,64,128,22,214,0,5,259,8,272,0,69,387,30,486,481,16,497,983
11/11/2016,APA,CO,ANM,WE,Towers with Radar,0,50,148,14,212,0,2,398,4,404,0,52,546,18,616,484,6,490,1106
11/12/2016,APA,CO,ANM,WE,Towers with Radar,0,44,76,7,127,0,1,342,0,343,0,45,418,7,470,490,0,490,960
11/13/2016,APA,CO,ANM,WE,Towers with Radar,0,44,106,4,154,0,3,314,1,318,0,47,420,5,472,462,0,462,934
11/14/2016,APA,CO,ANM,WE,Towers with Radar,0,46,111,5,162,0,8,248,6,262,0,54,359,11,424,396,0,396,820
11/15/2016,APA,CO,ANM,WE,Towers with Radar,0,76,134,4,214,0,16,390,13,419,0,92,524,17,633,673,0,673,1306
11/16/2016,APA,CO,ANM,WE,Towers with Radar,0,65,128,8,201,0,8,186,3,197,0,73,314,11,398,212,2,214,612
11/17/2016,APA,CO,ANM,WE,Towers with Radar,0,66,104,4,174,0,1,8,1,10,0,67,112,5,184,16,0,16,200
11/18/2016,APA,CO,ANM,WE,Towers with Radar,0,78,135,2,215,0,4,223,4,231,0,82,358,6,446,213,26,239,685
11/19/2016,APA,CO,ANM,WE,Towers with Radar,0,46,92,2,140,0,11,340,3,354,0,57,432,5,494,398,4,402,896
11/20/2016,APA,CO,ANM,WE,Towers with Radar,0,61,108,2,171,0,5,358,0,363,0,66,466,2,534,502,0,502,1036
11/21/2016,APA,CO,ANM,WE,Towers with Radar,0,59,87,5,151,0,10,356,8,374,0,69,443,13,525,483,4,487,1012
11/22/2016,APA,CO,ANM,WE,Towers with Radar,0,83,84,5,172,0,10,42,2,54,0,93,126,7,226,70,0,70,296
11/23/2016,APA,CO,ANM,WE,Towers with Radar,0,71,149,8,228,0,18,336,0,354,0,89,485,8,582,556,0,556,1138
11/24/2016,APA,CO,ANM,WE,Towers with Radar,0,25,19,1,45,0,1,27,0,28,0,26,46,1,73,0,0,0,73
11/25/2016,APA,CO,ANM,WE,Towers with Radar,0,38,38,0,76,0,0,285,2,287,0,38,323,2,363,356,0,356,719
11/26/2016,APA,CO,ANM,WE,Towers with Radar,0,70,96,2,168,0,6,365,0,371,0,76,461,2,539,359,0,359,898
11/27/2016,APA,CO,ANM,WE,Towers with Radar,0,87,138,2,227,0,4,61,0,65,0,91,199,2,292,40,0,40,332
11/28/2016,APA,CO,ANM,WE,Towers with Radar,0,47,143,9,199,0,9,146,6,161,0,56,289,15,360,157,0,157,517
11/29/2016,APA,CO,ANM,WE,Towers with Radar,0,50,139,10,199,0,6,190,20,216,0,56,329,30,415,292,14,306,721
11/30/2016,APA,CO,ANM,WE,Towers with Radar,0,49,137,7,193,0,14,294,12,320,0,63,431,19,513,499,16,515,1028
12/01/2016,APA,CO,ANM,WE,Towers with Radar,0,58,131,1,190,0,10,219,18,247,0,68,350,19,437,469,16,485,922
12/02/2016,APA,CO,ANM,WE,Towers with Radar,0,73,97,0,170,0,4,123,6,133,0,77,220,6,303,343,0,343,646
12/03/2016,APA,CO,ANM,WE,Towers with Radar,0,46,57,0,103,0,8,300,2,310,0,54,357,2,413,607,0,607,1020
12/04/2016,APA,CO,ANM,WE,Towers with Radar,0,39,68,2,109,0,13,223,0,236,0,52,291,2,345,450,0,450,795
12/05/2016,APA,CO,ANM,WE,Towers with Radar,0,55,96,6,157,0,9,171,1,181,0,64,267,7,338,150,0,150,488
12/06/2016,APA,CO,ANM,WE,Towers with Radar,0,71,105,5,181,0,2,110,3,115,0,73,215,8,296,308,2,310,606
12/07/2016,APA,CO,ANM,WE,Towers with Radar,0,50,111,0,161,0,0,3,0,3,0,50,114,0,164,0,0,0,164
12/08/2016,APA,CO,ANM,WE,Towers with Radar,0,75,145,2,222,0,1,129,4,134,0,76,274,6,356,235,0,235,591
12/09/2016,APA,CO,ANM,WE,Towers with Radar,0,68,115,7,190,0,10,282,3,295,0,78,397,10,485,453,0,453,938
12/10/2016,APA,CO,ANM,WE,Towers with Radar,0,45,56,5,106,0,3,255,13,271,0,48,311,18,377,383,10,393,770
12/11/2016,APA,CO,ANM,WE,Towers with Radar,0,61,85,0,146,0,8,199,0,207,0,69,284,0,353,346,0,346,699
12/12/2016,APA,CO,ANM,WE,Towers with Radar,0,50,131,10,191,0,11,213,30,254,0,61,344,40,445,440,34,474,919
12/13/2016,APA,CO,ANM,WE,Towers with Radar,0,64,116,0,180,0,14,269,13,296,0,78,385,13,476,521,34,555,1031
12/14/2016,APA,CO,ANM,WE,Towers with Radar,0,69,148,0,217,0,14,202,3,219,0,83,350,3,436,366,0,366,802
12/15/2016,APA,CO,ANM,WE,Towers with Radar,0,86,169,6,261,0,4,124,5,133,0,90,293,11,394,141,0,141,535
12/16/2016,APA,CO,ANM,WE,Towers with Radar,2,95,127,3,227,0,2,96,0,98,2,97,223,3,325,160,0,160,485
12/17/2016,APA,CO,ANM,WE,Towers with Radar,0,56,75,0,131,0,0,15,0,15,0,56,90,0,146,14,0,14,160
12/18/2016,APA,CO,ANM,WE,Towers with Radar,1,62,125,0,188,0,0,114,1,115,1,62,239,1,303,86,0,86,389
12/19/2016,APA,CO,ANM,WE,Towers with Radar,0,54,121,7,182,0,11,261,4,276,0,65,382,11,458,271,2,273,731
12/20/2016,APA,CO,ANM,WE,Towers with Radar,1,73,126,2,202,0,9,292,2,303,1,82,418,4,505,357,0,357,862
12/21/2016,APA,CO,ANM,WE,Towers with Radar,0,67,110,5,182,0,9,219,10,238,0,76,329,15,420,244,0,244,664
12/22/2016,APA,CO,ANM,WE,Towers with Radar,0,77,141,3,221,0,4,226,3,233,0,81,367,6,454,521,0,521,975
12/23/2016,APA,CO,ANM,WE,Towers with Radar,0,73,127,0,200,0,6,315,0,321,0,79,442,0,521,495,0,495,1016
12/24/2016,APA,CO,ANM,WE,Towers with Radar,0,31,45,0,76,0,1,146,0,147,0,32,191,0,223,124,0,124,347
12/25/2016,APA,CO,ANM,WE,Towers with Radar,0,30,17,0,47,0,1,10,0,11,0,31,27,0,58,2,0,2,60
12/26/2016,APA,CO,ANM,WE,Towers with Radar,1,95,148,0,244,0,7,208,0,215,1,102,356,0,459,328,0,328,787
12/27/2016,APA,CO,ANM,WE,Towers with Radar,0,66,134,2,202,0,0,189,0,189,0,66,323,2,391,305,0,305,696
12/28/2016,APA,CO,ANM,WE,Towers with Radar,0,63,94,1,158,0,3,127,3,133,0,66,221,4,291,176,2,178,469
12/29/2016,APA,CO,ANM,WE,Towers with Radar,0,55,105,1,161,0,8,356,4,368,0,63,461,5,529,508,7,515,1044
12/30/2016,APA,CO,ANM,WE,Towers with Radar,0,67,86,0,153,0,6,279,0,285,0,73,365,0,438,321,0,321,759
12/31/2016,APA,CO,ANM,WE,Towers with Radar,0,56,54,0,110,0,7,277,0,284,0,63,331,0,394,357,0,357,751
01/01/2017,APA,CO,ANM,WE,Towers with Radar,0,48,88,0,136,0,0,164,1,165,0,48,252,1,301,210,0,210,511
01/02/2017,APA,CO,ANM,WE,Towers with Radar,0,91,195,0,286,0,9,132,0,141,0,100,327,0,427,254,0,254,681
01/03/2017,APA,CO,ANM,WE,Towers with Radar,0,72,102,0,174,0,3,84,0,87,0,75,186,0,261,58,0,58,319
01/04/2017,APA,CO,ANM,WE,Towers with Radar,0,59,77,3,139,0,0,3,0,3,0,59,80,3,142,0,0,0,142
01/05/2017,APA,CO,ANM,WE,Towers with Radar,0,68,72,4,144,0,0,5,0,5,0,68,77,4,149,0,0,0,149
01/06/2017,APA,CO,ANM,WE,Towers with Radar,0,72,97,8,177,0,4,156,2,162,0,76,253,10,339,162,0,162,501
01/07/2017,APA,CO,ANM,WE,Towers with Radar,0,42,91,7,140,0,3,233,1,237,0,45,324,8,377,315,0,315,692
01/08/2017,APA,CO,ANM,WE,Towers with Radar,0,49,86,3,138,0,2,326,0,328,0,51,412,3,466,442,0,442,908
01/09/2017,APA,CO,ANM,WE,Towers with Radar,0,46,92,6,144,0,2,11,0,13,0,48,103,6,157,2,0,2,159
01/10/2017,APA,CO,ANM,WE,Towers with Radar,2,60,106,3,171,0,3,81,1,85,2,63,187,4,256,80,0,80,336
01/11/2017,APA,CO,ANM,WE,Towers with Radar,0,48,114,5,167,0,6,64,4,74,0,54,178,9,241,149,4,153,394
01/12/2017,APA,CO,ANM,WE,Towers with Radar,0,68,176,1,245,0,2,207,5,214,0,70,383,6,459,324,0,324,783
01/13/2017,APA,CO,ANM,WE,Towers with Radar,0,77,121,1,199,0,3,206,1,210,0,80,327,2,409,361,0,361,770
01/14/2017,APA,CO,ANM,WE,Towers with Radar,0,50,71,0,121,0,0,293,0,293,0,50,364,0,414,464,0,464,878
01/15/2017,APA,CO,ANM,WE,Towers with Radar,0,37,57,2,96,0,0,8,0,8,0,37,65,2,104,70,0,70,174
01/16/2017,APA,CO,ANM,WE,Towers with Radar,0,74,110,0,184,0,2,3,0,5,0,76,113,0,189,0,0,0,189
01/17/2017,APA,CO,ANM,WE,Towers with Radar,0,65,103,6,174,0,13,197,5,215,0,78,300,11,389,435,4,439,828
01/18/2017,APA,CO,ANM,WE,Towers with Radar,0,71,124,11,206,0,1,382,14,397,0,72,506,25,603,623,10,633,1236
01/19/2017,APA,CO,ANM,WE,Towers with Radar,0,90,129,11,230,0,6,322,6,334,0,96,451,17,564,479,6,485,1049
01/20/2017,APA,CO,ANM,WE,Towers with Radar,0,75,114,2,191,0,3,119,1,123,0,78,233,3,314,296,0,296,610
01/21/2017,APA,CO,ANM,WE,Towers with Radar,0,41,71,4,116,0,1,341,2,344,0,42,412,6,460,420,0,420,880
01/22/2017,APA,CO,ANM,WE,Towers with Radar,0,49,90,0,139,0,4,324,0,328,0,53,414,0,467,436,0,436,903
01/23/2017,APA,CO,ANM,WE,Towers with Radar,0,64,91,7,162,0,2,170,7,179,0,66,261,14,341,99,36,135,476
01/24/2017,APA,CO,ANM,WE,Towers with Radar,0,62,112,1,175,0,2,6,2,10,0,64,118,3,185,4,0,4,189
01/25/2017,APA,CO,ANM,WE,Towers with Radar,0,70,129,7,206,0,11,218,11,240,0,81,347,18,446,384,16,400,846
01/26/2017,APA,CO,ANM,WE,Towers with Radar,0,74,147,4,225,0,7,188,3,198,0,81,335,7,423,388,8,396,819
01/27/2017,APA,CO,ANM,WE,Towers with Radar,0,54,130,26,210,0,6,289,14,309,0,60,419,40,519,383,9,392,911
01/28/2017,APA,CO,ANM,WE,Towers with Radar,0,51,45,1,97,0,0,270,8,278,0,51,315,9,375,530,2,532,907
01/29/2017,APA,CO,ANM,WE,Towers with Radar,0,45,87,14,146,0,5,363,1,369,0,50,450,15,515,546,0,546,1061
01/30/2017,APA,CO,ANM,WE,Towers with Radar,0,49,103,1,153,0,2,279,0,281,0,51,382,1,434,587,0,587,1021
01/31/2017,APA,CO,ANM,WE,Towers with Radar,0,74,95,0,169,0,10,302,9,321,0,84,397,9,490,558,18,576,1066
02/01/2017,APA,CO,ANM,WE,Towers with Radar,0,54,132,0,186,0,3,32,0,35,0,57,164,0,221,96,0,96,317
02/02/2017,APA,CO,ANM,WE,Towers with Radar,0,57,123,0,180,0,3,8,0,11,0,60,131,0,191,4,0,4,195
02/03/2017,APA,CO,ANM,WE,Towers with Radar,0,55,123,6,184,0,6,64,6,76,0,61,187,12,260,114,2,116,376
02/04/2017,APA,CO,ANM,WE,Towers with Radar,0,42,60,0,102,0,0,169,9,178,0,42,229,9,280,267,0,267,547
02/05/2017,APA,CO,ANM,WE,Towers with Radar,0,43,74,3,120,0,3,554,0,557,0,46,628,3,677,759,0,759,1436
02/06/2017,APA,CO,ANM,WE,Towers with Radar,0,64,131,8,203,0,13,268,12,293,0,77,399,20,496,340,24,364,860
02/07/2017,APA,CO,ANM,WE,Towers with Radar,0,74,102,9,185,0,9,196,4,209,0,83,298,13,394,376,10,386,780
02/08/2017,APA,CO,ANM,WE,Towers with Radar,0,52,134,4,190,0,5,60,3,68,0,57,194,7,258,55,0,55,313
02/09/2017,APA,CO,ANM,WE,Towers with Radar,0,74,118,2,194,0,11,272,7,290,0,85,390,9,484,650,21,671,1155
02/10/2017,APA,CO,ANM,WE,Towers with Radar,0,61,129,7,197,0,2,72,2,76,0,63,201,9,273,38,4,42,315
02/11/2017,APA,CO,ANM,WE,Towers with Radar,0,57,52,3,112,0,3,214,0,217,0,60,266,3,329,329,0,329,658
02/12/2017,APA,CO,ANM,WE,Towers with Radar,1,59,91,0,151,0,4,281,0,285,1,63,372,0,436,620,0,620,1056
02/13/2017,APA,CO,ANM,WE,Towers with Radar,0,72,117,5,194,0,5,380,13,398,0,77,497,18,592,560,26,586,1178
02/14/2017,APA,CO,ANM,WE,Towers with Radar,0,59,114,3,176,0,6,347,22,375,0,65,461,25,551,525,71,596,1147
02/15/2017,APA,CO,ANM,WE,Towers with Radar,0,72,127,4,203,0,11,324,17,352,0,83,451,21,555,565,32,597,1152
02/16/2017,APA,CO,ANM,WE,Towers with Radar,0,80,148,3,231,0,10,351,14,375,0,90,499,17,606,626,15,641,1247
02/17/2017,APA,CO,ANM,WE,Towers with Radar,0,75,155,5,235,0,4,319,24,347,0,79,474,29,582,434,2,436,1018
02/18/2017,APA,CO,ANM,WE,Towers with Radar,0,54,64,1,119,0,0,487,1,488,0,54,551,2,607,368,0,368,975
02/19/2017,APA,CO,ANM,WE,Towers with Radar,0,46,86,3,135,0,0,176,0,176,0,46,262,3,311,312,0,312,623
02/20/2017,APA,CO,ANM,WE,Towers with Radar,0,81,132,3,216,0,1,319,6,326,0,82,451,9,542,574,6,580,1122
02/21/2017,APA,CO,ANM,WE,Towers with Radar,0,70,146,4,220,0,7,110,0,117,0,77,256,4,337,62,0,62,399
02/22/2017,APA,CO,ANM,WE,Towers with Radar,0,56,126,4,186,0,8,169,8,185,0,64,295,12,371,115,16,131,502
02/23/2017,APA,CO,ANM,WE,Towers with Radar,0,63,124,1,188,0,2,2,0,4,0,65,126,1,192,0,0,0,192
02/24/2017,APA,CO,ANM,WE,Towers with Radar,0,57,115,0,172,0,0,30,1,31,0,57,145,1,203,13,0,13,216
02/25/2017,APA,CO,ANM,WE,Towers with Radar,1,53,97,10,161,0,2,248,2,252,1,55,345,12,413,602,0,602,1015
02/26/2017,APA,CO,ANM,WE,Towers with Radar,0,55,123,0,178,0,0,295,2,297,0,55,418,2,475,524,0,524,999
02/27/2017,APA,CO,ANM,WE,Towers with Radar,0,68,119,4,191,0,12,130,8,150,0,80,249,12,341,164,0,164,505
02/28/2017,APA,CO,ANM,WE,Towers with Radar,0,84,104,3,191,0,3,85,0,88,0,87,189,3,279,309,0,309,588
03/01/2017,APA,CO,ANM,WE,Towers with Radar,0,84,142,8,234,0,14,281,15,310,0,98,423,23,544,496,10,506,1050
03/02/2017,APA,CO,ANM,WE,Towers with Radar,0,74,152,3,229,0,1,330,3,334,0,75,482,6,563,606,2,608,1171
03/03/2017,APA,CO,ANM,WE,Towers with Radar,0,70,125,8,203,0,2,377,9,388,0,72,502,17,591,582,12,594,1185
03/04/2017,APA,CO,ANM,WE,Towers with Radar,0,34,69,4,107,0,9,161,0,170,0,43,230,4,277,94,0,94,371
03/05/2017,APA,CO,ANM,WE,Towers with Radar,0,64,92,3,159,0,0,84,0,84,0,64,176,3,243,16,0,16,259
03/06/2017,APA,CO,ANM,WE,Towers with Radar,0,38,89,1,128,0,0,1,0,1,0,38,90,1,129,0,0,0,129
03/07/2017,APA,CO,ANM,WE,Towers with Radar,0,72,107,2,181,0,4,123,5,132,0,76,230,7,313,280,0,280,593
03/08/2017,APA,CO,ANM,WE,Towers with Radar,0,68,132,1,201,0,8,284,4,296,0,76,416,5,497,463,2,465,962
03/09/2017,APA,CO,ANM,WE,Towers with Radar,0,79,152,3,234,0,18,251,15,284,0,97,403,18,518,426,6,432,950
03/10/2017,APA,CO,ANM,WE,Towers with Radar,0,65,161,7,233,0,9,511,5,525,0,74,672,12,758,897,8,905,1663
03/11/2017,APA,CO,ANM,WE,Towers with Radar,0,50,93,3,146,0,4,113,1,118,0,54,206,4,264,377,16,393,657
03/12/2017,APA,CO,ANM,WE,Towers with Radar,0,57,119,3,179,0,3,90,0,93,0,60,209,3,272,224,0,224,496
03/13/2017,APA,CO,ANM,WE,Towers with Radar,0,64,121,5,190,0,12,428,12,452,0,76,549,17,642,781,8,789,1431
03/14/2017,APA,CO,ANM,WE,Towers with Radar,0,73,111,7,191,0,4,184,4,192,0,77,295,11,383,241,2,243,626
03/15/2017,APA,CO,ANM,WE,Towers with Radar,0,59,163,1,223,0,3,303,4,310,0,62,466,5,533,611,14,625,1158
03/16/2017,APA,CO,ANM,WE,Towers with Radar,0,87,134,4,225,0,16,293,5,314,0,103,427,9,539,716,10,726,1265
03/17/2017,APA,CO,ANM,WE,Towers with Radar,0,62,125,2,189,0,2,354,0,356,0,64,479,2,545,713,0,713,1258
03/18/2017,APA,CO,ANM,WE,Towers with Radar,0,57,97,2,156,0,0,512,1,513,0,57,609,3,669,558,0,558,1227
03/19/2017,APA,CO,ANM,WE,Towers with Radar,1,62,129,0,192,0,1,320,0,321,1,63,449,0,513,407,0,407,920
03/20/2017,APA,CO,ANM,WE,Towers with Radar,0,57,115,3,175,0,3,296,9,308,0,60,411,12,483,370,2,372,855
03/21/2017,APA,CO,ANM,WE,Towers with Radar,0,55,132,5,192,0,19,320,22,361,0,74,452,27,553,628,18,646,1199
03/22/2017,APA,CO,ANM,WE,Towers with Radar,0,62,122,1,185,0,3,345,13,361,0,65,467,14,546,689,7,696,1242
03/23/2017,APA,CO,ANM,WE,Towers with Radar,0,58,147,1,206,0,4,75,16,95,0,62,222,17,301,128,16,144,445
03/24/2017,APA,CO,ANM,WE,Towers with Radar,0,68,75,8,151,0,0,45,4,49,0,68,120,12,200,48,0,48,248
03/25/2017,APA,CO,ANM,WE,Towers with Radar,0,48,67,6,121,0,3,387,1,391,0,51,454,7,512,551,0,551,1063
03/26/2017,APA,CO,ANM,WE,Towers with Radar,0,43,62,2,107,0,0,94,0,94,0,43,156,2,201,230,0,230,431
03/27/2017,APA,CO,ANM,WE,Towers with Radar,0,58,104,1,163,0,4,335,6,345,0,62,439,7,508,416,14,430,938
03/28/2017,APA,CO,ANM,WE,Towers with Radar,0,58,112,1,171,0,2,5,0,7,0,60,117,1,178,2,0,2,180
03/29/2017,APA,CO,ANM,WE,Towers with Radar,0,60,114,6,180,0,2,99,15,116,0,62,213,21,296,149,5,154,450
03/30/2017,APA,CO,ANM,WE,Towers with Radar,0,66,129,12,207,0,10,378,8,396,0,76,507,20,603,588,8,596,1199
03/31/2017,APA,CO,ANM,WE,Towers with Radar,0,73,78,1,152,0,0,3,0,3,0,73,81,1,155,14,0,14,169
04/01/2017,APA,CO,ANM,WE,Towers with Radar,0,56,70,0,126,0,0,10,0,10,0,56,80,0,136,2,0,2,138
04/02/2017,APA,CO,ANM,WE,Towers with Radar,0,64,105,2,171,0,2,357,2,361,0,66,462,4,532,631,0,631,1163
04/03/2017,APA,CO,ANM,WE,Towers with Radar,0,75,101,0,176,0,2,297,4,303,0,77,398,4,479,384,2,386,865
04/04/2017,APA,CO,ANM,WE,Towers with Radar,0,64,89,0,153,0,0,11,0,11,0,64,100,0,164,28,0,28,192
04/05/2017,APA,CO,ANM,WE,Towers with Radar,0,57,111,5,173,0,3,330,8,341,0,60,441,13,514,547,5,552,1066
04/06/2017,APA,CO,ANM,WE,Towers with Radar,0,65,142,3,210,0,5,384,12,401,0,70,526,15,611,450,6,456,1067
04/07/2017,APA,CO,ANM,WE,Towers with Radar,0,62,110,12,184,0,13,293,20,326,0,75,403,32,510,496,18,514,1024
04/08/2017,APA,CO,ANM,WE,Towers with Radar,0,55,65,2,122,0,8,243,5,256,0,63,308,7,378,468,3,471,849
04/09/2017,APA,CO,ANM,WE,Towers with Radar,0,52,86,2,140,0,1,112,2,115,0,53,198,4,255,115,0,115,370
04/10/2017,APA,CO,ANM,WE,Towers with Radar,0,54,111,9,174,0,3,402,3,408,0,57,513,12,582,452,16,468,1050
04/11/2017,APA,CO,ANM,WE,Towers with Radar,0,71,113,2,186,0,9,299,6,314,0,80,412,8,500,521,10,531,1031
04/12/2017,APA,CO,ANM,WE,Towers with Radar,0,55,156,4,215,0,5,273,2,280,0,60,429,6,495,621,2,623,1118
04/13/2017,APA,CO,ANM,WE,Towers with Radar,0,86,119,7,212,0,9,301,8,318,0,95,420,15,530,500,14,514,1044
04/14/2017,APA,CO,ANM,WE,Towers with Radar,0,59,114,13,186,0,5,318,4,327,0,64,432,17,513,701,13,714,1227
04/15/2017,APA,CO,ANM,WE,Towers with Radar,0,30,65,4,99,0,1,452,5,458,0,31,517,9,557,539,0,539,1096
04/16/2017,APA,CO,ANM,WE,Towers with Radar,0,29,69,3,101,0,4,184,0,188,0,33,253,3,289,272,1,273,562
04/17/2017,APA,CO,ANM,WE,Towers with Radar,0,64,122,2,188,0,5,311,6,322,0,69,433,8,510,568,6,574,1084
04/18/2017,APA,CO,ANM,WE,Towers with Radar,0,74,125,5,204,0,5,272,17,294,0,79,397,22,498,490,34,524,1022
04/19/2017,APA,CO,ANM,WE,Towers with Radar,0,61,108,8,177,0,14,131,3,148,0,75,239,11,325,202,0,202,527
04/20/2017,APA,CO,ANM,WE,Towers with Radar,0,79,147,5,231,0,8,150,8,166,0,87,297,13,397,398,8,406,803
04/21/2017,APA,CO,ANM,WE,Towers with Radar,0,49,97,3,149,0,0,58,0,58,0,49,155,3,207,144,0,144,351
04/22/2017,APA,CO,ANM,WE,Towers with Radar,0,43,70,1,114,0,4,181,0,185,0,47,251,1,299,361,0,361,660
04/23/2017,APA,CO,ANM,WE,Towers with Radar,0,54,109,0,163,0,5,397,0,402,0,59,506,0,565,687,0,687,1252
04/24/2017,APA,CO,ANM,WE,Towers with Radar,0,65,110,0,175,0,10,272,0,282,0,75,382,0,457,429,0,429,886
04/25/2017,APA,CO,ANM,WE,Towers with Radar,0,69,118,9,196,0,5,322,9,336,0,74,440,18,532,538,14,552,1084
04/26/2017,APA,CO,ANM,WE,Towers with Radar,0,88,130,10,228,0,6,291,7,304,0,94,421,17,532,509,36,545,1077
04/27/2017,APA,CO,ANM,WE,Towers with Radar,0,69,130,3,202,0,4,233,0,237,0,73,363,3,439,457,0,457,896
04/28/2017,APA,CO,ANM,WE,Towers with Radar,0,84,103,3,190,0,8,137,6,151,0,92,240,9,341,445,14,459,800
04/29/2017,APA,CO,ANM,WE,Towers with Radar,0,35,30,0,65,0,0,0,0,0,0,35,30,0,65,0,0,0,65
04/30/2017,APA,CO,ANM,WE,Towers with Radar,2,57,102,2,163,0,5,251,5,261,2,62,353,7,424,458,0,458,882
05/01/2017,APA,CO,ANM,WE,Towers with Radar,0,61,86,4,151,0,4,305,6,315,0,65,391,10,466,436,12,448,914
05/02/2017,APA,CO,ANM,WE,Towers with Radar,0,70,108,6,184,0,6,291,5,302,0,76,399,11,486,786,2,788,1274
05/03/2017,APA,CO,ANM,WE,Towers with Radar,0,64,120,2,186,0,3,66,3,72,0,67,186,5,258,174,0,174,432
05/04/2017,APA,CO,ANM,WE,Towers with Radar,0,84,139,9,232,0,7,416,16,439,0,91,555,25,671,861,14,875,1546
05/05/2017,APA,CO,ANM,WE,Towers with Radar,0,59,136,8,203,0,8,388,16,412,0,67,524,24,615,777,32,809,1424
05/06/2017,APA,CO,ANM,WE,Towers with Radar,0,48,61,4,113,0,6,320,17,343,0,54,381,21,456,347,2,349,805
05/07/2017,APA,CO,ANM,WE,Towers with Radar,1,61,83,13,158,0,5,263,3,271,1,66,346,16,429,260,0,260,689
05/08/2017,APA,CO,ANM,WE,Towers with Radar,0,47,102,4,153,0,3,215,16,234,0,50,317,20,387,294,16,310,697
05/09/2017,APA,CO,ANM,WE,Towers with Radar,0,63,148,8,219,0,5,254,10,269,0,68,402,18,488,307,16,323,811
05/10/2017,APA,CO,ANM,WE,Towers with Radar,0,70,188,1,259,0,0,16,1,17,0,70,204,2,276,46,0,46,322
05/11/2017,APA,CO,ANM,WE,Towers with Radar,1,80,159,13,253,0,6,238,16,260,1,86,397,29,513,441,23,464,977
05/12/2017,APA,CO,ANM,WE,Towers with Radar,0,67,131,11,209,0,14,473,34,521,0,81,604,45,730,724,38,762,1492
05/13/2017,APA,CO,ANM,WE,Towers with Radar,0,65,76,9,150,0,7,359,1,367,0,72,435,10,517,504,0,504,1021
05/14/2017,APA,CO,ANM,WE,Towers with Radar,0,52,80,10,142,0,9,257,1,267,0,61,337,11,409,294,0,294,703
05/15/2017,APA,CO,ANM,WE,Towers with Radar,0,68,119,7,194,0,10,343,18,371,0,78,462,25,565,566,0,566,1131
05/16/2017,APA,CO,ANM,WE,Towers with Radar,0,75,129,7,211,0,2,237,6,245,0,77,366,13,456,214,0,214,670
05/17/2017,APA,CO,ANM,WE,Towers with Radar,0,80,148,15,243,0,8,274,6,288,0,88,422,21,531,577,0,577,1108
05/18/2017,APA,CO,ANM,WE,Towers with Radar,1,66,89,3,159,0,0,0,0,0,1,66,89,3,159,0,0,0,159
05/19/2017,APA,CO,ANM,WE,Towers with Radar,0,71,96,1,168,0,0,0,0,0,0,71,96,1,168,0,0,0,168
05/20/2017,APA,CO,ANM,WE,Towers with Radar,0,49,76,2,127,0,7,677,14,698,0,56,753,16,825,772,2,774,1599
05/21/2017,APA,CO,ANM,WE,Towers with Radar,0,59,108,2,169,0,6,309,3,318,0,65,417,5,487,563,0,563,1050
05/22/2017,APA,CO,ANM,WE,Towers with Radar,0,79,121,6,206,0,6,367,3,376,0,85,488,9,582,530,2,532,1114
05/23/2017,APA,CO,ANM,WE,Towers with Radar,0,73,123,10,206,0,6,431,8,445,0,79,554,18,651,623,18,641,1292
05/24/2017,APA,CO,ANM,WE,Towers with Radar,0,82,145,4,231,0,22,434,8,464,0,104,579,12,695,706,0,706,1401
05/25/2017,APA,CO,ANM,WE,Towers with Radar,0,86,143,3,232,0,7,270,12,289,0,93,413,15,521,525,0,525,1046
05/26/2017,APA,CO,ANM,WE,Towers with Radar,0,61,106,3,170,0,5,259,0,264,0,66,365,3,434,514,0,514,948
05/27/2017,APA,CO,ANM,WE,Towers with Radar,0,53,54,0,107,0,5,131,0,136,0,58,185,0,243,401,0,401,644
05/28/2017,APA,CO,ANM,WE,Towers with Radar,0,54,59,0,113,0,5,325,0,330,0,59,384,0,443,511,0,511,954
05/29/2017,APA,CO,ANM,WE,Towers with Radar,0,59,108,4,171,0,8,346,1,355,0,67,454,5,526,705,0,705,1231
05/30/2017,APA,CO,ANM,WE,Towers with Radar,0,70,116,1,187,0,14,350,4,368,0,84,466,5,555,374,0,374,929
05/31/2017,APA,CO,ANM,WE,Towers with Radar,0,82,117,2,201,0,4,276,15,295,0,86,393,17,496,172,12,184,680
06/01/2017,APA,CO,ANM,WE,Towers with Radar,0,74,115,1,190,0,9,300,3,312,0,83,415,4,502,201,0,201,703
06/02/2017,APA,CO,ANM,WE,Towers with Radar,0,72,99,20,191,0,6,257,5,268,0,78,356,25,459,211,0,211,670
06/03/2017,APA,CO,ANM,WE,Towers with Radar,0,42,68,2,112,0,1,348,0,349,0,43,416,2,461,244,0,244,705
06/04/2017,APA,CO,ANM,WE,Towers with Radar,0,47,92,5,144,0,4,418,0,422,0,51,510,5,566,277,0,277,843
06/05/2017,APA,CO,ANM,WE,Towers with Radar,0,53,104,3,160,0,4,312,6,322,0,57,416,9,482,196,18,214,696
06/06/2017,APA,CO,ANM,WE,Towers with Radar,0,68,118,3,189,0,7,331,8,346,0,75,449,11,535,332,20,352,887
06/07/2017,APA,CO,ANM,WE,Towers with Radar,0,71,119,4,194,0,8,343,7,358,0,79,462,11,552,232,2,234,786
06/08/2017,APA,CO,ANM,WE,Towers with Radar,0,73,169,4,246,0,7,387,21,415,0,80,556,25,661,220,44,264,925
06/09/2017,APA,CO,ANM,WE,Towers with Radar,0,69,108,12,189,0,7,353,7,367,0,76,461,19,556,300,4,304,860
06/10/2017,APA,CO,ANM,WE,Towers with Radar,0,50,78,6,134,0,14,286,0,300,0,64,364,6,434,87,0,87,521
06/11/2017,APA,CO,ANM,WE,Towers with Radar,0,38,91,2,131,0,11,320,0,331,0,49,411,2,462,195,0,195,657
06/12/2017,APA,CO,ANM,WE,Towers with Radar,0,48,126,2,176,0,7,359,5,371,0,55,485,7,547,216,0,216,763
06/13/2017,APA,CO,ANM,WE,Towers with Radar,0,61,127,7,195,0,10,317,2,329,0,71,444,9,524,221,0,221,745
06/14/2017,APA,CO,ANM,WE,Towers with Radar,0,72,141,7,220,0,10,362,7,379,0,82,503,14,599,275,0,275,874
06/15/2017,APA,CO,ANM,WE,Towers with Radar,0,62,116,5,183,0,17,363,14,394,0,79,479,19,577,322,34,356,933
06/16/2017,APA,CO,ANM,WE,Towers with Radar,0,74,133,4,211,0,11,405,27,443,0,85,538,31,654,302,54,356,1010
06/17/2017,APA,CO,ANM,WE,Towers with Radar,0,38,73,11,122,0,4,280,2,286,0,42,353,13,408,148,0,148,556
06/18/2017,APA,CO,ANM,WE,Towers with Radar,0,42,97,17,156,0,7,298,3,308,0,49,395,20,464,182,2,184,648
06/19/2017,APA,CO,ANM,WE,Towers with Radar,0,76,111,5,192,0,11,387,18,416,0,87,498,23,608,256,34,290,898
06/20/2017,APA,CO,ANM,WE,Towers with Radar,0,75,101,5,181,0,36,363,10,409,0,111,464,15,590,254,0,254,844
06/21/2017,APA,CO,ANM,WE,Towers with Radar,0,70,158,7,235,0,7,308,2,317,0,77,466,9,552,214,0,214,766
06/22/2017,APA,CO,ANM,WE,Towers with Radar,0,86,145,5,236,0,10,199,2,211,0,96,344,7,447,257,0,257,704
06/23/2017,APA,CO,ANM,WE,Towers with Radar,0,73,160,11,244,0,14,116,1,131,0,87,276,12,375,278,0,278,653
06/24/2017,APA,CO,ANM,WE,Towers with Radar,0,52,74,5,131,0,8,389,8,405,0,60,463,13,536,294,0,294,830
06/25/2017,APA,CO,ANM,WE,Towers with Radar,0,42,98,10,150,0,9,243,2,254,0,51,341,12,404,239,0,239,643
06/26/2017,APA,CO,ANM,WE,Towers with Radar,0,69,117,6,192,0,9,413,3,425,0,78,530,9,617,267,0,267,884
06/27/2017,APA,CO,ANM,WE,Towers with Radar,0,82,125,0,207,0,12,320,11,343,0,94,445,11,550,127,4,131,681
06/28/2017,APA,CO,ANM,WE,Towers with Radar,1,66,103,1,171,0,3,426,4,433,1,69,529,5,604,297,0,297,901
06/29/2017,APA,CO,ANM,WE,Towers with Radar,0,50,127,4,181,0,5,353,15,373,0,55,480,19,554,205,22,227,781
06/30/2017,APA,CO,ANM,WE,Towers with Radar,0,73,159,3,235,0,9,292,3,304,0,82,451,6,539,326,0,326,865
07/01/2017,APA,CO,ANM,WE,Towers with Radar,0,50,81,7,138,0,5,334,1,340,0,55,415,8,478,210,0,210,688
07/02/2017,APA,CO,ANM,WE,Towers with Radar,0,26,72,1,99,0,2,217,0,219,0,28,289,1,318,173,0,173,491
07/03/2017,APA,CO,ANM,WE,Towers with Radar,0,53,50,4,107,0,3,391,2,396,0,56,441,6,503,276,0,276,779
07/04/2017,APA,CO,ANM,WE,Towers with Radar,1,48,57,2,108,0,9,274,0,283,1,57,331,2,391,577,0,577,968
07/05/2017,APA,CO,ANM,WE,Towers with Radar,0,57,122,5,184,30,12,340,15,397,30,69,462,20,581,503,14,517,1098
07/06/2017,APA,CO,ANM,WE,Towers with Radar,0,57,118,4,179,0,16,339,16,371,0,73,457,20,550,524,49,573,1123
07/07/2017,APA,CO,ANM,WE,Towers with Radar,0,73,101,5,179,0,12,313,9,334,0,85,414,14,513,608,14,622,1135
07/08/2017,APA,CO,ANM,WE,Towers with Radar,2,50,67,6,125,0,8,375,4,387,2,58,442,10,512,449,0,449,961
07/09/2017,APA,CO,ANM,WE,Towers with Radar,0,55,99,6,160,0,2,388,1,391,0,57,487,7,551,590,0,590,1141
07/10/2017,APA,CO,ANM,WE,Towers with Radar,0,68,118,3,189,0,2,311,43,356,0,70,429,46,545,673,56,729,1274
07/11/2017,APA,CO,ANM,WE,Towers with Radar,0,79,110,5,194,0,3,377,7,387,0,82,487,12,581,418,0,418,999
07/12/2017,APA,CO,ANM,WE,Towers with Radar,0,82,144,8,234,0,7,282,11,300,0,89,426,19,534,602,6,608,1142
07/13/2017,APA,CO,ANM,WE,Towers with Radar,0,73,143,6,222,0,20,358,13,391,0,93,501,19,613,761,12,773,1386
07/14/2017,APA,CO,ANM,WE,Towers with Radar,0,84,124,7,215,0,13,287,5,305,0,97,411,12,520,619,0,619,1139
07/15/2017,APA,CO,ANM,WE,Towers with Radar,0,52,66,5,123,0,9,329,0,338,0,61,395,5,461,399,0,399,860
07/16/2017,APA,CO,ANM,WE,Towers with Radar,0,60,110,2,172,0,11,388,0,399,0,71,498,2,571,527,0,527,1098
07/17/2017,APA,CO,ANM,WE,Towers with Radar,0,64,104,13,181,0,8,356,0,364,0,72,460,13,545,594,0,594,1139
07/18/2017,APA,CO,ANM,WE,Towers with Radar,0,65,143,2,210,0,2,378,6,386,0,67,521,8,596,653,0,653,1249
07/19/2017,APA,CO,ANM,WE,Towers with Radar,0,79,161,3,243,0,17,340,12,369,0,96,501,15,612,644,35,679,1291
07/20/2017,APA,CO,ANM,WE,Towers with Radar,0,101,144,6,251,0,7,317,11,335,0,108,461,17,586,643,12,655,1241
07/21/2017,APA,CO,ANM,WE,Towers with Radar,0,89,149,13,251,0,3,287,17,307,0,92,436,30,558,492,10,502,1060
07/22/2017,APA,CO,ANM,WE,Towers with Radar,0,55,70,23,148,0,4,442,7,453,0,59,512,30,601,517,9,526,1127
07/23/2017,APA,CO,ANM,WE,Towers with Radar,0,68,145,14,227,0,6,331,21,358,0,74,476,35,585,408,0,408,993
07/24/2017,APA,CO,ANM,WE,Towers with Radar,0,61,107,2,170,0,12,351,5,368,0,73,458,7,538,535,12,547,1085
07/25/2017,APA,CO,ANM,WE,Towers with Radar,0,66,130,6,202,0,8,301,12,321,0,74,431,18,523,568,60,628,1151
07/26/2017,APA,CO,ANM,WE,Towers with Radar,0,90,151,4,245,0,3,209,5,217,0,93,360,9,462,570,12,582,1044
07/27/2017,APA,CO,ANM,WE,Towers with Radar,0,70,142,2,214,0,6,291,3,300,0,76,433,5,514,585,3,588,1102
07/28/2017,APA,CO,ANM,WE,Towers with Radar,0,55,137,5,197,0,12,328,4,344,0,67,465,9,541,595,0,595,1136
07/29/2017,APA,CO,ANM,WE,Towers with Radar,0,44,92,7,143,0,9,298,4,311,0,53,390,11,454,582,4,586,1040
07/30/2017,APA,CO,ANM,WE,Towers with Radar,0,66,117,5,188,0,4,280,2,286,0,70,397,7,474,426,0,426,900
07/31/2017,APA,CO,ANM,WE,Towers with Radar,0,72,128,0,200,0,14,415,4,433,0,86,543,4,633,656,2,658,1291
08/01/2017,APA,CO,ANM,WE,Towers with Radar,0,75,125,7,207,0,8,453,13,474,0,83,578,20,681,783,12,795,1476
08/02/2017,APA,CO,ANM,WE,Towers with Radar,0,81,143,5,229,0,11,300,9,320,0,92,443,14,549,659,0,659,1208
08/03/2017,APA,CO,ANM,WE,Towers with Radar,0,74,187,0,261,0,17,146,0,163,0,91,333,0,424,400,0,400,824
08/04/2017,APA,CO,ANM,WE,Towers with Radar,0,75,151,8,234,0,14,387,0,401,0,89,538,8,635,583,0,583,1218
08/05/2017,APA,CO,ANM,WE,Towers with Radar,0,46,82,4,132,0,9,343,1,353,0,55,425,5,485,478,0,478,963
08/06/2017,APA,CO,ANM,WE,Towers with Radar,0,57,164,7,228,0,3,158,0,161,0,60,322,7,389,408,2,410,799
08/07/2017,APA,CO,ANM,WE,Towers with Radar,0,56,132,4,192,0,0,2,0,2,0,56,134,4,194,4,0,4,198
08/08/2017,APA,CO,ANM,WE,Towers with Radar,0,89,162,5,256,0,1,198,1,200,0,90,360,6,456,430,0,430,886
08/09/2017,APA,CO,ANM,WE,Towers with Radar,0,77,139,4,220,0,5,312,7,324,0,82,451,11,544,698,4,702,1246
08/10/2017,APA,CO,ANM,WE,Towers with Radar,0,93,152,2,247,0,13,311,2,326,0,106,463,4,573,637,8,645,1218
08/11/2017,APA,CO,ANM,WE,Towers with Radar,0,91,150,15,256,0,5,251,0,256,0,96,401,15,512,494,0,494,1006
08/12/2017,APA,CO,ANM,WE,Towers with Radar,0,72,76,2,150,0,6,364,5,375,0,78,440,7,525,474,2,476,1001
08/13/2017,APA,CO,ANM,WE,Towers with Radar,0,61,132,3,196,0,7,310,2,319,0,68,442,5,515,483,0,483,998
08/14/2017,APA,CO,ANM,WE,Towers with Radar,0,68,136,0,204,0,1,382,5,388,0,69,518,5,592,820,8,828,1420
08/15/2017,APA,CO,ANM,WE,Towers with Radar,0,65,152,0,217,0,16,367,2,385,0,81,519,2,602,332,0,332,934
08/16/2017,APA,CO,ANM,WE,Towers with Radar,0,81,173,3,257,0,6,315,7,328,0,87,488,10,585,891,3,894,1479
08/17/2017,APA,CO,ANM,WE,Towers with Radar,0,90,177,4,271,0,23,397,5,425,0,113,574,9,696,449,12,461,1157
08/18/2017,APA,CO,ANM,WE,Towers with Radar,0,64,134,1,199,0,12,481,5,498,0,76,615,6,697,793,0,793,1490
08/19/2017,APA,CO,ANM,WE,Towers with Radar,0,66,76,3,145,0,5,452,1,458,0,71,528,4,603,466,0,466,1069
08/20/2017,APA,CO,ANM,WE,Towers with Radar,0,79,119,4,202,0,5,356,2,363,0,84,475,6,565,407,0,407,972
08/21/2017,APA,CO,ANM,WE,Towers with Radar,0,87,206,2,295,0,12,801,4,817,0,99,1007,6,1112,480,2,482,1594
08/22/2017,APA,CO,ANM,WE,Towers with Radar,0,86,156,0,242,0,5,358,6,369,0,91,514,6,611,419,2,421,1032
08/23/2017,APA,CO,ANM,WE,Towers with Radar,0,72,146,2,220,1,102,280,11,394,1,174,426,13,614,745,8,753,1367
08/24/2017,APA,CO,ANM,WE,Towers with Radar,0,63,153,1,217,0,13,321,6,340,0,76,474,7,557,766,4,770,1327
08/25/2017,APA,CO,ANM,WE,Towers with Radar,0,60,144,15,219,0,11,299,3,313,0,71,443,18,532,565,0,565,1097
08/26/2017,APA,CO,ANM,WE,Towers with Radar,0,39,96,15,150,0,2,448,2,452,0,41,544,17,602,465,0,465,1067
08/27/2017,APA,CO,ANM,WE,Towers with Radar,1,57,108,10,176,0,8,347,4,359,1,65,455,14,535,392,0,392,927
08/28/2017,APA,CO,ANM,WE,Towers with Radar,0,58,113,3,174,0,15,417,4,436,0,73,530,7,610,694,4,698,1308
08/29/2017,APA,CO,ANM,WE,Towers with Radar,0,77,131,1,209,0,9,356,0,365,0,86,487,1,574,693,2,695,1269
08/30/2017,APA,CO,ANM,WE,Towers with Radar,0,72,148,4,224,0,11,332,0,343,0,83,480,4,567,704,0,704,1271
08/31/2017,APA,CO,ANM,WE,Towers with Radar,0,101,163,3,267,0,9,249,2,260,0,110,412,5,527,773,0,773,1300
09/01/2017,APA,CO,ANM,WE,Towers with Radar,1,68,153,0,222,0,8,290,2,300,1,76,443,2,522,539,0,539,1061
09/02/2017,APA,CO,ANM,WE,Towers with Radar,0,35,63,3,101,0,3,292,0,295,0,38,355,3,396,468,0,468,864
09/03/2017,APA,CO,ANM,WE,Towers with Radar,0,24,52,2,78,0,11,226,0,237,0,35,278,2,315,234,0,234,549
09/04/2017,APA,CO,ANM,WE,Towers with Radar,0,66,137,4,207,0,9,382,0,391,0,75,519,4,598,636,0,636,1234
09/05/2017,APA,CO,ANM,WE,Towers with Radar,0,88,138,5,231,0,5,344,4,353,0,93,482,9,584,859,0,859,1443
09/06/2017,APA,CO,ANM,WE,Towers with Radar,0,67,118,10,195,0,7,283,0,290,0,74,401,10,485,754,9,763,1248
09/07/2017,APA,CO,ANM,WE,Towers with Radar,1,71,127,15,214,0,12,302,2,316,1,83,429,17,530,777,7,784,1314
09/08/2017,APA,CO,ANM,WE,Towers with Radar,0,81,123,25,229,0,14,378,13,405,0,95,501,38,634,612,21,633,1267
09/09/2017,APA,CO,ANM,WE,Towers with Radar,1,36,74,8,119,0,9,324,13,346,1,45,398,21,465,386,4,390,855
09/10/2017,APA,CO,ANM,WE,Towers with Radar,0,49,107,27,183,0,12,361,4,377,0,61,468,31,560,407,0,407,967
09/11/2017,APA,CO,ANM,WE,Towers with Radar,0,66,155,5,226,0,8,426,16,450,0,74,581,21,676,663,66,729,1405
09/12/2017,APA,CO,ANM,WE,Towers with Radar,0,87,147,1,235,0,9,364,19,392,0,96,511,20,627,735,2,737,1364
09/13/2017,APA,CO,ANM,WE,Towers with Radar,0,87,147,12,246,0,9,292,16,317,0,96,439,28,563,661,14,675,1238
09/14/2017,APA,CO,ANM,WE,Towers with Radar,0,82,160,6,248,0,16,324,4,344,0,98,484,10,592,636,4,640,1232
09/15/2017,APA,CO,ANM,WE,Towers with Radar,0,88,169,12,269,0,17,238,10,265,0,105,407,22,534,524,0,524,1058
09/16/2017,APA,CO,ANM,WE,Towers with Radar,0,50,102,12,164,0,5,310,13,328,0,55,412,25,492,554,8,562,1054
09/17/2017,APA,CO,ANM,WE,Towers with Radar,0,80,190,8,278,0,5,254,3,262,0,85,444,11,540,216,0,216,756
09/18/2017,APA,CO,ANM,WE,Towers with Radar,0,83,149,4,236,0,3,427,2,432,0,86,576,6,668,584,0,584,1252
09/19/2017,APA,CO,ANM,WE,Towers with Radar,0,82,120,5,207,0,8,226,8,242,0,90,346,13,449,377,28,405,854
09/20/2017,APA,CO,ANM,WE,Towers with Radar,0,86,127,7,220,0,56,256,2,314,0,142,383,9,534,529,1,530,1064
09/21/2017,APA,CO,ANM,WE,Towers with Radar,0,73,176,16,265,0,21,190,2,213,0,94,366,18,478,263,26,289,767
09/22/2017,APA,CO,ANM,WE,Towers with Radar,0,71,128,7,206,0,15,212,4,231,0,86,340,11,437,357,4,361,798
09/23/2017,APA,CO,ANM,WE,Towers with Radar,0,58,81,2,141,0,4,240,2,246,0,62,321,4,387,340,0,340,727
09/24/2017,APA,CO,ANM,WE,Towers with Radar,0,75,145,5,225,0,0,5,0,5,0,75,150,5,230,13,0,13,243
09/25/2017,APA,CO,ANM,WE,Towers with Radar,0,73,146,4,223,0,3,26,1,30,0,76,172,5,253,64,0,64,317
09/26/2017,APA,CO,ANM,WE,Towers with Radar,0,86,172,4,262,0,16,261,5,282,0,102,433,9,544,410,8,418,962
09/27/2017,APA,CO,ANM,WE,Towers with Radar,1,101,142,4,248,0,12,156,0,168,1,113,298,4,416,515,0,515,931
09/28/2017,APA,CO,ANM,WE,Towers with Radar,0,79,165,3,247,0,12,198,3,213,0,91,363,6,460,482,0,482,942
09/29/2017,APA,CO,ANM,WE,Towers with Radar,0,78,148,8,234,0,4,340,5,349,0,82,488,13,583,740,4,744,1327
09/30/2017,APA,CO,ANM,WE,Towers with Radar,0,59,100,0,159,0,10,347,8,365,0,69,447,8,524,503,0,503,1027
10/01/2017,APA,CO,ANM,WE,Towers with Radar,1,81,180,3,265,0,8,294,6,308,1,89,474,9,573,432,0,432,1005
10/02/2017,APA,CO,ANM,WE,Towers with Radar,1,66,123,5,195,0,2,207,3,212,1,68,330,8,407,340,4,344,751
10/03/2017,APA,CO,ANM,WE,Towers with Radar,0,68,137,6,211,0,13,374,1,388,0,81,511,7,599,741,6,747,1346
10/04/2017,APA,CO,ANM,WE,Towers with Radar,0,71,164,8,243,0,2,356,7,365,0,73,520,15,608,784,0,784,1392
10/05/2017,APA,CO,ANM,WE,Towers with Radar,0,78,146,4,228,0,8,232,5,245,0,86,378,9,473,441,0,441,914
10/06/2017,APA,CO,ANM,WE,Towers with Radar,0,78,134,4,216,0,4,149,6,159,0,82,283,10,375,310,25,335,710
10/07/2017,APA,CO,ANM,WE,Towers with Radar,0,45,64,4,113,0,6,377,2,385,0,51,441,6,498,404,2,406,904
10/08/2017,APA,CO,ANM,WE,Towers with Radar,0,80,115,1,196,0,16,376,1,393,0,96,491,2,589,333,4,337,926
10/09/2017,APA,CO,ANM,WE,Towers with Radar,0,58,85,0,143,0,0,0,0,0,0,58,85,0,143,0,0,0,143
10/10/2017,APA,CO,ANM,WE,Towers with Radar,0,94,126,6,226,0,8,335,8,351,0,102,461,14,577,568,0,568,1145
10/11/2017,APA,CO,ANM,WE,Towers with Radar,0,85,141,6,232,0,18,315,4,337,0,103,456,10,569,777,6,783,1352
10/12/2017,APA,CO,ANM,WE,Towers with Radar,0,72,157,6,235,0,6,357,5,368,0,78,514,11,603,425,4,429,1032
10/13/2017,APA,CO,ANM,WE,Towers with Radar,0,50,130,15,195,0,5,496,12,513,0,55,626,27,708,744,8,752,1460
10/14/2017,APA,CO,ANM,WE,Towers with Radar,0,50,66,10,126,0,6,143,22,171,0,56,209,32,297,243,14,257,554
10/15/2017,APA,CO,ANM,WE,Towers with Radar,0,61,107,8,176,0,8,376,3,387,0,69,483,11,563,404,0,404,967
10/16/2017,APA,CO,ANM,WE,Towers with Radar,0,71,144,2,217,5,1,348,8,362,5,72,492,10,579,608,28,636,1215
10/17/2017,APA,CO,ANM,WE,Towers with Radar,0,76,161,3,240,0,19,478,8,505,0,95,639,11,745,765,6,771,1516
10/18/2017,APA,CO,ANM,WE,Towers with Radar,0,68,157,3,228,0,11,357,2,370,0,79,514,5,598,691,0,691,1289
10/19/2017,APA,CO,ANM,WE,Towers with Radar,0,89,161,7,257,0,22,386,7,415,0,111,547,14,672,609,20,629,1301
10/20/2017,APA,CO,ANM,WE,Towers with Radar,0,76,154,13,243,0,11,309,2,322,0,87,463,15,565,434,3,437,1002
10/21/2017,APA,CO,ANM,WE,Towers with Radar,0,29,55,5,89,0,7,205,1,213,0,36,260,6,302,131,2,133,435
10/22/2017,APA,CO,ANM,WE,Towers with Radar,0,52,134,12,198,0,12,231,0,243,0,64,365,12,441,258,0,258,699
10/23/2017,APA,CO,ANM,WE,Towers with Radar,0,71,167,2,240,0,9,271,0,280,0,80,438,2,520,596,0,596,1116
10/24/2017,APA,CO,ANM,WE,Towers with Radar,0,78,141,2,221,0,10,475,8,493,0,88,616,10,714,762,24,786,1500
10/25/2017,APA,CO,ANM,WE,Towers with Radar,0,62,133,6,201,0,16,390,2,408,0,78,523,8,609,648,0,648,1257
10/26/2017,APA,CO,ANM,WE,Towers with Radar,0,85,148,4,237,0,10,47,1,58,0,95,195,5,295,62,0,62,357
10/27/2017,APA,CO,ANM,WE,Towers with Radar,0,73,128,12,213,0,25,301,14,340,0,98,429,26,553,395,0,395,948
10/28/2017,APA,CO,ANM,WE,Towers with Radar,0,42,65,5,112,0,6,313,4,323,0,48,378,9,435,527,0,527,962
10/29/2017,APA,CO,ANM,WE,Towers with Radar,0,53,114,1,168,0,7,350,1,358,0,60,464,2,526,454,0,454,980
10/30/2017,APA,CO,ANM,WE,Towers with Radar,0,67,83,1,151,0,3,15,0,18,0,70,98,1,169,0,0,0,169
10/31/2017,APA,CO,ANM,WE,Towers with Radar,0,77,100,6,183,0,6,118,0,124,0,83,218,6,307,422,0,422,729
11/01/2017,APA,CO,ANM,WE,Towers with Radar,0,68,136,5,209,0,30,186,7,223,0,98,322,12,432,441,2,443,875
11/02/2017,APA,CO,ANM,WE,Towers with Radar,0,84,158,8,250,0,12,113,0,125,0,96,271,8,375,353,0,353,728
11/03/2017,APA,CO,ANM,WE,Towers with Radar,0,61,128,11,200,0,12,342,5,359,0,73,470,16,559,575,6,581,1140
11/04/2017,APA,CO,ANM,WE,Towers with Radar,0,41,52,1,94,0,4,91,4,99,0,45,143,5,193,45,2,47,240
11/05/2017,APA,CO,ANM,WE,Towers with Radar,0,68,109,3,180,0,6,347,2,355,0,74,456,5,535,520,0,520,1055
11/06/2017,APA,CO,ANM,WE,Towers with Radar,0,61,109,2,172,0,1,12,0,13,0,62,121,2,185,22,0,22,207
11/07/2017,APA,CO,ANM,WE,Towers with Radar,0,51,90,1,142,0,0,1,0,1,0,51,91,1,143,0,0,0,143
11/08/2017,APA,CO,ANM,WE,Towers with Radar,0,81,192,8,281,0,20,331,2,353,0,101,523,10,634,640,0,640,1274
11/09/2017,APA,CO,ANM,WE,Towers with Radar,0,78,142,13,233,0,15,189,0,204,0,93,331,13,437,331,0,331,768
11/10/2017,APA,CO,ANM,WE,Towers with Radar,0,75,125,12,212,0,15,462,3,480,0,90,587,15,692,905,0,905,1597
11/11/2017,APA,CO,ANM,WE,Towers with Radar,0,36,72,2,110,0,10,429,4,443,0,46,501,6,553,519,0,519,1072
11/12/2017,APA,CO,ANM,WE,Towers with Radar,0,77,155,11,243,0,2,471,0,473,0,79,626,11,716,486,0,486,1202
11/13/2017,APA,CO,ANM,WE,Towers with Radar,0,65,155,7,227,0,5,468,3,476,0,70,623,10,703,559,0,559,1262
11/14/2017,APA,CO,ANM,WE,Towers with Radar,0,66,138,0,204,0,11,268,5,284,0,77,406,5,488,666,14,680,1168
11/15/2017,APA,CO,ANM,WE,Towers with Radar,0,74,150,6,230,0,22,337,1,360,0,96,487,7,590,746,0,746,1336
11/16/2017,APA,CO,ANM,WE,Towers with Radar,1,59,135,5,200,0,6,177,4,187,1,65,312,9,387,290,10,300,687
11/17/2017,APA,CO,ANM,WE,Towers with Radar,0,84,110,2,196,0,3,51,1,55,0,87,161,3,251,74,0,74,325
11/18/2017,APA,CO,ANM,WE,Towers with Radar,0,47,97,1,145,0,55,331,2,388,0,102,428,3,533,280,0,280,813
11/19/2017,APA,CO,ANM,WE,Towers with Radar,0,63,95,2,160,0,1,486,1,488,0,64,581,3,648,558,0,558,1206
11/20/2017,APA,CO,ANM,WE,Towers with Radar,0,78,107,0,185,0,8,385,5,398,0,86,492,5,583,563,12,575,1158
11/21/2017,APA,CO,ANM,WE,Towers with Radar,0,95,136,2,233,0,4,188,2,194,0,99,324,4,427,521,0,521,948
11/22/2017,APA,CO,ANM,WE,Towers with Radar,0,70,145,0,215,0,5,358,3,366,0,75,503,3,581,509,0,509,1090
11/23/2017,APA,CO,ANM,WE,Towers with Radar,0,21,34,0,55,0,10,118,0,128,0,31,152,0,183,214,0,214,397
11/24/2017,APA,CO,ANM,WE,Towers with Radar,0,38,48,2,88,0,5,203,0,208,0,43,251,2,296,242,0,242,538
11/25/2017,APA,CO,ANM,WE,Towers with Radar,0,56,88,11,155,0,7,355,6,368,0,63,443,17,523,352,8,360,883
11/26/2017,APA,CO,ANM,WE,Towers with Radar,0,73,178,0,251,0,8,379,0,387,0,81,557,0,638,368,0,368,1006
11/27/2017,APA,CO,ANM,WE,Towers with Radar,0,55,112,0,167,0,14,221,0,235,0,69,333,0,402,231,0,231,633
11/28/2017,APA,CO,ANM,WE,Towers with Radar,0,95,113,2,210,0,14,343,6,363,0,109,456,8,573,553,22,575,1148
11/29/2017,APA,CO,ANM,WE,Towers with Radar,0,60,129,14,203,0,11,260,11,282,0,71,389,25,485,500,4,504,989
11/30/2017,APA,CO,ANM,WE,Towers with Radar,0,77,144,4,225,0,24,332,4,360,0,101,476,8,585,699,6,705,1290
12/01/2017,APA,CO,ANM,WE,Towers with Radar,0,66,127,16,209,0,11,356,17,384,0,77,483,33,593,632,20,652,1245
12/02/2017,APA,CO,ANM,WE,Towers with Radar,0,35,76,3,114,0,235,356,1,592,0,270,432,4,706,533,0,533,1239
12/03/2017,APA,CO,ANM,WE,Towers with Radar,0,51,84,1,136,0,4,165,0,169,0,55,249,1,305,160,0,160,465
12/04/2017,APA,CO,ANM,WE,Towers with Radar,0,60,103,7,170,0,7,87,1,95,0,67,190,8,265,110,0,110,375
12/05/2017,APA,CO,ANM,WE,Towers with Radar,0,80,125,0,205,0,15,356,4,375,0,95,481,4,580,738,0,738,1318
12/06/2017,APA,CO,ANM,WE,Towers with Radar,0,82,131,3,216,0,7,323,4,334,0,89,454,7,550,693,3,696,1246
12/07/2017,APA,CO,ANM,WE,Towers with Radar,0,68,145,8,221,0,3,121,19,143,0,71,266,27,364,314,4,318,682
12/08/2017,APA,CO,ANM,WE,Towers with Radar,0,72,105,10,187,0,12,216,4,232,0,84,321,14,419,308,2,310,729
12/09/2017,APA,CO,ANM,WE,Towers with Radar,0,38,84,1,123,0,17,501,0,518,0,55,585,1,641,707,2,709,1350
12/10/2017,APA,CO,ANM,WE,Towers with Radar,0,45,86,0,131,0,14,417,1,432,0,59,503,1,563,564,0,564,1127
12/11/2017,APA,CO,ANM,WE,Towers with Radar,0,64,138,3,205,0,12,339,5,356,0,76,477,8,561,460,0,460,1021
12/12/2017,APA,CO,ANM,WE,Towers with Radar,0,70,127,5,202,0,8,393,15,416,0,78,520,20,618,572,10,582,1200
12/13/2017,APA,CO,ANM,WE,Towers with Radar,0,77,138,2,217,0,22,318,14,354,0,99,456,16,571,610,4,614,1185
12/14/2017,APA,CO,ANM,WE,Towers with Radar,0,61,138,3,202,0,2,160,3,165,0,63,298,6,367,329,8,337,704
12/15/2017,APA,CO,ANM,WE,Towers with Radar,0,82,141,5,228,0,10,303,7,320,0,92,444,12,548,652,4,656,1204
12/16/2017,APA,CO,ANM,WE,Towers with Radar,0,50,89,2,141,0,79,350,0,429,0,129,439,2,570,545,0,545,1115
12/17/2017,APA,CO,ANM,WE,Towers with Radar,0,48,94,1,143,0,4,196,1,201,0,52,290,2,344,213,0,213,557
12/18/2017,APA,CO,ANM,WE,Towers with Radar,0,68,131,2,201,0,7,416,5,428,0,75,547,7,629,492,2,494,1123
12/19/2017,APA,CO,ANM,WE,Towers with Radar,0,77,129,6,212,0,11,386,2,399,0,88,515,8,611,595,0,595,1206
12/20/2017,APA,CO,ANM,WE,Towers with Radar,0,77,158,12,247,0,10,311,2,323,0,87,469,14,570,552,2,554,1124
12/21/2017,APA,CO,ANM,WE,Towers with Radar,0,75,91,0,166,0,3,2,0,5,0,78,93,0,171,0,0,0,171
12/22/2017,APA,CO,ANM,WE,Towers with Radar,0,62,168,1,231,0,13,344,0,357,0,75,512,1,588,387,0,387,975
12/23/2017,APA,CO,ANM,WE,Towers with Radar,0,68,86,0,154,0,15,143,0,158,0,83,229,0,312,213,0,213,525
12/24/2017,APA,CO,ANM,WE,Towers with Radar,0,52,42,0,94,0,3,61,0,64,0,55,103,0,158,26,0,26,184
12/25/2017,APA,CO,ANM,WE,Towers with Radar,0,31,26,0,57,0,10,29,0,39,0,41,55,0,96,58,0,58,154
12/26/2017,APA,CO,ANM,WE,Towers with Radar,0,90,122,0,212,0,0,8,0,8,0,90,130,0,220,0,0,0,220
12/27/2017,APA,CO,ANM,WE,Towers with Radar,0,74,127,0,201,0,6,209,0,215,0,80,336,0,416,294,0,294,710
12/28/2017,APA,CO,ANM,WE,Towers with Radar,0,69,123,0,192,0,9,266,4,279,0,78,389,4,471,439,0,439,910
12/29/2017,APA,CO,ANM,WE,Towers with Radar,0,54,82,0,136,0,7,129,0,136,0,61,211,0,272,161,0,161,433
12/30/2017,APA,CO,ANM,WE,Towers with Radar,0,58,87,0,145,0,6,151,1,158,0,64,238,1,303,364,0,364,667
12/31/2017,APA,CO,ANM,WE,Towers with Radar,0,58,57,0,115,0,7,143,7,157,0,65,200,7,272,176,7,183,455
01/01/2018,APA,CO,ANM,WE,Towers with Radar,0,57,87,0,144,0,3,149,0,152,0,60,236,0,296,294,0,294,590
01/02/2018,APA,CO,ANM,WE,Towers with Radar,0,88,144,0,232,0,13,277,0,290,0,101,421,0,522,440,0,440,962
01/03/2018,APA,CO,ANM,WE,Towers with Radar,0,82,114,1,197,0,20,316,5,341,0,102,430,6,538,640,0,640,1178
01/04/2018,APA,CO,ANM,WE,Towers with Radar,0,60,115,0,175,0,16,313,11,340,0,76,428,11,515,476,24,500,1015
01/05/2018,APA,CO,ANM,WE,Towers with Radar,0,68,119,4,191,0,19,376,3,398,0,87,495,7,589,535,9,544,1133
01/06/2018,APA,CO,ANM,WE,Towers with Radar,0,34,85,0,119,0,11,365,4,380,0,45,450,4,499,503,0,503,1002
01/07/2018,APA,CO,ANM,WE,Towers with Radar,0,67,106,2,175,0,5,220,0,225,0,72,326,2,400,448,0,448,848
01/08/2018,APA,CO,ANM,WE,Towers with Radar,0,65,121,5,191,0,20,291,5,316,0,85,412,10,507,647,2,649,1156
01/09/2018,APA,CO,ANM,WE,Towers with Radar,0,63,125,5,193,0,8,255,0,263,0,71,380,5,456,588,0,588,1044
01/10/2018,APA,CO,ANM,WE,Towers with Radar,0,79,110,1,190,0,10,131,0,141,0,89,241,1,331,421,0,421,752
01/11/2018,APA,CO,ANM,WE,Towers with Radar,0,87,137,6,230,0,10,246,3,259,0,97,383,9,489,425,10,435,924
01/12/2018,APA,CO,ANM,WE,Towers with Radar,0,82,132,0,214,0,7,153,0,160,0,89,285,0,374,262,0,262,636
01/13/2018,APA,CO,ANM,WE,Towers with Radar,0,42,86,1,129,0,3,342,0,345,0,45,428,1,474,536,3,539,1013
01/14/2018,APA,CO,ANM,WE,Towers with Radar,0,39,74,1,114,0,10,283,0,293,0,49,357,1,407,413,0,413,820
01/15/2018,APA,CO,ANM,WE,Towers with Radar,0,53,95,1,149,0,0,1,0,1,0,53,96,1,150,0,0,0,150
01/16/2018,APA,CO,ANM,WE,Towers with Radar,0,66,127,2,195,0,27,234,0,261,0,93,361,2,456,281,0,281,737
01/17/2018,APA,CO,ANM,WE,Towers with Radar,0,62,113,4,179,0,12,336,8,356,0,74,449,12,535,514,12,526,1061
01/18/2018,APA,CO,ANM,WE,Towers with Radar,0,75,124,13,212,0,17,323,7,347,0,92,447,20,559,521,8,529,1088
01/19/2018,APA,CO,ANM,WE,Towers with Radar,0,80,88,10,178,0,9,270,4,283,0,89,358,14,461,374,0,374,835
01/20/2018,APA,CO,ANM,WE,Towers with Radar,0,67,83,2,152,0,12,214,2,228,0,79,297,4,380,211,0,211,591
01/21/2018,APA,CO,ANM,WE,Towers with Radar,0,33,40,0,73,0,0,0,0,0,0,33,40,0,73,0,0,0,73
01/22/2018,APA,CO,ANM,WE,Towers with Radar,0,77,122,4,203,0,8,148,0,156,0,85,270,4,359,176,0,176,535
01/23/2018,APA,CO,ANM,WE,Towers with Radar,0,78,150,13,241,0,5,325,11,341,0,83,475,24,582,538,7,545,1127
01/24/2018,APA,CO,ANM,WE,Towers with Radar,0,57,158,1,216,0,6,335,10,351,0,63,493,11,567,684,0,684,1251
01/25/2018,APA,CO,ANM,WE,Towers with Radar,0,75,176,1,252,0,17,223,0,240,0,92,399,1,492,208,0,208,700
01/26/2018,APA,CO,ANM,WE,Towers with Radar,0,70,110,11,191,0,16,173,4,193,0,86,283,15,384,276,0,276,660
01/27/2018,APA,CO,ANM,WE,Towers with Radar,0,28,74,8,110,0,28,423,14,465,0,56,497,22,575,671,2,673,1248
01/28/2018,APA,CO,ANM,WE,Towers with Radar,0,66,91,12,169,0,24,309,1,334,0,90,400,13,503,476,0,476,979
01/29/2018,APA,CO,ANM,WE,Towers with Radar,0,64,137,3,204,0,11,338,2,351,0,75,475,5,555,783,0,783,1338
01/30/2018,APA,CO,ANM,WE,Towers with Radar,0,80,117,2,199,0,6,236,1,243,0,86,353,3,442,574,0,574,1016
01/31/2018,APA,CO,ANM,WE,Towers with Radar,0,75,135,3,213,0,24,307,3,334,0,99,442,6,547,701,0,701,1248
02/01/2018,APA,CO,ANM,WE,Towers with Radar,0,66,119,0,185,0,12,82,4,98,0,78,201,4,283,245,0,245,528
02/02/2018,APA,CO,ANM,WE,Towers with Radar,0,66,94,2,162,0,7,358,1,366,0,73,452,3,528,672,0,672,1200
02/03/2018,APA,CO,ANM,WE,Towers with Radar,0,51,64,2,117,0,8,159,0,167,0,59,223,2,284,165,0,165,449
02/04/2018,APA,CO,ANM,WE,Towers with Radar,0,53,73,1,127,0,0,68,0,68,0,53,141,1,195,179,0,179,374
02/05/2018,APA,CO,ANM,WE,Towers with Radar,0,80,120,4,204,0,8,44,0,52,0,88,164,4,256,16,0,16,272
02/06/2018,APA,CO,ANM,WE,Towers with Radar,0,64,114,4,182,0,31,278,3,312,0,95,392,7,494,567,0,567,1061
02/07/2018,APA,CO,ANM,WE,Towers with Radar,0,77,148,8,233,0,26,327,7,360,0,103,475,15,593,522,0,522,1115
02/08/2018,APA,CO,ANM,WE,Towers with Radar,0,83,126,3,212,0,7,284,11,302,0,90,410,14,514,417,0,417,931
02/09/2018,APA,CO,ANM,WE,Towers with Radar,0,54,117,7,178,0,0,138,8,146,0,54,255,15,324,230,4,234,558
02/10/2018,APA,CO,ANM,WE,Towers with Radar,0,36,27,1,64,0,0,2,0,2,0,36,29,1,66,0,0,0,66
02/11/2018,APA,CO,ANM,WE,Towers with Radar,0,57,117,1,175,0,15,215,0,230,0,72,332,1,405,334,0,334,739
02/12/2018,APA,CO,ANM,WE,Towers with Radar,0,64,101,3,168,0,0,6,0,6,0,64,107,3,174,0,0,0,174
02/13/2018,APA,CO,ANM,WE,Towers with Radar,0,90,132,6,228,0,26,340,9,375,0,116,472,15,603,592,6,598,1201
02/14/2018,APA,CO,ANM,WE,Towers with Radar,0,91,113,3,207,0,14,98,1,113,0,105,211,4,320,149,0,149,469
02/15/2018,APA,CO,ANM,WE,Towers with Radar,0,93,133,1,227,0,4,205,3,212,0,97,338,4,439,368,8,376,815
02/16/2018,APA,CO,ANM,WE,Towers with Radar,0,77,151,2,230,0,21,424,0,445,0,98,575,2,675,608,0,608,1283
02/17/2018,APA,CO,ANM,WE,Towers with Radar,0,47,68,3,118,0,16,360,1,377,0,63,428,4,495,657,0,657,1152
02/18/2018,APA,CO,ANM,WE,Towers with Radar,0,43,89,0,132,0,14,102,1,117,0,57,191,1,249,134,0,134,383
02/19/2018,APA,CO,ANM,WE,Towers with Radar,0,84,126,0,210,0,0,1,0,1,0,84,127,0,211,2,0,2,213
02/20/2018,APA,CO,ANM,WE,Towers with Radar,1,83,134,0,218,0,7,64,18,89,1,90,198,18,307,118,18,136,443
02/21/2018,APA,CO,ANM,WE,Towers with Radar,0,75,147,0,222,0,6,227,6,239,0,81,374,6,461,517,0,517,978
02/22/2018,APA,CO,ANM,WE,Towers with Radar,0,83,118,0,201,0,4,82,0,86,0,87,200,0,287,408,0,408,695
02/23/2018,APA,CO,ANM,WE,Towers with Radar,0,91,104,4,199,0,5,139,2,146,0,96,243,6,345,234,0,234,579
02/24/2018,APA,CO,ANM,WE,Towers with Radar,0,60,81,2,143,0,7,107,0,114,0,67,188,2,257,171,0,171,428
02/25/2018,APA,CO,ANM,WE,Towers with Radar,0,50,126,2,178,0,13,235,0,248,0,63,361,2,426,237,0,237,663
02/26/2018,APA,CO,ANM,WE,Towers with Radar,0,75,127,4,206,0,25,312,9,346,0,100,439,13,552,598,14,612,1164
02/27/2018,APA,CO,ANM,WE,Towers with Radar,0,74,133,6,213,0,6,412,7,425,0,80,545,13,638,672,10,682,1320
02/28/2018,APA,CO,ANM,WE,Towers with Radar,0,76,140,1,217,0,18,162,4,184,0,94,302,5,401,462,2,464,865
03/01/2018,APA,CO,ANM,WE,Towers with Radar,0,90,143,7,240,0,9,204,7,220,0,99,347,14,460,429,4,433,893
03/02/2018,APA,CO,ANM,WE,Towers with Radar,0,62,113,10,185,0,12,174,9,195,0,74,287,19,380,123,0,123,503
03/03/2018,APA,CO,ANM,WE,Towers with Radar,2,66,66,4,138,0,13,250,8,271,2,79,316,12,409,358,8,366,775
03/04/2018,APA,CO,ANM,WE,Towers with Radar,0,57,85,2,144,0,8,79,3,90,0,65,164,5,234,92,0,92,326
03/05/2018,APA,CO,ANM,WE,Towers with Radar,0,56,94,2,152,0,0,19,4,23,0,56,113,6,175,0,0,0,175
03/06/2018,APA,CO,ANM,WE,Towers with Radar,0,83,87,7,177,0,12,228,12,252,0,95,315,19,429,496,8,504,933
03/07/2018,APA,CO,ANM,WE,Towers with Radar,0,82,157,8,247,0,5,339,9,353,0,87,496,17,600,605,10,615,1215
03/08/2018,APA,CO,ANM,WE,Towers with Radar,0,71,163,5,239,0,19,409,14,442,0,90,572,19,681,763,10,773,1454
03/09/2018,APA,CO,ANM,WE,Towers with Radar,0,79,161,2,242,0,10,382,1,393,0,89,543,3,635,586,0,586,1221
03/10/2018,APA,CO,ANM,WE,Towers with Radar,0,68,78,3,149,0,0,184,0,184,0,68,262,3,333,167,0,167,500
03/11/2018,APA,CO,ANM,WE,Towers with Radar,0,51,119,4,174,0,18,287,3,308,0,69,406,7,482,609,0,609,1091
03/12/2018,APA,CO,ANM,WE,Towers with Radar,0,67,127,7,201,0,15,189,2,206,0,82,316,9,407,412,0,412,819
03/13/2018,APA,CO,ANM,WE,Towers with Radar,0,97,135,4,236,0,16,291,0,307,0,113,426,4,543,679,0,679,1222
03/14/2018,APA,CO,ANM,WE,Towers with Radar,0,82,146,2,230,0,9,313,9,331,0,91,459,11,561,600,11,611,1172
03/15/2018,APA,CO,ANM,WE,Towers with Radar,0,75,143,8,226,0,6,186,5,197,0,81,329,13,423,380,0,380,803
03/16/2018,APA,CO,ANM,WE,Towers with Radar,0,78,124,20,222,0,8,106,10,124,0,86,230,30,346,129,0,129,475
03/17/2018,APA,CO,ANM,WE,Towers with Radar,0,66,95,6,167,0,11,337,2,350,0,77,432,8,517,400,10,410,927
03/18/2018,APA,CO,ANM,WE,Towers with Radar,0,56,104,22,182,0,14,109,0,123,0,70,213,22,305,384,0,384,689
03/19/2018,APA,CO,ANM,WE,Towers with Radar,0,79,116,4,199,0,14,95,1,110,0,93,211,5,309,312,4,316,625
03/20/2018,APA,CO,ANM,WE,Towers with Radar,0,82,129,4,215,0,10,269,4,283,0,92,398,8,498,444,0,444,942
03/21/2018,APA,CO,ANM,WE,Towers with Radar,0,87,123,3,213,0,12,384,19,415,0,99,507,22,628,600,0,600,1228
03/22/2018,APA,CO,ANM,WE,Towers with Radar,0,96,146,1,243,0,19,337,4,360,0,115,483,5,603,473,6,479,1082
03/23/2018,APA,CO,ANM,WE,Towers with Radar,0,77,114,21,212,0,17,73,2,92,0,94,187,23,304,22,0,22,326
03/24/2018,APA,CO,ANM,WE,Towers with Radar,0,41,118,2,161,0,9,202,8,219,0,50,320,10,380,306,8,314,694
03/25/2018,APA,CO,ANM,WE,Towers with Radar,0,54,108,8,170,0,8,163,23,194,0,62,271,31,364,206,0,206,570
03/26/2018,APA,CO,ANM,WE,Towers with Radar,0,64,97,3,164,0,15,91,4,110,0,79,188,7,274,228,0,228,502
03/27/2018,APA,CO,ANM,WE,Towers with Radar,0,73,94,13,180,0,10,212,8,230,0,83,306,21,410,469,4,473,883
03/28/2018,APA,CO,ANM,WE,Towers with Radar,0,85,120,1,206,0,6,217,7,230,0,91,337,8,436,498,4,502,938
03/29/2018,APA,CO,ANM,WE,Towers with Radar,0,69,113,10,192,0,6,160,6,172,0,75,273,16,364,341,0,341,705
03/30/2018,APA,CO,ANM,WE,Towers with Radar,0,69,117,6,192,0,6,296,2,304,0,75,413,8,496,632,2,634,1130
03/31/2018,APA,CO,ANM,WE,Towers with Radar,0,52,61,2,115,0,14,321,0,335,0,66,382,2,450,476,0,476,926
04/01/2018,APA,CO,ANM,WE,Towers with Radar,0,47,80,3,130,0,12,201,0,213,0,59,281,3,343,303,0,303,646
04/02/2018,APA,CO,ANM,WE,Towers with Radar,0,46,107,0,153,0,8,94,0,102,0,54,201,0,255,198,0,198,453
04/03/2018,APA,CO,ANM,WE,Towers with Radar,0,78,96,2,176,0,7,211,3,221,0,85,307,5,397,205,0,205,602
04/04/2018,APA,CO,ANM,WE,Towers with Radar,0,59,148,3,210,0,15,316,2,333,0,74,464,5,543,584,1,585,1128
04/05/2018,APA,CO,ANM,WE,Towers with Radar,0,83,134,0,217,0,15,438,12,465,0,98,572,12,682,742,6,748,1430
04/06/2018,APA,CO,ANM,WE,Towers with Radar,0,62,78,2,142,0,3,33,0,36,0,65,111,2,178,115,0,115,293
04/07/2018,APA,CO,ANM,WE,Towers with Radar,0,49,86,12,147,0,6,286,4,296,0,55,372,16,443,469,0,469,912
04/08/2018,APA,CO,ANM,WE,Towers with Radar,0,70,73,12,155,0,1,63,3,67,0,71,136,15,222,70,0,70,292
04/09/2018,APA,CO,ANM,WE,Towers with Radar,0,72,126,5,203,0,11,184,5,200,0,83,310,10,403,449,0,449,852
04/10/2018,APA,CO,ANM,WE,Towers with Radar,0,79,97,3,179,0,15,426,19,460,0,94,523,22,639,844,43,887,1526
04/11/2018,APA,CO,ANM,WE,Towers with Radar,0,71,154,1,226,0,12,178,3,193,0,83,332,4,419,207,0,207,626
04/12/2018,APA,CO,ANM,WE,Towers with Radar,0,63,133,6,202,0,15,110,10,135,0,78,243,16,337,194,32,226,563
04/13/2018,APA,CO,ANM,WE,Towers with Radar,0,75,87,6,168,0,5,25,0,30,0,80,112,6,198,34,0,34,232
04/14/2018,APA,CO,ANM,WE,Towers with Radar,0,29,61,6,96,0,12,79,6,97,0,41,140,12,193,50,0,50,243
04/15/2018,APA,CO,ANM,WE,Towers with Radar,0,66,121,9,196,0,14,466,1,481,0,80,587,10,677,771,0,771,1448
04/16/2018,APA,CO,ANM,WE,Towers with Radar,0,74,133,2,209,0,17,318,12,347,0,91,451,14,556,718,20,738,1294
04/17/2018,APA,CO,ANM,WE,Towers with Radar,0,59,98,2,159,0,9,15,0,24,0,68,113,2,183,0,0,0,183
04/18/2018,APA,CO,ANM,WE,Towers with Radar,0,104,165,11,280,0,26,436,19,481,0,130,601,30,761,696,14,710,1471
04/19/2018,APA,CO,ANM,WE,Towers with Radar,0,87,141,5,233,0,15,134,9,158,0,102,275,14,391,350,0,350,741
04/20/2018,APA,CO,ANM,WE,Towers with Radar,0,65,93,3,161,0,12,31,15,58,0,77,124,18,219,38,4,42,261
04/21/2018,APA,CO,ANM,WE,Towers with Radar,0,30,46,0,76,0,3,8,0,11,0,33,54,0,87,4,0,4,91
04/22/2018,APA,CO,ANM,WE,Towers with Radar,0,58,96,3,157,0,24,521,3,548,0,82,617,6,705,788,0,788,1493
04/23/2018,APA,CO,ANM,WE,Towers with Radar,0,71,117,3,191,0,15,317,8,340,0,86,434,11,531,637,0,637,1168
04/24/2018,APA,CO,ANM,WE,Towers with Radar,0,83,108,0,191,0,0,4,0,4,0,83,112,0,195,0,0,0,195
04/25/2018,APA,CO,ANM,WE,Towers with Radar,1,64,150,4,219,0,36,398,7,441,1,100,548,11,660,747,0,747,1407
04/26/2018,APA,CO,ANM,WE,Towers with Radar,0,79,142,11,232,0,12,195,8,215,0,91,337,19,447,515,2,517,964
04/27/2018,APA,CO,ANM,WE,Towers with Radar,0,76,144,13,233,0,20,439,31,490,0,96,583,44,723,774,38,812,1535
04/28/2018,APA,CO,ANM,WE,Towers with Radar,0,35,43,1,79,0,6,283,1,290,0,41,326,2,369,477,0,477,846
04/29/2018,APA,CO,ANM,WE,Towers with Radar,0,68,99,10,177,0,9,149,0,158,0,77,248,10,335,342,0,342,677
04/30/2018,APA,CO,ANM,WE,Towers with Radar,0,64,110,2,176,0,12,181,5,198,0,76,291,7,374,402,4,406,780
05/01/2018,APA,CO,ANM,WE,Towers with Radar,0,64,120,3,187,0,17,208,3,228,0,81,328,6,415,333,0,333,748
05/02/2018,APA,CO,ANM,WE,Towers with Radar,0,70,108,0,178,0,5,22,0,27,0,75,130,0,205,75,0,75,280
05/03/2018,APA,CO,ANM,WE,Towers with Radar,0,91,112,2,205,0,4,24,1,29,0,95,136,3,234,22,0,22,256
05/04/2018,APA,CO,ANM,WE,Towers with Radar,0,74,121,5,200,0,20,469,3,492,0,94,590,8,692,826,4,830,1522
05/05/2018,APA,CO,ANM,WE,Towers with Radar,0,49,72,7,128,0,21,374,4,399,0,70,446,11,527,643,2,645,1172
05/06/2018,APA,CO,ANM,WE,Towers with Radar,0,69,93,6,168,0,9,413,2,424,0,78,506,8,592,593,0,593,1185
05/07/2018,APA,CO,ANM,WE,Towers with Radar,0,71,97,0,168,0,18,393,3,414,0,89,490,3,582,770,10,780,1362
05/08/2018,APA,CO,ANM,WE,Towers with Radar,0,88,100,2,190,0,24,470,7,501,0,112,570,9,691,923,4,927,1618
05/09/2018,APA,CO,ANM,WE,Towers with Radar,0,68,137,4,209,0,18,361,6,385,0,86,498,10,594,389,0,389,983
05/10/2018,APA,CO,ANM,WE,Towers with Radar,0,76,130,4,210,0,17,303,2,322,0,93,433,6,532,450,0,450,982
05/11/2018,APA,CO,ANM,WE,Towers with Radar,0,82,112,6,200,0,5,222,7,234,0,87,334,13,434,531,2,533,967
05/12/2018,APA,CO,ANM,WE,Towers with Radar,0,39,104,1,144,0,2,51,0,53,0,41,155,1,197,230,0,230,427
05/13/2018,APA,CO,ANM,WE,Towers with Radar,0,53,83,3,139,0,4,18,2,24,0,57,101,5,163,54,0,54,217
05/14/2018,APA,CO,ANM,WE,Towers with Radar,0,66,115,0,181,0,10,217,1,228,0,76,332,1,409,499,0,499,908
05/15/2018,APA,CO,ANM,WE,Towers with Radar,0,79,135,2,216,0,13,252,7,272,0,92,387,9,488,582,14,596,1084
05/16/2018,APA,CO,ANM,WE,Towers with Radar,0,85,124,6,215,23,27,393,10,453,23,112,517,16,668,793,4,797,1465
05/17/2018,APA,CO,ANM,WE,Towers with Radar,0,91,142,9,242,0,17,316,8,341,0,108,458,17,583,636,16,652,1235
05/18/2018,APA,CO,ANM,WE,Towers with Radar,0,67,114,1,182,0,3,59,0,62,0,70,173,1,244,154,0,154,398
05/19/2018,APA,CO,ANM,WE,Towers with Radar,0,37,72,2,111,0,2,14,0,16,0,39,86,2,127,48,0,48,175
05/20/2018,APA,CO,ANM,WE,Towers with Radar,0,41,116,2,159,0,2,127,0,129,0,43,243,2,288,598,0,598,886
05/21/2018,APA,CO,ANM,WE,Towers with Radar,0,73,139,0,212,0,22,278,7,307,0,95,417,7,519,563,4,567,1086
05/22/2018,APA,CO,ANM,WE,Towers with Radar,0,82,120,8,210,0,20,366,1,387,0,102,486,9,597,710,0,710,1307
05/23/2018,APA,CO,ANM,WE,Towers with Radar,0,70,111,2,183,0,21,287,6,314,0,91,398,8,497,600,5,605,1102
05/24/2018,APA,CO,ANM,WE,Towers with Radar,0,65,135,9,209,0,27,331,4,362,0,92,466,13,571,657,2,659,1230
05/25/2018,APA,CO,ANM,WE,Towers with Radar,0,83,148,6,237,0,12,415,7,434,0,95,563,13,671,591,2,593,1264
05/26/2018,APA,CO,ANM,WE,Towers with Radar,0,27,67,4,98,0,12,322,1,335,0,39,389,5,433,588,0,588,1021
05/27/2018,APA,CO,ANM,WE,Towers with Radar,0,31,53,7,91,0,15,295,2,312,0,46,348,9,403,453,0,453,856
05/28/2018,APA,CO,ANM,WE,Towers with Radar,0,48,97,3,148,0,4,174,2,180,0,52,271,5,328,407,0,407,735
05/29/2018,APA,CO,ANM,WE,Towers with Radar,0,64,102,7,173,21,12,237,15,285,21,76,339,22,458,716,24,740,1198
05/30/2018,APA,CO,ANM,WE,Towers with Radar,0,68,127,6,201,0,23,266,13,302,0,91,393,19,503,472,0,472,975
05/31/2018,APA,CO,ANM,WE,Towers with Radar,0,68,140,4,212,0,35,319,2,356,0,103,459,6,568,659,0,659,1227
06/01/2018,APA,CO,ANM,WE,Towers with Radar,0,72,116,13,201,0,24,284,4,312,0,96,400,17,513,469,6,475,988
06/02/2018,APA,CO,ANM,WE,Towers with Radar,0,49,76,12,137,0,21,395,3,419,0,70,471,15,556,644,0,644,1200
06/03/2018,APA,CO,ANM,WE,Towers with Radar,0,56,96,7,159,0,24,412,0,436,0,80,508,7,595,753,0,753,1348
06/04/2018,APA,CO,ANM,WE,Towers with Radar,0,89,128,4,221,0,53,319,6,378,0,142,447,10,599,795,6,801,1400
06/05/2018,APA,CO,ANM,WE,Towers with Radar,0,74,98,3,175,28,34,270,3,335,28,108,368,6,510,605,2,607,1117
06/06/2018,APA,CO,ANM,WE,Towers with Radar,1,84,130,5,220,0,8,274,4,286,1,92,404,9,506,512,2,514,1020
06/07/2018,APA,CO,ANM,WE,Towers with Radar,3,87,134,3,227,0,34,235,6,275,3,121,369,9,502,186,11,197,699
06/08/2018,APA,CO,ANM,WE,Towers with Radar,0,90,108,23,221,0,11,327,15,353,0,101,435,38,574,604,20,624,1198
06/09/2018,APA,CO,ANM,WE,Towers with Radar,0,55,73,19,147,0,18,453,29,500,0,73,526,48,647,470,19,489,1136
06/10/2018,APA,CO,ANM,WE,Towers with Radar,0,62,107,19,188,0,5,224,4,233,0,67,331,23,421,238,4,242,663
06/11/2018,APA,CO,ANM,WE,Towers with Radar,0,83,128,5,216,0,7,415,6,428,0,90,543,11,644,602,0,602,1246
06/12/2018,APA,CO,ANM,WE,Towers with Radar,0,96,154,7,257,0,20,342,4,366,0,116,496,11,623,606,0,606,1229
06/13/2018,APA,CO,ANM,WE,Towers with Radar,0,100,151,6,257,0,17,274,2,293,0,117,425,8,550,423,4,427,977
06/14/2018,APA,CO,ANM,WE,Towers with Radar,0,95,144,8,247,0,11,280,5,296,0,106,424,13,543,402,4,406,949
06/15/2018,APA,CO,ANM,WE,Towers with Radar,0,74,116,14,204,0,6,275,11,292,0,80,391,25,496,504,0,504,1000
06/16/2018,APA,CO,ANM,WE,Towers with Radar,0,40,66,8,114,0,8,242,2,252,0,48,308,10,366,443,0,443,809
06/17/2018,APA,CO,ANM,WE,Towers with Radar,0,65,114,11,190,0,3,53,1,57,0,68,167,12,247,277,0,277,524
06/18/2018,APA,CO,ANM,WE,Towers with Radar,0,88,142,6,236,0,16,149,1,166,0,104,291,7,402,346,0,346,748
06/19/2018,APA,CO,ANM,WE,Towers with Radar,0,88,156,7,251,0,9,88,0,97,0,97,244,7,348,269,0,269,617
06/20/2018,APA,CO,ANM,WE,Towers with Radar,0,103,134,3,240,0,25,466,30,521,0,128,600,33,761,699,39,738,1499
06/21/2018,APA,CO,ANM,WE,Towers with Radar,0,83,155,9,247,0,24,388,4,416,0,107,543,13,663,702,4,706,1369
06/22/2018,APA,CO,ANM,WE,Towers with Radar,0,81,134,23,238,0,13,260,10,283,0,94,394,33,521,389,18,407,928
06/23/2018,APA,CO,ANM,WE,Towers with Radar,0,44,101,8,153,0,21,352,4,377,0,65,453,12,530,536,2,538,1068
06/24/2018,APA,CO,ANM,WE,Towers with Radar,0,72,125,11,208,0,9,171,3,183,0,81,296,14,391,320,0,320,711
06/25/2018,APA,CO,ANM,WE,Towers with Radar,0,69,130,7,206,0,18,346,8,372,0,87,476,15,578,650,0,650,1228
06/26/2018,APA,CO,ANM,WE,Towers with Radar,1,114,139,8,262,0,28,433,3,464,1,142,572,11,726,828,0,828,1554
06/27/2018,APA,CO,ANM,WE,Towers with Radar,0,77,155,3,235,0,21,283,5,309,0,98,438,8,544,637,5,642,1186
06/28/2018,APA,CO,ANM,WE,Towers with Radar,0,81,169,10,260,0,33,308,10,351,0,114,477,20,611,454,4,458,1069
06/29/2018,APA,CO,ANM,WE,Towers with Radar,0,111,168,15,294,0,14,289,11,314,0,125,457,26,608,410,0,410,1018
06/30/2018,APA,CO,ANM,WE,Towers with Radar,0,59,107,4,170,0,14,198,2,214,0,73,305,6,384,504,2,506,890
07/01/2018,APA,CO,ANM,WE,Towers with Radar,0,67,131,7,205,0,13,296,1,310,0,80,427,8,515,583,0,583,1098
07/02/2018,APA,CO,ANM,WE,Towers with Radar,0,51,104,10,165,0,82,262,6,350,0,133,366,16,515,704,0,704,1219
07/03/2018,APA,CO,ANM,WE,Towers with Radar,0,63,115,4,182,0,23,328,1,352,0,86,443,5,534,598,2,600,1134
07/04/2018,APA,CO,ANM,WE,Towers with Radar,0,39,58,6,103,0,11,255,1,267,0,50,313,7,370,488,0,488,858
07/05/2018,APA,CO,ANM,WE,Towers with Radar,1,51,87,4,143,0,24,218,1,243,1,75,305,5,386,268,0,268,654
07/06/2018,APA,CO,ANM,WE,Towers with Radar,0,56,105,9,170,0,15,355,11,381,0,71,460,20,551,662,4,666,1217
07/07/2018,APA,CO,ANM,WE,Towers with Radar,0,45,74,1,120,0,20,343,5,368,0,65,417,6,488,415,2,417,905
07/08/2018,APA,CO,ANM,WE,Towers with Radar,0,71,122,5,198,0,17,338,2,357,0,88,460,7,555,358,1,359,914
07/09/2018,APA,CO,ANM,WE,Towers with Radar,0,67,138,7,212,0,8,345,5,358,0,75,483,12,570,581,0,581,1151
07/10/2018,APA,CO,ANM,WE,Towers with Radar,0,88,159,5,252,0,28,338,6,372,0,116,497,11,624,379,2,381,1005
07/11/2018,APA,CO,ANM,WE,Towers with Radar,0,92,131,9,232,0,16,342,14,372,0,108,473,23,604,667,20,687,1291
07/12/2018,APA,CO,ANM,WE,Towers with Radar,0,76,180,5,261,0,48,395,6,449,0,124,575,11,710,743,6,749,1459
07/13/2018,APA,CO,ANM,WE,Towers with Radar,0,74,135,7,216,0,17,411,7,435,0,91,546,14,651,609,4,613,1264
07/14/2018,APA,CO,ANM,WE,Towers with Radar,0,46,64,15,125,0,19,363,7,389,0,65,427,22,514,517,3,520,1034
07/15/2018,APA,CO,ANM,WE,Towers with Radar,0,64,144,9,217,0,4,122,0,126,0,68,266,9,343,178,0,178,521
07/16/2018,APA,CO,ANM,WE,Towers with Radar,0,83,143,4,230,0,23,337,10,370,0,106,480,14,600,598,0,598,1198
07/17/2018,APA,CO,ANM,WE,Towers with Radar,0,83,158,10,251,0,9,278,7,294,0,92,436,17,545,713,8,721,1266
07/18/2018,APA,CO,ANM,WE,Towers with Radar,1,77,134,3,215,0,30,474,5,509,1,107,608,8,724,847,20,867,1591
07/19/2018,APA,CO,ANM,WE,Towers with Radar,0,90,182,12,284,0,26,455,4,485,0,116,637,16,769,877,0,877,1646
07/20/2018,APA,CO,ANM,WE,Towers with Radar,0,84,125,15,224,0,44,382,7,433,0,128,507,22,657,503,27,530,1187
07/21/2018,APA,CO,ANM,WE,Towers with Radar,0,42,91,7,140,0,70,342,2,414,0,112,433,9,554,534,20,554,1108
07/22/2018,APA,CO,ANM,WE,Towers with Radar,0,52,126,19,197,0,19,237,9,265,0,71,363,28,462,324,6,330,792
07/23/2018,APA,CO,ANM,WE,Towers with Radar,0,66,118,9,193,0,17,206,2,225,0,83,324,11,418,388,20,408,826
07/24/2018,APA,CO,ANM,WE,Towers with Radar,0,89,149,0,238,0,29,233,7,269,0,118,382,7,507,475,20,495,1002
07/25/2018,APA,CO,ANM,WE,Towers with Radar,0,87,153,2,242,0,15,308,12,335,0,102,461,14,577,521,8,529,1106
07/26/2018,APA,CO,ANM,WE,Towers with Radar,0,88,155,6,249,0,29,299,9,337,0,117,454,15,586,652,6,658,1244
07/27/2018,APA,CO,ANM,WE,Towers with Radar,0,80,130,8,218,0,13,243,10,266,0,93,373,18,484,433,6,439,923
07/28/2018,APA,CO,ANM,WE,Towers with Radar,0,58,110,7,175,0,10,161,0,171,0,68,271,7,346,343,0,343,689
07/29/2018,APA,CO,ANM,WE,Towers with Radar,0,76,145,8,229,0,12,131,0,143,0,88,276,8,372,310,0,310,682
07/30/2018,APA,CO,ANM,WE,Towers with Radar,0,80,120,5,205,0,24,384,3,411,0,104,504,8,616,658,0,658,1274
07/31/2018,APA,CO,ANM,WE,Towers with Radar,0,75,113,5,193,0,13,467,3,483,0,88,580,8,676,758,8,766,1442
08/01/2018,APA,CO,ANM,WE,Towers with Radar,0,77,164,7,248,0,17,314,4,335,0,94,478,11,583,477,12,489,1072
08/02/2018,APA,CO,ANM,WE,Towers with Radar,0,90,133,6,229,0,17,319,12,348,0,107,452,18,577,667,18,685,1262
08/03/2018,APA,CO,ANM,WE,Towers with Radar,0,88,143,3,234,0,10,247,4,261,0,98,390,7,495,338,14,352,847
08/04/2018,APA,CO,ANM,WE,Towers with Radar,1,58,98,5,162,0,10,277,0,287,1,68,375,5,449,383,0,383,832
08/05/2018,APA,CO,ANM,WE,Towers with Radar,0,59,101,5,165,0,14,194,0,208,0,73,295,5,373,372,0,372,745
08/06/2018,APA,CO,ANM,WE,Towers with Radar,0,74,166,3,243,0,28,325,0,353,0,102,491,3,596,676,0,676,1272
08/07/2018,APA,CO,ANM,WE,Towers with Radar,0,80,156,2,238,0,27,357,1,385,0,107,513,3,623,575,2,577,1200
08/08/2018,APA,CO,ANM,WE,Towers with Radar,0,83,161,5,249,0,14,301,0,315,0,97,462,5,564,476,0,476,1040
08/09/2018,APA,CO,ANM,WE,Towers with Radar,0,64,159,2,225,0,22,349,2,373,0,86,508,4,598,622,0,622,1220
08/10/2018,APA,CO,ANM,WE,Towers with Radar,0,68,126,10,204,0,22,395,4,421,0,90,521,14,625,540,0,540,1165
08/11/2018,APA,CO,ANM,WE,Towers with Radar,0,46,86,4,136,0,15,307,10,332,0,61,393,14,468,379,15,394,862
08/12/2018,APA,CO,ANM,WE,Towers with Radar,0,61,120,9,190,0,23,252,3,278,0,84,372,12,468,269,8,277,745
08/13/2018,APA,CO,ANM,WE,Towers with Radar,0,67,125,6,198,0,24,372,4,400,0,91,497,10,598,819,4,823,1421
08/14/2018,APA,CO,ANM,WE,Towers with Radar,1,72,156,4,233,0,14,269,0,283,1,86,425,4,516,424,0,424,940
08/15/2018,APA,CO,ANM,WE,Towers with Radar,0,79,163,8,250,0,25,368,2,395,0,104,531,10,645,550,0,550,1195
08/16/2018,APA,CO,ANM,WE,Towers with Radar,0,72,167,10,249,0,13,312,12,337,0,85,479,22,586,623,7,630,1216
08/17/2018,APA,CO,ANM,WE,Towers with Radar,0,79,129,13,221,0,17,237,6,260,0,96,366,19,481,386,3,389,870
08/18/2018,APA,CO,ANM,WE,Towers with Radar,0,45,86,4,135,0,52,292,1,345,0,97,378,5,480,340,0,340,820
08/19/2018,APA,CO,ANM,WE,Towers with Radar,0,80,134,4,218,0,18,245,6,269,0,98,379,10,487,413,1,414,901
08/20/2018,APA,CO,ANM,WE,Towers with Radar,0,81,152,13,246,0,19,384,1,404,0,100,536,14,650,508,0,508,1158
08/21/2018,APA,CO,ANM,WE,Towers with Radar,0,77,143,3,223,0,31,167,1,199,0,108,310,4,422,342,0,342,764
08/22/2018,APA,CO,ANM,WE,Towers with Radar,0,96,170,2,268,0,8,151,1,160,0,104,321,3,428,377,0,377,805
08/23/2018,APA,CO,ANM,WE,Towers with Radar,0,94,162,3,259,0,58,338,3,399,0,152,500,6,658,555,0,555,1213
08/24/2018,APA,CO,ANM,WE,Towers with Radar,0,94,147,20,261,0,63,478,26,567,0,157,625,46,828,754,16,770,1598
08/25/2018,APA,CO,ANM,WE,Towers with Radar,0,60,83,13,156,0,33,419,28,480,0,93,502,41,636,570,16,586,1222
08/26/2018,APA,CO,ANM,WE,Towers with Radar,0,66,106,22,194,0,14,243,19,276,0,80,349,41,470,422,8,430,900
08/27/2018,APA,CO,ANM,WE,Towers with Radar,0,84,118,6,208,0,20,182,10,212,0,104,300,16,420,288,6,294,714
08/28/2018,APA,CO,ANM,WE,Towers with Radar,0,77,153,9,239,0,23,477,13,513,0,100,630,22,752,738,5,743,1495
08/29/2018,APA,CO,ANM,WE,Towers with Radar,0,85,141,8,234,0,12,349,1,362,0,97,490,9,596,597,0,597,1193
08/30/2018,APA,CO,ANM,WE,Towers with Radar,0,82,180,10,272,0,63,378,13,454,0,145,558,23,726,627,12,639,1365
08/31/2018,APA,CO,ANM,WE,Towers with Radar,0,67,123,4,194,0,31,363,1,395,0,98,486,5,589,443,0,443,1032
09/01/2018,APA,CO,ANM,WE,Towers with Radar,0,51,82,0,133,0,56,347,7,410,0,107,429,7,543,559,7,566,1109
09/02/2018,APA,CO,ANM,WE,Towers with Radar,0,32,57,3,92,0,30,358,0,388,0,62,415,3,480,669,0,669,1149
09/03/2018,APA,CO,ANM,WE,Towers with Radar,1,85,128,3,217,0,12,247,0,259,1,97,375,3,476,594,0,594,1070
09/04/2018,APA,CO,ANM,WE,Towers with Radar,1,79,138,4,222,0,7,268,0,275,1,86,406,4,497,577,0,577,1074
09/05/2018,APA,CO,ANM,WE,Towers with Radar,0,97,145,2,244,0,9,73,5,87,0,106,218,7,331,216,2,218,549
09/06/2018,APA,CO,ANM,WE,Towers with Radar,0,85,135,9,229,0,65,324,8,397,0,150,459,17,626,716,2,718,1344
09/07/2018,APA,CO,ANM,WE,Towers with Radar,0,79,168,9,256,0,23,270,7,300,0,102,438,16,556,168,3,171,727
09/08/2018,APA,CO,ANM,WE,Towers with Radar,0,61,103,22,186,0,31,392,7,430,0,92,495,29,616,689,7,696,1312
09/09/2018,APA,CO,ANM,WE,Towers with Radar,0,68,129,15,212,0,16,388,0,404,0,84,517,15,616,534,0,534,1150
09/10/2018,APA,CO,ANM,WE,Towers with Radar,0,68,129,7,204,0,14,334,5,353,0,82,463,12,557,602,0,602,1159
09/11/2018,APA,CO,ANM,WE,Towers with Radar,0,73,143,10,226,0,14,329,11,354,0,87,472,21,580,137,0,137,717
09/12/2018,APA,CO,ANM,WE,Towers with Radar,0,64,153,10,227,0,16,350,15,381,0,80,503,25,608,505,2,507,1115
09/13/2018,APA,CO,ANM,WE,Towers with Radar,0,75,168,9,252,0,16,309,6,331,0,91,477,15,583,404,0,404,987
09/14/2018,APA,CO,ANM,WE,Towers with Radar,0,77,153,13,243,0,63,368,14,445,0,140,521,27,688,564,6,570,1258
09/15/2018,APA,CO,ANM,WE,Towers with Radar,0,67,54,8,129,0,41,475,2,518,0,108,529,10,647,541,0,541,1188
09/16/2018,APA,CO,ANM,WE,Towers with Radar,0,63,113,19,195,0,51,299,5,355,0,114,412,24,550,366,0,366,916
09/17/2018,APA,CO,ANM,WE,Towers with Radar,0,67,151,10,228,0,14,332,4,350,0,81,483,14,578,552,1,553,1131
09/18/2018,APA,CO,ANM,WE,Towers with Radar,0,79,144,9,232,0,22,375,12,409,0,101,519,21,641,662,0,662,1303
09/19/2018,APA,CO,ANM,WE,Towers with Radar,0,84,134,11,229,0,21,256,10,287,0,105,390,21,516,458,4,462,978
09/20/2018,APA,CO,ANM,WE,Towers with Radar,1,85,164,10,260,0,25,377,4,406,1,110,541,14,666,573,2,575,1241
09/21/2018,APA,CO,ANM,WE,Towers with Radar,0,81,91,26,198,0,32,268,6,306,0,113,359,32,504,378,35,413,917
09/22/2018,APA,CO,ANM,WE,Towers with Radar,0,44,68,17,129,0,210,507,9,726,0,254,575,26,855,602,2,604,1459
09/23/2018,APA,CO,ANM,WE,Towers with Radar,0,87,104,14,205,0,30,334,19,383,0,117,438,33,588,323,0,323,911
09/24/2018,APA,CO,ANM,WE,Towers with Radar,0,65,128,0,193,0,9,243,0,252,0,74,371,0,445,434,0,434,879
09/25/2018,APA,CO,ANM,WE,Towers with Radar,0,73,138,5,216,0,10,313,3,326,0,83,451,8,542,483,0,483,1025
09/26/2018,APA,CO,ANM,WE,Towers with Radar,0,91,176,2,269,0,11,398,10,419,0,102,574,12,688,672,17,689,1377
09/27/2018,APA,CO,ANM,WE,Towers with Radar,0,101,201,5,307,0,11,396,0,407,0,112,597,5,714,565,0,565,1279
09/28/2018,APA,CO,ANM,WE,Towers with Radar,1,84,175,10,270,0,14,137,2,153,1,98,312,12,423,437,0,437,860
09/29/2018,APA,CO,ANM,WE,Towers with Radar,0,44,81,14,139,0,25,290,4,319,0,69,371,18,458,517,0,517,975
09/30/2018,APA,CO,ANM,WE,Towers with Radar,0,80,141,10,231,0,21,184,0,205,0,101,325,10,436,286,0,286,722
10/01/2018,APA,CO,ANM,WE,Towers with Radar,0,88,148,2,238,0,12,212,2,226,0,100,360,4,464,309,0,309,773
10/02/2018,APA,CO,ANM,WE,Towers with Radar,0,82,136,2,220,0,20,278,2,300,0,102,414,4,520,568,0,568,1088
10/03/2018,APA,CO,ANM,WE,Towers with Radar,0,85,155,8,248,0,17,236,3,256,0,102,391,11,504,407,0,407,911
10/04/2018,APA,CO,ANM,WE,Towers with Radar,1,97,122,2,222,0,24,278,5,307,1,121,400,7,529,408,0,408,937
10/05/2018,APA,CO,ANM,WE,Towers with Radar,0,74,125,5,204,0,7,248,3,258,0,81,373,8,462,359,0,359,821
10/06/2018,APA,CO,ANM,WE,Towers with Radar,0,52,62,4,118,0,30,202,5,237,0,82,264,9,355,357,0,357,712
10/07/2018,APA,CO,ANM,WE,Towers with Radar,0,73,131,2,206,0,5,37,0,42,0,78,168,2,248,138,0,138,386
10/08/2018,APA,CO,ANM,WE,Towers with Radar,0,86,88,0,174,0,0,0,0,0,0,86,88,0,174,0,0,0,174
10/09/2018,APA,CO,ANM,WE,Towers with Radar,0,95,106,2,203,0,0,0,0,0,0,95,106,2,203,0,0,0,203
10/10/2018,APA,CO,ANM,WE,Towers with Radar,0,94,99,1,194,0,2,2,0,4,0,96,101,1,198,2,0,2,200
10/11/2018,APA,CO,ANM,WE,Towers with Radar,0,87,140,6,233,0,4,78,0,82,0,91,218,6,315,239,0,239,554
10/12/2018,APA,CO,ANM,WE,Towers with Radar,0,79,136,21,236,0,5,388,15,408,0,84,524,36,644,659,0,659,1303
10/13/2018,APA,CO,ANM,WE,Towers with Radar,0,52,78,9,139,0,23,403,10,436,0,75,481,19,575,415,0,415,990
10/14/2018,APA,CO,ANM,WE,Towers with Radar,1,56,107,2,166,0,0,4,0,4,1,56,111,2,170,0,0,0,170
10/15/2018,APA,CO,ANM,WE,Towers with Radar,0,74,112,4,190,0,28,293,1,322,0,102,405,5,512,568,0,568,1080
10/16/2018,APA,CO,ANM,WE,Towers with Radar,0,79,140,6,225,0,28,411,6,445,0,107,551,12,670,674,0,674,1344
10/17/2018,APA,CO,ANM,WE,Towers with Radar,0,83,143,7,233,0,7,273,6,286,0,90,416,13,519,381,2,383,902
10/18/2018,APA,CO,ANM,WE,Towers with Radar,0,98,127,10,235,0,25,274,18,317,0,123,401,28,552,264,8,272,824
10/19/2018,APA,CO,ANM,WE,Towers with Radar,0,72,149,8,229,0,20,378,3,401,0,92,527,11,630,676,0,676,1306
10/20/2018,APA,CO,ANM,WE,Towers with Radar,0,40,60,8,108,0,69,419,5,493,0,109,479,13,601,495,2,497,1098
10/21/2018,APA,CO,ANM,WE,Towers with Radar,0,49,109,6,164,0,29,402,2,433,0,78,511,8,597,585,0,585,1182
10/22/2018,APA,CO,ANM,WE,Towers with Radar,2,64,102,6,174,0,24,329,0,353,2,88,431,6,527,709,0,709,1236
10/23/2018,APA,CO,ANM,WE,Towers with Radar,0,79,115,2,196,0,24,302,0,326,0,103,417,2,522,645,7,652,1174
10/24/2018,APA,CO,ANM,WE,Towers with Radar,0,105,172,5,282,0,61,265,7,333,0,166,437,12,615,559,0,559,1174
10/25/2018,APA,CO,ANM,WE,Towers with Radar,0,84,123,5,212,0,34,359,12,405,0,118,482,17,617,592,6,598,1215
10/26/2018,APA,CO,ANM,WE,Towers with Radar,0,67,137,9,213,0,23,404,5,432,0,90,541,14,645,573,0,573,1218
10/27/2018,APA,CO,ANM,WE,Towers with Radar,0,30,64,9,103,0,6,291,1,298,0,36,355,10,401,393,1,394,795
10/28/2018,APA,CO,ANM,WE,Towers with Radar,0,46,117,9,172,0,21,409,0,430,0,67,526,9,602,571,0,571,1173
10/29/2018,APA,CO,ANM,WE,Towers with Radar,0,59,127,5,191,0,15,257,3,275,0,74,384,8,466,567,0,567,1033
10/30/2018,APA,CO,ANM,WE,Towers with Radar,0,74,98,2,174,0,0,35,0,35,0,74,133,2,209,98,0,98,307
10/31/2018,APA,CO,ANM,WE,Towers with Radar,0,69,93,4,166,0,7,174,2,183,0,76,267,6,349,317,0,317,666
11/01/2018,APA,CO,ANM,WE,Towers with Radar,0,72,133,4,209,0,19,282,0,301,0,91,415,4,510,563,0,563,1073
11/02/2018,APA,CO,ANM,WE,Towers with Radar,0,47,118,4,169,0,17,277,3,297,0,64,395,7,466,360,8,368,834
11/03/2018,APA,CO,ANM,WE,Towers with Radar,0,41,52,3,96,0,12,66,5,83,0,53,118,8,179,88,0,88,267
11/04/2018,APA,CO,ANM,WE,Towers with Radar,0,64,135,5,204,0,16,218,5,239,0,80,353,10,443,449,5,454,897
11/05/2018,APA,CO,ANM,WE,Towers with Radar,0,66,109,1,176,0,17,220,2,239,0,83,329,3,415,228,4,232,647
11/06/2018,APA,CO,ANM,WE,Towers with Radar,0,80,118,6,204,0,19,302,9,330,0,99,420,15,534,727,36,763,1297
11/07/2018,APA,CO,ANM,WE,Towers with Radar,0,71,137,11,219,0,10,163,3,176,0,81,300,14,395,495,0,495,890
11/08/2018,APA,CO,ANM,WE,Towers with Radar,0,88,134,0,222,0,11,212,0,223,0,99,346,0,445,402,0,402,847
11/09/2018,APA,CO,ANM,WE,Towers with Radar,0,87,94,8,189,0,14,383,2,399,0,101,477,10,588,756,0,756,1344
11/10/2018,APA,CO,ANM,WE,Towers with Radar,0,45,76,2,123,0,12,278,1,291,0,57,354,3,414,528,0,528,942
11/11/2018,APA,CO,ANM,WE,Towers with Radar,0,50,71,0,121,0,0,0,0,0,0,50,71,0,121,0,0,0,121
11/12/2018,APA,CO,ANM,WE,Towers with Radar,0,58,121,2,181,0,9,107,1,117,0,67,228,3,298,236,0,236,534
11/13/2018,APA,CO,ANM,WE,Towers with Radar,0,78,125,4,207,0,8,279,3,290,0,86,404,7,497,643,0,643,1140
11/14/2018,APA,CO,ANM,WE,Towers with Radar,0,86,143,2,231,0,7,305,5,317,0,93,448,7,548,602,35,637,1185
11/15/2018,APA,CO,ANM,WE,Towers with Radar,0,94,144,4,242,0,26,397,6,429,0,120,541,10,671,568,1,569,1240
11/16/2018,APA,CO,ANM,WE,Towers with Radar,0,76,136,5,217,0,22,345,9,376,0,98,481,14,593,647,48,695,1288
11/17/2018,APA,CO,ANM,WE,Towers with Radar,0,37,43,0,80,0,0,1,0,1,0,37,44,0,81,0,0,0,81
11/18/2018,APA,CO,ANM,WE,Towers with Radar,0,58,100,1,159,0,6,250,0,256,0,64,350,1,415,358,0,358,773
11/19/2018,APA,CO,ANM,WE,Towers with Radar,0,69,113,2,184,0,30,418,4,452,0,99,531,6,636,621,0,621,1257
11/20/2018,APA,CO,ANM,WE,Towers with Radar,0,81,125,3,209,0,22,430,2,454,0,103,555,5,663,761,0,761,1424
11/21/2018,APA,CO,ANM,WE,Towers with Radar,0,64,129,2,195,0,4,375,2,381,0,68,504,4,576,526,0,526,1102
11/22/2018,APA,CO,ANM,WE,Towers with Radar,0,32,28,0,60,0,22,104,0,126,0,54,132,0,186,149,0,149,335
11/23/2018,APA,CO,ANM,WE,Towers with Radar,0,63,65,1,129,0,16,47,0,63,0,79,112,1,192,94,0,94,286
11/24/2018,APA,CO,ANM,WE,Towers with Radar,0,73,72,0,145,0,16,79,0,95,0,89,151,0,240,169,0,169,409
11/25/2018,APA,CO,ANM,WE,Towers with Radar,0,92,203,2,297,0,9,204,1,214,0,101,407,3,511,252,0,252,763
11/26/2018,APA,CO,ANM,WE,Towers with Radar,0,72,137,1,210,0,18,373,4,395,0,90,510,5,605,414,0,414,1019
11/27/2018,APA,CO,ANM,WE,Towers with Radar,0,71,129,3,203,0,23,325,8,356,0,94,454,11,559,772,14,786,1345
11/28/2018,APA,CO,ANM,WE,Towers with Radar,0,68,112,8,188,0,20,294,7,321,0,88,406,15,509,523,5,528,1037
11/29/2018,APA,CO,ANM,WE,Towers with Radar,0,76,137,11,224,0,15,407,21,443,0,91,544,32,667,674,25,699,1366
11/30/2018,APA,CO,ANM,WE,Towers with Radar,1,76,105,1,183,0,4,10,0,14,1,80,115,1,197,24,0,24,221
12/01/2018,APA,CO,ANM,WE,Towers with Radar,0,58,46,3,107,0,19,206,4,229,0,77,252,7,336,349,0,349,685
12/02/2018,APA,CO,ANM,WE,Towers with Radar,1,61,71,0,133,0,12,249,4,265,1,73,320,4,398,416,0,416,814
12/03/2018,APA,CO,ANM,WE,Towers with Radar,1,70,70,3,144,0,17,177,0,194,1,87,247,3,338,556,0,556,894
12/04/2018,APA,CO,ANM,WE,Towers with Radar,0,70,128,9,207,0,17,301,2,320,0,87,429,11,527,488,0,488,1015
12/05/2018,APA,CO,ANM,WE,Towers with Radar,0,77,147,3,227,0,15,380,4,399,0,92,527,7,626,648,0,648,1274
12/06/2018,APA,CO,ANM,WE,Towers with Radar,0,94,144,7,245,0,15,184,0,199,0,109,328,7,444,457,0,457,901
12/07/2018,APA,CO,ANM,WE,Towers with Radar,0,87,129,21,237,0,42,371,5,418,0,129,500,26,655,689,5,694,1349
12/08/2018,APA,CO,ANM,WE,Towers with Radar,0,59,70,20,149,0,75,459,11,545,0,134,529,31,694,565,8,573,1267
12/09/2018,APA,CO,ANM,WE,Towers with Radar,0,45,112,13,170,0,17,310,1,328,0,62,422,14,498,393,0,393,891
12/10/2018,APA,CO,ANM,WE,Towers with Radar,0,74,107,0,181,0,34,366,10,410,0,108,473,10,591,808,12,820,1411
12/11/2018,APA,CO,ANM,WE,Towers with Radar,0,81,119,1,201,0,8,242,4,254,0,89,361,5,455,346,2,348,803
12/12/2018,APA,CO,ANM,WE,Towers with Radar,0,108,119,3,230,0,4,145,10,159,0,112,264,13,389,291,2,293,682
12/13/2018,APA,CO,ANM,WE,Towers with Radar,0,73,132,9,214,0,33,314,10,357,0,106,446,19,571,611,5,616,1187
12/14/2018,APA,CO,ANM,WE,Towers with Radar,0,78,117,12,207,0,16,336,2,354,0,94,453,14,561,526,0,526,1087
12/15/2018,APA,CO,ANM,WE,Towers with Radar,0,40,77,3,120,0,63,454,5,522,0,103,531,8,642,510,0,510,1152
12/16/2018,APA,CO,ANM,WE,Towers with Radar,0,43,90,9,142,0,13,340,0,353,0,56,430,9,495,543,0,543,1038
12/17/2018,APA,CO,ANM,WE,Towers with Radar,1,77,112,10,200,0,14,372,2,388,1,91,484,12,588,625,0,625,1213
12/18/2018,APA,CO,ANM,WE,Towers with Radar,0,88,126,5,219,0,13,444,10,467,0,101,570,15,686,668,9,677,1363
12/19/2018,APA,CO,ANM,WE,Towers with Radar,0,95,105,3,203,0,12,34,4,50,0,107,139,7,253,31,2,33,286
12/20/2018,APA,CO,ANM,WE,Towers with Radar,0,94,120,6,220,0,23,318,12,353,0,117,438,18,573,686,8,694,1267
12/21/2018,APA,CO,ANM,WE,Towers with Radar,0,81,143,7,231,0,27,240,6,273,0,108,383,13,504,445,0,445,949
12/22/2018,APA,CO,ANM,WE,Towers with Radar,0,56,110,0,166,0,28,103,0,131,0,84,213,0,297,265,0,265,562
12/23/2018,APA,CO,ANM,WE,Towers with Radar,0,67,75,0,142,0,14,241,1,256,0,81,316,1,398,356,0,356,754
12/24/2018,APA,CO,ANM,WE,Towers with Radar,0,53,29,0,82,0,11,120,0,131,0,64,149,0,213,192,0,192,405
12/25/2018,APA,CO,ANM,WE,Towers with Radar,0,45,35,0,80,0,19,56,0,75,0,64,91,0,155,20,0,20,175
12/26/2018,APA,CO,ANM,WE,Towers with Radar,0,104,143,3,250,0,4,125,0,129,0,108,268,3,379,283,0,283,662
12/27/2018,APA,CO,ANM,WE,Towers with Radar,0,93,137,10,240,0,6,151,3,160,0,99,288,13,400,215,0,215,615
12/28/2018,APA,CO,ANM,WE,Towers with Radar,0,86,91,1,178,0,7,110,1,118,0,93,201,2,296,451,0,451,747
12/29/2018,APA,CO,ANM,WE,Towers with Radar,0,51,115,0,166,0,16,270,1,287,0,67,385,1,453,327,0,327,780
12/30/2018,APA,CO,ANM,WE,Towers with Radar,0,47,109,1,157,0,9,319,2,330,0,56,428,3,487,432,0,432,919
12/31/2018,APA,CO,ANM,WE,Towers with Radar,0,41,47,0,88,0,0,2,0,2,0,41,49,0,90,0,0,0,90
01/01/2019,APA,CO,ANM,WE,Towers with Radar,0,63,62,0,125,0,9,120,1,130,0,72,182,1,255,116,1,117,372
01/02/2019,APA,CO,ANM,WE,Towers with Radar,0,63,147,2,212,0,14,213,2,229,0,77,360,4,441,304,1,305,746
01/03/2019,APA,CO,ANM,WE,Towers with Radar,0,78,121,9,208,0,19,312,8,339,0,97,433,17,547,392,2,394,941
01/04/2019,APA,CO,ANM,WE,Towers with Radar,0,75,100,5,180,0,23,361,11,395,0,98,461,16,575,448,20,468,1043
01/05/2019,APA,CO,ANM,WE,Towers with Radar,0,50,117,13,180,9,17,395,12,433,9,67,512,25,613,716,4,720,1333
01/06/2019,APA,CO,ANM,WE,Towers with Radar,0,78,101,1,180,1,14,290,1,306,1,92,391,2,486,572,0,572,1058
01/07/2019,APA,CO,ANM,WE,Towers with Radar,0,62,106,4,172,0,2,45,0,47,0,64,151,4,219,41,0,41,260
01/08/2019,APA,CO,ANM,WE,Towers with Radar,0,77,110,1,188,0,12,388,1,401,0,89,498,2,589,678,4,682,1271
01/09/2019,APA,CO,ANM,WE,Towers with Radar,0,52,146,5,203,0,15,379,3,397,0,67,525,8,600,729,9,738,1338
01/10/2019,APA,CO,ANM,WE,Towers with Radar,0,69,138,2,209,0,20,316,3,339,0,89,454,5,548,608,1,609,1157
01/11/2019,APA,CO,ANM,WE,Towers with Radar,0,56,59,0,115,0,1,4,0,5,0,57,63,0,120,0,0,0,120
01/12/2019,APA,CO,ANM,WE,Towers with Radar,0,46,63,4,113,0,0,28,2,30,0,46,91,6,143,74,0,74,217
01/13/2019,APA,CO,ANM,WE,Towers with Radar,0,49,83,4,136,0,16,241,0,257,0,65,324,4,393,354,0,354,747
01/14/2019,APA,CO,ANM,WE,Towers with Radar,0,61,99,0,160,0,15,314,3,332,0,76,413,3,492,516,1,517,1009
01/15/2019,APA,CO,ANM,WE,Towers with Radar,0,69,126,1,196,0,30,330,0,360,0,99,456,1,556,666,0,666,1222
01/16/2019,APA,CO,ANM,WE,Towers with Radar,0,85,134,9,228,0,27,352,4,383,0,112,486,13,611,629,1,630,1241
01/17/2019,APA,CO,ANM,WE,Towers with Radar,0,82,156,9,247,0,18,306,3,327,0,100,462,12,574,507,0,507,1081
01/18/2019,APA,CO,ANM,WE,Towers with Radar,0,72,90,4,166,0,2,6,0,8,0,74,96,4,174,0,0,0,174
01/19/2019,APA,CO,ANM,WE,Towers with Radar,0,58,57,4,119,0,19,199,0,218,0,77,256,4,337,350,0,350,687
01/20/2019,APA,CO,ANM,WE,Towers with Radar,0,78,82,2,162,0,13,330,3,346,0,91,412,5,508,503,0,503,1011
01/21/2019,APA,CO,ANM,WE,Towers with Radar,0,82,118,4,204,0,7,39,0,46,0,89,157,4,250,33,0,33,283
01/22/2019,APA,CO,ANM,WE,Towers with Radar,0,81,80,2,163,0,6,29,0,35,0,87,109,2,198,19,0,19,217
01/23/2019,APA,CO,ANM,WE,Towers with Radar,1,65,148,0,214,0,12,337,0,349,1,77,485,0,563,318,0,318,881
01/24/2019,APA,CO,ANM,WE,Towers with Radar,0,90,125,0,215,0,1,31,2,34,0,91,156,2,249,20,0,20,269
01/25/2019,APA,CO,ANM,WE,Towers with Radar,0,90,115,5,210,0,26,354,2,382,0,116,469,7,592,360,0,360,952
01/26/2019,APA,CO,ANM,WE,Towers with Radar,0,52,74,1,127,0,24,341,1,366,0,76,415,2,493,354,0,354,847
01/27/2019,APA,CO,ANM,WE,Towers with Radar,0,68,102,5,175,0,21,270,0,291,0,89,372,5,466,371,1,372,838
01/28/2019,APA,CO,ANM,WE,Towers with Radar,0,73,79,0,152,0,1,34,0,35,0,74,113,0,187,39,0,39,226
01/29/2019,APA,CO,ANM,WE,Towers with Radar,0,82,121,0,203,0,19,261,1,281,0,101,382,1,484,437,0,437,921
01/30/2019,APA,CO,ANM,WE,Towers with Radar,0,66,133,0,199,0,19,501,5,525,0,85,634,5,724,584,0,584,1308
01/31/2019,APA,CO,ANM,WE,Towers with Radar,1,68,140,2,211,0,33,462,0,495,1,101,602,2,706,452,0,452,1158
02/01/2019,APA,CO,ANM,WE,Towers with Radar,0,87,113,9,209,0,33,453,6,492,0,120,566,15,701,513,4,517,1218
02/02/2019,APA,CO,ANM,WE,Towers with Radar,0,36,70,10,116,0,22,438,4,464,0,58,508,14,580,534,10,544,1124
02/03/2019,APA,CO,ANM,WE,Towers with Radar,0,36,81,3,120,0,11,37,6,54,0,47,118,9,174,26,0,26,200
02/04/2019,APA,CO,ANM,WE,Towers with Radar,0,84,104,3,191,0,15,189,6,210,0,99,293,9,401,172,2,174,575
02/05/2019,APA,CO,ANM,WE,Towers with Radar,0,81,103,0,184,0,17,250,4,271,0,98,353,4,455,321,0,321,776
02/06/2019,APA,CO,ANM,WE,Towers with Radar,0,64,71,0,135,0,0,0,0,0,0,64,71,0,135,0,0,0,135
02/07/2019,APA,CO,ANM,WE,Towers with Radar,0,107,135,5,247,0,10,164,6,180,0,117,299,11,427,165,2,167,594
02/08/2019,APA,CO,ANM,WE,Towers with Radar,0,80,123,7,210,0,26,366,2,394,0,106,489,9,604,440,4,444,1048
02/09/2019,APA,CO,ANM,WE,Towers with Radar,0,51,77,10,138,0,21,244,1,266,0,72,321,11,404,294,0,294,698
02/10/2019,APA,CO,ANM,WE,Towers with Radar,0,74,109,7,190,0,9,283,3,295,0,83,392,10,485,341,2,343,828
02/11/2019,APA,CO,ANM,WE,Towers with Radar,0,66,112,4,182,0,17,257,4,278,0,83,369,8,460,416,0,416,876
02/12/2019,APA,CO,ANM,WE,Towers with Radar,0,86,135,7,228,0,43,433,3,479,0,129,568,10,707,724,0,724,1431
02/13/2019,APA,CO,ANM,WE,Towers with Radar,0,80,124,2,206,0,10,266,5,281,0,90,390,7,487,619,0,619,1106
02/14/2019,APA,CO,ANM,WE,Towers with Radar,0,94,148,8,250,0,8,146,3,157,0,102,294,11,407,174,0,174,581
02/15/2019,APA,CO,ANM,WE,Towers with Radar,0,86,156,11,253,0,20,351,0,371,0,106,507,11,624,540,0,540,1164
02/16/2019,APA,CO,ANM,WE,Towers with Radar,0,60,57,5,122,0,28,73,1,102,0,88,130,6,224,177,0,177,401
02/17/2019,APA,CO,ANM,WE,Towers with Radar,0,57,113,6,176,0,8,206,0,214,0,65,319,6,390,322,0,322,712
02/18/2019,APA,CO,ANM,WE,Towers with Radar,0,86,144,2,232,0,10,48,0,58,0,96,192,2,290,78,0,78,368
02/19/2019,APA,CO,ANM,WE,Towers with Radar,0,97,122,4,223,0,0,11,0,11,0,97,133,4,234,0,0,0,234
02/20/2019,APA,CO,ANM,WE,Towers with Radar,0,80,139,6,225,0,12,338,17,367,0,92,477,23,592,357,0,357,949
02/21/2019,APA,CO,ANM,WE,Towers with Radar,0,81,160,4,245,0,17,275,7,299,0,98,435,11,544,412,1,413,957
02/22/2019,APA,CO,ANM,WE,Towers with Radar,1,91,102,7,201,0,0,33,1,34,1,91,135,8,235,154,0,154,389
02/23/2019,APA,CO,ANM,WE,Towers with Radar,0,68,63,8,139,0,14,62,5,81,0,82,125,13,220,71,0,71,291
02/24/2019,APA,CO,ANM,WE,Towers with Radar,1,52,116,5,174,0,18,427,2,447,1,70,543,7,621,597,0,597,1218
02/25/2019,APA,CO,ANM,WE,Towers with Radar,0,75,114,2,191,0,19,363,9,391,0,94,477,11,582,698,6,704,1286
02/26/2019,APA,CO,ANM,WE,Towers with Radar,0,80,140,10,230,0,26,371,2,399,0,106,511,12,629,662,22,684,1313
02/27/2019,APA,CO,ANM,WE,Towers with Radar,0,100,122,6,228,0,3,174,0,177,0,103,296,6,405,240,0,240,645
02/28/2019,APA,CO,ANM,WE,Towers with Radar,0,81,153,6,240,0,15,310,0,325,0,96,463,6,565,359,0,359,924
03/01/2019,APA,CO,ANM,WE,Towers with Radar,1,87,123,6,217,0,11,198,1,210,1,98,321,7,427,375,0,375,802
03/02/2019,APA,CO,ANM,WE,Towers with Radar,0,50,51,1,102,0,2,2,0,4,0,52,53,1,106,0,0,0,106
03/03/2019,APA,CO,ANM,WE,Towers with Radar,0,68,102,0,170,0,1,5,0,6,0,69,107,0,176,0,0,0,176
03/04/2019,APA,CO,ANM,WE,Towers with Radar,0,96,114,3,213,0,2,171,2,175,0,98,285,5,388,315,0,315,703
03/05/2019,APA,CO,ANM,WE,Towers with Radar,0,87,141,3,231,0,14,333,5,352,0,101,474,8,583,472,2,474,1057
03/06/2019,APA,CO,ANM,WE,Towers with Radar,0,85,121,5,211,0,7,285,9,301,0,92,406,14,512,519,4,523,1035
03/07/2019,APA,CO,ANM,WE,Towers with Radar,0,99,152,3,254,0,10,220,5,235,0,109,372,8,489,406,0,406,895
03/08/2019,APA,CO,ANM,WE,Towers with Radar,0,99,128,7,234,0,8,216,7,231,0,107,344,14,465,267,3,270,735
03/09/2019,APA,CO,ANM,WE,Towers with Radar,0,59,90,8,157,0,13,174,2,189,0,72,264,10,346,319,0,319,665
03/10/2019,APA,CO,ANM,WE,Towers with Radar,0,72,136,5,213,0,22,183,2,207,0,94,319,7,420,196,0,196,616
03/11/2019,APA,CO,ANM,WE,Towers with Radar,0,88,154,2,244,0,29,329,0,358,0,117,483,2,602,624,0,624,1226
03/12/2019,APA,CO,ANM,WE,Towers with Radar,0,92,150,4,246,0,18,293,4,315,0,110,443,8,561,424,0,424,985
03/13/2019,APA,CO,ANM,WE,Towers with Radar,0,15,11,0,26,0,6,0,0,6,0,21,11,0,32,5,0,5,37
03/14/2019,APA,CO,ANM,WE,Towers with Radar,0,120,183,1,304,0,20,63,2,85,0,140,246,3,389,109,0,109,498
03/15/2019,APA,CO,ANM,WE,Towers with Radar,0,103,174,5,282,0,8,361,6,375,0,111,535,11,657,588,2,590,1247
03/16/2019,APA,CO,ANM,WE,Towers with Radar,1,63,129,6,199,0,13,470,9,492,1,76,599,15,691,483,2,485,1176
03/17/2019,APA,CO,ANM,WE,Towers with Radar,0,62,119,3,184,5,14,397,2,418,5,76,516,5,602,625,0,625,1227
03/18/2019,APA,CO,ANM,WE,Towers with Radar,0,76,136,4,216,0,10,242,3,255,0,86,378,7,471,528,0,528,999
03/19/2019,APA,CO,ANM,WE,Towers with Radar,0,81,131,6,218,0,8,245,11,264,0,89,376,17,482,482,0,482,964
03/20/2019,APA,CO,ANM,WE,Towers with Radar,0,88,145,5,238,0,19,467,9,495,0,107,612,14,733,697,2,699,1432
03/21/2019,APA,CO,ANM,WE,Towers with Radar,0,102,131,5,238,0,9,200,1,210,0,111,331,6,448,378,0,378,826
03/22/2019,APA,CO,ANM,WE,Towers with Radar,0,101,113,6,220,0,6,197,2,205,0,107,310,8,425,392,0,392,817
03/23/2019,APA,CO,ANM,WE,Towers with Radar,0,83,98,2,183,0,7,188,1,196,0,90,286,3,379,452,0,452,831
03/24/2019,APA,CO,ANM,WE,Towers with Radar,0,69,92,2,163,0,15,302,0,317,0,84,394,2,480,443,0,443,923
03/25/2019,APA,CO,ANM,WE,Towers with Radar,0,70,98,3,171,0,17,348,13,378,0,87,446,16,549,483,21,504,1053
03/26/2019,APA,CO,ANM,WE,Towers with Radar,0,67,124,3,194,0,18,495,9,522,0,85,619,12,716,736,0,736,1452
03/27/2019,APA,CO,ANM,WE,Towers with Radar,1,86,115,4,206,0,12,452,3,467,1,98,567,7,673,747,2,749,1422
03/28/2019,APA,CO,ANM,WE,Towers with Radar,0,79,150,6,235,0,8,356,8,372,0,87,506,14,607,485,0,485,1092
03/29/2019,APA,CO,ANM,WE,Towers with Radar,0,53,69,1,123,0,0,41,0,41,0,53,110,1,164,0,0,0,164
03/30/2019,APA,CO,ANM,WE,Towers with Radar,0,44,68,3,115,0,2,154,0,156,0,46,222,3,271,283,0,283,554
03/31/2019,APA,CO,ANM,WE,Towers with Radar,0,47,110,4,161,0,14,511,2,527,0,61,621,6,688,654,0,654,1342
04/01/2019,APA,CO,ANM,WE,Towers with Radar,0,78,91,0,169,0,10,386,12,408,0,88,477,12,577,445,11,456,1033
04/02/2019,APA,CO,ANM,WE,Towers with Radar,0,81,168,2,251,0,16,423,5,444,0,97,591,7,695,779,2,781,1476
04/03/2019,APA,CO,ANM,WE,Towers with Radar,0,86,131,3,220,0,15,346,8,369,0,101,477,11,589,550,0,550,1139
04/04/2019,APA,CO,ANM,WE,Towers with Radar,0,87,136,5,228,0,25,419,14,458,0,112,555,19,686,661,9,670,1356
04/05/2019,APA,CO,ANM,WE,Towers with Radar,1,71,113,14,199,0,9,458,7,474,1,80,571,21,673,621,0,621,1294
04/06/2019,APA,CO,ANM,WE,Towers with Radar,0,35,78,2,115,0,12,249,13,274,0,47,327,15,389,394,10,404,793
04/07/2019,APA,CO,ANM,WE,Towers with Radar,0,59,97,9,165,0,21,438,8,467,0,80,535,17,632,601,4,605,1237
04/08/2019,APA,CO,ANM,WE,Towers with Radar,0,71,94,6,171,0,14,479,8,501,0,85,573,14,672,760,3,763,1435
04/09/2019,APA,CO,ANM,WE,Towers with Radar,0,64,124,1,189,0,8,336,11,355,0,72,460,12,544,421,0,421,965
04/10/2019,APA,CO,ANM,WE,Towers with Radar,0,44,57,1,102,0,3,3,0,6,0,47,60,1,108,0,0,0,108
04/11/2019,APA,CO,ANM,WE,Towers with Radar,0,96,93,0,189,0,12,107,4,123,0,108,200,4,312,393,4,397,709
04/12/2019,APA,CO,ANM,WE,Towers with Radar,0,91,118,4,213,0,7,138,0,145,0,98,256,4,358,493,0,493,851
04/13/2019,APA,CO,ANM,WE,Towers with Radar,0,63,55,1,119,0,0,39,0,39,0,63,94,1,158,50,0,50,208
04/14/2019,APA,CO,ANM,WE,Towers with Radar,0,56,111,5,172,0,27,457,10,494,0,83,568,15,666,628,0,628,1294
04/15/2019,APA,CO,ANM,WE,Towers with Radar,0,73,111,4,188,0,8,388,5,401,0,81,499,9,589,456,0,456,1045
04/16/2019,APA,CO,ANM,WE,Towers with Radar,1,96,116,5,218,0,16,454,9,479,1,112,570,14,697,720,1,721,1418
04/17/2019,APA,CO,ANM,WE,Towers with Radar,0,82,127,27,236,0,13,237,0,250,0,95,364,27,486,493,0,493,979
04/18/2019,APA,CO,ANM,WE,Towers with Radar,0,93,153,32,278,0,8,227,5,240,0,101,380,37,518,506,4,510,1028
04/19/2019,APA,CO,ANM,WE,Towers with Radar,0,58,135,11,204,0,24,562,15,601,0,82,697,26,805,807,0,807,1612
04/20/2019,APA,CO,ANM,WE,Towers with Radar,0,46,77,6,129,0,26,445,7,478,0,72,522,13,607,401,0,401,1008
04/21/2019,APA,CO,ANM,WE,Towers with Radar,0,54,67,4,125,0,9,78,1,88,0,63,145,5,213,79,0,79,292
04/22/2019,APA,CO,ANM,WE,Towers with Radar,0,63,104,2,169,0,3,1,0,4,0,66,105,2,173,0,0,0,173
04/23/2019,APA,CO,ANM,WE,Towers with Radar,0,100,104,8,212,0,8,553,16,577,0,108,657,24,789,1065,18,1083,1872
04/24/2019,APA,CO,ANM,WE,Towers with Radar,0,69,162,0,231,0,17,580,24,621,0,86,742,24,852,978,29,1007,1859
04/25/2019,APA,CO,ANM,WE,Towers with Radar,0,73,137,17,227,0,49,449,10,508,0,122,586,27,735,1084,18,1102,1837
04/26/2019,APA,CO,ANM,WE,Towers with Radar,0,72,100,3,175,0,39,436,5,480,0,111,536,8,655,806,14,820,1475
04/27/2019,APA,CO,ANM,WE,Towers with Radar,0,50,118,2,170,0,8,346,1,355,0,58,464,3,525,500,4,504,1029
04/28/2019,APA,CO,ANM,WE,Towers with Radar,0,47,94,1,142,0,18,97,1,116,0,65,191,2,258,167,0,167,425
04/29/2019,APA,CO,ANM,WE,Towers with Radar,0,82,73,4,159,0,12,131,0,143,0,94,204,4,302,411,0,411,713
04/30/2019,APA,CO,ANM,WE,Towers with Radar,0,81,93,0,174,0,0,1,0,1,0,81,94,0,175,0,0,0,175
05/01/2019,APA,CO,ANM,WE,Towers with Radar,0,85,155,3,243,0,3,32,0,35,0,88,187,3,278,72,0,72,350
05/02/2019,APA,CO,ANM,WE,Towers with Radar,0,81,141,9,231,0,20,395,4,419,0,101,536,13,650,890,0,890,1540
05/03/2019,APA,CO,ANM,WE,Towers with Radar,0,76,136,13,225,0,12,407,13,432,0,88,543,26,657,637,14,651,1308
05/04/2019,APA,CO,ANM,WE,Towers with Radar,0,57,77,15,149,0,10,350,6,366,0,67,427,21,515,502,2,504,1019
05/05/2019,APA,CO,ANM,WE,Towers with Radar,0,52,111,15,178,0,15,374,4,393,0,67,485,19,571,631,0,631,1202
05/06/2019,APA,CO,ANM,WE,Towers with Radar,0,84,110,9,203,0,5,241,3,249,0,89,351,12,452,479,2,481,933
05/07/2019,APA,CO,ANM,WE,Towers with Radar,0,81,90,5,176,0,6,28,0,34,0,87,118,5,210,50,0,50,260
05/08/2019,APA,CO,ANM,WE,Towers with Radar,0,94,109,1,204,0,0,2,0,2,0,94,111,1,206,0,0,0,206
05/09/2019,APA,CO,ANM,WE,Towers with Radar,1,79,98,1,179,0,1,9,0,10,1,80,107,1,189,36,0,36,225
05/10/2019,APA,CO,ANM,WE,Towers with Radar,0,65,113,10,188,0,21,310,7,338,0,86,423,17,526,1048,14,1062,1588
05/11/2019,APA,CO,ANM,WE,Towers with Radar,0,51,75,7,133,0,19,375,3,397,0,70,450,10,530,673,0,673,1203
05/12/2019,APA,CO,ANM,WE,Towers with Radar,0,61,78,5,144,0,11,365,3,379,0,72,443,8,523,477,0,477,1000
05/13/2019,APA,CO,ANM,WE,Towers with Radar,0,80,124,4,208,0,14,387,4,405,0,94,511,8,613,640,0,640,1253
05/14/2019,APA,CO,ANM,WE,Towers with Radar,0,84,139,6,229,0,10,414,25,449,0,94,553,31,678,518,24,542,1220
05/15/2019,APA,CO,ANM,WE,Towers with Radar,0,82,121,9,212,0,15,346,10,371,0,97,467,19,583,569,0,569,1152
05/16/2019,APA,CO,ANM,WE,Towers with Radar,1,91,114,0,206,0,19,303,10,332,1,110,417,10,538,232,0,232,770
05/17/2019,APA,CO,ANM,WE,Towers with Radar,1,71,115,12,199,0,12,202,5,219,1,83,317,17,418,462,2,464,882
05/18/2019,APA,CO,ANM,WE,Towers with Radar,0,55,53,2,110,0,98,282,2,382,0,153,335,4,492,503,0,503,995
05/19/2019,APA,CO,ANM,WE,Towers with Radar,0,91,108,10,209,0,8,220,0,228,0,99,328,10,437,566,0,566,1003
05/20/2019,APA,CO,ANM,WE,Towers with Radar,0,67,80,0,147,0,0,0,0,0,0,67,80,0,147,0,0,0,147
05/21/2019,APA,CO,ANM,WE,Towers with Radar,0,91,99,2,192,0,3,34,0,37,0,94,133,2,229,78,0,78,307
05/22/2019,APA,CO,ANM,WE,Towers with Radar,0,93,159,6,258,0,6,286,0,292,0,99,445,6,550,705,0,705,1255
05/23/2019,APA,CO,ANM,WE,Towers with Radar,0,96,117,5,218,0,19,202,4,225,0,115,319,9,443,738,0,738,1181
05/24/2019,APA,CO,ANM,WE,Towers with Radar,0,90,124,5,219,0,23,435,8,466,0,113,559,13,685,631,0,631,1316
05/25/2019,APA,CO,ANM,WE,Towers with Radar,0,40,73,2,115,0,14,360,1,375,0,54,433,3,490,438,2,440,930
05/26/2019,APA,CO,ANM,WE,Towers with Radar,0,34,69,1,104,0,11,178,0,189,0,45,247,1,293,324,0,324,617
05/27/2019,APA,CO,ANM,WE,Towers with Radar,0,56,89,0,145,0,7,260,1,268,0,63,349,1,413,472,1,473,886
05/28/2019,APA,CO,ANM,WE,Towers with Radar,0,94,85,9,188,0,11,93,2,106,0,105,178,11,294,335,0,335,629
05/29/2019,APA,CO,ANM,WE,Towers with Radar,0,79,141,12,232,0,5,244,3,252,0,84,385,15,484,979,0,979,1463
05/30/2019,APA,CO,ANM,WE,Towers with Radar,0,85,128,8,221,0,25,437,8,470,0,110,565,16,691,823,0,823,1514
05/31/2019,APA,CO,ANM,WE,Towers with Radar,0,77,127,17,221,0,23,401,5,429,0,100,528,22,650,612,5,617,1267
06/01/2019,APA,CO,ANM,WE,Towers with Radar,0,47,57,3,107,0,21,394,1,416,0,68,451,4,523,669,2,671,1194
06/02/2019,APA,CO,ANM,WE,Towers with Radar,0,47,80,3,130,0,12,229,0,241,0,59,309,3,371,389,0,389,760
06/03/2019,APA,CO,ANM,WE,Towers with Radar,0,67,109,0,176,0,11,299,0,310,0,78,408,0,486,562,0,562,1048
06/04/2019,APA,CO,ANM,WE,Towers with Radar,0,64,100,7,171,0,7,420,3,430,0,71,520,10,601,688,0,688,1289
06/05/2019,APA,CO,ANM,WE,Towers with Radar,0,91,133,7,231,0,19,412,14,445,0,110,545,21,676,878,10,888,1564
06/06/2019,APA,CO,ANM,WE,Towers with Radar,1,95,132,7,235,0,13,466,10,489,1,108,598,17,724,775,4,779,1503
06/07/2019,APA,CO,ANM,WE,Towers with Radar,0,72,92,6,170,0,24,390,1,415,0,96,482,7,585,588,0,588,1173
06/08/2019,APA,CO,ANM,WE,Towers with Radar,0,39,68,6,113,0,24,344,7,375,0,63,412,13,488,443,5,448,936
06/09/2019,APA,CO,ANM,WE,Towers with Radar,0,77,130,4,211,0,10,275,0,285,0,87,405,4,496,513,0,513,1009
06/10/2019,APA,CO,ANM,WE,Towers with Radar,0,67,115,5,187,0,18,297,4,319,0,85,412,9,506,429,0,429,935
06/11/2019,APA,CO,ANM,WE,Towers with Radar,0,103,118,3,224,0,13,532,11,556,0,116,650,14,780,822,10,832,1612
06/12/2019,APA,CO,ANM,WE,Towers with Radar,0,87,163,5,255,0,11,410,3,424,0,98,573,8,679,813,2,815,1494
06/13/2019,APA,CO,ANM,WE,Towers with Radar,0,103,140,2,245,0,24,335,2,361,0,127,475,4,606,483,12,495,1101
06/14/2019,APA,CO,ANM,WE,Towers with Radar,0,72,126,2,200,0,37,376,6,419,0,109,502,8,619,697,14,711,1330
06/15/2019,APA,CO,ANM,WE,Towers with Radar,0,52,75,1,128,0,7,407,2,416,0,59,482,3,544,559,2,561,1105
06/16/2019,APA,CO,ANM,WE,Towers with Radar,0,70,122,1,193,0,12,329,1,342,0,82,451,2,535,545,0,545,1080
06/17/2019,APA,CO,ANM,WE,Towers with Radar,0,93,151,3,247,0,4,86,0,90,0,97,237,3,337,293,0,293,630
06/18/2019,APA,CO,ANM,WE,Towers with Radar,0,90,151,4,245,0,9,85,1,95,0,99,236,5,340,268,0,268,608
06/19/2019,APA,CO,ANM,WE,Towers with Radar,0,105,157,8,270,0,19,540,15,574,0,124,697,23,844,806,10,816,1660
06/20/2019,APA,CO,ANM,WE,Towers with Radar,0,100,150,4,254,0,25,348,2,375,0,125,498,6,629,605,2,607,1236
06/21/2019,APA,CO,ANM,WE,Towers with Radar,0,79,97,5,181,0,9,197,3,209,0,88,294,8,390,373,0,373,763
06/22/2019,APA,CO,ANM,WE,Towers with Radar,0,46,75,1,122,0,13,48,0,61,0,59,123,1,183,85,0,85,268
06/23/2019,APA,CO,ANM,WE,Towers with Radar,0,65,109,0,174,0,23,220,2,245,0,88,329,2,419,370,0,370,789
06/24/2019,APA,CO,ANM,WE,Towers with Radar,0,95,105,6,206,0,8,480,12,500,0,103,585,18,706,562,19,581,1287
06/25/2019,APA,CO,ANM,WE,Towers with Radar,0,98,138,3,239,0,27,441,18,486,0,125,579,21,725,659,4,663,1388
06/26/2019,APA,CO,ANM,WE,Towers with Radar,0,70,123,3,196,0,9,414,9,432,0,79,537,12,628,776,10,786,1414
06/27/2019,APA,CO,ANM,WE,Towers with Radar,0,101,168,10,279,0,13,343,4,360,0,114,511,14,639,767,1,768,1407
06/28/2019,APA,CO,ANM,WE,Towers with Radar,0,84,143,5,232,0,17,287,21,325,0,101,430,26,557,528,2,530,1087
06/29/2019,APA,CO,ANM,WE,Towers with Radar,0,54,92,6,152,0,24,369,3,396,0,78,461,9,548,454,8,462,1010
06/30/2019,APA,CO,ANM,WE,Towers with Radar,0,42,79,6,127,0,13,284,0,297,0,55,363,6,424,518,0,518,942
07/01/2019,APA,CO,ANM,WE,Towers with Radar,0,59,67,9,135,0,11,341,8,360,0,70,408,17,495,511,0,511,1006
07/02/2019,APA,CO,ANM,WE,Towers with Radar,0,52,94,3,149,0,20,342,11,373,0,72,436,14,522,792,14,806,1328
07/03/2019,APA,CO,ANM,WE,Towers with Radar,0,71,111,5,187,0,9,357,4,370,0,80,468,9,557,588,3,591,1148
07/04/2019,APA,CO,ANM,WE,Towers with Radar,0,39,51,3,93,0,22,281,1,304,0,61,332,4,397,677,0,677,1074
07/05/2019,APA,CO,ANM,WE,Towers with Radar,0,57,100,4,161,0,9,143,2,154,0,66,243,6,315,332,0,332,647
07/06/2019,APA,CO,ANM,WE,Towers with Radar,0,58,80,0,138,0,7,216,1,224,0,65,296,1,362,395,0,395,757
07/07/2019,APA,CO,ANM,WE,Towers with Radar,0,79,164,0,243,0,15,291,2,308,0,94,455,2,551,464,0,464,1015
07/08/2019,APA,CO,ANM,WE,Towers with Radar,0,71,150,0,221,0,9,337,3,349,0,80,487,3,570,541,8,549,1119
07/09/2019,APA,CO,ANM,WE,Towers with Radar,0,91,114,9,214,0,23,428,12,463,0,114,542,21,677,327,0,327,1004
07/10/2019,APA,CO,ANM,WE,Towers with Radar,0,92,165,3,260,0,26,473,7,506,0,118,638,10,766,1057,0,1057,1823
07/11/2019,APA,CO,ANM,WE,Towers with Radar,0,89,163,9,261,0,27,339,11,377,0,116,502,20,638,635,0,635,1273
07/12/2019,APA,CO,ANM,WE,Towers with Radar,0,79,113,8,200,0,11,327,3,341,0,90,440,11,541,611,2,613,1154
07/13/2019,APA,CO,ANM,WE,Towers with Radar,0,35,88,3,126,0,10,349,3,362,0,45,437,6,488,386,0,386,874
07/14/2019,APA,CO,ANM,WE,Towers with Radar,0,67,99,5,171,0,8,319,8,335,0,75,418,13,506,241,0,241,747
07/15/2019,APA,CO,ANM,WE,Towers with Radar,0,97,120,4,221,0,14,437,2,453,0,111,557,6,674,270,0,270,944
07/16/2019,APA,CO,ANM,WE,Towers with Radar,0,73,150,1,224,0,11,451,4,466,0,84,601,5,690,88,0,88,778
07/17/2019,APA,CO,ANM,WE,Towers with Radar,0,88,130,5,223,0,15,307,5,327,0,103,437,10,550,169,0,169,719
07/18/2019,APA,CO,ANM,WE,Towers with Radar,0,98,161,3,262,0,20,476,6,502,0,118,637,9,764,134,0,134,898
07/19/2019,APA,CO,ANM,WE,Towers with Radar,0,100,137,16,253,0,15,353,6,374,0,115,490,22,627,298,4,302,929
07/20/2019,APA,CO,ANM,WE,Towers with Radar,0,39,86,5,130,0,23,254,3,280,0,62,340,8,410,391,0,391,801
07/21/2019,APA,CO,ANM,WE,Towers with Radar,0,68,115,2,185,0,8,301,3,312,0,76,416,5,497,520,0,520,1017
07/22/2019,APA,CO,ANM,WE,Towers with Radar,0,66,119,5,190,0,22,306,2,330,0,88,425,7,520,494,0,494,1014
07/23/2019,APA,CO,ANM,WE,Towers with Radar,0,93,140,2,235,0,11,443,6,460,0,104,583,8,695,500,0,500,1195
07/24/2019,APA,CO,ANM,WE,Towers with Radar,0,97,146,4,247,0,6,259,24,289,0,103,405,28,536,566,40,606,1142
07/25/2019,APA,CO,ANM,WE,Towers with Radar,0,96,118,4,218,0,12,316,27,355,0,108,434,31,573,446,44,490,1063
07/26/2019,APA,CO,ANM,WE,Towers with Radar,0,57,116,7,180,0,15,412,9,436,0,72,528,16,616,592,10,602,1218
07/27/2019,APA,CO,ANM,WE,Towers with Radar,0,55,83,5,143,0,18,248,0,266,0,73,331,5,409,387,0,387,796
07/28/2019,APA,CO,ANM,WE,Towers with Radar,0,57,119,2,178,0,14,265,0,279,0,71,384,2,457,523,0,523,980
07/29/2019,APA,CO,ANM,WE,Towers with Radar,0,64,127,10,201,0,14,356,7,377,0,78,483,17,578,512,12,524,1102
07/30/2019,APA,CO,ANM,WE,Towers with Radar,0,81,112,2,195,0,27,286,13,326,0,108,398,15,521,440,0,440,961
07/31/2019,APA,CO,ANM,WE,Towers with Radar,0,116,122,9,247,0,15,323,4,342,0,131,445,13,589,791,2,793,1382
08/01/2019,APA,CO,ANM,WE,Towers with Radar,0,95,138,5,238,0,24,319,2,345,0,119,457,7,583,673,3,676,1259
08/02/2019,APA,CO,ANM,WE,Towers with Radar,0,74,118,10,202,0,22,320,7,349,0,96,438,17,551,674,6,680,1231
08/03/2019,APA,CO,ANM,WE,Towers with Radar,0,35,75,10,120,0,13,410,1,424,0,48,485,11,544,757,0,757,1301
08/04/2019,APA,CO,ANM,WE,Towers with Radar,0,59,115,2,176,0,11,270,2,283,0,70,385,4,459,356,0,356,815
08/05/2019,APA,CO,ANM,WE,Towers with Radar,0,75,138,8,221,0,5,414,3,422,0,80,552,11,643,726,0,726,1369
08/06/2019,APA,CO,ANM,WE,Towers with Radar,0,84,101,8,193,0,35,528,13,576,0,119,629,21,769,686,0,686,1455
08/07/2019,APA,CO,ANM,WE,Towers with Radar,0,80,124,2,206,0,12,453,1,466,0,92,577,3,672,793,0,793,1465
08/08/2019,APA,CO,ANM,WE,Towers with Radar,0,90,171,9,270,0,8,271,0,279,0,98,442,9,549,425,0,425,974
08/09/2019,APA,CO,ANM,WE,Towers with Radar,0,85,117,3,205,0,12,390,3,405,0,97,507,6,610,429,8,437,1047
08/10/2019,APA,CO,ANM,WE,Towers with Radar,0,43,101,4,148,0,27,333,4,364,0,70,434,8,512,518,0,518,1030
08/11/2019,APA,CO,ANM,WE,Towers with Radar,0,71,165,9,245,0,24,309,1,334,0,95,474,10,579,444,0,444,1023
08/12/2019,APA,CO,ANM,WE,Towers with Radar,0,93,127,1,221,0,20,413,0,433,0,113,540,1,654,624,0,624,1278
08/13/2019,APA,CO,ANM,WE,Towers with Radar,0,87,139,5,231,0,11,395,3,409,0,98,534,8,640,674,0,674,1314
08/14/2019,APA,CO,ANM,WE,Towers with Radar,0,90,158,6,254,0,16,420,2,438,0,106,578,8,692,781,0,781,1473
08/15/2019,APA,CO,ANM,WE,Towers with Radar,0,88,153,7,248,0,31,292,5,328,0,119,445,12,576,596,9,605,1181
08/16/2019,APA,CO,ANM,WE,Towers with Radar,0,66,141,1,208,0,18,215,2,235,0,84,356,3,443,528,0,528,971
08/17/2019,APA,CO,ANM,WE,Towers with Radar,0,56,79,11,146,0,25,376,18,419,0,81,455,29,565,402,22,424,989
08/18/2019,APA,CO,ANM,WE,Towers with Radar,0,82,117,11,210,0,9,303,2,314,0,91,420,13,524,379,0,379,903
08/19/2019,APA,CO,ANM,WE,Towers with Radar,0,86,122,7,215,0,8,424,18,450,0,94,546,25,665,256,2,258,923
08/20/2019,APA,CO,ANM,WE,Towers with Radar,0,89,134,9,232,13,22,364,8,407,13,111,498,17,639,411,0,411,1050
08/21/2019,APA,CO,ANM,WE,Towers with Radar,1,86,147,4,238,0,8,222,5,235,1,94,369,9,473,435,0,435,908
08/22/2019,APA,CO,ANM,WE,Towers with Radar,0,107,201,7,315,0,16,244,15,275,0,123,445,22,590,583,10,593,1183
08/23/2019,APA,CO,ANM,WE,Towers with Radar,0,80,107,14,201,63,24,214,5,306,63,104,321,19,507,448,5,453,960
08/24/2019,APA,CO,ANM,WE,Towers with Radar,0,53,82,5,140,0,10,342,2,354,0,63,424,7,494,678,0,678,1172
08/25/2019,APA,CO,ANM,WE,Towers with Radar,0,60,94,6,160,0,12,274,4,290,0,72,368,10,450,357,0,357,807
08/26/2019,APA,CO,ANM,WE,Towers with Radar,0,66,125,10,201,0,24,329,1,354,0,90,454,11,555,673,0,673,1228
08/27/2019,APA,CO,ANM,WE,Towers with Radar,0,99,139,10,248,0,17,442,2,461,0,116,581,12,709,665,0,665,1374
08/28/2019,APA,CO,ANM,WE,Towers with Radar,1,108,181,8,298,0,14,426,5,445,1,122,607,13,743,805,0,805,1548
08/29/2019,APA,CO,ANM,WE,Towers with Radar,0,85,157,10,252,0,21,330,23,374,0,106,487,33,626,469,2,471,1097
08/30/2019,APA,CO,ANM,WE,Towers with Radar,0,95,133,3,231,0,35,283,4,322,0,130,416,7,553,493,0,493,1046
08/31/2019,APA,CO,ANM,WE,Towers with Radar,0,49,72,0,121,0,35,311,0,346,0,84,383,0,467,539,0,539,1006
09/01/2019,APA,CO,ANM,WE,Towers with Radar,0,50,61,6,117,0,6,220,0,226,0,56,281,6,343,308,0,308,651
09/02/2019,APA,CO,ANM,WE,Towers with Radar,0,86,117,4,207,0,20,315,3,338,0,106,432,7,545,501,2,503,1048
09/03/2019,APA,CO,ANM,WE,Towers with Radar,0,79,139,6,224,0,29,335,4,368,0,108,474,10,592,821,2,823,1415
09/04/2019,APA,CO,ANM,WE,Towers with Radar,0,86,144,4,234,0,16,227,8,251,0,102,371,12,485,304,0,304,789
09/05/2019,APA,CO,ANM,WE,Towers with Radar,0,89,116,9,214,0,9,277,3,289,0,98,393,12,503,543,0,543,1046
09/06/2019,APA,CO,ANM,WE,Towers with Radar,0,67,138,5,210,0,10,170,0,180,0,77,308,5,390,469,0,469,859
09/07/2019,APA,CO,ANM,WE,Towers with Radar,0,61,87,6,154,0,12,319,6,337,0,73,406,12,491,653,0,653,1144
09/08/2019,APA,CO,ANM,WE,Towers with Radar,0,77,109,4,190,22,6,261,2,291,22,83,370,6,481,456,0,456,937
09/09/2019,APA,CO,ANM,WE,Towers with Radar,0,78,130,6,214,0,10,354,2,366,0,88,484,8,580,506,0,506,1086
09/10/2019,APA,CO,ANM,WE,Towers with Radar,0,78,123,9,210,0,16,325,15,356,0,94,448,24,566,649,6,655,1221
09/11/2019,APA,CO,ANM,WE,Towers with Radar,0,89,128,7,224,0,16,327,9,352,0,105,455,16,576,617,13,630,1206
09/12/2019,APA,CO,ANM,WE,Towers with Radar,0,113,181,8,302,0,18,458,7,483,0,131,639,15,785,873,1,874,1659
09/13/2019,APA,CO,ANM,WE,Towers with Radar,0,84,169,27,280,0,33,434,6,473,0,117,603,33,753,598,4,602,1355
09/14/2019,APA,CO,ANM,WE,Towers with Radar,0,68,84,5,157,0,21,344,2,367,0,89,428,7,524,633,0,633,1157
09/15/2019,APA,CO,ANM,WE,Towers with Radar,0,47,146,13,206,0,6,287,5,298,0,53,433,18,504,376,0,376,880
09/16/2019,APA,CO,ANM,WE,Towers with Radar,0,71,136,6,213,0,7,363,5,375,0,78,499,11,588,666,0,666,1254
09/17/2019,APA,CO,ANM,WE,Towers with Radar,0,88,97,4,189,0,20,240,8,268,0,108,337,12,457,328,0,328,785
09/18/2019,APA,CO,ANM,WE,Towers with Radar,0,95,125,4,224,0,7,348,8,363,0,102,473,12,587,401,29,430,1017
09/19/2019,APA,CO,ANM,WE,Towers with Radar,0,115,145,2,262,0,12,329,11,352,0,127,474,13,614,602,20,622,1236
09/20/2019,APA,CO,ANM,WE,Towers with Radar,0,81,126,25,232,0,6,163,9,178,0,87,289,34,410,295,4,299,709
09/21/2019,APA,CO,ANM,WE,Towers with Radar,0,60,83,15,158,0,30,384,9,423,0,90,467,24,581,461,4,465,1046
09/22/2019,APA,CO,ANM,WE,Towers with Radar,0,78,118,10,206,0,18,275,0,293,0,96,393,10,499,533,2,535,1034
09/23/2019,APA,CO,ANM,WE,Towers with Radar,0,65,125,4,194,0,10,451,3,464,0,75,576,7,658,643,33,676,1334
09/24/2019,APA,CO,ANM,WE,Towers with Radar,0,71,117,7,195,0,29,448,14,491,0,100,565,21,686,707,22,729,1415
09/25/2019,APA,CO,ANM,WE,Towers with Radar,0,75,169,3,247,0,22,501,10,533,0,97,670,13,780,695,0,695,1475
09/26/2019,APA,CO,ANM,WE,Towers with Radar,0,100,171,5,276,0,6,438,10,454,0,106,609,15,730,361,0,361,1091
09/27/2019,APA,CO,ANM,WE,Towers with Radar,0,76,142,18,236,0,10,276,9,295,0,86,418,27,531,397,1,398,929
09/28/2019,APA,CO,ANM,WE,Towers with Radar,0,48,84,20,152,0,131,139,17,287,0,179,223,37,439,126,0,126,565
09/29/2019,APA,CO,ANM,WE,Towers with Radar,1,63,132,6,202,0,13,89,12,114,1,76,221,18,316,86,0,86,402
09/30/2019,APA,CO,ANM,WE,Towers with Radar,0,57,132,7,196,0,27,386,6,419,0,84,518,13,615,564,0,564,1179
10/01/2019,APA,CO,ANM,WE,Towers with Radar,0,90,174,9,273,0,0,21,0,21,0,90,195,9,294,126,0,126,420
10/02/2019,APA,CO,ANM,WE,Towers with Radar,0,87,167,10,264,37,15,266,0,318,37,102,433,10,582,340,0,340,922
10/03/2019,APA,CO,ANM,WE,Towers with Radar,0,95,154,8,257,0,34,295,0,329,0,129,449,8,586,695,0,695,1281
10/04/2019,APA,CO,ANM,WE,Towers with Radar,0,66,109,7,182,0,13,279,3,295,0,79,388,10,477,341,2,343,820
10/05/2019,APA,CO,ANM,WE,Towers with Radar,0,52,58,8,118,0,5,255,14,274,0,57,313,22,392,265,7,272,664
10/06/2019,APA,CO,ANM,WE,Towers with Radar,0,73,104,6,183,0,32,355,1,388,0,105,459,7,571,492,2,494,1065
10/07/2019,APA,CO,ANM,WE,Towers with Radar,0,86,127,4,217,0,15,353,10,378,0,101,480,14,595,370,2,372,967
10/08/2019,APA,CO,ANM,WE,Towers with Radar,0,83,105,3,191,0,20,471,3,494,0,103,576,6,685,671,2,673,1358
10/09/2019,APA,CO,ANM,WE,Towers with Radar,0,91,143,6,240,0,12,255,1,268,0,103,398,7,508,487,0,487,995
10/10/2019,APA,CO,ANM,WE,Towers with Radar,1,85,70,1,157,0,1,3,0,4,1,86,73,1,161,0,0,0,161
10/11/2019,APA,CO,ANM,WE,Towers with Radar,0,89,120,13,222,0,27,318,15,360,0,116,438,28,582,707,2,709,1291
10/12/2019,APA,CO,ANM,WE,Towers with Radar,0,53,82,4,139,0,22,365,2,389,0,75,447,6,528,527,4,531,1059
10/13/2019,APA,CO,ANM,WE,Towers with Radar,0,72,121,8,201,0,20,255,2,277,0,92,376,10,478,396,0,396,874
10/14/2019,APA,CO,ANM,WE,Towers with Radar,0,87,121,8,216,0,6,469,2,477,0,93,590,10,693,659,0,659,1352
10/15/2019,APA,CO,ANM,WE,Towers with Radar,0,92,120,3,215,0,18,446,8,472,0,110,566,11,687,633,0,633,1320
10/16/2019,APA,CO,ANM,WE,Towers with Radar,0,81,126,10,217,0,19,321,6,346,0,100,447,16,563,730,4,734,1297
10/17/2019,APA,CO,ANM,WE,Towers with Radar,0,84,179,11,274,0,42,372,25,439,0,126,551,36,713,511,11,522,1235
10/18/2019,APA,CO,ANM,WE,Towers with Radar,0,91,112,7,210,0,12,143,5,160,0,103,255,12,370,195,4,199,569
10/19/2019,APA,CO,ANM,WE,Towers with Radar,0,48,88,10,146,0,92,543,2,637,0,140,631,12,783,736,8,744,1527
10/20/2019,APA,CO,ANM,WE,Towers with Radar,1,53,84,3,141,0,4,38,0,42,1,57,122,3,183,0,0,0,183
10/21/2019,APA,CO,ANM,WE,Towers with Radar,0,88,105,6,199,0,3,194,6,203,0,91,299,12,402,372,4,376,778
10/22/2019,APA,CO,ANM,WE,Towers with Radar,0,101,101,4,206,0,26,410,3,439,0,127,511,7,645,508,0,508,1153
10/23/2019,APA,CO,ANM,WE,Towers with Radar,0,91,127,6,224,0,15,135,1,151,0,106,262,7,375,388,0,388,763
10/24/2019,APA,CO,ANM,WE,Towers with Radar,0,79,116,8,203,0,12,173,3,188,0,91,289,11,391,430,10,440,831
10/25/2019,APA,CO,ANM,WE,Towers with Radar,0,79,113,10,202,0,19,449,18,486,0,98,562,28,688,618,14,632,1320
10/26/2019,APA,CO,ANM,WE,Towers with Radar,0,49,73,5,127,0,35,423,4,462,0,84,496,9,589,728,4,732,1321
10/27/2019,APA,CO,ANM,WE,Towers with Radar,0,43,53,0,96,0,0,0,0,0,0,43,53,0,96,0,0,0,96
10/28/2019,APA,CO,ANM,WE,Towers with Radar,0,73,65,12,150,0,2,21,0,23,0,75,86,12,173,54,0,54,227
10/29/2019,APA,CO,ANM,WE,Towers with Radar,0,53,42,3,98,0,0,0,0,0,0,53,42,3,98,0,0,0,98
10/30/2019,APA,CO,ANM,WE,Towers with Radar,0,73,85,0,158,0,7,66,1,74,0,80,151,1,232,33,0,33,265
10/31/2019,APA,CO,ANM,WE,Towers with Radar,0,60,98,1,159,0,20,305,3,328,0,80,403,4,487,402,0,402,889
11/01/2019,APA,CO,ANM,WE,Towers with Radar,0,77,113,3,193,0,20,210,2,232,0,97,323,5,425,474,0,474,899
11/02/2019,APA,CO,ANM,WE,Towers with Radar,0,47,69,0,116,0,9,338,7,354,0,56,407,7,470,357,6,363,833
11/03/2019,APA,CO,ANM,WE,Towers with Radar,0,72,113,4,189,0,28,447,4,479,0,100,560,8,668,558,2,560,1228
11/04/2019,APA,CO,ANM,WE,Towers with Radar,0,98,106,6,210,0,11,352,6,369,0,109,458,12,579,634,2,636,1215
11/05/2019,APA,CO,ANM,WE,Towers with Radar,0,93,102,3,198,0,25,364,2,391,0,118,466,5,589,623,0,623,1212
11/06/2019,APA,CO,ANM,WE,Towers with Radar,0,67,99,2,168,0,4,171,0,175,0,71,270,2,343,338,0,338,681
11/07/2019,APA,CO,ANM,WE,Towers with Radar,0,98,154,7,259,0,18,364,1,383,0,116,518,8,642,569,0,569,1211
11/08/2019,APA,CO,ANM,WE,Towers with Radar,0,73,125,4,202,0,16,426,10,452,0,89,551,14,654,646,7,653,1307
11/09/2019,APA,CO,ANM,WE,Towers with Radar,0,50,66,1,117,0,42,537,1,580,0,92,603,2,697,530,0,530,1227
11/10/2019,APA,CO,ANM,WE,Towers with Radar,0,76,105,2,183,0,57,278,0,335,0,133,383,2,518,468,0,468,986
11/11/2019,APA,CO,ANM,WE,Towers with Radar,0,64,72,0,136,0,0,46,0,46,0,64,118,0,182,141,0,141,323
11/12/2019,APA,CO,ANM,WE,Towers with Radar,0,82,116,2,200,0,9,423,3,435,0,91,539,5,635,660,2,662,1297
11/13/2019,APA,CO,ANM,WE,Towers with Radar,0,96,104,7,207,0,24,214,3,241,0,120,318,10,448,366,2,368,816
11/14/2019,APA,CO,ANM,WE,Towers with Radar,0,93,117,1,211,0,29,377,2,408,0,122,494,3,619,801,0,801,1420
11/15/2019,APA,CO,ANM,WE,Towers with Radar,1,88,105,8,202,0,14,363,7,384,1,102,468,15,586,795,8,803,1389
11/16/2019,APA,CO,ANM,WE,Towers with Radar,0,39,53,9,101,0,128,231,2,361,0,167,284,11,462,385,0,385,847
11/17/2019,APA,CO,ANM,WE,Towers with Radar,0,67,85,1,153,0,7,392,0,399,0,74,477,1,552,687,0,687,1239
11/18/2019,APA,CO,ANM,WE,Towers with Radar,0,85,93,5,183,0,17,486,4,507,0,102,579,9,690,536,0,536,1226
11/19/2019,APA,CO,ANM,WE,Towers with Radar,0,87,109,4,200,0,27,469,17,513,0,114,578,21,713,884,30,914,1627
11/20/2019,APA,CO,ANM,WE,Towers with Radar,0,84,97,0,181,0,12,241,2,255,0,96,338,2,436,541,6,547,983
11/21/2019,APA,CO,ANM,WE,Towers with Radar,0,82,94,1,177,0,0,1,0,1,0,82,95,1,178,0,0,0,178
11/22/2019,APA,CO,ANM,WE,Towers with Radar,0,67,111,5,183,0,7,48,1,56,0,74,159,6,239,75,8,83,322
11/23/2019,APA,CO,ANM,WE,Towers with Radar,0,51,86,8,145,0,16,382,3,401,0,67,468,11,546,539,12,551,1097
11/24/2019,APA,CO,ANM,WE,Towers with Radar,0,59,78,6,143,0,15,299,0,314,0,74,377,6,457,353,0,353,810
11/25/2019,APA,CO,ANM,WE,Towers with Radar,0,70,79,7,156,0,2,194,5,201,0,72,273,12,357,413,8,421,778
11/26/2019,APA,CO,ANM,WE,Towers with Radar,0,43,38,0,81,0,0,4,0,4,0,43,42,0,85,0,0,0,85
11/27/2019,APA,CO,ANM,WE,Towers with Radar,0,80,123,1,204,0,7,142,1,150,0,87,265,2,354,105,0,105,459
11/28/2019,APA,CO,ANM,WE,Towers with Radar,0,26,14,0,40,0,3,15,0,18,0,29,29,0,58,15,0,15,73
11/29/2019,APA,CO,ANM,WE,Towers with Radar,0,45,51,0,96,0,2,17,0,19,0,47,68,0,115,27,0,27,142
11/30/2019,APA,CO,ANM,WE,Towers with Radar,0,85,65,0,150,0,14,45,0,59,0,99,110,0,209,48,0,48,257
12/01/2019,APA,CO,ANM,WE,Towers with Radar,0,74,165,0,239,0,25,308,3,336,0,99,473,3,575,436,0,436,1011
12/02/2019,APA,CO,ANM,WE,Towers with Radar,0,85,116,6,207,0,10,407,2,419,0,95,523,8,626,609,8,617,1243
12/03/2019,APA,CO,ANM,WE,Towers with Radar,0,75,113,10,198,0,22,357,1,380,0,97,470,11,578,551,0,551,1129
12/04/2019,APA,CO,ANM,WE,Towers with Radar,0,77,138,6,221,0,3,293,2,298,0,80,431,8,519,918,0,918,1437
12/05/2019,APA,CO,ANM,WE,Towers with Radar,0,85,94,1,180,0,2,7,1,10,0,87,101,2,190,71,0,71,261
12/06/2019,APA,CO,ANM,WE,Towers with Radar,0,82,136,3,221,0,16,462,9,487,0,98,598,12,708,598,0,598,1306
12/07/2019,APA,CO,ANM,WE,Towers with Radar,0,53,73,8,134,0,11,363,2,376,0,64,436,10,510,601,0,601,1111
12/08/2019,APA,CO,ANM,WE,Towers with Radar,0,56,104,3,163,0,4,351,5,360,0,60,455,8,523,646,0,646,1169
12/09/2019,APA,CO,ANM,WE,Towers with Radar,0,75,105,12,192,0,3,273,8,284,0,78,378,20,476,585,0,585,1061
12/10/2019,APA,CO,ANM,WE,Towers with Radar,0,79,133,18,230,0,16,467,11,494,0,95,600,29,724,698,9,707,1431
12/11/2019,APA,CO,ANM,WE,Towers with Radar,1,85,145,4,235,0,19,444,19,482,1,104,589,23,717,621,10,631,1348
12/12/2019,APA,CO,ANM,WE,Towers with Radar,0,93,134,11,238,0,17,409,13,439,0,110,543,24,677,871,15,886,1563
12/13/2019,APA,CO,ANM,WE,Towers with Radar,0,75,91,8,174,0,5,72,2,79,0,80,163,10,253,144,0,144,397
12/14/2019,APA,CO,ANM,WE,Towers with Radar,0,54,62,0,116,0,5,263,0,268,0,59,325,0,384,368,0,368,752
12/15/2019,APA,CO,ANM,WE,Towers with Radar,0,46,90,0,136,0,16,99,0,115,0,62,189,0,251,244,0,244,495
12/16/2019,APA,CO,ANM,WE,Towers with Radar,1,65,101,9,176,0,7,231,0,238,1,72,332,9,414,546,0,546,960
12/17/2019,APA,CO,ANM,WE,Towers with Radar,0,81,128,6,215,0,17,480,1,498,0,98,608,7,713,618,0,618,1331
12/18/2019,APA,CO,ANM,WE,Towers with Radar,0,92,127,9,228,0,18,411,7,436,0,110,538,16,664,559,45,604,1268
12/19/2019,APA,CO,ANM,WE,Towers with Radar,0,71,100,10,181,0,17,382,11,410,0,88,482,21,591,643,13,656,1247
12/20/2019,APA,CO,ANM,WE,Towers with Radar,0,94,158,4,256,0,15,382,0,397,0,109,540,4,653,641,0,641,1294
12/21/2019,APA,CO,ANM,WE,Towers with Radar,0,57,110,1,168,0,139,399,2,540,0,196,509,3,708,524,3,527,1235
12/22/2019,APA,CO,ANM,WE,Towers with Radar,0,57,94,0,151,0,17,384,0,401,0,74,478,0,552,467,0,467,1019
12/23/2019,APA,CO,ANM,WE,Towers with Radar,0,76,78,0,154,0,9,310,0,319,0,85,388,0,473,486,0,486,959
12/24/2019,APA,CO,ANM,WE,Towers with Radar,0,43,36,0,79,0,15,144,0,159,0,58,180,0,238,199,0,199,437
12/25/2019,APA,CO,ANM,WE,Towers with Radar,0,41,24,0,65,0,2,48,0,50,0,43,72,0,115,30,0,30,145
12/26/2019,APA,CO,ANM,WE,Towers with Radar,0,95,123,0,218,0,41,286,0,327,0,136,409,0,545,464,1,465,1010
12/27/2019,APA,CO,ANM,WE,Towers with Radar,0,105,118,0,223,0,11,135,0,146,0,116,253,0,369,448,0,448,817
12/28/2019,APA,CO,ANM,WE,Towers with Radar,0,60,50,0,110,0,0,1,0,1,0,60,51,0,111,0,0,0,111
12/29/2019,APA,CO,ANM,WE,Towers with Radar,0,72,106,0,178,0,12,129,0,141,0,84,235,0,319,131,0,131,450
12/30/2019,APA,CO,ANM,WE,Towers with Radar,0,68,80,5,153,0,5,204,5,214,0,73,284,10,367,251,0,251,618
12/31/2019,APA,CO,ANM,WE,Towers with Radar,0,54,77,2,133,0,13,271,1,285,0,67,348,3,418,329,0,329,747
01/01/2020,APA,CO,ANM,WE,Towers with Radar,0,70,86,0,156,0,10,135,0,145,0,80,221,0,301,219,0,219,520
01/02/2020,APA,CO,ANM,WE,Towers with Radar,0,86,123,0,209,0,13,281,3,297,0,99,404,3,506,570,0,570,1076
01/03/2020,APA,CO,ANM,WE,Towers with Radar,0,73,110,5,188,0,14,273,1,288,0,87,383,6,476,380,0,380,856
01/04/2020,APA,CO,ANM,WE,Towers with Radar,0,62,83,0,145,0,13,380,0,393,0,75,463,0,538,565,0,565,1103
01/05/2020,APA,CO,ANM,WE,Towers with Radar,0,67,103,1,171,0,23,220,1,244,0,90,323,2,415,355,0,355,770
01/06/2020,APA,CO,ANM,WE,Towers with Radar,0,80,101,2,183,0,11,56,0,67,0,91,157,2,250,35,0,35,285
01/07/2020,APA,CO,ANM,WE,Towers with Radar,0,61,111,2,174,0,18,335,9,362,0,79,446,11,536,825,4,829,1365
01/08/2020,APA,CO,ANM,WE,Towers with Radar,0,85,100,6,191,0,18,195,1,214,0,103,295,7,405,254,0,254,659
01/09/2020,APA,CO,ANM,WE,Towers with Radar,0,66,109,6,181,0,16,287,2,305,0,82,396,8,486,631,0,631,1117
01/10/2020,APA,CO,ANM,WE,Towers with Radar,0,81,81,11,173,0,11,316,1,328,0,92,397,12,501,336,0,336,837
01/11/2020,APA,CO,ANM,WE,Towers with Radar,0,51,67,4,122,0,16,329,14,359,0,67,396,18,481,503,1,504,985
01/12/2020,APA,CO,ANM,WE,Towers with Radar,0,46,88,9,143,0,21,285,4,310,0,67,373,13,453,546,0,546,999
01/13/2020,APA,CO,ANM,WE,Towers with Radar,0,60,100,11,171,0,17,287,0,304,0,77,387,11,475,414,0,414,889
01/14/2020,APA,CO,ANM,WE,Towers with Radar,0,69,124,15,208,0,8,130,2,140,0,77,254,17,348,91,8,99,447
01/15/2020,APA,CO,ANM,WE,Towers with Radar,0,99,107,10,216,0,29,366,12,407,0,128,473,22,623,543,12,555,1178
01/16/2020,APA,CO,ANM,WE,Towers with Radar,0,84,133,4,221,0,13,187,7,207,0,97,320,11,428,413,0,413,841
01/17/2020,APA,CO,ANM,WE,Towers with Radar,0,100,121,15,236,0,20,38,1,59,0,120,159,16,295,112,0,112,407
01/18/2020,APA,CO,ANM,WE,Towers with Radar,0,50,91,5,146,0,25,409,1,435,0,75,500,6,581,800,6,806,1387
01/19/2020,APA,CO,ANM,WE,Towers with Radar,0,61,79,4,144,0,15,434,4,453,0,76,513,8,597,538,2,540,1137
01/20/2020,APA,CO,ANM,WE,Towers with Radar,0,72,139,5,216,0,14,505,0,519,0,86,644,5,735,669,0,669,1404
01/21/2020,APA,CO,ANM,WE,Towers with Radar,0,71,124,8,203,0,28,403,10,441,0,99,527,18,644,628,2,630,1274
01/22/2020,APA,CO,ANM,WE,Towers with Radar,0,87,144,6,237,0,14,114,9,137,0,101,258,15,374,41,0,41,415
01/23/2020,APA,CO,ANM,WE,Towers with Radar,1,80,141,3,225,0,23,390,6,419,1,103,531,9,644,723,2,725,1369
01/24/2020,APA,CO,ANM,WE,Towers with Radar,0,76,115,6,197,0,19,483,6,508,0,95,598,12,705,672,7,679,1384
01/25/2020,APA,CO,ANM,WE,Towers with Radar,0,47,72,2,121,0,14,441,0,455,0,61,513,2,576,538,0,538,1114
01/26/2020,APA,CO,ANM,WE,Towers with Radar,0,69,103,7,179,0,17,329,13,359,0,86,432,20,538,754,0,754,1292
01/27/2020,APA,CO,ANM,WE,Towers with Radar,0,66,75,4,145,0,19,100,0,119,0,85,175,4,264,317,0,317,581
01/28/2020,APA,CO,ANM,WE,Towers with Radar,0,116,112,10,238,0,23,305,2,330,0,139,417,12,568,613,0,613,1181
01/29/2020,APA,CO,ANM,WE,Towers with Radar,0,73,136,0,209,0,14,122,1,137,0,87,258,1,346,492,0,492,838
01/30/2020,APA,CO,ANM,WE,Towers with Radar,0,80,128,5,213,0,20,179,6,205,0,100,307,11,418,312,8,320,738
01/31/2020,APA,CO,ANM,WE,Towers with Radar,0,69,120,7,196,0,17,281,0,298,0,86,401,7,494,497,0,497,991
02/01/2020,APA,CO,ANM,WE,Towers with Radar,0,52,61,8,121,0,15,301,3,319,0,67,362,11,440,209,1,210,650
02/02/2020,APA,CO,ANM,WE,Towers with Radar,0,58,68,5,131,0,9,193,2,204,0,67,261,7,335,192,0,192,527
02/03/2020,APA,CO,ANM,WE,Towers with Radar,0,55,53,0,108,0,1,0,0,1,0,56,53,0,109,0,0,0,109
02/04/2020,APA,CO,ANM,WE,Towers with Radar,0,73,79,0,152,0,0,8,0,8,0,73,87,0,160,2,0,2,162
02/05/2020,APA,CO,ANM,WE,Towers with Radar,0,98,115,5,218,0,18,282,5,305,0,116,397,10,523,504,14,518,1041
02/06/2020,APA,CO,ANM,WE,Towers with Radar,0,85,128,6,219,0,13,249,2,264,0,98,377,8,483,349,0,349,832
02/07/2020,APA,CO,ANM,WE,Towers with Radar,0,60,77,0,137,0,0,0,0,0,0,60,77,0,137,0,0,0,137
02/08/2020,APA,CO,ANM,WE,Towers with Radar,0,51,95,1,147,0,10,209,0,219,0,61,304,1,366,382,0,382,748
02/09/2020,APA,CO,ANM,WE,Towers with Radar,0,63,75,0,138,0,3,3,0,6,0,66,78,0,144,12,0,12,156
02/10/2020,APA,CO,ANM,WE,Towers with Radar,0,67,93,5,165,0,5,72,1,78,0,72,165,6,243,176,0,176,419
02/11/2020,APA,CO,ANM,WE,Towers with Radar,0,79,108,10,197,0,17,177,0,194,0,96,285,10,391,388,0,388,779
02/12/2020,APA,CO,ANM,WE,Towers with Radar,0,94,128,6,228,0,15,127,0,142,0,109,255,6,370,286,0,286,656
02/13/2020,APA,CO,ANM,WE,Towers with Radar,0,96,136,2,234,0,19,176,0,195,0,115,312,2,429,566,0,566,995
02/14/2020,APA,CO,ANM,WE,Towers with Radar,0,86,114,7,207,0,32,393,4,429,0,118,507,11,636,647,6,653,1289
02/15/2020,APA,CO,ANM,WE,Towers with Radar,1,62,67,2,132,0,36,392,13,441,1,98,459,15,573,584,0,584,1157
02/16/2020,APA,CO,ANM,WE,Towers with Radar,0,53,87,2,142,0,25,299,1,325,0,78,386,3,467,720,0,720,1187
02/17/2020,APA,CO,ANM,WE,Towers with Radar,0,101,149,1,251,0,8,198,2,208,0,109,347,3,459,518,2,520,979
02/18/2020,APA,CO,ANM,WE,Towers with Radar,0,103,142,1,246,0,14,246,3,263,0,117,388,4,509,532,10,542,1051
02/19/2020,APA,CO,ANM,WE,Towers with Radar,0,100,95,4,199,0,1,1,0,2,0,101,96,4,201,0,0,0,201
02/20/2020,APA,CO,ANM,WE,Towers with Radar,0,111,145,10,266,0,12,325,12,349,0,123,470,22,615,636,0,636,1251
02/21/2020,APA,CO,ANM,WE,Towers with Radar,0,103,127,2,232,0,17,490,2,509,0,120,617,4,741,490,0,490,1231
02/22/2020,APA,CO,ANM,WE,Towers with Radar,0,49,87,5,141,0,23,477,2,502,0,72,564,7,643,654,0,654,1297
02/23/2020,APA,CO,ANM,WE,Towers with Radar,0,77,60,0,137,0,9,12,1,22,0,86,72,1,159,8,0,8,167
02/24/2020,APA,CO,ANM,WE,Towers with Radar,0,81,105,3,189,0,2,24,1,27,0,83,129,4,216,30,0,30,246
02/25/2020,APA,CO,ANM,WE,Towers with Radar,0,94,90,2,186,0,16,22,1,39,0,110,112,3,225,67,0,67,292
02/26/2020,APA,CO,ANM,WE,Towers with Radar,0,85,146,5,236,0,9,320,9,338,0,94,466,14,574,640,2,642,1216
02/27/2020,APA,CO,ANM,WE,Towers with Radar,0,106,121,4,231,0,14,172,4,190,0,120,293,8,421,255,6,261,682
02/28/2020,APA,CO,ANM,WE,Towers with Radar,0,76,121,9,206,0,20,460,19,499,0,96,581,28,705,777,10,787,1492
02/29/2020,APA,CO,ANM,WE,Towers with Radar,0,61,97,4,162,0,23,471,12,506,0,84,568,16,668,759,10,769,1437
03/01/2020,APA,CO,ANM,WE,Towers with Radar,0,63,102,7,172,0,30,159,3,192,0,93,261,10,364,464,0,464,828
03/02/2020,APA,CO,ANM,WE,Towers with Radar,0,72,98,4,174,0,9,149,4,162,0,81,247,8,336,261,1,262,598
03/03/2020,APA,CO,ANM,WE,Towers with Radar,0,74,106,4,184,0,11,303,8,322,0,85,409,12,506,609,5,614,1120
03/04/2020,APA,CO,ANM,WE,Towers with Radar,0,78,123,8,209,0,9,292,7,308,0,87,415,15,517,549,0,549,1066
03/05/2020,APA,CO,ANM,WE,Towers with Radar,0,107,110,6,223,0,50,438,3,491,0,157,548,9,714,672,9,681,1395
03/06/2020,APA,CO,ANM,WE,Towers with Radar,0,87,120,9,216,0,16,405,8,429,0,103,525,17,645,759,4,763,1408
03/07/2020,APA,CO,ANM,WE,Towers with Radar,0,43,96,6,145,0,10,364,2,376,0,53,460,8,521,620,0,620,1141
03/08/2020,APA,CO,ANM,WE,Towers with Radar,0,78,105,9,192,0,13,222,1,236,0,91,327,10,428,431,0,431,859
03/09/2020,APA,CO,ANM,WE,Towers with Radar,0,76,138,5,219,0,9,298,15,322,0,85,436,20,541,754,0,754,1295
03/10/2020,APA,CO,ANM,WE,Towers with Radar,0,74,131,0,205,0,15,397,2,414,0,89,528,2,619,823,2,825,1444
03/11/2020,APA,CO,ANM,WE,Towers with Radar,0,94,126,2,222,0,24,414,5,443,0,118,540,7,665,894,0,894,1559
03/12/2020,APA,CO,ANM,WE,Towers with Radar,0,98,98,2,198,0,21,228,11,260,0,119,326,13,458,394,11,405,863
03/13/2020,APA,CO,ANM,WE,Towers with Radar,0,79,95,3,177,0,1,2,0,3,0,80,97,3,180,0,0,0,180
03/14/2020,APA,CO,ANM,WE,Towers with Radar,0,74,126,1,201,0,10,270,1,281,0,84,396,2,482,646,0,646,1128
03/15/2020,APA,CO,ANM,WE,Towers with Radar,1,67,122,0,190,0,16,308,2,326,1,83,430,2,516,713,0,713,1229
03/16/2020,APA,CO,ANM,WE,Towers with Radar,0,87,102,2,191,0,14,314,1,329,0,101,416,3,520,528,0,528,1048
03/17/2020,APA,CO,ANM,WE,Towers with Radar,0,90,74,5,169,0,10,298,2,310,0,100,372,7,479,638,0,638,1117
03/18/2020,APA,CO,ANM,WE,Towers with Radar,0,52,85,1,138,0,10,265,0,275,0,62,350,1,413,496,0,496,909
03/19/2020,APA,CO,ANM,WE,Towers with Radar,0,25,20,0,45,0,3,0,0,3,0,28,20,0,48,0,0,0,48
03/20/2020,APA,CO,ANM,WE,Towers with Radar,0,59,53,2,114,0,0,0,0,0,0,59,53,2,114,0,0,0,114
03/21/2020,APA,CO,ANM,WE,Towers with Radar,0,44,59,0,103,0,16,235,1,252,0,60,294,1,355,490,0,490,845
03/22/2020,APA,CO,ANM,WE,Towers with Radar,0,56,39,0,95,0,6,220,0,226,0,62,259,0,321,414,0,414,735
03/23/2020,APA,CO,ANM,WE,Towers with Radar,0,45,45,2,92,0,3,142,0,145,0,48,187,2,237,529,0,529,766
03/24/2020,APA,CO,ANM,WE,Towers with Radar,0,38,49,0,87,0,23,325,1,349,0,61,374,1,436,824,1,825,1261
03/25/2020,APA,CO,ANM,WE,Towers with Radar,0,27,33,0,60,0,2,138,4,144,0,29,171,4,204,213,2,215,419
03/26/2020,APA,CO,ANM,WE,Towers with Radar,0,41,38,2,81,0,2,142,2,146,0,43,180,4,227,298,0,298,525
03/27/2020,APA,CO,ANM,WE,Towers with Radar,0,40,30,2,72,0,0,3,0,3,0,40,33,2,75,10,0,10,85
03/28/2020,APA,CO,ANM,WE,Towers with Radar,0,32,27,0,59,0,2,57,0,59,0,34,84,0,118,163,0,163,281
03/29/2020,APA,CO,ANM,WE,Towers with Radar,0,33,38,0,71,0,9,236,0,245,0,42,274,0,316,411,0,411,727
03/30/2020,APA,CO,ANM,WE,Towers with Radar,0,30,34,0,64,0,16,105,7,128,0,46,139,7,192,410,0,410,602
03/31/2020,APA,CO,ANM,WE,Towers with Radar,0,33,35,1,69,0,4,205,0,209,0,37,240,1,278,452,0,452,730
04/01/2020,APA,CO,ANM,WE,Towers with Radar,0,38,45,6,89,0,11,205,1,217,0,49,250,7,306,550,9,559,865
04/02/2020,APA,CO,ANM,WE,Towers with Radar,0,25,21,0,46,0,0,0,0,0,0,25,21,0,46,0,0,0,46
04/03/2020,APA,CO,ANM,WE,Towers with Radar,0,34,42,0,76,0,12,86,0,98,0,46,128,0,174,226,0,226,400
04/04/2020,APA,CO,ANM,WE,Towers with Radar,0,20,20,0,40,0,8,113,4,125,0,28,133,4,165,160,0,160,325
04/05/2020,APA,CO,ANM,WE,Towers with Radar,0,24,16,0,40,0,3,114,0,117,0,27,130,0,157,50,0,50,207
04/06/2020,APA,CO,ANM,WE,Towers with Radar,0,33,20,4,57,0,12,72,1,85,0,45,92,5,142,72,0,72,214
04/07/2020,APA,CO,ANM,WE,Towers with Radar,0,35,26,3,64,0,16,84,3,103,0,51,110,6,167,85,4,89,256
04/08/2020,APA,CO,ANM,WE,Towers with Radar,0,25,31,1,57,0,12,112,1,125,0,37,143,2,182,127,0,127,309
04/09/2020,APA,CO,ANM,WE,Towers with Radar,0,36,39,1,76,0,7,83,4,94,0,43,122,5,170,119,4,123,293
04/10/2020,APA,CO,ANM,WE,Towers with Radar,0,46,43,0,89,0,12,96,0,108,0,58,139,0,197,107,0,107,304
04/11/2020,APA,CO,ANM,WE,Towers with Radar,0,30,20,4,54,0,15,164,0,179,0,45,184,4,233,251,0,251,484
04/12/2020,APA,CO,ANM,WE,Towers with Radar,0,15,7,0,22,0,0,0,0,0,0,15,7,0,22,0,0,0,22
04/13/2020,APA,CO,ANM,WE,Towers with Radar,0,26,16,2,44,0,0,0,0,0,0,26,16,2,44,0,0,0,44
04/14/2020,APA,CO,ANM,WE,Towers with Radar,0,28,29,1,58,0,5,63,4,72,0,33,92,5,130,32,14,46,176
04/15/2020,APA,CO,ANM,WE,Towers with Radar,0,42,44,0,86,0,3,80,0,83,0,45,124,0,169,162,0,162,331
04/16/2020,APA,CO,ANM,WE,Towers with Radar,0,30,16,0,46,0,0,0,0,0,0,30,16,0,46,0,0,0,46
04/17/2020,APA,CO,ANM,WE,Towers with Radar,0,39,55,5,99,0,5,100,0,105,0,44,155,5,204,116,0,116,320
04/18/2020,APA,CO,ANM,WE,Towers with Radar,0,26,28,0,54,0,16,81,0,97,0,42,109,0,151,95,0,95,246
04/19/2020,APA,CO,ANM,WE,Towers with Radar,0,32,31,0,63,0,10,125,0,135,0,42,156,0,198,168,0,168,366
04/20/2020,APA,CO,ANM,WE,Towers with Radar,0,31,37,2,70,0,10,117,3,130,0,41,154,5,200,183,0,183,383
04/21/2020,APA,CO,ANM,WE,Towers with Radar,0,27,28,0,55,0,15,86,3,104,0,42,114,3,159,215,0,215,374
04/22/2020,APA,CO,ANM,WE,Towers with Radar,0,39,63,2,104,0,18,97,19,134,0,57,160,21,238,132,6,138,376
04/23/2020,APA,CO,ANM,WE,Towers with Radar,0,35,54,5,94,0,16,111,4,131,0,51,165,9,225,118,0,118,343
04/24/2020,APA,CO,ANM,WE,Towers with Radar,0,37,35,2,74,0,11,50,1,62,0,48,85,3,136,75,0,75,211
04/25/2020,APA,CO,ANM,WE,Towers with Radar,0,29,26,0,55,0,14,163,1,178,0,43,189,1,233,219,0,219,452
04/26/2020,APA,CO,ANM,WE,Towers with Radar,0,27,30,0,57,0,27,119,0,146,0,54,149,0,203,183,0,183,386
04/27/2020,APA,CO,ANM,WE,Towers with Radar,0,24,45,6,75,0,15,267,0,282,0,39,312,6,357,478,0,478,835
04/28/2020,APA,CO,ANM,WE,Towers with Radar,0,38,48,5,91,0,5,141,0,146,0,43,189,5,237,287,0,287,524
04/29/2020,APA,CO,ANM,WE,Towers with Radar,0,32,64,0,96,0,10,367,5,382,0,42,431,5,478,643,2,645,1123
04/30/2020,APA,CO,ANM,WE,Towers with Radar,0,46,45,2,93,0,8,295,8,311,0,54,340,10,404,681,4,685,1089
05/01/2020,APA,CO,ANM,WE,Towers with Radar,0,35,57,10,102,0,9,265,7,281,0,44,322,17,383,467,2,469,852
05/02/2020,APA,CO,ANM,WE,Towers with Radar,0,41,56,0,97,0,0,48,2,50,0,41,104,2,147,122,0,122,269
05/03/2020,APA,CO,ANM,WE,Towers with Radar,0,40,24,2,66,0,13,242,0,255,0,53,266,2,321,372,0,372,693
05/04/2020,APA,CO,ANM,WE,Towers with Radar,0,25,64,0,89,0,11,286,0,297,0,36,350,0,386,519,0,519,905
05/05/2020,APA,CO,ANM,WE,Towers with Radar,0,42,52,2,96,0,21,398,3,422,0,63,450,5,518,827,0,827,1345
05/06/2020,APA,CO,ANM,WE,Towers with Radar,0,42,58,2,102,0,27,324,9,360,0,69,382,11,462,744,9,753,1215
05/07/2020,APA,CO,ANM,WE,Towers with Radar,0,51,72,2,125,0,15,181,1,197,0,66,253,3,322,328,0,328,650
05/08/2020,APA,CO,ANM,WE,Towers with Radar,0,27,90,3,120,0,2,217,0,219,0,29,307,3,339,607,0,607,946
05/09/2020,APA,CO,ANM,WE,Towers with Radar,0,41,58,2,101,0,2,165,1,168,0,43,223,3,269,409,0,409,678
05/10/2020,APA,CO,ANM,WE,Towers with Radar,0,28,49,2,79,0,3,245,2,250,0,31,294,4,329,518,0,518,847
05/11/2020,APA,CO,ANM,WE,Towers with Radar,0,38,64,4,106,0,5,92,5,102,0,43,156,9,208,565,5,570,778
05/12/2020,APA,CO,ANM,WE,Towers with Radar,0,49,76,2,127,0,8,219,0,227,0,57,295,2,354,562,0,562,916
05/13/2020,APA,CO,ANM,WE,Towers with Radar,0,53,84,1,138,0,27,459,2,488,0,80,543,3,626,812,2,814,1440
05/14/2020,APA,CO,ANM,WE,Towers with Radar,0,38,86,4,128,0,9,277,3,289,0,47,363,7,417,371,2,373,790
05/15/2020,APA,CO,ANM,WE,Towers with Radar,0,56,88,2,146,0,7,242,6,255,0,63,330,8,401,567,0,567,968
05/16/2020,APA,CO,ANM,WE,Towers with Radar,0,35,67,2,104,0,14,340,0,354,0,49,407,2,458,670,0,670,1128
05/17/2020,APA,CO,ANM,WE,Towers with Radar,0,49,71,1,121,0,5,442,1,448,0,54,513,2,569,714,0,714,1283
05/18/2020,APA,CO,ANM,WE,Towers with Radar,0,51,79,0,130,0,8,317,0,325,0,59,396,0,455,824,0,824,1279
05/19/2020,APA,CO,ANM,WE,Towers with Radar,0,49,73,2,124,0,11,189,0,200,0,60,262,2,324,176,0,176,500
05/20/2020,APA,CO,ANM,WE,Towers with Radar,0,51,75,6,132,0,8,106,0,114,0,59,181,6,246,286,0,286,532
05/21/2020,APA,CO,ANM,WE,Towers with Radar,0,62,87,5,154,0,15,426,2,443,0,77,513,7,597,918,0,918,1515
05/22/2020,APA,CO,ANM,WE,Towers with Radar,0,61,112,8,181,0,12,296,1,309,0,73,408,9,490,585,0,585,1075
05/23/2020,APA,CO,ANM,WE,Towers with Radar,0,49,48,2,99,0,7,276,0,283,0,56,324,2,382,559,0,559,941
05/24/2020,APA,CO,ANM,WE,Towers with Radar,0,30,36,2,68,0,3,67,0,70,0,33,103,2,138,274,0,274,412
05/25/2020,APA,CO,ANM,WE,Towers with Radar,0,56,70,2,128,0,3,306,17,326,0,59,376,19,454,671,0,671,1125
05/26/2020,APA,CO,ANM,WE,Towers with Radar,0,59,89,2,150,0,23,483,0,506,0,82,572,2,656,871,0,871,1527
05/27/2020,APA,CO,ANM,WE,Towers with Radar,0,67,68,4,139,0,12,420,1,433,0,79,488,5,572,577,0,577,1149
05/28/2020,APA,CO,ANM,WE,Towers with Radar,0,53,164,4,221,0,12,218,1,231,0,65,382,5,452,885,0,885,1337
05/29/2020,APA,CO,ANM,WE,Towers with Radar,0,50,85,4,139,0,8,334,2,344,0,58,419,6,483,715,0,715,1198
05/30/2020,APA,CO,ANM,WE,Towers with Radar,1,53,65,2,121,0,14,260,1,275,1,67,325,3,396,518,0,518,914
05/31/2020,APA,CO,ANM,WE,Towers with Radar,0,46,72,7,125,0,15,243,0,258,0,61,315,7,383,452,4,456,839
06/01/2020,APA,CO,ANM,WE,Towers with Radar,0,44,98,6,148,0,18,231,4,253,0,62,329,10,401,653,16,669,1070
06/02/2020,APA,CO,ANM,WE,Towers with Radar,0,47,121,5,173,0,20,341,21,382,0,67,462,26,555,765,0,765,1320
06/03/2020,APA,CO,ANM,WE,Towers with Radar,0,54,117,5,176,0,20,509,3,532,0,74,626,8,708,667,18,685,1393
06/04/2020,APA,CO,ANM,WE,Towers with Radar,0,74,133,5,212,0,16,393,2,411,0,90,526,7,623,646,10,656,1279
06/05/2020,APA,CO,ANM,WE,Towers with Radar,0,64,112,0,176,0,17,548,9,574,0,81,660,9,750,632,0,632,1382
06/06/2020,APA,CO,ANM,WE,Towers with Radar,0,44,50,3,97,0,9,53,0,62,0,53,103,3,159,14,0,14,173
06/07/2020,APA,CO,ANM,WE,Towers with Radar,0,58,76,4,138,0,2,126,0,128,0,60,202,4,266,329,0,329,595
06/08/2020,APA,CO,ANM,WE,Towers with Radar,0,50,89,2,141,0,12,223,5,240,0,62,312,7,381,368,10,378,759
06/09/2020,APA,CO,ANM,WE,Towers with Radar,0,70,82,5,157,0,4,64,1,69,0,74,146,6,226,219,0,219,445
06/10/2020,APA,CO,ANM,WE,Towers with Radar,0,80,118,2,200,0,6,539,4,549,0,86,657,6,749,832,0,832,1581
06/11/2020,APA,CO,ANM,WE,Towers with Radar,0,77,117,5,199,0,13,454,1,468,0,90,571,6,667,674,6,680,1347
06/12/2020,APA,CO,ANM,WE,Towers with Radar,0,77,123,4,204,0,16,341,4,361,0,93,464,8,565,275,8,283,848
06/13/2020,APA,CO,ANM,WE,Towers with Radar,0,54,61,1,116,0,10,258,1,269,0,64,319,2,385,358,0,358,743
06/14/2020,APA,CO,ANM,WE,Towers with Radar,0,52,71,4,127,0,11,148,0,159,0,63,219,4,286,186,0,186,472
06/15/2020,APA,CO,ANM,WE,Towers with Radar,0,63,109,7,179,0,11,475,3,489,0,74,584,10,668,249,0,249,917
06/16/2020,APA,CO,ANM,WE,Towers with Radar,0,82,88,11,181,0,13,353,2,368,0,95,441,13,549,134,0,134,683
06/17/2020,APA,CO,ANM,WE,Towers with Radar,0,76,117,11,204,0,4,269,3,276,0,80,386,14,480,92,0,92,572
06/18/2020,APA,CO,ANM,WE,Towers with Radar,0,67,142,7,216,0,16,311,9,336,0,83,453,16,552,95,0,95,647
06/19/2020,APA,CO,ANM,WE,Towers with Radar,0,66,99,5,170,0,16,230,2,248,0,82,329,7,418,274,0,274,692
06/20/2020,APA,CO,ANM,WE,Towers with Radar,0,63,95,4,162,0,3,402,0,405,0,66,497,4,567,136,0,136,703
06/21/2020,APA,CO,ANM,WE,Towers with Radar,0,68,70,2,140,0,10,225,0,235,0,78,295,2,375,254,0,254,629
06/22/2020,APA,CO,ANM,WE,Towers with Radar,0,57,127,5,189,0,11,549,0,560,0,68,676,5,749,162,0,162,911
06/23/2020,APA,CO,ANM,WE,Towers with Radar,0,73,104,6,183,0,12,499,4,515,0,85,603,10,698,205,0,205,903
06/24/2020,APA,CO,ANM,WE,Towers with Radar,0,91,104,0,195,0,18,500,2,520,0,109,604,2,715,136,0,136,851
06/25/2020,APA,CO,ANM,WE,Towers with Radar,0,91,120,11,222,0,12,404,2,418,0,103,524,13,640,149,0,149,789
06/26/2020,APA,CO,ANM,WE,Towers with Radar,0,82,123,8,213,0,8,305,2,315,0,90,428,10,528,61,0,61,589
06/27/2020,APA,CO,ANM,WE,Towers with Radar,0,67,90,7,164,0,17,281,3,301,0,84,371,10,465,139,4,143,608
06/28/2020,APA,CO,ANM,WE,Towers with Radar,0,93,98,5,196,0,19,270,3,292,0,112,368,8,488,162,0,162,650
06/29/2020,APA,CO,ANM,WE,Towers with Radar,0,78,104,2,184,0,8,208,5,221,0,86,312,7,405,108,6,114,519
06/30/2020,APA,CO,ANM,WE,Towers with Radar,0,76,102,6,184,0,23,343,2,368,0,99,445,8,552,175,0,175,727
07/01/2020,APA,CO,ANM,WE,Towers with Radar,0,111,149,3,263,0,16,303,1,320,0,127,452,4,583,118,0,118,701
07/02/2020,APA,CO,ANM,WE,Towers with Radar,0,64,158,4,226,0,7,346,2,355,0,71,504,6,581,680,0,680,1261
07/03/2020,APA,CO,ANM,WE,Towers with Radar,0,52,111,2,165,0,15,301,0,316,0,67,412,2,481,487,0,487,968
07/04/2020,APA,CO,ANM,WE,Towers with Radar,0,25,43,1,69,0,16,178,8,202,0,41,221,9,271,178,0,178,449
07/05/2020,APA,CO,ANM,WE,Towers with Radar,0,77,125,2,204,0,10,255,0,265,0,87,380,2,469,346,1,347,816
07/06/2020,APA,CO,ANM,WE,Towers with Radar,0,64,116,8,188,0,16,331,6,353,0,80,447,14,541,707,0,707,1248
07/07/2020,APA,CO,ANM,WE,Towers with Radar,0,66,103,4,173,0,10,301,6,317,0,76,404,10,490,517,16,533,1023
07/08/2020,APA,CO,ANM,WE,Towers with Radar,0,59,120,10,189,0,12,407,12,431,0,71,527,22,620,774,12,786,1406
07/09/2020,APA,CO,ANM,WE,Towers with Radar,0,73,101,8,182,0,13,363,4,380,0,86,464,12,562,656,6,662,1224
07/10/2020,APA,CO,ANM,WE,Towers with Radar,0,47,143,2,192,0,5,320,11,336,0,52,463,13,528,698,11,709,1237
07/11/2020,APA,CO,ANM,WE,Towers with Radar,0,72,75,2,149,0,22,282,1,305,0,94,357,3,454,396,0,396,850
07/12/2020,APA,CO,ANM,WE,Towers with Radar,0,78,113,5,196,0,15,169,0,184,0,93,282,5,380,390,0,390,770
07/13/2020,APA,CO,ANM,WE,Towers with Radar,1,83,89,3,176,0,7,244,5,256,1,90,333,8,432,124,0,124,556
07/14/2020,APA,CO,ANM,WE,Towers with Radar,0,61,118,2,181,0,10,253,7,270,0,71,371,9,451,548,4,552,1003
07/15/2020,APA,CO,ANM,WE,Towers with Radar,0,82,146,6,234,0,11,225,1,237,0,93,371,7,471,529,10,539,1010
07/16/2020,APA,CO,ANM,WE,Towers with Radar,0,72,104,7,183,0,20,290,4,314,0,92,394,11,497,565,2,567,1064
07/17/2020,APA,CO,ANM,WE,Towers with Radar,0,68,115,5,188,0,18,398,3,419,0,86,513,8,607,605,2,607,1214
07/18/2020,APA,CO,ANM,WE,Towers with Radar,0,82,103,3,188,0,24,292,4,320,0,106,395,7,508,473,6,479,987
07/19/2020,APA,CO,ANM,WE,Towers with Radar,0,67,95,2,164,0,8,207,1,216,0,75,302,3,380,497,0,497,877
07/20/2020,APA,CO,ANM,WE,Towers with Radar,0,68,103,5,176,0,58,384,5,447,0,126,487,10,623,746,0,746,1369
07/21/2020,APA,CO,ANM,WE,Towers with Radar,0,97,118,7,222,0,68,327,7,402,0,165,445,14,624,671,4,675,1299
07/22/2020,APA,CO,ANM,WE,Towers with Radar,0,82,135,6,223,0,26,357,7,390,0,108,492,13,613,866,0,866,1479
07/23/2020,APA,CO,ANM,WE,Towers with Radar,0,97,155,7,259,0,41,339,2,382,0,138,494,9,641,1030,0,1030,1671
07/24/2020,APA,CO,ANM,WE,Towers with Radar,0,81,106,10,197,0,41,269,4,314,0,122,375,14,511,506,0,506,1017
07/25/2020,APA,CO,ANM,WE,Towers with Radar,0,68,72,3,143,0,35,246,0,281,0,103,318,3,424,473,0,473,897
07/26/2020,APA,CO,ANM,WE,Towers with Radar,0,71,116,5,192,0,35,269,10,314,0,106,385,15,506,482,1,483,989
07/27/2020,APA,CO,ANM,WE,Towers with Radar,1,78,97,6,182,0,87,351,11,449,1,165,448,17,631,772,12,784,1415
07/28/2020,APA,CO,ANM,WE,Towers with Radar,0,71,105,0,176,0,63,320,1,384,0,134,425,1,560,740,0,740,1300
07/29/2020,APA,CO,ANM,WE,Towers with Radar,0,87,101,7,195,0,25,337,12,374,0,112,438,19,569,386,22,408,977
07/30/2020,APA,CO,ANM,WE,Towers with Radar,0,93,141,1,235,0,24,281,2,307,0,117,422,3,542,699,2,701,1243
07/31/2020,APA,CO,ANM,WE,Towers with Radar,0,85,144,7,236,0,53,356,1,410,0,138,500,8,646,673,0,673,1319
08/01/2020,APA,CO,ANM,WE,Towers with Radar,1,74,115,3,193,0,34,388,3,425,1,108,503,6,618,523,0,523,1141
08/02/2020,APA,CO,ANM,WE,Towers with Radar,0,88,92,2,182,0,40,279,5,324,0,128,371,7,506,633,0,633,1139
08/03/2020,APA,CO,ANM,WE,Towers with Radar,0,69,135,7,211,0,101,375,3,479,0,170,510,10,690,601,0,601,1291
08/04/2020,APA,CO,ANM,WE,Towers with Radar,0,73,100,6,179,0,59,353,5,417,0,132,453,11,596,658,4,662,1258
08/05/2020,APA,CO,ANM,WE,Towers with Radar,1,86,158,8,253,0,84,365,1,450,1,170,523,9,703,756,0,756,1459
08/06/2020,APA,CO,ANM,WE,Towers with Radar,0,78,135,6,219,0,48,382,8,438,0,126,517,14,657,632,0,632,1289
08/07/2020,APA,CO,ANM,WE,Towers with Radar,0,80,151,4,235,0,75,354,14,443,0,155,505,18,678,637,11,648,1326
08/08/2020,APA,CO,ANM,WE,Towers with Radar,0,99,91,0,190,0,41,359,0,400,0,140,450,0,590,301,0,301,891
08/09/2020,APA,CO,ANM,WE,Towers with Radar,0,85,113,4,202,0,48,271,0,319,0,133,384,4,521,450,0,450,971
08/10/2020,APA,CO,ANM,WE,Towers with Radar,0,78,113,7,198,0,82,254,9,345,0,160,367,16,543,621,6,627,1170
08/11/2020,APA,CO,ANM,WE,Towers with Radar,0,87,97,9,193,0,63,398,11,472,0,150,495,20,665,720,16,736,1401
08/12/2020,APA,CO,ANM,WE,Towers with Radar,0,92,125,0,217,0,72,374,8,454,0,164,499,8,671,766,15,781,1452
08/13/2020,APA,CO,ANM,WE,Towers with Radar,0,92,135,11,238,0,58,354,15,427,0,150,489,26,665,741,10,751,1416
08/14/2020,APA,CO,ANM,WE,Towers with Radar,0,76,123,16,215,0,48,256,2,306,0,124,379,18,521,333,6,339,860
08/15/2020,APA,CO,ANM,WE,Towers with Radar,0,81,91,9,181,0,52,224,0,276,0,133,315,9,457,499,0,499,956
08/16/2020,APA,CO,ANM,WE,Towers with Radar,0,83,102,7,192,0,49,252,5,306,0,132,354,12,498,556,15,571,1069
08/17/2020,APA,CO,ANM,WE,Towers with Radar,0,84,123,13,220,0,68,306,6,380,0,152,429,19,600,569,0,569,1169
08/18/2020,APA,CO,ANM,WE,Towers with Radar,0,89,111,7,207,0,59,333,4,396,0,148,444,11,603,730,0,730,1333
08/19/2020,APA,CO,ANM,WE,Towers with Radar,0,105,119,6,230,0,58,244,15,317,0,163,363,21,547,596,26,622,1169
08/20/2020,APA,CO,ANM,WE,Towers with Radar,0,113,128,3,244,0,58,254,3,315,0,171,382,6,559,536,16,552,1111
08/21/2020,APA,CO,ANM,WE,Towers with Radar,0,78,114,8,200,0,60,285,2,347,0,138,399,10,547,387,0,387,934
08/22/2020,APA,CO,ANM,WE,Towers with Radar,0,67,101,12,180,0,25,240,3,268,0,92,341,15,448,441,0,441,889
08/23/2020,APA,CO,ANM,WE,Towers with Radar,3,63,122,4,192,0,41,229,0,270,3,104,351,4,462,476,0,476,938
08/24/2020,APA,CO,ANM,WE,Towers with Radar,0,86,126,9,221,0,36,285,0,321,0,122,411,9,542,687,2,689,1231
08/25/2020,APA,CO,ANM,WE,Towers with Radar,0,78,123,6,207,0,58,228,6,292,0,136,351,12,499,589,12,601,1100
08/26/2020,APA,CO,ANM,WE,Towers with Radar,0,86,105,9,200,0,51,307,15,373,0,137,412,24,573,763,17,780,1353
08/27/2020,APA,CO,ANM,WE,Towers with Radar,0,93,123,5,221,0,61,342,2,405,0,154,465,7,626,769,1,770,1396
08/28/2020,APA,CO,ANM,WE,Towers with Radar,0,90,115,10,215,0,50,212,0,262,0,140,327,10,477,478,0,478,955
08/29/2020,APA,CO,ANM,WE,Towers with Radar,0,50,61,5,116,0,37,237,2,276,0,87,298,7,392,592,0,592,984
08/30/2020,APA,CO,ANM,WE,Towers with Radar,0,54,91,4,149,0,52,244,1,297,0,106,335,5,446,315,0,315,761
08/31/2020,APA,CO,ANM,WE,Towers with Radar,0,97,121,6,224,0,63,314,9,386,0,160,435,15,610,536,2,538,1148
09/01/2020,APA,CO,ANM,WE,Towers with Radar,0,69,104,6,179,0,68,384,14,466,0,137,488,20,645,839,12,851,1496
09/02/2020,APA,CO,ANM,WE,Towers with Radar,0,91,123,2,216,0,81,468,11,560,0,172,591,13,776,821,6,827,1603
09/03/2020,APA,CO,ANM,WE,Towers with Radar,0,93,138,8,239,0,92,337,4,433,0,185,475,12,672,686,0,686,1358
09/04/2020,APA,CO,ANM,WE,Towers with Radar,0,105,105,2,212,0,97,532,0,629,0,202,637,2,841,862,0,862,1703
09/05/2020,APA,CO,ANM,WE,Towers with Radar,0,43,80,4,127,0,49,270,2,321,0,92,350,6,448,527,0,527,975
09/06/2020,APA,CO,ANM,WE,Towers with Radar,0,61,66,6,133,0,45,226,1,272,0,106,292,7,405,292,0,292,697
09/07/2020,APA,CO,ANM,WE,Towers with Radar,0,91,154,7,252,0,43,231,2,276,0,134,385,9,528,422,0,422,950
09/08/2020,APA,CO,ANM,WE,Towers with Radar,0,62,48,5,115,0,0,0,0,0,0,62,48,5,115,0,0,0,115
09/09/2020,APA,CO,ANM,WE,Towers with Radar,0,98,103,3,204,0,14,93,0,107,0,112,196,3,311,200,0,200,511
09/10/2020,APA,CO,ANM,WE,Towers with Radar,0,91,134,1,226,0,64,173,0,237,0,155,307,1,463,1032,0,1032,1495
09/11/2020,APA,CO,ANM,WE,Towers with Radar,0,88,150,7,245,0,60,400,5,465,0,148,550,12,710,572,0,572,1282
09/12/2020,APA,CO,ANM,WE,Towers with Radar,0,72,63,2,137,0,68,363,0,431,0,140,426,2,568,623,0,623,1191
09/13/2020,APA,CO,ANM,WE,Towers with Radar,0,76,91,2,169,0,55,376,0,431,0,131,467,2,600,613,0,613,1213
09/14/2020,APA,CO,ANM,WE,Towers with Radar,2,84,100,6,192,0,69,447,1,517,2,153,547,7,709,861,0,861,1570
09/15/2020,APA,CO,ANM,WE,Towers with Radar,0,87,102,5,194,0,89,400,6,495,0,176,502,11,689,905,0,905,1594
09/16/2020,APA,CO,ANM,WE,Towers with Radar,1,84,148,3,236,0,65,231,4,300,1,149,379,7,536,755,2,757,1293
09/17/2020,APA,CO,ANM,WE,Towers with Radar,0,95,142,3,240,0,75,326,8,409,0,170,468,11,649,960,1,961,1610
09/18/2020,APA,CO,ANM,WE,Towers with Radar,0,83,135,9,227,0,59,327,2,388,0,142,462,11,615,543,4,547,1162
09/19/2020,APA,CO,ANM,WE,Towers with Radar,0,39,72,17,128,0,44,258,21,323,0,83,330,38,451,318,10,328,779
09/20/2020,APA,CO,ANM,WE,Towers with Radar,0,91,112,3,206,0,43,286,2,331,0,134,398,5,537,601,0,601,1138
09/21/2020,APA,CO,ANM,WE,Towers with Radar,0,70,111,12,193,0,77,408,6,491,0,147,519,18,684,544,2,546,1230
09/22/2020,APA,CO,ANM,WE,Towers with Radar,0,90,95,5,190,0,78,298,1,377,0,168,393,6,567,711,0,711,1278
09/23/2020,APA,CO,ANM,WE,Towers with Radar,0,102,131,6,239,0,105,380,0,485,0,207,511,6,724,795,0,795,1519
09/24/2020,APA,CO,ANM,WE,Towers with Radar,0,117,119,8,244,0,96,350,5,451,0,213,469,13,695,830,1,831,1526
09/25/2020,APA,CO,ANM,WE,Towers with Radar,0,66,136,6,208,0,76,368,2,446,0,142,504,8,654,659,0,659,1313
09/26/2020,APA,CO,ANM,WE,Towers with Radar,0,68,67,4,139,0,16,173,4,193,0,84,240,8,332,464,0,464,796
09/27/2020,APA,CO,ANM,WE,Towers with Radar,0,89,106,4,199,0,11,149,1,161,0,100,255,5,360,296,0,296,656
09/28/2020,APA,CO,ANM,WE,Towers with Radar,0,89,111,7,207,0,52,257,1,310,0,141,368,8,517,560,0,560,1077
09/29/2020,APA,CO,ANM,WE,Towers with Radar,0,71,126,4,201,0,102,358,0,460,0,173,484,4,661,843,0,843,1504
09/30/2020,APA,CO,ANM,WE,Towers with Radar,0,90,127,8,225,0,37,259,5,301,0,127,386,13,526,704,0,704,1230
10/01/2020,APA,CO,ANM,WE,Towers with Radar,0,82,135,7,224,0,97,314,3,414,0,179,449,10,638,761,1,762,1400
10/02/2020,APA,CO,ANM,WE,Towers with Radar,0,83,128,17,228,0,61,342,1,404,0,144,470,18,632,501,0,501,1133
10/03/2020,APA,CO,ANM,WE,Towers with Radar,0,71,78,5,154,0,25,293,0,318,0,96,371,5,472,496,0,496,968
10/04/2020,APA,CO,ANM,WE,Towers with Radar,0,64,126,3,193,0,12,295,0,307,0,76,421,3,500,470,0,470,970
10/05/2020,APA,CO,ANM,WE,Towers with Radar,0,85,98,7,190,0,49,228,10,287,0,134,326,17,477,457,12,469,946
10/06/2020,APA,CO,ANM,WE,Towers with Radar,0,88,118,5,211,0,87,370,6,463,0,175,488,11,674,727,12,739,1413
10/07/2020,APA,CO,ANM,WE,Towers with Radar,0,90,137,9,236,0,58,283,10,351,0,148,420,19,587,641,10,651,1238
10/08/2020,APA,CO,ANM,WE,Towers with Radar,0,68,133,7,208,0,58,327,5,390,0,126,460,12,598,573,4,577,1175
10/09/2020,APA,CO,ANM,WE,Towers with Radar,1,76,106,10,193,0,68,378,8,454,1,144,484,18,647,727,10,737,1384
10/10/2020,APA,CO,ANM,WE,Towers with Radar,0,67,92,9,168,0,23,283,4,310,0,90,375,13,478,417,0,417,895
10/11/2020,APA,CO,ANM,WE,Towers with Radar,0,68,109,4,181,0,9,70,1,80,0,77,179,5,261,98,0,98,359
10/12/2020,APA,CO,ANM,WE,Towers with Radar,0,69,113,12,194,0,42,198,4,244,0,111,311,16,438,558,4,562,1000
10/13/2020,APA,CO,ANM,WE,Towers with Radar,0,97,108,14,219,0,54,283,15,352,0,151,391,29,571,867,0,867,1438
10/14/2020,APA,CO,ANM,WE,Towers with Radar,0,106,108,9,223,0,40,176,5,221,0,146,284,14,444,526,0,526,970
10/15/2020,APA,CO,ANM,WE,Towers with Radar,0,102,155,14,271,0,82,316,12,410,0,184,471,26,681,613,0,613,1294
10/16/2020,APA,CO,ANM,WE,Towers with Radar,0,64,114,25,203,0,64,385,11,460,0,128,499,36,663,757,11,768,1431
10/17/2020,APA,CO,ANM,WE,Towers with Radar,0,75,84,28,187,0,41,257,25,323,0,116,341,53,510,415,2,417,927
10/18/2020,APA,CO,ANM,WE,Towers with Radar,0,118,131,30,279,0,20,76,3,99,0,138,207,33,378,173,17,190,568
10/19/2020,APA,CO,ANM,WE,Towers with Radar,0,94,115,23,232,0,59,352,6,417,0,153,467,29,649,821,6,827,1476
10/20/2020,APA,CO,ANM,WE,Towers with Radar,0,95,125,6,226,0,69,280,12,361,0,164,405,18,587,794,11,805,1392
10/21/2020,APA,CO,ANM,WE,Towers with Radar,0,98,141,10,249,0,74,320,9,403,0,172,461,19,652,705,2,707,1359
10/22/2020,APA,CO,ANM,WE,Towers with Radar,0,81,113,12,206,0,3,8,2,13,0,84,121,14,219,63,0,63,282
10/23/2020,APA,CO,ANM,WE,Towers with Radar,0,81,89,14,184,0,24,95,1,120,0,105,184,15,304,336,0,336,640
10/24/2020,APA,CO,ANM,WE,Towers with Radar,0,84,80,6,170,0,32,259,3,294,0,116,339,9,464,630,0,630,1094
10/25/2020,APA,CO,ANM,WE,Towers with Radar,0,57,46,0,103,0,1,1,0,2,0,58,47,0,105,0,0,0,105
10/26/2020,APA,CO,ANM,WE,Towers with Radar,0,98,72,2,172,0,3,2,0,5,0,101,74,2,177,0,0,0,177
10/27/2020,APA,CO,ANM,WE,Towers with Radar,0,86,120,9,215,0,69,246,13,328,0,155,366,22,543,726,2,728,1271
10/28/2020,APA,CO,ANM,WE,Towers with Radar,0,78,118,6,202,0,45,261,11,317,0,123,379,17,519,553,16,569,1088
10/29/2020,APA,CO,ANM,WE,Towers with Radar,0,85,116,5,206,0,50,405,5,460,0,135,521,10,666,749,0,749,1415
10/30/2020,APA,CO,ANM,WE,Towers with Radar,0,59,97,7,163,0,64,409,4,477,0,123,506,11,640,787,0,787,1427
10/31/2020,APA,CO,ANM,WE,Towers with Radar,0,53,83,5,141,0,43,248,3,294,0,96,331,8,435,344,0,344,779
11/01/2020,APA,CO,ANM,WE,Towers with Radar,0,52,81,2,135,0,53,449,4,506,0,105,530,6,641,695,0,695,1336
11/02/2020,APA,CO,ANM,WE,Towers with Radar,0,88,78,11,177,0,45,280,6,331,0,133,358,17,508,652,0,652,1160
11/03/2020,APA,CO,ANM,WE,Towers with Radar,0,75,86,8,169,0,52,283,3,338,0,127,369,11,507,753,0,753,1260
11/04/2020,APA,CO,ANM,WE,Towers with Radar,0,87,94,10,191,0,71,237,3,311,0,158,331,13,502,682,0,682,1184
11/05/2020,APA,CO,ANM,WE,Towers with Radar,0,68,113,6,187,0,67,303,1,371,0,135,416,7,558,783,0,783,1341
11/06/2020,APA,CO,ANM,WE,Towers with Radar,0,77,74,6,157,0,44,204,2,250,0,121,278,8,407,198,0,198,605
11/07/2020,APA,CO,ANM,WE,Towers with Radar,0,58,56,7,121,0,22,65,1,88,0,80,121,8,209,103,0,103,312
11/08/2020,APA,CO,ANM,WE,Towers with Radar,0,60,61,1,122,0,8,27,3,38,0,68,88,4,160,12,0,12,172
11/09/2020,APA,CO,ANM,WE,Towers with Radar,0,49,34,2,85,0,0,5,0,5,0,49,39,2,90,56,0,56,146
11/10/2020,APA,CO,ANM,WE,Towers with Radar,0,90,81,6,177,2,71,193,3,269,2,161,274,9,446,653,0,653,1099
11/11/2020,APA,CO,ANM,WE,Towers with Radar,0,80,103,2,185,0,75,293,4,372,0,155,396,6,557,769,0,769,1326
11/12/2020,APA,CO,ANM,WE,Towers with Radar,0,77,96,8,181,0,90,343,19,452,0,167,439,27,633,944,0,944,1577
11/13/2020,APA,CO,ANM,WE,Towers with Radar,0,74,89,25,188,0,35,133,2,170,0,109,222,27,358,190,0,190,548
11/14/2020,APA,CO,ANM,WE,Towers with Radar,0,52,38,2,92,0,6,9,0,15,0,58,47,2,107,10,0,10,117
11/15/2020,APA,CO,ANM,WE,Towers with Radar,0,55,95,12,162,0,38,134,1,173,0,93,229,13,335,2,0,2,337
11/16/2020,APA,CO,ANM,WE,Towers with Radar,0,56,66,2,124,0,23,251,3,277,0,79,317,5,401,49,0,49,450
11/17/2020,APA,CO,ANM,WE,Towers with Radar,0,55,97,6,158,0,83,429,6,518,0,138,526,12,676,603,0,603,1279
11/18/2020,APA,CO,ANM,WE,Towers with Radar,0,77,113,0,190,0,67,228,3,298,0,144,341,3,488,556,0,556,1044
11/19/2020,APA,CO,ANM,WE,Towers with Radar,0,71,122,5,198,0,89,289,5,383,0,160,411,10,581,507,0,507,1088
11/20/2020,APA,CO,ANM,WE,Towers with Radar,0,84,123,6,213,0,49,264,3,316,0,133,387,9,529,338,0,338,867
11/21/2020,APA,CO,ANM,WE,Towers with Radar,0,73,90,5,168,0,28,261,1,290,0,101,351,6,458,381,0,381,839
11/22/2020,APA,CO,ANM,WE,Towers with Radar,0,50,97,1,148,0,23,227,1,251,0,73,324,2,399,276,0,276,675
11/23/2020,APA,CO,ANM,WE,Towers with Radar,0,75,86,7,168,0,39,153,6,198,0,114,239,13,366,184,0,184,550
11/24/2020,APA,CO,ANM,WE,Towers with Radar,0,67,88,4,159,0,7,33,0,40,0,74,121,4,199,14,0,14,213
11/25/2020,APA,CO,ANM,WE,Towers with Radar,1,67,117,9,194,0,38,260,4,302,1,105,377,13,496,434,0,434,930
11/26/2020,APA,CO,ANM,WE,Towers with Radar,0,36,18,0,54,0,10,64,0,74,0,46,82,0,128,124,0,124,252
11/27/2020,APA,CO,ANM,WE,Towers with Radar,0,55,48,0,103,0,23,245,0,268,0,78,293,0,371,414,0,414,785
11/28/2020,APA,CO,ANM,WE,Towers with Radar,0,83,89,4,176,0,36,260,0,296,0,119,349,4,472,429,0,429,901
11/29/2020,APA,CO,ANM,WE,Towers with Radar,0,124,154,3,281,0,21,206,1,228,0,145,360,4,509,292,0,292,801
11/30/2020,APA,CO,ANM,WE,Towers with Radar,0,91,103,3,197,0,43,316,0,359,0,134,419,3,556,649,0,649,1205
12/01/2020,APA,CO,ANM,WE,Towers with Radar,0,93,88,2,183,0,25,53,2,80,0,118,141,4,263,149,0,149,412
12/02/2020,APA,CO,ANM,WE,Towers with Radar,0,75,97,8,180,0,52,139,6,197,0,127,236,14,377,640,0,640,1017
12/03/2020,APA,CO,ANM,WE,Towers with Radar,0,70,80,5,155,0,128,418,2,548,0,198,498,7,703,951,0,951,1654
12/04/2020,APA,CO,ANM,WE,Towers with Radar,0,63,125,9,197,0,84,350,0,434,0,147,475,9,631,1000,0,1000,1631
12/05/2020,APA,CO,ANM,WE,Towers with Radar,33,63,71,5,172,0,22,383,0,405,33,85,454,5,577,500,0,500,1077
12/06/2020,APA,CO,ANM,WE,Towers with Radar,0,49,95,0,144,0,37,312,0,349,0,86,407,0,493,668,0,668,1161
12/07/2020,APA,CO,ANM,WE,Towers with Radar,0,56,61,0,117,0,65,346,7,418,0,121,407,7,535,789,0,789,1324
12/08/2020,APA,CO,ANM,WE,Towers with Radar,0,74,101,2,177,0,60,329,3,392,0,134,430,5,569,677,0,677,1246
12/09/2020,APA,CO,ANM,WE,Towers with Radar,0,69,103,4,176,0,64,400,7,471,0,133,503,11,647,655,0,655,1302
12/10/2020,APA,CO,ANM,WE,Towers with Radar,0,87,108,1,196,0,50,201,1,252,0,137,309,2,448,139,0,139,587
12/11/2020,APA,CO,ANM,WE,Towers with Radar,0,71,59,2,132,0,0,2,0,2,0,71,61,2,134,0,0,0,134
12/12/2020,APA,CO,ANM,WE,Towers with Radar,0,55,53,2,110,0,7,40,0,47,0,62,93,2,157,104,0,104,261
12/13/2020,APA,CO,ANM,WE,Towers with Radar,0,74,87,0,161,0,32,196,0,228,0,106,283,0,389,195,0,195,584
12/14/2020,APA,CO,ANM,WE,Towers with Radar,2,86,101,0,189,0,29,159,1,189,2,115,260,1,378,426,0,426,804
12/15/2020,APA,CO,ANM,WE,Towers with Radar,0,76,68,0,144,0,32,65,0,97,0,108,133,0,241,216,0,216,457
12/16/2020,APA,CO,ANM,WE,Towers with Radar,0,94,90,1,185,0,78,211,5,294,0,172,301,6,479,429,0,429,908
12/17/2020,APA,CO,ANM,WE,Towers with Radar,0,93,137,1,231,0,57,266,2,325,0,150,403,3,556,670,0,670,1226
12/18/2020,APA,CO,ANM,WE,Towers with Radar,0,103,112,5,220,0,2,19,1,22,0,105,131,6,242,114,0,114,356
12/19/2020,APA,CO,ANM,WE,Towers with Radar,0,87,116,1,204,0,36,205,0,241,0,123,321,1,445,209,0,209,654
12/20/2020,APA,CO,ANM,WE,Towers with Radar,1,70,75,0,146,0,26,153,1,180,1,96,228,1,326,299,0,299,625
12/21/2020,APA,CO,ANM,WE,Towers with Radar,0,61,104,10,175,0,50,325,6,381,0,111,429,16,556,680,0,680,1236
12/22/2020,APA,CO,ANM,WE,Towers with Radar,0,110,130,3,243,0,21,184,6,211,0,131,314,9,454,277,0,277,731
12/23/2020,APA,CO,ANM,WE,Towers with Radar,0,90,124,6,220,0,13,48,0,61,0,103,172,6,281,44,0,44,325
12/24/2020,APA,CO,ANM,WE,Towers with Radar,0,46,46,0,92,0,19,158,1,178,0,65,204,1,270,250,0,250,520
12/25/2020,APA,CO,ANM,WE,Towers with Radar,0,35,21,0,56,0,18,99,0,117,0,53,120,0,173,190,0,190,363
12/26/2020,APA,CO,ANM,WE,Towers with Radar,0,96,131,0,227,0,28,337,0,365,0,124,468,0,592,449,0,449,1041
12/27/2020,APA,CO,ANM,WE,Towers with Radar,0,107,153,0,260,0,19,227,1,247,0,126,380,1,507,363,0,363,870
12/28/2020,APA,CO,ANM,WE,Towers with Radar,0,99,85,0,184,0,1,8,0,9,0,100,93,0,193,9,0,9,202
12/29/2020,APA,CO,ANM,WE,Towers with Radar,0,118,87,7,212,0,17,56,0,73,0,135,143,7,285,145,0,145,430
12/30/2020,APA,CO,ANM,WE,Towers with Radar,0,104,91,2,197,0,54,313,0,367,0,158,404,2,564,461,0,461,1025
12/31/2020,APA,CO,ANM,WE,Towers with Radar,0,82,66,0,148,0,30,352,0,382,0,112,418,0,530,489,0,489,1019
01/01/2021,APA,CO,ANM,WE,Towers with Radar,0,62,58,0,120,0,19,124,0,143,0,81,182,0,263,250,0,250,513
01/02/2021,APA,CO,ANM,WE,Towers with Radar,0,93,128,0,221,0,11,240,0,251,0,104,368,0,472,268,0,268,740
01/03/2021,APA,CO,ANM,WE,Towers with Radar,0,117,144,0,261,0,11,273,0,284,0,128,417,0,545,348,0,348,893
01/04/2021,APA,CO,ANM,WE,Towers with Radar,0,84,126,2,212,0,58,318,0,376,0,142,444,2,588,488,0,488,1076
01/05/2021,APA,CO,ANM,WE,Towers with Radar,0,81,89,0,170,0,32,120,0,152,0,113,209,0,322,243,0,243,565
01/06/2021,APA,CO,ANM,WE,Towers with Radar,0,65,105,7,177,0,65,295,4,364,0,130,400,11,541,664,0,664,1205
01/07/2021,APA,CO,ANM,WE,Towers with Radar,0,75,113,5,193,0,69,310,1,380,0,144,423,6,573,725,0,725,1298
01/08/2021,APA,CO,ANM,WE,Towers with Radar,0,78,115,5,198,0,61,350,2,413,0,139,465,7,611,541,0,541,1152
01/09/2021,APA,CO,ANM,WE,Towers with Radar,0,77,43,0,120,0,1,7,0,8,0,78,50,0,128,2,0,2,130
01/10/2021,APA,CO,ANM,WE,Towers with Radar,0,73,100,0,173,0,26,120,1,147,0,99,220,1,320,363,0,363,683
01/11/2021,APA,CO,ANM,WE,Towers with Radar,0,83,89,6,178,0,74,243,0,317,0,157,332,6,495,618,0,618,1113
01/12/2021,APA,CO,ANM,WE,Towers with Radar,0,91,66,4,161,0,61,303,1,365,0,152,369,5,526,732,0,732,1258
01/13/2021,APA,CO,ANM,WE,Towers with Radar,0,73,89,6,168,0,46,184,1,231,0,119,273,7,399,260,0,260,659
01/14/2021,APA,CO,ANM,WE,Towers with Radar,0,78,77,1,156,0,19,54,0,73,0,97,131,1,229,31,0,31,260
01/15/2021,APA,CO,ANM,WE,Towers with Radar,0,69,109,6,184,0,59,284,5,348,0,128,393,11,532,663,7,670,1202
01/16/2021,APA,CO,ANM,WE,Towers with Radar,0,69,58,4,131,0,25,319,1,345,0,94,377,5,476,451,0,451,927
01/17/2021,APA,CO,ANM,WE,Towers with Radar,0,60,96,1,157,0,40,254,0,294,0,100,350,1,451,341,0,341,792
01/18/2021,APA,CO,ANM,WE,Towers with Radar,0,78,106,0,184,0,37,93,0,130,0,115,199,0,314,417,0,417,731
01/19/2021,APA,CO,ANM,WE,Towers with Radar,0,70,93,10,173,1,62,243,4,310,1,132,336,14,483,662,12,674,1157
01/20/2021,APA,CO,ANM,WE,Towers with Radar,0,64,90,14,168,0,35,206,2,243,0,99,296,16,411,348,0,348,759
01/21/2021,APA,CO,ANM,WE,Towers with Radar,0,80,91,7,178,0,80,285,10,375,0,160,376,17,553,569,13,582,1135
01/22/2021,APA,CO,ANM,WE,Towers with Radar,0,62,102,3,167,0,64,329,5,398,0,126,431,8,565,602,0,602,1167
01/23/2021,APA,CO,ANM,WE,Towers with Radar,0,70,57,0,127,0,20,207,6,233,0,90,264,6,360,408,1,409,769
01/24/2021,APA,CO,ANM,WE,Towers with Radar,0,66,67,5,138,0,18,151,0,169,0,84,218,5,307,417,0,417,724
01/25/2021,APA,CO,ANM,WE,Towers with Radar,0,72,86,3,161,0,21,52,4,77,0,93,138,7,238,197,14,211,449
01/26/2021,APA,CO,ANM,WE,Towers with Radar,0,57,48,1,106,0,0,0,0,0,0,57,48,1,106,0,0,0,106
01/27/2021,APA,CO,ANM,WE,Towers with Radar,0,84,134,5,223,0,56,264,7,327,0,140,398,12,550,19,0,19,569
01/28/2021,APA,CO,ANM,WE,Towers with Radar,0,61,135,6,202,0,49,207,4,260,0,110,342,10,462,0,0,0,462
01/29/2021,APA,CO,ANM,WE,Towers with Radar,0,72,121,20,213,0,35,154,0,189,0,107,275,20,402,21,0,21,423
01/30/2021,APA,CO,ANM,WE,Towers with Radar,0,45,75,7,127,0,18,87,1,106,0,63,162,8,233,2,0,2,235
01/31/2021,APA,CO,ANM,WE,Towers with Radar,0,64,106,4,174,0,20,227,0,247,0,84,333,4,421,18,0,18,439
02/01/2021,APA,CO,ANM,WE,Towers with Radar,1,67,123,3,194,0,34,170,5,209,1,101,293,8,403,24,0,24,427
02/02/2021,APA,CO,ANM,WE,Towers with Radar,0,58,119,3,180,0,53,211,0,264,0,111,330,3,444,2,0,2,446
02/03/2021,APA,CO,ANM,WE,Towers with Radar,0,74,97,4,175,0,28,77,1,106,0,102,174,5,281,23,0,23,304
02/04/2021,APA,CO,ANM,WE,Towers with Radar,0,75,99,12,186,0,38,103,1,142,0,113,202,13,328,162,0,162,490
02/05/2021,APA,CO,ANM,WE,Towers with Radar,0,75,103,4,182,0,68,249,1,318,0,143,352,5,500,581,0,581,1081
02/06/2021,APA,CO,ANM,WE,Towers with Radar,0,60,86,0,146,0,32,148,1,181,0,92,234,1,327,195,0,195,522
02/07/2021,APA,CO,ANM,WE,Towers with Radar,0,70,80,5,155,0,3,32,0,35,0,73,112,5,190,32,5,37,227
02/08/2021,APA,CO,ANM,WE,Towers with Radar,0,70,105,4,179,0,32,157,0,189,0,102,262,4,368,482,0,482,850
02/09/2021,APA,CO,ANM,WE,Towers with Radar,0,71,108,6,185,0,37,193,3,233,0,108,301,9,418,768,14,782,1200
02/10/2021,APA,CO,ANM,WE,Towers with Radar,0,114,134,4,252,0,25,109,0,134,0,139,243,4,386,478,0,478,864
02/11/2021,APA,CO,ANM,WE,Towers with Radar,0,94,138,5,237,0,32,162,7,201,0,126,300,12,438,538,2,540,978
02/12/2021,APA,CO,ANM,WE,Towers with Radar,1,94,135,1,231,0,3,22,0,25,1,97,157,1,256,85,0,85,341
02/13/2021,APA,CO,ANM,WE,Towers with Radar,0,70,86,2,158,0,0,0,1,1,0,70,86,3,159,18,0,18,177
02/14/2021,APA,CO,ANM,WE,Towers with Radar,0,71,66,1,138,0,7,9,0,16,0,78,75,1,154,13,0,13,167
02/15/2021,APA,CO,ANM,WE,Towers with Radar,0,69,121,1,191,0,52,176,1,229,0,121,297,2,420,411,0,411,831
02/16/2021,APA,CO,ANM,WE,Towers with Radar,0,104,117,6,227,0,45,172,4,221,0,149,289,10,448,503,0,503,951
02/17/2021,APA,CO,ANM,WE,Towers with Radar,0,88,99,0,187,0,7,30,0,37,0,95,129,0,224,184,0,184,408
02/18/2021,APA,CO,ANM,WE,Towers with Radar,0,89,114,5,208,0,60,196,4,260,0,149,310,9,468,397,9,406,874
02/19/2021,APA,CO,ANM,WE,Towers with Radar,0,95,123,5,223,0,49,198,0,247,0,144,321,5,470,263,0,263,733
02/20/2021,APA,CO,ANM,WE,Towers with Radar,0,74,94,0,168,0,27,226,7,260,0,101,320,7,428,224,2,226,654
02/21/2021,APA,CO,ANM,WE,Towers with Radar,0,85,115,4,204,0,20,151,0,171,0,105,266,4,375,137,0,137,512
02/22/2021,APA,CO,ANM,WE,Towers with Radar,0,87,105,5,197,0,64,225,5,294,0,151,330,10,491,440,0,440,931
02/23/2021,APA,CO,ANM,WE,Towers with Radar,0,84,93,5,182,0,39,294,5,338,0,123,387,10,520,527,6,533,1053
02/24/2021,APA,CO,ANM,WE,Towers with Radar,0,84,92,7,183,0,18,119,2,139,0,102,211,9,322,436,0,436,758
02/25/2021,APA,CO,ANM,WE,Towers with Radar,0,79,119,2,200,0,31,101,0,132,0,110,220,2,332,151,0,151,483
02/26/2021,APA,CO,ANM,WE,Towers with Radar,0,79,127,0,206,0,53,215,1,269,0,132,342,1,475,467,4,471,946
02/27/2021,APA,CO,ANM,WE,Towers with Radar,0,72,70,2,144,0,27,141,4,172,0,99,211,6,316,403,0,403,719
02/28/2021,APA,CO,ANM,WE,Towers with Radar,0,69,143,0,212,0,41,314,1,356,0,110,457,1,568,638,0,638,1206
03/01/2021,APA,CO,ANM,WE,Towers with Radar,0,75,109,14,198,0,65,324,4,393,0,140,433,18,591,721,0,721,1312
03/02/2021,APA,CO,ANM,WE,Towers with Radar,0,73,117,7,197,0,69,307,6,382,0,142,424,13,579,642,2,644,1223
03/03/2021,APA,CO,ANM,WE,Towers with Radar,0,83,127,4,214,0,97,356,14,467,0,180,483,18,681,673,4,677,1358
03/04/2021,APA,CO,ANM,WE,Towers with Radar,0,88,81,0,169,0,11,33,0,44,0,99,114,0,213,113,0,113,326
03/05/2021,APA,CO,ANM,WE,Towers with Radar,0,91,136,11,238,0,69,379,5,453,0,160,515,16,691,541,0,541,1232
03/06/2021,APA,CO,ANM,WE,Towers with Radar,0,72,75,3,150,0,21,313,0,334,0,93,388,3,484,461,0,461,945
03/07/2021,APA,CO,ANM,WE,Towers with Radar,0,89,100,7,196,0,28,230,0,258,0,117,330,7,454,372,0,372,826
03/08/2021,APA,CO,ANM,WE,Towers with Radar,0,70,107,4,181,0,43,226,2,271,0,113,333,6,452,499,0,499,951
03/09/2021,APA,CO,ANM,WE,Towers with Radar,0,78,107,0,185,0,40,238,6,284,0,118,345,6,469,416,0,416,885
03/10/2021,APA,CO,ANM,WE,Towers with Radar,0,99,134,2,235,0,9,56,1,66,0,108,190,3,301,116,0,116,417
03/11/2021,APA,CO,ANM,WE,Towers with Radar,1,124,159,3,287,0,34,78,2,114,1,158,237,5,401,252,0,252,653
03/12/2021,APA,CO,ANM,WE,Towers with Radar,0,121,124,4,249,0,11,19,0,30,0,132,143,4,279,52,0,52,331
03/13/2021,APA,CO,ANM,WE,Towers with Radar,0,14,14,0,28,0,0,0,0,0,0,14,14,0,28,0,0,0,28
03/14/2021,APA,CO,ANM,WE,Towers with Radar,0,0,0,0,0,0,0,0,0,0,0,0,0,0,0,0,0,0,0
03/15/2021,APA,CO,ANM,WE,Towers with Radar,0,95,154,3,252,0,29,9,0,38,0,124,163,3,290,8,0,8,298
03/16/2021,APA,CO,ANM,WE,Towers with Radar,0,92,101,2,195,0,6,28,0,34,0,98,129,2,229,54,0,54,283
03/17/2021,APA,CO,ANM,WE,Towers with Radar,0,93,100,1,194,0,44,111,1,156,0,137,211,2,350,373,0,373,723
03/18/2021,APA,CO,ANM,WE,Towers with Radar,0,77,130,4,211,0,75,290,0,365,0,152,420,4,576,539,0,539,1115
03/19/2021,APA,CO,ANM,WE,Towers with Radar,0,82,154,3,239,0,73,340,8,421,0,155,494,11,660,734,0,734,1394
03/20/2021,APA,CO,ANM,WE,Towers with Radar,0,99,128,1,228,0,42,211,2,255,0,141,339,3,483,230,0,230,713
03/21/2021,APA,CO,ANM,WE,Towers with Radar,0,103,128,3,234,0,25,88,0,113,0,128,216,3,347,252,0,252,599
03/22/2021,APA,CO,ANM,WE,Towers with Radar,1,72,77,0,150,0,18,20,0,38,1,90,97,0,188,248,0,248,436
03/23/2021,APA,CO,ANM,WE,Towers with Radar,0,94,79,6,179,0,33,82,2,117,0,127,161,8,296,337,6,343,639
03/24/2021,APA,CO,ANM,WE,Towers with Radar,0,84,97,6,187,0,41,76,2,119,0,125,173,8,306,216,0,216,522
03/25/2021,APA,CO,ANM,WE,Towers with Radar,0,84,153,6,243,0,77,385,0,462,0,161,538,6,705,723,0,723,1428
03/26/2021,APA,CO,ANM,WE,Towers with Radar,0,91,133,4,228,0,55,208,0,263,0,146,341,4,491,642,0,642,1133
03/27/2021,APA,CO,ANM,WE,Towers with Radar,0,82,119,5,206,0,37,260,0,297,0,119,379,5,503,378,0,378,881
03/28/2021,APA,CO,ANM,WE,Towers with Radar,0,71,126,4,201,0,45,290,1,336,0,116,416,5,537,413,0,413,950
03/29/2021,APA,CO,ANM,WE,Towers with Radar,0,73,85,6,164,0,15,63,0,78,0,88,148,6,242,140,0,140,382
03/30/2021,APA,CO,ANM,WE,Towers with Radar,0,76,84,2,162,0,13,29,0,42,0,89,113,2,204,127,0,127,331
03/31/2021,APA,CO,ANM,WE,Towers with Radar,0,89,130,10,229,0,71,337,10,418,0,160,467,20,647,747,0,747,1394
04/01/2021,APA,CO,ANM,WE,Towers with Radar,0,68,121,4,193,0,72,412,3,487,0,140,533,7,680,828,0,828,1508
04/02/2021,APA,CO,ANM,WE,Towers with Radar,0,78,123,16,217,0,74,315,7,396,0,152,438,23,613,569,12,581,1194
04/03/2021,APA,CO,ANM,WE,Towers with Radar,0,73,74,3,150,0,45,401,0,446,0,118,475,3,596,532,0,532,1128
04/04/2021,APA,CO,ANM,WE,Towers with Radar,0,66,84,0,150,0,26,195,10,231,0,92,279,10,381,212,0,212,593
04/05/2021,APA,CO,ANM,WE,Towers with Radar,1,85,122,7,215,0,32,175,0,207,1,117,297,7,422,286,0,286,708
04/06/2021,APA,CO,ANM,WE,Towers with Radar,0,86,111,3,200,0,30,95,12,137,0,116,206,15,337,229,14,243,580
04/07/2021,APA,CO,ANM,WE,Towers with Radar,0,96,130,5,231,0,51,166,11,228,0,147,296,16,459,462,10,472,931
04/08/2021,APA,CO,ANM,WE,Towers with Radar,0,90,143,3,236,0,65,256,16,337,0,155,399,19,573,513,0,513,1086
04/09/2021,APA,CO,ANM,WE,Towers with Radar,0,81,107,10,198,0,33,114,5,152,0,114,221,15,350,352,0,352,702
04/10/2021,APA,CO,ANM,WE,Towers with Radar,0,77,69,2,148,0,74,417,1,492,0,151,486,3,640,663,0,663,1303
04/11/2021,APA,CO,ANM,WE,Towers with Radar,0,77,109,4,190,0,31,162,1,194,0,108,271,5,384,275,0,275,659
04/12/2021,APA,CO,ANM,WE,Towers with Radar,0,73,108,6,187,0,95,260,14,369,0,168,368,20,556,695,6,701,1257
04/13/2021,APA,CO,ANM,WE,Towers with Radar,0,90,76,1,167,0,77,109,1,187,0,167,185,2,354,546,0,546,900
04/14/2021,APA,CO,ANM,WE,Towers with Radar,0,97,147,6,250,0,49,125,7,181,0,146,272,13,431,450,0,450,881
04/15/2021,APA,CO,ANM,WE,Towers with Radar,0,69,86,0,155,0,6,13,0,19,0,75,99,0,174,59,0,59,233
04/16/2021,APA,CO,ANM,WE,Towers with Radar,0,95,70,2,167,0,13,26,0,39,0,108,96,2,206,67,0,67,273
04/17/2021,APA,CO,ANM,WE,Towers with Radar,0,53,77,1,131,0,35,99,1,135,0,88,176,2,266,216,0,216,482
04/18/2021,APA,CO,ANM,WE,Towers with Radar,0,67,95,5,167,0,70,252,4,326,0,137,347,9,493,623,6,629,1122
04/19/2021,APA,CO,ANM,WE,Towers with Radar,0,52,82,0,134,0,11,15,0,26,0,63,97,0,160,27,0,27,187
04/20/2021,APA,CO,ANM,WE,Towers with Radar,0,73,118,8,199,0,87,206,5,298,0,160,324,13,497,539,4,543,1040
04/21/2021,APA,CO,ANM,WE,Towers with Radar,0,100,129,1,230,0,10,54,0,64,0,110,183,1,294,267,0,267,561
04/22/2021,APA,CO,ANM,WE,Towers with Radar,1,98,123,9,231,0,66,200,3,269,1,164,323,12,500,617,8,625,1125
04/23/2021,APA,CO,ANM,WE,Towers with Radar,0,77,107,12,196,0,94,282,13,389,0,171,389,25,585,550,1,551,1136
04/24/2021,APA,CO,ANM,WE,Towers with Radar,0,63,91,15,169,0,51,270,13,334,0,114,361,28,503,615,8,623,1126
04/25/2021,APA,CO,ANM,WE,Towers with Radar,0,91,92,9,192,0,35,190,8,233,0,126,282,17,425,268,0,268,693
04/26/2021,APA,CO,ANM,WE,Towers with Radar,0,88,98,7,193,0,50,176,10,236,0,138,274,17,429,320,0,320,749
04/27/2021,APA,CO,ANM,WE,Towers with Radar,0,90,108,5,203,0,45,111,2,158,0,135,219,7,361,486,0,486,847
04/28/2021,APA,CO,ANM,WE,Towers with Radar,0,81,116,3,200,0,46,127,0,173,0,127,243,3,373,447,0,447,820
04/29/2021,APA,CO,ANM,WE,Towers with Radar,0,88,150,15,253,0,99,413,12,524,0,187,563,27,777,877,21,898,1675
04/30/2021,APA,CO,ANM,WE,Towers with Radar,0,78,103,15,196,0,89,437,12,538,0,167,540,27,734,889,10,899,1633
05/01/2021,APA,CO,ANM,WE,Towers with Radar,0,67,81,7,155,0,34,341,2,377,0,101,422,9,532,428,0,428,960
05/02/2021,APA,CO,ANM,WE,Towers with Radar,0,60,99,3,162,0,20,131,1,152,0,80,230,4,314,216,0,216,530
05/03/2021,APA,CO,ANM,WE,Towers with Radar,0,73,79,3,155,0,2,0,0,2,0,75,79,3,157,0,0,0,157
05/04/2021,APA,CO,ANM,WE,Towers with Radar,0,85,111,8,204,0,43,160,2,205,0,128,271,10,409,611,0,611,1020
05/05/2021,APA,CO,ANM,WE,Towers with Radar,0,87,107,8,202,0,46,240,5,291,0,133,347,13,493,605,0,605,1098
05/06/2021,APA,CO,ANM,WE,Towers with Radar,0,93,125,5,223,0,70,396,12,478,0,163,521,17,701,586,0,586,1287
05/07/2021,APA,CO,ANM,WE,Towers with Radar,0,86,72,10,168,0,84,357,3,444,0,170,429,13,612,745,10,755,1367
05/08/2021,APA,CO,ANM,WE,Towers with Radar,0,59,68,4,131,0,45,167,5,217,0,104,235,9,348,228,0,228,576
05/09/2021,APA,CO,ANM,WE,Towers with Radar,0,84,80,2,166,0,6,27,0,33,0,90,107,2,199,34,0,34,233
05/10/2021,APA,CO,ANM,WE,Towers with Radar,0,98,99,0,197,0,3,20,0,23,0,101,119,0,220,195,0,195,415
05/11/2021,APA,CO,ANM,WE,Towers with Radar,0,101,92,4,197,0,1,4,0,5,0,102,96,4,202,25,0,25,227
05/12/2021,APA,CO,ANM,WE,Towers with Radar,2,86,153,5,246,0,74,302,2,378,2,160,455,7,624,285,0,285,909
05/13/2021,APA,CO,ANM,WE,Towers with Radar,0,86,133,5,224,0,63,316,2,381,0,149,449,7,605,801,2,803,1408
05/14/2021,APA,CO,ANM,WE,Towers with Radar,0,92,119,6,217,0,39,324,8,371,0,131,443,14,588,659,0,659,1247
05/15/2021,APA,CO,ANM,WE,Towers with Radar,0,76,95,10,181,0,24,151,6,181,0,100,246,16,362,323,0,323,685
05/16/2021,APA,CO,ANM,WE,Towers with Radar,0,107,161,6,274,0,0,9,0,9,0,107,170,6,283,4,0,4,287
05/17/2021,APA,CO,ANM,WE,Towers with Radar,0,75,126,6,207,0,20,73,1,94,0,95,199,7,301,214,0,214,515
05/18/2021,APA,CO,ANM,WE,Towers with Radar,1,101,131,6,239,0,7,36,2,45,1,108,167,8,284,144,2,146,430
05/19/2021,APA,CO,ANM,WE,Towers with Radar,0,82,141,6,229,0,67,240,1,308,0,149,381,7,537,545,5,550,1087
05/20/2021,APA,CO,ANM,WE,Towers with Radar,0,107,125,13,245,0,40,285,0,325,0,147,410,13,570,3,0,3,573
05/21/2021,APA,CO,ANM,WE,Towers with Radar,0,89,100,10,199,0,19,104,2,125,0,108,204,12,324,12,0,12,336
05/22/2021,APA,CO,ANM,WE,Towers with Radar,1,74,75,5,155,0,11,213,5,229,1,85,288,10,384,54,0,54,438
05/23/2021,APA,CO,ANM,WE,Towers with Radar,0,91,94,3,188,0,13,56,0,69,0,104,150,3,257,0,0,0,257
05/24/2021,APA,CO,ANM,WE,Towers with Radar,0,87,115,12,214,0,57,357,1,415,0,144,472,13,629,380,0,380,1009
05/25/2021,APA,CO,ANM,WE,Towers with Radar,0,89,146,8,243,0,81,323,2,406,0,170,469,10,649,427,8,435,1084
05/26/2021,APA,CO,ANM,WE,Towers with Radar,0,114,135,34,283,0,75,294,9,378,0,189,429,43,661,429,0,429,1090
05/27/2021,APA,CO,ANM,WE,Towers with Radar,0,117,154,12,283,0,42,299,16,357,0,159,453,28,640,366,14,380,1020
05/28/2021,APA,CO,ANM,WE,Towers with Radar,0,99,150,30,279,0,68,352,3,423,0,167,502,33,702,450,0,450,1152
05/29/2021,APA,CO,ANM,WE,Towers with Radar,0,46,71,2,119,0,22,244,3,269,0,68,315,5,388,326,0,326,714
05/30/2021,APA,CO,ANM,WE,Towers with Radar,0,54,44,0,98,0,0,0,0,0,0,54,44,0,98,0,0,0,98
05/31/2021,APA,CO,ANM,WE,Towers with Radar,0,89,155,0,244,0,18,54,1,73,0,107,209,1,317,107,0,107,424
06/01/2021,APA,CO,ANM,WE,Towers with Radar,0,87,126,9,222,0,54,219,3,276,0,141,345,12,498,432,0,432,930
06/02/2021,APA,CO,ANM,WE,Towers with Radar,0,80,144,6,230,0,53,308,11,372,0,133,452,17,602,604,10,614,1216
06/03/2021,APA,CO,ANM,WE,Towers with Radar,1,101,101,3,206,0,55,381,5,441,1,156,482,8,647,503,0,503,1150
06/04/2021,APA,CO,ANM,WE,Towers with Radar,0,68,133,17,218,0,79,475,14,568,0,147,608,31,786,373,10,383,1169
06/05/2021,APA,CO,ANM,WE,Towers with Radar,0,71,83,23,177,0,33,275,18,326,0,104,358,41,503,354,39,393,896
06/06/2021,APA,CO,ANM,WE,Towers with Radar,0,100,105,15,220,0,33,203,9,245,0,133,308,24,465,278,0,278,743
06/07/2021,APA,CO,ANM,WE,Towers with Radar,0,80,134,10,224,0,38,257,1,296,0,118,391,11,520,470,0,470,990
06/08/2021,APA,CO,ANM,WE,Towers with Radar,0,95,112,8,215,0,46,309,16,371,0,141,421,24,586,438,5,443,1029
06/09/2021,APA,CO,ANM,WE,Towers with Radar,0,80,144,7,231,0,52,377,2,431,0,132,521,9,662,577,0,577,1239
06/10/2021,APA,CO,ANM,WE,Towers with Radar,0,115,170,8,293,0,57,243,33,333,0,172,413,41,626,372,0,372,998
06/11/2021,APA,CO,ANM,WE,Towers with Radar,0,112,133,7,252,0,62,340,21,423,0,174,473,28,675,353,6,359,1034
06/12/2021,APA,CO,ANM,WE,Towers with Radar,0,88,118,13,219,0,51,279,1,331,0,139,397,14,550,276,0,276,826
06/13/2021,APA,CO,ANM,WE,Towers with Radar,0,87,131,9,227,0,39,260,3,302,0,126,391,12,529,319,0,319,848
06/14/2021,APA,CO,ANM,WE,Towers with Radar,0,87,151,5,243,0,61,251,5,317,0,148,402,10,560,569,3,572,1132
06/15/2021,APA,CO,ANM,WE,Towers with Radar,0,100,132,2,234,0,63,274,7,344,0,163,406,9,578,474,2,476,1054
06/16/2021,APA,CO,ANM,WE,Towers with Radar,0,96,153,4,253,0,61,248,4,313,0,157,401,8,566,373,0,373,939
06/17/2021,APA,CO,ANM,WE,Towers with Radar,1,120,162,10,293,0,53,308,4,365,1,173,470,14,658,363,2,365,1023
06/18/2021,APA,CO,ANM,WE,Towers with Radar,0,89,112,13,214,0,53,333,6,392,0,142,445,19,606,475,0,475,1081
06/19/2021,APA,CO,ANM,WE,Towers with Radar,0,62,84,3,149,0,47,346,10,403,0,109,430,13,552,419,2,421,973
06/20/2021,APA,CO,ANM,WE,Towers with Radar,0,72,107,14,193,0,33,222,6,261,0,105,329,20,454,327,0,327,781
06/21/2021,APA,CO,ANM,WE,Towers with Radar,0,77,171,11,259,0,27,182,0,209,0,104,353,11,468,732,0,732,1200
06/22/2021,APA,CO,ANM,WE,Towers with Radar,0,100,106,10,216,0,56,304,5,365,0,156,410,15,581,585,2,587,1168
06/23/2021,APA,CO,ANM,WE,Towers with Radar,0,126,143,11,280,0,61,373,3,437,0,187,516,14,717,429,0,429,1146
06/24/2021,APA,CO,ANM,WE,Towers with Radar,0,109,137,4,250,0,55,238,5,298,0,164,375,9,548,515,5,520,1068
06/25/2021,APA,CO,ANM,WE,Towers with Radar,1,97,131,9,238,0,49,259,0,308,1,146,390,9,546,423,0,423,969
06/26/2021,APA,CO,ANM,WE,Towers with Radar,0,77,103,8,188,0,11,100,5,116,0,88,203,13,304,286,3,289,593
06/27/2021,APA,CO,ANM,WE,Towers with Radar,0,90,156,4,250,0,36,155,1,192,0,126,311,5,442,348,0,348,790
06/28/2021,APA,CO,ANM,WE,Towers with Radar,0,91,112,7,210,0,39,260,2,301,0,130,372,9,511,566,0,566,1077
06/29/2021,APA,CO,ANM,WE,Towers with Radar,0,91,109,3,203,0,48,246,1,295,0,139,355,4,498,493,0,493,991
06/30/2021,APA,CO,ANM,WE,Towers with Radar,0,108,134,7,249,0,42,313,1,356,0,150,447,8,605,159,0,159,764
07/01/2021,APA,CO,ANM,WE,Towers with Radar,0,97,168,9,274,0,41,203,10,254,0,138,371,19,528,374,2,376,904
07/02/2021,APA,CO,ANM,WE,Towers with Radar,0,104,172,9,285,0,57,304,3,364,0,161,476,12,649,302,0,302,951
07/03/2021,APA,CO,ANM,WE,Towers with Radar,0,76,95,2,173,0,44,282,2,328,0,120,377,4,501,326,0,326,827
07/04/2021,APA,CO,ANM,WE,Towers with Radar,0,62,55,4,121,0,28,179,2,209,0,90,234,6,330,294,0,294,624
07/05/2021,APA,CO,ANM,WE,Towers with Radar,0,94,139,2,235,0,50,244,4,298,0,144,383,6,533,389,4,393,926
07/06/2021,APA,CO,ANM,WE,Towers with Radar,0,85,124,14,223,0,55,241,6,302,0,140,365,20,525,681,0,681,1206
07/07/2021,APA,CO,ANM,WE,Towers with Radar,0,71,130,6,207,0,63,325,1,389,0,134,455,7,596,536,0,536,1132
07/08/2021,APA,CO,ANM,WE,Towers with Radar,0,106,126,5,237,0,58,300,2,360,0,164,426,7,597,524,0,524,1121
07/09/2021,APA,CO,ANM,WE,Towers with Radar,0,79,146,9,234,0,68,369,15,452,0,147,515,24,686,391,0,391,1077
07/10/2021,APA,CO,ANM,WE,Towers with Radar,0,78,109,8,195,0,38,306,9,353,0,116,415,17,548,294,3,297,845
07/11/2021,APA,CO,ANM,WE,Towers with Radar,0,108,176,14,298,0,38,264,2,304,0,146,440,16,602,265,0,265,867
07/12/2021,APA,CO,ANM,WE,Towers with Radar,0,112,151,8,271,0,37,224,10,271,0,149,375,18,542,513,0,513,1055
07/13/2021,APA,CO,ANM,WE,Towers with Radar,0,121,153,15,289,0,23,182,3,208,0,144,335,18,497,370,0,370,867
07/14/2021,APA,CO,ANM,WE,Towers with Radar,0,136,182,8,326,0,59,270,0,329,0,195,452,8,655,399,0,399,1054
07/15/2021,APA,CO,ANM,WE,Towers with Radar,0,118,150,16,284,0,69,300,8,377,0,187,450,24,661,407,1,408,1069
07/16/2021,APA,CO,ANM,WE,Towers with Radar,1,95,149,26,271,0,48,320,11,379,1,143,469,37,650,373,10,383,1033
07/17/2021,APA,CO,ANM,WE,Towers with Radar,0,58,88,5,151,0,34,262,1,297,0,92,350,6,448,204,0,204,652
07/18/2021,APA,CO,ANM,WE,Towers with Radar,1,88,145,10,244,0,33,227,6,266,1,121,372,16,510,317,0,317,827
07/19/2021,APA,CO,ANM,WE,Towers with Radar,0,81,156,11,248,0,52,236,4,292,0,133,392,15,540,525,0,525,1065
07/20/2021,APA,CO,ANM,WE,Towers with Radar,0,107,150,6,263,0,65,258,1,324,0,172,408,7,587,454,0,454,1041
07/21/2021,APA,CO,ANM,WE,Towers with Radar,0,86,153,10,249,0,34,250,5,289,0,120,403,15,538,382,4,386,924
07/22/2021,APA,CO,ANM,WE,Towers with Radar,1,101,107,15,224,0,50,303,5,358,1,151,410,20,582,400,2,402,984
07/23/2021,APA,CO,ANM,WE,Towers with Radar,0,91,142,23,256,0,36,247,9,292,0,127,389,32,548,395,12,407,955
07/24/2021,APA,CO,ANM,WE,Towers with Radar,0,90,93,4,187,0,44,189,2,235,0,134,282,6,422,377,2,379,801
07/25/2021,APA,CO,ANM,WE,Towers with Radar,0,95,147,6,248,0,20,246,6,272,0,115,393,12,520,178,0,178,698
07/26/2021,APA,CO,ANM,WE,Towers with Radar,1,100,127,8,236,0,61,240,10,311,1,161,367,18,547,623,6,629,1176
07/27/2021,APA,CO,ANM,WE,Towers with Radar,0,114,140,9,263,0,59,296,4,359,0,173,436,13,622,555,0,555,1177
07/28/2021,APA,CO,ANM,WE,Towers with Radar,0,101,151,16,268,0,42,244,6,292,0,143,395,22,560,401,4,405,965
07/29/2021,APA,CO,ANM,WE,Towers with Radar,0,107,145,13,265,0,71,240,6,317,0,178,385,19,582,481,4,485,1067
07/30/2021,APA,CO,ANM,WE,Towers with Radar,0,98,161,14,273,0,50,304,5,359,0,148,465,19,632,212,0,212,844
07/31/2021,APA,CO,ANM,WE,Towers with Radar,0,80,124,3,207,0,16,96,1,113,0,96,220,4,320,159,0,159,479
08/01/2021,APA,CO,ANM,WE,Towers with Radar,0,107,166,2,275,1,19,100,0,120,1,126,266,2,395,358,0,358,753
08/02/2021,APA,CO,ANM,WE,Towers with Radar,0,139,165,5,309,0,67,215,1,283,0,206,380,6,592,329,0,329,921
08/03/2021,APA,CO,ANM,WE,Towers with Radar,0,101,110,6,217,0,52,255,1,308,0,153,365,7,525,463,0,463,988
08/04/2021,APA,CO,ANM,WE,Towers with Radar,0,111,141,10,262,0,56,263,10,329,0,167,404,20,591,544,4,548,1139
08/05/2021,APA,CO,ANM,WE,Towers with Radar,0,102,169,10,281,0,79,476,7,562,0,181,645,17,843,598,0,598,1441
08/06/2021,APA,CO,ANM,WE,Towers with Radar,0,108,156,11,275,0,65,183,3,251,0,173,339,14,526,309,0,309,835
08/07/2021,APA,CO,ANM,WE,Towers with Radar,0,92,127,13,232,0,30,188,0,218,0,122,315,13,450,213,0,213,663
08/08/2021,APA,CO,ANM,WE,Towers with Radar,0,133,159,10,302,0,36,105,5,146,0,169,264,15,448,174,0,174,622
08/09/2021,APA,CO,ANM,WE,Towers with Radar,0,133,160,4,297,0,67,185,4,256,0,200,345,8,553,341,0,341,894
08/10/2021,APA,CO,ANM,WE,Towers with Radar,0,102,128,15,245,0,54,221,4,279,0,156,349,19,524,345,0,345,869
08/11/2021,APA,CO,ANM,WE,Towers with Radar,0,115,175,9,299,0,74,287,4,365,0,189,462,13,664,498,0,498,1162
08/12/2021,APA,CO,ANM,WE,Towers with Radar,0,104,147,8,259,0,61,291,20,372,0,165,438,28,631,419,14,433,1064
08/13/2021,APA,CO,ANM,WE,Towers with Radar,0,102,151,14,267,0,41,326,3,370,0,143,477,17,637,164,6,170,807
08/14/2021,APA,CO,ANM,WE,Towers with Radar,0,74,102,7,183,0,29,218,2,249,0,103,320,9,432,240,2,242,674
08/15/2021,APA,CO,ANM,WE,Towers with Radar,0,115,149,8,272,0,26,262,3,291,0,141,411,11,563,282,0,282,845
08/16/2021,APA,CO,ANM,WE,Towers with Radar,0,100,149,12,261,2,54,242,3,301,2,154,391,15,562,503,0,503,1065
08/17/2021,APA,CO,ANM,WE,Towers with Radar,0,113,133,12,258,0,60,230,0,290,0,173,363,12,548,354,0,354,902
08/18/2021,APA,CO,ANM,WE,Towers with Radar,0,110,164,18,292,0,50,245,6,301,0,160,409,24,593,407,10,417,1010
08/19/2021,APA,CO,ANM,WE,Towers with Radar,0,125,168,10,303,0,28,127,3,158,0,153,295,13,461,332,0,332,793
08/20/2021,APA,CO,ANM,WE,Towers with Radar,0,89,148,11,248,0,63,258,15,336,0,152,406,26,584,547,2,549,1133
08/21/2021,APA,CO,ANM,WE,Towers with Radar,0,79,91,5,175,0,32,195,2,229,0,111,286,7,404,163,4,167,571
08/22/2021,APA,CO,ANM,WE,Towers with Radar,0,90,138,10,238,0,69,274,1,344,0,159,412,11,582,440,0,440,1022
08/23/2021,APA,CO,ANM,WE,Towers with Radar,1,85,132,9,227,0,49,252,2,303,1,134,384,11,530,641,0,641,1171
08/24/2021,APA,CO,ANM,WE,Towers with Radar,0,101,137,8,246,0,58,303,2,363,0,159,440,10,609,485,0,485,1094
08/25/2021,APA,CO,ANM,WE,Towers with Radar,0,89,150,6,245,0,56,302,2,360,0,145,452,8,605,451,0,451,1056
08/26/2021,APA,CO,ANM,WE,Towers with Radar,1,119,133,15,268,0,53,210,5,268,1,172,343,20,536,442,0,442,978
08/27/2021,APA,CO,ANM,WE,Towers with Radar,0,94,150,25,269,0,56,283,13,352,0,150,433,38,621,378,13,391,1012
08/28/2021,APA,CO,ANM,WE,Towers with Radar,0,60,81,13,154,0,47,296,7,350,0,107,377,20,504,262,2,264,768
08/29/2021,APA,CO,ANM,WE,Towers with Radar,0,77,131,22,230,0,36,199,16,251,0,113,330,38,481,397,0,397,878
08/30/2021,APA,CO,ANM,WE,Towers with Radar,0,91,129,10,230,0,52,256,6,314,0,143,385,16,544,518,2,520,1064
08/31/2021,APA,CO,ANM,WE,Towers with Radar,0,90,141,12,243,0,51,213,3,267,0,141,354,15,510,467,0,467,977
09/01/2021,APA,CO,ANM,WE,Towers with Radar,0,104,136,8,248,0,48,166,1,215,0,152,302,9,463,369,0,369,832
09/02/2021,APA,CO,ANM,WE,Towers with Radar,0,114,124,13,251,0,97,225,2,324,0,211,349,15,575,609,0,609,1184
09/03/2021,APA,CO,ANM,WE,Towers with Radar,0,98,141,4,243,0,44,192,0,236,0,142,333,4,479,338,0,338,817
09/04/2021,APA,CO,ANM,WE,Towers with Radar,0,62,75,2,139,0,28,324,2,354,0,90,399,4,493,407,0,407,900
09/05/2021,APA,CO,ANM,WE,Towers with Radar,0,57,78,4,139,0,38,257,3,298,0,95,335,7,437,454,0,454,891
09/06/2021,APA,CO,ANM,WE,Towers with Radar,0,98,171,5,274,0,44,321,0,365,0,142,492,5,639,617,0,617,1256
09/07/2021,APA,CO,ANM,WE,Towers with Radar,0,118,145,7,270,0,64,318,12,394,0,182,463,19,664,720,0,720,1384
09/08/2021,APA,CO,ANM,WE,Towers with Radar,0,96,104,7,207,0,88,317,3,408,0,184,421,10,615,550,0,550,1165
09/09/2021,APA,CO,ANM,WE,Towers with Radar,0,106,152,10,268,0,77,256,2,335,0,183,408,12,603,620,0,620,1223
09/10/2021,APA,CO,ANM,WE,Towers with Radar,0,104,142,6,252,0,77,265,7,349,0,181,407,13,601,370,0,370,971
09/11/2021,APA,CO,ANM,WE,Towers with Radar,0,98,88,12,198,0,44,226,4,274,0,142,314,16,472,346,0,346,818
09/12/2021,APA,CO,ANM,WE,Towers with Radar,0,117,185,12,314,0,25,188,0,213,0,142,373,12,527,133,0,133,660
09/13/2021,APA,CO,ANM,WE,Towers with Radar,0,84,107,8,199,0,35,198,1,234,0,119,305,9,433,433,0,433,866
09/14/2021,APA,CO,ANM,WE,Towers with Radar,0,111,121,5,237,0,56,201,1,258,0,167,322,6,495,307,0,307,802
09/15/2021,APA,CO,ANM,WE,Towers with Radar,0,116,169,4,289,0,69,320,12,401,0,185,489,16,690,474,0,474,1164
09/16/2021,APA,CO,ANM,WE,Towers with Radar,0,104,136,2,242,0,102,279,4,385,0,206,415,6,627,350,2,352,979
09/17/2021,APA,CO,ANM,WE,Towers with Radar,0,115,184,5,304,0,42,214,2,258,0,157,398,7,562,502,6,508,1070
09/18/2021,APA,CO,ANM,WE,Towers with Radar,1,72,97,2,172,0,46,248,2,296,1,118,345,4,468,405,2,407,875
09/19/2021,APA,CO,ANM,WE,Towers with Radar,0,91,134,3,228,0,31,212,0,243,0,122,346,3,471,252,0,252,723
09/20/2021,APA,CO,ANM,WE,Towers with Radar,0,99,137,6,242,0,68,171,4,243,0,167,308,10,485,473,0,473,958
09/21/2021,APA,CO,ANM,WE,Towers with Radar,1,88,141,2,232,0,84,323,7,414,1,172,464,9,646,707,2,709,1355
09/22/2021,APA,CO,ANM,WE,Towers with Radar,0,88,162,8,258,0,62,350,2,414,0,150,512,10,672,613,0,613,1285
09/23/2021,APA,CO,ANM,WE,Towers with Radar,1,122,176,5,304,0,87,311,4,402,1,209,487,9,706,619,0,619,1325
09/24/2021,APA,CO,ANM,WE,Towers with Radar,0,88,116,6,210,0,93,376,11,480,0,181,492,17,690,444,0,444,1134
09/25/2021,APA,CO,ANM,WE,Towers with Radar,0,66,107,1,174,0,62,347,1,410,0,128,454,2,584,407,0,407,991
09/26/2021,APA,CO,ANM,WE,Towers with Radar,0,96,161,4,261,0,28,230,0,258,0,124,391,4,519,367,0,367,886
09/27/2021,APA,CO,ANM,WE,Towers with Radar,0,96,128,8,232,0,41,199,13,253,0,137,327,21,485,259,0,259,744
09/28/2021,APA,CO,ANM,WE,Towers with Radar,0,78,128,3,209,0,49,213,11,273,0,127,341,14,482,315,1,316,798
09/29/2021,APA,CO,ANM,WE,Towers with Radar,0,92,129,5,226,0,45,156,3,204,0,137,285,8,430,326,0,326,756
09/30/2021,APA,CO,ANM,WE,Towers with Radar,0,104,168,6,278,0,35,162,2,199,0,139,330,8,477,757,0,757,1234
10/01/2021,APA,CO,ANM,WE,Towers with Radar,0,120,170,18,308,0,38,250,2,290,0,158,420,20,598,542,8,550,1148
10/02/2021,APA,CO,ANM,WE,Towers with Radar,0,69,94,2,165,0,46,275,0,321,0,115,369,2,486,552,0,552,1038
10/03/2021,APA,CO,ANM,WE,Towers with Radar,0,109,140,5,254,0,50,207,11,268,0,159,347,16,522,390,0,390,912
10/04/2021,APA,CO,ANM,WE,Towers with Radar,0,107,128,4,239,0,35,236,0,271,0,142,364,4,510,529,0,529,1039
10/05/2021,APA,CO,ANM,WE,Towers with Radar,1,91,130,7,229,0,42,229,0,271,1,133,359,7,500,411,0,411,911
10/06/2021,APA,CO,ANM,WE,Towers with Radar,0,98,125,9,232,0,48,266,0,314,0,146,391,9,546,344,0,344,890
10/07/2021,APA,CO,ANM,WE,Towers with Radar,0,104,132,3,239,0,71,315,2,388,0,175,447,5,627,605,2,607,1234
10/08/2021,APA,CO,ANM,WE,Towers with Radar,0,75,168,5,248,0,43,234,4,281,0,118,402,9,529,384,5,389,918
10/09/2021,APA,CO,ANM,WE,Towers with Radar,1,63,72,4,140,0,13,77,0,90,1,76,149,4,230,175,0,175,405
10/10/2021,APA,CO,ANM,WE,Towers with Radar,0,71,107,1,179,0,34,238,2,274,0,105,345,3,453,410,0,410,863
10/11/2021,APA,CO,ANM,WE,Towers with Radar,0,84,133,0,217,0,49,153,1,203,0,133,286,1,420,235,0,235,655
10/12/2021,APA,CO,ANM,WE,Towers with Radar,0,105,116,5,226,0,24,105,1,130,0,129,221,6,356,292,0,292,648
10/13/2021,APA,CO,ANM,WE,Towers with Radar,0,111,153,4,268,0,48,217,1,266,0,159,370,5,534,408,0,408,942
10/14/2021,APA,CO,ANM,WE,Towers with Radar,0,106,156,13,275,0,66,202,9,277,0,172,358,22,552,328,3,331,883
10/15/2021,APA,CO,ANM,WE,Towers with Radar,0,106,143,13,262,0,52,148,7,207,0,158,291,20,469,137,0,137,606
10/16/2021,APA,CO,ANM,WE,Towers with Radar,0,88,79,5,172,0,94,332,10,436,0,182,411,15,608,230,0,230,838
10/17/2021,APA,CO,ANM,WE,Towers with Radar,0,112,156,8,276,0,44,238,2,284,0,156,394,10,560,384,0,384,944
10/18/2021,APA,CO,ANM,WE,Towers with Radar,0,111,114,11,236,0,54,217,4,275,0,165,331,15,511,383,0,383,894
10/19/2021,APA,CO,ANM,WE,Towers with Radar,0,105,133,5,243,0,55,108,1,164,0,160,241,6,407,300,0,300,707
10/20/2021,APA,CO,ANM,WE,Towers with Radar,0,88,144,9,241,0,69,302,4,375,0,157,446,13,616,448,0,448,1064
10/21/2021,APA,CO,ANM,WE,Towers with Radar,0,98,152,9,259,0,59,331,10,400,0,157,483,19,659,605,0,605,1264
10/22/2021,APA,CO,ANM,WE,Towers with Radar,0,84,153,9,246,0,50,269,7,326,0,134,422,16,572,459,0,459,1031
10/23/2021,APA,CO,ANM,WE,Towers with Radar,0,78,83,5,166,0,44,250,2,296,0,122,333,7,462,374,0,374,836
10/24/2021,APA,CO,ANM,WE,Towers with Radar,0,84,167,3,254,0,18,224,0,242,0,102,391,3,496,363,0,363,859
10/25/2021,APA,CO,ANM,WE,Towers with Radar,0,100,139,2,241,0,57,176,4,237,0,157,315,6,478,319,0,319,797
10/26/2021,APA,CO,ANM,WE,Towers with Radar,0,97,107,7,211,0,17,33,2,52,0,114,140,9,263,35,0,35,298
10/27/2021,APA,CO,ANM,WE,Towers with Radar,0,107,117,11,235,0,53,92,6,151,0,160,209,17,386,106,0,106,492
10/28/2021,APA,CO,ANM,WE,Towers with Radar,0,83,134,5,222,0,61,325,6,392,0,144,459,11,614,640,0,640,1254
10/29/2021,APA,CO,ANM,WE,Towers with Radar,0,82,108,12,202,0,68,319,4,391,0,150,427,16,593,594,0,594,1187
10/30/2021,APA,CO,ANM,WE,Towers with Radar,0,79,90,5,174,0,49,257,5,311,0,128,347,10,485,430,0,430,915
10/31/2021,APA,CO,ANM,WE,Towers with Radar,0,74,116,3,193,0,15,40,0,55,0,89,156,3,248,268,0,268,516
11/01/2021,APA,CO,ANM,WE,Towers with Radar,0,95,106,6,207,0,2,15,0,17,0,97,121,6,224,0,0,0,224
11/02/2021,APA,CO,ANM,WE,Towers with Radar,0,88,119,3,210,0,3,10,0,13,0,91,129,3,223,101,0,101,324
11/03/2021,APA,CO,ANM,WE,Towers with Radar,0,87,133,8,228,0,65,264,4,333,0,152,397,12,561,598,0,598,1159
11/04/2021,APA,CO,ANM,WE,Towers with Radar,0,79,139,4,222,0,66,289,9,364,0,145,428,13,586,560,2,562,1148
11/05/2021,APA,CO,ANM,WE,Towers with Radar,0,71,130,18,219,0,71,291,7,369,0,142,421,25,588,574,2,576,1164
11/06/2021,APA,CO,ANM,WE,Towers with Radar,0,57,84,4,145,0,39,313,1,353,0,96,397,5,498,325,0,325,823
11/07/2021,APA,CO,ANM,WE,Towers with Radar,0,96,115,5,216,0,54,263,6,323,0,150,378,11,539,400,0,400,939
11/08/2021,APA,CO,ANM,WE,Towers with Radar,0,85,118,6,209,0,63,214,2,279,0,148,332,8,488,567,0,567,1055
11/09/2021,APA,CO,ANM,WE,Towers with Radar,0,83,126,11,220,0,60,235,2,297,0,143,361,13,517,599,0,599,1116
11/10/2021,APA,CO,ANM,WE,Towers with Radar,0,79,147,2,228,0,20,71,4,95,0,99,218,6,323,73,0,73,396
11/11/2021,APA,CO,ANM,WE,Towers with Radar,0,90,113,4,207,0,40,138,2,180,0,130,251,6,387,159,0,159,546
11/12/2021,APA,CO,ANM,WE,Towers with Radar,0,94,137,10,241,0,58,237,0,295,0,152,374,10,536,384,0,384,920
11/13/2021,APA,CO,ANM,WE,Towers with Radar,0,67,87,6,160,0,21,85,3,109,0,88,172,9,269,144,0,144,413
11/14/2021,APA,CO,ANM,WE,Towers with Radar,0,76,124,9,209,0,32,157,9,198,0,108,281,18,407,404,0,404,811
11/15/2021,APA,CO,ANM,WE,Towers with Radar,0,80,161,20,261,0,51,243,13,307,0,131,404,33,568,413,4,417,985
11/16/2021,APA,CO,ANM,WE,Towers with Radar,0,92,146,8,246,0,39,128,4,171,0,131,274,12,417,269,0,269,686
11/17/2021,APA,CO,ANM,WE,Towers with Radar,0,96,138,5,239,0,64,243,13,320,0,160,381,18,559,424,4,428,987
11/18/2021,APA,CO,ANM,WE,Towers with Radar,0,105,128,6,239,0,63,316,3,382,0,168,444,9,621,557,2,559,1180
11/19/2021,APA,CO,ANM,WE,Towers with Radar,0,104,159,14,277,0,42,266,4,312,0,146,425,18,589,303,2,305,894
11/20/2021,APA,CO,ANM,WE,Towers with Radar,0,95,126,1,222,0,29,190,4,223,0,124,316,5,445,335,2,337,782
11/21/2021,APA,CO,ANM,WE,Towers with Radar,0,64,118,2,184,1,35,269,6,311,1,99,387,8,495,389,0,389,884
11/22/2021,APA,CO,ANM,WE,Towers with Radar,0,104,109,6,219,0,60,320,6,386,0,164,429,12,605,505,0,505,1110
11/23/2021,APA,CO,ANM,WE,Towers with Radar,0,124,136,0,260,0,51,242,9,302,0,175,378,9,562,439,0,439,1001
11/24/2021,APA,CO,ANM,WE,Towers with Radar,0,104,136,0,240,0,21,58,8,87,0,125,194,8,327,143,0,143,470
11/25/2021,APA,CO,ANM,WE,Towers with Radar,0,51,26,0,77,0,29,106,0,135,0,80,132,0,212,180,0,180,392
11/26/2021,APA,CO,ANM,WE,Towers with Radar,0,56,58,2,116,0,45,215,2,262,0,101,273,4,378,429,2,431,809
11/27/2021,APA,CO,ANM,WE,Towers with Radar,0,103,128,0,231,0,30,240,6,276,0,133,368,6,507,299,0,299,806
11/28/2021,APA,CO,ANM,WE,Towers with Radar,0,109,201,1,311,0,51,292,3,346,0,160,493,4,657,326,0,326,983
11/29/2021,APA,CO,ANM,WE,Towers with Radar,0,103,121,4,228,0,60,276,7,343,0,163,397,11,571,489,0,489,1060
11/30/2021,APA,CO,ANM,WE,Towers with Radar,0,105,151,7,263,0,82,304,7,393,0,187,455,14,656,546,0,546,1202
12/01/2021,APA,CO,ANM,WE,Towers with Radar,0,79,140,4,223,0,78,288,10,376,0,157,428,14,599,534,4,538,1137
12/02/2021,APA,CO,ANM,WE,Towers with Radar,0,92,168,9,269,0,96,373,8,477,0,188,541,17,746,583,2,585,1331
12/03/2021,APA,CO,ANM,WE,Towers with Radar,0,79,131,19,229,0,48,207,4,259,0,127,338,23,488,498,0,498,986
12/04/2021,APA,CO,ANM,WE,Towers with Radar,0,76,94,6,176,0,40,417,7,464,0,116,511,13,640,390,0,390,1030
12/05/2021,APA,CO,ANM,WE,Towers with Radar,0,65,106,9,180,0,10,64,3,77,0,75,170,12,257,6,0,6,263
12/06/2021,APA,CO,ANM,WE,Towers with Radar,0,109,113,7,229,0,74,251,2,327,0,183,364,9,556,604,0,604,1160
12/07/2021,APA,CO,ANM,WE,Towers with Radar,0,89,125,6,220,0,50,257,6,313,0,139,382,12,533,460,0,460,993
12/08/2021,APA,CO,ANM,WE,Towers with Radar,0,108,120,11,239,0,39,315,12,366,0,147,435,23,605,448,4,452,1057
12/09/2021,APA,CO,ANM,WE,Towers with Radar,0,101,155,2,258,0,54,213,7,274,0,155,368,9,532,323,0,323,855
12/10/2021,APA,CO,ANM,WE,Towers with Radar,0,73,114,2,189,0,11,12,0,23,0,84,126,2,212,38,0,38,250
12/11/2021,APA,CO,ANM,WE,Towers with Radar,0,74,82,2,158,0,52,251,7,310,0,126,333,9,468,370,2,372,840
12/12/2021,APA,CO,ANM,WE,Towers with Radar,0,90,106,0,196,0,14,180,0,194,0,104,286,0,390,252,0,252,642
12/13/2021,APA,CO,ANM,WE,Towers with Radar,0,94,96,5,195,0,56,287,5,348,0,150,383,10,543,437,0,437,980
12/14/2021,APA,CO,ANM,WE,Towers with Radar,0,86,123,5,214,0,42,126,12,180,0,128,249,17,394,175,4,179,573
12/15/2021,APA,CO,ANM,WE,Towers with Radar,0,60,88,2,150,0,2,5,2,9,0,62,93,4,159,2,0,2,161
12/16/2021,APA,CO,ANM,WE,Towers with Radar,0,98,165,4,267,0,66,250,1,317,0,164,415,5,584,418,0,418,1002
12/17/2021,APA,CO,ANM,WE,Towers with Radar,0,101,146,12,259,0,69,296,3,368,0,170,442,15,627,553,0,553,1180
12/18/2021,APA,CO,ANM,WE,Towers with Radar,0,83,135,0,218,0,47,293,9,349,0,130,428,9,567,310,4,314,881
12/19/2021,APA,CO,ANM,WE,Towers with Radar,0,80,143,2,225,0,60,245,1,306,0,140,388,3,531,553,0,553,1084
12/20/2021,APA,CO,ANM,WE,Towers with Radar,0,84,131,0,215,0,59,324,2,385,0,143,455,2,600,643,0,643,1243
12/21/2021,APA,CO,ANM,WE,Towers with Radar,0,98,145,0,243,0,28,220,6,254,0,126,365,6,497,322,0,322,819
12/22/2021,APA,CO,ANM,WE,Towers with Radar,0,97,129,0,226,0,31,222,2,255,0,128,351,2,481,473,0,473,954
12/23/2021,APA,CO,ANM,WE,Towers with Radar,0,79,120,2,201,0,30,183,2,215,0,109,303,4,416,287,0,287,703
12/24/2021,APA,CO,ANM,WE,Towers with Radar,0,72,58,0,130,0,16,71,0,87,0,88,129,0,217,184,0,184,401
12/25/2021,APA,CO,ANM,WE,Towers with Radar,0,77,33,0,110,0,5,48,0,53,0,82,81,0,163,29,0,29,192
12/26/2021,APA,CO,ANM,WE,Towers with Radar,0,103,158,0,261,0,7,38,0,45,0,110,196,0,306,6,0,6,312
12/27/2021,APA,CO,ANM,WE,Towers with Radar,0,110,182,2,294,0,17,145,3,165,0,127,327,5,459,135,0,135,594
12/28/2021,APA,CO,ANM,WE,Towers with Radar,0,140,141,0,281,0,34,201,1,236,0,174,342,1,517,334,0,334,851
12/29/2021,APA,CO,ANM,WE,Towers with Radar,0,120,125,2,247,0,24,252,0,276,0,144,377,2,523,332,0,332,855
12/30/2021,APA,CO,ANM,WE,Towers with Radar,0,99,127,7,233,0,13,31,1,45,0,112,158,8,278,11,0,11,289
12/31/2021,APA,CO,ANM,WE,Towers with Radar,0,99,79,2,180,0,10,73,0,83,0,109,152,2,263,279,0,279,542
01/01/2022,APA,CO,ANM,WE,Towers with Radar,0,67,66,0,133,0,0,3,0,3,0,67,69,0,136,0,0,0,136
01/02/2022,APA,CO,ANM,WE,Towers with Radar,0,119,192,2,313,0,10,101,0,111,0,129,293,2,424,44,0,44,468
01/03/2022,APA,CO,ANM,WE,Towers with Radar,0,90,149,0,239,0,33,238,5,276,0,123,387,5,515,317,2,319,834
01/04/2022,APA,CO,ANM,WE,Towers with Radar,0,82,103,5,190,0,19,54,5,78,0,101,157,10,268,126,0,126,394
01/05/2022,APA,CO,ANM,WE,Towers with Radar,0,73,92,2,167,0,22,66,0,88,0,95,158,2,255,150,0,150,405
01/06/2022,APA,CO,ANM,WE,Towers with Radar,0,99,69,4,172,0,31,67,1,99,0,130,136,5,271,150,0,150,421
01/07/2022,APA,CO,ANM,WE,Towers with Radar,0,96,126,5,227,0,43,139,9,191,0,139,265,14,418,220,0,220,638
01/08/2022,APA,CO,ANM,WE,Towers with Radar,0,93,93,4,190,0,22,158,0,180,0,115,251,4,370,169,52,221,591
01/09/2022,APA,CO,ANM,WE,Towers with Radar,0,79,125,3,207,0,18,235,2,255,0,97,360,5,462,221,0,221,683
01/10/2022,APA,CO,ANM,WE,Towers with Radar,0,65,99,7,171,0,45,268,12,325,0,110,367,19,496,546,0,546,1042
01/11/2022,APA,CO,ANM,WE,Towers with Radar,0,85,82,0,167,0,66,293,1,360,0,151,375,1,527,588,0,588,1115
01/12/2022,APA,CO,ANM,WE,Towers with Radar,0,80,113,6,199,0,62,320,2,384,0,142,433,8,583,601,0,601,1184
01/13/2022,APA,CO,ANM,WE,Towers with Radar,0,83,159,5,247,0,51,326,6,383,0,134,485,11,630,473,0,473,1103
01/14/2022,APA,CO,ANM,WE,Towers with Radar,0,88,112,0,200,0,19,34,2,55,0,107,146,2,255,54,0,54,309
01/15/2022,APA,CO,ANM,WE,Towers with Radar,0,73,72,3,148,0,47,203,1,251,0,120,275,4,399,314,0,314,713
01/16/2022,APA,CO,ANM,WE,Towers with Radar,0,48,90,1,139,0,40,237,2,279,0,88,327,3,418,429,8,437,855
01/17/2022,APA,CO,ANM,WE,Towers with Radar,0,90,153,8,251,0,40,307,1,348,0,130,460,9,599,315,0,315,914
01/18/2022,APA,CO,ANM,WE,Towers with Radar,0,76,112,7,195,0,61,230,4,295,0,137,342,11,490,563,0,563,1053
01/19/2022,APA,CO,ANM,WE,Towers with Radar,0,61,79,1,141,0,0,1,0,1,0,61,80,1,142,0,0,0,142
01/20/2022,APA,CO,ANM,WE,Towers with Radar,0,107,139,8,254,0,44,182,7,233,0,151,321,15,487,590,0,590,1077
01/21/2022,APA,CO,ANM,WE,Towers with Radar,0,67,101,5,173,0,8,39,1,48,0,75,140,6,221,156,0,156,377
01/22/2022,APA,CO,ANM,WE,Towers with Radar,0,64,72,12,148,88,54,97,0,239,88,118,169,12,387,232,0,232,619
01/23/2022,APA,CO,ANM,WE,Towers with Radar,0,75,120,3,198,0,43,252,3,298,0,118,372,6,496,473,0,473,969
01/24/2022,APA,CO,ANM,WE,Towers with Radar,0,86,121,9,216,0,24,238,1,263,0,110,359,10,479,454,0,454,933
01/25/2022,APA,CO,ANM,WE,Towers with Radar,0,77,80,0,157,0,3,4,0,7,0,80,84,0,164,0,0,0,164
01/26/2022,APA,CO,ANM,WE,Towers with Radar,0,96,138,4,238,0,33,222,1,256,0,129,360,5,494,218,0,218,712
01/27/2022,APA,CO,ANM,WE,Towers with Radar,0,102,93,1,196,0,8,14,0,22,0,110,107,1,218,76,0,76,294
01/28/2022,APA,CO,ANM,WE,Towers with Radar,0,79,139,3,221,0,73,287,6,366,0,152,426,9,587,424,12,436,1023
01/29/2022,APA,CO,ANM,WE,Towers with Radar,0,50,93,0,143,0,44,319,5,368,0,94,412,5,511,343,3,346,857
01/30/2022,APA,CO,ANM,WE,Towers with Radar,0,81,125,1,207,0,40,265,5,310,0,121,390,6,517,403,1,404,921
01/31/2022,APA,CO,ANM,WE,Towers with Radar,0,63,98,5,166,0,44,193,6,243,0,107,291,11,409,541,0,541,950
02/01/2022,APA,CO,ANM,WE,Towers with Radar,0,92,85,2,179,0,34,98,3,135,0,126,183,5,314,327,2,329,643
02/02/2022,APA,CO,ANM,WE,Towers with Radar,0,69,64,0,133,0,0,0,0,0,0,69,64,0,133,0,0,0,133
02/03/2022,APA,CO,ANM,WE,Towers with Radar,0,98,114,1,213,0,54,128,2,184,0,152,242,3,397,203,0,203,600
02/04/2022,APA,CO,ANM,WE,Towers with Radar,0,85,133,5,223,0,61,231,7,299,0,146,364,12,522,556,0,556,1078
02/05/2022,APA,CO,ANM,WE,Towers with Radar,0,71,69,0,140,0,30,205,3,238,0,101,274,3,378,280,0,280,658
02/06/2022,APA,CO,ANM,WE,Towers with Radar,0,92,129,3,224,0,41,255,4,300,0,133,384,7,524,497,2,499,1023
02/07/2022,APA,CO,ANM,WE,Towers with Radar,0,70,138,4,212,0,51,286,5,342,0,121,424,9,554,573,2,575,1129
02/08/2022,APA,CO,ANM,WE,Towers with Radar,0,82,106,9,197,0,31,205,2,238,0,113,311,11,435,362,2,364,799
02/09/2022,APA,CO,ANM,WE,Towers with Radar,0,96,168,5,269,0,57,214,7,278,0,153,382,12,547,484,0,484,1031
02/10/2022,APA,CO,ANM,WE,Towers with Radar,0,107,150,3,260,0,75,321,8,404,0,182,471,11,664,370,0,370,1034
02/11/2022,APA,CO,ANM,WE,Towers with Radar,0,77,103,4,184,2,12,26,2,42,2,89,129,6,226,167,0,167,393
02/12/2022,APA,CO,ANM,WE,Towers with Radar,0,76,85,2,163,0,36,172,1,209,0,112,257,3,372,53,2,55,427
02/13/2022,APA,CO,ANM,WE,Towers with Radar,0,71,87,0,158,10,43,252,1,306,10,114,339,1,464,394,0,394,858
02/14/2022,APA,CO,ANM,WE,Towers with Radar,0,86,115,7,208,0,64,279,8,351,0,150,394,15,559,531,0,531,1090
02/15/2022,APA,CO,ANM,WE,Towers with Radar,0,85,127,6,218,0,73,314,4,391,0,158,441,10,609,614,0,614,1223
02/16/2022,APA,CO,ANM,WE,Towers with Radar,0,83,103,0,186,0,7,37,2,46,0,90,140,2,232,55,0,55,287
02/17/2022,APA,CO,ANM,WE,Towers with Radar,0,126,174,2,302,0,84,221,2,307,0,210,395,4,609,407,0,407,1016
02/18/2022,APA,CO,ANM,WE,Towers with Radar,0,89,156,6,251,0,65,341,6,412,0,154,497,12,663,499,12,511,1174
02/19/2022,APA,CO,ANM,WE,Towers with Radar,0,54,78,0,132,0,60,408,5,473,0,114,486,5,605,344,6,350,955
02/20/2022,APA,CO,ANM,WE,Towers with Radar,0,77,124,4,205,0,39,257,3,299,0,116,381,7,504,442,2,444,948
02/21/2022,APA,CO,ANM,WE,Towers with Radar,0,108,173,1,282,0,19,121,1,141,0,127,294,2,423,164,0,164,587
02/22/2022,APA,CO,ANM,WE,Towers with Radar,0,85,101,2,188,0,1,1,1,3,0,86,102,3,191,0,0,0,191
02/23/2022,APA,CO,ANM,WE,Towers with Radar,0,101,113,0,214,0,6,18,0,24,0,107,131,0,238,43,0,43,281
02/24/2022,APA,CO,ANM,WE,Towers with Radar,0,85,127,7,219,0,67,136,5,208,0,152,263,12,427,392,2,394,821
02/25/2022,APA,CO,ANM,WE,Towers with Radar,0,93,168,15,276,0,81,223,6,310,0,174,391,21,586,370,0,370,956
02/26/2022,APA,CO,ANM,WE,Towers with Radar,0,76,116,2,194,0,43,283,0,326,0,119,399,2,520,591,0,591,1111
02/27/2022,APA,CO,ANM,WE,Towers with Radar,0,93,153,4,250,0,58,302,5,365,0,151,455,9,615,523,4,527,1142
02/28/2022,APA,CO,ANM,WE,Towers with Radar,0,69,137,4,210,0,46,291,12,349,0,115,428,16,559,622,2,624,1183
03/01/2022,APA,CO,ANM,WE,Towers with Radar,0,81,134,6,221,0,56,238,11,305,0,137,372,17,526,589,0,589,1115
03/02/2022,APA,CO,ANM,WE,Towers with Radar,0,88,140,3,231,0,48,315,2,365,0,136,455,5,596,626,21,647,1243
03/03/2022,APA,CO,ANM,WE,Towers with Radar,0,92,159,9,260,0,84,357,7,448,0,176,516,16,708,604,2,606,1314
03/04/2022,APA,CO,ANM,WE,Towers with Radar,0,96,180,3,279,0,54,219,0,273,0,150,399,3,552,361,0,361,913
03/05/2022,APA,CO,ANM,WE,Towers with Radar,0,75,83,0,158,0,1,3,0,4,0,76,86,0,162,0,0,0,162
03/06/2022,APA,CO,ANM,WE,Towers with Radar,0,76,100,0,176,0,0,0,0,0,0,76,100,0,176,0,0,0,176
03/07/2022,APA,CO,ANM,WE,Towers with Radar,0,99,125,4,228,0,33,122,3,158,0,132,247,7,386,416,0,416,802
03/08/2022,APA,CO,ANM,WE,Towers with Radar,0,112,162,4,278,0,64,315,3,382,0,176,477,7,660,405,6,411,1071
03/09/2022,APA,CO,ANM,WE,Towers with Radar,0,92,119,2,213,0,2,0,0,2,0,94,119,2,215,0,0,0,215
03/10/2022,APA,CO,ANM,WE,Towers with Radar,0,88,133,3,224,0,12,31,0,43,0,100,164,3,267,139,2,141,408
03/11/2022,APA,CO,ANM,WE,Towers with Radar,1,94,166,9,270,0,74,266,3,343,1,168,432,12,613,405,0,405,1018
03/12/2022,APA,CO,ANM,WE,Towers with Radar,0,77,143,2,222,0,32,219,2,253,0,109,362,4,475,155,0,155,630
03/13/2022,APA,CO,ANM,WE,Towers with Radar,0,64,138,3,205,0,44,305,1,350,0,108,443,4,555,332,0,332,887
03/14/2022,APA,CO,ANM,WE,Towers with Radar,0,88,112,9,209,0,73,227,4,304,0,161,339,13,513,453,0,453,966
03/15/2022,APA,CO,ANM,WE,Towers with Radar,0,80,156,3,239,0,67,407,4,478,0,147,563,7,717,592,0,592,1309
03/16/2022,APA,CO,ANM,WE,Towers with Radar,0,96,155,6,257,0,34,170,4,208,0,130,325,10,465,457,4,461,926
03/17/2022,APA,CO,ANM,WE,Towers with Radar,0,85,107,4,196,0,2,7,0,9,0,87,114,4,205,19,0,19,224
03/18/2022,APA,CO,ANM,WE,Towers with Radar,0,101,156,8,265,0,77,283,1,361,0,178,439,9,626,567,0,567,1193
03/19/2022,APA,CO,ANM,WE,Towers with Radar,0,79,162,2,243,0,44,381,1,426,0,123,543,3,669,502,0,502,1171
03/20/2022,APA,CO,ANM,WE,Towers with Radar,0,93,181,9,283,0,22,130,0,152,0,115,311,9,435,195,0,195,630
03/21/2022,APA,CO,ANM,WE,Towers with Radar,0,86,83,6,175,0,3,5,0,8,0,89,88,6,183,44,0,44,227
03/22/2022,APA,CO,ANM,WE,Towers with Radar,0,96,110,0,206,0,19,29,0,48,0,115,139,0,254,93,0,93,347
03/23/2022,APA,CO,ANM,WE,Towers with Radar,0,80,108,4,192,0,21,35,4,60,0,101,143,8,252,142,0,142,394
03/24/2022,APA,CO,ANM,WE,Towers with Radar,0,81,160,20,261,0,80,282,8,370,0,161,442,28,631,487,7,494,1125
03/25/2022,APA,CO,ANM,WE,Towers with Radar,0,74,142,6,222,0,72,337,9,418,0,146,479,15,640,556,0,556,1196
03/26/2022,APA,CO,ANM,WE,Towers with Radar,0,83,126,11,220,0,55,282,4,341,0,138,408,15,561,49,0,49,610
03/27/2022,APA,CO,ANM,WE,Towers with Radar,0,83,153,0,236,0,56,294,5,355,0,139,447,5,591,322,2,324,915
03/28/2022,APA,CO,ANM,WE,Towers with Radar,0,90,109,9,208,0,68,251,10,329,0,158,360,19,537,530,6,536,1073
03/29/2022,APA,CO,ANM,WE,Towers with Radar,0,89,110,4,203,0,34,42,1,77,0,123,152,5,280,320,0,320,600
03/30/2022,APA,CO,ANM,WE,Towers with Radar,0,114,105,9,228,0,52,114,2,168,0,166,219,11,396,465,0,465,861
03/31/2022,APA,CO,ANM,WE,Towers with Radar,0,108,112,12,232,0,47,256,1,304,0,155,368,13,536,610,0,610,1146
04/01/2022,APA,CO,ANM,WE,Towers with Radar,0,95,115,2,212,0,74,205,1,280,0,169,320,3,492,664,0,664,1156
04/02/2022,APA,CO,ANM,WE,Towers with Radar,0,58,90,6,154,0,60,382,2,444,0,118,472,8,598,532,4,536,1134
04/03/2022,APA,CO,ANM,WE,Towers with Radar,0,92,131,2,225,0,57,178,0,235,0,149,309,2,460,426,0,426,886
04/04/2022,APA,CO,ANM,WE,Towers with Radar,0,81,115,4,200,0,34,210,3,247,0,115,325,7,447,384,0,384,831
04/05/2022,APA,CO,ANM,WE,Towers with Radar,0,79,97,4,180,0,7,24,0,31,0,86,121,4,211,31,0,31,242
04/06/2022,APA,CO,ANM,WE,Towers with Radar,0,87,104,2,193,0,5,37,4,46,0,92,141,6,239,0,0,0,239
04/07/2022,APA,CO,ANM,WE,Towers with Radar,0,98,136,12,246,0,24,83,4,111,0,122,219,16,357,192,0,192,549
04/08/2022,APA,CO,ANM,WE,Towers with Radar,0,78,139,7,224,0,66,464,10,540,0,144,603,17,764,720,0,720,1484
04/09/2022,APA,CO,ANM,WE,Towers with Radar,0,70,86,2,158,0,77,187,0,264,0,147,273,2,422,362,0,362,784
04/10/2022,APA,CO,ANM,WE,Towers with Radar,0,65,120,2,187,0,13,79,0,92,0,78,199,2,279,265,0,265,544
04/11/2022,APA,CO,ANM,WE,Towers with Radar,0,87,127,9,223,0,48,141,7,196,0,135,268,16,419,179,2,181,600
04/12/2022,APA,CO,ANM,WE,Towers with Radar,0,74,103,4,181,0,10,36,0,46,0,84,139,4,227,63,0,63,290
04/13/2022,APA,CO,ANM,WE,Towers with Radar,0,100,117,4,221,0,34,107,6,147,0,134,224,10,368,391,0,391,759
04/14/2022,APA,CO,ANM,WE,Towers with Radar,0,85,141,9,235,0,14,113,2,129,0,99,254,11,364,283,0,283,647
04/15/2022,APA,CO,ANM,WE,Towers with Radar,0,89,125,17,231,0,30,192,7,229,0,119,317,24,460,488,0,488,948
04/16/2022,APA,CO,ANM,WE,Towers with Radar,0,58,64,8,130,0,93,297,0,390,0,151,361,8,520,557,0,557,1077
04/17/2022,APA,CO,ANM,WE,Towers with Radar,0,58,81,4,143,0,24,88,6,118,0,82,169,10,261,244,1,245,506
04/18/2022,APA,CO,ANM,WE,Towers with Radar,0,86,112,4,202,0,52,307,3,362,0,138,419,7,564,746,0,746,1310
04/19/2022,APA,CO,ANM,WE,Towers with Radar,0,89,129,5,223,0,45,240,9,294,0,134,369,14,517,465,9,474,991
04/20/2022,APA,CO,ANM,WE,Towers with Radar,0,100,127,11,238,0,62,230,6,298,0,162,357,17,536,392,6,398,934
04/21/2022,APA,CO,ANM,WE,Towers with Radar,0,91,138,16,245,0,38,134,0,172,0,129,272,16,417,166,0,166,583
04/22/2022,APA,CO,ANM,WE,Towers with Radar,0,65,85,5,155,0,11,46,2,59,0,76,131,7,214,110,0,110,324
04/23/2022,APA,CO,ANM,WE,Towers with Radar,0,54,67,2,123,0,10,45,1,56,0,64,112,3,179,58,0,58,237
04/24/2022,APA,CO,ANM,WE,Towers with Radar,0,80,141,5,226,0,34,206,0,240,0,114,347,5,466,473,1,474,940
04/25/2022,APA,CO,ANM,WE,Towers with Radar,0,75,141,12,228,0,43,276,2,321,0,118,417,14,549,650,0,650,1199
04/26/2022,APA,CO,ANM,WE,Towers with Radar,0,90,134,7,231,0,73,304,13,390,0,163,438,20,621,568,2,570,1191
04/27/2022,APA,CO,ANM,WE,Towers with Radar,0,90,128,1,219,0,60,218,4,282,0,150,346,5,501,262,10,272,773
04/28/2022,APA,CO,ANM,WE,Towers with Radar,0,108,148,2,258,0,50,281,10,341,0,158,429,12,599,211,0,211,810
04/29/2022,APA,CO,ANM,WE,Towers with Radar,0,76,118,18,212,0,27,71,2,100,0,103,189,20,312,307,0,307,619
04/30/2022,APA,CO,ANM,WE,Towers with Radar,0,67,81,5,153,0,46,322,2,370,0,113,403,7,523,426,0,426,949
05/01/2022,APA,CO,ANM,WE,Towers with Radar,0,70,107,6,183,0,29,133,2,164,0,99,240,8,347,49,2,51,398
05/02/2022,APA,CO,ANM,WE,Towers with Radar,0,73,97,7,177,0,1,23,0,24,0,74,120,7,201,186,0,186,387
05/03/2022,APA,CO,ANM,WE,Towers with Radar,0,95,115,10,220,0,76,229,11,316,0,171,344,21,536,870,0,870,1406
05/04/2022,APA,CO,ANM,WE,Towers with Radar,0,105,134,7,246,0,5,10,2,17,0,110,144,9,263,132,0,132,395
05/05/2022,APA,CO,ANM,WE,Towers with Radar,0,93,146,11,250,0,56,289,6,351,0,149,435,17,601,789,0,789,1390
05/06/2022,APA,CO,ANM,WE,Towers with Radar,0,105,106,27,238,0,64,273,7,344,0,169,379,34,582,516,0,516,1098
05/07/2022,APA,CO,ANM,WE,Towers with Radar,0,63,74,5,142,0,48,140,4,192,0,111,214,9,334,201,0,201,535
05/08/2022,APA,CO,ANM,WE,Towers with Radar,0,76,97,7,180,0,24,96,12,132,0,100,193,19,312,73,0,73,385
05/09/2022,APA,CO,ANM,WE,Towers with Radar,0,89,119,4,212,0,20,62,1,83,0,109,181,5,295,113,0,113,408
05/10/2022,APA,CO,ANM,WE,Towers with Radar,0,104,113,5,222,0,63,322,9,394,0,167,435,14,616,683,0,683,1299
05/11/2022,APA,CO,ANM,WE,Towers with Radar,0,79,111,4,194,0,22,156,21,199,0,101,267,25,393,174,0,174,567
05/12/2022,APA,CO,ANM,WE,Towers with Radar,0,91,144,11,246,0,23,48,6,77,0,114,192,17,323,165,0,165,488
05/13/2022,APA,CO,ANM,WE,Towers with Radar,0,68,133,15,216,0,65,276,11,352,0,133,409,26,568,386,0,386,954
05/14/2022,APA,CO,ANM,WE,Towers with Radar,0,58,85,10,153,0,103,435,5,543,0,161,520,15,696,784,0,784,1480
05/15/2022,APA,CO,ANM,WE,Towers with Radar,0,78,142,13,233,3,35,245,3,286,3,113,387,16,519,391,2,393,912
05/16/2022,APA,CO,ANM,WE,Towers with Radar,0,84,109,12,205,0,68,280,4,352,0,152,389,16,557,424,2,426,983
05/17/2022,APA,CO,ANM,WE,Towers with Radar,0,83,107,5,195,0,53,231,5,289,0,136,338,10,484,599,2,601,1085
05/18/2022,APA,CO,ANM,WE,Towers with Radar,0,83,115,15,213,0,44,334,1,379,0,127,449,16,592,385,0,385,977
05/19/2022,APA,CO,ANM,WE,Towers with Radar,0,106,139,6,251,0,40,170,4,214,0,146,309,10,465,565,0,565,1030
05/20/2022,APA,CO,ANM,WE,Towers with Radar,0,80,92,1,173,0,0,0,0,0,0,80,92,1,173,0,0,0,173
05/21/2022,APA,CO,ANM,WE,Towers with Radar,0,81,63,1,145,0,0,4,0,4,0,81,67,1,149,0,0,0,149
05/22/2022,APA,CO,ANM,WE,Towers with Radar,0,84,117,4,205,0,68,235,2,305,0,152,352,6,510,1101,0,1101,1611
05/23/2022,APA,CO,ANM,WE,Towers with Radar,0,82,156,7,245,0,34,244,2,280,0,116,400,9,525,569,0,569,1094
05/24/2022,APA,CO,ANM,WE,Towers with Radar,0,89,122,6,217,0,19,75,0,94,0,108,197,6,311,481,0,481,792
05/25/2022,APA,CO,ANM,WE,Towers with Radar,0,96,135,11,242,0,52,260,3,315,0,148,395,14,557,365,0,365,922
05/26/2022,APA,CO,ANM,WE,Towers with Radar,0,114,142,5,261,0,81,379,1,461,0,195,521,6,722,841,0,841,1563
05/27/2022,APA,CO,ANM,WE,Towers with Radar,0,105,117,5,227,0,57,239,4,300,0,162,356,9,527,388,2,390,917
05/28/2022,APA,CO,ANM,WE,Towers with Radar,0,64,51,8,123,0,30,224,0,254,0,94,275,8,377,360,0,360,737
05/29/2022,APA,CO,ANM,WE,Towers with Radar,0,68,47,1,116,0,35,170,0,205,0,103,217,1,321,313,0,313,634
05/30/2022,APA,CO,ANM,WE,Towers with Radar,0,73,85,2,160,0,62,173,0,235,0,135,258,2,395,256,0,256,651
05/31/2022,APA,CO,ANM,WE,Towers with Radar,0,116,119,4,239,0,39,176,8,223,0,155,295,12,462,399,8,407,869
06/01/2022,APA,CO,ANM,WE,Towers with Radar,0,92,161,9,262,0,15,67,2,84,0,107,228,11,346,364,0,364,710
06/02/2022,APA,CO,ANM,WE,Towers with Radar,0,83,171,7,261,0,45,331,1,377,0,128,502,8,638,120,0,120,758
06/03/2022,APA,CO,ANM,WE,Towers with Radar,0,89,130,5,224,0,57,213,2,272,0,146,343,7,496,44,1,45,541
06/04/2022,APA,CO,ANM,WE,Towers with Radar,0,54,64,7,125,0,40,298,6,344,0,94,362,13,469,56,2,58,527
06/05/2022,APA,CO,ANM,WE,Towers with Radar,0,75,120,2,197,0,55,193,7,255,0,130,313,9,452,90,0,90,542
06/06/2022,APA,CO,ANM,WE,Towers with Radar,0,81,108,7,196,0,44,179,0,223,0,125,287,7,419,62,0,62,481
06/07/2022,APA,CO,ANM,WE,Towers with Radar,0,83,138,0,221,0,27,199,0,226,0,110,337,0,447,198,0,198,645
06/08/2022,APA,CO,ANM,WE,Towers with Radar,0,85,151,3,239,0,57,286,0,343,0,142,437,3,582,653,0,653,1235
06/09/2022,APA,CO,ANM,WE,Towers with Radar,0,103,173,0,276,0,46,283,10,339,0,149,456,10,615,610,9,619,1234
06/10/2022,APA,CO,ANM,WE,Towers with Radar,0,78,105,7,190,0,43,337,6,386,0,121,442,13,576,675,2,677,1253
06/11/2022,APA,CO,ANM,WE,Towers with Radar,0,81,94,5,180,0,46,242,5,293,0,127,336,10,473,361,0,361,834
06/12/2022,APA,CO,ANM,WE,Towers with Radar,0,103,125,7,235,0,36,180,2,218,0,139,305,9,453,376,2,378,831
06/13/2022,APA,CO,ANM,WE,Towers with Radar,0,85,132,7,224,0,31,155,3,189,0,116,287,10,413,192,0,192,605
06/14/2022,APA,CO,ANM,WE,Towers with Radar,0,99,116,9,224,0,58,324,20,402,0,157,440,29,626,600,26,626,1252
06/15/2022,APA,CO,ANM,WE,Towers with Radar,0,121,150,4,275,0,28,292,11,331,0,149,442,15,606,538,8,546,1152
06/16/2022,APA,CO,ANM,WE,Towers with Radar,0,123,144,7,274,0,36,315,7,358,0,159,459,14,632,543,2,545,1177
06/17/2022,APA,CO,ANM,WE,Towers with Radar,0,99,116,18,233,0,44,205,4,253,0,143,321,22,486,381,0,381,867
06/18/2022,APA,CO,ANM,WE,Towers with Radar,0,72,75,9,156,0,39,236,6,281,0,111,311,15,437,293,0,293,730
06/19/2022,APA,CO,ANM,WE,Towers with Radar,0,96,123,2,221,0,20,138,0,158,0,116,261,2,379,163,0,163,542
06/20/2022,APA,CO,ANM,WE,Towers with Radar,0,80,140,8,228,0,54,208,4,266,0,134,348,12,494,295,4,299,793
06/21/2022,APA,CO,ANM,WE,Towers with Radar,0,87,113,3,203,0,33,225,12,270,0,120,338,15,473,307,11,318,791
06/22/2022,APA,CO,ANM,WE,Towers with Radar,0,80,131,6,217,0,65,327,7,399,0,145,458,13,616,652,0,652,1268
06/23/2022,APA,CO,ANM,WE,Towers with Radar,0,84,141,15,240,0,37,240,8,285,0,121,381,23,525,575,2,577,1102
06/24/2022,APA,CO,ANM,WE,Towers with Radar,0,92,134,8,234,0,48,208,7,263,0,140,342,15,497,419,0,419,916
06/25/2022,APA,CO,ANM,WE,Towers with Radar,0,72,124,2,198,0,12,55,1,68,0,84,179,3,266,106,0,106,372
06/26/2022,APA,CO,ANM,WE,Towers with Radar,0,89,173,9,271,0,21,76,0,97,0,110,249,9,368,163,0,163,531
06/27/2022,APA,CO,ANM,WE,Towers with Radar,0,88,123,6,217,0,58,272,2,332,0,146,395,8,549,534,0,534,1083
06/28/2022,APA,CO,ANM,WE,Towers with Radar,1,88,148,4,241,0,56,306,4,366,1,144,454,8,607,477,0,477,1084
06/29/2022,APA,CO,ANM,WE,Towers with Radar,0,92,102,5,199,0,56,205,10,271,0,148,307,15,470,478,0,478,948
06/30/2022,APA,CO,ANM,WE,Towers with Radar,0,105,156,9,270,0,20,213,11,244,0,125,369,20,514,283,2,285,799
07/01/2022,APA,CO,ANM,WE,Towers with Radar,0,92,148,7,247,14,56,207,8,285,14,148,355,15,532,527,3,530,1062
07/02/2022,APA,CO,ANM,WE,Towers with Radar,0,64,89,3,156,0,56,351,4,411,0,120,440,7,567,537,6,543,1110
07/03/2022,APA,CO,ANM,WE,Towers with Radar,0,60,76,6,142,0,30,189,4,223,0,90,265,10,365,291,0,291,656
07/04/2022,APA,CO,ANM,WE,Towers with Radar,0,40,47,6,93,0,31,187,0,218,0,71,234,6,311,295,0,295,606
07/05/2022,APA,CO,ANM,WE,Towers with Radar,0,112,125,9,246,0,59,207,4,270,0,171,332,13,516,559,0,559,1075
07/06/2022,APA,CO,ANM,WE,Towers with Radar,0,82,139,2,223,0,19,142,0,161,0,101,281,2,384,136,0,136,520
07/07/2022,APA,CO,ANM,WE,Towers with Radar,0,98,125,2,225,0,48,259,2,309,0,146,384,4,534,663,0,663,1197
07/08/2022,APA,CO,ANM,WE,Towers with Radar,0,68,124,8,200,0,59,267,1,327,0,127,391,9,527,614,2,616,1143
07/09/2022,APA,CO,ANM,WE,Towers with Radar,0,62,91,2,155,0,43,324,3,370,0,105,415,5,525,432,0,432,957
07/10/2022,APA,CO,ANM,WE,Towers with Radar,0,97,132,4,233,0,19,205,1,225,0,116,337,5,458,321,0,321,779
07/11/2022,APA,CO,ANM,WE,Towers with Radar,0,92,166,7,265,0,29,121,0,150,0,121,287,7,415,511,0,511,926
07/12/2022,APA,CO,ANM,WE,Towers with Radar,0,90,127,5,222,0,47,343,2,392,0,137,470,7,614,647,0,647,1261
07/13/2022,APA,CO,ANM,WE,Towers with Radar,0,98,129,1,228,0,45,293,4,342,0,143,422,5,570,414,0,414,984
07/14/2022,APA,CO,ANM,WE,Towers with Radar,0,100,133,3,236,0,39,230,15,284,0,139,363,18,520,504,7,511,1031
07/15/2022,APA,CO,ANM,WE,Towers with Radar,0,61,135,4,200,0,45,289,3,337,0,106,424,7,537,442,0,442,979
07/16/2022,APA,CO,ANM,WE,Towers with Radar,0,66,107,2,175,0,48,273,0,321,0,114,380,2,496,343,0,343,839
07/17/2022,APA,CO,ANM,WE,Towers with Radar,0,91,133,3,227,0,18,272,5,295,0,109,405,8,522,323,0,323,845
07/18/2022,APA,CO,ANM,WE,Towers with Radar,0,74,137,4,215,0,36,250,7,293,0,110,387,11,508,532,4,536,1044
07/19/2022,APA,CO,ANM,WE,Towers with Radar,0,93,122,12,227,0,47,247,4,298,0,140,369,16,525,430,0,430,955
07/20/2022,APA,CO,ANM,WE,Towers with Radar,0,103,152,8,263,0,41,276,6,323,0,144,428,14,586,457,4,461,1047
07/21/2022,APA,CO,ANM,WE,Towers with Radar,0,89,137,9,235,0,34,340,9,383,0,123,477,18,618,844,1,845,1463
07/22/2022,APA,CO,ANM,WE,Towers with Radar,0,86,127,10,223,0,32,317,6,355,0,118,444,16,578,636,0,636,1214
07/23/2022,APA,CO,ANM,WE,Towers with Radar,0,57,120,4,181,0,17,218,2,237,0,74,338,6,418,351,0,351,769
07/24/2022,APA,CO,ANM,WE,Towers with Radar,0,87,138,2,227,0,33,211,1,245,0,120,349,3,472,375,0,375,847
07/25/2022,APA,CO,ANM,WE,Towers with Radar,0,61,150,5,216,0,32,261,6,299,0,93,411,11,515,601,2,603,1118
07/26/2022,APA,CO,ANM,WE,Towers with Radar,0,90,133,7,230,0,25,287,10,322,0,115,420,17,552,549,3,552,1104
07/27/2022,APA,CO,ANM,WE,Towers with Radar,0,116,177,5,298,0,64,267,0,331,0,180,444,5,629,679,0,679,1308
07/28/2022,APA,CO,ANM,WE,Towers with Radar,0,100,156,0,256,0,15,67,5,87,0,115,223,5,343,389,12,401,744
07/29/2022,APA,CO,ANM,WE,Towers with Radar,0,82,187,15,284,0,28,178,1,207,0,110,365,16,491,698,0,698,1189
07/30/2022,APA,CO,ANM,WE,Towers with Radar,0,61,116,2,179,0,28,303,3,334,0,89,419,5,513,695,2,697,1210
07/31/2022,APA,CO,ANM,WE,Towers with Radar,0,80,161,12,253,0,36,164,10,210,0,116,325,22,463,426,0,426,889
08/01/2022,APA,CO,ANM,WE,Towers with Radar,0,89,136,7,232,0,36,209,3,248,0,125,345,10,480,564,0,564,1044
08/02/2022,APA,CO,ANM,WE,Towers with Radar,0,98,114,4,216,0,32,215,1,248,0,130,329,5,464,604,0,604,1068
08/03/2022,APA,CO,ANM,WE,Towers with Radar,0,73,143,10,226,0,40,263,8,311,0,113,406,18,537,366,0,366,903
08/04/2022,APA,CO,ANM,WE,Towers with Radar,0,112,125,5,242,0,35,307,5,347,0,147,432,10,589,674,0,674,1263
08/05/2022,APA,CO,ANM,WE,Towers with Radar,0,73,109,10,192,0,35,228,5,268,0,108,337,15,460,463,2,465,925
08/06/2022,APA,CO,ANM,WE,Towers with Radar,0,72,77,4,153,0,37,273,2,312,0,109,350,6,465,513,0,513,978
08/07/2022,APA,CO,ANM,WE,Towers with Radar,0,91,161,5,257,0,30,183,9,222,0,121,344,14,479,239,0,239,718
08/08/2022,APA,CO,ANM,WE,Towers with Radar,0,85,145,4,234,0,31,270,11,312,0,116,415,15,546,543,2,545,1091
08/09/2022,APA,CO,ANM,WE,Towers with Radar,0,105,142,4,251,0,46,302,6,354,0,151,444,10,605,508,0,508,1113
08/10/2022,APA,CO,ANM,WE,Towers with Radar,0,90,160,5,255,0,49,265,17,331,0,139,425,22,586,587,0,587,1173
08/11/2022,APA,CO,ANM,WE,Towers with Radar,0,112,161,5,278,0,36,258,7,301,0,148,419,12,579,694,8,702,1281
08/12/2022,APA,CO,ANM,WE,Towers with Radar,0,87,138,15,240,0,51,340,9,400,0,138,478,24,640,590,6,596,1236
08/13/2022,APA,CO,ANM,WE,Towers with Radar,0,73,105,11,189,0,45,222,2,269,0,118,327,13,458,590,0,590,1048
08/14/2022,APA,CO,ANM,WE,Towers with Radar,0,75,125,11,211,0,10,232,5,247,0,85,357,16,458,52,0,52,510
08/15/2022,APA,CO,ANM,WE,Towers with Radar,0,87,106,1,194,0,26,200,1,227,0,113,306,2,421,268,0,268,689
08/16/2022,APA,CO,ANM,WE,Towers with Radar,0,100,172,2,274,0,16,59,2,77,0,116,231,4,351,228,0,228,579
08/17/2022,APA,CO,ANM,WE,Towers with Radar,0,124,157,7,288,0,48,266,2,316,0,172,423,9,604,792,0,792,1396
08/18/2022,APA,CO,ANM,WE,Towers with Radar,0,101,167,15,283,0,36,268,7,311,0,137,435,22,594,543,4,547,1141
08/19/2022,APA,CO,ANM,WE,Towers with Radar,0,75,130,7,212,0,48,277,6,331,0,123,407,13,543,632,2,634,1177
08/20/2022,APA,CO,ANM,WE,Towers with Radar,0,75,83,3,161,0,27,221,3,251,0,102,304,6,412,273,0,273,685
08/21/2022,APA,CO,ANM,WE,Towers with Radar,0,80,138,3,221,0,34,220,3,257,0,114,358,6,478,529,0,529,1007
08/22/2022,APA,CO,ANM,WE,Towers with Radar,0,71,121,3,195,0,35,223,3,261,0,106,344,6,456,431,2,433,889
08/23/2022,APA,CO,ANM,WE,Towers with Radar,0,84,144,3,231,0,37,292,13,342,0,121,436,16,573,637,3,640,1213
08/24/2022,APA,CO,ANM,WE,Towers with Radar,0,101,136,3,240,0,40,279,2,321,0,141,415,5,561,347,0,347,908
08/25/2022,APA,CO,ANM,WE,Towers with Radar,0,118,150,2,270,0,36,210,13,259,0,154,360,15,529,654,6,660,1189
08/26/2022,APA,CO,ANM,WE,Towers with Radar,0,88,100,2,190,0,46,223,4,273,0,134,323,6,463,455,6,461,924
08/27/2022,APA,CO,ANM,WE,Towers with Radar,0,75,93,3,171,0,29,270,11,310,0,104,363,14,481,455,0,455,936
08/28/2022,APA,CO,ANM,WE,Towers with Radar,0,67,95,6,168,0,38,238,4,280,0,105,333,10,448,315,0,315,763
08/29/2022,APA,CO,ANM,WE,Towers with Radar,0,82,110,2,194,0,38,289,9,336,0,120,399,11,530,143,2,145,675
08/30/2022,APA,CO,ANM,WE,Towers with Radar,0,74,121,6,201,0,32,261,5,298,0,106,382,11,499,448,0,448,947
08/31/2022,APA,CO,ANM,WE,Towers with Radar,0,89,121,8,218,0,36,207,5,248,0,125,328,13,466,371,0,371,837
09/01/2022,APA,CO,ANM,WE,Towers with Radar,0,110,174,7,291,0,53,354,3,410,0,163,528,10,701,659,6,665,1366
09/02/2022,APA,CO,ANM,WE,Towers with Radar,0,103,126,3,232,0,49,244,4,297,0,152,370,7,529,456,4,460,989
09/03/2022,APA,CO,ANM,WE,Towers with Radar,0,74,78,0,152,0,46,222,2,270,0,120,300,2,422,569,0,569,991
09/04/2022,APA,CO,ANM,WE,Towers with Radar,0,66,69,1,136,0,31,230,1,262,0,97,299,2,398,615,2,617,1015
09/05/2022,APA,CO,ANM,WE,Towers with Radar,0,88,114,0,202,0,30,258,0,288,0,118,372,0,490,418,0,418,908
09/06/2022,APA,CO,ANM,WE,Towers with Radar,0,97,122,11,230,0,50,225,6,281,0,147,347,17,511,64,0,64,575
09/07/2022,APA,CO,ANM,WE,Towers with Radar,0,105,141,4,250,0,19,289,4,312,0,124,430,8,562,30,0,30,592
09/08/2022,APA,CO,ANM,WE,Towers with Radar,0,87,138,0,225,0,27,214,3,244,0,114,352,3,469,12,0,12,481
09/09/2022,APA,CO,ANM,WE,Towers with Radar,0,75,159,13,247,0,35,155,1,191,0,110,314,14,438,22,0,22,460
09/10/2022,APA,CO,ANM,WE,Towers with Radar,0,74,101,2,177,0,4,0,0,4,0,78,101,2,181,0,0,0,181
09/11/2022,APA,CO,ANM,WE,Towers with Radar,0,82,120,3,205,0,24,228,5,257,0,106,348,8,462,12,0,12,474
09/12/2022,APA,CO,ANM,WE,Towers with Radar,0,65,130,2,197,0,43,313,4,360,0,108,443,6,557,34,0,34,591
09/13/2022,APA,CO,ANM,WE,Towers with Radar,0,110,117,3,230,0,41,279,3,323,0,151,396,6,553,47,0,47,600
09/14/2022,APA,CO,ANM,WE,Towers with Radar,0,100,154,9,263,0,29,200,5,234,0,129,354,14,497,14,0,14,511
09/15/2022,APA,CO,ANM,WE,Towers with Radar,0,113,133,6,252,0,47,252,11,310,0,160,385,17,562,70,2,72,634
09/16/2022,APA,CO,ANM,WE,Towers with Radar,0,74,124,6,204,0,39,248,5,292,0,113,372,11,496,35,0,35,531
09/17/2022,APA,CO,ANM,WE,Towers with Radar,0,63,93,2,158,0,33,246,3,282,0,96,339,5,440,41,2,43,483
09/18/2022,APA,CO,ANM,WE,Towers with Radar,0,101,137,2,240,0,29,284,7,320,0,130,421,9,560,42,0,42,602
09/19/2022,APA,CO,ANM,WE,Towers with Radar,0,94,136,1,231,0,18,316,3,337,0,112,452,4,568,30,0,30,598
09/20/2022,APA,CO,ANM,WE,Towers with Radar,0,91,142,8,241,0,43,282,15,340,0,134,424,23,581,56,0,56,637
09/21/2022,APA,CO,ANM,WE,Towers with Radar,0,98,175,8,281,0,11,47,0,58,0,109,222,8,339,17,0,17,356
09/22/2022,APA,CO,ANM,WE,Towers with Radar,1,110,187,3,301,0,11,53,0,64,1,121,240,3,365,47,0,47,412
09/23/2022,APA,CO,ANM,WE,Towers with Radar,0,86,146,6,238,0,35,272,8,315,0,121,418,14,553,24,0,24,577
09/24/2022,APA,CO,ANM,WE,Towers with Radar,0,75,86,5,166,0,44,328,2,374,0,119,414,7,540,26,0,26,566
09/25/2022,APA,CO,ANM,WE,Towers with Radar,0,103,150,4,257,0,22,276,4,302,0,125,426,8,559,12,0,12,571
09/26/2022,APA,CO,ANM,WE,Towers with Radar,0,96,135,9,240,0,32,363,5,400,0,128,498,14,640,36,0,36,676
09/27/2022,APA,CO,ANM,WE,Towers with Radar,0,105,122,10,237,0,43,252,4,299,0,148,374,14,536,21,0,21,557
09/28/2022,APA,CO,ANM,WE,Towers with Radar,0,80,121,7,208,0,46,318,3,367,0,126,439,10,575,56,0,56,631
09/29/2022,APA,CO,ANM,WE,Towers with Radar,0,91,143,5,239,0,28,268,8,304,0,119,411,13,543,29,0,29,572
09/30/2022,APA,CO,ANM,WE,Towers with Radar,0,93,119,3,215,0,32,192,10,234,0,125,311,13,449,37,0,37,486
10/01/2022,APA,CO,ANM,WE,Towers with Radar,0,73,71,2,146,0,43,238,1,282,0,116,309,3,428,12,0,12,440
10/02/2022,APA,CO,ANM,WE,Towers with Radar,0,74,107,0,181,0,27,112,3,142,0,101,219,3,323,22,0,22,345
10/03/2022,APA,CO,ANM,WE,Towers with Radar,0,87,111,9,207,0,39,262,7,308,0,126,373,16,515,27,0,27,542
10/04/2022,APA,CO,ANM,WE,Towers with Radar,0,98,145,11,254,0,38,240,6,284,0,136,385,17,538,219,0,219,757
10/05/2022,APA,CO,ANM,WE,Towers with Radar,0,105,126,5,236,0,56,290,0,346,0,161,416,5,582,712,0,712,1294
10/06/2022,APA,CO,ANM,WE,Towers with Radar,2,101,166,3,272,0,54,354,14,422,2,155,520,17,694,701,10,711,1405
10/07/2022,APA,CO,ANM,WE,Towers with Radar,0,100,170,6,276,0,1,19,1,21,0,101,189,7,297,64,0,64,361
10/08/2022,APA,CO,ANM,WE,Towers with Radar,0,77,64,1,142,0,32,187,0,219,0,109,251,1,361,368,0,368,729
10/09/2022,APA,CO,ANM,WE,Towers with Radar,0,98,117,0,215,0,39,356,0,395,0,137,473,0,610,553,0,553,1163
10/10/2022,APA,CO,ANM,WE,Towers with Radar,0,98,109,3,210,0,45,286,1,332,0,143,395,4,542,692,0,692,1234
10/11/2022,APA,CO,ANM,WE,Towers with Radar,0,102,109,8,219,0,38,229,15,282,0,140,338,23,501,273,0,273,774
10/12/2022,APA,CO,ANM,WE,Towers with Radar,0,128,152,6,286,0,40,214,11,265,0,168,366,17,551,571,0,571,1122
10/13/2022,APA,CO,ANM,WE,Towers with Radar,0,98,116,5,219,0,36,278,3,317,0,134,394,8,536,784,0,784,1320
10/14/2022,APA,CO,ANM,WE,Towers with Radar,0,79,137,7,223,0,62,324,5,391,0,141,461,12,614,707,0,707,1321
10/15/2022,APA,CO,ANM,WE,Towers with Radar,0,72,72,10,154,0,57,365,1,423,0,129,437,11,577,523,9,532,1109
10/16/2022,APA,CO,ANM,WE,Towers with Radar,0,85,116,8,209,0,15,155,0,170,0,100,271,8,379,620,0,620,999
10/17/2022,APA,CO,ANM,WE,Towers with Radar,0,88,138,9,235,0,29,304,1,334,0,117,442,10,569,697,0,697,1266
10/18/2022,APA,CO,ANM,WE,Towers with Radar,0,93,128,6,227,0,38,355,11,404,0,131,483,17,631,850,0,850,1481
10/19/2022,APA,CO,ANM,WE,Towers with Radar,0,115,131,3,249,0,32,292,5,329,0,147,423,8,578,581,2,583,1161
10/20/2022,APA,CO,ANM,WE,Towers with Radar,0,109,134,4,247,0,54,316,8,378,0,163,450,12,625,640,0,640,1265
10/21/2022,APA,CO,ANM,WE,Towers with Radar,0,94,126,18,238,0,50,348,10,408,0,144,474,28,646,698,2,700,1346
10/22/2022,APA,CO,ANM,WE,Towers with Radar,0,78,79,3,160,0,31,222,9,262,0,109,301,12,422,642,0,642,1064
10/23/2022,APA,CO,ANM,WE,Towers with Radar,0,83,99,4,186,0,19,29,9,57,0,102,128,13,243,11,0,11,254
10/24/2022,APA,CO,ANM,WE,Towers with Radar,0,79,126,4,209,0,30,218,3,251,0,109,344,7,460,23,0,23,483
10/25/2022,APA,CO,ANM,WE,Towers with Radar,0,80,115,5,200,0,48,296,9,353,0,128,411,14,553,69,0,69,622
10/26/2022,APA,CO,ANM,WE,Towers with Radar,0,97,122,3,222,0,43,247,8,298,0,140,369,11,520,640,0,640,1160
10/27/2022,APA,CO,ANM,WE,Towers with Radar,0,100,113,3,216,0,5,27,0,32,0,105,140,3,248,74,0,74,322
10/28/2022,APA,CO,ANM,WE,Towers with Radar,0,84,124,6,214,0,49,280,1,330,0,133,404,7,544,569,0,569,1113
10/29/2022,APA,CO,ANM,WE,Towers with Radar,0,57,63,10,130,0,43,358,9,410,0,100,421,19,540,662,2,664,1204
10/30/2022,APA,CO,ANM,WE,Towers with Radar,0,67,115,13,195,0,39,316,4,359,0,106,431,17,554,605,2,607,1161
10/31/2022,APA,CO,ANM,WE,Towers with Radar,0,71,85,6,162,0,31,275,1,307,0,102,360,7,469,467,0,467,936
11/01/2022,APA,CO,ANM,WE,Towers with Radar,0,99,119,6,224,0,17,294,5,316,0,116,413,11,540,705,0,705,1245
11/02/2022,APA,CO,ANM,WE,Towers with Radar,0,70,104,4,178,0,32,120,3,155,0,102,224,7,333,220,0,220,553
11/03/2022,APA,CO,ANM,WE,Towers with Radar,0,96,97,0,193,0,12,55,1,68,0,108,152,1,261,266,0,266,527
11/04/2022,APA,CO,ANM,WE,Towers with Radar,0,90,113,5,208,0,34,236,2,272,0,124,349,7,480,488,0,488,968
11/05/2022,APA,CO,ANM,WE,Towers with Radar,0,44,64,1,109,0,25,174,3,202,0,69,238,4,311,655,0,655,966
11/06/2022,APA,CO,ANM,WE,Towers with Radar,0,77,114,0,191,0,44,179,3,226,0,121,293,3,417,235,6,241,658
11/07/2022,APA,CO,ANM,WE,Towers with Radar,0,64,86,0,150,0,17,33,4,54,0,81,119,4,204,26,0,26,230
11/08/2022,APA,CO,ANM,WE,Towers with Radar,0,96,108,3,207,2,36,178,2,218,2,132,286,5,425,418,0,418,843
11/09/2022,APA,CO,ANM,WE,Towers with Radar,0,103,100,1,204,0,15,105,1,121,0,118,205,2,325,318,0,318,643
11/10/2022,APA,CO,ANM,WE,Towers with Radar,0,111,127,1,239,0,36,214,2,252,0,147,341,3,491,749,1,750,1241
11/11/2022,APA,CO,ANM,WE,Towers with Radar,0,79,104,3,186,0,34,257,1,292,0,113,361,4,478,625,1,626,1104
11/12/2022,APA,CO,ANM,WE,Towers with Radar,0,51,53,2,106,0,38,316,3,357,0,89,369,5,463,57,0,57,520
11/13/2022,APA,CO,ANM,WE,Towers with Radar,0,66,88,6,160,0,38,264,0,302,0,104,352,6,462,8,0,8,470
11/14/2022,APA,CO,ANM,WE,Towers with Radar,0,97,113,2,212,0,45,288,3,336,0,142,401,5,548,58,0,58,606
11/15/2022,APA,CO,ANM,WE,Towers with Radar,0,81,80,4,165,0,24,176,7,207,0,105,256,11,372,74,0,74,446
11/16/2022,APA,CO,ANM,WE,Towers with Radar,0,71,102,4,177,0,34,275,9,318,0,105,377,13,495,89,0,89,584
11/17/2022,APA,CO,ANM,WE,Towers with Radar,0,81,111,3,195,0,2,11,0,13,0,83,122,3,208,80,0,80,288
11/18/2022,APA,CO,ANM,WE,Towers with Radar,1,98,157,10,266,0,18,112,3,133,1,116,269,13,399,220,4,224,623
11/19/2022,APA,CO,ANM,WE,Towers with Radar,0,65,68,2,135,0,56,268,10,334,0,121,336,12,469,294,0,294,763
11/20/2022,APA,CO,ANM,WE,Towers with Radar,0,93,122,5,220,0,41,247,5,293,0,134,369,10,513,351,0,351,864
11/21/2022,APA,CO,ANM,WE,Towers with Radar,0,99,98,11,208,0,41,283,4,328,0,140,381,15,536,462,5,467,1003
11/22/2022,APA,CO,ANM,WE,Towers with Radar,0,108,113,5,226,0,48,261,5,314,0,156,374,10,540,404,0,404,944
11/23/2022,APA,CO,ANM,WE,Towers with Radar,0,66,120,2,188,0,48,228,1,277,0,114,348,3,465,466,0,466,931
11/24/2022,APA,CO,ANM,WE,Towers with Radar,0,44,23,0,67,0,6,21,0,27,0,50,44,0,94,137,0,137,231
11/25/2022,APA,CO,ANM,WE,Towers with Radar,0,48,66,0,114,0,35,226,0,261,0,83,292,0,375,386,0,386,761
11/26/2022,APA,CO,ANM,WE,Towers with Radar,0,84,111,0,195,0,30,212,3,245,0,114,323,3,440,383,0,383,823
11/27/2022,APA,CO,ANM,WE,Towers with Radar,0,98,161,0,259,0,31,201,1,233,0,129,362,1,492,621,4,625,1117
11/28/2022,APA,CO,ANM,WE,Towers with Radar,0,72,130,12,214,0,41,152,7,200,0,113,282,19,414,69,0,69,483
11/29/2022,APA,CO,ANM,WE,Towers with Radar,0,87,98,2,187,0,5,20,8,33,0,92,118,10,220,126,0,126,346
11/30/2022,APA,CO,ANM,WE,Towers with Radar,0,106,126,0,232,0,45,286,3,334,0,151,412,3,566,702,0,702,1268
12/01/2022,APA,CO,ANM,WE,Towers with Radar,0,76,109,5,190,0,18,113,3,134,0,94,222,8,324,253,6,259,583
12/02/2022,APA,CO,ANM,WE,Towers with Radar,0,67,78,2,147,0,7,37,0,44,0,74,115,2,191,43,0,43,234
12/03/2022,APA,CO,ANM,WE,Towers with Radar,0,46,90,9,145,0,24,273,3,300,0,70,363,12,445,453,0,453,898
12/04/2022,APA,CO,ANM,WE,Towers with Radar,0,59,99,7,165,0,41,346,0,387,0,100,445,7,552,305,0,305,857
12/05/2022,APA,CO,ANM,WE,Towers with Radar,0,101,90,4,195,0,62,304,7,373,0,163,394,11,568,509,0,509,1077
12/06/2022,APA,CO,ANM,WE,Towers with Radar,0,90,114,7,211,0,54,319,10,383,0,144,433,17,594,759,4,763,1357
12/07/2022,APA,CO,ANM,WE,Towers with Radar,0,90,91,1,182,0,25,224,8,257,0,115,315,9,439,711,0,711,1150
12/08/2022,APA,CO,ANM,WE,Towers with Radar,0,102,117,5,224,0,12,98,5,115,0,114,215,10,339,323,0,323,662
12/09/2022,APA,CO,ANM,WE,Towers with Radar,0,96,105,4,205,0,46,274,1,321,0,142,379,5,526,519,0,519,1045
12/10/2022,APA,CO,ANM,WE,Towers with Radar,0,72,80,3,155,0,38,312,5,355,0,110,392,8,510,649,0,649,1159
12/11/2022,APA,CO,ANM,WE,Towers with Radar,0,76,111,3,190,0,55,151,5,211,0,131,262,8,401,172,0,172,573
12/12/2022,APA,CO,ANM,WE,Towers with Radar,0,103,127,3,233,0,38,157,4,199,0,141,284,7,432,431,0,431,863
12/13/2022,APA,CO,ANM,WE,Towers with Radar,0,82,76,4,162,0,0,3,3,6,0,82,79,7,168,3,5,8,176
12/14/2022,APA,CO,ANM,WE,Towers with Radar,0,99,144,0,243,0,34,149,1,184,0,133,293,1,427,233,0,233,660
12/15/2022,APA,CO,ANM,WE,Towers with Radar,0,102,131,4,237,0,35,204,2,241,0,137,335,6,478,681,0,681,1159
12/16/2022,APA,CO,ANM,WE,Towers with Radar,0,90,133,9,232,0,43,182,11,236,0,133,315,20,468,425,0,425,893
12/17/2022,APA,CO,ANM,WE,Towers with Radar,0,91,85,3,179,0,61,287,3,351,0,152,372,6,530,460,0,460,990
12/18/2022,APA,CO,ANM,WE,Towers with Radar,0,81,93,7,181,0,18,258,3,279,0,99,351,10,460,513,0,513,973
12/19/2022,APA,CO,ANM,WE,Towers with Radar,0,84,100,4,188,1,34,237,4,276,1,118,337,8,464,595,0,595,1059
12/20/2022,APA,CO,ANM,WE,Towers with Radar,0,111,102,8,221,0,61,338,10,409,0,172,440,18,630,685,11,696,1326
12/21/2022,APA,CO,ANM,WE,Towers with Radar,0,99,101,0,200,0,29,96,1,126,0,128,197,1,326,302,0,302,628
12/22/2022,APA,CO,ANM,WE,Towers with Radar,0,88,91,1,180,0,5,8,0,13,0,93,99,1,193,5,0,5,198
12/23/2022,APA,CO,ANM,WE,Towers with Radar,0,88,108,0,196,0,26,103,0,129,0,114,211,0,325,238,0,238,563
12/24/2022,APA,CO,ANM,WE,Towers with Radar,0,75,55,0,130,0,13,96,0,109,0,88,151,0,239,180,0,180,419
12/25/2022,APA,CO,ANM,WE,Towers with Radar,0,55,29,0,84,0,14,49,0,63,0,69,78,0,147,38,0,38,185
12/26/2022,APA,CO,ANM,WE,Towers with Radar,0,85,173,0,258,0,8,238,0,246,0,93,411,0,504,182,0,182,686
12/27/2022,APA,CO,ANM,WE,Towers with Radar,0,110,187,0,297,0,31,168,1,200,0,141,355,1,497,247,0,247,744
12/28/2022,APA,CO,ANM,WE,Towers with Radar,0,96,130,4,230,0,20,131,1,152,0,116,261,5,382,451,0,451,833
12/29/2022,APA,CO,ANM,WE,Towers with Radar,0,96,117,0,213,0,19,47,0,66,0,115,164,0,279,166,0,166,445
12/30/2022,APA,CO,ANM,WE,Towers with Radar,0,88,110,0,198,0,47,202,2,251,0,135,312,2,449,363,0,363,812
12/31/2022,APA,CO,ANM,WE,Towers with Radar,0,61,82,0,143,0,37,226,1,264,0,98,308,1,407,380,0,380,787
01/01/2023,APA,CO,ANM,WE,Towers with Radar,0,68,105,0,173,0,12,72,0,84,0,80,177,0,257,268,0,268,525
01/02/2023,APA,CO,ANM,WE,Towers with Radar,0,58,111,2,171,0,0,3,0,3,0,58,114,2,174,0,0,0,174
01/03/2023,APA,CO,ANM,WE,Towers with Radar,0,129,156,0,285,0,11,82,11,104,0,140,238,11,389,108,0,108,497
01/04/2023,APA,CO,ANM,WE,Towers with Radar,0,104,131,5,240,0,29,274,6,309,0,133,405,11,549,655,2,657,1206
01/05/2023,APA,CO,ANM,WE,Towers with Radar,0,98,92,6,196,0,35,294,2,331,0,133,386,8,527,667,0,667,1194
01/06/2023,APA,CO,ANM,WE,Towers with Radar,0,95,120,7,222,0,30,258,4,292,0,125,378,11,514,414,2,416,930
01/07/2023,APA,CO,ANM,WE,Towers with Radar,0,69,108,2,179,0,35,333,1,369,0,104,441,3,548,344,0,344,892
01/08/2023,APA,CO,ANM,WE,Towers with Radar,0,50,110,2,162,0,35,261,0,296,0,85,371,2,458,451,0,451,909
01/09/2023,APA,CO,ANM,WE,Towers with Radar,0,62,90,6,158,0,40,226,1,267,0,102,316,7,425,520,0,520,945
01/10/2023,APA,CO,ANM,WE,Towers with Radar,0,96,108,2,206,0,44,194,5,243,0,140,302,7,449,390,7,397,846
01/11/2023,APA,CO,ANM,WE,Towers with Radar,0,48,65,0,113,0,0,2,0,2,0,48,67,0,115,0,0,0,115
01/12/2023,APA,CO,ANM,WE,Towers with Radar,0,83,149,4,236,0,45,327,6,378,0,128,476,10,614,823,0,823,1437
01/13/2023,APA,CO,ANM,WE,Towers with Radar,0,77,131,5,213,0,53,301,7,361,0,130,432,12,574,623,0,623,1197
01/14/2023,APA,CO,ANM,WE,Towers with Radar,0,61,88,3,152,0,43,316,0,359,0,104,404,3,511,603,0,603,1114
01/15/2023,APA,CO,ANM,WE,Towers with Radar,0,84,88,2,174,0,57,175,1,233,0,141,263,3,407,535,0,535,942
01/16/2023,APA,CO,ANM,WE,Towers with Radar,0,74,99,3,176,0,42,294,2,338,0,116,393,5,514,713,0,713,1227
01/17/2023,APA,CO,ANM,WE,Towers with Radar,0,97,87,1,185,0,42,189,2,233,0,139,276,3,418,550,0,550,968
01/18/2023,APA,CO,ANM,WE,Towers with Radar,0,58,33,0,91,0,0,1,0,1,0,58,34,0,92,0,0,0,92
01/19/2023,APA,CO,ANM,WE,Towers with Radar,0,76,105,8,189,0,41,145,4,190,0,117,250,12,379,262,0,262,641
01/20/2023,APA,CO,ANM,WE,Towers with Radar,0,56,79,3,138,0,15,98,0,113,0,71,177,3,251,491,0,491,742
01/21/2023,APA,CO,ANM,WE,Towers with Radar,0,65,67,1,133,0,9,12,0,21,0,74,79,1,154,58,0,58,212
01/22/2023,APA,CO,ANM,WE,Towers with Radar,0,74,88,2,164,0,49,215,1,265,0,123,303,3,429,477,0,477,906
01/23/2023,APA,CO,ANM,WE,Towers with Radar,0,55,68,2,125,0,16,61,1,78,0,71,129,3,203,211,0,211,414
01/24/2023,APA,CO,ANM,WE,Towers with Radar,0,79,92,4,175,0,24,183,2,209,0,103,275,6,384,577,0,577,961
01/25/2023,APA,CO,ANM,WE,Towers with Radar,0,60,101,4,165,0,14,32,1,47,0,74,133,5,212,142,0,142,354
01/26/2023,APA,CO,ANM,WE,Towers with Radar,0,101,144,3,248,0,50,220,2,272,0,151,364,5,520,461,0,461,981
01/27/2023,APA,CO,ANM,WE,Towers with Radar,0,76,112,8,196,0,44,320,4,368,0,120,432,12,564,436,0,436,1000
01/28/2023,APA,CO,ANM,WE,Towers with Radar,0,50,62,1,113,0,30,91,1,122,0,80,153,2,235,406,2,408,643
01/29/2023,APA,CO,ANM,WE,Towers with Radar,0,56,68,0,124,0,0,0,0,0,0,56,68,0,124,0,0,0,124
01/30/2023,APA,CO,ANM,WE,Towers with Radar,0,74,93,8,175,0,2,18,1,21,0,76,111,9,196,73,0,73,269
01/31/2023,APA,CO,ANM,WE,Towers with Radar,0,71,105,5,181,0,52,218,4,274,0,123,323,9,455,678,12,690,1145
02/01/2023,APA,CO,ANM,WE,Towers with Radar,0,61,107,1,169,0,50,272,5,327,0,111,379,6,496,888,0,888,1384
02/02/2023,APA,CO,ANM,WE,Towers with Radar,0,105,115,4,224,0,54,305,4,363,0,159,420,8,587,740,2,742,1329
02/03/2023,APA,CO,ANM,WE,Towers with Radar,0,59,114,11,184,0,37,301,5,343,0,96,415,16,527,622,0,622,1149
02/04/2023,APA,CO,ANM,WE,Towers with Radar,0,43,57,3,103,0,30,223,1,254,0,73,280,4,357,619,0,619,976
02/05/2023,APA,CO,ANM,WE,Towers with Radar,0,80,102,1,183,0,31,276,1,308,0,111,378,2,491,656,0,656,1147
02/06/2023,APA,CO,ANM,WE,Towers with Radar,0,85,95,7,187,0,31,109,3,143,0,116,204,10,330,146,0,146,476
02/07/2023,APA,CO,ANM,WE,Towers with Radar,0,71,100,9,180,0,46,266,4,316,0,117,366,13,496,763,0,763,1259
02/08/2023,APA,CO,ANM,WE,Towers with Radar,0,87,127,4,218,0,29,218,4,251,0,116,345,8,469,574,0,574,1043
02/09/2023,APA,CO,ANM,WE,Towers with Radar,0,101,91,0,192,0,23,55,8,86,0,124,146,8,278,95,0,95,373
02/10/2023,APA,CO,ANM,WE,Towers with Radar,0,67,107,12,186,0,34,370,9,413,0,101,477,21,599,688,4,692,1291
02/11/2023,APA,CO,ANM,WE,Towers with Radar,0,46,74,3,123,0,45,340,6,391,0,91,414,9,514,728,4,732,1246
02/12/2023,APA,CO,ANM,WE,Towers with Radar,0,85,75,5,165,0,37,247,1,285,0,122,322,6,450,577,0,577,1027
02/13/2023,APA,CO,ANM,WE,Towers with Radar,0,96,107,2,205,0,26,200,1,227,0,122,307,3,432,365,0,365,797
02/14/2023,APA,CO,ANM,WE,Towers with Radar,0,86,76,4,166,0,25,106,1,132,0,111,182,5,298,300,0,300,598
02/15/2023,APA,CO,ANM,WE,Towers with Radar,0,67,53,0,120,0,0,0,0,0,0,67,53,0,120,0,0,0,120
02/16/2023,APA,CO,ANM,WE,Towers with Radar,0,107,162,12,281,0,77,191,4,272,0,184,353,16,553,410,0,410,963
02/17/2023,APA,CO,ANM,WE,Towers with Radar,0,81,147,12,240,0,91,353,5,449,0,172,500,17,689,632,0,632,1321
02/18/2023,APA,CO,ANM,WE,Towers with Radar,0,67,67,1,135,0,65,369,1,435,0,132,436,2,570,526,0,526,1096
02/19/2023,APA,CO,ANM,WE,Towers with Radar,0,52,93,2,147,0,19,74,0,93,0,71,167,2,240,126,0,126,366
02/20/2023,APA,CO,ANM,WE,Towers with Radar,0,85,158,2,245,0,31,110,0,141,0,116,268,2,386,524,0,524,910
02/21/2023,APA,CO,ANM,WE,Towers with Radar,0,91,125,1,217,0,24,160,1,185,0,115,285,2,402,515,0,515,917
02/22/2023,APA,CO,ANM,WE,Towers with Radar,0,68,63,0,131,0,0,0,0,0,0,68,63,0,131,0,0,0,131
02/23/2023,APA,CO,ANM,WE,Towers with Radar,0,111,119,6,236,0,58,121,2,181,0,169,240,8,417,350,0,350,767
02/24/2023,APA,CO,ANM,WE,Towers with Radar,0,73,119,9,201,0,63,200,6,269,0,136,319,15,470,745,0,745,1215
02/25/2023,APA,CO,ANM,WE,Towers with Radar,0,76,94,6,176,0,49,182,3,234,0,125,276,9,410,144,0,144,554
02/26/2023,APA,CO,ANM,WE,Towers with Radar,0,65,116,3,184,0,9,60,0,69,0,74,176,3,253,132,0,132,385
02/27/2023,APA,CO,ANM,WE,Towers with Radar,0,83,122,1,206,0,40,214,7,261,0,123,336,8,467,456,0,456,923
02/28/2023,APA,CO,ANM,WE,Towers with Radar,0,82,98,2,182,0,23,66,3,92,0,105,164,5,274,105,10,115,389
03/01/2023,APA,CO,ANM,WE,Towers with Radar,0,94,130,5,229,0,33,86,1,120,0,127,216,6,349,361,0,361,710
03/02/2023,APA,CO,ANM,WE,Towers with Radar,0,95,127,8,230,0,82,248,7,337,0,177,375,15,567,663,0,663,1230
03/03/2023,APA,CO,ANM,WE,Towers with Radar,0,112,100,4,216,0,67,224,1,292,0,179,324,5,508,528,0,528,1036
03/04/2023,APA,CO,ANM,WE,Towers with Radar,0,81,85,3,169,0,39,142,0,181,0,120,227,3,350,265,0,265,615
03/05/2023,APA,CO,ANM,WE,Towers with Radar,0,40,92,4,136,0,28,35,2,65,0,68,127,6,201,100,0,100,301
03/06/2023,APA,CO,ANM,WE,Towers with Radar,0,89,121,12,222,0,43,198,3,244,0,132,319,15,466,385,0,385,851
03/07/2023,APA,CO,ANM,WE,Towers with Radar,0,81,95,3,179,0,0,6,0,6,0,81,101,3,185,0,0,0,185
03/08/2023,APA,CO,ANM,WE,Towers with Radar,0,64,119,7,190,0,45,101,4,150,0,109,220,11,340,875,0,875,1215
03/09/2023,APA,CO,ANM,WE,Towers with Radar,0,80,138,5,223,0,91,222,11,324,0,171,360,16,547,672,14,686,1233
03/10/2023,APA,CO,ANM,WE,Towers with Radar,0,88,122,15,225,0,42,193,1,236,0,130,315,16,461,363,0,363,824
03/11/2023,APA,CO,ANM,WE,Towers with Radar,0,68,96,3,167,0,62,204,3,269,0,130,300,6,436,564,0,564,1000
03/12/2023,APA,CO,ANM,WE,Towers with Radar,0,73,121,7,201,0,51,239,3,293,0,124,360,10,494,634,0,634,1128
03/13/2023,APA,CO,ANM,WE,Towers with Radar,0,65,106,1,172,0,76,307,1,384,0,141,413,2,556,755,0,755,1311
03/14/2023,APA,CO,ANM,WE,Towers with Radar,0,69,103,3,175,0,108,304,2,414,0,177,407,5,589,920,0,920,1509
03/15/2023,APA,CO,ANM,WE,Towers with Radar,0,93,104,4,201,0,52,191,8,251,0,145,295,12,452,587,0,587,1039
03/16/2023,APA,CO,ANM,WE,Towers with Radar,0,87,93,0,180,0,0,12,0,12,0,87,105,0,192,0,0,0,192
03/17/2023,APA,CO,ANM,WE,Towers with Radar,0,108,119,7,234,0,64,271,1,336,0,172,390,8,570,487,0,487,1057
03/18/2023,APA,CO,ANM,WE,Towers with Radar,0,85,114,7,206,0,62,338,6,406,0,147,452,13,612,387,0,387,999
03/19/2023,APA,CO,ANM,WE,Towers with Radar,0,98,115,6,219,0,62,223,2,287,0,160,338,8,506,577,0,577,1083
03/20/2023,APA,CO,ANM,WE,Towers with Radar,0,75,91,2,168,0,54,217,2,273,0,129,308,4,441,780,0,780,1221
03/21/2023,APA,CO,ANM,WE,Towers with Radar,0,97,83,6,186,0,58,199,1,258,0,155,282,7,444,665,0,665,1109
03/22/2023,APA,CO,ANM,WE,Towers with Radar,0,102,118,8,228,0,18,119,6,143,0,120,237,14,371,450,0,450,821
03/23/2023,APA,CO,ANM,WE,Towers with Radar,0,101,121,12,234,0,67,243,9,319,0,168,364,21,553,817,4,821,1374
03/24/2023,APA,CO,ANM,WE,Towers with Radar,0,67,93,10,170,0,64,204,8,276,0,131,297,18,446,578,2,580,1026
03/25/2023,APA,CO,ANM,WE,Towers with Radar,0,62,91,3,156,0,9,32,1,42,0,71,123,4,198,11,0,11,209
03/26/2023,APA,CO,ANM,WE,Towers with Radar,0,73,121,7,201,0,61,211,4,276,0,134,332,11,477,696,0,696,1173
03/27/2023,APA,CO,ANM,WE,Towers with Radar,0,65,81,3,149,0,22,29,0,51,0,87,110,3,200,205,0,205,405
03/28/2023,APA,CO,ANM,WE,Towers with Radar,0,83,98,5,186,0,93,343,4,440,0,176,441,9,626,946,0,946,1572
03/29/2023,APA,CO,ANM,WE,Towers with Radar,0,77,99,9,185,0,77,337,3,417,0,154,436,12,602,599,0,599,1201
03/30/2023,APA,CO,ANM,WE,Towers with Radar,0,59,83,7,149,0,15,33,3,51,0,74,116,10,200,115,0,115,315
03/31/2023,APA,CO,ANM,WE,Towers with Radar,0,81,81,11,173,0,11,12,3,26,0,92,93,14,199,4,0,4,203
04/01/2023,APA,CO,ANM,WE,Towers with Radar,0,76,63,15,154,0,52,300,9,361,0,128,363,24,515,555,0,555,1070
04/02/2023,APA,CO,ANM,WE,Towers with Radar,0,77,90,3,170,0,29,139,0,168,0,106,229,3,338,236,0,236,574
04/03/2023,APA,CO,ANM,WE,Towers with Radar,0,72,94,3,169,0,51,152,3,206,0,123,246,6,375,630,0,630,1005
04/04/2023,APA,CO,ANM,WE,Towers with Radar,0,77,64,2,143,0,0,0,0,0,0,77,64,2,143,0,0,0,143
04/05/2023,APA,CO,ANM,WE,Towers with Radar,0,87,105,2,194,0,61,170,11,242,0,148,275,13,436,629,2,631,1067
04/06/2023,APA,CO,ANM,WE,Towers with Radar,0,95,104,6,205,0,73,399,16,488,0,168,503,22,693,986,4,990,1683
04/07/2023,APA,CO,ANM,WE,Towers with Radar,0,75,112,4,191,0,63,402,7,472,0,138,514,11,663,944,0,944,1607
04/08/2023,APA,CO,ANM,WE,Towers with Radar,0,60,64,0,124,0,71,316,8,395,0,131,380,8,519,622,0,622,1141
04/09/2023,APA,CO,ANM,WE,Towers with Radar,0,48,66,0,114,0,56,290,4,350,0,104,356,4,464,685,0,685,1149
04/10/2023,APA,CO,ANM,WE,Towers with Radar,0,85,115,5,205,0,81,330,0,411,0,166,445,5,616,1035,0,1035,1651
04/11/2023,APA,CO,ANM,WE,Towers with Radar,0,70,96,12,178,0,65,334,2,401,0,135,430,14,579,971,1,972,1551
04/12/2023,APA,CO,ANM,WE,Towers with Radar,0,77,94,8,179,0,85,233,14,332,0,162,327,22,511,543,11,554,1065
04/13/2023,APA,CO,ANM,WE,Towers with Radar,0,52,99,9,160,0,49,97,15,161,0,101,196,24,321,371,8,379,700
04/14/2023,APA,CO,ANM,WE,Towers with Radar,0,63,84,2,149,0,11,24,0,35,0,74,108,2,184,68,0,68,252
04/15/2023,APA,CO,ANM,WE,Towers with Radar,0,55,47,8,110,0,47,126,2,175,0,102,173,10,285,313,0,313,598
04/16/2023,APA,CO,ANM,WE,Towers with Radar,0,76,101,5,182,0,80,447,6,533,0,156,548,11,715,745,0,745,1460
04/17/2023,APA,CO,ANM,WE,Towers with Radar,0,86,118,0,204,0,94,332,5,431,0,180,450,5,635,844,12,856,1491
04/18/2023,APA,CO,ANM,WE,Towers with Radar,0,70,99,6,175,0,45,101,1,147,0,115,200,7,322,414,0,414,736
04/19/2023,APA,CO,ANM,WE,Towers with Radar,0,51,97,7,155,0,45,119,3,167,0,96,216,10,322,300,0,300,622
04/20/2023,APA,CO,ANM,WE,Towers with Radar,0,81,99,4,184,0,42,61,4,107,0,123,160,8,291,59,0,59,350
04/21/2023,APA,CO,ANM,WE,Towers with Radar,0,71,98,8,177,0,61,257,3,321,0,132,355,11,498,961,0,961,1459
04/22/2023,APA,CO,ANM,WE,Towers with Radar,0,55,51,0,106,0,10,14,0,24,0,65,65,0,130,126,0,126,256
04/23/2023,APA,CO,ANM,WE,Towers with Radar,0,68,100,6,174,0,66,341,4,411,0,134,441,10,585,770,2,772,1357
04/24/2023,APA,CO,ANM,WE,Towers with Radar,0,71,100,9,180,0,64,316,6,386,0,135,416,15,566,826,0,826,1392
04/25/2023,APA,CO,ANM,WE,Towers with Radar,0,78,89,3,170,0,28,111,2,141,0,106,200,5,311,473,0,473,784
04/26/2023,APA,CO,ANM,WE,Towers with Radar,0,89,100,5,194,0,41,87,0,128,0,130,187,5,322,540,0,540,862
04/27/2023,APA,CO,ANM,WE,Towers with Radar,0,84,129,5,218,0,46,152,2,200,0,130,281,7,418,437,0,437,855
04/28/2023,APA,CO,ANM,WE,Towers with Radar,0,70,74,5,149,0,48,178,4,230,0,118,252,9,379,546,0,546,925
04/29/2023,APA,CO,ANM,WE,Towers with Radar,0,63,55,2,120,0,81,364,6,451,0,144,419,8,571,502,0,502,1073
04/30/2023,APA,CO,ANM,WE,Towers with Radar,0,70,86,0,156,0,77,361,0,438,0,147,447,0,594,819,0,819,1413
05/01/2023,APA,CO,ANM,WE,Towers with Radar,0,83,88,5,176,0,40,254,3,297,0,123,342,8,473,788,13,801,1274
05/02/2023,APA,CO,ANM,WE,Towers with Radar,0,66,98,5,169,0,72,200,2,274,0,138,298,7,443,665,4,669,1112
05/03/2023,APA,CO,ANM,WE,Towers with Radar,0,66,112,5,183,0,92,308,7,407,0,158,420,12,590,979,0,979,1569
05/04/2023,APA,CO,ANM,WE,Towers with Radar,0,87,103,8,198,0,21,45,4,70,0,108,148,12,268,274,0,274,542
05/05/2023,APA,CO,ANM,WE,Towers with Radar,0,91,85,23,199,0,67,216,7,290,0,158,301,30,489,680,0,680,1169
05/06/2023,APA,CO,ANM,WE,Towers with Radar,0,72,71,6,149,0,63,282,1,346,0,135,353,7,495,803,0,803,1298
05/07/2023,APA,CO,ANM,WE,Towers with Radar,0,105,106,4,215,0,71,253,18,342,0,176,359,22,557,707,0,707,1264
05/08/2023,APA,CO,ANM,WE,Towers with Radar,0,81,94,6,181,0,59,248,5,312,0,140,342,11,493,679,0,679,1172
05/09/2023,APA,CO,ANM,WE,Towers with Radar,0,83,98,2,183,0,58,269,2,329,0,141,367,4,512,822,4,826,1338
05/10/2023,APA,CO,ANM,WE,Towers with Radar,0,65,129,11,205,0,0,2,1,3,0,65,131,12,208,0,0,0,208
05/11/2023,APA,CO,ANM,WE,Towers with Radar,0,80,75,5,160,0,0,0,0,0,0,80,75,5,160,0,0,0,160
05/12/2023,APA,CO,ANM,WE,Towers with Radar,0,78,121,8,207,0,12,43,4,59,0,90,164,12,266,211,0,211,477
05/13/2023,APA,CO,ANM,WE,Towers with Radar,0,83,68,6,157,0,67,249,1,317,0,150,317,7,474,608,0,608,1082
05/14/2023,APA,CO,ANM,WE,Towers with Radar,0,58,80,6,144,0,0,0,0,0,0,58,80,6,144,43,0,43,187
05/15/2023,APA,CO,ANM,WE,Towers with Radar,0,91,131,4,226,0,46,102,1,149,0,137,233,5,375,726,0,726,1101
05/16/2023,APA,CO,ANM,WE,Towers with Radar,0,119,124,8,251,0,88,323,3,414,0,207,447,11,665,851,0,851,1516
05/17/2023,APA,CO,ANM,WE,Towers with Radar,0,89,124,5,218,0,86,258,2,346,0,175,382,7,564,794,0,794,1358
05/18/2023,APA,CO,ANM,WE,Towers with Radar,0,92,116,9,217,0,33,102,1,136,0,125,218,10,353,480,0,480,833
05/19/2023,APA,CO,ANM,WE,Towers with Radar,0,90,122,1,213,0,0,3,0,3,0,90,125,1,216,0,0,0,216
05/20/2023,APA,CO,ANM,WE,Towers with Radar,0,79,73,5,157,0,28,58,2,88,0,107,131,7,245,166,0,166,411
05/21/2023,APA,CO,ANM,WE,Towers with Radar,0,78,96,1,175,0,92,306,1,399,0,170,402,2,574,925,0,925,1499
05/22/2023,APA,CO,ANM,WE,Towers with Radar,0,64,121,8,193,0,51,240,7,298,0,115,361,15,491,911,0,911,1402
05/23/2023,APA,CO,ANM,WE,Towers with Radar,0,78,112,2,192,0,69,234,18,321,0,147,346,20,513,1001,0,1001,1514
05/24/2023,APA,CO,ANM,WE,Towers with Radar,0,102,113,5,220,0,38,124,6,168,0,140,237,11,388,575,0,575,963
05/25/2023,APA,CO,ANM,WE,Towers with Radar,1,118,104,8,231,0,54,187,1,242,1,172,291,9,473,568,0,568,1041
05/26/2023,APA,CO,ANM,WE,Towers with Radar,0,85,99,5,189,0,39,228,2,269,0,124,327,7,458,457,0,457,915
05/27/2023,APA,CO,ANM,WE,Towers with Radar,1,59,55,3,118,0,45,213,3,261,1,104,268,6,379,455,0,455,834
05/28/2023,APA,CO,ANM,WE,Towers with Radar,0,64,56,0,120,0,51,245,0,296,0,115,301,0,416,590,0,590,1006
05/29/2023,APA,CO,ANM,WE,Towers with Radar,0,84,73,1,158,0,67,246,1,314,0,151,319,2,472,674,0,674,1146
05/30/2023,APA,CO,ANM,WE,Towers with Radar,0,71,84,6,161,0,53,248,3,304,0,124,332,9,465,690,0,690,1155
05/31/2023,APA,CO,ANM,WE,Towers with Radar,0,93,95,4,192,0,81,248,10,339,0,174,343,14,531,711,0,711,1242
06/01/2023,APA,CO,ANM,WE,Towers with Radar,0,91,119,3,213,0,42,119,2,163,0,133,238,5,376,268,0,268,644
06/02/2023,APA,CO,ANM,WE,Towers with Radar,0,90,103,2,195,0,61,181,9,251,0,151,284,11,446,677,17,694,1140
06/03/2023,APA,CO,ANM,WE,Towers with Radar,0,68,88,2,158,1,5,8,0,14,1,73,96,2,172,22,0,22,194
06/04/2023,APA,CO,ANM,WE,Towers with Radar,0,74,113,1,188,0,5,9,0,14,0,79,122,1,202,6,0,6,208
06/05/2023,APA,CO,ANM,WE,Towers with Radar,0,117,95,9,221,0,49,214,9,272,0,166,309,18,493,656,0,656,1149
06/06/2023,APA,CO,ANM,WE,Towers with Radar,0,107,108,4,219,0,57,251,6,314,0,164,359,10,533,718,0,718,1251
06/07/2023,APA,CO,ANM,WE,Towers with Radar,0,88,121,4,213,0,75,251,3,329,0,163,372,7,542,662,0,662,1204
06/08/2023,APA,CO,ANM,WE,Towers with Radar,0,77,131,2,210,0,66,295,7,368,0,143,426,9,578,654,2,656,1234
06/09/2023,APA,CO,ANM,WE,Towers with Radar,0,81,83,4,168,0,49,254,7,310,0,130,337,11,478,469,0,469,947
06/10/2023,APA,CO,ANM,WE,Towers with Radar,0,73,88,1,162,0,77,359,6,442,0,150,447,7,604,873,0,873,1477
06/11/2023,APA,CO,ANM,WE,Towers with Radar,0,105,99,4,208,0,27,149,5,181,0,132,248,9,389,570,0,570,959
06/12/2023,APA,CO,ANM,WE,Towers with Radar,0,91,120,10,221,0,21,102,1,124,0,112,222,11,345,234,0,234,579
06/13/2023,APA,CO,ANM,WE,Towers with Radar,0,104,149,4,257,0,30,87,4,121,0,134,236,8,378,473,0,473,851
06/14/2023,APA,CO,ANM,WE,Towers with Radar,0,88,111,10,209,0,70,288,14,372,0,158,399,24,581,790,4,794,1375
06/15/2023,APA,CO,ANM,WE,Towers with Radar,0,83,109,5,197,0,61,203,7,271,0,144,312,12,468,679,2,681,1149
06/16/2023,APA,CO,ANM,WE,Towers with Radar,0,83,132,3,218,0,3,8,2,13,0,86,140,5,231,44,0,44,275
06/17/2023,APA,CO,ANM,WE,Towers with Radar,0,79,64,2,145,0,71,190,1,262,0,150,254,3,407,659,6,665,1072
06/18/2023,APA,CO,ANM,WE,Towers with Radar,0,66,92,0,158,0,42,301,1,344,0,108,393,1,502,535,0,535,1037
06/19/2023,APA,CO,ANM,WE,Towers with Radar,0,84,96,2,182,0,60,309,5,374,0,144,405,7,556,709,0,709,1265
06/20/2023,APA,CO,ANM,WE,Towers with Radar,0,75,94,22,191,3,65,317,4,389,3,140,411,26,580,837,0,837,1417
06/21/2023,APA,CO,ANM,WE,Towers with Radar,0,92,130,5,227,0,62,272,4,338,0,154,402,9,565,668,0,668,1233
06/22/2023,APA,CO,ANM,WE,Towers with Radar,0,84,119,0,203,0,49,139,5,193,0,133,258,5,396,479,0,479,875
06/23/2023,APA,CO,ANM,WE,Towers with Radar,0,86,148,13,247,31,79,258,31,399,31,165,406,44,646,663,0,663,1309
06/24/2023,APA,CO,ANM,WE,Towers with Radar,0,81,85,2,168,0,69,307,4,380,0,150,392,6,548,708,0,708,1256
06/25/2023,APA,CO,ANM,WE,Towers with Radar,0,83,123,15,221,0,64,349,1,414,0,147,472,16,635,818,0,818,1453
06/26/2023,APA,CO,ANM,WE,Towers with Radar,0,78,92,10,180,0,77,339,2,418,0,155,431,12,598,692,0,692,1290
06/27/2023,APA,CO,ANM,WE,Towers with Radar,0,94,109,12,215,0,41,109,4,154,0,135,218,16,369,206,0,206,575
06/28/2023,APA,CO,ANM,WE,Towers with Radar,0,100,158,7,265,0,70,322,6,398,0,170,480,13,663,746,0,746,1409
06/29/2023,APA,CO,ANM,WE,Towers with Radar,0,87,131,3,221,0,36,138,7,181,0,123,269,10,402,200,0,200,602
06/30/2023,APA,CO,ANM,WE,Towers with Radar,0,75,128,4,207,0,26,149,2,177,0,101,277,6,384,406,0,406,790
07/01/2023,APA,CO,ANM,WE,Towers with Radar,0,81,106,1,188,0,66,338,1,405,0,147,444,2,593,690,0,690,1283
07/02/2023,APA,CO,ANM,WE,Towers with Radar,0,67,84,2,153,0,54,222,1,277,0,121,306,3,430,641,0,641,1071
07/03/2023,APA,CO,ANM,WE,Towers with Radar,0,76,45,1,122,0,58,371,3,432,0,134,416,4,554,483,0,483,1037
07/04/2023,APA,CO,ANM,WE,Towers with Radar,0,61,43,2,106,0,78,190,4,272,0,139,233,6,378,555,0,555,933
07/05/2023,APA,CO,ANM,WE,Towers with Radar,0,83,109,7,199,0,4,74,0,78,0,87,183,7,277,128,0,128,405
07/06/2023,APA,CO,ANM,WE,Towers with Radar,0,80,145,4,229,0,40,109,1,150,0,120,254,5,379,504,0,504,883
07/07/2023,APA,CO,ANM,WE,Towers with Radar,0,75,116,3,194,0,42,193,3,238,0,117,309,6,432,696,0,696,1128
07/08/2023,APA,CO,ANM,WE,Towers with Radar,0,68,76,3,147,0,47,223,10,280,0,115,299,13,427,461,20,481,908
07/09/2023,APA,CO,ANM,WE,Towers with Radar,0,67,118,3,188,0,65,374,1,440,0,132,492,4,628,883,0,883,1511
07/10/2023,APA,CO,ANM,WE,Towers with Radar,0,81,110,3,194,0,57,229,5,291,0,138,339,8,485,703,0,703,1188
07/11/2023,APA,CO,ANM,WE,Towers with Radar,0,87,102,7,196,0,86,324,8,418,0,173,426,15,614,962,4,966,1580
07/12/2023,APA,CO,ANM,WE,Towers with Radar,0,89,127,2,218,0,117,325,5,447,0,206,452,7,665,989,6,995,1660
07/13/2023,APA,CO,ANM,WE,Towers with Radar,0,94,123,5,222,0,74,315,11,400,0,168,438,16,622,979,0,979,1601
07/14/2023,APA,CO,ANM,WE,Towers with Radar,0,107,132,5,244,0,52,289,10,351,0,159,421,15,595,499,0,499,1094
07/15/2023,APA,CO,ANM,WE,Towers with Radar,0,77,112,3,192,0,85,352,0,437,0,162,464,3,629,612,0,612,1241
07/16/2023,APA,CO,ANM,WE,Towers with Radar,0,95,147,7,249,0,74,344,2,420,0,169,491,9,669,662,3,665,1334
07/17/2023,APA,CO,ANM,WE,Towers with Radar,0,93,103,4,200,0,57,267,6,330,0,150,370,10,530,828,4,832,1362
07/18/2023,APA,CO,ANM,WE,Towers with Radar,0,88,110,13,211,0,63,252,9,324,0,151,362,22,535,766,0,766,1301
07/19/2023,APA,CO,ANM,WE,Towers with Radar,0,78,113,5,196,0,44,274,8,326,0,122,387,13,522,904,0,904,1426
07/20/2023,APA,CO,ANM,WE,Towers with Radar,0,77,131,13,221,0,20,98,3,121,0,97,229,16,342,238,0,238,580
07/21/2023,APA,CO,ANM,WE,Towers with Radar,0,93,131,22,246,9,61,325,13,408,9,154,456,35,654,727,2,729,1383
07/22/2023,APA,CO,ANM,WE,Towers with Radar,0,51,55,3,109,0,108,385,4,497,0,159,440,7,606,711,0,711,1317
07/23/2023,APA,CO,ANM,WE,Towers with Radar,0,101,178,10,289,0,71,236,2,309,0,172,414,12,598,492,0,492,1090
07/24/2023,APA,CO,ANM,WE,Towers with Radar,0,88,134,7,229,0,71,241,2,314,0,159,375,9,543,635,0,635,1178
07/25/2023,APA,CO,ANM,WE,Towers with Radar,0,85,100,10,195,0,80,288,4,372,0,165,388,14,567,146,0,146,713
07/26/2023,APA,CO,ANM,WE,Towers with Radar,0,93,102,7,202,0,94,268,4,366,0,187,370,11,568,65,0,65,633
07/27/2023,APA,CO,ANM,WE,Towers with Radar,0,87,107,9,203,0,97,235,5,337,0,184,342,14,540,634,0,634,1174
07/28/2023,APA,CO,ANM,WE,Towers with Radar,0,86,120,8,214,1,54,204,1,260,1,140,324,9,474,586,0,586,1060
07/29/2023,APA,CO,ANM,WE,Towers with Radar,0,64,97,7,168,0,86,251,3,340,0,150,348,10,508,607,14,621,1129
07/30/2023,APA,CO,ANM,WE,Towers with Radar,0,72,78,7,157,0,66,202,1,269,0,138,280,8,426,628,0,628,1054
07/31/2023,APA,CO,ANM,WE,Towers with Radar,0,80,87,6,173,0,22,207,1,230,0,102,294,7,403,325,0,325,728
08/01/2023,APA,CO,ANM,WE,Towers with Radar,0,84,104,8,196,0,50,218,9,277,0,134,322,17,473,719,2,721,1194
08/02/2023,APA,CO,ANM,WE,Towers with Radar,0,68,67,6,141,0,76,219,1,296,0,144,286,7,437,780,9,789,1226
08/03/2023,APA,CO,ANM,WE,Towers with Radar,0,69,107,7,183,0,75,271,4,350,0,144,378,11,533,676,0,676,1209
08/04/2023,APA,CO,ANM,WE,Towers with Radar,0,72,111,9,192,0,100,457,1,558,0,172,568,10,750,946,0,946,1696
08/05/2023,APA,CO,ANM,WE,Towers with Radar,0,52,61,4,117,0,62,278,3,343,0,114,339,7,460,445,0,445,905
08/06/2023,APA,CO,ANM,WE,Towers with Radar,0,78,114,2,194,0,23,195,0,218,0,101,309,2,412,579,0,579,991
08/07/2023,APA,CO,ANM,WE,Towers with Radar,1,74,112,6,193,0,69,519,1,589,1,143,631,7,782,853,0,853,1635
08/08/2023,APA,CO,ANM,WE,Towers with Radar,0,92,106,4,202,0,62,339,3,404,0,154,445,7,606,779,0,779,1385
08/09/2023,APA,CO,ANM,WE,Towers with Radar,1,89,104,5,199,0,79,395,2,476,1,168,499,7,675,890,0,890,1565
08/10/2023,APA,CO,ANM,WE,Towers with Radar,0,97,143,9,249,0,67,302,1,370,0,164,445,10,619,811,0,811,1430
08/11/2023,APA,CO,ANM,WE,Towers with Radar,0,63,133,19,215,0,69,281,5,355,0,132,414,24,570,603,0,603,1173
08/12/2023,APA,CO,ANM,WE,Towers with Radar,0,62,76,8,146,0,63,215,8,286,0,125,291,16,432,707,10,717,1149
08/13/2023,APA,CO,ANM,WE,Towers with Radar,0,109,119,11,239,0,52,174,0,226,0,161,293,11,465,481,0,481,946
08/14/2023,APA,CO,ANM,WE,Towers with Radar,0,93,110,10,213,0,72,378,2,452,0,165,488,12,665,816,0,816,1481
08/15/2023,APA,CO,ANM,WE,Towers with Radar,0,109,123,6,238,0,93,408,2,503,0,202,531,8,741,1152,0,1152,1893
08/16/2023,APA,CO,ANM,WE,Towers with Radar,0,72,123,3,198,0,77,296,3,376,0,149,419,6,574,726,0,726,1300
08/17/2023,APA,CO,ANM,WE,Towers with Radar,0,86,125,8,219,0,64,269,3,336,0,150,394,11,555,115,0,115,670
08/18/2023,APA,CO,ANM,WE,Towers with Radar,0,65,117,20,202,0,62,250,8,320,0,127,367,28,522,550,2,552,1074
08/19/2023,APA,CO,ANM,WE,Towers with Radar,0,72,85,7,164,0,105,301,14,420,0,177,386,21,584,540,1,541,1125
08/20/2023,APA,CO,ANM,WE,Towers with Radar,0,77,105,13,195,0,68,251,3,322,0,145,356,16,517,539,0,539,1056
08/21/2023,APA,CO,ANM,WE,Towers with Radar,0,82,83,7,172,0,69,177,5,251,0,151,260,12,423,495,0,495,918
08/22/2023,APA,CO,ANM,WE,Towers with Radar,0,95,101,13,209,0,91,241,5,337,0,186,342,18,546,621,0,621,1167
08/23/2023,APA,CO,ANM,WE,Towers with Radar,0,85,116,4,205,0,87,248,5,340,0,172,364,9,545,699,0,699,1244
08/24/2023,APA,CO,ANM,WE,Towers with Radar,0,88,149,7,244,0,82,312,5,399,0,170,461,12,643,877,0,877,1520
08/25/2023,APA,CO,ANM,WE,Towers with Radar,0,86,107,7,200,0,31,60,7,98,0,117,167,14,298,393,0,393,691
08/26/2023,APA,CO,ANM,WE,Towers with Radar,0,81,84,4,169,0,63,199,0,262,0,144,283,4,431,607,0,607,1038
08/27/2023,APA,CO,ANM,WE,Towers with Radar,0,72,131,7,210,0,45,290,2,337,0,117,421,9,547,517,0,517,1064
08/28/2023,APA,CO,ANM,WE,Towers with Radar,0,94,116,11,221,0,28,145,0,173,0,122,261,11,394,527,0,527,921
08/29/2023,APA,CO,ANM,WE,Towers with Radar,0,91,123,3,217,0,145,374,3,522,0,236,497,6,739,1090,0,1090,1829
08/30/2023,APA,CO,ANM,WE,Towers with Radar,0,82,137,11,230,0,135,332,5,472,0,217,469,16,702,977,4,981,1683
08/31/2023,APA,CO,ANM,WE,Towers with Radar,0,95,142,6,243,0,119,335,8,462,0,214,477,14,705,669,1,670,1375
