01/01/2000,APF,FL,ASO,ES,Federal Contract Tower,0,18,48,0,66,0,14,111,0,125,0,32,159,0,191,16,0,16,207
01/02/2000,APF,FL,ASO,ES,Federal Contract Tower,0,49,140,0,189,0,0,173,0,173,0,49,313,0,362,12,0,12,374
01/03/2000,APF,FL,ASO,ES,Federal Contract Tower,0,37,101,0,138,0,1,157,0,158,0,38,258,0,296,68,0,68,364
01/04/2000,APF,FL,ASO,ES,Federal Contract Tower,0,36,97,0,133,0,0,147,0,147,0,36,244,0,280,112,0,112,392
01/05/2000,APF,FL,ASO,ES,Federal Contract Tower,0,30,80,0,110,0,10,142,0,152,0,40,222,0,262,126,2,128,390
01/06/2000,APF,FL,ASO,ES,Federal Contract Tower,0,31,83,0,114,0,6,133,0,139,0,37,216,0,253,72,0,72,325
01/07/2000,APF,FL,ASO,ES,Federal Contract Tower,0,35,107,0,142,0,0,139,0,139,0,35,246,0,281,112,0,112,393
01/08/2000,APF,FL,ASO,ES,Federal Contract Tower,0,25,66,0,91,0,0,85,0,85,0,25,151,0,176,40,0,40,216
01/09/2000,APF,FL,ASO,ES,Federal Contract Tower,0,35,93,0,128,0,9,192,0,201,0,44,285,0,329,46,0,46,375
01/10/2000,APF,FL,ASO,ES,Federal Contract Tower,0,30,81,0,111,0,2,114,0,116,0,32,195,0,227,110,0,110,337
01/11/2000,APF,FL,ASO,ES,Federal Contract Tower,0,22,59,0,81,0,10,71,0,81,0,32,130,0,162,40,0,40,202
01/12/2000,APF,FL,ASO,ES,Federal Contract Tower,0,41,110,0,151,0,4,193,0,197,0,45,303,0,348,122,0,122,470
01/13/2000,APF,FL,ASO,ES,Federal Contract Tower,0,42,112,0,154,0,2,177,0,179,0,44,289,0,333,114,0,114,447
01/14/2000,APF,FL,ASO,ES,Federal Contract Tower,0,36,100,0,136,0,4,83,0,87,0,40,183,0,223,8,0,8,231
01/15/2000,APF,FL,ASO,ES,Federal Contract Tower,0,32,88,0,120,0,7,133,0,140,0,39,221,0,260,18,0,18,278
01/16/2000,APF,FL,ASO,ES,Federal Contract Tower,0,41,113,0,154,0,9,212,0,221,0,50,325,0,375,54,0,54,429
01/17/2000,APF,FL,ASO,ES,Federal Contract Tower,0,33,94,0,127,0,14,185,0,199,0,47,279,0,326,46,0,46,372
01/18/2000,APF,FL,ASO,ES,Federal Contract Tower,0,30,86,0,116,0,8,188,0,196,0,38,274,0,312,106,0,106,418
01/19/2000,APF,FL,ASO,ES,Federal Contract Tower,0,37,103,0,140,0,8,160,0,168,0,45,263,0,308,92,0,92,400
01/20/2000,APF,FL,ASO,ES,Federal Contract Tower,0,40,115,0,155,0,0,83,2,85,0,40,198,2,240,44,0,44,284
01/21/2000,APF,FL,ASO,ES,Federal Contract Tower,0,39,119,0,158,0,0,217,0,217,0,39,336,0,375,79,0,79,454
01/22/2000,APF,FL,ASO,ES,Federal Contract Tower,0,30,83,0,113,0,3,232,0,235,0,33,315,0,348,76,0,76,424
01/23/2000,APF,FL,ASO,ES,Federal Contract Tower,0,40,112,0,152,0,6,177,0,183,0,46,289,0,335,48,0,48,383
01/24/2000,APF,FL,ASO,ES,Federal Contract Tower,0,29,81,0,110,0,13,27,0,40,0,42,108,0,150,2,0,2,152
01/25/2000,APF,FL,ASO,ES,Federal Contract Tower,0,35,98,0,133,0,6,150,0,156,0,41,248,0,289,84,0,84,373
01/26/2000,APF,FL,ASO,ES,Federal Contract Tower,0,38,116,0,154,0,0,140,0,140,0,38,256,0,294,22,0,22,316
01/27/2000,APF,FL,ASO,ES,Federal Contract Tower,0,48,132,0,180,0,0,137,0,137,0,48,269,0,317,16,0,16,333
01/28/2000,APF,FL,ASO,ES,Federal Contract Tower,0,38,106,0,144,0,9,179,0,188,0,47,285,0,332,68,0,68,400
01/29/2000,APF,FL,ASO,ES,Federal Contract Tower,0,29,82,0,111,0,1,190,0,191,0,30,272,0,302,56,0,56,358
01/30/2000,APF,FL,ASO,ES,Federal Contract Tower,0,33,94,0,127,0,13,154,0,167,0,46,248,0,294,52,0,52,346
01/31/2000,APF,FL,ASO,ES,Federal Contract Tower,0,32,90,0,122,0,8,106,2,116,0,40,196,2,238,86,0,86,324
02/01/2000,APF,FL,ASO,ES,Federal Contract Tower,0,33,113,0,146,0,0,100,0,100,0,33,213,0,246,6,0,6,252
02/02/2000,APF,FL,ASO,ES,Federal Contract Tower,0,31,87,0,118,0,8,73,0,81,0,39,160,0,199,22,0,22,221
02/03/2000,APF,FL,ASO,ES,Federal Contract Tower,0,31,102,0,133,0,0,119,0,119,0,31,221,0,252,108,0,108,360
02/04/2000,APF,FL,ASO,ES,Federal Contract Tower,0,37,107,0,144,0,7,223,0,230,0,44,330,0,374,116,0,116,490
02/05/2000,APF,FL,ASO,ES,Federal Contract Tower,0,26,74,0,100,0,2,191,0,193,0,28,265,0,293,58,0,58,351
02/06/2000,APF,FL,ASO,ES,Federal Contract Tower,0,38,127,0,165,0,0,180,0,180,0,38,307,0,345,38,0,38,383
02/07/2000,APF,FL,ASO,ES,Federal Contract Tower,0,42,119,0,161,0,9,176,0,185,0,51,295,0,346,70,0,70,416
02/08/2000,APF,FL,ASO,ES,Federal Contract Tower,0,35,100,0,135,0,4,76,2,82,0,39,176,2,217,54,0,54,271
02/09/2000,APF,FL,ASO,ES,Federal Contract Tower,0,41,122,0,163,0,0,164,0,164,0,41,286,0,327,22,0,22,349
02/10/2000,APF,FL,ASO,ES,Federal Contract Tower,0,43,123,0,166,0,4,186,0,190,0,47,309,0,356,48,0,48,404
02/11/2000,APF,FL,ASO,ES,Federal Contract Tower,0,44,127,0,171,0,9,223,0,232,0,53,350,0,403,34,0,34,437
02/12/2000,APF,FL,ASO,ES,Federal Contract Tower,0,26,77,0,103,0,13,169,0,182,0,39,246,0,285,20,0,20,305
02/13/2000,APF,FL,ASO,ES,Federal Contract Tower,0,44,128,0,172,0,18,187,0,205,0,62,315,0,377,50,0,50,427
02/14/2000,APF,FL,ASO,ES,Federal Contract Tower,0,34,99,0,133,0,17,82,0,99,0,51,181,0,232,24,0,24,256
02/15/2000,APF,FL,ASO,ES,Federal Contract Tower,0,35,111,0,146,0,0,154,0,154,0,35,265,0,300,42,0,42,342
02/16/2000,APF,FL,ASO,ES,Federal Contract Tower,0,40,120,0,160,0,8,142,0,150,0,48,262,0,310,52,0,52,362
02/17/2000,APF,FL,ASO,ES,Federal Contract Tower,0,50,147,0,197,0,2,163,0,165,0,52,310,0,362,62,0,62,424
02/18/2000,APF,FL,ASO,ES,Federal Contract Tower,0,40,120,0,160,0,10,143,0,153,0,50,263,0,313,90,0,90,403
02/19/2000,APF,FL,ASO,ES,Federal Contract Tower,0,28,85,0,113,0,13,188,0,201,0,41,273,0,314,68,0,68,382
02/20/2000,APF,FL,ASO,ES,Federal Contract Tower,0,39,117,0,156,0,8,118,0,126,0,47,235,0,282,36,0,36,318
02/21/2000,APF,FL,ASO,ES,Federal Contract Tower,0,47,137,0,184,0,5,186,0,191,0,52,323,0,375,56,0,56,431
02/22/2000,APF,FL,ASO,ES,Federal Contract Tower,0,45,131,0,176,0,9,153,0,162,0,54,284,0,338,98,0,98,436
02/23/2000,APF,FL,ASO,ES,Federal Contract Tower,0,37,108,0,145,0,16,175,0,191,0,53,283,0,336,64,0,64,400
02/24/2000,APF,FL,ASO,ES,Federal Contract Tower,0,53,156,0,209,0,2,156,0,158,0,55,312,0,367,84,0,84,451
02/25/2000,APF,FL,ASO,ES,Federal Contract Tower,0,42,123,0,165,0,5,172,0,177,0,47,295,0,342,70,0,70,412
02/26/2000,APF,FL,ASO,ES,Federal Contract Tower,0,28,84,0,112,0,9,239,0,248,0,37,323,0,360,100,0,100,460
02/27/2000,APF,FL,ASO,ES,Federal Contract Tower,0,42,123,0,165,0,5,198,0,203,0,47,321,0,368,46,0,46,414
02/28/2000,APF,FL,ASO,ES,Federal Contract Tower,0,37,109,0,146,0,8,173,0,181,0,45,282,0,327,34,0,34,361
02/29/2000,APF,FL,ASO,ES,Federal Contract Tower,0,41,122,0,163,0,6,234,6,246,0,47,356,6,409,42,0,42,451
03/01/2000,APF,FL,ASO,ES,Federal Contract Tower,0,35,96,0,131,0,11,191,0,202,0,46,287,0,333,70,0,70,403
03/02/2000,APF,FL,ASO,ES,Federal Contract Tower,1,41,111,0,153,3,11,188,0,202,4,52,299,0,355,52,0,52,407
03/03/2000,APF,FL,ASO,ES,Federal Contract Tower,1,43,117,0,161,1,21,147,0,169,2,64,264,0,330,28,0,28,358
03/04/2000,APF,FL,ASO,ES,Federal Contract Tower,0,28,75,0,103,0,8,183,0,191,0,36,258,0,294,96,0,96,390
03/05/2000,APF,FL,ASO,ES,Federal Contract Tower,0,42,115,0,157,0,7,145,0,152,0,49,260,0,309,18,0,18,327
03/06/2000,APF,FL,ASO,ES,Federal Contract Tower,0,34,92,0,126,0,10,155,2,167,0,44,247,2,293,104,0,104,397
03/07/2000,APF,FL,ASO,ES,Federal Contract Tower,0,41,107,0,148,0,13,170,0,183,0,54,277,0,331,166,0,166,497
03/08/2000,APF,FL,ASO,ES,Federal Contract Tower,0,41,108,0,149,0,9,206,0,215,0,50,314,0,364,136,0,136,500
03/09/2000,APF,FL,ASO,ES,Federal Contract Tower,0,41,108,0,149,0,4,199,0,203,0,45,307,0,352,78,0,78,430
03/10/2000,APF,FL,ASO,ES,Federal Contract Tower,0,50,132,0,182,0,3,191,0,194,0,53,323,0,376,40,0,40,416
03/11/2000,APF,FL,ASO,ES,Federal Contract Tower,0,33,88,0,121,0,3,167,0,170,0,36,255,0,291,30,0,30,321
03/12/2000,APF,FL,ASO,ES,Federal Contract Tower,0,53,141,0,194,0,8,142,0,150,0,61,283,0,344,52,0,52,396
03/13/2000,APF,FL,ASO,ES,Federal Contract Tower,0,44,117,0,161,0,8,186,0,194,0,52,303,0,355,74,0,74,429
03/14/2000,APF,FL,ASO,ES,Federal Contract Tower,0,39,104,0,143,0,6,202,4,212,0,45,306,4,355,90,0,90,445
03/15/2000,APF,FL,ASO,ES,Federal Contract Tower,0,47,128,0,175,0,5,179,0,184,0,52,307,0,359,80,0,80,439
03/16/2000,APF,FL,ASO,ES,Federal Contract Tower,0,48,132,0,180,0,7,108,0,115,0,55,240,0,295,50,0,50,345
03/17/2000,APF,FL,ASO,ES,Federal Contract Tower,0,41,114,0,155,0,9,179,0,188,0,50,293,0,343,92,0,92,435
03/18/2000,APF,FL,ASO,ES,Federal Contract Tower,0,35,98,0,133,0,5,155,0,160,0,40,253,0,293,100,0,100,393
03/19/2000,APF,FL,ASO,ES,Federal Contract Tower,0,46,125,0,171,0,4,86,0,90,0,50,211,0,261,74,0,74,335
03/20/2000,APF,FL,ASO,ES,Federal Contract Tower,0,46,127,0,173,0,19,142,0,161,0,65,269,0,334,138,0,138,472
03/21/2000,APF,FL,ASO,ES,Federal Contract Tower,0,35,98,0,133,0,15,166,0,181,0,50,264,0,314,100,0,100,414
03/22/2000,APF,FL,ASO,ES,Federal Contract Tower,0,42,116,0,158,0,24,153,0,177,0,66,269,0,335,38,0,38,373
03/23/2000,APF,FL,ASO,ES,Federal Contract Tower,0,42,116,0,158,0,13,176,0,189,0,55,292,0,347,50,0,50,397
03/24/2000,APF,FL,ASO,ES,Federal Contract Tower,0,53,145,0,198,0,3,173,0,176,0,56,318,0,374,34,0,34,408
03/25/2000,APF,FL,ASO,ES,Federal Contract Tower,0,37,100,0,137,0,8,217,0,225,0,45,317,0,362,56,0,56,418
03/26/2000,APF,FL,ASO,ES,Federal Contract Tower,0,47,136,0,183,0,0,207,0,207,0,47,343,0,390,57,0,57,447
03/27/2000,APF,FL,ASO,ES,Federal Contract Tower,0,40,109,0,149,0,27,47,0,74,0,67,156,0,223,26,0,26,249
03/28/2000,APF,FL,ASO,ES,Federal Contract Tower,0,37,100,0,137,0,13,190,0,203,0,50,290,0,340,68,0,68,408
03/29/2000,APF,FL,ASO,ES,Federal Contract Tower,0,42,125,0,167,0,0,143,0,143,0,42,268,0,310,32,0,32,342
03/30/2000,APF,FL,ASO,ES,Federal Contract Tower,0,46,125,0,171,0,0,152,0,152,0,46,277,0,323,32,0,32,355
03/31/2000,APF,FL,ASO,ES,Federal Contract Tower,0,46,135,0,181,0,0,149,0,149,0,46,284,0,330,34,0,34,364
04/01/2000,APF,FL,ASO,ES,Federal Contract Tower,0,45,99,0,144,0,12,150,0,162,0,57,249,0,306,27,0,27,333
04/02/2000,APF,FL,ASO,ES,Federal Contract Tower,0,45,117,0,162,0,0,191,0,191,0,45,308,0,353,80,0,80,433
04/03/2000,APF,FL,ASO,ES,Federal Contract Tower,0,36,80,0,116,0,18,155,0,173,0,54,235,0,289,48,0,48,337
04/04/2000,APF,FL,ASO,ES,Federal Contract Tower,0,34,76,0,110,0,14,102,0,116,0,48,178,0,226,38,0,38,264
04/05/2000,APF,FL,ASO,ES,Federal Contract Tower,0,39,86,0,125,0,0,198,0,198,0,39,284,0,323,60,0,60,383
04/06/2000,APF,FL,ASO,ES,Federal Contract Tower,0,43,102,0,145,0,0,208,0,208,0,43,310,0,353,64,0,64,417
04/07/2000,APF,FL,ASO,ES,Federal Contract Tower,0,43,95,0,138,0,11,242,0,253,0,54,337,0,391,76,0,76,467
04/08/2000,APF,FL,ASO,ES,Federal Contract Tower,0,36,80,0,116,0,11,185,0,196,0,47,265,0,312,122,0,122,434
04/09/2000,APF,FL,ASO,ES,Federal Contract Tower,0,38,85,0,123,0,14,194,0,208,0,52,279,0,331,60,0,60,391
04/10/2000,APF,FL,ASO,ES,Federal Contract Tower,0,43,94,0,137,0,6,185,0,191,0,49,279,0,328,30,0,30,358
04/11/2000,APF,FL,ASO,ES,Federal Contract Tower,0,38,87,0,125,0,0,182,6,188,0,38,269,6,313,28,0,28,341
04/12/2000,APF,FL,ASO,ES,Federal Contract Tower,0,36,80,0,116,0,14,147,12,173,0,50,227,12,289,80,0,80,369
04/13/2000,APF,FL,ASO,ES,Federal Contract Tower,0,42,92,0,134,0,2,163,0,165,0,44,255,0,299,138,0,138,437
04/14/2000,APF,FL,ASO,ES,Federal Contract Tower,0,39,86,0,125,0,8,64,2,74,0,47,150,2,199,58,0,58,257
04/15/2000,APF,FL,ASO,ES,Federal Contract Tower,0,30,67,0,97,0,6,178,0,184,0,36,245,0,281,184,0,184,465
04/16/2000,APF,FL,ASO,ES,Federal Contract Tower,0,34,77,0,111,0,18,149,0,167,0,52,226,0,278,36,0,36,314
04/17/2000,APF,FL,ASO,ES,Federal Contract Tower,0,37,85,0,122,0,2,181,2,185,0,39,266,2,307,100,0,100,407
04/18/2000,APF,FL,ASO,ES,Federal Contract Tower,0,40,91,0,131,0,15,159,0,174,0,55,250,0,305,72,0,72,377
04/19/2000,APF,FL,ASO,ES,Federal Contract Tower,0,51,116,0,167,0,0,199,0,199,0,51,315,0,366,48,0,48,414
04/20/2000,APF,FL,ASO,ES,Federal Contract Tower,0,57,129,0,186,0,18,197,0,215,0,75,326,0,401,80,0,80,481
04/21/2000,APF,FL,ASO,ES,Federal Contract Tower,0,46,106,0,152,0,5,183,0,188,0,51,289,0,340,56,0,56,396
04/22/2000,APF,FL,ASO,ES,Federal Contract Tower,0,28,66,0,94,0,13,188,0,201,0,41,254,0,295,30,0,30,325
04/23/2000,APF,FL,ASO,ES,Federal Contract Tower,0,36,84,0,120,0,11,167,0,178,0,47,251,0,298,20,0,20,318
04/24/2000,APF,FL,ASO,ES,Federal Contract Tower,0,52,122,0,174,0,0,138,0,138,0,52,260,0,312,52,0,52,364
04/25/2000,APF,FL,ASO,ES,Federal Contract Tower,0,37,84,0,121,0,19,88,0,107,0,56,172,0,228,68,0,68,296
04/26/2000,APF,FL,ASO,ES,Federal Contract Tower,0,40,92,0,132,0,1,214,0,215,0,41,306,0,347,116,0,116,463
04/27/2000,APF,FL,ASO,ES,Federal Contract Tower,0,42,95,0,137,0,16,202,0,218,0,58,297,0,355,92,0,92,447
04/28/2000,APF,FL,ASO,ES,Federal Contract Tower,0,38,87,0,125,0,18,155,0,173,0,56,242,0,298,118,2,120,418
04/29/2000,APF,FL,ASO,ES,Federal Contract Tower,0,24,56,0,80,0,9,157,0,166,0,33,213,0,246,152,0,152,398
04/30/2000,APF,FL,ASO,ES,Federal Contract Tower,0,36,81,0,117,0,10,160,0,170,0,46,241,0,287,64,0,64,351
05/01/2000,APF,FL,ASO,ES,Federal Contract Tower,0,22,50,0,72,0,6,163,0,169,0,28,213,0,241,134,0,134,375
05/02/2000,APF,FL,ASO,ES,Federal Contract Tower,0,33,75,0,108,0,14,169,0,183,0,47,244,0,291,146,0,146,437
05/03/2000,APF,FL,ASO,ES,Federal Contract Tower,0,36,84,0,120,0,5,88,0,93,0,41,172,0,213,52,0,52,265
05/04/2000,APF,FL,ASO,ES,Federal Contract Tower,1,34,80,0,115,1,12,162,0,175,2,46,242,0,290,132,0,132,422
05/05/2000,APF,FL,ASO,ES,Federal Contract Tower,0,33,75,0,108,0,6,209,0,215,0,39,284,0,323,62,0,62,385
05/06/2000,APF,FL,ASO,ES,Federal Contract Tower,0,22,49,0,71,0,15,206,0,221,0,37,255,0,292,102,0,102,394
05/07/2000,APF,FL,ASO,ES,Federal Contract Tower,0,27,77,0,104,0,0,165,0,165,0,27,242,0,269,62,0,62,331
05/08/2000,APF,FL,ASO,ES,Federal Contract Tower,0,29,64,0,93,0,7,133,0,140,0,36,197,0,233,152,0,152,385
05/09/2000,APF,FL,ASO,ES,Federal Contract Tower,0,26,59,0,85,0,5,132,0,137,0,31,191,0,222,62,0,62,284
05/10/2000,APF,FL,ASO,ES,Federal Contract Tower,0,28,62,0,90,0,1,167,0,168,0,29,229,0,258,126,4,130,388
05/11/2000,APF,FL,ASO,ES,Federal Contract Tower,0,31,68,0,99,0,3,160,0,163,0,34,228,0,262,92,0,92,354
05/12/2000,APF,FL,ASO,ES,Federal Contract Tower,0,36,80,0,116,0,7,176,2,185,0,43,256,2,301,92,0,92,393
05/13/2000,APF,FL,ASO,ES,Federal Contract Tower,0,19,45,0,64,0,3,165,0,168,0,22,210,0,232,66,0,66,298
05/14/2000,APF,FL,ASO,ES,Federal Contract Tower,0,23,55,0,78,0,12,118,0,130,0,35,173,0,208,50,0,50,258
05/15/2000,APF,FL,ASO,ES,Federal Contract Tower,0,24,57,0,81,0,10,134,0,144,0,34,191,0,225,142,0,142,367
05/16/2000,APF,FL,ASO,ES,Federal Contract Tower,0,34,79,0,113,0,8,158,0,166,0,42,237,0,279,136,0,136,415
05/17/2000,APF,FL,ASO,ES,Federal Contract Tower,0,28,67,0,95,0,12,177,0,189,0,40,244,0,284,132,0,132,416
05/18/2000,APF,FL,ASO,ES,Federal Contract Tower,0,32,82,0,114,2,0,184,0,186,2,32,266,0,300,54,0,54,354
05/19/2000,APF,FL,ASO,ES,Federal Contract Tower,0,37,86,0,123,0,3,213,2,218,0,40,299,2,341,66,0,66,407
05/20/2000,APF,FL,ASO,ES,Federal Contract Tower,0,22,51,0,73,0,19,174,0,193,0,41,225,0,266,60,0,60,326
05/21/2000,APF,FL,ASO,ES,Federal Contract Tower,0,28,71,0,99,0,0,156,0,156,0,28,227,0,255,40,0,40,295
05/22/2000,APF,FL,ASO,ES,Federal Contract Tower,0,26,61,0,87,0,9,135,0,144,0,35,196,0,231,104,0,104,335
05/23/2000,APF,FL,ASO,ES,Federal Contract Tower,0,25,58,0,83,0,1,114,0,115,0,26,172,0,198,108,0,108,306
05/24/2000,APF,FL,ASO,ES,Federal Contract Tower,0,27,64,0,91,0,13,139,2,154,0,40,203,2,245,80,0,80,325
05/25/2000,APF,FL,ASO,ES,Federal Contract Tower,0,33,77,0,110,0,3,113,0,116,0,36,190,0,226,90,0,90,316
05/26/2000,APF,FL,ASO,ES,Federal Contract Tower,0,35,81,0,116,0,10,130,0,140,0,45,211,0,256,62,0,62,318
05/27/2000,APF,FL,ASO,ES,Federal Contract Tower,0,20,48,0,68,0,15,147,0,162,0,35,195,0,230,52,0,52,282
05/28/2000,APF,FL,ASO,ES,Federal Contract Tower,0,16,39,0,55,0,6,119,0,125,0,22,158,0,180,96,0,96,276
05/29/2000,APF,FL,ASO,ES,Federal Contract Tower,0,22,53,0,75,0,5,139,0,144,0,27,192,0,219,22,0,22,241
05/30/2000,APF,FL,ASO,ES,Federal Contract Tower,0,29,68,0,97,2,7,139,0,148,2,36,207,0,245,72,0,72,317
05/31/2000,APF,FL,ASO,ES,Federal Contract Tower,0,25,59,0,84,0,9,118,0,127,0,34,177,0,211,22,0,22,233
06/01/2000,APF,FL,ASO,ES,Federal Contract Tower,0,33,59,0,92,0,4,126,0,130,0,37,185,0,222,60,0,60,282
06/02/2000,APF,FL,ASO,ES,Federal Contract Tower,1,31,56,0,88,1,1,123,0,125,2,32,179,0,213,42,0,42,255
06/03/2000,APF,FL,ASO,ES,Federal Contract Tower,0,23,40,0,63,0,0,135,0,135,0,23,175,0,198,58,0,58,256
06/04/2000,APF,FL,ASO,ES,Federal Contract Tower,0,25,49,0,74,0,0,102,0,102,0,25,151,0,176,56,0,56,232
06/05/2000,APF,FL,ASO,ES,Federal Contract Tower,0,25,44,0,69,0,12,115,0,127,0,37,159,0,196,72,0,72,268
06/06/2000,APF,FL,ASO,ES,Federal Contract Tower,0,27,46,0,73,1,10,117,0,128,1,37,163,0,201,54,0,54,255
06/07/2000,APF,FL,ASO,ES,Federal Contract Tower,0,25,43,0,68,0,1,133,0,134,0,26,176,0,202,98,0,98,300
06/08/2000,APF,FL,ASO,ES,Federal Contract Tower,0,29,50,0,79,0,2,128,0,130,0,31,178,0,209,40,0,40,249
06/09/2000,APF,FL,ASO,ES,Federal Contract Tower,0,25,44,0,69,0,6,128,0,134,0,31,172,0,203,44,0,44,247
06/10/2000,APF,FL,ASO,ES,Federal Contract Tower,0,19,33,0,52,0,6,153,0,159,0,25,186,0,211,52,0,52,263
06/11/2000,APF,FL,ASO,ES,Federal Contract Tower,0,16,28,0,44,0,6,78,0,84,0,22,106,0,128,50,4,54,182
06/12/2000,APF,FL,ASO,ES,Federal Contract Tower,0,18,33,1,52,0,3,123,1,127,0,21,156,2,179,68,0,68,247
06/13/2000,APF,FL,ASO,ES,Federal Contract Tower,0,22,40,0,62,0,3,126,0,129,0,25,166,0,191,46,0,46,237
06/14/2000,APF,FL,ASO,ES,Federal Contract Tower,0,31,54,1,86,0,4,145,3,152,0,35,199,4,238,28,0,28,266
06/15/2000,APF,FL,ASO,ES,Federal Contract Tower,0,25,58,0,83,1,0,190,0,191,1,25,248,0,274,104,0,104,378
06/16/2000,APF,FL,ASO,ES,Federal Contract Tower,0,28,62,0,90,0,0,144,0,144,0,28,206,0,234,62,0,62,296
06/17/2000,APF,FL,ASO,ES,Federal Contract Tower,0,21,38,0,59,0,3,165,0,168,0,24,203,0,227,88,0,88,315
06/18/2000,APF,FL,ASO,ES,Federal Contract Tower,0,16,30,0,46,0,7,87,1,95,0,23,117,1,141,80,0,80,221
06/19/2000,APF,FL,ASO,ES,Federal Contract Tower,0,26,47,0,73,0,6,143,0,149,0,32,190,0,222,84,0,84,306
06/20/2000,APF,FL,ASO,ES,Federal Contract Tower,0,27,48,0,75,0,1,159,0,160,0,28,207,0,235,92,0,92,327
06/21/2000,APF,FL,ASO,ES,Federal Contract Tower,0,26,47,0,73,0,4,150,0,154,0,30,197,0,227,156,0,156,383
06/22/2000,APF,FL,ASO,ES,Federal Contract Tower,0,28,50,0,78,0,11,118,4,133,0,39,168,4,211,94,0,94,305
06/23/2000,APF,FL,ASO,ES,Federal Contract Tower,0,25,45,0,70,0,6,162,0,168,0,31,207,0,238,63,0,63,301
06/24/2000,APF,FL,ASO,ES,Federal Contract Tower,0,19,36,0,55,0,5,152,1,158,0,24,188,1,213,96,0,96,309
06/25/2000,APF,FL,ASO,ES,Federal Contract Tower,0,22,40,0,62,0,5,91,0,96,0,27,131,0,158,38,0,38,196
06/26/2000,APF,FL,ASO,ES,Federal Contract Tower,0,28,50,0,78,0,3,87,0,90,0,31,137,0,168,92,0,92,260
06/27/2000,APF,FL,ASO,ES,Federal Contract Tower,0,25,53,0,78,0,0,92,0,92,0,25,145,0,170,78,0,78,248
06/28/2000,APF,FL,ASO,ES,Federal Contract Tower,0,28,50,0,78,0,8,115,0,123,0,36,165,0,201,162,0,162,363
06/29/2000,APF,FL,ASO,ES,Federal Contract Tower,0,32,59,0,91,0,8,139,2,149,0,40,198,2,240,102,0,102,342
06/30/2000,APF,FL,ASO,ES,Federal Contract Tower,0,29,53,0,82,0,2,135,0,137,0,31,188,0,219,148,0,148,367
07/01/2000,APF,FL,ASO,ES,Federal Contract Tower,0,16,25,0,41,0,3,76,0,79,0,19,101,0,120,58,0,58,178
07/02/2000,APF,FL,ASO,ES,Federal Contract Tower,0,24,44,0,68,0,0,79,2,81,0,24,123,2,149,34,0,34,183
07/03/2000,APF,FL,ASO,ES,Federal Contract Tower,0,16,25,0,41,0,4,91,0,95,0,20,116,0,136,8,0,8,144
07/04/2000,APF,FL,ASO,ES,Federal Contract Tower,0,18,30,0,48,0,3,102,0,105,0,21,132,0,153,36,0,36,189
07/05/2000,APF,FL,ASO,ES,Federal Contract Tower,0,24,39,0,63,0,5,106,0,111,0,29,145,0,174,100,0,100,274
07/06/2000,APF,FL,ASO,ES,Federal Contract Tower,0,27,45,1,73,0,5,119,0,124,0,32,164,1,197,88,0,88,285
07/07/2000,APF,FL,ASO,ES,Federal Contract Tower,0,29,50,0,79,0,0,132,0,132,0,29,182,0,211,80,0,80,291
07/08/2000,APF,FL,ASO,ES,Federal Contract Tower,0,22,37,0,59,0,6,113,0,119,0,28,150,0,178,108,0,108,286
07/09/2000,APF,FL,ASO,ES,Federal Contract Tower,0,20,34,1,55,0,1,119,1,121,0,21,153,2,176,104,0,104,280
07/10/2000,APF,FL,ASO,ES,Federal Contract Tower,0,29,50,0,79,0,0,129,0,129,0,29,179,0,208,132,0,132,340
07/11/2000,APF,FL,ASO,ES,Federal Contract Tower,0,24,39,0,63,0,5,105,0,110,0,29,144,0,173,56,0,56,229
07/12/2000,APF,FL,ASO,ES,Federal Contract Tower,0,22,36,0,58,0,7,126,0,133,0,29,162,0,191,78,0,78,269
07/13/2000,APF,FL,ASO,ES,Federal Contract Tower,0,27,43,0,70,0,0,133,0,133,0,27,176,0,203,82,0,82,285
07/14/2000,APF,FL,ASO,ES,Federal Contract Tower,0,30,50,1,81,0,5,147,3,155,0,35,197,4,236,110,4,114,350
07/15/2000,APF,FL,ASO,ES,Federal Contract Tower,0,19,31,0,50,0,8,88,0,96,0,27,119,0,146,52,0,52,198
07/16/2000,APF,FL,ASO,ES,Federal Contract Tower,0,17,29,0,46,0,0,108,0,108,0,17,137,0,154,32,0,32,186
07/17/2000,APF,FL,ASO,ES,Federal Contract Tower,0,27,45,0,72,0,7,78,0,85,0,34,123,0,157,106,0,106,263
07/18/2000,APF,FL,ASO,ES,Federal Contract Tower,0,30,49,0,79,0,8,90,0,98,0,38,139,0,177,24,0,24,201
07/19/2000,APF,FL,ASO,ES,Federal Contract Tower,0,19,31,0,50,0,6,90,0,96,0,25,121,0,146,148,0,148,294
07/20/2000,APF,FL,ASO,ES,Federal Contract Tower,0,32,61,0,93,0,0,111,0,111,0,32,172,0,204,130,0,130,334
07/21/2000,APF,FL,ASO,ES,Federal Contract Tower,0,25,42,0,67,0,6,127,0,133,0,31,169,0,200,94,0,94,294
07/22/2000,APF,FL,ASO,ES,Federal Contract Tower,0,19,32,0,51,0,7,74,0,81,0,26,106,0,132,24,0,24,156
07/23/2000,APF,FL,ASO,ES,Federal Contract Tower,0,25,42,0,67,0,4,90,0,94,0,29,132,0,161,66,0,66,227
07/24/2000,APF,FL,ASO,ES,Federal Contract Tower,0,28,47,0,75,0,12,82,6,100,0,40,129,6,175,110,0,110,285
07/25/2000,APF,FL,ASO,ES,Federal Contract Tower,0,29,49,0,78,0,2,144,2,148,0,31,193,2,226,56,2,58,284
07/26/2000,APF,FL,ASO,ES,Federal Contract Tower,0,30,50,0,80,0,1,142,0,143,0,31,192,0,223,132,0,132,355
07/27/2000,APF,FL,ASO,ES,Federal Contract Tower,0,29,47,0,76,0,8,119,0,127,0,37,166,0,203,70,0,70,273
07/28/2000,APF,FL,ASO,ES,Federal Contract Tower,0,27,44,0,71,0,7,128,0,135,0,34,172,0,206,76,0,76,282
07/29/2000,APF,FL,ASO,ES,Federal Contract Tower,0,16,27,0,43,0,0,153,0,153,0,16,180,0,196,76,0,76,272
07/30/2000,APF,FL,ASO,ES,Federal Contract Tower,0,24,40,0,64,0,4,24,0,28,0,28,64,0,92,26,0,26,118
07/31/2000,APF,FL,ASO,ES,Federal Contract Tower,0,23,38,0,61,0,3,110,0,113,0,26,148,0,174,50,0,50,224
08/01/2000,APF,FL,ASO,ES,Federal Contract Tower,1,25,42,0,68,1,1,125,0,127,2,26,167,0,195,42,0,42,237
08/02/2000,APF,FL,ASO,ES,Federal Contract Tower,0,23,38,0,61,0,11,91,0,102,0,34,129,0,163,70,0,70,233
08/03/2000,APF,FL,ASO,ES,Federal Contract Tower,0,23,37,0,60,0,7,135,0,142,0,30,172,0,202,12,0,12,214
08/04/2000,APF,FL,ASO,ES,Federal Contract Tower,0,29,47,0,76,0,1,109,2,112,0,30,156,2,188,48,0,48,236
08/05/2000,APF,FL,ASO,ES,Federal Contract Tower,0,13,23,0,36,0,8,103,0,111,0,21,126,0,147,12,0,12,159
08/06/2000,APF,FL,ASO,ES,Federal Contract Tower,0,20,39,0,59,0,0,93,0,93,0,20,132,0,152,4,0,4,156
08/07/2000,APF,FL,ASO,ES,Federal Contract Tower,0,22,42,0,64,0,0,142,4,146,0,22,184,4,210,76,0,76,286
08/08/2000,APF,FL,ASO,ES,Federal Contract Tower,0,23,37,0,60,0,1,122,0,123,0,24,159,0,183,42,0,42,225
08/09/2000,APF,FL,ASO,ES,Federal Contract Tower,0,23,37,0,60,0,6,145,0,151,0,29,182,0,211,82,0,82,293
08/10/2000,APF,FL,ASO,ES,Federal Contract Tower,0,25,51,0,76,0,0,144,0,144,0,25,195,0,220,82,0,82,302
08/11/2000,APF,FL,ASO,ES,Federal Contract Tower,0,24,39,0,63,0,4,133,0,137,0,28,172,0,200,26,0,26,226
08/12/2000,APF,FL,ASO,ES,Federal Contract Tower,0,15,24,0,39,0,10,24,0,34,0,25,48,0,73,10,0,10,83
08/13/2000,APF,FL,ASO,ES,Federal Contract Tower,0,22,35,0,57,0,6,141,0,147,0,28,176,0,204,38,0,38,242
08/14/2000,APF,FL,ASO,ES,Federal Contract Tower,0,27,43,0,70,4,5,123,0,132,4,32,166,0,202,74,0,74,276
08/15/2000,APF,FL,ASO,ES,Federal Contract Tower,0,24,39,0,63,0,15,134,0,149,0,39,173,0,212,96,0,96,308
08/16/2000,APF,FL,ASO,ES,Federal Contract Tower,0,27,47,0,74,0,0,151,0,151,0,27,198,0,225,88,0,88,313
08/17/2000,APF,FL,ASO,ES,Federal Contract Tower,0,29,52,0,81,0,0,167,0,167,0,29,219,0,248,54,0,54,302
08/18/2000,APF,FL,ASO,ES,Federal Contract Tower,0,27,51,0,78,0,0,127,0,127,0,27,178,0,205,44,0,44,249
08/19/2000,APF,FL,ASO,ES,Federal Contract Tower,0,16,28,0,44,0,6,146,0,152,0,22,174,0,196,30,0,30,226
08/20/2000,APF,FL,ASO,ES,Federal Contract Tower,0,20,34,0,54,0,8,126,0,134,0,28,160,0,188,20,0,20,208
08/21/2000,APF,FL,ASO,ES,Federal Contract Tower,0,23,40,0,63,0,8,96,0,104,0,31,136,0,167,26,0,26,193
08/22/2000,APF,FL,ASO,ES,Federal Contract Tower,0,19,34,0,53,0,9,116,0,125,0,28,150,0,178,54,0,54,232
08/23/2000,APF,FL,ASO,ES,Federal Contract Tower,0,24,53,0,77,0,0,177,0,177,0,24,230,0,254,54,0,54,308
08/24/2000,APF,FL,ASO,ES,Federal Contract Tower,0,26,44,0,70,0,3,114,0,117,0,29,158,0,187,114,0,114,301
08/25/2000,APF,FL,ASO,ES,Federal Contract Tower,0,27,47,0,74,0,3,90,0,93,0,30,137,0,167,120,0,120,287
08/26/2000,APF,FL,ASO,ES,Federal Contract Tower,0,17,29,0,46,0,4,146,0,150,0,21,175,0,196,64,0,64,260
08/27/2000,APF,FL,ASO,ES,Federal Contract Tower,0,20,35,0,55,0,1,96,0,97,0,21,131,0,152,30,0,30,182
08/28/2000,APF,FL,ASO,ES,Federal Contract Tower,0,25,42,0,67,0,8,57,0,65,0,33,99,0,132,128,0,128,260
08/29/2000,APF,FL,ASO,ES,Federal Contract Tower,0,22,38,0,60,0,2,103,0,105,0,24,141,0,165,100,0,100,265
08/30/2000,APF,FL,ASO,ES,Federal Contract Tower,0,29,53,0,82,0,0,26,0,26,0,29,79,0,108,10,0,10,118
08/31/2000,APF,FL,ASO,ES,Federal Contract Tower,0,28,55,0,83,0,0,85,0,85,0,28,140,0,168,74,0,74,242
09/01/2000,APF,FL,ASO,ES,Federal Contract Tower,0,27,52,0,79,0,1,185,0,186,0,28,237,0,265,92,0,92,357
09/02/2000,APF,FL,ASO,ES,Federal Contract Tower,0,19,35,0,54,0,1,142,0,143,0,20,177,0,197,96,0,96,293
09/03/2000,APF,FL,ASO,ES,Federal Contract Tower,0,12,22,0,34,0,6,100,0,106,0,18,122,0,140,50,0,50,190
09/04/2000,APF,FL,ASO,ES,Federal Contract Tower,0,25,47,0,72,0,13,136,0,149,0,38,183,0,221,20,0,20,241
09/05/2000,APF,FL,ASO,ES,Federal Contract Tower,0,23,49,0,72,0,0,127,0,127,0,23,176,0,199,94,0,94,293
09/06/2000,APF,FL,ASO,ES,Federal Contract Tower,0,22,44,0,66,0,0,111,0,111,0,22,155,0,177,44,0,44,221
09/07/2000,APF,FL,ASO,ES,Federal Contract Tower,0,29,57,0,86,0,7,91,0,98,0,36,148,0,184,50,0,50,234
09/08/2000,APF,FL,ASO,ES,Federal Contract Tower,0,30,57,0,87,0,1,149,0,150,0,31,206,0,237,66,0,66,303
09/09/2000,APF,FL,ASO,ES,Federal Contract Tower,0,17,34,0,51,0,0,134,0,134,0,17,168,0,185,108,0,108,293
09/10/2000,APF,FL,ASO,ES,Federal Contract Tower,0,26,53,0,79,0,0,137,0,137,0,26,190,0,216,30,0,30,246
09/11/2000,APF,FL,ASO,ES,Federal Contract Tower,0,22,43,0,65,0,2,108,0,110,0,24,151,0,175,46,0,46,221
09/12/2000,APF,FL,ASO,ES,Federal Contract Tower,0,19,37,0,56,0,27,111,0,138,0,46,148,0,194,54,0,54,248
09/13/2000,APF,FL,ASO,ES,Federal Contract Tower,0,30,58,0,88,0,6,133,0,139,0,36,191,0,227,68,0,68,295
09/14/2000,APF,FL,ASO,ES,Federal Contract Tower,0,27,55,0,82,0,0,101,0,101,0,27,156,0,183,100,0,100,283
09/15/2000,APF,FL,ASO,ES,Federal Contract Tower,0,24,48,0,72,0,5,70,0,75,0,29,118,0,147,20,0,20,167
09/16/2000,APF,FL,ASO,ES,Federal Contract Tower,0,24,48,0,72,0,3,48,0,51,0,27,96,0,123,100,0,100,223
09/17/2000,APF,FL,ASO,ES,Federal Contract Tower,0,2,9,0,11,0,0,7,0,7,0,2,16,0,18,0,0,0,18
09/18/2000,APF,FL,ASO,ES,Federal Contract Tower,0,25,52,0,77,0,7,74,2,83,0,32,126,2,160,134,0,134,294
09/19/2000,APF,FL,ASO,ES,Federal Contract Tower,0,21,42,0,63,0,14,98,0,112,0,35,140,0,175,64,0,64,239
09/20/2000,APF,FL,ASO,ES,Federal Contract Tower,0,17,36,0,53,0,10,92,0,102,0,27,128,0,155,68,0,68,223
09/21/2000,APF,FL,ASO,ES,Federal Contract Tower,0,31,64,0,95,0,6,97,0,103,0,37,161,0,198,48,0,48,246
09/22/2000,APF,FL,ASO,ES,Federal Contract Tower,0,24,60,0,84,0,0,128,0,128,0,24,188,0,212,124,0,124,336
09/23/2000,APF,FL,ASO,ES,Federal Contract Tower,0,23,48,0,71,0,5,165,0,170,0,28,213,0,241,98,0,98,339
09/24/2000,APF,FL,ASO,ES,Federal Contract Tower,0,22,55,0,77,0,0,140,0,140,0,22,195,0,217,66,0,66,283
09/25/2000,APF,FL,ASO,ES,Federal Contract Tower,0,21,42,0,63,0,3,114,0,117,0,24,156,0,180,55,0,55,235
09/26/2000,APF,FL,ASO,ES,Federal Contract Tower,0,20,41,0,61,0,3,98,0,101,0,23,139,0,162,52,0,52,214
09/27/2000,APF,FL,ASO,ES,Federal Contract Tower,0,19,40,0,59,0,3,133,0,136,0,22,173,0,195,18,0,18,213
09/28/2000,APF,FL,ASO,ES,Federal Contract Tower,0,26,52,0,78,0,6,106,0,112,0,32,158,0,190,100,0,100,290
09/29/2000,APF,FL,ASO,ES,Federal Contract Tower,0,31,62,0,93,0,4,146,2,152,0,35,208,2,245,52,4,56,301
09/30/2000,APF,FL,ASO,ES,Federal Contract Tower,0,25,54,0,79,0,0,126,0,126,0,25,180,0,205,96,0,96,301
10/01/2000,APF,FL,ASO,ES,Federal Contract Tower,0,22,45,0,67,0,9,167,2,178,0,31,212,2,245,60,0,60,305
10/02/2000,APF,FL,ASO,ES,Federal Contract Tower,0,19,39,0,58,0,4,83,0,87,0,23,122,0,145,64,0,64,209
10/03/2000,APF,FL,ASO,ES,Federal Contract Tower,0,21,41,0,62,0,2,3,0,5,0,23,44,0,67,0,0,0,67
10/04/2000,APF,FL,ASO,ES,Federal Contract Tower,0,20,39,0,59,0,4,63,0,67,0,24,102,0,126,72,0,72,198
10/05/2000,APF,FL,ASO,ES,Federal Contract Tower,0,25,50,0,75,0,7,163,0,170,0,32,213,0,245,54,0,54,299
10/06/2000,APF,FL,ASO,ES,Federal Contract Tower,0,30,60,0,90,0,3,130,5,138,0,33,190,5,228,20,10,30,258
10/07/2000,APF,FL,ASO,ES,Federal Contract Tower,0,21,45,0,66,0,0,139,0,139,0,21,184,0,205,62,0,62,267
10/08/2000,APF,FL,ASO,ES,Federal Contract Tower,0,22,44,1,67,0,14,160,0,174,0,36,204,1,241,88,0,88,329
10/09/2000,APF,FL,ASO,ES,Federal Contract Tower,0,31,64,0,95,0,12,30,0,42,0,43,94,0,137,28,0,28,165
10/10/2000,APF,FL,ASO,ES,Federal Contract Tower,0,23,46,0,69,0,11,149,0,160,0,34,195,0,229,82,0,82,311
10/11/2000,APF,FL,ASO,ES,Federal Contract Tower,0,26,53,1,80,0,16,163,5,184,0,42,216,6,264,62,0,62,326
10/12/2000,APF,FL,ASO,ES,Federal Contract Tower,0,31,66,0,97,0,0,150,0,150,0,31,216,0,247,72,0,72,319
10/13/2000,APF,FL,ASO,ES,Federal Contract Tower,0,23,46,0,69,0,4,159,0,163,0,27,205,0,232,48,0,48,280
10/14/2000,APF,FL,ASO,ES,Federal Contract Tower,0,21,43,0,64,0,4,227,0,231,0,25,270,0,295,112,2,114,409
10/15/2000,APF,FL,ASO,ES,Federal Contract Tower,0,22,46,0,68,0,4,166,0,170,0,26,212,0,238,80,0,80,318
10/16/2000,APF,FL,ASO,ES,Federal Contract Tower,0,34,70,0,104,0,2,164,0,166,0,36,234,0,270,54,0,54,324
10/17/2000,APF,FL,ASO,ES,Federal Contract Tower,0,28,58,0,86,0,14,147,0,161,0,42,205,0,247,80,0,80,327
10/18/2000,APF,FL,ASO,ES,Federal Contract Tower,0,34,70,0,104,0,4,150,0,154,0,38,220,0,258,60,0,60,318
10/19/2000,APF,FL,ASO,ES,Federal Contract Tower,0,28,69,0,97,0,0,161,0,161,0,28,230,0,258,86,0,86,344
10/20/2000,APF,FL,ASO,ES,Federal Contract Tower,0,34,70,0,104,0,15,192,0,207,0,49,262,0,311,102,0,102,413
10/21/2000,APF,FL,ASO,ES,Federal Contract Tower,0,21,45,0,66,0,7,149,0,156,0,28,194,0,222,50,0,50,272
10/22/2000,APF,FL,ASO,ES,Federal Contract Tower,0,28,58,0,86,0,5,140,0,145,0,33,198,0,231,56,0,56,287
10/23/2000,APF,FL,ASO,ES,Federal Contract Tower,0,26,54,0,80,2,3,117,0,122,2,29,171,0,202,74,0,74,276
10/24/2000,APF,FL,ASO,ES,Federal Contract Tower,0,29,61,0,90,0,16,102,0,118,0,45,163,0,208,36,0,36,244
10/25/2000,APF,FL,ASO,ES,Federal Contract Tower,0,34,71,0,105,0,16,167,0,183,0,50,238,0,288,134,0,134,422
10/26/2000,APF,FL,ASO,ES,Federal Contract Tower,0,32,65,0,97,0,7,133,0,140,0,39,198,0,237,80,0,80,317
10/27/2000,APF,FL,ASO,ES,Federal Contract Tower,0,42,87,0,129,0,22,205,2,229,0,64,292,2,358,68,0,68,426
10/28/2000,APF,FL,ASO,ES,Federal Contract Tower,0,28,58,0,86,0,23,249,0,272,0,51,307,0,358,78,0,78,436
10/29/2000,APF,FL,ASO,ES,Federal Contract Tower,0,35,71,0,106,0,12,182,0,194,0,47,253,0,300,42,0,42,342
10/30/2000,APF,FL,ASO,ES,Federal Contract Tower,0,37,75,0,112,0,11,141,0,152,0,48,216,0,264,46,0,46,310
10/31/2000,APF,FL,ASO,ES,Federal Contract Tower,0,35,72,0,107,0,6,155,0,161,0,41,227,0,268,98,0,98,366
11/01/2000,APF,FL,ASO,ES,Federal Contract Tower,0,31,67,0,98,0,11,140,0,151,0,42,207,0,249,70,0,70,319
11/02/2000,APF,FL,ASO,ES,Federal Contract Tower,0,31,65,0,96,0,14,143,0,157,0,45,208,0,253,86,0,86,339
11/03/2000,APF,FL,ASO,ES,Federal Contract Tower,0,38,78,0,116,0,13,167,0,180,0,51,245,0,296,28,0,28,324
11/04/2000,APF,FL,ASO,ES,Federal Contract Tower,0,24,50,0,74,0,8,249,0,257,0,32,299,0,331,36,0,36,367
11/05/2000,APF,FL,ASO,ES,Federal Contract Tower,0,35,72,0,107,0,11,175,0,186,0,46,247,0,293,120,0,120,413
11/06/2000,APF,FL,ASO,ES,Federal Contract Tower,0,33,68,0,101,0,15,179,0,194,0,48,247,0,295,144,0,144,439
11/07/2000,APF,FL,ASO,ES,Federal Contract Tower,0,40,82,0,122,0,5,186,0,191,0,45,268,0,313,107,0,107,420
11/08/2000,APF,FL,ASO,ES,Federal Contract Tower,0,39,80,0,119,0,10,131,0,141,0,49,211,0,260,102,0,102,362
11/09/2000,APF,FL,ASO,ES,Federal Contract Tower,0,40,84,0,124,0,14,180,0,194,0,54,264,0,318,46,0,46,364
11/10/2000,APF,FL,ASO,ES,Federal Contract Tower,0,45,93,0,138,0,1,121,0,122,0,46,214,0,260,78,0,78,338
11/11/2000,APF,FL,ASO,ES,Federal Contract Tower,0,37,79,0,116,0,0,292,0,292,0,37,371,0,408,88,0,88,496
11/12/2000,APF,FL,ASO,ES,Federal Contract Tower,0,37,77,0,114,0,11,187,0,198,0,48,264,0,312,98,0,98,410
11/13/2000,APF,FL,ASO,ES,Federal Contract Tower,0,34,71,0,105,0,13,154,0,167,0,47,225,0,272,124,0,124,396
11/14/2000,APF,FL,ASO,ES,Federal Contract Tower,0,31,84,0,115,0,0,111,0,111,0,31,195,0,226,132,0,132,358
11/15/2000,APF,FL,ASO,ES,Federal Contract Tower,0,31,66,0,97,0,3,179,0,182,0,34,245,0,279,110,0,110,389
11/16/2000,APF,FL,ASO,ES,Federal Contract Tower,0,41,86,0,127,0,5,221,0,226,0,46,307,0,353,92,0,92,445
11/17/2000,APF,FL,ASO,ES,Federal Contract Tower,0,55,120,0,175,0,0,237,3,240,0,55,357,3,415,78,0,78,493
11/18/2000,APF,FL,ASO,ES,Federal Contract Tower,0,33,72,0,105,0,7,334,0,341,0,40,406,0,446,26,0,26,472
11/19/2000,APF,FL,ASO,ES,Federal Contract Tower,0,31,67,0,98,0,14,160,2,176,0,45,227,2,274,124,0,124,398
11/20/2000,APF,FL,ASO,ES,Federal Contract Tower,0,45,96,0,141,0,8,9,0,17,0,53,105,0,158,6,0,6,164
11/21/2000,APF,FL,ASO,ES,Federal Contract Tower,0,37,105,0,142,2,0,166,0,168,2,37,271,0,310,88,0,88,398
11/22/2000,APF,FL,ASO,ES,Federal Contract Tower,0,57,120,0,177,0,3,215,0,218,0,60,335,0,395,98,0,98,493
11/23/2000,APF,FL,ASO,ES,Federal Contract Tower,0,19,43,0,62,0,14,148,0,162,0,33,191,0,224,108,0,108,332
11/24/2000,APF,FL,ASO,ES,Federal Contract Tower,0,31,66,0,97,0,10,244,4,258,0,41,310,4,355,78,0,78,433
11/25/2000,APF,FL,ASO,ES,Federal Contract Tower,0,33,72,0,105,0,5,45,2,52,0,38,117,2,157,32,0,32,189
11/26/2000,APF,FL,ASO,ES,Federal Contract Tower,0,64,167,0,231,0,0,33,0,33,0,64,200,0,264,0,0,0,264
11/27/2000,APF,FL,ASO,ES,Federal Contract Tower,0,49,105,0,154,0,8,219,0,227,0,57,324,0,381,62,0,62,443
11/28/2000,APF,FL,ASO,ES,Federal Contract Tower,0,31,67,0,98,0,14,252,0,266,0,45,319,0,364,128,0,128,492
11/29/2000,APF,FL,ASO,ES,Federal Contract Tower,0,36,79,0,115,0,0,183,0,183,0,36,262,0,298,48,0,48,346
11/30/2000,APF,FL,ASO,ES,Federal Contract Tower,0,36,77,0,113,0,8,223,2,233,0,44,300,2,346,114,0,114,460
12/01/2000,APF,FL,ASO,ES,Federal Contract Tower,0,30,65,0,95,0,18,221,0,239,0,48,286,0,334,174,0,174,508
12/02/2000,APF,FL,ASO,ES,Federal Contract Tower,0,31,68,0,99,0,0,264,0,264,0,31,332,0,363,62,0,62,425
12/03/2000,APF,FL,ASO,ES,Federal Contract Tower,0,33,72,0,105,0,0,252,0,252,0,33,324,0,357,116,0,116,473
12/04/2000,APF,FL,ASO,ES,Federal Contract Tower,0,36,78,0,114,0,0,169,4,173,0,36,247,4,287,66,0,66,353
12/05/2000,APF,FL,ASO,ES,Federal Contract Tower,0,33,71,0,104,0,5,198,4,207,0,38,269,4,311,112,0,112,423
12/06/2000,APF,FL,ASO,ES,Federal Contract Tower,0,32,69,0,101,0,0,151,0,151,0,32,220,0,252,35,0,35,287
12/07/2000,APF,FL,ASO,ES,Federal Contract Tower,0,37,80,0,117,0,2,150,0,152,0,39,230,0,269,76,0,76,345
12/08/2000,APF,FL,ASO,ES,Federal Contract Tower,0,44,92,0,136,0,0,198,0,198,0,44,290,0,334,56,0,56,390
12/09/2000,APF,FL,ASO,ES,Federal Contract Tower,0,23,50,0,73,0,11,197,0,208,0,34,247,0,281,68,0,68,349
12/10/2000,APF,FL,ASO,ES,Federal Contract Tower,0,40,84,0,124,0,6,76,0,82,0,46,160,0,206,40,0,40,246
12/11/2000,APF,FL,ASO,ES,Federal Contract Tower,0,45,92,0,137,0,3,56,0,59,0,48,148,0,196,20,0,20,216
12/12/2000,APF,FL,ASO,ES,Federal Contract Tower,0,34,77,0,111,0,0,153,0,153,0,34,230,0,264,62,0,62,326
12/13/2000,APF,FL,ASO,ES,Federal Contract Tower,0,32,67,0,99,0,5,150,0,155,0,37,217,0,254,78,0,78,332
12/14/2000,APF,FL,ASO,ES,Federal Contract Tower,0,24,49,0,73,0,11,144,0,155,0,35,193,0,228,138,0,138,366
12/15/2000,APF,FL,ASO,ES,Federal Contract Tower,0,39,82,0,121,0,0,202,0,202,0,39,284,0,323,50,0,50,373
12/16/2000,APF,FL,ASO,ES,Federal Contract Tower,0,19,38,0,57,0,6,191,0,197,0,25,229,0,254,46,0,46,300
12/17/2000,APF,FL,ASO,ES,Federal Contract Tower,0,36,73,0,109,0,7,102,0,109,0,43,175,0,218,20,0,20,238
12/18/2000,APF,FL,ASO,ES,Federal Contract Tower,0,26,55,0,81,0,6,165,0,171,0,32,220,0,252,88,0,88,340
12/19/2000,APF,FL,ASO,ES,Federal Contract Tower,0,33,68,0,101,0,8,120,0,128,0,41,188,0,229,36,0,36,265
12/20/2000,APF,FL,ASO,ES,Federal Contract Tower,1,28,59,0,88,1,0,167,0,168,2,28,226,0,256,34,0,34,290
12/21/2000,APF,FL,ASO,ES,Federal Contract Tower,0,38,77,0,115,2,4,133,0,139,2,42,210,0,254,82,0,82,336
12/22/2000,APF,FL,ASO,ES,Federal Contract Tower,0,39,80,0,119,2,19,162,0,183,2,58,242,0,302,30,0,30,332
12/23/2000,APF,FL,ASO,ES,Federal Contract Tower,0,31,65,1,97,2,8,143,3,156,2,39,208,4,253,38,0,38,291
12/24/2000,APF,FL,ASO,ES,Federal Contract Tower,0,20,41,0,61,4,11,97,0,112,4,31,138,0,173,30,0,30,203
12/25/2000,APF,FL,ASO,ES,Federal Contract Tower,0,18,37,0,55,2,19,73,0,94,2,37,110,0,149,2,0,2,151
12/26/2000,APF,FL,ASO,ES,Federal Contract Tower,1,68,145,0,214,1,0,149,0,150,2,68,294,0,364,28,0,28,392
12/27/2000,APF,FL,ASO,ES,Federal Contract Tower,1,63,134,0,198,2,0,145,0,147,3,63,279,0,345,46,0,46,391
12/28/2000,APF,FL,ASO,ES,Federal Contract Tower,1,46,96,0,143,2,10,60,0,72,3,56,156,0,215,22,0,22,237
12/29/2000,APF,FL,ASO,ES,Federal Contract Tower,1,49,109,0,159,1,0,149,0,150,2,49,258,0,309,60,0,60,369
12/30/2000,APF,FL,ASO,ES,Federal Contract Tower,0,40,82,0,122,0,3,174,0,177,0,43,256,0,299,78,0,78,377
12/31/2000,APF,FL,ASO,ES,Federal Contract Tower,0,28,59,0,87,0,14,171,0,185,0,42,230,0,272,62,0,62,334
01/01/2001,APF,FL,ASO,ES,Federal Contract Tower,0,41,82,0,123,0,7,159,0,166,0,48,241,0,289,38,0,38,327
01/02/2001,APF,FL,ASO,ES,Federal Contract Tower,2,52,105,0,159,0,26,209,0,235,2,78,314,0,394,42,0,42,436
01/03/2001,APF,FL,ASO,ES,Federal Contract Tower,0,48,94,0,142,0,6,186,0,192,0,54,280,0,334,10,0,10,344
01/04/2001,APF,FL,ASO,ES,Federal Contract Tower,0,29,70,0,99,0,0,165,0,165,0,29,235,0,264,34,0,34,298
01/05/2001,APF,FL,ASO,ES,Federal Contract Tower,0,46,93,0,139,0,9,269,0,278,0,55,362,0,417,60,0,60,477
01/06/2001,APF,FL,ASO,ES,Federal Contract Tower,0,34,67,0,101,0,3,221,0,224,0,37,288,0,325,92,0,92,417
01/07/2001,APF,FL,ASO,ES,Federal Contract Tower,2,50,98,0,150,0,8,257,0,265,2,58,355,0,415,64,0,64,479
01/08/2001,APF,FL,ASO,ES,Federal Contract Tower,0,40,79,0,119,0,0,157,0,157,0,40,236,0,276,60,0,60,336
01/09/2001,APF,FL,ASO,ES,Federal Contract Tower,1,40,85,0,126,0,0,154,0,154,1,40,239,0,280,104,0,104,384
01/10/2001,APF,FL,ASO,ES,Federal Contract Tower,1,50,99,0,150,0,8,230,0,238,1,58,329,0,388,116,0,116,504
01/11/2001,APF,FL,ASO,ES,Federal Contract Tower,0,42,89,0,131,0,0,170,0,170,0,42,259,0,301,10,0,10,311
01/12/2001,APF,FL,ASO,ES,Federal Contract Tower,0,52,102,0,154,0,2,265,0,267,0,54,367,0,421,104,0,104,525
01/13/2001,APF,FL,ASO,ES,Federal Contract Tower,0,39,76,0,115,0,3,238,0,241,0,42,314,0,356,108,0,108,464
01/14/2001,APF,FL,ASO,ES,Federal Contract Tower,2,41,79,0,122,0,9,127,0,136,2,50,206,0,258,54,0,54,312
01/15/2001,APF,FL,ASO,ES,Federal Contract Tower,0,49,96,0,145,0,15,191,0,206,0,64,287,0,351,70,0,70,421
01/16/2001,APF,FL,ASO,ES,Federal Contract Tower,0,36,72,1,109,0,21,148,0,169,0,57,220,1,278,66,0,66,344
01/17/2001,APF,FL,ASO,ES,Federal Contract Tower,0,37,89,0,126,0,0,175,0,175,0,37,264,0,301,72,0,72,373
01/18/2001,APF,FL,ASO,ES,Federal Contract Tower,2,54,108,0,164,0,2,160,0,162,2,56,268,0,326,38,0,38,364
01/19/2001,APF,FL,ASO,ES,Federal Contract Tower,0,50,101,0,151,0,1,161,0,162,0,51,262,0,313,18,0,18,331
01/20/2001,APF,FL,ASO,ES,Federal Contract Tower,1,30,59,0,90,3,2,25,0,30,4,32,84,0,120,10,0,10,130
01/21/2001,APF,FL,ASO,ES,Federal Contract Tower,0,50,101,0,151,0,18,258,0,276,0,68,359,0,427,46,0,46,473
01/22/2001,APF,FL,ASO,ES,Federal Contract Tower,0,49,113,0,162,0,0,105,10,115,0,49,218,10,277,28,0,28,305
01/23/2001,APF,FL,ASO,ES,Federal Contract Tower,0,44,86,0,130,0,15,180,2,197,0,59,266,2,327,58,0,58,385
01/24/2001,APF,FL,ASO,ES,Federal Contract Tower,2,32,92,0,126,0,0,264,0,264,2,32,356,0,390,104,0,104,494
01/25/2001,APF,FL,ASO,ES,Federal Contract Tower,0,49,99,0,148,0,6,209,0,215,0,55,308,0,363,124,0,124,487
01/26/2001,APF,FL,ASO,ES,Federal Contract Tower,0,53,106,0,159,0,14,231,0,245,0,67,337,0,404,112,0,112,516
01/27/2001,APF,FL,ASO,ES,Federal Contract Tower,0,33,74,0,107,0,0,269,2,271,0,33,343,2,378,24,0,24,402
01/28/2001,APF,FL,ASO,ES,Federal Contract Tower,0,43,96,0,139,0,0,240,0,240,0,43,336,0,379,30,0,30,409
01/29/2001,APF,FL,ASO,ES,Federal Contract Tower,0,53,109,0,162,0,0,196,0,196,0,53,305,0,358,78,0,78,436
01/30/2001,APF,FL,ASO,ES,Federal Contract Tower,0,46,93,0,139,0,11,131,0,142,0,57,224,0,281,42,0,42,323
01/31/2001,APF,FL,ASO,ES,Federal Contract Tower,1,37,86,0,124,0,0,169,0,169,1,37,255,0,293,44,0,44,337
02/01/2001,APF,FL,ASO,ES,Federal Contract Tower,2,44,122,0,168,0,7,142,0,149,2,51,264,0,317,48,0,48,365
02/02/2001,APF,FL,ASO,ES,Federal Contract Tower,2,50,140,0,192,0,3,147,0,150,2,53,287,0,342,42,0,42,384
02/03/2001,APF,FL,ASO,ES,Federal Contract Tower,2,33,93,0,128,0,17,214,0,231,2,50,307,0,359,46,0,46,405
02/04/2001,APF,FL,ASO,ES,Federal Contract Tower,2,49,136,0,187,0,21,111,0,132,2,70,247,0,319,60,0,60,379
02/05/2001,APF,FL,ASO,ES,Federal Contract Tower,2,40,107,0,149,0,9,189,2,200,2,49,296,2,349,88,0,88,437
02/06/2001,APF,FL,ASO,ES,Federal Contract Tower,2,34,91,0,127,0,2,234,0,236,2,36,325,0,363,94,0,94,457
02/07/2001,APF,FL,ASO,ES,Federal Contract Tower,2,42,111,0,155,0,2,185,0,187,2,44,296,0,342,54,0,54,396
02/08/2001,APF,FL,ASO,ES,Federal Contract Tower,1,38,103,0,142,0,16,210,0,226,1,54,313,0,368,10,0,10,378
02/09/2001,APF,FL,ASO,ES,Federal Contract Tower,1,43,116,0,160,0,19,277,0,296,1,62,393,0,456,68,0,68,524
02/10/2001,APF,FL,ASO,ES,Federal Contract Tower,1,38,101,0,140,0,0,296,0,296,1,38,397,0,436,48,0,48,484
02/11/2001,APF,FL,ASO,ES,Federal Contract Tower,2,56,150,0,208,0,8,168,0,176,2,64,318,0,384,38,0,38,422
02/12/2001,APF,FL,ASO,ES,Federal Contract Tower,2,37,103,0,142,0,0,212,0,212,2,37,315,0,354,110,0,110,464
02/13/2001,APF,FL,ASO,ES,Federal Contract Tower,2,32,86,0,120,0,7,240,0,247,2,39,326,0,367,158,0,158,525
02/14/2001,APF,FL,ASO,ES,Federal Contract Tower,2,43,113,0,158,0,3,192,2,197,2,46,305,2,355,62,0,62,417
02/15/2001,APF,FL,ASO,ES,Federal Contract Tower,2,50,154,0,206,0,0,203,0,203,2,50,357,0,409,92,0,92,501
02/16/2001,APF,FL,ASO,ES,Federal Contract Tower,2,53,143,0,198,0,11,257,0,268,2,64,400,0,466,52,0,52,518
02/17/2001,APF,FL,ASO,ES,Federal Contract Tower,1,36,95,0,132,1,8,203,0,212,2,44,298,0,344,30,0,30,374
02/18/2001,APF,FL,ASO,ES,Federal Contract Tower,1,41,108,0,150,1,15,217,0,233,2,56,325,0,383,108,0,108,491
02/19/2001,APF,FL,ASO,ES,Federal Contract Tower,2,43,129,0,174,0,0,229,2,231,2,43,358,2,405,158,0,158,563
02/20/2001,APF,FL,ASO,ES,Federal Contract Tower,2,48,132,0,182,0,7,222,0,229,2,55,354,0,411,60,0,60,471
02/21/2001,APF,FL,ASO,ES,Federal Contract Tower,1,40,109,0,150,1,8,210,0,219,2,48,319,0,369,66,0,66,435
02/22/2001,APF,FL,ASO,ES,Federal Contract Tower,1,46,125,0,172,0,27,189,0,216,1,73,314,0,388,80,0,80,468
02/23/2001,APF,FL,ASO,ES,Federal Contract Tower,2,50,138,0,190,0,27,241,0,268,2,77,379,0,458,70,0,70,528
02/24/2001,APF,FL,ASO,ES,Federal Contract Tower,1,39,106,0,146,1,14,218,0,233,2,53,324,0,379,74,0,74,453
02/25/2001,APF,FL,ASO,ES,Federal Contract Tower,1,43,114,0,158,1,13,231,0,245,2,56,345,0,403,30,0,30,433
02/26/2001,APF,FL,ASO,ES,Federal Contract Tower,1,34,92,0,127,1,21,171,0,193,2,55,263,0,320,132,0,132,452
02/27/2001,APF,FL,ASO,ES,Federal Contract Tower,1,43,117,0,161,1,12,176,0,189,2,55,293,0,350,48,0,48,398
02/28/2001,APF,FL,ASO,ES,Federal Contract Tower,1,42,113,0,156,1,17,169,0,187,2,59,282,0,343,74,0,74,417
03/01/2001,APF,FL,ASO,ES,Federal Contract Tower,1,53,116,0,170,1,6,185,0,192,2,59,301,0,362,50,0,50,412
03/02/2001,APF,FL,ASO,ES,Federal Contract Tower,1,53,115,0,169,0,15,257,0,272,1,68,372,0,441,44,0,44,485
03/03/2001,APF,FL,ASO,ES,Federal Contract Tower,0,35,77,0,112,0,22,197,0,219,0,57,274,0,331,56,0,56,387
03/04/2001,APF,FL,ASO,ES,Federal Contract Tower,0,48,51,2,101,0,34,0,0,34,0,82,51,2,135,56,0,56,191
03/05/2001,APF,FL,ASO,ES,Federal Contract Tower,0,39,81,0,120,0,35,172,0,207,0,74,253,0,327,98,0,98,425
03/06/2001,APF,FL,ASO,ES,Federal Contract Tower,0,35,72,0,107,0,12,201,0,213,0,47,273,0,320,46,0,46,366
03/07/2001,APF,FL,ASO,ES,Federal Contract Tower,0,46,96,0,142,0,12,228,0,240,0,58,324,0,382,109,0,109,491
03/08/2001,APF,FL,ASO,ES,Federal Contract Tower,0,45,94,2,141,0,17,270,0,287,0,62,364,2,428,100,0,100,528
03/09/2001,APF,FL,ASO,ES,Federal Contract Tower,0,49,105,0,154,0,20,331,0,351,0,69,436,0,505,54,0,54,559
03/10/2001,APF,FL,ASO,ES,Federal Contract Tower,0,43,90,9,142,0,8,257,47,312,0,51,347,56,454,0,0,0,454
03/11/2001,APF,FL,ASO,ES,Federal Contract Tower,0,47,100,0,147,0,5,272,0,277,0,52,372,0,424,70,0,70,494
03/12/2001,APF,FL,ASO,ES,Federal Contract Tower,0,44,93,0,137,0,28,243,0,271,0,72,336,0,408,20,0,20,428
03/13/2001,APF,FL,ASO,ES,Federal Contract Tower,0,39,81,0,120,0,3,142,0,145,0,42,223,0,265,60,0,60,325
03/14/2001,APF,FL,ASO,ES,Federal Contract Tower,0,41,113,0,154,0,0,220,0,220,0,41,333,0,374,116,0,116,490
03/15/2001,APF,FL,ASO,ES,Federal Contract Tower,0,55,116,0,171,0,3,184,0,187,0,58,300,0,358,40,0,40,398
03/16/2001,APF,FL,ASO,ES,Federal Contract Tower,0,62,129,0,191,0,17,245,0,262,0,79,374,0,453,70,0,70,523
03/17/2001,APF,FL,ASO,ES,Federal Contract Tower,0,34,71,0,105,0,18,238,0,256,0,52,309,0,361,50,0,50,411
03/18/2001,APF,FL,ASO,ES,Federal Contract Tower,0,58,121,0,179,0,8,174,0,182,0,66,295,0,361,34,0,34,395
03/19/2001,APF,FL,ASO,ES,Federal Contract Tower,0,38,80,0,118,0,23,10,0,33,0,61,90,0,151,2,0,2,153
03/20/2001,APF,FL,ASO,ES,Federal Contract Tower,0,39,84,0,123,0,0,118,0,118,0,39,202,0,241,52,0,52,293
03/21/2001,APF,FL,ASO,ES,Federal Contract Tower,0,41,100,0,141,2,0,112,0,114,2,41,212,0,255,28,0,28,283
03/22/2001,APF,FL,ASO,ES,Federal Contract Tower,0,50,106,0,156,0,21,270,0,291,0,71,376,0,447,106,0,106,553
03/23/2001,APF,FL,ASO,ES,Federal Contract Tower,0,53,113,0,166,0,9,371,0,380,0,62,484,0,546,62,0,62,608
03/24/2001,APF,FL,ASO,ES,Federal Contract Tower,0,47,100,0,147,0,14,305,0,319,0,61,405,0,466,50,0,50,516
03/25/2001,APF,FL,ASO,ES,Federal Contract Tower,0,51,109,0,160,0,11,248,0,259,0,62,357,0,419,14,0,14,433
03/26/2001,APF,FL,ASO,ES,Federal Contract Tower,0,35,74,2,111,0,18,213,0,231,0,53,287,2,342,62,0,62,404
03/27/2001,APF,FL,ASO,ES,Federal Contract Tower,0,37,108,0,145,0,0,262,0,262,0,37,370,0,407,8,0,8,415
03/28/2001,APF,FL,ASO,ES,Federal Contract Tower,0,54,116,4,174,0,4,203,0,207,0,58,319,4,381,26,0,26,407
03/29/2001,APF,FL,ASO,ES,Federal Contract Tower,0,33,71,4,108,0,9,107,0,116,0,42,178,4,224,14,0,14,238
03/30/2001,APF,FL,ASO,ES,Federal Contract Tower,0,49,104,0,153,0,20,82,0,102,0,69,186,0,255,16,0,16,271
03/31/2001,APF,FL,ASO,ES,Federal Contract Tower,0,53,112,0,165,0,10,108,0,118,0,63,220,0,283,20,0,20,303
04/01/2001,APF,FL,ASO,ES,Federal Contract Tower,0,55,132,0,187,0,17,226,0,243,0,72,358,0,430,46,0,46,476
04/02/2001,APF,FL,ASO,ES,Federal Contract Tower,0,46,91,0,137,0,5,292,0,297,0,51,383,0,434,22,0,22,456
04/03/2001,APF,FL,ASO,ES,Federal Contract Tower,0,38,72,0,110,0,4,209,0,213,0,42,281,0,323,106,0,106,429
04/04/2001,APF,FL,ASO,ES,Federal Contract Tower,0,48,117,3,168,0,15,225,1,241,0,63,342,4,409,72,0,72,481
04/05/2001,APF,FL,ASO,ES,Federal Contract Tower,0,38,112,0,150,0,20,191,0,211,0,58,303,0,361,86,0,86,447
04/06/2001,APF,FL,ASO,ES,Federal Contract Tower,0,64,113,0,177,0,8,276,0,284,0,72,389,0,461,62,0,62,523
04/07/2001,APF,FL,ASO,ES,Federal Contract Tower,0,35,87,0,122,0,19,282,2,303,0,54,369,2,425,92,0,92,517
04/08/2001,APF,FL,ASO,ES,Federal Contract Tower,0,42,142,0,184,0,9,253,2,264,0,51,395,2,448,40,0,40,488
04/09/2001,APF,FL,ASO,ES,Federal Contract Tower,0,44,105,0,149,0,11,245,0,256,0,55,350,0,405,58,0,58,463
04/10/2001,APF,FL,ASO,ES,Federal Contract Tower,0,40,94,0,134,0,10,262,0,272,0,50,356,0,406,70,0,70,476
04/11/2001,APF,FL,ASO,ES,Federal Contract Tower,0,54,102,0,156,0,0,255,0,255,0,54,357,0,411,84,0,84,495
04/12/2001,APF,FL,ASO,ES,Federal Contract Tower,0,55,127,0,182,0,12,252,2,266,0,67,379,2,448,50,0,50,498
04/13/2001,APF,FL,ASO,ES,Federal Contract Tower,0,41,101,0,142,0,4,270,0,274,0,45,371,0,416,78,0,78,494
04/14/2001,APF,FL,ASO,ES,Federal Contract Tower,0,37,87,0,124,0,23,288,0,311,0,60,375,0,435,70,0,70,505
04/15/2001,APF,FL,ASO,ES,Federal Contract Tower,0,51,67,0,118,0,0,139,0,139,0,51,206,0,257,38,0,38,295
04/16/2001,APF,FL,ASO,ES,Federal Contract Tower,0,54,148,0,202,0,18,224,0,242,0,72,372,0,444,86,0,86,530
04/17/2001,APF,FL,ASO,ES,Federal Contract Tower,0,38,90,0,128,0,18,281,0,299,0,56,371,0,427,80,0,80,507
04/18/2001,APF,FL,ASO,ES,Federal Contract Tower,0,38,104,0,142,0,8,182,0,190,0,46,286,0,332,100,0,100,432
04/19/2001,APF,FL,ASO,ES,Federal Contract Tower,0,37,112,0,149,0,18,300,4,322,0,55,412,4,471,148,0,148,619
04/20/2001,APF,FL,ASO,ES,Federal Contract Tower,0,41,108,0,149,0,2,330,0,332,0,43,438,0,481,70,0,70,551
04/21/2001,APF,FL,ASO,ES,Federal Contract Tower,0,31,71,0,102,0,5,249,0,254,0,36,320,0,356,80,0,80,436
04/22/2001,APF,FL,ASO,ES,Federal Contract Tower,0,39,103,0,142,0,3,154,0,157,0,42,257,0,299,36,0,36,335
04/23/2001,APF,FL,ASO,ES,Federal Contract Tower,0,34,78,0,112,0,11,234,0,245,0,45,312,0,357,104,0,104,461
04/24/2001,APF,FL,ASO,ES,Federal Contract Tower,0,34,62,0,96,0,13,243,0,256,0,47,305,0,352,86,0,86,438
04/25/2001,APF,FL,ASO,ES,Federal Contract Tower,0,36,90,0,126,0,16,201,0,217,0,52,291,0,343,76,0,76,419
04/26/2001,APF,FL,ASO,ES,Federal Contract Tower,0,32,85,0,117,0,22,229,0,251,0,54,314,0,368,44,0,44,412
04/27/2001,APF,FL,ASO,ES,Federal Contract Tower,0,41,81,0,122,0,4,321,0,325,0,45,402,0,447,106,0,106,553
04/28/2001,APF,FL,ASO,ES,Federal Contract Tower,0,23,54,0,77,0,5,240,0,245,0,28,294,0,322,166,0,166,488
04/29/2001,APF,FL,ASO,ES,Federal Contract Tower,0,38,94,0,132,0,11,129,0,140,0,49,223,0,272,48,0,48,320
04/30/2001,APF,FL,ASO,ES,Federal Contract Tower,0,28,89,0,117,0,9,105,0,114,0,37,194,0,231,118,0,118,349
05/01/2001,APF,FL,ASO,ES,Federal Contract Tower,0,26,89,2,117,0,7,173,0,180,0,33,262,2,297,84,0,84,381
05/02/2001,APF,FL,ASO,ES,Federal Contract Tower,0,22,78,0,100,0,4,152,0,156,0,26,230,0,256,144,0,144,400
05/03/2001,APF,FL,ASO,ES,Federal Contract Tower,0,45,32,0,77,0,0,233,0,233,0,45,265,0,310,88,0,88,398
05/04/2001,APF,FL,ASO,ES,Federal Contract Tower,0,37,26,0,63,0,0,271,2,273,0,37,297,2,336,122,0,122,458
05/05/2001,APF,FL,ASO,ES,Federal Contract Tower,0,25,68,0,93,0,35,246,0,281,0,60,314,0,374,84,0,84,458
05/06/2001,APF,FL,ASO,ES,Federal Contract Tower,0,36,58,0,94,0,10,214,0,224,0,46,272,0,318,66,0,66,384
05/07/2001,APF,FL,ASO,ES,Federal Contract Tower,0,21,58,0,79,0,18,209,2,229,0,39,267,2,308,154,0,154,462
05/08/2001,APF,FL,ASO,ES,Federal Contract Tower,0,17,74,0,91,0,7,180,0,187,0,24,254,0,278,74,0,74,352
05/09/2001,APF,FL,ASO,ES,Federal Contract Tower,0,26,85,2,113,0,12,177,0,189,0,38,262,2,302,142,0,142,444
05/10/2001,APF,FL,ASO,ES,Federal Contract Tower,0,32,96,2,130,0,28,227,0,255,0,60,323,2,385,82,0,82,467
05/11/2001,APF,FL,ASO,ES,Federal Contract Tower,0,28,87,0,115,0,7,248,0,255,0,35,335,0,370,50,0,50,420
05/12/2001,APF,FL,ASO,ES,Federal Contract Tower,0,22,56,0,78,0,31,286,0,317,0,53,342,0,395,92,0,92,487
05/13/2001,APF,FL,ASO,ES,Federal Contract Tower,0,30,36,0,66,0,6,179,0,185,0,36,215,0,251,50,0,50,301
05/14/2001,APF,FL,ASO,ES,Federal Contract Tower,0,25,69,2,96,0,23,198,2,223,0,48,267,4,319,94,0,94,413
05/15/2001,APF,FL,ASO,ES,Federal Contract Tower,0,23,56,0,79,0,6,246,5,257,0,29,302,5,336,106,0,106,442
05/16/2001,APF,FL,ASO,ES,Federal Contract Tower,0,16,65,0,81,0,6,189,0,195,0,22,254,0,276,76,0,76,352
05/17/2001,APF,FL,ASO,ES,Federal Contract Tower,0,25,89,0,114,0,15,149,0,164,0,40,238,0,278,22,0,22,300
05/18/2001,APF,FL,ASO,ES,Federal Contract Tower,0,24,73,0,97,0,4,225,2,231,0,28,298,2,328,88,0,88,416
05/19/2001,APF,FL,ASO,ES,Federal Contract Tower,0,21,65,0,86,0,8,192,0,200,0,29,257,0,286,70,0,70,356
05/20/2001,APF,FL,ASO,ES,Federal Contract Tower,0,35,55,0,90,0,9,189,0,198,0,44,244,0,288,48,0,48,336
05/21/2001,APF,FL,ASO,ES,Federal Contract Tower,0,29,62,0,91,0,10,203,0,213,0,39,265,0,304,66,0,66,370
05/22/2001,APF,FL,ASO,ES,Federal Contract Tower,0,21,69,0,90,0,15,164,0,179,0,36,233,0,269,74,0,74,343
05/23/2001,APF,FL,ASO,ES,Federal Contract Tower,0,23,79,0,102,0,7,78,0,85,0,30,157,0,187,88,0,88,275
05/24/2001,APF,FL,ASO,ES,Federal Contract Tower,0,26,68,0,94,0,26,237,0,263,0,52,305,0,357,126,0,126,483
05/25/2001,APF,FL,ASO,ES,Federal Contract Tower,0,31,79,0,110,0,7,199,0,206,0,38,278,0,316,62,0,62,378
05/26/2001,APF,FL,ASO,ES,Federal Contract Tower,0,15,43,0,58,0,10,179,0,189,0,25,222,0,247,126,0,126,373
05/27/2001,APF,FL,ASO,ES,Federal Contract Tower,0,22,44,0,66,0,8,157,0,165,0,30,201,0,231,130,0,130,361
05/28/2001,APF,FL,ASO,ES,Federal Contract Tower,0,36,72,0,108,0,9,183,0,192,0,45,255,0,300,60,0,60,360
05/29/2001,APF,FL,ASO,ES,Federal Contract Tower,0,20,57,0,77,0,0,165,0,165,0,20,222,0,242,122,0,122,364
05/30/2001,APF,FL,ASO,ES,Federal Contract Tower,0,21,40,0,61,0,0,207,0,207,0,21,247,0,268,112,0,112,380
05/31/2001,APF,FL,ASO,ES,Federal Contract Tower,0,26,56,0,82,0,0,193,0,193,0,26,249,0,275,148,0,148,423
06/01/2001,APF,FL,ASO,ES,Federal Contract Tower,0,27,81,0,108,0,17,186,0,203,0,44,267,0,311,90,0,90,401
06/02/2001,APF,FL,ASO,ES,Federal Contract Tower,0,18,43,0,61,0,12,189,0,201,0,30,232,0,262,94,0,94,356
06/03/2001,APF,FL,ASO,ES,Federal Contract Tower,0,20,53,0,73,0,4,174,0,178,0,24,227,0,251,70,0,70,321
06/04/2001,APF,FL,ASO,ES,Federal Contract Tower,0,29,62,0,91,0,12,152,0,164,0,41,214,0,255,20,0,20,275
06/05/2001,APF,FL,ASO,ES,Federal Contract Tower,0,29,53,0,82,0,4,140,0,144,0,33,193,0,226,138,0,138,364
06/06/2001,APF,FL,ASO,ES,Federal Contract Tower,0,28,62,0,90,0,6,159,0,165,0,34,221,0,255,48,0,48,303
06/07/2001,APF,FL,ASO,ES,Federal Contract Tower,0,34,65,0,99,0,2,119,0,121,0,36,184,0,220,52,0,52,272
06/08/2001,APF,FL,ASO,ES,Federal Contract Tower,0,23,49,0,72,0,0,160,0,160,0,23,209,0,232,106,0,106,338
06/09/2001,APF,FL,ASO,ES,Federal Contract Tower,0,18,50,0,68,0,3,261,0,264,0,21,311,0,332,34,0,34,366
06/10/2001,APF,FL,ASO,ES,Federal Contract Tower,0,20,55,0,75,0,5,186,0,191,0,25,241,0,266,74,0,74,340
06/11/2001,APF,FL,ASO,ES,Federal Contract Tower,0,23,71,0,94,0,6,173,0,179,0,29,244,0,273,38,0,38,311
06/12/2001,APF,FL,ASO,ES,Federal Contract Tower,0,18,48,0,66,0,1,141,0,142,0,19,189,0,208,22,0,22,230
06/13/2001,APF,FL,ASO,ES,Federal Contract Tower,0,22,55,0,77,0,5,182,0,187,0,27,237,0,264,86,0,86,350
06/14/2001,APF,FL,ASO,ES,Federal Contract Tower,0,21,62,0,83,0,24,174,0,198,0,45,236,0,281,38,0,38,319
06/15/2001,APF,FL,ASO,ES,Federal Contract Tower,0,20,53,0,73,0,25,183,0,208,0,45,236,0,281,38,0,38,319
06/16/2001,APF,FL,ASO,ES,Federal Contract Tower,0,19,43,0,62,0,11,172,1,184,0,30,215,1,246,20,0,20,266
06/17/2001,APF,FL,ASO,ES,Federal Contract Tower,0,26,36,0,62,0,0,144,0,144,0,26,180,0,206,62,0,62,268
06/18/2001,APF,FL,ASO,ES,Federal Contract Tower,0,27,40,0,67,0,0,135,2,137,0,27,175,2,204,114,0,114,318
06/19/2001,APF,FL,ASO,ES,Federal Contract Tower,0,21,52,1,74,0,1,153,3,157,0,22,205,4,231,52,0,52,283
06/20/2001,APF,FL,ASO,ES,Federal Contract Tower,0,22,53,0,75,0,1,139,0,140,0,23,192,0,215,64,0,64,279
06/21/2001,APF,FL,ASO,ES,Federal Contract Tower,0,31,52,0,83,0,2,172,0,174,0,33,224,0,257,90,0,90,347
06/22/2001,APF,FL,ASO,ES,Federal Contract Tower,0,24,35,0,59,0,5,110,0,115,0,29,145,0,174,134,0,134,308
06/23/2001,APF,FL,ASO,ES,Federal Contract Tower,0,19,37,0,56,0,2,83,0,85,0,21,120,0,141,60,0,60,201
06/24/2001,APF,FL,ASO,ES,Federal Contract Tower,0,25,61,0,86,0,6,163,0,169,0,31,224,0,255,44,0,44,299
06/25/2001,APF,FL,ASO,ES,Federal Contract Tower,0,23,56,0,79,0,6,191,2,199,0,29,247,2,278,168,0,168,446
06/26/2001,APF,FL,ASO,ES,Federal Contract Tower,0,25,51,0,76,0,3,163,0,166,0,28,214,0,242,116,0,116,358
06/27/2001,APF,FL,ASO,ES,Federal Contract Tower,0,28,53,0,81,0,0,158,0,158,0,28,211,0,239,88,0,88,327
06/28/2001,APF,FL,ASO,ES,Federal Contract Tower,0,27,70,0,97,0,3,116,0,119,0,30,186,0,216,84,0,84,300
06/29/2001,APF,FL,ASO,ES,Federal Contract Tower,0,27,60,0,87,0,5,166,0,171,0,32,226,0,258,124,0,124,382
06/30/2001,APF,FL,ASO,ES,Federal Contract Tower,0,18,40,0,58,0,7,183,0,190,0,25,223,0,248,66,0,66,314
07/01/2001,APF,FL,ASO,ES,Federal Contract Tower,0,22,47,0,69,0,1,175,0,176,0,23,222,0,245,70,0,70,315
07/02/2001,APF,FL,ASO,ES,Federal Contract Tower,0,16,40,0,56,0,9,195,0,204,0,25,235,0,260,208,0,208,468
07/03/2001,APF,FL,ASO,ES,Federal Contract Tower,0,20,43,0,63,0,2,167,0,169,0,22,210,0,232,74,0,74,306
07/04/2001,APF,FL,ASO,ES,Federal Contract Tower,0,22,20,0,42,0,1,158,0,159,0,23,178,0,201,58,0,58,259
07/05/2001,APF,FL,ASO,ES,Federal Contract Tower,0,20,50,0,70,0,7,194,0,201,0,27,244,0,271,114,0,114,385
07/06/2001,APF,FL,ASO,ES,Federal Contract Tower,0,14,46,0,60,0,8,194,4,206,0,22,240,4,266,166,0,166,432
07/07/2001,APF,FL,ASO,ES,Federal Contract Tower,0,12,43,0,55,0,2,181,0,183,0,14,224,0,238,134,0,134,372
07/08/2001,APF,FL,ASO,ES,Federal Contract Tower,0,14,47,0,61,0,7,138,0,145,0,21,185,0,206,86,0,86,292
07/09/2001,APF,FL,ASO,ES,Federal Contract Tower,0,16,39,0,55,0,10,127,0,137,0,26,166,0,192,80,0,80,272
07/10/2001,APF,FL,ASO,ES,Federal Contract Tower,0,17,39,0,56,0,6,135,0,141,0,23,174,0,197,36,0,36,233
07/11/2001,APF,FL,ASO,ES,Federal Contract Tower,0,23,40,0,63,0,0,130,0,130,0,23,170,0,193,86,0,86,279
07/12/2001,APF,FL,ASO,ES,Federal Contract Tower,0,15,62,0,77,0,25,250,3,278,0,40,312,3,355,68,0,68,423
07/13/2001,APF,FL,ASO,ES,Federal Contract Tower,0,19,45,0,64,0,9,175,6,190,0,28,220,6,254,56,0,56,310
07/14/2001,APF,FL,ASO,ES,Federal Contract Tower,0,15,32,0,47,0,0,60,0,60,0,15,92,0,107,76,0,76,183
07/15/2001,APF,FL,ASO,ES,Federal Contract Tower,0,22,53,0,75,0,0,65,0,65,0,22,118,0,140,20,0,20,160
07/16/2001,APF,FL,ASO,ES,Federal Contract Tower,0,18,47,0,65,0,7,222,0,229,0,25,269,0,294,74,0,74,368
07/17/2001,APF,FL,ASO,ES,Federal Contract Tower,0,13,55,0,68,0,11,217,0,228,0,24,272,0,296,74,0,74,370
07/18/2001,APF,FL,ASO,ES,Federal Contract Tower,0,23,56,0,79,0,1,188,0,189,0,24,244,0,268,100,0,100,368
07/19/2001,APF,FL,ASO,ES,Federal Contract Tower,0,24,54,0,78,0,17,212,2,231,0,41,266,2,309,78,0,78,387
07/20/2001,APF,FL,ASO,ES,Federal Contract Tower,0,19,57,0,76,0,16,225,4,245,0,35,282,4,321,232,0,232,553
07/21/2001,APF,FL,ASO,ES,Federal Contract Tower,0,12,34,0,46,0,1,179,0,180,0,13,213,0,226,156,0,156,382
07/22/2001,APF,FL,ASO,ES,Federal Contract Tower,0,23,49,0,72,0,0,3,0,3,0,23,52,0,75,0,0,0,75
07/23/2001,APF,FL,ASO,ES,Federal Contract Tower,0,15,29,0,44,0,0,15,0,15,0,15,44,0,59,16,0,16,75
07/24/2001,APF,FL,ASO,ES,Federal Contract Tower,0,17,53,0,70,0,0,264,0,264,0,17,317,0,334,182,0,182,516
07/25/2001,APF,FL,ASO,ES,Federal Contract Tower,0,21,42,0,63,0,0,244,0,244,0,21,286,0,307,220,0,220,527
07/26/2001,APF,FL,ASO,ES,Federal Contract Tower,0,22,63,0,85,0,12,179,2,193,0,34,242,2,278,122,0,122,400
07/27/2001,APF,FL,ASO,ES,Federal Contract Tower,0,21,63,0,84,0,2,276,0,278,0,23,339,0,362,196,0,196,558
07/28/2001,APF,FL,ASO,ES,Federal Contract Tower,0,12,35,2,49,0,7,292,2,301,0,19,327,4,350,180,0,180,530
07/29/2001,APF,FL,ASO,ES,Federal Contract Tower,0,18,33,2,53,0,5,184,0,189,0,23,217,2,242,148,0,148,390
07/30/2001,APF,FL,ASO,ES,Federal Contract Tower,0,16,45,0,61,0,7,216,1,224,0,23,261,1,285,218,0,218,503
07/31/2001,APF,FL,ASO,ES,Federal Contract Tower,0,23,41,0,64,0,2,239,2,243,0,25,280,2,307,196,0,196,503
08/01/2001,APF,FL,ASO,ES,Federal Contract Tower,0,22,59,0,81,0,0,96,0,96,0,22,155,0,177,76,0,76,253
08/02/2001,APF,FL,ASO,ES,Federal Contract Tower,0,24,47,0,71,0,1,25,0,26,0,25,72,0,97,8,0,8,105
08/03/2001,APF,FL,ASO,ES,Federal Contract Tower,0,19,52,0,71,0,1,90,0,91,0,20,142,0,162,222,0,222,384
08/04/2001,APF,FL,ASO,ES,Federal Contract Tower,0,15,55,0,70,0,16,196,0,212,0,31,251,0,282,158,0,158,440
08/05/2001,APF,FL,ASO,ES,Federal Contract Tower,0,18,28,0,46,0,4,169,0,173,0,22,197,0,219,216,0,216,435
08/06/2001,APF,FL,ASO,ES,Federal Contract Tower,0,20,40,0,60,0,12,218,0,230,0,32,258,0,290,134,0,134,424
08/07/2001,APF,FL,ASO,ES,Federal Contract Tower,0,21,53,0,74,0,8,216,0,224,0,29,269,0,298,306,0,306,604
08/08/2001,APF,FL,ASO,ES,Federal Contract Tower,0,14,53,0,67,0,5,220,0,225,0,19,273,0,292,190,0,190,482
08/09/2001,APF,FL,ASO,ES,Federal Contract Tower,0,23,33,0,56,0,11,230,8,249,0,34,263,8,305,136,0,136,441
08/10/2001,APF,FL,ASO,ES,Federal Contract Tower,0,21,57,0,78,0,13,207,4,224,0,34,264,4,302,164,0,164,466
08/11/2001,APF,FL,ASO,ES,Federal Contract Tower,0,12,39,0,51,0,5,229,0,234,0,17,268,0,285,224,0,224,509
08/12/2001,APF,FL,ASO,ES,Federal Contract Tower,0,20,38,0,58,0,14,202,4,220,0,34,240,4,278,102,0,102,380
08/13/2001,APF,FL,ASO,ES,Federal Contract Tower,0,18,49,0,67,0,20,225,0,245,0,38,274,0,312,212,0,212,524
08/14/2001,APF,FL,ASO,ES,Federal Contract Tower,0,21,44,2,67,0,7,256,2,265,0,28,300,4,332,254,0,254,586
08/15/2001,APF,FL,ASO,ES,Federal Contract Tower,0,20,53,0,73,0,0,183,5,188,0,20,236,5,261,200,0,200,461
08/16/2001,APF,FL,ASO,ES,Federal Contract Tower,0,23,55,0,78,0,19,257,0,276,0,42,312,0,354,258,0,258,612
08/17/2001,APF,FL,ASO,ES,Federal Contract Tower,0,16,46,0,62,0,0,179,0,179,0,16,225,0,241,212,0,212,453
08/18/2001,APF,FL,ASO,ES,Federal Contract Tower,0,12,45,0,57,0,2,226,2,230,0,14,271,2,287,146,0,146,433
08/19/2001,APF,FL,ASO,ES,Federal Contract Tower,0,16,43,0,59,0,11,206,6,223,0,27,249,6,282,92,0,92,374
08/20/2001,APF,FL,ASO,ES,Federal Contract Tower,0,27,29,0,56,0,13,161,0,174,0,40,190,0,230,46,0,46,276
08/21/2001,APF,FL,ASO,ES,Federal Contract Tower,0,20,51,0,71,0,4,186,0,190,0,24,237,0,261,168,0,168,429
08/22/2001,APF,FL,ASO,ES,Federal Contract Tower,0,24,37,0,61,0,0,202,0,202,0,24,239,0,263,110,0,110,373
08/23/2001,APF,FL,ASO,ES,Federal Contract Tower,0,19,54,0,73,0,0,250,0,250,0,19,304,0,323,218,0,218,541
08/24/2001,APF,FL,ASO,ES,Federal Contract Tower,0,22,67,0,89,0,5,207,0,212,0,27,274,0,301,102,0,102,403
08/25/2001,APF,FL,ASO,ES,Federal Contract Tower,0,10,33,0,43,0,22,285,0,307,0,32,318,0,350,152,0,152,502
08/26/2001,APF,FL,ASO,ES,Federal Contract Tower,0,18,36,0,54,0,8,166,0,174,0,26,202,0,228,178,0,178,406
08/27/2001,APF,FL,ASO,ES,Federal Contract Tower,0,18,54,0,72,0,8,205,0,213,0,26,259,0,285,216,0,216,501
08/28/2001,APF,FL,ASO,ES,Federal Contract Tower,0,22,38,0,60,0,6,184,0,190,0,28,222,0,250,160,0,160,410
08/29/2001,APF,FL,ASO,ES,Federal Contract Tower,0,22,35,0,57,0,2,178,0,180,0,24,213,0,237,92,0,92,329
08/30/2001,APF,FL,ASO,ES,Federal Contract Tower,0,22,60,1,83,0,0,144,3,147,0,22,204,4,230,110,0,110,340
08/31/2001,APF,FL,ASO,ES,Federal Contract Tower,0,28,69,0,97,0,5,159,8,172,0,33,228,8,269,84,0,84,353
09/01/2001,APF,FL,ASO,ES,Federal Contract Tower,0,14,44,1,59,0,3,181,1,185,0,17,225,2,244,108,0,108,352
09/02/2001,APF,FL,ASO,ES,Federal Contract Tower,0,18,16,0,34,0,5,170,0,175,0,23,186,0,209,20,0,20,229
09/03/2001,APF,FL,ASO,ES,Federal Contract Tower,0,24,54,0,78,0,1,189,0,190,0,25,243,0,268,50,0,50,318
09/04/2001,APF,FL,ASO,ES,Federal Contract Tower,0,17,27,0,44,0,0,148,2,150,0,17,175,2,194,46,0,46,240
09/05/2001,APF,FL,ASO,ES,Federal Contract Tower,0,16,40,0,56,0,5,165,0,170,0,21,205,0,226,168,0,168,394
09/06/2001,APF,FL,ASO,ES,Federal Contract Tower,0,21,46,0,67,0,16,133,8,157,0,37,179,8,224,124,0,124,348
09/07/2001,APF,FL,ASO,ES,Federal Contract Tower,0,24,64,0,88,0,9,133,6,148,0,33,197,6,236,152,0,152,388
09/08/2001,APF,FL,ASO,ES,Federal Contract Tower,0,16,28,0,44,0,4,113,2,119,0,20,141,2,163,104,0,104,267
09/09/2001,APF,FL,ASO,ES,Federal Contract Tower,0,18,39,0,57,0,6,5,0,11,0,24,44,0,68,0,0,0,68
09/10/2001,APF,FL,ASO,ES,Federal Contract Tower,0,19,43,0,62,0,0,18,0,18,0,19,61,0,80,26,0,26,106
09/11/2001,APF,FL,ASO,ES,Federal Contract Tower,0,3,14,0,17,0,0,9,0,9,0,3,23,0,26,14,0,14,40
09/12/2001,APF,FL,ASO,ES,Federal Contract Tower,0,0,2,0,2,0,0,0,0,0,0,0,2,0,2,0,0,0,2
09/13/2001,APF,FL,ASO,ES,Federal Contract Tower,0,13,8,0,21,0,0,0,0,0,0,13,8,0,21,0,0,0,21
09/14/2001,APF,FL,ASO,ES,Federal Contract Tower,0,17,1,0,18,0,0,0,4,4,0,17,1,4,22,0,0,0,22
09/15/2001,APF,FL,ASO,ES,Federal Contract Tower,0,26,37,3,66,0,0,0,1,1,0,26,37,4,67,0,0,0,67
09/16/2001,APF,FL,ASO,ES,Federal Contract Tower,0,15,47,0,62,0,0,7,0,7,0,15,54,0,69,0,0,0,69
09/17/2001,APF,FL,ASO,ES,Federal Contract Tower,0,18,78,0,96,0,4,1,0,5,0,22,79,0,101,0,0,0,101
09/18/2001,APF,FL,ASO,ES,Federal Contract Tower,0,25,105,0,130,0,5,2,0,7,0,30,107,0,137,0,0,0,137
09/19/2001,APF,FL,ASO,ES,Federal Contract Tower,0,21,98,0,119,0,0,0,0,0,0,21,98,0,119,0,0,0,119
09/20/2001,APF,FL,ASO,ES,Federal Contract Tower,0,32,100,0,132,0,20,79,0,99,0,52,179,0,231,0,0,0,231
09/21/2001,APF,FL,ASO,ES,Federal Contract Tower,0,22,86,0,108,0,7,96,0,103,0,29,182,0,211,0,0,0,211
09/22/2001,APF,FL,ASO,ES,Federal Contract Tower,0,7,46,0,53,0,12,147,0,159,0,19,193,0,212,86,0,86,298
09/23/2001,APF,FL,ASO,ES,Federal Contract Tower,0,22,78,0,100,0,6,181,0,187,0,28,259,0,287,36,0,36,323
09/24/2001,APF,FL,ASO,ES,Federal Contract Tower,0,19,66,0,85,0,7,139,4,150,0,26,205,4,235,84,0,84,319
09/25/2001,APF,FL,ASO,ES,Federal Contract Tower,0,12,68,0,80,0,3,155,0,158,0,15,223,0,238,144,0,144,382
09/26/2001,APF,FL,ASO,ES,Federal Contract Tower,0,24,59,0,83,0,2,140,0,142,0,26,199,0,225,186,0,186,411
09/27/2001,APF,FL,ASO,ES,Federal Contract Tower,0,26,49,0,75,0,2,50,4,56,0,28,99,4,131,186,0,186,317
09/28/2001,APF,FL,ASO,ES,Federal Contract Tower,0,30,72,0,102,0,5,57,2,64,0,35,129,2,166,118,0,118,284
09/29/2001,APF,FL,ASO,ES,Federal Contract Tower,0,9,55,0,64,0,4,61,0,65,0,13,116,0,129,220,0,220,349
09/30/2001,APF,FL,ASO,ES,Federal Contract Tower,0,16,70,0,86,0,11,189,0,200,0,27,259,0,286,240,0,240,526
10/01/2001,APF,FL,ASO,ES,Federal Contract Tower,0,24,43,0,67,0,2,169,0,171,0,26,212,0,238,214,0,214,452
10/02/2001,APF,FL,ASO,ES,Federal Contract Tower,0,17,38,0,55,0,5,191,0,196,0,22,229,0,251,246,0,246,497
10/03/2001,APF,FL,ASO,ES,Federal Contract Tower,0,22,67,2,91,0,6,218,2,226,0,28,285,4,317,214,0,214,531
10/04/2001,APF,FL,ASO,ES,Federal Contract Tower,0,25,58,1,84,0,31,153,0,184,0,56,211,1,268,90,0,90,358
10/05/2001,APF,FL,ASO,ES,Federal Contract Tower,0,29,80,0,109,0,12,218,0,230,0,41,298,0,339,196,0,196,535
10/06/2001,APF,FL,ASO,ES,Federal Contract Tower,0,13,53,2,68,0,7,196,0,203,0,20,249,2,271,164,0,164,435
10/07/2001,APF,FL,ASO,ES,Federal Contract Tower,0,31,70,0,101,0,4,148,0,152,0,35,218,0,253,74,0,74,327
10/08/2001,APF,FL,ASO,ES,Federal Contract Tower,0,31,55,1,87,0,6,124,0,130,0,37,179,1,217,120,0,120,337
10/09/2001,APF,FL,ASO,ES,Federal Contract Tower,0,20,50,0,70,0,0,56,0,56,0,20,106,0,126,24,0,24,150
10/10/2001,APF,FL,ASO,ES,Federal Contract Tower,0,21,50,0,71,0,4,177,0,181,0,25,227,0,252,88,0,88,340
10/11/2001,APF,FL,ASO,ES,Federal Contract Tower,0,29,81,0,110,0,7,204,0,211,0,36,285,0,321,184,0,184,505
10/12/2001,APF,FL,ASO,ES,Federal Contract Tower,0,36,63,2,101,0,1,212,0,213,0,37,275,2,314,120,0,120,434
10/13/2001,APF,FL,ASO,ES,Federal Contract Tower,0,21,66,0,87,0,16,196,2,214,0,37,262,2,301,120,0,120,421
10/14/2001,APF,FL,ASO,ES,Federal Contract Tower,0,30,31,0,61,0,2,81,0,83,0,32,112,0,144,70,0,70,214
10/15/2001,APF,FL,ASO,ES,Federal Contract Tower,0,35,61,0,96,0,1,108,1,110,0,36,169,1,206,54,0,54,260
10/16/2001,APF,FL,ASO,ES,Federal Contract Tower,0,24,58,0,82,0,6,113,0,119,0,30,171,0,201,78,0,78,279
10/17/2001,APF,FL,ASO,ES,Federal Contract Tower,0,26,84,0,110,0,14,215,0,229,0,40,299,0,339,108,0,108,447
10/18/2001,APF,FL,ASO,ES,Federal Contract Tower,0,26,77,0,103,0,5,153,2,160,0,31,230,2,263,184,0,184,447
10/19/2001,APF,FL,ASO,ES,Federal Contract Tower,0,37,86,0,123,0,1,119,0,120,0,38,205,0,243,196,0,196,439
10/20/2001,APF,FL,ASO,ES,Federal Contract Tower,0,24,60,0,84,0,12,190,0,202,0,36,250,0,286,196,0,196,482
10/21/2001,APF,FL,ASO,ES,Federal Contract Tower,0,32,74,0,106,0,0,56,0,56,0,32,130,0,162,86,0,86,248
10/22/2001,APF,FL,ASO,ES,Federal Contract Tower,0,27,67,0,94,0,5,26,0,31,0,32,93,0,125,34,0,34,159
10/23/2001,APF,FL,ASO,ES,Federal Contract Tower,0,46,70,0,116,0,0,101,0,101,0,46,171,0,217,224,0,224,441
10/24/2001,APF,FL,ASO,ES,Federal Contract Tower,0,25,96,0,121,0,12,151,0,163,0,37,247,0,284,166,0,166,450
10/25/2001,APF,FL,ASO,ES,Federal Contract Tower,0,40,112,0,152,0,11,152,0,163,0,51,264,0,315,202,0,202,517
10/26/2001,APF,FL,ASO,ES,Federal Contract Tower,0,44,102,0,146,0,7,131,0,138,0,51,233,0,284,118,0,118,402
10/27/2001,APF,FL,ASO,ES,Federal Contract Tower,0,14,65,0,79,0,1,188,0,189,0,15,253,0,268,84,0,84,352
10/28/2001,APF,FL,ASO,ES,Federal Contract Tower,0,43,99,0,142,0,7,180,1,188,0,50,279,1,330,94,0,94,424
10/29/2001,APF,FL,ASO,ES,Federal Contract Tower,0,37,60,0,97,0,6,158,0,164,0,43,218,0,261,278,0,278,539
10/30/2001,APF,FL,ASO,ES,Federal Contract Tower,0,27,61,0,88,0,1,170,0,171,0,28,231,0,259,195,0,195,454
10/31/2001,APF,FL,ASO,ES,Federal Contract Tower,0,28,71,0,99,0,11,202,0,213,0,39,273,0,312,126,0,126,438
11/01/2001,APF,FL,ASO,ES,Federal Contract Tower,0,48,92,0,140,0,13,160,0,173,0,61,252,0,313,108,0,108,421
11/02/2001,APF,FL,ASO,ES,Federal Contract Tower,0,37,75,0,112,0,20,142,0,162,0,57,217,0,274,186,0,186,460
11/03/2001,APF,FL,ASO,ES,Federal Contract Tower,0,24,52,0,76,0,3,136,0,139,0,27,188,0,215,110,0,110,325
11/04/2001,APF,FL,ASO,ES,Federal Contract Tower,0,33,58,0,91,0,5,55,0,60,0,38,113,0,151,52,0,52,203
11/05/2001,APF,FL,ASO,ES,Federal Contract Tower,0,28,54,0,82,0,5,84,0,89,0,33,138,0,171,162,0,162,333
11/06/2001,APF,FL,ASO,ES,Federal Contract Tower,0,41,87,0,128,0,2,226,0,228,0,43,313,0,356,197,0,197,553
11/07/2001,APF,FL,ASO,ES,Federal Contract Tower,0,33,106,0,139,0,7,242,0,249,0,40,348,0,388,90,0,90,478
11/08/2001,APF,FL,ASO,ES,Federal Contract Tower,0,41,119,0,160,0,22,299,0,321,0,63,418,0,481,184,0,184,665
11/09/2001,APF,FL,ASO,ES,Federal Contract Tower,0,52,98,0,150,0,9,283,0,292,0,61,381,0,442,90,0,90,532
11/10/2001,APF,FL,ASO,ES,Federal Contract Tower,0,20,82,0,102,0,16,271,0,287,0,36,353,0,389,124,0,124,513
11/11/2001,APF,FL,ASO,ES,Federal Contract Tower,0,43,93,0,136,0,5,226,0,231,0,48,319,0,367,48,0,48,415
11/12/2001,APF,FL,ASO,ES,Federal Contract Tower,0,27,81,0,108,0,10,233,0,243,0,37,314,0,351,106,0,106,457
11/13/2001,APF,FL,ASO,ES,Federal Contract Tower,0,27,96,0,123,0,9,250,0,259,0,36,346,0,382,188,0,188,570
11/14/2001,APF,FL,ASO,ES,Federal Contract Tower,0,33,99,0,132,0,1,155,0,156,0,34,254,0,288,126,0,126,414
11/15/2001,APF,FL,ASO,ES,Federal Contract Tower,0,46,98,2,146,0,10,196,0,206,0,56,294,2,352,287,0,287,639
11/16/2001,APF,FL,ASO,ES,Federal Contract Tower,0,46,87,0,133,0,17,291,0,308,0,63,378,0,441,112,0,112,553
11/17/2001,APF,FL,ASO,ES,Federal Contract Tower,0,33,87,0,120,0,14,341,0,355,0,47,428,0,475,110,0,110,585
11/18/2001,APF,FL,ASO,ES,Federal Contract Tower,0,57,90,0,147,0,11,259,0,270,0,68,349,0,417,96,0,96,513
11/19/2001,APF,FL,ASO,ES,Federal Contract Tower,0,38,91,1,130,0,10,246,1,257,0,48,337,2,387,164,0,164,551
11/20/2001,APF,FL,ASO,ES,Federal Contract Tower,0,58,116,0,174,0,2,239,0,241,0,60,355,0,415,106,0,106,521
11/21/2001,APF,FL,ASO,ES,Federal Contract Tower,0,53,105,0,158,0,3,222,0,225,0,56,327,0,383,30,0,30,413
11/22/2001,APF,FL,ASO,ES,Federal Contract Tower,0,14,38,0,52,0,3,151,0,154,0,17,189,0,206,82,0,82,288
11/23/2001,APF,FL,ASO,ES,Federal Contract Tower,0,25,71,0,96,0,4,228,0,232,0,29,299,0,328,48,0,48,376
11/24/2001,APF,FL,ASO,ES,Federal Contract Tower,0,46,85,0,131,0,7,253,0,260,0,53,338,0,391,92,0,92,483
11/25/2001,APF,FL,ASO,ES,Federal Contract Tower,0,68,174,0,242,0,6,233,0,239,0,74,407,0,481,8,0,8,489
11/26/2001,APF,FL,ASO,ES,Federal Contract Tower,0,42,77,0,119,0,0,225,0,225,0,42,302,0,344,102,0,102,446
11/27/2001,APF,FL,ASO,ES,Federal Contract Tower,0,36,67,0,103,0,7,249,0,256,0,43,316,0,359,82,0,82,441
11/28/2001,APF,FL,ASO,ES,Federal Contract Tower,0,32,27,0,59,0,0,247,0,247,0,32,274,0,306,180,0,180,486
11/29/2001,APF,FL,ASO,ES,Federal Contract Tower,0,37,88,0,125,0,4,234,0,238,0,41,322,0,363,140,0,140,503
11/30/2001,APF,FL,ASO,ES,Federal Contract Tower,0,42,96,0,138,0,10,215,2,227,0,52,311,2,365,170,0,170,535
12/01/2001,APF,FL,ASO,ES,Federal Contract Tower,0,29,77,0,106,0,1,232,0,233,0,30,309,0,339,94,0,94,433
12/02/2001,APF,FL,ASO,ES,Federal Contract Tower,0,39,61,0,100,0,0,197,2,199,0,39,258,2,299,75,0,75,374
12/03/2001,APF,FL,ASO,ES,Federal Contract Tower,0,30,66,0,96,0,0,162,0,162,0,30,228,0,258,95,0,95,353
12/04/2001,APF,FL,ASO,ES,Federal Contract Tower,0,26,78,0,104,0,4,150,2,156,0,30,228,2,260,102,0,102,362
12/05/2001,APF,FL,ASO,ES,Federal Contract Tower,0,30,71,2,103,0,2,188,0,190,0,32,259,2,293,98,0,98,391
12/06/2001,APF,FL,ASO,ES,Federal Contract Tower,0,34,107,2,143,0,1,165,0,166,0,35,272,2,309,164,0,164,473
12/07/2001,APF,FL,ASO,ES,Federal Contract Tower,0,28,88,2,118,0,1,107,0,108,0,29,195,2,226,116,0,116,342
12/08/2001,APF,FL,ASO,ES,Federal Contract Tower,0,37,63,0,100,0,15,132,0,147,0,52,195,0,247,72,0,72,319
12/09/2001,APF,FL,ASO,ES,Federal Contract Tower,0,34,50,0,84,0,4,106,0,110,0,38,156,0,194,62,0,62,256
12/10/2001,APF,FL,ASO,ES,Federal Contract Tower,0,27,60,0,87,0,0,122,0,122,0,27,182,0,209,115,0,115,324
12/11/2001,APF,FL,ASO,ES,Federal Contract Tower,0,34,60,0,94,0,1,147,0,148,0,35,207,0,242,84,0,84,326
12/12/2001,APF,FL,ASO,ES,Federal Contract Tower,0,26,92,0,118,0,4,189,2,195,0,30,281,2,313,94,0,94,407
12/13/2001,APF,FL,ASO,ES,Federal Contract Tower,0,24,66,0,90,0,0,192,0,192,0,24,258,0,282,96,0,96,378
12/14/2001,APF,FL,ASO,ES,Federal Contract Tower,0,35,89,1,125,0,2,205,0,207,0,37,294,1,332,74,0,74,406
12/15/2001,APF,FL,ASO,ES,Federal Contract Tower,0,18,76,0,94,0,1,199,0,200,0,19,275,0,294,92,0,92,386
12/16/2001,APF,FL,ASO,ES,Federal Contract Tower,0,29,61,0,90,0,2,200,0,202,0,31,261,0,292,38,0,38,330
12/17/2001,APF,FL,ASO,ES,Federal Contract Tower,0,28,60,0,88,0,7,132,0,139,0,35,192,0,227,58,0,58,285
12/18/2001,APF,FL,ASO,ES,Federal Contract Tower,0,35,63,0,98,0,4,131,0,135,0,39,194,0,233,60,0,60,293
12/19/2001,APF,FL,ASO,ES,Federal Contract Tower,0,26,68,0,94,0,3,230,0,233,0,29,298,0,327,110,0,110,437
12/20/2001,APF,FL,ASO,ES,Federal Contract Tower,0,29,71,0,100,0,3,222,0,225,0,32,293,0,325,76,0,76,401
12/21/2001,APF,FL,ASO,ES,Federal Contract Tower,0,43,92,0,135,0,6,216,0,222,0,49,308,0,357,46,0,46,403
12/22/2001,APF,FL,ASO,ES,Federal Contract Tower,0,30,71,0,101,0,0,148,0,148,0,30,219,0,249,50,0,50,299
12/23/2001,APF,FL,ASO,ES,Federal Contract Tower,0,28,41,0,69,0,0,124,0,124,0,28,165,0,193,38,0,38,231
12/24/2001,APF,FL,ASO,ES,Federal Contract Tower,0,12,31,0,43,0,4,103,0,107,0,16,134,0,150,14,0,14,164
12/25/2001,APF,FL,ASO,ES,Federal Contract Tower,0,10,41,0,51,0,6,70,0,76,0,16,111,0,127,0,0,0,127
12/26/2001,APF,FL,ASO,ES,Federal Contract Tower,0,74,151,0,225,0,15,150,0,165,0,89,301,0,390,26,0,26,416
12/27/2001,APF,FL,ASO,ES,Federal Contract Tower,0,72,141,0,213,0,3,205,0,208,0,75,346,0,421,42,0,42,463
12/28/2001,APF,FL,ASO,ES,Federal Contract Tower,0,54,108,0,162,0,7,222,0,229,0,61,330,0,391,18,0,18,409
12/29/2001,APF,FL,ASO,ES,Federal Contract Tower,0,36,81,0,117,0,0,140,0,140,0,36,221,0,257,18,0,18,275
12/30/2001,APF,FL,ASO,ES,Federal Contract Tower,0,35,89,0,124,0,3,138,0,141,0,38,227,0,265,58,0,58,323
12/31/2001,APF,FL,ASO,ES,Federal Contract Tower,0,37,93,0,130,0,0,10,0,10,0,37,103,0,140,0,0,0,140
01/01/2002,APF,FL,ASO,ES,Federal Contract Tower,0,58,91,0,149,0,15,108,0,123,0,73,199,0,272,12,0,12,284
01/02/2002,APF,FL,ASO,ES,Federal Contract Tower,0,67,117,0,184,0,6,61,0,67,0,73,178,0,251,14,0,14,265
01/03/2002,APF,FL,ASO,ES,Federal Contract Tower,0,33,83,0,116,0,2,100,0,102,0,35,183,0,218,54,0,54,272
01/04/2002,APF,FL,ASO,ES,Federal Contract Tower,0,38,124,0,162,0,7,168,0,175,0,45,292,0,337,18,0,18,355
01/05/2002,APF,FL,ASO,ES,Federal Contract Tower,0,52,96,0,148,0,15,215,0,230,0,67,311,0,378,32,0,32,410
01/06/2002,APF,FL,ASO,ES,Federal Contract Tower,0,50,93,0,143,0,8,34,0,42,0,58,127,0,185,48,0,48,233
01/07/2002,APF,FL,ASO,ES,Federal Contract Tower,0,26,73,0,99,0,6,113,0,119,0,32,186,0,218,50,0,50,268
01/08/2002,APF,FL,ASO,ES,Federal Contract Tower,0,40,73,0,113,0,4,182,0,186,0,44,255,0,299,126,0,126,425
01/09/2002,APF,FL,ASO,ES,Federal Contract Tower,0,46,86,0,132,0,1,189,0,190,0,47,275,0,322,58,0,58,380
01/10/2002,APF,FL,ASO,ES,Federal Contract Tower,0,47,102,0,149,0,6,188,0,194,0,53,290,0,343,104,0,104,447
01/11/2002,APF,FL,ASO,ES,Federal Contract Tower,0,48,108,0,156,0,5,174,0,179,0,53,282,0,335,48,0,48,383
01/12/2002,APF,FL,ASO,ES,Federal Contract Tower,0,31,70,0,101,0,4,255,1,260,0,35,325,1,361,82,0,82,443
01/13/2002,APF,FL,ASO,ES,Federal Contract Tower,0,42,83,1,126,0,11,149,1,161,0,53,232,2,287,18,0,18,305
01/14/2002,APF,FL,ASO,ES,Federal Contract Tower,0,34,93,0,127,0,0,36,0,36,0,34,129,0,163,24,0,24,187
01/15/2002,APF,FL,ASO,ES,Federal Contract Tower,0,39,84,0,123,0,6,59,0,65,0,45,143,0,188,60,0,60,248
01/16/2002,APF,FL,ASO,ES,Federal Contract Tower,0,38,94,0,132,0,0,222,4,226,0,38,316,4,358,74,0,74,432
01/17/2002,APF,FL,ASO,ES,Federal Contract Tower,0,41,127,0,168,0,6,134,0,140,0,47,261,0,308,22,0,22,330
01/18/2002,APF,FL,ASO,ES,Federal Contract Tower,0,54,138,0,192,0,10,158,0,168,0,64,296,0,360,105,0,105,465
01/19/2002,APF,FL,ASO,ES,Federal Contract Tower,0,22,69,0,91,0,4,225,0,229,0,26,294,0,320,36,0,36,356
01/20/2002,APF,FL,ASO,ES,Federal Contract Tower,0,44,104,0,148,0,5,97,0,102,0,49,201,0,250,22,0,22,272
01/21/2002,APF,FL,ASO,ES,Federal Contract Tower,0,54,121,0,175,0,2,146,0,148,0,56,267,0,323,50,0,50,373
01/22/2002,APF,FL,ASO,ES,Federal Contract Tower,0,49,112,0,161,0,7,146,0,153,0,56,258,0,314,58,0,58,372
01/23/2002,APF,FL,ASO,ES,Federal Contract Tower,0,32,89,0,121,0,4,207,5,216,0,36,296,5,337,74,6,80,417
01/24/2002,APF,FL,ASO,ES,Federal Contract Tower,0,48,123,0,171,0,8,187,0,195,0,56,310,0,366,31,0,31,397
01/25/2002,APF,FL,ASO,ES,Federal Contract Tower,0,46,168,0,214,0,2,170,1,173,0,48,338,1,387,68,0,68,455
01/26/2002,APF,FL,ASO,ES,Federal Contract Tower,0,30,109,0,139,0,9,180,1,190,0,39,289,1,329,38,0,38,367
01/27/2002,APF,FL,ASO,ES,Federal Contract Tower,0,47,126,0,173,0,5,157,0,162,0,52,283,0,335,42,0,42,377
01/28/2002,APF,FL,ASO,ES,Federal Contract Tower,0,49,128,0,177,0,4,149,0,153,0,53,277,0,330,77,0,77,407
01/29/2002,APF,FL,ASO,ES,Federal Contract Tower,0,45,113,3,161,0,0,167,7,174,0,45,280,10,335,46,2,48,383
01/30/2002,APF,FL,ASO,ES,Federal Contract Tower,0,46,120,0,166,0,13,156,0,169,0,59,276,0,335,106,0,106,441
01/31/2002,APF,FL,ASO,ES,Federal Contract Tower,0,50,119,0,169,0,7,164,0,171,0,57,283,0,340,88,0,88,428
02/01/2002,APF,FL,ASO,ES,Federal Contract Tower,0,49,112,0,161,0,6,176,0,182,0,55,288,0,343,76,0,76,419
02/02/2002,APF,FL,ASO,ES,Federal Contract Tower,0,37,97,0,134,0,6,236,2,244,0,43,333,2,378,46,0,46,424
02/03/2002,APF,FL,ASO,ES,Federal Contract Tower,0,38,107,0,145,0,0,25,0,25,0,38,132,0,170,8,0,8,178
02/04/2002,APF,FL,ASO,ES,Federal Contract Tower,0,45,92,0,137,0,2,175,0,177,0,47,267,0,314,44,0,44,358
02/05/2002,APF,FL,ASO,ES,Federal Contract Tower,0,38,111,0,149,0,9,218,0,227,0,47,329,0,376,68,0,68,444
02/06/2002,APF,FL,ASO,ES,Federal Contract Tower,0,42,127,0,169,0,12,197,0,209,0,54,324,0,378,130,0,130,508
02/07/2002,APF,FL,ASO,ES,Federal Contract Tower,0,52,122,2,176,0,0,90,0,90,0,52,212,2,266,36,0,36,302
02/08/2002,APF,FL,ASO,ES,Federal Contract Tower,0,54,138,0,192,0,8,244,4,256,0,62,382,4,448,114,0,114,562
02/09/2002,APF,FL,ASO,ES,Federal Contract Tower,0,32,120,0,152,0,3,147,5,155,0,35,267,5,307,94,0,94,401
02/10/2002,APF,FL,ASO,ES,Federal Contract Tower,0,56,144,0,200,0,13,35,0,48,0,69,179,0,248,36,0,36,284
02/11/2002,APF,FL,ASO,ES,Federal Contract Tower,0,45,120,0,165,0,7,155,0,162,0,52,275,0,327,96,0,96,423
02/12/2002,APF,FL,ASO,ES,Federal Contract Tower,0,39,107,0,146,0,6,222,0,228,0,45,329,0,374,160,0,160,534
02/13/2002,APF,FL,ASO,ES,Federal Contract Tower,0,56,120,0,176,0,6,199,0,205,0,62,319,0,381,58,0,58,439
02/14/2002,APF,FL,ASO,ES,Federal Contract Tower,0,68,186,0,254,0,8,157,0,165,0,76,343,0,419,56,0,56,475
02/15/2002,APF,FL,ASO,ES,Federal Contract Tower,0,61,160,0,221,0,7,177,0,184,0,68,337,0,405,100,0,100,505
02/16/2002,APF,FL,ASO,ES,Federal Contract Tower,0,52,136,0,188,0,5,64,0,69,0,57,200,0,257,30,0,30,287
02/17/2002,APF,FL,ASO,ES,Federal Contract Tower,0,65,155,0,220,0,9,203,0,212,0,74,358,0,432,34,0,34,466
02/18/2002,APF,FL,ASO,ES,Federal Contract Tower,0,86,178,0,264,0,10,173,0,183,0,96,351,0,447,10,0,10,457
02/19/2002,APF,FL,ASO,ES,Federal Contract Tower,0,57,143,0,200,0,17,174,0,191,0,74,317,0,391,82,0,82,473
02/20/2002,APF,FL,ASO,ES,Federal Contract Tower,0,55,128,0,183,0,2,165,2,169,0,57,293,2,352,102,0,102,454
02/21/2002,APF,FL,ASO,ES,Federal Contract Tower,0,40,193,0,233,0,7,193,2,202,0,47,386,2,435,86,0,86,521
02/22/2002,APF,FL,ASO,ES,Federal Contract Tower,0,43,124,0,167,0,3,90,0,93,0,46,214,0,260,64,0,64,324
02/23/2002,APF,FL,ASO,ES,Federal Contract Tower,0,42,106,0,148,0,2,11,0,13,0,44,117,0,161,30,0,30,191
02/24/2002,APF,FL,ASO,ES,Federal Contract Tower,0,59,157,0,216,0,7,244,2,253,0,66,401,2,469,52,0,52,521
02/25/2002,APF,FL,ASO,ES,Federal Contract Tower,0,43,129,0,172,0,7,201,0,208,0,50,330,0,380,116,0,116,496
02/26/2002,APF,FL,ASO,ES,Federal Contract Tower,0,30,127,0,157,0,4,243,3,250,0,34,370,3,407,46,0,46,453
02/27/2002,APF,FL,ASO,ES,Federal Contract Tower,0,52,124,0,176,0,0,97,4,101,0,52,221,4,277,42,0,42,319
02/28/2002,APF,FL,ASO,ES,Federal Contract Tower,0,69,150,2,221,0,0,235,0,235,0,69,385,2,456,54,0,54,510
03/01/2002,APF,FL,ASO,ES,Federal Contract Tower,0,45,130,0,175,0,8,144,0,152,0,53,274,0,327,64,0,64,391
03/02/2002,APF,FL,ASO,ES,Federal Contract Tower,0,28,83,0,111,0,11,96,9,116,0,39,179,9,227,30,0,30,257
03/03/2002,APF,FL,ASO,ES,Federal Contract Tower,0,58,134,0,192,0,6,128,3,137,0,64,262,3,329,40,0,40,369
03/04/2002,APF,FL,ASO,ES,Federal Contract Tower,0,36,103,0,139,0,1,45,0,46,0,37,148,0,185,68,0,68,253
03/05/2002,APF,FL,ASO,ES,Federal Contract Tower,0,41,105,0,146,0,3,143,0,146,0,44,248,0,292,28,0,28,320
03/06/2002,APF,FL,ASO,ES,Federal Contract Tower,0,37,100,0,137,0,7,180,0,187,0,44,280,0,324,52,0,52,376
03/07/2002,APF,FL,ASO,ES,Federal Contract Tower,0,59,108,0,167,0,12,84,0,96,0,71,192,0,263,78,0,78,341
03/08/2002,APF,FL,ASO,ES,Federal Contract Tower,0,46,144,0,190,0,17,202,2,221,0,63,346,2,411,82,2,84,495
03/09/2002,APF,FL,ASO,ES,Federal Contract Tower,0,40,84,0,124,0,6,205,4,215,0,46,289,4,339,56,0,56,395
03/10/2002,APF,FL,ASO,ES,Federal Contract Tower,0,64,133,0,197,0,7,160,0,167,0,71,293,0,364,30,0,30,394
03/11/2002,APF,FL,ASO,ES,Federal Contract Tower,0,38,91,0,129,0,16,153,0,169,0,54,244,0,298,96,0,96,394
03/12/2002,APF,FL,ASO,ES,Federal Contract Tower,0,35,96,0,131,0,7,201,0,208,0,42,297,0,339,78,0,78,417
03/13/2002,APF,FL,ASO,ES,Federal Contract Tower,0,53,113,0,166,0,2,215,0,217,0,55,328,0,383,126,0,126,509
03/14/2002,APF,FL,ASO,ES,Federal Contract Tower,0,51,105,0,156,0,5,296,4,305,0,56,401,4,461,116,0,116,577
03/15/2002,APF,FL,ASO,ES,Federal Contract Tower,0,56,133,0,189,0,9,272,0,281,0,65,405,0,470,110,0,110,580
03/16/2002,APF,FL,ASO,ES,Federal Contract Tower,0,43,111,0,154,0,1,233,5,239,0,44,344,5,393,88,0,88,481
03/17/2002,APF,FL,ASO,ES,Federal Contract Tower,0,58,101,0,159,0,15,191,0,206,0,73,292,0,365,38,0,38,403
03/18/2002,APF,FL,ASO,ES,Federal Contract Tower,0,39,110,0,149,0,8,184,0,192,0,47,294,0,341,120,0,120,461
03/19/2002,APF,FL,ASO,ES,Federal Contract Tower,0,45,119,0,164,0,11,216,0,227,0,56,335,0,391,66,0,66,457
03/20/2002,APF,FL,ASO,ES,Federal Contract Tower,0,39,99,0,138,0,0,255,4,259,0,39,354,4,397,84,10,94,491
03/21/2002,APF,FL,ASO,ES,Federal Contract Tower,0,55,135,0,190,0,16,264,7,287,0,71,399,7,477,66,4,70,547
03/22/2002,APF,FL,ASO,ES,Federal Contract Tower,0,55,155,0,210,0,10,200,7,217,0,65,355,7,427,84,0,84,511
03/23/2002,APF,FL,ASO,ES,Federal Contract Tower,0,47,142,2,191,0,2,258,0,260,0,49,400,2,451,94,0,94,545
03/24/2002,APF,FL,ASO,ES,Federal Contract Tower,0,46,120,0,166,0,1,163,0,164,0,47,283,0,330,60,0,60,390
03/25/2002,APF,FL,ASO,ES,Federal Contract Tower,0,38,92,0,130,0,6,175,0,181,0,44,267,0,311,88,0,88,399
03/26/2002,APF,FL,ASO,ES,Federal Contract Tower,0,34,113,0,147,0,7,196,0,203,0,41,309,0,350,26,0,26,376
03/27/2002,APF,FL,ASO,ES,Federal Contract Tower,0,62,126,0,188,0,7,249,4,260,0,69,375,4,448,78,0,78,526
03/28/2002,APF,FL,ASO,ES,Federal Contract Tower,0,68,189,0,257,0,9,256,0,265,0,77,445,0,522,90,0,90,612
03/29/2002,APF,FL,ASO,ES,Federal Contract Tower,0,45,139,0,184,0,2,233,0,235,0,47,372,0,419,94,0,94,513
03/30/2002,APF,FL,ASO,ES,Federal Contract Tower,0,55,99,0,154,0,0,205,0,205,0,55,304,0,359,22,0,22,381
03/31/2002,APF,FL,ASO,ES,Federal Contract Tower,0,57,96,0,153,0,0,112,0,112,0,57,208,0,265,56,0,56,321
04/01/2002,APF,FL,ASO,ES,Federal Contract Tower,0,68,192,0,260,0,3,173,0,176,0,71,365,0,436,38,0,38,474
04/02/2002,APF,FL,ASO,ES,Federal Contract Tower,0,40,105,0,145,0,3,203,0,206,0,43,308,0,351,128,0,128,479
04/03/2002,APF,FL,ASO,ES,Federal Contract Tower,0,40,111,0,151,0,1,229,0,230,0,41,340,0,381,54,0,54,435
04/04/2002,APF,FL,ASO,ES,Federal Contract Tower,0,41,103,2,146,0,8,282,0,290,0,49,385,2,436,58,0,58,494
04/05/2002,APF,FL,ASO,ES,Federal Contract Tower,0,44,118,0,162,0,5,233,0,238,0,49,351,0,400,66,0,66,466
04/06/2002,APF,FL,ASO,ES,Federal Contract Tower,0,45,127,0,172,0,9,211,2,222,0,54,338,2,394,80,0,80,474
04/07/2002,APF,FL,ASO,ES,Federal Contract Tower,0,65,145,0,210,0,9,168,0,177,0,74,313,0,387,22,0,22,409
04/08/2002,APF,FL,ASO,ES,Federal Contract Tower,0,49,117,0,166,0,2,197,4,203,0,51,314,4,369,126,0,126,495
04/09/2002,APF,FL,ASO,ES,Federal Contract Tower,0,39,115,0,154,0,0,167,0,167,0,39,282,0,321,94,0,94,415
04/10/2002,APF,FL,ASO,ES,Federal Contract Tower,0,34,106,0,140,0,15,236,0,251,0,49,342,0,391,104,0,104,495
04/11/2002,APF,FL,ASO,ES,Federal Contract Tower,0,38,126,0,164,0,6,193,0,199,0,44,319,0,363,92,0,92,455
04/12/2002,APF,FL,ASO,ES,Federal Contract Tower,0,34,128,0,162,0,4,181,7,192,0,38,309,7,354,90,0,90,444
04/13/2002,APF,FL,ASO,ES,Federal Contract Tower,0,32,93,0,125,0,4,180,1,185,0,36,273,1,310,36,0,36,346
04/14/2002,APF,FL,ASO,ES,Federal Contract Tower,0,38,80,0,118,0,2,165,0,167,0,40,245,0,285,40,0,40,325
04/15/2002,APF,FL,ASO,ES,Federal Contract Tower,0,46,73,0,119,0,7,209,0,216,0,53,282,0,335,152,0,152,487
04/16/2002,APF,FL,ASO,ES,Federal Contract Tower,0,35,73,0,108,0,1,197,0,198,0,36,270,0,306,120,0,120,426
04/17/2002,APF,FL,ASO,ES,Federal Contract Tower,0,50,108,2,160,0,7,225,0,232,0,57,333,2,392,208,0,208,600
04/18/2002,APF,FL,ASO,ES,Federal Contract Tower,0,35,90,0,125,0,4,201,0,205,0,39,291,0,330,108,0,108,438
04/19/2002,APF,FL,ASO,ES,Federal Contract Tower,0,49,113,0,162,0,6,209,0,215,0,55,322,0,377,128,0,128,505
04/20/2002,APF,FL,ASO,ES,Federal Contract Tower,0,33,74,0,107,0,5,242,0,247,0,38,316,0,354,72,0,72,426
04/21/2002,APF,FL,ASO,ES,Federal Contract Tower,0,47,112,0,159,0,9,194,0,203,0,56,306,0,362,76,0,76,438
04/22/2002,APF,FL,ASO,ES,Federal Contract Tower,0,28,74,0,102,0,1,205,0,206,0,29,279,0,308,198,0,198,506
04/23/2002,APF,FL,ASO,ES,Federal Contract Tower,0,36,82,0,118,0,6,199,0,205,0,42,281,0,323,104,0,104,427
04/24/2002,APF,FL,ASO,ES,Federal Contract Tower,0,36,98,0,134,0,2,248,6,256,0,38,346,6,390,88,14,102,492
04/25/2002,APF,FL,ASO,ES,Federal Contract Tower,0,33,98,0,131,0,3,211,0,214,0,36,309,0,345,108,0,108,453
04/26/2002,APF,FL,ASO,ES,Federal Contract Tower,0,33,109,0,142,0,10,201,1,212,0,43,310,1,354,28,0,28,382
04/27/2002,APF,FL,ASO,ES,Federal Contract Tower,0,24,59,0,83,0,6,210,4,220,0,30,269,4,303,72,0,72,375
04/28/2002,APF,FL,ASO,ES,Federal Contract Tower,0,56,66,0,122,0,5,163,0,168,0,61,229,0,290,60,0,60,350
04/29/2002,APF,FL,ASO,ES,Federal Contract Tower,0,32,75,0,107,0,4,149,0,153,0,36,224,0,260,46,0,46,306
04/30/2002,APF,FL,ASO,ES,Federal Contract Tower,0,27,87,0,114,0,4,188,0,192,0,31,275,0,306,72,0,72,378
05/01/2002,APF,FL,ASO,ES,Federal Contract Tower,0,38,99,0,137,0,7,187,2,196,0,45,286,2,333,50,2,52,385
05/02/2002,APF,FL,ASO,ES,Federal Contract Tower,0,30,99,0,129,0,7,212,0,219,0,37,311,0,348,28,0,28,376
05/03/2002,APF,FL,ASO,ES,Federal Contract Tower,0,38,74,0,112,0,2,189,0,191,0,40,263,0,303,42,0,42,345
05/04/2002,APF,FL,ASO,ES,Federal Contract Tower,0,34,48,0,82,0,3,174,0,177,0,37,222,0,259,94,0,94,353
05/05/2002,APF,FL,ASO,ES,Federal Contract Tower,0,46,103,0,149,0,11,137,0,148,0,57,240,0,297,38,0,38,335
05/06/2002,APF,FL,ASO,ES,Federal Contract Tower,0,38,78,0,116,0,2,139,0,141,0,40,217,0,257,40,0,40,297
05/07/2002,APF,FL,ASO,ES,Federal Contract Tower,0,31,65,0,96,0,4,198,0,202,0,35,263,0,298,144,0,144,442
05/08/2002,APF,FL,ASO,ES,Federal Contract Tower,0,42,96,0,138,0,2,182,8,192,0,44,278,8,330,102,0,102,432
05/09/2002,APF,FL,ASO,ES,Federal Contract Tower,0,37,83,0,120,0,12,218,0,230,0,49,301,0,350,80,0,80,430
05/10/2002,APF,FL,ASO,ES,Federal Contract Tower,0,45,104,0,149,0,25,167,0,192,0,70,271,0,341,66,0,66,407
05/11/2002,APF,FL,ASO,ES,Federal Contract Tower,0,32,48,0,80,0,4,170,0,174,0,36,218,0,254,110,0,110,364
05/12/2002,APF,FL,ASO,ES,Federal Contract Tower,0,57,50,0,107,0,4,104,0,108,0,61,154,0,215,24,0,24,239
05/13/2002,APF,FL,ASO,ES,Federal Contract Tower,0,22,61,0,83,0,0,159,0,159,0,22,220,0,242,66,0,66,308
05/14/2002,APF,FL,ASO,ES,Federal Contract Tower,0,24,66,0,90,0,0,129,2,131,0,24,195,2,221,36,0,36,257
05/15/2002,APF,FL,ASO,ES,Federal Contract Tower,0,29,74,0,103,0,0,174,0,174,0,29,248,0,277,72,0,72,349
05/16/2002,APF,FL,ASO,ES,Federal Contract Tower,0,37,55,0,92,0,8,114,0,122,0,45,169,0,214,26,0,26,240
05/17/2002,APF,FL,ASO,ES,Federal Contract Tower,0,31,61,0,92,0,7,214,0,221,0,38,275,0,313,94,0,94,407
05/18/2002,APF,FL,ASO,ES,Federal Contract Tower,0,23,48,0,71,0,4,141,0,145,0,27,189,0,216,76,0,76,292
05/19/2002,APF,FL,ASO,ES,Federal Contract Tower,0,33,62,0,95,0,0,0,0,0,0,33,62,0,95,0,0,0,95
05/20/2002,APF,FL,ASO,ES,Federal Contract Tower,0,27,63,0,90,0,1,130,0,131,0,28,193,0,221,104,0,104,325
05/21/2002,APF,FL,ASO,ES,Federal Contract Tower,0,24,59,0,83,0,1,141,0,142,0,25,200,0,225,136,0,136,361
05/22/2002,APF,FL,ASO,ES,Federal Contract Tower,0,27,90,0,117,0,0,127,0,127,0,27,217,0,244,62,0,62,306
05/23/2002,APF,FL,ASO,ES,Federal Contract Tower,0,26,66,0,92,0,0,180,0,180,0,26,246,0,272,98,0,98,370
05/24/2002,APF,FL,ASO,ES,Federal Contract Tower,0,35,74,0,109,0,2,153,0,155,0,37,227,0,264,108,0,108,372
05/25/2002,APF,FL,ASO,ES,Federal Contract Tower,0,23,57,0,80,0,2,183,0,185,0,25,240,0,265,158,0,158,423
05/26/2002,APF,FL,ASO,ES,Federal Contract Tower,0,25,36,0,61,0,2,159,0,161,0,27,195,0,222,102,0,102,324
05/27/2002,APF,FL,ASO,ES,Federal Contract Tower,0,39,61,0,100,0,2,172,0,174,0,41,233,0,274,78,0,78,352
05/28/2002,APF,FL,ASO,ES,Federal Contract Tower,0,25,71,0,96,0,4,163,2,169,0,29,234,2,265,108,0,108,373
05/29/2002,APF,FL,ASO,ES,Federal Contract Tower,0,27,80,0,107,0,4,202,0,206,0,31,282,0,313,106,0,106,419
05/30/2002,APF,FL,ASO,ES,Federal Contract Tower,0,26,66,0,92,0,3,150,0,153,0,29,216,0,245,90,0,90,335
05/31/2002,APF,FL,ASO,ES,Federal Contract Tower,0,39,51,1,91,0,2,156,1,159,0,41,207,2,250,104,0,104,354
06/01/2002,APF,FL,ASO,ES,Federal Contract Tower,0,19,59,0,78,0,1,122,0,123,0,20,181,0,201,76,0,76,277
06/02/2002,APF,FL,ASO,ES,Federal Contract Tower,0,25,62,0,87,0,2,136,0,138,0,27,198,0,225,8,0,8,233
06/03/2002,APF,FL,ASO,ES,Federal Contract Tower,0,26,55,0,81,0,2,152,0,154,0,28,207,0,235,66,0,66,301
06/04/2002,APF,FL,ASO,ES,Federal Contract Tower,0,17,48,0,65,0,2,145,0,147,0,19,193,0,212,46,0,46,258
06/05/2002,APF,FL,ASO,ES,Federal Contract Tower,0,19,64,0,83,0,5,130,4,139,0,24,194,4,222,60,0,60,282
06/06/2002,APF,FL,ASO,ES,Federal Contract Tower,0,22,65,0,87,0,0,169,2,171,0,22,234,2,258,132,0,132,390
06/07/2002,APF,FL,ASO,ES,Federal Contract Tower,0,25,63,3,91,0,0,180,1,181,0,25,243,4,272,128,0,128,400
06/08/2002,APF,FL,ASO,ES,Federal Contract Tower,0,21,43,0,64,0,6,162,0,168,0,27,205,0,232,66,0,66,298
06/09/2002,APF,FL,ASO,ES,Federal Contract Tower,0,26,59,0,85,0,1,159,0,160,0,27,218,0,245,118,0,118,363
06/10/2002,APF,FL,ASO,ES,Federal Contract Tower,0,17,46,0,63,0,2,143,0,145,0,19,189,0,208,80,0,80,288
06/11/2002,APF,FL,ASO,ES,Federal Contract Tower,0,17,41,0,58,0,1,167,0,168,0,18,208,0,226,106,0,106,332
06/12/2002,APF,FL,ASO,ES,Federal Contract Tower,0,21,47,0,68,0,5,132,4,141,0,26,179,4,209,66,0,66,275
06/13/2002,APF,FL,ASO,ES,Federal Contract Tower,0,17,35,0,52,0,2,82,0,84,0,19,117,0,136,76,0,76,212
06/14/2002,APF,FL,ASO,ES,Federal Contract Tower,0,19,45,0,64,0,0,95,0,95,0,19,140,0,159,120,0,120,279
06/15/2002,APF,FL,ASO,ES,Federal Contract Tower,0,17,44,0,61,0,1,47,0,48,0,18,91,0,109,70,0,70,179
06/16/2002,APF,FL,ASO,ES,Federal Contract Tower,0,22,26,0,48,0,2,113,0,115,0,24,139,0,163,142,0,142,305
06/17/2002,APF,FL,ASO,ES,Federal Contract Tower,0,24,48,0,72,0,0,147,0,147,0,24,195,0,219,130,0,130,349
06/18/2002,APF,FL,ASO,ES,Federal Contract Tower,0,17,42,0,59,0,0,138,2,140,0,17,180,2,199,90,0,90,289
06/19/2002,APF,FL,ASO,ES,Federal Contract Tower,0,22,42,0,64,0,8,131,4,143,0,30,173,4,207,108,0,108,315
06/20/2002,APF,FL,ASO,ES,Federal Contract Tower,0,18,67,0,85,0,0,101,0,101,0,18,168,0,186,94,0,94,280
06/21/2002,APF,FL,ASO,ES,Federal Contract Tower,0,25,64,0,89,0,0,100,1,101,0,25,164,1,190,98,0,98,288
06/22/2002,APF,FL,ASO,ES,Federal Contract Tower,0,21,47,0,68,0,0,51,0,51,0,21,98,0,119,106,0,106,225
06/23/2002,APF,FL,ASO,ES,Federal Contract Tower,0,26,64,2,92,0,3,151,0,154,0,29,215,2,246,152,0,152,398
06/24/2002,APF,FL,ASO,ES,Federal Contract Tower,0,20,38,0,58,0,1,78,0,79,0,21,116,0,137,50,0,50,187
06/25/2002,APF,FL,ASO,ES,Federal Contract Tower,0,27,47,2,76,0,1,149,2,152,0,28,196,4,228,116,0,116,344
06/26/2002,APF,FL,ASO,ES,Federal Contract Tower,0,36,60,0,96,0,0,172,0,172,0,36,232,0,268,74,0,74,342
06/27/2002,APF,FL,ASO,ES,Federal Contract Tower,0,15,46,0,61,0,6,162,0,168,0,21,208,0,229,40,0,40,269
06/28/2002,APF,FL,ASO,ES,Federal Contract Tower,0,14,45,0,59,0,2,160,0,162,0,16,205,0,221,178,0,178,399
06/29/2002,APF,FL,ASO,ES,Federal Contract Tower,0,16,38,0,54,0,0,183,0,183,0,16,221,0,237,164,0,164,401
06/30/2002,APF,FL,ASO,ES,Federal Contract Tower,0,14,39,0,53,0,0,104,0,104,0,14,143,0,157,72,0,72,229
07/01/2002,APF,FL,ASO,ES,Federal Contract Tower,0,16,62,0,78,0,1,117,0,118,0,17,179,0,196,154,0,154,350
07/02/2002,APF,FL,ASO,ES,Federal Contract Tower,0,17,48,0,65,0,9,146,1,156,0,26,194,1,221,176,0,176,397
07/03/2002,APF,FL,ASO,ES,Federal Contract Tower,0,32,54,1,87,0,7,202,5,214,0,39,256,6,301,162,0,162,463
07/04/2002,APF,FL,ASO,ES,Federal Contract Tower,0,15,27,0,42,0,1,209,4,214,0,16,236,4,256,140,0,140,396
07/05/2002,APF,FL,ASO,ES,Federal Contract Tower,0,18,38,0,56,0,3,178,1,182,0,21,216,1,238,116,0,116,354
07/06/2002,APF,FL,ASO,ES,Federal Contract Tower,0,21,39,0,60,0,2,89,0,91,0,23,128,0,151,96,0,96,247
07/07/2002,APF,FL,ASO,ES,Federal Contract Tower,0,25,45,1,71,0,3,107,1,111,0,28,152,2,182,46,0,46,228
07/08/2002,APF,FL,ASO,ES,Federal Contract Tower,0,24,54,0,78,0,2,58,0,60,0,26,112,0,138,40,0,40,178
07/09/2002,APF,FL,ASO,ES,Federal Contract Tower,0,15,49,0,64,0,4,106,2,112,0,19,155,2,176,102,6,108,284
07/10/2002,APF,FL,ASO,ES,Federal Contract Tower,0,21,73,0,94,0,0,76,0,76,0,21,149,0,170,70,0,70,240
07/11/2002,APF,FL,ASO,ES,Federal Contract Tower,0,20,58,0,78,0,0,204,4,208,0,20,262,4,286,132,0,132,418
07/12/2002,APF,FL,ASO,ES,Federal Contract Tower,0,22,60,0,82,0,0,220,0,220,0,22,280,0,302,138,0,138,440
07/13/2002,APF,FL,ASO,ES,Federal Contract Tower,0,11,34,0,45,0,3,167,0,170,0,14,201,0,215,104,0,104,319
07/14/2002,APF,FL,ASO,ES,Federal Contract Tower,0,15,33,0,48,0,2,184,0,186,0,17,217,0,234,154,0,154,388
07/15/2002,APF,FL,ASO,ES,Federal Contract Tower,0,16,35,0,51,0,1,204,0,205,0,17,239,0,256,142,0,142,398
07/16/2002,APF,FL,ASO,ES,Federal Contract Tower,0,23,55,0,78,0,0,227,1,228,0,23,282,1,306,146,0,146,452
07/17/2002,APF,FL,ASO,ES,Federal Contract Tower,0,14,40,0,54,0,0,149,0,149,0,14,189,0,203,78,0,78,281
07/18/2002,APF,FL,ASO,ES,Federal Contract Tower,0,21,52,0,73,0,0,172,1,173,0,21,224,1,246,158,0,158,404
07/19/2002,APF,FL,ASO,ES,Federal Contract Tower,0,22,60,0,82,0,0,211,0,211,0,22,271,0,293,238,0,238,531
07/20/2002,APF,FL,ASO,ES,Federal Contract Tower,0,11,50,0,61,0,0,173,0,173,0,11,223,0,234,162,0,162,396
07/21/2002,APF,FL,ASO,ES,Federal Contract Tower,0,24,42,0,66,0,1,141,2,144,0,25,183,2,210,70,4,74,284
07/22/2002,APF,FL,ASO,ES,Federal Contract Tower,0,15,44,0,59,0,2,187,0,189,0,17,231,0,248,98,0,98,346
07/23/2002,APF,FL,ASO,ES,Federal Contract Tower,0,18,57,0,75,0,0,185,0,185,0,18,242,0,260,104,0,104,364
07/24/2002,APF,FL,ASO,ES,Federal Contract Tower,0,17,40,0,57,0,0,165,14,179,0,17,205,14,236,82,2,84,320
07/25/2002,APF,FL,ASO,ES,Federal Contract Tower,0,18,46,0,64,0,9,167,0,176,0,27,213,0,240,44,0,44,284
07/26/2002,APF,FL,ASO,ES,Federal Contract Tower,0,19,41,0,60,0,0,206,2,208,0,19,247,2,268,180,0,180,448
07/27/2002,APF,FL,ASO,ES,Federal Contract Tower,0,21,39,0,60,0,4,218,0,222,0,25,257,0,282,132,0,132,414
07/28/2002,APF,FL,ASO,ES,Federal Contract Tower,0,15,44,0,59,0,1,161,1,163,0,16,205,1,222,80,0,80,302
07/29/2002,APF,FL,ASO,ES,Federal Contract Tower,0,15,46,0,61,0,4,170,0,174,0,19,216,0,235,94,0,94,329
07/30/2002,APF,FL,ASO,ES,Federal Contract Tower,0,20,56,0,76,0,3,184,0,187,0,23,240,0,263,132,0,132,395
07/31/2002,APF,FL,ASO,ES,Federal Contract Tower,0,21,42,0,63,0,3,200,0,203,0,24,242,0,266,192,0,192,458
08/01/2002,APF,FL,ASO,ES,Federal Contract Tower,0,20,44,0,64,0,0,260,0,260,0,20,304,0,324,206,0,206,530
08/02/2002,APF,FL,ASO,ES,Federal Contract Tower,0,19,48,0,67,0,5,191,0,196,0,24,239,0,263,258,0,258,521
08/03/2002,APF,FL,ASO,ES,Federal Contract Tower,0,18,30,0,48,0,2,193,2,197,0,20,223,2,245,60,0,60,305
08/04/2002,APF,FL,ASO,ES,Federal Contract Tower,0,24,42,0,66,0,4,112,0,116,0,28,154,0,182,78,0,78,260
08/05/2002,APF,FL,ASO,ES,Federal Contract Tower,0,17,37,0,54,0,8,154,0,162,0,25,191,0,216,98,0,98,314
08/06/2002,APF,FL,ASO,ES,Federal Contract Tower,0,21,41,0,62,0,1,171,0,172,0,22,212,0,234,94,0,94,328
08/07/2002,APF,FL,ASO,ES,Federal Contract Tower,0,17,56,1,74,0,0,80,0,80,0,17,136,1,154,102,0,102,256
08/08/2002,APF,FL,ASO,ES,Federal Contract Tower,0,31,74,0,105,0,5,188,2,195,0,36,262,2,300,136,0,136,436
08/09/2002,APF,FL,ASO,ES,Federal Contract Tower,0,21,69,0,90,0,0,220,2,222,0,21,289,2,312,106,0,106,418
08/10/2002,APF,FL,ASO,ES,Federal Contract Tower,0,16,41,0,57,0,0,167,0,167,0,16,208,0,224,54,0,54,278
08/11/2002,APF,FL,ASO,ES,Federal Contract Tower,0,26,54,0,80,0,0,144,0,144,0,26,198,0,224,40,0,40,264
08/12/2002,APF,FL,ASO,ES,Federal Contract Tower,0,20,60,0,80,0,1,165,2,168,0,21,225,2,248,170,0,170,418
08/13/2002,APF,FL,ASO,ES,Federal Contract Tower,0,16,50,0,66,0,0,160,0,160,0,16,210,0,226,124,0,124,350
08/14/2002,APF,FL,ASO,ES,Federal Contract Tower,0,19,54,0,73,0,0,167,0,167,0,19,221,0,240,88,0,88,328
08/15/2002,APF,FL,ASO,ES,Federal Contract Tower,0,26,60,0,86,0,1,218,4,223,0,27,278,4,309,102,0,102,411
08/16/2002,APF,FL,ASO,ES,Federal Contract Tower,0,40,48,0,88,0,4,190,0,194,0,44,238,0,282,60,0,60,342
08/17/2002,APF,FL,ASO,ES,Federal Contract Tower,0,25,25,0,50,0,6,187,0,193,0,31,212,0,243,64,0,64,307
08/18/2002,APF,FL,ASO,ES,Federal Contract Tower,0,16,39,0,55,0,0,179,0,179,0,16,218,0,234,34,0,34,268
08/19/2002,APF,FL,ASO,ES,Federal Contract Tower,0,26,55,0,81,0,0,148,0,148,0,26,203,0,229,124,0,124,353
08/20/2002,APF,FL,ASO,ES,Federal Contract Tower,0,18,29,0,47,0,2,137,0,139,0,20,166,0,186,176,0,176,362
08/21/2002,APF,FL,ASO,ES,Federal Contract Tower,0,24,42,0,66,0,4,182,3,189,0,28,224,3,255,220,0,220,475
08/22/2002,APF,FL,ASO,ES,Federal Contract Tower,0,29,56,0,85,0,3,193,0,196,0,32,249,0,281,130,0,130,411
08/23/2002,APF,FL,ASO,ES,Federal Contract Tower,0,16,52,0,68,0,3,200,1,204,0,19,252,1,272,120,0,120,392
08/24/2002,APF,FL,ASO,ES,Federal Contract Tower,0,11,31,0,42,0,4,207,4,215,0,15,238,4,257,140,0,140,397
08/25/2002,APF,FL,ASO,ES,Federal Contract Tower,0,17,46,0,63,0,1,109,0,110,0,18,155,0,173,48,0,48,221
08/26/2002,APF,FL,ASO,ES,Federal Contract Tower,0,16,53,0,69,0,3,104,0,107,0,19,157,0,176,48,0,48,224
08/27/2002,APF,FL,ASO,ES,Federal Contract Tower,0,17,34,0,51,0,0,74,0,74,0,17,108,0,125,164,0,164,289
08/28/2002,APF,FL,ASO,ES,Federal Contract Tower,0,20,53,0,73,0,2,153,3,158,0,22,206,3,231,140,0,140,371
08/29/2002,APF,FL,ASO,ES,Federal Contract Tower,0,23,50,0,73,0,5,147,0,152,0,28,197,0,225,106,0,106,331
08/30/2002,APF,FL,ASO,ES,Federal Contract Tower,0,35,68,0,103,0,2,139,0,141,0,37,207,0,244,80,0,80,324
08/31/2002,APF,FL,ASO,ES,Federal Contract Tower,0,15,44,0,59,0,4,171,4,179,0,19,215,4,238,48,0,48,286
09/01/2002,APF,FL,ASO,ES,Federal Contract Tower,0,21,37,0,58,0,1,96,0,97,0,22,133,0,155,28,0,28,183
09/02/2002,APF,FL,ASO,ES,Federal Contract Tower,0,21,35,0,56,0,6,125,0,131,0,27,160,0,187,72,0,72,259
09/03/2002,APF,FL,ASO,ES,Federal Contract Tower,0,19,27,0,46,0,2,129,0,131,0,21,156,0,177,110,0,110,287
09/04/2002,APF,FL,ASO,ES,Federal Contract Tower,0,16,35,0,51,0,6,159,0,165,0,22,194,0,216,176,0,176,392
09/05/2002,APF,FL,ASO,ES,Federal Contract Tower,0,28,40,0,68,0,2,158,0,160,0,30,198,0,228,132,0,132,360
09/06/2002,APF,FL,ASO,ES,Federal Contract Tower,0,23,55,0,78,0,1,151,0,152,0,24,206,0,230,98,0,98,328
09/07/2002,APF,FL,ASO,ES,Federal Contract Tower,0,7,40,0,47,0,1,172,0,173,0,8,212,0,220,154,0,154,374
09/08/2002,APF,FL,ASO,ES,Federal Contract Tower,0,21,40,0,61,0,3,157,0,160,0,24,197,0,221,92,0,92,313
09/09/2002,APF,FL,ASO,ES,Federal Contract Tower,0,13,25,0,38,0,0,154,0,154,0,13,179,0,192,122,0,122,314
09/10/2002,APF,FL,ASO,ES,Federal Contract Tower,0,13,29,0,42,0,2,145,0,147,0,15,174,0,189,148,0,148,337
09/11/2002,APF,FL,ASO,ES,Federal Contract Tower,0,13,52,0,65,0,0,93,0,93,0,13,145,0,158,50,0,50,208
09/12/2002,APF,FL,ASO,ES,Federal Contract Tower,0,22,36,0,58,0,1,89,0,90,0,23,125,0,148,78,0,78,226
09/13/2002,APF,FL,ASO,ES,Federal Contract Tower,0,14,38,0,52,0,4,177,0,181,0,18,215,0,233,60,0,60,293
09/14/2002,APF,FL,ASO,ES,Federal Contract Tower,0,19,40,0,59,0,2,153,1,156,0,21,193,1,215,62,0,62,277
09/15/2002,APF,FL,ASO,ES,Federal Contract Tower,0,18,46,0,64,0,2,117,0,119,0,20,163,0,183,50,0,50,233
09/16/2002,APF,FL,ASO,ES,Federal Contract Tower,0,15,39,0,54,0,0,124,0,124,0,15,163,0,178,72,0,72,250
09/17/2002,APF,FL,ASO,ES,Federal Contract Tower,0,18,36,0,54,0,1,115,0,116,0,19,151,0,170,12,0,12,182
09/18/2002,APF,FL,ASO,ES,Federal Contract Tower,0,27,48,0,75,0,0,201,0,201,0,27,249,0,276,48,0,48,324
09/19/2002,APF,FL,ASO,ES,Federal Contract Tower,0,20,58,0,78,0,2,97,0,99,0,22,155,0,177,42,0,42,219
09/20/2002,APF,FL,ASO,ES,Federal Contract Tower,0,20,64,0,84,0,0,71,0,71,0,20,135,0,155,38,0,38,193
09/21/2002,APF,FL,ASO,ES,Federal Contract Tower,0,16,51,0,67,0,6,125,0,131,0,22,176,0,198,26,0,26,224
09/22/2002,APF,FL,ASO,ES,Federal Contract Tower,0,16,53,0,69,0,3,114,0,117,0,19,167,0,186,42,0,42,228
09/23/2002,APF,FL,ASO,ES,Federal Contract Tower,0,14,37,0,51,0,0,36,0,36,0,14,73,0,87,16,0,16,103
09/24/2002,APF,FL,ASO,ES,Federal Contract Tower,0,13,31,0,44,0,0,87,0,87,0,13,118,0,131,80,0,80,211
09/25/2002,APF,FL,ASO,ES,Federal Contract Tower,0,23,60,0,83,0,0,68,0,68,0,23,128,0,151,66,0,66,217
09/26/2002,APF,FL,ASO,ES,Federal Contract Tower,0,17,41,0,58,0,3,110,0,113,0,20,151,0,171,48,0,48,219
09/27/2002,APF,FL,ASO,ES,Federal Contract Tower,0,17,51,0,68,0,3,98,0,101,0,20,149,0,169,88,0,88,257
09/28/2002,APF,FL,ASO,ES,Federal Contract Tower,0,12,37,0,49,0,0,121,0,121,0,12,158,0,170,58,0,58,228
09/29/2002,APF,FL,ASO,ES,Federal Contract Tower,0,19,37,0,56,0,0,133,0,133,0,19,170,0,189,68,0,68,257
09/30/2002,APF,FL,ASO,ES,Federal Contract Tower,0,21,40,0,61,0,1,108,0,109,0,22,148,0,170,136,0,136,306
10/01/2002,APF,FL,ASO,ES,Federal Contract Tower,0,16,40,0,56,0,0,109,0,109,0,16,149,0,165,94,0,94,259
10/02/2002,APF,FL,ASO,ES,Federal Contract Tower,0,13,72,0,85,0,0,110,0,110,0,13,182,0,195,96,0,96,291
10/03/2002,APF,FL,ASO,ES,Federal Contract Tower,0,13,58,0,71,0,5,148,0,153,0,18,206,0,224,102,0,102,326
10/04/2002,APF,FL,ASO,ES,Federal Contract Tower,0,19,69,0,88,0,1,125,0,126,0,20,194,0,214,106,0,106,320
10/05/2002,APF,FL,ASO,ES,Federal Contract Tower,0,13,40,0,53,0,0,177,0,177,0,13,217,0,230,108,0,108,338
10/06/2002,APF,FL,ASO,ES,Federal Contract Tower,0,18,65,0,83,0,0,136,0,136,0,18,201,0,219,70,0,70,289
10/07/2002,APF,FL,ASO,ES,Federal Contract Tower,0,17,31,0,48,0,3,133,0,136,0,20,164,0,184,74,0,74,258
10/08/2002,APF,FL,ASO,ES,Federal Contract Tower,0,11,57,0,68,0,1,157,0,158,0,12,214,0,226,180,0,180,406
10/09/2002,APF,FL,ASO,ES,Federal Contract Tower,0,17,63,0,80,0,3,153,0,156,0,20,216,0,236,174,0,174,410
10/10/2002,APF,FL,ASO,ES,Federal Contract Tower,0,36,56,0,92,0,0,126,0,126,0,36,182,0,218,154,0,154,372
10/11/2002,APF,FL,ASO,ES,Federal Contract Tower,0,26,75,0,101,0,0,123,0,123,0,26,198,0,224,194,0,194,418
10/12/2002,APF,FL,ASO,ES,Federal Contract Tower,0,21,58,0,79,0,0,162,0,162,0,21,220,0,241,88,0,88,329
10/13/2002,APF,FL,ASO,ES,Federal Contract Tower,0,25,66,0,91,0,0,111,0,111,0,25,177,0,202,82,0,82,284
10/14/2002,APF,FL,ASO,ES,Federal Contract Tower,0,41,59,0,100,0,0,106,0,106,0,41,165,0,206,92,0,92,298
10/15/2002,APF,FL,ASO,ES,Federal Contract Tower,0,22,55,0,77,0,5,86,0,91,0,27,141,0,168,114,0,114,282
10/16/2002,APF,FL,ASO,ES,Federal Contract Tower,0,27,69,0,96,0,0,121,0,121,0,27,190,0,217,126,0,126,343
10/17/2002,APF,FL,ASO,ES,Federal Contract Tower,0,19,73,0,92,0,0,180,0,180,0,19,253,0,272,72,0,72,344
10/18/2002,APF,FL,ASO,ES,Federal Contract Tower,0,26,60,0,86,0,5,172,0,177,0,31,232,0,263,106,0,106,369
10/19/2002,APF,FL,ASO,ES,Federal Contract Tower,0,11,56,0,67,0,3,175,0,178,0,14,231,0,245,58,0,58,303
10/20/2002,APF,FL,ASO,ES,Federal Contract Tower,0,36,62,0,98,0,1,107,0,108,0,37,169,0,206,74,0,74,280
10/21/2002,APF,FL,ASO,ES,Federal Contract Tower,0,29,80,1,110,0,1,121,1,123,0,30,201,2,233,68,0,68,301
10/22/2002,APF,FL,ASO,ES,Federal Contract Tower,0,16,68,0,84,0,2,154,0,156,0,18,222,0,240,58,0,58,298
10/23/2002,APF,FL,ASO,ES,Federal Contract Tower,0,23,81,0,104,0,2,137,0,139,0,25,218,0,243,124,0,124,367
10/24/2002,APF,FL,ASO,ES,Federal Contract Tower,0,19,78,0,97,0,5,158,0,163,0,24,236,0,260,122,0,122,382
10/25/2002,APF,FL,ASO,ES,Federal Contract Tower,0,35,84,0,119,0,7,146,0,153,0,42,230,0,272,134,0,134,406
10/26/2002,APF,FL,ASO,ES,Federal Contract Tower,0,20,59,0,79,0,8,216,0,224,0,28,275,0,303,142,0,142,445
10/27/2002,APF,FL,ASO,ES,Federal Contract Tower,0,36,70,0,106,0,5,156,0,161,0,41,226,0,267,160,0,160,427
10/28/2002,APF,FL,ASO,ES,Federal Contract Tower,0,32,69,0,101,0,7,139,0,146,0,39,208,0,247,140,0,140,387
10/29/2002,APF,FL,ASO,ES,Federal Contract Tower,0,25,73,0,98,0,0,170,0,170,0,25,243,0,268,100,0,100,368
10/30/2002,APF,FL,ASO,ES,Federal Contract Tower,0,27,79,0,106,0,6,105,0,111,0,33,184,0,217,200,0,200,417
10/31/2002,APF,FL,ASO,ES,Federal Contract Tower,0,25,54,0,79,0,16,149,0,165,0,41,203,0,244,86,0,86,330
11/01/2002,APF,FL,ASO,ES,Federal Contract Tower,0,25,94,0,119,0,3,112,0,115,0,28,206,0,234,66,0,66,300
11/02/2002,APF,FL,ASO,ES,Federal Contract Tower,0,27,59,0,86,0,1,150,0,151,0,28,209,0,237,146,0,146,383
11/03/2002,APF,FL,ASO,ES,Federal Contract Tower,0,37,70,0,107,0,0,146,0,146,0,37,216,0,253,58,0,58,311
11/04/2002,APF,FL,ASO,ES,Federal Contract Tower,0,29,70,0,99,0,7,121,0,128,0,36,191,0,227,94,0,94,321
11/05/2002,APF,FL,ASO,ES,Federal Contract Tower,0,40,56,0,96,0,1,117,0,118,0,41,173,0,214,120,0,120,334
11/06/2002,APF,FL,ASO,ES,Federal Contract Tower,0,33,65,0,98,0,4,70,0,74,0,37,135,0,172,88,0,88,260
11/07/2002,APF,FL,ASO,ES,Federal Contract Tower,0,29,85,0,114,0,0,189,0,189,0,29,274,0,303,66,0,66,369
11/08/2002,APF,FL,ASO,ES,Federal Contract Tower,0,44,85,0,129,0,4,190,0,194,0,48,275,0,323,74,0,74,397
11/09/2002,APF,FL,ASO,ES,Federal Contract Tower,0,12,68,0,80,0,4,134,0,138,0,16,202,0,218,34,0,34,252
11/10/2002,APF,FL,ASO,ES,Federal Contract Tower,0,40,88,0,128,0,2,141,0,143,0,42,229,0,271,74,0,74,345
11/11/2002,APF,FL,ASO,ES,Federal Contract Tower,0,29,88,0,117,0,0,139,0,139,0,29,227,0,256,102,0,102,358
11/12/2002,APF,FL,ASO,ES,Federal Contract Tower,0,33,49,0,82,0,0,182,0,182,0,33,231,0,264,98,0,98,362
11/13/2002,APF,FL,ASO,ES,Federal Contract Tower,0,22,73,0,95,0,6,111,4,121,0,28,184,4,216,56,0,56,272
11/14/2002,APF,FL,ASO,ES,Federal Contract Tower,0,34,89,0,123,0,8,167,0,175,0,42,256,0,298,118,0,118,416
11/15/2002,APF,FL,ASO,ES,Federal Contract Tower,0,39,85,0,124,0,9,134,0,143,0,48,219,0,267,110,0,110,377
11/16/2002,APF,FL,ASO,ES,Federal Contract Tower,0,17,48,0,65,0,3,38,0,41,0,20,86,0,106,50,0,50,156
11/17/2002,APF,FL,ASO,ES,Federal Contract Tower,0,37,75,1,113,0,1,25,0,26,0,38,100,1,139,0,0,0,139
11/18/2002,APF,FL,ASO,ES,Federal Contract Tower,0,23,105,0,128,0,0,144,0,144,0,23,249,0,272,100,0,100,372
11/19/2002,APF,FL,ASO,ES,Federal Contract Tower,0,41,99,0,140,0,6,161,0,167,0,47,260,0,307,188,0,188,495
11/20/2002,APF,FL,ASO,ES,Federal Contract Tower,0,25,88,0,113,0,4,159,0,163,0,29,247,0,276,96,0,96,372
11/21/2002,APF,FL,ASO,ES,Federal Contract Tower,0,37,112,0,149,0,6,54,0,60,0,43,166,0,209,50,0,50,259
11/22/2002,APF,FL,ASO,ES,Federal Contract Tower,0,42,94,0,136,0,1,105,0,106,0,43,199,0,242,26,0,26,268
11/23/2002,APF,FL,ASO,ES,Federal Contract Tower,0,35,85,0,120,0,4,144,0,148,0,39,229,0,268,84,0,84,352
11/24/2002,APF,FL,ASO,ES,Federal Contract Tower,0,55,88,0,143,0,0,142,0,142,0,55,230,0,285,80,0,80,365
11/25/2002,APF,FL,ASO,ES,Federal Contract Tower,0,41,76,0,117,0,4,156,0,160,0,45,232,0,277,62,0,62,339
11/26/2002,APF,FL,ASO,ES,Federal Contract Tower,0,55,95,0,150,0,9,212,0,221,0,64,307,0,371,138,0,138,509
11/27/2002,APF,FL,ASO,ES,Federal Contract Tower,0,61,145,0,206,0,12,123,0,135,0,73,268,0,341,78,0,78,419
11/28/2002,APF,FL,ASO,ES,Federal Contract Tower,0,23,43,0,66,0,0,91,0,91,0,23,134,0,157,42,0,42,199
11/29/2002,APF,FL,ASO,ES,Federal Contract Tower,0,32,79,0,111,0,5,159,0,164,0,37,238,0,275,58,0,58,333
11/30/2002,APF,FL,ASO,ES,Federal Contract Tower,0,50,61,0,111,0,8,177,0,185,0,58,238,0,296,90,0,90,386
12/01/2002,APF,FL,ASO,ES,Federal Contract Tower,0,82,197,0,279,0,0,4,0,4,0,82,201,0,283,8,0,8,291
12/02/2002,APF,FL,ASO,ES,Federal Contract Tower,0,38,85,0,123,0,0,100,0,100,0,38,185,0,223,78,0,78,301
12/03/2002,APF,FL,ASO,ES,Federal Contract Tower,0,26,74,0,100,0,1,175,0,176,0,27,249,0,276,158,0,158,434
12/04/2002,APF,FL,ASO,ES,Federal Contract Tower,0,38,80,0,118,0,2,186,0,188,0,40,266,0,306,88,0,88,394
12/05/2002,APF,FL,ASO,ES,Federal Contract Tower,0,24,63,0,87,0,2,115,0,117,0,26,178,0,204,48,0,48,252
12/06/2002,APF,FL,ASO,ES,Federal Contract Tower,0,35,110,0,145,0,0,20,0,20,0,35,130,0,165,80,0,80,245
12/07/2002,APF,FL,ASO,ES,Federal Contract Tower,0,17,80,0,97,0,3,97,1,101,0,20,177,1,198,64,0,64,262
12/08/2002,APF,FL,ASO,ES,Federal Contract Tower,0,42,62,0,104,0,0,135,0,135,0,42,197,0,239,20,0,20,259
12/09/2002,APF,FL,ASO,ES,Federal Contract Tower,0,25,93,0,118,0,3,0,0,3,0,28,93,0,121,6,0,6,127
12/10/2002,APF,FL,ASO,ES,Federal Contract Tower,0,23,63,0,86,0,0,108,0,108,0,23,171,0,194,52,0,52,246
12/11/2002,APF,FL,ASO,ES,Federal Contract Tower,0,29,74,0,103,0,0,160,0,160,0,29,234,0,263,74,0,74,337
12/12/2002,APF,FL,ASO,ES,Federal Contract Tower,0,30,73,0,103,0,0,101,0,101,0,30,174,0,204,90,0,90,294
12/13/2002,APF,FL,ASO,ES,Federal Contract Tower,0,30,41,0,71,0,0,14,0,14,0,30,55,0,85,4,0,4,89
12/14/2002,APF,FL,ASO,ES,Federal Contract Tower,0,27,55,0,82,0,0,123,0,123,0,27,178,0,205,52,0,52,257
12/15/2002,APF,FL,ASO,ES,Federal Contract Tower,0,31,60,0,91,0,1,131,0,132,0,32,191,0,223,52,0,52,275
12/16/2002,APF,FL,ASO,ES,Federal Contract Tower,0,25,63,0,88,0,2,147,0,149,0,27,210,0,237,32,0,32,269
12/17/2002,APF,FL,ASO,ES,Federal Contract Tower,0,28,66,0,94,0,2,154,0,156,0,30,220,0,250,50,0,50,300
12/18/2002,APF,FL,ASO,ES,Federal Contract Tower,0,37,78,0,115,0,3,168,0,171,0,40,246,0,286,88,0,88,374
12/19/2002,APF,FL,ASO,ES,Federal Contract Tower,0,26,50,0,76,0,7,170,0,177,0,33,220,0,253,114,0,114,367
12/20/2002,APF,FL,ASO,ES,Federal Contract Tower,0,50,67,0,117,0,2,23,0,25,0,52,90,0,142,18,0,18,160
12/21/2002,APF,FL,ASO,ES,Federal Contract Tower,0,33,48,0,81,0,1,131,0,132,0,34,179,0,213,101,0,101,314
12/22/2002,APF,FL,ASO,ES,Federal Contract Tower,0,38,48,0,86,0,0,104,0,104,0,38,152,0,190,30,0,30,220
12/23/2002,APF,FL,ASO,ES,Federal Contract Tower,0,29,65,0,94,0,4,128,0,132,0,33,193,0,226,58,0,58,284
12/24/2002,APF,FL,ASO,ES,Federal Contract Tower,0,21,23,0,44,0,3,35,0,38,0,24,58,0,82,28,0,28,110
12/25/2002,APF,FL,ASO,ES,Federal Contract Tower,0,30,19,0,49,0,2,38,0,40,0,32,57,0,89,2,0,2,91
12/26/2002,APF,FL,ASO,ES,Federal Contract Tower,0,75,150,0,225,0,1,115,0,116,0,76,265,0,341,40,0,40,381
12/27/2002,APF,FL,ASO,ES,Federal Contract Tower,0,63,156,0,219,0,14,166,0,180,0,77,322,0,399,58,0,58,457
12/28/2002,APF,FL,ASO,ES,Federal Contract Tower,0,50,105,0,155,0,2,168,0,170,0,52,273,0,325,26,0,26,351
12/29/2002,APF,FL,ASO,ES,Federal Contract Tower,0,49,85,0,134,0,4,120,0,124,0,53,205,0,258,44,0,44,302
12/30/2002,APF,FL,ASO,ES,Federal Contract Tower,0,33,110,0,143,0,6,121,2,129,0,39,231,2,272,48,0,48,320
12/31/2002,APF,FL,ASO,ES,Federal Contract Tower,0,28,54,0,82,0,1,85,0,86,0,29,139,0,168,64,0,64,232
01/01/2003,APF,FL,ASO,ES,Federal Contract Tower,0,50,72,0,122,0,0,49,0,49,0,50,121,0,171,0,0,0,171
01/02/2003,APF,FL,ASO,ES,Federal Contract Tower,0,52,109,0,161,0,0,120,0,120,0,52,229,0,281,74,0,74,355
01/03/2003,APF,FL,ASO,ES,Federal Contract Tower,0,48,95,0,143,0,0,43,0,43,0,48,138,0,186,44,0,44,230
01/04/2003,APF,FL,ASO,ES,Federal Contract Tower,0,42,136,0,178,0,7,145,0,152,0,49,281,0,330,34,0,34,364
01/05/2003,APF,FL,ASO,ES,Federal Contract Tower,0,46,158,0,204,0,1,71,0,72,0,47,229,0,276,40,0,40,316
01/06/2003,APF,FL,ASO,ES,Federal Contract Tower,0,35,73,0,108,0,6,112,0,118,0,41,185,0,226,88,0,88,314
01/07/2003,APF,FL,ASO,ES,Federal Contract Tower,0,29,101,0,130,0,1,121,0,122,0,30,222,0,252,40,0,40,292
01/08/2003,APF,FL,ASO,ES,Federal Contract Tower,0,33,91,2,126,0,7,164,2,173,0,40,255,4,299,52,0,52,351
01/09/2003,APF,FL,ASO,ES,Federal Contract Tower,0,40,125,0,165,0,0,163,0,163,0,40,288,0,328,140,0,140,468
01/10/2003,APF,FL,ASO,ES,Federal Contract Tower,0,37,109,0,146,0,5,116,0,121,0,42,225,0,267,72,0,72,339
01/11/2003,APF,FL,ASO,ES,Federal Contract Tower,0,25,118,0,143,0,0,57,0,57,0,25,175,0,200,66,0,66,266
01/12/2003,APF,FL,ASO,ES,Federal Contract Tower,0,44,91,0,135,0,3,191,0,194,0,47,282,0,329,80,0,80,409
01/13/2003,APF,FL,ASO,ES,Federal Contract Tower,0,34,69,0,103,0,6,107,0,113,0,40,176,0,216,110,0,110,326
01/14/2003,APF,FL,ASO,ES,Federal Contract Tower,0,25,81,0,106,0,2,182,0,184,0,27,263,0,290,114,0,114,404
01/15/2003,APF,FL,ASO,ES,Federal Contract Tower,0,36,101,2,139,0,4,222,8,234,0,40,323,10,373,94,0,94,467
01/16/2003,APF,FL,ASO,ES,Federal Contract Tower,0,42,107,0,149,0,2,138,0,140,0,44,245,0,289,122,0,122,411
01/17/2003,APF,FL,ASO,ES,Federal Contract Tower,0,44,93,0,137,0,0,56,0,56,0,44,149,0,193,60,0,60,253
01/18/2003,APF,FL,ASO,ES,Federal Contract Tower,0,35,69,0,104,0,4,132,0,136,0,39,201,0,240,94,0,94,334
01/19/2003,APF,FL,ASO,ES,Federal Contract Tower,0,31,106,0,137,0,9,144,0,153,0,40,250,0,290,100,0,100,390
01/20/2003,APF,FL,ASO,ES,Federal Contract Tower,0,39,110,0,149,0,8,151,2,161,0,47,261,2,310,162,0,162,472
01/21/2003,APF,FL,ASO,ES,Federal Contract Tower,0,45,80,0,125,0,4,189,0,193,0,49,269,0,318,205,0,205,523
01/22/2003,APF,FL,ASO,ES,Federal Contract Tower,0,39,102,0,141,0,6,184,0,190,0,45,286,0,331,172,0,172,503
01/23/2003,APF,FL,ASO,ES,Federal Contract Tower,0,38,101,0,139,0,5,82,0,87,0,43,183,0,226,88,0,88,314
01/24/2003,APF,FL,ASO,ES,Federal Contract Tower,0,32,110,0,142,0,12,95,0,107,0,44,205,0,249,68,0,68,317
01/25/2003,APF,FL,ASO,ES,Federal Contract Tower,0,27,75,0,102,0,1,133,0,134,0,28,208,0,236,88,0,88,324
01/26/2003,APF,FL,ASO,ES,Federal Contract Tower,0,43,79,0,122,0,5,112,0,117,0,48,191,0,239,40,0,40,279
01/27/2003,APF,FL,ASO,ES,Federal Contract Tower,0,47,114,0,161,0,4,108,0,112,0,51,222,0,273,94,0,94,367
01/28/2003,APF,FL,ASO,ES,Federal Contract Tower,0,39,85,0,124,0,4,183,0,187,0,43,268,0,311,88,0,88,399
01/29/2003,APF,FL,ASO,ES,Federal Contract Tower,0,31,98,0,129,0,5,166,0,171,0,36,264,0,300,106,0,106,406
01/30/2003,APF,FL,ASO,ES,Federal Contract Tower,0,46,99,0,145,0,3,170,0,173,0,49,269,0,318,94,0,94,412
01/31/2003,APF,FL,ASO,ES,Federal Contract Tower,0,43,97,0,140,0,2,157,0,159,0,45,254,0,299,110,0,110,409
02/01/2003,APF,FL,ASO,ES,Federal Contract Tower,0,28,85,0,113,0,3,114,0,117,0,31,199,0,230,50,0,50,280
02/02/2003,APF,FL,ASO,ES,Federal Contract Tower,0,57,117,0,174,0,1,148,0,149,0,58,265,0,323,36,0,36,359
02/03/2003,APF,FL,ASO,ES,Federal Contract Tower,0,45,73,2,120,0,5,109,4,118,0,50,182,6,238,72,0,72,310
02/04/2003,APF,FL,ASO,ES,Federal Contract Tower,0,38,82,0,120,0,6,82,0,88,0,44,164,0,208,128,0,128,336
02/05/2003,APF,FL,ASO,ES,Federal Contract Tower,0,47,129,0,176,0,6,77,0,83,0,53,206,0,259,56,0,56,315
02/06/2003,APF,FL,ASO,ES,Federal Contract Tower,0,46,114,1,161,0,8,132,1,141,0,54,246,2,302,156,0,156,458
02/07/2003,APF,FL,ASO,ES,Federal Contract Tower,0,45,112,0,157,0,0,43,0,43,0,45,155,0,200,42,0,42,242
02/08/2003,APF,FL,ASO,ES,Federal Contract Tower,0,41,103,0,144,0,5,121,0,126,0,46,224,0,270,106,0,106,376
02/09/2003,APF,FL,ASO,ES,Federal Contract Tower,0,56,142,0,198,0,1,62,0,63,0,57,204,0,261,32,0,32,293
02/10/2003,APF,FL,ASO,ES,Federal Contract Tower,0,39,104,0,143,0,0,8,0,8,0,39,112,0,151,2,0,2,153
02/11/2003,APF,FL,ASO,ES,Federal Contract Tower,0,60,99,0,159,0,1,194,0,195,0,61,293,0,354,105,0,105,459
02/12/2003,APF,FL,ASO,ES,Federal Contract Tower,0,59,125,0,184,0,4,195,0,199,0,63,320,0,383,114,0,114,497
02/13/2003,APF,FL,ASO,ES,Federal Contract Tower,0,55,178,0,233,0,6,161,0,167,0,61,339,0,400,62,0,62,462
02/14/2003,APF,FL,ASO,ES,Federal Contract Tower,0,47,134,0,181,0,19,240,0,259,0,66,374,0,440,60,0,60,500
02/15/2003,APF,FL,ASO,ES,Federal Contract Tower,0,29,89,0,118,0,1,195,0,196,0,30,284,0,314,64,0,64,378
02/16/2003,APF,FL,ASO,ES,Federal Contract Tower,0,52,92,0,144,0,5,56,0,61,0,57,148,0,205,12,0,12,217
02/17/2003,APF,FL,ASO,ES,Federal Contract Tower,0,66,146,0,212,0,1,138,0,139,0,67,284,0,351,76,0,76,427
02/18/2003,APF,FL,ASO,ES,Federal Contract Tower,0,57,137,0,194,0,2,169,0,171,0,59,306,0,365,54,0,54,419
02/19/2003,APF,FL,ASO,ES,Federal Contract Tower,0,52,122,0,174,0,9,131,0,140,0,61,253,0,314,66,0,66,380
02/20/2003,APF,FL,ASO,ES,Federal Contract Tower,0,53,111,0,164,0,2,88,0,90,0,55,199,0,254,48,0,48,302
02/21/2003,APF,FL,ASO,ES,Federal Contract Tower,0,61,133,0,194,0,0,91,0,91,0,61,224,0,285,0,0,0,285
02/22/2003,APF,FL,ASO,ES,Federal Contract Tower,0,25,73,0,98,0,8,35,0,43,0,33,108,0,141,4,0,4,145
02/23/2003,APF,FL,ASO,ES,Federal Contract Tower,0,82,155,0,237,0,3,91,0,94,0,85,246,0,331,24,0,24,355
02/24/2003,APF,FL,ASO,ES,Federal Contract Tower,0,58,118,0,176,0,4,127,0,131,0,62,245,0,307,34,0,34,341
02/25/2003,APF,FL,ASO,ES,Federal Contract Tower,0,44,90,0,134,0,0,116,0,116,0,44,206,0,250,54,0,54,304
02/26/2003,APF,FL,ASO,ES,Federal Contract Tower,0,37,108,0,145,0,8,136,0,144,0,45,244,0,289,10,0,10,299
02/27/2003,APF,FL,ASO,ES,Federal Contract Tower,0,35,139,0,174,0,1,59,2,62,0,36,198,2,236,64,0,64,300
02/28/2003,APF,FL,ASO,ES,Federal Contract Tower,0,49,115,0,164,0,6,83,0,89,0,55,198,0,253,16,0,16,269
03/01/2003,APF,FL,ASO,ES,Federal Contract Tower,0,40,98,0,138,0,0,101,0,101,0,40,199,0,239,12,0,12,251
03/02/2003,APF,FL,ASO,ES,Federal Contract Tower,0,65,119,0,184,0,0,17,0,17,0,65,136,0,201,28,0,28,229
03/03/2003,APF,FL,ASO,ES,Federal Contract Tower,0,50,92,0,142,0,0,94,0,94,0,50,186,0,236,46,0,46,282
03/04/2003,APF,FL,ASO,ES,Federal Contract Tower,0,41,84,0,125,0,1,118,0,119,0,42,202,0,244,128,0,128,372
03/05/2003,APF,FL,ASO,ES,Federal Contract Tower,0,42,118,0,160,0,7,119,0,126,0,49,237,0,286,40,0,40,326
03/06/2003,APF,FL,ASO,ES,Federal Contract Tower,0,31,109,1,141,0,7,103,2,112,0,38,212,3,253,16,0,16,269
03/07/2003,APF,FL,ASO,ES,Federal Contract Tower,0,43,108,2,153,0,2,50,12,64,0,45,158,14,217,6,0,6,223
03/08/2003,APF,FL,ASO,ES,Federal Contract Tower,0,33,98,2,133,0,1,91,10,102,0,34,189,12,235,32,0,32,267
03/09/2003,APF,FL,ASO,ES,Federal Contract Tower,0,41,111,0,152,0,0,60,6,66,0,41,171,6,218,4,0,4,222
03/10/2003,APF,FL,ASO,ES,Federal Contract Tower,0,42,122,0,164,0,2,45,6,53,0,44,167,6,217,14,0,14,231
03/11/2003,APF,FL,ASO,ES,Federal Contract Tower,0,38,87,0,125,0,2,95,3,100,0,40,182,3,225,74,0,74,299
03/12/2003,APF,FL,ASO,ES,Federal Contract Tower,0,38,97,0,135,0,1,99,0,100,0,39,196,0,235,12,0,12,247
03/13/2003,APF,FL,ASO,ES,Federal Contract Tower,0,33,154,0,187,0,8,78,0,86,0,41,232,0,273,26,0,26,299
03/14/2003,APF,FL,ASO,ES,Federal Contract Tower,0,64,136,4,204,0,12,86,0,98,0,76,222,4,302,14,0,14,316
03/15/2003,APF,FL,ASO,ES,Federal Contract Tower,0,40,103,2,145,0,2,81,0,83,0,42,184,2,228,48,0,48,276
03/16/2003,APF,FL,ASO,ES,Federal Contract Tower,0,68,135,0,203,0,4,121,0,125,0,72,256,0,328,20,0,20,348
03/17/2003,APF,FL,ASO,ES,Federal Contract Tower,0,49,106,0,155,0,0,42,2,44,0,49,148,2,199,78,6,84,283
03/18/2003,APF,FL,ASO,ES,Federal Contract Tower,0,56,95,0,151,0,1,82,0,83,0,57,177,0,234,30,0,30,264
03/19/2003,APF,FL,ASO,ES,Federal Contract Tower,0,56,119,0,175,0,0,62,0,62,0,56,181,0,237,24,0,24,261
03/20/2003,APF,FL,ASO,ES,Federal Contract Tower,0,57,100,0,157,0,2,68,0,70,0,59,168,0,227,34,0,34,261
03/21/2003,APF,FL,ASO,ES,Federal Contract Tower,0,55,133,0,188,0,1,61,0,62,0,56,194,0,250,16,0,16,266
03/22/2003,APF,FL,ASO,ES,Federal Contract Tower,0,53,55,1,109,0,0,119,0,119,0,53,174,1,228,38,0,38,266
03/23/2003,APF,FL,ASO,ES,Federal Contract Tower,0,59,102,0,161,0,1,8,0,9,0,60,110,0,170,12,0,12,182
03/24/2003,APF,FL,ASO,ES,Federal Contract Tower,0,55,121,0,176,0,3,94,0,97,0,58,215,0,273,8,0,8,281
03/25/2003,APF,FL,ASO,ES,Federal Contract Tower,0,40,99,0,139,0,4,151,0,155,0,44,250,0,294,50,0,50,344
03/26/2003,APF,FL,ASO,ES,Federal Contract Tower,0,37,126,0,163,0,2,126,0,128,0,39,252,0,291,36,0,36,327
03/27/2003,APF,FL,ASO,ES,Federal Contract Tower,0,52,104,0,156,0,3,33,0,36,0,55,137,0,192,28,0,28,220
03/28/2003,APF,FL,ASO,ES,Federal Contract Tower,0,46,154,1,201,0,9,98,1,108,0,55,252,2,309,36,0,36,345
03/29/2003,APF,FL,ASO,ES,Federal Contract Tower,0,33,99,0,132,0,8,183,0,191,0,41,282,0,323,20,0,20,343
03/30/2003,APF,FL,ASO,ES,Federal Contract Tower,0,62,136,0,198,0,5,45,0,50,0,67,181,0,248,8,0,8,256
03/31/2003,APF,FL,ASO,ES,Federal Contract Tower,0,45,83,0,128,0,2,121,0,123,0,47,204,0,251,40,0,40,291
04/01/2003,APF,FL,ASO,ES,Federal Contract Tower,0,39,96,0,135,0,5,162,0,167,0,44,258,0,302,58,0,58,360
04/02/2003,APF,FL,ASO,ES,Federal Contract Tower,0,30,97,0,127,0,14,125,0,139,0,44,222,0,266,54,0,54,320
04/03/2003,APF,FL,ASO,ES,Federal Contract Tower,0,54,157,0,211,0,1,161,0,162,0,55,318,0,373,46,0,46,419
04/04/2003,APF,FL,ASO,ES,Federal Contract Tower,0,48,113,2,163,0,3,154,0,157,0,51,267,2,320,24,0,24,344
04/05/2003,APF,FL,ASO,ES,Federal Contract Tower,0,37,121,0,158,0,4,142,0,146,0,41,263,0,304,8,0,8,312
04/06/2003,APF,FL,ASO,ES,Federal Contract Tower,0,71,130,0,201,0,8,93,0,101,0,79,223,0,302,20,0,20,322
04/07/2003,APF,FL,ASO,ES,Federal Contract Tower,0,40,86,0,126,0,1,139,1,141,0,41,225,1,267,26,0,26,293
04/08/2003,APF,FL,ASO,ES,Federal Contract Tower,0,36,88,0,124,0,11,119,6,136,0,47,207,6,260,38,0,38,298
04/09/2003,APF,FL,ASO,ES,Federal Contract Tower,0,33,82,0,115,0,1,84,5,90,0,34,166,5,205,50,0,50,255
04/10/2003,APF,FL,ASO,ES,Federal Contract Tower,0,56,104,4,164,0,2,74,6,82,0,58,178,10,246,10,0,10,256
04/11/2003,APF,FL,ASO,ES,Federal Contract Tower,0,55,117,0,172,0,5,122,1,128,0,60,239,1,300,6,0,6,306
04/12/2003,APF,FL,ASO,ES,Federal Contract Tower,0,37,80,0,117,0,3,179,0,182,0,40,259,0,299,76,0,76,375
04/13/2003,APF,FL,ASO,ES,Federal Contract Tower,0,51,121,0,172,0,4,142,0,146,0,55,263,0,318,54,0,54,372
04/14/2003,APF,FL,ASO,ES,Federal Contract Tower,0,44,79,0,123,0,2,151,0,153,0,46,230,0,276,58,0,58,334
04/15/2003,APF,FL,ASO,ES,Federal Contract Tower,0,42,80,0,122,0,2,142,0,144,0,44,222,0,266,44,0,44,310
04/16/2003,APF,FL,ASO,ES,Federal Contract Tower,0,46,132,0,178,0,3,144,0,147,0,49,276,0,325,84,0,84,409
04/17/2003,APF,FL,ASO,ES,Federal Contract Tower,0,71,125,0,196,0,2,125,0,127,0,73,250,0,323,54,0,54,377
04/18/2003,APF,FL,ASO,ES,Federal Contract Tower,0,52,89,0,141,0,3,138,0,141,0,55,227,0,282,72,0,72,354
04/19/2003,APF,FL,ASO,ES,Federal Contract Tower,0,40,73,0,113,0,8,121,0,129,0,48,194,0,242,36,0,36,278
04/20/2003,APF,FL,ASO,ES,Federal Contract Tower,0,66,81,0,147,0,6,122,0,128,0,72,203,0,275,32,0,32,307
04/21/2003,APF,FL,ASO,ES,Federal Contract Tower,0,62,131,0,193,0,5,130,0,135,0,67,261,0,328,48,0,48,376
04/22/2003,APF,FL,ASO,ES,Federal Contract Tower,0,52,87,0,139,0,3,135,0,138,0,55,222,0,277,50,0,50,327
04/23/2003,APF,FL,ASO,ES,Federal Contract Tower,0,28,115,0,143,0,2,176,0,178,0,30,291,0,321,86,0,86,407
04/24/2003,APF,FL,ASO,ES,Federal Contract Tower,0,50,100,0,150,0,5,130,0,135,0,55,230,0,285,116,0,116,401
04/25/2003,APF,FL,ASO,ES,Federal Contract Tower,0,53,95,0,148,0,0,76,0,76,0,53,171,0,224,30,0,30,254
04/26/2003,APF,FL,ASO,ES,Federal Contract Tower,0,37,63,0,100,0,2,2,0,4,0,39,65,0,104,4,0,4,108
04/27/2003,APF,FL,ASO,ES,Federal Contract Tower,0,54,96,0,150,0,7,85,0,92,0,61,181,0,242,92,0,92,334
04/28/2003,APF,FL,ASO,ES,Federal Contract Tower,0,53,78,0,131,0,4,124,2,130,0,57,202,2,261,194,0,194,455
04/29/2003,APF,FL,ASO,ES,Federal Contract Tower,0,42,100,0,142,0,1,122,0,123,0,43,222,0,265,90,0,90,355
04/30/2003,APF,FL,ASO,ES,Federal Contract Tower,0,41,57,0,98,0,3,38,0,41,0,44,95,0,139,20,0,20,159
05/01/2003,APF,FL,ASO,ES,Federal Contract Tower,0,46,96,0,142,0,2,91,0,93,0,48,187,0,235,84,0,84,319
05/02/2003,APF,FL,ASO,ES,Federal Contract Tower,0,40,76,0,116,0,7,131,0,138,0,47,207,0,254,20,0,20,274
05/03/2003,APF,FL,ASO,ES,Federal Contract Tower,0,34,64,0,98,0,4,161,0,165,0,38,225,0,263,32,0,32,295
05/04/2003,APF,FL,ASO,ES,Federal Contract Tower,0,42,78,0,120,0,1,117,0,118,0,43,195,0,238,34,0,34,272
05/05/2003,APF,FL,ASO,ES,Federal Contract Tower,0,22,60,1,83,0,3,139,1,143,0,25,199,2,226,28,0,28,254
05/06/2003,APF,FL,ASO,ES,Federal Contract Tower,0,37,77,0,114,0,3,120,0,123,0,40,197,0,237,54,0,54,291
05/07/2003,APF,FL,ASO,ES,Federal Contract Tower,0,36,72,0,108,0,4,163,0,167,0,40,235,0,275,42,0,42,317
05/08/2003,APF,FL,ASO,ES,Federal Contract Tower,0,38,82,0,120,0,4,152,0,156,0,42,234,0,276,34,0,34,310
05/09/2003,APF,FL,ASO,ES,Federal Contract Tower,0,29,68,0,97,0,2,135,0,137,0,31,203,0,234,92,0,92,326
05/10/2003,APF,FL,ASO,ES,Federal Contract Tower,0,18,46,0,64,0,5,164,0,169,0,23,210,0,233,78,0,78,311
05/11/2003,APF,FL,ASO,ES,Federal Contract Tower,0,21,42,0,63,0,0,145,0,145,0,21,187,0,208,134,0,134,342
05/12/2003,APF,FL,ASO,ES,Federal Contract Tower,0,26,92,0,118,0,1,135,0,136,0,27,227,0,254,46,0,46,300
05/13/2003,APF,FL,ASO,ES,Federal Contract Tower,0,33,52,0,85,0,0,146,0,146,0,33,198,0,231,72,0,72,303
05/14/2003,APF,FL,ASO,ES,Federal Contract Tower,0,20,80,0,100,0,5,99,0,104,0,25,179,0,204,30,0,30,234
05/15/2003,APF,FL,ASO,ES,Federal Contract Tower,0,38,74,2,114,0,0,125,8,133,0,38,199,10,247,74,0,74,321
05/16/2003,APF,FL,ASO,ES,Federal Contract Tower,0,22,84,0,106,0,3,146,0,149,0,25,230,0,255,76,3,79,334
05/17/2003,APF,FL,ASO,ES,Federal Contract Tower,0,16,57,0,73,0,6,168,0,174,0,22,225,0,247,74,0,74,321
05/18/2003,APF,FL,ASO,ES,Federal Contract Tower,0,36,65,0,101,0,4,158,0,162,0,40,223,0,263,78,0,78,341
05/19/2003,APF,FL,ASO,ES,Federal Contract Tower,0,28,70,0,98,0,5,125,0,130,0,33,195,0,228,72,0,72,300
05/20/2003,APF,FL,ASO,ES,Federal Contract Tower,0,33,69,0,102,0,3,113,0,116,0,36,182,0,218,52,0,52,270
05/21/2003,APF,FL,ASO,ES,Federal Contract Tower,0,16,89,0,105,0,3,187,0,190,0,19,276,0,295,26,0,26,321
05/22/2003,APF,FL,ASO,ES,Federal Contract Tower,0,21,84,0,105,0,2,157,0,159,0,23,241,0,264,94,0,94,358
05/23/2003,APF,FL,ASO,ES,Federal Contract Tower,0,20,106,0,126,0,7,78,4,89,0,27,184,4,215,36,0,36,251
05/24/2003,APF,FL,ASO,ES,Federal Contract Tower,0,17,60,0,77,0,1,159,1,161,0,18,219,1,238,116,0,116,354
05/25/2003,APF,FL,ASO,ES,Federal Contract Tower,0,13,47,0,60,0,2,163,8,173,0,15,210,8,233,58,0,58,291
05/26/2003,APF,FL,ASO,ES,Federal Contract Tower,0,22,67,0,89,0,0,129,0,129,0,22,196,0,218,66,0,66,284
05/27/2003,APF,FL,ASO,ES,Federal Contract Tower,0,23,76,0,99,0,0,75,0,75,0,23,151,0,174,56,0,56,230
05/28/2003,APF,FL,ASO,ES,Federal Contract Tower,0,27,72,0,99,0,0,71,0,71,0,27,143,0,170,20,0,20,190
05/29/2003,APF,FL,ASO,ES,Federal Contract Tower,0,22,55,0,77,0,2,107,0,109,0,24,162,0,186,74,0,74,260
05/30/2003,APF,FL,ASO,ES,Federal Contract Tower,0,17,71,0,88,0,2,169,0,171,0,19,240,0,259,66,0,66,325
05/31/2003,APF,FL,ASO,ES,Federal Contract Tower,0,9,26,0,35,0,6,179,0,185,0,15,205,0,220,74,0,74,294
06/01/2003,APF,FL,ASO,ES,Federal Contract Tower,0,19,61,0,80,0,4,73,0,77,0,23,134,0,157,80,0,80,237
06/02/2003,APF,FL,ASO,ES,Federal Contract Tower,0,23,55,0,78,0,0,92,2,94,0,23,147,2,172,57,0,57,229
06/03/2003,APF,FL,ASO,ES,Federal Contract Tower,0,15,51,0,66,0,0,67,0,67,0,15,118,0,133,90,0,90,223
06/04/2003,APF,FL,ASO,ES,Federal Contract Tower,0,15,66,0,81,0,0,91,0,91,0,15,157,0,172,62,0,62,234
06/05/2003,APF,FL,ASO,ES,Federal Contract Tower,0,19,62,0,81,0,3,99,0,102,0,22,161,0,183,109,0,109,292
06/06/2003,APF,FL,ASO,ES,Federal Contract Tower,0,17,56,0,73,0,2,130,0,132,0,19,186,0,205,52,0,52,257
06/07/2003,APF,FL,ASO,ES,Federal Contract Tower,0,13,30,0,43,0,0,90,0,90,0,13,120,0,133,56,0,56,189
06/08/2003,APF,FL,ASO,ES,Federal Contract Tower,0,13,59,0,72,0,7,128,0,135,0,20,187,0,207,72,0,72,279
06/09/2003,APF,FL,ASO,ES,Federal Contract Tower,0,17,45,0,62,0,1,103,0,104,0,18,148,0,166,96,0,96,262
06/10/2003,APF,FL,ASO,ES,Federal Contract Tower,0,18,47,0,65,0,1,84,0,85,0,19,131,0,150,64,0,64,214
06/11/2003,APF,FL,ASO,ES,Federal Contract Tower,0,17,73,0,90,0,0,116,0,116,0,17,189,0,206,8,0,8,214
06/12/2003,APF,FL,ASO,ES,Federal Contract Tower,0,17,46,0,63,0,11,99,1,111,0,28,145,1,174,94,0,94,268
06/13/2003,APF,FL,ASO,ES,Federal Contract Tower,0,27,57,0,84,0,1,138,0,139,0,28,195,0,223,46,0,46,269
06/14/2003,APF,FL,ASO,ES,Federal Contract Tower,0,14,40,0,54,0,7,185,0,192,0,21,225,0,246,42,0,42,288
06/15/2003,APF,FL,ASO,ES,Federal Contract Tower,0,10,45,0,55,0,0,123,0,123,0,10,168,0,178,90,0,90,268
06/16/2003,APF,FL,ASO,ES,Federal Contract Tower,0,14,58,0,72,0,0,101,0,101,0,14,159,0,173,76,0,76,249
06/17/2003,APF,FL,ASO,ES,Federal Contract Tower,0,19,40,0,59,0,0,120,0,120,0,19,160,0,179,136,0,136,315
06/18/2003,APF,FL,ASO,ES,Federal Contract Tower,0,3,43,0,46,0,3,110,0,113,0,6,153,0,159,60,0,60,219
06/19/2003,APF,FL,ASO,ES,Federal Contract Tower,0,14,60,0,74,0,0,74,0,74,0,14,134,0,148,138,0,138,286
06/20/2003,APF,FL,ASO,ES,Federal Contract Tower,0,14,45,0,59,0,0,104,0,104,0,14,149,0,163,92,0,92,255
06/21/2003,APF,FL,ASO,ES,Federal Contract Tower,0,6,40,0,46,0,0,75,0,75,0,6,115,0,121,48,0,48,169
06/22/2003,APF,FL,ASO,ES,Federal Contract Tower,0,15,46,0,61,0,1,59,0,60,0,16,105,0,121,16,0,16,137
06/23/2003,APF,FL,ASO,ES,Federal Contract Tower,0,20,57,0,77,0,0,40,0,40,0,20,97,0,117,40,0,40,157
06/24/2003,APF,FL,ASO,ES,Federal Contract Tower,0,10,61,0,71,0,0,56,0,56,0,10,117,0,127,72,0,72,199
06/25/2003,APF,FL,ASO,ES,Federal Contract Tower,0,18,55,0,73,0,1,152,0,153,0,19,207,0,226,40,0,40,266
06/26/2003,APF,FL,ASO,ES,Federal Contract Tower,0,15,71,0,86,0,0,155,0,155,0,15,226,0,241,76,0,76,317
06/27/2003,APF,FL,ASO,ES,Federal Contract Tower,0,11,58,0,69,0,0,125,0,125,0,11,183,0,194,12,0,12,206
06/28/2003,APF,FL,ASO,ES,Federal Contract Tower,0,4,38,0,42,0,0,66,0,66,0,4,104,0,108,142,0,142,250
06/29/2003,APF,FL,ASO,ES,Federal Contract Tower,0,11,54,0,65,0,0,98,0,98,0,11,152,0,163,72,0,72,235
06/30/2003,APF,FL,ASO,ES,Federal Contract Tower,0,11,45,0,56,0,0,103,0,103,0,11,148,0,159,40,0,40,199
07/01/2003,APF,FL,ASO,ES,Federal Contract Tower,0,13,34,0,47,0,0,119,0,119,0,13,153,0,166,122,0,122,288
07/02/2003,APF,FL,ASO,ES,Federal Contract Tower,0,8,48,0,56,0,0,146,0,146,0,8,194,0,202,96,0,96,298
07/03/2003,APF,FL,ASO,ES,Federal Contract Tower,0,13,70,0,83,0,0,132,0,132,0,13,202,0,215,94,0,94,309
07/04/2003,APF,FL,ASO,ES,Federal Contract Tower,0,3,18,0,21,0,0,152,4,156,0,3,170,4,177,34,0,34,211
07/05/2003,APF,FL,ASO,ES,Federal Contract Tower,0,5,34,1,40,0,0,149,0,149,0,5,183,1,189,112,0,112,301
07/06/2003,APF,FL,ASO,ES,Federal Contract Tower,0,13,55,0,68,0,0,122,0,122,0,13,177,0,190,86,0,86,276
07/07/2003,APF,FL,ASO,ES,Federal Contract Tower,0,15,45,0,60,0,0,106,2,108,0,15,151,2,168,64,0,64,232
07/08/2003,APF,FL,ASO,ES,Federal Contract Tower,0,7,41,0,48,0,0,111,0,111,0,7,152,0,159,72,0,72,231
07/09/2003,APF,FL,ASO,ES,Federal Contract Tower,0,11,51,0,62,0,13,170,0,183,0,24,221,0,245,76,0,76,321
07/10/2003,APF,FL,ASO,ES,Federal Contract Tower,0,11,38,0,49,0,0,152,0,152,0,11,190,0,201,192,0,192,393
07/11/2003,APF,FL,ASO,ES,Federal Contract Tower,0,10,53,0,63,0,0,111,0,111,0,10,164,0,174,144,0,144,318
07/12/2003,APF,FL,ASO,ES,Federal Contract Tower,0,10,48,0,58,0,1,165,0,166,0,11,213,0,224,172,0,172,396
07/13/2003,APF,FL,ASO,ES,Federal Contract Tower,0,3,57,0,60,0,0,158,0,158,0,3,215,0,218,146,0,146,364
07/14/2003,APF,FL,ASO,ES,Federal Contract Tower,0,9,55,2,66,0,1,115,0,116,0,10,170,2,182,104,0,104,286
07/15/2003,APF,FL,ASO,ES,Federal Contract Tower,0,11,53,0,64,0,1,126,0,127,0,12,179,0,191,122,0,122,313
07/16/2003,APF,FL,ASO,ES,Federal Contract Tower,0,7,55,0,62,0,0,153,4,157,0,7,208,4,219,60,0,60,279
07/17/2003,APF,FL,ASO,ES,Federal Contract Tower,0,12,63,0,75,0,0,135,0,135,0,12,198,0,210,122,0,122,332
07/18/2003,APF,FL,ASO,ES,Federal Contract Tower,0,12,37,0,49,0,1,150,0,151,0,13,187,0,200,106,0,106,306
07/19/2003,APF,FL,ASO,ES,Federal Contract Tower,0,6,38,0,44,0,0,166,0,166,0,6,204,0,210,102,0,102,312
07/20/2003,APF,FL,ASO,ES,Federal Contract Tower,0,9,39,0,48,0,0,141,0,141,0,9,180,0,189,56,0,56,245
07/21/2003,APF,FL,ASO,ES,Federal Contract Tower,0,14,34,2,50,0,0,124,0,124,0,14,158,2,174,116,0,116,290
07/22/2003,APF,FL,ASO,ES,Federal Contract Tower,0,14,48,0,62,0,0,96,0,96,0,14,144,0,158,68,0,68,226
07/23/2003,APF,FL,ASO,ES,Federal Contract Tower,0,6,39,0,45,0,0,129,0,129,0,6,168,0,174,74,0,74,248
07/24/2003,APF,FL,ASO,ES,Federal Contract Tower,0,13,40,0,53,0,0,127,0,127,0,13,167,0,180,202,0,202,382
07/25/2003,APF,FL,ASO,ES,Federal Contract Tower,0,10,51,0,61,0,0,91,0,91,0,10,142,0,152,74,0,74,226
07/26/2003,APF,FL,ASO,ES,Federal Contract Tower,0,3,44,0,47,0,0,108,0,108,0,3,152,0,155,150,0,150,305
07/27/2003,APF,FL,ASO,ES,Federal Contract Tower,0,9,41,0,50,0,0,96,0,96,0,9,137,0,146,92,0,92,238
07/28/2003,APF,FL,ASO,ES,Federal Contract Tower,0,12,23,2,37,0,0,108,0,108,0,12,131,2,145,98,0,98,243
07/29/2003,APF,FL,ASO,ES,Federal Contract Tower,0,14,51,0,65,0,1,128,0,129,0,15,179,0,194,120,0,120,314
07/30/2003,APF,FL,ASO,ES,Federal Contract Tower,0,8,37,0,45,0,2,108,0,110,0,10,145,0,155,158,0,158,313
07/31/2003,APF,FL,ASO,ES,Federal Contract Tower,0,10,48,0,58,0,0,118,0,118,0,10,166,0,176,128,0,128,304
08/01/2003,APF,FL,ASO,ES,Federal Contract Tower,0,9,53,0,62,0,1,124,0,125,0,10,177,0,187,108,0,108,295
08/02/2003,APF,FL,ASO,ES,Federal Contract Tower,0,6,38,0,44,0,1,123,0,124,0,7,161,0,168,67,0,67,235
08/03/2003,APF,FL,ASO,ES,Federal Contract Tower,0,4,56,0,60,0,1,95,0,96,0,5,151,0,156,72,0,72,228
08/04/2003,APF,FL,ASO,ES,Federal Contract Tower,0,7,36,0,43,0,1,104,0,105,0,8,140,0,148,132,0,132,280
08/05/2003,APF,FL,ASO,ES,Federal Contract Tower,0,10,52,0,62,0,1,106,0,107,0,11,158,0,169,178,0,178,347
08/06/2003,APF,FL,ASO,ES,Federal Contract Tower,0,3,58,0,61,0,0,127,0,127,0,3,185,0,188,102,0,102,290
08/07/2003,APF,FL,ASO,ES,Federal Contract Tower,0,14,56,0,70,0,1,104,0,105,0,15,160,0,175,124,0,124,299
08/08/2003,APF,FL,ASO,ES,Federal Contract Tower,0,16,49,0,65,0,1,68,0,69,0,17,117,0,134,58,0,58,192
08/09/2003,APF,FL,ASO,ES,Federal Contract Tower,0,6,20,0,26,0,1,70,0,71,0,7,90,0,97,158,0,158,255
08/10/2003,APF,FL,ASO,ES,Federal Contract Tower,0,9,41,0,50,0,0,115,0,115,0,9,156,0,165,90,0,90,255
08/11/2003,APF,FL,ASO,ES,Federal Contract Tower,0,9,56,0,65,0,0,129,0,129,0,9,185,0,194,70,0,70,264
08/12/2003,APF,FL,ASO,ES,Federal Contract Tower,0,10,63,2,75,0,1,136,0,137,0,11,199,2,212,108,0,108,320
08/13/2003,APF,FL,ASO,ES,Federal Contract Tower,0,20,40,0,60,0,1,117,0,118,0,21,157,0,178,128,0,128,306
08/14/2003,APF,FL,ASO,ES,Federal Contract Tower,0,8,66,0,74,0,0,28,0,28,0,8,94,0,102,32,0,32,134
08/15/2003,APF,FL,ASO,ES,Federal Contract Tower,0,12,57,0,69,0,0,123,0,123,0,12,180,0,192,126,0,126,318
08/16/2003,APF,FL,ASO,ES,Federal Contract Tower,0,8,48,0,56,0,0,159,0,159,0,8,207,0,215,84,0,84,299
08/17/2003,APF,FL,ASO,ES,Federal Contract Tower,0,17,39,0,56,0,0,109,0,109,0,17,148,0,165,82,0,82,247
08/18/2003,APF,FL,ASO,ES,Federal Contract Tower,0,8,34,0,42,0,0,106,0,106,0,8,140,0,148,106,0,106,254
08/19/2003,APF,FL,ASO,ES,Federal Contract Tower,0,14,43,0,57,0,0,97,0,97,0,14,140,0,154,90,0,90,244
08/20/2003,APF,FL,ASO,ES,Federal Contract Tower,0,16,61,0,77,0,0,99,0,99,0,16,160,0,176,115,0,115,291
08/21/2003,APF,FL,ASO,ES,Federal Contract Tower,0,6,55,0,61,0,0,120,0,120,0,6,175,0,181,76,0,76,257
08/22/2003,APF,FL,ASO,ES,Federal Contract Tower,0,7,56,0,63,0,1,128,2,131,0,8,184,2,194,52,0,52,246
08/23/2003,APF,FL,ASO,ES,Federal Contract Tower,0,6,67,0,73,0,0,184,0,184,0,6,251,0,257,86,0,86,343
08/24/2003,APF,FL,ASO,ES,Federal Contract Tower,0,9,43,0,52,0,1,166,0,167,0,10,209,0,219,118,0,118,337
08/25/2003,APF,FL,ASO,ES,Federal Contract Tower,0,6,37,0,43,0,0,130,0,130,0,6,167,0,173,80,0,80,253
08/26/2003,APF,FL,ASO,ES,Federal Contract Tower,0,6,40,0,46,0,0,108,0,108,0,6,148,0,154,106,0,106,260
08/27/2003,APF,FL,ASO,ES,Federal Contract Tower,0,5,33,0,38,0,0,136,0,136,0,5,169,0,174,68,0,68,242
08/28/2003,APF,FL,ASO,ES,Federal Contract Tower,0,10,59,0,69,0,3,130,0,133,0,13,189,0,202,58,0,58,260
08/29/2003,APF,FL,ASO,ES,Federal Contract Tower,0,11,60,0,71,0,0,103,1,104,0,11,163,1,175,20,0,20,195
08/30/2003,APF,FL,ASO,ES,Federal Contract Tower,0,7,33,0,40,0,0,118,0,118,0,7,151,0,158,46,0,46,204
08/31/2003,APF,FL,ASO,ES,Federal Contract Tower,0,5,32,0,37,0,0,105,0,105,0,5,137,0,142,52,0,52,194
09/01/2003,APF,FL,ASO,ES,Federal Contract Tower,0,14,53,0,67,0,0,171,0,171,0,14,224,0,238,108,0,108,346
09/02/2003,APF,FL,ASO,ES,Federal Contract Tower,0,14,63,0,77,0,0,104,0,104,0,14,167,0,181,68,0,68,249
09/03/2003,APF,FL,ASO,ES,Federal Contract Tower,0,9,41,0,50,0,0,96,0,96,0,9,137,0,146,94,0,94,240
09/04/2003,APF,FL,ASO,ES,Federal Contract Tower,0,7,49,0,56,0,0,95,0,95,0,7,144,0,151,52,0,52,203
09/05/2003,APF,FL,ASO,ES,Federal Contract Tower,0,8,39,1,48,0,0,19,2,21,0,8,58,3,69,14,0,14,83
09/06/2003,APF,FL,ASO,ES,Federal Contract Tower,0,3,42,0,45,0,0,100,0,100,0,3,142,0,145,44,0,44,189
09/07/2003,APF,FL,ASO,ES,Federal Contract Tower,0,9,47,0,56,0,0,127,0,127,0,9,174,0,183,68,0,68,251
09/08/2003,APF,FL,ASO,ES,Federal Contract Tower,0,11,47,0,58,0,0,219,0,219,0,11,266,0,277,176,0,176,453
09/09/2003,APF,FL,ASO,ES,Federal Contract Tower,0,6,43,0,49,0,0,160,0,160,0,6,203,0,209,158,0,158,367
09/10/2003,APF,FL,ASO,ES,Federal Contract Tower,0,8,36,0,44,0,0,108,0,108,0,8,144,0,152,52,0,52,204
09/11/2003,APF,FL,ASO,ES,Federal Contract Tower,0,22,48,0,70,0,0,121,0,121,0,22,169,0,191,100,0,100,291
09/12/2003,APF,FL,ASO,ES,Federal Contract Tower,0,6,56,0,62,0,0,131,0,131,0,6,187,0,193,112,0,112,305
09/13/2003,APF,FL,ASO,ES,Federal Contract Tower,0,6,36,0,42,0,1,150,0,151,0,7,186,0,193,126,0,126,319
09/14/2003,APF,FL,ASO,ES,Federal Contract Tower,0,19,34,0,53,0,0,173,0,173,0,19,207,0,226,102,0,102,328
09/15/2003,APF,FL,ASO,ES,Federal Contract Tower,0,9,40,0,49,0,0,140,0,140,0,9,180,0,189,132,0,132,321
09/16/2003,APF,FL,ASO,ES,Federal Contract Tower,0,3,52,0,55,0,0,168,0,168,0,3,220,0,223,168,0,168,391
09/17/2003,APF,FL,ASO,ES,Federal Contract Tower,0,3,53,0,56,0,0,114,0,114,0,3,167,0,170,90,0,90,260
09/18/2003,APF,FL,ASO,ES,Federal Contract Tower,0,7,64,0,71,0,0,144,0,144,0,7,208,0,215,144,0,144,359
09/19/2003,APF,FL,ASO,ES,Federal Contract Tower,0,12,44,0,56,0,0,147,0,147,0,12,191,0,203,84,0,84,287
09/20/2003,APF,FL,ASO,ES,Federal Contract Tower,0,6,42,0,48,0,0,144,0,144,0,6,186,0,192,141,0,141,333
09/21/2003,APF,FL,ASO,ES,Federal Contract Tower,0,14,52,0,66,0,0,146,0,146,0,14,198,0,212,104,0,104,316
09/22/2003,APF,FL,ASO,ES,Federal Contract Tower,0,14,52,0,66,0,4,111,0,115,0,18,163,0,181,60,0,60,241
09/23/2003,APF,FL,ASO,ES,Federal Contract Tower,0,8,44,0,52,0,0,68,0,68,0,8,112,0,120,108,0,108,228
09/24/2003,APF,FL,ASO,ES,Federal Contract Tower,0,21,50,4,75,0,0,111,0,111,0,21,161,4,186,90,8,98,284
09/25/2003,APF,FL,ASO,ES,Federal Contract Tower,0,20,55,0,75,0,1,105,0,106,0,21,160,0,181,102,0,102,283
09/26/2003,APF,FL,ASO,ES,Federal Contract Tower,0,17,46,0,63,0,0,70,0,70,0,17,116,0,133,32,0,32,165
09/27/2003,APF,FL,ASO,ES,Federal Contract Tower,0,6,37,0,43,0,0,115,0,115,0,6,152,0,158,102,0,102,260
09/28/2003,APF,FL,ASO,ES,Federal Contract Tower,0,10,58,0,68,0,0,84,0,84,0,10,142,0,152,92,0,92,244
09/29/2003,APF,FL,ASO,ES,Federal Contract Tower,0,5,31,3,39,0,0,9,0,9,0,5,40,3,48,0,0,0,48
09/30/2003,APF,FL,ASO,ES,Federal Contract Tower,0,12,65,0,77,0,2,75,1,78,0,14,140,1,155,126,0,126,281
10/01/2003,APF,FL,ASO,ES,Federal Contract Tower,0,12,49,0,61,0,1,94,0,95,0,13,143,0,156,52,0,52,208
10/02/2003,APF,FL,ASO,ES,Federal Contract Tower,0,20,74,1,95,0,1,111,3,115,0,21,185,4,210,90,0,90,300
10/03/2003,APF,FL,ASO,ES,Federal Contract Tower,0,22,84,0,106,0,7,115,0,122,0,29,199,0,228,142,0,142,370
10/04/2003,APF,FL,ASO,ES,Federal Contract Tower,0,11,45,0,56,0,4,259,0,263,0,15,304,0,319,104,0,104,423
10/05/2003,APF,FL,ASO,ES,Federal Contract Tower,0,15,56,0,71,0,3,178,0,181,0,18,234,0,252,84,0,84,336
10/06/2003,APF,FL,ASO,ES,Federal Contract Tower,0,18,70,1,89,0,0,134,3,137,0,18,204,4,226,102,0,102,328
10/07/2003,APF,FL,ASO,ES,Federal Contract Tower,0,13,52,1,66,0,0,140,1,141,0,13,192,2,207,88,0,88,295
10/08/2003,APF,FL,ASO,ES,Federal Contract Tower,0,17,61,0,78,0,3,160,0,163,0,20,221,0,241,70,0,70,311
10/09/2003,APF,FL,ASO,ES,Federal Contract Tower,0,14,70,0,84,0,0,163,0,163,0,14,233,0,247,108,0,108,355
10/10/2003,APF,FL,ASO,ES,Federal Contract Tower,0,26,92,0,118,0,11,118,0,129,0,37,210,0,247,60,0,60,307
10/11/2003,APF,FL,ASO,ES,Federal Contract Tower,0,8,52,0,60,0,0,124,0,124,0,8,176,0,184,64,0,64,248
10/12/2003,APF,FL,ASO,ES,Federal Contract Tower,0,22,76,0,98,0,10,129,0,139,0,32,205,0,237,166,0,166,403
10/13/2003,APF,FL,ASO,ES,Federal Contract Tower,0,17,60,0,77,0,5,144,0,149,0,22,204,0,226,130,0,130,356
10/14/2003,APF,FL,ASO,ES,Federal Contract Tower,0,17,69,0,86,0,0,142,0,142,0,17,211,0,228,60,0,60,288
10/15/2003,APF,FL,ASO,ES,Federal Contract Tower,0,14,72,0,86,0,0,157,0,157,0,14,229,0,243,76,0,76,319
10/16/2003,APF,FL,ASO,ES,Federal Contract Tower,0,21,79,0,100,0,0,192,0,192,0,21,271,0,292,56,0,56,348
10/17/2003,APF,FL,ASO,ES,Federal Contract Tower,0,17,73,0,90,0,0,131,0,131,0,17,204,0,221,38,0,38,259
10/18/2003,APF,FL,ASO,ES,Federal Contract Tower,0,13,48,0,61,0,0,231,0,231,0,13,279,0,292,144,0,144,436
10/19/2003,APF,FL,ASO,ES,Federal Contract Tower,0,27,97,0,124,0,8,194,0,202,0,35,291,0,326,84,0,84,410
10/20/2003,APF,FL,ASO,ES,Federal Contract Tower,0,19,65,1,85,0,4,194,1,199,0,23,259,2,284,174,0,174,458
10/21/2003,APF,FL,ASO,ES,Federal Contract Tower,0,15,69,0,84,0,0,156,0,156,0,15,225,0,240,106,0,106,346
10/22/2003,APF,FL,ASO,ES,Federal Contract Tower,0,16,58,0,74,0,2,117,0,119,0,18,175,0,193,58,0,58,251
10/23/2003,APF,FL,ASO,ES,Federal Contract Tower,0,16,78,0,94,0,0,165,0,165,0,16,243,0,259,48,0,48,307
10/24/2003,APF,FL,ASO,ES,Federal Contract Tower,0,17,76,0,93,0,0,249,2,251,0,17,325,2,344,62,0,62,406
10/25/2003,APF,FL,ASO,ES,Federal Contract Tower,0,9,61,0,70,0,0,243,2,245,0,9,304,2,315,60,0,60,375
10/26/2003,APF,FL,ASO,ES,Federal Contract Tower,0,27,94,0,121,0,1,173,0,174,0,28,267,0,295,112,0,112,407
10/27/2003,APF,FL,ASO,ES,Federal Contract Tower,0,18,65,0,83,0,2,194,0,196,0,20,259,0,279,122,0,122,401
10/28/2003,APF,FL,ASO,ES,Federal Contract Tower,0,19,70,0,89,0,0,128,0,128,0,19,198,0,217,104,0,104,321
10/29/2003,APF,FL,ASO,ES,Federal Contract Tower,0,12,52,0,64,0,0,222,0,222,0,12,274,0,286,116,0,116,402
10/30/2003,APF,FL,ASO,ES,Federal Contract Tower,0,20,85,0,105,0,0,159,19,178,0,20,244,19,283,110,0,110,393
10/31/2003,APF,FL,ASO,ES,Federal Contract Tower,0,23,81,0,104,0,6,180,0,186,0,29,261,0,290,102,0,102,392
11/01/2003,APF,FL,ASO,ES,Federal Contract Tower,0,27,69,0,96,0,0,215,0,215,0,27,284,0,311,88,0,88,399
11/02/2003,APF,FL,ASO,ES,Federal Contract Tower,0,32,85,0,117,0,2,167,0,169,0,34,252,0,286,132,0,132,418
11/03/2003,APF,FL,ASO,ES,Federal Contract Tower,0,24,63,0,87,0,0,88,0,88,0,24,151,0,175,72,0,72,247
11/04/2003,APF,FL,ASO,ES,Federal Contract Tower,0,13,51,0,64,0,0,82,0,82,0,13,133,0,146,126,0,126,272
11/05/2003,APF,FL,ASO,ES,Federal Contract Tower,0,21,75,0,96,0,0,82,0,82,0,21,157,0,178,110,0,110,288
11/06/2003,APF,FL,ASO,ES,Federal Contract Tower,0,27,71,0,98,0,3,62,0,65,0,30,133,0,163,106,0,106,269
11/07/2003,APF,FL,ASO,ES,Federal Contract Tower,0,23,71,0,94,0,0,193,0,193,0,23,264,0,287,184,0,184,471
11/08/2003,APF,FL,ASO,ES,Federal Contract Tower,0,23,58,0,81,0,1,170,0,171,0,24,228,0,252,104,0,104,356
11/09/2003,APF,FL,ASO,ES,Federal Contract Tower,0,38,98,0,136,0,0,144,0,144,0,38,242,0,280,84,0,84,364
11/10/2003,APF,FL,ASO,ES,Federal Contract Tower,0,24,79,0,103,0,0,145,4,149,0,24,224,4,252,122,0,122,374
11/11/2003,APF,FL,ASO,ES,Federal Contract Tower,0,35,92,0,127,0,6,147,0,153,0,41,239,0,280,152,0,152,432
11/12/2003,APF,FL,ASO,ES,Federal Contract Tower,0,31,93,0,124,0,0,152,0,152,0,31,245,0,276,110,0,110,386
11/13/2003,APF,FL,ASO,ES,Federal Contract Tower,0,27,89,0,116,0,0,134,0,134,0,27,223,0,250,126,0,126,376
11/14/2003,APF,FL,ASO,ES,Federal Contract Tower,0,31,95,1,127,0,0,186,1,187,0,31,281,2,314,228,2,230,544
11/15/2003,APF,FL,ASO,ES,Federal Contract Tower,0,18,51,0,69,0,2,358,2,362,0,20,409,2,431,54,0,54,485
11/16/2003,APF,FL,ASO,ES,Federal Contract Tower,0,36,96,0,132,0,16,243,0,259,0,52,339,0,391,118,0,118,509
11/17/2003,APF,FL,ASO,ES,Federal Contract Tower,0,28,78,0,106,0,3,159,0,162,0,31,237,0,268,120,0,120,388
11/18/2003,APF,FL,ASO,ES,Federal Contract Tower,0,16,70,0,86,0,0,221,4,225,0,16,291,4,311,108,0,108,419
11/19/2003,APF,FL,ASO,ES,Federal Contract Tower,0,21,72,0,93,0,0,83,0,83,0,21,155,0,176,66,0,66,242
11/20/2003,APF,FL,ASO,ES,Federal Contract Tower,0,43,115,0,158,0,1,243,0,244,0,44,358,0,402,134,0,134,536
11/21/2003,APF,FL,ASO,ES,Federal Contract Tower,0,40,108,0,148,0,5,209,0,214,0,45,317,0,362,208,0,208,570
11/22/2003,APF,FL,ASO,ES,Federal Contract Tower,0,23,64,0,87,0,6,220,0,226,0,29,284,0,313,86,0,86,399
11/23/2003,APF,FL,ASO,ES,Federal Contract Tower,0,30,80,0,110,0,5,234,0,239,0,35,314,0,349,140,0,140,489
11/24/2003,APF,FL,ASO,ES,Federal Contract Tower,0,28,75,0,103,0,1,172,2,175,0,29,247,2,278,232,0,232,510
11/25/2003,APF,FL,ASO,ES,Federal Contract Tower,0,44,120,0,164,0,8,167,0,175,0,52,287,0,339,232,0,232,571
11/26/2003,APF,FL,ASO,ES,Federal Contract Tower,0,44,133,0,177,0,0,234,0,234,0,44,367,0,411,150,0,150,561
11/27/2003,APF,FL,ASO,ES,Federal Contract Tower,0,10,29,0,39,0,1,110,0,111,0,11,139,0,150,10,0,10,160
11/28/2003,APF,FL,ASO,ES,Federal Contract Tower,0,19,56,0,75,0,0,174,0,174,0,19,230,0,249,42,0,42,291
11/29/2003,APF,FL,ASO,ES,Federal Contract Tower,0,25,69,0,94,0,14,143,2,159,0,39,212,2,253,114,0,114,367
11/30/2003,APF,FL,ASO,ES,Federal Contract Tower,0,76,208,0,284,0,0,138,0,138,0,76,346,0,422,22,0,22,444
12/01/2003,APF,FL,ASO,ES,Federal Contract Tower,0,31,89,0,120,0,11,123,0,134,0,42,212,0,254,108,0,108,362
12/02/2003,APF,FL,ASO,ES,Federal Contract Tower,0,25,79,0,104,0,0,182,0,182,0,25,261,0,286,206,0,206,492
12/03/2003,APF,FL,ASO,ES,Federal Contract Tower,0,29,91,0,120,0,0,148,0,148,0,29,239,0,268,182,0,182,450
12/04/2003,APF,FL,ASO,ES,Federal Contract Tower,0,21,75,0,96,0,0,175,0,175,0,21,250,0,271,156,0,156,427
12/05/2003,APF,FL,ASO,ES,Federal Contract Tower,0,17,70,0,87,0,0,150,0,150,0,17,220,0,237,156,0,156,393
12/06/2003,APF,FL,ASO,ES,Federal Contract Tower,0,12,54,0,66,0,0,82,0,82,0,12,136,0,148,42,0,42,190
12/07/2003,APF,FL,ASO,ES,Federal Contract Tower,0,24,68,0,92,0,0,183,4,187,0,24,251,4,279,118,0,118,397
12/08/2003,APF,FL,ASO,ES,Federal Contract Tower,0,19,80,0,99,0,0,194,0,194,0,19,274,0,293,196,0,196,489
12/09/2003,APF,FL,ASO,ES,Federal Contract Tower,0,21,74,0,95,0,0,149,0,149,0,21,223,0,244,174,0,174,418
12/10/2003,APF,FL,ASO,ES,Federal Contract Tower,0,14,71,0,85,0,0,81,0,81,0,14,152,0,166,90,0,90,256
12/11/2003,APF,FL,ASO,ES,Federal Contract Tower,0,17,79,0,96,0,0,160,0,160,0,17,239,0,256,80,0,80,336
12/12/2003,APF,FL,ASO,ES,Federal Contract Tower,0,19,86,1,106,0,0,177,7,184,0,19,263,8,290,138,0,138,428
12/13/2003,APF,FL,ASO,ES,Federal Contract Tower,0,10,55,0,65,0,0,167,0,167,0,10,222,0,232,112,0,112,344
12/14/2003,APF,FL,ASO,ES,Federal Contract Tower,0,15,46,0,61,0,3,17,0,20,0,18,63,0,81,18,0,18,99
12/15/2003,APF,FL,ASO,ES,Federal Contract Tower,0,26,76,0,102,0,3,192,0,195,0,29,268,0,297,140,0,140,437
12/16/2003,APF,FL,ASO,ES,Federal Contract Tower,0,20,82,0,102,0,0,116,0,116,0,20,198,0,218,58,0,58,276
12/17/2003,APF,FL,ASO,ES,Federal Contract Tower,0,16,62,0,78,0,0,56,0,56,0,16,118,0,134,8,0,8,142
12/18/2003,APF,FL,ASO,ES,Federal Contract Tower,0,30,89,0,119,0,4,189,0,193,0,34,278,0,312,96,0,96,408
12/19/2003,APF,FL,ASO,ES,Federal Contract Tower,0,28,93,0,121,0,0,161,0,161,0,28,254,0,282,140,0,140,422
12/20/2003,APF,FL,ASO,ES,Federal Contract Tower,0,30,91,0,121,0,7,159,0,166,0,37,250,0,287,76,0,76,363
12/21/2003,APF,FL,ASO,ES,Federal Contract Tower,0,20,62,0,82,0,6,157,0,163,0,26,219,0,245,62,0,62,307
12/22/2003,APF,FL,ASO,ES,Federal Contract Tower,0,24,80,0,104,0,0,133,4,137,0,24,213,4,241,107,0,107,348
12/23/2003,APF,FL,ASO,ES,Federal Contract Tower,0,22,67,0,89,0,9,142,0,151,0,31,209,0,240,106,0,106,346
12/24/2003,APF,FL,ASO,ES,Federal Contract Tower,0,12,39,0,51,0,14,65,0,79,0,26,104,0,130,30,0,30,160
12/25/2003,APF,FL,ASO,ES,Federal Contract Tower,0,15,47,0,62,0,15,31,0,46,0,30,78,0,108,0,0,0,108
12/26/2003,APF,FL,ASO,ES,Federal Contract Tower,0,61,182,0,243,0,5,143,0,148,0,66,325,0,391,72,0,72,463
12/27/2003,APF,FL,ASO,ES,Federal Contract Tower,0,53,157,0,210,0,5,241,0,246,0,58,398,0,456,58,0,58,514
12/28/2003,APF,FL,ASO,ES,Federal Contract Tower,0,46,136,0,182,0,14,201,0,215,0,60,337,0,397,50,0,50,447
12/29/2003,APF,FL,ASO,ES,Federal Contract Tower,0,37,111,0,148,0,20,162,0,182,0,57,273,0,330,64,0,64,394
12/30/2003,APF,FL,ASO,ES,Federal Contract Tower,0,39,115,0,154,0,7,180,0,187,0,46,295,0,341,80,0,80,421
12/31/2003,APF,FL,ASO,ES,Federal Contract Tower,0,29,93,0,122,0,0,173,0,173,0,29,266,0,295,62,0,62,357
01/01/2004,APF,FL,ASO,ES,Federal Contract Tower,0,35,85,0,120,0,4,101,0,105,0,39,186,0,225,6,0,6,231
01/02/2004,APF,FL,ASO,ES,Federal Contract Tower,0,44,106,0,150,0,11,164,0,175,0,55,270,0,325,118,0,118,443
01/03/2004,APF,FL,ASO,ES,Federal Contract Tower,0,51,139,0,190,0,0,207,0,207,0,51,346,0,397,60,0,60,457
01/04/2004,APF,FL,ASO,ES,Federal Contract Tower,0,47,137,0,184,0,0,164,0,164,0,47,301,0,348,16,0,16,364
01/05/2004,APF,FL,ASO,ES,Federal Contract Tower,0,42,105,1,148,0,15,117,17,149,0,57,222,18,297,114,0,114,411
01/06/2004,APF,FL,ASO,ES,Federal Contract Tower,0,42,105,0,147,0,1,161,0,162,0,43,266,0,309,84,0,84,393
01/07/2004,APF,FL,ASO,ES,Federal Contract Tower,0,48,128,0,176,0,0,140,0,140,0,48,268,0,316,50,0,50,366
01/08/2004,APF,FL,ASO,ES,Federal Contract Tower,0,42,106,0,148,0,5,175,0,180,0,47,281,0,328,104,0,104,432
01/09/2004,APF,FL,ASO,ES,Federal Contract Tower,0,45,111,0,156,0,12,195,0,207,0,57,306,0,363,54,0,54,417
01/10/2004,APF,FL,ASO,ES,Federal Contract Tower,0,25,87,0,112,0,0,82,0,82,0,25,169,0,194,26,0,26,220
01/11/2004,APF,FL,ASO,ES,Federal Contract Tower,0,34,96,0,130,0,0,184,0,184,0,34,280,0,314,50,0,50,364
01/12/2004,APF,FL,ASO,ES,Federal Contract Tower,0,34,86,0,120,0,5,142,0,147,0,39,228,0,267,74,0,74,341
01/13/2004,APF,FL,ASO,ES,Federal Contract Tower,0,32,82,0,114,0,4,218,0,222,0,36,300,0,336,108,0,108,444
01/14/2004,APF,FL,ASO,ES,Federal Contract Tower,0,43,109,0,152,0,10,153,0,163,0,53,262,0,315,88,0,88,403
01/15/2004,APF,FL,ASO,ES,Federal Contract Tower,0,46,123,0,169,0,0,172,2,174,0,46,295,2,343,54,0,54,397
01/16/2004,APF,FL,ASO,ES,Federal Contract Tower,0,54,137,0,191,0,0,194,2,196,0,54,331,2,387,52,0,52,439
01/17/2004,APF,FL,ASO,ES,Federal Contract Tower,0,27,70,0,97,0,0,187,0,187,0,27,257,0,284,76,0,76,360
01/18/2004,APF,FL,ASO,ES,Federal Contract Tower,0,26,66,0,92,0,0,32,0,32,0,26,98,0,124,14,0,14,138
01/19/2004,APF,FL,ASO,ES,Federal Contract Tower,0,56,140,0,196,0,3,98,0,101,0,59,238,0,297,78,0,78,375
01/20/2004,APF,FL,ASO,ES,Federal Contract Tower,0,38,107,0,145,0,0,189,0,189,0,38,296,0,334,26,0,26,360
01/21/2004,APF,FL,ASO,ES,Federal Contract Tower,0,42,105,0,147,0,0,204,4,208,0,42,309,4,355,96,0,96,451
01/22/2004,APF,FL,ASO,ES,Federal Contract Tower,0,37,112,0,149,0,0,203,0,203,0,37,315,0,352,66,0,66,418
01/23/2004,APF,FL,ASO,ES,Federal Contract Tower,0,45,127,0,172,0,0,229,4,233,0,45,356,4,405,58,0,58,463
01/24/2004,APF,FL,ASO,ES,Federal Contract Tower,0,30,90,0,120,0,0,193,0,193,0,30,283,0,313,72,0,72,385
01/25/2004,APF,FL,ASO,ES,Federal Contract Tower,0,42,107,0,149,0,0,166,0,166,0,42,273,0,315,50,0,50,365
01/26/2004,APF,FL,ASO,ES,Federal Contract Tower,0,33,84,0,117,0,5,110,0,115,0,38,194,0,232,124,0,124,356
01/27/2004,APF,FL,ASO,ES,Federal Contract Tower,0,39,97,0,136,0,15,13,0,28,0,54,110,0,164,6,0,6,170
01/28/2004,APF,FL,ASO,ES,Federal Contract Tower,0,49,122,0,171,0,8,143,0,151,0,57,265,0,322,66,0,66,388
01/29/2004,APF,FL,ASO,ES,Federal Contract Tower,0,55,138,0,193,0,4,188,0,192,0,59,326,0,385,36,0,36,421
01/30/2004,APF,FL,ASO,ES,Federal Contract Tower,0,50,137,0,187,0,0,85,0,85,0,50,222,0,272,162,0,162,434
01/31/2004,APF,FL,ASO,ES,Federal Contract Tower,0,33,104,0,137,0,0,29,0,29,0,33,133,0,166,32,0,32,198
02/01/2004,APF,FL,ASO,ES,Federal Contract Tower,0,51,127,0,178,0,4,138,0,142,0,55,265,0,320,128,0,128,448
02/02/2004,APF,FL,ASO,ES,Federal Contract Tower,0,50,126,0,176,0,12,87,0,99,0,62,213,0,275,40,0,40,315
02/03/2004,APF,FL,ASO,ES,Federal Contract Tower,0,52,128,0,180,0,5,167,0,172,0,57,295,0,352,122,0,122,474
02/04/2004,APF,FL,ASO,ES,Federal Contract Tower,0,46,129,0,175,0,0,167,0,167,0,46,296,0,342,138,0,138,480
02/05/2004,APF,FL,ASO,ES,Federal Contract Tower,0,36,103,0,139,0,0,196,0,196,0,36,299,0,335,96,0,96,431
02/06/2004,APF,FL,ASO,ES,Federal Contract Tower,0,53,131,0,184,0,7,164,4,175,0,60,295,4,359,86,0,86,445
02/07/2004,APF,FL,ASO,ES,Federal Contract Tower,0,34,90,0,124,0,0,113,0,113,0,34,203,0,237,60,0,60,297
02/08/2004,APF,FL,ASO,ES,Federal Contract Tower,0,51,129,0,180,0,12,170,0,182,0,63,299,0,362,12,0,12,374
02/09/2004,APF,FL,ASO,ES,Federal Contract Tower,0,37,115,1,153,0,0,201,1,202,0,37,316,2,355,134,0,134,489
02/10/2004,APF,FL,ASO,ES,Federal Contract Tower,0,43,120,0,163,0,0,265,0,265,0,43,385,0,428,142,0,142,570
02/11/2004,APF,FL,ASO,ES,Federal Contract Tower,0,64,163,0,227,0,2,245,0,247,0,66,408,0,474,120,0,120,594
02/12/2004,APF,FL,ASO,ES,Federal Contract Tower,0,65,200,0,265,0,0,159,0,159,0,65,359,0,424,76,0,76,500
02/13/2004,APF,FL,ASO,ES,Federal Contract Tower,0,69,176,0,245,0,8,60,0,68,0,77,236,0,313,22,0,22,335
02/14/2004,APF,FL,ASO,ES,Federal Contract Tower,0,37,96,0,133,0,4,122,0,126,0,41,218,0,259,44,0,44,303
02/15/2004,APF,FL,ASO,ES,Federal Contract Tower,0,52,148,0,200,0,0,123,0,123,0,52,271,0,323,4,0,4,327
02/16/2004,APF,FL,ASO,ES,Federal Contract Tower,0,85,215,0,300,0,4,213,0,217,0,89,428,0,517,140,0,140,657
02/17/2004,APF,FL,ASO,ES,Federal Contract Tower,0,55,146,0,201,0,0,147,0,147,0,55,293,0,348,38,0,38,386
02/18/2004,APF,FL,ASO,ES,Federal Contract Tower,0,40,122,0,162,0,0,179,0,179,0,40,301,0,341,30,0,30,371
02/19/2004,APF,FL,ASO,ES,Federal Contract Tower,0,55,147,0,202,0,0,211,0,211,0,55,358,0,413,32,0,32,445
02/20/2004,APF,FL,ASO,ES,Federal Contract Tower,0,56,142,0,198,0,5,216,2,223,0,61,358,2,421,52,0,52,473
02/21/2004,APF,FL,ASO,ES,Federal Contract Tower,0,51,130,0,181,0,12,181,0,193,0,63,311,0,374,16,0,16,390
02/22/2004,APF,FL,ASO,ES,Federal Contract Tower,0,66,170,0,236,0,6,230,0,236,0,72,400,0,472,0,0,0,472
02/23/2004,APF,FL,ASO,ES,Federal Contract Tower,0,46,119,0,165,0,4,152,0,156,0,50,271,0,321,114,0,114,435
02/24/2004,APF,FL,ASO,ES,Federal Contract Tower,0,50,144,0,194,0,0,178,0,178,0,50,322,0,372,80,0,80,452
02/25/2004,APF,FL,ASO,ES,Federal Contract Tower,0,40,103,0,143,0,9,5,0,14,0,49,108,0,157,2,0,2,159
02/26/2004,APF,FL,ASO,ES,Federal Contract Tower,0,51,130,0,181,0,0,170,0,170,0,51,300,0,351,60,0,60,411
02/27/2004,APF,FL,ASO,ES,Federal Contract Tower,0,69,176,0,245,0,1,119,0,120,0,70,295,0,365,20,0,20,385
02/28/2004,APF,FL,ASO,ES,Federal Contract Tower,0,32,119,0,151,0,0,186,0,186,0,32,305,0,337,72,0,72,409
02/29/2004,APF,FL,ASO,ES,Federal Contract Tower,0,49,127,0,176,0,8,166,0,174,0,57,293,0,350,84,0,84,434
03/01/2004,APF,FL,ASO,ES,Federal Contract Tower,0,47,110,0,157,0,9,147,0,156,0,56,257,0,313,72,0,72,385
03/02/2004,APF,FL,ASO,ES,Federal Contract Tower,0,43,103,0,146,0,4,159,0,163,0,47,262,0,309,124,0,124,433
03/03/2004,APF,FL,ASO,ES,Federal Contract Tower,0,49,125,0,174,0,0,187,0,187,0,49,312,0,361,120,0,120,481
03/04/2004,APF,FL,ASO,ES,Federal Contract Tower,0,51,134,0,185,0,0,167,0,167,0,51,301,0,352,74,0,74,426
03/05/2004,APF,FL,ASO,ES,Federal Contract Tower,0,49,116,0,165,0,4,160,0,164,0,53,276,0,329,86,0,86,415
03/06/2004,APF,FL,ASO,ES,Federal Contract Tower,0,36,89,0,125,0,0,182,0,182,0,36,271,0,307,142,0,142,449
03/07/2004,APF,FL,ASO,ES,Federal Contract Tower,0,55,166,0,221,0,0,133,0,133,0,55,299,0,354,30,0,30,384
03/08/2004,APF,FL,ASO,ES,Federal Contract Tower,0,44,105,0,149,0,3,227,0,230,0,47,332,0,379,74,0,74,453
03/09/2004,APF,FL,ASO,ES,Federal Contract Tower,0,39,106,0,145,0,0,190,0,190,0,39,296,0,335,132,0,132,467
03/10/2004,APF,FL,ASO,ES,Federal Contract Tower,0,52,122,0,174,0,1,191,0,192,0,53,313,0,366,98,0,98,464
03/11/2004,APF,FL,ASO,ES,Federal Contract Tower,0,53,138,0,191,0,0,208,0,208,0,53,346,0,399,164,0,164,563
03/12/2004,APF,FL,ASO,ES,Federal Contract Tower,0,52,130,0,182,0,0,208,0,208,0,52,338,0,390,172,0,172,562
03/13/2004,APF,FL,ASO,ES,Federal Contract Tower,0,49,118,0,167,0,4,216,0,220,0,53,334,0,387,78,0,78,465
03/14/2004,APF,FL,ASO,ES,Federal Contract Tower,0,61,147,0,208,0,24,143,0,167,0,85,290,0,375,58,0,58,433
03/15/2004,APF,FL,ASO,ES,Federal Contract Tower,0,57,139,1,197,0,1,107,1,109,0,58,246,2,306,120,0,120,426
03/16/2004,APF,FL,ASO,ES,Federal Contract Tower,0,39,97,0,136,0,10,65,0,75,0,49,162,0,211,62,0,62,273
03/17/2004,APF,FL,ASO,ES,Federal Contract Tower,0,50,123,0,173,0,1,216,0,217,0,51,339,0,390,114,0,114,504
03/18/2004,APF,FL,ASO,ES,Federal Contract Tower,0,64,155,0,219,0,2,234,0,236,0,66,389,0,455,110,0,110,565
03/19/2004,APF,FL,ASO,ES,Federal Contract Tower,0,62,151,0,213,0,5,243,0,248,0,67,394,0,461,126,0,126,587
03/20/2004,APF,FL,ASO,ES,Federal Contract Tower,0,63,161,0,224,0,0,176,0,176,0,63,337,0,400,84,0,84,484
03/21/2004,APF,FL,ASO,ES,Federal Contract Tower,0,69,169,0,238,0,5,255,0,260,0,74,424,0,498,20,0,20,518
03/22/2004,APF,FL,ASO,ES,Federal Contract Tower,0,41,102,0,143,0,0,197,0,197,0,41,299,0,340,150,0,150,490
03/23/2004,APF,FL,ASO,ES,Federal Contract Tower,0,41,101,0,142,0,6,219,0,225,0,47,320,0,367,100,0,100,467
03/24/2004,APF,FL,ASO,ES,Federal Contract Tower,0,55,143,0,198,0,0,121,0,121,0,55,264,0,319,120,0,120,439
03/25/2004,APF,FL,ASO,ES,Federal Contract Tower,0,45,112,0,157,0,0,139,2,141,0,45,251,2,298,118,0,118,416
03/26/2004,APF,FL,ASO,ES,Federal Contract Tower,0,53,130,0,183,0,2,183,0,185,0,55,313,0,368,124,0,124,492
03/27/2004,APF,FL,ASO,ES,Federal Contract Tower,0,53,128,0,181,0,13,259,0,272,0,66,387,0,453,100,0,100,553
03/28/2004,APF,FL,ASO,ES,Federal Contract Tower,0,60,148,0,208,0,10,233,1,244,0,70,381,1,452,80,0,80,532
03/29/2004,APF,FL,ASO,ES,Federal Contract Tower,0,36,99,0,135,0,0,171,0,171,0,36,270,0,306,152,0,152,458
03/30/2004,APF,FL,ASO,ES,Federal Contract Tower,0,37,90,0,127,0,4,191,0,195,0,41,281,0,322,130,0,130,452
03/31/2004,APF,FL,ASO,ES,Federal Contract Tower,0,35,110,0,145,0,0,184,0,184,0,35,294,0,329,138,0,138,467
04/01/2004,APF,FL,ASO,ES,Federal Contract Tower,0,41,109,0,150,0,6,165,0,171,0,47,274,0,321,80,0,80,401
04/02/2004,APF,FL,ASO,ES,Federal Contract Tower,0,49,139,0,188,0,0,182,0,182,0,49,321,0,370,126,0,126,496
04/03/2004,APF,FL,ASO,ES,Federal Contract Tower,0,48,127,0,175,0,12,179,0,191,0,60,306,0,366,90,0,90,456
04/04/2004,APF,FL,ASO,ES,Federal Contract Tower,0,50,132,0,182,0,13,131,0,144,0,63,263,0,326,44,0,44,370
04/05/2004,APF,FL,ASO,ES,Federal Contract Tower,0,30,93,0,123,0,0,220,0,220,0,30,313,0,343,76,0,76,419
04/06/2004,APF,FL,ASO,ES,Federal Contract Tower,0,37,108,0,145,0,0,240,2,242,0,37,348,2,387,84,0,84,471
04/07/2004,APF,FL,ASO,ES,Federal Contract Tower,0,53,139,0,192,0,4,258,0,262,0,57,397,0,454,120,0,120,574
04/08/2004,APF,FL,ASO,ES,Federal Contract Tower,0,54,142,0,196,0,2,127,0,129,0,56,269,0,325,18,0,18,343
04/09/2004,APF,FL,ASO,ES,Federal Contract Tower,0,54,169,0,223,0,0,63,0,63,0,54,232,0,286,16,0,16,302
04/10/2004,APF,FL,ASO,ES,Federal Contract Tower,0,41,106,0,147,0,3,140,0,143,0,44,246,0,290,76,0,76,366
04/11/2004,APF,FL,ASO,ES,Federal Contract Tower,0,51,134,0,185,0,11,129,0,140,0,62,263,0,325,22,0,22,347
04/12/2004,APF,FL,ASO,ES,Federal Contract Tower,0,48,130,0,178,0,11,95,0,106,0,59,225,0,284,118,0,118,402
04/13/2004,APF,FL,ASO,ES,Federal Contract Tower,0,30,81,0,111,0,10,62,0,72,0,40,143,0,183,76,0,76,259
04/14/2004,APF,FL,ASO,ES,Federal Contract Tower,0,20,91,0,111,0,0,184,0,184,0,20,275,0,295,92,0,92,387
04/15/2004,APF,FL,ASO,ES,Federal Contract Tower,0,41,112,1,154,0,8,254,1,263,0,49,366,2,417,144,0,144,561
04/16/2004,APF,FL,ASO,ES,Federal Contract Tower,0,34,92,0,126,0,2,295,0,297,0,36,387,0,423,170,0,170,593
04/17/2004,APF,FL,ASO,ES,Federal Contract Tower,0,36,98,0,134,0,3,254,0,257,0,39,352,0,391,42,0,42,433
04/18/2004,APF,FL,ASO,ES,Federal Contract Tower,0,37,121,0,158,0,0,123,2,125,0,37,244,2,283,97,0,97,380
04/19/2004,APF,FL,ASO,ES,Federal Contract Tower,0,34,96,0,130,0,0,155,1,156,0,34,251,1,286,154,0,154,440
04/20/2004,APF,FL,ASO,ES,Federal Contract Tower,0,35,97,0,132,0,1,235,2,238,0,36,332,2,370,150,0,150,520
04/21/2004,APF,FL,ASO,ES,Federal Contract Tower,0,32,116,0,148,0,0,245,19,264,0,32,361,19,412,178,0,178,590
04/22/2004,APF,FL,ASO,ES,Federal Contract Tower,0,34,97,0,131,0,0,241,3,244,0,34,338,3,375,86,0,86,461
04/23/2004,APF,FL,ASO,ES,Federal Contract Tower,0,27,74,0,101,0,9,54,10,73,0,36,128,10,174,54,0,54,228
04/24/2004,APF,FL,ASO,ES,Federal Contract Tower,0,30,81,0,111,0,8,197,0,205,0,38,278,0,316,66,0,66,382
04/25/2004,APF,FL,ASO,ES,Federal Contract Tower,0,36,98,0,134,0,3,189,0,192,0,39,287,0,326,178,0,178,504
04/26/2004,APF,FL,ASO,ES,Federal Contract Tower,0,29,79,0,108,0,1,169,0,170,0,30,248,0,278,248,0,248,526
04/27/2004,APF,FL,ASO,ES,Federal Contract Tower,0,31,98,0,129,0,0,144,0,144,0,31,242,0,273,218,0,218,491
04/28/2004,APF,FL,ASO,ES,Federal Contract Tower,0,31,84,0,115,0,5,192,0,197,0,36,276,0,312,152,0,152,464
04/29/2004,APF,FL,ASO,ES,Federal Contract Tower,0,33,89,0,122,0,6,105,0,111,0,39,194,0,233,117,16,133,366
04/30/2004,APF,FL,ASO,ES,Federal Contract Tower,0,33,111,0,144,0,0,179,0,179,0,33,290,0,323,154,0,154,477
05/01/2004,APF,FL,ASO,ES,Federal Contract Tower,0,28,70,0,98,0,7,130,0,137,0,35,200,0,235,150,0,150,385
05/02/2004,APF,FL,ASO,ES,Federal Contract Tower,0,39,95,0,134,0,18,146,0,164,0,57,241,0,298,80,0,80,378
05/03/2004,APF,FL,ASO,ES,Federal Contract Tower,0,29,71,0,100,0,9,72,0,81,0,38,143,0,181,94,0,94,275
05/04/2004,APF,FL,ASO,ES,Federal Contract Tower,0,34,82,0,116,0,6,163,0,169,0,40,245,0,285,142,0,142,427
05/05/2004,APF,FL,ASO,ES,Federal Contract Tower,0,34,100,0,134,0,0,266,0,266,0,34,366,0,400,94,0,94,494
05/06/2004,APF,FL,ASO,ES,Federal Contract Tower,0,28,86,0,114,0,0,215,0,215,0,28,301,0,329,128,0,128,457
05/07/2004,APF,FL,ASO,ES,Federal Contract Tower,0,36,87,0,123,0,1,207,0,208,0,37,294,0,331,136,0,136,467
05/08/2004,APF,FL,ASO,ES,Federal Contract Tower,0,19,57,0,76,0,0,221,0,221,0,19,278,0,297,82,0,82,379
05/09/2004,APF,FL,ASO,ES,Federal Contract Tower,0,27,69,0,96,0,3,133,0,136,0,30,202,0,232,108,0,108,340
05/10/2004,APF,FL,ASO,ES,Federal Contract Tower,0,30,82,0,112,0,0,138,0,138,0,30,220,0,250,64,0,64,314
05/11/2004,APF,FL,ASO,ES,Federal Contract Tower,0,23,77,0,100,0,0,143,0,143,0,23,220,0,243,90,0,90,333
05/12/2004,APF,FL,ASO,ES,Federal Contract Tower,0,24,70,0,94,0,0,191,0,191,0,24,261,0,285,130,0,130,415
05/13/2004,APF,FL,ASO,ES,Federal Contract Tower,0,29,75,0,104,0,7,137,0,144,0,36,212,0,248,128,0,128,376
05/14/2004,APF,FL,ASO,ES,Federal Contract Tower,0,27,94,0,121,0,0,155,0,155,0,27,249,0,276,124,0,124,400
05/15/2004,APF,FL,ASO,ES,Federal Contract Tower,0,19,51,0,70,0,7,129,0,136,0,26,180,0,206,56,0,56,262
05/16/2004,APF,FL,ASO,ES,Federal Contract Tower,0,28,80,0,108,0,0,137,0,137,0,28,217,0,245,120,0,120,365
05/17/2004,APF,FL,ASO,ES,Federal Contract Tower,0,17,52,0,69,0,0,161,0,161,0,17,213,0,230,100,0,100,330
05/18/2004,APF,FL,ASO,ES,Federal Contract Tower,0,25,67,0,92,0,0,152,0,152,0,25,219,0,244,76,0,76,320
05/19/2004,APF,FL,ASO,ES,Federal Contract Tower,0,24,74,0,98,0,0,197,0,197,0,24,271,0,295,134,0,134,429
05/20/2004,APF,FL,ASO,ES,Federal Contract Tower,0,21,73,0,94,0,0,193,0,193,0,21,266,0,287,74,0,74,361
05/21/2004,APF,FL,ASO,ES,Federal Contract Tower,0,29,88,0,117,0,0,159,0,159,0,29,247,0,276,78,0,78,354
05/22/2004,APF,FL,ASO,ES,Federal Contract Tower,0,18,50,0,68,0,0,183,0,183,0,18,233,0,251,124,0,124,375
05/23/2004,APF,FL,ASO,ES,Federal Contract Tower,0,20,51,0,71,0,12,179,0,191,0,32,230,0,262,96,0,96,358
05/24/2004,APF,FL,ASO,ES,Federal Contract Tower,0,17,44,0,61,0,5,204,16,225,0,22,248,16,286,72,0,72,358
05/25/2004,APF,FL,ASO,ES,Federal Contract Tower,0,17,51,0,68,0,0,169,0,169,0,17,220,0,237,110,0,110,347
05/26/2004,APF,FL,ASO,ES,Federal Contract Tower,0,24,71,0,95,0,0,219,8,227,0,24,290,8,322,146,0,146,468
05/27/2004,APF,FL,ASO,ES,Federal Contract Tower,0,29,76,0,105,0,5,226,0,231,0,34,302,0,336,124,0,124,460
05/28/2004,APF,FL,ASO,ES,Federal Contract Tower,0,26,66,0,92,0,2,200,3,205,0,28,266,3,297,114,0,114,411
05/29/2004,APF,FL,ASO,ES,Federal Contract Tower,0,16,41,0,57,0,9,170,0,179,0,25,211,0,236,88,0,88,324
05/30/2004,APF,FL,ASO,ES,Federal Contract Tower,0,12,33,0,45,0,5,135,0,140,0,17,168,0,185,120,0,120,305
05/31/2004,APF,FL,ASO,ES,Federal Contract Tower,0,30,78,0,108,0,1,170,0,171,0,31,248,0,279,144,0,144,423
06/01/2004,APF,FL,ASO,ES,Federal Contract Tower,0,9,57,0,66,0,0,131,0,131,0,9,188,0,197,110,0,110,307
06/02/2004,APF,FL,ASO,ES,Federal Contract Tower,0,9,58,0,67,0,0,164,0,164,0,9,222,0,231,102,0,102,333
06/03/2004,APF,FL,ASO,ES,Federal Contract Tower,0,13,72,0,85,0,0,155,0,155,0,13,227,0,240,86,0,86,326
06/04/2004,APF,FL,ASO,ES,Federal Contract Tower,0,14,68,0,82,0,2,151,0,153,0,16,219,0,235,118,0,118,353
06/05/2004,APF,FL,ASO,ES,Federal Contract Tower,0,11,55,0,66,0,3,123,0,126,0,14,178,0,192,62,0,62,254
06/06/2004,APF,FL,ASO,ES,Federal Contract Tower,0,8,56,0,64,0,0,126,0,126,0,8,182,0,190,84,0,84,274
06/07/2004,APF,FL,ASO,ES,Federal Contract Tower,0,13,63,0,76,0,1,144,0,145,0,14,207,0,221,100,0,100,321
06/08/2004,APF,FL,ASO,ES,Federal Contract Tower,0,9,46,0,55,0,0,101,0,101,0,9,147,0,156,84,0,84,240
06/09/2004,APF,FL,ASO,ES,Federal Contract Tower,0,10,50,0,60,0,2,105,2,109,0,12,155,2,169,130,0,130,299
06/10/2004,APF,FL,ASO,ES,Federal Contract Tower,0,8,47,0,55,0,7,98,0,105,0,15,145,0,160,134,0,134,294
06/11/2004,APF,FL,ASO,ES,Federal Contract Tower,0,15,83,0,98,0,5,119,0,124,0,20,202,0,222,48,0,48,270
06/12/2004,APF,FL,ASO,ES,Federal Contract Tower,0,8,42,0,50,0,0,190,0,190,0,8,232,0,240,90,0,90,330
06/13/2004,APF,FL,ASO,ES,Federal Contract Tower,0,10,61,0,71,0,0,125,0,125,0,10,186,0,196,42,0,42,238
06/14/2004,APF,FL,ASO,ES,Federal Contract Tower,0,10,56,0,66,0,3,100,0,103,0,13,156,0,169,30,0,30,199
06/15/2004,APF,FL,ASO,ES,Federal Contract Tower,0,7,47,0,54,0,0,123,0,123,0,7,170,0,177,52,0,52,229
06/16/2004,APF,FL,ASO,ES,Federal Contract Tower,0,1,52,1,54,0,0,143,5,148,0,1,195,6,202,46,0,46,248
06/17/2004,APF,FL,ASO,ES,Federal Contract Tower,0,15,81,0,96,0,0,146,0,146,0,15,227,0,242,88,0,88,330
06/18/2004,APF,FL,ASO,ES,Federal Contract Tower,0,4,88,0,92,0,0,147,0,147,0,4,235,0,239,114,0,114,353
06/19/2004,APF,FL,ASO,ES,Federal Contract Tower,0,8,45,0,53,0,3,133,0,136,0,11,178,0,189,108,0,108,297
06/20/2004,APF,FL,ASO,ES,Federal Contract Tower,0,9,51,0,60,0,4,143,0,147,0,13,194,0,207,54,0,54,261
06/21/2004,APF,FL,ASO,ES,Federal Contract Tower,0,13,71,0,84,0,0,129,0,129,0,13,200,0,213,78,0,78,291
06/22/2004,APF,FL,ASO,ES,Federal Contract Tower,0,7,49,0,56,0,0,147,2,149,0,7,196,2,205,120,0,120,325
06/23/2004,APF,FL,ASO,ES,Federal Contract Tower,0,11,61,0,72,0,2,107,0,109,0,13,168,0,181,66,0,66,247
06/24/2004,APF,FL,ASO,ES,Federal Contract Tower,0,9,55,0,64,0,0,136,0,136,0,9,191,0,200,135,0,135,335
06/25/2004,APF,FL,ASO,ES,Federal Contract Tower,0,11,63,0,74,0,8,115,0,123,0,19,178,0,197,82,0,82,279
06/26/2004,APF,FL,ASO,ES,Federal Contract Tower,0,8,47,0,55,0,0,140,0,140,0,8,187,0,195,58,0,58,253
06/27/2004,APF,FL,ASO,ES,Federal Contract Tower,0,10,69,0,79,0,0,117,0,117,0,10,186,0,196,10,0,10,206
06/28/2004,APF,FL,ASO,ES,Federal Contract Tower,0,4,37,0,41,0,0,86,0,86,0,4,123,0,127,120,0,120,247
06/29/2004,APF,FL,ASO,ES,Federal Contract Tower,0,9,53,0,62,0,5,105,0,110,0,14,158,0,172,104,0,104,276
06/30/2004,APF,FL,ASO,ES,Federal Contract Tower,0,13,71,0,84,0,0,184,4,188,0,13,255,4,272,76,0,76,348
07/01/2004,APF,FL,ASO,ES,Federal Contract Tower,0,11,67,0,78,0,0,159,2,161,0,11,226,2,239,88,0,88,327
07/02/2004,APF,FL,ASO,ES,Federal Contract Tower,0,14,73,0,87,0,4,148,0,152,0,18,221,0,239,69,0,69,308
07/03/2004,APF,FL,ASO,ES,Federal Contract Tower,0,6,37,0,43,0,0,134,10,144,0,6,171,10,187,28,0,28,215
07/04/2004,APF,FL,ASO,ES,Federal Contract Tower,0,3,21,0,24,0,0,75,0,75,0,3,96,0,99,28,0,28,127
07/05/2004,APF,FL,ASO,ES,Federal Contract Tower,0,11,63,0,74,0,0,176,0,176,0,11,239,0,250,132,0,132,382
07/06/2004,APF,FL,ASO,ES,Federal Contract Tower,0,11,57,0,68,0,10,134,0,144,0,21,191,0,212,124,0,124,336
07/07/2004,APF,FL,ASO,ES,Federal Contract Tower,0,10,57,0,67,0,0,174,0,174,0,10,231,0,241,114,0,114,355
07/08/2004,APF,FL,ASO,ES,Federal Contract Tower,0,7,56,0,63,0,0,170,0,170,0,7,226,0,233,128,0,128,361
07/09/2004,APF,FL,ASO,ES,Federal Contract Tower,0,5,56,0,61,0,0,139,0,139,0,5,195,0,200,134,0,134,334
07/10/2004,APF,FL,ASO,ES,Federal Contract Tower,0,0,39,0,39,0,0,117,0,117,0,0,156,0,156,20,0,20,176
07/11/2004,APF,FL,ASO,ES,Federal Contract Tower,0,3,49,0,52,0,0,166,0,166,0,3,215,0,218,74,0,74,292
07/12/2004,APF,FL,ASO,ES,Federal Contract Tower,0,7,33,0,40,0,1,129,0,130,0,8,162,0,170,94,0,94,264
07/13/2004,APF,FL,ASO,ES,Federal Contract Tower,0,8,42,0,50,0,1,164,0,165,0,9,206,0,215,74,0,74,289
07/14/2004,APF,FL,ASO,ES,Federal Contract Tower,0,9,50,0,59,0,0,147,0,147,0,9,197,0,206,78,0,78,284
07/15/2004,APF,FL,ASO,ES,Federal Contract Tower,0,7,53,0,60,0,0,105,0,105,0,7,158,0,165,116,0,116,281
07/16/2004,APF,FL,ASO,ES,Federal Contract Tower,0,9,54,0,63,0,0,125,0,125,0,9,179,0,188,196,0,196,384
07/17/2004,APF,FL,ASO,ES,Federal Contract Tower,0,6,38,0,44,0,1,121,0,122,0,7,159,0,166,186,0,186,352
07/18/2004,APF,FL,ASO,ES,Federal Contract Tower,0,5,36,0,41,0,0,87,0,87,0,5,123,0,128,110,0,110,238
07/19/2004,APF,FL,ASO,ES,Federal Contract Tower,0,6,37,0,43,0,5,66,0,71,0,11,103,0,114,130,0,130,244
07/20/2004,APF,FL,ASO,ES,Federal Contract Tower,0,5,32,0,37,0,6,53,0,59,0,11,85,0,96,58,0,58,154
07/21/2004,APF,FL,ASO,ES,Federal Contract Tower,0,9,49,0,58,0,4,199,0,203,0,13,248,0,261,150,0,150,411
07/22/2004,APF,FL,ASO,ES,Federal Contract Tower,0,12,65,0,77,0,5,183,0,188,0,17,248,0,265,138,0,138,403
07/23/2004,APF,FL,ASO,ES,Federal Contract Tower,0,8,53,0,61,0,0,206,0,206,0,8,259,0,267,168,0,168,435
07/24/2004,APF,FL,ASO,ES,Federal Contract Tower,0,3,26,0,29,0,0,221,0,221,0,3,247,0,250,152,0,152,402
07/25/2004,APF,FL,ASO,ES,Federal Contract Tower,0,9,51,0,60,0,0,126,0,126,0,9,177,0,186,182,0,182,368
07/26/2004,APF,FL,ASO,ES,Federal Contract Tower,0,9,52,0,61,0,5,143,0,148,0,14,195,0,209,130,0,130,339
07/27/2004,APF,FL,ASO,ES,Federal Contract Tower,0,7,39,0,46,0,0,209,0,209,0,7,248,0,255,118,0,118,373
07/28/2004,APF,FL,ASO,ES,Federal Contract Tower,0,5,43,0,48,0,0,174,0,174,0,5,217,0,222,162,0,162,384
07/29/2004,APF,FL,ASO,ES,Federal Contract Tower,0,10,56,0,66,0,13,119,0,132,0,23,175,0,198,136,0,136,334
07/30/2004,APF,FL,ASO,ES,Federal Contract Tower,0,12,71,0,83,0,3,217,0,220,0,15,288,0,303,138,0,138,441
07/31/2004,APF,FL,ASO,ES,Federal Contract Tower,0,2,34,0,36,0,0,186,0,186,0,2,220,0,222,172,0,172,394
08/01/2004,APF,FL,ASO,ES,Federal Contract Tower,0,3,53,0,56,0,0,128,3,131,0,3,181,3,187,100,0,100,287
08/02/2004,APF,FL,ASO,ES,Federal Contract Tower,0,7,48,0,55,0,0,139,0,139,0,7,187,0,194,212,0,212,406
08/03/2004,APF,FL,ASO,ES,Federal Contract Tower,0,6,41,0,47,0,0,134,0,134,0,6,175,0,181,276,0,276,457
08/04/2004,APF,FL,ASO,ES,Federal Contract Tower,0,9,50,0,59,0,7,135,0,142,0,16,185,0,201,196,0,196,397
08/05/2004,APF,FL,ASO,ES,Federal Contract Tower,0,15,87,0,102,0,0,149,0,149,0,15,236,0,251,212,0,212,463
08/06/2004,APF,FL,ASO,ES,Federal Contract Tower,0,8,41,0,49,0,0,88,0,88,0,8,129,0,137,150,0,150,287
08/07/2004,APF,FL,ASO,ES,Federal Contract Tower,0,5,38,0,43,0,0,153,0,153,0,5,191,0,196,212,0,212,408
08/08/2004,APF,FL,ASO,ES,Federal Contract Tower,0,11,59,0,70,0,5,163,0,168,0,16,222,0,238,256,0,256,494
08/09/2004,APF,FL,ASO,ES,Federal Contract Tower,0,8,47,0,55,0,3,184,0,187,0,11,231,0,242,264,0,264,506
08/10/2004,APF,FL,ASO,ES,Federal Contract Tower,0,12,69,0,81,0,4,146,0,150,0,16,215,0,231,170,0,170,401
08/11/2004,APF,FL,ASO,ES,Federal Contract Tower,0,7,55,0,62,0,0,176,0,176,0,7,231,0,238,110,0,110,348
08/12/2004,APF,FL,ASO,ES,Federal Contract Tower,0,9,53,0,62,0,6,82,0,88,0,15,135,0,150,48,0,48,198
08/13/2004,APF,FL,ASO,ES,Federal Contract Tower,0,0,0,0,0,0,0,0,0,0,0,0,0,0,0,0,0,0,0
08/14/2004,APF,FL,ASO,ES,Federal Contract Tower,0,3,18,1,22,0,2,48,2,52,0,5,66,3,74,6,0,6,80
08/15/2004,APF,FL,ASO,ES,Federal Contract Tower,0,7,45,1,53,0,5,144,6,155,0,12,189,7,208,44,0,44,252
08/16/2004,APF,FL,ASO,ES,Federal Contract Tower,0,6,39,0,45,0,10,186,0,196,0,16,225,0,241,154,0,154,395
08/17/2004,APF,FL,ASO,ES,Federal Contract Tower,0,5,35,0,40,0,1,159,0,160,0,6,194,0,200,144,0,144,344
08/18/2004,APF,FL,ASO,ES,Federal Contract Tower,0,5,63,0,68,0,0,215,0,215,0,5,278,0,283,166,0,166,449
08/19/2004,APF,FL,ASO,ES,Federal Contract Tower,0,8,52,0,60,0,0,164,0,164,0,8,216,0,224,180,0,180,404
08/20/2004,APF,FL,ASO,ES,Federal Contract Tower,0,12,74,0,86,0,1,210,2,213,0,13,284,2,299,158,0,158,457
08/21/2004,APF,FL,ASO,ES,Federal Contract Tower,0,8,50,0,58,0,7,204,0,211,0,15,254,0,269,86,0,86,355
08/22/2004,APF,FL,ASO,ES,Federal Contract Tower,0,8,47,0,55,0,2,172,0,174,0,10,219,0,229,136,0,136,365
08/23/2004,APF,FL,ASO,ES,Federal Contract Tower,0,7,53,0,60,0,0,157,0,157,0,7,210,0,217,188,0,188,405
08/24/2004,APF,FL,ASO,ES,Federal Contract Tower,0,9,56,0,65,0,5,173,0,178,0,14,229,0,243,166,0,166,409
08/25/2004,APF,FL,ASO,ES,Federal Contract Tower,0,3,52,0,55,0,0,151,0,151,0,3,203,0,206,170,0,170,376
08/26/2004,APF,FL,ASO,ES,Federal Contract Tower,0,7,55,0,62,0,0,150,0,150,0,7,205,0,212,134,0,134,346
08/27/2004,APF,FL,ASO,ES,Federal Contract Tower,0,6,62,0,68,0,0,166,0,166,0,6,228,0,234,140,0,140,374
08/28/2004,APF,FL,ASO,ES,Federal Contract Tower,0,4,44,0,48,0,0,169,2,171,0,4,213,2,219,146,0,146,365
08/29/2004,APF,FL,ASO,ES,Federal Contract Tower,0,6,43,0,49,0,0,138,2,140,0,6,181,2,189,46,0,46,235
08/30/2004,APF,FL,ASO,ES,Federal Contract Tower,0,5,44,0,49,0,0,153,0,153,0,5,197,0,202,96,0,96,298
08/31/2004,APF,FL,ASO,ES,Federal Contract Tower,0,2,38,0,40,0,0,99,0,99,0,2,137,0,139,72,0,72,211
09/01/2004,APF,FL,ASO,ES,Federal Contract Tower,0,8,34,0,42,0,0,126,0,126,0,8,160,0,168,34,0,34,202
09/02/2004,APF,FL,ASO,ES,Federal Contract Tower,0,22,88,0,110,0,3,224,0,227,0,25,312,0,337,64,0,64,401
09/03/2004,APF,FL,ASO,ES,Federal Contract Tower,0,9,33,0,42,0,2,62,0,64,0,11,95,0,106,4,0,4,110
09/04/2004,APF,FL,ASO,ES,Federal Contract Tower,0,2,4,0,6,0,2,0,0,2,0,4,4,0,8,0,0,0,8
09/05/2004,APF,FL,ASO,ES,Federal Contract Tower,0,0,0,0,0,0,0,0,0,0,0,0,0,0,0,0,0,0,0
09/06/2004,APF,FL,ASO,ES,Federal Contract Tower,0,8,30,0,38,0,1,50,0,51,0,9,80,0,89,18,0,18,107
09/07/2004,APF,FL,ASO,ES,Federal Contract Tower,0,16,63,0,79,0,2,90,0,92,0,18,153,0,171,72,0,72,243
09/08/2004,APF,FL,ASO,ES,Federal Contract Tower,0,14,57,0,71,0,2,128,0,130,0,16,185,0,201,138,0,138,339
09/09/2004,APF,FL,ASO,ES,Federal Contract Tower,0,8,50,0,58,0,0,198,0,198,0,8,248,0,256,132,0,132,388
09/10/2004,APF,FL,ASO,ES,Federal Contract Tower,0,23,94,0,117,0,7,169,0,176,0,30,263,0,293,124,0,124,417
09/11/2004,APF,FL,ASO,ES,Federal Contract Tower,0,17,87,0,104,0,0,142,0,142,0,17,229,0,246,64,0,64,310
09/12/2004,APF,FL,ASO,ES,Federal Contract Tower,0,10,39,0,49,0,10,99,0,109,0,20,138,0,158,154,0,154,312
09/13/2004,APF,FL,ASO,ES,Federal Contract Tower,0,6,41,0,47,0,0,49,0,49,0,6,90,0,96,32,0,32,128
09/14/2004,APF,FL,ASO,ES,Federal Contract Tower,0,11,44,0,55,0,4,41,0,45,0,15,85,0,100,20,0,20,120
09/15/2004,APF,FL,ASO,ES,Federal Contract Tower,0,14,64,0,78,0,0,63,0,63,0,14,127,0,141,38,0,38,179
09/16/2004,APF,FL,ASO,ES,Federal Contract Tower,0,11,47,0,58,0,3,85,0,88,0,14,132,0,146,56,0,56,202
09/17/2004,APF,FL,ASO,ES,Federal Contract Tower,0,12,52,0,64,0,4,159,0,163,0,16,211,0,227,88,0,88,315
09/18/2004,APF,FL,ASO,ES,Federal Contract Tower,0,6,36,0,42,0,0,148,0,148,0,6,184,0,190,80,0,80,270
09/19/2004,APF,FL,ASO,ES,Federal Contract Tower,0,11,50,0,61,0,5,139,0,144,0,16,189,0,205,106,0,106,311
09/20/2004,APF,FL,ASO,ES,Federal Contract Tower,0,5,37,0,42,0,0,69,0,69,0,5,106,0,111,82,0,82,193
09/21/2004,APF,FL,ASO,ES,Federal Contract Tower,0,11,50,0,61,0,3,84,0,87,0,14,134,0,148,52,0,52,200
09/22/2004,APF,FL,ASO,ES,Federal Contract Tower,0,12,75,0,87,0,0,109,0,109,0,12,184,0,196,132,0,132,328
09/23/2004,APF,FL,ASO,ES,Federal Contract Tower,0,15,68,0,83,0,2,173,0,175,0,17,241,0,258,130,0,130,388
09/24/2004,APF,FL,ASO,ES,Federal Contract Tower,0,7,68,0,75,0,0,194,0,194,0,7,262,0,269,166,0,166,435
09/25/2004,APF,FL,ASO,ES,Federal Contract Tower,0,9,42,0,51,0,7,120,0,127,0,16,162,0,178,46,0,46,224
09/26/2004,APF,FL,ASO,ES,Federal Contract Tower,0,1,11,0,12,0,0,16,0,16,0,1,27,0,28,0,2,2,30
09/27/2004,APF,FL,ASO,ES,Federal Contract Tower,0,12,58,0,70,0,0,124,0,124,0,12,182,0,194,76,0,76,270
09/28/2004,APF,FL,ASO,ES,Federal Contract Tower,0,12,68,0,80,0,0,140,0,140,0,12,208,0,220,102,0,102,322
09/29/2004,APF,FL,ASO,ES,Federal Contract Tower,0,9,73,0,82,0,0,147,2,149,0,9,220,2,231,164,0,164,395
09/30/2004,APF,FL,ASO,ES,Federal Contract Tower,0,15,67,0,82,0,2,202,0,204,0,17,269,0,286,132,0,132,418
10/01/2004,APF,FL,ASO,ES,Federal Contract Tower,0,16,57,0,73,0,0,180,0,180,0,16,237,0,253,70,0,70,323
10/02/2004,APF,FL,ASO,ES,Federal Contract Tower,0,7,40,0,47,0,0,203,0,203,0,7,243,0,250,118,0,118,368
10/03/2004,APF,FL,ASO,ES,Federal Contract Tower,0,8,49,0,57,0,0,222,0,222,0,8,271,0,279,80,0,80,359
10/04/2004,APF,FL,ASO,ES,Federal Contract Tower,0,9,57,0,66,0,0,138,0,138,0,9,195,0,204,56,0,56,260
10/05/2004,APF,FL,ASO,ES,Federal Contract Tower,0,12,60,0,72,0,0,222,0,222,0,12,282,0,294,138,0,138,432
10/06/2004,APF,FL,ASO,ES,Federal Contract Tower,0,12,67,0,79,0,0,137,0,137,0,12,204,0,216,52,0,52,268
10/07/2004,APF,FL,ASO,ES,Federal Contract Tower,0,26,67,0,93,0,0,180,2,182,0,26,247,2,275,94,0,94,369
10/08/2004,APF,FL,ASO,ES,Federal Contract Tower,0,29,83,0,112,0,0,153,0,153,0,29,236,0,265,116,0,116,381
10/09/2004,APF,FL,ASO,ES,Federal Contract Tower,0,10,41,0,51,0,0,168,0,168,0,10,209,0,219,66,0,66,285
10/10/2004,APF,FL,ASO,ES,Federal Contract Tower,0,23,50,0,73,0,0,157,0,157,0,23,207,0,230,124,0,124,354
10/11/2004,APF,FL,ASO,ES,Federal Contract Tower,0,21,75,0,96,0,0,88,0,88,0,21,163,0,184,62,0,62,246
10/12/2004,APF,FL,ASO,ES,Federal Contract Tower,0,24,58,0,82,0,2,134,0,136,0,26,192,0,218,104,0,104,322
10/13/2004,APF,FL,ASO,ES,Federal Contract Tower,0,10,71,0,81,0,2,148,0,150,0,12,219,0,231,76,0,76,307
10/14/2004,APF,FL,ASO,ES,Federal Contract Tower,0,12,81,0,93,0,2,167,0,169,0,14,248,0,262,130,0,130,392
10/15/2004,APF,FL,ASO,ES,Federal Contract Tower,0,17,90,3,110,0,0,87,0,87,0,17,177,3,197,88,2,90,287
10/16/2004,APF,FL,ASO,ES,Federal Contract Tower,0,18,58,0,76,0,0,224,0,224,0,18,282,0,300,72,0,72,372
10/17/2004,APF,FL,ASO,ES,Federal Contract Tower,0,17,84,0,101,0,0,164,0,164,0,17,248,0,265,68,0,68,333
10/18/2004,APF,FL,ASO,ES,Federal Contract Tower,0,18,69,0,87,0,1,125,0,126,0,19,194,0,213,84,0,84,297
10/19/2004,APF,FL,ASO,ES,Federal Contract Tower,0,27,84,0,111,0,0,146,0,146,0,27,230,0,257,130,0,130,387
10/20/2004,APF,FL,ASO,ES,Federal Contract Tower,0,39,115,0,154,0,1,202,0,203,0,40,317,0,357,186,0,186,543
10/21/2004,APF,FL,ASO,ES,Federal Contract Tower,0,26,120,0,146,0,0,115,0,115,0,26,235,0,261,108,0,108,369
10/22/2004,APF,FL,ASO,ES,Federal Contract Tower,0,30,126,0,156,0,0,169,0,169,0,30,295,0,325,94,0,94,419
10/23/2004,APF,FL,ASO,ES,Federal Contract Tower,0,16,46,0,62,0,1,155,0,156,0,17,201,0,218,128,0,128,346
10/24/2004,APF,FL,ASO,ES,Federal Contract Tower,0,35,96,0,131,0,0,175,0,175,0,35,271,0,306,92,0,92,398
10/25/2004,APF,FL,ASO,ES,Federal Contract Tower,0,41,70,0,111,0,0,140,0,140,0,41,210,0,251,40,0,40,291
10/26/2004,APF,FL,ASO,ES,Federal Contract Tower,0,42,77,0,119,0,5,193,0,198,0,47,270,0,317,162,0,162,479
10/27/2004,APF,FL,ASO,ES,Federal Contract Tower,0,15,109,0,124,0,2,169,0,171,0,17,278,0,295,126,0,126,421
10/28/2004,APF,FL,ASO,ES,Federal Contract Tower,0,24,117,0,141,0,5,178,0,183,0,29,295,0,324,94,0,94,418
10/29/2004,APF,FL,ASO,ES,Federal Contract Tower,0,30,80,1,111,0,9,215,0,224,0,39,295,1,335,128,0,128,463
10/30/2004,APF,FL,ASO,ES,Federal Contract Tower,0,20,56,1,77,0,5,189,0,194,0,25,245,1,271,76,0,76,347
10/31/2004,APF,FL,ASO,ES,Federal Contract Tower,0,31,86,0,117,0,0,149,0,149,0,31,235,0,266,42,0,42,308
11/01/2004,APF,FL,ASO,ES,Federal Contract Tower,0,22,82,0,104,0,0,131,0,131,0,22,213,0,235,102,0,102,337
11/02/2004,APF,FL,ASO,ES,Federal Contract Tower,0,16,84,0,100,0,3,159,0,162,0,19,243,0,262,96,0,96,358
11/03/2004,APF,FL,ASO,ES,Federal Contract Tower,0,35,101,0,136,0,1,204,0,205,0,36,305,0,341,170,0,170,511
11/04/2004,APF,FL,ASO,ES,Federal Contract Tower,0,29,99,0,128,0,1,212,0,213,0,30,311,0,341,72,0,72,413
11/05/2004,APF,FL,ASO,ES,Federal Contract Tower,0,33,108,0,141,0,2,174,0,176,0,35,282,0,317,102,0,102,419
11/06/2004,APF,FL,ASO,ES,Federal Contract Tower,0,26,76,0,102,0,1,188,0,189,0,27,264,0,291,68,0,68,359
11/07/2004,APF,FL,ASO,ES,Federal Contract Tower,0,56,120,0,176,0,0,181,0,181,0,56,301,0,357,132,0,132,489
11/08/2004,APF,FL,ASO,ES,Federal Contract Tower,0,39,107,0,146,0,3,155,0,158,0,42,262,0,304,144,0,144,448
11/09/2004,APF,FL,ASO,ES,Federal Contract Tower,0,41,94,0,135,0,1,193,0,194,0,42,287,0,329,162,0,162,491
11/10/2004,APF,FL,ASO,ES,Federal Contract Tower,0,39,95,0,134,0,1,167,0,168,0,40,262,0,302,132,0,132,434
11/11/2004,APF,FL,ASO,ES,Federal Contract Tower,0,52,98,0,150,0,1,243,0,244,0,53,341,0,394,168,0,168,562
11/12/2004,APF,FL,ASO,ES,Federal Contract Tower,0,51,83,0,134,0,5,210,0,215,0,56,293,0,349,218,0,218,567
11/13/2004,APF,FL,ASO,ES,Federal Contract Tower,0,29,64,0,93,0,1,230,0,231,0,30,294,0,324,132,0,132,456
11/14/2004,APF,FL,ASO,ES,Federal Contract Tower,0,66,109,0,175,0,1,165,0,166,0,67,274,0,341,102,0,102,443
11/15/2004,APF,FL,ASO,ES,Federal Contract Tower,0,47,84,0,131,0,2,157,0,159,0,49,241,0,290,126,0,126,416
11/16/2004,APF,FL,ASO,ES,Federal Contract Tower,0,48,79,0,127,0,0,207,0,207,0,48,286,0,334,160,0,160,494
11/17/2004,APF,FL,ASO,ES,Federal Contract Tower,0,34,106,0,140,0,3,242,0,245,0,37,348,0,385,184,0,184,569
11/18/2004,APF,FL,ASO,ES,Federal Contract Tower,0,29,109,0,138,0,3,249,0,252,0,32,358,0,390,136,0,136,526
11/19/2004,APF,FL,ASO,ES,Federal Contract Tower,0,49,118,0,167,0,5,250,0,255,0,54,368,0,422,126,0,126,548
11/20/2004,APF,FL,ASO,ES,Federal Contract Tower,0,48,89,0,137,0,0,161,0,161,0,48,250,0,298,106,0,106,404
11/21/2004,APF,FL,ASO,ES,Federal Contract Tower,0,54,107,0,161,0,1,233,0,234,0,55,340,0,395,96,0,96,491
11/22/2004,APF,FL,ASO,ES,Federal Contract Tower,0,39,115,2,156,0,2,205,0,207,0,41,320,2,363,158,0,158,521
11/23/2004,APF,FL,ASO,ES,Federal Contract Tower,0,67,140,0,207,0,0,216,0,216,0,67,356,0,423,204,0,204,627
11/24/2004,APF,FL,ASO,ES,Federal Contract Tower,0,58,126,0,184,0,2,198,0,200,0,60,324,0,384,130,0,130,514
11/25/2004,APF,FL,ASO,ES,Federal Contract Tower,0,22,41,0,63,0,2,25,0,27,0,24,66,0,90,12,0,12,102
11/26/2004,APF,FL,ASO,ES,Federal Contract Tower,0,27,66,0,93,0,2,256,0,258,0,29,322,0,351,218,0,218,569
11/27/2004,APF,FL,ASO,ES,Federal Contract Tower,0,65,65,0,130,0,1,232,0,233,0,66,297,0,363,142,0,142,505
11/28/2004,APF,FL,ASO,ES,Federal Contract Tower,0,97,177,0,274,0,4,241,0,245,0,101,418,0,519,68,0,68,587
11/29/2004,APF,FL,ASO,ES,Federal Contract Tower,0,55,92,0,147,0,0,186,0,186,0,55,278,0,333,210,0,210,543
11/30/2004,APF,FL,ASO,ES,Federal Contract Tower,0,42,79,0,121,0,2,200,0,202,0,44,279,0,323,110,0,110,433
12/01/2004,APF,FL,ASO,ES,Federal Contract Tower,0,33,97,0,130,0,3,210,0,213,0,36,307,0,343,190,0,190,533
12/02/2004,APF,FL,ASO,ES,Federal Contract Tower,0,35,119,1,155,0,0,202,1,203,0,35,321,2,358,158,0,158,516
12/03/2004,APF,FL,ASO,ES,Federal Contract Tower,0,35,124,0,159,0,1,213,0,214,0,36,337,0,373,68,0,68,441
12/04/2004,APF,FL,ASO,ES,Federal Contract Tower,0,29,67,0,96,0,0,217,0,217,0,29,284,0,313,112,0,112,425
12/05/2004,APF,FL,ASO,ES,Federal Contract Tower,0,33,69,0,102,0,6,187,2,195,0,39,256,2,297,104,0,104,401
12/06/2004,APF,FL,ASO,ES,Federal Contract Tower,0,35,75,2,112,0,0,159,0,159,0,35,234,2,271,72,0,72,343
12/07/2004,APF,FL,ASO,ES,Federal Contract Tower,0,36,69,0,105,0,0,177,0,177,0,36,246,0,282,124,0,124,406
12/08/2004,APF,FL,ASO,ES,Federal Contract Tower,0,32,127,0,159,0,3,186,0,189,0,35,313,0,348,164,0,164,512
12/09/2004,APF,FL,ASO,ES,Federal Contract Tower,0,36,108,0,144,0,4,204,0,208,0,40,312,0,352,164,0,164,516
12/10/2004,APF,FL,ASO,ES,Federal Contract Tower,0,41,81,0,122,0,8,92,0,100,0,49,173,0,222,92,0,92,314
12/11/2004,APF,FL,ASO,ES,Federal Contract Tower,0,32,50,0,82,0,0,136,0,136,0,32,186,0,218,52,0,52,270
12/12/2004,APF,FL,ASO,ES,Federal Contract Tower,0,42,76,0,118,0,2,220,0,222,0,44,296,0,340,98,0,98,438
12/13/2004,APF,FL,ASO,ES,Federal Contract Tower,0,37,91,0,128,0,1,232,0,233,0,38,323,0,361,116,0,116,477
12/14/2004,APF,FL,ASO,ES,Federal Contract Tower,0,33,97,2,132,0,0,203,0,203,0,33,300,2,335,118,0,118,453
12/15/2004,APF,FL,ASO,ES,Federal Contract Tower,0,32,112,0,144,0,4,196,0,200,0,36,308,0,344,78,0,78,422
12/16/2004,APF,FL,ASO,ES,Federal Contract Tower,0,35,74,0,109,0,0,249,0,249,0,35,323,0,358,168,0,168,526
12/17/2004,APF,FL,ASO,ES,Federal Contract Tower,0,52,88,0,140,0,2,183,0,185,0,54,271,0,325,160,0,160,485
12/18/2004,APF,FL,ASO,ES,Federal Contract Tower,0,33,78,0,111,0,1,192,0,193,0,34,270,0,304,98,0,98,402
12/19/2004,APF,FL,ASO,ES,Federal Contract Tower,0,45,56,0,101,0,0,207,0,207,0,45,263,0,308,116,0,116,424
12/20/2004,APF,FL,ASO,ES,Federal Contract Tower,0,29,50,0,79,0,2,203,0,205,0,31,253,0,284,226,0,226,510
12/21/2004,APF,FL,ASO,ES,Federal Contract Tower,0,40,81,0,121,0,0,192,0,192,0,40,273,0,313,220,0,220,533
12/22/2004,APF,FL,ASO,ES,Federal Contract Tower,0,45,73,0,118,0,0,208,0,208,0,45,281,0,326,168,0,168,494
12/23/2004,APF,FL,ASO,ES,Federal Contract Tower,0,29,92,0,121,0,0,39,0,39,0,29,131,0,160,64,0,64,224
12/24/2004,APF,FL,ASO,ES,Federal Contract Tower,0,18,35,0,53,0,0,3,0,3,0,18,38,0,56,0,0,0,56
12/25/2004,APF,FL,ASO,ES,Federal Contract Tower,0,32,23,0,55,0,0,9,0,9,0,32,32,0,64,0,0,0,64
12/26/2004,APF,FL,ASO,ES,Federal Contract Tower,0,59,174,0,233,0,2,38,0,40,0,61,212,0,273,0,0,0,273
12/27/2004,APF,FL,ASO,ES,Federal Contract Tower,0,91,168,0,259,0,1,113,0,114,0,92,281,0,373,22,0,22,395
12/28/2004,APF,FL,ASO,ES,Federal Contract Tower,0,74,153,0,227,0,9,168,0,177,0,83,321,0,404,46,0,46,450
12/29/2004,APF,FL,ASO,ES,Federal Contract Tower,0,51,120,0,171,0,2,191,0,193,0,53,311,0,364,72,0,72,436
12/30/2004,APF,FL,ASO,ES,Federal Contract Tower,0,56,154,0,210,0,5,188,0,193,0,61,342,0,403,92,0,92,495
12/31/2004,APF,FL,ASO,ES,Federal Contract Tower,0,35,93,0,128,0,7,149,0,156,0,42,242,0,284,52,0,52,336
01/01/2005,APF,FL,ASO,ES,Federal Contract Tower,0,48,86,0,134,0,8,137,0,145,0,56,223,0,279,40,0,40,319
01/02/2005,APF,FL,ASO,ES,Federal Contract Tower,0,86,218,0,304,0,0,114,0,114,0,86,332,0,418,6,0,6,424
01/03/2005,APF,FL,ASO,ES,Federal Contract Tower,0,63,114,0,177,0,0,213,0,213,0,63,327,0,390,104,0,104,494
01/04/2005,APF,FL,ASO,ES,Federal Contract Tower,0,50,112,0,162,0,2,201,0,203,0,52,313,0,365,94,0,94,459
01/05/2005,APF,FL,ASO,ES,Federal Contract Tower,0,32,124,0,156,0,5,195,0,200,0,37,319,0,356,80,0,80,436
01/06/2005,APF,FL,ASO,ES,Federal Contract Tower,0,33,123,0,156,0,4,175,0,179,0,37,298,0,335,76,0,76,411
01/07/2005,APF,FL,ASO,ES,Federal Contract Tower,0,43,102,0,145,0,3,195,0,198,0,46,297,0,343,124,0,124,467
01/08/2005,APF,FL,ASO,ES,Federal Contract Tower,0,34,88,0,122,0,4,209,0,213,0,38,297,0,335,92,0,92,427
01/09/2005,APF,FL,ASO,ES,Federal Contract Tower,0,59,123,0,182,0,3,233,0,236,0,62,356,0,418,50,0,50,468
01/10/2005,APF,FL,ASO,ES,Federal Contract Tower,0,49,79,0,128,0,2,208,0,210,0,51,287,0,338,120,0,120,458
01/11/2005,APF,FL,ASO,ES,Federal Contract Tower,0,52,102,0,154,0,0,248,0,248,0,52,350,0,402,144,0,144,546
01/12/2005,APF,FL,ASO,ES,Federal Contract Tower,0,41,127,0,168,0,8,230,0,238,0,49,357,0,406,168,0,168,574
01/13/2005,APF,FL,ASO,ES,Federal Contract Tower,0,58,123,2,183,0,0,99,0,99,0,58,222,2,282,92,0,92,374
01/14/2005,APF,FL,ASO,ES,Federal Contract Tower,0,59,121,0,180,0,1,36,0,37,0,60,157,0,217,42,0,42,259
01/15/2005,APF,FL,ASO,ES,Federal Contract Tower,0,49,134,0,183,0,0,86,0,86,0,49,220,0,269,294,0,294,563
01/16/2005,APF,FL,ASO,ES,Federal Contract Tower,0,60,131,0,191,0,3,70,0,73,0,63,201,0,264,90,0,90,354
01/17/2005,APF,FL,ASO,ES,Federal Contract Tower,0,65,101,0,166,0,1,149,0,150,0,66,250,0,316,120,0,120,436
01/18/2005,APF,FL,ASO,ES,Federal Contract Tower,0,44,127,0,171,0,1,180,0,181,0,45,307,0,352,114,0,114,466
01/19/2005,APF,FL,ASO,ES,Federal Contract Tower,0,55,124,0,179,0,5,205,0,210,0,60,329,0,389,148,0,148,537
01/20/2005,APF,FL,ASO,ES,Federal Contract Tower,0,44,130,0,174,0,1,193,0,194,0,45,323,0,368,220,0,220,588
01/21/2005,APF,FL,ASO,ES,Federal Contract Tower,0,63,140,0,203,0,3,198,0,201,0,66,338,0,404,202,0,202,606
01/22/2005,APF,FL,ASO,ES,Federal Contract Tower,0,41,106,0,147,0,0,214,0,214,0,41,320,0,361,86,0,86,447
01/23/2005,APF,FL,ASO,ES,Federal Contract Tower,0,55,98,0,153,0,1,137,0,138,0,56,235,0,291,171,0,171,462
01/24/2005,APF,FL,ASO,ES,Federal Contract Tower,0,77,112,3,192,0,2,193,1,196,0,79,305,4,388,120,0,120,508
01/25/2005,APF,FL,ASO,ES,Federal Contract Tower,0,43,108,0,151,0,0,243,0,243,0,43,351,0,394,184,0,184,578
01/26/2005,APF,FL,ASO,ES,Federal Contract Tower,0,54,112,0,166,0,2,225,0,227,0,56,337,0,393,148,0,148,541
01/27/2005,APF,FL,ASO,ES,Federal Contract Tower,0,52,144,0,196,0,2,194,0,196,0,54,338,0,392,236,0,236,628
01/28/2005,APF,FL,ASO,ES,Federal Contract Tower,0,54,144,1,199,0,3,157,0,160,0,57,301,1,359,182,0,182,541
01/29/2005,APF,FL,ASO,ES,Federal Contract Tower,0,29,85,0,114,0,2,231,0,233,0,31,316,0,347,280,0,280,627
01/30/2005,APF,FL,ASO,ES,Federal Contract Tower,0,64,151,2,217,0,1,200,0,201,0,65,351,2,418,104,0,104,522
01/31/2005,APF,FL,ASO,ES,Federal Contract Tower,0,57,137,0,194,0,1,218,0,219,0,58,355,0,413,182,0,182,595
02/01/2005,APF,FL,ASO,ES,Federal Contract Tower,0,64,121,0,185,0,4,274,0,278,0,68,395,0,463,152,0,152,615
02/02/2005,APF,FL,ASO,ES,Federal Contract Tower,0,54,143,0,197,0,0,158,0,158,0,54,301,0,355,112,0,112,467
02/03/2005,APF,FL,ASO,ES,Federal Contract Tower,0,62,141,0,203,0,0,196,0,196,0,62,337,0,399,230,0,230,629
02/04/2005,APF,FL,ASO,ES,Federal Contract Tower,0,59,134,1,194,0,0,44,0,44,0,59,178,1,238,70,0,70,308
02/05/2005,APF,FL,ASO,ES,Federal Contract Tower,0,48,106,0,154,0,4,298,0,302,0,52,404,0,456,98,0,98,554
02/06/2005,APF,FL,ASO,ES,Federal Contract Tower,0,75,140,0,215,0,1,242,0,243,0,76,382,0,458,150,0,150,608
02/07/2005,APF,FL,ASO,ES,Federal Contract Tower,0,66,146,0,212,0,3,206,0,209,0,69,352,0,421,130,0,130,551
02/08/2005,APF,FL,ASO,ES,Federal Contract Tower,0,39,100,0,139,0,9,233,0,242,0,48,333,0,381,304,0,304,685
02/09/2005,APF,FL,ASO,ES,Federal Contract Tower,0,44,170,0,214,0,0,205,0,205,0,44,375,0,419,294,0,294,713
02/10/2005,APF,FL,ASO,ES,Federal Contract Tower,0,58,171,0,229,0,1,201,0,202,0,59,372,0,431,140,0,140,571
02/11/2005,APF,FL,ASO,ES,Federal Contract Tower,0,65,175,0,240,0,0,218,1,219,0,65,393,1,459,114,0,114,573
02/12/2005,APF,FL,ASO,ES,Federal Contract Tower,0,49,114,0,163,0,0,181,0,181,0,49,295,0,344,258,0,258,602
02/13/2005,APF,FL,ASO,ES,Federal Contract Tower,0,64,116,2,182,0,2,233,2,237,0,66,349,4,419,114,0,114,533
02/14/2005,APF,FL,ASO,ES,Federal Contract Tower,0,46,105,0,151,0,3,243,0,246,0,49,348,0,397,166,0,166,563
02/15/2005,APF,FL,ASO,ES,Federal Contract Tower,0,61,127,0,188,0,5,288,0,293,0,66,415,0,481,192,0,192,673
02/16/2005,APF,FL,ASO,ES,Federal Contract Tower,0,63,169,0,232,0,3,240,0,243,0,66,409,0,475,138,0,138,613
02/17/2005,APF,FL,ASO,ES,Federal Contract Tower,0,84,199,0,283,0,0,211,0,211,0,84,410,0,494,100,0,100,594
02/18/2005,APF,FL,ASO,ES,Federal Contract Tower,0,87,237,0,324,0,3,296,0,299,0,90,533,0,623,110,0,110,733
02/19/2005,APF,FL,ASO,ES,Federal Contract Tower,0,83,82,0,165,0,0,224,0,224,0,83,306,0,389,146,0,146,535
02/20/2005,APF,FL,ASO,ES,Federal Contract Tower,0,84,163,0,247,0,0,306,0,306,0,84,469,0,553,54,0,54,607
02/21/2005,APF,FL,ASO,ES,Federal Contract Tower,0,49,141,0,190,0,3,194,0,197,0,52,335,0,387,156,0,156,543
02/22/2005,APF,FL,ASO,ES,Federal Contract Tower,0,82,161,0,243,0,4,286,0,290,0,86,447,0,533,180,0,180,713
02/23/2005,APF,FL,ASO,ES,Federal Contract Tower,0,49,134,0,183,0,1,207,0,208,0,50,341,0,391,236,0,236,627
02/24/2005,APF,FL,ASO,ES,Federal Contract Tower,0,68,169,0,237,0,0,150,0,150,0,68,319,0,387,244,0,244,631
02/25/2005,APF,FL,ASO,ES,Federal Contract Tower,0,67,136,0,203,0,0,27,0,27,0,67,163,0,230,4,0,4,234
02/26/2005,APF,FL,ASO,ES,Federal Contract Tower,0,71,136,0,207,0,1,125,3,129,0,72,261,3,336,166,6,172,508
02/27/2005,APF,FL,ASO,ES,Federal Contract Tower,0,93,134,0,227,0,3,86,0,89,0,96,220,0,316,38,0,38,354
02/28/2005,APF,FL,ASO,ES,Federal Contract Tower,0,62,109,2,173,0,0,151,0,151,0,62,260,2,324,82,8,90,414
03/01/2005,APF,FL,ASO,ES,Federal Contract Tower,0,35,97,0,132,0,7,241,0,248,0,42,338,0,380,190,0,190,570
03/02/2005,APF,FL,ASO,ES,Federal Contract Tower,0,58,126,0,184,0,1,275,0,276,0,59,401,0,460,226,0,226,686
03/03/2005,APF,FL,ASO,ES,Federal Contract Tower,0,62,161,0,223,0,2,196,0,198,0,64,357,0,421,282,0,282,703
03/04/2005,APF,FL,ASO,ES,Federal Contract Tower,0,74,127,0,201,0,2,246,0,248,0,76,373,0,449,262,0,262,711
03/05/2005,APF,FL,ASO,ES,Federal Contract Tower,0,50,90,0,140,0,1,315,0,316,0,51,405,0,456,148,0,148,604
03/06/2005,APF,FL,ASO,ES,Federal Contract Tower,0,68,161,0,229,0,1,257,0,258,0,69,418,0,487,162,0,162,649
03/07/2005,APF,FL,ASO,ES,Federal Contract Tower,0,73,136,0,209,0,5,228,0,233,0,78,364,0,442,248,0,248,690
03/08/2005,APF,FL,ASO,ES,Federal Contract Tower,0,71,107,0,178,0,1,84,0,85,0,72,191,0,263,110,0,110,373
03/09/2005,APF,FL,ASO,ES,Federal Contract Tower,0,49,148,0,197,0,0,23,0,23,0,49,171,0,220,18,0,18,238
03/10/2005,APF,FL,ASO,ES,Federal Contract Tower,0,59,141,0,200,0,0,267,0,267,0,59,408,0,467,198,0,198,665
03/11/2005,APF,FL,ASO,ES,Federal Contract Tower,0,50,180,0,230,0,0,226,0,226,0,50,406,0,456,202,0,202,658
03/12/2005,APF,FL,ASO,ES,Federal Contract Tower,0,55,86,0,141,0,0,274,0,274,0,55,360,0,415,146,0,146,561
03/13/2005,APF,FL,ASO,ES,Federal Contract Tower,0,83,159,0,242,0,0,234,0,234,0,83,393,0,476,80,0,80,556
03/14/2005,APF,FL,ASO,ES,Federal Contract Tower,0,65,122,0,187,0,2,217,0,219,0,67,339,0,406,200,0,200,606
03/15/2005,APF,FL,ASO,ES,Federal Contract Tower,0,58,139,0,197,0,0,191,0,191,0,58,330,0,388,222,0,222,610
03/16/2005,APF,FL,ASO,ES,Federal Contract Tower,0,68,128,0,196,0,1,119,0,120,0,69,247,0,316,76,0,76,392
03/17/2005,APF,FL,ASO,ES,Federal Contract Tower,0,29,96,0,125,0,0,25,0,25,0,29,121,0,150,50,0,50,200
03/18/2005,APF,FL,ASO,ES,Federal Contract Tower,0,80,214,0,294,0,1,288,0,289,0,81,502,0,583,168,0,168,751
03/19/2005,APF,FL,ASO,ES,Federal Contract Tower,0,71,132,0,203,0,0,302,4,306,0,71,434,4,509,106,0,106,615
03/20/2005,APF,FL,ASO,ES,Federal Contract Tower,0,78,150,0,228,0,0,289,4,293,0,78,439,4,521,94,0,94,615
03/21/2005,APF,FL,ASO,ES,Federal Contract Tower,0,64,146,4,214,0,1,177,0,178,0,65,323,4,392,206,0,206,598
03/22/2005,APF,FL,ASO,ES,Federal Contract Tower,0,69,121,0,190,0,0,129,0,129,0,69,250,0,319,96,0,96,415
03/23/2005,APF,FL,ASO,ES,Federal Contract Tower,0,68,136,0,204,0,0,84,0,84,0,68,220,0,288,170,0,170,458
03/24/2005,APF,FL,ASO,ES,Federal Contract Tower,0,104,263,0,367,0,3,174,0,177,0,107,437,0,544,120,0,120,664
03/25/2005,APF,FL,ASO,ES,Federal Contract Tower,0,96,179,0,275,0,5,155,0,160,0,101,334,0,435,176,0,176,611
03/26/2005,APF,FL,ASO,ES,Federal Contract Tower,0,65,136,0,201,0,0,191,0,191,0,65,327,0,392,80,0,80,472
03/27/2005,APF,FL,ASO,ES,Federal Contract Tower,0,77,134,0,211,0,0,109,0,109,0,77,243,0,320,198,0,198,518
03/28/2005,APF,FL,ASO,ES,Federal Contract Tower,0,101,172,0,273,0,0,84,0,84,0,101,256,0,357,72,0,72,429
03/29/2005,APF,FL,ASO,ES,Federal Contract Tower,0,71,153,0,224,0,0,327,0,327,0,71,480,0,551,238,0,238,789
03/30/2005,APF,FL,ASO,ES,Federal Contract Tower,0,73,106,0,179,0,4,256,0,260,0,77,362,0,439,238,0,238,677
03/31/2005,APF,FL,ASO,ES,Federal Contract Tower,0,69,164,0,233,0,0,257,0,257,0,69,421,0,490,132,0,132,622
04/01/2005,APF,FL,ASO,ES,Federal Contract Tower,0,73,142,0,215,0,2,216,0,218,0,75,358,0,433,180,0,180,613
04/02/2005,APF,FL,ASO,ES,Federal Contract Tower,0,64,150,0,214,0,0,62,0,62,0,64,212,0,276,12,0,12,288
04/03/2005,APF,FL,ASO,ES,Federal Contract Tower,0,93,174,0,267,0,2,298,0,300,0,95,472,0,567,52,0,52,619
04/04/2005,APF,FL,ASO,ES,Federal Contract Tower,0,75,146,2,223,0,2,224,0,226,0,77,370,2,449,162,0,162,611
04/05/2005,APF,FL,ASO,ES,Federal Contract Tower,0,64,115,0,179,0,1,245,0,246,0,65,360,0,425,242,0,242,667
04/06/2005,APF,FL,ASO,ES,Federal Contract Tower,0,65,114,0,179,0,3,233,0,236,0,68,347,0,415,198,0,198,613
04/07/2005,APF,FL,ASO,ES,Federal Contract Tower,0,57,113,0,170,0,1,101,0,102,0,58,214,0,272,186,0,186,458
04/08/2005,APF,FL,ASO,ES,Federal Contract Tower,0,60,171,0,231,0,0,216,0,216,0,60,387,0,447,140,0,140,587
04/09/2005,APF,FL,ASO,ES,Federal Contract Tower,0,37,98,0,135,0,1,232,0,233,0,38,330,0,368,162,0,162,530
04/10/2005,APF,FL,ASO,ES,Federal Contract Tower,0,83,149,0,232,0,2,297,0,299,0,85,446,0,531,86,0,86,617
04/11/2005,APF,FL,ASO,ES,Federal Contract Tower,0,57,96,0,153,0,3,180,0,183,0,60,276,0,336,189,0,189,525
04/12/2005,APF,FL,ASO,ES,Federal Contract Tower,0,53,92,0,145,0,1,275,0,276,0,54,367,0,421,294,0,294,715
04/13/2005,APF,FL,ASO,ES,Federal Contract Tower,0,53,85,0,138,0,2,140,0,142,0,55,225,0,280,134,0,134,414
04/14/2005,APF,FL,ASO,ES,Federal Contract Tower,0,71,104,0,175,0,4,172,0,176,0,75,276,0,351,232,0,232,583
04/15/2005,APF,FL,ASO,ES,Federal Contract Tower,0,66,97,0,163,0,2,241,0,243,0,68,338,0,406,222,0,222,628
04/16/2005,APF,FL,ASO,ES,Federal Contract Tower,0,43,67,0,110,0,0,178,0,178,0,43,245,0,288,192,0,192,480
04/17/2005,APF,FL,ASO,ES,Federal Contract Tower,0,63,112,0,175,0,0,258,0,258,0,63,370,0,433,204,0,204,637
04/18/2005,APF,FL,ASO,ES,Federal Contract Tower,0,56,108,0,164,0,0,216,0,216,0,56,324,0,380,258,0,258,638
04/19/2005,APF,FL,ASO,ES,Federal Contract Tower,0,45,127,0,172,0,2,213,0,215,0,47,340,0,387,242,0,242,629
04/20/2005,APF,FL,ASO,ES,Federal Contract Tower,0,65,135,0,200,0,3,240,0,243,0,68,375,0,443,144,0,144,587
04/21/2005,APF,FL,ASO,ES,Federal Contract Tower,0,62,123,0,185,0,1,215,0,216,0,63,338,0,401,220,0,220,621
04/22/2005,APF,FL,ASO,ES,Federal Contract Tower,0,60,102,0,162,0,6,255,0,261,0,66,357,0,423,262,0,262,685
04/23/2005,APF,FL,ASO,ES,Federal Contract Tower,0,48,55,0,103,0,1,231,0,232,0,49,286,0,335,204,0,204,539
04/24/2005,APF,FL,ASO,ES,Federal Contract Tower,0,51,137,0,188,0,0,181,0,181,0,51,318,0,369,114,0,114,483
04/25/2005,APF,FL,ASO,ES,Federal Contract Tower,0,53,111,0,164,0,0,238,0,238,0,53,349,0,402,124,0,124,526
04/26/2005,APF,FL,ASO,ES,Federal Contract Tower,0,49,96,2,147,0,0,216,0,216,0,49,312,2,363,180,0,180,543
04/27/2005,APF,FL,ASO,ES,Federal Contract Tower,0,51,86,0,137,0,4,93,0,97,0,55,179,0,234,168,0,168,402
04/28/2005,APF,FL,ASO,ES,Federal Contract Tower,0,62,110,0,172,0,2,233,0,235,0,64,343,0,407,204,0,204,611
04/29/2005,APF,FL,ASO,ES,Federal Contract Tower,0,60,114,0,174,0,1,267,2,270,0,61,381,2,444,192,0,192,636
04/30/2005,APF,FL,ASO,ES,Federal Contract Tower,0,49,47,0,96,0,0,246,0,246,0,49,293,0,342,228,0,228,570
05/01/2005,APF,FL,ASO,ES,Federal Contract Tower,0,64,113,0,177,0,0,95,0,95,0,64,208,0,272,124,0,124,396
05/02/2005,APF,FL,ASO,ES,Federal Contract Tower,0,31,109,0,140,0,0,204,0,204,0,31,313,0,344,220,0,220,564
05/03/2005,APF,FL,ASO,ES,Federal Contract Tower,0,30,103,0,133,0,2,124,0,126,0,32,227,0,259,172,0,172,431
05/04/2005,APF,FL,ASO,ES,Federal Contract Tower,0,17,89,0,106,0,0,79,0,79,0,17,168,0,185,122,0,122,307
05/05/2005,APF,FL,ASO,ES,Federal Contract Tower,0,35,103,0,138,0,1,83,0,84,0,36,186,0,222,124,0,124,346
05/06/2005,APF,FL,ASO,ES,Federal Contract Tower,0,30,93,0,123,0,2,193,0,195,0,32,286,0,318,164,0,164,482
05/07/2005,APF,FL,ASO,ES,Federal Contract Tower,0,19,67,1,87,0,0,279,0,279,0,19,346,1,366,158,0,158,524
05/08/2005,APF,FL,ASO,ES,Federal Contract Tower,0,30,66,0,96,0,0,264,0,264,0,30,330,0,360,132,0,132,492
05/09/2005,APF,FL,ASO,ES,Federal Contract Tower,0,27,78,0,105,0,2,157,0,159,0,29,235,0,264,206,0,206,470
05/10/2005,APF,FL,ASO,ES,Federal Contract Tower,0,24,80,2,106,0,0,217,0,217,0,24,297,2,323,216,0,216,539
05/11/2005,APF,FL,ASO,ES,Federal Contract Tower,0,34,77,0,111,0,0,222,0,222,0,34,299,0,333,134,0,134,467
05/12/2005,APF,FL,ASO,ES,Federal Contract Tower,0,32,95,2,129,0,0,204,0,204,0,32,299,2,333,264,0,264,597
05/13/2005,APF,FL,ASO,ES,Federal Contract Tower,0,35,80,0,115,0,2,202,0,204,0,37,282,0,319,194,0,194,513
05/14/2005,APF,FL,ASO,ES,Federal Contract Tower,0,19,61,0,80,0,0,233,0,233,0,19,294,0,313,204,0,204,517
05/15/2005,APF,FL,ASO,ES,Federal Contract Tower,0,35,88,1,124,0,0,226,1,227,0,35,314,2,351,112,0,112,463
05/16/2005,APF,FL,ASO,ES,Federal Contract Tower,0,27,73,0,100,0,1,222,0,223,0,28,295,0,323,204,0,204,527
05/17/2005,APF,FL,ASO,ES,Federal Contract Tower,0,19,55,0,74,0,0,238,2,240,0,19,293,2,314,136,0,136,450
05/18/2005,APF,FL,ASO,ES,Federal Contract Tower,0,24,83,0,107,0,2,205,0,207,0,26,288,0,314,114,0,114,428
05/19/2005,APF,FL,ASO,ES,Federal Contract Tower,0,21,99,0,120,0,0,177,0,177,0,21,276,0,297,152,0,152,449
05/20/2005,APF,FL,ASO,ES,Federal Contract Tower,0,25,93,0,118,0,0,215,0,215,0,25,308,0,333,234,0,234,567
05/21/2005,APF,FL,ASO,ES,Federal Contract Tower,0,26,68,2,96,0,0,175,0,175,0,26,243,2,271,164,0,164,435
05/22/2005,APF,FL,ASO,ES,Federal Contract Tower,0,24,89,0,113,0,0,169,0,169,0,24,258,0,282,126,0,126,408
05/23/2005,APF,FL,ASO,ES,Federal Contract Tower,0,20,72,0,92,0,0,154,0,154,0,20,226,0,246,160,0,160,406
05/24/2005,APF,FL,ASO,ES,Federal Contract Tower,0,21,81,0,102,0,0,150,0,150,0,21,231,0,252,148,0,148,400
05/25/2005,APF,FL,ASO,ES,Federal Contract Tower,0,18,116,0,134,0,0,143,0,143,0,18,259,0,277,178,0,178,455
05/26/2005,APF,FL,ASO,ES,Federal Contract Tower,0,28,147,0,175,0,0,219,0,219,0,28,366,0,394,144,0,144,538
05/27/2005,APF,FL,ASO,ES,Federal Contract Tower,0,33,101,1,135,0,1,228,0,229,0,34,329,1,364,232,0,232,596
05/28/2005,APF,FL,ASO,ES,Federal Contract Tower,0,20,58,1,79,0,0,298,0,298,0,20,356,1,377,184,0,184,561
05/29/2005,APF,FL,ASO,ES,Federal Contract Tower,0,15,60,0,75,0,1,153,0,154,0,16,213,0,229,76,0,76,305
05/30/2005,APF,FL,ASO,ES,Federal Contract Tower,0,41,73,0,114,0,0,181,0,181,0,41,254,0,295,130,0,130,425
05/31/2005,APF,FL,ASO,ES,Federal Contract Tower,0,21,78,0,99,0,0,117,0,117,0,21,195,0,216,112,0,112,328
06/01/2005,APF,FL,ASO,ES,Federal Contract Tower,0,27,60,0,87,0,4,63,0,67,0,31,123,0,154,124,0,124,278
06/02/2005,APF,FL,ASO,ES,Federal Contract Tower,0,31,51,0,82,0,0,86,0,86,0,31,137,0,168,152,0,152,320
06/03/2005,APF,FL,ASO,ES,Federal Contract Tower,0,21,61,0,82,0,1,7,0,8,0,22,68,0,90,0,0,0,90
06/04/2005,APF,FL,ASO,ES,Federal Contract Tower,0,17,82,0,99,0,0,98,0,98,0,17,180,0,197,140,0,140,337
06/05/2005,APF,FL,ASO,ES,Federal Contract Tower,0,20,51,0,71,0,0,124,0,124,0,20,175,0,195,190,0,190,385
06/06/2005,APF,FL,ASO,ES,Federal Contract Tower,0,19,51,0,70,0,0,179,0,179,0,19,230,0,249,184,0,184,433
06/07/2005,APF,FL,ASO,ES,Federal Contract Tower,0,21,59,0,80,0,0,186,0,186,0,21,245,0,266,150,0,150,416
06/08/2005,APF,FL,ASO,ES,Federal Contract Tower,0,21,64,0,85,0,1,147,0,148,0,22,211,0,233,36,0,36,269
06/09/2005,APF,FL,ASO,ES,Federal Contract Tower,0,28,62,0,90,0,8,171,0,179,0,36,233,0,269,156,0,156,425
06/10/2005,APF,FL,ASO,ES,Federal Contract Tower,0,31,44,0,75,0,0,3,0,3,0,31,47,0,78,0,0,0,78
06/11/2005,APF,FL,ASO,ES,Federal Contract Tower,0,19,37,0,56,0,0,53,0,53,0,19,90,0,109,20,0,20,129
06/12/2005,APF,FL,ASO,ES,Federal Contract Tower,0,19,75,0,94,0,0,81,0,81,0,19,156,0,175,66,0,66,241
06/13/2005,APF,FL,ASO,ES,Federal Contract Tower,0,20,62,0,82,0,1,254,0,255,0,21,316,0,337,216,0,216,553
06/14/2005,APF,FL,ASO,ES,Federal Contract Tower,0,20,71,0,91,0,0,171,2,173,0,20,242,2,264,134,0,134,398
06/15/2005,APF,FL,ASO,ES,Federal Contract Tower,0,24,68,0,92,0,0,207,0,207,0,24,275,0,299,214,0,214,513
06/16/2005,APF,FL,ASO,ES,Federal Contract Tower,0,22,68,0,90,0,1,186,0,187,0,23,254,0,277,200,0,200,477
06/17/2005,APF,FL,ASO,ES,Federal Contract Tower,0,21,55,0,76,0,1,155,0,156,0,22,210,0,232,88,0,88,320
06/18/2005,APF,FL,ASO,ES,Federal Contract Tower,0,13,41,0,54,0,0,174,0,174,0,13,215,0,228,130,0,130,358
06/19/2005,APF,FL,ASO,ES,Federal Contract Tower,0,15,58,0,73,0,0,155,0,155,0,15,213,0,228,76,0,76,304
06/20/2005,APF,FL,ASO,ES,Federal Contract Tower,0,22,67,0,89,0,1,61,2,64,0,23,128,2,153,24,0,24,177
06/21/2005,APF,FL,ASO,ES,Federal Contract Tower,0,17,60,0,77,0,0,98,6,104,0,17,158,6,181,168,0,168,349
06/22/2005,APF,FL,ASO,ES,Federal Contract Tower,0,11,48,0,59,0,0,65,0,65,0,11,113,0,124,90,0,90,214
06/23/2005,APF,FL,ASO,ES,Federal Contract Tower,0,22,84,0,106,0,0,131,0,131,0,22,215,0,237,182,0,182,419
06/24/2005,APF,FL,ASO,ES,Federal Contract Tower,0,22,82,0,104,0,0,174,0,174,0,22,256,0,278,146,0,146,424
06/25/2005,APF,FL,ASO,ES,Federal Contract Tower,0,16,58,0,74,0,0,197,0,197,0,16,255,0,271,166,0,166,437
06/26/2005,APF,FL,ASO,ES,Federal Contract Tower,0,26,75,0,101,0,0,161,0,161,0,26,236,0,262,82,0,82,344
06/27/2005,APF,FL,ASO,ES,Federal Contract Tower,0,19,54,0,73,0,0,109,0,109,0,19,163,0,182,110,0,110,292
06/28/2005,APF,FL,ASO,ES,Federal Contract Tower,0,15,53,0,68,0,0,108,2,110,0,15,161,2,178,66,0,66,244
06/29/2005,APF,FL,ASO,ES,Federal Contract Tower,0,24,67,0,91,0,1,146,0,147,0,25,213,0,238,90,0,90,328
06/30/2005,APF,FL,ASO,ES,Federal Contract Tower,0,19,61,0,80,0,0,150,0,150,0,19,211,0,230,212,0,212,442
07/01/2005,APF,FL,ASO,ES,Federal Contract Tower,0,15,64,0,79,0,0,119,0,119,0,15,183,0,198,166,0,166,364
07/02/2005,APF,FL,ASO,ES,Federal Contract Tower,0,11,45,0,56,0,0,221,0,221,0,11,266,0,277,188,0,188,465
07/03/2005,APF,FL,ASO,ES,Federal Contract Tower,0,12,35,0,47,0,0,182,0,182,0,12,217,0,229,86,0,86,315
07/04/2005,APF,FL,ASO,ES,Federal Contract Tower,0,8,34,0,42,0,0,79,0,79,0,8,113,0,121,16,0,16,137
07/05/2005,APF,FL,ASO,ES,Federal Contract Tower,0,24,51,0,75,0,0,164,0,164,0,24,215,0,239,148,0,148,387
07/06/2005,APF,FL,ASO,ES,Federal Contract Tower,0,20,55,0,75,0,1,205,0,206,0,21,260,0,281,176,0,176,457
07/07/2005,APF,FL,ASO,ES,Federal Contract Tower,0,18,61,0,79,0,0,182,0,182,0,18,243,0,261,106,0,106,367
07/08/2005,APF,FL,ASO,ES,Federal Contract Tower,0,18,45,0,63,0,0,84,0,84,0,18,129,0,147,50,0,50,197
07/09/2005,APF,FL,ASO,ES,Federal Contract Tower,0,0,1,0,1,0,0,0,0,0,0,0,1,0,1,0,0,0,1
07/10/2005,APF,FL,ASO,ES,Federal Contract Tower,0,6,27,0,33,0,0,3,0,3,0,6,30,0,36,0,0,0,36
07/11/2005,APF,FL,ASO,ES,Federal Contract Tower,0,15,57,0,72,0,0,130,0,130,0,15,187,0,202,276,0,276,478
07/12/2005,APF,FL,ASO,ES,Federal Contract Tower,0,12,36,0,48,0,0,162,0,162,0,12,198,0,210,168,0,168,378
07/13/2005,APF,FL,ASO,ES,Federal Contract Tower,0,18,48,0,66,0,0,204,0,204,0,18,252,0,270,200,0,200,470
07/14/2005,APF,FL,ASO,ES,Federal Contract Tower,0,15,62,0,77,0,0,166,0,166,0,15,228,0,243,214,0,214,457
07/15/2005,APF,FL,ASO,ES,Federal Contract Tower,0,21,65,0,86,0,0,144,0,144,0,21,209,0,230,256,0,256,486
07/16/2005,APF,FL,ASO,ES,Federal Contract Tower,0,12,38,0,50,0,0,196,0,196,0,12,234,0,246,244,0,244,490
07/17/2005,APF,FL,ASO,ES,Federal Contract Tower,0,10,53,0,63,0,0,196,0,196,0,10,249,0,259,184,0,184,443
07/18/2005,APF,FL,ASO,ES,Federal Contract Tower,0,17,53,0,70,0,0,174,0,174,0,17,227,0,244,198,0,198,442
07/19/2005,APF,FL,ASO,ES,Federal Contract Tower,0,9,43,0,52,0,0,166,0,166,0,9,209,0,218,176,0,176,394
07/20/2005,APF,FL,ASO,ES,Federal Contract Tower,0,13,70,0,83,0,0,162,0,162,0,13,232,0,245,172,0,172,417
07/21/2005,APF,FL,ASO,ES,Federal Contract Tower,0,15,78,0,93,0,0,218,0,218,0,15,296,0,311,268,0,268,579
07/22/2005,APF,FL,ASO,ES,Federal Contract Tower,0,11,76,0,87,0,0,212,0,212,0,11,288,0,299,188,0,188,487
07/23/2005,APF,FL,ASO,ES,Federal Contract Tower,0,13,40,0,53,0,0,151,0,151,0,13,191,0,204,154,0,154,358
07/24/2005,APF,FL,ASO,ES,Federal Contract Tower,0,14,61,0,75,0,0,177,2,179,0,14,238,2,254,168,0,168,422
07/25/2005,APF,FL,ASO,ES,Federal Contract Tower,0,15,60,0,75,0,1,204,0,205,0,16,264,0,280,210,0,210,490
07/26/2005,APF,FL,ASO,ES,Federal Contract Tower,0,17,55,0,72,0,0,210,0,210,0,17,265,0,282,148,0,148,430
07/27/2005,APF,FL,ASO,ES,Federal Contract Tower,0,15,73,0,88,0,0,203,0,203,0,15,276,0,291,350,0,350,641
07/28/2005,APF,FL,ASO,ES,Federal Contract Tower,0,20,63,0,83,0,0,108,0,108,0,20,171,0,191,274,0,274,465
07/29/2005,APF,FL,ASO,ES,Federal Contract Tower,0,13,68,0,81,0,0,165,0,165,0,13,233,0,246,264,5,269,515
07/30/2005,APF,FL,ASO,ES,Federal Contract Tower,0,8,51,0,59,0,0,185,0,185,0,8,236,0,244,210,0,210,454
07/31/2005,APF,FL,ASO,ES,Federal Contract Tower,0,13,49,0,62,0,0,152,0,152,0,13,201,0,214,116,0,116,330
08/01/2005,APF,FL,ASO,ES,Federal Contract Tower,0,16,58,0,74,0,0,164,0,164,0,16,222,0,238,168,0,168,406
08/02/2005,APF,FL,ASO,ES,Federal Contract Tower,0,14,49,0,63,0,0,198,0,198,0,14,247,0,261,160,0,160,421
08/03/2005,APF,FL,ASO,ES,Federal Contract Tower,0,15,60,1,76,0,0,176,1,177,0,15,236,2,253,208,0,208,461
08/04/2005,APF,FL,ASO,ES,Federal Contract Tower,0,16,63,0,79,0,0,177,0,177,0,16,240,0,256,174,0,174,430
08/05/2005,APF,FL,ASO,ES,Federal Contract Tower,0,13,62,0,75,0,0,159,0,159,0,13,221,0,234,156,0,156,390
08/06/2005,APF,FL,ASO,ES,Federal Contract Tower,0,9,45,0,54,0,0,211,0,211,0,9,256,0,265,202,0,202,467
08/07/2005,APF,FL,ASO,ES,Federal Contract Tower,0,17,54,1,72,0,1,157,0,158,0,18,211,1,230,92,0,92,322
08/08/2005,APF,FL,ASO,ES,Federal Contract Tower,0,12,55,0,67,0,0,187,0,187,0,12,242,0,254,248,0,248,502
08/09/2005,APF,FL,ASO,ES,Federal Contract Tower,0,16,70,0,86,0,0,199,0,199,0,16,269,0,285,234,0,234,519
08/10/2005,APF,FL,ASO,ES,Federal Contract Tower,0,9,77,0,86,0,0,202,0,202,0,9,279,0,288,250,0,250,538
08/11/2005,APF,FL,ASO,ES,Federal Contract Tower,0,15,60,0,75,0,0,183,0,183,0,15,243,0,258,132,0,132,390
08/12/2005,APF,FL,ASO,ES,Federal Contract Tower,0,13,71,0,84,0,0,164,2,166,0,13,235,2,250,164,0,164,414
08/13/2005,APF,FL,ASO,ES,Federal Contract Tower,0,6,43,0,49,0,1,174,0,175,0,7,217,0,224,196,0,196,420
08/14/2005,APF,FL,ASO,ES,Federal Contract Tower,0,15,49,0,64,0,0,141,0,141,0,15,190,0,205,112,0,112,317
08/15/2005,APF,FL,ASO,ES,Federal Contract Tower,0,17,41,0,58,0,0,156,0,156,0,17,197,0,214,142,0,142,356
08/16/2005,APF,FL,ASO,ES,Federal Contract Tower,0,16,54,0,70,0,0,168,0,168,0,16,222,0,238,152,0,152,390
08/17/2005,APF,FL,ASO,ES,Federal Contract Tower,0,14,48,0,62,0,0,168,0,168,0,14,216,0,230,138,0,138,368
08/18/2005,APF,FL,ASO,ES,Federal Contract Tower,0,18,57,4,79,0,0,167,0,167,0,18,224,4,246,97,0,97,343
08/19/2005,APF,FL,ASO,ES,Federal Contract Tower,0,13,67,0,80,0,0,180,0,180,0,13,247,0,260,212,0,212,472
08/20/2005,APF,FL,ASO,ES,Federal Contract Tower,0,7,45,0,52,0,0,206,0,206,0,7,251,0,258,229,0,229,487
08/21/2005,APF,FL,ASO,ES,Federal Contract Tower,0,13,53,0,66,0,1,121,0,122,0,14,174,0,188,86,0,86,274
08/22/2005,APF,FL,ASO,ES,Federal Contract Tower,0,18,45,0,63,0,0,124,0,124,0,18,169,0,187,154,0,154,341
08/23/2005,APF,FL,ASO,ES,Federal Contract Tower,0,14,50,0,64,0,0,162,0,162,0,14,212,0,226,124,0,124,350
08/24/2005,APF,FL,ASO,ES,Federal Contract Tower,0,15,59,0,74,0,0,118,0,118,0,15,177,0,192,134,0,134,326
08/25/2005,APF,FL,ASO,ES,Federal Contract Tower,0,20,45,0,65,0,2,91,0,93,0,22,136,0,158,40,0,40,198
08/26/2005,APF,FL,ASO,ES,Federal Contract Tower,0,10,10,0,20,0,0,0,0,0,0,10,10,0,20,0,0,0,20
08/27/2005,APF,FL,ASO,ES,Federal Contract Tower,0,9,17,0,26,0,0,31,0,31,0,9,48,0,57,10,0,10,67
08/28/2005,APF,FL,ASO,ES,Federal Contract Tower,0,16,31,0,47,0,0,89,0,89,0,16,120,0,136,76,0,76,212
08/29/2005,APF,FL,ASO,ES,Federal Contract Tower,0,16,44,0,60,0,0,152,0,152,0,16,196,0,212,78,0,78,290
08/30/2005,APF,FL,ASO,ES,Federal Contract Tower,0,15,79,0,94,0,0,149,0,149,0,15,228,0,243,164,0,164,407
08/31/2005,APF,FL,ASO,ES,Federal Contract Tower,0,26,73,1,100,0,0,137,1,138,0,26,210,2,238,96,0,96,334
09/01/2005,APF,FL,ASO,ES,Federal Contract Tower,0,23,70,0,93,0,0,158,0,158,0,23,228,0,251,44,0,44,295
09/02/2005,APF,FL,ASO,ES,Federal Contract Tower,0,20,74,0,94,0,0,185,0,185,0,20,259,0,279,116,0,116,395
09/03/2005,APF,FL,ASO,ES,Federal Contract Tower,0,12,35,0,47,0,0,129,0,129,0,12,164,0,176,64,0,64,240
09/04/2005,APF,FL,ASO,ES,Federal Contract Tower,0,5,33,0,38,0,0,111,0,111,0,5,144,0,149,90,0,90,239
09/05/2005,APF,FL,ASO,ES,Federal Contract Tower,0,20,55,0,75,0,0,133,0,133,0,20,188,0,208,126,0,126,334
09/06/2005,APF,FL,ASO,ES,Federal Contract Tower,0,19,74,0,93,0,0,164,0,164,0,19,238,0,257,132,0,132,389
09/07/2005,APF,FL,ASO,ES,Federal Contract Tower,0,22,62,0,84,0,0,122,2,124,0,22,184,2,208,168,0,168,376
09/08/2005,APF,FL,ASO,ES,Federal Contract Tower,0,21,50,0,71,0,0,125,0,125,0,21,175,0,196,122,0,122,318
09/09/2005,APF,FL,ASO,ES,Federal Contract Tower,0,13,83,0,96,0,0,188,0,188,0,13,271,0,284,142,0,142,426
09/10/2005,APF,FL,ASO,ES,Federal Contract Tower,0,7,35,0,42,0,0,149,0,149,0,7,184,0,191,138,0,138,329
09/11/2005,APF,FL,ASO,ES,Federal Contract Tower,0,16,48,0,64,0,0,131,0,131,0,16,179,0,195,36,0,36,231
09/12/2005,APF,FL,ASO,ES,Federal Contract Tower,0,19,43,0,62,0,0,133,0,133,0,19,176,0,195,126,0,126,321
09/13/2005,APF,FL,ASO,ES,Federal Contract Tower,0,13,63,0,76,0,0,181,0,181,0,13,244,0,257,212,0,212,469
09/14/2005,APF,FL,ASO,ES,Federal Contract Tower,0,24,73,0,97,0,0,180,0,180,0,24,253,0,277,170,0,170,447
09/15/2005,APF,FL,ASO,ES,Federal Contract Tower,0,29,76,0,105,0,1,175,0,176,0,30,251,0,281,134,0,134,415
09/16/2005,APF,FL,ASO,ES,Federal Contract Tower,0,28,85,0,113,0,0,105,0,105,0,28,190,0,218,174,0,174,392
09/17/2005,APF,FL,ASO,ES,Federal Contract Tower,0,13,40,0,53,0,0,138,0,138,0,13,178,0,191,110,0,110,301
09/18/2005,APF,FL,ASO,ES,Federal Contract Tower,0,16,55,0,71,0,1,122,0,123,0,17,177,0,194,155,0,155,349
09/19/2005,APF,FL,ASO,ES,Federal Contract Tower,0,19,59,0,78,0,2,111,0,113,0,21,170,0,191,94,0,94,285
09/20/2005,APF,FL,ASO,ES,Federal Contract Tower,0,8,21,0,29,0,0,5,0,5,0,8,26,0,34,4,0,4,38
09/21/2005,APF,FL,ASO,ES,Federal Contract Tower,0,21,50,0,71,0,0,76,0,76,0,21,126,0,147,122,0,122,269
09/22/2005,APF,FL,ASO,ES,Federal Contract Tower,0,21,46,0,67,0,0,102,0,102,0,21,148,0,169,128,0,128,297
09/23/2005,APF,FL,ASO,ES,Federal Contract Tower,0,16,56,0,72,0,0,93,0,93,0,16,149,0,165,204,0,204,369
09/24/2005,APF,FL,ASO,ES,Federal Contract Tower,0,14,35,0,49,0,0,207,0,207,0,14,242,0,256,144,0,144,400
09/25/2005,APF,FL,ASO,ES,Federal Contract Tower,0,12,49,0,61,0,0,112,0,112,0,12,161,0,173,24,0,24,197
09/26/2005,APF,FL,ASO,ES,Federal Contract Tower,0,19,58,0,77,0,0,122,0,122,0,19,180,0,199,66,0,66,265
09/27/2005,APF,FL,ASO,ES,Federal Contract Tower,0,19,42,0,61,0,0,153,0,153,0,19,195,0,214,176,0,176,390
09/28/2005,APF,FL,ASO,ES,Federal Contract Tower,0,20,42,0,62,0,0,153,0,153,0,20,195,0,215,194,0,194,409
09/29/2005,APF,FL,ASO,ES,Federal Contract Tower,0,18,56,0,74,0,0,141,0,141,0,18,197,0,215,112,0,112,327
09/30/2005,APF,FL,ASO,ES,Federal Contract Tower,0,23,73,0,96,0,0,90,0,90,0,23,163,0,186,90,0,90,276
10/01/2005,APF,FL,ASO,ES,Federal Contract Tower,0,14,50,0,64,0,0,116,2,118,0,14,166,2,182,66,0,66,248
10/02/2005,APF,FL,ASO,ES,Federal Contract Tower,0,17,39,0,56,0,0,113,0,113,0,17,152,0,169,38,0,38,207
10/03/2005,APF,FL,ASO,ES,Federal Contract Tower,0,16,56,2,74,0,0,128,0,128,0,16,184,2,202,122,0,122,324
10/04/2005,APF,FL,ASO,ES,Federal Contract Tower,0,24,70,0,94,0,0,72,0,72,0,24,142,0,166,94,0,94,260
10/05/2005,APF,FL,ASO,ES,Federal Contract Tower,0,20,75,0,95,0,1,156,0,157,0,21,231,0,252,176,0,176,428
10/06/2005,APF,FL,ASO,ES,Federal Contract Tower,0,32,74,0,106,0,0,52,0,52,0,32,126,0,158,84,0,84,242
10/07/2005,APF,FL,ASO,ES,Federal Contract Tower,0,22,87,0,109,0,0,92,0,92,0,22,179,0,201,166,0,166,367
10/08/2005,APF,FL,ASO,ES,Federal Contract Tower,0,24,49,0,73,0,0,98,0,98,0,24,147,0,171,116,0,116,287
10/09/2005,APF,FL,ASO,ES,Federal Contract Tower,0,19,70,0,89,0,0,100,0,100,0,19,170,0,189,64,0,64,253
10/10/2005,APF,FL,ASO,ES,Federal Contract Tower,0,22,89,0,111,0,0,108,0,108,0,22,197,0,219,174,0,174,393
10/11/2005,APF,FL,ASO,ES,Federal Contract Tower,0,20,90,0,110,0,2,70,0,72,0,22,160,0,182,92,0,92,274
10/12/2005,APF,FL,ASO,ES,Federal Contract Tower,0,31,80,0,111,0,0,132,0,132,0,31,212,0,243,162,0,162,405
10/13/2005,APF,FL,ASO,ES,Federal Contract Tower,0,25,96,0,121,0,0,171,0,171,0,25,267,0,292,110,0,110,402
10/14/2005,APF,FL,ASO,ES,Federal Contract Tower,0,29,64,0,93,0,0,160,0,160,0,29,224,0,253,150,0,150,403
10/15/2005,APF,FL,ASO,ES,Federal Contract Tower,0,23,57,0,80,0,0,147,0,147,0,23,204,0,227,178,0,178,405
10/16/2005,APF,FL,ASO,ES,Federal Contract Tower,0,22,61,0,83,0,0,105,0,105,0,22,166,0,188,66,0,66,254
10/17/2005,APF,FL,ASO,ES,Federal Contract Tower,0,31,52,0,83,0,0,230,0,230,0,31,282,0,313,188,0,188,501
10/18/2005,APF,FL,ASO,ES,Federal Contract Tower,0,31,102,0,133,0,6,202,0,208,0,37,304,0,341,272,0,272,613
10/19/2005,APF,FL,ASO,ES,Federal Contract Tower,0,43,92,0,135,0,0,143,0,143,0,43,235,0,278,196,0,196,474
10/20/2005,APF,FL,ASO,ES,Federal Contract Tower,0,62,142,0,204,0,0,142,0,142,0,62,284,0,346,174,0,174,520
10/21/2005,APF,FL,ASO,ES,Federal Contract Tower,0,63,110,0,173,0,0,67,0,67,0,63,177,0,240,62,0,62,302
10/22/2005,APF,FL,ASO,ES,Federal Contract Tower,0,24,40,0,64,0,0,37,0,37,0,24,77,0,101,14,0,14,115
10/23/2005,APF,FL,ASO,ES,Federal Contract Tower,0,7,28,0,35,0,0,5,0,5,0,7,33,0,40,0,0,0,40
10/24/2005,APF,FL,ASO,ES,Federal Contract Tower,0,0,0,0,0,0,0,0,0,0,0,0,0,0,0,0,0,0,0
10/25/2005,APF,FL,ASO,ES,Federal Contract Tower,0,2,16,0,18,0,5,72,13,90,0,7,88,13,108,0,0,0,108
10/26/2005,APF,FL,ASO,ES,Federal Contract Tower,0,18,52,0,70,0,2,69,2,73,0,20,121,2,143,0,0,0,143
10/27/2005,APF,FL,ASO,ES,Federal Contract Tower,0,28,69,0,97,0,0,134,0,134,0,28,203,0,231,36,0,36,267
10/28/2005,APF,FL,ASO,ES,Federal Contract Tower,0,23,67,0,90,0,0,145,1,146,0,23,212,1,236,120,0,120,356
10/29/2005,APF,FL,ASO,ES,Federal Contract Tower,0,23,49,0,72,0,0,137,6,143,0,23,186,6,215,190,0,190,405
10/30/2005,APF,FL,ASO,ES,Federal Contract Tower,0,31,56,0,87,0,0,186,0,186,0,31,242,0,273,106,0,106,379
10/31/2005,APF,FL,ASO,ES,Federal Contract Tower,0,34,75,2,111,0,0,102,0,102,0,34,177,2,213,176,2,178,391
11/01/2005,APF,FL,ASO,ES,Federal Contract Tower,0,22,69,0,91,0,0,77,0,77,0,22,146,0,168,116,0,116,284
11/02/2005,APF,FL,ASO,ES,Federal Contract Tower,0,28,101,0,129,0,0,169,0,169,0,28,270,0,298,148,0,148,446
11/03/2005,APF,FL,ASO,ES,Federal Contract Tower,0,37,114,0,151,0,0,215,0,215,0,37,329,0,366,146,0,146,512
11/04/2005,APF,FL,ASO,ES,Federal Contract Tower,0,44,98,0,142,0,0,209,0,209,0,44,307,0,351,236,0,236,587
11/05/2005,APF,FL,ASO,ES,Federal Contract Tower,0,31,51,0,82,0,0,230,0,230,0,31,281,0,312,220,0,220,532
11/06/2005,APF,FL,ASO,ES,Federal Contract Tower,0,25,91,0,116,0,3,213,0,216,0,28,304,0,332,229,0,229,561
11/07/2005,APF,FL,ASO,ES,Federal Contract Tower,0,35,72,0,107,0,0,162,0,162,0,35,234,0,269,134,0,134,403
11/08/2005,APF,FL,ASO,ES,Federal Contract Tower,0,45,110,0,155,0,0,168,0,168,0,45,278,0,323,204,0,204,527
11/09/2005,APF,FL,ASO,ES,Federal Contract Tower,0,46,126,0,172,0,0,185,0,185,0,46,311,0,357,198,0,198,555
11/10/2005,APF,FL,ASO,ES,Federal Contract Tower,0,36,120,0,156,0,4,189,0,193,0,40,309,0,349,228,0,228,577
11/11/2005,APF,FL,ASO,ES,Federal Contract Tower,0,32,127,3,162,0,1,195,0,196,0,33,322,3,358,134,0,134,492
11/12/2005,APF,FL,ASO,ES,Federal Contract Tower,0,24,69,0,93,0,0,225,0,225,0,24,294,0,318,158,0,158,476
11/13/2005,APF,FL,ASO,ES,Federal Contract Tower,0,54,106,0,160,0,0,179,0,179,0,54,285,0,339,108,0,108,447
11/14/2005,APF,FL,ASO,ES,Federal Contract Tower,0,46,99,0,145,0,0,153,0,153,0,46,252,0,298,126,0,126,424
11/15/2005,APF,FL,ASO,ES,Federal Contract Tower,0,31,103,0,134,0,1,228,0,229,0,32,331,0,363,150,0,150,513
11/16/2005,APF,FL,ASO,ES,Federal Contract Tower,0,30,107,0,137,0,1,193,0,194,0,31,300,0,331,172,0,172,503
11/17/2005,APF,FL,ASO,ES,Federal Contract Tower,0,45,129,0,174,0,0,150,0,150,0,45,279,0,324,184,0,184,508
11/18/2005,APF,FL,ASO,ES,Federal Contract Tower,0,63,121,0,184,0,0,202,0,202,0,63,323,0,386,282,0,282,668
11/19/2005,APF,FL,ASO,ES,Federal Contract Tower,0,32,76,0,108,0,0,218,0,218,0,32,294,0,326,190,0,190,516
11/20/2005,APF,FL,ASO,ES,Federal Contract Tower,0,59,120,0,179,0,0,70,0,70,0,59,190,0,249,98,0,98,347
11/21/2005,APF,FL,ASO,ES,Federal Contract Tower,0,43,70,0,113,0,0,67,0,67,0,43,137,0,180,154,0,154,334
11/22/2005,APF,FL,ASO,ES,Federal Contract Tower,0,59,124,0,183,0,0,148,0,148,0,59,272,0,331,114,0,114,445
11/23/2005,APF,FL,ASO,ES,Federal Contract Tower,0,56,131,0,187,0,1,216,0,217,0,57,347,0,404,82,0,82,486
11/24/2005,APF,FL,ASO,ES,Federal Contract Tower,0,18,21,0,39,0,0,116,0,116,0,18,137,0,155,104,0,104,259
11/25/2005,APF,FL,ASO,ES,Federal Contract Tower,0,32,76,0,108,0,2,200,0,202,0,34,276,0,310,164,0,164,474
11/26/2005,APF,FL,ASO,ES,Federal Contract Tower,0,71,90,0,161,0,3,286,0,289,0,74,376,0,450,168,0,168,618
11/27/2005,APF,FL,ASO,ES,Federal Contract Tower,0,81,169,0,250,0,0,168,0,168,0,81,337,0,418,6,0,6,424
11/28/2005,APF,FL,ASO,ES,Federal Contract Tower,0,42,103,0,145,0,0,145,0,145,0,42,248,0,290,272,0,272,562
11/29/2005,APF,FL,ASO,ES,Federal Contract Tower,0,31,83,0,114,0,0,52,0,52,0,31,135,0,166,94,0,94,260
11/30/2005,APF,FL,ASO,ES,Federal Contract Tower,0,34,115,0,149,0,0,145,0,145,0,34,260,0,294,230,0,230,524
12/01/2005,APF,FL,ASO,ES,Federal Contract Tower,0,24,98,0,122,0,0,244,0,244,0,24,342,0,366,154,0,154,520
12/02/2005,APF,FL,ASO,ES,Federal Contract Tower,0,22,95,0,117,0,0,256,0,256,0,22,351,0,373,104,0,104,477
12/03/2005,APF,FL,ASO,ES,Federal Contract Tower,0,23,67,0,90,0,0,213,0,213,0,23,280,0,303,226,0,226,529
12/04/2005,APF,FL,ASO,ES,Federal Contract Tower,0,27,67,0,94,0,0,193,0,193,0,27,260,0,287,162,0,162,449
12/05/2005,APF,FL,ASO,ES,Federal Contract Tower,0,30,92,0,122,0,0,117,0,117,0,30,209,0,239,154,0,154,393
12/06/2005,APF,FL,ASO,ES,Federal Contract Tower,0,26,95,0,121,0,0,73,0,73,0,26,168,0,194,136,0,136,330
12/07/2005,APF,FL,ASO,ES,Federal Contract Tower,0,35,90,0,125,0,0,124,0,124,0,35,214,0,249,102,0,102,351
12/08/2005,APF,FL,ASO,ES,Federal Contract Tower,0,38,87,0,125,0,0,144,0,144,0,38,231,0,269,194,0,194,463
12/09/2005,APF,FL,ASO,ES,Federal Contract Tower,0,21,89,0,110,0,0,124,0,124,0,21,213,0,234,226,0,226,460
12/10/2005,APF,FL,ASO,ES,Federal Contract Tower,0,20,89,0,109,0,0,28,0,28,0,20,117,0,137,16,0,16,153
12/11/2005,APF,FL,ASO,ES,Federal Contract Tower,0,30,91,0,121,0,0,143,0,143,0,30,234,0,264,54,0,54,318
12/12/2005,APF,FL,ASO,ES,Federal Contract Tower,0,28,95,0,123,0,0,173,0,173,0,28,268,0,296,130,0,130,426
12/13/2005,APF,FL,ASO,ES,Federal Contract Tower,0,35,97,2,134,0,0,192,0,192,0,35,289,2,326,80,0,80,406
12/14/2005,APF,FL,ASO,ES,Federal Contract Tower,0,34,94,0,128,0,1,170,0,171,0,35,264,0,299,88,0,88,387
12/15/2005,APF,FL,ASO,ES,Federal Contract Tower,0,35,98,0,133,0,0,162,0,162,0,35,260,0,295,138,0,138,433
12/16/2005,APF,FL,ASO,ES,Federal Contract Tower,0,38,94,2,134,0,1,169,0,170,0,39,263,2,304,134,0,134,438
12/17/2005,APF,FL,ASO,ES,Federal Contract Tower,0,35,60,0,95,0,2,126,0,128,0,37,186,0,223,164,0,164,387
12/18/2005,APF,FL,ASO,ES,Federal Contract Tower,0,27,62,0,89,0,0,89,0,89,0,27,151,0,178,50,0,50,228
12/19/2005,APF,FL,ASO,ES,Federal Contract Tower,0,37,95,0,132,0,0,2,0,2,0,37,97,0,134,0,0,0,134
12/20/2005,APF,FL,ASO,ES,Federal Contract Tower,0,45,67,0,112,0,0,128,0,128,0,45,195,0,240,62,0,62,302
12/21/2005,APF,FL,ASO,ES,Federal Contract Tower,0,40,79,0,119,0,0,116,0,116,0,40,195,0,235,56,0,56,291
12/22/2005,APF,FL,ASO,ES,Federal Contract Tower,0,44,93,0,137,0,1,122,0,123,0,45,215,0,260,72,0,72,332
12/23/2005,APF,FL,ASO,ES,Federal Contract Tower,0,30,88,0,118,0,2,145,0,147,0,32,233,0,265,58,0,58,323
12/24/2005,APF,FL,ASO,ES,Federal Contract Tower,0,24,35,0,59,0,0,84,0,84,0,24,119,0,143,42,0,42,185
12/25/2005,APF,FL,ASO,ES,Federal Contract Tower,0,36,18,0,54,0,0,15,0,15,0,36,33,0,69,0,0,0,69
12/26/2005,APF,FL,ASO,ES,Federal Contract Tower,0,67,166,0,233,0,1,120,0,121,0,68,286,0,354,28,0,28,382
12/27/2005,APF,FL,ASO,ES,Federal Contract Tower,0,68,122,0,190,0,0,164,0,164,0,68,286,0,354,28,0,28,382
12/28/2005,APF,FL,ASO,ES,Federal Contract Tower,0,66,114,0,180,0,1,150,0,151,0,67,264,0,331,80,0,80,411
12/29/2005,APF,FL,ASO,ES,Federal Contract Tower,0,60,89,0,149,0,0,115,0,115,0,60,204,0,264,88,0,88,352
12/30/2005,APF,FL,ASO,ES,Federal Contract Tower,0,58,104,0,162,0,1,168,0,169,0,59,272,0,331,76,0,76,407
12/31/2005,APF,FL,ASO,ES,Federal Contract Tower,0,35,65,0,100,0,0,147,0,147,0,35,212,0,247,46,0,46,293
01/01/2006,APF,FL,ASO,ES,Federal Contract Tower,0,55,107,0,162,0,0,61,0,61,0,55,168,0,223,0,0,0,223
01/02/2006,APF,FL,ASO,ES,Federal Contract Tower,0,61,138,2,201,0,0,141,0,141,0,61,279,2,342,16,0,16,358
01/03/2006,APF,FL,ASO,ES,Federal Contract Tower,0,52,128,0,180,0,1,114,0,115,0,53,242,0,295,68,6,74,369
01/04/2006,APF,FL,ASO,ES,Federal Contract Tower,0,73,102,0,175,0,1,182,0,183,0,74,284,0,358,84,0,84,442
01/05/2006,APF,FL,ASO,ES,Federal Contract Tower,0,33,128,0,161,0,0,169,0,169,0,33,297,0,330,122,0,122,452
01/06/2006,APF,FL,ASO,ES,Federal Contract Tower,0,49,87,0,136,0,0,128,0,128,0,49,215,0,264,46,0,46,310
01/07/2006,APF,FL,ASO,ES,Federal Contract Tower,0,39,97,0,136,0,0,192,0,192,0,39,289,0,328,98,0,98,426
01/08/2006,APF,FL,ASO,ES,Federal Contract Tower,0,50,98,0,148,0,1,163,0,164,0,51,261,0,312,48,0,48,360
01/09/2006,APF,FL,ASO,ES,Federal Contract Tower,0,36,76,6,118,0,0,193,0,193,0,36,269,6,311,142,0,142,453
01/10/2006,APF,FL,ASO,ES,Federal Contract Tower,0,46,91,0,137,0,5,193,0,198,0,51,284,0,335,108,0,108,443
01/11/2006,APF,FL,ASO,ES,Federal Contract Tower,0,43,136,0,179,0,3,192,0,195,0,46,328,0,374,106,0,106,480
01/12/2006,APF,FL,ASO,ES,Federal Contract Tower,0,54,141,0,195,0,0,245,0,245,0,54,386,0,440,94,0,94,534
01/13/2006,APF,FL,ASO,ES,Federal Contract Tower,0,48,178,0,226,0,1,128,0,129,0,49,306,0,355,148,0,148,503
01/14/2006,APF,FL,ASO,ES,Federal Contract Tower,0,31,58,0,89,0,0,33,0,33,0,31,91,0,122,0,0,0,122
01/15/2006,APF,FL,ASO,ES,Federal Contract Tower,0,42,84,0,126,0,0,174,0,174,0,42,258,0,300,164,0,164,464
01/16/2006,APF,FL,ASO,ES,Federal Contract Tower,0,41,106,0,147,0,0,197,0,197,0,41,303,0,344,188,0,188,532
01/17/2006,APF,FL,ASO,ES,Federal Contract Tower,0,36,65,0,101,0,1,125,0,126,0,37,190,0,227,60,0,60,287
01/18/2006,APF,FL,ASO,ES,Federal Contract Tower,0,54,95,0,149,0,1,180,0,181,0,55,275,0,330,84,0,84,414
01/19/2006,APF,FL,ASO,ES,Federal Contract Tower,0,52,128,0,180,0,2,235,0,237,0,54,363,0,417,58,0,58,475
01/20/2006,APF,FL,ASO,ES,Federal Contract Tower,0,56,162,0,218,0,0,186,0,186,0,56,348,0,404,104,0,104,508
01/21/2006,APF,FL,ASO,ES,Federal Contract Tower,0,29,98,0,127,0,0,212,0,212,0,29,310,0,339,162,0,162,501
01/22/2006,APF,FL,ASO,ES,Federal Contract Tower,0,61,135,0,196,0,0,166,0,166,0,61,301,0,362,102,0,102,464
01/23/2006,APF,FL,ASO,ES,Federal Contract Tower,0,55,114,0,169,0,0,227,0,227,0,55,341,0,396,120,0,120,516
01/24/2006,APF,FL,ASO,ES,Federal Contract Tower,0,42,156,0,198,0,1,180,0,181,0,43,336,0,379,166,0,166,545
01/25/2006,APF,FL,ASO,ES,Federal Contract Tower,0,45,144,2,191,0,3,225,0,228,0,48,369,2,419,132,0,132,551
01/26/2006,APF,FL,ASO,ES,Federal Contract Tower,0,47,143,0,190,0,0,0,0,0,0,47,143,0,190,176,0,176,366
01/27/2006,APF,FL,ASO,ES,Federal Contract Tower,0,67,141,0,208,0,0,238,0,238,0,67,379,0,446,158,0,158,604
01/28/2006,APF,FL,ASO,ES,Federal Contract Tower,0,39,87,0,126,0,2,162,0,164,0,41,249,0,290,98,0,98,388
01/29/2006,APF,FL,ASO,ES,Federal Contract Tower,0,80,130,0,210,0,0,163,0,163,0,80,293,0,373,82,0,82,455
01/30/2006,APF,FL,ASO,ES,Federal Contract Tower,0,46,139,0,185,0,0,165,0,165,0,46,304,0,350,126,0,126,476
01/31/2006,APF,FL,ASO,ES,Federal Contract Tower,0,45,129,0,174,0,0,250,0,250,0,45,379,0,424,148,0,148,572
02/01/2006,APF,FL,ASO,ES,Federal Contract Tower,0,72,147,0,219,0,2,256,0,258,0,74,403,0,477,188,0,188,665
02/02/2006,APF,FL,ASO,ES,Federal Contract Tower,0,49,112,0,161,0,0,171,0,171,0,49,283,0,332,56,0,56,388
02/03/2006,APF,FL,ASO,ES,Federal Contract Tower,0,53,104,0,157,0,0,79,0,79,0,53,183,0,236,46,0,46,282
02/04/2006,APF,FL,ASO,ES,Federal Contract Tower,0,34,54,0,88,0,0,0,0,0,0,34,54,0,88,0,0,0,88
02/05/2006,APF,FL,ASO,ES,Federal Contract Tower,0,51,107,0,158,0,1,185,0,186,0,52,292,0,344,138,0,138,482
02/06/2006,APF,FL,ASO,ES,Federal Contract Tower,0,58,122,0,180,0,0,250,4,254,0,58,372,4,434,124,0,124,558
02/07/2006,APF,FL,ASO,ES,Federal Contract Tower,0,35,130,0,165,0,0,225,0,225,0,35,355,0,390,88,0,88,478
02/08/2006,APF,FL,ASO,ES,Federal Contract Tower,0,53,150,0,203,0,0,210,0,210,0,53,360,0,413,47,0,47,460
02/09/2006,APF,FL,ASO,ES,Federal Contract Tower,0,56,162,0,218,0,0,258,0,258,0,56,420,0,476,142,0,142,618
02/10/2006,APF,FL,ASO,ES,Federal Contract Tower,0,65,140,0,205,0,0,302,0,302,0,65,442,0,507,158,0,158,665
02/11/2006,APF,FL,ASO,ES,Federal Contract Tower,0,32,103,0,135,0,0,172,0,172,0,32,275,0,307,86,0,86,393
02/12/2006,APF,FL,ASO,ES,Federal Contract Tower,0,68,140,0,208,0,0,128,0,128,0,68,268,0,336,24,0,24,360
02/13/2006,APF,FL,ASO,ES,Federal Contract Tower,0,60,131,0,191,0,0,167,0,167,0,60,298,0,358,128,0,128,486
02/14/2006,APF,FL,ASO,ES,Federal Contract Tower,0,43,119,0,162,0,1,207,0,208,0,44,326,0,370,122,0,122,492
02/15/2006,APF,FL,ASO,ES,Federal Contract Tower,0,58,144,0,202,0,1,260,0,261,0,59,404,0,463,0,184,184,647
02/16/2006,APF,FL,ASO,ES,Federal Contract Tower,0,77,203,0,280,0,1,267,0,268,0,78,470,0,548,136,0,136,684
02/17/2006,APF,FL,ASO,ES,Federal Contract Tower,0,94,200,0,294,0,3,268,0,271,0,97,468,0,565,52,0,52,617
02/18/2006,APF,FL,ASO,ES,Federal Contract Tower,0,47,107,0,154,0,2,211,0,213,0,49,318,0,367,114,0,114,481
02/19/2006,APF,FL,ASO,ES,Federal Contract Tower,0,73,139,0,212,0,0,201,0,201,0,73,340,0,413,95,0,95,508
02/20/2006,APF,FL,ASO,ES,Federal Contract Tower,0,78,160,0,238,0,0,150,2,152,0,78,310,2,390,86,0,86,476
02/21/2006,APF,FL,ASO,ES,Federal Contract Tower,0,77,136,0,213,0,0,183,0,183,0,77,319,0,396,82,0,82,478
02/22/2006,APF,FL,ASO,ES,Federal Contract Tower,0,69,139,0,208,0,0,173,0,173,0,69,312,0,381,98,0,98,479
02/23/2006,APF,FL,ASO,ES,Federal Contract Tower,0,74,162,0,236,0,0,187,2,189,0,74,349,2,425,76,0,76,501
02/24/2006,APF,FL,ASO,ES,Federal Contract Tower,0,57,160,1,218,0,0,57,2,59,0,57,217,3,277,71,0,71,348
02/25/2006,APF,FL,ASO,ES,Federal Contract Tower,0,52,112,0,164,0,0,155,0,155,0,52,267,0,319,72,0,72,391
02/26/2006,APF,FL,ASO,ES,Federal Contract Tower,0,69,150,0,219,0,0,57,0,57,0,69,207,0,276,58,0,58,334
02/27/2006,APF,FL,ASO,ES,Federal Contract Tower,0,44,101,0,145,0,0,192,0,192,0,44,293,0,337,74,0,74,411
02/28/2006,APF,FL,ASO,ES,Federal Contract Tower,0,40,88,0,128,0,1,231,0,232,0,41,319,0,360,112,0,112,472
03/01/2006,APF,FL,ASO,ES,Federal Contract Tower,0,47,123,0,170,0,1,192,0,193,0,48,315,0,363,116,0,116,479
03/02/2006,APF,FL,ASO,ES,Federal Contract Tower,0,51,158,0,209,0,0,201,0,201,0,51,359,0,410,56,0,56,466
03/03/2006,APF,FL,ASO,ES,Federal Contract Tower,0,42,175,0,217,0,0,142,0,142,0,42,317,0,359,24,0,24,383
03/04/2006,APF,FL,ASO,ES,Federal Contract Tower,0,41,109,0,150,0,2,172,0,174,0,43,281,0,324,52,0,52,376
03/05/2006,APF,FL,ASO,ES,Federal Contract Tower,0,63,143,0,206,0,4,125,0,129,0,67,268,0,335,4,0,4,339
03/06/2006,APF,FL,ASO,ES,Federal Contract Tower,0,43,125,0,168,0,2,121,0,123,0,45,246,0,291,14,0,14,305
03/07/2006,APF,FL,ASO,ES,Federal Contract Tower,0,48,115,0,163,0,0,148,0,148,0,48,263,0,311,30,0,30,341
03/08/2006,APF,FL,ASO,ES,Federal Contract Tower,0,55,124,0,179,0,1,225,0,226,0,56,349,0,405,48,0,48,453
03/09/2006,APF,FL,ASO,ES,Federal Contract Tower,0,64,124,2,190,0,0,155,0,155,0,64,279,2,345,20,0,20,365
03/10/2006,APF,FL,ASO,ES,Federal Contract Tower,0,54,159,0,213,0,1,152,0,153,0,55,311,0,366,32,0,32,398
03/11/2006,APF,FL,ASO,ES,Federal Contract Tower,0,35,102,0,137,0,4,191,0,195,0,39,293,0,332,22,0,22,354
03/12/2006,APF,FL,ASO,ES,Federal Contract Tower,0,58,147,0,205,0,0,183,0,183,0,58,330,0,388,40,0,40,428
03/13/2006,APF,FL,ASO,ES,Federal Contract Tower,0,59,106,0,165,0,0,269,0,269,0,59,375,0,434,72,0,72,506
03/14/2006,APF,FL,ASO,ES,Federal Contract Tower,0,33,116,0,149,0,0,213,0,213,0,33,329,0,362,128,0,128,490
03/15/2006,APF,FL,ASO,ES,Federal Contract Tower,0,43,116,0,159,0,0,196,0,196,0,43,312,0,355,113,0,113,468
03/16/2006,APF,FL,ASO,ES,Federal Contract Tower,0,37,160,0,197,0,2,216,0,218,0,39,376,0,415,158,0,158,573
03/17/2006,APF,FL,ASO,ES,Federal Contract Tower,0,63,156,0,219,0,0,244,0,244,0,63,400,0,463,270,0,270,733
03/18/2006,APF,FL,ASO,ES,Federal Contract Tower,0,45,120,0,165,0,2,186,0,188,0,47,306,0,353,144,0,144,497
03/19/2006,APF,FL,ASO,ES,Federal Contract Tower,0,59,109,0,168,0,0,173,0,173,0,59,282,0,341,118,0,118,459
03/20/2006,APF,FL,ASO,ES,Federal Contract Tower,0,46,119,0,165,0,1,208,0,209,0,47,327,0,374,66,0,66,440
03/21/2006,APF,FL,ASO,ES,Federal Contract Tower,0,55,97,0,152,0,4,179,0,183,0,59,276,0,335,134,0,134,469
03/22/2006,APF,FL,ASO,ES,Federal Contract Tower,0,57,148,0,205,0,3,216,0,219,0,60,364,0,424,148,0,148,572
03/23/2006,APF,FL,ASO,ES,Federal Contract Tower,0,58,130,0,188,0,0,159,0,159,0,58,289,0,347,218,0,218,565
03/24/2006,APF,FL,ASO,ES,Federal Contract Tower,0,55,155,0,210,0,0,154,0,154,0,55,309,0,364,124,0,124,488
03/25/2006,APF,FL,ASO,ES,Federal Contract Tower,0,67,121,0,188,0,1,123,0,124,0,68,244,0,312,206,0,206,518
03/26/2006,APF,FL,ASO,ES,Federal Contract Tower,0,70,147,0,217,0,2,153,0,155,0,72,300,0,372,38,0,38,410
03/27/2006,APF,FL,ASO,ES,Federal Contract Tower,0,46,102,0,148,0,0,251,0,251,0,46,353,0,399,180,0,180,579
03/28/2006,APF,FL,ASO,ES,Federal Contract Tower,0,60,109,0,169,0,1,243,0,244,0,61,352,0,413,230,0,230,643
03/29/2006,APF,FL,ASO,ES,Federal Contract Tower,0,50,89,0,139,0,2,200,0,202,0,52,289,0,341,180,0,180,521
03/30/2006,APF,FL,ASO,ES,Federal Contract Tower,0,57,103,0,160,0,2,228,0,230,0,59,331,0,390,174,0,174,564
03/31/2006,APF,FL,ASO,ES,Federal Contract Tower,0,48,130,0,178,0,0,162,0,162,0,48,292,0,340,170,0,170,510
04/01/2006,APF,FL,ASO,ES,Federal Contract Tower,0,57,118,0,175,0,0,245,0,245,0,57,363,0,420,126,0,126,546
04/02/2006,APF,FL,ASO,ES,Federal Contract Tower,3,82,154,0,239,0,3,210,0,213,3,85,364,0,452,56,0,56,508
04/03/2006,APF,FL,ASO,ES,Federal Contract Tower,2,52,81,0,135,0,0,229,0,229,2,52,310,0,364,112,0,112,476
04/04/2006,APF,FL,ASO,ES,Federal Contract Tower,2,37,114,0,153,0,0,233,0,233,2,37,347,0,386,128,0,128,514
04/05/2006,APF,FL,ASO,ES,Federal Contract Tower,2,34,117,0,153,0,1,249,0,250,2,35,366,0,403,238,0,238,641
04/06/2006,APF,FL,ASO,ES,Federal Contract Tower,2,37,124,0,163,0,0,278,0,278,2,37,402,0,441,154,0,154,595
04/07/2006,APF,FL,ASO,ES,Federal Contract Tower,0,44,134,0,178,0,0,224,0,224,0,44,358,0,402,124,0,124,526
04/08/2006,APF,FL,ASO,ES,Federal Contract Tower,2,38,112,0,152,0,1,133,0,134,2,39,245,0,286,172,0,172,458
04/09/2006,APF,FL,ASO,ES,Federal Contract Tower,2,49,126,0,177,0,1,88,2,91,2,50,214,2,268,102,0,102,370
04/10/2006,APF,FL,ASO,ES,Federal Contract Tower,2,41,93,0,136,0,1,155,0,156,2,42,248,0,292,88,0,88,380
04/11/2006,APF,FL,ASO,ES,Federal Contract Tower,2,33,113,0,148,0,0,256,0,256,2,33,369,0,404,138,0,138,542
04/12/2006,APF,FL,ASO,ES,Federal Contract Tower,2,52,127,0,181,0,0,180,0,180,2,52,307,0,361,132,0,132,493
04/13/2006,APF,FL,ASO,ES,Federal Contract Tower,2,60,169,0,231,0,0,225,0,225,2,60,394,0,456,82,0,82,538
04/14/2006,APF,FL,ASO,ES,Federal Contract Tower,2,41,110,0,153,0,0,187,0,187,2,41,297,0,340,44,0,44,384
04/15/2006,APF,FL,ASO,ES,Federal Contract Tower,2,35,72,0,109,0,1,210,0,211,2,36,282,0,320,116,0,116,436
04/16/2006,APF,FL,ASO,ES,Federal Contract Tower,2,48,84,0,134,0,1,157,0,158,2,49,241,0,292,34,0,34,326
04/17/2006,APF,FL,ASO,ES,Federal Contract Tower,2,74,146,0,222,0,0,248,0,248,2,74,394,0,470,72,0,72,542
04/18/2006,APF,FL,ASO,ES,Federal Contract Tower,2,40,114,0,156,0,0,253,0,253,2,40,367,0,409,92,0,92,501
04/19/2006,APF,FL,ASO,ES,Federal Contract Tower,2,35,99,0,136,0,0,209,0,209,2,35,308,0,345,100,0,100,445
04/20/2006,APF,FL,ASO,ES,Federal Contract Tower,2,46,134,0,182,0,0,218,0,218,2,46,352,0,400,106,0,106,506
04/21/2006,APF,FL,ASO,ES,Federal Contract Tower,2,31,114,0,147,0,0,228,0,228,2,31,342,0,375,152,0,152,527
04/22/2006,APF,FL,ASO,ES,Federal Contract Tower,2,25,72,0,99,0,0,243,0,243,2,25,315,0,342,42,0,42,384
04/23/2006,APF,FL,ASO,ES,Federal Contract Tower,2,40,134,0,176,0,0,176,0,176,2,40,310,0,352,90,0,90,442
04/24/2006,APF,FL,ASO,ES,Federal Contract Tower,2,33,121,0,156,0,0,170,0,170,2,33,291,0,326,14,0,14,340
04/25/2006,APF,FL,ASO,ES,Federal Contract Tower,2,36,99,0,137,0,0,227,0,227,2,36,326,0,364,104,0,104,468
04/26/2006,APF,FL,ASO,ES,Federal Contract Tower,2,31,129,0,162,0,3,213,0,216,2,34,342,0,378,120,0,120,498
04/27/2006,APF,FL,ASO,ES,Federal Contract Tower,0,41,119,0,160,0,0,172,0,172,0,41,291,0,332,72,0,72,404
04/28/2006,APF,FL,ASO,ES,Federal Contract Tower,2,33,104,1,140,0,0,221,1,222,2,33,325,2,362,76,0,76,438
04/29/2006,APF,FL,ASO,ES,Federal Contract Tower,2,27,75,0,104,0,0,133,0,133,2,27,208,0,237,28,0,28,265
04/30/2006,APF,FL,ASO,ES,Federal Contract Tower,2,43,110,0,155,0,0,143,0,143,2,43,253,0,298,24,0,24,322
05/01/2006,APF,FL,ASO,ES,Federal Contract Tower,0,22,86,0,108,0,0,200,0,200,0,22,286,0,308,110,0,110,418
05/02/2006,APF,FL,ASO,ES,Federal Contract Tower,0,26,73,0,99,0,0,194,0,194,0,26,267,0,293,108,0,108,401
05/03/2006,APF,FL,ASO,ES,Federal Contract Tower,0,36,82,0,118,0,0,226,0,226,0,36,308,0,344,70,0,70,414
05/04/2006,APF,FL,ASO,ES,Federal Contract Tower,0,35,119,0,154,0,0,218,0,218,0,35,337,0,372,84,0,84,456
05/05/2006,APF,FL,ASO,ES,Federal Contract Tower,0,39,120,0,159,0,0,162,0,162,0,39,282,0,321,48,0,48,369
05/06/2006,APF,FL,ASO,ES,Federal Contract Tower,0,28,88,0,116,0,0,188,0,188,0,28,276,0,304,68,0,68,372
05/07/2006,APF,FL,ASO,ES,Federal Contract Tower,0,37,96,0,133,0,0,137,0,137,0,37,233,0,270,30,0,30,300
05/08/2006,APF,FL,ASO,ES,Federal Contract Tower,0,30,105,0,135,0,0,121,0,121,0,30,226,0,256,144,0,144,400
05/09/2006,APF,FL,ASO,ES,Federal Contract Tower,0,30,103,0,133,0,0,128,0,128,0,30,231,0,261,126,0,126,387
05/10/2006,APF,FL,ASO,ES,Federal Contract Tower,0,38,137,0,175,0,0,115,0,115,0,38,252,0,290,62,0,62,352
05/11/2006,APF,FL,ASO,ES,Federal Contract Tower,0,34,121,0,155,0,0,130,0,130,0,34,251,0,285,110,0,110,395
05/12/2006,APF,FL,ASO,ES,Federal Contract Tower,0,36,97,0,133,0,0,143,0,143,0,36,240,0,276,16,0,16,292
05/13/2006,APF,FL,ASO,ES,Federal Contract Tower,0,18,87,0,105,0,0,153,0,153,0,18,240,0,258,104,0,104,362
05/14/2006,APF,FL,ASO,ES,Federal Contract Tower,0,22,67,0,89,0,0,169,0,169,0,22,236,0,258,40,0,40,298
05/15/2006,APF,FL,ASO,ES,Federal Contract Tower,0,22,88,0,110,0,0,113,0,113,0,22,201,0,223,34,0,34,257
05/16/2006,APF,FL,ASO,ES,Federal Contract Tower,0,31,71,0,102,0,0,45,0,45,0,31,116,0,147,72,0,72,219
05/17/2006,APF,FL,ASO,ES,Federal Contract Tower,0,36,102,0,138,0,0,147,0,147,0,36,249,0,285,122,0,122,407
05/18/2006,APF,FL,ASO,ES,Federal Contract Tower,0,38,96,0,134,0,0,139,0,139,0,38,235,0,273,86,0,86,359
05/19/2006,APF,FL,ASO,ES,Federal Contract Tower,0,31,94,0,125,0,1,213,0,214,0,32,307,0,339,134,0,134,473
05/20/2006,APF,FL,ASO,ES,Federal Contract Tower,0,23,67,0,90,0,0,185,0,185,0,23,252,0,275,90,0,90,365
05/21/2006,APF,FL,ASO,ES,Federal Contract Tower,0,43,65,0,108,0,0,179,0,179,0,43,244,0,287,46,0,46,333
05/22/2006,APF,FL,ASO,ES,Federal Contract Tower,0,25,86,0,111,0,0,148,0,148,0,25,234,0,259,64,0,64,323
05/23/2006,APF,FL,ASO,ES,Federal Contract Tower,0,19,82,0,101,0,0,126,0,126,0,19,208,0,227,92,0,92,319
05/24/2006,APF,FL,ASO,ES,Federal Contract Tower,0,35,94,0,129,0,0,150,0,150,0,35,244,0,279,72,0,72,351
05/25/2006,APF,FL,ASO,ES,Federal Contract Tower,0,20,88,0,108,0,0,105,0,105,0,20,193,0,213,52,0,52,265
05/26/2006,APF,FL,ASO,ES,Federal Contract Tower,0,34,115,0,149,0,0,131,0,131,0,34,246,0,280,144,0,144,424
05/27/2006,APF,FL,ASO,ES,Federal Contract Tower,0,16,56,0,72,0,0,171,0,171,0,16,227,0,243,84,0,84,327
05/28/2006,APF,FL,ASO,ES,Federal Contract Tower,0,11,64,0,75,0,0,115,0,115,0,11,179,0,190,48,0,48,238
05/29/2006,APF,FL,ASO,ES,Federal Contract Tower,0,34,59,0,93,0,0,118,0,118,0,34,177,0,211,38,0,38,249
05/30/2006,APF,FL,ASO,ES,Federal Contract Tower,0,17,82,0,99,0,0,144,0,144,0,17,226,0,243,68,0,68,311
05/31/2006,APF,FL,ASO,ES,Federal Contract Tower,0,28,91,0,119,0,0,157,0,157,0,28,248,0,276,140,0,140,416
06/01/2006,APF,FL,ASO,ES,Federal Contract Tower,0,25,80,0,105,0,0,120,0,120,0,25,200,0,225,50,0,50,275
06/02/2006,APF,FL,ASO,ES,Federal Contract Tower,0,31,73,0,104,0,0,130,0,130,0,31,203,0,234,50,0,50,284
06/03/2006,APF,FL,ASO,ES,Federal Contract Tower,0,23,72,0,95,0,0,139,0,139,0,23,211,0,234,48,0,48,282
06/04/2006,APF,FL,ASO,ES,Federal Contract Tower,0,24,78,0,102,0,0,93,0,93,0,24,171,0,195,22,0,22,217
06/05/2006,APF,FL,ASO,ES,Federal Contract Tower,0,30,99,0,129,0,0,144,0,144,0,30,243,0,273,46,0,46,319
06/06/2006,APF,FL,ASO,ES,Federal Contract Tower,0,17,56,0,73,0,0,187,0,187,0,17,243,0,260,68,0,68,328
06/07/2006,APF,FL,ASO,ES,Federal Contract Tower,0,23,89,0,112,0,0,176,0,176,0,23,265,0,288,72,0,72,360
06/08/2006,APF,FL,ASO,ES,Federal Contract Tower,0,17,50,0,67,0,0,157,0,157,0,17,207,0,224,40,0,40,264
06/09/2006,APF,FL,ASO,ES,Federal Contract Tower,0,18,74,0,92,0,0,164,0,164,0,18,238,0,256,54,0,54,310
06/10/2006,APF,FL,ASO,ES,Federal Contract Tower,0,19,46,0,65,0,0,102,0,102,0,19,148,0,167,146,0,146,313
06/11/2006,APF,FL,ASO,ES,Federal Contract Tower,0,16,46,0,62,0,0,38,0,38,0,16,84,0,100,38,0,38,138
06/12/2006,APF,FL,ASO,ES,Federal Contract Tower,0,17,29,0,46,0,0,15,0,15,0,17,44,0,61,52,0,52,113
06/13/2006,APF,FL,ASO,ES,Federal Contract Tower,0,14,31,0,45,0,1,40,0,41,0,15,71,0,86,42,0,42,128
06/14/2006,APF,FL,ASO,ES,Federal Contract Tower,0,24,101,0,125,0,0,155,0,155,0,24,256,0,280,84,0,84,364
06/15/2006,APF,FL,ASO,ES,Federal Contract Tower,0,24,90,0,114,0,0,147,0,147,0,24,237,0,261,74,0,74,335
06/16/2006,APF,FL,ASO,ES,Federal Contract Tower,0,28,77,0,105,0,1,170,0,171,0,29,247,0,276,66,0,66,342
06/17/2006,APF,FL,ASO,ES,Federal Contract Tower,0,10,47,0,57,0,0,136,0,136,0,10,183,0,193,80,0,80,273
06/18/2006,APF,FL,ASO,ES,Federal Contract Tower,0,11,56,0,67,0,0,99,0,99,0,11,155,0,166,22,0,22,188
06/19/2006,APF,FL,ASO,ES,Federal Contract Tower,0,26,38,0,64,0,0,163,0,163,0,26,201,0,227,144,0,144,371
06/20/2006,APF,FL,ASO,ES,Federal Contract Tower,0,27,70,0,97,0,0,152,0,152,0,27,222,0,249,142,0,142,391
06/21/2006,APF,FL,ASO,ES,Federal Contract Tower,0,20,74,0,94,0,0,173,0,173,0,20,247,0,267,146,0,146,413
06/22/2006,APF,FL,ASO,ES,Federal Contract Tower,0,23,79,0,102,0,0,164,0,164,0,23,243,0,266,126,0,126,392
06/23/2006,APF,FL,ASO,ES,Federal Contract Tower,0,22,82,0,104,0,0,158,0,158,0,22,240,0,262,66,0,66,328
06/24/2006,APF,FL,ASO,ES,Federal Contract Tower,0,12,49,0,61,0,0,115,0,115,0,12,164,0,176,34,0,34,210
06/25/2006,APF,FL,ASO,ES,Federal Contract Tower,0,12,43,0,55,0,0,74,0,74,0,12,117,0,129,136,0,136,265
06/26/2006,APF,FL,ASO,ES,Federal Contract Tower,0,16,62,0,78,0,0,100,0,100,0,16,162,0,178,156,0,156,334
06/27/2006,APF,FL,ASO,ES,Federal Contract Tower,0,20,72,0,92,0,0,142,0,142,0,20,214,0,234,114,0,114,348
06/28/2006,APF,FL,ASO,ES,Federal Contract Tower,0,20,44,0,64,0,0,143,0,143,0,20,187,0,207,148,0,148,355
06/29/2006,APF,FL,ASO,ES,Federal Contract Tower,0,15,64,0,79,0,0,156,0,156,0,15,220,0,235,160,0,160,395
06/30/2006,APF,FL,ASO,ES,Federal Contract Tower,0,16,65,0,81,0,0,142,0,142,0,16,207,0,223,90,0,90,313
07/01/2006,APF,FL,ASO,ES,Federal Contract Tower,0,10,34,0,44,0,0,137,0,137,0,10,171,0,181,70,0,70,251
07/02/2006,APF,FL,ASO,ES,Federal Contract Tower,0,12,22,1,35,0,0,76,0,76,0,12,98,1,111,74,0,74,185
07/03/2006,APF,FL,ASO,ES,Federal Contract Tower,0,13,44,0,57,0,2,108,0,110,0,15,152,0,167,94,0,94,261
07/04/2006,APF,FL,ASO,ES,Federal Contract Tower,0,10,44,0,54,0,0,122,4,126,0,10,166,4,180,10,0,10,190
07/05/2006,APF,FL,ASO,ES,Federal Contract Tower,0,12,56,0,68,0,0,132,0,132,0,12,188,0,200,82,0,82,282
07/06/2006,APF,FL,ASO,ES,Federal Contract Tower,0,14,74,0,88,0,1,88,1,90,0,15,162,1,178,128,2,130,308
07/07/2006,APF,FL,ASO,ES,Federal Contract Tower,0,14,45,0,59,0,1,54,0,55,0,15,99,0,114,96,0,96,210
07/08/2006,APF,FL,ASO,ES,Federal Contract Tower,0,17,45,0,62,0,1,73,0,74,0,18,118,0,136,48,0,48,184
07/09/2006,APF,FL,ASO,ES,Federal Contract Tower,0,18,44,0,62,0,0,110,0,110,0,18,154,0,172,64,0,64,236
07/10/2006,APF,FL,ASO,ES,Federal Contract Tower,0,16,45,0,61,0,0,140,0,140,0,16,185,0,201,78,0,78,279
07/11/2006,APF,FL,ASO,ES,Federal Contract Tower,0,8,54,0,62,0,0,94,0,94,0,8,148,0,156,30,0,30,186
07/12/2006,APF,FL,ASO,ES,Federal Contract Tower,0,11,71,0,82,0,0,141,0,141,0,11,212,0,223,100,0,100,323
07/13/2006,APF,FL,ASO,ES,Federal Contract Tower,0,14,64,0,78,0,0,131,10,141,0,14,195,10,219,98,0,98,317
07/14/2006,APF,FL,ASO,ES,Federal Contract Tower,0,15,58,0,73,0,0,186,6,192,0,15,244,6,265,142,2,144,409
07/15/2006,APF,FL,ASO,ES,Federal Contract Tower,0,11,59,0,70,0,0,193,0,193,0,11,252,0,263,116,0,116,379
07/16/2006,APF,FL,ASO,ES,Federal Contract Tower,0,12,64,0,76,0,0,160,0,160,0,12,224,0,236,62,0,62,298
07/17/2006,APF,FL,ASO,ES,Federal Contract Tower,0,11,55,0,66,0,0,125,0,125,0,11,180,0,191,76,0,76,267
07/18/2006,APF,FL,ASO,ES,Federal Contract Tower,0,9,52,0,61,0,0,124,0,124,0,9,176,0,185,72,0,72,257
07/19/2006,APF,FL,ASO,ES,Federal Contract Tower,0,15,53,0,68,0,0,115,0,115,0,15,168,0,183,90,0,90,273
07/20/2006,APF,FL,ASO,ES,Federal Contract Tower,0,19,53,0,72,0,0,109,0,109,0,19,162,0,181,54,0,54,235
07/21/2006,APF,FL,ASO,ES,Federal Contract Tower,0,13,61,0,74,0,0,135,2,137,0,13,196,2,211,88,0,88,299
07/22/2006,APF,FL,ASO,ES,Federal Contract Tower,0,10,32,0,42,0,0,49,0,49,0,10,81,0,91,26,0,26,117
07/23/2006,APF,FL,ASO,ES,Federal Contract Tower,0,21,40,0,61,0,0,99,0,99,0,21,139,0,160,188,0,188,348
07/24/2006,APF,FL,ASO,ES,Federal Contract Tower,0,23,63,0,86,0,0,173,0,173,0,23,236,0,259,164,0,164,423
07/25/2006,APF,FL,ASO,ES,Federal Contract Tower,0,21,44,0,65,0,0,162,0,162,0,21,206,0,227,160,0,160,387
07/26/2006,APF,FL,ASO,ES,Federal Contract Tower,0,21,49,0,70,0,0,168,0,168,0,21,217,0,238,178,0,178,416
07/27/2006,APF,FL,ASO,ES,Federal Contract Tower,0,18,51,0,69,0,0,141,0,141,0,18,192,0,210,96,0,96,306
07/28/2006,APF,FL,ASO,ES,Federal Contract Tower,0,19,55,0,74,0,0,108,0,108,0,19,163,0,182,120,0,120,302
07/29/2006,APF,FL,ASO,ES,Federal Contract Tower,0,10,187,0,197,0,0,0,0,0,0,10,187,0,197,140,0,140,337
07/30/2006,APF,FL,ASO,ES,Federal Contract Tower,0,16,53,0,69,0,0,156,0,156,0,16,209,0,225,106,0,106,331
07/31/2006,APF,FL,ASO,ES,Federal Contract Tower,0,17,44,0,61,0,0,145,0,145,0,17,189,0,206,114,0,114,320
08/01/2006,APF,FL,ASO,ES,Federal Contract Tower,0,10,39,4,53,0,0,173,0,173,0,10,212,4,226,108,0,108,334
08/02/2006,APF,FL,ASO,ES,Federal Contract Tower,0,21,48,0,69,0,0,139,0,139,0,21,187,0,208,84,0,84,292
08/03/2006,APF,FL,ASO,ES,Federal Contract Tower,0,10,45,0,55,0,0,117,0,117,0,10,162,0,172,114,0,114,286
08/04/2006,APF,FL,ASO,ES,Federal Contract Tower,0,16,58,0,74,0,0,144,0,144,0,16,202,0,218,72,0,72,290
08/05/2006,APF,FL,ASO,ES,Federal Contract Tower,0,10,39,0,49,0,0,163,0,163,0,10,202,0,212,42,0,42,254
08/06/2006,APF,FL,ASO,ES,Federal Contract Tower,0,8,26,0,34,0,0,124,0,124,0,8,150,0,158,48,0,48,206
08/07/2006,APF,FL,ASO,ES,Federal Contract Tower,0,15,41,0,56,0,0,142,0,142,0,15,183,0,198,70,0,70,268
08/08/2006,APF,FL,ASO,ES,Federal Contract Tower,0,15,46,0,61,0,1,181,0,182,0,16,227,0,243,34,0,34,277
08/09/2006,APF,FL,ASO,ES,Federal Contract Tower,0,17,73,0,90,0,0,119,0,119,0,17,192,0,209,90,0,90,299
08/10/2006,APF,FL,ASO,ES,Federal Contract Tower,0,15,83,0,98,0,1,162,0,163,0,16,245,0,261,96,0,96,357
08/11/2006,APF,FL,ASO,ES,Federal Contract Tower,0,15,73,0,88,0,1,155,0,156,0,16,228,0,244,68,0,68,312
08/12/2006,APF,FL,ASO,ES,Federal Contract Tower,0,14,50,0,64,0,1,190,0,191,0,15,240,0,255,58,0,58,313
08/13/2006,APF,FL,ASO,ES,Federal Contract Tower,0,18,59,0,77,0,0,162,0,162,0,18,221,0,239,80,0,80,319
08/14/2006,APF,FL,ASO,ES,Federal Contract Tower,0,20,49,0,69,0,0,93,0,93,0,20,142,0,162,108,0,108,270
08/15/2006,APF,FL,ASO,ES,Federal Contract Tower,0,19,75,0,94,0,0,157,0,157,0,19,232,0,251,124,0,124,375
08/16/2006,APF,FL,ASO,ES,Federal Contract Tower,0,18,56,0,74,0,0,153,0,153,0,18,209,0,227,104,0,104,331
08/17/2006,APF,FL,ASO,ES,Federal Contract Tower,0,30,63,1,94,0,0,154,1,155,0,30,217,2,249,84,0,84,333
08/18/2006,APF,FL,ASO,ES,Federal Contract Tower,0,17,57,0,74,0,0,171,0,171,0,17,228,0,245,68,0,68,313
08/19/2006,APF,FL,ASO,ES,Federal Contract Tower,0,11,54,0,65,0,0,95,0,95,0,11,149,0,160,62,0,62,222
08/20/2006,APF,FL,ASO,ES,Federal Contract Tower,0,23,50,0,73,0,0,107,0,107,0,23,157,0,180,86,0,86,266
08/21/2006,APF,FL,ASO,ES,Federal Contract Tower,0,25,46,0,71,0,0,123,0,123,0,25,169,0,194,90,0,90,284
08/22/2006,APF,FL,ASO,ES,Federal Contract Tower,0,13,54,0,67,0,0,166,0,166,0,13,220,0,233,100,0,100,333
08/23/2006,APF,FL,ASO,ES,Federal Contract Tower,0,17,86,0,103,0,0,150,0,150,0,17,236,0,253,76,0,76,329
08/24/2006,APF,FL,ASO,ES,Federal Contract Tower,0,12,55,0,67,0,0,160,0,160,0,12,215,0,227,50,0,50,277
08/25/2006,APF,FL,ASO,ES,Federal Contract Tower,0,10,70,0,80,0,0,132,0,132,0,10,202,0,212,64,0,64,276
08/26/2006,APF,FL,ASO,ES,Federal Contract Tower,0,7,48,0,55,0,0,154,2,156,0,7,202,2,211,50,0,50,261
08/27/2006,APF,FL,ASO,ES,Federal Contract Tower,0,15,54,0,69,0,0,0,0,0,0,15,54,0,69,88,0,88,157
08/28/2006,APF,FL,ASO,ES,Federal Contract Tower,0,18,52,0,70,0,0,158,0,158,0,18,210,0,228,46,0,46,274
08/29/2006,APF,FL,ASO,ES,Federal Contract Tower,0,14,52,0,66,0,0,59,0,59,0,14,111,0,125,22,0,22,147
08/30/2006,APF,FL,ASO,ES,Federal Contract Tower,0,5,9,0,14,0,0,6,0,6,0,5,15,0,20,6,0,6,26
08/31/2006,APF,FL,ASO,ES,Federal Contract Tower,0,17,92,0,109,0,0,94,0,94,0,17,186,0,203,100,0,100,303
09/01/2006,APF,FL,ASO,ES,Federal Contract Tower,0,26,60,0,86,0,0,82,0,82,0,26,142,0,168,28,0,28,196
09/02/2006,APF,FL,ASO,ES,Federal Contract Tower,0,10,48,0,58,0,0,101,0,101,0,10,149,0,159,14,0,14,173
09/03/2006,APF,FL,ASO,ES,Federal Contract Tower,0,8,38,0,46,0,0,58,0,58,0,8,96,0,104,62,0,62,166
09/04/2006,APF,FL,ASO,ES,Federal Contract Tower,0,23,39,0,62,0,0,113,0,113,0,23,152,0,175,58,0,58,233
09/05/2006,APF,FL,ASO,ES,Federal Contract Tower,0,19,69,0,88,0,2,66,0,68,0,21,135,0,156,64,0,64,220
09/06/2006,APF,FL,ASO,ES,Federal Contract Tower,0,18,54,0,72,0,0,124,0,124,0,18,178,0,196,120,0,120,316
09/07/2006,APF,FL,ASO,ES,Federal Contract Tower,0,18,77,0,95,0,0,163,0,163,0,18,240,0,258,58,0,58,316
09/08/2006,APF,FL,ASO,ES,Federal Contract Tower,0,15,45,0,60,0,0,143,0,143,0,15,188,0,203,64,0,64,267
09/09/2006,APF,FL,ASO,ES,Federal Contract Tower,0,17,40,0,57,0,0,136,0,136,0,17,176,0,193,46,0,46,239
09/10/2006,APF,FL,ASO,ES,Federal Contract Tower,0,5,64,0,69,0,0,81,0,81,0,5,145,0,150,22,0,22,172
09/11/2006,APF,FL,ASO,ES,Federal Contract Tower,0,20,29,0,49,0,0,87,0,87,0,20,116,0,136,118,0,118,254
09/12/2006,APF,FL,ASO,ES,Federal Contract Tower,0,10,60,0,70,0,0,100,0,100,0,10,160,0,170,48,0,48,218
09/13/2006,APF,FL,ASO,ES,Federal Contract Tower,0,13,80,0,93,0,0,116,0,116,0,13,196,0,209,24,0,24,233
09/14/2006,APF,FL,ASO,ES,Federal Contract Tower,0,17,61,0,78,0,0,105,0,105,0,17,166,0,183,102,0,102,285
09/15/2006,APF,FL,ASO,ES,Federal Contract Tower,0,17,66,0,83,0,0,108,0,108,0,17,174,0,191,34,0,34,225
09/16/2006,APF,FL,ASO,ES,Federal Contract Tower,0,12,54,0,66,0,0,119,0,119,0,12,173,0,185,78,0,78,263
09/17/2006,APF,FL,ASO,ES,Federal Contract Tower,0,14,46,0,60,0,0,95,0,95,0,14,141,0,155,62,0,62,217
09/18/2006,APF,FL,ASO,ES,Federal Contract Tower,0,13,37,0,50,0,0,94,0,94,0,13,131,0,144,52,0,52,196
09/19/2006,APF,FL,ASO,ES,Federal Contract Tower,0,14,64,0,78,0,0,110,0,110,0,14,174,0,188,66,0,66,254
09/20/2006,APF,FL,ASO,ES,Federal Contract Tower,0,11,53,2,66,0,0,139,0,139,0,11,192,2,205,132,0,132,337
09/21/2006,APF,FL,ASO,ES,Federal Contract Tower,0,12,70,0,82,0,0,145,0,145,0,12,215,0,227,130,0,130,357
09/22/2006,APF,FL,ASO,ES,Federal Contract Tower,0,12,58,0,70,0,0,140,0,140,0,12,198,0,210,88,0,88,298
09/23/2006,APF,FL,ASO,ES,Federal Contract Tower,0,11,42,0,53,0,0,161,0,161,0,11,203,0,214,82,0,82,296
09/24/2006,APF,FL,ASO,ES,Federal Contract Tower,0,18,49,0,67,0,0,159,0,159,0,18,208,0,226,42,0,42,268
09/25/2006,APF,FL,ASO,ES,Federal Contract Tower,0,26,70,0,96,0,0,141,0,141,0,26,211,0,237,92,0,92,329
09/26/2006,APF,FL,ASO,ES,Federal Contract Tower,0,13,55,0,68,0,1,144,0,145,0,14,199,0,213,42,0,42,255
09/27/2006,APF,FL,ASO,ES,Federal Contract Tower,0,23,63,0,86,0,0,136,0,136,0,23,199,0,222,80,0,80,302
09/28/2006,APF,FL,ASO,ES,Federal Contract Tower,0,16,64,2,82,0,0,155,0,155,0,16,219,2,237,122,0,122,359
09/29/2006,APF,FL,ASO,ES,Federal Contract Tower,0,23,71,0,94,0,0,201,0,201,0,23,272,0,295,44,0,44,339
09/30/2006,APF,FL,ASO,ES,Federal Contract Tower,0,11,47,0,58,0,0,175,0,175,0,11,222,0,233,94,0,94,327
10/01/2006,APF,FL,ASO,ES,Federal Contract Tower,0,12,60,0,72,0,0,134,0,134,0,12,194,0,206,20,0,20,226
10/02/2006,APF,FL,ASO,ES,Federal Contract Tower,0,14,73,0,87,0,0,136,0,136,0,14,209,0,223,76,0,76,299
10/03/2006,APF,FL,ASO,ES,Federal Contract Tower,0,14,55,0,69,0,0,157,0,157,0,14,212,0,226,144,0,144,370
10/04/2006,APF,FL,ASO,ES,Federal Contract Tower,0,17,64,0,81,0,0,163,0,163,0,17,227,0,244,96,0,96,340
10/05/2006,APF,FL,ASO,ES,Federal Contract Tower,0,23,77,0,100,0,0,159,0,159,0,23,236,0,259,58,0,58,317
10/06/2006,APF,FL,ASO,ES,Federal Contract Tower,0,19,72,0,91,0,0,205,0,205,0,19,277,0,296,132,0,132,428
10/07/2006,APF,FL,ASO,ES,Federal Contract Tower,0,6,46,0,52,0,0,140,0,140,0,6,186,0,192,58,0,58,250
10/08/2006,APF,FL,ASO,ES,Federal Contract Tower,0,16,67,0,83,0,0,143,0,143,0,16,210,0,226,60,0,60,286
10/09/2006,APF,FL,ASO,ES,Federal Contract Tower,0,23,54,0,77,0,0,151,0,151,0,23,205,0,228,90,0,90,318
10/10/2006,APF,FL,ASO,ES,Federal Contract Tower,0,17,58,0,75,0,0,222,0,222,0,17,280,0,297,80,0,80,377
10/11/2006,APF,FL,ASO,ES,Federal Contract Tower,0,22,98,0,120,0,0,194,0,194,0,22,292,0,314,82,0,82,396
10/12/2006,APF,FL,ASO,ES,Federal Contract Tower,0,21,68,0,89,0,0,145,0,145,0,21,213,0,234,120,0,120,354
10/13/2006,APF,FL,ASO,ES,Federal Contract Tower,0,25,73,4,102,0,0,188,0,188,0,25,261,4,290,82,0,82,372
10/14/2006,APF,FL,ASO,ES,Federal Contract Tower,0,18,73,0,91,0,0,183,0,183,0,18,256,0,274,102,0,102,376
10/15/2006,APF,FL,ASO,ES,Federal Contract Tower,0,22,90,0,112,0,0,166,0,166,0,22,256,0,278,148,0,148,426
10/16/2006,APF,FL,ASO,ES,Federal Contract Tower,0,36,67,0,103,0,0,153,0,153,0,36,220,0,256,208,0,208,464
10/17/2006,APF,FL,ASO,ES,Federal Contract Tower,0,25,75,0,100,0,0,197,0,197,0,25,272,0,297,148,0,148,445
10/18/2006,APF,FL,ASO,ES,Federal Contract Tower,0,29,101,0,130,0,0,194,0,194,0,29,295,0,324,142,0,142,466
10/19/2006,APF,FL,ASO,ES,Federal Contract Tower,0,30,110,0,140,0,0,201,0,201,0,30,311,0,341,132,0,132,473
10/20/2006,APF,FL,ASO,ES,Federal Contract Tower,0,33,93,0,126,0,0,182,0,182,0,33,275,0,308,144,0,144,452
10/21/2006,APF,FL,ASO,ES,Federal Contract Tower,0,25,47,0,72,0,0,170,0,170,0,25,217,0,242,96,0,96,338
10/22/2006,APF,FL,ASO,ES,Federal Contract Tower,0,42,68,2,112,0,1,168,0,169,0,43,236,2,281,142,0,142,423
10/23/2006,APF,FL,ASO,ES,Federal Contract Tower,0,15,73,0,88,0,0,143,0,143,0,15,216,0,231,54,0,54,285
10/24/2006,APF,FL,ASO,ES,Federal Contract Tower,0,23,66,0,89,0,0,158,0,158,0,23,224,0,247,62,0,62,309
10/25/2006,APF,FL,ASO,ES,Federal Contract Tower,0,34,91,0,125,0,0,164,0,164,0,34,255,0,289,136,0,136,425
10/26/2006,APF,FL,ASO,ES,Federal Contract Tower,0,29,119,0,148,0,0,227,0,227,0,29,346,0,375,192,0,192,567
10/27/2006,APF,FL,ASO,ES,Federal Contract Tower,0,23,80,0,103,0,0,186,0,186,0,23,266,0,289,108,0,108,397
10/28/2006,APF,FL,ASO,ES,Federal Contract Tower,0,16,58,0,74,0,0,50,0,50,0,16,108,0,124,78,0,78,202
10/29/2006,APF,FL,ASO,ES,Federal Contract Tower,0,30,97,0,127,0,0,169,0,169,0,30,266,0,296,52,0,52,348
10/30/2006,APF,FL,ASO,ES,Federal Contract Tower,0,14,58,0,72,0,2,164,0,166,0,16,222,0,238,112,0,112,350
10/31/2006,APF,FL,ASO,ES,Federal Contract Tower,0,26,66,0,92,0,0,173,0,173,0,26,239,0,265,124,0,124,389
11/01/2006,APF,FL,ASO,ES,Federal Contract Tower,0,32,98,0,130,0,0,143,0,143,0,32,241,0,273,324,0,324,597
11/02/2006,APF,FL,ASO,ES,Federal Contract Tower,0,40,118,0,158,0,0,145,0,145,0,40,263,0,303,176,0,176,479
11/03/2006,APF,FL,ASO,ES,Federal Contract Tower,0,36,129,0,165,0,0,172,0,172,0,36,301,0,337,190,0,190,527
11/04/2006,APF,FL,ASO,ES,Federal Contract Tower,0,37,73,0,110,0,0,132,0,132,0,37,205,0,242,106,0,106,348
11/05/2006,APF,FL,ASO,ES,Federal Contract Tower,0,47,88,0,135,0,1,147,0,148,0,48,235,0,283,170,0,170,453
11/06/2006,APF,FL,ASO,ES,Federal Contract Tower,0,22,109,0,131,0,0,156,0,156,0,22,265,0,287,96,0,96,383
11/07/2006,APF,FL,ASO,ES,Federal Contract Tower,0,46,107,2,155,0,0,52,0,52,0,46,159,2,207,32,0,32,239
11/08/2006,APF,FL,ASO,ES,Federal Contract Tower,0,43,96,0,139,0,0,183,0,183,0,43,279,0,322,134,0,134,456
11/09/2006,APF,FL,ASO,ES,Federal Contract Tower,0,52,129,1,182,0,1,243,0,244,0,53,372,1,426,154,0,154,580
11/10/2006,APF,FL,ASO,ES,Federal Contract Tower,0,42,123,1,166,0,0,225,0,225,0,42,348,1,391,128,0,128,519
11/11/2006,APF,FL,ASO,ES,Federal Contract Tower,0,26,74,0,100,0,0,180,0,180,0,26,254,0,280,164,0,164,444
11/12/2006,APF,FL,ASO,ES,Federal Contract Tower,0,57,110,0,167,0,1,163,0,164,0,58,273,0,331,98,0,98,429
11/13/2006,APF,FL,ASO,ES,Federal Contract Tower,0,31,108,1,140,0,0,170,0,170,0,31,278,1,310,126,0,126,436
11/14/2006,APF,FL,ASO,ES,Federal Contract Tower,0,39,101,0,140,0,0,192,0,192,0,39,293,0,332,108,0,108,440
11/15/2006,APF,FL,ASO,ES,Federal Contract Tower,0,30,143,0,173,0,0,186,0,186,0,30,329,0,359,148,0,148,507
11/16/2006,APF,FL,ASO,ES,Federal Contract Tower,0,31,115,2,148,0,0,53,0,53,0,31,168,2,201,30,0,30,231
11/17/2006,APF,FL,ASO,ES,Federal Contract Tower,0,38,134,0,172,0,20,182,0,202,0,58,316,0,374,135,0,135,509
11/18/2006,APF,FL,ASO,ES,Federal Contract Tower,0,38,66,0,104,0,0,228,0,228,0,38,294,0,332,106,0,106,438
11/19/2006,APF,FL,ASO,ES,Federal Contract Tower,0,44,95,0,139,0,1,234,0,235,0,45,329,0,374,95,0,95,469
11/20/2006,APF,FL,ASO,ES,Federal Contract Tower,0,29,82,0,111,0,0,179,0,179,0,29,261,0,290,106,0,106,396
11/21/2006,APF,FL,ASO,ES,Federal Contract Tower,0,47,144,0,191,0,0,205,0,205,0,47,349,0,396,80,0,80,476
11/22/2006,APF,FL,ASO,ES,Federal Contract Tower,0,33,139,0,172,0,0,203,0,203,0,33,342,0,375,32,0,32,407
11/23/2006,APF,FL,ASO,ES,Federal Contract Tower,0,9,35,0,44,0,0,72,0,72,0,9,107,0,116,26,0,26,142
11/24/2006,APF,FL,ASO,ES,Federal Contract Tower,0,33,68,0,101,0,2,248,0,250,0,35,316,0,351,104,0,104,455
11/25/2006,APF,FL,ASO,ES,Federal Contract Tower,0,50,82,0,132,0,0,217,0,217,0,50,299,0,349,86,0,86,435
11/26/2006,APF,FL,ASO,ES,Federal Contract Tower,0,59,192,0,251,0,0,196,0,196,0,59,388,0,447,32,0,32,479
11/27/2006,APF,FL,ASO,ES,Federal Contract Tower,0,49,144,0,193,0,0,201,2,203,0,49,345,2,396,98,0,98,494
11/28/2006,APF,FL,ASO,ES,Federal Contract Tower,0,28,107,0,135,0,0,229,0,229,0,28,336,0,364,96,0,96,460
11/29/2006,APF,FL,ASO,ES,Federal Contract Tower,0,31,129,0,160,0,0,177,0,177,0,31,306,0,337,100,0,100,437
11/30/2006,APF,FL,ASO,ES,Federal Contract Tower,0,37,93,0,130,0,0,206,0,206,0,37,299,0,336,108,0,108,444
12/01/2006,APF,FL,ASO,ES,Federal Contract Tower,0,26,92,0,118,0,0,170,0,170,0,26,262,0,288,110,0,110,398
12/02/2006,APF,FL,ASO,ES,Federal Contract Tower,0,19,96,0,115,0,0,177,0,177,0,19,273,0,292,40,0,40,332
12/03/2006,APF,FL,ASO,ES,Federal Contract Tower,0,29,85,0,114,0,0,202,0,202,0,29,287,0,316,118,0,118,434
12/04/2006,APF,FL,ASO,ES,Federal Contract Tower,0,38,114,0,152,0,0,82,0,82,0,38,196,0,234,92,0,92,326
12/05/2006,APF,FL,ASO,ES,Federal Contract Tower,0,23,120,0,143,0,0,206,0,206,0,23,326,0,349,96,0,96,445
12/06/2006,APF,FL,ASO,ES,Federal Contract Tower,0,31,124,0,155,0,0,173,0,173,0,31,297,0,328,68,0,68,396
12/07/2006,APF,FL,ASO,ES,Federal Contract Tower,0,28,84,0,112,0,2,177,0,179,0,30,261,0,291,62,0,62,353
12/08/2006,APF,FL,ASO,ES,Federal Contract Tower,0,21,110,0,131,0,2,104,0,106,0,23,214,0,237,40,0,40,277
12/09/2006,APF,FL,ASO,ES,Federal Contract Tower,0,13,84,0,97,0,1,166,0,167,0,14,250,0,264,62,0,62,326
12/10/2006,APF,FL,ASO,ES,Federal Contract Tower,0,32,114,0,146,0,0,193,0,193,0,32,307,0,339,66,0,66,405
12/11/2006,APF,FL,ASO,ES,Federal Contract Tower,0,23,106,0,129,0,2,138,0,140,0,25,244,0,269,68,0,68,337
12/12/2006,APF,FL,ASO,ES,Federal Contract Tower,0,29,75,0,104,0,2,164,0,166,0,31,239,0,270,90,0,90,360
12/13/2006,APF,FL,ASO,ES,Federal Contract Tower,0,26,110,0,136,0,2,196,0,198,0,28,306,0,334,94,0,94,428
12/14/2006,APF,FL,ASO,ES,Federal Contract Tower,0,24,121,2,147,0,2,53,0,55,0,26,174,2,202,54,0,54,256
12/15/2006,APF,FL,ASO,ES,Federal Contract Tower,0,27,103,0,130,0,0,73,0,73,0,27,176,0,203,50,0,50,253
12/16/2006,APF,FL,ASO,ES,Federal Contract Tower,0,21,64,0,85,0,0,7,0,7,0,21,71,0,92,0,0,0,92
12/17/2006,APF,FL,ASO,ES,Federal Contract Tower,0,31,80,0,111,0,0,143,0,143,0,31,223,0,254,104,0,104,358
12/18/2006,APF,FL,ASO,ES,Federal Contract Tower,0,29,81,0,110,0,0,147,0,147,0,29,228,0,257,64,0,64,321
12/19/2006,APF,FL,ASO,ES,Federal Contract Tower,0,35,71,0,106,0,0,161,0,161,0,35,232,0,267,102,0,102,369
12/20/2006,APF,FL,ASO,ES,Federal Contract Tower,0,34,86,0,120,0,0,185,0,185,0,34,271,0,305,70,0,70,375
12/21/2006,APF,FL,ASO,ES,Federal Contract Tower,0,37,73,0,110,0,0,126,0,126,0,37,199,0,236,20,0,20,256
12/22/2006,APF,FL,ASO,ES,Federal Contract Tower,0,44,84,0,128,0,0,47,0,47,0,44,131,0,175,10,0,10,185
12/23/2006,APF,FL,ASO,ES,Federal Contract Tower,0,29,70,0,99,0,0,116,0,116,0,29,186,0,215,72,0,72,287
12/24/2006,APF,FL,ASO,ES,Federal Contract Tower,0,16,33,0,49,0,0,40,0,40,0,16,73,0,89,12,0,12,101
12/25/2006,APF,FL,ASO,ES,Federal Contract Tower,0,27,17,0,44,0,2,4,0,6,0,29,21,0,50,0,0,0,50
12/26/2006,APF,FL,ASO,ES,Federal Contract Tower,0,78,175,2,255,0,0,43,0,43,0,78,218,2,298,14,0,14,312
12/27/2006,APF,FL,ASO,ES,Federal Contract Tower,0,89,162,0,251,0,1,205,0,206,0,90,367,0,457,38,0,38,495
12/28/2006,APF,FL,ASO,ES,Federal Contract Tower,0,61,123,2,186,0,1,173,0,174,0,62,296,2,360,40,0,40,400
12/29/2006,APF,FL,ASO,ES,Federal Contract Tower,0,44,104,0,148,0,0,183,0,183,0,44,287,0,331,16,0,16,347
12/30/2006,APF,FL,ASO,ES,Federal Contract Tower,0,37,99,0,136,0,0,130,0,130,0,37,229,0,266,78,0,78,344
12/31/2006,APF,FL,ASO,ES,Federal Contract Tower,0,47,53,0,100,0,2,90,0,92,0,49,143,0,192,8,0,8,200
01/01/2007,APF,FL,ASO,ES,Federal Contract Tower,0,46,83,0,129,0,0,49,0,49,0,46,132,0,178,2,0,2,180
01/02/2007,APF,FL,ASO,ES,Federal Contract Tower,0,63,174,2,239,0,0,80,0,80,0,63,254,2,319,14,0,14,333
01/03/2007,APF,FL,ASO,ES,Federal Contract Tower,0,54,114,0,168,0,0,99,0,99,0,54,213,0,267,40,0,40,307
01/04/2007,APF,FL,ASO,ES,Federal Contract Tower,0,47,102,0,149,0,0,186,0,186,0,47,288,0,335,52,0,52,387
01/05/2007,APF,FL,ASO,ES,Federal Contract Tower,0,45,97,0,142,0,0,139,0,139,0,45,236,0,281,76,0,76,357
01/06/2007,APF,FL,ASO,ES,Federal Contract Tower,0,45,104,0,149,0,0,171,0,171,0,45,275,0,320,60,0,60,380
01/07/2007,APF,FL,ASO,ES,Federal Contract Tower,0,50,85,0,135,0,0,129,2,131,0,50,214,2,266,8,0,8,274
01/08/2007,APF,FL,ASO,ES,Federal Contract Tower,0,23,102,0,125,0,0,83,0,83,0,23,185,0,208,42,0,42,250
01/09/2007,APF,FL,ASO,ES,Federal Contract Tower,0,30,110,0,140,0,0,170,0,170,0,30,280,0,310,26,0,26,336
01/10/2007,APF,FL,ASO,ES,Federal Contract Tower,0,47,117,0,164,0,0,197,0,197,0,47,314,0,361,56,0,56,417
01/11/2007,APF,FL,ASO,ES,Federal Contract Tower,0,30,106,0,136,0,1,185,0,186,0,31,291,0,322,50,0,50,372
01/12/2007,APF,FL,ASO,ES,Federal Contract Tower,0,33,166,0,199,0,0,179,0,179,0,33,345,0,378,40,0,40,418
01/13/2007,APF,FL,ASO,ES,Federal Contract Tower,0,22,92,0,114,0,0,188,0,188,0,22,280,0,302,74,0,74,376
01/14/2007,APF,FL,ASO,ES,Federal Contract Tower,0,32,88,2,122,0,1,181,0,182,0,33,269,2,304,66,0,66,370
01/15/2007,APF,FL,ASO,ES,Federal Contract Tower,0,35,143,0,178,0,0,170,0,170,0,35,313,0,348,64,0,64,412
01/16/2007,APF,FL,ASO,ES,Federal Contract Tower,0,40,115,0,155,0,1,176,0,177,0,41,291,0,332,70,0,70,402
01/17/2007,APF,FL,ASO,ES,Federal Contract Tower,0,27,108,0,135,0,2,144,0,146,0,29,252,0,281,76,0,76,357
01/18/2007,APF,FL,ASO,ES,Federal Contract Tower,0,49,122,0,171,0,2,124,0,126,0,51,246,0,297,82,0,82,379
01/19/2007,APF,FL,ASO,ES,Federal Contract Tower,0,30,139,0,169,0,0,157,0,157,0,30,296,0,326,40,0,40,366
01/20/2007,APF,FL,ASO,ES,Federal Contract Tower,0,25,104,0,129,0,0,221,0,221,0,25,325,0,350,116,0,116,466
01/21/2007,APF,FL,ASO,ES,Federal Contract Tower,0,43,102,0,145,0,0,207,0,207,0,43,309,0,352,114,0,114,466
01/22/2007,APF,FL,ASO,ES,Federal Contract Tower,0,42,93,0,135,0,0,178,2,180,0,42,271,2,315,110,0,110,425
01/23/2007,APF,FL,ASO,ES,Federal Contract Tower,0,45,100,0,145,0,0,182,0,182,0,45,282,0,327,94,0,94,421
01/24/2007,APF,FL,ASO,ES,Federal Contract Tower,0,47,156,0,203,0,0,148,0,148,0,47,304,0,351,186,0,186,537
01/25/2007,APF,FL,ASO,ES,Federal Contract Tower,0,42,136,0,178,0,0,31,0,31,0,42,167,0,209,10,0,10,219
01/26/2007,APF,FL,ASO,ES,Federal Contract Tower,0,48,144,0,192,0,0,250,0,250,0,48,394,0,442,106,0,106,548
01/27/2007,APF,FL,ASO,ES,Federal Contract Tower,0,32,91,2,125,0,0,244,0,244,0,32,335,2,369,92,0,92,461
01/28/2007,APF,FL,ASO,ES,Federal Contract Tower,0,76,140,0,216,0,0,76,0,76,0,76,216,0,292,68,0,68,360
01/29/2007,APF,FL,ASO,ES,Federal Contract Tower,0,45,133,0,178,0,1,203,0,204,0,46,336,0,382,122,0,122,504
01/30/2007,APF,FL,ASO,ES,Federal Contract Tower,0,38,112,0,150,0,1,206,0,207,0,39,318,0,357,112,0,112,469
01/31/2007,APF,FL,ASO,ES,Federal Contract Tower,0,47,121,0,168,0,1,213,0,214,0,48,334,0,382,78,0,78,460
02/01/2007,APF,FL,ASO,ES,Federal Contract Tower,0,57,111,0,168,0,1,169,0,170,0,58,280,0,338,50,0,50,388
02/02/2007,APF,FL,ASO,ES,Federal Contract Tower,0,52,94,0,146,0,2,135,0,137,0,54,229,0,283,144,0,144,427
02/03/2007,APF,FL,ASO,ES,Federal Contract Tower,0,28,122,0,150,0,0,74,0,74,0,28,196,0,224,76,0,76,300
02/04/2007,APF,FL,ASO,ES,Federal Contract Tower,0,51,123,0,174,0,0,58,0,58,0,51,181,0,232,122,0,122,354
02/05/2007,APF,FL,ASO,ES,Federal Contract Tower,0,54,162,0,216,0,0,90,0,90,0,54,252,0,306,16,0,16,322
02/06/2007,APF,FL,ASO,ES,Federal Contract Tower,0,34,112,0,146,0,1,174,0,175,0,35,286,0,321,56,0,56,377
02/07/2007,APF,FL,ASO,ES,Federal Contract Tower,0,43,128,0,171,0,0,247,0,247,0,43,375,0,418,56,0,56,474
02/08/2007,APF,FL,ASO,ES,Federal Contract Tower,0,61,131,0,192,0,2,286,0,288,0,63,417,0,480,68,0,68,548
02/09/2007,APF,FL,ASO,ES,Federal Contract Tower,0,36,146,0,182,0,0,244,0,244,0,36,390,0,426,63,0,63,489
02/10/2007,APF,FL,ASO,ES,Federal Contract Tower,0,36,102,0,138,0,0,196,0,196,0,36,298,0,334,92,0,92,426
02/11/2007,APF,FL,ASO,ES,Federal Contract Tower,0,49,143,0,192,0,0,236,0,236,0,49,379,0,428,34,0,34,462
02/12/2007,APF,FL,ASO,ES,Federal Contract Tower,0,43,120,0,163,0,0,53,0,53,0,43,173,0,216,34,0,34,250
02/13/2007,APF,FL,ASO,ES,Federal Contract Tower,0,31,124,0,155,0,1,156,0,157,0,32,280,0,312,126,0,126,438
02/14/2007,APF,FL,ASO,ES,Federal Contract Tower,0,43,177,0,220,0,0,228,0,228,0,43,405,0,448,50,0,50,498
02/15/2007,APF,FL,ASO,ES,Federal Contract Tower,0,66,270,0,336,0,0,44,0,44,0,66,314,0,380,0,0,0,380
02/16/2007,APF,FL,ASO,ES,Federal Contract Tower,0,81,222,0,303,0,0,206,0,206,0,81,428,0,509,44,0,44,553
02/17/2007,APF,FL,ASO,ES,Federal Contract Tower,0,48,128,0,176,0,0,245,0,245,0,48,373,0,421,6,0,6,427
02/18/2007,APF,FL,ASO,ES,Federal Contract Tower,0,78,152,0,230,0,0,76,0,76,0,78,228,0,306,12,0,12,318
02/19/2007,APF,FL,ASO,ES,Federal Contract Tower,0,66,177,0,243,0,0,265,0,265,0,66,442,0,508,30,0,30,538
02/20/2007,APF,FL,ASO,ES,Federal Contract Tower,0,61,134,0,195,0,0,226,0,226,0,61,360,0,421,94,0,94,515
02/21/2007,APF,FL,ASO,ES,Federal Contract Tower,0,60,121,0,181,0,0,240,0,240,0,60,361,0,421,66,0,66,487
02/22/2007,APF,FL,ASO,ES,Federal Contract Tower,0,57,137,0,194,0,0,217,0,217,0,57,354,0,411,54,0,54,465
02/23/2007,APF,FL,ASO,ES,Federal Contract Tower,0,49,117,0,166,0,0,211,0,211,0,49,328,0,377,132,0,132,509
02/24/2007,APF,FL,ASO,ES,Federal Contract Tower,0,46,120,0,166,0,3,313,0,316,0,49,433,0,482,68,0,68,550
02/25/2007,APF,FL,ASO,ES,Federal Contract Tower,0,60,117,0,177,0,0,206,0,206,0,60,323,0,383,98,0,98,481
02/26/2007,APF,FL,ASO,ES,Federal Contract Tower,0,55,163,0,218,0,0,36,0,36,0,55,199,0,254,12,0,12,266
02/27/2007,APF,FL,ASO,ES,Federal Contract Tower,0,39,97,4,140,0,0,139,0,139,0,39,236,4,279,218,0,218,497
02/28/2007,APF,FL,ASO,ES,Federal Contract Tower,0,53,149,2,204,0,0,169,0,169,0,53,318,2,373,144,0,144,517
03/01/2007,APF,FL,ASO,ES,Federal Contract Tower,0,36,133,0,169,0,1,124,0,125,0,37,257,0,294,122,0,122,416
03/02/2007,APF,FL,ASO,ES,Federal Contract Tower,0,31,135,0,166,0,0,105,0,105,0,31,240,0,271,138,0,138,409
03/03/2007,APF,FL,ASO,ES,Federal Contract Tower,0,27,97,0,124,0,0,126,0,126,0,27,223,0,250,76,0,76,326
03/04/2007,APF,FL,ASO,ES,Federal Contract Tower,0,50,125,0,175,0,0,148,0,148,0,50,273,0,323,64,0,64,387
03/05/2007,APF,FL,ASO,ES,Federal Contract Tower,0,44,113,0,157,0,1,198,0,199,0,45,311,0,356,92,0,92,448
03/06/2007,APF,FL,ASO,ES,Federal Contract Tower,0,47,140,0,187,0,0,198,0,198,0,47,338,0,385,88,0,88,473
03/07/2007,APF,FL,ASO,ES,Federal Contract Tower,0,43,139,2,184,0,0,169,0,169,0,43,308,2,353,10,0,10,363
03/08/2007,APF,FL,ASO,ES,Federal Contract Tower,0,53,112,0,165,0,2,201,0,203,0,55,313,0,368,72,0,72,440
03/09/2007,APF,FL,ASO,ES,Federal Contract Tower,0,63,120,0,183,0,0,203,0,203,0,63,323,0,386,98,0,98,484
03/10/2007,APF,FL,ASO,ES,Federal Contract Tower,0,38,117,0,155,0,0,203,0,203,0,38,320,0,358,34,0,34,392
03/11/2007,APF,FL,ASO,ES,Federal Contract Tower,0,66,144,0,210,0,0,177,0,177,0,66,321,0,387,70,0,70,457
03/12/2007,APF,FL,ASO,ES,Federal Contract Tower,0,52,106,0,158,0,1,176,0,177,0,53,282,0,335,90,0,90,425
03/13/2007,APF,FL,ASO,ES,Federal Contract Tower,0,45,114,0,159,0,0,191,0,191,0,45,305,0,350,82,0,82,432
03/14/2007,APF,FL,ASO,ES,Federal Contract Tower,0,41,123,0,164,0,0,174,0,174,0,41,297,0,338,90,0,90,428
03/15/2007,APF,FL,ASO,ES,Federal Contract Tower,0,62,120,0,182,0,0,200,0,200,0,62,320,0,382,94,0,94,476
03/16/2007,APF,FL,ASO,ES,Federal Contract Tower,0,57,119,0,176,0,0,162,0,162,0,57,281,0,338,82,0,82,420
03/17/2007,APF,FL,ASO,ES,Federal Contract Tower,0,44,159,0,203,0,0,182,0,182,0,44,341,0,385,32,0,32,417
03/18/2007,APF,FL,ASO,ES,Federal Contract Tower,0,79,162,0,241,0,2,216,0,218,0,81,378,0,459,22,0,22,481
03/19/2007,APF,FL,ASO,ES,Federal Contract Tower,0,40,121,0,161,0,0,229,0,229,0,40,350,0,390,86,0,86,476
03/20/2007,APF,FL,ASO,ES,Federal Contract Tower,0,35,117,0,152,0,0,173,0,173,0,35,290,0,325,38,0,38,363
03/21/2007,APF,FL,ASO,ES,Federal Contract Tower,0,47,142,0,189,0,0,183,0,183,0,47,325,0,372,64,0,64,436
03/22/2007,APF,FL,ASO,ES,Federal Contract Tower,0,59,161,1,221,0,0,104,1,105,0,59,265,2,326,52,0,52,378
03/23/2007,APF,FL,ASO,ES,Federal Contract Tower,0,55,172,0,227,0,0,232,0,232,0,55,404,0,459,78,0,78,537
03/24/2007,APF,FL,ASO,ES,Federal Contract Tower,0,45,133,0,178,0,0,213,0,213,0,45,346,0,391,60,0,60,451
03/25/2007,APF,FL,ASO,ES,Federal Contract Tower,0,67,149,0,216,0,0,160,0,160,0,67,309,0,376,22,0,22,398
03/26/2007,APF,FL,ASO,ES,Federal Contract Tower,0,43,123,0,166,0,0,180,0,180,0,43,303,0,346,72,0,72,418
03/27/2007,APF,FL,ASO,ES,Federal Contract Tower,0,52,108,0,160,0,0,205,0,205,0,52,313,0,365,84,0,84,449
03/28/2007,APF,FL,ASO,ES,Federal Contract Tower,0,47,120,0,167,0,0,238,0,238,0,47,358,0,405,86,0,86,491
03/29/2007,APF,FL,ASO,ES,Federal Contract Tower,0,54,148,0,202,0,2,205,0,207,0,56,353,0,409,110,0,110,519
03/30/2007,APF,FL,ASO,ES,Federal Contract Tower,0,61,151,0,212,0,1,175,0,176,0,62,326,0,388,76,0,76,464
03/31/2007,APF,FL,ASO,ES,Federal Contract Tower,0,41,139,0,180,0,0,251,0,251,0,41,390,0,431,152,0,152,583
04/01/2007,APF,FL,ASO,ES,Federal Contract Tower,0,74,143,0,217,0,0,214,0,214,0,74,357,0,431,34,0,34,465
04/02/2007,APF,FL,ASO,ES,Federal Contract Tower,0,51,108,0,159,0,0,157,0,157,0,51,265,0,316,40,0,40,356
04/03/2007,APF,FL,ASO,ES,Federal Contract Tower,0,55,102,0,157,0,0,180,0,180,0,55,282,0,337,64,0,64,401
04/04/2007,APF,FL,ASO,ES,Federal Contract Tower,0,52,161,0,213,0,0,230,0,230,0,52,391,0,443,94,0,94,537
04/05/2007,APF,FL,ASO,ES,Federal Contract Tower,0,61,125,0,186,0,0,212,0,212,0,61,337,0,398,80,0,80,478
04/06/2007,APF,FL,ASO,ES,Federal Contract Tower,0,66,126,0,192,0,0,125,0,125,0,66,251,0,317,50,0,50,367
04/07/2007,APF,FL,ASO,ES,Federal Contract Tower,0,38,112,0,150,0,1,225,0,226,0,39,337,0,376,48,0,48,424
04/08/2007,APF,FL,ASO,ES,Federal Contract Tower,0,68,94,0,162,0,0,150,0,150,0,68,244,0,312,48,0,48,360
04/09/2007,APF,FL,ASO,ES,Federal Contract Tower,0,67,159,0,226,0,0,209,0,209,0,67,368,0,435,64,0,64,499
04/10/2007,APF,FL,ASO,ES,Federal Contract Tower,0,30,114,0,144,0,0,125,0,125,0,30,239,0,269,102,0,102,371
04/11/2007,APF,FL,ASO,ES,Federal Contract Tower,0,55,122,0,177,0,0,183,0,183,0,55,305,0,360,140,0,140,500
04/12/2007,APF,FL,ASO,ES,Federal Contract Tower,0,40,113,0,153,0,0,137,0,137,0,40,250,0,290,126,0,126,416
04/13/2007,APF,FL,ASO,ES,Federal Contract Tower,0,43,117,0,160,0,0,244,0,244,0,43,361,0,404,72,0,72,476
04/14/2007,APF,FL,ASO,ES,Federal Contract Tower,0,60,85,0,145,0,0,156,0,156,0,60,241,0,301,50,2,52,353
04/15/2007,APF,FL,ASO,ES,Federal Contract Tower,0,45,99,2,146,0,0,6,0,6,0,45,105,2,152,0,0,0,152
04/16/2007,APF,FL,ASO,ES,Federal Contract Tower,0,39,106,0,145,0,2,151,0,153,0,41,257,0,298,80,0,80,378
04/17/2007,APF,FL,ASO,ES,Federal Contract Tower,0,38,99,0,137,0,2,234,0,236,0,40,333,0,373,138,0,138,511
04/18/2007,APF,FL,ASO,ES,Federal Contract Tower,0,44,85,0,129,0,2,227,0,229,0,46,312,0,358,158,0,158,516
04/19/2007,APF,FL,ASO,ES,Federal Contract Tower,0,46,124,0,170,0,1,255,0,256,0,47,379,0,426,122,0,122,548
04/20/2007,APF,FL,ASO,ES,Federal Contract Tower,0,40,125,0,165,0,2,205,0,207,0,42,330,0,372,180,0,180,552
04/21/2007,APF,FL,ASO,ES,Federal Contract Tower,0,42,92,0,134,0,0,161,0,161,0,42,253,0,295,66,0,66,361
04/22/2007,APF,FL,ASO,ES,Federal Contract Tower,0,48,104,0,152,0,0,200,0,200,0,48,304,0,352,102,0,102,454
04/23/2007,APF,FL,ASO,ES,Federal Contract Tower,0,35,94,0,129,0,2,210,0,212,0,37,304,0,341,124,0,124,465
04/24/2007,APF,FL,ASO,ES,Federal Contract Tower,0,23,103,0,126,0,2,168,0,170,0,25,271,0,296,78,0,78,374
04/25/2007,APF,FL,ASO,ES,Federal Contract Tower,0,41,117,0,158,0,2,235,0,237,0,43,352,0,395,44,0,44,439
04/26/2007,APF,FL,ASO,ES,Federal Contract Tower,0,49,164,0,213,0,2,131,0,133,0,51,295,0,346,86,0,86,432
04/27/2007,APF,FL,ASO,ES,Federal Contract Tower,0,48,80,0,128,0,6,190,0,196,0,54,270,0,324,98,0,98,422
04/28/2007,APF,FL,ASO,ES,Federal Contract Tower,0,35,70,0,105,0,0,103,0,103,0,35,173,0,208,94,0,94,302
04/29/2007,APF,FL,ASO,ES,Federal Contract Tower,0,40,106,0,146,0,0,168,0,168,0,40,274,0,314,62,0,62,376
04/30/2007,APF,FL,ASO,ES,Federal Contract Tower,0,29,64,0,93,0,2,155,0,157,0,31,219,0,250,104,0,104,354
05/01/2007,APF,FL,ASO,ES,Federal Contract Tower,0,20,90,0,110,0,2,166,0,168,0,22,256,0,278,112,0,112,390
05/02/2007,APF,FL,ASO,ES,Federal Contract Tower,0,38,85,0,123,0,2,176,0,178,0,40,261,0,301,168,0,168,469
05/03/2007,APF,FL,ASO,ES,Federal Contract Tower,0,35,90,0,125,0,2,197,0,199,0,37,287,0,324,78,0,78,402
05/04/2007,APF,FL,ASO,ES,Federal Contract Tower,0,35,83,0,118,0,1,167,0,168,0,36,250,0,286,86,0,86,372
05/05/2007,APF,FL,ASO,ES,Federal Contract Tower,0,31,63,0,94,0,0,167,0,167,0,31,230,0,261,92,0,92,353
05/06/2007,APF,FL,ASO,ES,Federal Contract Tower,0,49,88,0,137,0,1,147,0,148,0,50,235,0,285,92,0,92,377
05/07/2007,APF,FL,ASO,ES,Federal Contract Tower,0,35,91,0,126,0,1,112,0,113,0,36,203,0,239,42,0,42,281
05/08/2007,APF,FL,ASO,ES,Federal Contract Tower,0,17,122,0,139,0,0,86,0,86,0,17,208,0,225,62,0,62,287
05/09/2007,APF,FL,ASO,ES,Federal Contract Tower,0,30,123,0,153,0,2,189,0,191,0,32,312,0,344,138,0,138,482
05/10/2007,APF,FL,ASO,ES,Federal Contract Tower,0,42,113,0,155,0,0,141,0,141,0,42,254,0,296,102,0,102,398
05/11/2007,APF,FL,ASO,ES,Federal Contract Tower,0,42,128,0,170,0,1,76,0,77,0,43,204,0,247,54,0,54,301
05/12/2007,APF,FL,ASO,ES,Federal Contract Tower,0,26,92,0,118,0,0,101,0,101,0,26,193,0,219,68,0,68,287
05/13/2007,APF,FL,ASO,ES,Federal Contract Tower,0,36,90,0,126,0,0,86,0,86,0,36,176,0,212,48,0,48,260
05/14/2007,APF,FL,ASO,ES,Federal Contract Tower,0,36,58,0,94,0,3,79,0,82,0,39,137,0,176,38,0,38,214
05/15/2007,APF,FL,ASO,ES,Federal Contract Tower,0,18,79,0,97,0,3,128,0,131,0,21,207,0,228,90,0,90,318
05/16/2007,APF,FL,ASO,ES,Federal Contract Tower,0,30,67,0,97,0,2,170,0,172,0,32,237,0,269,90,0,90,359
05/17/2007,APF,FL,ASO,ES,Federal Contract Tower,0,39,70,0,109,0,2,220,0,222,0,41,290,0,331,72,0,72,403
05/18/2007,APF,FL,ASO,ES,Federal Contract Tower,0,41,91,0,132,0,2,172,0,174,0,43,263,0,306,52,0,52,358
05/19/2007,APF,FL,ASO,ES,Federal Contract Tower,0,32,76,0,108,0,0,138,0,138,0,32,214,0,246,68,0,68,314
05/20/2007,APF,FL,ASO,ES,Federal Contract Tower,0,29,70,0,99,0,0,138,0,138,0,29,208,0,237,92,0,92,329
05/21/2007,APF,FL,ASO,ES,Federal Contract Tower,0,33,54,0,87,0,2,197,0,199,0,35,251,0,286,90,0,90,376
05/22/2007,APF,FL,ASO,ES,Federal Contract Tower,0,27,96,0,123,0,2,152,0,154,0,29,248,0,277,80,0,80,357
05/23/2007,APF,FL,ASO,ES,Federal Contract Tower,0,31,56,0,87,0,2,129,0,131,0,33,185,0,218,40,0,40,258
05/24/2007,APF,FL,ASO,ES,Federal Contract Tower,0,18,80,0,98,0,2,129,0,131,0,20,209,0,229,34,0,34,263
05/25/2007,APF,FL,ASO,ES,Federal Contract Tower,0,41,93,0,134,0,0,132,1,133,0,41,225,1,267,42,0,42,309
05/26/2007,APF,FL,ASO,ES,Federal Contract Tower,0,21,43,0,64,0,0,136,0,136,0,21,179,0,200,20,0,20,220
05/27/2007,APF,FL,ASO,ES,Federal Contract Tower,0,17,31,0,48,0,0,122,0,122,0,17,153,0,170,76,0,76,246
05/28/2007,APF,FL,ASO,ES,Federal Contract Tower,0,33,59,0,92,0,1,119,0,120,0,34,178,0,212,28,0,28,240
05/29/2007,APF,FL,ASO,ES,Federal Contract Tower,0,17,76,0,93,0,3,155,0,158,0,20,231,0,251,86,0,86,337
05/30/2007,APF,FL,ASO,ES,Federal Contract Tower,0,16,74,0,90,0,2,161,0,163,0,18,235,0,253,94,0,94,347
05/31/2007,APF,FL,ASO,ES,Federal Contract Tower,0,27,64,0,91,0,3,133,0,136,0,30,197,0,227,90,0,90,317
06/01/2007,APF,FL,ASO,ES,Federal Contract Tower,0,21,95,0,116,0,1,27,0,28,0,22,122,0,144,4,0,4,148
06/02/2007,APF,FL,ASO,ES,Federal Contract Tower,0,11,33,0,44,0,0,22,0,22,0,11,55,0,66,42,0,42,108
06/03/2007,APF,FL,ASO,ES,Federal Contract Tower,0,16,81,0,97,0,0,109,0,109,0,16,190,0,206,102,0,102,308
06/04/2007,APF,FL,ASO,ES,Federal Contract Tower,0,15,67,0,82,0,1,174,0,175,0,16,241,0,257,44,0,44,301
06/05/2007,APF,FL,ASO,ES,Federal Contract Tower,0,9,75,0,84,0,3,145,0,148,0,12,220,0,232,80,0,80,312
06/06/2007,APF,FL,ASO,ES,Federal Contract Tower,0,14,57,0,71,0,0,41,0,41,0,14,98,0,112,46,0,46,158
06/07/2007,APF,FL,ASO,ES,Federal Contract Tower,0,30,91,0,121,0,2,201,0,203,0,32,292,0,324,70,0,70,394
06/08/2007,APF,FL,ASO,ES,Federal Contract Tower,0,23,75,0,98,0,2,112,0,114,0,25,187,0,212,52,0,52,264
06/09/2007,APF,FL,ASO,ES,Federal Contract Tower,0,12,39,0,51,0,2,161,0,163,0,14,200,0,214,46,0,46,260
06/10/2007,APF,FL,ASO,ES,Federal Contract Tower,0,22,44,0,66,0,0,151,0,151,0,22,195,0,217,68,0,68,285
06/11/2007,APF,FL,ASO,ES,Federal Contract Tower,0,19,69,0,88,0,1,162,0,163,0,20,231,0,251,116,0,116,367
06/12/2007,APF,FL,ASO,ES,Federal Contract Tower,0,13,24,0,37,0,2,148,0,150,0,15,172,0,187,42,0,42,229
06/13/2007,APF,FL,ASO,ES,Federal Contract Tower,0,19,59,0,78,0,2,128,0,130,0,21,187,0,208,96,0,96,304
06/14/2007,APF,FL,ASO,ES,Federal Contract Tower,0,22,61,0,83,0,1,205,0,206,0,23,266,0,289,96,0,96,385
06/15/2007,APF,FL,ASO,ES,Federal Contract Tower,0,17,67,0,84,0,3,156,0,159,0,20,223,0,243,88,0,88,331
06/16/2007,APF,FL,ASO,ES,Federal Contract Tower,0,14,57,0,71,0,0,112,0,112,0,14,169,0,183,116,0,116,299
06/17/2007,APF,FL,ASO,ES,Federal Contract Tower,0,16,49,0,65,0,0,66,0,66,0,16,115,0,131,78,0,78,209
06/18/2007,APF,FL,ASO,ES,Federal Contract Tower,0,21,63,0,84,0,1,155,0,156,0,22,218,0,240,100,0,100,340
06/19/2007,APF,FL,ASO,ES,Federal Contract Tower,0,10,50,0,60,0,0,161,0,161,0,10,211,0,221,140,0,140,361
06/20/2007,APF,FL,ASO,ES,Federal Contract Tower,0,15,78,0,93,0,2,213,0,215,0,17,291,0,308,86,0,86,394
06/21/2007,APF,FL,ASO,ES,Federal Contract Tower,0,12,96,0,108,0,2,156,0,158,0,14,252,0,266,72,0,72,338
06/22/2007,APF,FL,ASO,ES,Federal Contract Tower,0,18,72,0,90,0,1,176,0,177,0,19,248,0,267,58,0,58,325
06/23/2007,APF,FL,ASO,ES,Federal Contract Tower,0,21,35,0,56,0,0,175,0,175,0,21,210,0,231,132,0,132,363
06/24/2007,APF,FL,ASO,ES,Federal Contract Tower,0,25,62,0,87,0,0,137,0,137,0,25,199,0,224,112,0,112,336
06/25/2007,APF,FL,ASO,ES,Federal Contract Tower,0,16,58,0,74,0,2,152,0,154,0,18,210,0,228,78,0,78,306
06/26/2007,APF,FL,ASO,ES,Federal Contract Tower,0,13,40,1,54,0,0,161,1,162,0,13,201,2,216,76,0,76,292
06/27/2007,APF,FL,ASO,ES,Federal Contract Tower,0,18,76,0,94,0,2,151,2,155,0,20,227,2,249,126,0,126,375
06/28/2007,APF,FL,ASO,ES,Federal Contract Tower,0,14,90,0,104,0,2,133,0,135,0,16,223,0,239,144,0,144,383
06/29/2007,APF,FL,ASO,ES,Federal Contract Tower,0,12,84,0,96,0,1,138,0,139,0,13,222,0,235,122,0,122,357
06/30/2007,APF,FL,ASO,ES,Federal Contract Tower,0,13,60,0,73,0,0,115,0,115,0,13,175,0,188,50,0,50,238
07/01/2007,APF,FL,ASO,ES,Federal Contract Tower,0,16,48,0,64,0,1,163,0,164,0,17,211,0,228,72,0,72,300
07/02/2007,APF,FL,ASO,ES,Federal Contract Tower,0,8,53,0,61,0,0,139,0,139,0,8,192,0,200,86,0,86,286
07/03/2007,APF,FL,ASO,ES,Federal Contract Tower,0,16,50,0,66,0,1,150,0,151,0,17,200,0,217,78,0,78,295
07/04/2007,APF,FL,ASO,ES,Federal Contract Tower,0,4,32,0,36,0,0,113,0,113,0,4,145,0,149,12,0,12,161
07/05/2007,APF,FL,ASO,ES,Federal Contract Tower,0,14,56,0,70,0,0,134,0,134,0,14,190,0,204,78,0,78,282
07/06/2007,APF,FL,ASO,ES,Federal Contract Tower,0,11,54,0,65,0,2,162,0,164,0,13,216,0,229,64,0,64,293
07/07/2007,APF,FL,ASO,ES,Federal Contract Tower,0,12,41,0,53,0,0,156,0,156,0,12,197,0,209,84,0,84,293
07/08/2007,APF,FL,ASO,ES,Federal Contract Tower,0,19,67,0,86,0,1,106,0,107,0,20,173,0,193,78,0,78,271
07/09/2007,APF,FL,ASO,ES,Federal Contract Tower,0,15,35,0,50,0,2,127,0,129,0,17,162,0,179,46,0,46,225
07/10/2007,APF,FL,ASO,ES,Federal Contract Tower,0,17,50,0,67,0,2,143,0,145,0,19,193,0,212,70,0,70,282
07/11/2007,APF,FL,ASO,ES,Federal Contract Tower,0,16,55,0,71,0,2,172,0,174,0,18,227,0,245,100,0,100,345
07/12/2007,APF,FL,ASO,ES,Federal Contract Tower,0,21,64,0,85,0,2,204,0,206,0,23,268,0,291,146,0,146,437
07/13/2007,APF,FL,ASO,ES,Federal Contract Tower,0,21,53,0,74,0,2,151,0,153,0,23,204,0,227,84,0,84,311
07/14/2007,APF,FL,ASO,ES,Federal Contract Tower,0,15,27,0,42,0,2,180,0,182,0,17,207,0,224,116,0,116,340
07/15/2007,APF,FL,ASO,ES,Federal Contract Tower,0,16,64,0,80,0,0,136,0,136,0,16,200,0,216,44,0,44,260
07/16/2007,APF,FL,ASO,ES,Federal Contract Tower,0,21,36,0,57,0,2,135,0,137,0,23,171,0,194,96,0,96,290
07/17/2007,APF,FL,ASO,ES,Federal Contract Tower,0,13,39,0,52,0,1,188,0,189,0,14,227,0,241,132,0,132,373
07/18/2007,APF,FL,ASO,ES,Federal Contract Tower,0,13,56,0,69,0,1,186,0,187,0,14,242,0,256,154,0,154,410
07/19/2007,APF,FL,ASO,ES,Federal Contract Tower,0,17,42,0,59,0,0,186,0,186,0,17,228,0,245,114,0,114,359
07/20/2007,APF,FL,ASO,ES,Federal Contract Tower,0,15,49,0,64,0,2,165,0,167,0,17,214,0,231,130,0,130,361
07/21/2007,APF,FL,ASO,ES,Federal Contract Tower,0,7,22,0,29,0,0,76,0,76,0,7,98,0,105,68,0,68,173
07/22/2007,APF,FL,ASO,ES,Federal Contract Tower,0,18,22,0,40,0,0,107,0,107,0,18,129,0,147,98,0,98,245
07/23/2007,APF,FL,ASO,ES,Federal Contract Tower,0,25,55,0,80,0,2,108,0,110,0,27,163,0,190,66,0,66,256
07/24/2007,APF,FL,ASO,ES,Federal Contract Tower,0,23,49,0,72,0,3,159,0,162,0,26,208,0,234,156,0,156,390
07/25/2007,APF,FL,ASO,ES,Federal Contract Tower,0,11,62,0,73,0,2,190,0,192,0,13,252,0,265,98,0,98,363
07/26/2007,APF,FL,ASO,ES,Federal Contract Tower,0,18,67,0,85,0,1,161,0,162,0,19,228,0,247,136,0,136,383
07/27/2007,APF,FL,ASO,ES,Federal Contract Tower,0,18,57,0,75,0,1,167,0,168,0,19,224,0,243,80,0,80,323
07/28/2007,APF,FL,ASO,ES,Federal Contract Tower,0,11,22,0,33,0,0,168,0,168,0,11,190,0,201,126,0,126,327
07/29/2007,APF,FL,ASO,ES,Federal Contract Tower,0,24,52,0,76,0,0,94,0,94,0,24,146,0,170,130,0,130,300
07/30/2007,APF,FL,ASO,ES,Federal Contract Tower,0,13,37,0,50,0,2,145,0,147,0,15,182,0,197,106,0,106,303
07/31/2007,APF,FL,ASO,ES,Federal Contract Tower,0,13,33,0,46,0,0,100,0,100,0,13,133,0,146,70,0,70,216
08/01/2007,APF,FL,ASO,ES,Federal Contract Tower,0,15,34,0,49,0,1,95,0,96,0,16,129,0,145,92,0,92,237
08/02/2007,APF,FL,ASO,ES,Federal Contract Tower,0,14,41,0,55,0,2,173,0,175,0,16,214,0,230,62,0,62,292
08/03/2007,APF,FL,ASO,ES,Federal Contract Tower,0,17,54,0,71,0,0,170,0,170,0,17,224,0,241,142,0,142,383
08/04/2007,APF,FL,ASO,ES,Federal Contract Tower,0,14,50,0,64,0,0,175,0,175,0,14,225,0,239,104,0,104,343
08/05/2007,APF,FL,ASO,ES,Federal Contract Tower,0,19,36,0,55,0,0,129,0,129,0,19,165,0,184,50,0,50,234
08/06/2007,APF,FL,ASO,ES,Federal Contract Tower,0,16,48,0,64,0,2,130,0,132,0,18,178,0,196,68,0,68,264
08/07/2007,APF,FL,ASO,ES,Federal Contract Tower,0,8,45,0,53,0,2,132,0,134,0,10,177,0,187,122,0,122,309
08/08/2007,APF,FL,ASO,ES,Federal Contract Tower,0,13,82,0,95,0,2,150,0,152,0,15,232,0,247,62,0,62,309
08/09/2007,APF,FL,ASO,ES,Federal Contract Tower,0,17,46,0,63,0,2,159,0,161,0,19,205,0,224,148,0,148,372
08/10/2007,APF,FL,ASO,ES,Federal Contract Tower,0,20,69,0,89,0,2,128,0,130,0,22,197,0,219,50,0,50,269
08/11/2007,APF,FL,ASO,ES,Federal Contract Tower,0,10,49,0,59,0,0,112,0,112,0,10,161,0,171,78,0,78,249
08/12/2007,APF,FL,ASO,ES,Federal Contract Tower,0,20,37,0,57,0,0,132,0,132,0,20,169,0,189,42,0,42,231
08/13/2007,APF,FL,ASO,ES,Federal Contract Tower,0,10,51,0,61,0,2,113,0,115,0,12,164,0,176,78,0,78,254
08/14/2007,APF,FL,ASO,ES,Federal Contract Tower,0,7,63,0,70,0,0,128,0,128,0,7,191,0,198,92,0,92,290
08/15/2007,APF,FL,ASO,ES,Federal Contract Tower,0,13,67,0,80,0,2,127,0,129,0,15,194,0,209,84,0,84,293
08/16/2007,APF,FL,ASO,ES,Federal Contract Tower,0,18,68,0,86,0,0,141,0,141,0,18,209,0,227,102,0,102,329
08/17/2007,APF,FL,ASO,ES,Federal Contract Tower,0,12,50,0,62,0,2,141,0,143,0,14,191,0,205,72,0,72,277
08/18/2007,APF,FL,ASO,ES,Federal Contract Tower,0,13,35,0,48,0,0,147,0,147,0,13,182,0,195,64,0,64,259
08/19/2007,APF,FL,ASO,ES,Federal Contract Tower,0,12,55,0,67,0,0,123,0,123,0,12,178,0,190,98,0,98,288
08/20/2007,APF,FL,ASO,ES,Federal Contract Tower,0,14,35,0,49,0,2,94,0,96,0,16,129,0,145,16,0,16,161
08/21/2007,APF,FL,ASO,ES,Federal Contract Tower,0,11,55,0,66,0,2,135,2,139,0,13,190,2,205,56,0,56,261
08/22/2007,APF,FL,ASO,ES,Federal Contract Tower,0,10,43,0,53,0,2,139,0,141,0,12,182,0,194,72,0,72,266
08/23/2007,APF,FL,ASO,ES,Federal Contract Tower,0,12,54,0,66,0,0,143,0,143,0,12,197,0,209,80,0,80,289
08/24/2007,APF,FL,ASO,ES,Federal Contract Tower,0,12,52,0,64,0,1,131,0,132,0,13,183,0,196,164,0,164,360
08/25/2007,APF,FL,ASO,ES,Federal Contract Tower,0,4,25,0,29,0,0,138,0,138,0,4,163,0,167,164,0,164,331
08/26/2007,APF,FL,ASO,ES,Federal Contract Tower,0,16,29,0,45,0,0,122,0,122,0,16,151,0,167,92,0,92,259
08/27/2007,APF,FL,ASO,ES,Federal Contract Tower,0,11,56,0,67,0,2,127,0,129,0,13,183,0,196,102,0,102,298
08/28/2007,APF,FL,ASO,ES,Federal Contract Tower,0,13,67,0,80,0,4,160,0,164,0,17,227,0,244,86,0,86,330
08/29/2007,APF,FL,ASO,ES,Federal Contract Tower,0,12,61,0,73,0,2,156,0,158,0,14,217,0,231,66,0,66,297
08/30/2007,APF,FL,ASO,ES,Federal Contract Tower,0,11,54,0,65,0,2,125,0,127,0,13,179,0,192,82,0,82,274
08/31/2007,APF,FL,ASO,ES,Federal Contract Tower,0,16,66,0,82,0,2,135,0,137,0,18,201,0,219,74,0,74,293
09/01/2007,APF,FL,ASO,ES,Federal Contract Tower,0,8,31,0,39,0,0,110,0,110,0,8,141,0,149,130,0,130,279
09/02/2007,APF,FL,ASO,ES,Federal Contract Tower,0,7,19,0,26,0,2,89,0,91,0,9,108,0,117,26,0,26,143
09/03/2007,APF,FL,ASO,ES,Federal Contract Tower,0,25,56,0,81,0,1,106,0,107,0,26,162,0,188,44,0,44,232
09/04/2007,APF,FL,ASO,ES,Federal Contract Tower,0,22,43,0,65,0,2,91,0,93,0,24,134,0,158,58,0,58,216
09/05/2007,APF,FL,ASO,ES,Federal Contract Tower,0,9,39,0,48,0,0,111,0,111,0,9,150,0,159,174,0,174,333
09/06/2007,APF,FL,ASO,ES,Federal Contract Tower,0,11,47,0,58,0,2,121,0,123,0,13,168,0,181,146,0,146,327
09/07/2007,APF,FL,ASO,ES,Federal Contract Tower,0,11,56,0,67,0,2,133,0,135,0,13,189,0,202,90,0,90,292
09/08/2007,APF,FL,ASO,ES,Federal Contract Tower,0,14,26,0,40,0,0,150,0,150,0,14,176,0,190,60,0,60,250
09/09/2007,APF,FL,ASO,ES,Federal Contract Tower,0,9,43,0,52,0,0,58,0,58,0,9,101,0,110,86,0,86,196
09/10/2007,APF,FL,ASO,ES,Federal Contract Tower,0,10,38,0,48,0,2,70,0,72,0,12,108,0,120,48,0,48,168
09/11/2007,APF,FL,ASO,ES,Federal Contract Tower,0,12,65,0,77,0,2,124,0,126,0,14,189,0,203,110,0,110,313
09/12/2007,APF,FL,ASO,ES,Federal Contract Tower,0,8,51,0,59,0,0,115,0,115,0,8,166,0,174,100,0,100,274
09/13/2007,APF,FL,ASO,ES,Federal Contract Tower,0,6,65,0,71,0,0,144,2,146,0,6,209,2,217,106,0,106,323
09/14/2007,APF,FL,ASO,ES,Federal Contract Tower,0,10,56,2,68,0,1,122,0,123,0,11,178,2,191,76,0,76,267
09/15/2007,APF,FL,ASO,ES,Federal Contract Tower,0,7,36,0,43,0,0,117,0,117,0,7,153,0,160,134,0,134,294
09/16/2007,APF,FL,ASO,ES,Federal Contract Tower,0,22,52,0,74,0,0,108,0,108,0,22,160,0,182,42,0,42,224
09/17/2007,APF,FL,ASO,ES,Federal Contract Tower,0,7,47,0,54,0,0,123,0,123,0,7,170,0,177,84,0,84,261
09/18/2007,APF,FL,ASO,ES,Federal Contract Tower,0,10,59,0,69,0,2,120,0,122,0,12,179,0,191,94,0,94,285
09/19/2007,APF,FL,ASO,ES,Federal Contract Tower,0,11,53,0,64,0,1,98,0,99,0,12,151,0,163,136,0,136,299
09/20/2007,APF,FL,ASO,ES,Federal Contract Tower,0,16,46,0,62,0,2,60,0,62,0,18,106,0,124,30,0,30,154
09/21/2007,APF,FL,ASO,ES,Federal Contract Tower,0,12,67,0,79,0,0,109,0,109,0,12,176,0,188,146,0,146,334
09/22/2007,APF,FL,ASO,ES,Federal Contract Tower,0,11,26,0,37,0,0,97,0,97,0,11,123,0,134,78,0,78,212
09/23/2007,APF,FL,ASO,ES,Federal Contract Tower,0,11,39,0,50,0,0,78,0,78,0,11,117,0,128,86,0,86,214
09/24/2007,APF,FL,ASO,ES,Federal Contract Tower,0,11,41,0,52,0,2,117,0,119,0,13,158,0,171,98,0,98,269
09/25/2007,APF,FL,ASO,ES,Federal Contract Tower,0,16,55,0,71,0,2,126,0,128,0,18,181,0,199,120,0,120,319
09/26/2007,APF,FL,ASO,ES,Federal Contract Tower,0,19,45,0,64,0,2,118,0,120,0,21,163,0,184,140,0,140,324
09/27/2007,APF,FL,ASO,ES,Federal Contract Tower,0,14,60,0,74,0,0,169,0,169,0,14,229,0,243,110,0,110,353
09/28/2007,APF,FL,ASO,ES,Federal Contract Tower,0,9,58,0,67,0,2,171,0,173,0,11,229,0,240,68,0,68,308
09/29/2007,APF,FL,ASO,ES,Federal Contract Tower,0,13,35,0,48,0,0,173,0,173,0,13,208,0,221,62,0,62,283
09/30/2007,APF,FL,ASO,ES,Federal Contract Tower,0,12,55,0,67,0,0,65,0,65,0,12,120,0,132,12,0,12,144
10/01/2007,APF,FL,ASO,ES,Federal Contract Tower,0,8,47,0,55,0,0,63,0,63,0,8,110,0,118,46,0,46,164
10/02/2007,APF,FL,ASO,ES,Federal Contract Tower,0,9,65,0,74,0,0,101,0,101,0,9,166,0,175,92,0,92,267
10/03/2007,APF,FL,ASO,ES,Federal Contract Tower,0,15,70,0,85,0,2,124,0,126,0,17,194,0,211,120,0,120,331
10/04/2007,APF,FL,ASO,ES,Federal Contract Tower,0,23,56,0,79,0,3,218,0,221,0,26,274,0,300,114,0,114,414
10/05/2007,APF,FL,ASO,ES,Federal Contract Tower,0,22,59,0,81,0,0,116,0,116,0,22,175,0,197,40,0,40,237
10/06/2007,APF,FL,ASO,ES,Federal Contract Tower,0,13,48,0,61,0,0,113,0,113,0,13,161,0,174,64,0,64,238
10/07/2007,APF,FL,ASO,ES,Federal Contract Tower,0,20,54,0,74,0,0,143,0,143,0,20,197,0,217,68,0,68,285
10/08/2007,APF,FL,ASO,ES,Federal Contract Tower,0,20,66,0,86,0,0,161,0,161,0,20,227,0,247,84,0,84,331
10/09/2007,APF,FL,ASO,ES,Federal Contract Tower,0,18,72,0,90,0,4,163,0,167,0,22,235,0,257,124,0,124,381
10/10/2007,APF,FL,ASO,ES,Federal Contract Tower,0,19,68,0,87,0,2,186,0,188,0,21,254,0,275,88,0,88,363
10/11/2007,APF,FL,ASO,ES,Federal Contract Tower,0,20,65,0,85,0,2,177,0,179,0,22,242,0,264,90,0,90,354
10/12/2007,APF,FL,ASO,ES,Federal Contract Tower,0,15,61,0,76,0,3,189,0,192,0,18,250,0,268,186,0,186,454
10/13/2007,APF,FL,ASO,ES,Federal Contract Tower,0,16,45,0,61,0,0,166,0,166,0,16,211,0,227,144,0,144,371
10/14/2007,APF,FL,ASO,ES,Federal Contract Tower,0,26,68,0,94,0,0,122,0,122,0,26,190,0,216,68,0,68,284
10/15/2007,APF,FL,ASO,ES,Federal Contract Tower,0,24,71,0,95,0,2,129,0,131,0,26,200,0,226,70,0,70,296
10/16/2007,APF,FL,ASO,ES,Federal Contract Tower,0,15,69,0,84,0,2,173,0,175,0,17,242,0,259,102,0,102,361
10/17/2007,APF,FL,ASO,ES,Federal Contract Tower,0,23,76,0,99,0,2,220,0,222,0,25,296,0,321,146,0,146,467
10/18/2007,APF,FL,ASO,ES,Federal Contract Tower,0,30,85,0,115,0,3,207,0,210,0,33,292,0,325,198,0,198,523
10/19/2007,APF,FL,ASO,ES,Federal Contract Tower,0,33,80,0,113,0,3,161,0,164,0,36,241,0,277,156,0,156,433
10/20/2007,APF,FL,ASO,ES,Federal Contract Tower,0,14,46,0,60,0,0,45,0,45,0,14,91,0,105,82,0,82,187
10/21/2007,APF,FL,ASO,ES,Federal Contract Tower,0,30,79,0,109,0,0,119,0,119,0,30,198,0,228,108,0,108,336
10/22/2007,APF,FL,ASO,ES,Federal Contract Tower,0,26,80,0,106,0,2,137,0,139,0,28,217,0,245,214,0,214,459
10/23/2007,APF,FL,ASO,ES,Federal Contract Tower,0,27,64,0,91,0,2,184,0,186,0,29,248,0,277,196,0,196,473
10/24/2007,APF,FL,ASO,ES,Federal Contract Tower,0,23,68,0,91,0,0,136,0,136,0,23,204,0,227,168,0,168,395
10/25/2007,APF,FL,ASO,ES,Federal Contract Tower,0,39,85,0,124,0,3,160,0,163,0,42,245,0,287,176,0,176,463
10/26/2007,APF,FL,ASO,ES,Federal Contract Tower,0,31,88,0,119,0,0,136,0,136,0,31,224,0,255,172,0,172,427
10/27/2007,APF,FL,ASO,ES,Federal Contract Tower,0,18,39,1,58,0,0,131,5,136,0,18,170,6,194,170,6,176,370
10/28/2007,APF,FL,ASO,ES,Federal Contract Tower,0,47,81,1,129,0,0,149,0,149,0,47,230,1,278,118,0,118,396
10/29/2007,APF,FL,ASO,ES,Federal Contract Tower,0,22,72,0,94,0,2,154,0,156,0,24,226,0,250,192,0,192,442
10/30/2007,APF,FL,ASO,ES,Federal Contract Tower,0,13,83,0,96,0,1,80,0,81,0,14,163,0,177,30,0,30,207
10/31/2007,APF,FL,ASO,ES,Federal Contract Tower,0,19,84,0,103,0,2,53,0,55,0,21,137,0,158,82,0,82,240
11/01/2007,APF,FL,ASO,ES,Federal Contract Tower,0,36,95,0,131,0,2,93,0,95,0,38,188,0,226,86,0,86,312
11/02/2007,APF,FL,ASO,ES,Federal Contract Tower,0,29,92,0,121,0,3,99,0,102,0,32,191,0,223,118,0,118,341
11/03/2007,APF,FL,ASO,ES,Federal Contract Tower,0,20,79,0,99,0,0,151,0,151,0,20,230,0,250,148,0,148,398
11/04/2007,APF,FL,ASO,ES,Federal Contract Tower,0,31,81,0,112,0,0,165,0,165,0,31,246,0,277,146,0,146,423
11/05/2007,APF,FL,ASO,ES,Federal Contract Tower,0,26,82,0,108,0,2,125,0,127,0,28,207,0,235,100,0,100,335
11/06/2007,APF,FL,ASO,ES,Federal Contract Tower,0,27,70,0,97,0,2,190,0,192,0,29,260,0,289,220,0,220,509
11/07/2007,APF,FL,ASO,ES,Federal Contract Tower,0,56,106,0,162,0,2,191,0,193,0,58,297,0,355,130,0,130,485
11/08/2007,APF,FL,ASO,ES,Federal Contract Tower,0,55,103,0,158,0,5,221,0,226,0,60,324,0,384,88,0,88,472
11/09/2007,APF,FL,ASO,ES,Federal Contract Tower,0,57,98,0,155,0,2,175,0,177,0,59,273,0,332,138,0,138,470
11/10/2007,APF,FL,ASO,ES,Federal Contract Tower,0,34,91,0,125,0,0,169,0,169,0,34,260,0,294,100,0,100,394
11/11/2007,APF,FL,ASO,ES,Federal Contract Tower,0,29,116,0,145,0,0,159,0,159,0,29,275,0,304,70,0,70,374
11/12/2007,APF,FL,ASO,ES,Federal Contract Tower,0,30,111,0,141,0,1,187,0,188,0,31,298,0,329,62,0,62,391
11/13/2007,APF,FL,ASO,ES,Federal Contract Tower,0,34,100,0,134,0,3,185,0,188,0,37,285,0,322,104,0,104,426
11/14/2007,APF,FL,ASO,ES,Federal Contract Tower,0,43,121,0,164,0,2,203,0,205,0,45,324,0,369,112,0,112,481
11/15/2007,APF,FL,ASO,ES,Federal Contract Tower,0,42,129,0,171,0,2,181,0,183,0,44,310,0,354,78,0,78,432
11/16/2007,APF,FL,ASO,ES,Federal Contract Tower,0,41,117,0,158,0,2,203,0,205,0,43,320,0,363,68,0,68,431
11/17/2007,APF,FL,ASO,ES,Federal Contract Tower,0,50,66,0,116,0,0,169,0,169,0,50,235,0,285,124,0,124,409
11/18/2007,APF,FL,ASO,ES,Federal Contract Tower,0,52,83,0,135,0,0,97,0,97,0,52,180,0,232,18,0,18,250
11/19/2007,APF,FL,ASO,ES,Federal Contract Tower,0,43,97,0,140,0,2,179,0,181,0,45,276,0,321,44,0,44,365
11/20/2007,APF,FL,ASO,ES,Federal Contract Tower,0,49,151,0,200,0,4,173,0,177,0,53,324,0,377,68,0,68,445
11/21/2007,APF,FL,ASO,ES,Federal Contract Tower,0,43,111,0,154,0,2,247,0,249,0,45,358,0,403,60,0,60,463
11/22/2007,APF,FL,ASO,ES,Federal Contract Tower,0,20,20,0,40,0,0,77,0,77,0,20,97,0,117,30,0,30,147
11/23/2007,APF,FL,ASO,ES,Federal Contract Tower,0,24,77,0,101,0,2,152,0,154,0,26,229,0,255,82,0,82,337
11/24/2007,APF,FL,ASO,ES,Federal Contract Tower,0,46,93,0,139,0,0,117,1,118,0,46,210,1,257,72,0,72,329
11/25/2007,APF,FL,ASO,ES,Federal Contract Tower,0,80,185,0,265,0,0,119,0,119,0,80,304,0,384,14,0,14,398
11/26/2007,APF,FL,ASO,ES,Federal Contract Tower,0,45,92,0,137,0,2,161,0,163,0,47,253,0,300,40,0,40,340
11/27/2007,APF,FL,ASO,ES,Federal Contract Tower,0,34,89,0,123,0,3,172,0,175,0,37,261,0,298,160,0,160,458
11/28/2007,APF,FL,ASO,ES,Federal Contract Tower,0,31,101,0,132,0,2,139,0,141,0,33,240,0,273,110,0,110,383
11/29/2007,APF,FL,ASO,ES,Federal Contract Tower,0,38,88,0,126,0,2,154,0,156,0,40,242,0,282,82,0,82,364
11/30/2007,APF,FL,ASO,ES,Federal Contract Tower,0,40,96,0,136,0,2,140,0,142,0,42,236,0,278,74,0,74,352
12/01/2007,APF,FL,ASO,ES,Federal Contract Tower,0,31,68,0,99,0,2,95,0,97,0,33,163,0,196,42,0,42,238
12/02/2007,APF,FL,ASO,ES,Federal Contract Tower,0,36,91,0,127,0,0,147,0,147,0,36,238,0,274,98,0,98,372
12/03/2007,APF,FL,ASO,ES,Federal Contract Tower,0,18,79,0,97,0,6,160,0,166,0,24,239,0,263,36,0,36,299
12/04/2007,APF,FL,ASO,ES,Federal Contract Tower,0,41,86,0,127,0,2,161,0,163,0,43,247,0,290,66,0,66,356
12/05/2007,APF,FL,ASO,ES,Federal Contract Tower,0,38,74,0,112,0,2,167,0,169,0,40,241,0,281,88,0,88,369
12/06/2007,APF,FL,ASO,ES,Federal Contract Tower,0,34,104,0,138,0,2,188,0,190,0,36,292,0,328,84,0,84,412
12/07/2007,APF,FL,ASO,ES,Federal Contract Tower,0,33,101,2,136,0,2,161,0,163,0,35,262,2,299,92,0,92,391
12/08/2007,APF,FL,ASO,ES,Federal Contract Tower,0,23,86,0,109,0,0,143,0,143,0,23,229,0,252,82,0,82,334
12/09/2007,APF,FL,ASO,ES,Federal Contract Tower,0,48,73,0,121,0,0,143,0,143,0,48,216,0,264,28,0,28,292
12/10/2007,APF,FL,ASO,ES,Federal Contract Tower,0,25,87,0,112,0,2,149,0,151,0,27,236,0,263,96,0,96,359
12/11/2007,APF,FL,ASO,ES,Federal Contract Tower,0,23,68,0,91,0,1,175,0,176,0,24,243,0,267,122,0,122,389
12/12/2007,APF,FL,ASO,ES,Federal Contract Tower,0,29,81,0,110,0,2,238,0,240,0,31,319,0,350,132,0,132,482
12/13/2007,APF,FL,ASO,ES,Federal Contract Tower,0,24,113,0,137,0,2,162,0,164,0,26,275,0,301,122,0,122,423
12/14/2007,APF,FL,ASO,ES,Federal Contract Tower,0,35,111,0,146,0,0,69,0,69,0,35,180,0,215,86,0,86,301
12/15/2007,APF,FL,ASO,ES,Federal Contract Tower,0,21,66,0,87,0,0,70,0,70,0,21,136,0,157,78,0,78,235
12/16/2007,APF,FL,ASO,ES,Federal Contract Tower,0,27,59,0,86,0,0,19,0,19,0,27,78,0,105,2,0,2,107
12/17/2007,APF,FL,ASO,ES,Federal Contract Tower,0,19,65,0,84,0,2,136,0,138,0,21,201,0,222,48,0,48,270
12/18/2007,APF,FL,ASO,ES,Federal Contract Tower,0,15,60,0,75,0,3,155,0,158,0,18,215,0,233,96,0,96,329
12/19/2007,APF,FL,ASO,ES,Federal Contract Tower,0,16,112,0,128,0,3,148,0,151,0,19,260,0,279,48,0,48,327
12/20/2007,APF,FL,ASO,ES,Federal Contract Tower,0,25,89,0,114,0,3,155,0,158,0,28,244,0,272,26,0,26,298
12/21/2007,APF,FL,ASO,ES,Federal Contract Tower,0,41,63,0,104,0,2,78,0,80,0,43,141,0,184,60,2,62,246
12/22/2007,APF,FL,ASO,ES,Federal Contract Tower,0,25,97,0,122,0,2,122,0,124,0,27,219,0,246,56,0,56,302
12/23/2007,APF,FL,ASO,ES,Federal Contract Tower,0,19,61,0,80,0,0,89,3,92,0,19,150,3,172,24,0,24,196
12/24/2007,APF,FL,ASO,ES,Federal Contract Tower,0,11,42,0,53,0,2,78,0,80,0,13,120,0,133,32,0,32,165
12/25/2007,APF,FL,ASO,ES,Federal Contract Tower,0,43,11,0,54,0,0,34,0,34,0,43,45,0,88,0,0,0,88
12/26/2007,APF,FL,ASO,ES,Federal Contract Tower,0,76,202,0,278,0,2,136,0,138,0,78,338,0,416,24,0,24,440
12/27/2007,APF,FL,ASO,ES,Federal Contract Tower,0,88,211,0,299,0,7,147,0,154,0,95,358,0,453,26,0,26,479
12/28/2007,APF,FL,ASO,ES,Federal Contract Tower,0,69,116,0,185,0,2,156,0,158,0,71,272,0,343,16,0,16,359
12/29/2007,APF,FL,ASO,ES,Federal Contract Tower,0,48,105,0,153,0,0,145,0,145,0,48,250,0,298,16,0,16,314
12/30/2007,APF,FL,ASO,ES,Federal Contract Tower,0,42,100,0,142,0,0,115,0,115,0,42,215,0,257,38,0,38,295
12/31/2007,APF,FL,ASO,ES,Federal Contract Tower,0,42,71,0,113,0,3,81,0,84,0,45,152,0,197,40,0,40,237
01/01/2008,APF,FL,ASO,ES,Federal Contract Tower,0,38,97,0,135,0,0,20,0,20,0,38,117,0,155,8,0,8,163
01/02/2008,APF,FL,ASO,ES,Federal Contract Tower,0,41,149,0,190,0,3,69,0,72,0,44,218,0,262,16,0,16,278
01/03/2008,APF,FL,ASO,ES,Federal Contract Tower,0,43,93,0,136,0,2,63,0,65,0,45,156,0,201,18,0,18,219
01/04/2008,APF,FL,ASO,ES,Federal Contract Tower,0,35,105,0,140,0,1,105,0,106,0,36,210,0,246,60,0,60,306
01/05/2008,APF,FL,ASO,ES,Federal Contract Tower,0,59,135,0,194,0,0,73,0,73,0,59,208,0,267,28,0,28,295
01/06/2008,APF,FL,ASO,ES,Federal Contract Tower,0,74,119,0,193,0,0,109,0,109,0,74,228,0,302,18,0,18,320
01/07/2008,APF,FL,ASO,ES,Federal Contract Tower,0,40,82,0,122,0,2,129,0,131,0,42,211,0,253,58,0,58,311
01/08/2008,APF,FL,ASO,ES,Federal Contract Tower,0,32,101,4,137,0,2,155,0,157,0,34,256,4,294,56,0,56,350
01/09/2008,APF,FL,ASO,ES,Federal Contract Tower,0,42,95,0,137,0,3,178,0,181,0,45,273,0,318,36,0,36,354
01/10/2008,APF,FL,ASO,ES,Federal Contract Tower,0,36,113,0,149,0,0,150,0,150,0,36,263,0,299,38,0,38,337
01/11/2008,APF,FL,ASO,ES,Federal Contract Tower,0,46,80,0,126,0,0,160,0,160,0,46,240,0,286,56,0,56,342
01/12/2008,APF,FL,ASO,ES,Federal Contract Tower,0,27,75,0,102,0,0,181,0,181,0,27,256,0,283,44,0,44,327
01/13/2008,APF,FL,ASO,ES,Federal Contract Tower,0,47,108,0,155,0,0,35,0,35,0,47,143,0,190,2,0,2,192
01/14/2008,APF,FL,ASO,ES,Federal Contract Tower,0,37,99,0,136,0,2,158,0,160,0,39,257,0,296,20,0,20,316
01/15/2008,APF,FL,ASO,ES,Federal Contract Tower,0,27,112,0,139,0,2,153,0,155,0,29,265,0,294,46,0,46,340
01/16/2008,APF,FL,ASO,ES,Federal Contract Tower,0,43,130,0,173,0,2,193,0,195,0,45,323,0,368,14,0,14,382
01/17/2008,APF,FL,ASO,ES,Federal Contract Tower,0,58,126,0,184,0,1,115,0,116,0,59,241,0,300,10,0,10,310
01/18/2008,APF,FL,ASO,ES,Federal Contract Tower,0,51,167,0,218,0,0,49,0,49,0,51,216,0,267,42,0,42,309
01/19/2008,APF,FL,ASO,ES,Federal Contract Tower,0,27,80,0,107,0,0,109,0,109,0,27,189,0,216,24,0,24,240
01/20/2008,APF,FL,ASO,ES,Federal Contract Tower,0,30,114,0,144,0,2,42,0,44,0,32,156,0,188,0,0,0,188
01/21/2008,APF,FL,ASO,ES,Federal Contract Tower,0,59,110,0,169,0,1,164,0,165,0,60,274,0,334,94,0,94,428
01/22/2008,APF,FL,ASO,ES,Federal Contract Tower,0,31,122,2,155,0,0,139,0,139,0,31,261,2,294,116,2,118,412
01/23/2008,APF,FL,ASO,ES,Federal Contract Tower,0,47,102,0,149,0,0,140,0,140,0,47,242,0,289,172,0,172,461
01/24/2008,APF,FL,ASO,ES,Federal Contract Tower,0,29,80,0,109,0,0,17,0,17,0,29,97,0,126,2,0,2,128
01/25/2008,APF,FL,ASO,ES,Federal Contract Tower,0,41,121,0,162,0,0,248,0,248,0,41,369,0,410,192,0,192,602
01/26/2008,APF,FL,ASO,ES,Federal Contract Tower,0,39,91,0,130,0,0,237,0,237,0,39,328,0,367,82,0,82,449
01/27/2008,APF,FL,ASO,ES,Federal Contract Tower,0,41,112,0,153,0,1,96,0,97,0,42,208,0,250,24,0,24,274
01/28/2008,APF,FL,ASO,ES,Federal Contract Tower,0,55,87,0,142,0,0,219,0,219,0,55,306,0,361,210,0,210,571
01/29/2008,APF,FL,ASO,ES,Federal Contract Tower,0,49,107,0,156,0,0,234,0,234,0,49,341,0,390,100,0,100,490
01/30/2008,APF,FL,ASO,ES,Federal Contract Tower,0,36,104,0,140,0,0,208,0,208,0,36,312,0,348,104,0,104,452
01/31/2008,APF,FL,ASO,ES,Federal Contract Tower,0,47,90,0,137,0,0,178,0,178,0,47,268,0,315,150,0,150,465
02/01/2008,APF,FL,ASO,ES,Federal Contract Tower,0,56,109,0,165,0,0,185,0,185,0,56,294,0,350,106,0,106,456
02/02/2008,APF,FL,ASO,ES,Federal Contract Tower,0,39,100,0,139,0,0,152,0,152,0,39,252,0,291,112,0,112,403
02/03/2008,APF,FL,ASO,ES,Federal Contract Tower,0,51,114,0,165,0,1,144,0,145,0,52,258,0,310,92,0,92,402
02/04/2008,APF,FL,ASO,ES,Federal Contract Tower,0,37,108,0,145,0,0,159,0,159,0,37,267,0,304,110,0,110,414
02/05/2008,APF,FL,ASO,ES,Federal Contract Tower,0,50,117,0,167,0,0,202,0,202,0,50,319,0,369,196,0,196,565
02/06/2008,APF,FL,ASO,ES,Federal Contract Tower,0,42,111,0,153,0,0,173,0,173,0,42,284,0,326,96,0,96,422
02/07/2008,APF,FL,ASO,ES,Federal Contract Tower,0,51,172,0,223,0,0,139,0,139,0,51,311,0,362,98,0,98,460
02/08/2008,APF,FL,ASO,ES,Federal Contract Tower,0,74,147,0,221,0,9,159,0,168,0,83,306,0,389,176,0,176,565
02/09/2008,APF,FL,ASO,ES,Federal Contract Tower,0,29,102,0,131,0,0,90,0,90,0,29,192,0,221,72,0,72,293
02/10/2008,APF,FL,ASO,ES,Federal Contract Tower,0,51,135,0,186,0,0,147,0,147,0,51,282,0,333,50,0,50,383
02/11/2008,APF,FL,ASO,ES,Federal Contract Tower,0,66,120,0,186,0,2,215,0,217,0,68,335,0,403,96,0,96,499
02/12/2008,APF,FL,ASO,ES,Federal Contract Tower,0,33,80,0,113,0,0,117,0,117,0,33,197,0,230,118,0,118,348
02/13/2008,APF,FL,ASO,ES,Federal Contract Tower,0,73,115,0,188,0,2,57,0,59,0,75,172,0,247,102,0,102,349
02/14/2008,APF,FL,ASO,ES,Federal Contract Tower,0,70,163,0,233,0,3,217,0,220,0,73,380,0,453,56,0,56,509
02/15/2008,APF,FL,ASO,ES,Federal Contract Tower,0,77,174,0,251,0,6,195,0,201,0,83,369,0,452,116,0,116,568
02/16/2008,APF,FL,ASO,ES,Federal Contract Tower,0,51,91,0,142,0,4,206,0,210,0,55,297,0,352,86,0,86,438
02/17/2008,APF,FL,ASO,ES,Federal Contract Tower,0,62,106,0,168,0,2,151,0,153,0,64,257,0,321,54,0,54,375
02/18/2008,APF,FL,ASO,ES,Federal Contract Tower,0,70,142,0,212,0,0,172,0,172,0,70,314,0,384,46,0,46,430
02/19/2008,APF,FL,ASO,ES,Federal Contract Tower,0,61,135,0,196,0,0,202,0,202,0,61,337,0,398,94,0,94,492
02/20/2008,APF,FL,ASO,ES,Federal Contract Tower,0,75,130,0,205,0,2,252,0,254,0,77,382,0,459,124,0,124,583
02/21/2008,APF,FL,ASO,ES,Federal Contract Tower,0,58,131,0,189,0,0,178,0,178,0,58,309,0,367,220,0,220,587
02/22/2008,APF,FL,ASO,ES,Federal Contract Tower,0,63,108,2,173,0,0,216,0,216,0,63,324,2,389,92,0,92,481
02/23/2008,APF,FL,ASO,ES,Federal Contract Tower,0,43,116,0,159,0,6,181,0,187,0,49,297,0,346,64,0,64,410
02/24/2008,APF,FL,ASO,ES,Federal Contract Tower,0,59,184,0,243,0,1,53,0,54,0,60,237,0,297,22,0,22,319
02/25/2008,APF,FL,ASO,ES,Federal Contract Tower,0,57,137,0,194,0,1,149,2,152,0,58,286,2,346,152,0,152,498
02/26/2008,APF,FL,ASO,ES,Federal Contract Tower,0,43,99,0,142,0,0,155,0,155,0,43,254,0,297,244,0,244,541
02/27/2008,APF,FL,ASO,ES,Federal Contract Tower,0,65,123,0,188,0,2,125,0,127,0,67,248,0,315,54,0,54,369
02/28/2008,APF,FL,ASO,ES,Federal Contract Tower,0,66,133,0,199,0,0,254,0,254,0,66,387,0,453,164,0,164,617
02/29/2008,APF,FL,ASO,ES,Federal Contract Tower,0,66,147,0,213,0,0,243,0,243,0,66,390,0,456,122,0,122,578
03/01/2008,APF,FL,ASO,ES,Federal Contract Tower,0,32,88,0,120,0,6,201,0,207,0,38,289,0,327,124,0,124,451
03/02/2008,APF,FL,ASO,ES,Federal Contract Tower,0,69,167,0,236,0,0,170,0,170,0,69,337,0,406,58,0,58,464
03/03/2008,APF,FL,ASO,ES,Federal Contract Tower,0,57,109,0,166,0,1,163,0,164,0,58,272,0,330,148,0,148,478
03/04/2008,APF,FL,ASO,ES,Federal Contract Tower,0,34,102,0,136,0,0,133,0,133,0,34,235,0,269,146,0,146,415
03/05/2008,APF,FL,ASO,ES,Federal Contract Tower,0,66,160,0,226,0,0,161,0,161,0,66,321,0,387,118,0,118,505
03/06/2008,APF,FL,ASO,ES,Federal Contract Tower,0,75,181,0,256,0,1,178,0,179,0,76,359,0,435,163,0,163,598
03/07/2008,APF,FL,ASO,ES,Federal Contract Tower,0,67,118,0,185,0,0,97,0,97,0,67,215,0,282,102,0,102,384
03/08/2008,APF,FL,ASO,ES,Federal Contract Tower,0,51,62,0,113,0,0,37,0,37,0,51,99,0,150,0,0,0,150
03/09/2008,APF,FL,ASO,ES,Federal Contract Tower,0,64,153,0,217,0,0,206,0,206,0,64,359,0,423,72,0,72,495
03/10/2008,APF,FL,ASO,ES,Federal Contract Tower,0,56,122,0,178,0,0,194,0,194,0,56,316,0,372,120,0,120,492
03/11/2008,APF,FL,ASO,ES,Federal Contract Tower,0,41,94,0,135,0,0,164,0,164,0,41,258,0,299,180,0,180,479
03/12/2008,APF,FL,ASO,ES,Federal Contract Tower,0,58,124,0,182,0,0,117,0,117,0,58,241,0,299,68,0,68,367
03/13/2008,APF,FL,ASO,ES,Federal Contract Tower,0,68,150,0,218,0,1,190,0,191,0,69,340,0,409,112,0,112,521
03/14/2008,APF,FL,ASO,ES,Federal Contract Tower,0,69,140,2,211,0,0,141,0,141,0,69,281,2,352,88,0,88,440
03/15/2008,APF,FL,ASO,ES,Federal Contract Tower,0,57,107,0,164,0,0,206,0,206,0,57,313,0,370,20,0,20,390
03/16/2008,APF,FL,ASO,ES,Federal Contract Tower,0,60,167,0,227,0,2,41,0,43,0,62,208,0,270,2,0,2,272
03/17/2008,APF,FL,ASO,ES,Federal Contract Tower,0,59,134,3,196,0,0,130,1,131,0,59,264,4,327,192,0,192,519
03/18/2008,APF,FL,ASO,ES,Federal Contract Tower,0,34,77,4,115,0,0,157,0,157,0,34,234,4,272,70,0,70,342
03/19/2008,APF,FL,ASO,ES,Federal Contract Tower,0,76,114,0,190,0,1,145,0,146,0,77,259,0,336,58,0,58,394
03/20/2008,APF,FL,ASO,ES,Federal Contract Tower,0,111,200,0,311,0,2,152,0,154,0,113,352,0,465,54,0,54,519
03/21/2008,APF,FL,ASO,ES,Federal Contract Tower,0,62,153,2,217,0,0,191,0,191,0,62,344,2,408,48,0,48,456
03/22/2008,APF,FL,ASO,ES,Federal Contract Tower,0,50,120,0,170,0,0,108,0,108,0,50,228,0,278,76,0,76,354
03/23/2008,APF,FL,ASO,ES,Federal Contract Tower,0,68,99,0,167,0,0,35,0,35,0,68,134,0,202,22,0,22,224
03/24/2008,APF,FL,ASO,ES,Federal Contract Tower,0,82,170,0,252,0,0,127,0,127,0,82,297,0,379,66,0,66,445
03/25/2008,APF,FL,ASO,ES,Federal Contract Tower,0,59,125,0,184,0,0,204,0,204,0,59,329,0,388,98,0,98,486
03/26/2008,APF,FL,ASO,ES,Federal Contract Tower,0,61,137,0,198,0,0,259,0,259,0,61,396,0,457,126,0,126,583
03/27/2008,APF,FL,ASO,ES,Federal Contract Tower,0,48,137,0,185,0,0,234,0,234,0,48,371,0,419,136,0,136,555
03/28/2008,APF,FL,ASO,ES,Federal Contract Tower,0,56,109,0,165,0,3,239,0,242,0,59,348,0,407,128,0,128,535
03/29/2008,APF,FL,ASO,ES,Federal Contract Tower,0,76,126,0,202,0,9,215,0,224,0,85,341,0,426,50,0,50,476
03/30/2008,APF,FL,ASO,ES,Federal Contract Tower,0,100,165,0,265,0,0,122,0,122,0,100,287,0,387,40,0,40,427
03/31/2008,APF,FL,ASO,ES,Federal Contract Tower,0,57,103,0,160,0,0,136,0,136,0,57,239,0,296,106,0,106,402
04/01/2008,APF,FL,ASO,ES,Federal Contract Tower,0,46,93,0,139,0,0,100,0,100,0,46,193,0,239,90,0,90,329
04/02/2008,APF,FL,ASO,ES,Federal Contract Tower,0,48,121,0,169,0,2,110,0,112,0,50,231,0,281,94,0,94,375
04/03/2008,APF,FL,ASO,ES,Federal Contract Tower,0,48,115,0,163,0,3,168,0,171,0,51,283,0,334,96,0,96,430
04/04/2008,APF,FL,ASO,ES,Federal Contract Tower,0,52,111,0,163,0,0,159,0,159,0,52,270,0,322,88,0,88,410
04/05/2008,APF,FL,ASO,ES,Federal Contract Tower,0,37,84,0,121,0,0,123,0,123,0,37,207,0,244,14,0,14,258
04/06/2008,APF,FL,ASO,ES,Federal Contract Tower,0,55,107,0,162,0,1,115,0,116,0,56,222,0,278,48,0,48,326
04/07/2008,APF,FL,ASO,ES,Federal Contract Tower,0,49,103,0,152,0,0,124,0,124,0,49,227,0,276,68,0,68,344
04/08/2008,APF,FL,ASO,ES,Federal Contract Tower,0,51,102,0,153,0,0,157,0,157,0,51,259,0,310,130,0,130,440
04/09/2008,APF,FL,ASO,ES,Federal Contract Tower,0,48,137,0,185,0,0,141,0,141,0,48,278,0,326,94,0,94,420
04/10/2008,APF,FL,ASO,ES,Federal Contract Tower,0,56,126,0,182,0,0,230,0,230,0,56,356,0,412,76,0,76,488
04/11/2008,APF,FL,ASO,ES,Federal Contract Tower,0,54,112,0,166,0,0,192,0,192,0,54,304,0,358,82,0,82,440
04/12/2008,APF,FL,ASO,ES,Federal Contract Tower,0,43,112,0,155,0,1,194,0,195,0,44,306,0,350,106,0,106,456
04/13/2008,APF,FL,ASO,ES,Federal Contract Tower,0,48,120,0,168,0,0,93,0,93,0,48,213,0,261,84,0,84,345
04/14/2008,APF,FL,ASO,ES,Federal Contract Tower,0,52,106,0,158,0,1,152,0,153,0,53,258,0,311,52,0,52,363
04/15/2008,APF,FL,ASO,ES,Federal Contract Tower,0,35,79,0,114,0,0,182,0,182,0,35,261,0,296,58,0,58,354
04/16/2008,APF,FL,ASO,ES,Federal Contract Tower,0,24,121,1,146,0,0,206,0,206,0,24,327,1,352,122,0,122,474
04/17/2008,APF,FL,ASO,ES,Federal Contract Tower,0,46,105,0,151,0,3,222,0,225,0,49,327,0,376,58,0,58,434
04/18/2008,APF,FL,ASO,ES,Federal Contract Tower,0,49,120,0,169,0,1,214,0,215,0,50,334,0,384,28,0,28,412
04/19/2008,APF,FL,ASO,ES,Federal Contract Tower,0,25,73,0,98,0,0,128,0,128,0,25,201,0,226,82,0,82,308
04/20/2008,APF,FL,ASO,ES,Federal Contract Tower,0,42,116,0,158,0,0,160,0,160,0,42,276,0,318,118,0,118,436
04/21/2008,APF,FL,ASO,ES,Federal Contract Tower,0,35,92,0,127,0,0,175,2,177,0,35,267,2,304,54,0,54,358
04/22/2008,APF,FL,ASO,ES,Federal Contract Tower,0,38,97,0,135,0,0,197,0,197,0,38,294,0,332,82,0,82,414
04/23/2008,APF,FL,ASO,ES,Federal Contract Tower,0,37,77,0,114,0,0,207,0,207,0,37,284,0,321,82,0,82,403
04/24/2008,APF,FL,ASO,ES,Federal Contract Tower,0,47,100,0,147,0,0,196,0,196,0,47,296,0,343,166,0,166,509
04/25/2008,APF,FL,ASO,ES,Federal Contract Tower,0,61,100,0,161,0,2,215,0,217,0,63,315,0,378,140,0,140,518
04/26/2008,APF,FL,ASO,ES,Federal Contract Tower,0,28,69,0,97,0,0,165,0,165,0,28,234,0,262,88,0,88,350
04/27/2008,APF,FL,ASO,ES,Federal Contract Tower,0,16,105,0,121,0,0,133,0,133,0,16,238,0,254,96,0,96,350
04/28/2008,APF,FL,ASO,ES,Federal Contract Tower,0,37,96,0,133,0,0,151,0,151,0,37,247,0,284,96,0,96,380
04/29/2008,APF,FL,ASO,ES,Federal Contract Tower,0,31,79,0,110,0,0,144,2,146,0,31,223,2,256,92,0,92,348
04/30/2008,APF,FL,ASO,ES,Federal Contract Tower,0,48,94,0,142,0,0,225,2,227,0,48,319,2,369,140,0,140,509
05/01/2008,APF,FL,ASO,ES,Federal Contract Tower,0,44,100,0,144,0,0,192,0,192,0,44,292,0,336,96,0,96,432
05/02/2008,APF,FL,ASO,ES,Federal Contract Tower,0,44,75,0,119,0,0,213,0,213,0,44,288,0,332,188,0,188,520
05/03/2008,APF,FL,ASO,ES,Federal Contract Tower,0,22,54,0,76,0,0,151,0,151,0,22,205,0,227,76,0,76,303
05/04/2008,APF,FL,ASO,ES,Federal Contract Tower,0,52,76,0,128,0,0,147,0,147,0,52,223,0,275,126,0,126,401
05/05/2008,APF,FL,ASO,ES,Federal Contract Tower,0,38,77,0,115,0,0,147,0,147,0,38,224,0,262,36,0,36,298
05/06/2008,APF,FL,ASO,ES,Federal Contract Tower,0,31,69,0,100,0,0,219,0,219,0,31,288,0,319,160,0,160,479
05/07/2008,APF,FL,ASO,ES,Federal Contract Tower,0,40,78,0,118,0,0,187,0,187,0,40,265,0,305,220,0,220,525
05/08/2008,APF,FL,ASO,ES,Federal Contract Tower,0,40,96,0,136,0,2,144,0,146,0,42,240,0,282,70,0,70,352
05/09/2008,APF,FL,ASO,ES,Federal Contract Tower,0,47,85,0,132,0,0,103,0,103,0,47,188,0,235,60,0,60,295
05/10/2008,APF,FL,ASO,ES,Federal Contract Tower,0,21,61,0,82,0,2,159,0,161,0,23,220,0,243,60,0,60,303
05/11/2008,APF,FL,ASO,ES,Federal Contract Tower,0,32,80,0,112,0,0,40,0,40,0,32,120,0,152,28,0,28,180
05/12/2008,APF,FL,ASO,ES,Federal Contract Tower,0,35,66,0,101,0,4,82,0,86,0,39,148,0,187,26,0,26,213
05/13/2008,APF,FL,ASO,ES,Federal Contract Tower,0,41,56,0,97,0,0,191,0,191,0,41,247,0,288,104,0,104,392
05/14/2008,APF,FL,ASO,ES,Federal Contract Tower,0,42,61,0,103,0,0,174,0,174,0,42,235,0,277,88,0,88,365
05/15/2008,APF,FL,ASO,ES,Federal Contract Tower,0,54,93,0,147,0,0,156,0,156,0,54,249,0,303,82,0,82,385
05/16/2008,APF,FL,ASO,ES,Federal Contract Tower,0,37,65,0,102,0,0,161,0,161,0,37,226,0,263,90,0,90,353
05/17/2008,APF,FL,ASO,ES,Federal Contract Tower,0,16,71,0,87,0,2,149,0,151,0,18,220,0,238,68,0,68,306
05/18/2008,APF,FL,ASO,ES,Federal Contract Tower,0,24,29,0,53,0,132,0,0,132,0,156,29,0,185,54,0,54,239
05/19/2008,APF,FL,ASO,ES,Federal Contract Tower,0,38,59,0,97,0,0,87,0,87,0,38,146,0,184,22,0,22,206
05/20/2008,APF,FL,ASO,ES,Federal Contract Tower,0,30,80,0,110,0,0,120,0,120,0,30,200,0,230,48,0,48,278
05/21/2008,APF,FL,ASO,ES,Federal Contract Tower,0,43,101,0,144,0,0,91,0,91,0,43,192,0,235,106,0,106,341
05/22/2008,APF,FL,ASO,ES,Federal Contract Tower,0,38,70,0,108,0,3,132,0,135,0,41,202,0,243,34,0,34,277
05/23/2008,APF,FL,ASO,ES,Federal Contract Tower,0,35,74,0,109,0,3,135,0,138,0,38,209,0,247,86,0,86,333
05/24/2008,APF,FL,ASO,ES,Federal Contract Tower,0,15,40,0,55,0,1,109,0,110,0,16,149,0,165,54,0,54,219
05/25/2008,APF,FL,ASO,ES,Federal Contract Tower,0,14,24,0,38,0,7,72,0,79,0,21,96,0,117,44,0,44,161
05/26/2008,APF,FL,ASO,ES,Federal Contract Tower,0,35,56,0,91,0,1,154,0,155,0,36,210,0,246,36,0,36,282
05/27/2008,APF,FL,ASO,ES,Federal Contract Tower,0,24,73,0,97,0,0,125,0,125,0,24,198,0,222,50,0,50,272
05/28/2008,APF,FL,ASO,ES,Federal Contract Tower,0,33,59,0,92,0,0,185,0,185,0,33,244,0,277,110,0,110,387
05/29/2008,APF,FL,ASO,ES,Federal Contract Tower,0,42,64,0,106,0,2,161,0,163,0,44,225,0,269,80,0,80,349
05/30/2008,APF,FL,ASO,ES,Federal Contract Tower,0,27,66,0,93,0,4,155,0,159,0,31,221,0,252,112,0,112,364
05/31/2008,APF,FL,ASO,ES,Federal Contract Tower,0,27,37,0,64,0,1,131,0,132,0,28,168,0,196,80,0,80,276
06/01/2008,APF,FL,ASO,ES,Federal Contract Tower,0,28,55,0,83,0,5,107,2,114,0,33,162,2,197,94,4,98,295
06/02/2008,APF,FL,ASO,ES,Federal Contract Tower,0,19,43,0,62,0,2,147,0,149,0,21,190,0,211,84,0,84,295
06/03/2008,APF,FL,ASO,ES,Federal Contract Tower,0,23,46,0,69,0,0,172,0,172,0,23,218,0,241,120,0,120,361
06/04/2008,APF,FL,ASO,ES,Federal Contract Tower,0,21,58,0,79,0,0,190,0,190,0,21,248,0,269,154,0,154,423
06/05/2008,APF,FL,ASO,ES,Federal Contract Tower,0,27,51,0,78,0,7,176,0,183,0,34,227,0,261,124,0,124,385
06/06/2008,APF,FL,ASO,ES,Federal Contract Tower,0,29,58,0,87,0,2,167,0,169,0,31,225,0,256,106,0,106,362
06/07/2008,APF,FL,ASO,ES,Federal Contract Tower,0,15,35,0,50,0,2,202,0,204,0,17,237,0,254,100,0,100,354
06/08/2008,APF,FL,ASO,ES,Federal Contract Tower,0,19,54,0,73,0,9,112,0,121,0,28,166,0,194,176,0,176,370
06/09/2008,APF,FL,ASO,ES,Federal Contract Tower,0,25,41,0,66,0,0,135,0,135,0,25,176,0,201,36,0,36,237
06/10/2008,APF,FL,ASO,ES,Federal Contract Tower,0,23,46,0,69,0,1,166,0,167,0,24,212,0,236,140,0,140,376
06/11/2008,APF,FL,ASO,ES,Federal Contract Tower,0,24,58,0,82,0,0,172,0,172,0,24,230,0,254,160,0,160,414
06/12/2008,APF,FL,ASO,ES,Federal Contract Tower,0,24,65,0,89,0,1,111,4,116,0,25,176,4,205,116,0,116,321
06/13/2008,APF,FL,ASO,ES,Federal Contract Tower,0,19,40,0,59,0,7,130,0,137,0,26,170,0,196,126,0,126,322
06/14/2008,APF,FL,ASO,ES,Federal Contract Tower,0,9,46,0,55,0,1,129,0,130,0,10,175,0,185,110,0,110,295
06/15/2008,APF,FL,ASO,ES,Federal Contract Tower,0,12,39,0,51,0,4,110,0,114,0,16,149,0,165,96,0,96,261
06/16/2008,APF,FL,ASO,ES,Federal Contract Tower,0,15,33,0,48,0,3,99,0,102,0,18,132,0,150,100,0,100,250
06/17/2008,APF,FL,ASO,ES,Federal Contract Tower,0,15,30,0,45,0,0,170,0,170,0,15,200,0,215,162,0,162,377
06/18/2008,APF,FL,ASO,ES,Federal Contract Tower,0,12,48,0,60,0,0,153,0,153,0,12,201,0,213,146,0,146,359
06/19/2008,APF,FL,ASO,ES,Federal Contract Tower,0,18,69,0,87,0,3,131,0,134,0,21,200,0,221,190,0,190,411
06/20/2008,APF,FL,ASO,ES,Federal Contract Tower,0,13,58,0,71,0,4,112,0,116,0,17,170,0,187,94,0,94,281
06/21/2008,APF,FL,ASO,ES,Federal Contract Tower,0,19,33,0,52,0,1,120,0,121,0,20,153,0,173,190,0,190,363
06/22/2008,APF,FL,ASO,ES,Federal Contract Tower,0,5,64,0,69,0,7,88,0,95,0,12,152,0,164,58,0,58,222
06/23/2008,APF,FL,ASO,ES,Federal Contract Tower,0,5,41,0,46,0,9,185,0,194,0,14,226,0,240,168,0,168,408
06/24/2008,APF,FL,ASO,ES,Federal Contract Tower,0,20,47,0,67,0,0,141,0,141,0,20,188,0,208,190,0,190,398
06/25/2008,APF,FL,ASO,ES,Federal Contract Tower,0,19,51,0,70,0,0,131,0,131,0,19,182,0,201,86,0,86,287
06/26/2008,APF,FL,ASO,ES,Federal Contract Tower,0,29,47,0,76,0,4,105,0,109,0,33,152,0,185,176,0,176,361
06/27/2008,APF,FL,ASO,ES,Federal Contract Tower,0,25,54,0,79,0,2,131,0,133,0,27,185,0,212,118,0,118,330
06/28/2008,APF,FL,ASO,ES,Federal Contract Tower,0,11,40,0,51,0,4,123,0,127,0,15,163,0,178,68,0,68,246
06/29/2008,APF,FL,ASO,ES,Federal Contract Tower,0,7,45,0,52,0,3,87,0,90,0,10,132,0,142,76,0,76,218
06/30/2008,APF,FL,ASO,ES,Federal Contract Tower,0,7,41,0,48,0,4,131,0,135,0,11,172,0,183,136,0,136,319
07/01/2008,APF,FL,ASO,ES,Federal Contract Tower,0,14,48,0,62,0,0,178,0,178,0,14,226,0,240,78,0,78,318
07/02/2008,APF,FL,ASO,ES,Federal Contract Tower,0,13,46,0,59,0,0,128,0,128,0,13,174,0,187,180,0,180,367
07/03/2008,APF,FL,ASO,ES,Federal Contract Tower,0,12,50,0,62,0,6,102,0,108,0,18,152,0,170,132,0,132,302
07/04/2008,APF,FL,ASO,ES,Federal Contract Tower,0,1,16,0,17,0,2,101,0,103,0,3,117,0,120,38,0,38,158
07/05/2008,APF,FL,ASO,ES,Federal Contract Tower,0,3,196,0,199,0,0,102,0,102,0,3,298,0,301,100,0,100,401
07/06/2008,APF,FL,ASO,ES,Federal Contract Tower,0,19,36,0,55,0,20,118,0,138,0,39,154,0,193,112,0,112,305
07/07/2008,APF,FL,ASO,ES,Federal Contract Tower,0,12,141,0,153,0,2,46,0,48,0,14,187,0,201,90,0,90,291
07/08/2008,APF,FL,ASO,ES,Federal Contract Tower,0,17,38,0,55,0,17,152,0,169,0,34,190,0,224,118,0,118,342
07/09/2008,APF,FL,ASO,ES,Federal Contract Tower,0,6,49,0,55,0,0,123,0,123,0,6,172,0,178,166,0,166,344
07/10/2008,APF,FL,ASO,ES,Federal Contract Tower,0,14,61,0,75,0,1,145,0,146,0,15,206,0,221,146,0,146,367
07/11/2008,APF,FL,ASO,ES,Federal Contract Tower,0,17,55,0,72,0,2,162,0,164,0,19,217,0,236,112,0,112,348
07/12/2008,APF,FL,ASO,ES,Federal Contract Tower,0,10,26,0,36,0,1,115,0,116,0,11,141,0,152,110,0,110,262
07/13/2008,APF,FL,ASO,ES,Federal Contract Tower,0,11,40,0,51,0,13,116,0,129,0,24,156,0,180,44,0,44,224
07/14/2008,APF,FL,ASO,ES,Federal Contract Tower,0,9,39,0,48,0,4,41,0,45,0,13,80,0,93,92,0,92,185
07/15/2008,APF,FL,ASO,ES,Federal Contract Tower,0,16,39,0,55,0,0,23,0,23,0,16,62,0,78,14,0,14,92
07/16/2008,APF,FL,ASO,ES,Federal Contract Tower,0,16,36,0,52,0,0,28,0,28,0,16,64,0,80,50,0,50,130
07/17/2008,APF,FL,ASO,ES,Federal Contract Tower,0,12,47,0,59,0,7,157,0,164,0,19,204,0,223,158,0,158,381
07/18/2008,APF,FL,ASO,ES,Federal Contract Tower,0,14,42,0,56,0,1,151,0,152,0,15,193,0,208,148,0,148,356
07/19/2008,APF,FL,ASO,ES,Federal Contract Tower,0,3,40,0,43,0,3,169,0,172,0,6,209,0,215,146,0,146,361
07/20/2008,APF,FL,ASO,ES,Federal Contract Tower,0,15,37,0,52,0,16,121,0,137,0,31,158,0,189,116,0,116,305
07/21/2008,APF,FL,ASO,ES,Federal Contract Tower,0,7,26,3,36,0,5,144,0,149,0,12,170,3,185,86,0,86,271
07/22/2008,APF,FL,ASO,ES,Federal Contract Tower,0,4,47,0,51,0,0,137,0,137,0,4,184,0,188,222,0,222,410
07/23/2008,APF,FL,ASO,ES,Federal Contract Tower,0,9,48,0,57,0,0,145,0,145,0,9,193,0,202,142,0,142,344
07/24/2008,APF,FL,ASO,ES,Federal Contract Tower,0,8,40,0,48,0,6,124,0,130,0,14,164,0,178,192,0,192,370
07/25/2008,APF,FL,ASO,ES,Federal Contract Tower,0,19,52,0,71,0,2,158,0,160,0,21,210,0,231,72,0,72,303
07/26/2008,APF,FL,ASO,ES,Federal Contract Tower,0,3,26,0,29,0,4,142,0,146,0,7,168,0,175,112,0,112,287
07/27/2008,APF,FL,ASO,ES,Federal Contract Tower,0,1,34,0,35,0,5,120,0,125,0,6,154,0,160,140,0,140,300
07/28/2008,APF,FL,ASO,ES,Federal Contract Tower,0,13,34,0,47,0,20,176,0,196,0,33,210,0,243,158,0,158,401
07/29/2008,APF,FL,ASO,ES,Federal Contract Tower,0,2,48,0,50,0,2,202,0,204,0,4,250,0,254,120,0,120,374
07/30/2008,APF,FL,ASO,ES,Federal Contract Tower,0,7,41,0,48,0,7,191,0,198,0,14,232,0,246,124,0,124,370
07/31/2008,APF,FL,ASO,ES,Federal Contract Tower,0,11,58,0,69,0,15,220,0,235,0,26,278,0,304,130,0,130,434
08/01/2008,APF,FL,ASO,ES,Federal Contract Tower,0,12,44,0,56,0,18,219,0,237,0,30,263,0,293,174,0,174,467
08/02/2008,APF,FL,ASO,ES,Federal Contract Tower,0,9,34,0,43,0,13,144,0,157,0,22,178,0,200,118,0,118,318
08/03/2008,APF,FL,ASO,ES,Federal Contract Tower,0,13,30,0,43,0,15,180,0,195,0,28,210,0,238,196,0,196,434
08/04/2008,APF,FL,ASO,ES,Federal Contract Tower,0,7,50,4,61,0,8,137,4,149,0,15,187,8,210,104,0,104,314
08/05/2008,APF,FL,ASO,ES,Federal Contract Tower,0,14,51,0,65,0,14,190,0,204,0,28,241,0,269,148,0,148,417
08/06/2008,APF,FL,ASO,ES,Federal Contract Tower,0,9,31,0,40,0,9,183,0,192,0,18,214,0,232,160,0,160,392
08/07/2008,APF,FL,ASO,ES,Federal Contract Tower,0,16,45,0,61,0,19,198,2,219,0,35,243,2,280,162,0,162,442
08/08/2008,APF,FL,ASO,ES,Federal Contract Tower,0,11,46,0,57,0,14,178,0,192,0,25,224,0,249,210,0,210,459
08/09/2008,APF,FL,ASO,ES,Federal Contract Tower,0,8,20,0,28,0,9,93,0,102,0,17,113,0,130,156,0,156,286
08/10/2008,APF,FL,ASO,ES,Federal Contract Tower,0,19,36,0,55,0,18,111,0,129,0,37,147,0,184,152,0,152,336
08/11/2008,APF,FL,ASO,ES,Federal Contract Tower,0,10,41,0,51,0,12,136,0,148,0,22,177,0,199,174,0,174,373
08/12/2008,APF,FL,ASO,ES,Federal Contract Tower,0,10,36,0,46,0,10,183,0,193,0,20,219,0,239,168,0,168,407
08/13/2008,APF,FL,ASO,ES,Federal Contract Tower,0,9,49,0,58,0,9,185,0,194,0,18,234,0,252,86,0,86,338
08/14/2008,APF,FL,ASO,ES,Federal Contract Tower,0,6,58,0,64,0,12,218,0,230,0,18,276,0,294,144,0,144,438
08/15/2008,APF,FL,ASO,ES,Federal Contract Tower,0,6,65,0,71,0,7,218,0,225,0,13,283,0,296,146,0,146,442
08/16/2008,APF,FL,ASO,ES,Federal Contract Tower,0,3,48,0,51,0,7,219,0,226,0,10,267,0,277,80,0,80,357
08/17/2008,APF,FL,ASO,ES,Federal Contract Tower,0,14,191,0,205,0,12,37,0,49,0,26,228,0,254,104,0,104,358
08/18/2008,APF,FL,ASO,ES,Federal Contract Tower,0,11,52,0,63,0,10,24,0,34,0,21,76,0,97,26,0,26,123
08/19/2008,APF,FL,ASO,ES,Federal Contract Tower,0,2,8,4,14,0,2,6,4,12,0,4,14,8,26,0,0,0,26
08/20/2008,APF,FL,ASO,ES,Federal Contract Tower,0,14,39,0,53,0,14,114,0,128,0,28,153,0,181,100,0,100,281
08/21/2008,APF,FL,ASO,ES,Federal Contract Tower,0,14,32,0,46,0,16,73,0,89,0,30,105,0,135,46,0,46,181
08/22/2008,APF,FL,ASO,ES,Federal Contract Tower,0,17,39,0,56,0,17,117,0,134,0,34,156,0,190,122,0,122,312
08/23/2008,APF,FL,ASO,ES,Federal Contract Tower,0,4,33,0,37,0,5,123,0,128,0,9,156,0,165,76,0,76,241
08/24/2008,APF,FL,ASO,ES,Federal Contract Tower,0,10,34,0,44,0,10,167,0,177,0,20,201,0,221,92,0,92,313
08/25/2008,APF,FL,ASO,ES,Federal Contract Tower,0,14,61,0,75,0,14,216,0,230,0,28,277,0,305,136,0,136,441
08/26/2008,APF,FL,ASO,ES,Federal Contract Tower,0,20,67,0,87,0,20,227,0,247,0,40,294,0,334,128,0,128,462
08/27/2008,APF,FL,ASO,ES,Federal Contract Tower,0,14,54,0,68,0,14,181,0,195,0,28,235,0,263,126,0,126,389
08/28/2008,APF,FL,ASO,ES,Federal Contract Tower,0,13,67,0,80,0,13,228,0,241,0,26,295,0,321,66,0,66,387
08/29/2008,APF,FL,ASO,ES,Federal Contract Tower,0,9,62,0,71,0,9,194,0,203,0,18,256,0,274,58,0,58,332
08/30/2008,APF,FL,ASO,ES,Federal Contract Tower,0,8,31,0,39,0,8,129,0,137,0,16,160,0,176,84,0,84,260
08/31/2008,APF,FL,ASO,ES,Federal Contract Tower,0,7,11,0,18,0,7,13,0,20,0,14,24,0,38,6,0,6,44
09/01/2008,APF,FL,ASO,ES,Federal Contract Tower,0,9,55,0,64,0,0,137,0,137,0,9,192,0,201,98,0,98,299
09/02/2008,APF,FL,ASO,ES,Federal Contract Tower,0,7,55,0,62,0,0,127,0,127,0,7,182,0,189,102,0,102,291
09/03/2008,APF,FL,ASO,ES,Federal Contract Tower,0,8,44,0,52,0,0,133,0,133,0,8,177,0,185,104,0,104,289
09/04/2008,APF,FL,ASO,ES,Federal Contract Tower,0,5,65,0,70,0,4,176,0,180,0,9,241,0,250,72,0,72,322
09/05/2008,APF,FL,ASO,ES,Federal Contract Tower,0,10,64,0,74,0,3,106,0,109,0,13,170,0,183,66,0,66,249
09/06/2008,APF,FL,ASO,ES,Federal Contract Tower,0,7,41,0,48,0,0,205,0,205,0,7,246,0,253,76,0,76,329
09/07/2008,APF,FL,ASO,ES,Federal Contract Tower,0,8,46,0,54,0,0,153,0,153,0,8,199,0,207,64,0,64,271
09/08/2008,APF,FL,ASO,ES,Federal Contract Tower,0,15,32,0,47,0,1,65,0,66,0,16,97,0,113,22,0,22,135
09/09/2008,APF,FL,ASO,ES,Federal Contract Tower,0,5,16,0,21,0,0,7,0,7,0,5,23,0,28,0,0,0,28
09/10/2008,APF,FL,ASO,ES,Federal Contract Tower,0,3,22,0,25,0,1,11,0,12,0,4,33,0,37,2,0,2,39
09/11/2008,APF,FL,ASO,ES,Federal Contract Tower,0,12,49,0,61,0,2,94,2,98,0,14,143,2,159,34,0,34,193
09/12/2008,APF,FL,ASO,ES,Federal Contract Tower,0,5,44,2,51,0,11,190,2,203,0,16,234,4,254,66,0,66,320
09/13/2008,APF,FL,ASO,ES,Federal Contract Tower,0,5,31,0,36,0,5,191,0,196,0,10,222,0,232,88,0,88,320
09/14/2008,APF,FL,ASO,ES,Federal Contract Tower,0,9,31,0,40,0,3,120,0,123,0,12,151,0,163,52,0,52,215
09/15/2008,APF,FL,ASO,ES,Federal Contract Tower,0,9,47,0,56,0,0,103,0,103,0,9,150,0,159,46,0,46,205
09/16/2008,APF,FL,ASO,ES,Federal Contract Tower,0,20,55,0,75,0,0,152,0,152,0,20,207,0,227,94,0,94,321
09/17/2008,APF,FL,ASO,ES,Federal Contract Tower,0,18,32,0,50,0,0,144,0,144,0,18,176,0,194,42,0,42,236
09/18/2008,APF,FL,ASO,ES,Federal Contract Tower,0,16,64,0,80,0,0,163,0,163,0,16,227,0,243,50,0,50,293
09/19/2008,APF,FL,ASO,ES,Federal Contract Tower,0,6,75,0,81,0,0,133,0,133,0,6,208,0,214,44,0,44,258
09/20/2008,APF,FL,ASO,ES,Federal Contract Tower,0,13,47,0,60,0,0,174,0,174,0,13,221,0,234,58,0,58,292
09/21/2008,APF,FL,ASO,ES,Federal Contract Tower,0,5,31,0,36,0,0,117,0,117,0,5,148,0,153,74,0,74,227
09/22/2008,APF,FL,ASO,ES,Federal Contract Tower,0,11,50,0,61,0,0,146,0,146,0,11,196,0,207,56,0,56,263
09/23/2008,APF,FL,ASO,ES,Federal Contract Tower,0,13,50,0,63,0,0,78,0,78,0,13,128,0,141,46,0,46,187
09/24/2008,APF,FL,ASO,ES,Federal Contract Tower,0,4,40,0,44,0,0,157,0,157,0,4,197,0,201,84,0,84,285
09/25/2008,APF,FL,ASO,ES,Federal Contract Tower,0,19,56,0,75,0,2,154,0,156,0,21,210,0,231,148,0,148,379
09/26/2008,APF,FL,ASO,ES,Federal Contract Tower,0,12,56,0,68,0,2,183,0,185,0,14,239,0,253,98,0,98,351
09/27/2008,APF,FL,ASO,ES,Federal Contract Tower,0,10,25,0,35,0,1,182,0,183,0,11,207,0,218,140,0,140,358
09/28/2008,APF,FL,ASO,ES,Federal Contract Tower,0,14,49,0,63,0,3,72,0,75,0,17,121,0,138,58,0,58,196
09/29/2008,APF,FL,ASO,ES,Federal Contract Tower,0,7,46,0,53,0,5,108,0,113,0,12,154,0,166,82,0,82,248
09/30/2008,APF,FL,ASO,ES,Federal Contract Tower,0,7,53,0,60,0,1,83,2,86,0,8,136,2,146,68,0,68,214
10/01/2008,APF,FL,ASO,ES,Federal Contract Tower,0,11,61,0,72,0,0,165,0,165,0,11,226,0,237,68,0,68,305
10/02/2008,APF,FL,ASO,ES,Federal Contract Tower,0,3,54,0,57,0,1,212,0,213,0,4,266,0,270,142,0,142,412
10/03/2008,APF,FL,ASO,ES,Federal Contract Tower,0,2,68,0,70,0,0,189,0,189,0,2,257,0,259,118,0,118,377
10/04/2008,APF,FL,ASO,ES,Federal Contract Tower,0,2,46,0,48,0,0,146,0,146,0,2,192,0,194,124,0,124,318
10/05/2008,APF,FL,ASO,ES,Federal Contract Tower,0,9,47,0,56,0,0,134,0,134,0,9,181,0,190,116,0,116,306
10/06/2008,APF,FL,ASO,ES,Federal Contract Tower,0,5,71,0,76,0,0,129,0,129,0,5,200,0,205,122,0,122,327
10/07/2008,APF,FL,ASO,ES,Federal Contract Tower,0,8,77,0,85,0,0,156,0,156,0,8,233,0,241,182,0,182,423
10/08/2008,APF,FL,ASO,ES,Federal Contract Tower,0,11,70,0,81,0,0,0,0,0,0,11,70,0,81,196,0,196,277
10/09/2008,APF,FL,ASO,ES,Federal Contract Tower,0,20,61,0,81,0,4,118,0,122,0,24,179,0,203,132,0,132,335
10/10/2008,APF,FL,ASO,ES,Federal Contract Tower,0,9,69,0,78,0,0,200,0,200,0,9,269,0,278,160,0,160,438
10/11/2008,APF,FL,ASO,ES,Federal Contract Tower,0,10,41,0,51,0,0,196,0,196,0,10,237,0,247,128,0,128,375
10/12/2008,APF,FL,ASO,ES,Federal Contract Tower,0,9,50,0,59,0,0,130,0,130,0,9,180,0,189,204,0,204,393
10/13/2008,APF,FL,ASO,ES,Federal Contract Tower,0,22,74,0,96,0,147,0,0,147,0,169,74,0,243,104,0,104,347
10/14/2008,APF,FL,ASO,ES,Federal Contract Tower,0,14,61,0,75,0,0,118,0,118,0,14,179,0,193,118,0,118,311
10/15/2008,APF,FL,ASO,ES,Federal Contract Tower,0,15,65,0,80,0,0,153,0,153,0,15,218,0,233,178,0,178,411
10/16/2008,APF,FL,ASO,ES,Federal Contract Tower,0,22,67,0,89,0,0,145,0,145,0,22,212,0,234,168,0,168,402
10/17/2008,APF,FL,ASO,ES,Federal Contract Tower,0,17,85,1,103,0,0,245,2,247,0,17,330,3,350,214,0,214,564
10/18/2008,APF,FL,ASO,ES,Federal Contract Tower,0,15,58,0,73,0,0,173,0,173,0,15,231,0,246,132,0,132,378
10/19/2008,APF,FL,ASO,ES,Federal Contract Tower,0,19,51,0,70,0,0,128,0,128,0,19,179,0,198,148,0,148,346
10/20/2008,APF,FL,ASO,ES,Federal Contract Tower,0,13,66,0,79,0,0,199,0,199,0,13,265,0,278,164,0,164,442
10/21/2008,APF,FL,ASO,ES,Federal Contract Tower,0,10,60,0,70,0,0,187,0,187,0,10,247,0,257,204,0,204,461
10/22/2008,APF,FL,ASO,ES,Federal Contract Tower,0,5,81,0,86,0,0,142,0,142,0,5,223,0,228,214,0,214,442
10/23/2008,APF,FL,ASO,ES,Federal Contract Tower,0,17,70,0,87,0,0,94,0,94,0,17,164,0,181,90,0,90,271
10/24/2008,APF,FL,ASO,ES,Federal Contract Tower,0,14,69,0,83,0,0,73,0,73,0,14,142,0,156,86,0,86,242
10/25/2008,APF,FL,ASO,ES,Federal Contract Tower,0,14,44,7,65,0,0,65,1,66,0,14,109,8,131,128,8,136,267
10/26/2008,APF,FL,ASO,ES,Federal Contract Tower,0,23,92,0,115,0,0,127,0,127,0,23,219,0,242,140,0,140,382
10/27/2008,APF,FL,ASO,ES,Federal Contract Tower,0,10,58,0,68,0,0,201,0,201,0,10,259,0,269,160,0,160,429
10/28/2008,APF,FL,ASO,ES,Federal Contract Tower,0,14,53,0,67,0,0,150,0,150,0,14,203,0,217,106,0,106,323
10/29/2008,APF,FL,ASO,ES,Federal Contract Tower,0,18,80,0,98,0,0,213,0,213,0,18,293,0,311,198,0,198,509
10/30/2008,APF,FL,ASO,ES,Federal Contract Tower,0,14,85,0,99,0,1,193,0,194,0,15,278,0,293,248,0,248,541
10/31/2008,APF,FL,ASO,ES,Federal Contract Tower,0,18,67,0,85,0,0,201,0,201,0,18,268,0,286,204,0,204,490
11/01/2008,APF,FL,ASO,ES,Federal Contract Tower,0,19,64,0,83,0,0,170,0,170,0,19,234,0,253,118,0,118,371
11/02/2008,APF,FL,ASO,ES,Federal Contract Tower,0,28,60,0,88,0,0,174,0,174,0,28,234,0,262,174,0,174,436
11/03/2008,APF,FL,ASO,ES,Federal Contract Tower,0,15,85,0,100,0,183,0,0,183,0,198,85,0,283,132,0,132,415
11/04/2008,APF,FL,ASO,ES,Federal Contract Tower,0,18,71,0,89,0,0,99,0,99,0,18,170,0,188,96,0,96,284
11/05/2008,APF,FL,ASO,ES,Federal Contract Tower,0,20,87,0,107,0,0,200,0,200,0,20,287,0,307,188,0,188,495
11/06/2008,APF,FL,ASO,ES,Federal Contract Tower,0,26,99,0,125,0,0,183,1,184,0,26,282,1,309,110,0,110,419
11/07/2008,APF,FL,ASO,ES,Federal Contract Tower,0,17,80,0,97,0,3,259,0,262,0,20,339,0,359,132,0,132,491
11/08/2008,APF,FL,ASO,ES,Federal Contract Tower,0,13,58,0,71,0,0,184,0,184,0,13,242,0,255,98,0,98,353
11/09/2008,APF,FL,ASO,ES,Federal Contract Tower,0,33,73,0,106,0,2,210,0,212,0,35,283,0,318,152,0,152,470
11/10/2008,APF,FL,ASO,ES,Federal Contract Tower,0,16,73,0,89,0,0,164,0,164,0,16,237,0,253,78,0,78,331
11/11/2008,APF,FL,ASO,ES,Federal Contract Tower,0,17,69,0,86,0,0,202,0,202,0,17,271,0,288,132,0,132,420
11/12/2008,APF,FL,ASO,ES,Federal Contract Tower,0,21,79,0,100,0,0,133,0,133,0,21,212,0,233,144,0,144,377
11/13/2008,APF,FL,ASO,ES,Federal Contract Tower,0,23,84,0,107,0,0,153,0,153,0,23,237,0,260,118,0,118,378
11/14/2008,APF,FL,ASO,ES,Federal Contract Tower,0,34,82,0,116,0,0,159,0,159,0,34,241,0,275,108,0,108,383
11/15/2008,APF,FL,ASO,ES,Federal Contract Tower,0,17,52,0,69,0,0,136,0,136,0,17,188,0,205,158,0,158,363
11/16/2008,APF,FL,ASO,ES,Federal Contract Tower,0,29,80,0,109,0,0,131,0,131,0,29,211,0,240,94,0,94,334
11/17/2008,APF,FL,ASO,ES,Federal Contract Tower,0,12,75,0,87,0,0,170,0,170,0,12,245,0,257,132,0,132,389
11/18/2008,APF,FL,ASO,ES,Federal Contract Tower,0,24,65,0,89,0,0,156,0,156,0,24,221,0,245,80,0,80,325
11/19/2008,APF,FL,ASO,ES,Federal Contract Tower,0,16,65,0,81,0,1,171,0,172,0,17,236,0,253,50,0,50,303
11/20/2008,APF,FL,ASO,ES,Federal Contract Tower,0,21,62,0,83,0,0,223,0,223,0,21,285,0,306,134,0,134,440
11/21/2008,APF,FL,ASO,ES,Federal Contract Tower,0,25,83,0,108,0,0,169,0,169,0,25,252,0,277,114,0,114,391
11/22/2008,APF,FL,ASO,ES,Federal Contract Tower,0,21,69,0,90,0,1,175,2,178,0,22,244,2,268,148,0,148,416
11/23/2008,APF,FL,ASO,ES,Federal Contract Tower,0,28,90,0,118,0,0,198,0,198,0,28,288,0,316,138,0,138,454
11/24/2008,APF,FL,ASO,ES,Federal Contract Tower,0,26,66,2,94,0,0,182,0,182,0,26,248,2,276,144,0,144,420
11/25/2008,APF,FL,ASO,ES,Federal Contract Tower,0,29,107,0,136,0,0,230,0,230,0,29,337,0,366,132,0,132,498
11/26/2008,APF,FL,ASO,ES,Federal Contract Tower,0,33,113,0,146,0,0,207,0,207,0,33,320,0,353,74,0,74,427
11/27/2008,APF,FL,ASO,ES,Federal Contract Tower,0,12,24,0,36,0,0,65,0,65,0,12,89,0,101,6,0,6,107
11/28/2008,APF,FL,ASO,ES,Federal Contract Tower,0,15,53,0,68,0,1,185,0,186,0,16,238,0,254,80,0,80,334
11/29/2008,APF,FL,ASO,ES,Federal Contract Tower,0,43,81,0,124,0,1,163,0,164,0,44,244,0,288,40,0,40,328
11/30/2008,APF,FL,ASO,ES,Federal Contract Tower,0,57,123,0,180,0,0,23,0,23,0,57,146,0,203,16,0,16,219
12/01/2008,APF,FL,ASO,ES,Federal Contract Tower,0,27,111,0,138,0,0,146,0,146,0,27,257,0,284,100,0,100,384
12/02/2008,APF,FL,ASO,ES,Federal Contract Tower,0,12,90,0,102,0,0,126,0,126,0,12,216,0,228,148,0,148,376
12/03/2008,APF,FL,ASO,ES,Federal Contract Tower,0,19,89,0,108,0,0,211,0,211,0,19,300,0,319,118,0,118,437
12/04/2008,APF,FL,ASO,ES,Federal Contract Tower,0,29,93,0,122,0,0,184,0,184,0,29,277,0,306,80,0,80,386
12/05/2008,APF,FL,ASO,ES,Federal Contract Tower,0,20,93,0,113,0,0,203,0,203,0,20,296,0,316,72,0,72,388
12/06/2008,APF,FL,ASO,ES,Federal Contract Tower,0,16,75,0,91,0,1,160,0,161,0,17,235,0,252,66,0,66,318
12/07/2008,APF,FL,ASO,ES,Federal Contract Tower,0,20,85,0,105,0,0,106,0,106,0,20,191,0,211,58,0,58,269
12/08/2008,APF,FL,ASO,ES,Federal Contract Tower,0,22,70,0,92,0,0,167,0,167,0,22,237,0,259,112,0,112,371
12/09/2008,APF,FL,ASO,ES,Federal Contract Tower,0,15,84,0,99,0,0,198,0,198,0,15,282,0,297,118,0,118,415
12/10/2008,APF,FL,ASO,ES,Federal Contract Tower,0,22,89,0,111,0,0,194,0,194,0,22,283,0,305,124,0,124,429
12/11/2008,APF,FL,ASO,ES,Federal Contract Tower,0,19,47,0,66,0,0,32,0,32,0,19,79,0,98,48,0,48,146
12/12/2008,APF,FL,ASO,ES,Federal Contract Tower,0,20,112,0,132,0,0,129,0,129,0,20,241,0,261,68,0,68,329
12/13/2008,APF,FL,ASO,ES,Federal Contract Tower,0,27,59,0,86,0,0,150,0,150,0,27,209,0,236,56,0,56,292
12/14/2008,APF,FL,ASO,ES,Federal Contract Tower,0,30,64,0,94,0,0,150,0,150,0,30,214,0,244,74,0,74,318
12/15/2008,APF,FL,ASO,ES,Federal Contract Tower,0,19,86,0,105,0,0,120,0,120,0,19,206,0,225,72,0,72,297
12/16/2008,APF,FL,ASO,ES,Federal Contract Tower,0,16,52,0,68,0,0,136,0,136,0,16,188,0,204,56,0,56,260
12/17/2008,APF,FL,ASO,ES,Federal Contract Tower,0,9,71,0,80,0,0,143,0,143,0,9,214,0,223,46,0,46,269
12/18/2008,APF,FL,ASO,ES,Federal Contract Tower,0,22,82,0,104,0,0,129,0,129,0,22,211,0,233,70,0,70,303
12/19/2008,APF,FL,ASO,ES,Federal Contract Tower,0,16,74,0,90,0,0,101,0,101,0,16,175,0,191,20,0,20,211
12/20/2008,APF,FL,ASO,ES,Federal Contract Tower,0,26,71,0,97,0,0,100,0,100,0,26,171,0,197,24,0,24,221
12/21/2008,APF,FL,ASO,ES,Federal Contract Tower,0,19,34,0,53,0,0,96,0,96,0,19,130,0,149,32,0,32,181
12/22/2008,APF,FL,ASO,ES,Federal Contract Tower,0,20,48,2,70,0,0,87,0,87,0,20,135,2,157,6,0,6,163
12/23/2008,APF,FL,ASO,ES,Federal Contract Tower,0,24,74,2,100,0,0,52,0,52,0,24,126,2,152,16,0,16,168
12/24/2008,APF,FL,ASO,ES,Federal Contract Tower,0,10,34,0,44,0,0,38,0,38,0,10,72,0,82,10,0,10,92
12/25/2008,APF,FL,ASO,ES,Federal Contract Tower,0,27,24,0,51,0,0,21,0,21,0,27,45,0,72,6,0,6,78
12/26/2008,APF,FL,ASO,ES,Federal Contract Tower,0,67,165,0,232,0,0,69,0,69,0,67,234,0,301,18,0,18,319
12/27/2008,APF,FL,ASO,ES,Federal Contract Tower,0,69,126,0,195,0,0,130,0,130,0,69,256,0,325,10,0,10,335
12/28/2008,APF,FL,ASO,ES,Federal Contract Tower,0,51,113,0,164,0,0,129,0,129,0,51,242,0,293,14,0,14,307
12/29/2008,APF,FL,ASO,ES,Federal Contract Tower,0,31,120,0,151,0,2,115,0,117,0,33,235,0,268,10,0,10,278
12/30/2008,APF,FL,ASO,ES,Federal Contract Tower,0,38,82,0,120,0,1,96,0,97,0,39,178,0,217,16,0,16,233
12/31/2008,APF,FL,ASO,ES,Federal Contract Tower,0,20,69,0,89,0,0,126,0,126,0,20,195,0,215,18,0,18,233
01/01/2009,APF,FL,ASO,ES,Federal Contract Tower,0,20,50,0,70,0,0,64,0,64,0,20,114,0,134,2,0,2,136
01/02/2009,APF,FL,ASO,ES,Federal Contract Tower,0,27,74,10,111,0,0,86,0,86,0,27,160,10,197,4,0,4,201
01/03/2009,APF,FL,ASO,ES,Federal Contract Tower,0,59,124,0,183,0,0,123,0,123,0,59,247,0,306,22,0,22,328
01/04/2009,APF,FL,ASO,ES,Federal Contract Tower,0,57,152,0,209,0,0,94,0,94,0,57,246,0,303,0,0,0,303
01/05/2009,APF,FL,ASO,ES,Federal Contract Tower,0,20,77,0,97,0,0,93,0,93,0,20,170,0,190,26,0,26,216
01/06/2009,APF,FL,ASO,ES,Federal Contract Tower,0,11,58,0,69,0,0,98,0,98,0,11,156,0,167,36,0,36,203
01/07/2009,APF,FL,ASO,ES,Federal Contract Tower,0,10,59,0,69,0,0,60,2,62,0,10,119,2,131,0,4,4,135
01/08/2009,APF,FL,ASO,ES,Federal Contract Tower,0,24,84,0,108,0,0,117,0,117,0,24,201,0,225,24,0,24,249
01/09/2009,APF,FL,ASO,ES,Federal Contract Tower,0,31,87,0,118,0,0,180,0,180,0,31,267,0,298,46,0,46,344
01/10/2009,APF,FL,ASO,ES,Federal Contract Tower,0,20,61,0,81,0,0,192,0,192,0,20,253,0,273,128,0,128,401
01/11/2009,APF,FL,ASO,ES,Federal Contract Tower,0,36,72,0,108,0,0,159,0,159,0,36,231,0,267,46,0,46,313
01/12/2009,APF,FL,ASO,ES,Federal Contract Tower,0,26,84,0,110,0,1,105,0,106,0,27,189,0,216,78,0,78,294
01/13/2009,APF,FL,ASO,ES,Federal Contract Tower,0,19,81,0,100,0,0,70,0,70,0,19,151,0,170,48,0,48,218
01/14/2009,APF,FL,ASO,ES,Federal Contract Tower,0,24,105,0,129,0,0,215,0,215,0,24,320,0,344,158,0,158,502
01/15/2009,APF,FL,ASO,ES,Federal Contract Tower,0,22,89,0,111,0,0,173,0,173,0,22,262,0,284,164,0,164,448
01/16/2009,APF,FL,ASO,ES,Federal Contract Tower,0,24,130,0,154,0,1,179,0,180,0,25,309,0,334,90,0,90,424
01/17/2009,APF,FL,ASO,ES,Federal Contract Tower,0,21,63,0,84,0,0,178,0,178,0,21,241,0,262,132,0,132,394
01/18/2009,APF,FL,ASO,ES,Federal Contract Tower,0,25,82,0,107,0,0,162,0,162,0,25,244,0,269,148,0,148,417
01/19/2009,APF,FL,ASO,ES,Federal Contract Tower,0,41,112,0,153,0,1,114,0,115,0,42,226,0,268,160,0,160,428
01/20/2009,APF,FL,ASO,ES,Federal Contract Tower,0,14,62,0,76,0,0,91,0,91,0,14,153,0,167,42,0,42,209
01/21/2009,APF,FL,ASO,ES,Federal Contract Tower,0,25,69,0,94,0,0,144,0,144,0,25,213,0,238,106,0,106,344
01/22/2009,APF,FL,ASO,ES,Federal Contract Tower,0,14,89,0,103,0,0,183,0,183,0,14,272,0,286,192,0,192,478
01/23/2009,APF,FL,ASO,ES,Federal Contract Tower,0,26,111,2,139,0,0,179,0,179,0,26,290,2,318,122,0,122,440
01/24/2009,APF,FL,ASO,ES,Federal Contract Tower,0,8,85,0,93,0,0,178,0,178,0,8,263,0,271,82,0,82,353
01/25/2009,APF,FL,ASO,ES,Federal Contract Tower,0,21,86,0,107,0,0,153,0,153,0,21,239,0,260,64,0,64,324
01/26/2009,APF,FL,ASO,ES,Federal Contract Tower,0,20,96,0,116,0,0,190,0,190,0,20,286,0,306,34,0,34,340
01/27/2009,APF,FL,ASO,ES,Federal Contract Tower,0,25,75,0,100,0,0,190,0,190,0,25,265,0,290,66,0,66,356
01/28/2009,APF,FL,ASO,ES,Federal Contract Tower,0,22,76,0,98,0,1,195,0,196,0,23,271,0,294,112,0,112,406
01/29/2009,APF,FL,ASO,ES,Federal Contract Tower,0,21,116,0,137,0,0,140,0,140,0,21,256,0,277,92,0,92,369
01/30/2009,APF,FL,ASO,ES,Federal Contract Tower,0,29,105,0,134,0,0,24,0,24,0,29,129,0,158,2,0,2,160
01/31/2009,APF,FL,ASO,ES,Federal Contract Tower,0,27,52,0,79,0,0,160,0,160,0,27,212,0,239,64,0,64,303
02/01/2009,APF,FL,ASO,ES,Federal Contract Tower,0,31,79,0,110,0,0,140,0,140,0,31,219,0,250,90,0,90,340
02/02/2009,APF,FL,ASO,ES,Federal Contract Tower,0,35,77,0,112,0,0,56,0,56,0,35,133,0,168,12,0,12,180
02/03/2009,APF,FL,ASO,ES,Federal Contract Tower,0,26,101,0,127,0,0,135,0,135,0,26,236,0,262,28,0,28,290
02/04/2009,APF,FL,ASO,ES,Federal Contract Tower,0,37,75,2,114,0,0,122,0,122,0,37,197,2,236,56,0,56,292
02/05/2009,APF,FL,ASO,ES,Federal Contract Tower,0,18,103,0,121,0,0,151,0,151,0,18,254,0,272,108,0,108,380
02/06/2009,APF,FL,ASO,ES,Federal Contract Tower,0,26,103,0,129,0,0,145,0,145,0,26,248,0,274,90,0,90,364
02/07/2009,APF,FL,ASO,ES,Federal Contract Tower,0,27,71,0,98,0,0,221,0,221,0,27,292,0,319,118,0,118,437
02/08/2009,APF,FL,ASO,ES,Federal Contract Tower,0,28,96,0,124,0,0,164,0,164,0,28,260,0,288,90,0,90,378
02/09/2009,APF,FL,ASO,ES,Federal Contract Tower,0,24,88,0,112,0,0,169,0,169,0,24,257,0,281,190,0,190,471
02/10/2009,APF,FL,ASO,ES,Federal Contract Tower,0,16,99,0,115,0,0,100,0,100,0,16,199,0,215,120,0,120,335
02/11/2009,APF,FL,ASO,ES,Federal Contract Tower,0,18,97,3,118,0,0,163,1,164,0,18,260,4,282,128,10,138,420
02/12/2009,APF,FL,ASO,ES,Federal Contract Tower,0,42,165,0,207,0,0,82,0,82,0,42,247,0,289,66,0,66,355
02/13/2009,APF,FL,ASO,ES,Federal Contract Tower,0,26,126,2,154,0,0,52,0,52,0,26,178,2,206,0,0,0,206
02/14/2009,APF,FL,ASO,ES,Federal Contract Tower,0,35,81,0,116,0,0,116,0,116,0,35,197,0,232,38,0,38,270
02/15/2009,APF,FL,ASO,ES,Federal Contract Tower,0,31,81,0,112,0,0,111,0,111,0,31,192,0,223,32,0,32,255
02/16/2009,APF,FL,ASO,ES,Federal Contract Tower,0,61,141,0,202,0,0,166,0,166,0,61,307,0,368,6,0,6,374
02/17/2009,APF,FL,ASO,ES,Federal Contract Tower,0,55,103,0,158,0,0,195,0,195,0,55,298,0,353,52,0,52,405
02/18/2009,APF,FL,ASO,ES,Federal Contract Tower,0,23,102,0,125,0,0,185,0,185,0,23,287,0,310,80,0,80,390
02/19/2009,APF,FL,ASO,ES,Federal Contract Tower,0,29,73,0,102,0,0,151,0,151,0,29,224,0,253,120,0,120,373
02/20/2009,APF,FL,ASO,ES,Federal Contract Tower,0,27,106,0,133,0,0,190,0,190,0,27,296,0,323,86,0,86,409
02/21/2009,APF,FL,ASO,ES,Federal Contract Tower,0,30,73,6,109,0,0,248,1,249,0,30,321,7,358,120,18,138,496
02/22/2009,APF,FL,ASO,ES,Federal Contract Tower,0,67,119,0,186,0,0,184,0,184,0,67,303,0,370,74,0,74,444
02/23/2009,APF,FL,ASO,ES,Federal Contract Tower,0,30,82,1,113,0,0,188,1,189,0,30,270,2,302,198,6,204,506
02/24/2009,APF,FL,ASO,ES,Federal Contract Tower,0,21,107,0,128,0,0,190,0,190,0,21,297,0,318,110,0,110,428
02/25/2009,APF,FL,ASO,ES,Federal Contract Tower,0,28,109,0,137,0,0,128,0,128,0,28,237,0,265,128,0,128,393
02/26/2009,APF,FL,ASO,ES,Federal Contract Tower,0,29,118,0,147,0,0,178,0,178,0,29,296,0,325,130,0,130,455
02/27/2009,APF,FL,ASO,ES,Federal Contract Tower,0,27,93,0,120,0,0,166,0,166,0,27,259,0,286,130,0,130,416
02/28/2009,APF,FL,ASO,ES,Federal Contract Tower,0,24,80,0,104,0,0,249,2,251,0,24,329,2,355,88,0,88,443
03/01/2009,APF,FL,ASO,ES,Federal Contract Tower,0,41,112,0,153,0,0,77,0,77,0,41,189,0,230,68,0,68,298
03/02/2009,APF,FL,ASO,ES,Federal Contract Tower,0,25,80,0,105,0,1,112,0,113,0,26,192,0,218,52,0,52,270
03/03/2009,APF,FL,ASO,ES,Federal Contract Tower,0,17,82,0,99,0,0,165,0,165,0,17,247,0,264,60,0,60,324
03/04/2009,APF,FL,ASO,ES,Federal Contract Tower,0,30,80,0,110,0,0,186,0,186,0,30,266,0,296,83,0,83,379
03/05/2009,APF,FL,ASO,ES,Federal Contract Tower,0,29,90,0,119,0,0,184,0,184,0,29,274,0,303,148,0,148,451
03/06/2009,APF,FL,ASO,ES,Federal Contract Tower,0,18,100,0,118,0,0,186,0,186,0,18,286,0,304,80,0,80,384
03/07/2009,APF,FL,ASO,ES,Federal Contract Tower,0,28,66,0,94,0,0,186,0,186,0,28,252,0,280,96,0,96,376
03/08/2009,APF,FL,ASO,ES,Federal Contract Tower,0,31,109,0,140,0,0,159,0,159,0,31,268,0,299,78,0,78,377
03/09/2009,APF,FL,ASO,ES,Federal Contract Tower,0,29,72,0,101,0,0,183,0,183,0,29,255,0,284,116,0,116,400
03/10/2009,APF,FL,ASO,ES,Federal Contract Tower,0,25,98,0,123,0,0,171,0,171,0,25,269,0,294,68,0,68,362
03/11/2009,APF,FL,ASO,ES,Federal Contract Tower,0,18,106,0,124,0,0,161,0,161,0,18,267,0,285,132,0,132,417
03/12/2009,APF,FL,ASO,ES,Federal Contract Tower,0,18,110,0,128,0,1,179,0,180,0,19,289,0,308,116,0,116,424
03/13/2009,APF,FL,ASO,ES,Federal Contract Tower,0,27,120,0,147,0,0,180,0,180,0,27,300,0,327,68,0,68,395
03/14/2009,APF,FL,ASO,ES,Federal Contract Tower,0,16,89,0,105,0,0,176,0,176,0,16,265,0,281,72,0,72,353
03/15/2009,APF,FL,ASO,ES,Federal Contract Tower,0,32,107,0,139,0,0,141,0,141,0,32,248,0,280,70,0,70,350
03/16/2009,APF,FL,ASO,ES,Federal Contract Tower,0,20,87,0,107,0,0,116,0,116,0,20,203,0,223,70,0,70,293
03/17/2009,APF,FL,ASO,ES,Federal Contract Tower,0,13,60,0,73,0,6,115,0,121,0,19,175,0,194,60,0,60,254
03/18/2009,APF,FL,ASO,ES,Federal Contract Tower,0,31,115,0,146,0,0,82,0,82,0,31,197,0,228,60,0,60,288
03/19/2009,APF,FL,ASO,ES,Federal Contract Tower,0,29,124,0,153,0,0,105,0,105,0,29,229,0,258,178,0,178,436
03/20/2009,APF,FL,ASO,ES,Federal Contract Tower,0,27,129,0,156,0,0,165,0,165,0,27,294,0,321,32,0,32,353
03/21/2009,APF,FL,ASO,ES,Federal Contract Tower,0,33,91,0,124,0,0,143,0,143,0,33,234,0,267,30,0,30,297
03/22/2009,APF,FL,ASO,ES,Federal Contract Tower,0,47,141,0,188,0,0,115,0,115,0,47,256,0,303,50,0,50,353
03/23/2009,APF,FL,ASO,ES,Federal Contract Tower,0,30,82,0,112,0,0,90,0,90,0,30,172,0,202,72,0,72,274
03/24/2009,APF,FL,ASO,ES,Federal Contract Tower,0,23,79,0,102,0,2,148,0,150,0,25,227,0,252,36,0,36,288
03/25/2009,APF,FL,ASO,ES,Federal Contract Tower,0,24,71,0,95,0,0,142,0,142,0,24,213,0,237,60,0,60,297
03/26/2009,APF,FL,ASO,ES,Federal Contract Tower,0,29,98,2,129,0,1,162,0,163,0,30,260,2,292,60,0,60,352
03/27/2009,APF,FL,ASO,ES,Federal Contract Tower,0,36,89,0,125,0,0,83,0,83,0,36,172,0,208,62,0,62,270
03/28/2009,APF,FL,ASO,ES,Federal Contract Tower,0,36,85,0,121,0,0,62,0,62,0,36,147,0,183,6,0,6,189
03/29/2009,APF,FL,ASO,ES,Federal Contract Tower,0,35,89,0,124,0,0,26,0,26,0,35,115,0,150,18,0,18,168
03/30/2009,APF,FL,ASO,ES,Federal Contract Tower,0,29,82,0,111,0,0,189,0,189,0,29,271,0,300,40,0,40,340
03/31/2009,APF,FL,ASO,ES,Federal Contract Tower,0,12,67,2,81,0,0,149,0,149,0,12,216,2,230,112,0,112,342
04/01/2009,APF,FL,ASO,ES,Federal Contract Tower,0,16,86,3,105,0,0,114,0,114,0,16,200,3,219,40,0,40,259
04/02/2009,APF,FL,ASO,ES,Federal Contract Tower,0,25,80,0,105,0,0,128,0,128,0,25,208,0,233,78,0,78,311
04/03/2009,APF,FL,ASO,ES,Federal Contract Tower,0,24,103,1,128,0,0,67,0,67,0,24,170,1,195,2,0,2,197
04/04/2009,APF,FL,ASO,ES,Federal Contract Tower,0,27,103,0,130,0,0,165,0,165,0,27,268,0,295,66,0,66,361
04/05/2009,APF,FL,ASO,ES,Federal Contract Tower,0,33,91,0,124,0,0,124,0,124,0,33,215,0,248,82,0,82,330
04/06/2009,APF,FL,ASO,ES,Federal Contract Tower,0,25,55,0,80,0,0,103,4,107,0,25,158,4,187,98,0,98,285
04/07/2009,APF,FL,ASO,ES,Federal Contract Tower,0,25,69,0,94,0,0,125,0,125,0,25,194,0,219,74,0,74,293
04/08/2009,APF,FL,ASO,ES,Federal Contract Tower,0,25,118,0,143,0,2,191,0,193,0,27,309,0,336,96,0,96,432
04/09/2009,APF,FL,ASO,ES,Federal Contract Tower,0,48,109,0,157,0,0,184,0,184,0,48,293,0,341,78,0,78,419
04/10/2009,APF,FL,ASO,ES,Federal Contract Tower,0,19,83,0,102,0,1,161,4,166,0,20,244,4,268,84,0,84,352
04/11/2009,APF,FL,ASO,ES,Federal Contract Tower,0,26,85,0,111,0,0,104,0,104,0,26,189,0,215,60,0,60,275
04/12/2009,APF,FL,ASO,ES,Federal Contract Tower,0,41,78,0,119,0,0,85,0,85,0,41,163,0,204,52,0,52,256
04/13/2009,APF,FL,ASO,ES,Federal Contract Tower,0,25,135,0,160,0,0,151,0,151,0,25,286,0,311,72,0,72,383
04/14/2009,APF,FL,ASO,ES,Federal Contract Tower,0,24,87,0,111,0,0,100,0,100,0,24,187,0,211,108,0,108,319
04/15/2009,APF,FL,ASO,ES,Federal Contract Tower,0,36,122,0,158,0,0,141,0,141,0,36,263,0,299,148,0,148,447
04/16/2009,APF,FL,ASO,ES,Federal Contract Tower,0,21,94,0,115,0,0,226,0,226,0,21,320,0,341,144,0,144,485
04/17/2009,APF,FL,ASO,ES,Federal Contract Tower,0,21,94,0,115,0,0,201,0,201,0,21,295,0,316,166,0,166,482
04/18/2009,APF,FL,ASO,ES,Federal Contract Tower,0,20,96,0,116,0,0,217,0,217,0,20,313,0,333,106,0,106,439
04/19/2009,APF,FL,ASO,ES,Federal Contract Tower,0,26,98,0,124,0,0,175,0,175,0,26,273,0,299,86,0,86,385
04/20/2009,APF,FL,ASO,ES,Federal Contract Tower,0,19,49,0,68,0,1,123,0,124,0,20,172,0,192,130,0,130,322
04/21/2009,APF,FL,ASO,ES,Federal Contract Tower,0,16,72,0,88,0,0,124,0,124,0,16,196,0,212,96,0,96,308
04/22/2009,APF,FL,ASO,ES,Federal Contract Tower,0,19,92,0,111,0,0,196,0,196,0,19,288,0,307,76,0,76,383
04/23/2009,APF,FL,ASO,ES,Federal Contract Tower,0,19,102,0,121,0,0,201,0,201,0,19,303,0,322,78,0,78,400
04/24/2009,APF,FL,ASO,ES,Federal Contract Tower,0,35,105,0,140,0,0,141,0,141,0,35,246,0,281,48,0,48,329
04/25/2009,APF,FL,ASO,ES,Federal Contract Tower,0,21,69,0,90,0,0,137,0,137,0,21,206,0,227,70,0,70,297
04/26/2009,APF,FL,ASO,ES,Federal Contract Tower,0,30,89,0,119,0,1,104,0,105,0,31,193,0,224,40,0,40,264
04/27/2009,APF,FL,ASO,ES,Federal Contract Tower,0,14,78,0,92,0,0,131,0,131,0,14,209,0,223,72,0,72,295
04/28/2009,APF,FL,ASO,ES,Federal Contract Tower,0,15,52,0,67,0,0,158,0,158,0,15,210,0,225,116,0,116,341
04/29/2009,APF,FL,ASO,ES,Federal Contract Tower,0,19,75,0,94,0,0,163,0,163,0,19,238,0,257,86,0,86,343
04/30/2009,APF,FL,ASO,ES,Federal Contract Tower,0,30,83,0,113,0,0,170,0,170,0,30,253,0,283,68,0,68,351
05/01/2009,APF,FL,ASO,ES,Federal Contract Tower,0,27,76,0,103,0,0,176,2,178,0,27,252,2,281,118,0,118,399
05/02/2009,APF,FL,ASO,ES,Federal Contract Tower,0,18,54,0,72,0,0,155,0,155,0,18,209,0,227,42,0,42,269
05/03/2009,APF,FL,ASO,ES,Federal Contract Tower,0,31,72,0,103,0,0,108,2,110,0,31,180,2,213,62,0,62,275
05/04/2009,APF,FL,ASO,ES,Federal Contract Tower,0,19,66,0,85,0,0,136,0,136,0,19,202,0,221,52,0,52,273
05/05/2009,APF,FL,ASO,ES,Federal Contract Tower,0,12,83,0,95,0,0,144,0,144,0,12,227,0,239,82,0,82,321
05/06/2009,APF,FL,ASO,ES,Federal Contract Tower,0,17,92,0,109,0,0,193,0,193,0,17,285,0,302,106,0,106,408
05/07/2009,APF,FL,ASO,ES,Federal Contract Tower,0,27,81,0,108,0,0,180,0,180,0,27,261,0,288,160,0,160,448
05/08/2009,APF,FL,ASO,ES,Federal Contract Tower,0,21,84,0,105,0,0,211,0,211,0,21,295,0,316,84,0,84,400
05/09/2009,APF,FL,ASO,ES,Federal Contract Tower,0,21,57,0,78,0,0,157,0,157,0,21,214,0,235,106,0,106,341
05/10/2009,APF,FL,ASO,ES,Federal Contract Tower,0,23,60,0,83,0,0,120,0,120,0,23,180,0,203,92,0,92,295
05/11/2009,APF,FL,ASO,ES,Federal Contract Tower,0,20,56,0,76,0,0,178,0,178,0,20,234,0,254,170,0,170,424
05/12/2009,APF,FL,ASO,ES,Federal Contract Tower,0,20,59,0,79,0,0,172,0,172,0,20,231,0,251,166,0,166,417
05/13/2009,APF,FL,ASO,ES,Federal Contract Tower,0,23,79,0,102,0,0,115,0,115,0,23,194,0,217,148,0,148,365
05/14/2009,APF,FL,ASO,ES,Federal Contract Tower,0,15,95,0,110,0,0,126,0,126,0,15,221,0,236,148,0,148,384
05/15/2009,APF,FL,ASO,ES,Federal Contract Tower,0,17,69,0,86,0,0,127,0,127,0,17,196,0,213,144,0,144,357
05/16/2009,APF,FL,ASO,ES,Federal Contract Tower,0,14,42,0,56,0,0,138,0,138,0,14,180,0,194,134,0,134,328
05/17/2009,APF,FL,ASO,ES,Federal Contract Tower,0,18,50,0,68,0,0,131,0,131,0,18,181,0,199,204,0,204,403
05/18/2009,APF,FL,ASO,ES,Federal Contract Tower,0,10,48,0,58,0,0,88,0,88,0,10,136,0,146,184,0,184,330
05/19/2009,APF,FL,ASO,ES,Federal Contract Tower,0,6,65,0,71,0,0,47,0,47,0,6,112,0,118,146,0,146,264
05/20/2009,APF,FL,ASO,ES,Federal Contract Tower,0,7,69,0,76,0,0,81,0,81,0,7,150,0,157,190,0,190,347
05/21/2009,APF,FL,ASO,ES,Federal Contract Tower,0,19,70,0,89,0,0,116,0,116,0,19,186,0,205,158,0,158,363
05/22/2009,APF,FL,ASO,ES,Federal Contract Tower,0,16,67,0,83,0,0,105,0,105,0,16,172,0,188,180,0,180,368
05/23/2009,APF,FL,ASO,ES,Federal Contract Tower,0,8,32,0,40,0,0,110,0,110,0,8,142,0,150,84,0,84,234
05/24/2009,APF,FL,ASO,ES,Federal Contract Tower,0,14,33,0,47,0,0,91,0,91,0,14,124,0,138,52,0,52,190
05/25/2009,APF,FL,ASO,ES,Federal Contract Tower,0,5,49,0,54,0,0,94,2,96,0,5,143,2,150,140,0,140,290
05/26/2009,APF,FL,ASO,ES,Federal Contract Tower,0,13,50,0,63,0,2,118,0,120,0,15,168,0,183,96,0,96,279
05/27/2009,APF,FL,ASO,ES,Federal Contract Tower,0,17,51,0,68,0,0,129,0,129,0,17,180,0,197,92,0,92,289
05/28/2009,APF,FL,ASO,ES,Federal Contract Tower,0,11,67,0,78,0,0,118,0,118,0,11,185,0,196,168,0,168,364
05/29/2009,APF,FL,ASO,ES,Federal Contract Tower,0,10,53,0,63,0,0,123,0,123,0,10,176,0,186,86,0,86,272
05/30/2009,APF,FL,ASO,ES,Federal Contract Tower,0,9,25,0,34,0,0,83,0,83,0,9,108,0,117,52,0,52,169
05/31/2009,APF,FL,ASO,ES,Federal Contract Tower,0,18,44,0,62,0,0,123,0,123,0,18,167,0,185,92,0,92,277
06/01/2009,APF,FL,ASO,ES,Federal Contract Tower,0,6,55,0,61,0,0,122,4,126,0,6,177,4,187,84,0,84,271
06/02/2009,APF,FL,ASO,ES,Federal Contract Tower,0,8,38,0,46,0,0,114,0,114,0,8,152,0,160,122,0,122,282
06/03/2009,APF,FL,ASO,ES,Federal Contract Tower,0,8,51,2,61,0,0,115,0,115,0,8,166,2,176,164,0,164,340
06/04/2009,APF,FL,ASO,ES,Federal Contract Tower,0,6,42,0,48,0,0,120,0,120,0,6,162,0,168,106,0,106,274
06/05/2009,APF,FL,ASO,ES,Federal Contract Tower,0,15,47,0,62,0,0,127,0,127,0,15,174,0,189,114,0,114,303
06/06/2009,APF,FL,ASO,ES,Federal Contract Tower,0,3,27,0,30,0,0,122,0,122,0,3,149,0,152,32,0,32,184
06/07/2009,APF,FL,ASO,ES,Federal Contract Tower,0,7,42,0,49,0,0,76,0,76,0,7,118,0,125,70,0,70,195
06/08/2009,APF,FL,ASO,ES,Federal Contract Tower,0,11,52,0,63,0,0,109,0,109,0,11,161,0,172,46,0,46,218
06/09/2009,APF,FL,ASO,ES,Federal Contract Tower,0,7,61,0,68,0,0,130,2,132,0,7,191,2,200,74,0,74,274
06/10/2009,APF,FL,ASO,ES,Federal Contract Tower,0,10,33,0,43,0,0,143,0,143,0,10,176,0,186,144,0,144,330
06/11/2009,APF,FL,ASO,ES,Federal Contract Tower,0,17,62,0,79,0,0,126,0,126,0,17,188,0,205,120,0,120,325
06/12/2009,APF,FL,ASO,ES,Federal Contract Tower,0,9,50,0,59,0,0,165,0,165,0,9,215,0,224,170,0,170,394
06/13/2009,APF,FL,ASO,ES,Federal Contract Tower,0,4,43,0,47,0,0,128,0,128,0,4,171,0,175,118,0,118,293
06/14/2009,APF,FL,ASO,ES,Federal Contract Tower,0,8,44,0,52,0,0,103,0,103,0,8,147,0,155,86,0,86,241
06/15/2009,APF,FL,ASO,ES,Federal Contract Tower,0,7,43,0,50,0,0,118,0,118,0,7,161,0,168,80,0,80,248
06/16/2009,APF,FL,ASO,ES,Federal Contract Tower,0,10,52,0,62,0,0,142,0,142,0,10,194,0,204,124,0,124,328
06/17/2009,APF,FL,ASO,ES,Federal Contract Tower,0,5,46,0,51,0,0,134,0,134,0,5,180,0,185,152,0,152,337
06/18/2009,APF,FL,ASO,ES,Federal Contract Tower,0,5,30,0,35,0,0,140,0,140,0,5,170,0,175,166,0,166,341
06/19/2009,APF,FL,ASO,ES,Federal Contract Tower,0,6,59,0,65,0,0,144,0,144,0,6,203,0,209,144,0,144,353
06/20/2009,APF,FL,ASO,ES,Federal Contract Tower,0,5,31,0,36,0,0,128,0,128,0,5,159,0,164,26,0,26,190
06/21/2009,APF,FL,ASO,ES,Federal Contract Tower,0,9,42,0,51,0,0,102,0,102,0,9,144,0,153,122,0,122,275
06/22/2009,APF,FL,ASO,ES,Federal Contract Tower,0,11,31,0,42,0,0,98,0,98,0,11,129,0,140,20,0,20,160
06/23/2009,APF,FL,ASO,ES,Federal Contract Tower,0,5,51,0,56,0,0,59,0,59,0,5,110,0,115,26,0,26,141
06/24/2009,APF,FL,ASO,ES,Federal Contract Tower,0,4,58,0,62,0,0,80,0,80,0,4,138,0,142,80,0,80,222
06/25/2009,APF,FL,ASO,ES,Federal Contract Tower,0,12,58,0,70,0,0,102,0,102,0,12,160,0,172,118,0,118,290
06/26/2009,APF,FL,ASO,ES,Federal Contract Tower,0,5,58,0,63,0,0,97,0,97,0,5,155,0,160,90,0,90,250
06/27/2009,APF,FL,ASO,ES,Federal Contract Tower,0,6,44,0,50,0,0,113,0,113,0,6,157,0,163,28,0,28,191
06/28/2009,APF,FL,ASO,ES,Federal Contract Tower,0,9,54,0,63,0,0,68,0,68,0,9,122,0,131,22,0,22,153
06/29/2009,APF,FL,ASO,ES,Federal Contract Tower,0,2,41,0,43,0,0,62,0,62,0,2,103,0,105,46,0,46,151
06/30/2009,APF,FL,ASO,ES,Federal Contract Tower,0,11,56,0,67,0,0,94,2,96,0,11,150,2,163,92,0,92,255
07/01/2009,APF,FL,ASO,ES,Federal Contract Tower,0,8,52,0,60,0,0,108,0,108,0,8,160,0,168,70,0,70,238
07/02/2009,APF,FL,ASO,ES,Federal Contract Tower,0,10,60,0,70,0,0,113,0,113,0,10,173,0,183,62,0,62,245
07/03/2009,APF,FL,ASO,ES,Federal Contract Tower,0,7,60,0,67,0,0,123,0,123,0,7,183,0,190,62,0,62,252
07/04/2009,APF,FL,ASO,ES,Federal Contract Tower,0,3,10,0,13,0,0,40,0,40,0,3,50,0,53,68,0,68,121
07/05/2009,APF,FL,ASO,ES,Federal Contract Tower,0,12,38,0,50,0,0,64,0,64,0,12,102,0,114,28,0,28,142
07/06/2009,APF,FL,ASO,ES,Federal Contract Tower,0,14,55,0,69,0,0,149,0,149,0,14,204,0,218,86,0,86,304
07/07/2009,APF,FL,ASO,ES,Federal Contract Tower,0,2,53,0,55,0,0,147,0,147,0,2,200,0,202,54,0,54,256
07/08/2009,APF,FL,ASO,ES,Federal Contract Tower,0,11,63,0,74,0,0,133,0,133,0,11,196,0,207,34,0,34,241
07/09/2009,APF,FL,ASO,ES,Federal Contract Tower,0,5,49,0,54,0,0,92,0,92,0,5,141,0,146,84,0,84,230
07/10/2009,APF,FL,ASO,ES,Federal Contract Tower,0,3,43,0,46,0,0,125,0,125,0,3,168,0,171,62,0,62,233
07/11/2009,APF,FL,ASO,ES,Federal Contract Tower,0,4,39,0,43,0,0,109,0,109,0,4,148,0,152,34,0,34,186
07/12/2009,APF,FL,ASO,ES,Federal Contract Tower,0,5,45,0,50,0,0,104,0,104,0,5,149,0,154,74,0,74,228
07/13/2009,APF,FL,ASO,ES,Federal Contract Tower,0,5,54,0,59,0,0,144,0,144,0,5,198,0,203,60,0,60,263
07/14/2009,APF,FL,ASO,ES,Federal Contract Tower,0,2,56,3,61,0,0,123,1,124,0,2,179,4,185,104,0,104,289
07/15/2009,APF,FL,ASO,ES,Federal Contract Tower,0,5,52,0,57,0,0,132,0,132,0,5,184,0,189,76,0,76,265
07/16/2009,APF,FL,ASO,ES,Federal Contract Tower,0,7,52,0,59,0,0,136,0,136,0,7,188,0,195,92,0,92,287
07/17/2009,APF,FL,ASO,ES,Federal Contract Tower,0,10,61,0,71,0,0,110,0,110,0,10,171,0,181,66,0,66,247
07/18/2009,APF,FL,ASO,ES,Federal Contract Tower,0,1,27,0,28,0,0,105,0,105,0,1,132,0,133,66,0,66,199
07/19/2009,APF,FL,ASO,ES,Federal Contract Tower,0,2,31,0,33,0,0,66,0,66,0,2,97,0,99,64,0,64,163
07/20/2009,APF,FL,ASO,ES,Federal Contract Tower,0,5,52,0,57,0,0,84,0,84,0,5,136,0,141,66,0,66,207
07/21/2009,APF,FL,ASO,ES,Federal Contract Tower,0,6,49,0,55,0,0,129,0,129,0,6,178,0,184,44,0,44,228
07/22/2009,APF,FL,ASO,ES,Federal Contract Tower,0,6,61,0,67,0,0,158,0,158,0,6,219,0,225,90,0,90,315
07/23/2009,APF,FL,ASO,ES,Federal Contract Tower,0,7,38,0,45,0,0,126,0,126,0,7,164,0,171,50,0,50,221
07/24/2009,APF,FL,ASO,ES,Federal Contract Tower,0,2,46,0,48,0,0,135,0,135,0,2,181,0,183,40,0,40,223
07/25/2009,APF,FL,ASO,ES,Federal Contract Tower,0,2,29,0,31,0,0,58,0,58,0,2,87,0,89,12,0,12,101
07/26/2009,APF,FL,ASO,ES,Federal Contract Tower,0,4,30,0,34,0,0,74,0,74,0,4,104,0,108,34,0,34,142
07/27/2009,APF,FL,ASO,ES,Federal Contract Tower,0,4,33,0,37,0,0,125,0,125,0,4,158,0,162,166,0,166,328
07/28/2009,APF,FL,ASO,ES,Federal Contract Tower,0,7,39,0,46,0,0,131,0,131,0,7,170,0,177,112,0,112,289
07/29/2009,APF,FL,ASO,ES,Federal Contract Tower,0,4,26,0,30,0,0,85,0,85,0,4,111,0,115,46,0,46,161
07/30/2009,APF,FL,ASO,ES,Federal Contract Tower,0,10,44,0,54,0,0,113,1,114,0,10,157,1,168,62,0,62,230
07/31/2009,APF,FL,ASO,ES,Federal Contract Tower,0,10,37,0,47,0,0,111,0,111,0,10,148,0,158,38,0,38,196
08/01/2009,APF,FL,ASO,ES,Federal Contract Tower,0,10,21,0,31,0,0,85,0,85,0,10,106,0,116,42,0,42,158
08/02/2009,APF,FL,ASO,ES,Federal Contract Tower,0,7,28,0,35,0,0,77,0,77,0,7,105,0,112,60,0,60,172
08/03/2009,APF,FL,ASO,ES,Federal Contract Tower,0,5,26,0,31,0,0,102,0,102,0,5,128,0,133,66,0,66,199
08/04/2009,APF,FL,ASO,ES,Federal Contract Tower,0,10,40,0,50,0,0,101,0,101,0,10,141,0,151,34,0,34,185
08/05/2009,APF,FL,ASO,ES,Federal Contract Tower,0,9,35,0,44,0,0,79,0,79,0,9,114,0,123,40,0,40,163
08/06/2009,APF,FL,ASO,ES,Federal Contract Tower,0,1,40,0,41,0,0,68,0,68,0,1,108,0,109,38,0,38,147
08/07/2009,APF,FL,ASO,ES,Federal Contract Tower,0,3,50,0,53,0,0,89,0,89,0,3,139,0,142,26,0,26,168
08/08/2009,APF,FL,ASO,ES,Federal Contract Tower,0,3,20,0,23,0,0,88,0,88,0,3,108,0,111,20,0,20,131
08/09/2009,APF,FL,ASO,ES,Federal Contract Tower,0,9,27,0,36,0,0,67,0,67,0,9,94,0,103,22,0,22,125
08/10/2009,APF,FL,ASO,ES,Federal Contract Tower,0,12,39,0,51,0,0,84,0,84,0,12,123,0,135,36,0,36,171
08/11/2009,APF,FL,ASO,ES,Federal Contract Tower,0,5,33,0,38,0,0,138,0,138,0,5,171,0,176,78,0,78,254
08/12/2009,APF,FL,ASO,ES,Federal Contract Tower,0,5,43,0,48,0,0,115,0,115,0,5,158,0,163,52,0,52,215
08/13/2009,APF,FL,ASO,ES,Federal Contract Tower,0,1,53,0,54,0,0,101,0,101,0,1,154,0,155,74,0,74,229
08/14/2009,APF,FL,ASO,ES,Federal Contract Tower,0,6,46,0,52,0,0,128,0,128,0,6,174,0,180,30,0,30,210
08/15/2009,APF,FL,ASO,ES,Federal Contract Tower,0,2,32,0,34,0,0,59,0,59,0,2,91,0,93,50,0,50,143
08/16/2009,APF,FL,ASO,ES,Federal Contract Tower,0,7,52,0,59,0,0,75,0,75,0,7,127,0,134,72,0,72,206
08/17/2009,APF,FL,ASO,ES,Federal Contract Tower,0,13,32,0,45,0,0,104,0,104,0,13,136,0,149,62,0,62,211
08/18/2009,APF,FL,ASO,ES,Federal Contract Tower,0,6,50,0,56,0,0,96,0,96,0,6,146,0,152,94,0,94,246
08/19/2009,APF,FL,ASO,ES,Federal Contract Tower,0,6,44,0,50,0,0,85,0,85,0,6,129,0,135,92,0,92,227
08/20/2009,APF,FL,ASO,ES,Federal Contract Tower,0,4,50,0,54,0,0,105,0,105,0,4,155,0,159,48,0,48,207
08/21/2009,APF,FL,ASO,ES,Federal Contract Tower,0,8,50,2,60,0,0,110,0,110,0,8,160,2,170,40,0,40,210
08/22/2009,APF,FL,ASO,ES,Federal Contract Tower,0,3,38,0,41,0,0,108,0,108,0,3,146,0,149,44,0,44,193
08/23/2009,APF,FL,ASO,ES,Federal Contract Tower,0,2,51,0,53,0,0,86,0,86,0,2,137,0,139,22,0,22,161
08/24/2009,APF,FL,ASO,ES,Federal Contract Tower,0,11,30,0,41,0,0,106,0,106,0,11,136,0,147,56,0,56,203
08/25/2009,APF,FL,ASO,ES,Federal Contract Tower,0,3,39,0,42,0,0,93,0,93,0,3,132,0,135,42,0,42,177
08/26/2009,APF,FL,ASO,ES,Federal Contract Tower,0,14,39,0,53,0,0,97,0,97,0,14,136,0,150,68,0,68,218
08/27/2009,APF,FL,ASO,ES,Federal Contract Tower,0,4,48,0,52,0,0,114,0,114,0,4,162,0,166,82,0,82,248
08/28/2009,APF,FL,ASO,ES,Federal Contract Tower,0,6,47,0,53,0,0,126,0,126,0,6,173,0,179,104,0,104,283
08/29/2009,APF,FL,ASO,ES,Federal Contract Tower,0,2,23,0,25,0,0,61,0,61,0,2,84,0,86,8,0,8,94
08/30/2009,APF,FL,ASO,ES,Federal Contract Tower,0,4,44,0,48,0,0,71,0,71,0,4,115,0,119,28,0,28,147
08/31/2009,APF,FL,ASO,ES,Federal Contract Tower,0,8,21,0,29,0,0,75,0,75,0,8,96,0,104,66,0,66,170
09/01/2009,APF,FL,ASO,ES,Federal Contract Tower,0,6,37,0,43,0,0,95,0,95,0,6,132,0,138,74,0,74,212
09/02/2009,APF,FL,ASO,ES,Federal Contract Tower,0,6,40,0,46,0,0,74,0,74,0,6,114,0,120,92,0,92,212
09/03/2009,APF,FL,ASO,ES,Federal Contract Tower,0,7,52,0,59,0,0,63,0,63,0,7,115,0,122,24,0,24,146
09/04/2009,APF,FL,ASO,ES,Federal Contract Tower,0,9,52,0,61,0,0,106,0,106,0,9,158,0,167,46,0,46,213
09/05/2009,APF,FL,ASO,ES,Federal Contract Tower,0,5,34,0,39,0,0,62,0,62,0,5,96,0,101,30,0,30,131
09/06/2009,APF,FL,ASO,ES,Federal Contract Tower,0,8,29,0,37,0,0,103,0,103,0,8,132,0,140,48,0,48,188
09/07/2009,APF,FL,ASO,ES,Federal Contract Tower,0,4,48,0,52,0,0,102,0,102,0,4,150,0,154,56,0,56,210
09/08/2009,APF,FL,ASO,ES,Federal Contract Tower,0,9,42,0,51,0,0,136,0,136,0,9,178,0,187,120,0,120,307
09/09/2009,APF,FL,ASO,ES,Federal Contract Tower,0,7,46,0,53,0,0,116,0,116,0,7,162,0,169,150,0,150,319
09/10/2009,APF,FL,ASO,ES,Federal Contract Tower,0,8,56,0,64,0,0,64,0,64,0,8,120,0,128,90,0,90,218
09/11/2009,APF,FL,ASO,ES,Federal Contract Tower,0,5,45,0,50,0,0,87,0,87,0,5,132,0,137,152,0,152,289
09/12/2009,APF,FL,ASO,ES,Federal Contract Tower,0,6,24,0,30,0,0,42,0,42,0,6,66,0,72,50,0,50,122
09/13/2009,APF,FL,ASO,ES,Federal Contract Tower,0,4,43,0,47,0,0,119,0,119,0,4,162,0,166,146,0,146,312
09/14/2009,APF,FL,ASO,ES,Federal Contract Tower,0,8,31,0,39,0,0,106,0,106,0,8,137,0,145,84,0,84,229
09/15/2009,APF,FL,ASO,ES,Federal Contract Tower,0,11,47,2,60,0,0,131,0,131,0,11,178,2,191,104,0,104,295
09/16/2009,APF,FL,ASO,ES,Federal Contract Tower,0,9,40,0,49,0,0,102,0,102,0,9,142,0,151,86,0,86,237
09/17/2009,APF,FL,ASO,ES,Federal Contract Tower,0,8,26,0,34,0,0,116,0,116,0,8,142,0,150,80,0,80,230
09/18/2009,APF,FL,ASO,ES,Federal Contract Tower,0,11,46,0,57,0,0,133,0,133,0,11,179,0,190,58,0,58,248
09/19/2009,APF,FL,ASO,ES,Federal Contract Tower,0,2,24,0,26,0,0,94,0,94,0,2,118,0,120,44,0,44,164
09/20/2009,APF,FL,ASO,ES,Federal Contract Tower,0,12,28,0,40,0,1,70,0,71,0,13,98,0,111,64,0,64,175
09/21/2009,APF,FL,ASO,ES,Federal Contract Tower,0,5,48,0,53,0,0,94,0,94,0,5,142,0,147,38,0,38,185
09/22/2009,APF,FL,ASO,ES,Federal Contract Tower,0,6,37,0,43,0,0,127,0,127,0,6,164,0,170,96,0,96,266
09/23/2009,APF,FL,ASO,ES,Federal Contract Tower,0,8,54,0,62,0,0,96,3,99,0,8,150,3,161,48,0,48,209
09/24/2009,APF,FL,ASO,ES,Federal Contract Tower,0,9,52,0,61,0,0,113,0,113,0,9,165,0,174,84,0,84,258
09/25/2009,APF,FL,ASO,ES,Federal Contract Tower,0,5,39,4,48,0,0,129,0,129,0,5,168,4,177,40,6,46,223
09/26/2009,APF,FL,ASO,ES,Federal Contract Tower,0,3,30,0,33,0,0,75,0,75,0,3,105,0,108,54,0,54,162
09/27/2009,APF,FL,ASO,ES,Federal Contract Tower,0,6,46,0,52,0,0,58,0,58,0,6,104,0,110,44,0,44,154
09/28/2009,APF,FL,ASO,ES,Federal Contract Tower,0,11,35,0,46,0,0,68,0,68,0,11,103,0,114,30,0,30,144
09/29/2009,APF,FL,ASO,ES,Federal Contract Tower,0,2,45,1,48,0,0,151,0,151,0,2,196,1,199,50,0,50,249
09/30/2009,APF,FL,ASO,ES,Federal Contract Tower,0,7,28,0,35,0,0,88,0,88,0,7,116,0,123,52,0,52,175
10/01/2009,APF,FL,ASO,ES,Federal Contract Tower,0,12,56,0,68,0,0,147,0,147,0,12,203,0,215,84,0,84,299
10/02/2009,APF,FL,ASO,ES,Federal Contract Tower,0,13,52,0,65,0,0,117,0,117,0,13,169,0,182,24,0,24,206
10/03/2009,APF,FL,ASO,ES,Federal Contract Tower,0,4,28,0,32,0,0,115,0,115,0,4,143,0,147,12,0,12,159
10/04/2009,APF,FL,ASO,ES,Federal Contract Tower,0,14,66,0,80,0,0,81,0,81,0,14,147,0,161,24,0,24,185
10/05/2009,APF,FL,ASO,ES,Federal Contract Tower,0,9,28,0,37,0,2,99,0,101,0,11,127,0,138,90,0,90,228
10/06/2009,APF,FL,ASO,ES,Federal Contract Tower,0,11,44,0,55,0,0,120,0,120,0,11,164,0,175,62,0,62,237
10/07/2009,APF,FL,ASO,ES,Federal Contract Tower,0,14,61,0,75,0,0,120,0,120,0,14,181,0,195,80,0,80,275
10/08/2009,APF,FL,ASO,ES,Federal Contract Tower,0,23,43,0,66,0,0,118,0,118,0,23,161,0,184,58,0,58,242
10/09/2009,APF,FL,ASO,ES,Federal Contract Tower,0,10,71,0,81,0,0,85,0,85,0,10,156,0,166,38,0,38,204
10/10/2009,APF,FL,ASO,ES,Federal Contract Tower,0,13,24,0,37,0,0,107,0,107,0,13,131,0,144,28,0,28,172
10/11/2009,APF,FL,ASO,ES,Federal Contract Tower,0,11,68,0,79,0,0,118,0,118,0,11,186,0,197,54,0,54,251
10/12/2009,APF,FL,ASO,ES,Federal Contract Tower,0,20,53,1,74,0,0,112,1,113,0,20,165,2,187,40,0,40,227
10/13/2009,APF,FL,ASO,ES,Federal Contract Tower,0,13,50,0,63,0,0,93,0,93,0,13,143,0,156,62,0,62,218
10/14/2009,APF,FL,ASO,ES,Federal Contract Tower,0,15,59,0,74,0,0,108,0,108,0,15,167,0,182,86,0,86,268
10/15/2009,APF,FL,ASO,ES,Federal Contract Tower,0,18,53,0,71,0,0,153,0,153,0,18,206,0,224,76,0,76,300
10/16/2009,APF,FL,ASO,ES,Federal Contract Tower,0,11,54,0,65,0,0,111,0,111,0,11,165,0,176,22,0,22,198
10/17/2009,APF,FL,ASO,ES,Federal Contract Tower,0,11,40,0,51,0,0,41,0,41,0,11,81,0,92,4,0,4,96
10/18/2009,APF,FL,ASO,ES,Federal Contract Tower,0,11,44,0,55,0,0,92,0,92,0,11,136,0,147,8,0,8,155
10/19/2009,APF,FL,ASO,ES,Federal Contract Tower,0,13,64,0,77,0,0,116,0,116,0,13,180,0,193,86,0,86,279
10/20/2009,APF,FL,ASO,ES,Federal Contract Tower,0,19,68,0,87,0,0,133,0,133,0,19,201,0,220,84,0,84,304
10/21/2009,APF,FL,ASO,ES,Federal Contract Tower,0,15,54,2,71,0,0,146,0,146,0,15,200,2,217,50,2,52,269
10/22/2009,APF,FL,ASO,ES,Federal Contract Tower,0,18,82,2,102,0,0,156,0,156,0,18,238,2,258,88,0,88,346
10/23/2009,APF,FL,ASO,ES,Federal Contract Tower,0,19,65,0,84,0,0,131,0,131,0,19,196,0,215,50,0,50,265
10/24/2009,APF,FL,ASO,ES,Federal Contract Tower,0,7,41,0,48,0,0,103,0,103,0,7,144,0,151,8,0,8,159
10/25/2009,APF,FL,ASO,ES,Federal Contract Tower,0,16,55,0,71,0,0,76,0,76,0,16,131,0,147,34,0,34,181
10/26/2009,APF,FL,ASO,ES,Federal Contract Tower,0,5,53,0,58,0,0,121,0,121,0,5,174,0,179,64,0,64,243
10/27/2009,APF,FL,ASO,ES,Federal Contract Tower,0,17,86,0,103,0,0,101,0,101,0,17,187,0,204,60,0,60,264
10/28/2009,APF,FL,ASO,ES,Federal Contract Tower,0,24,68,2,94,0,0,140,0,140,0,24,208,2,234,74,0,74,308
10/29/2009,APF,FL,ASO,ES,Federal Contract Tower,0,18,63,0,81,0,0,136,0,136,0,18,199,0,217,50,0,50,267
10/30/2009,APF,FL,ASO,ES,Federal Contract Tower,0,23,72,0,95,0,0,139,0,139,0,23,211,0,234,98,0,98,332
10/31/2009,APF,FL,ASO,ES,Federal Contract Tower,0,15,44,0,59,0,0,110,0,110,0,15,154,0,169,36,0,36,205
11/01/2009,APF,FL,ASO,ES,Federal Contract Tower,0,27,48,0,75,0,0,85,0,85,0,27,133,0,160,18,0,18,178
11/02/2009,APF,FL,ASO,ES,Federal Contract Tower,0,17,85,0,102,0,0,97,0,97,0,17,182,0,199,52,0,52,251
11/03/2009,APF,FL,ASO,ES,Federal Contract Tower,0,20,71,0,91,0,0,50,0,50,0,20,121,0,141,12,0,12,153
11/04/2009,APF,FL,ASO,ES,Federal Contract Tower,0,37,58,1,96,0,0,128,0,128,0,37,186,1,224,38,0,38,262
11/05/2009,APF,FL,ASO,ES,Federal Contract Tower,0,27,84,0,111,0,114,0,0,114,0,141,84,0,225,28,0,28,253
11/06/2009,APF,FL,ASO,ES,Federal Contract Tower,0,42,81,0,123,0,0,109,0,109,0,42,190,0,232,58,0,58,290
11/07/2009,APF,FL,ASO,ES,Federal Contract Tower,0,34,54,0,88,0,0,74,0,74,0,34,128,0,162,22,0,22,184
11/08/2009,APF,FL,ASO,ES,Federal Contract Tower,0,29,75,0,104,0,0,44,0,44,0,29,119,0,148,16,0,16,164
11/09/2009,APF,FL,ASO,ES,Federal Contract Tower,0,27,48,0,75,0,0,53,0,53,0,27,101,0,128,38,0,38,166
11/10/2009,APF,FL,ASO,ES,Federal Contract Tower,0,18,47,0,65,0,0,88,0,88,0,18,135,0,153,72,0,72,225
11/11/2009,APF,FL,ASO,ES,Federal Contract Tower,0,30,64,0,94,0,0,69,0,69,0,30,133,0,163,60,0,60,223
11/12/2009,APF,FL,ASO,ES,Federal Contract Tower,0,23,83,0,106,0,0,86,0,86,0,23,169,0,192,106,0,106,298
11/13/2009,APF,FL,ASO,ES,Federal Contract Tower,0,19,51,0,70,0,0,189,0,189,0,19,240,0,259,54,0,54,313
11/14/2009,APF,FL,ASO,ES,Federal Contract Tower,0,12,50,0,62,0,0,139,0,139,0,12,189,0,201,72,0,72,273
11/15/2009,APF,FL,ASO,ES,Federal Contract Tower,0,22,72,0,94,0,0,153,0,153,0,22,225,0,247,36,0,36,283
11/16/2009,APF,FL,ASO,ES,Federal Contract Tower,0,15,51,0,66,0,0,122,0,122,0,15,173,0,188,116,0,116,304
11/17/2009,APF,FL,ASO,ES,Federal Contract Tower,0,12,69,0,81,0,0,135,0,135,0,12,204,0,216,72,0,72,288
11/18/2009,APF,FL,ASO,ES,Federal Contract Tower,0,27,64,0,91,0,0,154,0,154,0,27,218,0,245,108,0,108,353
11/19/2009,APF,FL,ASO,ES,Federal Contract Tower,0,26,61,0,87,0,0,143,0,143,0,26,204,0,230,136,0,136,366
11/20/2009,APF,FL,ASO,ES,Federal Contract Tower,0,33,80,0,113,0,0,117,0,117,0,33,197,0,230,76,0,76,306
11/21/2009,APF,FL,ASO,ES,Federal Contract Tower,0,23,65,0,88,0,0,105,0,105,0,23,170,0,193,42,0,42,235
11/22/2009,APF,FL,ASO,ES,Federal Contract Tower,0,24,69,0,93,0,0,91,0,91,0,24,160,0,184,44,0,44,228
11/23/2009,APF,FL,ASO,ES,Federal Contract Tower,0,33,62,0,95,0,0,132,0,132,0,33,194,0,227,46,0,46,273
11/24/2009,APF,FL,ASO,ES,Federal Contract Tower,0,36,118,0,154,0,0,142,0,142,0,36,260,0,296,160,0,160,456
11/25/2009,APF,FL,ASO,ES,Federal Contract Tower,0,18,70,0,88,0,0,17,0,17,0,18,87,0,105,28,0,28,133
11/26/2009,APF,FL,ASO,ES,Federal Contract Tower,0,12,38,0,50,0,0,30,0,30,0,12,68,0,80,0,0,0,80
11/27/2009,APF,FL,ASO,ES,Federal Contract Tower,0,7,41,0,48,0,0,129,0,129,0,7,170,0,177,126,0,126,303
11/28/2009,APF,FL,ASO,ES,Federal Contract Tower,0,47,75,0,122,0,0,151,0,151,0,47,226,0,273,92,0,92,365
11/29/2009,APF,FL,ASO,ES,Federal Contract Tower,0,67,135,0,202,0,0,130,0,130,0,67,265,0,332,68,0,68,400
11/30/2009,APF,FL,ASO,ES,Federal Contract Tower,0,28,72,0,100,0,0,114,0,114,0,28,186,0,214,86,0,86,300
12/01/2009,APF,FL,ASO,ES,Federal Contract Tower,0,30,79,2,111,0,0,121,0,121,0,30,200,2,232,114,0,114,346
12/02/2009,APF,FL,ASO,ES,Federal Contract Tower,0,24,65,0,89,0,0,82,0,82,0,24,147,0,171,48,0,48,219
12/03/2009,APF,FL,ASO,ES,Federal Contract Tower,0,18,75,0,93,0,0,65,0,65,0,18,140,0,158,40,0,40,198
12/04/2009,APF,FL,ASO,ES,Federal Contract Tower,0,13,75,0,88,0,0,32,0,32,0,13,107,0,120,80,0,80,200
12/05/2009,APF,FL,ASO,ES,Federal Contract Tower,0,10,37,0,47,0,0,16,0,16,0,10,53,0,63,12,0,12,75
12/06/2009,APF,FL,ASO,ES,Federal Contract Tower,0,24,73,0,97,0,0,97,0,97,0,24,170,0,194,38,0,38,232
12/07/2009,APF,FL,ASO,ES,Federal Contract Tower,0,13,47,0,60,0,0,98,0,98,0,13,145,0,158,116,0,116,274
12/08/2009,APF,FL,ASO,ES,Federal Contract Tower,0,39,59,0,98,0,0,147,0,147,0,39,206,0,245,116,0,116,361
12/09/2009,APF,FL,ASO,ES,Federal Contract Tower,0,21,75,0,96,0,0,112,0,112,0,21,187,0,208,36,0,36,244
12/10/2009,APF,FL,ASO,ES,Federal Contract Tower,0,15,88,0,103,0,0,99,0,99,0,15,187,0,202,72,0,72,274
12/11/2009,APF,FL,ASO,ES,Federal Contract Tower,0,26,96,0,122,0,0,122,0,122,0,26,218,0,244,120,0,120,364
12/12/2009,APF,FL,ASO,ES,Federal Contract Tower,0,14,50,0,64,0,0,97,0,97,0,14,147,0,161,82,0,82,243
12/13/2009,APF,FL,ASO,ES,Federal Contract Tower,0,32,67,0,99,0,0,85,0,85,0,32,152,0,184,42,0,42,226
12/14/2009,APF,FL,ASO,ES,Federal Contract Tower,0,26,70,0,96,0,0,97,0,97,0,26,167,0,193,78,0,78,271
12/15/2009,APF,FL,ASO,ES,Federal Contract Tower,0,12,72,0,84,0,0,145,0,145,0,12,217,0,229,96,0,96,325
12/16/2009,APF,FL,ASO,ES,Federal Contract Tower,0,25,79,0,104,0,0,71,0,71,0,25,150,0,175,48,0,48,223
12/17/2009,APF,FL,ASO,ES,Federal Contract Tower,0,9,102,0,111,0,0,41,0,41,0,9,143,0,152,50,0,50,202
12/18/2009,APF,FL,ASO,ES,Federal Contract Tower,0,16,44,0,60,0,0,12,0,12,0,16,56,0,72,22,0,22,94
12/19/2009,APF,FL,ASO,ES,Federal Contract Tower,0,21,35,0,56,0,0,66,1,67,0,21,101,1,123,74,6,80,203
12/20/2009,APF,FL,ASO,ES,Federal Contract Tower,0,23,46,0,69,0,0,70,2,72,0,23,116,2,141,26,0,26,167
12/21/2009,APF,FL,ASO,ES,Federal Contract Tower,0,30,60,0,90,0,0,80,0,80,0,30,140,0,170,12,0,12,182
12/22/2009,APF,FL,ASO,ES,Federal Contract Tower,0,33,61,0,94,0,0,95,0,95,0,33,156,0,189,16,0,16,205
12/23/2009,APF,FL,ASO,ES,Federal Contract Tower,0,32,71,0,103,0,0,88,0,88,0,32,159,0,191,24,0,24,215
12/24/2009,APF,FL,ASO,ES,Federal Contract Tower,0,20,24,0,44,0,0,57,0,57,0,20,81,0,101,34,0,34,135
12/25/2009,APF,FL,ASO,ES,Federal Contract Tower,0,29,20,0,49,0,0,7,0,7,0,29,27,0,56,2,0,2,58
12/26/2009,APF,FL,ASO,ES,Federal Contract Tower,0,78,145,0,223,0,0,109,0,109,0,78,254,0,332,10,0,10,342
12/27/2009,APF,FL,ASO,ES,Federal Contract Tower,0,59,120,0,179,0,0,64,0,64,0,59,184,0,243,2,0,2,245
12/28/2009,APF,FL,ASO,ES,Federal Contract Tower,0,55,94,0,149,0,0,78,0,78,0,55,172,0,227,8,0,8,235
12/29/2009,APF,FL,ASO,ES,Federal Contract Tower,0,46,94,0,140,0,2,132,0,134,0,48,226,0,274,20,0,20,294
12/30/2009,APF,FL,ASO,ES,Federal Contract Tower,0,48,70,0,118,0,0,112,0,112,0,48,182,0,230,56,0,56,286
12/31/2009,APF,FL,ASO,ES,Federal Contract Tower,0,19,62,0,81,0,0,90,0,90,0,19,152,0,171,28,0,28,199
01/01/2010,APF,FL,ASO,ES,Federal Contract Tower,0,27,51,0,78,0,0,15,0,15,0,27,66,0,93,0,0,0,93
01/02/2010,APF,FL,ASO,ES,Federal Contract Tower,0,50,140,0,190,0,0,67,0,67,0,50,207,0,257,20,0,20,277
01/03/2010,APF,FL,ASO,ES,Federal Contract Tower,0,61,151,0,212,0,0,81,0,81,0,61,232,0,293,8,0,8,301
01/04/2010,APF,FL,ASO,ES,Federal Contract Tower,0,31,80,0,111,0,0,65,0,65,0,31,145,0,176,4,0,4,180
01/05/2010,APF,FL,ASO,ES,Federal Contract Tower,0,30,64,0,94,0,0,82,0,82,0,30,146,0,176,26,0,26,202
01/06/2010,APF,FL,ASO,ES,Federal Contract Tower,0,24,88,0,112,0,0,98,0,98,0,24,186,0,210,34,0,34,244
01/07/2010,APF,FL,ASO,ES,Federal Contract Tower,0,32,70,1,103,0,0,97,0,97,0,32,167,1,200,36,0,36,236
01/08/2010,APF,FL,ASO,ES,Federal Contract Tower,0,19,80,0,99,0,0,121,0,121,0,19,201,0,220,48,0,48,268
01/09/2010,APF,FL,ASO,ES,Federal Contract Tower,0,24,41,0,65,0,0,10,0,10,0,24,51,0,75,14,0,14,89
01/10/2010,APF,FL,ASO,ES,Federal Contract Tower,0,26,68,0,94,0,0,44,0,44,0,26,112,0,138,28,0,28,166
01/11/2010,APF,FL,ASO,ES,Federal Contract Tower,0,14,62,0,76,0,0,93,2,95,0,14,155,2,171,24,0,24,195
01/12/2010,APF,FL,ASO,ES,Federal Contract Tower,0,19,90,0,109,0,0,143,0,143,0,19,233,0,252,78,0,78,330
01/13/2010,APF,FL,ASO,ES,Federal Contract Tower,0,20,72,0,92,0,0,164,0,164,0,20,236,0,256,100,0,100,356
01/14/2010,APF,FL,ASO,ES,Federal Contract Tower,0,35,86,0,121,0,0,143,0,143,0,35,229,0,264,38,0,38,302
01/15/2010,APF,FL,ASO,ES,Federal Contract Tower,0,37,75,0,112,0,0,143,0,143,0,37,218,0,255,46,0,46,301
01/16/2010,APF,FL,ASO,ES,Federal Contract Tower,0,28,74,0,102,0,0,100,0,100,0,28,174,0,202,30,0,30,232
01/17/2010,APF,FL,ASO,ES,Federal Contract Tower,0,24,78,0,102,0,0,47,0,47,0,24,125,0,149,78,0,78,227
01/18/2010,APF,FL,ASO,ES,Federal Contract Tower,0,38,85,0,123,0,1,118,0,119,0,39,203,0,242,34,0,34,276
01/19/2010,APF,FL,ASO,ES,Federal Contract Tower,0,45,60,0,105,0,1,127,0,128,0,46,187,0,233,90,0,90,323
01/20/2010,APF,FL,ASO,ES,Federal Contract Tower,0,30,68,0,98,0,0,130,0,130,0,30,198,0,228,64,0,64,292
01/21/2010,APF,FL,ASO,ES,Federal Contract Tower,0,26,86,0,112,0,0,78,0,78,0,26,164,0,190,24,0,24,214
01/22/2010,APF,FL,ASO,ES,Federal Contract Tower,0,15,83,6,104,0,0,51,2,53,0,15,134,8,157,48,0,48,205
01/23/2010,APF,FL,ASO,ES,Federal Contract Tower,0,20,106,0,126,0,0,34,0,34,0,20,140,0,160,46,0,46,206
01/24/2010,APF,FL,ASO,ES,Federal Contract Tower,0,35,90,0,125,0,0,71,0,71,0,35,161,0,196,80,0,80,276
01/25/2010,APF,FL,ASO,ES,Federal Contract Tower,0,36,60,0,96,0,0,61,0,61,0,36,121,0,157,24,0,24,181
01/26/2010,APF,FL,ASO,ES,Federal Contract Tower,0,27,93,0,120,0,0,177,0,177,0,27,270,0,297,90,0,90,387
01/27/2010,APF,FL,ASO,ES,Federal Contract Tower,0,35,82,0,117,0,0,128,0,128,0,35,210,0,245,102,0,102,347
01/28/2010,APF,FL,ASO,ES,Federal Contract Tower,0,34,94,0,128,0,0,152,2,154,0,34,246,2,282,76,0,76,358
01/29/2010,APF,FL,ASO,ES,Federal Contract Tower,0,27,65,2,94,0,0,168,0,168,0,27,233,2,262,84,0,84,346
01/30/2010,APF,FL,ASO,ES,Federal Contract Tower,0,26,57,0,83,0,0,71,0,71,0,26,128,0,154,58,0,58,212
01/31/2010,APF,FL,ASO,ES,Federal Contract Tower,0,31,120,2,153,0,0,15,0,15,0,31,135,2,168,10,0,10,178
02/01/2010,APF,FL,ASO,ES,Federal Contract Tower,0,25,81,2,108,0,0,9,0,9,0,25,90,2,117,10,0,10,127
02/02/2010,APF,FL,ASO,ES,Federal Contract Tower,0,22,72,0,94,0,0,71,0,71,0,22,143,0,165,106,0,106,271
02/03/2010,APF,FL,ASO,ES,Federal Contract Tower,0,27,114,0,141,0,0,101,0,101,0,27,215,0,242,52,0,52,294
02/04/2010,APF,FL,ASO,ES,Federal Contract Tower,0,30,110,0,140,0,0,143,0,143,0,30,253,0,283,46,0,46,329
02/05/2010,APF,FL,ASO,ES,Federal Contract Tower,0,31,99,1,131,0,0,56,0,56,0,31,155,1,187,28,0,28,215
02/06/2010,APF,FL,ASO,ES,Federal Contract Tower,0,24,87,0,111,0,0,107,2,109,0,24,194,2,220,12,0,12,232
02/07/2010,APF,FL,ASO,ES,Federal Contract Tower,0,28,91,0,119,0,0,111,0,111,0,28,202,0,230,86,0,86,316
02/08/2010,APF,FL,ASO,ES,Federal Contract Tower,0,51,111,0,162,0,0,139,0,139,0,51,250,0,301,46,0,46,347
02/09/2010,APF,FL,ASO,ES,Federal Contract Tower,0,32,92,0,124,0,0,113,0,113,0,32,205,0,237,30,0,30,267
02/10/2010,APF,FL,ASO,ES,Federal Contract Tower,0,32,92,0,124,0,0,143,0,143,0,32,235,0,267,34,0,34,301
02/11/2010,APF,FL,ASO,ES,Federal Contract Tower,0,60,148,0,208,0,0,160,0,160,0,60,308,0,368,24,0,24,392
02/12/2010,APF,FL,ASO,ES,Federal Contract Tower,0,46,120,0,166,0,0,80,0,80,0,46,200,0,246,8,0,8,254
02/13/2010,APF,FL,ASO,ES,Federal Contract Tower,0,39,98,0,137,0,0,70,0,70,0,39,168,0,207,20,0,20,227
02/14/2010,APF,FL,ASO,ES,Federal Contract Tower,0,38,97,0,135,0,0,105,0,105,0,38,202,0,240,10,0,10,250
02/15/2010,APF,FL,ASO,ES,Federal Contract Tower,0,48,122,0,170,0,0,151,0,151,0,48,273,0,321,16,0,16,337
02/16/2010,APF,FL,ASO,ES,Federal Contract Tower,0,44,90,0,134,0,0,135,0,135,0,44,225,0,269,14,0,14,283
02/17/2010,APF,FL,ASO,ES,Federal Contract Tower,0,35,92,0,127,0,0,111,0,111,0,35,203,0,238,26,0,26,264
02/18/2010,APF,FL,ASO,ES,Federal Contract Tower,0,30,82,0,112,0,0,147,0,147,0,30,229,0,259,42,0,42,301
02/19/2010,APF,FL,ASO,ES,Federal Contract Tower,0,22,86,0,108,0,0,138,0,138,0,22,224,0,246,40,0,40,286
02/20/2010,APF,FL,ASO,ES,Federal Contract Tower,0,20,67,0,87,0,0,161,0,161,0,20,228,0,248,30,0,30,278
02/21/2010,APF,FL,ASO,ES,Federal Contract Tower,0,44,104,0,148,0,0,111,0,111,0,44,215,0,259,24,0,24,283
02/22/2010,APF,FL,ASO,ES,Federal Contract Tower,0,38,74,0,112,0,0,56,0,56,0,38,130,0,168,4,0,4,172
02/23/2010,APF,FL,ASO,ES,Federal Contract Tower,0,36,107,0,143,0,0,124,0,124,0,36,231,0,267,74,0,74,341
02/24/2010,APF,FL,ASO,ES,Federal Contract Tower,0,44,89,0,133,0,0,54,0,54,0,44,143,0,187,22,0,22,209
02/25/2010,APF,FL,ASO,ES,Federal Contract Tower,0,19,84,0,103,0,0,138,0,138,0,19,222,0,241,46,0,46,287
02/26/2010,APF,FL,ASO,ES,Federal Contract Tower,0,38,88,0,126,0,0,204,0,204,0,38,292,0,330,52,0,52,382
02/27/2010,APF,FL,ASO,ES,Federal Contract Tower,0,16,59,2,77,0,0,57,0,57,0,16,116,2,134,26,0,26,160
02/28/2010,APF,FL,ASO,ES,Federal Contract Tower,0,40,107,2,149,0,0,124,0,124,0,40,231,2,273,44,0,44,317
03/01/2010,APF,FL,ASO,ES,Federal Contract Tower,0,40,67,0,107,0,0,139,0,139,0,40,206,0,246,28,0,28,274
03/02/2010,APF,FL,ASO,ES,Federal Contract Tower,0,24,52,0,76,0,0,24,0,24,0,24,76,0,100,66,0,66,166
03/03/2010,APF,FL,ASO,ES,Federal Contract Tower,0,15,104,0,119,0,0,87,0,87,0,15,191,0,206,116,0,116,322
03/04/2010,APF,FL,ASO,ES,Federal Contract Tower,0,26,98,0,124,0,0,168,0,168,0,26,266,0,292,80,0,80,372
03/05/2010,APF,FL,ASO,ES,Federal Contract Tower,0,28,112,0,140,0,0,182,0,182,0,28,294,0,322,74,0,74,396
03/06/2010,APF,FL,ASO,ES,Federal Contract Tower,0,33,67,0,100,0,2,176,0,178,0,35,243,0,278,34,0,34,312
03/07/2010,APF,FL,ASO,ES,Federal Contract Tower,0,39,78,0,117,0,0,120,0,120,0,39,198,0,237,48,0,48,285
03/08/2010,APF,FL,ASO,ES,Federal Contract Tower,0,32,97,0,129,0,0,139,0,139,0,32,236,0,268,76,0,76,344
03/09/2010,APF,FL,ASO,ES,Federal Contract Tower,0,19,65,0,84,0,0,153,0,153,0,19,218,0,237,132,0,132,369
03/10/2010,APF,FL,ASO,ES,Federal Contract Tower,0,33,95,0,128,0,0,161,0,161,0,33,256,0,289,82,0,82,371
03/11/2010,APF,FL,ASO,ES,Federal Contract Tower,0,28,103,0,131,0,0,21,0,21,0,28,124,0,152,18,0,18,170
03/12/2010,APF,FL,ASO,ES,Federal Contract Tower,0,41,62,0,103,0,0,14,0,14,0,41,76,0,117,0,0,0,117
03/13/2010,APF,FL,ASO,ES,Federal Contract Tower,0,27,98,0,125,0,0,147,0,147,0,27,245,0,272,68,0,68,340
03/14/2010,APF,FL,ASO,ES,Federal Contract Tower,0,43,107,0,150,0,0,125,0,125,0,43,232,0,275,82,0,82,357
03/15/2010,APF,FL,ASO,ES,Federal Contract Tower,0,39,77,0,116,0,0,142,0,142,0,39,219,0,258,116,0,116,374
03/16/2010,APF,FL,ASO,ES,Federal Contract Tower,0,27,79,0,106,0,1,193,0,194,0,28,272,0,300,104,0,104,404
03/17/2010,APF,FL,ASO,ES,Federal Contract Tower,0,34,85,0,119,0,0,100,0,100,0,34,185,0,219,104,0,104,323
03/18/2010,APF,FL,ASO,ES,Federal Contract Tower,0,23,91,0,114,0,0,189,0,189,0,23,280,0,303,106,0,106,409
03/19/2010,APF,FL,ASO,ES,Federal Contract Tower,0,25,89,0,114,0,0,200,0,200,0,25,289,0,314,144,0,144,458
03/20/2010,APF,FL,ASO,ES,Federal Contract Tower,0,23,82,0,105,0,0,190,0,190,0,23,272,0,295,128,0,128,423
03/21/2010,APF,FL,ASO,ES,Federal Contract Tower,0,53,92,0,145,0,0,53,0,53,0,53,145,0,198,40,0,40,238
03/22/2010,APF,FL,ASO,ES,Federal Contract Tower,0,28,76,3,107,0,0,69,1,70,0,28,145,4,177,72,0,72,249
03/23/2010,APF,FL,ASO,ES,Federal Contract Tower,0,35,83,0,118,0,0,138,0,138,0,35,221,0,256,176,0,176,432
03/24/2010,APF,FL,ASO,ES,Federal Contract Tower,0,28,80,2,110,0,0,186,2,188,0,28,266,4,298,152,0,152,450
03/25/2010,APF,FL,ASO,ES,Federal Contract Tower,0,33,106,0,139,0,0,150,0,150,0,33,256,0,289,90,0,90,379
03/26/2010,APF,FL,ASO,ES,Federal Contract Tower,0,33,104,6,143,0,0,32,0,32,0,33,136,6,175,54,0,54,229
03/27/2010,APF,FL,ASO,ES,Federal Contract Tower,0,41,103,0,144,0,2,199,0,201,0,43,302,0,345,82,0,82,427
03/28/2010,APF,FL,ASO,ES,Federal Contract Tower,0,41,87,0,128,0,2,52,0,54,0,43,139,0,182,64,0,64,246
03/29/2010,APF,FL,ASO,ES,Federal Contract Tower,0,26,55,0,81,0,0,0,0,0,0,26,55,0,81,6,0,6,87
03/30/2010,APF,FL,ASO,ES,Federal Contract Tower,0,24,76,0,100,0,0,188,0,188,0,24,264,0,288,60,0,60,348
03/31/2010,APF,FL,ASO,ES,Federal Contract Tower,0,37,95,0,132,0,0,200,2,202,0,37,295,2,334,74,0,74,408
04/01/2010,APF,FL,ASO,ES,Federal Contract Tower,0,52,104,0,156,0,0,154,0,154,0,52,258,0,310,114,0,114,424
04/02/2010,APF,FL,ASO,ES,Federal Contract Tower,0,37,101,0,138,0,0,190,0,190,0,37,291,0,328,66,0,66,394
04/03/2010,APF,FL,ASO,ES,Federal Contract Tower,0,41,64,0,105,0,0,151,0,151,0,41,215,0,256,26,0,26,282
04/04/2010,APF,FL,ASO,ES,Federal Contract Tower,0,49,81,0,130,0,0,63,0,63,0,49,144,0,193,6,0,6,199
04/05/2010,APF,FL,ASO,ES,Federal Contract Tower,0,62,105,0,167,0,1,115,0,116,0,63,220,0,283,44,0,44,327
04/06/2010,APF,FL,ASO,ES,Federal Contract Tower,0,32,63,0,95,0,0,155,0,155,0,32,218,0,250,100,0,100,350
04/07/2010,APF,FL,ASO,ES,Federal Contract Tower,0,31,92,0,123,0,0,162,0,162,0,31,254,0,285,34,0,34,319
04/08/2010,APF,FL,ASO,ES,Federal Contract Tower,0,34,73,8,115,0,0,110,0,110,0,34,183,8,225,44,0,44,269
04/09/2010,APF,FL,ASO,ES,Federal Contract Tower,0,34,105,4,143,0,0,75,0,75,0,34,180,4,218,60,0,60,278
04/10/2010,APF,FL,ASO,ES,Federal Contract Tower,0,44,71,0,115,0,0,138,0,138,0,44,209,0,253,82,0,82,335
04/11/2010,APF,FL,ASO,ES,Federal Contract Tower,0,54,111,0,165,0,0,39,0,39,0,54,150,0,204,2,0,2,206
04/12/2010,APF,FL,ASO,ES,Federal Contract Tower,0,22,72,0,94,0,1,86,0,87,0,23,158,0,181,80,0,80,261
04/13/2010,APF,FL,ASO,ES,Federal Contract Tower,0,19,63,0,82,0,0,122,0,122,0,19,185,0,204,50,0,50,254
04/14/2010,APF,FL,ASO,ES,Federal Contract Tower,0,33,81,0,114,0,0,103,0,103,0,33,184,0,217,50,0,50,267
04/15/2010,APF,FL,ASO,ES,Federal Contract Tower,0,39,77,0,116,0,0,130,0,130,0,39,207,0,246,54,0,54,300
04/16/2010,APF,FL,ASO,ES,Federal Contract Tower,0,27,101,0,128,0,0,153,0,153,0,27,254,0,281,40,0,40,321
04/17/2010,APF,FL,ASO,ES,Federal Contract Tower,0,27,65,0,92,0,0,116,0,116,0,27,181,0,208,72,0,72,280
04/18/2010,APF,FL,ASO,ES,Federal Contract Tower,0,36,86,0,122,0,0,7,0,7,0,36,93,0,129,0,0,0,129
04/19/2010,APF,FL,ASO,ES,Federal Contract Tower,0,20,87,0,107,0,1,67,0,68,0,21,154,0,175,68,0,68,243
04/20/2010,APF,FL,ASO,ES,Federal Contract Tower,0,16,45,0,61,0,0,169,0,169,0,16,214,0,230,100,0,100,330
04/21/2010,APF,FL,ASO,ES,Federal Contract Tower,0,28,82,0,110,0,0,132,0,132,0,28,214,0,242,84,0,84,326
04/22/2010,APF,FL,ASO,ES,Federal Contract Tower,0,24,93,0,117,0,4,175,0,179,0,28,268,0,296,116,0,116,412
04/23/2010,APF,FL,ASO,ES,Federal Contract Tower,0,26,85,0,111,0,0,159,0,159,0,26,244,0,270,98,0,98,368
04/24/2010,APF,FL,ASO,ES,Federal Contract Tower,0,21,37,0,58,0,0,107,0,107,0,21,144,0,165,42,0,42,207
04/25/2010,APF,FL,ASO,ES,Federal Contract Tower,0,28,72,0,100,0,0,66,0,66,0,28,138,0,166,62,0,62,228
04/26/2010,APF,FL,ASO,ES,Federal Contract Tower,0,29,60,0,89,0,0,38,0,38,0,29,98,0,127,28,0,28,155
04/27/2010,APF,FL,ASO,ES,Federal Contract Tower,0,26,63,0,89,0,0,142,0,142,0,26,205,0,231,138,0,138,369
04/28/2010,APF,FL,ASO,ES,Federal Contract Tower,0,35,65,0,100,0,0,150,0,150,0,35,215,0,250,78,0,78,328
04/29/2010,APF,FL,ASO,ES,Federal Contract Tower,0,32,69,0,101,0,0,155,0,155,0,32,224,0,256,116,0,116,372
04/30/2010,APF,FL,ASO,ES,Federal Contract Tower,0,28,78,0,106,0,0,127,0,127,0,28,205,0,233,62,0,62,295
05/01/2010,APF,FL,ASO,ES,Federal Contract Tower,0,16,46,0,62,0,0,89,0,89,0,16,135,0,151,26,0,26,177
05/02/2010,APF,FL,ASO,ES,Federal Contract Tower,0,26,70,0,96,0,0,86,0,86,0,26,156,0,182,28,0,28,210
05/03/2010,APF,FL,ASO,ES,Federal Contract Tower,0,22,56,0,78,0,0,79,0,79,0,22,135,0,157,50,0,50,207
05/04/2010,APF,FL,ASO,ES,Federal Contract Tower,0,26,72,0,98,0,0,125,0,125,0,26,197,0,223,126,0,126,349
05/05/2010,APF,FL,ASO,ES,Federal Contract Tower,0,29,80,0,109,0,0,157,0,157,0,29,237,0,266,80,0,80,346
05/06/2010,APF,FL,ASO,ES,Federal Contract Tower,0,17,67,0,84,0,0,169,0,169,0,17,236,0,253,124,0,124,377
05/07/2010,APF,FL,ASO,ES,Federal Contract Tower,0,24,79,0,103,0,0,152,0,152,0,24,231,0,255,74,0,74,329
05/08/2010,APF,FL,ASO,ES,Federal Contract Tower,0,24,55,0,79,0,0,147,0,147,0,24,202,0,226,40,0,40,266
05/09/2010,APF,FL,ASO,ES,Federal Contract Tower,0,20,49,0,69,0,0,95,0,95,0,20,144,0,164,26,0,26,190
05/10/2010,APF,FL,ASO,ES,Federal Contract Tower,0,10,57,0,67,0,0,92,0,92,0,10,149,0,159,50,0,50,209
05/11/2010,APF,FL,ASO,ES,Federal Contract Tower,0,16,60,0,76,0,0,115,0,115,0,16,175,0,191,68,0,68,259
05/12/2010,APF,FL,ASO,ES,Federal Contract Tower,0,20,62,0,82,0,0,157,0,157,0,20,219,0,239,62,0,62,301
05/13/2010,APF,FL,ASO,ES,Federal Contract Tower,0,18,85,0,103,0,0,138,0,138,0,18,223,0,241,92,0,92,333
05/14/2010,APF,FL,ASO,ES,Federal Contract Tower,0,26,87,0,113,0,0,143,0,143,0,26,230,0,256,46,0,46,302
05/15/2010,APF,FL,ASO,ES,Federal Contract Tower,0,12,54,0,66,0,0,119,0,119,0,12,173,0,185,32,0,32,217
05/16/2010,APF,FL,ASO,ES,Federal Contract Tower,0,23,77,0,100,0,0,23,0,23,0,23,100,0,123,16,0,16,139
05/17/2010,APF,FL,ASO,ES,Federal Contract Tower,0,23,69,0,92,0,0,75,0,75,0,23,144,0,167,88,0,88,255
05/18/2010,APF,FL,ASO,ES,Federal Contract Tower,0,25,50,0,75,0,0,131,0,131,0,25,181,0,206,102,0,102,308
05/19/2010,APF,FL,ASO,ES,Federal Contract Tower,0,27,68,0,95,0,0,106,0,106,0,27,174,0,201,38,0,38,239
05/20/2010,APF,FL,ASO,ES,Federal Contract Tower,0,14,60,0,74,0,0,126,0,126,0,14,186,0,200,78,0,78,278
05/21/2010,APF,FL,ASO,ES,Federal Contract Tower,0,9,61,0,70,0,0,125,0,125,0,9,186,0,195,106,0,106,301
05/22/2010,APF,FL,ASO,ES,Federal Contract Tower,0,15,39,0,54,0,0,127,0,127,0,15,166,0,181,62,0,62,243
05/23/2010,APF,FL,ASO,ES,Federal Contract Tower,0,14,40,0,54,0,0,86,0,86,0,14,126,0,140,38,0,38,178
05/24/2010,APF,FL,ASO,ES,Federal Contract Tower,0,7,59,0,66,0,0,114,0,114,0,7,173,0,180,78,0,78,258
05/25/2010,APF,FL,ASO,ES,Federal Contract Tower,0,15,61,0,76,0,0,121,0,121,0,15,182,0,197,110,0,110,307
05/26/2010,APF,FL,ASO,ES,Federal Contract Tower,0,9,52,0,61,0,0,112,0,112,0,9,164,0,173,84,0,84,257
05/27/2010,APF,FL,ASO,ES,Federal Contract Tower,0,17,50,0,67,0,0,96,0,96,0,17,146,0,163,44,0,44,207
05/28/2010,APF,FL,ASO,ES,Federal Contract Tower,0,23,71,0,94,0,0,121,0,121,0,23,192,0,215,34,0,34,249
05/29/2010,APF,FL,ASO,ES,Federal Contract Tower,0,19,29,0,48,0,0,97,0,97,0,19,126,0,145,22,0,22,167
05/30/2010,APF,FL,ASO,ES,Federal Contract Tower,0,5,20,0,25,0,0,70,0,70,0,5,90,0,95,20,0,20,115
05/31/2010,APF,FL,ASO,ES,Federal Contract Tower,0,11,49,0,60,0,0,81,0,81,0,11,130,0,141,26,0,26,167
06/01/2010,APF,FL,ASO,ES,Federal Contract Tower,0,23,64,1,88,0,0,96,1,97,0,23,160,2,185,120,0,120,305
06/02/2010,APF,FL,ASO,ES,Federal Contract Tower,0,19,40,0,59,0,0,110,2,112,0,19,150,2,171,90,0,90,261
06/03/2010,APF,FL,ASO,ES,Federal Contract Tower,0,14,34,0,48,0,0,81,0,81,0,14,115,0,129,56,0,56,185
06/04/2010,APF,FL,ASO,ES,Federal Contract Tower,0,12,52,0,64,0,0,94,0,94,0,12,146,0,158,52,0,52,210
06/05/2010,APF,FL,ASO,ES,Federal Contract Tower,0,5,35,0,40,0,0,92,0,92,0,5,127,0,132,34,0,34,166
06/06/2010,APF,FL,ASO,ES,Federal Contract Tower,0,17,32,0,49,0,0,63,0,63,0,17,95,0,112,12,0,12,124
06/07/2010,APF,FL,ASO,ES,Federal Contract Tower,0,13,43,0,56,0,0,64,0,64,0,13,107,0,120,40,0,40,160
06/08/2010,APF,FL,ASO,ES,Federal Contract Tower,0,17,35,0,52,0,0,78,0,78,0,17,113,0,130,44,0,44,174
06/09/2010,APF,FL,ASO,ES,Federal Contract Tower,0,10,54,1,65,0,0,92,0,92,0,10,146,1,157,30,0,30,187
06/10/2010,APF,FL,ASO,ES,Federal Contract Tower,0,11,42,0,53,0,0,106,0,106,0,11,148,0,159,22,0,22,181
06/11/2010,APF,FL,ASO,ES,Federal Contract Tower,0,9,45,0,54,0,0,59,0,59,0,9,104,0,113,22,0,22,135
06/12/2010,APF,FL,ASO,ES,Federal Contract Tower,0,6,36,0,42,0,0,63,0,63,0,6,99,0,105,16,0,16,121
06/13/2010,APF,FL,ASO,ES,Federal Contract Tower,0,15,26,0,41,0,0,75,0,75,0,15,101,0,116,26,0,26,142
06/14/2010,APF,FL,ASO,ES,Federal Contract Tower,0,5,41,0,46,0,0,55,0,55,0,5,96,0,101,56,0,56,157
06/15/2010,APF,FL,ASO,ES,Federal Contract Tower,0,7,19,0,26,0,0,94,0,94,0,7,113,0,120,32,0,32,152
06/16/2010,APF,FL,ASO,ES,Federal Contract Tower,0,10,31,0,41,0,0,75,0,75,0,10,106,0,116,34,0,34,150
06/17/2010,APF,FL,ASO,ES,Federal Contract Tower,0,13,30,0,43,0,0,94,0,94,0,13,124,0,137,32,0,32,169
06/18/2010,APF,FL,ASO,ES,Federal Contract Tower,0,9,58,0,67,0,0,62,0,62,0,9,120,0,129,30,0,30,159
06/19/2010,APF,FL,ASO,ES,Federal Contract Tower,0,7,28,0,35,0,0,77,0,77,0,7,105,0,112,40,0,40,152
06/20/2010,APF,FL,ASO,ES,Federal Contract Tower,0,12,27,0,39,0,0,55,0,55,0,12,82,0,94,22,0,22,116
06/21/2010,APF,FL,ASO,ES,Federal Contract Tower,0,9,31,0,40,0,0,57,0,57,0,9,88,0,97,26,0,26,123
06/22/2010,APF,FL,ASO,ES,Federal Contract Tower,0,7,21,0,28,0,0,76,0,76,0,7,97,0,104,14,0,14,118
06/23/2010,APF,FL,ASO,ES,Federal Contract Tower,0,7,48,0,55,0,0,104,0,104,0,7,152,0,159,22,0,22,181
06/24/2010,APF,FL,ASO,ES,Federal Contract Tower,0,8,50,0,58,0,0,74,0,74,0,8,124,0,132,34,0,34,166
06/25/2010,APF,FL,ASO,ES,Federal Contract Tower,0,9,37,0,46,0,0,77,0,77,0,9,114,0,123,64,0,64,187
06/26/2010,APF,FL,ASO,ES,Federal Contract Tower,0,3,44,0,47,0,0,57,0,57,0,3,101,0,104,18,0,18,122
06/27/2010,APF,FL,ASO,ES,Federal Contract Tower,0,16,27,0,43,0,0,50,0,50,0,16,77,0,93,12,0,12,105
06/28/2010,APF,FL,ASO,ES,Federal Contract Tower,0,6,40,0,46,0,0,60,0,60,0,6,100,0,106,24,0,24,130
06/29/2010,APF,FL,ASO,ES,Federal Contract Tower,0,4,41,0,45,0,0,83,0,83,0,4,124,0,128,14,0,14,142
06/30/2010,APF,FL,ASO,ES,Federal Contract Tower,0,9,31,0,40,0,0,76,0,76,0,9,107,0,116,18,0,18,134
07/01/2010,APF,FL,ASO,ES,Federal Contract Tower,0,12,40,0,52,0,0,80,0,80,0,12,120,0,132,42,0,42,174
07/02/2010,APF,FL,ASO,ES,Federal Contract Tower,0,6,47,0,53,0,0,109,0,109,0,6,156,0,162,32,0,32,194
07/03/2010,APF,FL,ASO,ES,Federal Contract Tower,0,4,25,0,29,0,0,60,0,60,0,4,85,0,89,36,0,36,125
07/04/2010,APF,FL,ASO,ES,Federal Contract Tower,0,3,13,0,16,0,0,32,0,32,0,3,45,0,48,16,0,16,64
07/05/2010,APF,FL,ASO,ES,Federal Contract Tower,0,10,45,0,55,0,0,62,0,62,0,10,107,0,117,76,0,76,193
07/06/2010,APF,FL,ASO,ES,Federal Contract Tower,0,20,41,0,61,0,0,72,0,72,0,20,113,0,133,34,0,34,167
07/07/2010,APF,FL,ASO,ES,Federal Contract Tower,0,8,48,0,56,0,0,92,0,92,0,8,140,0,148,70,0,70,218
07/08/2010,APF,FL,ASO,ES,Federal Contract Tower,0,1,40,0,41,0,0,103,2,105,0,1,143,2,146,52,0,52,198
07/09/2010,APF,FL,ASO,ES,Federal Contract Tower,0,8,39,0,47,0,0,116,0,116,0,8,155,0,163,70,0,70,233
07/10/2010,APF,FL,ASO,ES,Federal Contract Tower,0,1,23,0,24,0,0,114,0,114,0,1,137,0,138,22,0,22,160
07/11/2010,APF,FL,ASO,ES,Federal Contract Tower,0,10,39,0,49,0,0,80,0,80,0,10,119,0,129,38,0,38,167
07/12/2010,APF,FL,ASO,ES,Federal Contract Tower,0,5,32,0,37,0,0,88,0,88,0,5,120,0,125,40,0,40,165
07/13/2010,APF,FL,ASO,ES,Federal Contract Tower,0,5,25,0,30,0,0,91,0,91,0,5,116,0,121,68,0,68,189
07/14/2010,APF,FL,ASO,ES,Federal Contract Tower,0,13,37,0,50,0,0,91,2,93,0,13,128,2,143,32,0,32,175
07/15/2010,APF,FL,ASO,ES,Federal Contract Tower,0,16,40,0,56,0,0,96,0,96,0,16,136,0,152,68,0,68,220
07/16/2010,APF,FL,ASO,ES,Federal Contract Tower,0,5,43,0,48,0,0,98,0,98,0,5,141,0,146,50,0,50,196
07/17/2010,APF,FL,ASO,ES,Federal Contract Tower,0,6,30,0,36,0,0,82,0,82,0,6,112,0,118,20,0,20,138
07/18/2010,APF,FL,ASO,ES,Federal Contract Tower,0,8,32,0,40,0,0,73,0,73,0,8,105,0,113,76,0,76,189
07/19/2010,APF,FL,ASO,ES,Federal Contract Tower,0,6,27,4,37,0,0,94,0,94,0,6,121,4,131,58,0,58,189
07/20/2010,APF,FL,ASO,ES,Federal Contract Tower,0,8,39,0,47,0,0,123,0,123,0,8,162,0,170,98,0,98,268
07/21/2010,APF,FL,ASO,ES,Federal Contract Tower,0,6,42,4,52,0,0,130,0,130,0,6,172,4,182,88,0,88,270
07/22/2010,APF,FL,ASO,ES,Federal Contract Tower,0,11,38,0,49,0,0,128,0,128,0,11,166,0,177,126,0,126,303
07/23/2010,APF,FL,ASO,ES,Federal Contract Tower,0,3,14,0,17,0,0,22,0,22,0,3,36,0,39,26,0,26,65
07/24/2010,APF,FL,ASO,ES,Federal Contract Tower,0,0,18,0,18,0,0,57,0,57,0,0,75,0,75,30,0,30,105
07/25/2010,APF,FL,ASO,ES,Federal Contract Tower,0,3,22,0,25,0,0,48,0,48,0,3,70,0,73,28,0,28,101
07/26/2010,APF,FL,ASO,ES,Federal Contract Tower,0,8,33,0,41,0,0,96,0,96,0,8,129,0,137,58,0,58,195
07/27/2010,APF,FL,ASO,ES,Federal Contract Tower,0,7,38,0,45,0,0,124,0,124,0,7,162,0,169,70,0,70,239
07/28/2010,APF,FL,ASO,ES,Federal Contract Tower,0,9,37,0,46,0,0,104,0,104,0,9,141,0,150,28,0,28,178
07/29/2010,APF,FL,ASO,ES,Federal Contract Tower,0,3,33,0,36,0,0,107,0,107,0,3,140,0,143,72,0,72,215
07/30/2010,APF,FL,ASO,ES,Federal Contract Tower,0,7,25,0,32,0,0,58,0,58,0,7,83,0,90,30,0,30,120
07/31/2010,APF,FL,ASO,ES,Federal Contract Tower,0,5,20,0,25,0,0,80,0,80,0,5,100,0,105,86,0,86,191
08/01/2010,APF,FL,ASO,ES,Federal Contract Tower,0,17,34,0,51,0,0,52,0,52,0,17,86,0,103,22,0,22,125
08/02/2010,APF,FL,ASO,ES,Federal Contract Tower,0,8,32,0,40,0,0,68,0,68,0,8,100,0,108,22,0,22,130
08/03/2010,APF,FL,ASO,ES,Federal Contract Tower,0,2,36,0,38,0,0,63,0,63,0,2,99,0,101,24,0,24,125
08/04/2010,APF,FL,ASO,ES,Federal Contract Tower,0,5,22,0,27,0,0,88,0,88,0,5,110,0,115,60,0,60,175
08/05/2010,APF,FL,ASO,ES,Federal Contract Tower,0,7,30,0,37,0,0,99,0,99,0,7,129,0,136,60,0,60,196
08/06/2010,APF,FL,ASO,ES,Federal Contract Tower,0,10,33,0,43,0,0,92,0,92,0,10,125,0,135,76,0,76,211
08/07/2010,APF,FL,ASO,ES,Federal Contract Tower,0,4,32,0,36,0,0,75,0,75,0,4,107,0,111,4,0,4,115
08/08/2010,APF,FL,ASO,ES,Federal Contract Tower,0,12,39,0,51,0,0,36,0,36,0,12,75,0,87,14,0,14,101
08/09/2010,APF,FL,ASO,ES,Federal Contract Tower,0,5,19,0,24,0,1,42,0,43,0,6,61,0,67,34,0,34,101
08/10/2010,APF,FL,ASO,ES,Federal Contract Tower,0,10,32,0,42,0,0,12,0,12,0,10,44,0,54,0,0,0,54
08/11/2010,APF,FL,ASO,ES,Federal Contract Tower,0,7,38,0,45,0,0,100,0,100,0,7,138,0,145,56,0,56,201
08/12/2010,APF,FL,ASO,ES,Federal Contract Tower,0,10,30,0,40,0,0,128,0,128,0,10,158,0,168,60,0,60,228
08/13/2010,APF,FL,ASO,ES,Federal Contract Tower,0,5,52,0,57,0,0,132,0,132,0,5,184,0,189,76,0,76,265
08/14/2010,APF,FL,ASO,ES,Federal Contract Tower,0,6,32,0,38,0,0,96,0,96,0,6,128,0,134,14,0,14,148
08/15/2010,APF,FL,ASO,ES,Federal Contract Tower,0,11,28,0,39,0,0,74,0,74,0,11,102,0,113,36,0,36,149
08/16/2010,APF,FL,ASO,ES,Federal Contract Tower,0,9,25,0,34,0,0,52,0,52,0,9,77,0,86,30,0,30,116
08/17/2010,APF,FL,ASO,ES,Federal Contract Tower,0,5,23,0,28,0,0,110,1,111,0,5,133,1,139,56,0,56,195
08/18/2010,APF,FL,ASO,ES,Federal Contract Tower,0,10,26,0,36,0,0,73,0,73,0,10,99,0,109,20,0,20,129
08/19/2010,APF,FL,ASO,ES,Federal Contract Tower,0,4,32,2,38,0,0,98,0,98,0,4,130,2,136,82,0,82,218
08/20/2010,APF,FL,ASO,ES,Federal Contract Tower,0,8,35,0,43,0,0,83,0,83,0,8,118,0,126,56,0,56,182
08/21/2010,APF,FL,ASO,ES,Federal Contract Tower,0,1,33,0,34,0,0,81,0,81,0,1,114,0,115,24,0,24,139
08/22/2010,APF,FL,ASO,ES,Federal Contract Tower,0,9,33,2,44,0,0,39,0,39,0,9,72,2,83,16,0,16,99
08/23/2010,APF,FL,ASO,ES,Federal Contract Tower,0,11,16,0,27,0,0,18,0,18,0,11,34,0,45,22,0,22,67
08/24/2010,APF,FL,ASO,ES,Federal Contract Tower,0,5,26,0,31,0,0,69,0,69,0,5,95,0,100,56,0,56,156
08/25/2010,APF,FL,ASO,ES,Federal Contract Tower,0,8,32,0,40,0,0,60,2,62,0,8,92,2,102,40,0,40,142
08/26/2010,APF,FL,ASO,ES,Federal Contract Tower,0,6,46,0,52,0,62,0,0,62,0,68,46,0,114,58,0,58,172
08/27/2010,APF,FL,ASO,ES,Federal Contract Tower,0,3,48,2,53,0,0,86,0,86,0,3,134,2,139,44,0,44,183
08/28/2010,APF,FL,ASO,ES,Federal Contract Tower,0,0,21,0,21,0,0,77,0,77,0,0,98,0,98,46,0,46,144
08/29/2010,APF,FL,ASO,ES,Federal Contract Tower,0,4,21,0,25,0,0,57,2,59,0,4,78,2,84,8,0,8,92
08/30/2010,APF,FL,ASO,ES,Federal Contract Tower,0,1,24,8,33,0,0,47,0,47,0,1,71,8,80,30,0,30,110
08/31/2010,APF,FL,ASO,ES,Federal Contract Tower,0,9,51,0,60,0,0,91,2,93,0,9,142,2,153,46,0,46,199
09/01/2010,APF,FL,ASO,ES,Federal Contract Tower,0,12,42,0,54,0,0,55,4,59,0,12,97,4,113,22,0,22,135
09/02/2010,APF,FL,ASO,ES,Federal Contract Tower,0,10,37,0,47,0,0,99,0,99,0,10,136,0,146,24,0,24,170
09/03/2010,APF,FL,ASO,ES,Federal Contract Tower,0,10,40,0,50,0,0,101,0,101,0,10,141,0,151,36,0,36,187
09/04/2010,APF,FL,ASO,ES,Federal Contract Tower,0,5,23,0,28,0,0,56,0,56,0,5,79,0,84,34,0,34,118
09/05/2010,APF,FL,ASO,ES,Federal Contract Tower,0,5,14,0,19,0,0,48,0,48,0,5,62,0,67,6,0,6,73
09/06/2010,APF,FL,ASO,ES,Federal Contract Tower,0,16,20,0,36,0,0,53,0,53,0,16,73,0,89,2,0,2,91
09/07/2010,APF,FL,ASO,ES,Federal Contract Tower,0,10,33,0,43,0,0,44,0,44,0,10,77,0,87,70,0,70,157
09/08/2010,APF,FL,ASO,ES,Federal Contract Tower,0,7,44,0,51,0,0,56,0,56,0,7,100,0,107,46,0,46,153
09/09/2010,APF,FL,ASO,ES,Federal Contract Tower,0,12,31,0,43,0,0,80,0,80,0,12,111,0,123,62,0,62,185
09/10/2010,APF,FL,ASO,ES,Federal Contract Tower,0,8,29,0,37,0,0,58,0,58,0,8,87,0,95,18,0,18,113
09/11/2010,APF,FL,ASO,ES,Federal Contract Tower,0,6,24,0,30,0,0,57,0,57,0,6,81,0,87,12,0,12,99
09/12/2010,APF,FL,ASO,ES,Federal Contract Tower,0,6,37,0,43,0,0,66,0,66,0,6,103,0,109,20,0,20,129
09/13/2010,APF,FL,ASO,ES,Federal Contract Tower,0,7,60,0,67,0,0,77,0,77,0,7,137,0,144,20,0,20,164
09/14/2010,APF,FL,ASO,ES,Federal Contract Tower,0,4,37,0,41,0,0,60,0,60,0,4,97,0,101,88,0,88,189
09/15/2010,APF,FL,ASO,ES,Federal Contract Tower,0,8,40,0,48,0,0,86,0,86,0,8,126,0,134,72,0,72,206
09/16/2010,APF,FL,ASO,ES,Federal Contract Tower,0,0,55,0,55,0,0,70,0,70,0,0,125,0,125,96,0,96,221
09/17/2010,APF,FL,ASO,ES,Federal Contract Tower,0,6,47,0,53,0,0,106,0,106,0,6,153,0,159,100,0,100,259
09/18/2010,APF,FL,ASO,ES,Federal Contract Tower,0,1,19,0,20,0,0,92,0,92,0,1,111,0,112,14,0,14,126
09/19/2010,APF,FL,ASO,ES,Federal Contract Tower,0,3,41,2,46,0,1,69,0,70,0,4,110,2,116,62,0,62,178
09/20/2010,APF,FL,ASO,ES,Federal Contract Tower,0,5,22,0,27,0,0,86,0,86,0,5,108,0,113,40,0,40,153
09/21/2010,APF,FL,ASO,ES,Federal Contract Tower,0,1,33,0,34,0,0,81,0,81,0,1,114,0,115,40,0,40,155
09/22/2010,APF,FL,ASO,ES,Federal Contract Tower,0,7,41,0,48,0,0,90,0,90,0,7,131,0,138,62,0,62,200
09/23/2010,APF,FL,ASO,ES,Federal Contract Tower,0,11,35,0,46,0,0,93,0,93,0,11,128,0,139,44,0,44,183
09/24/2010,APF,FL,ASO,ES,Federal Contract Tower,0,14,49,0,63,0,0,69,0,69,0,14,118,0,132,56,0,56,188
09/25/2010,APF,FL,ASO,ES,Federal Contract Tower,0,3,25,0,28,0,0,95,0,95,0,3,120,0,123,42,0,42,165
09/26/2010,APF,FL,ASO,ES,Federal Contract Tower,0,17,38,0,55,0,0,79,0,79,0,17,117,0,134,26,0,26,160
09/27/2010,APF,FL,ASO,ES,Federal Contract Tower,0,10,36,0,46,0,1,77,0,78,0,11,113,0,124,70,0,70,194
09/28/2010,APF,FL,ASO,ES,Federal Contract Tower,0,15,33,0,48,0,0,38,0,38,0,15,71,0,86,56,0,56,142
09/29/2010,APF,FL,ASO,ES,Federal Contract Tower,0,7,21,0,28,0,0,16,0,16,0,7,37,0,44,0,0,0,44
09/30/2010,APF,FL,ASO,ES,Federal Contract Tower,0,12,39,0,51,0,0,110,0,110,0,12,149,0,161,24,0,24,185
10/01/2010,APF,FL,ASO,ES,Federal Contract Tower,0,15,34,0,49,0,0,124,0,124,0,15,158,0,173,46,0,46,219
10/02/2010,APF,FL,ASO,ES,Federal Contract Tower,0,8,24,0,32,0,0,114,0,114,0,8,138,0,146,74,0,74,220
10/03/2010,APF,FL,ASO,ES,Federal Contract Tower,0,18,52,0,70,0,0,79,0,79,0,18,131,0,149,22,0,22,171
10/04/2010,APF,FL,ASO,ES,Federal Contract Tower,0,9,42,0,51,0,0,71,0,71,0,9,113,0,122,24,0,24,146
10/05/2010,APF,FL,ASO,ES,Federal Contract Tower,0,8,23,0,31,0,0,96,0,96,0,8,119,0,127,16,0,16,143
10/06/2010,APF,FL,ASO,ES,Federal Contract Tower,0,13,34,0,47,0,0,50,0,50,0,13,84,0,97,34,2,36,133
10/07/2010,APF,FL,ASO,ES,Federal Contract Tower,0,15,49,0,64,0,0,129,0,129,0,15,178,0,193,96,0,96,289
10/08/2010,APF,FL,ASO,ES,Federal Contract Tower,0,10,43,0,53,0,0,114,0,114,0,10,157,0,167,48,0,48,215
10/09/2010,APF,FL,ASO,ES,Federal Contract Tower,0,6,30,0,36,0,0,94,0,94,0,6,124,0,130,18,0,18,148
10/10/2010,APF,FL,ASO,ES,Federal Contract Tower,0,10,37,0,47,0,0,100,0,100,0,10,137,0,147,4,0,4,151
10/11/2010,APF,FL,ASO,ES,Federal Contract Tower,0,14,45,0,59,0,0,62,0,62,0,14,107,0,121,26,0,26,147
10/12/2010,APF,FL,ASO,ES,Federal Contract Tower,0,12,58,0,70,0,0,73,0,73,0,12,131,0,143,14,0,14,157
10/13/2010,APF,FL,ASO,ES,Federal Contract Tower,0,10,42,0,52,0,0,61,0,61,0,10,103,0,113,34,0,34,147
10/14/2010,APF,FL,ASO,ES,Federal Contract Tower,0,14,43,0,57,0,0,83,0,83,0,14,126,0,140,48,0,48,188
10/15/2010,APF,FL,ASO,ES,Federal Contract Tower,0,18,68,0,86,0,0,129,0,129,0,18,197,0,215,84,0,84,299
10/16/2010,APF,FL,ASO,ES,Federal Contract Tower,0,9,25,0,34,0,0,105,0,105,0,9,130,0,139,44,0,44,183
10/17/2010,APF,FL,ASO,ES,Federal Contract Tower,0,22,57,0,79,0,0,83,0,83,0,22,140,0,162,22,0,22,184
10/18/2010,APF,FL,ASO,ES,Federal Contract Tower,0,0,0,0,0,0,0,5,0,5,0,0,5,0,5,0,0,0,5
10/19/2010,APF,FL,ASO,ES,Federal Contract Tower,0,14,60,0,74,0,0,89,0,89,0,14,149,0,163,32,0,32,195
10/20/2010,APF,FL,ASO,ES,Federal Contract Tower,0,22,69,0,91,0,0,127,0,127,0,22,196,0,218,48,0,48,266
10/21/2010,APF,FL,ASO,ES,Federal Contract Tower,0,18,71,0,89,0,0,96,0,96,0,18,167,0,185,26,0,26,211
10/22/2010,APF,FL,ASO,ES,Federal Contract Tower,0,15,59,0,74,0,0,125,0,125,0,15,184,0,199,28,0,28,227
10/23/2010,APF,FL,ASO,ES,Federal Contract Tower,0,10,35,0,45,0,0,116,0,116,0,10,151,0,161,44,0,44,205
10/24/2010,APF,FL,ASO,ES,Federal Contract Tower,0,22,70,0,92,0,1,49,0,50,0,23,119,0,142,30,0,30,172
10/25/2010,APF,FL,ASO,ES,Federal Contract Tower,0,18,88,0,106,0,0,85,0,85,0,18,173,0,191,44,0,44,235
10/26/2010,APF,FL,ASO,ES,Federal Contract Tower,0,11,67,0,78,0,0,66,0,66,0,11,133,0,144,36,0,36,180
10/27/2010,APF,FL,ASO,ES,Federal Contract Tower,0,21,60,0,81,0,0,118,0,118,0,21,178,0,199,26,0,26,225
10/28/2010,APF,FL,ASO,ES,Federal Contract Tower,0,21,67,0,88,0,0,84,0,84,0,21,151,0,172,56,0,56,228
10/29/2010,APF,FL,ASO,ES,Federal Contract Tower,0,16,65,0,81,0,1,114,0,115,0,17,179,0,196,38,0,38,234
10/30/2010,APF,FL,ASO,ES,Federal Contract Tower,0,18,59,0,77,0,0,109,0,109,0,18,168,0,186,38,0,38,224
10/31/2010,APF,FL,ASO,ES,Federal Contract Tower,0,18,87,0,105,0,0,109,0,109,0,18,196,0,214,10,6,16,230
11/01/2010,APF,FL,ASO,ES,Federal Contract Tower,0,26,62,0,88,0,1,83,0,84,0,27,145,0,172,66,0,66,238
11/02/2010,APF,FL,ASO,ES,Federal Contract Tower,0,26,67,0,93,0,0,85,3,88,0,26,152,3,181,32,0,32,213
11/03/2010,APF,FL,ASO,ES,Federal Contract Tower,0,33,68,0,101,0,0,136,0,136,0,33,204,0,237,86,0,86,323
11/04/2010,APF,FL,ASO,ES,Federal Contract Tower,0,28,77,0,105,0,0,25,0,25,0,28,102,0,130,52,0,52,182
11/05/2010,APF,FL,ASO,ES,Federal Contract Tower,0,37,93,0,130,0,1,133,0,134,0,38,226,0,264,48,0,48,312
11/06/2010,APF,FL,ASO,ES,Federal Contract Tower,0,17,55,0,72,0,0,81,0,81,0,17,136,0,153,34,0,34,187
11/07/2010,APF,FL,ASO,ES,Federal Contract Tower,0,34,85,0,119,0,0,69,0,69,0,34,154,0,188,42,0,42,230
11/08/2010,APF,FL,ASO,ES,Federal Contract Tower,0,26,90,0,116,0,0,107,0,107,0,26,197,0,223,62,0,62,285
11/09/2010,APF,FL,ASO,ES,Federal Contract Tower,0,29,63,0,92,0,0,177,4,181,0,29,240,4,273,78,0,78,351
11/10/2010,APF,FL,ASO,ES,Federal Contract Tower,0,34,67,0,101,0,0,136,0,136,0,34,203,0,237,76,0,76,313
11/11/2010,APF,FL,ASO,ES,Federal Contract Tower,0,22,67,0,89,0,0,169,0,169,0,22,236,0,258,88,0,88,346
11/12/2010,APF,FL,ASO,ES,Federal Contract Tower,0,12,72,0,84,0,0,158,0,158,0,12,230,0,242,102,0,102,344
11/13/2010,APF,FL,ASO,ES,Federal Contract Tower,0,14,40,0,54,0,0,109,0,109,0,14,149,0,163,60,0,60,223
11/14/2010,APF,FL,ASO,ES,Federal Contract Tower,0,36,85,0,121,0,0,70,0,70,0,36,155,0,191,30,0,30,221
11/15/2010,APF,FL,ASO,ES,Federal Contract Tower,0,22,50,0,72,0,0,104,0,104,0,22,154,0,176,38,0,38,214
11/16/2010,APF,FL,ASO,ES,Federal Contract Tower,0,20,59,0,79,0,0,107,0,107,0,20,166,0,186,74,0,74,260
11/17/2010,APF,FL,ASO,ES,Federal Contract Tower,0,19,56,0,75,0,0,104,0,104,0,19,160,0,179,94,0,94,273
11/18/2010,APF,FL,ASO,ES,Federal Contract Tower,0,26,75,0,101,0,0,58,0,58,0,26,133,0,159,58,0,58,217
11/19/2010,APF,FL,ASO,ES,Federal Contract Tower,0,33,77,0,110,0,0,142,0,142,0,33,219,0,252,74,0,74,326
11/20/2010,APF,FL,ASO,ES,Federal Contract Tower,0,29,54,0,83,0,0,138,0,138,0,29,192,0,221,36,0,36,257
11/21/2010,APF,FL,ASO,ES,Federal Contract Tower,0,29,68,0,97,0,0,90,0,90,0,29,158,0,187,28,0,28,215
11/22/2010,APF,FL,ASO,ES,Federal Contract Tower,0,21,72,0,93,0,0,105,0,105,0,21,177,0,198,74,0,74,272
11/23/2010,APF,FL,ASO,ES,Federal Contract Tower,0,36,109,0,145,0,0,131,0,131,0,36,240,0,276,64,0,64,340
11/24/2010,APF,FL,ASO,ES,Federal Contract Tower,0,36,73,0,109,0,0,106,0,106,0,36,179,0,215,102,0,102,317
11/25/2010,APF,FL,ASO,ES,Federal Contract Tower,0,11,24,0,35,0,1,53,0,54,0,12,77,0,89,12,0,12,101
11/26/2010,APF,FL,ASO,ES,Federal Contract Tower,0,24,37,0,61,0,0,74,0,74,0,24,111,0,135,74,0,74,209
11/27/2010,APF,FL,ASO,ES,Federal Contract Tower,0,27,67,0,94,0,0,47,0,47,0,27,114,0,141,30,0,30,171
11/28/2010,APF,FL,ASO,ES,Federal Contract Tower,0,74,165,0,239,0,0,84,0,84,0,74,249,0,323,40,0,40,363
11/29/2010,APF,FL,ASO,ES,Federal Contract Tower,0,31,69,0,100,0,0,95,0,95,0,31,164,0,195,24,0,24,219
11/30/2010,APF,FL,ASO,ES,Federal Contract Tower,0,19,75,0,94,0,0,99,0,99,0,19,174,0,193,76,0,76,269
12/01/2010,APF,FL,ASO,ES,Federal Contract Tower,0,27,77,0,104,0,1,54,0,55,0,28,131,0,159,24,0,24,183
12/02/2010,APF,FL,ASO,ES,Federal Contract Tower,0,29,85,0,114,0,0,132,0,132,0,29,217,0,246,72,0,72,318
12/03/2010,APF,FL,ASO,ES,Federal Contract Tower,0,30,72,0,102,0,0,100,0,100,0,30,172,0,202,36,0,36,238
12/04/2010,APF,FL,ASO,ES,Federal Contract Tower,0,21,43,0,64,0,0,128,0,128,0,21,171,0,192,26,0,26,218
12/05/2010,APF,FL,ASO,ES,Federal Contract Tower,0,25,57,0,82,0,0,96,0,96,0,25,153,0,178,42,0,42,220
12/06/2010,APF,FL,ASO,ES,Federal Contract Tower,0,12,69,0,81,0,0,80,0,80,0,12,149,0,161,16,0,16,177
12/07/2010,APF,FL,ASO,ES,Federal Contract Tower,0,30,64,0,94,0,0,94,0,94,0,30,158,0,188,98,0,98,286
12/08/2010,APF,FL,ASO,ES,Federal Contract Tower,0,13,73,0,86,0,0,151,0,151,0,13,224,0,237,140,0,140,377
12/09/2010,APF,FL,ASO,ES,Federal Contract Tower,0,24,69,0,93,0,0,44,0,44,0,24,113,0,137,12,0,12,149
12/10/2010,APF,FL,ASO,ES,Federal Contract Tower,0,20,65,0,85,0,0,115,0,115,0,20,180,0,200,60,0,60,260
12/11/2010,APF,FL,ASO,ES,Federal Contract Tower,0,20,50,0,70,0,0,98,0,98,0,20,148,0,168,28,0,28,196
12/12/2010,APF,FL,ASO,ES,Federal Contract Tower,0,35,48,0,83,0,1,40,0,41,0,36,88,0,124,22,0,22,146
12/13/2010,APF,FL,ASO,ES,Federal Contract Tower,0,36,51,0,87,0,0,17,0,17,0,36,68,0,104,0,0,0,104
12/14/2010,APF,FL,ASO,ES,Federal Contract Tower,0,34,66,0,100,0,0,91,0,91,0,34,157,0,191,40,0,40,231
12/15/2010,APF,FL,ASO,ES,Federal Contract Tower,0,11,61,0,72,0,0,107,0,107,0,11,168,0,179,56,0,56,235
12/16/2010,APF,FL,ASO,ES,Federal Contract Tower,0,22,52,0,74,0,0,114,0,114,0,22,166,0,188,24,0,24,212
12/17/2010,APF,FL,ASO,ES,Federal Contract Tower,0,19,72,0,91,0,0,112,0,112,0,19,184,0,203,58,0,58,261
12/18/2010,APF,FL,ASO,ES,Federal Contract Tower,0,29,54,1,84,0,1,33,0,34,0,30,87,1,118,32,0,32,150
12/19/2010,APF,FL,ASO,ES,Federal Contract Tower,0,19,48,0,67,0,0,31,0,31,0,19,79,0,98,22,0,22,120
12/20/2010,APF,FL,ASO,ES,Federal Contract Tower,0,26,55,1,82,0,0,103,0,103,0,26,158,1,185,18,0,18,203
12/21/2010,APF,FL,ASO,ES,Federal Contract Tower,0,15,50,0,65,0,0,92,0,92,0,15,142,0,157,32,0,32,189
12/22/2010,APF,FL,ASO,ES,Federal Contract Tower,0,32,46,0,78,0,0,119,0,119,0,32,165,0,197,26,0,26,223
12/23/2010,APF,FL,ASO,ES,Federal Contract Tower,0,28,50,0,78,0,0,73,0,73,0,28,123,0,151,0,0,0,151
12/24/2010,APF,FL,ASO,ES,Federal Contract Tower,0,14,18,0,32,0,0,62,0,62,0,14,80,0,94,24,0,24,118
12/25/2010,APF,FL,ASO,ES,Federal Contract Tower,0,29,13,0,42,0,0,38,0,38,0,29,51,0,80,8,0,8,88
12/26/2010,APF,FL,ASO,ES,Federal Contract Tower,0,62,126,0,188,0,3,10,0,13,0,65,136,0,201,0,0,0,201
12/27/2010,APF,FL,ASO,ES,Federal Contract Tower,0,63,123,0,186,0,2,65,0,67,0,65,188,0,253,14,0,14,267
12/28/2010,APF,FL,ASO,ES,Federal Contract Tower,0,53,139,0,192,0,1,126,0,127,0,54,265,0,319,4,0,4,323
12/29/2010,APF,FL,ASO,ES,Federal Contract Tower,0,45,89,0,134,0,0,103,0,103,0,45,192,0,237,54,0,54,291
12/30/2010,APF,FL,ASO,ES,Federal Contract Tower,0,42,115,0,157,0,5,89,0,94,0,47,204,0,251,8,0,8,259
12/31/2010,APF,FL,ASO,ES,Federal Contract Tower,0,35,68,0,103,0,2,86,0,88,0,37,154,0,191,20,0,20,211
01/01/2011,APF,FL,ASO,ES,Federal Contract Tower,0,50,63,0,113,0,0,47,0,47,0,50,110,0,160,2,0,2,162
01/02/2011,APF,FL,ASO,ES,Federal Contract Tower,0,56,181,0,237,0,0,96,0,96,0,56,277,0,333,2,0,2,335
01/03/2011,APF,FL,ASO,ES,Federal Contract Tower,0,32,100,0,132,0,0,73,0,73,0,32,173,0,205,24,0,24,229
01/04/2011,APF,FL,ASO,ES,Federal Contract Tower,0,30,66,0,96,0,0,89,0,89,0,30,155,0,185,48,0,48,233
01/05/2011,APF,FL,ASO,ES,Federal Contract Tower,0,25,80,0,105,0,0,126,0,126,0,25,206,0,231,24,0,24,255
01/06/2011,APF,FL,ASO,ES,Federal Contract Tower,0,35,69,0,104,0,0,21,0,21,0,35,90,0,125,0,0,0,125
01/07/2011,APF,FL,ASO,ES,Federal Contract Tower,0,29,111,0,140,0,2,109,4,115,0,31,220,4,255,10,0,10,265
01/08/2011,APF,FL,ASO,ES,Federal Contract Tower,0,15,58,0,73,0,0,129,0,129,0,15,187,0,202,56,0,56,258
01/09/2011,APF,FL,ASO,ES,Federal Contract Tower,0,33,72,0,105,0,1,110,0,111,0,34,182,0,216,8,0,8,224
01/10/2011,APF,FL,ASO,ES,Federal Contract Tower,0,22,69,0,91,0,2,92,0,94,0,24,161,0,185,26,0,26,211
01/11/2011,APF,FL,ASO,ES,Federal Contract Tower,0,32,64,2,98,0,1,72,0,73,0,33,136,2,171,8,0,8,179
01/12/2011,APF,FL,ASO,ES,Federal Contract Tower,0,16,99,0,115,0,0,108,0,108,0,16,207,0,223,36,0,36,259
01/13/2011,APF,FL,ASO,ES,Federal Contract Tower,0,36,96,0,132,0,0,145,0,145,0,36,241,0,277,56,0,56,333
01/14/2011,APF,FL,ASO,ES,Federal Contract Tower,0,34,95,0,129,0,0,168,0,168,0,34,263,0,297,52,0,52,349
01/15/2011,APF,FL,ASO,ES,Federal Contract Tower,0,16,52,0,68,0,0,160,0,160,0,16,212,0,228,32,0,32,260
01/16/2011,APF,FL,ASO,ES,Federal Contract Tower,0,25,61,0,86,0,0,130,0,130,0,25,191,0,216,90,0,90,306
01/17/2011,APF,FL,ASO,ES,Federal Contract Tower,0,46,76,0,122,0,0,43,0,43,0,46,119,0,165,12,0,12,177
01/18/2011,APF,FL,ASO,ES,Federal Contract Tower,0,22,101,2,125,0,0,88,0,88,0,22,189,2,213,44,0,44,257
01/19/2011,APF,FL,ASO,ES,Federal Contract Tower,0,28,71,0,99,0,0,85,0,85,0,28,156,0,184,32,0,32,216
01/20/2011,APF,FL,ASO,ES,Federal Contract Tower,0,24,124,0,148,0,0,182,0,182,0,24,306,0,330,106,0,106,436
01/21/2011,APF,FL,ASO,ES,Federal Contract Tower,0,24,73,0,97,0,0,20,0,20,0,24,93,0,117,14,0,14,131
01/22/2011,APF,FL,ASO,ES,Federal Contract Tower,0,32,66,0,98,0,6,61,0,67,0,38,127,0,165,40,0,40,205
01/23/2011,APF,FL,ASO,ES,Federal Contract Tower,0,31,88,0,119,0,0,153,0,153,0,31,241,0,272,100,0,100,372
01/24/2011,APF,FL,ASO,ES,Federal Contract Tower,0,18,95,0,113,0,0,127,0,127,0,18,222,0,240,110,0,110,350
01/25/2011,APF,FL,ASO,ES,Federal Contract Tower,0,34,71,0,105,0,1,69,0,70,0,35,140,0,175,18,0,18,193
01/26/2011,APF,FL,ASO,ES,Federal Contract Tower,0,33,96,0,129,0,0,74,0,74,0,33,170,0,203,38,0,38,241
01/27/2011,APF,FL,ASO,ES,Federal Contract Tower,0,34,99,0,133,0,0,157,0,157,0,34,256,0,290,96,0,96,386
01/28/2011,APF,FL,ASO,ES,Federal Contract Tower,0,24,105,0,129,0,0,199,0,199,0,24,304,0,328,64,0,64,392
01/29/2011,APF,FL,ASO,ES,Federal Contract Tower,0,36,62,0,98,0,2,114,0,116,0,38,176,0,214,4,0,4,218
01/30/2011,APF,FL,ASO,ES,Federal Contract Tower,0,51,107,0,158,0,3,103,0,106,0,54,210,0,264,40,0,40,304
01/31/2011,APF,FL,ASO,ES,Federal Contract Tower,0,26,57,0,83,0,1,108,0,109,0,27,165,0,192,66,0,66,258
02/01/2011,APF,FL,ASO,ES,Federal Contract Tower,0,15,83,0,98,0,0,102,0,102,0,15,185,0,200,60,0,60,260
02/02/2011,APF,FL,ASO,ES,Federal Contract Tower,0,14,84,0,98,0,0,136,0,136,0,14,220,0,234,50,0,50,284
02/03/2011,APF,FL,ASO,ES,Federal Contract Tower,0,47,112,0,159,0,0,92,0,92,0,47,204,0,251,68,0,68,319
02/04/2011,APF,FL,ASO,ES,Federal Contract Tower,0,36,130,0,166,0,0,96,0,96,0,36,226,0,262,52,0,52,314
02/05/2011,APF,FL,ASO,ES,Federal Contract Tower,0,24,75,0,99,0,0,56,0,56,0,24,131,0,155,28,0,28,183
02/06/2011,APF,FL,ASO,ES,Federal Contract Tower,0,23,100,0,123,0,0,45,0,45,0,23,145,0,168,20,0,20,188
02/07/2011,APF,FL,ASO,ES,Federal Contract Tower,0,48,118,0,166,0,0,73,0,73,0,48,191,0,239,60,0,60,299
02/08/2011,APF,FL,ASO,ES,Federal Contract Tower,0,19,111,0,130,0,0,143,0,143,0,19,254,0,273,74,0,74,347
02/09/2011,APF,FL,ASO,ES,Federal Contract Tower,0,38,95,0,133,0,1,159,2,162,0,39,254,2,295,108,0,108,403
02/10/2011,APF,FL,ASO,ES,Federal Contract Tower,0,29,85,0,114,0,0,23,0,23,0,29,108,0,137,12,0,12,149
02/11/2011,APF,FL,ASO,ES,Federal Contract Tower,0,29,102,0,131,0,0,10,0,10,0,29,112,0,141,6,0,6,147
02/12/2011,APF,FL,ASO,ES,Federal Contract Tower,0,28,61,0,89,0,0,167,0,167,0,28,228,0,256,32,0,32,288
02/13/2011,APF,FL,ASO,ES,Federal Contract Tower,0,34,107,0,141,0,0,158,0,158,0,34,265,0,299,70,0,70,369
02/14/2011,APF,FL,ASO,ES,Federal Contract Tower,0,24,85,0,109,0,0,149,0,149,0,24,234,0,258,40,0,40,298
02/15/2011,APF,FL,ASO,ES,Federal Contract Tower,0,32,139,0,171,0,2,162,4,168,0,34,301,4,339,54,0,54,393
02/16/2011,APF,FL,ASO,ES,Federal Contract Tower,0,30,141,0,171,0,0,168,0,168,0,30,309,0,339,44,0,44,383
02/17/2011,APF,FL,ASO,ES,Federal Contract Tower,0,28,142,0,170,0,0,127,0,127,0,28,269,0,297,42,0,42,339
02/18/2011,APF,FL,ASO,ES,Federal Contract Tower,0,49,119,4,172,0,0,161,2,163,0,49,280,6,335,34,0,34,369
02/19/2011,APF,FL,ASO,ES,Federal Contract Tower,0,25,97,0,122,0,0,181,0,181,0,25,278,0,303,42,0,42,345
02/20/2011,APF,FL,ASO,ES,Federal Contract Tower,0,46,103,0,149,0,1,111,0,112,0,47,214,0,261,44,0,44,305
02/21/2011,APF,FL,ASO,ES,Federal Contract Tower,0,43,143,0,186,0,0,145,0,145,0,43,288,0,331,44,0,44,375
02/22/2011,APF,FL,ASO,ES,Federal Contract Tower,0,40,101,0,141,0,0,96,0,96,0,40,197,0,237,46,0,46,283
02/23/2011,APF,FL,ASO,ES,Federal Contract Tower,0,38,105,8,151,0,0,163,0,163,0,38,268,8,314,66,0,66,380
02/24/2011,APF,FL,ASO,ES,Federal Contract Tower,0,47,103,0,150,0,0,110,0,110,0,47,213,0,260,40,0,40,300
02/25/2011,APF,FL,ASO,ES,Federal Contract Tower,0,37,101,0,138,0,0,124,0,124,0,37,225,0,262,76,0,76,338
02/26/2011,APF,FL,ASO,ES,Federal Contract Tower,0,36,98,0,134,0,0,154,0,154,0,36,252,0,288,52,0,52,340
02/27/2011,APF,FL,ASO,ES,Federal Contract Tower,0,49,114,0,163,0,0,117,0,117,0,49,231,0,280,58,0,58,338
02/28/2011,APF,FL,ASO,ES,Federal Contract Tower,0,39,90,0,129,0,0,115,0,115,0,39,205,0,244,32,0,32,276
03/01/2011,APF,FL,ASO,ES,Federal Contract Tower,0,30,85,0,115,0,0,72,0,72,0,30,157,0,187,60,0,60,247
03/02/2011,APF,FL,ASO,ES,Federal Contract Tower,0,26,70,0,96,0,0,155,0,155,0,26,225,0,251,78,0,78,329
03/03/2011,APF,FL,ASO,ES,Federal Contract Tower,0,39,70,0,109,0,0,77,0,77,0,39,147,0,186,24,0,24,210
03/04/2011,APF,FL,ASO,ES,Federal Contract Tower,0,37,94,0,131,0,0,105,0,105,0,37,199,0,236,66,0,66,302
03/05/2011,APF,FL,ASO,ES,Federal Contract Tower,0,25,67,0,92,0,0,118,0,118,0,25,185,0,210,64,0,64,274
03/06/2011,APF,FL,ASO,ES,Federal Contract Tower,0,37,86,0,123,0,0,44,0,44,0,37,130,0,167,56,0,56,223
03/07/2011,APF,FL,ASO,ES,Federal Contract Tower,0,30,75,4,109,0,0,128,0,128,0,30,203,4,237,62,0,62,299
03/08/2011,APF,FL,ASO,ES,Federal Contract Tower,0,41,79,0,120,0,0,134,0,134,0,41,213,0,254,62,0,62,316
03/09/2011,APF,FL,ASO,ES,Federal Contract Tower,0,35,86,1,122,0,1,145,1,147,0,36,231,2,269,26,0,26,295
03/10/2011,APF,FL,ASO,ES,Federal Contract Tower,0,28,82,0,110,0,0,53,0,53,0,28,135,0,163,54,0,54,217
03/11/2011,APF,FL,ASO,ES,Federal Contract Tower,0,25,107,0,132,0,0,142,0,142,0,25,249,0,274,50,0,50,324
03/12/2011,APF,FL,ASO,ES,Federal Contract Tower,0,25,89,0,114,0,0,134,0,134,0,25,223,0,248,44,0,44,292
03/13/2011,APF,FL,ASO,ES,Federal Contract Tower,0,47,101,0,148,0,1,170,0,171,0,48,271,0,319,48,0,48,367
03/14/2011,APF,FL,ASO,ES,Federal Contract Tower,0,21,68,0,89,0,0,151,0,151,0,21,219,0,240,96,0,96,336
03/15/2011,APF,FL,ASO,ES,Federal Contract Tower,0,28,78,0,106,0,0,130,0,130,0,28,208,0,236,52,0,52,288
03/16/2011,APF,FL,ASO,ES,Federal Contract Tower,0,36,103,0,139,0,0,146,0,146,0,36,249,0,285,72,0,72,357
03/17/2011,APF,FL,ASO,ES,Federal Contract Tower,0,42,103,0,145,0,0,150,0,150,0,42,253,0,295,82,0,82,377
03/18/2011,APF,FL,ASO,ES,Federal Contract Tower,0,34,118,0,152,0,0,173,0,173,0,34,291,0,325,68,0,68,393
03/19/2011,APF,FL,ASO,ES,Federal Contract Tower,0,43,92,0,135,0,0,148,0,148,0,43,240,0,283,66,0,66,349
03/20/2011,APF,FL,ASO,ES,Federal Contract Tower,0,52,99,0,151,0,0,155,0,155,0,52,254,0,306,68,0,68,374
03/21/2011,APF,FL,ASO,ES,Federal Contract Tower,0,32,90,0,122,0,1,129,0,130,0,33,219,0,252,80,0,80,332
03/22/2011,APF,FL,ASO,ES,Federal Contract Tower,0,33,76,0,109,0,0,157,0,157,0,33,233,0,266,60,0,60,326
03/23/2011,APF,FL,ASO,ES,Federal Contract Tower,0,34,90,0,124,0,0,130,0,130,0,34,220,0,254,58,0,58,312
03/24/2011,APF,FL,ASO,ES,Federal Contract Tower,0,40,102,0,142,0,0,149,0,149,0,40,251,0,291,78,0,78,369
03/25/2011,APF,FL,ASO,ES,Federal Contract Tower,0,38,126,0,164,0,1,140,0,141,0,39,266,0,305,40,0,40,345
03/26/2011,APF,FL,ASO,ES,Federal Contract Tower,0,30,90,0,120,0,0,146,0,146,0,30,236,0,266,38,0,38,304
03/27/2011,APF,FL,ASO,ES,Federal Contract Tower,0,47,118,0,165,0,0,97,0,97,0,47,215,0,262,34,0,34,296
03/28/2011,APF,FL,ASO,ES,Federal Contract Tower,0,30,87,0,117,0,0,79,0,79,0,30,166,0,196,64,0,64,260
03/29/2011,APF,FL,ASO,ES,Federal Contract Tower,0,30,89,0,119,0,0,101,0,101,0,30,190,0,220,94,0,94,314
03/30/2011,APF,FL,ASO,ES,Federal Contract Tower,0,48,83,0,131,0,1,93,0,94,0,49,176,0,225,6,0,6,231
03/31/2011,APF,FL,ASO,ES,Federal Contract Tower,0,21,81,0,102,0,0,13,0,13,0,21,94,0,115,0,0,0,115
04/01/2011,APF,FL,ASO,ES,Federal Contract Tower,0,33,107,1,141,0,0,114,1,115,0,33,221,2,256,62,0,62,318
04/02/2011,APF,FL,ASO,ES,Federal Contract Tower,0,45,64,0,109,0,0,143,0,143,0,45,207,0,252,28,0,28,280
04/03/2011,APF,FL,ASO,ES,Federal Contract Tower,0,72,102,0,174,0,0,89,0,89,0,72,191,0,263,24,0,24,287
04/04/2011,APF,FL,ASO,ES,Federal Contract Tower,0,40,69,1,110,0,0,113,1,114,0,40,182,2,224,28,0,28,252
04/05/2011,APF,FL,ASO,ES,Federal Contract Tower,0,29,78,4,111,0,0,36,0,36,0,29,114,4,147,20,0,20,167
04/06/2011,APF,FL,ASO,ES,Federal Contract Tower,0,35,69,0,104,0,0,170,4,174,0,35,239,4,278,28,0,28,306
04/07/2011,APF,FL,ASO,ES,Federal Contract Tower,0,35,95,0,130,0,0,134,0,134,0,35,229,0,264,56,0,56,320
04/08/2011,APF,FL,ASO,ES,Federal Contract Tower,0,23,97,0,120,0,0,135,2,137,0,23,232,2,257,54,0,54,311
04/09/2011,APF,FL,ASO,ES,Federal Contract Tower,0,48,71,0,119,0,0,142,0,142,0,48,213,0,261,36,0,36,297
04/10/2011,APF,FL,ASO,ES,Federal Contract Tower,0,41,89,0,130,0,0,86,0,86,0,41,175,0,216,22,0,22,238
04/11/2011,APF,FL,ASO,ES,Federal Contract Tower,0,28,87,0,115,0,0,112,0,112,0,28,199,0,227,24,0,24,251
04/12/2011,APF,FL,ASO,ES,Federal Contract Tower,0,31,74,0,105,0,1,159,0,160,0,32,233,0,265,60,0,60,325
04/13/2011,APF,FL,ASO,ES,Federal Contract Tower,0,43,64,0,107,0,0,140,0,140,0,43,204,0,247,36,0,36,283
04/14/2011,APF,FL,ASO,ES,Federal Contract Tower,0,25,92,0,117,0,0,132,0,132,0,25,224,0,249,42,0,42,291
04/15/2011,APF,FL,ASO,ES,Federal Contract Tower,0,39,107,0,146,0,1,134,0,135,0,40,241,0,281,36,0,36,317
04/16/2011,APF,FL,ASO,ES,Federal Contract Tower,0,32,82,0,114,0,0,117,0,117,0,32,199,0,231,18,0,18,249
04/17/2011,APF,FL,ASO,ES,Federal Contract Tower,0,45,78,0,123,0,0,90,0,90,0,45,168,0,213,20,0,20,233
04/18/2011,APF,FL,ASO,ES,Federal Contract Tower,0,13,65,0,78,0,0,83,0,83,0,13,148,0,161,42,0,42,203
04/19/2011,APF,FL,ASO,ES,Federal Contract Tower,0,20,57,4,81,0,0,101,0,101,0,20,158,4,182,28,0,28,210
04/20/2011,APF,FL,ASO,ES,Federal Contract Tower,0,42,90,0,132,0,0,139,0,139,0,42,229,0,271,36,0,36,307
04/21/2011,APF,FL,ASO,ES,Federal Contract Tower,0,43,102,0,145,0,0,161,0,161,0,43,263,0,306,64,0,64,370
04/22/2011,APF,FL,ASO,ES,Federal Contract Tower,0,33,98,0,131,0,0,136,0,136,0,33,234,0,267,116,0,116,383
04/23/2011,APF,FL,ASO,ES,Federal Contract Tower,0,23,55,0,78,0,0,133,0,133,0,23,188,0,211,52,0,52,263
04/24/2011,APF,FL,ASO,ES,Federal Contract Tower,0,55,60,0,115,0,1,49,0,50,0,56,109,0,165,6,0,6,171
04/25/2011,APF,FL,ASO,ES,Federal Contract Tower,0,52,146,0,198,0,0,111,0,111,0,52,257,0,309,60,0,60,369
04/26/2011,APF,FL,ASO,ES,Federal Contract Tower,0,38,72,0,110,0,1,106,0,107,0,39,178,0,217,78,0,78,295
04/27/2011,APF,FL,ASO,ES,Federal Contract Tower,0,27,88,2,117,0,0,115,0,115,0,27,203,2,232,14,0,14,246
04/28/2011,APF,FL,ASO,ES,Federal Contract Tower,0,37,95,0,132,0,0,119,0,119,0,37,214,0,251,68,0,68,319
04/29/2011,APF,FL,ASO,ES,Federal Contract Tower,0,28,79,0,107,0,0,78,0,78,0,28,157,0,185,44,0,44,229
04/30/2011,APF,FL,ASO,ES,Federal Contract Tower,0,14,60,0,74,0,2,136,0,138,0,16,196,0,212,48,0,48,260
05/01/2011,APF,FL,ASO,ES,Federal Contract Tower,0,28,82,0,110,0,2,81,0,83,0,30,163,0,193,24,0,24,217
05/02/2011,APF,FL,ASO,ES,Federal Contract Tower,0,12,57,2,71,0,1,82,0,83,0,13,139,2,154,58,0,58,212
05/03/2011,APF,FL,ASO,ES,Federal Contract Tower,0,14,57,2,73,0,0,108,0,108,0,14,165,2,181,56,0,56,237
05/04/2011,APF,FL,ASO,ES,Federal Contract Tower,0,46,77,0,123,0,0,85,0,85,0,46,162,0,208,8,0,8,216
05/05/2011,APF,FL,ASO,ES,Federal Contract Tower,0,28,65,0,93,0,1,103,0,104,0,29,168,0,197,68,0,68,265
05/06/2011,APF,FL,ASO,ES,Federal Contract Tower,0,11,63,0,74,0,0,91,0,91,0,11,154,0,165,82,0,82,247
05/07/2011,APF,FL,ASO,ES,Federal Contract Tower,0,12,45,0,57,0,0,107,0,107,0,12,152,0,164,66,0,66,230
05/08/2011,APF,FL,ASO,ES,Federal Contract Tower,0,34,48,0,82,0,0,63,0,63,0,34,111,0,145,18,0,18,163
05/09/2011,APF,FL,ASO,ES,Federal Contract Tower,0,14,54,4,72,0,0,127,0,127,0,14,181,4,199,78,0,78,277
05/10/2011,APF,FL,ASO,ES,Federal Contract Tower,0,14,54,0,68,0,0,114,0,114,0,14,168,0,182,28,0,28,210
05/11/2011,APF,FL,ASO,ES,Federal Contract Tower,0,15,76,0,91,0,0,106,0,106,0,15,182,0,197,34,0,34,231
05/12/2011,APF,FL,ASO,ES,Federal Contract Tower,0,27,52,0,79,0,0,113,0,113,0,27,165,0,192,38,0,38,230
05/13/2011,APF,FL,ASO,ES,Federal Contract Tower,0,22,61,0,83,0,0,87,0,87,0,22,148,0,170,98,0,98,268
05/14/2011,APF,FL,ASO,ES,Federal Contract Tower,0,19,42,0,61,0,1,79,0,80,0,20,121,0,141,34,0,34,175
05/15/2011,APF,FL,ASO,ES,Federal Contract Tower,0,31,41,0,72,0,1,55,0,56,0,32,96,0,128,28,0,28,156
05/16/2011,APF,FL,ASO,ES,Federal Contract Tower,0,24,50,0,74,0,0,95,0,95,0,24,145,0,169,74,0,74,243
05/17/2011,APF,FL,ASO,ES,Federal Contract Tower,0,23,50,0,73,0,0,114,0,114,0,23,164,0,187,164,0,164,351
05/18/2011,APF,FL,ASO,ES,Federal Contract Tower,0,19,64,0,83,0,0,154,0,154,0,19,218,0,237,62,0,62,299
05/19/2011,APF,FL,ASO,ES,Federal Contract Tower,0,19,47,0,66,0,0,162,0,162,0,19,209,0,228,74,0,74,302
05/20/2011,APF,FL,ASO,ES,Federal Contract Tower,0,12,49,0,61,0,0,101,0,101,0,12,150,0,162,26,0,26,188
05/21/2011,APF,FL,ASO,ES,Federal Contract Tower,0,9,21,0,30,0,0,146,0,146,0,9,167,0,176,100,0,100,276
05/22/2011,APF,FL,ASO,ES,Federal Contract Tower,0,19,43,0,62,0,1,93,2,96,0,20,136,2,158,6,0,6,164
05/23/2011,APF,FL,ASO,ES,Federal Contract Tower,0,11,43,0,54,0,1,88,0,89,0,12,131,0,143,62,0,62,205
05/24/2011,APF,FL,ASO,ES,Federal Contract Tower,0,15,42,0,57,0,0,116,0,116,0,15,158,0,173,46,0,46,219
05/25/2011,APF,FL,ASO,ES,Federal Contract Tower,0,17,56,0,73,0,0,103,0,103,0,17,159,0,176,50,0,50,226
05/26/2011,APF,FL,ASO,ES,Federal Contract Tower,0,22,66,0,88,0,0,92,0,92,0,22,158,0,180,72,0,72,252
05/27/2011,APF,FL,ASO,ES,Federal Contract Tower,0,21,55,0,76,0,1,96,0,97,0,22,151,0,173,54,0,54,227
05/28/2011,APF,FL,ASO,ES,Federal Contract Tower,0,15,36,0,51,0,0,92,0,92,0,15,128,0,143,26,0,26,169
05/29/2011,APF,FL,ASO,ES,Federal Contract Tower,0,12,23,0,35,0,0,39,0,39,0,12,62,0,74,20,0,20,94
05/30/2011,APF,FL,ASO,ES,Federal Contract Tower,0,20,52,0,72,0,0,86,0,86,0,20,138,0,158,62,0,62,220
05/31/2011,APF,FL,ASO,ES,Federal Contract Tower,0,21,61,0,82,0,0,59,0,59,0,21,120,0,141,68,0,68,209
06/01/2011,APF,FL,ASO,ES,Federal Contract Tower,0,14,38,0,52,0,0,80,0,80,0,14,118,0,132,56,0,56,188
06/02/2011,APF,FL,ASO,ES,Federal Contract Tower,0,24,44,0,68,0,3,99,0,102,0,27,143,0,170,76,0,76,246
06/03/2011,APF,FL,ASO,ES,Federal Contract Tower,0,14,49,0,63,0,0,113,0,113,0,14,162,0,176,88,0,88,264
06/04/2011,APF,FL,ASO,ES,Federal Contract Tower,0,3,34,0,37,0,0,97,0,97,0,3,131,0,134,84,0,84,218
06/05/2011,APF,FL,ASO,ES,Federal Contract Tower,0,19,37,0,56,0,0,80,0,80,0,19,117,0,136,30,0,30,166
06/06/2011,APF,FL,ASO,ES,Federal Contract Tower,0,17,46,0,63,0,0,104,0,104,0,17,150,0,167,72,0,72,239
06/07/2011,APF,FL,ASO,ES,Federal Contract Tower,0,10,36,0,46,0,0,88,0,88,0,10,124,0,134,40,0,40,174
06/08/2011,APF,FL,ASO,ES,Federal Contract Tower,0,14,45,0,59,0,0,92,2,94,0,14,137,2,153,56,0,56,209
06/09/2011,APF,FL,ASO,ES,Federal Contract Tower,0,11,42,0,53,0,0,83,0,83,0,11,125,0,136,54,0,54,190
06/10/2011,APF,FL,ASO,ES,Federal Contract Tower,0,7,47,0,54,0,0,117,0,117,0,7,164,0,171,60,0,60,231
06/11/2011,APF,FL,ASO,ES,Federal Contract Tower,0,9,32,0,41,0,0,104,0,104,0,9,136,0,145,38,0,38,183
06/12/2011,APF,FL,ASO,ES,Federal Contract Tower,0,11,26,0,37,0,0,62,0,62,0,11,88,0,99,10,0,10,109
06/13/2011,APF,FL,ASO,ES,Federal Contract Tower,0,11,47,1,59,0,0,111,0,111,0,11,158,1,170,108,0,108,278
06/14/2011,APF,FL,ASO,ES,Federal Contract Tower,0,8,34,0,42,0,0,93,0,93,0,8,127,0,135,58,0,58,193
06/15/2011,APF,FL,ASO,ES,Federal Contract Tower,0,11,33,0,44,0,0,93,0,93,0,11,126,0,137,62,0,62,199
06/16/2011,APF,FL,ASO,ES,Federal Contract Tower,0,10,45,8,63,0,0,107,0,107,0,10,152,8,170,78,0,78,248
06/17/2011,APF,FL,ASO,ES,Federal Contract Tower,0,7,48,0,55,0,0,98,0,98,0,7,146,0,153,36,0,36,189
06/18/2011,APF,FL,ASO,ES,Federal Contract Tower,0,9,18,0,27,0,0,85,0,85,0,9,103,0,112,82,0,82,194
06/19/2011,APF,FL,ASO,ES,Federal Contract Tower,0,7,25,0,32,0,0,61,0,61,0,7,86,0,93,32,0,32,125
06/20/2011,APF,FL,ASO,ES,Federal Contract Tower,0,15,29,0,44,0,0,69,0,69,0,15,98,0,113,40,0,40,153
06/21/2011,APF,FL,ASO,ES,Federal Contract Tower,0,7,21,0,28,0,1,101,0,102,0,8,122,0,130,44,0,44,174
06/22/2011,APF,FL,ASO,ES,Federal Contract Tower,0,4,26,0,30,0,0,102,0,102,0,4,128,0,132,66,0,66,198
06/23/2011,APF,FL,ASO,ES,Federal Contract Tower,0,12,35,0,47,0,0,82,0,82,0,12,117,0,129,68,0,68,197
06/24/2011,APF,FL,ASO,ES,Federal Contract Tower,0,13,48,0,61,0,0,88,0,88,0,13,136,0,149,60,0,60,209
06/25/2011,APF,FL,ASO,ES,Federal Contract Tower,0,7,35,0,42,0,0,82,0,82,0,7,117,0,124,66,0,66,190
06/26/2011,APF,FL,ASO,ES,Federal Contract Tower,0,6,24,0,30,0,0,39,0,39,0,6,63,0,69,28,0,28,97
06/27/2011,APF,FL,ASO,ES,Federal Contract Tower,0,7,51,0,58,0,0,83,0,83,0,7,134,0,141,74,0,74,215
06/28/2011,APF,FL,ASO,ES,Federal Contract Tower,0,6,24,0,30,0,0,52,0,52,0,6,76,0,82,54,0,54,136
06/29/2011,APF,FL,ASO,ES,Federal Contract Tower,0,10,38,0,48,0,0,61,0,61,0,10,99,0,109,77,0,77,186
06/30/2011,APF,FL,ASO,ES,Federal Contract Tower,0,19,45,0,64,0,0,73,0,73,0,19,118,0,137,64,0,64,201
07/01/2011,APF,FL,ASO,ES,Federal Contract Tower,0,13,66,0,79,0,0,68,0,68,0,13,134,0,147,10,0,10,157
07/02/2011,APF,FL,ASO,ES,Federal Contract Tower,0,7,25,0,32,0,0,30,0,30,0,7,55,0,62,6,0,6,68
07/03/2011,APF,FL,ASO,ES,Federal Contract Tower,0,5,9,0,14,0,0,48,0,48,0,5,57,0,62,14,0,14,76
07/04/2011,APF,FL,ASO,ES,Federal Contract Tower,0,3,13,0,16,0,3,74,0,77,0,6,87,0,93,22,0,22,115
07/05/2011,APF,FL,ASO,ES,Federal Contract Tower,0,14,44,0,58,0,0,83,0,83,0,14,127,0,141,96,0,96,237
07/06/2011,APF,FL,ASO,ES,Federal Contract Tower,0,12,29,0,41,0,0,67,0,67,0,12,96,0,108,28,0,28,136
07/07/2011,APF,FL,ASO,ES,Federal Contract Tower,0,9,31,0,40,0,4,12,0,16,0,13,43,0,56,0,0,0,56
07/08/2011,APF,FL,ASO,ES,Federal Contract Tower,0,7,40,0,47,0,8,70,0,78,0,15,110,0,125,34,0,34,159
07/09/2011,APF,FL,ASO,ES,Federal Contract Tower,0,3,35,0,38,0,0,88,0,88,0,3,123,0,126,64,0,64,190
07/10/2011,APF,FL,ASO,ES,Federal Contract Tower,0,4,26,0,30,0,0,66,0,66,0,4,92,0,96,8,0,8,104
07/11/2011,APF,FL,ASO,ES,Federal Contract Tower,0,6,42,0,48,0,2,94,0,96,0,8,136,0,144,62,0,62,206
07/12/2011,APF,FL,ASO,ES,Federal Contract Tower,0,7,21,0,28,0,2,85,0,87,0,9,106,0,115,60,0,60,175
07/13/2011,APF,FL,ASO,ES,Federal Contract Tower,0,6,28,1,35,0,0,91,0,91,0,6,119,1,126,76,0,76,202
07/14/2011,APF,FL,ASO,ES,Federal Contract Tower,0,10,30,0,40,0,0,72,0,72,0,10,102,0,112,34,0,34,146
07/15/2011,APF,FL,ASO,ES,Federal Contract Tower,0,7,42,0,49,0,0,92,0,92,0,7,134,0,141,66,0,66,207
07/16/2011,APF,FL,ASO,ES,Federal Contract Tower,0,5,28,4,37,0,1,97,0,98,0,6,125,4,135,70,0,70,205
07/17/2011,APF,FL,ASO,ES,Federal Contract Tower,0,7,28,0,35,0,0,58,0,58,0,7,86,0,93,12,0,12,105
07/18/2011,APF,FL,ASO,ES,Federal Contract Tower,0,9,36,0,45,0,2,92,0,94,0,11,128,0,139,48,0,48,187
07/19/2011,APF,FL,ASO,ES,Federal Contract Tower,0,5,36,0,41,0,0,92,0,92,0,5,128,0,133,70,0,70,203
07/20/2011,APF,FL,ASO,ES,Federal Contract Tower,0,6,51,0,57,0,0,98,0,98,0,6,149,0,155,76,0,76,231
07/21/2011,APF,FL,ASO,ES,Federal Contract Tower,0,5,34,0,39,0,0,84,0,84,0,5,118,0,123,70,0,70,193
07/22/2011,APF,FL,ASO,ES,Federal Contract Tower,0,5,42,0,47,0,1,61,0,62,0,6,103,0,109,38,0,38,147
07/23/2011,APF,FL,ASO,ES,Federal Contract Tower,0,2,13,0,15,0,0,68,0,68,0,2,81,0,83,48,0,48,131
07/24/2011,APF,FL,ASO,ES,Federal Contract Tower,0,6,35,0,41,0,0,66,0,66,0,6,101,0,107,26,0,26,133
07/25/2011,APF,FL,ASO,ES,Federal Contract Tower,0,4,35,0,39,0,2,71,0,73,0,6,106,0,112,38,0,38,150
07/26/2011,APF,FL,ASO,ES,Federal Contract Tower,0,3,28,0,31,0,2,63,0,65,0,5,91,0,96,2,0,2,98
07/27/2011,APF,FL,ASO,ES,Federal Contract Tower,0,2,30,0,32,0,0,66,0,66,0,2,96,0,98,24,0,24,122
07/28/2011,APF,FL,ASO,ES,Federal Contract Tower,0,7,32,0,39,0,0,99,0,99,0,7,131,0,138,46,0,46,184
07/29/2011,APF,FL,ASO,ES,Federal Contract Tower,0,4,45,0,49,0,0,107,0,107,0,4,152,0,156,94,0,94,250
07/30/2011,APF,FL,ASO,ES,Federal Contract Tower,0,8,22,0,30,0,0,96,0,96,0,8,118,0,126,70,0,70,196
07/31/2011,APF,FL,ASO,ES,Federal Contract Tower,0,12,21,0,33,0,0,80,0,80,0,12,101,0,113,32,0,32,145
08/01/2011,APF,FL,ASO,ES,Federal Contract Tower,0,11,34,0,45,0,83,0,0,83,0,94,34,0,128,62,0,62,190
08/02/2011,APF,FL,ASO,ES,Federal Contract Tower,0,7,26,0,33,0,0,69,0,69,0,7,95,0,102,46,0,46,148
08/03/2011,APF,FL,ASO,ES,Federal Contract Tower,0,9,19,0,28,0,0,89,0,89,0,9,108,0,117,40,0,40,157
08/04/2011,APF,FL,ASO,ES,Federal Contract Tower,0,9,37,0,46,0,0,63,0,63,0,9,100,0,109,44,0,44,153
08/05/2011,APF,FL,ASO,ES,Federal Contract Tower,0,6,37,0,43,0,0,67,0,67,0,6,104,0,110,16,0,16,126
08/06/2011,APF,FL,ASO,ES,Federal Contract Tower,0,9,16,0,25,0,0,88,0,88,0,9,104,0,113,44,0,44,157
08/07/2011,APF,FL,ASO,ES,Federal Contract Tower,0,10,26,0,36,0,0,61,0,61,0,10,87,0,97,40,0,40,137
08/08/2011,APF,FL,ASO,ES,Federal Contract Tower,0,6,18,0,24,0,0,43,0,43,0,6,61,0,67,48,0,48,115
08/09/2011,APF,FL,ASO,ES,Federal Contract Tower,0,3,46,0,49,0,0,94,0,94,0,3,140,0,143,62,0,62,205
08/10/2011,APF,FL,ASO,ES,Federal Contract Tower,0,8,27,0,35,0,0,52,0,52,0,8,79,0,87,20,0,20,107
08/11/2011,APF,FL,ASO,ES,Federal Contract Tower,0,9,35,0,44,0,0,91,0,91,0,9,126,0,135,70,0,70,205
08/12/2011,APF,FL,ASO,ES,Federal Contract Tower,0,9,32,1,42,0,0,88,0,88,0,9,120,1,130,10,0,10,140
08/13/2011,APF,FL,ASO,ES,Federal Contract Tower,0,8,18,0,26,0,0,83,4,87,0,8,101,4,113,66,0,66,179
08/14/2011,APF,FL,ASO,ES,Federal Contract Tower,0,12,32,0,44,0,0,78,1,79,0,12,110,1,123,40,0,40,163
08/15/2011,APF,FL,ASO,ES,Federal Contract Tower,0,5,38,0,43,0,1,111,0,112,0,6,149,0,155,52,0,52,207
08/16/2011,APF,FL,ASO,ES,Federal Contract Tower,0,6,21,0,27,0,0,49,0,49,0,6,70,0,76,20,0,20,96
08/17/2011,APF,FL,ASO,ES,Federal Contract Tower,0,7,39,0,46,0,0,70,0,70,0,7,109,0,116,48,0,48,164
08/18/2011,APF,FL,ASO,ES,Federal Contract Tower,0,5,37,0,42,0,0,83,0,83,0,5,120,0,125,54,0,54,179
08/19/2011,APF,FL,ASO,ES,Federal Contract Tower,0,13,40,4,57,0,0,65,0,65,0,13,105,4,122,40,0,40,162
08/20/2011,APF,FL,ASO,ES,Federal Contract Tower,0,7,24,0,31,0,0,71,0,71,0,7,95,0,102,68,0,68,170
08/21/2011,APF,FL,ASO,ES,Federal Contract Tower,0,8,23,0,31,0,0,44,0,44,0,8,67,0,75,20,0,20,95
08/22/2011,APF,FL,ASO,ES,Federal Contract Tower,0,2,33,0,35,0,1,62,0,63,0,3,95,0,98,22,0,22,120
08/23/2011,APF,FL,ASO,ES,Federal Contract Tower,0,6,43,0,49,0,0,65,0,65,0,6,108,0,114,26,0,26,140
08/24/2011,APF,FL,ASO,ES,Federal Contract Tower,0,7,47,0,54,0,0,58,0,58,0,7,105,0,112,52,0,52,164
08/25/2011,APF,FL,ASO,ES,Federal Contract Tower,0,10,39,0,49,0,0,49,0,49,0,10,88,0,98,22,0,22,120
08/26/2011,APF,FL,ASO,ES,Federal Contract Tower,0,5,33,0,38,0,0,90,0,90,0,5,123,0,128,74,0,74,202
08/27/2011,APF,FL,ASO,ES,Federal Contract Tower,0,1,27,0,28,0,1,89,0,90,0,2,116,0,118,32,0,32,150
08/28/2011,APF,FL,ASO,ES,Federal Contract Tower,0,6,21,0,27,0,0,62,0,62,0,6,83,0,89,38,0,38,127
08/29/2011,APF,FL,ASO,ES,Federal Contract Tower,0,10,24,0,34,0,0,18,0,18,0,10,42,0,52,8,0,8,60
08/30/2011,APF,FL,ASO,ES,Federal Contract Tower,0,3,32,0,35,0,0,41,0,41,0,3,73,0,76,56,0,56,132
08/31/2011,APF,FL,ASO,ES,Federal Contract Tower,0,12,33,0,45,0,0,72,0,72,0,12,105,0,117,94,0,94,211
09/01/2011,APF,FL,ASO,ES,Federal Contract Tower,0,12,45,0,57,0,0,82,0,82,0,12,127,0,139,60,0,60,199
09/02/2011,APF,FL,ASO,ES,Federal Contract Tower,0,7,28,0,35,0,0,98,0,98,0,7,126,0,133,68,0,68,201
09/03/2011,APF,FL,ASO,ES,Federal Contract Tower,0,3,26,0,29,0,0,103,0,103,0,3,129,0,132,58,0,58,190
09/04/2011,APF,FL,ASO,ES,Federal Contract Tower,0,5,17,0,22,0,1,47,0,48,0,6,64,0,70,6,0,6,76
09/05/2011,APF,FL,ASO,ES,Federal Contract Tower,0,9,25,0,34,0,0,68,0,68,0,9,93,0,102,38,0,38,140
09/06/2011,APF,FL,ASO,ES,Federal Contract Tower,0,8,30,0,38,0,0,40,0,40,0,8,70,0,78,52,0,52,130
09/07/2011,APF,FL,ASO,ES,Federal Contract Tower,0,7,31,0,38,0,0,65,0,65,0,7,96,0,103,50,0,50,153
09/08/2011,APF,FL,ASO,ES,Federal Contract Tower,0,5,33,0,38,0,0,90,0,90,0,5,123,0,128,20,0,20,148
09/09/2011,APF,FL,ASO,ES,Federal Contract Tower,0,10,23,3,36,0,0,79,1,80,0,10,102,4,116,60,0,60,176
09/10/2011,APF,FL,ASO,ES,Federal Contract Tower,0,3,29,0,32,0,0,96,0,96,0,3,125,0,128,28,0,28,156
09/11/2011,APF,FL,ASO,ES,Federal Contract Tower,0,5,32,0,37,0,1,59,0,60,0,6,91,0,97,6,0,6,103
09/12/2011,APF,FL,ASO,ES,Federal Contract Tower,0,13,45,0,58,0,0,90,0,90,0,13,135,0,148,66,0,66,214
09/13/2011,APF,FL,ASO,ES,Federal Contract Tower,0,5,33,0,38,0,0,97,0,97,0,5,130,0,135,68,0,68,203
09/14/2011,APF,FL,ASO,ES,Federal Contract Tower,0,14,56,0,70,0,0,105,0,105,0,14,161,0,175,56,0,56,231
09/15/2011,APF,FL,ASO,ES,Federal Contract Tower,0,6,39,2,47,0,2,107,0,109,0,8,146,2,156,72,0,72,228
09/16/2011,APF,FL,ASO,ES,Federal Contract Tower,0,21,51,2,74,0,0,125,1,126,0,21,176,3,200,64,0,64,264
09/17/2011,APF,FL,ASO,ES,Federal Contract Tower,0,12,38,0,50,0,0,98,0,98,0,12,136,0,148,24,0,24,172
09/18/2011,APF,FL,ASO,ES,Federal Contract Tower,0,7,39,0,46,0,0,77,0,77,0,7,116,0,123,4,0,4,127
09/19/2011,APF,FL,ASO,ES,Federal Contract Tower,0,8,51,0,59,0,0,68,0,68,0,8,119,0,127,34,0,34,161
09/20/2011,APF,FL,ASO,ES,Federal Contract Tower,0,4,36,0,40,0,0,59,0,59,0,4,95,0,99,34,0,34,133
09/21/2011,APF,FL,ASO,ES,Federal Contract Tower,0,8,31,0,39,0,0,87,0,87,0,8,118,0,126,34,0,34,160
09/22/2011,APF,FL,ASO,ES,Federal Contract Tower,0,10,39,0,49,0,0,77,0,77,0,10,116,0,126,90,0,90,216
09/23/2011,APF,FL,ASO,ES,Federal Contract Tower,0,7,46,0,53,0,0,69,0,69,0,7,115,0,122,68,0,68,190
09/24/2011,APF,FL,ASO,ES,Federal Contract Tower,0,9,18,0,27,0,0,84,0,84,0,9,102,0,111,58,0,58,169
09/25/2011,APF,FL,ASO,ES,Federal Contract Tower,0,4,21,0,25,0,0,43,0,43,0,4,64,0,68,44,0,44,112
09/26/2011,APF,FL,ASO,ES,Federal Contract Tower,0,8,28,0,36,0,0,9,0,9,0,8,37,0,45,14,0,14,59
09/27/2011,APF,FL,ASO,ES,Federal Contract Tower,0,6,42,0,48,0,0,94,0,94,0,6,136,0,142,60,0,60,202
09/28/2011,APF,FL,ASO,ES,Federal Contract Tower,0,11,35,0,46,0,0,107,2,109,0,11,142,2,155,110,0,110,265
09/29/2011,APF,FL,ASO,ES,Federal Contract Tower,0,13,42,0,55,0,0,108,0,108,0,13,150,0,163,110,0,110,273
09/30/2011,APF,FL,ASO,ES,Federal Contract Tower,0,6,33,0,39,0,0,93,0,93,0,6,126,0,132,86,0,86,218
10/01/2011,APF,FL,ASO,ES,Federal Contract Tower,0,6,27,0,33,0,0,120,0,120,0,6,147,0,153,60,0,60,213
10/02/2011,APF,FL,ASO,ES,Federal Contract Tower,0,9,24,0,33,0,0,92,0,92,0,9,116,0,125,36,0,36,161
10/03/2011,APF,FL,ASO,ES,Federal Contract Tower,0,5,45,0,50,0,0,83,0,83,0,5,128,0,133,54,0,54,187
10/04/2011,APF,FL,ASO,ES,Federal Contract Tower,0,6,34,0,40,0,76,0,0,76,0,82,34,0,116,24,0,24,140
10/05/2011,APF,FL,ASO,ES,Federal Contract Tower,0,13,33,0,46,0,0,74,0,74,0,13,107,0,120,28,0,28,148
10/06/2011,APF,FL,ASO,ES,Federal Contract Tower,0,19,57,0,76,0,0,110,0,110,0,19,167,0,186,48,0,48,234
10/07/2011,APF,FL,ASO,ES,Federal Contract Tower,0,23,52,0,75,0,0,69,0,69,0,23,121,0,144,40,0,40,184
10/08/2011,APF,FL,ASO,ES,Federal Contract Tower,0,9,20,0,29,0,0,51,0,51,0,9,71,0,80,40,0,40,120
10/09/2011,APF,FL,ASO,ES,Federal Contract Tower,0,8,33,0,41,0,0,35,0,35,0,8,68,0,76,8,0,8,84
10/10/2011,APF,FL,ASO,ES,Federal Contract Tower,0,19,42,0,61,0,0,104,0,104,0,19,146,0,165,122,0,122,287
10/11/2011,APF,FL,ASO,ES,Federal Contract Tower,0,22,40,0,62,0,0,133,0,133,0,22,173,0,195,82,0,82,277
10/12/2011,APF,FL,ASO,ES,Federal Contract Tower,0,15,52,0,67,0,0,95,0,95,0,15,147,0,162,61,0,61,223
10/13/2011,APF,FL,ASO,ES,Federal Contract Tower,0,14,38,0,52,0,0,123,0,123,0,14,161,0,175,84,0,84,259
10/14/2011,APF,FL,ASO,ES,Federal Contract Tower,0,15,49,2,66,0,0,108,0,108,0,15,157,2,174,100,0,100,274
10/15/2011,APF,FL,ASO,ES,Federal Contract Tower,0,19,38,0,57,0,0,90,0,90,0,19,128,0,147,78,0,78,225
10/16/2011,APF,FL,ASO,ES,Federal Contract Tower,0,24,51,0,75,0,0,32,0,32,0,24,83,0,107,6,0,6,113
10/17/2011,APF,FL,ASO,ES,Federal Contract Tower,0,12,38,0,50,0,0,14,0,14,0,12,52,0,64,12,0,12,76
10/18/2011,APF,FL,ASO,ES,Federal Contract Tower,0,6,19,0,25,0,0,2,0,2,0,6,21,0,27,0,0,0,27
10/19/2011,APF,FL,ASO,ES,Federal Contract Tower,0,4,56,0,60,0,0,57,0,57,0,4,113,0,117,38,0,38,155
10/20/2011,APF,FL,ASO,ES,Federal Contract Tower,0,17,51,0,68,0,0,97,0,97,0,17,148,0,165,24,0,24,189
10/21/2011,APF,FL,ASO,ES,Federal Contract Tower,0,23,60,0,83,0,0,172,0,172,0,23,232,0,255,54,0,54,309
10/22/2011,APF,FL,ASO,ES,Federal Contract Tower,0,21,58,0,79,0,1,133,0,134,0,22,191,0,213,46,0,46,259
10/23/2011,APF,FL,ASO,ES,Federal Contract Tower,0,29,47,0,76,0,0,77,0,77,0,29,124,0,153,28,0,28,181
10/24/2011,APF,FL,ASO,ES,Federal Contract Tower,0,18,63,0,81,0,0,118,0,118,0,18,181,0,199,74,0,74,273
10/25/2011,APF,FL,ASO,ES,Federal Contract Tower,0,21,45,0,66,0,3,133,0,136,0,24,178,0,202,98,0,98,300
10/26/2011,APF,FL,ASO,ES,Federal Contract Tower,0,26,65,0,91,0,1,121,0,122,0,27,186,0,213,108,0,108,321
10/27/2011,APF,FL,ASO,ES,Federal Contract Tower,0,25,75,0,100,0,0,111,0,111,0,25,186,0,211,56,0,56,267
10/28/2011,APF,FL,ASO,ES,Federal Contract Tower,0,22,57,0,79,0,0,76,0,76,0,22,133,0,155,118,0,118,273
10/29/2011,APF,FL,ASO,ES,Federal Contract Tower,0,10,47,0,57,0,0,33,0,33,0,10,80,0,90,60,0,60,150
10/30/2011,APF,FL,ASO,ES,Federal Contract Tower,0,14,53,0,67,0,0,16,0,16,0,14,69,0,83,2,0,2,85
10/31/2011,APF,FL,ASO,ES,Federal Contract Tower,0,16,41,0,57,0,0,15,0,15,0,16,56,0,72,8,0,8,80
11/01/2011,APF,FL,ASO,ES,Federal Contract Tower,0,12,59,2,73,0,0,112,0,112,0,12,171,2,185,52,0,52,237
11/02/2011,APF,FL,ASO,ES,Federal Contract Tower,0,17,54,0,71,0,0,103,0,103,0,17,157,0,174,34,0,34,208
11/03/2011,APF,FL,ASO,ES,Federal Contract Tower,0,27,78,0,105,0,0,144,0,144,0,27,222,0,249,74,0,74,323
11/04/2011,APF,FL,ASO,ES,Federal Contract Tower,0,23,62,0,85,0,0,91,0,91,0,23,153,0,176,64,0,64,240
11/05/2011,APF,FL,ASO,ES,Federal Contract Tower,0,21,38,0,59,0,0,98,0,98,0,21,136,0,157,40,0,40,197
11/06/2011,APF,FL,ASO,ES,Federal Contract Tower,0,29,55,0,84,0,0,77,0,77,0,29,132,0,161,22,0,22,183
11/07/2011,APF,FL,ASO,ES,Federal Contract Tower,0,26,83,0,109,0,0,0,87,87,0,26,83,87,196,32,0,32,228
11/08/2011,APF,FL,ASO,ES,Federal Contract Tower,0,24,67,0,91,0,1,113,0,114,0,25,180,0,205,46,0,46,251
11/09/2011,APF,FL,ASO,ES,Federal Contract Tower,0,29,84,0,113,0,0,106,0,106,0,29,190,0,219,80,0,80,299
11/10/2011,APF,FL,ASO,ES,Federal Contract Tower,0,38,90,1,129,0,0,138,0,138,0,38,228,1,267,54,0,54,321
11/11/2011,APF,FL,ASO,ES,Federal Contract Tower,0,22,62,0,84,0,0,100,0,100,0,22,162,0,184,50,0,50,234
11/12/2011,APF,FL,ASO,ES,Federal Contract Tower,0,19,41,1,61,0,0,173,0,173,0,19,214,1,234,52,0,52,286
11/13/2011,APF,FL,ASO,ES,Federal Contract Tower,0,27,75,0,102,0,0,122,0,122,0,27,197,0,224,18,0,18,242
11/14/2011,APF,FL,ASO,ES,Federal Contract Tower,0,37,64,0,101,0,0,101,0,101,0,37,165,0,202,36,0,36,238
11/15/2011,APF,FL,ASO,ES,Federal Contract Tower,0,17,66,0,83,0,0,78,0,78,0,17,144,0,161,102,0,102,263
11/16/2011,APF,FL,ASO,ES,Federal Contract Tower,0,31,78,0,109,0,0,112,0,112,0,31,190,0,221,40,0,40,261
11/17/2011,APF,FL,ASO,ES,Federal Contract Tower,0,23,74,0,97,0,8,133,0,141,0,31,207,0,238,80,0,80,318
11/18/2011,APF,FL,ASO,ES,Federal Contract Tower,0,29,90,0,119,0,0,77,0,77,0,29,167,0,196,28,0,28,224
11/19/2011,APF,FL,ASO,ES,Federal Contract Tower,0,29,62,0,91,0,0,94,0,94,0,29,156,0,185,32,0,32,217
11/20/2011,APF,FL,ASO,ES,Federal Contract Tower,0,36,90,0,126,0,0,88,0,88,0,36,178,0,214,14,0,14,228
11/21/2011,APF,FL,ASO,ES,Federal Contract Tower,0,29,60,0,89,0,0,69,0,69,0,29,129,0,158,34,0,34,192
11/22/2011,APF,FL,ASO,ES,Federal Contract Tower,0,43,92,0,135,0,0,120,0,120,0,43,212,0,255,94,0,94,349
11/23/2011,APF,FL,ASO,ES,Federal Contract Tower,0,37,91,0,128,0,1,144,0,145,0,38,235,0,273,64,0,64,337
11/24/2011,APF,FL,ASO,ES,Federal Contract Tower,0,6,18,0,24,0,1,43,0,44,0,7,61,0,68,10,0,10,78
11/25/2011,APF,FL,ASO,ES,Federal Contract Tower,0,18,50,0,68,0,0,100,0,100,0,18,150,0,168,14,0,14,182
11/26/2011,APF,FL,ASO,ES,Federal Contract Tower,0,52,71,0,123,0,0,95,0,95,0,52,166,0,218,38,0,38,256
11/27/2011,APF,FL,ASO,ES,Federal Contract Tower,0,87,125,0,212,0,0,78,0,78,0,87,203,0,290,6,0,6,296
11/28/2011,APF,FL,ASO,ES,Federal Contract Tower,0,40,68,0,108,0,0,65,0,65,0,40,133,0,173,12,0,12,185
11/29/2011,APF,FL,ASO,ES,Federal Contract Tower,0,40,62,0,102,0,0,105,0,105,0,40,167,0,207,14,0,14,221
11/30/2011,APF,FL,ASO,ES,Federal Contract Tower,0,20,70,0,90,0,1,130,2,133,0,21,200,2,223,76,0,76,299
12/01/2011,APF,FL,ASO,ES,Federal Contract Tower,0,18,50,0,68,0,0,102,4,106,0,18,152,4,174,58,0,58,232
12/02/2011,APF,FL,ASO,ES,Federal Contract Tower,0,28,70,0,98,0,0,113,0,113,0,28,183,0,211,60,0,60,271
12/03/2011,APF,FL,ASO,ES,Federal Contract Tower,0,11,48,2,61,0,0,104,4,108,0,11,152,6,169,16,0,16,185
12/04/2011,APF,FL,ASO,ES,Federal Contract Tower,0,22,63,0,85,0,0,78,0,78,0,22,141,0,163,6,0,6,169
12/05/2011,APF,FL,ASO,ES,Federal Contract Tower,0,22,42,0,64,0,0,109,6,115,0,22,151,6,179,87,0,87,266
12/06/2011,APF,FL,ASO,ES,Federal Contract Tower,0,29,72,0,101,0,0,133,6,139,0,29,205,6,240,108,0,108,348
12/07/2011,APF,FL,ASO,ES,Federal Contract Tower,0,29,51,0,80,0,0,132,4,136,0,29,183,4,216,66,0,66,282
12/08/2011,APF,FL,ASO,ES,Federal Contract Tower,0,38,100,0,138,0,1,125,4,130,0,39,225,4,268,76,0,76,344
12/09/2011,APF,FL,ASO,ES,Federal Contract Tower,0,21,75,0,96,0,2,94,3,99,0,23,169,3,195,32,0,32,227
12/10/2011,APF,FL,ASO,ES,Federal Contract Tower,0,17,46,0,63,0,0,47,0,47,0,17,93,0,110,32,0,32,142
12/11/2011,APF,FL,ASO,ES,Federal Contract Tower,0,27,68,0,95,0,0,29,0,29,0,27,97,0,124,4,0,4,128
12/12/2011,APF,FL,ASO,ES,Federal Contract Tower,0,13,81,0,94,0,0,106,0,106,0,13,187,0,200,80,0,80,280
12/13/2011,APF,FL,ASO,ES,Federal Contract Tower,0,24,71,0,95,0,0,89,0,89,0,24,160,0,184,86,0,86,270
12/14/2011,APF,FL,ASO,ES,Federal Contract Tower,0,24,59,0,83,0,0,113,0,113,0,24,172,0,196,68,0,68,264
12/15/2011,APF,FL,ASO,ES,Federal Contract Tower,0,17,56,0,73,0,0,138,0,138,0,17,194,0,211,86,0,86,297
12/16/2011,APF,FL,ASO,ES,Federal Contract Tower,0,19,78,0,97,0,0,142,0,142,0,19,220,0,239,72,0,72,311
12/17/2011,APF,FL,ASO,ES,Federal Contract Tower,0,34,60,0,94,0,1,119,0,120,0,35,179,0,214,26,0,26,240
12/18/2011,APF,FL,ASO,ES,Federal Contract Tower,0,12,42,0,54,0,1,87,0,88,0,13,129,0,142,12,0,12,154
12/19/2011,APF,FL,ASO,ES,Federal Contract Tower,0,16,53,0,69,0,0,89,0,89,0,16,142,0,158,36,0,36,194
12/20/2011,APF,FL,ASO,ES,Federal Contract Tower,0,18,42,2,62,0,0,103,0,103,0,18,145,2,165,68,0,68,233
12/21/2011,APF,FL,ASO,ES,Federal Contract Tower,0,30,73,0,103,0,0,99,0,99,0,30,172,0,202,74,0,74,276
12/22/2011,APF,FL,ASO,ES,Federal Contract Tower,0,33,49,0,82,0,0,112,0,112,0,33,161,0,194,76,0,76,270
12/23/2011,APF,FL,ASO,ES,Federal Contract Tower,0,31,61,0,92,0,1,106,0,107,0,32,167,0,199,44,0,44,243
12/24/2011,APF,FL,ASO,ES,Federal Contract Tower,0,5,22,3,30,0,0,80,0,80,0,5,102,3,110,48,0,48,158
12/25/2011,APF,FL,ASO,ES,Federal Contract Tower,0,32,27,0,59,0,2,36,0,38,0,34,63,0,97,0,0,0,97
12/26/2011,APF,FL,ASO,ES,Federal Contract Tower,0,80,185,2,267,0,0,119,0,119,0,80,304,2,386,8,0,8,394
12/27/2011,APF,FL,ASO,ES,Federal Contract Tower,0,64,137,0,201,0,0,44,0,44,0,64,181,0,245,0,0,0,245
12/28/2011,APF,FL,ASO,ES,Federal Contract Tower,0,44,111,0,155,0,0,102,0,102,0,44,213,0,257,30,0,30,287
12/29/2011,APF,FL,ASO,ES,Federal Contract Tower,0,34,79,0,113,0,0,128,0,128,0,34,207,0,241,34,0,34,275
12/30/2011,APF,FL,ASO,ES,Federal Contract Tower,0,45,92,1,138,0,1,157,0,158,0,46,249,1,296,28,0,28,324
12/31/2011,APF,FL,ASO,ES,Federal Contract Tower,0,19,69,1,89,0,0,96,0,96,0,19,165,1,185,10,0,10,195
01/01/2012,APF,FL,ASO,ES,Federal Contract Tower,0,54,89,0,143,0,1,70,0,71,0,55,159,0,214,0,0,0,214
01/02/2012,APF,FL,ASO,ES,Federal Contract Tower,0,67,152,0,219,0,0,64,0,64,0,67,216,0,283,4,0,4,287
01/03/2012,APF,FL,ASO,ES,Federal Contract Tower,0,39,86,0,125,0,0,43,0,43,0,39,129,0,168,16,0,16,184
01/04/2012,APF,FL,ASO,ES,Federal Contract Tower,0,32,59,0,91,0,1,98,0,99,0,33,157,0,190,4,0,4,194
01/05/2012,APF,FL,ASO,ES,Federal Contract Tower,0,31,84,0,115,0,0,127,0,127,0,31,211,0,242,76,0,76,318
01/06/2012,APF,FL,ASO,ES,Federal Contract Tower,0,20,75,0,95,0,0,138,0,138,0,20,213,0,233,70,0,70,303
01/07/2012,APF,FL,ASO,ES,Federal Contract Tower,0,31,58,0,89,0,0,131,0,131,0,31,189,0,220,16,0,16,236
01/08/2012,APF,FL,ASO,ES,Federal Contract Tower,0,36,66,0,102,0,0,117,0,117,0,36,183,0,219,12,0,12,231
01/09/2012,APF,FL,ASO,ES,Federal Contract Tower,0,24,88,0,112,0,1,85,0,86,0,25,173,0,198,24,0,24,222
01/10/2012,APF,FL,ASO,ES,Federal Contract Tower,0,34,82,0,116,0,0,125,0,125,0,34,207,0,241,52,0,52,293
01/11/2012,APF,FL,ASO,ES,Federal Contract Tower,0,25,75,0,100,0,0,15,0,15,0,25,90,0,115,2,0,2,117
01/12/2012,APF,FL,ASO,ES,Federal Contract Tower,0,50,90,0,140,0,2,142,0,144,0,52,232,0,284,56,0,56,340
01/13/2012,APF,FL,ASO,ES,Federal Contract Tower,0,38,105,0,143,0,0,124,0,124,0,38,229,0,267,72,0,72,339
01/14/2012,APF,FL,ASO,ES,Federal Contract Tower,0,19,47,0,66,0,0,96,0,96,0,19,143,0,162,78,0,78,240
01/15/2012,APF,FL,ASO,ES,Federal Contract Tower,0,21,63,0,84,0,0,124,0,124,0,21,187,0,208,30,0,30,238
01/16/2012,APF,FL,ASO,ES,Federal Contract Tower,0,52,91,0,143,0,0,103,0,103,0,52,194,0,246,12,0,12,258
01/17/2012,APF,FL,ASO,ES,Federal Contract Tower,0,34,78,0,112,0,2,120,0,122,0,36,198,0,234,66,0,66,300
01/18/2012,APF,FL,ASO,ES,Federal Contract Tower,0,32,63,0,95,0,2,119,2,123,0,34,182,2,218,50,0,50,268
01/19/2012,APF,FL,ASO,ES,Federal Contract Tower,0,26,111,0,137,0,3,175,1,179,0,29,286,1,316,38,0,38,354
01/20/2012,APF,FL,ASO,ES,Federal Contract Tower,0,25,71,0,96,0,1,151,0,152,0,26,222,0,248,18,0,18,266
01/21/2012,APF,FL,ASO,ES,Federal Contract Tower,0,20,68,0,88,0,1,170,0,171,0,21,238,0,259,50,0,50,309
01/22/2012,APF,FL,ASO,ES,Federal Contract Tower,0,28,71,15,114,0,1,129,1,131,0,29,200,16,245,56,0,56,301
01/23/2012,APF,FL,ASO,ES,Federal Contract Tower,0,24,90,0,114,0,0,128,0,128,0,24,218,0,242,54,0,54,296
01/24/2012,APF,FL,ASO,ES,Federal Contract Tower,0,24,88,4,116,0,1,166,0,167,0,25,254,4,283,44,0,44,327
01/25/2012,APF,FL,ASO,ES,Federal Contract Tower,0,38,115,0,153,0,0,143,0,143,0,38,258,0,296,46,0,46,342
01/26/2012,APF,FL,ASO,ES,Federal Contract Tower,0,30,113,0,143,0,0,152,0,152,0,30,265,0,295,80,0,80,375
01/27/2012,APF,FL,ASO,ES,Federal Contract Tower,0,25,63,0,88,0,0,68,0,68,0,25,131,0,156,36,0,36,192
01/28/2012,APF,FL,ASO,ES,Federal Contract Tower,0,32,66,0,98,0,0,129,0,129,0,32,195,0,227,82,0,82,309
01/29/2012,APF,FL,ASO,ES,Federal Contract Tower,0,43,123,2,168,0,0,74,0,74,0,43,197,2,242,50,0,50,292
01/30/2012,APF,FL,ASO,ES,Federal Contract Tower,0,29,63,0,92,0,0,133,0,133,0,29,196,0,225,64,0,64,289
01/31/2012,APF,FL,ASO,ES,Federal Contract Tower,0,25,86,0,111,0,0,132,0,132,0,25,218,0,243,108,0,108,351
02/01/2012,APF,FL,ASO,ES,Federal Contract Tower,0,24,103,0,127,0,0,136,0,136,0,24,239,0,263,96,0,96,359
02/02/2012,APF,FL,ASO,ES,Federal Contract Tower,0,34,105,0,139,0,0,121,0,121,0,34,226,0,260,54,0,54,314
02/03/2012,APF,FL,ASO,ES,Federal Contract Tower,0,47,112,0,159,0,1,137,0,138,0,48,249,0,297,24,0,24,321
02/04/2012,APF,FL,ASO,ES,Federal Contract Tower,0,27,58,0,85,0,0,147,0,147,0,27,205,0,232,48,0,48,280
02/05/2012,APF,FL,ASO,ES,Federal Contract Tower,0,30,90,0,120,0,0,33,0,33,0,30,123,0,153,12,0,12,165
02/06/2012,APF,FL,ASO,ES,Federal Contract Tower,0,24,111,0,135,0,1,59,0,60,0,25,170,0,195,20,0,20,215
02/07/2012,APF,FL,ASO,ES,Federal Contract Tower,0,21,77,0,98,0,0,85,0,85,0,21,162,0,183,20,0,20,203
02/08/2012,APF,FL,ASO,ES,Federal Contract Tower,0,43,96,0,139,0,1,63,0,64,0,44,159,0,203,34,0,34,237
02/09/2012,APF,FL,ASO,ES,Federal Contract Tower,0,35,84,0,119,0,0,105,0,105,0,35,189,0,224,42,0,42,266
02/10/2012,APF,FL,ASO,ES,Federal Contract Tower,0,34,110,0,144,0,0,96,0,96,0,34,206,0,240,36,0,36,276
02/11/2012,APF,FL,ASO,ES,Federal Contract Tower,0,23,52,0,75,0,0,61,0,61,0,23,113,0,136,34,0,34,170
02/12/2012,APF,FL,ASO,ES,Federal Contract Tower,0,41,84,0,125,0,0,86,0,86,0,41,170,0,211,10,0,10,221
02/13/2012,APF,FL,ASO,ES,Federal Contract Tower,0,31,81,0,112,0,0,147,0,147,0,31,228,0,259,42,0,42,301
02/14/2012,APF,FL,ASO,ES,Federal Contract Tower,0,43,84,0,127,0,2,185,0,187,0,45,269,0,314,79,0,79,393
02/15/2012,APF,FL,ASO,ES,Federal Contract Tower,0,40,104,0,144,0,0,204,0,204,0,40,308,0,348,58,0,58,406
02/16/2012,APF,FL,ASO,ES,Federal Contract Tower,0,52,118,0,170,0,4,141,0,145,0,56,259,0,315,40,0,40,355
02/17/2012,APF,FL,ASO,ES,Federal Contract Tower,0,50,124,0,174,0,2,121,0,123,0,52,245,0,297,18,0,18,315
02/18/2012,APF,FL,ASO,ES,Federal Contract Tower,0,45,86,0,131,0,1,99,0,100,0,46,185,0,231,44,0,44,275
02/19/2012,APF,FL,ASO,ES,Federal Contract Tower,0,39,93,0,132,0,1,65,0,66,0,40,158,0,198,0,0,0,198
02/20/2012,APF,FL,ASO,ES,Federal Contract Tower,0,53,119,0,172,0,1,149,18,168,0,54,268,18,340,42,0,42,382
02/21/2012,APF,FL,ASO,ES,Federal Contract Tower,0,36,109,0,145,0,0,170,0,170,0,36,279,0,315,92,0,92,407
02/22/2012,APF,FL,ASO,ES,Federal Contract Tower,0,32,85,1,118,0,0,150,1,151,0,32,235,2,269,106,0,106,375
02/23/2012,APF,FL,ASO,ES,Federal Contract Tower,0,42,98,0,140,0,1,170,0,171,0,43,268,0,311,76,0,76,387
02/24/2012,APF,FL,ASO,ES,Federal Contract Tower,0,32,91,0,123,0,1,158,0,159,0,33,249,0,282,48,0,48,330
02/25/2012,APF,FL,ASO,ES,Federal Contract Tower,0,35,91,1,127,0,0,73,0,73,0,35,164,1,200,60,0,60,260
02/26/2012,APF,FL,ASO,ES,Federal Contract Tower,0,57,115,0,172,0,0,65,0,65,0,57,180,0,237,18,0,18,255
02/27/2012,APF,FL,ASO,ES,Federal Contract Tower,0,24,91,0,115,0,3,107,0,110,0,27,198,0,225,90,0,90,315
02/28/2012,APF,FL,ASO,ES,Federal Contract Tower,0,29,94,0,123,0,2,121,0,123,0,31,215,0,246,158,0,158,404
02/29/2012,APF,FL,ASO,ES,Federal Contract Tower,0,36,99,0,135,0,0,165,0,165,0,36,264,0,300,170,0,170,470
03/01/2012,APF,FL,ASO,ES,Federal Contract Tower,0,41,84,0,125,0,3,175,0,178,0,44,259,0,303,156,0,156,459
03/02/2012,APF,FL,ASO,ES,Federal Contract Tower,0,33,99,5,137,0,0,153,0,153,0,33,252,5,290,80,0,80,370
03/03/2012,APF,FL,ASO,ES,Federal Contract Tower,0,27,80,0,107,0,0,120,0,120,0,27,200,0,227,54,0,54,281
03/04/2012,APF,FL,ASO,ES,Federal Contract Tower,0,53,91,1,145,0,0,29,0,29,0,53,120,1,174,0,0,0,174
03/05/2012,APF,FL,ASO,ES,Federal Contract Tower,0,38,70,0,108,0,0,128,0,128,0,38,198,0,236,74,0,74,310
03/06/2012,APF,FL,ASO,ES,Federal Contract Tower,0,29,93,0,122,0,1,153,0,154,0,30,246,0,276,58,0,58,334
03/07/2012,APF,FL,ASO,ES,Federal Contract Tower,0,38,89,0,127,0,0,113,0,113,0,38,202,0,240,58,0,58,298
03/08/2012,APF,FL,ASO,ES,Federal Contract Tower,0,30,104,0,134,0,0,145,0,145,0,30,249,0,279,96,0,96,375
03/09/2012,APF,FL,ASO,ES,Federal Contract Tower,0,44,149,0,193,0,1,112,0,113,0,45,261,0,306,72,0,72,378
03/10/2012,APF,FL,ASO,ES,Federal Contract Tower,0,31,81,0,112,0,0,145,0,145,0,31,226,0,257,20,0,20,277
03/11/2012,APF,FL,ASO,ES,Federal Contract Tower,0,40,109,0,149,0,0,70,0,70,0,40,179,0,219,16,0,16,235
03/12/2012,APF,FL,ASO,ES,Federal Contract Tower,0,34,99,0,133,0,0,109,0,109,0,34,208,0,242,108,0,108,350
03/13/2012,APF,FL,ASO,ES,Federal Contract Tower,0,32,94,0,126,0,0,157,0,157,0,32,251,0,283,36,0,36,319
03/14/2012,APF,FL,ASO,ES,Federal Contract Tower,0,43,132,0,175,0,1,185,0,186,0,44,317,0,361,106,0,106,467
03/15/2012,APF,FL,ASO,ES,Federal Contract Tower,0,49,112,0,161,0,0,122,0,122,0,49,234,0,283,40,0,40,323
03/16/2012,APF,FL,ASO,ES,Federal Contract Tower,0,44,109,1,154,0,0,93,0,93,0,44,202,1,247,24,2,26,273
03/17/2012,APF,FL,ASO,ES,Federal Contract Tower,0,34,105,0,139,0,2,155,0,157,0,36,260,0,296,58,0,58,354
03/18/2012,APF,FL,ASO,ES,Federal Contract Tower,0,45,113,1,159,0,0,143,0,143,0,45,256,1,302,8,0,8,310
03/19/2012,APF,FL,ASO,ES,Federal Contract Tower,0,36,81,4,121,0,0,128,0,128,0,36,209,4,249,28,0,28,277
03/20/2012,APF,FL,ASO,ES,Federal Contract Tower,0,38,81,0,119,0,1,138,0,139,0,39,219,0,258,50,0,50,308
03/21/2012,APF,FL,ASO,ES,Federal Contract Tower,0,35,73,1,109,0,1,136,1,138,0,36,209,2,247,50,0,50,297
03/22/2012,APF,FL,ASO,ES,Federal Contract Tower,0,37,125,0,162,0,0,144,0,144,0,37,269,0,306,68,0,68,374
03/23/2012,APF,FL,ASO,ES,Federal Contract Tower,0,44,129,0,173,0,2,141,0,143,0,46,270,0,316,40,0,40,356
03/24/2012,APF,FL,ASO,ES,Federal Contract Tower,0,30,100,0,130,0,0,147,6,153,0,30,247,6,283,54,0,54,337
03/25/2012,APF,FL,ASO,ES,Federal Contract Tower,0,55,133,0,188,0,0,80,0,80,0,55,213,0,268,22,0,22,290
03/26/2012,APF,FL,ASO,ES,Federal Contract Tower,0,29,83,0,112,0,0,151,0,151,0,29,234,0,263,48,0,48,311
03/27/2012,APF,FL,ASO,ES,Federal Contract Tower,0,32,105,2,139,0,0,187,2,189,0,32,292,4,328,88,0,88,416
03/28/2012,APF,FL,ASO,ES,Federal Contract Tower,0,30,80,0,110,0,0,166,0,166,0,30,246,0,276,84,0,84,360
03/29/2012,APF,FL,ASO,ES,Federal Contract Tower,0,43,104,0,147,0,3,165,0,168,0,46,269,0,315,102,0,102,417
03/30/2012,APF,FL,ASO,ES,Federal Contract Tower,0,49,117,0,166,0,1,178,0,179,0,50,295,0,345,30,0,30,375
03/31/2012,APF,FL,ASO,ES,Federal Contract Tower,0,39,73,0,112,0,1,135,0,136,0,40,208,0,248,72,0,72,320
04/01/2012,APF,FL,ASO,ES,Federal Contract Tower,0,63,117,0,180,0,0,168,0,168,0,63,285,0,348,32,0,32,380
04/02/2012,APF,FL,ASO,ES,Federal Contract Tower,0,40,91,0,131,0,2,170,0,172,0,42,261,0,303,62,0,62,365
04/03/2012,APF,FL,ASO,ES,Federal Contract Tower,0,42,75,0,117,0,1,154,0,155,0,43,229,0,272,92,0,92,364
04/04/2012,APF,FL,ASO,ES,Federal Contract Tower,0,65,107,0,172,0,0,148,0,148,0,65,255,0,320,112,0,112,432
04/05/2012,APF,FL,ASO,ES,Federal Contract Tower,0,69,122,0,191,0,3,131,0,134,0,72,253,0,325,58,0,58,383
04/06/2012,APF,FL,ASO,ES,Federal Contract Tower,0,43,98,0,141,0,0,61,0,61,0,43,159,0,202,0,0,0,202
04/07/2012,APF,FL,ASO,ES,Federal Contract Tower,0,38,81,0,119,0,0,130,0,130,0,38,211,0,249,52,0,52,301
04/08/2012,APF,FL,ASO,ES,Federal Contract Tower,0,40,78,2,120,0,0,86,0,86,0,40,164,2,206,8,0,8,214
04/09/2012,APF,FL,ASO,ES,Federal Contract Tower,0,63,118,0,181,0,0,122,0,122,0,63,240,0,303,58,0,58,361
04/10/2012,APF,FL,ASO,ES,Federal Contract Tower,0,44,71,0,115,0,0,153,2,155,0,44,224,2,270,132,0,132,402
04/11/2012,APF,FL,ASO,ES,Federal Contract Tower,0,34,67,0,101,0,2,128,0,130,0,36,195,0,231,58,0,58,289
04/12/2012,APF,FL,ASO,ES,Federal Contract Tower,0,42,101,0,143,0,0,145,0,145,0,42,246,0,288,52,0,52,340
04/13/2012,APF,FL,ASO,ES,Federal Contract Tower,0,25,69,0,94,0,1,114,0,115,0,26,183,0,209,82,0,82,291
04/14/2012,APF,FL,ASO,ES,Federal Contract Tower,0,39,83,0,122,0,0,71,0,71,0,39,154,0,193,20,0,20,213
04/15/2012,APF,FL,ASO,ES,Federal Contract Tower,0,57,106,0,163,0,0,105,0,105,0,57,211,0,268,26,0,26,294
04/16/2012,APF,FL,ASO,ES,Federal Contract Tower,0,22,85,0,107,0,1,90,0,91,0,23,175,0,198,74,0,74,272
04/17/2012,APF,FL,ASO,ES,Federal Contract Tower,0,21,61,0,82,0,0,142,0,142,0,21,203,0,224,110,0,110,334
04/18/2012,APF,FL,ASO,ES,Federal Contract Tower,0,28,77,2,107,0,0,122,0,122,0,28,199,2,229,54,0,54,283
04/19/2012,APF,FL,ASO,ES,Federal Contract Tower,0,24,86,0,110,0,0,103,0,103,0,24,189,0,213,50,0,50,263
04/20/2012,APF,FL,ASO,ES,Federal Contract Tower,0,28,78,0,106,0,0,131,0,131,0,28,209,0,237,60,0,60,297
04/21/2012,APF,FL,ASO,ES,Federal Contract Tower,0,25,33,0,58,0,0,25,0,25,0,25,58,0,83,26,0,26,109
04/22/2012,APF,FL,ASO,ES,Federal Contract Tower,0,35,59,0,94,0,1,27,0,28,0,36,86,0,122,8,0,8,130
04/23/2012,APF,FL,ASO,ES,Federal Contract Tower,0,23,53,0,76,0,0,101,0,101,0,23,154,0,177,76,0,76,253
04/24/2012,APF,FL,ASO,ES,Federal Contract Tower,0,26,76,4,106,0,0,115,0,115,0,26,191,4,221,92,0,92,313
04/25/2012,APF,FL,ASO,ES,Federal Contract Tower,0,41,87,1,129,0,0,128,1,129,0,41,215,2,258,48,0,48,306
04/26/2012,APF,FL,ASO,ES,Federal Contract Tower,0,29,91,0,120,0,0,153,0,153,0,29,244,0,273,106,0,106,379
04/27/2012,APF,FL,ASO,ES,Federal Contract Tower,0,14,85,2,101,0,0,169,0,169,0,14,254,2,270,46,0,46,316
04/28/2012,APF,FL,ASO,ES,Federal Contract Tower,0,22,49,0,71,0,0,91,0,91,0,22,140,0,162,60,0,60,222
04/29/2012,APF,FL,ASO,ES,Federal Contract Tower,0,31,71,0,102,0,0,16,0,16,0,31,87,0,118,4,0,4,122
04/30/2012,APF,FL,ASO,ES,Federal Contract Tower,0,22,89,0,111,0,0,34,0,34,0,22,123,0,145,52,0,52,197
05/01/2012,APF,FL,ASO,ES,Federal Contract Tower,0,26,59,0,85,0,1,100,0,101,0,27,159,0,186,66,0,66,252
05/02/2012,APF,FL,ASO,ES,Federal Contract Tower,0,26,81,0,107,0,1,80,0,81,0,27,161,0,188,44,0,44,232
05/03/2012,APF,FL,ASO,ES,Federal Contract Tower,0,24,74,0,98,0,0,152,0,152,0,24,226,0,250,104,0,104,354
05/04/2012,APF,FL,ASO,ES,Federal Contract Tower,0,18,68,3,89,0,0,137,0,137,0,18,205,3,226,94,0,94,320
05/05/2012,APF,FL,ASO,ES,Federal Contract Tower,0,10,47,0,57,0,0,173,0,173,0,10,220,0,230,66,0,66,296
05/06/2012,APF,FL,ASO,ES,Federal Contract Tower,0,26,68,1,95,0,0,93,0,93,0,26,161,1,188,34,0,34,222
05/07/2012,APF,FL,ASO,ES,Federal Contract Tower,0,16,72,0,88,0,1,102,4,107,0,17,174,4,195,64,0,64,259
05/08/2012,APF,FL,ASO,ES,Federal Contract Tower,0,25,92,4,121,0,1,104,4,109,0,26,196,8,230,70,6,76,306
05/09/2012,APF,FL,ASO,ES,Federal Contract Tower,0,36,77,2,115,0,0,108,0,108,0,36,185,2,223,50,0,50,273
05/10/2012,APF,FL,ASO,ES,Federal Contract Tower,0,26,81,0,107,0,0,85,0,85,0,26,166,0,192,102,0,102,294
05/11/2012,APF,FL,ASO,ES,Federal Contract Tower,0,24,61,0,85,0,1,106,0,107,0,25,167,0,192,36,0,36,228
05/12/2012,APF,FL,ASO,ES,Federal Contract Tower,0,26,39,0,65,0,0,89,0,89,0,26,128,0,154,10,0,10,164
05/13/2012,APF,FL,ASO,ES,Federal Contract Tower,0,22,49,0,71,0,0,63,0,63,0,22,112,0,134,0,0,0,134
05/14/2012,APF,FL,ASO,ES,Federal Contract Tower,0,24,65,0,89,0,0,93,0,93,0,24,158,0,182,30,0,30,212
05/15/2012,APF,FL,ASO,ES,Federal Contract Tower,0,28,74,0,102,0,0,108,0,108,0,28,182,0,210,46,0,46,256
05/16/2012,APF,FL,ASO,ES,Federal Contract Tower,0,24,66,0,90,0,0,53,0,53,0,24,119,0,143,34,0,34,177
05/17/2012,APF,FL,ASO,ES,Federal Contract Tower,0,10,76,0,86,0,0,97,0,97,0,10,173,0,183,52,0,52,235
05/18/2012,APF,FL,ASO,ES,Federal Contract Tower,0,19,62,0,81,0,0,108,0,108,0,19,170,0,189,30,0,30,219
05/19/2012,APF,FL,ASO,ES,Federal Contract Tower,0,18,41,0,59,0,0,112,0,112,0,18,153,0,171,26,0,26,197
05/20/2012,APF,FL,ASO,ES,Federal Contract Tower,0,13,42,0,55,0,0,83,0,83,0,13,125,0,138,12,0,12,150
05/21/2012,APF,FL,ASO,ES,Federal Contract Tower,0,14,54,0,68,0,0,128,0,128,0,14,182,0,196,44,0,44,240
05/22/2012,APF,FL,ASO,ES,Federal Contract Tower,0,17,58,0,75,0,0,103,0,103,0,17,161,0,178,42,0,42,220
05/23/2012,APF,FL,ASO,ES,Federal Contract Tower,0,19,47,0,66,0,0,88,0,88,0,19,135,0,154,62,0,62,216
05/24/2012,APF,FL,ASO,ES,Federal Contract Tower,0,12,87,0,99,0,0,116,0,116,0,12,203,0,215,28,0,28,243
05/25/2012,APF,FL,ASO,ES,Federal Contract Tower,0,30,60,0,90,0,1,123,0,124,0,31,183,0,214,78,0,78,292
05/26/2012,APF,FL,ASO,ES,Federal Contract Tower,0,12,46,0,58,0,0,127,0,127,0,12,173,0,185,66,0,66,251
05/27/2012,APF,FL,ASO,ES,Federal Contract Tower,0,8,33,0,41,0,0,69,0,69,0,8,102,0,110,16,0,16,126
05/28/2012,APF,FL,ASO,ES,Federal Contract Tower,0,23,43,0,66,0,0,97,0,97,0,23,140,0,163,120,0,120,283
05/29/2012,APF,FL,ASO,ES,Federal Contract Tower,0,21,60,0,81,0,2,111,0,113,0,23,171,0,194,50,0,50,244
05/30/2012,APF,FL,ASO,ES,Federal Contract Tower,0,16,44,0,60,0,1,102,0,103,0,17,146,0,163,30,0,30,193
05/31/2012,APF,FL,ASO,ES,Federal Contract Tower,0,19,47,2,68,0,0,77,0,77,0,19,124,2,145,96,0,96,241
06/01/2012,APF,FL,ASO,ES,Federal Contract Tower,0,28,20,0,48,0,1,66,0,67,0,29,86,0,115,94,0,94,209
06/02/2012,APF,FL,ASO,ES,Federal Contract Tower,0,16,44,0,60,0,3,98,0,101,0,19,142,0,161,30,0,30,191
06/03/2012,APF,FL,ASO,ES,Federal Contract Tower,0,10,44,0,54,0,0,86,0,86,0,10,130,0,140,20,0,20,160
06/04/2012,APF,FL,ASO,ES,Federal Contract Tower,0,17,35,0,52,0,0,106,0,106,0,17,141,0,158,54,0,54,212
06/05/2012,APF,FL,ASO,ES,Federal Contract Tower,0,8,50,4,62,0,0,69,0,69,0,8,119,4,131,78,0,78,209
06/06/2012,APF,FL,ASO,ES,Federal Contract Tower,0,6,60,0,66,0,0,70,0,70,0,6,130,0,136,46,0,46,182
06/07/2012,APF,FL,ASO,ES,Federal Contract Tower,0,9,65,0,74,0,0,64,0,64,0,9,129,0,138,50,0,50,188
06/08/2012,APF,FL,ASO,ES,Federal Contract Tower,0,20,42,0,62,0,0,65,0,65,0,20,107,0,127,34,0,34,161
06/09/2012,APF,FL,ASO,ES,Federal Contract Tower,0,6,24,0,30,0,0,136,0,136,0,6,160,0,166,10,0,10,176
06/10/2012,APF,FL,ASO,ES,Federal Contract Tower,0,9,26,0,35,0,0,36,0,36,0,9,62,0,71,10,0,10,81
06/11/2012,APF,FL,ASO,ES,Federal Contract Tower,0,17,44,0,61,0,0,110,0,110,0,17,154,0,171,66,0,66,237
06/12/2012,APF,FL,ASO,ES,Federal Contract Tower,0,9,34,0,43,0,4,114,0,118,0,13,148,0,161,46,0,46,207
06/13/2012,APF,FL,ASO,ES,Federal Contract Tower,0,11,34,0,45,0,0,113,0,113,0,11,147,0,158,56,0,56,214
06/14/2012,APF,FL,ASO,ES,Federal Contract Tower,0,24,38,0,62,0,0,107,0,107,0,24,145,0,169,32,0,32,201
06/15/2012,APF,FL,ASO,ES,Federal Contract Tower,0,8,44,0,52,0,1,78,0,79,0,9,122,0,131,44,0,44,175
06/16/2012,APF,FL,ASO,ES,Federal Contract Tower,0,5,23,0,28,0,0,81,0,81,0,5,104,0,109,24,0,24,133
06/17/2012,APF,FL,ASO,ES,Federal Contract Tower,0,16,34,0,50,0,0,65,0,65,0,16,99,0,115,22,0,22,137
06/18/2012,APF,FL,ASO,ES,Federal Contract Tower,0,12,45,2,59,0,0,80,0,80,0,12,125,2,139,40,0,40,179
06/19/2012,APF,FL,ASO,ES,Federal Contract Tower,0,12,42,0,54,0,0,50,0,50,0,12,92,0,104,78,0,78,182
06/20/2012,APF,FL,ASO,ES,Federal Contract Tower,0,15,54,1,70,0,0,7,0,7,0,15,61,1,77,12,0,12,89
06/21/2012,APF,FL,ASO,ES,Federal Contract Tower,0,20,50,0,70,0,0,50,0,50,0,20,100,0,120,54,0,54,174
06/22/2012,APF,FL,ASO,ES,Federal Contract Tower,0,8,41,0,49,0,0,39,0,39,0,8,80,0,88,82,0,82,170
06/23/2012,APF,FL,ASO,ES,Federal Contract Tower,0,14,22,0,36,0,0,20,0,20,0,14,42,0,56,34,0,34,90
06/24/2012,APF,FL,ASO,ES,Federal Contract Tower,0,6,16,0,22,0,0,1,0,1,0,6,17,0,23,0,0,0,23
06/25/2012,APF,FL,ASO,ES,Federal Contract Tower,0,8,18,0,26,0,0,13,0,13,0,8,31,0,39,0,0,0,39
06/26/2012,APF,FL,ASO,ES,Federal Contract Tower,0,5,32,0,37,0,0,11,0,11,0,5,43,0,48,0,0,0,48
06/27/2012,APF,FL,ASO,ES,Federal Contract Tower,0,11,52,0,63,0,0,59,0,59,0,11,111,0,122,68,0,68,190
06/28/2012,APF,FL,ASO,ES,Federal Contract Tower,0,9,46,0,55,0,0,125,0,125,0,9,171,0,180,32,0,32,212
06/29/2012,APF,FL,ASO,ES,Federal Contract Tower,0,11,53,0,64,0,0,130,0,130,0,11,183,0,194,34,0,34,228
06/30/2012,APF,FL,ASO,ES,Federal Contract Tower,0,17,25,0,42,0,0,130,0,130,0,17,155,0,172,50,0,50,222
07/01/2012,APF,FL,ASO,ES,Federal Contract Tower,0,10,29,0,39,0,0,75,0,75,0,10,104,0,114,16,0,16,130
07/02/2012,APF,FL,ASO,ES,Federal Contract Tower,0,9,39,0,48,0,1,82,0,83,0,10,121,0,131,80,0,80,211
07/03/2012,APF,FL,ASO,ES,Federal Contract Tower,0,9,48,0,57,0,0,105,0,105,0,9,153,0,162,152,0,152,314
07/04/2012,APF,FL,ASO,ES,Federal Contract Tower,0,1,16,0,17,0,0,52,4,56,0,1,68,4,73,46,0,46,119
07/05/2012,APF,FL,ASO,ES,Federal Contract Tower,0,6,44,0,50,0,0,67,0,67,0,6,111,0,117,40,0,40,157
07/06/2012,APF,FL,ASO,ES,Federal Contract Tower,0,6,42,0,48,0,1,95,0,96,0,7,137,0,144,88,0,88,232
07/07/2012,APF,FL,ASO,ES,Federal Contract Tower,0,9,33,0,42,0,0,78,0,78,0,9,111,0,120,58,0,58,178
07/08/2012,APF,FL,ASO,ES,Federal Contract Tower,0,12,39,0,51,0,0,56,0,56,0,12,95,0,107,4,0,4,111
07/09/2012,APF,FL,ASO,ES,Federal Contract Tower,0,10,30,0,40,0,0,65,0,65,0,10,95,0,105,66,0,66,171
07/10/2012,APF,FL,ASO,ES,Federal Contract Tower,0,8,40,8,56,0,0,52,0,52,0,8,92,8,108,74,0,74,182
07/11/2012,APF,FL,ASO,ES,Federal Contract Tower,0,7,33,0,40,0,2,57,0,59,0,9,90,0,99,76,0,76,175
07/12/2012,APF,FL,ASO,ES,Federal Contract Tower,0,8,52,0,60,0,0,72,0,72,0,8,124,0,132,90,0,90,222
07/13/2012,APF,FL,ASO,ES,Federal Contract Tower,0,6,36,0,42,0,0,61,0,61,0,6,97,0,103,20,0,20,123
07/14/2012,APF,FL,ASO,ES,Federal Contract Tower,0,8,34,0,42,0,0,90,0,90,0,8,124,0,132,36,0,36,168
07/15/2012,APF,FL,ASO,ES,Federal Contract Tower,0,13,30,0,43,0,0,66,0,66,0,13,96,0,109,34,0,34,143
07/16/2012,APF,FL,ASO,ES,Federal Contract Tower,0,4,38,0,42,0,0,97,0,97,0,4,135,0,139,166,0,166,305
07/17/2012,APF,FL,ASO,ES,Federal Contract Tower,0,12,53,4,69,0,0,75,0,75,0,12,128,4,144,86,0,86,230
07/18/2012,APF,FL,ASO,ES,Federal Contract Tower,0,10,57,2,69,0,0,109,1,110,0,10,166,3,179,52,0,52,231
07/19/2012,APF,FL,ASO,ES,Federal Contract Tower,0,9,43,0,52,0,1,111,0,112,0,10,154,0,164,104,0,104,268
07/20/2012,APF,FL,ASO,ES,Federal Contract Tower,0,9,26,0,35,0,0,45,0,45,0,9,71,0,80,8,0,8,88
07/21/2012,APF,FL,ASO,ES,Federal Contract Tower,0,6,22,0,28,0,0,92,0,92,0,6,114,0,120,66,0,66,186
07/22/2012,APF,FL,ASO,ES,Federal Contract Tower,0,6,24,0,30,0,0,36,0,36,0,6,60,0,66,18,0,18,84
07/23/2012,APF,FL,ASO,ES,Federal Contract Tower,0,14,39,0,53,0,0,76,0,76,0,14,115,0,129,54,0,54,183
07/24/2012,APF,FL,ASO,ES,Federal Contract Tower,0,6,34,0,40,0,0,123,0,123,0,6,157,0,163,68,0,68,231
07/25/2012,APF,FL,ASO,ES,Federal Contract Tower,0,13,33,0,46,0,0,87,0,87,0,13,120,0,133,44,0,44,177
07/26/2012,APF,FL,ASO,ES,Federal Contract Tower,0,4,34,0,38,0,0,146,0,146,0,4,180,0,184,42,0,42,226
07/27/2012,APF,FL,ASO,ES,Federal Contract Tower,0,10,48,0,58,0,0,86,0,86,0,10,134,0,144,44,0,44,188
07/28/2012,APF,FL,ASO,ES,Federal Contract Tower,0,7,32,0,39,0,1,98,0,99,0,8,130,0,138,88,0,88,226
07/29/2012,APF,FL,ASO,ES,Federal Contract Tower,0,10,45,0,55,0,0,79,0,79,0,10,124,0,134,26,0,26,160
07/30/2012,APF,FL,ASO,ES,Federal Contract Tower,0,14,34,0,48,0,0,81,0,81,0,14,115,0,129,60,0,60,189
07/31/2012,APF,FL,ASO,ES,Federal Contract Tower,0,3,40,0,43,0,0,116,0,116,0,3,156,0,159,144,0,144,303
08/01/2012,APF,FL,ASO,ES,Federal Contract Tower,0,5,37,0,42,0,0,82,0,82,0,5,119,0,124,76,0,76,200
08/02/2012,APF,FL,ASO,ES,Federal Contract Tower,0,2,35,0,37,0,0,98,0,98,0,2,133,0,135,48,0,48,183
08/03/2012,APF,FL,ASO,ES,Federal Contract Tower,0,7,32,0,39,0,0,100,0,100,0,7,132,0,139,38,0,38,177
08/04/2012,APF,FL,ASO,ES,Federal Contract Tower,0,8,32,0,40,0,1,73,0,74,0,9,105,0,114,58,0,58,172
08/05/2012,APF,FL,ASO,ES,Federal Contract Tower,0,6,27,2,35,0,0,48,0,48,0,6,75,2,83,16,0,16,99
08/06/2012,APF,FL,ASO,ES,Federal Contract Tower,0,4,31,0,35,0,0,59,0,59,0,4,90,0,94,8,0,8,102
08/07/2012,APF,FL,ASO,ES,Federal Contract Tower,0,13,39,0,52,95,0,0,0,95,95,13,39,0,147,70,0,70,217
08/08/2012,APF,FL,ASO,ES,Federal Contract Tower,0,9,32,0,41,0,0,103,0,103,0,9,135,0,144,46,0,46,190
08/09/2012,APF,FL,ASO,ES,Federal Contract Tower,0,6,49,0,55,0,1,88,0,89,0,7,137,0,144,30,0,30,174
08/10/2012,APF,FL,ASO,ES,Federal Contract Tower,0,17,58,4,79,0,1,71,2,74,0,18,129,6,153,26,0,26,179
08/11/2012,APF,FL,ASO,ES,Federal Contract Tower,0,8,33,0,41,0,0,36,0,36,0,8,69,0,77,2,0,2,79
08/12/2012,APF,FL,ASO,ES,Federal Contract Tower,0,9,34,0,43,0,0,41,0,41,0,9,75,0,84,2,0,2,86
08/13/2012,APF,FL,ASO,ES,Federal Contract Tower,0,9,46,0,55,0,2,99,0,101,0,11,145,0,156,90,0,90,246
08/14/2012,APF,FL,ASO,ES,Federal Contract Tower,0,7,44,0,51,0,2,107,0,109,0,9,151,0,160,72,0,72,232
08/15/2012,APF,FL,ASO,ES,Federal Contract Tower,0,10,39,0,49,0,0,98,0,98,0,10,137,0,147,58,0,58,205
08/16/2012,APF,FL,ASO,ES,Federal Contract Tower,0,12,45,0,57,0,0,73,0,73,0,12,118,0,130,68,0,68,198
08/17/2012,APF,FL,ASO,ES,Federal Contract Tower,0,5,37,0,42,0,0,67,0,67,0,5,104,0,109,48,0,48,157
08/18/2012,APF,FL,ASO,ES,Federal Contract Tower,0,7,30,0,37,0,0,83,0,83,0,7,113,0,120,34,0,34,154
08/19/2012,APF,FL,ASO,ES,Federal Contract Tower,0,5,34,0,39,0,0,52,0,52,0,5,86,0,91,8,0,8,99
08/20/2012,APF,FL,ASO,ES,Federal Contract Tower,0,9,39,0,48,0,0,112,0,112,0,9,151,0,160,58,0,58,218
08/21/2012,APF,FL,ASO,ES,Federal Contract Tower,0,12,29,0,41,0,0,82,0,82,0,12,111,0,123,96,0,96,219
08/22/2012,APF,FL,ASO,ES,Federal Contract Tower,0,2,42,0,44,0,0,96,0,96,0,2,138,0,140,66,0,66,206
08/23/2012,APF,FL,ASO,ES,Federal Contract Tower,0,12,52,0,64,0,0,114,0,114,0,12,166,0,178,34,0,34,212
08/24/2012,APF,FL,ASO,ES,Federal Contract Tower,0,8,42,0,50,0,0,85,0,85,0,8,127,0,135,30,0,30,165
08/25/2012,APF,FL,ASO,ES,Federal Contract Tower,0,20,43,0,63,0,0,27,0,27,0,20,70,0,90,28,0,28,118
08/26/2012,APF,FL,ASO,ES,Federal Contract Tower,0,3,10,0,13,0,0,3,0,3,0,3,13,0,16,0,0,0,16
08/27/2012,APF,FL,ASO,ES,Federal Contract Tower,0,2,7,0,9,0,0,2,0,2,0,2,9,0,11,0,0,0,11
08/28/2012,APF,FL,ASO,ES,Federal Contract Tower,0,6,32,0,38,0,1,30,0,31,0,7,62,0,69,4,0,4,73
08/29/2012,APF,FL,ASO,ES,Federal Contract Tower,0,6,38,0,44,0,1,84,0,85,0,7,122,0,129,64,0,64,193
08/30/2012,APF,FL,ASO,ES,Federal Contract Tower,0,5,45,4,54,0,1,78,0,79,0,6,123,4,133,18,0,18,151
08/31/2012,APF,FL,ASO,ES,Federal Contract Tower,0,10,52,0,62,0,3,116,0,119,0,13,168,0,181,30,0,30,211
09/01/2012,APF,FL,ASO,ES,Federal Contract Tower,0,5,27,0,32,0,0,116,0,116,0,5,143,0,148,62,0,62,210
09/02/2012,APF,FL,ASO,ES,Federal Contract Tower,0,2,17,0,19,0,0,65,0,65,0,2,82,0,84,4,0,4,88
09/03/2012,APF,FL,ASO,ES,Federal Contract Tower,0,13,34,0,47,0,0,84,0,84,0,13,118,0,131,24,0,24,155
09/04/2012,APF,FL,ASO,ES,Federal Contract Tower,0,13,43,0,56,0,0,84,0,84,0,13,127,0,140,54,0,54,194
09/05/2012,APF,FL,ASO,ES,Federal Contract Tower,0,8,30,0,38,0,0,70,0,70,0,8,100,0,108,40,0,40,148
09/06/2012,APF,FL,ASO,ES,Federal Contract Tower,0,5,31,0,36,0,0,72,0,72,0,5,103,0,108,50,0,50,158
09/07/2012,APF,FL,ASO,ES,Federal Contract Tower,0,6,27,0,33,0,0,58,0,58,0,6,85,0,91,42,0,42,133
09/08/2012,APF,FL,ASO,ES,Federal Contract Tower,0,7,37,0,44,0,1,105,0,106,0,8,142,0,150,36,0,36,186
09/09/2012,APF,FL,ASO,ES,Federal Contract Tower,0,11,14,0,25,0,0,65,0,65,0,11,79,0,90,16,0,16,106
09/10/2012,APF,FL,ASO,ES,Federal Contract Tower,0,9,36,2,47,0,0,41,0,41,0,9,77,2,88,34,0,34,122
09/11/2012,APF,FL,ASO,ES,Federal Contract Tower,0,4,22,0,26,0,0,73,0,73,0,4,95,0,99,54,0,54,153
09/12/2012,APF,FL,ASO,ES,Federal Contract Tower,0,8,35,0,43,0,0,76,0,76,0,8,111,0,119,36,0,36,155
09/13/2012,APF,FL,ASO,ES,Federal Contract Tower,0,8,36,0,44,0,0,67,0,67,0,8,103,0,111,6,0,6,117
09/14/2012,APF,FL,ASO,ES,Federal Contract Tower,0,8,51,0,59,0,0,98,0,98,0,8,149,0,157,30,0,30,187
09/15/2012,APF,FL,ASO,ES,Federal Contract Tower,0,11,41,0,52,0,0,89,0,89,0,11,130,0,141,34,0,34,175
09/16/2012,APF,FL,ASO,ES,Federal Contract Tower,0,9,20,0,29,0,0,49,0,49,0,9,69,0,78,8,0,8,86
09/17/2012,APF,FL,ASO,ES,Federal Contract Tower,0,10,32,0,42,0,0,48,0,48,0,10,80,0,90,24,0,24,114
09/18/2012,APF,FL,ASO,ES,Federal Contract Tower,0,11,44,0,55,0,0,63,0,63,0,11,107,0,118,58,0,58,176
09/19/2012,APF,FL,ASO,ES,Federal Contract Tower,0,10,35,0,45,0,0,91,0,91,0,10,126,0,136,94,0,94,230
09/20/2012,APF,FL,ASO,ES,Federal Contract Tower,0,9,33,0,42,0,0,66,0,66,0,9,99,0,108,34,0,34,142
09/21/2012,APF,FL,ASO,ES,Federal Contract Tower,0,2,44,0,46,0,0,73,0,73,0,2,117,0,119,22,0,22,141
09/22/2012,APF,FL,ASO,ES,Federal Contract Tower,0,8,29,0,37,0,0,62,0,62,0,8,91,0,99,30,0,30,129
09/23/2012,APF,FL,ASO,ES,Federal Contract Tower,0,8,25,0,33,0,0,91,0,91,0,8,116,0,124,22,0,22,146
09/24/2012,APF,FL,ASO,ES,Federal Contract Tower,0,3,38,0,41,0,0,95,0,95,0,3,133,0,136,70,0,70,206
09/25/2012,APF,FL,ASO,ES,Federal Contract Tower,0,7,47,0,54,0,0,81,0,81,0,7,128,0,135,72,0,72,207
09/26/2012,APF,FL,ASO,ES,Federal Contract Tower,0,10,34,0,44,0,0,80,0,80,0,10,114,0,124,42,0,42,166
09/27/2012,APF,FL,ASO,ES,Federal Contract Tower,0,10,56,0,66,0,0,82,0,82,0,10,138,0,148,32,0,32,180
09/28/2012,APF,FL,ASO,ES,Federal Contract Tower,0,8,54,0,62,0,0,52,0,52,0,8,106,0,114,10,0,10,124
09/29/2012,APF,FL,ASO,ES,Federal Contract Tower,0,6,39,0,45,0,0,111,0,111,0,6,150,0,156,28,0,28,184
09/30/2012,APF,FL,ASO,ES,Federal Contract Tower,0,19,38,0,57,0,0,108,0,108,0,19,146,0,165,4,0,4,169
10/01/2012,APF,FL,ASO,ES,Federal Contract Tower,0,13,37,0,50,0,0,49,0,49,0,13,86,0,99,80,0,80,179
10/02/2012,APF,FL,ASO,ES,Federal Contract Tower,0,20,48,0,68,0,0,38,0,38,0,20,86,0,106,40,0,40,146
10/03/2012,APF,FL,ASO,ES,Federal Contract Tower,0,16,37,0,53,0,0,104,2,106,0,16,141,2,159,44,0,44,203
10/04/2012,APF,FL,ASO,ES,Federal Contract Tower,0,11,54,0,65,0,0,81,0,81,0,11,135,0,146,60,0,60,206
10/05/2012,APF,FL,ASO,ES,Federal Contract Tower,0,24,51,0,75,0,0,51,0,51,0,24,102,0,126,38,0,38,164
10/06/2012,APF,FL,ASO,ES,Federal Contract Tower,0,10,51,0,61,0,0,100,0,100,0,10,151,0,161,40,0,40,201
10/07/2012,APF,FL,ASO,ES,Federal Contract Tower,0,13,64,0,77,0,0,54,0,54,0,13,118,0,131,2,0,2,133
10/08/2012,APF,FL,ASO,ES,Federal Contract Tower,0,15,65,0,80,0,0,86,0,86,0,15,151,0,166,26,0,26,192
10/09/2012,APF,FL,ASO,ES,Federal Contract Tower,0,17,56,2,75,0,1,82,0,83,0,18,138,2,158,32,0,32,190
10/10/2012,APF,FL,ASO,ES,Federal Contract Tower,0,25,56,0,81,0,0,69,0,69,0,25,125,0,150,20,0,20,170
10/11/2012,APF,FL,ASO,ES,Federal Contract Tower,0,18,65,4,87,0,0,97,0,97,0,18,162,4,184,50,0,50,234
10/12/2012,APF,FL,ASO,ES,Federal Contract Tower,0,24,64,0,88,0,0,87,0,87,0,24,151,0,175,76,0,76,251
10/13/2012,APF,FL,ASO,ES,Federal Contract Tower,0,13,52,0,65,0,0,102,0,102,0,13,154,0,167,44,0,44,211
10/14/2012,APF,FL,ASO,ES,Federal Contract Tower,0,22,50,0,72,0,0,59,0,59,0,22,109,0,131,8,0,8,139
10/15/2012,APF,FL,ASO,ES,Federal Contract Tower,0,23,61,0,84,0,0,54,0,54,0,23,115,0,138,22,0,22,160
10/16/2012,APF,FL,ASO,ES,Federal Contract Tower,0,22,61,0,83,0,0,122,0,122,0,22,183,0,205,38,0,38,243
10/17/2012,APF,FL,ASO,ES,Federal Contract Tower,0,26,63,0,89,0,0,94,0,94,0,26,157,0,183,92,0,92,275
10/18/2012,APF,FL,ASO,ES,Federal Contract Tower,0,21,62,0,83,0,0,93,0,93,0,21,155,0,176,44,0,44,220
10/19/2012,APF,FL,ASO,ES,Federal Contract Tower,0,31,80,0,111,0,0,111,0,111,0,31,191,0,222,66,0,66,288
10/20/2012,APF,FL,ASO,ES,Federal Contract Tower,0,10,45,0,55,0,0,141,0,141,0,10,186,0,196,40,0,40,236
10/21/2012,APF,FL,ASO,ES,Federal Contract Tower,0,28,53,0,81,0,0,97,0,97,0,28,150,0,178,20,0,20,198
10/22/2012,APF,FL,ASO,ES,Federal Contract Tower,0,26,52,4,82,0,0,108,0,108,0,26,160,4,190,84,0,84,274
10/23/2012,APF,FL,ASO,ES,Federal Contract Tower,0,25,73,0,98,0,1,91,0,92,0,26,164,0,190,86,0,86,276
10/24/2012,APF,FL,ASO,ES,Federal Contract Tower,0,16,66,0,82,0,1,86,0,87,0,17,152,0,169,42,0,42,211
10/25/2012,APF,FL,ASO,ES,Federal Contract Tower,0,15,54,2,71,0,0,27,0,27,0,15,81,2,98,26,0,26,124
10/26/2012,APF,FL,ASO,ES,Federal Contract Tower,0,28,45,0,73,0,0,37,0,37,0,28,82,0,110,32,0,32,142
10/27/2012,APF,FL,ASO,ES,Federal Contract Tower,0,19,48,0,67,0,1,34,0,35,0,20,82,0,102,0,0,0,102
10/28/2012,APF,FL,ASO,ES,Federal Contract Tower,0,32,67,0,99,0,0,34,6,40,0,32,101,6,139,8,0,8,147
10/29/2012,APF,FL,ASO,ES,Federal Contract Tower,0,17,49,0,66,0,0,100,0,100,0,17,149,0,166,42,0,42,208
10/30/2012,APF,FL,ASO,ES,Federal Contract Tower,0,17,42,2,61,0,0,103,0,103,0,17,145,2,164,56,0,56,220
10/31/2012,APF,FL,ASO,ES,Federal Contract Tower,0,20,66,0,86,0,2,153,0,155,0,22,219,0,241,110,0,110,351
11/01/2012,APF,FL,ASO,ES,Federal Contract Tower,0,31,102,0,133,0,0,85,0,85,0,31,187,0,218,32,0,32,250
11/02/2012,APF,FL,ASO,ES,Federal Contract Tower,0,47,70,0,117,0,0,148,0,148,0,47,218,0,265,28,0,28,293
11/03/2012,APF,FL,ASO,ES,Federal Contract Tower,0,21,56,0,77,0,0,147,0,147,0,21,203,0,224,48,0,48,272
11/04/2012,APF,FL,ASO,ES,Federal Contract Tower,0,45,73,0,118,0,1,76,0,77,0,46,149,0,195,18,0,18,213
11/05/2012,APF,FL,ASO,ES,Federal Contract Tower,0,27,59,0,86,0,1,85,0,86,0,28,144,0,172,80,0,80,252
11/06/2012,APF,FL,ASO,ES,Federal Contract Tower,0,27,80,0,107,0,0,92,0,92,0,27,172,0,199,74,0,74,273
11/07/2012,APF,FL,ASO,ES,Federal Contract Tower,0,36,73,0,109,0,0,104,0,104,0,36,177,0,213,70,0,70,283
11/08/2012,APF,FL,ASO,ES,Federal Contract Tower,0,30,99,0,129,0,1,125,0,126,0,31,224,0,255,16,0,16,271
11/09/2012,APF,FL,ASO,ES,Federal Contract Tower,0,34,88,0,122,0,0,148,0,148,0,34,236,0,270,26,0,26,296
11/10/2012,APF,FL,ASO,ES,Federal Contract Tower,0,30,61,0,91,0,2,125,0,127,0,32,186,0,218,30,0,30,248
11/11/2012,APF,FL,ASO,ES,Federal Contract Tower,0,20,90,0,110,0,1,90,0,91,0,21,180,0,201,12,0,12,213
11/12/2012,APF,FL,ASO,ES,Federal Contract Tower,0,23,78,0,101,0,0,82,0,82,0,23,160,0,183,36,0,36,219
11/13/2012,APF,FL,ASO,ES,Federal Contract Tower,0,26,79,2,107,0,0,104,0,104,0,26,183,2,211,46,0,46,257
11/14/2012,APF,FL,ASO,ES,Federal Contract Tower,0,22,68,0,90,0,0,121,0,121,0,22,189,0,211,66,0,66,277
11/15/2012,APF,FL,ASO,ES,Federal Contract Tower,0,34,97,6,137,0,1,126,0,127,0,35,223,6,264,58,0,58,322
11/16/2012,APF,FL,ASO,ES,Federal Contract Tower,0,33,91,0,124,0,0,58,0,58,0,33,149,0,182,16,0,16,198
11/17/2012,APF,FL,ASO,ES,Federal Contract Tower,0,29,64,0,93,0,2,146,0,148,0,31,210,0,241,28,0,28,269
11/18/2012,APF,FL,ASO,ES,Federal Contract Tower,0,42,81,0,123,0,0,93,0,93,0,42,174,0,216,10,0,10,226
11/19/2012,APF,FL,ASO,ES,Federal Contract Tower,0,27,79,0,106,0,4,156,2,162,0,31,235,2,268,62,0,62,330
11/20/2012,APF,FL,ASO,ES,Federal Contract Tower,0,36,110,0,146,0,0,103,0,103,0,36,213,0,249,82,0,82,331
11/21/2012,APF,FL,ASO,ES,Federal Contract Tower,0,34,93,0,127,0,0,127,0,127,0,34,220,0,254,52,0,52,306
11/22/2012,APF,FL,ASO,ES,Federal Contract Tower,0,8,26,0,34,0,0,59,0,59,0,8,85,0,93,26,0,26,119
11/23/2012,APF,FL,ASO,ES,Federal Contract Tower,0,28,62,0,90,0,2,158,0,160,0,30,220,0,250,48,0,48,298
11/24/2012,APF,FL,ASO,ES,Federal Contract Tower,0,44,56,0,100,0,0,159,0,159,0,44,215,0,259,36,0,36,295
11/25/2012,APF,FL,ASO,ES,Federal Contract Tower,0,68,141,0,209,0,0,134,0,134,0,68,275,0,343,26,0,26,369
11/26/2012,APF,FL,ASO,ES,Federal Contract Tower,0,24,78,0,102,0,3,112,0,115,0,27,190,0,217,78,0,78,295
11/27/2012,APF,FL,ASO,ES,Federal Contract Tower,0,21,60,1,82,0,0,121,0,121,0,21,181,1,203,66,0,66,269
11/28/2012,APF,FL,ASO,ES,Federal Contract Tower,0,20,72,0,92,0,0,124,0,124,0,20,196,0,216,66,0,66,282
11/29/2012,APF,FL,ASO,ES,Federal Contract Tower,0,21,70,0,91,0,1,92,0,93,0,22,162,0,184,48,0,48,232
11/30/2012,APF,FL,ASO,ES,Federal Contract Tower,0,25,75,0,100,0,0,86,0,86,0,25,161,0,186,18,0,18,204
12/01/2012,APF,FL,ASO,ES,Federal Contract Tower,0,30,44,0,74,0,0,146,0,146,0,30,190,0,220,74,0,74,294
12/02/2012,APF,FL,ASO,ES,Federal Contract Tower,0,29,66,0,95,0,0,113,0,113,0,29,179,0,208,30,0,30,238
12/03/2012,APF,FL,ASO,ES,Federal Contract Tower,0,23,64,0,87,0,2,128,0,130,0,25,192,0,217,114,0,114,331
12/04/2012,APF,FL,ASO,ES,Federal Contract Tower,0,25,84,0,109,0,0,105,0,105,0,25,189,0,214,70,0,70,284
12/05/2012,APF,FL,ASO,ES,Federal Contract Tower,0,15,74,0,89,0,0,102,0,102,0,15,176,0,191,48,0,48,239
12/06/2012,APF,FL,ASO,ES,Federal Contract Tower,0,22,81,0,103,0,0,95,0,95,0,22,176,0,198,74,0,74,272
12/07/2012,APF,FL,ASO,ES,Federal Contract Tower,0,19,81,0,100,0,0,149,0,149,0,19,230,0,249,72,0,72,321
12/08/2012,APF,FL,ASO,ES,Federal Contract Tower,0,14,61,0,75,0,0,129,0,129,0,14,190,0,204,88,0,88,292
12/09/2012,APF,FL,ASO,ES,Federal Contract Tower,0,45,65,0,110,0,0,98,0,98,0,45,163,0,208,58,0,58,266
12/10/2012,APF,FL,ASO,ES,Federal Contract Tower,0,27,81,0,108,0,0,47,0,47,0,27,128,0,155,36,0,36,191
12/11/2012,APF,FL,ASO,ES,Federal Contract Tower,0,25,48,0,73,0,0,42,0,42,0,25,90,0,115,48,0,48,163
12/12/2012,APF,FL,ASO,ES,Federal Contract Tower,0,27,63,0,90,0,0,41,0,41,0,27,104,0,131,38,0,38,169
12/13/2012,APF,FL,ASO,ES,Federal Contract Tower,0,20,118,0,138,0,2,35,0,37,0,22,153,0,175,44,0,44,219
12/14/2012,APF,FL,ASO,ES,Federal Contract Tower,0,24,75,0,99,0,0,115,0,115,0,24,190,0,214,46,0,46,260
12/15/2012,APF,FL,ASO,ES,Federal Contract Tower,0,13,47,0,60,0,0,164,0,164,0,13,211,0,224,94,0,94,318
12/16/2012,APF,FL,ASO,ES,Federal Contract Tower,0,22,55,0,77,0,0,114,0,114,0,22,169,0,191,52,0,52,243
12/17/2012,APF,FL,ASO,ES,Federal Contract Tower,0,18,58,1,77,0,0,123,0,123,0,18,181,1,200,38,0,38,238
12/18/2012,APF,FL,ASO,ES,Federal Contract Tower,0,21,76,2,99,0,0,111,2,113,0,21,187,4,212,78,0,78,290
12/19/2012,APF,FL,ASO,ES,Federal Contract Tower,0,26,63,0,89,0,0,119,0,119,0,26,182,0,208,62,0,62,270
12/20/2012,APF,FL,ASO,ES,Federal Contract Tower,0,29,60,0,89,0,0,134,2,136,0,29,194,2,225,46,0,46,271
12/21/2012,APF,FL,ASO,ES,Federal Contract Tower,0,38,63,0,101,0,0,86,0,86,0,38,149,0,187,24,0,24,211
12/22/2012,APF,FL,ASO,ES,Federal Contract Tower,0,39,62,0,101,0,1,114,0,115,0,40,176,0,216,54,0,54,270
12/23/2012,APF,FL,ASO,ES,Federal Contract Tower,0,45,54,0,99,0,1,100,0,101,0,46,154,0,200,22,0,22,222
12/24/2012,APF,FL,ASO,ES,Federal Contract Tower,0,13,25,0,38,0,0,60,0,60,0,13,85,0,98,48,0,48,146
12/25/2012,APF,FL,ASO,ES,Federal Contract Tower,0,33,18,0,51,0,0,34,0,34,0,33,52,0,85,0,0,0,85
12/26/2012,APF,FL,ASO,ES,Federal Contract Tower,0,93,152,0,245,0,1,54,0,55,0,94,206,0,300,28,0,28,328
12/27/2012,APF,FL,ASO,ES,Federal Contract Tower,0,83,184,0,267,0,0,161,0,161,0,83,345,0,428,36,0,36,464
12/28/2012,APF,FL,ASO,ES,Federal Contract Tower,0,65,121,0,186,0,7,108,0,115,0,72,229,0,301,18,0,18,319
12/29/2012,APF,FL,ASO,ES,Federal Contract Tower,0,46,94,0,140,0,1,29,0,30,0,47,123,0,170,8,0,8,178
12/30/2012,APF,FL,ASO,ES,Federal Contract Tower,0,43,81,0,124,0,0,95,0,95,0,43,176,0,219,8,0,8,227
12/31/2012,APF,FL,ASO,ES,Federal Contract Tower,0,24,62,0,86,0,0,110,0,110,0,24,172,0,196,22,0,22,218
01/01/2013,APF,FL,ASO,ES,Federal Contract Tower,0,39,77,0,116,0,1,74,0,75,0,40,151,0,191,20,0,20,211
01/02/2013,APF,FL,ASO,ES,Federal Contract Tower,0,36,107,0,143,0,2,84,4,90,0,38,191,4,233,26,0,26,259
01/03/2013,APF,FL,ASO,ES,Federal Contract Tower,0,33,88,0,121,0,2,64,0,66,0,35,152,0,187,40,0,40,227
01/04/2013,APF,FL,ASO,ES,Federal Contract Tower,0,35,91,0,126,0,4,32,0,36,0,39,123,0,162,10,0,10,172
01/05/2013,APF,FL,ASO,ES,Federal Contract Tower,0,51,78,1,130,0,0,93,0,93,0,51,171,1,223,54,0,54,277
01/06/2013,APF,FL,ASO,ES,Federal Contract Tower,0,67,108,0,175,0,0,66,0,66,0,67,174,0,241,8,0,8,249
01/07/2013,APF,FL,ASO,ES,Federal Contract Tower,0,32,99,0,131,0,0,46,0,46,0,32,145,0,177,22,0,22,199
01/08/2013,APF,FL,ASO,ES,Federal Contract Tower,0,35,83,0,118,0,1,99,6,106,0,36,182,6,224,48,0,48,272
01/09/2013,APF,FL,ASO,ES,Federal Contract Tower,0,33,80,0,113,0,0,78,0,78,0,33,158,0,191,38,0,38,229
01/10/2013,APF,FL,ASO,ES,Federal Contract Tower,0,30,90,0,120,0,0,110,0,110,0,30,200,0,230,32,0,32,262
01/11/2013,APF,FL,ASO,ES,Federal Contract Tower,0,41,102,0,143,0,2,92,0,94,0,43,194,0,237,36,0,36,273
01/12/2013,APF,FL,ASO,ES,Federal Contract Tower,0,33,75,2,110,0,1,139,0,140,0,34,214,2,250,16,0,16,266
01/13/2013,APF,FL,ASO,ES,Federal Contract Tower,0,41,86,0,127,0,0,97,0,97,0,41,183,0,224,32,0,32,256
01/14/2013,APF,FL,ASO,ES,Federal Contract Tower,0,35,97,0,132,0,0,109,0,109,0,35,206,0,241,56,0,56,297
01/15/2013,APF,FL,ASO,ES,Federal Contract Tower,0,22,73,0,95,0,2,129,0,131,0,24,202,0,226,36,0,36,262
01/16/2013,APF,FL,ASO,ES,Federal Contract Tower,0,30,97,0,127,0,1,123,0,124,0,31,220,0,251,88,0,88,339
01/17/2013,APF,FL,ASO,ES,Federal Contract Tower,0,34,112,0,146,0,0,64,0,64,0,34,176,0,210,58,0,58,268
01/18/2013,APF,FL,ASO,ES,Federal Contract Tower,0,42,117,2,161,0,0,117,0,117,0,42,234,2,278,108,0,108,386
01/19/2013,APF,FL,ASO,ES,Federal Contract Tower,0,25,84,0,109,0,1,131,0,132,0,26,215,0,241,84,0,84,325
01/20/2013,APF,FL,ASO,ES,Federal Contract Tower,0,21,82,0,103,0,0,79,0,79,0,21,161,0,182,22,0,22,204
01/21/2013,APF,FL,ASO,ES,Federal Contract Tower,0,32,109,0,141,0,0,48,0,48,0,32,157,0,189,80,0,80,269
01/22/2013,APF,FL,ASO,ES,Federal Contract Tower,0,24,78,0,102,0,0,102,0,102,0,24,180,0,204,94,0,94,298
01/23/2013,APF,FL,ASO,ES,Federal Contract Tower,0,27,82,0,109,0,0,136,0,136,0,27,218,0,245,74,0,74,319
01/24/2013,APF,FL,ASO,ES,Federal Contract Tower,0,28,110,0,138,0,0,165,0,165,0,28,275,0,303,98,0,98,401
01/25/2013,APF,FL,ASO,ES,Federal Contract Tower,0,23,102,0,125,0,0,153,0,153,0,23,255,0,278,110,0,110,388
01/26/2013,APF,FL,ASO,ES,Federal Contract Tower,0,20,68,0,88,0,0,155,0,155,0,20,223,0,243,46,0,46,289
01/27/2013,APF,FL,ASO,ES,Federal Contract Tower,0,44,102,0,146,0,2,111,0,113,0,46,213,0,259,0,0,0,259
01/28/2013,APF,FL,ASO,ES,Federal Contract Tower,0,43,87,0,130,0,0,129,0,129,0,43,216,0,259,78,0,78,337
01/29/2013,APF,FL,ASO,ES,Federal Contract Tower,0,27,87,2,116,0,0,96,0,96,0,27,183,2,212,108,0,108,320
01/30/2013,APF,FL,ASO,ES,Federal Contract Tower,0,30,83,0,113,0,2,105,0,107,0,32,188,0,220,36,0,36,256
01/31/2013,APF,FL,ASO,ES,Federal Contract Tower,0,38,109,0,147,0,0,61,0,61,0,38,170,0,208,86,0,86,294
02/01/2013,APF,FL,ASO,ES,Federal Contract Tower,0,48,94,0,142,0,0,152,0,152,0,48,246,0,294,92,0,92,386
02/02/2013,APF,FL,ASO,ES,Federal Contract Tower,0,31,78,0,109,0,1,227,0,228,0,32,305,0,337,78,0,78,415
02/03/2013,APF,FL,ASO,ES,Federal Contract Tower,0,32,75,0,107,0,0,115,0,115,0,32,190,0,222,48,0,48,270
02/04/2013,APF,FL,ASO,ES,Federal Contract Tower,0,33,102,0,135,0,0,158,0,158,0,33,260,0,293,128,0,128,421
02/05/2013,APF,FL,ASO,ES,Federal Contract Tower,0,23,86,0,109,0,0,164,0,164,0,23,250,0,273,196,0,196,469
02/06/2013,APF,FL,ASO,ES,Federal Contract Tower,0,34,94,0,128,0,0,161,0,161,0,34,255,0,289,170,0,170,459
02/07/2013,APF,FL,ASO,ES,Federal Contract Tower,0,41,121,0,162,0,1,164,0,165,0,42,285,0,327,134,0,134,461
02/08/2013,APF,FL,ASO,ES,Federal Contract Tower,0,47,135,0,182,0,1,120,0,121,0,48,255,0,303,24,0,24,327
02/09/2013,APF,FL,ASO,ES,Federal Contract Tower,0,21,78,0,99,0,0,147,0,147,0,21,225,0,246,68,0,68,314
02/10/2013,APF,FL,ASO,ES,Federal Contract Tower,0,60,104,0,164,0,1,116,0,117,0,61,220,0,281,34,0,34,315
02/11/2013,APF,FL,ASO,ES,Federal Contract Tower,0,24,123,0,147,0,0,126,0,126,0,24,249,0,273,46,0,46,319
02/12/2013,APF,FL,ASO,ES,Federal Contract Tower,0,42,82,0,124,0,0,139,0,139,0,42,221,0,263,92,0,92,355
02/13/2013,APF,FL,ASO,ES,Federal Contract Tower,0,42,112,0,154,0,0,109,0,109,0,42,221,0,263,76,0,76,339
02/14/2013,APF,FL,ASO,ES,Federal Contract Tower,0,40,98,0,138,0,0,53,0,53,0,40,151,0,191,104,0,104,295
02/15/2013,APF,FL,ASO,ES,Federal Contract Tower,0,58,128,1,187,0,2,19,0,21,0,60,147,1,208,0,0,0,208
02/16/2013,APF,FL,ASO,ES,Federal Contract Tower,0,32,93,0,125,0,0,82,0,82,0,32,175,0,207,46,0,46,253
02/17/2013,APF,FL,ASO,ES,Federal Contract Tower,0,42,88,0,130,0,0,119,0,119,0,42,207,0,249,8,0,8,257
02/18/2013,APF,FL,ASO,ES,Federal Contract Tower,0,45,118,1,164,0,1,130,0,131,0,46,248,1,295,62,0,62,357
02/19/2013,APF,FL,ASO,ES,Federal Contract Tower,0,49,111,0,160,0,3,156,1,160,0,52,267,1,320,54,0,54,374
02/20/2013,APF,FL,ASO,ES,Federal Contract Tower,0,48,98,0,146,0,1,144,0,145,0,49,242,0,291,122,0,122,413
02/21/2013,APF,FL,ASO,ES,Federal Contract Tower,0,34,138,0,172,0,0,147,2,149,0,34,285,2,321,150,0,150,471
02/22/2013,APF,FL,ASO,ES,Federal Contract Tower,0,47,89,0,136,0,0,150,0,150,0,47,239,0,286,46,0,46,332
02/23/2013,APF,FL,ASO,ES,Federal Contract Tower,0,30,93,0,123,0,1,124,0,125,0,31,217,0,248,16,0,16,264
02/24/2013,APF,FL,ASO,ES,Federal Contract Tower,0,43,130,0,173,0,0,99,0,99,0,43,229,0,272,30,0,30,302
02/25/2013,APF,FL,ASO,ES,Federal Contract Tower,0,34,108,0,142,0,0,98,0,98,0,34,206,0,240,44,0,44,284
02/26/2013,APF,FL,ASO,ES,Federal Contract Tower,0,36,103,0,139,0,0,90,0,90,0,36,193,0,229,50,0,50,279
02/27/2013,APF,FL,ASO,ES,Federal Contract Tower,0,38,136,0,174,0,0,87,0,87,0,38,223,0,261,50,0,50,311
02/28/2013,APF,FL,ASO,ES,Federal Contract Tower,0,44,98,0,142,0,0,152,2,154,0,44,250,2,296,54,0,54,350
03/01/2013,APF,FL,ASO,ES,Federal Contract Tower,0,41,107,0,148,0,0,139,0,139,0,41,246,0,287,48,0,48,335
03/02/2013,APF,FL,ASO,ES,Federal Contract Tower,0,36,61,0,97,0,1,135,0,136,0,37,196,0,233,40,0,40,273
03/03/2013,APF,FL,ASO,ES,Federal Contract Tower,0,46,97,0,143,0,0,77,0,77,0,46,174,0,220,30,0,30,250
03/04/2013,APF,FL,ASO,ES,Federal Contract Tower,0,33,81,4,118,0,0,143,0,143,0,33,224,4,261,68,0,68,329
03/05/2013,APF,FL,ASO,ES,Federal Contract Tower,0,24,70,7,101,0,0,171,0,171,0,24,241,7,272,106,0,106,378
03/06/2013,APF,FL,ASO,ES,Federal Contract Tower,0,31,103,0,134,0,2,96,0,98,0,33,199,0,232,84,0,84,316
03/07/2013,APF,FL,ASO,ES,Federal Contract Tower,0,33,106,0,139,0,1,148,0,149,0,34,254,0,288,44,0,44,332
03/08/2013,APF,FL,ASO,ES,Federal Contract Tower,0,47,118,0,165,0,1,142,0,143,0,48,260,0,308,60,0,60,368
03/09/2013,APF,FL,ASO,ES,Federal Contract Tower,0,35,101,0,136,0,0,165,0,165,0,35,266,0,301,54,0,54,355
03/10/2013,APF,FL,ASO,ES,Federal Contract Tower,0,48,99,0,147,0,5,120,0,125,0,53,219,0,272,4,0,4,276
03/11/2013,APF,FL,ASO,ES,Federal Contract Tower,0,41,105,0,146,0,2,91,0,93,0,43,196,0,239,46,0,46,285
03/12/2013,APF,FL,ASO,ES,Federal Contract Tower,0,36,95,0,131,0,0,55,0,55,0,36,150,0,186,48,0,48,234
03/13/2013,APF,FL,ASO,ES,Federal Contract Tower,0,46,113,0,159,0,1,151,0,152,0,47,264,0,311,68,0,68,379
03/14/2013,APF,FL,ASO,ES,Federal Contract Tower,0,39,107,0,146,0,0,121,0,121,0,39,228,0,267,74,0,74,341
03/15/2013,APF,FL,ASO,ES,Federal Contract Tower,0,47,99,0,146,0,0,179,0,179,0,47,278,0,325,60,0,60,385
03/16/2013,APF,FL,ASO,ES,Federal Contract Tower,0,47,93,0,140,0,3,181,0,184,0,50,274,0,324,94,0,94,418
03/17/2013,APF,FL,ASO,ES,Federal Contract Tower,0,59,119,0,178,0,0,138,0,138,0,59,257,0,316,28,0,28,344
03/18/2013,APF,FL,ASO,ES,Federal Contract Tower,0,28,88,0,116,0,3,71,0,74,0,31,159,0,190,58,0,58,248
03/19/2013,APF,FL,ASO,ES,Federal Contract Tower,0,40,87,0,127,0,0,104,0,104,0,40,191,0,231,90,0,90,321
03/20/2013,APF,FL,ASO,ES,Federal Contract Tower,0,42,84,0,126,0,1,78,0,79,0,43,162,0,205,46,0,46,251
03/21/2013,APF,FL,ASO,ES,Federal Contract Tower,0,51,121,0,172,0,3,149,0,152,0,54,270,0,324,50,0,50,374
03/22/2013,APF,FL,ASO,ES,Federal Contract Tower,0,46,124,0,170,0,2,147,10,159,0,48,271,10,329,30,0,30,359
03/23/2013,APF,FL,ASO,ES,Federal Contract Tower,0,46,102,0,148,0,5,146,0,151,0,51,248,0,299,38,0,38,337
03/24/2013,APF,FL,ASO,ES,Federal Contract Tower,0,59,115,0,174,0,1,33,0,34,0,60,148,0,208,0,0,0,208
03/25/2013,APF,FL,ASO,ES,Federal Contract Tower,0,24,100,0,124,0,0,111,0,111,0,24,211,0,235,80,0,80,315
03/26/2013,APF,FL,ASO,ES,Federal Contract Tower,0,27,90,0,117,0,0,107,0,107,0,27,197,0,224,35,0,35,259
03/27/2013,APF,FL,ASO,ES,Federal Contract Tower,0,39,100,2,141,0,0,153,0,153,0,39,253,2,294,54,0,54,348
03/28/2013,APF,FL,ASO,ES,Federal Contract Tower,0,53,126,3,182,0,0,183,0,183,0,53,309,3,365,96,0,96,461
03/29/2013,APF,FL,ASO,ES,Federal Contract Tower,0,45,91,0,136,0,2,159,0,161,0,47,250,0,297,78,0,78,375
03/30/2013,APF,FL,ASO,ES,Federal Contract Tower,0,38,99,0,137,0,0,188,0,188,0,38,287,0,325,8,0,8,333
03/31/2013,APF,FL,ASO,ES,Federal Contract Tower,0,69,79,2,150,0,2,103,1,106,0,71,182,3,256,26,0,26,282
04/01/2013,APF,FL,ASO,ES,Federal Contract Tower,0,51,141,0,192,0,0,98,0,98,0,51,239,0,290,14,0,14,304
04/02/2013,APF,FL,ASO,ES,Federal Contract Tower,0,50,85,0,135,0,1,117,0,118,0,51,202,0,253,96,0,96,349
04/03/2013,APF,FL,ASO,ES,Federal Contract Tower,0,34,125,0,159,0,4,122,0,126,0,38,247,0,285,58,0,58,343
04/04/2013,APF,FL,ASO,ES,Federal Contract Tower,0,38,85,0,123,0,0,62,0,62,0,38,147,0,185,26,0,26,211
04/05/2013,APF,FL,ASO,ES,Federal Contract Tower,0,53,97,2,152,0,1,24,0,25,0,54,121,2,177,6,0,6,183
04/06/2013,APF,FL,ASO,ES,Federal Contract Tower,0,48,104,0,152,0,3,128,0,131,0,51,232,0,283,8,0,8,291
04/07/2013,APF,FL,ASO,ES,Federal Contract Tower,0,51,128,0,179,0,0,124,0,124,0,51,252,0,303,10,0,10,313
04/08/2013,APF,FL,ASO,ES,Federal Contract Tower,0,23,62,0,85,0,1,166,0,167,0,24,228,0,252,58,0,58,310
04/09/2013,APF,FL,ASO,ES,Federal Contract Tower,0,33,60,0,93,0,0,112,0,112,0,33,172,0,205,28,0,28,233
04/10/2013,APF,FL,ASO,ES,Federal Contract Tower,0,42,65,0,107,0,0,141,0,141,0,42,206,0,248,65,0,65,313
04/11/2013,APF,FL,ASO,ES,Federal Contract Tower,0,42,83,1,126,0,0,107,0,107,0,42,190,1,233,56,0,56,289
04/12/2013,APF,FL,ASO,ES,Federal Contract Tower,0,33,95,0,128,0,0,114,0,114,0,33,209,0,242,68,0,68,310
04/13/2013,APF,FL,ASO,ES,Federal Contract Tower,0,20,79,0,99,0,0,111,0,111,0,20,190,0,210,44,0,44,254
04/14/2013,APF,FL,ASO,ES,Federal Contract Tower,0,52,100,0,152,0,0,85,0,85,0,52,185,0,237,34,0,34,271
04/15/2013,APF,FL,ASO,ES,Federal Contract Tower,0,29,66,0,95,0,2,136,0,138,0,31,202,0,233,114,0,114,347
04/16/2013,APF,FL,ASO,ES,Federal Contract Tower,0,26,76,4,106,0,0,167,0,167,0,26,243,4,273,88,0,88,361
04/17/2013,APF,FL,ASO,ES,Federal Contract Tower,0,46,86,0,132,0,0,128,2,130,0,46,214,2,262,80,0,80,342
04/18/2013,APF,FL,ASO,ES,Federal Contract Tower,0,45,89,0,134,0,0,110,0,110,0,45,199,0,244,28,0,28,272
04/19/2013,APF,FL,ASO,ES,Federal Contract Tower,0,35,78,0,113,0,2,110,0,112,0,37,188,0,225,66,0,66,291
04/20/2013,APF,FL,ASO,ES,Federal Contract Tower,0,37,67,0,104,0,2,88,0,90,0,39,155,0,194,44,0,44,238
04/21/2013,APF,FL,ASO,ES,Federal Contract Tower,0,42,76,0,118,0,0,54,0,54,0,42,130,0,172,14,0,14,186
04/22/2013,APF,FL,ASO,ES,Federal Contract Tower,0,41,81,0,122,0,2,84,0,86,0,43,165,0,208,66,0,66,274
04/23/2013,APF,FL,ASO,ES,Federal Contract Tower,0,29,70,0,99,0,2,133,0,135,0,31,203,0,234,42,0,42,276
04/24/2013,APF,FL,ASO,ES,Federal Contract Tower,0,30,81,0,111,0,1,128,0,129,0,31,209,0,240,62,0,62,302
04/25/2013,APF,FL,ASO,ES,Federal Contract Tower,0,39,92,0,131,0,0,129,0,129,0,39,221,0,260,54,0,54,314
04/26/2013,APF,FL,ASO,ES,Federal Contract Tower,0,28,94,0,122,0,4,194,0,198,0,32,288,0,320,76,0,76,396
04/27/2013,APF,FL,ASO,ES,Federal Contract Tower,0,23,62,0,85,0,9,137,0,146,0,32,199,0,231,102,0,102,333
04/28/2013,APF,FL,ASO,ES,Federal Contract Tower,0,39,94,0,133,0,0,84,1,85,0,39,178,1,218,14,0,14,232
04/29/2013,APF,FL,ASO,ES,Federal Contract Tower,0,27,50,0,77,0,1,108,0,109,0,28,158,0,186,72,0,72,258
04/30/2013,APF,FL,ASO,ES,Federal Contract Tower,0,28,85,0,113,0,1,81,0,82,0,29,166,0,195,70,0,70,265
05/01/2013,APF,FL,ASO,ES,Federal Contract Tower,0,44,56,0,100,0,0,51,0,51,0,44,107,0,151,78,0,78,229
05/02/2013,APF,FL,ASO,ES,Federal Contract Tower,0,41,56,0,97,0,0,13,0,13,0,41,69,0,110,0,0,0,110
05/03/2013,APF,FL,ASO,ES,Federal Contract Tower,0,18,97,0,115,0,1,134,0,135,0,19,231,0,250,60,0,60,310
05/04/2013,APF,FL,ASO,ES,Federal Contract Tower,0,18,54,0,72,0,1,65,0,66,0,19,119,0,138,50,0,50,188
05/05/2013,APF,FL,ASO,ES,Federal Contract Tower,0,34,66,0,100,0,2,100,0,102,0,36,166,0,202,40,0,40,242
05/06/2013,APF,FL,ASO,ES,Federal Contract Tower,0,33,71,0,104,0,0,112,0,112,0,33,183,0,216,62,0,62,278
05/07/2013,APF,FL,ASO,ES,Federal Contract Tower,0,24,75,0,99,0,0,128,0,128,0,24,203,0,227,52,0,52,279
05/08/2013,APF,FL,ASO,ES,Federal Contract Tower,0,37,68,0,105,0,2,140,0,142,0,39,208,0,247,140,0,140,387
05/09/2013,APF,FL,ASO,ES,Federal Contract Tower,0,21,76,0,97,0,4,122,0,126,0,25,198,0,223,100,0,100,323
05/10/2013,APF,FL,ASO,ES,Federal Contract Tower,0,33,70,0,103,0,3,130,0,133,0,36,200,0,236,56,0,56,292
05/11/2013,APF,FL,ASO,ES,Federal Contract Tower,0,21,56,0,77,0,2,100,0,102,0,23,156,0,179,14,0,14,193
05/12/2013,APF,FL,ASO,ES,Federal Contract Tower,0,18,41,0,59,0,1,56,0,57,0,19,97,0,116,18,0,18,134
05/13/2013,APF,FL,ASO,ES,Federal Contract Tower,0,34,94,4,132,0,2,110,0,112,0,36,204,4,244,70,0,70,314
05/14/2013,APF,FL,ASO,ES,Federal Contract Tower,0,13,61,0,74,0,1,134,0,135,0,14,195,0,209,58,0,58,267
05/15/2013,APF,FL,ASO,ES,Federal Contract Tower,0,26,62,0,88,0,2,121,0,123,0,28,183,0,211,64,0,64,275
05/16/2013,APF,FL,ASO,ES,Federal Contract Tower,0,20,59,0,79,0,1,121,0,122,0,21,180,0,201,44,0,44,245
05/17/2013,APF,FL,ASO,ES,Federal Contract Tower,0,16,48,0,64,0,0,146,0,146,0,16,194,0,210,70,0,70,280
05/18/2013,APF,FL,ASO,ES,Federal Contract Tower,0,13,23,0,36,0,0,140,0,140,0,13,163,0,176,72,0,72,248
05/19/2013,APF,FL,ASO,ES,Federal Contract Tower,0,19,51,0,70,0,1,95,0,96,0,20,146,0,166,20,0,20,186
05/20/2013,APF,FL,ASO,ES,Federal Contract Tower,0,25,50,0,75,0,0,83,0,83,0,25,133,0,158,62,0,62,220
05/21/2013,APF,FL,ASO,ES,Federal Contract Tower,0,22,39,0,61,0,2,89,0,91,0,24,128,0,152,76,0,76,228
05/22/2013,APF,FL,ASO,ES,Federal Contract Tower,0,32,54,0,86,0,0,91,0,91,0,32,145,0,177,48,0,48,225
05/23/2013,APF,FL,ASO,ES,Federal Contract Tower,0,23,53,0,76,0,0,107,0,107,0,23,160,0,183,62,0,62,245
05/24/2013,APF,FL,ASO,ES,Federal Contract Tower,0,43,68,0,111,0,4,152,0,156,0,47,220,0,267,68,0,68,335
05/25/2013,APF,FL,ASO,ES,Federal Contract Tower,0,11,41,0,52,0,0,98,0,98,0,11,139,0,150,32,0,32,182
05/26/2013,APF,FL,ASO,ES,Federal Contract Tower,0,16,40,0,56,0,2,67,0,69,0,18,107,0,125,10,0,10,135
05/27/2013,APF,FL,ASO,ES,Federal Contract Tower,0,34,57,0,91,0,5,82,0,87,0,39,139,0,178,52,0,52,230
05/28/2013,APF,FL,ASO,ES,Federal Contract Tower,0,15,47,0,62,0,4,66,0,70,0,19,113,0,132,74,0,74,206
05/29/2013,APF,FL,ASO,ES,Federal Contract Tower,0,12,61,0,73,0,2,41,0,43,0,14,102,0,116,26,0,26,142
05/30/2013,APF,FL,ASO,ES,Federal Contract Tower,0,19,54,0,73,0,0,58,0,58,0,19,112,0,131,60,0,60,191
05/31/2013,APF,FL,ASO,ES,Federal Contract Tower,0,16,51,0,67,0,1,52,0,53,0,17,103,0,120,0,0,0,120
06/01/2013,APF,FL,ASO,ES,Federal Contract Tower,0,18,51,0,69,0,0,65,0,65,0,18,116,0,134,32,0,32,166
06/02/2013,APF,FL,ASO,ES,Federal Contract Tower,0,16,30,2,48,0,3,94,0,97,0,19,124,2,145,22,2,24,169
06/03/2013,APF,FL,ASO,ES,Federal Contract Tower,0,10,40,0,50,0,0,66,0,66,0,10,106,0,116,54,0,54,170
06/04/2013,APF,FL,ASO,ES,Federal Contract Tower,0,21,65,0,86,0,2,56,0,58,0,23,121,0,144,90,0,90,234
06/05/2013,APF,FL,ASO,ES,Federal Contract Tower,0,20,66,0,86,0,0,40,0,40,0,20,106,0,126,28,0,28,154
06/06/2013,APF,FL,ASO,ES,Federal Contract Tower,0,13,27,0,40,0,1,3,0,4,0,14,30,0,44,6,0,6,50
06/07/2013,APF,FL,ASO,ES,Federal Contract Tower,0,13,48,0,61,0,0,39,0,39,0,13,87,0,100,14,0,14,114
06/08/2013,APF,FL,ASO,ES,Federal Contract Tower,0,16,38,0,54,0,1,125,0,126,0,17,163,0,180,52,0,52,232
06/09/2013,APF,FL,ASO,ES,Federal Contract Tower,0,16,47,0,63,0,0,68,0,68,0,16,115,0,131,0,0,0,131
06/10/2013,APF,FL,ASO,ES,Federal Contract Tower,0,12,54,0,66,0,0,98,0,98,0,12,152,0,164,62,0,62,226
06/11/2013,APF,FL,ASO,ES,Federal Contract Tower,0,10,51,4,65,0,0,82,0,82,0,10,133,4,147,36,0,36,183
06/12/2013,APF,FL,ASO,ES,Federal Contract Tower,0,11,39,0,50,0,0,113,0,113,0,11,152,0,163,68,0,68,231
06/13/2013,APF,FL,ASO,ES,Federal Contract Tower,0,5,49,0,54,0,0,79,0,79,0,5,128,0,133,60,0,60,193
06/14/2013,APF,FL,ASO,ES,Federal Contract Tower,0,16,77,0,93,0,3,109,0,112,0,19,186,0,205,54,0,54,259
06/15/2013,APF,FL,ASO,ES,Federal Contract Tower,0,12,37,0,49,0,0,138,0,138,0,12,175,0,187,32,0,32,219
06/16/2013,APF,FL,ASO,ES,Federal Contract Tower,0,17,32,0,49,0,2,85,0,87,0,19,117,0,136,48,0,48,184
06/17/2013,APF,FL,ASO,ES,Federal Contract Tower,0,16,55,0,71,0,0,103,0,103,0,16,158,0,174,62,0,62,236
06/18/2013,APF,FL,ASO,ES,Federal Contract Tower,0,22,38,0,60,0,1,95,0,96,0,23,133,0,156,68,0,68,224
06/19/2013,APF,FL,ASO,ES,Federal Contract Tower,0,3,41,0,44,0,0,109,0,109,0,3,150,0,153,120,0,120,273
06/20/2013,APF,FL,ASO,ES,Federal Contract Tower,0,17,53,0,70,0,0,93,0,93,0,17,146,0,163,64,0,64,227
06/21/2013,APF,FL,ASO,ES,Federal Contract Tower,0,17,43,0,60,0,0,103,1,104,0,17,146,1,164,48,0,48,212
06/22/2013,APF,FL,ASO,ES,Federal Contract Tower,0,15,30,0,45,0,0,111,0,111,0,15,141,0,156,56,0,56,212
06/23/2013,APF,FL,ASO,ES,Federal Contract Tower,0,12,52,0,64,0,0,50,0,50,0,12,102,0,114,20,0,20,134
06/24/2013,APF,FL,ASO,ES,Federal Contract Tower,0,13,42,2,57,0,0,104,0,104,0,13,146,2,161,68,0,68,229
06/25/2013,APF,FL,ASO,ES,Federal Contract Tower,0,9,33,0,42,0,0,76,0,76,0,9,109,0,118,38,0,38,156
06/26/2013,APF,FL,ASO,ES,Federal Contract Tower,0,19,49,0,68,0,1,103,0,104,0,20,152,0,172,86,0,86,258
06/27/2013,APF,FL,ASO,ES,Federal Contract Tower,0,11,58,0,69,0,0,66,0,66,0,11,124,0,135,28,0,28,163
06/28/2013,APF,FL,ASO,ES,Federal Contract Tower,0,11,42,0,53,0,0,97,2,99,0,11,139,2,152,22,0,22,174
06/29/2013,APF,FL,ASO,ES,Federal Contract Tower,0,11,46,0,57,0,0,100,0,100,0,11,146,0,157,32,0,32,189
06/30/2013,APF,FL,ASO,ES,Federal Contract Tower,0,14,24,0,38,0,0,43,0,43,0,14,67,0,81,10,0,10,91
07/01/2013,APF,FL,ASO,ES,Federal Contract Tower,0,10,18,0,28,0,0,48,0,48,0,10,66,0,76,6,0,6,82
07/02/2013,APF,FL,ASO,ES,Federal Contract Tower,0,7,25,0,32,0,0,54,0,54,0,7,79,0,86,28,0,28,114
07/03/2013,APF,FL,ASO,ES,Federal Contract Tower,0,18,38,0,56,0,0,80,0,80,0,18,118,0,136,36,0,36,172
07/04/2013,APF,FL,ASO,ES,Federal Contract Tower,0,8,30,0,38,0,0,62,0,62,0,8,92,0,100,44,0,44,144
07/05/2013,APF,FL,ASO,ES,Federal Contract Tower,0,1,35,0,36,0,0,60,0,60,0,1,95,0,96,28,0,28,124
07/06/2013,APF,FL,ASO,ES,Federal Contract Tower,0,23,36,0,59,0,0,97,0,97,0,23,133,0,156,50,0,50,206
07/07/2013,APF,FL,ASO,ES,Federal Contract Tower,0,26,52,0,78,0,0,81,0,81,0,26,133,0,159,28,0,28,187
07/08/2013,APF,FL,ASO,ES,Federal Contract Tower,0,9,32,0,41,0,0,117,0,117,0,9,149,0,158,44,0,44,202
07/09/2013,APF,FL,ASO,ES,Federal Contract Tower,0,10,26,4,40,0,0,67,0,67,0,10,93,4,107,70,0,70,177
07/10/2013,APF,FL,ASO,ES,Federal Contract Tower,0,7,40,0,47,0,0,95,0,95,0,7,135,0,142,96,0,96,238
07/11/2013,APF,FL,ASO,ES,Federal Contract Tower,0,9,43,0,52,0,0,75,0,75,0,9,118,0,127,38,0,38,165
07/12/2013,APF,FL,ASO,ES,Federal Contract Tower,0,8,27,0,35,0,0,96,0,96,0,8,123,0,131,52,0,52,183
07/13/2013,APF,FL,ASO,ES,Federal Contract Tower,0,5,18,2,25,0,0,52,0,52,0,5,70,2,77,8,0,8,85
07/14/2013,APF,FL,ASO,ES,Federal Contract Tower,0,19,13,0,32,0,2,12,0,14,0,21,25,0,46,4,0,4,50
07/15/2013,APF,FL,ASO,ES,Federal Contract Tower,0,12,36,0,48,0,0,99,0,99,0,12,135,0,147,72,0,72,219
07/16/2013,APF,FL,ASO,ES,Federal Contract Tower,0,3,44,1,48,0,6,104,0,110,0,9,148,1,158,52,0,52,210
07/17/2013,APF,FL,ASO,ES,Federal Contract Tower,0,17,37,0,54,0,0,65,0,65,0,17,102,0,119,40,0,40,159
07/18/2013,APF,FL,ASO,ES,Federal Contract Tower,0,15,33,0,48,0,0,44,0,44,0,15,77,0,92,26,0,26,118
07/19/2013,APF,FL,ASO,ES,Federal Contract Tower,0,9,61,0,70,0,0,108,0,108,0,9,169,0,178,38,0,38,216
07/20/2013,APF,FL,ASO,ES,Federal Contract Tower,0,9,26,0,35,0,0,79,0,79,0,9,105,0,114,66,0,66,180
07/21/2013,APF,FL,ASO,ES,Federal Contract Tower,0,9,33,0,42,0,0,54,0,54,0,9,87,0,96,14,0,14,110
07/22/2013,APF,FL,ASO,ES,Federal Contract Tower,0,16,32,0,48,0,1,91,0,92,0,17,123,0,140,72,0,72,212
07/23/2013,APF,FL,ASO,ES,Federal Contract Tower,0,7,32,7,46,0,4,129,0,133,0,11,161,7,179,30,0,30,209
07/24/2013,APF,FL,ASO,ES,Federal Contract Tower,0,11,54,0,65,0,1,133,0,134,0,12,187,0,199,50,0,50,249
07/25/2013,APF,FL,ASO,ES,Federal Contract Tower,0,4,43,0,47,0,0,103,0,103,0,4,146,0,150,46,0,46,196
07/26/2013,APF,FL,ASO,ES,Federal Contract Tower,0,6,44,0,50,0,0,90,0,90,0,6,134,0,140,68,0,68,208
07/27/2013,APF,FL,ASO,ES,Federal Contract Tower,0,10,43,0,53,0,0,105,0,105,0,10,148,0,158,58,0,58,216
07/28/2013,APF,FL,ASO,ES,Federal Contract Tower,0,19,55,0,74,0,0,94,0,94,0,19,149,0,168,56,0,56,224
07/29/2013,APF,FL,ASO,ES,Federal Contract Tower,0,6,38,0,44,0,2,102,0,104,0,8,140,0,148,60,0,60,208
07/30/2013,APF,FL,ASO,ES,Federal Contract Tower,0,5,36,0,41,0,5,88,4,97,0,10,124,4,138,62,0,62,200
07/31/2013,APF,FL,ASO,ES,Federal Contract Tower,0,8,35,0,43,0,0,98,0,98,0,8,133,0,141,94,0,94,235
08/01/2013,APF,FL,ASO,ES,Federal Contract Tower,0,5,30,0,35,0,2,94,0,96,0,7,124,0,131,48,0,48,179
08/02/2013,APF,FL,ASO,ES,Federal Contract Tower,0,3,50,4,57,0,1,102,0,103,0,4,152,4,160,102,0,102,262
08/03/2013,APF,FL,ASO,ES,Federal Contract Tower,0,8,26,0,34,0,3,78,0,81,0,11,104,0,115,64,0,64,179
08/04/2013,APF,FL,ASO,ES,Federal Contract Tower,0,3,43,4,50,0,0,105,0,105,0,3,148,4,155,68,0,68,223
08/05/2013,APF,FL,ASO,ES,Federal Contract Tower,0,7,38,0,45,0,1,82,0,83,0,8,120,0,128,92,0,92,220
08/06/2013,APF,FL,ASO,ES,Federal Contract Tower,0,10,46,0,56,0,0,108,0,108,0,10,154,0,164,146,0,146,310
08/07/2013,APF,FL,ASO,ES,Federal Contract Tower,0,7,37,0,44,0,0,96,0,96,0,7,133,0,140,112,0,112,252
08/08/2013,APF,FL,ASO,ES,Federal Contract Tower,0,14,42,0,56,0,0,74,0,74,0,14,116,0,130,102,0,102,232
08/09/2013,APF,FL,ASO,ES,Federal Contract Tower,0,8,36,0,44,0,0,89,0,89,0,8,125,0,133,100,0,100,233
08/10/2013,APF,FL,ASO,ES,Federal Contract Tower,0,2,26,0,28,0,0,111,0,111,0,2,137,0,139,98,0,98,237
08/11/2013,APF,FL,ASO,ES,Federal Contract Tower,0,21,62,0,83,0,1,97,0,98,0,22,159,0,181,86,0,86,267
08/12/2013,APF,FL,ASO,ES,Federal Contract Tower,0,14,33,0,47,0,0,108,0,108,0,14,141,0,155,96,0,96,251
08/13/2013,APF,FL,ASO,ES,Federal Contract Tower,0,9,36,0,45,0,0,133,0,133,0,9,169,0,178,80,8,88,266
08/14/2013,APF,FL,ASO,ES,Federal Contract Tower,0,15,44,0,59,0,0,130,0,130,0,15,174,0,189,112,0,112,301
08/15/2013,APF,FL,ASO,ES,Federal Contract Tower,0,10,39,0,49,0,0,70,0,70,0,10,109,0,119,80,0,80,199
08/16/2013,APF,FL,ASO,ES,Federal Contract Tower,0,5,44,0,49,0,0,99,0,99,0,5,143,0,148,46,0,46,194
08/17/2013,APF,FL,ASO,ES,Federal Contract Tower,0,8,37,0,45,0,0,64,0,64,0,8,101,0,109,42,0,42,151
08/18/2013,APF,FL,ASO,ES,Federal Contract Tower,0,20,47,0,67,0,0,62,0,62,0,20,109,0,129,36,0,36,165
08/19/2013,APF,FL,ASO,ES,Federal Contract Tower,0,14,37,0,51,0,1,83,0,84,0,15,120,0,135,54,0,54,189
08/20/2013,APF,FL,ASO,ES,Federal Contract Tower,0,11,28,2,41,0,0,90,0,90,0,11,118,2,131,88,0,88,219
08/21/2013,APF,FL,ASO,ES,Federal Contract Tower,0,4,41,0,45,0,0,79,0,79,0,4,120,0,124,52,0,52,176
08/22/2013,APF,FL,ASO,ES,Federal Contract Tower,0,4,48,0,52,0,2,122,0,124,0,6,170,0,176,52,0,52,228
08/23/2013,APF,FL,ASO,ES,Federal Contract Tower,0,7,71,0,78,0,0,85,0,85,0,7,156,0,163,66,0,66,229
08/24/2013,APF,FL,ASO,ES,Federal Contract Tower,0,3,25,0,28,0,0,87,4,91,0,3,112,4,119,48,0,48,167
08/25/2013,APF,FL,ASO,ES,Federal Contract Tower,0,6,48,4,58,0,0,53,0,53,0,6,101,4,111,26,0,26,137
08/26/2013,APF,FL,ASO,ES,Federal Contract Tower,0,9,38,0,47,0,1,75,0,76,0,10,113,0,123,66,0,66,189
08/27/2013,APF,FL,ASO,ES,Federal Contract Tower,0,8,44,0,52,0,0,99,0,99,0,8,143,0,151,112,0,112,263
08/28/2013,APF,FL,ASO,ES,Federal Contract Tower,0,7,36,0,43,0,0,113,0,113,0,7,149,0,156,168,0,168,324
08/29/2013,APF,FL,ASO,ES,Federal Contract Tower,0,9,67,0,76,0,0,118,0,118,0,9,185,0,194,84,0,84,278
08/30/2013,APF,FL,ASO,ES,Federal Contract Tower,0,13,57,0,70,0,2,86,0,88,0,15,143,0,158,54,0,54,212
08/31/2013,APF,FL,ASO,ES,Federal Contract Tower,0,4,54,0,58,0,1,102,0,103,0,5,156,0,161,46,0,46,207
09/01/2013,APF,FL,ASO,ES,Federal Contract Tower,0,7,40,0,47,0,0,59,0,59,0,7,99,0,106,44,0,44,150
09/02/2013,APF,FL,ASO,ES,Federal Contract Tower,0,15,44,0,59,0,0,70,0,70,0,15,114,0,129,136,0,136,265
09/03/2013,APF,FL,ASO,ES,Federal Contract Tower,0,7,49,0,56,0,0,67,0,67,0,7,116,0,123,74,0,74,197
09/04/2013,APF,FL,ASO,ES,Federal Contract Tower,0,3,39,0,42,0,0,83,0,83,0,3,122,0,125,56,0,56,181
09/05/2013,APF,FL,ASO,ES,Federal Contract Tower,0,11,41,0,52,0,1,69,0,70,0,12,110,0,122,18,0,18,140
09/06/2013,APF,FL,ASO,ES,Federal Contract Tower,0,5,32,0,37,0,0,79,0,79,0,5,111,0,116,40,0,40,156
09/07/2013,APF,FL,ASO,ES,Federal Contract Tower,0,3,24,0,27,0,2,63,0,65,0,5,87,0,92,54,0,54,146
09/08/2013,APF,FL,ASO,ES,Federal Contract Tower,0,7,35,0,42,0,0,65,0,65,0,7,100,0,107,4,0,4,111
09/09/2013,APF,FL,ASO,ES,Federal Contract Tower,0,5,37,0,42,0,1,80,1,82,0,6,117,1,124,104,2,106,230
09/10/2013,APF,FL,ASO,ES,Federal Contract Tower,0,7,45,0,52,0,0,88,0,88,0,7,133,0,140,92,0,92,232
09/11/2013,APF,FL,ASO,ES,Federal Contract Tower,0,13,38,0,51,0,0,71,0,71,0,13,109,0,122,44,0,44,166
09/12/2013,APF,FL,ASO,ES,Federal Contract Tower,0,6,38,0,44,0,4,69,0,73,0,10,107,0,117,64,0,64,181
09/13/2013,APF,FL,ASO,ES,Federal Contract Tower,0,3,35,0,38,0,0,94,0,94,0,3,129,0,132,68,0,68,200
09/14/2013,APF,FL,ASO,ES,Federal Contract Tower,0,7,40,0,47,0,6,86,0,92,0,13,126,0,139,20,0,20,159
09/15/2013,APF,FL,ASO,ES,Federal Contract Tower,0,8,31,0,39,0,0,52,0,52,0,8,83,0,91,24,0,24,115
09/16/2013,APF,FL,ASO,ES,Federal Contract Tower,0,8,44,0,52,0,1,56,0,57,0,9,100,0,109,48,0,48,157
09/17/2013,APF,FL,ASO,ES,Federal Contract Tower,0,9,41,0,50,0,0,49,0,49,0,9,90,0,99,32,0,32,131
09/18/2013,APF,FL,ASO,ES,Federal Contract Tower,0,14,55,0,69,0,0,68,0,68,0,14,123,0,137,28,0,28,165
09/19/2013,APF,FL,ASO,ES,Federal Contract Tower,0,12,57,0,69,0,0,111,0,111,0,12,168,0,180,178,0,178,358
09/20/2013,APF,FL,ASO,ES,Federal Contract Tower,0,6,51,4,61,0,4,90,0,94,0,10,141,4,155,70,0,70,225
09/21/2013,APF,FL,ASO,ES,Federal Contract Tower,0,5,48,0,53,0,4,95,0,99,0,9,143,0,152,56,0,56,208
09/22/2013,APF,FL,ASO,ES,Federal Contract Tower,0,15,54,0,69,0,4,74,0,78,0,19,128,0,147,4,0,4,151
09/23/2013,APF,FL,ASO,ES,Federal Contract Tower,0,11,55,0,66,0,1,65,0,66,0,12,120,0,132,114,0,114,246
09/24/2013,APF,FL,ASO,ES,Federal Contract Tower,0,9,39,0,48,0,1,61,0,62,0,10,100,0,110,58,0,58,168
09/25/2013,APF,FL,ASO,ES,Federal Contract Tower,0,10,29,0,39,0,2,59,0,61,0,12,88,0,100,98,0,98,198
09/26/2013,APF,FL,ASO,ES,Federal Contract Tower,0,9,65,0,74,0,0,59,0,59,0,9,124,0,133,24,0,24,157
09/27/2013,APF,FL,ASO,ES,Federal Contract Tower,0,13,59,0,72,0,1,129,0,130,0,14,188,0,202,38,0,38,240
09/28/2013,APF,FL,ASO,ES,Federal Contract Tower,0,7,38,0,45,0,1,100,0,101,0,8,138,0,146,24,0,24,170
09/29/2013,APF,FL,ASO,ES,Federal Contract Tower,0,20,34,0,54,0,0,58,0,58,0,20,92,0,112,12,0,12,124
09/30/2013,APF,FL,ASO,ES,Federal Contract Tower,0,20,38,0,58,0,0,90,0,90,0,20,128,0,148,46,0,46,194
10/01/2013,APF,FL,ASO,ES,Federal Contract Tower,0,6,42,0,48,0,0,81,0,81,0,6,123,0,129,52,0,52,181
10/02/2013,APF,FL,ASO,ES,Federal Contract Tower,0,17,36,0,53,0,0,94,0,94,0,17,130,0,147,38,0,38,185
10/03/2013,APF,FL,ASO,ES,Federal Contract Tower,0,11,46,0,57,0,2,76,0,78,0,13,122,0,135,22,0,22,157
10/04/2013,APF,FL,ASO,ES,Federal Contract Tower,0,17,50,0,67,0,0,98,0,98,0,17,148,0,165,38,0,38,203
10/05/2013,APF,FL,ASO,ES,Federal Contract Tower,0,12,46,0,58,0,2,81,2,85,0,14,127,2,143,28,0,28,171
10/06/2013,APF,FL,ASO,ES,Federal Contract Tower,0,19,45,0,64,0,0,42,0,42,0,19,87,0,106,6,0,6,112
10/07/2013,APF,FL,ASO,ES,Federal Contract Tower,0,10,39,0,49,0,0,77,0,77,0,10,116,0,126,72,0,72,198
10/08/2013,APF,FL,ASO,ES,Federal Contract Tower,0,8,45,0,53,0,0,8,0,8,0,8,53,0,61,70,0,70,131
10/09/2013,APF,FL,ASO,ES,Federal Contract Tower,0,18,88,0,106,0,2,107,0,109,0,20,195,0,215,122,0,122,337
10/10/2013,APF,FL,ASO,ES,Federal Contract Tower,0,26,92,0,118,0,3,123,0,126,0,29,215,0,244,90,0,90,334
10/11/2013,APF,FL,ASO,ES,Federal Contract Tower,0,18,88,2,108,0,0,107,0,107,0,18,195,2,215,104,0,104,319
10/12/2013,APF,FL,ASO,ES,Federal Contract Tower,0,12,38,0,50,0,2,106,0,108,0,14,144,0,158,42,0,42,200
10/13/2013,APF,FL,ASO,ES,Federal Contract Tower,0,28,56,2,86,0,0,100,0,100,0,28,156,2,186,50,0,50,236
10/14/2013,APF,FL,ASO,ES,Federal Contract Tower,0,18,65,0,83,0,0,129,0,129,0,18,194,0,212,106,0,106,318
10/15/2013,APF,FL,ASO,ES,Federal Contract Tower,0,13,79,0,92,0,1,111,0,112,0,14,190,0,204,82,0,82,286
10/16/2013,APF,FL,ASO,ES,Federal Contract Tower,0,15,58,0,73,0,1,117,0,118,0,16,175,0,191,68,0,68,259
10/17/2013,APF,FL,ASO,ES,Federal Contract Tower,0,15,67,0,82,0,0,118,0,118,0,15,185,0,200,106,0,106,306
10/18/2013,APF,FL,ASO,ES,Federal Contract Tower,0,15,88,4,107,0,1,125,0,126,0,16,213,4,233,90,0,90,323
10/19/2013,APF,FL,ASO,ES,Federal Contract Tower,0,16,60,2,78,0,0,109,0,109,0,16,169,2,187,86,0,86,273
10/20/2013,APF,FL,ASO,ES,Federal Contract Tower,0,25,67,0,92,0,2,92,0,94,0,27,159,0,186,106,0,106,292
10/21/2013,APF,FL,ASO,ES,Federal Contract Tower,0,32,68,0,100,0,3,92,0,95,0,35,160,0,195,132,0,132,327
10/22/2013,APF,FL,ASO,ES,Federal Contract Tower,0,25,60,4,89,0,1,115,0,116,0,26,175,4,205,110,0,110,315
10/23/2013,APF,FL,ASO,ES,Federal Contract Tower,0,21,62,0,83,0,1,117,0,118,0,22,179,0,201,76,0,76,277
10/24/2013,APF,FL,ASO,ES,Federal Contract Tower,0,25,100,0,125,0,2,105,0,107,0,27,205,0,232,32,0,32,264
10/25/2013,APF,FL,ASO,ES,Federal Contract Tower,0,19,103,0,122,0,0,101,0,101,0,19,204,0,223,24,0,24,247
10/26/2013,APF,FL,ASO,ES,Federal Contract Tower,0,17,76,0,93,0,0,138,0,138,0,17,214,0,231,112,0,112,343
10/27/2013,APF,FL,ASO,ES,Federal Contract Tower,0,25,76,0,101,0,1,121,0,122,0,26,197,0,223,66,0,66,289
10/28/2013,APF,FL,ASO,ES,Federal Contract Tower,0,24,46,0,70,0,3,106,0,109,0,27,152,0,179,110,0,110,289
10/29/2013,APF,FL,ASO,ES,Federal Contract Tower,0,26,62,2,90,0,3,133,0,136,0,29,195,2,226,132,0,132,358
10/30/2013,APF,FL,ASO,ES,Federal Contract Tower,0,26,71,0,97,0,2,117,0,119,0,28,188,0,216,64,0,64,280
10/31/2013,APF,FL,ASO,ES,Federal Contract Tower,0,28,81,0,109,0,1,117,0,118,0,29,198,0,227,52,0,52,279
11/01/2013,APF,FL,ASO,ES,Federal Contract Tower,0,45,83,4,132,0,3,116,0,119,0,48,199,4,251,32,0,32,283
11/02/2013,APF,FL,ASO,ES,Federal Contract Tower,0,21,63,0,84,0,2,95,0,97,0,23,158,0,181,54,0,54,235
11/03/2013,APF,FL,ASO,ES,Federal Contract Tower,0,42,63,0,105,0,4,88,0,92,0,46,151,0,197,44,0,44,241
11/04/2013,APF,FL,ASO,ES,Federal Contract Tower,0,33,78,1,112,0,2,87,0,89,0,35,165,1,201,50,0,50,251
11/05/2013,APF,FL,ASO,ES,Federal Contract Tower,0,41,61,0,102,0,0,104,0,104,0,41,165,0,206,92,0,92,298
11/06/2013,APF,FL,ASO,ES,Federal Contract Tower,0,32,88,0,120,0,2,119,0,121,0,34,207,0,241,50,0,50,291
11/07/2013,APF,FL,ASO,ES,Federal Contract Tower,0,32,86,0,118,0,0,131,0,131,0,32,217,0,249,72,0,72,321
11/08/2013,APF,FL,ASO,ES,Federal Contract Tower,0,39,95,0,134,0,4,119,15,138,0,43,214,15,272,52,0,52,324
11/09/2013,APF,FL,ASO,ES,Federal Contract Tower,0,21,85,0,106,0,0,41,0,41,0,21,126,0,147,10,0,10,157
11/10/2013,APF,FL,ASO,ES,Federal Contract Tower,0,34,76,0,110,0,4,84,0,88,0,38,160,0,198,50,0,50,248
11/11/2013,APF,FL,ASO,ES,Federal Contract Tower,0,49,134,0,183,0,0,109,0,109,0,49,243,0,292,54,0,54,346
11/12/2013,APF,FL,ASO,ES,Federal Contract Tower,0,20,61,0,81,0,0,154,0,154,0,20,215,0,235,84,0,84,319
11/13/2013,APF,FL,ASO,ES,Federal Contract Tower,0,30,78,0,108,0,4,66,2,72,0,34,144,2,180,0,20,20,200
11/14/2013,APF,FL,ASO,ES,Federal Contract Tower,0,57,103,0,160,0,3,111,0,114,0,60,214,0,274,66,0,66,340
11/15/2013,APF,FL,ASO,ES,Federal Contract Tower,0,21,81,0,102,0,0,126,0,126,0,21,207,0,228,74,0,74,302
11/16/2013,APF,FL,ASO,ES,Federal Contract Tower,0,24,47,0,71,0,0,130,0,130,0,24,177,0,201,18,0,18,219
11/17/2013,APF,FL,ASO,ES,Federal Contract Tower,0,34,74,0,108,0,3,114,0,117,0,37,188,0,225,28,0,28,253
11/18/2013,APF,FL,ASO,ES,Federal Contract Tower,0,33,76,0,109,0,1,107,0,108,0,34,183,0,217,60,0,60,277
11/19/2013,APF,FL,ASO,ES,Federal Contract Tower,0,25,61,0,86,0,1,129,0,130,0,26,190,0,216,84,0,84,300
11/20/2013,APF,FL,ASO,ES,Federal Contract Tower,0,33,84,0,117,0,2,156,0,158,0,35,240,0,275,90,0,90,365
11/21/2013,APF,FL,ASO,ES,Federal Contract Tower,0,28,74,0,102,0,4,100,0,104,0,32,174,0,206,84,0,84,290
11/22/2013,APF,FL,ASO,ES,Federal Contract Tower,0,35,92,0,127,0,2,115,0,117,0,37,207,0,244,40,0,40,284
11/23/2013,APF,FL,ASO,ES,Federal Contract Tower,0,33,68,0,101,0,2,157,0,159,0,35,225,0,260,46,0,46,306
11/24/2013,APF,FL,ASO,ES,Federal Contract Tower,0,40,66,0,106,0,2,76,0,78,0,42,142,0,184,40,0,40,224
11/25/2013,APF,FL,ASO,ES,Federal Contract Tower,0,27,73,0,100,0,0,95,0,95,0,27,168,0,195,38,0,38,233
11/26/2013,APF,FL,ASO,ES,Federal Contract Tower,0,37,98,0,135,0,0,87,0,87,0,37,185,0,222,34,0,34,256
11/27/2013,APF,FL,ASO,ES,Federal Contract Tower,0,37,84,0,121,0,2,79,0,81,0,39,163,0,202,52,0,52,254
11/28/2013,APF,FL,ASO,ES,Federal Contract Tower,0,12,23,0,35,0,2,40,0,42,0,14,63,0,77,22,0,22,99
11/29/2013,APF,FL,ASO,ES,Federal Contract Tower,0,37,58,0,95,0,0,142,0,142,0,37,200,0,237,62,0,62,299
11/30/2013,APF,FL,ASO,ES,Federal Contract Tower,0,63,79,0,142,0,0,103,0,103,0,63,182,0,245,62,0,62,307
12/01/2013,APF,FL,ASO,ES,Federal Contract Tower,0,79,149,0,228,0,1,40,0,41,0,80,189,0,269,6,0,6,275
12/02/2013,APF,FL,ASO,ES,Federal Contract Tower,0,40,81,0,121,0,1,79,0,80,0,41,160,0,201,28,0,28,229
12/03/2013,APF,FL,ASO,ES,Federal Contract Tower,0,31,77,0,108,0,0,123,0,123,0,31,200,0,231,100,0,100,331
12/04/2013,APF,FL,ASO,ES,Federal Contract Tower,0,27,92,0,119,0,10,107,0,117,0,37,199,0,236,60,0,60,296
12/05/2013,APF,FL,ASO,ES,Federal Contract Tower,0,27,100,0,127,0,6,141,0,147,0,33,241,0,274,116,0,116,390
12/06/2013,APF,FL,ASO,ES,Federal Contract Tower,0,31,88,0,119,0,2,118,0,120,0,33,206,0,239,44,0,44,283
12/07/2013,APF,FL,ASO,ES,Federal Contract Tower,0,15,52,6,73,0,0,128,4,132,0,15,180,10,205,38,0,38,243
12/08/2013,APF,FL,ASO,ES,Federal Contract Tower,0,39,57,0,96,0,1,98,2,101,0,40,155,2,197,12,0,12,209
12/09/2013,APF,FL,ASO,ES,Federal Contract Tower,0,14,79,0,93,0,3,99,2,104,0,17,178,2,197,24,0,24,221
12/10/2013,APF,FL,ASO,ES,Federal Contract Tower,0,24,68,0,92,0,0,121,2,123,0,24,189,2,215,34,0,34,249
12/11/2013,APF,FL,ASO,ES,Federal Contract Tower,0,25,82,0,107,0,0,87,0,87,0,25,169,0,194,56,0,56,250
12/12/2013,APF,FL,ASO,ES,Federal Contract Tower,0,17,103,2,122,0,2,20,0,22,0,19,123,2,144,4,0,4,148
12/13/2013,APF,FL,ASO,ES,Federal Contract Tower,0,35,67,2,104,0,2,153,0,155,0,37,220,2,259,50,0,50,309
12/14/2013,APF,FL,ASO,ES,Federal Contract Tower,0,18,43,0,61,0,1,110,0,111,0,19,153,0,172,18,0,18,190
12/15/2013,APF,FL,ASO,ES,Federal Contract Tower,0,42,51,0,93,0,1,30,0,31,0,43,81,0,124,18,0,18,142
12/16/2013,APF,FL,ASO,ES,Federal Contract Tower,0,17,67,0,84,0,0,113,0,113,0,17,180,0,197,86,0,86,283
12/17/2013,APF,FL,ASO,ES,Federal Contract Tower,0,18,79,0,97,0,2,128,0,130,0,20,207,0,227,102,0,102,329
12/18/2013,APF,FL,ASO,ES,Federal Contract Tower,0,21,68,0,89,0,3,129,0,132,0,24,197,0,221,52,0,52,273
12/19/2013,APF,FL,ASO,ES,Federal Contract Tower,0,26,73,0,99,0,7,137,0,144,0,33,210,0,243,76,0,76,319
12/20/2013,APF,FL,ASO,ES,Federal Contract Tower,0,22,63,0,85,0,1,111,0,112,0,23,174,0,197,20,0,20,217
12/21/2013,APF,FL,ASO,ES,Federal Contract Tower,0,32,67,0,99,0,7,125,0,132,0,39,192,0,231,48,0,48,279
12/22/2013,APF,FL,ASO,ES,Federal Contract Tower,0,32,54,0,86,0,0,77,0,77,0,32,131,0,163,48,0,48,211
12/23/2013,APF,FL,ASO,ES,Federal Contract Tower,0,37,54,0,91,0,2,78,0,80,0,39,132,0,171,46,0,46,217
12/24/2013,APF,FL,ASO,ES,Federal Contract Tower,0,12,32,0,44,0,0,27,0,27,0,12,59,0,71,20,0,20,91
12/25/2013,APF,FL,ASO,ES,Federal Contract Tower,0,42,19,0,61,0,2,36,0,38,0,44,55,0,99,10,0,10,109
12/26/2013,APF,FL,ASO,ES,Federal Contract Tower,0,91,182,0,273,0,1,65,0,66,0,92,247,0,339,14,0,14,353
12/27/2013,APF,FL,ASO,ES,Federal Contract Tower,0,99,158,0,257,0,3,80,0,83,0,102,238,0,340,6,0,6,346
12/28/2013,APF,FL,ASO,ES,Federal Contract Tower,0,63,124,0,187,0,4,94,0,98,0,67,218,0,285,16,0,16,301
12/29/2013,APF,FL,ASO,ES,Federal Contract Tower,0,49,116,0,165,0,0,8,0,8,0,49,124,0,173,2,0,2,175
12/30/2013,APF,FL,ASO,ES,Federal Contract Tower,0,37,108,7,152,0,4,123,0,127,0,41,231,7,279,76,0,76,355
12/31/2013,APF,FL,ASO,ES,Federal Contract Tower,0,26,74,0,100,0,1,85,0,86,0,27,159,0,186,26,0,26,212
01/01/2014,APF,FL,ASO,ES,Federal Contract Tower,0,39,78,0,117,0,0,59,0,59,0,39,137,0,176,30,0,30,206
01/02/2014,APF,FL,ASO,ES,Federal Contract Tower,0,55,87,0,142,0,0,92,0,92,0,55,179,0,234,42,0,42,276
01/03/2014,APF,FL,ASO,ES,Federal Contract Tower,0,45,107,0,152,0,5,92,0,97,0,50,199,0,249,28,0,28,277
01/04/2014,APF,FL,ASO,ES,Federal Contract Tower,0,58,161,0,219,0,2,31,0,33,0,60,192,0,252,0,0,0,252
01/05/2014,APF,FL,ASO,ES,Federal Contract Tower,0,53,111,0,164,0,4,94,0,98,0,57,205,0,262,24,0,24,286
01/06/2014,APF,FL,ASO,ES,Federal Contract Tower,0,45,95,0,140,0,2,55,0,57,0,47,150,0,197,22,0,22,219
01/07/2014,APF,FL,ASO,ES,Federal Contract Tower,0,38,77,0,115,0,0,100,0,100,0,38,177,0,215,88,0,88,303
01/08/2014,APF,FL,ASO,ES,Federal Contract Tower,0,37,118,0,155,0,0,10,0,10,0,37,128,0,165,0,0,0,165
01/09/2014,APF,FL,ASO,ES,Federal Contract Tower,0,33,103,0,136,0,0,28,0,28,0,33,131,0,164,32,0,32,196
01/10/2014,APF,FL,ASO,ES,Federal Contract Tower,0,38,110,0,148,0,2,128,8,138,0,40,238,8,286,112,0,112,398
01/11/2014,APF,FL,ASO,ES,Federal Contract Tower,0,29,75,0,104,0,0,120,0,120,0,29,195,0,224,90,0,90,314
01/12/2014,APF,FL,ASO,ES,Federal Contract Tower,0,36,103,0,139,0,2,173,0,175,0,38,276,0,314,50,0,50,364
01/13/2014,APF,FL,ASO,ES,Federal Contract Tower,0,28,89,0,117,0,2,150,0,152,0,30,239,0,269,90,0,90,359
01/14/2014,APF,FL,ASO,ES,Federal Contract Tower,0,34,89,0,123,0,1,94,0,95,0,35,183,0,218,92,0,92,310
01/15/2014,APF,FL,ASO,ES,Federal Contract Tower,0,33,98,0,131,0,0,120,0,120,0,33,218,0,251,84,0,84,335
01/16/2014,APF,FL,ASO,ES,Federal Contract Tower,0,41,96,1,138,0,0,109,0,109,0,41,205,1,247,82,0,82,329
01/17/2014,APF,FL,ASO,ES,Federal Contract Tower,0,35,103,0,138,0,2,162,0,164,0,37,265,0,302,64,0,64,366
01/18/2014,APF,FL,ASO,ES,Federal Contract Tower,0,22,77,0,99,0,0,147,0,147,0,22,224,0,246,74,0,74,320
01/19/2014,APF,FL,ASO,ES,Federal Contract Tower,0,36,92,2,130,0,1,145,0,146,0,37,237,2,276,12,0,12,288
01/20/2014,APF,FL,ASO,ES,Federal Contract Tower,0,34,115,0,149,0,3,161,0,164,0,37,276,0,313,64,0,64,377
01/21/2014,APF,FL,ASO,ES,Federal Contract Tower,0,28,101,0,129,0,1,77,0,78,0,29,178,0,207,66,0,66,273
01/22/2014,APF,FL,ASO,ES,Federal Contract Tower,0,30,98,0,128,0,3,148,0,151,0,33,246,0,279,66,0,66,345
01/23/2014,APF,FL,ASO,ES,Federal Contract Tower,0,49,97,0,146,0,0,156,0,156,0,49,253,0,302,88,0,88,390
01/24/2014,APF,FL,ASO,ES,Federal Contract Tower,0,51,107,0,158,0,0,115,0,115,0,51,222,0,273,60,0,60,333
01/25/2014,APF,FL,ASO,ES,Federal Contract Tower,0,31,71,0,102,0,0,169,0,169,0,31,240,0,271,68,0,68,339
01/26/2014,APF,FL,ASO,ES,Federal Contract Tower,0,59,104,0,163,0,0,105,0,105,0,59,209,0,268,44,0,44,312
01/27/2014,APF,FL,ASO,ES,Federal Contract Tower,0,29,100,0,129,0,0,123,0,123,0,29,223,0,252,86,0,86,338
01/28/2014,APF,FL,ASO,ES,Federal Contract Tower,0,36,110,0,146,0,3,110,0,113,0,39,220,0,259,132,0,132,391
01/29/2014,APF,FL,ASO,ES,Federal Contract Tower,0,15,101,0,116,0,0,6,0,6,0,15,107,0,122,16,0,16,138
01/30/2014,APF,FL,ASO,ES,Federal Contract Tower,0,53,111,0,164,0,0,0,0,0,0,53,111,0,164,0,0,0,164
01/31/2014,APF,FL,ASO,ES,Federal Contract Tower,0,38,112,0,150,0,0,52,0,52,0,38,164,0,202,60,0,60,262
02/01/2014,APF,FL,ASO,ES,Federal Contract Tower,0,28,83,0,111,0,3,163,0,166,0,31,246,0,277,92,0,92,369
02/02/2014,APF,FL,ASO,ES,Federal Contract Tower,0,46,92,0,138,0,2,104,0,106,0,48,196,0,244,48,0,48,292
02/03/2014,APF,FL,ASO,ES,Federal Contract Tower,0,31,118,0,149,0,1,132,0,133,0,32,250,0,282,110,0,110,392
02/04/2014,APF,FL,ASO,ES,Federal Contract Tower,0,24,82,0,106,0,0,164,0,164,0,24,246,0,270,180,0,180,450
02/05/2014,APF,FL,ASO,ES,Federal Contract Tower,0,38,82,0,120,0,3,139,0,142,0,41,221,0,262,228,0,228,490
02/06/2014,APF,FL,ASO,ES,Federal Contract Tower,0,43,169,0,212,0,0,125,0,125,0,43,294,0,337,96,0,96,433
02/07/2014,APF,FL,ASO,ES,Federal Contract Tower,0,50,120,0,170,0,4,114,0,118,0,54,234,0,288,144,0,144,432
02/08/2014,APF,FL,ASO,ES,Federal Contract Tower,0,27,73,0,100,0,1,130,0,131,0,28,203,0,231,152,0,152,383
02/09/2014,APF,FL,ASO,ES,Federal Contract Tower,0,54,122,0,176,0,1,62,10,73,0,55,184,10,249,26,0,26,275
02/10/2014,APF,FL,ASO,ES,Federal Contract Tower,0,43,92,2,137,0,3,176,0,179,0,46,268,2,316,100,0,100,416
02/11/2014,APF,FL,ASO,ES,Federal Contract Tower,0,38,84,0,122,0,5,207,0,212,0,43,291,0,334,110,0,110,444
02/12/2014,APF,FL,ASO,ES,Federal Contract Tower,0,51,131,0,182,0,0,137,0,137,0,51,268,0,319,82,0,82,401
02/13/2014,APF,FL,ASO,ES,Federal Contract Tower,0,45,150,0,195,0,1,53,0,54,0,46,203,0,249,72,0,72,321
02/14/2014,APF,FL,ASO,ES,Federal Contract Tower,0,69,188,0,257,0,1,198,0,199,0,70,386,0,456,98,0,98,554
02/15/2014,APF,FL,ASO,ES,Federal Contract Tower,0,44,96,0,140,0,1,156,0,157,0,45,252,0,297,66,0,66,363
02/16/2014,APF,FL,ASO,ES,Federal Contract Tower,0,54,91,0,145,0,1,174,0,175,0,55,265,0,320,40,0,40,360
02/17/2014,APF,FL,ASO,ES,Federal Contract Tower,0,53,172,0,225,0,5,205,0,210,0,58,377,0,435,118,0,118,553
02/18/2014,APF,FL,ASO,ES,Federal Contract Tower,0,45,155,0,200,0,0,169,6,175,0,45,324,6,375,44,0,44,419
02/19/2014,APF,FL,ASO,ES,Federal Contract Tower,0,55,127,0,182,0,1,158,0,159,0,56,285,0,341,80,0,80,421
02/20/2014,APF,FL,ASO,ES,Federal Contract Tower,0,63,125,0,188,0,1,180,0,181,0,64,305,0,369,92,0,92,461
02/21/2014,APF,FL,ASO,ES,Federal Contract Tower,0,46,125,0,171,0,2,89,0,91,0,48,214,0,262,38,0,38,300
02/22/2014,APF,FL,ASO,ES,Federal Contract Tower,0,29,95,0,124,0,4,81,0,85,0,33,176,0,209,52,0,52,261
02/23/2014,APF,FL,ASO,ES,Federal Contract Tower,0,55,151,0,206,0,0,75,0,75,0,55,226,0,281,22,0,22,303
02/24/2014,APF,FL,ASO,ES,Federal Contract Tower,0,35,111,0,146,0,0,137,0,137,0,35,248,0,283,142,0,142,425
02/25/2014,APF,FL,ASO,ES,Federal Contract Tower,0,32,114,0,146,0,1,94,0,95,0,33,208,0,241,66,0,66,307
02/26/2014,APF,FL,ASO,ES,Federal Contract Tower,0,49,88,0,137,0,2,99,0,101,0,51,187,0,238,72,0,72,310
02/27/2014,APF,FL,ASO,ES,Federal Contract Tower,0,48,110,4,162,0,1,97,0,98,0,49,207,4,260,72,0,72,332
02/28/2014,APF,FL,ASO,ES,Federal Contract Tower,0,48,135,2,185,0,2,175,0,177,0,50,310,2,362,78,0,78,440
03/01/2014,APF,FL,ASO,ES,Federal Contract Tower,0,32,85,0,117,0,1,181,0,182,0,33,266,0,299,68,0,68,367
03/02/2014,APF,FL,ASO,ES,Federal Contract Tower,0,48,121,0,169,0,1,136,0,137,0,49,257,0,306,48,0,48,354
03/03/2014,APF,FL,ASO,ES,Federal Contract Tower,0,30,82,0,112,0,2,142,0,144,0,32,224,0,256,50,0,50,306
03/04/2014,APF,FL,ASO,ES,Federal Contract Tower,0,32,117,0,149,0,0,150,0,150,0,32,267,0,299,34,0,34,333
03/05/2014,APF,FL,ASO,ES,Federal Contract Tower,0,42,107,0,149,0,0,169,0,169,0,42,276,0,318,84,0,84,402
03/06/2014,APF,FL,ASO,ES,Federal Contract Tower,0,41,83,0,124,0,0,48,0,48,0,41,131,0,172,64,0,64,236
03/07/2014,APF,FL,ASO,ES,Federal Contract Tower,0,57,137,0,194,0,0,112,0,112,0,57,249,0,306,58,0,58,364
03/08/2014,APF,FL,ASO,ES,Federal Contract Tower,0,59,105,0,164,0,0,162,0,162,0,59,267,0,326,46,0,46,372
03/09/2014,APF,FL,ASO,ES,Federal Contract Tower,0,48,135,0,183,0,5,166,0,171,0,53,301,0,354,32,0,32,386
03/10/2014,APF,FL,ASO,ES,Federal Contract Tower,0,44,114,0,158,0,0,159,0,159,0,44,273,0,317,74,0,74,391
03/11/2014,APF,FL,ASO,ES,Federal Contract Tower,0,63,130,0,193,0,1,187,0,188,0,64,317,0,381,120,0,120,501
03/12/2014,APF,FL,ASO,ES,Federal Contract Tower,0,37,103,0,140,0,0,109,0,109,0,37,212,0,249,56,0,56,305
03/13/2014,APF,FL,ASO,ES,Federal Contract Tower,0,51,132,0,183,0,0,113,0,113,0,51,245,0,296,54,0,54,350
03/14/2014,APF,FL,ASO,ES,Federal Contract Tower,0,54,131,0,185,0,0,150,2,152,0,54,281,2,337,50,0,50,387
03/15/2014,APF,FL,ASO,ES,Federal Contract Tower,0,2,167,0,169,0,40,116,0,156,0,42,283,0,325,40,0,40,365
03/16/2014,APF,FL,ASO,ES,Federal Contract Tower,0,59,123,0,182,0,0,109,0,109,0,59,232,0,291,36,4,40,331
03/17/2014,APF,FL,ASO,ES,Federal Contract Tower,0,40,66,0,106,0,2,33,0,35,0,42,99,0,141,20,0,20,161
03/18/2014,APF,FL,ASO,ES,Federal Contract Tower,0,40,97,0,137,0,4,80,0,84,0,44,177,0,221,78,0,78,299
03/19/2014,APF,FL,ASO,ES,Federal Contract Tower,0,41,126,0,167,0,3,146,0,149,0,44,272,0,316,84,0,84,400
03/20/2014,APF,FL,ASO,ES,Federal Contract Tower,0,43,124,0,167,0,0,102,0,102,0,43,226,0,269,62,0,62,331
03/21/2014,APF,FL,ASO,ES,Federal Contract Tower,0,60,131,2,193,0,0,107,0,107,0,60,238,2,300,46,0,46,346
03/22/2014,APF,FL,ASO,ES,Federal Contract Tower,0,64,113,0,177,0,0,171,0,171,0,64,284,0,348,68,0,68,416
03/23/2014,APF,FL,ASO,ES,Federal Contract Tower,0,65,143,0,208,0,0,148,0,148,0,65,291,0,356,56,0,56,412
03/24/2014,APF,FL,ASO,ES,Federal Contract Tower,0,44,84,0,128,0,0,88,0,88,0,44,172,0,216,92,0,92,308
03/25/2014,APF,FL,ASO,ES,Federal Contract Tower,0,39,108,0,147,0,6,66,0,72,0,45,174,0,219,108,0,108,327
03/26/2014,APF,FL,ASO,ES,Federal Contract Tower,0,44,120,0,164,0,1,146,0,147,0,45,266,0,311,46,0,46,357
03/27/2014,APF,FL,ASO,ES,Federal Contract Tower,0,44,113,0,157,0,2,126,0,128,0,46,239,0,285,98,0,98,383
03/28/2014,APF,FL,ASO,ES,Federal Contract Tower,0,42,115,0,157,0,0,133,0,133,0,42,248,0,290,126,0,126,416
03/29/2014,APF,FL,ASO,ES,Federal Contract Tower,0,39,91,0,130,0,0,36,0,36,0,39,127,0,166,50,0,50,216
03/30/2014,APF,FL,ASO,ES,Federal Contract Tower,0,81,140,0,221,0,3,127,0,130,0,84,267,0,351,4,0,4,355
03/31/2014,APF,FL,ASO,ES,Federal Contract Tower,0,38,96,0,134,0,1,159,0,160,0,39,255,0,294,68,0,68,362
04/01/2014,APF,FL,ASO,ES,Federal Contract Tower,0,35,92,0,127,0,3,151,0,154,0,38,243,0,281,150,0,150,431
04/02/2014,APF,FL,ASO,ES,Federal Contract Tower,0,37,92,0,129,0,3,124,0,127,0,40,216,0,256,120,0,120,376
04/03/2014,APF,FL,ASO,ES,Federal Contract Tower,0,37,104,0,141,0,2,166,0,168,0,39,270,0,309,66,0,66,375
04/04/2014,APF,FL,ASO,ES,Federal Contract Tower,0,37,114,0,151,0,0,118,0,118,0,37,232,0,269,72,0,72,341
04/05/2014,APF,FL,ASO,ES,Federal Contract Tower,0,36,111,0,147,0,0,142,0,142,0,36,253,0,289,50,0,50,339
04/06/2014,APF,FL,ASO,ES,Federal Contract Tower,0,75,123,0,198,0,3,96,2,101,0,78,219,2,299,30,22,52,351
04/07/2014,APF,FL,ASO,ES,Federal Contract Tower,0,29,75,0,104,0,0,77,0,77,0,29,152,0,181,66,0,66,247
04/08/2014,APF,FL,ASO,ES,Federal Contract Tower,0,40,71,0,111,0,0,26,0,26,0,40,97,0,137,8,0,8,145
04/09/2014,APF,FL,ASO,ES,Federal Contract Tower,0,48,127,0,175,0,5,96,0,101,0,53,223,0,276,62,0,62,338
04/10/2014,APF,FL,ASO,ES,Federal Contract Tower,0,29,107,0,136,0,1,156,0,157,0,30,263,0,293,92,0,92,385
04/11/2014,APF,FL,ASO,ES,Federal Contract Tower,0,45,124,0,169,0,2,155,0,157,0,47,279,0,326,106,0,106,432
04/12/2014,APF,FL,ASO,ES,Federal Contract Tower,0,46,94,0,140,0,1,189,0,190,0,47,283,0,330,54,0,54,384
04/13/2014,APF,FL,ASO,ES,Federal Contract Tower,0,62,105,0,167,0,2,101,0,103,0,64,206,0,270,46,0,46,316
04/14/2014,APF,FL,ASO,ES,Federal Contract Tower,0,30,85,0,115,0,3,95,0,98,0,33,180,0,213,76,0,76,289
04/15/2014,APF,FL,ASO,ES,Federal Contract Tower,0,34,79,0,113,0,2,62,2,66,0,36,141,2,179,26,0,26,205
04/16/2014,APF,FL,ASO,ES,Federal Contract Tower,0,45,132,8,185,0,0,78,0,78,0,45,210,8,263,46,0,46,309
04/17/2014,APF,FL,ASO,ES,Federal Contract Tower,0,55,116,0,171,0,0,75,0,75,0,55,191,0,246,26,0,26,272
04/18/2014,APF,FL,ASO,ES,Federal Contract Tower,0,36,105,0,141,0,0,80,0,80,0,36,185,0,221,54,0,54,275
04/19/2014,APF,FL,ASO,ES,Federal Contract Tower,0,35,70,0,105,0,1,100,0,101,0,36,170,0,206,42,0,42,248
04/20/2014,APF,FL,ASO,ES,Federal Contract Tower,0,45,90,0,135,0,0,74,0,74,0,45,164,0,209,26,0,26,235
04/21/2014,APF,FL,ASO,ES,Federal Contract Tower,0,66,155,0,221,0,1,98,0,99,0,67,253,0,320,80,0,80,400
04/22/2014,APF,FL,ASO,ES,Federal Contract Tower,0,52,72,0,124,0,3,126,0,129,0,55,198,0,253,66,0,66,319
04/23/2014,APF,FL,ASO,ES,Federal Contract Tower,0,34,102,0,136,0,4,118,0,122,0,38,220,0,258,40,0,40,298
04/24/2014,APF,FL,ASO,ES,Federal Contract Tower,0,41,97,0,138,0,1,124,0,125,0,42,221,0,263,84,0,84,347
04/25/2014,APF,FL,ASO,ES,Federal Contract Tower,0,39,97,2,138,0,0,122,0,122,0,39,219,2,260,30,0,30,290
04/26/2014,APF,FL,ASO,ES,Federal Contract Tower,0,44,64,0,108,0,2,145,0,147,0,46,209,0,255,16,0,16,271
04/27/2014,APF,FL,ASO,ES,Federal Contract Tower,0,56,83,1,140,0,0,90,1,91,0,56,173,2,231,2,0,2,233
04/28/2014,APF,FL,ASO,ES,Federal Contract Tower,0,41,73,0,114,0,2,123,0,125,0,43,196,0,239,76,0,76,315
04/29/2014,APF,FL,ASO,ES,Federal Contract Tower,0,25,60,0,85,0,2,121,0,123,0,27,181,0,208,40,0,40,248
04/30/2014,APF,FL,ASO,ES,Federal Contract Tower,0,38,65,0,103,0,0,108,0,108,0,38,173,0,211,52,0,52,263
05/01/2014,APF,FL,ASO,ES,Federal Contract Tower,0,35,87,0,122,0,0,93,0,93,0,35,180,0,215,50,0,50,265
05/02/2014,APF,FL,ASO,ES,Federal Contract Tower,0,37,76,0,113,0,2,99,0,101,0,39,175,0,214,66,0,66,280
05/03/2014,APF,FL,ASO,ES,Federal Contract Tower,0,21,39,0,60,0,0,42,0,42,0,21,81,0,102,20,0,20,122
05/04/2014,APF,FL,ASO,ES,Federal Contract Tower,0,38,100,0,138,0,0,98,0,98,0,38,198,0,236,8,0,8,244
05/05/2014,APF,FL,ASO,ES,Federal Contract Tower,0,22,71,0,93,0,0,148,0,148,0,22,219,0,241,90,0,90,331
05/06/2014,APF,FL,ASO,ES,Federal Contract Tower,0,25,57,0,82,0,0,147,0,147,0,25,204,0,229,90,0,90,319
05/07/2014,APF,FL,ASO,ES,Federal Contract Tower,0,30,95,0,125,0,2,153,0,155,0,32,248,0,280,50,0,50,330
05/08/2014,APF,FL,ASO,ES,Federal Contract Tower,0,34,75,0,109,0,1,122,0,123,0,35,197,0,232,74,0,74,306
05/09/2014,APF,FL,ASO,ES,Federal Contract Tower,0,27,77,0,104,0,2,138,0,140,0,29,215,0,244,108,0,108,352
05/10/2014,APF,FL,ASO,ES,Federal Contract Tower,0,30,62,0,92,0,3,135,0,138,0,33,197,0,230,124,0,124,354
05/11/2014,APF,FL,ASO,ES,Federal Contract Tower,0,29,68,0,97,0,2,89,0,91,0,31,157,0,188,24,0,24,212
05/12/2014,APF,FL,ASO,ES,Federal Contract Tower,0,35,62,0,97,0,0,98,0,98,0,35,160,0,195,58,0,58,253
05/13/2014,APF,FL,ASO,ES,Federal Contract Tower,0,13,65,0,78,0,0,83,0,83,0,13,148,0,161,62,0,62,223
05/14/2014,APF,FL,ASO,ES,Federal Contract Tower,0,28,52,0,80,0,0,85,0,85,0,28,137,0,165,32,0,32,197
05/15/2014,APF,FL,ASO,ES,Federal Contract Tower,0,33,77,2,112,0,0,60,0,60,0,33,137,2,172,56,0,56,228
05/16/2014,APF,FL,ASO,ES,Federal Contract Tower,0,18,92,0,110,0,2,112,0,114,0,20,204,0,224,58,0,58,282
05/17/2014,APF,FL,ASO,ES,Federal Contract Tower,0,14,61,0,75,0,0,96,0,96,0,14,157,0,171,16,0,16,187
05/18/2014,APF,FL,ASO,ES,Federal Contract Tower,0,14,53,0,67,0,0,92,0,92,0,14,145,0,159,28,0,28,187
05/19/2014,APF,FL,ASO,ES,Federal Contract Tower,0,25,53,2,80,0,0,114,0,114,0,25,167,2,194,44,0,44,238
05/20/2014,APF,FL,ASO,ES,Federal Contract Tower,0,19,53,0,72,0,0,87,0,87,0,19,140,0,159,58,0,58,217
05/21/2014,APF,FL,ASO,ES,Federal Contract Tower,0,21,68,0,89,0,0,87,0,87,0,21,155,0,176,90,0,90,266
05/22/2014,APF,FL,ASO,ES,Federal Contract Tower,0,30,85,0,115,0,6,125,0,131,0,36,210,0,246,86,0,86,332
05/23/2014,APF,FL,ASO,ES,Federal Contract Tower,0,40,73,0,113,0,2,148,0,150,0,42,221,0,263,64,0,64,327
05/24/2014,APF,FL,ASO,ES,Federal Contract Tower,0,16,25,0,41,0,0,138,0,138,0,16,163,0,179,32,0,32,211
05/25/2014,APF,FL,ASO,ES,Federal Contract Tower,0,16,30,0,46,0,1,82,0,83,0,17,112,0,129,34,0,34,163
05/26/2014,APF,FL,ASO,ES,Federal Contract Tower,0,21,55,0,76,0,1,96,0,97,0,22,151,0,173,22,0,22,195
05/27/2014,APF,FL,ASO,ES,Federal Contract Tower,0,14,62,0,76,0,1,94,0,95,0,15,156,0,171,128,0,128,299
05/28/2014,APF,FL,ASO,ES,Federal Contract Tower,0,23,59,0,82,0,2,88,0,90,0,25,147,0,172,72,0,72,244
05/29/2014,APF,FL,ASO,ES,Federal Contract Tower,0,17,63,0,80,0,0,87,0,87,0,17,150,0,167,44,0,44,211
05/30/2014,APF,FL,ASO,ES,Federal Contract Tower,0,27,53,0,80,0,0,77,0,77,0,27,130,0,157,76,0,76,233
05/31/2014,APF,FL,ASO,ES,Federal Contract Tower,0,16,38,0,54,0,0,81,0,81,0,16,119,0,135,32,0,32,167
06/01/2014,APF,FL,ASO,ES,Federal Contract Tower,0,35,35,0,70,0,0,55,0,55,0,35,90,0,125,18,0,18,143
06/02/2014,APF,FL,ASO,ES,Federal Contract Tower,0,19,46,1,66,0,1,28,1,30,0,20,74,2,96,38,0,38,134
06/03/2014,APF,FL,ASO,ES,Federal Contract Tower,0,13,48,0,61,0,1,64,0,65,0,14,112,0,126,122,0,122,248
06/04/2014,APF,FL,ASO,ES,Federal Contract Tower,0,18,60,0,78,0,0,133,0,133,0,18,193,0,211,76,0,76,287
06/05/2014,APF,FL,ASO,ES,Federal Contract Tower,0,14,42,0,56,0,0,138,0,138,0,14,180,0,194,52,0,52,246
06/06/2014,APF,FL,ASO,ES,Federal Contract Tower,0,14,72,0,86,0,2,98,0,100,0,16,170,0,186,38,0,38,224
06/07/2014,APF,FL,ASO,ES,Federal Contract Tower,0,13,48,0,61,0,0,77,0,77,0,13,125,0,138,28,0,28,166
06/08/2014,APF,FL,ASO,ES,Federal Contract Tower,0,17,30,0,47,0,0,65,0,65,0,17,95,0,112,4,0,4,116
06/09/2014,APF,FL,ASO,ES,Federal Contract Tower,0,6,54,0,60,0,0,60,0,60,0,6,114,0,120,66,0,66,186
06/10/2014,APF,FL,ASO,ES,Federal Contract Tower,0,15,35,0,50,0,0,72,0,72,0,15,107,0,122,56,0,56,178
06/11/2014,APF,FL,ASO,ES,Federal Contract Tower,0,14,51,0,65,0,0,89,0,89,0,14,140,0,154,44,0,44,198
06/12/2014,APF,FL,ASO,ES,Federal Contract Tower,0,23,54,0,77,0,0,80,0,80,0,23,134,0,157,46,0,46,203
06/13/2014,APF,FL,ASO,ES,Federal Contract Tower,0,18,38,0,56,0,5,92,0,97,0,23,130,0,153,50,0,50,203
06/14/2014,APF,FL,ASO,ES,Federal Contract Tower,0,8,42,0,50,0,0,96,0,96,0,8,138,0,146,40,0,40,186
06/15/2014,APF,FL,ASO,ES,Federal Contract Tower,0,8,36,0,44,0,0,52,0,52,0,8,88,0,96,14,0,14,110
06/16/2014,APF,FL,ASO,ES,Federal Contract Tower,0,9,38,0,47,0,1,74,0,75,0,10,112,0,122,68,0,68,190
06/17/2014,APF,FL,ASO,ES,Federal Contract Tower,0,12,23,0,35,0,1,72,0,73,0,13,95,0,108,72,0,72,180
06/18/2014,APF,FL,ASO,ES,Federal Contract Tower,0,12,62,0,74,0,0,73,0,73,0,12,135,0,147,68,0,68,215
06/19/2014,APF,FL,ASO,ES,Federal Contract Tower,0,13,43,0,56,0,0,95,0,95,0,13,138,0,151,66,0,66,217
06/20/2014,APF,FL,ASO,ES,Federal Contract Tower,0,15,64,0,79,0,0,93,0,93,0,15,157,0,172,36,0,36,208
06/21/2014,APF,FL,ASO,ES,Federal Contract Tower,0,14,35,0,49,0,1,69,0,70,0,15,104,0,119,14,0,14,133
06/22/2014,APF,FL,ASO,ES,Federal Contract Tower,0,14,49,0,63,0,1,73,0,74,0,15,122,0,137,12,0,12,149
06/23/2014,APF,FL,ASO,ES,Federal Contract Tower,0,20,40,0,60,0,1,106,0,107,0,21,146,0,167,108,0,108,275
06/24/2014,APF,FL,ASO,ES,Federal Contract Tower,0,9,28,8,45,0,0,123,0,123,0,9,151,8,168,88,0,88,256
06/25/2014,APF,FL,ASO,ES,Federal Contract Tower,0,13,47,0,60,0,0,86,0,86,0,13,133,0,146,40,0,40,186
06/26/2014,APF,FL,ASO,ES,Federal Contract Tower,0,15,47,0,62,0,0,90,0,90,0,15,137,0,152,22,0,22,174
06/27/2014,APF,FL,ASO,ES,Federal Contract Tower,0,17,38,0,55,0,1,67,0,68,0,18,105,0,123,32,0,32,155
06/28/2014,APF,FL,ASO,ES,Federal Contract Tower,0,5,30,0,35,0,1,86,0,87,0,6,116,0,122,24,0,24,146
06/29/2014,APF,FL,ASO,ES,Federal Contract Tower,0,11,30,0,41,0,0,58,0,58,0,11,88,0,99,18,0,18,117
06/30/2014,APF,FL,ASO,ES,Federal Contract Tower,0,11,41,0,52,0,0,78,0,78,0,11,119,0,130,12,0,12,142
07/01/2014,APF,FL,ASO,ES,Federal Contract Tower,0,10,60,0,70,0,0,80,0,80,0,10,140,0,150,36,0,36,186
07/02/2014,APF,FL,ASO,ES,Federal Contract Tower,0,17,52,0,69,0,0,67,0,67,0,17,119,0,136,52,0,52,188
07/03/2014,APF,FL,ASO,ES,Federal Contract Tower,0,11,54,0,65,0,0,79,0,79,0,11,133,0,144,70,0,70,214
07/04/2014,APF,FL,ASO,ES,Federal Contract Tower,0,8,28,0,36,0,0,77,0,77,0,8,105,0,113,22,0,22,135
07/05/2014,APF,FL,ASO,ES,Federal Contract Tower,0,15,21,0,36,0,0,53,0,53,0,15,74,0,89,16,0,16,105
07/06/2014,APF,FL,ASO,ES,Federal Contract Tower,0,22,46,0,68,0,0,45,0,45,0,22,91,0,113,16,0,16,129
07/07/2014,APF,FL,ASO,ES,Federal Contract Tower,0,9,31,0,40,0,0,46,0,46,0,9,77,0,86,46,0,46,132
07/08/2014,APF,FL,ASO,ES,Federal Contract Tower,0,15,31,0,46,0,0,85,0,85,0,15,116,0,131,56,0,56,187
07/09/2014,APF,FL,ASO,ES,Federal Contract Tower,0,13,43,8,64,0,0,68,0,68,0,13,111,8,132,44,0,44,176
07/10/2014,APF,FL,ASO,ES,Federal Contract Tower,0,9,46,0,55,0,0,76,0,76,0,9,122,0,131,56,0,56,187
07/11/2014,APF,FL,ASO,ES,Federal Contract Tower,0,17,35,0,52,0,0,82,0,82,0,17,117,0,134,34,0,34,168
07/12/2014,APF,FL,ASO,ES,Federal Contract Tower,0,6,24,0,30,0,0,60,0,60,0,6,84,0,90,20,0,20,110
07/13/2014,APF,FL,ASO,ES,Federal Contract Tower,0,22,38,0,60,0,0,81,0,81,0,22,119,0,141,14,0,14,155
07/14/2014,APF,FL,ASO,ES,Federal Contract Tower,0,12,33,0,45,0,1,57,0,58,0,13,90,0,103,54,0,54,157
07/15/2014,APF,FL,ASO,ES,Federal Contract Tower,0,8,32,0,40,0,0,32,0,32,0,8,64,0,72,40,0,40,112
07/16/2014,APF,FL,ASO,ES,Federal Contract Tower,0,16,51,0,67,0,0,50,0,50,0,16,101,0,117,74,0,74,191
07/17/2014,APF,FL,ASO,ES,Federal Contract Tower,0,7,63,0,70,0,0,46,0,46,0,7,109,0,116,38,0,38,154
07/18/2014,APF,FL,ASO,ES,Federal Contract Tower,0,12,34,0,46,0,0,91,0,91,0,12,125,0,137,54,0,54,191
07/19/2014,APF,FL,ASO,ES,Federal Contract Tower,0,10,32,0,42,0,0,84,0,84,0,10,116,0,126,34,0,34,160
07/20/2014,APF,FL,ASO,ES,Federal Contract Tower,0,7,36,0,43,0,0,67,0,67,0,7,103,0,110,24,0,24,134
07/21/2014,APF,FL,ASO,ES,Federal Contract Tower,0,5,34,0,39,0,0,68,0,68,0,5,102,0,107,38,0,38,145
07/22/2014,APF,FL,ASO,ES,Federal Contract Tower,0,14,32,0,46,0,2,52,0,54,0,16,84,0,100,16,0,16,116
07/23/2014,APF,FL,ASO,ES,Federal Contract Tower,0,9,49,0,58,0,2,73,0,75,0,11,122,0,133,62,0,62,195
07/24/2014,APF,FL,ASO,ES,Federal Contract Tower,0,6,36,0,42,0,2,100,0,102,0,8,136,0,144,32,0,32,176
07/25/2014,APF,FL,ASO,ES,Federal Contract Tower,0,11,30,0,41,0,4,79,0,83,0,15,109,0,124,52,0,52,176
07/26/2014,APF,FL,ASO,ES,Federal Contract Tower,0,9,36,0,45,0,1,43,0,44,0,10,79,0,89,22,0,22,111
07/27/2014,APF,FL,ASO,ES,Federal Contract Tower,0,19,31,0,50,0,0,46,0,46,0,19,77,0,96,20,0,20,116
07/28/2014,APF,FL,ASO,ES,Federal Contract Tower,0,5,34,2,41,0,0,112,0,112,0,5,146,2,153,46,0,46,199
07/29/2014,APF,FL,ASO,ES,Federal Contract Tower,0,16,33,0,49,0,1,65,0,66,0,17,98,0,115,16,0,16,131
07/30/2014,APF,FL,ASO,ES,Federal Contract Tower,0,9,31,0,40,0,4,67,0,71,0,13,98,0,111,28,0,28,139
07/31/2014,APF,FL,ASO,ES,Federal Contract Tower,0,7,39,0,46,0,0,80,0,80,0,7,119,0,126,28,0,28,154
08/01/2014,APF,FL,ASO,ES,Federal Contract Tower,0,17,46,0,63,0,0,73,0,73,0,17,119,0,136,4,0,4,140
08/02/2014,APF,FL,ASO,ES,Federal Contract Tower,0,6,28,0,34,0,0,58,0,58,0,6,86,0,92,58,0,58,150
08/03/2014,APF,FL,ASO,ES,Federal Contract Tower,0,12,35,0,47,0,0,38,0,38,0,12,73,0,85,8,0,8,93
08/04/2014,APF,FL,ASO,ES,Federal Contract Tower,0,4,26,0,30,0,1,32,0,33,0,5,58,0,63,14,0,14,77
08/05/2014,APF,FL,ASO,ES,Federal Contract Tower,0,8,40,0,48,0,3,68,0,71,0,11,108,0,119,34,0,34,153
08/06/2014,APF,FL,ASO,ES,Federal Contract Tower,0,11,51,0,62,0,1,88,0,89,0,12,139,0,151,32,0,32,183
08/07/2014,APF,FL,ASO,ES,Federal Contract Tower,0,7,15,0,22,0,2,79,0,81,0,9,94,0,103,54,0,54,157
08/08/2014,APF,FL,ASO,ES,Federal Contract Tower,0,20,40,0,60,0,0,82,0,82,0,20,122,0,142,14,0,14,156
08/09/2014,APF,FL,ASO,ES,Federal Contract Tower,0,8,29,0,37,0,1,96,0,97,0,9,125,0,134,24,0,24,158
08/10/2014,APF,FL,ASO,ES,Federal Contract Tower,0,13,60,0,73,0,0,101,0,101,0,13,161,0,174,24,0,24,198
08/11/2014,APF,FL,ASO,ES,Federal Contract Tower,0,6,38,0,44,0,2,110,0,112,0,8,148,0,156,64,0,64,220
08/12/2014,APF,FL,ASO,ES,Federal Contract Tower,0,15,31,0,46,0,5,99,2,106,0,20,130,2,152,26,0,26,178
08/13/2014,APF,FL,ASO,ES,Federal Contract Tower,0,13,36,0,49,0,5,74,0,79,0,18,110,0,128,44,0,44,172
08/14/2014,APF,FL,ASO,ES,Federal Contract Tower,0,10,52,0,62,0,2,74,0,76,0,12,126,0,138,58,0,58,196
08/15/2014,APF,FL,ASO,ES,Federal Contract Tower,0,12,39,0,51,0,1,73,0,74,0,13,112,0,125,32,0,32,157
08/16/2014,APF,FL,ASO,ES,Federal Contract Tower,0,13,21,0,34,0,0,86,0,86,0,13,107,0,120,22,0,22,142
08/17/2014,APF,FL,ASO,ES,Federal Contract Tower,0,12,43,0,55,0,0,83,0,83,0,12,126,0,138,18,0,18,156
08/18/2014,APF,FL,ASO,ES,Federal Contract Tower,0,7,45,0,52,0,0,113,0,113,0,7,158,0,165,66,0,66,231
08/19/2014,APF,FL,ASO,ES,Federal Contract Tower,0,7,42,0,49,0,5,70,0,75,0,12,112,0,124,42,0,42,166
08/20/2014,APF,FL,ASO,ES,Federal Contract Tower,0,14,35,0,49,0,0,67,0,67,0,14,102,0,116,54,0,54,170
08/21/2014,APF,FL,ASO,ES,Federal Contract Tower,0,16,49,0,65,0,0,54,0,54,0,16,103,0,119,28,0,28,147
08/22/2014,APF,FL,ASO,ES,Federal Contract Tower,0,11,55,0,66,0,6,84,0,90,0,17,139,0,156,34,0,34,190
08/23/2014,APF,FL,ASO,ES,Federal Contract Tower,0,5,26,0,31,0,0,82,0,82,0,5,108,0,113,32,0,32,145
08/24/2014,APF,FL,ASO,ES,Federal Contract Tower,0,10,32,0,42,0,0,73,0,73,0,10,105,0,115,12,0,12,127
08/25/2014,APF,FL,ASO,ES,Federal Contract Tower,0,5,30,0,35,0,1,94,0,95,0,6,124,0,130,148,0,148,278
08/26/2014,APF,FL,ASO,ES,Federal Contract Tower,0,4,50,6,60,0,0,89,0,89,0,4,139,6,149,20,0,20,169
08/27/2014,APF,FL,ASO,ES,Federal Contract Tower,0,10,39,4,53,0,1,104,0,105,0,11,143,4,158,30,0,30,188
08/28/2014,APF,FL,ASO,ES,Federal Contract Tower,0,8,54,0,62,0,0,57,0,57,0,8,111,0,119,50,0,50,169
08/29/2014,APF,FL,ASO,ES,Federal Contract Tower,0,13,54,0,67,0,0,74,0,74,0,13,128,0,141,36,0,36,177
08/30/2014,APF,FL,ASO,ES,Federal Contract Tower,0,17,39,0,56,0,0,92,0,92,0,17,131,0,148,50,0,50,198
08/31/2014,APF,FL,ASO,ES,Federal Contract Tower,0,6,21,0,27,0,0,58,0,58,0,6,79,0,85,10,0,10,95
09/01/2014,APF,FL,ASO,ES,Federal Contract Tower,0,10,40,0,50,0,4,80,0,84,0,14,120,0,134,46,0,46,180
09/02/2014,APF,FL,ASO,ES,Federal Contract Tower,0,6,52,0,58,0,2,74,0,76,0,8,126,0,134,44,0,44,178
09/03/2014,APF,FL,ASO,ES,Federal Contract Tower,0,9,32,0,41,0,3,99,0,102,0,12,131,0,143,70,0,70,213
09/04/2014,APF,FL,ASO,ES,Federal Contract Tower,0,4,25,0,29,0,0,91,0,91,0,4,116,0,120,82,0,82,202
09/05/2014,APF,FL,ASO,ES,Federal Contract Tower,0,7,38,0,45,0,0,120,0,120,0,7,158,0,165,26,0,26,191
09/06/2014,APF,FL,ASO,ES,Federal Contract Tower,0,5,34,0,39,0,0,72,0,72,0,5,106,0,111,22,0,22,133
09/07/2014,APF,FL,ASO,ES,Federal Contract Tower,0,14,41,0,55,0,0,57,0,57,0,14,98,0,112,50,0,50,162
09/08/2014,APF,FL,ASO,ES,Federal Contract Tower,0,10,30,0,40,0,0,69,0,69,0,10,99,0,109,58,0,58,167
09/09/2014,APF,FL,ASO,ES,Federal Contract Tower,0,10,40,0,50,0,0,67,0,67,0,10,107,0,117,44,0,44,161
09/10/2014,APF,FL,ASO,ES,Federal Contract Tower,0,6,35,0,41,0,2,64,0,66,0,8,99,0,107,66,0,66,173
09/11/2014,APF,FL,ASO,ES,Federal Contract Tower,0,5,29,0,34,0,3,70,0,73,0,8,99,0,107,38,0,38,145
09/12/2014,APF,FL,ASO,ES,Federal Contract Tower,0,15,46,0,61,0,2,43,0,45,0,17,89,0,106,42,0,42,148
09/13/2014,APF,FL,ASO,ES,Federal Contract Tower,0,9,21,4,34,0,0,77,4,81,0,9,98,8,115,36,0,36,151
09/14/2014,APF,FL,ASO,ES,Federal Contract Tower,0,18,31,0,49,0,1,66,0,67,0,19,97,0,116,16,0,16,132
09/15/2014,APF,FL,ASO,ES,Federal Contract Tower,0,13,35,0,48,0,1,98,0,99,0,14,133,0,147,74,0,74,221
09/16/2014,APF,FL,ASO,ES,Federal Contract Tower,0,4,37,0,41,0,1,114,0,115,0,5,151,0,156,106,0,106,262
09/17/2014,APF,FL,ASO,ES,Federal Contract Tower,0,14,31,0,45,0,1,80,0,81,0,15,111,0,126,130,0,130,256
09/18/2014,APF,FL,ASO,ES,Federal Contract Tower,0,13,44,0,57,0,1,66,0,67,0,14,110,0,124,68,0,68,192
09/19/2014,APF,FL,ASO,ES,Federal Contract Tower,0,12,45,0,57,0,0,46,0,46,0,12,91,0,103,74,0,74,177
09/20/2014,APF,FL,ASO,ES,Federal Contract Tower,0,9,19,0,28,0,1,40,0,41,0,10,59,0,69,66,0,66,135
09/21/2014,APF,FL,ASO,ES,Federal Contract Tower,0,12,38,0,50,0,2,80,0,82,0,14,118,0,132,24,0,24,156
09/22/2014,APF,FL,ASO,ES,Federal Contract Tower,0,6,29,0,35,0,0,79,0,79,0,6,108,0,114,126,0,126,240
09/23/2014,APF,FL,ASO,ES,Federal Contract Tower,0,8,48,0,56,0,1,75,0,76,0,9,123,0,132,128,0,128,260
09/24/2014,APF,FL,ASO,ES,Federal Contract Tower,0,12,47,4,63,0,0,91,0,91,0,12,138,4,154,112,0,112,266
09/25/2014,APF,FL,ASO,ES,Federal Contract Tower,0,17,60,0,77,0,2,66,0,68,0,19,126,0,145,32,0,32,177
09/26/2014,APF,FL,ASO,ES,Federal Contract Tower,0,4,40,0,44,0,2,75,0,77,0,6,115,0,121,50,0,50,171
09/27/2014,APF,FL,ASO,ES,Federal Contract Tower,0,7,38,0,45,0,0,94,0,94,0,7,132,0,139,84,0,84,223
09/28/2014,APF,FL,ASO,ES,Federal Contract Tower,0,9,64,0,73,0,0,105,0,105,0,9,169,0,178,16,0,16,194
09/29/2014,APF,FL,ASO,ES,Federal Contract Tower,0,17,32,0,49,0,1,91,0,92,0,18,123,0,141,68,0,68,209
09/30/2014,APF,FL,ASO,ES,Federal Contract Tower,0,13,67,0,80,0,0,75,0,75,0,13,142,0,155,60,0,60,215
10/01/2014,APF,FL,ASO,ES,Federal Contract Tower,0,17,55,0,72,0,0,76,0,76,0,17,131,0,148,52,0,52,200
10/02/2014,APF,FL,ASO,ES,Federal Contract Tower,0,15,53,0,68,0,0,106,0,106,0,15,159,0,174,82,0,82,256
10/03/2014,APF,FL,ASO,ES,Federal Contract Tower,0,14,52,6,72,0,2,113,0,115,0,16,165,6,187,54,0,54,241
10/04/2014,APF,FL,ASO,ES,Federal Contract Tower,0,11,26,0,37,0,2,58,0,60,0,13,84,0,97,50,0,50,147
10/05/2014,APF,FL,ASO,ES,Federal Contract Tower,0,27,66,0,93,0,0,115,0,115,0,27,181,0,208,34,0,34,242
10/06/2014,APF,FL,ASO,ES,Federal Contract Tower,0,17,46,0,63,0,0,114,0,114,0,17,160,0,177,86,0,86,263
10/07/2014,APF,FL,ASO,ES,Federal Contract Tower,0,13,37,0,50,0,2,50,0,52,0,15,87,0,102,56,0,56,158
10/08/2014,APF,FL,ASO,ES,Federal Contract Tower,0,11,50,0,61,0,2,94,7,103,0,13,144,7,164,124,0,124,288
10/09/2014,APF,FL,ASO,ES,Federal Contract Tower,0,31,58,0,89,0,0,116,0,116,0,31,174,0,205,92,0,92,297
10/10/2014,APF,FL,ASO,ES,Federal Contract Tower,0,28,59,8,95,0,2,127,0,129,0,30,186,8,224,52,0,52,276
10/11/2014,APF,FL,ASO,ES,Federal Contract Tower,0,15,34,0,49,0,0,100,0,100,0,15,134,0,149,48,0,48,197
10/12/2014,APF,FL,ASO,ES,Federal Contract Tower,0,26,63,0,89,0,1,108,0,109,0,27,171,0,198,10,0,10,208
10/13/2014,APF,FL,ASO,ES,Federal Contract Tower,0,20,54,0,74,0,0,75,0,75,0,20,129,0,149,52,0,52,201
10/14/2014,APF,FL,ASO,ES,Federal Contract Tower,0,36,63,4,103,0,0,74,0,74,0,36,137,4,177,58,0,58,235
10/15/2014,APF,FL,ASO,ES,Federal Contract Tower,0,31,65,0,96,0,2,84,0,86,0,33,149,0,182,76,0,76,258
10/16/2014,APF,FL,ASO,ES,Federal Contract Tower,0,19,79,0,98,0,0,128,0,128,0,19,207,0,226,80,0,80,306
10/17/2014,APF,FL,ASO,ES,Federal Contract Tower,0,36,67,4,107,0,1,115,0,116,0,37,182,4,223,88,0,88,311
10/18/2014,APF,FL,ASO,ES,Federal Contract Tower,0,20,44,0,64,0,1,132,0,133,0,21,176,0,197,20,0,20,217
10/19/2014,APF,FL,ASO,ES,Federal Contract Tower,0,21,65,0,86,0,0,106,0,106,0,21,171,0,192,40,0,40,232
10/20/2014,APF,FL,ASO,ES,Federal Contract Tower,0,27,46,0,73,0,0,126,0,126,0,27,172,0,199,88,0,88,287
10/21/2014,APF,FL,ASO,ES,Federal Contract Tower,0,29,43,0,72,0,1,95,0,96,0,30,138,0,168,86,0,86,254
10/22/2014,APF,FL,ASO,ES,Federal Contract Tower,0,46,54,0,100,0,0,102,0,102,0,46,156,0,202,48,0,48,250
10/23/2014,APF,FL,ASO,ES,Federal Contract Tower,0,49,76,0,125,0,0,78,0,78,0,49,154,0,203,48,2,50,253
10/24/2014,APF,FL,ASO,ES,Federal Contract Tower,0,39,58,2,99,0,0,98,10,108,0,39,156,12,207,56,0,56,263
10/25/2014,APF,FL,ASO,ES,Federal Contract Tower,0,23,45,4,72,0,0,143,0,143,0,23,188,4,215,58,0,58,273
10/26/2014,APF,FL,ASO,ES,Federal Contract Tower,0,34,80,0,114,0,0,121,0,121,0,34,201,0,235,18,0,18,253
10/27/2014,APF,FL,ASO,ES,Federal Contract Tower,0,35,51,4,90,0,0,103,0,103,0,35,154,4,193,54,0,54,247
10/28/2014,APF,FL,ASO,ES,Federal Contract Tower,0,19,49,0,68,0,4,113,0,117,0,23,162,0,185,74,0,74,259
10/29/2014,APF,FL,ASO,ES,Federal Contract Tower,0,22,60,0,82,0,2,133,0,135,0,24,193,0,217,74,0,74,291
10/30/2014,APF,FL,ASO,ES,Federal Contract Tower,0,30,77,0,107,0,0,126,0,126,0,30,203,0,233,50,0,50,283
10/31/2014,APF,FL,ASO,ES,Federal Contract Tower,0,26,78,6,110,0,1,116,0,117,0,27,194,6,227,70,0,70,297
11/01/2014,APF,FL,ASO,ES,Federal Contract Tower,0,29,45,0,74,0,1,64,0,65,0,30,109,0,139,2,0,2,141
11/02/2014,APF,FL,ASO,ES,Federal Contract Tower,0,39,55,0,94,0,4,81,0,85,0,43,136,0,179,6,0,6,185
11/03/2014,APF,FL,ASO,ES,Federal Contract Tower,0,25,73,0,98,0,2,102,0,104,0,27,175,0,202,88,0,88,290
11/04/2014,APF,FL,ASO,ES,Federal Contract Tower,0,23,66,0,89,0,2,81,0,83,0,25,147,0,172,104,0,104,276
11/05/2014,APF,FL,ASO,ES,Federal Contract Tower,0,30,77,0,107,0,4,114,0,118,0,34,191,0,225,74,0,74,299
11/06/2014,APF,FL,ASO,ES,Federal Contract Tower,0,42,96,0,138,0,2,126,0,128,0,44,222,0,266,24,0,24,290
11/07/2014,APF,FL,ASO,ES,Federal Contract Tower,0,35,107,0,142,0,0,109,0,109,0,35,216,0,251,36,0,36,287
11/08/2014,APF,FL,ASO,ES,Federal Contract Tower,0,28,56,0,84,0,2,99,0,101,0,30,155,0,185,62,0,62,247
11/09/2014,APF,FL,ASO,ES,Federal Contract Tower,0,59,70,0,129,0,0,0,0,0,0,59,70,0,129,0,0,0,129
11/10/2014,APF,FL,ASO,ES,Federal Contract Tower,0,27,91,0,118,0,2,126,0,128,0,29,217,0,246,58,0,58,304
11/11/2014,APF,FL,ASO,ES,Federal Contract Tower,0,41,74,0,115,0,0,107,0,107,0,41,181,0,222,64,0,64,286
11/12/2014,APF,FL,ASO,ES,Federal Contract Tower,0,36,106,0,142,0,1,127,0,128,0,37,233,0,270,60,0,60,330
11/13/2014,APF,FL,ASO,ES,Federal Contract Tower,0,39,68,10,117,0,0,152,0,152,0,39,220,10,269,50,0,50,319
11/14/2014,APF,FL,ASO,ES,Federal Contract Tower,0,37,107,0,144,0,0,107,0,107,0,37,214,0,251,58,0,58,309
11/15/2014,APF,FL,ASO,ES,Federal Contract Tower,0,29,81,0,110,0,3,198,0,201,0,32,279,0,311,44,0,44,355
11/16/2014,APF,FL,ASO,ES,Federal Contract Tower,0,46,99,0,145,0,1,110,0,111,0,47,209,0,256,18,0,18,274
11/17/2014,APF,FL,ASO,ES,Federal Contract Tower,0,27,45,0,72,0,1,74,0,75,0,28,119,0,147,64,0,64,211
11/18/2014,APF,FL,ASO,ES,Federal Contract Tower,0,44,78,0,122,0,0,4,0,4,0,44,82,0,126,0,0,0,126
11/19/2014,APF,FL,ASO,ES,Federal Contract Tower,0,29,71,0,100,0,0,92,0,92,0,29,163,0,192,74,0,74,266
11/20/2014,APF,FL,ASO,ES,Federal Contract Tower,0,40,84,1,125,0,0,120,1,121,0,40,204,2,246,76,0,76,322
11/21/2014,APF,FL,ASO,ES,Federal Contract Tower,0,50,121,0,171,0,0,86,0,86,0,50,207,0,257,48,0,48,305
11/22/2014,APF,FL,ASO,ES,Federal Contract Tower,0,51,67,0,118,0,0,43,0,43,0,51,110,0,161,18,0,18,179
11/23/2014,APF,FL,ASO,ES,Federal Contract Tower,0,58,68,0,126,0,3,45,0,48,0,61,113,0,174,30,0,30,204
11/24/2014,APF,FL,ASO,ES,Federal Contract Tower,0,46,86,4,136,0,2,109,0,111,0,48,195,4,247,56,0,56,303
11/25/2014,APF,FL,ASO,ES,Federal Contract Tower,0,56,95,0,151,0,3,33,0,36,0,59,128,0,187,14,0,14,201
11/26/2014,APF,FL,ASO,ES,Federal Contract Tower,0,43,79,0,122,0,2,38,0,40,0,45,117,0,162,8,0,8,170
11/27/2014,APF,FL,ASO,ES,Federal Contract Tower,0,17,31,0,48,0,0,38,0,38,0,17,69,0,86,26,0,26,112
11/28/2014,APF,FL,ASO,ES,Federal Contract Tower,0,37,60,2,99,0,1,135,0,136,0,38,195,2,235,18,0,18,253
11/29/2014,APF,FL,ASO,ES,Federal Contract Tower,0,75,98,0,173,0,3,138,0,141,0,78,236,0,314,6,0,6,320
11/30/2014,APF,FL,ASO,ES,Federal Contract Tower,0,103,155,0,258,0,2,102,0,104,0,105,257,0,362,20,0,20,382
12/01/2014,APF,FL,ASO,ES,Federal Contract Tower,0,41,92,0,133,0,0,101,0,101,0,41,193,0,234,120,0,120,354
12/02/2014,APF,FL,ASO,ES,Federal Contract Tower,0,22,85,0,107,0,2,82,0,84,0,24,167,0,191,74,0,74,265
12/03/2014,APF,FL,ASO,ES,Federal Contract Tower,0,24,79,0,103,0,0,136,0,136,0,24,215,0,239,86,0,86,325
12/04/2014,APF,FL,ASO,ES,Federal Contract Tower,0,22,107,0,129,0,1,101,0,102,0,23,208,0,231,60,0,60,291
12/05/2014,APF,FL,ASO,ES,Federal Contract Tower,0,34,102,0,136,0,0,64,0,64,0,34,166,0,200,30,0,30,230
12/06/2014,APF,FL,ASO,ES,Federal Contract Tower,0,31,67,0,98,0,2,136,0,138,0,33,203,0,236,56,0,56,292
12/07/2014,APF,FL,ASO,ES,Federal Contract Tower,0,41,83,2,126,0,0,28,0,28,0,41,111,2,154,0,0,0,154
12/08/2014,APF,FL,ASO,ES,Federal Contract Tower,0,39,91,0,130,0,0,75,0,75,0,39,166,0,205,36,0,36,241
12/09/2014,APF,FL,ASO,ES,Federal Contract Tower,0,22,89,2,113,0,2,37,0,39,0,24,126,2,152,16,0,16,168
12/10/2014,APF,FL,ASO,ES,Federal Contract Tower,0,22,74,0,96,0,4,147,0,151,0,26,221,0,247,40,0,40,287
12/11/2014,APF,FL,ASO,ES,Federal Contract Tower,0,22,81,0,103,0,2,126,0,128,0,24,207,0,231,80,0,80,311
12/12/2014,APF,FL,ASO,ES,Federal Contract Tower,0,24,73,0,97,0,0,133,0,133,0,24,206,0,230,34,0,34,264
12/13/2014,APF,FL,ASO,ES,Federal Contract Tower,0,34,53,4,91,0,2,163,0,165,0,36,216,4,256,64,0,64,320
12/14/2014,APF,FL,ASO,ES,Federal Contract Tower,0,38,49,0,87,0,5,123,2,130,0,43,172,2,217,22,0,22,239
12/15/2014,APF,FL,ASO,ES,Federal Contract Tower,0,22,74,2,98,0,2,121,0,123,0,24,195,2,221,118,0,118,339
12/16/2014,APF,FL,ASO,ES,Federal Contract Tower,0,17,53,0,70,0,1,185,0,186,0,18,238,0,256,92,0,92,348
12/17/2014,APF,FL,ASO,ES,Federal Contract Tower,0,32,62,2,96,0,2,143,0,145,0,34,205,2,241,86,0,86,327
12/18/2014,APF,FL,ASO,ES,Federal Contract Tower,0,37,51,1,89,0,2,123,1,126,0,39,174,2,215,52,0,52,267
12/19/2014,APF,FL,ASO,ES,Federal Contract Tower,0,47,83,0,130,0,0,126,0,126,0,47,209,0,256,22,0,22,278
12/20/2014,APF,FL,ASO,ES,Federal Contract Tower,0,50,65,0,115,0,0,122,0,122,0,50,187,0,237,30,0,30,267
12/21/2014,APF,FL,ASO,ES,Federal Contract Tower,0,28,70,2,100,0,2,98,0,100,0,30,168,2,200,10,0,10,210
12/22/2014,APF,FL,ASO,ES,Federal Contract Tower,0,45,63,0,108,0,0,128,0,128,0,45,191,0,236,34,0,34,270
12/23/2014,APF,FL,ASO,ES,Federal Contract Tower,0,47,68,0,115,0,0,39,0,39,0,47,107,0,154,26,0,26,180
12/24/2014,APF,FL,ASO,ES,Federal Contract Tower,0,11,24,0,35,0,1,39,0,40,0,12,63,0,75,14,0,14,89
12/25/2014,APF,FL,ASO,ES,Federal Contract Tower,0,36,33,0,69,0,0,31,0,31,0,36,64,0,100,14,0,14,114
12/26/2014,APF,FL,ASO,ES,Federal Contract Tower,0,97,195,0,292,0,1,99,0,100,0,98,294,0,392,22,0,22,414
12/27/2014,APF,FL,ASO,ES,Federal Contract Tower,0,80,173,2,255,0,3,73,0,76,0,83,246,2,331,10,0,10,341
12/28/2014,APF,FL,ASO,ES,Federal Contract Tower,0,90,104,0,194,0,1,114,0,115,0,91,218,0,309,24,0,24,333
12/29/2014,APF,FL,ASO,ES,Federal Contract Tower,0,66,97,0,163,0,0,128,0,128,0,66,225,0,291,54,0,54,345
12/30/2014,APF,FL,ASO,ES,Federal Contract Tower,0,47,104,0,151,0,0,122,0,122,0,47,226,0,273,48,0,48,321
12/31/2014,APF,FL,ASO,ES,Federal Contract Tower,0,34,82,2,118,0,0,51,2,53,0,34,133,4,171,56,0,56,227
01/01/2015,APF,FL,ASO,ES,Federal Contract Tower,0,34,83,0,117,0,0,35,0,35,0,34,118,0,152,16,0,16,168
01/02/2015,APF,FL,ASO,ES,Federal Contract Tower,0,61,108,0,169,0,2,76,0,78,0,63,184,0,247,32,0,32,279
01/03/2015,APF,FL,ASO,ES,Federal Contract Tower,0,70,144,0,214,0,0,93,0,93,0,70,237,0,307,24,0,24,331
01/04/2015,APF,FL,ASO,ES,Federal Contract Tower,0,68,172,0,240,0,0,106,0,106,0,68,278,0,346,8,0,8,354
01/05/2015,APF,FL,ASO,ES,Federal Contract Tower,0,46,97,0,143,0,0,116,2,118,0,46,213,2,261,30,0,30,291
01/06/2015,APF,FL,ASO,ES,Federal Contract Tower,0,32,77,0,109,0,4,128,0,132,0,36,205,0,241,46,0,46,287
01/07/2015,APF,FL,ASO,ES,Federal Contract Tower,0,28,109,0,137,0,0,136,0,136,0,28,245,0,273,20,0,20,293
01/08/2015,APF,FL,ASO,ES,Federal Contract Tower,0,39,102,2,143,0,2,101,2,105,0,41,203,4,248,56,0,56,304
01/09/2015,APF,FL,ASO,ES,Federal Contract Tower,0,41,103,0,144,0,0,166,0,166,0,41,269,0,310,124,0,124,434
01/10/2015,APF,FL,ASO,ES,Federal Contract Tower,0,40,98,0,138,0,0,132,0,132,0,40,230,0,270,24,0,24,294
01/11/2015,APF,FL,ASO,ES,Federal Contract Tower,0,50,105,0,155,0,2,108,0,110,0,52,213,0,265,12,0,12,277
01/12/2015,APF,FL,ASO,ES,Federal Contract Tower,0,34,73,0,107,0,0,72,0,72,0,34,145,0,179,98,0,98,277
01/13/2015,APF,FL,ASO,ES,Federal Contract Tower,0,36,69,0,105,0,0,102,0,102,0,36,171,0,207,116,0,116,323
01/14/2015,APF,FL,ASO,ES,Federal Contract Tower,0,50,107,0,157,0,0,33,0,33,0,50,140,0,190,56,0,56,246
01/15/2015,APF,FL,ASO,ES,Federal Contract Tower,0,49,146,0,195,0,0,47,0,47,0,49,193,0,242,70,0,70,312
01/16/2015,APF,FL,ASO,ES,Federal Contract Tower,0,51,126,4,181,0,0,150,0,150,0,51,276,4,331,66,0,66,397
01/17/2015,APF,FL,ASO,ES,Federal Contract Tower,0,32,83,0,115,0,0,212,0,212,0,32,295,0,327,82,0,82,409
01/18/2015,APF,FL,ASO,ES,Federal Contract Tower,0,48,100,0,148,0,0,144,0,144,0,48,244,0,292,20,0,20,312
01/19/2015,APF,FL,ASO,ES,Federal Contract Tower,0,58,107,0,165,0,2,203,0,205,0,60,310,0,370,64,0,64,434
01/20/2015,APF,FL,ASO,ES,Federal Contract Tower,0,50,98,0,148,0,0,118,0,118,0,50,216,0,266,122,0,122,388
01/21/2015,APF,FL,ASO,ES,Federal Contract Tower,0,54,104,0,158,0,4,169,0,173,0,58,273,0,331,54,0,54,385
01/22/2015,APF,FL,ASO,ES,Federal Contract Tower,0,45,99,0,144,0,1,139,0,140,0,46,238,0,284,118,0,118,402
01/23/2015,APF,FL,ASO,ES,Federal Contract Tower,0,48,110,0,158,0,0,98,0,98,0,48,208,0,256,14,0,14,270
01/24/2015,APF,FL,ASO,ES,Federal Contract Tower,0,34,70,0,104,0,3,17,0,20,0,37,87,0,124,2,0,2,126
01/25/2015,APF,FL,ASO,ES,Federal Contract Tower,0,51,108,0,159,0,3,143,1,147,0,54,251,1,306,40,0,40,346
01/26/2015,APF,FL,ASO,ES,Federal Contract Tower,0,36,66,4,106,0,2,45,0,47,0,38,111,4,153,6,0,6,159
01/27/2015,APF,FL,ASO,ES,Federal Contract Tower,0,34,79,0,113,0,2,153,0,155,0,36,232,0,268,62,0,62,330
01/28/2015,APF,FL,ASO,ES,Federal Contract Tower,0,38,130,0,168,0,0,161,0,161,0,38,291,0,329,38,0,38,367
01/29/2015,APF,FL,ASO,ES,Federal Contract Tower,0,52,145,0,197,0,2,206,0,208,0,54,351,0,405,44,0,44,449
01/30/2015,APF,FL,ASO,ES,Federal Contract Tower,0,39,114,2,155,0,4,148,0,152,0,43,262,2,307,72,0,72,379
01/31/2015,APF,FL,ASO,ES,Federal Contract Tower,0,24,91,0,115,0,2,151,0,153,0,26,242,0,268,74,0,74,342
02/01/2015,APF,FL,ASO,ES,Federal Contract Tower,0,37,94,0,131,0,3,123,0,126,0,40,217,0,257,22,0,22,279
02/02/2015,APF,FL,ASO,ES,Federal Contract Tower,0,46,111,0,157,0,0,97,0,97,0,46,208,0,254,72,0,72,326
02/03/2015,APF,FL,ASO,ES,Federal Contract Tower,0,30,124,2,156,0,1,166,0,167,0,31,290,2,323,96,0,96,419
02/04/2015,APF,FL,ASO,ES,Federal Contract Tower,0,27,114,0,141,0,3,154,0,157,0,30,268,0,298,82,0,82,380
02/05/2015,APF,FL,ASO,ES,Federal Contract Tower,0,32,108,0,140,0,0,14,0,14,0,32,122,0,154,4,0,4,158
02/06/2015,APF,FL,ASO,ES,Federal Contract Tower,0,45,99,0,144,0,1,178,0,179,0,46,277,0,323,48,0,48,371
02/07/2015,APF,FL,ASO,ES,Federal Contract Tower,0,33,88,3,124,0,0,167,3,170,0,33,255,6,294,62,0,62,356
02/08/2015,APF,FL,ASO,ES,Federal Contract Tower,0,56,101,0,157,0,2,171,0,173,0,58,272,0,330,12,0,12,342
02/09/2015,APF,FL,ASO,ES,Federal Contract Tower,0,36,103,0,139,0,3,78,0,81,0,39,181,0,220,64,0,64,284
02/10/2015,APF,FL,ASO,ES,Federal Contract Tower,0,29,103,0,132,0,0,110,0,110,0,29,213,0,242,52,0,52,294
02/11/2015,APF,FL,ASO,ES,Federal Contract Tower,0,55,101,0,156,0,4,192,0,196,0,59,293,0,352,140,0,140,492
02/12/2015,APF,FL,ASO,ES,Federal Contract Tower,0,64,132,0,196,0,0,199,0,199,0,64,331,0,395,74,0,74,469
02/13/2015,APF,FL,ASO,ES,Federal Contract Tower,0,75,169,2,246,0,2,181,0,183,0,77,350,2,429,70,0,70,499
02/14/2015,APF,FL,ASO,ES,Federal Contract Tower,0,34,83,0,117,0,0,146,0,146,0,34,229,0,263,18,0,18,281
02/15/2015,APF,FL,ASO,ES,Federal Contract Tower,0,53,89,0,142,0,1,130,0,131,0,54,219,0,273,36,0,36,309
02/16/2015,APF,FL,ASO,ES,Federal Contract Tower,0,70,149,0,219,0,0,125,0,125,0,70,274,0,344,74,0,74,418
02/17/2015,APF,FL,ASO,ES,Federal Contract Tower,0,52,122,0,174,0,1,152,0,153,0,53,274,0,327,80,0,80,407
02/18/2015,APF,FL,ASO,ES,Federal Contract Tower,0,49,135,0,184,0,0,72,0,72,0,49,207,0,256,64,0,64,320
02/19/2015,APF,FL,ASO,ES,Federal Contract Tower,0,49,123,1,173,0,6,117,0,123,0,55,240,1,296,24,0,24,320
02/20/2015,APF,FL,ASO,ES,Federal Contract Tower,0,81,130,0,211,0,2,177,0,179,0,83,307,0,390,140,0,140,530
02/21/2015,APF,FL,ASO,ES,Federal Contract Tower,0,43,87,0,130,0,0,157,0,157,0,43,244,0,287,44,0,44,331
02/22/2015,APF,FL,ASO,ES,Federal Contract Tower,0,58,125,0,183,0,0,130,0,130,0,58,255,0,313,14,0,14,327
02/23/2015,APF,FL,ASO,ES,Federal Contract Tower,0,43,126,0,169,0,1,125,0,126,0,44,251,0,295,78,0,78,373
02/24/2015,APF,FL,ASO,ES,Federal Contract Tower,0,40,95,2,137,0,0,70,1,71,0,40,165,3,208,30,0,30,238
02/25/2015,APF,FL,ASO,ES,Federal Contract Tower,0,37,128,0,165,0,0,137,4,141,0,37,265,4,306,112,0,112,418
02/26/2015,APF,FL,ASO,ES,Federal Contract Tower,0,43,107,10,160,0,0,11,0,11,0,43,118,10,171,0,0,0,171
02/27/2015,APF,FL,ASO,ES,Federal Contract Tower,0,50,159,0,209,0,0,115,4,119,0,50,274,4,328,180,0,180,508
02/28/2015,APF,FL,ASO,ES,Federal Contract Tower,0,41,69,2,112,0,0,102,0,102,0,41,171,2,214,64,0,64,278
03/01/2015,APF,FL,ASO,ES,Federal Contract Tower,0,51,104,1,156,0,1,155,0,156,0,52,259,1,312,28,0,28,340
03/02/2015,APF,FL,ASO,ES,Federal Contract Tower,0,42,134,3,179,0,0,175,1,176,0,42,309,4,355,78,0,78,433
03/03/2015,APF,FL,ASO,ES,Federal Contract Tower,0,45,116,0,161,0,5,157,2,164,0,50,273,2,325,68,0,68,393
03/04/2015,APF,FL,ASO,ES,Federal Contract Tower,0,38,135,0,173,0,2,169,0,171,0,40,304,0,344,100,0,100,444
03/05/2015,APF,FL,ASO,ES,Federal Contract Tower,0,33,125,0,158,0,2,150,0,152,0,35,275,0,310,44,0,44,354
03/06/2015,APF,FL,ASO,ES,Federal Contract Tower,0,53,139,0,192,0,0,137,0,137,0,53,276,0,329,152,0,152,481
03/07/2015,APF,FL,ASO,ES,Federal Contract Tower,0,39,127,0,166,0,0,124,0,124,0,39,251,0,290,60,0,60,350
03/08/2015,APF,FL,ASO,ES,Federal Contract Tower,0,60,130,0,190,0,0,96,0,96,0,60,226,0,286,18,0,18,304
03/09/2015,APF,FL,ASO,ES,Federal Contract Tower,0,32,101,0,133,0,1,128,0,129,0,33,229,0,262,92,0,92,354
03/10/2015,APF,FL,ASO,ES,Federal Contract Tower,0,40,84,0,124,0,0,163,0,163,0,40,247,0,287,136,0,136,423
03/11/2015,APF,FL,ASO,ES,Federal Contract Tower,0,47,111,0,158,0,0,132,0,132,0,47,243,0,290,106,0,106,396
03/12/2015,APF,FL,ASO,ES,Federal Contract Tower,0,64,129,0,193,0,1,150,0,151,0,65,279,0,344,116,0,116,460
03/13/2015,APF,FL,ASO,ES,Federal Contract Tower,0,30,108,0,138,0,0,148,0,148,0,30,256,0,286,66,0,66,352
03/14/2015,APF,FL,ASO,ES,Federal Contract Tower,0,31,119,0,150,0,0,160,0,160,0,31,279,0,310,50,0,50,360
03/15/2015,APF,FL,ASO,ES,Federal Contract Tower,0,54,171,0,225,0,0,180,0,180,0,54,351,0,405,24,0,24,429
03/16/2015,APF,FL,ASO,ES,Federal Contract Tower,0,35,89,0,124,0,3,133,0,136,0,38,222,0,260,116,0,116,376
03/17/2015,APF,FL,ASO,ES,Federal Contract Tower,0,29,96,0,125,0,4,172,0,176,0,33,268,0,301,154,0,154,455
03/18/2015,APF,FL,ASO,ES,Federal Contract Tower,0,55,118,1,174,0,3,153,0,156,0,58,271,1,330,142,0,142,472
03/19/2015,APF,FL,ASO,ES,Federal Contract Tower,0,55,123,0,178,0,2,188,0,190,0,57,311,0,368,112,0,112,480
03/20/2015,APF,FL,ASO,ES,Federal Contract Tower,0,47,127,5,179,0,0,160,8,168,0,47,287,13,347,78,0,78,425
03/21/2015,APF,FL,ASO,ES,Federal Contract Tower,0,52,112,1,165,0,3,180,0,183,0,55,292,1,348,48,0,48,396
03/22/2015,APF,FL,ASO,ES,Federal Contract Tower,0,58,148,0,206,0,1,110,0,111,0,59,258,0,317,18,0,18,335
03/23/2015,APF,FL,ASO,ES,Federal Contract Tower,0,57,96,2,155,0,0,84,0,84,0,57,180,2,239,82,0,82,321
03/24/2015,APF,FL,ASO,ES,Federal Contract Tower,0,38,88,0,126,0,1,128,0,129,0,39,216,0,255,114,0,114,369
03/25/2015,APF,FL,ASO,ES,Federal Contract Tower,0,30,113,0,143,0,2,157,0,159,0,32,270,0,302,42,0,42,344
03/26/2015,APF,FL,ASO,ES,Federal Contract Tower,0,49,134,0,183,0,2,112,0,114,0,51,246,0,297,76,0,76,373
03/27/2015,APF,FL,ASO,ES,Federal Contract Tower,0,60,118,0,178,0,1,47,0,48,0,61,165,0,226,44,0,44,270
03/28/2015,APF,FL,ASO,ES,Federal Contract Tower,0,51,111,0,162,0,0,175,0,175,0,51,286,0,337,36,0,36,373
03/29/2015,APF,FL,ASO,ES,Federal Contract Tower,0,62,119,0,181,0,0,158,0,158,0,62,277,0,339,14,0,14,353
03/30/2015,APF,FL,ASO,ES,Federal Contract Tower,0,48,104,0,152,0,0,166,0,166,0,48,270,0,318,72,0,72,390
03/31/2015,APF,FL,ASO,ES,Federal Contract Tower,0,46,110,0,156,0,1,194,0,195,0,47,304,0,351,90,0,90,441
04/01/2015,APF,FL,ASO,ES,Federal Contract Tower,0,42,117,0,159,0,5,175,0,180,0,47,292,0,339,76,0,76,415
04/02/2015,APF,FL,ASO,ES,Federal Contract Tower,0,72,144,0,216,0,5,211,0,216,0,77,355,0,432,58,0,58,490
04/03/2015,APF,FL,ASO,ES,Federal Contract Tower,0,45,123,0,168,0,2,174,0,176,0,47,297,0,344,62,0,62,406
04/04/2015,APF,FL,ASO,ES,Federal Contract Tower,0,62,122,0,184,0,2,167,0,169,0,64,289,0,353,66,0,66,419
04/05/2015,APF,FL,ASO,ES,Federal Contract Tower,0,82,83,0,165,0,0,96,0,96,0,82,179,0,261,12,0,12,273
04/06/2015,APF,FL,ASO,ES,Federal Contract Tower,0,70,142,0,212,0,0,176,0,176,0,70,318,0,388,68,0,68,456
04/07/2015,APF,FL,ASO,ES,Federal Contract Tower,0,37,117,0,154,0,0,129,2,131,0,37,246,2,285,76,0,76,361
04/08/2015,APF,FL,ASO,ES,Federal Contract Tower,0,48,127,0,175,0,2,173,0,175,0,50,300,0,350,72,0,72,422
04/09/2015,APF,FL,ASO,ES,Federal Contract Tower,0,46,114,0,160,0,2,173,0,175,0,48,287,0,335,90,0,90,425
04/10/2015,APF,FL,ASO,ES,Federal Contract Tower,0,46,88,0,134,0,1,129,0,130,0,47,217,0,264,78,0,78,342
04/11/2015,APF,FL,ASO,ES,Federal Contract Tower,0,49,107,0,156,0,4,162,0,166,0,53,269,0,322,35,0,35,357
04/12/2015,APF,FL,ASO,ES,Federal Contract Tower,0,64,112,0,176,0,1,139,0,140,0,65,251,0,316,18,0,18,334
04/13/2015,APF,FL,ASO,ES,Federal Contract Tower,0,41,110,0,151,0,0,107,0,107,0,41,217,0,258,94,0,94,352
04/14/2015,APF,FL,ASO,ES,Federal Contract Tower,0,34,78,0,112,0,0,166,0,166,0,34,244,0,278,138,0,138,416
04/15/2015,APF,FL,ASO,ES,Federal Contract Tower,0,30,128,4,162,0,6,151,0,157,0,36,279,4,319,112,0,112,431
04/16/2015,APF,FL,ASO,ES,Federal Contract Tower,0,46,131,0,177,0,3,181,0,184,0,49,312,0,361,94,0,94,455
04/17/2015,APF,FL,ASO,ES,Federal Contract Tower,0,47,118,0,165,0,0,150,0,150,0,47,268,0,315,84,0,84,399
04/18/2015,APF,FL,ASO,ES,Federal Contract Tower,0,42,106,0,148,0,4,129,0,133,0,46,235,0,281,46,0,46,327
04/19/2015,APF,FL,ASO,ES,Federal Contract Tower,0,64,96,0,160,0,0,115,0,115,0,64,211,0,275,28,0,28,303
04/20/2015,APF,FL,ASO,ES,Federal Contract Tower,0,39,96,0,135,0,0,90,0,90,0,39,186,0,225,82,0,82,307
04/21/2015,APF,FL,ASO,ES,Federal Contract Tower,0,32,82,0,114,0,2,118,0,120,0,34,200,0,234,86,0,86,320
04/22/2015,APF,FL,ASO,ES,Federal Contract Tower,0,33,99,0,132,0,6,127,0,133,0,39,226,0,265,64,0,64,329
04/23/2015,APF,FL,ASO,ES,Federal Contract Tower,0,36,99,0,135,0,0,123,2,125,0,36,222,2,260,72,0,72,332
04/24/2015,APF,FL,ASO,ES,Federal Contract Tower,0,52,104,2,158,0,1,136,0,137,0,53,240,2,295,20,0,20,315
04/25/2015,APF,FL,ASO,ES,Federal Contract Tower,0,45,69,2,116,0,1,162,0,163,0,46,231,2,279,78,0,78,357
04/26/2015,APF,FL,ASO,ES,Federal Contract Tower,0,49,60,1,110,0,1,71,0,72,0,50,131,1,182,28,0,28,210
04/27/2015,APF,FL,ASO,ES,Federal Contract Tower,0,35,102,0,137,0,1,122,0,123,0,36,224,0,260,128,0,128,388
04/28/2015,APF,FL,ASO,ES,Federal Contract Tower,0,29,48,0,77,0,0,52,0,52,0,29,100,0,129,50,0,50,179
04/29/2015,APF,FL,ASO,ES,Federal Contract Tower,0,40,71,0,111,0,3,83,0,86,0,43,154,0,197,80,0,80,277
04/30/2015,APF,FL,ASO,ES,Federal Contract Tower,0,37,131,0,168,0,0,92,0,92,0,37,223,0,260,50,0,50,310
05/01/2015,APF,FL,ASO,ES,Federal Contract Tower,0,35,87,2,124,0,3,125,0,128,0,38,212,2,252,22,0,22,274
05/02/2015,APF,FL,ASO,ES,Federal Contract Tower,0,21,70,0,91,0,0,136,0,136,0,21,206,0,227,12,0,12,239
05/03/2015,APF,FL,ASO,ES,Federal Contract Tower,0,34,95,0,129,0,0,75,0,75,0,34,170,0,204,50,0,50,254
05/04/2015,APF,FL,ASO,ES,Federal Contract Tower,0,28,85,0,113,0,1,102,0,103,0,29,187,0,216,50,0,50,266
05/05/2015,APF,FL,ASO,ES,Federal Contract Tower,0,31,71,0,102,0,0,62,0,62,0,31,133,0,164,70,0,70,234
05/06/2015,APF,FL,ASO,ES,Federal Contract Tower,0,35,87,0,122,0,1,102,0,103,0,36,189,0,225,94,0,94,319
05/07/2015,APF,FL,ASO,ES,Federal Contract Tower,0,33,113,2,148,0,0,161,0,161,0,33,274,2,309,70,0,70,379
05/08/2015,APF,FL,ASO,ES,Federal Contract Tower,0,41,84,0,125,0,0,155,0,155,0,41,239,0,280,60,0,60,340
05/09/2015,APF,FL,ASO,ES,Federal Contract Tower,0,31,55,0,86,0,0,153,0,153,0,31,208,0,239,58,0,58,297
05/10/2015,APF,FL,ASO,ES,Federal Contract Tower,0,19,59,0,78,0,1,66,0,67,0,20,125,0,145,0,0,0,145
05/11/2015,APF,FL,ASO,ES,Federal Contract Tower,0,39,72,0,111,0,0,86,0,86,0,39,158,0,197,84,0,84,281
05/12/2015,APF,FL,ASO,ES,Federal Contract Tower,0,20,71,0,91,0,0,71,0,71,0,20,142,0,162,142,0,142,304
05/13/2015,APF,FL,ASO,ES,Federal Contract Tower,0,23,73,0,96,0,0,97,0,97,0,23,170,0,193,108,0,108,301
05/14/2015,APF,FL,ASO,ES,Federal Contract Tower,0,31,67,0,98,0,2,122,0,124,0,33,189,0,222,74,0,74,296
05/15/2015,APF,FL,ASO,ES,Federal Contract Tower,0,20,69,0,89,0,2,117,0,119,0,22,186,0,208,82,0,82,290
05/16/2015,APF,FL,ASO,ES,Federal Contract Tower,0,18,52,0,70,0,1,132,0,133,0,19,184,0,203,60,0,60,263
05/17/2015,APF,FL,ASO,ES,Federal Contract Tower,0,20,59,0,79,0,0,77,0,77,0,20,136,0,156,48,0,48,204
05/18/2015,APF,FL,ASO,ES,Federal Contract Tower,0,32,84,0,116,0,0,132,0,132,0,32,216,0,248,56,0,56,304
05/19/2015,APF,FL,ASO,ES,Federal Contract Tower,0,21,79,0,100,0,0,135,0,135,0,21,214,0,235,94,0,94,329
05/20/2015,APF,FL,ASO,ES,Federal Contract Tower,0,33,94,0,127,0,2,118,0,120,0,35,212,0,247,22,0,22,269
05/21/2015,APF,FL,ASO,ES,Federal Contract Tower,0,33,98,0,131,0,2,125,0,127,0,35,223,0,258,78,0,78,336
05/22/2015,APF,FL,ASO,ES,Federal Contract Tower,0,24,99,0,123,0,0,108,0,108,0,24,207,0,231,82,0,82,313
05/23/2015,APF,FL,ASO,ES,Federal Contract Tower,0,13,74,0,87,0,5,98,0,103,0,18,172,0,190,10,0,10,200
05/24/2015,APF,FL,ASO,ES,Federal Contract Tower,0,20,32,0,52,0,0,68,0,68,0,20,100,0,120,10,0,10,130
05/25/2015,APF,FL,ASO,ES,Federal Contract Tower,0,34,82,0,116,0,0,79,0,79,0,34,161,0,195,40,0,40,235
05/26/2015,APF,FL,ASO,ES,Federal Contract Tower,0,20,94,0,114,0,4,95,0,99,0,24,189,0,213,70,0,70,283
05/27/2015,APF,FL,ASO,ES,Federal Contract Tower,0,18,92,0,110,0,0,109,0,109,0,18,201,0,219,72,0,72,291
05/28/2015,APF,FL,ASO,ES,Federal Contract Tower,0,23,87,4,114,0,0,140,0,140,0,23,227,4,254,18,0,18,272
05/29/2015,APF,FL,ASO,ES,Federal Contract Tower,0,15,76,0,91,0,1,106,0,107,0,16,182,0,198,48,0,48,246
05/30/2015,APF,FL,ASO,ES,Federal Contract Tower,0,22,61,0,83,0,1,100,0,101,0,23,161,0,184,40,0,40,224
05/31/2015,APF,FL,ASO,ES,Federal Contract Tower,0,28,37,0,65,0,1,75,0,76,0,29,112,0,141,30,0,30,171
06/01/2015,APF,FL,ASO,ES,Federal Contract Tower,0,33,51,0,84,0,0,94,0,94,0,33,145,0,178,120,0,120,298
06/02/2015,APF,FL,ASO,ES,Federal Contract Tower,0,23,50,0,73,0,0,84,0,84,0,23,134,0,157,66,0,66,223
06/03/2015,APF,FL,ASO,ES,Federal Contract Tower,0,20,55,8,83,0,2,112,0,114,0,22,167,8,197,72,0,72,269
06/04/2015,APF,FL,ASO,ES,Federal Contract Tower,0,29,57,4,90,0,4,119,0,123,0,33,176,4,213,52,0,52,265
06/05/2015,APF,FL,ASO,ES,Federal Contract Tower,0,17,61,0,78,0,3,96,0,99,0,20,157,0,177,32,0,32,209
06/06/2015,APF,FL,ASO,ES,Federal Contract Tower,0,20,37,0,57,0,0,67,0,67,0,20,104,0,124,34,0,34,158
06/07/2015,APF,FL,ASO,ES,Federal Contract Tower,0,27,38,0,65,0,1,82,0,83,0,28,120,0,148,20,0,20,168
06/08/2015,APF,FL,ASO,ES,Federal Contract Tower,0,23,60,0,83,0,1,111,0,112,0,24,171,0,195,46,0,46,241
06/09/2015,APF,FL,ASO,ES,Federal Contract Tower,0,21,62,4,87,0,2,115,0,117,0,23,177,4,204,50,0,50,254
06/10/2015,APF,FL,ASO,ES,Federal Contract Tower,0,8,64,0,72,0,2,103,0,105,0,10,167,0,177,62,0,62,239
06/11/2015,APF,FL,ASO,ES,Federal Contract Tower,0,16,63,0,79,0,1,86,0,87,0,17,149,0,166,54,0,54,220
06/12/2015,APF,FL,ASO,ES,Federal Contract Tower,0,11,51,0,62,0,0,89,0,89,0,11,140,0,151,38,0,38,189
06/13/2015,APF,FL,ASO,ES,Federal Contract Tower,0,12,48,0,60,0,0,114,0,114,0,12,162,0,174,18,0,18,192
06/14/2015,APF,FL,ASO,ES,Federal Contract Tower,0,18,46,0,64,0,0,88,0,88,0,18,134,0,152,22,0,22,174
06/15/2015,APF,FL,ASO,ES,Federal Contract Tower,0,20,63,0,83,0,0,83,0,83,0,20,146,0,166,18,0,18,184
06/16/2015,APF,FL,ASO,ES,Federal Contract Tower,0,13,58,0,71,0,0,121,0,121,0,13,179,0,192,52,0,52,244
06/17/2015,APF,FL,ASO,ES,Federal Contract Tower,0,25,53,0,78,0,1,109,0,110,0,26,162,0,188,50,0,50,238
06/18/2015,APF,FL,ASO,ES,Federal Contract Tower,0,6,66,0,72,0,0,102,0,102,0,6,168,0,174,36,0,36,210
06/19/2015,APF,FL,ASO,ES,Federal Contract Tower,0,14,50,0,64,0,2,122,0,124,0,16,172,0,188,72,0,72,260
06/20/2015,APF,FL,ASO,ES,Federal Contract Tower,0,14,44,0,58,0,0,71,0,71,0,14,115,0,129,14,0,14,143
06/21/2015,APF,FL,ASO,ES,Federal Contract Tower,0,18,41,0,59,0,0,58,0,58,0,18,99,0,117,8,0,8,125
06/22/2015,APF,FL,ASO,ES,Federal Contract Tower,0,11,54,4,69,0,0,91,0,91,0,11,145,4,160,30,0,30,190
06/23/2015,APF,FL,ASO,ES,Federal Contract Tower,0,11,53,0,64,0,0,94,0,94,0,11,147,0,158,42,0,42,200
06/24/2015,APF,FL,ASO,ES,Federal Contract Tower,0,9,62,0,71,0,0,115,0,115,0,9,177,0,186,50,0,50,236
06/25/2015,APF,FL,ASO,ES,Federal Contract Tower,0,20,60,0,80,0,0,88,0,88,0,20,148,0,168,56,0,56,224
06/26/2015,APF,FL,ASO,ES,Federal Contract Tower,0,9,73,0,82,0,0,93,0,93,0,9,166,0,175,64,0,64,239
06/27/2015,APF,FL,ASO,ES,Federal Contract Tower,0,14,46,0,60,0,0,106,0,106,0,14,152,0,166,24,0,24,190
06/28/2015,APF,FL,ASO,ES,Federal Contract Tower,0,13,47,1,61,0,0,59,1,60,0,13,106,2,121,18,0,18,139
06/29/2015,APF,FL,ASO,ES,Federal Contract Tower,0,8,66,0,74,0,0,89,0,89,0,8,155,0,163,44,0,44,207
06/30/2015,APF,FL,ASO,ES,Federal Contract Tower,0,16,63,2,81,0,0,104,0,104,0,16,167,2,185,54,0,54,239
07/01/2015,APF,FL,ASO,ES,Federal Contract Tower,0,18,67,0,85,0,0,78,0,78,0,18,145,0,163,40,0,40,203
07/02/2015,APF,FL,ASO,ES,Federal Contract Tower,0,18,65,0,83,0,0,73,0,73,0,18,138,0,156,116,0,116,272
07/03/2015,APF,FL,ASO,ES,Federal Contract Tower,0,11,48,0,59,0,1,98,0,99,0,12,146,0,158,50,0,50,208
07/04/2015,APF,FL,ASO,ES,Federal Contract Tower,0,4,29,0,33,0,0,76,0,76,0,4,105,0,109,80,0,80,189
07/05/2015,APF,FL,ASO,ES,Federal Contract Tower,0,19,40,0,59,0,0,61,0,61,0,19,101,0,120,18,0,18,138
07/06/2015,APF,FL,ASO,ES,Federal Contract Tower,0,15,57,0,72,0,0,81,0,81,0,15,138,0,153,72,0,72,225
07/07/2015,APF,FL,ASO,ES,Federal Contract Tower,0,16,42,0,58,0,0,65,0,65,0,16,107,0,123,38,0,38,161
07/08/2015,APF,FL,ASO,ES,Federal Contract Tower,0,16,35,0,51,0,0,75,0,75,0,16,110,0,126,56,0,56,182
07/09/2015,APF,FL,ASO,ES,Federal Contract Tower,0,17,43,0,60,0,0,92,0,92,0,17,135,0,152,10,0,10,162
07/10/2015,APF,FL,ASO,ES,Federal Contract Tower,0,10,52,0,62,0,0,73,0,73,0,10,125,0,135,54,0,54,189
07/11/2015,APF,FL,ASO,ES,Federal Contract Tower,0,12,48,0,60,0,0,102,0,102,0,12,150,0,162,20,0,20,182
07/12/2015,APF,FL,ASO,ES,Federal Contract Tower,0,15,38,0,53,0,2,54,0,56,0,17,92,0,109,4,0,4,113
07/13/2015,APF,FL,ASO,ES,Federal Contract Tower,0,16,52,0,68,0,0,61,0,61,0,16,113,0,129,10,0,10,139
07/14/2015,APF,FL,ASO,ES,Federal Contract Tower,0,12,39,0,51,0,0,60,8,68,0,12,99,8,119,26,0,26,145
07/15/2015,APF,FL,ASO,ES,Federal Contract Tower,0,15,48,0,63,0,0,65,0,65,0,15,113,0,128,48,0,48,176
07/16/2015,APF,FL,ASO,ES,Federal Contract Tower,0,9,41,4,54,0,0,74,0,74,0,9,115,4,128,64,0,64,192
07/17/2015,APF,FL,ASO,ES,Federal Contract Tower,0,15,62,0,77,0,0,82,0,82,0,15,144,0,159,50,0,50,209
07/18/2015,APF,FL,ASO,ES,Federal Contract Tower,0,16,39,0,55,0,0,63,0,63,0,16,102,0,118,40,0,40,158
07/19/2015,APF,FL,ASO,ES,Federal Contract Tower,0,10,43,0,53,0,0,49,0,49,0,10,92,0,102,8,0,8,110
07/20/2015,APF,FL,ASO,ES,Federal Contract Tower,0,6,48,0,54,0,0,102,0,102,0,6,150,0,156,14,0,14,170
07/21/2015,APF,FL,ASO,ES,Federal Contract Tower,0,10,42,0,52,0,0,94,0,94,0,10,136,0,146,64,0,64,210
07/22/2015,APF,FL,ASO,ES,Federal Contract Tower,0,3,48,0,51,0,4,75,0,79,0,7,123,0,130,32,0,32,162
07/23/2015,APF,FL,ASO,ES,Federal Contract Tower,0,9,35,0,44,0,6,80,2,88,0,15,115,2,132,48,0,48,180
07/24/2015,APF,FL,ASO,ES,Federal Contract Tower,0,14,29,0,43,0,1,37,0,38,0,15,66,0,81,38,0,38,119
07/25/2015,APF,FL,ASO,ES,Federal Contract Tower,0,19,23,0,42,0,0,18,0,18,0,19,41,0,60,6,0,6,66
07/26/2015,APF,FL,ASO,ES,Federal Contract Tower,0,6,30,0,36,0,0,9,0,9,0,6,39,0,45,10,0,10,55
07/27/2015,APF,FL,ASO,ES,Federal Contract Tower,0,3,32,0,35,0,0,47,0,47,0,3,79,0,82,102,0,102,184
07/28/2015,APF,FL,ASO,ES,Federal Contract Tower,0,12,63,0,75,0,1,106,0,107,0,13,169,0,182,54,0,54,236
07/29/2015,APF,FL,ASO,ES,Federal Contract Tower,0,11,51,0,62,0,0,72,0,72,0,11,123,0,134,68,0,68,202
07/30/2015,APF,FL,ASO,ES,Federal Contract Tower,0,9,36,0,45,0,3,83,0,86,0,12,119,0,131,68,0,68,199
07/31/2015,APF,FL,ASO,ES,Federal Contract Tower,0,9,41,0,50,0,1,94,0,95,0,10,135,0,145,58,0,58,203
08/01/2015,APF,FL,ASO,ES,Federal Contract Tower,0,10,29,0,39,0,0,50,0,50,0,10,79,0,89,76,0,76,165
08/02/2015,APF,FL,ASO,ES,Federal Contract Tower,0,7,41,0,48,0,2,76,0,78,0,9,117,0,126,8,0,8,134
08/03/2015,APF,FL,ASO,ES,Federal Contract Tower,0,9,39,4,52,0,0,82,0,82,0,9,121,4,134,64,0,64,198
08/04/2015,APF,FL,ASO,ES,Federal Contract Tower,0,6,60,0,66,0,1,108,0,109,0,7,168,0,175,116,0,116,291
08/05/2015,APF,FL,ASO,ES,Federal Contract Tower,0,13,39,0,52,0,0,101,0,101,0,13,140,0,153,76,0,76,229
08/06/2015,APF,FL,ASO,ES,Federal Contract Tower,0,20,74,0,94,0,2,129,0,131,0,22,203,0,225,122,0,122,347
08/07/2015,APF,FL,ASO,ES,Federal Contract Tower,0,19,50,6,75,0,1,90,0,91,0,20,140,6,166,44,0,44,210
08/08/2015,APF,FL,ASO,ES,Federal Contract Tower,0,11,40,0,51,0,0,77,0,77,0,11,117,0,128,98,0,98,226
08/09/2015,APF,FL,ASO,ES,Federal Contract Tower,0,13,59,0,72,0,2,71,0,73,0,15,130,0,145,18,0,18,163
08/10/2015,APF,FL,ASO,ES,Federal Contract Tower,0,10,41,0,51,0,0,66,0,66,0,10,107,0,117,20,0,20,137
08/11/2015,APF,FL,ASO,ES,Federal Contract Tower,0,10,34,0,44,0,0,79,0,79,0,10,113,0,123,72,0,72,195
08/12/2015,APF,FL,ASO,ES,Federal Contract Tower,0,16,37,0,53,0,0,92,0,92,0,16,129,0,145,36,0,36,181
08/13/2015,APF,FL,ASO,ES,Federal Contract Tower,0,12,67,0,79,0,0,93,0,93,0,12,160,0,172,38,0,38,210
08/14/2015,APF,FL,ASO,ES,Federal Contract Tower,0,26,37,0,63,0,2,69,0,71,0,28,106,0,134,34,0,34,168
08/15/2015,APF,FL,ASO,ES,Federal Contract Tower,0,14,36,0,50,0,0,80,0,80,0,14,116,0,130,22,0,22,152
08/16/2015,APF,FL,ASO,ES,Federal Contract Tower,0,6,46,0,52,0,0,57,0,57,0,6,103,0,109,4,0,4,113
08/17/2015,APF,FL,ASO,ES,Federal Contract Tower,0,9,44,0,53,0,0,77,0,77,0,9,121,0,130,54,0,54,184
08/18/2015,APF,FL,ASO,ES,Federal Contract Tower,0,9,38,0,47,0,1,100,0,101,0,10,138,0,148,114,0,114,262
08/19/2015,APF,FL,ASO,ES,Federal Contract Tower,0,21,50,0,71,0,3,82,0,85,0,24,132,0,156,48,0,48,204
08/20/2015,APF,FL,ASO,ES,Federal Contract Tower,0,11,40,0,51,0,0,108,0,108,0,11,148,0,159,52,0,52,211
08/21/2015,APF,FL,ASO,ES,Federal Contract Tower,0,8,46,0,54,0,0,82,0,82,0,8,128,0,136,32,0,32,168
08/22/2015,APF,FL,ASO,ES,Federal Contract Tower,0,5,30,0,35,0,0,101,0,101,0,5,131,0,136,56,0,56,192
08/23/2015,APF,FL,ASO,ES,Federal Contract Tower,0,14,25,4,43,0,0,64,0,64,0,14,89,4,107,18,0,18,125
08/24/2015,APF,FL,ASO,ES,Federal Contract Tower,0,13,40,0,53,0,0,74,0,74,0,13,114,0,127,50,0,50,177
08/25/2015,APF,FL,ASO,ES,Federal Contract Tower,0,10,27,0,37,0,1,80,0,81,0,11,107,0,118,42,0,42,160
08/26/2015,APF,FL,ASO,ES,Federal Contract Tower,0,14,38,0,52,0,0,70,0,70,0,14,108,0,122,80,0,80,202
08/27/2015,APF,FL,ASO,ES,Federal Contract Tower,0,15,39,0,54,0,0,53,0,53,0,15,92,0,107,58,0,58,165
08/28/2015,APF,FL,ASO,ES,Federal Contract Tower,0,13,47,0,60,0,2,74,0,76,0,15,121,0,136,36,0,36,172
08/29/2015,APF,FL,ASO,ES,Federal Contract Tower,0,4,34,0,38,0,0,65,0,65,0,4,99,0,103,18,0,18,121
08/30/2015,APF,FL,ASO,ES,Federal Contract Tower,0,7,20,0,27,0,0,24,0,24,0,7,44,0,51,22,0,22,73
08/31/2015,APF,FL,ASO,ES,Federal Contract Tower,0,5,10,0,15,0,0,23,0,23,0,5,33,0,38,18,0,18,56
09/01/2015,APF,FL,ASO,ES,Federal Contract Tower,0,6,46,0,52,0,1,85,0,86,0,7,131,0,138,62,0,62,200
09/02/2015,APF,FL,ASO,ES,Federal Contract Tower,0,9,44,0,53,0,4,106,0,110,0,13,150,0,163,72,0,72,235
09/03/2015,APF,FL,ASO,ES,Federal Contract Tower,0,15,60,0,75,0,4,103,0,107,0,19,163,0,182,62,0,62,244
09/04/2015,APF,FL,ASO,ES,Federal Contract Tower,0,24,59,0,83,0,0,132,0,132,0,24,191,0,215,72,0,72,287
09/05/2015,APF,FL,ASO,ES,Federal Contract Tower,0,7,28,0,35,0,1,76,0,77,0,8,104,0,112,52,0,52,164
09/06/2015,APF,FL,ASO,ES,Federal Contract Tower,0,16,19,0,35,0,2,83,2,87,0,18,102,2,122,0,0,0,122
09/07/2015,APF,FL,ASO,ES,Federal Contract Tower,0,27,46,0,73,0,1,31,4,36,0,28,77,4,109,18,0,18,127
09/08/2015,APF,FL,ASO,ES,Federal Contract Tower,0,10,40,0,50,0,0,80,0,80,0,10,120,0,130,38,0,38,168
09/09/2015,APF,FL,ASO,ES,Federal Contract Tower,0,18,52,0,70,0,1,94,0,95,0,19,146,0,165,70,0,70,235
09/10/2015,APF,FL,ASO,ES,Federal Contract Tower,0,13,30,0,43,0,2,71,0,73,0,15,101,0,116,40,0,40,156
09/11/2015,APF,FL,ASO,ES,Federal Contract Tower,0,16,55,0,71,0,4,84,0,88,0,20,139,0,159,50,0,50,209
09/12/2015,APF,FL,ASO,ES,Federal Contract Tower,0,7,30,0,37,0,0,53,0,53,0,7,83,0,90,36,0,36,126
09/13/2015,APF,FL,ASO,ES,Federal Contract Tower,0,17,62,0,79,0,0,74,0,74,0,17,136,0,153,18,0,18,171
09/14/2015,APF,FL,ASO,ES,Federal Contract Tower,0,11,44,0,55,0,0,93,0,93,0,11,137,0,148,48,0,48,196
09/15/2015,APF,FL,ASO,ES,Federal Contract Tower,0,13,52,0,65,0,0,76,0,76,0,13,128,0,141,78,0,78,219
09/16/2015,APF,FL,ASO,ES,Federal Contract Tower,0,11,46,0,57,0,0,72,0,72,0,11,118,0,129,112,0,112,241
09/17/2015,APF,FL,ASO,ES,Federal Contract Tower,0,20,40,0,60,0,2,27,0,29,0,22,67,0,89,28,0,28,117
09/18/2015,APF,FL,ASO,ES,Federal Contract Tower,0,16,44,0,60,0,1,24,0,25,0,17,68,0,85,60,0,60,145
09/19/2015,APF,FL,ASO,ES,Federal Contract Tower,0,6,54,0,60,0,2,74,0,76,0,8,128,0,136,10,0,10,146
09/20/2015,APF,FL,ASO,ES,Federal Contract Tower,0,10,51,0,61,0,0,98,0,98,0,10,149,0,159,14,0,14,173
09/21/2015,APF,FL,ASO,ES,Federal Contract Tower,0,9,62,0,71,0,0,94,0,94,0,9,156,0,165,66,0,66,231
09/22/2015,APF,FL,ASO,ES,Federal Contract Tower,0,14,28,0,42,0,2,117,0,119,0,16,145,0,161,76,0,76,237
09/23/2015,APF,FL,ASO,ES,Federal Contract Tower,0,14,33,0,47,0,3,120,0,123,0,17,153,0,170,106,0,106,276
09/24/2015,APF,FL,ASO,ES,Federal Contract Tower,0,17,48,2,67,0,2,79,0,81,0,19,127,2,148,78,0,78,226
09/25/2015,APF,FL,ASO,ES,Federal Contract Tower,0,8,38,1,47,0,1,119,0,120,0,9,157,1,167,42,0,42,209
09/26/2015,APF,FL,ASO,ES,Federal Contract Tower,0,11,33,0,44,0,1,100,0,101,0,12,133,0,145,78,0,78,223
09/27/2015,APF,FL,ASO,ES,Federal Contract Tower,0,18,45,0,63,0,0,44,0,44,0,18,89,0,107,34,0,34,141
09/28/2015,APF,FL,ASO,ES,Federal Contract Tower,0,7,68,0,75,0,0,93,0,93,0,7,161,0,168,90,0,90,258
09/29/2015,APF,FL,ASO,ES,Federal Contract Tower,0,12,42,0,54,0,0,53,0,53,0,12,95,0,107,86,0,86,193
09/30/2015,APF,FL,ASO,ES,Federal Contract Tower,0,25,65,0,90,0,0,106,0,106,0,25,171,0,196,32,0,32,228
10/01/2015,APF,FL,ASO,ES,Federal Contract Tower,0,28,48,0,76,0,2,106,0,108,0,30,154,0,184,62,0,62,246
10/02/2015,APF,FL,ASO,ES,Federal Contract Tower,0,13,78,2,93,0,5,95,0,100,0,18,173,2,193,82,0,82,275
10/03/2015,APF,FL,ASO,ES,Federal Contract Tower,0,19,35,0,54,0,3,73,0,76,0,22,108,0,130,42,0,42,172
10/04/2015,APF,FL,ASO,ES,Federal Contract Tower,0,30,60,0,90,0,0,38,0,38,0,30,98,0,128,0,0,0,128
10/05/2015,APF,FL,ASO,ES,Federal Contract Tower,0,15,55,2,72,0,2,35,0,37,0,17,90,2,109,38,0,38,147
10/06/2015,APF,FL,ASO,ES,Federal Contract Tower,0,18,63,0,81,0,2,117,0,119,0,20,180,0,200,90,0,90,290
10/07/2015,APF,FL,ASO,ES,Federal Contract Tower,0,18,53,4,75,0,4,98,0,102,0,22,151,4,177,56,0,56,233
10/08/2015,APF,FL,ASO,ES,Federal Contract Tower,0,42,57,0,99,0,0,103,0,103,0,42,160,0,202,98,0,98,300
10/09/2015,APF,FL,ASO,ES,Federal Contract Tower,0,35,74,0,109,0,3,121,0,124,0,38,195,0,233,38,0,38,271
10/10/2015,APF,FL,ASO,ES,Federal Contract Tower,0,17,53,0,70,0,0,98,0,98,0,17,151,0,168,30,0,30,198
10/11/2015,APF,FL,ASO,ES,Federal Contract Tower,0,42,61,0,103,0,2,93,0,95,0,44,154,0,198,26,0,26,224
10/12/2015,APF,FL,ASO,ES,Federal Contract Tower,0,30,85,0,115,0,4,137,0,141,0,34,222,0,256,74,0,74,330
10/13/2015,APF,FL,ASO,ES,Federal Contract Tower,0,15,62,0,77,0,1,134,0,135,0,16,196,0,212,72,0,72,284
10/14/2015,APF,FL,ASO,ES,Federal Contract Tower,0,32,71,2,105,0,3,128,1,132,0,35,199,3,237,52,0,52,289
10/15/2015,APF,FL,ASO,ES,Federal Contract Tower,0,34,84,0,118,0,0,139,0,139,0,34,223,0,257,118,0,118,375
10/16/2015,APF,FL,ASO,ES,Federal Contract Tower,0,33,56,0,89,0,0,102,0,102,0,33,158,0,191,56,0,56,247
10/17/2015,APF,FL,ASO,ES,Federal Contract Tower,0,17,42,0,59,0,1,182,0,183,0,18,224,0,242,77,0,77,319
10/18/2015,APF,FL,ASO,ES,Federal Contract Tower,0,32,87,0,119,0,1,72,0,73,0,33,159,0,192,16,0,16,208
10/19/2015,APF,FL,ASO,ES,Federal Contract Tower,0,24,59,0,83,0,1,57,0,58,0,25,116,0,141,10,0,10,151
10/20/2015,APF,FL,ASO,ES,Federal Contract Tower,0,26,58,0,84,0,0,117,0,117,0,26,175,0,201,32,0,32,233
10/21/2015,APF,FL,ASO,ES,Federal Contract Tower,0,36,86,0,122,0,0,119,0,119,0,36,205,0,241,74,0,74,315
10/22/2015,APF,FL,ASO,ES,Federal Contract Tower,0,35,77,0,112,0,4,153,0,157,0,39,230,0,269,70,0,70,339
10/23/2015,APF,FL,ASO,ES,Federal Contract Tower,0,24,81,0,105,0,0,107,0,107,0,24,188,0,212,98,0,98,310
10/24/2015,APF,FL,ASO,ES,Federal Contract Tower,0,21,62,0,83,0,3,124,0,127,0,24,186,0,210,94,0,94,304
10/25/2015,APF,FL,ASO,ES,Federal Contract Tower,0,45,106,0,151,0,2,105,0,107,0,47,211,0,258,22,0,22,280
10/26/2015,APF,FL,ASO,ES,Federal Contract Tower,0,38,81,0,119,0,1,87,0,88,0,39,168,0,207,54,0,54,261
10/27/2015,APF,FL,ASO,ES,Federal Contract Tower,0,19,88,0,107,0,2,62,0,64,0,21,150,0,171,44,0,44,215
10/28/2015,APF,FL,ASO,ES,Federal Contract Tower,0,35,61,0,96,0,0,9,0,9,0,35,70,0,105,16,0,16,121
10/29/2015,APF,FL,ASO,ES,Federal Contract Tower,0,33,81,0,114,0,0,108,0,108,0,33,189,0,222,134,0,134,356
10/30/2015,APF,FL,ASO,ES,Federal Contract Tower,0,33,104,0,137,0,3,135,0,138,0,36,239,0,275,58,0,58,333
10/31/2015,APF,FL,ASO,ES,Federal Contract Tower,0,27,71,2,100,0,2,111,0,113,0,29,182,2,213,36,0,36,249
11/01/2015,APF,FL,ASO,ES,Federal Contract Tower,0,36,82,0,118,0,3,106,0,109,0,39,188,0,227,12,0,12,239
11/02/2015,APF,FL,ASO,ES,Federal Contract Tower,0,33,104,0,137,0,2,96,0,98,0,35,200,0,235,68,0,68,303
11/03/2015,APF,FL,ASO,ES,Federal Contract Tower,0,41,88,0,129,0,3,121,0,124,0,44,209,0,253,88,0,88,341
11/04/2015,APF,FL,ASO,ES,Federal Contract Tower,0,30,93,0,123,0,2,118,0,120,0,32,211,0,243,28,0,28,271
11/05/2015,APF,FL,ASO,ES,Federal Contract Tower,0,36,88,0,124,0,3,95,2,100,0,39,183,2,224,52,0,52,276
11/06/2015,APF,FL,ASO,ES,Federal Contract Tower,0,41,88,0,129,0,1,125,1,127,0,42,213,1,256,24,0,24,280
11/07/2015,APF,FL,ASO,ES,Federal Contract Tower,0,31,66,0,97,0,3,84,1,88,0,34,150,1,185,42,0,42,227
11/08/2015,APF,FL,ASO,ES,Federal Contract Tower,0,45,95,0,140,0,0,92,0,92,0,45,187,0,232,30,0,30,262
11/09/2015,APF,FL,ASO,ES,Federal Contract Tower,0,29,74,0,103,0,0,96,0,96,0,29,170,0,199,68,0,68,267
11/10/2015,APF,FL,ASO,ES,Federal Contract Tower,0,39,62,0,101,0,0,63,0,63,0,39,125,0,164,64,0,64,228
11/11/2015,APF,FL,ASO,ES,Federal Contract Tower,0,41,100,0,141,0,2,142,0,144,0,43,242,0,285,86,0,86,371
11/12/2015,APF,FL,ASO,ES,Federal Contract Tower,0,36,104,0,140,0,7,151,0,158,0,43,255,0,298,62,0,62,360
11/13/2015,APF,FL,ASO,ES,Federal Contract Tower,0,25,83,0,108,0,1,128,0,129,0,26,211,0,237,118,0,118,355
11/14/2015,APF,FL,ASO,ES,Federal Contract Tower,0,33,62,0,95,0,2,94,0,96,0,35,156,0,191,38,0,38,229
11/15/2015,APF,FL,ASO,ES,Federal Contract Tower,0,44,87,0,131,0,0,48,0,48,0,44,135,0,179,24,0,24,203
11/16/2015,APF,FL,ASO,ES,Federal Contract Tower,0,51,92,3,146,0,0,132,1,133,0,51,224,4,279,70,10,80,359
11/17/2015,APF,FL,ASO,ES,Federal Contract Tower,0,32,92,1,125,0,0,109,1,110,0,32,201,2,235,54,0,54,289
11/18/2015,APF,FL,ASO,ES,Federal Contract Tower,0,34,93,0,127,0,2,100,0,102,0,36,193,0,229,44,0,44,273
11/19/2015,APF,FL,ASO,ES,Federal Contract Tower,0,41,96,0,137,0,3,104,0,107,0,44,200,0,244,76,0,76,320
11/20/2015,APF,FL,ASO,ES,Federal Contract Tower,0,53,118,0,171,0,5,99,0,104,0,58,217,0,275,54,0,54,329
11/21/2015,APF,FL,ASO,ES,Federal Contract Tower,0,29,88,0,117,0,0,45,0,45,0,29,133,0,162,30,0,30,192
11/22/2015,APF,FL,ASO,ES,Federal Contract Tower,0,32,76,0,108,0,5,48,0,53,0,37,124,0,161,0,0,0,161
11/23/2015,APF,FL,ASO,ES,Federal Contract Tower,0,33,83,0,116,0,1,137,0,138,0,34,220,0,254,40,0,40,294
11/24/2015,APF,FL,ASO,ES,Federal Contract Tower,0,55,114,0,169,0,2,140,0,142,0,57,254,0,311,112,0,112,423
11/25/2015,APF,FL,ASO,ES,Federal Contract Tower,0,38,99,0,137,0,5,112,0,117,0,43,211,0,254,70,0,70,324
11/26/2015,APF,FL,ASO,ES,Federal Contract Tower,0,11,25,0,36,0,2,51,0,53,0,13,76,0,89,8,0,8,97
11/27/2015,APF,FL,ASO,ES,Federal Contract Tower,0,36,64,0,100,0,2,107,0,109,0,38,171,0,209,50,0,50,259
11/28/2015,APF,FL,ASO,ES,Federal Contract Tower,0,69,101,0,170,0,4,137,4,145,0,73,238,4,315,82,0,82,397
11/29/2015,APF,FL,ASO,ES,Federal Contract Tower,0,79,166,0,245,0,0,84,0,84,0,79,250,0,329,26,0,26,355
11/30/2015,APF,FL,ASO,ES,Federal Contract Tower,0,51,96,0,147,0,0,124,0,124,0,51,220,0,271,102,0,102,373
12/01/2015,APF,FL,ASO,ES,Federal Contract Tower,0,25,89,4,118,0,1,144,0,145,0,26,233,4,263,44,0,44,307
12/02/2015,APF,FL,ASO,ES,Federal Contract Tower,0,34,79,0,113,0,3,116,0,119,0,37,195,0,232,78,0,78,310
12/03/2015,APF,FL,ASO,ES,Federal Contract Tower,0,31,119,0,150,0,1,38,1,40,0,32,157,1,190,18,0,18,208
12/04/2015,APF,FL,ASO,ES,Federal Contract Tower,0,39,84,0,123,0,2,4,0,6,0,41,88,0,129,0,0,0,129
12/05/2015,APF,FL,ASO,ES,Federal Contract Tower,0,20,51,0,71,0,0,40,0,40,0,20,91,0,111,16,0,16,127
12/06/2015,APF,FL,ASO,ES,Federal Contract Tower,0,31,89,1,121,0,1,69,1,71,0,32,158,2,192,20,2,22,214
12/07/2015,APF,FL,ASO,ES,Federal Contract Tower,0,40,82,0,122,0,2,45,4,51,0,42,127,4,173,52,0,52,225
12/08/2015,APF,FL,ASO,ES,Federal Contract Tower,0,29,58,0,87,0,0,150,2,152,0,29,208,2,239,142,0,142,381
12/09/2015,APF,FL,ASO,ES,Federal Contract Tower,0,26,80,0,106,0,3,144,1,148,0,29,224,1,254,78,0,78,332
12/10/2015,APF,FL,ASO,ES,Federal Contract Tower,0,34,92,0,126,0,2,166,0,168,0,36,258,0,294,82,0,82,376
12/11/2015,APF,FL,ASO,ES,Federal Contract Tower,0,29,62,0,91,0,1,154,0,155,0,30,216,0,246,84,0,84,330
12/12/2015,APF,FL,ASO,ES,Federal Contract Tower,0,38,65,0,103,0,5,171,0,176,0,43,236,0,279,30,0,30,309
12/13/2015,APF,FL,ASO,ES,Federal Contract Tower,0,40,93,0,133,0,0,79,10,89,0,40,172,10,222,20,0,20,242
12/14/2015,APF,FL,ASO,ES,Federal Contract Tower,0,25,70,0,95,0,3,122,0,125,0,28,192,0,220,94,0,94,314
12/15/2015,APF,FL,ASO,ES,Federal Contract Tower,0,27,68,0,95,0,2,91,0,93,0,29,159,0,188,68,0,68,256
12/16/2015,APF,FL,ASO,ES,Federal Contract Tower,0,27,94,0,121,0,0,110,0,110,0,27,204,0,231,78,0,78,309
12/17/2015,APF,FL,ASO,ES,Federal Contract Tower,0,31,57,0,88,0,5,121,1,127,0,36,178,1,215,40,0,40,255
12/18/2015,APF,FL,ASO,ES,Federal Contract Tower,0,40,97,0,137,0,0,24,0,24,0,40,121,0,161,18,0,18,179
12/19/2015,APF,FL,ASO,ES,Federal Contract Tower,0,42,67,0,109,0,0,77,0,77,0,42,144,0,186,52,0,52,238
12/20/2015,APF,FL,ASO,ES,Federal Contract Tower,0,26,81,0,107,0,0,92,0,92,0,26,173,0,199,22,0,22,221
12/21/2015,APF,FL,ASO,ES,Federal Contract Tower,0,22,62,0,84,0,0,84,0,84,0,22,146,0,168,20,0,20,188
12/22/2015,APF,FL,ASO,ES,Federal Contract Tower,0,41,73,0,114,0,0,98,0,98,0,41,171,0,212,94,0,94,306
12/23/2015,APF,FL,ASO,ES,Federal Contract Tower,0,43,84,0,127,0,0,80,0,80,0,43,164,0,207,8,0,8,215
12/24/2015,APF,FL,ASO,ES,Federal Contract Tower,0,17,32,0,49,0,2,50,0,52,0,19,82,0,101,6,0,6,107
12/25/2015,APF,FL,ASO,ES,Federal Contract Tower,0,50,34,0,84,0,0,17,0,17,0,50,51,0,101,6,0,6,107
12/26/2015,APF,FL,ASO,ES,Federal Contract Tower,0,119,186,0,305,0,4,79,0,83,0,123,265,0,388,2,0,2,390
12/27/2015,APF,FL,ASO,ES,Federal Contract Tower,0,112,167,8,287,0,0,60,0,60,0,112,227,8,347,16,0,16,363
12/28/2015,APF,FL,ASO,ES,Federal Contract Tower,0,90,106,0,196,0,0,107,0,107,0,90,213,0,303,34,0,34,337
12/29/2015,APF,FL,ASO,ES,Federal Contract Tower,0,69,100,1,170,0,1,120,1,122,0,70,220,2,292,42,0,42,334
12/30/2015,APF,FL,ASO,ES,Federal Contract Tower,0,54,102,0,156,0,0,102,0,102,0,54,204,0,258,50,0,50,308
12/31/2015,APF,FL,ASO,ES,Federal Contract Tower,0,39,86,0,125,0,0,103,0,103,0,39,189,0,228,26,0,26,254
01/01/2016,APF,FL,ASO,ES,Federal Contract Tower,0,45,64,0,109,0,4,53,0,57,0,49,117,0,166,4,0,4,170
01/02/2016,APF,FL,ASO,ES,Federal Contract Tower,0,84,155,0,239,0,4,56,0,60,0,88,211,0,299,14,0,14,313
01/03/2016,APF,FL,ASO,ES,Federal Contract Tower,0,97,217,0,314,0,0,9,0,9,0,97,226,0,323,4,0,4,327
01/04/2016,APF,FL,ASO,ES,Federal Contract Tower,0,58,116,0,174,0,1,139,0,140,0,59,255,0,314,64,0,64,378
01/05/2016,APF,FL,ASO,ES,Federal Contract Tower,0,45,98,0,143,0,2,58,0,60,0,47,156,0,203,22,0,22,225
01/06/2016,APF,FL,ASO,ES,Federal Contract Tower,0,26,93,0,119,0,2,85,0,87,0,28,178,0,206,30,0,30,236
01/07/2016,APF,FL,ASO,ES,Federal Contract Tower,0,45,91,0,136,0,0,103,0,103,0,45,194,0,239,10,0,10,249
01/08/2016,APF,FL,ASO,ES,Federal Contract Tower,0,43,96,0,139,0,0,71,0,71,0,43,167,0,210,48,0,48,258
01/09/2016,APF,FL,ASO,ES,Federal Contract Tower,0,38,80,0,118,0,0,87,0,87,0,38,167,0,205,28,0,28,233
01/10/2016,APF,FL,ASO,ES,Federal Contract Tower,0,36,78,0,114,0,0,25,0,25,0,36,103,0,139,0,0,0,139
01/11/2016,APF,FL,ASO,ES,Federal Contract Tower,0,27,72,0,99,0,3,139,0,142,0,30,211,0,241,78,0,78,319
01/12/2016,APF,FL,ASO,ES,Federal Contract Tower,0,19,75,0,94,0,1,126,0,127,0,20,201,0,221,70,0,70,291
01/13/2016,APF,FL,ASO,ES,Federal Contract Tower,0,37,83,0,120,0,2,125,0,127,0,39,208,0,247,48,0,48,295
01/14/2016,APF,FL,ASO,ES,Federal Contract Tower,0,44,99,0,143,0,4,92,0,96,0,48,191,0,239,68,0,68,307
01/15/2016,APF,FL,ASO,ES,Federal Contract Tower,0,63,88,0,151,0,1,19,0,20,0,64,107,0,171,0,0,0,171
01/16/2016,APF,FL,ASO,ES,Federal Contract Tower,0,29,76,0,105,0,7,173,0,180,0,36,249,0,285,38,0,38,323
01/17/2016,APF,FL,ASO,ES,Federal Contract Tower,0,41,86,0,127,0,2,23,0,25,0,43,109,0,152,2,0,2,154
01/18/2016,APF,FL,ASO,ES,Federal Contract Tower,0,50,96,0,146,0,0,159,2,161,0,50,255,2,307,90,0,90,397
01/19/2016,APF,FL,ASO,ES,Federal Contract Tower,0,58,92,0,150,0,0,148,0,148,0,58,240,0,298,78,0,78,376
01/20/2016,APF,FL,ASO,ES,Federal Contract Tower,0,35,105,3,143,0,2,167,0,169,0,37,272,3,312,68,0,68,380
01/21/2016,APF,FL,ASO,ES,Federal Contract Tower,0,36,105,1,142,0,2,162,0,164,0,38,267,1,306,50,0,50,356
01/22/2016,APF,FL,ASO,ES,Federal Contract Tower,0,46,58,2,106,0,0,7,0,7,0,46,65,2,113,0,0,0,113
01/23/2016,APF,FL,ASO,ES,Federal Contract Tower,0,27,50,0,77,0,0,23,0,23,0,27,73,0,100,0,0,0,100
01/24/2016,APF,FL,ASO,ES,Federal Contract Tower,0,42,124,1,167,0,0,108,0,108,0,42,232,1,275,4,0,4,279
01/25/2016,APF,FL,ASO,ES,Federal Contract Tower,0,31,102,0,133,0,0,114,0,114,0,31,216,0,247,88,0,88,335
01/26/2016,APF,FL,ASO,ES,Federal Contract Tower,0,41,123,2,166,0,0,118,0,118,0,41,241,2,284,32,0,32,316
01/27/2016,APF,FL,ASO,ES,Federal Contract Tower,0,54,87,0,141,0,0,3,0,3,0,54,90,0,144,0,0,0,144
01/28/2016,APF,FL,ASO,ES,Federal Contract Tower,0,62,83,0,145,0,0,5,0,5,0,62,88,0,150,4,0,4,154
01/29/2016,APF,FL,ASO,ES,Federal Contract Tower,0,50,124,0,174,0,2,128,0,130,0,52,252,0,304,34,0,34,338
01/30/2016,APF,FL,ASO,ES,Federal Contract Tower,0,50,89,0,139,0,2,191,0,193,0,52,280,0,332,66,0,66,398
01/31/2016,APF,FL,ASO,ES,Federal Contract Tower,0,59,125,0,184,0,4,108,0,112,0,63,233,0,296,42,0,42,338
02/01/2016,APF,FL,ASO,ES,Federal Contract Tower,0,36,114,4,154,0,0,81,0,81,0,36,195,4,235,68,0,68,303
02/02/2016,APF,FL,ASO,ES,Federal Contract Tower,0,45,103,0,148,0,1,75,0,76,0,46,178,0,224,26,0,26,250
02/03/2016,APF,FL,ASO,ES,Federal Contract Tower,0,49,92,0,141,0,7,102,0,109,0,56,194,0,250,60,0,60,310
02/04/2016,APF,FL,ASO,ES,Federal Contract Tower,0,41,126,2,169,0,4,105,0,109,0,45,231,2,278,76,0,76,354
02/05/2016,APF,FL,ASO,ES,Federal Contract Tower,0,44,112,0,156,0,2,125,0,127,0,46,237,0,283,44,0,44,327
02/06/2016,APF,FL,ASO,ES,Federal Contract Tower,0,41,72,0,113,0,0,100,0,100,0,41,172,0,213,44,0,44,257
02/07/2016,APF,FL,ASO,ES,Federal Contract Tower,0,37,93,0,130,0,0,64,0,64,0,37,157,0,194,4,0,4,198
02/08/2016,APF,FL,ASO,ES,Federal Contract Tower,0,41,99,0,140,0,5,131,0,136,0,46,230,0,276,70,0,70,346
02/09/2016,APF,FL,ASO,ES,Federal Contract Tower,0,51,99,0,150,0,4,46,0,50,0,55,145,0,200,18,0,18,218
02/10/2016,APF,FL,ASO,ES,Federal Contract Tower,0,41,135,0,176,0,0,134,0,134,0,41,269,0,310,70,0,70,380
02/11/2016,APF,FL,ASO,ES,Federal Contract Tower,0,68,129,0,197,0,0,178,0,178,0,68,307,0,375,22,0,22,397
02/12/2016,APF,FL,ASO,ES,Federal Contract Tower,0,88,143,0,231,0,1,165,0,166,0,89,308,0,397,78,0,78,475
02/13/2016,APF,FL,ASO,ES,Federal Contract Tower,0,46,106,0,152,0,5,217,0,222,0,51,323,0,374,40,0,40,414
02/14/2016,APF,FL,ASO,ES,Federal Contract Tower,0,53,89,0,142,0,1,160,0,161,0,54,249,0,303,36,0,36,339
02/15/2016,APF,FL,ASO,ES,Federal Contract Tower,0,56,159,0,215,0,1,110,0,111,0,57,269,0,326,52,0,52,378
02/16/2016,APF,FL,ASO,ES,Federal Contract Tower,0,50,115,0,165,0,2,126,0,128,0,52,241,0,293,78,0,78,371
02/17/2016,APF,FL,ASO,ES,Federal Contract Tower,0,57,128,0,185,0,1,173,0,174,0,58,301,0,359,60,0,60,419
02/18/2016,APF,FL,ASO,ES,Federal Contract Tower,0,56,110,0,166,0,0,214,0,214,0,56,324,0,380,72,0,72,452
02/19/2016,APF,FL,ASO,ES,Federal Contract Tower,0,53,124,0,177,0,1,157,0,158,0,54,281,0,335,54,0,54,389
02/20/2016,APF,FL,ASO,ES,Federal Contract Tower,0,52,107,0,159,0,0,177,0,177,0,52,284,0,336,52,0,52,388
02/21/2016,APF,FL,ASO,ES,Federal Contract Tower,0,75,140,0,215,0,0,152,0,152,0,75,292,0,367,12,0,12,379
02/22/2016,APF,FL,ASO,ES,Federal Contract Tower,0,37,106,0,143,0,1,115,0,116,0,38,221,0,259,46,0,46,305
02/23/2016,APF,FL,ASO,ES,Federal Contract Tower,0,45,122,0,167,0,0,70,0,70,0,45,192,0,237,26,0,26,263
02/24/2016,APF,FL,ASO,ES,Federal Contract Tower,0,44,94,0,138,0,1,27,0,28,0,45,121,0,166,20,0,20,186
02/25/2016,APF,FL,ASO,ES,Federal Contract Tower,0,54,175,3,232,0,2,109,1,112,0,56,284,4,344,14,0,14,358
02/26/2016,APF,FL,ASO,ES,Federal Contract Tower,1,49,147,0,197,0,6,171,2,179,1,55,318,2,376,60,4,64,440
02/27/2016,APF,FL,ASO,ES,Federal Contract Tower,3,49,88,2,142,0,7,190,0,197,3,56,278,2,339,34,0,34,373
02/28/2016,APF,FL,ASO,ES,Federal Contract Tower,1,67,133,0,201,0,0,141,0,141,1,67,274,0,342,40,0,40,382
02/29/2016,APF,FL,ASO,ES,Federal Contract Tower,3,62,117,0,182,0,2,152,0,154,3,64,269,0,336,76,0,76,412
03/01/2016,APF,FL,ASO,ES,Federal Contract Tower,0,32,114,0,146,0,1,122,0,123,0,33,236,0,269,124,0,124,393
03/02/2016,APF,FL,ASO,ES,Federal Contract Tower,1,34,91,0,126,0,5,139,1,145,1,39,230,1,271,96,0,96,367
03/03/2016,APF,FL,ASO,ES,Federal Contract Tower,2,46,119,0,167,0,2,153,0,155,2,48,272,0,322,71,0,71,393
03/04/2016,APF,FL,ASO,ES,Federal Contract Tower,3,46,113,0,162,0,1,113,0,114,3,47,226,0,276,76,0,76,352
03/05/2016,APF,FL,ASO,ES,Federal Contract Tower,3,42,65,0,110,0,1,178,0,179,3,43,243,0,289,18,0,18,307
03/06/2016,APF,FL,ASO,ES,Federal Contract Tower,2,60,98,0,160,0,1,134,0,135,2,61,232,0,295,46,0,46,341
03/07/2016,APF,FL,ASO,ES,Federal Contract Tower,2,42,107,0,151,0,0,144,0,144,2,42,251,0,295,94,0,94,389
03/08/2016,APF,FL,ASO,ES,Federal Contract Tower,1,40,80,0,121,0,0,120,0,120,1,40,200,0,241,110,0,110,351
03/09/2016,APF,FL,ASO,ES,Federal Contract Tower,0,34,103,0,137,0,0,112,0,112,0,34,215,0,249,56,0,56,305
03/10/2016,APF,FL,ASO,ES,Federal Contract Tower,1,41,108,0,150,0,5,102,0,107,1,46,210,0,257,24,0,24,281
03/11/2016,APF,FL,ASO,ES,Federal Contract Tower,2,47,115,1,165,0,6,155,0,161,2,53,270,1,326,50,0,50,376
03/12/2016,APF,FL,ASO,ES,Federal Contract Tower,0,50,105,0,155,0,6,152,0,158,0,56,257,0,313,26,0,26,339
03/13/2016,APF,FL,ASO,ES,Federal Contract Tower,0,82,85,0,167,0,1,91,0,92,0,83,176,0,259,58,0,58,317
03/14/2016,APF,FL,ASO,ES,Federal Contract Tower,2,44,86,0,132,0,0,129,0,129,2,44,215,0,261,60,0,60,321
03/15/2016,APF,FL,ASO,ES,Federal Contract Tower,0,31,109,0,140,0,0,113,0,113,0,31,222,0,253,92,0,92,345
03/16/2016,APF,FL,ASO,ES,Federal Contract Tower,2,54,83,0,139,0,1,171,0,172,2,55,254,0,311,44,0,44,355
03/17/2016,APF,FL,ASO,ES,Federal Contract Tower,3,55,96,0,154,0,1,132,0,133,3,56,228,0,287,60,0,60,347
03/18/2016,APF,FL,ASO,ES,Federal Contract Tower,3,50,132,0,185,0,1,166,0,167,3,51,298,0,352,46,0,46,398
03/19/2016,APF,FL,ASO,ES,Federal Contract Tower,3,48,107,0,158,0,0,52,0,52,3,48,159,0,210,12,0,12,222
03/20/2016,APF,FL,ASO,ES,Federal Contract Tower,2,70,130,0,202,0,2,109,0,111,2,72,239,0,313,14,0,14,327
03/21/2016,APF,FL,ASO,ES,Federal Contract Tower,2,42,126,0,170,0,0,117,0,117,2,42,243,0,287,34,0,34,321
03/22/2016,APF,FL,ASO,ES,Federal Contract Tower,0,50,109,2,161,0,0,138,0,138,0,50,247,2,299,48,0,48,347
03/23/2016,APF,FL,ASO,ES,Federal Contract Tower,0,76,112,0,188,0,3,177,0,180,0,79,289,0,368,62,0,62,430
03/24/2016,APF,FL,ASO,ES,Federal Contract Tower,1,77,158,0,236,0,2,103,0,105,1,79,261,0,341,82,0,82,423
03/25/2016,APF,FL,ASO,ES,Federal Contract Tower,2,64,154,0,220,0,1,95,0,96,2,65,249,0,316,56,0,56,372
03/26/2016,APF,FL,ASO,ES,Federal Contract Tower,1,50,92,0,143,0,0,119,0,119,1,50,211,0,262,78,0,78,340
03/27/2016,APF,FL,ASO,ES,Federal Contract Tower,0,59,118,0,177,0,1,30,0,31,0,60,148,0,208,0,0,0,208
03/28/2016,APF,FL,ASO,ES,Federal Contract Tower,4,68,196,0,268,0,1,23,0,24,4,69,219,0,292,2,0,2,294
03/29/2016,APF,FL,ASO,ES,Federal Contract Tower,0,40,82,0,122,0,2,103,0,105,0,42,185,0,227,102,0,102,329
03/30/2016,APF,FL,ASO,ES,Federal Contract Tower,2,41,127,2,172,0,3,115,8,126,2,44,242,10,298,38,0,38,336
03/31/2016,APF,FL,ASO,ES,Federal Contract Tower,0,61,120,0,181,0,0,140,0,140,0,61,260,0,321,40,0,40,361
04/01/2016,APF,FL,ASO,ES,Federal Contract Tower,2,59,122,0,183,0,5,130,0,135,2,64,252,0,318,38,0,38,356
04/02/2016,APF,FL,ASO,ES,Federal Contract Tower,2,58,96,4,160,0,2,70,0,72,2,60,166,4,232,24,0,24,256
04/03/2016,APF,FL,ASO,ES,Federal Contract Tower,2,79,137,0,218,0,11,101,0,112,2,90,238,0,330,78,0,78,408
04/04/2016,APF,FL,ASO,ES,Federal Contract Tower,1,36,88,0,125,0,4,117,0,121,1,40,205,0,246,82,0,82,328
04/05/2016,APF,FL,ASO,ES,Federal Contract Tower,0,35,117,0,152,0,10,173,0,183,0,45,290,0,335,74,0,74,409
04/06/2016,APF,FL,ASO,ES,Federal Contract Tower,0,31,65,0,96,0,7,112,0,119,0,38,177,0,215,48,0,48,263
04/07/2016,APF,FL,ASO,ES,Federal Contract Tower,0,53,113,3,169,0,2,168,0,170,0,55,281,3,339,68,0,68,407
04/08/2016,APF,FL,ASO,ES,Federal Contract Tower,1,41,124,0,166,0,0,121,0,121,1,41,245,0,287,34,0,34,321
04/09/2016,APF,FL,ASO,ES,Federal Contract Tower,2,36,85,0,123,0,0,109,0,109,2,36,194,0,232,68,0,68,300
04/10/2016,APF,FL,ASO,ES,Federal Contract Tower,2,48,104,0,154,0,0,107,0,107,2,48,211,0,261,30,0,30,291
04/11/2016,APF,FL,ASO,ES,Federal Contract Tower,2,44,80,0,126,0,1,118,0,119,2,45,198,0,245,72,0,72,317
04/12/2016,APF,FL,ASO,ES,Federal Contract Tower,0,36,61,2,99,0,2,166,0,168,0,38,227,2,267,110,0,110,377
04/13/2016,APF,FL,ASO,ES,Federal Contract Tower,0,51,109,0,160,0,1,155,0,156,0,52,264,0,316,62,0,62,378
04/14/2016,APF,FL,ASO,ES,Federal Contract Tower,1,54,105,0,160,0,7,151,0,158,1,61,256,0,318,88,0,88,406
04/15/2016,APF,FL,ASO,ES,Federal Contract Tower,2,47,84,0,133,0,1,132,0,133,2,48,216,0,266,96,0,96,362
04/16/2016,APF,FL,ASO,ES,Federal Contract Tower,1,39,66,0,106,0,2,172,0,174,1,41,238,0,280,66,0,66,346
04/17/2016,APF,FL,ASO,ES,Federal Contract Tower,0,54,105,0,159,0,2,71,0,73,0,56,176,0,232,30,0,30,262
04/18/2016,APF,FL,ASO,ES,Federal Contract Tower,2,53,88,0,143,0,1,136,4,141,2,54,224,4,284,82,0,82,366
04/19/2016,APF,FL,ASO,ES,Federal Contract Tower,0,44,92,0,136,0,1,156,0,157,0,45,248,0,293,74,0,74,367
04/20/2016,APF,FL,ASO,ES,Federal Contract Tower,0,51,100,0,151,0,2,157,0,159,0,53,257,0,310,70,0,70,380
04/21/2016,APF,FL,ASO,ES,Federal Contract Tower,1,44,121,0,166,0,2,136,0,138,1,46,257,0,304,72,0,72,376
04/22/2016,APF,FL,ASO,ES,Federal Contract Tower,1,54,121,0,176,0,3,94,0,97,1,57,215,0,273,30,0,30,303
04/23/2016,APF,FL,ASO,ES,Federal Contract Tower,0,35,86,0,121,0,2,99,0,101,0,37,185,0,222,36,0,36,258
04/24/2016,APF,FL,ASO,ES,Federal Contract Tower,1,62,93,0,156,0,0,105,0,105,1,62,198,0,261,34,0,34,295
04/25/2016,APF,FL,ASO,ES,Federal Contract Tower,0,50,104,0,154,0,1,106,0,107,0,51,210,0,261,42,0,42,303
04/26/2016,APF,FL,ASO,ES,Federal Contract Tower,0,36,85,0,121,0,1,177,0,178,0,37,262,0,299,124,0,124,423
04/27/2016,APF,FL,ASO,ES,Federal Contract Tower,0,20,69,0,89,0,0,126,0,126,0,20,195,0,215,76,0,76,291
04/28/2016,APF,FL,ASO,ES,Federal Contract Tower,0,36,98,0,134,0,0,127,0,127,0,36,225,0,261,102,0,102,363
04/29/2016,APF,FL,ASO,ES,Federal Contract Tower,1,35,91,0,127,0,2,127,0,129,1,37,218,0,256,44,0,44,300
04/30/2016,APF,FL,ASO,ES,Federal Contract Tower,2,43,83,0,128,0,0,125,0,125,2,43,208,0,253,36,0,36,289
05/01/2016,APF,FL,ASO,ES,Federal Contract Tower,2,37,82,0,121,0,2,78,0,80,2,39,160,0,201,4,0,4,205
05/02/2016,APF,FL,ASO,ES,Federal Contract Tower,2,29,76,4,111,0,0,86,0,86,2,29,162,4,197,56,0,56,253
05/03/2016,APF,FL,ASO,ES,Federal Contract Tower,0,24,59,0,83,0,2,94,0,96,0,26,153,0,179,32,0,32,211
05/04/2016,APF,FL,ASO,ES,Federal Contract Tower,0,29,50,0,79,0,0,18,0,18,0,29,68,0,97,46,0,46,143
05/05/2016,APF,FL,ASO,ES,Federal Contract Tower,1,46,104,0,151,0,3,119,0,122,1,49,223,0,273,14,0,14,287
05/06/2016,APF,FL,ASO,ES,Federal Contract Tower,0,42,80,0,122,0,2,120,0,122,0,44,200,0,244,42,0,42,286
05/07/2016,APF,FL,ASO,ES,Federal Contract Tower,0,36,81,0,117,0,0,142,0,142,0,36,223,0,259,6,0,6,265
05/08/2016,APF,FL,ASO,ES,Federal Contract Tower,1,38,70,0,109,0,0,90,0,90,1,38,160,0,199,18,0,18,217
05/09/2016,APF,FL,ASO,ES,Federal Contract Tower,1,24,82,0,107,0,0,105,0,105,1,24,187,0,212,64,0,64,276
05/10/2016,APF,FL,ASO,ES,Federal Contract Tower,0,31,72,0,103,0,1,116,0,117,0,32,188,0,220,38,0,38,258
05/11/2016,APF,FL,ASO,ES,Federal Contract Tower,0,44,106,0,150,0,1,117,0,118,0,45,223,0,268,48,0,48,316
05/12/2016,APF,FL,ASO,ES,Federal Contract Tower,0,32,97,0,129,0,3,106,0,109,0,35,203,0,238,44,0,44,282
05/13/2016,APF,FL,ASO,ES,Federal Contract Tower,1,45,60,0,106,0,1,107,0,108,1,46,167,0,214,50,0,50,264
05/14/2016,APF,FL,ASO,ES,Federal Contract Tower,0,41,42,0,83,0,1,113,0,114,0,42,155,0,197,14,0,14,211
05/15/2016,APF,FL,ASO,ES,Federal Contract Tower,0,33,89,0,122,0,0,113,0,113,0,33,202,0,235,18,0,18,253
05/16/2016,APF,FL,ASO,ES,Federal Contract Tower,3,28,68,0,99,0,0,88,0,88,3,28,156,0,187,38,0,38,225
05/17/2016,APF,FL,ASO,ES,Federal Contract Tower,0,28,67,0,95,0,2,55,0,57,0,30,122,0,152,10,0,10,162
05/18/2016,APF,FL,ASO,ES,Federal Contract Tower,0,25,71,0,96,0,2,80,0,82,0,27,151,0,178,38,0,38,216
05/19/2016,APF,FL,ASO,ES,Federal Contract Tower,0,29,74,0,103,0,0,49,0,49,0,29,123,0,152,12,0,12,164
05/20/2016,APF,FL,ASO,ES,Federal Contract Tower,0,19,65,2,86,0,0,100,0,100,0,19,165,2,186,44,0,44,230
05/21/2016,APF,FL,ASO,ES,Federal Contract Tower,0,19,30,0,49,0,0,94,0,94,0,19,124,0,143,56,0,56,199
05/22/2016,APF,FL,ASO,ES,Federal Contract Tower,0,24,64,0,88,0,0,126,0,126,0,24,190,0,214,10,0,10,224
05/23/2016,APF,FL,ASO,ES,Federal Contract Tower,2,32,53,0,87,0,0,85,0,85,2,32,138,0,172,48,0,48,220
05/24/2016,APF,FL,ASO,ES,Federal Contract Tower,0,21,72,0,93,0,1,101,0,102,0,22,173,0,195,70,0,70,265
05/25/2016,APF,FL,ASO,ES,Federal Contract Tower,0,29,56,0,85,0,0,144,0,144,0,29,200,0,229,54,0,54,283
05/26/2016,APF,FL,ASO,ES,Federal Contract Tower,0,37,91,2,130,0,2,117,0,119,0,39,208,2,249,70,0,70,319
05/27/2016,APF,FL,ASO,ES,Federal Contract Tower,1,28,98,0,127,0,1,117,0,118,1,29,215,0,245,68,0,68,313
05/28/2016,APF,FL,ASO,ES,Federal Contract Tower,0,18,47,0,65,0,2,99,0,101,0,20,146,0,166,36,0,36,202
05/29/2016,APF,FL,ASO,ES,Federal Contract Tower,0,16,37,0,53,0,0,73,0,73,0,16,110,0,126,14,0,14,140
05/30/2016,APF,FL,ASO,ES,Federal Contract Tower,3,27,46,0,76,0,0,95,0,95,3,27,141,0,171,28,0,28,199
05/31/2016,APF,FL,ASO,ES,Federal Contract Tower,0,29,50,0,79,0,1,74,0,75,0,30,124,0,154,36,0,36,190
06/01/2016,APF,FL,ASO,ES,Federal Contract Tower,0,25,52,0,77,0,0,101,0,101,0,25,153,0,178,116,0,116,294
06/02/2016,APF,FL,ASO,ES,Federal Contract Tower,1,27,41,0,69,0,3,99,0,102,1,30,140,0,171,24,0,24,195
06/03/2016,APF,FL,ASO,ES,Federal Contract Tower,1,15,58,0,74,0,1,95,0,96,1,16,153,0,170,62,0,62,232
06/04/2016,APF,FL,ASO,ES,Federal Contract Tower,3,12,38,0,53,0,0,82,0,82,3,12,120,0,135,36,0,36,171
06/05/2016,APF,FL,ASO,ES,Federal Contract Tower,0,28,75,0,103,0,1,54,0,55,0,29,129,0,158,8,0,8,166
06/06/2016,APF,FL,ASO,ES,Federal Contract Tower,2,16,20,0,38,0,0,5,0,5,2,16,25,0,43,4,0,4,47
06/07/2016,APF,FL,ASO,ES,Federal Contract Tower,0,17,32,0,49,0,3,20,0,23,0,20,52,0,72,20,0,20,92
06/08/2016,APF,FL,ASO,ES,Federal Contract Tower,0,14,54,0,68,0,1,32,0,33,0,15,86,0,101,48,0,48,149
06/09/2016,APF,FL,ASO,ES,Federal Contract Tower,1,11,62,0,74,0,1,41,0,42,1,12,103,0,116,2,0,2,118
06/10/2016,APF,FL,ASO,ES,Federal Contract Tower,2,13,54,0,69,0,0,67,0,67,2,13,121,0,136,30,0,30,166
06/11/2016,APF,FL,ASO,ES,Federal Contract Tower,2,17,39,0,58,0,0,134,0,134,2,17,173,0,192,78,0,78,270
06/12/2016,APF,FL,ASO,ES,Federal Contract Tower,0,23,44,0,67,0,0,79,0,79,0,23,123,0,146,24,0,24,170
06/13/2016,APF,FL,ASO,ES,Federal Contract Tower,2,25,44,0,71,0,0,87,0,87,2,25,131,0,158,60,0,60,218
06/14/2016,APF,FL,ASO,ES,Federal Contract Tower,0,13,52,0,65,0,0,90,0,90,0,13,142,0,155,70,0,70,225
06/15/2016,APF,FL,ASO,ES,Federal Contract Tower,0,19,58,0,77,0,0,107,0,107,0,19,165,0,184,68,0,68,252
06/16/2016,APF,FL,ASO,ES,Federal Contract Tower,0,17,42,0,59,0,0,62,0,62,0,17,104,0,121,26,0,26,147
06/17/2016,APF,FL,ASO,ES,Federal Contract Tower,0,18,70,0,88,0,0,81,0,81,0,18,151,0,169,38,0,38,207
06/18/2016,APF,FL,ASO,ES,Federal Contract Tower,2,13,52,0,67,0,0,80,0,80,2,13,132,0,147,26,0,26,173
06/19/2016,APF,FL,ASO,ES,Federal Contract Tower,0,14,39,0,53,0,0,83,0,83,0,14,122,0,136,32,0,32,168
06/20/2016,APF,FL,ASO,ES,Federal Contract Tower,2,26,35,0,63,0,0,91,0,91,2,26,126,0,154,94,0,94,248
06/21/2016,APF,FL,ASO,ES,Federal Contract Tower,0,20,54,0,74,0,0,84,0,84,0,20,138,0,158,68,0,68,226
06/22/2016,APF,FL,ASO,ES,Federal Contract Tower,0,20,47,4,71,0,0,108,0,108,0,20,155,4,179,74,0,74,253
06/23/2016,APF,FL,ASO,ES,Federal Contract Tower,0,15,39,0,54,0,0,79,0,79,0,15,118,0,133,100,0,100,233
06/24/2016,APF,FL,ASO,ES,Federal Contract Tower,1,20,50,0,71,0,0,78,0,78,1,20,128,0,149,32,0,32,181
06/25/2016,APF,FL,ASO,ES,Federal Contract Tower,2,15,29,0,46,0,0,86,0,86,2,15,115,0,132,62,0,62,194
06/26/2016,APF,FL,ASO,ES,Federal Contract Tower,0,17,39,0,56,0,0,76,0,76,0,17,115,0,132,16,0,16,148
06/27/2016,APF,FL,ASO,ES,Federal Contract Tower,1,14,47,0,62,0,0,68,0,68,1,14,115,0,130,36,0,36,166
06/28/2016,APF,FL,ASO,ES,Federal Contract Tower,0,8,46,0,54,0,0,74,0,74,0,8,120,0,128,26,0,26,154
06/29/2016,APF,FL,ASO,ES,Federal Contract Tower,0,19,60,0,79,0,0,77,0,77,0,19,137,0,156,44,0,44,200
06/30/2016,APF,FL,ASO,ES,Federal Contract Tower,0,30,61,0,91,0,0,88,0,88,0,30,149,0,179,36,0,36,215
07/01/2016,APF,FL,ASO,ES,Federal Contract Tower,2,27,57,0,86,0,0,61,0,61,2,27,118,0,147,40,0,40,187
07/02/2016,APF,FL,ASO,ES,Federal Contract Tower,0,22,44,0,66,0,0,79,0,79,0,22,123,0,145,10,0,10,155
07/03/2016,APF,FL,ASO,ES,Federal Contract Tower,0,11,23,0,34,0,0,47,2,49,0,11,70,2,83,12,0,12,95
07/04/2016,APF,FL,ASO,ES,Federal Contract Tower,3,11,14,0,28,0,0,29,0,29,3,11,43,0,57,0,0,0,57
07/05/2016,APF,FL,ASO,ES,Federal Contract Tower,0,19,50,0,69,0,0,69,0,69,0,19,119,0,138,100,0,100,238
07/06/2016,APF,FL,ASO,ES,Federal Contract Tower,0,16,35,0,51,0,0,91,0,91,0,16,126,0,142,58,0,58,200
07/07/2016,APF,FL,ASO,ES,Federal Contract Tower,1,22,40,0,63,0,0,83,0,83,1,22,123,0,146,78,0,78,224
07/08/2016,APF,FL,ASO,ES,Federal Contract Tower,2,18,51,0,71,0,0,83,0,83,2,18,134,0,154,72,0,72,226
07/09/2016,APF,FL,ASO,ES,Federal Contract Tower,0,12,38,0,50,0,2,91,0,93,0,14,129,0,143,54,0,54,197
07/10/2016,APF,FL,ASO,ES,Federal Contract Tower,0,17,55,0,72,0,0,57,0,57,0,17,112,0,129,20,0,20,149
07/11/2016,APF,FL,ASO,ES,Federal Contract Tower,3,13,35,0,51,0,0,77,0,77,3,13,112,0,128,72,0,72,200
07/12/2016,APF,FL,ASO,ES,Federal Contract Tower,0,19,32,0,51,0,1,69,0,70,0,20,101,0,121,76,0,76,197
07/13/2016,APF,FL,ASO,ES,Federal Contract Tower,0,15,45,0,60,0,3,83,0,86,0,18,128,0,146,18,0,18,164
07/14/2016,APF,FL,ASO,ES,Federal Contract Tower,1,10,50,0,61,0,2,67,0,69,1,12,117,0,130,56,0,56,186
07/15/2016,APF,FL,ASO,ES,Federal Contract Tower,2,10,41,0,53,0,2,73,0,75,2,12,114,0,128,54,0,54,182
07/16/2016,APF,FL,ASO,ES,Federal Contract Tower,0,12,36,0,48,0,0,69,0,69,0,12,105,0,117,36,0,36,153
07/17/2016,APF,FL,ASO,ES,Federal Contract Tower,0,21,35,0,56,0,4,54,0,58,0,25,89,0,114,24,0,24,138
07/18/2016,APF,FL,ASO,ES,Federal Contract Tower,3,19,32,0,54,0,0,77,0,77,3,19,109,0,131,44,0,44,175
07/19/2016,APF,FL,ASO,ES,Federal Contract Tower,0,3,35,2,40,0,0,81,0,81,0,3,116,2,121,64,0,64,185
07/20/2016,APF,FL,ASO,ES,Federal Contract Tower,0,24,44,0,68,0,2,82,0,84,0,26,126,0,152,20,0,20,172
07/21/2016,APF,FL,ASO,ES,Federal Contract Tower,1,16,35,0,52,0,0,59,0,59,1,16,94,0,111,70,0,70,181
07/22/2016,APF,FL,ASO,ES,Federal Contract Tower,2,11,50,4,67,0,1,83,0,84,2,12,133,4,151,86,0,86,237
07/23/2016,APF,FL,ASO,ES,Federal Contract Tower,0,15,32,0,47,0,0,91,0,91,0,15,123,0,138,16,0,16,154
07/24/2016,APF,FL,ASO,ES,Federal Contract Tower,0,11,34,0,45,0,0,80,2,82,0,11,114,2,127,42,8,50,177
07/25/2016,APF,FL,ASO,ES,Federal Contract Tower,2,13,44,0,59,0,0,75,0,75,2,13,119,0,134,12,0,12,146
07/26/2016,APF,FL,ASO,ES,Federal Contract Tower,0,15,44,0,59,0,0,123,0,123,0,15,167,0,182,38,0,38,220
07/27/2016,APF,FL,ASO,ES,Federal Contract Tower,0,11,43,0,54,0,0,115,0,115,0,11,158,0,169,18,0,18,187
07/28/2016,APF,FL,ASO,ES,Federal Contract Tower,0,19,45,0,64,0,2,95,0,97,0,21,140,0,161,36,0,36,197
07/29/2016,APF,FL,ASO,ES,Federal Contract Tower,1,10,53,0,64,0,0,103,0,103,1,10,156,0,167,72,0,72,239
07/30/2016,APF,FL,ASO,ES,Federal Contract Tower,0,12,33,0,45,0,0,74,0,74,0,12,107,0,119,44,0,44,163
07/31/2016,APF,FL,ASO,ES,Federal Contract Tower,0,16,36,0,52,0,0,75,0,75,0,16,111,0,127,22,0,22,149
08/01/2016,APF,FL,ASO,ES,Federal Contract Tower,1,12,45,4,62,0,0,84,0,84,1,12,129,4,146,66,0,66,212
08/02/2016,APF,FL,ASO,ES,Federal Contract Tower,0,8,31,2,41,0,0,68,0,68,0,8,99,2,109,16,0,16,125
08/03/2016,APF,FL,ASO,ES,Federal Contract Tower,0,12,29,0,41,0,1,94,0,95,0,13,123,0,136,62,0,62,198
08/04/2016,APF,FL,ASO,ES,Federal Contract Tower,0,15,35,0,50,0,2,94,0,96,0,17,129,0,146,50,0,50,196
08/05/2016,APF,FL,ASO,ES,Federal Contract Tower,1,30,50,0,81,0,1,92,0,93,1,31,142,0,174,28,0,28,202
08/06/2016,APF,FL,ASO,ES,Federal Contract Tower,0,13,30,0,43,0,1,57,0,58,0,14,87,0,101,6,0,6,107
08/07/2016,APF,FL,ASO,ES,Federal Contract Tower,0,17,33,0,50,0,0,47,0,47,0,17,80,0,97,0,0,0,97
08/08/2016,APF,FL,ASO,ES,Federal Contract Tower,2,17,47,0,66,0,0,23,4,27,2,17,70,4,93,22,0,22,115
08/09/2016,APF,FL,ASO,ES,Federal Contract Tower,0,16,27,0,43,0,0,57,0,57,0,16,84,0,100,34,0,34,134
08/10/2016,APF,FL,ASO,ES,Federal Contract Tower,0,20,52,2,74,0,3,67,0,70,0,23,119,2,144,22,0,22,166
08/11/2016,APF,FL,ASO,ES,Federal Contract Tower,1,4,44,0,49,0,0,80,0,80,1,4,124,0,129,68,0,68,197
08/12/2016,APF,FL,ASO,ES,Federal Contract Tower,2,10,58,0,70,0,0,77,0,77,2,10,135,0,147,28,0,28,175
08/13/2016,APF,FL,ASO,ES,Federal Contract Tower,0,10,45,0,55,0,2,112,0,114,0,12,157,0,169,22,0,22,191
08/14/2016,APF,FL,ASO,ES,Federal Contract Tower,0,7,35,0,42,0,3,70,0,73,0,10,105,0,115,22,0,22,137
08/15/2016,APF,FL,ASO,ES,Federal Contract Tower,3,16,29,0,48,0,0,79,0,79,3,16,108,0,127,56,0,56,183
08/16/2016,APF,FL,ASO,ES,Federal Contract Tower,0,8,44,0,52,0,0,75,0,75,0,8,119,0,127,50,0,50,177
08/17/2016,APF,FL,ASO,ES,Federal Contract Tower,0,20,36,0,56,0,2,75,0,77,0,22,111,0,133,64,0,64,197
08/18/2016,APF,FL,ASO,ES,Federal Contract Tower,1,15,46,0,62,0,0,74,0,74,1,15,120,0,136,18,0,18,154
08/19/2016,APF,FL,ASO,ES,Federal Contract Tower,4,15,45,0,64,0,0,101,0,101,4,15,146,0,165,62,0,62,227
08/20/2016,APF,FL,ASO,ES,Federal Contract Tower,0,9,32,0,41,0,2,103,0,105,0,11,135,0,146,44,0,44,190
08/21/2016,APF,FL,ASO,ES,Federal Contract Tower,0,10,41,0,51,0,1,83,0,84,0,11,124,0,135,20,0,20,155
08/22/2016,APF,FL,ASO,ES,Federal Contract Tower,2,16,39,0,57,0,0,100,0,100,2,16,139,0,157,48,0,48,205
08/23/2016,APF,FL,ASO,ES,Federal Contract Tower,0,18,37,0,55,0,1,88,0,89,0,19,125,0,144,38,0,38,182
08/24/2016,APF,FL,ASO,ES,Federal Contract Tower,0,20,39,0,59,0,1,70,0,71,0,21,109,0,130,52,0,52,182
08/25/2016,APF,FL,ASO,ES,Federal Contract Tower,0,12,42,0,54,0,0,81,0,81,0,12,123,0,135,28,0,28,163
08/26/2016,APF,FL,ASO,ES,Federal Contract Tower,0,20,42,0,62,0,0,79,0,79,0,20,121,0,141,34,0,34,175
08/27/2016,APF,FL,ASO,ES,Federal Contract Tower,0,7,40,0,47,0,0,44,0,44,0,7,84,0,91,58,0,58,149
08/28/2016,APF,FL,ASO,ES,Federal Contract Tower,0,13,36,0,49,0,0,33,0,33,0,13,69,0,82,22,0,22,104
08/29/2016,APF,FL,ASO,ES,Federal Contract Tower,2,15,22,0,39,0,0,49,0,49,2,15,71,0,88,32,0,32,120
08/30/2016,APF,FL,ASO,ES,Federal Contract Tower,0,10,18,0,28,0,0,6,0,6,0,10,24,0,34,16,0,16,50
08/31/2016,APF,FL,ASO,ES,Federal Contract Tower,0,15,47,0,62,0,0,39,0,39,0,15,86,0,101,32,0,32,133
09/01/2016,APF,FL,ASO,ES,Federal Contract Tower,0,16,27,0,43,0,2,23,0,25,0,18,50,0,68,14,0,14,82
09/02/2016,APF,FL,ASO,ES,Federal Contract Tower,2,23,37,0,62,0,1,42,0,43,2,24,79,0,105,10,0,10,115
09/03/2016,APF,FL,ASO,ES,Federal Contract Tower,0,10,54,0,64,0,0,75,0,75,0,10,129,0,139,70,0,70,209
09/04/2016,APF,FL,ASO,ES,Federal Contract Tower,0,5,31,0,36,0,0,106,0,106,0,5,137,0,142,34,0,34,176
09/05/2016,APF,FL,ASO,ES,Federal Contract Tower,2,29,40,0,71,0,0,67,0,67,2,29,107,0,138,12,0,12,150
09/06/2016,APF,FL,ASO,ES,Federal Contract Tower,0,10,67,0,77,0,0,39,0,39,0,10,106,0,116,22,0,22,138
09/07/2016,APF,FL,ASO,ES,Federal Contract Tower,0,25,33,0,58,0,1,58,0,59,0,26,91,0,117,26,0,26,143
09/08/2016,APF,FL,ASO,ES,Federal Contract Tower,0,16,58,0,74,0,0,82,0,82,0,16,140,0,156,60,0,60,216
09/09/2016,APF,FL,ASO,ES,Federal Contract Tower,2,21,51,0,74,0,0,102,0,102,2,21,153,0,176,68,0,68,244
09/10/2016,APF,FL,ASO,ES,Federal Contract Tower,0,9,32,0,41,0,1,71,0,72,0,10,103,0,113,70,0,70,183
09/11/2016,APF,FL,ASO,ES,Federal Contract Tower,0,19,43,0,62,0,1,53,0,54,0,20,96,0,116,32,0,32,148
09/12/2016,APF,FL,ASO,ES,Federal Contract Tower,1,16,51,0,68,0,0,58,0,58,1,16,109,0,126,60,0,60,186
09/13/2016,APF,FL,ASO,ES,Federal Contract Tower,0,12,30,0,42,0,1,60,0,61,0,13,90,0,103,34,0,34,137
09/14/2016,APF,FL,ASO,ES,Federal Contract Tower,0,18,39,0,57,0,0,87,0,87,0,18,126,0,144,44,0,44,188
09/15/2016,APF,FL,ASO,ES,Federal Contract Tower,0,16,47,0,63,0,0,125,0,125,0,16,172,0,188,56,0,56,244
09/16/2016,APF,FL,ASO,ES,Federal Contract Tower,1,12,64,0,77,0,0,105,0,105,1,12,169,0,182,46,0,46,228
09/17/2016,APF,FL,ASO,ES,Federal Contract Tower,1,14,54,0,69,0,0,76,0,76,1,14,130,0,145,52,0,52,197
09/18/2016,APF,FL,ASO,ES,Federal Contract Tower,1,22,55,0,78,0,1,89,0,90,1,23,144,0,168,54,0,54,222
09/19/2016,APF,FL,ASO,ES,Federal Contract Tower,1,26,33,0,60,0,0,116,0,116,1,26,149,0,176,18,0,18,194
09/20/2016,APF,FL,ASO,ES,Federal Contract Tower,0,17,47,0,64,0,3,120,0,123,0,20,167,0,187,38,0,38,225
09/21/2016,APF,FL,ASO,ES,Federal Contract Tower,0,14,55,0,69,0,1,132,0,133,0,15,187,0,202,73,0,73,275
09/22/2016,APF,FL,ASO,ES,Federal Contract Tower,0,15,49,0,64,0,0,94,0,94,0,15,143,0,158,60,0,60,218
09/23/2016,APF,FL,ASO,ES,Federal Contract Tower,2,12,69,0,83,0,0,94,0,94,2,12,163,0,177,62,0,62,239
09/24/2016,APF,FL,ASO,ES,Federal Contract Tower,0,9,32,0,41,0,2,70,0,72,0,11,102,0,113,14,0,14,127
09/25/2016,APF,FL,ASO,ES,Federal Contract Tower,0,10,52,0,62,0,0,67,0,67,0,10,119,0,129,24,0,24,153
09/26/2016,APF,FL,ASO,ES,Federal Contract Tower,3,16,40,0,59,0,1,69,0,70,3,17,109,0,129,54,0,54,183
09/27/2016,APF,FL,ASO,ES,Federal Contract Tower,0,24,44,0,68,0,0,95,0,95,0,24,139,0,163,32,0,32,195
09/28/2016,APF,FL,ASO,ES,Federal Contract Tower,0,16,33,0,49,0,0,128,0,128,0,16,161,0,177,68,0,68,245
09/29/2016,APF,FL,ASO,ES,Federal Contract Tower,1,16,44,0,61,0,0,60,0,60,1,16,104,0,121,60,0,60,181
09/30/2016,APF,FL,ASO,ES,Federal Contract Tower,1,17,51,0,69,0,0,109,0,109,1,17,160,0,178,26,0,26,204
10/01/2016,APF,FL,ASO,ES,Federal Contract Tower,0,15,43,0,58,0,0,112,0,112,0,15,155,0,170,16,0,16,186
10/02/2016,APF,FL,ASO,ES,Federal Contract Tower,1,26,48,0,75,0,2,80,0,82,1,28,128,0,157,22,0,22,179
10/03/2016,APF,FL,ASO,ES,Federal Contract Tower,3,13,53,0,69,0,0,64,0,64,3,13,117,0,133,30,0,30,163
10/04/2016,APF,FL,ASO,ES,Federal Contract Tower,0,14,38,0,52,0,4,92,0,96,0,18,130,0,148,46,0,46,194
10/05/2016,APF,FL,ASO,ES,Federal Contract Tower,0,27,84,0,111,0,0,69,0,69,0,27,153,0,180,20,0,20,200
10/06/2016,APF,FL,ASO,ES,Federal Contract Tower,1,23,40,0,64,0,2,15,0,17,1,25,55,0,81,22,0,22,103
10/07/2016,APF,FL,ASO,ES,Federal Contract Tower,0,19,36,0,55,0,2,29,0,31,0,21,65,0,86,0,0,0,86
10/08/2016,APF,FL,ASO,ES,Federal Contract Tower,0,26,58,0,84,0,0,80,0,80,0,26,138,0,164,22,0,22,186
10/09/2016,APF,FL,ASO,ES,Federal Contract Tower,1,25,59,0,85,0,1,99,0,100,1,26,158,0,185,60,0,60,245
10/10/2016,APF,FL,ASO,ES,Federal Contract Tower,2,32,58,0,92,0,1,74,0,75,2,33,132,0,167,38,0,38,205
10/11/2016,APF,FL,ASO,ES,Federal Contract Tower,0,20,71,0,91,0,0,80,2,82,0,20,151,2,173,46,0,46,219
10/12/2016,APF,FL,ASO,ES,Federal Contract Tower,0,35,66,0,101,0,3,107,0,110,0,38,173,0,211,44,0,44,255
10/13/2016,APF,FL,ASO,ES,Federal Contract Tower,0,32,64,0,96,0,0,80,0,80,0,32,144,0,176,26,0,26,202
10/14/2016,APF,FL,ASO,ES,Federal Contract Tower,1,42,49,1,93,0,6,107,0,113,1,48,156,1,206,72,0,72,278
10/15/2016,APF,FL,ASO,ES,Federal Contract Tower,0,19,58,0,77,0,5,127,0,132,0,24,185,0,209,54,0,54,263
10/16/2016,APF,FL,ASO,ES,Federal Contract Tower,0,49,74,0,123,0,2,68,0,70,0,51,142,0,193,46,0,46,239
10/17/2016,APF,FL,ASO,ES,Federal Contract Tower,2,44,55,0,101,0,0,72,0,72,2,44,127,0,173,70,0,70,243
10/18/2016,APF,FL,ASO,ES,Federal Contract Tower,0,38,54,0,92,0,4,103,0,107,0,42,157,0,199,40,0,40,239
10/19/2016,APF,FL,ASO,ES,Federal Contract Tower,0,24,88,0,112,0,0,104,0,104,0,24,192,0,216,66,0,66,282
10/20/2016,APF,FL,ASO,ES,Federal Contract Tower,0,47,77,0,124,0,2,104,0,106,0,49,181,0,230,78,0,78,308
10/21/2016,APF,FL,ASO,ES,Federal Contract Tower,2,41,74,0,117,0,0,138,0,138,2,41,212,0,255,48,0,48,303
10/22/2016,APF,FL,ASO,ES,Federal Contract Tower,0,29,50,0,79,0,1,104,1,106,0,30,154,1,185,36,0,36,221
10/23/2016,APF,FL,ASO,ES,Federal Contract Tower,0,34,94,0,128,0,0,103,0,103,0,34,197,0,231,24,0,24,255
10/24/2016,APF,FL,ASO,ES,Federal Contract Tower,2,50,87,0,139,0,2,111,0,113,2,52,198,0,252,98,0,98,350
10/25/2016,APF,FL,ASO,ES,Federal Contract Tower,0,26,72,0,98,0,2,127,0,129,0,28,199,0,227,78,0,78,305
10/26/2016,APF,FL,ASO,ES,Federal Contract Tower,0,30,91,0,121,0,0,96,0,96,0,30,187,0,217,62,0,62,279
10/27/2016,APF,FL,ASO,ES,Federal Contract Tower,0,39,80,4,123,0,2,109,0,111,0,41,189,4,234,20,0,20,254
10/28/2016,APF,FL,ASO,ES,Federal Contract Tower,2,45,92,0,139,0,0,95,0,95,2,45,187,0,234,42,0,42,276
10/29/2016,APF,FL,ASO,ES,Federal Contract Tower,0,26,47,2,75,0,1,63,0,64,0,27,110,2,139,42,0,42,181
10/30/2016,APF,FL,ASO,ES,Federal Contract Tower,2,45,76,0,123,0,0,81,0,81,2,45,157,0,204,30,0,30,234
10/31/2016,APF,FL,ASO,ES,Federal Contract Tower,2,29,60,2,93,0,1,103,0,104,2,30,163,2,197,70,0,70,267
11/01/2016,APF,FL,ASO,ES,Federal Contract Tower,0,54,50,0,104,0,4,130,0,134,0,58,180,0,238,78,0,78,316
11/02/2016,APF,FL,ASO,ES,Federal Contract Tower,0,51,84,0,135,0,5,117,0,122,0,56,201,0,257,96,0,96,353
11/03/2016,APF,FL,ASO,ES,Federal Contract Tower,1,45,100,0,146,0,0,127,0,127,1,45,227,0,273,80,0,80,353
11/04/2016,APF,FL,ASO,ES,Federal Contract Tower,2,40,81,0,123,0,0,124,0,124,2,40,205,0,247,54,0,54,301
11/05/2016,APF,FL,ASO,ES,Federal Contract Tower,0,25,55,0,80,0,0,83,0,83,0,25,138,0,163,60,0,60,223
11/06/2016,APF,FL,ASO,ES,Federal Contract Tower,0,41,95,0,136,0,0,88,0,88,0,41,183,0,224,46,0,46,270
11/07/2016,APF,FL,ASO,ES,Federal Contract Tower,2,40,68,0,110,0,0,118,0,118,2,40,186,0,228,50,0,50,278
11/08/2016,APF,FL,ASO,ES,Federal Contract Tower,0,30,67,0,97,0,1,86,0,87,0,31,153,0,184,82,4,86,270
11/09/2016,APF,FL,ASO,ES,Federal Contract Tower,0,41,88,0,129,0,0,146,0,146,0,41,234,0,275,94,0,94,369
11/10/2016,APF,FL,ASO,ES,Federal Contract Tower,0,26,98,0,124,0,1,150,0,151,0,27,248,0,275,70,0,70,345
11/11/2016,APF,FL,ASO,ES,Federal Contract Tower,2,39,73,0,114,0,0,153,0,153,2,39,226,0,267,56,0,56,323
11/12/2016,APF,FL,ASO,ES,Federal Contract Tower,1,20,53,0,74,0,0,183,0,183,1,20,236,0,257,30,0,30,287
11/13/2016,APF,FL,ASO,ES,Federal Contract Tower,1,54,91,0,146,0,1,103,0,104,1,55,194,0,250,10,0,10,260
11/14/2016,APF,FL,ASO,ES,Federal Contract Tower,2,30,66,0,98,0,0,119,0,119,2,30,185,0,217,50,0,50,267
11/15/2016,APF,FL,ASO,ES,Federal Contract Tower,0,57,91,0,148,0,4,110,0,114,0,61,201,0,262,56,0,56,318
11/16/2016,APF,FL,ASO,ES,Federal Contract Tower,0,44,70,0,114,0,2,134,0,136,0,46,204,0,250,32,0,32,282
11/17/2016,APF,FL,ASO,ES,Federal Contract Tower,0,53,88,0,141,0,0,118,0,118,0,53,206,0,259,86,0,86,345
11/18/2016,APF,FL,ASO,ES,Federal Contract Tower,2,74,96,0,172,0,1,135,0,136,2,75,231,0,308,74,0,74,382
11/19/2016,APF,FL,ASO,ES,Federal Contract Tower,1,38,77,0,116,0,0,123,0,123,1,38,200,0,239,62,0,62,301
11/20/2016,APF,FL,ASO,ES,Federal Contract Tower,0,46,95,0,141,0,0,112,0,112,0,46,207,0,253,34,0,34,287
11/21/2016,APF,FL,ASO,ES,Federal Contract Tower,3,45,77,0,125,0,2,10,0,12,3,47,87,0,137,0,0,0,137
11/22/2016,APF,FL,ASO,ES,Federal Contract Tower,0,56,137,0,193,0,1,113,0,114,0,57,250,0,307,46,0,46,353
11/23/2016,APF,FL,ASO,ES,Federal Contract Tower,0,46,128,0,174,0,4,126,0,130,0,50,254,0,304,16,0,16,320
11/24/2016,APF,FL,ASO,ES,Federal Contract Tower,1,10,22,0,33,0,0,28,0,28,1,10,50,0,61,14,0,14,75
11/25/2016,APF,FL,ASO,ES,Federal Contract Tower,1,31,59,0,91,0,1,108,0,109,1,32,167,0,200,42,0,42,242
11/26/2016,APF,FL,ASO,ES,Federal Contract Tower,0,55,75,0,130,0,0,118,0,118,0,55,193,0,248,32,0,32,280
11/27/2016,APF,FL,ASO,ES,Federal Contract Tower,0,125,190,0,315,0,6,109,0,115,0,131,299,0,430,8,0,8,438
11/28/2016,APF,FL,ASO,ES,Federal Contract Tower,3,54,112,0,169,0,2,86,4,92,3,56,198,4,261,24,0,24,285
11/29/2016,APF,FL,ASO,ES,Federal Contract Tower,0,34,61,0,95,0,1,122,0,123,0,35,183,0,218,40,0,40,258
11/30/2016,APF,FL,ASO,ES,Federal Contract Tower,0,28,77,0,105,0,0,90,0,90,0,28,167,0,195,54,0,54,249
12/01/2016,APF,FL,ASO,ES,Federal Contract Tower,2,37,81,0,120,0,2,95,3,100,2,39,176,3,220,124,0,124,344
12/02/2016,APF,FL,ASO,ES,Federal Contract Tower,1,45,87,0,133,0,2,114,0,116,1,47,201,0,249,74,0,74,323
12/03/2016,APF,FL,ASO,ES,Federal Contract Tower,0,16,47,0,63,0,10,91,0,101,0,26,138,0,164,52,0,52,216
12/04/2016,APF,FL,ASO,ES,Federal Contract Tower,0,41,76,0,117,0,0,84,0,84,0,41,160,0,201,18,0,18,219
12/05/2016,APF,FL,ASO,ES,Federal Contract Tower,0,21,80,0,101,0,1,68,0,69,0,22,148,0,170,18,0,18,188
12/06/2016,APF,FL,ASO,ES,Federal Contract Tower,0,30,63,0,93,0,0,49,0,49,0,30,112,0,142,16,0,16,158
12/07/2016,APF,FL,ASO,ES,Federal Contract Tower,0,34,85,0,119,0,1,100,0,101,0,35,185,0,220,60,0,60,280
12/08/2016,APF,FL,ASO,ES,Federal Contract Tower,0,23,91,0,114,0,0,88,0,88,0,23,179,0,202,42,0,42,244
12/09/2016,APF,FL,ASO,ES,Federal Contract Tower,0,34,60,0,94,0,0,70,0,70,0,34,130,0,164,32,0,32,196
12/10/2016,APF,FL,ASO,ES,Federal Contract Tower,0,32,54,0,86,0,1,56,0,57,0,33,110,0,143,34,0,34,177
12/11/2016,APF,FL,ASO,ES,Federal Contract Tower,0,28,61,0,89,0,2,38,0,40,0,30,99,0,129,4,0,4,133
12/12/2016,APF,FL,ASO,ES,Federal Contract Tower,0,26,61,0,87,0,0,100,0,100,0,26,161,0,187,74,0,74,261
12/13/2016,APF,FL,ASO,ES,Federal Contract Tower,0,30,74,0,104,0,0,105,0,105,0,30,179,0,209,46,0,46,255
12/14/2016,APF,FL,ASO,ES,Federal Contract Tower,0,40,70,2,112,0,5,125,0,130,0,45,195,2,242,26,0,26,268
12/15/2016,APF,FL,ASO,ES,Federal Contract Tower,1,33,74,0,108,0,2,102,0,104,1,35,176,0,212,18,0,18,230
12/16/2016,APF,FL,ASO,ES,Federal Contract Tower,2,48,93,0,143,0,0,2,0,2,2,48,95,0,145,36,0,36,181
12/17/2016,APF,FL,ASO,ES,Federal Contract Tower,0,36,70,1,107,0,3,112,0,115,0,39,182,1,222,46,0,46,268
12/18/2016,APF,FL,ASO,ES,Federal Contract Tower,1,24,64,0,89,0,0,72,0,72,1,24,136,0,161,18,0,18,179
12/19/2016,APF,FL,ASO,ES,Federal Contract Tower,3,22,70,0,95,0,0,90,0,90,3,22,160,0,185,38,0,38,223
12/20/2016,APF,FL,ASO,ES,Federal Contract Tower,0,41,63,0,104,0,0,84,0,84,0,41,147,0,188,62,0,62,250
12/21/2016,APF,FL,ASO,ES,Federal Contract Tower,0,45,84,0,129,0,1,10,0,11,0,46,94,0,140,8,0,8,148
12/22/2016,APF,FL,ASO,ES,Federal Contract Tower,0,33,91,8,132,0,6,103,0,109,0,39,194,8,241,36,0,36,277
12/23/2016,APF,FL,ASO,ES,Federal Contract Tower,3,44,95,0,142,0,2,116,0,118,3,46,211,0,260,20,0,20,280
12/24/2016,APF,FL,ASO,ES,Federal Contract Tower,0,26,35,0,61,0,0,82,0,82,0,26,117,0,143,18,0,18,161
12/25/2016,APF,FL,ASO,ES,Federal Contract Tower,1,37,36,0,74,0,0,29,0,29,1,37,65,0,103,0,0,0,103
12/26/2016,APF,FL,ASO,ES,Federal Contract Tower,2,137,227,0,366,0,6,108,0,114,2,143,335,0,480,30,0,30,510
12/27/2016,APF,FL,ASO,ES,Federal Contract Tower,0,124,173,0,297,0,0,115,0,115,0,124,288,0,412,10,0,10,422
12/28/2016,APF,FL,ASO,ES,Federal Contract Tower,0,78,119,0,197,0,4,141,0,145,0,82,260,0,342,26,0,26,368
12/29/2016,APF,FL,ASO,ES,Federal Contract Tower,0,54,73,0,127,0,4,159,0,163,0,58,232,0,290,56,0,56,346
12/30/2016,APF,FL,ASO,ES,Federal Contract Tower,3,57,107,0,167,0,3,108,0,111,3,60,215,0,278,28,0,28,306
12/31/2016,APF,FL,ASO,ES,Federal Contract Tower,0,38,72,0,110,0,1,90,0,91,0,39,162,0,201,22,0,22,223
01/01/2017,APF,FL,ASO,ES,Federal Contract Tower,0,48,101,0,149,0,1,71,0,72,0,49,172,0,221,6,0,6,227
01/02/2017,APF,FL,ASO,ES,Federal Contract Tower,3,96,161,0,260,0,3,64,0,67,3,99,225,0,327,14,0,14,341
01/03/2017,APF,FL,ASO,ES,Federal Contract Tower,0,78,130,0,208,0,0,69,0,69,0,78,199,0,277,26,0,26,303
01/04/2017,APF,FL,ASO,ES,Federal Contract Tower,0,59,121,0,180,0,1,81,0,82,0,60,202,0,262,40,0,40,302
01/05/2017,APF,FL,ASO,ES,Federal Contract Tower,0,58,124,0,182,0,0,124,2,126,0,58,248,2,308,26,0,26,334
01/06/2017,APF,FL,ASO,ES,Federal Contract Tower,4,35,85,0,124,0,0,65,0,65,4,35,150,0,189,18,0,18,207
01/07/2017,APF,FL,ASO,ES,Federal Contract Tower,0,40,82,0,122,0,2,9,0,11,0,42,91,0,133,14,0,14,147
01/08/2017,APF,FL,ASO,ES,Federal Contract Tower,0,56,98,0,154,0,0,55,0,55,0,56,153,0,209,10,0,10,219
01/09/2017,APF,FL,ASO,ES,Federal Contract Tower,1,36,73,0,110,0,0,96,0,96,1,36,169,0,206,34,0,34,240
01/10/2017,APF,FL,ASO,ES,Federal Contract Tower,0,52,102,0,154,0,1,88,0,89,0,53,190,0,243,14,0,14,257
01/11/2017,APF,FL,ASO,ES,Federal Contract Tower,0,30,123,2,155,0,4,127,0,131,0,34,250,2,286,60,0,60,346
01/12/2017,APF,FL,ASO,ES,Federal Contract Tower,0,36,103,0,139,0,0,153,0,153,0,36,256,0,292,40,0,40,332
01/13/2017,APF,FL,ASO,ES,Federal Contract Tower,0,55,121,0,176,0,1,76,0,77,0,56,197,0,253,50,0,50,303
01/14/2017,APF,FL,ASO,ES,Federal Contract Tower,0,32,90,0,122,0,1,135,0,136,0,33,225,0,258,36,0,36,294
01/15/2017,APF,FL,ASO,ES,Federal Contract Tower,0,68,71,0,139,0,5,99,0,104,0,73,170,0,243,30,0,30,273
01/16/2017,APF,FL,ASO,ES,Federal Contract Tower,2,71,112,0,185,0,0,109,0,109,2,71,221,0,294,30,0,30,324
01/17/2017,APF,FL,ASO,ES,Federal Contract Tower,0,60,90,2,152,0,0,118,0,118,0,60,208,2,270,72,0,72,342
01/18/2017,APF,FL,ASO,ES,Federal Contract Tower,0,44,93,1,138,0,9,124,0,133,0,53,217,1,271,50,0,50,321
01/19/2017,APF,FL,ASO,ES,Federal Contract Tower,44,0,131,0,175,0,3,106,0,109,44,3,237,0,284,24,0,24,308
01/20/2017,APF,FL,ASO,ES,Federal Contract Tower,0,37,77,1,115,0,3,107,5,115,0,40,184,6,230,18,0,18,248
01/21/2017,APF,FL,ASO,ES,Federal Contract Tower,0,38,77,0,115,0,1,126,0,127,0,39,203,0,242,18,0,18,260
01/22/2017,APF,FL,ASO,ES,Federal Contract Tower,0,46,98,0,144,0,0,17,0,17,0,46,115,0,161,4,0,4,165
01/23/2017,APF,FL,ASO,ES,Federal Contract Tower,0,40,81,0,121,0,3,10,0,13,0,43,91,0,134,0,0,0,134
01/24/2017,APF,FL,ASO,ES,Federal Contract Tower,0,35,117,0,152,0,0,134,0,134,0,35,251,0,286,64,0,64,350
01/25/2017,APF,FL,ASO,ES,Federal Contract Tower,0,37,120,0,157,0,2,127,0,129,0,39,247,0,286,70,0,70,356
01/26/2017,APF,FL,ASO,ES,Federal Contract Tower,0,56,118,0,174,0,2,108,2,112,0,58,226,2,286,60,0,60,346
01/27/2017,APF,FL,ASO,ES,Federal Contract Tower,0,70,144,0,214,0,0,86,0,86,0,70,230,0,300,26,0,26,326
01/28/2017,APF,FL,ASO,ES,Federal Contract Tower,0,41,76,0,117,0,0,150,0,150,0,41,226,0,267,18,0,18,285
01/29/2017,APF,FL,ASO,ES,Federal Contract Tower,0,61,118,0,179,0,2,9,0,11,0,63,127,0,190,8,0,8,198
01/30/2017,APF,FL,ASO,ES,Federal Contract Tower,0,45,80,1,126,0,0,83,0,83,0,45,163,1,209,38,0,38,247
01/31/2017,APF,FL,ASO,ES,Federal Contract Tower,0,33,82,0,115,0,1,151,4,156,0,34,233,4,271,50,0,50,321
02/01/2017,APF,FL,ASO,ES,Federal Contract Tower,0,52,106,0,158,0,5,119,4,128,0,57,225,4,286,38,0,38,324
02/02/2017,APF,FL,ASO,ES,Federal Contract Tower,0,56,122,0,178,0,0,149,2,151,0,56,271,2,329,36,0,36,365
02/03/2017,APF,FL,ASO,ES,Federal Contract Tower,0,59,134,0,193,0,0,0,0,0,0,59,134,0,193,38,0,38,231
02/04/2017,APF,FL,ASO,ES,Federal Contract Tower,0,36,104,0,140,0,1,199,0,200,0,37,303,0,340,46,0,46,386
02/05/2017,APF,FL,ASO,ES,Federal Contract Tower,0,38,82,0,120,0,0,93,0,93,0,38,175,0,213,16,0,16,229
02/06/2017,APF,FL,ASO,ES,Federal Contract Tower,2,61,109,0,172,0,1,74,0,75,2,62,183,0,247,10,0,10,257
02/07/2017,APF,FL,ASO,ES,Federal Contract Tower,2,40,96,0,138,0,0,110,0,110,2,40,206,0,248,30,0,30,278
02/08/2017,APF,FL,ASO,ES,Federal Contract Tower,0,58,113,0,171,0,1,107,0,108,0,59,220,0,279,24,0,24,303
02/09/2017,APF,FL,ASO,ES,Federal Contract Tower,0,60,147,0,207,0,0,53,0,53,0,60,200,0,260,20,0,20,280
02/10/2017,APF,FL,ASO,ES,Federal Contract Tower,2,65,159,0,226,0,3,124,0,127,2,68,283,0,353,42,0,42,395
02/11/2017,APF,FL,ASO,ES,Federal Contract Tower,1,49,84,2,136,0,2,149,0,151,1,51,233,2,287,18,0,18,305
02/12/2017,APF,FL,ASO,ES,Federal Contract Tower,0,71,105,0,176,0,3,132,0,135,0,74,237,0,311,20,0,20,331
02/13/2017,APF,FL,ASO,ES,Federal Contract Tower,0,44,121,0,165,0,1,82,2,85,0,45,203,2,250,38,0,38,288
02/14/2017,APF,FL,ASO,ES,Federal Contract Tower,3,49,108,2,162,0,0,73,0,73,3,49,181,2,235,89,0,89,324
02/15/2017,APF,FL,ASO,ES,Federal Contract Tower,1,76,122,0,199,0,0,86,0,86,1,76,208,0,285,50,0,50,335
02/16/2017,APF,FL,ASO,ES,Federal Contract Tower,0,55,190,0,245,0,1,118,0,119,0,56,308,0,364,34,0,34,398
02/17/2017,APF,FL,ASO,ES,Federal Contract Tower,3,75,155,0,233,0,0,144,0,144,3,75,299,0,377,72,0,72,449
02/18/2017,APF,FL,ASO,ES,Federal Contract Tower,0,50,84,0,134,0,2,121,0,123,0,52,205,0,257,52,0,52,309
02/19/2017,APF,FL,ASO,ES,Federal Contract Tower,0,55,109,0,164,0,0,120,0,120,0,55,229,0,284,14,0,14,298
02/20/2017,APF,FL,ASO,ES,Federal Contract Tower,3,78,161,0,242,0,1,134,2,137,3,79,295,2,379,18,0,18,397
02/21/2017,APF,FL,ASO,ES,Federal Contract Tower,0,70,113,0,183,0,2,147,1,150,0,72,260,1,333,34,0,34,367
02/22/2017,APF,FL,ASO,ES,Federal Contract Tower,0,51,85,0,136,0,0,23,0,23,0,51,108,0,159,12,0,12,171
02/23/2017,APF,FL,ASO,ES,Federal Contract Tower,0,77,138,0,215,0,0,135,5,140,0,77,273,5,355,68,0,68,423
02/24/2017,APF,FL,ASO,ES,Federal Contract Tower,2,66,155,0,223,0,0,144,2,146,2,66,299,2,369,24,4,28,397
02/25/2017,APF,FL,ASO,ES,Federal Contract Tower,1,50,96,0,147,0,1,129,0,130,1,51,225,0,277,54,0,54,331
02/26/2017,APF,FL,ASO,ES,Federal Contract Tower,1,79,117,0,197,0,0,153,0,153,1,79,270,0,350,26,0,26,376
02/27/2017,APF,FL,ASO,ES,Federal Contract Tower,2,47,107,2,158,0,3,120,1,124,2,50,227,3,282,40,0,40,322
02/28/2017,APF,FL,ASO,ES,Federal Contract Tower,0,76,112,0,188,0,0,138,0,138,0,76,250,0,326,83,0,83,409
03/01/2017,APF,FL,ASO,ES,Federal Contract Tower,0,57,93,0,150,0,0,110,0,110,0,57,203,0,260,56,0,56,316
03/02/2017,APF,FL,ASO,ES,Federal Contract Tower,0,68,113,0,181,0,0,102,0,102,0,68,215,0,283,64,0,64,347
03/03/2017,APF,FL,ASO,ES,Federal Contract Tower,0,45,138,2,185,0,2,90,1,93,0,47,228,3,278,40,0,40,318
03/04/2017,APF,FL,ASO,ES,Federal Contract Tower,0,43,82,0,125,0,1,109,0,110,0,44,191,0,235,36,0,36,271
03/05/2017,APF,FL,ASO,ES,Federal Contract Tower,0,54,109,0,163,0,1,65,0,66,0,55,174,0,229,0,0,0,229
03/06/2017,APF,FL,ASO,ES,Federal Contract Tower,0,54,81,0,135,0,0,79,0,79,0,54,160,0,214,60,0,60,274
03/07/2017,APF,FL,ASO,ES,Federal Contract Tower,0,49,84,0,133,0,0,124,0,124,0,49,208,0,257,66,0,66,323
03/08/2017,APF,FL,ASO,ES,Federal Contract Tower,0,53,99,0,152,0,1,116,0,117,0,54,215,0,269,63,0,63,332
03/09/2017,APF,FL,ASO,ES,Federal Contract Tower,0,54,139,0,193,0,1,174,1,176,0,55,313,1,369,64,0,64,433
03/10/2017,APF,FL,ASO,ES,Federal Contract Tower,0,58,130,1,189,0,0,119,0,119,0,58,249,1,308,28,0,28,336
03/11/2017,APF,FL,ASO,ES,Federal Contract Tower,0,50,99,0,149,0,0,142,0,142,0,50,241,0,291,40,0,40,331
03/12/2017,APF,FL,ASO,ES,Federal Contract Tower,0,61,114,0,175,0,1,123,0,124,0,62,237,0,299,16,0,16,315
03/13/2017,APF,FL,ASO,ES,Federal Contract Tower,0,63,126,0,189,0,2,73,0,75,0,65,199,0,264,62,0,62,326
03/14/2017,APF,FL,ASO,ES,Federal Contract Tower,0,35,110,0,145,0,0,94,0,94,0,35,204,0,239,38,0,38,277
03/15/2017,APF,FL,ASO,ES,Federal Contract Tower,0,54,99,0,153,0,0,155,0,155,0,54,254,0,308,52,0,52,360
03/16/2017,APF,FL,ASO,ES,Federal Contract Tower,0,55,123,0,178,0,4,193,0,197,0,59,316,0,375,82,0,82,457
03/17/2017,APF,FL,ASO,ES,Federal Contract Tower,0,68,125,0,193,0,0,114,0,114,0,68,239,0,307,10,0,10,317
03/18/2017,APF,FL,ASO,ES,Federal Contract Tower,0,37,121,0,158,0,0,130,0,130,0,37,251,0,288,38,0,38,326
03/19/2017,APF,FL,ASO,ES,Federal Contract Tower,0,60,139,0,199,0,0,102,0,102,0,60,241,0,301,12,0,12,313
03/20/2017,APF,FL,ASO,ES,Federal Contract Tower,0,49,84,0,133,0,0,150,0,150,0,49,234,0,283,40,0,40,323
03/21/2017,APF,FL,ASO,ES,Federal Contract Tower,0,38,83,0,121,0,1,136,2,139,0,39,219,2,260,58,0,58,318
03/22/2017,APF,FL,ASO,ES,Federal Contract Tower,0,50,89,0,139,0,3,132,2,137,0,53,221,2,276,60,0,60,336
03/23/2017,APF,FL,ASO,ES,Federal Contract Tower,0,58,110,0,168,0,1,107,0,108,0,59,217,0,276,48,0,48,324
03/24/2017,APF,FL,ASO,ES,Federal Contract Tower,0,76,138,0,214,0,0,82,0,82,0,76,220,0,296,52,0,52,348
03/25/2017,APF,FL,ASO,ES,Federal Contract Tower,0,59,102,0,161,0,1,114,0,115,0,60,216,0,276,28,0,28,304
03/26/2017,APF,FL,ASO,ES,Federal Contract Tower,0,68,154,0,222,0,0,77,0,77,0,68,231,0,299,20,0,20,319
03/28/2017,APF,FL,ASO,ES,Federal Contract Tower,0,52,102,0,154,0,0,159,0,159,0,52,261,0,313,54,0,54,367
03/29/2017,APF,FL,ASO,ES,Federal Contract Tower,0,48,113,0,161,0,2,179,0,181,0,50,292,0,342,134,0,134,476
03/30/2017,APF,FL,ASO,ES,Federal Contract Tower,0,52,101,0,153,0,0,157,3,160,0,52,258,3,313,26,0,26,339
03/31/2017,APF,FL,ASO,ES,Federal Contract Tower,0,56,133,0,189,0,0,72,0,72,0,56,205,0,261,24,0,24,285
04/01/2017,APF,FL,ASO,ES,Federal Contract Tower,0,54,110,0,164,0,0,95,0,95,0,54,205,0,259,44,0,44,303
04/02/2017,APF,FL,ASO,ES,Federal Contract Tower,0,54,126,0,180,0,0,71,0,71,0,54,197,0,251,6,0,6,257
04/03/2017,APF,FL,ASO,ES,Federal Contract Tower,0,56,113,0,169,0,3,84,0,87,0,59,197,0,256,30,0,30,286
04/04/2017,APF,FL,ASO,ES,Federal Contract Tower,0,37,87,0,124,0,0,106,2,108,0,37,193,2,232,98,0,98,330
04/05/2017,APF,FL,ASO,ES,Federal Contract Tower,0,42,101,0,143,0,0,116,0,116,0,42,217,0,259,30,0,30,289
04/06/2017,APF,FL,ASO,ES,Federal Contract Tower,0,55,97,0,152,0,1,34,0,35,0,56,131,0,187,6,0,6,193
04/07/2017,APF,FL,ASO,ES,Federal Contract Tower,0,70,159,0,229,0,3,165,1,169,0,73,324,1,398,38,0,38,436
04/08/2017,APF,FL,ASO,ES,Federal Contract Tower,0,59,89,0,148,0,0,122,0,122,0,59,211,0,270,52,0,52,322
04/09/2017,APF,FL,ASO,ES,Federal Contract Tower,0,82,136,0,218,0,2,111,0,113,0,84,247,0,331,32,0,32,363
04/10/2017,APF,FL,ASO,ES,Federal Contract Tower,0,54,113,0,167,0,0,125,0,125,0,54,238,0,292,20,0,20,312
04/11/2017,APF,FL,ASO,ES,Federal Contract Tower,0,46,125,0,171,0,0,131,0,131,0,46,256,0,302,44,0,44,346
04/12/2017,APF,FL,ASO,ES,Federal Contract Tower,0,55,141,0,196,0,1,121,0,122,0,56,262,0,318,56,0,56,374
04/13/2017,APF,FL,ASO,ES,Federal Contract Tower,0,67,160,0,227,0,0,164,0,164,0,67,324,0,391,32,0,32,423
04/14/2017,APF,FL,ASO,ES,Federal Contract Tower,0,65,136,0,201,0,0,170,0,170,0,65,306,0,371,46,0,46,417
04/15/2017,APF,FL,ASO,ES,Federal Contract Tower,0,45,79,0,124,0,1,114,0,115,0,46,193,0,239,22,0,22,261
04/16/2017,APF,FL,ASO,ES,Federal Contract Tower,0,52,70,0,122,0,1,75,0,76,0,53,145,0,198,2,0,2,200
04/17/2017,APF,FL,ASO,ES,Federal Contract Tower,0,69,162,1,232,0,0,97,0,97,0,69,259,1,329,30,0,30,359
04/18/2017,APF,FL,ASO,ES,Federal Contract Tower,0,52,100,0,152,0,2,112,0,114,0,54,212,0,266,42,0,42,308
04/19/2017,APF,FL,ASO,ES,Federal Contract Tower,0,36,74,0,110,0,2,133,0,135,0,38,207,0,245,40,0,40,285
04/20/2017,APF,FL,ASO,ES,Federal Contract Tower,0,47,80,0,127,0,0,129,0,129,0,47,209,0,256,84,0,84,340
04/21/2017,APF,FL,ASO,ES,Federal Contract Tower,0,50,95,0,145,0,2,138,0,140,0,52,233,0,285,28,0,28,313
04/22/2017,APF,FL,ASO,ES,Federal Contract Tower,0,56,49,0,105,0,1,82,0,83,0,57,131,0,188,44,0,44,232
04/23/2017,APF,FL,ASO,ES,Federal Contract Tower,0,51,91,0,142,0,0,44,0,44,0,51,135,0,186,48,0,48,234
04/24/2017,APF,FL,ASO,ES,Federal Contract Tower,0,39,85,0,124,0,0,96,0,96,0,39,181,0,220,56,0,56,276
04/25/2017,APF,FL,ASO,ES,Federal Contract Tower,0,39,101,0,140,0,2,121,0,123,0,41,222,0,263,62,0,62,325
04/26/2017,APF,FL,ASO,ES,Federal Contract Tower,0,42,97,0,139,0,0,155,0,155,0,42,252,0,294,104,0,104,398
04/27/2017,APF,FL,ASO,ES,Federal Contract Tower,0,51,114,0,165,0,0,101,0,101,0,51,215,0,266,58,0,58,324
04/28/2017,APF,FL,ASO,ES,Federal Contract Tower,0,45,89,0,134,0,0,87,0,87,0,45,176,0,221,24,0,24,245
04/29/2017,APF,FL,ASO,ES,Federal Contract Tower,0,28,80,0,108,0,0,103,0,103,0,28,183,0,211,84,0,84,295
04/30/2017,APF,FL,ASO,ES,Federal Contract Tower,0,29,73,0,102,0,1,81,0,82,0,30,154,0,184,64,0,64,248
05/01/2017,APF,FL,ASO,ES,Federal Contract Tower,0,44,95,0,139,0,2,88,0,90,0,46,183,0,229,17,0,17,246
05/02/2017,APF,FL,ASO,ES,Federal Contract Tower,0,42,78,0,120,0,0,85,0,85,0,42,163,0,205,111,0,111,316
05/03/2017,APF,FL,ASO,ES,Federal Contract Tower,0,52,89,0,141,0,2,125,0,127,0,54,214,0,268,60,0,60,328
05/04/2017,APF,FL,ASO,ES,Federal Contract Tower,0,42,84,0,126,0,0,114,0,114,0,42,198,0,240,66,0,66,306
05/05/2017,APF,FL,ASO,ES,Federal Contract Tower,0,40,42,0,82,0,2,38,4,44,0,42,80,4,126,4,0,4,130
05/06/2017,APF,FL,ASO,ES,Federal Contract Tower,0,22,45,0,67,0,1,110,0,111,0,23,155,0,178,78,0,78,256
05/07/2017,APF,FL,ASO,ES,Federal Contract Tower,0,52,89,0,141,0,5,137,0,142,0,57,226,0,283,56,0,56,339
05/08/2017,APF,FL,ASO,ES,Federal Contract Tower,0,59,94,0,153,0,0,113,0,113,0,59,207,0,266,20,0,20,286
05/09/2017,APF,FL,ASO,ES,Federal Contract Tower,0,44,69,0,113,0,0,132,0,132,0,44,201,0,245,46,0,46,291
05/10/2017,APF,FL,ASO,ES,Federal Contract Tower,0,54,65,0,119,0,5,130,0,135,0,59,195,0,254,64,0,64,318
05/11/2017,APF,FL,ASO,ES,Federal Contract Tower,0,43,70,0,113,0,2,150,0,152,0,45,220,0,265,52,0,52,317
05/12/2017,APF,FL,ASO,ES,Federal Contract Tower,0,35,61,0,96,0,1,148,0,149,0,36,209,0,245,60,0,60,305
05/13/2017,APF,FL,ASO,ES,Federal Contract Tower,0,27,56,0,83,0,0,97,0,97,0,27,153,0,180,52,0,52,232
05/14/2017,APF,FL,ASO,ES,Federal Contract Tower,0,35,53,0,88,0,0,92,0,92,0,35,145,0,180,42,0,42,222
05/15/2017,APF,FL,ASO,ES,Federal Contract Tower,0,33,63,0,96,0,2,107,0,109,0,35,170,0,205,36,0,36,241
05/16/2017,APF,FL,ASO,ES,Federal Contract Tower,0,36,66,0,102,0,2,104,0,106,0,38,170,0,208,66,0,66,274
05/17/2017,APF,FL,ASO,ES,Federal Contract Tower,0,41,71,0,112,0,4,96,0,100,0,45,167,0,212,112,0,112,324
05/18/2017,APF,FL,ASO,ES,Federal Contract Tower,0,52,93,0,145,0,1,82,0,83,0,53,175,0,228,54,0,54,282
05/19/2017,APF,FL,ASO,ES,Federal Contract Tower,0,36,84,7,127,0,1,68,0,69,0,37,152,7,196,86,0,86,282
05/20/2017,APF,FL,ASO,ES,Federal Contract Tower,0,37,52,0,89,0,0,156,0,156,0,37,208,0,245,68,0,68,313
05/21/2017,APF,FL,ASO,ES,Federal Contract Tower,0,24,63,0,87,0,2,120,0,122,0,26,183,0,209,43,0,43,252
05/22/2017,APF,FL,ASO,ES,Federal Contract Tower,0,26,66,0,92,0,0,104,0,104,0,26,170,0,196,18,0,18,214
05/23/2017,APF,FL,ASO,ES,Federal Contract Tower,0,30,61,0,91,0,0,95,0,95,0,30,156,0,186,24,0,24,210
05/24/2017,APF,FL,ASO,ES,Federal Contract Tower,0,25,53,0,78,0,0,37,0,37,0,25,90,0,115,54,0,54,169
05/25/2017,APF,FL,ASO,ES,Federal Contract Tower,0,35,77,0,112,0,0,44,0,44,0,35,121,0,156,10,0,10,166
05/26/2017,APF,FL,ASO,ES,Federal Contract Tower,0,37,113,0,150,0,0,140,2,142,0,37,253,2,292,54,0,54,346
05/27/2017,APF,FL,ASO,ES,Federal Contract Tower,0,23,50,0,73,0,0,101,0,101,0,23,151,0,174,40,0,40,214
05/28/2017,APF,FL,ASO,ES,Federal Contract Tower,0,18,37,0,55,0,1,91,0,92,0,19,128,0,147,4,0,4,151
05/29/2017,APF,FL,ASO,ES,Federal Contract Tower,0,27,75,0,102,0,0,61,0,61,0,27,136,0,163,10,0,10,173
05/30/2017,APF,FL,ASO,ES,Federal Contract Tower,0,36,70,0,106,0,0,87,2,89,0,36,157,2,195,74,0,74,269
05/31/2017,APF,FL,ASO,ES,Federal Contract Tower,0,28,79,0,107,0,0,82,0,82,0,28,161,0,189,68,0,68,257
06/01/2017,APF,FL,ASO,ES,Federal Contract Tower,0,28,53,0,81,0,0,56,0,56,0,28,109,0,137,42,0,42,179
06/02/2017,APF,FL,ASO,ES,Federal Contract Tower,0,36,54,0,90,0,0,49,0,49,0,36,103,0,139,54,0,54,193
06/03/2017,APF,FL,ASO,ES,Federal Contract Tower,0,18,29,0,47,0,0,53,0,53,0,18,82,0,100,50,0,50,150
06/04/2017,APF,FL,ASO,ES,Federal Contract Tower,0,21,47,0,68,0,0,46,0,46,0,21,93,0,114,38,0,38,152
06/05/2017,APF,FL,ASO,ES,Federal Contract Tower,0,22,38,0,60,0,0,10,0,10,0,22,48,0,70,19,0,19,89
06/06/2017,APF,FL,ASO,ES,Federal Contract Tower,0,23,16,0,39,0,0,5,0,5,0,23,21,0,44,16,0,16,60
06/07/2017,APF,FL,ASO,ES,Federal Contract Tower,0,21,35,0,56,0,0,15,0,15,0,21,50,0,71,4,0,4,75
06/08/2017,APF,FL,ASO,ES,Federal Contract Tower,0,24,69,0,93,0,0,77,0,77,0,24,146,0,170,66,0,66,236
06/09/2017,APF,FL,ASO,ES,Federal Contract Tower,0,29,74,0,103,0,0,104,0,104,0,29,178,0,207,88,0,88,295
06/10/2017,APF,FL,ASO,ES,Federal Contract Tower,0,16,29,0,45,0,0,13,0,13,0,16,42,0,58,0,0,0,58
06/11/2017,APF,FL,ASO,ES,Federal Contract Tower,0,23,53,0,76,0,0,95,0,95,0,23,148,0,171,34,0,34,205
06/12/2017,APF,FL,ASO,ES,Federal Contract Tower,0,9,22,0,31,0,0,51,0,51,0,9,73,0,82,58,0,58,140
06/13/2017,APF,FL,ASO,ES,Federal Contract Tower,0,15,34,0,49,0,0,85,0,85,0,15,119,0,134,66,0,66,200
06/14/2017,APF,FL,ASO,ES,Federal Contract Tower,0,25,63,0,88,0,0,68,0,68,0,25,131,0,156,62,0,62,218
06/15/2017,APF,FL,ASO,ES,Federal Contract Tower,0,36,56,0,92,0,0,83,0,83,0,36,139,0,175,58,0,58,233
06/16/2017,APF,FL,ASO,ES,Federal Contract Tower,0,22,46,0,68,0,1,112,0,113,0,23,158,0,181,28,0,28,209
06/17/2017,APF,FL,ASO,ES,Federal Contract Tower,0,23,23,0,46,0,1,94,0,95,0,24,117,0,141,38,0,38,179
06/18/2017,APF,FL,ASO,ES,Federal Contract Tower,0,27,30,0,57,0,2,69,0,71,0,29,99,0,128,4,0,4,132
06/19/2017,APF,FL,ASO,ES,Federal Contract Tower,0,14,56,2,72,0,1,33,0,34,0,15,89,2,106,52,0,52,158
06/20/2017,APF,FL,ASO,ES,Federal Contract Tower,0,12,62,0,74,0,2,76,0,78,0,14,138,0,152,96,0,96,248
06/21/2017,APF,FL,ASO,ES,Federal Contract Tower,0,17,30,0,47,0,0,99,0,99,0,17,129,0,146,46,0,46,192
06/22/2017,APF,FL,ASO,ES,Federal Contract Tower,0,10,58,4,72,0,0,72,0,72,0,10,130,4,144,76,0,76,220
06/23/2017,APF,FL,ASO,ES,Federal Contract Tower,0,20,31,0,51,0,0,101,0,101,0,20,132,0,152,38,0,38,190
06/24/2017,APF,FL,ASO,ES,Federal Contract Tower,0,11,39,0,50,0,0,99,0,99,0,11,138,0,149,106,0,106,255
06/25/2017,APF,FL,ASO,ES,Federal Contract Tower,0,13,41,0,54,0,0,90,0,90,0,13,131,0,144,32,0,32,176
06/26/2017,APF,FL,ASO,ES,Federal Contract Tower,0,24,48,0,72,0,0,74,0,74,0,24,122,0,146,18,0,18,164
06/27/2017,APF,FL,ASO,ES,Federal Contract Tower,0,19,40,0,59,0,1,86,0,87,0,20,126,0,146,40,0,40,186
06/28/2017,APF,FL,ASO,ES,Federal Contract Tower,0,17,66,0,83,0,0,98,0,98,0,17,164,0,181,50,0,50,231
06/29/2017,APF,FL,ASO,ES,Federal Contract Tower,0,21,58,0,79,0,0,109,0,109,0,21,167,0,188,22,0,22,210
06/30/2017,APF,FL,ASO,ES,Federal Contract Tower,0,13,54,0,67,0,0,123,0,123,0,13,177,0,190,90,0,90,280
07/01/2017,APF,FL,ASO,ES,Federal Contract Tower,0,27,50,0,77,0,0,91,0,91,0,27,141,0,168,12,0,12,180
07/02/2017,APF,FL,ASO,ES,Federal Contract Tower,0,6,29,0,35,0,0,56,0,56,0,6,85,0,91,22,0,22,113
07/03/2017,APF,FL,ASO,ES,Federal Contract Tower,0,5,28,2,35,0,0,69,0,69,0,5,97,2,104,40,0,40,144
07/04/2017,APF,FL,ASO,ES,Federal Contract Tower,0,7,17,0,24,0,0,62,0,62,0,7,79,0,86,28,0,28,114
07/05/2017,APF,FL,ASO,ES,Federal Contract Tower,0,36,55,2,93,0,0,64,4,68,0,36,119,6,161,58,0,58,219
07/06/2017,APF,FL,ASO,ES,Federal Contract Tower,0,14,46,0,60,0,1,80,0,81,0,15,126,0,141,38,0,38,179
07/07/2017,APF,FL,ASO,ES,Federal Contract Tower,0,24,38,0,62,0,0,111,0,111,0,24,149,0,173,92,0,92,265
07/08/2017,APF,FL,ASO,ES,Federal Contract Tower,0,20,44,0,64,0,5,96,0,101,0,25,140,0,165,42,0,42,207
07/09/2017,APF,FL,ASO,ES,Federal Contract Tower,0,19,30,2,51,0,0,62,0,62,0,19,92,2,113,4,0,4,117
07/10/2017,APF,FL,ASO,ES,Federal Contract Tower,0,11,40,0,51,0,0,70,3,73,0,11,110,3,124,138,0,138,262
07/11/2017,APF,FL,ASO,ES,Federal Contract Tower,0,11,37,0,48,0,0,100,0,100,0,11,137,0,148,76,0,76,224
07/12/2017,APF,FL,ASO,ES,Federal Contract Tower,0,16,40,0,56,0,0,76,0,76,0,16,116,0,132,54,0,54,186
07/13/2017,APF,FL,ASO,ES,Federal Contract Tower,0,17,37,0,54,0,0,84,0,84,0,17,121,0,138,70,0,70,208
07/14/2017,APF,FL,ASO,ES,Federal Contract Tower,0,14,55,0,69,0,0,83,0,83,0,14,138,0,152,74,0,74,226
07/15/2017,APF,FL,ASO,ES,Federal Contract Tower,0,18,49,0,67,0,0,123,0,123,0,18,172,0,190,76,0,76,266
07/16/2017,APF,FL,ASO,ES,Federal Contract Tower,0,14,40,0,54,0,0,85,0,85,0,14,125,0,139,18,0,18,157
07/17/2017,APF,FL,ASO,ES,Federal Contract Tower,0,11,30,0,41,0,0,67,0,67,0,11,97,0,108,62,0,62,170
07/18/2017,APF,FL,ASO,ES,Federal Contract Tower,0,11,37,0,48,0,1,44,0,45,0,12,81,0,93,48,0,48,141
07/19/2017,APF,FL,ASO,ES,Federal Contract Tower,0,29,36,0,65,0,0,97,0,97,0,29,133,0,162,142,0,142,304
07/20/2017,APF,FL,ASO,ES,Federal Contract Tower,0,8,41,0,49,0,2,99,0,101,0,10,140,0,150,54,0,54,204
07/21/2017,APF,FL,ASO,ES,Federal Contract Tower,0,14,22,0,36,0,2,76,0,78,0,16,98,0,114,66,0,66,180
07/22/2017,APF,FL,ASO,ES,Federal Contract Tower,0,15,22,0,37,0,0,106,0,106,0,15,128,0,143,68,0,68,211
07/23/2017,APF,FL,ASO,ES,Federal Contract Tower,0,15,68,0,83,0,2,93,0,95,0,17,161,0,178,18,0,18,196
07/24/2017,APF,FL,ASO,ES,Federal Contract Tower,0,23,49,0,72,0,0,123,0,123,0,23,172,0,195,114,0,114,309
07/25/2017,APF,FL,ASO,ES,Federal Contract Tower,0,11,43,0,54,0,0,70,0,70,0,11,113,0,124,80,0,80,204
07/26/2017,APF,FL,ASO,ES,Federal Contract Tower,0,22,46,0,68,0,0,99,0,99,0,22,145,0,167,102,0,102,269
07/27/2017,APF,FL,ASO,ES,Federal Contract Tower,0,22,54,0,76,0,2,108,0,110,0,24,162,0,186,100,0,100,286
07/28/2017,APF,FL,ASO,ES,Federal Contract Tower,0,17,49,0,66,0,1,92,0,93,0,18,141,0,159,4,0,4,163
07/29/2017,APF,FL,ASO,ES,Federal Contract Tower,0,15,44,0,59,0,0,55,0,55,0,15,99,0,114,60,0,60,174
07/30/2017,APF,FL,ASO,ES,Federal Contract Tower,0,17,51,0,68,0,0,53,0,53,0,17,104,0,121,6,0,6,127
07/31/2017,APF,FL,ASO,ES,Federal Contract Tower,0,19,15,0,34,0,0,10,0,10,0,19,25,0,44,4,0,4,48
08/01/2017,APF,FL,ASO,ES,Federal Contract Tower,0,19,30,0,49,0,0,23,0,23,0,19,53,0,72,37,0,37,109
08/02/2017,APF,FL,ASO,ES,Federal Contract Tower,0,19,49,0,68,0,0,121,0,121,0,19,170,0,189,124,0,124,313
08/03/2017,APF,FL,ASO,ES,Federal Contract Tower,0,25,60,0,85,0,0,90,0,90,0,25,150,0,175,132,0,132,307
08/04/2017,APF,FL,ASO,ES,Federal Contract Tower,0,15,43,0,58,0,0,115,0,115,0,15,158,0,173,120,0,120,293
08/05/2017,APF,FL,ASO,ES,Federal Contract Tower,0,9,44,0,53,0,1,101,0,102,0,10,145,0,155,26,0,26,181
08/06/2017,APF,FL,ASO,ES,Federal Contract Tower,0,13,47,0,60,0,2,75,0,77,0,15,122,0,137,42,0,42,179
08/07/2017,APF,FL,ASO,ES,Federal Contract Tower,0,14,50,0,64,0,0,112,0,112,0,14,162,0,176,38,0,38,214
08/08/2017,APF,FL,ASO,ES,Federal Contract Tower,0,23,42,0,65,0,5,86,0,91,0,28,128,0,156,70,0,70,226
08/09/2017,APF,FL,ASO,ES,Federal Contract Tower,0,37,42,0,79,0,4,105,0,109,0,41,147,0,188,80,0,80,268
08/10/2017,APF,FL,ASO,ES,Federal Contract Tower,0,16,51,0,67,0,1,84,0,85,0,17,135,0,152,36,0,36,188
08/11/2017,APF,FL,ASO,ES,Federal Contract Tower,0,11,49,2,62,0,3,88,0,91,0,14,137,2,153,46,0,46,199
08/12/2017,APF,FL,ASO,ES,Federal Contract Tower,0,17,33,0,50,0,0,112,6,118,0,17,145,6,168,64,0,64,232
08/13/2017,APF,FL,ASO,ES,Federal Contract Tower,0,25,35,0,60,0,0,118,0,118,0,25,153,0,178,24,0,24,202
08/14/2017,APF,FL,ASO,ES,Federal Contract Tower,0,23,34,0,57,0,0,62,0,62,0,23,96,0,119,68,0,68,187
08/15/2017,APF,FL,ASO,ES,Federal Contract Tower,0,8,35,0,43,0,0,96,0,96,0,8,131,0,139,86,0,86,225
08/16/2017,APF,FL,ASO,ES,Federal Contract Tower,0,11,43,0,54,0,0,88,0,88,0,11,131,0,142,52,0,52,194
08/17/2017,APF,FL,ASO,ES,Federal Contract Tower,0,20,53,0,73,0,0,114,0,114,0,20,167,0,187,58,0,58,245
08/18/2017,APF,FL,ASO,ES,Federal Contract Tower,0,11,47,0,58,0,2,90,2,94,0,13,137,2,152,46,4,50,202
08/19/2017,APF,FL,ASO,ES,Federal Contract Tower,0,11,35,0,46,0,0,99,0,99,0,11,134,0,145,20,0,20,165
08/20/2017,APF,FL,ASO,ES,Federal Contract Tower,0,10,38,0,48,0,0,37,0,37,0,10,75,0,85,36,0,36,121
08/21/2017,APF,FL,ASO,ES,Federal Contract Tower,0,13,33,0,46,0,0,94,0,94,0,13,127,0,140,62,0,62,202
08/22/2017,APF,FL,ASO,ES,Federal Contract Tower,0,23,53,0,76,0,3,91,0,94,0,26,144,0,170,62,0,62,232
08/23/2017,APF,FL,ASO,ES,Federal Contract Tower,0,4,44,0,48,0,1,62,0,63,0,5,106,0,111,140,0,140,251
08/24/2017,APF,FL,ASO,ES,Federal Contract Tower,0,7,30,0,37,0,0,42,0,42,0,7,72,0,79,120,0,120,199
08/25/2017,APF,FL,ASO,ES,Federal Contract Tower,0,12,36,0,48,0,0,20,0,20,0,12,56,0,68,16,0,16,84
08/26/2017,APF,FL,ASO,ES,Federal Contract Tower,0,6,16,0,22,0,0,10,0,10,0,6,26,0,32,20,0,20,52
08/27/2017,APF,FL,ASO,ES,Federal Contract Tower,0,5,28,2,35,0,0,4,0,4,0,5,32,2,39,0,0,0,39
08/28/2017,APF,FL,ASO,ES,Federal Contract Tower,0,12,56,0,68,0,0,77,0,77,0,12,133,0,145,38,0,38,183
08/29/2017,APF,FL,ASO,ES,Federal Contract Tower,0,21,57,0,78,0,0,120,0,120,0,21,177,0,198,142,0,142,340
08/30/2017,APF,FL,ASO,ES,Federal Contract Tower,0,17,47,0,64,0,2,102,0,104,0,19,149,0,168,166,0,166,334
08/31/2017,APF,FL,ASO,ES,Federal Contract Tower,0,23,56,0,79,0,0,87,0,87,0,23,143,0,166,116,0,116,282
09/01/2017,APF,FL,ASO,ES,Federal Contract Tower,0,33,73,0,106,0,0,117,0,117,0,33,190,0,223,126,0,126,349
09/02/2017,APF,FL,ASO,ES,Federal Contract Tower,0,11,51,0,62,0,0,23,0,23,0,11,74,0,85,16,0,16,101
09/03/2017,APF,FL,ASO,ES,Federal Contract Tower,0,8,25,0,33,0,0,73,0,73,0,8,98,0,106,50,0,50,156
09/04/2017,APF,FL,ASO,ES,Federal Contract Tower,0,16,64,0,80,0,1,82,0,83,0,17,146,0,163,41,0,41,204
09/05/2017,APF,FL,ASO,ES,Federal Contract Tower,0,26,56,0,82,0,0,83,0,83,0,26,139,0,165,188,0,188,353
09/06/2017,APF,FL,ASO,ES,Federal Contract Tower,0,84,163,0,247,0,18,85,0,103,0,102,248,0,350,58,0,58,408
09/07/2017,APF,FL,ASO,ES,Federal Contract Tower,0,101,149,0,250,0,0,59,0,59,0,101,208,0,309,0,0,0,309
09/08/2017,APF,FL,ASO,ES,Federal Contract Tower,0,8,69,0,77,0,0,14,0,14,0,8,83,0,91,0,0,0,91
09/12/2017,APF,FL,ASO,ES,Federal Contract Tower,0,0,3,0,3,0,0,6,10,16,0,0,9,10,19,0,8,8,27
09/14/2017,APF,FL,ASO,ES,Federal Contract Tower,0,0,4,2,6,0,0,13,14,27,0,0,17,16,33,0,0,0,33
09/15/2017,APF,FL,ASO,ES,Federal Contract Tower,0,0,18,0,18,0,0,10,0,10,0,0,28,0,28,0,0,0,28
09/16/2017,APF,FL,ASO,ES,Federal Contract Tower,0,4,10,0,14,0,0,11,0,11,0,4,21,0,25,0,0,0,25
09/17/2017,APF,FL,ASO,ES,Federal Contract Tower,0,7,23,0,30,0,0,15,0,15,0,7,38,0,45,0,0,0,45
09/18/2017,APF,FL,ASO,ES,Federal Contract Tower,0,13,21,0,34,0,0,55,0,55,0,13,76,0,89,66,0,66,155
09/19/2017,APF,FL,ASO,ES,Federal Contract Tower,0,25,50,2,77,0,0,68,0,68,0,25,118,2,145,166,0,166,311
09/20/2017,APF,FL,ASO,ES,Federal Contract Tower,0,26,58,0,84,0,0,105,0,105,0,26,163,0,189,188,0,188,377
09/21/2017,APF,FL,ASO,ES,Federal Contract Tower,0,16,50,0,66,0,0,107,0,107,0,16,157,0,173,48,0,48,221
09/22/2017,APF,FL,ASO,ES,Federal Contract Tower,0,22,61,0,83,0,1,79,0,80,0,23,140,0,163,66,0,66,229
09/23/2017,APF,FL,ASO,ES,Federal Contract Tower,0,30,39,0,69,0,2,88,0,90,0,32,127,0,159,74,0,74,233
09/24/2017,APF,FL,ASO,ES,Federal Contract Tower,0,26,56,0,82,0,0,75,0,75,0,26,131,0,157,28,0,28,185
09/25/2017,APF,FL,ASO,ES,Federal Contract Tower,0,35,71,0,106,0,0,89,0,89,0,35,160,0,195,76,0,76,271
09/26/2017,APF,FL,ASO,ES,Federal Contract Tower,0,29,44,0,73,0,2,78,0,80,0,31,122,0,153,90,0,90,243
09/27/2017,APF,FL,ASO,ES,Federal Contract Tower,0,18,61,0,79,0,2,74,0,76,0,20,135,0,155,74,0,74,229
09/28/2017,APF,FL,ASO,ES,Federal Contract Tower,0,24,59,0,83,0,0,109,0,109,0,24,168,0,192,84,0,84,276
09/29/2017,APF,FL,ASO,ES,Federal Contract Tower,0,12,44,0,56,0,0,28,0,28,0,12,72,0,84,50,0,50,134
09/30/2017,APF,FL,ASO,ES,Federal Contract Tower,0,12,28,0,40,0,1,57,0,58,0,13,85,0,98,32,0,32,130
10/01/2017,APF,FL,ASO,ES,Federal Contract Tower,0,18,63,4,85,0,0,62,0,62,0,18,125,4,147,20,0,20,167
10/02/2017,APF,FL,ASO,ES,Federal Contract Tower,0,22,35,0,57,0,1,55,0,56,0,23,90,0,113,68,0,68,181
10/03/2017,APF,FL,ASO,ES,Federal Contract Tower,0,15,45,0,60,0,0,39,0,39,0,15,84,0,99,18,0,18,117
10/04/2017,APF,FL,ASO,ES,Federal Contract Tower,0,23,60,4,87,0,0,53,0,53,0,23,113,4,140,42,0,42,182
10/05/2017,APF,FL,ASO,ES,Federal Contract Tower,0,8,50,0,58,0,0,8,0,8,0,8,58,0,66,16,0,16,82
10/06/2017,APF,FL,ASO,ES,Federal Contract Tower,0,32,63,0,95,0,0,100,0,100,0,32,163,0,195,72,0,72,267
10/07/2017,APF,FL,ASO,ES,Federal Contract Tower,0,19,39,0,58,0,0,73,0,73,0,19,112,0,131,46,0,46,177
10/08/2017,APF,FL,ASO,ES,Federal Contract Tower,0,32,51,0,83,0,0,55,0,55,0,32,106,0,138,30,0,30,168
10/09/2017,APF,FL,ASO,ES,Federal Contract Tower,0,28,38,0,66,0,1,95,0,96,0,29,133,0,162,102,0,102,264
10/10/2017,APF,FL,ASO,ES,Federal Contract Tower,0,15,69,0,84,0,0,77,0,77,0,15,146,0,161,84,0,84,245
10/11/2017,APF,FL,ASO,ES,Federal Contract Tower,0,19,81,0,100,0,0,101,0,101,0,19,182,0,201,82,0,82,283
10/12/2017,APF,FL,ASO,ES,Federal Contract Tower,0,25,54,0,79,0,0,90,0,90,0,25,144,0,169,54,0,54,223
10/13/2017,APF,FL,ASO,ES,Federal Contract Tower,0,49,69,0,118,0,2,94,0,96,0,51,163,0,214,132,0,132,346
10/14/2017,APF,FL,ASO,ES,Federal Contract Tower,0,26,52,0,78,0,0,91,0,91,0,26,143,0,169,68,0,68,237
10/15/2017,APF,FL,ASO,ES,Federal Contract Tower,0,34,69,0,103,0,0,96,0,96,0,34,165,0,199,30,0,30,229
10/16/2017,APF,FL,ASO,ES,Federal Contract Tower,0,19,61,0,80,0,0,78,0,78,0,19,139,0,158,40,0,40,198
10/17/2017,APF,FL,ASO,ES,Federal Contract Tower,0,14,46,0,60,0,0,96,0,96,0,14,142,0,156,82,0,82,238
10/18/2017,APF,FL,ASO,ES,Federal Contract Tower,0,26,72,2,100,0,0,129,0,129,0,26,201,2,229,96,0,96,325
10/19/2017,APF,FL,ASO,ES,Federal Contract Tower,0,30,92,0,122,0,0,123,0,123,0,30,215,0,245,62,0,62,307
10/20/2017,APF,FL,ASO,ES,Federal Contract Tower,0,24,82,0,106,0,0,110,0,110,0,24,192,0,216,116,0,116,332
10/21/2017,APF,FL,ASO,ES,Federal Contract Tower,0,14,33,0,47,0,0,113,0,113,0,14,146,0,160,110,0,110,270
10/22/2017,APF,FL,ASO,ES,Federal Contract Tower,0,30,59,0,89,0,0,42,0,42,0,30,101,0,131,18,0,18,149
10/23/2017,APF,FL,ASO,ES,Federal Contract Tower,0,29,62,0,91,0,0,85,0,85,0,29,147,0,176,58,0,58,234
10/24/2017,APF,FL,ASO,ES,Federal Contract Tower,0,31,57,0,88,0,1,27,0,28,0,32,84,0,116,60,4,64,180
10/25/2017,APF,FL,ASO,ES,Federal Contract Tower,0,42,77,1,120,0,0,92,0,92,0,42,169,1,212,110,0,110,322
10/26/2017,APF,FL,ASO,ES,Federal Contract Tower,0,38,114,0,152,0,1,161,1,163,0,39,275,1,315,166,0,166,481
10/27/2017,APF,FL,ASO,ES,Federal Contract Tower,0,39,85,0,124,0,0,144,0,144,0,39,229,0,268,160,0,160,428
10/28/2017,APF,FL,ASO,ES,Federal Contract Tower,0,27,47,0,74,0,0,49,0,49,0,27,96,0,123,60,0,60,183
10/29/2017,APF,FL,ASO,ES,Federal Contract Tower,0,40,85,0,125,0,0,29,0,29,0,40,114,0,154,2,0,2,156
10/30/2017,APF,FL,ASO,ES,Federal Contract Tower,0,38,90,1,129,0,2,185,0,187,0,40,275,1,316,106,0,106,422
10/31/2017,APF,FL,ASO,ES,Federal Contract Tower,0,43,73,0,116,0,0,144,0,144,0,43,217,0,260,74,0,74,334
11/01/2017,APF,FL,ASO,ES,Federal Contract Tower,0,49,110,0,159,0,0,142,0,142,0,49,252,0,301,74,0,74,375
11/02/2017,APF,FL,ASO,ES,Federal Contract Tower,0,47,87,0,134,0,0,151,0,151,0,47,238,0,285,92,0,92,377
11/03/2017,APF,FL,ASO,ES,Federal Contract Tower,0,43,67,0,110,0,0,172,0,172,0,43,239,0,282,150,0,150,432
11/04/2017,APF,FL,ASO,ES,Federal Contract Tower,0,26,55,0,81,0,0,136,0,136,0,26,191,0,217,40,0,40,257
11/05/2017,APF,FL,ASO,ES,Federal Contract Tower,0,54,73,0,127,0,0,93,0,93,0,54,166,0,220,28,0,28,248
11/06/2017,APF,FL,ASO,ES,Federal Contract Tower,0,47,78,0,125,0,0,149,1,150,0,47,227,1,275,58,0,58,333
11/07/2017,APF,FL,ASO,ES,Federal Contract Tower,0,46,87,0,133,0,0,136,0,136,0,46,223,0,269,74,0,74,343
11/08/2017,APF,FL,ASO,ES,Federal Contract Tower,0,40,97,0,137,0,0,112,0,112,0,40,209,0,249,120,0,120,369
11/09/2017,APF,FL,ASO,ES,Federal Contract Tower,0,54,108,0,162,0,1,171,0,172,0,55,279,0,334,134,0,134,468
11/10/2017,APF,FL,ASO,ES,Federal Contract Tower,0,47,85,0,132,0,0,96,12,108,0,47,181,12,240,100,0,100,340
11/11/2017,APF,FL,ASO,ES,Federal Contract Tower,0,38,66,0,104,0,0,142,0,142,0,38,208,0,246,62,0,62,308
11/12/2017,APF,FL,ASO,ES,Federal Contract Tower,0,47,82,0,129,0,73,0,0,73,0,120,82,0,202,16,0,16,218
11/13/2017,APF,FL,ASO,ES,Federal Contract Tower,0,54,96,0,150,0,1,76,4,81,0,55,172,4,231,68,0,68,299
11/14/2017,APF,FL,ASO,ES,Federal Contract Tower,0,38,100,0,138,0,0,111,0,111,0,38,211,0,249,38,0,38,287
11/15/2017,APF,FL,ASO,ES,Federal Contract Tower,0,55,118,0,173,0,0,114,0,114,0,55,232,0,287,4,0,4,291
11/16/2017,APF,FL,ASO,ES,Federal Contract Tower,0,55,136,0,191,0,0,100,3,103,0,55,236,3,294,84,0,84,378
11/17/2017,APF,FL,ASO,ES,Federal Contract Tower,0,75,109,0,184,0,0,190,0,190,0,75,299,0,374,62,0,62,436
11/18/2017,APF,FL,ASO,ES,Federal Contract Tower,0,53,92,0,145,0,0,170,0,170,0,53,262,0,315,80,0,80,395
11/19/2017,APF,FL,ASO,ES,Federal Contract Tower,0,61,103,0,164,0,0,149,0,149,0,61,252,0,313,34,0,34,347
11/20/2017,APF,FL,ASO,ES,Federal Contract Tower,0,53,94,0,147,0,0,127,0,127,0,53,221,0,274,66,0,66,340
11/21/2017,APF,FL,ASO,ES,Federal Contract Tower,0,68,124,0,192,0,0,123,0,123,0,68,247,0,315,90,0,90,405
11/22/2017,APF,FL,ASO,ES,Federal Contract Tower,0,62,92,0,154,0,0,159,0,159,0,62,251,0,313,56,0,56,369
11/23/2017,APF,FL,ASO,ES,Federal Contract Tower,0,13,18,0,31,0,0,13,0,13,0,13,31,0,44,18,0,18,62
11/24/2017,APF,FL,ASO,ES,Federal Contract Tower,0,38,52,0,90,0,0,79,0,79,0,38,131,0,169,108,0,108,277
11/25/2017,APF,FL,ASO,ES,Federal Contract Tower,0,65,82,0,147,0,0,134,10,144,0,65,216,10,291,36,0,36,327
11/26/2017,APF,FL,ASO,ES,Federal Contract Tower,0,110,176,0,286,0,0,111,0,111,0,110,287,0,397,6,0,6,403
11/27/2017,APF,FL,ASO,ES,Federal Contract Tower,0,50,95,0,145,0,0,95,0,95,0,50,190,0,240,46,0,46,286
11/28/2017,APF,FL,ASO,ES,Federal Contract Tower,0,38,79,0,117,0,0,104,0,104,0,38,183,0,221,42,0,42,263
11/29/2017,APF,FL,ASO,ES,Federal Contract Tower,1,40,103,0,144,0,0,100,0,100,1,40,203,0,244,114,0,114,358
11/30/2017,APF,FL,ASO,ES,Federal Contract Tower,0,36,84,0,120,0,0,113,0,113,0,36,197,0,233,86,0,86,319
12/01/2017,APF,FL,ASO,ES,Federal Contract Tower,0,37,86,0,123,0,0,155,0,155,0,37,241,0,278,82,0,82,360
12/02/2017,APF,FL,ASO,ES,Federal Contract Tower,0,34,54,0,88,0,0,136,12,148,0,34,190,12,236,46,0,46,282
12/03/2017,APF,FL,ASO,ES,Federal Contract Tower,0,35,90,0,125,0,0,126,0,126,0,35,216,0,251,24,0,24,275
12/04/2017,APF,FL,ASO,ES,Federal Contract Tower,0,31,92,0,123,0,0,130,0,130,0,31,222,0,253,102,0,102,355
12/05/2017,APF,FL,ASO,ES,Federal Contract Tower,0,54,86,0,140,0,0,98,2,100,0,54,184,2,240,50,0,50,290
12/06/2017,APF,FL,ASO,ES,Federal Contract Tower,0,38,85,0,123,0,0,94,0,94,0,38,179,0,217,80,0,80,297
12/07/2017,APF,FL,ASO,ES,Federal Contract Tower,0,40,88,0,128,0,0,113,0,113,0,40,201,0,241,32,0,32,273
12/08/2017,APF,FL,ASO,ES,Federal Contract Tower,0,37,101,0,138,0,0,70,0,70,0,37,171,0,208,46,0,46,254
12/09/2017,APF,FL,ASO,ES,Federal Contract Tower,0,23,44,0,67,0,0,9,0,9,0,23,53,0,76,10,0,10,86
12/10/2017,APF,FL,ASO,ES,Federal Contract Tower,0,62,90,0,152,0,1,120,0,121,0,63,210,0,273,48,0,48,321
12/11/2017,APF,FL,ASO,ES,Federal Contract Tower,0,42,82,0,124,0,1,121,0,122,0,43,203,0,246,100,0,100,346
12/12/2017,APF,FL,ASO,ES,Federal Contract Tower,0,30,70,0,100,0,0,87,0,87,0,30,157,0,187,68,0,68,255
12/13/2017,APF,FL,ASO,ES,Federal Contract Tower,0,33,87,0,120,0,0,120,0,120,0,33,207,0,240,64,0,64,304
12/14/2017,APF,FL,ASO,ES,Federal Contract Tower,0,21,78,1,100,0,0,121,0,121,0,21,199,1,221,120,0,120,341
12/15/2017,APF,FL,ASO,ES,Federal Contract Tower,0,32,93,0,125,0,0,127,0,127,0,32,220,0,252,12,0,12,264
12/16/2017,APF,FL,ASO,ES,Federal Contract Tower,0,46,72,3,121,0,0,180,0,180,0,46,252,3,301,60,0,60,361
12/17/2017,APF,FL,ASO,ES,Federal Contract Tower,36,67,0,0,103,1,110,0,0,111,37,177,0,0,214,36,0,36,250
12/18/2017,APF,FL,ASO,ES,Federal Contract Tower,0,32,95,0,127,0,0,78,0,78,0,32,173,0,205,72,0,72,277
12/19/2017,APF,FL,ASO,ES,Federal Contract Tower,0,43,95,0,138,0,3,107,0,110,0,46,202,0,248,92,0,92,340
12/20/2017,APF,FL,ASO,ES,Federal Contract Tower,0,46,57,0,103,0,1,101,0,102,0,47,158,0,205,50,0,50,255
12/21/2017,APF,FL,ASO,ES,Federal Contract Tower,0,66,95,0,161,0,2,77,0,79,0,68,172,0,240,26,0,26,266
12/22/2017,APF,FL,ASO,ES,Federal Contract Tower,0,48,115,0,163,0,2,119,0,121,0,50,234,0,284,44,0,44,328
12/23/2017,APF,FL,ASO,ES,Federal Contract Tower,0,50,69,0,119,0,0,99,0,99,0,50,168,0,218,55,0,55,273
12/24/2017,APF,FL,ASO,ES,Federal Contract Tower,0,24,39,6,69,0,0,72,0,72,0,24,111,6,141,32,0,32,173
12/25/2017,APF,FL,ASO,ES,Federal Contract Tower,0,44,49,0,93,0,0,50,0,50,0,44,99,0,143,18,0,18,161
12/26/2017,APF,FL,ASO,ES,Federal Contract Tower,0,136,187,0,323,0,0,94,0,94,0,136,281,0,417,24,0,24,441
12/27/2017,APF,FL,ASO,ES,Federal Contract Tower,0,119,175,0,294,0,1,106,0,107,0,120,281,0,401,32,0,32,433
12/28/2017,APF,FL,ASO,ES,Federal Contract Tower,0,123,135,0,258,0,0,56,0,56,0,123,191,0,314,10,0,10,324
12/29/2017,APF,FL,ASO,ES,Federal Contract Tower,0,81,143,0,224,0,0,58,0,58,0,81,201,0,282,6,0,6,288
12/30/2017,APF,FL,ASO,ES,Federal Contract Tower,0,68,102,0,170,0,0,95,0,95,0,68,197,0,265,28,0,28,293
12/31/2017,APF,FL,ASO,ES,Federal Contract Tower,0,60,59,0,119,0,0,106,0,106,0,60,165,0,225,20,0,20,245
01/01/2018,APF,FL,ASO,ES,Federal Contract Tower,0,75,138,0,213,0,0,45,0,45,0,75,183,0,258,0,2,2,260
01/02/2018,APF,FL,ASO,ES,Federal Contract Tower,0,95,167,0,262,0,0,47,0,47,0,95,214,0,309,12,0,12,321
01/03/2018,APF,FL,ASO,ES,Federal Contract Tower,0,57,99,0,156,0,0,20,0,20,0,57,119,0,176,2,0,2,178
01/04/2018,APF,FL,ASO,ES,Federal Contract Tower,0,48,94,0,142,0,1,138,0,139,0,49,232,0,281,10,0,10,291
01/05/2018,APF,FL,ASO,ES,Federal Contract Tower,0,60,119,0,179,0,0,138,0,138,0,60,257,0,317,60,40,100,417
01/06/2018,APF,FL,ASO,ES,Federal Contract Tower,0,54,101,0,155,0,0,148,0,148,0,54,249,0,303,40,0,40,343
01/07/2018,APF,FL,ASO,ES,Federal Contract Tower,0,77,120,7,204,0,2,120,0,122,0,79,240,7,326,6,0,6,332
01/08/2018,APF,FL,ASO,ES,Federal Contract Tower,0,42,100,0,142,0,2,103,0,105,0,44,203,0,247,64,0,64,311
01/09/2018,APF,FL,ASO,ES,Federal Contract Tower,0,38,110,0,148,0,1,76,0,77,0,39,186,0,225,22,0,22,247
01/10/2018,APF,FL,ASO,ES,Federal Contract Tower,0,45,103,0,148,0,3,46,0,49,0,48,149,0,197,36,0,36,233
01/11/2018,APF,FL,ASO,ES,Federal Contract Tower,0,56,98,0,154,0,0,121,0,121,0,56,219,0,275,74,0,74,349
01/12/2018,APF,FL,ASO,ES,Federal Contract Tower,0,67,101,0,168,0,0,26,0,26,0,67,127,0,194,40,0,40,234
01/13/2018,APF,FL,ASO,ES,Federal Contract Tower,0,44,92,0,136,0,0,156,0,156,0,44,248,0,292,88,0,88,380
01/14/2018,APF,FL,ASO,ES,Federal Contract Tower,0,61,120,0,181,0,0,135,0,135,0,61,255,0,316,24,0,24,340
01/15/2018,APF,FL,ASO,ES,Federal Contract Tower,0,81,127,2,210,0,6,125,0,131,0,87,252,2,341,59,3,62,403
01/16/2018,APF,FL,ASO,ES,Federal Contract Tower,0,61,98,0,159,0,0,149,0,149,0,61,247,0,308,120,0,120,428
01/17/2018,APF,FL,ASO,ES,Federal Contract Tower,0,38,91,0,129,0,0,131,0,131,0,38,222,0,260,124,0,124,384
01/18/2018,APF,FL,ASO,ES,Federal Contract Tower,0,58,126,0,184,0,0,153,0,153,0,58,279,0,337,150,0,150,487
01/19/2018,APF,FL,ASO,ES,Federal Contract Tower,0,62,113,0,175,0,2,176,0,178,0,64,289,0,353,114,0,114,467
01/20/2018,APF,FL,ASO,ES,Federal Contract Tower,0,51,93,0,144,0,0,113,0,113,0,51,206,0,257,64,0,64,321
01/21/2018,APF,FL,ASO,ES,Federal Contract Tower,0,70,102,0,172,0,0,96,0,96,0,70,198,0,268,42,0,42,310
01/22/2018,APF,FL,ASO,ES,Federal Contract Tower,0,39,129,0,168,0,0,99,0,99,0,39,228,0,267,160,0,160,427
01/23/2018,APF,FL,ASO,ES,Federal Contract Tower,0,36,143,0,179,0,0,45,0,45,0,36,188,0,224,88,0,88,312
01/24/2018,APF,FL,ASO,ES,Federal Contract Tower,0,32,114,0,146,0,0,126,0,126,0,32,240,0,272,84,0,84,356
01/25/2018,APF,FL,ASO,ES,Federal Contract Tower,0,68,135,0,203,0,0,120,0,120,0,68,255,0,323,70,0,70,393
01/26/2018,APF,FL,ASO,ES,Federal Contract Tower,0,63,113,0,176,0,0,80,0,80,0,63,193,0,256,28,0,28,284
01/27/2018,APF,FL,ASO,ES,Federal Contract Tower,0,41,70,0,111,0,1,93,0,94,0,42,163,0,205,48,0,48,253
01/28/2018,APF,FL,ASO,ES,Federal Contract Tower,0,74,98,0,172,0,1,39,0,40,0,75,137,0,212,0,0,0,212
01/29/2018,APF,FL,ASO,ES,Federal Contract Tower,0,43,118,1,162,0,0,23,1,24,0,43,141,2,186,26,0,26,212
01/30/2018,APF,FL,ASO,ES,Federal Contract Tower,0,48,99,2,149,0,1,149,0,150,0,49,248,2,299,102,0,102,401
01/31/2018,APF,FL,ASO,ES,Federal Contract Tower,0,54,132,0,186,0,0,148,0,148,0,54,280,0,334,246,0,246,580
02/01/2018,APF,FL,ASO,ES,Federal Contract Tower,0,71,114,0,185,0,5,188,0,193,0,76,302,0,378,194,0,194,572
02/02/2018,APF,FL,ASO,ES,Federal Contract Tower,0,45,133,0,178,0,1,228,6,235,0,46,361,6,413,127,0,127,540
02/03/2018,APF,FL,ASO,ES,Federal Contract Tower,0,39,107,0,146,0,1,159,0,160,0,40,266,0,306,46,0,46,352
02/04/2018,APF,FL,ASO,ES,Federal Contract Tower,0,48,80,0,128,0,0,127,0,127,0,48,207,0,255,56,0,56,311
02/05/2018,APF,FL,ASO,ES,Federal Contract Tower,0,61,115,0,176,0,1,117,0,118,0,62,232,0,294,66,0,66,360
02/06/2018,APF,FL,ASO,ES,Federal Contract Tower,0,59,107,0,166,0,0,171,0,171,0,59,278,0,337,89,0,89,426
02/07/2018,APF,FL,ASO,ES,Federal Contract Tower,0,53,122,0,175,0,1,190,0,191,0,54,312,0,366,84,0,84,450
02/08/2018,APF,FL,ASO,ES,Federal Contract Tower,0,60,135,0,195,0,3,148,0,151,0,63,283,0,346,134,0,134,480
02/09/2018,APF,FL,ASO,ES,Federal Contract Tower,0,68,146,0,214,0,0,137,0,137,0,68,283,0,351,64,0,64,415
02/10/2018,APF,FL,ASO,ES,Federal Contract Tower,0,64,117,0,181,0,0,150,0,150,0,64,267,0,331,106,0,106,437
02/11/2018,APF,FL,ASO,ES,Federal Contract Tower,0,63,148,0,211,0,2,146,0,148,0,65,294,0,359,24,0,24,383
02/12/2018,APF,FL,ASO,ES,Federal Contract Tower,0,54,123,0,177,0,0,126,0,126,0,54,249,0,303,64,0,64,367
02/13/2018,APF,FL,ASO,ES,Federal Contract Tower,0,56,141,0,197,0,2,163,0,165,0,58,304,0,362,164,0,164,526
02/14/2018,APF,FL,ASO,ES,Federal Contract Tower,0,64,161,0,225,0,1,119,0,120,0,65,280,0,345,82,0,82,427
02/15/2018,APF,FL,ASO,ES,Federal Contract Tower,0,77,205,0,282,0,1,176,0,177,0,78,381,0,459,50,6,56,515
02/16/2018,APF,FL,ASO,ES,Federal Contract Tower,0,83,175,0,258,0,3,219,0,222,0,86,394,0,480,158,2,160,640
02/17/2018,APF,FL,ASO,ES,Federal Contract Tower,0,65,122,0,187,0,1,183,0,184,0,66,305,0,371,92,0,92,463
02/18/2018,APF,FL,ASO,ES,Federal Contract Tower,0,75,129,0,204,0,1,150,0,151,0,76,279,0,355,36,0,36,391
02/19/2018,APF,FL,ASO,ES,Federal Contract Tower,0,99,183,0,282,0,0,112,0,112,0,99,295,0,394,46,0,46,440
02/20/2018,APF,FL,ASO,ES,Federal Contract Tower,0,89,155,0,244,0,0,143,0,143,0,89,298,0,387,106,0,106,493
02/21/2018,APF,FL,ASO,ES,Federal Contract Tower,0,66,131,0,197,0,0,150,0,150,0,66,281,0,347,84,0,84,431
02/22/2018,APF,FL,ASO,ES,Federal Contract Tower,0,74,154,0,228,0,0,144,0,144,0,74,298,0,372,134,0,134,506
02/23/2018,APF,FL,ASO,ES,Federal Contract Tower,0,65,149,0,214,0,2,150,0,152,0,67,299,0,366,112,0,112,478
02/24/2018,APF,FL,ASO,ES,Federal Contract Tower,0,74,119,0,193,0,1,204,0,205,0,75,323,0,398,42,0,42,440
02/25/2018,APF,FL,ASO,ES,Federal Contract Tower,0,84,186,0,270,0,0,128,0,128,0,84,314,0,398,6,0,6,404
02/26/2018,APF,FL,ASO,ES,Federal Contract Tower,0,64,106,2,172,0,0,114,0,114,0,64,220,2,286,104,0,104,390
02/27/2018,APF,FL,ASO,ES,Federal Contract Tower,0,69,128,0,197,0,2,78,2,82,0,71,206,2,279,64,0,64,343
02/28/2018,APF,FL,ASO,ES,Federal Contract Tower,0,62,128,1,191,0,1,124,0,125,0,63,252,1,316,54,0,54,370
03/01/2018,APF,FL,ASO,ES,Federal Contract Tower,0,77,153,1,231,0,1,190,0,191,0,78,343,1,422,52,0,52,474
03/02/2018,APF,FL,ASO,ES,Federal Contract Tower,0,66,115,2,183,0,1,111,2,114,0,67,226,4,297,62,0,62,359
03/03/2018,APF,FL,ASO,ES,Federal Contract Tower,0,64,98,2,164,0,4,176,0,180,0,68,274,2,344,74,2,76,420
03/04/2018,APF,FL,ASO,ES,Federal Contract Tower,0,64,133,0,197,0,0,141,0,141,0,64,274,0,338,28,0,28,366
03/05/2018,APF,FL,ASO,ES,Federal Contract Tower,0,75,118,0,193,0,0,180,0,180,0,75,298,0,373,26,0,26,399
03/06/2018,APF,FL,ASO,ES,Federal Contract Tower,0,71,113,0,184,0,0,130,8,138,0,71,243,8,322,66,0,66,388
03/07/2018,APF,FL,ASO,ES,Federal Contract Tower,0,82,72,0,154,0,0,70,0,70,0,82,142,0,224,40,0,40,264
03/08/2018,APF,FL,ASO,ES,Federal Contract Tower,0,58,90,0,148,0,0,173,0,173,0,58,263,0,321,52,0,52,373
03/09/2018,APF,FL,ASO,ES,Federal Contract Tower,0,93,149,0,242,0,1,211,0,212,0,94,360,0,454,66,0,66,520
03/10/2018,APF,FL,ASO,ES,Federal Contract Tower,0,74,83,0,157,0,0,128,0,128,0,74,211,0,285,20,0,20,305
03/11/2018,APF,FL,ASO,ES,Federal Contract Tower,0,76,120,0,196,0,0,85,0,85,0,76,205,0,281,4,0,4,285
03/12/2018,APF,FL,ASO,ES,Federal Contract Tower,0,43,66,0,109,0,0,69,0,69,0,43,135,0,178,53,0,53,231
03/13/2018,APF,FL,ASO,ES,Federal Contract Tower,0,32,103,0,135,0,4,168,0,172,0,36,271,0,307,102,0,102,409
03/14/2018,APF,FL,ASO,ES,Federal Contract Tower,0,48,119,0,167,0,0,208,0,208,0,48,327,0,375,0,30,30,405
03/15/2018,APF,FL,ASO,ES,Federal Contract Tower,0,51,126,0,177,0,0,201,0,201,0,51,327,0,378,91,1,92,470
03/16/2018,APF,FL,ASO,ES,Federal Contract Tower,0,64,151,0,215,0,0,218,0,218,0,64,369,0,433,76,0,76,509
03/17/2018,APF,FL,ASO,ES,Federal Contract Tower,0,66,104,4,174,0,0,193,0,193,0,66,297,4,367,42,0,42,409
03/18/2018,APF,FL,ASO,ES,Federal Contract Tower,0,87,146,0,233,0,2,163,0,165,0,89,309,0,398,20,0,20,418
03/19/2018,APF,FL,ASO,ES,Federal Contract Tower,0,52,117,0,169,0,0,96,0,96,0,52,213,0,265,174,0,174,439
03/20/2018,APF,FL,ASO,ES,Federal Contract Tower,0,42,92,0,134,0,1,53,0,54,0,43,145,0,188,59,0,59,247
03/21/2018,APF,FL,ASO,ES,Federal Contract Tower,0,44,85,0,129,0,0,83,0,83,0,44,168,0,212,70,0,70,282
03/22/2018,APF,FL,ASO,ES,Federal Contract Tower,0,64,143,0,207,0,0,138,0,138,0,64,281,0,345,56,0,56,401
03/23/2018,APF,FL,ASO,ES,Federal Contract Tower,0,70,147,0,217,0,0,0,0,0,0,70,147,0,217,38,0,38,255
03/24/2018,APF,FL,ASO,ES,Federal Contract Tower,0,71,128,0,199,0,3,198,0,201,0,74,326,0,400,75,2,77,477
03/25/2018,APF,FL,ASO,ES,Federal Contract Tower,0,74,133,0,207,0,0,79,0,79,0,74,212,0,286,14,0,14,300
03/26/2018,APF,FL,ASO,ES,Federal Contract Tower,0,54,108,0,162,0,4,168,0,172,0,58,276,0,334,174,0,174,508
03/27/2018,APF,FL,ASO,ES,Federal Contract Tower,0,57,103,0,160,0,0,109,0,109,0,57,212,0,269,45,0,45,314
03/28/2018,APF,FL,ASO,ES,Federal Contract Tower,0,61,128,0,189,0,4,149,0,153,0,65,277,0,342,72,0,72,414
03/29/2018,APF,FL,ASO,ES,Federal Contract Tower,0,78,208,1,287,0,0,199,1,200,0,78,407,2,487,20,0,20,507
03/30/2018,APF,FL,ASO,ES,Federal Contract Tower,0,79,162,0,241,0,1,179,0,180,0,80,341,0,421,102,0,102,523
03/31/2018,APF,FL,ASO,ES,Federal Contract Tower,0,82,124,0,206,0,1,123,0,124,0,83,247,0,330,64,0,64,394
04/01/2018,APF,FL,ASO,ES,Federal Contract Tower,0,88,114,0,202,0,4,73,0,77,0,92,187,0,279,54,0,54,333
04/02/2018,APF,FL,ASO,ES,Federal Contract Tower,0,100,168,0,268,0,2,149,0,151,0,102,317,0,419,34,0,34,453
04/03/2018,APF,FL,ASO,ES,Federal Contract Tower,0,57,94,0,151,0,7,159,0,166,0,64,253,0,317,52,20,72,389
04/04/2018,APF,FL,ASO,ES,Federal Contract Tower,0,45,97,0,142,0,3,149,0,152,0,48,246,0,294,76,0,76,370
04/05/2018,APF,FL,ASO,ES,Federal Contract Tower,0,63,153,4,220,0,5,179,0,184,0,68,332,4,404,0,42,42,446
04/06/2018,APF,FL,ASO,ES,Federal Contract Tower,0,54,147,8,209,0,0,201,0,201,0,54,348,8,410,62,0,62,472
04/07/2018,APF,FL,ASO,ES,Federal Contract Tower,0,68,106,0,174,0,0,140,0,140,0,68,246,0,314,22,0,22,336
04/08/2018,APF,FL,ASO,ES,Federal Contract Tower,0,74,160,0,234,0,1,125,0,126,0,75,285,0,360,18,0,18,378
04/09/2018,APF,FL,ASO,ES,Federal Contract Tower,0,49,115,2,166,0,2,133,0,135,0,51,248,2,301,104,0,104,405
04/10/2018,APF,FL,ASO,ES,Federal Contract Tower,0,47,79,0,126,0,3,81,0,84,0,50,160,0,210,110,0,110,320
04/11/2018,APF,FL,ASO,ES,Federal Contract Tower,0,62,102,0,164,0,0,115,0,115,0,62,217,0,279,43,0,43,322
04/12/2018,APF,FL,ASO,ES,Federal Contract Tower,0,62,102,0,164,0,1,188,0,189,0,63,290,0,353,61,0,61,414
04/13/2018,APF,FL,ASO,ES,Federal Contract Tower,0,50,110,0,160,0,0,168,0,168,0,50,278,0,328,55,0,55,383
04/14/2018,APF,FL,ASO,ES,Federal Contract Tower,0,43,74,0,117,0,2,114,0,116,0,45,188,0,233,32,0,32,265
04/15/2018,APF,FL,ASO,ES,Federal Contract Tower,0,64,91,0,155,0,0,16,0,16,0,64,107,0,171,0,0,0,171
04/16/2018,APF,FL,ASO,ES,Federal Contract Tower,0,68,95,0,163,0,0,88,0,88,0,68,183,0,251,4,0,4,255
04/17/2018,APF,FL,ASO,ES,Federal Contract Tower,0,47,70,0,117,0,0,160,0,160,0,47,230,0,277,91,0,91,368
04/18/2018,APF,FL,ASO,ES,Federal Contract Tower,0,45,103,0,148,0,2,166,0,168,0,47,269,0,316,88,0,88,404
04/19/2018,APF,FL,ASO,ES,Federal Contract Tower,0,54,123,0,177,0,0,12,0,12,0,54,135,0,189,92,0,92,281
04/20/2018,APF,FL,ASO,ES,Federal Contract Tower,0,50,109,0,159,0,0,162,0,162,0,50,271,0,321,149,0,149,470
04/21/2018,APF,FL,ASO,ES,Federal Contract Tower,0,47,93,0,140,0,0,129,0,129,0,47,222,0,269,66,0,66,335
04/22/2018,APF,FL,ASO,ES,Federal Contract Tower,0,57,91,0,148,0,0,69,0,69,0,57,160,0,217,32,0,32,249
04/23/2018,APF,FL,ASO,ES,Federal Contract Tower,0,45,84,0,129,0,2,79,0,81,0,47,163,0,210,72,0,72,282
04/24/2018,APF,FL,ASO,ES,Federal Contract Tower,0,55,93,0,148,0,0,73,0,73,0,55,166,0,221,95,0,95,316
04/25/2018,APF,FL,ASO,ES,Federal Contract Tower,0,58,99,0,157,0,0,134,0,134,0,58,233,0,291,84,0,84,375
04/26/2018,APF,FL,ASO,ES,Federal Contract Tower,0,60,110,2,172,0,1,163,0,164,0,61,273,2,336,92,0,92,428
04/27/2018,APF,FL,ASO,ES,Federal Contract Tower,0,54,98,2,154,0,2,180,0,182,0,56,278,2,336,44,0,44,380
04/28/2018,APF,FL,ASO,ES,Federal Contract Tower,0,31,66,0,97,0,0,148,0,148,0,31,214,0,245,50,0,50,295
04/29/2018,APF,FL,ASO,ES,Federal Contract Tower,0,54,86,2,142,0,0,136,0,136,0,54,222,2,278,98,0,98,376
04/30/2018,APF,FL,ASO,ES,Federal Contract Tower,0,45,85,0,130,0,2,131,0,133,0,47,216,0,263,72,0,72,335
05/01/2018,APF,FL,ASO,ES,Federal Contract Tower,0,32,58,1,91,0,2,96,0,98,0,34,154,1,189,105,0,105,294
05/02/2018,APF,FL,ASO,ES,Federal Contract Tower,0,40,86,1,127,0,0,102,1,103,0,40,188,2,230,56,0,56,286
05/03/2018,APF,FL,ASO,ES,Federal Contract Tower,0,43,86,0,129,0,2,131,0,133,0,45,217,0,262,54,0,54,316
05/04/2018,APF,FL,ASO,ES,Federal Contract Tower,0,51,97,0,148,0,1,161,0,162,0,52,258,0,310,144,0,144,454
05/05/2018,APF,FL,ASO,ES,Federal Contract Tower,0,44,41,0,85,0,0,87,0,87,0,44,128,0,172,124,0,124,296
05/06/2018,APF,FL,ASO,ES,Federal Contract Tower,0,55,85,0,140,0,0,102,0,102,0,55,187,0,242,94,0,94,336
05/07/2018,APF,FL,ASO,ES,Federal Contract Tower,0,43,62,0,105,0,0,118,0,118,0,43,180,0,223,115,0,115,338
05/08/2018,APF,FL,ASO,ES,Federal Contract Tower,0,38,75,0,113,0,1,171,0,172,0,39,246,0,285,87,0,87,372
05/09/2018,APF,FL,ASO,ES,Federal Contract Tower,0,51,79,0,130,0,0,0,0,0,0,51,79,0,130,81,0,81,211
05/10/2018,APF,FL,ASO,ES,Federal Contract Tower,0,62,84,0,146,0,0,112,0,112,0,62,196,0,258,76,0,76,334
05/11/2018,APF,FL,ASO,ES,Federal Contract Tower,0,43,73,0,116,0,0,141,0,141,0,43,214,0,257,82,0,82,339
05/12/2018,APF,FL,ASO,ES,Federal Contract Tower,0,35,82,0,117,0,1,110,0,111,0,36,192,0,228,60,0,60,288
05/13/2018,APF,FL,ASO,ES,Federal Contract Tower,0,38,47,0,85,0,0,46,0,46,0,38,93,0,131,10,0,10,141
05/14/2018,APF,FL,ASO,ES,Federal Contract Tower,0,36,63,0,99,0,0,2,0,2,0,36,65,0,101,41,0,41,142
05/15/2018,APF,FL,ASO,ES,Federal Contract Tower,0,37,74,0,111,0,0,101,0,101,0,37,175,0,212,46,0,46,258
05/16/2018,APF,FL,ASO,ES,Federal Contract Tower,0,43,79,0,122,0,0,67,0,67,0,43,146,0,189,32,0,32,221
05/17/2018,APF,FL,ASO,ES,Federal Contract Tower,0,45,70,0,115,0,1,39,0,40,0,46,109,0,155,16,0,16,171
05/18/2018,APF,FL,ASO,ES,Federal Contract Tower,0,47,81,0,128,0,2,105,0,107,0,49,186,0,235,56,0,56,291
05/19/2018,APF,FL,ASO,ES,Federal Contract Tower,0,21,38,0,59,0,1,71,0,72,0,22,109,0,131,16,0,16,147
05/20/2018,APF,FL,ASO,ES,Federal Contract Tower,0,27,57,4,88,0,0,5,0,5,0,27,62,4,93,12,0,12,105
05/21/2018,APF,FL,ASO,ES,Federal Contract Tower,0,25,62,0,87,0,0,61,0,61,0,25,123,0,148,119,0,119,267
05/22/2018,APF,FL,ASO,ES,Federal Contract Tower,0,28,61,0,89,0,0,88,0,88,0,28,149,0,177,52,0,52,229
05/23/2018,APF,FL,ASO,ES,Federal Contract Tower,0,33,78,0,111,0,0,95,0,95,0,33,173,0,206,68,0,68,274
05/24/2018,APF,FL,ASO,ES,Federal Contract Tower,0,40,99,0,139,0,0,110,0,110,0,40,209,0,249,92,0,92,341
05/25/2018,APF,FL,ASO,ES,Federal Contract Tower,0,27,55,0,82,0,0,60,0,60,0,27,115,0,142,54,0,54,196
05/26/2018,APF,FL,ASO,ES,Federal Contract Tower,0,14,29,0,43,0,0,9,0,9,0,14,38,0,52,18,0,18,70
05/27/2018,APF,FL,ASO,ES,Federal Contract Tower,0,10,14,0,24,0,0,3,0,3,0,10,17,0,27,2,0,2,29
05/28/2018,APF,FL,ASO,ES,Federal Contract Tower,0,39,56,0,95,0,0,12,0,12,0,39,68,0,107,14,0,14,121
05/29/2018,APF,FL,ASO,ES,Federal Contract Tower,0,28,39,0,67,0,0,78,0,78,0,28,117,0,145,118,0,118,263
05/30/2018,APF,FL,ASO,ES,Federal Contract Tower,0,39,53,0,92,0,0,52,0,52,0,39,105,0,144,68,0,68,212
05/31/2018,APF,FL,ASO,ES,Federal Contract Tower,0,35,55,0,90,0,1,89,0,90,0,36,144,0,180,126,0,126,306
06/01/2018,APF,FL,ASO,ES,Federal Contract Tower,0,30,70,0,100,0,2,101,0,103,0,32,171,0,203,82,0,82,285
06/02/2018,APF,FL,ASO,ES,Federal Contract Tower,0,20,76,0,96,0,0,87,0,87,0,20,163,0,183,36,0,36,219
06/03/2018,APF,FL,ASO,ES,Federal Contract Tower,0,22,55,0,77,0,0,85,0,85,0,22,140,0,162,34,0,34,196
06/04/2018,APF,FL,ASO,ES,Federal Contract Tower,0,25,57,1,83,0,0,97,0,97,0,25,154,1,180,52,0,52,232
06/05/2018,APF,FL,ASO,ES,Federal Contract Tower,0,10,63,1,74,0,0,98,1,99,0,10,161,2,173,107,8,115,288
06/06/2018,APF,FL,ASO,ES,Federal Contract Tower,0,16,56,0,72,0,0,100,0,100,0,16,156,0,172,97,0,97,269
06/07/2018,APF,FL,ASO,ES,Federal Contract Tower,0,19,60,0,79,0,2,103,0,105,0,21,163,0,184,52,0,52,236
06/08/2018,APF,FL,ASO,ES,Federal Contract Tower,0,12,56,19,87,0,1,128,0,129,0,13,184,19,216,127,0,127,343
06/09/2018,APF,FL,ASO,ES,Federal Contract Tower,0,21,62,0,83,0,3,140,0,143,0,24,202,0,226,29,0,29,255
06/10/2018,APF,FL,ASO,ES,Federal Contract Tower,0,22,63,0,85,0,0,96,0,96,0,22,159,0,181,23,0,23,204
06/11/2018,APF,FL,ASO,ES,Federal Contract Tower,0,15,59,0,74,0,0,80,0,80,0,15,139,0,154,54,0,54,208
06/12/2018,APF,FL,ASO,ES,Federal Contract Tower,0,23,69,0,92,0,0,121,0,121,0,23,190,0,213,67,0,67,280
06/13/2018,APF,FL,ASO,ES,Federal Contract Tower,0,22,59,2,83,0,1,90,0,91,0,23,149,2,174,119,0,119,293
06/15/2018,APF,FL,ASO,ES,Federal Contract Tower,0,22,54,0,76,0,0,99,0,99,0,22,153,0,175,44,0,44,219
06/16/2018,APF,FL,ASO,ES,Federal Contract Tower,0,17,44,0,61,0,1,87,0,88,0,18,131,0,149,36,0,36,185
06/17/2018,APF,FL,ASO,ES,Federal Contract Tower,0,29,40,0,69,0,1,79,0,80,0,30,119,0,149,128,0,128,277
06/18/2018,APF,FL,ASO,ES,Federal Contract Tower,0,25,47,4,76,0,0,79,0,79,0,25,126,4,155,120,0,120,275
06/19/2018,APF,FL,ASO,ES,Federal Contract Tower,0,20,61,0,81,0,0,103,0,103,0,20,164,0,184,47,0,47,231
06/20/2018,APF,FL,ASO,ES,Federal Contract Tower,0,25,68,1,94,0,0,128,2,130,0,25,196,3,224,63,0,63,287
06/21/2018,APF,FL,ASO,ES,Federal Contract Tower,0,16,59,0,75,0,0,101,0,101,0,16,160,0,176,74,0,74,250
06/22/2018,APF,FL,ASO,ES,Federal Contract Tower,0,27,68,0,95,0,0,125,0,125,0,27,193,0,220,94,0,94,314
06/23/2018,APF,FL,ASO,ES,Federal Contract Tower,0,18,43,0,61,0,0,53,0,53,0,18,96,0,114,17,0,17,131
06/24/2018,APF,FL,ASO,ES,Federal Contract Tower,0,20,46,0,66,0,0,54,0,54,0,20,100,0,120,46,0,46,166
06/25/2018,APF,FL,ASO,ES,Federal Contract Tower,0,20,50,0,70,0,0,92,0,92,0,20,142,0,162,156,0,156,318
06/26/2018,APF,FL,ASO,ES,Federal Contract Tower,0,18,62,0,80,0,0,108,3,111,0,18,170,3,191,104,0,104,295
06/27/2018,APF,FL,ASO,ES,Federal Contract Tower,0,23,47,0,70,0,0,153,0,153,0,23,200,0,223,144,0,144,367
06/28/2018,APF,FL,ASO,ES,Federal Contract Tower,0,17,63,0,80,0,0,93,0,93,0,17,156,0,173,124,0,124,297
06/29/2018,APF,FL,ASO,ES,Federal Contract Tower,0,18,59,0,77,0,0,112,0,112,0,18,171,0,189,146,0,146,335
06/30/2018,APF,FL,ASO,ES,Federal Contract Tower,0,14,52,0,66,0,0,85,0,85,0,14,137,0,151,58,0,58,209
07/01/2018,APF,FL,ASO,ES,Federal Contract Tower,0,12,62,0,74,0,0,96,0,96,0,12,158,0,170,83,0,83,253
07/02/2018,APF,FL,ASO,ES,Federal Contract Tower,0,13,37,8,58,0,0,102,1,103,0,13,139,9,161,52,0,52,213
07/03/2018,APF,FL,ASO,ES,Federal Contract Tower,0,20,45,0,65,0,0,88,0,88,0,20,133,0,153,61,0,61,214
07/04/2018,APF,FL,ASO,ES,Federal Contract Tower,0,16,28,0,44,0,0,68,0,68,0,16,96,0,112,62,0,62,174
07/05/2018,APF,FL,ASO,ES,Federal Contract Tower,0,10,43,0,53,0,0,88,0,88,0,10,131,0,141,68,0,68,209
07/06/2018,APF,FL,ASO,ES,Federal Contract Tower,0,11,53,0,64,0,0,96,0,96,0,11,149,0,160,92,0,92,252
07/07/2018,APF,FL,ASO,ES,Federal Contract Tower,0,22,58,0,80,0,0,95,0,95,0,22,153,0,175,76,0,76,251
07/08/2018,APF,FL,ASO,ES,Federal Contract Tower,0,31,73,0,104,0,2,116,0,118,0,33,189,0,222,86,0,86,308
07/09/2018,APF,FL,ASO,ES,Federal Contract Tower,0,13,38,0,51,0,0,97,0,97,0,13,135,0,148,83,0,83,231
07/10/2018,APF,FL,ASO,ES,Federal Contract Tower,0,15,37,4,56,0,0,95,0,95,0,15,132,4,151,82,0,82,233
07/11/2018,APF,FL,ASO,ES,Federal Contract Tower,0,15,34,0,49,0,0,86,0,86,0,15,120,0,135,123,0,123,258
07/12/2018,APF,FL,ASO,ES,Federal Contract Tower,0,10,51,2,63,0,0,90,0,90,0,10,141,2,153,32,0,32,185
07/13/2018,APF,FL,ASO,ES,Federal Contract Tower,0,18,44,0,62,0,0,119,0,119,0,18,163,0,181,76,0,76,257
07/14/2018,APF,FL,ASO,ES,Federal Contract Tower,0,10,41,0,51,0,2,91,0,93,0,12,132,0,144,35,0,35,179
07/15/2018,APF,FL,ASO,ES,Federal Contract Tower,0,14,52,0,66,0,2,101,0,103,0,16,153,0,169,100,0,100,269
07/16/2018,APF,FL,ASO,ES,Federal Contract Tower,0,10,51,0,61,0,1,100,0,101,0,11,151,0,162,62,0,62,224
07/17/2018,APF,FL,ASO,ES,Federal Contract Tower,0,19,47,0,66,0,4,95,2,101,0,23,142,2,167,92,0,92,259
07/18/2018,APF,FL,ASO,ES,Federal Contract Tower,0,17,53,0,70,0,0,111,0,111,0,17,164,0,181,54,0,54,235
07/19/2018,APF,FL,ASO,ES,Federal Contract Tower,0,17,69,0,86,0,5,124,0,129,0,22,193,0,215,106,0,106,321
07/20/2018,APF,FL,ASO,ES,Federal Contract Tower,0,18,54,0,72,0,1,109,0,110,0,19,163,0,182,52,0,52,234
07/21/2018,APF,FL,ASO,ES,Federal Contract Tower,0,13,66,0,79,0,1,97,0,98,0,14,163,0,177,94,0,94,271
07/22/2018,APF,FL,ASO,ES,Federal Contract Tower,0,15,51,0,66,0,0,62,0,62,0,15,113,0,128,84,0,84,212
07/23/2018,APF,FL,ASO,ES,Federal Contract Tower,0,19,54,0,73,0,0,56,0,56,0,19,110,0,129,90,0,90,219
07/24/2018,APF,FL,ASO,ES,Federal Contract Tower,0,12,37,0,49,0,0,68,0,68,0,12,105,0,117,126,0,126,243
07/25/2018,APF,FL,ASO,ES,Federal Contract Tower,0,12,62,0,74,0,0,100,0,100,0,12,162,0,174,109,0,109,283
07/26/2018,APF,FL,ASO,ES,Federal Contract Tower,0,13,59,0,72,0,0,153,0,153,0,13,212,0,225,124,0,124,349
07/27/2018,APF,FL,ASO,ES,Federal Contract Tower,0,19,56,0,75,0,1,98,0,99,0,20,154,0,174,91,0,91,265
07/28/2018,APF,FL,ASO,ES,Federal Contract Tower,0,21,50,0,71,0,3,95,0,98,0,24,145,0,169,46,0,46,215
07/29/2018,APF,FL,ASO,ES,Federal Contract Tower,0,20,35,0,55,0,0,45,0,45,0,20,80,0,100,12,0,12,112
07/30/2018,APF,FL,ASO,ES,Federal Contract Tower,0,9,27,0,36,0,2,32,0,34,0,11,59,0,70,54,0,54,124
07/31/2018,APF,FL,ASO,ES,Federal Contract Tower,0,19,48,0,67,0,0,89,0,89,0,19,137,0,156,90,0,90,246
08/01/2018,APF,FL,ASO,ES,Federal Contract Tower,0,15,59,0,74,0,0,97,0,97,0,15,156,0,171,143,0,143,314
08/02/2018,APF,FL,ASO,ES,Federal Contract Tower,0,7,58,0,65,0,0,106,0,106,0,7,164,0,171,52,0,52,223
08/03/2018,APF,FL,ASO,ES,Federal Contract Tower,0,23,60,0,83,0,0,136,0,136,0,23,196,0,219,132,0,132,351
08/04/2018,APF,FL,ASO,ES,Federal Contract Tower,0,8,42,0,50,0,0,120,0,120,0,8,162,0,170,115,0,115,285
08/05/2018,APF,FL,ASO,ES,Federal Contract Tower,0,17,65,0,82,0,0,81,0,81,0,17,146,0,163,65,0,65,228
08/06/2018,APF,FL,ASO,ES,Federal Contract Tower,0,8,56,0,64,0,0,110,0,110,0,8,166,0,174,77,0,77,251
08/07/2018,APF,FL,ASO,ES,Federal Contract Tower,0,11,38,0,49,0,0,91,0,91,0,11,129,0,140,70,0,70,210
08/08/2018,APF,FL,ASO,ES,Federal Contract Tower,0,22,42,2,66,0,0,132,0,132,0,22,174,2,198,42,0,42,240
08/09/2018,APF,FL,ASO,ES,Federal Contract Tower,0,15,79,0,94,0,1,119,0,120,0,16,198,0,214,66,0,66,280
08/10/2018,APF,FL,ASO,ES,Federal Contract Tower,0,12,65,0,77,0,2,98,0,100,0,14,163,0,177,46,0,46,223
08/11/2018,APF,FL,ASO,ES,Federal Contract Tower,0,22,43,0,65,0,0,75,0,75,0,22,118,0,140,10,0,10,150
08/12/2018,APF,FL,ASO,ES,Federal Contract Tower,0,13,63,0,76,0,0,73,0,73,0,13,136,0,149,43,0,43,192
08/13/2018,APF,FL,ASO,ES,Federal Contract Tower,0,18,57,0,75,0,0,91,0,91,0,18,148,0,166,131,0,131,297
08/14/2018,APF,FL,ASO,ES,Federal Contract Tower,0,20,59,0,79,0,0,107,0,107,0,20,166,0,186,134,0,134,320
08/15/2018,APF,FL,ASO,ES,Federal Contract Tower,0,20,47,0,67,0,0,119,0,119,0,20,166,0,186,103,0,103,289
08/16/2018,APF,FL,ASO,ES,Federal Contract Tower,0,14,68,0,82,0,0,116,0,116,0,14,184,0,198,76,0,76,274
08/17/2018,APF,FL,ASO,ES,Federal Contract Tower,0,16,40,0,56,0,0,113,0,113,0,16,153,0,169,110,0,110,279
08/18/2018,APF,FL,ASO,ES,Federal Contract Tower,0,10,27,0,37,0,0,112,0,112,0,10,139,0,149,74,0,74,223
08/19/2018,APF,FL,ASO,ES,Federal Contract Tower,0,21,46,3,70,0,0,80,0,80,0,21,126,3,150,96,0,96,246
08/20/2018,APF,FL,ASO,ES,Federal Contract Tower,0,11,43,1,55,0,0,80,0,80,0,11,123,1,135,71,0,71,206
08/21/2018,APF,FL,ASO,ES,Federal Contract Tower,0,8,51,0,59,0,0,107,0,107,0,8,158,0,166,86,0,86,252
08/22/2018,APF,FL,ASO,ES,Federal Contract Tower,0,16,53,0,69,0,0,101,0,101,0,16,154,0,170,92,0,92,262
08/23/2018,APF,FL,ASO,ES,Federal Contract Tower,0,23,53,0,76,0,0,91,0,91,0,23,144,0,167,86,0,86,253
08/24/2018,APF,FL,ASO,ES,Federal Contract Tower,0,11,56,2,69,0,0,97,2,99,0,11,153,4,168,186,2,188,356
08/25/2018,APF,FL,ASO,ES,Federal Contract Tower,0,4,28,0,32,0,1,59,0,60,0,5,87,0,92,104,0,104,196
08/26/2018,APF,FL,ASO,ES,Federal Contract Tower,0,19,35,1,55,0,0,53,0,53,0,19,88,1,108,25,0,25,133
08/27/2018,APF,FL,ASO,ES,Federal Contract Tower,0,9,44,8,61,0,0,83,0,83,0,9,127,8,144,132,0,132,276
08/28/2018,APF,FL,ASO,ES,Federal Contract Tower,0,13,35,0,48,0,0,82,0,82,0,13,117,0,130,112,0,112,242
08/29/2018,APF,FL,ASO,ES,Federal Contract Tower,0,12,46,0,58,0,1,64,2,67,0,13,110,2,125,48,0,48,173
08/30/2018,APF,FL,ASO,ES,Federal Contract Tower,0,17,71,0,88,0,0,82,0,82,0,17,153,0,170,126,0,126,296
08/31/2018,APF,FL,ASO,ES,Federal Contract Tower,0,22,80,0,102,0,0,89,0,89,0,22,169,0,191,78,0,78,269
09/01/2018,APF,FL,ASO,ES,Federal Contract Tower,0,13,23,0,36,0,0,93,0,93,0,13,116,0,129,56,0,56,185
09/02/2018,APF,FL,ASO,ES,Federal Contract Tower,0,9,39,0,48,0,0,67,0,67,0,9,106,0,115,6,0,6,121
09/03/2018,APF,FL,ASO,ES,Federal Contract Tower,0,22,37,0,59,0,0,10,0,10,0,22,47,0,69,6,0,6,75
09/04/2018,APF,FL,ASO,ES,Federal Contract Tower,0,19,63,0,82,0,0,71,0,71,0,19,134,0,153,66,0,66,219
09/05/2018,APF,FL,ASO,ES,Federal Contract Tower,0,12,57,0,69,0,2,83,0,85,0,14,140,0,154,76,0,76,230
09/06/2018,APF,FL,ASO,ES,Federal Contract Tower,0,23,49,0,72,0,0,100,0,100,0,23,149,0,172,88,0,88,260
09/07/2018,APF,FL,ASO,ES,Federal Contract Tower,0,8,56,1,65,0,1,90,6,97,0,9,146,7,162,54,0,54,216
09/08/2018,APF,FL,ASO,ES,Federal Contract Tower,0,3,42,0,45,0,0,99,0,99,0,3,141,0,144,54,0,54,198
09/09/2018,APF,FL,ASO,ES,Federal Contract Tower,0,17,44,0,61,0,0,73,0,73,0,17,117,0,134,44,0,44,178
09/10/2018,APF,FL,ASO,ES,Federal Contract Tower,0,19,36,0,55,0,0,126,0,126,0,19,162,0,181,178,0,178,359
09/11/2018,APF,FL,ASO,ES,Federal Contract Tower,0,15,51,0,66,0,0,101,0,101,0,15,152,0,167,131,0,131,298
09/12/2018,APF,FL,ASO,ES,Federal Contract Tower,0,32,57,0,89,0,0,133,0,133,0,32,190,0,222,80,0,80,302
09/13/2018,APF,FL,ASO,ES,Federal Contract Tower,0,23,52,0,75,0,0,81,0,81,0,23,133,0,156,66,0,66,222
09/14/2018,APF,FL,ASO,ES,Federal Contract Tower,0,8,61,0,69,0,0,120,6,126,0,8,181,6,195,58,0,58,253
09/15/2018,APF,FL,ASO,ES,Federal Contract Tower,0,13,47,0,60,0,0,102,0,102,0,13,149,0,162,88,0,88,250
09/16/2018,APF,FL,ASO,ES,Federal Contract Tower,0,8,46,0,54,0,0,89,0,89,0,8,135,0,143,6,0,6,149
09/17/2018,APF,FL,ASO,ES,Federal Contract Tower,0,21,51,0,72,0,0,85,0,85,0,21,136,0,157,92,0,92,249
09/18/2018,APF,FL,ASO,ES,Federal Contract Tower,0,20,49,0,69,0,0,88,0,88,0,20,137,0,157,106,0,106,263
09/19/2018,APF,FL,ASO,ES,Federal Contract Tower,0,23,58,0,81,0,0,134,0,134,0,23,192,0,215,113,0,113,328
09/20/2018,APF,FL,ASO,ES,Federal Contract Tower,0,20,57,0,77,0,0,113,0,113,0,20,170,0,190,150,0,150,340
09/21/2018,APF,FL,ASO,ES,Federal Contract Tower,0,25,46,0,71,0,2,104,0,106,0,27,150,0,177,62,0,62,239
09/22/2018,APF,FL,ASO,ES,Federal Contract Tower,0,20,44,0,64,0,2,80,0,82,0,22,124,0,146,60,0,60,206
09/23/2018,APF,FL,ASO,ES,Federal Contract Tower,0,17,44,0,61,0,0,86,0,86,0,17,130,0,147,4,0,4,151
09/24/2018,APF,FL,ASO,ES,Federal Contract Tower,0,13,35,0,48,0,0,88,0,88,0,13,123,0,136,52,0,52,188
09/25/2018,APF,FL,ASO,ES,Federal Contract Tower,0,12,49,2,63,0,0,84,0,84,0,12,133,2,147,67,0,67,214
09/26/2018,APF,FL,ASO,ES,Federal Contract Tower,0,15,34,0,49,0,0,86,0,86,0,15,120,0,135,67,0,67,202
09/27/2018,APF,FL,ASO,ES,Federal Contract Tower,0,26,61,0,87,0,0,88,0,88,0,26,149,0,175,59,0,59,234
09/28/2018,APF,FL,ASO,ES,Federal Contract Tower,0,20,78,4,102,0,0,127,0,127,0,20,205,4,229,78,0,78,307
09/29/2018,APF,FL,ASO,ES,Federal Contract Tower,0,16,48,0,64,0,0,109,0,109,0,16,157,0,173,2,0,2,175
09/30/2018,APF,FL,ASO,ES,Federal Contract Tower,0,20,57,0,77,0,0,90,0,90,0,20,147,0,167,10,0,10,177
10/01/2018,APF,FL,ASO,ES,Federal Contract Tower,0,16,41,0,57,0,2,95,0,97,0,18,136,0,154,94,0,94,248
10/02/2018,APF,FL,ASO,ES,Federal Contract Tower,0,19,61,0,80,0,0,89,0,89,0,19,150,0,169,86,0,86,255
10/03/2018,APF,FL,ASO,ES,Federal Contract Tower,0,30,67,0,97,0,0,96,0,96,0,30,163,0,193,110,0,110,303
10/04/2018,APF,FL,ASO,ES,Federal Contract Tower,0,24,62,0,86,0,0,77,0,77,0,24,139,0,163,88,0,88,251
10/05/2018,APF,FL,ASO,ES,Federal Contract Tower,0,35,65,0,100,0,0,83,0,83,0,35,148,0,183,57,0,57,240
10/06/2018,APF,FL,ASO,ES,Federal Contract Tower,0,23,46,0,69,0,0,102,0,102,0,23,148,0,171,41,0,41,212
10/07/2018,APF,FL,ASO,ES,Federal Contract Tower,0,29,50,0,79,0,0,80,0,80,0,29,130,0,159,26,0,26,185
10/08/2018,APF,FL,ASO,ES,Federal Contract Tower,0,24,61,0,85,0,0,55,0,55,0,24,116,0,140,27,0,27,167
10/09/2018,APF,FL,ASO,ES,Federal Contract Tower,0,18,55,0,73,0,0,62,0,62,0,18,117,0,135,50,0,50,185
10/10/2018,APF,FL,ASO,ES,Federal Contract Tower,0,21,42,0,63,0,0,26,2,28,0,21,68,2,91,12,0,12,103
10/11/2018,APF,FL,ASO,ES,Federal Contract Tower,0,28,82,0,110,0,0,49,0,49,0,28,131,0,159,30,0,30,189
10/12/2018,APF,FL,ASO,ES,Federal Contract Tower,0,32,78,0,110,0,0,129,0,129,0,32,207,0,239,62,0,62,301
10/13/2018,APF,FL,ASO,ES,Federal Contract Tower,0,15,39,0,54,0,0,167,2,169,0,15,206,2,223,85,0,85,308
10/14/2018,APF,FL,ASO,ES,Federal Contract Tower,0,51,73,0,124,0,0,129,0,129,0,51,202,0,253,62,0,62,315
10/15/2018,APF,FL,ASO,ES,Federal Contract Tower,0,38,71,0,109,0,1,114,0,115,0,39,185,0,224,72,0,72,296
10/16/2018,APF,FL,ASO,ES,Federal Contract Tower,0,21,58,0,79,0,0,126,0,126,0,21,184,0,205,79,0,79,284
10/17/2018,APF,FL,ASO,ES,Federal Contract Tower,0,37,93,0,130,0,0,130,0,130,0,37,223,0,260,94,0,94,354
10/18/2018,APF,FL,ASO,ES,Federal Contract Tower,0,40,109,0,149,0,0,188,0,188,0,40,297,0,337,138,0,138,475
10/19/2018,APF,FL,ASO,ES,Federal Contract Tower,0,24,108,2,134,0,0,170,1,171,0,24,278,3,305,64,8,72,377
10/20/2018,APF,FL,ASO,ES,Federal Contract Tower,0,35,56,0,91,0,0,115,0,115,0,35,171,0,206,72,0,72,278
10/21/2018,APF,FL,ASO,ES,Federal Contract Tower,0,32,71,0,103,0,0,115,0,115,0,32,186,0,218,41,0,41,259
10/22/2018,APF,FL,ASO,ES,Federal Contract Tower,0,33,76,0,109,0,0,91,0,91,0,33,167,0,200,82,0,82,282
10/23/2018,APF,FL,ASO,ES,Federal Contract Tower,0,31,70,0,101,0,0,151,0,151,0,31,221,0,252,84,0,84,336
10/24/2018,APF,FL,ASO,ES,Federal Contract Tower,0,27,71,0,98,0,4,167,0,171,0,31,238,0,269,150,0,150,419
10/25/2018,APF,FL,ASO,ES,Federal Contract Tower,0,45,72,0,117,0,0,150,0,150,0,45,222,0,267,92,0,92,359
10/26/2018,APF,FL,ASO,ES,Federal Contract Tower,0,37,92,0,129,0,0,135,0,135,0,37,227,0,264,106,0,106,370
10/27/2018,APF,FL,ASO,ES,Federal Contract Tower,0,19,41,0,60,0,8,91,0,99,0,27,132,0,159,50,0,50,209
10/28/2018,APF,FL,ASO,ES,Federal Contract Tower,0,50,91,0,141,0,0,113,0,113,0,50,204,0,254,42,0,42,296
10/29/2018,APF,FL,ASO,ES,Federal Contract Tower,0,35,65,0,100,0,1,99,0,100,0,36,164,0,200,101,0,101,301
10/30/2018,APF,FL,ASO,ES,Federal Contract Tower,0,46,87,0,133,0,2,124,0,126,0,48,211,0,259,132,0,132,391
10/31/2018,APF,FL,ASO,ES,Federal Contract Tower,0,45,74,0,119,0,0,99,0,99,0,45,173,0,218,81,0,81,299
11/01/2018,APF,FL,ASO,ES,Federal Contract Tower,0,56,101,0,157,0,3,131,0,134,0,59,232,0,291,82,0,82,373
11/02/2018,APF,FL,ASO,ES,Federal Contract Tower,0,31,84,0,115,0,0,88,0,88,0,31,172,0,203,24,0,24,227
11/03/2018,APF,FL,ASO,ES,Federal Contract Tower,0,43,58,0,101,0,1,84,0,85,0,44,142,0,186,36,0,36,222
11/04/2018,APF,FL,ASO,ES,Federal Contract Tower,0,51,94,0,145,0,0,63,0,63,0,51,157,0,208,61,0,61,269
11/05/2018,APF,FL,ASO,ES,Federal Contract Tower,0,38,84,0,122,0,3,154,0,157,0,41,238,0,279,100,0,100,379
11/06/2018,APF,FL,ASO,ES,Federal Contract Tower,0,38,102,0,140,0,0,130,0,130,0,38,232,0,270,100,0,100,370
11/07/2018,APF,FL,ASO,ES,Federal Contract Tower,0,41,102,0,143,0,0,132,0,132,0,41,234,0,275,152,0,152,427
11/08/2018,APF,FL,ASO,ES,Federal Contract Tower,0,63,109,0,172,0,0,158,0,158,0,63,267,0,330,158,0,158,488
11/09/2018,APF,FL,ASO,ES,Federal Contract Tower,0,59,116,0,175,0,0,163,0,163,0,59,279,0,338,98,0,98,436
11/10/2018,APF,FL,ASO,ES,Federal Contract Tower,0,33,84,0,117,0,0,146,0,146,0,33,230,0,263,68,0,68,331
11/11/2018,APF,FL,ASO,ES,Federal Contract Tower,0,67,121,0,188,0,0,102,0,102,0,67,223,0,290,62,0,62,352
11/12/2018,APF,FL,ASO,ES,Federal Contract Tower,0,52,126,0,178,0,3,102,0,105,0,55,228,0,283,88,0,88,371
11/13/2018,APF,FL,ASO,ES,Federal Contract Tower,0,43,108,0,151,0,1,89,0,90,0,44,197,0,241,118,0,118,359
11/14/2018,APF,FL,ASO,ES,Federal Contract Tower,0,42,89,0,131,0,0,105,0,105,0,42,194,0,236,90,0,90,326
11/15/2018,APF,FL,ASO,ES,Federal Contract Tower,0,52,108,0,160,0,1,52,0,53,0,53,160,0,213,36,0,36,249
11/16/2018,APF,FL,ASO,ES,Federal Contract Tower,0,76,131,0,207,0,0,196,0,196,0,76,327,0,403,62,0,62,465
11/17/2018,APF,FL,ASO,ES,Federal Contract Tower,0,48,97,0,145,0,0,145,0,145,0,48,242,0,290,74,0,74,364
11/18/2018,APF,FL,ASO,ES,Federal Contract Tower,0,63,87,0,150,0,0,129,0,129,0,63,216,0,279,60,0,60,339
11/19/2018,APF,FL,ASO,ES,Federal Contract Tower,0,42,71,0,113,0,2,108,0,110,0,44,179,0,223,52,0,52,275
11/20/2018,APF,FL,ASO,ES,Federal Contract Tower,0,79,111,0,190,0,0,96,0,96,0,79,207,0,286,60,0,60,346
11/21/2018,APF,FL,ASO,ES,Federal Contract Tower,0,67,129,0,196,0,0,180,0,180,0,67,309,0,376,52,0,52,428
11/22/2018,APF,FL,ASO,ES,Federal Contract Tower,0,24,28,0,52,0,1,51,0,52,0,25,79,0,104,6,0,6,110
11/23/2018,APF,FL,ASO,ES,Federal Contract Tower,0,53,74,0,127,0,0,118,0,118,0,53,192,0,245,42,0,42,287
11/24/2018,APF,FL,ASO,ES,Federal Contract Tower,0,66,88,0,154,0,0,125,0,125,0,66,213,0,279,9,0,9,288
11/25/2018,APF,FL,ASO,ES,Federal Contract Tower,0,114,180,0,294,0,0,71,4,75,0,114,251,4,369,1,0,1,370
11/26/2018,APF,FL,ASO,ES,Federal Contract Tower,0,59,135,0,194,0,0,98,0,98,0,59,233,0,292,29,0,29,321
11/27/2018,APF,FL,ASO,ES,Federal Contract Tower,0,42,107,0,149,0,0,48,0,48,0,42,155,0,197,44,0,44,241
11/28/2018,APF,FL,ASO,ES,Federal Contract Tower,0,54,105,0,159,0,0,141,0,141,0,54,246,0,300,66,2,68,368
11/29/2018,APF,FL,ASO,ES,Federal Contract Tower,0,36,86,0,122,0,0,180,0,180,0,36,266,0,302,14,0,14,316
11/30/2018,APF,FL,ASO,ES,Federal Contract Tower,0,48,104,0,152,0,0,158,0,158,0,48,262,0,310,48,0,48,358
12/01/2018,APF,FL,ASO,ES,Federal Contract Tower,0,27,65,0,92,0,0,107,0,107,0,27,172,0,199,47,0,47,246
12/02/2018,APF,FL,ASO,ES,Federal Contract Tower,0,57,92,0,149,0,0,58,0,58,0,57,150,0,207,8,0,8,215
12/03/2018,APF,FL,ASO,ES,Federal Contract Tower,0,28,67,0,95,0,2,96,0,98,0,30,163,0,193,98,0,98,291
12/04/2018,APF,FL,ASO,ES,Federal Contract Tower,0,33,79,0,112,0,0,59,0,59,0,33,138,0,171,56,0,56,227
12/05/2018,APF,FL,ASO,ES,Federal Contract Tower,0,36,91,0,127,0,1,162,0,163,0,37,253,0,290,129,0,129,419
12/06/2018,APF,FL,ASO,ES,Federal Contract Tower,0,36,100,0,136,0,0,143,0,143,0,36,243,0,279,64,0,64,343
12/07/2018,APF,FL,ASO,ES,Federal Contract Tower,0,39,77,0,116,0,1,166,0,167,0,40,243,0,283,22,0,22,305
12/08/2018,APF,FL,ASO,ES,Federal Contract Tower,0,34,71,0,105,0,0,124,0,124,0,34,195,0,229,70,0,70,299
12/09/2018,APF,FL,ASO,ES,Federal Contract Tower,0,46,66,0,112,0,0,25,0,25,0,46,91,0,137,2,0,2,139
12/10/2018,APF,FL,ASO,ES,Federal Contract Tower,0,44,88,0,132,0,93,0,0,93,0,137,88,0,225,64,0,64,289
12/11/2018,APF,FL,ASO,ES,Federal Contract Tower,0,36,86,0,122,0,0,103,0,103,0,36,189,0,225,56,0,56,281
12/12/2018,APF,FL,ASO,ES,Federal Contract Tower,0,32,116,0,148,0,0,150,0,150,0,32,266,0,298,74,0,74,372
12/13/2018,APF,FL,ASO,ES,Federal Contract Tower,0,37,98,0,135,0,0,122,0,122,0,37,220,0,257,66,0,66,323
12/14/2018,APF,FL,ASO,ES,Federal Contract Tower,0,38,73,0,111,0,0,70,0,70,0,38,143,0,181,54,0,54,235
12/15/2018,APF,FL,ASO,ES,Federal Contract Tower,0,35,73,0,108,0,0,72,0,72,0,35,145,0,180,51,0,51,231
12/16/2018,APF,FL,ASO,ES,Federal Contract Tower,0,48,76,2,126,0,0,130,0,130,0,48,206,2,256,28,0,28,284
12/17/2018,APF,FL,ASO,ES,Federal Contract Tower,0,33,68,0,101,0,0,136,0,136,0,33,204,0,237,122,0,122,359
12/18/2018,APF,FL,ASO,ES,Federal Contract Tower,0,29,86,0,115,0,3,140,0,143,0,32,226,0,258,190,0,190,448
12/19/2018,APF,FL,ASO,ES,Federal Contract Tower,0,48,99,0,147,0,0,172,0,172,0,48,271,0,319,100,0,100,419
12/20/2018,APF,FL,ASO,ES,Federal Contract Tower,0,42,45,0,87,0,2,15,0,17,0,44,60,0,104,10,0,10,114
12/21/2018,APF,FL,ASO,ES,Federal Contract Tower,0,46,54,0,100,0,0,9,0,9,0,46,63,0,109,8,0,8,117
12/22/2018,APF,FL,ASO,ES,Federal Contract Tower,0,69,116,0,185,0,0,86,0,86,0,69,202,0,271,40,0,40,311
12/23/2018,APF,FL,ASO,ES,Federal Contract Tower,0,43,51,0,94,0,1,88,0,89,0,44,139,0,183,60,0,60,243
12/24/2018,APF,FL,ASO,ES,Federal Contract Tower,0,29,37,0,66,0,1,62,0,63,0,30,99,0,129,12,0,12,141
12/25/2018,APF,FL,ASO,ES,Federal Contract Tower,0,78,29,0,107,0,2,25,0,27,0,80,54,0,134,18,0,18,152
12/26/2018,APF,FL,ASO,ES,Federal Contract Tower,0,128,210,0,338,0,2,105,0,107,0,130,315,0,445,4,0,4,449
12/27/2018,APF,FL,ASO,ES,Federal Contract Tower,0,130,185,0,315,0,3,158,0,161,0,133,343,0,476,26,0,26,502
12/28/2018,APF,FL,ASO,ES,Federal Contract Tower,0,115,143,0,258,0,0,145,0,145,0,115,288,0,403,18,0,18,421
12/29/2018,APF,FL,ASO,ES,Federal Contract Tower,0,86,130,0,216,0,0,104,0,104,0,86,234,0,320,20,0,20,340
12/30/2018,APF,FL,ASO,ES,Federal Contract Tower,0,80,112,0,192,0,1,89,0,90,0,81,201,0,282,48,0,48,330
12/31/2018,APF,FL,ASO,ES,Federal Contract Tower,0,45,72,0,117,0,0,106,0,106,0,45,178,0,223,64,0,64,287
01/01/2019,APF,FL,ASO,ES,Federal Contract Tower,0,94,103,0,197,0,1,39,0,40,0,95,142,0,237,0,0,0,237
01/02/2019,APF,FL,ASO,ES,Federal Contract Tower,0,87,156,0,243,0,1,175,0,176,0,88,331,0,419,64,0,64,483
01/03/2019,APF,FL,ASO,ES,Federal Contract Tower,0,68,143,0,211,0,0,125,0,125,0,68,268,0,336,74,0,74,410
01/05/2019,APF,FL,ASO,ES,Federal Contract Tower,0,86,152,0,238,0,0,128,0,128,0,86,280,0,366,36,0,36,402
01/06/2019,APF,FL,ASO,ES,Federal Contract Tower,0,72,135,0,207,0,1,122,0,123,0,73,257,0,330,22,0,22,352
01/08/2019,APF,FL,ASO,ES,Federal Contract Tower,0,37,104,0,141,0,4,137,0,141,0,41,241,0,282,152,0,152,434
01/09/2019,APF,FL,ASO,ES,Federal Contract Tower,0,55,128,0,183,0,0,172,0,172,0,55,300,0,355,128,0,128,483
01/10/2019,APF,FL,ASO,ES,Federal Contract Tower,0,68,94,0,162,0,1,194,0,195,0,69,288,0,357,78,0,78,435
01/11/2019,APF,FL,ASO,ES,Federal Contract Tower,0,55,101,0,156,0,1,168,0,169,0,56,269,0,325,98,0,98,423
01/12/2019,APF,FL,ASO,ES,Federal Contract Tower,0,40,102,0,142,0,0,185,0,185,0,40,287,0,327,84,0,84,411
01/13/2019,APF,FL,ASO,ES,Federal Contract Tower,0,64,77,0,141,0,2,140,0,142,0,66,217,0,283,62,0,62,345
01/14/2019,APF,FL,ASO,ES,Federal Contract Tower,0,50,92,0,142,0,0,135,0,135,0,50,227,0,277,66,0,66,343
01/15/2019,APF,FL,ASO,ES,Federal Contract Tower,0,49,87,6,142,0,0,139,2,141,0,49,226,8,283,128,0,128,411
01/16/2019,APF,FL,ASO,ES,Federal Contract Tower,0,54,111,0,165,0,0,226,0,226,0,54,337,0,391,122,0,122,513
01/17/2019,APF,FL,ASO,ES,Federal Contract Tower,0,48,129,0,177,0,3,162,0,165,0,51,291,0,342,90,0,90,432
01/18/2019,APF,FL,ASO,ES,Federal Contract Tower,0,62,150,0,212,0,0,217,0,217,0,62,367,0,429,82,0,82,511
01/19/2019,APF,FL,ASO,ES,Federal Contract Tower,0,41,67,2,110,0,0,161,0,161,0,41,228,2,271,44,0,44,315
01/20/2019,APF,FL,ASO,ES,Federal Contract Tower,0,61,89,0,150,0,1,10,0,11,0,62,99,0,161,0,0,0,161
01/21/2019,APF,FL,ASO,ES,Federal Contract Tower,0,102,135,0,237,0,4,178,0,182,0,106,313,0,419,90,0,90,509
01/22/2019,APF,FL,ASO,ES,Federal Contract Tower,0,61,85,0,146,0,1,127,0,128,0,62,212,0,274,57,0,57,331
01/23/2019,APF,FL,ASO,ES,Federal Contract Tower,0,42,100,0,142,0,0,114,0,114,0,42,214,0,256,4,0,4,260
01/24/2019,APF,FL,ASO,ES,Federal Contract Tower,0,69,103,0,172,0,0,25,0,25,0,69,128,0,197,14,0,14,211
01/25/2019,APF,FL,ASO,ES,Federal Contract Tower,0,55,82,0,137,0,1,193,0,194,0,56,275,0,331,21,0,21,352
01/26/2019,APF,FL,ASO,ES,Federal Contract Tower,0,49,53,0,102,0,0,72,0,72,0,49,125,0,174,144,0,144,318
01/27/2019,APF,FL,ASO,ES,Federal Contract Tower,1,71,109,0,181,0,0,0,0,0,1,71,109,0,181,0,0,0,181
01/28/2019,APF,FL,ASO,ES,Federal Contract Tower,0,41,99,0,140,0,0,110,0,110,0,41,209,0,250,44,0,44,294
01/29/2019,APF,FL,ASO,ES,Federal Contract Tower,0,33,100,0,133,0,0,162,0,162,0,33,262,0,295,186,0,186,481
01/30/2019,APF,FL,ASO,ES,Federal Contract Tower,0,43,145,0,188,0,0,92,2,94,0,43,237,2,282,99,0,99,381
01/31/2019,APF,FL,ASO,ES,Federal Contract Tower,0,66,117,0,183,0,0,153,0,153,0,66,270,0,336,94,0,94,430
02/01/2019,APF,FL,ASO,ES,Federal Contract Tower,0,66,147,0,213,0,0,183,4,187,0,66,330,4,400,100,0,100,500
02/02/2019,APF,FL,ASO,ES,Federal Contract Tower,0,52,113,0,165,0,0,180,0,180,0,52,293,0,345,56,0,56,401
02/03/2019,APF,FL,ASO,ES,Federal Contract Tower,0,66,118,0,184,0,0,93,0,93,0,66,211,0,277,70,0,70,347
02/04/2019,APF,FL,ASO,ES,Federal Contract Tower,0,51,130,6,187,0,2,110,0,112,0,53,240,6,299,81,0,81,380
02/05/2019,APF,FL,ASO,ES,Federal Contract Tower,0,51,99,0,150,0,0,114,0,114,0,51,213,0,264,102,0,102,366
02/06/2019,APF,FL,ASO,ES,Federal Contract Tower,0,66,140,0,206,0,0,172,0,172,0,66,312,0,378,156,0,156,534
02/07/2019,APF,FL,ASO,ES,Federal Contract Tower,0,69,109,0,178,0,1,199,0,200,0,70,308,0,378,48,0,48,426
02/08/2019,APF,FL,ASO,ES,Federal Contract Tower,0,61,130,0,191,0,0,201,0,201,0,61,331,0,392,86,0,86,478
02/09/2019,APF,FL,ASO,ES,Federal Contract Tower,0,72,112,1,185,0,1,153,0,154,0,73,265,1,339,86,0,86,425
02/10/2019,APF,FL,ASO,ES,Federal Contract Tower,0,74,165,0,239,0,0,125,0,125,0,74,290,0,364,38,0,38,402
02/11/2019,APF,FL,ASO,ES,Federal Contract Tower,0,66,101,2,169,0,1,96,0,97,0,67,197,2,266,106,0,106,372
02/12/2019,APF,FL,ASO,ES,Federal Contract Tower,0,43,86,0,129,0,1,110,0,111,0,44,196,0,240,92,0,92,332
02/13/2019,APF,FL,ASO,ES,Federal Contract Tower,0,63,117,0,180,0,0,4,0,4,0,63,121,0,184,0,0,0,184
02/14/2019,APF,FL,ASO,ES,Federal Contract Tower,0,83,158,0,241,0,0,187,0,187,0,83,345,0,428,78,0,78,506
02/15/2019,APF,FL,ASO,ES,Federal Contract Tower,0,69,156,2,227,0,0,195,0,195,0,69,351,2,422,151,0,151,573
02/16/2019,APF,FL,ASO,ES,Federal Contract Tower,0,55,140,0,195,0,0,165,0,165,0,55,305,0,360,88,0,88,448
02/17/2019,APF,FL,ASO,ES,Federal Contract Tower,0,73,155,0,228,0,1,121,0,122,0,74,276,0,350,36,0,36,386
02/18/2019,APF,FL,ASO,ES,Federal Contract Tower,0,60,161,1,222,0,1,102,0,103,0,61,263,1,325,118,0,118,443
02/19/2019,APF,FL,ASO,ES,Federal Contract Tower,0,48,142,0,190,0,0,121,0,121,0,48,263,0,311,36,0,36,347
02/20/2019,APF,FL,ASO,ES,Federal Contract Tower,0,67,126,0,193,0,2,113,0,115,0,69,239,0,308,50,0,50,358
02/21/2019,APF,FL,ASO,ES,Federal Contract Tower,0,58,135,0,193,0,0,163,0,163,0,58,298,0,356,80,0,80,436
02/22/2019,APF,FL,ASO,ES,Federal Contract Tower,0,78,173,0,251,0,0,176,0,176,0,78,349,0,427,124,0,124,551
02/23/2019,APF,FL,ASO,ES,Federal Contract Tower,0,52,98,0,150,0,0,129,0,129,0,52,227,0,279,42,0,42,321
02/24/2019,APF,FL,ASO,ES,Federal Contract Tower,0,76,115,8,199,0,1,105,0,106,0,77,220,8,305,44,0,44,349
02/25/2019,APF,FL,ASO,ES,Federal Contract Tower,0,71,139,2,212,0,4,154,0,158,0,75,293,2,370,80,0,80,450
02/26/2019,APF,FL,ASO,ES,Federal Contract Tower,0,61,102,2,165,0,1,113,0,114,0,62,215,2,279,102,0,102,381
02/27/2019,APF,FL,ASO,ES,Federal Contract Tower,0,49,120,0,169,0,0,172,0,172,0,49,292,0,341,30,0,30,371
02/28/2019,APF,FL,ASO,ES,Federal Contract Tower,0,74,132,0,206,0,3,212,0,215,0,77,344,0,421,98,0,98,519
03/01/2019,APF,FL,ASO,ES,Federal Contract Tower,0,47,141,0,188,0,0,180,0,180,0,47,321,0,368,80,0,80,448
03/02/2019,APF,FL,ASO,ES,Federal Contract Tower,0,58,112,0,170,0,0,145,0,145,0,58,257,0,315,80,0,80,395
03/03/2019,APF,FL,ASO,ES,Federal Contract Tower,0,78,149,0,227,0,0,148,0,148,0,78,297,0,375,62,0,62,437
03/04/2019,APF,FL,ASO,ES,Federal Contract Tower,0,56,129,6,191,0,3,123,0,126,0,59,252,6,317,102,0,102,419
03/05/2019,APF,FL,ASO,ES,Federal Contract Tower,0,50,116,0,166,0,0,118,0,118,0,50,234,0,284,88,0,88,372
03/06/2019,APF,FL,ASO,ES,Federal Contract Tower,0,46,108,2,156,0,0,148,0,148,0,46,256,2,304,28,0,28,332
03/07/2019,APF,FL,ASO,ES,Federal Contract Tower,0,73,136,0,209,0,0,191,0,191,0,73,327,0,400,48,0,48,448
03/08/2019,APF,FL,ASO,ES,Federal Contract Tower,0,71,132,0,203,0,0,186,0,186,0,71,318,0,389,88,0,88,477
03/09/2019,APF,FL,ASO,ES,Federal Contract Tower,0,52,100,0,152,0,0,173,0,173,0,52,273,0,325,26,0,26,351
03/10/2019,APF,FL,ASO,ES,Federal Contract Tower,0,70,113,0,183,0,0,114,0,114,0,70,227,0,297,18,0,18,315
03/11/2019,APF,FL,ASO,ES,Federal Contract Tower,0,58,112,0,170,0,0,163,0,163,0,58,275,0,333,36,0,36,369
03/12/2019,APF,FL,ASO,ES,Federal Contract Tower,0,48,89,2,139,0,0,173,0,173,0,48,262,2,312,66,0,66,378
03/13/2019,APF,FL,ASO,ES,Federal Contract Tower,0,62,115,0,177,0,0,147,0,147,0,62,262,0,324,42,0,42,366
03/14/2019,APF,FL,ASO,ES,Federal Contract Tower,0,62,136,0,198,0,0,145,0,145,0,62,281,0,343,64,0,64,407
03/15/2019,APF,FL,ASO,ES,Federal Contract Tower,0,73,169,0,242,0,2,74,0,76,0,75,243,0,318,16,0,16,334
03/16/2019,APF,FL,ASO,ES,Federal Contract Tower,0,60,118,0,178,0,0,103,0,103,0,60,221,0,281,46,0,46,327
03/17/2019,APF,FL,ASO,ES,Federal Contract Tower,0,81,131,0,212,0,0,61,0,61,0,81,192,0,273,34,0,34,307
03/18/2019,APF,FL,ASO,ES,Federal Contract Tower,0,49,95,0,144,0,1,94,0,95,0,50,189,0,239,36,0,36,275
03/19/2019,APF,FL,ASO,ES,Federal Contract Tower,0,43,80,0,123,0,0,0,0,0,0,43,80,0,123,0,0,0,123
03/20/2019,APF,FL,ASO,ES,Federal Contract Tower,0,60,138,6,204,0,1,75,0,76,0,61,213,6,280,52,0,52,332
03/21/2019,APF,FL,ASO,ES,Federal Contract Tower,0,71,131,0,202,0,1,227,0,228,0,72,358,0,430,22,0,22,452
03/22/2019,APF,FL,ASO,ES,Federal Contract Tower,0,78,167,0,245,0,0,196,0,196,0,78,363,0,441,52,0,52,493
03/23/2019,APF,FL,ASO,ES,Federal Contract Tower,0,70,138,0,208,0,0,186,0,186,0,70,324,0,394,44,0,44,438
03/24/2019,APF,FL,ASO,ES,Federal Contract Tower,0,95,150,2,247,0,0,138,0,138,0,95,288,2,385,6,0,6,391
03/25/2019,APF,FL,ASO,ES,Federal Contract Tower,0,64,101,0,165,0,0,133,0,133,0,64,234,0,298,58,0,58,356
03/26/2019,APF,FL,ASO,ES,Federal Contract Tower,0,49,77,0,126,0,0,187,0,187,0,49,264,0,313,64,0,64,377
03/27/2019,APF,FL,ASO,ES,Federal Contract Tower,0,56,86,8,150,0,1,116,0,117,0,57,202,8,267,20,2,22,289
03/28/2019,APF,FL,ASO,ES,Federal Contract Tower,0,62,113,2,177,0,1,64,0,65,0,63,177,2,242,0,0,0,242
03/29/2019,APF,FL,ASO,ES,Federal Contract Tower,0,72,142,2,216,0,0,159,0,159,0,72,301,2,375,76,0,76,451
03/30/2019,APF,FL,ASO,ES,Federal Contract Tower,0,78,123,0,201,0,0,137,0,137,0,78,260,0,338,48,0,48,386
03/31/2019,APF,FL,ASO,ES,Federal Contract Tower,0,104,159,1,264,0,0,118,0,118,0,104,277,1,382,19,0,19,401
04/01/2019,APF,FL,ASO,ES,Federal Contract Tower,0,64,116,5,185,0,3,114,0,117,0,67,230,5,302,64,0,64,366
04/02/2019,APF,FL,ASO,ES,Federal Contract Tower,0,51,111,0,162,0,1,126,0,127,0,52,237,0,289,48,0,48,337
04/03/2019,APF,FL,ASO,ES,Federal Contract Tower,0,39,121,0,160,0,0,154,0,154,0,39,275,0,314,80,0,80,394
04/04/2019,APF,FL,ASO,ES,Federal Contract Tower,0,48,100,1,149,0,0,95,0,95,0,48,195,1,244,82,0,82,326
04/05/2019,APF,FL,ASO,ES,Federal Contract Tower,0,46,120,0,166,0,0,127,0,127,0,46,247,0,293,62,0,62,355
04/06/2019,APF,FL,ASO,ES,Federal Contract Tower,0,43,121,0,164,0,0,181,0,181,0,43,302,0,345,40,0,40,385
04/08/2019,APF,FL,ASO,ES,Federal Contract Tower,0,41,92,0,133,0,1,103,0,104,0,42,195,0,237,82,0,82,319
04/09/2019,APF,FL,ASO,ES,Federal Contract Tower,0,51,67,1,119,0,0,14,0,14,0,51,81,1,133,16,0,16,149
04/10/2019,APF,FL,ASO,ES,Federal Contract Tower,0,41,95,0,136,0,0,159,0,159,0,41,254,0,295,100,0,100,395
04/11/2019,APF,FL,ASO,ES,Federal Contract Tower,0,64,150,0,214,0,0,184,0,184,0,64,334,0,398,44,0,44,442
04/12/2019,APF,FL,ASO,ES,Federal Contract Tower,0,54,137,3,194,0,1,152,0,153,0,55,289,3,347,108,0,108,455
04/13/2019,APF,FL,ASO,ES,Federal Contract Tower,0,43,103,15,161,0,1,121,0,122,0,44,224,15,283,30,0,30,313
04/14/2019,APF,FL,ASO,ES,Federal Contract Tower,0,70,121,0,191,0,0,71,0,71,0,70,192,0,262,28,0,28,290
04/15/2019,APF,FL,ASO,ES,Federal Contract Tower,0,72,102,2,176,0,2,116,0,118,0,74,218,2,294,72,0,72,366
04/16/2019,APF,FL,ASO,ES,Federal Contract Tower,0,50,100,0,150,0,1,160,0,161,0,51,260,0,311,80,0,80,391
04/17/2019,APF,FL,ASO,ES,Federal Contract Tower,0,52,114,2,168,0,4,148,0,152,0,56,262,2,320,50,0,50,370
04/18/2019,APF,FL,ASO,ES,Federal Contract Tower,0,88,135,0,223,0,0,148,2,150,0,88,283,2,373,46,0,46,419
04/19/2019,APF,FL,ASO,ES,Federal Contract Tower,0,61,73,0,134,0,4,35,0,39,0,65,108,0,173,44,0,44,217
04/20/2019,APF,FL,ASO,ES,Federal Contract Tower,0,50,100,4,154,0,0,91,0,91,0,50,191,4,245,4,0,4,249
04/21/2019,APF,FL,ASO,ES,Federal Contract Tower,0,58,106,0,164,0,0,90,0,90,0,58,196,0,254,36,0,36,290
04/22/2019,APF,FL,ASO,ES,Federal Contract Tower,0,98,127,2,227,0,3,155,0,158,0,101,282,2,385,58,0,58,443
04/23/2019,APF,FL,ASO,ES,Federal Contract Tower,0,44,88,0,132,0,4,188,0,192,0,48,276,0,324,86,0,86,410
04/24/2019,APF,FL,ASO,ES,Federal Contract Tower,0,51,84,3,138,0,2,149,6,157,0,53,233,9,295,34,0,34,329
04/25/2019,APF,FL,ASO,ES,Federal Contract Tower,0,59,107,0,166,0,0,144,0,144,0,59,251,0,310,64,0,64,374
04/26/2019,APF,FL,ASO,ES,Federal Contract Tower,0,47,79,0,126,0,2,59,0,61,0,49,138,0,187,84,0,84,271
04/27/2019,APF,FL,ASO,ES,Federal Contract Tower,0,52,103,0,155,0,0,152,0,152,0,52,255,0,307,36,0,36,343
04/28/2019,APF,FL,ASO,ES,Federal Contract Tower,0,45,114,0,159,0,0,150,0,150,0,45,264,0,309,18,0,18,327
04/29/2019,APF,FL,ASO,ES,Federal Contract Tower,0,64,97,1,162,0,3,110,0,113,0,67,207,1,275,58,0,58,333
04/30/2019,APF,FL,ASO,ES,Federal Contract Tower,0,49,85,0,134,0,1,139,0,140,0,50,224,0,274,176,0,176,450
05/01/2019,APF,FL,ASO,ES,Federal Contract Tower,0,56,100,0,156,0,1,95,0,96,0,57,195,0,252,122,0,122,374
05/02/2019,APF,FL,ASO,ES,Federal Contract Tower,0,70,106,0,176,0,0,102,0,102,0,70,208,0,278,96,0,96,374
05/03/2019,APF,FL,ASO,ES,Federal Contract Tower,0,44,104,0,148,0,0,109,0,109,0,44,213,0,257,118,0,118,375
05/04/2019,APF,FL,ASO,ES,Federal Contract Tower,0,26,47,0,73,0,0,97,0,97,0,26,144,0,170,68,0,68,238
05/05/2019,APF,FL,ASO,ES,Federal Contract Tower,0,68,69,0,137,0,1,81,0,82,0,69,150,0,219,24,0,24,243
05/06/2019,APF,FL,ASO,ES,Federal Contract Tower,0,35,85,0,120,0,1,78,0,79,0,36,163,0,199,62,0,62,261
05/07/2019,APF,FL,ASO,ES,Federal Contract Tower,0,39,89,0,128,0,0,146,0,146,0,39,235,0,274,96,0,96,370
05/08/2019,APF,FL,ASO,ES,Federal Contract Tower,0,45,89,0,134,0,0,104,0,104,0,45,193,0,238,46,0,46,284
05/09/2019,APF,FL,ASO,ES,Federal Contract Tower,0,68,92,0,160,0,0,113,0,113,0,68,205,0,273,46,0,46,319
05/10/2019,APF,FL,ASO,ES,Federal Contract Tower,0,72,63,0,135,0,0,107,0,107,0,72,170,0,242,62,0,62,304
05/11/2019,APF,FL,ASO,ES,Federal Contract Tower,0,42,63,0,105,0,1,131,0,132,0,43,194,0,237,41,0,41,278
05/12/2019,APF,FL,ASO,ES,Federal Contract Tower,0,58,86,0,144,0,0,96,0,96,0,58,182,0,240,48,0,48,288
05/13/2019,APF,FL,ASO,ES,Federal Contract Tower,0,39,72,0,111,0,0,80,0,80,0,39,152,0,191,42,0,42,233
05/14/2019,APF,FL,ASO,ES,Federal Contract Tower,0,37,61,0,98,0,0,108,0,108,0,37,169,0,206,100,0,100,306
05/15/2019,APF,FL,ASO,ES,Federal Contract Tower,0,31,76,2,109,0,0,113,0,113,0,31,189,2,222,98,0,98,320
05/16/2019,APF,FL,ASO,ES,Federal Contract Tower,0,43,64,0,107,0,0,149,0,149,0,43,213,0,256,48,0,48,304
05/17/2019,APF,FL,ASO,ES,Federal Contract Tower,0,35,68,0,103,0,1,129,0,130,0,36,197,0,233,38,0,38,271
05/18/2019,APF,FL,ASO,ES,Federal Contract Tower,0,36,61,0,97,0,0,111,0,111,0,36,172,0,208,42,0,42,250
05/19/2019,APF,FL,ASO,ES,Federal Contract Tower,0,31,79,0,110,0,0,96,0,96,0,31,175,0,206,20,0,20,226
05/20/2019,APF,FL,ASO,ES,Federal Contract Tower,0,36,53,0,89,0,0,98,0,98,0,36,151,0,187,66,0,66,253
05/21/2019,APF,FL,ASO,ES,Federal Contract Tower,0,39,48,0,87,0,0,142,0,142,0,39,190,0,229,178,2,180,409
05/22/2019,APF,FL,ASO,ES,Federal Contract Tower,0,32,66,0,98,0,0,154,0,154,0,32,220,0,252,96,0,96,348
05/23/2019,APF,FL,ASO,ES,Federal Contract Tower,0,38,78,0,116,0,1,159,0,160,0,39,237,0,276,72,0,72,348
05/24/2019,APF,FL,ASO,ES,Federal Contract Tower,0,47,75,0,122,0,2,118,0,120,0,49,193,0,242,96,0,96,338
05/25/2019,APF,FL,ASO,ES,Federal Contract Tower,0,27,58,0,85,0,2,140,0,142,0,29,198,0,227,48,0,48,275
05/26/2019,APF,FL,ASO,ES,Federal Contract Tower,0,16,41,0,57,0,0,100,0,100,0,16,141,0,157,86,0,86,243
05/27/2019,APF,FL,ASO,ES,Federal Contract Tower,0,49,74,0,123,0,0,108,0,108,0,49,182,0,231,78,0,78,309
05/28/2019,APF,FL,ASO,ES,Federal Contract Tower,0,31,104,0,135,0,0,138,0,138,0,31,242,0,273,68,0,68,341
05/29/2019,APF,FL,ASO,ES,Federal Contract Tower,0,59,84,0,143,0,0,150,0,150,0,59,234,0,293,104,0,104,397
05/30/2019,APF,FL,ASO,ES,Federal Contract Tower,0,50,84,0,134,0,0,132,0,132,0,50,216,0,266,104,0,104,370
05/31/2019,APF,FL,ASO,ES,Federal Contract Tower,0,49,71,0,120,0,3,110,0,113,0,52,181,0,233,80,0,80,313
06/01/2019,APF,FL,ASO,ES,Federal Contract Tower,0,26,52,0,78,0,0,40,0,40,0,26,92,0,118,0,0,0,118
06/02/2019,APF,FL,ASO,ES,Federal Contract Tower,0,33,69,0,102,0,0,78,0,78,0,33,147,0,180,10,0,10,190
06/03/2019,APF,FL,ASO,ES,Federal Contract Tower,0,32,45,2,79,0,0,71,0,71,0,32,116,2,150,54,0,54,204
06/04/2019,APF,FL,ASO,ES,Federal Contract Tower,0,23,54,0,77,0,0,75,0,75,0,23,129,0,152,62,0,62,214
06/05/2019,APF,FL,ASO,ES,Federal Contract Tower,0,17,68,0,85,0,0,74,0,74,0,17,142,0,159,94,0,94,253
06/06/2019,APF,FL,ASO,ES,Federal Contract Tower,0,39,49,0,88,0,1,98,0,99,0,40,147,0,187,82,0,82,269
06/07/2019,APF,FL,ASO,ES,Federal Contract Tower,0,26,59,0,85,0,4,70,8,82,0,30,129,8,167,136,0,136,303
06/08/2019,APF,FL,ASO,ES,Federal Contract Tower,0,12,40,0,52,0,3,114,0,117,0,15,154,0,169,78,0,78,247
06/09/2019,APF,FL,ASO,ES,Federal Contract Tower,0,23,49,3,75,0,0,48,0,48,0,23,97,3,123,38,0,38,161
06/10/2019,APF,FL,ASO,ES,Federal Contract Tower,0,16,53,0,69,0,0,110,0,110,0,16,163,0,179,100,0,100,279
06/11/2019,APF,FL,ASO,ES,Federal Contract Tower,0,14,58,0,72,0,0,120,0,120,0,14,178,0,192,100,0,100,292
06/12/2019,APF,FL,ASO,ES,Federal Contract Tower,0,21,74,0,95,0,0,101,0,101,0,21,175,0,196,98,0,98,294
06/13/2019,APF,FL,ASO,ES,Federal Contract Tower,0,20,64,0,84,0,0,98,0,98,0,20,162,0,182,110,0,110,292
06/14/2019,APF,FL,ASO,ES,Federal Contract Tower,0,16,52,4,72,0,2,106,0,108,0,18,158,4,180,41,0,41,221
06/15/2019,APF,FL,ASO,ES,Federal Contract Tower,0,10,41,0,51,0,1,91,0,92,0,11,132,0,143,14,0,14,157
06/16/2019,APF,FL,ASO,ES,Federal Contract Tower,0,24,33,0,57,0,0,9,0,9,0,24,42,0,66,0,0,0,66
06/17/2019,APF,FL,ASO,ES,Federal Contract Tower,0,14,45,0,59,0,0,39,0,39,0,14,84,0,98,32,0,32,130
06/18/2019,APF,FL,ASO,ES,Federal Contract Tower,0,20,34,0,54,0,0,45,0,45,0,20,79,0,99,32,0,32,131
06/19/2019,APF,FL,ASO,ES,Federal Contract Tower,0,19,80,2,101,0,0,81,0,81,0,19,161,2,182,112,2,114,296
06/20/2019,APF,FL,ASO,ES,Federal Contract Tower,0,19,66,0,85,0,1,135,0,136,0,20,201,0,221,80,0,80,301
06/21/2019,APF,FL,ASO,ES,Federal Contract Tower,0,36,82,0,118,0,0,121,0,121,0,36,203,0,239,74,0,74,313
06/22/2019,APF,FL,ASO,ES,Federal Contract Tower,0,17,48,0,65,0,1,112,0,113,0,18,160,0,178,12,0,12,190
06/23/2019,APF,FL,ASO,ES,Federal Contract Tower,0,20,49,0,69,0,0,80,0,80,0,20,129,0,149,66,0,66,215
06/24/2019,APF,FL,ASO,ES,Federal Contract Tower,0,29,67,0,96,0,0,120,0,120,0,29,187,0,216,86,0,86,302
06/25/2019,APF,FL,ASO,ES,Federal Contract Tower,0,11,55,0,66,0,0,119,0,119,0,11,174,0,185,84,0,84,269
06/26/2019,APF,FL,ASO,ES,Federal Contract Tower,0,16,36,0,52,0,2,115,0,117,0,18,151,0,169,96,0,96,265
06/27/2019,APF,FL,ASO,ES,Federal Contract Tower,0,19,88,0,107,0,1,120,0,121,0,20,208,0,228,116,0,116,344
06/28/2019,APF,FL,ASO,ES,Federal Contract Tower,0,23,52,0,75,0,0,81,0,81,0,23,133,0,156,76,0,76,232
06/29/2019,APF,FL,ASO,ES,Federal Contract Tower,0,26,32,0,58,0,0,43,0,43,0,26,75,0,101,18,0,18,119
06/30/2019,APF,FL,ASO,ES,Federal Contract Tower,0,27,51,0,78,0,0,78,0,78,0,27,129,0,156,2,0,2,158
07/01/2019,APF,FL,ASO,ES,Federal Contract Tower,0,27,78,6,111,0,0,110,0,110,0,27,188,6,221,66,0,66,287
07/02/2019,APF,FL,ASO,ES,Federal Contract Tower,0,26,56,0,82,0,0,148,0,148,0,26,204,0,230,116,0,116,346
07/03/2019,APF,FL,ASO,ES,Federal Contract Tower,0,15,52,0,67,0,0,88,0,88,0,15,140,0,155,70,0,70,225
07/04/2019,APF,FL,ASO,ES,Federal Contract Tower,0,11,39,0,50,0,1,82,0,83,0,12,121,0,133,36,0,36,169
07/05/2019,APF,FL,ASO,ES,Federal Contract Tower,0,19,41,0,60,0,1,43,0,44,0,20,84,0,104,24,0,24,128
07/06/2019,APF,FL,ASO,ES,Federal Contract Tower,0,18,51,0,69,0,0,70,0,70,0,18,121,0,139,32,0,32,171
07/07/2019,APF,FL,ASO,ES,Federal Contract Tower,0,23,59,0,82,0,0,54,0,54,0,23,113,0,136,4,0,4,140
07/08/2019,APF,FL,ASO,ES,Federal Contract Tower,0,26,42,0,68,0,0,41,0,41,0,26,83,0,109,36,0,36,145
07/09/2019,APF,FL,ASO,ES,Federal Contract Tower,0,18,41,0,59,0,0,29,0,29,0,18,70,0,88,64,0,64,152
07/10/2019,APF,FL,ASO,ES,Federal Contract Tower,0,17,60,0,77,0,0,123,0,123,0,17,183,0,200,102,0,102,302
07/11/2019,APF,FL,ASO,ES,Federal Contract Tower,0,15,42,0,57,0,0,67,0,67,0,15,109,0,124,46,0,46,170
07/12/2019,APF,FL,ASO,ES,Federal Contract Tower,0,15,62,0,77,0,0,123,0,123,0,15,185,0,200,110,0,110,310
07/13/2019,APF,FL,ASO,ES,Federal Contract Tower,0,9,26,0,35,0,0,155,0,155,0,9,181,0,190,74,0,74,264
07/14/2019,APF,FL,ASO,ES,Federal Contract Tower,0,15,30,0,45,0,3,86,0,89,0,18,116,0,134,58,0,58,192
07/15/2019,APF,FL,ASO,ES,Federal Contract Tower,0,10,60,0,70,0,0,83,0,83,0,10,143,0,153,114,0,114,267
07/16/2019,APF,FL,ASO,ES,Federal Contract Tower,0,15,47,0,62,0,1,91,0,92,0,16,138,0,154,44,0,44,198
07/17/2019,APF,FL,ASO,ES,Federal Contract Tower,0,12,47,0,59,0,0,96,0,96,0,12,143,0,155,96,0,96,251
07/18/2019,APF,FL,ASO,ES,Federal Contract Tower,0,13,38,0,51,0,0,93,0,93,0,13,131,0,144,72,0,72,216
07/19/2019,APF,FL,ASO,ES,Federal Contract Tower,0,10,54,0,64,0,0,113,0,113,0,10,167,0,177,62,0,62,239
07/20/2019,APF,FL,ASO,ES,Federal Contract Tower,0,11,42,1,54,0,0,80,2,82,0,11,122,3,136,74,0,74,210
07/21/2019,APF,FL,ASO,ES,Federal Contract Tower,0,14,39,0,53,0,0,90,0,90,0,14,129,0,143,10,0,10,153
07/22/2019,APF,FL,ASO,ES,Federal Contract Tower,0,6,59,0,65,0,0,105,0,105,0,6,164,0,170,60,0,60,230
07/23/2019,APF,FL,ASO,ES,Federal Contract Tower,0,12,51,3,66,0,0,85,0,85,0,12,136,3,151,58,0,58,209
07/24/2019,APF,FL,ASO,ES,Federal Contract Tower,0,11,70,2,83,0,0,111,0,111,0,11,181,2,194,78,0,78,272
07/25/2019,APF,FL,ASO,ES,Federal Contract Tower,0,12,66,0,78,0,0,104,0,104,0,12,170,0,182,90,0,90,272
07/26/2019,APF,FL,ASO,ES,Federal Contract Tower,0,20,86,0,106,0,0,101,0,101,0,20,187,0,207,90,0,90,297
07/27/2019,APF,FL,ASO,ES,Federal Contract Tower,0,24,54,0,78,0,0,108,0,108,0,24,162,0,186,74,0,74,260
07/28/2019,APF,FL,ASO,ES,Federal Contract Tower,0,16,37,0,53,0,0,97,0,97,0,16,134,0,150,0,0,0,150
07/29/2019,APF,FL,ASO,ES,Federal Contract Tower,0,15,73,1,89,0,2,94,1,97,0,17,167,2,186,64,0,64,250
07/30/2019,APF,FL,ASO,ES,Federal Contract Tower,0,10,55,0,65,0,101,0,0,101,0,111,55,0,166,31,0,31,197
07/31/2019,APF,FL,ASO,ES,Federal Contract Tower,0,16,43,2,61,0,0,82,0,82,0,16,125,2,143,56,0,56,199
08/01/2019,APF,FL,ASO,ES,Federal Contract Tower,0,13,54,0,67,0,0,60,0,60,0,13,114,0,127,66,0,66,193
08/02/2019,APF,FL,ASO,ES,Federal Contract Tower,0,12,46,0,58,0,0,46,0,46,0,12,92,0,104,42,0,42,146
08/03/2019,APF,FL,ASO,ES,Federal Contract Tower,0,15,29,0,44,0,0,44,0,44,0,15,73,0,88,22,0,22,110
08/04/2019,APF,FL,ASO,ES,Federal Contract Tower,0,20,52,0,72,0,0,36,0,36,0,20,88,0,108,20,0,20,128
08/05/2019,APF,FL,ASO,ES,Federal Contract Tower,0,11,30,0,41,0,0,0,0,0,0,11,30,0,41,68,0,68,109
08/06/2019,APF,FL,ASO,ES,Federal Contract Tower,0,20,61,5,86,0,0,99,1,100,0,20,160,6,186,85,0,85,271
08/07/2019,APF,FL,ASO,ES,Federal Contract Tower,0,26,59,0,85,0,3,114,0,117,0,29,173,0,202,70,0,70,272
08/08/2019,APF,FL,ASO,ES,Federal Contract Tower,0,19,67,0,86,0,0,107,0,107,0,19,174,0,193,112,0,112,305
08/09/2019,APF,FL,ASO,ES,Federal Contract Tower,0,15,48,0,63,0,2,83,0,85,0,17,131,0,148,80,0,80,228
08/10/2019,APF,FL,ASO,ES,Federal Contract Tower,0,15,44,0,59,0,0,102,0,102,0,15,146,0,161,32,0,32,193
08/11/2019,APF,FL,ASO,ES,Federal Contract Tower,0,16,48,0,64,0,0,75,0,75,0,16,123,0,139,60,0,60,199
08/12/2019,APF,FL,ASO,ES,Federal Contract Tower,0,17,24,0,41,0,0,45,0,45,0,17,69,0,86,86,0,86,172
08/13/2019,APF,FL,ASO,ES,Federal Contract Tower,0,15,55,0,70,0,91,0,0,91,0,106,55,0,161,52,0,52,213
08/14/2019,APF,FL,ASO,ES,Federal Contract Tower,0,11,49,0,60,0,0,56,0,56,0,11,105,0,116,56,0,56,172
08/15/2019,APF,FL,ASO,ES,Federal Contract Tower,0,26,68,0,94,0,2,81,0,83,0,28,149,0,177,66,0,66,243
08/16/2019,APF,FL,ASO,ES,Federal Contract Tower,0,25,41,0,66,0,0,65,0,65,0,25,106,0,131,56,0,56,187
08/17/2019,APF,FL,ASO,ES,Federal Contract Tower,0,17,47,0,64,0,0,98,0,98,0,17,145,0,162,74,0,74,236
08/18/2019,APF,FL,ASO,ES,Federal Contract Tower,0,18,65,0,83,0,0,103,0,103,0,18,168,0,186,44,0,44,230
08/19/2019,APF,FL,ASO,ES,Federal Contract Tower,0,23,63,0,86,0,0,117,0,117,0,23,180,0,203,150,0,150,353
08/20/2019,APF,FL,ASO,ES,Federal Contract Tower,0,10,57,0,67,0,0,75,0,75,0,10,132,0,142,110,0,110,252
08/21/2019,APF,FL,ASO,ES,Federal Contract Tower,0,14,60,4,78,0,0,113,0,113,0,14,173,4,191,84,0,84,275
08/22/2019,APF,FL,ASO,ES,Federal Contract Tower,0,25,60,0,85,0,2,83,0,85,0,27,143,0,170,138,0,138,308
08/23/2019,APF,FL,ASO,ES,Federal Contract Tower,0,23,64,0,87,0,0,87,0,87,0,23,151,0,174,130,0,130,304
08/24/2019,APF,FL,ASO,ES,Federal Contract Tower,0,14,83,0,97,0,0,48,0,48,0,14,131,0,145,26,0,26,171
08/25/2019,APF,FL,ASO,ES,Federal Contract Tower,0,21,50,0,71,0,0,68,0,68,0,21,118,0,139,82,0,82,221
08/26/2019,APF,FL,ASO,ES,Federal Contract Tower,0,19,47,0,66,0,1,80,0,81,0,20,127,0,147,110,0,110,257
08/27/2019,APF,FL,ASO,ES,Federal Contract Tower,0,10,39,4,53,0,0,92,0,92,0,10,131,4,145,154,0,154,299
08/28/2019,APF,FL,ASO,ES,Federal Contract Tower,0,15,61,5,81,0,0,85,0,85,0,15,146,5,166,108,0,108,274
08/29/2019,APF,FL,ASO,ES,Federal Contract Tower,0,26,58,4,88,0,0,108,0,108,0,26,166,4,196,50,0,50,246
08/30/2019,APF,FL,ASO,ES,Federal Contract Tower,0,26,68,0,94,0,3,79,0,82,0,29,147,0,176,66,0,66,242
08/31/2019,APF,FL,ASO,ES,Federal Contract Tower,0,21,37,0,58,0,1,26,0,27,0,22,63,0,85,26,0,26,111
09/02/2019,APF,FL,ASO,ES,Federal Contract Tower,0,8,22,0,30,0,0,14,0,14,0,8,36,0,44,12,0,12,56
09/03/2019,APF,FL,ASO,ES,Federal Contract Tower,0,15,44,0,59,0,1,36,0,37,0,16,80,0,96,28,0,28,124
09/04/2019,APF,FL,ASO,ES,Federal Contract Tower,0,22,48,0,70,0,0,76,0,76,0,22,124,0,146,70,0,70,216
09/05/2019,APF,FL,ASO,ES,Federal Contract Tower,0,13,58,0,71,0,0,66,0,66,0,13,124,0,137,92,0,92,229
09/06/2019,APF,FL,ASO,ES,Federal Contract Tower,0,16,53,0,69,0,4,105,0,109,0,20,158,0,178,32,0,32,210
09/07/2019,APF,FL,ASO,ES,Federal Contract Tower,0,21,65,0,86,0,2,95,0,97,0,23,160,0,183,48,0,48,231
09/08/2019,APF,FL,ASO,ES,Federal Contract Tower,0,19,63,0,82,0,0,90,0,90,0,19,153,0,172,10,0,10,182
09/09/2019,APF,FL,ASO,ES,Federal Contract Tower,0,12,42,4,58,0,0,131,0,131,0,12,173,4,189,60,0,60,249
09/10/2019,APF,FL,ASO,ES,Federal Contract Tower,0,9,54,0,63,0,1,122,0,123,0,10,176,0,186,99,0,99,285
09/11/2019,APF,FL,ASO,ES,Federal Contract Tower,0,24,73,0,97,0,2,120,0,122,0,26,193,0,219,158,0,158,377
09/12/2019,APF,FL,ASO,ES,Federal Contract Tower,0,14,73,0,87,0,3,101,0,104,0,17,174,0,191,64,0,64,255
09/13/2019,APF,FL,ASO,ES,Federal Contract Tower,0,13,59,0,72,0,0,74,0,74,0,13,133,0,146,18,0,18,164
09/14/2019,APF,FL,ASO,ES,Federal Contract Tower,0,10,29,0,39,0,0,66,0,66,0,10,95,0,105,44,0,44,149
09/15/2019,APF,FL,ASO,ES,Federal Contract Tower,0,17,48,0,65,0,0,101,0,101,0,17,149,0,166,20,0,20,186
09/16/2019,APF,FL,ASO,ES,Federal Contract Tower,0,18,51,0,69,0,2,112,0,114,0,20,163,0,183,74,0,74,257
09/17/2019,APF,FL,ASO,ES,Federal Contract Tower,0,4,61,0,65,0,0,136,0,136,0,4,197,0,201,100,0,100,301
09/18/2019,APF,FL,ASO,ES,Federal Contract Tower,0,10,57,0,67,0,0,98,0,98,0,10,155,0,165,118,0,118,283
09/19/2019,APF,FL,ASO,ES,Federal Contract Tower,0,18,55,2,75,0,0,101,0,101,0,18,156,2,176,122,0,122,298
09/20/2019,APF,FL,ASO,ES,Federal Contract Tower,0,27,49,0,76,0,0,81,0,81,0,27,130,0,157,46,0,46,203
09/21/2019,APF,FL,ASO,ES,Federal Contract Tower,0,18,41,0,59,0,0,88,0,88,0,18,129,0,147,24,0,24,171
09/22/2019,APF,FL,ASO,ES,Federal Contract Tower,0,30,50,0,80,0,1,69,0,70,0,31,119,0,150,42,0,42,192
09/23/2019,APF,FL,ASO,ES,Federal Contract Tower,0,23,31,1,55,0,0,127,0,127,0,23,158,1,182,199,0,199,381
09/24/2019,APF,FL,ASO,ES,Federal Contract Tower,0,17,72,0,89,0,1,159,0,160,0,18,231,0,249,154,0,154,403
09/25/2019,APF,FL,ASO,ES,Federal Contract Tower,0,31,69,1,101,0,2,124,0,126,0,33,193,1,227,126,0,126,353
09/26/2019,APF,FL,ASO,ES,Federal Contract Tower,0,22,62,0,84,0,0,130,0,130,0,22,192,0,214,118,0,118,332
09/27/2019,APF,FL,ASO,ES,Federal Contract Tower,0,22,75,0,97,0,0,137,2,139,0,22,212,2,236,74,0,74,310
09/28/2019,APF,FL,ASO,ES,Federal Contract Tower,0,12,46,0,58,0,0,90,0,90,0,12,136,0,148,44,0,44,192
09/29/2019,APF,FL,ASO,ES,Federal Contract Tower,0,21,52,0,73,0,0,82,0,82,0,21,134,0,155,20,0,20,175
09/30/2019,APF,FL,ASO,ES,Federal Contract Tower,0,26,72,0,98,0,0,90,0,90,0,26,162,0,188,40,0,40,228
10/01/2019,APF,FL,ASO,ES,Federal Contract Tower,0,30,57,0,87,0,0,107,0,107,0,30,164,0,194,77,0,77,271
10/02/2019,APF,FL,ASO,ES,Federal Contract Tower,0,22,78,0,100,0,0,96,0,96,0,22,174,0,196,97,0,97,293
10/03/2019,APF,FL,ASO,ES,Federal Contract Tower,0,26,78,0,104,0,0,132,0,132,0,26,210,0,236,138,0,138,374
10/04/2019,APF,FL,ASO,ES,Federal Contract Tower,0,20,78,0,98,0,0,118,0,118,0,20,196,0,216,82,0,82,298
10/05/2019,APF,FL,ASO,ES,Federal Contract Tower,0,19,72,0,91,0,0,102,0,102,0,19,174,0,193,50,0,50,243
10/06/2019,APF,FL,ASO,ES,Federal Contract Tower,0,34,62,0,96,0,1,89,0,90,0,35,151,0,186,46,0,46,232
10/07/2019,APF,FL,ASO,ES,Federal Contract Tower,0,28,53,0,81,0,0,42,0,42,0,28,95,0,123,92,0,92,215
10/08/2019,APF,FL,ASO,ES,Federal Contract Tower,0,22,78,2,102,0,2,74,0,76,0,24,152,2,178,248,0,248,426
10/09/2019,APF,FL,ASO,ES,Federal Contract Tower,0,23,62,0,85,0,0,100,0,100,0,23,162,0,185,188,0,188,373
10/10/2019,APF,FL,ASO,ES,Federal Contract Tower,0,31,85,0,116,0,0,86,0,86,0,31,171,0,202,38,0,38,240
10/11/2019,APF,FL,ASO,ES,Federal Contract Tower,0,29,92,0,121,0,0,128,0,128,0,29,220,0,249,108,0,108,357
10/12/2019,APF,FL,ASO,ES,Federal Contract Tower,0,7,66,0,73,0,0,121,0,121,0,7,187,0,194,46,0,46,240
10/13/2019,APF,FL,ASO,ES,Federal Contract Tower,0,46,57,0,103,0,0,88,0,88,0,46,145,0,191,47,0,47,238
10/14/2019,APF,FL,ASO,ES,Federal Contract Tower,0,37,92,0,129,0,0,136,0,136,0,37,228,0,265,82,0,82,347
10/15/2019,APF,FL,ASO,ES,Federal Contract Tower,0,29,94,0,123,0,2,157,2,161,0,31,251,2,284,116,0,116,400
10/16/2019,APF,FL,ASO,ES,Federal Contract Tower,0,45,95,0,140,0,0,168,0,168,0,45,263,0,308,136,0,136,444
10/17/2019,APF,FL,ASO,ES,Federal Contract Tower,0,30,102,9,141,0,0,118,0,118,0,30,220,9,259,142,0,142,401
10/18/2019,APF,FL,ASO,ES,Federal Contract Tower,0,32,101,0,133,0,1,97,0,98,0,33,198,0,231,168,0,168,399
10/19/2019,APF,FL,ASO,ES,Federal Contract Tower,0,19,22,0,41,0,0,3,0,3,0,19,25,0,44,2,0,2,46
10/20/2019,APF,FL,ASO,ES,Federal Contract Tower,0,38,96,0,134,0,0,56,0,56,0,38,152,0,190,66,0,66,256
10/21/2019,APF,FL,ASO,ES,Federal Contract Tower,0,31,96,0,127,0,0,120,0,120,0,31,216,0,247,102,0,102,349
10/23/2019,APF,FL,ASO,ES,Federal Contract Tower,0,38,73,2,113,0,0,119,0,119,0,38,192,2,232,140,0,140,372
10/24/2019,APF,FL,ASO,ES,Federal Contract Tower,0,26,86,0,112,0,0,135,0,135,0,26,221,0,247,136,0,136,383
10/25/2019,APF,FL,ASO,ES,Federal Contract Tower,0,58,117,1,176,0,0,93,0,93,0,58,210,1,269,106,0,106,375
10/26/2019,APF,FL,ASO,ES,Federal Contract Tower,0,35,78,0,113,0,2,76,0,78,0,37,154,0,191,30,0,30,221
10/27/2019,APF,FL,ASO,ES,Federal Contract Tower,0,48,98,0,146,0,0,116,0,116,0,48,214,0,262,64,0,64,326
10/28/2019,APF,FL,ASO,ES,Federal Contract Tower,0,38,91,0,129,0,0,133,0,133,0,38,224,0,262,138,0,138,400
10/29/2019,APF,FL,ASO,ES,Federal Contract Tower,0,38,98,3,139,0,1,116,1,118,0,39,214,4,257,140,0,140,397
10/30/2019,APF,FL,ASO,ES,Federal Contract Tower,0,52,104,0,156,0,0,98,2,100,0,52,202,2,256,136,0,136,392
10/31/2019,APF,FL,ASO,ES,Federal Contract Tower,0,69,77,0,146,0,0,127,0,127,0,69,204,0,273,130,0,130,403
11/01/2019,APF,FL,ASO,ES,Federal Contract Tower,0,65,117,0,182,0,3,114,0,117,0,68,231,0,299,88,0,88,387
11/02/2019,APF,FL,ASO,ES,Federal Contract Tower,0,45,60,0,105,0,0,94,0,94,0,45,154,0,199,66,0,66,265
11/03/2019,APF,FL,ASO,ES,Federal Contract Tower,0,42,100,0,142,0,0,66,0,66,0,42,166,0,208,30,0,30,238
11/04/2019,APF,FL,ASO,ES,Federal Contract Tower,0,55,89,0,144,0,1,100,1,102,0,56,189,1,246,67,0,67,313
11/05/2019,APF,FL,ASO,ES,Federal Contract Tower,0,45,113,0,158,0,2,128,1,131,0,47,241,1,289,148,0,148,437
11/06/2019,APF,FL,ASO,ES,Federal Contract Tower,0,49,118,0,167,0,0,155,0,155,0,49,273,0,322,78,0,78,400
11/07/2019,APF,FL,ASO,ES,Federal Contract Tower,0,53,113,0,166,0,2,157,0,159,0,55,270,0,325,88,5,93,418
11/08/2019,APF,FL,ASO,ES,Federal Contract Tower,0,47,138,0,185,0,0,157,0,157,0,47,295,0,342,89,0,89,431
11/09/2019,APF,FL,ASO,ES,Federal Contract Tower,0,36,70,0,106,0,0,29,0,29,0,36,99,0,135,0,0,0,135
11/10/2019,APF,FL,ASO,ES,Federal Contract Tower,0,44,120,0,164,0,3,148,0,151,0,47,268,0,315,28,0,28,343
11/11/2019,APF,FL,ASO,ES,Federal Contract Tower,0,56,104,0,160,0,0,175,0,175,0,56,279,0,335,112,0,112,447
11/12/2019,APF,FL,ASO,ES,Federal Contract Tower,0,57,98,0,155,0,0,165,0,165,0,57,263,0,320,76,0,76,396
11/13/2019,APF,FL,ASO,ES,Federal Contract Tower,0,64,164,0,228,0,2,71,0,73,0,66,235,0,301,70,0,70,371
11/14/2019,APF,FL,ASO,ES,Federal Contract Tower,0,53,115,0,168,0,0,113,0,113,0,53,228,0,281,64,0,64,345
11/15/2019,APF,FL,ASO,ES,Federal Contract Tower,0,51,91,0,142,0,0,0,0,0,0,51,91,0,142,28,0,28,170
11/16/2019,APF,FL,ASO,ES,Federal Contract Tower,0,27,109,0,136,0,0,141,0,141,0,27,250,0,277,48,0,48,325
11/17/2019,APF,FL,ASO,ES,Federal Contract Tower,0,55,107,0,162,0,0,21,0,21,0,55,128,0,183,0,0,0,183
11/18/2019,APF,FL,ASO,ES,Federal Contract Tower,0,47,94,0,141,0,3,145,0,148,0,50,239,0,289,160,0,160,449
11/19/2019,APF,FL,ASO,ES,Federal Contract Tower,0,37,94,0,131,0,2,124,0,126,0,39,218,0,257,123,0,123,380
11/20/2019,APF,FL,ASO,ES,Federal Contract Tower,0,42,91,0,133,0,0,189,0,189,0,42,280,0,322,136,0,136,458
11/21/2019,APF,FL,ASO,ES,Federal Contract Tower,0,54,102,0,156,0,0,190,0,190,0,54,292,0,346,182,0,182,528
11/22/2019,APF,FL,ASO,ES,Federal Contract Tower,0,45,126,0,171,0,0,166,0,166,0,45,292,0,337,80,0,80,417
11/23/2019,APF,FL,ASO,ES,Federal Contract Tower,0,57,101,0,158,0,1,144,0,145,0,58,245,0,303,72,0,72,375
11/24/2019,APF,FL,ASO,ES,Federal Contract Tower,0,57,89,0,146,0,0,94,1,95,0,57,183,1,241,0,0,0,241
11/25/2019,APF,FL,ASO,ES,Federal Contract Tower,0,52,102,0,154,0,0,4,2,6,0,52,106,2,160,130,0,130,290
11/26/2019,APF,FL,ASO,ES,Federal Contract Tower,0,68,138,0,206,0,1,146,0,147,0,69,284,0,353,82,0,82,435
11/27/2019,APF,FL,ASO,ES,Federal Contract Tower,0,50,109,0,159,0,2,164,0,166,0,52,273,0,325,62,0,62,387
11/28/2019,APF,FL,ASO,ES,Federal Contract Tower,0,18,27,0,45,0,0,57,0,57,0,18,84,0,102,16,0,16,118
11/29/2019,APF,FL,ASO,ES,Federal Contract Tower,0,45,77,0,122,0,0,120,0,120,0,45,197,0,242,100,0,100,342
11/30/2019,APF,FL,ASO,ES,Federal Contract Tower,0,84,107,0,191,0,1,132,0,133,0,85,239,0,324,34,0,34,358
12/01/2019,APF,FL,ASO,ES,Federal Contract Tower,0,96,188,0,284,0,0,108,0,108,0,96,296,0,392,2,0,2,394
12/02/2019,APF,FL,ASO,ES,Federal Contract Tower,0,74,110,0,184,0,3,115,0,118,0,77,225,0,302,88,0,88,390
12/03/2019,APF,FL,ASO,ES,Federal Contract Tower,0,56,88,0,144,0,3,122,0,125,0,59,210,0,269,142,0,142,411
12/04/2019,APF,FL,ASO,ES,Federal Contract Tower,0,33,100,0,133,0,0,171,0,171,0,33,271,0,304,212,0,212,516
12/05/2019,APF,FL,ASO,ES,Federal Contract Tower,0,42,84,0,126,0,0,150,0,150,0,42,234,0,276,164,0,164,440
12/06/2019,APF,FL,ASO,ES,Federal Contract Tower,0,42,145,0,187,0,2,171,0,173,0,44,316,0,360,93,0,93,453
12/07/2019,APF,FL,ASO,ES,Federal Contract Tower,0,42,66,0,108,0,1,128,0,129,0,43,194,0,237,48,0,48,285
12/08/2019,APF,FL,ASO,ES,Federal Contract Tower,0,56,104,0,160,0,1,97,0,98,0,57,201,0,258,65,0,65,323
12/09/2019,APF,FL,ASO,ES,Federal Contract Tower,0,33,94,0,127,0,0,148,0,148,0,33,242,0,275,100,0,100,375
12/10/2019,APF,FL,ASO,ES,Federal Contract Tower,0,46,98,2,146,0,0,171,0,171,0,46,269,2,317,182,0,182,499
12/11/2019,APF,FL,ASO,ES,Federal Contract Tower,0,27,84,0,111,0,0,84,0,84,0,27,168,0,195,196,0,196,391
12/12/2019,APF,FL,ASO,ES,Federal Contract Tower,0,33,93,0,126,0,0,52,0,52,0,33,145,0,178,122,0,122,300
12/13/2019,APF,FL,ASO,ES,Federal Contract Tower,0,44,98,0,142,0,0,131,0,131,0,44,229,0,273,161,0,161,434
12/14/2019,APF,FL,ASO,ES,Federal Contract Tower,0,37,49,0,86,0,0,67,0,67,0,37,116,0,153,114,0,114,267
12/15/2019,APF,FL,ASO,ES,Federal Contract Tower,0,55,85,0,140,0,0,130,0,130,0,55,215,0,270,80,0,80,350
12/16/2019,APF,FL,ASO,ES,Federal Contract Tower,0,41,86,0,127,0,2,152,0,154,0,43,238,0,281,96,0,96,377
12/17/2019,APF,FL,ASO,ES,Federal Contract Tower,0,51,91,4,146,0,1,98,6,105,0,52,189,10,251,108,0,108,359
12/18/2019,APF,FL,ASO,ES,Federal Contract Tower,0,50,114,0,164,0,0,12,0,12,0,50,126,0,176,46,0,46,222
12/19/2019,APF,FL,ASO,ES,Federal Contract Tower,0,43,100,0,143,0,1,78,0,79,0,44,178,0,222,132,0,132,354
12/20/2019,APF,FL,ASO,ES,Federal Contract Tower,0,52,127,0,179,0,5,61,0,66,0,57,188,0,245,56,0,56,301
12/21/2019,APF,FL,ASO,ES,Federal Contract Tower,0,42,120,0,162,0,0,40,0,40,0,42,160,0,202,56,0,56,258
12/23/2019,APF,FL,ASO,ES,Federal Contract Tower,0,46,92,0,138,0,1,52,0,53,0,47,144,0,191,37,0,37,228
12/24/2019,APF,FL,ASO,ES,Federal Contract Tower,0,22,34,0,56,0,2,56,0,58,0,24,90,0,114,28,0,28,142
12/25/2019,APF,FL,ASO,ES,Federal Contract Tower,0,77,38,0,115,0,0,10,0,10,0,77,48,0,125,24,0,24,149
12/26/2019,APF,FL,ASO,ES,Federal Contract Tower,0,141,222,0,363,0,0,80,0,80,0,141,302,0,443,10,0,10,453
12/27/2019,APF,FL,ASO,ES,Federal Contract Tower,0,122,311,0,433,0,0,39,0,39,0,122,350,0,472,4,0,4,476
12/28/2019,APF,FL,ASO,ES,Federal Contract Tower,0,103,162,0,265,0,0,64,0,64,0,103,226,0,329,18,0,18,347
12/29/2019,APF,FL,ASO,ES,Federal Contract Tower,0,83,117,0,200,0,0,72,0,72,0,83,189,0,272,16,0,16,288
12/30/2019,APF,FL,ASO,ES,Federal Contract Tower,0,72,104,0,176,0,0,79,0,79,0,72,183,0,255,36,0,36,291
12/31/2019,APF,FL,ASO,ES,Federal Contract Tower,0,46,97,0,143,0,1,91,0,92,0,47,188,0,235,42,0,42,277
01/01/2020,APF,FL,ASO,ES,Federal Contract Tower,0,74,100,0,174,0,1,96,0,97,0,75,196,0,271,18,0,18,289
01/02/2020,APF,FL,ASO,ES,Federal Contract Tower,0,86,132,0,218,0,1,132,0,133,0,87,264,0,351,42,0,42,393
01/03/2020,APF,FL,ASO,ES,Federal Contract Tower,0,77,127,1,205,0,2,119,0,121,0,79,246,1,326,9,0,9,335
01/04/2020,APF,FL,ASO,ES,Federal Contract Tower,0,73,159,0,232,0,0,41,0,41,0,73,200,0,273,0,0,0,273
01/05/2020,APF,FL,ASO,ES,Federal Contract Tower,0,90,155,0,245,0,1,136,0,137,0,91,291,0,382,6,0,6,388
01/06/2020,APF,FL,ASO,ES,Federal Contract Tower,0,63,112,0,175,0,0,172,0,172,0,63,284,0,347,24,0,24,371
01/07/2020,APF,FL,ASO,ES,Federal Contract Tower,0,44,66,0,110,0,0,163,0,163,0,44,229,0,273,141,0,141,414
01/08/2020,APF,FL,ASO,ES,Federal Contract Tower,0,37,117,0,154,0,0,128,0,128,0,37,245,0,282,102,0,102,384
01/09/2020,APF,FL,ASO,ES,Federal Contract Tower,0,32,95,0,127,0,1,128,0,129,0,33,223,0,256,88,0,88,344
01/10/2020,APF,FL,ASO,ES,Federal Contract Tower,0,41,119,4,164,0,2,99,1,102,0,43,218,5,266,48,0,48,314
01/11/2020,APF,FL,ASO,ES,Federal Contract Tower,0,49,79,0,128,0,1,79,0,80,0,50,158,0,208,38,0,38,246
01/12/2020,APF,FL,ASO,ES,Federal Contract Tower,0,55,109,0,164,0,0,104,0,104,0,55,213,0,268,75,0,75,343
01/13/2020,APF,FL,ASO,ES,Federal Contract Tower,0,39,71,1,111,0,0,104,0,104,0,39,175,1,215,154,0,154,369
01/14/2020,APF,FL,ASO,ES,Federal Contract Tower,0,36,101,2,139,0,0,133,0,133,0,36,234,2,272,161,0,161,433
01/15/2020,APF,FL,ASO,ES,Federal Contract Tower,0,51,129,0,180,0,0,204,0,204,0,51,333,0,384,126,0,126,510
01/16/2020,APF,FL,ASO,ES,Federal Contract Tower,0,51,143,0,194,0,8,245,0,253,0,59,388,0,447,148,0,148,595
01/18/2020,APF,FL,ASO,ES,Federal Contract Tower,0,39,94,0,133,0,5,232,0,237,0,44,326,0,370,94,0,94,464
01/19/2020,APF,FL,ASO,ES,Federal Contract Tower,0,79,106,0,185,0,0,123,0,123,0,79,229,0,308,19,0,19,327
01/20/2020,APF,FL,ASO,ES,Federal Contract Tower,0,83,137,0,220,0,3,105,0,108,0,86,242,0,328,84,0,84,412
01/21/2020,APF,FL,ASO,ES,Federal Contract Tower,0,57,115,0,172,0,0,116,0,116,0,57,231,0,288,34,0,34,322
01/22/2020,APF,FL,ASO,ES,Federal Contract Tower,0,37,99,0,136,0,0,112,0,112,0,37,211,0,248,70,0,70,318
01/23/2020,APF,FL,ASO,ES,Federal Contract Tower,0,54,131,0,185,0,0,139,0,139,0,54,270,0,324,96,0,96,420
01/24/2020,APF,FL,ASO,ES,Federal Contract Tower,0,58,134,0,192,0,2,142,0,144,0,60,276,0,336,106,0,106,442
01/25/2020,APF,FL,ASO,ES,Federal Contract Tower,0,41,137,0,178,0,0,148,0,148,0,41,285,0,326,46,0,46,372
01/26/2020,APF,FL,ASO,ES,Federal Contract Tower,0,66,145,0,211,0,0,136,0,136,0,66,281,0,347,20,0,20,367
01/27/2020,APF,FL,ASO,ES,Federal Contract Tower,0,48,89,1,138,0,0,118,1,119,0,48,207,2,257,192,0,192,449
01/28/2020,APF,FL,ASO,ES,Federal Contract Tower,0,50,116,0,166,0,0,135,0,135,0,50,251,0,301,92,0,92,393
01/29/2020,APF,FL,ASO,ES,Federal Contract Tower,0,55,114,0,169,0,0,170,0,170,0,55,284,0,339,128,0,128,467
01/30/2020,APF,FL,ASO,ES,Federal Contract Tower,0,56,133,0,189,0,5,183,0,188,0,61,316,0,377,92,0,92,469
01/31/2020,APF,FL,ASO,ES,Federal Contract Tower,0,52,156,0,208,0,1,116,0,117,0,53,272,0,325,64,0,64,389
02/01/2020,APF,FL,ASO,ES,Federal Contract Tower,0,39,82,0,121,0,0,22,0,22,0,39,104,0,143,39,0,39,182
02/02/2020,APF,FL,ASO,ES,Federal Contract Tower,0,56,110,0,166,0,1,125,0,126,0,57,235,0,292,10,0,10,302
02/03/2020,APF,FL,ASO,ES,Federal Contract Tower,0,70,175,0,245,0,2,172,0,174,0,72,347,0,419,74,0,74,493
02/04/2020,APF,FL,ASO,ES,Federal Contract Tower,0,60,113,0,173,0,0,152,0,152,0,60,265,0,325,99,0,99,424
02/05/2020,APF,FL,ASO,ES,Federal Contract Tower,0,51,120,0,171,0,3,134,0,137,0,54,254,0,308,68,0,68,376
02/06/2020,APF,FL,ASO,ES,Federal Contract Tower,0,60,112,0,172,0,0,48,0,48,0,60,160,0,220,23,0,23,243
02/07/2020,APF,FL,ASO,ES,Federal Contract Tower,0,53,155,0,208,0,1,102,0,103,0,54,257,0,311,30,0,30,341
02/08/2020,APF,FL,ASO,ES,Federal Contract Tower,0,63,108,0,171,0,0,176,0,176,0,63,284,0,347,27,0,27,374
02/09/2020,APF,FL,ASO,ES,Federal Contract Tower,0,67,132,0,199,0,1,111,0,112,0,68,243,0,311,16,0,16,327
02/10/2020,APF,FL,ASO,ES,Federal Contract Tower,0,45,106,0,151,0,1,125,0,126,0,46,231,0,277,64,0,64,341
02/11/2020,APF,FL,ASO,ES,Federal Contract Tower,0,47,135,2,184,0,0,150,0,150,0,47,285,2,334,120,0,120,454
02/12/2020,APF,FL,ASO,ES,Federal Contract Tower,0,66,151,0,217,0,0,130,0,130,0,66,281,0,347,32,0,32,379
02/13/2020,APF,FL,ASO,ES,Federal Contract Tower,0,75,176,0,251,0,0,118,0,118,0,75,294,0,369,20,0,20,389
02/14/2020,APF,FL,ASO,ES,Federal Contract Tower,0,77,166,0,243,0,0,84,0,84,0,77,250,0,327,28,0,28,355
02/15/2020,APF,FL,ASO,ES,Federal Contract Tower,0,63,138,0,201,0,0,0,0,0,0,63,138,0,201,48,0,48,249
02/16/2020,APF,FL,ASO,ES,Federal Contract Tower,0,75,120,0,195,0,0,94,0,94,0,75,214,0,289,8,0,8,297
02/17/2020,APF,FL,ASO,ES,Federal Contract Tower,0,95,174,0,269,0,0,152,0,152,0,95,326,0,421,64,0,64,485
02/18/2020,APF,FL,ASO,ES,Federal Contract Tower,0,83,150,4,237,0,0,185,0,185,0,83,335,4,422,98,0,98,520
02/19/2020,APF,FL,ASO,ES,Federal Contract Tower,0,70,157,0,227,0,0,137,0,137,0,70,294,0,364,101,0,101,465
02/20/2020,APF,FL,ASO,ES,Federal Contract Tower,0,57,191,0,248,0,0,184,0,184,0,57,375,0,432,68,0,68,500
02/21/2020,APF,FL,ASO,ES,Federal Contract Tower,0,64,167,1,232,0,0,41,0,41,0,64,208,1,273,28,0,28,301
02/22/2020,APF,FL,ASO,ES,Federal Contract Tower,0,62,149,0,211,0,0,170,0,170,0,62,319,0,381,44,0,44,425
02/23/2020,APF,FL,ASO,ES,Federal Contract Tower,0,61,151,0,212,0,0,157,0,157,0,61,308,0,369,8,0,8,377
02/24/2020,APF,FL,ASO,ES,Federal Contract Tower,0,48,129,0,177,0,0,146,0,146,0,48,275,0,323,76,0,76,399
02/25/2020,APF,FL,ASO,ES,Federal Contract Tower,0,44,125,0,169,0,0,156,0,156,0,44,281,0,325,92,0,92,417
02/26/2020,APF,FL,ASO,ES,Federal Contract Tower,0,54,124,0,178,0,0,63,2,65,0,54,187,2,243,44,0,44,287
02/27/2020,APF,FL,ASO,ES,Federal Contract Tower,0,62,181,0,243,0,0,113,0,113,0,62,294,0,356,52,0,52,408
02/28/2020,APF,FL,ASO,ES,Federal Contract Tower,0,57,130,0,187,0,0,167,0,167,0,57,297,0,354,52,0,52,406
02/29/2020,APF,FL,ASO,ES,Federal Contract Tower,0,39,110,0,149,0,0,135,0,135,0,39,245,0,284,48,0,48,332
03/01/2020,APF,FL,ASO,ES,Federal Contract Tower,0,70,162,0,232,0,4,165,0,169,0,74,327,0,401,51,0,51,452
03/02/2020,APF,FL,ASO,ES,Federal Contract Tower,0,39,100,8,147,0,1,106,2,109,0,40,206,10,256,168,0,168,424
03/03/2020,APF,FL,ASO,ES,Federal Contract Tower,0,50,109,0,159,0,1,124,2,127,0,51,233,2,286,162,0,162,448
03/04/2020,APF,FL,ASO,ES,Federal Contract Tower,0,38,123,0,161,0,0,120,2,122,0,38,243,2,283,78,0,78,361
03/05/2020,APF,FL,ASO,ES,Federal Contract Tower,0,53,114,0,167,0,0,84,0,84,0,53,198,0,251,74,0,74,325
03/07/2020,APF,FL,ASO,ES,Federal Contract Tower,0,52,113,0,165,0,0,132,0,132,0,52,245,0,297,56,0,56,353
03/08/2020,APF,FL,ASO,ES,Federal Contract Tower,0,88,150,7,245,0,3,79,0,82,0,91,229,7,327,16,0,16,343
03/09/2020,APF,FL,ASO,ES,Federal Contract Tower,0,58,112,0,170,0,5,90,0,95,0,63,202,0,265,56,0,56,321
03/10/2020,APF,FL,ASO,ES,Federal Contract Tower,0,52,114,0,166,0,0,147,1,148,0,52,261,1,314,102,0,102,416
03/11/2020,APF,FL,ASO,ES,Federal Contract Tower,0,62,117,0,179,0,0,158,2,160,0,62,275,2,339,152,0,152,491
03/12/2020,APF,FL,ASO,ES,Federal Contract Tower,0,66,149,0,215,0,1,178,0,179,0,67,327,0,394,76,0,76,470
03/13/2020,APF,FL,ASO,ES,Federal Contract Tower,0,81,172,0,253,0,0,221,0,221,0,81,393,0,474,30,0,30,504
03/14/2020,APF,FL,ASO,ES,Federal Contract Tower,0,101,124,0,225,0,0,141,0,141,0,101,265,0,366,74,0,74,440
03/15/2020,APF,FL,ASO,ES,Federal Contract Tower,0,95,143,0,238,0,0,107,0,107,0,95,250,0,345,26,0,26,371
03/16/2020,APF,FL,ASO,ES,Federal Contract Tower,0,97,135,0,232,0,2,122,0,124,0,99,257,0,356,100,0,100,456
03/17/2020,APF,FL,ASO,ES,Federal Contract Tower,0,96,137,0,233,0,0,135,2,137,0,96,272,2,370,73,0,73,443
03/18/2020,APF,FL,ASO,ES,Federal Contract Tower,0,61,143,0,204,0,0,124,0,124,0,61,267,0,328,92,0,92,420
03/19/2020,APF,FL,ASO,ES,Federal Contract Tower,0,66,118,0,184,0,0,110,0,110,0,66,228,0,294,54,0,54,348
03/20/2020,APF,FL,ASO,ES,Federal Contract Tower,0,76,130,0,206,0,0,100,0,100,0,76,230,0,306,86,0,86,392
03/21/2020,APF,FL,ASO,ES,Federal Contract Tower,0,76,119,0,195,0,0,82,0,82,0,76,201,0,277,78,0,78,355
03/22/2020,APF,FL,ASO,ES,Federal Contract Tower,0,46,67,0,113,0,0,55,0,55,0,46,122,0,168,6,0,6,174
03/23/2020,APF,FL,ASO,ES,Federal Contract Tower,0,37,87,2,126,0,0,98,0,98,0,37,185,2,224,98,0,98,322
03/24/2020,APF,FL,ASO,ES,Federal Contract Tower,0,29,71,0,100,0,0,98,0,98,0,29,169,0,198,89,0,89,287
03/25/2020,APF,FL,ASO,ES,Federal Contract Tower,0,31,77,0,108,0,0,77,0,77,0,31,154,0,185,192,0,192,377
03/26/2020,APF,FL,ASO,ES,Federal Contract Tower,0,24,109,0,133,0,0,93,0,93,0,24,202,0,226,66,0,66,292
03/27/2020,APF,FL,ASO,ES,Federal Contract Tower,0,31,65,0,96,0,0,103,0,103,0,31,168,0,199,36,0,36,235
03/28/2020,APF,FL,ASO,ES,Federal Contract Tower,0,34,55,0,89,0,0,121,0,121,0,34,176,0,210,30,0,30,240
03/29/2020,APF,FL,ASO,ES,Federal Contract Tower,0,25,42,0,67,0,0,71,0,71,0,25,113,0,138,36,0,36,174
03/30/2020,APF,FL,ASO,ES,Federal Contract Tower,0,31,62,0,93,0,0,80,0,80,0,31,142,0,173,34,0,34,207
03/31/2020,APF,FL,ASO,ES,Federal Contract Tower,0,44,51,0,95,0,0,82,0,82,0,44,133,0,177,53,0,53,230
04/01/2020,APF,FL,ASO,ES,Federal Contract Tower,0,27,36,0,63,0,2,62,0,64,0,29,98,0,127,90,0,90,217
04/02/2020,APF,FL,ASO,ES,Federal Contract Tower,0,33,45,0,78,0,0,117,0,117,0,33,162,0,195,66,0,66,261
04/03/2020,APF,FL,ASO,ES,Federal Contract Tower,0,25,50,0,75,0,2,75,0,77,0,27,125,0,152,70,0,70,222
04/04/2020,APF,FL,ASO,ES,Federal Contract Tower,0,35,36,0,71,0,0,89,0,89,0,35,125,0,160,44,0,44,204
04/05/2020,APF,FL,ASO,ES,Federal Contract Tower,0,29,38,0,67,0,0,42,0,42,0,29,80,0,109,44,0,44,153
04/06/2020,APF,FL,ASO,ES,Federal Contract Tower,0,26,39,0,65,0,0,21,0,21,0,26,60,0,86,38,0,38,124
04/08/2020,APF,FL,ASO,ES,Federal Contract Tower,0,30,61,0,91,0,0,81,0,81,0,30,142,0,172,70,0,70,242
04/09/2020,APF,FL,ASO,ES,Federal Contract Tower,0,20,56,0,76,0,1,63,0,64,0,21,119,0,140,2,0,2,142
04/10/2020,APF,FL,ASO,ES,Federal Contract Tower,0,26,47,0,73,0,0,24,0,24,0,26,71,0,97,18,0,18,115
04/11/2020,APF,FL,ASO,ES,Federal Contract Tower,0,20,53,0,73,0,2,56,0,58,0,22,109,0,131,84,0,84,215
04/12/2020,APF,FL,ASO,ES,Federal Contract Tower,0,11,16,0,27,0,0,14,0,14,0,11,30,0,41,8,0,8,49
04/13/2020,APF,FL,ASO,ES,Federal Contract Tower,0,13,44,0,57,0,1,36,0,37,0,14,80,0,94,68,0,68,162
04/14/2020,APF,FL,ASO,ES,Federal Contract Tower,0,24,59,0,83,0,0,90,0,90,0,24,149,0,173,34,0,34,207
04/15/2020,APF,FL,ASO,ES,Federal Contract Tower,0,20,71,0,91,0,0,60,0,60,0,20,131,0,151,28,0,28,179
04/16/2020,APF,FL,ASO,ES,Federal Contract Tower,0,30,49,0,79,0,0,32,0,32,0,30,81,0,111,38,0,38,149
04/17/2020,APF,FL,ASO,ES,Federal Contract Tower,0,23,43,0,66,0,1,53,0,54,0,24,96,0,120,38,0,38,158
04/18/2020,APF,FL,ASO,ES,Federal Contract Tower,0,22,33,0,55,0,0,69,0,69,0,22,102,0,124,6,0,6,130
04/19/2020,APF,FL,ASO,ES,Federal Contract Tower,0,17,48,0,65,0,0,105,0,105,0,17,153,0,170,33,0,33,203
04/20/2020,APF,FL,ASO,ES,Federal Contract Tower,0,18,32,0,50,0,0,22,0,22,0,18,54,0,72,22,0,22,94
04/21/2020,APF,FL,ASO,ES,Federal Contract Tower,0,12,48,0,60,0,4,65,0,69,0,16,113,0,129,48,0,48,177
04/22/2020,APF,FL,ASO,ES,Federal Contract Tower,0,25,66,0,91,0,1,104,0,105,0,26,170,0,196,98,0,98,294
04/23/2020,APF,FL,ASO,ES,Federal Contract Tower,0,29,54,0,83,0,0,68,0,68,0,29,122,0,151,58,0,58,209
04/24/2020,APF,FL,ASO,ES,Federal Contract Tower,0,29,30,0,59,0,0,40,0,40,0,29,70,0,99,22,0,22,121
04/25/2020,APF,FL,ASO,ES,Federal Contract Tower,0,26,29,0,55,0,0,19,0,19,0,26,48,0,74,42,0,42,116
04/26/2020,APF,FL,ASO,ES,Federal Contract Tower,0,37,15,0,52,0,0,8,0,8,0,37,23,0,60,0,0,0,60
04/27/2020,APF,FL,ASO,ES,Federal Contract Tower,0,29,52,0,81,0,1,127,0,128,0,30,179,0,209,52,14,66,275
04/28/2020,APF,FL,ASO,ES,Federal Contract Tower,0,27,59,0,86,0,1,111,0,112,0,28,170,0,198,74,0,74,272
04/29/2020,APF,FL,ASO,ES,Federal Contract Tower,0,38,58,0,96,0,0,116,0,116,0,38,174,0,212,48,0,48,260
04/30/2020,APF,FL,ASO,ES,Federal Contract Tower,0,33,41,0,74,0,0,5,0,5,0,33,46,0,79,0,0,0,79
05/01/2020,APF,FL,ASO,ES,Federal Contract Tower,0,56,51,0,107,0,0,117,0,117,0,56,168,0,224,38,0,38,262
05/02/2020,APF,FL,ASO,ES,Federal Contract Tower,0,31,62,0,93,0,0,97,0,97,0,31,159,0,190,54,0,54,244
05/03/2020,APF,FL,ASO,ES,Federal Contract Tower,0,25,43,0,68,0,1,87,0,88,0,26,130,0,156,84,0,84,240
05/04/2020,APF,FL,ASO,ES,Federal Contract Tower,0,31,58,0,89,0,0,90,0,90,0,31,148,0,179,53,0,53,232
05/05/2020,APF,FL,ASO,ES,Federal Contract Tower,0,26,77,0,103,0,2,118,1,121,0,28,195,1,224,44,0,44,268
05/06/2020,APF,FL,ASO,ES,Federal Contract Tower,0,39,72,0,111,0,1,100,0,101,0,40,172,0,212,20,0,20,232
05/07/2020,APF,FL,ASO,ES,Federal Contract Tower,0,46,57,0,103,0,0,72,0,72,0,46,129,0,175,56,0,56,231
05/08/2020,APF,FL,ASO,ES,Federal Contract Tower,0,44,79,0,123,0,0,101,0,101,0,44,180,0,224,46,0,46,270
05/09/2020,APF,FL,ASO,ES,Federal Contract Tower,0,50,66,0,116,0,0,119,0,119,0,50,185,0,235,32,0,32,267
05/10/2020,APF,FL,ASO,ES,Federal Contract Tower,0,33,38,0,71,0,0,6,0,6,0,33,44,0,77,0,0,0,77
05/11/2020,APF,FL,ASO,ES,Federal Contract Tower,0,42,62,0,104,0,1,70,0,71,0,43,132,0,175,28,0,28,203
05/12/2020,APF,FL,ASO,ES,Federal Contract Tower,0,42,74,0,116,0,2,103,0,105,0,44,177,0,221,64,0,64,285
05/13/2020,APF,FL,ASO,ES,Federal Contract Tower,0,43,68,0,111,0,0,62,0,62,0,43,130,0,173,42,0,42,215
05/14/2020,APF,FL,ASO,ES,Federal Contract Tower,0,58,70,0,128,0,0,49,0,49,0,58,119,0,177,12,0,12,189
05/15/2020,APF,FL,ASO,ES,Federal Contract Tower,0,62,67,0,129,0,0,26,0,26,0,62,93,0,155,24,0,24,179
05/16/2020,APF,FL,ASO,ES,Federal Contract Tower,0,50,59,0,109,0,0,57,0,57,0,50,116,0,166,46,0,46,212
05/17/2020,APF,FL,ASO,ES,Federal Contract Tower,0,61,94,0,155,0,0,98,0,98,0,61,192,0,253,28,0,28,281
05/18/2020,APF,FL,ASO,ES,Federal Contract Tower,0,64,69,0,133,0,2,45,0,47,0,66,114,0,180,42,0,42,222
05/19/2020,APF,FL,ASO,ES,Federal Contract Tower,0,47,62,0,109,0,0,50,0,50,0,47,112,0,159,64,0,64,223
05/20/2020,APF,FL,ASO,ES,Federal Contract Tower,0,66,102,0,168,0,1,130,0,131,0,67,232,0,299,40,0,40,339
05/21/2020,APF,FL,ASO,ES,Federal Contract Tower,0,71,87,0,158,0,0,118,0,118,0,71,205,0,276,54,0,54,330
05/22/2020,APF,FL,ASO,ES,Federal Contract Tower,0,47,86,0,133,0,0,86,0,86,0,47,172,0,219,10,0,10,229
05/23/2020,APF,FL,ASO,ES,Federal Contract Tower,0,50,60,0,110,0,0,66,0,66,0,50,126,0,176,0,0,0,176
05/24/2020,APF,FL,ASO,ES,Federal Contract Tower,0,32,38,0,70,0,0,5,0,5,0,32,43,0,75,0,0,0,75
05/25/2020,APF,FL,ASO,ES,Federal Contract Tower,0,40,66,0,106,0,0,26,0,26,0,40,92,0,132,44,0,44,176
05/26/2020,APF,FL,ASO,ES,Federal Contract Tower,0,60,91,2,153,0,1,78,0,79,0,61,169,2,232,39,0,39,271
05/27/2020,APF,FL,ASO,ES,Federal Contract Tower,0,62,77,0,139,0,0,78,0,78,0,62,155,0,217,54,0,54,271
05/28/2020,APF,FL,ASO,ES,Federal Contract Tower,0,57,70,0,127,0,0,93,0,93,0,57,163,0,220,34,0,34,254
05/29/2020,APF,FL,ASO,ES,Federal Contract Tower,0,52,100,2,154,0,0,103,0,103,0,52,203,2,257,6,0,6,263
05/30/2020,APF,FL,ASO,ES,Federal Contract Tower,0,54,80,0,134,0,0,114,0,114,0,54,194,0,248,32,0,32,280
05/31/2020,APF,FL,ASO,ES,Federal Contract Tower,0,69,94,0,163,0,0,107,0,107,0,69,201,0,270,22,0,22,292
06/01/2020,APF,FL,ASO,ES,Federal Contract Tower,0,60,97,0,157,0,0,99,0,99,0,60,196,0,256,38,0,38,294
06/02/2020,APF,FL,ASO,ES,Federal Contract Tower,0,45,54,0,99,0,0,82,2,84,0,45,136,2,183,32,0,32,215
06/03/2020,APF,FL,ASO,ES,Federal Contract Tower,0,55,54,0,109,0,0,64,0,64,0,55,118,0,173,52,0,52,225
06/04/2020,APF,FL,ASO,ES,Federal Contract Tower,0,54,65,0,119,0,0,82,0,82,0,54,147,0,201,30,0,30,231
06/05/2020,APF,FL,ASO,ES,Federal Contract Tower,0,43,59,0,102,0,0,78,0,78,0,43,137,0,180,50,0,50,230
06/06/2020,APF,FL,ASO,ES,Federal Contract Tower,0,37,71,0,108,0,0,31,0,31,0,37,102,0,139,0,0,0,139
06/07/2020,APF,FL,ASO,ES,Federal Contract Tower,0,41,48,0,89,0,44,0,0,44,0,85,48,0,133,8,0,8,141
06/08/2020,APF,FL,ASO,ES,Federal Contract Tower,0,32,92,0,124,0,0,91,8,99,0,32,183,8,223,70,0,70,293
06/09/2020,APF,FL,ASO,ES,Federal Contract Tower,0,59,84,0,143,0,0,106,0,106,0,59,190,0,249,30,0,30,279
06/10/2020,APF,FL,ASO,ES,Federal Contract Tower,0,54,68,0,122,0,2,116,0,118,0,56,184,0,240,74,0,74,314
06/11/2020,APF,FL,ASO,ES,Federal Contract Tower,0,42,70,0,112,0,2,100,0,102,0,44,170,0,214,56,0,56,270
06/12/2020,APF,FL,ASO,ES,Federal Contract Tower,0,57,112,0,169,0,0,126,0,126,0,57,238,0,295,18,0,18,313
06/13/2020,APF,FL,ASO,ES,Federal Contract Tower,0,42,60,0,102,0,2,67,0,69,0,44,127,0,171,4,0,4,175
06/14/2020,APF,FL,ASO,ES,Federal Contract Tower,0,38,78,0,116,0,0,40,0,40,0,38,118,0,156,44,0,44,200
06/15/2020,APF,FL,ASO,ES,Federal Contract Tower,0,28,72,0,100,0,3,74,0,77,0,31,146,0,177,37,0,37,214
06/17/2020,APF,FL,ASO,ES,Federal Contract Tower,0,32,55,0,87,0,0,98,0,98,0,32,153,0,185,36,0,36,221
06/18/2020,APF,FL,ASO,ES,Federal Contract Tower,0,33,79,0,112,0,1,43,0,44,0,34,122,0,156,38,0,38,194
06/19/2020,APF,FL,ASO,ES,Federal Contract Tower,0,52,76,0,128,0,0,86,0,86,0,52,162,0,214,68,0,68,282
06/20/2020,APF,FL,ASO,ES,Federal Contract Tower,0,46,63,0,109,0,2,82,0,84,0,48,145,0,193,16,0,16,209
06/21/2020,APF,FL,ASO,ES,Federal Contract Tower,0,30,45,0,75,0,0,50,0,50,0,30,95,0,125,2,0,2,127
06/22/2020,APF,FL,ASO,ES,Federal Contract Tower,0,37,84,0,121,0,0,100,0,100,0,37,184,0,221,36,0,36,257
06/23/2020,APF,FL,ASO,ES,Federal Contract Tower,0,43,60,0,103,0,3,107,0,110,0,46,167,0,213,70,0,70,283
06/24/2020,APF,FL,ASO,ES,Federal Contract Tower,0,57,96,0,153,0,0,129,0,129,0,57,225,0,282,30,0,30,312
06/25/2020,APF,FL,ASO,ES,Federal Contract Tower,0,48,83,7,138,0,2,81,0,83,0,50,164,7,221,46,0,46,267
06/26/2020,APF,FL,ASO,ES,Federal Contract Tower,0,32,94,0,126,0,2,114,0,116,0,34,208,0,242,50,0,50,292
06/27/2020,APF,FL,ASO,ES,Federal Contract Tower,0,38,70,2,110,0,1,76,0,77,0,39,146,2,187,12,0,12,199
06/28/2020,APF,FL,ASO,ES,Federal Contract Tower,0,29,60,0,89,0,2,96,0,98,0,31,156,0,187,39,0,39,226
06/29/2020,APF,FL,ASO,ES,Federal Contract Tower,0,39,78,0,117,0,0,89,0,89,0,39,167,0,206,66,0,66,272
06/30/2020,APF,FL,ASO,ES,Federal Contract Tower,0,37,81,0,118,0,0,94,0,94,0,37,175,0,212,47,0,47,259
07/01/2020,APF,FL,ASO,ES,Federal Contract Tower,0,30,103,0,133,0,0,102,0,102,0,30,205,0,235,74,0,74,309
07/02/2020,APF,FL,ASO,ES,Federal Contract Tower,0,23,86,0,109,0,0,93,0,93,0,23,179,0,202,74,0,74,276
07/03/2020,APF,FL,ASO,ES,Federal Contract Tower,0,25,79,0,104,0,0,97,0,97,0,25,176,0,201,36,0,36,237
07/04/2020,APF,FL,ASO,ES,Federal Contract Tower,0,30,26,0,56,0,0,52,0,52,0,30,78,0,108,30,0,30,138
07/05/2020,APF,FL,ASO,ES,Federal Contract Tower,0,26,51,0,77,0,0,54,0,54,0,26,105,0,131,36,0,36,167
07/06/2020,APF,FL,ASO,ES,Federal Contract Tower,0,34,57,4,95,0,0,20,0,20,0,34,77,4,115,6,0,6,121
07/07/2020,APF,FL,ASO,ES,Federal Contract Tower,0,48,67,0,115,0,0,92,3,95,0,48,159,3,210,40,0,40,250
07/08/2020,APF,FL,ASO,ES,Federal Contract Tower,0,29,74,0,103,0,0,68,4,72,0,29,142,4,175,50,0,50,225
07/09/2020,APF,FL,ASO,ES,Federal Contract Tower,0,19,50,0,69,0,0,97,0,97,0,19,147,0,166,40,0,40,206
07/10/2020,APF,FL,ASO,ES,Federal Contract Tower,0,33,54,4,91,0,0,85,0,85,0,33,139,4,176,82,0,82,258
07/11/2020,APF,FL,ASO,ES,Federal Contract Tower,0,28,39,0,67,0,0,39,0,39,0,28,78,0,106,11,0,11,117
07/12/2020,APF,FL,ASO,ES,Federal Contract Tower,0,23,42,0,65,0,2,25,0,27,0,25,67,0,92,14,0,14,106
07/13/2020,APF,FL,ASO,ES,Federal Contract Tower,0,19,54,0,73,0,1,84,0,85,0,20,138,0,158,46,0,46,204
07/14/2020,APF,FL,ASO,ES,Federal Contract Tower,0,17,53,0,70,0,0,100,0,100,0,17,153,0,170,36,0,36,206
07/15/2020,APF,FL,ASO,ES,Federal Contract Tower,0,29,76,1,106,0,0,85,1,86,0,29,161,2,192,70,0,70,262
07/16/2020,APF,FL,ASO,ES,Federal Contract Tower,0,24,71,0,95,0,0,91,0,91,0,24,162,0,186,32,2,34,220
07/17/2020,APF,FL,ASO,ES,Federal Contract Tower,0,17,65,0,82,0,0,63,0,63,0,17,128,0,145,62,0,62,207
07/18/2020,APF,FL,ASO,ES,Federal Contract Tower,0,17,44,0,61,0,0,65,0,65,0,17,109,0,126,28,0,28,154
07/19/2020,APF,FL,ASO,ES,Federal Contract Tower,0,23,35,0,58,0,2,55,0,57,0,25,90,0,115,38,0,38,153
07/20/2020,APF,FL,ASO,ES,Federal Contract Tower,0,23,55,2,80,0,1,99,0,100,0,24,154,2,180,80,0,80,260
07/21/2020,APF,FL,ASO,ES,Federal Contract Tower,0,17,41,0,58,0,2,44,0,46,0,19,85,0,104,66,0,66,170
07/22/2020,APF,FL,ASO,ES,Federal Contract Tower,0,23,44,0,67,0,0,36,0,36,0,23,80,0,103,56,0,56,159
07/23/2020,APF,FL,ASO,ES,Federal Contract Tower,0,10,34,0,44,0,0,53,0,53,0,10,87,0,97,98,0,98,195
07/24/2020,APF,FL,ASO,ES,Federal Contract Tower,0,13,49,0,62,0,1,74,0,75,0,14,123,0,137,35,0,35,172
07/25/2020,APF,FL,ASO,ES,Federal Contract Tower,0,21,49,0,70,0,0,89,0,89,0,21,138,0,159,79,0,79,238
07/26/2020,APF,FL,ASO,ES,Federal Contract Tower,0,22,43,0,65,0,0,69,0,69,0,22,112,0,134,28,0,28,162
07/27/2020,APF,FL,ASO,ES,Federal Contract Tower,0,15,45,0,60,0,0,122,0,122,0,15,167,0,182,56,0,56,238
07/28/2020,APF,FL,ASO,ES,Federal Contract Tower,0,19,62,0,81,0,0,92,0,92,0,19,154,0,173,34,0,34,207
07/29/2020,APF,FL,ASO,ES,Federal Contract Tower,0,34,52,0,86,0,0,108,0,108,0,34,160,0,194,52,0,52,246
07/30/2020,APF,FL,ASO,ES,Federal Contract Tower,0,30,54,0,84,0,0,115,0,115,0,30,169,0,199,66,0,66,265
07/31/2020,APF,FL,ASO,ES,Federal Contract Tower,0,21,62,0,83,0,0,104,0,104,0,21,166,0,187,36,0,36,223
08/01/2020,APF,FL,ASO,ES,Federal Contract Tower,0,20,36,0,56,0,0,58,0,58,0,20,94,0,114,30,0,30,144
08/02/2020,APF,FL,ASO,ES,Federal Contract Tower,0,26,23,0,49,0,0,0,0,0,0,26,23,0,49,6,0,6,55
08/03/2020,APF,FL,ASO,ES,Federal Contract Tower,0,18,56,0,74,0,3,93,0,96,0,21,149,0,170,68,0,68,238
08/04/2020,APF,FL,ASO,ES,Federal Contract Tower,0,18,62,0,80,0,0,86,2,88,0,18,148,2,168,22,0,22,190
08/05/2020,APF,FL,ASO,ES,Federal Contract Tower,0,19,111,0,130,0,0,33,0,33,0,19,144,0,163,16,0,16,179
08/06/2020,APF,FL,ASO,ES,Federal Contract Tower,0,32,52,0,84,0,0,127,0,127,0,32,179,0,211,38,0,38,249
08/07/2020,APF,FL,ASO,ES,Federal Contract Tower,0,17,51,0,68,0,0,98,0,98,0,17,149,0,166,46,0,46,212
08/08/2020,APF,FL,ASO,ES,Federal Contract Tower,0,22,45,0,67,0,0,91,0,91,0,22,136,0,158,10,0,10,168
08/09/2020,APF,FL,ASO,ES,Federal Contract Tower,0,24,50,0,74,0,0,65,0,65,0,24,115,0,139,30,0,30,169
08/10/2020,APF,FL,ASO,ES,Federal Contract Tower,0,27,51,2,80,0,0,81,0,81,0,27,132,2,161,54,0,54,215
08/11/2020,APF,FL,ASO,ES,Federal Contract Tower,0,13,54,0,67,0,0,93,0,93,0,13,147,0,160,38,0,38,198
08/12/2020,APF,FL,ASO,ES,Federal Contract Tower,0,23,54,0,77,0,0,83,2,85,0,23,137,2,162,86,6,92,254
08/13/2020,APF,FL,ASO,ES,Federal Contract Tower,0,22,69,0,91,0,2,90,0,92,0,24,159,0,183,80,0,80,263
08/14/2020,APF,FL,ASO,ES,Federal Contract Tower,0,15,83,0,98,0,0,110,0,110,0,15,193,0,208,44,0,44,252
08/15/2020,APF,FL,ASO,ES,Federal Contract Tower,0,22,41,0,63,0,0,83,0,83,0,22,124,0,146,28,8,36,182
08/16/2020,APF,FL,ASO,ES,Federal Contract Tower,0,24,33,0,57,0,0,63,0,63,0,24,96,0,120,62,0,62,182
08/17/2020,APF,FL,ASO,ES,Federal Contract Tower,0,24,41,0,65,0,1,74,0,75,0,25,115,0,140,57,0,57,197
08/18/2020,APF,FL,ASO,ES,Federal Contract Tower,0,24,57,0,81,0,4,81,0,85,0,28,138,0,166,64,0,64,230
08/19/2020,APF,FL,ASO,ES,Federal Contract Tower,0,26,59,0,85,0,0,86,0,86,0,26,145,0,171,38,0,38,209
08/20/2020,APF,FL,ASO,ES,Federal Contract Tower,0,31,61,0,92,0,0,67,0,67,0,31,128,0,159,72,0,72,231
08/21/2020,APF,FL,ASO,ES,Federal Contract Tower,0,33,61,0,94,0,0,87,0,87,0,33,148,0,181,38,0,38,219
08/22/2020,APF,FL,ASO,ES,Federal Contract Tower,0,15,25,4,44,0,0,45,0,45,0,15,70,4,89,26,0,26,115
08/23/2020,APF,FL,ASO,ES,Federal Contract Tower,0,23,47,0,70,0,0,46,0,46,0,23,93,0,116,20,0,20,136
08/24/2020,APF,FL,ASO,ES,Federal Contract Tower,0,16,26,0,42,0,0,26,0,26,0,16,52,0,68,4,0,4,72
08/25/2020,APF,FL,ASO,ES,Federal Contract Tower,0,18,40,0,58,0,0,66,0,66,0,18,106,0,124,52,0,52,176
08/26/2020,APF,FL,ASO,ES,Federal Contract Tower,0,18,40,0,58,0,0,84,0,84,0,18,124,0,142,20,0,20,162
08/27/2020,APF,FL,ASO,ES,Federal Contract Tower,0,16,46,2,64,0,1,66,0,67,0,17,112,2,131,36,0,36,167
08/28/2020,APF,FL,ASO,ES,Federal Contract Tower,0,17,62,0,79,0,0,84,0,84,0,17,146,0,163,18,0,18,181
08/29/2020,APF,FL,ASO,ES,Federal Contract Tower,0,9,36,0,45,0,0,59,0,59,0,9,95,0,104,40,0,40,144
08/30/2020,APF,FL,ASO,ES,Federal Contract Tower,0,24,54,0,78,0,0,51,0,51,0,24,105,0,129,41,0,41,170
08/31/2020,APF,FL,ASO,ES,Federal Contract Tower,0,14,47,0,61,0,0,57,10,67,0,14,104,10,128,40,0,40,168
09/01/2020,APF,FL,ASO,ES,Federal Contract Tower,0,13,37,0,50,0,2,68,0,70,0,15,105,0,120,18,0,18,138
09/02/2020,APF,FL,ASO,ES,Federal Contract Tower,0,16,61,0,77,0,0,84,0,84,0,16,145,0,161,34,0,34,195
09/03/2020,APF,FL,ASO,ES,Federal Contract Tower,0,36,61,0,97,0,0,56,0,56,0,36,117,0,153,38,0,38,191
09/04/2020,APF,FL,ASO,ES,Federal Contract Tower,0,20,74,0,94,0,2,75,0,77,0,22,149,0,171,26,0,26,197
09/05/2020,APF,FL,ASO,ES,Federal Contract Tower,0,12,27,0,39,0,0,69,0,69,0,12,96,0,108,30,0,30,138
09/06/2020,APF,FL,ASO,ES,Federal Contract Tower,0,15,16,0,31,0,0,31,0,31,0,15,47,0,62,16,0,16,78
09/07/2020,APF,FL,ASO,ES,Federal Contract Tower,0,25,69,0,94,0,1,58,0,59,0,26,127,0,153,18,0,18,171
09/08/2020,APF,FL,ASO,ES,Federal Contract Tower,0,33,71,0,104,0,0,59,0,59,0,33,130,0,163,24,0,24,187
09/09/2020,APF,FL,ASO,ES,Federal Contract Tower,0,24,49,0,73,0,0,27,0,27,0,24,76,0,100,6,0,6,106
09/10/2020,APF,FL,ASO,ES,Federal Contract Tower,0,23,55,4,82,0,3,56,0,59,0,26,111,4,141,54,0,54,195
09/11/2020,APF,FL,ASO,ES,Federal Contract Tower,0,18,39,0,57,0,0,91,0,91,0,18,130,0,148,66,0,66,214
09/12/2020,APF,FL,ASO,ES,Federal Contract Tower,0,14,27,0,41,0,0,3,0,3,0,14,30,0,44,8,0,8,52
09/13/2020,APF,FL,ASO,ES,Federal Contract Tower,0,25,44,0,69,0,0,8,0,8,0,25,52,0,77,0,0,0,77
09/14/2020,APF,FL,ASO,ES,Federal Contract Tower,0,21,43,0,64,0,1,41,0,42,0,22,84,0,106,16,0,16,122
09/15/2020,APF,FL,ASO,ES,Federal Contract Tower,0,33,63,0,96,0,3,101,0,104,0,36,164,0,200,52,0,52,252
09/16/2020,APF,FL,ASO,ES,Federal Contract Tower,0,33,71,0,104,0,0,83,2,85,0,33,154,2,189,42,0,42,231
09/17/2020,APF,FL,ASO,ES,Federal Contract Tower,0,26,68,0,94,0,1,108,0,109,0,27,176,0,203,24,0,24,227
09/18/2020,APF,FL,ASO,ES,Federal Contract Tower,0,24,54,0,78,0,0,57,0,57,0,24,111,0,135,23,0,23,158
09/19/2020,APF,FL,ASO,ES,Federal Contract Tower,0,19,41,0,60,0,2,111,0,113,0,21,152,0,173,63,0,63,236
09/20/2020,APF,FL,ASO,ES,Federal Contract Tower,0,31,79,0,110,0,0,58,0,58,0,31,137,0,168,10,0,10,178
09/21/2020,APF,FL,ASO,ES,Federal Contract Tower,0,28,56,0,84,0,0,41,0,41,0,28,97,0,125,12,0,12,137
09/22/2020,APF,FL,ASO,ES,Federal Contract Tower,0,28,63,0,91,0,2,100,0,102,0,30,163,0,193,62,0,62,255
09/23/2020,APF,FL,ASO,ES,Federal Contract Tower,0,30,65,2,97,0,0,137,2,139,0,30,202,4,236,86,0,86,322
09/24/2020,APF,FL,ASO,ES,Federal Contract Tower,0,31,87,0,118,0,0,116,0,116,0,31,203,0,234,46,0,46,280
09/25/2020,APF,FL,ASO,ES,Federal Contract Tower,0,29,67,0,96,0,0,89,0,89,0,29,156,0,185,52,0,52,237
09/26/2020,APF,FL,ASO,ES,Federal Contract Tower,0,25,38,0,63,0,0,109,0,109,0,25,147,0,172,32,0,32,204
09/27/2020,APF,FL,ASO,ES,Federal Contract Tower,0,35,65,0,100,0,1,74,0,75,0,36,139,0,175,30,0,30,205
09/28/2020,APF,FL,ASO,ES,Federal Contract Tower,0,32,65,0,97,0,0,86,0,86,0,32,151,0,183,75,0,75,258
09/29/2020,APF,FL,ASO,ES,Federal Contract Tower,0,35,58,0,93,0,1,77,0,78,0,36,135,0,171,46,0,46,217
09/30/2020,APF,FL,ASO,ES,Federal Contract Tower,0,36,70,0,106,0,0,26,0,26,0,36,96,0,132,30,0,30,162
10/01/2020,APF,FL,ASO,ES,Federal Contract Tower,0,49,91,0,140,0,0,69,0,69,0,49,160,0,209,60,0,60,269
10/02/2020,APF,FL,ASO,ES,Federal Contract Tower,0,41,69,0,110,0,0,34,0,34,0,41,103,0,144,31,0,31,175
10/03/2020,APF,FL,ASO,ES,Federal Contract Tower,0,30,51,0,81,0,0,38,0,38,0,30,89,0,119,14,0,14,133
10/04/2020,APF,FL,ASO,ES,Federal Contract Tower,0,42,74,0,116,0,0,4,0,4,0,42,78,0,120,8,0,8,128
10/05/2020,APF,FL,ASO,ES,Federal Contract Tower,0,26,78,4,108,0,2,44,0,46,0,28,122,4,154,26,0,26,180
10/06/2020,APF,FL,ASO,ES,Federal Contract Tower,0,29,75,0,104,0,0,85,0,85,0,29,160,0,189,51,0,51,240
10/07/2020,APF,FL,ASO,ES,Federal Contract Tower,0,36,68,0,104,0,2,120,0,122,0,38,188,0,226,84,0,84,310
10/08/2020,APF,FL,ASO,ES,Federal Contract Tower,0,42,102,0,144,0,2,148,0,150,0,44,250,0,294,62,0,62,356
10/09/2020,APF,FL,ASO,ES,Federal Contract Tower,0,34,64,4,102,0,2,90,0,92,0,36,154,4,194,76,0,76,270
10/10/2020,APF,FL,ASO,ES,Federal Contract Tower,0,33,57,0,90,0,0,64,0,64,0,33,121,0,154,22,0,22,176
10/11/2020,APF,FL,ASO,ES,Federal Contract Tower,0,45,69,0,114,0,0,59,0,59,0,45,128,0,173,16,0,16,189
10/12/2020,APF,FL,ASO,ES,Federal Contract Tower,0,40,79,4,123,0,0,83,0,83,0,40,162,4,206,52,0,52,258
10/13/2020,APF,FL,ASO,ES,Federal Contract Tower,0,59,76,4,139,0,0,111,0,111,0,59,187,4,250,38,0,38,288
10/14/2020,APF,FL,ASO,ES,Federal Contract Tower,0,63,103,0,166,0,1,111,0,112,0,64,214,0,278,64,0,64,342
10/15/2020,APF,FL,ASO,ES,Federal Contract Tower,0,87,113,0,200,0,0,123,0,123,0,87,236,0,323,56,0,56,379
10/16/2020,APF,FL,ASO,ES,Federal Contract Tower,0,52,92,0,144,0,2,59,0,61,0,54,151,0,205,21,0,21,226
10/17/2020,APF,FL,ASO,ES,Federal Contract Tower,0,66,74,4,144,0,0,71,0,71,0,66,145,4,215,42,0,42,257
10/18/2020,APF,FL,ASO,ES,Federal Contract Tower,0,64,93,2,159,0,2,49,0,51,0,66,142,2,210,22,0,22,232
10/19/2020,APF,FL,ASO,ES,Federal Contract Tower,0,48,78,4,130,0,0,20,0,20,0,48,98,4,150,8,0,8,158
10/20/2020,APF,FL,ASO,ES,Federal Contract Tower,0,52,97,0,149,0,0,38,0,38,0,52,135,0,187,30,0,30,217
10/21/2020,APF,FL,ASO,ES,Federal Contract Tower,0,65,64,6,135,0,0,32,0,32,0,65,96,6,167,14,0,14,181
10/22/2020,APF,FL,ASO,ES,Federal Contract Tower,0,49,119,0,168,0,0,76,0,76,0,49,195,0,244,22,0,22,266
10/23/2020,APF,FL,ASO,ES,Federal Contract Tower,0,53,101,0,154,0,0,131,0,131,0,53,232,0,285,42,0,42,327
10/24/2020,APF,FL,ASO,ES,Federal Contract Tower,0,62,88,0,150,0,0,99,0,99,0,62,187,0,249,57,0,57,306
10/25/2020,APF,FL,ASO,ES,Federal Contract Tower,0,52,74,0,126,0,0,18,0,18,0,52,92,0,144,24,0,24,168
10/26/2020,APF,FL,ASO,ES,Federal Contract Tower,0,38,89,0,127,0,2,95,0,97,0,40,184,0,224,92,0,92,316
10/27/2020,APF,FL,ASO,ES,Federal Contract Tower,0,48,84,0,132,0,0,126,0,126,0,48,210,0,258,78,0,78,336
10/28/2020,APF,FL,ASO,ES,Federal Contract Tower,0,67,93,0,160,0,1,123,0,124,0,68,216,0,284,50,4,54,338
10/29/2020,APF,FL,ASO,ES,Federal Contract Tower,0,57,113,0,170,0,0,115,0,115,0,57,228,0,285,50,0,50,335
10/30/2020,APF,FL,ASO,ES,Federal Contract Tower,0,76,89,0,165,0,2,93,0,95,0,78,182,0,260,36,0,36,296
10/31/2020,APF,FL,ASO,ES,Federal Contract Tower,0,60,95,1,156,0,0,124,0,124,0,60,219,1,280,132,0,132,412
11/01/2020,APF,FL,ASO,ES,Federal Contract Tower,0,66,133,0,199,0,0,107,0,107,0,66,240,0,306,32,0,32,338
11/02/2020,APF,FL,ASO,ES,Federal Contract Tower,0,50,101,0,151,0,3,64,0,67,0,53,165,0,218,14,0,14,232
11/03/2020,APF,FL,ASO,ES,Federal Contract Tower,0,39,64,0,103,0,0,100,0,100,0,39,164,0,203,100,0,100,303
11/04/2020,APF,FL,ASO,ES,Federal Contract Tower,0,50,89,0,139,0,3,92,0,95,0,53,181,0,234,42,0,42,276
11/05/2020,APF,FL,ASO,ES,Federal Contract Tower,0,58,88,0,146,0,2,72,0,74,0,60,160,0,220,64,0,64,284
11/06/2020,APF,FL,ASO,ES,Federal Contract Tower,0,66,102,1,169,0,2,76,0,78,0,68,178,1,247,90,0,90,337
11/07/2020,APF,FL,ASO,ES,Federal Contract Tower,0,59,84,4,147,0,0,44,0,44,0,59,128,4,191,20,0,20,211
11/08/2020,APF,FL,ASO,ES,Federal Contract Tower,0,47,70,0,117,0,0,1,0,1,0,47,71,0,118,0,0,0,118
11/09/2020,APF,FL,ASO,ES,Federal Contract Tower,0,19,14,0,33,0,0,0,0,0,0,19,14,0,33,0,0,0,33
11/10/2020,APF,FL,ASO,ES,Federal Contract Tower,0,39,52,0,91,0,2,32,0,34,0,41,84,0,125,56,0,56,181
11/11/2020,APF,FL,ASO,ES,Federal Contract Tower,0,33,33,0,66,0,0,4,0,4,0,33,37,0,70,0,0,0,70
11/12/2020,APF,FL,ASO,ES,Federal Contract Tower,0,66,87,0,153,0,0,66,0,66,0,66,153,0,219,46,0,46,265
11/13/2020,APF,FL,ASO,ES,Federal Contract Tower,0,72,115,0,187,0,1,142,0,143,0,73,257,0,330,54,2,56,386
11/14/2020,APF,FL,ASO,ES,Federal Contract Tower,0,52,104,0,156,0,0,37,0,37,0,52,141,0,193,48,0,48,241
11/15/2020,APF,FL,ASO,ES,Federal Contract Tower,0,50,108,0,158,0,1,85,0,86,0,51,193,0,244,12,0,12,256
11/16/2020,APF,FL,ASO,ES,Federal Contract Tower,0,58,125,0,183,0,0,147,0,147,0,58,272,0,330,105,0,105,435
11/17/2020,APF,FL,ASO,ES,Federal Contract Tower,0,52,86,0,138,0,7,123,0,130,0,59,209,0,268,38,0,38,306
11/18/2020,APF,FL,ASO,ES,Federal Contract Tower,0,72,94,0,166,0,1,101,0,102,0,73,195,0,268,77,0,77,345
11/19/2020,APF,FL,ASO,ES,Federal Contract Tower,0,78,141,0,219,0,0,97,0,97,0,78,238,0,316,70,0,70,386
11/20/2020,APF,FL,ASO,ES,Federal Contract Tower,0,108,149,0,257,0,0,73,0,73,0,108,222,0,330,54,0,54,384
11/21/2020,APF,FL,ASO,ES,Federal Contract Tower,0,103,134,0,237,0,0,82,0,82,0,103,216,0,319,0,0,0,319
11/22/2020,APF,FL,ASO,ES,Federal Contract Tower,0,89,145,0,234,0,2,85,0,87,0,91,230,0,321,48,0,48,369
11/23/2020,APF,FL,ASO,ES,Federal Contract Tower,0,82,124,4,210,0,0,74,0,74,0,82,198,4,284,46,0,46,330
11/24/2020,APF,FL,ASO,ES,Federal Contract Tower,0,59,140,2,201,0,0,136,0,136,0,59,276,2,337,95,0,95,432
11/25/2020,APF,FL,ASO,ES,Federal Contract Tower,0,63,132,0,195,0,0,84,0,84,0,63,216,0,279,74,0,74,353
11/26/2020,APF,FL,ASO,ES,Federal Contract Tower,0,14,20,0,34,0,0,69,0,69,0,14,89,0,103,54,0,54,157
11/27/2020,APF,FL,ASO,ES,Federal Contract Tower,0,64,96,0,160,0,0,161,0,161,0,64,257,0,321,34,0,34,355
11/28/2020,APF,FL,ASO,ES,Federal Contract Tower,0,86,131,0,217,0,1,128,0,129,0,87,259,0,346,100,0,100,446
11/29/2020,APF,FL,ASO,ES,Federal Contract Tower,0,125,174,0,299,0,0,88,0,88,0,125,262,0,387,11,0,11,398
11/30/2020,APF,FL,ASO,ES,Federal Contract Tower,0,90,111,0,201,0,0,53,0,53,0,90,164,0,254,73,0,73,327
12/01/2020,APF,FL,ASO,ES,Federal Contract Tower,0,81,137,0,218,0,0,141,0,141,0,81,278,0,359,72,0,72,431
12/02/2020,APF,FL,ASO,ES,Federal Contract Tower,0,54,126,0,180,0,0,127,0,127,0,54,253,0,307,102,0,102,409
12/03/2020,APF,FL,ASO,ES,Federal Contract Tower,0,64,97,0,161,0,0,166,0,166,0,64,263,0,327,100,0,100,427
12/04/2020,APF,FL,ASO,ES,Federal Contract Tower,0,47,90,0,137,0,0,103,0,103,0,47,193,0,240,88,0,88,328
12/05/2020,APF,FL,ASO,ES,Federal Contract Tower,0,51,99,0,150,0,0,65,0,65,0,51,164,0,215,52,0,52,267
12/06/2020,APF,FL,ASO,ES,Federal Contract Tower,0,72,120,0,192,0,0,103,0,103,0,72,223,0,295,14,0,14,309
12/07/2020,APF,FL,ASO,ES,Federal Contract Tower,0,57,78,0,135,0,0,22,0,22,0,57,100,0,157,4,0,4,161
12/08/2020,APF,FL,ASO,ES,Federal Contract Tower,0,50,78,4,132,0,0,121,0,121,0,50,199,4,253,60,0,60,313
12/09/2020,APF,FL,ASO,ES,Federal Contract Tower,0,62,107,0,169,0,0,143,2,145,0,62,250,2,314,48,0,48,362
12/10/2020,APF,FL,ASO,ES,Federal Contract Tower,0,53,107,0,160,0,0,155,5,160,0,53,262,5,320,68,0,68,388
12/11/2020,APF,FL,ASO,ES,Federal Contract Tower,0,72,120,0,192,0,0,147,0,147,0,72,267,0,339,89,0,89,428
12/12/2020,APF,FL,ASO,ES,Federal Contract Tower,0,48,84,0,132,0,0,100,0,100,0,48,184,0,232,53,0,53,285
12/13/2020,APF,FL,ASO,ES,Federal Contract Tower,0,63,117,6,186,0,0,93,0,93,0,63,210,6,279,21,4,25,304
12/14/2020,APF,FL,ASO,ES,Federal Contract Tower,0,47,90,0,137,0,0,76,0,76,0,47,166,0,213,54,0,54,267
12/15/2020,APF,FL,ASO,ES,Federal Contract Tower,0,51,106,0,157,0,1,38,0,39,0,52,144,0,196,26,0,26,222
12/16/2020,APF,FL,ASO,ES,Federal Contract Tower,0,68,87,0,155,0,0,86,0,86,0,68,173,0,241,46,0,46,287
12/17/2020,APF,FL,ASO,ES,Federal Contract Tower,0,59,133,0,192,0,1,71,0,72,0,60,204,0,264,32,0,32,296
12/18/2020,APF,FL,ASO,ES,Federal Contract Tower,0,81,150,0,231,0,0,141,0,141,0,81,291,0,372,46,0,46,418
12/19/2020,APF,FL,ASO,ES,Federal Contract Tower,0,96,135,0,231,0,0,123,0,123,0,96,258,0,354,22,0,22,376
12/20/2020,APF,FL,ASO,ES,Federal Contract Tower,0,91,129,0,220,0,0,90,0,90,0,91,219,0,310,8,0,8,318
12/21/2020,APF,FL,ASO,ES,Federal Contract Tower,0,68,106,1,175,0,0,75,0,75,0,68,181,1,250,22,0,22,272
12/22/2020,APF,FL,ASO,ES,Federal Contract Tower,0,66,105,1,172,0,2,97,0,99,0,68,202,1,271,53,0,53,324
12/23/2020,APF,FL,ASO,ES,Federal Contract Tower,0,77,136,0,213,0,1,108,0,109,0,78,244,0,322,36,0,36,358
12/24/2020,APF,FL,ASO,ES,Federal Contract Tower,0,27,36,0,63,0,0,42,0,42,0,27,78,0,105,20,0,20,125
12/25/2020,APF,FL,ASO,ES,Federal Contract Tower,0,84,35,0,119,0,0,42,0,42,0,84,77,0,161,12,0,12,173
12/26/2020,APF,FL,ASO,ES,Federal Contract Tower,0,131,228,0,359,0,4,101,0,105,0,135,329,0,464,10,0,10,474
12/27/2020,APF,FL,ASO,ES,Federal Contract Tower,0,140,210,0,350,0,0,121,0,121,0,140,331,0,471,5,0,5,476
12/28/2020,APF,FL,ASO,ES,Federal Contract Tower,0,161,158,0,319,0,2,96,0,98,0,163,254,0,417,0,0,0,417
12/29/2020,APF,FL,ASO,ES,Federal Contract Tower,0,123,142,0,265,0,6,114,0,120,0,129,256,0,385,2,0,2,387
12/30/2020,APF,FL,ASO,ES,Federal Contract Tower,0,124,144,0,268,0,0,85,0,85,0,124,229,0,353,6,0,6,359
12/31/2020,APF,FL,ASO,ES,Federal Contract Tower,0,84,104,0,188,0,0,57,0,57,0,84,161,0,245,2,0,2,247
01/01/2021,APF,FL,ASO,ES,Federal Contract Tower,0,75,90,1,166,0,2,50,0,52,0,77,140,1,218,15,0,15,233
01/02/2021,APF,FL,ASO,ES,Federal Contract Tower,0,170,183,0,353,0,0,38,0,38,0,170,221,0,391,0,0,0,391
01/03/2021,APF,FL,ASO,ES,Federal Contract Tower,0,132,243,0,375,0,0,63,0,63,0,132,306,0,438,0,0,0,438
01/04/2021,APF,FL,ASO,ES,Federal Contract Tower,0,102,157,0,259,0,1,82,0,83,0,103,239,0,342,0,0,0,342
01/05/2021,APF,FL,ASO,ES,Federal Contract Tower,0,97,133,0,230,0,0,129,0,129,0,97,262,0,359,51,0,51,410
01/06/2021,APF,FL,ASO,ES,Federal Contract Tower,0,58,119,0,177,0,2,103,0,105,0,60,222,0,282,50,0,50,332
01/07/2021,APF,FL,ASO,ES,Federal Contract Tower,0,68,108,0,176,0,0,159,0,159,0,68,267,0,335,52,0,52,387
01/08/2021,APF,FL,ASO,ES,Federal Contract Tower,0,76,125,0,201,0,0,112,0,112,0,76,237,0,313,46,0,46,359
01/09/2021,APF,FL,ASO,ES,Federal Contract Tower,0,94,122,0,216,0,2,97,0,99,0,96,219,0,315,22,0,22,337
01/10/2021,APF,FL,ASO,ES,Federal Contract Tower,0,87,167,2,256,0,2,102,0,104,0,89,269,2,360,6,0,6,366
01/11/2021,APF,FL,ASO,ES,Federal Contract Tower,0,78,105,0,183,0,0,119,0,119,0,78,224,0,302,48,0,48,350
01/12/2021,APF,FL,ASO,ES,Federal Contract Tower,0,57,127,0,184,0,0,37,0,37,0,57,164,0,221,34,0,34,255
01/13/2021,APF,FL,ASO,ES,Federal Contract Tower,0,70,82,0,152,0,0,82,0,82,0,70,164,0,234,24,0,24,258
01/14/2021,APF,FL,ASO,ES,Federal Contract Tower,0,64,113,0,177,0,1,184,0,185,0,65,297,0,362,48,0,48,410
01/15/2021,APF,FL,ASO,ES,Federal Contract Tower,0,77,133,0,210,0,0,161,0,161,0,77,294,0,371,49,0,49,420
01/16/2021,APF,FL,ASO,ES,Federal Contract Tower,0,80,92,0,172,0,1,70,0,71,0,81,162,0,243,16,0,16,259
01/17/2021,APF,FL,ASO,ES,Federal Contract Tower,0,77,135,0,212,0,0,99,0,99,0,77,234,0,311,26,0,26,337
01/18/2021,APF,FL,ASO,ES,Federal Contract Tower,0,73,148,0,221,0,0,131,0,131,0,73,279,0,352,62,0,62,414
01/19/2021,APF,FL,ASO,ES,Federal Contract Tower,0,43,109,1,153,0,0,162,1,163,0,43,271,2,316,58,6,64,380
01/20/2021,APF,FL,ASO,ES,Federal Contract Tower,0,50,113,0,163,0,0,147,0,147,0,50,260,0,310,60,0,60,370
01/21/2021,APF,FL,ASO,ES,Federal Contract Tower,0,70,124,0,194,0,4,160,0,164,0,74,284,0,358,40,0,40,398
01/22/2021,APF,FL,ASO,ES,Federal Contract Tower,0,74,168,0,242,0,2,215,0,217,0,76,383,0,459,48,0,48,507
01/23/2021,APF,FL,ASO,ES,Federal Contract Tower,0,89,117,0,206,0,4,164,0,168,0,93,281,0,374,58,0,58,432
01/24/2021,APF,FL,ASO,ES,Federal Contract Tower,0,85,166,0,251,0,1,87,0,88,0,86,253,0,339,18,0,18,357
01/25/2021,APF,FL,ASO,ES,Federal Contract Tower,0,67,151,10,228,0,3,112,0,115,0,70,263,10,343,70,0,70,413
01/26/2021,APF,FL,ASO,ES,Federal Contract Tower,0,59,139,1,199,0,0,123,0,123,0,59,262,1,322,50,0,50,372
01/27/2021,APF,FL,ASO,ES,Federal Contract Tower,0,75,168,0,243,0,0,63,0,63,0,75,231,0,306,32,0,32,338
01/28/2021,APF,FL,ASO,ES,Federal Contract Tower,0,80,128,0,208,0,2,99,0,101,0,82,227,0,309,26,0,26,335
01/29/2021,APF,FL,ASO,ES,Federal Contract Tower,0,88,143,0,231,0,2,141,0,143,0,90,284,0,374,40,0,40,414
01/30/2021,APF,FL,ASO,ES,Federal Contract Tower,0,93,133,0,226,0,0,94,0,94,0,93,227,0,320,26,0,26,346
01/31/2021,APF,FL,ASO,ES,Federal Contract Tower,0,64,153,0,217,0,1,83,0,84,0,65,236,0,301,18,0,18,319
02/01/2021,APF,FL,ASO,ES,Federal Contract Tower,0,50,91,2,143,0,2,30,0,32,0,52,121,2,175,12,0,12,187
02/02/2021,APF,FL,ASO,ES,Federal Contract Tower,0,41,119,0,160,0,0,22,0,22,0,41,141,0,182,17,0,17,199
02/03/2021,APF,FL,ASO,ES,Federal Contract Tower,0,56,137,0,193,0,0,171,0,171,0,56,308,0,364,36,0,36,400
02/04/2021,APF,FL,ASO,ES,Federal Contract Tower,0,67,118,0,185,0,2,190,0,192,0,69,308,0,377,66,0,66,443
02/05/2021,APF,FL,ASO,ES,Federal Contract Tower,0,84,135,0,219,0,0,161,0,161,0,84,296,0,380,92,0,92,472
02/06/2021,APF,FL,ASO,ES,Federal Contract Tower,0,76,112,0,188,0,1,67,0,68,0,77,179,0,256,90,0,90,346
02/07/2021,APF,FL,ASO,ES,Federal Contract Tower,0,54,114,0,168,0,0,8,0,8,0,54,122,0,176,0,0,0,176
02/08/2021,APF,FL,ASO,ES,Federal Contract Tower,0,75,157,0,232,0,1,75,0,76,0,76,232,0,308,51,0,51,359
02/09/2021,APF,FL,ASO,ES,Federal Contract Tower,0,53,142,0,195,0,0,106,0,106,0,53,248,0,301,44,0,44,345
02/10/2021,APF,FL,ASO,ES,Federal Contract Tower,0,71,172,0,243,0,0,193,0,193,0,71,365,0,436,74,0,74,510
02/11/2021,APF,FL,ASO,ES,Federal Contract Tower,0,89,172,2,263,0,0,150,0,150,0,89,322,2,413,62,0,62,475
02/12/2021,APF,FL,ASO,ES,Federal Contract Tower,0,104,167,0,271,0,0,126,0,126,0,104,293,0,397,14,0,14,411
02/13/2021,APF,FL,ASO,ES,Federal Contract Tower,0,100,155,0,255,0,0,93,0,93,0,100,248,0,348,8,0,8,356
02/14/2021,APF,FL,ASO,ES,Federal Contract Tower,0,99,121,0,220,0,1,87,0,88,0,100,208,0,308,2,0,2,310
02/15/2021,APF,FL,ASO,ES,Federal Contract Tower,0,95,182,0,277,0,0,117,0,117,0,95,299,0,394,12,2,14,408
02/16/2021,APF,FL,ASO,ES,Federal Contract Tower,0,109,145,0,254,0,0,68,0,68,0,109,213,0,322,16,0,16,338
02/17/2021,APF,FL,ASO,ES,Federal Contract Tower,0,101,171,0,272,0,1,91,0,92,0,102,262,0,364,70,0,70,434
02/18/2021,APF,FL,ASO,ES,Federal Contract Tower,0,70,159,0,229,0,0,153,0,153,0,70,312,0,382,58,0,58,440
02/19/2021,APF,FL,ASO,ES,Federal Contract Tower,0,81,145,0,226,0,4,70,0,74,0,85,215,0,300,36,0,36,336
02/20/2021,APF,FL,ASO,ES,Federal Contract Tower,0,94,242,0,336,0,0,171,0,171,0,94,413,0,507,2,0,2,509
02/21/2021,APF,FL,ASO,ES,Federal Contract Tower,0,137,199,2,338,0,1,106,0,107,0,138,305,2,445,10,0,10,455
02/22/2021,APF,FL,ASO,ES,Federal Contract Tower,0,79,149,0,228,0,0,131,0,131,0,79,280,0,359,40,0,40,399
02/23/2021,APF,FL,ASO,ES,Federal Contract Tower,0,70,149,0,219,0,1,150,0,151,0,71,299,0,370,54,0,54,424
02/24/2021,APF,FL,ASO,ES,Federal Contract Tower,0,87,137,0,224,0,2,117,0,119,0,89,254,0,343,20,0,20,363
02/25/2021,APF,FL,ASO,ES,Federal Contract Tower,0,98,162,0,260,0,0,198,0,198,0,98,360,0,458,84,0,84,542
02/26/2021,APF,FL,ASO,ES,Federal Contract Tower,0,91,137,0,228,0,2,152,0,154,0,93,289,0,382,32,0,32,414
02/27/2021,APF,FL,ASO,ES,Federal Contract Tower,0,101,149,0,250,0,6,156,0,162,0,107,305,0,412,2,0,2,414
02/28/2021,APF,FL,ASO,ES,Federal Contract Tower,0,111,168,0,279,0,4,90,0,94,0,115,258,0,373,8,0,8,381
03/01/2021,APF,FL,ASO,ES,Federal Contract Tower,0,75,147,0,222,0,3,117,0,120,0,78,264,0,342,44,0,44,386
03/02/2021,APF,FL,ASO,ES,Federal Contract Tower,0,73,115,0,188,0,0,97,0,97,0,73,212,0,285,44,0,44,329
03/03/2021,APF,FL,ASO,ES,Federal Contract Tower,0,74,152,2,228,0,2,62,0,64,0,76,214,2,292,0,0,0,292
03/04/2021,APF,FL,ASO,ES,Federal Contract Tower,0,88,153,3,244,0,0,174,0,174,0,88,327,3,418,72,0,72,490
03/05/2021,APF,FL,ASO,ES,Federal Contract Tower,0,87,151,0,238,0,0,177,0,177,0,87,328,0,415,54,0,54,469
03/06/2021,APF,FL,ASO,ES,Federal Contract Tower,0,77,90,5,172,0,0,29,0,29,0,77,119,5,201,10,0,10,211
03/07/2021,APF,FL,ASO,ES,Federal Contract Tower,0,93,145,3,241,0,2,71,1,74,0,95,216,4,315,4,0,4,319
03/08/2021,APF,FL,ASO,ES,Federal Contract Tower,0,69,123,0,192,0,7,104,0,111,0,76,227,0,303,6,0,6,309
03/09/2021,APF,FL,ASO,ES,Federal Contract Tower,0,81,120,0,201,0,0,125,0,125,0,81,245,0,326,53,0,53,379
03/10/2021,APF,FL,ASO,ES,Federal Contract Tower,0,69,127,0,196,0,0,111,0,111,0,69,238,0,307,24,0,24,331
03/11/2021,APF,FL,ASO,ES,Federal Contract Tower,0,77,158,0,235,0,0,86,0,86,0,77,244,0,321,32,0,32,353
03/12/2021,APF,FL,ASO,ES,Federal Contract Tower,0,88,184,1,273,0,0,147,0,147,0,88,331,1,420,98,0,98,518
03/13/2021,APF,FL,ASO,ES,Federal Contract Tower,0,127,140,0,267,0,4,146,0,150,0,131,286,0,417,41,0,41,458
03/14/2021,APF,FL,ASO,ES,Federal Contract Tower,0,112,165,0,277,0,0,132,0,132,0,112,297,0,409,28,0,28,437
03/15/2021,APF,FL,ASO,ES,Federal Contract Tower,0,78,141,0,219,0,0,115,0,115,0,78,256,0,334,28,0,28,362
03/16/2021,APF,FL,ASO,ES,Federal Contract Tower,0,54,141,1,196,0,2,144,0,146,0,56,285,1,342,60,0,60,402
03/17/2021,APF,FL,ASO,ES,Federal Contract Tower,0,79,114,0,193,0,1,140,0,141,0,80,254,0,334,64,0,64,398
03/18/2021,APF,FL,ASO,ES,Federal Contract Tower,0,96,153,2,251,0,1,100,0,101,0,97,253,2,352,56,0,56,408
03/19/2021,APF,FL,ASO,ES,Federal Contract Tower,0,110,166,0,276,0,1,116,0,117,0,111,282,0,393,32,0,32,425
03/20/2021,APF,FL,ASO,ES,Federal Contract Tower,0,117,195,1,313,0,1,120,0,121,0,118,315,1,434,36,0,36,470
03/21/2021,APF,FL,ASO,ES,Federal Contract Tower,0,113,178,2,293,0,0,81,0,81,0,113,259,2,374,2,0,2,376
03/22/2021,APF,FL,ASO,ES,Federal Contract Tower,0,87,160,0,247,0,2,126,0,128,0,89,286,0,375,72,0,72,447
03/23/2021,APF,FL,ASO,ES,Federal Contract Tower,0,68,129,0,197,0,2,142,0,144,0,70,271,0,341,98,0,98,439
03/24/2021,APF,FL,ASO,ES,Federal Contract Tower,0,79,140,0,219,0,4,178,0,182,0,83,318,0,401,94,0,94,495
03/25/2021,APF,FL,ASO,ES,Federal Contract Tower,0,103,170,2,275,0,1,101,0,102,0,104,271,2,377,12,0,12,389
03/26/2021,APF,FL,ASO,ES,Federal Contract Tower,0,118,223,2,343,0,5,111,0,116,0,123,334,2,459,3,0,3,462
03/27/2021,APF,FL,ASO,ES,Federal Contract Tower,0,134,173,0,307,0,0,118,0,118,0,134,291,0,425,14,0,14,439
03/28/2021,APF,FL,ASO,ES,Federal Contract Tower,0,100,126,0,226,0,0,122,0,122,0,100,248,0,348,10,0,10,358
03/29/2021,APF,FL,ASO,ES,Federal Contract Tower,0,71,145,0,216,0,1,143,0,144,0,72,288,0,360,66,0,66,426
03/30/2021,APF,FL,ASO,ES,Federal Contract Tower,0,74,116,0,190,0,1,110,2,113,0,75,226,2,303,54,0,54,357
03/31/2021,APF,FL,ASO,ES,Federal Contract Tower,0,90,148,0,238,0,0,134,0,134,0,90,282,0,372,20,0,20,392
04/01/2021,APF,FL,ASO,ES,Federal Contract Tower,0,132,208,0,340,0,4,96,0,100,0,136,304,0,440,6,0,6,446
04/02/2021,APF,FL,ASO,ES,Federal Contract Tower,0,117,168,0,285,0,0,88,0,88,0,117,256,0,373,12,0,12,385
04/03/2021,APF,FL,ASO,ES,Federal Contract Tower,0,88,149,0,237,0,0,84,0,84,0,88,233,0,321,14,0,14,335
04/04/2021,APF,FL,ASO,ES,Federal Contract Tower,0,104,112,0,216,0,0,63,0,63,0,104,175,0,279,20,0,20,299
04/05/2021,APF,FL,ASO,ES,Federal Contract Tower,0,138,190,0,328,0,0,155,0,155,0,138,345,0,483,32,0,32,515
04/06/2021,APF,FL,ASO,ES,Federal Contract Tower,0,106,134,0,240,0,3,152,0,155,0,109,286,0,395,30,0,30,425
04/07/2021,APF,FL,ASO,ES,Federal Contract Tower,0,92,127,0,219,0,0,147,0,147,0,92,274,0,366,83,0,83,449
04/08/2021,APF,FL,ASO,ES,Federal Contract Tower,0,77,156,0,233,0,0,166,1,167,0,77,322,1,400,80,0,80,480
04/09/2021,APF,FL,ASO,ES,Federal Contract Tower,0,89,163,1,253,0,0,152,0,152,0,89,315,1,405,98,0,98,503
04/10/2021,APF,FL,ASO,ES,Federal Contract Tower,0,104,146,2,252,0,4,120,0,124,0,108,266,2,376,30,0,30,406
04/11/2021,APF,FL,ASO,ES,Federal Contract Tower,0,56,104,0,160,0,0,30,0,30,0,56,134,0,190,22,0,22,212
04/12/2021,APF,FL,ASO,ES,Federal Contract Tower,0,164,207,0,371,0,0,80,0,80,0,164,287,0,451,28,0,28,479
04/13/2021,APF,FL,ASO,ES,Federal Contract Tower,0,84,123,0,207,0,2,151,0,153,0,86,274,0,360,80,0,80,440
04/14/2021,APF,FL,ASO,ES,Federal Contract Tower,0,89,137,0,226,0,1,135,0,136,0,90,272,0,362,70,0,70,432
04/15/2021,APF,FL,ASO,ES,Federal Contract Tower,0,101,137,0,238,0,6,147,0,153,0,107,284,0,391,12,0,12,403
04/16/2021,APF,FL,ASO,ES,Federal Contract Tower,0,83,150,0,233,0,0,128,0,128,0,83,278,0,361,34,0,34,395
04/17/2021,APF,FL,ASO,ES,Federal Contract Tower,0,91,102,2,195,0,2,121,0,123,0,93,223,2,318,52,0,52,370
04/18/2021,APF,FL,ASO,ES,Federal Contract Tower,0,99,153,0,252,0,4,90,0,94,0,103,243,0,346,10,0,10,356
04/19/2021,APF,FL,ASO,ES,Federal Contract Tower,0,97,99,0,196,0,1,26,0,27,0,98,125,0,223,2,0,2,225
04/20/2021,APF,FL,ASO,ES,Federal Contract Tower,0,68,102,0,170,0,0,18,0,18,0,68,120,0,188,10,0,10,198
04/21/2021,APF,FL,ASO,ES,Federal Contract Tower,0,83,139,0,222,0,0,45,0,45,0,83,184,0,267,30,0,30,297
04/22/2021,APF,FL,ASO,ES,Federal Contract Tower,0,82,149,0,231,0,0,147,0,147,0,82,296,0,378,26,0,26,404
04/23/2021,APF,FL,ASO,ES,Federal Contract Tower,0,87,157,0,244,0,2,123,0,125,0,89,280,0,369,65,0,65,434
04/24/2021,APF,FL,ASO,ES,Federal Contract Tower,0,76,108,0,184,0,1,60,0,61,0,77,168,0,245,38,0,38,283
04/25/2021,APF,FL,ASO,ES,Federal Contract Tower,0,111,159,1,271,0,2,51,0,53,0,113,210,1,324,0,0,0,324
04/26/2021,APF,FL,ASO,ES,Federal Contract Tower,0,67,116,5,188,0,3,114,0,117,0,70,230,5,305,40,0,40,345
04/27/2021,APF,FL,ASO,ES,Federal Contract Tower,0,73,86,0,159,0,0,115,0,115,0,73,201,0,274,48,0,48,322
04/28/2021,APF,FL,ASO,ES,Federal Contract Tower,0,58,121,0,179,0,0,188,0,188,0,58,309,0,367,54,0,54,421
04/29/2021,APF,FL,ASO,ES,Federal Contract Tower,0,89,151,0,240,0,0,149,0,149,0,89,300,0,389,52,0,52,441
04/30/2021,APF,FL,ASO,ES,Federal Contract Tower,0,105,148,0,253,0,1,123,0,124,0,106,271,0,377,70,0,70,447
05/01/2021,APF,FL,ASO,ES,Federal Contract Tower,0,85,86,0,171,0,0,88,0,88,0,85,174,0,259,38,0,38,297
05/02/2021,APF,FL,ASO,ES,Federal Contract Tower,0,93,135,4,232,0,1,86,0,87,0,94,221,4,319,0,0,0,319
05/03/2021,APF,FL,ASO,ES,Federal Contract Tower,0,88,110,4,202,0,0,105,0,105,0,88,215,4,307,47,0,47,354
05/04/2021,APF,FL,ASO,ES,Federal Contract Tower,0,80,84,0,164,0,0,126,0,126,0,80,210,0,290,52,0,52,342
05/05/2021,APF,FL,ASO,ES,Federal Contract Tower,0,91,122,0,213,0,5,128,0,133,0,96,250,0,346,68,0,68,414
05/06/2021,APF,FL,ASO,ES,Federal Contract Tower,0,64,130,0,194,0,0,85,0,85,0,64,215,0,279,46,0,46,325
05/07/2021,APF,FL,ASO,ES,Federal Contract Tower,0,109,159,2,270,0,2,91,0,93,0,111,250,2,363,32,0,32,395
05/08/2021,APF,FL,ASO,ES,Federal Contract Tower,0,64,105,0,169,0,1,90,0,91,0,65,195,0,260,26,0,26,286
05/09/2021,APF,FL,ASO,ES,Federal Contract Tower,0,75,88,0,163,0,0,63,0,63,0,75,151,0,226,6,0,6,232
05/10/2021,APF,FL,ASO,ES,Federal Contract Tower,0,63,110,1,174,0,0,106,3,109,0,63,216,4,283,62,0,62,345
05/11/2021,APF,FL,ASO,ES,Federal Contract Tower,0,50,83,0,133,0,0,125,0,125,0,50,208,0,258,58,0,58,316
05/12/2021,APF,FL,ASO,ES,Federal Contract Tower,0,70,106,0,176,0,1,109,0,110,0,71,215,0,286,52,0,52,338
05/13/2021,APF,FL,ASO,ES,Federal Contract Tower,0,85,130,0,215,0,1,102,0,103,0,86,232,0,318,44,0,44,362
05/14/2021,APF,FL,ASO,ES,Federal Contract Tower,0,70,130,0,200,0,4,125,0,129,0,74,255,0,329,30,0,30,359
05/15/2021,APF,FL,ASO,ES,Federal Contract Tower,0,91,82,0,173,0,2,118,0,120,0,93,200,0,293,22,0,22,315
05/16/2021,APF,FL,ASO,ES,Federal Contract Tower,0,66,144,0,210,0,1,81,0,82,0,67,225,0,292,8,0,8,300
05/17/2021,APF,FL,ASO,ES,Federal Contract Tower,0,61,90,0,151,0,0,92,0,92,0,61,182,0,243,38,0,38,281
05/18/2021,APF,FL,ASO,ES,Federal Contract Tower,0,70,86,0,156,0,2,89,0,91,0,72,175,0,247,62,0,62,309
05/19/2021,APF,FL,ASO,ES,Federal Contract Tower,0,68,123,0,191,0,0,85,0,85,0,68,208,0,276,66,0,66,342
05/20/2021,APF,FL,ASO,ES,Federal Contract Tower,0,71,142,0,213,0,1,84,0,85,0,72,226,0,298,72,0,72,370
05/21/2021,APF,FL,ASO,ES,Federal Contract Tower,0,95,119,0,214,0,2,64,0,66,0,97,183,0,280,44,0,44,324
05/22/2021,APF,FL,ASO,ES,Federal Contract Tower,0,69,88,0,157,0,0,71,0,71,0,69,159,0,228,16,0,16,244
05/23/2021,APF,FL,ASO,ES,Federal Contract Tower,0,77,131,0,208,0,0,75,0,75,0,77,206,0,283,38,0,38,321
05/24/2021,APF,FL,ASO,ES,Federal Contract Tower,0,52,84,0,136,0,2,105,0,107,0,54,189,0,243,96,0,96,339
05/25/2021,APF,FL,ASO,ES,Federal Contract Tower,0,54,103,0,157,0,0,139,0,139,0,54,242,0,296,71,0,71,367
05/26/2021,APF,FL,ASO,ES,Federal Contract Tower,0,80,85,0,165,0,8,84,0,92,0,88,169,0,257,48,0,48,305
05/27/2021,APF,FL,ASO,ES,Federal Contract Tower,0,64,109,0,173,0,0,108,0,108,0,64,217,0,281,48,0,48,329
05/28/2021,APF,FL,ASO,ES,Federal Contract Tower,0,65,110,0,175,0,2,122,0,124,0,67,232,0,299,6,0,6,305
05/29/2021,APF,FL,ASO,ES,Federal Contract Tower,0,40,73,0,113,0,3,86,0,89,0,43,159,0,202,20,0,20,222
05/30/2021,APF,FL,ASO,ES,Federal Contract Tower,0,34,57,0,91,0,0,66,0,66,0,34,123,0,157,0,0,0,157
05/31/2021,APF,FL,ASO,ES,Federal Contract Tower,0,64,111,0,175,0,0,58,0,58,0,64,169,0,233,7,0,7,240
06/01/2021,APF,FL,ASO,ES,Federal Contract Tower,0,57,96,0,153,0,0,79,0,79,0,57,175,0,232,44,0,44,276
06/02/2021,APF,FL,ASO,ES,Federal Contract Tower,0,43,107,0,150,0,1,79,0,80,0,44,186,0,230,70,0,70,300
06/03/2021,APF,FL,ASO,ES,Federal Contract Tower,0,51,77,0,128,0,0,78,0,78,0,51,155,0,206,12,0,12,218
06/04/2021,APF,FL,ASO,ES,Federal Contract Tower,0,46,97,0,143,0,0,118,0,118,0,46,215,0,261,34,0,34,295
06/05/2021,APF,FL,ASO,ES,Federal Contract Tower,0,40,61,0,101,0,1,37,0,38,0,41,98,0,139,18,0,18,157
06/06/2021,APF,FL,ASO,ES,Federal Contract Tower,0,31,76,0,107,0,2,68,0,70,0,33,144,0,177,14,0,14,191
06/07/2021,APF,FL,ASO,ES,Federal Contract Tower,0,34,75,0,109,0,0,126,0,126,0,34,201,0,235,58,0,58,293
06/08/2021,APF,FL,ASO,ES,Federal Contract Tower,0,42,61,0,103,0,0,98,0,98,0,42,159,0,201,66,0,66,267
06/09/2021,APF,FL,ASO,ES,Federal Contract Tower,0,38,84,0,122,0,0,121,0,121,0,38,205,0,243,104,0,104,347
06/10/2021,APF,FL,ASO,ES,Federal Contract Tower,0,41,83,0,124,0,4,115,0,119,0,45,198,0,243,68,0,68,311
06/11/2021,APF,FL,ASO,ES,Federal Contract Tower,0,40,79,0,119,0,2,125,0,127,0,42,204,0,246,58,0,58,304
06/12/2021,APF,FL,ASO,ES,Federal Contract Tower,0,54,71,0,125,0,0,120,0,120,0,54,191,0,245,46,0,46,291
06/13/2021,APF,FL,ASO,ES,Federal Contract Tower,0,51,67,0,118,0,0,82,0,82,0,51,149,0,200,28,0,28,228
06/14/2021,APF,FL,ASO,ES,Federal Contract Tower,0,30,70,0,100,0,0,57,0,57,0,30,127,0,157,38,0,38,195
06/15/2021,APF,FL,ASO,ES,Federal Contract Tower,0,48,65,0,113,0,0,66,0,66,0,48,131,0,179,84,0,84,263
06/16/2021,APF,FL,ASO,ES,Federal Contract Tower,0,49,54,0,103,0,0,42,0,42,0,49,96,0,145,84,0,84,229
06/17/2021,APF,FL,ASO,ES,Federal Contract Tower,0,63,74,0,137,0,0,57,0,57,0,63,131,0,194,75,0,75,269
06/18/2021,APF,FL,ASO,ES,Federal Contract Tower,0,31,84,0,115,0,6,91,0,97,0,37,175,0,212,36,0,36,248
06/19/2021,APF,FL,ASO,ES,Federal Contract Tower,0,31,77,0,108,0,0,80,0,80,0,31,157,0,188,44,0,44,232
06/20/2021,APF,FL,ASO,ES,Federal Contract Tower,0,45,52,0,97,0,4,76,0,80,0,49,128,0,177,32,0,32,209
06/21/2021,APF,FL,ASO,ES,Federal Contract Tower,0,45,83,0,128,0,0,69,0,69,0,45,152,0,197,88,0,88,285
06/22/2021,APF,FL,ASO,ES,Federal Contract Tower,0,34,95,0,129,0,0,69,0,69,0,34,164,0,198,76,0,76,274
06/23/2021,APF,FL,ASO,ES,Federal Contract Tower,0,40,73,0,113,0,2,83,0,85,0,42,156,0,198,42,0,42,240
06/24/2021,APF,FL,ASO,ES,Federal Contract Tower,0,36,71,0,107,0,0,90,0,90,0,36,161,0,197,60,0,60,257
06/25/2021,APF,FL,ASO,ES,Federal Contract Tower,0,40,73,0,113,0,0,83,0,83,0,40,156,0,196,16,0,16,212
06/26/2021,APF,FL,ASO,ES,Federal Contract Tower,0,41,52,6,99,0,1,84,0,85,0,42,136,6,184,32,0,32,216
06/27/2021,APF,FL,ASO,ES,Federal Contract Tower,0,46,81,0,127,0,0,63,0,63,0,46,144,0,190,6,0,6,196
06/28/2021,APF,FL,ASO,ES,Federal Contract Tower,0,41,56,0,97,0,0,79,0,79,0,41,135,0,176,60,0,60,236
06/29/2021,APF,FL,ASO,ES,Federal Contract Tower,0,47,61,0,108,0,2,74,0,76,0,49,135,0,184,24,0,24,208
06/30/2021,APF,FL,ASO,ES,Federal Contract Tower,0,34,75,0,109,0,0,71,1,72,0,34,146,1,181,82,0,82,263
07/01/2021,APF,FL,ASO,ES,Federal Contract Tower,0,50,67,0,117,0,0,59,0,59,0,50,126,0,176,48,0,48,224
07/02/2021,APF,FL,ASO,ES,Federal Contract Tower,0,38,79,0,117,0,3,61,0,64,0,41,140,0,181,70,0,70,251
07/03/2021,APF,FL,ASO,ES,Federal Contract Tower,0,17,51,0,68,0,0,77,0,77,0,17,128,0,145,42,0,42,187
07/04/2021,APF,FL,ASO,ES,Federal Contract Tower,0,39,48,0,87,0,2,61,0,63,0,41,109,0,150,6,0,6,156
07/05/2021,APF,FL,ASO,ES,Federal Contract Tower,0,30,53,4,87,0,0,39,0,39,0,30,92,4,126,10,0,10,136
07/06/2021,APF,FL,ASO,ES,Federal Contract Tower,0,10,2,0,12,0,0,1,0,1,0,10,3,0,13,0,0,0,13
07/07/2021,APF,FL,ASO,ES,Federal Contract Tower,0,33,44,0,77,0,0,21,0,21,0,33,65,0,98,22,6,28,126
07/08/2021,APF,FL,ASO,ES,Federal Contract Tower,0,37,81,0,118,0,0,103,0,103,0,37,184,0,221,66,0,66,287
07/09/2021,APF,FL,ASO,ES,Federal Contract Tower,0,23,48,0,71,0,0,114,0,114,0,23,162,0,185,48,0,48,233
07/10/2021,APF,FL,ASO,ES,Federal Contract Tower,0,34,49,4,87,0,0,73,0,73,0,34,122,4,160,26,0,26,186
07/11/2021,APF,FL,ASO,ES,Federal Contract Tower,0,46,63,0,109,0,0,34,0,34,0,46,97,0,143,24,0,24,167
07/12/2021,APF,FL,ASO,ES,Federal Contract Tower,0,25,51,0,76,0,3,64,0,67,0,28,115,0,143,48,0,48,191
07/13/2021,APF,FL,ASO,ES,Federal Contract Tower,0,23,52,0,75,0,0,85,0,85,0,23,137,0,160,84,0,84,244
07/14/2021,APF,FL,ASO,ES,Federal Contract Tower,0,26,82,0,108,0,0,52,0,52,0,26,134,0,160,22,0,22,182
07/15/2021,APF,FL,ASO,ES,Federal Contract Tower,0,38,65,0,103,0,0,110,0,110,0,38,175,0,213,28,0,28,241
07/16/2021,APF,FL,ASO,ES,Federal Contract Tower,0,34,72,0,106,0,0,95,0,95,0,34,167,0,201,68,0,68,269
07/17/2021,APF,FL,ASO,ES,Federal Contract Tower,0,14,43,0,57,0,0,46,0,46,0,14,89,0,103,34,6,40,143
07/18/2021,APF,FL,ASO,ES,Federal Contract Tower,0,37,59,4,100,0,0,99,0,99,0,37,158,4,199,36,0,36,235
07/19/2021,APF,FL,ASO,ES,Federal Contract Tower,0,34,54,0,88,0,0,64,0,64,0,34,118,0,152,44,0,44,196
07/20/2021,APF,FL,ASO,ES,Federal Contract Tower,0,34,55,0,89,0,0,87,0,87,0,34,142,0,176,121,0,121,297
07/21/2021,APF,FL,ASO,ES,Federal Contract Tower,0,37,61,0,98,0,0,96,0,96,0,37,157,0,194,84,0,84,278
07/22/2021,APF,FL,ASO,ES,Federal Contract Tower,0,36,68,1,105,0,0,89,0,89,0,36,157,1,194,68,0,68,262
07/23/2021,APF,FL,ASO,ES,Federal Contract Tower,0,34,80,0,114,0,1,83,0,84,0,35,163,0,198,30,0,30,228
07/24/2021,APF,FL,ASO,ES,Federal Contract Tower,0,25,42,5,72,0,0,49,3,52,0,25,91,8,124,50,0,50,174
07/25/2021,APF,FL,ASO,ES,Federal Contract Tower,0,31,55,2,88,0,1,71,0,72,0,32,126,2,160,13,0,13,173
07/26/2021,APF,FL,ASO,ES,Federal Contract Tower,0,23,42,0,65,0,0,16,0,16,0,23,58,0,81,36,0,36,117
07/27/2021,APF,FL,ASO,ES,Federal Contract Tower,0,23,34,0,57,0,0,89,0,89,0,23,123,0,146,170,0,170,316
07/28/2021,APF,FL,ASO,ES,Federal Contract Tower,0,38,99,0,137,0,0,55,0,55,0,38,154,0,192,39,0,39,231
07/29/2021,APF,FL,ASO,ES,Federal Contract Tower,0,30,64,0,94,0,0,101,0,101,0,30,165,0,195,50,0,50,245
07/30/2021,APF,FL,ASO,ES,Federal Contract Tower,0,32,50,0,82,0,1,105,0,106,0,33,155,0,188,60,0,60,248
07/31/2021,APF,FL,ASO,ES,Federal Contract Tower,0,38,54,0,92,0,0,74,0,74,0,38,128,0,166,22,0,22,188
08/01/2021,APF,FL,ASO,ES,Federal Contract Tower,0,22,68,4,94,0,2,50,0,52,0,24,118,4,146,11,0,11,157
08/02/2021,APF,FL,ASO,ES,Federal Contract Tower,0,46,59,0,105,0,0,72,0,72,0,46,131,0,177,78,0,78,255
08/03/2021,APF,FL,ASO,ES,Federal Contract Tower,0,23,50,0,73,0,0,61,0,61,0,23,111,0,134,52,0,52,186
08/04/2021,APF,FL,ASO,ES,Federal Contract Tower,0,20,59,0,79,0,0,44,0,44,0,20,103,0,123,102,0,102,225
08/05/2021,APF,FL,ASO,ES,Federal Contract Tower,0,30,80,0,110,0,0,85,0,85,0,30,165,0,195,152,0,152,347
08/06/2021,APF,FL,ASO,ES,Federal Contract Tower,0,32,77,0,109,0,0,102,0,102,0,32,179,0,211,60,0,60,271
08/07/2021,APF,FL,ASO,ES,Federal Contract Tower,0,21,45,0,66,0,0,63,0,63,0,21,108,0,129,24,0,24,153
08/08/2021,APF,FL,ASO,ES,Federal Contract Tower,0,22,70,0,92,0,0,78,0,78,0,22,148,0,170,6,0,6,176
08/09/2021,APF,FL,ASO,ES,Federal Contract Tower,0,35,61,0,96,0,1,79,0,80,0,36,140,0,176,111,0,111,287
08/10/2021,APF,FL,ASO,ES,Federal Contract Tower,0,20,53,1,74,0,1,87,0,88,0,21,140,1,162,78,0,78,240
08/11/2021,APF,FL,ASO,ES,Federal Contract Tower,0,32,49,0,81,0,3,112,0,115,0,35,161,0,196,94,0,94,290
08/12/2021,APF,FL,ASO,ES,Federal Contract Tower,0,26,70,0,96,0,2,83,0,85,0,28,153,0,181,62,0,62,243
08/13/2021,APF,FL,ASO,ES,Federal Contract Tower,0,26,71,0,97,0,4,67,0,71,0,30,138,0,168,44,0,44,212
08/14/2021,APF,FL,ASO,ES,Federal Contract Tower,0,14,26,0,40,0,0,1,0,1,0,14,27,0,41,0,0,0,41
08/15/2021,APF,FL,ASO,ES,Federal Contract Tower,0,25,46,0,71,0,0,7,0,7,0,25,53,0,78,0,0,0,78
08/16/2021,APF,FL,ASO,ES,Federal Contract Tower,0,27,89,0,116,0,0,83,0,83,0,27,172,0,199,96,0,96,295
08/17/2021,APF,FL,ASO,ES,Federal Contract Tower,0,30,46,0,76,0,1,53,0,54,0,31,99,0,130,127,0,127,257
08/18/2021,APF,FL,ASO,ES,Federal Contract Tower,0,23,73,0,96,0,0,75,0,75,0,23,148,0,171,56,0,56,227
08/19/2021,APF,FL,ASO,ES,Federal Contract Tower,0,34,96,0,130,0,0,76,0,76,0,34,172,0,206,82,0,82,288
08/20/2021,APF,FL,ASO,ES,Federal Contract Tower,0,38,60,0,98,0,0,101,0,101,0,38,161,0,199,80,0,80,279
08/21/2021,APF,FL,ASO,ES,Federal Contract Tower,0,14,62,0,76,0,0,102,0,102,0,14,164,0,178,54,0,54,232
08/22/2021,APF,FL,ASO,ES,Federal Contract Tower,0,21,52,0,73,0,0,82,0,82,0,21,134,0,155,30,0,30,185
08/23/2021,APF,FL,ASO,ES,Federal Contract Tower,0,21,68,0,89,0,0,78,0,78,0,21,146,0,167,74,0,74,241
08/24/2021,APF,FL,ASO,ES,Federal Contract Tower,0,29,57,0,86,0,0,74,0,74,0,29,131,0,160,114,0,114,274
08/25/2021,APF,FL,ASO,ES,Federal Contract Tower,0,28,86,7,121,0,0,74,0,74,0,28,160,7,195,80,0,80,275
08/26/2021,APF,FL,ASO,ES,Federal Contract Tower,0,26,70,0,96,0,0,64,0,64,0,26,134,0,160,114,0,114,274
08/27/2021,APF,FL,ASO,ES,Federal Contract Tower,0,31,84,0,115,0,0,86,0,86,0,31,170,0,201,66,0,66,267
08/28/2021,APF,FL,ASO,ES,Federal Contract Tower,0,15,41,0,56,0,0,55,0,55,0,15,96,0,111,20,0,20,131
08/29/2021,APF,FL,ASO,ES,Federal Contract Tower,0,23,70,0,93,0,2,56,0,58,0,25,126,0,151,8,0,8,159
08/30/2021,APF,FL,ASO,ES,Federal Contract Tower,0,25,79,0,104,0,0,99,0,99,0,25,178,0,203,75,0,75,278
08/31/2021,APF,FL,ASO,ES,Federal Contract Tower,0,22,56,0,78,0,0,86,0,86,0,22,142,0,164,90,0,90,254
09/01/2021,APF,FL,ASO,ES,Federal Contract Tower,0,22,61,0,83,0,1,75,0,76,0,23,136,0,159,2,0,2,161
09/02/2021,APF,FL,ASO,ES,Federal Contract Tower,0,27,73,0,100,0,0,50,0,50,0,27,123,0,150,82,0,82,232
09/03/2021,APF,FL,ASO,ES,Federal Contract Tower,0,43,79,0,122,0,1,36,0,37,0,44,115,0,159,56,0,56,215
09/04/2021,APF,FL,ASO,ES,Federal Contract Tower,0,20,53,0,73,0,0,62,0,62,0,20,115,0,135,58,0,58,193
09/05/2021,APF,FL,ASO,ES,Federal Contract Tower,0,18,43,0,61,0,0,42,0,42,0,18,85,0,103,22,0,22,125
09/06/2021,APF,FL,ASO,ES,Federal Contract Tower,0,27,77,0,104,0,2,104,0,106,0,29,181,0,210,66,0,66,276
09/07/2021,APF,FL,ASO,ES,Federal Contract Tower,0,45,64,0,109,0,0,100,0,100,0,45,164,0,209,38,0,38,247
09/08/2021,APF,FL,ASO,ES,Federal Contract Tower,0,31,72,0,103,0,0,70,0,70,0,31,142,0,173,104,0,104,277
09/09/2021,APF,FL,ASO,ES,Federal Contract Tower,0,42,63,0,105,0,5,111,0,116,0,47,174,0,221,116,0,116,337
09/10/2021,APF,FL,ASO,ES,Federal Contract Tower,0,28,65,0,93,0,1,110,0,111,0,29,175,0,204,118,0,118,322
09/11/2021,APF,FL,ASO,ES,Federal Contract Tower,0,33,42,0,75,0,0,82,0,82,0,33,124,0,157,26,0,26,183
09/12/2021,APF,FL,ASO,ES,Federal Contract Tower,0,30,50,0,80,0,0,60,0,60,0,30,110,0,140,14,0,14,154
09/13/2021,APF,FL,ASO,ES,Federal Contract Tower,0,30,65,0,95,0,0,54,0,54,0,30,119,0,149,78,0,78,227
09/14/2021,APF,FL,ASO,ES,Federal Contract Tower,0,22,58,0,80,0,0,74,0,74,0,22,132,0,154,94,0,94,248
09/15/2021,APF,FL,ASO,ES,Federal Contract Tower,0,49,69,0,118,0,0,74,0,74,0,49,143,0,192,114,0,114,306
09/16/2021,APF,FL,ASO,ES,Federal Contract Tower,0,38,38,0,76,0,0,52,0,52,0,38,90,0,128,18,0,18,146
09/17/2021,APF,FL,ASO,ES,Federal Contract Tower,0,39,59,0,98,0,0,66,0,66,0,39,125,0,164,74,0,74,238
09/18/2021,APF,FL,ASO,ES,Federal Contract Tower,0,38,42,0,80,0,0,80,0,80,0,38,122,0,160,58,0,58,218
09/19/2021,APF,FL,ASO,ES,Federal Contract Tower,0,38,74,0,112,0,0,69,0,69,0,38,143,0,181,24,0,24,205
09/20/2021,APF,FL,ASO,ES,Federal Contract Tower,0,34,59,0,93,0,0,118,0,118,0,34,177,0,211,78,0,78,289
09/21/2021,APF,FL,ASO,ES,Federal Contract Tower,0,26,38,0,64,0,0,78,0,78,0,26,116,0,142,48,0,48,190
09/22/2021,APF,FL,ASO,ES,Federal Contract Tower,0,47,83,0,130,0,0,91,0,91,0,47,174,0,221,140,0,140,361
09/23/2021,APF,FL,ASO,ES,Federal Contract Tower,0,30,68,4,102,0,0,105,0,105,0,30,173,4,207,126,0,126,333
09/24/2021,APF,FL,ASO,ES,Federal Contract Tower,0,30,89,0,119,0,0,88,0,88,0,30,177,0,207,90,0,90,297
09/25/2021,APF,FL,ASO,ES,Federal Contract Tower,0,28,70,0,98,0,0,102,0,102,0,28,172,0,200,22,0,22,222
09/26/2021,APF,FL,ASO,ES,Federal Contract Tower,0,40,74,0,114,0,0,90,0,90,0,40,164,0,204,24,0,24,228
09/27/2021,APF,FL,ASO,ES,Federal Contract Tower,0,47,84,0,131,0,2,144,1,147,0,49,228,1,278,88,0,88,366
09/28/2021,APF,FL,ASO,ES,Federal Contract Tower,0,36,56,0,92,0,0,123,0,123,0,36,179,0,215,58,0,58,273
09/29/2021,APF,FL,ASO,ES,Federal Contract Tower,0,43,80,0,123,0,0,128,0,128,0,43,208,0,251,86,0,86,337
09/30/2021,APF,FL,ASO,ES,Federal Contract Tower,0,47,60,0,107,0,0,101,0,101,0,47,161,0,208,80,0,80,288
10/01/2021,APF,FL,ASO,ES,Federal Contract Tower,0,54,93,0,147,0,0,86,0,86,0,54,179,0,233,112,2,114,347
10/02/2021,APF,FL,ASO,ES,Federal Contract Tower,0,34,45,0,79,0,0,89,0,89,0,34,134,0,168,26,0,26,194
10/03/2021,APF,FL,ASO,ES,Federal Contract Tower,0,43,59,0,102,0,0,80,0,80,0,43,139,0,182,44,0,44,226
10/04/2021,APF,FL,ASO,ES,Federal Contract Tower,0,47,81,0,128,0,2,107,0,109,0,49,188,0,237,82,0,82,319
10/05/2021,APF,FL,ASO,ES,Federal Contract Tower,0,33,87,0,120,0,0,117,0,117,0,33,204,0,237,82,0,82,319
10/06/2021,APF,FL,ASO,ES,Federal Contract Tower,0,56,77,0,133,0,0,79,0,79,0,56,156,0,212,62,0,62,274
10/07/2021,APF,FL,ASO,ES,Federal Contract Tower,0,47,99,0,146,0,0,57,0,57,0,47,156,0,203,56,0,56,259
10/08/2021,APF,FL,ASO,ES,Federal Contract Tower,0,48,90,0,138,0,0,66,0,66,0,48,156,0,204,62,0,62,266
10/09/2021,APF,FL,ASO,ES,Federal Contract Tower,0,44,49,4,97,0,0,64,0,64,0,44,113,4,161,56,0,56,217
10/10/2021,APF,FL,ASO,ES,Federal Contract Tower,0,56,96,0,152,0,0,88,0,88,0,56,184,0,240,20,0,20,260
10/11/2021,APF,FL,ASO,ES,Federal Contract Tower,0,35,89,0,124,0,0,134,12,146,0,35,223,12,270,42,2,44,314
10/12/2021,APF,FL,ASO,ES,Federal Contract Tower,0,51,87,0,138,0,0,76,0,76,0,51,163,0,214,20,0,20,234
10/13/2021,APF,FL,ASO,ES,Federal Contract Tower,0,56,96,0,152,0,1,124,0,125,0,57,220,0,277,12,0,12,289
10/14/2021,APF,FL,ASO,ES,Federal Contract Tower,0,77,100,8,185,0,0,121,0,121,0,77,221,8,306,70,4,74,380
10/15/2021,APF,FL,ASO,ES,Federal Contract Tower,0,79,118,0,197,0,0,70,0,70,0,79,188,0,267,42,0,42,309
10/16/2021,APF,FL,ASO,ES,Federal Contract Tower,0,42,67,0,109,0,0,114,0,114,0,42,181,0,223,40,0,40,263
10/17/2021,APF,FL,ASO,ES,Federal Contract Tower,0,74,109,0,183,0,0,73,0,73,0,74,182,0,256,26,0,26,282
10/18/2021,APF,FL,ASO,ES,Federal Contract Tower,0,57,103,0,160,0,2,115,0,117,0,59,218,0,277,88,0,88,365
10/19/2021,APF,FL,ASO,ES,Federal Contract Tower,0,58,114,1,173,0,0,94,0,94,0,58,208,1,267,40,0,40,307
10/20/2021,APF,FL,ASO,ES,Federal Contract Tower,0,62,117,0,179,0,0,104,0,104,0,62,221,0,283,42,0,42,325
10/21/2021,APF,FL,ASO,ES,Federal Contract Tower,0,73,106,0,179,0,1,128,0,129,0,74,234,0,308,10,0,10,318
10/22/2021,APF,FL,ASO,ES,Federal Contract Tower,0,85,135,0,220,0,2,114,0,116,0,87,249,0,336,50,0,50,386
10/23/2021,APF,FL,ASO,ES,Federal Contract Tower,0,71,74,0,145,0,0,76,0,76,0,71,150,0,221,48,0,48,269
10/24/2021,APF,FL,ASO,ES,Federal Contract Tower,0,78,123,0,201,0,0,21,0,21,0,78,144,0,222,0,0,0,222
10/25/2021,APF,FL,ASO,ES,Federal Contract Tower,0,75,110,4,189,0,1,50,0,51,0,76,160,4,240,40,0,40,280
10/26/2021,APF,FL,ASO,ES,Federal Contract Tower,0,72,106,0,178,0,2,85,0,87,0,74,191,0,265,54,0,54,319
10/27/2021,APF,FL,ASO,ES,Federal Contract Tower,0,95,123,0,218,0,2,122,0,124,0,97,245,0,342,46,0,46,388
10/28/2021,APF,FL,ASO,ES,Federal Contract Tower,0,66,88,0,154,0,1,58,0,59,0,67,146,0,213,20,0,20,233
10/29/2021,APF,FL,ASO,ES,Federal Contract Tower,0,72,131,2,205,0,0,67,0,67,0,72,198,2,272,28,0,28,300
10/30/2021,APF,FL,ASO,ES,Federal Contract Tower,0,75,82,0,157,0,2,56,0,58,0,77,138,0,215,28,0,28,243
10/31/2021,APF,FL,ASO,ES,Federal Contract Tower,0,89,129,2,220,0,0,125,0,125,0,89,254,2,345,10,0,10,355
11/01/2021,APF,FL,ASO,ES,Federal Contract Tower,0,90,132,13,235,0,0,115,0,115,0,90,247,13,350,78,0,78,428
11/02/2021,APF,FL,ASO,ES,Federal Contract Tower,0,67,119,1,187,0,1,124,0,125,0,68,243,1,312,78,0,78,390
11/03/2021,APF,FL,ASO,ES,Federal Contract Tower,0,79,124,0,203,0,0,117,0,117,0,79,241,0,320,32,0,32,352
11/04/2021,APF,FL,ASO,ES,Federal Contract Tower,0,75,121,0,196,0,3,101,0,104,0,78,222,0,300,48,0,48,348
11/05/2021,APF,FL,ASO,ES,Federal Contract Tower,0,63,93,0,156,0,0,7,0,7,0,63,100,0,163,0,0,0,163
11/06/2021,APF,FL,ASO,ES,Federal Contract Tower,0,83,83,0,166,0,0,55,0,55,0,83,138,0,221,24,0,24,245
11/07/2021,APF,FL,ASO,ES,Federal Contract Tower,0,77,104,0,181,0,0,0,0,0,0,77,104,0,181,22,0,22,203
11/08/2021,APF,FL,ASO,ES,Federal Contract Tower,0,67,117,0,184,0,1,147,0,148,0,68,264,0,332,16,0,16,348
11/09/2021,APF,FL,ASO,ES,Federal Contract Tower,0,81,131,0,212,0,8,185,0,193,0,89,316,0,405,60,0,60,465
11/10/2021,APF,FL,ASO,ES,Federal Contract Tower,0,85,144,0,229,0,0,131,0,131,0,85,275,0,360,70,0,70,430
11/11/2021,APF,FL,ASO,ES,Federal Contract Tower,0,98,136,0,234,0,0,110,0,110,0,98,246,0,344,102,0,102,446
11/12/2021,APF,FL,ASO,ES,Federal Contract Tower,0,61,145,0,206,0,0,69,0,69,0,61,214,0,275,42,0,42,317
11/13/2021,APF,FL,ASO,ES,Federal Contract Tower,0,66,104,2,172,0,2,108,0,110,0,68,212,2,282,22,4,26,308
11/14/2021,APF,FL,ASO,ES,Federal Contract Tower,0,91,145,0,236,0,0,99,0,99,0,91,244,0,335,12,0,12,347
11/15/2021,APF,FL,ASO,ES,Federal Contract Tower,0,76,118,0,194,0,2,133,0,135,0,78,251,0,329,62,0,62,391
11/16/2021,APF,FL,ASO,ES,Federal Contract Tower,0,79,108,0,187,0,2,131,0,133,0,81,239,0,320,82,0,82,402
11/17/2021,APF,FL,ASO,ES,Federal Contract Tower,0,65,138,0,203,0,0,154,0,154,0,65,292,0,357,68,0,68,425
11/18/2021,APF,FL,ASO,ES,Federal Contract Tower,0,82,140,0,222,0,0,88,0,88,0,82,228,0,310,114,0,114,424
11/19/2021,APF,FL,ASO,ES,Federal Contract Tower,0,92,158,7,257,0,0,124,0,124,0,92,282,7,381,42,0,42,423
11/20/2021,APF,FL,ASO,ES,Federal Contract Tower,0,110,109,0,219,0,2,74,0,76,0,112,183,0,295,8,0,8,303
11/21/2021,APF,FL,ASO,ES,Federal Contract Tower,0,103,132,1,236,0,0,45,0,45,0,103,177,1,281,6,0,6,287
11/22/2021,APF,FL,ASO,ES,Federal Contract Tower,0,107,124,0,231,0,0,18,0,18,0,107,142,0,249,6,0,6,255
11/23/2021,APF,FL,ASO,ES,Federal Contract Tower,0,118,179,0,297,0,3,152,0,155,0,121,331,0,452,52,0,52,504
11/24/2021,APF,FL,ASO,ES,Federal Contract Tower,0,92,152,3,247,0,4,126,0,130,0,96,278,3,377,42,0,42,419
11/25/2021,APF,FL,ASO,ES,Federal Contract Tower,0,33,39,0,72,0,0,50,0,50,0,33,89,0,122,2,0,2,124
11/26/2021,APF,FL,ASO,ES,Federal Contract Tower,0,59,118,0,177,0,0,133,0,133,0,59,251,0,310,36,4,40,350
11/27/2021,APF,FL,ASO,ES,Federal Contract Tower,0,167,165,0,332,0,1,88,0,89,0,168,253,0,421,8,0,8,429
11/28/2021,APF,FL,ASO,ES,Federal Contract Tower,0,171,214,0,385,0,0,90,0,90,0,171,304,0,475,2,0,2,477
11/29/2021,APF,FL,ASO,ES,Federal Contract Tower,0,121,163,0,284,0,0,107,0,107,0,121,270,0,391,6,0,6,397
11/30/2021,APF,FL,ASO,ES,Federal Contract Tower,0,80,119,0,199,0,2,134,0,136,0,82,253,0,335,88,0,88,423
12/01/2021,APF,FL,ASO,ES,Federal Contract Tower,0,90,133,0,223,0,1,140,0,141,0,91,273,0,364,32,0,32,396
12/02/2021,APF,FL,ASO,ES,Federal Contract Tower,0,94,119,0,213,0,0,143,0,143,0,94,262,0,356,70,0,70,426
12/03/2021,APF,FL,ASO,ES,Federal Contract Tower,0,56,110,0,166,0,0,117,0,117,0,56,227,0,283,100,0,100,383
12/04/2021,APF,FL,ASO,ES,Federal Contract Tower,0,45,111,0,156,0,0,117,0,117,0,45,228,0,273,20,0,20,293
12/05/2021,APF,FL,ASO,ES,Federal Contract Tower,0,85,106,0,191,0,0,104,0,104,0,85,210,0,295,6,0,6,301
12/06/2021,APF,FL,ASO,ES,Federal Contract Tower,0,73,135,0,208,0,0,100,0,100,0,73,235,0,308,54,0,54,362
12/07/2021,APF,FL,ASO,ES,Federal Contract Tower,0,81,139,0,220,0,0,116,0,116,0,81,255,0,336,76,0,76,412
12/08/2021,APF,FL,ASO,ES,Federal Contract Tower,0,78,110,0,188,0,1,173,0,174,0,79,283,0,362,78,0,78,440
12/09/2021,APF,FL,ASO,ES,Federal Contract Tower,0,80,100,0,180,0,2,55,0,57,0,82,155,0,237,20,0,20,257
12/10/2021,APF,FL,ASO,ES,Federal Contract Tower,0,76,109,1,186,0,1,116,0,117,0,77,225,1,303,56,0,56,359
12/11/2021,APF,FL,ASO,ES,Federal Contract Tower,0,63,77,1,141,0,0,148,0,148,0,63,225,1,289,24,0,24,313
12/12/2021,APF,FL,ASO,ES,Federal Contract Tower,0,106,123,0,229,0,0,111,0,111,0,106,234,0,340,14,0,14,354
12/13/2021,APF,FL,ASO,ES,Federal Contract Tower,0,78,120,0,198,0,2,74,0,76,0,80,194,0,274,30,0,30,304
12/14/2021,APF,FL,ASO,ES,Federal Contract Tower,0,77,136,0,213,0,0,96,0,96,0,77,232,0,309,68,0,68,377
12/15/2021,APF,FL,ASO,ES,Federal Contract Tower,0,72,119,2,193,0,0,135,0,135,0,72,254,2,328,47,0,47,375
12/16/2021,APF,FL,ASO,ES,Federal Contract Tower,0,101,137,0,238,0,1,151,0,152,0,102,288,0,390,72,0,72,462
12/17/2021,APF,FL,ASO,ES,Federal Contract Tower,0,113,158,0,271,0,3,149,0,152,0,116,307,0,423,30,8,38,461
12/18/2021,APF,FL,ASO,ES,Federal Contract Tower,0,101,114,0,215,0,0,94,0,94,0,101,208,0,309,36,0,36,345
12/19/2021,APF,FL,ASO,ES,Federal Contract Tower,0,94,134,0,228,0,0,92,0,92,0,94,226,0,320,22,0,22,342
12/20/2021,APF,FL,ASO,ES,Federal Contract Tower,0,96,116,0,212,0,2,102,0,104,0,98,218,0,316,54,0,54,370
12/21/2021,APF,FL,ASO,ES,Federal Contract Tower,0,82,97,0,179,0,0,13,0,13,0,82,110,0,192,62,0,62,254
12/22/2021,APF,FL,ASO,ES,Federal Contract Tower,0,96,121,0,217,0,0,96,2,98,0,96,217,2,315,66,0,66,381
12/23/2021,APF,FL,ASO,ES,Federal Contract Tower,0,108,136,0,244,0,0,109,0,109,0,108,245,0,353,50,0,50,403
12/24/2021,APF,FL,ASO,ES,Federal Contract Tower,0,43,35,0,78,0,2,70,0,72,0,45,105,0,150,44,0,44,194
12/25/2021,APF,FL,ASO,ES,Federal Contract Tower,0,103,57,0,160,0,0,43,0,43,0,103,100,0,203,4,0,4,207
12/26/2021,APF,FL,ASO,ES,Federal Contract Tower,0,143,240,4,387,0,1,98,0,99,0,144,338,4,486,0,0,0,486
12/27/2021,APF,FL,ASO,ES,Federal Contract Tower,0,172,196,0,368,0,0,171,0,171,0,172,367,0,539,0,0,0,539
12/28/2021,APF,FL,ASO,ES,Federal Contract Tower,0,158,187,0,345,0,0,183,0,183,0,158,370,0,528,18,0,18,546
12/29/2021,APF,FL,ASO,ES,Federal Contract Tower,0,173,152,0,325,0,3,129,0,132,0,176,281,0,457,28,0,28,485
12/30/2021,APF,FL,ASO,ES,Federal Contract Tower,0,143,170,0,313,0,0,98,0,98,0,143,268,0,411,4,0,4,415
12/31/2021,APF,FL,ASO,ES,Federal Contract Tower,0,99,131,0,230,0,1,63,0,64,0,100,194,0,294,2,0,2,296
01/01/2022,APF,FL,ASO,ES,Federal Contract Tower,0,119,119,1,239,0,7,66,0,73,0,126,185,1,312,8,0,8,320
01/02/2022,APF,FL,ASO,ES,Federal Contract Tower,0,149,227,0,376,0,0,65,0,65,0,149,292,0,441,4,0,4,445
01/03/2022,APF,FL,ASO,ES,Federal Contract Tower,0,160,195,0,355,0,1,78,0,79,0,161,273,0,434,0,0,0,434
01/04/2022,APF,FL,ASO,ES,Federal Contract Tower,0,126,167,0,293,0,1,115,0,116,0,127,282,0,409,18,0,18,427
01/05/2022,APF,FL,ASO,ES,Federal Contract Tower,0,94,120,0,214,0,0,115,0,115,0,94,235,0,329,40,0,40,369
01/06/2022,APF,FL,ASO,ES,Federal Contract Tower,0,104,150,0,254,0,1,145,0,146,0,105,295,0,400,44,0,44,444
01/07/2022,APF,FL,ASO,ES,Federal Contract Tower,0,98,142,2,242,0,1,117,0,118,0,99,259,2,360,74,2,76,436
01/08/2022,APF,FL,ASO,ES,Federal Contract Tower,0,102,111,0,213,0,3,144,0,147,0,105,255,0,360,66,0,66,426
01/09/2022,APF,FL,ASO,ES,Federal Contract Tower,0,103,164,0,267,0,2,96,0,98,0,105,260,0,365,28,0,28,393
01/10/2022,APF,FL,ASO,ES,Federal Contract Tower,0,64,126,0,190,0,2,118,0,120,0,66,244,0,310,58,0,58,368
01/11/2022,APF,FL,ASO,ES,Federal Contract Tower,0,72,113,0,185,0,0,101,0,101,0,72,214,0,286,62,0,62,348
01/12/2022,APF,FL,ASO,ES,Federal Contract Tower,0,92,153,0,245,0,1,128,2,131,0,93,281,2,376,54,0,54,430
01/13/2022,APF,FL,ASO,ES,Federal Contract Tower,0,98,143,0,241,0,1,109,0,110,0,99,252,0,351,40,0,40,391
01/14/2022,APF,FL,ASO,ES,Federal Contract Tower,0,110,163,8,281,0,2,187,0,189,0,112,350,8,470,23,0,23,493
01/15/2022,APF,FL,ASO,ES,Federal Contract Tower,0,82,118,0,200,0,0,188,0,188,0,82,306,0,388,32,0,32,420
01/16/2022,APF,FL,ASO,ES,Federal Contract Tower,0,69,80,0,149,0,0,13,0,13,0,69,93,0,162,0,0,0,162
01/17/2022,APF,FL,ASO,ES,Federal Contract Tower,0,104,160,0,264,0,3,101,0,104,0,107,261,0,368,18,0,18,386
01/18/2022,APF,FL,ASO,ES,Federal Contract Tower,0,91,134,0,225,0,0,166,0,166,0,91,300,0,391,120,0,120,511
01/19/2022,APF,FL,ASO,ES,Federal Contract Tower,0,93,136,0,229,0,2,158,0,160,0,95,294,0,389,34,0,34,423
01/20/2022,APF,FL,ASO,ES,Federal Contract Tower,0,107,145,0,252,0,0,111,0,111,0,107,256,0,363,52,0,52,415
01/21/2022,APF,FL,ASO,ES,Federal Contract Tower,0,79,123,6,208,0,3,84,0,87,0,82,207,6,295,34,0,34,329
01/22/2022,APF,FL,ASO,ES,Federal Contract Tower,0,80,95,0,175,0,0,1,0,1,0,80,96,0,176,0,0,0,176
01/23/2022,APF,FL,ASO,ES,Federal Contract Tower,0,111,156,0,267,0,0,30,0,30,0,111,186,0,297,0,0,0,297
01/24/2022,APF,FL,ASO,ES,Federal Contract Tower,0,63,153,2,218,0,0,162,0,162,0,63,315,2,380,26,0,26,406
01/25/2022,APF,FL,ASO,ES,Federal Contract Tower,0,66,99,0,165,0,1,150,0,151,0,67,249,0,316,70,0,70,386
01/26/2022,APF,FL,ASO,ES,Federal Contract Tower,0,72,138,0,210,0,0,46,0,46,0,72,184,0,256,24,0,24,280
01/27/2022,APF,FL,ASO,ES,Federal Contract Tower,0,105,160,2,267,0,1,119,0,120,0,106,279,2,387,28,0,28,415
01/28/2022,APF,FL,ASO,ES,Federal Contract Tower,0,72,148,0,220,0,2,14,0,16,0,74,162,0,236,26,0,26,262
01/29/2022,APF,FL,ASO,ES,Federal Contract Tower,0,76,72,0,148,0,0,44,0,44,0,76,116,0,192,14,0,14,206
01/30/2022,APF,FL,ASO,ES,Federal Contract Tower,0,116,151,0,267,0,0,177,0,177,0,116,328,0,444,6,0,6,450
01/31/2022,APF,FL,ASO,ES,Federal Contract Tower,0,93,165,0,258,0,0,178,0,178,0,93,343,0,436,30,0,30,466
02/01/2022,APF,FL,ASO,ES,Federal Contract Tower,0,87,143,0,230,0,0,120,0,120,0,87,263,0,350,48,0,48,398
02/02/2022,APF,FL,ASO,ES,Federal Contract Tower,0,82,134,4,220,0,1,144,0,145,0,83,278,4,365,8,0,8,373
02/03/2022,APF,FL,ASO,ES,Federal Contract Tower,0,115,133,0,248,0,2,113,0,115,0,117,246,0,363,38,0,38,401
02/04/2022,APF,FL,ASO,ES,Federal Contract Tower,0,65,157,0,222,0,1,157,0,158,0,66,314,0,380,28,0,28,408
02/05/2022,APF,FL,ASO,ES,Federal Contract Tower,0,64,143,0,207,0,0,99,0,99,0,64,242,0,306,30,0,30,336
02/06/2022,APF,FL,ASO,ES,Federal Contract Tower,0,98,184,0,282,0,1,89,0,90,0,99,273,0,372,6,0,6,378
02/07/2022,APF,FL,ASO,ES,Federal Contract Tower,0,86,158,0,244,0,0,94,2,96,0,86,252,2,340,52,0,52,392
02/08/2022,APF,FL,ASO,ES,Federal Contract Tower,0,67,152,2,221,0,0,60,0,60,0,67,212,2,281,46,0,46,327
02/09/2022,APF,FL,ASO,ES,Federal Contract Tower,0,73,168,4,245,0,1,59,0,60,0,74,227,4,305,24,0,24,329
02/10/2022,APF,FL,ASO,ES,Federal Contract Tower,0,106,212,0,318,0,1,187,0,188,0,107,399,0,506,32,0,32,538
02/11/2022,APF,FL,ASO,ES,Federal Contract Tower,0,104,166,0,270,0,6,152,0,158,0,110,318,0,428,100,0,100,528
02/12/2022,APF,FL,ASO,ES,Federal Contract Tower,0,86,128,1,215,0,0,151,0,151,0,86,279,1,366,36,0,36,402
02/13/2022,APF,FL,ASO,ES,Federal Contract Tower,0,84,138,0,222,0,0,47,0,47,0,84,185,0,269,4,4,8,277
02/14/2022,APF,FL,ASO,ES,Federal Contract Tower,0,118,191,0,309,0,0,123,0,123,0,118,314,0,432,28,0,28,460
02/15/2022,APF,FL,ASO,ES,Federal Contract Tower,0,88,155,4,247,0,1,141,0,142,0,89,296,4,389,22,0,22,411
02/16/2022,APF,FL,ASO,ES,Federal Contract Tower,0,117,183,0,300,0,4,130,0,134,0,121,313,0,434,52,0,52,486
02/17/2022,APF,FL,ASO,ES,Federal Contract Tower,0,91,181,0,272,0,0,131,0,131,0,91,312,0,403,88,0,88,491
02/18/2022,APF,FL,ASO,ES,Federal Contract Tower,0,129,195,0,324,0,0,147,0,147,0,129,342,0,471,14,0,14,485
02/19/2022,APF,FL,ASO,ES,Federal Contract Tower,0,114,156,0,270,0,0,54,0,54,0,114,210,0,324,2,0,2,326
02/20/2022,APF,FL,ASO,ES,Federal Contract Tower,0,122,174,0,296,0,1,122,0,123,0,123,296,0,419,6,0,6,425
02/21/2022,APF,FL,ASO,ES,Federal Contract Tower,0,132,187,0,319,0,2,195,0,197,0,134,382,0,516,4,0,4,520
02/22/2022,APF,FL,ASO,ES,Federal Contract Tower,0,122,153,0,275,0,0,151,0,151,0,122,304,0,426,102,0,102,528
02/23/2022,APF,FL,ASO,ES,Federal Contract Tower,0,116,189,0,305,0,2,167,0,169,0,118,356,0,474,88,0,88,562
02/24/2022,APF,FL,ASO,ES,Federal Contract Tower,0,109,222,2,333,0,0,142,0,142,0,109,364,2,475,48,0,48,523
02/25/2022,APF,FL,ASO,ES,Federal Contract Tower,0,112,167,0,279,0,3,134,0,137,0,115,301,0,416,90,0,90,506
02/26/2022,APF,FL,ASO,ES,Federal Contract Tower,0,108,149,0,257,0,0,123,0,123,0,108,272,0,380,20,0,20,400
02/27/2022,APF,FL,ASO,ES,Federal Contract Tower,0,117,198,0,315,0,1,115,0,116,0,118,313,0,431,42,0,42,473
02/28/2022,APF,FL,ASO,ES,Federal Contract Tower,0,104,158,0,262,0,0,125,0,125,0,104,283,0,387,84,0,84,471
03/01/2022,APF,FL,ASO,ES,Federal Contract Tower,0,81,155,8,244,0,0,128,0,128,0,81,283,8,372,106,0,106,478
03/02/2022,APF,FL,ASO,ES,Federal Contract Tower,0,110,148,0,258,0,0,176,0,176,0,110,324,0,434,106,0,106,540
03/03/2022,APF,FL,ASO,ES,Federal Contract Tower,0,98,191,0,289,0,1,148,0,149,0,99,339,0,438,52,0,52,490
03/04/2022,APF,FL,ASO,ES,Federal Contract Tower,0,102,163,0,265,0,3,173,0,176,0,105,336,0,441,114,0,114,555
03/05/2022,APF,FL,ASO,ES,Federal Contract Tower,0,97,154,0,251,0,0,95,0,95,0,97,249,0,346,6,0,6,352
03/06/2022,APF,FL,ASO,ES,Federal Contract Tower,0,127,197,0,324,0,2,116,0,118,0,129,313,0,442,6,0,6,448
03/07/2022,APF,FL,ASO,ES,Federal Contract Tower,0,75,143,0,218,0,0,135,0,135,0,75,278,0,353,106,0,106,459
03/08/2022,APF,FL,ASO,ES,Federal Contract Tower,0,93,162,2,257,0,0,143,0,143,0,93,305,2,400,50,0,50,450
03/09/2022,APF,FL,ASO,ES,Federal Contract Tower,0,102,152,0,254,0,2,128,1,131,0,104,280,1,385,120,0,120,505
03/10/2022,APF,FL,ASO,ES,Federal Contract Tower,0,120,174,3,297,0,2,93,0,95,0,122,267,3,392,32,0,32,424
03/11/2022,APF,FL,ASO,ES,Federal Contract Tower,0,103,132,2,237,0,2,86,0,88,0,105,218,2,325,26,0,26,351
03/12/2022,APF,FL,ASO,ES,Federal Contract Tower,0,91,111,0,202,0,0,11,0,11,0,91,122,0,213,0,0,0,213
03/13/2022,APF,FL,ASO,ES,Federal Contract Tower,0,117,187,0,304,0,1,100,0,101,0,118,287,0,405,10,0,10,415
03/14/2022,APF,FL,ASO,ES,Federal Contract Tower,0,97,154,8,259,0,0,141,0,141,0,97,295,8,400,88,0,88,488
03/15/2022,APF,FL,ASO,ES,Federal Contract Tower,0,98,147,0,245,0,0,49,0,49,0,98,196,0,294,64,0,64,358
03/16/2022,APF,FL,ASO,ES,Federal Contract Tower,0,89,157,0,246,0,1,57,0,58,0,90,214,0,304,56,0,56,360
03/17/2022,APF,FL,ASO,ES,Federal Contract Tower,0,113,203,0,316,0,0,120,2,122,0,113,323,2,438,34,0,34,472
03/18/2022,APF,FL,ASO,ES,Federal Contract Tower,0,121,178,0,299,0,0,185,2,187,0,121,363,2,486,84,0,84,570
03/19/2022,APF,FL,ASO,ES,Federal Contract Tower,0,146,193,0,339,0,0,131,0,131,0,146,324,0,470,0,0,0,470
03/20/2022,APF,FL,ASO,ES,Federal Contract Tower,0,143,181,0,324,0,2,64,0,66,0,145,245,0,390,0,0,0,390
03/21/2022,APF,FL,ASO,ES,Federal Contract Tower,0,98,120,4,222,0,1,146,0,147,0,99,266,4,369,84,0,84,453
03/22/2022,APF,FL,ASO,ES,Federal Contract Tower,0,83,125,0,208,0,1,152,0,153,0,84,277,0,361,90,0,90,451
03/23/2022,APF,FL,ASO,ES,Federal Contract Tower,0,93,113,0,206,0,0,93,0,93,0,93,206,0,299,62,0,62,361
03/24/2022,APF,FL,ASO,ES,Federal Contract Tower,0,119,159,0,278,0,1,101,1,103,0,120,260,1,381,42,0,42,423
03/25/2022,APF,FL,ASO,ES,Federal Contract Tower,0,114,184,0,298,0,2,154,0,156,0,116,338,0,454,60,0,60,514
03/26/2022,APF,FL,ASO,ES,Federal Contract Tower,0,129,155,0,284,0,0,154,0,154,0,129,309,0,438,38,0,38,476
03/27/2022,APF,FL,ASO,ES,Federal Contract Tower,0,138,170,0,308,0,0,110,0,110,0,138,280,0,418,36,0,36,454
03/28/2022,APF,FL,ASO,ES,Federal Contract Tower,0,84,169,0,253,0,0,154,0,154,0,84,323,0,407,86,0,86,493
03/29/2022,APF,FL,ASO,ES,Federal Contract Tower,0,96,108,0,204,0,0,165,0,165,0,96,273,0,369,78,0,78,447
03/30/2022,APF,FL,ASO,ES,Federal Contract Tower,0,113,119,4,236,0,1,123,0,124,0,114,242,4,360,118,0,118,478
03/31/2022,APF,FL,ASO,ES,Federal Contract Tower,0,125,121,0,246,0,4,85,0,89,0,129,206,0,335,40,0,40,375
04/01/2022,APF,FL,ASO,ES,Federal Contract Tower,0,106,187,8,301,0,1,98,0,99,0,107,285,8,400,48,0,48,448
04/02/2022,APF,FL,ASO,ES,Federal Contract Tower,0,127,126,0,253,0,0,67,0,67,0,127,193,0,320,4,0,4,324
04/03/2022,APF,FL,ASO,ES,Federal Contract Tower,0,158,245,0,403,0,3,56,0,59,0,161,301,0,462,6,0,6,468
04/04/2022,APF,FL,ASO,ES,Federal Contract Tower,0,95,190,2,287,0,0,129,0,129,0,95,319,2,416,74,0,74,490
04/05/2022,APF,FL,ASO,ES,Federal Contract Tower,0,97,128,0,225,0,0,158,0,158,0,97,286,0,383,56,0,56,439
04/06/2022,APF,FL,ASO,ES,Federal Contract Tower,0,92,160,0,252,0,0,160,0,160,0,92,320,0,412,110,0,110,522
04/07/2022,APF,FL,ASO,ES,Federal Contract Tower,0,94,157,0,251,0,2,67,0,69,0,96,224,0,320,38,0,38,358
04/08/2022,APF,FL,ASO,ES,Federal Contract Tower,0,88,159,0,247,0,0,162,0,162,0,88,321,0,409,100,0,100,509
04/09/2022,APF,FL,ASO,ES,Federal Contract Tower,0,90,130,0,220,0,3,84,0,87,0,93,214,0,307,24,0,24,331
04/10/2022,APF,FL,ASO,ES,Federal Contract Tower,0,117,156,0,273,0,0,172,0,172,0,117,328,0,445,26,0,26,471
04/11/2022,APF,FL,ASO,ES,Federal Contract Tower,0,105,138,0,243,0,2,157,0,159,0,107,295,0,402,84,0,84,486
04/12/2022,APF,FL,ASO,ES,Federal Contract Tower,0,100,88,0,188,0,0,128,0,128,0,100,216,0,316,56,0,56,372
04/13/2022,APF,FL,ASO,ES,Federal Contract Tower,0,91,156,0,247,0,0,165,0,165,0,91,321,0,412,96,0,96,508
04/14/2022,APF,FL,ASO,ES,Federal Contract Tower,0,153,185,0,338,0,0,161,0,161,0,153,346,0,499,68,0,68,567
04/15/2022,APF,FL,ASO,ES,Federal Contract Tower,0,117,168,0,285,0,0,113,0,113,0,117,281,0,398,60,0,60,458
04/16/2022,APF,FL,ASO,ES,Federal Contract Tower,0,75,96,0,171,0,1,135,0,136,0,76,231,0,307,54,0,54,361
04/17/2022,APF,FL,ASO,ES,Federal Contract Tower,0,95,86,0,181,0,0,78,0,78,0,95,164,0,259,42,0,42,301
04/18/2022,APF,FL,ASO,ES,Federal Contract Tower,0,150,200,0,350,0,0,185,0,185,0,150,385,0,535,66,0,66,601
04/19/2022,APF,FL,ASO,ES,Federal Contract Tower,0,93,144,0,237,0,0,155,0,155,0,93,299,0,392,40,0,40,432
04/20/2022,APF,FL,ASO,ES,Federal Contract Tower,0,118,160,2,280,0,0,128,0,128,0,118,288,2,408,50,0,50,458
04/21/2022,APF,FL,ASO,ES,Federal Contract Tower,0,98,140,0,238,0,4,122,0,126,0,102,262,0,364,22,0,22,386
04/22/2022,APF,FL,ASO,ES,Federal Contract Tower,0,105,148,0,253,0,2,105,0,107,0,107,253,0,360,44,0,44,404
04/23/2022,APF,FL,ASO,ES,Federal Contract Tower,0,89,120,1,210,0,2,93,0,95,0,91,213,1,305,52,0,52,357
04/24/2022,APF,FL,ASO,ES,Federal Contract Tower,0,128,144,1,273,0,2,123,0,125,0,130,267,1,398,20,0,20,418
04/25/2022,APF,FL,ASO,ES,Federal Contract Tower,0,113,132,4,249,0,2,146,0,148,0,115,278,4,397,48,12,60,457
04/26/2022,APF,FL,ASO,ES,Federal Contract Tower,0,67,117,0,184,0,0,139,0,139,0,67,256,0,323,68,0,68,391
04/27/2022,APF,FL,ASO,ES,Federal Contract Tower,0,89,133,4,226,0,3,152,0,155,0,92,285,4,381,88,0,88,469
04/28/2022,APF,FL,ASO,ES,Federal Contract Tower,0,96,168,1,265,0,0,133,0,133,0,96,301,1,398,92,0,92,490
04/29/2022,APF,FL,ASO,ES,Federal Contract Tower,0,92,157,0,249,0,2,135,0,137,0,94,292,0,386,64,0,64,450
04/30/2022,APF,FL,ASO,ES,Federal Contract Tower,0,69,104,0,173,0,0,67,0,67,0,69,171,0,240,4,0,4,244
05/01/2022,APF,FL,ASO,ES,Federal Contract Tower,0,94,148,0,242,0,0,60,0,60,0,94,208,0,302,8,0,8,310
05/02/2022,APF,FL,ASO,ES,Federal Contract Tower,0,64,130,0,194,0,0,112,0,112,0,64,242,0,306,80,0,80,386
05/03/2022,APF,FL,ASO,ES,Federal Contract Tower,0,91,108,0,199,0,2,104,0,106,0,93,212,0,305,70,0,70,375
05/04/2022,APF,FL,ASO,ES,Federal Contract Tower,0,87,134,0,221,0,1,76,0,77,0,88,210,0,298,32,0,32,330
05/05/2022,APF,FL,ASO,ES,Federal Contract Tower,0,107,133,2,242,0,1,125,0,126,0,108,258,2,368,96,0,96,464
05/06/2022,APF,FL,ASO,ES,Federal Contract Tower,0,92,132,0,224,0,2,117,0,119,0,94,249,0,343,96,0,96,439
05/07/2022,APF,FL,ASO,ES,Federal Contract Tower,0,73,90,0,163,0,0,37,0,37,0,73,127,0,200,38,0,38,238
05/08/2022,APF,FL,ASO,ES,Federal Contract Tower,0,85,109,0,194,0,0,64,0,64,0,85,173,0,258,2,0,2,260
05/09/2022,APF,FL,ASO,ES,Federal Contract Tower,0,95,117,0,212,0,0,158,0,158,0,95,275,0,370,96,0,96,466
05/10/2022,APF,FL,ASO,ES,Federal Contract Tower,0,72,98,0,170,0,0,127,0,127,0,72,225,0,297,110,0,110,407
05/11/2022,APF,FL,ASO,ES,Federal Contract Tower,0,71,111,0,182,0,0,151,0,151,0,71,262,0,333,54,0,54,387
05/12/2022,APF,FL,ASO,ES,Federal Contract Tower,0,87,113,0,200,0,0,99,0,99,0,87,212,0,299,32,0,32,331
05/13/2022,APF,FL,ASO,ES,Federal Contract Tower,0,65,119,0,184,0,2,116,0,118,0,67,235,0,302,44,0,44,346
05/14/2022,APF,FL,ASO,ES,Federal Contract Tower,0,71,58,0,129,0,0,81,0,81,0,71,139,0,210,2,2,4,214
05/15/2022,APF,FL,ASO,ES,Federal Contract Tower,0,92,103,0,195,0,0,78,0,78,0,92,181,0,273,4,0,4,277
05/16/2022,APF,FL,ASO,ES,Federal Contract Tower,0,68,103,0,171,0,0,123,0,123,0,68,226,0,294,34,0,34,328
05/17/2022,APF,FL,ASO,ES,Federal Contract Tower,0,66,104,0,170,0,0,127,0,127,0,66,231,0,297,46,0,46,343
05/18/2022,APF,FL,ASO,ES,Federal Contract Tower,0,56,118,0,174,0,2,135,0,137,0,58,253,0,311,80,0,80,391
05/19/2022,APF,FL,ASO,ES,Federal Contract Tower,0,84,128,0,212,0,1,135,0,136,0,85,263,0,348,72,0,72,420
05/20/2022,APF,FL,ASO,ES,Federal Contract Tower,0,83,79,0,162,0,0,63,0,63,0,83,142,0,225,32,0,32,257
05/21/2022,APF,FL,ASO,ES,Federal Contract Tower,0,55,69,0,124,0,0,58,0,58,0,55,127,0,182,16,0,16,198
05/22/2022,APF,FL,ASO,ES,Federal Contract Tower,0,70,84,0,154,0,0,72,0,72,0,70,156,0,226,28,0,28,254
05/23/2022,APF,FL,ASO,ES,Federal Contract Tower,0,67,114,0,181,0,0,81,0,81,0,67,195,0,262,4,0,4,266
05/24/2022,APF,FL,ASO,ES,Federal Contract Tower,0,71,84,0,155,0,0,93,0,93,0,71,177,0,248,38,0,38,286
05/25/2022,APF,FL,ASO,ES,Federal Contract Tower,0,78,130,0,208,0,0,104,0,104,0,78,234,0,312,46,0,46,358
05/26/2022,APF,FL,ASO,ES,Federal Contract Tower,0,67,109,0,176,0,2,79,0,81,0,69,188,0,257,68,0,68,325
05/27/2022,APF,FL,ASO,ES,Federal Contract Tower,0,47,104,0,151,0,1,92,0,93,0,48,196,0,244,12,0,12,256
05/28/2022,APF,FL,ASO,ES,Federal Contract Tower,0,34,78,0,112,0,0,75,0,75,0,34,153,0,187,52,0,52,239
05/29/2022,APF,FL,ASO,ES,Federal Contract Tower,0,41,44,0,85,0,1,45,0,46,0,42,89,0,131,12,0,12,143
05/30/2022,APF,FL,ASO,ES,Federal Contract Tower,0,54,69,0,123,0,0,57,0,57,0,54,126,0,180,34,0,34,214
05/31/2022,APF,FL,ASO,ES,Federal Contract Tower,0,66,94,0,160,0,0,91,4,95,0,66,185,4,255,56,0,56,311
06/01/2022,APF,FL,ASO,ES,Federal Contract Tower,0,57,97,4,158,0,0,87,12,99,0,57,184,16,257,44,0,44,301
06/02/2022,APF,FL,ASO,ES,Federal Contract Tower,0,47,99,0,146,0,0,93,0,93,0,47,192,0,239,88,0,88,327
06/03/2022,APF,FL,ASO,ES,Federal Contract Tower,0,32,66,0,98,0,0,0,0,0,0,32,66,0,98,0,0,0,98
06/04/2022,APF,FL,ASO,ES,Federal Contract Tower,0,23,30,0,53,0,1,10,0,11,0,24,40,0,64,0,0,0,64
06/05/2022,APF,FL,ASO,ES,Federal Contract Tower,0,42,88,0,130,0,0,74,0,74,0,42,162,0,204,36,0,36,240
06/06/2022,APF,FL,ASO,ES,Federal Contract Tower,0,43,97,0,140,0,0,88,0,88,0,43,185,0,228,68,0,68,296
06/07/2022,APF,FL,ASO,ES,Federal Contract Tower,0,43,84,0,127,0,2,69,0,71,0,45,153,0,198,114,0,114,312
06/08/2022,APF,FL,ASO,ES,Federal Contract Tower,0,43,75,0,118,0,1,104,0,105,0,44,179,0,223,30,0,30,253
06/09/2022,APF,FL,ASO,ES,Federal Contract Tower,0,51,91,0,142,0,1,58,0,59,0,52,149,0,201,70,0,70,271
06/10/2022,APF,FL,ASO,ES,Federal Contract Tower,0,35,88,0,123,0,1,59,0,60,0,36,147,0,183,90,0,90,273
06/11/2022,APF,FL,ASO,ES,Federal Contract Tower,0,46,68,0,114,0,0,73,0,73,0,46,141,0,187,32,0,32,219
06/12/2022,APF,FL,ASO,ES,Federal Contract Tower,0,41,78,0,119,0,0,76,0,76,0,41,154,0,195,42,0,42,237
06/13/2022,APF,FL,ASO,ES,Federal Contract Tower,0,34,80,4,118,0,0,115,0,115,0,34,195,4,233,56,8,64,297
06/14/2022,APF,FL,ASO,ES,Federal Contract Tower,0,27,75,0,102,0,0,86,0,86,0,27,161,0,188,70,0,70,258
06/15/2022,APF,FL,ASO,ES,Federal Contract Tower,0,34,72,0,106,0,0,113,0,113,0,34,185,0,219,106,0,106,325
06/16/2022,APF,FL,ASO,ES,Federal Contract Tower,0,37,72,0,109,0,0,111,0,111,0,37,183,0,220,62,0,62,282
06/17/2022,APF,FL,ASO,ES,Federal Contract Tower,0,34,70,0,104,0,0,95,0,95,0,34,165,0,199,70,0,70,269
06/18/2022,APF,FL,ASO,ES,Federal Contract Tower,0,26,56,0,82,0,0,89,0,89,0,26,145,0,171,24,0,24,195
06/19/2022,APF,FL,ASO,ES,Federal Contract Tower,0,39,51,0,90,0,0,55,0,55,0,39,106,0,145,10,0,10,155
06/20/2022,APF,FL,ASO,ES,Federal Contract Tower,0,35,61,0,96,0,3,82,0,85,0,38,143,0,181,56,0,56,237
06/21/2022,APF,FL,ASO,ES,Federal Contract Tower,0,37,72,0,109,0,1,110,0,111,0,38,182,0,220,98,0,98,318
06/22/2022,APF,FL,ASO,ES,Federal Contract Tower,0,40,42,0,82,0,5,122,0,127,0,45,164,0,209,162,0,162,371
06/23/2022,APF,FL,ASO,ES,Federal Contract Tower,0,48,66,0,114,0,0,112,0,112,0,48,178,0,226,128,0,128,354
06/24/2022,APF,FL,ASO,ES,Federal Contract Tower,0,33,72,0,105,0,4,89,0,93,0,37,161,0,198,144,0,144,342
06/25/2022,APF,FL,ASO,ES,Federal Contract Tower,0,35,50,0,85,0,0,73,0,73,0,35,123,0,158,42,0,42,200
06/26/2022,APF,FL,ASO,ES,Federal Contract Tower,0,38,65,2,105,0,0,41,0,41,0,38,106,2,146,8,0,8,154
06/27/2022,APF,FL,ASO,ES,Federal Contract Tower,0,47,64,0,111,0,3,112,0,115,0,50,176,0,226,58,0,58,284
06/28/2022,APF,FL,ASO,ES,Federal Contract Tower,0,27,64,0,91,0,3,102,0,105,0,30,166,0,196,38,0,38,234
06/29/2022,APF,FL,ASO,ES,Federal Contract Tower,0,40,68,0,108,0,0,97,0,97,0,40,165,0,205,86,0,86,291
06/30/2022,APF,FL,ASO,ES,Federal Contract Tower,0,51,73,0,124,0,1,94,0,95,0,52,167,0,219,88,0,88,307
07/01/2022,APF,FL,ASO,ES,Federal Contract Tower,0,42,80,0,122,0,3,73,0,76,0,45,153,0,198,84,0,84,282
07/02/2022,APF,FL,ASO,ES,Federal Contract Tower,0,31,60,0,91,0,1,57,0,58,0,32,117,0,149,18,0,18,167
07/03/2022,APF,FL,ASO,ES,Federal Contract Tower,0,22,32,0,54,0,0,77,0,77,0,22,109,0,131,50,0,50,181
07/04/2022,APF,FL,ASO,ES,Federal Contract Tower,0,15,21,0,36,0,0,48,0,48,0,15,69,0,84,24,0,24,108
07/05/2022,APF,FL,ASO,ES,Federal Contract Tower,0,32,64,0,96,0,0,72,0,72,0,32,136,0,168,14,0,14,182
07/06/2022,APF,FL,ASO,ES,Federal Contract Tower,0,42,66,0,108,0,1,53,0,54,0,43,119,0,162,106,0,106,268
07/07/2022,APF,FL,ASO,ES,Federal Contract Tower,0,48,61,0,109,0,0,72,0,72,0,48,133,0,181,90,0,90,271
07/08/2022,APF,FL,ASO,ES,Federal Contract Tower,0,33,69,0,102,0,2,86,0,88,0,35,155,0,190,62,0,62,252
07/09/2022,APF,FL,ASO,ES,Federal Contract Tower,0,27,54,2,83,0,0,89,0,89,0,27,143,2,172,24,0,24,196
07/10/2022,APF,FL,ASO,ES,Federal Contract Tower,0,34,54,0,88,0,1,33,0,34,0,35,87,0,122,4,0,4,126
07/11/2022,APF,FL,ASO,ES,Federal Contract Tower,0,33,69,0,102,0,0,78,0,78,0,33,147,0,180,40,0,40,220
07/12/2022,APF,FL,ASO,ES,Federal Contract Tower,0,40,56,0,96,0,0,105,0,105,0,40,161,0,201,66,0,66,267
07/13/2022,APF,FL,ASO,ES,Federal Contract Tower,0,25,66,0,91,0,1,107,0,108,0,26,173,0,199,54,0,54,253
07/14/2022,APF,FL,ASO,ES,Federal Contract Tower,0,31,70,0,101,0,0,76,0,76,0,31,146,0,177,34,0,34,211
07/15/2022,APF,FL,ASO,ES,Federal Contract Tower,0,27,74,0,101,0,0,65,0,65,0,27,139,0,166,62,0,62,228
07/16/2022,APF,FL,ASO,ES,Federal Contract Tower,0,19,50,0,69,0,0,78,0,78,0,19,128,0,147,82,0,82,229
07/17/2022,APF,FL,ASO,ES,Federal Contract Tower,0,37,57,0,94,0,0,62,0,62,0,37,119,0,156,30,0,30,186
07/18/2022,APF,FL,ASO,ES,Federal Contract Tower,0,24,78,0,102,0,1,109,0,110,0,25,187,0,212,50,0,50,262
07/19/2022,APF,FL,ASO,ES,Federal Contract Tower,0,37,66,0,103,0,0,108,0,108,0,37,174,0,211,110,0,110,321
07/20/2022,APF,FL,ASO,ES,Federal Contract Tower,0,28,66,0,94,0,0,91,0,91,0,28,157,0,185,108,0,108,293
07/21/2022,APF,FL,ASO,ES,Federal Contract Tower,0,36,62,0,98,0,0,84,0,84,0,36,146,0,182,80,0,80,262
07/22/2022,APF,FL,ASO,ES,Federal Contract Tower,0,36,78,0,114,0,0,75,0,75,0,36,153,0,189,46,0,46,235
07/23/2022,APF,FL,ASO,ES,Federal Contract Tower,0,33,46,0,79,0,0,71,0,71,0,33,117,0,150,32,0,32,182
07/24/2022,APF,FL,ASO,ES,Federal Contract Tower,0,39,70,0,109,0,2,63,0,65,0,41,133,0,174,4,0,4,178
07/25/2022,APF,FL,ASO,ES,Federal Contract Tower,0,33,50,5,88,0,0,90,0,90,0,33,140,5,178,22,0,22,200
07/26/2022,APF,FL,ASO,ES,Federal Contract Tower,0,40,40,0,80,0,0,61,0,61,0,40,101,0,141,98,0,98,239
07/27/2022,APF,FL,ASO,ES,Federal Contract Tower,0,30,54,2,86,0,2,89,0,91,0,32,143,2,177,68,0,68,245
07/28/2022,APF,FL,ASO,ES,Federal Contract Tower,0,38,77,0,115,0,2,136,0,138,0,40,213,0,253,52,0,52,305
07/29/2022,APF,FL,ASO,ES,Federal Contract Tower,0,26,63,0,89,0,0,85,0,85,0,26,148,0,174,60,0,60,234
07/30/2022,APF,FL,ASO,ES,Federal Contract Tower,0,36,60,0,96,0,1,85,0,86,0,37,145,0,182,54,0,54,236
07/31/2022,APF,FL,ASO,ES,Federal Contract Tower,0,27,69,0,96,0,2,81,0,83,0,29,150,0,179,32,0,32,211
08/01/2022,APF,FL,ASO,ES,Federal Contract Tower,0,20,61,0,81,0,0,80,0,80,0,20,141,0,161,70,0,70,231
08/02/2022,APF,FL,ASO,ES,Federal Contract Tower,0,25,54,0,79,0,1,97,0,98,0,26,151,0,177,72,0,72,249
08/03/2022,APF,FL,ASO,ES,Federal Contract Tower,0,21,63,0,84,0,1,78,0,79,0,22,141,0,163,72,0,72,235
08/04/2022,APF,FL,ASO,ES,Federal Contract Tower,0,27,70,0,97,0,0,71,0,71,0,27,141,0,168,110,0,110,278
08/05/2022,APF,FL,ASO,ES,Federal Contract Tower,0,29,75,0,104,0,2,60,0,62,0,31,135,0,166,86,0,86,252
08/06/2022,APF,FL,ASO,ES,Federal Contract Tower,0,39,41,2,82,0,0,52,0,52,0,39,93,2,134,10,0,10,144
08/07/2022,APF,FL,ASO,ES,Federal Contract Tower,0,34,70,0,104,0,0,65,0,65,0,34,135,0,169,18,0,18,187
08/08/2022,APF,FL,ASO,ES,Federal Contract Tower,0,29,68,0,97,0,0,132,0,132,0,29,200,0,229,112,0,112,341
08/09/2022,APF,FL,ASO,ES,Federal Contract Tower,0,25,66,0,91,0,0,90,0,90,0,25,156,0,181,66,0,66,247
08/10/2022,APF,FL,ASO,ES,Federal Contract Tower,0,32,56,0,88,0,0,113,0,113,0,32,169,0,201,81,0,81,282
08/11/2022,APF,FL,ASO,ES,Federal Contract Tower,0,43,60,0,103,0,0,128,0,128,0,43,188,0,231,36,0,36,267
08/12/2022,APF,FL,ASO,ES,Federal Contract Tower,0,26,69,0,95,0,0,121,0,121,0,26,190,0,216,62,0,62,278
08/13/2022,APF,FL,ASO,ES,Federal Contract Tower,0,24,41,0,65,0,0,84,0,84,0,24,125,0,149,32,0,32,181
08/14/2022,APF,FL,ASO,ES,Federal Contract Tower,0,31,63,0,94,0,0,71,0,71,0,31,134,0,165,6,0,6,171
08/15/2022,APF,FL,ASO,ES,Federal Contract Tower,0,28,46,0,74,0,0,70,0,70,0,28,116,0,144,110,0,110,254
08/16/2022,APF,FL,ASO,ES,Federal Contract Tower,0,22,51,0,73,0,0,97,0,97,0,22,148,0,170,142,0,142,312
08/17/2022,APF,FL,ASO,ES,Federal Contract Tower,0,40,69,4,113,0,2,100,0,102,0,42,169,4,215,72,0,72,287
08/18/2022,APF,FL,ASO,ES,Federal Contract Tower,0,37,73,0,110,0,2,72,0,74,0,39,145,0,184,90,0,90,274
08/19/2022,APF,FL,ASO,ES,Federal Contract Tower,0,25,61,0,86,0,2,88,0,90,0,27,149,0,176,82,0,82,258
08/20/2022,APF,FL,ASO,ES,Federal Contract Tower,0,23,42,0,65,0,0,108,0,108,0,23,150,0,173,46,0,46,219
08/21/2022,APF,FL,ASO,ES,Federal Contract Tower,0,41,63,0,104,0,0,60,0,60,0,41,123,0,164,22,0,22,186
08/22/2022,APF,FL,ASO,ES,Federal Contract Tower,0,22,51,2,75,0,0,77,0,77,0,22,128,2,152,90,0,90,242
08/23/2022,APF,FL,ASO,ES,Federal Contract Tower,0,37,46,0,83,0,0,118,0,118,0,37,164,0,201,84,0,84,285
08/24/2022,APF,FL,ASO,ES,Federal Contract Tower,0,31,64,0,95,0,0,111,0,111,0,31,175,0,206,90,0,90,296
08/25/2022,APF,FL,ASO,ES,Federal Contract Tower,0,29,63,1,93,0,0,98,0,98,0,29,161,1,191,30,0,30,221
08/26/2022,APF,FL,ASO,ES,Federal Contract Tower,0,30,57,9,96,0,0,93,0,93,0,30,150,9,189,52,0,52,241
08/27/2022,APF,FL,ASO,ES,Federal Contract Tower,0,30,35,0,65,0,0,60,0,60,0,30,95,0,125,72,0,72,197
08/28/2022,APF,FL,ASO,ES,Federal Contract Tower,0,41,66,4,111,0,0,51,0,51,0,41,117,4,162,28,0,28,190
08/29/2022,APF,FL,ASO,ES,Federal Contract Tower,0,27,41,0,68,0,0,54,0,54,0,27,95,0,122,22,0,22,144
08/30/2022,APF,FL,ASO,ES,Federal Contract Tower,0,33,36,0,69,0,0,79,0,79,0,33,115,0,148,46,0,46,194
08/31/2022,APF,FL,ASO,ES,Federal Contract Tower,0,31,62,0,93,0,0,107,0,107,0,31,169,0,200,80,0,80,280
09/01/2022,APF,FL,ASO,ES,Federal Contract Tower,0,38,66,0,104,0,1,82,0,83,0,39,148,0,187,50,0,50,237
09/02/2022,APF,FL,ASO,ES,Federal Contract Tower,0,47,76,0,123,0,0,111,0,111,0,47,187,0,234,68,0,68,302
09/03/2022,APF,FL,ASO,ES,Federal Contract Tower,0,21,35,0,56,0,2,68,0,70,0,23,103,0,126,34,0,34,160
09/04/2022,APF,FL,ASO,ES,Federal Contract Tower,0,17,33,0,50,0,4,107,0,111,0,21,140,0,161,6,0,6,167
09/05/2022,APF,FL,ASO,ES,Federal Contract Tower,0,55,58,0,113,0,0,96,0,96,0,55,154,0,209,16,0,16,225
09/06/2022,APF,FL,ASO,ES,Federal Contract Tower,0,35,73,0,108,0,0,106,0,106,0,35,179,0,214,112,0,112,326
09/07/2022,APF,FL,ASO,ES,Federal Contract Tower,0,42,41,1,84,0,2,98,0,100,0,44,139,1,184,82,0,82,266
09/08/2022,APF,FL,ASO,ES,Federal Contract Tower,0,35,46,0,81,0,1,89,0,90,0,36,135,0,171,42,0,42,213
09/09/2022,APF,FL,ASO,ES,Federal Contract Tower,0,34,69,2,105,0,2,86,0,88,0,36,155,2,193,60,0,60,253
09/10/2022,APF,FL,ASO,ES,Federal Contract Tower,0,21,32,0,53,0,0,54,0,54,0,21,86,0,107,2,0,2,109
09/11/2022,APF,FL,ASO,ES,Federal Contract Tower,0,42,63,0,105,0,0,54,0,54,0,42,117,0,159,16,0,16,175
09/12/2022,APF,FL,ASO,ES,Federal Contract Tower,0,32,63,0,95,0,0,72,0,72,0,32,135,0,167,70,0,70,237
09/13/2022,APF,FL,ASO,ES,Federal Contract Tower,0,25,55,0,80,0,2,69,0,71,0,27,124,0,151,32,0,32,183
09/14/2022,APF,FL,ASO,ES,Federal Contract Tower,0,32,42,0,74,0,1,76,0,77,0,33,118,0,151,38,0,38,189
09/15/2022,APF,FL,ASO,ES,Federal Contract Tower,0,50,71,0,121,0,0,67,0,67,0,50,138,0,188,60,0,60,248
09/16/2022,APF,FL,ASO,ES,Federal Contract Tower,0,34,62,0,96,0,0,51,0,51,0,34,113,0,147,34,0,34,181
09/17/2022,APF,FL,ASO,ES,Federal Contract Tower,0,31,34,0,65,0,0,90,0,90,0,31,124,0,155,44,0,44,199
09/18/2022,APF,FL,ASO,ES,Federal Contract Tower,0,33,82,0,115,0,0,88,0,88,0,33,170,0,203,56,0,56,259
09/19/2022,APF,FL,ASO,ES,Federal Contract Tower,0,42,56,0,98,0,1,81,0,82,0,43,137,0,180,42,0,42,222
09/20/2022,APF,FL,ASO,ES,Federal Contract Tower,0,30,41,0,71,0,0,99,0,99,0,30,140,0,170,44,0,44,214
09/21/2022,APF,FL,ASO,ES,Federal Contract Tower,0,43,81,0,124,0,0,102,0,102,0,43,183,0,226,68,0,68,294
09/22/2022,APF,FL,ASO,ES,Federal Contract Tower,0,42,71,0,113,0,0,100,0,100,0,42,171,0,213,84,0,84,297
09/23/2022,APF,FL,ASO,ES,Federal Contract Tower,0,37,80,0,117,0,2,127,0,129,0,39,207,0,246,78,0,78,324
09/24/2022,APF,FL,ASO,ES,Federal Contract Tower,0,31,48,0,79,0,0,63,0,63,0,31,111,0,142,58,0,58,200
09/25/2022,APF,FL,ASO,ES,Federal Contract Tower,0,55,77,2,134,0,0,63,10,73,0,55,140,12,207,38,0,38,245
09/26/2022,APF,FL,ASO,ES,Federal Contract Tower,0,71,84,0,155,0,7,82,0,89,0,78,166,0,244,44,0,44,288
09/27/2022,APF,FL,ASO,ES,Federal Contract Tower,0,24,24,0,48,0,0,1,0,1,0,24,25,0,49,0,0,0,49
09/28/2022,APF,FL,ASO,ES,Federal Contract Tower,0,0,0,0,0,0,0,0,0,0,0,0,0,0,0,0,0,0,0
09/30/2022,APF,FL,ASO,ES,Federal Contract Tower,0,24,50,0,74,0,0,16,0,16,0,24,66,0,90,0,0,0,90
10/01/2022,APF,FL,ASO,ES,Federal Contract Tower,0,42,77,0,119,0,0,62,0,62,0,42,139,0,181,0,0,0,181
10/02/2022,APF,FL,ASO,ES,Federal Contract Tower,0,70,62,0,132,0,1,100,0,101,0,71,162,0,233,0,0,0,233
10/03/2022,APF,FL,ASO,ES,Federal Contract Tower,0,71,86,0,157,0,0,102,0,102,0,71,188,0,259,0,0,0,259
10/04/2022,APF,FL,ASO,ES,Federal Contract Tower,0,69,87,0,156,0,0,99,0,99,0,69,186,0,255,2,0,2,257
10/05/2022,APF,FL,ASO,ES,Federal Contract Tower,0,68,71,0,139,0,0,50,0,50,0,68,121,0,189,2,0,2,191
10/06/2022,APF,FL,ASO,ES,Federal Contract Tower,0,67,80,0,147,0,1,114,0,115,0,68,194,0,262,40,0,40,302
10/07/2022,APF,FL,ASO,ES,Federal Contract Tower,0,61,75,0,136,0,0,82,0,82,0,61,157,0,218,42,0,42,260
10/08/2022,APF,FL,ASO,ES,Federal Contract Tower,0,53,64,0,117,0,1,68,0,69,0,54,132,0,186,12,0,12,198
10/09/2022,APF,FL,ASO,ES,Federal Contract Tower,0,67,71,0,138,0,0,37,0,37,0,67,108,0,175,4,0,4,179
10/10/2022,APF,FL,ASO,ES,Federal Contract Tower,0,67,100,0,167,0,0,65,0,65,0,67,165,0,232,10,0,10,242
10/11/2022,APF,FL,ASO,ES,Federal Contract Tower,0,42,79,0,121,0,0,62,0,62,0,42,141,0,183,38,0,38,221
10/12/2022,APF,FL,ASO,ES,Federal Contract Tower,0,39,82,0,121,0,0,102,0,102,0,39,184,0,223,72,0,72,295
10/13/2022,APF,FL,ASO,ES,Federal Contract Tower,0,40,81,0,121,0,0,59,0,59,0,40,140,0,180,52,0,52,232
10/14/2022,APF,FL,ASO,ES,Federal Contract Tower,0,53,89,0,142,0,0,112,0,112,0,53,201,0,254,56,0,56,310
10/15/2022,APF,FL,ASO,ES,Federal Contract Tower,0,57,56,0,113,0,0,66,0,66,0,57,122,0,179,8,0,8,187
10/16/2022,APF,FL,ASO,ES,Federal Contract Tower,0,75,86,0,161,0,3,61,0,64,0,78,147,0,225,4,0,4,229
10/17/2022,APF,FL,ASO,ES,Federal Contract Tower,0,69,99,0,168,0,1,80,0,81,0,70,179,0,249,36,0,36,285
10/18/2022,APF,FL,ASO,ES,Federal Contract Tower,0,59,99,0,158,0,0,75,0,75,0,59,174,0,233,80,0,80,313
10/19/2022,APF,FL,ASO,ES,Federal Contract Tower,0,48,102,0,150,0,1,83,0,84,0,49,185,0,234,70,0,70,304
10/20/2022,APF,FL,ASO,ES,Federal Contract Tower,0,80,108,0,188,0,0,108,0,108,0,80,216,0,296,88,0,88,384
10/21/2022,APF,FL,ASO,ES,Federal Contract Tower,0,61,116,0,177,0,0,143,0,143,0,61,259,0,320,70,0,70,390
10/22/2022,APF,FL,ASO,ES,Federal Contract Tower,0,40,50,0,90,0,0,96,0,96,0,40,146,0,186,28,0,28,214
10/23/2022,APF,FL,ASO,ES,Federal Contract Tower,0,76,79,0,155,0,6,112,0,118,0,82,191,0,273,30,0,30,303
10/24/2022,APF,FL,ASO,ES,Federal Contract Tower,0,54,109,0,163,0,0,109,0,109,0,54,218,0,272,118,0,118,390
10/25/2022,APF,FL,ASO,ES,Federal Contract Tower,0,47,76,0,123,0,0,122,0,122,0,47,198,0,245,184,0,184,429
10/26/2022,APF,FL,ASO,ES,Federal Contract Tower,0,65,96,0,161,0,0,120,0,120,0,65,216,0,281,64,2,66,347
10/27/2022,APF,FL,ASO,ES,Federal Contract Tower,0,86,126,0,212,0,0,149,0,149,0,86,275,0,361,94,0,94,455
10/28/2022,APF,FL,ASO,ES,Federal Contract Tower,0,67,121,0,188,0,0,123,0,123,0,67,244,0,311,88,0,88,399
10/29/2022,APF,FL,ASO,ES,Federal Contract Tower,0,62,75,2,139,0,0,87,0,87,0,62,162,2,226,34,0,34,260
10/30/2022,APF,FL,ASO,ES,Federal Contract Tower,0,70,79,0,149,0,2,69,0,71,0,72,148,0,220,0,0,0,220
10/31/2022,APF,FL,ASO,ES,Federal Contract Tower,0,87,102,0,189,0,2,95,0,97,0,89,197,0,286,94,0,94,380
11/01/2022,APF,FL,ASO,ES,Federal Contract Tower,0,75,103,0,178,0,1,115,0,116,0,76,218,0,294,94,0,94,388
11/02/2022,APF,FL,ASO,ES,Federal Contract Tower,0,67,99,0,166,0,2,68,0,70,0,69,167,0,236,68,0,68,304
11/03/2022,APF,FL,ASO,ES,Federal Contract Tower,0,49,131,0,180,0,0,137,0,137,0,49,268,0,317,54,0,54,371
11/04/2022,APF,FL,ASO,ES,Federal Contract Tower,0,56,126,2,184,0,0,144,0,144,0,56,270,2,328,162,0,162,490
11/05/2022,APF,FL,ASO,ES,Federal Contract Tower,0,48,63,0,111,0,0,67,0,67,0,48,130,0,178,50,0,50,228
11/06/2022,APF,FL,ASO,ES,Federal Contract Tower,0,63,106,0,169,0,0,64,0,64,0,63,170,0,233,20,0,20,253
11/07/2022,APF,FL,ASO,ES,Federal Contract Tower,0,62,106,0,168,0,0,116,0,116,0,62,222,0,284,92,0,92,376
11/08/2022,APF,FL,ASO,ES,Federal Contract Tower,0,59,99,0,158,0,0,121,0,121,0,59,220,0,279,42,0,42,321
11/09/2022,APF,FL,ASO,ES,Federal Contract Tower,0,56,53,0,109,0,0,18,0,18,0,56,71,0,127,14,0,14,141
11/10/2022,APF,FL,ASO,ES,Federal Contract Tower,0,33,43,0,76,0,0,16,0,16,0,33,59,0,92,0,0,0,92
11/11/2022,APF,FL,ASO,ES,Federal Contract Tower,0,58,96,1,155,0,0,115,1,116,0,58,211,2,271,74,0,74,345
11/12/2022,APF,FL,ASO,ES,Federal Contract Tower,0,54,87,0,141,0,1,110,0,111,0,55,197,0,252,42,0,42,294
11/13/2022,APF,FL,ASO,ES,Federal Contract Tower,0,83,129,0,212,0,0,95,0,95,0,83,224,0,307,14,0,14,321
11/14/2022,APF,FL,ASO,ES,Federal Contract Tower,0,79,136,0,215,0,0,89,0,89,0,79,225,0,304,46,0,46,350
11/15/2022,APF,FL,ASO,ES,Federal Contract Tower,0,75,105,0,180,0,1,158,0,159,0,76,263,0,339,82,0,82,421
11/16/2022,APF,FL,ASO,ES,Federal Contract Tower,0,73,129,0,202,0,0,168,0,168,0,73,297,0,370,152,0,152,522
11/17/2022,APF,FL,ASO,ES,Federal Contract Tower,0,93,148,0,241,0,0,133,0,133,0,93,281,0,374,92,0,92,466
11/18/2022,APF,FL,ASO,ES,Federal Contract Tower,0,92,143,0,235,0,3,120,0,123,0,95,263,0,358,76,0,76,434
11/19/2022,APF,FL,ASO,ES,Federal Contract Tower,0,127,108,0,235,0,0,122,0,122,0,127,230,0,357,10,0,10,367
11/20/2022,APF,FL,ASO,ES,Federal Contract Tower,0,84,123,0,207,0,2,37,0,39,0,86,160,0,246,8,0,8,254
11/21/2022,APF,FL,ASO,ES,Federal Contract Tower,0,67,95,2,164,0,0,64,2,66,0,67,159,4,230,94,0,94,324
11/22/2022,APF,FL,ASO,ES,Federal Contract Tower,0,78,139,0,217,0,1,69,0,70,0,79,208,0,287,72,0,72,359
11/23/2022,APF,FL,ASO,ES,Federal Contract Tower,0,85,100,0,185,0,0,69,0,69,0,85,169,0,254,16,0,16,270
11/24/2022,APF,FL,ASO,ES,Federal Contract Tower,0,18,27,0,45,0,0,25,0,25,0,18,52,0,70,22,0,22,92
11/25/2022,APF,FL,ASO,ES,Federal Contract Tower,0,62,47,0,109,0,1,85,0,86,0,63,132,0,195,54,0,54,249
11/26/2022,APF,FL,ASO,ES,Federal Contract Tower,0,111,120,0,231,0,1,89,0,90,0,112,209,0,321,16,0,16,337
11/27/2022,APF,FL,ASO,ES,Federal Contract Tower,0,110,166,0,276,0,2,83,0,85,0,112,249,0,361,0,0,0,361
11/28/2022,APF,FL,ASO,ES,Federal Contract Tower,0,99,116,0,215,0,1,53,0,54,0,100,169,0,269,22,0,22,291
11/29/2022,APF,FL,ASO,ES,Federal Contract Tower,0,73,122,0,195,0,0,128,0,128,0,73,250,0,323,84,0,84,407
11/30/2022,APF,FL,ASO,ES,Federal Contract Tower,0,72,104,0,176,0,0,137,0,137,0,72,241,0,313,98,0,98,411
12/01/2022,APF,FL,ASO,ES,Federal Contract Tower,0,87,89,0,176,0,2,114,0,116,0,89,203,0,292,96,0,96,388
12/02/2022,APF,FL,ASO,ES,Federal Contract Tower,0,45,101,0,146,0,1,104,0,105,0,46,205,0,251,62,0,62,313
12/03/2022,APF,FL,ASO,ES,Federal Contract Tower,0,60,82,0,142,0,2,76,0,78,0,62,158,0,220,34,0,34,254
12/04/2022,APF,FL,ASO,ES,Federal Contract Tower,0,84,99,0,183,0,0,103,0,103,0,84,202,0,286,14,0,14,300
12/05/2022,APF,FL,ASO,ES,Federal Contract Tower,0,36,66,0,102,0,0,116,0,116,0,36,182,0,218,92,0,92,310
12/06/2022,APF,FL,ASO,ES,Federal Contract Tower,0,63,77,0,140,0,0,138,0,138,0,63,215,0,278,124,0,124,402
12/07/2022,APF,FL,ASO,ES,Federal Contract Tower,0,53,77,0,130,0,2,115,0,117,0,55,192,0,247,86,0,86,333
12/08/2022,APF,FL,ASO,ES,Federal Contract Tower,0,57,103,5,165,0,1,103,4,108,0,58,206,9,273,96,0,96,369
12/09/2022,APF,FL,ASO,ES,Federal Contract Tower,0,60,88,0,148,0,4,81,0,85,0,64,169,0,233,46,0,46,279
12/10/2022,APF,FL,ASO,ES,Federal Contract Tower,0,43,98,0,141,0,0,91,0,91,0,43,189,0,232,66,0,66,298
12/11/2022,APF,FL,ASO,ES,Federal Contract Tower,0,77,104,0,181,0,0,79,0,79,0,77,183,0,260,18,0,18,278
12/12/2022,APF,FL,ASO,ES,Federal Contract Tower,0,93,97,0,190,0,0,90,0,90,0,93,187,0,280,158,0,158,438
12/13/2022,APF,FL,ASO,ES,Federal Contract Tower,0,53,91,1,145,0,0,126,0,126,0,53,217,1,271,120,0,120,391
12/14/2022,APF,FL,ASO,ES,Federal Contract Tower,0,73,86,0,159,0,0,133,0,133,0,73,219,0,292,74,0,74,366
12/15/2022,APF,FL,ASO,ES,Federal Contract Tower,0,70,86,0,156,0,0,88,0,88,0,70,174,0,244,24,0,24,268
12/16/2022,APF,FL,ASO,ES,Federal Contract Tower,0,85,143,4,232,0,3,73,0,76,0,88,216,4,308,42,0,42,350
12/17/2022,APF,FL,ASO,ES,Federal Contract Tower,0,66,94,0,160,0,0,75,4,79,0,66,169,4,239,6,0,6,245
12/18/2022,APF,FL,ASO,ES,Federal Contract Tower,0,81,117,0,198,0,80,0,0,80,0,161,117,0,278,4,0,4,282
12/19/2022,APF,FL,ASO,ES,Federal Contract Tower,0,65,98,0,163,0,0,111,0,111,0,65,209,0,274,34,0,34,308
12/20/2022,APF,FL,ASO,ES,Federal Contract Tower,0,66,87,0,153,0,2,65,0,67,0,68,152,0,220,26,0,26,246
12/21/2022,APF,FL,ASO,ES,Federal Contract Tower,0,102,122,0,224,0,0,74,0,74,0,102,196,0,298,34,0,34,332
12/22/2022,APF,FL,ASO,ES,Federal Contract Tower,0,98,98,0,196,0,0,27,0,27,0,98,125,0,223,0,0,0,223
12/23/2022,APF,FL,ASO,ES,Federal Contract Tower,0,57,68,0,125,0,0,47,0,47,0,57,115,0,172,2,0,2,174
12/24/2022,APF,FL,ASO,ES,Federal Contract Tower,0,53,41,0,94,0,0,52,0,52,0,53,93,0,146,2,0,2,148
12/25/2022,APF,FL,ASO,ES,Federal Contract Tower,0,110,41,0,151,0,0,17,0,17,0,110,58,0,168,0,0,0,168
12/26/2022,APF,FL,ASO,ES,Federal Contract Tower,0,190,234,0,424,0,3,76,0,79,0,193,310,0,503,6,0,6,509
12/27/2022,APF,FL,ASO,ES,Federal Contract Tower,0,172,205,0,377,0,1,104,0,105,0,173,309,0,482,0,0,0,482
12/28/2022,APF,FL,ASO,ES,Federal Contract Tower,0,144,170,0,314,0,5,131,0,136,0,149,301,0,450,6,0,6,456
12/29/2022,APF,FL,ASO,ES,Federal Contract Tower,0,167,122,2,291,0,1,130,0,131,0,168,252,2,422,8,0,8,430
12/30/2022,APF,FL,ASO,ES,Federal Contract Tower,0,109,129,0,238,0,0,102,0,102,0,109,231,0,340,2,0,2,342
12/31/2022,APF,FL,ASO,ES,Federal Contract Tower,0,90,75,0,165,0,0,70,0,70,0,90,145,0,235,14,0,14,249
01/01/2023,APF,FL,ASO,ES,Federal Contract Tower,0,116,128,0,244,0,0,49,0,49,0,116,177,0,293,18,0,18,311
01/02/2023,APF,FL,ASO,ES,Federal Contract Tower,0,147,152,0,299,0,0,127,0,127,0,147,279,0,426,0,0,0,426
01/03/2023,APF,FL,ASO,ES,Federal Contract Tower,0,100,147,0,247,0,0,80,0,80,0,100,227,0,327,0,0,0,327
01/04/2023,APF,FL,ASO,ES,Federal Contract Tower,0,95,96,0,191,0,0,118,0,118,0,95,214,0,309,24,0,24,333
01/05/2023,APF,FL,ASO,ES,Federal Contract Tower,0,80,108,0,188,0,0,122,0,122,0,80,230,0,310,44,0,44,354
01/06/2023,APF,FL,ASO,ES,Federal Contract Tower,0,100,120,0,220,0,0,158,0,158,0,100,278,0,378,50,0,50,428
01/07/2023,APF,FL,ASO,ES,Federal Contract Tower,0,84,88,0,172,0,1,134,0,135,0,85,222,0,307,10,0,10,317
01/08/2023,APF,FL,ASO,ES,Federal Contract Tower,0,104,102,0,206,0,0,116,0,116,0,104,218,0,322,40,0,40,362
01/09/2023,APF,FL,ASO,ES,Federal Contract Tower,0,69,134,0,203,0,0,141,0,141,0,69,275,0,344,114,0,114,458
01/10/2023,APF,FL,ASO,ES,Federal Contract Tower,0,53,112,0,165,0,0,163,0,163,0,53,275,0,328,112,0,112,440
01/11/2023,APF,FL,ASO,ES,Federal Contract Tower,0,61,79,0,140,0,2,130,2,134,0,63,209,2,274,104,0,104,378
01/12/2023,APF,FL,ASO,ES,Federal Contract Tower,0,80,121,0,201,0,4,154,0,158,0,84,275,0,359,60,0,60,419
01/13/2023,APF,FL,ASO,ES,Federal Contract Tower,0,69,91,0,160,0,0,49,0,49,0,69,140,0,209,70,0,70,279
01/14/2023,APF,FL,ASO,ES,Federal Contract Tower,0,88,75,0,163,0,0,77,0,77,0,88,152,0,240,6,0,6,246
01/15/2023,APF,FL,ASO,ES,Federal Contract Tower,0,80,114,0,194,0,2,137,0,139,0,82,251,0,333,20,0,20,353
01/16/2023,APF,FL,ASO,ES,Federal Contract Tower,0,92,129,0,221,0,0,153,0,153,0,92,282,0,374,118,0,118,492
01/17/2023,APF,FL,ASO,ES,Federal Contract Tower,0,95,97,0,192,0,0,198,2,200,0,95,295,2,392,66,0,66,458
01/18/2023,APF,FL,ASO,ES,Federal Contract Tower,0,87,90,0,177,0,0,158,4,162,0,87,248,4,339,122,0,122,461
01/19/2023,APF,FL,ASO,ES,Federal Contract Tower,0,97,123,2,222,0,0,161,5,166,0,97,284,7,388,118,1,119,507
01/20/2023,APF,FL,ASO,ES,Federal Contract Tower,0,80,116,0,196,0,3,134,3,140,0,83,250,3,336,58,0,58,394
01/21/2023,APF,FL,ASO,ES,Federal Contract Tower,0,74,90,0,164,0,1,117,0,118,0,75,207,0,282,16,0,16,298
01/22/2023,APF,FL,ASO,ES,Federal Contract Tower,0,111,111,0,222,0,4,84,1,89,0,115,195,1,311,6,0,6,317
01/23/2023,APF,FL,ASO,ES,Federal Contract Tower,0,85,102,0,187,0,0,55,0,55,0,85,157,0,242,28,0,28,270
01/24/2023,APF,FL,ASO,ES,Federal Contract Tower,0,88,112,0,200,0,0,0,0,0,0,88,112,0,200,0,0,0,200
01/25/2023,APF,FL,ASO,ES,Federal Contract Tower,0,86,104,0,190,0,1,142,1,144,0,87,246,1,334,74,0,74,408
01/26/2023,APF,FL,ASO,ES,Federal Contract Tower,0,77,142,0,219,0,1,114,2,117,0,78,256,2,336,59,0,59,395
01/27/2023,APF,FL,ASO,ES,Federal Contract Tower,0,103,110,0,213,0,2,101,2,105,0,105,211,2,318,40,0,40,358
01/28/2023,APF,FL,ASO,ES,Federal Contract Tower,0,77,93,0,170,0,0,74,2,76,0,77,167,2,246,18,0,18,264
01/29/2023,APF,FL,ASO,ES,Federal Contract Tower,0,118,99,0,217,0,1,128,0,129,0,119,227,0,346,18,0,18,364
01/30/2023,APF,FL,ASO,ES,Federal Contract Tower,0,88,113,0,201,0,0,186,0,186,0,88,299,0,387,116,0,116,503
01/31/2023,APF,FL,ASO,ES,Federal Contract Tower,0,76,75,0,151,0,2,176,0,178,0,78,251,0,329,68,0,68,397
02/01/2023,APF,FL,ASO,ES,Federal Contract Tower,0,91,118,0,209,0,0,159,0,159,0,91,277,0,368,66,0,66,434
02/02/2023,APF,FL,ASO,ES,Federal Contract Tower,0,103,114,0,217,0,1,198,0,199,0,104,312,0,416,60,0,60,476
02/03/2023,APF,FL,ASO,ES,Federal Contract Tower,0,86,128,0,214,0,0,130,4,134,0,86,258,4,348,42,0,42,390
02/04/2023,APF,FL,ASO,ES,Federal Contract Tower,0,67,86,0,153,0,1,60,3,64,0,68,146,3,217,38,0,38,255
02/05/2023,APF,FL,ASO,ES,Federal Contract Tower,0,86,97,0,183,0,2,62,2,66,0,88,159,2,249,12,0,12,261
02/06/2023,APF,FL,ASO,ES,Federal Contract Tower,0,71,91,0,162,0,0,177,2,179,0,71,268,2,341,80,0,80,421
02/07/2023,APF,FL,ASO,ES,Federal Contract Tower,0,57,114,0,171,0,0,165,2,167,0,57,279,2,338,106,0,106,444
02/08/2023,APF,FL,ASO,ES,Federal Contract Tower,0,83,135,0,218,0,3,147,1,151,0,86,282,1,369,140,0,140,509
02/09/2023,APF,FL,ASO,ES,Federal Contract Tower,0,113,134,2,249,0,0,196,0,196,0,113,330,2,445,128,0,128,573
02/10/2023,APF,FL,ASO,ES,Federal Contract Tower,0,111,137,0,248,0,2,154,8,164,0,113,291,8,412,66,0,66,478
02/11/2023,APF,FL,ASO,ES,Federal Contract Tower,0,83,86,0,169,0,3,83,0,86,0,86,169,0,255,20,0,20,275
02/12/2023,APF,FL,ASO,ES,Federal Contract Tower,0,87,95,1,183,0,4,52,1,57,0,91,147,2,240,8,0,8,248
02/13/2023,APF,FL,ASO,ES,Federal Contract Tower,0,94,140,0,234,0,0,173,0,173,0,94,313,0,407,102,0,102,509
02/14/2023,APF,FL,ASO,ES,Federal Contract Tower,0,99,101,4,204,0,0,169,1,170,0,99,270,5,374,76,0,76,450
02/15/2023,APF,FL,ASO,ES,Federal Contract Tower,0,86,116,0,202,0,2,168,0,170,0,88,284,0,372,158,0,158,530
02/16/2023,APF,FL,ASO,ES,Federal Contract Tower,0,115,136,0,251,0,3,206,2,211,0,118,342,2,462,94,0,94,556
02/17/2023,APF,FL,ASO,ES,Federal Contract Tower,0,104,160,0,264,0,0,171,0,171,0,104,331,0,435,162,4,166,601
02/18/2023,APF,FL,ASO,ES,Federal Contract Tower,0,110,126,0,236,0,7,69,0,76,0,117,195,0,312,18,0,18,330
02/19/2023,APF,FL,ASO,ES,Federal Contract Tower,0,96,129,0,225,0,2,127,0,129,0,98,256,0,354,12,0,12,366
02/20/2023,APF,FL,ASO,ES,Federal Contract Tower,0,117,160,0,277,0,0,184,0,184,0,117,344,0,461,26,0,26,487
02/21/2023,APF,FL,ASO,ES,Federal Contract Tower,0,111,136,0,247,0,0,102,0,102,0,111,238,0,349,109,0,109,458
02/22/2023,APF,FL,ASO,ES,Federal Contract Tower,0,99,132,0,231,0,2,165,0,167,0,101,297,0,398,182,0,182,580
02/23/2023,APF,FL,ASO,ES,Federal Contract Tower,0,109,145,0,254,0,2,188,0,190,0,111,333,0,444,98,0,98,542
02/24/2023,APF,FL,ASO,ES,Federal Contract Tower,0,118,170,0,288,0,0,192,0,192,0,118,362,0,480,70,0,70,550
02/25/2023,APF,FL,ASO,ES,Federal Contract Tower,0,104,98,0,202,0,2,126,0,128,0,106,224,0,330,28,0,28,358
02/26/2023,APF,FL,ASO,ES,Federal Contract Tower,0,135,162,0,297,0,1,153,0,154,0,136,315,0,451,6,0,6,457
02/27/2023,APF,FL,ASO,ES,Federal Contract Tower,0,77,121,0,198,0,0,127,0,127,0,77,248,0,325,88,0,88,413
02/28/2023,APF,FL,ASO,ES,Federal Contract Tower,0,77,115,0,192,0,0,158,2,160,0,77,273,2,352,78,0,78,430
03/01/2023,APF,FL,ASO,ES,Federal Contract Tower,0,96,118,0,214,0,1,162,0,163,0,97,280,0,377,114,0,114,491
03/02/2023,APF,FL,ASO,ES,Federal Contract Tower,0,88,177,0,265,0,0,136,0,136,0,88,313,0,401,60,0,60,461
03/03/2023,APF,FL,ASO,ES,Federal Contract Tower,0,94,101,0,195,0,4,82,3,89,0,98,183,3,284,26,0,26,310
03/04/2023,APF,FL,ASO,ES,Federal Contract Tower,0,66,104,0,170,0,0,90,0,90,0,66,194,0,260,32,0,32,292
03/05/2023,APF,FL,ASO,ES,Federal Contract Tower,0,108,131,0,239,0,2,117,0,119,0,110,248,0,358,10,0,10,368
03/06/2023,APF,FL,ASO,ES,Federal Contract Tower,0,97,126,0,223,0,3,132,0,135,0,100,258,0,358,100,0,100,458
03/07/2023,APF,FL,ASO,ES,Federal Contract Tower,0,85,106,1,192,0,1,135,0,136,0,86,241,1,328,112,0,112,440
03/08/2023,APF,FL,ASO,ES,Federal Contract Tower,0,103,99,0,202,0,3,122,0,125,0,106,221,0,327,72,0,72,399
03/09/2023,APF,FL,ASO,ES,Federal Contract Tower,0,90,121,0,211,0,2,167,0,169,0,92,288,0,380,128,0,128,508
03/10/2023,APF,FL,ASO,ES,Federal Contract Tower,0,107,118,4,229,0,0,180,0,180,0,107,298,4,409,76,0,76,485
03/11/2023,APF,FL,ASO,ES,Federal Contract Tower,0,126,112,0,238,0,0,103,0,103,0,126,215,0,341,70,0,70,411
03/12/2023,APF,FL,ASO,ES,Federal Contract Tower,0,96,98,0,194,0,1,132,0,133,0,97,230,0,327,24,0,24,351
03/13/2023,APF,FL,ASO,ES,Federal Contract Tower,0,107,100,0,207,0,1,94,0,95,0,108,194,0,302,74,0,74,376
03/14/2023,APF,FL,ASO,ES,Federal Contract Tower,0,99,117,0,216,0,0,98,0,98,0,99,215,0,314,130,0,130,444
03/15/2023,APF,FL,ASO,ES,Federal Contract Tower,0,81,113,0,194,0,3,158,0,161,0,84,271,0,355,102,0,102,457
03/16/2023,APF,FL,ASO,ES,Federal Contract Tower,0,82,148,0,230,0,2,163,0,165,0,84,311,0,395,56,0,56,451
03/17/2023,APF,FL,ASO,ES,Federal Contract Tower,0,83,127,0,210,0,1,135,0,136,0,84,262,0,346,96,0,96,442
03/18/2023,APF,FL,ASO,ES,Federal Contract Tower,0,109,129,0,238,0,0,121,4,125,0,109,250,4,363,64,0,64,427
03/19/2023,APF,FL,ASO,ES,Federal Contract Tower,0,130,125,0,255,0,0,15,0,15,0,130,140,0,270,12,0,12,282
03/20/2023,APF,FL,ASO,ES,Federal Contract Tower,0,89,127,0,216,0,1,126,2,129,0,90,253,2,345,98,0,98,443
03/21/2023,APF,FL,ASO,ES,Federal Contract Tower,0,83,115,0,198,0,0,172,0,172,0,83,287,0,370,118,0,118,488
03/22/2023,APF,FL,ASO,ES,Federal Contract Tower,0,83,100,2,185,0,2,208,0,210,0,85,308,2,395,116,0,116,511
03/23/2023,APF,FL,ASO,ES,Federal Contract Tower,0,125,169,0,294,0,0,170,10,180,0,125,339,10,474,50,0,50,524
03/24/2023,APF,FL,ASO,ES,Federal Contract Tower,0,116,158,0,274,0,0,165,0,165,0,116,323,0,439,48,0,48,487
03/25/2023,APF,FL,ASO,ES,Federal Contract Tower,0,96,107,0,203,0,0,119,0,119,0,96,226,0,322,56,0,56,378
03/26/2023,APF,FL,ASO,ES,Federal Contract Tower,0,119,137,0,256,0,0,96,0,96,0,119,233,0,352,14,0,14,366
03/27/2023,APF,FL,ASO,ES,Federal Contract Tower,0,89,132,0,221,0,1,141,0,142,0,90,273,0,363,112,0,112,475
03/28/2023,APF,FL,ASO,ES,Federal Contract Tower,0,61,96,0,157,0,0,90,0,90,0,61,186,0,247,62,0,62,309
03/29/2023,APF,FL,ASO,ES,Federal Contract Tower,0,79,119,0,198,0,3,121,0,124,0,82,240,0,322,42,0,42,364
03/30/2023,APF,FL,ASO,ES,Federal Contract Tower,0,108,145,2,255,0,1,170,0,171,0,109,315,2,426,98,0,98,524
03/31/2023,APF,FL,ASO,ES,Federal Contract Tower,0,122,120,2,244,0,0,133,0,133,0,122,253,2,377,48,0,48,425
04/01/2023,APF,FL,ASO,ES,Federal Contract Tower,0,100,95,0,195,0,5,113,0,118,0,105,208,0,313,14,0,14,327
04/02/2023,APF,FL,ASO,ES,Federal Contract Tower,0,110,122,0,232,0,2,98,0,100,0,112,220,0,332,18,0,18,350
04/03/2023,APF,FL,ASO,ES,Federal Contract Tower,0,79,124,1,204,0,1,148,0,149,0,80,272,1,353,180,0,180,533
04/04/2023,APF,FL,ASO,ES,Federal Contract Tower,0,72,145,0,217,0,0,152,0,152,0,72,297,0,369,108,0,108,477
04/05/2023,APF,FL,ASO,ES,Federal Contract Tower,0,109,115,0,224,0,0,130,0,130,0,109,245,0,354,56,0,56,410
04/06/2023,APF,FL,ASO,ES,Federal Contract Tower,0,128,159,0,287,0,4,144,0,148,0,132,303,0,435,34,0,34,469
04/07/2023,APF,FL,ASO,ES,Federal Contract Tower,0,115,112,0,227,0,0,142,0,142,0,115,254,0,369,76,0,76,445
04/08/2023,APF,FL,ASO,ES,Federal Contract Tower,0,73,77,0,150,0,2,145,0,147,0,75,222,0,297,28,0,28,325
04/09/2023,APF,FL,ASO,ES,Federal Contract Tower,0,87,77,0,164,0,0,66,0,66,0,87,143,0,230,2,0,2,232
04/10/2023,APF,FL,ASO,ES,Federal Contract Tower,0,141,150,0,291,0,0,54,0,54,0,141,204,0,345,6,0,6,351
04/11/2023,APF,FL,ASO,ES,Federal Contract Tower,0,86,129,0,215,0,0,84,0,84,0,86,213,0,299,44,0,44,343
04/12/2023,APF,FL,ASO,ES,Federal Contract Tower,0,62,94,0,156,0,0,13,0,13,0,62,107,0,169,40,0,40,209
04/13/2023,APF,FL,ASO,ES,Federal Contract Tower,0,86,109,0,195,0,1,135,0,136,0,87,244,0,331,66,0,66,397
04/14/2023,APF,FL,ASO,ES,Federal Contract Tower,0,93,98,0,191,0,6,156,0,162,0,99,254,0,353,64,0,64,417
04/15/2023,APF,FL,ASO,ES,Federal Contract Tower,0,88,102,0,190,0,0,159,0,159,0,88,261,0,349,42,0,42,391
04/16/2023,APF,FL,ASO,ES,Federal Contract Tower,0,101,137,0,238,0,0,80,0,80,0,101,217,0,318,6,0,6,324
04/17/2023,APF,FL,ASO,ES,Federal Contract Tower,0,101,106,0,207,0,0,106,0,106,0,101,212,0,313,66,0,66,379
04/18/2023,APF,FL,ASO,ES,Federal Contract Tower,0,83,91,0,174,0,0,163,0,163,0,83,254,0,337,84,0,84,421
04/19/2023,APF,FL,ASO,ES,Federal Contract Tower,0,89,115,0,204,0,0,122,0,122,0,89,237,0,326,82,0,82,408
04/20/2023,APF,FL,ASO,ES,Federal Contract Tower,0,92,107,0,199,0,0,136,0,136,0,92,243,0,335,102,0,102,437
04/21/2023,APF,FL,ASO,ES,Federal Contract Tower,0,90,104,0,194,0,3,111,0,114,0,93,215,0,308,68,0,68,376
04/22/2023,APF,FL,ASO,ES,Federal Contract Tower,0,70,94,0,164,0,0,147,0,147,0,70,241,0,311,28,0,28,339
04/23/2023,APF,FL,ASO,ES,Federal Contract Tower,0,82,99,0,181,0,3,120,0,123,0,85,219,0,304,28,0,28,332
04/24/2023,APF,FL,ASO,ES,Federal Contract Tower,0,81,108,0,189,0,0,0,0,0,0,81,108,0,189,62,0,62,251
04/25/2023,APF,FL,ASO,ES,Federal Contract Tower,0,77,87,0,164,0,0,98,0,98,0,77,185,0,262,50,0,50,312
04/26/2023,APF,FL,ASO,ES,Federal Contract Tower,0,76,98,0,174,0,0,154,0,154,0,76,252,0,328,80,0,80,408
04/27/2023,APF,FL,ASO,ES,Federal Contract Tower,0,82,135,0,217,0,0,148,1,149,0,82,283,1,366,96,0,96,462
04/28/2023,APF,FL,ASO,ES,Federal Contract Tower,0,93,118,0,211,0,0,122,0,122,0,93,240,0,333,50,0,50,383
04/29/2023,APF,FL,ASO,ES,Federal Contract Tower,0,81,64,0,145,0,2,105,0,107,0,83,169,0,252,20,0,20,272
04/30/2023,APF,FL,ASO,ES,Federal Contract Tower,0,100,89,0,189,0,0,15,0,15,0,100,104,0,204,0,0,0,204
05/01/2023,APF,FL,ASO,ES,Federal Contract Tower,0,91,131,0,222,0,1,148,0,149,0,92,279,0,371,94,0,94,465
05/02/2023,APF,FL,ASO,ES,Federal Contract Tower,0,88,102,0,190,0,0,129,0,129,0,88,231,0,319,106,0,106,425
05/03/2023,APF,FL,ASO,ES,Federal Contract Tower,0,97,104,0,201,0,0,120,0,120,0,97,224,0,321,80,0,80,401
05/04/2023,APF,FL,ASO,ES,Federal Contract Tower,0,75,123,0,198,0,0,149,0,149,0,75,272,0,347,122,0,122,469
05/05/2023,APF,FL,ASO,ES,Federal Contract Tower,0,82,121,0,203,0,0,171,0,171,0,82,292,0,374,60,0,60,434
05/06/2023,APF,FL,ASO,ES,Federal Contract Tower,0,54,77,1,132,0,4,134,0,138,0,58,211,1,270,20,0,20,290
05/07/2023,APF,FL,ASO,ES,Federal Contract Tower,0,80,105,0,185,0,1,103,0,104,0,81,208,0,289,36,0,36,325
05/08/2023,APF,FL,ASO,ES,Federal Contract Tower,0,93,108,0,201,0,0,114,0,114,0,93,222,0,315,64,0,64,379
05/09/2023,APF,FL,ASO,ES,Federal Contract Tower,0,75,65,1,141,0,0,120,0,120,0,75,185,1,261,52,0,52,313
05/10/2023,APF,FL,ASO,ES,Federal Contract Tower,0,52,81,0,133,0,1,172,0,173,0,53,253,0,306,78,0,78,384
05/11/2023,APF,FL,ASO,ES,Federal Contract Tower,0,57,105,0,162,0,0,143,0,143,0,57,248,0,305,84,0,84,389
05/12/2023,APF,FL,ASO,ES,Federal Contract Tower,0,77,89,0,166,0,1,148,0,149,0,78,237,0,315,60,0,60,375
05/13/2023,APF,FL,ASO,ES,Federal Contract Tower,0,68,82,0,150,0,0,112,0,112,0,68,194,0,262,28,0,28,290
05/14/2023,APF,FL,ASO,ES,Federal Contract Tower,0,94,74,0,168,0,1,58,0,59,0,95,132,0,227,6,0,6,233
05/15/2023,APF,FL,ASO,ES,Federal Contract Tower,0,85,83,0,168,0,4,133,0,137,0,89,216,0,305,101,0,101,406
05/16/2023,APF,FL,ASO,ES,Federal Contract Tower,0,79,85,0,164,0,0,126,0,126,0,79,211,0,290,118,0,118,408
05/17/2023,APF,FL,ASO,ES,Federal Contract Tower,0,96,74,0,170,0,1,127,0,128,0,97,201,0,298,74,0,74,372
05/18/2023,APF,FL,ASO,ES,Federal Contract Tower,0,63,117,0,180,0,4,92,0,96,0,67,209,0,276,28,0,28,304
05/19/2023,APF,FL,ASO,ES,Federal Contract Tower,0,70,89,0,159,0,2,121,0,123,0,72,210,0,282,108,0,108,390
05/20/2023,APF,FL,ASO,ES,Federal Contract Tower,0,50,70,8,128,0,4,101,0,105,0,54,171,8,233,24,0,24,257
05/21/2023,APF,FL,ASO,ES,Federal Contract Tower,0,54,78,0,132,0,2,81,0,83,0,56,159,0,215,30,0,30,245
05/22/2023,APF,FL,ASO,ES,Federal Contract Tower,0,70,94,0,164,0,0,115,0,115,0,70,209,0,279,70,0,70,349
05/23/2023,APF,FL,ASO,ES,Federal Contract Tower,0,59,66,0,125,0,0,106,0,106,0,59,172,0,231,78,0,78,309
05/24/2023,APF,FL,ASO,ES,Federal Contract Tower,0,54,103,0,157,0,0,116,0,116,0,54,219,0,273,90,0,90,363
05/25/2023,APF,FL,ASO,ES,Federal Contract Tower,0,80,120,4,204,0,0,105,0,105,0,80,225,4,309,34,0,34,343
05/26/2023,APF,FL,ASO,ES,Federal Contract Tower,0,69,76,0,145,0,0,82,0,82,0,69,158,0,227,50,0,50,277
05/27/2023,APF,FL,ASO,ES,Federal Contract Tower,0,48,64,0,112,0,1,115,0,116,0,49,179,0,228,30,0,30,258
05/28/2023,APF,FL,ASO,ES,Federal Contract Tower,0,19,43,4,66,0,0,109,0,109,0,19,152,4,175,44,0,44,219
05/29/2023,APF,FL,ASO,ES,Federal Contract Tower,0,58,75,0,133,0,2,108,0,110,0,60,183,0,243,50,0,50,293
05/30/2023,APF,FL,ASO,ES,Federal Contract Tower,0,51,64,0,115,0,0,123,0,123,0,51,187,0,238,20,0,20,258
05/31/2023,APF,FL,ASO,ES,Federal Contract Tower,0,52,81,0,133,0,4,112,0,116,0,56,193,0,249,112,0,112,361
06/01/2023,APF,FL,ASO,ES,Federal Contract Tower,0,42,83,2,127,0,0,72,0,72,0,42,155,2,199,110,0,110,309
06/02/2023,APF,FL,ASO,ES,Federal Contract Tower,0,40,59,0,99,0,0,94,0,94,0,40,153,0,193,108,0,108,301
06/03/2023,APF,FL,ASO,ES,Federal Contract Tower,0,37,34,0,71,0,2,72,0,74,0,39,106,0,145,46,0,46,191
06/04/2023,APF,FL,ASO,ES,Federal Contract Tower,0,59,66,0,125,0,0,50,0,50,0,59,116,0,175,24,0,24,199
06/05/2023,APF,FL,ASO,ES,Federal Contract Tower,0,49,77,0,126,0,1,108,0,109,0,50,185,0,235,116,0,116,351
06/06/2023,APF,FL,ASO,ES,Federal Contract Tower,0,49,80,0,129,0,2,88,2,92,0,51,168,2,221,88,0,88,309
06/07/2023,APF,FL,ASO,ES,Federal Contract Tower,0,38,84,0,122,0,3,91,0,94,0,41,175,0,216,122,0,122,338
06/08/2023,APF,FL,ASO,ES,Federal Contract Tower,0,52,85,0,137,0,0,96,0,96,0,52,181,0,233,134,0,134,367
06/09/2023,APF,FL,ASO,ES,Federal Contract Tower,0,32,80,0,112,0,3,99,0,102,0,35,179,0,214,118,0,118,332
06/10/2023,APF,FL,ASO,ES,Federal Contract Tower,0,31,61,0,92,0,0,151,0,151,0,31,212,0,243,16,0,16,259
06/11/2023,APF,FL,ASO,ES,Federal Contract Tower,0,37,55,0,92,0,0,89,0,89,0,37,144,0,181,62,0,62,243
06/12/2023,APF,FL,ASO,ES,Federal Contract Tower,0,32,65,0,97,0,1,88,0,89,0,33,153,0,186,114,0,114,300
06/13/2023,APF,FL,ASO,ES,Federal Contract Tower,0,25,76,2,103,0,3,99,0,102,0,28,175,2,205,66,0,66,271
06/14/2023,APF,FL,ASO,ES,Federal Contract Tower,0,41,58,0,99,0,0,123,0,123,0,41,181,0,222,107,0,107,329
06/16/2023,APF,FL,ASO,ES,Federal Contract Tower,0,39,78,0,117,0,2,94,0,96,0,41,172,0,213,92,0,92,305
06/17/2023,APF,FL,ASO,ES,Federal Contract Tower,0,36,58,0,94,0,1,58,0,59,0,37,116,0,153,10,0,10,163
06/18/2023,APF,FL,ASO,ES,Federal Contract Tower,0,30,34,0,64,0,0,16,0,16,0,30,50,0,80,14,0,14,94
06/19/2023,APF,FL,ASO,ES,Federal Contract Tower,0,36,92,0,128,0,0,96,0,96,0,36,188,0,224,108,0,108,332
06/20/2023,APF,FL,ASO,ES,Federal Contract Tower,0,30,61,0,91,0,0,87,0,87,0,30,148,0,178,88,0,88,266
06/21/2023,APF,FL,ASO,ES,Federal Contract Tower,0,33,61,0,94,0,0,102,0,102,0,33,163,0,196,56,0,56,252
06/22/2023,APF,FL,ASO,ES,Federal Contract Tower,0,42,42,0,84,0,0,98,0,98,0,42,140,0,182,86,0,86,268
06/23/2023,APF,FL,ASO,ES,Federal Contract Tower,0,41,56,0,97,0,0,104,0,104,0,41,160,0,201,76,0,76,277
06/24/2023,APF,FL,ASO,ES,Federal Contract Tower,0,24,37,0,61,0,0,92,0,92,0,24,129,0,153,22,0,22,175
06/25/2023,APF,FL,ASO,ES,Federal Contract Tower,0,56,62,0,118,0,0,100,0,100,0,56,162,0,218,36,0,36,254
06/26/2023,APF,FL,ASO,ES,Federal Contract Tower,0,30,71,0,101,0,1,122,0,123,0,31,193,0,224,78,0,78,302
06/27/2023,APF,FL,ASO,ES,Federal Contract Tower,0,24,70,0,94,0,0,106,0,106,0,24,176,0,200,74,0,74,274
06/28/2023,APF,FL,ASO,ES,Federal Contract Tower,0,49,82,2,133,0,2,122,0,124,0,51,204,2,257,72,4,76,333
06/29/2023,APF,FL,ASO,ES,Federal Contract Tower,0,25,80,0,105,0,2,89,0,91,0,27,169,0,196,90,0,90,286
06/30/2023,APF,FL,ASO,ES,Federal Contract Tower,0,50,86,0,136,0,3,107,0,110,0,53,193,0,246,60,0,60,306
07/01/2023,APF,FL,ASO,ES,Federal Contract Tower,0,40,59,0,99,0,0,73,2,75,0,40,132,2,174,32,0,32,206
07/02/2023,APF,FL,ASO,ES,Federal Contract Tower,0,25,51,0,76,0,0,63,0,63,0,25,114,0,139,8,0,8,147
07/03/2023,APF,FL,ASO,ES,Federal Contract Tower,0,9,43,0,52,0,0,93,0,93,0,9,136,0,145,84,0,84,229
07/04/2023,APF,FL,ASO,ES,Federal Contract Tower,0,12,25,0,37,0,0,65,0,65,0,12,90,0,102,26,0,26,128
07/05/2023,APF,FL,ASO,ES,Federal Contract Tower,0,25,48,0,73,0,0,93,0,93,0,25,141,0,166,112,0,112,278
07/06/2023,APF,FL,ASO,ES,Federal Contract Tower,0,33,51,0,84,0,0,85,0,85,0,33,136,0,169,112,0,112,281
07/07/2023,APF,FL,ASO,ES,Federal Contract Tower,0,23,80,0,103,0,2,83,0,85,0,25,163,0,188,48,0,48,236
07/08/2023,APF,FL,ASO,ES,Federal Contract Tower,0,43,47,0,90,0,0,53,0,53,0,43,100,0,143,2,0,2,145
07/09/2023,APF,FL,ASO,ES,Federal Contract Tower,0,41,68,0,109,0,0,73,0,73,0,41,141,0,182,42,0,42,224
07/10/2023,APF,FL,ASO,ES,Federal Contract Tower,0,35,65,0,100,0,0,114,0,114,0,35,179,0,214,76,0,76,290
07/11/2023,APF,FL,ASO,ES,Federal Contract Tower,0,33,66,0,99,0,0,131,0,131,0,33,197,0,230,96,0,96,326
07/12/2023,APF,FL,ASO,ES,Federal Contract Tower,0,30,77,2,109,0,0,99,0,99,0,30,176,2,208,116,0,116,324
07/13/2023,APF,FL,ASO,ES,Federal Contract Tower,0,29,87,4,120,0,1,98,1,100,0,30,185,5,220,92,0,92,312
07/14/2023,APF,FL,ASO,ES,Federal Contract Tower,0,25,55,0,80,0,2,91,0,93,0,27,146,0,173,66,0,66,239
07/15/2023,APF,FL,ASO,ES,Federal Contract Tower,0,36,33,0,69,0,0,117,0,117,0,36,150,0,186,22,0,22,208
07/16/2023,APF,FL,ASO,ES,Federal Contract Tower,0,31,57,4,92,0,0,130,0,130,0,31,187,4,222,44,0,44,266
07/17/2023,APF,FL,ASO,ES,Federal Contract Tower,0,18,77,0,95,0,0,115,0,115,0,18,192,0,210,76,0,76,286
07/18/2023,APF,FL,ASO,ES,Federal Contract Tower,0,19,56,6,81,0,0,88,0,88,0,19,144,6,169,140,0,140,309
07/19/2023,APF,FL,ASO,ES,Federal Contract Tower,0,24,75,2,101,0,0,92,0,92,0,24,167,2,193,60,0,60,253
07/20/2023,APF,FL,ASO,ES,Federal Contract Tower,0,22,73,0,95,0,0,137,0,137,0,22,210,0,232,82,0,82,314
07/21/2023,APF,FL,ASO,ES,Federal Contract Tower,0,40,63,0,103,0,0,88,0,88,0,40,151,0,191,78,0,78,269
07/22/2023,APF,FL,ASO,ES,Federal Contract Tower,0,28,58,0,86,0,0,102,0,102,0,28,160,0,188,40,0,40,228
07/23/2023,APF,FL,ASO,ES,Federal Contract Tower,0,22,72,0,94,0,0,89,0,89,0,22,161,0,183,54,0,54,237
07/24/2023,APF,FL,ASO,ES,Federal Contract Tower,0,26,56,4,86,0,0,128,0,128,0,26,184,4,214,136,0,136,350
07/25/2023,APF,FL,ASO,ES,Federal Contract Tower,0,18,52,0,70,0,1,123,0,124,0,19,175,0,194,74,0,74,268
07/26/2023,APF,FL,ASO,ES,Federal Contract Tower,0,25,53,0,78,0,0,90,0,90,0,25,143,0,168,108,0,108,276
07/27/2023,APF,FL,ASO,ES,Federal Contract Tower,0,28,69,0,97,0,0,98,0,98,0,28,167,0,195,56,0,56,251
07/28/2023,APF,FL,ASO,ES,Federal Contract Tower,0,40,61,0,101,0,0,51,2,53,0,40,112,2,154,30,0,30,184
07/29/2023,APF,FL,ASO,ES,Federal Contract Tower,0,34,44,4,82,0,0,101,0,101,0,34,145,4,183,42,0,42,225
07/30/2023,APF,FL,ASO,ES,Federal Contract Tower,0,43,67,3,113,0,0,101,0,101,0,43,168,3,214,28,0,28,242
07/31/2023,APF,FL,ASO,ES,Federal Contract Tower,0,21,50,0,71,0,0,83,0,83,0,21,133,0,154,66,0,66,220
08/01/2023,APF,FL,ASO,ES,Federal Contract Tower,0,27,23,0,50,0,0,97,0,97,0,27,120,0,147,40,0,40,187
08/02/2023,APF,FL,ASO,ES,Federal Contract Tower,0,31,63,0,94,0,0,118,0,118,0,31,181,0,212,110,0,110,322
08/03/2023,APF,FL,ASO,ES,Federal Contract Tower,0,33,66,0,99,0,0,91,0,91,0,33,157,0,190,66,0,66,256
08/04/2023,APF,FL,ASO,ES,Federal Contract Tower,0,31,56,0,87,0,0,122,0,122,0,31,178,0,209,52,0,52,261
08/05/2023,APF,FL,ASO,ES,Federal Contract Tower,0,35,52,0,87,0,0,89,0,89,0,35,141,0,176,30,0,30,206
08/06/2023,APF,FL,ASO,ES,Federal Contract Tower,0,55,59,5,119,0,0,91,0,91,0,55,150,5,210,36,0,36,246
08/07/2023,APF,FL,ASO,ES,Federal Contract Tower,0,30,51,0,81,0,1,107,0,108,0,31,158,0,189,60,0,60,249
08/08/2023,APF,FL,ASO,ES,Federal Contract Tower,0,31,53,0,84,0,0,92,0,92,0,31,145,0,176,54,0,54,230
08/09/2023,APF,FL,ASO,ES,Federal Contract Tower,0,35,70,2,107,0,1,83,0,84,0,36,153,2,191,84,0,84,275
08/10/2023,APF,FL,ASO,ES,Federal Contract Tower,0,31,56,0,87,0,0,44,0,44,0,31,100,0,131,52,0,52,183
08/11/2023,APF,FL,ASO,ES,Federal Contract Tower,0,44,55,0,99,0,1,101,0,102,0,45,156,0,201,78,0,78,279
08/12/2023,APF,FL,ASO,ES,Federal Contract Tower,0,29,43,0,72,0,0,80,0,80,0,29,123,0,152,38,0,38,190
08/13/2023,APF,FL,ASO,ES,Federal Contract Tower,0,39,42,0,81,0,0,53,0,53,0,39,95,0,134,22,0,22,156
08/14/2023,APF,FL,ASO,ES,Federal Contract Tower,0,37,95,0,132,0,0,103,0,103,0,37,198,0,235,86,0,86,321
08/15/2023,APF,FL,ASO,ES,Federal Contract Tower,0,21,41,0,62,0,0,93,0,93,0,21,134,0,155,68,0,68,223
08/16/2023,APF,FL,ASO,ES,Federal Contract Tower,0,33,46,0,79,0,0,77,0,77,0,33,123,0,156,64,0,64,220
08/17/2023,APF,FL,ASO,ES,Federal Contract Tower,0,45,63,0,108,0,0,85,0,85,0,45,148,0,193,50,0,50,243
08/18/2023,APF,FL,ASO,ES,Federal Contract Tower,0,27,42,1,70,0,0,76,0,76,0,27,118,1,146,42,0,42,188
08/19/2023,APF,FL,ASO,ES,Federal Contract Tower,0,23,50,4,77,0,0,89,0,89,0,23,139,4,166,36,0,36,202
08/20/2023,APF,FL,ASO,ES,Federal Contract Tower,0,29,51,0,80,0,0,62,0,62,0,29,113,0,142,20,0,20,162
08/21/2023,APF,FL,ASO,ES,Federal Contract Tower,0,35,57,12,104,0,0,84,0,84,0,35,141,12,188,10,0,10,198
08/22/2023,APF,FL,ASO,ES,Federal Contract Tower,0,34,53,0,87,0,0,107,0,107,0,34,160,0,194,40,0,40,234
08/23/2023,APF,FL,ASO,ES,Federal Contract Tower,0,44,44,6,94,0,0,113,0,113,0,44,157,6,207,80,0,80,287
08/24/2023,APF,FL,ASO,ES,Federal Contract Tower,0,25,58,0,83,0,0,94,0,94,0,25,152,0,177,86,0,86,263
08/25/2023,APF,FL,ASO,ES,Federal Contract Tower,0,32,71,0,103,0,0,108,0,108,0,32,179,0,211,82,0,82,293
08/26/2023,APF,FL,ASO,ES,Federal Contract Tower,0,19,44,0,63,0,0,116,0,116,0,19,160,0,179,66,0,66,245
08/27/2023,APF,FL,ASO,ES,Federal Contract Tower,0,24,39,0,63,0,0,0,0,0,0,24,39,0,63,24,0,24,87
08/28/2023,APF,FL,ASO,ES,Federal Contract Tower,0,34,73,0,107,0,0,48,0,48,0,34,121,0,155,28,0,28,183
08/29/2023,APF,FL,ASO,ES,Federal Contract Tower,0,11,16,0,27,0,0,11,1,12,0,11,27,1,39,0,0,0,39
08/30/2023,APF,FL,ASO,ES,Federal Contract Tower,0,7,21,0,28,0,0,4,0,4,0,7,25,0,32,0,0,0,32
08/31/2023,APF,FL,ASO,ES,Federal Contract Tower,0,32,78,0,110,0,0,51,0,51,0,32,129,0,161,46,0,46,207
