01/01/2000,ARA,LA,ASW,CE,Federal Contract Tower,0,0,0,0,0,0,12,6,0,18,0,12,6,0,18,8,0,8,26
01/02/2000,ARA,LA,ASW,CE,Federal Contract Tower,0,0,0,0,0,0,15,19,0,34,0,15,19,0,34,2,0,2,36
01/03/2000,ARA,LA,ASW,CE,Federal Contract Tower,0,4,4,2,10,2,18,6,0,26,2,22,10,2,36,0,0,0,36
01/04/2000,ARA,LA,ASW,CE,Federal Contract Tower,0,7,9,32,48,0,47,13,10,70,0,54,22,42,118,96,28,124,242
01/05/2000,ARA,LA,ASW,CE,Federal Contract Tower,0,4,4,16,24,0,78,40,16,134,0,82,44,32,158,126,26,152,310
01/06/2000,ARA,LA,ASW,CE,Federal Contract Tower,0,6,7,25,38,0,34,37,19,90,0,40,44,44,128,70,32,102,230
01/07/2000,ARA,LA,ASW,CE,Federal Contract Tower,0,5,5,19,29,0,52,23,39,114,0,57,28,58,143,70,10,80,223
01/08/2000,ARA,LA,ASW,CE,Federal Contract Tower,0,2,2,8,12,0,38,12,6,56,0,40,14,14,68,166,16,182,250
01/09/2000,ARA,LA,ASW,CE,Federal Contract Tower,0,8,6,32,46,0,9,0,0,9,0,17,6,32,55,8,4,12,67
01/10/2000,ARA,LA,ASW,CE,Federal Contract Tower,0,8,10,30,48,3,54,20,0,77,3,62,30,30,125,160,18,178,303
01/11/2000,ARA,LA,ASW,CE,Federal Contract Tower,0,6,6,23,35,2,53,26,19,100,2,59,32,42,135,154,10,164,299
01/12/2000,ARA,LA,ASW,CE,Federal Contract Tower,0,5,6,21,32,0,59,21,11,91,0,64,27,32,123,254,20,274,397
01/13/2000,ARA,LA,ASW,CE,Federal Contract Tower,0,3,4,14,21,0,38,15,6,59,0,41,19,20,80,390,2,392,472
01/14/2000,ARA,LA,ASW,CE,Federal Contract Tower,0,6,7,24,37,1,45,12,11,69,1,51,19,35,106,182,50,232,338
01/15/2000,ARA,LA,ASW,CE,Federal Contract Tower,0,2,2,4,8,1,73,28,0,102,1,75,30,4,110,518,6,524,634
01/16/2000,ARA,LA,ASW,CE,Federal Contract Tower,0,2,3,5,10,0,54,23,0,77,0,56,26,5,87,198,6,204,291
01/17/2000,ARA,LA,ASW,CE,Federal Contract Tower,0,3,4,3,10,1,41,20,0,62,1,44,24,3,72,270,0,270,342
01/18/2000,ARA,LA,ASW,CE,Federal Contract Tower,0,6,9,14,29,1,53,33,0,87,1,59,42,14,116,122,66,188,304
01/19/2000,ARA,LA,ASW,CE,Federal Contract Tower,0,3,5,17,25,0,62,15,5,82,0,65,20,22,107,158,20,178,285
01/20/2000,ARA,LA,ASW,CE,Federal Contract Tower,0,6,10,32,48,2,35,28,30,95,2,41,38,62,143,58,24,82,225
01/21/2000,ARA,LA,ASW,CE,Federal Contract Tower,0,4,6,20,30,0,52,29,16,97,0,56,35,36,127,262,74,336,463
01/22/2000,ARA,LA,ASW,CE,Federal Contract Tower,0,2,4,11,17,2,16,4,3,25,2,18,8,14,42,124,18,142,184
01/23/2000,ARA,LA,ASW,CE,Federal Contract Tower,0,1,2,7,10,0,19,12,1,32,0,20,14,8,42,134,0,134,176
01/24/2000,ARA,LA,ASW,CE,Federal Contract Tower,0,3,5,16,24,2,20,1,6,29,2,23,6,22,53,90,2,92,145
01/25/2000,ARA,LA,ASW,CE,Federal Contract Tower,0,2,5,12,19,0,57,24,0,81,0,59,29,12,100,214,32,246,346
01/26/2000,ARA,LA,ASW,CE,Federal Contract Tower,0,8,11,35,54,1,44,19,9,73,1,52,30,44,127,24,154,178,305
01/27/2000,ARA,LA,ASW,CE,Federal Contract Tower,0,1,2,4,7,2,60,18,0,80,2,61,20,4,87,202,0,202,289
01/28/2000,ARA,LA,ASW,CE,Federal Contract Tower,0,9,8,4,21,0,10,0,0,10,0,19,8,4,31,62,0,62,93
01/29/2000,ARA,LA,ASW,CE,Federal Contract Tower,0,3,4,4,11,0,16,4,0,20,0,19,8,4,31,62,0,62,93
01/30/2000,ARA,LA,ASW,CE,Federal Contract Tower,0,1,2,4,7,0,34,15,0,49,0,35,17,4,56,50,0,50,106
01/31/2000,ARA,LA,ASW,CE,Federal Contract Tower,0,7,11,34,52,0,75,27,13,115,0,82,38,47,167,346,28,374,541
02/01/2000,ARA,LA,ASW,CE,Federal Contract Tower,1,0,3,6,10,0,53,22,0,75,1,53,25,6,85,60,4,64,149
02/02/2000,ARA,LA,ASW,CE,Federal Contract Tower,3,6,10,28,47,0,77,19,17,113,3,83,29,45,160,266,10,276,436
02/03/2000,ARA,LA,ASW,CE,Federal Contract Tower,1,6,8,23,38,1,57,30,3,91,2,63,38,26,129,120,26,146,275
02/04/2000,ARA,LA,ASW,CE,Federal Contract Tower,1,8,14,37,60,0,56,20,15,91,1,64,34,52,151,134,46,180,331
02/05/2000,ARA,LA,ASW,CE,Federal Contract Tower,0,2,3,8,13,0,33,32,2,67,0,35,35,10,80,192,22,214,294
02/06/2000,ARA,LA,ASW,CE,Federal Contract Tower,0,6,8,20,34,0,33,27,22,82,0,39,35,42,116,92,22,114,230
02/07/2000,ARA,LA,ASW,CE,Federal Contract Tower,0,2,2,7,11,0,47,28,1,76,0,49,30,8,87,190,0,190,277
02/08/2000,ARA,LA,ASW,CE,Federal Contract Tower,0,5,7,14,26,0,41,25,10,76,0,46,32,24,102,180,22,202,304
02/09/2000,ARA,LA,ASW,CE,Federal Contract Tower,2,6,11,25,44,0,28,37,1,66,2,34,48,26,110,358,6,364,474
02/10/2000,ARA,LA,ASW,CE,Federal Contract Tower,1,4,6,13,24,1,78,28,15,122,2,82,34,28,146,240,28,268,414
02/11/2000,ARA,LA,ASW,CE,Federal Contract Tower,1,6,10,26,43,0,15,23,14,52,1,21,33,40,95,48,26,74,169
02/12/2000,ARA,LA,ASW,CE,Federal Contract Tower,0,5,7,16,28,0,18,15,6,39,0,23,22,22,67,34,20,54,121
02/13/2000,ARA,LA,ASW,CE,Federal Contract Tower,0,4,8,19,31,1,24,1,3,29,1,28,9,22,60,64,12,76,136
02/14/2000,ARA,LA,ASW,CE,Federal Contract Tower,0,7,13,18,38,0,13,10,0,23,0,20,23,18,61,166,10,176,237
02/15/2000,ARA,LA,ASW,CE,Federal Contract Tower,0,5,10,22,37,0,44,29,10,83,0,49,39,32,120,174,20,194,314
02/16/2000,ARA,LA,ASW,CE,Federal Contract Tower,0,5,10,15,30,0,55,28,0,83,0,60,38,15,113,200,18,218,331
02/17/2000,ARA,LA,ASW,CE,Federal Contract Tower,0,4,7,5,16,6,38,11,0,55,6,42,18,5,71,128,0,128,199
02/18/2000,ARA,LA,ASW,CE,Federal Contract Tower,0,6,12,30,48,0,28,1,10,39,0,34,13,40,87,56,54,110,197
02/19/2000,ARA,LA,ASW,CE,Federal Contract Tower,0,5,9,12,26,0,44,46,0,90,0,49,55,12,116,270,0,270,386
02/20/2000,ARA,LA,ASW,CE,Federal Contract Tower,0,2,5,6,13,0,36,30,0,66,0,38,35,6,79,292,38,330,409
02/21/2000,ARA,LA,ASW,CE,Federal Contract Tower,0,3,5,12,20,0,19,41,0,60,0,22,46,12,80,60,4,64,144
02/22/2000,ARA,LA,ASW,CE,Federal Contract Tower,0,6,10,24,40,1,46,33,6,86,1,52,43,30,126,146,14,160,286
02/23/2000,ARA,LA,ASW,CE,Federal Contract Tower,0,3,7,12,22,2,74,16,0,92,2,77,23,12,114,136,0,136,250
02/24/2000,ARA,LA,ASW,CE,Federal Contract Tower,0,2,6,13,21,3,52,11,1,67,3,54,17,14,88,196,6,202,290
02/25/2000,ARA,LA,ASW,CE,Federal Contract Tower,0,1,3,2,6,0,71,12,0,83,0,72,15,2,89,300,0,300,389
02/26/2000,ARA,LA,ASW,CE,Federal Contract Tower,0,5,9,22,36,0,38,1,4,43,0,43,10,26,79,64,20,84,163
02/27/2000,ARA,LA,ASW,CE,Federal Contract Tower,0,5,11,22,38,0,35,15,0,50,0,40,26,22,88,124,0,124,212
02/28/2000,ARA,LA,ASW,CE,Federal Contract Tower,0,5,10,25,40,0,58,32,5,95,0,63,42,30,135,128,0,128,263
02/29/2000,ARA,LA,ASW,CE,Federal Contract Tower,0,4,7,16,27,0,55,37,8,100,0,59,44,24,127,272,10,282,409
03/01/2000,ARA,LA,ASW,CE,Federal Contract Tower,2,6,10,27,45,1,42,29,3,75,3,48,39,30,120,154,24,178,298
03/02/2000,ARA,LA,ASW,CE,Federal Contract Tower,3,6,10,27,46,2,32,2,5,41,5,38,12,32,87,30,2,32,119
03/03/2000,ARA,LA,ASW,CE,Federal Contract Tower,0,6,10,26,42,0,27,7,3,37,0,33,17,29,79,80,30,110,189
03/04/2000,ARA,LA,ASW,CE,Federal Contract Tower,0,4,5,6,15,0,25,32,0,57,0,29,37,6,72,176,0,176,248
03/05/2000,ARA,LA,ASW,CE,Federal Contract Tower,0,2,4,11,17,0,32,32,0,64,0,34,36,11,81,128,4,132,213
03/06/2000,ARA,LA,ASW,CE,Federal Contract Tower,0,4,8,20,32,0,50,36,6,92,0,54,44,26,124,252,2,254,378
03/07/2000,ARA,LA,ASW,CE,Federal Contract Tower,0,5,7,21,33,0,60,27,9,96,0,65,34,30,129,310,16,326,455
03/08/2000,ARA,LA,ASW,CE,Federal Contract Tower,0,7,11,29,47,0,72,26,17,115,0,79,37,46,162,374,48,422,584
03/09/2000,ARA,LA,ASW,CE,Federal Contract Tower,2,6,11,27,46,2,57,14,6,79,4,63,25,33,125,212,30,242,367
03/10/2000,ARA,LA,ASW,CE,Federal Contract Tower,1,4,5,15,25,4,12,25,9,50,5,16,30,24,75,60,10,70,145
03/11/2000,ARA,LA,ASW,CE,Federal Contract Tower,0,4,5,8,17,0,30,11,0,41,0,34,16,8,58,78,0,78,136
03/12/2000,ARA,LA,ASW,CE,Federal Contract Tower,0,1,4,7,12,0,44,36,2,82,0,45,40,9,94,96,4,100,194
03/13/2000,ARA,LA,ASW,CE,Federal Contract Tower,0,4,8,18,30,0,89,13,7,109,0,93,21,25,139,358,38,396,535
03/14/2000,ARA,LA,ASW,CE,Federal Contract Tower,0,1,3,5,9,0,64,32,0,96,0,65,35,5,105,282,0,282,387
03/15/2000,ARA,LA,ASW,CE,Federal Contract Tower,0,1,2,0,3,0,33,9,0,42,0,34,11,0,45,118,0,118,163
03/16/2000,ARA,LA,ASW,CE,Federal Contract Tower,1,5,7,16,29,2,47,15,4,68,3,52,22,20,97,80,6,86,183
03/17/2000,ARA,LA,ASW,CE,Federal Contract Tower,0,4,7,15,26,3,40,27,3,73,3,44,34,18,99,86,8,94,193
03/18/2000,ARA,LA,ASW,CE,Federal Contract Tower,0,4,5,0,9,1,42,9,0,52,1,46,14,0,61,136,0,136,197
03/19/2000,ARA,LA,ASW,CE,Federal Contract Tower,0,3,4,8,15,0,33,8,2,43,0,36,12,10,58,126,10,136,194
03/20/2000,ARA,LA,ASW,CE,Federal Contract Tower,1,5,8,18,32,0,66,51,14,131,1,71,59,32,163,202,28,230,393
03/21/2000,ARA,LA,ASW,CE,Federal Contract Tower,0,6,10,22,38,0,39,42,22,103,0,45,52,44,141,124,0,124,265
03/22/2000,ARA,LA,ASW,CE,Federal Contract Tower,0,5,7,16,28,0,89,42,0,131,0,94,49,16,159,306,6,312,471
03/23/2000,ARA,LA,ASW,CE,Federal Contract Tower,1,5,9,19,34,1,51,32,17,101,2,56,41,36,135,156,8,164,299
03/24/2000,ARA,LA,ASW,CE,Federal Contract Tower,0,5,6,13,24,2,59,12,7,80,2,64,18,20,104,302,0,302,406
03/25/2000,ARA,LA,ASW,CE,Federal Contract Tower,1,5,7,17,30,0,25,11,13,49,1,30,18,30,79,108,10,118,197
03/26/2000,ARA,LA,ASW,CE,Federal Contract Tower,0,2,3,7,12,0,20,7,3,30,0,22,10,10,42,68,8,76,118
03/27/2000,ARA,LA,ASW,CE,Federal Contract Tower,0,1,2,4,7,2,49,26,0,77,2,50,28,4,84,136,0,136,220
03/28/2000,ARA,LA,ASW,CE,Federal Contract Tower,1,5,8,21,35,0,61,24,11,96,1,66,32,32,131,172,34,206,337
03/29/2000,ARA,LA,ASW,CE,Federal Contract Tower,0,4,7,12,23,0,60,30,0,90,0,64,37,12,113,112,2,114,227
03/30/2000,ARA,LA,ASW,CE,Federal Contract Tower,1,9,17,39,66,0,73,10,7,90,1,82,27,46,156,176,12,188,344
03/31/2000,ARA,LA,ASW,CE,Federal Contract Tower,1,8,15,36,60,0,44,16,18,78,1,52,31,54,138,152,16,168,306
04/01/2000,ARA,LA,ASW,CE,Federal Contract Tower,0,1,1,8,10,0,25,23,0,48,0,26,24,8,58,96,4,100,158
04/02/2000,ARA,LA,ASW,CE,Federal Contract Tower,1,2,1,8,12,2,16,17,0,35,3,18,18,8,47,60,0,60,107
04/03/2000,ARA,LA,ASW,CE,Federal Contract Tower,0,0,0,0,0,0,26,1,0,27,0,26,1,0,27,152,0,152,179
04/04/2000,ARA,LA,ASW,CE,Federal Contract Tower,0,4,7,26,37,0,59,37,20,116,0,63,44,46,153,328,10,338,491
04/05/2000,ARA,LA,ASW,CE,Federal Contract Tower,0,4,8,27,39,0,80,44,1,125,0,84,52,28,164,374,4,378,542
04/06/2000,ARA,LA,ASW,CE,Federal Contract Tower,0,5,7,23,35,0,53,37,3,93,0,58,44,26,128,186,16,202,330
04/07/2000,ARA,LA,ASW,CE,Federal Contract Tower,1,4,8,24,37,0,34,18,18,70,1,38,26,42,107,78,15,93,200
04/08/2000,ARA,LA,ASW,CE,Federal Contract Tower,1,0,2,4,7,0,33,12,0,45,1,33,14,4,52,124,0,124,176
04/09/2000,ARA,LA,ASW,CE,Federal Contract Tower,1,0,0,4,5,0,25,19,0,44,1,25,19,4,49,168,2,170,219
04/10/2000,ARA,LA,ASW,CE,Federal Contract Tower,0,4,8,28,40,0,48,36,10,94,0,52,44,38,134,358,12,370,504
04/11/2000,ARA,LA,ASW,CE,Federal Contract Tower,0,4,5,13,22,0,57,12,1,70,0,61,17,14,92,188,0,188,280
04/12/2000,ARA,LA,ASW,CE,Federal Contract Tower,0,0,0,0,0,0,42,19,0,61,0,42,19,0,61,110,0,110,171
04/13/2000,ARA,LA,ASW,CE,Federal Contract Tower,0,3,5,8,16,2,33,19,0,54,2,36,24,8,70,108,0,108,178
04/14/2000,ARA,LA,ASW,CE,Federal Contract Tower,0,4,6,19,29,0,48,26,7,81,0,52,32,26,110,68,46,114,224
04/15/2000,ARA,LA,ASW,CE,Federal Contract Tower,0,0,0,2,2,0,27,24,0,51,0,27,24,2,53,80,0,80,133
04/16/2000,ARA,LA,ASW,CE,Federal Contract Tower,0,2,4,12,18,0,21,16,4,41,0,23,20,16,59,20,6,26,85
04/17/2000,ARA,LA,ASW,CE,Federal Contract Tower,0,3,4,13,20,0,38,28,5,71,0,41,32,18,91,186,8,194,285
04/18/2000,ARA,LA,ASW,CE,Federal Contract Tower,1,4,8,28,41,0,58,24,6,88,1,62,32,34,129,194,28,222,351
04/19/2000,ARA,LA,ASW,CE,Federal Contract Tower,1,5,9,32,47,0,45,21,18,84,1,50,30,50,131,86,56,142,273
04/20/2000,ARA,LA,ASW,CE,Federal Contract Tower,0,3,7,22,32,1,47,11,2,61,1,50,18,24,93,54,0,54,147
04/21/2000,ARA,LA,ASW,CE,Federal Contract Tower,0,3,5,17,25,1,31,24,13,69,1,34,29,30,94,18,0,18,112
04/22/2000,ARA,LA,ASW,CE,Federal Contract Tower,0,0,0,4,4,0,44,32,0,76,0,44,32,4,80,130,0,130,210
04/23/2000,ARA,LA,ASW,CE,Federal Contract Tower,0,0,1,0,1,0,25,6,0,31,0,25,7,0,32,90,0,90,122
04/24/2000,ARA,LA,ASW,CE,Federal Contract Tower,0,3,5,17,25,0,49,23,9,81,0,52,28,26,106,238,10,248,354
04/25/2000,ARA,LA,ASW,CE,Federal Contract Tower,1,5,11,38,55,1,67,27,8,103,2,72,38,46,158,246,40,286,444
04/26/2000,ARA,LA,ASW,CE,Federal Contract Tower,1,5,9,34,49,0,47,33,16,96,1,52,42,50,145,160,30,190,335
04/27/2000,ARA,LA,ASW,CE,Federal Contract Tower,0,3,5,12,20,1,50,21,0,72,1,53,26,12,92,38,2,40,132
04/28/2000,ARA,LA,ASW,CE,Federal Contract Tower,1,6,13,44,64,0,58,13,4,75,1,64,26,48,139,32,30,62,201
04/29/2000,ARA,LA,ASW,CE,Federal Contract Tower,0,1,4,4,9,1,55,39,0,95,1,56,43,4,104,242,2,244,348
04/30/2000,ARA,LA,ASW,CE,Federal Contract Tower,0,3,5,17,25,3,35,23,1,62,3,38,28,18,87,132,6,138,225
05/01/2000,ARA,LA,ASW,CE,Federal Contract Tower,0,1,2,4,7,0,63,14,0,77,0,64,16,4,84,212,38,250,334
05/02/2000,ARA,LA,ASW,CE,Federal Contract Tower,0,2,1,2,5,0,30,27,0,57,0,32,28,2,62,96,0,96,158
05/03/2000,ARA,LA,ASW,CE,Federal Contract Tower,1,2,1,9,13,0,32,12,3,47,1,34,13,12,60,168,6,174,234
05/04/2000,ARA,LA,ASW,CE,Federal Contract Tower,0,3,5,8,16,0,54,32,0,86,0,57,37,8,102,64,6,70,172
05/05/2000,ARA,LA,ASW,CE,Federal Contract Tower,1,4,7,21,33,1,47,15,2,65,2,51,22,23,98,12,0,12,110
05/06/2000,ARA,LA,ASW,CE,Federal Contract Tower,1,3,5,6,15,1,52,16,0,69,2,55,21,6,84,258,4,262,346
05/07/2000,ARA,LA,ASW,CE,Federal Contract Tower,0,3,7,8,18,0,32,33,0,65,0,35,40,8,83,142,12,154,237
05/08/2000,ARA,LA,ASW,CE,Federal Contract Tower,0,6,12,31,49,0,44,12,9,65,0,50,24,40,114,240,6,246,360
05/09/2000,ARA,LA,ASW,CE,Federal Contract Tower,0,4,9,23,36,0,66,30,5,101,0,70,39,28,137,266,24,290,427
05/10/2000,ARA,LA,ASW,CE,Federal Contract Tower,0,3,7,17,27,0,62,62,9,133,0,65,69,26,160,368,12,380,540
05/11/2000,ARA,LA,ASW,CE,Federal Contract Tower,1,5,9,24,39,0,57,20,12,89,1,62,29,36,128,126,42,168,296
05/12/2000,ARA,LA,ASW,CE,Federal Contract Tower,1,2,5,11,19,0,66,33,13,112,1,68,38,24,131,82,6,88,219
05/13/2000,ARA,LA,ASW,CE,Federal Contract Tower,0,2,2,2,6,0,32,26,0,58,0,34,28,2,64,98,0,98,162
05/14/2000,ARA,LA,ASW,CE,Federal Contract Tower,0,2,7,17,26,0,36,17,5,58,0,38,24,22,84,46,32,78,162
05/15/2000,ARA,LA,ASW,CE,Federal Contract Tower,0,3,7,20,30,0,51,28,8,87,0,54,35,28,117,16,10,26,143
05/16/2000,ARA,LA,ASW,CE,Federal Contract Tower,0,2,7,17,26,0,66,30,11,107,0,68,37,28,133,188,8,196,329
05/17/2000,ARA,LA,ASW,CE,Federal Contract Tower,0,4,11,29,44,0,105,34,13,152,0,109,45,42,196,290,12,302,498
05/18/2000,ARA,LA,ASW,CE,Federal Contract Tower,0,4,10,27,41,2,50,14,19,85,2,54,24,46,126,196,96,292,418
05/19/2000,ARA,LA,ASW,CE,Federal Contract Tower,0,1,4,11,16,2,45,34,3,84,2,46,38,14,100,138,36,174,274
05/20/2000,ARA,LA,ASW,CE,Federal Contract Tower,0,0,2,5,7,0,36,21,1,58,0,36,23,6,65,90,4,94,159
05/21/2000,ARA,LA,ASW,CE,Federal Contract Tower,0,0,0,4,4,0,62,40,0,102,0,62,40,4,106,102,0,102,208
05/22/2000,ARA,LA,ASW,CE,Federal Contract Tower,0,5,13,35,53,0,53,33,3,89,0,58,46,38,142,42,18,60,202
05/23/2000,ARA,LA,ASW,CE,Federal Contract Tower,0,3,8,22,33,0,57,14,4,75,0,60,22,26,108,170,26,196,304
05/24/2000,ARA,LA,ASW,CE,Federal Contract Tower,0,5,10,28,43,2,88,42,22,154,2,93,52,50,197,116,40,156,353
05/25/2000,ARA,LA,ASW,CE,Federal Contract Tower,0,4,9,12,25,1,62,37,0,100,1,66,46,12,125,32,0,32,157
05/26/2000,ARA,LA,ASW,CE,Federal Contract Tower,0,2,4,14,20,0,54,14,6,74,0,56,18,20,94,268,4,272,366
05/27/2000,ARA,LA,ASW,CE,Federal Contract Tower,0,1,5,2,8,0,54,17,0,71,0,55,22,2,79,108,0,108,187
05/28/2000,ARA,LA,ASW,CE,Federal Contract Tower,0,2,4,0,6,0,10,10,0,20,0,12,14,0,26,34,0,34,60
05/29/2000,ARA,LA,ASW,CE,Federal Contract Tower,0,2,4,14,20,0,15,17,10,42,0,17,21,24,62,12,2,14,76
05/30/2000,ARA,LA,ASW,CE,Federal Contract Tower,0,3,8,22,33,0,55,27,8,90,0,58,35,30,123,56,14,70,193
05/31/2000,ARA,LA,ASW,CE,Federal Contract Tower,0,3,8,23,34,0,51,30,1,82,0,54,38,24,116,250,12,262,378
06/01/2000,ARA,LA,ASW,CE,Federal Contract Tower,1,5,11,33,50,0,55,32,7,94,1,60,43,40,144,106,86,192,336
06/02/2000,ARA,LA,ASW,CE,Federal Contract Tower,0,5,14,38,57,0,36,29,32,97,0,41,43,70,154,132,38,170,324
06/03/2000,ARA,LA,ASW,CE,Federal Contract Tower,0,1,4,10,15,0,36,11,0,47,0,37,15,10,62,164,14,178,240
06/04/2000,ARA,LA,ASW,CE,Federal Contract Tower,0,1,3,8,12,0,50,13,0,63,0,51,16,8,75,66,6,72,147
06/05/2000,ARA,LA,ASW,CE,Federal Contract Tower,0,0,0,1,1,0,48,15,0,63,0,48,15,1,64,238,0,238,302
06/06/2000,ARA,LA,ASW,CE,Federal Contract Tower,1,2,7,18,28,0,78,27,0,105,1,80,34,18,133,184,72,256,389
06/07/2000,ARA,LA,ASW,CE,Federal Contract Tower,0,2,7,19,28,0,82,43,1,126,0,84,50,20,154,166,10,176,330
06/08/2000,ARA,LA,ASW,CE,Federal Contract Tower,1,2,6,16,25,0,85,41,0,126,1,87,47,16,151,198,18,216,367
06/09/2000,ARA,LA,ASW,CE,Federal Contract Tower,1,3,6,12,22,0,41,31,0,72,1,44,37,12,94,112,2,114,208
06/10/2000,ARA,LA,ASW,CE,Federal Contract Tower,1,1,3,0,5,0,48,5,0,53,1,49,8,0,58,220,0,220,278
06/11/2000,ARA,LA,ASW,CE,Federal Contract Tower,0,3,8,19,30,0,32,23,5,60,0,35,31,24,90,216,8,224,314
06/12/2000,ARA,LA,ASW,CE,Federal Contract Tower,0,2,5,13,20,0,46,29,7,82,0,48,34,20,102,228,0,228,330
06/13/2000,ARA,LA,ASW,CE,Federal Contract Tower,0,2,4,10,16,1,58,38,12,109,1,60,42,22,125,246,18,264,389
06/14/2000,ARA,LA,ASW,CE,Federal Contract Tower,0,2,3,8,13,0,57,30,0,87,0,59,33,8,100,258,0,258,358
06/15/2000,ARA,LA,ASW,CE,Federal Contract Tower,0,3,5,10,18,1,66,17,0,84,1,69,22,10,102,138,10,148,250
06/16/2000,ARA,LA,ASW,CE,Federal Contract Tower,0,1,3,2,6,2,51,23,0,76,2,52,26,2,82,8,0,8,90
06/17/2000,ARA,LA,ASW,CE,Federal Contract Tower,0,0,0,0,0,0,31,16,0,47,0,31,16,0,47,116,0,116,163
06/18/2000,ARA,LA,ASW,CE,Federal Contract Tower,0,2,4,8,14,1,14,24,0,39,1,16,28,8,53,34,0,34,87
06/19/2000,ARA,LA,ASW,CE,Federal Contract Tower,0,5,9,22,36,1,43,19,12,75,1,48,28,34,111,120,40,160,271
06/20/2000,ARA,LA,ASW,CE,Federal Contract Tower,0,3,6,15,24,0,51,46,5,102,0,54,52,20,126,128,18,146,272
06/21/2000,ARA,LA,ASW,CE,Federal Contract Tower,0,2,3,6,11,0,83,35,4,122,0,85,38,10,133,314,2,316,449
06/22/2000,ARA,LA,ASW,CE,Federal Contract Tower,0,5,9,23,37,0,43,39,23,105,0,48,48,46,142,154,8,162,304
06/23/2000,ARA,LA,ASW,CE,Federal Contract Tower,0,5,10,24,39,2,40,39,4,85,2,45,49,28,124,34,16,50,174
06/24/2000,ARA,LA,ASW,CE,Federal Contract Tower,0,1,2,4,7,0,23,16,2,41,0,24,18,6,48,88,10,98,146
06/25/2000,ARA,LA,ASW,CE,Federal Contract Tower,0,2,6,16,24,0,36,18,10,64,0,38,24,26,88,138,6,144,232
06/26/2000,ARA,LA,ASW,CE,Federal Contract Tower,0,1,4,9,14,2,54,25,4,85,2,55,29,13,99,244,24,268,367
06/27/2000,ARA,LA,ASW,CE,Federal Contract Tower,0,4,9,22,35,2,49,29,0,80,2,53,38,22,115,302,8,310,425
06/28/2000,ARA,LA,ASW,CE,Federal Contract Tower,0,1,4,11,16,0,82,41,1,124,0,83,45,12,140,354,0,354,494
06/29/2000,ARA,LA,ASW,CE,Federal Contract Tower,0,2,8,12,22,0,92,9,0,101,0,94,17,12,123,128,0,128,251
06/30/2000,ARA,LA,ASW,CE,Federal Contract Tower,0,2,5,14,21,1,49,15,2,67,1,51,20,16,88,12,6,18,106
07/01/2000,ARA,LA,ASW,CE,Federal Contract Tower,1,0,2,0,3,0,51,11,0,62,1,51,13,0,65,44,0,44,109
07/02/2000,ARA,LA,ASW,CE,Federal Contract Tower,0,2,1,0,3,0,47,10,0,57,0,49,11,0,60,24,0,24,84
07/03/2000,ARA,LA,ASW,CE,Federal Contract Tower,1,4,4,16,25,1,88,12,0,101,2,92,16,16,126,136,2,138,264
07/04/2000,ARA,LA,ASW,CE,Federal Contract Tower,0,0,0,1,1,0,49,34,0,83,0,49,34,1,84,72,0,72,156
07/05/2000,ARA,LA,ASW,CE,Federal Contract Tower,0,4,3,14,21,0,78,25,0,103,0,82,28,14,124,126,10,136,260
07/06/2000,ARA,LA,ASW,CE,Federal Contract Tower,0,5,5,18,28,0,70,41,10,121,0,75,46,28,149,266,4,270,419
07/07/2000,ARA,LA,ASW,CE,Federal Contract Tower,0,4,4,16,24,0,54,19,11,84,0,58,23,27,108,118,20,138,246
07/08/2000,ARA,LA,ASW,CE,Federal Contract Tower,1,2,2,0,5,0,33,14,0,47,1,35,16,0,52,22,0,22,74
07/09/2000,ARA,LA,ASW,CE,Federal Contract Tower,1,2,2,7,12,1,21,23,1,46,2,23,25,8,58,26,6,32,90
07/10/2000,ARA,LA,ASW,CE,Federal Contract Tower,0,2,3,7,12,0,50,29,3,82,0,52,32,10,94,120,18,138,232
07/11/2000,ARA,LA,ASW,CE,Federal Contract Tower,0,3,4,11,18,0,75,30,3,108,0,78,34,14,126,244,4,248,374
07/12/2000,ARA,LA,ASW,CE,Federal Contract Tower,0,6,7,21,34,0,73,34,15,122,0,79,41,36,156,290,26,316,472
07/13/2000,ARA,LA,ASW,CE,Federal Contract Tower,0,4,5,15,24,2,61,40,5,108,2,65,45,20,132,188,14,202,334
07/14/2000,ARA,LA,ASW,CE,Federal Contract Tower,0,7,12,36,55,0,39,14,15,68,0,46,26,51,123,70,56,126,249
07/15/2000,ARA,LA,ASW,CE,Federal Contract Tower,1,6,9,30,46,0,32,40,27,99,1,38,49,57,145,248,78,326,471
07/16/2000,ARA,LA,ASW,CE,Federal Contract Tower,0,3,4,11,18,1,41,12,10,64,1,44,16,21,82,168,18,186,268
07/17/2000,ARA,LA,ASW,CE,Federal Contract Tower,0,5,7,21,33,2,59,20,9,90,2,64,27,30,123,162,0,162,285
07/18/2000,ARA,LA,ASW,CE,Federal Contract Tower,0,4,5,16,25,0,64,28,2,94,0,68,33,18,119,208,10,218,337
07/19/2000,ARA,LA,ASW,CE,Federal Contract Tower,0,6,8,27,41,0,76,19,13,108,0,82,27,40,149,290,12,302,451
07/20/2000,ARA,LA,ASW,CE,Federal Contract Tower,0,4,6,21,31,0,36,39,4,79,0,40,45,25,110,22,14,36,146
07/21/2000,ARA,LA,ASW,CE,Federal Contract Tower,2,10,15,49,76,0,29,22,21,72,2,39,37,70,148,58,66,124,272
07/22/2000,ARA,LA,ASW,CE,Federal Contract Tower,0,1,2,5,8,0,25,46,0,71,0,26,48,5,79,234,8,242,321
07/23/2000,ARA,LA,ASW,CE,Federal Contract Tower,0,2,3,6,11,1,12,16,0,29,1,14,19,6,40,58,0,58,98
07/24/2000,ARA,LA,ASW,CE,Federal Contract Tower,0,3,6,19,28,0,29,26,8,63,0,32,32,27,91,86,4,90,181
07/25/2000,ARA,LA,ASW,CE,Federal Contract Tower,0,1,3,0,4,0,42,34,0,76,0,43,37,0,80,58,0,58,138
07/26/2000,ARA,LA,ASW,CE,Federal Contract Tower,0,4,7,21,32,0,69,34,17,120,0,73,41,38,152,154,28,182,334
07/27/2000,ARA,LA,ASW,CE,Federal Contract Tower,0,3,4,15,22,0,52,29,7,88,0,55,33,22,110,80,18,98,208
07/28/2000,ARA,LA,ASW,CE,Federal Contract Tower,0,7,9,30,46,1,48,22,8,79,1,55,31,38,125,14,24,38,163
07/29/2000,ARA,LA,ASW,CE,Federal Contract Tower,0,4,7,21,32,1,48,19,4,72,1,52,26,25,104,92,34,126,230
07/30/2000,ARA,LA,ASW,CE,Federal Contract Tower,0,1,3,3,7,0,30,15,0,45,0,31,18,3,52,16,0,16,68
07/31/2000,ARA,LA,ASW,CE,Federal Contract Tower,0,1,2,4,7,0,28,7,0,35,0,29,9,4,42,132,0,132,174
08/01/2000,ARA,LA,ASW,CE,Federal Contract Tower,0,3,4,12,19,0,55,32,4,91,0,58,36,16,110,172,6,178,288
08/02/2000,ARA,LA,ASW,CE,Federal Contract Tower,0,5,5,12,22,0,68,44,0,112,0,73,49,12,134,214,8,222,356
08/03/2000,ARA,LA,ASW,CE,Federal Contract Tower,0,4,4,8,16,0,48,24,0,72,0,52,28,8,88,100,14,114,202
08/04/2000,ARA,LA,ASW,CE,Federal Contract Tower,0,5,5,14,24,0,39,27,10,76,0,44,32,24,100,174,16,190,290
08/05/2000,ARA,LA,ASW,CE,Federal Contract Tower,0,4,3,4,11,0,47,22,0,69,0,51,25,4,80,58,4,62,142
08/06/2000,ARA,LA,ASW,CE,Federal Contract Tower,1,4,4,10,19,0,55,36,5,96,1,59,40,15,115,298,6,304,419
08/07/2000,ARA,LA,ASW,CE,Federal Contract Tower,1,6,9,22,38,0,48,19,18,85,1,54,28,40,123,188,34,222,345
08/08/2000,ARA,LA,ASW,CE,Federal Contract Tower,1,2,4,1,8,0,70,34,0,104,1,72,38,1,112,232,0,232,344
08/09/2000,ARA,LA,ASW,CE,Federal Contract Tower,0,5,8,20,33,0,67,51,9,127,0,72,59,29,160,286,40,326,486
08/10/2000,ARA,LA,ASW,CE,Federal Contract Tower,0,4,7,16,27,0,39,29,5,73,0,43,36,21,100,106,30,136,236
08/11/2000,ARA,LA,ASW,CE,Federal Contract Tower,0,5,6,12,23,1,71,78,0,150,1,76,84,12,173,370,0,370,543
08/12/2000,ARA,LA,ASW,CE,Federal Contract Tower,0,4,5,11,20,0,72,30,1,103,0,76,35,12,123,276,30,306,429
08/13/2000,ARA,LA,ASW,CE,Federal Contract Tower,0,5,6,5,16,0,40,27,0,67,0,45,33,5,83,170,0,170,253
08/14/2000,ARA,LA,ASW,CE,Federal Contract Tower,0,4,4,11,19,0,56,26,5,87,0,60,30,16,106,340,0,340,446
08/15/2000,ARA,LA,ASW,CE,Federal Contract Tower,0,4,5,13,22,0,68,38,3,109,0,72,43,16,131,336,6,342,473
08/16/2000,ARA,LA,ASW,CE,Federal Contract Tower,0,4,6,14,24,3,67,44,7,121,3,71,50,21,145,224,4,228,373
08/17/2000,ARA,LA,ASW,CE,Federal Contract Tower,0,7,10,25,42,0,78,71,6,155,0,85,81,31,197,433,4,437,634
08/18/2000,ARA,LA,ASW,CE,Federal Contract Tower,0,4,7,18,29,0,37,27,16,80,0,41,34,34,109,144,0,144,253
08/19/2000,ARA,LA,ASW,CE,Federal Contract Tower,0,2,3,9,14,0,29,24,3,56,0,31,27,12,70,206,4,210,280
08/20/2000,ARA,LA,ASW,CE,Federal Contract Tower,0,4,6,15,25,0,23,26,1,50,0,27,32,16,75,366,34,400,475
08/21/2000,ARA,LA,ASW,CE,Federal Contract Tower,0,5,7,16,28,1,51,45,0,97,1,56,52,16,125,258,2,260,385
08/22/2000,ARA,LA,ASW,CE,Federal Contract Tower,0,3,5,12,20,0,88,39,0,127,0,91,44,12,147,156,2,158,305
08/23/2000,ARA,LA,ASW,CE,Federal Contract Tower,0,1,1,5,7,0,67,48,1,116,0,68,49,6,123,138,2,140,263
08/24/2000,ARA,LA,ASW,CE,Federal Contract Tower,0,2,4,3,9,0,60,31,0,91,0,62,35,3,100,156,0,156,256
08/25/2000,ARA,LA,ASW,CE,Federal Contract Tower,0,5,9,22,36,2,56,47,1,106,2,61,56,23,142,142,8,150,292
08/26/2000,ARA,LA,ASW,CE,Federal Contract Tower,0,3,5,12,20,0,39,29,14,82,0,42,34,26,102,186,42,228,330
08/27/2000,ARA,LA,ASW,CE,Federal Contract Tower,0,2,4,10,16,0,40,28,8,76,0,42,32,18,92,80,18,98,190
08/28/2000,ARA,LA,ASW,CE,Federal Contract Tower,0,3,6,15,24,0,46,17,17,80,0,49,23,32,104,66,10,76,180
08/29/2000,ARA,LA,ASW,CE,Federal Contract Tower,0,7,12,30,49,0,70,46,24,140,0,77,58,54,189,286,36,322,511
08/30/2000,ARA,LA,ASW,CE,Federal Contract Tower,0,7,10,27,44,0,95,26,15,136,0,102,36,42,180,306,30,336,516
08/31/2000,ARA,LA,ASW,CE,Federal Contract Tower,0,11,16,42,69,0,99,21,7,127,0,110,37,49,196,126,74,200,396
09/01/2000,ARA,LA,ASW,CE,Federal Contract Tower,0,6,15,19,40,0,52,9,15,76,0,58,24,34,116,82,50,132,248
09/02/2000,ARA,LA,ASW,CE,Federal Contract Tower,1,4,9,2,16,0,46,12,0,58,1,50,21,2,74,138,4,142,216
09/03/2000,ARA,LA,ASW,CE,Federal Contract Tower,0,2,7,2,11,0,34,34,0,68,0,36,41,2,79,152,4,156,235
09/04/2000,ARA,LA,ASW,CE,Federal Contract Tower,0,4,11,10,25,0,20,13,0,33,0,24,24,10,58,36,12,48,106
09/05/2000,ARA,LA,ASW,CE,Federal Contract Tower,0,3,9,10,22,0,65,41,10,116,0,68,50,20,138,140,6,146,284
09/06/2000,ARA,LA,ASW,CE,Federal Contract Tower,0,6,12,15,33,0,47,12,17,76,0,53,24,32,109,68,12,80,189
09/07/2000,ARA,LA,ASW,CE,Federal Contract Tower,0,14,22,38,74,2,27,0,4,33,2,41,22,42,107,108,4,112,219
09/08/2000,ARA,LA,ASW,CE,Federal Contract Tower,0,2,2,2,6,0,24,0,0,24,0,26,2,2,30,22,0,22,52
09/09/2000,ARA,LA,ASW,CE,Federal Contract Tower,0,3,5,0,8,0,17,13,0,30,0,20,18,0,38,36,0,36,74
09/10/2000,ARA,LA,ASW,CE,Federal Contract Tower,0,1,0,1,2,0,43,6,1,50,0,44,6,2,52,110,0,110,162
09/11/2000,ARA,LA,ASW,CE,Federal Contract Tower,0,5,10,12,27,0,58,11,2,71,0,63,21,14,98,384,30,414,512
09/12/2000,ARA,LA,ASW,CE,Federal Contract Tower,0,4,8,9,21,0,94,35,0,129,0,98,43,9,150,362,4,366,516
09/13/2000,ARA,LA,ASW,CE,Federal Contract Tower,0,4,8,2,14,0,44,29,0,73,0,48,37,2,87,166,6,172,259
09/14/2000,ARA,LA,ASW,CE,Federal Contract Tower,0,12,26,26,64,1,44,18,0,63,1,56,44,26,127,266,0,266,393
09/15/2000,ARA,LA,ASW,CE,Federal Contract Tower,0,6,13,16,35,1,53,24,8,86,1,59,37,24,121,306,10,316,437
09/16/2000,ARA,LA,ASW,CE,Federal Contract Tower,0,1,0,1,2,0,43,22,4,69,0,44,22,5,71,138,0,138,209
09/17/2000,ARA,LA,ASW,CE,Federal Contract Tower,0,5,9,10,24,0,33,23,9,65,0,38,32,19,89,316,6,322,411
09/18/2000,ARA,LA,ASW,CE,Federal Contract Tower,0,8,17,20,45,0,72,20,30,122,0,80,37,50,167,316,22,338,505
09/19/2000,ARA,LA,ASW,CE,Federal Contract Tower,0,5,12,15,32,1,65,23,9,98,1,70,35,24,130,228,2,230,360
09/20/2000,ARA,LA,ASW,CE,Federal Contract Tower,0,2,7,9,18,0,68,22,11,101,0,70,29,20,119,214,10,224,343
09/21/2000,ARA,LA,ASW,CE,Federal Contract Tower,0,1,3,0,4,0,75,21,0,96,0,76,24,0,100,60,0,60,160
09/22/2000,ARA,LA,ASW,CE,Federal Contract Tower,0,3,8,11,22,0,65,11,0,76,0,68,19,11,98,90,6,96,194
09/23/2000,ARA,LA,ASW,CE,Federal Contract Tower,0,2,6,8,16,0,46,282,8,336,0,48,288,16,352,170,36,206,558
09/24/2000,ARA,LA,ASW,CE,Federal Contract Tower,0,3,9,11,23,0,39,8,12,59,0,42,17,23,82,38,88,126,208
09/25/2000,ARA,LA,ASW,CE,Federal Contract Tower,0,8,13,18,39,0,86,0,0,86,0,94,13,18,125,212,0,212,337
09/26/2000,ARA,LA,ASW,CE,Federal Contract Tower,0,4,10,13,27,0,68,31,4,103,0,72,41,17,130,200,14,214,344
09/27/2000,ARA,LA,ASW,CE,Federal Contract Tower,0,2,5,6,13,0,86,46,4,136,0,88,51,10,149,316,12,328,477
09/28/2000,ARA,LA,ASW,CE,Federal Contract Tower,0,2,6,8,16,0,70,35,13,118,0,72,41,21,134,48,6,54,188
09/29/2000,ARA,LA,ASW,CE,Federal Contract Tower,0,6,14,18,38,1,60,40,8,109,1,66,54,26,147,144,4,148,295
09/30/2000,ARA,LA,ASW,CE,Federal Contract Tower,0,1,4,2,7,0,19,26,0,45,0,20,30,2,52,58,0,58,110
10/01/2000,ARA,LA,ASW,CE,Federal Contract Tower,0,3,4,2,9,0,26,32,0,58,0,29,36,2,67,142,0,142,209
10/02/2000,ARA,LA,ASW,CE,Federal Contract Tower,0,4,2,11,17,0,72,34,3,109,0,76,36,14,126,458,12,470,596
10/03/2000,ARA,LA,ASW,CE,Federal Contract Tower,0,4,5,12,21,0,60,28,12,100,0,64,33,24,121,288,2,290,411
10/04/2000,ARA,LA,ASW,CE,Federal Contract Tower,0,5,7,16,28,0,69,19,10,98,0,74,26,26,126,194,14,208,334
10/05/2000,ARA,LA,ASW,CE,Federal Contract Tower,0,4,5,10,19,0,37,17,0,54,0,41,22,10,73,70,0,70,143
10/06/2000,ARA,LA,ASW,CE,Federal Contract Tower,0,11,13,11,35,0,25,0,0,25,0,36,13,11,60,92,0,92,152
10/07/2000,ARA,LA,ASW,CE,Federal Contract Tower,0,4,5,8,17,0,44,13,2,59,0,48,18,10,76,272,2,274,350
10/08/2000,ARA,LA,ASW,CE,Federal Contract Tower,0,6,8,2,16,0,26,4,0,30,0,32,12,2,46,286,0,286,332
10/09/2000,ARA,LA,ASW,CE,Federal Contract Tower,0,4,5,10,19,0,43,18,0,61,0,47,23,10,80,356,4,360,440
10/10/2000,ARA,LA,ASW,CE,Federal Contract Tower,0,10,15,33,58,2,85,37,13,137,2,95,52,46,195,244,14,258,453
10/11/2000,ARA,LA,ASW,CE,Federal Contract Tower,0,7,10,21,38,0,95,46,25,166,0,102,56,46,204,232,36,268,472
10/12/2000,ARA,LA,ASW,CE,Federal Contract Tower,0,6,9,18,33,0,67,32,26,125,0,73,41,44,158,198,50,248,406
10/13/2000,ARA,LA,ASW,CE,Federal Contract Tower,0,7,10,22,39,0,57,11,40,108,0,64,21,62,147,80,72,152,299
10/14/2000,ARA,LA,ASW,CE,Federal Contract Tower,0,4,5,2,11,0,31,39,0,70,0,35,44,2,81,84,0,84,165
10/15/2000,ARA,LA,ASW,CE,Federal Contract Tower,0,2,2,4,8,0,20,25,0,45,0,22,27,4,53,38,4,42,95
10/16/2000,ARA,LA,ASW,CE,Federal Contract Tower,0,6,9,20,35,0,40,24,14,78,0,46,33,34,113,152,26,178,291
10/17/2000,ARA,LA,ASW,CE,Federal Contract Tower,0,3,6,13,22,0,84,30,2,116,0,87,36,15,138,164,0,164,302
10/18/2000,ARA,LA,ASW,CE,Federal Contract Tower,0,4,7,17,28,1,68,41,3,113,1,72,48,20,141,248,8,256,397
10/19/2000,ARA,LA,ASW,CE,Federal Contract Tower,0,10,16,35,61,1,49,27,15,92,1,59,43,50,153,190,38,228,381
10/20/2000,ARA,LA,ASW,CE,Federal Contract Tower,0,11,18,40,69,1,40,28,18,87,1,51,46,58,156,326,56,382,538
10/21/2000,ARA,LA,ASW,CE,Federal Contract Tower,0,0,0,0,0,0,49,11,0,60,0,49,11,0,60,240,0,240,300
10/22/2000,ARA,LA,ASW,CE,Federal Contract Tower,0,7,11,25,43,0,53,21,11,85,0,60,32,36,128,236,20,256,384
10/23/2000,ARA,LA,ASW,CE,Federal Contract Tower,0,4,6,14,24,0,54,15,13,82,0,58,21,27,106,58,14,72,178
10/24/2000,ARA,LA,ASW,CE,Federal Contract Tower,0,4,6,15,25,0,84,15,11,110,0,88,21,26,135,206,18,224,359
10/25/2000,ARA,LA,ASW,CE,Federal Contract Tower,0,5,9,20,34,0,69,29,8,106,0,74,38,28,140,142,26,168,308
10/26/2000,ARA,LA,ASW,CE,Federal Contract Tower,0,6,9,22,37,0,58,21,6,85,0,64,30,28,122,48,20,68,190
10/27/2000,ARA,LA,ASW,CE,Federal Contract Tower,0,5,8,19,32,0,56,11,9,76,0,61,19,28,108,170,26,196,304
10/28/2000,ARA,LA,ASW,CE,Federal Contract Tower,0,2,4,9,15,2,30,19,5,56,2,32,23,14,71,62,22,84,155
10/29/2000,ARA,LA,ASW,CE,Federal Contract Tower,0,4,8,17,29,0,29,10,7,46,0,33,18,24,75,92,0,92,167
10/30/2000,ARA,LA,ASW,CE,Federal Contract Tower,0,4,6,15,25,0,36,28,1,65,0,40,34,16,90,146,28,174,264
10/31/2000,ARA,LA,ASW,CE,Federal Contract Tower,0,4,6,14,24,0,57,26,0,83,0,61,32,14,107,214,8,222,329
11/01/2000,ARA,LA,ASW,CE,Federal Contract Tower,0,2,15,13,30,0,79,6,15,100,0,81,21,28,130,184,0,184,314
11/02/2000,ARA,LA,ASW,CE,Federal Contract Tower,0,2,8,7,17,0,78,20,16,114,0,80,28,23,131,154,10,164,295
11/03/2000,ARA,LA,ASW,CE,Federal Contract Tower,0,2,7,7,16,0,45,9,7,61,0,47,16,14,77,64,2,66,143
11/04/2000,ARA,LA,ASW,CE,Federal Contract Tower,0,0,3,4,7,0,44,4,2,50,0,44,7,6,57,68,0,68,125
11/05/2000,ARA,LA,ASW,CE,Federal Contract Tower,0,0,1,2,3,0,25,15,0,40,0,25,16,2,43,208,0,208,251
11/06/2000,ARA,LA,ASW,CE,Federal Contract Tower,0,1,4,3,8,0,13,5,6,24,0,14,9,9,32,58,2,60,92
11/07/2000,ARA,LA,ASW,CE,Federal Contract Tower,0,4,18,15,37,0,50,14,9,73,0,54,32,24,110,130,0,130,240
11/08/2000,ARA,LA,ASW,CE,Federal Contract Tower,0,1,4,2,7,0,43,12,0,55,0,44,16,2,62,130,0,130,192
11/09/2000,ARA,LA,ASW,CE,Federal Contract Tower,0,7,21,29,57,0,61,0,29,90,0,68,21,58,147,202,50,252,399
11/10/2000,ARA,LA,ASW,CE,Federal Contract Tower,0,2,9,7,18,0,42,26,3,71,0,44,35,10,89,210,8,218,307
11/11/2000,ARA,LA,ASW,CE,Federal Contract Tower,0,12,8,0,20,0,8,0,0,8,0,20,8,0,28,106,0,106,134
11/12/2000,ARA,LA,ASW,CE,Federal Contract Tower,0,2,8,4,14,0,42,28,0,70,0,44,36,4,84,104,2,106,190
11/13/2000,ARA,LA,ASW,CE,Federal Contract Tower,0,17,6,26,49,0,22,0,0,22,0,39,6,26,71,246,0,246,317
11/14/2000,ARA,LA,ASW,CE,Federal Contract Tower,0,4,18,15,37,0,93,10,17,120,0,97,28,32,157,462,8,470,627
11/15/2000,ARA,LA,ASW,CE,Federal Contract Tower,0,2,8,7,17,2,102,24,9,137,2,104,32,16,154,436,16,452,606
11/16/2000,ARA,LA,ASW,CE,Federal Contract Tower,0,4,3,1,8,0,28,0,0,28,0,32,3,1,36,24,0,24,60
11/17/2000,ARA,LA,ASW,CE,Federal Contract Tower,0,3,16,12,31,0,32,1,7,40,0,35,17,19,71,174,0,174,245
11/18/2000,ARA,LA,ASW,CE,Federal Contract Tower,0,1,4,0,5,2,1,0,0,3,2,2,4,0,8,0,0,0,8
11/19/2000,ARA,LA,ASW,CE,Federal Contract Tower,0,13,24,18,55,0,36,0,0,36,0,49,24,18,91,230,16,246,337
11/20/2000,ARA,LA,ASW,CE,Federal Contract Tower,0,5,27,21,53,0,71,8,21,100,0,76,35,42,153,276,18,294,447
11/21/2000,ARA,LA,ASW,CE,Federal Contract Tower,0,6,28,20,54,2,72,11,16,101,2,78,39,36,155,228,2,230,385
11/22/2000,ARA,LA,ASW,CE,Federal Contract Tower,0,3,16,12,31,0,57,34,18,109,0,60,50,30,140,208,18,226,366
11/23/2000,ARA,LA,ASW,CE,Federal Contract Tower,0,0,0,0,0,0,39,0,0,39,0,39,0,0,39,30,0,30,69
11/24/2000,ARA,LA,ASW,CE,Federal Contract Tower,0,0,4,0,4,0,19,1,0,20,0,19,5,0,24,36,0,36,60
11/25/2000,ARA,LA,ASW,CE,Federal Contract Tower,0,0,5,2,7,0,44,45,0,89,0,44,50,2,96,204,0,204,300
11/26/2000,ARA,LA,ASW,CE,Federal Contract Tower,0,0,4,3,7,0,30,26,1,57,0,30,30,4,64,112,4,116,180
11/27/2000,ARA,LA,ASW,CE,Federal Contract Tower,0,0,6,4,10,0,63,23,6,92,0,63,29,10,102,154,12,166,268
11/28/2000,ARA,LA,ASW,CE,Federal Contract Tower,0,3,20,15,38,0,80,3,21,104,0,83,23,36,142,218,30,248,390
11/29/2000,ARA,LA,ASW,CE,Federal Contract Tower,0,2,16,13,31,0,72,1,14,87,0,74,17,27,118,106,46,152,270
11/30/2000,ARA,LA,ASW,CE,Federal Contract Tower,0,2,15,11,28,0,51,9,19,79,0,53,24,30,107,174,8,182,289
12/01/2000,ARA,LA,ASW,CE,Federal Contract Tower,0,3,5,5,13,0,44,22,5,71,0,47,27,10,84,196,12,208,292
12/02/2000,ARA,LA,ASW,CE,Federal Contract Tower,0,2,1,0,3,0,19,13,0,32,0,21,14,0,35,60,0,60,95
12/03/2000,ARA,LA,ASW,CE,Federal Contract Tower,0,4,5,5,14,0,20,11,7,38,0,24,16,12,52,0,0,0,52
12/04/2000,ARA,LA,ASW,CE,Federal Contract Tower,0,5,5,5,15,0,43,15,7,65,0,48,20,12,80,294,2,296,376
12/05/2000,ARA,LA,ASW,CE,Federal Contract Tower,0,5,5,5,15,0,97,25,7,129,0,102,30,12,144,338,2,340,484
12/06/2000,ARA,LA,ASW,CE,Federal Contract Tower,0,6,4,7,17,0,83,0,13,96,0,89,4,20,113,244,0,244,357
12/07/2000,ARA,LA,ASW,CE,Federal Contract Tower,0,17,23,22,62,0,42,0,18,60,0,59,23,40,122,294,28,322,444
12/08/2000,ARA,LA,ASW,CE,Federal Contract Tower,0,11,19,16,46,0,40,9,22,71,0,51,28,38,117,144,10,154,271
12/09/2000,ARA,LA,ASW,CE,Federal Contract Tower,0,11,17,15,43,1,34,19,9,63,1,45,36,24,106,156,26,182,288
12/10/2000,ARA,LA,ASW,CE,Federal Contract Tower,0,10,16,14,40,0,32,15,4,51,0,42,31,18,91,202,8,210,301
12/11/2000,ARA,LA,ASW,CE,Federal Contract Tower,0,7,12,10,29,0,53,5,18,76,0,60,17,28,105,254,12,266,371
12/12/2000,ARA,LA,ASW,CE,Federal Contract Tower,0,6,9,9,24,0,55,5,5,65,0,61,14,14,89,212,10,222,311
12/13/2000,ARA,LA,ASW,CE,Federal Contract Tower,0,1,0,2,3,0,68,0,0,68,0,69,0,2,71,202,0,202,273
12/14/2000,ARA,LA,ASW,CE,Federal Contract Tower,0,10,8,13,31,0,13,0,0,13,0,23,8,13,44,0,0,0,44
12/15/2000,ARA,LA,ASW,CE,Federal Contract Tower,0,32,20,17,69,1,0,0,0,1,1,32,20,17,70,108,0,108,178
12/16/2000,ARA,LA,ASW,CE,Federal Contract Tower,0,20,4,12,36,1,7,0,0,8,1,27,4,12,44,114,2,116,160
12/17/2000,ARA,LA,ASW,CE,Federal Contract Tower,0,4,8,4,16,0,56,23,0,79,0,60,31,4,95,242,0,242,337
12/18/2000,ARA,LA,ASW,CE,Federal Contract Tower,0,5,10,4,19,0,85,4,0,89,0,90,14,4,108,198,0,198,306
12/19/2000,ARA,LA,ASW,CE,Federal Contract Tower,0,7,15,12,34,0,57,6,8,71,0,64,21,20,105,188,14,202,307
12/20/2000,ARA,LA,ASW,CE,Federal Contract Tower,0,14,27,22,63,0,75,2,40,117,0,89,29,62,180,178,36,214,394
12/21/2000,ARA,LA,ASW,CE,Federal Contract Tower,0,15,11,22,48,0,25,0,0,25,0,40,11,22,73,50,12,62,135
12/22/2000,ARA,LA,ASW,CE,Federal Contract Tower,0,5,10,6,21,0,31,17,0,48,0,36,27,6,69,38,0,38,107
12/23/2000,ARA,LA,ASW,CE,Federal Contract Tower,0,2,5,0,7,0,35,18,0,53,0,37,23,0,60,54,0,54,114
12/24/2000,ARA,LA,ASW,CE,Federal Contract Tower,0,0,2,0,2,0,16,5,0,21,0,16,7,0,23,0,0,0,23
12/25/2000,ARA,LA,ASW,CE,Federal Contract Tower,0,0,2,0,2,0,10,0,0,10,0,10,2,0,12,0,0,0,12
12/26/2000,ARA,LA,ASW,CE,Federal Contract Tower,0,2,5,0,7,0,48,15,0,63,0,50,20,0,70,148,0,148,218
12/27/2000,ARA,LA,ASW,CE,Federal Contract Tower,0,7,3,0,10,0,0,0,0,0,0,7,3,0,10,44,0,44,54
12/28/2000,ARA,LA,ASW,CE,Federal Contract Tower,0,6,12,8,26,0,66,0,0,66,0,72,12,8,92,26,0,26,118
12/29/2000,ARA,LA,ASW,CE,Federal Contract Tower,0,1,3,0,4,0,43,28,0,71,0,44,31,0,75,98,0,98,173
12/30/2000,ARA,LA,ASW,CE,Federal Contract Tower,0,2,5,0,7,1,27,8,0,36,1,29,13,0,43,48,0,48,91
12/31/2000,ARA,LA,ASW,CE,Federal Contract Tower,0,0,0,0,0,0,19,9,0,28,0,19,9,0,28,56,0,56,84
01/01/2001,ARA,LA,ASW,CE,Federal Contract Tower,0,2,2,0,4,0,21,0,0,21,0,23,2,0,25,4,0,4,29
01/02/2001,ARA,LA,ASW,CE,Federal Contract Tower,0,3,2,2,7,0,34,17,0,51,0,37,19,2,58,35,0,35,93
01/03/2001,ARA,LA,ASW,CE,Federal Contract Tower,0,3,1,5,9,0,39,19,1,59,0,42,20,6,68,46,0,46,114
01/04/2001,ARA,LA,ASW,CE,Federal Contract Tower,0,6,6,11,23,0,37,26,12,75,0,43,32,23,98,110,2,112,210
01/05/2001,ARA,LA,ASW,CE,Federal Contract Tower,0,15,21,28,64,0,33,10,42,85,0,48,31,70,149,162,40,202,351
01/06/2001,ARA,LA,ASW,CE,Federal Contract Tower,1,3,3,5,12,0,28,35,7,70,1,31,38,12,82,160,6,166,248
01/07/2001,ARA,LA,ASW,CE,Federal Contract Tower,0,4,5,2,11,0,36,2,0,38,0,40,7,2,49,80,0,80,129
01/08/2001,ARA,LA,ASW,CE,Federal Contract Tower,0,11,16,19,46,0,61,10,23,94,0,72,26,42,140,404,8,412,552
01/09/2001,ARA,LA,ASW,CE,Federal Contract Tower,0,8,11,8,27,0,95,20,0,115,0,103,31,8,142,192,6,198,340
01/10/2001,ARA,LA,ASW,CE,Federal Contract Tower,0,10,13,15,38,2,54,8,21,85,2,64,21,36,123,194,16,210,333
01/11/2001,ARA,LA,ASW,CE,Federal Contract Tower,0,9,12,13,34,0,36,1,0,37,0,45,13,13,71,126,0,126,197
01/12/2001,ARA,LA,ASW,CE,Federal Contract Tower,0,51,22,76,149,0,4,0,0,4,0,55,22,76,153,170,12,182,335
01/13/2001,ARA,LA,ASW,CE,Federal Contract Tower,0,12,14,8,34,0,16,0,0,16,0,28,14,8,50,152,0,152,202
01/14/2001,ARA,LA,ASW,CE,Federal Contract Tower,0,8,8,7,23,0,32,0,0,32,0,40,8,7,55,146,0,146,201
01/15/2001,ARA,LA,ASW,CE,Federal Contract Tower,0,5,7,9,21,0,53,14,11,78,0,58,21,20,99,244,0,244,343
01/16/2001,ARA,LA,ASW,CE,Federal Contract Tower,0,6,5,2,13,0,17,0,0,17,0,23,5,2,30,12,10,22,52
01/17/2001,ARA,LA,ASW,CE,Federal Contract Tower,0,3,8,10,21,1,0,6,2,9,1,3,14,12,30,0,0,0,30
01/18/2001,ARA,LA,ASW,CE,Federal Contract Tower,0,1,0,3,4,0,9,0,1,10,0,10,0,4,14,0,0,0,14
01/19/2001,ARA,LA,ASW,CE,Federal Contract Tower,0,4,2,10,16,5,41,0,0,46,5,45,2,10,62,40,0,40,102
01/20/2001,ARA,LA,ASW,CE,Federal Contract Tower,0,8,14,18,40,0,65,28,0,93,0,73,42,18,133,376,16,392,525
01/21/2001,ARA,LA,ASW,CE,Federal Contract Tower,0,7,10,15,32,0,54,32,3,89,0,61,42,18,121,342,0,342,463
01/22/2001,ARA,LA,ASW,CE,Federal Contract Tower,0,6,10,6,22,0,56,43,0,99,0,62,53,6,121,80,0,80,201
01/23/2001,ARA,LA,ASW,CE,Federal Contract Tower,0,10,15,21,46,1,79,33,7,120,1,89,48,28,166,346,10,356,522
01/24/2001,ARA,LA,ASW,CE,Federal Contract Tower,0,9,15,19,43,0,71,13,5,89,0,80,28,24,132,276,4,280,412
01/25/2001,ARA,LA,ASW,CE,Federal Contract Tower,0,14,22,29,65,0,56,22,26,104,0,70,44,55,169,234,32,266,435
01/26/2001,ARA,LA,ASW,CE,Federal Contract Tower,0,5,8,12,25,2,54,18,1,75,2,59,26,13,100,100,4,104,204
01/27/2001,ARA,LA,ASW,CE,Federal Contract Tower,0,7,12,15,34,0,25,0,7,32,0,32,12,22,66,100,12,112,178
01/28/2001,ARA,LA,ASW,CE,Federal Contract Tower,0,7,11,15,33,0,30,2,12,44,0,37,13,27,77,56,10,66,143
01/29/2001,ARA,LA,ASW,CE,Federal Contract Tower,0,2,2,0,4,0,28,0,0,28,0,30,2,0,32,78,0,78,110
01/30/2001,ARA,LA,ASW,CE,Federal Contract Tower,0,8,13,18,39,0,76,13,10,99,0,84,26,28,138,288,16,304,442
01/31/2001,ARA,LA,ASW,CE,Federal Contract Tower,0,8,13,17,38,0,68,25,8,101,0,76,38,25,139,158,4,162,301
02/01/2001,ARA,LA,ASW,CE,Federal Contract Tower,1,11,16,32,60,0,27,5,22,54,1,38,21,54,114,42,30,72,186
02/02/2001,ARA,LA,ASW,CE,Federal Contract Tower,1,10,15,30,56,0,52,8,22,82,1,62,23,52,138,108,26,134,272
02/03/2001,ARA,LA,ASW,CE,Federal Contract Tower,1,3,6,4,14,0,41,30,0,71,1,44,36,4,85,76,10,86,171
02/04/2001,ARA,LA,ASW,CE,Federal Contract Tower,1,5,8,17,31,0,54,37,0,91,1,59,45,17,122,128,6,134,256
02/05/2001,ARA,LA,ASW,CE,Federal Contract Tower,0,6,9,18,33,0,61,16,8,85,0,67,25,26,118,230,24,254,372
02/06/2001,ARA,LA,ASW,CE,Federal Contract Tower,0,8,12,24,44,0,70,32,8,110,0,78,44,32,154,146,20,166,320
02/07/2001,ARA,LA,ASW,CE,Federal Contract Tower,0,6,8,17,31,0,75,27,4,106,0,81,35,21,137,202,12,214,351
02/08/2001,ARA,LA,ASW,CE,Federal Contract Tower,0,5,8,16,29,0,63,14,6,83,0,68,22,22,112,40,14,54,166
02/09/2001,ARA,LA,ASW,CE,Federal Contract Tower,1,8,12,15,36,1,27,0,0,28,2,35,12,15,64,39,8,47,111
02/10/2001,ARA,LA,ASW,CE,Federal Contract Tower,0,5,9,16,30,0,58,12,2,72,0,63,21,18,102,224,10,234,336
02/11/2001,ARA,LA,ASW,CE,Federal Contract Tower,0,3,6,10,19,0,43,10,5,58,0,46,16,15,77,144,8,152,229
02/12/2001,ARA,LA,ASW,CE,Federal Contract Tower,0,8,12,22,42,0,64,0,0,64,0,72,12,22,106,228,8,236,342
02/13/2001,ARA,LA,ASW,CE,Federal Contract Tower,0,9,14,20,43,0,48,1,0,49,0,57,15,20,92,110,4,114,206
02/14/2001,ARA,LA,ASW,CE,Federal Contract Tower,0,4,4,9,17,0,23,0,9,32,0,27,4,18,49,160,22,182,231
02/15/2001,ARA,LA,ASW,CE,Federal Contract Tower,0,8,11,20,39,0,37,5,18,60,0,45,16,38,99,40,20,60,159
02/16/2001,ARA,LA,ASW,CE,Federal Contract Tower,0,5,4,6,15,0,27,0,0,27,0,32,4,6,42,16,0,16,58
02/17/2001,ARA,LA,ASW,CE,Federal Contract Tower,0,1,2,0,3,2,20,17,0,39,2,21,19,0,42,14,0,14,56
02/18/2001,ARA,LA,ASW,CE,Federal Contract Tower,0,3,5,2,10,0,39,33,0,72,0,42,38,2,82,170,2,172,254
02/19/2001,ARA,LA,ASW,CE,Federal Contract Tower,0,7,9,16,32,0,59,23,0,82,0,66,32,16,114,350,18,368,482
02/20/2001,ARA,LA,ASW,CE,Federal Contract Tower,0,8,11,20,39,0,75,33,6,114,0,83,44,26,153,168,18,186,339
02/21/2001,ARA,LA,ASW,CE,Federal Contract Tower,0,2,5,9,16,0,33,28,1,62,0,35,33,10,78,190,4,194,272
02/22/2001,ARA,LA,ASW,CE,Federal Contract Tower,0,7,11,14,32,0,45,12,0,57,0,52,23,14,89,190,0,190,279
02/23/2001,ARA,LA,ASW,CE,Federal Contract Tower,0,5,9,17,31,0,37,17,8,62,0,42,26,25,93,98,12,110,203
02/24/2001,ARA,LA,ASW,CE,Federal Contract Tower,0,1,1,4,6,3,30,4,0,37,3,31,5,4,43,108,2,110,153
02/25/2001,ARA,LA,ASW,CE,Federal Contract Tower,0,2,4,7,13,0,48,34,1,83,0,50,38,8,96,152,32,184,280
02/26/2001,ARA,LA,ASW,CE,Federal Contract Tower,0,2,1,0,3,0,30,0,0,30,0,32,1,0,33,240,0,240,273
02/27/2001,ARA,LA,ASW,CE,Federal Contract Tower,0,1,2,0,3,0,52,11,0,63,0,53,13,0,66,108,0,108,174
02/28/2001,ARA,LA,ASW,CE,Federal Contract Tower,0,0,2,2,4,0,32,5,0,37,0,32,7,2,41,8,0,8,49
03/01/2001,ARA,LA,ASW,CE,Federal Contract Tower,0,1,3,9,13,0,0,0,0,0,0,1,3,9,13,18,0,18,31
03/02/2001,ARA,LA,ASW,CE,Federal Contract Tower,0,2,1,0,3,0,47,2,0,49,0,49,3,0,52,64,0,64,116
03/03/2001,ARA,LA,ASW,CE,Federal Contract Tower,1,3,4,0,8,1,13,17,0,31,2,16,21,0,39,14,0,14,53
03/04/2001,ARA,LA,ASW,CE,Federal Contract Tower,0,7,12,40,59,0,41,16,10,67,0,48,28,50,126,100,26,126,252
03/05/2001,ARA,LA,ASW,CE,Federal Contract Tower,0,4,6,21,31,0,51,30,7,88,0,55,36,28,119,64,52,116,235
03/06/2001,ARA,LA,ASW,CE,Federal Contract Tower,0,3,3,13,19,0,85,38,13,136,0,88,41,26,155,40,28,68,223
03/07/2001,ARA,LA,ASW,CE,Federal Contract Tower,0,5,9,26,40,0,70,27,9,106,0,75,36,35,146,202,70,272,418
03/08/2001,ARA,LA,ASW,CE,Federal Contract Tower,0,6,10,27,43,0,53,45,10,108,0,59,55,37,151,74,40,114,265
03/09/2001,ARA,LA,ASW,CE,Federal Contract Tower,0,6,10,28,44,0,26,9,23,58,0,32,19,51,102,122,54,176,278
03/10/2001,ARA,LA,ASW,CE,Federal Contract Tower,1,6,12,35,54,1,31,36,23,91,2,37,48,58,145,330,152,482,627
03/11/2001,ARA,LA,ASW,CE,Federal Contract Tower,0,2,4,11,17,0,42,4,5,51,0,44,8,16,68,268,20,288,356
03/12/2001,ARA,LA,ASW,CE,Federal Contract Tower,0,5,11,2,18,0,45,8,0,53,0,50,19,2,71,114,12,126,197
03/13/2001,ARA,LA,ASW,CE,Federal Contract Tower,0,3,8,22,33,0,86,19,12,117,0,89,27,34,150,88,20,108,258
03/14/2001,ARA,LA,ASW,CE,Federal Contract Tower,0,2,4,8,14,0,37,13,0,50,0,39,17,8,64,22,2,24,88
03/15/2001,ARA,LA,ASW,CE,Federal Contract Tower,0,4,7,20,31,0,57,24,5,86,0,61,31,25,117,82,4,86,203
03/16/2001,ARA,LA,ASW,CE,Federal Contract Tower,0,7,13,37,57,0,45,27,27,99,0,52,40,64,156,32,30,62,218
03/17/2001,ARA,LA,ASW,CE,Federal Contract Tower,0,4,6,17,27,1,31,17,9,58,1,35,23,26,85,194,44,238,323
03/18/2001,ARA,LA,ASW,CE,Federal Contract Tower,0,3,6,15,24,1,64,17,4,86,1,67,23,19,110,220,8,228,338
03/19/2001,ARA,LA,ASW,CE,Federal Contract Tower,0,4,8,22,34,2,58,19,2,81,2,62,27,24,115,150,20,170,285
03/20/2001,ARA,LA,ASW,CE,Federal Contract Tower,0,6,11,31,48,0,68,20,16,104,0,74,31,47,152,142,18,160,312
03/21/2001,ARA,LA,ASW,CE,Federal Contract Tower,0,8,17,51,76,0,87,16,14,117,0,95,33,65,193,24,62,86,279
03/22/2001,ARA,LA,ASW,CE,Federal Contract Tower,0,4,9,25,38,0,68,31,4,103,0,72,40,29,141,82,20,102,243
03/23/2001,ARA,LA,ASW,CE,Federal Contract Tower,0,5,11,30,46,0,55,15,8,78,0,60,26,38,124,56,32,88,212
03/24/2001,ARA,LA,ASW,CE,Federal Contract Tower,0,1,3,8,12,1,36,29,0,66,1,37,32,8,78,14,12,26,104
03/25/2001,ARA,LA,ASW,CE,Federal Contract Tower,0,1,4,10,15,1,27,21,6,55,1,28,25,16,70,214,22,236,306
03/26/2001,ARA,LA,ASW,CE,Federal Contract Tower,0,2,6,16,24,0,59,19,4,82,0,61,25,20,106,268,14,282,388
03/27/2001,ARA,LA,ASW,CE,Federal Contract Tower,0,3,8,21,32,2,72,9,2,85,2,75,17,23,117,138,0,138,255
03/28/2001,ARA,LA,ASW,CE,Federal Contract Tower,0,0,0,0,0,1,25,4,0,30,1,25,4,0,30,68,0,68,98
03/29/2001,ARA,LA,ASW,CE,Federal Contract Tower,0,5,10,10,25,2,47,9,0,58,2,52,19,10,83,90,0,90,173
03/30/2001,ARA,LA,ASW,CE,Federal Contract Tower,0,3,8,23,34,1,59,41,1,102,1,62,49,24,136,148,38,186,322
03/31/2001,ARA,LA,ASW,CE,Federal Contract Tower,0,3,6,10,19,0,43,29,0,72,0,46,35,10,91,118,22,140,231
04/01/2001,ARA,LA,ASW,CE,Federal Contract Tower,0,7,3,8,18,1,28,30,0,59,1,35,33,8,77,132,0,132,209
04/02/2001,ARA,LA,ASW,CE,Federal Contract Tower,0,5,13,40,58,0,63,5,3,71,0,68,18,43,129,232,8,240,369
04/03/2001,ARA,LA,ASW,CE,Federal Contract Tower,0,0,9,31,40,0,69,13,24,106,0,69,22,55,146,78,76,154,300
04/04/2001,ARA,LA,ASW,CE,Federal Contract Tower,0,7,18,10,35,0,63,1,0,64,0,70,19,10,99,226,28,254,353
04/05/2001,ARA,LA,ASW,CE,Federal Contract Tower,2,4,15,37,58,0,61,15,3,79,2,65,30,40,137,212,20,232,369
04/06/2001,ARA,LA,ASW,CE,Federal Contract Tower,0,3,11,37,51,0,28,17,18,63,0,31,28,55,114,234,8,242,356
04/07/2001,ARA,LA,ASW,CE,Federal Contract Tower,0,27,4,12,43,0,45,14,2,61,0,72,18,14,104,316,16,332,436
04/08/2001,ARA,LA,ASW,CE,Federal Contract Tower,0,6,11,10,27,0,24,9,4,37,0,30,20,14,64,158,4,162,226
04/09/2001,ARA,LA,ASW,CE,Federal Contract Tower,0,4,4,25,33,0,65,12,1,78,0,69,16,26,111,298,0,298,409
04/10/2001,ARA,LA,ASW,CE,Federal Contract Tower,0,5,5,20,30,0,82,38,5,125,0,87,43,25,155,226,30,256,411
04/11/2001,ARA,LA,ASW,CE,Federal Contract Tower,0,0,6,18,24,0,73,8,8,89,0,73,14,26,113,124,0,124,237
04/12/2001,ARA,LA,ASW,CE,Federal Contract Tower,0,0,10,17,27,0,59,12,2,73,0,59,22,19,100,88,2,90,190
04/13/2001,ARA,LA,ASW,CE,Federal Contract Tower,0,7,7,19,33,0,29,25,5,59,0,36,32,24,92,58,24,82,174
04/14/2001,ARA,LA,ASW,CE,Federal Contract Tower,1,0,4,0,5,0,18,8,2,28,1,18,12,2,33,2,8,10,43
04/15/2001,ARA,LA,ASW,CE,Federal Contract Tower,0,0,0,0,0,0,28,14,0,42,0,28,14,0,42,68,0,68,110
04/16/2001,ARA,LA,ASW,CE,Federal Contract Tower,1,0,6,19,26,0,37,31,5,73,1,37,37,24,99,90,4,94,193
04/17/2001,ARA,LA,ASW,CE,Federal Contract Tower,0,0,8,23,31,0,57,19,6,82,0,57,27,29,113,66,20,86,199
04/18/2001,ARA,LA,ASW,CE,Federal Contract Tower,0,3,3,24,30,0,56,26,16,98,0,59,29,40,128,46,40,86,214
04/19/2001,ARA,LA,ASW,CE,Federal Contract Tower,0,0,7,13,20,0,51,26,8,85,0,51,33,21,105,62,6,68,173
04/20/2001,ARA,LA,ASW,CE,Federal Contract Tower,0,0,8,23,31,0,33,26,5,64,0,33,34,28,95,22,6,28,123
04/21/2001,ARA,LA,ASW,CE,Federal Contract Tower,1,0,4,24,29,0,18,15,4,37,1,18,19,28,66,36,48,84,150
04/22/2001,ARA,LA,ASW,CE,Federal Contract Tower,0,0,10,14,24,0,23,14,0,37,0,23,24,14,61,0,2,2,63
04/23/2001,ARA,LA,ASW,CE,Federal Contract Tower,1,2,4,39,46,0,47,20,3,70,1,49,24,42,116,42,14,56,172
04/24/2001,ARA,LA,ASW,CE,Federal Contract Tower,0,17,19,8,44,0,17,0,1,18,0,34,19,9,62,54,0,54,116
04/25/2001,ARA,LA,ASW,CE,Federal Contract Tower,0,5,9,23,37,0,86,41,4,131,0,91,50,27,168,158,4,162,330
04/26/2001,ARA,LA,ASW,CE,Federal Contract Tower,0,1,6,6,13,1,68,48,0,117,1,69,54,6,130,36,0,36,166
04/27/2001,ARA,LA,ASW,CE,Federal Contract Tower,2,4,3,38,47,0,44,65,22,131,2,48,68,60,178,114,22,136,314
04/28/2001,ARA,LA,ASW,CE,Federal Contract Tower,0,5,5,15,25,0,34,23,9,66,0,39,28,24,91,80,38,118,209
04/29/2001,ARA,LA,ASW,CE,Federal Contract Tower,0,0,2,15,17,0,22,26,5,53,0,22,28,20,70,104,12,116,186
04/30/2001,ARA,LA,ASW,CE,Federal Contract Tower,2,4,7,11,24,0,48,23,3,74,2,52,30,14,98,144,6,150,248
05/01/2001,ARA,LA,ASW,CE,Federal Contract Tower,0,6,8,20,34,0,40,33,0,73,0,46,41,20,107,124,4,128,235
05/02/2001,ARA,LA,ASW,CE,Federal Contract Tower,0,4,5,14,23,0,16,16,12,44,0,20,21,26,67,58,58,116,183
05/03/2001,ARA,LA,ASW,CE,Federal Contract Tower,0,1,1,5,7,0,14,24,0,38,0,15,25,5,45,44,8,52,97
05/04/2001,ARA,LA,ASW,CE,Federal Contract Tower,0,1,1,4,6,0,45,10,2,57,0,46,11,6,63,222,0,222,285
05/05/2001,ARA,LA,ASW,CE,Federal Contract Tower,0,0,0,0,0,0,34,4,0,38,0,34,4,0,38,102,0,102,140
05/06/2001,ARA,LA,ASW,CE,Federal Contract Tower,0,0,1,1,2,0,27,4,0,31,0,27,5,1,33,56,0,56,89
05/07/2001,ARA,LA,ASW,CE,Federal Contract Tower,0,0,2,2,4,0,61,11,0,72,0,61,13,2,76,42,0,42,118
05/08/2001,ARA,LA,ASW,CE,Federal Contract Tower,0,0,0,2,2,0,18,2,0,20,0,18,2,2,22,30,0,30,52
05/09/2001,ARA,LA,ASW,CE,Federal Contract Tower,0,0,0,0,0,0,7,0,0,7,0,7,0,0,7,12,0,12,19
05/10/2001,ARA,LA,ASW,CE,Federal Contract Tower,0,1,1,2,4,0,33,0,0,33,0,34,1,2,37,158,0,158,195
05/11/2001,ARA,LA,ASW,CE,Federal Contract Tower,0,9,13,28,50,0,60,46,2,108,0,69,59,30,158,168,4,172,330
05/12/2001,ARA,LA,ASW,CE,Federal Contract Tower,0,4,7,14,25,0,52,46,2,100,0,56,53,16,125,184,0,184,309
05/13/2001,ARA,LA,ASW,CE,Federal Contract Tower,0,2,2,10,14,0,70,29,3,102,0,72,31,13,116,188,8,196,312
05/14/2001,ARA,LA,ASW,CE,Federal Contract Tower,0,6,8,16,30,0,39,30,6,75,0,45,38,22,105,56,12,68,173
05/15/2001,ARA,LA,ASW,CE,Federal Contract Tower,0,6,7,16,29,0,32,29,4,65,0,38,36,20,94,74,14,88,182
05/16/2001,ARA,LA,ASW,CE,Federal Contract Tower,0,6,8,18,32,0,12,24,6,42,0,18,32,24,74,84,50,134,208
05/17/2001,ARA,LA,ASW,CE,Federal Contract Tower,0,3,3,7,13,0,19,19,5,43,0,22,22,12,56,122,8,130,186
05/18/2001,ARA,LA,ASW,CE,Federal Contract Tower,0,7,10,20,37,0,34,14,14,62,0,41,24,34,99,110,20,130,229
05/19/2001,ARA,LA,ASW,CE,Federal Contract Tower,0,3,3,4,10,0,77,24,0,101,0,80,27,4,111,184,0,184,295
05/20/2001,ARA,LA,ASW,CE,Federal Contract Tower,0,6,7,15,28,0,83,22,16,121,0,89,29,31,149,116,16,132,281
05/21/2001,ARA,LA,ASW,CE,Federal Contract Tower,0,4,5,8,17,0,49,32,0,81,0,53,37,8,98,20,0,20,118
05/22/2001,ARA,LA,ASW,CE,Federal Contract Tower,0,2,3,5,10,0,59,32,11,102,0,61,35,16,112,162,6,168,280
05/23/2001,ARA,LA,ASW,CE,Federal Contract Tower,0,4,6,6,16,0,43,32,0,75,0,47,38,6,91,90,0,90,181
05/24/2001,ARA,LA,ASW,CE,Federal Contract Tower,0,9,11,24,44,0,19,22,8,49,0,28,33,32,93,12,30,42,135
05/25/2001,ARA,LA,ASW,CE,Federal Contract Tower,0,4,7,15,26,0,65,37,13,115,0,69,44,28,141,110,26,136,277
05/26/2001,ARA,LA,ASW,CE,Federal Contract Tower,0,4,7,15,26,0,54,26,3,83,0,58,33,18,109,56,6,62,171
05/27/2001,ARA,LA,ASW,CE,Federal Contract Tower,0,4,7,8,19,0,66,10,0,76,0,70,17,8,95,62,2,64,159
05/28/2001,ARA,LA,ASW,CE,Federal Contract Tower,0,6,9,14,29,0,53,30,0,83,0,59,39,14,112,60,22,82,194
05/29/2001,ARA,LA,ASW,CE,Federal Contract Tower,0,13,19,43,75,0,53,19,25,97,0,66,38,68,172,48,44,92,264
05/30/2001,ARA,LA,ASW,CE,Federal Contract Tower,0,2,3,6,11,0,24,20,0,44,0,26,23,6,55,48,0,48,103
05/31/2001,ARA,LA,ASW,CE,Federal Contract Tower,0,0,0,0,0,0,0,0,0,0,0,0,0,0,0,0,0,0,0
06/01/2001,ARA,LA,ASW,CE,Federal Contract Tower,0,7,15,14,36,0,39,26,6,71,0,46,41,20,107,124,4,128,235
06/02/2001,ARA,LA,ASW,CE,Federal Contract Tower,1,0,6,17,24,0,20,15,9,44,1,20,21,26,68,58,58,116,184
06/03/2001,ARA,LA,ASW,CE,Federal Contract Tower,1,0,4,4,9,0,15,21,1,37,1,15,25,5,46,44,8,52,98
06/04/2001,ARA,LA,ASW,CE,Federal Contract Tower,0,0,3,4,7,0,46,8,2,56,0,46,11,6,63,222,0,222,285
06/05/2001,ARA,LA,ASW,CE,Federal Contract Tower,0,1,2,0,3,0,33,2,0,35,0,34,4,0,38,102,0,102,140
06/06/2001,ARA,LA,ASW,CE,Federal Contract Tower,1,3,0,1,5,0,24,5,0,29,1,27,5,1,34,56,0,56,90
06/07/2001,ARA,LA,ASW,CE,Federal Contract Tower,0,2,2,1,5,0,59,11,1,71,0,61,13,2,76,42,0,42,118
06/08/2001,ARA,LA,ASW,CE,Federal Contract Tower,0,1,1,2,4,0,17,1,0,18,0,18,2,2,22,30,0,30,52
06/09/2001,ARA,LA,ASW,CE,Federal Contract Tower,0,0,0,0,0,0,7,0,0,7,0,7,0,0,7,12,0,12,19
06/10/2001,ARA,LA,ASW,CE,Federal Contract Tower,0,6,1,2,9,0,28,0,0,28,0,34,1,2,37,158,0,158,195
06/11/2001,ARA,LA,ASW,CE,Federal Contract Tower,0,8,16,27,51,0,61,43,3,107,0,69,59,30,158,168,4,172,330
06/12/2001,ARA,LA,ASW,CE,Federal Contract Tower,0,5,9,12,26,0,51,44,4,99,0,56,53,16,125,184,0,184,309
06/13/2001,ARA,LA,ASW,CE,Federal Contract Tower,0,0,6,8,14,0,72,25,5,102,0,72,31,13,116,188,8,196,312
06/14/2001,ARA,LA,ASW,CE,Federal Contract Tower,1,0,10,19,30,0,45,28,3,76,1,45,38,22,106,56,12,68,174
06/15/2001,ARA,LA,ASW,CE,Federal Contract Tower,0,4,5,20,29,0,34,31,0,65,0,38,36,20,94,74,14,88,182
06/16/2001,ARA,LA,ASW,CE,Federal Contract Tower,2,0,10,20,32,0,18,22,4,44,2,18,32,24,76,84,50,134,210
06/17/2001,ARA,LA,ASW,CE,Federal Contract Tower,0,0,2,11,13,0,22,20,1,43,0,22,22,12,56,122,8,130,186
06/18/2001,ARA,LA,ASW,CE,Federal Contract Tower,3,0,4,30,37,0,41,20,4,65,3,41,24,34,102,110,20,130,232
06/19/2001,ARA,LA,ASW,CE,Federal Contract Tower,0,9,2,2,13,0,71,25,2,98,0,80,27,4,111,184,0,184,295
06/20/2001,ARA,LA,ASW,CE,Federal Contract Tower,0,3,7,18,28,0,86,22,13,121,0,89,29,31,149,116,16,132,281
06/21/2001,ARA,LA,ASW,CE,Federal Contract Tower,0,1,10,8,19,0,52,27,0,79,0,53,37,8,98,20,0,20,118
06/22/2001,ARA,LA,ASW,CE,Federal Contract Tower,0,1,2,7,10,0,60,33,9,102,0,61,35,16,112,162,6,168,280
06/23/2001,ARA,LA,ASW,CE,Federal Contract Tower,0,14,1,6,21,0,33,37,0,70,0,47,38,6,91,90,0,90,181
06/24/2001,ARA,LA,ASW,CE,Federal Contract Tower,0,2,10,32,44,0,26,23,0,49,0,28,33,32,93,12,30,42,135
06/25/2001,ARA,LA,ASW,CE,Federal Contract Tower,1,3,3,19,26,0,66,41,9,116,1,69,44,28,142,110,26,136,278
06/26/2001,ARA,LA,ASW,CE,Federal Contract Tower,1,5,7,13,26,0,53,26,5,84,1,58,33,18,110,56,6,62,172
06/27/2001,ARA,LA,ASW,CE,Federal Contract Tower,0,20,0,7,27,0,50,17,1,68,0,70,17,8,95,62,2,64,159
06/28/2001,ARA,LA,ASW,CE,Federal Contract Tower,1,5,17,13,36,0,54,22,1,77,1,59,39,14,113,60,22,82,195
06/29/2001,ARA,LA,ASW,CE,Federal Contract Tower,0,11,10,55,76,0,55,28,13,96,0,66,38,68,172,48,44,92,264
06/30/2001,ARA,LA,ASW,CE,Federal Contract Tower,0,6,0,6,12,0,20,23,0,43,0,26,23,6,55,48,0,48,103
07/01/2001,ARA,LA,ASW,CE,Federal Contract Tower,0,0,0,0,0,0,25,23,0,48,0,25,23,0,48,40,0,40,88
07/02/2001,ARA,LA,ASW,CE,Federal Contract Tower,0,0,1,16,17,0,35,15,0,50,0,35,16,16,67,72,4,76,143
07/03/2001,ARA,LA,ASW,CE,Federal Contract Tower,0,5,4,13,22,0,63,15,0,78,0,68,19,13,100,26,0,26,126
07/04/2001,ARA,LA,ASW,CE,Federal Contract Tower,0,0,2,0,2,0,36,16,0,52,0,36,18,0,54,24,0,24,78
07/05/2001,ARA,LA,ASW,CE,Federal Contract Tower,0,0,2,1,3,0,58,34,0,92,0,58,36,1,95,54,0,54,149
07/06/2001,ARA,LA,ASW,CE,Federal Contract Tower,0,0,5,12,17,0,44,21,4,69,0,44,26,16,86,56,0,56,142
07/07/2001,ARA,LA,ASW,CE,Federal Contract Tower,0,3,2,4,9,0,34,27,0,61,0,37,29,4,70,140,0,140,210
07/08/2001,ARA,LA,ASW,CE,Federal Contract Tower,0,0,4,20,24,0,33,36,4,73,0,33,40,24,97,84,18,102,199
07/09/2001,ARA,LA,ASW,CE,Federal Contract Tower,0,0,0,10,10,0,79,35,0,114,0,79,35,10,124,220,2,222,346
07/10/2001,ARA,LA,ASW,CE,Federal Contract Tower,0,0,11,23,34,0,62,33,4,99,0,62,44,27,133,178,12,190,323
07/11/2001,ARA,LA,ASW,CE,Federal Contract Tower,0,0,8,18,26,0,93,41,0,134,0,93,49,18,160,202,18,220,380
07/12/2001,ARA,LA,ASW,CE,Federal Contract Tower,0,0,6,17,23,0,40,35,1,76,0,40,41,18,99,64,10,74,173
07/13/2001,ARA,LA,ASW,CE,Federal Contract Tower,0,0,4,20,24,0,54,21,7,82,0,54,25,27,106,338,20,358,464
07/14/2001,ARA,LA,ASW,CE,Federal Contract Tower,0,0,2,6,8,0,48,41,0,89,0,48,43,6,97,460,0,460,557
07/15/2001,ARA,LA,ASW,CE,Federal Contract Tower,0,1,1,27,29,0,39,25,0,64,0,40,26,27,93,214,24,238,331
07/16/2001,ARA,LA,ASW,CE,Federal Contract Tower,0,1,4,16,21,0,47,13,0,60,0,48,17,16,81,316,2,318,399
07/17/2001,ARA,LA,ASW,CE,Federal Contract Tower,0,5,6,34,45,0,85,22,7,114,0,90,28,41,159,146,30,176,335
07/18/2001,ARA,LA,ASW,CE,Federal Contract Tower,0,2,6,41,49,0,69,11,6,86,0,71,17,47,135,220,52,272,407
07/19/2001,ARA,LA,ASW,CE,Federal Contract Tower,0,2,11,12,25,0,54,17,2,73,0,56,28,14,98,176,10,186,284
07/20/2001,ARA,LA,ASW,CE,Federal Contract Tower,0,1,8,13,22,0,43,18,0,61,0,44,26,13,83,38,24,62,145
07/21/2001,ARA,LA,ASW,CE,Federal Contract Tower,0,2,4,8,14,0,25,21,5,51,0,27,25,13,65,128,10,138,203
07/22/2001,ARA,LA,ASW,CE,Federal Contract Tower,0,2,4,11,17,0,54,14,5,73,0,56,18,16,90,108,4,112,202
07/23/2001,ARA,LA,ASW,CE,Federal Contract Tower,0,2,5,27,34,0,49,18,0,67,0,51,23,27,101,48,32,80,181
07/24/2001,ARA,LA,ASW,CE,Federal Contract Tower,0,5,4,25,34,0,60,18,0,78,0,65,22,25,112,138,16,154,266
07/25/2001,ARA,LA,ASW,CE,Federal Contract Tower,0,2,7,15,24,0,77,22,1,100,0,79,29,16,124,186,24,210,334
07/26/2001,ARA,LA,ASW,CE,Federal Contract Tower,0,12,4,8,24,0,45,0,4,49,0,57,4,12,73,58,0,58,131
07/27/2001,ARA,LA,ASW,CE,Federal Contract Tower,0,3,7,8,18,0,31,17,2,50,0,34,24,10,68,34,8,42,110
07/28/2001,ARA,LA,ASW,CE,Federal Contract Tower,0,1,4,2,7,0,40,15,2,57,0,41,19,4,64,200,0,200,264
07/29/2001,ARA,LA,ASW,CE,Federal Contract Tower,0,0,3,2,5,0,45,13,2,60,0,45,16,4,65,168,2,170,235
07/30/2001,ARA,LA,ASW,CE,Federal Contract Tower,0,0,1,18,19,0,36,23,8,67,0,36,24,26,86,130,22,152,238
07/31/2001,ARA,LA,ASW,CE,Federal Contract Tower,0,0,2,0,2,0,73,28,0,101,0,73,30,0,103,126,0,126,229
08/01/2001,ARA,LA,ASW,CE,Federal Contract Tower,0,0,5,11,16,0,56,12,0,68,0,56,17,11,84,98,6,104,188
08/02/2001,ARA,LA,ASW,CE,Federal Contract Tower,0,0,2,27,29,0,57,25,15,97,0,57,27,42,126,102,30,132,258
08/03/2001,ARA,LA,ASW,CE,Federal Contract Tower,0,3,3,26,32,0,57,38,0,95,0,60,41,26,127,102,10,112,239
08/04/2001,ARA,LA,ASW,CE,Federal Contract Tower,0,0,0,4,4,0,16,22,4,42,0,16,22,8,46,62,0,62,108
08/05/2001,ARA,LA,ASW,CE,Federal Contract Tower,0,0,3,0,3,0,29,35,0,64,0,29,38,0,67,32,0,32,99
08/06/2001,ARA,LA,ASW,CE,Federal Contract Tower,0,1,5,40,46,0,44,13,4,61,0,45,18,44,107,238,0,238,345
08/07/2001,ARA,LA,ASW,CE,Federal Contract Tower,0,0,4,15,19,0,63,13,3,79,0,63,17,18,98,48,16,64,162
08/08/2001,ARA,LA,ASW,CE,Federal Contract Tower,0,0,5,10,15,0,55,15,0,70,0,55,20,10,85,210,8,218,303
08/09/2001,ARA,LA,ASW,CE,Federal Contract Tower,0,0,9,12,21,0,75,31,4,110,0,75,40,16,131,104,0,104,235
08/10/2001,ARA,LA,ASW,CE,Federal Contract Tower,0,0,0,35,35,0,25,30,13,68,0,25,30,48,103,18,22,40,143
08/11/2001,ARA,LA,ASW,CE,Federal Contract Tower,0,2,2,14,18,0,27,19,6,52,0,29,21,20,70,232,16,248,318
08/12/2001,ARA,LA,ASW,CE,Federal Contract Tower,0,4,1,0,5,0,22,8,0,30,0,26,9,0,35,24,0,24,59
08/13/2001,ARA,LA,ASW,CE,Federal Contract Tower,0,1,3,6,10,0,36,12,3,51,0,37,15,9,61,248,0,248,309
08/14/2001,ARA,LA,ASW,CE,Federal Contract Tower,0,9,31,10,50,0,52,0,4,56,0,61,31,14,106,358,0,358,464
08/15/2001,ARA,LA,ASW,CE,Federal Contract Tower,0,2,6,29,37,0,56,47,4,107,0,58,53,33,144,232,42,274,418
08/16/2001,ARA,LA,ASW,CE,Federal Contract Tower,0,3,16,15,34,0,55,30,3,88,0,58,46,18,122,166,18,184,306
08/17/2001,ARA,LA,ASW,CE,Federal Contract Tower,0,2,11,28,41,0,40,35,0,75,0,42,46,28,116,118,34,152,268
08/18/2001,ARA,LA,ASW,CE,Federal Contract Tower,0,12,4,19,35,0,26,17,11,54,0,38,21,30,89,146,18,164,253
08/19/2001,ARA,LA,ASW,CE,Federal Contract Tower,0,7,6,0,13,0,38,17,0,55,0,45,23,0,68,28,0,28,96
08/20/2001,ARA,LA,ASW,CE,Federal Contract Tower,0,2,2,8,12,0,48,24,3,75,0,50,26,11,87,152,0,152,239
08/21/2001,ARA,LA,ASW,CE,Federal Contract Tower,0,1,13,24,38,0,53,30,0,83,0,54,43,24,121,166,6,172,293
08/22/2001,ARA,LA,ASW,CE,Federal Contract Tower,0,3,9,14,26,0,87,36,4,127,0,90,45,18,153,304,28,332,485
08/23/2001,ARA,LA,ASW,CE,Federal Contract Tower,0,0,11,33,44,0,73,28,1,102,0,73,39,34,146,56,12,68,214
08/24/2001,ARA,LA,ASW,CE,Federal Contract Tower,0,0,3,23,26,0,49,38,16,103,0,49,41,39,129,228,16,244,373
08/25/2001,ARA,LA,ASW,CE,Federal Contract Tower,0,1,3,7,11,0,63,22,1,86,0,64,25,8,97,386,10,396,493
08/26/2001,ARA,LA,ASW,CE,Federal Contract Tower,0,0,4,9,13,0,54,18,1,73,0,54,22,10,86,294,6,300,386
08/27/2001,ARA,LA,ASW,CE,Federal Contract Tower,0,2,3,8,13,0,41,25,3,69,0,43,28,11,82,172,0,172,254
08/28/2001,ARA,LA,ASW,CE,Federal Contract Tower,0,1,8,6,15,0,75,10,1,86,0,76,18,7,101,194,6,200,301
08/29/2001,ARA,LA,ASW,CE,Federal Contract Tower,0,0,11,3,14,0,58,16,0,74,0,58,27,3,88,154,0,154,242
08/30/2001,ARA,LA,ASW,CE,Federal Contract Tower,0,7,4,2,13,0,29,9,0,38,0,36,13,2,51,32,0,32,83
08/31/2001,ARA,LA,ASW,CE,Federal Contract Tower,0,0,1,0,1,0,49,29,0,78,0,49,30,0,79,120,0,120,199
09/01/2001,ARA,LA,ASW,CE,Federal Contract Tower,0,0,0,2,2,0,21,7,0,28,0,21,7,2,30,68,4,72,102
09/02/2001,ARA,LA,ASW,CE,Federal Contract Tower,0,0,1,0,1,0,28,6,0,34,0,28,7,0,35,134,0,134,169
09/03/2001,ARA,LA,ASW,CE,Federal Contract Tower,0,7,8,2,17,0,32,27,0,59,0,39,35,2,76,274,10,284,360
09/04/2001,ARA,LA,ASW,CE,Federal Contract Tower,0,3,2,5,10,0,50,28,3,81,0,53,30,8,91,236,10,246,337
09/05/2001,ARA,LA,ASW,CE,Federal Contract Tower,4,3,8,24,39,0,82,34,7,123,4,85,42,31,162,292,22,314,476
09/06/2001,ARA,LA,ASW,CE,Federal Contract Tower,0,0,11,14,25,0,57,19,0,76,0,57,30,14,101,140,8,148,249
09/07/2001,ARA,LA,ASW,CE,Federal Contract Tower,1,0,3,11,15,0,44,28,4,76,1,44,31,15,91,150,2,152,243
09/08/2001,ARA,LA,ASW,CE,Federal Contract Tower,1,4,2,0,7,0,15,3,0,18,1,19,5,0,25,16,0,16,41
09/09/2001,ARA,LA,ASW,CE,Federal Contract Tower,0,4,1,0,5,0,24,9,0,33,0,28,10,0,38,136,0,136,174
09/10/2001,ARA,LA,ASW,CE,Federal Contract Tower,1,9,16,26,52,0,77,18,11,106,1,86,34,37,158,416,18,434,592
09/11/2001,ARA,LA,ASW,CE,Federal Contract Tower,0,0,0,0,0,0,21,4,0,25,0,21,4,0,25,18,0,18,43
09/12/2001,ARA,LA,ASW,CE,Federal Contract Tower,0,0,0,0,0,0,2,0,0,2,0,2,0,0,2,0,0,0,2
09/13/2001,ARA,LA,ASW,CE,Federal Contract Tower,0,0,4,16,20,0,15,0,2,17,0,15,4,18,37,0,0,0,37
09/14/2001,ARA,LA,ASW,CE,Federal Contract Tower,0,0,0,24,24,0,40,0,1,41,0,40,0,25,65,0,58,58,123
09/15/2001,ARA,LA,ASW,CE,Federal Contract Tower,0,0,5,0,5,0,17,0,0,17,0,17,5,0,22,0,0,0,22
09/16/2001,ARA,LA,ASW,CE,Federal Contract Tower,0,0,2,4,6,0,28,0,0,28,0,28,2,4,34,0,0,0,34
09/17/2001,ARA,LA,ASW,CE,Federal Contract Tower,0,0,4,8,12,0,46,3,0,49,0,46,7,8,61,0,0,0,61
09/18/2001,ARA,LA,ASW,CE,Federal Contract Tower,0,0,8,6,14,0,36,4,3,43,0,36,12,9,57,0,14,14,71
09/19/2001,ARA,LA,ASW,CE,Federal Contract Tower,0,0,11,6,17,0,60,0,0,60,0,60,11,6,77,0,0,0,77
09/20/2001,ARA,LA,ASW,CE,Federal Contract Tower,0,1,4,14,19,0,44,13,3,60,0,45,17,17,79,24,18,42,121
09/21/2001,ARA,LA,ASW,CE,Federal Contract Tower,0,0,5,16,21,0,71,12,1,84,0,71,17,17,105,148,36,184,289
09/22/2001,ARA,LA,ASW,CE,Federal Contract Tower,2,0,1,7,10,0,51,14,5,70,2,51,15,12,80,138,12,150,230
09/23/2001,ARA,LA,ASW,CE,Federal Contract Tower,0,5,4,4,13,0,55,6,0,61,0,60,10,4,74,328,0,328,402
09/24/2001,ARA,LA,ASW,CE,Federal Contract Tower,0,2,1,18,21,0,75,20,0,95,0,77,21,18,116,160,8,168,284
09/25/2001,ARA,LA,ASW,CE,Federal Contract Tower,0,0,2,41,43,0,72,25,9,106,0,72,27,50,149,166,30,196,345
09/26/2001,ARA,LA,ASW,CE,Federal Contract Tower,0,5,7,23,35,0,98,26,7,131,0,103,33,30,166,330,32,362,528
09/27/2001,ARA,LA,ASW,CE,Federal Contract Tower,0,0,5,27,32,0,64,31,3,98,0,64,36,30,130,178,16,194,324
09/28/2001,ARA,LA,ASW,CE,Federal Contract Tower,0,2,3,12,17,0,51,51,0,102,0,53,54,12,119,329,0,329,448
09/29/2001,ARA,LA,ASW,CE,Federal Contract Tower,0,9,6,2,17,0,47,23,0,70,0,56,29,2,87,156,14,170,257
09/30/2001,ARA,LA,ASW,CE,Federal Contract Tower,0,1,4,0,5,0,34,24,0,58,0,35,28,0,63,248,0,248,311
10/01/2001,ARA,LA,ASW,CE,Federal Contract Tower,0,6,1,13,20,0,74,14,2,90,0,80,15,15,110,430,6,436,546
10/02/2001,ARA,LA,ASW,CE,Federal Contract Tower,0,5,3,28,36,0,61,42,6,109,0,66,45,34,145,194,22,216,361
10/03/2001,ARA,LA,ASW,CE,Federal Contract Tower,0,1,8,20,29,0,115,20,3,138,0,116,28,23,167,424,56,480,647
10/04/2001,ARA,LA,ASW,CE,Federal Contract Tower,0,2,4,16,22,0,62,14,2,78,0,64,18,18,100,228,32,260,360
10/05/2001,ARA,LA,ASW,CE,Federal Contract Tower,0,4,2,24,30,0,70,32,6,108,0,74,34,30,138,178,34,212,350
10/06/2001,ARA,LA,ASW,CE,Federal Contract Tower,0,24,13,2,39,0,4,0,0,4,0,28,13,2,43,74,0,74,117
10/07/2001,ARA,LA,ASW,CE,Federal Contract Tower,0,3,11,1,15,0,42,26,4,72,0,45,37,5,87,180,12,192,279
10/08/2001,ARA,LA,ASW,CE,Federal Contract Tower,0,10,9,3,22,0,35,8,1,44,0,45,17,4,66,166,4,170,236
10/09/2001,ARA,LA,ASW,CE,Federal Contract Tower,0,7,10,8,25,0,75,16,2,93,0,82,26,10,118,130,12,142,260
10/10/2001,ARA,LA,ASW,CE,Federal Contract Tower,0,4,3,9,16,0,50,2,3,55,0,54,5,12,71,176,14,190,261
10/11/2001,ARA,LA,ASW,CE,Federal Contract Tower,0,4,13,0,17,0,32,0,0,32,0,36,13,0,49,122,0,122,171
10/12/2001,ARA,LA,ASW,CE,Federal Contract Tower,0,2,4,2,8,0,32,12,0,44,0,34,16,2,52,210,0,210,262
10/13/2001,ARA,LA,ASW,CE,Federal Contract Tower,0,0,0,0,0,0,2,0,0,2,0,2,0,0,2,16,0,16,18
10/14/2001,ARA,LA,ASW,CE,Federal Contract Tower,0,6,10,6,22,0,41,33,2,76,0,47,43,8,98,214,0,214,312
10/15/2001,ARA,LA,ASW,CE,Federal Contract Tower,0,3,3,8,14,0,51,29,0,80,0,54,32,8,94,46,8,54,148
10/16/2001,ARA,LA,ASW,CE,Federal Contract Tower,0,1,0,13,14,0,54,25,9,88,0,55,25,22,102,210,12,222,324
10/17/2001,ARA,LA,ASW,CE,Federal Contract Tower,0,1,5,17,23,0,66,20,9,95,0,67,25,26,118,196,16,212,330
10/18/2001,ARA,LA,ASW,CE,Federal Contract Tower,0,6,11,29,46,0,54,22,7,83,0,60,33,36,129,92,28,120,249
10/19/2001,ARA,LA,ASW,CE,Federal Contract Tower,0,0,11,22,33,0,52,32,8,92,0,52,43,30,125,126,12,138,263
10/20/2001,ARA,LA,ASW,CE,Federal Contract Tower,0,4,8,9,21,0,30,20,5,55,0,34,28,14,76,120,20,140,216
10/21/2001,ARA,LA,ASW,CE,Federal Contract Tower,0,3,3,21,27,0,30,45,7,82,0,33,48,28,109,120,26,146,255
10/22/2001,ARA,LA,ASW,CE,Federal Contract Tower,0,12,6,13,31,0,38,7,3,48,0,50,13,16,79,302,4,306,385
10/23/2001,ARA,LA,ASW,CE,Federal Contract Tower,0,0,14,25,39,0,48,19,1,68,0,48,33,26,107,270,40,310,417
10/24/2001,ARA,LA,ASW,CE,Federal Contract Tower,0,13,10,15,38,0,68,8,0,76,0,81,18,15,114,326,24,350,464
10/25/2001,ARA,LA,ASW,CE,Federal Contract Tower,0,4,4,6,14,0,39,14,21,74,0,43,18,27,88,58,8,66,154
10/26/2001,ARA,LA,ASW,CE,Federal Contract Tower,0,0,9,20,29,0,46,40,6,92,0,46,49,26,121,162,10,172,293
10/27/2001,ARA,LA,ASW,CE,Federal Contract Tower,0,4,6,5,15,0,35,14,3,52,0,39,20,8,67,96,14,110,177
10/28/2001,ARA,LA,ASW,CE,Federal Contract Tower,0,0,5,0,5,0,20,13,2,35,0,20,18,2,40,128,0,128,168
10/29/2001,ARA,LA,ASW,CE,Federal Contract Tower,0,4,2,8,14,0,38,28,4,70,0,42,30,12,84,104,0,104,188
10/30/2001,ARA,LA,ASW,CE,Federal Contract Tower,0,1,11,17,29,0,58,28,1,87,0,59,39,18,116,204,26,230,346
10/31/2001,ARA,LA,ASW,CE,Federal Contract Tower,0,0,5,15,20,0,60,13,6,79,0,60,18,21,99,176,34,210,309
11/01/2001,ARA,LA,ASW,CE,Federal Contract Tower,0,0,2,20,22,0,63,20,5,88,0,63,22,25,110,92,20,112,222
11/02/2001,ARA,LA,ASW,CE,Federal Contract Tower,0,3,10,31,44,0,42,15,3,60,0,45,25,34,104,74,24,98,202
11/03/2001,ARA,LA,ASW,CE,Federal Contract Tower,0,8,6,26,40,0,35,15,0,50,0,43,21,26,90,120,12,132,222
11/04/2001,ARA,LA,ASW,CE,Federal Contract Tower,0,0,0,13,13,0,36,20,2,58,0,36,20,15,71,206,12,218,289
11/05/2001,ARA,LA,ASW,CE,Federal Contract Tower,0,9,5,10,24,0,34,15,6,55,0,43,20,16,79,80,12,92,171
11/06/2001,ARA,LA,ASW,CE,Federal Contract Tower,0,0,6,36,42,0,64,38,2,104,0,64,44,38,146,126,0,126,272
11/07/2001,ARA,LA,ASW,CE,Federal Contract Tower,0,5,4,11,20,0,63,16,1,80,0,68,20,12,100,242,10,252,352
11/08/2001,ARA,LA,ASW,CE,Federal Contract Tower,0,2,1,20,23,0,58,22,5,85,0,60,23,25,108,0,4,4,112
11/09/2001,ARA,LA,ASW,CE,Federal Contract Tower,0,2,2,20,24,0,39,19,2,60,0,41,21,22,84,268,2,270,354
11/10/2001,ARA,LA,ASW,CE,Federal Contract Tower,0,7,6,0,13,0,42,43,0,85,0,49,49,0,98,212,0,212,310
11/11/2001,ARA,LA,ASW,CE,Federal Contract Tower,0,8,2,2,12,0,30,29,0,59,0,38,31,2,71,162,0,162,233
11/12/2001,ARA,LA,ASW,CE,Federal Contract Tower,0,5,6,12,23,0,50,7,4,61,0,55,13,16,84,176,0,176,260
11/13/2001,ARA,LA,ASW,CE,Federal Contract Tower,0,7,6,15,28,0,51,24,7,82,0,58,30,22,110,236,40,276,386
11/14/2001,ARA,LA,ASW,CE,Federal Contract Tower,0,0,9,35,44,0,86,18,8,112,0,86,27,43,156,204,14,218,374
11/15/2001,ARA,LA,ASW,CE,Federal Contract Tower,0,2,5,26,33,0,77,20,2,99,0,79,25,28,132,88,10,98,230
11/16/2001,ARA,LA,ASW,CE,Federal Contract Tower,0,0,3,22,25,0,44,27,0,71,0,44,30,22,96,56,44,100,196
11/17/2001,ARA,LA,ASW,CE,Federal Contract Tower,0,0,2,0,2,0,37,15,0,52,0,37,17,0,54,104,0,104,158
11/18/2001,ARA,LA,ASW,CE,Federal Contract Tower,0,2,1,36,39,0,23,37,6,66,0,25,38,42,105,74,12,86,191
11/19/2001,ARA,LA,ASW,CE,Federal Contract Tower,0,3,3,15,21,0,58,38,8,104,0,61,41,23,125,132,20,152,277
11/20/2001,ARA,LA,ASW,CE,Federal Contract Tower,0,5,16,18,39,0,52,4,9,65,0,57,20,27,104,212,30,242,346
11/21/2001,ARA,LA,ASW,CE,Federal Contract Tower,0,2,5,6,13,0,75,22,1,98,0,77,27,7,111,74,4,78,189
11/22/2001,ARA,LA,ASW,CE,Federal Contract Tower,0,0,7,0,7,0,45,9,0,54,0,45,16,0,61,52,0,52,113
11/23/2001,ARA,LA,ASW,CE,Federal Contract Tower,0,0,3,0,3,0,60,19,0,79,0,60,22,0,82,164,0,164,246
11/24/2001,ARA,LA,ASW,CE,Federal Contract Tower,0,7,2,0,9,0,24,8,0,32,0,31,10,0,41,4,0,4,45
11/25/2001,ARA,LA,ASW,CE,Federal Contract Tower,0,3,2,2,7,0,20,18,2,40,0,23,20,4,47,34,0,34,81
11/26/2001,ARA,LA,ASW,CE,Federal Contract Tower,0,3,8,12,23,0,26,6,3,35,0,29,14,15,58,48,0,48,106
11/27/2001,ARA,LA,ASW,CE,Federal Contract Tower,0,0,3,2,5,0,46,11,0,57,0,46,14,2,62,124,0,124,186
11/28/2001,ARA,LA,ASW,CE,Federal Contract Tower,0,0,4,4,8,0,53,6,1,60,0,53,10,5,68,148,0,148,216
11/29/2001,ARA,LA,ASW,CE,Federal Contract Tower,0,20,6,5,31,0,0,5,0,5,0,20,11,5,36,48,0,48,84
11/30/2001,ARA,LA,ASW,CE,Federal Contract Tower,0,4,15,52,71,0,60,33,0,93,0,64,48,52,164,144,20,164,328
12/01/2001,ARA,LA,ASW,CE,Federal Contract Tower,0,6,8,12,26,0,60,21,0,81,0,66,29,12,107,128,6,134,241
12/02/2001,ARA,LA,ASW,CE,Federal Contract Tower,0,9,4,23,36,0,27,16,6,49,0,36,20,29,85,120,26,146,231
12/03/2001,ARA,LA,ASW,CE,Federal Contract Tower,0,5,1,20,26,0,46,19,6,71,0,51,20,26,97,140,12,152,249
12/04/2001,ARA,LA,ASW,CE,Federal Contract Tower,0,8,14,25,47,0,71,30,1,102,0,79,44,26,149,144,30,174,323
12/05/2001,ARA,LA,ASW,CE,Federal Contract Tower,0,7,15,16,38,0,45,22,3,70,0,52,37,19,108,64,0,64,172
12/06/2001,ARA,LA,ASW,CE,Federal Contract Tower,0,6,4,19,29,0,40,2,2,44,0,46,6,21,73,22,6,28,101
12/07/2001,ARA,LA,ASW,CE,Federal Contract Tower,0,0,7,9,16,0,42,32,2,76,0,42,39,11,92,192,20,212,304
12/08/2001,ARA,LA,ASW,CE,Federal Contract Tower,0,2,4,2,8,0,24,10,2,36,0,26,14,4,44,142,0,142,186
12/09/2001,ARA,LA,ASW,CE,Federal Contract Tower,0,10,2,10,22,0,38,10,0,48,0,48,12,10,70,94,0,94,164
12/10/2001,ARA,LA,ASW,CE,Federal Contract Tower,0,0,21,28,49,0,72,22,10,104,0,72,43,38,153,232,14,246,399
12/11/2001,ARA,LA,ASW,CE,Federal Contract Tower,0,0,12,41,53,0,61,28,9,98,0,61,40,50,151,104,2,106,257
12/12/2001,ARA,LA,ASW,CE,Federal Contract Tower,0,16,12,8,36,0,33,0,7,40,0,49,12,15,76,278,4,282,358
12/13/2001,ARA,LA,ASW,CE,Federal Contract Tower,0,17,6,0,23,0,13,0,0,13,0,30,6,0,36,162,0,162,198
12/14/2001,ARA,LA,ASW,CE,Federal Contract Tower,0,1,0,28,29,0,65,36,5,106,0,66,36,33,135,250,18,268,403
12/15/2001,ARA,LA,ASW,CE,Federal Contract Tower,0,12,2,8,22,0,41,29,0,70,0,53,31,8,92,196,0,196,288
12/16/2001,ARA,LA,ASW,CE,Federal Contract Tower,0,7,1,10,18,0,53,2,2,57,0,60,3,12,75,236,8,244,319
12/17/2001,ARA,LA,ASW,CE,Federal Contract Tower,0,0,6,17,23,0,45,11,0,56,0,45,17,17,79,8,8,16,95
12/18/2001,ARA,LA,ASW,CE,Federal Contract Tower,0,9,6,27,42,0,64,39,9,112,0,73,45,36,154,304,24,328,482
12/19/2001,ARA,LA,ASW,CE,Federal Contract Tower,0,1,2,15,18,0,74,13,5,92,0,75,15,20,110,42,2,44,154
12/20/2001,ARA,LA,ASW,CE,Federal Contract Tower,0,0,8,4,12,0,96,31,1,128,0,96,39,5,140,110,4,114,254
12/21/2001,ARA,LA,ASW,CE,Federal Contract Tower,0,0,7,17,24,0,51,32,2,85,0,51,39,19,109,72,10,82,191
12/22/2001,ARA,LA,ASW,CE,Federal Contract Tower,0,0,2,12,14,0,28,7,2,37,0,28,9,14,51,22,14,36,87
12/23/2001,ARA,LA,ASW,CE,Federal Contract Tower,0,0,5,0,5,0,33,11,0,44,0,33,16,0,49,30,0,30,79
12/24/2001,ARA,LA,ASW,CE,Federal Contract Tower,0,0,4,0,4,0,27,22,0,49,0,27,26,0,53,76,0,76,129
12/25/2001,ARA,LA,ASW,CE,Federal Contract Tower,0,1,0,0,1,0,12,5,0,17,0,13,5,0,18,6,0,6,24
12/26/2001,ARA,LA,ASW,CE,Federal Contract Tower,0,2,9,2,13,0,41,9,0,50,0,43,18,2,63,36,0,36,99
12/27/2001,ARA,LA,ASW,CE,Federal Contract Tower,0,0,2,8,10,0,64,11,2,77,0,64,13,10,87,46,6,52,139
12/28/2001,ARA,LA,ASW,CE,Federal Contract Tower,0,0,8,4,12,0,34,20,0,54,0,34,28,4,66,48,10,58,124
12/29/2001,ARA,LA,ASW,CE,Federal Contract Tower,0,3,11,0,14,0,7,5,0,12,0,10,16,0,26,24,0,24,50
12/30/2001,ARA,LA,ASW,CE,Federal Contract Tower,0,0,6,0,6,0,8,17,0,25,0,8,23,0,31,38,0,38,69
12/31/2001,ARA,LA,ASW,CE,Federal Contract Tower,0,0,7,0,7,0,29,4,0,33,0,29,11,0,40,156,0,156,196
01/01/2002,ARA,LA,ASW,CE,Federal Contract Tower,0,0,2,0,2,0,24,0,0,24,0,24,2,0,26,62,0,62,88
01/02/2002,ARA,LA,ASW,CE,Federal Contract Tower,0,0,5,0,5,0,92,5,0,97,0,92,10,0,102,76,0,76,178
01/03/2002,ARA,LA,ASW,CE,Federal Contract Tower,0,0,9,8,17,0,68,25,2,95,0,68,34,10,112,132,4,136,248
01/04/2002,ARA,LA,ASW,CE,Federal Contract Tower,0,0,1,16,17,0,40,16,6,62,0,40,17,22,79,42,26,68,147
01/05/2002,ARA,LA,ASW,CE,Federal Contract Tower,0,3,2,0,5,0,9,4,0,13,0,12,6,0,18,24,0,24,42
01/06/2002,ARA,LA,ASW,CE,Federal Contract Tower,0,0,2,15,17,0,30,14,2,46,0,30,16,17,63,44,38,82,145
01/07/2002,ARA,LA,ASW,CE,Federal Contract Tower,0,4,6,11,21,0,44,30,1,75,0,48,36,12,96,180,6,186,282
01/08/2002,ARA,LA,ASW,CE,Federal Contract Tower,0,0,5,14,19,0,70,40,7,117,0,70,45,21,136,116,8,124,260
01/09/2002,ARA,LA,ASW,CE,Federal Contract Tower,0,7,10,18,35,0,60,28,8,96,0,67,38,26,131,186,16,202,333
01/10/2002,ARA,LA,ASW,CE,Federal Contract Tower,0,1,5,18,24,0,78,14,10,102,0,79,19,28,126,186,0,186,312
01/11/2002,ARA,LA,ASW,CE,Federal Contract Tower,0,7,11,42,60,0,22,2,0,24,0,29,13,42,84,84,0,84,168
01/12/2002,ARA,LA,ASW,CE,Federal Contract Tower,0,5,3,2,10,0,17,9,0,26,0,22,12,2,36,92,0,92,128
01/13/2002,ARA,LA,ASW,CE,Federal Contract Tower,0,6,4,10,20,0,41,23,7,71,0,47,27,17,91,166,12,178,269
01/14/2002,ARA,LA,ASW,CE,Federal Contract Tower,0,9,10,25,44,0,53,24,8,85,0,62,34,33,129,222,6,228,357
01/15/2002,ARA,LA,ASW,CE,Federal Contract Tower,0,3,12,11,26,0,57,28,3,88,0,60,40,14,114,190,20,210,324
01/16/2002,ARA,LA,ASW,CE,Federal Contract Tower,0,0,8,14,22,0,57,36,1,94,0,57,44,15,116,230,20,250,366
01/17/2002,ARA,LA,ASW,CE,Federal Contract Tower,0,0,9,8,17,0,64,14,6,84,0,64,23,14,101,122,4,126,227
01/18/2002,ARA,LA,ASW,CE,Federal Contract Tower,0,5,18,24,47,0,14,0,0,14,0,19,18,24,61,152,6,158,219
01/19/2002,ARA,LA,ASW,CE,Federal Contract Tower,0,7,4,7,18,0,10,0,1,11,0,17,4,8,29,58,0,58,87
01/20/2002,ARA,LA,ASW,CE,Federal Contract Tower,0,0,4,23,27,0,51,12,7,70,0,51,16,30,97,200,12,212,309
01/21/2002,ARA,LA,ASW,CE,Federal Contract Tower,0,6,22,15,43,0,50,0,15,65,0,56,22,30,108,234,0,234,342
01/22/2002,ARA,LA,ASW,CE,Federal Contract Tower,0,10,13,18,41,0,10,0,1,11,0,20,13,19,52,60,16,76,128
01/23/2002,ARA,LA,ASW,CE,Federal Contract Tower,0,4,8,15,27,0,42,15,0,57,0,46,23,15,84,160,6,166,250
01/24/2002,ARA,LA,ASW,CE,Federal Contract Tower,0,1,4,14,19,0,39,9,0,48,0,40,13,14,67,176,0,176,243
01/25/2002,ARA,LA,ASW,CE,Federal Contract Tower,0,0,2,42,44,0,50,37,17,104,0,50,39,59,148,70,42,112,260
01/26/2002,ARA,LA,ASW,CE,Federal Contract Tower,0,0,4,6,10,0,38,53,2,93,0,38,57,8,103,124,6,130,233
01/27/2002,ARA,LA,ASW,CE,Federal Contract Tower,0,2,2,15,19,0,40,29,2,71,0,42,31,17,90,206,4,210,300
01/28/2002,ARA,LA,ASW,CE,Federal Contract Tower,0,0,7,15,22,0,13,14,2,29,0,13,21,17,51,62,0,62,113
01/29/2002,ARA,LA,ASW,CE,Federal Contract Tower,0,2,18,20,40,0,43,0,4,47,0,45,18,24,87,294,20,314,401
01/30/2002,ARA,LA,ASW,CE,Federal Contract Tower,0,13,19,17,49,0,47,0,4,51,0,60,19,21,100,180,8,188,288
01/31/2002,ARA,LA,ASW,CE,Federal Contract Tower,0,1,1,16,18,0,61,11,0,72,0,62,12,16,90,72,10,82,172
02/01/2002,ARA,LA,ASW,CE,Federal Contract Tower,0,5,9,17,31,0,39,18,6,63,0,44,27,23,94,134,24,158,252
02/02/2002,ARA,LA,ASW,CE,Federal Contract Tower,0,13,3,8,24,0,30,27,0,57,0,43,30,8,81,274,6,280,361
02/03/2002,ARA,LA,ASW,CE,Federal Contract Tower,0,5,0,9,14,0,21,17,1,39,0,26,17,10,53,140,12,152,205
02/04/2002,ARA,LA,ASW,CE,Federal Contract Tower,0,2,5,12,19,0,42,17,0,59,0,44,22,12,78,178,4,182,260
02/05/2002,ARA,LA,ASW,CE,Federal Contract Tower,0,1,3,5,9,0,13,4,3,20,0,14,7,8,29,28,0,28,57
02/06/2002,ARA,LA,ASW,CE,Federal Contract Tower,0,49,10,24,83,0,0,0,6,6,0,49,10,30,89,332,7,339,428
02/07/2002,ARA,LA,ASW,CE,Federal Contract Tower,0,0,11,13,24,0,82,14,11,107,0,82,25,24,131,178,6,184,315
02/08/2002,ARA,LA,ASW,CE,Federal Contract Tower,0,0,11,36,47,0,63,22,8,93,0,63,33,44,140,190,62,252,392
02/09/2002,ARA,LA,ASW,CE,Federal Contract Tower,0,3,8,6,17,0,24,19,0,43,0,27,27,6,60,44,10,54,114
02/10/2002,ARA,LA,ASW,CE,Federal Contract Tower,0,1,0,24,25,0,33,16,8,57,0,34,16,32,82,194,42,236,318
02/11/2002,ARA,LA,ASW,CE,Federal Contract Tower,0,1,13,29,43,0,48,8,4,60,0,49,21,33,103,204,16,220,323
02/12/2002,ARA,LA,ASW,CE,Federal Contract Tower,0,3,10,8,21,0,40,28,1,69,0,43,38,9,90,82,12,94,184
02/13/2002,ARA,LA,ASW,CE,Federal Contract Tower,0,0,8,24,32,0,53,20,1,74,0,53,28,25,106,186,14,200,306
02/14/2002,ARA,LA,ASW,CE,Federal Contract Tower,0,5,15,8,28,0,42,26,8,76,0,47,41,16,104,114,2,116,220
02/15/2002,ARA,LA,ASW,CE,Federal Contract Tower,0,0,5,20,25,0,44,13,4,61,0,44,18,24,86,36,14,50,136
02/16/2002,ARA,LA,ASW,CE,Federal Contract Tower,0,0,1,18,19,0,22,15,0,37,0,22,16,18,56,60,10,70,126
02/17/2002,ARA,LA,ASW,CE,Federal Contract Tower,0,0,1,18,19,0,24,27,5,56,0,24,28,23,75,102,12,114,189
02/18/2002,ARA,LA,ASW,CE,Federal Contract Tower,0,0,3,9,12,0,33,15,0,48,0,33,18,9,60,132,0,132,192
02/19/2002,ARA,LA,ASW,CE,Federal Contract Tower,0,0,11,3,14,0,28,0,5,33,0,28,11,8,47,110,22,132,179
02/20/2002,ARA,LA,ASW,CE,Federal Contract Tower,0,0,9,26,35,0,50,39,3,92,0,50,48,29,127,108,27,135,262
02/21/2002,ARA,LA,ASW,CE,Federal Contract Tower,0,0,2,31,33,0,60,26,6,92,0,60,28,37,125,206,14,220,345
02/22/2002,ARA,LA,ASW,CE,Federal Contract Tower,0,0,10,14,24,0,43,14,2,59,0,43,24,16,83,56,8,64,147
02/23/2002,ARA,LA,ASW,CE,Federal Contract Tower,0,1,6,5,12,0,32,16,3,51,0,33,22,8,63,48,0,48,111
02/24/2002,ARA,LA,ASW,CE,Federal Contract Tower,0,0,1,20,21,0,23,23,2,48,0,23,24,22,69,66,20,86,155
02/25/2002,ARA,LA,ASW,CE,Federal Contract Tower,0,0,18,23,41,0,34,28,12,74,0,34,46,35,115,98,30,128,243
02/26/2002,ARA,LA,ASW,CE,Federal Contract Tower,0,0,5,22,27,0,54,12,3,69,0,54,17,25,96,134,0,134,230
02/27/2002,ARA,LA,ASW,CE,Federal Contract Tower,0,0,8,34,42,0,49,15,11,75,0,49,23,45,117,16,24,40,157
02/28/2002,ARA,LA,ASW,CE,Federal Contract Tower,0,0,4,24,28,0,51,28,11,90,0,51,32,35,118,44,22,66,184
03/01/2002,ARA,LA,ASW,CE,Federal Contract Tower,0,5,4,0,9,0,0,0,0,0,0,5,4,0,9,0,0,0,9
03/02/2002,ARA,LA,ASW,CE,Federal Contract Tower,0,0,11,6,17,0,17,15,4,36,0,17,26,10,53,60,0,60,113
03/03/2002,ARA,LA,ASW,CE,Federal Contract Tower,0,0,1,15,16,0,23,18,7,48,0,23,19,22,64,8,16,24,88
03/04/2002,ARA,LA,ASW,CE,Federal Contract Tower,0,0,4,16,20,0,69,42,16,127,0,69,46,32,147,342,6,348,495
03/05/2002,ARA,LA,ASW,CE,Federal Contract Tower,0,1,1,27,29,0,63,22,13,98,0,64,23,40,127,152,40,192,319
03/06/2002,ARA,LA,ASW,CE,Federal Contract Tower,0,1,5,17,23,0,80,25,16,121,0,81,30,33,144,178,16,194,338
03/07/2002,ARA,LA,ASW,CE,Federal Contract Tower,0,0,15,11,26,0,70,16,7,93,0,70,31,18,119,112,18,130,249
03/08/2002,ARA,LA,ASW,CE,Federal Contract Tower,0,0,6,34,40,0,53,12,28,93,0,53,18,62,133,92,68,160,293
03/09/2002,ARA,LA,ASW,CE,Federal Contract Tower,0,0,1,10,11,0,28,2,2,32,0,28,3,12,43,92,2,94,137
03/10/2002,ARA,LA,ASW,CE,Federal Contract Tower,0,0,0,18,18,0,34,13,8,55,0,34,13,26,73,156,22,178,251
03/11/2002,ARA,LA,ASW,CE,Federal Contract Tower,0,0,2,0,2,0,55,19,0,74,0,55,21,0,76,158,0,158,234
03/12/2002,ARA,LA,ASW,CE,Federal Contract Tower,0,0,9,7,16,0,67,9,1,77,0,67,18,8,93,142,0,142,235
03/13/2002,ARA,LA,ASW,CE,Federal Contract Tower,0,14,48,25,87,0,77,0,0,77,0,91,48,25,164,164,18,182,346
03/14/2002,ARA,LA,ASW,CE,Federal Contract Tower,0,2,6,11,19,0,81,6,2,89,0,83,12,13,108,108,10,118,226
03/15/2002,ARA,LA,ASW,CE,Federal Contract Tower,0,0,3,28,31,0,69,3,3,75,0,69,6,31,106,94,0,94,200
03/16/2002,ARA,LA,ASW,CE,Federal Contract Tower,0,0,3,0,3,0,18,3,0,21,0,18,6,0,24,132,0,132,156
03/17/2002,ARA,LA,ASW,CE,Federal Contract Tower,0,0,1,3,4,0,30,10,1,41,0,30,11,4,45,50,2,52,97
03/18/2002,ARA,LA,ASW,CE,Federal Contract Tower,0,1,1,34,36,0,66,31,5,102,0,67,32,39,138,90,18,108,246
03/19/2002,ARA,LA,ASW,CE,Federal Contract Tower,0,10,0,25,35,0,70,18,13,101,0,80,18,38,136,90,18,108,244
03/20/2002,ARA,LA,ASW,CE,Federal Contract Tower,0,0,8,2,10,0,48,13,0,61,0,48,21,2,71,102,0,102,173
03/21/2002,ARA,LA,ASW,CE,Federal Contract Tower,0,0,8,35,43,0,57,41,5,103,0,57,49,40,146,118,22,140,286
03/22/2002,ARA,LA,ASW,CE,Federal Contract Tower,0,0,6,43,49,0,81,19,17,117,0,81,25,60,166,116,56,172,338
03/23/2002,ARA,LA,ASW,CE,Federal Contract Tower,0,2,5,1,8,0,44,22,3,69,0,46,27,4,77,46,8,54,131
03/24/2002,ARA,LA,ASW,CE,Federal Contract Tower,0,0,6,3,9,0,18,2,1,21,0,18,8,4,30,50,6,56,86
03/25/2002,ARA,LA,ASW,CE,Federal Contract Tower,0,0,9,14,23,0,52,19,5,76,0,52,28,19,99,72,8,80,179
03/26/2002,ARA,LA,ASW,CE,Federal Contract Tower,0,44,38,31,113,0,67,0,31,98,0,111,38,62,211,188,42,230,441
03/27/2002,ARA,LA,ASW,CE,Federal Contract Tower,0,7,17,10,34,0,48,56,4,108,0,55,73,14,142,90,4,94,236
03/28/2002,ARA,LA,ASW,CE,Federal Contract Tower,0,0,15,39,54,0,70,20,1,91,0,70,35,40,145,108,28,136,281
03/29/2002,ARA,LA,ASW,CE,Federal Contract Tower,0,3,6,16,25,0,45,0,6,51,0,48,6,22,76,114,4,118,194
03/30/2002,ARA,LA,ASW,CE,Federal Contract Tower,0,0,1,0,1,0,16,0,0,16,0,16,1,0,17,50,0,50,67
03/31/2002,ARA,LA,ASW,CE,Federal Contract Tower,0,3,1,0,4,0,6,3,0,9,0,9,4,0,13,8,0,8,21
04/01/2002,ARA,LA,ASW,CE,Federal Contract Tower,0,0,11,11,22,0,53,7,1,61,0,53,18,12,83,84,0,84,167
04/02/2002,ARA,LA,ASW,CE,Federal Contract Tower,0,2,0,35,37,0,86,47,22,155,0,88,47,57,192,38,16,54,246
04/03/2002,ARA,LA,ASW,CE,Federal Contract Tower,0,0,13,29,42,0,58,30,18,106,0,58,43,47,148,204,54,258,406
04/04/2002,ARA,LA,ASW,CE,Federal Contract Tower,0,0,21,30,51,0,68,27,32,127,0,68,48,62,178,90,14,104,282
04/05/2002,ARA,LA,ASW,CE,Federal Contract Tower,0,0,6,28,34,0,92,49,40,181,0,92,55,68,215,156,92,248,463
04/06/2002,ARA,LA,ASW,CE,Federal Contract Tower,0,0,3,2,5,0,27,30,2,59,0,27,33,4,64,22,16,38,102
04/07/2002,ARA,LA,ASW,CE,Federal Contract Tower,0,0,5,15,20,0,21,20,20,61,0,21,25,35,81,42,24,66,147
04/08/2002,ARA,LA,ASW,CE,Federal Contract Tower,0,0,2,0,2,0,4,0,0,4,0,4,2,0,6,0,0,0,6
04/09/2002,ARA,LA,ASW,CE,Federal Contract Tower,0,10,2,12,24,0,70,33,23,126,0,80,35,35,150,202,12,214,364
04/10/2002,ARA,LA,ASW,CE,Federal Contract Tower,0,0,7,16,23,0,81,22,4,107,0,81,29,20,130,104,8,112,242
04/11/2002,ARA,LA,ASW,CE,Federal Contract Tower,0,5,12,17,34,0,77,21,12,110,0,82,33,29,144,124,48,172,316
04/12/2002,ARA,LA,ASW,CE,Federal Contract Tower,0,2,1,23,26,0,41,18,20,79,0,43,19,43,105,142,94,236,341
04/13/2002,ARA,LA,ASW,CE,Federal Contract Tower,0,2,1,3,6,0,52,54,21,127,0,54,55,24,133,206,41,247,380
04/14/2002,ARA,LA,ASW,CE,Federal Contract Tower,0,4,3,9,16,0,22,28,2,52,0,26,31,11,68,102,2,104,172
04/15/2002,ARA,LA,ASW,CE,Federal Contract Tower,0,3,6,28,37,0,30,10,8,48,0,33,16,36,85,132,4,136,221
04/16/2002,ARA,LA,ASW,CE,Federal Contract Tower,0,10,1,12,23,0,46,31,26,103,0,56,32,38,126,36,10,46,172
04/17/2002,ARA,LA,ASW,CE,Federal Contract Tower,0,5,13,4,22,0,102,33,12,147,0,107,46,16,169,158,0,158,327
04/18/2002,ARA,LA,ASW,CE,Federal Contract Tower,0,8,8,15,31,0,58,19,5,82,0,66,27,20,113,30,0,30,143
04/19/2002,ARA,LA,ASW,CE,Federal Contract Tower,0,5,1,17,23,0,56,44,4,104,0,61,45,21,127,144,6,150,277
04/20/2002,ARA,LA,ASW,CE,Federal Contract Tower,0,6,3,8,17,0,62,90,18,170,0,68,93,26,187,174,36,210,397
04/21/2002,ARA,LA,ASW,CE,Federal Contract Tower,0,0,2,16,18,0,33,8,7,48,0,33,10,23,66,168,4,172,238
04/22/2002,ARA,LA,ASW,CE,Federal Contract Tower,0,3,5,15,23,0,45,12,0,57,0,48,17,15,80,74,6,80,160
04/23/2002,ARA,LA,ASW,CE,Federal Contract Tower,0,0,4,9,13,0,74,33,1,108,0,74,37,10,121,268,0,268,389
04/24/2002,ARA,LA,ASW,CE,Federal Contract Tower,0,0,5,10,15,0,77,16,6,99,0,77,21,16,114,144,20,164,278
04/25/2002,ARA,LA,ASW,CE,Federal Contract Tower,0,0,2,35,37,0,72,22,19,113,0,72,24,54,150,48,64,112,262
04/26/2002,ARA,LA,ASW,CE,Federal Contract Tower,0,0,9,44,53,0,33,33,21,87,0,33,42,65,140,12,40,52,192
04/27/2002,ARA,LA,ASW,CE,Federal Contract Tower,0,0,3,25,28,0,35,6,1,42,0,35,9,26,70,112,8,120,190
04/28/2002,ARA,LA,ASW,CE,Federal Contract Tower,0,0,2,3,5,0,24,12,4,40,0,24,14,7,45,102,14,116,161
04/29/2002,ARA,LA,ASW,CE,Federal Contract Tower,0,1,5,15,21,0,53,18,3,74,0,54,23,18,95,94,0,94,189
04/30/2002,ARA,LA,ASW,CE,Federal Contract Tower,0,4,7,14,25,0,95,20,3,118,0,99,27,17,143,114,8,122,265
05/01/2002,ARA,LA,ASW,CE,Federal Contract Tower,0,0,10,14,24,0,49,18,37,104,0,49,28,51,128,68,66,134,262
05/02/2002,ARA,LA,ASW,CE,Federal Contract Tower,0,0,12,25,37,0,89,14,17,120,0,89,26,42,157,130,28,158,315
05/03/2002,ARA,LA,ASW,CE,Federal Contract Tower,0,0,4,39,43,0,50,11,37,98,0,50,15,76,141,108,56,164,305
05/04/2002,ARA,LA,ASW,CE,Federal Contract Tower,0,2,1,4,7,0,42,24,6,72,0,44,25,10,79,112,8,120,199
05/05/2002,ARA,LA,ASW,CE,Federal Contract Tower,0,3,6,14,23,0,26,11,8,45,0,29,17,22,68,54,4,58,126
05/06/2002,ARA,LA,ASW,CE,Federal Contract Tower,0,3,4,32,39,0,78,30,13,121,0,81,34,45,160,208,12,220,380
05/07/2002,ARA,LA,ASW,CE,Federal Contract Tower,0,3,3,29,35,0,75,25,8,108,0,78,28,37,143,244,41,285,428
05/08/2002,ARA,LA,ASW,CE,Federal Contract Tower,0,1,9,50,60,0,88,30,28,146,0,89,39,78,206,228,66,294,500
05/09/2002,ARA,LA,ASW,CE,Federal Contract Tower,0,7,4,16,27,0,76,19,9,104,0,83,23,25,131,128,72,200,331
05/10/2002,ARA,LA,ASW,CE,Federal Contract Tower,0,3,4,45,52,0,55,20,17,92,0,58,24,62,144,106,78,184,328
05/11/2002,ARA,LA,ASW,CE,Federal Contract Tower,0,3,3,29,35,0,36,16,13,65,0,39,19,42,100,34,30,64,164
05/12/2002,ARA,LA,ASW,CE,Federal Contract Tower,0,0,3,42,45,0,28,12,6,46,0,28,15,48,91,126,34,160,251
05/13/2002,ARA,LA,ASW,CE,Federal Contract Tower,0,3,9,14,26,0,51,15,2,68,0,54,24,16,94,234,0,234,328
05/14/2002,ARA,LA,ASW,CE,Federal Contract Tower,0,25,4,24,53,0,77,47,15,139,0,102,51,39,192,205,0,205,397
05/15/2002,ARA,LA,ASW,CE,Federal Contract Tower,0,0,13,10,23,0,65,22,0,87,0,65,35,10,110,182,10,192,302
05/16/2002,ARA,LA,ASW,CE,Federal Contract Tower,0,0,10,11,21,0,64,33,5,102,0,64,43,16,123,120,20,140,263
05/17/2002,ARA,LA,ASW,CE,Federal Contract Tower,0,0,4,16,20,0,39,7,3,49,0,39,11,19,69,40,10,50,119
05/18/2002,ARA,LA,ASW,CE,Federal Contract Tower,0,3,6,8,17,0,30,8,1,39,0,33,14,9,56,102,4,106,162
05/19/2002,ARA,LA,ASW,CE,Federal Contract Tower,0,0,5,16,21,0,56,3,8,67,0,56,8,24,88,176,94,270,358
05/20/2002,ARA,LA,ASW,CE,Federal Contract Tower,0,2,7,24,33,0,58,41,10,109,0,60,48,34,142,158,20,178,320
05/21/2002,ARA,LA,ASW,CE,Federal Contract Tower,0,7,0,10,17,0,86,42,0,128,0,93,42,10,145,182,2,184,329
05/22/2002,ARA,LA,ASW,CE,Federal Contract Tower,0,2,4,14,20,0,65,28,2,95,0,67,32,16,115,148,6,154,269
05/23/2002,ARA,LA,ASW,CE,Federal Contract Tower,0,3,10,5,18,0,84,21,0,105,0,87,31,5,123,68,2,70,193
05/24/2002,ARA,LA,ASW,CE,Federal Contract Tower,0,0,5,18,23,0,47,37,2,86,0,47,42,20,109,92,18,110,219
05/25/2002,ARA,LA,ASW,CE,Federal Contract Tower,0,0,0,9,9,0,36,25,3,64,0,36,25,12,73,142,30,172,245
05/26/2002,ARA,LA,ASW,CE,Federal Contract Tower,0,2,0,2,4,0,45,19,0,64,0,47,19,2,68,186,0,186,254
05/27/2002,ARA,LA,ASW,CE,Federal Contract Tower,0,0,0,4,4,0,40,25,0,65,0,40,25,4,69,180,10,190,259
05/28/2002,ARA,LA,ASW,CE,Federal Contract Tower,0,9,0,28,37,0,57,30,15,102,0,66,30,43,139,102,20,122,261
05/29/2002,ARA,LA,ASW,CE,Federal Contract Tower,0,0,17,14,31,0,81,11,17,109,0,81,28,31,140,116,18,134,274
05/30/2002,ARA,LA,ASW,CE,Federal Contract Tower,0,0,3,5,8,0,77,12,7,96,0,77,15,12,104,52,2,54,158
05/31/2002,ARA,LA,ASW,CE,Federal Contract Tower,0,20,4,23,47,0,75,11,19,105,0,95,15,42,152,62,28,90,242
06/01/2002,ARA,LA,ASW,CE,Federal Contract Tower,0,3,1,11,15,0,61,32,11,104,0,64,33,22,119,76,22,98,217
06/02/2002,ARA,LA,ASW,CE,Federal Contract Tower,0,1,1,15,17,0,20,34,3,57,0,21,35,18,74,54,10,64,138
06/03/2002,ARA,LA,ASW,CE,Federal Contract Tower,0,0,2,2,4,0,59,16,2,77,0,59,18,4,81,160,0,160,241
06/04/2002,ARA,LA,ASW,CE,Federal Contract Tower,0,6,0,22,28,0,70,25,3,98,0,76,25,25,126,142,48,190,316
06/05/2002,ARA,LA,ASW,CE,Federal Contract Tower,0,0,4,12,16,0,105,45,10,160,0,105,49,22,176,224,0,224,400
06/06/2002,ARA,LA,ASW,CE,Federal Contract Tower,0,0,6,29,35,0,79,17,25,121,0,79,23,54,156,88,70,158,314
06/07/2002,ARA,LA,ASW,CE,Federal Contract Tower,0,1,3,20,24,0,69,38,8,115,0,70,41,28,139,46,4,50,189
06/08/2002,ARA,LA,ASW,CE,Federal Contract Tower,0,0,9,0,9,0,59,27,0,86,0,59,36,0,95,56,0,56,151
06/09/2002,ARA,LA,ASW,CE,Federal Contract Tower,0,6,7,22,35,0,46,15,4,65,0,52,22,26,100,214,0,214,314
06/10/2002,ARA,LA,ASW,CE,Federal Contract Tower,0,0,2,3,5,0,55,7,3,65,0,55,9,6,70,110,0,110,180
06/11/2002,ARA,LA,ASW,CE,Federal Contract Tower,0,4,0,29,33,0,82,50,8,140,0,86,50,37,173,110,32,142,315
06/12/2002,ARA,LA,ASW,CE,Federal Contract Tower,0,1,2,25,28,0,86,30,8,124,0,87,32,33,152,222,18,240,392
06/13/2002,ARA,LA,ASW,CE,Federal Contract Tower,0,0,8,17,25,0,67,33,12,112,0,67,41,29,137,84,24,108,245
06/14/2002,ARA,LA,ASW,CE,Federal Contract Tower,0,0,9,15,24,0,74,15,8,97,0,74,24,23,121,138,18,156,277
06/15/2002,ARA,LA,ASW,CE,Federal Contract Tower,0,0,13,4,17,0,37,24,10,71,0,37,37,14,88,130,8,138,226
06/16/2002,ARA,LA,ASW,CE,Federal Contract Tower,0,16,3,0,19,0,46,18,2,66,0,62,21,2,85,150,0,150,235
06/17/2002,ARA,LA,ASW,CE,Federal Contract Tower,0,3,8,19,30,0,50,16,1,67,0,53,24,20,97,76,0,76,173
06/18/2002,ARA,LA,ASW,CE,Federal Contract Tower,0,6,0,17,23,0,69,24,4,97,0,75,24,21,120,128,24,152,272
06/19/2002,ARA,LA,ASW,CE,Federal Contract Tower,0,6,9,16,31,0,64,27,5,96,0,70,36,21,127,42,12,54,181
06/20/2002,ARA,LA,ASW,CE,Federal Contract Tower,0,5,3,13,21,0,52,12,4,68,0,57,15,17,89,66,4,70,159
06/21/2002,ARA,LA,ASW,CE,Federal Contract Tower,0,4,0,33,37,0,81,28,20,129,0,85,28,53,166,76,20,96,262
06/22/2002,ARA,LA,ASW,CE,Federal Contract Tower,0,0,1,5,6,0,48,36,3,87,0,48,37,8,93,142,0,142,235
06/23/2002,ARA,LA,ASW,CE,Federal Contract Tower,0,0,2,4,6,0,31,18,0,49,0,31,20,4,55,212,0,212,267
06/24/2002,ARA,LA,ASW,CE,Federal Contract Tower,0,6,2,5,13,0,65,15,3,83,0,71,17,8,96,104,2,106,202
06/25/2002,ARA,LA,ASW,CE,Federal Contract Tower,0,1,0,0,1,0,82,16,0,98,0,83,16,0,99,170,0,170,269
06/26/2002,ARA,LA,ASW,CE,Federal Contract Tower,0,4,1,0,5,0,34,5,7,46,0,38,6,7,51,0,0,0,51
06/27/2002,ARA,LA,ASW,CE,Federal Contract Tower,0,0,4,0,4,0,49,8,0,57,0,49,12,0,61,14,0,14,75
06/28/2002,ARA,LA,ASW,CE,Federal Contract Tower,0,0,5,2,7,0,65,8,0,73,0,65,13,2,80,128,0,128,208
06/29/2002,ARA,LA,ASW,CE,Federal Contract Tower,0,23,1,12,36,0,27,23,0,50,0,50,24,12,86,118,10,128,214
06/30/2002,ARA,LA,ASW,CE,Federal Contract Tower,0,0,0,20,20,0,29,21,5,55,0,29,21,25,75,94,8,102,177
07/01/2002,ARA,LA,ASW,CE,Federal Contract Tower,0,0,0,13,13,0,50,17,7,74,0,50,17,20,87,70,34,104,191
07/02/2002,ARA,LA,ASW,CE,Federal Contract Tower,0,3,2,8,13,0,86,38,0,124,0,89,40,8,137,112,0,112,249
07/03/2002,ARA,LA,ASW,CE,Federal Contract Tower,0,3,6,16,25,0,79,19,12,110,0,82,25,28,135,90,20,110,245
07/04/2002,ARA,LA,ASW,CE,Federal Contract Tower,0,0,0,0,0,0,28,11,0,39,0,28,11,0,39,88,0,88,127
07/05/2002,ARA,LA,ASW,CE,Federal Contract Tower,0,0,0,7,7,0,65,22,3,90,0,65,22,10,97,230,0,230,327
07/06/2002,ARA,LA,ASW,CE,Federal Contract Tower,0,3,4,0,7,0,18,18,2,38,0,21,22,2,45,116,0,116,161
07/07/2002,ARA,LA,ASW,CE,Federal Contract Tower,0,0,3,6,9,0,28,13,4,45,0,28,16,10,54,102,0,102,156
07/08/2002,ARA,LA,ASW,CE,Federal Contract Tower,0,0,2,8,10,0,52,24,5,81,0,52,26,13,91,134,18,152,243
07/09/2002,ARA,LA,ASW,CE,Federal Contract Tower,0,1,2,7,10,0,56,34,13,103,0,57,36,20,113,112,34,146,259
07/10/2002,ARA,LA,ASW,CE,Federal Contract Tower,0,10,3,10,23,0,76,48,2,126,0,86,51,12,149,144,2,146,295
07/11/2002,ARA,LA,ASW,CE,Federal Contract Tower,0,1,2,7,10,0,96,60,5,161,0,97,62,12,171,168,8,176,347
07/12/2002,ARA,LA,ASW,CE,Federal Contract Tower,0,4,0,8,12,0,106,20,4,130,0,110,20,12,142,308,6,314,456
07/13/2002,ARA,LA,ASW,CE,Federal Contract Tower,0,0,2,1,3,0,79,6,3,88,0,79,8,4,91,244,0,244,335
07/14/2002,ARA,LA,ASW,CE,Federal Contract Tower,0,0,3,0,3,0,28,18,0,46,0,28,21,0,49,190,0,190,239
07/15/2002,ARA,LA,ASW,CE,Federal Contract Tower,0,6,3,1,10,0,69,25,2,96,0,75,28,3,106,184,0,184,290
07/16/2002,ARA,LA,ASW,CE,Federal Contract Tower,0,2,2,4,8,0,70,60,1,131,0,72,62,5,139,192,0,192,331
07/17/2002,ARA,LA,ASW,CE,Federal Contract Tower,0,4,0,28,32,0,77,59,14,150,0,81,59,42,182,288,30,318,500
07/18/2002,ARA,LA,ASW,CE,Federal Contract Tower,0,1,1,14,16,0,90,34,12,136,0,91,35,26,152,308,46,354,506
07/19/2002,ARA,LA,ASW,CE,Federal Contract Tower,0,7,12,25,44,0,88,23,17,128,0,95,35,42,172,240,30,270,442
07/20/2002,ARA,LA,ASW,CE,Federal Contract Tower,0,0,4,14,18,0,41,24,12,77,0,41,28,26,95,256,4,260,355
07/21/2002,ARA,LA,ASW,CE,Federal Contract Tower,0,5,6,15,26,0,18,24,9,51,0,23,30,24,77,50,0,50,127
07/22/2002,ARA,LA,ASW,CE,Federal Contract Tower,0,0,6,8,14,0,70,23,14,107,0,70,29,22,121,264,16,280,401
07/23/2002,ARA,LA,ASW,CE,Federal Contract Tower,0,14,1,2,17,0,70,48,4,122,0,84,49,6,139,102,0,102,241
07/24/2002,ARA,LA,ASW,CE,Federal Contract Tower,0,6,0,9,15,0,56,28,6,90,0,62,28,15,105,206,20,226,331
07/25/2002,ARA,LA,ASW,CE,Federal Contract Tower,0,0,0,4,4,0,79,27,3,109,0,79,27,7,113,214,10,224,337
07/26/2002,ARA,LA,ASW,CE,Federal Contract Tower,0,1,1,33,35,0,52,31,26,109,0,53,32,59,144,140,38,178,322
07/27/2002,ARA,LA,ASW,CE,Federal Contract Tower,0,3,1,13,17,0,44,11,0,55,0,47,12,13,72,174,24,198,270
07/28/2002,ARA,LA,ASW,CE,Federal Contract Tower,0,8,2,0,10,0,37,30,0,67,0,45,32,0,77,266,0,266,343
07/29/2002,ARA,LA,ASW,CE,Federal Contract Tower,0,0,5,7,12,0,48,8,1,57,0,48,13,8,69,86,0,86,155
07/30/2002,ARA,LA,ASW,CE,Federal Contract Tower,0,5,0,9,14,0,65,25,12,102,0,70,25,21,116,162,6,168,284
07/31/2002,ARA,LA,ASW,CE,Federal Contract Tower,0,5,7,4,16,0,64,19,2,85,0,69,26,6,101,180,0,180,281
08/01/2002,ARA,LA,ASW,CE,Federal Contract Tower,0,0,8,2,10,0,63,25,7,95,0,63,33,9,105,140,0,140,245
08/02/2002,ARA,LA,ASW,CE,Federal Contract Tower,0,0,6,18,24,0,59,27,10,96,0,59,33,28,120,90,22,112,232
08/03/2002,ARA,LA,ASW,CE,Federal Contract Tower,0,6,3,25,34,0,45,15,11,71,0,51,18,36,105,112,20,132,237
08/04/2002,ARA,LA,ASW,CE,Federal Contract Tower,0,4,6,5,15,0,20,12,3,35,0,24,18,8,50,46,4,50,100
08/05/2002,ARA,LA,ASW,CE,Federal Contract Tower,0,0,5,7,12,0,71,11,1,83,0,71,16,8,95,268,0,268,363
08/06/2002,ARA,LA,ASW,CE,Federal Contract Tower,0,6,2,0,8,0,54,25,0,79,0,60,27,0,87,184,0,184,271
08/07/2002,ARA,LA,ASW,CE,Federal Contract Tower,0,3,6,6,15,0,47,19,2,68,0,50,25,8,83,122,0,122,205
08/08/2002,ARA,LA,ASW,CE,Federal Contract Tower,0,16,11,10,37,0,82,20,8,110,0,98,31,18,147,210,0,210,357
08/09/2002,ARA,LA,ASW,CE,Federal Contract Tower,0,0,8,26,34,0,75,28,13,116,0,75,36,39,150,206,22,228,378
08/10/2002,ARA,LA,ASW,CE,Federal Contract Tower,0,4,2,0,6,0,36,20,0,56,0,40,22,0,62,82,0,82,144
08/11/2002,ARA,LA,ASW,CE,Federal Contract Tower,0,6,5,0,11,0,34,32,0,66,0,40,37,0,77,42,0,42,119
08/12/2002,ARA,LA,ASW,CE,Federal Contract Tower,0,4,0,0,4,0,52,23,0,75,0,56,23,0,79,170,0,170,249
08/13/2002,ARA,LA,ASW,CE,Federal Contract Tower,0,12,0,2,14,0,112,38,6,156,0,124,38,8,170,194,2,196,366
08/14/2002,ARA,LA,ASW,CE,Federal Contract Tower,0,3,1,6,10,0,31,10,0,41,0,34,11,6,51,68,0,68,119
08/15/2002,ARA,LA,ASW,CE,Federal Contract Tower,0,2,7,0,9,0,39,12,2,53,0,41,19,2,62,20,0,20,82
08/16/2002,ARA,LA,ASW,CE,Federal Contract Tower,0,0,4,25,29,0,65,19,13,97,0,65,23,38,126,146,64,210,336
08/17/2002,ARA,LA,ASW,CE,Federal Contract Tower,0,1,0,24,25,0,29,7,0,36,0,30,7,24,61,46,20,66,127
08/18/2002,ARA,LA,ASW,CE,Federal Contract Tower,0,0,0,1,1,0,39,32,0,71,0,39,32,1,72,74,8,82,154
08/19/2002,ARA,LA,ASW,CE,Federal Contract Tower,0,0,1,3,4,0,56,40,1,97,0,56,41,4,101,72,0,72,173
08/20/2002,ARA,LA,ASW,CE,Federal Contract Tower,0,3,4,8,15,0,83,37,3,123,0,86,41,11,138,178,12,190,328
08/21/2002,ARA,LA,ASW,CE,Federal Contract Tower,0,1,9,17,27,0,86,14,5,105,0,87,23,22,132,272,6,278,410
08/22/2002,ARA,LA,ASW,CE,Federal Contract Tower,0,4,5,4,13,0,76,29,17,122,0,80,34,21,135,164,14,178,313
08/23/2002,ARA,LA,ASW,CE,Federal Contract Tower,0,4,1,10,15,0,70,33,4,107,0,74,34,14,122,162,6,168,290
08/24/2002,ARA,LA,ASW,CE,Federal Contract Tower,0,0,2,12,14,0,52,39,4,95,0,52,41,16,109,86,2,88,197
08/25/2002,ARA,LA,ASW,CE,Federal Contract Tower,0,0,3,7,10,0,24,14,0,38,0,24,17,7,48,222,0,222,270
08/26/2002,ARA,LA,ASW,CE,Federal Contract Tower,0,0,1,8,9,0,47,15,14,76,0,47,16,22,85,40,18,58,143
08/27/2002,ARA,LA,ASW,CE,Federal Contract Tower,0,1,0,17,18,0,96,35,36,167,0,97,35,53,185,342,22,364,549
08/28/2002,ARA,LA,ASW,CE,Federal Contract Tower,0,0,3,42,45,0,95,30,21,146,0,95,33,63,191,80,12,92,283
08/29/2002,ARA,LA,ASW,CE,Federal Contract Tower,0,11,6,40,57,0,46,25,10,81,0,57,31,50,138,74,36,110,248
08/30/2002,ARA,LA,ASW,CE,Federal Contract Tower,0,12,25,22,59,0,50,26,4,80,0,62,51,26,139,248,24,272,411
08/31/2002,ARA,LA,ASW,CE,Federal Contract Tower,0,3,4,2,9,0,23,21,0,44,0,26,25,2,53,76,0,76,129
09/01/2002,ARA,LA,ASW,CE,Federal Contract Tower,0,3,0,3,6,0,13,27,3,43,0,16,27,6,49,22,14,36,85
09/02/2002,ARA,LA,ASW,CE,Federal Contract Tower,0,3,3,8,14,0,24,32,1,57,0,27,35,9,71,90,6,96,167
09/03/2002,ARA,LA,ASW,CE,Federal Contract Tower,0,4,4,10,18,0,59,49,8,116,0,63,53,18,134,176,20,196,330
09/04/2002,ARA,LA,ASW,CE,Federal Contract Tower,0,2,5,9,16,0,84,7,8,99,0,86,12,17,115,36,18,54,169
09/05/2002,ARA,LA,ASW,CE,Federal Contract Tower,0,0,7,2,9,0,52,10,0,62,0,52,17,2,71,78,8,86,157
09/06/2002,ARA,LA,ASW,CE,Federal Contract Tower,0,13,16,4,33,0,37,0,0,37,0,50,16,4,70,126,0,126,196
09/07/2002,ARA,LA,ASW,CE,Federal Contract Tower,0,0,3,0,3,0,29,2,0,31,0,29,5,0,34,142,0,142,176
09/08/2002,ARA,LA,ASW,CE,Federal Contract Tower,0,7,0,0,7,0,20,12,2,34,0,27,12,2,41,80,0,80,121
09/09/2002,ARA,LA,ASW,CE,Federal Contract Tower,0,14,3,12,29,0,82,7,9,98,0,96,10,21,127,388,4,392,519
09/10/2002,ARA,LA,ASW,CE,Federal Contract Tower,0,0,9,14,23,0,87,38,11,136,0,87,47,25,159,260,8,268,427
09/11/2002,ARA,LA,ASW,CE,Federal Contract Tower,0,2,2,23,27,0,98,37,6,141,0,100,39,29,168,328,26,354,522
09/12/2002,ARA,LA,ASW,CE,Federal Contract Tower,0,2,8,17,27,0,123,59,14,196,0,125,67,31,223,308,40,348,571
09/13/2002,ARA,LA,ASW,CE,Federal Contract Tower,0,3,7,24,34,0,70,9,1,80,0,73,16,25,114,174,16,190,304
09/14/2002,ARA,LA,ASW,CE,Federal Contract Tower,0,1,2,2,5,0,22,18,2,42,0,23,20,4,47,2,0,2,49
09/15/2002,ARA,LA,ASW,CE,Federal Contract Tower,0,7,0,9,16,0,20,5,1,26,0,27,5,10,42,60,2,62,104
09/16/2002,ARA,LA,ASW,CE,Federal Contract Tower,0,8,8,10,26,0,64,21,2,87,0,72,29,12,113,250,0,250,363
09/17/2002,ARA,LA,ASW,CE,Federal Contract Tower,0,19,6,4,29,0,95,34,8,137,0,114,40,12,166,204,0,204,370
09/18/2002,ARA,LA,ASW,CE,Federal Contract Tower,0,13,15,6,34,0,101,24,10,135,0,114,39,16,169,272,18,290,459
09/19/2002,ARA,LA,ASW,CE,Federal Contract Tower,0,7,1,3,11,0,74,19,2,95,0,81,20,5,106,38,0,38,144
09/20/2002,ARA,LA,ASW,CE,Federal Contract Tower,0,4,2,8,14,0,69,18,6,93,0,73,20,14,107,54,4,58,165
09/21/2002,ARA,LA,ASW,CE,Federal Contract Tower,0,0,11,1,12,0,39,8,1,48,0,39,19,2,60,206,0,206,266
09/22/2002,ARA,LA,ASW,CE,Federal Contract Tower,0,5,4,4,13,0,16,4,0,20,0,21,8,4,33,82,0,82,115
09/23/2002,ARA,LA,ASW,CE,Federal Contract Tower,0,0,3,12,15,0,52,15,2,69,0,52,18,14,84,186,26,212,296
09/24/2002,ARA,LA,ASW,CE,Federal Contract Tower,0,0,8,2,10,0,234,10,0,244,0,234,18,2,254,250,0,250,504
09/25/2002,ARA,LA,ASW,CE,Federal Contract Tower,0,3,1,0,4,0,3,1,0,4,0,6,2,0,8,2,0,2,10
09/26/2002,ARA,LA,ASW,CE,Federal Contract Tower,0,0,0,0,0,0,193,7,0,200,0,193,7,0,200,210,0,210,410
09/27/2002,ARA,LA,ASW,CE,Federal Contract Tower,0,12,2,26,40,0,52,37,1,90,0,64,39,27,130,30,8,38,168
09/28/2002,ARA,LA,ASW,CE,Federal Contract Tower,0,0,1,2,3,0,27,25,0,52,0,27,26,2,55,10,0,10,65
09/29/2002,ARA,LA,ASW,CE,Federal Contract Tower,0,1,9,0,10,0,34,26,0,60,0,35,35,0,70,90,0,90,160
09/30/2002,ARA,LA,ASW,CE,Federal Contract Tower,0,7,2,19,28,0,44,28,5,77,0,51,30,24,105,88,32,120,225
10/01/2002,ARA,LA,ASW,CE,Federal Contract Tower,0,7,19,16,42,0,60,33,2,95,0,67,52,18,137,62,16,78,215
10/02/2002,ARA,LA,ASW,CE,Federal Contract Tower,0,32,3,3,38,0,91,2,2,95,0,123,5,5,133,0,0,0,133
10/03/2002,ARA,LA,ASW,CE,Federal Contract Tower,0,0,0,0,0,0,0,0,0,0,0,0,0,0,0,0,0,0,0
10/04/2002,ARA,LA,ASW,CE,Federal Contract Tower,0,1,2,3,6,0,28,40,22,90,0,29,42,25,96,0,0,0,96
10/05/2002,ARA,LA,ASW,CE,Federal Contract Tower,0,21,11,0,32,0,126,18,20,164,0,147,29,20,196,8,0,8,204
10/06/2002,ARA,LA,ASW,CE,Federal Contract Tower,0,0,0,1,1,0,126,30,2,158,0,126,30,3,159,24,8,32,191
10/07/2002,ARA,LA,ASW,CE,Federal Contract Tower,0,3,1,7,11,0,134,29,5,168,0,137,30,12,179,24,0,24,203
10/08/2002,ARA,LA,ASW,CE,Federal Contract Tower,0,43,8,15,66,0,55,6,0,61,0,98,14,15,127,22,0,22,149
10/09/2002,ARA,LA,ASW,CE,Federal Contract Tower,0,8,8,2,18,0,59,0,0,59,0,67,8,2,77,136,4,140,217
10/10/2002,ARA,LA,ASW,CE,Federal Contract Tower,0,3,8,9,20,0,175,14,3,192,0,178,22,12,212,202,2,204,416
10/11/2002,ARA,LA,ASW,CE,Federal Contract Tower,0,44,18,9,71,0,90,0,20,110,0,134,18,29,181,54,10,64,245
10/12/2002,ARA,LA,ASW,CE,Federal Contract Tower,0,13,5,4,22,0,62,16,0,78,0,75,21,4,100,18,0,18,118
10/13/2002,ARA,LA,ASW,CE,Federal Contract Tower,0,0,0,7,7,0,59,13,1,73,0,59,13,8,80,10,0,10,90
10/14/2002,ARA,LA,ASW,CE,Federal Contract Tower,0,0,3,7,10,0,109,18,5,132,0,109,21,12,142,188,0,188,330
10/15/2002,ARA,LA,ASW,CE,Federal Contract Tower,0,0,9,26,35,0,131,24,0,155,0,131,33,26,190,90,18,108,298
10/16/2002,ARA,LA,ASW,CE,Federal Contract Tower,0,8,6,11,25,0,136,36,15,187,0,144,42,26,212,244,4,248,460
10/17/2002,ARA,LA,ASW,CE,Federal Contract Tower,0,2,1,27,30,0,148,52,15,215,0,150,53,42,245,130,26,156,401
10/18/2002,ARA,LA,ASW,CE,Federal Contract Tower,0,4,6,38,48,0,90,13,0,103,0,94,19,38,151,30,0,30,181
10/19/2002,ARA,LA,ASW,CE,Federal Contract Tower,0,5,0,4,9,0,57,16,3,76,0,62,16,7,85,156,4,160,245
10/20/2002,ARA,LA,ASW,CE,Federal Contract Tower,0,8,8,0,16,0,80,1,0,81,0,88,9,0,97,330,0,330,427
10/21/2002,ARA,LA,ASW,CE,Federal Contract Tower,0,18,0,12,30,0,16,0,2,18,0,34,0,14,48,154,0,154,202
10/22/2002,ARA,LA,ASW,CE,Federal Contract Tower,0,14,6,4,24,0,60,0,0,60,0,74,6,4,84,176,0,176,260
10/23/2002,ARA,LA,ASW,CE,Federal Contract Tower,0,52,11,17,80,0,33,0,1,34,0,85,11,18,114,300,0,300,414
10/24/2002,ARA,LA,ASW,CE,Federal Contract Tower,0,18,10,7,35,0,72,10,5,87,0,90,20,12,122,182,24,206,328
10/25/2002,ARA,LA,ASW,CE,Federal Contract Tower,0,19,0,3,22,0,22,28,2,52,0,41,28,5,74,172,0,172,246
10/26/2002,ARA,LA,ASW,CE,Federal Contract Tower,0,4,4,0,8,0,23,0,0,23,0,27,4,0,31,36,0,36,67
10/27/2002,ARA,LA,ASW,CE,Federal Contract Tower,0,5,1,0,6,0,24,6,0,30,0,29,7,0,36,88,0,88,124
10/28/2002,ARA,LA,ASW,CE,Federal Contract Tower,0,6,6,1,13,0,26,0,3,29,0,32,6,4,42,54,0,54,96
10/29/2002,ARA,LA,ASW,CE,Federal Contract Tower,0,16,7,6,29,0,40,9,2,51,0,56,16,8,80,132,0,132,212
10/30/2002,ARA,LA,ASW,CE,Federal Contract Tower,0,3,12,12,27,0,103,19,8,130,0,106,31,20,157,314,16,330,487
10/31/2002,ARA,LA,ASW,CE,Federal Contract Tower,0,6,11,16,33,0,56,34,5,95,0,62,45,21,128,170,4,174,302
11/01/2002,ARA,LA,ASW,CE,Federal Contract Tower,0,1,2,54,57,0,69,33,22,124,0,70,35,76,181,88,44,132,313
11/02/2002,ARA,LA,ASW,CE,Federal Contract Tower,0,0,0,8,8,0,27,21,0,48,0,27,21,8,56,90,8,98,154
11/03/2002,ARA,LA,ASW,CE,Federal Contract Tower,0,1,2,3,6,0,31,1,1,33,0,32,3,4,39,100,0,100,139
11/04/2002,ARA,LA,ASW,CE,Federal Contract Tower,0,32,6,7,45,0,0,2,0,2,0,32,8,7,47,80,0,80,127
11/05/2002,ARA,LA,ASW,CE,Federal Contract Tower,0,22,6,3,31,0,43,0,1,44,0,65,6,4,75,104,0,104,179
11/06/2002,ARA,LA,ASW,CE,Federal Contract Tower,0,7,8,15,30,0,70,37,9,116,0,77,45,24,146,282,20,302,448
11/07/2002,ARA,LA,ASW,CE,Federal Contract Tower,0,1,4,16,21,0,58,42,10,110,0,59,46,26,131,164,10,174,305
11/08/2002,ARA,LA,ASW,CE,Federal Contract Tower,0,3,4,26,33,0,47,31,20,98,0,50,35,46,131,54,22,76,207
11/09/2002,ARA,LA,ASW,CE,Federal Contract Tower,0,4,3,25,32,0,36,5,0,41,0,40,8,25,73,40,0,40,113
11/10/2002,ARA,LA,ASW,CE,Federal Contract Tower,0,0,4,6,10,0,20,9,1,30,0,20,13,7,40,10,0,10,50
11/11/2002,ARA,LA,ASW,CE,Federal Contract Tower,0,10,22,4,36,0,31,0,0,31,0,41,22,4,67,178,0,178,245
11/12/2002,ARA,LA,ASW,CE,Federal Contract Tower,0,8,17,26,51,0,61,16,0,77,0,69,33,26,128,102,14,116,244
11/13/2002,ARA,LA,ASW,CE,Federal Contract Tower,0,7,0,14,21,0,58,22,5,85,0,65,22,19,106,86,4,90,196
11/14/2002,ARA,LA,ASW,CE,Federal Contract Tower,0,1,5,2,8,0,58,28,3,89,0,59,33,5,97,94,22,116,213
11/15/2002,ARA,LA,ASW,CE,Federal Contract Tower,0,6,1,17,24,0,33,12,0,45,0,39,13,17,69,30,4,34,103
11/16/2002,ARA,LA,ASW,CE,Federal Contract Tower,0,3,6,28,37,0,66,11,4,81,0,69,17,32,118,292,20,312,430
11/17/2002,ARA,LA,ASW,CE,Federal Contract Tower,0,0,3,10,13,0,43,26,11,80,0,43,29,21,93,256,2,258,351
11/18/2002,ARA,LA,ASW,CE,Federal Contract Tower,0,0,2,19,21,0,69,19,6,94,0,69,21,25,115,88,8,96,211
11/19/2002,ARA,LA,ASW,CE,Federal Contract Tower,0,17,15,14,46,0,52,0,0,52,0,69,15,14,98,166,2,168,266
11/20/2002,ARA,LA,ASW,CE,Federal Contract Tower,0,4,6,18,28,0,35,6,13,54,0,39,12,31,82,36,34,70,152
11/21/2002,ARA,LA,ASW,CE,Federal Contract Tower,0,1,5,24,30,0,65,10,14,89,0,66,15,38,119,41,50,91,210
11/22/2002,ARA,LA,ASW,CE,Federal Contract Tower,0,5,6,14,25,0,47,10,0,57,0,52,16,14,82,88,14,102,184
11/23/2002,ARA,LA,ASW,CE,Federal Contract Tower,0,3,1,18,22,0,54,26,9,89,0,57,27,27,111,350,34,384,495
11/24/2002,ARA,LA,ASW,CE,Federal Contract Tower,0,0,2,15,17,0,36,24,3,63,0,36,26,18,80,152,24,176,256
11/25/2002,ARA,LA,ASW,CE,Federal Contract Tower,0,0,9,5,14,0,53,17,5,75,0,53,26,10,89,206,14,220,309
11/26/2002,ARA,LA,ASW,CE,Federal Contract Tower,0,5,5,30,40,0,41,14,4,59,0,46,19,34,99,168,38,206,305
11/27/2002,ARA,LA,ASW,CE,Federal Contract Tower,0,0,9,2,11,0,41,4,2,47,0,41,13,4,58,64,0,64,122
11/28/2002,ARA,LA,ASW,CE,Federal Contract Tower,0,0,5,0,5,0,34,2,0,36,0,34,7,0,41,20,0,20,61
11/29/2002,ARA,LA,ASW,CE,Federal Contract Tower,0,0,0,0,0,0,26,20,0,46,0,26,20,0,46,48,0,48,94
11/30/2002,ARA,LA,ASW,CE,Federal Contract Tower,0,7,13,0,20,0,9,10,0,19,0,16,23,0,39,0,0,0,39
12/01/2002,ARA,LA,ASW,CE,Federal Contract Tower,0,1,8,0,9,0,36,19,0,55,0,37,27,0,64,50,0,50,114
12/02/2002,ARA,LA,ASW,CE,Federal Contract Tower,0,10,1,6,17,0,52,13,2,67,0,62,14,8,84,74,12,86,170
12/03/2002,ARA,LA,ASW,CE,Federal Contract Tower,0,4,9,3,16,0,55,7,3,65,0,59,16,6,81,262,2,264,345
12/04/2002,ARA,LA,ASW,CE,Federal Contract Tower,0,2,2,2,6,0,33,6,4,43,0,35,8,6,49,172,0,172,221
12/05/2002,ARA,LA,ASW,CE,Federal Contract Tower,0,0,13,25,38,0,31,10,3,44,0,31,23,28,82,36,34,70,152
12/06/2002,ARA,LA,ASW,CE,Federal Contract Tower,0,0,15,21,36,0,37,7,0,44,0,37,22,21,80,84,34,118,198
12/07/2002,ARA,LA,ASW,CE,Federal Contract Tower,0,4,5,20,29,0,50,27,1,78,0,54,32,21,107,124,8,132,239
12/08/2002,ARA,LA,ASW,CE,Federal Contract Tower,0,0,14,2,16,0,43,0,4,47,0,43,14,6,63,176,0,176,239
12/09/2002,ARA,LA,ASW,CE,Federal Contract Tower,0,1,2,2,5,0,45,12,4,61,0,46,14,6,66,142,0,142,208
12/10/2002,ARA,LA,ASW,CE,Federal Contract Tower,0,15,18,16,49,0,23,0,2,25,0,38,18,18,74,164,18,182,256
12/11/2002,ARA,LA,ASW,CE,Federal Contract Tower,0,0,7,13,20,0,42,39,1,82,0,42,46,14,102,104,0,104,206
12/12/2002,ARA,LA,ASW,CE,Federal Contract Tower,0,0,4,8,12,0,35,5,0,40,0,35,9,8,52,100,0,100,152
12/13/2002,ARA,LA,ASW,CE,Federal Contract Tower,0,0,6,50,56,0,26,6,4,36,0,26,12,54,92,146,16,162,254
12/14/2002,ARA,LA,ASW,CE,Federal Contract Tower,0,0,10,13,23,0,52,12,7,71,0,52,22,20,94,210,14,224,318
12/15/2002,ARA,LA,ASW,CE,Federal Contract Tower,0,2,7,8,17,0,21,27,2,50,0,23,34,10,67,76,10,86,153
12/16/2002,ARA,LA,ASW,CE,Federal Contract Tower,0,12,15,21,48,0,41,6,8,55,0,53,21,29,103,164,12,176,279
12/17/2002,ARA,LA,ASW,CE,Federal Contract Tower,0,3,7,10,20,0,54,12,4,70,0,57,19,14,90,126,10,136,226
12/18/2002,ARA,LA,ASW,CE,Federal Contract Tower,0,2,7,5,14,0,57,4,21,82,0,59,11,26,96,62,0,62,158
12/19/2002,ARA,LA,ASW,CE,Federal Contract Tower,0,0,6,8,14,0,34,0,0,34,0,34,6,8,48,70,42,112,160
12/20/2002,ARA,LA,ASW,CE,Federal Contract Tower,0,0,0,6,6,0,53,16,2,71,0,53,16,8,77,100,0,100,177
12/21/2002,ARA,LA,ASW,CE,Federal Contract Tower,0,0,5,2,7,0,29,5,0,34,0,29,10,2,41,122,0,122,163
12/22/2002,ARA,LA,ASW,CE,Federal Contract Tower,0,0,9,0,9,0,19,16,0,35,0,19,25,0,44,24,0,24,68
12/23/2002,ARA,LA,ASW,CE,Federal Contract Tower,0,4,3,2,9,0,18,3,0,21,0,22,6,2,30,0,0,0,30
12/24/2002,ARA,LA,ASW,CE,Federal Contract Tower,0,25,3,0,28,0,8,3,0,11,0,33,6,0,39,68,0,68,107
12/25/2002,ARA,LA,ASW,CE,Federal Contract Tower,0,0,0,0,0,0,27,8,0,35,0,27,8,0,35,60,0,60,95
12/26/2002,ARA,LA,ASW,CE,Federal Contract Tower,0,0,12,2,14,0,51,21,2,74,0,51,33,4,88,12,2,14,102
12/27/2002,ARA,LA,ASW,CE,Federal Contract Tower,0,0,4,4,8,0,33,15,0,48,0,33,19,4,56,46,12,58,114
12/28/2002,ARA,LA,ASW,CE,Federal Contract Tower,0,0,8,2,10,0,36,12,0,48,0,36,20,2,58,128,0,128,186
12/29/2002,ARA,LA,ASW,CE,Federal Contract Tower,0,7,1,4,12,0,29,16,0,45,0,36,17,4,57,198,0,198,255
12/30/2002,ARA,LA,ASW,CE,Federal Contract Tower,0,0,0,2,2,0,42,4,0,46,0,42,4,2,48,222,0,222,270
12/31/2002,ARA,LA,ASW,CE,Federal Contract Tower,0,4,8,2,14,0,8,3,0,11,0,12,11,2,25,34,0,34,59
01/01/2003,ARA,LA,ASW,CE,Federal Contract Tower,0,0,2,0,2,0,44,9,0,53,0,44,11,0,55,84,0,84,139
01/02/2003,ARA,LA,ASW,CE,Federal Contract Tower,0,0,7,1,8,0,42,19,2,63,0,42,26,3,71,20,0,20,91
01/03/2003,ARA,LA,ASW,CE,Federal Contract Tower,0,0,7,10,17,0,81,20,4,105,0,81,27,14,122,104,12,116,238
01/04/2003,ARA,LA,ASW,CE,Federal Contract Tower,0,3,1,9,13,0,41,4,1,46,0,44,5,10,59,282,4,286,345
01/05/2003,ARA,LA,ASW,CE,Federal Contract Tower,0,15,4,2,21,0,43,30,0,73,0,58,34,2,94,190,0,190,284
01/06/2003,ARA,LA,ASW,CE,Federal Contract Tower,0,0,4,2,6,0,78,18,0,96,0,78,22,2,102,184,0,184,286
01/07/2003,ARA,LA,ASW,CE,Federal Contract Tower,0,5,18,14,37,0,57,22,9,88,0,62,40,23,125,148,40,188,313
01/08/2003,ARA,LA,ASW,CE,Federal Contract Tower,0,3,4,20,27,0,40,14,8,62,0,43,18,28,89,175,8,183,272
01/09/2003,ARA,LA,ASW,CE,Federal Contract Tower,0,0,11,19,30,0,61,14,0,75,0,61,25,19,105,180,32,212,317
01/10/2003,ARA,LA,ASW,CE,Federal Contract Tower,0,0,12,6,18,0,63,12,4,79,0,63,24,10,97,226,8,234,331
01/11/2003,ARA,LA,ASW,CE,Federal Contract Tower,0,0,9,20,29,0,57,9,6,72,0,57,18,26,101,248,6,254,355
01/12/2003,ARA,LA,ASW,CE,Federal Contract Tower,0,0,1,2,3,0,51,0,0,51,0,51,1,2,54,244,0,244,298
01/13/2003,ARA,LA,ASW,CE,Federal Contract Tower,0,0,0,16,16,0,63,13,4,80,0,63,13,20,96,136,18,154,250
01/14/2003,ARA,LA,ASW,CE,Federal Contract Tower,0,0,7,12,19,0,79,23,6,108,0,79,30,18,127,234,0,234,361
01/15/2003,ARA,LA,ASW,CE,Federal Contract Tower,0,0,2,8,10,0,13,1,3,17,0,13,3,11,27,16,0,16,43
01/16/2003,ARA,LA,ASW,CE,Federal Contract Tower,0,0,5,14,19,0,56,16,6,78,0,56,21,20,97,213,0,213,310
01/17/2003,ARA,LA,ASW,CE,Federal Contract Tower,0,0,5,26,31,0,32,11,7,50,0,32,16,33,81,113,6,119,200
01/18/2003,ARA,LA,ASW,CE,Federal Contract Tower,0,0,1,29,30,0,32,3,5,40,0,32,4,34,70,70,32,102,172
01/19/2003,ARA,LA,ASW,CE,Federal Contract Tower,0,0,2,4,6,0,26,18,8,52,0,26,20,12,58,128,8,136,194
01/20/2003,ARA,LA,ASW,CE,Federal Contract Tower,0,3,5,7,15,0,47,26,1,74,0,50,31,8,89,150,0,150,239
01/21/2003,ARA,LA,ASW,CE,Federal Contract Tower,0,5,2,10,17,0,46,8,3,57,0,51,10,13,74,130,8,138,212
01/22/2003,ARA,LA,ASW,CE,Federal Contract Tower,0,6,11,28,45,0,25,15,0,40,0,31,26,28,85,74,4,78,163
01/23/2003,ARA,LA,ASW,CE,Federal Contract Tower,0,7,6,36,49,0,85,7,10,102,0,92,13,46,151,84,52,136,287
01/24/2003,ARA,LA,ASW,CE,Federal Contract Tower,0,0,5,37,42,0,59,16,5,80,0,59,21,42,122,38,0,38,160
01/25/2003,ARA,LA,ASW,CE,Federal Contract Tower,0,0,2,14,16,0,27,16,0,43,0,27,18,14,59,80,0,80,139
01/26/2003,ARA,LA,ASW,CE,Federal Contract Tower,0,3,8,0,11,0,24,5,0,29,0,27,13,0,40,74,0,74,114
01/27/2003,ARA,LA,ASW,CE,Federal Contract Tower,0,1,5,23,29,0,44,25,6,75,0,45,30,29,104,78,12,90,194
01/28/2003,ARA,LA,ASW,CE,Federal Contract Tower,0,0,4,17,21,0,46,23,7,76,0,46,27,24,97,122,18,140,237
01/29/2003,ARA,LA,ASW,CE,Federal Contract Tower,0,3,1,7,11,0,63,6,5,74,0,66,7,12,85,42,0,42,127
01/30/2003,ARA,LA,ASW,CE,Federal Contract Tower,0,8,10,14,32,0,0,3,2,5,0,8,13,16,37,30,0,30,67
01/31/2003,ARA,LA,ASW,CE,Federal Contract Tower,0,0,9,18,27,0,21,0,4,25,0,21,9,22,52,52,0,52,104
02/01/2003,ARA,LA,ASW,CE,Federal Contract Tower,0,0,0,6,6,0,36,12,0,48,0,36,12,6,54,138,20,158,212
02/02/2003,ARA,LA,ASW,CE,Federal Contract Tower,0,1,2,9,12,0,45,20,1,66,0,46,22,10,78,312,0,312,390
02/03/2003,ARA,LA,ASW,CE,Federal Contract Tower,0,0,2,2,4,0,38,7,4,49,0,38,9,6,53,44,8,52,105
02/04/2003,ARA,LA,ASW,CE,Federal Contract Tower,0,0,4,11,15,0,83,39,3,125,0,83,43,14,140,194,0,194,334
02/05/2003,ARA,LA,ASW,CE,Federal Contract Tower,0,0,5,14,19,0,84,20,0,104,0,84,25,14,123,90,22,112,235
02/06/2003,ARA,LA,ASW,CE,Federal Contract Tower,0,13,4,6,23,0,15,1,0,16,0,28,5,6,39,32,0,32,71
02/07/2003,ARA,LA,ASW,CE,Federal Contract Tower,0,0,3,9,12,0,57,6,0,63,0,57,9,9,75,274,0,274,349
02/08/2003,ARA,LA,ASW,CE,Federal Contract Tower,0,0,4,5,9,0,44,5,1,50,0,44,9,6,59,240,20,260,319
02/09/2003,ARA,LA,ASW,CE,Federal Contract Tower,0,6,0,5,11,0,27,4,0,31,0,33,4,5,42,60,0,60,102
02/10/2003,ARA,LA,ASW,CE,Federal Contract Tower,0,13,11,14,38,0,27,7,2,36,0,40,18,16,74,94,36,130,204
02/11/2003,ARA,LA,ASW,CE,Federal Contract Tower,0,1,8,10,19,0,76,19,10,105,0,77,27,20,124,190,14,204,328
02/12/2003,ARA,LA,ASW,CE,Federal Contract Tower,0,5,11,17,33,0,79,2,11,92,0,84,13,28,125,96,20,116,241
02/13/2003,ARA,LA,ASW,CE,Federal Contract Tower,0,2,5,25,32,0,82,8,3,93,0,84,13,28,125,96,20,116,241
02/14/2003,ARA,LA,ASW,CE,Federal Contract Tower,0,6,4,14,24,0,22,11,0,33,0,28,15,14,57,86,20,106,163
02/15/2003,ARA,LA,ASW,CE,Federal Contract Tower,0,4,0,0,4,0,4,0,0,4,0,8,0,0,8,58,0,58,66
02/16/2003,ARA,LA,ASW,CE,Federal Contract Tower,0,14,10,0,24,0,24,0,0,24,0,38,10,0,48,96,0,96,144
02/17/2003,ARA,LA,ASW,CE,Federal Contract Tower,0,0,0,12,12,0,49,11,4,64,0,49,11,16,76,60,6,66,142
02/18/2003,ARA,LA,ASW,CE,Federal Contract Tower,0,3,3,14,20,0,67,23,4,94,0,70,26,18,114,156,2,158,272
02/19/2003,ARA,LA,ASW,CE,Federal Contract Tower,0,0,4,10,14,0,62,28,14,104,0,62,32,24,118,148,32,180,298
02/20/2003,ARA,LA,ASW,CE,Federal Contract Tower,0,1,5,8,14,0,28,3,0,31,0,29,8,8,45,60,2,62,107
02/21/2003,ARA,LA,ASW,CE,Federal Contract Tower,0,0,0,0,0,0,4,0,0,4,0,4,0,0,4,0,0,0,4
02/22/2003,ARA,LA,ASW,CE,Federal Contract Tower,0,5,3,0,8,0,56,1,0,57,0,61,4,0,65,132,0,132,197
02/23/2003,ARA,LA,ASW,CE,Federal Contract Tower,0,3,0,2,5,0,34,15,0,49,0,37,15,2,54,250,0,250,304
02/24/2003,ARA,LA,ASW,CE,Federal Contract Tower,0,0,2,25,27,0,66,10,6,82,0,66,12,31,109,332,12,344,453
02/25/2003,ARA,LA,ASW,CE,Federal Contract Tower,0,7,6,4,17,0,17,4,1,22,0,24,10,5,39,60,2,62,101
02/26/2003,ARA,LA,ASW,CE,Federal Contract Tower,0,11,15,0,26,0,11,2,0,13,0,22,17,0,39,30,0,30,69
02/27/2003,ARA,LA,ASW,CE,Federal Contract Tower,0,9,15,38,62,0,39,12,3,54,0,48,27,41,116,228,10,238,354
02/28/2003,ARA,LA,ASW,CE,Federal Contract Tower,0,0,10,28,38,0,31,32,8,71,0,31,42,36,109,26,0,26,135
03/01/2003,ARA,LA,ASW,CE,Federal Contract Tower,0,0,6,11,17,0,14,0,5,19,0,14,6,16,36,118,0,118,154
03/02/2003,ARA,LA,ASW,CE,Federal Contract Tower,0,5,6,16,27,0,27,14,8,49,0,32,20,24,76,140,20,160,236
03/03/2003,ARA,LA,ASW,CE,Federal Contract Tower,0,0,4,0,4,0,31,8,0,39,0,31,12,0,43,136,0,136,179
03/04/2003,ARA,LA,ASW,CE,Federal Contract Tower,0,0,4,6,10,0,27,0,6,33,0,27,4,12,43,92,0,92,135
03/05/2003,ARA,LA,ASW,CE,Federal Contract Tower,0,0,0,1,1,0,1,0,1,2,0,1,0,2,3,0,0,0,3
03/06/2003,ARA,LA,ASW,CE,Federal Contract Tower,0,0,12,13,25,0,26,1,3,30,0,26,13,16,55,162,0,162,217
03/07/2003,ARA,LA,ASW,CE,Federal Contract Tower,0,12,7,10,29,0,26,24,6,56,0,38,31,16,85,116,6,122,207
03/08/2003,ARA,LA,ASW,CE,Federal Contract Tower,0,5,6,9,20,0,18,0,8,26,0,23,6,17,46,156,0,156,202
03/09/2003,ARA,LA,ASW,CE,Federal Contract Tower,0,5,8,2,15,0,20,27,10,57,0,25,35,12,72,146,18,164,236
03/10/2003,ARA,LA,ASW,CE,Federal Contract Tower,0,0,6,8,14,0,55,21,16,92,0,55,27,24,106,44,0,44,150
03/11/2003,ARA,LA,ASW,CE,Federal Contract Tower,0,2,5,15,22,0,70,17,6,93,0,72,22,21,115,210,10,220,335
03/12/2003,ARA,LA,ASW,CE,Federal Contract Tower,0,2,3,7,12,0,33,22,1,56,0,35,25,8,68,100,0,100,168
03/13/2003,ARA,LA,ASW,CE,Federal Contract Tower,0,2,5,0,7,0,13,0,2,15,0,15,5,2,22,32,0,32,54
03/14/2003,ARA,LA,ASW,CE,Federal Contract Tower,0,4,3,14,21,0,52,24,0,76,0,56,27,14,97,164,6,170,267
03/15/2003,ARA,LA,ASW,CE,Federal Contract Tower,0,3,5,1,9,0,39,37,1,77,0,42,42,2,86,168,0,168,254
03/16/2003,ARA,LA,ASW,CE,Federal Contract Tower,0,8,80,1,89,0,0,0,1,1,0,8,80,2,90,80,0,80,170
03/17/2003,ARA,LA,ASW,CE,Federal Contract Tower,0,0,2,14,16,0,38,18,7,63,0,38,20,21,79,158,10,168,247
03/18/2003,ARA,LA,ASW,CE,Federal Contract Tower,0,17,38,4,59,0,45,32,0,77,0,62,70,4,136,178,0,178,314
03/19/2003,ARA,LA,ASW,CE,Federal Contract Tower,0,3,0,15,18,0,48,28,11,87,0,51,28,26,105,216,36,252,357
03/20/2003,ARA,LA,ASW,CE,Federal Contract Tower,0,2,6,14,22,0,43,10,7,60,0,45,16,21,82,158,6,164,246
03/21/2003,ARA,LA,ASW,CE,Federal Contract Tower,0,5,5,29,39,0,37,11,0,48,0,42,16,29,87,84,20,104,191
03/22/2003,ARA,LA,ASW,CE,Federal Contract Tower,0,0,6,19,25,0,34,18,7,59,0,34,24,26,84,120,52,172,256
03/23/2003,ARA,LA,ASW,CE,Federal Contract Tower,0,2,7,2,11,0,28,27,4,59,0,30,34,6,70,166,0,166,236
03/24/2003,ARA,LA,ASW,CE,Federal Contract Tower,0,2,2,12,16,0,60,12,4,76,0,62,14,16,92,122,12,134,226
03/25/2003,ARA,LA,ASW,CE,Federal Contract Tower,0,4,5,9,18,0,70,4,11,85,0,74,9,20,103,170,12,182,285
03/26/2003,ARA,LA,ASW,CE,Federal Contract Tower,0,0,2,0,2,0,27,1,0,28,0,27,3,0,30,50,0,50,80
03/27/2003,ARA,LA,ASW,CE,Federal Contract Tower,0,4,2,10,16,0,68,27,5,100,0,72,29,15,116,160,22,182,298
03/28/2003,ARA,LA,ASW,CE,Federal Contract Tower,0,5,2,24,31,0,32,16,10,58,0,37,18,34,89,210,10,220,309
03/29/2003,ARA,LA,ASW,CE,Federal Contract Tower,0,7,6,1,14,0,18,0,1,19,0,25,6,2,33,8,0,8,41
03/30/2003,ARA,LA,ASW,CE,Federal Contract Tower,0,0,5,4,9,0,33,11,1,45,0,33,16,5,54,196,0,196,250
03/31/2003,ARA,LA,ASW,CE,Federal Contract Tower,0,0,10,23,33,0,56,24,4,84,0,56,34,27,117,52,10,62,179
04/01/2003,ARA,LA,ASW,CE,Federal Contract Tower,0,3,1,9,13,0,87,27,5,119,0,90,28,14,132,80,12,92,224
04/02/2003,ARA,LA,ASW,CE,Federal Contract Tower,0,0,4,22,26,0,62,17,4,83,0,62,21,26,109,68,4,72,181
04/03/2003,ARA,LA,ASW,CE,Federal Contract Tower,0,4,5,27,36,0,53,25,3,81,0,57,30,30,117,70,20,90,207
04/04/2003,ARA,LA,ASW,CE,Federal Contract Tower,0,3,8,32,43,0,31,4,24,59,0,34,12,56,102,58,46,104,206
04/05/2003,ARA,LA,ASW,CE,Federal Contract Tower,0,7,2,2,11,0,8,0,2,10,0,15,2,4,21,42,12,54,75
04/06/2003,ARA,LA,ASW,CE,Federal Contract Tower,0,15,6,8,29,0,8,0,0,8,0,23,6,8,37,48,4,52,89
04/07/2003,ARA,LA,ASW,CE,Federal Contract Tower,0,0,2,0,2,0,1,0,0,1,0,1,2,0,3,0,0,0,3
04/08/2003,ARA,LA,ASW,CE,Federal Contract Tower,0,0,5,3,8,0,47,2,1,50,0,47,7,4,58,112,10,122,180
04/09/2003,ARA,LA,ASW,CE,Federal Contract Tower,0,0,6,16,22,0,27,13,2,42,0,27,19,18,64,28,8,36,100
04/10/2003,ARA,LA,ASW,CE,Federal Contract Tower,0,3,2,29,34,0,57,25,14,96,0,60,27,43,130,102,58,160,290
04/11/2003,ARA,LA,ASW,CE,Federal Contract Tower,0,0,3,28,31,0,41,29,9,79,0,41,32,37,110,70,52,122,232
04/12/2003,ARA,LA,ASW,CE,Federal Contract Tower,0,8,2,2,12,0,34,29,4,67,0,42,31,6,79,170,28,198,277
04/13/2003,ARA,LA,ASW,CE,Federal Contract Tower,0,1,0,12,13,0,39,15,0,54,0,40,15,12,67,230,0,230,297
04/14/2003,ARA,LA,ASW,CE,Federal Contract Tower,0,0,5,7,12,0,55,20,11,86,0,55,25,18,98,78,46,124,222
04/15/2003,ARA,LA,ASW,CE,Federal Contract Tower,0,0,2,5,7,0,60,20,3,83,0,60,22,8,90,84,8,92,182
04/16/2003,ARA,LA,ASW,CE,Federal Contract Tower,0,10,16,14,40,0,26,13,10,49,0,36,29,24,89,42,8,50,139
04/17/2003,ARA,LA,ASW,CE,Federal Contract Tower,0,0,5,30,35,0,65,48,3,116,0,65,53,33,151,52,52,104,255
04/18/2003,ARA,LA,ASW,CE,Federal Contract Tower,0,0,2,13,15,0,19,12,3,34,0,19,14,16,49,42,2,44,93
04/19/2003,ARA,LA,ASW,CE,Federal Contract Tower,0,16,3,2,21,0,18,4,0,22,0,34,7,2,43,40,0,40,83
04/20/2003,ARA,LA,ASW,CE,Federal Contract Tower,0,3,1,0,4,0,25,9,0,34,0,28,10,0,38,30,0,30,68
04/21/2003,ARA,LA,ASW,CE,Federal Contract Tower,0,5,0,18,23,0,29,31,0,60,0,34,31,18,83,28,22,50,133
04/22/2003,ARA,LA,ASW,CE,Federal Contract Tower,0,2,6,16,24,0,50,35,0,85,0,52,41,16,109,128,0,128,237
04/23/2003,ARA,LA,ASW,CE,Federal Contract Tower,0,5,3,28,36,0,51,20,0,71,0,56,23,28,107,86,20,106,213
04/24/2003,ARA,LA,ASW,CE,Federal Contract Tower,0,0,0,11,11,0,67,4,1,72,0,67,4,12,83,148,0,148,231
04/25/2003,ARA,LA,ASW,CE,Federal Contract Tower,0,4,13,37,54,0,25,17,13,55,0,29,30,50,109,122,16,138,247
04/26/2003,ARA,LA,ASW,CE,Federal Contract Tower,0,0,3,8,11,0,30,9,6,45,0,30,12,14,56,132,32,164,220
04/27/2003,ARA,LA,ASW,CE,Federal Contract Tower,0,6,2,17,25,0,23,41,1,65,0,29,43,18,90,234,7,241,331
04/28/2003,ARA,LA,ASW,CE,Federal Contract Tower,0,2,2,17,21,0,36,30,4,70,0,38,32,21,91,112,28,140,231
04/29/2003,ARA,LA,ASW,CE,Federal Contract Tower,0,1,4,16,21,0,43,27,10,80,0,44,31,26,101,26,6,32,133
04/30/2003,ARA,LA,ASW,CE,Federal Contract Tower,0,0,8,28,36,0,35,30,8,73,0,35,38,36,109,4,20,24,133
05/01/2003,ARA,LA,ASW,CE,Federal Contract Tower,0,2,1,23,26,0,73,25,11,109,0,75,26,34,135,208,94,302,437
05/02/2003,ARA,LA,ASW,CE,Federal Contract Tower,0,0,8,8,16,0,61,12,1,74,0,61,20,9,90,128,0,128,218
05/03/2003,ARA,LA,ASW,CE,Federal Contract Tower,0,5,1,7,13,0,34,13,7,54,0,39,14,14,67,212,22,234,301
05/04/2003,ARA,LA,ASW,CE,Federal Contract Tower,0,0,4,21,25,0,31,3,3,37,0,31,7,24,62,156,16,172,234
05/05/2003,ARA,LA,ASW,CE,Federal Contract Tower,0,0,12,4,16,0,33,9,0,42,0,33,21,4,58,70,0,70,128
05/06/2003,ARA,LA,ASW,CE,Federal Contract Tower,0,0,8,18,26,0,49,17,0,66,0,49,25,18,92,166,2,168,260
05/07/2003,ARA,LA,ASW,CE,Federal Contract Tower,0,0,2,16,18,0,45,11,4,60,0,45,13,20,78,116,0,116,194
05/08/2003,ARA,LA,ASW,CE,Federal Contract Tower,0,0,14,8,22,0,52,10,6,68,0,52,24,14,90,128,0,128,218
05/09/2003,ARA,LA,ASW,CE,Federal Contract Tower,0,1,6,16,23,0,39,21,5,65,0,40,27,21,88,30,18,48,136
05/10/2003,ARA,LA,ASW,CE,Federal Contract Tower,0,0,2,12,14,0,39,3,4,46,0,39,5,16,60,220,2,222,282
05/11/2003,ARA,LA,ASW,CE,Federal Contract Tower,0,0,3,0,3,0,26,22,0,48,0,26,25,0,51,92,0,92,143
05/12/2003,ARA,LA,ASW,CE,Federal Contract Tower,0,0,6,12,18,0,25,26,14,65,0,25,32,26,83,42,6,48,131
05/13/2003,ARA,LA,ASW,CE,Federal Contract Tower,0,0,7,11,18,0,67,25,6,98,0,67,32,17,116,150,16,166,282
05/14/2003,ARA,LA,ASW,CE,Federal Contract Tower,0,0,8,19,27,0,28,25,11,64,0,28,33,30,91,2,56,58,149
05/15/2003,ARA,LA,ASW,CE,Federal Contract Tower,0,0,4,9,13,0,48,33,2,83,0,48,37,11,96,96,2,98,194
05/16/2003,ARA,LA,ASW,CE,Federal Contract Tower,0,1,4,22,27,0,43,15,3,61,0,44,19,25,88,50,14,64,152
05/17/2003,ARA,LA,ASW,CE,Federal Contract Tower,0,0,5,2,7,0,43,2,0,45,0,43,7,2,52,44,2,46,98
05/18/2003,ARA,LA,ASW,CE,Federal Contract Tower,0,0,0,2,2,0,31,26,2,59,0,31,26,4,61,60,0,60,121
05/19/2003,ARA,LA,ASW,CE,Federal Contract Tower,0,3,6,22,31,0,42,15,2,59,0,45,21,24,90,120,26,146,236
05/20/2003,ARA,LA,ASW,CE,Federal Contract Tower,0,0,16,35,51,0,36,39,13,88,0,36,55,48,139,70,4,74,213
05/21/2003,ARA,LA,ASW,CE,Federal Contract Tower,0,7,8,10,25,0,57,39,8,104,0,64,47,18,129,90,2,92,221
05/22/2003,ARA,LA,ASW,CE,Federal Contract Tower,0,0,11,32,43,0,62,21,8,91,0,62,32,40,134,140,40,180,314
05/23/2003,ARA,LA,ASW,CE,Federal Contract Tower,0,0,4,21,25,0,44,35,3,82,0,44,39,24,107,116,14,130,237
05/24/2003,ARA,LA,ASW,CE,Federal Contract Tower,0,4,5,0,9,0,41,23,0,64,0,45,28,0,73,196,0,196,269
05/25/2003,ARA,LA,ASW,CE,Federal Contract Tower,0,0,2,5,7,0,32,23,4,59,0,32,25,9,66,98,6,104,170
05/26/2003,ARA,LA,ASW,CE,Federal Contract Tower,0,0,6,0,6,0,21,1,0,22,0,21,7,0,28,54,0,54,82
05/27/2003,ARA,LA,ASW,CE,Federal Contract Tower,0,0,1,10,11,0,31,10,4,45,0,31,11,14,56,32,4,36,92
05/28/2003,ARA,LA,ASW,CE,Federal Contract Tower,0,4,8,24,36,0,45,48,2,95,0,49,56,26,131,74,28,102,233
05/29/2003,ARA,LA,ASW,CE,Federal Contract Tower,0,5,8,6,19,0,61,22,4,87,0,66,30,10,106,104,0,104,210
05/30/2003,ARA,LA,ASW,CE,Federal Contract Tower,0,0,1,24,25,0,47,29,4,80,0,47,30,28,105,90,14,104,209
05/31/2003,ARA,LA,ASW,CE,Federal Contract Tower,0,0,0,7,7,0,21,30,5,56,0,21,30,12,63,114,0,114,177
06/01/2003,ARA,LA,ASW,CE,Federal Contract Tower,0,1,2,2,5,0,30,30,2,62,0,31,32,4,67,134,0,134,201
06/02/2003,ARA,LA,ASW,CE,Federal Contract Tower,0,4,5,2,11,0,43,10,1,54,0,47,15,3,65,138,0,138,203
06/03/2003,ARA,LA,ASW,CE,Federal Contract Tower,0,7,4,15,26,0,56,15,3,74,0,63,19,18,100,174,28,202,302
06/04/2003,ARA,LA,ASW,CE,Federal Contract Tower,0,4,23,2,29,0,42,15,1,58,0,46,38,3,87,134,0,134,221
06/05/2003,ARA,LA,ASW,CE,Federal Contract Tower,0,2,2,4,8,0,64,22,0,86,0,66,24,4,94,124,20,144,238
06/06/2003,ARA,LA,ASW,CE,Federal Contract Tower,0,0,5,0,5,0,37,19,9,65,0,37,24,9,70,0,0,0,70
06/07/2003,ARA,LA,ASW,CE,Federal Contract Tower,0,31,25,14,70,0,0,0,6,6,0,31,25,20,76,134,14,148,224
06/08/2003,ARA,LA,ASW,CE,Federal Contract Tower,0,0,2,10,12,0,64,40,0,104,0,64,42,10,116,262,12,274,390
06/09/2003,ARA,LA,ASW,CE,Federal Contract Tower,0,0,3,24,27,0,41,16,6,63,0,41,19,30,90,194,32,226,316
06/10/2003,ARA,LA,ASW,CE,Federal Contract Tower,0,7,9,20,36,0,69,28,6,103,0,76,37,26,139,176,6,182,321
06/11/2003,ARA,LA,ASW,CE,Federal Contract Tower,0,4,10,2,16,0,52,10,0,62,0,56,20,2,78,72,0,72,150
06/12/2003,ARA,LA,ASW,CE,Federal Contract Tower,0,4,6,5,15,0,56,15,1,72,0,60,21,6,87,58,0,58,145
06/13/2003,ARA,LA,ASW,CE,Federal Contract Tower,0,0,4,25,29,0,60,18,3,81,0,60,22,28,110,84,24,108,218
06/14/2003,ARA,LA,ASW,CE,Federal Contract Tower,0,7,0,6,13,0,38,8,0,46,0,45,8,6,59,122,22,144,203
06/15/2003,ARA,LA,ASW,CE,Federal Contract Tower,0,8,2,0,10,0,19,1,0,20,0,27,3,0,30,54,0,54,84
06/16/2003,ARA,LA,ASW,CE,Federal Contract Tower,0,0,4,8,12,0,16,17,0,33,0,16,21,8,45,8,0,8,53
06/17/2003,ARA,LA,ASW,CE,Federal Contract Tower,0,3,7,0,10,0,49,14,0,63,0,52,21,0,73,98,0,98,171
06/18/2003,ARA,LA,ASW,CE,Federal Contract Tower,0,4,1,33,38,0,74,21,25,120,0,78,22,58,158,254,24,278,436
06/19/2003,ARA,LA,ASW,CE,Federal Contract Tower,0,3,0,4,7,0,55,23,2,80,0,58,23,6,87,134,0,134,221
06/20/2003,ARA,LA,ASW,CE,Federal Contract Tower,0,3,12,9,24,0,41,18,8,67,0,44,30,17,91,132,16,148,239
06/21/2003,ARA,LA,ASW,CE,Federal Contract Tower,0,8,0,0,8,0,47,10,4,61,0,55,10,4,69,272,0,272,341
06/22/2003,ARA,LA,ASW,CE,Federal Contract Tower,0,4,4,8,16,0,27,15,2,44,0,31,19,10,60,160,0,160,220
06/23/2003,ARA,LA,ASW,CE,Federal Contract Tower,0,0,4,6,10,0,71,18,2,91,0,71,22,8,101,232,0,232,333
06/24/2003,ARA,LA,ASW,CE,Federal Contract Tower,0,9,3,8,20,0,46,21,0,67,0,55,24,8,87,64,2,66,153
06/25/2003,ARA,LA,ASW,CE,Federal Contract Tower,0,0,4,4,8,0,36,12,6,54,0,36,16,10,62,174,6,180,242
06/26/2003,ARA,LA,ASW,CE,Federal Contract Tower,0,0,8,12,20,0,35,30,2,67,0,35,38,14,87,72,14,86,173
06/27/2003,ARA,LA,ASW,CE,Federal Contract Tower,0,5,1,3,9,0,12,26,0,38,0,17,27,3,47,116,2,118,165
06/28/2003,ARA,LA,ASW,CE,Federal Contract Tower,0,10,5,0,15,0,52,126,2,180,0,62,131,2,195,68,0,68,263
06/29/2003,ARA,LA,ASW,CE,Federal Contract Tower,0,0,1,9,10,0,37,21,0,58,0,37,22,9,68,70,0,70,138
06/30/2003,ARA,LA,ASW,CE,Federal Contract Tower,0,0,2,3,5,0,21,0,0,21,0,21,2,3,26,12,0,12,38
07/01/2003,ARA,LA,ASW,CE,Federal Contract Tower,0,0,7,22,29,0,56,11,4,71,0,56,18,26,100,232,26,258,358
07/02/2003,ARA,LA,ASW,CE,Federal Contract Tower,0,3,2,13,18,0,70,12,0,82,0,73,14,13,100,88,12,100,200
07/03/2003,ARA,LA,ASW,CE,Federal Contract Tower,0,0,0,2,2,0,45,6,0,51,0,45,6,2,53,108,0,108,161
07/04/2003,ARA,LA,ASW,CE,Federal Contract Tower,0,0,4,0,4,0,26,8,2,36,0,26,12,2,40,22,0,22,62
07/05/2003,ARA,LA,ASW,CE,Federal Contract Tower,0,0,1,0,1,0,12,19,0,31,0,12,20,0,32,12,0,12,44
07/06/2003,ARA,LA,ASW,CE,Federal Contract Tower,0,4,6,2,12,0,43,19,0,62,0,47,25,2,74,90,0,90,164
07/07/2003,ARA,LA,ASW,CE,Federal Contract Tower,0,4,2,4,10,0,37,15,0,52,0,41,17,4,62,66,10,76,138
07/08/2003,ARA,LA,ASW,CE,Federal Contract Tower,0,0,10,4,14,0,86,26,0,112,0,86,36,4,126,190,0,190,316
07/09/2003,ARA,LA,ASW,CE,Federal Contract Tower,0,2,13,4,19,0,44,12,4,60,0,46,25,8,79,94,0,94,173
07/10/2003,ARA,LA,ASW,CE,Federal Contract Tower,0,3,16,10,29,0,102,29,8,139,0,105,45,18,168,240,50,290,458
07/11/2003,ARA,LA,ASW,CE,Federal Contract Tower,0,0,0,3,3,0,45,10,3,58,0,45,10,6,61,32,4,36,97
07/12/2003,ARA,LA,ASW,CE,Federal Contract Tower,0,4,0,4,8,0,36,39,2,77,0,40,39,6,85,178,2,180,265
07/13/2003,ARA,LA,ASW,CE,Federal Contract Tower,0,0,13,16,29,0,29,18,5,52,0,29,31,21,81,162,32,194,275
07/14/2003,ARA,LA,ASW,CE,Federal Contract Tower,0,1,2,13,16,0,19,13,1,33,0,20,15,14,49,86,4,90,139
07/15/2003,ARA,LA,ASW,CE,Federal Contract Tower,0,3,1,5,9,0,29,21,5,55,0,32,22,10,64,92,6,98,162
07/16/2003,ARA,LA,ASW,CE,Federal Contract Tower,0,3,4,24,31,0,53,24,0,77,0,56,28,24,108,196,18,214,322
07/17/2003,ARA,LA,ASW,CE,Federal Contract Tower,0,2,2,2,6,0,63,22,0,85,0,65,24,2,91,88,0,88,179
07/18/2003,ARA,LA,ASW,CE,Federal Contract Tower,0,3,1,14,18,0,53,23,4,80,0,56,24,18,98,160,12,172,270
07/19/2003,ARA,LA,ASW,CE,Federal Contract Tower,0,1,5,4,10,0,21,15,0,36,0,22,20,4,46,78,0,78,124
07/20/2003,ARA,LA,ASW,CE,Federal Contract Tower,0,13,2,13,28,0,33,18,1,52,0,46,20,14,80,50,0,50,130
07/21/2003,ARA,LA,ASW,CE,Federal Contract Tower,0,1,11,18,30,0,42,19,2,63,0,43,30,20,93,40,16,56,149
07/22/2003,ARA,LA,ASW,CE,Federal Contract Tower,0,0,9,10,19,0,42,20,0,62,0,42,29,10,81,160,0,160,241
07/23/2003,ARA,LA,ASW,CE,Federal Contract Tower,0,0,0,7,7,0,50,18,0,68,0,50,18,7,75,114,22,136,211
07/24/2003,ARA,LA,ASW,CE,Federal Contract Tower,0,3,4,15,22,0,57,21,10,88,0,60,25,25,110,140,2,142,252
07/25/2003,ARA,LA,ASW,CE,Federal Contract Tower,0,0,5,10,15,0,42,28,4,74,0,42,33,14,89,76,4,80,169
07/26/2003,ARA,LA,ASW,CE,Federal Contract Tower,0,0,3,3,6,0,37,51,1,89,0,37,54,4,95,132,0,132,227
07/27/2003,ARA,LA,ASW,CE,Federal Contract Tower,0,3,6,20,29,0,32,24,4,60,0,35,30,24,89,84,0,84,173
07/28/2003,ARA,LA,ASW,CE,Federal Contract Tower,0,0,1,7,8,0,34,13,1,48,0,34,14,8,56,148,0,148,204
07/29/2003,ARA,LA,ASW,CE,Federal Contract Tower,0,0,7,4,11,0,71,19,1,91,0,71,26,5,102,274,10,284,386
07/30/2003,ARA,LA,ASW,CE,Federal Contract Tower,0,0,5,9,14,0,60,12,10,82,0,60,17,19,96,184,22,206,302
07/31/2003,ARA,LA,ASW,CE,Federal Contract Tower,0,0,4,4,8,0,45,26,4,75,0,45,30,8,83,96,20,116,199
08/01/2003,ARA,LA,ASW,CE,Federal Contract Tower,0,0,0,9,9,0,58,22,3,83,0,58,22,12,92,158,28,186,278
08/02/2003,ARA,LA,ASW,CE,Federal Contract Tower,0,1,2,7,10,0,38,43,1,82,0,39,45,8,92,112,0,112,204
08/03/2003,ARA,LA,ASW,CE,Federal Contract Tower,0,3,2,6,11,0,27,16,2,45,0,30,18,8,56,174,12,186,242
08/04/2003,ARA,LA,ASW,CE,Federal Contract Tower,0,0,4,2,6,0,21,21,0,42,0,21,25,2,48,152,4,156,204
08/05/2003,ARA,LA,ASW,CE,Federal Contract Tower,0,0,5,10,15,0,43,27,2,72,0,43,32,12,87,232,20,252,339
08/06/2003,ARA,LA,ASW,CE,Federal Contract Tower,0,4,2,7,13,0,52,43,0,95,0,56,45,7,108,260,6,266,374
08/07/2003,ARA,LA,ASW,CE,Federal Contract Tower,0,0,1,4,5,0,54,22,2,78,0,54,23,6,83,144,8,152,235
08/08/2003,ARA,LA,ASW,CE,Federal Contract Tower,0,0,0,10,10,0,52,18,6,76,0,52,18,16,86,176,14,190,276
08/09/2003,ARA,LA,ASW,CE,Federal Contract Tower,0,0,1,0,1,0,27,21,2,50,0,27,22,2,51,122,0,122,173
08/10/2003,ARA,LA,ASW,CE,Federal Contract Tower,0,5,2,8,15,0,23,34,0,57,0,28,36,8,72,286,26,312,384
08/11/2003,ARA,LA,ASW,CE,Federal Contract Tower,0,3,5,14,22,0,23,13,0,36,0,26,18,14,58,140,0,140,198
08/12/2003,ARA,LA,ASW,CE,Federal Contract Tower,0,0,3,4,7,0,60,13,0,73,0,60,16,4,80,206,6,212,292
08/13/2003,ARA,LA,ASW,CE,Federal Contract Tower,0,3,6,4,13,0,35,18,4,57,0,38,24,8,70,100,2,102,172
08/14/2003,ARA,LA,ASW,CE,Federal Contract Tower,0,4,8,24,36,0,40,31,0,71,0,44,39,24,107,146,54,200,307
08/15/2003,ARA,LA,ASW,CE,Federal Contract Tower,0,0,5,16,21,0,23,10,0,33,0,23,15,16,54,74,18,92,146
08/16/2003,ARA,LA,ASW,CE,Federal Contract Tower,0,2,5,0,7,0,38,23,0,61,0,40,28,0,68,254,0,254,322
08/17/2003,ARA,LA,ASW,CE,Federal Contract Tower,0,1,1,4,6,0,48,9,0,57,0,49,10,4,63,94,2,96,159
08/18/2003,ARA,LA,ASW,CE,Federal Contract Tower,0,0,2,4,6,0,30,21,0,51,0,30,23,4,57,30,2,32,89
08/19/2003,ARA,LA,ASW,CE,Federal Contract Tower,0,0,3,51,54,0,47,17,4,68,0,47,20,55,122,180,50,230,352
08/20/2003,ARA,LA,ASW,CE,Federal Contract Tower,0,0,9,8,17,0,63,22,9,94,0,63,31,17,111,210,10,220,331
08/21/2003,ARA,LA,ASW,CE,Federal Contract Tower,0,0,5,12,17,0,93,23,3,119,0,93,28,15,136,217,22,239,375
08/22/2003,ARA,LA,ASW,CE,Federal Contract Tower,0,0,3,22,25,0,57,12,1,70,0,57,15,23,95,286,16,302,397
08/23/2003,ARA,LA,ASW,CE,Federal Contract Tower,0,3,2,21,26,0,57,21,0,78,0,60,23,21,104,168,52,220,324
08/24/2003,ARA,LA,ASW,CE,Federal Contract Tower,0,0,3,6,9,0,34,11,0,45,0,34,14,6,54,178,2,180,234
08/25/2003,ARA,LA,ASW,CE,Federal Contract Tower,0,0,3,19,22,0,52,18,5,75,0,52,21,24,97,170,2,172,269
08/26/2003,ARA,LA,ASW,CE,Federal Contract Tower,0,0,10,12,22,0,34,13,4,51,0,34,23,16,73,42,10,52,125
08/27/2003,ARA,LA,ASW,CE,Federal Contract Tower,0,0,8,14,22,0,42,23,6,71,0,42,31,20,93,72,0,72,165
08/28/2003,ARA,LA,ASW,CE,Federal Contract Tower,0,0,1,1,2,0,66,18,3,87,0,66,19,4,89,41,0,41,130
08/29/2003,ARA,LA,ASW,CE,Federal Contract Tower,0,0,0,10,10,0,56,10,6,72,0,56,10,16,82,160,2,162,244
08/30/2003,ARA,LA,ASW,CE,Federal Contract Tower,0,0,1,0,1,0,16,0,0,16,0,16,1,0,17,30,0,30,47
08/31/2003,ARA,LA,ASW,CE,Federal Contract Tower,0,0,1,0,1,0,63,29,0,92,0,63,30,0,93,154,0,154,247
09/01/2003,ARA,LA,ASW,CE,Federal Contract Tower,0,1,4,0,5,0,38,10,0,48,0,39,14,0,53,60,0,60,113
09/02/2003,ARA,LA,ASW,CE,Federal Contract Tower,0,6,4,6,16,0,48,8,1,57,0,54,12,7,73,217,6,223,296
09/03/2003,ARA,LA,ASW,CE,Federal Contract Tower,0,0,1,24,25,0,47,29,3,79,0,47,30,27,104,180,12,192,296
09/04/2003,ARA,LA,ASW,CE,Federal Contract Tower,0,0,3,12,15,0,61,12,2,75,0,61,15,14,90,46,10,56,146
09/05/2003,ARA,LA,ASW,CE,Federal Contract Tower,0,1,7,9,17,0,27,7,7,41,0,28,14,16,58,48,24,72,130
09/06/2003,ARA,LA,ASW,CE,Federal Contract Tower,0,2,5,20,27,0,32,28,4,64,0,34,33,24,91,178,34,212,303
09/07/2003,ARA,LA,ASW,CE,Federal Contract Tower,0,7,4,2,13,0,58,17,2,77,0,65,21,4,90,226,0,226,316
09/08/2003,ARA,LA,ASW,CE,Federal Contract Tower,0,0,4,28,32,0,38,25,4,67,0,38,29,32,99,58,4,62,161
09/09/2003,ARA,LA,ASW,CE,Federal Contract Tower,0,0,4,5,9,0,32,27,1,60,0,32,31,6,69,128,16,144,213
09/10/2003,ARA,LA,ASW,CE,Federal Contract Tower,0,3,0,12,15,0,39,16,7,62,0,42,16,19,77,24,0,24,101
09/11/2003,ARA,LA,ASW,CE,Federal Contract Tower,0,0,2,8,10,0,35,20,1,56,0,35,22,9,66,77,0,77,143
09/12/2003,ARA,LA,ASW,CE,Federal Contract Tower,0,0,7,2,9,0,32,23,1,56,0,32,30,3,65,112,0,112,177
09/13/2003,ARA,LA,ASW,CE,Federal Contract Tower,0,3,1,0,4,0,39,9,2,50,0,42,10,2,54,196,0,196,250
09/14/2003,ARA,LA,ASW,CE,Federal Contract Tower,0,5,2,6,13,0,37,22,0,59,0,42,24,6,72,146,2,148,220
09/15/2003,ARA,LA,ASW,CE,Federal Contract Tower,0,0,3,12,15,0,61,21,4,86,0,61,24,16,101,132,2,134,235
09/16/2003,ARA,LA,ASW,CE,Federal Contract Tower,0,0,5,12,17,0,72,20,6,98,0,72,25,18,115,127,4,131,246
09/17/2003,ARA,LA,ASW,CE,Federal Contract Tower,0,1,4,23,28,0,64,20,12,96,0,65,24,35,124,50,4,54,178
09/18/2003,ARA,LA,ASW,CE,Federal Contract Tower,0,0,5,11,16,0,84,28,4,116,0,84,33,15,132,301,6,307,439
09/19/2003,ARA,LA,ASW,CE,Federal Contract Tower,0,0,0,29,29,0,35,21,4,60,0,35,21,33,89,56,10,66,155
09/20/2003,ARA,LA,ASW,CE,Federal Contract Tower,0,7,4,0,11,0,32,13,0,45,0,39,17,0,56,160,0,160,216
09/21/2003,ARA,LA,ASW,CE,Federal Contract Tower,0,19,1,0,20,0,16,0,0,16,0,35,1,0,36,60,0,60,96
09/22/2003,ARA,LA,ASW,CE,Federal Contract Tower,0,1,5,22,28,0,45,12,0,57,0,46,17,22,85,300,0,300,385
09/23/2003,ARA,LA,ASW,CE,Federal Contract Tower,0,5,8,27,40,0,47,18,7,72,0,52,26,34,112,206,20,226,338
09/24/2003,ARA,LA,ASW,CE,Federal Contract Tower,0,0,6,13,19,0,56,17,8,81,0,56,23,21,100,178,16,194,294
09/25/2003,ARA,LA,ASW,CE,Federal Contract Tower,0,1,10,18,29,0,50,62,5,117,0,51,72,23,146,262,8,270,416
09/26/2003,ARA,LA,ASW,CE,Federal Contract Tower,0,3,2,9,14,0,35,36,1,72,0,38,38,10,86,134,0,134,220
09/27/2003,ARA,LA,ASW,CE,Federal Contract Tower,0,0,0,0,0,0,20,14,0,34,0,20,14,0,34,16,0,16,50
09/28/2003,ARA,LA,ASW,CE,Federal Contract Tower,0,12,6,9,27,0,40,18,3,61,0,52,24,12,88,140,0,140,228
09/29/2003,ARA,LA,ASW,CE,Federal Contract Tower,0,0,2,8,10,0,40,10,2,52,0,40,12,10,62,302,6,308,370
09/30/2003,ARA,LA,ASW,CE,Federal Contract Tower,0,0,2,2,4,0,0,23,2,25,0,0,25,4,29,108,0,108,137
10/01/2003,ARA,LA,ASW,CE,Federal Contract Tower,0,0,8,23,31,0,49,22,11,82,0,49,30,34,113,216,10,226,339
10/02/2003,ARA,LA,ASW,CE,Federal Contract Tower,0,0,7,18,25,0,66,27,2,95,0,66,34,20,120,216,10,226,346
10/03/2003,ARA,LA,ASW,CE,Federal Contract Tower,0,4,4,20,28,0,52,14,13,79,0,56,18,33,107,220,58,278,385
10/04/2003,ARA,LA,ASW,CE,Federal Contract Tower,0,0,4,5,9,0,54,19,0,73,0,54,23,5,82,146,0,146,228
10/05/2003,ARA,LA,ASW,CE,Federal Contract Tower,0,4,0,0,4,0,23,12,2,37,0,27,12,2,41,72,0,72,113
10/06/2003,ARA,LA,ASW,CE,Federal Contract Tower,0,1,3,8,12,0,47,11,1,59,0,48,14,9,71,132,0,132,203
10/07/2003,ARA,LA,ASW,CE,Federal Contract Tower,0,5,2,17,24,0,51,7,6,64,0,56,9,23,88,194,24,218,306
10/08/2003,ARA,LA,ASW,CE,Federal Contract Tower,0,0,13,18,31,0,26,10,2,38,0,26,23,20,69,198,22,220,289
10/09/2003,ARA,LA,ASW,CE,Federal Contract Tower,0,4,4,0,8,0,31,3,0,34,0,35,7,0,42,174,0,174,216
10/10/2003,ARA,LA,ASW,CE,Federal Contract Tower,0,0,7,11,18,0,7,3,0,10,0,7,10,11,28,36,0,36,64
10/11/2003,ARA,LA,ASW,CE,Federal Contract Tower,0,3,4,0,7,0,36,7,0,43,0,39,11,0,50,162,0,162,212
10/12/2003,ARA,LA,ASW,CE,Federal Contract Tower,0,9,4,3,16,0,35,21,1,57,0,44,25,4,73,102,0,102,175
10/13/2003,ARA,LA,ASW,CE,Federal Contract Tower,0,0,4,1,5,0,27,17,1,45,0,27,21,2,50,98,0,98,148
10/14/2003,ARA,LA,ASW,CE,Federal Contract Tower,0,0,9,5,14,0,65,12,2,79,0,65,21,7,93,176,0,176,269
10/15/2003,ARA,LA,ASW,CE,Federal Contract Tower,0,2,5,4,11,0,26,11,2,39,0,28,16,6,50,146,0,146,196
10/16/2003,ARA,LA,ASW,CE,Federal Contract Tower,0,0,6,10,16,0,48,24,0,72,0,48,30,10,88,150,0,150,238
10/17/2003,ARA,LA,ASW,CE,Federal Contract Tower,0,0,3,5,8,0,42,12,5,59,0,42,15,10,67,70,0,70,137
10/18/2003,ARA,LA,ASW,CE,Federal Contract Tower,0,3,1,2,6,0,28,10,1,39,0,31,11,3,45,104,0,104,149
10/19/2003,ARA,LA,ASW,CE,Federal Contract Tower,0,12,3,0,15,0,14,17,2,33,0,26,20,2,48,74,0,74,122
10/20/2003,ARA,LA,ASW,CE,Federal Contract Tower,0,0,0,12,12,0,37,19,6,62,0,37,19,18,74,158,4,162,236
10/21/2003,ARA,LA,ASW,CE,Federal Contract Tower,0,1,4,19,24,0,49,24,9,82,0,50,28,28,106,170,30,200,306
10/22/2003,ARA,LA,ASW,CE,Federal Contract Tower,0,0,3,8,11,0,46,19,0,65,0,46,22,8,76,118,0,118,194
10/23/2003,ARA,LA,ASW,CE,Federal Contract Tower,0,0,7,4,11,0,74,23,3,100,0,74,30,7,111,208,0,208,319
10/24/2003,ARA,LA,ASW,CE,Federal Contract Tower,0,1,1,23,25,0,26,8,14,48,0,27,9,37,73,90,24,114,187
10/25/2003,ARA,LA,ASW,CE,Federal Contract Tower,0,0,0,4,4,0,31,4,5,40,0,31,4,9,44,160,2,162,206
10/26/2003,ARA,LA,ASW,CE,Federal Contract Tower,0,14,3,8,25,0,10,0,0,10,0,24,3,8,35,10,0,10,45
10/27/2003,ARA,LA,ASW,CE,Federal Contract Tower,0,0,5,6,11,0,19,24,2,45,0,19,29,8,56,74,0,74,130
10/28/2003,ARA,LA,ASW,CE,Federal Contract Tower,0,0,10,14,24,0,41,22,2,65,0,41,32,16,89,120,0,120,209
10/29/2003,ARA,LA,ASW,CE,Federal Contract Tower,0,2,8,8,18,0,67,39,4,110,0,69,47,12,128,88,18,106,234
10/30/2003,ARA,LA,ASW,CE,Federal Contract Tower,0,0,2,15,17,0,77,21,3,101,0,77,23,18,118,134,0,134,252
10/31/2003,ARA,LA,ASW,CE,Federal Contract Tower,0,0,1,12,13,0,40,5,1,46,0,40,6,13,59,22,54,76,135
11/01/2003,ARA,LA,ASW,CE,Federal Contract Tower,0,3,0,2,5,0,39,21,2,62,0,42,21,4,67,98,0,98,165
11/02/2003,ARA,LA,ASW,CE,Federal Contract Tower,0,8,1,0,9,0,37,11,4,52,0,45,12,4,61,100,2,102,163
11/03/2003,ARA,LA,ASW,CE,Federal Contract Tower,0,2,5,2,9,0,53,17,0,70,0,55,22,2,79,136,0,136,215
11/04/2003,ARA,LA,ASW,CE,Federal Contract Tower,0,3,7,19,29,0,78,32,13,123,0,81,39,32,152,300,8,308,460
11/05/2003,ARA,LA,ASW,CE,Federal Contract Tower,0,1,7,9,17,0,54,25,1,80,0,55,32,10,97,76,16,92,189
11/06/2003,ARA,LA,ASW,CE,Federal Contract Tower,0,0,4,5,9,0,68,16,2,86,0,68,20,7,95,158,2,160,255
11/07/2003,ARA,LA,ASW,CE,Federal Contract Tower,0,23,11,14,48,0,101,9,0,110,0,124,20,14,158,262,26,288,446
11/08/2003,ARA,LA,ASW,CE,Federal Contract Tower,0,8,0,0,8,0,58,15,0,73,0,66,15,0,81,120,0,120,201
11/09/2003,ARA,LA,ASW,CE,Federal Contract Tower,0,11,4,14,29,0,31,8,0,39,0,42,12,14,68,62,30,92,160
11/10/2003,ARA,LA,ASW,CE,Federal Contract Tower,0,1,5,10,16,0,39,25,4,68,0,40,30,14,84,106,0,106,190
11/11/2003,ARA,LA,ASW,CE,Federal Contract Tower,0,7,10,0,17,0,27,33,2,62,0,34,43,2,79,148,0,148,227
11/12/2003,ARA,LA,ASW,CE,Federal Contract Tower,0,9,5,8,22,0,35,28,2,65,0,44,33,10,87,106,6,112,199
11/13/2003,ARA,LA,ASW,CE,Federal Contract Tower,0,2,3,4,9,0,54,39,8,101,0,56,42,12,110,152,8,160,270
11/14/2003,ARA,LA,ASW,CE,Federal Contract Tower,0,3,0,25,28,0,34,10,27,71,0,37,10,52,99,108,42,150,249
11/15/2003,ARA,LA,ASW,CE,Federal Contract Tower,0,2,5,8,15,0,43,8,0,51,0,45,13,8,66,144,2,146,212
11/16/2003,ARA,LA,ASW,CE,Federal Contract Tower,0,6,3,10,19,0,68,5,13,86,0,74,8,23,105,270,0,270,375
11/17/2003,ARA,LA,ASW,CE,Federal Contract Tower,0,0,5,6,11,0,39,3,2,44,0,39,8,8,55,52,2,54,109
11/18/2003,ARA,LA,ASW,CE,Federal Contract Tower,0,0,6,2,8,0,20,5,0,25,0,20,11,2,33,42,0,42,75
11/19/2003,ARA,LA,ASW,CE,Federal Contract Tower,0,2,2,10,14,0,29,11,10,50,0,31,13,20,64,50,4,54,118
11/20/2003,ARA,LA,ASW,CE,Federal Contract Tower,0,2,5,2,9,0,32,18,2,52,0,34,23,4,61,120,0,120,181
11/21/2003,ARA,LA,ASW,CE,Federal Contract Tower,0,3,4,6,13,0,97,16,1,114,0,100,20,7,127,198,6,204,331
11/22/2003,ARA,LA,ASW,CE,Federal Contract Tower,0,9,5,0,14,0,51,15,3,69,0,60,20,3,83,138,4,142,225
11/23/2003,ARA,LA,ASW,CE,Federal Contract Tower,0,5,2,13,20,0,13,2,1,16,0,18,4,14,36,34,10,44,80
11/24/2003,ARA,LA,ASW,CE,Federal Contract Tower,0,4,2,24,30,0,23,8,18,49,0,27,10,42,79,66,34,100,179
11/25/2003,ARA,LA,ASW,CE,Federal Contract Tower,0,0,3,16,19,0,82,10,4,96,0,82,13,20,115,230,64,294,409
11/26/2003,ARA,LA,ASW,CE,Federal Contract Tower,0,1,3,2,6,0,27,4,0,31,0,28,7,2,37,96,0,96,133
11/27/2003,ARA,LA,ASW,CE,Federal Contract Tower,0,0,0,0,0,0,0,3,0,3,0,0,3,0,3,0,0,0,3
11/28/2003,ARA,LA,ASW,CE,Federal Contract Tower,0,0,0,0,0,0,18,6,0,24,0,18,6,0,24,130,0,130,154
11/29/2003,ARA,LA,ASW,CE,Federal Contract Tower,0,0,2,1,3,0,21,23,1,45,0,21,25,2,48,106,0,106,154
11/30/2003,ARA,LA,ASW,CE,Federal Contract Tower,0,0,1,2,3,0,20,17,4,41,0,20,18,6,44,136,16,152,196
12/01/2003,ARA,LA,ASW,CE,Federal Contract Tower,0,3,14,36,53,0,55,3,8,66,0,58,17,44,119,222,12,234,353
12/02/2003,ARA,LA,ASW,CE,Federal Contract Tower,0,0,6,9,15,0,35,15,3,53,0,35,21,12,68,76,12,88,156
12/03/2003,ARA,LA,ASW,CE,Federal Contract Tower,0,0,6,19,25,0,66,20,9,95,0,66,26,28,120,172,24,196,316
12/04/2003,ARA,LA,ASW,CE,Federal Contract Tower,0,27,14,13,54,0,5,0,4,9,0,32,14,17,63,60,2,62,125
12/05/2003,ARA,LA,ASW,CE,Federal Contract Tower,0,11,7,14,32,0,19,11,1,31,0,30,18,15,63,112,8,120,183
12/06/2003,ARA,LA,ASW,CE,Federal Contract Tower,0,2,18,1,21,0,28,0,2,30,0,30,18,3,51,150,0,150,201
12/07/2003,ARA,LA,ASW,CE,Federal Contract Tower,0,8,5,10,23,0,22,14,3,39,0,30,19,13,62,172,2,174,236
12/08/2003,ARA,LA,ASW,CE,Federal Contract Tower,0,7,1,24,32,0,51,9,0,60,0,58,10,24,92,180,0,180,272
12/09/2003,ARA,LA,ASW,CE,Federal Contract Tower,0,0,10,4,14,0,46,11,0,57,0,46,21,4,71,116,0,116,187
12/10/2003,ARA,LA,ASW,CE,Federal Contract Tower,0,9,1,5,15,0,29,5,7,41,0,38,6,12,56,70,2,72,128
12/11/2003,ARA,LA,ASW,CE,Federal Contract Tower,0,0,4,27,31,0,40,25,8,73,0,40,29,35,104,90,16,106,210
12/12/2003,ARA,LA,ASW,CE,Federal Contract Tower,0,0,2,52,54,0,62,20,2,84,0,62,22,54,138,156,50,206,344
12/13/2003,ARA,LA,ASW,CE,Federal Contract Tower,0,71,4,5,80,0,0,0,7,7,0,71,4,12,87,100,0,100,187
12/14/2003,ARA,LA,ASW,CE,Federal Contract Tower,0,11,2,6,19,0,16,23,4,43,0,27,25,10,62,54,0,54,116
12/15/2003,ARA,LA,ASW,CE,Federal Contract Tower,0,0,0,8,8,0,30,7,0,37,0,30,7,8,45,54,10,64,109
12/16/2003,ARA,LA,ASW,CE,Federal Contract Tower,0,0,19,18,37,0,13,4,0,17,0,13,23,18,54,4,18,22,76
12/17/2003,ARA,LA,ASW,CE,Federal Contract Tower,0,0,7,12,19,0,45,41,3,89,0,45,48,15,108,156,12,168,276
12/18/2003,ARA,LA,ASW,CE,Federal Contract Tower,0,0,1,16,17,0,60,21,12,93,0,60,22,28,110,130,16,146,256
12/19/2003,ARA,LA,ASW,CE,Federal Contract Tower,0,9,3,15,27,0,51,22,2,75,0,60,25,17,102,70,20,90,192
12/20/2003,ARA,LA,ASW,CE,Federal Contract Tower,0,0,1,0,1,0,26,47,0,73,0,26,48,0,74,40,0,40,114
12/21/2003,ARA,LA,ASW,CE,Federal Contract Tower,0,0,1,6,7,0,27,14,0,41,0,27,15,6,48,40,0,40,88
12/22/2003,ARA,LA,ASW,CE,Federal Contract Tower,0,3,2,17,22,0,30,15,7,52,0,33,17,24,74,110,26,136,210
12/23/2003,ARA,LA,ASW,CE,Federal Contract Tower,0,0,3,6,9,0,21,5,0,26,0,21,8,6,35,98,12,110,145
12/24/2003,ARA,LA,ASW,CE,Federal Contract Tower,0,0,0,0,0,0,2,15,0,17,0,2,15,0,17,32,0,32,49
12/25/2003,ARA,LA,ASW,CE,Federal Contract Tower,0,0,0,0,0,0,0,3,0,3,0,0,3,0,3,0,0,0,3
12/26/2003,ARA,LA,ASW,CE,Federal Contract Tower,0,0,2,2,4,0,6,19,0,25,0,6,21,2,29,0,0,0,29
12/27/2003,ARA,LA,ASW,CE,Federal Contract Tower,0,0,0,0,0,0,4,19,0,23,0,4,19,0,23,40,0,40,63
12/28/2003,ARA,LA,ASW,CE,Federal Contract Tower,0,1,2,0,3,0,11,8,0,19,0,12,10,0,22,40,0,40,62
12/29/2003,ARA,LA,ASW,CE,Federal Contract Tower,0,0,4,2,6,0,3,0,0,3,0,3,4,2,9,30,0,30,39
12/30/2003,ARA,LA,ASW,CE,Federal Contract Tower,0,0,3,4,7,0,35,28,3,66,0,35,31,7,73,20,2,22,95
12/31/2003,ARA,LA,ASW,CE,Federal Contract Tower,0,1,0,1,2,0,48,10,3,61,0,49,10,4,63,52,0,52,115
01/01/2004,ARA,LA,ASW,CE,Federal Contract Tower,0,0,0,0,0,0,6,10,0,16,0,6,10,0,16,0,0,0,16
01/02/2004,ARA,LA,ASW,CE,Federal Contract Tower,0,2,2,0,4,0,1,0,0,1,0,3,2,0,5,0,0,0,5
01/03/2004,ARA,LA,ASW,CE,Federal Contract Tower,0,0,3,0,3,0,14,27,0,41,0,14,30,0,44,50,0,50,94
01/04/2004,ARA,LA,ASW,CE,Federal Contract Tower,0,5,4,3,12,0,37,1,0,38,0,42,5,3,50,2,0,2,52
01/05/2004,ARA,LA,ASW,CE,Federal Contract Tower,0,2,4,0,6,0,14,7,0,21,0,16,11,0,27,46,0,46,73
01/06/2004,ARA,LA,ASW,CE,Federal Contract Tower,0,0,1,6,7,0,29,4,1,34,0,29,5,7,41,124,0,124,165
01/07/2004,ARA,LA,ASW,CE,Federal Contract Tower,0,1,3,5,9,0,28,19,1,48,0,29,22,6,57,46,0,46,103
01/08/2004,ARA,LA,ASW,CE,Federal Contract Tower,0,1,1,2,4,0,5,5,0,10,0,6,6,2,14,16,0,16,30
01/09/2004,ARA,LA,ASW,CE,Federal Contract Tower,0,1,0,42,43,0,28,7,0,35,0,29,7,42,78,80,18,98,176
01/10/2004,ARA,LA,ASW,CE,Federal Contract Tower,0,0,0,6,6,0,50,11,10,71,0,50,11,16,77,172,18,190,267
01/11/2004,ARA,LA,ASW,CE,Federal Contract Tower,0,10,2,10,22,0,55,22,2,79,0,65,24,12,101,234,4,238,339
01/12/2004,ARA,LA,ASW,CE,Federal Contract Tower,0,14,3,8,25,0,44,18,4,66,0,58,21,12,91,24,0,24,115
01/13/2004,ARA,LA,ASW,CE,Federal Contract Tower,0,3,9,10,22,0,41,27,5,73,0,44,36,15,95,90,10,100,195
01/14/2004,ARA,LA,ASW,CE,Federal Contract Tower,0,0,3,12,15,0,63,18,0,81,0,63,21,12,96,112,2,114,210
01/15/2004,ARA,LA,ASW,CE,Federal Contract Tower,0,5,3,14,22,0,21,9,2,32,0,26,12,16,54,38,2,40,94
01/16/2004,ARA,LA,ASW,CE,Federal Contract Tower,0,7,4,13,24,0,80,16,0,96,0,87,20,13,120,192,8,200,320
01/17/2004,ARA,LA,ASW,CE,Federal Contract Tower,0,0,1,0,1,0,14,0,0,14,0,14,1,0,15,50,0,50,65
01/18/2004,ARA,LA,ASW,CE,Federal Contract Tower,0,0,5,10,15,0,12,2,0,14,0,12,7,10,29,54,0,54,83
01/19/2004,ARA,LA,ASW,CE,Federal Contract Tower,0,6,2,7,15,0,42,18,1,61,0,48,20,8,76,190,0,190,266
01/20/2004,ARA,LA,ASW,CE,Federal Contract Tower,0,3,8,0,11,0,37,8,0,45,0,40,16,0,56,158,0,158,214
01/21/2004,ARA,LA,ASW,CE,Federal Contract Tower,0,0,0,36,36,0,37,24,3,64,0,37,24,39,100,46,22,68,168
01/22/2004,ARA,LA,ASW,CE,Federal Contract Tower,0,4,8,33,45,0,65,28,9,102,0,69,36,42,147,150,10,160,307
01/23/2004,ARA,LA,ASW,CE,Federal Contract Tower,0,8,4,17,29,0,42,18,9,69,0,50,22,26,98,42,16,58,156
01/24/2004,ARA,LA,ASW,CE,Federal Contract Tower,0,7,2,0,9,0,51,13,0,64,0,58,15,0,73,120,0,120,193
01/25/2004,ARA,LA,ASW,CE,Federal Contract Tower,0,0,1,20,21,0,31,11,8,50,0,31,12,28,71,108,8,116,187
01/26/2004,ARA,LA,ASW,CE,Federal Contract Tower,0,0,1,8,9,0,62,8,6,76,0,62,9,14,85,164,20,184,269
01/27/2004,ARA,LA,ASW,CE,Federal Contract Tower,0,4,2,18,24,0,28,23,5,56,0,32,25,23,80,192,0,192,272
01/28/2004,ARA,LA,ASW,CE,Federal Contract Tower,0,0,2,14,16,0,59,29,8,96,0,59,31,22,112,98,0,98,210
01/29/2004,ARA,LA,ASW,CE,Federal Contract Tower,0,1,3,15,19,0,45,9,0,54,0,46,12,15,73,88,12,100,173
01/30/2004,ARA,LA,ASW,CE,Federal Contract Tower,0,8,5,2,15,0,11,1,0,12,0,19,6,2,27,14,0,14,41
01/31/2004,ARA,LA,ASW,CE,Federal Contract Tower,0,10,7,15,32,0,56,9,17,82,0,66,16,32,114,120,22,142,256
02/01/2004,ARA,LA,ASW,CE,Federal Contract Tower,0,3,2,9,14,0,46,15,4,65,0,49,17,13,79,108,4,112,191
02/02/2004,ARA,LA,ASW,CE,Federal Contract Tower,0,3,2,0,5,0,6,12,0,18,0,9,14,0,23,34,0,34,57
02/03/2004,ARA,LA,ASW,CE,Federal Contract Tower,0,1,9,10,20,0,52,15,2,69,0,53,24,12,89,72,10,82,171
02/04/2004,ARA,LA,ASW,CE,Federal Contract Tower,0,12,2,8,22,0,64,16,1,81,0,76,18,9,103,64,0,64,167
02/05/2004,ARA,LA,ASW,CE,Federal Contract Tower,0,0,7,0,7,0,0,0,0,0,0,0,7,0,7,0,0,0,7
02/06/2004,ARA,LA,ASW,CE,Federal Contract Tower,0,28,5,40,73,0,9,10,3,22,0,37,15,43,95,160,0,160,255
02/07/2004,ARA,LA,ASW,CE,Federal Contract Tower,0,5,0,2,7,0,40,12,14,66,0,45,12,16,73,260,32,292,365
02/08/2004,ARA,LA,ASW,CE,Federal Contract Tower,0,8,3,50,61,0,75,42,14,131,0,83,45,64,192,232,30,262,454
02/09/2004,ARA,LA,ASW,CE,Federal Contract Tower,0,2,4,16,22,0,40,9,12,61,0,42,13,28,83,100,0,100,183
02/10/2004,ARA,LA,ASW,CE,Federal Contract Tower,0,0,3,2,5,0,0,0,0,0,0,0,3,2,5,0,0,0,5
02/11/2004,ARA,LA,ASW,CE,Federal Contract Tower,0,1,6,0,7,0,2,3,0,5,0,3,9,0,12,0,0,0,12
02/12/2004,ARA,LA,ASW,CE,Federal Contract Tower,0,4,11,16,31,0,28,16,3,47,0,32,27,19,78,130,12,142,220
02/13/2004,ARA,LA,ASW,CE,Federal Contract Tower,0,1,1,4,6,0,24,2,0,26,0,25,3,4,32,72,0,72,104
02/14/2004,ARA,LA,ASW,CE,Federal Contract Tower,0,18,3,0,21,0,0,1,0,1,0,18,4,0,22,72,0,72,94
02/15/2004,ARA,LA,ASW,CE,Federal Contract Tower,0,12,2,6,20,0,32,3,4,39,0,44,5,10,59,88,0,88,147
02/16/2004,ARA,LA,ASW,CE,Federal Contract Tower,0,8,1,9,18,0,45,26,5,76,0,53,27,14,94,184,14,198,292
02/17/2004,ARA,LA,ASW,CE,Federal Contract Tower,0,0,0,21,21,0,47,25,4,76,0,47,25,25,97,69,10,79,176
02/18/2004,ARA,LA,ASW,CE,Federal Contract Tower,0,0,4,17,21,0,58,28,7,93,0,58,32,24,114,150,16,166,280
02/19/2004,ARA,LA,ASW,CE,Federal Contract Tower,0,4,3,10,17,0,45,9,0,54,0,49,12,10,71,122,0,122,193
02/20/2004,ARA,LA,ASW,CE,Federal Contract Tower,0,6,3,56,65,0,39,17,9,65,0,45,20,65,130,76,20,96,226
02/21/2004,ARA,LA,ASW,CE,Federal Contract Tower,0,2,0,8,10,0,24,20,7,51,0,26,20,15,61,80,26,106,167
02/22/2004,ARA,LA,ASW,CE,Federal Contract Tower,0,0,0,9,9,0,8,26,14,48,0,8,26,23,57,60,12,72,129
02/23/2004,ARA,LA,ASW,CE,Federal Contract Tower,0,0,1,0,1,0,0,0,0,0,0,0,1,0,1,0,0,0,1
02/24/2004,ARA,LA,ASW,CE,Federal Contract Tower,0,0,2,1,3,0,0,0,0,0,0,0,2,1,3,0,0,0,3
02/25/2004,ARA,LA,ASW,CE,Federal Contract Tower,0,11,6,4,21,0,37,0,0,37,0,48,6,4,58,98,0,98,156
02/26/2004,ARA,LA,ASW,CE,Federal Contract Tower,0,33,5,36,74,0,13,12,5,30,0,46,17,41,104,51,0,51,155
02/27/2004,ARA,LA,ASW,CE,Federal Contract Tower,0,1,5,24,30,0,59,45,8,112,0,60,50,32,142,200,10,210,352
02/28/2004,ARA,LA,ASW,CE,Federal Contract Tower,0,5,3,2,10,0,35,31,3,69,0,40,34,5,79,80,10,90,169
02/29/2004,ARA,LA,ASW,CE,Federal Contract Tower,0,2,4,5,11,0,19,7,2,28,0,21,11,7,39,24,0,24,63
03/01/2004,ARA,LA,ASW,CE,Federal Contract Tower,0,1,9,16,26,0,21,16,6,43,0,22,25,22,69,58,6,64,133
03/02/2004,ARA,LA,ASW,CE,Federal Contract Tower,0,0,0,24,24,0,44,17,3,64,0,44,17,27,88,104,10,114,202
03/03/2004,ARA,LA,ASW,CE,Federal Contract Tower,0,3,5,12,20,0,61,24,5,90,0,64,29,17,110,228,6,234,344
03/04/2004,ARA,LA,ASW,CE,Federal Contract Tower,0,2,1,12,15,0,39,10,3,52,0,41,11,15,67,68,0,68,135
03/05/2004,ARA,LA,ASW,CE,Federal Contract Tower,0,7,2,13,22,0,31,2,0,33,0,38,4,13,55,88,0,88,143
03/06/2004,ARA,LA,ASW,CE,Federal Contract Tower,0,3,4,0,7,0,51,24,4,79,0,54,28,4,86,172,4,176,262
03/07/2004,ARA,LA,ASW,CE,Federal Contract Tower,0,5,0,6,11,0,28,39,4,71,0,33,39,10,82,96,0,96,178
03/08/2004,ARA,LA,ASW,CE,Federal Contract Tower,0,2,4,20,26,0,33,19,7,59,0,35,23,27,85,42,14,56,141
03/09/2004,ARA,LA,ASW,CE,Federal Contract Tower,0,7,5,28,40,0,55,26,14,95,0,62,31,42,135,80,0,80,215
03/10/2004,ARA,LA,ASW,CE,Federal Contract Tower,0,0,5,19,24,0,67,7,17,91,0,67,12,36,115,162,44,206,321
03/11/2004,ARA,LA,ASW,CE,Federal Contract Tower,0,0,4,23,27,0,31,33,2,66,0,31,37,25,93,80,30,110,203
03/12/2004,ARA,LA,ASW,CE,Federal Contract Tower,0,9,7,36,52,0,82,18,12,112,0,91,25,48,164,172,54,226,390
03/13/2004,ARA,LA,ASW,CE,Federal Contract Tower,0,9,0,2,11,0,165,80,2,247,0,174,80,4,258,344,2,346,604
03/14/2004,ARA,LA,ASW,CE,Federal Contract Tower,0,3,6,2,11,0,45,13,0,58,0,48,19,2,69,110,0,110,179
03/15/2004,ARA,LA,ASW,CE,Federal Contract Tower,0,5,5,13,23,0,7,5,0,12,0,12,10,13,35,18,0,18,53
03/16/2004,ARA,LA,ASW,CE,Federal Contract Tower,0,0,5,26,31,0,35,23,6,64,0,35,28,32,95,66,36,102,197
03/17/2004,ARA,LA,ASW,CE,Federal Contract Tower,0,2,12,8,22,0,37,26,4,67,0,39,38,12,89,36,20,56,145
03/18/2004,ARA,LA,ASW,CE,Federal Contract Tower,0,0,4,15,19,0,37,12,4,53,0,37,16,19,72,134,2,136,208
03/19/2004,ARA,LA,ASW,CE,Federal Contract Tower,0,2,6,43,51,0,32,21,10,63,0,34,27,53,114,128,4,132,246
03/20/2004,ARA,LA,ASW,CE,Federal Contract Tower,0,2,1,0,3,0,90,79,2,171,0,92,80,2,174,254,4,258,432
03/21/2004,ARA,LA,ASW,CE,Federal Contract Tower,0,4,0,3,7,0,88,13,3,104,0,92,13,6,111,356,0,356,467
03/22/2004,ARA,LA,ASW,CE,Federal Contract Tower,0,4,5,9,18,0,118,54,4,176,0,122,59,13,194,316,8,324,518
03/23/2004,ARA,LA,ASW,CE,Federal Contract Tower,0,0,4,17,21,0,47,17,3,67,0,47,21,20,88,104,50,154,242
03/24/2004,ARA,LA,ASW,CE,Federal Contract Tower,0,0,1,34,35,0,40,23,8,71,0,40,24,42,106,92,30,122,228
03/25/2004,ARA,LA,ASW,CE,Federal Contract Tower,0,5,14,17,36,0,31,16,4,51,0,36,30,21,87,116,20,136,223
03/26/2004,ARA,LA,ASW,CE,Federal Contract Tower,0,0,7,32,39,0,60,53,16,129,0,60,60,48,168,140,6,146,314
03/27/2004,ARA,LA,ASW,CE,Federal Contract Tower,0,5,0,2,7,0,45,13,13,71,0,50,13,15,78,170,20,190,268
03/28/2004,ARA,LA,ASW,CE,Federal Contract Tower,0,2,3,13,18,0,91,20,7,118,0,93,23,20,136,256,24,280,416
03/29/2004,ARA,LA,ASW,CE,Federal Contract Tower,0,0,6,5,11,0,24,0,0,24,0,24,6,5,35,62,0,62,97
03/30/2004,ARA,LA,ASW,CE,Federal Contract Tower,0,0,20,13,33,0,41,16,7,64,0,41,36,20,97,18,0,18,115
03/31/2004,ARA,LA,ASW,CE,Federal Contract Tower,0,0,5,30,35,0,27,31,6,64,0,27,36,36,99,38,2,40,139
04/01/2004,ARA,LA,ASW,CE,Federal Contract Tower,0,0,5,15,20,0,34,10,7,51,0,34,15,22,71,50,12,62,133
04/02/2004,ARA,LA,ASW,CE,Federal Contract Tower,0,0,5,30,35,0,60,4,3,67,0,60,9,33,102,170,20,190,292
04/03/2004,ARA,LA,ASW,CE,Federal Contract Tower,0,0,1,3,4,0,93,39,4,136,0,93,40,7,140,194,10,204,344
04/04/2004,ARA,LA,ASW,CE,Federal Contract Tower,0,4,2,7,13,0,42,37,0,79,0,46,39,7,92,122,0,122,214
04/05/2004,ARA,LA,ASW,CE,Federal Contract Tower,0,0,7,9,16,0,61,56,14,131,0,61,63,23,147,56,32,88,235
04/06/2004,ARA,LA,ASW,CE,Federal Contract Tower,0,0,4,10,14,0,76,36,10,122,0,76,40,20,136,217,10,227,363
04/07/2004,ARA,LA,ASW,CE,Federal Contract Tower,0,0,6,24,30,0,0,17,0,17,0,0,23,24,47,138,6,144,191
04/08/2004,ARA,LA,ASW,CE,Federal Contract Tower,0,0,7,6,13,0,16,37,6,59,0,16,44,12,72,110,16,126,198
04/09/2004,ARA,LA,ASW,CE,Federal Contract Tower,0,1,3,14,18,0,59,30,2,91,0,60,33,16,109,206,4,210,319
04/10/2004,ARA,LA,ASW,CE,Federal Contract Tower,0,2,3,2,7,0,48,25,0,73,0,50,28,2,80,170,0,170,250
04/11/2004,ARA,LA,ASW,CE,Federal Contract Tower,0,2,1,0,3,0,16,4,0,20,0,18,5,0,23,70,0,70,93
04/12/2004,ARA,LA,ASW,CE,Federal Contract Tower,0,2,5,4,11,0,24,2,0,26,0,26,7,4,37,58,0,58,95
04/13/2004,ARA,LA,ASW,CE,Federal Contract Tower,0,0,5,12,17,0,75,27,5,107,0,75,32,17,124,304,12,316,440
04/14/2004,ARA,LA,ASW,CE,Federal Contract Tower,0,0,2,18,20,0,77,43,7,127,0,77,45,25,147,188,8,196,343
04/15/2004,ARA,LA,ASW,CE,Federal Contract Tower,0,4,7,21,32,0,45,26,7,78,0,49,33,28,110,170,70,240,350
04/16/2004,ARA,LA,ASW,CE,Federal Contract Tower,0,8,8,30,46,0,37,22,23,82,0,45,30,53,128,176,50,226,354
04/17/2004,ARA,LA,ASW,CE,Federal Contract Tower,0,4,0,1,5,0,78,42,3,123,0,82,42,4,128,180,66,246,374
04/18/2004,ARA,LA,ASW,CE,Federal Contract Tower,0,7,1,3,11,0,32,14,1,47,0,39,15,4,58,174,0,174,232
04/19/2004,ARA,LA,ASW,CE,Federal Contract Tower,0,0,4,9,13,0,29,15,1,45,0,29,19,10,58,130,0,130,188
04/20/2004,ARA,LA,ASW,CE,Federal Contract Tower,0,0,0,28,28,0,30,15,6,51,0,30,15,34,79,55,2,57,136
04/21/2004,ARA,LA,ASW,CE,Federal Contract Tower,0,0,9,23,32,0,32,29,13,74,0,32,38,36,106,68,4,72,178
04/22/2004,ARA,LA,ASW,CE,Federal Contract Tower,0,0,4,15,19,0,61,24,16,101,0,61,28,31,120,230,38,268,388
04/23/2004,ARA,LA,ASW,CE,Federal Contract Tower,0,2,7,17,26,0,100,35,8,143,0,102,42,25,169,292,30,322,491
04/24/2004,ARA,LA,ASW,CE,Federal Contract Tower,0,2,1,0,3,0,26,13,0,39,0,28,14,0,42,74,0,74,116
04/25/2004,ARA,LA,ASW,CE,Federal Contract Tower,0,14,3,3,20,0,24,1,0,25,0,38,4,3,45,138,0,138,183
04/26/2004,ARA,LA,ASW,CE,Federal Contract Tower,0,14,9,24,47,0,17,6,5,28,0,31,15,29,75,104,4,108,183
04/27/2004,ARA,LA,ASW,CE,Federal Contract Tower,0,6,4,11,21,0,45,54,9,108,0,51,58,20,129,120,0,120,249
04/28/2004,ARA,LA,ASW,CE,Federal Contract Tower,0,0,4,8,12,0,69,9,0,78,0,69,13,8,90,250,0,250,340
04/29/2004,ARA,LA,ASW,CE,Federal Contract Tower,0,0,2,3,5,0,54,24,4,82,0,54,26,7,87,90,6,96,183
04/30/2004,ARA,LA,ASW,CE,Federal Contract Tower,0,5,4,0,9,0,16,1,0,17,0,21,5,0,26,50,0,50,76
05/01/2004,ARA,LA,ASW,CE,Federal Contract Tower,0,6,1,0,7,0,8,5,0,13,0,14,6,0,20,44,0,44,64
05/02/2004,ARA,LA,ASW,CE,Federal Contract Tower,0,1,0,2,3,0,3,11,0,14,0,4,11,2,17,30,0,30,47
05/03/2004,ARA,LA,ASW,CE,Federal Contract Tower,0,0,3,11,14,0,26,28,9,63,0,26,31,20,77,58,12,70,147
05/04/2004,ARA,LA,ASW,CE,Federal Contract Tower,0,0,6,17,23,0,52,47,5,104,0,52,53,22,127,196,0,196,323
05/05/2004,ARA,LA,ASW,CE,Federal Contract Tower,0,2,7,8,17,0,63,51,6,120,0,65,58,14,137,184,8,192,329
05/06/2004,ARA,LA,ASW,CE,Federal Contract Tower,0,3,7,25,35,0,59,15,9,83,0,62,22,34,118,40,20,60,178
05/07/2004,ARA,LA,ASW,CE,Federal Contract Tower,0,0,4,8,12,0,0,13,12,25,0,0,17,20,37,250,20,270,307
05/08/2004,ARA,LA,ASW,CE,Federal Contract Tower,0,1,0,0,1,0,67,27,4,98,0,68,27,4,99,270,8,278,377
05/09/2004,ARA,LA,ASW,CE,Federal Contract Tower,0,0,3,2,5,0,26,26,0,52,0,26,29,2,57,34,0,34,91
05/10/2004,ARA,LA,ASW,CE,Federal Contract Tower,0,0,3,10,13,0,31,24,4,59,0,31,27,14,72,14,0,14,86
05/11/2004,ARA,LA,ASW,CE,Federal Contract Tower,0,2,3,6,11,0,33,22,2,57,0,35,25,8,68,54,0,54,122
05/12/2004,ARA,LA,ASW,CE,Federal Contract Tower,0,2,4,1,7,0,16,9,1,26,0,18,13,2,33,30,0,30,63
05/13/2004,ARA,LA,ASW,CE,Federal Contract Tower,0,9,3,5,17,0,42,21,5,68,0,51,24,10,85,120,0,120,205
05/14/2004,ARA,LA,ASW,CE,Federal Contract Tower,0,0,0,8,8,0,24,7,0,31,0,24,7,8,39,76,0,76,115
05/15/2004,ARA,LA,ASW,CE,Federal Contract Tower,0,1,3,1,5,0,51,9,5,65,0,52,12,6,70,184,22,206,276
05/16/2004,ARA,LA,ASW,CE,Federal Contract Tower,0,1,4,0,5,0,31,21,2,54,0,32,25,2,59,62,0,62,121
05/17/2004,ARA,LA,ASW,CE,Federal Contract Tower,0,4,4,3,11,0,32,13,0,45,0,36,17,3,56,98,0,98,154
05/18/2004,ARA,LA,ASW,CE,Federal Contract Tower,0,1,6,2,9,0,59,3,6,68,0,60,9,8,77,112,0,112,189
05/19/2004,ARA,LA,ASW,CE,Federal Contract Tower,0,3,4,10,17,0,41,11,2,54,0,44,15,12,71,76,0,76,147
05/20/2004,ARA,LA,ASW,CE,Federal Contract Tower,0,0,13,12,25,0,52,27,8,87,0,52,40,20,112,180,36,216,328
05/21/2004,ARA,LA,ASW,CE,Federal Contract Tower,0,3,4,19,26,0,55,36,17,108,0,58,40,36,134,154,2,156,290
05/22/2004,ARA,LA,ASW,CE,Federal Contract Tower,0,0,1,1,2,0,26,18,1,45,0,26,19,2,47,130,0,130,177
05/23/2004,ARA,LA,ASW,CE,Federal Contract Tower,0,2,3,10,15,0,20,34,6,60,0,22,37,16,75,64,0,64,139
05/24/2004,ARA,LA,ASW,CE,Federal Contract Tower,0,0,0,22,22,0,37,24,9,70,0,37,24,31,92,120,6,126,218
05/25/2004,ARA,LA,ASW,CE,Federal Contract Tower,0,0,5,22,27,0,50,43,12,105,0,50,48,34,132,160,0,160,292
05/26/2004,ARA,LA,ASW,CE,Federal Contract Tower,0,3,4,12,19,0,30,12,7,49,0,33,16,19,68,72,0,72,140
05/27/2004,ARA,LA,ASW,CE,Federal Contract Tower,0,0,14,26,40,0,44,24,4,72,0,44,38,30,112,88,18,106,218
05/28/2004,ARA,LA,ASW,CE,Federal Contract Tower,0,0,2,20,22,0,33,11,4,48,0,33,13,24,70,50,4,54,124
05/29/2004,ARA,LA,ASW,CE,Federal Contract Tower,0,0,0,0,0,0,16,0,0,16,0,16,0,0,16,0,0,0,16
05/30/2004,ARA,LA,ASW,CE,Federal Contract Tower,0,0,0,0,0,0,34,0,0,34,0,34,0,0,34,74,0,74,108
05/31/2004,ARA,LA,ASW,CE,Federal Contract Tower,0,0,0,0,0,0,2,0,0,2,0,2,0,0,2,0,0,0,2
06/01/2004,ARA,LA,ASW,CE,Federal Contract Tower,0,0,0,0,0,0,18,6,0,24,0,18,6,0,24,30,0,30,54
06/02/2004,ARA,LA,ASW,CE,Federal Contract Tower,0,0,2,2,4,0,47,26,0,73,0,47,28,2,77,134,0,134,211
06/03/2004,ARA,LA,ASW,CE,Federal Contract Tower,0,0,4,9,13,0,40,36,11,87,0,40,40,20,100,20,0,20,120
06/04/2004,ARA,LA,ASW,CE,Federal Contract Tower,0,4,6,11,21,0,44,18,23,85,0,48,24,34,106,42,8,50,156
06/05/2004,ARA,LA,ASW,CE,Federal Contract Tower,0,0,2,4,6,0,28,9,8,45,0,28,11,12,51,96,0,96,147
06/06/2004,ARA,LA,ASW,CE,Federal Contract Tower,0,0,3,5,8,0,30,22,5,57,0,30,25,10,65,68,0,68,133
06/07/2004,ARA,LA,ASW,CE,Federal Contract Tower,0,0,4,8,12,0,42,11,5,58,0,42,15,13,70,52,12,64,134
06/08/2004,ARA,LA,ASW,CE,Federal Contract Tower,0,0,5,11,16,0,50,23,3,76,0,50,28,14,92,68,0,68,160
06/09/2004,ARA,LA,ASW,CE,Federal Contract Tower,0,0,2,4,6,0,44,31,0,75,0,44,33,4,81,88,0,88,169
06/10/2004,ARA,LA,ASW,CE,Federal Contract Tower,0,4,6,13,23,0,45,34,15,94,0,49,40,28,117,106,2,108,225
06/11/2004,ARA,LA,ASW,CE,Federal Contract Tower,0,0,5,10,15,4,50,23,4,81,4,50,28,14,96,116,10,126,222
06/12/2004,ARA,LA,ASW,CE,Federal Contract Tower,0,0,0,0,0,1,20,25,0,46,1,20,25,0,46,90,0,90,136
06/13/2004,ARA,LA,ASW,CE,Federal Contract Tower,0,0,4,4,8,1,27,21,0,49,1,27,25,4,57,52,0,52,109
06/14/2004,ARA,LA,ASW,CE,Federal Contract Tower,0,0,2,0,2,0,24,6,0,30,0,24,8,0,32,32,0,32,64
06/15/2004,ARA,LA,ASW,CE,Federal Contract Tower,0,7,3,7,17,0,39,31,7,77,0,46,34,14,94,116,22,138,232
06/16/2004,ARA,LA,ASW,CE,Federal Contract Tower,0,0,3,5,8,1,29,34,1,65,1,29,37,6,73,80,4,84,157
06/17/2004,ARA,LA,ASW,CE,Federal Contract Tower,0,0,3,4,7,0,54,28,0,82,0,54,31,4,89,150,0,150,239
06/18/2004,ARA,LA,ASW,CE,Federal Contract Tower,0,3,4,9,16,0,60,17,11,88,0,63,21,20,104,150,16,166,270
06/19/2004,ARA,LA,ASW,CE,Federal Contract Tower,0,0,0,0,0,0,29,38,0,67,0,29,38,0,67,104,0,104,171
06/20/2004,ARA,LA,ASW,CE,Federal Contract Tower,0,0,5,10,15,0,38,16,3,57,0,38,21,13,72,146,2,148,220
06/21/2004,ARA,LA,ASW,CE,Federal Contract Tower,0,0,4,2,6,2,32,17,0,51,2,32,21,2,57,156,0,156,213
06/22/2004,ARA,LA,ASW,CE,Federal Contract Tower,0,0,4,5,9,0,45,26,0,71,0,45,30,5,80,80,0,80,160
06/23/2004,ARA,LA,ASW,CE,Federal Contract Tower,0,0,1,4,5,1,14,37,1,53,1,14,38,5,58,122,0,122,180
06/24/2004,ARA,LA,ASW,CE,Federal Contract Tower,0,0,0,0,0,0,16,10,0,26,0,16,10,0,26,106,0,106,132
06/25/2004,ARA,LA,ASW,CE,Federal Contract Tower,0,0,0,0,0,1,3,2,0,6,1,3,2,0,6,10,0,10,16
06/26/2004,ARA,LA,ASW,CE,Federal Contract Tower,0,0,1,0,1,2,9,6,0,17,2,9,7,0,18,30,0,30,48
06/27/2004,ARA,LA,ASW,CE,Federal Contract Tower,0,0,1,2,3,0,28,9,0,37,0,28,10,2,40,158,0,158,198
06/28/2004,ARA,LA,ASW,CE,Federal Contract Tower,0,0,4,9,13,0,46,17,5,68,0,46,21,14,81,224,0,224,305
06/29/2004,ARA,LA,ASW,CE,Federal Contract Tower,0,0,4,7,11,0,37,49,2,88,0,37,53,9,99,30,2,32,131
06/30/2004,ARA,LA,ASW,CE,Federal Contract Tower,0,0,3,6,9,1,47,28,3,79,1,47,31,9,88,84,0,84,172
07/01/2004,ARA,LA,ASW,CE,Federal Contract Tower,0,1,3,8,12,0,39,24,6,69,0,40,27,14,81,126,8,134,215
07/02/2004,ARA,LA,ASW,CE,Federal Contract Tower,0,2,2,8,12,0,53,16,2,71,0,55,18,10,83,136,14,150,233
07/03/2004,ARA,LA,ASW,CE,Federal Contract Tower,0,0,0,0,0,0,54,31,0,85,0,54,31,0,85,206,0,206,291
07/04/2004,ARA,LA,ASW,CE,Federal Contract Tower,1,0,0,0,1,0,53,30,0,83,1,53,30,0,84,214,0,214,298
07/05/2004,ARA,LA,ASW,CE,Federal Contract Tower,1,0,0,2,3,1,19,18,0,38,2,19,18,2,41,146,2,148,189
07/06/2004,ARA,LA,ASW,CE,Federal Contract Tower,1,0,1,4,6,0,50,29,0,79,1,50,30,4,85,82,0,82,167
07/07/2004,ARA,LA,ASW,CE,Federal Contract Tower,0,0,2,4,6,0,41,35,0,76,0,41,37,4,82,70,0,70,152
07/08/2004,ARA,LA,ASW,CE,Federal Contract Tower,0,0,4,6,10,0,53,37,0,90,0,53,41,6,100,94,0,94,194
07/09/2004,ARA,LA,ASW,CE,Federal Contract Tower,0,0,0,0,0,0,12,25,0,37,0,12,25,0,37,30,0,30,67
07/10/2004,ARA,LA,ASW,CE,Federal Contract Tower,0,0,3,6,9,0,47,12,4,63,0,47,15,10,72,152,0,152,224
07/11/2004,ARA,LA,ASW,CE,Federal Contract Tower,0,0,2,2,4,0,24,32,0,56,0,24,34,2,60,114,0,114,174
07/12/2004,ARA,LA,ASW,CE,Federal Contract Tower,0,3,5,12,20,0,26,11,6,43,0,29,16,18,63,112,0,112,175
07/13/2004,ARA,LA,ASW,CE,Federal Contract Tower,1,2,5,9,17,0,52,49,11,112,1,54,54,20,129,106,2,108,237
07/14/2004,ARA,LA,ASW,CE,Federal Contract Tower,1,3,7,13,24,2,27,39,6,74,3,30,46,19,98,98,0,98,196
07/15/2004,ARA,LA,ASW,CE,Federal Contract Tower,0,3,7,13,23,0,27,40,13,80,0,30,47,26,103,88,24,112,215
07/16/2004,ARA,LA,ASW,CE,Federal Contract Tower,0,4,8,16,28,0,50,23,22,95,0,54,31,38,123,14,34,48,171
07/17/2004,ARA,LA,ASW,CE,Federal Contract Tower,0,0,0,1,1,0,14,26,1,41,0,14,26,2,42,118,0,118,160
07/18/2004,ARA,LA,ASW,CE,Federal Contract Tower,0,3,14,2,19,0,53,3,0,56,0,56,17,2,75,194,0,194,269
07/19/2004,ARA,LA,ASW,CE,Federal Contract Tower,0,2,4,7,13,0,32,30,9,71,0,34,34,16,84,204,6,210,294
07/20/2004,ARA,LA,ASW,CE,Federal Contract Tower,0,3,9,17,29,0,55,25,5,85,0,58,34,22,114,178,14,192,306
07/21/2004,ARA,LA,ASW,CE,Federal Contract Tower,0,0,2,4,6,0,41,29,0,70,0,41,31,4,76,36,0,36,112
07/22/2004,ARA,LA,ASW,CE,Federal Contract Tower,0,1,5,11,17,3,44,18,7,72,3,45,23,18,89,110,2,112,201
07/23/2004,ARA,LA,ASW,CE,Federal Contract Tower,0,2,9,19,30,0,29,36,13,78,0,31,45,32,108,76,10,86,194
07/24/2004,ARA,LA,ASW,CE,Federal Contract Tower,0,0,4,7,11,3,25,40,3,71,3,25,44,10,82,44,2,46,128
07/25/2004,ARA,LA,ASW,CE,Federal Contract Tower,0,0,4,8,12,0,27,14,8,49,0,27,18,16,61,116,0,116,177
07/26/2004,ARA,LA,ASW,CE,Federal Contract Tower,0,0,2,5,7,0,36,23,1,60,0,36,25,6,67,190,10,200,267
07/27/2004,ARA,LA,ASW,CE,Federal Contract Tower,0,2,7,15,24,0,40,31,5,76,0,42,38,20,100,40,0,40,140
07/28/2004,ARA,LA,ASW,CE,Federal Contract Tower,0,1,4,10,15,1,64,24,4,93,1,65,28,14,108,80,0,80,188
07/29/2004,ARA,LA,ASW,CE,Federal Contract Tower,0,2,7,14,23,0,32,30,20,82,0,34,37,34,105,44,16,60,165
07/30/2004,ARA,LA,ASW,CE,Federal Contract Tower,0,1,8,16,25,1,54,7,4,66,1,55,15,20,91,132,6,138,229
07/31/2004,ARA,LA,ASW,CE,Federal Contract Tower,0,0,1,0,1,1,36,28,0,65,1,36,29,0,66,104,0,104,170
08/01/2004,ARA,LA,ASW,CE,Federal Contract Tower,0,0,2,8,10,0,20,26,0,46,0,20,28,8,56,96,4,100,156
08/02/2004,ARA,LA,ASW,CE,Federal Contract Tower,0,0,3,9,12,0,33,21,19,73,0,33,24,28,85,44,4,48,133
08/03/2004,ARA,LA,ASW,CE,Federal Contract Tower,0,2,5,19,26,0,60,49,7,116,0,62,54,26,142,158,16,174,316
08/04/2004,ARA,LA,ASW,CE,Federal Contract Tower,0,3,8,21,32,0,46,44,10,100,0,49,52,31,132,188,12,200,332
08/05/2004,ARA,LA,ASW,CE,Federal Contract Tower,0,3,8,19,30,0,44,46,5,95,0,47,54,24,125,80,2,82,207
08/06/2004,ARA,LA,ASW,CE,Federal Contract Tower,0,3,7,19,29,0,25,35,15,75,0,28,42,34,104,68,0,68,172
08/07/2004,ARA,LA,ASW,CE,Federal Contract Tower,0,0,1,3,4,0,30,51,3,84,0,30,52,6,88,132,0,132,220
08/08/2004,ARA,LA,ASW,CE,Federal Contract Tower,0,2,4,8,14,0,48,35,0,83,0,50,39,8,97,142,2,144,241
08/09/2004,ARA,LA,ASW,CE,Federal Contract Tower,0,1,3,8,12,0,21,27,4,52,0,22,30,12,64,6,10,16,80
08/10/2004,ARA,LA,ASW,CE,Federal Contract Tower,0,3,4,11,18,0,33,26,3,62,0,36,30,14,80,88,0,88,168
08/11/2004,ARA,LA,ASW,CE,Federal Contract Tower,0,5,10,26,41,3,28,38,18,87,3,33,48,44,128,110,10,120,248
08/12/2004,ARA,LA,ASW,CE,Federal Contract Tower,0,4,12,29,45,0,43,19,0,62,0,47,31,29,107,88,8,96,203
08/13/2004,ARA,LA,ASW,CE,Federal Contract Tower,0,3,7,18,28,0,32,22,14,68,0,35,29,32,96,82,12,94,190
08/14/2004,ARA,LA,ASW,CE,Federal Contract Tower,0,2,4,10,16,0,37,30,14,81,0,39,34,24,97,156,20,176,273
08/15/2004,ARA,LA,ASW,CE,Federal Contract Tower,0,1,4,11,16,2,29,29,2,62,2,30,33,13,78,52,4,56,134
08/16/2004,ARA,LA,ASW,CE,Federal Contract Tower,0,0,3,9,12,0,32,34,13,79,0,32,37,22,91,42,10,52,143
08/17/2004,ARA,LA,ASW,CE,Federal Contract Tower,0,1,3,11,15,0,56,47,11,114,0,57,50,22,129,118,4,122,251
08/18/2004,ARA,LA,ASW,CE,Federal Contract Tower,0,1,6,14,21,0,42,50,0,92,0,43,56,14,113,78,0,78,191
08/19/2004,ARA,LA,ASW,CE,Federal Contract Tower,0,2,7,21,30,0,38,24,4,66,0,40,31,25,96,122,0,122,218
08/20/2004,ARA,LA,ASW,CE,Federal Contract Tower,0,1,6,15,22,0,48,8,7,63,0,49,14,22,85,114,2,116,201
08/21/2004,ARA,LA,ASW,CE,Federal Contract Tower,0,0,0,2,2,0,29,25,2,56,0,29,25,4,58,98,4,102,160
08/22/2004,ARA,LA,ASW,CE,Federal Contract Tower,0,0,2,7,9,0,33,17,1,51,0,33,19,8,60,120,0,120,180
08/23/2004,ARA,LA,ASW,CE,Federal Contract Tower,0,1,5,13,19,0,36,23,5,64,0,37,28,18,83,102,24,126,209
08/24/2004,ARA,LA,ASW,CE,Federal Contract Tower,0,0,3,8,11,0,42,28,0,70,0,42,31,8,81,70,4,74,155
08/25/2004,ARA,LA,ASW,CE,Federal Contract Tower,0,0,0,2,2,0,21,16,0,37,0,21,16,2,39,80,0,80,119
08/26/2004,ARA,LA,ASW,CE,Federal Contract Tower,0,0,4,10,14,3,74,42,0,119,3,74,46,10,133,210,2,212,345
08/27/2004,ARA,LA,ASW,CE,Federal Contract Tower,0,1,4,13,18,0,46,13,13,72,0,47,17,26,90,120,6,126,216
08/28/2004,ARA,LA,ASW,CE,Federal Contract Tower,0,0,2,6,8,0,21,13,0,34,0,21,15,6,42,104,0,104,146
08/29/2004,ARA,LA,ASW,CE,Federal Contract Tower,0,0,2,7,9,1,24,7,1,33,1,24,9,8,42,70,0,70,112
08/30/2004,ARA,LA,ASW,CE,Federal Contract Tower,0,1,4,11,16,0,47,21,7,75,0,48,25,18,91,192,4,196,287
08/31/2004,ARA,LA,ASW,CE,Federal Contract Tower,0,1,5,14,20,1,45,35,8,89,1,46,40,22,109,206,10,216,325
09/01/2004,ARA,LA,ASW,CE,Federal Contract Tower,0,5,8,18,31,0,40,16,4,60,0,45,24,22,91,134,22,156,247
09/02/2004,ARA,LA,ASW,CE,Federal Contract Tower,0,1,2,6,9,0,42,33,0,75,0,43,35,6,84,62,10,72,156
09/03/2004,ARA,LA,ASW,CE,Federal Contract Tower,0,0,0,1,1,0,34,21,1,56,0,34,21,2,57,70,0,70,127
09/04/2004,ARA,LA,ASW,CE,Federal Contract Tower,0,0,0,2,2,0,40,9,0,49,0,40,9,2,51,78,0,78,129
09/05/2004,ARA,LA,ASW,CE,Federal Contract Tower,0,1,2,5,8,0,60,46,1,107,0,61,48,6,115,110,0,110,225
09/06/2004,ARA,LA,ASW,CE,Federal Contract Tower,0,0,1,3,4,0,11,37,1,49,0,11,38,4,53,38,0,38,91
09/07/2004,ARA,LA,ASW,CE,Federal Contract Tower,0,7,11,24,42,0,51,29,14,94,0,58,40,38,136,120,8,128,264
09/08/2004,ARA,LA,ASW,CE,Federal Contract Tower,1,7,13,26,47,2,49,51,9,111,3,56,64,35,158,52,10,62,220
09/09/2004,ARA,LA,ASW,CE,Federal Contract Tower,1,7,12,22,42,0,31,28,1,60,1,38,40,23,102,54,14,68,170
09/10/2004,ARA,LA,ASW,CE,Federal Contract Tower,0,5,8,15,28,0,53,28,11,92,0,58,36,26,120,174,0,174,294
09/11/2004,ARA,LA,ASW,CE,Federal Contract Tower,0,2,4,6,12,0,74,16,8,98,0,76,20,14,110,204,14,218,328
09/12/2004,ARA,LA,ASW,CE,Federal Contract Tower,0,1,0,0,1,0,26,9,0,35,0,27,9,0,36,38,0,38,74
09/13/2004,ARA,LA,ASW,CE,Federal Contract Tower,0,4,7,6,17,0,33,67,0,100,0,37,74,6,117,60,10,70,187
09/14/2004,ARA,LA,ASW,CE,Federal Contract Tower,0,2,3,0,5,2,96,17,0,115,2,98,20,0,120,88,0,88,208
09/15/2004,ARA,LA,ASW,CE,Federal Contract Tower,0,2,2,4,8,1,46,10,1,58,1,48,12,5,66,144,0,144,210
09/16/2004,ARA,LA,ASW,CE,Federal Contract Tower,0,2,3,4,9,0,96,41,11,148,0,98,44,15,157,34,0,34,191
09/17/2004,ARA,LA,ASW,CE,Federal Contract Tower,0,6,10,18,34,1,50,21,14,86,1,56,31,32,120,66,0,66,186
09/18/2004,ARA,LA,ASW,CE,Federal Contract Tower,0,1,0,0,1,0,34,34,2,70,0,35,34,2,71,66,0,66,137
09/19/2004,ARA,LA,ASW,CE,Federal Contract Tower,0,6,9,16,31,0,22,7,12,41,0,28,16,28,72,78,0,78,150
09/20/2004,ARA,LA,ASW,CE,Federal Contract Tower,0,4,7,11,22,0,39,29,3,71,0,43,36,14,93,62,12,74,167
09/21/2004,ARA,LA,ASW,CE,Federal Contract Tower,0,4,6,11,21,0,52,22,15,89,0,56,28,26,110,154,48,202,312
09/22/2004,ARA,LA,ASW,CE,Federal Contract Tower,0,3,3,0,6,0,60,29,0,89,0,63,32,0,95,140,0,140,235
09/23/2004,ARA,LA,ASW,CE,Federal Contract Tower,0,1,2,2,5,0,20,4,0,24,0,21,6,2,29,6,0,6,35
09/24/2004,ARA,LA,ASW,CE,Federal Contract Tower,0,1,4,6,11,0,37,7,0,44,0,38,11,6,55,18,0,18,73
09/25/2004,ARA,LA,ASW,CE,Federal Contract Tower,0,0,1,2,3,0,20,33,0,53,0,20,34,2,56,12,0,12,68
09/26/2004,ARA,LA,ASW,CE,Federal Contract Tower,0,1,2,4,7,2,43,20,0,65,2,44,22,4,72,136,2,138,210
09/27/2004,ARA,LA,ASW,CE,Federal Contract Tower,0,4,8,15,27,0,25,39,20,84,0,29,47,35,111,48,20,68,179
09/28/2004,ARA,LA,ASW,CE,Federal Contract Tower,0,7,13,24,44,0,57,43,22,122,0,64,56,46,166,112,24,136,302
09/29/2004,ARA,LA,ASW,CE,Federal Contract Tower,0,4,8,16,28,1,64,44,2,111,1,68,52,18,139,82,2,84,223
09/30/2004,ARA,LA,ASW,CE,Federal Contract Tower,0,3,7,12,22,0,65,21,0,86,0,68,28,12,108,100,0,100,208
10/01/2004,ARA,LA,ASW,CE,Federal Contract Tower,0,0,1,10,11,0,40,16,2,58,0,40,17,12,69,74,2,76,145
10/02/2004,ARA,LA,ASW,CE,Federal Contract Tower,0,0,1,4,5,0,19,25,4,48,0,19,26,8,53,44,2,46,99
10/03/2004,ARA,LA,ASW,CE,Federal Contract Tower,0,2,2,1,5,0,40,23,1,64,0,42,25,2,69,140,0,140,209
10/04/2004,ARA,LA,ASW,CE,Federal Contract Tower,0,1,8,5,14,0,26,18,2,46,0,27,26,7,60,28,10,38,98
10/05/2004,ARA,LA,ASW,CE,Federal Contract Tower,0,0,6,5,11,0,16,13,5,34,0,16,19,10,45,130,10,140,185
10/06/2004,ARA,LA,ASW,CE,Federal Contract Tower,1,0,11,8,20,0,21,26,5,52,1,21,37,13,72,52,2,54,126
10/07/2004,ARA,LA,ASW,CE,Federal Contract Tower,1,4,13,4,22,0,31,3,0,34,1,35,16,4,56,56,0,56,112
10/08/2004,ARA,LA,ASW,CE,Federal Contract Tower,0,0,1,0,1,0,0,0,0,0,0,0,1,0,1,0,0,0,1
10/09/2004,ARA,LA,ASW,CE,Federal Contract Tower,1,1,1,0,3,1,21,2,2,26,2,22,3,2,29,72,0,72,101
10/10/2004,ARA,LA,ASW,CE,Federal Contract Tower,0,7,0,4,11,0,7,0,2,9,0,14,0,6,20,48,0,48,68
10/11/2004,ARA,LA,ASW,CE,Federal Contract Tower,0,5,2,4,11,0,28,13,2,43,0,33,15,6,54,86,0,86,140
10/12/2004,ARA,LA,ASW,CE,Federal Contract Tower,2,5,12,20,39,0,64,21,12,97,2,69,33,32,136,212,26,238,374
10/13/2004,ARA,LA,ASW,CE,Federal Contract Tower,0,4,1,13,18,0,54,56,5,115,0,58,57,18,133,154,24,178,311
10/14/2004,ARA,LA,ASW,CE,Federal Contract Tower,0,2,10,4,16,0,22,4,1,27,0,24,14,5,43,58,0,58,101
10/15/2004,ARA,LA,ASW,CE,Federal Contract Tower,0,0,9,17,26,0,67,12,11,90,0,67,21,28,116,177,4,181,297
10/16/2004,ARA,LA,ASW,CE,Federal Contract Tower,0,0,2,4,6,0,38,19,8,65,0,38,21,12,71,134,12,146,217
10/17/2004,ARA,LA,ASW,CE,Federal Contract Tower,1,4,6,15,26,0,20,11,2,33,1,24,17,17,59,46,0,46,105
10/18/2004,ARA,LA,ASW,CE,Federal Contract Tower,0,0,2,9,11,0,29,13,3,45,0,29,15,12,56,82,14,96,152
10/19/2004,ARA,LA,ASW,CE,Federal Contract Tower,1,0,3,10,14,0,43,33,4,80,1,43,36,14,94,136,14,150,244
10/20/2004,ARA,LA,ASW,CE,Federal Contract Tower,1,4,6,8,19,2,35,32,2,71,3,39,38,10,90,64,0,64,154
10/21/2004,ARA,LA,ASW,CE,Federal Contract Tower,3,0,4,10,17,0,36,15,1,52,3,36,19,11,69,82,0,82,151
10/22/2004,ARA,LA,ASW,CE,Federal Contract Tower,1,0,3,11,15,0,27,14,5,46,1,27,17,16,61,96,6,102,163
10/23/2004,ARA,LA,ASW,CE,Federal Contract Tower,0,0,0,8,8,0,26,22,16,64,0,26,22,24,72,92,18,110,182
10/24/2004,ARA,LA,ASW,CE,Federal Contract Tower,0,3,2,2,7,0,51,10,2,63,0,54,12,4,70,170,0,170,240
10/25/2004,ARA,LA,ASW,CE,Federal Contract Tower,1,7,2,18,28,0,46,20,6,72,1,53,22,24,100,160,4,164,264
10/26/2004,ARA,LA,ASW,CE,Federal Contract Tower,2,0,3,8,13,0,61,34,0,95,2,61,37,8,108,280,0,280,388
10/27/2004,ARA,LA,ASW,CE,Federal Contract Tower,0,0,8,2,10,0,74,18,6,98,0,74,26,8,108,130,0,130,238
10/28/2004,ARA,LA,ASW,CE,Federal Contract Tower,1,14,14,4,33,0,72,47,0,119,1,86,61,4,152,150,0,150,302
10/29/2004,ARA,LA,ASW,CE,Federal Contract Tower,0,0,2,6,8,0,52,25,0,77,0,52,27,6,85,96,16,112,197
10/30/2004,ARA,LA,ASW,CE,Federal Contract Tower,0,4,0,0,4,0,29,13,0,42,0,33,13,0,46,34,0,34,80
10/31/2004,ARA,LA,ASW,CE,Federal Contract Tower,0,4,6,0,10,0,31,12,0,43,0,35,18,0,53,0,0,0,53
11/01/2004,ARA,LA,ASW,CE,Federal Contract Tower,0,0,2,4,6,0,51,5,0,56,0,51,7,4,62,94,0,94,156
11/02/2004,ARA,LA,ASW,CE,Federal Contract Tower,0,2,3,0,5,0,17,4,0,21,0,19,7,0,26,42,0,42,68
11/03/2004,ARA,LA,ASW,CE,Federal Contract Tower,1,0,4,0,5,0,39,47,2,88,1,39,51,2,93,120,0,120,213
11/04/2004,ARA,LA,ASW,CE,Federal Contract Tower,1,0,6,8,15,0,73,30,3,106,1,73,36,11,121,242,2,244,365
11/05/2004,ARA,LA,ASW,CE,Federal Contract Tower,0,0,4,11,15,0,70,20,5,95,0,70,24,16,110,132,4,136,246
11/06/2004,ARA,LA,ASW,CE,Federal Contract Tower,0,4,0,0,4,0,45,28,0,73,0,49,28,0,77,160,0,160,237
11/07/2004,ARA,LA,ASW,CE,Federal Contract Tower,0,4,1,16,21,0,58,31,8,97,0,62,32,24,118,136,0,136,254
11/08/2004,ARA,LA,ASW,CE,Federal Contract Tower,1,4,8,14,27,1,33,13,4,51,2,37,21,18,78,76,12,88,166
11/09/2004,ARA,LA,ASW,CE,Federal Contract Tower,1,0,14,24,39,0,40,18,6,64,1,40,32,30,103,98,2,100,203
11/10/2004,ARA,LA,ASW,CE,Federal Contract Tower,1,0,8,39,48,0,39,11,14,64,1,39,19,53,112,112,28,140,252
11/11/2004,ARA,LA,ASW,CE,Federal Contract Tower,0,0,6,2,8,0,24,14,0,38,0,24,20,2,46,102,0,102,148
11/12/2004,ARA,LA,ASW,CE,Federal Contract Tower,1,0,5,13,19,0,75,25,3,103,1,75,30,16,122,168,10,178,300
11/13/2004,ARA,LA,ASW,CE,Federal Contract Tower,1,3,6,2,12,1,37,9,2,49,2,40,15,4,61,170,0,170,231
11/14/2004,ARA,LA,ASW,CE,Federal Contract Tower,0,14,1,28,43,0,14,4,6,24,0,28,5,34,67,112,6,118,185
11/15/2004,ARA,LA,ASW,CE,Federal Contract Tower,0,4,5,5,14,0,37,4,1,42,0,41,9,6,56,80,0,80,136
11/16/2004,ARA,LA,ASW,CE,Federal Contract Tower,0,4,5,12,21,0,41,29,2,72,0,45,34,14,93,94,4,98,191
11/17/2004,ARA,LA,ASW,CE,Federal Contract Tower,1,1,4,10,16,0,51,28,2,81,1,52,32,12,97,202,8,210,307
11/18/2004,ARA,LA,ASW,CE,Federal Contract Tower,0,4,6,6,16,0,28,11,0,39,0,32,17,6,55,148,0,148,203
11/19/2004,ARA,LA,ASW,CE,Federal Contract Tower,0,4,12,29,45,0,44,19,4,67,0,48,31,33,112,214,4,218,330
11/20/2004,ARA,LA,ASW,CE,Federal Contract Tower,0,14,2,12,28,0,0,0,0,0,0,14,2,12,28,20,0,20,48
11/21/2004,ARA,LA,ASW,CE,Federal Contract Tower,3,4,7,0,14,0,29,5,0,34,3,33,12,0,48,80,0,80,128
11/22/2004,ARA,LA,ASW,CE,Federal Contract Tower,0,0,9,4,13,0,31,14,0,45,0,31,23,4,58,70,2,72,130
11/23/2004,ARA,LA,ASW,CE,Federal Contract Tower,0,4,4,14,22,0,47,18,7,72,0,51,22,21,94,82,2,84,178
11/24/2004,ARA,LA,ASW,CE,Federal Contract Tower,0,0,1,8,9,0,16,9,1,26,0,16,10,9,35,32,6,38,73
11/25/2004,ARA,LA,ASW,CE,Federal Contract Tower,0,0,0,0,0,0,5,11,0,16,0,5,11,0,16,0,0,0,16
11/26/2004,ARA,LA,ASW,CE,Federal Contract Tower,0,0,7,0,7,0,5,5,2,12,0,5,12,2,19,0,0,0,19
11/27/2004,ARA,LA,ASW,CE,Federal Contract Tower,0,0,2,0,2,0,14,9,0,23,0,14,11,0,25,8,0,8,33
11/28/2004,ARA,LA,ASW,CE,Federal Contract Tower,0,0,0,0,0,0,20,15,0,35,0,20,15,0,35,50,0,50,85
11/29/2004,ARA,LA,ASW,CE,Federal Contract Tower,0,0,5,4,9,0,39,13,0,52,0,39,18,4,61,50,0,50,111
11/30/2004,ARA,LA,ASW,CE,Federal Contract Tower,1,8,9,1,19,0,6,3,1,10,1,14,12,2,29,32,0,32,61
12/01/2004,ARA,LA,ASW,CE,Federal Contract Tower,1,0,5,24,30,0,18,21,19,58,1,18,26,43,88,140,16,156,244
12/02/2004,ARA,LA,ASW,CE,Federal Contract Tower,0,0,15,17,32,0,44,26,8,78,0,44,41,25,110,66,2,68,178
12/03/2004,ARA,LA,ASW,CE,Federal Contract Tower,0,0,14,32,46,0,55,16,7,78,0,55,30,39,124,156,22,178,302
12/04/2004,ARA,LA,ASW,CE,Federal Contract Tower,0,1,0,0,1,0,11,12,1,24,0,12,12,1,25,44,0,44,69
12/05/2004,ARA,LA,ASW,CE,Federal Contract Tower,0,5,0,0,5,0,10,6,0,16,0,15,6,0,21,40,0,40,61
12/06/2004,ARA,LA,ASW,CE,Federal Contract Tower,1,3,7,7,18,0,26,7,2,35,1,29,14,9,53,110,0,110,163
12/07/2004,ARA,LA,ASW,CE,Federal Contract Tower,0,14,9,7,30,0,30,20,7,57,0,44,29,14,87,80,10,90,177
12/08/2004,ARA,LA,ASW,CE,Federal Contract Tower,3,2,9,5,19,0,34,12,3,49,3,36,21,8,68,70,0,70,138
12/09/2004,ARA,LA,ASW,CE,Federal Contract Tower,0,5,5,23,33,0,38,23,5,66,0,43,28,28,99,108,12,120,219
12/10/2004,ARA,LA,ASW,CE,Federal Contract Tower,0,0,9,41,50,0,29,8,13,50,0,29,17,54,100,18,46,64,164
12/11/2004,ARA,LA,ASW,CE,Federal Contract Tower,1,1,3,11,16,1,46,8,13,68,2,47,11,24,84,274,16,290,374
12/12/2004,ARA,LA,ASW,CE,Federal Contract Tower,0,4,1,6,11,0,35,34,2,71,0,39,35,8,82,246,18,264,346
12/13/2004,ARA,LA,ASW,CE,Federal Contract Tower,0,1,2,4,7,0,31,4,4,39,0,32,6,8,46,74,0,74,120
12/14/2004,ARA,LA,ASW,CE,Federal Contract Tower,0,0,4,15,19,0,11,19,9,39,0,11,23,24,58,30,4,34,92
12/15/2004,ARA,LA,ASW,CE,Federal Contract Tower,0,0,12,8,20,0,58,30,7,95,0,58,42,15,115,86,4,90,205
12/16/2004,ARA,LA,ASW,CE,Federal Contract Tower,1,0,9,19,29,0,45,21,3,69,1,45,30,22,98,148,10,158,256
12/17/2004,ARA,LA,ASW,CE,Federal Contract Tower,0,0,9,14,23,0,29,6,2,37,0,29,15,16,60,32,0,32,92
12/18/2004,ARA,LA,ASW,CE,Federal Contract Tower,0,0,0,18,18,0,25,26,9,60,0,25,26,27,78,112,14,126,204
12/19/2004,ARA,LA,ASW,CE,Federal Contract Tower,0,0,3,2,5,0,11,24,0,35,0,11,27,2,40,34,0,34,74
12/20/2004,ARA,LA,ASW,CE,Federal Contract Tower,0,1,7,20,28,0,39,16,19,74,0,40,23,39,102,52,4,56,158
12/21/2004,ARA,LA,ASW,CE,Federal Contract Tower,0,6,5,3,14,0,51,11,4,66,0,57,16,7,80,102,0,102,182
12/22/2004,ARA,LA,ASW,CE,Federal Contract Tower,1,6,2,0,9,0,11,5,0,16,1,17,7,0,25,10,0,10,35
12/23/2004,ARA,LA,ASW,CE,Federal Contract Tower,0,0,0,8,8,0,16,2,4,22,0,16,2,12,30,20,4,24,54
12/24/2004,ARA,LA,ASW,CE,Federal Contract Tower,0,0,0,0,0,0,5,3,0,8,0,5,3,0,8,10,0,10,18
12/25/2004,ARA,LA,ASW,CE,Federal Contract Tower,0,0,0,0,0,0,0,2,0,2,0,0,2,0,2,0,0,0,2
12/26/2004,ARA,LA,ASW,CE,Federal Contract Tower,0,0,0,0,0,0,8,17,0,25,0,8,17,0,25,8,0,8,33
12/27/2004,ARA,LA,ASW,CE,Federal Contract Tower,0,0,4,2,6,0,22,13,6,41,0,22,17,8,47,34,0,34,81
12/28/2004,ARA,LA,ASW,CE,Federal Contract Tower,0,0,6,8,14,0,20,16,8,44,0,20,22,16,58,20,6,26,84
12/29/2004,ARA,LA,ASW,CE,Federal Contract Tower,1,0,2,10,13,0,29,19,4,52,1,29,21,14,65,32,20,52,117
12/30/2004,ARA,LA,ASW,CE,Federal Contract Tower,0,0,5,4,9,0,41,16,3,60,0,41,21,7,69,82,4,86,155
12/31/2004,ARA,LA,ASW,CE,Federal Contract Tower,0,1,2,2,5,0,37,0,0,37,0,38,2,2,42,84,0,84,126
01/01/2005,ARA,LA,ASW,CE,Federal Contract Tower,0,0,2,0,2,0,16,6,0,22,0,16,8,0,24,62,0,62,86
01/02/2005,ARA,LA,ASW,CE,Federal Contract Tower,0,0,1,0,1,0,10,3,0,13,0,10,4,0,14,86,0,86,100
01/03/2005,ARA,LA,ASW,CE,Federal Contract Tower,2,1,3,4,10,0,50,19,2,71,2,51,22,6,81,80,0,80,161
01/04/2005,ARA,LA,ASW,CE,Federal Contract Tower,0,1,7,10,18,0,22,13,4,39,0,23,20,14,57,104,10,114,171
01/05/2005,ARA,LA,ASW,CE,Federal Contract Tower,0,0,3,23,26,0,40,6,3,49,0,40,9,26,75,162,16,178,253
01/06/2005,ARA,LA,ASW,CE,Federal Contract Tower,1,0,2,17,20,2,33,11,11,57,3,33,13,28,77,92,6,98,175
01/07/2005,ARA,LA,ASW,CE,Federal Contract Tower,0,0,4,10,14,0,20,8,0,28,0,20,12,10,42,86,0,86,128
01/08/2005,ARA,LA,ASW,CE,Federal Contract Tower,0,2,3,2,7,0,68,15,6,89,0,70,18,8,96,212,0,212,308
01/09/2005,ARA,LA,ASW,CE,Federal Contract Tower,0,3,0,0,3,0,6,20,0,26,0,9,20,0,29,98,0,98,127
01/10/2005,ARA,LA,ASW,CE,Federal Contract Tower,0,3,2,8,13,0,17,5,4,26,0,20,7,12,39,102,0,102,141
01/11/2005,ARA,LA,ASW,CE,Federal Contract Tower,1,0,7,14,22,0,38,15,4,57,1,38,22,18,79,166,4,170,249
01/12/2005,ARA,LA,ASW,CE,Federal Contract Tower,1,8,4,19,32,0,42,16,4,62,1,50,20,23,94,226,16,242,336
01/13/2005,ARA,LA,ASW,CE,Federal Contract Tower,0,0,5,0,5,0,14,3,0,17,0,14,8,0,22,20,0,20,42
01/14/2005,ARA,LA,ASW,CE,Federal Contract Tower,0,0,2,22,24,0,64,28,2,94,0,64,30,24,118,182,10,192,310
01/15/2005,ARA,LA,ASW,CE,Federal Contract Tower,0,3,1,0,4,0,40,35,4,79,0,43,36,4,83,150,10,160,243
01/16/2005,ARA,LA,ASW,CE,Federal Contract Tower,0,0,1,0,1,1,19,29,0,49,1,19,30,0,50,36,0,36,86
01/17/2005,ARA,LA,ASW,CE,Federal Contract Tower,0,1,7,11,19,0,23,11,0,34,0,24,18,11,53,96,2,98,151
01/18/2005,ARA,LA,ASW,CE,Federal Contract Tower,0,0,6,12,18,0,43,24,2,69,0,43,30,14,87,110,12,122,209
01/19/2005,ARA,LA,ASW,CE,Federal Contract Tower,0,2,5,29,36,0,41,26,3,70,0,43,31,32,106,168,6,174,280
01/20/2005,ARA,LA,ASW,CE,Federal Contract Tower,1,0,10,27,38,0,69,16,10,95,1,69,26,37,133,162,10,172,305
01/21/2005,ARA,LA,ASW,CE,Federal Contract Tower,0,0,4,15,19,0,14,9,3,26,0,14,13,18,45,60,0,60,105
01/22/2005,ARA,LA,ASW,CE,Federal Contract Tower,0,3,0,15,18,0,5,4,15,24,0,8,4,30,42,70,24,94,136
01/23/2005,ARA,LA,ASW,CE,Federal Contract Tower,0,6,7,8,21,0,30,19,0,49,0,36,26,8,70,150,0,150,220
01/24/2005,ARA,LA,ASW,CE,Federal Contract Tower,0,8,2,11,21,0,52,25,2,79,0,60,27,13,100,104,14,118,218
01/25/2005,ARA,LA,ASW,CE,Federal Contract Tower,1,2,8,11,22,0,45,22,6,73,1,47,30,17,95,54,2,56,151
01/26/2005,ARA,LA,ASW,CE,Federal Contract Tower,0,2,8,14,24,0,37,7,0,44,0,39,15,14,68,102,0,102,170
01/27/2005,ARA,LA,ASW,CE,Federal Contract Tower,0,0,8,2,10,0,44,5,0,49,0,44,13,2,59,146,0,146,205
01/28/2005,ARA,LA,ASW,CE,Federal Contract Tower,0,4,3,14,21,0,3,0,2,5,0,7,3,16,26,34,0,34,60
01/29/2005,ARA,LA,ASW,CE,Federal Contract Tower,0,5,0,11,16,0,5,1,9,15,0,10,1,20,31,20,0,20,51
01/30/2005,ARA,LA,ASW,CE,Federal Contract Tower,0,7,4,0,11,0,12,4,0,16,0,19,8,0,27,40,0,40,67
01/31/2005,ARA,LA,ASW,CE,Federal Contract Tower,0,15,3,4,22,0,47,1,0,48,0,62,4,4,70,158,0,158,228
02/01/2005,ARA,LA,ASW,CE,Federal Contract Tower,1,15,0,0,16,0,0,0,0,0,1,15,0,0,16,0,0,0,16
02/02/2005,ARA,LA,ASW,CE,Federal Contract Tower,1,9,0,12,22,0,23,0,2,25,1,32,0,14,47,96,2,98,145
02/03/2005,ARA,LA,ASW,CE,Federal Contract Tower,0,0,4,22,26,0,70,20,5,95,0,70,24,27,121,164,2,166,287
02/04/2005,ARA,LA,ASW,CE,Federal Contract Tower,0,10,4,6,20,0,58,11,6,75,0,68,15,12,95,116,2,118,213
02/05/2005,ARA,LA,ASW,CE,Federal Contract Tower,0,2,2,0,4,0,42,23,4,69,0,44,25,4,73,212,0,212,285
02/06/2005,ARA,LA,ASW,CE,Federal Contract Tower,0,8,5,9,22,0,25,3,1,29,0,33,8,10,51,130,0,130,181
02/07/2005,ARA,LA,ASW,CE,Federal Contract Tower,0,6,0,5,11,0,43,1,6,50,0,49,1,11,61,208,0,208,269
02/08/2005,ARA,LA,ASW,CE,Federal Contract Tower,0,3,0,7,10,0,14,0,0,14,0,17,0,7,24,30,0,30,54
02/09/2005,ARA,LA,ASW,CE,Federal Contract Tower,0,1,0,5,6,0,29,0,0,29,0,30,0,5,35,50,0,50,85
02/10/2005,ARA,LA,ASW,CE,Federal Contract Tower,0,0,7,10,17,0,80,17,3,100,0,80,24,13,117,200,4,204,321
02/11/2005,ARA,LA,ASW,CE,Federal Contract Tower,0,8,2,18,28,0,58,18,0,76,0,66,20,18,104,164,14,178,282
02/12/2005,ARA,LA,ASW,CE,Federal Contract Tower,0,3,2,3,8,0,57,18,7,82,0,60,20,10,90,150,0,150,240
02/13/2005,ARA,LA,ASW,CE,Federal Contract Tower,0,4,1,0,5,0,27,1,0,28,0,31,2,0,33,94,0,94,127
02/14/2005,ARA,LA,ASW,CE,Federal Contract Tower,0,5,6,12,23,0,57,3,6,66,0,62,9,18,89,232,6,238,327
02/15/2005,ARA,LA,ASW,CE,Federal Contract Tower,0,0,4,6,10,0,40,9,0,49,0,40,13,6,59,174,0,174,233
02/16/2005,ARA,LA,ASW,CE,Federal Contract Tower,2,0,2,8,12,0,56,11,4,71,2,56,13,12,83,200,4,204,287
02/17/2005,ARA,LA,ASW,CE,Federal Contract Tower,3,0,4,13,20,0,57,16,0,73,3,57,20,13,93,90,0,90,183
02/18/2005,ARA,LA,ASW,CE,Federal Contract Tower,0,3,3,6,12,0,81,21,5,107,0,84,24,11,119,232,0,232,351
02/19/2005,ARA,LA,ASW,CE,Federal Contract Tower,0,0,1,1,2,0,84,31,1,116,0,84,32,2,118,222,0,222,340
02/20/2005,ARA,LA,ASW,CE,Federal Contract Tower,0,3,5,0,8,0,49,27,0,76,0,52,32,0,84,156,0,156,240
02/21/2005,ARA,LA,ASW,CE,Federal Contract Tower,0,14,5,18,37,0,21,0,6,27,0,35,5,24,64,100,0,100,164
02/22/2005,ARA,LA,ASW,CE,Federal Contract Tower,0,3,3,12,18,0,39,3,0,42,0,42,6,12,60,158,12,170,230
02/23/2005,ARA,LA,ASW,CE,Federal Contract Tower,0,4,3,0,7,0,28,0,0,28,0,32,3,0,35,128,0,128,163
02/24/2005,ARA,LA,ASW,CE,Federal Contract Tower,0,10,3,0,13,0,68,0,0,68,0,78,3,0,81,8,0,8,89
02/25/2005,ARA,LA,ASW,CE,Federal Contract Tower,2,3,4,27,36,0,61,9,8,78,2,64,13,35,114,156,6,162,276
02/26/2005,ARA,LA,ASW,CE,Federal Contract Tower,0,5,0,6,11,0,61,28,7,96,0,66,28,13,107,220,4,224,331
02/27/2005,ARA,LA,ASW,CE,Federal Contract Tower,0,3,1,18,22,0,13,3,1,17,0,16,4,19,39,62,14,76,115
02/28/2005,ARA,LA,ASW,CE,Federal Contract Tower,0,0,5,37,42,0,32,28,29,89,0,32,33,66,131,36,2,38,169
03/01/2005,ARA,LA,ASW,CE,Federal Contract Tower,2,0,8,7,17,0,63,20,5,88,2,63,28,12,105,94,4,98,203
03/02/2005,ARA,LA,ASW,CE,Federal Contract Tower,0,0,4,2,6,0,49,25,0,74,0,49,29,2,80,134,0,134,214
03/03/2005,ARA,LA,ASW,CE,Federal Contract Tower,0,7,3,15,25,0,76,5,4,85,0,83,8,19,110,124,32,156,266
03/04/2005,ARA,LA,ASW,CE,Federal Contract Tower,0,4,9,50,63,0,104,28,33,165,0,108,37,83,228,248,60,308,536
03/05/2005,ARA,LA,ASW,CE,Federal Contract Tower,0,5,6,7,18,0,58,33,13,104,0,63,39,20,122,178,4,182,304
03/06/2005,ARA,LA,ASW,CE,Federal Contract Tower,0,5,1,6,12,0,72,30,4,106,0,77,31,10,118,152,0,152,270
03/07/2005,ARA,LA,ASW,CE,Federal Contract Tower,0,0,2,0,2,0,31,6,0,37,0,31,8,0,39,126,0,126,165
03/08/2005,ARA,LA,ASW,CE,Federal Contract Tower,0,0,5,23,28,0,52,15,8,75,0,52,20,31,103,150,26,176,279
03/09/2005,ARA,LA,ASW,CE,Federal Contract Tower,3,2,5,4,14,0,71,23,6,100,3,73,28,10,114,100,30,130,244
03/10/2005,ARA,LA,ASW,CE,Federal Contract Tower,0,4,4,28,36,0,94,37,6,137,0,98,41,34,173,308,46,354,527
03/11/2005,ARA,LA,ASW,CE,Federal Contract Tower,0,3,3,14,20,0,102,15,1,118,0,105,18,15,138,208,10,218,356
03/12/2005,ARA,LA,ASW,CE,Federal Contract Tower,0,0,0,22,22,0,35,18,38,91,0,35,18,60,113,92,8,100,213
03/13/2005,ARA,LA,ASW,CE,Federal Contract Tower,2,0,0,6,8,0,10,10,3,23,2,10,10,9,31,28,0,28,59
03/14/2005,ARA,LA,ASW,CE,Federal Contract Tower,0,0,17,8,25,0,30,12,6,48,0,30,29,14,73,98,30,128,201
03/15/2005,ARA,LA,ASW,CE,Federal Contract Tower,0,2,7,0,9,0,16,3,4,23,0,18,10,4,32,28,0,28,60
03/16/2005,ARA,LA,ASW,CE,Federal Contract Tower,0,0,5,6,11,0,16,2,0,18,0,16,7,6,29,192,0,192,221
03/17/2005,ARA,LA,ASW,CE,Federal Contract Tower,4,2,3,15,24,0,53,23,7,83,4,55,26,22,107,134,6,140,247
03/18/2005,ARA,LA,ASW,CE,Federal Contract Tower,0,1,0,28,29,0,39,29,14,82,0,40,29,42,111,74,36,110,221
03/19/2005,ARA,LA,ASW,CE,Federal Contract Tower,1,0,1,1,3,0,30,26,7,63,1,30,27,8,66,122,4,126,192
03/20/2005,ARA,LA,ASW,CE,Federal Contract Tower,0,1,1,8,10,0,36,14,25,75,0,37,15,33,85,166,10,176,261
03/21/2005,ARA,LA,ASW,CE,Federal Contract Tower,1,0,2,11,14,2,32,8,13,55,3,32,10,24,69,106,8,114,183
03/22/2005,ARA,LA,ASW,CE,Federal Contract Tower,0,3,6,10,19,0,42,14,6,62,0,45,20,16,81,263,0,263,344
03/23/2005,ARA,LA,ASW,CE,Federal Contract Tower,0,7,7,33,47,0,55,23,9,87,0,62,30,42,134,212,30,242,376
03/24/2005,ARA,LA,ASW,CE,Federal Contract Tower,0,8,7,25,40,0,49,30,5,84,0,57,37,30,124,228,8,236,360
03/25/2005,ARA,LA,ASW,CE,Federal Contract Tower,2,0,4,10,16,0,44,38,4,86,2,44,42,14,102,190,10,200,302
03/26/2005,ARA,LA,ASW,CE,Federal Contract Tower,0,17,11,0,28,0,25,0,0,25,0,42,11,0,53,91,0,91,144
03/27/2005,ARA,LA,ASW,CE,Federal Contract Tower,0,0,1,0,1,0,18,12,0,30,0,18,13,0,31,60,0,60,91
03/28/2005,ARA,LA,ASW,CE,Federal Contract Tower,0,7,0,8,15,0,44,12,14,70,0,51,12,22,85,134,18,152,237
03/29/2005,ARA,LA,ASW,CE,Federal Contract Tower,0,4,4,16,24,0,46,15,11,72,0,50,19,27,96,156,10,166,262
03/30/2005,ARA,LA,ASW,CE,Federal Contract Tower,0,5,20,20,45,0,16,9,6,31,0,21,29,26,76,48,10,58,134
03/31/2005,ARA,LA,ASW,CE,Federal Contract Tower,0,1,8,4,13,0,24,4,0,28,0,25,12,4,41,70,0,70,111
04/01/2005,ARA,LA,ASW,CE,Federal Contract Tower,0,6,5,28,39,0,30,2,8,40,0,36,7,36,79,80,2,82,161
04/02/2005,ARA,LA,ASW,CE,Federal Contract Tower,0,0,0,3,3,0,26,18,5,49,0,26,18,8,52,60,10,70,122
04/03/2005,ARA,LA,ASW,CE,Federal Contract Tower,0,1,4,0,5,0,29,32,1,62,0,30,36,1,67,32,0,32,99
04/04/2005,ARA,LA,ASW,CE,Federal Contract Tower,0,0,7,24,31,0,37,18,17,72,0,37,25,41,103,92,12,104,207
04/05/2005,ARA,LA,ASW,CE,Federal Contract Tower,1,0,6,13,20,0,60,15,1,76,1,60,21,14,96,230,4,234,330
04/06/2005,ARA,LA,ASW,CE,Federal Contract Tower,1,4,11,4,20,0,38,5,0,43,1,42,16,4,63,120,0,120,183
04/07/2005,ARA,LA,ASW,CE,Federal Contract Tower,2,3,5,22,32,0,50,25,10,85,2,53,30,32,117,74,8,82,199
04/08/2005,ARA,LA,ASW,CE,Federal Contract Tower,0,1,7,51,59,0,51,32,17,100,0,52,39,68,159,172,18,190,349
04/09/2005,ARA,LA,ASW,CE,Federal Contract Tower,0,4,0,0,4,0,45,29,6,80,0,49,29,6,84,182,6,188,272
04/10/2005,ARA,LA,ASW,CE,Federal Contract Tower,0,7,4,28,39,0,37,13,27,77,0,44,17,55,116,118,2,120,236
04/11/2005,ARA,LA,ASW,CE,Federal Contract Tower,0,0,0,2,2,0,23,4,0,27,0,23,4,2,29,58,0,58,87
04/12/2005,ARA,LA,ASW,CE,Federal Contract Tower,0,1,7,29,37,0,69,13,5,87,0,70,20,34,124,180,4,184,308
04/13/2005,ARA,LA,ASW,CE,Federal Contract Tower,1,0,5,32,38,0,35,23,10,68,1,35,28,42,106,128,0,128,234
04/14/2005,ARA,LA,ASW,CE,Federal Contract Tower,0,0,11,50,61,0,66,16,1,83,0,66,27,51,144,154,18,172,316
04/15/2005,ARA,LA,ASW,CE,Federal Contract Tower,0,0,4,60,64,0,55,32,9,96,0,55,36,69,160,96,18,114,274
04/16/2005,ARA,LA,ASW,CE,Federal Contract Tower,0,5,0,18,23,0,47,38,46,131,0,52,38,64,154,196,26,222,376
04/17/2005,ARA,LA,ASW,CE,Federal Contract Tower,0,8,4,6,18,0,47,18,4,69,0,55,22,10,87,180,0,180,267
04/18/2005,ARA,LA,ASW,CE,Federal Contract Tower,1,0,2,6,9,0,35,13,0,48,1,35,15,6,57,152,0,152,209
04/19/2005,ARA,LA,ASW,CE,Federal Contract Tower,4,1,6,17,28,0,50,13,1,64,4,51,19,18,92,214,14,228,320
04/20/2005,ARA,LA,ASW,CE,Federal Contract Tower,0,1,9,32,42,0,45,30,7,82,0,46,39,39,124,218,18,236,360
04/21/2005,ARA,LA,ASW,CE,Federal Contract Tower,0,0,7,21,28,0,48,17,7,72,0,48,24,28,100,172,10,182,282
04/22/2005,ARA,LA,ASW,CE,Federal Contract Tower,0,4,7,43,54,0,52,14,6,72,0,56,21,49,126,204,50,254,380
04/23/2005,ARA,LA,ASW,CE,Federal Contract Tower,0,12,5,13,30,0,47,15,2,64,0,59,20,15,94,190,2,192,286
04/24/2005,ARA,LA,ASW,CE,Federal Contract Tower,0,3,2,12,17,0,37,38,12,87,0,40,40,24,104,112,0,112,216
04/25/2005,ARA,LA,ASW,CE,Federal Contract Tower,0,7,0,7,14,0,32,3,7,42,0,39,3,14,56,130,2,132,188
04/26/2005,ARA,LA,ASW,CE,Federal Contract Tower,0,1,6,19,26,0,30,15,13,58,0,31,21,32,84,100,18,118,202
04/27/2005,ARA,LA,ASW,CE,Federal Contract Tower,0,1,16,52,69,0,52,16,15,83,0,53,32,67,152,138,36,174,326
04/28/2005,ARA,LA,ASW,CE,Federal Contract Tower,4,0,10,53,67,0,42,15,17,74,4,42,25,70,141,106,74,180,321
04/29/2005,ARA,LA,ASW,CE,Federal Contract Tower,0,0,5,25,30,0,25,15,5,45,0,25,20,30,75,40,0,40,115
04/30/2005,ARA,LA,ASW,CE,Federal Contract Tower,0,6,3,2,11,0,24,4,0,28,0,30,7,2,39,126,0,126,165
05/01/2005,ARA,LA,ASW,CE,Federal Contract Tower,0,1,4,28,33,0,27,23,30,80,0,28,27,58,113,113,2,115,228
05/02/2005,ARA,LA,ASW,CE,Federal Contract Tower,1,0,5,66,72,0,31,35,13,79,1,31,40,79,151,78,78,156,307
05/03/2005,ARA,LA,ASW,CE,Federal Contract Tower,0,1,4,21,26,0,65,33,7,105,0,66,37,28,131,146,4,150,281
05/04/2005,ARA,LA,ASW,CE,Federal Contract Tower,3,0,6,36,45,0,51,35,19,105,3,51,41,55,150,76,10,86,236
05/05/2005,ARA,LA,ASW,CE,Federal Contract Tower,0,1,4,30,35,0,78,28,8,114,0,79,32,38,149,158,12,170,319
05/06/2005,ARA,LA,ASW,CE,Federal Contract Tower,1,7,6,31,45,0,48,25,5,78,1,55,31,36,123,130,16,146,269
05/07/2005,ARA,LA,ASW,CE,Federal Contract Tower,0,1,0,4,5,0,41,25,3,69,0,42,25,7,74,150,0,150,224
05/08/2005,ARA,LA,ASW,CE,Federal Contract Tower,0,1,2,7,10,0,29,23,5,57,0,30,25,12,67,114,12,126,193
05/09/2005,ARA,LA,ASW,CE,Federal Contract Tower,1,0,3,4,8,0,37,10,2,49,1,37,13,6,57,38,0,38,95
05/10/2005,ARA,LA,ASW,CE,Federal Contract Tower,1,2,13,19,35,0,36,31,1,68,1,38,44,20,103,72,12,84,187
05/11/2005,ARA,LA,ASW,CE,Federal Contract Tower,1,0,8,14,23,0,39,20,1,60,1,39,28,15,83,62,16,78,161
05/12/2005,ARA,LA,ASW,CE,Federal Contract Tower,1,1,6,35,43,0,61,41,11,113,1,62,47,46,156,158,42,200,356
05/13/2005,ARA,LA,ASW,CE,Federal Contract Tower,0,8,3,47,58,0,46,22,9,77,0,54,25,56,135,60,0,60,195
05/14/2005,ARA,LA,ASW,CE,Federal Contract Tower,1,4,7,1,13,0,37,4,0,41,1,41,11,1,54,44,0,44,98
05/15/2005,ARA,LA,ASW,CE,Federal Contract Tower,0,4,8,28,40,0,36,13,19,68,0,40,21,47,108,134,2,136,244
05/16/2005,ARA,LA,ASW,CE,Federal Contract Tower,0,0,1,45,46,0,23,18,6,47,0,23,19,51,93,94,2,96,189
05/17/2005,ARA,LA,ASW,CE,Federal Contract Tower,0,0,18,15,33,0,44,17,13,74,0,44,35,28,107,148,14,162,269
05/18/2005,ARA,LA,ASW,CE,Federal Contract Tower,2,3,11,44,60,0,27,14,7,48,2,30,25,51,108,154,50,204,312
05/19/2005,ARA,LA,ASW,CE,Federal Contract Tower,0,0,9,20,29,0,70,31,1,102,0,70,40,21,131,396,12,408,539
05/20/2005,ARA,LA,ASW,CE,Federal Contract Tower,1,1,5,38,45,0,45,26,0,71,1,46,31,38,116,167,18,185,301
05/21/2005,ARA,LA,ASW,CE,Federal Contract Tower,0,0,2,8,10,0,68,20,0,88,0,68,22,8,98,330,34,364,462
05/22/2005,ARA,LA,ASW,CE,Federal Contract Tower,0,4,4,13,21,0,54,35,6,95,0,58,39,19,116,188,0,188,304
05/23/2005,ARA,LA,ASW,CE,Federal Contract Tower,0,4,5,42,51,0,35,10,0,45,0,39,15,42,96,154,18,172,268
05/24/2005,ARA,LA,ASW,CE,Federal Contract Tower,0,2,5,40,47,0,44,21,19,84,0,46,26,59,131,200,20,220,351
05/25/2005,ARA,LA,ASW,CE,Federal Contract Tower,0,2,2,14,18,0,53,20,2,75,0,55,22,16,93,120,6,126,219
05/26/2005,ARA,LA,ASW,CE,Federal Contract Tower,1,3,8,26,38,0,64,30,12,106,1,67,38,38,144,142,20,162,306
05/27/2005,ARA,LA,ASW,CE,Federal Contract Tower,1,1,2,24,28,1,38,17,13,69,2,39,19,37,97,56,6,62,159
05/28/2005,ARA,LA,ASW,CE,Federal Contract Tower,1,6,10,0,17,0,29,11,0,40,1,35,21,0,57,67,0,67,124
05/29/2005,ARA,LA,ASW,CE,Federal Contract Tower,0,2,1,0,3,0,38,7,0,45,0,40,8,0,48,88,0,88,136
05/30/2005,ARA,LA,ASW,CE,Federal Contract Tower,0,0,0,8,8,0,48,9,0,57,0,48,9,8,65,166,4,170,235
05/31/2005,ARA,LA,ASW,CE,Federal Contract Tower,0,6,6,3,15,0,39,12,4,55,0,45,18,7,70,64,0,64,134
06/01/2005,ARA,LA,ASW,CE,Federal Contract Tower,1,0,11,23,35,0,40,24,17,81,1,40,35,40,116,96,12,108,224
06/02/2005,ARA,LA,ASW,CE,Federal Contract Tower,1,0,7,8,16,0,54,23,0,77,1,54,30,8,93,34,6,40,133
06/03/2005,ARA,LA,ASW,CE,Federal Contract Tower,0,0,5,68,73,0,42,16,13,71,0,42,21,81,144,116,22,138,282
06/04/2005,ARA,LA,ASW,CE,Federal Contract Tower,0,6,4,23,33,0,50,11,8,69,0,56,15,31,102,158,12,170,272
06/05/2005,ARA,LA,ASW,CE,Federal Contract Tower,1,2,1,22,26,0,22,9,16,47,1,24,10,38,73,120,0,120,193
06/06/2005,ARA,LA,ASW,CE,Federal Contract Tower,2,0,4,0,6,0,46,11,0,57,2,46,15,0,63,170,0,170,233
06/07/2005,ARA,LA,ASW,CE,Federal Contract Tower,1,4,6,18,29,0,63,22,4,89,1,67,28,22,118,84,6,90,208
06/08/2005,ARA,LA,ASW,CE,Federal Contract Tower,0,1,6,8,15,0,74,9,8,91,0,75,15,16,106,74,2,76,182
06/09/2005,ARA,LA,ASW,CE,Federal Contract Tower,0,1,7,11,19,0,38,24,18,80,0,39,31,29,99,86,40,126,225
06/10/2005,ARA,LA,ASW,CE,Federal Contract Tower,0,0,1,23,24,0,66,13,17,96,0,66,14,40,120,182,10,192,312
06/11/2005,ARA,LA,ASW,CE,Federal Contract Tower,0,7,1,14,22,0,48,16,0,64,0,55,17,14,86,304,20,324,410
06/12/2005,ARA,LA,ASW,CE,Federal Contract Tower,0,1,0,11,12,0,30,19,3,52,0,31,19,14,64,130,0,130,194
06/13/2005,ARA,LA,ASW,CE,Federal Contract Tower,1,2,6,28,37,0,55,18,21,94,1,57,24,49,131,66,8,74,205
06/14/2005,ARA,LA,ASW,CE,Federal Contract Tower,2,0,1,22,25,0,52,26,11,89,2,52,27,33,114,56,18,74,188
06/15/2005,ARA,LA,ASW,CE,Federal Contract Tower,1,0,6,8,15,0,50,15,0,65,1,50,21,8,80,60,0,60,140
06/16/2005,ARA,LA,ASW,CE,Federal Contract Tower,0,1,4,15,20,0,64,28,11,103,0,65,32,26,123,196,8,204,327
06/17/2005,ARA,LA,ASW,CE,Federal Contract Tower,0,0,3,15,18,1,63,27,6,97,1,63,30,21,115,246,0,246,361
06/18/2005,ARA,LA,ASW,CE,Federal Contract Tower,2,6,1,12,21,0,58,10,2,70,2,64,11,14,91,190,16,206,297
06/19/2005,ARA,LA,ASW,CE,Federal Contract Tower,0,1,0,6,7,0,53,14,6,73,0,54,14,12,80,90,0,90,170
06/20/2005,ARA,LA,ASW,CE,Federal Contract Tower,0,0,4,19,23,0,61,35,9,105,0,61,39,28,128,210,12,222,350
06/21/2005,ARA,LA,ASW,CE,Federal Contract Tower,0,0,6,20,26,3,70,39,2,114,3,70,45,22,140,318,0,318,458
06/22/2005,ARA,LA,ASW,CE,Federal Contract Tower,1,0,5,8,14,0,70,39,16,125,1,70,44,24,139,200,0,200,339
06/23/2005,ARA,LA,ASW,CE,Federal Contract Tower,0,3,7,24,34,0,60,37,13,110,0,63,44,37,144,324,30,354,498
06/24/2005,ARA,LA,ASW,CE,Federal Contract Tower,0,0,13,14,27,3,70,25,7,105,3,70,38,21,132,212,6,218,350
06/25/2005,ARA,LA,ASW,CE,Federal Contract Tower,0,3,2,6,11,0,52,13,4,69,0,55,15,10,80,230,10,240,320
06/26/2005,ARA,LA,ASW,CE,Federal Contract Tower,0,2,0,0,2,0,42,19,0,61,0,44,19,0,63,104,0,104,167
06/27/2005,ARA,LA,ASW,CE,Federal Contract Tower,0,0,2,28,30,0,27,28,7,62,0,27,30,35,92,90,2,92,184
06/28/2005,ARA,LA,ASW,CE,Federal Contract Tower,2,0,2,77,81,0,51,30,13,94,2,51,32,90,175,130,34,164,339
06/29/2005,ARA,LA,ASW,CE,Federal Contract Tower,1,2,12,38,53,0,49,18,20,87,1,51,30,58,140,66,20,86,226
06/30/2005,ARA,LA,ASW,CE,Federal Contract Tower,0,0,5,15,20,0,44,23,4,71,0,44,28,19,91,114,0,114,205
07/01/2005,ARA,LA,ASW,CE,Federal Contract Tower,0,0,5,16,21,0,37,21,1,59,0,37,26,17,80,132,0,132,212
07/02/2005,ARA,LA,ASW,CE,Federal Contract Tower,0,1,1,0,2,0,21,232,0,253,0,22,233,0,255,72,0,72,327
07/03/2005,ARA,LA,ASW,CE,Federal Contract Tower,0,0,0,0,0,0,11,133,0,144,0,11,133,0,144,8,0,8,152
07/04/2005,ARA,LA,ASW,CE,Federal Contract Tower,0,0,1,0,1,0,26,5,0,31,0,26,6,0,32,110,0,110,142
07/05/2005,ARA,LA,ASW,CE,Federal Contract Tower,1,10,0,0,11,0,24,17,0,41,1,34,17,0,52,56,0,56,108
07/06/2005,ARA,LA,ASW,CE,Federal Contract Tower,1,0,5,20,26,0,41,23,7,71,1,41,28,27,97,68,10,78,175
07/07/2005,ARA,LA,ASW,CE,Federal Contract Tower,0,0,4,13,17,0,24,22,5,51,0,24,26,18,68,62,16,78,146
07/08/2005,ARA,LA,ASW,CE,Federal Contract Tower,0,0,2,37,39,0,53,12,14,79,0,53,14,51,118,142,0,142,260
07/09/2005,ARA,LA,ASW,CE,Federal Contract Tower,3,1,12,0,16,0,72,18,0,90,3,73,30,0,106,102,0,102,208
07/10/2005,ARA,LA,ASW,CE,Federal Contract Tower,0,9,0,5,14,0,67,11,12,90,0,76,11,17,104,74,0,74,178
07/11/2005,ARA,LA,ASW,CE,Federal Contract Tower,0,0,4,14,18,0,71,17,17,105,0,71,21,31,123,42,0,42,165
07/12/2005,ARA,LA,ASW,CE,Federal Contract Tower,1,0,4,6,11,0,53,31,3,87,1,53,35,9,98,130,30,160,258
07/13/2005,ARA,LA,ASW,CE,Federal Contract Tower,0,2,0,17,19,0,64,24,8,96,0,66,24,25,115,124,0,124,239
07/14/2005,ARA,LA,ASW,CE,Federal Contract Tower,1,4,5,5,15,0,50,17,3,70,1,54,22,8,85,100,6,106,191
07/15/2005,ARA,LA,ASW,CE,Federal Contract Tower,0,0,2,0,2,0,28,4,2,34,0,28,6,2,36,46,0,46,82
07/16/2005,ARA,LA,ASW,CE,Federal Contract Tower,1,1,3,4,9,0,55,7,0,62,1,56,10,4,71,88,0,88,159
07/17/2005,ARA,LA,ASW,CE,Federal Contract Tower,0,0,1,4,5,0,36,15,0,51,0,36,16,4,56,130,0,130,186
07/18/2005,ARA,LA,ASW,CE,Federal Contract Tower,0,0,12,7,19,0,49,14,3,66,0,49,26,10,85,100,8,108,193
07/19/2005,ARA,LA,ASW,CE,Federal Contract Tower,1,0,7,13,21,0,52,29,7,88,1,52,36,20,109,140,4,144,253
07/20/2005,ARA,LA,ASW,CE,Federal Contract Tower,3,10,9,9,31,0,34,20,2,56,3,44,29,11,87,90,4,94,181
07/21/2005,ARA,LA,ASW,CE,Federal Contract Tower,0,6,7,16,29,0,67,21,2,90,0,73,28,18,119,42,8,50,169
07/22/2005,ARA,LA,ASW,CE,Federal Contract Tower,0,0,0,25,25,0,60,14,7,81,0,60,14,32,106,196,6,202,308
07/23/2005,ARA,LA,ASW,CE,Federal Contract Tower,0,1,0,16,17,0,76,27,5,108,0,77,27,21,125,304,6,310,435
07/24/2005,ARA,LA,ASW,CE,Federal Contract Tower,0,5,0,8,13,0,46,23,10,79,0,51,23,18,92,178,0,178,270
07/25/2005,ARA,LA,ASW,CE,Federal Contract Tower,0,0,6,12,18,0,38,18,9,65,0,38,24,21,83,82,12,94,177
07/26/2005,ARA,LA,ASW,CE,Federal Contract Tower,1,0,5,15,21,0,46,30,3,79,1,46,35,18,100,60,4,64,164
07/27/2005,ARA,LA,ASW,CE,Federal Contract Tower,0,0,8,17,25,0,34,15,0,49,0,34,23,17,74,172,22,194,268
07/28/2005,ARA,LA,ASW,CE,Federal Contract Tower,1,0,3,14,18,0,53,22,6,81,1,53,25,20,99,122,16,138,237
07/29/2005,ARA,LA,ASW,CE,Federal Contract Tower,2,5,2,13,22,0,78,13,7,98,2,83,15,20,120,178,16,194,314
07/30/2005,ARA,LA,ASW,CE,Federal Contract Tower,1,5,6,11,23,0,68,28,0,96,1,73,34,11,119,248,4,252,371
07/31/2005,ARA,LA,ASW,CE,Federal Contract Tower,0,2,1,7,10,0,51,5,1,57,0,53,6,8,67,124,2,126,193
08/01/2005,ARA,LA,ASW,CE,Federal Contract Tower,0,4,5,28,37,0,67,15,11,93,0,71,20,39,130,188,8,196,326
08/02/2005,ARA,LA,ASW,CE,Federal Contract Tower,0,0,3,5,8,0,67,17,2,86,0,67,20,7,94,200,0,200,294
08/03/2005,ARA,LA,ASW,CE,Federal Contract Tower,0,0,6,0,6,0,30,25,0,55,0,30,31,0,61,42,0,42,103
08/04/2005,ARA,LA,ASW,CE,Federal Contract Tower,0,0,6,4,10,0,55,13,1,69,0,55,19,5,79,190,0,190,269
08/05/2005,ARA,LA,ASW,CE,Federal Contract Tower,2,3,4,12,21,0,29,20,4,53,2,32,24,16,74,154,0,154,228
08/06/2005,ARA,LA,ASW,CE,Federal Contract Tower,1,8,0,11,20,0,45,14,3,62,1,53,14,14,82,364,6,370,452
08/07/2005,ARA,LA,ASW,CE,Federal Contract Tower,0,2,2,10,14,0,58,35,4,97,0,60,37,14,111,242,0,242,353
08/08/2005,ARA,LA,ASW,CE,Federal Contract Tower,2,3,6,7,18,0,43,18,1,62,2,46,24,8,80,236,0,236,316
08/09/2005,ARA,LA,ASW,CE,Federal Contract Tower,0,4,4,20,28,0,66,18,0,84,0,70,22,20,112,152,0,152,264
08/10/2005,ARA,LA,ASW,CE,Federal Contract Tower,1,1,10,20,32,0,57,38,0,95,1,58,48,20,127,132,0,132,259
08/11/2005,ARA,LA,ASW,CE,Federal Contract Tower,0,0,4,15,19,0,66,36,12,114,0,66,40,27,133,164,18,182,315
08/12/2005,ARA,LA,ASW,CE,Federal Contract Tower,0,4,2,20,26,0,46,18,15,79,0,50,20,35,105,114,6,120,225
08/13/2005,ARA,LA,ASW,CE,Federal Contract Tower,0,1,2,0,3,0,13,7,0,20,0,14,9,0,23,46,0,46,69
08/14/2005,ARA,LA,ASW,CE,Federal Contract Tower,0,2,1,9,12,0,46,12,4,62,0,48,13,13,74,182,4,186,260
08/15/2005,ARA,LA,ASW,CE,Federal Contract Tower,1,0,6,4,11,0,48,12,2,62,1,48,18,6,73,116,0,116,189
08/16/2005,ARA,LA,ASW,CE,Federal Contract Tower,2,3,3,34,42,0,44,30,5,79,2,47,33,39,121,164,26,190,311
08/17/2005,ARA,LA,ASW,CE,Federal Contract Tower,1,2,13,32,48,0,52,17,7,76,1,54,30,39,124,130,20,150,274
08/18/2005,ARA,LA,ASW,CE,Federal Contract Tower,0,4,4,20,28,0,50,30,16,96,0,54,34,36,124,142,12,154,278
08/19/2005,ARA,LA,ASW,CE,Federal Contract Tower,0,5,4,26,35,0,73,9,8,90,0,78,13,34,125,66,18,84,209
08/20/2005,ARA,LA,ASW,CE,Federal Contract Tower,0,0,1,10,11,1,54,29,0,84,1,54,30,10,95,258,6,264,359
08/21/2005,ARA,LA,ASW,CE,Federal Contract Tower,0,4,3,3,10,0,38,18,1,57,0,42,21,4,67,118,0,118,185
08/22/2005,ARA,LA,ASW,CE,Federal Contract Tower,1,7,0,3,11,0,44,9,1,54,1,51,9,4,65,122,0,122,187
08/23/2005,ARA,LA,ASW,CE,Federal Contract Tower,0,4,7,21,32,0,63,14,6,83,0,67,21,27,115,172,26,198,313
08/24/2005,ARA,LA,ASW,CE,Federal Contract Tower,0,6,5,5,16,0,53,34,6,93,0,59,39,11,109,137,6,143,252
08/25/2005,ARA,LA,ASW,CE,Federal Contract Tower,1,2,5,14,22,0,57,31,7,95,1,59,36,21,117,74,30,104,221
08/26/2005,ARA,LA,ASW,CE,Federal Contract Tower,0,0,5,28,33,0,68,14,2,84,0,68,19,30,117,118,10,128,245
08/27/2005,ARA,LA,ASW,CE,Federal Contract Tower,0,3,2,0,5,0,88,18,0,106,0,91,20,0,111,102,0,102,213
08/28/2005,ARA,LA,ASW,CE,Federal Contract Tower,0,7,7,0,14,0,280,6,9,295,0,287,13,9,309,184,0,184,493
08/29/2005,ARA,LA,ASW,CE,Federal Contract Tower,0,0,0,0,0,0,81,5,12,98,0,81,5,12,98,0,0,0,98
08/30/2005,ARA,LA,ASW,CE,Federal Contract Tower,0,0,3,0,3,0,191,43,8,242,0,191,46,8,245,50,0,50,295
08/31/2005,ARA,LA,ASW,CE,Federal Contract Tower,1,0,4,14,19,0,187,60,11,258,1,187,64,25,277,38,0,38,315
09/01/2005,ARA,LA,ASW,CE,Federal Contract Tower,0,9,4,1,14,0,187,41,8,236,0,196,45,9,250,200,0,200,450
09/02/2005,ARA,LA,ASW,CE,Federal Contract Tower,3,0,6,9,18,0,211,13,6,230,3,211,19,15,248,110,10,120,368
09/03/2005,ARA,LA,ASW,CE,Federal Contract Tower,0,6,2,0,8,0,119,24,6,149,0,125,26,6,157,156,0,156,313
09/04/2005,ARA,LA,ASW,CE,Federal Contract Tower,0,8,7,2,17,0,81,39,1,121,0,89,46,3,138,100,0,100,238
09/05/2005,ARA,LA,ASW,CE,Federal Contract Tower,0,0,3,4,7,0,101,28,1,130,0,101,31,5,137,80,0,80,217
09/06/2005,ARA,LA,ASW,CE,Federal Contract Tower,0,1,5,4,10,0,118,15,1,134,0,119,20,5,144,114,0,114,258
09/07/2005,ARA,LA,ASW,CE,Federal Contract Tower,0,1,4,2,7,0,124,36,0,160,0,125,40,2,167,48,0,48,215
09/08/2005,ARA,LA,ASW,CE,Federal Contract Tower,0,3,3,4,10,0,107,26,7,140,0,110,29,11,150,146,4,150,300
09/09/2005,ARA,LA,ASW,CE,Federal Contract Tower,1,0,5,2,8,0,116,23,2,141,1,116,28,4,149,154,8,162,311
09/10/2005,ARA,LA,ASW,CE,Federal Contract Tower,0,10,16,1,27,0,82,17,1,100,0,92,33,2,127,144,0,144,271
09/11/2005,ARA,LA,ASW,CE,Federal Contract Tower,1,1,2,2,6,0,68,12,1,81,1,69,14,3,87,142,0,142,229
09/12/2005,ARA,LA,ASW,CE,Federal Contract Tower,0,1,5,1,7,0,126,28,1,155,0,127,33,2,162,128,0,128,290
09/13/2005,ARA,LA,ASW,CE,Federal Contract Tower,0,5,16,6,27,0,114,19,2,135,0,119,35,8,162,80,0,80,242
09/14/2005,ARA,LA,ASW,CE,Federal Contract Tower,3,1,10,0,14,0,80,36,2,118,3,81,46,2,132,90,0,90,222
09/15/2005,ARA,LA,ASW,CE,Federal Contract Tower,0,3,5,0,8,0,161,33,0,194,0,164,38,0,202,100,0,100,302
09/16/2005,ARA,LA,ASW,CE,Federal Contract Tower,0,2,5,11,18,0,65,12,15,92,0,67,17,26,110,52,18,70,180
09/17/2005,ARA,LA,ASW,CE,Federal Contract Tower,2,0,7,2,11,0,70,19,1,90,2,70,26,3,101,158,2,160,261
09/18/2005,ARA,LA,ASW,CE,Federal Contract Tower,0,2,0,1,3,0,81,18,3,102,0,83,18,4,105,196,0,196,301
09/19/2005,ARA,LA,ASW,CE,Federal Contract Tower,0,0,4,2,6,0,81,15,4,100,0,81,19,6,106,144,0,144,250
09/20/2005,ARA,LA,ASW,CE,Federal Contract Tower,0,4,3,0,7,0,55,21,0,76,0,59,24,0,83,84,0,84,167
09/21/2005,ARA,LA,ASW,CE,Federal Contract Tower,0,2,6,8,16,0,47,35,0,82,0,49,41,8,98,76,0,76,174
09/22/2005,ARA,LA,ASW,CE,Federal Contract Tower,2,2,10,3,17,0,133,19,7,159,2,135,29,10,176,122,4,126,302
09/23/2005,ARA,LA,ASW,CE,Federal Contract Tower,0,0,0,0,0,0,0,0,0,0,0,0,0,0,0,0,0,0,0
09/24/2005,ARA,LA,ASW,CE,Federal Contract Tower,0,0,0,2,2,0,0,0,36,36,0,0,0,38,38,0,0,0,38
09/25/2005,ARA,LA,ASW,CE,Federal Contract Tower,0,2,1,1,4,0,208,73,49,330,0,210,74,50,334,0,0,0,334
09/26/2005,ARA,LA,ASW,CE,Federal Contract Tower,1,0,4,2,7,0,351,49,23,423,1,351,53,25,430,0,4,4,434
09/27/2005,ARA,LA,ASW,CE,Federal Contract Tower,0,1,3,27,31,0,218,33,21,272,0,219,36,48,303,158,0,158,461
09/28/2005,ARA,LA,ASW,CE,Federal Contract Tower,0,2,8,8,18,0,336,19,8,363,0,338,27,16,381,122,10,132,513
09/29/2005,ARA,LA,ASW,CE,Federal Contract Tower,2,4,8,9,23,0,361,22,16,399,2,365,30,25,422,20,0,20,442
09/30/2005,ARA,LA,ASW,CE,Federal Contract Tower,0,3,0,11,14,0,257,25,18,300,0,260,25,29,314,40,4,44,358
10/01/2005,ARA,LA,ASW,CE,Federal Contract Tower,0,7,4,2,13,0,271,14,12,297,0,278,18,14,310,88,6,94,404
10/02/2005,ARA,LA,ASW,CE,Federal Contract Tower,0,6,2,1,9,0,165,19,12,196,0,171,21,13,205,68,0,68,273
10/03/2005,ARA,LA,ASW,CE,Federal Contract Tower,0,2,4,12,18,0,282,17,7,306,0,284,21,19,324,70,18,88,412
10/04/2005,ARA,LA,ASW,CE,Federal Contract Tower,0,0,10,6,16,0,304,13,8,325,0,304,23,14,341,160,0,160,501
10/05/2005,ARA,LA,ASW,CE,Federal Contract Tower,0,4,15,10,29,0,362,39,7,408,0,366,54,17,437,64,0,64,501
10/06/2005,ARA,LA,ASW,CE,Federal Contract Tower,1,6,4,16,27,0,387,22,2,411,1,393,26,18,438,180,4,184,622
10/07/2005,ARA,LA,ASW,CE,Federal Contract Tower,2,1,4,23,30,0,241,16,17,274,2,242,20,40,304,84,6,90,394
10/08/2005,ARA,LA,ASW,CE,Federal Contract Tower,0,5,1,1,7,0,277,23,11,311,0,282,24,12,318,200,4,204,522
10/09/2005,ARA,LA,ASW,CE,Federal Contract Tower,0,3,0,0,3,0,201,54,5,260,0,204,54,5,263,130,0,130,393
10/10/2005,ARA,LA,ASW,CE,Federal Contract Tower,0,2,3,4,9,0,192,30,8,230,0,194,33,12,239,148,4,152,391
10/11/2005,ARA,LA,ASW,CE,Federal Contract Tower,0,7,6,3,16,0,285,31,13,329,0,292,37,16,345,190,2,192,537
10/12/2005,ARA,LA,ASW,CE,Federal Contract Tower,0,2,4,19,25,0,303,48,16,367,0,305,52,35,392,92,20,112,504
10/13/2005,ARA,LA,ASW,CE,Federal Contract Tower,0,0,6,18,24,0,265,17,8,290,0,265,23,26,314,10,14,24,338
10/14/2005,ARA,LA,ASW,CE,Federal Contract Tower,0,2,0,9,11,0,280,8,0,288,0,282,8,9,299,100,4,104,403
10/15/2005,ARA,LA,ASW,CE,Federal Contract Tower,2,4,0,0,6,0,217,26,3,246,2,221,26,3,252,232,0,232,484
10/16/2005,ARA,LA,ASW,CE,Federal Contract Tower,0,2,3,2,7,0,198,34,3,235,0,200,37,5,242,168,6,174,416
10/17/2005,ARA,LA,ASW,CE,Federal Contract Tower,1,2,3,12,18,0,192,25,3,220,1,194,28,15,238,130,8,138,376
10/18/2005,ARA,LA,ASW,CE,Federal Contract Tower,0,1,13,18,32,0,251,18,11,280,0,252,31,29,312,142,14,156,468
10/19/2005,ARA,LA,ASW,CE,Federal Contract Tower,1,3,8,25,37,0,276,27,25,328,1,279,35,50,365,118,2,120,485
10/20/2005,ARA,LA,ASW,CE,Federal Contract Tower,0,10,7,25,42,0,277,9,9,295,0,287,16,34,337,206,34,240,577
10/21/2005,ARA,LA,ASW,CE,Federal Contract Tower,0,14,8,28,50,0,237,14,15,266,0,251,22,43,316,64,6,70,386
10/22/2005,ARA,LA,ASW,CE,Federal Contract Tower,0,13,1,0,14,0,203,28,0,231,0,216,29,0,245,152,0,152,397
10/23/2005,ARA,LA,ASW,CE,Federal Contract Tower,0,21,3,7,31,0,156,17,4,177,0,177,20,11,208,232,0,232,440
10/24/2005,ARA,LA,ASW,CE,Federal Contract Tower,0,4,3,11,18,0,134,18,2,154,0,138,21,13,172,82,0,82,254
10/25/2005,ARA,LA,ASW,CE,Federal Contract Tower,0,7,5,6,18,0,306,22,2,330,0,313,27,8,348,152,2,154,502
10/26/2005,ARA,LA,ASW,CE,Federal Contract Tower,0,3,7,6,16,0,285,16,4,305,0,288,23,10,321,122,4,126,447
10/27/2005,ARA,LA,ASW,CE,Federal Contract Tower,0,4,7,12,23,0,322,21,5,348,0,326,28,17,371,168,14,182,553
10/28/2005,ARA,LA,ASW,CE,Federal Contract Tower,1,3,8,17,29,0,224,8,4,236,1,227,16,21,265,182,4,186,451
10/29/2005,ARA,LA,ASW,CE,Federal Contract Tower,0,6,4,6,16,0,143,17,6,166,0,149,21,12,182,120,2,122,304
10/30/2005,ARA,LA,ASW,CE,Federal Contract Tower,1,5,3,17,26,0,132,22,10,164,1,137,25,27,190,90,6,96,286
10/31/2005,ARA,LA,ASW,CE,Federal Contract Tower,1,4,5,22,32,0,173,12,10,195,1,177,17,32,227,158,6,164,391
11/01/2005,ARA,LA,ASW,CE,Federal Contract Tower,1,10,4,21,36,0,175,10,3,188,1,185,14,24,224,130,0,130,354
11/02/2005,ARA,LA,ASW,CE,Federal Contract Tower,0,2,13,14,29,0,229,27,8,264,0,231,40,22,293,170,22,192,485
11/03/2005,ARA,LA,ASW,CE,Federal Contract Tower,0,0,7,18,25,0,218,16,15,249,0,218,23,33,274,116,6,122,396
11/04/2005,ARA,LA,ASW,CE,Federal Contract Tower,0,5,5,43,53,0,214,9,28,251,0,219,14,71,304,220,60,280,584
11/05/2005,ARA,LA,ASW,CE,Federal Contract Tower,0,11,4,0,15,0,111,11,0,122,0,122,15,0,137,84,0,84,221
11/06/2005,ARA,LA,ASW,CE,Federal Contract Tower,0,4,5,11,20,0,124,14,1,139,0,128,19,12,159,140,0,140,299
11/07/2005,ARA,LA,ASW,CE,Federal Contract Tower,0,9,6,9,24,0,112,9,0,121,0,121,15,9,145,140,2,142,287
11/08/2005,ARA,LA,ASW,CE,Federal Contract Tower,1,17,11,20,49,0,99,14,5,118,1,116,25,25,167,84,16,100,267
11/09/2005,ARA,LA,ASW,CE,Federal Contract Tower,0,10,15,11,36,0,115,18,3,136,0,125,33,14,172,42,6,48,220
11/10/2005,ARA,LA,ASW,CE,Federal Contract Tower,0,34,11,12,57,0,182,9,0,191,0,216,20,12,248,30,0,30,278
11/11/2005,ARA,LA,ASW,CE,Federal Contract Tower,2,0,16,4,22,0,184,24,4,212,2,184,40,8,234,178,8,186,420
11/12/2005,ARA,LA,ASW,CE,Federal Contract Tower,0,5,4,10,19,0,136,9,0,145,0,141,13,10,164,160,2,162,326
11/13/2005,ARA,LA,ASW,CE,Federal Contract Tower,0,13,1,0,14,0,146,16,0,162,0,159,17,0,176,180,0,180,356
11/14/2005,ARA,LA,ASW,CE,Federal Contract Tower,0,18,3,9,30,0,91,4,0,95,0,109,7,9,125,124,0,124,249
11/15/2005,ARA,LA,ASW,CE,Federal Contract Tower,0,0,2,10,12,0,226,6,0,232,0,226,8,10,244,244,0,244,488
11/16/2005,ARA,LA,ASW,CE,Federal Contract Tower,1,4,13,20,38,0,207,14,5,226,1,211,27,25,264,100,24,124,388
11/17/2005,ARA,LA,ASW,CE,Federal Contract Tower,0,0,9,25,34,0,220,23,9,252,0,220,32,34,286,176,16,192,478
11/18/2005,ARA,LA,ASW,CE,Federal Contract Tower,0,1,3,15,19,0,148,15,8,171,0,149,18,23,190,82,2,84,274
11/19/2005,ARA,LA,ASW,CE,Federal Contract Tower,0,12,3,28,43,0,114,20,2,136,0,126,23,30,179,142,36,178,357
11/20/2005,ARA,LA,ASW,CE,Federal Contract Tower,0,6,0,2,8,0,78,7,2,87,0,84,7,4,95,152,4,156,251
11/21/2005,ARA,LA,ASW,CE,Federal Contract Tower,1,1,8,14,24,0,136,9,3,148,1,137,17,17,172,308,22,330,502
11/22/2005,ARA,LA,ASW,CE,Federal Contract Tower,0,3,5,28,36,0,151,20,8,179,0,154,25,36,215,200,14,214,429
11/23/2005,ARA,LA,ASW,CE,Federal Contract Tower,0,7,8,10,25,0,161,18,3,182,0,168,26,13,207,102,12,114,321
11/24/2005,ARA,LA,ASW,CE,Federal Contract Tower,0,4,1,1,6,0,114,9,0,123,0,118,10,1,129,66,0,66,195
11/25/2005,ARA,LA,ASW,CE,Federal Contract Tower,0,1,3,0,4,0,78,8,0,86,0,79,11,0,90,84,0,84,174
11/26/2005,ARA,LA,ASW,CE,Federal Contract Tower,4,4,3,0,11,0,34,4,0,38,4,38,7,0,49,50,0,50,99
11/27/2005,ARA,LA,ASW,CE,Federal Contract Tower,0,3,1,4,8,0,42,6,2,50,0,45,7,6,58,74,0,74,132
11/28/2005,ARA,LA,ASW,CE,Federal Contract Tower,0,2,2,17,21,0,81,10,1,92,0,83,12,18,113,302,24,326,439
11/29/2005,ARA,LA,ASW,CE,Federal Contract Tower,0,0,7,24,31,0,124,13,10,147,0,124,20,34,178,206,18,224,402
11/30/2005,ARA,LA,ASW,CE,Federal Contract Tower,0,0,11,19,30,0,85,24,5,114,0,85,35,24,144,0,20,20,164
12/01/2005,ARA,LA,ASW,CE,Federal Contract Tower,2,2,3,20,27,2,147,18,12,179,4,149,21,32,206,56,16,72,278
12/02/2005,ARA,LA,ASW,CE,Federal Contract Tower,0,1,9,31,41,0,108,8,8,124,0,109,17,39,165,102,0,102,267
12/03/2005,ARA,LA,ASW,CE,Federal Contract Tower,0,5,0,8,13,0,55,1,0,56,0,60,1,8,69,58,2,60,129
12/04/2005,ARA,LA,ASW,CE,Federal Contract Tower,1,11,3,2,17,2,62,6,0,70,3,73,9,2,87,144,0,144,231
12/05/2005,ARA,LA,ASW,CE,Federal Contract Tower,0,22,6,34,62,0,46,19,12,77,0,68,25,46,139,98,16,114,253
12/06/2005,ARA,LA,ASW,CE,Federal Contract Tower,0,0,10,22,32,0,72,11,4,87,0,72,21,26,119,200,6,206,325
12/07/2005,ARA,LA,ASW,CE,Federal Contract Tower,0,1,9,19,29,0,102,8,7,117,0,103,17,26,146,110,26,136,282
12/08/2005,ARA,LA,ASW,CE,Federal Contract Tower,0,21,9,31,61,0,79,4,14,97,0,100,13,45,158,82,2,84,242
12/09/2005,ARA,LA,ASW,CE,Federal Contract Tower,2,2,9,39,52,3,66,11,18,98,5,68,20,57,150,88,30,118,268
12/10/2005,ARA,LA,ASW,CE,Federal Contract Tower,0,15,6,5,26,0,42,7,0,49,0,57,13,5,75,182,2,184,259
12/11/2005,ARA,LA,ASW,CE,Federal Contract Tower,0,7,3,10,20,0,69,30,6,105,0,76,33,16,125,192,0,192,317
12/12/2005,ARA,LA,ASW,CE,Federal Contract Tower,0,0,10,10,20,0,68,17,3,88,0,68,27,13,108,166,0,166,274
12/13/2005,ARA,LA,ASW,CE,Federal Contract Tower,0,4,7,40,51,0,90,22,8,120,0,94,29,48,171,166,18,184,355
12/14/2005,ARA,LA,ASW,CE,Federal Contract Tower,0,0,8,3,11,0,54,13,0,67,0,54,21,3,78,180,0,180,258
12/15/2005,ARA,LA,ASW,CE,Federal Contract Tower,0,5,8,13,26,0,82,30,9,121,0,87,38,22,147,110,4,114,261
12/16/2005,ARA,LA,ASW,CE,Federal Contract Tower,0,14,8,10,32,0,90,8,8,106,0,104,16,18,138,238,2,240,378
12/17/2005,ARA,LA,ASW,CE,Federal Contract Tower,0,0,6,0,6,0,9,3,0,12,0,9,9,0,18,0,0,0,18
12/18/2005,ARA,LA,ASW,CE,Federal Contract Tower,0,14,0,6,20,0,73,4,2,79,0,87,4,8,99,130,0,130,229
12/19/2005,ARA,LA,ASW,CE,Federal Contract Tower,0,0,4,8,12,0,56,9,4,69,0,56,13,12,81,128,0,128,209
12/20/2005,ARA,LA,ASW,CE,Federal Contract Tower,0,1,8,24,33,0,41,9,13,63,0,42,17,37,96,104,14,118,214
12/21/2005,ARA,LA,ASW,CE,Federal Contract Tower,0,2,4,12,18,0,78,14,7,99,0,80,18,19,117,154,16,170,287
12/22/2005,ARA,LA,ASW,CE,Federal Contract Tower,0,2,2,2,6,0,55,11,1,67,0,57,13,3,73,34,0,34,107
12/23/2005,ARA,LA,ASW,CE,Federal Contract Tower,0,0,8,0,8,0,45,27,0,72,0,45,35,0,80,106,0,106,186
12/24/2005,ARA,LA,ASW,CE,Federal Contract Tower,0,5,2,0,7,0,11,3,0,14,0,16,5,0,21,0,0,0,21
12/25/2005,ARA,LA,ASW,CE,Federal Contract Tower,0,0,2,0,2,0,19,5,0,24,0,19,7,0,26,16,0,16,42
12/26/2005,ARA,LA,ASW,CE,Federal Contract Tower,0,2,3,0,5,0,11,7,0,18,0,13,10,0,23,20,0,20,43
12/27/2005,ARA,LA,ASW,CE,Federal Contract Tower,0,10,9,2,21,0,38,13,4,55,0,48,22,6,76,54,0,54,130
12/28/2005,ARA,LA,ASW,CE,Federal Contract Tower,0,9,18,18,45,0,62,19,3,84,0,71,37,21,129,82,26,108,237
12/29/2005,ARA,LA,ASW,CE,Federal Contract Tower,0,12,4,4,20,0,78,34,0,112,0,90,38,4,132,188,0,188,320
12/30/2005,ARA,LA,ASW,CE,Federal Contract Tower,1,0,1,1,3,0,71,9,5,85,1,71,10,6,88,310,0,310,398
12/31/2005,ARA,LA,ASW,CE,Federal Contract Tower,0,16,4,0,20,0,21,0,0,21,0,37,4,0,41,156,0,156,197
01/01/2006,ARA,LA,ASW,CE,Federal Contract Tower,3,8,2,0,13,0,7,1,0,8,3,15,3,0,21,46,0,46,67
01/02/2006,ARA,LA,ASW,CE,Federal Contract Tower,0,0,6,0,6,0,45,25,4,74,0,45,31,4,80,152,0,152,232
01/03/2006,ARA,LA,ASW,CE,Federal Contract Tower,0,8,4,9,21,0,75,28,9,112,0,83,32,18,133,136,24,160,293
01/04/2006,ARA,LA,ASW,CE,Federal Contract Tower,0,1,15,22,38,0,74,27,3,104,0,75,42,25,142,84,12,96,238
01/05/2006,ARA,LA,ASW,CE,Federal Contract Tower,0,1,4,19,24,0,54,23,8,85,0,55,27,27,109,84,38,122,231
01/06/2006,ARA,LA,ASW,CE,Federal Contract Tower,0,1,6,17,24,0,70,9,18,97,0,71,15,35,121,180,40,220,341
01/07/2006,ARA,LA,ASW,CE,Federal Contract Tower,0,10,3,0,13,0,48,14,0,62,0,58,17,0,75,116,0,116,191
01/08/2006,ARA,LA,ASW,CE,Federal Contract Tower,0,2,1,0,3,0,52,11,0,63,0,54,12,0,66,162,0,162,228
01/09/2006,ARA,LA,ASW,CE,Federal Contract Tower,0,0,0,7,7,0,75,11,3,89,0,75,11,10,96,70,0,70,166
01/10/2006,ARA,LA,ASW,CE,Federal Contract Tower,0,1,4,13,18,0,48,8,2,58,0,49,12,15,76,112,6,118,194
01/11/2006,ARA,LA,ASW,CE,Federal Contract Tower,0,1,4,17,22,0,60,18,3,81,0,61,22,20,103,70,4,74,177
01/12/2006,ARA,LA,ASW,CE,Federal Contract Tower,0,8,4,5,17,0,42,16,3,61,0,50,20,8,78,190,0,190,268
01/13/2006,ARA,LA,ASW,CE,Federal Contract Tower,1,3,1,24,29,1,48,8,10,67,2,51,9,34,96,86,20,106,202
01/14/2006,ARA,LA,ASW,CE,Federal Contract Tower,0,6,7,0,13,0,40,23,0,63,0,46,30,0,76,112,0,112,188
01/15/2006,ARA,LA,ASW,CE,Federal Contract Tower,0,4,1,2,7,0,31,22,0,53,0,35,23,2,60,132,2,134,194
01/16/2006,ARA,LA,ASW,CE,Federal Contract Tower,0,0,5,17,22,0,49,5,4,58,0,49,10,21,80,152,12,164,244
01/17/2006,ARA,LA,ASW,CE,Federal Contract Tower,0,2,7,9,18,0,26,3,3,32,0,28,10,12,50,94,2,96,146
01/18/2006,ARA,LA,ASW,CE,Federal Contract Tower,0,0,12,4,16,0,86,26,4,116,0,86,38,8,132,84,0,84,216
01/19/2006,ARA,LA,ASW,CE,Federal Contract Tower,0,5,6,11,22,0,61,14,2,77,0,66,20,13,99,240,4,244,343
01/20/2006,ARA,LA,ASW,CE,Federal Contract Tower,0,6,1,18,25,0,59,23,3,85,0,65,24,21,110,136,10,146,256
01/21/2006,ARA,LA,ASW,CE,Federal Contract Tower,0,11,11,2,24,0,21,6,0,27,0,32,17,2,51,98,0,98,149
01/22/2006,ARA,LA,ASW,CE,Federal Contract Tower,2,2,0,2,6,0,15,9,0,24,2,17,9,2,30,24,0,24,54
01/23/2006,ARA,LA,ASW,CE,Federal Contract Tower,0,13,7,12,32,0,19,0,2,21,0,32,7,14,53,76,2,78,131
01/24/2006,ARA,LA,ASW,CE,Federal Contract Tower,0,12,15,27,54,0,59,5,11,75,0,71,20,38,129,202,18,220,349
01/25/2006,ARA,LA,ASW,CE,Federal Contract Tower,0,9,7,26,42,0,105,8,4,117,0,114,15,30,159,150,16,166,325
01/26/2006,ARA,LA,ASW,CE,Federal Contract Tower,0,3,3,6,12,0,72,34,6,112,0,75,37,12,124,152,20,172,296
01/27/2006,ARA,LA,ASW,CE,Federal Contract Tower,0,3,4,15,22,0,56,12,19,87,0,59,16,34,109,88,16,104,213
01/28/2006,ARA,LA,ASW,CE,Federal Contract Tower,1,0,0,12,13,0,28,0,3,31,1,28,0,15,44,72,2,74,118
01/29/2006,ARA,LA,ASW,CE,Federal Contract Tower,0,5,3,34,42,0,37,25,19,81,0,42,28,53,123,122,6,128,251
01/30/2006,ARA,LA,ASW,CE,Federal Contract Tower,0,0,8,14,22,0,24,13,10,47,0,24,21,24,69,94,14,108,177
01/31/2006,ARA,LA,ASW,CE,Federal Contract Tower,1,0,7,26,34,0,35,21,15,71,1,35,28,41,105,86,10,96,201
02/01/2006,ARA,LA,ASW,CE,Federal Contract Tower,0,0,1,10,11,0,62,9,1,72,0,62,10,11,83,88,2,90,173
02/02/2006,ARA,LA,ASW,CE,Federal Contract Tower,0,0,2,19,21,0,40,13,5,58,0,40,15,24,79,48,8,56,135
02/03/2006,ARA,LA,ASW,CE,Federal Contract Tower,0,4,3,20,27,0,27,3,6,36,0,31,6,26,63,0,14,14,77
02/04/2006,ARA,LA,ASW,CE,Federal Contract Tower,0,2,6,15,23,0,22,12,5,39,0,24,18,20,62,100,18,118,180
02/05/2006,ARA,LA,ASW,CE,Federal Contract Tower,1,5,3,12,21,0,17,24,9,50,1,22,27,21,71,30,8,38,109
02/06/2006,ARA,LA,ASW,CE,Federal Contract Tower,0,0,0,34,34,0,65,2,1,68,0,65,2,35,102,202,0,202,304
02/07/2006,ARA,LA,ASW,CE,Federal Contract Tower,0,0,1,28,29,0,41,15,13,69,0,41,16,41,98,120,36,156,254
02/08/2006,ARA,LA,ASW,CE,Federal Contract Tower,0,0,5,16,21,0,71,16,7,94,0,71,21,23,115,104,32,136,251
02/09/2006,ARA,LA,ASW,CE,Federal Contract Tower,0,1,5,11,17,0,61,41,7,109,0,62,46,18,126,30,10,40,166
02/10/2006,ARA,LA,ASW,CE,Federal Contract Tower,1,0,5,10,16,0,66,7,5,78,1,66,12,15,94,202,6,208,302
02/11/2006,ARA,LA,ASW,CE,Federal Contract Tower,0,6,1,6,13,0,59,0,2,61,0,65,1,8,74,148,0,148,222
02/12/2006,ARA,LA,ASW,CE,Federal Contract Tower,0,10,0,14,24,0,67,21,4,92,0,77,21,18,116,210,8,218,334
02/13/2006,ARA,LA,ASW,CE,Federal Contract Tower,0,0,16,20,36,0,70,11,2,83,0,70,27,22,119,142,2,144,263
02/14/2006,ARA,LA,ASW,CE,Federal Contract Tower,0,1,4,4,9,0,66,27,1,94,0,67,31,5,103,118,20,138,241
02/15/2006,ARA,LA,ASW,CE,Federal Contract Tower,3,2,3,8,16,0,72,17,3,92,3,74,20,11,108,172,16,188,296
02/16/2006,ARA,LA,ASW,CE,Federal Contract Tower,0,5,5,39,49,0,74,19,17,110,0,79,24,56,159,106,2,108,267
02/17/2006,ARA,LA,ASW,CE,Federal Contract Tower,0,12,2,21,35,0,14,4,1,19,0,26,6,22,54,30,10,40,94
02/18/2006,ARA,LA,ASW,CE,Federal Contract Tower,0,3,3,0,6,0,7,9,0,16,0,10,12,0,22,10,0,10,32
02/19/2006,ARA,LA,ASW,CE,Federal Contract Tower,0,6,3,6,15,0,24,2,2,28,0,30,5,8,43,70,0,70,113
02/20/2006,ARA,LA,ASW,CE,Federal Contract Tower,0,4,9,6,19,0,1,0,4,5,0,5,9,10,24,0,0,0,24
02/21/2006,ARA,LA,ASW,CE,Federal Contract Tower,1,7,12,0,20,1,30,1,0,32,2,37,13,0,52,96,0,96,148
02/22/2006,ARA,LA,ASW,CE,Federal Contract Tower,0,10,5,15,30,0,28,7,1,36,0,38,12,16,66,100,2,102,168
02/23/2006,ARA,LA,ASW,CE,Federal Contract Tower,0,0,13,21,34,0,62,20,11,93,0,62,33,32,127,110,12,122,249
02/24/2006,ARA,LA,ASW,CE,Federal Contract Tower,2,6,9,9,26,0,51,8,0,59,2,57,17,9,85,108,0,108,193
02/25/2006,ARA,LA,ASW,CE,Federal Contract Tower,0,0,2,3,5,0,0,0,1,1,0,0,2,4,6,0,0,0,6
02/26/2006,ARA,LA,ASW,CE,Federal Contract Tower,3,2,0,9,14,0,69,15,7,91,3,71,15,16,105,234,12,246,351
02/27/2006,ARA,LA,ASW,CE,Federal Contract Tower,0,1,12,20,33,0,72,13,11,96,0,73,25,31,129,186,10,196,325
02/28/2006,ARA,LA,ASW,CE,Federal Contract Tower,1,2,5,15,23,0,45,25,7,77,1,47,30,22,100,156,4,160,260
03/01/2006,ARA,LA,ASW,CE,Federal Contract Tower,0,0,9,19,28,0,81,22,10,113,0,81,31,29,141,142,14,156,297
03/02/2006,ARA,LA,ASW,CE,Federal Contract Tower,0,2,5,10,17,0,62,16,8,86,0,64,21,18,103,202,1,203,306
03/03/2006,ARA,LA,ASW,CE,Federal Contract Tower,2,1,1,19,23,0,74,22,12,108,2,75,23,31,131,228,24,252,383
03/04/2006,ARA,LA,ASW,CE,Federal Contract Tower,0,6,2,2,10,0,29,57,0,86,0,35,59,2,96,120,10,130,226
03/05/2006,ARA,LA,ASW,CE,Federal Contract Tower,0,0,2,15,17,0,38,22,13,73,0,38,24,28,90,92,0,92,182
03/06/2006,ARA,LA,ASW,CE,Federal Contract Tower,1,4,4,5,14,0,35,2,5,42,1,39,6,10,56,144,0,144,200
03/07/2006,ARA,LA,ASW,CE,Federal Contract Tower,1,2,11,7,21,0,78,12,5,95,1,80,23,12,116,194,24,218,334
03/08/2006,ARA,LA,ASW,CE,Federal Contract Tower,0,3,6,17,26,0,54,14,3,71,0,57,20,20,97,110,6,116,213
03/09/2006,ARA,LA,ASW,CE,Federal Contract Tower,0,3,5,9,17,0,24,3,2,29,0,27,8,11,46,60,0,60,106
03/10/2006,ARA,LA,ASW,CE,Federal Contract Tower,0,3,4,23,30,0,41,11,2,54,0,44,15,25,84,178,0,178,262
03/11/2006,ARA,LA,ASW,CE,Federal Contract Tower,0,0,3,7,10,0,36,4,1,41,0,36,7,8,51,230,0,230,281
03/12/2006,ARA,LA,ASW,CE,Federal Contract Tower,0,3,4,13,20,0,36,7,10,53,0,39,11,23,73,180,0,180,253
03/13/2006,ARA,LA,ASW,CE,Federal Contract Tower,0,3,3,2,8,0,57,9,0,66,0,60,12,2,74,192,0,192,266
03/14/2006,ARA,LA,ASW,CE,Federal Contract Tower,2,1,10,12,25,0,101,27,13,141,2,102,37,25,166,366,12,378,544
03/15/2006,ARA,LA,ASW,CE,Federal Contract Tower,2,0,10,20,32,0,74,57,5,136,2,74,67,25,168,204,10,214,382
03/16/2006,ARA,LA,ASW,CE,Federal Contract Tower,2,5,6,20,33,0,64,31,1,96,2,69,37,21,129,178,6,184,313
03/17/2006,ARA,LA,ASW,CE,Federal Contract Tower,0,3,10,23,36,0,34,61,9,104,0,37,71,32,140,220,54,274,414
03/18/2006,ARA,LA,ASW,CE,Federal Contract Tower,0,5,2,2,9,0,68,20,0,88,0,73,22,2,97,188,0,188,285
03/19/2006,ARA,LA,ASW,CE,Federal Contract Tower,0,1,5,6,12,0,56,17,2,75,0,57,22,8,87,258,0,258,345
03/20/2006,ARA,LA,ASW,CE,Federal Contract Tower,0,10,1,4,15,0,31,6,0,37,0,41,7,4,52,58,0,58,110
03/21/2006,ARA,LA,ASW,CE,Federal Contract Tower,0,4,13,37,54,0,93,90,7,190,0,97,103,44,244,300,30,330,574
03/22/2006,ARA,LA,ASW,CE,Federal Contract Tower,1,3,25,26,55,0,61,57,4,122,1,64,82,30,177,274,36,310,487
03/23/2006,ARA,LA,ASW,CE,Federal Contract Tower,1,4,10,29,44,0,66,57,24,147,1,70,67,53,191,360,2,362,553
03/24/2006,ARA,LA,ASW,CE,Federal Contract Tower,1,1,5,40,47,0,73,59,10,142,1,74,64,50,189,406,0,406,595
03/25/2006,ARA,LA,ASW,CE,Federal Contract Tower,0,8,6,6,20,0,63,46,7,116,0,71,52,13,136,298,0,298,434
03/26/2006,ARA,LA,ASW,CE,Federal Contract Tower,0,8,4,16,28,0,61,53,11,125,0,69,57,27,153,292,24,316,469
03/27/2006,ARA,LA,ASW,CE,Federal Contract Tower,0,1,14,13,28,0,56,64,5,125,0,57,78,18,153,290,12,302,455
03/28/2006,ARA,LA,ASW,CE,Federal Contract Tower,0,4,13,10,27,0,62,86,6,154,0,66,99,16,181,240,8,248,429
03/29/2006,ARA,LA,ASW,CE,Federal Contract Tower,0,1,20,10,31,0,80,53,7,140,0,81,73,17,171,314,0,314,485
03/30/2006,ARA,LA,ASW,CE,Federal Contract Tower,0,0,12,6,18,0,67,43,1,111,0,67,55,7,129,296,0,296,425
03/31/2006,ARA,LA,ASW,CE,Federal Contract Tower,0,0,11,16,27,0,56,51,4,111,0,56,62,20,138,130,20,150,288
04/01/2006,ARA,LA,ASW,CE,Federal Contract Tower,2,0,15,12,29,0,35,47,12,94,2,35,62,24,123,276,8,284,407
04/02/2006,ARA,LA,ASW,CE,Federal Contract Tower,0,0,9,6,15,0,63,13,5,81,0,63,22,11,96,254,12,266,362
04/03/2006,ARA,LA,ASW,CE,Federal Contract Tower,0,2,16,26,44,0,53,55,13,121,0,55,71,39,165,281,16,297,462
04/04/2006,ARA,LA,ASW,CE,Federal Contract Tower,0,0,17,23,40,0,50,78,13,141,0,50,95,36,181,322,12,334,515
04/05/2006,ARA,LA,ASW,CE,Federal Contract Tower,0,5,17,34,56,0,69,64,4,137,0,74,81,38,193,302,28,330,523
04/06/2006,ARA,LA,ASW,CE,Federal Contract Tower,0,10,6,21,37,0,64,34,21,119,0,74,40,42,156,186,6,192,348
04/07/2006,ARA,LA,ASW,CE,Federal Contract Tower,1,0,5,12,18,0,53,20,5,78,1,53,25,17,96,82,14,96,192
04/08/2006,ARA,LA,ASW,CE,Federal Contract Tower,0,8,3,2,13,0,31,40,0,71,0,39,43,2,84,172,0,172,256
04/09/2006,ARA,LA,ASW,CE,Federal Contract Tower,0,2,2,7,11,0,31,25,6,62,0,33,27,13,73,122,0,122,195
04/10/2006,ARA,LA,ASW,CE,Federal Contract Tower,0,0,13,25,38,0,42,67,13,122,0,42,80,38,160,284,6,290,450
04/11/2006,ARA,LA,ASW,CE,Federal Contract Tower,0,0,24,29,53,0,98,71,1,170,0,98,95,30,223,342,30,372,595
04/12/2006,ARA,LA,ASW,CE,Federal Contract Tower,0,0,27,28,55,0,70,60,0,130,0,70,87,28,185,294,16,310,495
04/13/2006,ARA,LA,ASW,CE,Federal Contract Tower,0,0,29,6,35,0,92,89,2,183,0,92,118,8,218,288,0,288,506
04/14/2006,ARA,LA,ASW,CE,Federal Contract Tower,0,0,4,19,23,0,59,62,2,123,0,59,66,21,146,200,8,208,354
04/15/2006,ARA,LA,ASW,CE,Federal Contract Tower,0,0,10,0,10,0,42,61,2,105,0,42,71,2,115,72,0,72,187
04/16/2006,ARA,LA,ASW,CE,Federal Contract Tower,0,0,3,0,3,0,34,24,0,58,0,34,27,0,61,104,0,104,165
04/17/2006,ARA,LA,ASW,CE,Federal Contract Tower,0,2,17,12,31,0,62,68,6,136,0,64,85,18,167,300,2,302,469
04/18/2006,ARA,LA,ASW,CE,Federal Contract Tower,3,0,11,18,32,0,89,76,3,168,3,89,87,21,200,362,26,388,588
04/19/2006,ARA,LA,ASW,CE,Federal Contract Tower,1,0,10,23,34,0,72,75,10,157,1,72,85,33,191,348,10,358,549
04/20/2006,ARA,LA,ASW,CE,Federal Contract Tower,0,0,15,6,21,0,67,99,5,171,0,67,114,11,192,388,10,398,590
04/21/2006,ARA,LA,ASW,CE,Federal Contract Tower,1,2,7,4,14,0,43,35,0,78,1,45,42,4,92,218,10,228,320
04/22/2006,ARA,LA,ASW,CE,Federal Contract Tower,0,5,20,6,31,0,36,48,2,86,0,41,68,8,117,258,0,258,375
04/23/2006,ARA,LA,ASW,CE,Federal Contract Tower,0,16,3,11,30,0,63,35,14,112,0,79,38,25,142,200,12,212,354
04/24/2006,ARA,LA,ASW,CE,Federal Contract Tower,0,5,17,14,36,0,75,78,2,155,0,80,95,16,191,290,0,290,481
04/25/2006,ARA,LA,ASW,CE,Federal Contract Tower,1,4,8,33,46,0,73,40,5,118,1,77,48,38,164,380,26,406,570
04/26/2006,ARA,LA,ASW,CE,Federal Contract Tower,2,0,8,6,16,0,55,53,0,108,2,55,61,6,124,318,10,328,452
04/27/2006,ARA,LA,ASW,CE,Federal Contract Tower,0,0,42,21,63,0,66,98,12,176,0,66,140,33,239,312,16,328,567
04/28/2006,ARA,LA,ASW,CE,Federal Contract Tower,0,0,17,26,43,0,61,85,3,149,0,61,102,29,192,402,28,430,622
04/29/2006,ARA,LA,ASW,CE,Federal Contract Tower,0,3,0,0,3,0,15,2,0,17,0,18,2,0,20,50,0,50,70
04/30/2006,ARA,LA,ASW,CE,Federal Contract Tower,0,13,24,32,69,0,16,57,3,76,0,29,81,35,145,178,6,184,329
05/01/2006,ARA,LA,ASW,CE,Federal Contract Tower,1,0,27,26,54,0,38,102,2,142,1,38,129,28,196,290,0,290,486
05/02/2006,ARA,LA,ASW,CE,Federal Contract Tower,0,0,22,7,29,0,50,82,6,138,0,50,104,13,167,330,0,330,497
05/03/2006,ARA,LA,ASW,CE,Federal Contract Tower,1,2,15,37,55,0,68,84,3,155,1,70,99,40,210,322,22,344,554
05/04/2006,ARA,LA,ASW,CE,Federal Contract Tower,3,0,17,9,29,0,56,59,1,116,3,56,76,10,145,220,14,234,379
05/05/2006,ARA,LA,ASW,CE,Federal Contract Tower,0,0,9,3,12,0,59,42,13,114,0,59,51,16,126,270,10,280,406
05/06/2006,ARA,LA,ASW,CE,Federal Contract Tower,0,0,8,0,8,0,35,10,0,45,0,35,18,0,53,178,0,178,231
05/07/2006,ARA,LA,ASW,CE,Federal Contract Tower,0,9,32,14,55,0,24,4,10,38,0,33,36,24,93,280,0,280,373
05/08/2006,ARA,LA,ASW,CE,Federal Contract Tower,2,1,10,11,24,0,36,60,3,99,2,37,70,14,123,410,8,418,541
05/09/2006,ARA,LA,ASW,CE,Federal Contract Tower,0,2,15,6,23,0,58,85,3,146,0,60,100,9,169,348,14,362,531
05/10/2006,ARA,LA,ASW,CE,Federal Contract Tower,0,0,24,56,80,0,43,57,2,102,0,43,81,58,182,228,30,258,440
05/11/2006,ARA,LA,ASW,CE,Federal Contract Tower,1,0,32,35,68,0,50,74,2,126,1,50,106,37,194,330,6,336,530
05/12/2006,ARA,LA,ASW,CE,Federal Contract Tower,0,0,32,26,58,0,60,85,12,157,0,60,117,38,215,412,32,444,659
05/13/2006,ARA,LA,ASW,CE,Federal Contract Tower,1,5,16,4,26,0,33,66,2,101,1,38,82,6,127,190,6,196,323
05/14/2006,ARA,LA,ASW,CE,Federal Contract Tower,0,2,7,10,19,0,29,8,0,37,0,31,15,10,56,104,6,110,166
05/15/2006,ARA,LA,ASW,CE,Federal Contract Tower,0,0,15,42,57,0,72,73,10,155,0,72,88,52,212,366,0,366,578
05/16/2006,ARA,LA,ASW,CE,Federal Contract Tower,0,0,16,23,39,0,61,104,5,170,0,61,120,28,209,378,28,406,615
05/17/2006,ARA,LA,ASW,CE,Federal Contract Tower,1,0,18,29,48,0,57,72,10,139,1,57,90,39,187,342,32,374,561
05/18/2006,ARA,LA,ASW,CE,Federal Contract Tower,0,0,25,25,50,0,34,80,11,125,0,34,105,36,175,168,36,204,379
05/19/2006,ARA,LA,ASW,CE,Federal Contract Tower,0,6,10,22,38,0,37,51,2,90,0,43,61,24,128,181,10,191,319
05/20/2006,ARA,LA,ASW,CE,Federal Contract Tower,0,0,12,6,18,0,28,58,0,86,0,28,70,6,104,253,0,253,357
05/21/2006,ARA,LA,ASW,CE,Federal Contract Tower,3,2,4,16,25,0,35,27,19,81,3,37,31,35,106,162,0,162,268
05/22/2006,ARA,LA,ASW,CE,Federal Contract Tower,1,7,13,17,38,0,28,64,2,94,1,35,77,19,132,391,2,393,525
05/23/2006,ARA,LA,ASW,CE,Federal Contract Tower,0,13,11,17,41,0,48,100,0,148,0,61,111,17,189,352,4,356,545
05/24/2006,ARA,LA,ASW,CE,Federal Contract Tower,0,4,27,28,59,0,43,69,7,119,0,47,96,35,178,426,26,452,630
05/25/2006,ARA,LA,ASW,CE,Federal Contract Tower,0,0,15,25,40,0,36,72,2,110,0,36,87,27,150,290,22,312,462
05/26/2006,ARA,LA,ASW,CE,Federal Contract Tower,0,0,18,9,27,0,53,76,5,134,0,53,94,14,161,342,0,342,503
05/27/2006,ARA,LA,ASW,CE,Federal Contract Tower,0,1,9,0,10,0,53,37,0,90,0,54,46,0,100,208,0,208,308
05/28/2006,ARA,LA,ASW,CE,Federal Contract Tower,1,0,1,4,6,0,40,3,0,43,1,40,4,4,49,170,0,170,219
05/29/2006,ARA,LA,ASW,CE,Federal Contract Tower,0,0,4,0,4,0,31,34,0,65,0,31,38,0,69,190,0,190,259
05/30/2006,ARA,LA,ASW,CE,Federal Contract Tower,1,0,7,15,23,0,20,63,2,85,1,20,70,17,108,236,4,240,348
05/31/2006,ARA,LA,ASW,CE,Federal Contract Tower,0,0,28,12,40,0,63,88,3,154,0,63,116,15,194,258,0,258,452
06/01/2006,ARA,LA,ASW,CE,Federal Contract Tower,1,3,24,31,59,0,58,63,3,124,1,61,87,34,183,240,8,248,431
06/02/2006,ARA,LA,ASW,CE,Federal Contract Tower,0,1,31,50,82,0,41,80,16,137,0,42,111,66,219,189,46,235,454
06/03/2006,ARA,LA,ASW,CE,Federal Contract Tower,1,4,29,11,45,0,19,68,11,98,1,23,97,22,143,223,24,247,390
06/04/2006,ARA,LA,ASW,CE,Federal Contract Tower,0,8,4,9,21,0,30,36,7,73,0,38,40,16,94,136,0,136,230
06/05/2006,ARA,LA,ASW,CE,Federal Contract Tower,0,3,5,13,21,0,37,60,7,104,0,40,65,20,125,254,4,258,383
06/06/2006,ARA,LA,ASW,CE,Federal Contract Tower,3,0,9,11,23,0,45,86,7,138,3,45,95,18,161,386,6,392,553
06/07/2006,ARA,LA,ASW,CE,Federal Contract Tower,0,0,10,5,15,0,54,61,2,117,0,54,71,7,132,175,0,175,307
06/08/2006,ARA,LA,ASW,CE,Federal Contract Tower,0,0,29,35,64,0,58,73,5,136,0,58,102,40,200,300,12,312,512
06/09/2006,ARA,LA,ASW,CE,Federal Contract Tower,0,0,19,33,52,0,49,89,0,138,0,49,108,33,190,270,18,288,478
06/10/2006,ARA,LA,ASW,CE,Federal Contract Tower,0,1,30,14,45,0,22,51,14,87,0,23,81,28,132,140,20,160,292
06/11/2006,ARA,LA,ASW,CE,Federal Contract Tower,1,5,6,14,26,0,20,22,10,52,1,25,28,24,78,90,0,90,168
06/12/2006,ARA,LA,ASW,CE,Federal Contract Tower,1,2,16,14,33,0,69,73,7,149,1,71,89,21,182,278,16,294,476
06/13/2006,ARA,LA,ASW,CE,Federal Contract Tower,2,1,21,6,30,0,62,77,3,142,2,63,98,9,172,306,6,312,484
06/14/2006,ARA,LA,ASW,CE,Federal Contract Tower,0,6,28,30,64,0,78,78,18,174,0,84,106,48,238,350,4,354,592
06/15/2006,ARA,LA,ASW,CE,Federal Contract Tower,0,0,24,24,48,0,41,91,2,134,0,41,115,26,182,260,0,260,442
06/16/2006,ARA,LA,ASW,CE,Federal Contract Tower,0,0,11,5,16,0,44,36,0,80,0,44,47,5,96,190,2,192,288
06/17/2006,ARA,LA,ASW,CE,Federal Contract Tower,0,0,16,1,17,0,51,29,0,80,0,51,45,1,97,236,0,236,333
06/18/2006,ARA,LA,ASW,CE,Federal Contract Tower,1,1,10,6,18,0,31,25,1,57,1,32,35,7,75,146,0,146,221
06/19/2006,ARA,LA,ASW,CE,Federal Contract Tower,0,1,4,6,11,0,36,54,5,95,0,37,58,11,106,290,0,290,396
06/20/2006,ARA,LA,ASW,CE,Federal Contract Tower,0,2,12,2,16,0,73,84,3,160,0,75,96,5,176,532,0,532,708
06/21/2006,ARA,LA,ASW,CE,Federal Contract Tower,1,0,30,5,36,0,98,79,7,184,1,98,109,12,220,420,8,428,648
06/22/2006,ARA,LA,ASW,CE,Federal Contract Tower,0,0,19,25,44,0,58,85,7,150,0,58,104,32,194,270,10,280,474
06/23/2006,ARA,LA,ASW,CE,Federal Contract Tower,1,0,9,31,41,0,51,73,17,141,1,51,82,48,182,330,24,354,536
06/24/2006,ARA,LA,ASW,CE,Federal Contract Tower,0,8,15,2,25,0,25,41,0,66,0,33,56,2,91,132,0,132,223
06/25/2006,ARA,LA,ASW,CE,Federal Contract Tower,0,5,8,7,20,0,45,32,3,80,0,50,40,10,100,198,6,204,304
06/26/2006,ARA,LA,ASW,CE,Federal Contract Tower,0,3,14,21,38,0,54,79,8,141,0,57,93,29,179,434,2,436,615
06/27/2006,ARA,LA,ASW,CE,Federal Contract Tower,0,0,16,8,24,0,63,114,7,184,0,63,130,15,208,378,8,386,594
06/28/2006,ARA,LA,ASW,CE,Federal Contract Tower,0,0,16,27,43,0,61,79,4,144,0,61,95,31,187,427,18,445,632
06/29/2006,ARA,LA,ASW,CE,Federal Contract Tower,0,5,29,28,62,0,41,73,0,114,0,46,102,28,176,242,6,248,424
06/30/2006,ARA,LA,ASW,CE,Federal Contract Tower,3,0,10,27,40,0,42,70,4,116,3,42,80,31,156,292,0,292,448
07/01/2006,ARA,LA,ASW,CE,Federal Contract Tower,0,0,1,1,2,0,29,40,1,70,0,29,41,2,72,224,0,224,296
07/02/2006,ARA,LA,ASW,CE,Federal Contract Tower,0,0,0,2,2,0,18,13,0,31,0,18,13,2,33,70,0,70,103
07/03/2006,ARA,LA,ASW,CE,Federal Contract Tower,0,0,1,0,1,0,39,14,0,53,0,39,15,0,54,240,0,240,294
07/04/2006,ARA,LA,ASW,CE,Federal Contract Tower,0,2,0,0,2,0,55,28,0,83,0,57,28,0,85,211,0,211,296
07/05/2006,ARA,LA,ASW,CE,Federal Contract Tower,0,0,15,2,17,0,59,41,0,100,0,59,56,2,117,420,0,420,537
07/06/2006,ARA,LA,ASW,CE,Federal Contract Tower,2,0,11,3,16,0,34,41,0,75,2,34,52,3,91,210,2,212,303
07/07/2006,ARA,LA,ASW,CE,Federal Contract Tower,0,15,6,22,43,0,45,49,7,101,0,60,55,29,144,340,8,348,492
07/08/2006,ARA,LA,ASW,CE,Federal Contract Tower,0,2,19,5,26,0,40,47,1,88,0,42,66,6,114,272,6,278,392
07/09/2006,ARA,LA,ASW,CE,Federal Contract Tower,1,4,8,6,19,0,43,21,2,66,1,47,29,8,85,82,0,82,167
07/10/2006,ARA,LA,ASW,CE,Federal Contract Tower,0,4,10,6,20,0,54,56,6,116,0,58,66,12,136,336,2,338,474
07/11/2006,ARA,LA,ASW,CE,Federal Contract Tower,0,0,13,11,24,0,84,60,10,154,0,84,73,21,178,320,8,328,506
07/12/2006,ARA,LA,ASW,CE,Federal Contract Tower,0,6,22,25,53,0,73,71,9,153,0,79,93,34,206,294,34,328,534
07/13/2006,ARA,LA,ASW,CE,Federal Contract Tower,0,1,17,12,30,0,42,57,14,113,0,43,74,26,143,174,12,186,329
07/14/2006,ARA,LA,ASW,CE,Federal Contract Tower,0,0,11,41,52,0,45,52,10,107,0,45,63,51,159,156,12,168,327
07/15/2006,ARA,LA,ASW,CE,Federal Contract Tower,0,0,8,0,8,0,31,77,0,108,0,31,85,0,116,194,0,194,310
07/16/2006,ARA,LA,ASW,CE,Federal Contract Tower,3,0,4,7,14,0,24,24,3,51,3,24,28,10,65,158,20,178,243
07/17/2006,ARA,LA,ASW,CE,Federal Contract Tower,2,1,9,16,28,0,24,36,4,64,2,25,45,20,92,194,22,216,308
07/18/2006,ARA,LA,ASW,CE,Federal Contract Tower,0,0,17,19,36,0,57,87,11,155,0,57,104,30,191,304,42,346,537
07/19/2006,ARA,LA,ASW,CE,Federal Contract Tower,0,0,32,47,79,0,33,84,0,117,0,33,116,47,196,270,6,276,472
07/20/2006,ARA,LA,ASW,CE,Federal Contract Tower,0,0,16,24,40,0,78,60,9,147,0,78,76,33,187,205,12,217,404
07/21/2006,ARA,LA,ASW,CE,Federal Contract Tower,0,0,17,22,39,0,45,102,12,159,0,45,119,34,198,195,4,199,397
07/22/2006,ARA,LA,ASW,CE,Federal Contract Tower,0,1,10,0,11,0,36,43,0,79,0,37,53,0,90,96,0,96,186
07/23/2006,ARA,LA,ASW,CE,Federal Contract Tower,0,1,10,10,21,0,31,9,0,40,0,32,19,10,61,116,2,118,179
07/24/2006,ARA,LA,ASW,CE,Federal Contract Tower,0,1,10,4,15,0,50,49,0,99,0,51,59,4,114,206,10,216,330
07/25/2006,ARA,LA,ASW,CE,Federal Contract Tower,0,2,8,2,12,0,14,16,0,30,0,16,24,2,42,66,0,66,108
07/26/2006,ARA,LA,ASW,CE,Federal Contract Tower,3,0,5,0,8,0,56,47,2,105,3,56,52,2,113,356,0,356,469
07/27/2006,ARA,LA,ASW,CE,Federal Contract Tower,2,0,6,14,22,0,76,86,6,168,2,76,92,20,190,292,8,300,490
07/28/2006,ARA,LA,ASW,CE,Federal Contract Tower,0,0,14,14,28,0,63,59,4,126,0,63,73,18,154,156,2,158,312
07/29/2006,ARA,LA,ASW,CE,Federal Contract Tower,0,3,8,2,13,0,44,46,4,94,0,47,54,6,107,206,0,206,313
07/30/2006,ARA,LA,ASW,CE,Federal Contract Tower,0,9,6,6,21,0,56,30,8,94,0,65,36,14,115,160,0,160,275
07/31/2006,ARA,LA,ASW,CE,Federal Contract Tower,0,0,17,8,25,0,30,57,2,89,0,30,74,10,114,218,0,218,332
08/01/2006,ARA,LA,ASW,CE,Federal Contract Tower,0,0,13,4,17,0,44,55,0,99,0,44,68,4,116,154,0,154,270
08/02/2006,ARA,LA,ASW,CE,Federal Contract Tower,0,0,28,27,55,0,69,67,6,142,0,69,95,33,197,214,2,216,413
08/03/2006,ARA,LA,ASW,CE,Federal Contract Tower,0,5,10,28,43,0,32,52,4,88,0,37,62,32,131,140,4,144,275
08/04/2006,ARA,LA,ASW,CE,Federal Contract Tower,0,4,26,32,62,0,52,76,12,140,0,56,102,44,202,174,14,188,390
08/05/2006,ARA,LA,ASW,CE,Federal Contract Tower,0,6,19,0,25,0,24,70,0,94,0,30,89,0,119,156,0,156,275
08/06/2006,ARA,LA,ASW,CE,Federal Contract Tower,2,6,16,4,28,0,28,4,0,32,2,34,20,4,60,110,0,110,170
08/07/2006,ARA,LA,ASW,CE,Federal Contract Tower,1,0,10,16,27,0,44,75,9,128,1,44,85,25,155,286,10,296,451
08/08/2006,ARA,LA,ASW,CE,Federal Contract Tower,0,0,21,8,29,0,87,107,4,198,0,87,128,12,227,340,22,362,589
08/09/2006,ARA,LA,ASW,CE,Federal Contract Tower,1,3,11,20,35,0,90,57,8,155,1,93,68,28,190,238,22,260,450
08/10/2006,ARA,LA,ASW,CE,Federal Contract Tower,0,5,25,8,38,0,41,69,0,110,0,46,94,8,148,218,0,218,366
08/11/2006,ARA,LA,ASW,CE,Federal Contract Tower,0,1,13,45,59,0,37,71,11,119,0,38,84,56,178,204,26,230,408
08/12/2006,ARA,LA,ASW,CE,Federal Contract Tower,2,3,7,0,12,0,23,47,0,70,2,26,54,0,82,132,0,132,214
08/13/2006,ARA,LA,ASW,CE,Federal Contract Tower,1,1,9,13,24,0,43,29,10,82,1,44,38,23,106,192,0,192,298
08/14/2006,ARA,LA,ASW,CE,Federal Contract Tower,0,2,11,16,29,0,69,54,9,132,0,71,65,25,161,376,26,402,563
08/15/2006,ARA,LA,ASW,CE,Federal Contract Tower,0,3,16,9,28,0,76,64,12,152,0,79,80,21,180,352,0,352,532
08/16/2006,ARA,LA,ASW,CE,Federal Contract Tower,1,0,16,16,33,0,65,38,5,108,1,65,54,21,141,224,2,226,367
08/17/2006,ARA,LA,ASW,CE,Federal Contract Tower,0,4,18,22,44,0,66,64,0,130,0,70,82,22,174,300,14,314,488
08/18/2006,ARA,LA,ASW,CE,Federal Contract Tower,0,0,17,14,31,1,46,53,2,102,1,46,70,16,133,210,8,218,351
08/19/2006,ARA,LA,ASW,CE,Federal Contract Tower,0,8,21,4,33,0,34,39,0,73,0,42,60,4,106,174,0,174,280
08/20/2006,ARA,LA,ASW,CE,Federal Contract Tower,2,1,12,11,26,0,35,45,14,94,2,36,57,25,120,136,0,136,256
08/21/2006,ARA,LA,ASW,CE,Federal Contract Tower,2,0,17,28,47,0,26,70,20,116,2,26,87,48,163,208,22,230,393
08/22/2006,ARA,LA,ASW,CE,Federal Contract Tower,2,0,9,11,22,0,39,76,5,120,2,39,85,16,142,204,16,220,362
08/23/2006,ARA,LA,ASW,CE,Federal Contract Tower,0,0,30,19,49,0,72,76,5,153,0,72,106,24,202,285,4,289,491
08/24/2006,ARA,LA,ASW,CE,Federal Contract Tower,1,0,12,10,23,0,46,58,0,104,1,46,70,10,127,122,24,146,273
08/25/2006,ARA,LA,ASW,CE,Federal Contract Tower,0,10,17,21,48,0,26,65,6,97,0,36,82,27,145,190,12,202,347
08/26/2006,ARA,LA,ASW,CE,Federal Contract Tower,0,10,3,0,13,0,40,21,0,61,0,50,24,0,74,224,0,224,298
08/27/2006,ARA,LA,ASW,CE,Federal Contract Tower,0,0,5,5,10,0,48,17,2,67,0,48,22,7,77,140,0,140,217
08/28/2006,ARA,LA,ASW,CE,Federal Contract Tower,0,0,17,15,32,0,48,72,2,122,0,48,89,17,154,242,12,254,408
08/29/2006,ARA,LA,ASW,CE,Federal Contract Tower,1,0,19,15,35,0,66,110,7,183,1,66,129,22,218,288,8,296,514
08/30/2006,ARA,LA,ASW,CE,Federal Contract Tower,0,0,20,16,36,0,36,92,5,133,0,36,112,21,169,308,8,316,485
08/31/2006,ARA,LA,ASW,CE,Federal Contract Tower,2,6,26,43,77,0,54,74,13,141,2,60,100,56,218,340,8,348,566
09/01/2006,ARA,LA,ASW,CE,Federal Contract Tower,1,1,23,8,33,0,66,83,0,149,1,67,106,8,182,240,0,240,422
09/02/2006,ARA,LA,ASW,CE,Federal Contract Tower,0,1,20,2,23,0,39,24,0,63,0,40,44,2,86,234,0,234,320
09/03/2006,ARA,LA,ASW,CE,Federal Contract Tower,0,0,7,2,9,0,21,37,4,62,0,21,44,6,71,136,4,140,211
09/04/2006,ARA,LA,ASW,CE,Federal Contract Tower,0,2,9,3,14,0,29,51,1,81,0,31,60,4,95,294,0,294,389
09/05/2006,ARA,LA,ASW,CE,Federal Contract Tower,0,0,12,15,27,0,24,78,9,111,0,24,90,24,138,284,26,310,448
09/06/2006,ARA,LA,ASW,CE,Federal Contract Tower,0,19,11,15,45,0,42,113,4,159,0,61,124,19,204,258,6,264,468
09/07/2006,ARA,LA,ASW,CE,Federal Contract Tower,0,0,21,44,65,0,27,107,18,152,0,27,128,62,217,302,16,318,535
09/08/2006,ARA,LA,ASW,CE,Federal Contract Tower,1,0,18,19,38,0,53,92,17,162,1,53,110,36,200,242,20,262,462
09/09/2006,ARA,LA,ASW,CE,Federal Contract Tower,0,6,7,4,17,0,27,48,2,77,0,33,55,6,94,264,10,274,368
09/10/2006,ARA,LA,ASW,CE,Federal Contract Tower,2,11,2,3,18,0,6,7,1,14,2,17,9,4,32,94,0,94,126
09/11/2006,ARA,LA,ASW,CE,Federal Contract Tower,0,0,1,7,8,0,25,47,0,72,0,25,48,7,80,238,2,240,320
09/12/2006,ARA,LA,ASW,CE,Federal Contract Tower,0,0,10,2,12,0,61,71,2,134,0,61,81,4,146,385,2,387,533
09/13/2006,ARA,LA,ASW,CE,Federal Contract Tower,0,1,37,29,67,0,65,78,6,149,0,66,115,35,216,258,10,268,484
09/14/2006,ARA,LA,ASW,CE,Federal Contract Tower,0,2,18,25,45,0,41,80,9,130,0,43,98,34,175,410,12,422,597
09/15/2006,ARA,LA,ASW,CE,Federal Contract Tower,1,0,10,42,53,0,40,68,10,118,1,40,78,52,171,348,34,382,553
09/16/2006,ARA,LA,ASW,CE,Federal Contract Tower,0,7,1,1,9,0,23,45,1,69,0,30,46,2,78,190,0,190,268
09/17/2006,ARA,LA,ASW,CE,Federal Contract Tower,0,1,5,2,8,0,29,25,2,56,0,30,30,4,64,136,0,136,200
09/18/2006,ARA,LA,ASW,CE,Federal Contract Tower,1,1,3,1,6,0,21,31,1,53,1,22,34,2,59,288,0,288,347
09/19/2006,ARA,LA,ASW,CE,Federal Contract Tower,0,19,16,24,59,0,51,70,11,132,0,70,86,35,191,376,36,412,603
09/20/2006,ARA,LA,ASW,CE,Federal Contract Tower,0,1,17,17,35,0,51,123,6,180,0,52,140,23,215,353,22,375,590
09/21/2006,ARA,LA,ASW,CE,Federal Contract Tower,1,0,17,7,25,0,50,58,1,109,1,50,75,8,134,228,0,228,362
09/22/2006,ARA,LA,ASW,CE,Federal Contract Tower,0,0,12,11,23,0,57,32,14,103,0,57,44,25,126,298,14,312,438
09/23/2006,ARA,LA,ASW,CE,Federal Contract Tower,0,2,0,3,5,0,22,8,1,31,0,24,8,4,36,142,0,142,178
09/24/2006,ARA,LA,ASW,CE,Federal Contract Tower,0,4,5,2,11,0,38,36,0,74,0,42,41,2,85,234,0,234,319
09/25/2006,ARA,LA,ASW,CE,Federal Contract Tower,1,2,6,34,43,0,32,79,10,121,1,34,85,44,164,266,28,294,458
09/26/2006,ARA,LA,ASW,CE,Federal Contract Tower,1,2,16,33,52,0,51,97,19,167,1,53,113,52,219,332,36,368,587
09/27/2006,ARA,LA,ASW,CE,Federal Contract Tower,0,0,12,39,51,0,74,86,10,170,0,74,98,49,221,308,26,334,555
09/28/2006,ARA,LA,ASW,CE,Federal Contract Tower,0,0,11,12,23,0,36,94,5,135,0,36,105,17,158,288,10,298,456
09/29/2006,ARA,LA,ASW,CE,Federal Contract Tower,0,0,8,12,20,0,57,167,1,225,0,57,175,13,245,288,2,290,535
09/30/2006,ARA,LA,ASW,CE,Federal Contract Tower,0,6,10,0,16,0,21,38,0,59,0,27,48,0,75,140,0,140,215
10/01/2006,ARA,LA,ASW,CE,Federal Contract Tower,1,4,16,6,27,0,19,25,2,46,1,23,41,8,73,108,2,110,183
10/02/2006,ARA,LA,ASW,CE,Federal Contract Tower,0,1,17,20,38,0,31,51,1,83,0,32,68,21,121,324,4,328,449
10/03/2006,ARA,LA,ASW,CE,Federal Contract Tower,0,1,19,31,51,0,70,87,9,166,0,71,106,40,217,418,22,440,657
10/04/2006,ARA,LA,ASW,CE,Federal Contract Tower,0,1,9,12,22,0,105,70,9,184,0,106,79,21,206,278,8,286,492
10/05/2006,ARA,LA,ASW,CE,Federal Contract Tower,0,0,10,12,22,0,76,72,6,154,0,76,82,18,176,320,4,324,500
10/06/2006,ARA,LA,ASW,CE,Federal Contract Tower,0,0,8,20,28,0,68,71,10,149,0,68,79,30,177,460,14,474,651
10/07/2006,ARA,LA,ASW,CE,Federal Contract Tower,0,0,5,0,5,0,53,41,0,94,0,53,46,0,99,336,0,336,435
10/08/2006,ARA,LA,ASW,CE,Federal Contract Tower,0,0,5,4,9,0,31,42,2,75,0,31,47,6,84,190,4,194,278
10/09/2006,ARA,LA,ASW,CE,Federal Contract Tower,0,6,9,8,23,0,30,46,0,76,0,36,55,8,99,176,0,176,275
10/10/2006,ARA,LA,ASW,CE,Federal Contract Tower,1,2,12,5,20,0,62,96,3,161,1,64,108,8,181,428,0,428,609
10/11/2006,ARA,LA,ASW,CE,Federal Contract Tower,1,2,22,30,55,0,70,77,5,152,1,72,99,35,207,326,12,338,545
10/12/2006,ARA,LA,ASW,CE,Federal Contract Tower,0,5,16,22,43,0,49,78,6,133,0,54,94,28,176,396,0,396,572
10/13/2006,ARA,LA,ASW,CE,Federal Contract Tower,4,3,18,22,47,0,51,52,16,119,4,54,70,38,166,210,18,228,394
10/14/2006,ARA,LA,ASW,CE,Federal Contract Tower,0,8,7,0,15,0,52,28,2,82,0,60,35,2,97,144,0,144,241
10/15/2006,ARA,LA,ASW,CE,Federal Contract Tower,0,3,2,2,7,0,26,0,0,26,0,29,2,2,33,36,0,36,69
10/16/2006,ARA,LA,ASW,CE,Federal Contract Tower,0,0,0,0,0,0,18,1,0,19,0,18,1,0,19,12,0,12,31
10/17/2006,ARA,LA,ASW,CE,Federal Contract Tower,0,3,11,22,36,0,157,71,12,240,0,160,82,34,276,462,14,476,752
10/18/2006,ARA,LA,ASW,CE,Federal Contract Tower,0,3,11,4,18,0,78,6,0,84,0,81,17,4,102,50,0,50,152
10/19/2006,ARA,LA,ASW,CE,Federal Contract Tower,0,12,3,0,15,0,48,31,0,79,0,60,34,0,94,112,0,112,206
10/20/2006,ARA,LA,ASW,CE,Federal Contract Tower,1,0,12,28,41,0,102,64,14,180,1,102,76,42,221,316,16,332,553
10/21/2006,ARA,LA,ASW,CE,Federal Contract Tower,0,8,8,0,16,0,71,30,0,101,0,79,38,0,117,292,0,292,409
10/22/2006,ARA,LA,ASW,CE,Federal Contract Tower,0,3,8,12,23,0,69,33,4,106,0,72,41,16,129,230,2,232,361
10/23/2006,ARA,LA,ASW,CE,Federal Contract Tower,0,0,17,19,36,0,30,58,18,106,0,30,75,37,142,278,38,316,458
10/24/2006,ARA,LA,ASW,CE,Federal Contract Tower,1,3,14,18,36,0,87,86,19,192,1,90,100,37,228,428,54,482,710
10/25/2006,ARA,LA,ASW,CE,Federal Contract Tower,0,0,8,16,24,0,57,95,5,157,0,57,103,21,181,356,8,364,545
10/26/2006,ARA,LA,ASW,CE,Federal Contract Tower,0,6,7,2,15,0,42,15,6,63,0,48,22,8,78,188,0,188,266
10/27/2006,ARA,LA,ASW,CE,Federal Contract Tower,1,0,15,36,52,0,32,49,6,87,1,32,64,42,139,252,2,254,393
10/28/2006,ARA,LA,ASW,CE,Federal Contract Tower,0,6,10,5,21,0,26,42,2,70,0,32,52,7,91,186,6,192,283
10/29/2006,ARA,LA,ASW,CE,Federal Contract Tower,0,8,5,26,39,0,40,33,6,79,0,48,38,32,118,136,14,150,268
10/30/2006,ARA,LA,ASW,CE,Federal Contract Tower,0,3,8,20,31,0,59,50,14,123,0,62,58,34,154,290,4,294,448
10/31/2006,ARA,LA,ASW,CE,Federal Contract Tower,1,1,4,15,21,0,67,86,6,159,1,68,90,21,180,492,18,510,690
11/01/2006,ARA,LA,ASW,CE,Federal Contract Tower,1,1,15,8,25,0,83,64,3,150,1,84,79,11,175,414,8,422,597
11/02/2006,ARA,LA,ASW,CE,Federal Contract Tower,1,0,7,14,22,0,55,19,4,78,1,55,26,18,100,180,22,202,302
11/03/2006,ARA,LA,ASW,CE,Federal Contract Tower,0,2,9,25,36,0,70,63,9,142,0,72,72,34,178,280,6,286,464
11/04/2006,ARA,LA,ASW,CE,Federal Contract Tower,0,14,6,3,23,0,29,61,3,93,0,43,67,6,116,252,12,264,380
11/05/2006,ARA,LA,ASW,CE,Federal Contract Tower,0,0,2,8,10,0,25,26,5,56,0,25,28,13,66,170,6,176,242
11/06/2006,ARA,LA,ASW,CE,Federal Contract Tower,0,0,0,2,2,0,23,17,3,43,0,23,17,5,45,258,0,258,303
11/07/2006,ARA,LA,ASW,CE,Federal Contract Tower,1,3,4,18,26,0,50,72,12,134,1,53,76,30,160,484,2,486,646
11/08/2006,ARA,LA,ASW,CE,Federal Contract Tower,0,3,10,12,25,0,50,85,13,148,0,53,95,25,173,382,18,400,573
11/09/2006,ARA,LA,ASW,CE,Federal Contract Tower,1,0,13,33,47,0,50,59,11,120,1,50,72,44,167,280,10,290,457
11/10/2006,ARA,LA,ASW,CE,Federal Contract Tower,0,0,10,2,12,0,38,45,0,83,0,38,55,2,95,189,0,189,284
11/11/2006,ARA,LA,ASW,CE,Federal Contract Tower,4,11,0,0,15,2,20,10,0,32,6,31,10,0,47,112,0,112,159
11/12/2006,ARA,LA,ASW,CE,Federal Contract Tower,1,2,3,8,14,0,35,36,8,79,1,37,39,16,93,150,2,152,245
11/13/2006,ARA,LA,ASW,CE,Federal Contract Tower,0,0,8,28,36,0,35,52,14,101,0,35,60,42,137,280,16,296,433
11/14/2006,ARA,LA,ASW,CE,Federal Contract Tower,1,0,11,14,26,0,47,24,1,72,1,47,35,15,98,278,18,296,394
11/15/2006,ARA,LA,ASW,CE,Federal Contract Tower,0,0,5,4,9,0,25,1,0,26,0,25,6,4,35,54,0,54,89
11/16/2006,ARA,LA,ASW,CE,Federal Contract Tower,0,0,8,21,29,0,50,58,7,115,0,50,66,28,144,228,4,232,376
11/17/2006,ARA,LA,ASW,CE,Federal Contract Tower,0,0,5,34,39,0,62,87,10,159,0,62,92,44,198,384,8,392,590
11/18/2006,ARA,LA,ASW,CE,Federal Contract Tower,0,12,7,20,39,0,60,35,8,103,0,72,42,28,142,290,8,298,440
11/19/2006,ARA,LA,ASW,CE,Federal Contract Tower,3,0,5,22,30,0,56,12,9,77,3,56,17,31,107,148,0,148,255
11/20/2006,ARA,LA,ASW,CE,Federal Contract Tower,0,0,3,24,27,0,27,36,12,75,0,27,39,36,102,232,32,264,366
11/21/2006,ARA,LA,ASW,CE,Federal Contract Tower,0,0,6,17,23,0,53,85,1,139,0,53,91,18,162,370,14,384,546
11/22/2006,ARA,LA,ASW,CE,Federal Contract Tower,1,3,15,11,30,0,47,46,4,97,1,50,61,15,127,294,0,294,421
11/23/2006,ARA,LA,ASW,CE,Federal Contract Tower,0,5,0,0,5,0,19,22,0,41,0,24,22,0,46,16,0,16,62
11/24/2006,ARA,LA,ASW,CE,Federal Contract Tower,1,10,12,4,27,0,48,54,2,104,1,58,66,6,131,206,0,206,337
11/25/2006,ARA,LA,ASW,CE,Federal Contract Tower,0,17,4,0,21,0,24,32,0,56,0,41,36,0,77,173,0,173,250
11/26/2006,ARA,LA,ASW,CE,Federal Contract Tower,0,4,0,5,9,0,31,16,1,48,0,35,16,6,57,146,2,148,205
11/27/2006,ARA,LA,ASW,CE,Federal Contract Tower,1,1,1,7,10,0,36,49,1,86,1,37,50,8,96,244,0,244,340
11/28/2006,ARA,LA,ASW,CE,Federal Contract Tower,0,0,8,7,15,0,65,53,3,121,0,65,61,10,136,364,10,374,510
11/29/2006,ARA,LA,ASW,CE,Federal Contract Tower,0,9,15,20,44,0,36,41,0,77,0,45,56,20,121,228,18,246,367
11/30/2006,ARA,LA,ASW,CE,Federal Contract Tower,0,0,2,0,2,0,40,11,5,56,0,40,13,5,58,120,0,120,178
12/01/2006,ARA,LA,ASW,CE,Federal Contract Tower,0,1,9,52,62,0,23,59,14,96,0,24,68,66,158,214,14,228,386
12/02/2006,ARA,LA,ASW,CE,Federal Contract Tower,1,1,7,1,10,0,40,35,6,81,1,41,42,7,91,302,0,302,393
12/03/2006,ARA,LA,ASW,CE,Federal Contract Tower,1,0,3,16,20,0,36,12,22,70,1,36,15,38,90,110,34,144,234
12/04/2006,ARA,LA,ASW,CE,Federal Contract Tower,0,0,5,19,24,0,31,12,11,54,0,31,17,30,78,176,8,184,262
12/05/2006,ARA,LA,ASW,CE,Federal Contract Tower,0,1,15,10,26,0,81,74,4,159,0,82,89,14,185,534,12,546,731
12/06/2006,ARA,LA,ASW,CE,Federal Contract Tower,2,0,18,17,37,0,84,55,0,139,2,84,73,17,176,322,16,338,514
12/07/2006,ARA,LA,ASW,CE,Federal Contract Tower,0,1,4,30,35,0,69,18,8,95,0,70,22,38,130,138,42,180,310
12/08/2006,ARA,LA,ASW,CE,Federal Contract Tower,0,2,4,21,27,0,68,20,12,100,0,70,24,33,127,172,28,200,327
12/09/2006,ARA,LA,ASW,CE,Federal Contract Tower,3,7,3,18,31,0,43,29,4,76,3,50,32,22,107,304,0,304,411
12/10/2006,ARA,LA,ASW,CE,Federal Contract Tower,4,4,4,12,24,0,16,31,1,48,4,20,35,13,72,144,0,144,216
12/11/2006,ARA,LA,ASW,CE,Federal Contract Tower,0,4,7,24,35,0,37,47,12,96,0,41,54,36,131,272,4,276,407
12/12/2006,ARA,LA,ASW,CE,Federal Contract Tower,0,3,6,23,32,0,47,50,13,110,0,50,56,36,142,390,8,398,540
12/13/2006,ARA,LA,ASW,CE,Federal Contract Tower,0,13,10,24,47,0,10,4,0,14,0,23,14,24,61,62,4,66,127
12/14/2006,ARA,LA,ASW,CE,Federal Contract Tower,0,11,3,9,23,0,1,0,0,1,0,12,3,9,24,0,0,0,24
12/15/2006,ARA,LA,ASW,CE,Federal Contract Tower,1,2,1,38,42,0,25,28,16,69,1,27,29,54,111,132,20,152,263
12/16/2006,ARA,LA,ASW,CE,Federal Contract Tower,0,4,1,8,13,0,30,12,4,46,0,34,13,12,59,68,2,70,129
12/17/2006,ARA,LA,ASW,CE,Federal Contract Tower,0,0,11,14,25,0,19,29,14,62,0,19,40,28,87,152,6,158,245
12/18/2006,ARA,LA,ASW,CE,Federal Contract Tower,0,1,4,1,6,0,5,5,0,10,0,6,9,1,16,20,0,20,36
12/19/2006,ARA,LA,ASW,CE,Federal Contract Tower,0,1,7,15,23,0,58,47,9,114,0,59,54,24,137,382,36,418,555
12/20/2006,ARA,LA,ASW,CE,Federal Contract Tower,0,0,3,7,10,0,35,15,2,52,0,35,18,9,62,142,2,144,206
12/21/2006,ARA,LA,ASW,CE,Federal Contract Tower,0,13,6,0,19,0,25,2,0,27,0,38,8,0,46,80,0,80,126
12/22/2006,ARA,LA,ASW,CE,Federal Contract Tower,0,3,1,8,12,0,27,29,0,56,0,30,30,8,68,144,14,158,226
12/23/2006,ARA,LA,ASW,CE,Federal Contract Tower,0,11,4,0,15,0,26,18,0,44,0,37,22,0,59,82,0,82,141
12/24/2006,ARA,LA,ASW,CE,Federal Contract Tower,0,4,0,0,4,0,6,0,0,6,0,10,0,0,10,10,0,10,20
12/25/2006,ARA,LA,ASW,CE,Federal Contract Tower,0,0,0,0,0,0,20,0,0,20,0,20,0,0,20,32,0,32,52
12/26/2006,ARA,LA,ASW,CE,Federal Contract Tower,0,0,0,0,0,0,48,15,0,63,0,48,15,0,63,66,0,66,129
12/27/2006,ARA,LA,ASW,CE,Federal Contract Tower,0,0,4,4,8,0,42,25,2,69,0,42,29,6,77,92,10,102,179
12/28/2006,ARA,LA,ASW,CE,Federal Contract Tower,0,1,11,6,18,0,53,20,2,75,0,54,31,8,93,20,2,22,115
12/29/2006,ARA,LA,ASW,CE,Federal Contract Tower,0,0,2,2,4,0,32,0,0,32,0,32,2,2,36,114,10,124,160
12/30/2006,ARA,LA,ASW,CE,Federal Contract Tower,0,0,0,0,0,0,13,0,0,13,0,13,0,0,13,20,0,20,33
12/31/2006,ARA,LA,ASW,CE,Federal Contract Tower,0,4,1,0,5,0,34,14,0,48,0,38,15,0,53,134,0,134,187
01/01/2007,ARA,LA,ASW,CE,Federal Contract Tower,0,3,2,0,5,0,30,12,0,42,0,33,14,0,47,188,0,188,235
01/02/2007,ARA,LA,ASW,CE,Federal Contract Tower,1,3,1,0,5,0,55,40,0,95,1,58,41,0,100,218,0,218,318
01/03/2007,ARA,LA,ASW,CE,Federal Contract Tower,0,0,2,8,10,0,32,80,7,119,0,32,82,15,129,228,10,238,367
01/04/2007,ARA,LA,ASW,CE,Federal Contract Tower,1,0,4,0,5,0,0,0,0,0,1,0,4,0,5,0,0,0,5
01/05/2007,ARA,LA,ASW,CE,Federal Contract Tower,0,1,7,29,37,0,51,48,6,105,0,52,55,35,142,206,36,242,384
01/06/2007,ARA,LA,ASW,CE,Federal Contract Tower,0,6,1,7,14,0,13,14,3,30,0,19,15,10,44,76,16,92,136
01/07/2007,ARA,LA,ASW,CE,Federal Contract Tower,0,3,4,11,18,0,19,4,11,34,0,22,8,22,52,40,10,50,102
01/08/2007,ARA,LA,ASW,CE,Federal Contract Tower,0,0,4,19,23,0,36,40,8,84,0,36,44,27,107,220,4,224,331
01/09/2007,ARA,LA,ASW,CE,Federal Contract Tower,0,0,8,17,25,0,76,87,12,175,0,76,95,29,200,338,26,364,564
01/10/2007,ARA,LA,ASW,CE,Federal Contract Tower,0,3,30,34,67,0,61,95,12,168,0,64,125,46,235,272,24,296,531
01/11/2007,ARA,LA,ASW,CE,Federal Contract Tower,2,0,12,24,38,0,45,32,2,79,2,45,44,26,117,150,2,152,269
01/12/2007,ARA,LA,ASW,CE,Federal Contract Tower,0,17,8,35,60,0,32,30,5,67,0,49,38,40,127,176,14,190,317
01/13/2007,ARA,LA,ASW,CE,Federal Contract Tower,0,0,7,6,13,0,20,30,3,53,0,20,37,9,66,156,8,164,230
01/14/2007,ARA,LA,ASW,CE,Federal Contract Tower,1,14,16,4,35,0,11,0,2,13,1,25,16,6,48,250,0,250,298
01/15/2007,ARA,LA,ASW,CE,Federal Contract Tower,0,12,51,0,63,0,2,0,0,2,0,14,51,0,65,28,0,28,93
01/16/2007,ARA,LA,ASW,CE,Federal Contract Tower,0,2,3,0,5,0,17,3,0,20,0,19,6,0,25,84,0,84,109
01/17/2007,ARA,LA,ASW,CE,Federal Contract Tower,0,2,17,12,31,0,46,59,0,105,0,48,76,12,136,276,0,276,412
01/18/2007,ARA,LA,ASW,CE,Federal Contract Tower,0,15,2,19,36,0,7,7,2,16,0,22,9,21,52,70,2,72,124
01/19/2007,ARA,LA,ASW,CE,Federal Contract Tower,0,17,2,12,31,0,29,24,2,55,0,46,26,14,86,242,6,248,334
01/20/2007,ARA,LA,ASW,CE,Federal Contract Tower,0,3,0,12,15,0,36,11,6,53,0,39,11,18,68,128,2,130,198
01/21/2007,ARA,LA,ASW,CE,Federal Contract Tower,0,4,1,2,7,0,1,0,0,1,0,5,1,2,8,0,0,0,8
01/22/2007,ARA,LA,ASW,CE,Federal Contract Tower,4,11,12,11,38,0,41,42,5,88,4,52,54,16,126,200,0,200,326
01/23/2007,ARA,LA,ASW,CE,Federal Contract Tower,0,5,21,13,39,0,69,91,9,169,0,74,112,22,208,296,36,332,540
01/24/2007,ARA,LA,ASW,CE,Federal Contract Tower,0,9,15,3,27,0,75,56,0,131,0,84,71,3,158,226,4,230,388
01/25/2007,ARA,LA,ASW,CE,Federal Contract Tower,0,0,25,25,50,0,48,81,11,140,0,48,106,36,190,292,20,312,502
01/26/2007,ARA,LA,ASW,CE,Federal Contract Tower,0,6,13,46,65,0,58,93,14,165,0,64,106,60,230,408,44,452,682
01/27/2007,ARA,LA,ASW,CE,Federal Contract Tower,0,18,4,0,22,0,5,0,0,5,0,23,4,0,27,50,0,50,77
01/28/2007,ARA,LA,ASW,CE,Federal Contract Tower,0,5,6,17,28,0,53,28,3,84,0,58,34,20,112,270,6,276,388
01/29/2007,ARA,LA,ASW,CE,Federal Contract Tower,0,2,13,20,35,0,52,70,10,132,0,54,83,30,167,355,10,365,532
01/30/2007,ARA,LA,ASW,CE,Federal Contract Tower,0,5,3,6,14,0,44,11,0,55,0,49,14,6,69,140,0,140,209
01/31/2007,ARA,LA,ASW,CE,Federal Contract Tower,0,2,20,8,30,0,90,63,2,155,0,92,83,10,185,312,0,312,497
02/01/2007,ARA,LA,ASW,CE,Federal Contract Tower,1,10,4,2,17,0,0,2,0,2,1,10,6,2,19,74,0,74,93
02/02/2007,ARA,LA,ASW,CE,Federal Contract Tower,0,10,19,52,81,0,59,34,0,93,0,69,53,52,174,262,26,288,462
02/03/2007,ARA,LA,ASW,CE,Federal Contract Tower,0,8,14,6,28,0,47,69,0,116,0,55,83,6,144,228,2,230,374
02/04/2007,ARA,LA,ASW,CE,Federal Contract Tower,2,3,1,22,28,0,34,25,14,73,2,37,26,36,101,210,0,210,311
02/05/2007,ARA,LA,ASW,CE,Federal Contract Tower,0,16,4,14,34,0,34,65,2,101,0,50,69,16,135,332,0,332,467
02/06/2007,ARA,LA,ASW,CE,Federal Contract Tower,0,0,22,21,43,0,43,97,14,154,0,43,119,35,197,438,22,460,657
02/07/2007,ARA,LA,ASW,CE,Federal Contract Tower,0,0,23,25,48,0,46,84,7,137,0,46,107,32,185,380,4,384,569
02/08/2007,ARA,LA,ASW,CE,Federal Contract Tower,0,0,4,20,24,0,53,70,4,127,0,53,74,24,151,396,0,396,547
02/09/2007,ARA,LA,ASW,CE,Federal Contract Tower,0,5,10,40,55,0,51,52,14,117,0,56,62,54,172,306,44,350,522
02/10/2007,ARA,LA,ASW,CE,Federal Contract Tower,1,8,15,8,32,0,52,41,2,95,1,60,56,10,127,248,0,248,375
02/11/2007,ARA,LA,ASW,CE,Federal Contract Tower,1,1,6,17,25,0,35,23,15,73,1,36,29,32,98,164,30,194,292
02/12/2007,ARA,LA,ASW,CE,Federal Contract Tower,0,5,7,4,16,0,33,33,4,70,0,38,40,8,86,240,0,240,326
02/13/2007,ARA,LA,ASW,CE,Federal Contract Tower,0,9,6,14,29,0,67,30,0,97,0,76,36,14,126,264,0,264,390
02/14/2007,ARA,LA,ASW,CE,Federal Contract Tower,0,2,17,20,39,0,63,52,5,120,0,65,69,25,159,260,22,282,441
02/15/2007,ARA,LA,ASW,CE,Federal Contract Tower,0,6,15,29,50,0,49,82,15,146,0,55,97,44,196,178,8,186,382
02/16/2007,ARA,LA,ASW,CE,Federal Contract Tower,1,1,5,31,38,0,57,62,8,127,1,58,67,39,165,384,18,402,567
02/17/2007,ARA,LA,ASW,CE,Federal Contract Tower,0,8,7,1,16,0,40,18,3,61,0,48,25,4,77,192,0,192,269
02/18/2007,ARA,LA,ASW,CE,Federal Contract Tower,0,7,1,5,13,0,39,23,2,64,0,46,24,7,77,194,0,194,271
02/19/2007,ARA,LA,ASW,CE,Federal Contract Tower,0,3,6,3,12,0,24,47,1,72,0,27,53,4,84,132,0,132,216
02/20/2007,ARA,LA,ASW,CE,Federal Contract Tower,0,3,6,9,18,0,46,30,5,81,0,49,36,14,99,198,8,206,305
02/21/2007,ARA,LA,ASW,CE,Federal Contract Tower,0,1,0,14,15,0,69,57,4,130,0,70,57,18,145,236,34,270,415
02/22/2007,ARA,LA,ASW,CE,Federal Contract Tower,1,5,11,25,42,0,34,63,1,98,1,39,74,26,140,214,4,218,358
02/23/2007,ARA,LA,ASW,CE,Federal Contract Tower,1,0,8,13,22,0,70,82,3,155,1,70,90,16,177,376,14,390,567
02/24/2007,ARA,LA,ASW,CE,Federal Contract Tower,1,0,1,6,8,0,12,0,0,12,1,12,1,6,20,50,0,50,70
02/25/2007,ARA,LA,ASW,CE,Federal Contract Tower,0,2,2,10,14,0,44,14,0,58,0,46,16,10,72,162,0,162,234
02/26/2007,ARA,LA,ASW,CE,Federal Contract Tower,0,4,6,36,46,0,61,66,15,142,0,65,72,51,188,390,22,412,600
02/27/2007,ARA,LA,ASW,CE,Federal Contract Tower,0,1,11,13,25,5,72,61,8,146,5,73,72,21,171,330,38,368,539
02/28/2007,ARA,LA,ASW,CE,Federal Contract Tower,0,4,10,12,26,0,25,15,2,42,0,29,25,14,68,60,4,64,132
03/01/2007,ARA,LA,ASW,CE,Federal Contract Tower,0,0,7,5,12,0,13,1,0,14,0,13,8,5,26,20,0,20,46
03/02/2007,ARA,LA,ASW,CE,Federal Contract Tower,0,0,6,41,47,0,82,74,8,164,0,82,80,49,211,308,6,314,525
03/03/2007,ARA,LA,ASW,CE,Federal Contract Tower,1,1,2,10,14,0,20,29,0,49,1,21,31,10,63,132,18,150,213
03/04/2007,ARA,LA,ASW,CE,Federal Contract Tower,1,1,8,19,29,0,17,39,4,60,1,18,47,23,89,152,6,158,247
03/05/2007,ARA,LA,ASW,CE,Federal Contract Tower,0,0,13,21,34,0,33,76,14,123,0,33,89,35,157,326,46,372,529
03/06/2007,ARA,LA,ASW,CE,Federal Contract Tower,0,1,15,18,34,0,75,115,6,196,0,76,130,24,230,370,4,374,604
03/07/2007,ARA,LA,ASW,CE,Federal Contract Tower,0,0,18,11,29,0,59,92,5,156,0,59,110,16,185,336,8,344,529
03/08/2007,ARA,LA,ASW,CE,Federal Contract Tower,0,0,22,15,37,0,43,46,15,104,0,43,68,30,141,250,20,270,411
03/09/2007,ARA,LA,ASW,CE,Federal Contract Tower,1,6,17,26,50,0,83,69,0,152,1,89,86,26,202,384,24,408,610
03/10/2007,ARA,LA,ASW,CE,Federal Contract Tower,0,3,19,22,44,0,61,60,0,121,0,64,79,22,165,294,24,318,483
03/11/2007,ARA,LA,ASW,CE,Federal Contract Tower,0,9,21,5,35,0,16,6,1,23,0,25,27,6,58,126,0,126,184
03/12/2007,ARA,LA,ASW,CE,Federal Contract Tower,0,0,7,6,13,0,20,40,1,61,0,20,47,7,74,278,0,278,352
03/13/2007,ARA,LA,ASW,CE,Federal Contract Tower,2,4,12,5,23,0,46,35,2,83,2,50,47,7,106,264,8,272,378
03/14/2007,ARA,LA,ASW,CE,Federal Contract Tower,0,0,9,0,9,0,21,6,0,27,0,21,15,0,36,74,0,74,110
03/15/2007,ARA,LA,ASW,CE,Federal Contract Tower,0,5,18,21,44,0,58,82,3,143,0,63,100,24,187,330,0,330,517
03/16/2007,ARA,LA,ASW,CE,Federal Contract Tower,0,0,8,26,34,0,63,63,10,136,0,63,71,36,170,310,28,338,508
03/17/2007,ARA,LA,ASW,CE,Federal Contract Tower,0,4,12,19,35,0,27,68,8,103,0,31,80,27,138,160,18,178,316
03/18/2007,ARA,LA,ASW,CE,Federal Contract Tower,0,5,8,9,22,0,37,24,5,66,0,42,32,14,88,134,0,134,222
03/19/2007,ARA,LA,ASW,CE,Federal Contract Tower,0,1,4,18,23,0,31,43,2,76,0,32,47,20,99,290,4,294,393
03/20/2007,ARA,LA,ASW,CE,Federal Contract Tower,1,0,6,14,21,0,71,72,4,147,1,71,78,18,168,370,14,384,552
03/21/2007,ARA,LA,ASW,CE,Federal Contract Tower,0,0,13,16,29,0,29,102,9,140,0,29,115,25,169,333,2,335,504
03/22/2007,ARA,LA,ASW,CE,Federal Contract Tower,2,6,12,23,43,0,48,104,9,161,2,54,116,32,204,284,18,302,506
03/23/2007,ARA,LA,ASW,CE,Federal Contract Tower,0,7,11,54,72,0,45,85,18,148,0,52,96,72,220,314,14,328,548
03/24/2007,ARA,LA,ASW,CE,Federal Contract Tower,0,0,12,0,12,0,23,35,0,58,0,23,47,0,70,92,0,92,162
03/25/2007,ARA,LA,ASW,CE,Federal Contract Tower,0,6,14,24,44,0,15,20,6,41,0,21,34,30,85,176,0,176,261
03/26/2007,ARA,LA,ASW,CE,Federal Contract Tower,0,1,7,13,21,0,28,65,7,100,0,29,72,20,121,286,20,306,427
03/27/2007,ARA,LA,ASW,CE,Federal Contract Tower,0,0,10,8,18,0,57,49,19,125,0,57,59,27,143,426,12,438,581
03/28/2007,ARA,LA,ASW,CE,Federal Contract Tower,0,4,16,35,55,0,36,87,14,137,0,40,103,49,192,354,42,396,588
03/29/2007,ARA,LA,ASW,CE,Federal Contract Tower,0,3,14,12,29,0,35,62,1,98,0,38,76,13,127,330,0,330,457
03/30/2007,ARA,LA,ASW,CE,Federal Contract Tower,0,2,12,52,66,0,28,54,14,96,0,30,66,66,162,304,120,424,586
03/31/2007,ARA,LA,ASW,CE,Federal Contract Tower,1,3,5,0,9,0,22,14,2,38,1,25,19,2,47,58,0,58,105
04/01/2007,ARA,LA,ASW,CE,Federal Contract Tower,1,0,4,5,10,0,20,18,1,39,1,20,22,6,49,172,0,172,221
04/02/2007,ARA,LA,ASW,CE,Federal Contract Tower,1,0,2,17,20,0,26,66,7,99,1,26,68,24,119,274,12,286,405
04/03/2007,ARA,LA,ASW,CE,Federal Contract Tower,1,4,17,9,31,0,84,127,10,221,1,88,144,19,252,448,0,448,700
04/04/2007,ARA,LA,ASW,CE,Federal Contract Tower,0,9,2,0,11,0,37,33,0,70,0,46,35,0,81,126,0,126,207
04/05/2007,ARA,LA,ASW,CE,Federal Contract Tower,0,2,12,18,32,0,60,34,0,94,0,62,46,18,126,237,14,251,377
04/06/2007,ARA,LA,ASW,CE,Federal Contract Tower,0,15,11,5,31,0,55,87,3,145,0,70,98,8,176,360,0,360,536
04/07/2007,ARA,LA,ASW,CE,Federal Contract Tower,0,2,0,0,2,0,32,24,0,56,0,34,24,0,58,144,0,144,202
04/08/2007,ARA,LA,ASW,CE,Federal Contract Tower,0,12,0,0,12,0,34,6,0,40,0,46,6,0,52,180,0,180,232
04/09/2007,ARA,LA,ASW,CE,Federal Contract Tower,0,4,8,9,21,0,53,60,3,116,0,57,68,12,137,292,0,292,429
04/10/2007,ARA,LA,ASW,CE,Federal Contract Tower,0,1,6,2,9,0,27,1,0,28,0,28,7,2,37,40,0,40,77
04/11/2007,ARA,LA,ASW,CE,Federal Contract Tower,1,1,21,48,71,0,41,84,22,147,1,42,105,70,218,260,36,296,514
04/12/2007,ARA,LA,ASW,CE,Federal Contract Tower,2,3,32,41,78,0,59,104,16,179,2,62,136,57,257,288,8,296,553
04/13/2007,ARA,LA,ASW,CE,Federal Contract Tower,1,7,6,40,54,0,77,54,12,143,1,84,60,52,197,276,10,286,483
04/14/2007,ARA,LA,ASW,CE,Federal Contract Tower,0,10,7,0,17,0,27,37,2,66,0,37,44,2,83,134,0,134,217
04/15/2007,ARA,LA,ASW,CE,Federal Contract Tower,1,10,4,6,21,0,53,51,5,109,1,63,55,11,130,144,0,144,274
04/16/2007,ARA,LA,ASW,CE,Federal Contract Tower,0,6,9,26,41,0,56,75,11,142,0,62,84,37,183,388,0,388,571
04/17/2007,ARA,LA,ASW,CE,Federal Contract Tower,0,2,12,12,26,0,84,98,10,192,0,86,110,22,218,624,40,664,882
04/18/2007,ARA,LA,ASW,CE,Federal Contract Tower,0,6,18,13,37,0,54,82,0,136,0,60,100,13,173,260,4,264,437
04/19/2007,ARA,LA,ASW,CE,Federal Contract Tower,1,0,9,15,25,0,54,125,9,188,1,54,134,24,213,448,40,488,701
04/20/2007,ARA,LA,ASW,CE,Federal Contract Tower,2,0,14,34,50,0,46,58,8,112,2,46,72,42,162,312,22,334,496
04/21/2007,ARA,LA,ASW,CE,Federal Contract Tower,0,1,6,12,19,0,44,62,24,130,0,45,68,36,149,206,6,212,361
04/22/2007,ARA,LA,ASW,CE,Federal Contract Tower,0,5,4,8,17,0,20,29,0,49,0,25,33,8,66,104,0,104,170
04/23/2007,ARA,LA,ASW,CE,Federal Contract Tower,0,2,6,9,17,0,37,63,4,104,0,39,69,13,121,350,4,354,475
04/24/2007,ARA,LA,ASW,CE,Federal Contract Tower,2,0,6,18,26,0,54,70,16,140,2,54,76,34,166,362,22,384,550
04/25/2007,ARA,LA,ASW,CE,Federal Contract Tower,0,5,1,0,6,0,42,48,0,90,0,47,49,0,96,260,0,260,356
04/26/2007,ARA,LA,ASW,CE,Federal Contract Tower,0,7,28,16,51,0,59,72,1,132,0,66,100,17,183,288,28,316,499
04/27/2007,ARA,LA,ASW,CE,Federal Contract Tower,0,10,16,20,46,0,54,90,4,148,0,64,106,24,194,358,14,372,566
04/28/2007,ARA,LA,ASW,CE,Federal Contract Tower,1,20,12,2,35,0,38,59,0,97,1,58,71,2,132,214,0,214,346
04/29/2007,ARA,LA,ASW,CE,Federal Contract Tower,1,3,8,11,23,0,19,39,7,65,1,22,47,18,88,90,20,110,198
04/30/2007,ARA,LA,ASW,CE,Federal Contract Tower,0,9,13,15,37,0,64,75,7,146,0,73,88,22,183,388,12,400,583
05/01/2007,ARA,LA,ASW,CE,Federal Contract Tower,0,0,16,13,29,0,68,110,21,199,0,68,126,34,228,348,20,368,596
05/02/2007,ARA,LA,ASW,CE,Federal Contract Tower,0,2,24,27,53,0,71,71,14,156,0,73,95,41,209,308,14,322,531
05/03/2007,ARA,LA,ASW,CE,Federal Contract Tower,0,2,9,0,11,0,60,29,0,89,0,62,38,0,100,162,0,162,262
05/04/2007,ARA,LA,ASW,CE,Federal Contract Tower,1,12,10,16,39,0,44,56,14,114,1,56,66,30,153,170,0,170,323
05/05/2007,ARA,LA,ASW,CE,Federal Contract Tower,1,3,12,4,20,0,58,58,0,116,1,61,70,4,136,210,0,210,346
05/06/2007,ARA,LA,ASW,CE,Federal Contract Tower,0,8,3,8,19,0,25,32,3,60,0,33,35,11,79,210,18,228,307
05/07/2007,ARA,LA,ASW,CE,Federal Contract Tower,0,0,11,20,31,0,28,73,4,105,0,28,84,24,136,300,4,304,440
05/08/2007,ARA,LA,ASW,CE,Federal Contract Tower,0,1,11,12,24,0,61,92,15,168,0,62,103,27,192,420,12,432,624
05/09/2007,ARA,LA,ASW,CE,Federal Contract Tower,0,3,15,29,47,0,24,108,7,139,0,27,123,36,186,246,18,264,450
05/10/2007,ARA,LA,ASW,CE,Federal Contract Tower,0,2,10,61,73,0,26,94,7,127,0,28,104,68,200,270,26,296,496
05/11/2007,ARA,LA,ASW,CE,Federal Contract Tower,0,0,14,42,56,0,58,58,12,128,0,58,72,54,184,270,10,280,464
05/12/2007,ARA,LA,ASW,CE,Federal Contract Tower,0,4,2,0,6,0,34,26,0,60,0,38,28,0,66,150,0,150,216
05/13/2007,ARA,LA,ASW,CE,Federal Contract Tower,0,4,8,2,14,0,43,19,0,62,0,47,27,2,76,108,0,108,184
05/14/2007,ARA,LA,ASW,CE,Federal Contract Tower,2,6,7,13,28,0,37,25,5,67,2,43,32,18,95,318,6,324,419
05/15/2007,ARA,LA,ASW,CE,Federal Contract Tower,0,1,10,12,23,0,48,68,9,125,0,49,78,21,148,333,6,339,487
05/16/2007,ARA,LA,ASW,CE,Federal Contract Tower,0,0,7,3,10,0,48,63,0,111,0,48,70,3,121,342,0,342,463
05/17/2007,ARA,LA,ASW,CE,Federal Contract Tower,0,2,13,15,30,0,52,93,0,145,0,54,106,15,175,320,2,322,497
05/18/2007,ARA,LA,ASW,CE,Federal Contract Tower,0,2,25,15,42,0,32,129,13,174,0,34,154,28,216,350,8,358,574
05/19/2007,ARA,LA,ASW,CE,Federal Contract Tower,0,4,4,6,14,0,73,78,0,151,0,77,82,6,165,284,16,300,465
05/20/2007,ARA,LA,ASW,CE,Federal Contract Tower,0,6,4,1,11,0,69,69,3,141,0,75,73,4,152,358,0,358,510
05/21/2007,ARA,LA,ASW,CE,Federal Contract Tower,0,4,5,21,30,0,58,58,4,120,0,62,63,25,150,552,48,600,750
05/22/2007,ARA,LA,ASW,CE,Federal Contract Tower,1,9,9,6,25,0,36,9,0,45,1,45,18,6,70,89,0,89,159
05/23/2007,ARA,LA,ASW,CE,Federal Contract Tower,1,13,5,0,19,0,67,56,0,123,1,80,61,0,142,214,0,214,356
05/24/2007,ARA,LA,ASW,CE,Federal Contract Tower,2,5,17,12,36,0,32,59,4,95,2,37,76,16,131,184,0,184,315
05/25/2007,ARA,LA,ASW,CE,Federal Contract Tower,0,3,19,8,30,0,31,53,12,96,0,34,72,20,126,250,4,254,380
05/26/2007,ARA,LA,ASW,CE,Federal Contract Tower,0,3,15,1,19,0,50,62,1,113,0,53,77,2,132,336,8,344,476
05/27/2007,ARA,LA,ASW,CE,Federal Contract Tower,0,11,0,0,11,0,63,39,0,102,0,74,39,0,113,180,0,180,293
05/28/2007,ARA,LA,ASW,CE,Federal Contract Tower,0,2,4,0,6,0,42,30,0,72,0,44,34,0,78,224,0,224,302
05/29/2007,ARA,LA,ASW,CE,Federal Contract Tower,0,12,4,3,19,0,41,20,0,61,0,53,24,3,80,352,0,352,432
05/30/2007,ARA,LA,ASW,CE,Federal Contract Tower,0,4,9,3,16,0,72,66,1,139,0,76,75,4,155,378,0,378,533
05/31/2007,ARA,LA,ASW,CE,Federal Contract Tower,0,3,9,4,16,0,51,41,12,104,0,54,50,16,120,200,2,202,322
06/01/2007,ARA,LA,ASW,CE,Federal Contract Tower,1,12,8,18,39,0,28,44,2,74,1,40,52,20,113,160,4,164,277
06/02/2007,ARA,LA,ASW,CE,Federal Contract Tower,0,7,7,4,18,0,45,28,1,74,0,52,35,5,92,202,8,210,302
06/03/2007,ARA,LA,ASW,CE,Federal Contract Tower,0,11,3,0,14,0,72,43,0,115,0,83,46,0,129,130,0,130,259
06/04/2007,ARA,LA,ASW,CE,Federal Contract Tower,0,1,2,2,5,0,27,16,0,43,0,28,18,2,48,148,0,148,196
06/05/2007,ARA,LA,ASW,CE,Federal Contract Tower,1,8,14,10,33,0,39,83,4,126,1,47,97,14,159,264,2,266,425
06/06/2007,ARA,LA,ASW,CE,Federal Contract Tower,0,4,18,31,53,0,54,134,16,204,0,58,152,47,257,372,14,386,643
06/07/2007,ARA,LA,ASW,CE,Federal Contract Tower,0,2,10,18,30,0,48,40,10,98,0,50,50,28,128,234,8,242,370
06/08/2007,ARA,LA,ASW,CE,Federal Contract Tower,0,2,24,15,41,0,50,64,2,116,0,52,88,17,157,272,2,274,431
06/09/2007,ARA,LA,ASW,CE,Federal Contract Tower,0,0,12,2,14,0,40,80,2,122,0,40,92,4,136,208,4,212,348
06/10/2007,ARA,LA,ASW,CE,Federal Contract Tower,0,0,4,7,11,0,45,36,4,85,0,45,40,11,96,186,4,190,286
06/11/2007,ARA,LA,ASW,CE,Federal Contract Tower,1,2,10,19,32,0,42,77,18,137,1,44,87,37,169,362,32,394,563
06/12/2007,ARA,LA,ASW,CE,Federal Contract Tower,0,2,10,17,29,0,51,49,3,103,0,53,59,20,132,243,4,247,379
06/13/2007,ARA,LA,ASW,CE,Federal Contract Tower,0,0,20,26,46,0,76,122,8,206,0,76,142,34,252,402,30,432,684
06/14/2007,ARA,LA,ASW,CE,Federal Contract Tower,1,1,17,4,23,0,49,45,2,96,1,50,62,6,119,166,2,168,287
06/15/2007,ARA,LA,ASW,CE,Federal Contract Tower,0,0,14,10,24,0,57,42,3,102,0,57,56,13,126,302,0,302,428
06/16/2007,ARA,LA,ASW,CE,Federal Contract Tower,0,1,6,1,8,0,31,35,1,67,0,32,41,2,75,230,2,232,307
06/17/2007,ARA,LA,ASW,CE,Federal Contract Tower,0,2,7,3,12,0,53,35,3,91,0,55,42,6,103,190,6,196,299
06/18/2007,ARA,LA,ASW,CE,Federal Contract Tower,0,2,17,8,27,0,26,58,1,85,0,28,75,9,112,316,0,316,428
06/19/2007,ARA,LA,ASW,CE,Federal Contract Tower,0,3,14,5,22,0,66,37,0,103,0,69,51,5,125,232,8,240,365
06/20/2007,ARA,LA,ASW,CE,Federal Contract Tower,3,2,22,13,40,0,46,70,5,121,3,48,92,18,161,358,14,372,533
06/21/2007,ARA,LA,ASW,CE,Federal Contract Tower,1,3,35,12,51,0,63,90,9,162,1,66,125,21,213,250,10,260,473
06/22/2007,ARA,LA,ASW,CE,Federal Contract Tower,0,3,22,33,58,0,36,50,15,101,0,39,72,48,159,246,24,270,429
06/23/2007,ARA,LA,ASW,CE,Federal Contract Tower,0,1,5,6,12,0,51,87,2,140,0,52,92,8,152,230,10,240,392
06/24/2007,ARA,LA,ASW,CE,Federal Contract Tower,0,7,8,0,15,0,64,41,0,105,0,71,49,0,120,182,12,194,314
06/25/2007,ARA,LA,ASW,CE,Federal Contract Tower,2,3,5,0,10,0,63,57,2,122,2,66,62,2,132,240,0,240,372
06/26/2007,ARA,LA,ASW,CE,Federal Contract Tower,0,1,22,0,23,0,53,74,3,130,0,54,96,3,153,512,0,512,665
06/27/2007,ARA,LA,ASW,CE,Federal Contract Tower,0,0,31,16,47,0,48,95,6,149,0,48,126,22,196,368,10,378,574
06/28/2007,ARA,LA,ASW,CE,Federal Contract Tower,0,5,24,8,37,0,63,60,2,125,0,68,84,10,162,280,0,280,442
06/29/2007,ARA,LA,ASW,CE,Federal Contract Tower,0,0,7,7,14,0,34,55,5,94,0,34,62,12,108,308,0,308,416
06/30/2007,ARA,LA,ASW,CE,Federal Contract Tower,0,1,9,0,10,0,37,39,0,76,0,38,48,0,86,210,0,210,296
07/01/2007,ARA,LA,ASW,CE,Federal Contract Tower,0,1,11,0,12,0,24,38,2,64,0,25,49,2,76,88,0,88,164
07/02/2007,ARA,LA,ASW,CE,Federal Contract Tower,0,6,11,7,24,0,35,74,3,112,0,41,85,10,136,210,14,224,360
07/03/2007,ARA,LA,ASW,CE,Federal Contract Tower,1,6,21,2,30,0,49,59,2,110,1,55,80,4,140,366,0,366,506
07/04/2007,ARA,LA,ASW,CE,Federal Contract Tower,0,3,4,0,7,0,11,1,0,12,0,14,5,0,19,8,0,8,27
07/05/2007,ARA,LA,ASW,CE,Federal Contract Tower,1,13,2,0,16,0,33,60,8,101,1,46,62,8,117,102,0,102,219
07/06/2007,ARA,LA,ASW,CE,Federal Contract Tower,2,4,6,2,14,0,42,62,6,110,2,46,68,8,124,196,0,196,320
07/07/2007,ARA,LA,ASW,CE,Federal Contract Tower,0,0,4,2,6,0,45,47,12,104,0,45,51,14,110,100,12,112,222
07/08/2007,ARA,LA,ASW,CE,Federal Contract Tower,0,2,8,6,16,0,37,41,2,80,0,39,49,8,96,144,8,152,248
07/09/2007,ARA,LA,ASW,CE,Federal Contract Tower,0,0,10,10,20,0,49,58,0,107,0,49,68,10,127,322,8,330,457
07/10/2007,ARA,LA,ASW,CE,Federal Contract Tower,0,3,9,6,18,0,47,91,8,146,0,50,100,14,164,298,4,302,466
07/11/2007,ARA,LA,ASW,CE,Federal Contract Tower,0,0,10,8,18,0,62,96,0,158,0,62,106,8,176,266,8,274,450
07/12/2007,ARA,LA,ASW,CE,Federal Contract Tower,0,3,12,14,29,0,52,80,6,138,0,55,92,20,167,320,10,330,497
07/13/2007,ARA,LA,ASW,CE,Federal Contract Tower,0,1,8,10,19,0,61,86,0,147,0,62,94,10,166,258,26,284,450
07/14/2007,ARA,LA,ASW,CE,Federal Contract Tower,0,1,3,0,4,0,42,12,0,54,0,43,15,0,58,150,0,150,208
07/15/2007,ARA,LA,ASW,CE,Federal Contract Tower,0,0,3,0,3,0,51,8,0,59,0,51,11,0,62,110,0,110,172
07/16/2007,ARA,LA,ASW,CE,Federal Contract Tower,0,2,6,2,10,0,62,82,1,145,0,64,88,3,155,242,6,248,403
07/17/2007,ARA,LA,ASW,CE,Federal Contract Tower,2,3,13,2,20,0,30,59,4,93,2,33,72,6,113,256,0,256,369
07/18/2007,ARA,LA,ASW,CE,Federal Contract Tower,0,0,10,12,22,0,58,114,14,186,0,58,124,26,208,286,10,296,504
07/19/2007,ARA,LA,ASW,CE,Federal Contract Tower,0,2,6,0,8,0,36,44,0,80,0,38,50,0,88,200,0,200,288
07/20/2007,ARA,LA,ASW,CE,Federal Contract Tower,0,0,19,6,25,0,38,53,2,93,0,38,72,8,118,174,0,174,292
07/21/2007,ARA,LA,ASW,CE,Federal Contract Tower,1,1,6,0,8,0,47,72,0,119,1,48,78,0,127,250,0,250,377
07/22/2007,ARA,LA,ASW,CE,Federal Contract Tower,0,0,4,12,16,0,65,52,5,122,0,65,56,17,138,234,14,248,386
07/23/2007,ARA,LA,ASW,CE,Federal Contract Tower,0,0,9,8,17,0,58,76,10,144,0,58,85,18,161,290,18,308,469
07/24/2007,ARA,LA,ASW,CE,Federal Contract Tower,0,0,8,3,11,0,91,67,7,165,0,91,75,10,176,324,0,324,500
07/25/2007,ARA,LA,ASW,CE,Federal Contract Tower,1,0,18,12,31,0,42,60,12,114,1,42,78,24,145,258,14,272,417
07/26/2007,ARA,LA,ASW,CE,Federal Contract Tower,0,0,2,6,8,0,47,39,0,86,0,47,41,6,94,220,4,224,318
07/27/2007,ARA,LA,ASW,CE,Federal Contract Tower,2,4,4,8,18,0,14,18,4,36,2,18,22,12,54,110,2,112,166
07/28/2007,ARA,LA,ASW,CE,Federal Contract Tower,2,3,9,0,14,0,55,25,0,80,2,58,34,0,94,156,0,156,250
07/29/2007,ARA,LA,ASW,CE,Federal Contract Tower,0,3,2,2,7,0,41,18,0,59,0,44,20,2,66,112,0,112,178
07/30/2007,ARA,LA,ASW,CE,Federal Contract Tower,0,0,9,10,19,0,43,63,6,112,0,43,72,16,131,454,2,456,587
07/31/2007,ARA,LA,ASW,CE,Federal Contract Tower,0,4,13,10,27,0,31,30,4,65,0,35,43,14,92,234,2,236,328
08/01/2007,ARA,LA,ASW,CE,Federal Contract Tower,0,6,15,4,25,0,56,75,0,131,0,62,90,4,156,298,6,304,460
08/02/2007,ARA,LA,ASW,CE,Federal Contract Tower,0,12,6,5,23,0,24,29,1,54,0,36,35,6,77,108,12,120,197
08/03/2007,ARA,LA,ASW,CE,Federal Contract Tower,0,4,9,12,25,0,60,77,11,148,0,64,86,23,173,256,0,256,429
08/04/2007,ARA,LA,ASW,CE,Federal Contract Tower,1,0,1,4,6,0,17,46,12,75,1,17,47,16,81,138,40,178,259
08/05/2007,ARA,LA,ASW,CE,Federal Contract Tower,0,3,5,5,13,0,32,76,0,108,0,35,81,5,121,240,28,268,389
08/06/2007,ARA,LA,ASW,CE,Federal Contract Tower,0,0,11,3,14,0,44,81,3,128,0,44,92,6,142,400,0,400,542
08/07/2007,ARA,LA,ASW,CE,Federal Contract Tower,0,0,12,6,18,0,44,81,2,127,0,44,93,8,145,592,18,610,755
08/08/2007,ARA,LA,ASW,CE,Federal Contract Tower,2,1,28,18,49,0,71,118,14,203,2,72,146,32,252,380,12,392,644
08/09/2007,ARA,LA,ASW,CE,Federal Contract Tower,0,0,35,11,46,0,28,81,9,118,0,28,116,20,164,332,10,342,506
08/10/2007,ARA,LA,ASW,CE,Federal Contract Tower,0,1,23,28,52,0,37,97,12,146,0,38,120,40,198,526,22,548,746
08/11/2007,ARA,LA,ASW,CE,Federal Contract Tower,0,14,5,1,20,0,45,31,7,83,0,59,36,8,103,248,0,248,351
08/12/2007,ARA,LA,ASW,CE,Federal Contract Tower,0,1,1,4,6,0,29,31,1,61,0,30,32,5,67,156,0,156,223
08/13/2007,ARA,LA,ASW,CE,Federal Contract Tower,0,0,7,18,25,0,58,76,8,142,0,58,83,26,167,404,28,432,599
08/14/2007,ARA,LA,ASW,CE,Federal Contract Tower,0,1,14,22,37,0,48,81,11,140,0,49,95,33,177,400,4,404,581
08/15/2007,ARA,LA,ASW,CE,Federal Contract Tower,0,3,19,22,44,0,35,67,0,102,0,38,86,22,146,244,6,250,396
08/16/2007,ARA,LA,ASW,CE,Federal Contract Tower,0,3,7,4,14,0,29,39,2,70,0,32,46,6,84,154,0,154,238
08/17/2007,ARA,LA,ASW,CE,Federal Contract Tower,0,0,8,6,14,0,36,56,0,92,0,36,64,6,106,184,8,192,298
08/18/2007,ARA,LA,ASW,CE,Federal Contract Tower,0,0,1,3,4,0,45,51,3,99,0,45,52,6,103,202,0,202,305
08/19/2007,ARA,LA,ASW,CE,Federal Contract Tower,0,0,1,5,6,0,29,42,1,72,0,29,43,6,78,224,0,224,302
08/20/2007,ARA,LA,ASW,CE,Federal Contract Tower,2,0,12,23,37,0,34,86,17,137,2,34,98,40,174,370,46,416,590
08/21/2007,ARA,LA,ASW,CE,Federal Contract Tower,0,0,7,15,22,0,31,96,5,132,0,31,103,20,154,432,10,442,596
08/22/2007,ARA,LA,ASW,CE,Federal Contract Tower,0,0,7,22,29,0,46,87,2,135,0,46,94,24,164,318,12,330,494
08/23/2007,ARA,LA,ASW,CE,Federal Contract Tower,0,5,7,23,35,0,42,76,5,123,0,47,83,28,158,184,10,194,352
08/24/2007,ARA,LA,ASW,CE,Federal Contract Tower,0,4,2,23,29,0,38,32,11,81,0,42,34,34,110,218,52,270,380
08/25/2007,ARA,LA,ASW,CE,Federal Contract Tower,0,3,3,0,6,0,14,43,0,57,0,17,46,0,63,180,0,180,243
08/26/2007,ARA,LA,ASW,CE,Federal Contract Tower,0,2,4,11,17,0,34,32,7,73,0,36,36,18,90,166,0,166,256
08/27/2007,ARA,LA,ASW,CE,Federal Contract Tower,0,1,5,12,18,0,38,53,5,96,0,39,58,17,114,170,2,172,286
08/28/2007,ARA,LA,ASW,CE,Federal Contract Tower,2,9,11,4,26,0,51,83,4,138,2,60,94,8,164,444,0,444,608
08/29/2007,ARA,LA,ASW,CE,Federal Contract Tower,0,8,12,1,21,0,38,70,1,109,0,46,82,2,130,364,0,364,494
08/30/2007,ARA,LA,ASW,CE,Federal Contract Tower,0,4,20,16,40,0,36,98,4,138,0,40,118,20,178,240,20,260,438
08/31/2007,ARA,LA,ASW,CE,Federal Contract Tower,2,8,11,5,26,0,26,35,7,68,2,34,46,12,94,192,8,200,294
09/01/2007,ARA,LA,ASW,CE,Federal Contract Tower,0,0,5,0,5,0,19,76,0,95,0,19,81,0,100,170,0,170,270
09/02/2007,ARA,LA,ASW,CE,Federal Contract Tower,0,7,7,0,14,0,28,13,0,41,0,35,20,0,55,84,0,84,139
09/03/2007,ARA,LA,ASW,CE,Federal Contract Tower,0,0,1,0,1,0,33,48,0,81,0,33,49,0,82,252,0,252,334
09/04/2007,ARA,LA,ASW,CE,Federal Contract Tower,0,13,8,6,27,0,41,77,2,120,0,54,85,8,147,390,10,400,547
09/05/2007,ARA,LA,ASW,CE,Federal Contract Tower,1,6,19,30,56,0,62,109,34,205,1,68,128,64,261,246,12,258,519
09/06/2007,ARA,LA,ASW,CE,Federal Contract Tower,0,4,15,6,25,0,36,67,0,103,0,40,82,6,128,240,0,240,368
09/07/2007,ARA,LA,ASW,CE,Federal Contract Tower,0,3,6,16,25,0,43,70,26,139,0,46,76,42,164,348,52,400,564
09/08/2007,ARA,LA,ASW,CE,Federal Contract Tower,0,1,7,3,11,0,47,95,3,145,0,48,102,6,156,322,0,322,478
09/09/2007,ARA,LA,ASW,CE,Federal Contract Tower,0,6,10,9,25,0,107,78,6,191,0,113,88,15,216,330,0,330,546
09/10/2007,ARA,LA,ASW,CE,Federal Contract Tower,0,0,9,16,25,0,33,82,12,127,0,33,91,28,152,360,46,406,558
09/11/2007,ARA,LA,ASW,CE,Federal Contract Tower,0,2,8,4,14,0,37,64,6,107,0,39,72,10,121,266,12,278,399
09/12/2007,ARA,LA,ASW,CE,Federal Contract Tower,0,0,18,5,23,0,44,62,3,109,0,44,80,8,132,226,0,226,358
09/13/2007,ARA,LA,ASW,CE,Federal Contract Tower,0,0,1,0,1,0,0,0,0,0,0,0,1,0,1,0,0,0,1
09/14/2007,ARA,LA,ASW,CE,Federal Contract Tower,0,0,12,8,20,0,42,122,0,164,0,42,134,8,184,384,8,392,576
09/15/2007,ARA,LA,ASW,CE,Federal Contract Tower,2,1,13,3,19,0,71,94,3,168,2,72,107,6,187,324,26,350,537
09/16/2007,ARA,LA,ASW,CE,Federal Contract Tower,0,12,8,4,24,0,95,80,4,179,0,107,88,8,203,342,12,354,557
09/17/2007,ARA,LA,ASW,CE,Federal Contract Tower,1,2,13,8,24,0,29,111,7,147,1,31,124,15,171,366,6,372,543
09/18/2007,ARA,LA,ASW,CE,Federal Contract Tower,0,3,18,44,65,0,42,83,0,125,0,45,101,44,190,264,14,278,468
09/19/2007,ARA,LA,ASW,CE,Federal Contract Tower,2,0,20,31,53,0,68,122,17,207,2,68,142,48,260,454,38,492,752
09/20/2007,ARA,LA,ASW,CE,Federal Contract Tower,0,0,19,38,57,0,54,111,4,169,0,54,130,42,226,410,8,418,644
09/21/2007,ARA,LA,ASW,CE,Federal Contract Tower,0,0,29,10,39,0,74,111,8,193,0,74,140,18,232,570,4,574,806
09/22/2007,ARA,LA,ASW,CE,Federal Contract Tower,0,3,5,0,8,0,59,48,0,107,0,62,53,0,115,268,0,268,383
09/23/2007,ARA,LA,ASW,CE,Federal Contract Tower,0,4,3,10,17,0,57,38,6,101,0,61,41,16,118,174,0,174,292
09/24/2007,ARA,LA,ASW,CE,Federal Contract Tower,0,2,7,0,9,0,41,68,0,109,0,43,75,0,118,284,0,284,402
09/25/2007,ARA,LA,ASW,CE,Federal Contract Tower,2,4,1,4,11,0,29,31,0,60,2,33,32,4,71,244,0,244,315
09/26/2007,ARA,LA,ASW,CE,Federal Contract Tower,0,4,13,21,38,0,42,111,5,158,0,46,124,26,196,276,0,276,472
09/27/2007,ARA,LA,ASW,CE,Federal Contract Tower,0,1,31,7,39,0,78,60,20,158,0,79,91,27,197,448,8,456,653
09/28/2007,ARA,LA,ASW,CE,Federal Contract Tower,0,1,19,5,25,0,39,95,3,137,0,40,114,8,162,470,4,474,636
09/29/2007,ARA,LA,ASW,CE,Federal Contract Tower,0,10,9,0,19,0,87,131,2,220,0,97,140,2,239,502,0,502,741
09/30/2007,ARA,LA,ASW,CE,Federal Contract Tower,0,7,10,1,18,0,75,81,3,159,0,82,91,4,177,412,0,412,589
10/01/2007,ARA,LA,ASW,CE,Federal Contract Tower,0,5,1,10,16,0,60,65,0,125,0,65,66,10,141,272,0,272,413
10/02/2007,ARA,LA,ASW,CE,Federal Contract Tower,1,2,12,7,22,0,28,78,7,113,1,30,90,14,135,388,4,392,527
10/03/2007,ARA,LA,ASW,CE,Federal Contract Tower,0,4,13,32,49,0,48,107,16,171,0,52,120,48,220,412,76,488,708
10/04/2007,ARA,LA,ASW,CE,Federal Contract Tower,0,0,16,15,31,0,64,66,11,141,0,64,82,26,172,410,2,412,584
10/05/2007,ARA,LA,ASW,CE,Federal Contract Tower,2,0,3,17,22,0,54,25,27,106,2,54,28,44,128,266,4,270,398
10/06/2007,ARA,LA,ASW,CE,Federal Contract Tower,0,8,3,0,11,0,54,29,0,83,0,62,32,0,94,224,0,224,318
10/07/2007,ARA,LA,ASW,CE,Federal Contract Tower,1,4,3,0,8,0,41,13,0,54,1,45,16,0,62,90,0,90,152
10/08/2007,ARA,LA,ASW,CE,Federal Contract Tower,0,8,8,4,20,0,58,31,2,91,0,66,39,6,111,198,0,198,309
10/09/2007,ARA,LA,ASW,CE,Federal Contract Tower,0,9,17,22,48,0,56,63,0,119,0,65,80,22,167,332,12,344,511
10/10/2007,ARA,LA,ASW,CE,Federal Contract Tower,1,3,10,25,39,0,75,94,21,190,1,78,104,46,229,320,14,334,563
10/11/2007,ARA,LA,ASW,CE,Federal Contract Tower,0,9,1,8,18,0,36,90,0,126,0,45,91,8,144,370,0,370,514
10/12/2007,ARA,LA,ASW,CE,Federal Contract Tower,0,7,21,14,42,0,68,73,8,149,0,75,94,22,191,452,0,452,643
10/13/2007,ARA,LA,ASW,CE,Federal Contract Tower,0,4,2,5,11,0,70,68,5,143,0,74,70,10,154,380,12,392,546
10/14/2007,ARA,LA,ASW,CE,Federal Contract Tower,0,7,0,4,11,0,39,31,0,70,0,46,31,4,81,78,2,80,161
10/15/2007,ARA,LA,ASW,CE,Federal Contract Tower,0,0,11,0,11,0,46,92,0,138,0,46,103,0,149,470,0,470,619
10/16/2007,ARA,LA,ASW,CE,Federal Contract Tower,2,1,43,4,50,1,46,110,0,157,3,47,153,4,207,476,0,476,683
10/17/2007,ARA,LA,ASW,CE,Federal Contract Tower,0,0,11,0,11,0,63,40,0,103,0,63,51,0,114,120,0,120,234
10/18/2007,ARA,LA,ASW,CE,Federal Contract Tower,0,4,2,1,7,0,80,17,0,97,0,84,19,1,104,230,0,230,334
10/19/2007,ARA,LA,ASW,CE,Federal Contract Tower,0,0,17,45,62,0,70,114,68,252,0,70,131,113,314,471,70,541,855
10/20/2007,ARA,LA,ASW,CE,Federal Contract Tower,0,8,10,8,26,0,98,114,8,220,0,106,124,16,246,470,8,478,724
10/21/2007,ARA,LA,ASW,CE,Federal Contract Tower,0,3,1,33,37,0,82,76,49,207,0,85,77,82,244,298,18,316,560
10/22/2007,ARA,LA,ASW,CE,Federal Contract Tower,0,6,6,2,14,0,15,6,0,21,0,21,12,2,35,30,0,30,65
10/23/2007,ARA,LA,ASW,CE,Federal Contract Tower,0,0,3,36,39,0,63,41,38,142,0,63,44,74,181,312,0,312,493
10/24/2007,ARA,LA,ASW,CE,Federal Contract Tower,0,6,13,8,27,0,86,95,10,191,0,92,108,18,218,286,2,288,506
10/25/2007,ARA,LA,ASW,CE,Federal Contract Tower,0,0,16,14,30,0,70,104,23,197,0,70,120,37,227,406,4,410,637
10/26/2007,ARA,LA,ASW,CE,Federal Contract Tower,0,14,24,20,58,0,69,136,26,231,0,83,160,46,289,288,28,316,605
10/27/2007,ARA,LA,ASW,CE,Federal Contract Tower,0,10,10,7,27,0,39,58,9,106,0,49,68,16,133,136,12,148,281
10/28/2007,ARA,LA,ASW,CE,Federal Contract Tower,0,18,6,2,26,0,68,64,2,134,0,86,70,4,160,292,0,292,452
10/29/2007,ARA,LA,ASW,CE,Federal Contract Tower,3,5,9,0,17,1,50,104,1,156,4,55,113,1,173,436,0,436,609
10/30/2007,ARA,LA,ASW,CE,Federal Contract Tower,0,0,28,10,38,0,35,113,4,152,0,35,141,14,190,388,0,388,578
10/31/2007,ARA,LA,ASW,CE,Federal Contract Tower,0,0,22,20,42,0,70,86,6,162,0,70,108,26,204,306,18,324,528
11/01/2007,ARA,LA,ASW,CE,Federal Contract Tower,0,4,13,14,31,0,29,56,10,95,0,33,69,24,126,170,12,182,308
11/02/2007,ARA,LA,ASW,CE,Federal Contract Tower,1,1,10,7,19,0,41,62,1,104,1,42,72,8,123,168,0,168,291
11/03/2007,ARA,LA,ASW,CE,Federal Contract Tower,0,10,17,1,28,0,40,71,1,112,0,50,88,2,140,194,0,194,334
11/04/2007,ARA,LA,ASW,CE,Federal Contract Tower,0,4,4,5,13,0,35,48,1,84,0,39,52,6,97,160,0,160,257
11/05/2007,ARA,LA,ASW,CE,Federal Contract Tower,0,7,4,8,19,0,51,28,4,83,0,58,32,12,102,186,4,190,292
11/06/2007,ARA,LA,ASW,CE,Federal Contract Tower,0,10,23,14,47,0,30,26,2,58,0,40,49,16,105,284,8,292,397
11/07/2007,ARA,LA,ASW,CE,Federal Contract Tower,4,2,12,6,24,0,44,96,2,142,4,46,108,8,166,288,0,288,454
11/08/2007,ARA,LA,ASW,CE,Federal Contract Tower,0,5,15,4,24,0,30,61,12,103,0,35,76,16,127,208,16,224,351
11/09/2007,ARA,LA,ASW,CE,Federal Contract Tower,1,0,5,7,13,0,35,83,5,123,1,35,88,12,136,256,0,256,392
11/10/2007,ARA,LA,ASW,CE,Federal Contract Tower,0,3,2,0,5,0,33,42,0,75,0,36,44,0,80,254,0,254,334
11/11/2007,ARA,LA,ASW,CE,Federal Contract Tower,0,0,9,3,12,0,73,21,1,95,0,73,30,4,107,318,8,326,433
11/12/2007,ARA,LA,ASW,CE,Federal Contract Tower,0,1,7,2,10,0,43,48,0,91,0,44,55,2,101,298,0,298,399
11/13/2007,ARA,LA,ASW,CE,Federal Contract Tower,0,19,7,7,33,0,52,65,3,120,0,71,72,10,153,348,0,348,501
11/14/2007,ARA,LA,ASW,CE,Federal Contract Tower,0,2,4,12,18,0,29,89,5,123,0,31,93,17,141,272,18,290,431
11/15/2007,ARA,LA,ASW,CE,Federal Contract Tower,0,0,10,10,20,0,45,35,7,87,0,45,45,17,107,246,16,262,369
11/16/2007,ARA,LA,ASW,CE,Federal Contract Tower,0,0,18,16,34,0,44,62,8,114,0,44,80,24,148,270,21,291,439
11/17/2007,ARA,LA,ASW,CE,Federal Contract Tower,1,1,6,0,8,0,62,100,2,164,1,63,106,2,172,314,0,314,486
11/18/2007,ARA,LA,ASW,CE,Federal Contract Tower,1,5,2,4,12,0,29,27,1,57,1,34,29,5,69,180,0,180,249
11/19/2007,ARA,LA,ASW,CE,Federal Contract Tower,0,0,16,16,32,0,64,94,5,163,0,64,110,21,195,466,16,482,677
11/20/2007,ARA,LA,ASW,CE,Federal Contract Tower,1,2,18,21,42,0,47,39,7,93,1,49,57,28,135,424,14,438,573
11/21/2007,ARA,LA,ASW,CE,Federal Contract Tower,1,3,15,2,21,0,45,34,3,82,1,48,49,5,103,156,6,162,265
11/22/2007,ARA,LA,ASW,CE,Federal Contract Tower,0,1,0,1,2,0,17,3,0,20,0,18,3,1,22,80,0,80,102
11/23/2007,ARA,LA,ASW,CE,Federal Contract Tower,0,2,0,0,2,0,11,24,0,35,0,13,24,0,37,110,0,110,147
11/24/2007,ARA,LA,ASW,CE,Federal Contract Tower,0,3,4,0,7,0,10,1,0,11,0,13,5,0,18,36,0,36,54
11/25/2007,ARA,LA,ASW,CE,Federal Contract Tower,0,0,3,0,3,0,3,0,0,3,0,3,3,0,6,12,0,12,18
11/26/2007,ARA,LA,ASW,CE,Federal Contract Tower,0,0,4,10,14,0,42,40,5,87,0,42,44,15,101,278,0,278,379
11/27/2007,ARA,LA,ASW,CE,Federal Contract Tower,0,0,18,18,36,0,59,86,1,146,0,59,104,19,182,426,6,432,614
11/28/2007,ARA,LA,ASW,CE,Federal Contract Tower,0,0,22,0,22,0,45,69,3,117,0,45,91,3,139,342,0,342,481
11/29/2007,ARA,LA,ASW,CE,Federal Contract Tower,0,0,16,25,41,0,50,91,4,145,0,50,107,29,186,400,12,412,598
11/30/2007,ARA,LA,ASW,CE,Federal Contract Tower,0,3,15,35,53,0,41,89,12,142,0,44,104,47,195,368,28,396,591
12/01/2007,ARA,LA,ASW,CE,Federal Contract Tower,0,12,13,2,27,0,51,79,0,130,0,63,92,2,157,272,0,272,429
12/02/2007,ARA,LA,ASW,CE,Federal Contract Tower,1,2,3,7,13,0,26,40,0,66,1,28,43,7,79,348,0,348,427
12/03/2007,ARA,LA,ASW,CE,Federal Contract Tower,0,0,3,6,9,0,21,40,4,65,0,21,43,10,74,288,2,290,364
12/04/2007,ARA,LA,ASW,CE,Federal Contract Tower,0,1,19,22,42,0,68,78,7,153,0,69,97,29,195,532,6,538,733
12/05/2007,ARA,LA,ASW,CE,Federal Contract Tower,0,4,16,31,51,0,49,76,11,136,0,53,92,42,187,267,10,277,464
12/06/2007,ARA,LA,ASW,CE,Federal Contract Tower,0,10,13,20,43,0,51,51,7,109,0,61,64,27,152,324,16,340,492
12/07/2007,ARA,LA,ASW,CE,Federal Contract Tower,0,2,3,18,23,0,30,52,0,82,0,32,55,18,105,270,4,274,379
12/08/2007,ARA,LA,ASW,CE,Federal Contract Tower,0,6,0,0,6,0,29,35,2,66,0,35,35,2,72,206,0,206,278
12/09/2007,ARA,LA,ASW,CE,Federal Contract Tower,0,6,2,4,12,0,50,47,0,97,0,56,49,4,109,382,20,402,511
12/10/2007,ARA,LA,ASW,CE,Federal Contract Tower,1,1,4,14,20,0,56,48,0,104,1,57,52,14,124,332,0,332,456
12/11/2007,ARA,LA,ASW,CE,Federal Contract Tower,0,4,4,28,36,0,73,55,1,129,0,77,59,29,165,454,2,456,621
12/12/2007,ARA,LA,ASW,CE,Federal Contract Tower,0,0,6,6,12,0,49,59,0,108,0,49,65,6,120,232,0,232,352
12/13/2007,ARA,LA,ASW,CE,Federal Contract Tower,0,16,6,15,37,0,4,5,4,13,0,20,11,19,50,52,0,52,102
12/14/2007,ARA,LA,ASW,CE,Federal Contract Tower,0,0,6,2,8,0,0,0,0,0,0,0,6,2,8,0,0,0,8
12/15/2007,ARA,LA,ASW,CE,Federal Contract Tower,0,14,0,2,16,0,33,13,2,48,0,47,13,4,64,138,0,138,202
12/16/2007,ARA,LA,ASW,CE,Federal Contract Tower,0,0,7,0,7,0,28,72,0,100,0,28,79,0,107,154,0,154,261
12/17/2007,ARA,LA,ASW,CE,Federal Contract Tower,0,1,8,17,26,0,68,75,1,144,0,69,83,18,170,498,32,530,700
12/18/2007,ARA,LA,ASW,CE,Federal Contract Tower,0,4,16,6,26,0,63,55,4,122,0,67,71,10,148,350,8,358,506
12/19/2007,ARA,LA,ASW,CE,Federal Contract Tower,0,5,14,8,27,0,47,59,1,107,0,52,73,9,134,300,0,300,434
12/20/2007,ARA,LA,ASW,CE,Federal Contract Tower,0,0,2,0,2,0,19,14,0,33,0,19,16,0,35,88,0,88,123
12/21/2007,ARA,LA,ASW,CE,Federal Contract Tower,0,13,10,2,25,0,12,20,0,32,0,25,30,2,57,102,0,102,159
12/22/2007,ARA,LA,ASW,CE,Federal Contract Tower,0,1,0,2,3,0,31,30,1,62,0,32,30,3,65,148,0,148,213
12/23/2007,ARA,LA,ASW,CE,Federal Contract Tower,0,0,2,0,2,0,21,28,0,49,0,21,30,0,51,160,0,160,211
12/24/2007,ARA,LA,ASW,CE,Federal Contract Tower,0,0,2,0,2,0,9,40,0,49,0,9,42,0,51,150,0,150,201
12/25/2007,ARA,LA,ASW,CE,Federal Contract Tower,0,0,2,0,2,0,3,25,0,28,0,3,27,0,30,8,0,8,38
12/26/2007,ARA,LA,ASW,CE,Federal Contract Tower,0,0,2,0,2,0,18,13,0,31,0,18,15,0,33,110,0,110,143
12/27/2007,ARA,LA,ASW,CE,Federal Contract Tower,1,3,8,7,19,0,41,54,6,101,1,44,62,13,120,242,2,244,364
12/28/2007,ARA,LA,ASW,CE,Federal Contract Tower,1,0,1,0,2,0,12,37,0,49,1,12,38,0,51,132,0,132,183
12/29/2007,ARA,LA,ASW,CE,Federal Contract Tower,0,11,7,0,18,0,23,72,0,95,0,34,79,0,113,98,0,98,211
12/30/2007,ARA,LA,ASW,CE,Federal Contract Tower,0,1,6,0,7,0,22,70,0,92,0,23,76,0,99,232,0,232,331
12/31/2007,ARA,LA,ASW,CE,Federal Contract Tower,0,0,5,0,5,0,22,45,0,67,0,22,50,0,72,100,0,100,172
01/01/2008,ARA,LA,ASW,CE,Federal Contract Tower,0,0,2,0,2,0,13,7,0,20,0,13,9,0,22,0,0,0,22
01/02/2008,ARA,LA,ASW,CE,Federal Contract Tower,0,0,5,5,10,0,35,69,3,107,0,35,74,8,117,264,6,270,387
01/03/2008,ARA,LA,ASW,CE,Federal Contract Tower,0,3,24,2,29,0,40,83,0,123,0,43,107,2,152,374,0,374,526
01/04/2008,ARA,LA,ASW,CE,Federal Contract Tower,0,1,11,6,18,0,28,79,4,111,0,29,90,10,129,303,0,303,432
01/05/2008,ARA,LA,ASW,CE,Federal Contract Tower,0,9,4,10,23,0,36,37,7,80,0,45,41,17,103,204,0,204,307
01/06/2008,ARA,LA,ASW,CE,Federal Contract Tower,1,13,3,2,19,0,57,48,0,105,1,70,51,2,124,222,0,222,346
01/07/2008,ARA,LA,ASW,CE,Federal Contract Tower,0,12,3,17,32,0,55,64,1,120,0,67,67,18,152,382,20,402,554
01/08/2008,ARA,LA,ASW,CE,Federal Contract Tower,0,9,10,2,21,0,33,36,0,69,0,42,46,2,90,274,0,274,364
01/09/2008,ARA,LA,ASW,CE,Federal Contract Tower,0,8,11,5,24,0,63,43,6,112,0,71,54,11,136,369,4,373,509
01/10/2008,ARA,LA,ASW,CE,Federal Contract Tower,0,12,6,0,18,0,9,4,0,13,0,21,10,0,31,30,0,30,61
01/11/2008,ARA,LA,ASW,CE,Federal Contract Tower,0,6,12,18,36,0,65,74,15,154,0,71,86,33,190,371,4,375,565
01/12/2008,ARA,LA,ASW,CE,Federal Contract Tower,0,16,6,8,30,0,61,45,3,109,0,77,51,11,139,254,4,258,397
01/13/2008,ARA,LA,ASW,CE,Federal Contract Tower,0,0,2,20,22,0,53,66,8,127,0,53,68,28,149,352,10,362,511
01/14/2008,ARA,LA,ASW,CE,Federal Contract Tower,2,0,13,7,22,0,47,78,8,133,2,47,91,15,155,514,26,540,695
01/15/2008,ARA,LA,ASW,CE,Federal Contract Tower,0,11,14,11,36,0,38,71,0,109,0,49,85,11,145,238,12,250,395
01/16/2008,ARA,LA,ASW,CE,Federal Contract Tower,0,3,7,0,10,0,22,0,0,22,0,25,7,0,32,90,0,90,122
01/17/2008,ARA,LA,ASW,CE,Federal Contract Tower,0,1,12,3,16,0,57,74,1,132,0,58,86,4,148,312,0,312,460
01/18/2008,ARA,LA,ASW,CE,Federal Contract Tower,0,3,13,16,32,0,54,59,11,124,0,57,72,27,156,368,0,368,524
01/19/2008,ARA,LA,ASW,CE,Federal Contract Tower,0,3,0,0,3,0,16,0,0,16,0,19,0,0,19,102,0,102,121
01/20/2008,ARA,LA,ASW,CE,Federal Contract Tower,0,3,7,1,11,0,40,59,0,99,0,43,66,1,110,280,0,280,390
01/21/2008,ARA,LA,ASW,CE,Federal Contract Tower,0,1,11,4,16,0,37,72,4,113,0,38,83,8,129,206,12,218,347
01/22/2008,ARA,LA,ASW,CE,Federal Contract Tower,0,6,20,38,64,0,26,34,7,67,0,32,54,45,131,352,50,402,533
01/23/2008,ARA,LA,ASW,CE,Federal Contract Tower,0,4,3,1,8,0,0,0,1,1,0,4,3,2,9,67,0,67,76
01/24/2008,ARA,LA,ASW,CE,Federal Contract Tower,1,0,15,5,21,0,59,32,0,91,1,59,47,5,112,162,0,162,274
01/25/2008,ARA,LA,ASW,CE,Federal Contract Tower,0,4,4,2,10,0,28,23,3,54,0,32,27,5,64,98,2,100,164
01/26/2008,ARA,LA,ASW,CE,Federal Contract Tower,4,17,24,12,57,0,24,4,8,36,4,41,28,20,93,260,16,276,369
01/27/2008,ARA,LA,ASW,CE,Federal Contract Tower,0,7,17,3,27,0,39,24,4,67,0,46,41,7,94,166,0,166,260
01/28/2008,ARA,LA,ASW,CE,Federal Contract Tower,1,5,4,17,27,0,38,61,11,110,1,43,65,28,137,416,4,420,557
01/29/2008,ARA,LA,ASW,CE,Federal Contract Tower,0,5,6,8,19,0,58,26,2,86,0,63,32,10,105,266,8,274,379
01/30/2008,ARA,LA,ASW,CE,Federal Contract Tower,0,3,20,12,35,0,78,70,3,151,0,81,90,15,186,398,8,406,592
01/31/2008,ARA,LA,ASW,CE,Federal Contract Tower,0,6,6,0,12,0,14,13,0,27,0,20,19,0,39,88,0,88,127
02/01/2008,ARA,LA,ASW,CE,Federal Contract Tower,1,7,32,26,66,0,43,92,8,143,1,50,124,34,209,424,6,430,639
02/02/2008,ARA,LA,ASW,CE,Federal Contract Tower,0,11,4,0,15,0,37,90,0,127,0,48,94,0,142,356,0,356,498
02/03/2008,ARA,LA,ASW,CE,Federal Contract Tower,0,14,10,8,32,0,24,0,1,25,0,38,10,9,57,130,0,130,187
02/04/2008,ARA,LA,ASW,CE,Federal Contract Tower,0,6,5,19,30,0,47,30,2,79,0,53,35,21,109,206,2,208,317
02/05/2008,ARA,LA,ASW,CE,Federal Contract Tower,0,6,19,9,34,0,16,0,9,25,0,22,19,18,59,108,4,112,171
02/06/2008,ARA,LA,ASW,CE,Federal Contract Tower,0,3,11,30,44,0,40,68,0,108,0,43,79,30,152,246,10,256,408
02/07/2008,ARA,LA,ASW,CE,Federal Contract Tower,0,4,12,7,23,0,45,62,4,111,0,49,74,11,134,204,0,204,338
02/08/2008,ARA,LA,ASW,CE,Federal Contract Tower,0,14,31,3,48,0,56,92,9,157,0,70,123,12,205,376,0,376,581
02/09/2008,ARA,LA,ASW,CE,Federal Contract Tower,0,8,19,0,27,0,33,78,0,111,0,41,97,0,138,270,0,270,408
02/10/2008,ARA,LA,ASW,CE,Federal Contract Tower,0,1,18,0,19,0,42,112,0,154,0,43,130,0,173,286,0,286,459
02/11/2008,ARA,LA,ASW,CE,Federal Contract Tower,1,5,6,31,43,0,68,69,31,168,1,73,75,62,211,296,30,326,537
02/12/2008,ARA,LA,ASW,CE,Federal Contract Tower,0,7,10,1,18,0,31,23,0,54,0,38,33,1,72,200,0,200,272
02/13/2008,ARA,LA,ASW,CE,Federal Contract Tower,0,6,18,18,42,0,54,118,0,172,0,60,136,18,214,480,0,480,694
02/14/2008,ARA,LA,ASW,CE,Federal Contract Tower,0,0,4,7,11,0,40,83,8,131,0,40,87,15,142,340,4,344,486
02/15/2008,ARA,LA,ASW,CE,Federal Contract Tower,1,2,2,2,7,0,28,51,0,79,1,30,53,2,86,210,0,210,296
02/16/2008,ARA,LA,ASW,CE,Federal Contract Tower,0,8,9,0,17,0,44,52,8,104,0,52,61,8,121,336,0,336,457
02/17/2008,ARA,LA,ASW,CE,Federal Contract Tower,0,14,12,2,28,0,66,76,1,143,0,80,88,3,171,472,2,474,645
02/18/2008,ARA,LA,ASW,CE,Federal Contract Tower,0,5,11,4,20,0,71,116,1,188,0,76,127,5,208,504,0,504,712
02/19/2008,ARA,LA,ASW,CE,Federal Contract Tower,0,7,13,11,31,0,72,116,2,190,0,79,129,13,221,458,2,460,681
02/20/2008,ARA,LA,ASW,CE,Federal Contract Tower,0,10,16,20,46,0,57,85,15,157,0,67,101,35,203,478,0,478,681
02/21/2008,ARA,LA,ASW,CE,Federal Contract Tower,0,2,2,0,4,0,18,18,0,36,0,20,20,0,40,160,0,160,200
02/22/2008,ARA,LA,ASW,CE,Federal Contract Tower,0,3,32,18,53,0,49,11,0,60,0,52,43,18,113,508,2,510,623
02/23/2008,ARA,LA,ASW,CE,Federal Contract Tower,0,13,9,5,27,0,35,97,9,141,0,48,106,14,168,472,10,482,650
02/24/2008,ARA,LA,ASW,CE,Federal Contract Tower,0,7,6,0,13,0,38,66,0,104,0,45,72,0,117,354,0,354,471
02/25/2008,ARA,LA,ASW,CE,Federal Contract Tower,0,0,2,18,20,0,16,17,1,34,0,16,19,19,54,108,0,108,162
02/26/2008,ARA,LA,ASW,CE,Federal Contract Tower,0,0,13,20,33,0,38,27,9,74,0,38,40,29,107,216,0,216,323
02/27/2008,ARA,LA,ASW,CE,Federal Contract Tower,0,16,26,19,61,0,52,91,2,145,0,68,117,21,206,424,0,424,630
02/28/2008,ARA,LA,ASW,CE,Federal Contract Tower,1,2,16,9,28,0,57,56,11,124,1,59,72,20,152,310,20,330,482
02/29/2008,ARA,LA,ASW,CE,Federal Contract Tower,0,3,14,29,46,0,45,88,0,133,0,48,102,29,179,438,8,446,625
03/01/2008,ARA,LA,ASW,CE,Federal Contract Tower,0,6,8,4,18,0,55,81,3,139,0,61,89,7,157,374,0,374,531
03/02/2008,ARA,LA,ASW,CE,Federal Contract Tower,1,1,7,5,14,0,20,54,0,74,1,21,61,5,88,70,0,70,158
03/03/2008,ARA,LA,ASW,CE,Federal Contract Tower,0,1,0,4,5,0,26,4,0,30,0,27,4,4,35,60,0,60,95
03/04/2008,ARA,LA,ASW,CE,Federal Contract Tower,0,2,11,32,45,0,50,25,8,83,0,52,36,40,128,228,4,232,360
03/05/2008,ARA,LA,ASW,CE,Federal Contract Tower,0,14,12,26,52,0,55,89,5,149,0,69,101,31,201,438,20,458,659
03/06/2008,ARA,LA,ASW,CE,Federal Contract Tower,0,0,17,1,18,0,64,90,1,155,0,64,107,2,173,276,0,276,449
03/07/2008,ARA,LA,ASW,CE,Federal Contract Tower,0,7,3,22,32,0,39,8,7,54,0,46,11,29,86,106,4,110,196
03/08/2008,ARA,LA,ASW,CE,Federal Contract Tower,0,11,16,5,32,0,50,84,2,136,0,61,100,7,168,328,0,328,496
03/09/2008,ARA,LA,ASW,CE,Federal Contract Tower,0,3,15,6,24,0,62,79,14,155,0,65,94,20,179,268,4,272,451
03/10/2008,ARA,LA,ASW,CE,Federal Contract Tower,0,3,20,6,29,0,56,81,2,139,0,59,101,8,168,342,0,342,510
03/11/2008,ARA,LA,ASW,CE,Federal Contract Tower,0,21,48,19,88,0,33,33,3,69,0,54,81,22,157,226,0,226,383
03/12/2008,ARA,LA,ASW,CE,Federal Contract Tower,2,9,21,14,46,0,45,95,31,171,2,54,116,45,217,338,16,354,571
03/13/2008,ARA,LA,ASW,CE,Federal Contract Tower,0,2,15,13,30,0,45,99,11,155,0,47,114,24,185,438,12,450,635
03/14/2008,ARA,LA,ASW,CE,Federal Contract Tower,0,1,4,16,21,0,37,40,0,77,0,38,44,16,98,234,6,240,338
03/15/2008,ARA,LA,ASW,CE,Federal Contract Tower,0,10,3,20,33,0,42,56,8,106,0,52,59,28,139,316,14,330,469
03/16/2008,ARA,LA,ASW,CE,Federal Contract Tower,0,7,21,3,31,0,41,35,1,77,0,48,56,4,108,262,0,262,370
03/17/2008,ARA,LA,ASW,CE,Federal Contract Tower,0,3,3,9,15,0,31,20,1,52,0,34,23,10,67,58,6,64,131
03/18/2008,ARA,LA,ASW,CE,Federal Contract Tower,0,0,4,3,7,0,22,1,3,26,0,22,5,6,33,30,0,30,63
03/19/2008,ARA,LA,ASW,CE,Federal Contract Tower,0,5,7,21,33,0,51,22,1,74,0,56,29,22,107,166,22,188,295
03/20/2008,ARA,LA,ASW,CE,Federal Contract Tower,0,7,26,24,57,0,44,126,9,179,0,51,152,33,236,572,14,586,822
03/21/2008,ARA,LA,ASW,CE,Federal Contract Tower,1,0,17,20,38,0,44,94,13,151,1,44,111,33,189,406,8,414,603
03/22/2008,ARA,LA,ASW,CE,Federal Contract Tower,0,0,12,0,12,1,32,110,3,146,1,32,122,3,158,318,0,318,476
03/23/2008,ARA,LA,ASW,CE,Federal Contract Tower,0,1,0,1,2,0,43,26,0,69,0,44,26,1,71,100,0,100,171
03/24/2008,ARA,LA,ASW,CE,Federal Contract Tower,0,6,17,9,32,0,71,91,2,164,0,77,108,11,196,344,12,356,552
03/25/2008,ARA,LA,ASW,CE,Federal Contract Tower,0,0,14,6,20,0,72,68,4,144,0,72,82,10,164,297,0,297,461
03/26/2008,ARA,LA,ASW,CE,Federal Contract Tower,0,1,19,12,32,0,49,67,3,119,0,50,86,15,151,188,6,194,345
03/27/2008,ARA,LA,ASW,CE,Federal Contract Tower,0,0,5,22,27,0,50,46,10,106,0,50,51,32,133,178,0,178,311
03/28/2008,ARA,LA,ASW,CE,Federal Contract Tower,0,7,16,8,31,0,29,58,9,96,0,36,74,17,127,316,12,328,455
03/29/2008,ARA,LA,ASW,CE,Federal Contract Tower,1,9,37,0,47,0,24,23,0,47,1,33,60,0,94,232,0,232,326
03/30/2008,ARA,LA,ASW,CE,Federal Contract Tower,0,2,5,4,11,0,39,53,4,96,0,41,58,8,107,282,4,286,393
03/31/2008,ARA,LA,ASW,CE,Federal Contract Tower,1,0,7,13,21,0,26,13,1,40,1,26,20,14,61,82,2,84,145
04/01/2008,ARA,LA,ASW,CE,Federal Contract Tower,1,3,16,4,24,0,41,70,3,114,1,44,86,7,138,365,0,365,503
04/02/2008,ARA,LA,ASW,CE,Federal Contract Tower,0,0,10,4,14,0,19,33,0,52,0,19,43,4,66,180,6,186,252
04/03/2008,ARA,LA,ASW,CE,Federal Contract Tower,0,2,7,8,17,0,64,52,7,123,0,66,59,15,140,352,0,352,492
04/04/2008,ARA,LA,ASW,CE,Federal Contract Tower,0,1,2,10,13,0,44,42,11,97,0,45,44,21,110,260,0,260,370
04/05/2008,ARA,LA,ASW,CE,Federal Contract Tower,0,8,11,1,20,0,81,76,3,160,0,89,87,4,180,504,0,504,684
04/06/2008,ARA,LA,ASW,CE,Federal Contract Tower,2,3,13,5,23,0,38,105,3,146,2,41,118,8,169,198,10,208,377
04/07/2008,ARA,LA,ASW,CE,Federal Contract Tower,0,4,7,15,26,0,44,84,9,137,0,48,91,24,163,490,10,500,663
04/08/2008,ARA,LA,ASW,CE,Federal Contract Tower,0,1,7,22,30,0,68,99,1,168,0,69,106,23,198,502,8,510,708
04/09/2008,ARA,LA,ASW,CE,Federal Contract Tower,0,0,16,30,46,0,42,41,9,92,0,42,57,39,138,262,4,266,404
04/10/2008,ARA,LA,ASW,CE,Federal Contract Tower,0,0,12,5,17,0,35,1,3,39,0,35,13,8,56,50,8,58,114
04/11/2008,ARA,LA,ASW,CE,Federal Contract Tower,0,2,5,9,16,0,36,51,14,101,0,38,56,23,117,160,4,164,281
04/12/2008,ARA,LA,ASW,CE,Federal Contract Tower,0,15,10,3,28,0,41,78,4,123,0,56,88,7,151,406,22,428,579
04/13/2008,ARA,LA,ASW,CE,Federal Contract Tower,0,3,5,8,16,0,54,69,2,125,0,57,74,10,141,212,0,212,353
04/14/2008,ARA,LA,ASW,CE,Federal Contract Tower,2,9,12,18,41,0,44,73,32,149,2,53,85,50,190,268,8,276,466
04/15/2008,ARA,LA,ASW,CE,Federal Contract Tower,0,10,16,15,41,0,31,62,7,100,0,41,78,22,141,350,8,358,499
04/16/2008,ARA,LA,ASW,CE,Federal Contract Tower,0,2,9,10,21,0,50,58,18,126,0,52,67,28,147,328,24,352,499
04/17/2008,ARA,LA,ASW,CE,Federal Contract Tower,0,6,12,19,37,0,44,57,6,107,0,50,69,25,144,202,6,208,352
04/18/2008,ARA,LA,ASW,CE,Federal Contract Tower,0,9,8,0,17,0,32,23,0,55,0,41,31,0,72,184,0,184,256
04/19/2008,ARA,LA,ASW,CE,Federal Contract Tower,0,9,14,0,23,0,47,115,0,162,0,56,129,0,185,424,0,424,609
04/20/2008,ARA,LA,ASW,CE,Federal Contract Tower,0,0,18,5,23,0,67,98,1,166,0,67,116,6,189,474,0,474,663
04/21/2008,ARA,LA,ASW,CE,Federal Contract Tower,0,0,18,16,34,0,52,83,5,140,0,52,101,21,174,530,14,544,718
04/22/2008,ARA,LA,ASW,CE,Federal Contract Tower,0,13,27,5,45,0,53,89,3,145,0,66,116,8,190,424,0,424,614
04/23/2008,ARA,LA,ASW,CE,Federal Contract Tower,2,1,7,1,11,0,38,92,6,136,2,39,99,7,147,382,0,382,529
04/24/2008,ARA,LA,ASW,CE,Federal Contract Tower,0,1,18,6,25,0,50,65,3,118,0,51,83,9,143,382,0,382,525
04/25/2008,ARA,LA,ASW,CE,Federal Contract Tower,0,16,10,4,30,0,28,82,0,110,0,44,92,4,140,402,12,414,554
04/26/2008,ARA,LA,ASW,CE,Federal Contract Tower,0,5,4,0,9,0,23,29,0,52,0,28,33,0,61,72,0,72,133
04/27/2008,ARA,LA,ASW,CE,Federal Contract Tower,0,2,2,2,6,0,26,11,2,39,0,28,13,4,45,70,0,70,115
04/28/2008,ARA,LA,ASW,CE,Federal Contract Tower,0,2,2,2,6,0,22,62,9,93,0,24,64,11,99,394,6,400,499
04/29/2008,ARA,LA,ASW,CE,Federal Contract Tower,0,0,12,11,23,0,43,97,1,141,0,43,109,12,164,370,0,370,534
04/30/2008,ARA,LA,ASW,CE,Federal Contract Tower,0,0,14,1,15,0,61,57,7,125,0,61,71,8,140,202,16,218,358
05/01/2008,ARA,LA,ASW,CE,Federal Contract Tower,0,8,6,16,30,0,39,34,11,84,0,47,40,27,114,186,14,200,314
05/02/2008,ARA,LA,ASW,CE,Federal Contract Tower,1,0,1,2,4,0,29,19,0,48,1,29,20,2,52,106,0,106,158
05/03/2008,ARA,LA,ASW,CE,Federal Contract Tower,0,3,6,13,22,0,10,60,0,70,0,13,66,13,92,128,0,128,220
05/04/2008,ARA,LA,ASW,CE,Federal Contract Tower,0,1,18,3,22,0,42,77,0,119,0,43,95,3,141,210,2,212,353
05/05/2008,ARA,LA,ASW,CE,Federal Contract Tower,0,1,8,4,13,0,58,81,2,141,0,59,89,6,154,472,0,472,626
05/06/2008,ARA,LA,ASW,CE,Federal Contract Tower,0,9,10,25,44,0,71,101,3,175,0,80,111,28,219,444,6,450,669
05/07/2008,ARA,LA,ASW,CE,Federal Contract Tower,0,1,9,13,23,0,47,28,0,75,0,48,37,13,98,104,2,106,204
05/08/2008,ARA,LA,ASW,CE,Federal Contract Tower,0,0,26,15,41,0,34,38,8,80,0,34,64,23,121,134,0,134,255
05/09/2008,ARA,LA,ASW,CE,Federal Contract Tower,0,10,17,31,58,0,31,72,7,110,0,41,89,38,168,320,6,326,494
05/10/2008,ARA,LA,ASW,CE,Federal Contract Tower,0,12,25,0,37,0,17,39,18,74,0,29,64,18,111,170,0,170,281
05/11/2008,ARA,LA,ASW,CE,Federal Contract Tower,0,11,11,0,22,0,12,35,2,49,0,23,46,2,71,140,0,140,211
05/12/2008,ARA,LA,ASW,CE,Federal Contract Tower,1,4,14,15,34,0,35,89,2,126,1,39,103,17,160,399,0,399,559
05/13/2008,ARA,LA,ASW,CE,Federal Contract Tower,1,9,12,3,25,0,77,85,1,163,1,86,97,4,188,530,0,530,718
05/14/2008,ARA,LA,ASW,CE,Federal Contract Tower,0,20,6,0,26,0,57,27,4,88,0,77,33,4,114,242,0,242,356
05/15/2008,ARA,LA,ASW,CE,Federal Contract Tower,1,8,13,0,22,0,39,55,2,96,1,47,68,2,118,310,0,310,428
05/16/2008,ARA,LA,ASW,CE,Federal Contract Tower,0,1,0,15,16,0,50,69,1,120,0,51,69,16,136,522,14,536,672
05/17/2008,ARA,LA,ASW,CE,Federal Contract Tower,0,0,14,0,14,0,56,107,0,163,0,56,121,0,177,370,0,370,547
05/18/2008,ARA,LA,ASW,CE,Federal Contract Tower,0,0,11,3,14,0,37,77,0,114,0,37,88,3,128,370,0,370,498
05/19/2008,ARA,LA,ASW,CE,Federal Contract Tower,1,4,6,6,17,0,24,89,2,115,1,28,95,8,132,334,0,334,466
05/20/2008,ARA,LA,ASW,CE,Federal Contract Tower,1,0,24,16,41,0,32,107,6,145,1,32,131,22,186,360,28,388,574
05/21/2008,ARA,LA,ASW,CE,Federal Contract Tower,0,0,11,11,22,0,80,79,1,160,0,80,90,12,182,442,20,462,644
05/22/2008,ARA,LA,ASW,CE,Federal Contract Tower,1,0,7,11,19,0,57,44,4,105,1,57,51,15,124,281,2,283,407
05/23/2008,ARA,LA,ASW,CE,Federal Contract Tower,0,0,5,14,19,0,42,55,2,99,0,42,60,16,118,182,8,190,308
05/24/2008,ARA,LA,ASW,CE,Federal Contract Tower,2,0,6,2,10,0,50,51,2,103,2,50,57,4,113,264,0,264,377
05/25/2008,ARA,LA,ASW,CE,Federal Contract Tower,0,0,12,0,12,0,34,47,4,85,0,34,59,4,97,152,0,152,249
05/26/2008,ARA,LA,ASW,CE,Federal Contract Tower,0,4,6,0,10,0,36,84,0,120,0,40,90,0,130,344,0,344,474
05/27/2008,ARA,LA,ASW,CE,Federal Contract Tower,0,0,5,7,12,0,39,92,0,131,0,39,97,7,143,348,0,348,491
05/28/2008,ARA,LA,ASW,CE,Federal Contract Tower,1,0,7,15,23,0,44,91,8,143,1,44,98,23,166,420,2,422,588
05/29/2008,ARA,LA,ASW,CE,Federal Contract Tower,0,0,6,18,24,0,34,63,14,111,0,34,69,32,135,452,10,462,597
05/30/2008,ARA,LA,ASW,CE,Federal Contract Tower,0,1,7,31,39,0,38,65,6,109,0,39,72,37,148,324,24,348,496
05/31/2008,ARA,LA,ASW,CE,Federal Contract Tower,0,1,3,3,7,0,55,74,3,132,0,56,77,6,139,310,6,316,455
06/01/2008,ARA,LA,ASW,CE,Federal Contract Tower,0,1,2,12,15,0,41,65,7,113,0,42,67,19,128,282,2,284,412
06/02/2008,ARA,LA,ASW,CE,Federal Contract Tower,1,0,2,9,12,0,33,63,4,100,1,33,65,13,112,410,14,424,536
06/03/2008,ARA,LA,ASW,CE,Federal Contract Tower,1,1,13,7,22,0,40,71,0,111,1,41,84,7,133,272,0,272,405
06/04/2008,ARA,LA,ASW,CE,Federal Contract Tower,0,5,6,9,20,0,38,53,5,96,0,43,59,14,116,281,2,283,399
06/05/2008,ARA,LA,ASW,CE,Federal Contract Tower,0,3,5,4,12,0,37,23,0,60,0,40,28,4,72,138,0,138,210
06/06/2008,ARA,LA,ASW,CE,Federal Contract Tower,0,2,10,14,26,0,44,50,2,96,0,46,60,16,122,200,10,210,332
06/07/2008,ARA,LA,ASW,CE,Federal Contract Tower,0,1,8,4,13,0,34,32,2,68,0,35,40,6,81,248,0,248,329
06/08/2008,ARA,LA,ASW,CE,Federal Contract Tower,0,8,4,5,17,0,36,49,5,90,0,44,53,10,107,322,0,322,429
06/09/2008,ARA,LA,ASW,CE,Federal Contract Tower,1,0,10,8,19,0,63,65,3,131,1,63,75,11,150,394,2,396,546
06/10/2008,ARA,LA,ASW,CE,Federal Contract Tower,0,8,11,7,26,0,50,54,2,106,0,58,65,9,132,370,6,376,508
06/11/2008,ARA,LA,ASW,CE,Federal Contract Tower,2,0,18,12,32,0,73,105,2,180,2,73,123,14,212,410,0,410,622
06/12/2008,ARA,LA,ASW,CE,Federal Contract Tower,0,0,8,16,24,0,67,109,8,184,0,67,117,24,208,388,12,400,608
06/13/2008,ARA,LA,ASW,CE,Federal Contract Tower,0,0,6,14,20,0,61,66,3,130,0,61,72,17,150,318,0,318,468
06/14/2008,ARA,LA,ASW,CE,Federal Contract Tower,0,0,4,22,26,0,45,59,0,104,0,45,63,22,130,246,0,246,376
06/15/2008,ARA,LA,ASW,CE,Federal Contract Tower,0,0,2,6,8,0,35,21,0,56,0,35,23,6,64,154,0,154,218
06/16/2008,ARA,LA,ASW,CE,Federal Contract Tower,0,0,15,17,32,0,29,94,4,127,0,29,109,21,159,280,26,306,465
06/17/2008,ARA,LA,ASW,CE,Federal Contract Tower,0,0,9,4,13,0,47,86,4,137,0,47,95,8,150,396,2,398,548
06/18/2008,ARA,LA,ASW,CE,Federal Contract Tower,0,0,7,15,22,0,82,84,5,171,0,82,91,20,193,502,0,502,695
06/19/2008,ARA,LA,ASW,CE,Federal Contract Tower,0,6,6,5,17,0,54,66,5,125,0,60,72,10,142,448,4,452,594
06/20/2008,ARA,LA,ASW,CE,Federal Contract Tower,0,1,11,2,14,0,59,57,0,116,0,60,68,2,130,274,0,274,404
06/21/2008,ARA,LA,ASW,CE,Federal Contract Tower,2,1,7,4,14,0,49,59,1,109,2,50,66,5,123,298,4,302,425
06/22/2008,ARA,LA,ASW,CE,Federal Contract Tower,0,3,8,4,15,0,44,60,0,104,0,47,68,4,119,182,2,184,303
06/23/2008,ARA,LA,ASW,CE,Federal Contract Tower,0,1,6,5,12,0,58,72,5,135,0,59,78,10,147,312,6,318,465
06/24/2008,ARA,LA,ASW,CE,Federal Contract Tower,0,0,17,13,30,0,41,89,3,133,0,41,106,16,163,404,6,410,573
06/25/2008,ARA,LA,ASW,CE,Federal Contract Tower,0,0,24,2,26,0,34,56,3,93,0,34,80,5,119,202,0,202,321
06/26/2008,ARA,LA,ASW,CE,Federal Contract Tower,0,0,13,11,24,0,47,82,6,135,0,47,95,17,159,332,7,339,498
06/27/2008,ARA,LA,ASW,CE,Federal Contract Tower,0,0,15,4,19,0,59,80,4,143,0,59,95,8,162,318,6,324,486
06/28/2008,ARA,LA,ASW,CE,Federal Contract Tower,0,0,4,0,4,0,33,39,0,72,0,33,43,0,76,150,0,150,226
06/29/2008,ARA,LA,ASW,CE,Federal Contract Tower,0,0,9,6,15,0,54,49,7,110,0,54,58,13,125,202,2,204,329
06/30/2008,ARA,LA,ASW,CE,Federal Contract Tower,0,1,20,3,24,0,64,111,3,178,0,65,131,6,202,318,0,318,520
07/01/2008,ARA,LA,ASW,CE,Federal Contract Tower,2,0,16,25,43,2,38,88,29,157,4,38,104,54,200,244,16,260,460
07/02/2008,ARA,LA,ASW,CE,Federal Contract Tower,0,1,20,10,31,0,55,116,17,188,0,56,136,27,219,425,2,427,646
07/03/2008,ARA,LA,ASW,CE,Federal Contract Tower,0,2,13,6,21,0,44,91,7,142,0,46,104,13,163,306,0,306,469
07/04/2008,ARA,LA,ASW,CE,Federal Contract Tower,0,0,3,0,3,0,36,44,0,80,0,36,47,0,83,250,0,250,333
07/05/2008,ARA,LA,ASW,CE,Federal Contract Tower,0,1,5,0,6,0,55,53,2,110,0,56,58,2,116,260,0,260,376
07/06/2008,ARA,LA,ASW,CE,Federal Contract Tower,0,0,5,6,11,0,43,41,7,91,0,43,46,13,102,212,0,212,314
07/07/2008,ARA,LA,ASW,CE,Federal Contract Tower,0,0,12,6,18,0,43,89,9,141,0,43,101,15,159,3380,0,3380,3539
07/08/2008,ARA,LA,ASW,CE,Federal Contract Tower,0,0,12,12,24,0,61,110,14,185,0,61,122,26,209,374,14,388,597
07/09/2008,ARA,LA,ASW,CE,Federal Contract Tower,0,0,17,14,31,0,34,105,23,162,0,34,122,37,193,414,42,456,649
07/10/2008,ARA,LA,ASW,CE,Federal Contract Tower,0,4,8,12,24,0,96,105,16,217,0,100,113,28,241,401,2,403,644
07/11/2008,ARA,LA,ASW,CE,Federal Contract Tower,2,10,18,10,40,2,45,131,17,195,4,55,149,27,235,362,4,366,601
07/12/2008,ARA,LA,ASW,CE,Federal Contract Tower,2,9,6,4,21,2,63,70,9,144,4,72,76,13,165,247,0,247,412
07/13/2008,ARA,LA,ASW,CE,Federal Contract Tower,0,7,2,10,19,0,48,142,18,208,0,55,144,28,227,180,0,180,407
07/14/2008,ARA,LA,ASW,CE,Federal Contract Tower,0,1,0,4,5,0,28,48,18,94,0,29,48,22,99,179,18,197,296
07/15/2008,ARA,LA,ASW,CE,Federal Contract Tower,0,3,14,11,28,0,22,119,12,153,0,25,133,23,181,332,0,332,513
07/16/2008,ARA,LA,ASW,CE,Federal Contract Tower,2,0,8,19,29,2,36,94,25,157,4,36,102,44,186,276,0,276,462
07/17/2008,ARA,LA,ASW,CE,Federal Contract Tower,0,0,10,16,26,0,48,88,22,158,0,48,98,38,184,316,0,316,500
07/18/2008,ARA,LA,ASW,CE,Federal Contract Tower,2,0,18,14,34,4,62,88,22,176,6,62,106,36,210,370,4,374,584
07/19/2008,ARA,LA,ASW,CE,Federal Contract Tower,0,3,12,22,37,0,54,64,22,140,0,57,76,44,177,200,0,200,377
07/20/2008,ARA,LA,ASW,CE,Federal Contract Tower,0,2,10,7,19,0,23,54,7,84,0,25,64,14,103,204,0,204,307
07/21/2008,ARA,LA,ASW,CE,Federal Contract Tower,0,0,10,7,17,0,49,78,9,136,0,49,88,16,153,350,4,354,507
07/22/2008,ARA,LA,ASW,CE,Federal Contract Tower,3,0,14,1,18,3,44,82,2,131,6,44,96,3,149,340,0,340,489
07/23/2008,ARA,LA,ASW,CE,Federal Contract Tower,1,0,3,0,4,3,36,20,0,59,4,36,23,0,63,120,0,120,183
07/24/2008,ARA,LA,ASW,CE,Federal Contract Tower,0,0,8,0,8,0,71,85,0,156,0,71,93,0,164,504,0,504,668
07/25/2008,ARA,LA,ASW,CE,Federal Contract Tower,0,1,5,19,25,0,46,62,30,138,0,47,67,49,163,360,12,372,535
07/26/2008,ARA,LA,ASW,CE,Federal Contract Tower,0,6,4,4,14,0,58,73,41,172,0,64,77,45,186,340,6,346,532
07/27/2008,ARA,LA,ASW,CE,Federal Contract Tower,0,3,2,21,26,0,71,50,31,152,0,74,52,52,178,244,10,254,432
07/28/2008,ARA,LA,ASW,CE,Federal Contract Tower,0,2,5,9,16,0,35,83,10,128,0,37,88,19,144,308,8,316,460
07/29/2008,ARA,LA,ASW,CE,Federal Contract Tower,0,4,9,3,16,0,39,66,4,109,0,43,75,7,125,236,6,242,367
07/30/2008,ARA,LA,ASW,CE,Federal Contract Tower,1,1,21,7,30,1,39,92,6,138,2,40,113,13,168,291,0,291,459
07/31/2008,ARA,LA,ASW,CE,Federal Contract Tower,0,0,4,6,10,0,50,43,9,102,0,50,47,15,112,116,0,116,228
08/01/2008,ARA,LA,ASW,CE,Federal Contract Tower,1,0,5,7,13,1,21,65,21,108,2,21,70,28,121,364,12,376,497
08/02/2008,ARA,LA,ASW,CE,Federal Contract Tower,1,6,3,8,18,1,72,89,10,172,2,78,92,18,190,220,0,220,410
08/03/2008,ARA,LA,ASW,CE,Federal Contract Tower,2,0,2,3,7,5,68,59,5,137,7,68,61,8,144,194,0,194,338
08/04/2008,ARA,LA,ASW,CE,Federal Contract Tower,1,0,6,0,7,6,68,34,0,108,7,68,40,0,115,224,0,224,339
08/05/2008,ARA,LA,ASW,CE,Federal Contract Tower,0,4,5,0,9,0,64,27,2,93,0,68,32,2,102,148,0,148,250
08/06/2008,ARA,LA,ASW,CE,Federal Contract Tower,0,7,6,0,13,0,48,98,6,152,0,55,104,6,165,460,0,460,625
08/07/2008,ARA,LA,ASW,CE,Federal Contract Tower,0,2,14,7,23,0,78,88,10,176,0,80,102,17,199,402,4,406,605
08/08/2008,ARA,LA,ASW,CE,Federal Contract Tower,0,1,3,9,13,0,49,48,9,106,0,50,51,18,119,254,0,254,373
08/09/2008,ARA,LA,ASW,CE,Federal Contract Tower,0,0,7,7,14,0,38,74,20,132,0,38,81,27,146,220,0,220,366
08/10/2008,ARA,LA,ASW,CE,Federal Contract Tower,0,6,7,4,17,0,41,42,4,87,0,47,49,8,104,194,0,194,298
08/11/2008,ARA,LA,ASW,CE,Federal Contract Tower,0,0,4,0,4,0,36,50,0,86,0,36,54,0,90,210,0,210,300
08/12/2008,ARA,LA,ASW,CE,Federal Contract Tower,0,2,6,2,10,0,38,24,2,64,0,40,30,4,74,172,0,172,246
08/13/2008,ARA,LA,ASW,CE,Federal Contract Tower,2,4,15,3,24,2,39,75,4,120,4,43,90,7,144,424,0,424,568
08/14/2008,ARA,LA,ASW,CE,Federal Contract Tower,0,0,18,10,28,0,44,128,10,182,0,44,146,20,210,346,0,346,556
08/15/2008,ARA,LA,ASW,CE,Federal Contract Tower,2,0,11,10,23,2,31,62,15,110,4,31,73,25,133,248,4,252,385
08/16/2008,ARA,LA,ASW,CE,Federal Contract Tower,0,0,9,0,9,0,23,36,0,59,0,23,45,0,68,84,0,84,152
08/17/2008,ARA,LA,ASW,CE,Federal Contract Tower,0,0,2,2,4,0,33,56,2,91,0,33,58,4,95,132,0,132,227
08/18/2008,ARA,LA,ASW,CE,Federal Contract Tower,0,3,10,8,21,0,47,61,8,116,0,50,71,16,137,242,0,242,379
08/19/2008,ARA,LA,ASW,CE,Federal Contract Tower,0,0,15,4,19,0,52,92,4,148,0,52,107,8,167,374,0,374,541
08/20/2008,ARA,LA,ASW,CE,Federal Contract Tower,0,0,3,0,3,0,19,28,0,47,0,19,31,0,50,120,0,120,170
08/21/2008,ARA,LA,ASW,CE,Federal Contract Tower,0,1,20,4,25,0,88,98,6,192,0,89,118,10,217,356,0,356,573
08/22/2008,ARA,LA,ASW,CE,Federal Contract Tower,0,1,11,17,29,0,63,100,27,190,0,64,111,44,219,392,6,398,617
08/23/2008,ARA,LA,ASW,CE,Federal Contract Tower,0,3,3,3,9,0,72,73,6,151,0,75,76,9,160,264,6,270,430
08/24/2008,ARA,LA,ASW,CE,Federal Contract Tower,3,1,0,0,4,3,17,7,0,27,6,18,7,0,31,116,0,116,147
08/25/2008,ARA,LA,ASW,CE,Federal Contract Tower,0,6,12,6,24,0,46,66,6,118,0,52,78,12,142,224,0,224,366
08/26/2008,ARA,LA,ASW,CE,Federal Contract Tower,0,3,26,7,36,0,60,125,12,197,0,63,151,19,233,343,2,345,578
08/27/2008,ARA,LA,ASW,CE,Federal Contract Tower,0,4,11,4,19,0,64,84,11,159,0,68,95,15,178,347,0,347,525
08/28/2008,ARA,LA,ASW,CE,Federal Contract Tower,0,0,17,15,32,0,44,89,17,150,0,44,106,32,182,408,14,422,604
08/29/2008,ARA,LA,ASW,CE,Federal Contract Tower,0,3,8,1,12,0,50,71,1,122,0,53,79,2,134,284,0,284,418
08/30/2008,ARA,LA,ASW,CE,Federal Contract Tower,2,0,5,2,9,2,136,43,2,183,4,136,48,4,192,108,0,108,300
08/31/2008,ARA,LA,ASW,CE,Federal Contract Tower,0,0,0,0,0,0,0,0,0,0,0,0,0,0,0,0,0,0,0
09/01/2008,ARA,LA,ASW,CE,Federal Contract Tower,0,0,0,0,0,0,0,0,0,0,0,0,0,0,0,0,0,0,0
09/02/2008,ARA,LA,ASW,CE,Federal Contract Tower,0,1,7,0,8,0,8,12,8,28,0,9,19,8,36,0,0,0,36
09/03/2008,ARA,LA,ASW,CE,Federal Contract Tower,0,1,7,0,8,0,180,54,12,246,0,181,61,12,254,0,0,0,254
09/04/2008,ARA,LA,ASW,CE,Federal Contract Tower,1,0,5,4,10,1,253,63,15,332,2,253,68,19,342,104,0,104,446
09/05/2008,ARA,LA,ASW,CE,Federal Contract Tower,0,0,1,8,9,0,197,43,17,257,0,197,44,25,266,30,6,36,302
09/06/2008,ARA,LA,ASW,CE,Federal Contract Tower,0,6,0,4,10,0,120,26,6,152,0,126,26,10,162,138,0,138,300
09/07/2008,ARA,LA,ASW,CE,Federal Contract Tower,0,1,2,5,8,0,94,56,6,156,0,95,58,11,164,54,0,54,218
09/08/2008,ARA,LA,ASW,CE,Federal Contract Tower,0,0,4,10,14,0,66,48,10,124,0,66,52,20,138,274,8,282,420
09/09/2008,ARA,LA,ASW,CE,Federal Contract Tower,1,1,7,4,13,8,90,82,4,184,9,91,89,8,197,260,0,260,457
09/10/2008,ARA,LA,ASW,CE,Federal Contract Tower,0,6,16,10,32,0,78,81,14,173,0,84,97,24,205,208,10,218,423
09/11/2008,ARA,LA,ASW,CE,Federal Contract Tower,2,2,11,13,28,10,79,40,42,171,12,81,51,55,199,158,0,158,357
09/12/2008,ARA,LA,ASW,CE,Federal Contract Tower,1,0,0,0,1,1,0,0,0,1,2,0,0,0,2,0,0,0,2
09/13/2008,ARA,LA,ASW,CE,Federal Contract Tower,0,0,0,0,0,0,1,26,26,53,0,1,26,26,53,0,0,0,53
09/14/2008,ARA,LA,ASW,CE,Federal Contract Tower,0,21,2,3,26,0,66,19,22,107,0,87,21,25,133,24,0,24,157
09/15/2008,ARA,LA,ASW,CE,Federal Contract Tower,0,0,4,35,39,0,157,69,91,317,0,157,73,126,356,90,0,90,446
09/16/2008,ARA,LA,ASW,CE,Federal Contract Tower,1,4,5,14,24,1,256,107,17,381,2,260,112,31,405,238,16,254,659
09/17/2008,ARA,LA,ASW,CE,Federal Contract Tower,1,4,17,11,33,1,289,136,16,442,2,293,153,27,475,248,0,248,723
09/18/2008,ARA,LA,ASW,CE,Federal Contract Tower,1,1,19,7,28,1,261,106,11,379,2,262,125,18,407,184,0,184,591
09/19/2008,ARA,LA,ASW,CE,Federal Contract Tower,0,14,5,10,29,0,137,74,13,224,0,151,79,23,253,102,0,102,355
09/20/2008,ARA,LA,ASW,CE,Federal Contract Tower,1,23,14,2,40,1,155,40,4,200,2,178,54,6,240,114,0,114,354
09/21/2008,ARA,LA,ASW,CE,Federal Contract Tower,0,4,3,4,11,0,122,69,4,195,0,126,72,8,206,148,0,148,354
09/22/2008,ARA,LA,ASW,CE,Federal Contract Tower,0,9,20,4,33,0,129,119,4,252,0,138,139,8,285,312,0,312,597
09/23/2008,ARA,LA,ASW,CE,Federal Contract Tower,0,0,15,9,24,0,188,101,16,305,0,188,116,25,329,318,0,318,647
09/24/2008,ARA,LA,ASW,CE,Federal Contract Tower,0,5,11,20,36,0,158,115,22,295,0,163,126,42,331,378,2,380,711
09/25/2008,ARA,LA,ASW,CE,Federal Contract Tower,0,4,31,10,45,0,179,115,16,310,0,183,146,26,355,262,0,262,617
09/26/2008,ARA,LA,ASW,CE,Federal Contract Tower,2,1,12,23,38,2,108,95,30,235,4,109,107,53,273,316,0,316,589
09/27/2008,ARA,LA,ASW,CE,Federal Contract Tower,0,2,9,0,11,0,141,58,0,199,0,143,67,0,210,312,0,312,522
09/28/2008,ARA,LA,ASW,CE,Federal Contract Tower,0,15,17,27,59,0,126,76,29,231,0,141,93,56,290,198,0,198,488
09/29/2008,ARA,LA,ASW,CE,Federal Contract Tower,2,0,13,9,24,2,142,81,12,237,4,142,94,21,261,343,12,355,616
09/30/2008,ARA,LA,ASW,CE,Federal Contract Tower,0,11,12,9,32,0,159,89,8,256,0,170,101,17,288,324,4,328,616
10/01/2008,ARA,LA,ASW,CE,Federal Contract Tower,2,5,24,18,49,2,156,106,25,289,4,161,130,43,338,326,23,349,687
10/02/2008,ARA,LA,ASW,CE,Federal Contract Tower,0,4,21,10,35,0,143,98,16,257,0,147,119,26,292,420,2,422,714
10/03/2008,ARA,LA,ASW,CE,Federal Contract Tower,0,4,18,16,38,0,142,89,23,254,0,146,107,39,292,359,10,369,661
10/04/2008,ARA,LA,ASW,CE,Federal Contract Tower,2,8,8,19,37,2,128,74,17,221,4,136,82,36,258,280,22,302,560
10/05/2008,ARA,LA,ASW,CE,Federal Contract Tower,0,17,6,4,27,0,113,82,7,202,0,130,88,11,229,242,10,252,481
10/06/2008,ARA,LA,ASW,CE,Federal Contract Tower,0,2,14,19,35,0,145,88,23,256,0,147,102,42,291,376,10,386,677
10/07/2008,ARA,LA,ASW,CE,Federal Contract Tower,0,2,9,2,13,0,84,37,2,123,0,86,46,4,136,206,0,206,342
10/08/2008,ARA,LA,ASW,CE,Federal Contract Tower,0,4,25,10,39,0,157,115,16,288,0,161,140,26,327,403,0,403,730
10/09/2008,ARA,LA,ASW,CE,Federal Contract Tower,0,14,8,22,44,0,156,88,24,268,0,170,96,46,312,389,4,393,705
10/10/2008,ARA,LA,ASW,CE,Federal Contract Tower,1,0,10,14,25,1,84,82,24,191,2,84,92,38,216,374,22,396,612
10/11/2008,ARA,LA,ASW,CE,Federal Contract Tower,0,4,18,0,22,0,89,75,0,164,0,93,93,0,186,362,0,362,548
10/12/2008,ARA,LA,ASW,CE,Federal Contract Tower,0,4,2,3,9,0,87,64,3,154,0,91,66,6,163,234,0,234,397
10/13/2008,ARA,LA,ASW,CE,Federal Contract Tower,0,56,12,6,74,0,83,62,7,152,0,139,74,13,226,296,0,296,522
10/14/2008,ARA,LA,ASW,CE,Federal Contract Tower,2,4,53,11,70,2,97,56,12,167,4,101,109,23,237,406,2,408,645
10/15/2008,ARA,LA,ASW,CE,Federal Contract Tower,2,1,12,7,22,2,127,91,11,231,4,128,103,18,253,422,2,424,677
10/16/2008,ARA,LA,ASW,CE,Federal Contract Tower,0,4,15,6,25,0,117,94,4,215,0,121,109,10,240,398,16,414,654
10/17/2008,ARA,LA,ASW,CE,Federal Contract Tower,0,31,44,4,79,0,90,47,4,141,0,121,91,8,220,294,0,294,514
10/18/2008,ARA,LA,ASW,CE,Federal Contract Tower,0,19,14,2,35,0,95,81,2,178,0,114,95,4,213,252,0,252,465
10/19/2008,ARA,LA,ASW,CE,Federal Contract Tower,0,23,11,3,37,0,117,97,6,220,0,140,108,9,257,280,0,280,537
10/20/2008,ARA,LA,ASW,CE,Federal Contract Tower,0,11,11,18,40,0,96,97,21,214,0,107,108,39,254,360,6,366,620
10/21/2008,ARA,LA,ASW,CE,Federal Contract Tower,0,7,13,0,20,0,91,88,0,179,0,98,101,0,199,312,0,312,511
10/22/2008,ARA,LA,ASW,CE,Federal Contract Tower,0,12,13,10,35,0,115,96,18,229,0,127,109,28,264,314,0,314,578
10/23/2008,ARA,LA,ASW,CE,Federal Contract Tower,1,15,5,9,30,1,98,43,7,149,2,113,48,16,179,402,0,402,581
10/24/2008,ARA,LA,ASW,CE,Federal Contract Tower,1,21,7,24,53,1,61,35,24,121,2,82,42,48,174,276,10,286,460
10/25/2008,ARA,LA,ASW,CE,Federal Contract Tower,0,12,10,0,22,0,67,66,0,133,0,79,76,0,155,136,0,136,291
10/26/2008,ARA,LA,ASW,CE,Federal Contract Tower,0,20,8,9,37,0,108,55,15,178,0,128,63,24,215,248,2,250,465
10/27/2008,ARA,LA,ASW,CE,Federal Contract Tower,0,20,8,9,37,0,83,32,16,131,0,103,40,25,168,162,8,170,338
10/28/2008,ARA,LA,ASW,CE,Federal Contract Tower,0,3,14,15,32,0,71,75,26,172,0,74,89,41,204,310,20,330,534
10/29/2008,ARA,LA,ASW,CE,Federal Contract Tower,0,0,23,19,42,0,75,96,20,191,0,75,119,39,233,270,0,270,503
10/30/2008,ARA,LA,ASW,CE,Federal Contract Tower,1,2,28,12,43,1,69,110,13,193,2,71,138,25,236,308,0,308,544
10/31/2008,ARA,LA,ASW,CE,Federal Contract Tower,0,0,9,15,24,0,76,79,18,173,0,76,88,33,197,222,0,222,419
11/01/2008,ARA,LA,ASW,CE,Federal Contract Tower,0,1,5,2,8,0,90,51,2,143,0,91,56,4,151,178,0,178,329
11/02/2008,ARA,LA,ASW,CE,Federal Contract Tower,2,3,14,16,35,2,73,72,20,167,4,76,86,36,202,164,0,164,366
11/03/2008,ARA,LA,ASW,CE,Federal Contract Tower,0,0,21,21,42,0,90,93,31,214,0,90,114,52,256,342,18,360,616
11/04/2008,ARA,LA,ASW,CE,Federal Contract Tower,0,7,15,16,38,0,73,81,14,168,0,80,96,30,206,342,22,364,570
11/05/2008,ARA,LA,ASW,CE,Federal Contract Tower,0,5,23,10,38,0,102,101,18,221,0,107,124,28,259,442,0,442,701
11/06/2008,ARA,LA,ASW,CE,Federal Contract Tower,0,3,34,8,45,0,82,68,8,158,0,85,102,16,203,264,0,264,467
11/07/2008,ARA,LA,ASW,CE,Federal Contract Tower,2,4,17,5,28,2,57,62,6,127,4,61,79,11,155,248,10,258,413
11/08/2008,ARA,LA,ASW,CE,Federal Contract Tower,0,5,8,0,13,0,69,55,0,124,0,74,63,0,137,214,0,214,351
11/09/2008,ARA,LA,ASW,CE,Federal Contract Tower,0,3,2,9,14,1,46,51,8,106,1,49,53,17,120,162,0,162,282
11/10/2008,ARA,LA,ASW,CE,Federal Contract Tower,0,0,22,13,35,0,60,88,13,161,0,60,110,26,196,312,10,322,518
11/11/2008,ARA,LA,ASW,CE,Federal Contract Tower,3,2,29,2,36,3,56,100,2,161,6,58,129,4,197,376,0,376,573
11/12/2008,ARA,LA,ASW,CE,Federal Contract Tower,0,2,3,0,5,0,11,5,0,16,0,13,8,0,21,40,0,40,61
11/13/2008,ARA,LA,ASW,CE,Federal Contract Tower,0,12,41,2,55,0,41,30,3,74,0,53,71,5,129,250,0,250,379
11/14/2008,ARA,LA,ASW,CE,Federal Contract Tower,3,18,7,8,36,3,72,41,8,124,6,90,48,16,160,176,0,176,336
11/15/2008,ARA,LA,ASW,CE,Federal Contract Tower,0,8,12,0,20,0,66,33,9,108,0,74,45,9,128,85,8,93,221
11/16/2008,ARA,LA,ASW,CE,Federal Contract Tower,0,4,18,11,33,0,79,107,16,202,0,83,125,27,235,206,2,208,443
11/17/2008,ARA,LA,ASW,CE,Federal Contract Tower,0,5,15,18,38,0,45,102,19,166,0,50,117,37,204,386,30,416,620
11/18/2008,ARA,LA,ASW,CE,Federal Contract Tower,0,9,22,0,31,0,86,113,2,201,0,95,135,2,232,448,0,448,680
11/19/2008,ARA,LA,ASW,CE,Federal Contract Tower,2,0,29,4,35,2,83,121,6,212,4,83,150,10,247,337,2,339,586
11/20/2008,ARA,LA,ASW,CE,Federal Contract Tower,0,3,20,17,40,0,62,122,20,204,0,65,142,37,244,422,6,428,672
11/21/2008,ARA,LA,ASW,CE,Federal Contract Tower,0,0,18,9,27,0,53,81,13,147,0,53,99,22,174,288,4,292,466
11/22/2008,ARA,LA,ASW,CE,Federal Contract Tower,0,3,13,0,16,0,62,69,2,133,0,65,82,2,149,268,0,268,417
11/23/2008,ARA,LA,ASW,CE,Federal Contract Tower,0,0,19,3,22,0,66,104,3,173,0,66,123,6,195,334,2,336,531
11/24/2008,ARA,LA,ASW,CE,Federal Contract Tower,0,0,3,0,3,0,40,21,0,61,0,40,24,0,64,196,0,196,260
11/25/2008,ARA,LA,ASW,CE,Federal Contract Tower,0,2,12,4,18,0,79,77,26,182,0,81,89,30,200,195,2,197,397
11/26/2008,ARA,LA,ASW,CE,Federal Contract Tower,1,0,21,5,27,1,51,75,7,134,2,51,96,12,161,214,6,220,381
11/27/2008,ARA,LA,ASW,CE,Federal Contract Tower,0,8,0,0,8,0,33,4,0,37,0,41,4,0,45,84,0,84,129
11/28/2008,ARA,LA,ASW,CE,Federal Contract Tower,0,0,6,0,6,0,12,6,0,18,0,12,12,0,24,48,0,48,72
11/29/2008,ARA,LA,ASW,CE,Federal Contract Tower,0,4,2,0,6,0,4,2,0,6,0,8,4,0,12,0,0,0,12
11/30/2008,ARA,LA,ASW,CE,Federal Contract Tower,0,1,17,0,18,0,30,30,5,65,0,31,47,5,83,60,0,60,143
12/01/2008,ARA,LA,ASW,CE,Federal Contract Tower,0,0,8,13,21,0,35,40,15,90,0,35,48,28,111,166,10,176,287
12/02/2008,ARA,LA,ASW,CE,Federal Contract Tower,0,0,38,10,48,0,22,67,10,99,0,22,105,20,147,194,0,194,341
12/03/2008,ARA,LA,ASW,CE,Federal Contract Tower,0,4,11,23,38,0,64,34,27,125,0,68,45,50,163,180,0,180,343
12/04/2008,ARA,LA,ASW,CE,Federal Contract Tower,0,14,14,6,34,0,26,24,7,57,0,40,38,13,91,86,0,86,177
12/05/2008,ARA,LA,ASW,CE,Federal Contract Tower,2,9,11,11,33,2,70,99,12,183,4,79,110,23,216,315,0,315,531
12/06/2008,ARA,LA,ASW,CE,Federal Contract Tower,1,14,7,6,28,1,67,56,6,130,2,81,63,12,158,212,10,222,380
12/07/2008,ARA,LA,ASW,CE,Federal Contract Tower,0,19,12,2,33,0,91,57,2,150,0,110,69,4,183,198,0,198,381
12/08/2008,ARA,LA,ASW,CE,Federal Contract Tower,0,1,12,20,33,0,64,56,31,151,0,65,68,51,184,492,10,502,686
12/09/2008,ARA,LA,ASW,CE,Federal Contract Tower,0,4,3,2,9,0,34,22,2,58,0,38,25,4,67,40,0,40,107
12/10/2008,ARA,LA,ASW,CE,Federal Contract Tower,0,38,12,2,52,0,57,49,2,108,0,95,61,4,160,176,0,176,336
12/11/2008,ARA,LA,ASW,CE,Federal Contract Tower,0,2,10,2,14,0,29,30,2,61,0,31,40,4,75,126,0,126,201
12/12/2008,ARA,LA,ASW,CE,Federal Contract Tower,0,3,22,8,33,0,61,109,13,183,0,64,131,21,216,386,16,402,618
12/13/2008,ARA,LA,ASW,CE,Federal Contract Tower,0,5,17,5,27,0,54,62,7,123,0,59,79,12,150,188,0,188,338
12/14/2008,ARA,LA,ASW,CE,Federal Contract Tower,0,2,14,0,16,0,45,32,0,77,0,47,46,0,93,108,0,108,201
12/15/2008,ARA,LA,ASW,CE,Federal Contract Tower,0,11,13,6,30,0,63,59,7,129,0,74,72,13,159,298,26,324,483
12/16/2008,ARA,LA,ASW,CE,Federal Contract Tower,0,0,1,2,3,0,0,1,2,3,0,0,2,4,6,0,0,0,6
12/17/2008,ARA,LA,ASW,CE,Federal Contract Tower,0,1,4,0,5,0,37,12,0,49,0,38,16,0,54,131,0,131,185
12/18/2008,ARA,LA,ASW,CE,Federal Contract Tower,0,0,6,14,20,0,45,36,13,94,0,45,42,27,114,220,0,220,334
12/19/2008,ARA,LA,ASW,CE,Federal Contract Tower,5,1,5,3,14,5,36,48,5,94,10,37,53,8,108,268,0,268,376
12/20/2008,ARA,LA,ASW,CE,Federal Contract Tower,0,15,7,0,22,0,48,20,0,68,0,63,27,0,90,108,0,108,198
12/21/2008,ARA,LA,ASW,CE,Federal Contract Tower,0,0,16,0,16,0,20,40,0,60,0,20,56,0,76,48,0,48,124
12/22/2008,ARA,LA,ASW,CE,Federal Contract Tower,0,2,21,32,55,0,38,62,27,127,0,40,83,59,182,136,18,154,336
12/23/2008,ARA,LA,ASW,CE,Federal Contract Tower,0,2,6,7,15,0,16,14,8,38,0,18,20,15,53,58,2,60,113
12/24/2008,ARA,LA,ASW,CE,Federal Contract Tower,0,0,5,0,5,0,13,12,0,25,0,13,17,0,30,38,0,38,68
12/25/2008,ARA,LA,ASW,CE,Federal Contract Tower,0,2,1,0,3,0,6,5,0,11,0,8,6,0,14,0,0,0,14
12/26/2008,ARA,LA,ASW,CE,Federal Contract Tower,0,5,15,0,20,0,27,36,0,63,0,32,51,0,83,114,0,114,197
12/27/2008,ARA,LA,ASW,CE,Federal Contract Tower,1,3,6,0,10,2,34,2,0,38,3,37,8,0,48,18,0,18,66
12/28/2008,ARA,LA,ASW,CE,Federal Contract Tower,0,7,0,0,7,0,14,0,2,16,0,21,0,2,23,10,0,10,33
12/29/2008,ARA,LA,ASW,CE,Federal Contract Tower,0,12,13,12,37,0,71,78,15,164,0,83,91,27,201,360,4,364,565
12/30/2008,ARA,LA,ASW,CE,Federal Contract Tower,0,10,18,13,41,0,66,70,13,149,0,76,88,26,190,260,8,268,458
12/31/2008,ARA,LA,ASW,CE,Federal Contract Tower,0,3,9,0,12,0,49,48,0,97,0,52,57,0,109,138,0,138,247
01/01/2009,ARA,LA,ASW,CE,Federal Contract Tower,0,0,3,0,3,0,28,6,0,34,0,28,9,0,37,40,0,40,77
01/02/2009,ARA,LA,ASW,CE,Federal Contract Tower,0,2,3,0,5,0,34,31,0,65,0,36,34,0,70,254,0,254,324
01/03/2009,ARA,LA,ASW,CE,Federal Contract Tower,0,6,3,0,9,0,33,5,0,38,0,39,8,0,47,54,0,54,101
01/04/2009,ARA,LA,ASW,CE,Federal Contract Tower,0,5,3,0,8,0,46,13,0,59,0,51,16,0,67,112,0,112,179
01/05/2009,ARA,LA,ASW,CE,Federal Contract Tower,0,7,24,0,31,0,13,9,0,22,0,20,33,0,53,34,0,34,87
01/06/2009,ARA,LA,ASW,CE,Federal Contract Tower,0,7,26,0,33,0,24,3,0,27,0,31,29,0,60,62,0,62,122
01/07/2009,ARA,LA,ASW,CE,Federal Contract Tower,2,1,45,17,65,2,78,174,21,275,4,79,219,38,340,399,16,415,755
01/08/2009,ARA,LA,ASW,CE,Federal Contract Tower,0,6,38,12,56,0,94,155,29,278,0,100,193,41,334,454,8,462,796
01/09/2009,ARA,LA,ASW,CE,Federal Contract Tower,0,1,8,6,15,0,67,74,11,152,0,68,82,17,167,355,0,355,522
01/10/2009,ARA,LA,ASW,CE,Federal Contract Tower,0,22,1,4,27,0,48,5,4,57,0,70,6,8,84,74,0,74,158
01/11/2009,ARA,LA,ASW,CE,Federal Contract Tower,0,11,5,3,19,0,71,59,2,132,0,82,64,5,151,286,0,286,437
01/12/2009,ARA,LA,ASW,CE,Federal Contract Tower,0,3,20,20,43,0,75,127,25,227,0,78,147,45,270,340,60,400,670
01/13/2009,ARA,LA,ASW,CE,Federal Contract Tower,1,3,26,16,46,1,47,87,20,155,2,50,113,36,201,358,10,368,569
01/14/2009,ARA,LA,ASW,CE,Federal Contract Tower,0,6,29,10,45,0,64,126,15,205,0,70,155,25,250,330,10,340,590
01/15/2009,ARA,LA,ASW,CE,Federal Contract Tower,0,2,27,12,41,0,65,97,15,177,0,67,124,27,218,388,4,392,610
01/16/2009,ARA,LA,ASW,CE,Federal Contract Tower,2,0,18,12,32,2,61,104,15,182,4,61,122,27,214,378,2,380,594
01/17/2009,ARA,LA,ASW,CE,Federal Contract Tower,0,13,13,1,27,0,74,72,5,151,0,87,85,6,178,296,0,296,474
01/18/2009,ARA,LA,ASW,CE,Federal Contract Tower,0,5,9,2,16,0,43,89,2,134,0,48,98,4,150,174,0,174,324
01/19/2009,ARA,LA,ASW,CE,Federal Contract Tower,0,5,13,5,23,0,53,68,8,129,0,58,81,13,152,270,0,270,422
01/20/2009,ARA,LA,ASW,CE,Federal Contract Tower,0,9,22,5,36,0,64,85,6,155,0,73,107,11,191,398,6,404,595
01/21/2009,ARA,LA,ASW,CE,Federal Contract Tower,0,0,29,13,42,0,80,126,18,224,0,80,155,31,266,370,6,376,642
01/22/2009,ARA,LA,ASW,CE,Federal Contract Tower,0,8,21,12,41,0,75,125,20,220,0,83,146,32,261,422,12,434,695
01/23/2009,ARA,LA,ASW,CE,Federal Contract Tower,1,1,33,12,47,1,66,69,43,179,2,67,102,55,226,172,50,222,448
01/24/2009,ARA,LA,ASW,CE,Federal Contract Tower,0,25,3,0,28,0,36,18,0,54,0,61,21,0,82,76,0,76,158
01/25/2009,ARA,LA,ASW,CE,Federal Contract Tower,1,1,4,4,10,1,21,26,4,52,2,22,30,8,62,90,0,90,152
01/26/2009,ARA,LA,ASW,CE,Federal Contract Tower,1,9,3,24,37,1,45,60,25,131,2,54,63,49,168,304,16,320,488
01/27/2009,ARA,LA,ASW,CE,Federal Contract Tower,0,6,18,22,46,0,62,67,29,158,0,68,85,51,204,324,28,352,556
01/28/2009,ARA,LA,ASW,CE,Federal Contract Tower,0,12,111,6,129,0,18,19,6,43,0,30,130,12,172,166,0,166,338
01/29/2009,ARA,LA,ASW,CE,Federal Contract Tower,0,1,13,6,20,0,52,98,7,157,0,53,111,13,177,363,4,367,544
01/30/2009,ARA,LA,ASW,CE,Federal Contract Tower,0,9,14,15,38,0,48,95,30,173,0,57,109,45,211,350,2,352,563
01/31/2009,ARA,LA,ASW,CE,Federal Contract Tower,0,16,9,0,25,0,46,79,0,125,0,62,88,0,150,154,0,154,304
02/01/2009,ARA,LA,ASW,CE,Federal Contract Tower,1,4,6,3,14,1,41,29,4,75,2,45,35,7,89,118,0,118,207
02/02/2009,ARA,LA,ASW,CE,Federal Contract Tower,1,7,3,25,36,1,71,25,25,122,2,78,28,50,158,184,8,192,350
02/03/2009,ARA,LA,ASW,CE,Federal Contract Tower,0,11,16,22,49,0,68,102,33,203,0,79,118,55,252,306,8,314,566
02/04/2009,ARA,LA,ASW,CE,Federal Contract Tower,0,7,26,8,41,0,62,109,10,181,0,69,135,18,222,218,0,218,440
02/05/2009,ARA,LA,ASW,CE,Federal Contract Tower,1,3,18,14,36,1,65,94,19,179,2,68,112,33,215,288,2,290,505
02/06/2009,ARA,LA,ASW,CE,Federal Contract Tower,0,1,14,19,34,0,53,74,29,156,0,54,88,48,190,246,2,248,438
02/07/2009,ARA,LA,ASW,CE,Federal Contract Tower,0,7,6,14,27,0,67,45,21,133,0,74,51,35,160,154,14,168,328
02/08/2009,ARA,LA,ASW,CE,Federal Contract Tower,1,0,2,5,8,1,41,25,12,79,2,41,27,17,87,142,2,144,231
02/09/2009,ARA,LA,ASW,CE,Federal Contract Tower,0,5,2,9,16,0,38,21,12,71,0,43,23,21,87,106,6,112,199
02/10/2009,ARA,LA,ASW,CE,Federal Contract Tower,0,5,2,9,16,0,56,33,19,108,0,61,35,28,124,158,6,164,288
02/11/2009,ARA,LA,ASW,CE,Federal Contract Tower,0,2,10,7,19,0,75,105,7,187,0,77,115,14,206,284,0,284,490
02/12/2009,ARA,LA,ASW,CE,Federal Contract Tower,0,4,50,31,85,0,66,190,37,293,0,70,240,68,378,468,10,478,856
02/13/2009,ARA,LA,ASW,CE,Federal Contract Tower,1,11,15,2,29,1,43,26,2,72,2,54,41,4,101,154,0,154,255
02/14/2009,ARA,LA,ASW,CE,Federal Contract Tower,0,58,9,0,67,0,39,11,2,52,0,97,20,2,119,128,0,128,247
02/15/2009,ARA,LA,ASW,CE,Federal Contract Tower,0,7,3,2,12,0,25,13,5,43,0,32,16,7,55,84,0,84,139
02/16/2009,ARA,LA,ASW,CE,Federal Contract Tower,0,5,17,6,28,0,60,121,10,191,0,65,138,16,219,276,2,278,497
02/17/2009,ARA,LA,ASW,CE,Federal Contract Tower,0,6,29,8,43,0,81,73,8,162,0,87,102,16,205,374,0,374,579
02/18/2009,ARA,LA,ASW,CE,Federal Contract Tower,0,1,1,8,10,0,49,15,13,77,0,50,16,21,87,136,2,138,225
02/19/2009,ARA,LA,ASW,CE,Federal Contract Tower,0,5,25,9,39,0,66,114,14,194,0,71,139,23,233,456,4,460,693
02/20/2009,ARA,LA,ASW,CE,Federal Contract Tower,1,4,21,18,44,1,57,96,22,176,2,61,117,40,220,370,8,378,598
02/21/2009,ARA,LA,ASW,CE,Federal Contract Tower,0,0,4,0,4,0,52,36,2,90,0,52,40,2,94,224,0,224,318
02/22/2009,ARA,LA,ASW,CE,Federal Contract Tower,0,2,2,12,16,0,55,29,14,98,0,57,31,26,114,176,8,184,298
02/23/2009,ARA,LA,ASW,CE,Federal Contract Tower,0,1,19,14,34,0,46,83,18,147,0,47,102,32,181,332,20,352,533
02/24/2009,ARA,LA,ASW,CE,Federal Contract Tower,1,4,22,6,33,1,41,70,9,121,2,45,92,15,154,240,0,240,394
02/25/2009,ARA,LA,ASW,CE,Federal Contract Tower,1,6,28,7,42,1,67,85,10,163,2,73,113,17,205,348,10,358,563
02/26/2009,ARA,LA,ASW,CE,Federal Contract Tower,0,3,14,18,35,0,33,44,22,99,0,36,58,40,134,172,23,195,329
02/27/2009,ARA,LA,ASW,CE,Federal Contract Tower,0,1,18,7,26,0,47,49,18,114,0,48,67,25,140,314,8,322,462
02/28/2009,ARA,LA,ASW,CE,Federal Contract Tower,0,1,0,0,1,0,31,7,0,38,0,32,7,0,39,62,0,62,101
03/01/2009,ARA,LA,ASW,CE,Federal Contract Tower,0,6,14,7,27,0,49,55,15,119,0,55,69,22,146,112,0,112,258
03/02/2009,ARA,LA,ASW,CE,Federal Contract Tower,0,5,39,17,61,0,62,131,21,214,0,67,170,38,275,306,12,318,593
03/03/2009,ARA,LA,ASW,CE,Federal Contract Tower,0,1,37,11,49,0,38,135,19,192,0,39,172,30,241,308,2,310,551
03/04/2009,ARA,LA,ASW,CE,Federal Contract Tower,1,0,29,16,46,1,41,122,21,185,2,41,151,37,231,330,10,340,571
03/05/2009,ARA,LA,ASW,CE,Federal Contract Tower,0,7,19,12,38,0,59,66,18,143,0,66,85,30,181,337,10,347,528
03/06/2009,ARA,LA,ASW,CE,Federal Contract Tower,0,1,30,2,33,0,34,79,6,119,0,35,109,8,152,240,4,244,396
03/07/2009,ARA,LA,ASW,CE,Federal Contract Tower,0,11,5,4,20,0,59,33,4,96,0,70,38,8,116,160,0,160,276
03/08/2009,ARA,LA,ASW,CE,Federal Contract Tower,0,0,6,10,16,0,46,35,8,89,0,46,41,18,105,194,0,194,299
03/09/2009,ARA,LA,ASW,CE,Federal Contract Tower,0,6,22,2,30,0,38,76,2,116,0,44,98,4,146,208,0,208,354
03/10/2009,ARA,LA,ASW,CE,Federal Contract Tower,0,11,18,12,41,0,76,68,17,161,0,87,86,29,202,312,30,342,544
03/11/2009,ARA,LA,ASW,CE,Federal Contract Tower,0,6,37,6,49,0,66,94,8,168,0,72,131,14,217,248,4,252,469
03/12/2009,ARA,LA,ASW,CE,Federal Contract Tower,4,12,18,8,42,4,57,81,8,150,8,69,99,16,192,284,0,284,476
03/13/2009,ARA,LA,ASW,CE,Federal Contract Tower,0,5,26,8,39,0,12,17,8,37,0,17,43,16,76,40,0,40,116
03/14/2009,ARA,LA,ASW,CE,Federal Contract Tower,0,4,5,2,11,0,4,5,2,11,0,8,10,4,22,0,0,0,22
03/15/2009,ARA,LA,ASW,CE,Federal Contract Tower,0,38,7,0,45,0,49,12,0,61,0,87,19,0,106,140,0,140,246
03/16/2009,ARA,LA,ASW,CE,Federal Contract Tower,0,1,13,2,16,0,17,22,2,41,0,18,35,4,57,66,0,66,123
03/17/2009,ARA,LA,ASW,CE,Federal Contract Tower,0,2,54,11,67,0,49,163,11,223,0,51,217,22,290,223,0,223,513
03/18/2009,ARA,LA,ASW,CE,Federal Contract Tower,0,12,18,10,40,0,44,118,9,171,0,56,136,19,211,250,0,250,461
03/19/2009,ARA,LA,ASW,CE,Federal Contract Tower,0,0,15,20,35,0,45,74,24,143,0,45,89,44,178,362,12,374,552
03/20/2009,ARA,LA,ASW,CE,Federal Contract Tower,0,1,26,21,48,0,36,95,29,160,0,37,121,50,208,332,10,342,550
03/21/2009,ARA,LA,ASW,CE,Federal Contract Tower,0,11,4,4,19,0,44,75,6,125,0,55,79,10,144,222,0,222,366
03/22/2009,ARA,LA,ASW,CE,Federal Contract Tower,0,1,1,9,11,0,39,54,10,103,0,40,55,19,114,218,0,218,332
03/23/2009,ARA,LA,ASW,CE,Federal Contract Tower,0,1,8,15,24,0,29,27,18,74,0,30,35,33,98,156,2,158,256
03/24/2009,ARA,LA,ASW,CE,Federal Contract Tower,0,4,7,8,19,0,59,34,10,103,0,63,41,18,122,182,0,182,304
03/25/2009,ARA,LA,ASW,CE,Federal Contract Tower,0,12,4,8,24,0,56,17,13,86,0,68,21,21,110,112,0,112,222
03/26/2009,ARA,LA,ASW,CE,Federal Contract Tower,0,2,6,0,8,0,28,31,0,59,0,30,37,0,67,166,0,166,233
03/27/2009,ARA,LA,ASW,CE,Federal Contract Tower,0,2,11,4,17,0,20,28,4,52,0,22,39,8,69,166,0,166,235
03/28/2009,ARA,LA,ASW,CE,Federal Contract Tower,0,1,5,4,10,0,11,28,4,43,0,12,33,8,53,42,0,42,95
03/29/2009,ARA,LA,ASW,CE,Federal Contract Tower,0,2,14,4,20,0,50,84,4,138,0,52,98,8,158,216,0,216,374
03/30/2009,ARA,LA,ASW,CE,Federal Contract Tower,0,5,24,14,43,0,53,106,17,176,0,58,130,31,219,344,0,344,563
03/31/2009,ARA,LA,ASW,CE,Federal Contract Tower,0,2,5,6,13,0,23,45,6,74,0,25,50,12,87,212,0,212,299
04/01/2009,ARA,LA,ASW,CE,Federal Contract Tower,0,12,17,8,37,0,53,77,10,140,0,65,94,18,177,250,0,250,427
04/02/2009,ARA,LA,ASW,CE,Federal Contract Tower,0,5,15,0,20,0,62,28,0,90,0,67,43,0,110,134,0,134,244
04/03/2009,ARA,LA,ASW,CE,Federal Contract Tower,3,2,28,16,49,5,35,126,29,195,8,37,154,45,244,207,0,207,451
04/04/2009,ARA,LA,ASW,CE,Federal Contract Tower,0,5,8,12,25,0,48,42,62,152,0,53,50,74,177,216,0,216,393
04/05/2009,ARA,LA,ASW,CE,Federal Contract Tower,0,37,25,1,63,0,55,17,2,74,0,92,42,3,137,158,0,158,295
04/06/2009,ARA,LA,ASW,CE,Federal Contract Tower,0,5,8,9,22,0,44,35,15,94,0,49,43,24,116,146,4,150,266
04/07/2009,ARA,LA,ASW,CE,Federal Contract Tower,0,2,23,13,38,0,68,115,15,198,0,70,138,28,236,282,0,282,518
04/08/2009,ARA,LA,ASW,CE,Federal Contract Tower,0,1,18,2,21,0,50,81,2,133,0,51,99,4,154,204,0,204,358
04/09/2009,ARA,LA,ASW,CE,Federal Contract Tower,1,0,20,2,23,1,36,63,2,102,2,36,83,4,125,238,0,238,363
04/10/2009,ARA,LA,ASW,CE,Federal Contract Tower,1,0,6,5,12,1,46,44,9,100,2,46,50,14,112,270,12,282,394
04/11/2009,ARA,LA,ASW,CE,Federal Contract Tower,0,0,1,0,1,0,33,34,0,67,0,33,35,0,68,176,0,176,244
04/12/2009,ARA,LA,ASW,CE,Federal Contract Tower,0,0,1,0,1,0,20,3,0,23,0,20,4,0,24,50,0,50,74
04/13/2009,ARA,LA,ASW,CE,Federal Contract Tower,0,1,4,7,12,0,28,34,11,73,0,29,38,18,85,166,14,180,265
04/14/2009,ARA,LA,ASW,CE,Federal Contract Tower,0,1,18,5,24,0,52,109,15,176,0,53,127,20,200,342,6,348,548
04/15/2009,ARA,LA,ASW,CE,Federal Contract Tower,0,0,10,7,17,0,36,94,6,136,0,36,104,13,153,248,0,248,401
04/16/2009,ARA,LA,ASW,CE,Federal Contract Tower,0,1,22,2,25,0,61,112,1,174,0,62,134,3,199,334,0,334,533
04/17/2009,ARA,LA,ASW,CE,Federal Contract Tower,1,0,3,9,13,1,38,20,19,78,2,38,23,28,91,89,0,89,180
04/18/2009,ARA,LA,ASW,CE,Federal Contract Tower,1,4,2,0,7,1,29,2,0,32,2,33,4,0,39,66,0,66,105
04/19/2009,ARA,LA,ASW,CE,Federal Contract Tower,2,0,3,2,7,2,32,31,2,67,4,32,34,4,74,130,0,130,204
04/20/2009,ARA,LA,ASW,CE,Federal Contract Tower,0,0,9,18,27,0,66,60,21,147,0,66,69,39,174,286,50,336,510
04/21/2009,ARA,LA,ASW,CE,Federal Contract Tower,0,0,9,12,21,0,66,60,15,141,0,66,69,27,162,188,16,204,366
04/22/2009,ARA,LA,ASW,CE,Federal Contract Tower,1,1,14,9,25,1,44,94,14,153,2,45,108,23,178,334,10,344,522
04/23/2009,ARA,LA,ASW,CE,Federal Contract Tower,0,0,10,11,21,0,35,56,9,100,0,35,66,20,121,190,2,192,313
04/24/2009,ARA,LA,ASW,CE,Federal Contract Tower,0,0,6,13,19,0,16,51,16,83,0,16,57,29,102,146,12,158,260
04/25/2009,ARA,LA,ASW,CE,Federal Contract Tower,0,1,5,3,9,0,28,24,5,57,0,29,29,8,66,144,4,148,214
04/26/2009,ARA,LA,ASW,CE,Federal Contract Tower,0,0,1,2,3,0,23,21,2,46,0,23,22,4,49,96,0,96,145
04/27/2009,ARA,LA,ASW,CE,Federal Contract Tower,1,3,7,0,11,1,42,35,0,78,2,45,42,0,89,170,0,170,259
04/28/2009,ARA,LA,ASW,CE,Federal Contract Tower,1,0,15,7,23,1,44,71,10,126,2,44,86,17,149,332,0,332,481
04/29/2009,ARA,LA,ASW,CE,Federal Contract Tower,1,0,21,12,34,1,36,100,14,151,2,36,121,26,185,316,0,316,501
04/30/2009,ARA,LA,ASW,CE,Federal Contract Tower,0,5,8,10,23,0,43,73,12,128,0,48,81,22,151,148,0,148,299
05/01/2009,ARA,LA,ASW,CE,Federal Contract Tower,1,0,5,10,16,1,38,46,19,104,2,38,51,29,120,264,8,272,392
05/02/2009,ARA,LA,ASW,CE,Federal Contract Tower,0,6,2,3,11,0,45,22,6,73,0,51,24,9,84,112,18,130,214
05/03/2009,ARA,LA,ASW,CE,Federal Contract Tower,0,2,4,3,9,0,28,16,8,52,0,30,20,11,61,70,0,70,131
05/04/2009,ARA,LA,ASW,CE,Federal Contract Tower,0,19,34,5,58,0,3,17,4,24,0,22,51,9,82,130,0,130,212
05/05/2009,ARA,LA,ASW,CE,Federal Contract Tower,0,0,11,8,19,0,58,82,8,148,0,58,93,16,167,462,6,468,635
05/06/2009,ARA,LA,ASW,CE,Federal Contract Tower,1,0,5,11,17,1,60,58,13,132,2,60,63,24,149,414,0,414,563
05/07/2009,ARA,LA,ASW,CE,Federal Contract Tower,0,1,18,16,35,0,47,86,17,150,0,48,104,33,185,340,2,342,527
05/08/2009,ARA,LA,ASW,CE,Federal Contract Tower,0,2,11,4,17,0,60,62,9,131,0,62,73,13,148,144,0,144,292
05/09/2009,ARA,LA,ASW,CE,Federal Contract Tower,0,2,7,0,9,0,44,51,0,95,0,46,58,0,104,262,0,262,366
05/10/2009,ARA,LA,ASW,CE,Federal Contract Tower,0,3,2,7,12,0,32,26,7,65,0,35,28,14,77,54,2,56,133
05/11/2009,ARA,LA,ASW,CE,Federal Contract Tower,0,7,6,2,15,0,59,89,1,149,0,66,95,3,164,232,0,232,396
05/12/2009,ARA,LA,ASW,CE,Federal Contract Tower,0,5,19,6,30,0,55,80,6,141,0,60,99,12,171,258,16,274,445
05/13/2009,ARA,LA,ASW,CE,Federal Contract Tower,0,0,18,11,29,0,43,101,13,157,0,43,119,24,186,266,0,266,452
05/14/2009,ARA,LA,ASW,CE,Federal Contract Tower,0,0,8,13,21,0,39,63,18,120,0,39,71,31,141,186,3,189,330
05/15/2009,ARA,LA,ASW,CE,Federal Contract Tower,1,33,96,5,135,1,4,4,2,11,2,37,100,7,146,286,41,327,473
05/16/2009,ARA,LA,ASW,CE,Federal Contract Tower,0,2,4,0,6,0,10,36,0,46,0,12,40,0,52,12,0,12,64
05/17/2009,ARA,LA,ASW,CE,Federal Contract Tower,0,0,3,4,7,0,23,18,5,46,0,23,21,9,53,90,0,90,143
05/18/2009,ARA,LA,ASW,CE,Federal Contract Tower,0,0,6,18,24,0,53,85,17,155,0,53,91,35,179,382,13,395,574
05/19/2009,ARA,LA,ASW,CE,Federal Contract Tower,0,0,15,17,32,0,49,91,20,160,0,49,106,37,192,274,2,276,468
05/20/2009,ARA,LA,ASW,CE,Federal Contract Tower,0,0,11,20,31,0,36,77,36,149,0,36,88,56,180,376,10,386,566
05/21/2009,ARA,LA,ASW,CE,Federal Contract Tower,1,0,16,30,47,1,58,120,50,229,2,58,136,80,276,460,72,532,808
05/22/2009,ARA,LA,ASW,CE,Federal Contract Tower,0,1,6,3,10,0,30,45,3,78,0,31,51,6,88,308,0,308,396
05/23/2009,ARA,LA,ASW,CE,Federal Contract Tower,0,0,2,0,2,0,15,18,0,33,0,15,20,0,35,112,0,112,147
05/24/2009,ARA,LA,ASW,CE,Federal Contract Tower,0,0,0,2,2,0,32,28,2,62,0,32,28,4,64,126,0,126,190
05/25/2009,ARA,LA,ASW,CE,Federal Contract Tower,0,0,5,0,5,0,32,23,4,59,0,32,28,4,64,268,0,268,332
05/26/2009,ARA,LA,ASW,CE,Federal Contract Tower,0,2,4,0,6,0,54,56,2,112,0,56,60,2,118,236,0,236,354
05/27/2009,ARA,LA,ASW,CE,Federal Contract Tower,0,2,16,10,28,0,72,86,17,175,0,74,102,27,203,386,0,386,589
05/28/2009,ARA,LA,ASW,CE,Federal Contract Tower,0,2,11,9,22,0,47,106,7,160,0,49,117,16,182,466,0,466,648
05/29/2009,ARA,LA,ASW,CE,Federal Contract Tower,0,0,13,6,19,0,24,65,6,95,0,24,78,12,114,356,0,356,470
05/30/2009,ARA,LA,ASW,CE,Federal Contract Tower,1,0,6,0,7,1,18,55,0,74,2,18,61,0,81,108,0,108,189
05/31/2009,ARA,LA,ASW,CE,Federal Contract Tower,1,0,5,4,10,1,20,46,6,73,2,20,51,10,83,34,0,34,117
06/01/2009,ARA,LA,ASW,CE,Federal Contract Tower,1,0,7,6,14,1,31,60,6,98,2,31,67,12,112,308,4,312,424
06/02/2009,ARA,LA,ASW,CE,Federal Contract Tower,0,2,6,5,13,0,35,46,5,86,0,37,52,10,99,208,10,218,317
06/03/2009,ARA,LA,ASW,CE,Federal Contract Tower,0,0,16,3,19,0,21,61,4,86,0,21,77,7,105,222,2,224,329
06/04/2009,ARA,LA,ASW,CE,Federal Contract Tower,0,1,10,13,24,0,42,62,16,120,0,43,72,29,144,318,8,326,470
06/05/2009,ARA,LA,ASW,CE,Federal Contract Tower,0,6,13,19,38,0,40,80,27,147,0,46,93,46,185,260,20,280,465
06/06/2009,ARA,LA,ASW,CE,Federal Contract Tower,0,2,12,8,22,0,30,54,11,95,0,32,66,19,117,204,20,224,341
06/07/2009,ARA,LA,ASW,CE,Federal Contract Tower,0,1,7,17,25,0,36,47,17,100,0,37,54,34,125,180,46,226,351
06/08/2009,ARA,LA,ASW,CE,Federal Contract Tower,0,8,7,13,28,0,60,45,22,127,0,68,52,35,155,398,14,412,567
06/09/2009,ARA,LA,ASW,CE,Federal Contract Tower,1,1,22,12,36,1,60,62,16,139,2,61,84,28,175,260,6,266,441
06/10/2009,ARA,LA,ASW,CE,Federal Contract Tower,0,0,11,15,26,0,63,74,21,158,0,63,85,36,184,250,2,252,436
06/11/2009,ARA,LA,ASW,CE,Federal Contract Tower,0,0,15,33,48,0,18,84,52,154,0,18,99,85,202,330,44,374,576
06/12/2009,ARA,LA,ASW,CE,Federal Contract Tower,0,1,9,10,20,0,35,92,10,137,0,36,101,20,157,196,6,202,359
06/13/2009,ARA,LA,ASW,CE,Federal Contract Tower,0,4,7,14,25,0,63,61,17,141,0,67,68,31,166,220,0,220,386
06/14/2009,ARA,LA,ASW,CE,Federal Contract Tower,0,7,8,0,15,0,46,55,0,101,0,53,63,0,116,314,0,314,430
06/15/2009,ARA,LA,ASW,CE,Federal Contract Tower,1,5,13,14,33,1,45,100,19,165,2,50,113,33,198,394,26,420,618
06/16/2009,ARA,LA,ASW,CE,Federal Contract Tower,0,5,9,22,36,0,69,72,25,166,0,74,81,47,202,542,24,566,768
06/17/2009,ARA,LA,ASW,CE,Federal Contract Tower,0,0,17,5,22,0,24,106,12,142,0,24,123,17,164,280,10,290,454
06/18/2009,ARA,LA,ASW,CE,Federal Contract Tower,0,0,9,6,15,0,27,67,12,106,0,27,76,18,121,96,0,96,217
06/19/2009,ARA,LA,ASW,CE,Federal Contract Tower,0,1,12,12,25,0,37,72,15,124,0,38,84,27,149,218,0,218,367
06/20/2009,ARA,LA,ASW,CE,Federal Contract Tower,0,1,2,0,3,0,43,39,1,83,0,44,41,1,86,210,0,210,296
06/21/2009,ARA,LA,ASW,CE,Federal Contract Tower,0,0,4,4,8,0,44,45,6,95,0,44,49,10,103,136,0,136,239
06/22/2009,ARA,LA,ASW,CE,Federal Contract Tower,0,2,22,10,34,0,34,73,21,128,0,36,95,31,162,170,24,194,356
06/23/2009,ARA,LA,ASW,CE,Federal Contract Tower,0,3,22,2,27,0,15,67,4,86,0,18,89,6,113,102,0,102,215
06/24/2009,ARA,LA,ASW,CE,Federal Contract Tower,0,6,21,15,42,0,36,65,18,119,0,42,86,33,161,170,10,180,341
06/25/2009,ARA,LA,ASW,CE,Federal Contract Tower,0,6,21,15,42,0,39,68,39,146,0,45,89,54,188,178,60,238,426
06/26/2009,ARA,LA,ASW,CE,Federal Contract Tower,0,1,16,9,26,0,35,91,11,137,0,36,107,20,163,206,0,206,369
06/27/2009,ARA,LA,ASW,CE,Federal Contract Tower,0,2,0,4,6,0,26,15,4,45,0,28,15,8,51,16,0,16,67
06/28/2009,ARA,LA,ASW,CE,Federal Contract Tower,0,7,3,5,15,0,47,24,6,77,0,54,27,11,92,86,0,86,178
06/29/2009,ARA,LA,ASW,CE,Federal Contract Tower,0,0,10,5,15,0,24,50,9,83,0,24,60,14,98,106,30,136,234
06/30/2009,ARA,LA,ASW,CE,Federal Contract Tower,0,9,39,6,54,0,48,104,21,173,0,57,143,27,227,350,8,358,585
07/01/2009,ARA,LA,ASW,CE,Federal Contract Tower,0,1,33,9,43,0,29,105,12,146,0,30,138,21,189,178,0,178,367
07/02/2009,ARA,LA,ASW,CE,Federal Contract Tower,0,4,20,10,34,0,27,86,15,128,0,31,106,25,162,138,0,138,300
07/03/2009,ARA,LA,ASW,CE,Federal Contract Tower,0,6,0,1,7,0,17,46,4,67,0,23,46,5,74,116,2,118,192
07/04/2009,ARA,LA,ASW,CE,Federal Contract Tower,0,6,5,0,11,0,26,21,0,47,0,32,26,0,58,44,0,44,102
07/05/2009,ARA,LA,ASW,CE,Federal Contract Tower,0,4,7,2,13,0,27,22,4,53,0,31,29,6,66,58,0,58,124
07/06/2009,ARA,LA,ASW,CE,Federal Contract Tower,0,5,9,2,16,0,55,41,2,98,0,60,50,4,114,146,0,146,260
07/07/2009,ARA,LA,ASW,CE,Federal Contract Tower,0,0,11,0,11,0,22,46,0,68,0,22,57,0,79,98,0,98,177
07/08/2009,ARA,LA,ASW,CE,Federal Contract Tower,1,0,6,4,11,1,28,34,4,67,2,28,40,8,78,88,0,88,166
07/09/2009,ARA,LA,ASW,CE,Federal Contract Tower,0,3,13,8,24,0,31,58,7,96,0,34,71,15,120,178,0,178,298
07/10/2009,ARA,LA,ASW,CE,Federal Contract Tower,0,10,16,12,38,0,24,81,14,119,0,34,97,26,157,179,0,179,336
07/11/2009,ARA,LA,ASW,CE,Federal Contract Tower,0,4,1,0,5,0,39,34,0,73,0,43,35,0,78,176,0,176,254
07/12/2009,ARA,LA,ASW,CE,Federal Contract Tower,0,5,7,2,14,0,29,38,4,71,0,34,45,6,85,160,0,160,245
07/13/2009,ARA,LA,ASW,CE,Federal Contract Tower,0,2,14,16,32,0,46,83,24,153,0,48,97,40,185,208,0,208,393
07/14/2009,ARA,LA,ASW,CE,Federal Contract Tower,4,2,25,6,37,0,51,57,6,114,4,53,82,12,151,378,0,378,529
07/15/2009,ARA,LA,ASW,CE,Federal Contract Tower,0,1,12,5,18,0,22,39,6,67,0,23,51,11,85,154,0,154,239
07/16/2009,ARA,LA,ASW,CE,Federal Contract Tower,1,2,12,22,37,1,52,62,25,140,2,54,74,47,177,290,14,304,481
07/17/2009,ARA,LA,ASW,CE,Federal Contract Tower,0,0,3,0,3,0,8,57,0,65,0,8,60,0,68,60,0,60,128
07/18/2009,ARA,LA,ASW,CE,Federal Contract Tower,0,0,5,3,8,0,18,28,4,50,0,18,33,7,58,74,0,74,132
07/19/2009,ARA,LA,ASW,CE,Federal Contract Tower,0,18,20,2,40,0,43,77,2,122,0,61,97,4,162,244,0,244,406
07/20/2009,ARA,LA,ASW,CE,Federal Contract Tower,0,3,13,4,20,0,40,66,7,113,0,43,79,11,133,182,0,182,315
07/21/2009,ARA,LA,ASW,CE,Federal Contract Tower,0,2,11,3,16,0,53,45,10,108,0,55,56,13,124,278,2,280,404
07/22/2009,ARA,LA,ASW,CE,Federal Contract Tower,1,0,11,0,12,1,37,41,0,79,2,37,52,0,91,130,0,130,221
07/23/2009,ARA,LA,ASW,CE,Federal Contract Tower,0,6,4,7,17,0,37,58,16,111,0,43,62,23,128,148,4,152,280
07/24/2009,ARA,LA,ASW,CE,Federal Contract Tower,0,5,17,16,38,0,33,71,19,123,0,38,88,35,161,104,6,110,271
07/25/2009,ARA,LA,ASW,CE,Federal Contract Tower,0,5,4,2,11,0,38,29,2,69,0,43,33,4,80,184,0,184,264
07/26/2009,ARA,LA,ASW,CE,Federal Contract Tower,0,0,5,0,5,0,25,29,0,54,0,25,34,0,59,92,0,92,151
07/27/2009,ARA,LA,ASW,CE,Federal Contract Tower,0,0,15,3,18,0,23,48,7,78,0,23,63,10,96,174,10,184,280
07/28/2009,ARA,LA,ASW,CE,Federal Contract Tower,1,1,12,6,20,1,39,42,6,88,2,40,54,12,108,218,0,218,326
07/29/2009,ARA,LA,ASW,CE,Federal Contract Tower,0,4,27,14,45,0,50,93,16,159,0,54,120,30,204,206,12,218,422
07/30/2009,ARA,LA,ASW,CE,Federal Contract Tower,0,0,20,15,35,0,41,42,18,101,0,41,62,33,136,142,8,150,286
07/31/2009,ARA,LA,ASW,CE,Federal Contract Tower,0,0,16,11,27,0,23,42,11,76,0,23,58,22,103,80,0,80,183
08/01/2009,ARA,LA,ASW,CE,Federal Contract Tower,0,3,10,2,15,0,34,35,2,71,0,37,45,4,86,120,0,120,206
08/02/2009,ARA,LA,ASW,CE,Federal Contract Tower,0,4,10,30,44,0,34,31,30,95,0,38,41,60,139,44,0,44,183
08/03/2009,ARA,LA,ASW,CE,Federal Contract Tower,0,0,15,12,27,0,41,69,11,121,0,41,84,23,148,200,2,202,350
08/04/2009,ARA,LA,ASW,CE,Federal Contract Tower,0,0,18,12,30,0,34,67,13,114,0,34,85,25,144,98,0,98,242
08/05/2009,ARA,LA,ASW,CE,Federal Contract Tower,0,6,6,7,19,0,49,61,5,115,0,55,67,12,134,176,0,176,310
08/06/2009,ARA,LA,ASW,CE,Federal Contract Tower,1,4,10,4,19,1,35,35,7,78,2,39,45,11,97,96,0,96,193
08/07/2009,ARA,LA,ASW,CE,Federal Contract Tower,0,6,10,4,20,0,34,78,11,123,0,40,88,15,143,192,2,194,337
08/08/2009,ARA,LA,ASW,CE,Federal Contract Tower,0,0,3,1,4,0,20,34,1,55,0,20,37,2,59,108,0,108,167
08/09/2009,ARA,LA,ASW,CE,Federal Contract Tower,0,4,5,0,9,0,29,24,0,53,0,33,29,0,62,44,0,44,106
08/10/2009,ARA,LA,ASW,CE,Federal Contract Tower,0,0,2,6,8,0,30,26,6,62,0,30,28,12,70,164,0,164,234
08/11/2009,ARA,LA,ASW,CE,Federal Contract Tower,4,5,9,13,31,4,49,36,13,102,8,54,45,26,133,304,0,304,437
08/12/2009,ARA,LA,ASW,CE,Federal Contract Tower,0,0,15,8,23,0,24,69,10,103,0,24,84,18,126,204,24,228,354
08/13/2009,ARA,LA,ASW,CE,Federal Contract Tower,1,2,10,11,24,1,50,78,14,143,2,52,88,25,167,230,0,230,397
08/14/2009,ARA,LA,ASW,CE,Federal Contract Tower,2,0,3,9,14,2,24,51,13,90,4,24,54,22,104,230,0,230,334
08/15/2009,ARA,LA,ASW,CE,Federal Contract Tower,0,4,4,6,14,0,27,29,13,69,0,31,33,19,83,248,24,272,355
08/16/2009,ARA,LA,ASW,CE,Federal Contract Tower,0,4,3,9,16,0,42,26,9,77,0,46,29,18,93,168,0,168,261
08/17/2009,ARA,LA,ASW,CE,Federal Contract Tower,0,1,6,5,12,0,59,38,8,105,0,60,44,13,117,316,20,336,453
08/18/2009,ARA,LA,ASW,CE,Federal Contract Tower,0,3,19,8,30,0,38,62,10,110,0,41,81,18,140,208,0,208,348
08/19/2009,ARA,LA,ASW,CE,Federal Contract Tower,0,7,5,11,23,0,46,36,14,96,0,53,41,25,119,148,0,148,267
08/20/2009,ARA,LA,ASW,CE,Federal Contract Tower,1,1,9,6,17,1,28,37,6,72,2,29,46,12,89,42,0,42,131
08/21/2009,ARA,LA,ASW,CE,Federal Contract Tower,0,8,0,5,13,0,42,42,6,90,0,50,42,11,103,110,0,110,213
08/22/2009,ARA,LA,ASW,CE,Federal Contract Tower,0,3,9,3,15,0,32,48,3,83,0,35,57,6,98,86,0,86,184
08/23/2009,ARA,LA,ASW,CE,Federal Contract Tower,0,9,6,9,24,0,69,46,11,126,0,78,52,20,150,216,6,222,372
08/24/2009,ARA,LA,ASW,CE,Federal Contract Tower,3,0,14,2,19,3,28,61,2,94,6,28,75,4,113,188,0,188,301
08/25/2009,ARA,LA,ASW,CE,Federal Contract Tower,0,8,7,11,26,0,61,73,17,151,0,69,80,28,177,304,18,322,499
08/26/2009,ARA,LA,ASW,CE,Federal Contract Tower,0,3,9,22,34,0,40,73,24,137,0,43,82,46,171,198,0,198,369
08/27/2009,ARA,LA,ASW,CE,Federal Contract Tower,0,0,6,7,13,0,37,78,11,126,0,37,84,18,139,294,0,294,433
08/28/2009,ARA,LA,ASW,CE,Federal Contract Tower,0,0,4,10,14,0,37,31,12,80,0,37,35,22,94,136,10,146,240
08/29/2009,ARA,LA,ASW,CE,Federal Contract Tower,0,4,2,4,10,0,24,80,6,110,0,28,82,10,120,168,8,176,296
08/30/2009,ARA,LA,ASW,CE,Federal Contract Tower,0,20,1,2,23,0,60,44,2,106,0,80,45,4,129,174,0,174,303
08/31/2009,ARA,LA,ASW,CE,Federal Contract Tower,0,4,19,11,34,0,19,80,17,116,0,23,99,28,150,234,0,234,384
09/01/2009,ARA,LA,ASW,CE,Federal Contract Tower,0,4,17,11,32,0,39,89,14,142,0,43,106,25,174,324,0,324,498
09/02/2009,ARA,LA,ASW,CE,Federal Contract Tower,0,2,15,44,61,0,53,88,46,187,0,55,103,90,248,152,56,208,456
09/03/2009,ARA,LA,ASW,CE,Federal Contract Tower,0,0,18,10,28,0,60,49,10,119,0,60,67,20,147,154,0,154,301
09/04/2009,ARA,LA,ASW,CE,Federal Contract Tower,0,16,9,14,39,0,50,40,16,106,0,66,49,30,145,154,8,162,307
09/05/2009,ARA,LA,ASW,CE,Federal Contract Tower,0,0,1,0,1,0,24,27,3,54,0,24,28,3,55,116,0,116,171
09/06/2009,ARA,LA,ASW,CE,Federal Contract Tower,0,0,6,0,6,0,4,21,0,25,0,4,27,0,31,32,0,32,63
09/07/2009,ARA,LA,ASW,CE,Federal Contract Tower,0,0,0,4,4,0,8,24,4,36,0,8,24,8,40,50,0,50,90
09/08/2009,ARA,LA,ASW,CE,Federal Contract Tower,0,0,17,9,26,0,23,53,12,88,0,23,70,21,114,210,0,210,324
09/09/2009,ARA,LA,ASW,CE,Federal Contract Tower,0,0,5,10,15,0,36,42,12,90,0,36,47,22,105,86,0,86,191
09/10/2009,ARA,LA,ASW,CE,Federal Contract Tower,0,4,10,20,34,0,46,35,21,102,0,50,45,41,136,141,2,143,279
09/11/2009,ARA,LA,ASW,CE,Federal Contract Tower,0,0,0,0,0,0,4,6,0,10,0,4,6,0,10,8,0,8,18
09/12/2009,ARA,LA,ASW,CE,Federal Contract Tower,0,3,0,0,3,0,7,2,0,9,0,10,2,0,12,42,0,42,54
09/13/2009,ARA,LA,ASW,CE,Federal Contract Tower,0,4,0,0,4,0,6,10,2,18,0,10,10,2,22,40,0,40,62
09/14/2009,ARA,LA,ASW,CE,Federal Contract Tower,0,0,13,4,17,0,32,40,6,78,0,32,53,10,95,108,0,108,203
09/15/2009,ARA,LA,ASW,CE,Federal Contract Tower,0,0,10,25,35,0,32,49,32,113,0,32,59,57,148,80,6,86,234
09/16/2009,ARA,LA,ASW,CE,Federal Contract Tower,0,0,18,11,29,0,41,68,13,122,0,41,86,24,151,212,6,218,369
09/17/2009,ARA,LA,ASW,CE,Federal Contract Tower,0,8,22,22,52,0,66,128,28,222,0,74,150,50,274,374,18,392,666
09/18/2009,ARA,LA,ASW,CE,Federal Contract Tower,1,6,5,17,29,1,57,57,22,137,2,63,62,39,166,156,0,156,322
09/19/2009,ARA,LA,ASW,CE,Federal Contract Tower,1,1,1,9,12,1,15,39,10,65,2,16,40,19,77,42,0,42,119
09/20/2009,ARA,LA,ASW,CE,Federal Contract Tower,0,0,5,2,7,0,32,51,1,84,0,32,56,3,91,178,0,178,269
09/21/2009,ARA,LA,ASW,CE,Federal Contract Tower,0,0,19,0,19,0,24,105,2,131,0,24,124,2,150,210,0,210,360
09/22/2009,ARA,LA,ASW,CE,Federal Contract Tower,0,0,5,2,7,0,30,26,6,62,0,30,31,8,69,162,0,162,231
09/23/2009,ARA,LA,ASW,CE,Federal Contract Tower,0,1,2,0,3,0,20,36,5,61,0,21,38,5,64,212,0,212,276
09/24/2009,ARA,LA,ASW,CE,Federal Contract Tower,0,3,25,14,42,0,58,86,13,157,0,61,111,27,199,334,0,334,533
09/25/2009,ARA,LA,ASW,CE,Federal Contract Tower,0,0,0,0,0,0,31,103,10,144,0,31,103,10,144,381,0,381,525
09/26/2009,ARA,LA,ASW,CE,Federal Contract Tower,0,8,5,0,13,0,30,49,0,79,0,38,54,0,92,210,0,210,302
09/27/2009,ARA,LA,ASW,CE,Federal Contract Tower,0,4,7,4,15,0,8,0,0,8,0,12,7,4,23,158,0,158,181
09/28/2009,ARA,LA,ASW,CE,Federal Contract Tower,0,10,19,13,42,0,63,97,16,176,0,73,116,29,218,420,0,420,638
09/29/2009,ARA,LA,ASW,CE,Federal Contract Tower,0,1,19,3,23,0,42,105,11,158,0,43,124,14,181,504,0,504,685
09/30/2009,ARA,LA,ASW,CE,Federal Contract Tower,1,1,11,25,38,1,28,120,33,182,2,29,131,58,220,408,18,426,646
10/01/2009,ARA,LA,ASW,CE,Federal Contract Tower,1,3,18,41,63,1,41,109,47,198,2,44,127,88,261,436,2,438,699
10/02/2009,ARA,LA,ASW,CE,Federal Contract Tower,0,9,14,14,37,0,70,61,13,144,0,79,75,27,181,360,12,372,553
10/03/2009,ARA,LA,ASW,CE,Federal Contract Tower,0,0,3,1,4,0,29,35,8,72,0,29,38,9,76,180,8,188,264
10/04/2009,ARA,LA,ASW,CE,Federal Contract Tower,0,0,4,0,4,0,12,4,0,16,0,12,8,0,20,38,0,38,58
10/05/2009,ARA,LA,ASW,CE,Federal Contract Tower,0,6,7,0,13,0,16,53,0,69,0,22,60,0,82,260,0,260,342
10/06/2009,ARA,LA,ASW,CE,Federal Contract Tower,1,0,9,5,15,1,55,60,7,123,2,55,69,12,138,468,4,472,610
10/07/2009,ARA,LA,ASW,CE,Federal Contract Tower,0,12,19,4,35,0,41,78,3,122,0,53,97,7,157,446,4,450,607
10/08/2009,ARA,LA,ASW,CE,Federal Contract Tower,0,12,12,9,33,0,49,95,12,156,0,61,107,21,189,354,8,362,551
10/09/2009,ARA,LA,ASW,CE,Federal Contract Tower,0,12,4,2,18,0,31,22,4,57,0,43,26,6,75,88,0,88,163
10/10/2009,ARA,LA,ASW,CE,Federal Contract Tower,0,0,1,0,1,0,3,5,0,8,0,3,6,0,9,56,0,56,65
10/11/2009,ARA,LA,ASW,CE,Federal Contract Tower,0,14,3,0,17,0,0,0,0,0,0,14,3,0,17,12,0,12,29
10/12/2009,ARA,LA,ASW,CE,Federal Contract Tower,0,0,3,2,5,0,10,32,5,47,0,10,35,7,52,132,0,132,184
10/13/2009,ARA,LA,ASW,CE,Federal Contract Tower,1,3,5,7,16,1,40,58,10,109,2,43,63,17,125,308,12,320,445
10/14/2009,ARA,LA,ASW,CE,Federal Contract Tower,0,0,3,8,11,0,47,68,10,125,0,47,71,18,136,364,2,366,502
10/15/2009,ARA,LA,ASW,CE,Federal Contract Tower,0,2,19,21,42,0,40,64,32,136,0,42,83,53,178,246,14,260,438
10/16/2009,ARA,LA,ASW,CE,Federal Contract Tower,0,10,10,6,26,0,44,22,8,74,0,54,32,14,100,82,2,84,184
10/17/2009,ARA,LA,ASW,CE,Federal Contract Tower,0,0,2,0,2,0,32,19,4,55,0,32,21,4,57,56,10,66,123
10/18/2009,ARA,LA,ASW,CE,Federal Contract Tower,0,0,3,12,15,0,24,19,17,60,0,24,22,29,75,72,10,82,157
10/19/2009,ARA,LA,ASW,CE,Federal Contract Tower,1,0,6,13,20,1,31,81,12,125,2,31,87,25,145,360,22,382,527
10/20/2009,ARA,LA,ASW,CE,Federal Contract Tower,1,0,22,4,27,1,30,90,4,125,2,30,112,8,152,338,0,338,490
10/21/2009,ARA,LA,ASW,CE,Federal Contract Tower,0,4,8,13,25,0,40,38,21,99,0,44,46,34,124,240,4,244,368
10/22/2009,ARA,LA,ASW,CE,Federal Contract Tower,0,0,6,0,6,0,12,16,0,28,0,12,22,0,34,110,0,110,144
10/23/2009,ARA,LA,ASW,CE,Federal Contract Tower,1,24,13,14,52,1,71,65,17,154,2,95,78,31,206,342,10,352,558
10/24/2009,ARA,LA,ASW,CE,Federal Contract Tower,1,13,3,0,17,1,61,83,0,145,2,74,86,0,162,362,0,362,524
10/25/2009,ARA,LA,ASW,CE,Federal Contract Tower,0,3,5,21,29,0,23,21,29,73,0,26,26,50,102,48,0,48,150
10/26/2009,ARA,LA,ASW,CE,Federal Contract Tower,0,8,14,5,27,0,55,78,8,141,0,63,92,13,168,462,0,462,630
10/27/2009,ARA,LA,ASW,CE,Federal Contract Tower,1,9,6,11,27,1,25,46,10,82,2,34,52,21,109,192,8,200,309
10/28/2009,ARA,LA,ASW,CE,Federal Contract Tower,0,1,16,18,35,0,39,96,21,156,0,40,112,39,191,344,14,358,549
10/29/2009,ARA,LA,ASW,CE,Federal Contract Tower,0,0,0,3,3,0,17,7,4,28,0,17,7,7,31,30,6,36,67
10/30/2009,ARA,LA,ASW,CE,Federal Contract Tower,0,0,0,0,0,0,10,3,0,13,0,10,3,0,13,12,0,12,25
10/31/2009,ARA,LA,ASW,CE,Federal Contract Tower,0,0,1,2,3,0,45,53,2,100,0,45,54,4,103,376,0,376,479
11/01/2009,ARA,LA,ASW,CE,Federal Contract Tower,0,1,1,12,14,0,45,41,19,105,0,46,42,31,119,80,4,84,203
11/02/2009,ARA,LA,ASW,CE,Federal Contract Tower,0,7,10,11,28,0,67,83,18,168,0,74,93,29,196,362,8,370,566
11/03/2009,ARA,LA,ASW,CE,Federal Contract Tower,0,0,13,8,21,0,37,58,11,106,0,37,71,19,127,236,2,238,365
11/04/2009,ARA,LA,ASW,CE,Federal Contract Tower,0,1,21,8,30,0,56,88,6,150,0,57,109,14,180,324,12,336,516
11/05/2009,ARA,LA,ASW,CE,Federal Contract Tower,0,6,15,12,33,0,35,101,12,148,0,41,116,24,181,182,4,186,367
11/06/2009,ARA,LA,ASW,CE,Federal Contract Tower,0,6,15,12,33,0,29,89,32,150,0,35,104,44,183,192,14,206,389
11/07/2009,ARA,LA,ASW,CE,Federal Contract Tower,1,0,6,2,9,1,11,58,2,72,2,11,64,4,81,234,0,234,315
11/08/2009,ARA,LA,ASW,CE,Federal Contract Tower,0,1,6,3,10,0,26,39,3,68,0,27,45,6,78,168,0,168,246
11/09/2009,ARA,LA,ASW,CE,Federal Contract Tower,0,2,0,1,3,0,13,3,2,18,0,15,3,3,21,24,0,24,45
11/10/2009,ARA,LA,ASW,CE,Federal Contract Tower,0,0,10,9,19,0,34,27,11,72,0,34,37,20,91,62,34,96,187
11/11/2009,ARA,LA,ASW,CE,Federal Contract Tower,0,1,16,19,36,0,50,78,21,149,0,51,94,40,185,220,0,220,405
11/12/2009,ARA,LA,ASW,CE,Federal Contract Tower,0,1,25,39,65,0,44,103,43,190,0,45,128,82,255,286,34,320,575
11/13/2009,ARA,LA,ASW,CE,Federal Contract Tower,0,3,26,6,35,0,52,122,8,182,0,55,148,14,217,310,4,314,531
11/14/2009,ARA,LA,ASW,CE,Federal Contract Tower,0,0,2,2,4,0,21,215,2,238,0,21,217,4,242,212,0,212,454
11/15/2009,ARA,LA,ASW,CE,Federal Contract Tower,0,1,2,12,15,0,29,40,12,81,0,30,42,24,96,158,0,158,254
11/16/2009,ARA,LA,ASW,CE,Federal Contract Tower,0,0,2,2,4,0,5,20,2,27,0,5,22,4,31,146,0,146,177
11/17/2009,ARA,LA,ASW,CE,Federal Contract Tower,0,3,9,24,36,0,47,84,29,160,0,50,93,53,196,418,4,422,618
11/18/2009,ARA,LA,ASW,CE,Federal Contract Tower,0,3,16,12,31,0,29,93,19,141,0,32,109,31,172,288,22,310,482
11/19/2009,ARA,LA,ASW,CE,Federal Contract Tower,0,2,30,18,50,0,54,113,17,184,0,56,143,35,234,475,14,489,723
11/20/2009,ARA,LA,ASW,CE,Federal Contract Tower,0,0,12,5,17,0,24,73,6,103,0,24,85,11,120,304,10,314,434
11/21/2009,ARA,LA,ASW,CE,Federal Contract Tower,0,0,4,0,4,0,7,6,0,13,0,7,10,0,17,48,0,48,65
11/22/2009,ARA,LA,ASW,CE,Federal Contract Tower,1,8,10,6,25,1,27,20,6,54,2,35,30,12,79,153,0,153,232
11/23/2009,ARA,LA,ASW,CE,Federal Contract Tower,0,10,14,2,26,0,55,97,2,154,0,65,111,4,180,382,0,382,562
11/24/2009,ARA,LA,ASW,CE,Federal Contract Tower,1,9,9,11,30,1,38,49,25,113,2,47,58,36,143,304,14,318,461
11/25/2009,ARA,LA,ASW,CE,Federal Contract Tower,0,0,13,2,15,0,28,66,8,102,0,28,79,10,117,214,0,214,331
11/26/2009,ARA,LA,ASW,CE,Federal Contract Tower,0,0,0,0,0,0,2,4,0,6,0,2,4,0,6,0,0,0,6
11/27/2009,ARA,LA,ASW,CE,Federal Contract Tower,0,2,14,0,16,0,9,50,0,59,0,11,64,0,75,76,0,76,151
11/28/2009,ARA,LA,ASW,CE,Federal Contract Tower,0,0,7,0,7,0,32,75,0,107,0,32,82,0,114,194,0,194,308
11/29/2009,ARA,LA,ASW,CE,Federal Contract Tower,0,7,3,0,10,0,23,40,0,63,0,30,43,0,73,86,0,86,159
11/30/2009,ARA,LA,ASW,CE,Federal Contract Tower,0,1,2,1,4,0,8,3,1,12,0,9,5,2,16,20,0,20,36
12/01/2009,ARA,LA,ASW,CE,Federal Contract Tower,1,1,5,1,8,1,9,5,1,16,2,10,10,2,24,0,0,0,24
12/02/2009,ARA,LA,ASW,CE,Federal Contract Tower,1,0,8,26,35,1,47,20,30,98,2,47,28,56,133,146,0,146,279
12/03/2009,ARA,LA,ASW,CE,Federal Contract Tower,0,0,21,22,43,0,48,100,22,170,0,48,121,44,213,266,12,278,491
12/04/2009,ARA,LA,ASW,CE,Federal Contract Tower,0,0,5,3,8,0,24,27,3,54,0,24,32,6,62,146,6,152,214
12/05/2009,ARA,LA,ASW,CE,Federal Contract Tower,2,6,8,4,20,2,15,69,6,92,4,21,77,10,112,240,0,240,352
12/06/2009,ARA,LA,ASW,CE,Federal Contract Tower,0,9,10,6,25,0,51,72,6,129,0,60,82,12,154,334,0,334,488
12/07/2009,ARA,LA,ASW,CE,Federal Contract Tower,0,4,8,8,20,0,11,17,10,38,0,15,25,18,58,150,0,150,208
12/08/2009,ARA,LA,ASW,CE,Federal Contract Tower,0,0,0,0,0,0,0,0,0,0,0,0,0,0,0,0,0,0,0
12/09/2009,ARA,LA,ASW,CE,Federal Contract Tower,0,6,22,28,56,0,71,112,50,233,0,77,134,78,289,306,0,306,595
12/10/2009,ARA,LA,ASW,CE,Federal Contract Tower,0,7,14,7,28,0,63,111,18,192,0,70,125,25,220,364,8,372,592
12/11/2009,ARA,LA,ASW,CE,Federal Contract Tower,0,1,13,12,26,0,25,28,13,66,0,26,41,25,92,102,0,102,194
12/12/2009,ARA,LA,ASW,CE,Federal Contract Tower,0,1,4,0,5,0,3,0,0,3,0,4,4,0,8,14,0,14,22
12/13/2009,ARA,LA,ASW,CE,Federal Contract Tower,0,0,3,0,3,0,4,4,0,8,0,4,7,0,11,24,0,24,35
12/14/2009,ARA,LA,ASW,CE,Federal Contract Tower,0,0,1,0,1,0,0,1,0,1,0,0,2,0,2,0,0,0,2
12/15/2009,ARA,LA,ASW,CE,Federal Contract Tower,0,2,3,0,5,0,2,3,0,5,0,4,6,0,10,0,0,0,10
12/16/2009,ARA,LA,ASW,CE,Federal Contract Tower,1,0,19,27,47,1,50,88,33,172,2,50,107,60,219,290,14,304,523
12/17/2009,ARA,LA,ASW,CE,Federal Contract Tower,0,5,23,0,28,0,27,61,0,88,0,32,84,0,116,206,0,206,322
12/18/2009,ARA,LA,ASW,CE,Federal Contract Tower,0,5,40,19,64,0,43,99,24,166,0,48,139,43,230,272,8,280,510
12/19/2009,ARA,LA,ASW,CE,Federal Contract Tower,1,5,7,5,18,1,52,86,3,142,2,57,93,8,160,186,0,186,346
12/20/2009,ARA,LA,ASW,CE,Federal Contract Tower,0,5,13,4,22,0,28,92,4,124,0,33,105,8,146,218,0,218,364
12/21/2009,ARA,LA,ASW,CE,Federal Contract Tower,0,9,12,21,42,0,55,88,27,170,0,64,100,48,212,312,58,370,582
12/22/2009,ARA,LA,ASW,CE,Federal Contract Tower,0,4,20,18,42,0,32,87,26,145,0,36,107,44,187,186,0,186,373
12/23/2009,ARA,LA,ASW,CE,Federal Contract Tower,0,0,3,3,6,0,20,12,4,36,0,20,15,7,42,30,0,30,72
12/24/2009,ARA,LA,ASW,CE,Federal Contract Tower,0,0,0,0,0,0,0,0,0,0,0,0,0,0,0,0,0,0,0
12/25/2009,ARA,LA,ASW,CE,Federal Contract Tower,0,0,1,0,1,0,0,3,0,3,0,0,4,0,4,0,0,0,4
12/26/2009,ARA,LA,ASW,CE,Federal Contract Tower,0,0,0,0,0,0,8,27,0,35,0,8,27,0,35,38,0,38,73
12/27/2009,ARA,LA,ASW,CE,Federal Contract Tower,0,3,3,0,6,0,6,43,0,49,0,9,46,0,55,88,0,88,143
12/28/2009,ARA,LA,ASW,CE,Federal Contract Tower,0,0,0,0,0,1,22,55,8,86,1,22,55,8,86,308,12,320,406
12/29/2009,ARA,LA,ASW,CE,Federal Contract Tower,0,6,13,2,21,0,48,65,2,115,0,54,78,4,136,244,0,244,380
12/30/2009,ARA,LA,ASW,CE,Federal Contract Tower,0,1,1,0,2,0,3,1,0,4,0,4,2,0,6,0,0,0,6
12/31/2009,ARA,LA,ASW,CE,Federal Contract Tower,0,4,8,0,12,0,24,47,0,71,0,28,55,0,83,114,0,114,197
01/01/2010,ARA,LA,ASW,CE,Federal Contract Tower,0,10,0,0,10,0,23,27,0,50,0,33,27,0,60,56,0,56,116
01/02/2010,ARA,LA,ASW,CE,Federal Contract Tower,0,0,0,0,0,0,33,87,0,120,0,33,87,0,120,230,0,230,350
01/03/2010,ARA,LA,ASW,CE,Federal Contract Tower,0,8,3,0,11,0,28,59,0,87,0,36,62,0,98,196,0,196,294
01/04/2010,ARA,LA,ASW,CE,Federal Contract Tower,0,0,12,4,16,0,28,43,7,78,0,28,55,11,94,184,0,184,278
01/05/2010,ARA,LA,ASW,CE,Federal Contract Tower,0,0,0,2,2,0,25,56,6,87,0,25,56,8,89,212,0,212,301
01/06/2010,ARA,LA,ASW,CE,Federal Contract Tower,2,1,10,14,27,2,56,52,15,125,4,57,62,29,152,218,14,232,384
01/07/2010,ARA,LA,ASW,CE,Federal Contract Tower,0,0,0,0,0,0,15,8,0,23,0,15,8,0,23,84,0,84,107
01/08/2010,ARA,LA,ASW,CE,Federal Contract Tower,0,0,2,5,7,0,22,19,9,50,0,22,21,14,57,110,8,118,175
01/09/2010,ARA,LA,ASW,CE,Federal Contract Tower,0,0,5,5,10,0,20,52,5,77,0,20,57,10,87,238,0,238,325
01/10/2010,ARA,LA,ASW,CE,Federal Contract Tower,0,10,5,6,21,0,41,38,7,86,0,51,43,13,107,276,0,276,383
01/11/2010,ARA,LA,ASW,CE,Federal Contract Tower,0,1,17,1,19,0,48,72,4,124,0,49,89,5,143,232,0,232,375
01/12/2010,ARA,LA,ASW,CE,Federal Contract Tower,0,1,12,14,27,0,28,78,14,120,0,29,90,28,147,300,16,316,463
01/13/2010,ARA,LA,ASW,CE,Federal Contract Tower,0,1,23,29,53,0,33,101,31,165,0,34,124,60,218,298,60,358,576
01/14/2010,ARA,LA,ASW,CE,Federal Contract Tower,0,2,19,0,21,0,37,100,0,137,0,39,119,0,158,316,0,316,474
01/15/2010,ARA,LA,ASW,CE,Federal Contract Tower,0,0,12,9,21,0,29,25,14,68,0,29,37,23,89,158,0,158,247
01/16/2010,ARA,LA,ASW,CE,Federal Contract Tower,0,0,0,0,0,0,0,4,0,4,0,0,4,0,4,0,0,0,4
01/17/2010,ARA,LA,ASW,CE,Federal Contract Tower,0,8,6,0,14,0,64,63,0,127,0,72,69,0,141,278,0,278,419
01/18/2010,ARA,LA,ASW,CE,Federal Contract Tower,4,3,16,0,23,4,49,64,0,117,8,52,80,0,140,232,0,232,372
01/19/2010,ARA,LA,ASW,CE,Federal Contract Tower,0,1,11,5,17,0,36,78,8,122,0,37,89,13,139,316,0,316,455
01/20/2010,ARA,LA,ASW,CE,Federal Contract Tower,0,0,4,0,4,0,0,11,0,11,0,0,15,0,15,18,0,18,33
01/21/2010,ARA,LA,ASW,CE,Federal Contract Tower,0,1,32,20,53,0,39,128,18,185,0,40,160,38,238,360,2,362,600
01/22/2010,ARA,LA,ASW,CE,Federal Contract Tower,0,1,38,36,75,0,45,104,46,195,0,46,142,82,270,334,18,352,622
01/23/2010,ARA,LA,ASW,CE,Federal Contract Tower,0,1,3,1,5,0,20,7,1,28,0,21,10,2,33,104,0,104,137
01/24/2010,ARA,LA,ASW,CE,Federal Contract Tower,0,0,5,5,10,0,22,46,10,78,0,22,51,15,88,100,2,102,190
01/25/2010,ARA,LA,ASW,CE,Federal Contract Tower,0,2,21,7,30,0,10,81,10,101,0,12,102,17,131,328,0,328,459
01/26/2010,ARA,LA,ASW,CE,Federal Contract Tower,0,0,21,2,23,0,35,94,4,133,0,35,115,6,156,410,10,420,576
01/27/2010,ARA,LA,ASW,CE,Federal Contract Tower,2,1,38,21,62,2,23,114,28,167,4,24,152,49,229,244,0,244,473
01/28/2010,ARA,LA,ASW,CE,Federal Contract Tower,0,0,21,10,31,0,33,65,12,110,0,33,86,22,141,208,0,208,349
01/29/2010,ARA,LA,ASW,CE,Federal Contract Tower,1,4,0,0,5,1,16,0,0,17,2,20,0,0,22,0,0,0,22
01/30/2010,ARA,LA,ASW,CE,Federal Contract Tower,0,17,4,10,31,0,37,19,10,66,0,54,23,20,97,202,2,204,301
01/31/2010,ARA,LA,ASW,CE,Federal Contract Tower,1,10,27,0,38,1,42,80,2,125,2,52,107,2,163,220,0,220,383
02/01/2010,ARA,LA,ASW,CE,Federal Contract Tower,0,4,16,0,20,0,10,22,0,32,0,14,38,0,52,58,0,58,110
02/02/2010,ARA,LA,ASW,CE,Federal Contract Tower,0,0,15,18,33,0,31,103,22,156,0,31,118,40,189,280,6,286,475
02/03/2010,ARA,LA,ASW,CE,Federal Contract Tower,0,2,27,1,30,0,33,89,2,124,0,35,116,3,154,182,0,182,336
02/04/2010,ARA,LA,ASW,CE,Federal Contract Tower,0,4,8,0,12,0,9,6,0,15,0,13,14,0,27,0,0,0,27
02/05/2010,ARA,LA,ASW,CE,Federal Contract Tower,0,5,4,26,35,0,32,20,27,79,0,37,24,53,114,174,20,194,308
02/06/2010,ARA,LA,ASW,CE,Federal Contract Tower,0,5,24,11,40,0,83,79,14,176,0,88,103,25,216,316,2,318,534
02/07/2010,ARA,LA,ASW,CE,Federal Contract Tower,0,2,28,3,33,0,18,84,4,106,0,20,112,7,139,202,2,204,343
02/08/2010,ARA,LA,ASW,CE,Federal Contract Tower,0,0,17,4,21,0,10,68,22,100,0,10,85,26,121,266,0,266,387
02/09/2010,ARA,LA,ASW,CE,Federal Contract Tower,1,0,10,1,12,1,51,32,2,86,2,51,42,3,98,256,0,256,354
02/10/2010,ARA,LA,ASW,CE,Federal Contract Tower,0,0,26,17,43,0,29,103,28,160,0,29,129,45,203,316,0,316,519
02/11/2010,ARA,LA,ASW,CE,Federal Contract Tower,0,2,2,4,8,0,16,21,4,41,0,18,23,8,49,54,6,60,109
02/12/2010,ARA,LA,ASW,CE,Federal Contract Tower,1,3,5,8,17,1,29,17,9,56,2,32,22,17,73,144,52,196,269
02/13/2010,ARA,LA,ASW,CE,Federal Contract Tower,0,16,11,0,27,0,57,65,0,122,0,73,76,0,149,274,0,274,423
02/14/2010,ARA,LA,ASW,CE,Federal Contract Tower,0,19,9,0,28,0,34,61,0,95,0,53,70,0,123,158,0,158,281
02/15/2010,ARA,LA,ASW,CE,Federal Contract Tower,0,3,17,0,20,0,24,65,0,89,0,27,82,0,109,416,0,416,525
02/16/2010,ARA,LA,ASW,CE,Federal Contract Tower,0,0,16,12,28,0,13,64,14,91,0,13,80,26,119,272,0,272,391
02/17/2010,ARA,LA,ASW,CE,Federal Contract Tower,1,1,18,23,43,1,46,71,25,143,2,47,89,48,186,242,14,256,442
02/18/2010,ARA,LA,ASW,CE,Federal Contract Tower,0,1,19,19,39,0,34,104,21,159,0,35,123,40,198,342,0,342,540
02/19/2010,ARA,LA,ASW,CE,Federal Contract Tower,0,1,17,30,48,0,35,76,33,144,0,36,93,63,192,216,4,220,412
02/20/2010,ARA,LA,ASW,CE,Federal Contract Tower,0,2,4,0,6,0,37,52,0,89,0,39,56,0,95,140,0,140,235
02/21/2010,ARA,LA,ASW,CE,Federal Contract Tower,0,7,12,4,23,0,17,22,16,55,0,24,34,20,78,86,0,86,164
02/22/2010,ARA,LA,ASW,CE,Federal Contract Tower,0,0,7,5,12,0,30,56,8,94,0,30,63,13,106,366,0,366,472
02/23/2010,ARA,LA,ASW,CE,Federal Contract Tower,1,0,13,4,18,1,31,39,5,76,2,31,52,9,94,230,0,230,324
02/24/2010,ARA,LA,ASW,CE,Federal Contract Tower,0,0,26,10,36,0,43,96,12,151,0,43,122,22,187,188,6,194,381
02/25/2010,ARA,LA,ASW,CE,Federal Contract Tower,0,0,33,12,45,0,39,122,15,176,0,39,155,27,221,276,0,276,497
02/26/2010,ARA,LA,ASW,CE,Federal Contract Tower,0,1,8,4,13,0,12,24,4,40,0,13,32,8,53,40,0,40,93
02/27/2010,ARA,LA,ASW,CE,Federal Contract Tower,0,2,10,2,14,0,31,59,2,92,0,33,69,4,106,242,0,242,348
02/28/2010,ARA,LA,ASW,CE,Federal Contract Tower,0,17,17,0,34,0,48,107,1,156,0,65,124,1,190,298,0,298,488
03/01/2010,ARA,LA,ASW,CE,Federal Contract Tower,0,0,4,1,5,0,9,9,2,20,0,9,13,3,25,38,0,38,63
03/02/2010,ARA,LA,ASW,CE,Federal Contract Tower,0,0,27,32,59,0,39,78,36,153,0,39,105,68,212,316,12,328,540
03/03/2010,ARA,LA,ASW,CE,Federal Contract Tower,0,0,33,24,57,0,44,120,25,189,0,44,153,49,246,334,24,358,604
03/04/2010,ARA,LA,ASW,CE,Federal Contract Tower,0,3,21,13,37,0,30,114,15,159,0,33,135,28,196,207,4,211,407
03/05/2010,ARA,LA,ASW,CE,Federal Contract Tower,0,9,43,19,71,0,50,132,27,209,0,59,175,46,280,262,2,264,544
03/06/2010,ARA,LA,ASW,CE,Federal Contract Tower,0,0,25,2,27,0,46,125,2,173,0,46,150,4,200,358,0,358,558
03/07/2010,ARA,LA,ASW,CE,Federal Contract Tower,0,0,17,5,22,0,27,72,10,109,0,27,89,15,131,166,0,166,297
03/08/2010,ARA,LA,ASW,CE,Federal Contract Tower,0,2,12,0,14,0,28,31,0,59,0,30,43,0,73,98,0,98,171
03/09/2010,ARA,LA,ASW,CE,Federal Contract Tower,0,3,4,0,7,0,21,17,0,38,0,24,21,0,45,130,0,130,175
03/10/2010,ARA,LA,ASW,CE,Federal Contract Tower,0,0,3,3,6,0,14,20,4,38,0,14,23,7,44,58,0,58,102
03/11/2010,ARA,LA,ASW,CE,Federal Contract Tower,0,1,15,13,29,0,19,97,20,136,0,20,112,33,165,380,44,424,589
03/12/2010,ARA,LA,ASW,CE,Federal Contract Tower,0,0,29,13,42,0,45,86,21,152,0,45,115,34,194,132,6,138,332
03/13/2010,ARA,LA,ASW,CE,Federal Contract Tower,0,1,19,0,20,0,18,101,2,121,0,19,120,2,141,104,0,104,245
03/14/2010,ARA,LA,ASW,CE,Federal Contract Tower,0,5,12,15,32,0,23,74,18,115,0,28,86,33,147,132,8,140,287
03/15/2010,ARA,LA,ASW,CE,Federal Contract Tower,1,0,20,16,37,1,31,76,18,126,2,31,96,34,163,194,2,196,359
03/16/2010,ARA,LA,ASW,CE,Federal Contract Tower,0,1,4,5,10,0,32,51,7,90,0,33,55,12,100,160,0,160,260
03/17/2010,ARA,LA,ASW,CE,Federal Contract Tower,0,4,11,12,27,0,32,66,15,113,0,36,77,27,140,294,2,296,436
03/18/2010,ARA,LA,ASW,CE,Federal Contract Tower,1,1,22,8,32,1,22,108,14,145,2,23,130,22,177,138,0,138,315
03/19/2010,ARA,LA,ASW,CE,Federal Contract Tower,0,0,11,2,13,0,41,71,6,118,0,41,82,8,131,160,0,160,291
03/20/2010,ARA,LA,ASW,CE,Federal Contract Tower,0,0,12,0,12,0,15,45,0,60,0,15,57,0,72,116,0,116,188
03/21/2010,ARA,LA,ASW,CE,Federal Contract Tower,0,0,1,4,5,0,9,4,9,22,0,9,5,13,27,0,0,0,27
03/22/2010,ARA,LA,ASW,CE,Federal Contract Tower,0,0,18,14,32,0,28,77,18,123,0,28,95,32,155,224,6,230,385
03/23/2010,ARA,LA,ASW,CE,Federal Contract Tower,0,0,24,20,44,0,28,86,27,141,0,28,110,47,185,266,28,294,479
03/24/2010,ARA,LA,ASW,CE,Federal Contract Tower,0,3,26,0,29,0,46,81,3,130,0,49,107,3,159,292,0,292,451
03/25/2010,ARA,LA,ASW,CE,Federal Contract Tower,0,2,9,8,19,0,45,51,9,105,0,47,60,17,124,234,0,234,358
03/26/2010,ARA,LA,ASW,CE,Federal Contract Tower,1,1,26,8,36,3,23,106,12,144,4,24,132,20,180,326,4,330,510
03/27/2010,ARA,LA,ASW,CE,Federal Contract Tower,0,0,3,17,20,0,38,48,21,107,0,38,51,38,127,334,4,338,465
03/28/2010,ARA,LA,ASW,CE,Federal Contract Tower,0,9,5,0,14,0,26,40,0,66,0,35,45,0,80,196,0,196,276
03/29/2010,ARA,LA,ASW,CE,Federal Contract Tower,0,1,18,9,28,0,21,84,9,114,0,22,102,18,142,290,0,290,432
03/30/2010,ARA,LA,ASW,CE,Federal Contract Tower,1,1,15,7,24,6,29,69,10,114,7,30,84,17,138,248,28,276,414
03/31/2010,ARA,LA,ASW,CE,Federal Contract Tower,0,1,16,14,31,0,35,114,15,164,0,36,130,29,195,454,6,460,655
04/01/2010,ARA,LA,ASW,CE,Federal Contract Tower,0,0,15,12,27,0,35,101,18,154,0,35,116,30,181,374,0,374,555
04/02/2010,ARA,LA,ASW,CE,Federal Contract Tower,0,18,1,12,31,0,61,23,31,115,0,79,24,43,146,150,0,150,296
04/03/2010,ARA,LA,ASW,CE,Federal Contract Tower,0,0,6,4,10,0,37,68,4,109,0,37,74,8,119,290,0,290,409
04/04/2010,ARA,LA,ASW,CE,Federal Contract Tower,0,0,1,0,1,0,26,5,0,31,0,26,6,0,32,102,0,102,134
04/05/2010,ARA,LA,ASW,CE,Federal Contract Tower,0,0,13,17,30,0,62,77,23,162,0,62,90,40,192,432,14,446,638
04/06/2010,ARA,LA,ASW,CE,Federal Contract Tower,0,0,11,8,19,0,33,53,15,101,0,33,64,23,120,162,0,162,282
04/07/2010,ARA,LA,ASW,CE,Federal Contract Tower,3,0,11,2,16,3,42,56,3,104,6,42,67,5,120,254,0,254,374
04/08/2010,ARA,LA,ASW,CE,Federal Contract Tower,0,0,26,15,41,0,48,141,16,205,0,48,167,31,246,402,8,410,656
04/09/2010,ARA,LA,ASW,CE,Federal Contract Tower,0,3,45,17,65,0,38,117,19,174,0,41,162,36,239,496,0,496,735
04/10/2010,ARA,LA,ASW,CE,Federal Contract Tower,0,6,19,0,25,0,11,110,0,121,0,17,129,0,146,214,0,214,360
04/11/2010,ARA,LA,ASW,CE,Federal Contract Tower,0,6,10,6,22,0,30,70,6,106,0,36,80,12,128,242,2,244,372
04/12/2010,ARA,LA,ASW,CE,Federal Contract Tower,0,3,13,15,31,0,24,81,24,129,0,27,94,39,160,338,26,364,524
04/13/2010,ARA,LA,ASW,CE,Federal Contract Tower,0,5,15,11,31,0,46,80,17,143,0,51,95,28,174,330,10,340,514
04/14/2010,ARA,LA,ASW,CE,Federal Contract Tower,1,7,9,5,22,1,42,73,6,122,2,49,82,11,144,294,0,294,438
04/15/2010,ARA,LA,ASW,CE,Federal Contract Tower,2,1,13,15,31,1,40,88,22,151,3,41,101,37,182,404,34,438,620
04/16/2010,ARA,LA,ASW,CE,Federal Contract Tower,1,0,16,18,35,1,41,102,30,174,2,41,118,48,209,508,6,514,723
04/17/2010,ARA,LA,ASW,CE,Federal Contract Tower,5,2,11,27,45,5,33,65,51,154,10,35,76,78,199,356,96,452,651
04/18/2010,ARA,LA,ASW,CE,Federal Contract Tower,0,0,6,10,16,0,21,44,18,83,0,21,50,28,99,220,24,244,343
04/19/2010,ARA,LA,ASW,CE,Federal Contract Tower,0,1,2,11,14,0,23,35,19,77,0,24,37,30,91,264,4,268,359
04/20/2010,ARA,LA,ASW,CE,Federal Contract Tower,0,0,25,21,46,0,31,95,27,153,0,31,120,48,199,472,2,474,673
04/21/2010,ARA,LA,ASW,CE,Federal Contract Tower,0,0,17,17,34,0,62,104,26,192,0,62,121,43,226,484,0,484,710
04/22/2010,ARA,LA,ASW,CE,Federal Contract Tower,0,0,11,2,13,0,46,104,2,152,0,46,115,4,165,448,0,448,613
04/23/2010,ARA,LA,ASW,CE,Federal Contract Tower,0,0,4,7,11,0,20,13,10,43,0,20,17,17,54,132,0,132,186
04/24/2010,ARA,LA,ASW,CE,Federal Contract Tower,0,2,5,12,19,0,13,10,12,35,0,15,15,24,54,54,0,54,108
04/25/2010,ARA,LA,ASW,CE,Federal Contract Tower,0,5,14,9,28,0,27,64,6,97,0,32,78,15,125,188,0,188,313
04/26/2010,ARA,LA,ASW,CE,Federal Contract Tower,1,5,19,21,46,1,68,114,34,217,2,73,133,55,263,704,16,720,983
04/27/2010,ARA,LA,ASW,CE,Federal Contract Tower,6,12,11,32,61,6,58,111,50,225,12,70,122,82,286,518,8,526,812
04/28/2010,ARA,LA,ASW,CE,Federal Contract Tower,0,3,10,17,30,0,63,112,19,194,0,66,122,36,224,506,6,512,736
04/29/2010,ARA,LA,ASW,CE,Federal Contract Tower,0,2,14,19,35,0,50,78,23,151,0,52,92,42,186,326,1,327,513
04/30/2010,ARA,LA,ASW,CE,Federal Contract Tower,1,3,9,8,21,1,7,9,9,26,2,10,18,17,47,48,2,50,97
05/01/2010,ARA,LA,ASW,CE,Federal Contract Tower,1,0,0,0,1,1,5,2,0,8,2,5,2,0,9,10,0,10,19
05/02/2010,ARA,LA,ASW,CE,Federal Contract Tower,0,0,3,4,7,0,13,11,8,32,0,13,14,12,39,112,4,116,155
05/03/2010,ARA,LA,ASW,CE,Federal Contract Tower,0,0,23,8,31,0,26,108,10,144,0,26,131,18,175,502,18,520,695
05/04/2010,ARA,LA,ASW,CE,Federal Contract Tower,0,1,18,8,27,0,52,99,8,159,0,53,117,16,186,566,0,566,752
05/05/2010,ARA,LA,ASW,CE,Federal Contract Tower,0,4,32,10,46,0,56,105,11,172,0,60,137,21,218,452,6,458,676
05/06/2010,ARA,LA,ASW,CE,Federal Contract Tower,0,2,16,17,35,0,36,110,19,165,0,38,126,36,200,414,42,456,656
05/07/2010,ARA,LA,ASW,CE,Federal Contract Tower,0,5,21,6,32,0,50,115,6,171,0,55,136,12,203,490,0,490,693
05/08/2010,ARA,LA,ASW,CE,Federal Contract Tower,0,8,0,4,12,0,41,58,7,106,0,49,58,11,118,384,20,404,522
05/09/2010,ARA,LA,ASW,CE,Federal Contract Tower,0,4,10,4,18,0,36,47,3,86,0,40,57,7,104,210,2,212,316
05/10/2010,ARA,LA,ASW,CE,Federal Contract Tower,0,3,18,9,30,0,42,92,21,155,0,45,110,30,185,556,2,558,743
05/11/2010,ARA,LA,ASW,CE,Federal Contract Tower,0,0,12,13,25,0,53,63,16,132,0,53,75,29,157,432,2,434,591
05/12/2010,ARA,LA,ASW,CE,Federal Contract Tower,0,5,6,18,29,0,54,45,20,119,0,59,51,38,148,254,20,274,422
05/13/2010,ARA,LA,ASW,CE,Federal Contract Tower,2,5,23,15,45,2,40,82,16,140,4,45,105,31,185,362,6,368,553
05/14/2010,ARA,LA,ASW,CE,Federal Contract Tower,0,3,19,9,31,0,53,86,9,148,0,56,105,18,179,344,2,346,525
05/15/2010,ARA,LA,ASW,CE,Federal Contract Tower,0,0,1,0,1,0,38,36,0,74,0,38,37,0,75,280,0,280,355
05/16/2010,ARA,LA,ASW,CE,Federal Contract Tower,0,4,6,2,12,0,33,44,2,79,0,37,50,4,91,216,0,216,307
05/17/2010,ARA,LA,ASW,CE,Federal Contract Tower,0,1,20,2,23,0,44,87,3,134,0,45,107,5,157,330,0,330,487
05/18/2010,ARA,LA,ASW,CE,Federal Contract Tower,0,2,18,37,57,0,46,72,48,166,0,48,90,85,223,306,4,310,533
05/19/2010,ARA,LA,ASW,CE,Federal Contract Tower,1,0,15,7,23,1,51,72,10,134,2,51,87,17,157,446,6,452,609
05/20/2010,ARA,LA,ASW,CE,Federal Contract Tower,0,0,6,16,22,0,50,67,24,141,0,50,73,40,163,302,0,302,465
05/21/2010,ARA,LA,ASW,CE,Federal Contract Tower,0,9,22,10,41,0,42,77,29,148,0,51,99,39,189,388,6,394,583
05/22/2010,ARA,LA,ASW,CE,Federal Contract Tower,0,10,18,0,28,0,56,68,0,124,0,66,86,0,152,324,0,324,476
05/23/2010,ARA,LA,ASW,CE,Federal Contract Tower,0,9,2,1,12,0,38,42,4,84,0,47,44,5,96,202,0,202,298
05/24/2010,ARA,LA,ASW,CE,Federal Contract Tower,1,1,13,6,21,1,25,75,7,108,2,26,88,13,129,218,0,218,347
05/25/2010,ARA,LA,ASW,CE,Federal Contract Tower,0,2,17,7,26,0,64,90,9,163,0,66,107,16,189,456,0,456,645
05/26/2010,ARA,LA,ASW,CE,Federal Contract Tower,0,3,17,17,37,0,60,57,20,137,0,63,74,37,174,358,0,358,532
05/27/2010,ARA,LA,ASW,CE,Federal Contract Tower,0,4,19,20,43,0,56,88,18,162,0,60,107,38,205,396,12,408,613
05/28/2010,ARA,LA,ASW,CE,Federal Contract Tower,0,1,10,4,15,0,53,55,6,114,0,54,65,10,129,268,14,282,411
05/29/2010,ARA,LA,ASW,CE,Federal Contract Tower,1,8,14,0,23,1,62,44,0,107,2,70,58,0,130,124,0,124,254
05/30/2010,ARA,LA,ASW,CE,Federal Contract Tower,0,0,2,0,2,0,20,18,0,38,0,20,20,0,40,120,0,120,160
05/31/2010,ARA,LA,ASW,CE,Federal Contract Tower,0,3,4,0,7,2,21,43,0,66,2,24,47,0,73,124,0,124,197
06/01/2010,ARA,LA,ASW,CE,Federal Contract Tower,2,2,17,3,24,2,34,79,5,120,4,36,96,8,144,382,0,382,526
06/02/2010,ARA,LA,ASW,CE,Federal Contract Tower,0,0,16,6,22,0,22,60,8,90,0,22,76,14,112,268,0,268,380
06/03/2010,ARA,LA,ASW,CE,Federal Contract Tower,0,0,19,0,19,0,31,55,0,86,0,31,74,0,105,172,0,172,277
06/04/2010,ARA,LA,ASW,CE,Federal Contract Tower,0,0,11,3,14,0,30,21,3,54,0,30,32,6,68,108,0,108,176
06/05/2010,ARA,LA,ASW,CE,Federal Contract Tower,0,6,6,0,12,0,29,28,0,57,0,35,34,0,69,54,0,54,123
06/06/2010,ARA,LA,ASW,CE,Federal Contract Tower,0,0,4,0,4,0,35,21,0,56,0,35,25,0,60,22,0,22,82
06/07/2010,ARA,LA,ASW,CE,Federal Contract Tower,0,0,26,2,28,0,40,71,1,112,0,40,97,3,140,370,0,370,510
06/08/2010,ARA,LA,ASW,CE,Federal Contract Tower,0,7,19,5,31,0,44,74,9,127,0,51,93,14,158,306,0,306,464
06/09/2010,ARA,LA,ASW,CE,Federal Contract Tower,1,0,13,12,26,1,55,92,14,162,2,55,105,26,188,278,0,278,466
06/10/2010,ARA,LA,ASW,CE,Federal Contract Tower,0,0,25,7,32,0,53,81,6,140,0,53,106,13,172,310,10,320,492
06/11/2010,ARA,LA,ASW,CE,Federal Contract Tower,0,5,11,14,30,0,48,46,14,108,0,53,57,28,138,224,0,224,362
06/12/2010,ARA,LA,ASW,CE,Federal Contract Tower,0,3,7,0,10,0,39,52,0,91,0,42,59,0,101,242,0,242,343
06/13/2010,ARA,LA,ASW,CE,Federal Contract Tower,1,7,14,3,25,1,39,72,5,117,2,46,86,8,142,306,2,308,450
06/14/2010,ARA,LA,ASW,CE,Federal Contract Tower,1,2,7,23,33,1,61,53,27,142,2,63,60,50,175,166,24,190,365
06/15/2010,ARA,LA,ASW,CE,Federal Contract Tower,0,0,19,21,40,0,35,71,0,106,0,35,90,21,146,158,26,184,330
06/16/2010,ARA,LA,ASW,CE,Federal Contract Tower,0,6,13,19,38,0,56,58,21,135,0,62,71,40,173,244,4,248,421
06/17/2010,ARA,LA,ASW,CE,Federal Contract Tower,0,8,10,9,27,0,60,64,15,139,0,68,74,24,166,434,0,434,600
06/18/2010,ARA,LA,ASW,CE,Federal Contract Tower,0,8,3,14,25,0,57,54,19,130,0,65,57,33,155,286,2,288,443
06/19/2010,ARA,LA,ASW,CE,Federal Contract Tower,0,0,13,0,13,0,39,60,0,99,0,39,73,0,112,316,0,316,428
06/20/2010,ARA,LA,ASW,CE,Federal Contract Tower,0,12,6,0,18,0,36,22,6,64,0,48,28,6,82,44,0,44,126
06/21/2010,ARA,LA,ASW,CE,Federal Contract Tower,0,6,14,6,26,0,53,47,11,111,0,59,61,17,137,164,2,166,303
06/22/2010,ARA,LA,ASW,CE,Federal Contract Tower,0,0,6,10,16,0,54,40,14,108,0,54,46,24,124,260,10,270,394
06/23/2010,ARA,LA,ASW,CE,Federal Contract Tower,0,3,6,2,11,0,29,33,1,63,0,32,39,3,74,172,0,172,246
06/24/2010,ARA,LA,ASW,CE,Federal Contract Tower,2,6,10,0,18,2,35,36,0,73,4,41,46,0,91,168,0,168,259
06/25/2010,ARA,LA,ASW,CE,Federal Contract Tower,0,2,22,18,42,0,49,59,15,123,0,51,81,33,165,186,22,208,373
06/26/2010,ARA,LA,ASW,CE,Federal Contract Tower,0,6,4,1,11,0,60,50,6,116,0,66,54,7,127,262,8,270,397
06/27/2010,ARA,LA,ASW,CE,Federal Contract Tower,1,0,13,1,15,1,22,32,7,62,2,22,45,8,77,82,8,90,167
06/28/2010,ARA,LA,ASW,CE,Federal Contract Tower,0,0,6,8,14,0,39,21,11,71,0,39,27,19,85,166,0,166,251
06/29/2010,ARA,LA,ASW,CE,Federal Contract Tower,0,1,6,2,9,0,35,24,3,62,0,36,30,5,71,182,0,182,253
06/30/2010,ARA,LA,ASW,CE,Federal Contract Tower,0,9,7,3,19,0,25,18,4,47,0,34,25,7,66,106,2,108,174
07/01/2010,ARA,LA,ASW,CE,Federal Contract Tower,0,11,4,0,15,0,44,7,1,52,0,55,11,1,67,68,0,68,135
07/02/2010,ARA,LA,ASW,CE,Federal Contract Tower,0,1,12,4,17,0,28,47,4,79,0,29,59,8,96,106,0,106,202
07/03/2010,ARA,LA,ASW,CE,Federal Contract Tower,0,22,12,0,34,0,64,48,0,112,0,86,60,0,146,86,0,86,232
07/04/2010,ARA,LA,ASW,CE,Federal Contract Tower,0,14,0,0,14,0,39,17,0,56,0,53,17,0,70,168,0,168,238
07/05/2010,ARA,LA,ASW,CE,Federal Contract Tower,0,0,9,2,11,0,40,42,2,84,0,40,51,4,95,162,0,162,257
07/06/2010,ARA,LA,ASW,CE,Federal Contract Tower,1,0,9,0,10,1,17,29,0,47,2,17,38,0,57,102,0,102,159
07/07/2010,ARA,LA,ASW,CE,Federal Contract Tower,0,0,8,8,16,0,38,30,8,76,0,38,38,16,92,222,4,226,318
07/08/2010,ARA,LA,ASW,CE,Federal Contract Tower,0,0,7,8,15,0,28,60,10,98,0,28,67,18,113,212,18,230,343
07/09/2010,ARA,LA,ASW,CE,Federal Contract Tower,0,9,24,14,47,0,36,71,15,122,0,45,95,29,169,212,4,216,385
07/10/2010,ARA,LA,ASW,CE,Federal Contract Tower,0,0,9,0,9,0,40,45,0,85,0,40,54,0,94,262,0,262,356
07/11/2010,ARA,LA,ASW,CE,Federal Contract Tower,0,0,4,8,12,0,16,29,12,57,0,16,33,20,69,78,6,84,153
07/12/2010,ARA,LA,ASW,CE,Federal Contract Tower,0,1,14,20,35,0,37,64,28,129,0,38,78,48,164,170,14,184,348
07/13/2010,ARA,LA,ASW,CE,Federal Contract Tower,0,3,20,14,37,0,51,68,22,141,0,54,88,36,178,240,0,240,418
07/14/2010,ARA,LA,ASW,CE,Federal Contract Tower,1,1,14,18,34,1,38,76,20,135,2,39,90,38,169,288,4,292,461
07/15/2010,ARA,LA,ASW,CE,Federal Contract Tower,0,1,14,1,16,0,38,51,2,91,0,39,65,3,107,136,0,136,243
07/16/2010,ARA,LA,ASW,CE,Federal Contract Tower,0,0,13,12,25,0,12,27,21,60,0,12,40,33,85,74,0,74,159
07/17/2010,ARA,LA,ASW,CE,Federal Contract Tower,0,4,7,0,11,0,39,55,0,94,0,43,62,0,105,154,0,154,259
07/18/2010,ARA,LA,ASW,CE,Federal Contract Tower,0,6,2,0,8,0,26,12,2,40,0,32,14,2,48,102,0,102,150
07/19/2010,ARA,LA,ASW,CE,Federal Contract Tower,0,0,5,4,9,0,44,39,4,87,0,44,44,8,96,260,0,260,356
07/20/2010,ARA,LA,ASW,CE,Federal Contract Tower,0,5,16,10,31,0,34,58,18,110,0,39,74,28,141,204,0,204,345
07/21/2010,ARA,LA,ASW,CE,Federal Contract Tower,0,1,1,4,6,0,52,44,7,103,0,53,45,11,109,234,0,234,343
07/22/2010,ARA,LA,ASW,CE,Federal Contract Tower,0,0,5,8,13,0,54,62,9,125,0,54,67,17,138,320,24,344,482
07/23/2010,ARA,LA,ASW,CE,Federal Contract Tower,0,7,4,20,31,0,78,38,22,138,0,85,42,42,169,256,6,262,431
07/24/2010,ARA,LA,ASW,CE,Federal Contract Tower,0,4,6,0,10,0,27,25,0,52,0,31,31,0,62,78,0,78,140
07/25/2010,ARA,LA,ASW,CE,Federal Contract Tower,0,0,1,0,1,0,25,1,0,26,0,25,2,0,27,76,0,76,103
07/26/2010,ARA,LA,ASW,CE,Federal Contract Tower,0,1,6,2,9,0,42,21,4,67,0,43,27,6,76,80,0,80,156
07/27/2010,ARA,LA,ASW,CE,Federal Contract Tower,0,0,13,2,15,0,41,34,2,77,0,41,47,4,92,154,18,172,264
07/28/2010,ARA,LA,ASW,CE,Federal Contract Tower,0,2,18,17,37,0,55,75,18,148,0,57,93,35,185,198,10,208,393
07/29/2010,ARA,LA,ASW,CE,Federal Contract Tower,0,15,21,11,47,0,68,70,21,159,0,83,91,32,206,158,6,164,370
07/30/2010,ARA,LA,ASW,CE,Federal Contract Tower,0,7,1,5,13,0,44,46,6,96,0,51,47,11,109,150,0,150,259
07/31/2010,ARA,LA,ASW,CE,Federal Contract Tower,2,8,1,3,14,2,27,28,5,62,4,35,29,8,76,56,0,56,132
08/01/2010,ARA,LA,ASW,CE,Federal Contract Tower,0,6,0,6,12,0,25,26,2,53,0,31,26,8,65,112,0,112,177
08/02/2010,ARA,LA,ASW,CE,Federal Contract Tower,0,0,4,6,10,0,26,41,6,73,0,26,45,12,83,196,10,206,289
08/03/2010,ARA,LA,ASW,CE,Federal Contract Tower,0,0,16,6,22,0,39,60,1,100,0,39,76,7,122,268,0,268,390
08/04/2010,ARA,LA,ASW,CE,Federal Contract Tower,0,1,7,13,21,0,31,48,14,93,0,32,55,27,114,66,16,82,196
08/05/2010,ARA,LA,ASW,CE,Federal Contract Tower,0,2,11,0,13,0,43,55,0,98,0,45,66,0,111,296,0,296,407
08/06/2010,ARA,LA,ASW,CE,Federal Contract Tower,0,0,11,5,16,0,28,67,9,104,0,28,78,14,120,216,4,220,340
08/07/2010,ARA,LA,ASW,CE,Federal Contract Tower,0,2,0,0,2,0,17,36,0,53,0,19,36,0,55,138,0,138,193
08/08/2010,ARA,LA,ASW,CE,Federal Contract Tower,0,0,7,0,7,0,40,24,0,64,0,40,31,0,71,336,0,336,407
08/09/2010,ARA,LA,ASW,CE,Federal Contract Tower,1,1,18,1,21,1,38,59,4,102,2,39,77,5,123,258,0,258,381
08/10/2010,ARA,LA,ASW,CE,Federal Contract Tower,0,0,10,7,17,0,35,85,8,128,0,35,95,15,145,445,2,447,592
08/11/2010,ARA,LA,ASW,CE,Federal Contract Tower,0,6,5,5,16,0,28,55,6,89,0,34,60,11,105,304,0,304,409
08/12/2010,ARA,LA,ASW,CE,Federal Contract Tower,0,1,7,0,8,0,22,44,4,70,0,23,51,4,78,266,0,266,344
08/13/2010,ARA,LA,ASW,CE,Federal Contract Tower,0,0,5,4,9,0,19,52,4,75,0,19,57,8,84,248,0,248,332
08/14/2010,ARA,LA,ASW,CE,Federal Contract Tower,0,0,10,0,10,0,40,52,0,92,0,40,62,0,102,82,0,82,184
08/15/2010,ARA,LA,ASW,CE,Federal Contract Tower,0,0,10,0,10,0,26,57,0,83,0,26,67,0,93,162,0,162,255
08/16/2010,ARA,LA,ASW,CE,Federal Contract Tower,0,0,13,4,17,0,32,84,7,123,0,32,97,11,140,408,0,408,548
08/17/2010,ARA,LA,ASW,CE,Federal Contract Tower,0,2,11,2,15,0,28,35,2,65,0,30,46,4,80,198,20,218,298
08/18/2010,ARA,LA,ASW,CE,Federal Contract Tower,0,0,9,0,9,0,14,15,0,29,0,14,24,0,38,20,0,20,58
08/19/2010,ARA,LA,ASW,CE,Federal Contract Tower,0,0,11,8,19,0,37,65,10,112,0,37,76,18,131,396,4,400,531
08/20/2010,ARA,LA,ASW,CE,Federal Contract Tower,0,2,6,4,12,0,54,52,6,112,0,56,58,10,124,308,0,308,432
08/21/2010,ARA,LA,ASW,CE,Federal Contract Tower,0,1,6,0,7,0,48,52,0,100,0,49,58,0,107,310,0,310,417
08/22/2010,ARA,LA,ASW,CE,Federal Contract Tower,0,0,3,1,4,0,22,26,3,51,0,22,29,4,55,214,0,214,269
08/23/2010,ARA,LA,ASW,CE,Federal Contract Tower,0,2,27,11,40,0,38,84,16,138,0,40,111,27,178,206,8,214,392
08/24/2010,ARA,LA,ASW,CE,Federal Contract Tower,0,9,23,12,44,0,47,71,19,137,0,56,94,31,181,322,0,322,503
08/25/2010,ARA,LA,ASW,CE,Federal Contract Tower,1,8,14,10,33,1,41,76,17,135,2,49,90,27,168,216,10,226,394
08/26/2010,ARA,LA,ASW,CE,Federal Contract Tower,0,4,22,12,38,0,55,80,22,157,0,59,102,34,195,260,36,296,491
08/27/2010,ARA,LA,ASW,CE,Federal Contract Tower,0,0,23,29,52,0,44,57,53,154,0,44,80,82,206,192,6,198,404
08/28/2010,ARA,LA,ASW,CE,Federal Contract Tower,0,5,2,1,8,0,53,5,1,59,0,58,7,2,67,246,0,246,313
08/29/2010,ARA,LA,ASW,CE,Federal Contract Tower,0,0,0,0,0,0,24,10,0,34,0,24,10,0,34,166,0,166,200
08/30/2010,ARA,LA,ASW,CE,Federal Contract Tower,0,4,6,5,15,0,37,25,6,68,0,41,31,11,83,240,0,240,323
08/31/2010,ARA,LA,ASW,CE,Federal Contract Tower,0,1,16,0,17,0,23,35,2,60,0,24,51,2,77,124,0,124,201
09/01/2010,ARA,LA,ASW,CE,Federal Contract Tower,0,1,2,8,11,0,45,58,9,112,0,46,60,17,123,248,2,250,373
09/02/2010,ARA,LA,ASW,CE,Federal Contract Tower,0,6,16,6,28,0,47,60,12,119,0,53,76,18,147,306,0,306,453
09/03/2010,ARA,LA,ASW,CE,Federal Contract Tower,0,5,5,18,28,0,72,49,17,138,0,77,54,35,166,226,18,244,410
09/04/2010,ARA,LA,ASW,CE,Federal Contract Tower,1,5,7,0,13,1,53,32,0,86,2,58,39,0,99,148,0,148,247
09/05/2010,ARA,LA,ASW,CE,Federal Contract Tower,0,3,9,6,18,0,31,49,6,86,0,34,58,12,104,74,0,74,178
09/06/2010,ARA,LA,ASW,CE,Federal Contract Tower,0,0,5,0,5,0,35,27,0,62,0,35,32,0,67,182,0,182,249
09/07/2010,ARA,LA,ASW,CE,Federal Contract Tower,0,1,4,0,5,0,24,17,0,41,0,25,21,0,46,106,0,106,152
09/08/2010,ARA,LA,ASW,CE,Federal Contract Tower,0,2,25,13,40,0,50,78,18,146,0,52,103,31,186,332,4,336,522
09/09/2010,ARA,LA,ASW,CE,Federal Contract Tower,0,3,13,21,37,0,55,75,25,155,0,58,88,46,192,404,28,432,624
09/10/2010,ARA,LA,ASW,CE,Federal Contract Tower,0,9,16,5,30,0,54,62,6,122,0,63,78,11,152,152,0,152,304
09/11/2010,ARA,LA,ASW,CE,Federal Contract Tower,0,12,6,0,18,0,66,56,0,122,0,78,62,0,140,270,0,270,410
09/12/2010,ARA,LA,ASW,CE,Federal Contract Tower,0,10,2,3,15,0,28,16,3,47,0,38,18,6,62,158,0,158,220
09/13/2010,ARA,LA,ASW,CE,Federal Contract Tower,1,12,11,11,35,1,55,67,12,135,2,67,78,23,170,310,4,314,484
09/14/2010,ARA,LA,ASW,CE,Federal Contract Tower,0,5,22,6,33,0,53,72,8,133,0,58,94,14,166,234,6,240,406
09/15/2010,ARA,LA,ASW,CE,Federal Contract Tower,1,19,9,10,39,1,64,69,16,150,2,83,78,26,189,270,2,272,461
09/16/2010,ARA,LA,ASW,CE,Federal Contract Tower,0,0,15,10,25,0,38,68,14,120,0,38,83,24,145,192,6,198,343
09/17/2010,ARA,LA,ASW,CE,Federal Contract Tower,0,0,8,18,26,0,26,56,18,100,0,26,64,36,126,186,10,196,322
09/18/2010,ARA,LA,ASW,CE,Federal Contract Tower,0,0,5,2,7,0,30,40,2,72,0,30,45,4,79,192,0,192,271
09/19/2010,ARA,LA,ASW,CE,Federal Contract Tower,0,1,2,0,3,0,53,37,0,90,0,54,39,0,93,210,0,210,303
09/20/2010,ARA,LA,ASW,CE,Federal Contract Tower,0,1,12,11,24,0,27,73,16,116,0,28,85,27,140,132,4,136,276
09/21/2010,ARA,LA,ASW,CE,Federal Contract Tower,0,10,10,7,27,0,61,39,10,110,0,71,49,17,137,266,12,278,415
09/22/2010,ARA,LA,ASW,CE,Federal Contract Tower,0,2,22,16,40,0,58,65,16,139,0,60,87,32,179,272,0,272,451
09/23/2010,ARA,LA,ASW,CE,Federal Contract Tower,0,2,15,20,37,0,50,61,31,142,0,52,76,51,179,402,12,414,593
09/24/2010,ARA,LA,ASW,CE,Federal Contract Tower,0,4,34,8,46,0,57,65,8,130,0,61,99,16,176,346,0,346,522
09/25/2010,ARA,LA,ASW,CE,Federal Contract Tower,0,12,2,0,14,0,42,12,0,54,0,54,14,0,68,148,0,148,216
09/26/2010,ARA,LA,ASW,CE,Federal Contract Tower,0,0,7,0,7,0,34,33,0,67,0,34,40,0,74,36,0,36,110
09/27/2010,ARA,LA,ASW,CE,Federal Contract Tower,0,0,12,28,40,0,38,58,38,134,0,38,70,66,174,216,14,230,404
09/28/2010,ARA,LA,ASW,CE,Federal Contract Tower,0,3,36,13,52,0,46,107,14,167,0,49,143,27,219,310,0,310,529
09/29/2010,ARA,LA,ASW,CE,Federal Contract Tower,0,4,13,25,42,0,44,89,28,161,0,48,102,53,203,274,6,280,483
09/30/2010,ARA,LA,ASW,CE,Federal Contract Tower,1,1,17,28,47,1,32,107,38,178,2,33,124,66,225,154,18,172,397
10/01/2010,ARA,LA,ASW,CE,Federal Contract Tower,1,0,1,4,6,1,16,58,9,84,2,16,59,13,90,136,2,138,228
10/02/2010,ARA,LA,ASW,CE,Federal Contract Tower,0,5,1,1,7,0,18,37,3,58,0,23,38,4,65,62,18,80,145
10/03/2010,ARA,LA,ASW,CE,Federal Contract Tower,0,0,1,1,2,0,19,18,2,39,0,19,19,3,41,134,6,140,181
10/04/2010,ARA,LA,ASW,CE,Federal Contract Tower,0,1,22,21,44,0,52,7,29,88,0,53,29,50,132,240,40,280,412
10/05/2010,ARA,LA,ASW,CE,Federal Contract Tower,0,1,15,21,37,0,59,73,23,155,0,60,88,44,192,248,16,264,456
10/06/2010,ARA,LA,ASW,CE,Federal Contract Tower,0,0,16,16,32,0,36,80,20,136,0,36,96,36,168,276,2,278,446
10/07/2010,ARA,LA,ASW,CE,Federal Contract Tower,0,0,7,4,11,0,55,63,6,124,0,55,70,10,135,356,0,356,491
10/08/2010,ARA,LA,ASW,CE,Federal Contract Tower,0,1,13,14,28,0,54,82,14,150,0,55,95,28,178,182,4,186,364
10/09/2010,ARA,LA,ASW,CE,Federal Contract Tower,0,0,6,0,6,0,28,58,0,86,0,28,64,0,92,94,0,94,186
10/10/2010,ARA,LA,ASW,CE,Federal Contract Tower,2,4,3,0,9,2,34,30,0,66,4,38,33,0,75,96,0,96,171
10/11/2010,ARA,LA,ASW,CE,Federal Contract Tower,0,2,3,0,5,0,53,22,0,75,0,55,25,0,80,166,0,166,246
10/12/2010,ARA,LA,ASW,CE,Federal Contract Tower,0,0,2,8,10,0,51,47,12,110,0,51,49,20,120,144,0,144,264
10/13/2010,ARA,LA,ASW,CE,Federal Contract Tower,2,3,7,16,28,2,78,90,18,188,4,81,97,34,216,324,0,324,540
10/14/2010,ARA,LA,ASW,CE,Federal Contract Tower,1,3,9,2,15,1,78,41,14,134,2,81,50,16,149,400,0,400,549
10/15/2010,ARA,LA,ASW,CE,Federal Contract Tower,0,6,20,17,43,0,47,59,22,128,0,53,79,39,171,248,10,258,429
10/16/2010,ARA,LA,ASW,CE,Federal Contract Tower,1,8,5,10,24,1,30,37,12,80,2,38,42,22,104,242,40,282,386
10/17/2010,ARA,LA,ASW,CE,Federal Contract Tower,0,3,4,1,8,0,34,20,4,58,0,37,24,5,66,70,14,84,150
10/18/2010,ARA,LA,ASW,CE,Federal Contract Tower,1,1,15,20,37,1,27,62,24,114,2,28,77,44,151,118,6,124,275
10/19/2010,ARA,LA,ASW,CE,Federal Contract Tower,2,0,6,9,17,2,36,84,14,136,4,36,90,23,153,142,12,154,307
10/20/2010,ARA,LA,ASW,CE,Federal Contract Tower,0,3,6,6,15,0,38,53,21,112,0,41,59,27,127,218,32,250,377
10/21/2010,ARA,LA,ASW,CE,Federal Contract Tower,0,0,13,14,27,0,46,83,23,152,0,46,96,37,179,496,8,504,683
10/22/2010,ARA,LA,ASW,CE,Federal Contract Tower,0,7,15,6,28,0,34,68,12,114,0,41,83,18,142,316,4,320,462
10/23/2010,ARA,LA,ASW,CE,Federal Contract Tower,0,9,4,2,15,0,38,32,4,74,0,47,36,6,89,208,0,208,297
10/24/2010,ARA,LA,ASW,CE,Federal Contract Tower,1,8,4,0,13,1,24,19,0,44,2,32,23,0,57,50,0,50,107
10/25/2010,ARA,LA,ASW,CE,Federal Contract Tower,0,0,22,15,37,0,47,52,14,113,0,47,74,29,150,178,0,178,328
10/26/2010,ARA,LA,ASW,CE,Federal Contract Tower,0,2,18,10,30,0,46,45,17,108,0,48,63,27,138,116,0,116,254
10/27/2010,ARA,LA,ASW,CE,Federal Contract Tower,0,14,17,22,53,0,40,46,25,111,0,54,63,47,164,182,18,200,364
10/28/2010,ARA,LA,ASW,CE,Federal Contract Tower,1,0,1,17,19,2,32,28,18,80,3,32,29,35,99,100,2,102,201
10/29/2010,ARA,LA,ASW,CE,Federal Contract Tower,0,6,18,10,34,0,38,50,18,106,0,44,68,28,140,162,22,184,324
10/30/2010,ARA,LA,ASW,CE,Federal Contract Tower,0,0,2,0,2,0,26,66,0,92,0,26,68,0,94,290,0,290,384
10/31/2010,ARA,LA,ASW,CE,Federal Contract Tower,0,0,3,2,5,0,14,21,2,37,0,14,24,4,42,32,0,32,74
11/01/2010,ARA,LA,ASW,CE,Federal Contract Tower,0,2,9,4,15,0,24,27,4,55,0,26,36,8,70,14,0,14,84
11/02/2010,ARA,LA,ASW,CE,Federal Contract Tower,0,0,5,0,5,0,9,28,0,37,0,9,33,0,42,76,0,76,118
11/03/2010,ARA,LA,ASW,CE,Federal Contract Tower,0,3,15,0,18,0,23,62,0,85,0,26,77,0,103,160,0,160,263
11/04/2010,ARA,LA,ASW,CE,Federal Contract Tower,1,0,11,6,18,1,28,50,6,85,2,28,61,12,103,118,0,118,221
11/05/2010,ARA,LA,ASW,CE,Federal Contract Tower,0,3,14,8,25,0,32,62,12,106,0,35,76,20,131,270,0,270,401
11/06/2010,ARA,LA,ASW,CE,Federal Contract Tower,1,2,13,0,16,1,17,70,0,88,2,19,83,0,104,242,0,242,346
11/07/2010,ARA,LA,ASW,CE,Federal Contract Tower,0,13,5,0,18,0,42,29,0,71,0,55,34,0,89,132,0,132,221
11/08/2010,ARA,LA,ASW,CE,Federal Contract Tower,0,4,13,26,43,0,52,76,28,156,0,56,89,54,199,328,10,338,537
11/09/2010,ARA,LA,ASW,CE,Federal Contract Tower,0,4,8,12,24,0,34,51,15,100,0,38,59,27,124,232,2,234,358
11/10/2010,ARA,LA,ASW,CE,Federal Contract Tower,0,1,12,3,16,0,37,78,4,119,0,38,90,7,135,256,0,256,391
11/11/2010,ARA,LA,ASW,CE,Federal Contract Tower,0,5,11,0,16,0,33,51,4,88,0,38,62,4,104,202,0,202,306
11/12/2010,ARA,LA,ASW,CE,Federal Contract Tower,0,1,6,17,24,0,8,40,18,66,0,9,46,35,90,214,2,216,306
11/13/2010,ARA,LA,ASW,CE,Federal Contract Tower,1,3,0,0,4,1,27,92,0,120,2,30,92,0,124,138,0,138,262
11/14/2010,ARA,LA,ASW,CE,Federal Contract Tower,0,4,11,2,17,0,34,13,2,49,0,38,24,4,66,182,0,182,248
11/15/2010,ARA,LA,ASW,CE,Federal Contract Tower,0,4,5,2,11,0,16,14,2,32,0,20,19,4,43,76,0,76,119
11/16/2010,ARA,LA,ASW,CE,Federal Contract Tower,0,0,8,6,14,0,24,29,12,65,0,24,37,18,79,86,2,88,167
11/17/2010,ARA,LA,ASW,CE,Federal Contract Tower,0,0,7,18,25,0,23,67,32,122,0,23,74,50,147,226,28,254,401
11/18/2010,ARA,LA,ASW,CE,Federal Contract Tower,0,4,13,15,32,0,28,51,21,100,0,32,64,36,132,148,4,152,284
11/19/2010,ARA,LA,ASW,CE,Federal Contract Tower,1,0,7,2,10,1,8,28,2,39,2,8,35,4,49,52,0,52,101
11/20/2010,ARA,LA,ASW,CE,Federal Contract Tower,0,0,18,0,18,0,20,60,0,80,0,20,78,0,98,108,0,108,206
11/21/2010,ARA,LA,ASW,CE,Federal Contract Tower,0,6,5,0,11,0,24,21,0,45,0,30,26,0,56,124,0,124,180
11/22/2010,ARA,LA,ASW,CE,Federal Contract Tower,1,1,0,2,4,1,35,45,4,85,2,36,45,6,89,324,0,324,413
11/23/2010,ARA,LA,ASW,CE,Federal Contract Tower,0,0,13,8,21,0,22,41,8,71,0,22,54,16,92,180,0,180,272
11/24/2010,ARA,LA,ASW,CE,Federal Contract Tower,0,0,2,0,2,0,24,29,2,55,0,24,31,2,57,268,0,268,325
11/25/2010,ARA,LA,ASW,CE,Federal Contract Tower,0,6,1,0,7,0,7,3,0,10,0,13,4,0,17,22,0,22,39
11/26/2010,ARA,LA,ASW,CE,Federal Contract Tower,0,0,2,0,2,0,0,3,0,3,0,0,5,0,5,0,0,0,5
11/27/2010,ARA,LA,ASW,CE,Federal Contract Tower,0,0,1,0,1,0,5,18,0,23,0,5,19,0,24,20,0,20,44
11/28/2010,ARA,LA,ASW,CE,Federal Contract Tower,0,6,16,0,22,0,10,51,0,61,0,16,67,0,83,22,0,22,105
11/29/2010,ARA,LA,ASW,CE,Federal Contract Tower,0,0,17,2,19,0,16,18,2,36,0,16,35,4,55,40,0,40,95
11/30/2010,ARA,LA,ASW,CE,Federal Contract Tower,1,1,11,37,50,1,30,47,44,122,2,31,58,81,172,230,12,242,414
12/01/2010,ARA,LA,ASW,CE,Federal Contract Tower,0,0,12,15,27,0,15,61,19,95,0,15,73,34,122,262,0,262,384
12/02/2010,ARA,LA,ASW,CE,Federal Contract Tower,0,0,16,17,33,0,49,81,27,157,0,49,97,44,190,348,24,372,562
12/03/2010,ARA,LA,ASW,CE,Federal Contract Tower,0,5,11,9,25,0,40,48,14,102,0,45,59,23,127,254,12,266,393
12/04/2010,ARA,LA,ASW,CE,Federal Contract Tower,0,0,6,14,20,0,42,30,14,86,0,42,36,28,106,126,56,182,288
12/05/2010,ARA,LA,ASW,CE,Federal Contract Tower,0,2,2,8,12,0,14,32,10,56,0,16,34,18,68,98,22,120,188
12/06/2010,ARA,LA,ASW,CE,Federal Contract Tower,0,4,11,14,29,0,27,59,16,102,0,31,70,30,131,290,38,328,459
12/07/2010,ARA,LA,ASW,CE,Federal Contract Tower,0,0,17,10,27,0,42,77,21,140,0,42,94,31,167,238,12,250,417
12/08/2010,ARA,LA,ASW,CE,Federal Contract Tower,0,0,13,23,36,0,25,43,26,94,0,25,56,49,130,194,20,214,344
12/09/2010,ARA,LA,ASW,CE,Federal Contract Tower,0,0,4,6,10,0,43,37,6,86,0,43,41,12,96,217,0,217,313
12/10/2010,ARA,LA,ASW,CE,Federal Contract Tower,0,11,13,11,35,0,28,46,19,93,0,39,59,30,128,188,4,192,320
12/11/2010,ARA,LA,ASW,CE,Federal Contract Tower,0,2,10,0,12,0,30,32,0,62,0,32,42,0,74,192,0,192,266
12/12/2010,ARA,LA,ASW,CE,Federal Contract Tower,0,1,4,6,11,0,21,5,8,34,0,22,9,14,45,48,0,48,93
12/13/2010,ARA,LA,ASW,CE,Federal Contract Tower,0,0,10,32,42,0,23,39,34,96,0,23,49,66,138,158,30,188,326
12/14/2010,ARA,LA,ASW,CE,Federal Contract Tower,0,1,8,18,27,0,27,50,22,99,0,28,58,40,126,198,16,214,340
12/15/2010,ARA,LA,ASW,CE,Federal Contract Tower,0,0,11,18,29,0,28,43,27,98,0,28,54,45,127,126,0,126,253
12/16/2010,ARA,LA,ASW,CE,Federal Contract Tower,0,0,26,8,34,0,35,57,9,101,0,35,83,17,135,178,2,180,315
12/17/2010,ARA,LA,ASW,CE,Federal Contract Tower,0,3,5,10,18,0,22,18,10,50,0,25,23,20,68,156,8,164,232
12/18/2010,ARA,LA,ASW,CE,Federal Contract Tower,0,5,5,9,19,0,18,37,17,72,0,23,42,26,91,126,16,142,233
12/19/2010,ARA,LA,ASW,CE,Federal Contract Tower,0,6,8,0,14,0,28,38,0,66,0,34,46,0,80,90,0,90,170
12/20/2010,ARA,LA,ASW,CE,Federal Contract Tower,0,2,10,6,18,0,32,38,15,85,0,34,48,21,103,118,0,118,221
12/21/2010,ARA,LA,ASW,CE,Federal Contract Tower,0,3,11,6,20,0,27,54,11,92,0,30,65,17,112,130,0,130,242
12/22/2010,ARA,LA,ASW,CE,Federal Contract Tower,1,8,14,8,31,1,19,24,9,53,2,27,38,17,84,64,0,64,148
12/23/2010,ARA,LA,ASW,CE,Federal Contract Tower,1,0,15,2,18,1,23,49,2,75,2,23,64,4,93,60,0,60,153
12/24/2010,ARA,LA,ASW,CE,Federal Contract Tower,0,0,1,0,1,0,4,14,0,18,0,4,15,0,19,34,0,34,53
12/25/2010,ARA,LA,ASW,CE,Federal Contract Tower,0,0,1,0,1,0,0,1,0,1,0,0,2,0,2,0,0,0,2
12/26/2010,ARA,LA,ASW,CE,Federal Contract Tower,0,11,1,0,12,0,15,12,0,27,0,26,13,0,39,0,0,0,39
12/27/2010,ARA,LA,ASW,CE,Federal Contract Tower,0,6,5,0,11,0,21,21,2,44,0,27,26,2,55,42,0,42,97
12/28/2010,ARA,LA,ASW,CE,Federal Contract Tower,1,0,1,8,10,1,25,35,4,65,2,25,36,12,75,60,8,68,143
12/29/2010,ARA,LA,ASW,CE,Federal Contract Tower,0,5,11,0,16,0,18,21,0,39,0,23,32,0,55,102,0,102,157
12/30/2010,ARA,LA,ASW,CE,Federal Contract Tower,0,6,7,0,13,0,44,35,0,79,0,50,42,0,92,250,0,250,342
12/31/2010,ARA,LA,ASW,CE,Federal Contract Tower,0,6,3,0,9,0,10,4,0,14,0,16,7,0,23,0,0,0,23
01/01/2011,ARA,LA,ASW,CE,Federal Contract Tower,0,6,0,0,6,0,10,4,0,14,0,16,4,0,20,0,0,0,20
01/02/2011,ARA,LA,ASW,CE,Federal Contract Tower,1,3,6,0,10,1,22,29,0,52,2,25,35,0,62,74,0,74,136
01/03/2011,ARA,LA,ASW,CE,Federal Contract Tower,1,0,15,8,24,1,27,68,9,105,2,27,83,17,129,126,8,134,263
01/04/2011,ARA,LA,ASW,CE,Federal Contract Tower,0,1,18,4,23,0,17,56,10,83,0,18,74,14,106,166,4,170,276
01/05/2011,ARA,LA,ASW,CE,Federal Contract Tower,0,0,14,8,22,0,15,47,6,68,0,15,61,14,90,100,0,100,190
01/06/2011,ARA,LA,ASW,CE,Federal Contract Tower,0,0,20,10,30,0,29,62,17,108,0,29,82,27,138,94,2,96,234
01/07/2011,ARA,LA,ASW,CE,Federal Contract Tower,0,0,3,14,17,0,32,56,8,96,0,32,59,22,113,106,0,106,219
01/08/2011,ARA,LA,ASW,CE,Federal Contract Tower,1,3,9,2,15,1,45,99,2,147,2,48,108,4,162,240,0,240,402
01/09/2011,ARA,LA,ASW,CE,Federal Contract Tower,0,0,3,0,3,0,17,3,0,20,0,17,6,0,23,74,0,74,97
01/10/2011,ARA,LA,ASW,CE,Federal Contract Tower,0,2,6,8,16,0,24,20,9,53,0,26,26,17,69,204,8,212,281
01/11/2011,ARA,LA,ASW,CE,Federal Contract Tower,0,0,10,14,24,0,28,44,50,122,0,28,54,64,146,164,32,196,342
01/12/2011,ARA,LA,ASW,CE,Federal Contract Tower,0,4,24,19,47,0,32,77,27,136,0,36,101,46,183,97,0,97,280
01/13/2011,ARA,LA,ASW,CE,Federal Contract Tower,0,0,15,16,31,0,52,64,20,136,0,52,79,36,167,252,12,264,431
01/14/2011,ARA,LA,ASW,CE,Federal Contract Tower,2,12,15,19,48,2,56,60,22,140,4,68,75,41,188,132,0,132,320
01/15/2011,ARA,LA,ASW,CE,Federal Contract Tower,0,16,10,0,26,0,55,96,0,151,0,71,106,0,177,210,0,210,387
01/16/2011,ARA,LA,ASW,CE,Federal Contract Tower,2,6,5,0,13,2,14,17,0,33,4,20,22,0,46,40,0,40,86
01/17/2011,ARA,LA,ASW,CE,Federal Contract Tower,0,6,7,0,13,0,23,31,0,54,0,29,38,0,67,178,0,178,245
01/18/2011,ARA,LA,ASW,CE,Federal Contract Tower,0,6,11,26,43,0,34,28,33,95,0,40,39,59,138,134,20,154,292
01/19/2011,ARA,LA,ASW,CE,Federal Contract Tower,0,2,13,14,29,0,39,73,16,128,0,41,86,30,157,248,12,260,417
01/20/2011,ARA,LA,ASW,CE,Federal Contract Tower,0,0,3,2,5,0,22,36,2,60,0,22,39,4,65,146,0,146,211
01/21/2011,ARA,LA,ASW,CE,Federal Contract Tower,0,5,10,21,36,0,40,54,22,116,0,45,64,43,152,212,34,246,398
01/22/2011,ARA,LA,ASW,CE,Federal Contract Tower,0,0,8,14,22,0,26,46,16,88,0,26,54,30,110,218,18,236,346
01/23/2011,ARA,LA,ASW,CE,Federal Contract Tower,0,0,10,17,27,0,26,41,23,90,0,26,51,40,117,166,20,186,303
01/24/2011,ARA,LA,ASW,CE,Federal Contract Tower,0,0,4,15,19,0,2,9,20,31,0,2,13,35,50,36,10,46,96
01/25/2011,ARA,LA,ASW,CE,Federal Contract Tower,2,27,3,24,56,2,24,16,26,68,4,51,19,50,124,70,26,96,220
01/26/2011,ARA,LA,ASW,CE,Federal Contract Tower,0,2,16,8,26,0,55,54,24,133,0,57,70,32,159,186,2,188,347
01/27/2011,ARA,LA,ASW,CE,Federal Contract Tower,0,2,16,39,57,0,20,57,43,120,0,22,73,82,177,148,8,156,333
01/28/2011,ARA,LA,ASW,CE,Federal Contract Tower,2,5,20,19,46,2,30,55,17,104,4,35,75,36,150,76,10,86,236
01/29/2011,ARA,LA,ASW,CE,Federal Contract Tower,0,1,12,13,26,0,20,62,14,96,0,21,74,27,122,148,0,148,270
01/30/2011,ARA,LA,ASW,CE,Federal Contract Tower,0,0,4,0,4,0,6,8,0,14,0,6,12,0,18,50,0,50,68
01/31/2011,ARA,LA,ASW,CE,Federal Contract Tower,0,1,6,10,17,0,26,34,10,70,0,27,40,20,87,148,0,148,235
02/01/2011,ARA,LA,ASW,CE,Federal Contract Tower,0,0,1,4,5,0,19,2,4,25,0,19,3,8,30,22,0,22,52
02/02/2011,ARA,LA,ASW,CE,Federal Contract Tower,0,2,11,15,28,0,44,28,20,92,0,46,39,35,120,114,2,116,236
02/03/2011,ARA,LA,ASW,CE,Federal Contract Tower,0,0,2,0,2,0,2,4,0,6,0,2,6,0,8,20,0,20,28
02/04/2011,ARA,LA,ASW,CE,Federal Contract Tower,0,0,2,0,2,0,6,2,0,8,0,6,4,0,10,30,0,30,40
02/05/2011,ARA,LA,ASW,CE,Federal Contract Tower,2,0,6,10,18,2,27,42,15,86,4,27,48,25,104,224,36,260,364
02/06/2011,ARA,LA,ASW,CE,Federal Contract Tower,0,3,8,0,11,0,38,31,0,69,0,41,39,0,80,196,0,196,276
02/07/2011,ARA,LA,ASW,CE,Federal Contract Tower,0,7,11,19,37,0,34,32,22,88,0,41,43,41,125,146,0,146,271
02/08/2011,ARA,LA,ASW,CE,Federal Contract Tower,0,1,14,7,22,0,36,64,13,113,0,37,78,20,135,176,2,178,313
02/09/2011,ARA,LA,ASW,CE,Federal Contract Tower,0,0,3,2,5,0,15,17,2,34,0,15,20,4,39,106,0,106,145
02/10/2011,ARA,LA,ASW,CE,Federal Contract Tower,0,0,7,5,12,0,18,39,6,63,0,18,46,11,75,144,16,160,235
02/11/2011,ARA,LA,ASW,CE,Federal Contract Tower,2,4,27,31,64,2,28,71,35,136,4,32,98,66,200,182,4,186,386
02/12/2011,ARA,LA,ASW,CE,Federal Contract Tower,0,15,19,4,38,0,37,97,4,138,0,52,116,8,176,110,0,110,286
02/13/2011,ARA,LA,ASW,CE,Federal Contract Tower,0,18,1,1,20,0,56,34,2,92,0,74,35,3,112,152,6,158,270
02/14/2011,ARA,LA,ASW,CE,Federal Contract Tower,0,0,21,6,27,0,16,71,7,94,0,16,92,13,121,184,0,184,305
02/15/2011,ARA,LA,ASW,CE,Federal Contract Tower,0,3,29,5,37,0,26,78,7,111,0,29,107,12,148,166,10,176,324
02/16/2011,ARA,LA,ASW,CE,Federal Contract Tower,1,11,14,4,30,1,48,95,8,152,2,59,109,12,182,188,0,188,370
02/17/2011,ARA,LA,ASW,CE,Federal Contract Tower,1,16,10,15,42,1,45,36,16,98,2,61,46,31,140,186,0,186,326
02/18/2011,ARA,LA,ASW,CE,Federal Contract Tower,0,0,16,20,36,0,18,56,26,100,0,18,72,46,136,186,16,202,338
02/19/2011,ARA,LA,ASW,CE,Federal Contract Tower,0,0,13,0,13,0,11,35,0,46,0,11,48,0,59,144,0,144,203
02/20/2011,ARA,LA,ASW,CE,Federal Contract Tower,0,7,8,2,17,0,31,32,2,65,0,38,40,4,82,196,0,196,278
02/21/2011,ARA,LA,ASW,CE,Federal Contract Tower,0,10,10,4,24,0,43,28,4,75,0,53,38,8,99,120,0,120,219
02/22/2011,ARA,LA,ASW,CE,Federal Contract Tower,1,0,16,15,32,1,16,47,17,81,2,16,63,32,113,154,12,166,279
02/23/2011,ARA,LA,ASW,CE,Federal Contract Tower,0,4,11,14,29,0,40,52,12,104,0,44,63,26,133,234,0,234,367
02/24/2011,ARA,LA,ASW,CE,Federal Contract Tower,1,0,8,2,11,1,30,19,2,52,2,30,27,4,63,62,0,62,125
02/25/2011,ARA,LA,ASW,CE,Federal Contract Tower,0,22,10,14,46,0,42,50,14,106,0,64,60,28,152,196,14,210,362
02/26/2011,ARA,LA,ASW,CE,Federal Contract Tower,0,0,6,0,6,0,19,14,0,33,0,19,20,0,39,132,0,132,171
02/27/2011,ARA,LA,ASW,CE,Federal Contract Tower,0,0,3,4,7,0,26,10,4,40,0,26,13,8,47,198,0,198,245
02/28/2011,ARA,LA,ASW,CE,Federal Contract Tower,0,0,5,7,12,0,20,37,7,64,0,20,42,14,76,152,8,160,236
03/01/2011,ARA,LA,ASW,CE,Federal Contract Tower,2,5,10,6,23,2,24,60,9,95,4,29,70,15,118,118,2,120,238
03/02/2011,ARA,LA,ASW,CE,Federal Contract Tower,3,0,14,6,23,3,29,86,4,122,6,29,100,10,145,274,0,274,419
03/03/2011,ARA,LA,ASW,CE,Federal Contract Tower,1,3,10,16,30,1,41,60,17,119,2,44,70,33,149,194,12,206,355
03/04/2011,ARA,LA,ASW,CE,Federal Contract Tower,1,0,14,9,24,1,18,24,12,55,2,18,38,21,79,14,6,20,99
03/05/2011,ARA,LA,ASW,CE,Federal Contract Tower,1,0,1,0,2,1,16,1,0,18,2,16,2,0,20,140,0,140,160
03/06/2011,ARA,LA,ASW,CE,Federal Contract Tower,0,0,3,9,12,0,32,27,9,68,0,32,30,18,80,196,2,198,278
03/07/2011,ARA,LA,ASW,CE,Federal Contract Tower,0,4,16,4,24,0,42,56,5,103,0,46,72,9,127,268,2,270,397
03/08/2011,ARA,LA,ASW,CE,Federal Contract Tower,0,2,5,0,7,0,11,6,0,17,0,13,11,0,24,12,0,12,36
03/09/2011,ARA,LA,ASW,CE,Federal Contract Tower,0,0,11,15,26,0,56,36,16,108,0,56,47,31,134,292,0,292,426
03/10/2011,ARA,LA,ASW,CE,Federal Contract Tower,0,1,18,17,36,0,26,53,22,101,0,27,71,39,137,154,2,156,293
03/11/2011,ARA,LA,ASW,CE,Federal Contract Tower,1,12,12,13,38,1,40,58,25,124,2,52,70,38,162,304,10,314,476
03/12/2011,ARA,LA,ASW,CE,Federal Contract Tower,3,7,0,0,10,3,41,38,2,84,6,48,38,2,94,118,0,118,212
03/13/2011,ARA,LA,ASW,CE,Federal Contract Tower,0,4,8,2,14,0,48,35,2,85,0,52,43,4,99,270,0,270,369
03/14/2011,ARA,LA,ASW,CE,Federal Contract Tower,0,0,13,0,13,0,34,26,2,62,0,34,39,2,75,206,0,206,281
03/15/2011,ARA,LA,ASW,CE,Federal Contract Tower,0,3,28,13,44,0,35,74,17,126,0,38,102,30,170,146,6,152,322
03/16/2011,ARA,LA,ASW,CE,Federal Contract Tower,1,1,5,12,19,1,22,59,13,95,2,23,64,25,114,190,4,194,308
03/17/2011,ARA,LA,ASW,CE,Federal Contract Tower,1,0,9,3,13,1,13,42,3,59,2,13,51,6,72,174,0,174,246
03/18/2011,ARA,LA,ASW,CE,Federal Contract Tower,0,6,8,9,23,0,36,56,14,106,0,42,64,23,129,222,8,230,359
03/19/2011,ARA,LA,ASW,CE,Federal Contract Tower,0,5,2,13,20,0,30,28,21,79,0,35,30,34,99,122,20,142,241
03/20/2011,ARA,LA,ASW,CE,Federal Contract Tower,0,8,8,14,30,0,28,41,14,83,0,36,49,28,113,114,0,114,227
03/21/2011,ARA,LA,ASW,CE,Federal Contract Tower,0,3,9,13,25,0,40,38,15,93,0,43,47,28,118,144,36,180,298
03/22/2011,ARA,LA,ASW,CE,Federal Contract Tower,0,3,8,10,21,0,39,37,13,89,0,42,45,23,110,100,8,108,218
03/23/2011,ARA,LA,ASW,CE,Federal Contract Tower,0,0,3,12,15,0,32,50,15,97,0,32,53,27,112,226,2,228,340
03/24/2011,ARA,LA,ASW,CE,Federal Contract Tower,2,0,8,20,30,2,43,62,33,140,4,43,70,53,170,254,12,266,436
03/25/2011,ARA,LA,ASW,CE,Federal Contract Tower,1,4,13,26,44,1,30,24,41,96,2,34,37,67,140,250,8,258,398
03/26/2011,ARA,LA,ASW,CE,Federal Contract Tower,0,0,2,16,18,0,23,26,16,65,0,23,28,32,83,82,0,82,165
03/27/2011,ARA,LA,ASW,CE,Federal Contract Tower,0,4,2,0,6,0,43,25,0,68,0,47,27,0,74,152,0,152,226
03/28/2011,ARA,LA,ASW,CE,Federal Contract Tower,0,3,10,8,21,0,19,50,8,77,0,22,60,16,98,276,0,276,374
03/29/2011,ARA,LA,ASW,CE,Federal Contract Tower,0,0,14,18,32,0,26,52,21,99,0,26,66,39,131,228,2,230,361
03/30/2011,ARA,LA,ASW,CE,Federal Contract Tower,0,3,6,6,15,0,36,32,6,74,0,39,38,12,89,272,0,272,361
03/31/2011,ARA,LA,ASW,CE,Federal Contract Tower,0,2,15,15,32,0,49,67,24,140,0,51,82,39,172,298,6,304,476
04/01/2011,ARA,LA,ASW,CE,Federal Contract Tower,0,0,12,20,32,0,30,66,24,120,0,30,78,44,152,138,36,174,326
04/02/2011,ARA,LA,ASW,CE,Federal Contract Tower,0,4,5,5,14,0,42,30,14,86,0,46,35,19,100,122,24,146,246
04/03/2011,ARA,LA,ASW,CE,Federal Contract Tower,0,2,7,23,32,0,20,17,27,64,0,22,24,50,96,82,6,88,184
04/04/2011,ARA,LA,ASW,CE,Federal Contract Tower,1,1,0,0,2,1,26,2,0,29,2,27,2,0,31,140,0,140,171
04/05/2011,ARA,LA,ASW,CE,Federal Contract Tower,0,5,16,24,45,0,38,55,34,127,0,43,71,58,172,188,20,208,380
04/06/2011,ARA,LA,ASW,CE,Federal Contract Tower,1,10,15,16,42,1,57,61,26,145,2,67,76,42,187,170,14,184,371
04/07/2011,ARA,LA,ASW,CE,Federal Contract Tower,0,2,15,8,25,0,37,74,20,131,0,39,89,28,156,336,20,356,512
04/08/2011,ARA,LA,ASW,CE,Federal Contract Tower,0,7,17,22,46,0,50,66,28,144,0,57,83,50,190,274,34,308,498
04/09/2011,ARA,LA,ASW,CE,Federal Contract Tower,0,0,2,2,4,0,19,31,3,53,0,19,33,5,57,88,2,90,147
04/10/2011,ARA,LA,ASW,CE,Federal Contract Tower,0,10,6,12,28,0,47,32,16,95,0,57,38,28,123,78,0,78,201
04/11/2011,ARA,LA,ASW,CE,Federal Contract Tower,0,2,5,0,7,0,40,40,0,80,0,42,45,0,87,184,0,184,271
04/12/2011,ARA,LA,ASW,CE,Federal Contract Tower,0,8,15,12,35,0,49,79,18,146,0,57,94,30,181,272,0,272,453
04/13/2011,ARA,LA,ASW,CE,Federal Contract Tower,0,4,6,9,19,0,56,82,14,152,0,60,88,23,171,368,6,374,545
04/14/2011,ARA,LA,ASW,CE,Federal Contract Tower,1,0,4,12,17,1,30,63,14,108,2,30,67,26,125,326,0,326,451
04/15/2011,ARA,LA,ASW,CE,Federal Contract Tower,1,0,8,15,24,1,11,25,19,56,2,11,33,34,80,68,6,74,154
04/16/2011,ARA,LA,ASW,CE,Federal Contract Tower,2,0,4,0,6,2,40,30,0,72,4,40,34,0,78,118,0,118,196
04/17/2011,ARA,LA,ASW,CE,Federal Contract Tower,0,1,6,2,9,0,40,30,2,72,0,41,36,4,81,204,0,204,285
04/18/2011,ARA,LA,ASW,CE,Federal Contract Tower,3,4,4,5,16,3,52,35,5,95,6,56,39,10,111,188,0,188,299
04/19/2011,ARA,LA,ASW,CE,Federal Contract Tower,0,3,6,5,14,0,37,26,15,78,0,40,32,20,92,232,22,254,346
04/20/2011,ARA,LA,ASW,CE,Federal Contract Tower,0,4,15,0,19,0,26,60,0,86,0,30,75,0,105,156,0,156,261
04/21/2011,ARA,LA,ASW,CE,Federal Contract Tower,0,5,13,7,25,0,27,56,7,90,0,32,69,14,115,220,12,232,347
04/22/2011,ARA,LA,ASW,CE,Federal Contract Tower,1,0,1,4,6,1,38,17,4,60,2,38,18,8,66,194,0,194,260
04/23/2011,ARA,LA,ASW,CE,Federal Contract Tower,0,5,0,0,5,0,36,28,6,70,0,41,28,6,75,130,0,130,205
04/24/2011,ARA,LA,ASW,CE,Federal Contract Tower,0,1,1,1,3,0,24,9,2,35,0,25,10,3,38,92,0,92,130
04/25/2011,ARA,LA,ASW,CE,Federal Contract Tower,0,0,12,23,35,0,32,32,19,83,0,32,44,42,118,224,30,254,372
04/26/2011,ARA,LA,ASW,CE,Federal Contract Tower,0,0,1,9,10,0,26,15,17,58,0,26,16,26,68,94,8,102,170
04/27/2011,ARA,LA,ASW,CE,Federal Contract Tower,1,0,3,12,16,1,38,27,12,78,2,38,30,24,94,146,0,146,240
04/28/2011,ARA,LA,ASW,CE,Federal Contract Tower,1,0,5,11,17,1,35,90,14,140,2,35,95,25,157,318,4,322,479
04/29/2011,ARA,LA,ASW,CE,Federal Contract Tower,0,5,4,12,21,0,39,56,15,110,0,44,60,27,131,266,0,266,397
04/30/2011,ARA,LA,ASW,CE,Federal Contract Tower,3,0,2,10,15,3,32,12,15,62,6,32,14,25,77,216,0,216,293
05/01/2011,ARA,LA,ASW,CE,Federal Contract Tower,0,0,1,5,6,0,42,14,10,66,0,42,15,15,72,286,0,286,358
05/02/2011,ARA,LA,ASW,CE,Federal Contract Tower,0,0,4,8,12,0,27,30,13,70,0,27,34,21,82,216,0,216,298
05/03/2011,ARA,LA,ASW,CE,Federal Contract Tower,0,1,8,3,12,0,7,16,2,25,0,8,24,5,37,42,0,42,79
05/04/2011,ARA,LA,ASW,CE,Federal Contract Tower,0,7,10,19,36,0,35,77,25,137,0,42,87,44,173,248,0,248,421
05/05/2011,ARA,LA,ASW,CE,Federal Contract Tower,0,10,16,6,32,0,41,73,11,125,0,51,89,17,157,200,2,202,359
05/06/2011,ARA,LA,ASW,CE,Federal Contract Tower,0,7,12,21,40,0,55,69,26,150,0,62,81,47,190,294,0,294,484
05/07/2011,ARA,LA,ASW,CE,Federal Contract Tower,0,10,6,2,18,0,54,56,2,112,0,64,62,4,130,310,0,310,440
05/08/2011,ARA,LA,ASW,CE,Federal Contract Tower,1,2,10,5,18,1,48,14,6,69,2,50,24,11,87,186,0,186,273
05/09/2011,ARA,LA,ASW,CE,Federal Contract Tower,2,0,11,10,23,2,42,36,10,90,4,42,47,20,113,242,20,262,375
05/10/2011,ARA,LA,ASW,CE,Federal Contract Tower,0,4,8,4,16,0,44,65,6,115,0,48,73,10,131,288,0,288,419
05/11/2011,ARA,LA,ASW,CE,Federal Contract Tower,0,8,14,19,41,0,40,48,24,112,0,48,62,43,153,154,22,176,329
05/12/2011,ARA,LA,ASW,CE,Federal Contract Tower,1,1,5,10,17,1,47,44,11,103,2,48,49,21,120,250,4,254,374
05/13/2011,ARA,LA,ASW,CE,Federal Contract Tower,1,0,8,14,23,1,48,22,22,93,2,48,30,36,116,182,4,186,302
05/14/2011,ARA,LA,ASW,CE,Federal Contract Tower,0,0,10,31,41,0,18,224,44,286,0,18,234,75,327,52,20,72,399
05/15/2011,ARA,LA,ASW,CE,Federal Contract Tower,0,4,3,2,9,0,25,22,2,49,0,29,25,4,58,94,0,94,152
05/16/2011,ARA,LA,ASW,CE,Federal Contract Tower,0,17,6,24,47,0,57,37,27,121,0,74,43,51,168,88,6,94,262
05/17/2011,ARA,LA,ASW,CE,Federal Contract Tower,0,0,22,19,41,0,45,105,23,173,0,45,127,42,214,194,0,194,408
05/18/2011,ARA,LA,ASW,CE,Federal Contract Tower,0,3,19,20,42,0,61,79,25,165,0,64,98,45,207,352,0,352,559
05/19/2011,ARA,LA,ASW,CE,Federal Contract Tower,0,0,4,6,10,0,42,42,6,90,0,42,46,12,100,210,0,210,310
05/20/2011,ARA,LA,ASW,CE,Federal Contract Tower,2,12,14,16,44,1,57,24,16,98,3,69,38,32,142,256,16,272,414
05/21/2011,ARA,LA,ASW,CE,Federal Contract Tower,0,0,2,3,5,0,36,9,3,48,0,36,11,6,53,144,0,144,197
05/22/2011,ARA,LA,ASW,CE,Federal Contract Tower,0,3,5,4,12,0,29,23,4,56,0,32,28,8,68,56,0,56,124
05/23/2011,ARA,LA,ASW,CE,Federal Contract Tower,0,3,10,0,13,0,18,57,0,75,0,21,67,0,88,148,0,148,236
05/24/2011,ARA,LA,ASW,CE,Federal Contract Tower,1,0,6,2,9,1,26,62,4,93,2,26,68,6,102,168,0,168,270
05/25/2011,ARA,LA,ASW,CE,Federal Contract Tower,0,4,4,17,25,0,34,43,22,99,0,38,47,39,124,187,0,187,311
05/26/2011,ARA,LA,ASW,CE,Federal Contract Tower,0,5,23,8,36,0,42,70,10,122,0,47,93,18,158,152,6,158,316
05/27/2011,ARA,LA,ASW,CE,Federal Contract Tower,0,11,21,8,40,0,40,92,8,140,0,51,113,16,180,138,0,138,318
05/28/2011,ARA,LA,ASW,CE,Federal Contract Tower,2,10,3,0,15,2,24,41,0,67,4,34,44,0,82,126,0,126,208
05/29/2011,ARA,LA,ASW,CE,Federal Contract Tower,0,8,8,2,18,0,35,44,2,81,0,43,52,4,99,208,0,208,307
05/30/2011,ARA,LA,ASW,CE,Federal Contract Tower,0,0,2,0,2,0,28,40,2,70,0,28,42,2,72,126,0,126,198
05/31/2011,ARA,LA,ASW,CE,Federal Contract Tower,1,7,11,20,39,2,63,56,24,145,3,70,67,44,184,298,14,312,496
06/01/2011,ARA,LA,ASW,CE,Federal Contract Tower,1,3,13,22,39,1,48,75,30,154,2,51,88,52,193,276,16,292,485
06/02/2011,ARA,LA,ASW,CE,Federal Contract Tower,0,0,11,19,30,0,30,52,24,106,0,30,63,43,136,160,24,184,320
06/03/2011,ARA,LA,ASW,CE,Federal Contract Tower,0,0,3,10,13,0,22,52,18,92,0,22,55,28,105,210,4,214,319
06/04/2011,ARA,LA,ASW,CE,Federal Contract Tower,0,0,7,1,8,0,26,47,1,74,0,26,54,2,82,160,0,160,242
06/05/2011,ARA,LA,ASW,CE,Federal Contract Tower,0,6,0,4,10,0,40,10,4,54,0,46,10,8,64,102,12,114,178
06/06/2011,ARA,LA,ASW,CE,Federal Contract Tower,0,10,7,14,31,0,39,43,16,98,0,49,50,30,129,104,12,116,245
06/07/2011,ARA,LA,ASW,CE,Federal Contract Tower,0,0,6,4,10,0,32,46,6,84,0,32,52,10,94,210,0,210,304
06/08/2011,ARA,LA,ASW,CE,Federal Contract Tower,2,1,11,12,26,2,45,44,23,114,4,46,55,35,140,214,26,240,380
06/09/2011,ARA,LA,ASW,CE,Federal Contract Tower,0,0,8,13,21,0,14,53,18,85,0,14,61,31,106,108,0,108,214
06/10/2011,ARA,LA,ASW,CE,Federal Contract Tower,0,4,14,22,40,0,44,42,30,116,0,48,56,52,156,198,4,202,358
06/11/2011,ARA,LA,ASW,CE,Federal Contract Tower,2,0,4,5,11,2,16,52,8,78,4,16,56,13,89,208,0,208,297
06/12/2011,ARA,LA,ASW,CE,Federal Contract Tower,0,0,0,2,2,0,28,32,2,62,0,28,32,4,64,94,0,94,158
06/13/2011,ARA,LA,ASW,CE,Federal Contract Tower,0,0,10,7,17,0,18,37,10,65,0,18,47,17,82,176,0,176,258
06/14/2011,ARA,LA,ASW,CE,Federal Contract Tower,0,0,4,21,25,0,17,52,24,93,0,17,56,45,118,206,12,218,336
06/15/2011,ARA,LA,ASW,CE,Federal Contract Tower,0,0,0,0,0,0,0,0,0,0,0,0,0,0,0,0,0,0,0
06/16/2011,ARA,LA,ASW,CE,Federal Contract Tower,0,0,4,6,10,0,6,18,6,30,0,6,22,12,40,0,0,0,40
06/17/2011,ARA,LA,ASW,CE,Federal Contract Tower,0,7,12,8,27,0,23,38,8,69,0,30,50,16,96,128,14,142,238
06/18/2011,ARA,LA,ASW,CE,Federal Contract Tower,0,0,18,8,26,0,20,68,8,96,0,20,86,16,122,316,10,326,448
06/19/2011,ARA,LA,ASW,CE,Federal Contract Tower,2,0,8,0,10,2,34,51,0,87,4,34,59,0,97,332,0,332,429
06/20/2011,ARA,LA,ASW,CE,Federal Contract Tower,1,1,8,4,14,1,32,30,4,67,2,33,38,8,81,194,0,194,275
06/21/2011,ARA,LA,ASW,CE,Federal Contract Tower,0,0,9,7,16,0,30,30,10,70,0,30,39,17,86,110,0,110,196
06/22/2011,ARA,LA,ASW,CE,Federal Contract Tower,0,0,3,4,7,0,15,19,7,41,0,15,22,11,48,106,2,108,156
06/23/2011,ARA,LA,ASW,CE,Federal Contract Tower,0,0,10,2,12,0,5,67,4,76,0,5,77,6,88,326,0,326,414
06/24/2011,ARA,LA,ASW,CE,Federal Contract Tower,2,0,10,3,15,2,14,58,4,78,4,14,68,7,93,158,14,172,265
06/25/2011,ARA,LA,ASW,CE,Federal Contract Tower,0,0,10,2,12,0,18,59,2,79,0,18,69,4,91,200,0,200,291
06/26/2011,ARA,LA,ASW,CE,Federal Contract Tower,0,0,2,2,4,0,14,38,4,56,0,14,40,6,60,122,0,122,182
06/27/2011,ARA,LA,ASW,CE,Federal Contract Tower,0,10,20,19,49,0,33,60,22,115,0,43,80,41,164,148,24,172,336
06/28/2011,ARA,LA,ASW,CE,Federal Contract Tower,1,2,14,4,21,1,50,60,4,115,2,52,74,8,136,230,0,230,366
06/29/2011,ARA,LA,ASW,CE,Federal Contract Tower,0,0,27,8,35,0,34,96,10,140,0,34,123,18,175,200,0,200,375
06/30/2011,ARA,LA,ASW,CE,Federal Contract Tower,2,1,8,12,23,2,24,79,22,127,4,25,87,34,150,344,0,344,494
07/01/2011,ARA,LA,ASW,CE,Federal Contract Tower,0,0,10,4,14,0,32,46,4,82,0,32,56,8,96,116,0,116,212
07/02/2011,ARA,LA,ASW,CE,Federal Contract Tower,0,0,9,0,9,0,19,46,0,65,0,19,55,0,74,168,0,168,242
07/03/2011,ARA,LA,ASW,CE,Federal Contract Tower,0,3,3,0,6,0,19,23,0,42,0,22,26,0,48,50,0,50,98
07/04/2011,ARA,LA,ASW,CE,Federal Contract Tower,0,1,1,0,2,0,15,22,0,37,0,16,23,0,39,104,0,104,143
07/05/2011,ARA,LA,ASW,CE,Federal Contract Tower,0,0,11,4,15,0,40,53,6,99,0,40,64,10,114,246,2,248,362
07/06/2011,ARA,LA,ASW,CE,Federal Contract Tower,0,1,4,0,5,0,31,39,0,70,0,32,43,0,75,128,0,128,203
07/07/2011,ARA,LA,ASW,CE,Federal Contract Tower,2,4,8,0,14,2,37,43,0,82,4,41,51,0,96,146,0,146,242
07/08/2011,ARA,LA,ASW,CE,Federal Contract Tower,0,0,11,23,34,0,24,52,27,103,0,24,63,50,137,164,18,182,319
07/09/2011,ARA,LA,ASW,CE,Federal Contract Tower,0,0,3,4,7,0,21,60,4,85,0,21,63,8,92,134,0,134,226
07/10/2011,ARA,LA,ASW,CE,Federal Contract Tower,0,3,3,0,6,0,25,22,8,55,0,28,25,8,61,158,0,158,219
07/11/2011,ARA,LA,ASW,CE,Federal Contract Tower,0,5,11,16,32,0,60,44,18,122,0,65,55,34,154,226,26,252,406
07/12/2011,ARA,LA,ASW,CE,Federal Contract Tower,2,0,5,9,16,2,11,38,10,61,4,11,43,19,77,162,0,162,239
07/13/2011,ARA,LA,ASW,CE,Federal Contract Tower,0,4,16,18,38,0,58,66,18,142,0,62,82,36,180,247,0,247,427
07/14/2011,ARA,LA,ASW,CE,Federal Contract Tower,0,0,5,4,9,0,14,47,4,65,0,14,52,8,74,88,0,88,162
07/15/2011,ARA,LA,ASW,CE,Federal Contract Tower,0,1,9,0,10,0,4,38,0,42,0,5,47,0,52,116,0,116,168
07/16/2011,ARA,LA,ASW,CE,Federal Contract Tower,0,0,3,7,10,0,15,34,7,56,0,15,37,14,66,124,0,124,190
07/17/2011,ARA,LA,ASW,CE,Federal Contract Tower,2,1,21,0,24,2,35,71,0,108,4,36,92,0,132,138,0,138,270
07/18/2011,ARA,LA,ASW,CE,Federal Contract Tower,0,0,3,0,3,0,16,30,0,46,0,16,33,0,49,82,0,82,131
07/19/2011,ARA,LA,ASW,CE,Federal Contract Tower,0,1,6,0,7,0,32,40,0,72,0,33,46,0,79,234,0,234,313
07/20/2011,ARA,LA,ASW,CE,Federal Contract Tower,0,0,10,7,17,0,33,71,8,112,0,33,81,15,129,366,0,366,495
07/21/2011,ARA,LA,ASW,CE,Federal Contract Tower,0,1,7,4,12,0,51,65,4,120,0,52,72,8,132,240,0,240,372
07/22/2011,ARA,LA,ASW,CE,Federal Contract Tower,0,5,6,2,13,0,28,50,2,80,0,33,56,4,93,50,0,50,143
07/23/2011,ARA,LA,ASW,CE,Federal Contract Tower,2,2,0,0,4,2,20,14,0,36,4,22,14,0,40,166,0,166,206
07/24/2011,ARA,LA,ASW,CE,Federal Contract Tower,0,0,4,1,5,0,16,31,4,51,0,16,35,5,56,158,4,162,218
07/25/2011,ARA,LA,ASW,CE,Federal Contract Tower,0,1,7,0,8,0,20,24,0,44,0,21,31,0,52,82,0,82,134
07/26/2011,ARA,LA,ASW,CE,Federal Contract Tower,0,0,9,13,22,0,20,42,13,75,0,20,51,26,97,98,0,98,195
07/27/2011,ARA,LA,ASW,CE,Federal Contract Tower,1,2,6,4,13,1,24,35,4,64,2,26,41,8,77,214,4,218,295
07/28/2011,ARA,LA,ASW,CE,Federal Contract Tower,0,1,11,2,14,0,46,76,2,124,0,47,87,4,138,420,0,420,558
07/29/2011,ARA,LA,ASW,CE,Federal Contract Tower,0,2,2,5,9,0,19,30,4,53,0,21,32,9,62,190,0,190,252
07/30/2011,ARA,LA,ASW,CE,Federal Contract Tower,0,10,4,0,14,0,28,40,0,68,0,38,44,0,82,206,0,206,288
07/31/2011,ARA,LA,ASW,CE,Federal Contract Tower,0,0,8,0,8,0,30,36,2,68,0,30,44,2,76,194,0,194,270
08/01/2011,ARA,LA,ASW,CE,Federal Contract Tower,0,1,7,18,26,0,22,35,19,76,0,23,42,37,102,241,0,241,343
08/02/2011,ARA,LA,ASW,CE,Federal Contract Tower,0,10,7,20,37,0,56,57,20,133,0,66,64,40,170,158,0,158,328
08/03/2011,ARA,LA,ASW,CE,Federal Contract Tower,2,1,13,5,21,2,44,51,6,103,4,45,64,11,124,202,14,216,340
08/04/2011,ARA,LA,ASW,CE,Federal Contract Tower,1,1,14,3,19,1,54,73,3,131,2,55,87,6,150,244,0,244,394
08/05/2011,ARA,LA,ASW,CE,Federal Contract Tower,0,1,3,32,36,0,32,48,46,126,0,33,51,78,162,264,26,290,452
08/06/2011,ARA,LA,ASW,CE,Federal Contract Tower,0,0,6,3,9,0,41,52,5,98,0,41,58,8,107,210,22,232,339
08/07/2011,ARA,LA,ASW,CE,Federal Contract Tower,0,0,10,4,14,0,29,34,8,71,0,29,44,12,85,114,0,114,199
08/08/2011,ARA,LA,ASW,CE,Federal Contract Tower,0,5,6,7,18,0,29,32,6,67,0,34,38,13,85,114,4,118,203
08/09/2011,ARA,LA,ASW,CE,Federal Contract Tower,0,0,17,14,31,0,16,67,24,107,0,16,84,38,138,166,2,168,306
08/10/2011,ARA,LA,ASW,CE,Federal Contract Tower,0,0,8,11,19,0,39,77,10,126,0,39,85,21,145,358,0,358,503
08/11/2011,ARA,LA,ASW,CE,Federal Contract Tower,0,0,7,13,20,0,52,82,12,146,0,52,89,25,166,390,12,402,568
08/12/2011,ARA,LA,ASW,CE,Federal Contract Tower,0,0,2,1,3,0,22,52,5,79,0,22,54,6,82,196,0,196,278
08/13/2011,ARA,LA,ASW,CE,Federal Contract Tower,0,3,1,0,4,0,24,58,0,82,0,27,59,0,86,166,0,166,252
08/14/2011,ARA,LA,ASW,CE,Federal Contract Tower,0,10,3,0,13,0,40,33,0,73,0,50,36,0,86,224,0,224,310
08/15/2011,ARA,LA,ASW,CE,Federal Contract Tower,0,4,6,2,12,0,30,67,6,103,0,34,73,8,115,214,0,214,329
08/16/2011,ARA,LA,ASW,CE,Federal Contract Tower,2,0,4,7,13,2,48,48,8,106,4,48,52,15,119,240,0,240,359
08/17/2011,ARA,LA,ASW,CE,Federal Contract Tower,0,0,16,10,26,0,40,77,12,129,0,40,93,22,155,206,6,212,367
08/18/2011,ARA,LA,ASW,CE,Federal Contract Tower,0,3,11,18,32,0,69,64,21,154,0,72,75,39,186,376,12,388,574
08/19/2011,ARA,LA,ASW,CE,Federal Contract Tower,0,5,12,20,37,0,77,46,28,151,0,82,58,48,188,266,0,266,454
08/20/2011,ARA,LA,ASW,CE,Federal Contract Tower,0,0,3,0,3,0,60,19,0,79,0,60,22,0,82,190,0,190,272
08/21/2011,ARA,LA,ASW,CE,Federal Contract Tower,0,0,5,0,5,0,39,27,0,66,0,39,32,0,71,200,0,200,271
08/22/2011,ARA,LA,ASW,CE,Federal Contract Tower,0,0,11,12,23,0,44,49,14,107,0,44,60,26,130,188,6,194,324
08/23/2011,ARA,LA,ASW,CE,Federal Contract Tower,0,0,3,13,16,0,18,30,23,71,0,18,33,36,87,74,12,86,173
08/24/2011,ARA,LA,ASW,CE,Federal Contract Tower,0,2,14,24,40,0,49,61,30,140,0,51,75,54,180,166,24,190,370
08/25/2011,ARA,LA,ASW,CE,Federal Contract Tower,0,5,10,4,19,0,52,45,9,106,0,57,55,13,125,156,0,156,281
08/26/2011,ARA,LA,ASW,CE,Federal Contract Tower,0,4,8,28,40,0,62,50,34,146,0,66,58,62,186,242,4,246,432
08/27/2011,ARA,LA,ASW,CE,Federal Contract Tower,0,7,5,4,16,0,58,26,6,90,0,65,31,10,106,154,0,154,260
08/28/2011,ARA,LA,ASW,CE,Federal Contract Tower,1,6,10,4,21,1,47,38,4,90,2,53,48,8,111,140,0,140,251
08/29/2011,ARA,LA,ASW,CE,Federal Contract Tower,0,4,1,4,9,0,46,38,6,90,0,50,39,10,99,186,22,208,307
08/30/2011,ARA,LA,ASW,CE,Federal Contract Tower,0,5,3,5,13,0,50,55,9,114,0,55,58,14,127,238,0,238,365
08/31/2011,ARA,LA,ASW,CE,Federal Contract Tower,2,20,5,4,31,2,71,42,5,120,4,91,47,9,151,222,0,222,373
09/01/2011,ARA,LA,ASW,CE,Federal Contract Tower,1,1,3,1,6,1,47,24,4,76,2,48,27,5,82,94,0,94,176
09/02/2011,ARA,LA,ASW,CE,Federal Contract Tower,1,1,2,0,4,1,32,3,0,36,2,33,5,0,40,16,0,16,56
09/03/2011,ARA,LA,ASW,CE,Federal Contract Tower,0,0,0,0,0,0,0,0,0,0,0,0,0,0,0,0,0,0,0
09/04/2011,ARA,LA,ASW,CE,Federal Contract Tower,1,0,1,1,3,1,0,1,2,4,2,0,2,3,7,0,0,0,7
09/05/2011,ARA,LA,ASW,CE,Federal Contract Tower,0,2,0,2,4,0,57,9,2,68,0,59,9,4,72,94,0,94,166
09/06/2011,ARA,LA,ASW,CE,Federal Contract Tower,1,7,3,23,34,1,48,39,31,119,2,55,42,54,153,174,6,180,333
09/07/2011,ARA,LA,ASW,CE,Federal Contract Tower,1,3,9,20,33,1,34,67,27,129,2,37,76,47,162,186,2,188,350
09/08/2011,ARA,LA,ASW,CE,Federal Contract Tower,0,2,11,12,25,0,58,53,22,133,0,60,64,34,158,226,0,226,384
09/09/2011,ARA,LA,ASW,CE,Federal Contract Tower,0,5,8,18,31,0,56,42,18,116,0,61,50,36,147,176,0,176,323
09/10/2011,ARA,LA,ASW,CE,Federal Contract Tower,0,10,2,2,14,0,70,38,2,110,0,80,40,4,124,196,0,196,320
09/11/2011,ARA,LA,ASW,CE,Federal Contract Tower,0,1,0,6,7,0,25,29,6,60,0,26,29,12,67,166,0,166,233
09/12/2011,ARA,LA,ASW,CE,Federal Contract Tower,2,0,3,4,9,2,54,33,4,93,4,54,36,8,102,252,0,252,354
09/13/2011,ARA,LA,ASW,CE,Federal Contract Tower,0,6,7,2,15,0,43,44,3,90,0,49,51,5,105,222,0,222,327
09/14/2011,ARA,LA,ASW,CE,Federal Contract Tower,0,0,9,7,16,0,50,33,10,93,0,50,42,17,109,268,0,268,377
09/15/2011,ARA,LA,ASW,CE,Federal Contract Tower,1,1,7,4,13,1,52,20,4,77,2,53,27,8,90,222,2,224,314
09/16/2011,ARA,LA,ASW,CE,Federal Contract Tower,2,14,8,24,48,2,115,25,26,168,4,129,33,50,216,284,8,292,508
09/17/2011,ARA,LA,ASW,CE,Federal Contract Tower,0,2,3,2,7,0,55,15,1,71,0,57,18,3,78,248,0,248,326
09/18/2011,ARA,LA,ASW,CE,Federal Contract Tower,0,1,6,0,7,0,22,18,0,40,0,23,24,0,47,66,0,66,113
09/19/2011,ARA,LA,ASW,CE,Federal Contract Tower,1,0,0,0,1,1,35,34,0,70,2,35,34,0,71,126,0,126,197
09/20/2011,ARA,LA,ASW,CE,Federal Contract Tower,0,2,17,9,28,0,56,60,12,128,0,58,77,21,156,160,0,160,316
09/21/2011,ARA,LA,ASW,CE,Federal Contract Tower,0,8,12,7,27,0,86,54,8,148,0,94,66,15,175,320,2,322,497
09/22/2011,ARA,LA,ASW,CE,Federal Contract Tower,0,7,2,10,19,0,80,22,18,120,0,87,24,28,139,190,16,206,345
09/23/2011,ARA,LA,ASW,CE,Federal Contract Tower,0,8,12,43,63,0,84,34,43,161,0,92,46,86,224,232,0,232,456
09/24/2011,ARA,LA,ASW,CE,Federal Contract Tower,2,10,2,4,18,2,51,26,4,83,4,61,28,8,101,156,0,156,257
09/25/2011,ARA,LA,ASW,CE,Federal Contract Tower,0,0,3,2,5,0,53,26,3,82,0,53,29,5,87,184,2,186,273
09/26/2011,ARA,LA,ASW,CE,Federal Contract Tower,1,2,26,13,42,1,64,88,19,172,2,66,114,32,214,366,4,370,584
09/27/2011,ARA,LA,ASW,CE,Federal Contract Tower,1,14,6,8,29,1,64,56,16,137,2,78,62,24,166,262,6,268,434
09/28/2011,ARA,LA,ASW,CE,Federal Contract Tower,1,6,14,2,23,1,44,52,4,101,2,50,66,6,124,266,0,266,390
09/29/2011,ARA,LA,ASW,CE,Federal Contract Tower,0,14,3,15,32,0,131,51,20,202,0,145,54,35,234,396,10,406,640
09/30/2011,ARA,LA,ASW,CE,Federal Contract Tower,0,12,12,4,28,0,112,38,4,154,0,124,50,8,182,326,6,332,514
10/01/2011,ARA,LA,ASW,CE,Federal Contract Tower,0,4,4,0,8,0,36,82,0,118,0,40,86,0,126,164,0,164,290
10/02/2011,ARA,LA,ASW,CE,Federal Contract Tower,0,0,5,6,11,0,37,30,8,75,0,37,35,14,86,162,0,162,248
10/03/2011,ARA,LA,ASW,CE,Federal Contract Tower,0,5,15,12,32,0,56,40,14,110,0,61,55,26,142,208,2,210,352
10/04/2011,ARA,LA,ASW,CE,Federal Contract Tower,0,7,4,0,11,0,62,49,0,111,0,69,53,0,122,316,0,316,438
10/05/2011,ARA,LA,ASW,CE,Federal Contract Tower,1,2,16,5,24,1,99,54,5,159,2,101,70,10,183,294,0,294,477
10/06/2011,ARA,LA,ASW,CE,Federal Contract Tower,1,11,4,13,29,1,69,36,14,120,2,80,40,27,149,182,12,194,343
10/07/2011,ARA,LA,ASW,CE,Federal Contract Tower,1,16,10,13,40,1,106,20,16,143,2,122,30,29,183,228,10,238,421
10/08/2011,ARA,LA,ASW,CE,Federal Contract Tower,0,6,0,0,6,0,46,10,0,56,0,52,10,0,62,138,0,138,200
10/09/2011,ARA,LA,ASW,CE,Federal Contract Tower,0,5,3,0,8,0,42,26,5,73,0,47,29,5,81,72,0,72,153
10/10/2011,ARA,LA,ASW,CE,Federal Contract Tower,0,9,8,0,17,0,65,27,0,92,0,74,35,0,109,140,0,140,249
10/11/2011,ARA,LA,ASW,CE,Federal Contract Tower,0,13,4,7,24,0,79,64,14,157,0,92,68,21,181,230,0,230,411
10/12/2011,ARA,LA,ASW,CE,Federal Contract Tower,0,12,14,12,38,0,53,35,27,115,0,65,49,39,153,190,26,216,369
10/13/2011,ARA,LA,ASW,CE,Federal Contract Tower,1,11,4,18,34,1,70,32,22,125,2,81,36,40,159,306,20,326,485
10/14/2011,ARA,LA,ASW,CE,Federal Contract Tower,0,9,12,19,40,0,64,45,25,134,0,73,57,44,174,226,8,234,408
10/15/2011,ARA,LA,ASW,CE,Federal Contract Tower,1,0,6,3,10,1,39,37,3,80,2,39,43,6,90,124,0,124,214
10/16/2011,ARA,LA,ASW,CE,Federal Contract Tower,0,0,3,4,7,0,48,38,4,90,0,48,41,8,97,146,0,146,243
10/17/2011,ARA,LA,ASW,CE,Federal Contract Tower,2,5,11,10,28,2,72,41,12,127,4,77,52,22,155,250,0,250,405
10/18/2011,ARA,LA,ASW,CE,Federal Contract Tower,0,1,7,2,10,0,53,26,4,83,0,54,33,6,93,138,0,138,231
10/19/2011,ARA,LA,ASW,CE,Federal Contract Tower,0,4,6,28,38,0,57,54,36,147,0,61,60,64,185,284,0,284,469
10/20/2011,ARA,LA,ASW,CE,Federal Contract Tower,0,4,6,5,15,2,90,52,12,156,2,94,58,17,171,416,0,416,587
10/21/2011,ARA,LA,ASW,CE,Federal Contract Tower,0,97,62,33,192,0,12,25,24,61,0,109,87,57,253,310,22,332,585
10/22/2011,ARA,LA,ASW,CE,Federal Contract Tower,0,2,0,3,5,0,27,24,3,54,0,29,24,6,59,90,0,90,149
10/23/2011,ARA,LA,ASW,CE,Federal Contract Tower,0,13,6,15,34,0,54,30,18,102,0,67,36,33,136,200,0,200,336
10/24/2011,ARA,LA,ASW,CE,Federal Contract Tower,0,17,4,19,40,0,77,25,23,125,0,94,29,42,165,284,24,308,473
10/25/2011,ARA,LA,ASW,CE,Federal Contract Tower,0,10,12,9,31,0,62,61,15,138,0,72,73,24,169,232,2,234,403
10/26/2011,ARA,LA,ASW,CE,Federal Contract Tower,4,5,18,7,34,8,65,37,12,122,12,70,55,19,156,258,12,270,426
10/27/2011,ARA,LA,ASW,CE,Federal Contract Tower,0,15,7,10,32,0,88,40,14,142,0,103,47,24,174,330,0,330,504
10/28/2011,ARA,LA,ASW,CE,Federal Contract Tower,0,4,13,6,23,0,58,20,12,90,0,62,33,18,113,236,0,236,349
10/29/2011,ARA,LA,ASW,CE,Federal Contract Tower,0,8,5,1,14,0,35,25,3,63,0,43,30,4,77,84,0,84,161
10/30/2011,ARA,LA,ASW,CE,Federal Contract Tower,4,0,7,2,13,4,33,17,5,59,8,33,24,7,72,138,10,148,220
10/31/2011,ARA,LA,ASW,CE,Federal Contract Tower,1,4,7,17,29,1,60,37,19,117,2,64,44,36,146,240,32,272,418
11/01/2011,ARA,LA,ASW,CE,Federal Contract Tower,0,14,20,11,45,0,71,69,12,152,0,85,89,23,197,210,0,210,407
11/02/2011,ARA,LA,ASW,CE,Federal Contract Tower,0,13,5,19,37,0,61,40,22,123,0,74,45,41,160,182,2,184,344
11/03/2011,ARA,LA,ASW,CE,Federal Contract Tower,4,17,1,9,31,4,77,23,11,115,8,94,24,20,146,292,8,300,446
11/04/2011,ARA,LA,ASW,CE,Federal Contract Tower,0,16,11,27,54,0,71,50,29,150,0,87,61,56,204,194,20,214,418
11/05/2011,ARA,LA,ASW,CE,Federal Contract Tower,0,10,0,0,10,0,54,27,4,85,0,64,27,4,95,88,0,88,183
11/06/2011,ARA,LA,ASW,CE,Federal Contract Tower,0,11,2,0,13,0,57,23,0,80,0,68,25,0,93,212,0,212,305
11/07/2011,ARA,LA,ASW,CE,Federal Contract Tower,0,11,14,11,36,0,55,33,11,99,0,66,47,22,135,154,14,168,303
11/08/2011,ARA,LA,ASW,CE,Federal Contract Tower,1,11,12,8,32,1,47,31,8,87,2,58,43,16,119,152,0,152,271
11/09/2011,ARA,LA,ASW,CE,Federal Contract Tower,1,8,19,5,33,1,67,75,10,153,2,75,94,15,186,290,6,296,482
11/10/2011,ARA,LA,ASW,CE,Federal Contract Tower,0,0,1,11,12,0,37,41,15,93,0,37,42,26,105,140,0,140,245
11/11/2011,ARA,LA,ASW,CE,Federal Contract Tower,0,11,12,4,27,0,67,36,8,111,0,78,48,12,138,194,8,202,340
11/12/2011,ARA,LA,ASW,CE,Federal Contract Tower,0,2,14,0,16,0,47,47,5,99,0,49,61,5,115,132,0,132,247
11/13/2011,ARA,LA,ASW,CE,Federal Contract Tower,0,5,2,3,10,0,27,18,4,49,0,32,20,7,59,44,0,44,103
11/14/2011,ARA,LA,ASW,CE,Federal Contract Tower,0,10,13,0,23,0,47,24,2,73,0,57,37,2,96,138,0,138,234
11/15/2011,ARA,LA,ASW,CE,Federal Contract Tower,2,1,4,2,9,2,47,27,2,78,4,48,31,4,87,260,0,260,347
11/16/2011,ARA,LA,ASW,CE,Federal Contract Tower,0,22,4,20,46,0,74,27,20,121,0,96,31,40,167,218,0,218,385
11/17/2011,ARA,LA,ASW,CE,Federal Contract Tower,0,15,5,12,32,0,67,35,13,115,0,82,40,25,147,120,0,120,267
11/18/2011,ARA,LA,ASW,CE,Federal Contract Tower,1,19,7,5,32,1,68,36,11,116,2,87,43,16,148,198,4,202,350
11/19/2011,ARA,LA,ASW,CE,Federal Contract Tower,0,3,12,5,20,0,60,24,4,88,0,63,36,9,108,256,10,266,374
11/20/2011,ARA,LA,ASW,CE,Federal Contract Tower,0,22,20,5,47,0,23,35,7,65,0,45,55,12,112,104,0,104,216
11/21/2011,ARA,LA,ASW,CE,Federal Contract Tower,0,13,5,10,28,0,47,27,13,87,0,60,32,23,115,150,2,152,267
11/22/2011,ARA,LA,ASW,CE,Federal Contract Tower,0,2,18,0,20,0,12,32,1,45,0,14,50,1,65,94,0,94,159
11/23/2011,ARA,LA,ASW,CE,Federal Contract Tower,1,7,12,10,30,1,54,60,13,128,2,61,72,23,158,139,10,149,307
11/24/2011,ARA,LA,ASW,CE,Federal Contract Tower,0,5,4,0,9,0,18,4,0,22,0,23,8,0,31,14,0,14,45
11/25/2011,ARA,LA,ASW,CE,Federal Contract Tower,1,0,0,0,1,1,16,7,0,24,2,16,7,0,25,108,0,108,133
11/26/2011,ARA,LA,ASW,CE,Federal Contract Tower,0,0,5,0,5,0,11,7,0,18,0,11,12,0,23,18,0,18,41
11/27/2011,ARA,LA,ASW,CE,Federal Contract Tower,0,3,3,0,6,0,23,10,0,33,0,26,13,0,39,166,0,166,205
11/28/2011,ARA,LA,ASW,CE,Federal Contract Tower,0,7,10,3,20,2,33,33,5,73,2,40,43,8,93,187,2,189,282
11/29/2011,ARA,LA,ASW,CE,Federal Contract Tower,0,27,7,16,50,0,74,51,19,144,0,101,58,35,194,190,8,198,392
11/30/2011,ARA,LA,ASW,CE,Federal Contract Tower,0,17,11,0,28,0,78,42,2,122,0,95,53,2,150,338,0,338,488
12/01/2011,ARA,LA,ASW,CE,Federal Contract Tower,0,8,19,5,32,0,71,40,6,117,0,79,59,11,149,218,0,218,367
12/02/2011,ARA,LA,ASW,CE,Federal Contract Tower,0,16,6,22,44,0,94,16,34,144,0,110,22,56,188,264,16,280,468
12/03/2011,ARA,LA,ASW,CE,Federal Contract Tower,0,4,5,1,10,0,39,16,1,56,0,43,21,2,66,148,0,148,214
12/04/2011,ARA,LA,ASW,CE,Federal Contract Tower,0,5,3,2,10,0,35,7,2,44,0,40,10,4,54,160,0,160,214
12/05/2011,ARA,LA,ASW,CE,Federal Contract Tower,1,12,3,0,16,1,33,6,0,40,2,45,9,0,56,142,0,142,198
12/06/2011,ARA,LA,ASW,CE,Federal Contract Tower,0,5,10,25,40,0,24,12,28,64,0,29,22,53,104,124,0,124,228
12/07/2011,ARA,LA,ASW,CE,Federal Contract Tower,0,17,9,24,50,0,69,28,24,121,0,86,37,48,171,254,0,254,425
12/08/2011,ARA,LA,ASW,CE,Federal Contract Tower,0,17,10,8,35,0,87,36,9,132,0,104,46,17,167,244,4,248,415
12/09/2011,ARA,LA,ASW,CE,Federal Contract Tower,0,22,9,22,53,0,82,24,25,131,0,104,33,47,184,272,4,276,460
12/10/2011,ARA,LA,ASW,CE,Federal Contract Tower,0,8,3,3,14,0,31,34,6,71,0,39,37,9,85,144,2,146,231
12/11/2011,ARA,LA,ASW,CE,Federal Contract Tower,0,2,6,14,22,0,44,17,14,75,0,46,23,28,97,260,4,264,361
12/12/2011,ARA,LA,ASW,CE,Federal Contract Tower,0,31,7,6,44,0,15,19,2,36,0,46,26,8,80,74,0,74,154
12/13/2011,ARA,LA,ASW,CE,Federal Contract Tower,0,6,8,5,19,0,27,47,8,82,0,33,55,13,101,180,0,180,281
12/14/2011,ARA,LA,ASW,CE,Federal Contract Tower,0,16,9,2,27,0,65,41,8,114,0,81,50,10,141,196,0,196,337
12/15/2011,ARA,LA,ASW,CE,Federal Contract Tower,0,4,0,0,4,0,51,29,0,80,0,55,29,0,84,292,0,292,376
12/16/2011,ARA,LA,ASW,CE,Federal Contract Tower,0,2,8,6,16,0,2,8,6,16,0,4,16,12,32,0,0,0,32
12/17/2011,ARA,LA,ASW,CE,Federal Contract Tower,0,46,15,10,71,0,56,40,10,106,0,102,55,20,177,176,12,188,365
12/18/2011,ARA,LA,ASW,CE,Federal Contract Tower,0,14,3,3,20,0,50,35,5,90,0,64,38,8,110,108,0,108,218
12/19/2011,ARA,LA,ASW,CE,Federal Contract Tower,0,20,4,13,37,0,67,46,23,136,0,87,50,36,173,232,10,242,415
12/20/2011,ARA,LA,ASW,CE,Federal Contract Tower,0,14,3,0,17,0,25,17,0,42,0,39,20,0,59,94,0,94,153
12/21/2011,ARA,LA,ASW,CE,Federal Contract Tower,0,21,6,15,42,0,46,68,19,133,0,67,74,34,175,246,8,254,429
12/22/2011,ARA,LA,ASW,CE,Federal Contract Tower,0,3,0,0,3,0,30,16,0,46,0,33,16,0,49,124,0,124,173
12/23/2011,ARA,LA,ASW,CE,Federal Contract Tower,1,12,3,0,16,1,52,18,4,75,2,64,21,4,91,48,0,48,139
12/24/2011,ARA,LA,ASW,CE,Federal Contract Tower,0,6,5,0,11,0,19,22,6,47,0,25,27,6,58,18,0,18,76
12/25/2011,ARA,LA,ASW,CE,Federal Contract Tower,0,0,0,0,0,0,0,0,0,0,0,0,0,0,0,0,0,0,0
12/26/2011,ARA,LA,ASW,CE,Federal Contract Tower,0,1,3,0,4,0,1,3,0,4,0,2,6,0,8,0,0,0,8
12/27/2011,ARA,LA,ASW,CE,Federal Contract Tower,0,3,12,2,17,0,45,44,3,92,0,48,56,5,109,202,0,202,311
12/28/2011,ARA,LA,ASW,CE,Federal Contract Tower,0,6,10,10,26,0,81,61,17,159,0,87,71,27,185,268,0,268,453
12/29/2011,ARA,LA,ASW,CE,Federal Contract Tower,0,12,4,7,23,0,64,38,12,114,0,76,42,19,137,210,2,212,349
12/30/2011,ARA,LA,ASW,CE,Federal Contract Tower,0,22,2,0,24,0,61,26,2,89,0,83,28,2,113,158,0,158,271
12/31/2011,ARA,LA,ASW,CE,Federal Contract Tower,0,2,1,0,3,0,14,2,0,16,0,16,3,0,19,52,0,52,71
01/01/2012,ARA,LA,ASW,CE,Federal Contract Tower,0,12,22,0,34,0,29,5,0,34,0,41,27,0,68,72,0,72,140
01/02/2012,ARA,LA,ASW,CE,Federal Contract Tower,1,4,4,0,9,1,14,34,0,49,2,18,38,0,58,82,0,82,140
01/03/2012,ARA,LA,ASW,CE,Federal Contract Tower,0,1,10,5,16,0,34,52,8,94,0,35,62,13,110,164,0,164,274
01/04/2012,ARA,LA,ASW,CE,Federal Contract Tower,0,9,8,12,29,0,68,40,17,125,0,77,48,29,154,252,2,254,408
01/05/2012,ARA,LA,ASW,CE,Federal Contract Tower,0,7,3,12,22,0,57,38,14,109,0,64,41,26,131,254,12,266,397
01/06/2012,ARA,LA,ASW,CE,Federal Contract Tower,0,1,11,16,28,0,50,20,18,88,0,51,31,34,116,210,8,218,334
01/07/2012,ARA,LA,ASW,CE,Federal Contract Tower,2,0,1,0,3,2,39,37,0,78,4,39,38,0,81,174,0,174,255
01/08/2012,ARA,LA,ASW,CE,Federal Contract Tower,0,1,6,10,17,0,36,14,13,63,0,37,20,23,80,268,0,268,348
01/09/2012,ARA,LA,ASW,CE,Federal Contract Tower,0,2,1,0,3,0,33,7,0,40,0,35,8,0,43,100,0,100,143
01/10/2012,ARA,LA,ASW,CE,Federal Contract Tower,0,3,19,3,25,0,10,37,4,51,0,13,56,7,76,80,0,80,156
01/11/2012,ARA,LA,ASW,CE,Federal Contract Tower,0,5,5,18,28,0,37,43,29,109,0,42,48,47,137,134,18,152,289
01/12/2012,ARA,LA,ASW,CE,Federal Contract Tower,6,14,8,8,36,0,55,32,8,95,6,69,40,16,131,170,0,170,301
01/13/2012,ARA,LA,ASW,CE,Federal Contract Tower,0,12,16,9,37,0,73,48,12,133,0,85,64,21,170,228,4,232,402
01/14/2012,ARA,LA,ASW,CE,Federal Contract Tower,0,4,2,0,6,0,44,56,0,100,0,48,58,0,106,178,0,178,284
01/15/2012,ARA,LA,ASW,CE,Federal Contract Tower,0,8,4,0,12,0,25,49,0,74,0,33,53,0,86,44,0,44,130
01/16/2012,ARA,LA,ASW,CE,Federal Contract Tower,0,1,7,0,8,0,30,27,0,57,0,31,34,0,65,158,0,158,223
01/17/2012,ARA,LA,ASW,CE,Federal Contract Tower,0,0,9,2,11,0,18,15,2,35,0,18,24,4,46,106,0,106,152
01/18/2012,ARA,LA,ASW,CE,Federal Contract Tower,0,40,4,13,57,0,89,39,21,149,0,129,43,34,206,231,20,251,457
01/19/2012,ARA,LA,ASW,CE,Federal Contract Tower,1,28,11,16,56,1,102,54,22,179,2,130,65,38,235,200,8,208,443
01/20/2012,ARA,LA,ASW,CE,Federal Contract Tower,0,28,5,6,39,0,41,9,8,58,0,69,14,14,97,52,0,52,149
01/21/2012,ARA,LA,ASW,CE,Federal Contract Tower,0,0,2,0,2,0,14,6,0,20,0,14,8,0,22,26,0,26,48
01/22/2012,ARA,LA,ASW,CE,Federal Contract Tower,0,9,2,0,11,0,28,3,0,31,0,37,5,0,42,106,0,106,148
01/23/2012,ARA,LA,ASW,CE,Federal Contract Tower,2,12,4,6,24,2,42,31,8,83,4,54,35,14,107,238,18,256,363
01/24/2012,ARA,LA,ASW,CE,Federal Contract Tower,0,0,10,4,14,0,16,18,4,38,0,16,28,8,52,70,6,76,128
01/25/2012,ARA,LA,ASW,CE,Federal Contract Tower,0,0,4,0,4,0,11,18,0,29,0,11,22,0,33,128,0,128,161
01/26/2012,ARA,LA,ASW,CE,Federal Contract Tower,0,6,0,30,36,0,39,20,32,91,0,45,20,62,127,108,22,130,257
01/27/2012,ARA,LA,ASW,CE,Federal Contract Tower,0,4,5,21,30,0,79,48,23,150,0,83,53,44,180,284,0,284,464
01/28/2012,ARA,LA,ASW,CE,Federal Contract Tower,0,14,10,4,28,0,76,46,4,126,0,90,56,8,154,216,0,216,370
01/29/2012,ARA,LA,ASW,CE,Federal Contract Tower,0,13,17,7,37,0,49,35,8,92,0,62,52,15,129,188,0,188,317
01/30/2012,ARA,LA,ASW,CE,Federal Contract Tower,1,14,8,6,29,1,50,28,6,85,2,64,36,12,114,198,2,200,314
01/31/2012,ARA,LA,ASW,CE,Federal Contract Tower,0,12,22,13,47,0,51,39,14,104,0,63,61,27,151,228,0,228,379
02/01/2012,ARA,LA,ASW,CE,Federal Contract Tower,0,11,4,7,22,0,40,14,7,61,0,51,18,14,83,112,0,112,195
02/02/2012,ARA,LA,ASW,CE,Federal Contract Tower,0,8,7,10,25,0,42,15,13,70,0,50,22,23,95,166,0,166,261
02/03/2012,ARA,LA,ASW,CE,Federal Contract Tower,2,5,1,4,12,2,48,6,0,56,4,53,7,4,68,126,6,132,200
02/04/2012,ARA,LA,ASW,CE,Federal Contract Tower,0,2,4,0,6,0,7,6,0,13,0,9,10,0,19,48,0,48,67
02/05/2012,ARA,LA,ASW,CE,Federal Contract Tower,0,5,3,0,8,0,43,4,5,52,0,48,7,5,60,194,1,195,255
02/06/2012,ARA,LA,ASW,CE,Federal Contract Tower,0,20,11,14,45,0,61,35,13,109,0,81,46,27,154,140,0,140,294
02/07/2012,ARA,LA,ASW,CE,Federal Contract Tower,1,15,13,8,37,1,56,53,14,124,2,71,66,22,161,178,0,178,339
02/08/2012,ARA,LA,ASW,CE,Federal Contract Tower,0,3,15,26,44,0,73,39,31,143,0,76,54,57,187,332,0,332,519
02/09/2012,ARA,LA,ASW,CE,Federal Contract Tower,0,6,17,14,37,0,52,46,18,116,0,58,63,32,153,174,26,200,353
02/10/2012,ARA,LA,ASW,CE,Federal Contract Tower,0,4,6,8,18,0,12,7,8,27,0,16,13,16,45,10,0,10,55
02/11/2012,ARA,LA,ASW,CE,Federal Contract Tower,0,29,5,7,41,0,67,18,11,96,0,96,23,18,137,164,0,164,301
02/12/2012,ARA,LA,ASW,CE,Federal Contract Tower,0,24,4,16,44,0,39,16,21,76,0,63,20,37,120,32,10,42,162
02/13/2012,ARA,LA,ASW,CE,Federal Contract Tower,2,17,11,3,33,2,35,27,4,68,4,52,38,7,101,91,0,91,192
02/14/2012,ARA,LA,ASW,CE,Federal Contract Tower,1,15,11,17,44,1,29,54,18,102,2,44,65,35,146,146,8,154,300
02/15/2012,ARA,LA,ASW,CE,Federal Contract Tower,1,8,6,8,23,1,28,31,9,69,2,36,37,17,92,118,0,118,210
02/16/2012,ARA,LA,ASW,CE,Federal Contract Tower,0,0,2,19,21,0,23,21,21,65,0,23,23,40,86,202,10,212,298
02/17/2012,ARA,LA,ASW,CE,Federal Contract Tower,0,22,7,12,41,0,59,28,13,100,0,81,35,25,141,146,0,146,287
02/18/2012,ARA,LA,ASW,CE,Federal Contract Tower,0,0,2,0,2,0,0,2,0,2,0,0,4,0,4,2,0,2,6
02/19/2012,ARA,LA,ASW,CE,Federal Contract Tower,0,0,3,4,7,0,14,19,4,37,0,14,22,8,44,86,0,86,130
02/20/2012,ARA,LA,ASW,CE,Federal Contract Tower,0,1,4,0,5,0,29,40,0,69,0,30,44,0,74,152,0,152,226
02/21/2012,ARA,LA,ASW,CE,Federal Contract Tower,0,0,3,6,9,0,19,30,8,57,0,19,33,14,66,138,0,138,204
02/22/2012,ARA,LA,ASW,CE,Federal Contract Tower,0,10,20,14,44,0,29,34,14,77,0,39,54,28,121,108,0,108,229
02/23/2012,ARA,LA,ASW,CE,Federal Contract Tower,0,0,1,6,7,0,30,10,6,46,0,30,11,12,53,116,4,120,173
02/24/2012,ARA,LA,ASW,CE,Federal Contract Tower,2,5,1,4,12,6,24,19,32,81,8,29,20,36,93,50,18,68,161
02/25/2012,ARA,LA,ASW,CE,Federal Contract Tower,0,29,5,6,40,0,58,36,6,100,0,87,41,12,140,150,0,150,290
02/26/2012,ARA,LA,ASW,CE,Federal Contract Tower,0,4,2,0,6,0,19,24,1,44,0,23,26,1,50,152,0,152,202
02/27/2012,ARA,LA,ASW,CE,Federal Contract Tower,0,16,13,10,39,0,35,24,9,68,0,51,37,19,107,106,8,114,221
02/28/2012,ARA,LA,ASW,CE,Federal Contract Tower,0,36,9,0,45,0,47,23,0,70,0,83,32,0,115,116,0,116,231
02/29/2012,ARA,LA,ASW,CE,Federal Contract Tower,0,11,8,11,30,0,46,31,15,92,0,57,39,26,122,170,5,175,297
03/01/2012,ARA,LA,ASW,CE,Federal Contract Tower,0,13,6,10,29,0,59,28,12,99,0,72,34,22,128,228,10,238,366
03/02/2012,ARA,LA,ASW,CE,Federal Contract Tower,0,0,2,8,10,0,25,14,10,49,0,25,16,18,59,98,6,104,163
03/03/2012,ARA,LA,ASW,CE,Federal Contract Tower,0,11,5,0,16,0,24,6,0,30,0,35,11,0,46,43,0,43,89
03/04/2012,ARA,LA,ASW,CE,Federal Contract Tower,0,13,12,9,34,0,41,57,14,112,0,54,69,23,146,58,0,58,204
03/05/2012,ARA,LA,ASW,CE,Federal Contract Tower,3,21,3,8,35,3,43,40,10,96,6,64,43,18,131,124,4,128,259
03/06/2012,ARA,LA,ASW,CE,Federal Contract Tower,0,15,5,11,31,0,67,31,11,109,0,82,36,22,140,136,14,150,290
03/07/2012,ARA,LA,ASW,CE,Federal Contract Tower,0,6,9,9,24,0,38,27,11,76,0,44,36,20,100,133,1,134,234
03/08/2012,ARA,LA,ASW,CE,Federal Contract Tower,0,0,7,17,24,0,22,24,25,71,0,22,31,42,95,170,0,170,265
03/09/2012,ARA,LA,ASW,CE,Federal Contract Tower,0,8,4,1,13,0,8,4,1,13,0,16,8,2,26,2,0,2,28
03/10/2012,ARA,LA,ASW,CE,Federal Contract Tower,0,10,2,0,12,0,45,29,0,74,0,55,31,0,86,113,0,113,199
03/11/2012,ARA,LA,ASW,CE,Federal Contract Tower,0,6,1,4,11,0,30,2,4,36,0,36,3,8,47,120,0,120,167
03/12/2012,ARA,LA,ASW,CE,Federal Contract Tower,0,0,6,0,6,0,4,9,0,13,0,4,15,0,19,26,0,26,45
03/13/2012,ARA,LA,ASW,CE,Federal Contract Tower,1,4,8,0,13,1,20,49,0,70,2,24,57,0,83,120,0,120,203
03/14/2012,ARA,LA,ASW,CE,Federal Contract Tower,0,8,5,2,15,0,63,26,5,94,0,71,31,7,109,192,0,192,301
03/15/2012,ARA,LA,ASW,CE,Federal Contract Tower,0,4,8,4,16,0,42,28,9,79,0,46,36,13,95,148,26,174,269
03/16/2012,ARA,LA,ASW,CE,Federal Contract Tower,0,17,11,10,38,0,52,36,10,98,0,69,47,20,136,222,0,222,358
03/17/2012,ARA,LA,ASW,CE,Federal Contract Tower,0,2,3,0,5,0,18,12,0,30,0,20,15,0,35,76,0,76,111
03/18/2012,ARA,LA,ASW,CE,Federal Contract Tower,2,3,7,2,14,2,26,17,5,50,4,29,24,7,64,59,0,59,123
03/19/2012,ARA,LA,ASW,CE,Federal Contract Tower,0,4,8,10,22,0,21,25,10,56,0,25,33,20,78,24,0,24,102
03/20/2012,ARA,LA,ASW,CE,Federal Contract Tower,0,0,0,0,0,0,15,2,0,17,0,15,2,0,17,98,0,98,115
03/21/2012,ARA,LA,ASW,CE,Federal Contract Tower,0,0,4,0,4,0,0,0,0,0,0,0,4,0,4,0,0,0,4
03/22/2012,ARA,LA,ASW,CE,Federal Contract Tower,0,11,7,2,20,0,54,32,14,100,0,65,39,16,120,188,12,200,320
03/23/2012,ARA,LA,ASW,CE,Federal Contract Tower,0,9,11,4,24,0,41,41,4,86,0,50,52,8,110,168,0,168,278
03/24/2012,ARA,LA,ASW,CE,Federal Contract Tower,0,10,4,11,25,0,40,31,11,82,0,50,35,22,107,132,0,132,239
03/25/2012,ARA,LA,ASW,CE,Federal Contract Tower,0,2,2,14,18,0,35,15,15,65,0,37,17,29,83,78,0,78,161
03/26/2012,ARA,LA,ASW,CE,Federal Contract Tower,0,7,9,20,36,0,46,45,40,131,0,53,54,60,167,126,12,138,305
03/27/2012,ARA,LA,ASW,CE,Federal Contract Tower,0,4,14,10,28,0,27,56,10,93,0,31,70,20,121,195,0,195,316
03/28/2012,ARA,LA,ASW,CE,Federal Contract Tower,0,3,9,8,20,0,44,39,14,97,0,47,48,22,117,118,0,118,235
03/29/2012,ARA,LA,ASW,CE,Federal Contract Tower,2,14,8,6,30,2,60,50,6,118,4,74,58,12,148,236,6,242,390
03/30/2012,ARA,LA,ASW,CE,Federal Contract Tower,0,10,9,2,21,0,49,19,2,70,0,59,28,4,91,128,0,128,219
03/31/2012,ARA,LA,ASW,CE,Federal Contract Tower,0,1,8,4,13,0,34,32,8,74,0,35,40,12,87,126,0,126,213
04/01/2012,ARA,LA,ASW,CE,Federal Contract Tower,0,0,9,5,14,0,22,24,6,52,0,22,33,11,66,90,0,90,156
04/02/2012,ARA,LA,ASW,CE,Federal Contract Tower,1,5,7,1,14,1,34,24,2,61,2,39,31,3,75,130,0,130,205
04/03/2012,ARA,LA,ASW,CE,Federal Contract Tower,0,3,8,9,20,0,42,25,14,81,0,45,33,23,101,144,0,144,245
04/04/2012,ARA,LA,ASW,CE,Federal Contract Tower,0,8,1,0,9,0,21,17,0,38,0,29,18,0,47,26,0,26,73
04/05/2012,ARA,LA,ASW,CE,Federal Contract Tower,0,8,6,7,21,0,39,46,9,94,0,47,52,16,115,194,8,202,317
04/06/2012,ARA,LA,ASW,CE,Federal Contract Tower,0,3,10,14,27,0,20,40,14,74,0,23,50,28,101,56,2,58,159
04/07/2012,ARA,LA,ASW,CE,Federal Contract Tower,0,0,14,0,14,0,28,65,0,93,0,28,79,0,107,74,0,74,181
04/08/2012,ARA,LA,ASW,CE,Federal Contract Tower,0,0,6,0,6,0,17,24,0,41,0,17,30,0,47,42,0,42,89
04/09/2012,ARA,LA,ASW,CE,Federal Contract Tower,0,0,3,7,10,0,61,21,8,90,0,61,24,15,100,104,2,106,206
04/10/2012,ARA,LA,ASW,CE,Federal Contract Tower,2,9,9,4,24,2,73,14,4,93,4,82,23,8,117,186,0,186,303
04/11/2012,ARA,LA,ASW,CE,Federal Contract Tower,0,9,3,8,20,0,60,25,15,100,0,69,28,23,120,172,6,178,298
04/12/2012,ARA,LA,ASW,CE,Federal Contract Tower,0,2,7,18,27,0,47,29,18,94,0,49,36,36,121,166,0,166,287
04/13/2012,ARA,LA,ASW,CE,Federal Contract Tower,0,6,2,6,14,0,41,17,6,64,0,47,19,12,78,120,0,120,198
04/14/2012,ARA,LA,ASW,CE,Federal Contract Tower,0,4,6,2,12,0,26,27,2,55,0,30,33,4,67,24,0,24,91
04/15/2012,ARA,LA,ASW,CE,Federal Contract Tower,0,0,7,21,28,0,32,18,23,73,0,32,25,44,101,104,0,104,205
04/16/2012,ARA,LA,ASW,CE,Federal Contract Tower,0,0,3,0,3,0,7,7,0,14,0,7,10,0,17,36,0,36,53
04/17/2012,ARA,LA,ASW,CE,Federal Contract Tower,0,4,8,4,16,0,30,28,4,62,0,34,36,8,78,92,0,92,170
04/18/2012,ARA,LA,ASW,CE,Federal Contract Tower,0,7,20,11,38,0,56,54,20,130,0,63,74,31,168,176,6,182,350
04/19/2012,ARA,LA,ASW,CE,Federal Contract Tower,0,4,5,12,21,0,76,43,14,133,0,80,48,26,154,210,0,210,364
04/20/2012,ARA,LA,ASW,CE,Federal Contract Tower,0,6,5,12,23,0,71,34,18,123,0,77,39,30,146,226,0,226,372
04/21/2012,ARA,LA,ASW,CE,Federal Contract Tower,2,4,5,15,26,0,9,14,21,44,2,13,19,36,70,0,4,4,74
04/22/2012,ARA,LA,ASW,CE,Federal Contract Tower,0,4,3,10,17,0,25,28,9,62,0,29,31,19,79,24,14,38,117
04/23/2012,ARA,LA,ASW,CE,Federal Contract Tower,0,5,5,12,22,0,49,45,14,108,0,54,50,26,130,162,22,184,314
04/24/2012,ARA,LA,ASW,CE,Federal Contract Tower,0,9,7,1,17,0,46,48,2,96,0,55,55,3,113,245,0,245,358
04/25/2012,ARA,LA,ASW,CE,Federal Contract Tower,0,0,2,9,11,0,48,36,17,101,0,48,38,26,112,216,2,218,330
04/26/2012,ARA,LA,ASW,CE,Federal Contract Tower,0,7,4,6,17,0,59,26,10,95,0,66,30,16,112,212,2,214,326
04/27/2012,ARA,LA,ASW,CE,Federal Contract Tower,0,0,6,11,17,0,38,30,11,79,0,38,36,22,96,202,10,212,308
04/28/2012,ARA,LA,ASW,CE,Federal Contract Tower,0,0,5,10,15,0,27,29,15,71,0,27,34,25,86,156,10,166,252
04/29/2012,ARA,LA,ASW,CE,Federal Contract Tower,0,0,8,0,8,0,26,20,0,46,0,26,28,0,54,102,0,102,156
04/30/2012,ARA,LA,ASW,CE,Federal Contract Tower,0,0,4,1,5,0,35,27,6,68,0,35,31,7,73,178,0,178,251
05/01/2012,ARA,LA,ASW,CE,Federal Contract Tower,0,6,9,10,25,0,55,40,12,107,0,61,49,22,132,164,0,164,296
05/02/2012,ARA,LA,ASW,CE,Federal Contract Tower,2,0,2,2,6,2,33,32,4,71,4,33,34,6,77,122,0,122,199
05/03/2012,ARA,LA,ASW,CE,Federal Contract Tower,0,11,9,7,27,0,76,36,14,126,0,87,45,21,153,204,10,214,367
05/04/2012,ARA,LA,ASW,CE,Federal Contract Tower,0,2,5,28,35,0,50,39,35,124,0,52,44,63,159,112,48,160,319
05/05/2012,ARA,LA,ASW,CE,Federal Contract Tower,0,7,1,3,11,0,29,27,3,59,0,36,28,6,70,56,0,56,126
05/06/2012,ARA,LA,ASW,CE,Federal Contract Tower,0,5,11,10,26,0,36,40,20,96,0,41,51,30,122,136,0,136,258
05/07/2012,ARA,LA,ASW,CE,Federal Contract Tower,0,3,5,12,20,0,25,15,12,52,0,28,20,24,72,138,12,150,222
05/08/2012,ARA,LA,ASW,CE,Federal Contract Tower,0,6,7,10,23,0,62,29,14,105,0,68,36,24,128,180,8,188,316
05/09/2012,ARA,LA,ASW,CE,Federal Contract Tower,0,4,6,5,15,0,38,30,5,73,0,42,36,10,88,168,0,168,256
05/10/2012,ARA,LA,ASW,CE,Federal Contract Tower,0,7,4,5,16,0,81,53,8,142,0,88,57,13,158,294,6,300,458
05/11/2012,ARA,LA,ASW,CE,Federal Contract Tower,1,1,1,0,3,1,9,3,0,13,2,10,4,0,16,6,0,6,22
05/12/2012,ARA,LA,ASW,CE,Federal Contract Tower,0,0,1,0,1,0,38,15,0,53,0,38,16,0,54,66,0,66,120
05/13/2012,ARA,LA,ASW,CE,Federal Contract Tower,0,2,4,7,13,0,39,20,8,67,0,41,24,15,80,76,8,84,164
05/14/2012,ARA,LA,ASW,CE,Federal Contract Tower,2,2,1,19,24,2,43,36,18,99,4,45,37,37,123,160,6,166,289
05/15/2012,ARA,LA,ASW,CE,Federal Contract Tower,0,1,10,9,20,0,46,33,17,96,0,47,43,26,116,202,12,214,330
05/16/2012,ARA,LA,ASW,CE,Federal Contract Tower,0,9,9,13,31,0,62,28,14,104,0,71,37,27,135,198,2,200,335
05/17/2012,ARA,LA,ASW,CE,Federal Contract Tower,0,3,8,4,15,0,74,28,10,112,0,77,36,14,127,364,22,386,513
05/18/2012,ARA,LA,ASW,CE,Federal Contract Tower,0,0,12,4,16,0,27,32,6,65,0,27,44,10,81,150,0,150,231
05/19/2012,ARA,LA,ASW,CE,Federal Contract Tower,1,0,0,8,9,2,22,21,8,53,3,22,21,16,62,86,0,86,148
05/20/2012,ARA,LA,ASW,CE,Federal Contract Tower,0,4,13,6,23,0,22,43,5,70,0,26,56,11,93,48,0,48,141
05/21/2012,ARA,LA,ASW,CE,Federal Contract Tower,0,2,8,8,18,0,23,37,20,80,0,25,45,28,98,108,0,108,206
05/22/2012,ARA,LA,ASW,CE,Federal Contract Tower,0,2,15,11,28,0,39,44,13,96,0,41,59,24,124,192,0,192,316
05/23/2012,ARA,LA,ASW,CE,Federal Contract Tower,0,1,5,14,20,0,84,40,16,140,0,85,45,30,160,284,2,286,446
05/24/2012,ARA,LA,ASW,CE,Federal Contract Tower,0,7,5,3,15,0,62,34,3,99,0,69,39,6,114,172,0,172,286
05/25/2012,ARA,LA,ASW,CE,Federal Contract Tower,2,6,6,0,14,2,40,38,0,80,4,46,44,0,94,140,0,140,234
05/26/2012,ARA,LA,ASW,CE,Federal Contract Tower,0,0,9,0,9,0,35,33,0,68,0,35,42,0,77,68,0,68,145
05/27/2012,ARA,LA,ASW,CE,Federal Contract Tower,0,3,0,0,3,0,33,25,0,58,0,36,25,0,61,52,0,52,113
05/28/2012,ARA,LA,ASW,CE,Federal Contract Tower,0,7,5,0,12,0,34,41,2,77,0,41,46,2,89,148,0,148,237
05/29/2012,ARA,LA,ASW,CE,Federal Contract Tower,0,0,15,17,32,0,47,45,21,113,0,47,60,38,145,176,4,180,325
05/30/2012,ARA,LA,ASW,CE,Federal Contract Tower,0,11,7,11,29,0,63,19,16,98,0,74,26,27,127,146,8,154,281
05/31/2012,ARA,LA,ASW,CE,Federal Contract Tower,0,9,9,11,29,0,42,44,14,100,0,51,53,25,129,118,2,120,249
06/01/2012,ARA,LA,ASW,CE,Federal Contract Tower,0,5,9,17,31,0,34,27,22,83,0,39,36,39,114,126,10,136,250
06/02/2012,ARA,LA,ASW,CE,Federal Contract Tower,2,5,0,0,7,2,22,26,1,51,4,27,26,1,58,70,8,78,136
06/03/2012,ARA,LA,ASW,CE,Federal Contract Tower,0,2,8,2,12,0,30,40,2,72,0,32,48,4,84,94,4,98,182
06/04/2012,ARA,LA,ASW,CE,Federal Contract Tower,0,1,7,6,14,0,39,29,11,79,0,40,36,17,93,336,0,336,429
06/05/2012,ARA,LA,ASW,CE,Federal Contract Tower,0,0,8,15,23,0,37,48,16,101,0,37,56,31,124,180,10,190,314
06/06/2012,ARA,LA,ASW,CE,Federal Contract Tower,2,0,16,22,40,2,22,30,26,80,4,22,46,48,120,136,8,144,264
06/07/2012,ARA,LA,ASW,CE,Federal Contract Tower,0,3,7,18,28,0,35,24,18,77,0,38,31,36,105,150,0,150,255
06/08/2012,ARA,LA,ASW,CE,Federal Contract Tower,0,3,6,2,11,0,33,29,2,64,0,36,35,4,75,88,0,88,163
06/09/2012,ARA,LA,ASW,CE,Federal Contract Tower,0,0,5,0,5,0,15,13,0,28,0,15,18,0,33,92,0,92,125
06/10/2012,ARA,LA,ASW,CE,Federal Contract Tower,0,5,4,0,9,0,1,9,0,10,0,6,13,0,19,18,0,18,37
06/11/2012,ARA,LA,ASW,CE,Federal Contract Tower,5,1,12,13,31,8,35,36,14,93,13,36,48,27,124,106,0,106,230
06/12/2012,ARA,LA,ASW,CE,Federal Contract Tower,0,0,9,1,10,0,27,38,2,67,0,27,47,3,77,226,4,230,307
06/13/2012,ARA,LA,ASW,CE,Federal Contract Tower,0,3,7,10,20,0,40,30,10,80,0,43,37,20,100,188,10,198,298
06/14/2012,ARA,LA,ASW,CE,Federal Contract Tower,2,3,13,0,18,1,57,33,2,93,3,60,46,2,111,204,0,204,315
06/15/2012,ARA,LA,ASW,CE,Federal Contract Tower,0,7,9,8,24,0,46,48,16,110,0,53,57,24,134,60,0,60,194
06/16/2012,ARA,LA,ASW,CE,Federal Contract Tower,3,13,3,3,22,0,42,50,2,94,3,55,53,5,116,98,4,102,218
06/17/2012,ARA,LA,ASW,CE,Federal Contract Tower,0,2,4,1,7,0,18,10,1,29,0,20,14,2,36,81,2,83,119
06/18/2012,ARA,LA,ASW,CE,Federal Contract Tower,0,2,5,0,7,0,17,34,0,51,0,19,39,0,58,136,0,136,194
06/19/2012,ARA,LA,ASW,CE,Federal Contract Tower,0,8,7,6,21,0,31,27,6,64,0,39,34,12,85,126,24,150,235
06/20/2012,ARA,LA,ASW,CE,Federal Contract Tower,0,9,11,22,42,0,63,38,26,127,0,72,49,48,169,160,4,164,333
06/21/2012,ARA,LA,ASW,CE,Federal Contract Tower,0,6,7,41,54,0,66,25,48,139,0,72,32,89,193,272,4,276,469
06/22/2012,ARA,LA,ASW,CE,Federal Contract Tower,0,7,8,31,46,0,67,44,37,148,0,74,52,68,194,106,6,112,306
06/23/2012,ARA,LA,ASW,CE,Federal Contract Tower,0,5,1,2,8,0,32,36,2,70,0,37,37,4,78,76,0,76,154
06/24/2012,ARA,LA,ASW,CE,Federal Contract Tower,0,0,3,0,3,0,25,25,0,50,0,25,28,0,53,132,0,132,185
06/25/2012,ARA,LA,ASW,CE,Federal Contract Tower,2,1,4,20,27,1,51,47,41,140,3,52,51,61,167,198,26,224,391
06/26/2012,ARA,LA,ASW,CE,Federal Contract Tower,1,0,2,21,24,1,41,25,23,90,2,41,27,44,114,90,2,92,206
06/27/2012,ARA,LA,ASW,CE,Federal Contract Tower,0,3,12,6,21,0,56,44,6,106,0,59,56,12,127,190,0,190,317
06/28/2012,ARA,LA,ASW,CE,Federal Contract Tower,2,1,2,11,16,2,65,41,14,122,4,66,43,25,138,190,4,194,332
06/29/2012,ARA,LA,ASW,CE,Federal Contract Tower,0,15,6,16,37,0,75,34,14,123,0,90,40,30,160,229,0,229,389
06/30/2012,ARA,LA,ASW,CE,Federal Contract Tower,0,1,6,0,7,0,33,36,3,72,0,34,42,3,79,86,6,92,171
07/01/2012,ARA,LA,ASW,CE,Federal Contract Tower,0,0,3,0,3,0,17,22,1,40,0,17,25,1,43,34,0,34,77
07/02/2012,ARA,LA,ASW,CE,Federal Contract Tower,0,3,8,16,27,0,33,30,9,72,0,36,38,25,99,140,0,140,239
07/03/2012,ARA,LA,ASW,CE,Federal Contract Tower,0,2,2,1,5,0,48,22,1,71,0,50,24,2,76,204,0,204,280
07/04/2012,ARA,LA,ASW,CE,Federal Contract Tower,0,2,0,0,2,0,16,17,0,33,0,18,17,0,35,120,0,120,155
07/05/2012,ARA,LA,ASW,CE,Federal Contract Tower,0,2,4,9,15,0,20,19,8,47,0,22,23,17,62,102,26,128,190
07/06/2012,ARA,LA,ASW,CE,Federal Contract Tower,0,5,2,12,19,0,42,10,0,52,0,47,12,12,71,130,8,138,209
07/07/2012,ARA,LA,ASW,CE,Federal Contract Tower,2,3,2,0,7,0,17,9,0,26,2,20,11,0,33,98,0,98,131
07/08/2012,ARA,LA,ASW,CE,Federal Contract Tower,0,2,4,0,6,0,31,8,0,39,0,33,12,0,45,54,0,54,99
07/09/2012,ARA,LA,ASW,CE,Federal Contract Tower,0,1,3,0,4,0,24,2,0,26,0,25,5,0,30,64,0,64,94
07/10/2012,ARA,LA,ASW,CE,Federal Contract Tower,2,3,1,0,6,0,36,6,0,42,2,39,7,0,48,226,0,226,274
07/11/2012,ARA,LA,ASW,CE,Federal Contract Tower,0,7,6,0,13,0,51,10,0,61,0,58,16,0,74,222,0,222,296
07/12/2012,ARA,LA,ASW,CE,Federal Contract Tower,0,10,5,0,15,0,32,12,0,44,0,42,17,0,59,114,0,114,173
07/13/2012,ARA,LA,ASW,CE,Federal Contract Tower,0,0,2,0,2,0,31,8,0,39,0,31,10,0,41,98,0,98,139
07/14/2012,ARA,LA,ASW,CE,Federal Contract Tower,0,13,7,0,20,0,22,19,0,41,0,35,26,0,61,62,0,62,123
07/15/2012,ARA,LA,ASW,CE,Federal Contract Tower,0,16,5,0,21,0,19,10,0,29,0,35,15,0,50,100,0,100,150
07/16/2012,ARA,LA,ASW,CE,Federal Contract Tower,0,2,0,8,10,0,41,22,3,66,0,43,22,11,76,258,10,268,344
07/17/2012,ARA,LA,ASW,CE,Federal Contract Tower,0,0,11,10,21,0,61,49,3,113,0,61,60,13,134,204,0,204,338
07/18/2012,ARA,LA,ASW,CE,Federal Contract Tower,2,0,4,7,13,0,52,22,2,76,2,52,26,9,89,236,0,236,325
07/19/2012,ARA,LA,ASW,CE,Federal Contract Tower,0,0,9,2,11,0,35,24,6,65,0,35,33,8,76,130,6,136,212
07/20/2012,ARA,LA,ASW,CE,Federal Contract Tower,0,3,5,5,13,0,41,30,3,74,0,44,35,8,87,138,10,148,235
07/21/2012,ARA,LA,ASW,CE,Federal Contract Tower,2,4,3,0,9,0,9,9,0,18,2,13,12,0,27,48,0,48,75
07/22/2012,ARA,LA,ASW,CE,Federal Contract Tower,0,5,2,0,7,0,24,18,0,42,0,29,20,0,49,58,0,58,107
07/23/2012,ARA,LA,ASW,CE,Federal Contract Tower,0,0,9,3,12,0,29,25,0,54,0,29,34,3,66,154,0,154,220
07/24/2012,ARA,LA,ASW,CE,Federal Contract Tower,0,0,9,6,15,0,34,51,0,85,0,34,60,6,100,196,0,196,296
07/25/2012,ARA,LA,ASW,CE,Federal Contract Tower,0,18,7,7,32,0,50,29,1,80,0,68,36,8,112,248,0,248,360
07/26/2012,ARA,LA,ASW,CE,Federal Contract Tower,0,9,10,0,19,0,56,33,0,89,0,65,43,0,108,209,0,209,317
07/27/2012,ARA,LA,ASW,CE,Federal Contract Tower,0,7,13,8,28,0,40,22,2,64,0,47,35,10,92,118,6,124,216
07/28/2012,ARA,LA,ASW,CE,Federal Contract Tower,0,9,10,0,19,0,22,8,0,30,0,31,18,0,49,38,0,38,87
07/29/2012,ARA,LA,ASW,CE,Federal Contract Tower,1,16,8,8,33,0,21,26,11,58,1,37,34,19,91,68,8,76,167
07/30/2012,ARA,LA,ASW,CE,Federal Contract Tower,1,5,2,3,11,0,47,5,2,54,1,52,7,5,65,238,0,238,303
07/31/2012,ARA,LA,ASW,CE,Federal Contract Tower,0,1,8,17,26,0,42,16,4,62,0,43,24,21,88,212,12,224,312
08/01/2012,ARA,LA,ASW,CE,Federal Contract Tower,2,2,6,18,28,0,59,31,2,92,2,61,37,20,120,302,10,312,432
08/02/2012,ARA,LA,ASW,CE,Federal Contract Tower,0,2,0,16,18,0,51,32,2,85,0,53,32,18,103,201,24,225,328
08/03/2012,ARA,LA,ASW,CE,Federal Contract Tower,0,3,10,13,26,0,35,17,1,53,0,38,27,14,79,162,10,172,251
08/04/2012,ARA,LA,ASW,CE,Federal Contract Tower,1,0,6,0,7,0,27,28,1,56,1,27,34,1,63,124,0,124,187
08/05/2012,ARA,LA,ASW,CE,Federal Contract Tower,0,0,1,6,7,0,30,22,2,54,0,30,23,8,61,122,0,122,183
08/06/2012,ARA,LA,ASW,CE,Federal Contract Tower,0,0,10,14,24,0,33,45,14,92,0,33,55,28,116,162,0,162,278
08/07/2012,ARA,LA,ASW,CE,Federal Contract Tower,0,4,4,9,17,0,38,34,11,83,0,42,38,20,100,216,0,216,316
08/08/2012,ARA,LA,ASW,CE,Federal Contract Tower,0,0,4,15,19,0,28,45,19,92,0,28,49,34,111,126,0,126,237
08/09/2012,ARA,LA,ASW,CE,Federal Contract Tower,2,0,11,0,13,0,44,30,0,74,2,44,41,0,87,136,0,136,223
08/10/2012,ARA,LA,ASW,CE,Federal Contract Tower,0,0,4,9,13,0,32,9,0,41,0,32,13,9,54,192,6,198,252
08/11/2012,ARA,LA,ASW,CE,Federal Contract Tower,0,3,1,0,4,0,36,15,0,51,0,39,16,0,55,82,0,82,137
08/12/2012,ARA,LA,ASW,CE,Federal Contract Tower,2,0,2,0,4,0,27,29,0,56,2,27,31,0,60,96,0,96,156
08/13/2012,ARA,LA,ASW,CE,Federal Contract Tower,0,1,8,6,15,0,54,27,2,83,0,55,35,8,98,192,8,200,298
08/14/2012,ARA,LA,ASW,CE,Federal Contract Tower,0,3,4,14,21,0,46,35,7,88,0,49,39,21,109,202,10,212,321
08/15/2012,ARA,LA,ASW,CE,Federal Contract Tower,1,0,15,9,25,0,39,30,1,70,1,39,45,10,95,176,8,184,279
08/16/2012,ARA,LA,ASW,CE,Federal Contract Tower,0,0,13,9,22,0,45,33,3,81,0,45,46,12,103,198,0,198,301
08/17/2012,ARA,LA,ASW,CE,Federal Contract Tower,0,2,12,14,28,0,42,16,3,61,0,44,28,17,89,96,6,102,191
08/18/2012,ARA,LA,ASW,CE,Federal Contract Tower,0,7,1,0,8,0,0,8,3,11,0,7,9,3,19,6,0,6,25
08/19/2012,ARA,LA,ASW,CE,Federal Contract Tower,0,2,4,5,11,0,5,2,0,7,0,7,6,5,18,4,0,4,22
08/20/2012,ARA,LA,ASW,CE,Federal Contract Tower,2,5,3,6,16,0,68,23,4,95,2,73,26,10,111,202,16,218,329
08/21/2012,ARA,LA,ASW,CE,Federal Contract Tower,0,5,10,6,21,0,49,33,0,82,0,54,43,6,103,210,0,210,313
08/22/2012,ARA,LA,ASW,CE,Federal Contract Tower,0,12,16,11,39,0,73,33,7,113,0,85,49,18,152,292,0,292,444
08/23/2012,ARA,LA,ASW,CE,Federal Contract Tower,0,0,3,7,10,0,39,41,3,83,0,39,44,10,93,170,4,174,267
08/24/2012,ARA,LA,ASW,CE,Federal Contract Tower,2,0,5,4,11,0,40,12,0,52,2,40,17,4,63,120,0,120,183
08/25/2012,ARA,LA,ASW,CE,Federal Contract Tower,0,3,4,2,9,0,44,14,0,58,0,47,18,2,67,176,0,176,243
08/26/2012,ARA,LA,ASW,CE,Federal Contract Tower,0,5,5,13,23,0,28,29,2,59,0,33,34,15,82,66,0,66,148
08/27/2012,ARA,LA,ASW,CE,Federal Contract Tower,1,1,12,0,14,0,151,40,0,191,1,152,52,0,205,277,0,277,482
08/28/2012,ARA,LA,ASW,CE,Federal Contract Tower,0,0,1,0,1,0,41,0,0,41,0,41,1,0,42,74,0,74,116
08/29/2012,ARA,LA,ASW,CE,Federal Contract Tower,1,5,9,12,27,0,50,34,5,89,1,55,43,17,116,208,3,211,327
08/30/2012,ARA,LA,ASW,CE,Federal Contract Tower,1,0,0,0,1,0,91,10,0,101,1,91,10,0,102,8,0,8,110
08/31/2012,ARA,LA,ASW,CE,Federal Contract Tower,1,2,1,0,4,0,112,29,0,141,1,114,30,0,145,46,0,46,191
09/01/2012,ARA,LA,ASW,CE,Federal Contract Tower,0,0,1,0,1,0,58,35,0,93,0,58,36,0,94,144,0,144,238
09/02/2012,ARA,LA,ASW,CE,Federal Contract Tower,0,0,0,0,0,0,31,43,0,74,0,31,43,0,74,106,0,106,180
09/03/2012,ARA,LA,ASW,CE,Federal Contract Tower,0,0,3,0,3,0,27,60,0,87,0,27,63,0,90,152,0,152,242
09/04/2012,ARA,LA,ASW,CE,Federal Contract Tower,0,0,14,6,20,0,49,48,0,97,0,49,62,6,117,202,0,202,319
09/05/2012,ARA,LA,ASW,CE,Federal Contract Tower,0,11,14,24,49,0,58,54,3,115,0,69,68,27,164,186,0,186,350
09/06/2012,ARA,LA,ASW,CE,Federal Contract Tower,0,16,13,16,45,0,57,29,4,90,0,73,42,20,135,218,14,232,367
09/07/2012,ARA,LA,ASW,CE,Federal Contract Tower,2,12,6,13,33,0,43,24,5,72,2,55,30,18,105,150,0,150,255
09/08/2012,ARA,LA,ASW,CE,Federal Contract Tower,0,2,4,13,19,0,31,16,0,47,0,33,20,13,66,74,6,80,146
09/09/2012,ARA,LA,ASW,CE,Federal Contract Tower,1,1,2,10,14,0,27,21,2,50,1,28,23,12,64,52,0,52,116
09/10/2012,ARA,LA,ASW,CE,Federal Contract Tower,1,0,2,5,8,0,44,41,0,85,1,44,43,5,93,136,4,140,233
09/11/2012,ARA,LA,ASW,CE,Federal Contract Tower,0,3,10,4,17,0,61,22,0,83,0,64,32,4,100,175,0,175,275
09/12/2012,ARA,LA,ASW,CE,Federal Contract Tower,0,0,5,4,9,0,41,25,3,69,0,41,30,7,78,98,2,100,178
09/13/2012,ARA,LA,ASW,CE,Federal Contract Tower,0,5,2,0,7,0,35,27,0,62,0,40,29,0,69,92,0,92,161
09/14/2012,ARA,LA,ASW,CE,Federal Contract Tower,0,23,2,5,30,0,59,20,2,81,0,82,22,7,111,254,0,254,365
09/15/2012,ARA,LA,ASW,CE,Federal Contract Tower,0,8,3,0,11,0,32,37,0,69,0,40,40,0,80,106,0,106,186
09/16/2012,ARA,LA,ASW,CE,Federal Contract Tower,0,2,2,2,6,0,45,24,0,69,0,47,26,2,75,82,0,82,157
09/17/2012,ARA,LA,ASW,CE,Federal Contract Tower,0,5,6,2,13,0,11,1,0,12,0,16,7,2,25,92,0,92,117
09/18/2012,ARA,LA,ASW,CE,Federal Contract Tower,1,12,17,20,50,0,57,32,1,90,1,69,49,21,140,290,6,296,436
09/19/2012,ARA,LA,ASW,CE,Federal Contract Tower,1,12,6,16,35,0,65,48,1,114,1,77,54,17,149,254,16,270,419
09/20/2012,ARA,LA,ASW,CE,Federal Contract Tower,2,6,6,8,22,0,82,39,2,123,2,88,45,10,145,220,0,220,365
09/21/2012,ARA,LA,ASW,CE,Federal Contract Tower,0,5,3,6,14,0,34,35,2,71,0,39,38,8,85,140,0,140,225
09/22/2012,ARA,LA,ASW,CE,Federal Contract Tower,0,9,1,4,14,0,16,18,0,34,0,25,19,4,48,58,0,58,106
09/23/2012,ARA,LA,ASW,CE,Federal Contract Tower,0,0,2,2,4,0,13,30,0,43,0,13,32,2,47,86,0,86,133
09/24/2012,ARA,LA,ASW,CE,Federal Contract Tower,0,3,8,20,31,0,25,19,5,49,0,28,27,25,80,134,0,134,214
09/25/2012,ARA,LA,ASW,CE,Federal Contract Tower,0,1,7,8,16,0,37,33,3,73,0,38,40,11,89,190,8,198,287
09/26/2012,ARA,LA,ASW,CE,Federal Contract Tower,0,3,7,11,21,0,44,38,2,84,0,47,45,13,105,257,4,261,366
09/27/2012,ARA,LA,ASW,CE,Federal Contract Tower,0,7,8,25,40,0,45,36,8,89,0,52,44,33,129,250,22,272,401
09/28/2012,ARA,LA,ASW,CE,Federal Contract Tower,0,1,4,4,9,0,30,18,0,48,0,31,22,4,57,134,0,134,191
09/29/2012,ARA,LA,ASW,CE,Federal Contract Tower,0,0,2,0,2,0,9,4,0,13,0,9,6,0,15,48,0,48,63
09/30/2012,ARA,LA,ASW,CE,Federal Contract Tower,3,0,1,0,4,0,26,6,0,32,3,26,7,0,36,120,0,120,156
10/01/2012,ARA,LA,ASW,CE,Federal Contract Tower,0,13,21,2,36,0,4,5,26,35,0,17,26,28,71,118,0,118,189
10/02/2012,ARA,LA,ASW,CE,Federal Contract Tower,2,12,8,11,33,0,48,46,2,96,2,60,54,13,129,254,18,272,401
10/03/2012,ARA,LA,ASW,CE,Federal Contract Tower,1,1,5,8,15,0,37,33,6,76,1,38,38,14,91,130,6,136,227
10/04/2012,ARA,LA,ASW,CE,Federal Contract Tower,0,8,6,14,28,0,65,22,4,91,0,73,28,18,119,255,0,255,374
10/05/2012,ARA,LA,ASW,CE,Federal Contract Tower,0,7,2,6,15,0,27,37,2,66,0,34,39,8,81,133,0,133,214
10/06/2012,ARA,LA,ASW,CE,Federal Contract Tower,0,15,7,3,25,0,32,20,4,56,0,47,27,7,81,118,18,136,217
10/07/2012,ARA,LA,ASW,CE,Federal Contract Tower,0,4,2,3,9,0,15,2,2,19,0,19,4,5,28,66,0,66,94
10/08/2012,ARA,LA,ASW,CE,Federal Contract Tower,0,0,17,0,17,0,40,25,0,65,0,40,42,0,82,190,0,190,272
10/09/2012,ARA,LA,ASW,CE,Federal Contract Tower,0,6,20,6,32,0,53,17,2,72,0,59,37,8,104,268,16,284,388
10/10/2012,ARA,LA,ASW,CE,Federal Contract Tower,0,7,1,6,14,0,73,43,0,116,0,80,44,6,130,272,0,272,402
10/11/2012,ARA,LA,ASW,CE,Federal Contract Tower,0,1,5,7,13,0,47,40,0,87,0,48,45,7,100,258,8,266,366
10/12/2012,ARA,LA,ASW,CE,Federal Contract Tower,0,2,11,3,16,0,37,30,0,67,0,39,41,3,83,136,0,136,219
10/13/2012,ARA,LA,ASW,CE,Federal Contract Tower,0,0,3,2,5,0,26,40,0,66,0,26,43,2,71,10,0,10,81
10/14/2012,ARA,LA,ASW,CE,Federal Contract Tower,6,0,3,0,9,0,6,17,0,23,6,6,20,0,32,20,0,20,52
10/15/2012,ARA,LA,ASW,CE,Federal Contract Tower,0,2,8,6,16,0,44,24,1,69,0,46,32,7,85,138,0,138,223
10/16/2012,ARA,LA,ASW,CE,Federal Contract Tower,0,6,9,20,35,0,74,31,2,107,0,80,40,22,142,242,0,242,384
10/17/2012,ARA,LA,ASW,CE,Federal Contract Tower,0,2,4,10,16,0,52,17,6,75,0,54,21,16,91,246,16,262,353
10/18/2012,ARA,LA,ASW,CE,Federal Contract Tower,0,15,6,17,38,0,63,18,4,85,0,78,24,21,123,199,0,199,322
10/19/2012,ARA,LA,ASW,CE,Federal Contract Tower,0,22,7,8,37,0,56,30,0,86,0,78,37,8,123,206,4,210,333
10/20/2012,ARA,LA,ASW,CE,Federal Contract Tower,0,6,5,0,11,0,18,38,0,56,0,24,43,0,67,78,0,78,145
10/21/2012,ARA,LA,ASW,CE,Federal Contract Tower,0,3,4,0,7,0,25,34,0,59,0,28,38,0,66,84,0,84,150
10/22/2012,ARA,LA,ASW,CE,Federal Contract Tower,0,1,10,7,18,0,47,23,11,81,0,48,33,18,99,174,12,186,285
10/23/2012,ARA,LA,ASW,CE,Federal Contract Tower,0,5,7,8,20,0,44,25,2,71,0,49,32,10,91,174,0,174,265
10/24/2012,ARA,LA,ASW,CE,Federal Contract Tower,2,3,14,17,36,0,52,18,5,75,2,55,32,22,111,189,12,201,312
10/25/2012,ARA,LA,ASW,CE,Federal Contract Tower,0,11,10,5,26,0,58,45,1,104,0,69,55,6,130,198,0,198,328
10/26/2012,ARA,LA,ASW,CE,Federal Contract Tower,0,3,10,16,29,0,10,6,2,18,0,13,16,18,47,76,0,76,123
10/27/2012,ARA,LA,ASW,CE,Federal Contract Tower,0,1,3,0,4,0,18,11,0,29,0,19,14,0,33,82,0,82,115
10/28/2012,ARA,LA,ASW,CE,Federal Contract Tower,5,3,2,1,11,0,14,8,3,25,5,17,10,4,36,60,18,78,114
10/29/2012,ARA,LA,ASW,CE,Federal Contract Tower,0,3,25,5,33,0,22,21,7,50,0,25,46,12,83,102,8,110,193
10/30/2012,ARA,LA,ASW,CE,Federal Contract Tower,0,8,6,7,21,0,44,48,2,94,0,52,54,9,115,158,4,162,277
10/31/2012,ARA,LA,ASW,CE,Federal Contract Tower,0,3,9,9,21,0,71,60,2,133,0,74,69,11,154,294,0,294,448
11/01/2012,ARA,LA,ASW,CE,Federal Contract Tower,1,13,12,3,29,0,49,34,1,84,1,62,46,4,113,160,0,160,273
11/02/2012,ARA,LA,ASW,CE,Federal Contract Tower,0,5,6,14,25,0,32,30,1,63,0,37,36,15,88,138,0,138,226
11/03/2012,ARA,LA,ASW,CE,Federal Contract Tower,0,7,3,0,10,0,51,39,0,90,0,58,42,0,100,148,0,148,248
11/04/2012,ARA,LA,ASW,CE,Federal Contract Tower,1,7,2,0,10,0,18,10,0,28,1,25,12,0,38,42,0,42,80
11/05/2012,ARA,LA,ASW,CE,Federal Contract Tower,0,7,2,9,18,0,20,5,0,25,0,27,7,9,43,129,2,131,174
11/06/2012,ARA,LA,ASW,CE,Federal Contract Tower,0,14,27,16,57,0,46,28,0,74,0,60,55,16,131,150,10,160,291
11/07/2012,ARA,LA,ASW,CE,Federal Contract Tower,0,11,8,9,28,0,54,28,4,86,0,65,36,13,114,162,0,162,276
11/08/2012,ARA,LA,ASW,CE,Federal Contract Tower,2,9,6,12,29,0,56,28,1,85,2,65,34,13,114,266,0,266,380
11/09/2012,ARA,LA,ASW,CE,Federal Contract Tower,0,1,4,18,23,0,53,22,1,76,0,54,26,19,99,184,46,230,329
11/10/2012,ARA,LA,ASW,CE,Federal Contract Tower,0,0,1,5,6,0,25,41,0,66,0,25,42,5,72,88,0,88,160
11/11/2012,ARA,LA,ASW,CE,Federal Contract Tower,4,0,1,1,6,0,27,5,0,32,4,27,6,1,38,52,0,52,90
11/12/2012,ARA,LA,ASW,CE,Federal Contract Tower,4,1,4,0,9,0,40,15,0,55,4,41,19,0,64,132,0,132,196
11/13/2012,ARA,LA,ASW,CE,Federal Contract Tower,0,9,10,23,42,0,67,23,5,95,0,76,33,28,137,154,6,160,297
11/14/2012,ARA,LA,ASW,CE,Federal Contract Tower,2,10,26,12,50,0,34,22,3,59,2,44,48,15,109,134,0,134,243
11/15/2012,ARA,LA,ASW,CE,Federal Contract Tower,0,14,3,2,19,0,75,41,0,116,0,89,44,2,135,216,0,216,351
11/16/2012,ARA,LA,ASW,CE,Federal Contract Tower,0,26,2,9,37,0,66,20,1,87,0,92,22,10,124,200,0,200,324
11/17/2012,ARA,LA,ASW,CE,Federal Contract Tower,0,10,3,0,13,0,52,37,0,89,0,62,40,0,102,198,0,198,300
11/18/2012,ARA,LA,ASW,CE,Federal Contract Tower,0,4,6,6,16,0,43,23,2,68,0,47,29,8,84,118,8,126,210
11/19/2012,ARA,LA,ASW,CE,Federal Contract Tower,0,0,10,14,24,0,47,33,9,89,0,47,43,23,113,132,4,136,249
11/20/2012,ARA,LA,ASW,CE,Federal Contract Tower,0,23,14,5,42,0,42,41,1,84,0,65,55,6,126,182,0,182,308
11/21/2012,ARA,LA,ASW,CE,Federal Contract Tower,0,19,10,3,32,0,37,35,0,72,0,56,45,3,104,176,0,176,280
11/22/2012,ARA,LA,ASW,CE,Federal Contract Tower,0,2,1,0,3,0,5,14,0,19,0,7,15,0,22,52,0,52,74
11/23/2012,ARA,LA,ASW,CE,Federal Contract Tower,0,0,3,0,3,0,7,24,0,31,0,7,27,0,34,44,0,44,78
11/24/2012,ARA,LA,ASW,CE,Federal Contract Tower,1,4,2,0,7,0,4,13,0,17,1,8,15,0,24,0,0,0,24
11/25/2012,ARA,LA,ASW,CE,Federal Contract Tower,4,0,6,0,10,0,7,44,0,51,4,7,50,0,61,20,0,20,81
11/26/2012,ARA,LA,ASW,CE,Federal Contract Tower,2,0,4,1,7,0,8,2,0,10,2,8,6,1,17,54,0,54,71
11/27/2012,ARA,LA,ASW,CE,Federal Contract Tower,0,6,10,6,22,0,7,2,0,9,0,13,12,6,31,26,0,26,57
11/28/2012,ARA,LA,ASW,CE,Federal Contract Tower,0,18,6,2,26,0,51,27,1,79,0,69,33,3,105,202,0,202,307
11/29/2012,ARA,LA,ASW,CE,Federal Contract Tower,0,12,6,2,20,0,31,25,6,62,0,43,31,8,82,176,0,176,258
11/30/2012,ARA,LA,ASW,CE,Federal Contract Tower,0,5,6,21,32,0,58,21,6,85,0,63,27,27,117,346,26,372,489
12/01/2012,ARA,LA,ASW,CE,Federal Contract Tower,0,6,3,1,10,0,58,42,0,100,0,64,45,1,110,260,0,260,370
12/02/2012,ARA,LA,ASW,CE,Federal Contract Tower,0,1,3,4,8,0,30,20,2,52,0,31,23,6,60,132,0,132,192
12/03/2012,ARA,LA,ASW,CE,Federal Contract Tower,0,0,9,2,11,0,46,22,0,68,0,46,31,2,79,186,0,186,265
12/04/2012,ARA,LA,ASW,CE,Federal Contract Tower,1,3,7,0,11,0,33,9,0,42,1,36,16,0,53,154,0,154,207
12/05/2012,ARA,LA,ASW,CE,Federal Contract Tower,0,13,39,2,54,0,42,15,0,57,0,55,54,2,111,240,0,240,351
12/06/2012,ARA,LA,ASW,CE,Federal Contract Tower,1,8,12,8,29,0,32,16,2,50,1,40,28,10,79,144,0,144,223
12/07/2012,ARA,LA,ASW,CE,Federal Contract Tower,0,3,8,17,28,0,40,30,6,76,0,43,38,23,104,172,0,172,276
12/08/2012,ARA,LA,ASW,CE,Federal Contract Tower,0,3,7,9,19,0,23,46,3,72,0,26,53,12,91,138,32,170,261
12/09/2012,ARA,LA,ASW,CE,Federal Contract Tower,4,0,1,0,5,0,27,7,2,36,4,27,8,2,41,90,0,90,131
12/10/2012,ARA,LA,ASW,CE,Federal Contract Tower,0,0,9,0,9,0,0,5,0,5,0,0,14,0,14,2,0,2,16
12/11/2012,ARA,LA,ASW,CE,Federal Contract Tower,2,13,8,17,40,0,41,39,4,84,2,54,47,21,124,242,6,248,372
12/12/2012,ARA,LA,ASW,CE,Federal Contract Tower,0,22,9,26,57,0,61,23,2,86,0,83,32,28,143,230,8,238,381
12/13/2012,ARA,LA,ASW,CE,Federal Contract Tower,0,16,14,20,50,0,72,16,6,94,0,88,30,26,144,238,32,270,414
12/14/2012,ARA,LA,ASW,CE,Federal Contract Tower,0,11,8,8,27,0,38,42,4,84,0,49,50,12,111,130,6,136,247
12/15/2012,ARA,LA,ASW,CE,Federal Contract Tower,0,3,4,0,7,0,12,14,0,26,0,15,18,0,33,4,0,4,37
12/16/2012,ARA,LA,ASW,CE,Federal Contract Tower,0,0,1,1,2,0,9,7,0,16,0,9,8,1,18,4,0,4,22
12/17/2012,ARA,LA,ASW,CE,Federal Contract Tower,0,4,18,13,35,0,21,41,2,64,0,25,59,15,99,170,0,170,269
12/18/2012,ARA,LA,ASW,CE,Federal Contract Tower,0,7,2,8,17,0,52,42,0,94,0,59,44,8,111,236,0,236,347
12/19/2012,ARA,LA,ASW,CE,Federal Contract Tower,1,3,4,5,13,0,38,14,2,54,1,41,18,7,67,106,0,106,173
12/20/2012,ARA,LA,ASW,CE,Federal Contract Tower,0,9,6,6,21,0,19,12,4,35,0,28,18,10,56,72,4,76,132
12/21/2012,ARA,LA,ASW,CE,Federal Contract Tower,1,13,3,12,29,0,57,29,0,86,1,70,32,12,115,208,0,208,323
12/22/2012,ARA,LA,ASW,CE,Federal Contract Tower,0,7,4,0,11,0,9,23,0,32,0,16,27,0,43,50,0,50,93
12/23/2012,ARA,LA,ASW,CE,Federal Contract Tower,2,0,0,0,2,0,9,20,0,29,2,9,20,0,31,108,0,108,139
12/24/2012,ARA,LA,ASW,CE,Federal Contract Tower,0,0,2,0,2,0,4,2,0,6,0,4,4,0,8,0,0,0,8
12/25/2012,ARA,LA,ASW,CE,Federal Contract Tower,0,0,1,0,1,0,2,0,0,2,0,2,1,0,3,0,0,0,3
12/26/2012,ARA,LA,ASW,CE,Federal Contract Tower,0,8,2,0,10,0,26,15,0,41,0,34,17,0,51,42,0,42,93
12/27/2012,ARA,LA,ASW,CE,Federal Contract Tower,1,12,10,0,23,0,43,31,2,76,1,55,41,2,99,128,0,128,227
12/28/2012,ARA,LA,ASW,CE,Federal Contract Tower,0,0,0,0,0,0,4,2,0,6,0,4,2,0,6,18,0,18,24
12/29/2012,ARA,LA,ASW,CE,Federal Contract Tower,0,23,5,1,29,0,22,22,1,45,0,45,27,2,74,26,0,26,100
12/30/2012,ARA,LA,ASW,CE,Federal Contract Tower,0,13,5,0,18,0,10,30,0,40,0,23,35,0,58,76,0,76,134
12/31/2012,ARA,LA,ASW,CE,Federal Contract Tower,0,0,5,0,5,0,19,8,0,27,0,19,13,0,32,94,0,94,126
01/01/2013,ARA,LA,ASW,CE,Federal Contract Tower,0,2,0,0,2,0,0,0,0,0,0,2,0,0,2,0,0,0,2
01/02/2013,ARA,LA,ASW,CE,Federal Contract Tower,0,0,3,0,3,0,1,1,0,2,0,1,4,0,5,4,0,4,9
01/03/2013,ARA,LA,ASW,CE,Federal Contract Tower,0,15,2,9,26,0,37,24,1,62,0,52,26,10,88,142,0,142,230
01/04/2013,ARA,LA,ASW,CE,Federal Contract Tower,2,7,2,8,19,0,42,16,1,59,2,49,18,9,78,176,6,182,260
01/05/2013,ARA,LA,ASW,CE,Federal Contract Tower,0,0,5,0,5,0,4,8,14,26,0,4,13,14,31,2,0,2,33
01/06/2013,ARA,LA,ASW,CE,Federal Contract Tower,4,0,5,6,15,0,7,6,0,13,4,7,11,6,28,44,0,44,72
01/07/2013,ARA,LA,ASW,CE,Federal Contract Tower,0,4,17,2,23,0,38,36,0,74,0,42,53,2,97,150,0,150,247
01/08/2013,ARA,LA,ASW,CE,Federal Contract Tower,0,3,7,2,12,0,6,0,0,6,0,9,7,2,18,24,0,24,42
01/09/2013,ARA,LA,ASW,CE,Federal Contract Tower,1,6,2,0,9,0,0,0,0,0,1,6,2,0,9,0,0,0,9
01/10/2013,ARA,LA,ASW,CE,Federal Contract Tower,0,1,3,0,4,0,5,1,0,6,0,6,4,0,10,8,0,8,18
01/11/2013,ARA,LA,ASW,CE,Federal Contract Tower,1,1,23,10,35,0,33,18,0,51,1,34,41,10,86,202,0,202,288
01/12/2013,ARA,LA,ASW,CE,Federal Contract Tower,0,0,3,0,3,0,16,2,0,18,0,16,5,0,21,62,0,62,83
01/13/2013,ARA,LA,ASW,CE,Federal Contract Tower,0,2,3,0,5,0,13,1,0,14,0,15,4,0,19,38,0,38,57
01/14/2013,ARA,LA,ASW,CE,Federal Contract Tower,0,0,1,2,3,0,0,0,0,0,0,0,1,2,3,0,0,0,3
01/15/2013,ARA,LA,ASW,CE,Federal Contract Tower,0,1,5,0,6,0,0,0,0,0,0,1,5,0,6,0,0,0,6
01/16/2013,ARA,LA,ASW,CE,Federal Contract Tower,1,19,7,14,41,0,12,2,0,14,1,31,9,14,55,86,0,86,141
01/17/2013,ARA,LA,ASW,CE,Federal Contract Tower,0,17,7,30,54,0,76,37,5,118,0,93,44,35,172,312,24,336,508
01/18/2013,ARA,LA,ASW,CE,Federal Contract Tower,1,10,10,13,34,0,55,30,6,91,1,65,40,19,125,304,6,310,435
01/19/2013,ARA,LA,ASW,CE,Federal Contract Tower,0,0,6,0,6,0,22,24,3,49,0,22,30,3,55,108,14,122,177
01/20/2013,ARA,LA,ASW,CE,Federal Contract Tower,4,3,14,0,21,0,26,40,1,67,4,29,54,1,88,172,0,172,260
01/21/2013,ARA,LA,ASW,CE,Federal Contract Tower,0,5,17,1,23,0,72,40,1,113,0,77,57,2,136,194,0,194,330
01/22/2013,ARA,LA,ASW,CE,Federal Contract Tower,0,4,9,16,29,0,48,42,1,91,0,52,51,17,120,242,0,242,362
01/23/2013,ARA,LA,ASW,CE,Federal Contract Tower,1,3,13,3,20,0,69,31,7,107,1,72,44,10,127,260,48,308,435
01/24/2013,ARA,LA,ASW,CE,Federal Contract Tower,1,9,6,4,20,0,78,36,2,116,1,87,42,6,136,192,0,192,328
01/25/2013,ARA,LA,ASW,CE,Federal Contract Tower,0,4,7,17,28,0,62,11,5,78,0,66,18,22,106,160,58,218,324
01/26/2013,ARA,LA,ASW,CE,Federal Contract Tower,0,0,1,0,1,0,14,22,0,36,0,14,23,0,37,134,0,134,171
01/27/2013,ARA,LA,ASW,CE,Federal Contract Tower,0,0,2,0,2,0,33,36,0,69,0,33,38,0,71,194,0,194,265
01/28/2013,ARA,LA,ASW,CE,Federal Contract Tower,0,9,15,10,34,0,23,18,1,42,0,32,33,11,76,158,0,158,234
01/29/2013,ARA,LA,ASW,CE,Federal Contract Tower,1,0,7,5,13,0,15,4,0,19,1,15,11,5,32,56,0,56,88
01/30/2013,ARA,LA,ASW,CE,Federal Contract Tower,0,4,3,9,16,0,36,15,4,55,0,40,18,13,71,108,2,110,181
01/31/2013,ARA,LA,ASW,CE,Federal Contract Tower,0,4,2,12,18,0,70,34,4,108,0,74,36,16,126,178,2,180,306
02/01/2013,ARA,LA,ASW,CE,Federal Contract Tower,2,13,7,4,26,0,60,37,0,97,2,73,44,4,123,236,0,236,359
02/02/2013,ARA,LA,ASW,CE,Federal Contract Tower,0,5,2,0,7,0,33,34,2,69,0,38,36,2,76,114,0,114,190
02/03/2013,ARA,LA,ASW,CE,Federal Contract Tower,4,4,2,2,12,0,27,55,0,82,4,31,57,2,94,110,0,110,204
02/04/2013,ARA,LA,ASW,CE,Federal Contract Tower,0,0,2,10,12,0,32,28,0,60,0,32,30,10,72,58,0,58,130
02/05/2013,ARA,LA,ASW,CE,Federal Contract Tower,0,11,6,19,36,0,44,33,3,80,0,55,39,22,116,296,16,312,428
02/06/2013,ARA,LA,ASW,CE,Federal Contract Tower,0,0,5,0,5,0,11,5,0,16,0,11,10,0,21,34,0,34,55
02/07/2013,ARA,LA,ASW,CE,Federal Contract Tower,0,16,6,12,34,0,36,24,0,60,0,52,30,12,94,182,0,182,276
02/08/2013,ARA,LA,ASW,CE,Federal Contract Tower,0,10,17,15,42,0,34,42,1,77,0,44,59,16,119,170,0,170,289
02/09/2013,ARA,LA,ASW,CE,Federal Contract Tower,0,7,2,0,9,0,26,17,0,43,0,33,19,0,52,136,0,136,188
02/10/2013,ARA,LA,ASW,CE,Federal Contract Tower,0,0,4,0,4,0,1,0,0,1,0,1,4,0,5,0,0,0,5
02/11/2013,ARA,LA,ASW,CE,Federal Contract Tower,1,2,0,0,3,0,5,0,0,5,1,7,0,0,8,24,0,24,32
02/12/2013,ARA,LA,ASW,CE,Federal Contract Tower,2,0,4,0,6,0,0,0,0,0,2,0,4,0,6,0,0,0,6
02/13/2013,ARA,LA,ASW,CE,Federal Contract Tower,0,16,2,11,29,0,77,15,1,93,0,93,17,12,122,342,4,346,468
02/14/2013,ARA,LA,ASW,CE,Federal Contract Tower,0,16,8,17,41,0,61,38,2,101,0,77,46,19,142,352,0,352,494
02/15/2013,ARA,LA,ASW,CE,Federal Contract Tower,0,6,4,17,27,0,62,40,4,106,0,68,44,21,133,160,0,160,293
02/16/2013,ARA,LA,ASW,CE,Federal Contract Tower,0,3,8,0,11,0,40,24,0,64,0,43,32,0,75,204,0,204,279
02/17/2013,ARA,LA,ASW,CE,Federal Contract Tower,4,1,6,0,11,0,50,37,0,87,4,51,43,0,98,238,0,238,336
02/18/2013,ARA,LA,ASW,CE,Federal Contract Tower,0,1,4,0,5,0,21,13,0,34,0,22,17,0,39,108,0,108,147
02/19/2013,ARA,LA,ASW,CE,Federal Contract Tower,0,19,8,5,32,0,37,35,6,78,0,56,43,11,110,244,2,246,356
02/20/2013,ARA,LA,ASW,CE,Federal Contract Tower,0,5,0,3,8,0,55,13,3,71,0,60,13,6,79,230,0,230,309
02/21/2013,ARA,LA,ASW,CE,Federal Contract Tower,0,0,0,1,1,0,8,6,4,18,0,8,6,5,19,32,0,32,51
02/22/2013,ARA,LA,ASW,CE,Federal Contract Tower,2,0,2,14,18,0,33,12,1,46,2,33,14,15,64,160,4,164,228
02/23/2013,ARA,LA,ASW,CE,Federal Contract Tower,2,10,1,0,13,0,40,25,4,69,2,50,26,4,82,130,34,164,246
02/24/2013,ARA,LA,ASW,CE,Federal Contract Tower,0,2,1,10,13,0,18,33,2,53,0,20,34,12,66,110,0,110,176
02/25/2013,ARA,LA,ASW,CE,Federal Contract Tower,0,1,9,0,10,0,0,2,0,2,0,1,11,0,12,14,0,14,26
02/26/2013,ARA,LA,ASW,CE,Federal Contract Tower,0,12,15,49,76,0,28,43,2,73,0,40,58,51,149,102,16,118,267
02/27/2013,ARA,LA,ASW,CE,Federal Contract Tower,0,19,9,22,50,0,65,39,4,108,0,84,48,26,158,270,28,298,456
02/28/2013,ARA,LA,ASW,CE,Federal Contract Tower,0,24,11,6,41,0,52,26,4,82,0,76,37,10,123,240,14,254,377
03/01/2013,ARA,LA,ASW,CE,Federal Contract Tower,2,16,11,25,54,0,55,31,2,88,2,71,42,27,142,242,2,244,386
03/02/2013,ARA,LA,ASW,CE,Federal Contract Tower,0,3,3,8,14,0,15,28,7,50,0,18,31,15,64,136,0,136,200
03/03/2013,ARA,LA,ASW,CE,Federal Contract Tower,5,6,2,8,21,0,29,41,0,70,5,35,43,8,91,240,0,240,331
03/04/2013,ARA,LA,ASW,CE,Federal Contract Tower,0,0,3,0,3,0,49,25,0,74,0,49,28,0,77,152,0,152,229
03/05/2013,ARA,LA,ASW,CE,Federal Contract Tower,1,11,8,6,26,0,43,24,4,71,1,54,32,10,97,218,10,228,325
03/06/2013,ARA,LA,ASW,CE,Federal Contract Tower,2,17,27,6,52,0,55,40,0,95,2,72,67,6,147,272,0,272,419
03/07/2013,ARA,LA,ASW,CE,Federal Contract Tower,0,22,3,3,28,0,52,44,6,102,0,74,47,9,130,238,2,240,370
03/08/2013,ARA,LA,ASW,CE,Federal Contract Tower,0,6,3,8,17,0,60,28,1,89,0,66,31,9,106,198,6,204,310
03/09/2013,ARA,LA,ASW,CE,Federal Contract Tower,1,16,0,0,17,0,15,35,0,50,1,31,35,0,67,82,0,82,149
03/10/2013,ARA,LA,ASW,CE,Federal Contract Tower,0,0,4,2,6,0,22,9,0,31,0,22,13,2,37,60,0,60,97
03/11/2013,ARA,LA,ASW,CE,Federal Contract Tower,0,0,12,2,14,0,51,23,0,74,0,51,35,2,88,170,0,170,258
03/12/2013,ARA,LA,ASW,CE,Federal Contract Tower,0,9,2,7,18,0,70,29,2,101,0,79,31,9,119,254,0,254,373
03/13/2013,ARA,LA,ASW,CE,Federal Contract Tower,1,5,3,8,17,0,55,54,4,113,1,60,57,12,130,288,0,288,418
03/14/2013,ARA,LA,ASW,CE,Federal Contract Tower,0,4,2,16,22,0,52,28,4,84,0,56,30,20,106,276,0,276,382
03/15/2013,ARA,LA,ASW,CE,Federal Contract Tower,0,4,8,3,15,0,53,24,5,82,0,57,32,8,97,264,4,268,365
03/16/2013,ARA,LA,ASW,CE,Federal Contract Tower,0,4,3,0,7,0,21,50,0,71,0,25,53,0,78,108,0,108,186
03/17/2013,ARA,LA,ASW,CE,Federal Contract Tower,5,2,4,0,11,0,39,26,0,65,5,41,30,0,76,164,0,164,240
03/18/2013,ARA,LA,ASW,CE,Federal Contract Tower,1,3,11,6,21,0,48,20,0,68,1,51,31,6,89,246,0,246,335
03/19/2013,ARA,LA,ASW,CE,Federal Contract Tower,0,3,5,19,27,0,59,19,8,86,0,62,24,27,113,206,0,206,319
03/20/2013,ARA,LA,ASW,CE,Federal Contract Tower,0,1,2,8,11,0,30,16,0,46,0,31,18,8,57,254,0,254,311
03/21/2013,ARA,LA,ASW,CE,Federal Contract Tower,0,2,4,14,20,0,71,45,0,116,0,73,49,14,136,394,12,406,542
03/22/2013,ARA,LA,ASW,CE,Federal Contract Tower,0,2,8,2,12,0,23,10,0,33,0,25,18,2,45,102,0,102,147
03/23/2013,ARA,LA,ASW,CE,Federal Contract Tower,0,0,2,0,2,0,5,1,0,6,0,5,3,0,8,16,0,16,24
03/24/2013,ARA,LA,ASW,CE,Federal Contract Tower,1,1,2,0,4,0,23,12,0,35,1,24,14,0,39,130,0,130,169
03/25/2013,ARA,LA,ASW,CE,Federal Contract Tower,0,4,17,9,30,0,55,23,1,79,0,59,40,10,109,174,2,176,285
03/26/2013,ARA,LA,ASW,CE,Federal Contract Tower,1,4,12,10,27,0,35,22,5,62,1,39,34,15,89,106,16,122,211
03/27/2013,ARA,LA,ASW,CE,Federal Contract Tower,0,4,9,2,15,0,41,41,2,84,0,45,50,4,99,296,0,296,395
03/28/2013,ARA,LA,ASW,CE,Federal Contract Tower,2,1,7,10,20,0,48,54,0,102,2,49,61,10,122,258,0,258,380
03/29/2013,ARA,LA,ASW,CE,Federal Contract Tower,0,0,2,22,24,0,38,41,1,80,0,38,43,23,104,224,8,232,336
03/30/2013,ARA,LA,ASW,CE,Federal Contract Tower,0,0,0,0,0,0,36,32,2,70,0,36,32,2,70,114,2,116,186
03/31/2013,ARA,LA,ASW,CE,Federal Contract Tower,4,0,0,0,4,0,4,0,0,4,4,4,0,0,8,10,0,10,18
04/01/2013,ARA,LA,ASW,CE,Federal Contract Tower,0,4,20,0,24,0,7,38,0,45,0,11,58,0,69,92,0,92,161
04/02/2013,ARA,LA,ASW,CE,Federal Contract Tower,0,1,1,0,2,0,32,34,6,72,0,33,35,6,74,160,18,178,252
04/03/2013,ARA,LA,ASW,CE,Federal Contract Tower,1,5,1,0,7,0,0,1,0,1,1,5,2,0,8,4,0,4,12
04/04/2013,ARA,LA,ASW,CE,Federal Contract Tower,0,1,7,26,34,0,23,10,0,33,0,24,17,26,67,114,0,114,181
04/05/2013,ARA,LA,ASW,CE,Federal Contract Tower,1,21,12,20,54,0,75,42,3,120,1,96,54,23,174,172,0,172,346
04/06/2013,ARA,LA,ASW,CE,Federal Contract Tower,0,8,4,4,16,0,25,26,0,51,0,33,30,4,67,66,0,66,133
04/07/2013,ARA,LA,ASW,CE,Federal Contract Tower,1,1,4,0,6,0,12,26,0,38,1,13,30,0,44,44,0,44,88
04/08/2013,ARA,LA,ASW,CE,Federal Contract Tower,1,2,6,6,15,0,19,42,0,61,1,21,48,6,76,34,0,34,110
04/09/2013,ARA,LA,ASW,CE,Federal Contract Tower,0,3,1,3,7,0,29,17,0,46,0,32,18,3,53,114,0,114,167
04/10/2013,ARA,LA,ASW,CE,Federal Contract Tower,0,1,6,6,13,0,10,12,0,22,0,11,18,6,35,58,0,58,93
04/11/2013,ARA,LA,ASW,CE,Federal Contract Tower,0,3,8,0,11,0,28,14,0,42,0,31,22,0,53,178,0,178,231
04/12/2013,ARA,LA,ASW,CE,Federal Contract Tower,0,6,8,14,28,0,62,52,2,116,0,68,60,16,144,214,0,214,358
04/13/2013,ARA,LA,ASW,CE,Federal Contract Tower,0,11,0,0,11,0,21,30,0,51,0,32,30,0,62,84,0,84,146
04/14/2013,ARA,LA,ASW,CE,Federal Contract Tower,4,4,4,0,12,0,28,15,2,45,4,32,19,2,57,146,0,146,203
04/15/2013,ARA,LA,ASW,CE,Federal Contract Tower,0,1,3,3,7,0,34,32,48,114,0,35,35,51,121,136,0,136,257
04/16/2013,ARA,LA,ASW,CE,Federal Contract Tower,1,3,1,8,13,0,21,9,1,31,1,24,10,9,44,90,0,90,134
04/17/2013,ARA,LA,ASW,CE,Federal Contract Tower,0,4,1,6,11,0,72,28,2,102,0,76,29,8,113,270,0,270,383
04/18/2013,ARA,LA,ASW,CE,Federal Contract Tower,2,1,1,3,7,0,25,7,1,33,2,26,8,4,40,96,0,96,136
04/19/2013,ARA,LA,ASW,CE,Federal Contract Tower,1,9,14,12,36,0,59,28,4,91,1,68,42,16,127,310,4,314,441
04/20/2013,ARA,LA,ASW,CE,Federal Contract Tower,0,11,1,0,12,0,41,36,0,77,0,52,37,0,89,84,0,84,173
04/21/2013,ARA,LA,ASW,CE,Federal Contract Tower,1,3,3,3,10,0,41,29,0,70,1,44,32,3,80,112,0,112,192
04/22/2013,ARA,LA,ASW,CE,Federal Contract Tower,0,1,3,17,21,0,38,33,2,73,0,39,36,19,94,164,8,172,266
04/23/2013,ARA,LA,ASW,CE,Federal Contract Tower,0,8,15,3,26,0,45,17,0,62,0,53,32,3,88,208,0,208,296
04/24/2013,ARA,LA,ASW,CE,Federal Contract Tower,0,0,2,0,2,0,18,15,2,35,0,18,17,2,37,88,0,88,125
04/25/2013,ARA,LA,ASW,CE,Federal Contract Tower,0,14,7,9,30,0,44,32,3,79,0,58,39,12,109,188,0,188,297
04/26/2013,ARA,LA,ASW,CE,Federal Contract Tower,0,9,14,7,30,0,45,30,0,75,0,54,44,7,105,166,0,166,271
04/27/2013,ARA,LA,ASW,CE,Federal Contract Tower,0,0,7,8,15,0,35,26,0,61,0,35,33,8,76,184,0,184,260
04/28/2013,ARA,LA,ASW,CE,Federal Contract Tower,4,4,6,0,14,0,20,22,0,42,4,24,28,0,56,122,0,122,178
04/29/2013,ARA,LA,ASW,CE,Federal Contract Tower,0,3,8,5,16,0,49,46,6,101,0,52,54,11,117,186,24,210,327
04/30/2013,ARA,LA,ASW,CE,Federal Contract Tower,4,0,8,6,18,0,10,2,0,12,4,10,10,6,30,44,0,44,74
05/01/2013,ARA,LA,ASW,CE,Federal Contract Tower,1,4,7,0,12,0,38,15,0,53,1,42,22,0,65,164,0,164,229
05/02/2013,ARA,LA,ASW,CE,Federal Contract Tower,0,12,8,0,20,0,56,18,0,74,0,68,26,0,94,270,0,270,364
05/03/2013,ARA,LA,ASW,CE,Federal Contract Tower,0,2,10,53,65,0,31,11,4,46,0,33,21,57,111,76,10,86,197
05/04/2013,ARA,LA,ASW,CE,Federal Contract Tower,2,2,6,10,20,0,26,38,1,65,2,28,44,11,85,176,0,176,261
05/05/2013,ARA,LA,ASW,CE,Federal Contract Tower,0,3,7,0,10,0,27,21,2,50,0,30,28,2,60,112,0,112,172
05/06/2013,ARA,LA,ASW,CE,Federal Contract Tower,0,4,7,11,22,0,49,38,0,87,0,53,45,11,109,252,0,252,361
05/07/2013,ARA,LA,ASW,CE,Federal Contract Tower,0,9,5,23,37,0,41,68,5,114,0,50,73,28,151,238,6,244,395
05/08/2013,ARA,LA,ASW,CE,Federal Contract Tower,0,8,3,10,21,0,71,56,6,133,0,79,59,16,154,260,0,260,414
05/09/2013,ARA,LA,ASW,CE,Federal Contract Tower,1,1,4,9,15,0,56,34,4,94,1,57,38,13,109,254,2,256,365
05/10/2013,ARA,LA,ASW,CE,Federal Contract Tower,1,1,2,0,4,0,13,5,0,18,1,14,7,0,22,40,0,40,62
05/11/2013,ARA,LA,ASW,CE,Federal Contract Tower,1,4,0,2,7,0,19,24,0,43,1,23,24,2,50,120,4,124,174
05/12/2013,ARA,LA,ASW,CE,Federal Contract Tower,6,2,4,7,19,0,9,37,0,46,6,11,41,7,65,48,0,48,113
05/13/2013,ARA,LA,ASW,CE,Federal Contract Tower,0,3,11,7,21,0,62,44,1,107,0,65,55,8,128,308,4,312,440
05/14/2013,ARA,LA,ASW,CE,Federal Contract Tower,0,2,10,2,14,0,46,36,2,84,0,48,46,4,98,266,0,266,364
05/15/2013,ARA,LA,ASW,CE,Federal Contract Tower,0,2,4,3,9,0,61,38,1,100,0,63,42,4,109,456,0,456,565
05/16/2013,ARA,LA,ASW,CE,Federal Contract Tower,0,3,5,6,14,0,80,24,4,108,0,83,29,10,122,290,4,294,416
05/17/2013,ARA,LA,ASW,CE,Federal Contract Tower,0,3,4,6,13,0,49,20,6,75,0,52,24,12,88,198,0,198,286
05/18/2013,ARA,LA,ASW,CE,Federal Contract Tower,0,0,1,2,3,0,17,26,2,45,0,17,27,4,48,68,6,74,122
05/19/2013,ARA,LA,ASW,CE,Federal Contract Tower,0,0,5,0,5,0,10,10,2,22,0,10,15,2,27,70,0,70,97
05/20/2013,ARA,LA,ASW,CE,Federal Contract Tower,0,0,6,5,11,0,44,19,1,64,0,44,25,6,75,236,0,236,311
05/21/2013,ARA,LA,ASW,CE,Federal Contract Tower,1,1,3,2,7,0,52,30,0,82,1,53,33,2,89,294,0,294,383
05/22/2013,ARA,LA,ASW,CE,Federal Contract Tower,1,0,4,0,5,0,35,4,0,39,1,35,8,0,44,98,0,98,142
05/23/2013,ARA,LA,ASW,CE,Federal Contract Tower,3,2,5,7,17,0,52,31,2,85,3,54,36,9,102,190,6,196,298
05/24/2013,ARA,LA,ASW,CE,Federal Contract Tower,0,4,6,4,14,0,32,15,1,48,0,36,21,5,62,182,0,182,244
05/25/2013,ARA,LA,ASW,CE,Federal Contract Tower,0,3,8,0,11,0,28,47,0,75,0,31,55,0,86,158,0,158,244
05/26/2013,ARA,LA,ASW,CE,Federal Contract Tower,4,2,4,0,10,0,16,28,0,44,4,18,32,0,54,68,0,68,122
05/27/2013,ARA,LA,ASW,CE,Federal Contract Tower,0,0,8,0,8,0,43,33,0,76,0,43,41,0,84,232,0,232,316
05/28/2013,ARA,LA,ASW,CE,Federal Contract Tower,0,4,0,2,6,0,51,29,2,82,0,55,29,4,88,206,0,206,294
05/29/2013,ARA,LA,ASW,CE,Federal Contract Tower,0,2,5,10,17,0,48,20,5,73,0,50,25,15,90,128,0,128,218
05/30/2013,ARA,LA,ASW,CE,Federal Contract Tower,0,1,2,11,14,0,60,32,6,98,0,61,34,17,112,232,0,232,344
05/31/2013,ARA,LA,ASW,CE,Federal Contract Tower,0,1,9,6,16,0,40,21,0,61,0,41,30,6,77,126,0,126,203
06/01/2013,ARA,LA,ASW,CE,Federal Contract Tower,0,2,9,1,12,0,34,22,0,56,0,36,31,1,68,124,2,126,194
06/02/2013,ARA,LA,ASW,CE,Federal Contract Tower,1,0,7,0,8,0,14,13,0,27,1,14,20,0,35,50,0,50,85
06/03/2013,ARA,LA,ASW,CE,Federal Contract Tower,1,10,7,3,21,0,51,16,1,68,1,61,23,4,89,262,0,262,351
06/04/2013,ARA,LA,ASW,CE,Federal Contract Tower,2,2,14,6,24,0,32,45,2,79,2,34,59,8,103,210,0,210,313
06/05/2013,ARA,LA,ASW,CE,Federal Contract Tower,0,2,5,14,21,0,51,17,0,68,0,53,22,14,89,176,0,176,265
06/06/2013,ARA,LA,ASW,CE,Federal Contract Tower,0,3,4,9,16,0,43,22,6,71,0,46,26,15,87,158,4,162,249
06/07/2013,ARA,LA,ASW,CE,Federal Contract Tower,0,5,7,18,30,0,54,19,2,75,0,59,26,20,105,308,2,310,415
06/08/2013,ARA,LA,ASW,CE,Federal Contract Tower,0,3,7,11,21,0,26,50,1,77,0,29,57,12,98,136,0,136,234
06/09/2013,ARA,LA,ASW,CE,Federal Contract Tower,4,2,2,1,9,0,14,19,1,34,4,16,21,2,43,76,0,76,119
06/10/2013,ARA,LA,ASW,CE,Federal Contract Tower,0,9,8,3,20,0,24,10,0,34,0,33,18,3,54,134,0,134,188
06/11/2013,ARA,LA,ASW,CE,Federal Contract Tower,0,5,11,31,47,0,32,33,6,71,0,37,44,37,118,232,0,232,350
06/12/2013,ARA,LA,ASW,CE,Federal Contract Tower,0,2,8,4,14,0,47,39,5,91,0,49,47,9,105,230,4,234,339
06/13/2013,ARA,LA,ASW,CE,Federal Contract Tower,0,15,19,0,34,0,32,42,0,74,0,47,61,0,108,128,0,128,236
06/14/2013,ARA,LA,ASW,CE,Federal Contract Tower,2,22,4,23,51,0,38,24,4,66,2,60,28,27,117,146,10,156,273
06/15/2013,ARA,LA,ASW,CE,Federal Contract Tower,1,20,4,0,25,0,9,10,0,19,1,29,14,0,44,40,0,40,84
06/16/2013,ARA,LA,ASW,CE,Federal Contract Tower,0,1,2,9,12,0,23,21,1,45,0,24,23,10,57,142,2,144,201
06/17/2013,ARA,LA,ASW,CE,Federal Contract Tower,0,5,1,2,8,0,60,28,1,89,0,65,29,3,97,184,6,190,287
06/18/2013,ARA,LA,ASW,CE,Federal Contract Tower,0,12,8,0,20,0,44,40,0,84,0,56,48,0,104,278,0,278,382
06/19/2013,ARA,LA,ASW,CE,Federal Contract Tower,1,10,9,2,22,0,39,12,0,51,1,49,21,2,73,212,0,212,285
06/20/2013,ARA,LA,ASW,CE,Federal Contract Tower,0,7,2,0,9,0,42,32,0,74,0,49,34,0,83,258,0,258,341
06/21/2013,ARA,LA,ASW,CE,Federal Contract Tower,0,12,5,2,19,0,74,37,0,111,0,86,42,2,130,346,0,346,476
06/22/2013,ARA,LA,ASW,CE,Federal Contract Tower,0,8,0,0,8,0,44,38,0,82,0,52,38,0,90,158,0,158,248
06/23/2013,ARA,LA,ASW,CE,Federal Contract Tower,4,0,3,0,7,0,23,16,0,39,4,23,19,0,46,124,0,124,170
06/24/2013,ARA,LA,ASW,CE,Federal Contract Tower,0,5,7,4,16,0,37,16,0,53,0,42,23,4,69,210,0,210,279
06/25/2013,ARA,LA,ASW,CE,Federal Contract Tower,2,5,3,8,18,0,51,37,6,94,2,56,40,14,112,172,8,180,292
06/26/2013,ARA,LA,ASW,CE,Federal Contract Tower,0,8,6,10,24,0,67,43,2,112,0,75,49,12,136,218,0,218,354
06/27/2013,ARA,LA,ASW,CE,Federal Contract Tower,1,20,8,0,29,0,73,44,2,119,1,93,52,2,148,308,0,308,456
06/28/2013,ARA,LA,ASW,CE,Federal Contract Tower,1,12,10,0,23,0,85,22,4,111,1,97,32,4,134,308,0,308,442
06/29/2013,ARA,LA,ASW,CE,Federal Contract Tower,0,1,0,4,5,0,12,16,0,28,0,13,16,4,33,38,0,38,71
06/30/2013,ARA,LA,ASW,CE,Federal Contract Tower,0,6,9,2,17,0,30,24,2,56,0,36,33,4,73,144,10,154,227
07/01/2013,ARA,LA,ASW,CE,Federal Contract Tower,0,1,15,15,31,0,54,17,2,73,0,55,32,17,104,150,2,152,256
07/02/2013,ARA,LA,ASW,CE,Federal Contract Tower,0,8,5,18,31,0,50,37,3,90,0,58,42,21,121,268,4,272,393
07/03/2013,ARA,LA,ASW,CE,Federal Contract Tower,0,4,5,3,12,0,43,46,3,92,0,47,51,6,104,274,0,274,378
07/04/2013,ARA,LA,ASW,CE,Federal Contract Tower,0,19,9,0,28,0,38,42,0,80,0,57,51,0,108,126,0,126,234
07/05/2013,ARA,LA,ASW,CE,Federal Contract Tower,0,1,2,0,3,0,14,24,0,38,0,15,26,0,41,102,0,102,143
07/06/2013,ARA,LA,ASW,CE,Federal Contract Tower,0,0,2,2,4,0,3,4,0,7,0,3,6,2,11,46,0,46,57
07/07/2013,ARA,LA,ASW,CE,Federal Contract Tower,6,0,2,0,8,0,9,10,2,21,6,9,12,2,29,18,0,18,47
07/08/2013,ARA,LA,ASW,CE,Federal Contract Tower,2,0,4,4,10,0,29,15,0,44,2,29,19,4,54,214,0,214,268
07/09/2013,ARA,LA,ASW,CE,Federal Contract Tower,1,6,4,3,14,0,58,21,1,80,1,64,25,4,94,250,0,250,344
07/10/2013,ARA,LA,ASW,CE,Federal Contract Tower,0,2,5,7,14,0,38,30,1,69,0,40,35,8,83,136,0,136,219
07/11/2013,ARA,LA,ASW,CE,Federal Contract Tower,0,0,7,1,8,0,32,30,3,65,0,32,37,4,73,166,0,166,239
07/12/2013,ARA,LA,ASW,CE,Federal Contract Tower,0,11,9,10,30,0,40,24,1,65,0,51,33,11,95,204,0,204,299
07/13/2013,ARA,LA,ASW,CE,Federal Contract Tower,0,5,6,2,13,0,21,36,0,57,0,26,42,2,70,138,0,138,208
07/14/2013,ARA,LA,ASW,CE,Federal Contract Tower,0,5,0,0,5,0,21,7,2,30,0,26,7,2,35,40,0,40,75
07/15/2013,ARA,LA,ASW,CE,Federal Contract Tower,0,2,1,0,3,0,29,15,0,44,0,31,16,0,47,54,0,54,101
07/16/2013,ARA,LA,ASW,CE,Federal Contract Tower,0,0,4,3,7,0,18,14,1,33,0,18,18,4,40,134,0,134,174
07/17/2013,ARA,LA,ASW,CE,Federal Contract Tower,1,2,4,2,9,0,53,13,5,71,1,55,17,7,80,164,0,164,244
07/18/2013,ARA,LA,ASW,CE,Federal Contract Tower,0,1,13,4,18,0,60,36,4,100,0,61,49,8,118,172,10,182,300
07/19/2013,ARA,LA,ASW,CE,Federal Contract Tower,2,3,5,0,10,0,50,36,2,88,2,53,41,2,98,190,0,190,288
07/20/2013,ARA,LA,ASW,CE,Federal Contract Tower,0,5,3,2,10,0,30,25,0,55,0,35,28,2,65,124,0,124,189
07/21/2013,ARA,LA,ASW,CE,Federal Contract Tower,6,0,0,0,6,0,15,12,0,27,6,15,12,0,33,62,0,62,95
07/22/2013,ARA,LA,ASW,CE,Federal Contract Tower,0,0,6,2,8,0,44,28,10,82,0,44,34,12,90,194,18,212,302
07/23/2013,ARA,LA,ASW,CE,Federal Contract Tower,0,0,7,6,13,0,48,39,4,91,0,48,46,10,104,162,6,168,272
07/24/2013,ARA,LA,ASW,CE,Federal Contract Tower,0,6,2,0,8,0,53,25,0,78,0,59,27,0,86,242,0,242,328
07/25/2013,ARA,LA,ASW,CE,Federal Contract Tower,1,2,5,4,12,0,52,19,1,72,1,54,24,5,84,240,0,240,324
07/26/2013,ARA,LA,ASW,CE,Federal Contract Tower,0,1,4,10,15,0,64,19,3,86,0,65,23,13,101,218,16,234,335
07/27/2013,ARA,LA,ASW,CE,Federal Contract Tower,0,0,2,0,2,0,20,8,2,30,0,20,10,2,32,128,2,130,162
07/28/2013,ARA,LA,ASW,CE,Federal Contract Tower,0,0,4,4,8,0,11,13,2,26,0,11,17,6,34,50,0,50,84
07/29/2013,ARA,LA,ASW,CE,Federal Contract Tower,1,0,6,4,11,0,60,19,0,79,1,60,25,4,90,258,0,258,348
07/30/2013,ARA,LA,ASW,CE,Federal Contract Tower,0,1,5,20,26,0,42,28,12,82,0,43,33,32,108,224,10,234,342
07/31/2013,ARA,LA,ASW,CE,Federal Contract Tower,0,0,19,25,44,0,35,39,13,87,0,35,58,38,131,204,10,214,345
08/01/2013,ARA,LA,ASW,CE,Federal Contract Tower,1,14,1,16,32,0,48,22,4,74,1,62,23,20,106,230,2,232,338
08/02/2013,ARA,LA,ASW,CE,Federal Contract Tower,0,0,3,4,7,0,31,26,0,57,0,31,29,4,64,250,0,250,314
08/03/2013,ARA,LA,ASW,CE,Federal Contract Tower,0,0,9,0,9,0,26,24,0,50,0,26,33,0,59,38,0,38,97
08/04/2013,ARA,LA,ASW,CE,Federal Contract Tower,6,0,0,0,6,0,20,19,0,39,6,20,19,0,45,84,0,84,129
08/05/2013,ARA,LA,ASW,CE,Federal Contract Tower,0,0,8,9,17,0,17,18,0,35,0,17,26,9,52,152,0,152,204
08/06/2013,ARA,LA,ASW,CE,Federal Contract Tower,0,1,11,5,17,0,59,43,0,102,0,60,54,5,119,284,4,288,407
08/07/2013,ARA,LA,ASW,CE,Federal Contract Tower,0,0,7,16,23,0,61,26,7,94,0,61,33,23,117,190,0,190,307
08/08/2013,ARA,LA,ASW,CE,Federal Contract Tower,0,0,7,16,23,0,44,46,2,92,0,44,53,18,115,262,12,274,389
08/09/2013,ARA,LA,ASW,CE,Federal Contract Tower,0,0,1,5,6,0,42,12,3,57,0,42,13,8,63,154,0,154,217
08/10/2013,ARA,LA,ASW,CE,Federal Contract Tower,0,0,1,0,1,0,43,26,0,69,0,43,27,0,70,80,0,80,150
08/11/2013,ARA,LA,ASW,CE,Federal Contract Tower,0,0,2,0,2,0,15,11,0,26,0,15,13,0,28,82,0,82,110
08/12/2013,ARA,LA,ASW,CE,Federal Contract Tower,2,0,0,4,6,0,36,19,3,58,2,36,19,7,64,126,2,128,192
08/13/2013,ARA,LA,ASW,CE,Federal Contract Tower,2,0,8,8,18,0,54,22,2,78,2,54,30,10,96,166,0,166,262
08/14/2013,ARA,LA,ASW,CE,Federal Contract Tower,0,1,12,6,19,0,13,2,1,16,0,14,14,7,35,0,0,0,35
08/15/2013,ARA,LA,ASW,CE,Federal Contract Tower,0,3,3,10,16,0,64,16,0,80,0,67,19,10,96,218,0,218,314
08/16/2013,ARA,LA,ASW,CE,Federal Contract Tower,0,19,4,12,35,0,73,34,0,107,0,92,38,12,142,270,0,270,412
08/17/2013,ARA,LA,ASW,CE,Federal Contract Tower,0,1,0,0,1,0,24,14,0,38,0,25,14,0,39,52,0,52,91
08/18/2013,ARA,LA,ASW,CE,Federal Contract Tower,4,2,2,2,10,0,28,58,0,86,4,30,60,2,96,200,0,200,296
08/19/2013,ARA,LA,ASW,CE,Federal Contract Tower,0,0,4,2,6,0,21,22,8,51,0,21,26,10,57,118,2,120,177
08/20/2013,ARA,LA,ASW,CE,Federal Contract Tower,0,5,7,4,16,0,38,25,0,63,0,43,32,4,79,162,0,162,241
08/21/2013,ARA,LA,ASW,CE,Federal Contract Tower,0,0,3,0,3,0,45,29,1,75,0,45,32,1,78,304,10,314,392
08/22/2013,ARA,LA,ASW,CE,Federal Contract Tower,0,10,10,10,30,0,70,36,2,108,0,80,46,12,138,192,10,202,340
08/23/2013,ARA,LA,ASW,CE,Federal Contract Tower,3,12,3,7,25,0,77,18,6,101,3,89,21,13,126,216,18,234,360
08/24/2013,ARA,LA,ASW,CE,Federal Contract Tower,1,2,5,0,8,0,37,19,4,60,1,39,24,4,68,136,8,144,212
08/25/2013,ARA,LA,ASW,CE,Federal Contract Tower,0,4,0,0,4,0,14,3,0,17,0,18,3,0,21,58,0,58,79
08/26/2013,ARA,LA,ASW,CE,Federal Contract Tower,0,5,3,0,8,0,31,5,0,36,0,36,8,0,44,106,0,106,150
08/27/2013,ARA,LA,ASW,CE,Federal Contract Tower,0,0,14,16,30,0,69,52,1,122,0,69,66,17,152,358,2,360,512
08/28/2013,ARA,LA,ASW,CE,Federal Contract Tower,0,3,6,10,19,0,100,29,0,129,0,103,35,10,148,472,0,472,620
08/29/2013,ARA,LA,ASW,CE,Federal Contract Tower,0,7,8,4,19,0,82,54,4,140,0,89,62,8,159,370,0,370,529
08/30/2013,ARA,LA,ASW,CE,Federal Contract Tower,0,5,7,5,17,0,47,40,4,91,0,52,47,9,108,178,6,184,292
08/31/2013,ARA,LA,ASW,CE,Federal Contract Tower,0,0,13,0,13,0,11,13,0,24,0,11,26,0,37,48,0,48,85
09/01/2013,ARA,LA,ASW,CE,Federal Contract Tower,4,0,0,0,4,0,17,15,0,32,4,17,15,0,36,66,0,66,102
09/02/2013,ARA,LA,ASW,CE,Federal Contract Tower,2,0,4,2,8,0,17,19,0,36,2,17,23,2,44,132,0,132,176
09/03/2013,ARA,LA,ASW,CE,Federal Contract Tower,0,0,6,6,12,0,27,45,0,72,0,27,51,6,84,226,0,226,310
09/04/2013,ARA,LA,ASW,CE,Federal Contract Tower,0,3,5,4,12,0,34,28,0,62,0,37,33,4,74,204,0,204,278
09/05/2013,ARA,LA,ASW,CE,Federal Contract Tower,0,10,2,5,17,0,63,43,4,110,0,73,45,9,127,340,10,350,477
09/06/2013,ARA,LA,ASW,CE,Federal Contract Tower,0,0,3,3,6,0,69,22,2,93,0,69,25,5,99,332,10,342,441
09/07/2013,ARA,LA,ASW,CE,Federal Contract Tower,2,10,7,0,19,0,26,16,0,42,2,36,23,0,61,192,0,192,253
09/08/2013,ARA,LA,ASW,CE,Federal Contract Tower,0,3,1,4,8,0,33,21,1,55,0,36,22,5,63,86,0,86,149
09/09/2013,ARA,LA,ASW,CE,Federal Contract Tower,0,0,10,25,35,0,67,31,14,112,0,67,41,39,147,310,34,344,491
09/10/2013,ARA,LA,ASW,CE,Federal Contract Tower,0,0,6,9,15,0,56,31,4,91,0,56,37,13,106,244,8,252,358
09/11/2013,ARA,LA,ASW,CE,Federal Contract Tower,0,1,9,12,22,0,61,24,2,87,0,62,33,14,109,322,6,328,437
09/12/2013,ARA,LA,ASW,CE,Federal Contract Tower,0,17,4,10,31,0,56,20,3,79,0,73,24,13,110,272,32,304,414
09/13/2013,ARA,LA,ASW,CE,Federal Contract Tower,0,3,8,28,39,0,59,30,12,101,0,62,38,40,140,232,34,266,406
09/14/2013,ARA,LA,ASW,CE,Federal Contract Tower,0,0,0,1,1,0,8,13,0,21,0,8,13,1,22,138,0,138,160
09/15/2013,ARA,LA,ASW,CE,Federal Contract Tower,5,2,3,4,14,0,4,16,5,25,5,6,19,9,39,22,2,24,63
09/16/2013,ARA,LA,ASW,CE,Federal Contract Tower,0,3,13,2,18,0,44,40,0,84,0,47,53,2,102,232,0,232,334
09/17/2013,ARA,LA,ASW,CE,Federal Contract Tower,0,1,5,8,14,0,66,49,0,115,0,67,54,8,129,390,0,390,519
09/18/2013,ARA,LA,ASW,CE,Federal Contract Tower,2,2,5,3,12,0,34,35,2,71,2,36,40,5,83,244,0,244,327
09/19/2013,ARA,LA,ASW,CE,Federal Contract Tower,0,0,5,5,10,0,30,24,0,54,0,30,29,5,64,134,0,134,198
09/20/2013,ARA,LA,ASW,CE,Federal Contract Tower,0,0,2,2,4,0,27,12,0,39,0,27,14,2,43,82,0,82,125
09/21/2013,ARA,LA,ASW,CE,Federal Contract Tower,1,0,1,0,2,0,5,0,0,5,1,5,1,0,7,42,0,42,49
09/22/2013,ARA,LA,ASW,CE,Federal Contract Tower,0,1,2,2,5,0,29,5,0,34,0,30,7,2,39,102,0,102,141
09/23/2013,ARA,LA,ASW,CE,Federal Contract Tower,0,6,6,8,20,0,52,22,0,74,0,58,28,8,94,234,0,234,328
09/24/2013,ARA,LA,ASW,CE,Federal Contract Tower,0,18,5,0,23,0,34,21,0,55,0,52,26,0,78,244,0,244,322
09/25/2013,ARA,LA,ASW,CE,Federal Contract Tower,0,8,5,22,35,0,72,48,6,126,0,80,53,28,161,242,0,242,403
09/26/2013,ARA,LA,ASW,CE,Federal Contract Tower,0,9,5,21,35,0,58,60,13,131,0,67,65,34,166,384,22,406,572
09/27/2013,ARA,LA,ASW,CE,Federal Contract Tower,0,13,5,14,32,0,49,22,2,73,0,62,27,16,105,258,2,260,365
09/28/2013,ARA,LA,ASW,CE,Federal Contract Tower,0,3,2,4,9,0,22,17,0,39,0,25,19,4,48,54,0,54,102
09/29/2013,ARA,LA,ASW,CE,Federal Contract Tower,6,0,5,2,13,0,11,12,0,23,6,11,17,2,36,52,0,52,88
09/30/2013,ARA,LA,ASW,CE,Federal Contract Tower,0,3,1,0,4,0,32,7,0,39,0,35,8,0,43,118,0,118,161
10/01/2013,ARA,LA,ASW,CE,Federal Contract Tower,0,3,0,0,3,0,42,24,0,66,0,45,24,0,69,180,0,180,249
10/02/2013,ARA,LA,ASW,CE,Federal Contract Tower,0,1,1,0,2,0,62,22,0,84,0,63,23,0,86,352,0,352,438
10/03/2013,ARA,LA,ASW,CE,Federal Contract Tower,0,0,3,0,3,0,34,18,0,52,0,34,21,0,55,78,0,78,133
10/04/2013,ARA,LA,ASW,CE,Federal Contract Tower,0,0,2,0,2,0,48,21,0,69,0,48,23,0,71,108,0,108,179
10/05/2013,ARA,LA,ASW,CE,Federal Contract Tower,0,0,1,0,1,0,4,8,0,12,0,4,9,0,13,44,0,44,57
10/06/2013,ARA,LA,ASW,CE,Federal Contract Tower,0,7,3,0,10,0,39,19,0,58,0,46,22,0,68,24,0,24,92
10/07/2013,ARA,LA,ASW,CE,Federal Contract Tower,0,1,6,4,11,0,78,51,1,130,0,79,57,5,141,282,2,284,425
10/08/2013,ARA,LA,ASW,CE,Federal Contract Tower,0,2,8,12,22,0,57,48,0,105,0,59,56,12,127,294,0,294,421
10/09/2013,ARA,LA,ASW,CE,Federal Contract Tower,0,13,9,0,22,0,53,72,5,130,0,66,81,5,152,406,0,406,558
10/10/2013,ARA,LA,ASW,CE,Federal Contract Tower,3,5,6,0,14,0,76,70,2,148,3,81,76,2,162,320,0,320,482
10/11/2013,ARA,LA,ASW,CE,Federal Contract Tower,0,5,3,10,18,0,54,23,1,78,0,59,26,11,96,270,42,312,408
10/12/2013,ARA,LA,ASW,CE,Federal Contract Tower,0,2,2,0,4,0,28,40,0,68,0,30,42,0,72,102,0,102,174
10/13/2013,ARA,LA,ASW,CE,Federal Contract Tower,4,1,4,0,9,0,31,10,0,41,4,32,14,0,50,152,0,152,202
10/14/2013,ARA,LA,ASW,CE,Federal Contract Tower,0,0,10,0,10,0,56,36,0,92,0,56,46,0,102,354,0,354,456
10/15/2013,ARA,LA,ASW,CE,Federal Contract Tower,0,5,3,0,8,0,47,59,0,106,0,52,62,0,114,444,0,444,558
10/16/2013,ARA,LA,ASW,CE,Federal Contract Tower,0,0,4,8,12,0,44,35,0,79,0,44,39,8,91,368,0,368,459
10/17/2013,ARA,LA,ASW,CE,Federal Contract Tower,0,4,5,4,13,0,76,10,5,91,0,80,15,9,104,394,0,394,498
10/18/2013,ARA,LA,ASW,CE,Federal Contract Tower,0,10,8,10,28,0,74,24,0,98,0,84,32,10,126,382,0,382,508
10/19/2013,ARA,LA,ASW,CE,Federal Contract Tower,0,9,11,2,22,0,19,3,0,22,0,28,14,2,44,120,0,120,164
10/20/2013,ARA,LA,ASW,CE,Federal Contract Tower,2,8,9,2,21,0,24,46,0,70,2,32,55,2,91,130,0,130,221
10/21/2013,ARA,LA,ASW,CE,Federal Contract Tower,0,0,18,6,24,0,45,20,0,65,0,45,38,6,89,186,0,186,275
10/22/2013,ARA,LA,ASW,CE,Federal Contract Tower,0,1,9,17,27,0,48,46,0,94,0,49,55,17,121,336,0,336,457
10/23/2013,ARA,LA,ASW,CE,Federal Contract Tower,0,3,9,12,24,0,64,52,4,120,0,67,61,16,144,370,0,370,514
10/24/2013,ARA,LA,ASW,CE,Federal Contract Tower,0,7,5,11,23,0,74,64,1,139,0,81,69,12,162,324,8,332,494
10/25/2013,ARA,LA,ASW,CE,Federal Contract Tower,0,9,2,12,23,0,75,25,4,104,0,84,27,16,127,244,2,246,373
10/26/2013,ARA,LA,ASW,CE,Federal Contract Tower,0,1,2,0,3,0,35,38,2,75,0,36,40,2,78,128,0,128,206
10/27/2013,ARA,LA,ASW,CE,Federal Contract Tower,4,0,3,0,7,0,17,25,0,42,4,17,28,0,49,124,0,124,173
10/28/2013,ARA,LA,ASW,CE,Federal Contract Tower,0,3,5,4,12,0,41,18,0,59,0,44,23,4,71,240,0,240,311
10/29/2013,ARA,LA,ASW,CE,Federal Contract Tower,0,2,4,0,6,0,46,80,2,128,0,48,84,2,134,328,0,328,462
10/30/2013,ARA,LA,ASW,CE,Federal Contract Tower,0,2,3,15,20,0,44,26,0,70,0,46,29,15,90,188,0,188,278
10/31/2013,ARA,LA,ASW,CE,Federal Contract Tower,0,0,3,2,5,0,10,10,0,20,0,10,13,2,25,42,0,42,67
11/01/2013,ARA,LA,ASW,CE,Federal Contract Tower,2,16,9,17,44,0,55,32,0,87,2,71,41,17,131,262,8,270,401
11/02/2013,ARA,LA,ASW,CE,Federal Contract Tower,0,8,1,13,22,0,33,18,4,55,0,41,19,17,77,184,6,190,267
11/03/2013,ARA,LA,ASW,CE,Federal Contract Tower,0,0,3,5,8,0,21,41,0,62,0,21,44,5,70,102,0,102,172
11/04/2013,ARA,LA,ASW,CE,Federal Contract Tower,0,4,10,10,24,0,55,35,5,95,0,59,45,15,119,210,4,214,333
11/05/2013,ARA,LA,ASW,CE,Federal Contract Tower,0,0,8,2,10,0,40,26,1,67,0,40,34,3,77,272,0,272,349
11/06/2013,ARA,LA,ASW,CE,Federal Contract Tower,0,0,5,12,17,0,55,48,4,107,0,55,53,16,124,376,4,380,504
11/07/2013,ARA,LA,ASW,CE,Federal Contract Tower,0,6,4,24,34,0,44,18,3,65,0,50,22,27,99,224,4,228,327
11/08/2013,ARA,LA,ASW,CE,Federal Contract Tower,0,7,11,11,29,0,64,35,0,99,0,71,46,11,128,310,6,316,444
11/09/2013,ARA,LA,ASW,CE,Federal Contract Tower,0,0,0,0,0,0,25,30,0,55,0,25,30,0,55,88,0,88,143
11/10/2013,ARA,LA,ASW,CE,Federal Contract Tower,4,2,2,0,8,0,33,33,0,66,4,35,35,0,74,136,0,136,210
11/11/2013,ARA,LA,ASW,CE,Federal Contract Tower,0,8,2,4,14,0,52,39,0,91,0,60,41,4,105,358,4,362,467
11/12/2013,ARA,LA,ASW,CE,Federal Contract Tower,3,3,6,16,28,0,40,15,8,63,3,43,21,24,91,222,20,242,333
11/13/2013,ARA,LA,ASW,CE,Federal Contract Tower,0,3,7,14,24,0,33,49,5,87,0,36,56,19,111,194,0,194,305
11/14/2013,ARA,LA,ASW,CE,Federal Contract Tower,0,1,12,9,22,0,42,31,5,78,0,43,43,14,100,172,12,184,284
11/15/2013,ARA,LA,ASW,CE,Federal Contract Tower,0,3,7,14,24,0,75,25,2,102,0,78,32,16,126,308,24,332,458
11/16/2013,ARA,LA,ASW,CE,Federal Contract Tower,0,0,0,0,0,0,22,3,0,25,0,22,3,0,25,40,0,40,65
11/17/2013,ARA,LA,ASW,CE,Federal Contract Tower,0,0,0,0,0,0,10,4,0,14,0,10,4,0,14,58,0,58,72
11/18/2013,ARA,LA,ASW,CE,Federal Contract Tower,0,5,4,2,11,0,50,12,0,62,0,55,16,2,73,218,2,220,293
11/19/2013,ARA,LA,ASW,CE,Federal Contract Tower,0,3,12,14,29,0,34,34,2,70,0,37,46,16,99,350,0,350,449
11/20/2013,ARA,LA,ASW,CE,Federal Contract Tower,0,6,6,21,33,0,49,38,3,90,0,55,44,24,123,282,12,294,417
11/21/2013,ARA,LA,ASW,CE,Federal Contract Tower,1,3,2,8,14,0,46,7,0,53,1,49,9,8,67,214,0,214,281
11/22/2013,ARA,LA,ASW,CE,Federal Contract Tower,1,0,5,7,13,0,25,5,0,30,1,25,10,7,43,94,0,94,137
11/23/2013,ARA,LA,ASW,CE,Federal Contract Tower,0,12,3,0,15,0,0,0,0,0,0,12,3,0,15,48,0,48,63
11/24/2013,ARA,LA,ASW,CE,Federal Contract Tower,0,1,9,2,12,0,27,27,0,54,0,28,36,2,66,182,0,182,248
11/25/2013,ARA,LA,ASW,CE,Federal Contract Tower,0,0,1,0,1,0,16,6,0,22,0,16,7,0,23,148,0,148,171
11/26/2013,ARA,LA,ASW,CE,Federal Contract Tower,4,9,6,0,19,0,11,2,0,13,4,20,8,0,32,60,0,60,92
11/27/2013,ARA,LA,ASW,CE,Federal Contract Tower,0,13,6,12,31,0,56,35,0,91,0,69,41,12,122,252,0,252,374
11/28/2013,ARA,LA,ASW,CE,Federal Contract Tower,0,6,0,0,6,0,12,6,0,18,0,18,6,0,24,60,0,60,84
11/29/2013,ARA,LA,ASW,CE,Federal Contract Tower,0,7,1,0,8,0,29,20,0,49,0,36,21,0,57,166,0,166,223
11/30/2013,ARA,LA,ASW,CE,Federal Contract Tower,0,0,4,0,4,0,23,21,0,44,0,23,25,0,48,58,0,58,106
12/01/2013,ARA,LA,ASW,CE,Federal Contract Tower,0,0,1,0,1,0,26,10,0,36,0,26,11,0,37,74,0,74,111
12/02/2013,ARA,LA,ASW,CE,Federal Contract Tower,0,3,3,4,10,0,72,11,0,83,0,75,14,4,93,364,0,364,457
12/03/2013,ARA,LA,ASW,CE,Federal Contract Tower,0,0,6,13,19,0,27,22,3,52,0,27,28,16,71,134,10,144,215
12/04/2013,ARA,LA,ASW,CE,Federal Contract Tower,0,1,7,4,12,0,30,17,0,47,0,31,24,4,59,150,0,150,209
12/05/2013,ARA,LA,ASW,CE,Federal Contract Tower,0,1,2,5,8,0,20,19,2,41,0,21,21,7,49,124,0,124,173
12/06/2013,ARA,LA,ASW,CE,Federal Contract Tower,0,0,0,0,0,0,0,0,0,0,0,0,0,0,0,0,0,0,0
12/07/2013,ARA,LA,ASW,CE,Federal Contract Tower,0,5,0,0,5,0,0,0,0,0,0,5,0,0,5,16,0,16,21
12/08/2013,ARA,LA,ASW,CE,Federal Contract Tower,4,0,0,0,4,0,0,0,0,0,4,0,0,0,4,0,0,0,4
12/09/2013,ARA,LA,ASW,CE,Federal Contract Tower,0,5,2,2,9,0,2,0,0,2,0,7,2,2,11,10,0,10,21
12/10/2013,ARA,LA,ASW,CE,Federal Contract Tower,0,13,6,21,40,0,34,39,1,74,0,47,45,22,114,158,4,162,276
12/11/2013,ARA,LA,ASW,CE,Federal Contract Tower,2,10,5,15,32,0,57,55,0,112,2,67,60,15,144,274,0,274,418
12/12/2013,ARA,LA,ASW,CE,Federal Contract Tower,0,12,4,25,41,0,76,60,2,138,0,88,64,27,179,364,4,368,547
12/13/2013,ARA,LA,ASW,CE,Federal Contract Tower,0,2,3,9,14,0,84,48,1,133,0,86,51,10,147,352,0,352,499
12/14/2013,ARA,LA,ASW,CE,Federal Contract Tower,0,8,2,0,10,0,13,3,0,16,0,21,5,0,26,112,0,112,138
12/15/2013,ARA,LA,ASW,CE,Federal Contract Tower,0,2,4,4,10,0,11,16,0,27,0,13,20,4,37,84,0,84,121
12/16/2013,ARA,LA,ASW,CE,Federal Contract Tower,0,6,11,5,22,0,34,38,1,73,0,40,49,6,95,192,2,194,289
12/17/2013,ARA,LA,ASW,CE,Federal Contract Tower,0,4,14,13,31,0,48,66,2,116,0,52,80,15,147,304,0,304,451
12/18/2013,ARA,LA,ASW,CE,Federal Contract Tower,0,7,0,14,21,0,73,41,3,117,0,80,41,17,138,363,12,375,513
12/19/2013,ARA,LA,ASW,CE,Federal Contract Tower,0,2,5,19,26,0,43,54,1,98,0,45,59,20,124,318,2,320,444
12/20/2013,ARA,LA,ASW,CE,Federal Contract Tower,0,0,4,0,4,0,41,1,0,42,0,41,5,0,46,86,0,86,132
12/21/2013,ARA,LA,ASW,CE,Federal Contract Tower,1,0,2,0,3,0,0,0,0,0,1,0,2,0,3,0,0,0,3
12/22/2013,ARA,LA,ASW,CE,Federal Contract Tower,5,2,3,0,10,0,8,8,0,16,5,10,11,0,26,46,0,46,72
12/23/2013,ARA,LA,ASW,CE,Federal Contract Tower,0,1,9,4,14,0,20,21,2,43,0,21,30,6,57,60,0,60,117
12/24/2013,ARA,LA,ASW,CE,Federal Contract Tower,0,0,8,0,8,0,20,28,0,48,0,20,36,0,56,150,0,150,206
12/25/2013,ARA,LA,ASW,CE,Federal Contract Tower,0,0,0,0,0,0,4,8,0,12,0,4,8,0,12,0,0,0,12
12/26/2013,ARA,LA,ASW,CE,Federal Contract Tower,0,10,2,4,16,0,36,19,0,55,0,46,21,4,71,132,6,138,209
12/27/2013,ARA,LA,ASW,CE,Federal Contract Tower,0,1,5,0,6,0,38,16,0,54,0,39,21,0,60,218,0,218,278
12/28/2013,ARA,LA,ASW,CE,Federal Contract Tower,0,0,1,0,1,0,0,1,0,1,0,0,2,0,2,0,0,0,2
12/29/2013,ARA,LA,ASW,CE,Federal Contract Tower,0,2,2,0,4,0,19,32,0,51,0,21,34,0,55,150,0,150,205
12/30/2013,ARA,LA,ASW,CE,Federal Contract Tower,0,5,7,0,12,0,29,30,0,59,0,34,37,0,71,263,0,263,334
12/31/2013,ARA,LA,ASW,CE,Federal Contract Tower,0,1,9,2,12,0,15,32,0,47,0,16,41,2,59,116,2,118,177
01/01/2014,ARA,LA,ASW,CE,Federal Contract Tower,0,0,4,0,4,0,0,0,0,0,0,0,4,0,4,0,0,0,4
01/02/2014,ARA,LA,ASW,CE,Federal Contract Tower,0,6,0,2,8,0,44,7,2,53,0,50,7,4,61,174,0,174,235
01/03/2014,ARA,LA,ASW,CE,Federal Contract Tower,0,14,1,6,21,0,64,29,0,93,0,78,30,6,114,313,4,317,431
01/04/2014,ARA,LA,ASW,CE,Federal Contract Tower,1,0,4,0,5,0,28,26,0,54,1,28,30,0,59,210,0,210,269
01/05/2014,ARA,LA,ASW,CE,Federal Contract Tower,5,4,3,0,12,0,22,8,0,30,5,26,11,0,42,70,0,70,112
01/06/2014,ARA,LA,ASW,CE,Federal Contract Tower,0,2,1,8,11,0,37,20,0,57,0,39,21,8,68,140,0,140,208
01/07/2014,ARA,LA,ASW,CE,Federal Contract Tower,0,3,6,10,19,0,23,30,2,55,0,26,36,12,74,169,14,183,257
01/08/2014,ARA,LA,ASW,CE,Federal Contract Tower,2,2,1,0,5,0,39,48,6,93,2,41,49,6,98,338,0,338,436
01/09/2014,ARA,LA,ASW,CE,Federal Contract Tower,0,3,4,47,54,0,50,31,6,87,0,53,35,53,141,228,8,236,377
01/10/2014,ARA,LA,ASW,CE,Federal Contract Tower,1,0,0,10,11,0,12,2,0,14,1,12,2,10,25,62,0,62,87
01/11/2014,ARA,LA,ASW,CE,Federal Contract Tower,0,2,10,0,12,0,23,13,3,39,0,25,23,3,51,168,0,168,219
01/12/2014,ARA,LA,ASW,CE,Federal Contract Tower,1,1,2,2,6,0,18,37,1,56,1,19,39,3,62,124,0,124,186
01/13/2014,ARA,LA,ASW,CE,Federal Contract Tower,0,0,0,10,10,0,12,16,1,29,0,12,16,11,39,86,2,88,127
01/14/2014,ARA,LA,ASW,CE,Federal Contract Tower,0,6,8,11,25,0,79,78,5,162,0,85,86,16,187,434,8,442,629
01/15/2014,ARA,LA,ASW,CE,Federal Contract Tower,0,6,8,3,17,0,36,41,0,77,0,42,49,3,94,278,0,278,372
01/16/2014,ARA,LA,ASW,CE,Federal Contract Tower,0,1,5,11,17,0,72,56,1,129,0,73,61,12,146,322,6,328,474
01/17/2014,ARA,LA,ASW,CE,Federal Contract Tower,2,1,9,8,20,0,64,24,0,88,2,65,33,8,108,288,4,292,400
01/18/2014,ARA,LA,ASW,CE,Federal Contract Tower,0,0,4,8,12,0,32,32,0,64,0,32,36,8,76,117,0,117,193
01/19/2014,ARA,LA,ASW,CE,Federal Contract Tower,6,0,5,6,17,0,17,34,0,51,6,17,39,6,68,60,0,60,128
01/20/2014,ARA,LA,ASW,CE,Federal Contract Tower,1,3,5,0,9,0,32,39,1,72,1,35,44,1,81,220,0,220,301
01/21/2014,ARA,LA,ASW,CE,Federal Contract Tower,0,0,12,8,20,0,19,37,1,57,0,19,49,9,77,176,0,176,253
01/22/2014,ARA,LA,ASW,CE,Federal Contract Tower,0,0,6,7,13,0,47,56,1,104,0,47,62,8,117,204,0,204,321
01/23/2014,ARA,LA,ASW,CE,Federal Contract Tower,0,1,8,8,17,0,42,53,0,95,0,43,61,8,112,196,0,196,308
01/24/2014,ARA,LA,ASW,CE,Federal Contract Tower,0,0,1,0,1,0,0,0,0,0,0,0,1,0,1,0,0,0,1
01/25/2014,ARA,LA,ASW,CE,Federal Contract Tower,0,1,11,22,34,0,11,19,5,35,0,12,30,27,69,4,2,6,75
01/26/2014,ARA,LA,ASW,CE,Federal Contract Tower,0,0,2,2,4,0,19,27,0,46,0,19,29,2,50,130,0,130,180
01/27/2014,ARA,LA,ASW,CE,Federal Contract Tower,1,0,5,4,10,0,3,2,0,5,1,3,7,4,15,12,0,12,27
01/28/2014,ARA,LA,ASW,CE,Federal Contract Tower,0,0,0,0,0,0,0,0,0,0,0,0,0,0,0,0,0,0,0
01/29/2014,ARA,LA,ASW,CE,Federal Contract Tower,0,0,2,0,2,0,0,5,0,5,0,0,7,0,7,0,0,0,7
01/30/2014,ARA,LA,ASW,CE,Federal Contract Tower,1,0,7,7,15,0,45,37,1,83,1,45,44,8,98,234,2,236,334
01/31/2014,ARA,LA,ASW,CE,Federal Contract Tower,1,2,4,6,13,0,58,20,4,82,1,60,24,10,95,190,0,190,285
02/01/2014,ARA,LA,ASW,CE,Federal Contract Tower,0,0,7,6,13,0,36,33,0,69,0,36,40,6,82,274,0,274,356
02/02/2014,ARA,LA,ASW,CE,Federal Contract Tower,4,0,0,0,4,0,0,0,0,0,4,0,0,0,4,0,0,0,4
02/03/2014,ARA,LA,ASW,CE,Federal Contract Tower,2,24,6,8,40,0,28,1,0,29,2,52,7,8,69,158,0,158,227
02/04/2014,ARA,LA,ASW,CE,Federal Contract Tower,0,0,3,2,5,0,0,0,0,0,0,0,3,2,5,0,0,0,5
02/05/2014,ARA,LA,ASW,CE,Federal Contract Tower,0,0,6,13,19,0,47,38,6,91,0,47,44,19,110,182,12,194,304
02/06/2014,ARA,LA,ASW,CE,Federal Contract Tower,0,3,6,13,22,0,45,8,0,53,0,48,14,13,75,142,0,142,217
02/07/2014,ARA,LA,ASW,CE,Federal Contract Tower,0,8,4,14,26,0,78,20,4,102,0,86,24,18,128,282,2,284,412
02/08/2014,ARA,LA,ASW,CE,Federal Contract Tower,0,1,4,0,5,0,51,27,0,78,0,52,31,0,83,286,0,286,369
02/09/2014,ARA,LA,ASW,CE,Federal Contract Tower,0,2,2,0,4,0,28,30,0,58,0,30,32,0,62,206,0,206,268
02/10/2014,ARA,LA,ASW,CE,Federal Contract Tower,0,4,5,2,11,0,1,2,0,3,0,5,7,2,14,22,0,22,36
02/11/2014,ARA,LA,ASW,CE,Federal Contract Tower,1,7,4,0,12,0,0,0,0,0,1,7,4,0,12,46,0,46,58
02/12/2014,ARA,LA,ASW,CE,Federal Contract Tower,0,21,13,2,36,0,4,0,0,4,0,25,13,2,40,232,0,232,272
02/13/2014,ARA,LA,ASW,CE,Federal Contract Tower,0,15,5,17,37,0,91,61,2,154,0,106,66,19,191,420,0,420,611
02/14/2014,ARA,LA,ASW,CE,Federal Contract Tower,0,3,2,2,7,0,43,21,2,66,0,46,23,4,73,164,10,174,247
02/15/2014,ARA,LA,ASW,CE,Federal Contract Tower,2,7,3,2,14,0,47,46,0,93,2,54,49,2,107,138,0,138,245
02/16/2014,ARA,LA,ASW,CE,Federal Contract Tower,4,1,7,6,18,0,24,21,0,45,4,25,28,6,63,142,0,142,205
02/17/2014,ARA,LA,ASW,CE,Federal Contract Tower,0,0,1,1,2,0,40,11,0,51,0,40,12,1,53,254,0,254,307
02/18/2014,ARA,LA,ASW,CE,Federal Contract Tower,0,0,5,2,7,0,14,22,0,36,0,14,27,2,43,98,0,98,141
02/19/2014,ARA,LA,ASW,CE,Federal Contract Tower,0,0,5,4,9,0,21,25,0,46,0,21,30,4,55,152,0,152,207
02/20/2014,ARA,LA,ASW,CE,Federal Contract Tower,1,1,4,6,12,0,33,9,1,43,1,34,13,7,55,120,0,120,175
02/21/2014,ARA,LA,ASW,CE,Federal Contract Tower,0,2,1,20,23,0,87,37,5,129,0,89,38,25,152,290,18,308,460
02/22/2014,ARA,LA,ASW,CE,Federal Contract Tower,0,9,0,1,10,0,38,49,0,87,0,47,49,1,97,108,0,108,205
02/23/2014,ARA,LA,ASW,CE,Federal Contract Tower,0,5,1,2,8,0,5,4,0,9,0,10,5,2,17,68,0,68,85
02/24/2014,ARA,LA,ASW,CE,Federal Contract Tower,0,0,7,0,7,0,9,8,0,17,0,9,15,0,24,42,0,42,66
02/25/2014,ARA,LA,ASW,CE,Federal Contract Tower,0,0,2,2,4,0,0,1,0,1,0,0,3,2,5,10,0,10,15
02/26/2014,ARA,LA,ASW,CE,Federal Contract Tower,2,1,2,0,5,0,28,5,0,33,2,29,7,0,38,128,0,128,166
02/27/2014,ARA,LA,ASW,CE,Federal Contract Tower,0,4,8,18,30,0,69,58,0,127,0,73,66,18,157,222,14,236,393
02/28/2014,ARA,LA,ASW,CE,Federal Contract Tower,0,1,5,7,13,0,54,40,4,98,0,55,45,11,111,240,14,254,365
03/01/2014,ARA,LA,ASW,CE,Federal Contract Tower,1,0,1,6,8,0,27,19,0,46,1,27,20,6,54,126,0,126,180
03/02/2014,ARA,LA,ASW,CE,Federal Contract Tower,4,0,1,6,11,0,33,10,0,43,4,33,11,6,54,162,0,162,216
03/03/2014,ARA,LA,ASW,CE,Federal Contract Tower,0,0,5,10,15,0,37,8,0,45,0,37,13,10,60,138,0,138,198
03/04/2014,ARA,LA,ASW,CE,Federal Contract Tower,1,0,3,0,4,0,0,0,0,0,1,0,3,0,4,0,0,0,4
03/05/2014,ARA,LA,ASW,CE,Federal Contract Tower,0,8,6,8,22,0,46,26,0,72,0,54,32,8,94,244,0,244,338
03/06/2014,ARA,LA,ASW,CE,Federal Contract Tower,0,1,4,2,7,0,32,9,1,42,0,33,13,3,49,136,10,146,195
03/07/2014,ARA,LA,ASW,CE,Federal Contract Tower,0,16,7,10,33,0,57,26,3,86,0,73,33,13,119,270,6,276,395
03/08/2014,ARA,LA,ASW,CE,Federal Contract Tower,0,7,6,8,21,0,37,30,1,68,0,44,36,9,89,174,2,176,265
03/09/2014,ARA,LA,ASW,CE,Federal Contract Tower,2,8,4,4,18,0,27,13,0,40,2,35,17,4,58,147,8,155,213
03/10/2014,ARA,LA,ASW,CE,Federal Contract Tower,1,0,11,9,21,0,42,36,0,78,1,42,47,9,99,248,0,248,347
03/11/2014,ARA,LA,ASW,CE,Federal Contract Tower,0,0,28,0,28,0,3,23,0,26,0,3,51,0,54,88,0,88,142
03/12/2014,ARA,LA,ASW,CE,Federal Contract Tower,2,5,12,20,39,0,27,25,6,58,2,32,37,26,97,182,26,208,305
03/13/2014,ARA,LA,ASW,CE,Federal Contract Tower,0,3,8,7,18,0,73,37,2,112,0,76,45,9,130,340,2,342,472
03/14/2014,ARA,LA,ASW,CE,Federal Contract Tower,0,1,3,0,4,0,50,37,0,87,0,51,40,0,91,242,0,242,333
03/15/2014,ARA,LA,ASW,CE,Federal Contract Tower,0,0,4,0,4,0,34,23,0,57,0,34,27,0,61,124,0,124,185
03/16/2014,ARA,LA,ASW,CE,Federal Contract Tower,4,0,14,1,19,0,9,5,1,15,4,9,19,2,34,66,0,66,100
03/17/2014,ARA,LA,ASW,CE,Federal Contract Tower,0,4,9,2,15,0,40,15,0,55,0,44,24,2,70,136,0,136,206
03/18/2014,ARA,LA,ASW,CE,Federal Contract Tower,0,0,6,12,18,0,43,56,2,101,0,43,62,14,119,190,0,190,309
03/19/2014,ARA,LA,ASW,CE,Federal Contract Tower,1,8,6,9,24,0,45,50,0,95,1,53,56,9,119,194,0,194,313
03/20/2014,ARA,LA,ASW,CE,Federal Contract Tower,0,8,4,21,33,0,44,64,4,112,0,52,68,25,145,176,4,180,325
03/21/2014,ARA,LA,ASW,CE,Federal Contract Tower,2,4,5,10,21,0,67,21,1,89,2,71,26,11,110,232,0,232,342
03/22/2014,ARA,LA,ASW,CE,Federal Contract Tower,0,0,4,4,8,0,29,24,0,53,0,29,28,4,61,146,205,351,412
03/23/2014,ARA,LA,ASW,CE,Federal Contract Tower,0,0,1,0,1,0,15,5,0,20,0,15,6,0,21,142,0,142,163
03/24/2014,ARA,LA,ASW,CE,Federal Contract Tower,1,3,6,20,30,0,36,33,2,71,1,39,39,22,101,130,18,148,249
03/25/2014,ARA,LA,ASW,CE,Federal Contract Tower,0,0,10,11,21,0,39,52,2,93,0,39,62,13,114,232,0,232,346
03/26/2014,ARA,LA,ASW,CE,Federal Contract Tower,0,1,2,10,13,0,36,42,5,83,0,37,44,15,96,206,12,218,314
03/27/2014,ARA,LA,ASW,CE,Federal Contract Tower,0,2,3,2,7,0,32,21,0,53,0,34,24,2,60,110,0,110,170
03/28/2014,ARA,LA,ASW,CE,Federal Contract Tower,0,1,9,0,10,0,4,2,0,6,0,5,11,0,16,34,0,34,50
03/29/2014,ARA,LA,ASW,CE,Federal Contract Tower,0,9,4,0,13,0,23,9,0,32,0,32,13,0,45,102,0,102,147
03/30/2014,ARA,LA,ASW,CE,Federal Contract Tower,5,5,6,1,17,0,33,50,1,84,5,38,56,2,101,168,0,168,269
03/31/2014,ARA,LA,ASW,CE,Federal Contract Tower,1,8,7,10,26,0,57,36,4,97,1,65,43,14,123,270,28,298,421
04/01/2014,ARA,LA,ASW,CE,Federal Contract Tower,0,1,8,16,25,0,40,25,2,67,0,41,33,18,92,218,10,228,320
04/02/2014,ARA,LA,ASW,CE,Federal Contract Tower,0,2,2,9,13,0,60,24,3,87,0,62,26,12,100,160,10,170,270
04/03/2014,ARA,LA,ASW,CE,Federal Contract Tower,0,2,7,7,16,0,30,16,1,47,0,32,23,8,63,128,0,128,191
04/04/2014,ARA,LA,ASW,CE,Federal Contract Tower,0,7,5,0,12,0,13,12,0,25,0,20,17,0,37,55,0,55,92
04/05/2014,ARA,LA,ASW,CE,Federal Contract Tower,1,0,6,0,7,0,13,4,1,18,1,13,10,1,25,2,2,4,29
04/06/2014,ARA,LA,ASW,CE,Federal Contract Tower,0,1,0,0,1,0,0,0,0,0,0,1,0,0,1,0,0,0,1
04/07/2014,ARA,LA,ASW,CE,Federal Contract Tower,0,14,4,10,28,0,44,18,1,63,0,58,22,11,91,138,6,144,235
04/08/2014,ARA,LA,ASW,CE,Federal Contract Tower,1,2,10,11,24,0,32,15,5,52,1,34,25,16,76,92,42,134,210
04/09/2014,ARA,LA,ASW,CE,Federal Contract Tower,1,0,15,18,34,0,64,62,6,132,1,64,77,24,166,194,10,204,370
04/10/2014,ARA,LA,ASW,CE,Federal Contract Tower,0,0,9,14,23,0,47,22,3,72,0,47,31,17,95,116,52,168,263
04/11/2014,ARA,LA,ASW,CE,Federal Contract Tower,2,7,4,16,29,0,60,21,2,83,2,67,25,18,112,176,0,176,288
04/12/2014,ARA,LA,ASW,CE,Federal Contract Tower,0,0,2,5,7,0,32,29,2,63,0,32,31,7,70,184,0,184,254
04/13/2014,ARA,LA,ASW,CE,Federal Contract Tower,4,6,2,0,12,0,32,10,4,46,4,38,12,4,58,154,0,154,212
04/14/2014,ARA,LA,ASW,CE,Federal Contract Tower,0,1,1,6,8,0,7,3,0,10,0,8,4,6,18,38,0,38,56
04/15/2014,ARA,LA,ASW,CE,Federal Contract Tower,0,0,14,4,18,0,31,16,6,53,0,31,30,10,71,148,8,156,227
04/16/2014,ARA,LA,ASW,CE,Federal Contract Tower,0,1,9,10,20,0,74,52,2,128,0,75,61,12,148,222,14,236,384
04/17/2014,ARA,LA,ASW,CE,Federal Contract Tower,1,1,2,15,19,0,50,17,1,68,1,51,19,16,87,182,12,194,281
04/18/2014,ARA,LA,ASW,CE,Federal Contract Tower,0,4,13,12,29,0,69,19,0,88,0,73,32,12,117,282,0,282,399
04/19/2014,ARA,LA,ASW,CE,Federal Contract Tower,1,0,1,0,2,0,47,20,0,67,1,47,21,0,69,205,0,205,274
04/20/2014,ARA,LA,ASW,CE,Federal Contract Tower,0,6,1,0,7,0,21,13,0,34,0,27,14,0,41,40,0,40,81
04/21/2014,ARA,LA,ASW,CE,Federal Contract Tower,0,3,1,12,16,0,54,20,1,75,0,57,21,13,91,212,8,220,311
04/22/2014,ARA,LA,ASW,CE,Federal Contract Tower,2,0,7,14,23,0,55,15,1,71,2,55,22,15,94,194,6,200,294
04/23/2014,ARA,LA,ASW,CE,Federal Contract Tower,0,1,6,13,20,0,93,29,2,124,0,94,35,15,144,408,8,416,560
04/24/2014,ARA,LA,ASW,CE,Federal Contract Tower,1,0,10,7,18,0,66,10,0,76,1,66,20,7,94,295,6,301,395
04/25/2014,ARA,LA,ASW,CE,Federal Contract Tower,0,5,4,12,21,0,62,17,11,90,0,67,21,23,111,178,8,186,297
04/26/2014,ARA,LA,ASW,CE,Federal Contract Tower,0,0,0,0,0,0,27,17,0,44,0,27,17,0,44,162,0,162,206
04/27/2014,ARA,LA,ASW,CE,Federal Contract Tower,4,4,3,0,11,0,23,5,0,28,4,27,8,0,39,58,0,58,97
04/28/2014,ARA,LA,ASW,CE,Federal Contract Tower,0,0,6,2,8,0,45,7,0,52,0,45,13,2,60,80,0,80,140
04/29/2014,ARA,LA,ASW,CE,Federal Contract Tower,0,0,11,6,17,0,19,33,2,54,0,19,44,8,71,212,8,220,291
04/30/2014,ARA,LA,ASW,CE,Federal Contract Tower,0,0,13,17,30,0,67,48,2,117,0,67,61,19,147,168,10,178,325
05/01/2014,ARA,LA,ASW,CE,Federal Contract Tower,0,11,2,12,25,0,84,34,3,121,0,95,36,15,146,320,2,322,468
05/02/2014,ARA,LA,ASW,CE,Federal Contract Tower,0,4,7,19,30,0,62,38,4,104,0,66,45,23,134,244,6,250,384
05/03/2014,ARA,LA,ASW,CE,Federal Contract Tower,2,1,2,0,5,0,49,19,1,69,2,50,21,1,74,216,4,220,294
05/04/2014,ARA,LA,ASW,CE,Federal Contract Tower,0,0,0,1,1,0,25,37,7,69,0,25,37,8,70,68,0,68,138
05/05/2014,ARA,LA,ASW,CE,Federal Contract Tower,0,7,3,4,14,0,80,43,0,123,0,87,46,4,137,300,0,300,437
05/06/2014,ARA,LA,ASW,CE,Federal Contract Tower,1,0,3,11,15,0,37,45,18,100,1,37,48,29,115,208,2,210,325
05/07/2014,ARA,LA,ASW,CE,Federal Contract Tower,0,0,7,15,22,0,70,44,2,116,0,70,51,17,138,232,6,238,376
05/08/2014,ARA,LA,ASW,CE,Federal Contract Tower,0,0,4,10,14,0,59,31,3,93,0,59,35,13,107,198,0,198,305
05/09/2014,ARA,LA,ASW,CE,Federal Contract Tower,0,3,3,0,6,6,0,12,5,23,6,3,15,5,29,80,0,80,109
05/10/2014,ARA,LA,ASW,CE,Federal Contract Tower,0,1,1,0,2,0,37,16,0,53,0,38,17,0,55,144,0,144,199
05/11/2014,ARA,LA,ASW,CE,Federal Contract Tower,4,1,5,0,10,0,65,19,3,87,4,66,24,3,97,72,0,72,169
05/12/2014,ARA,LA,ASW,CE,Federal Contract Tower,0,1,3,5,9,0,39,19,0,58,0,40,22,5,67,204,0,204,271
05/13/2014,ARA,LA,ASW,CE,Federal Contract Tower,0,1,4,4,9,0,54,42,4,100,0,55,46,8,109,338,0,338,447
05/14/2014,ARA,LA,ASW,CE,Federal Contract Tower,3,0,6,0,9,0,15,11,2,28,3,15,17,2,37,108,0,108,145
05/15/2014,ARA,LA,ASW,CE,Federal Contract Tower,0,5,9,17,31,0,86,60,7,153,0,91,69,24,184,318,6,324,508
05/16/2014,ARA,LA,ASW,CE,Federal Contract Tower,0,8,3,19,30,0,68,26,4,98,0,76,29,23,128,236,0,236,364
05/17/2014,ARA,LA,ASW,CE,Federal Contract Tower,0,2,2,0,4,0,33,26,0,59,0,35,28,0,63,214,0,214,277
05/18/2014,ARA,LA,ASW,CE,Federal Contract Tower,0,2,1,3,6,0,31,43,5,79,0,33,44,8,85,166,6,172,257
05/19/2014,ARA,LA,ASW,CE,Federal Contract Tower,1,4,1,2,8,0,56,46,0,102,1,60,47,2,110,168,0,168,278
05/20/2014,ARA,LA,ASW,CE,Federal Contract Tower,0,2,7,14,23,0,46,70,8,124,0,48,77,22,147,258,16,274,421
05/21/2014,ARA,LA,ASW,CE,Federal Contract Tower,0,1,6,5,12,0,57,50,1,108,0,58,56,6,120,256,0,256,376
05/22/2014,ARA,LA,ASW,CE,Federal Contract Tower,0,3,6,7,16,0,63,45,8,116,0,66,51,15,132,318,20,338,470
05/23/2014,ARA,LA,ASW,CE,Federal Contract Tower,2,5,5,5,17,0,90,32,0,122,2,95,37,5,139,364,0,364,503
05/24/2014,ARA,LA,ASW,CE,Federal Contract Tower,0,0,4,2,6,0,9,7,1,17,0,9,11,3,23,0,0,0,23
05/25/2014,ARA,LA,ASW,CE,Federal Contract Tower,6,0,0,0,6,0,42,26,0,68,6,42,26,0,74,116,0,116,190
05/26/2014,ARA,LA,ASW,CE,Federal Contract Tower,0,1,6,1,8,0,31,43,2,76,0,32,49,3,84,228,0,228,312
05/27/2014,ARA,LA,ASW,CE,Federal Contract Tower,0,0,3,0,3,0,24,18,0,42,0,24,21,0,45,64,0,64,109
05/28/2014,ARA,LA,ASW,CE,Federal Contract Tower,0,0,8,0,8,0,29,0,0,29,0,29,8,0,37,98,0,98,135
05/29/2014,ARA,LA,ASW,CE,Federal Contract Tower,0,0,0,0,0,0,20,12,0,32,0,20,12,0,32,134,0,134,166
05/30/2014,ARA,LA,ASW,CE,Federal Contract Tower,1,2,2,3,8,0,60,14,0,74,1,62,16,3,82,326,0,326,408
05/31/2014,ARA,LA,ASW,CE,Federal Contract Tower,0,0,1,0,1,0,14,18,0,32,0,14,19,0,33,92,0,92,125
06/01/2014,ARA,LA,ASW,CE,Federal Contract Tower,0,0,1,0,1,0,7,15,2,24,0,7,16,2,25,40,0,40,65
06/02/2014,ARA,LA,ASW,CE,Federal Contract Tower,0,2,7,0,9,0,30,9,0,39,0,32,16,0,48,88,0,88,136
06/03/2014,ARA,LA,ASW,CE,Federal Contract Tower,0,0,8,6,14,0,41,43,1,85,0,41,51,7,99,246,6,252,351
06/04/2014,ARA,LA,ASW,CE,Federal Contract Tower,1,0,11,11,23,0,48,52,2,102,1,48,63,13,125,210,0,210,335
06/05/2014,ARA,LA,ASW,CE,Federal Contract Tower,0,1,9,0,10,0,52,30,2,84,0,53,39,2,94,250,6,256,350
06/06/2014,ARA,LA,ASW,CE,Federal Contract Tower,2,0,2,8,12,0,60,38,2,100,2,60,40,10,112,276,0,276,388
06/07/2014,ARA,LA,ASW,CE,Federal Contract Tower,0,0,1,4,5,0,16,20,10,46,0,16,21,14,51,96,4,100,151
06/08/2014,ARA,LA,ASW,CE,Federal Contract Tower,4,1,1,0,6,0,27,33,4,64,4,28,34,4,70,130,0,130,200
06/09/2014,ARA,LA,ASW,CE,Federal Contract Tower,0,4,6,2,12,0,46,20,0,66,0,50,26,2,78,158,0,158,236
06/10/2014,ARA,LA,ASW,CE,Federal Contract Tower,1,2,5,1,9,0,6,12,0,18,1,8,17,1,27,68,0,68,95
06/11/2014,ARA,LA,ASW,CE,Federal Contract Tower,0,2,4,12,18,0,42,41,11,94,0,44,45,23,112,146,0,146,258
06/12/2014,ARA,LA,ASW,CE,Federal Contract Tower,0,0,4,12,16,0,38,37,0,75,0,38,41,12,91,206,0,206,297
06/13/2014,ARA,LA,ASW,CE,Federal Contract Tower,0,3,1,0,4,0,45,10,0,55,0,48,11,0,59,194,0,194,253
06/14/2014,ARA,LA,ASW,CE,Federal Contract Tower,0,3,5,2,10,0,24,36,0,60,0,27,41,2,70,54,0,54,124
06/15/2014,ARA,LA,ASW,CE,Federal Contract Tower,2,0,4,4,10,0,21,12,0,33,2,21,16,4,43,50,0,50,93
06/16/2014,ARA,LA,ASW,CE,Federal Contract Tower,1,5,4,4,14,0,67,39,0,106,1,72,43,4,120,260,0,260,380
06/17/2014,ARA,LA,ASW,CE,Federal Contract Tower,0,2,8,1,11,0,53,38,4,95,0,55,46,5,106,132,0,132,238
06/18/2014,ARA,LA,ASW,CE,Federal Contract Tower,0,1,3,5,9,0,52,59,3,114,0,53,62,8,123,234,6,240,363
06/19/2014,ARA,LA,ASW,CE,Federal Contract Tower,0,0,4,12,16,0,48,71,1,120,0,48,75,13,136,228,0,228,364
06/20/2014,ARA,LA,ASW,CE,Federal Contract Tower,1,8,5,10,24,0,58,36,5,99,1,66,41,15,123,246,4,250,373
06/21/2014,ARA,LA,ASW,CE,Federal Contract Tower,1,0,6,7,14,0,46,36,3,85,1,46,42,10,99,156,255,411,510
06/22/2014,ARA,LA,ASW,CE,Federal Contract Tower,4,0,8,0,12,0,25,40,3,68,4,25,48,3,80,146,0,146,226
06/23/2014,ARA,LA,ASW,CE,Federal Contract Tower,0,0,5,2,7,0,42,57,1,100,0,42,62,3,107,210,8,218,325
06/24/2014,ARA,LA,ASW,CE,Federal Contract Tower,0,1,0,4,5,0,36,8,4,48,0,37,8,8,53,78,0,78,131
06/25/2014,ARA,LA,ASW,CE,Federal Contract Tower,0,5,4,2,11,0,18,11,3,32,0,23,15,5,43,126,0,126,169
06/26/2014,ARA,LA,ASW,CE,Federal Contract Tower,2,0,0,1,3,0,25,27,1,53,2,25,27,2,56,150,2,152,208
06/27/2014,ARA,LA,ASW,CE,Federal Contract Tower,1,1,6,0,8,0,26,20,0,46,1,27,26,0,54,194,0,194,248
06/28/2014,ARA,LA,ASW,CE,Federal Contract Tower,0,2,1,0,3,0,28,16,0,44,0,30,17,0,47,146,0,146,193
06/29/2014,ARA,LA,ASW,CE,Federal Contract Tower,0,0,6,4,10,0,39,34,0,73,0,39,40,4,83,172,0,172,255
06/30/2014,ARA,LA,ASW,CE,Federal Contract Tower,1,1,6,4,12,0,66,53,1,120,1,67,59,5,132,167,0,167,299
07/01/2014,ARA,LA,ASW,CE,Federal Contract Tower,0,3,10,17,30,0,54,54,1,109,0,57,64,18,139,198,14,212,351
07/02/2014,ARA,LA,ASW,CE,Federal Contract Tower,0,6,18,23,47,0,31,44,7,82,0,37,62,30,129,244,0,244,373
07/03/2014,ARA,LA,ASW,CE,Federal Contract Tower,1,3,13,9,26,0,43,38,3,84,1,46,51,12,110,240,0,240,350
07/04/2014,ARA,LA,ASW,CE,Federal Contract Tower,0,0,1,0,1,0,18,14,0,32,0,18,15,0,33,70,0,70,103
07/05/2014,ARA,LA,ASW,CE,Federal Contract Tower,0,0,3,0,3,0,17,28,0,45,0,17,31,0,48,108,0,108,156
07/06/2014,ARA,LA,ASW,CE,Federal Contract Tower,4,0,4,0,8,0,5,26,0,31,4,5,30,0,39,8,0,8,47
07/07/2014,ARA,LA,ASW,CE,Federal Contract Tower,2,4,5,4,15,0,35,33,1,69,2,39,38,5,84,264,0,264,348
07/08/2014,ARA,LA,ASW,CE,Federal Contract Tower,0,0,9,3,12,0,30,14,0,44,0,30,23,3,56,114,6,120,176
07/09/2014,ARA,LA,ASW,CE,Federal Contract Tower,0,4,10,7,21,0,47,31,5,83,0,51,41,12,104,140,0,140,244
07/10/2014,ARA,LA,ASW,CE,Federal Contract Tower,2,3,5,0,10,0,45,33,2,80,2,48,38,2,90,236,0,236,326
07/11/2014,ARA,LA,ASW,CE,Federal Contract Tower,0,5,10,7,22,0,75,38,0,113,0,80,48,7,135,290,0,290,425
07/12/2014,ARA,LA,ASW,CE,Federal Contract Tower,0,5,2,0,7,0,28,30,2,60,0,33,32,2,67,160,0,160,227
07/13/2014,ARA,LA,ASW,CE,Federal Contract Tower,0,2,7,6,15,0,22,24,0,46,0,24,31,6,61,128,2,130,191
07/14/2014,ARA,LA,ASW,CE,Federal Contract Tower,0,10,2,4,16,0,55,25,3,83,0,65,27,7,99,260,0,260,359
07/15/2014,ARA,LA,ASW,CE,Federal Contract Tower,0,4,4,0,8,0,19,22,0,41,0,23,26,0,49,74,0,74,123
07/16/2014,ARA,LA,ASW,CE,Federal Contract Tower,0,4,23,8,35,0,54,73,8,135,0,58,96,16,170,304,0,304,474
07/17/2014,ARA,LA,ASW,CE,Federal Contract Tower,2,5,3,1,11,0,42,39,4,85,2,47,42,5,96,208,0,208,304
07/18/2014,ARA,LA,ASW,CE,Federal Contract Tower,1,3,2,0,6,0,1,0,0,1,1,4,2,0,7,2,0,2,9
07/19/2014,ARA,LA,ASW,CE,Federal Contract Tower,0,0,3,4,7,0,6,4,2,12,0,6,7,6,19,30,18,48,67
07/20/2014,ARA,LA,ASW,CE,Federal Contract Tower,4,1,1,0,6,0,18,11,0,29,4,19,12,0,35,104,0,104,139
07/21/2014,ARA,LA,ASW,CE,Federal Contract Tower,0,18,6,16,40,0,56,29,3,88,0,74,35,19,128,210,0,210,338
07/22/2014,ARA,LA,ASW,CE,Federal Contract Tower,0,1,19,7,27,0,33,58,3,94,0,34,77,10,121,190,0,190,311
07/23/2014,ARA,LA,ASW,CE,Federal Contract Tower,0,1,5,6,12,0,35,54,4,93,0,36,59,10,105,234,12,246,351
07/24/2014,ARA,LA,ASW,CE,Federal Contract Tower,0,6,13,6,25,0,58,58,2,118,0,64,71,8,143,226,0,226,369
07/25/2014,ARA,LA,ASW,CE,Federal Contract Tower,0,5,4,6,15,0,51,48,5,104,0,56,52,11,119,172,14,186,305
07/26/2014,ARA,LA,ASW,CE,Federal Contract Tower,0,0,6,0,6,0,42,25,0,67,0,42,31,0,73,142,0,142,215
07/27/2014,ARA,LA,ASW,CE,Federal Contract Tower,2,2,1,0,5,0,22,23,0,45,2,24,24,0,50,90,0,90,140
07/28/2014,ARA,LA,ASW,CE,Federal Contract Tower,0,2,8,5,15,0,71,39,0,110,0,73,47,5,125,242,0,242,367
07/29/2014,ARA,LA,ASW,CE,Federal Contract Tower,0,3,13,0,16,0,22,67,0,89,0,25,80,0,105,210,0,210,315
07/30/2014,ARA,LA,ASW,CE,Federal Contract Tower,0,7,10,14,31,0,69,50,2,121,0,76,60,16,152,298,8,306,458
07/31/2014,ARA,LA,ASW,CE,Federal Contract Tower,0,8,12,1,21,0,46,60,0,106,0,54,72,1,127,206,0,206,333
08/01/2014,ARA,LA,ASW,CE,Federal Contract Tower,0,1,3,4,8,0,14,9,2,25,0,15,12,6,33,74,16,90,123
08/02/2014,ARA,LA,ASW,CE,Federal Contract Tower,0,0,1,0,1,0,13,11,0,24,0,13,12,0,25,122,0,122,147
08/03/2014,ARA,LA,ASW,CE,Federal Contract Tower,4,2,2,0,8,0,14,29,0,43,4,16,31,0,51,128,0,128,179
08/04/2014,ARA,LA,ASW,CE,Federal Contract Tower,0,5,6,4,15,0,65,54,0,119,0,70,60,4,134,212,0,212,346
08/05/2014,ARA,LA,ASW,CE,Federal Contract Tower,0,5,5,6,16,0,40,43,0,83,0,45,48,6,99,162,0,162,261
08/06/2014,ARA,LA,ASW,CE,Federal Contract Tower,0,1,6,14,21,0,54,94,3,151,0,55,100,17,172,336,0,336,508
08/07/2014,ARA,LA,ASW,CE,Federal Contract Tower,0,0,2,6,8,0,51,46,0,97,0,51,48,6,105,274,0,274,379
08/08/2014,ARA,LA,ASW,CE,Federal Contract Tower,2,1,5,14,22,0,28,18,1,47,2,29,23,15,69,84,0,84,153
08/09/2014,ARA,LA,ASW,CE,Federal Contract Tower,0,0,1,0,1,0,11,44,0,55,0,11,45,0,56,46,0,46,102
08/10/2014,ARA,LA,ASW,CE,Federal Contract Tower,0,0,2,2,4,0,9,33,0,42,0,9,35,2,46,46,0,46,92
08/11/2014,ARA,LA,ASW,CE,Federal Contract Tower,0,9,4,12,25,0,30,49,1,80,0,39,53,13,105,116,0,116,221
08/12/2014,ARA,LA,ASW,CE,Federal Contract Tower,0,15,13,9,37,0,41,48,5,94,0,56,61,14,131,160,4,164,295
08/13/2014,ARA,LA,ASW,CE,Federal Contract Tower,0,0,12,19,31,0,38,79,6,123,0,38,91,25,154,217,0,217,371
08/14/2014,ARA,LA,ASW,CE,Federal Contract Tower,0,5,13,17,35,0,46,86,2,134,0,51,99,19,169,230,0,230,399
08/15/2014,ARA,LA,ASW,CE,Federal Contract Tower,0,3,14,18,35,0,40,41,2,83,0,43,55,20,118,246,8,254,372
08/16/2014,ARA,LA,ASW,CE,Federal Contract Tower,0,1,2,6,9,0,48,34,4,86,0,49,36,10,95,192,0,192,287
08/17/2014,ARA,LA,ASW,CE,Federal Contract Tower,4,0,2,2,8,0,46,13,0,59,4,46,15,2,67,146,0,146,213
08/18/2014,ARA,LA,ASW,CE,Federal Contract Tower,0,0,4,2,6,0,33,60,0,93,0,33,64,2,99,198,0,198,297
08/19/2014,ARA,LA,ASW,CE,Federal Contract Tower,2,1,7,5,15,0,44,36,1,81,2,45,43,6,96,162,0,162,258
08/20/2014,ARA,LA,ASW,CE,Federal Contract Tower,0,3,7,11,21,0,37,32,2,71,0,40,39,13,92,274,24,298,390
08/21/2014,ARA,LA,ASW,CE,Federal Contract Tower,0,1,1,3,5,0,39,36,3,78,0,40,37,6,83,224,6,230,313
08/22/2014,ARA,LA,ASW,CE,Federal Contract Tower,0,7,10,18,35,0,44,24,8,76,0,51,34,26,111,274,16,290,401
08/23/2014,ARA,LA,ASW,CE,Federal Contract Tower,0,0,8,9,17,0,16,31,0,47,0,16,39,9,64,64,0,64,128
08/24/2014,ARA,LA,ASW,CE,Federal Contract Tower,0,0,13,21,34,0,33,45,1,79,0,33,58,22,113,198,0,198,311
08/25/2014,ARA,LA,ASW,CE,Federal Contract Tower,0,16,4,8,28,0,50,30,0,80,0,66,34,8,108,182,6,188,296
08/26/2014,ARA,LA,ASW,CE,Federal Contract Tower,0,11,1,3,15,0,39,19,1,59,0,50,20,4,74,176,0,176,250
08/27/2014,ARA,LA,ASW,CE,Federal Contract Tower,0,5,6,2,13,0,57,45,0,102,0,62,51,2,115,260,0,260,375
08/28/2014,ARA,LA,ASW,CE,Federal Contract Tower,1,0,6,2,9,0,43,55,0,98,1,43,61,2,107,324,0,324,431
08/29/2014,ARA,LA,ASW,CE,Federal Contract Tower,0,3,4,0,7,0,20,47,0,67,0,23,51,0,74,254,0,254,328
08/30/2014,ARA,LA,ASW,CE,Federal Contract Tower,1,0,0,0,1,0,0,0,0,0,1,0,0,0,1,0,0,0,1
08/31/2014,ARA,LA,ASW,CE,Federal Contract Tower,4,0,3,0,7,0,15,41,2,58,4,15,44,2,65,124,0,124,189
09/01/2014,ARA,LA,ASW,CE,Federal Contract Tower,0,2,9,2,13,0,30,26,0,56,0,32,35,2,69,220,0,220,289
09/02/2014,ARA,LA,ASW,CE,Federal Contract Tower,0,0,5,3,8,0,25,37,0,62,0,25,42,3,70,180,0,180,250
09/03/2014,ARA,LA,ASW,CE,Federal Contract Tower,0,0,17,11,28,0,43,51,6,100,0,43,68,17,128,198,18,216,344
09/04/2014,ARA,LA,ASW,CE,Federal Contract Tower,0,0,6,8,14,0,30,53,1,84,0,30,59,9,98,244,0,244,342
09/05/2014,ARA,LA,ASW,CE,Federal Contract Tower,0,5,12,16,33,0,23,32,2,57,0,28,44,18,90,236,4,240,330
09/06/2014,ARA,LA,ASW,CE,Federal Contract Tower,0,0,2,0,2,0,17,30,0,47,0,17,32,0,49,80,0,80,129
09/07/2014,ARA,LA,ASW,CE,Federal Contract Tower,0,4,11,0,15,0,25,27,0,52,0,29,38,0,67,208,0,208,275
09/08/2014,ARA,LA,ASW,CE,Federal Contract Tower,0,4,15,2,21,0,40,51,0,91,0,44,66,2,112,372,0,372,484
09/09/2014,ARA,LA,ASW,CE,Federal Contract Tower,0,0,12,5,17,0,20,50,1,71,0,20,62,6,88,214,0,214,302
09/10/2014,ARA,LA,ASW,CE,Federal Contract Tower,0,0,13,10,23,0,34,69,2,105,0,34,82,12,128,282,0,282,410
09/11/2014,ARA,LA,ASW,CE,Federal Contract Tower,0,0,8,4,12,0,24,63,6,93,0,24,71,10,105,252,8,260,365
09/12/2014,ARA,LA,ASW,CE,Federal Contract Tower,1,7,5,4,17,0,12,46,0,58,1,19,51,4,75,122,2,124,199
09/13/2014,ARA,LA,ASW,CE,Federal Contract Tower,0,4,0,0,4,0,6,0,0,6,0,10,0,0,10,30,0,30,40
09/14/2014,ARA,LA,ASW,CE,Federal Contract Tower,4,7,9,2,22,0,9,11,0,20,4,16,20,2,42,94,0,94,136
09/15/2014,ARA,LA,ASW,CE,Federal Contract Tower,0,5,6,11,22,0,28,27,2,57,0,33,33,13,79,234,2,236,315
09/16/2014,ARA,LA,ASW,CE,Federal Contract Tower,0,3,6,5,14,0,21,17,3,41,0,24,23,8,55,199,20,219,274
09/17/2014,ARA,LA,ASW,CE,Federal Contract Tower,0,2,10,4,16,0,19,50,2,71,0,21,60,6,87,330,0,330,417
09/18/2014,ARA,LA,ASW,CE,Federal Contract Tower,0,0,17,7,24,0,20,57,3,80,0,20,74,10,104,282,4,286,390
09/19/2014,ARA,LA,ASW,CE,Federal Contract Tower,0,0,7,7,14,0,15,69,0,84,0,15,76,7,98,308,6,314,412
09/20/2014,ARA,LA,ASW,CE,Federal Contract Tower,0,0,12,3,15,0,28,47,1,76,0,28,59,4,91,44,2,46,137
09/21/2014,ARA,LA,ASW,CE,Federal Contract Tower,1,2,9,6,18,0,32,31,0,63,1,34,40,6,81,22,0,22,103
09/22/2014,ARA,LA,ASW,CE,Federal Contract Tower,1,11,7,11,30,0,39,39,3,81,1,50,46,14,111,347,0,347,458
09/23/2014,ARA,LA,ASW,CE,Federal Contract Tower,1,2,12,4,19,0,43,62,6,111,1,45,74,10,130,214,0,214,344
09/24/2014,ARA,LA,ASW,CE,Federal Contract Tower,0,0,17,14,31,0,34,76,1,111,0,34,93,15,142,220,6,226,368
09/25/2014,ARA,LA,ASW,CE,Federal Contract Tower,0,0,13,17,30,0,17,47,0,64,0,17,60,17,94,128,0,128,222
09/26/2014,ARA,LA,ASW,CE,Federal Contract Tower,0,2,15,7,24,0,31,42,0,73,0,33,57,7,97,166,2,168,265
09/27/2014,ARA,LA,ASW,CE,Federal Contract Tower,0,1,3,1,5,0,21,27,4,52,0,22,30,5,57,82,0,82,139
09/28/2014,ARA,LA,ASW,CE,Federal Contract Tower,4,1,1,0,6,0,17,35,0,52,4,18,36,0,58,154,0,154,212
09/29/2014,ARA,LA,ASW,CE,Federal Contract Tower,0,0,10,10,20,0,12,10,0,22,0,12,20,10,42,60,0,60,102
09/30/2014,ARA,LA,ASW,CE,Federal Contract Tower,0,1,2,4,7,0,22,38,0,60,0,23,40,4,67,90,0,90,157
10/01/2014,ARA,LA,ASW,CE,Federal Contract Tower,0,2,14,2,18,0,11,18,2,31,0,13,32,4,49,74,0,74,123
10/02/2014,ARA,LA,ASW,CE,Federal Contract Tower,0,0,6,11,17,0,32,28,0,60,0,32,34,11,77,114,0,114,191
10/03/2014,ARA,LA,ASW,CE,Federal Contract Tower,0,0,8,7,15,0,22,23,1,46,0,22,31,8,61,118,4,122,183
10/04/2014,ARA,LA,ASW,CE,Federal Contract Tower,0,3,3,7,13,0,18,23,2,43,0,21,26,9,56,58,10,68,124
10/05/2014,ARA,LA,ASW,CE,Federal Contract Tower,1,0,2,0,3,0,17,46,0,63,1,17,48,0,66,84,0,84,150
10/06/2014,ARA,LA,ASW,CE,Federal Contract Tower,0,2,3,1,6,0,11,42,0,53,0,13,45,1,59,144,0,144,203
10/07/2014,ARA,LA,ASW,CE,Federal Contract Tower,2,0,11,10,23,0,41,48,3,92,2,41,59,13,115,168,6,174,289
10/08/2014,ARA,LA,ASW,CE,Federal Contract Tower,0,1,9,27,37,0,43,52,1,96,0,44,61,28,133,92,0,92,225
10/09/2014,ARA,LA,ASW,CE,Federal Contract Tower,0,0,10,10,20,0,25,45,0,70,0,25,55,10,90,230,2,232,322
10/10/2014,ARA,LA,ASW,CE,Federal Contract Tower,0,0,5,5,10,0,20,46,0,66,0,20,51,5,76,162,0,162,238
10/11/2014,ARA,LA,ASW,CE,Federal Contract Tower,0,0,1,2,3,0,4,57,0,61,0,4,58,2,64,118,0,118,182
10/12/2014,ARA,LA,ASW,CE,Federal Contract Tower,4,0,6,0,10,0,11,27,0,38,4,11,33,0,48,114,0,114,162
10/13/2014,ARA,LA,ASW,CE,Federal Contract Tower,0,0,0,0,0,0,10,12,1,23,0,10,12,1,23,74,0,74,97
10/14/2014,ARA,LA,ASW,CE,Federal Contract Tower,0,1,9,6,16,0,27,59,1,87,0,28,68,7,103,238,0,238,341
10/15/2014,ARA,LA,ASW,CE,Federal Contract Tower,0,2,10,13,25,0,36,43,3,82,0,38,53,16,107,180,12,192,299
10/16/2014,ARA,LA,ASW,CE,Federal Contract Tower,1,2,15,16,34,0,8,74,8,90,1,10,89,24,124,220,22,242,366
10/17/2014,ARA,LA,ASW,CE,Federal Contract Tower,0,4,12,13,29,0,21,57,1,79,0,25,69,14,108,230,18,248,356
10/18/2014,ARA,LA,ASW,CE,Federal Contract Tower,1,0,2,9,12,0,11,34,5,50,1,11,36,14,62,84,24,108,170
10/19/2014,ARA,LA,ASW,CE,Federal Contract Tower,1,0,4,3,8,0,6,33,0,39,1,6,37,3,47,28,0,28,75
10/20/2014,ARA,LA,ASW,CE,Federal Contract Tower,1,4,8,14,27,0,31,47,1,79,1,35,55,15,106,154,0,154,260
10/21/2014,ARA,LA,ASW,CE,Federal Contract Tower,0,10,12,6,28,0,21,42,2,65,0,31,54,8,93,120,0,120,213
10/22/2014,ARA,LA,ASW,CE,Federal Contract Tower,0,3,6,9,18,0,19,44,3,66,0,22,50,12,84,152,14,166,250
10/23/2014,ARA,LA,ASW,CE,Federal Contract Tower,0,0,15,18,33,0,28,39,1,68,0,28,54,19,101,236,0,236,337
10/24/2014,ARA,LA,ASW,CE,Federal Contract Tower,1,7,10,21,39,0,24,41,3,68,1,31,51,24,107,238,2,240,347
10/25/2014,ARA,LA,ASW,CE,Federal Contract Tower,0,1,0,0,1,0,2,32,0,34,0,3,32,0,35,42,0,42,77
10/26/2014,ARA,LA,ASW,CE,Federal Contract Tower,4,0,8,0,12,0,9,36,0,45,4,9,44,0,57,60,0,60,117
10/27/2014,ARA,LA,ASW,CE,Federal Contract Tower,0,3,12,16,31,0,20,42,0,62,0,23,54,16,93,298,10,308,401
10/28/2014,ARA,LA,ASW,CE,Federal Contract Tower,0,0,16,15,31,0,37,64,8,109,0,37,80,23,140,348,16,364,504
10/29/2014,ARA,LA,ASW,CE,Federal Contract Tower,1,1,17,2,21,0,16,45,4,65,1,17,62,6,86,196,14,210,296
10/30/2014,ARA,LA,ASW,CE,Federal Contract Tower,0,0,18,3,21,0,18,65,2,85,0,18,83,5,106,330,0,330,436
10/31/2014,ARA,LA,ASW,CE,Federal Contract Tower,0,1,10,11,22,0,23,38,3,64,0,24,48,14,86,207,6,213,299
11/01/2014,ARA,LA,ASW,CE,Federal Contract Tower,2,0,2,0,4,0,2,48,0,50,2,2,50,0,54,58,0,58,112
11/02/2014,ARA,LA,ASW,CE,Federal Contract Tower,1,0,4,0,5,0,14,37,0,51,1,14,41,0,56,106,0,106,162
11/03/2014,ARA,LA,ASW,CE,Federal Contract Tower,0,0,7,9,16,0,24,63,0,87,0,24,70,9,103,291,0,291,394
11/04/2014,ARA,LA,ASW,CE,Federal Contract Tower,0,0,5,18,23,0,33,35,1,69,0,33,40,19,92,262,0,262,354
11/05/2014,ARA,LA,ASW,CE,Federal Contract Tower,1,0,8,13,22,0,13,21,2,36,1,13,29,15,58,146,14,160,218
11/06/2014,ARA,LA,ASW,CE,Federal Contract Tower,0,6,13,6,25,0,12,46,4,62,0,18,59,10,87,188,0,188,275
11/07/2014,ARA,LA,ASW,CE,Federal Contract Tower,0,5,12,3,20,0,20,86,4,110,0,25,98,7,130,168,12,180,310
11/08/2014,ARA,LA,ASW,CE,Federal Contract Tower,0,0,3,0,3,0,10,31,0,41,0,10,34,0,44,72,0,72,116
11/09/2014,ARA,LA,ASW,CE,Federal Contract Tower,6,0,3,10,19,0,32,40,1,73,6,32,43,11,92,132,0,132,224
11/10/2014,ARA,LA,ASW,CE,Federal Contract Tower,0,2,3,0,5,0,35,31,0,66,0,37,34,0,71,292,0,292,363
11/11/2014,ARA,LA,ASW,CE,Federal Contract Tower,0,0,11,0,11,0,11,54,0,65,0,11,65,0,76,292,0,292,368
11/12/2014,ARA,LA,ASW,CE,Federal Contract Tower,2,0,7,4,13,0,6,4,0,10,2,6,11,4,23,10,0,10,33
11/13/2014,ARA,LA,ASW,CE,Federal Contract Tower,0,1,13,8,22,0,12,39,0,51,0,13,52,8,73,124,0,124,197
11/14/2014,ARA,LA,ASW,CE,Federal Contract Tower,0,2,4,11,17,0,38,40,2,80,0,40,44,13,97,264,0,264,361
11/15/2014,ARA,LA,ASW,CE,Federal Contract Tower,0,0,8,0,8,0,17,47,8,72,0,17,55,8,80,206,0,206,286
11/16/2014,ARA,LA,ASW,CE,Federal Contract Tower,0,0,1,4,5,0,13,4,1,18,0,13,5,5,23,80,8,88,111
11/17/2014,ARA,LA,ASW,CE,Federal Contract Tower,0,4,5,13,22,0,11,20,2,33,0,15,25,15,55,144,8,152,207
11/18/2014,ARA,LA,ASW,CE,Federal Contract Tower,0,8,13,7,28,0,35,37,4,76,0,43,50,11,104,220,0,220,324
11/19/2014,ARA,LA,ASW,CE,Federal Contract Tower,0,0,13,14,27,0,23,64,2,89,0,23,77,16,116,208,4,212,328
11/20/2014,ARA,LA,ASW,CE,Federal Contract Tower,0,0,4,4,8,0,24,48,2,74,0,24,52,6,82,238,0,238,320
11/21/2014,ARA,LA,ASW,CE,Federal Contract Tower,0,0,5,3,8,0,15,52,1,68,0,15,57,4,76,274,4,278,354
11/22/2014,ARA,LA,ASW,CE,Federal Contract Tower,0,0,2,0,2,0,13,17,0,30,0,13,19,0,32,98,0,98,130
11/23/2014,ARA,LA,ASW,CE,Federal Contract Tower,5,1,5,0,11,0,21,10,0,31,5,22,15,0,42,62,0,62,104
11/24/2014,ARA,LA,ASW,CE,Federal Contract Tower,2,1,7,12,22,0,36,35,3,74,2,37,42,15,96,128,0,128,224
11/25/2014,ARA,LA,ASW,CE,Federal Contract Tower,1,0,6,11,18,0,7,48,2,57,1,7,54,13,75,216,0,216,291
11/26/2014,ARA,LA,ASW,CE,Federal Contract Tower,0,0,4,0,4,0,7,29,0,36,0,7,33,0,40,92,0,92,132
11/27/2014,ARA,LA,ASW,CE,Federal Contract Tower,0,0,1,0,1,0,6,6,0,12,0,6,7,0,13,16,0,16,29
11/28/2014,ARA,LA,ASW,CE,Federal Contract Tower,0,0,4,0,4,0,9,8,0,17,0,9,12,0,21,58,0,58,79
11/29/2014,ARA,LA,ASW,CE,Federal Contract Tower,0,1,0,0,1,0,8,17,0,25,0,9,17,0,26,14,0,14,40
11/30/2014,ARA,LA,ASW,CE,Federal Contract Tower,0,0,9,0,9,0,5,26,0,31,0,5,35,0,40,30,0,30,70
12/01/2014,ARA,LA,ASW,CE,Federal Contract Tower,0,1,13,10,24,0,20,35,0,55,0,21,48,10,79,128,0,128,207
12/02/2014,ARA,LA,ASW,CE,Federal Contract Tower,0,2,14,0,16,0,2,31,0,33,0,4,45,0,49,132,0,132,181
12/03/2014,ARA,LA,ASW,CE,Federal Contract Tower,1,1,7,15,24,0,22,62,0,84,1,23,69,15,108,230,2,232,340
12/04/2014,ARA,LA,ASW,CE,Federal Contract Tower,0,9,9,4,22,0,23,23,0,46,0,32,32,4,68,268,0,268,336
12/05/2014,ARA,LA,ASW,CE,Federal Contract Tower,1,1,10,3,15,0,66,23,2,91,1,67,33,5,106,158,0,158,264
12/06/2014,ARA,LA,ASW,CE,Federal Contract Tower,0,5,2,0,7,0,30,14,0,44,0,35,16,0,51,134,0,134,185
12/07/2014,ARA,LA,ASW,CE,Federal Contract Tower,0,4,2,0,6,0,29,34,0,63,0,33,36,0,69,132,0,132,201
12/08/2014,ARA,LA,ASW,CE,Federal Contract Tower,0,7,5,19,31,0,37,18,5,60,0,44,23,24,91,210,14,224,315
12/09/2014,ARA,LA,ASW,CE,Federal Contract Tower,0,5,9,13,27,0,41,39,0,80,0,46,48,13,107,210,0,210,317
12/10/2014,ARA,LA,ASW,CE,Federal Contract Tower,4,7,4,9,24,0,22,53,3,78,4,29,57,12,102,206,4,210,312
12/11/2014,ARA,LA,ASW,CE,Federal Contract Tower,0,0,19,14,33,0,0,0,0,0,0,0,19,14,33,292,0,292,325
12/12/2014,ARA,LA,ASW,CE,Federal Contract Tower,0,2,7,12,21,0,22,37,0,59,0,24,44,12,80,256,0,256,336
12/13/2014,ARA,LA,ASW,CE,Federal Contract Tower,0,0,2,0,2,0,8,36,0,44,0,8,38,0,46,124,0,124,170
12/14/2014,ARA,LA,ASW,CE,Federal Contract Tower,0,0,2,8,10,0,3,10,2,15,0,3,12,10,25,10,0,10,35
12/15/2014,ARA,LA,ASW,CE,Federal Contract Tower,0,0,0,6,6,0,7,15,0,22,0,7,15,6,28,80,0,80,108
12/16/2014,ARA,LA,ASW,CE,Federal Contract Tower,0,4,16,6,26,0,16,43,2,61,0,20,59,8,87,130,0,130,217
12/17/2014,ARA,LA,ASW,CE,Federal Contract Tower,0,27,75,1,103,0,1,20,8,29,0,28,95,9,132,184,12,196,328
12/18/2014,ARA,LA,ASW,CE,Federal Contract Tower,0,1,12,6,19,0,28,34,0,62,0,29,46,6,81,150,2,152,233
12/19/2014,ARA,LA,ASW,CE,Federal Contract Tower,0,0,6,0,6,0,0,2,0,2,0,0,8,0,8,0,0,0,8
12/20/2014,ARA,LA,ASW,CE,Federal Contract Tower,0,0,14,2,16,0,1,0,0,1,0,1,14,2,17,30,0,30,47
12/21/2014,ARA,LA,ASW,CE,Federal Contract Tower,0,0,6,0,6,0,5,10,0,15,0,5,16,0,21,68,0,68,89
12/22/2014,ARA,LA,ASW,CE,Federal Contract Tower,2,1,3,1,7,0,19,8,0,27,2,20,11,1,34,120,0,120,154
12/23/2014,ARA,LA,ASW,CE,Federal Contract Tower,1,0,1,0,2,0,1,1,0,2,1,1,2,0,4,0,0,0,4
12/24/2014,ARA,LA,ASW,CE,Federal Contract Tower,2,4,6,0,12,0,9,13,0,22,2,13,19,0,34,90,0,90,124
12/25/2014,ARA,LA,ASW,CE,Federal Contract Tower,0,0,1,0,1,0,2,7,0,9,0,2,8,0,10,4,0,4,14
12/26/2014,ARA,LA,ASW,CE,Federal Contract Tower,0,0,4,0,4,0,10,18,0,28,0,10,22,0,32,96,0,96,128
12/27/2014,ARA,LA,ASW,CE,Federal Contract Tower,2,0,0,0,2,0,0,0,0,0,2,0,0,0,2,0,0,0,2
12/28/2014,ARA,LA,ASW,CE,Federal Contract Tower,0,1,2,0,3,0,1,2,0,3,0,2,4,0,6,8,0,8,14
12/29/2014,ARA,LA,ASW,CE,Federal Contract Tower,0,0,1,0,1,0,0,0,0,0,0,0,1,0,1,0,0,0,1
12/30/2014,ARA,LA,ASW,CE,Federal Contract Tower,0,5,10,0,15,0,4,4,0,8,0,9,14,0,23,32,0,32,55
12/31/2014,ARA,LA,ASW,CE,Federal Contract Tower,0,0,6,3,9,0,28,65,0,93,0,28,71,3,102,196,0,196,298
01/01/2015,ARA,LA,ASW,CE,Federal Contract Tower,0,0,0,0,0,0,9,15,0,24,0,9,15,0,24,82,0,82,106
01/02/2015,ARA,LA,ASW,CE,Federal Contract Tower,0,0,1,0,1,0,0,0,0,0,0,0,1,0,1,0,0,0,1
01/03/2015,ARA,LA,ASW,CE,Federal Contract Tower,0,0,7,0,7,0,0,0,0,0,0,0,7,0,7,0,0,0,7
01/04/2015,ARA,LA,ASW,CE,Federal Contract Tower,1,5,4,0,10,0,6,16,0,22,1,11,20,0,32,48,0,48,80
01/05/2015,ARA,LA,ASW,CE,Federal Contract Tower,1,5,13,7,26,0,46,36,0,82,1,51,49,7,108,308,0,308,416
01/06/2015,ARA,LA,ASW,CE,Federal Contract Tower,0,12,8,1,21,0,36,50,1,87,0,48,58,2,108,226,0,226,334
01/07/2015,ARA,LA,ASW,CE,Federal Contract Tower,4,0,9,21,34,0,21,23,9,53,4,21,32,30,87,146,8,154,241
01/08/2015,ARA,LA,ASW,CE,Federal Contract Tower,0,0,13,11,24,0,17,45,1,63,0,17,58,12,87,142,0,142,229
01/09/2015,ARA,LA,ASW,CE,Federal Contract Tower,1,2,4,3,10,0,5,9,0,14,1,7,13,3,24,72,0,72,96
01/10/2015,ARA,LA,ASW,CE,Federal Contract Tower,0,4,3,6,13,0,9,40,1,50,0,13,43,7,63,74,2,76,139
01/11/2015,ARA,LA,ASW,CE,Federal Contract Tower,0,0,2,0,2,0,3,0,0,3,0,3,2,0,5,20,0,20,25
01/12/2015,ARA,LA,ASW,CE,Federal Contract Tower,0,3,4,9,16,0,12,5,0,17,0,15,9,9,33,100,0,100,133
01/13/2015,ARA,LA,ASW,CE,Federal Contract Tower,0,3,14,23,40,0,15,15,0,30,0,18,29,23,70,148,0,148,218
01/14/2015,ARA,LA,ASW,CE,Federal Contract Tower,0,9,4,10,23,0,17,0,0,17,0,26,4,10,40,82,0,82,122
01/15/2015,ARA,LA,ASW,CE,Federal Contract Tower,0,13,9,14,36,0,8,10,0,18,0,21,19,14,54,138,0,138,192
01/16/2015,ARA,LA,ASW,CE,Federal Contract Tower,1,5,16,5,27,0,39,69,1,109,1,44,85,6,136,228,0,228,364
01/17/2015,ARA,LA,ASW,CE,Federal Contract Tower,2,0,9,0,11,0,15,73,0,88,2,15,82,0,99,148,0,148,247
01/18/2015,ARA,LA,ASW,CE,Federal Contract Tower,1,1,12,0,14,0,23,36,0,59,1,24,48,0,73,190,0,190,263
01/19/2015,ARA,LA,ASW,CE,Federal Contract Tower,0,0,10,0,10,0,13,47,0,60,0,13,57,0,70,304,0,304,374
01/20/2015,ARA,LA,ASW,CE,Federal Contract Tower,1,3,4,7,15,0,45,60,4,109,1,48,64,11,124,250,2,252,376
01/21/2015,ARA,LA,ASW,CE,Federal Contract Tower,4,2,12,2,20,0,49,68,0,117,4,51,80,2,137,276,0,276,413
01/22/2015,ARA,LA,ASW,CE,Federal Contract Tower,0,3,2,0,5,0,13,17,0,30,0,16,19,0,35,58,0,58,93
01/23/2015,ARA,LA,ASW,CE,Federal Contract Tower,0,0,7,1,8,0,9,2,0,11,0,9,9,1,19,26,0,26,45
01/24/2015,ARA,LA,ASW,CE,Federal Contract Tower,0,3,10,0,13,0,11,51,0,62,0,14,61,0,75,116,0,116,191
01/25/2015,ARA,LA,ASW,CE,Federal Contract Tower,0,1,3,0,4,0,10,41,0,51,0,11,44,0,55,186,0,186,241
01/26/2015,ARA,LA,ASW,CE,Federal Contract Tower,0,4,18,14,36,0,24,47,0,71,0,28,65,14,107,250,16,266,373
01/27/2015,ARA,LA,ASW,CE,Federal Contract Tower,0,10,15,16,41,0,55,63,1,119,0,65,78,17,160,331,6,337,497
01/28/2015,ARA,LA,ASW,CE,Federal Contract Tower,2,0,4,12,18,0,44,56,3,103,2,44,60,15,121,208,0,208,329
01/29/2015,ARA,LA,ASW,CE,Federal Contract Tower,2,4,11,5,22,0,6,67,0,73,2,10,78,5,95,232,0,232,327
01/30/2015,ARA,LA,ASW,CE,Federal Contract Tower,0,0,9,11,20,0,7,44,1,52,0,7,53,12,72,198,1,199,271
01/31/2015,ARA,LA,ASW,CE,Federal Contract Tower,0,0,2,4,6,0,7,36,3,46,0,7,38,7,52,68,14,82,134
02/01/2015,ARA,LA,ASW,CE,Federal Contract Tower,0,0,3,0,3,0,3,13,0,16,0,3,16,0,19,58,0,58,77
02/02/2015,ARA,LA,ASW,CE,Federal Contract Tower,0,9,5,1,15,0,42,26,1,69,0,51,31,2,84,204,0,204,288
02/03/2015,ARA,LA,ASW,CE,Federal Contract Tower,0,2,14,10,26,0,20,43,0,63,0,22,57,10,89,170,0,170,259
02/04/2015,ARA,LA,ASW,CE,Federal Contract Tower,4,0,4,0,8,0,0,0,0,0,4,0,4,0,8,0,0,0,8
02/05/2015,ARA,LA,ASW,CE,Federal Contract Tower,0,4,6,21,31,0,32,41,24,97,0,36,47,45,128,226,8,234,362
02/06/2015,ARA,LA,ASW,CE,Federal Contract Tower,0,5,17,16,38,0,49,34,0,83,0,54,51,16,121,264,0,264,385
02/07/2015,ARA,LA,ASW,CE,Federal Contract Tower,0,1,8,3,12,0,3,34,1,38,0,4,42,4,50,60,8,68,118
02/08/2015,ARA,LA,ASW,CE,Federal Contract Tower,0,2,4,6,12,0,19,14,1,34,0,21,18,7,46,52,6,58,104
02/09/2015,ARA,LA,ASW,CE,Federal Contract Tower,2,2,16,25,45,0,10,35,1,46,2,12,51,26,91,114,8,122,213
02/10/2015,ARA,LA,ASW,CE,Federal Contract Tower,2,0,16,19,37,0,12,43,1,56,2,12,59,20,93,138,0,138,231
02/11/2015,ARA,LA,ASW,CE,Federal Contract Tower,0,2,11,8,21,0,37,46,6,89,0,39,57,14,110,204,0,204,314
02/12/2015,ARA,LA,ASW,CE,Federal Contract Tower,0,3,14,3,20,0,42,49,0,91,0,45,63,3,111,256,0,256,367
02/13/2015,ARA,LA,ASW,CE,Federal Contract Tower,0,2,13,15,30,0,52,45,8,105,0,54,58,23,135,227,2,229,364
02/14/2015,ARA,LA,ASW,CE,Federal Contract Tower,0,2,8,0,10,0,14,26,0,40,0,16,34,0,50,96,0,96,146
02/15/2015,ARA,LA,ASW,CE,Federal Contract Tower,0,1,11,2,14,0,9,0,0,9,0,10,11,2,23,62,0,62,85
02/16/2015,ARA,LA,ASW,CE,Federal Contract Tower,0,0,4,2,6,0,16,16,0,32,0,16,20,2,38,184,0,184,222
02/17/2015,ARA,LA,ASW,CE,Federal Contract Tower,0,0,12,0,12,0,16,21,0,37,0,16,33,0,49,148,0,148,197
02/18/2015,ARA,LA,ASW,CE,Federal Contract Tower,4,3,9,12,28,0,24,54,6,84,4,27,63,18,112,200,8,208,320
02/19/2015,ARA,LA,ASW,CE,Federal Contract Tower,1,4,21,14,40,0,73,51,7,131,1,77,72,21,171,164,10,174,345
02/20/2015,ARA,LA,ASW,CE,Federal Contract Tower,1,0,6,10,17,0,10,24,0,34,1,10,30,10,51,122,0,122,173
02/21/2015,ARA,LA,ASW,CE,Federal Contract Tower,0,0,3,0,3,0,24,12,0,36,0,24,15,0,39,196,0,196,235
02/22/2015,ARA,LA,ASW,CE,Federal Contract Tower,0,0,1,3,4,0,11,20,1,32,0,11,21,4,36,94,4,98,134
02/23/2015,ARA,LA,ASW,CE,Federal Contract Tower,2,6,4,0,12,0,0,0,0,0,2,6,4,0,12,30,0,30,42
02/24/2015,ARA,LA,ASW,CE,Federal Contract Tower,0,2,12,22,36,0,2,8,0,10,0,4,20,22,46,50,6,56,102
02/25/2015,ARA,LA,ASW,CE,Federal Contract Tower,0,0,4,0,4,0,2,0,0,2,0,2,4,0,6,10,0,10,16
02/26/2015,ARA,LA,ASW,CE,Federal Contract Tower,0,3,11,13,27,0,40,61,1,102,0,43,72,14,129,296,0,296,425
02/27/2015,ARA,LA,ASW,CE,Federal Contract Tower,0,5,11,12,28,0,19,52,8,79,0,24,63,20,107,182,12,194,301
02/28/2015,ARA,LA,ASW,CE,Federal Contract Tower,1,0,10,0,11,0,4,40,0,44,1,4,50,0,55,52,0,52,107
03/01/2015,ARA,LA,ASW,CE,Federal Contract Tower,0,0,2,0,2,0,3,1,0,4,0,3,3,0,6,40,0,40,46
03/02/2015,ARA,LA,ASW,CE,Federal Contract Tower,0,0,5,0,5,0,0,0,0,0,0,0,5,0,5,0,0,0,5
03/03/2015,ARA,LA,ASW,CE,Federal Contract Tower,0,0,1,6,7,0,25,11,1,37,0,25,12,7,44,158,2,160,204
03/04/2015,ARA,LA,ASW,CE,Federal Contract Tower,4,0,4,3,11,0,17,36,0,53,4,17,40,3,64,132,0,132,196
03/05/2015,ARA,LA,ASW,CE,Federal Contract Tower,0,0,2,0,2,0,2,3,1,6,0,2,5,1,8,30,0,30,38
03/06/2015,ARA,LA,ASW,CE,Federal Contract Tower,0,2,9,2,13,0,13,37,2,52,0,15,46,4,65,148,0,148,213
03/07/2015,ARA,LA,ASW,CE,Federal Contract Tower,2,6,1,2,11,0,16,55,2,73,2,22,56,4,84,136,0,136,220
03/08/2015,ARA,LA,ASW,CE,Federal Contract Tower,0,0,2,0,2,0,9,14,0,23,0,9,16,0,25,26,0,26,51
03/09/2015,ARA,LA,ASW,CE,Federal Contract Tower,1,0,6,5,12,0,4,3,0,7,1,4,9,5,19,44,0,44,63
03/10/2015,ARA,LA,ASW,CE,Federal Contract Tower,0,0,6,0,6,0,6,2,0,8,0,6,8,0,14,52,0,52,66
03/11/2015,ARA,LA,ASW,CE,Federal Contract Tower,0,1,9,0,10,0,3,3,0,6,0,4,12,0,16,30,0,30,46
03/12/2015,ARA,LA,ASW,CE,Federal Contract Tower,1,2,0,0,3,0,0,4,0,4,1,2,4,0,7,40,0,40,47
03/13/2015,ARA,LA,ASW,CE,Federal Contract Tower,0,0,3,0,3,0,17,37,2,56,0,17,40,2,59,174,0,174,233
03/14/2015,ARA,LA,ASW,CE,Federal Contract Tower,0,0,8,3,11,0,9,53,4,66,0,9,61,7,77,78,4,82,159
03/15/2015,ARA,LA,ASW,CE,Federal Contract Tower,0,0,4,0,4,0,19,44,0,63,0,19,48,0,67,146,0,146,213
03/16/2015,ARA,LA,ASW,CE,Federal Contract Tower,0,2,8,4,14,0,11,83,0,94,0,13,91,4,108,308,0,308,416
03/17/2015,ARA,LA,ASW,CE,Federal Contract Tower,5,0,23,10,38,0,11,65,4,80,5,11,88,14,118,218,0,218,336
03/18/2015,ARA,LA,ASW,CE,Federal Contract Tower,2,0,4,0,6,0,15,34,0,49,2,15,38,0,55,118,0,118,173
03/19/2015,ARA,LA,ASW,CE,Federal Contract Tower,0,0,9,4,13,0,13,48,1,62,0,13,57,5,75,202,2,204,279
03/20/2015,ARA,LA,ASW,CE,Federal Contract Tower,0,0,1,1,2,0,13,17,10,40,0,13,18,11,42,106,0,106,148
03/21/2015,ARA,LA,ASW,CE,Federal Contract Tower,0,0,0,0,0,0,15,18,0,33,0,15,18,0,33,142,0,142,175
03/22/2015,ARA,LA,ASW,CE,Federal Contract Tower,0,13,3,4,20,0,22,8,2,32,0,35,11,6,52,126,6,132,184
03/23/2015,ARA,LA,ASW,CE,Federal Contract Tower,0,0,8,4,12,0,28,46,0,74,0,28,54,4,86,312,0,312,398
03/24/2015,ARA,LA,ASW,CE,Federal Contract Tower,0,0,12,13,25,0,46,42,7,95,0,46,54,20,120,240,8,248,368
03/25/2015,ARA,LA,ASW,CE,Federal Contract Tower,1,2,14,14,31,0,40,68,12,120,1,42,82,26,151,308,0,308,459
03/26/2015,ARA,LA,ASW,CE,Federal Contract Tower,0,1,8,0,9,0,0,22,0,22,0,1,30,0,31,50,0,50,81
03/27/2015,ARA,LA,ASW,CE,Federal Contract Tower,1,3,10,17,31,0,16,67,6,89,1,19,77,23,120,180,10,190,310
03/29/2015,ARA,LA,ASW,CE,Federal Contract Tower,0,4,10,3,17,0,10,35,0,45,0,14,45,3,62,136,0,136,198
03/30/2015,ARA,LA,ASW,CE,Federal Contract Tower,1,1,4,2,8,0,19,58,0,77,1,20,62,2,85,294,0,294,379
03/31/2015,ARA,LA,ASW,CE,Federal Contract Tower,0,0,13,5,18,0,18,46,5,69,0,18,59,10,87,100,14,114,201
04/01/2015,ARA,LA,ASW,CE,Federal Contract Tower,5,0,6,7,18,0,18,48,4,70,5,18,54,11,88,224,0,224,312
04/02/2015,ARA,LA,ASW,CE,Federal Contract Tower,0,0,11,5,16,0,26,25,1,52,0,26,36,6,68,94,2,96,164
04/03/2015,ARA,LA,ASW,CE,Federal Contract Tower,0,0,8,12,20,0,24,7,0,31,0,24,15,12,51,68,0,68,119
04/04/2015,ARA,LA,ASW,CE,Federal Contract Tower,0,1,4,0,5,0,3,13,0,16,0,4,17,0,21,0,0,0,21
04/05/2015,ARA,LA,ASW,CE,Federal Contract Tower,0,3,1,0,4,0,9,16,0,25,0,12,17,0,29,62,0,62,91
04/06/2015,ARA,LA,ASW,CE,Federal Contract Tower,0,0,9,7,16,0,3,32,0,35,0,3,41,7,51,94,0,94,145
04/07/2015,ARA,LA,ASW,CE,Federal Contract Tower,1,2,21,16,40,0,16,67,6,89,1,18,88,22,129,178,2,180,309
04/08/2015,ARA,LA,ASW,CE,Federal Contract Tower,0,0,7,8,15,0,24,33,6,63,0,24,40,14,78,174,16,190,268
04/09/2015,ARA,LA,ASW,CE,Federal Contract Tower,0,0,7,2,9,0,23,40,2,65,0,23,47,4,74,246,0,246,320
04/10/2015,ARA,LA,ASW,CE,Federal Contract Tower,0,1,5,2,8,0,12,11,0,23,0,13,16,2,31,84,0,84,115
04/11/2015,ARA,LA,ASW,CE,Federal Contract Tower,1,0,5,2,8,0,10,19,0,29,1,10,24,2,37,60,0,60,97
04/12/2015,ARA,LA,ASW,CE,Federal Contract Tower,1,0,1,2,4,0,24,2,0,26,1,24,3,2,30,132,0,132,162
04/13/2015,ARA,LA,ASW,CE,Federal Contract Tower,1,2,4,0,7,0,9,24,2,35,1,11,28,2,42,138,0,138,180
04/14/2015,ARA,LA,ASW,CE,Federal Contract Tower,0,0,1,0,1,0,4,10,0,14,0,4,11,0,15,74,0,74,89
04/15/2015,ARA,LA,ASW,CE,Federal Contract Tower,4,0,4,0,8,0,26,35,4,65,4,26,39,4,73,180,0,180,253
04/16/2015,ARA,LA,ASW,CE,Federal Contract Tower,0,0,5,0,5,0,4,4,0,8,0,4,9,0,13,36,0,36,49
04/17/2015,ARA,LA,ASW,CE,Federal Contract Tower,0,0,5,13,18,0,25,55,2,82,0,25,60,15,100,248,6,254,354
04/18/2015,ARA,LA,ASW,CE,Federal Contract Tower,0,0,5,3,8,0,6,2,3,11,0,6,7,6,19,40,0,40,59
04/19/2015,ARA,LA,ASW,CE,Federal Contract Tower,0,0,3,0,3,0,11,36,8,55,0,11,39,8,58,82,0,82,140
04/20/2015,ARA,LA,ASW,CE,Federal Contract Tower,0,1,7,2,10,0,32,61,2,95,0,33,68,4,105,250,0,250,355
04/21/2015,ARA,LA,ASW,CE,Federal Contract Tower,1,0,12,10,23,0,30,64,9,103,1,30,76,19,126,156,28,184,310
04/22/2015,ARA,LA,ASW,CE,Federal Contract Tower,2,0,15,12,29,0,23,68,5,96,2,23,83,17,125,166,4,170,295
04/23/2015,ARA,LA,ASW,CE,Federal Contract Tower,1,0,6,7,14,0,22,17,3,42,1,22,23,10,56,148,0,148,204
04/24/2015,ARA,LA,ASW,CE,Federal Contract Tower,0,1,2,6,9,0,17,6,1,24,0,18,8,7,33,152,0,152,185
04/25/2015,ARA,LA,ASW,CE,Federal Contract Tower,0,0,1,0,1,0,4,1,0,5,0,4,2,0,6,30,0,30,36
04/26/2015,ARA,LA,ASW,CE,Federal Contract Tower,0,0,8,0,8,0,5,29,2,36,0,5,37,2,44,118,0,118,162
04/27/2015,ARA,LA,ASW,CE,Federal Contract Tower,0,0,8,0,8,0,9,4,0,13,0,9,12,0,21,52,0,52,73
04/28/2015,ARA,LA,ASW,CE,Federal Contract Tower,0,5,0,0,5,0,6,27,0,33,0,11,27,0,38,148,0,148,186
04/29/2015,ARA,LA,ASW,CE,Federal Contract Tower,4,0,11,12,27,0,33,97,2,132,4,33,108,14,159,262,2,264,423
04/30/2015,ARA,LA,ASW,CE,Federal Contract Tower,0,0,13,4,17,0,33,73,2,108,0,33,86,6,125,256,0,256,381
05/01/2015,ARA,LA,ASW,CE,Federal Contract Tower,3,0,5,4,12,0,15,45,1,61,3,15,50,5,73,124,2,126,199
05/02/2015,ARA,LA,ASW,CE,Federal Contract Tower,4,0,5,1,10,0,22,15,1,38,4,22,20,2,48,78,0,78,126
05/03/2015,ARA,LA,ASW,CE,Federal Contract Tower,0,0,4,0,4,0,36,32,0,68,0,36,36,0,72,148,0,148,220
05/04/2015,ARA,LA,ASW,CE,Federal Contract Tower,0,1,7,4,12,0,40,22,1,63,0,41,29,5,75,232,0,232,307
05/05/2015,ARA,LA,ASW,CE,Federal Contract Tower,0,4,6,13,23,0,30,51,0,81,0,34,57,13,104,278,0,278,382
05/06/2015,ARA,LA,ASW,CE,Federal Contract Tower,0,1,2,1,4,0,25,52,2,79,0,26,54,3,83,286,6,292,375
05/07/2015,ARA,LA,ASW,CE,Federal Contract Tower,0,0,11,10,21,0,28,44,3,75,0,28,55,13,96,216,0,216,312
05/08/2015,ARA,LA,ASW,CE,Federal Contract Tower,0,0,5,12,17,0,27,74,1,102,0,27,79,13,119,282,0,282,401
05/09/2015,ARA,LA,ASW,CE,Federal Contract Tower,0,0,7,0,7,0,11,21,0,32,0,11,28,0,39,64,0,64,103
05/10/2015,ARA,LA,ASW,CE,Federal Contract Tower,0,0,2,5,7,0,14,28,0,42,0,14,30,5,49,112,0,112,161
05/11/2015,ARA,LA,ASW,CE,Federal Contract Tower,1,0,4,0,5,0,14,11,0,25,1,14,15,0,30,88,0,88,118
05/12/2015,ARA,LA,ASW,CE,Federal Contract Tower,0,0,7,0,7,0,3,10,0,13,0,3,17,0,20,50,0,50,70
05/13/2015,ARA,LA,ASW,CE,Federal Contract Tower,3,2,3,8,16,0,30,68,0,98,3,32,71,8,114,212,0,212,326
05/14/2015,ARA,LA,ASW,CE,Federal Contract Tower,1,3,17,0,21,0,34,86,0,120,1,37,103,0,141,342,0,342,483
05/15/2015,ARA,LA,ASW,CE,Federal Contract Tower,0,0,5,6,11,0,27,26,0,53,0,27,31,6,64,254,6,260,324
05/16/2015,ARA,LA,ASW,CE,Federal Contract Tower,0,2,2,0,4,0,14,10,0,24,0,16,12,0,28,104,0,104,132
05/17/2015,ARA,LA,ASW,CE,Federal Contract Tower,0,0,4,0,4,0,21,23,0,44,0,21,27,0,48,186,0,186,234
05/18/2015,ARA,LA,ASW,CE,Federal Contract Tower,0,0,4,0,4,0,38,21,2,61,0,38,25,2,65,278,0,278,343
05/19/2015,ARA,LA,ASW,CE,Federal Contract Tower,0,0,11,0,11,0,7,26,0,33,0,7,37,0,44,88,0,88,132
05/20/2015,ARA,LA,ASW,CE,Federal Contract Tower,0,0,11,13,24,0,25,85,0,110,0,25,96,13,134,332,0,332,466
05/21/2015,ARA,LA,ASW,CE,Federal Contract Tower,0,0,8,0,8,0,12,36,0,48,0,12,44,0,56,100,0,100,156
05/22/2015,ARA,LA,ASW,CE,Federal Contract Tower,1,0,2,2,5,0,30,14,2,46,1,30,16,4,51,310,0,310,361
05/23/2015,ARA,LA,ASW,CE,Federal Contract Tower,2,0,4,0,6,0,11,28,0,39,2,11,32,0,45,140,0,140,185
05/24/2015,ARA,LA,ASW,CE,Federal Contract Tower,0,0,0,0,0,0,10,10,0,20,0,10,10,0,20,78,0,78,98
05/25/2015,ARA,LA,ASW,CE,Federal Contract Tower,0,0,1,0,1,0,31,41,0,72,0,31,42,0,73,384,0,384,457
05/26/2015,ARA,LA,ASW,CE,Federal Contract Tower,1,0,13,6,20,0,22,48,2,72,1,22,61,8,92,402,0,402,494
05/27/2015,ARA,LA,ASW,CE,Federal Contract Tower,0,0,4,0,4,0,21,23,0,44,0,21,27,0,48,112,0,112,160
05/28/2015,ARA,LA,ASW,CE,Federal Contract Tower,0,2,12,6,20,0,25,50,3,78,0,27,62,9,98,312,0,312,410
05/29/2015,ARA,LA,ASW,CE,Federal Contract Tower,0,0,7,2,9,0,29,50,1,80,0,29,57,3,89,346,2,348,437
05/30/2015,ARA,LA,ASW,CE,Federal Contract Tower,0,0,0,0,0,0,12,12,0,24,0,12,12,0,24,170,0,170,194
05/31/2015,ARA,LA,ASW,CE,Federal Contract Tower,0,0,0,0,0,0,9,26,0,35,0,9,26,0,35,62,0,62,97
06/01/2015,ARA,LA,ASW,CE,Federal Contract Tower,0,2,8,10,20,0,31,32,3,66,0,33,40,13,86,186,20,206,292
06/02/2015,ARA,LA,ASW,CE,Federal Contract Tower,0,2,19,13,34,0,22,50,1,73,0,24,69,14,107,240,12,252,359
06/03/2015,ARA,LA,ASW,CE,Federal Contract Tower,3,1,8,16,28,40,53,9,0,102,43,54,17,16,130,112,0,112,242
06/04/2015,ARA,LA,ASW,CE,Federal Contract Tower,0,4,8,0,12,0,53,42,6,101,0,57,50,6,113,278,6,284,397
06/05/2015,ARA,LA,ASW,CE,Federal Contract Tower,0,6,5,9,20,0,40,47,6,93,0,46,52,15,113,260,16,276,389
06/06/2015,ARA,LA,ASW,CE,Federal Contract Tower,0,1,3,8,12,0,26,28,0,54,0,27,31,8,66,52,0,52,118
06/07/2015,ARA,LA,ASW,CE,Federal Contract Tower,0,1,2,4,7,0,8,28,2,38,0,9,30,6,45,22,22,44,89
06/08/2015,ARA,LA,ASW,CE,Federal Contract Tower,0,0,5,4,9,0,15,37,0,52,0,15,42,4,61,92,0,92,153
06/09/2015,ARA,LA,ASW,CE,Federal Contract Tower,0,0,1,5,6,0,9,10,2,21,0,9,11,7,27,80,0,80,107
06/10/2015,ARA,LA,ASW,CE,Federal Contract Tower,0,0,3,5,8,0,51,34,10,95,0,51,37,15,103,188,0,188,291
06/11/2015,ARA,LA,ASW,CE,Federal Contract Tower,0,1,2,1,4,0,23,28,3,54,0,24,30,4,58,172,6,178,236
06/12/2015,ARA,LA,ASW,CE,Federal Contract Tower,2,0,3,2,7,0,38,12,4,54,2,38,15,6,61,216,2,218,279
06/13/2015,ARA,LA,ASW,CE,Federal Contract Tower,2,0,1,0,3,0,20,9,0,29,2,20,10,0,32,138,0,138,170
06/14/2015,ARA,LA,ASW,CE,Federal Contract Tower,0,0,2,4,6,0,7,19,0,26,0,7,21,4,32,92,0,92,124
06/15/2015,ARA,LA,ASW,CE,Federal Contract Tower,0,0,5,7,12,0,33,13,3,49,0,33,18,10,61,246,0,246,307
06/16/2015,ARA,LA,ASW,CE,Federal Contract Tower,0,3,3,2,8,0,13,10,0,23,0,16,13,2,31,188,0,188,219
06/17/2015,ARA,LA,ASW,CE,Federal Contract Tower,0,4,8,10,22,0,26,33,3,62,0,30,41,13,84,162,2,164,248
06/19/2015,ARA,LA,ASW,CE,Federal Contract Tower,0,1,3,4,8,0,41,48,0,89,0,42,51,4,97,224,0,224,321
06/20/2015,ARA,LA,ASW,CE,Federal Contract Tower,1,0,6,6,13,0,0,35,1,36,1,0,41,7,49,52,2,54,103
06/21/2015,ARA,LA,ASW,CE,Federal Contract Tower,0,0,1,0,1,0,21,31,0,52,0,21,32,0,53,64,0,64,117
06/22/2015,ARA,LA,ASW,CE,Federal Contract Tower,1,1,8,12,22,0,34,40,4,78,1,35,48,16,100,328,8,336,436
06/23/2015,ARA,LA,ASW,CE,Federal Contract Tower,1,1,3,4,9,0,27,15,0,42,1,28,18,4,51,70,0,70,121
06/24/2015,ARA,LA,ASW,CE,Federal Contract Tower,2,5,7,8,22,0,22,49,8,79,2,27,56,16,101,46,12,58,159
06/25/2015,ARA,LA,ASW,CE,Federal Contract Tower,0,1,9,2,12,0,27,17,0,44,0,28,26,2,56,101,0,101,157
06/26/2015,ARA,LA,ASW,CE,Federal Contract Tower,0,2,3,2,7,0,18,30,0,48,0,20,33,2,55,172,0,172,227
06/27/2015,ARA,LA,ASW,CE,Federal Contract Tower,0,4,0,0,4,0,8,15,0,23,0,12,15,0,27,48,0,48,75
06/28/2015,ARA,LA,ASW,CE,Federal Contract Tower,0,1,3,0,4,0,14,11,0,25,0,15,14,0,29,116,0,116,145
06/29/2015,ARA,LA,ASW,CE,Federal Contract Tower,0,0,6,7,13,0,50,35,0,85,0,50,41,7,98,250,4,254,352
06/30/2015,ARA,LA,ASW,CE,Federal Contract Tower,0,0,5,2,7,0,17,15,0,32,0,17,20,2,39,120,0,120,159
07/01/2015,ARA,LA,ASW,CE,Federal Contract Tower,2,3,8,1,14,0,43,29,1,73,2,46,37,2,87,126,0,126,213
07/02/2015,ARA,LA,ASW,CE,Federal Contract Tower,0,1,8,4,13,0,35,47,0,82,0,36,55,4,95,210,4,214,309
07/03/2015,ARA,LA,ASW,CE,Federal Contract Tower,0,2,4,0,6,0,15,50,0,65,0,17,54,0,71,156,0,156,227
07/04/2015,ARA,LA,ASW,CE,Federal Contract Tower,0,0,1,0,1,0,11,2,0,13,0,11,3,0,14,50,0,50,64
07/05/2015,ARA,LA,ASW,CE,Federal Contract Tower,0,1,1,0,2,0,18,20,0,38,0,19,21,0,40,82,0,82,122
07/06/2015,ARA,LA,ASW,CE,Federal Contract Tower,0,5,7,11,23,0,30,25,0,55,0,35,32,11,78,152,10,162,240
07/07/2015,ARA,LA,ASW,CE,Federal Contract Tower,1,1,2,4,8,0,27,14,3,44,1,28,16,7,52,288,2,290,342
07/08/2015,ARA,LA,ASW,CE,Federal Contract Tower,1,7,6,18,32,0,35,45,3,83,1,42,51,21,115,299,0,299,414
07/09/2015,ARA,LA,ASW,CE,Federal Contract Tower,0,1,10,2,13,0,27,43,0,70,0,28,53,2,83,196,6,202,285
07/10/2015,ARA,LA,ASW,CE,Federal Contract Tower,2,2,3,4,11,0,17,14,0,31,2,19,17,4,42,102,0,102,144
07/11/2015,ARA,LA,ASW,CE,Federal Contract Tower,0,0,7,0,7,0,22,29,0,51,0,22,36,0,58,52,0,52,110
07/12/2015,ARA,LA,ASW,CE,Federal Contract Tower,0,0,2,3,5,0,27,23,0,50,0,27,25,3,55,80,0,80,135
07/13/2015,ARA,LA,ASW,CE,Federal Contract Tower,0,1,5,10,16,0,34,28,2,64,0,35,33,12,80,170,8,178,258
07/14/2015,ARA,LA,ASW,CE,Federal Contract Tower,0,1,6,13,20,0,36,37,3,76,0,37,43,16,96,186,6,192,288
07/15/2015,ARA,LA,ASW,CE,Federal Contract Tower,0,1,14,9,24,0,40,56,5,101,0,41,70,14,125,148,4,152,277
07/16/2015,ARA,LA,ASW,CE,Federal Contract Tower,0,0,9,7,16,0,26,58,6,90,0,26,67,13,106,188,18,206,312
07/17/2015,ARA,LA,ASW,CE,Federal Contract Tower,0,0,5,8,13,0,38,29,0,67,0,38,34,8,80,170,10,180,260
07/18/2015,ARA,LA,ASW,CE,Federal Contract Tower,1,1,5,1,8,0,17,43,0,60,1,18,48,1,68,74,0,74,142
07/19/2015,ARA,LA,ASW,CE,Federal Contract Tower,2,0,1,2,5,0,9,30,0,39,2,9,31,2,44,82,0,82,126
07/20/2015,ARA,LA,ASW,CE,Federal Contract Tower,1,1,4,4,10,0,30,27,0,57,1,31,31,4,67,114,0,114,181
07/21/2015,ARA,LA,ASW,CE,Federal Contract Tower,0,0,9,8,17,0,24,18,0,42,0,24,27,8,59,118,16,134,193
07/22/2015,ARA,LA,ASW,CE,Federal Contract Tower,0,2,6,14,22,0,39,23,3,65,0,41,29,17,87,132,6,138,225
07/23/2015,ARA,LA,ASW,CE,Federal Contract Tower,0,0,3,13,16,0,33,41,6,80,0,33,44,19,96,182,30,212,308
07/24/2015,ARA,LA,ASW,CE,Federal Contract Tower,0,1,9,7,17,0,24,43,2,69,0,25,52,9,86,130,0,130,216
07/25/2015,ARA,LA,ASW,CE,Federal Contract Tower,0,0,5,0,5,0,17,27,0,44,0,17,32,0,49,64,0,64,113
07/26/2015,ARA,LA,ASW,CE,Federal Contract Tower,0,0,2,0,2,0,17,28,0,45,0,17,30,0,47,94,0,94,141
07/27/2015,ARA,LA,ASW,CE,Federal Contract Tower,1,0,7,9,17,0,33,31,2,66,1,33,38,11,83,252,0,252,335
07/28/2015,ARA,LA,ASW,CE,Federal Contract Tower,0,1,12,3,16,0,16,26,1,43,0,17,38,4,59,72,0,72,131
07/29/2015,ARA,LA,ASW,CE,Federal Contract Tower,0,0,17,6,23,0,17,18,0,35,0,17,35,6,58,115,0,115,173
07/30/2015,ARA,LA,ASW,CE,Federal Contract Tower,2,0,9,2,13,0,16,35,1,52,2,16,44,3,65,88,6,94,159
07/31/2015,ARA,LA,ASW,CE,Federal Contract Tower,1,3,6,0,10,0,52,56,0,108,1,55,62,0,118,183,0,183,301
08/01/2015,ARA,LA,ASW,CE,Federal Contract Tower,0,0,0,0,0,0,25,36,0,61,0,25,36,0,61,162,0,162,223
08/02/2015,ARA,LA,ASW,CE,Federal Contract Tower,0,0,2,2,4,0,6,50,0,56,0,6,52,2,60,100,0,100,160
08/03/2015,ARA,LA,ASW,CE,Federal Contract Tower,0,1,2,9,12,0,23,37,9,69,0,24,39,18,81,290,18,308,389
08/04/2015,ARA,LA,ASW,CE,Federal Contract Tower,0,1,3,2,6,0,33,32,0,65,0,34,35,2,71,194,0,194,265
08/05/2015,ARA,LA,ASW,CE,Federal Contract Tower,0,6,4,0,10,0,25,30,0,55,0,31,34,0,65,160,0,160,225
08/06/2015,ARA,LA,ASW,CE,Federal Contract Tower,0,4,7,7,18,0,29,47,16,92,0,33,54,23,110,118,16,134,244
08/07/2015,ARA,LA,ASW,CE,Federal Contract Tower,1,2,6,6,15,0,30,35,1,66,1,32,41,7,81,156,0,156,237
08/08/2015,ARA,LA,ASW,CE,Federal Contract Tower,0,0,0,2,2,0,13,24,2,39,0,13,24,4,41,62,0,62,103
08/09/2015,ARA,LA,ASW,CE,Federal Contract Tower,2,0,0,0,2,0,10,26,1,37,2,10,26,1,39,68,0,68,107
08/10/2015,ARA,LA,ASW,CE,Federal Contract Tower,0,1,5,11,17,0,26,22,2,50,0,27,27,13,67,186,4,190,257
08/11/2015,ARA,LA,ASW,CE,Federal Contract Tower,0,0,4,0,4,0,9,18,0,27,0,9,22,0,31,118,0,118,149
08/12/2015,ARA,LA,ASW,CE,Federal Contract Tower,0,1,12,2,15,0,36,57,20,113,0,37,69,22,128,186,6,192,320
08/13/2015,ARA,LA,ASW,CE,Federal Contract Tower,1,1,6,2,10,0,17,68,2,87,1,18,74,4,97,178,0,178,275
08/14/2015,ARA,LA,ASW,CE,Federal Contract Tower,1,1,5,6,13,0,34,35,0,69,1,35,40,6,82,148,0,148,230
08/15/2015,ARA,LA,ASW,CE,Federal Contract Tower,0,0,1,0,1,0,2,27,0,29,0,2,28,0,30,24,0,24,54
08/16/2015,ARA,LA,ASW,CE,Federal Contract Tower,0,0,3,0,3,0,2,4,0,6,0,2,7,0,9,6,0,6,15
08/17/2015,ARA,LA,ASW,CE,Federal Contract Tower,0,1,6,5,12,0,10,26,1,37,0,11,32,6,49,190,10,200,249
08/18/2015,ARA,LA,ASW,CE,Federal Contract Tower,0,2,6,0,8,0,7,11,0,18,0,9,17,0,26,44,0,44,70
08/19/2015,ARA,LA,ASW,CE,Federal Contract Tower,0,1,5,3,9,0,5,18,0,23,0,6,23,3,32,102,0,102,134
08/20/2015,ARA,LA,ASW,CE,Federal Contract Tower,3,2,8,2,15,0,17,39,2,58,3,19,47,4,73,224,6,230,303
08/21/2015,ARA,LA,ASW,CE,Federal Contract Tower,0,2,2,0,4,0,12,11,0,23,0,14,13,0,27,52,0,52,79
08/22/2015,ARA,LA,ASW,CE,Federal Contract Tower,0,0,1,2,3,0,11,12,0,23,0,11,13,2,26,62,0,62,88
08/23/2015,ARA,LA,ASW,CE,Federal Contract Tower,0,1,2,0,3,0,7,34,0,41,0,8,36,0,44,70,0,70,114
08/24/2015,ARA,LA,ASW,CE,Federal Contract Tower,0,1,7,7,15,0,26,40,1,67,0,27,47,8,82,202,14,216,298
08/25/2015,ARA,LA,ASW,CE,Federal Contract Tower,0,3,3,4,10,0,33,33,0,66,0,36,36,4,76,262,0,262,338
08/26/2015,ARA,LA,ASW,CE,Federal Contract Tower,1,4,13,5,23,0,45,37,2,84,1,49,50,7,107,193,2,195,302
08/27/2015,ARA,LA,ASW,CE,Federal Contract Tower,0,1,4,0,5,0,39,45,0,84,0,40,49,0,89,258,0,258,347
08/28/2015,ARA,LA,ASW,CE,Federal Contract Tower,0,4,5,10,19,0,25,43,0,68,0,29,48,10,87,92,4,96,183
08/29/2015,ARA,LA,ASW,CE,Federal Contract Tower,0,3,5,0,8,0,10,45,0,55,0,13,50,0,63,58,0,58,121
08/30/2015,ARA,LA,ASW,CE,Federal Contract Tower,0,2,1,0,3,0,9,40,4,53,0,11,41,4,56,48,0,48,104
08/31/2015,ARA,LA,ASW,CE,Federal Contract Tower,0,1,1,2,4,0,28,28,0,56,0,29,29,2,60,172,0,172,232
09/01/2015,ARA,LA,ASW,CE,Federal Contract Tower,0,0,5,1,6,0,35,39,9,83,0,35,44,10,89,300,2,302,391
09/02/2015,ARA,LA,ASW,CE,Federal Contract Tower,0,0,5,0,5,0,24,35,0,59,0,24,40,0,64,154,0,154,218
09/03/2015,ARA,LA,ASW,CE,Federal Contract Tower,1,0,8,2,11,0,26,44,0,70,1,26,52,2,81,100,0,100,181
09/04/2015,ARA,LA,ASW,CE,Federal Contract Tower,2,0,11,0,13,0,16,33,0,49,2,16,44,0,62,158,0,158,220
09/05/2015,ARA,LA,ASW,CE,Federal Contract Tower,1,0,9,0,10,0,7,23,0,30,1,7,32,0,40,48,0,48,88
09/06/2015,ARA,LA,ASW,CE,Federal Contract Tower,0,0,5,0,5,0,7,16,0,23,0,7,21,0,28,88,0,88,116
09/07/2015,ARA,LA,ASW,CE,Federal Contract Tower,0,0,3,0,3,0,8,21,0,29,0,8,24,0,32,158,0,158,190
09/08/2015,ARA,LA,ASW,CE,Federal Contract Tower,0,0,4,12,16,0,28,57,7,92,0,28,61,19,108,192,8,200,308
09/09/2015,ARA,LA,ASW,CE,Federal Contract Tower,0,8,4,5,17,0,36,27,2,65,0,44,31,7,82,170,0,170,252
09/10/2015,ARA,LA,ASW,CE,Federal Contract Tower,0,2,6,2,10,0,9,39,0,48,0,11,45,2,58,148,0,148,206
09/11/2015,ARA,LA,ASW,CE,Federal Contract Tower,0,2,3,0,5,0,2,1,0,3,0,4,4,0,8,30,0,30,38
09/12/2015,ARA,LA,ASW,CE,Federal Contract Tower,0,4,8,5,17,0,14,34,9,57,0,18,42,14,74,140,2,142,216
09/13/2015,ARA,LA,ASW,CE,Federal Contract Tower,0,2,5,0,7,0,16,32,0,48,0,18,37,0,55,104,0,104,159
09/14/2015,ARA,LA,ASW,CE,Federal Contract Tower,1,5,11,4,21,0,32,18,8,58,1,37,29,12,79,250,20,270,349
09/15/2015,ARA,LA,ASW,CE,Federal Contract Tower,1,2,5,4,12,0,28,26,5,59,1,30,31,9,71,170,6,176,247
09/16/2015,ARA,LA,ASW,CE,Federal Contract Tower,1,8,7,2,18,0,51,68,2,121,1,59,75,4,139,264,4,268,407
09/17/2015,ARA,LA,ASW,CE,Federal Contract Tower,0,0,5,0,5,0,13,53,3,69,0,13,58,3,74,146,0,146,220
09/18/2015,ARA,LA,ASW,CE,Federal Contract Tower,0,2,5,2,9,0,35,34,2,71,0,37,39,4,80,128,0,128,208
09/19/2015,ARA,LA,ASW,CE,Federal Contract Tower,1,3,0,1,5,0,7,29,1,37,1,10,29,2,42,10,0,10,52
09/20/2015,ARA,LA,ASW,CE,Federal Contract Tower,0,0,1,2,3,0,10,21,2,33,0,10,22,4,36,74,8,82,118
09/21/2015,ARA,LA,ASW,CE,Federal Contract Tower,0,2,4,2,8,0,19,13,7,39,0,21,17,9,47,54,10,64,111
09/22/2015,ARA,LA,ASW,CE,Federal Contract Tower,0,1,3,2,6,0,32,26,0,58,0,33,29,2,64,180,0,180,244
09/23/2015,ARA,LA,ASW,CE,Federal Contract Tower,0,8,9,6,23,0,39,57,3,99,0,47,66,9,122,134,8,142,264
09/24/2015,ARA,LA,ASW,CE,Federal Contract Tower,0,5,7,2,14,0,42,18,1,61,0,47,25,3,75,186,0,186,261
09/25/2015,ARA,LA,ASW,CE,Federal Contract Tower,0,0,2,3,5,0,40,23,3,66,0,40,25,6,71,94,8,102,173
09/26/2015,ARA,LA,ASW,CE,Federal Contract Tower,0,0,6,0,6,0,5,49,0,54,0,5,55,0,60,54,0,54,114
09/27/2015,ARA,LA,ASW,CE,Federal Contract Tower,3,0,10,0,13,0,8,1,1,10,3,8,11,1,23,44,0,44,67
09/28/2015,ARA,LA,ASW,CE,Federal Contract Tower,0,0,6,0,6,0,6,7,0,13,0,6,13,0,19,100,0,100,119
09/29/2015,ARA,LA,ASW,CE,Federal Contract Tower,0,1,8,0,9,0,20,20,0,40,0,21,28,0,49,178,0,178,227
09/30/2015,ARA,LA,ASW,CE,Federal Contract Tower,0,4,10,17,31,0,26,55,3,84,0,30,65,20,115,172,2,174,289
10/01/2015,ARA,LA,ASW,CE,Federal Contract Tower,0,5,13,13,31,0,21,47,1,69,0,26,60,14,100,174,2,176,276
10/02/2015,ARA,LA,ASW,CE,Federal Contract Tower,0,3,9,9,21,0,36,17,0,53,0,39,26,9,74,58,2,60,134
10/03/2015,ARA,LA,ASW,CE,Federal Contract Tower,1,1,0,0,2,0,16,30,0,46,1,17,30,0,48,50,0,50,98
10/04/2015,ARA,LA,ASW,CE,Federal Contract Tower,0,0,6,0,6,0,48,13,0,61,0,48,19,0,67,112,0,112,179
10/05/2015,ARA,LA,ASW,CE,Federal Contract Tower,0,7,8,11,26,0,24,31,1,56,0,31,39,12,82,166,0,166,248
10/06/2015,ARA,LA,ASW,CE,Federal Contract Tower,0,5,7,2,14,0,35,36,7,78,0,40,43,9,92,160,10,170,262
10/07/2015,ARA,LA,ASW,CE,Federal Contract Tower,2,5,5,4,16,0,39,28,3,70,2,44,33,7,86,134,2,136,222
10/08/2015,ARA,LA,ASW,CE,Federal Contract Tower,1,1,11,6,19,0,38,48,0,86,1,39,59,6,105,152,2,154,259
10/09/2015,ARA,LA,ASW,CE,Federal Contract Tower,0,0,7,1,8,0,34,33,0,67,0,34,40,1,75,102,0,102,177
10/10/2015,ARA,LA,ASW,CE,Federal Contract Tower,0,0,13,2,15,0,8,23,0,31,0,8,36,2,46,30,0,30,76
10/11/2015,ARA,LA,ASW,CE,Federal Contract Tower,0,1,5,0,6,0,6,29,0,35,0,7,34,0,41,36,0,36,77
10/12/2015,ARA,LA,ASW,CE,Federal Contract Tower,0,3,3,0,6,0,34,21,0,55,0,37,24,0,61,262,0,262,323
10/13/2015,ARA,LA,ASW,CE,Federal Contract Tower,1,1,11,4,17,0,40,35,0,75,1,41,46,4,92,226,0,226,318
10/14/2015,ARA,LA,ASW,CE,Federal Contract Tower,0,7,9,6,22,0,40,30,0,70,0,47,39,6,92,142,0,142,234
10/15/2015,ARA,LA,ASW,CE,Federal Contract Tower,1,0,3,16,20,0,28,52,3,83,1,28,55,19,103,204,8,212,315
10/16/2015,ARA,LA,ASW,CE,Federal Contract Tower,0,0,10,4,14,0,34,34,2,70,0,34,44,6,84,140,2,142,226
10/17/2015,ARA,LA,ASW,CE,Federal Contract Tower,2,1,1,0,4,0,21,24,0,45,2,22,25,0,49,68,0,68,117
10/18/2015,ARA,LA,ASW,CE,Federal Contract Tower,0,0,2,0,2,0,21,37,0,58,0,21,39,0,60,74,0,74,134
10/19/2015,ARA,LA,ASW,CE,Federal Contract Tower,0,1,2,5,8,0,26,30,2,58,0,27,32,7,66,257,6,263,329
10/20/2015,ARA,LA,ASW,CE,Federal Contract Tower,0,5,14,13,32,0,54,26,0,80,0,59,40,13,112,313,0,313,425
10/21/2015,ARA,LA,ASW,CE,Federal Contract Tower,1,3,12,8,24,0,51,29,4,84,1,54,41,12,108,222,0,222,330
10/22/2015,ARA,LA,ASW,CE,Federal Contract Tower,0,0,5,11,16,0,22,47,2,71,0,22,52,13,87,188,0,188,275
10/23/2015,ARA,LA,ASW,CE,Federal Contract Tower,0,3,4,10,17,0,34,12,2,48,0,37,16,12,65,98,8,106,171
10/24/2015,ARA,LA,ASW,CE,Federal Contract Tower,0,2,0,0,2,0,7,13,0,20,0,9,13,0,22,12,0,12,34
10/25/2015,ARA,LA,ASW,CE,Federal Contract Tower,0,0,0,0,0,0,0,0,0,0,0,0,0,0,0,0,0,0,0
10/26/2015,ARA,LA,ASW,CE,Federal Contract Tower,0,0,9,0,9,0,1,0,0,1,0,1,9,0,10,0,0,0,10
10/27/2015,ARA,LA,ASW,CE,Federal Contract Tower,2,6,5,11,24,0,14,12,4,30,2,20,17,15,54,144,0,144,198
10/28/2015,ARA,LA,ASW,CE,Federal Contract Tower,1,0,7,13,21,0,38,65,5,108,1,38,72,18,129,182,4,186,315
10/29/2015,ARA,LA,ASW,CE,Federal Contract Tower,2,1,16,2,21,0,34,45,0,79,2,35,61,2,100,260,0,260,360
10/30/2015,ARA,LA,ASW,CE,Federal Contract Tower,0,4,8,6,18,0,44,13,0,57,0,48,21,6,75,150,8,158,233
10/31/2015,ARA,LA,ASW,CE,Federal Contract Tower,0,2,0,2,4,0,2,0,0,2,0,4,0,2,6,10,0,10,16
11/01/2015,ARA,LA,ASW,CE,Federal Contract Tower,0,0,1,0,1,0,0,0,0,0,0,0,1,0,1,0,0,0,1
11/02/2015,ARA,LA,ASW,CE,Federal Contract Tower,0,1,5,7,13,0,27,5,0,32,0,28,10,7,45,132,0,132,177
11/03/2015,ARA,LA,ASW,CE,Federal Contract Tower,0,1,14,15,30,0,35,13,4,52,0,36,27,19,82,156,0,156,238
11/04/2015,ARA,LA,ASW,CE,Federal Contract Tower,0,6,5,12,23,0,43,38,4,85,0,49,43,16,108,134,6,140,248
11/05/2015,ARA,LA,ASW,CE,Federal Contract Tower,0,0,8,6,14,0,23,51,13,87,0,23,59,19,101,170,0,170,271
11/06/2015,ARA,LA,ASW,CE,Federal Contract Tower,3,1,3,3,10,0,32,8,0,40,3,33,11,3,50,88,0,88,138
11/07/2015,ARA,LA,ASW,CE,Federal Contract Tower,0,0,0,0,0,0,0,0,0,0,0,0,0,0,0,0,0,0,0
11/08/2015,ARA,LA,ASW,CE,Federal Contract Tower,1,0,6,0,7,0,26,21,0,47,1,26,27,0,54,108,0,108,162
11/09/2015,ARA,LA,ASW,CE,Federal Contract Tower,1,2,7,1,11,0,4,30,1,35,1,6,37,2,46,110,0,110,156
11/10/2015,ARA,LA,ASW,CE,Federal Contract Tower,0,3,10,6,19,0,32,46,0,78,0,35,56,6,97,96,0,96,193
11/11/2015,ARA,LA,ASW,CE,Federal Contract Tower,0,0,11,8,19,0,14,59,0,73,0,14,70,8,92,158,2,160,252
11/12/2015,ARA,LA,ASW,CE,Federal Contract Tower,0,4,11,3,18,0,19,38,6,63,0,23,49,9,81,202,12,214,295
11/13/2015,ARA,LA,ASW,CE,Federal Contract Tower,0,5,6,7,18,0,30,22,2,54,0,35,28,9,72,72,0,72,144
11/14/2015,ARA,LA,ASW,CE,Federal Contract Tower,0,0,2,0,2,0,2,21,0,23,0,2,23,0,25,36,0,36,61
11/15/2015,ARA,LA,ASW,CE,Federal Contract Tower,1,0,5,0,6,0,0,7,0,7,1,0,12,0,13,10,0,10,23
11/16/2015,ARA,LA,ASW,CE,Federal Contract Tower,0,0,7,2,9,0,12,16,0,28,0,12,23,2,37,214,0,214,251
11/17/2015,ARA,LA,ASW,CE,Federal Contract Tower,0,0,2,0,2,0,3,0,0,3,0,3,2,0,5,52,0,52,57
11/18/2015,ARA,LA,ASW,CE,Federal Contract Tower,2,2,6,6,16,0,38,58,7,103,2,40,64,13,119,190,10,200,319
11/19/2015,ARA,LA,ASW,CE,Federal Contract Tower,1,12,10,10,33,0,35,46,3,84,1,47,56,13,117,230,12,242,359
11/20/2015,ARA,LA,ASW,CE,Federal Contract Tower,0,7,5,2,14,0,33,15,4,52,0,40,20,6,66,152,16,168,234
11/21/2015,ARA,LA,ASW,CE,Federal Contract Tower,0,0,3,0,3,0,9,2,0,11,0,9,5,0,14,36,0,36,50
11/22/2015,ARA,LA,ASW,CE,Federal Contract Tower,0,3,4,0,7,0,1,13,0,14,0,4,17,0,21,32,0,32,53
11/23/2015,ARA,LA,ASW,CE,Federal Contract Tower,0,3,3,8,14,0,23,22,0,45,0,26,25,8,59,228,0,228,287
11/24/2015,ARA,LA,ASW,CE,Federal Contract Tower,0,4,3,11,18,0,26,30,2,58,0,30,33,13,76,132,16,148,224
11/25/2015,ARA,LA,ASW,CE,Federal Contract Tower,0,2,5,0,7,0,19,36,0,55,0,21,41,0,62,166,0,166,228
11/26/2015,ARA,LA,ASW,CE,Federal Contract Tower,0,0,2,0,2,0,6,4,0,10,0,6,6,0,12,18,0,18,30
11/27/2015,ARA,LA,ASW,CE,Federal Contract Tower,0,0,2,0,2,0,15,9,0,24,0,15,11,0,26,34,0,34,60
11/28/2015,ARA,LA,ASW,CE,Federal Contract Tower,0,0,3,0,3,0,15,28,0,43,0,15,31,0,46,146,0,146,192
11/29/2015,ARA,LA,ASW,CE,Federal Contract Tower,1,2,2,0,5,0,9,11,0,20,1,11,13,0,25,56,0,56,81
11/30/2015,ARA,LA,ASW,CE,Federal Contract Tower,1,0,3,4,8,0,18,27,0,45,1,18,30,4,53,182,6,188,241
12/01/2015,ARA,LA,ASW,CE,Federal Contract Tower,0,2,0,2,4,0,0,0,0,0,0,2,0,2,4,0,0,0,4
12/02/2015,ARA,LA,ASW,CE,Federal Contract Tower,0,0,21,12,33,0,11,52,0,63,0,11,73,12,96,272,2,274,370
12/03/2015,ARA,LA,ASW,CE,Federal Contract Tower,1,0,5,8,14,0,10,76,3,89,1,10,81,11,103,172,6,178,281
12/04/2015,ARA,LA,ASW,CE,Federal Contract Tower,0,6,6,14,26,0,32,45,3,80,0,38,51,17,106,54,2,56,162
12/05/2015,ARA,LA,ASW,CE,Federal Contract Tower,0,0,10,0,10,0,14,22,4,40,0,14,32,4,50,54,0,54,104
12/06/2015,ARA,LA,ASW,CE,Federal Contract Tower,0,0,4,0,4,0,28,44,4,76,0,28,48,4,80,184,14,198,278
12/07/2015,ARA,LA,ASW,CE,Federal Contract Tower,0,7,3,16,26,0,29,31,0,60,0,36,34,16,86,241,4,245,331
12/08/2015,ARA,LA,ASW,CE,Federal Contract Tower,0,2,12,9,23,0,33,47,9,89,0,35,59,18,112,286,24,310,422
12/09/2015,ARA,LA,ASW,CE,Federal Contract Tower,0,3,6,3,12,0,44,22,1,67,0,47,28,4,79,148,0,148,227
12/10/2015,ARA,LA,ASW,CE,Federal Contract Tower,0,1,9,0,10,0,47,23,2,72,0,48,32,2,82,90,0,90,172
12/11/2015,ARA,LA,ASW,CE,Federal Contract Tower,0,1,3,4,8,0,37,13,3,53,0,38,16,7,61,122,0,122,183
12/12/2015,ARA,LA,ASW,CE,Federal Contract Tower,0,0,1,4,5,0,14,16,0,30,0,14,17,4,35,48,0,48,83
12/13/2015,ARA,LA,ASW,CE,Federal Contract Tower,1,0,2,1,4,0,0,14,0,14,1,0,16,1,18,28,0,28,46
12/14/2015,ARA,LA,ASW,CE,Federal Contract Tower,0,8,9,2,19,0,51,42,0,93,0,59,51,2,112,210,0,210,322
12/15/2015,ARA,LA,ASW,CE,Federal Contract Tower,0,4,6,2,12,0,36,35,0,71,0,40,41,2,83,120,0,120,203
12/16/2015,ARA,LA,ASW,CE,Federal Contract Tower,1,2,2,0,5,0,5,0,0,5,1,7,2,0,10,24,0,24,34
12/17/2015,ARA,LA,ASW,CE,Federal Contract Tower,0,11,16,24,51,0,48,21,2,71,0,59,37,26,122,201,0,201,323
12/18/2015,ARA,LA,ASW,CE,Federal Contract Tower,0,5,10,7,22,0,27,22,1,50,0,32,32,8,72,188,6,194,266
12/19/2015,ARA,LA,ASW,CE,Federal Contract Tower,0,2,1,2,5,0,15,24,0,39,0,17,25,2,44,28,0,28,72
12/20/2015,ARA,LA,ASW,CE,Federal Contract Tower,0,1,5,2,8,0,5,29,0,34,0,6,34,2,42,44,0,44,86
12/21/2015,ARA,LA,ASW,CE,Federal Contract Tower,0,0,3,0,3,0,0,3,0,3,0,0,6,0,6,20,0,20,26
12/22/2015,ARA,LA,ASW,CE,Federal Contract Tower,0,0,0,0,0,0,0,0,0,0,0,0,0,0,0,0,0,0,0
12/23/2015,ARA,LA,ASW,CE,Federal Contract Tower,0,0,4,2,6,0,0,0,0,0,0,0,4,2,6,0,0,0,6
12/24/2015,ARA,LA,ASW,CE,Federal Contract Tower,0,0,5,0,5,0,4,2,0,6,0,4,7,0,11,0,0,0,11
12/25/2015,ARA,LA,ASW,CE,Federal Contract Tower,0,1,0,0,1,0,0,0,0,0,0,1,0,0,1,0,0,0,1
12/26/2015,ARA,LA,ASW,CE,Federal Contract Tower,0,0,2,0,2,0,2,4,0,6,0,2,6,0,8,8,0,8,16
12/27/2015,ARA,LA,ASW,CE,Federal Contract Tower,0,0,3,0,3,0,18,0,0,18,0,18,3,0,21,0,0,0,21
12/28/2015,ARA,LA,ASW,CE,Federal Contract Tower,1,6,3,0,10,0,23,6,0,29,1,29,9,0,39,46,0,46,85
12/29/2015,ARA,LA,ASW,CE,Federal Contract Tower,0,1,8,2,11,0,34,24,4,62,0,35,32,6,73,158,0,158,231
12/30/2015,ARA,LA,ASW,CE,Federal Contract Tower,0,2,5,0,7,0,35,3,0,38,0,37,8,0,45,160,0,160,205
12/31/2015,ARA,LA,ASW,CE,Federal Contract Tower,0,0,3,0,3,0,4,33,0,37,0,4,36,0,40,100,0,100,140
01/01/2016,ARA,LA,ASW,CE,Federal Contract Tower,0,0,4,0,4,0,6,3,0,9,0,6,7,0,13,26,0,26,39
01/02/2016,ARA,LA,ASW,CE,Federal Contract Tower,1,0,11,0,12,0,7,10,0,17,1,7,21,0,29,34,0,34,63
01/03/2016,ARA,LA,ASW,CE,Federal Contract Tower,0,2,5,0,7,0,0,7,0,7,0,2,12,0,14,18,0,18,32
01/04/2016,ARA,LA,ASW,CE,Federal Contract Tower,0,9,6,13,28,0,31,19,0,50,0,40,25,13,78,188,36,224,302
01/05/2016,ARA,LA,ASW,CE,Federal Contract Tower,0,2,12,4,18,0,38,30,2,70,0,40,42,6,88,96,0,96,184
01/06/2016,ARA,LA,ASW,CE,Federal Contract Tower,1,0,7,4,12,0,11,44,2,57,1,11,51,6,69,230,4,234,303
01/07/2016,ARA,LA,ASW,CE,Federal Contract Tower,1,1,5,0,7,0,4,16,0,20,1,5,21,0,27,60,0,60,87
01/08/2016,ARA,LA,ASW,CE,Federal Contract Tower,0,5,2,0,7,0,12,9,0,21,0,17,11,0,28,44,0,44,72
01/09/2016,ARA,LA,ASW,CE,Federal Contract Tower,0,2,3,7,12,0,10,19,2,31,0,12,22,9,43,22,0,22,65
01/10/2016,ARA,LA,ASW,CE,Federal Contract Tower,0,0,7,5,12,0,10,12,2,24,0,10,19,7,36,52,2,54,90
01/11/2016,ARA,LA,ASW,CE,Federal Contract Tower,0,5,7,5,17,0,46,26,1,73,0,51,33,6,90,192,0,192,282
01/12/2016,ARA,LA,ASW,CE,Federal Contract Tower,2,4,8,10,24,0,39,13,3,55,2,43,21,13,79,240,10,250,329
01/13/2016,ARA,LA,ASW,CE,Federal Contract Tower,1,1,9,1,12,0,19,30,1,50,1,20,39,2,62,126,8,134,196
01/14/2016,ARA,LA,ASW,CE,Federal Contract Tower,0,6,3,0,9,0,12,1,2,15,0,18,4,2,24,50,0,50,74
01/15/2016,ARA,LA,ASW,CE,Federal Contract Tower,1,2,5,4,12,0,30,24,7,61,1,32,29,11,73,88,10,98,171
01/16/2016,ARA,LA,ASW,CE,Federal Contract Tower,0,0,0,0,0,0,11,29,0,40,0,11,29,0,40,100,0,100,140
01/17/2016,ARA,LA,ASW,CE,Federal Contract Tower,0,0,1,0,1,0,17,19,0,36,0,17,20,0,37,102,0,102,139
01/18/2016,ARA,LA,ASW,CE,Federal Contract Tower,0,7,1,0,8,0,38,21,0,59,0,45,22,0,67,106,0,106,173
01/19/2016,ARA,LA,ASW,CE,Federal Contract Tower,1,4,4,2,11,0,58,35,33,126,1,62,39,35,137,120,16,136,273
01/20/2016,ARA,LA,ASW,CE,Federal Contract Tower,0,0,3,1,4,0,26,30,4,60,0,26,33,5,64,164,0,164,228
01/21/2016,ARA,LA,ASW,CE,Federal Contract Tower,0,0,0,0,0,0,21,4,0,25,0,21,4,0,25,107,0,107,132
01/22/2016,ARA,LA,ASW,CE,Federal Contract Tower,0,0,3,28,31,0,20,11,0,31,0,20,14,28,62,60,6,66,128
01/23/2016,ARA,LA,ASW,CE,Federal Contract Tower,2,0,1,3,6,0,12,34,1,47,2,12,35,4,53,44,0,44,97
01/24/2016,ARA,LA,ASW,CE,Federal Contract Tower,0,1,2,2,5,0,16,15,0,31,0,17,17,2,36,120,2,122,158
01/25/2016,ARA,LA,ASW,CE,Federal Contract Tower,0,1,3,2,6,0,14,17,0,31,0,15,20,2,37,60,0,60,97
01/26/2016,ARA,LA,ASW,CE,Federal Contract Tower,0,0,2,0,2,0,2,0,0,2,0,2,2,0,4,0,0,0,4
01/27/2016,ARA,LA,ASW,CE,Federal Contract Tower,1,2,9,5,17,0,32,27,4,63,1,34,36,9,80,174,20,194,274
01/28/2016,ARA,LA,ASW,CE,Federal Contract Tower,1,0,7,3,11,0,34,40,5,79,1,34,47,8,90,162,0,162,252
01/29/2016,ARA,LA,ASW,CE,Federal Contract Tower,0,0,8,8,16,0,16,55,0,71,0,16,63,8,87,212,0,212,299
01/30/2016,ARA,LA,ASW,CE,Federal Contract Tower,0,0,5,0,5,0,2,14,0,16,0,2,19,0,21,14,0,14,35
01/31/2016,ARA,LA,ASW,CE,Federal Contract Tower,0,0,1,5,6,0,8,12,2,22,0,8,13,7,28,61,0,61,89
02/01/2016,ARA,LA,ASW,CE,Federal Contract Tower,0,0,5,3,8,0,17,14,0,31,0,17,19,3,39,86,0,86,125
02/02/2016,ARA,LA,ASW,CE,Federal Contract Tower,2,1,2,0,5,0,4,4,0,8,2,5,6,0,13,74,0,74,87
02/03/2016,ARA,LA,ASW,CE,Federal Contract Tower,1,0,13,3,17,0,22,42,11,75,1,22,55,14,92,290,20,310,402
02/04/2016,ARA,LA,ASW,CE,Federal Contract Tower,0,0,4,16,20,0,17,29,3,49,0,17,33,19,69,84,2,86,155
02/05/2016,ARA,LA,ASW,CE,Federal Contract Tower,0,0,7,5,12,0,28,28,0,56,0,28,35,5,68,154,0,154,222
02/06/2016,ARA,LA,ASW,CE,Federal Contract Tower,1,0,3,6,10,0,8,22,0,30,1,8,25,6,40,38,0,38,78
02/07/2016,ARA,LA,ASW,CE,Federal Contract Tower,0,0,7,2,9,0,9,10,0,19,0,9,17,2,28,18,0,18,46
02/08/2016,ARA,LA,ASW,CE,Federal Contract Tower,0,0,0,0,0,0,6,5,0,11,0,6,5,0,11,40,0,40,51
02/09/2016,ARA,LA,ASW,CE,Federal Contract Tower,0,0,1,6,7,0,12,8,0,20,0,12,9,6,27,116,0,116,143
02/10/2016,ARA,LA,ASW,CE,Federal Contract Tower,0,0,1,11,12,0,24,41,9,74,0,24,42,20,86,189,20,209,295
02/11/2016,ARA,LA,ASW,CE,Federal Contract Tower,0,0,8,10,18,0,31,43,2,76,0,31,51,12,94,78,0,78,172
02/12/2016,ARA,LA,ASW,CE,Federal Contract Tower,1,0,3,4,8,0,36,26,4,66,1,36,29,8,74,160,0,160,234
02/13/2016,ARA,LA,ASW,CE,Federal Contract Tower,0,0,3,0,3,0,5,31,0,36,0,5,34,0,39,100,0,100,139
02/14/2016,ARA,LA,ASW,CE,Federal Contract Tower,1,0,1,2,4,0,9,5,0,14,1,9,6,2,18,46,0,46,64
02/16/2016,ARA,LA,ASW,CE,Federal Contract Tower,0,0,5,4,9,0,18,36,0,54,0,18,41,4,63,148,0,148,211
02/17/2016,ARA,LA,ASW,CE,Federal Contract Tower,0,0,7,8,15,0,21,60,3,84,0,21,67,11,99,192,16,208,307
02/18/2016,ARA,LA,ASW,CE,Federal Contract Tower,0,0,7,4,11,0,32,45,16,93,0,32,52,20,104,170,0,170,274
02/19/2016,ARA,LA,ASW,CE,Federal Contract Tower,1,0,9,5,15,0,6,51,2,59,1,6,60,7,74,64,10,74,148
02/20/2016,ARA,LA,ASW,CE,Federal Contract Tower,0,0,4,0,4,0,6,27,0,33,0,6,31,0,37,18,0,18,55
02/21/2016,ARA,LA,ASW,CE,Federal Contract Tower,0,0,3,3,6,0,9,15,2,26,0,9,18,5,32,86,0,86,118
02/22/2016,ARA,LA,ASW,CE,Federal Contract Tower,1,0,0,0,1,0,2,5,0,7,1,2,5,0,8,90,0,90,98
02/23/2016,ARA,LA,ASW,CE,Federal Contract Tower,0,0,0,0,0,0,0,2,0,2,0,0,2,0,2,4,0,4,6
02/24/2016,ARA,LA,ASW,CE,Federal Contract Tower,0,0,14,3,17,0,48,32,2,82,0,48,46,5,99,340,0,340,439
02/25/2016,ARA,LA,ASW,CE,Federal Contract Tower,0,0,10,5,15,0,28,60,0,88,0,28,70,5,103,234,0,234,337
02/26/2016,ARA,LA,ASW,CE,Federal Contract Tower,0,0,13,9,22,0,23,52,4,79,0,23,65,13,101,206,2,208,309
02/27/2016,ARA,LA,ASW,CE,Federal Contract Tower,0,0,3,0,3,0,12,28,0,40,0,12,31,0,43,48,0,48,91
02/28/2016,ARA,LA,ASW,CE,Federal Contract Tower,0,0,1,2,3,0,26,20,0,46,0,26,21,2,49,158,0,158,207
02/29/2016,ARA,LA,ASW,CE,Federal Contract Tower,0,2,7,6,15,0,26,39,0,65,0,28,46,6,80,362,0,362,442
03/01/2016,ARA,LA,ASW,CE,Federal Contract Tower,2,0,0,3,5,0,12,19,1,32,2,12,19,4,37,167,0,167,204
03/02/2016,ARA,LA,ASW,CE,Federal Contract Tower,0,0,3,15,18,0,18,34,4,56,0,18,37,19,74,172,14,186,260
03/03/2016,ARA,LA,ASW,CE,Federal Contract Tower,0,0,4,0,4,0,0,23,2,25,0,0,27,2,29,88,0,88,117
03/04/2016,ARA,LA,ASW,CE,Federal Contract Tower,0,2,3,12,17,0,12,59,3,74,0,14,62,15,91,328,0,328,419
03/05/2016,ARA,LA,ASW,CE,Federal Contract Tower,0,6,5,0,11,0,8,36,0,44,0,14,41,0,55,58,0,58,113
03/06/2016,ARA,LA,ASW,CE,Federal Contract Tower,1,0,3,0,4,0,5,27,2,34,1,5,30,2,38,52,0,52,90
03/07/2016,ARA,LA,ASW,CE,Federal Contract Tower,0,0,5,2,7,0,27,50,0,77,0,27,55,2,84,274,0,274,358
03/08/2016,ARA,LA,ASW,CE,Federal Contract Tower,0,2,0,0,2,0,2,12,0,14,0,4,12,0,16,18,0,18,34
03/09/2016,ARA,LA,ASW,CE,Federal Contract Tower,0,0,1,0,1,0,0,0,0,0,0,0,1,0,1,0,0,0,1
03/10/2016,ARA,LA,ASW,CE,Federal Contract Tower,2,5,1,0,8,0,0,1,0,1,2,5,2,0,9,8,0,8,17
03/11/2016,ARA,LA,ASW,CE,Federal Contract Tower,0,2,12,0,14,0,8,7,0,15,0,10,19,0,29,48,0,48,77
03/12/2016,ARA,LA,ASW,CE,Federal Contract Tower,0,0,0,0,0,0,1,5,0,6,0,1,5,0,6,22,0,22,28
03/13/2016,ARA,LA,ASW,CE,Federal Contract Tower,0,0,6,0,6,0,9,34,0,43,0,9,40,0,49,40,0,40,89
03/14/2016,ARA,LA,ASW,CE,Federal Contract Tower,0,0,5,4,9,0,5,59,0,64,0,5,64,4,73,370,22,392,465
03/15/2016,ARA,LA,ASW,CE,Federal Contract Tower,0,0,9,7,16,0,12,56,2,70,0,12,65,9,86,246,8,254,340
03/16/2016,ARA,LA,ASW,CE,Federal Contract Tower,1,1,5,4,11,0,10,51,1,62,1,11,56,5,73,274,0,274,347
03/17/2016,ARA,LA,ASW,CE,Federal Contract Tower,0,0,2,2,4,0,0,34,0,34,0,0,36,2,38,126,0,126,164
03/18/2016,ARA,LA,ASW,CE,Federal Contract Tower,2,0,2,0,4,0,0,7,0,7,2,0,9,0,11,26,0,26,37
03/19/2016,ARA,LA,ASW,CE,Federal Contract Tower,0,2,3,2,7,0,9,10,0,19,0,11,13,2,26,68,8,76,102
03/20/2016,ARA,LA,ASW,CE,Federal Contract Tower,1,0,8,0,9,0,14,28,0,42,1,14,36,0,51,78,0,78,129
03/21/2016,ARA,LA,ASW,CE,Federal Contract Tower,1,0,7,7,15,0,29,54,0,83,1,29,61,7,98,294,8,302,400
03/22/2016,ARA,LA,ASW,CE,Federal Contract Tower,0,2,10,6,18,0,5,41,2,48,0,7,51,8,66,184,22,206,272
03/23/2016,ARA,LA,ASW,CE,Federal Contract Tower,0,2,8,4,14,0,1,27,2,30,0,3,35,6,44,176,0,176,220
03/24/2016,ARA,LA,ASW,CE,Federal Contract Tower,0,0,5,0,5,0,2,18,0,20,0,2,23,0,25,30,0,30,55
03/25/2016,ARA,LA,ASW,CE,Federal Contract Tower,2,3,2,20,27,0,17,28,4,49,2,20,30,24,76,52,42,94,170
03/26/2016,ARA,LA,ASW,CE,Federal Contract Tower,0,0,0,0,0,0,15,41,0,56,0,15,41,0,56,50,0,50,106
03/27/2016,ARA,LA,ASW,CE,Federal Contract Tower,0,0,2,0,2,0,2,2,0,4,0,2,4,0,6,2,0,2,8
03/28/2016,ARA,LA,ASW,CE,Federal Contract Tower,0,0,4,27,31,0,5,37,1,43,0,5,41,28,74,282,0,282,356
03/29/2016,ARA,LA,ASW,CE,Federal Contract Tower,0,0,6,10,16,0,11,36,0,47,0,11,42,10,63,246,18,264,327
03/30/2016,ARA,LA,ASW,CE,Federal Contract Tower,0,0,0,0,0,0,0,20,2,22,0,0,20,2,22,56,8,64,86
03/31/2016,ARA,LA,ASW,CE,Federal Contract Tower,1,1,1,0,3,0,1,31,0,32,1,2,32,0,35,80,0,80,115
04/01/2016,ARA,LA,ASW,CE,Federal Contract Tower,1,0,0,0,1,0,0,4,0,4,1,0,4,0,5,0,0,0,5
04/02/2016,ARA,LA,ASW,CE,Federal Contract Tower,0,0,4,4,8,0,4,23,0,27,0,4,27,4,35,12,0,12,47
04/03/2016,ARA,LA,ASW,CE,Federal Contract Tower,2,0,1,0,3,0,3,32,0,35,2,3,33,0,38,26,0,26,64
04/04/2016,ARA,LA,ASW,CE,Federal Contract Tower,0,0,3,9,12,0,6,32,1,39,0,6,35,10,51,92,0,92,143
04/05/2016,ARA,LA,ASW,CE,Federal Contract Tower,0,0,5,7,12,0,7,48,0,55,0,7,53,7,67,218,6,224,291
04/06/2016,ARA,LA,ASW,CE,Federal Contract Tower,1,1,6,6,14,0,16,35,0,51,1,17,41,6,65,210,0,210,275
04/07/2016,ARA,LA,ASW,CE,Federal Contract Tower,0,0,6,18,24,0,16,45,1,62,0,16,51,19,86,118,4,122,208
04/09/2016,ARA,LA,ASW,CE,Federal Contract Tower,0,1,0,0,1,0,19,37,0,56,0,20,37,0,57,108,0,108,165
04/10/2016,ARA,LA,ASW,CE,Federal Contract Tower,0,1,1,0,2,0,6,21,0,27,0,7,22,0,29,78,0,78,107
04/11/2016,ARA,LA,ASW,CE,Federal Contract Tower,0,0,3,0,3,0,12,17,0,29,0,12,20,0,32,68,0,68,100
04/12/2016,ARA,LA,ASW,CE,Federal Contract Tower,2,1,5,5,13,0,4,15,0,19,2,5,20,5,32,144,0,144,176
04/13/2016,ARA,LA,ASW,CE,Federal Contract Tower,2,0,1,0,3,0,25,20,2,47,2,25,21,2,50,194,0,194,244
04/14/2016,ARA,LA,ASW,CE,Federal Contract Tower,0,0,4,6,10,0,2,31,4,37,0,2,35,10,47,94,12,106,153
04/15/2016,ARA,LA,ASW,CE,Federal Contract Tower,0,0,5,5,10,0,4,26,0,30,0,4,31,5,40,136,0,136,176
04/16/2016,ARA,LA,ASW,CE,Federal Contract Tower,0,0,1,0,1,0,6,9,0,15,0,6,10,0,16,46,0,46,62
04/17/2016,ARA,LA,ASW,CE,Federal Contract Tower,0,0,2,2,4,0,17,9,0,26,0,17,11,2,30,112,0,112,142
04/18/2016,ARA,LA,ASW,CE,Federal Contract Tower,0,0,7,0,7,0,1,20,0,21,0,1,27,0,28,96,0,96,124
04/19/2016,ARA,LA,ASW,CE,Federal Contract Tower,0,0,4,4,8,0,4,27,1,32,0,4,31,5,40,92,0,92,132
04/20/2016,ARA,LA,ASW,CE,Federal Contract Tower,2,0,2,2,6,0,10,27,0,37,2,10,29,2,43,184,0,184,227
04/21/2016,ARA,LA,ASW,CE,Federal Contract Tower,0,0,5,0,5,0,9,27,0,36,0,9,32,0,41,140,0,140,181
04/22/2016,ARA,LA,ASW,CE,Federal Contract Tower,0,0,6,11,17,0,3,41,0,44,0,3,47,11,61,170,0,170,231
04/23/2016,ARA,LA,ASW,CE,Federal Contract Tower,2,0,9,0,11,0,13,25,0,38,2,13,34,0,49,132,0,132,181
04/24/2016,ARA,LA,ASW,CE,Federal Contract Tower,0,0,2,7,9,0,7,21,2,30,0,7,23,9,39,64,0,64,103
04/25/2016,ARA,LA,ASW,CE,Federal Contract Tower,0,0,5,4,9,0,22,50,1,73,0,22,55,5,82,236,2,238,320
04/26/2016,ARA,LA,ASW,CE,Federal Contract Tower,0,0,4,9,13,0,25,32,1,58,0,25,36,10,71,296,12,308,379
04/27/2016,ARA,LA,ASW,CE,Federal Contract Tower,0,0,5,0,5,0,11,12,0,23,0,11,17,0,28,122,0,122,150
04/28/2016,ARA,LA,ASW,CE,Federal Contract Tower,1,0,4,13,18,0,5,51,0,56,1,5,55,13,74,230,0,230,304
04/29/2016,ARA,LA,ASW,CE,Federal Contract Tower,0,1,9,1,11,0,8,15,0,23,0,9,24,1,34,14,0,14,48
04/30/2016,ARA,LA,ASW,CE,Federal Contract Tower,1,0,0,0,1,0,6,3,0,9,1,6,3,0,10,0,0,0,10
05/01/2016,ARA,LA,ASW,CE,Federal Contract Tower,1,0,2,0,3,0,0,0,0,0,1,0,2,0,3,0,0,0,3
05/02/2016,ARA,LA,ASW,CE,Federal Contract Tower,0,0,1,0,1,0,2,7,0,9,0,2,8,0,10,90,0,90,100
05/03/2016,ARA,LA,ASW,CE,Federal Contract Tower,0,2,6,15,23,0,15,65,2,82,0,17,71,17,105,252,2,254,359
05/04/2016,ARA,LA,ASW,CE,Federal Contract Tower,2,1,12,11,26,0,29,39,0,68,2,30,51,11,94,438,2,440,534
05/05/2016,ARA,LA,ASW,CE,Federal Contract Tower,0,0,4,9,13,0,17,74,0,91,0,17,78,9,104,346,0,346,450
05/06/2016,ARA,LA,ASW,CE,Federal Contract Tower,0,0,14,4,18,0,26,47,0,73,0,26,61,4,91,327,0,327,418
05/07/2016,ARA,LA,ASW,CE,Federal Contract Tower,0,0,6,0,6,0,13,59,0,72,0,13,65,0,78,188,0,188,266
05/08/2016,ARA,LA,ASW,CE,Federal Contract Tower,2,0,5,0,7,0,10,19,0,29,2,10,24,0,36,88,0,88,124
05/09/2016,ARA,LA,ASW,CE,Federal Contract Tower,1,0,4,13,18,0,4,27,0,31,1,4,31,13,49,78,0,78,127
05/10/2016,ARA,LA,ASW,CE,Federal Contract Tower,0,0,3,4,7,0,11,44,0,55,0,11,47,4,62,150,0,150,212
05/11/2016,ARA,LA,ASW,CE,Federal Contract Tower,0,0,7,7,14,0,6,29,1,36,0,6,36,8,50,176,2,178,228
05/12/2016,ARA,LA,ASW,CE,Federal Contract Tower,1,0,5,0,6,0,0,43,0,43,1,0,48,0,49,98,0,98,147
05/13/2016,ARA,LA,ASW,CE,Federal Contract Tower,0,1,7,6,14,0,10,43,0,53,0,11,50,6,67,110,0,110,177
05/14/2016,ARA,LA,ASW,CE,Federal Contract Tower,0,5,4,0,9,0,19,31,1,51,0,24,35,1,60,178,0,178,238
05/15/2016,ARA,LA,ASW,CE,Federal Contract Tower,0,0,2,0,2,0,9,20,4,33,0,9,22,4,35,64,0,64,99
05/16/2016,ARA,LA,ASW,CE,Federal Contract Tower,0,0,1,4,5,0,11,29,1,41,0,11,30,5,46,182,2,184,230
05/17/2016,ARA,LA,ASW,CE,Federal Contract Tower,0,1,4,3,8,0,22,29,0,51,0,23,33,3,59,110,0,110,169
05/18/2016,ARA,LA,ASW,CE,Federal Contract Tower,1,0,16,14,31,0,11,34,3,48,1,11,50,17,79,256,14,270,349
05/19/2016,ARA,LA,ASW,CE,Federal Contract Tower,1,0,13,5,19,0,9,37,0,46,1,9,50,5,65,136,0,136,201
05/20/2016,ARA,LA,ASW,CE,Federal Contract Tower,2,0,12,2,16,0,9,37,3,49,2,9,49,5,65,112,16,128,193
05/21/2016,ARA,LA,ASW,CE,Federal Contract Tower,0,0,1,0,1,0,7,28,2,37,0,7,29,2,38,110,0,110,148
05/22/2016,ARA,LA,ASW,CE,Federal Contract Tower,0,0,8,0,8,0,7,18,0,25,0,7,26,0,33,60,0,60,93
05/23/2016,ARA,LA,ASW,CE,Federal Contract Tower,0,0,5,12,17,0,6,42,3,51,0,6,47,15,68,184,0,184,252
05/24/2016,ARA,LA,ASW,CE,Federal Contract Tower,1,0,9,2,12,0,18,63,1,82,1,18,72,3,94,236,0,236,330
05/25/2016,ARA,LA,ASW,CE,Federal Contract Tower,0,0,10,6,16,0,33,57,1,91,0,33,67,7,107,150,8,158,265
05/26/2016,ARA,LA,ASW,CE,Federal Contract Tower,0,0,10,3,13,0,8,38,1,47,0,8,48,4,60,106,8,114,174
05/27/2016,ARA,LA,ASW,CE,Federal Contract Tower,0,0,3,0,3,0,5,0,0,5,0,5,3,0,8,92,0,92,100
05/28/2016,ARA,LA,ASW,CE,Federal Contract Tower,2,0,3,0,5,0,11,21,0,32,2,11,24,0,37,68,0,68,105
05/29/2016,ARA,LA,ASW,CE,Federal Contract Tower,1,1,2,0,4,0,14,23,0,37,1,15,25,0,41,36,0,36,77
05/30/2016,ARA,LA,ASW,CE,Federal Contract Tower,0,0,3,0,3,0,2,26,0,28,0,2,29,0,31,18,0,18,49
05/31/2016,ARA,LA,ASW,CE,Federal Contract Tower,1,0,7,1,9,0,9,41,1,51,1,9,48,2,60,162,0,162,222
06/01/2016,ARA,LA,ASW,CE,Federal Contract Tower,0,0,3,8,11,0,20,34,1,55,0,20,37,9,66,154,2,156,222
06/02/2016,ARA,LA,ASW,CE,Federal Contract Tower,0,0,4,0,4,0,11,21,0,32,0,11,25,0,36,232,0,232,268
06/03/2016,ARA,LA,ASW,CE,Federal Contract Tower,0,0,5,0,5,0,3,0,0,3,0,3,5,0,8,0,0,0,8
06/04/2016,ARA,LA,ASW,CE,Federal Contract Tower,0,0,3,0,3,0,0,0,0,0,0,0,3,0,3,0,0,0,3
06/05/2016,ARA,LA,ASW,CE,Federal Contract Tower,0,1,1,0,2,0,8,10,0,18,0,9,11,0,20,48,0,48,68
06/06/2016,ARA,LA,ASW,CE,Federal Contract Tower,0,0,7,3,10,0,21,33,0,54,0,21,40,3,64,192,0,192,256
06/07/2016,ARA,LA,ASW,CE,Federal Contract Tower,0,0,7,23,30,0,13,60,8,81,0,13,67,31,111,166,16,182,293
06/08/2016,ARA,LA,ASW,CE,Federal Contract Tower,2,1,5,10,18,0,15,40,5,60,2,16,45,15,78,174,30,204,282
06/10/2016,ARA,LA,ASW,CE,Federal Contract Tower,0,1,7,5,13,0,9,19,1,29,0,10,26,6,42,98,4,102,144
06/11/2016,ARA,LA,ASW,CE,Federal Contract Tower,2,0,2,0,4,0,9,7,0,16,2,9,9,0,20,74,0,74,94
06/12/2016,ARA,LA,ASW,CE,Federal Contract Tower,0,0,0,0,0,0,10,2,0,12,0,10,2,0,12,76,0,76,88
06/13/2016,ARA,LA,ASW,CE,Federal Contract Tower,0,0,3,0,3,0,2,9,0,11,0,2,12,0,14,0,0,0,14
06/14/2016,ARA,LA,ASW,CE,Federal Contract Tower,0,0,17,2,19,0,9,28,7,44,0,9,45,9,63,142,2,144,207
06/15/2016,ARA,LA,ASW,CE,Federal Contract Tower,2,0,4,5,11,0,12,37,1,50,2,12,41,6,61,283,2,285,346
06/16/2016,ARA,LA,ASW,CE,Federal Contract Tower,0,2,7,3,12,0,6,14,2,22,0,8,21,5,34,70,0,70,104
06/18/2016,ARA,LA,ASW,CE,Federal Contract Tower,0,0,0,0,0,0,12,23,0,35,0,12,23,0,35,114,0,114,149
06/19/2016,ARA,LA,ASW,CE,Federal Contract Tower,0,0,2,0,2,0,15,13,0,28,0,15,15,0,30,122,0,122,152
06/20/2016,ARA,LA,ASW,CE,Federal Contract Tower,2,0,6,2,10,0,3,8,0,11,2,3,14,2,21,64,0,64,85
06/21/2016,ARA,LA,ASW,CE,Federal Contract Tower,1,2,8,2,13,0,2,33,2,37,1,4,41,4,50,92,0,92,142
06/22/2016,ARA,LA,ASW,CE,Federal Contract Tower,2,0,10,9,21,0,7,24,3,34,2,7,34,12,55,126,0,126,181
06/23/2016,ARA,LA,ASW,CE,Federal Contract Tower,1,0,9,8,18,0,16,45,2,63,1,16,54,10,81,104,4,108,189
06/24/2016,ARA,LA,ASW,CE,Federal Contract Tower,0,0,5,11,16,0,8,35,5,48,0,8,40,16,64,114,10,124,188
06/25/2016,ARA,LA,ASW,CE,Federal Contract Tower,0,1,0,0,1,0,8,18,0,26,0,9,18,0,27,80,0,80,107
06/26/2016,ARA,LA,ASW,CE,Federal Contract Tower,0,2,4,2,8,0,13,10,1,24,0,15,14,3,32,80,4,84,116
06/27/2016,ARA,LA,ASW,CE,Federal Contract Tower,0,0,6,4,10,0,9,19,3,31,0,9,25,7,41,52,0,52,93
06/28/2016,ARA,LA,ASW,CE,Federal Contract Tower,0,1,7,0,8,0,5,37,0,42,0,6,44,0,50,104,0,104,154
06/29/2016,ARA,LA,ASW,CE,Federal Contract Tower,0,1,16,4,21,0,7,26,1,34,0,8,42,5,55,212,8,220,275
06/30/2016,ARA,LA,ASW,CE,Federal Contract Tower,1,0,4,0,5,0,9,29,0,38,1,9,33,0,43,148,0,148,191
07/01/2016,ARA,LA,ASW,CE,Federal Contract Tower,0,0,8,0,8,0,6,41,0,47,0,6,49,0,55,126,0,126,181
07/02/2016,ARA,LA,ASW,CE,Federal Contract Tower,0,2,5,6,13,0,16,17,8,41,0,18,22,14,54,98,0,98,152
07/03/2016,ARA,LA,ASW,CE,Federal Contract Tower,1,0,0,0,1,0,6,15,0,21,1,6,15,0,22,70,0,70,92
07/04/2016,ARA,LA,ASW,CE,Federal Contract Tower,0,1,0,0,1,0,10,5,0,15,0,11,5,0,16,122,0,122,138
07/05/2016,ARA,LA,ASW,CE,Federal Contract Tower,1,0,8,0,9,0,15,26,1,42,1,15,34,1,51,108,0,108,159
07/06/2016,ARA,LA,ASW,CE,Federal Contract Tower,0,1,4,0,5,0,8,39,0,47,0,9,43,0,52,172,0,172,224
07/07/2016,ARA,LA,ASW,CE,Federal Contract Tower,0,0,8,9,17,0,8,56,4,68,0,8,64,13,85,150,8,158,243
07/08/2016,ARA,LA,ASW,CE,Federal Contract Tower,0,0,4,0,4,0,10,32,6,48,0,10,36,6,52,100,0,100,152
07/09/2016,ARA,LA,ASW,CE,Federal Contract Tower,0,0,2,2,4,0,10,16,0,26,0,10,18,2,30,26,0,26,56
07/10/2016,ARA,LA,ASW,CE,Federal Contract Tower,0,0,2,2,4,0,0,9,1,10,0,0,11,3,14,16,10,26,40
07/11/2016,ARA,LA,ASW,CE,Federal Contract Tower,0,0,2,6,8,0,11,14,1,26,0,11,16,7,34,140,10,150,184
07/12/2016,ARA,LA,ASW,CE,Federal Contract Tower,0,0,4,6,10,0,5,31,9,45,0,5,35,15,55,102,22,124,179
07/13/2016,ARA,LA,ASW,CE,Federal Contract Tower,0,0,2,3,5,0,3,19,3,25,0,3,21,6,30,42,4,46,76
07/14/2016,ARA,LA,ASW,CE,Federal Contract Tower,1,0,4,2,7,0,8,13,0,21,1,8,17,2,28,80,0,80,108
07/15/2016,ARA,LA,ASW,CE,Federal Contract Tower,2,0,3,5,10,0,3,21,2,26,2,3,24,7,36,46,0,46,82
07/16/2016,ARA,LA,ASW,CE,Federal Contract Tower,2,1,1,3,7,0,3,17,0,20,2,4,18,3,27,20,0,20,47
07/17/2016,ARA,LA,ASW,CE,Federal Contract Tower,0,0,0,0,0,0,5,14,0,19,0,5,14,0,19,44,0,44,63
07/19/2016,ARA,LA,ASW,CE,Federal Contract Tower,0,0,4,0,4,0,12,32,0,44,0,12,36,0,48,86,0,86,134
07/20/2016,ARA,LA,ASW,CE,Federal Contract Tower,0,0,4,0,4,0,18,64,4,86,0,18,68,4,90,126,0,126,216
07/21/2016,ARA,LA,ASW,CE,Federal Contract Tower,0,0,3,3,6,0,15,31,0,46,0,15,34,3,52,200,0,200,252
07/22/2016,ARA,LA,ASW,CE,Federal Contract Tower,3,0,5,3,11,0,3,31,0,34,3,3,36,3,45,28,0,28,73
07/23/2016,ARA,LA,ASW,CE,Federal Contract Tower,0,0,0,0,0,0,17,13,0,30,0,17,13,0,30,58,0,58,88
07/24/2016,ARA,LA,ASW,CE,Federal Contract Tower,0,2,2,1,5,0,7,13,0,20,0,9,15,1,25,42,0,42,67
07/25/2016,ARA,LA,ASW,CE,Federal Contract Tower,0,0,12,0,12,0,5,9,0,14,0,5,21,0,26,124,0,124,150
07/26/2016,ARA,LA,ASW,CE,Federal Contract Tower,0,1,4,0,5,0,7,5,0,12,0,8,9,0,17,28,0,28,45
07/27/2016,ARA,LA,ASW,CE,Federal Contract Tower,0,0,2,0,2,0,4,17,0,21,0,4,19,0,23,56,0,56,79
07/28/2016,ARA,LA,ASW,CE,Federal Contract Tower,0,0,5,2,7,0,5,32,2,39,0,5,37,4,46,80,0,80,126
07/29/2016,ARA,LA,ASW,CE,Federal Contract Tower,3,0,1,7,11,0,8,39,6,53,3,8,40,13,64,76,8,84,148
07/30/2016,ARA,LA,ASW,CE,Federal Contract Tower,0,0,2,2,4,0,5,23,1,29,0,5,25,3,33,42,8,50,83
07/31/2016,ARA,LA,ASW,CE,Federal Contract Tower,0,0,4,2,6,0,10,37,0,47,0,10,41,2,53,114,0,114,167
08/01/2016,ARA,LA,ASW,CE,Federal Contract Tower,1,0,4,2,7,0,7,22,0,29,1,7,26,2,36,156,0,156,192
08/02/2016,ARA,LA,ASW,CE,Federal Contract Tower,0,0,6,2,8,0,18,60,1,79,0,18,66,3,87,236,10,246,333
08/03/2016,ARA,LA,ASW,CE,Federal Contract Tower,0,0,5,2,7,0,2,37,1,40,0,2,42,3,47,146,0,146,193
08/04/2016,ARA,LA,ASW,CE,Federal Contract Tower,0,2,8,5,15,0,6,42,5,53,0,8,50,10,68,136,0,136,204
08/05/2016,ARA,LA,ASW,CE,Federal Contract Tower,0,0,9,6,15,0,3,28,1,32,0,3,37,7,47,28,0,28,75
08/06/2016,ARA,LA,ASW,CE,Federal Contract Tower,0,0,6,3,9,0,13,13,6,32,0,13,19,9,41,44,4,48,89
08/07/2016,ARA,LA,ASW,CE,Federal Contract Tower,0,1,5,0,6,0,0,14,0,14,0,1,19,0,20,10,0,10,30
08/08/2016,ARA,LA,ASW,CE,Federal Contract Tower,0,0,12,3,15,0,12,38,1,51,0,12,50,4,66,222,0,222,288
08/09/2016,ARA,LA,ASW,CE,Federal Contract Tower,2,1,2,2,7,0,10,50,2,62,2,11,52,4,69,88,2,90,159
08/10/2016,ARA,LA,ASW,CE,Federal Contract Tower,0,0,10,0,10,0,2,11,0,13,0,2,21,0,23,66,0,66,89
08/11/2016,ARA,LA,ASW,CE,Federal Contract Tower,0,0,4,0,4,0,10,25,0,35,0,10,29,0,39,70,0,70,109
08/12/2016,ARA,LA,ASW,CE,Federal Contract Tower,0,0,0,0,0,0,0,0,0,0,0,0,0,0,0,0,0,0,0
08/13/2016,ARA,LA,ASW,CE,Federal Contract Tower,0,0,0,0,0,0,2,0,0,2,0,2,0,0,2,10,0,10,12
08/14/2016,ARA,LA,ASW,CE,Federal Contract Tower,0,0,0,0,0,0,5,10,0,15,0,5,10,0,15,0,0,0,15
08/15/2016,ARA,LA,ASW,CE,Federal Contract Tower,3,0,0,0,3,0,27,18,3,48,3,27,18,3,51,78,0,78,129
08/16/2016,ARA,LA,ASW,CE,Federal Contract Tower,0,0,2,0,2,0,6,32,0,38,0,6,34,0,40,98,0,98,138
08/17/2016,ARA,LA,ASW,CE,Federal Contract Tower,0,0,7,2,9,0,13,19,0,32,0,13,26,2,41,112,0,112,153
08/18/2016,ARA,LA,ASW,CE,Federal Contract Tower,0,1,6,4,11,0,8,62,4,74,0,9,68,8,85,150,0,150,235
08/19/2016,ARA,LA,ASW,CE,Federal Contract Tower,0,0,1,1,2,0,8,26,1,35,0,8,27,2,37,90,0,90,127
08/20/2016,ARA,LA,ASW,CE,Federal Contract Tower,0,0,4,3,7,0,3,17,3,23,0,3,21,6,30,18,10,28,58
08/21/2016,ARA,LA,ASW,CE,Federal Contract Tower,2,0,2,0,4,0,15,7,0,22,2,15,9,0,26,62,0,62,88
08/22/2016,ARA,LA,ASW,CE,Federal Contract Tower,0,0,2,0,2,0,13,58,2,73,0,13,60,2,75,198,10,208,283
08/23/2016,ARA,LA,ASW,CE,Federal Contract Tower,1,3,6,6,16,0,4,43,3,50,1,7,49,9,66,98,10,108,174
08/24/2016,ARA,LA,ASW,CE,Federal Contract Tower,0,2,8,4,14,0,17,38,1,56,0,19,46,5,70,138,0,138,208
08/25/2016,ARA,LA,ASW,CE,Federal Contract Tower,0,2,10,0,12,0,5,19,0,24,0,7,29,0,36,42,0,42,78
08/26/2016,ARA,LA,ASW,CE,Federal Contract Tower,0,0,8,0,8,0,12,38,0,50,0,12,46,0,58,194,0,194,252
08/27/2016,ARA,LA,ASW,CE,Federal Contract Tower,0,0,1,0,1,0,11,4,0,15,0,11,5,0,16,72,0,72,88
08/28/2016,ARA,LA,ASW,CE,Federal Contract Tower,1,0,4,0,5,0,4,11,0,15,1,4,15,0,20,30,0,30,50
08/29/2016,ARA,LA,ASW,CE,Federal Contract Tower,0,0,6,0,6,0,4,10,0,14,0,4,16,0,20,68,0,68,88
08/30/2016,ARA,LA,ASW,CE,Federal Contract Tower,0,0,4,4,8,0,12,66,1,79,0,12,70,5,87,178,0,178,265
08/31/2016,ARA,LA,ASW,CE,Federal Contract Tower,1,2,3,20,26,0,16,51,4,71,1,18,54,24,97,186,20,206,303
09/01/2016,ARA,LA,ASW,CE,Federal Contract Tower,2,4,4,0,10,0,8,47,1,56,2,12,51,1,66,192,0,192,258
09/02/2016,ARA,LA,ASW,CE,Federal Contract Tower,0,0,12,0,12,0,1,30,0,31,0,1,42,0,43,30,0,30,73
09/03/2016,ARA,LA,ASW,CE,Federal Contract Tower,0,0,7,0,7,0,19,22,0,41,0,19,29,0,48,82,0,82,130
09/04/2016,ARA,LA,ASW,CE,Federal Contract Tower,0,0,6,6,12,0,14,9,0,23,0,14,15,6,35,74,0,74,109
09/05/2016,ARA,LA,ASW,CE,Federal Contract Tower,0,0,8,0,8,0,6,8,0,14,0,6,16,0,22,42,0,42,64
09/06/2016,ARA,LA,ASW,CE,Federal Contract Tower,0,0,6,1,7,0,5,33,2,40,0,5,39,3,47,84,2,86,133
09/07/2016,ARA,LA,ASW,CE,Federal Contract Tower,0,0,2,5,7,1,14,39,2,56,1,14,41,7,63,170,4,174,237
09/08/2016,ARA,LA,ASW,CE,Federal Contract Tower,0,1,2,15,18,0,5,70,2,77,0,6,72,17,95,192,2,194,289
09/09/2016,ARA,LA,ASW,CE,Federal Contract Tower,1,0,8,9,18,0,9,46,4,59,1,9,54,13,77,54,0,54,131
09/10/2016,ARA,LA,ASW,CE,Federal Contract Tower,0,0,2,0,2,0,3,12,6,21,0,3,14,6,23,48,0,48,71
09/11/2016,ARA,LA,ASW,CE,Federal Contract Tower,0,0,3,0,3,0,9,25,0,34,0,9,28,0,37,84,0,84,121
09/12/2016,ARA,LA,ASW,CE,Federal Contract Tower,1,1,7,0,9,0,10,36,0,46,1,11,43,0,55,116,0,116,171
09/13/2016,ARA,LA,ASW,CE,Federal Contract Tower,2,0,6,0,8,0,23,35,2,60,2,23,41,2,68,224,0,224,292
09/14/2016,ARA,LA,ASW,CE,Federal Contract Tower,0,0,3,6,9,0,11,28,1,40,0,11,31,7,49,114,2,116,165
09/15/2016,ARA,LA,ASW,CE,Federal Contract Tower,0,0,3,2,5,0,28,38,0,66,0,28,41,2,71,164,0,164,235
09/16/2016,ARA,LA,ASW,CE,Federal Contract Tower,2,0,3,4,9,0,15,18,0,33,2,15,21,4,42,124,0,124,166
09/17/2016,ARA,LA,ASW,CE,Federal Contract Tower,0,0,6,0,6,0,7,8,0,15,0,7,14,0,21,32,0,32,53
09/18/2016,ARA,LA,ASW,CE,Federal Contract Tower,0,0,3,0,3,0,14,16,0,30,0,14,19,0,33,18,0,18,51
09/19/2016,ARA,LA,ASW,CE,Federal Contract Tower,0,0,1,3,4,0,22,18,3,43,0,22,19,6,47,24,4,28,75
09/20/2016,ARA,LA,ASW,CE,Federal Contract Tower,0,0,6,10,16,0,15,45,0,60,0,15,51,10,76,118,2,120,196
09/21/2016,ARA,LA,ASW,CE,Federal Contract Tower,0,1,8,6,15,0,13,43,9,65,0,14,51,15,80,170,2,172,252
09/22/2016,ARA,LA,ASW,CE,Federal Contract Tower,1,0,2,3,6,0,16,32,0,48,1,16,34,3,54,174,0,174,228
09/23/2016,ARA,LA,ASW,CE,Federal Contract Tower,0,0,8,8,16,0,37,53,0,90,0,37,61,8,106,162,0,162,268
09/24/2016,ARA,LA,ASW,CE,Federal Contract Tower,1,0,6,0,7,0,7,26,0,33,1,7,32,0,40,26,0,26,66
09/25/2016,ARA,LA,ASW,CE,Federal Contract Tower,2,2,2,7,13,0,17,11,2,30,2,19,13,9,43,132,0,132,175
09/26/2016,ARA,LA,ASW,CE,Federal Contract Tower,0,4,5,6,15,0,22,42,2,66,0,26,47,8,81,54,12,66,147
09/27/2016,ARA,LA,ASW,CE,Federal Contract Tower,0,0,6,6,12,0,17,37,0,54,0,17,43,6,66,204,0,204,270
09/28/2016,ARA,LA,ASW,CE,Federal Contract Tower,0,0,8,6,14,0,26,35,3,64,0,26,43,9,78,132,12,144,222
09/29/2016,ARA,LA,ASW,CE,Federal Contract Tower,0,0,14,14,28,0,3,47,0,50,0,3,61,14,78,96,12,108,186
09/30/2016,ARA,LA,ASW,CE,Federal Contract Tower,1,0,16,0,17,0,14,32,4,50,1,14,48,4,67,112,6,118,185
10/01/2016,ARA,LA,ASW,CE,Federal Contract Tower,0,0,3,1,4,0,10,18,2,30,0,10,21,3,34,104,6,110,144
10/02/2016,ARA,LA,ASW,CE,Federal Contract Tower,0,0,9,0,9,0,9,10,0,19,0,9,19,0,28,62,0,62,90
10/03/2016,ARA,LA,ASW,CE,Federal Contract Tower,1,0,6,4,11,0,15,31,8,54,1,15,37,12,65,64,0,64,129
10/04/2016,ARA,LA,ASW,CE,Federal Contract Tower,0,0,5,4,9,0,7,16,8,31,0,7,21,12,40,46,8,54,94
10/05/2016,ARA,LA,ASW,CE,Federal Contract Tower,0,0,8,3,11,0,12,22,3,37,0,12,30,6,48,64,4,68,116
10/06/2016,ARA,LA,ASW,CE,Federal Contract Tower,2,0,2,14,18,0,8,32,0,40,2,8,34,14,58,90,0,90,148
10/07/2016,ARA,LA,ASW,CE,Federal Contract Tower,0,0,6,0,6,0,18,14,0,32,0,18,20,0,38,116,0,116,154
10/08/2016,ARA,LA,ASW,CE,Federal Contract Tower,0,0,5,0,5,0,5,21,0,26,0,5,26,0,31,4,0,4,35
10/09/2016,ARA,LA,ASW,CE,Federal Contract Tower,2,0,4,2,8,0,0,28,0,28,2,0,32,2,36,6,0,6,42
10/10/2016,ARA,LA,ASW,CE,Federal Contract Tower,0,0,5,0,5,0,9,18,0,27,0,9,23,0,32,130,0,130,162
10/11/2016,ARA,LA,ASW,CE,Federal Contract Tower,0,0,0,9,9,0,26,30,4,60,0,26,30,13,69,136,24,160,229
10/12/2016,ARA,LA,ASW,CE,Federal Contract Tower,0,0,6,8,14,0,10,37,0,47,0,10,43,8,61,226,0,226,287
10/13/2016,ARA,LA,ASW,CE,Federal Contract Tower,1,0,1,6,8,0,7,27,5,39,1,7,28,11,47,88,6,94,141
10/14/2016,ARA,LA,ASW,CE,Federal Contract Tower,1,0,7,2,10,0,2,21,3,26,1,2,28,5,36,48,10,58,94
10/15/2016,ARA,LA,ASW,CE,Federal Contract Tower,0,0,5,2,7,0,5,21,0,26,0,5,26,2,33,58,0,58,91
10/16/2016,ARA,LA,ASW,CE,Federal Contract Tower,0,0,9,5,14,0,3,18,2,23,0,3,27,7,37,26,0,26,63
10/17/2016,ARA,LA,ASW,CE,Federal Contract Tower,2,0,8,2,12,0,2,19,5,26,2,2,27,7,38,80,22,102,140
10/18/2016,ARA,LA,ASW,CE,Federal Contract Tower,0,0,4,2,6,0,3,30,0,33,0,3,34,2,39,138,0,138,177
10/19/2016,ARA,LA,ASW,CE,Federal Contract Tower,0,2,4,5,11,0,5,26,7,38,0,7,30,12,49,64,0,64,113
10/20/2016,ARA,LA,ASW,CE,Federal Contract Tower,0,0,3,3,6,0,2,23,1,26,0,2,26,4,32,114,0,114,146
10/21/2016,ARA,LA,ASW,CE,Federal Contract Tower,0,0,9,5,14,0,0,28,1,29,0,0,37,6,43,38,8,46,89
10/22/2016,ARA,LA,ASW,CE,Federal Contract Tower,0,0,1,0,1,0,7,34,0,41,0,7,35,0,42,28,0,28,70
10/23/2016,ARA,LA,ASW,CE,Federal Contract Tower,1,0,4,0,5,0,2,15,0,17,1,2,19,0,22,22,0,22,44
10/24/2016,ARA,LA,ASW,CE,Federal Contract Tower,2,0,9,4,15,0,19,43,5,67,2,19,52,9,82,34,0,34,116
10/25/2016,ARA,LA,ASW,CE,Federal Contract Tower,1,0,8,2,11,0,6,45,2,53,1,6,53,4,64,86,4,90,154
10/26/2016,ARA,LA,ASW,CE,Federal Contract Tower,0,0,4,7,11,0,13,41,2,56,0,13,45,9,67,160,6,166,233
10/27/2016,ARA,LA,ASW,CE,Federal Contract Tower,0,1,1,0,2,0,4,53,0,57,0,5,54,0,59,136,0,136,195
10/28/2016,ARA,LA,ASW,CE,Federal Contract Tower,0,1,6,2,9,0,4,48,6,58,0,5,54,8,67,148,6,154,221
10/29/2016,ARA,LA,ASW,CE,Federal Contract Tower,0,0,3,0,3,0,0,16,0,16,0,0,19,0,19,0,0,0,19
10/30/2016,ARA,LA,ASW,CE,Federal Contract Tower,1,0,14,0,15,0,2,18,0,20,1,2,32,0,35,28,0,28,63
10/31/2016,ARA,LA,ASW,CE,Federal Contract Tower,2,0,6,0,8,0,4,52,0,56,2,4,58,0,64,140,0,140,204
11/01/2016,ARA,LA,ASW,CE,Federal Contract Tower,0,0,8,1,9,0,7,73,6,86,0,7,81,7,95,230,26,256,351
11/02/2016,ARA,LA,ASW,CE,Federal Contract Tower,0,2,2,2,6,0,16,32,0,48,0,18,34,2,54,196,0,196,250
11/03/2016,ARA,LA,ASW,CE,Federal Contract Tower,1,0,2,4,7,0,7,39,3,49,1,7,41,7,56,124,0,124,180
11/04/2016,ARA,LA,ASW,CE,Federal Contract Tower,0,0,9,6,15,0,5,43,11,59,0,5,52,17,74,110,0,110,184
11/05/2016,ARA,LA,ASW,CE,Federal Contract Tower,0,0,8,4,12,0,2,14,1,17,0,2,22,5,29,0,0,0,29
11/06/2016,ARA,LA,ASW,CE,Federal Contract Tower,1,0,3,3,7,0,2,22,1,25,1,2,25,4,32,18,0,18,50
11/07/2016,ARA,LA,ASW,CE,Federal Contract Tower,1,1,8,0,10,0,1,9,0,10,1,2,17,0,20,14,0,14,34
11/08/2016,ARA,LA,ASW,CE,Federal Contract Tower,0,0,1,0,1,0,13,24,0,37,0,13,25,0,38,128,0,128,166
11/09/2016,ARA,LA,ASW,CE,Federal Contract Tower,0,2,4,1,7,0,12,33,4,49,0,14,37,5,56,174,0,174,230
11/10/2016,ARA,LA,ASW,CE,Federal Contract Tower,0,0,8,8,16,0,20,32,0,52,0,20,40,8,68,217,0,217,285
11/11/2016,ARA,LA,ASW,CE,Federal Contract Tower,0,0,16,3,19,0,5,37,1,43,0,5,53,4,62,116,0,116,178
11/12/2016,ARA,LA,ASW,CE,Federal Contract Tower,0,0,3,0,3,0,9,37,0,46,0,9,40,0,49,90,0,90,139
11/14/2016,ARA,LA,ASW,CE,Federal Contract Tower,1,0,4,1,6,0,8,44,1,53,1,8,48,2,59,132,0,132,191
11/15/2016,ARA,LA,ASW,CE,Federal Contract Tower,0,0,2,3,5,0,13,32,6,51,0,13,34,9,56,136,12,148,204
11/16/2016,ARA,LA,ASW,CE,Federal Contract Tower,0,0,4,3,7,0,14,44,2,60,0,14,48,5,67,238,4,242,309
11/17/2016,ARA,LA,ASW,CE,Federal Contract Tower,1,0,5,3,9,0,14,22,0,36,1,14,27,3,45,100,4,104,149
11/18/2016,ARA,LA,ASW,CE,Federal Contract Tower,0,0,2,4,6,0,9,26,0,35,0,9,28,4,41,128,0,128,169
11/19/2016,ARA,LA,ASW,CE,Federal Contract Tower,0,2,3,3,8,0,7,6,7,20,0,9,9,10,28,50,50,100,128
11/20/2016,ARA,LA,ASW,CE,Federal Contract Tower,0,0,9,4,13,0,3,21,0,24,0,3,30,4,37,56,0,56,93
11/21/2016,ARA,LA,ASW,CE,Federal Contract Tower,0,2,3,4,9,0,7,54,0,61,0,9,57,4,70,148,0,148,218
11/22/2016,ARA,LA,ASW,CE,Federal Contract Tower,2,0,7,15,24,0,7,54,6,67,2,7,61,21,91,160,6,166,257
11/23/2016,ARA,LA,ASW,CE,Federal Contract Tower,0,0,5,0,5,0,2,12,0,14,0,2,17,0,19,96,0,96,115
11/24/2016,ARA,LA,ASW,CE,Federal Contract Tower,0,0,3,0,3,0,0,9,0,9,0,0,12,0,12,48,0,48,60
11/25/2016,ARA,LA,ASW,CE,Federal Contract Tower,2,0,11,0,13,0,4,22,0,26,2,4,33,0,39,44,0,44,83
11/26/2016,ARA,LA,ASW,CE,Federal Contract Tower,0,0,6,0,6,1,2,16,0,19,1,2,22,0,25,2,0,2,27
11/27/2016,ARA,LA,ASW,CE,Federal Contract Tower,0,0,6,1,7,0,0,20,1,21,0,0,26,2,28,14,2,16,44
11/28/2016,ARA,LA,ASW,CE,Federal Contract Tower,0,0,2,0,2,0,1,4,0,5,0,1,6,0,7,14,0,14,21
11/29/2016,ARA,LA,ASW,CE,Federal Contract Tower,0,0,7,5,12,0,4,12,1,17,0,4,19,6,29,58,0,58,87
11/30/2016,ARA,LA,ASW,CE,Federal Contract Tower,0,0,7,3,10,0,5,30,0,35,0,5,37,3,45,284,0,284,329
12/01/2016,ARA,LA,ASW,CE,Federal Contract Tower,1,0,8,4,13,0,1,42,5,48,1,1,50,9,61,116,2,118,179
12/02/2016,ARA,LA,ASW,CE,Federal Contract Tower,0,0,3,7,10,0,5,65,0,70,0,5,68,7,80,90,4,94,174
12/03/2016,ARA,LA,ASW,CE,Federal Contract Tower,0,0,0,0,0,0,2,0,0,2,0,2,0,0,2,0,0,0,2
12/04/2016,ARA,LA,ASW,CE,Federal Contract Tower,2,1,2,0,5,0,4,0,0,4,2,5,2,0,9,14,0,14,23
12/05/2016,ARA,LA,ASW,CE,Federal Contract Tower,0,0,2,0,2,0,0,0,0,0,0,0,2,0,2,0,0,0,2
12/06/2016,ARA,LA,ASW,CE,Federal Contract Tower,0,0,5,12,17,0,18,57,3,78,0,18,62,15,95,252,18,270,365
12/07/2016,ARA,LA,ASW,CE,Federal Contract Tower,0,0,6,5,11,0,16,19,0,35,0,16,25,5,46,206,0,206,252
12/08/2016,ARA,LA,ASW,CE,Federal Contract Tower,1,1,0,0,2,0,6,11,0,17,1,7,11,0,19,90,0,90,109
12/09/2016,ARA,LA,ASW,CE,Federal Contract Tower,2,1,6,9,18,0,5,29,6,40,2,6,35,15,58,112,22,134,192
12/10/2016,ARA,LA,ASW,CE,Federal Contract Tower,0,0,6,1,7,0,4,22,0,26,0,4,28,1,33,40,0,40,73
12/11/2016,ARA,LA,ASW,CE,Federal Contract Tower,0,0,6,0,6,0,6,35,0,41,0,6,41,0,47,44,0,44,91
12/12/2016,ARA,LA,ASW,CE,Federal Contract Tower,0,0,4,2,6,0,7,44,0,51,0,7,48,2,57,134,0,134,191
12/13/2016,ARA,LA,ASW,CE,Federal Contract Tower,0,0,8,4,12,0,8,16,0,24,0,8,24,4,36,56,0,56,92
12/14/2016,ARA,LA,ASW,CE,Federal Contract Tower,0,4,2,11,17,0,2,0,0,2,0,6,2,11,19,20,0,20,39
12/15/2016,ARA,LA,ASW,CE,Federal Contract Tower,0,1,7,3,11,0,17,37,3,57,0,18,44,6,68,296,0,296,364
12/16/2016,ARA,LA,ASW,CE,Federal Contract Tower,0,1,8,8,17,0,16,44,0,60,0,17,52,8,77,258,2,260,337
12/17/2016,ARA,LA,ASW,CE,Federal Contract Tower,0,0,6,2,8,0,0,4,0,4,0,0,10,2,12,0,0,0,12
12/18/2016,ARA,LA,ASW,CE,Federal Contract Tower,0,0,6,0,6,0,0,4,0,4,0,0,10,0,10,0,0,0,10
12/19/2016,ARA,LA,ASW,CE,Federal Contract Tower,2,2,2,2,8,0,11,18,1,30,2,13,20,3,38,74,0,74,112
12/20/2016,ARA,LA,ASW,CE,Federal Contract Tower,0,0,6,0,6,0,17,28,2,47,0,17,34,2,53,122,0,122,175
12/21/2016,ARA,LA,ASW,CE,Federal Contract Tower,0,0,2,2,4,0,4,29,1,34,0,4,31,3,38,122,10,132,170
12/22/2016,ARA,LA,ASW,CE,Federal Contract Tower,0,0,5,0,5,0,0,5,0,5,0,0,10,0,10,6,0,6,16
12/23/2016,ARA,LA,ASW,CE,Federal Contract Tower,0,0,1,0,1,0,0,8,0,8,0,0,9,0,9,24,0,24,33
12/24/2016,ARA,LA,ASW,CE,Federal Contract Tower,0,0,0,0,0,0,8,18,0,26,0,8,18,0,26,58,0,58,84
12/25/2016,ARA,LA,ASW,CE,Federal Contract Tower,0,0,2,0,2,0,2,5,0,7,0,2,7,0,9,6,0,6,15
12/26/2016,ARA,LA,ASW,CE,Federal Contract Tower,0,0,5,0,5,0,0,12,0,12,0,0,17,0,17,23,0,23,40
12/27/2016,ARA,LA,ASW,CE,Federal Contract Tower,0,0,5,0,5,0,2,4,0,6,0,2,9,0,11,4,0,4,15
12/28/2016,ARA,LA,ASW,CE,Federal Contract Tower,0,0,4,5,9,0,2,7,0,9,0,2,11,5,18,12,0,12,30
12/29/2016,ARA,LA,ASW,CE,Federal Contract Tower,0,0,2,3,5,0,0,18,0,18,0,0,20,3,23,0,0,0,23
12/30/2016,ARA,LA,ASW,CE,Federal Contract Tower,0,0,6,3,9,0,9,25,1,35,0,9,31,4,44,40,6,46,90
12/31/2016,ARA,LA,ASW,CE,Federal Contract Tower,0,0,2,0,2,0,0,2,0,2,0,0,4,0,4,0,0,0,4
01/01/2017,ARA,LA,ASW,CE,Federal Contract Tower,0,0,0,0,0,0,0,0,0,0,0,0,0,0,0,0,0,0,0
01/02/2017,ARA,LA,ASW,CE,Federal Contract Tower,0,0,0,0,0,0,0,4,0,4,0,0,4,0,4,20,0,20,24
01/03/2017,ARA,LA,ASW,CE,Federal Contract Tower,0,0,3,6,9,0,5,33,4,42,0,5,36,10,51,122,0,122,173
01/04/2017,ARA,LA,ASW,CE,Federal Contract Tower,1,4,10,1,16,0,6,35,0,41,1,10,45,1,57,189,0,189,246
01/05/2017,ARA,LA,ASW,CE,Federal Contract Tower,1,3,5,2,11,0,3,41,1,45,1,6,46,3,56,158,0,158,214
01/06/2017,ARA,LA,ASW,CE,Federal Contract Tower,0,1,1,2,4,0,2,0,0,2,0,3,1,2,6,0,0,0,6
01/07/2017,ARA,LA,ASW,CE,Federal Contract Tower,0,0,10,6,16,0,6,15,2,23,0,6,25,8,39,44,2,46,85
01/08/2017,ARA,LA,ASW,CE,Federal Contract Tower,0,1,3,0,4,0,13,15,2,30,0,14,18,2,34,106,10,116,150
01/09/2017,ARA,LA,ASW,CE,Federal Contract Tower,1,2,2,5,10,0,3,31,6,40,1,5,33,11,50,74,16,90,140
01/10/2017,ARA,LA,ASW,CE,Federal Contract Tower,0,0,6,5,11,0,7,16,5,28,0,7,22,10,39,108,20,128,167
01/11/2017,ARA,LA,ASW,CE,Federal Contract Tower,1,1,2,8,12,0,8,30,8,46,1,9,32,16,58,200,10,210,268
01/12/2017,ARA,LA,ASW,CE,Federal Contract Tower,0,3,3,5,11,0,13,35,8,56,0,16,38,13,67,160,8,168,235
01/13/2017,ARA,LA,ASW,CE,Federal Contract Tower,1,0,3,1,5,0,4,21,0,25,1,4,24,1,30,64,0,64,94
01/14/2017,ARA,LA,ASW,CE,Federal Contract Tower,0,0,3,7,10,0,2,18,0,20,0,2,21,7,30,16,0,16,46
01/15/2017,ARA,LA,ASW,CE,Federal Contract Tower,0,2,2,9,13,0,1,8,1,10,0,3,10,10,23,20,0,20,43
01/16/2017,ARA,LA,ASW,CE,Federal Contract Tower,1,0,6,4,11,0,11,6,1,18,1,11,12,5,29,80,2,82,111
01/17/2017,ARA,LA,ASW,CE,Federal Contract Tower,0,3,11,5,19,0,13,14,0,27,0,16,25,5,46,198,0,198,244
01/18/2017,ARA,LA,ASW,CE,Federal Contract Tower,2,0,3,1,6,0,12,15,1,28,2,12,18,2,34,150,0,150,184
01/19/2017,ARA,LA,ASW,CE,Federal Contract Tower,2,0,0,0,2,0,0,2,0,2,2,0,2,0,4,0,0,0,4
01/20/2017,ARA,LA,ASW,CE,Federal Contract Tower,0,1,7,4,12,0,17,14,0,31,0,18,21,4,43,142,0,142,185
01/21/2017,ARA,LA,ASW,CE,Federal Contract Tower,0,2,3,4,9,0,10,11,0,21,0,12,14,4,30,122,0,122,152
01/22/2017,ARA,LA,ASW,CE,Federal Contract Tower,0,0,2,0,2,0,9,0,0,9,0,9,2,0,11,78,0,78,89
01/23/2017,ARA,LA,ASW,CE,Federal Contract Tower,0,0,6,4,10,0,6,39,1,46,0,6,45,5,56,88,8,96,152
01/24/2017,ARA,LA,ASW,CE,Federal Contract Tower,0,0,10,9,19,0,9,38,2,49,0,9,48,11,68,224,0,224,292
01/25/2017,ARA,LA,ASW,CE,Federal Contract Tower,0,0,6,2,8,0,3,41,2,46,0,3,47,4,54,66,0,66,120
01/26/2017,ARA,LA,ASW,CE,Federal Contract Tower,2,2,3,9,16,0,4,34,3,41,2,6,37,12,57,142,2,144,201
01/27/2017,ARA,LA,ASW,CE,Federal Contract Tower,2,0,8,8,18,0,7,35,6,48,2,7,43,14,66,52,4,56,122
01/28/2017,ARA,LA,ASW,CE,Federal Contract Tower,0,0,7,6,13,0,12,25,0,37,0,12,32,6,50,80,0,80,130
01/29/2017,ARA,LA,ASW,CE,Federal Contract Tower,0,0,10,2,12,0,5,17,0,22,0,5,27,2,34,54,0,54,88
01/30/2017,ARA,LA,ASW,CE,Federal Contract Tower,0,0,3,8,11,0,10,33,4,47,0,10,36,12,58,132,18,150,208
01/31/2017,ARA,LA,ASW,CE,Federal Contract Tower,0,0,9,15,24,0,4,32,1,37,0,4,41,16,61,76,20,96,157
02/01/2017,ARA,LA,ASW,CE,Federal Contract Tower,0,0,3,7,10,0,7,38,2,47,0,7,41,9,57,140,0,140,197
02/02/2017,ARA,LA,ASW,CE,Federal Contract Tower,0,0,4,6,10,0,19,22,0,41,0,19,26,6,51,136,6,142,193
02/03/2017,ARA,LA,ASW,CE,Federal Contract Tower,0,2,6,10,18,0,9,11,0,20,0,11,17,10,38,56,0,56,94
02/04/2017,ARA,LA,ASW,CE,Federal Contract Tower,3,0,6,0,9,0,24,25,2,51,3,24,31,2,60,114,0,114,174
02/05/2017,ARA,LA,ASW,CE,Federal Contract Tower,2,0,2,0,4,0,11,20,0,31,2,11,22,0,35,64,0,64,99
02/06/2017,ARA,LA,ASW,CE,Federal Contract Tower,0,0,4,8,12,0,5,17,3,25,0,5,21,11,37,90,4,94,131
02/07/2017,ARA,LA,ASW,CE,Federal Contract Tower,0,0,0,2,2,0,9,3,0,12,0,9,3,2,14,18,0,18,32
02/08/2017,ARA,LA,ASW,CE,Federal Contract Tower,0,0,2,5,7,0,14,42,0,56,0,14,44,5,63,210,0,210,273
02/09/2017,ARA,LA,ASW,CE,Federal Contract Tower,0,0,10,1,11,0,18,40,4,62,0,18,50,5,73,140,2,142,215
02/10/2017,ARA,LA,ASW,CE,Federal Contract Tower,0,0,4,5,9,0,6,43,2,51,0,6,47,7,60,124,4,128,188
02/11/2017,ARA,LA,ASW,CE,Federal Contract Tower,2,0,8,0,10,0,10,27,0,37,2,10,35,0,47,94,0,94,141
02/12/2017,ARA,LA,ASW,CE,Federal Contract Tower,2,0,2,8,12,0,17,11,0,28,2,17,13,8,40,152,0,152,192
02/13/2017,ARA,LA,ASW,CE,Federal Contract Tower,0,0,7,12,19,0,16,24,0,40,0,16,31,12,59,116,0,116,175
02/14/2017,ARA,LA,ASW,CE,Federal Contract Tower,0,0,1,0,1,0,43,7,0,50,0,43,8,0,51,104,0,104,155
02/15/2017,ARA,LA,ASW,CE,Federal Contract Tower,0,2,3,14,19,0,32,40,2,74,0,34,43,16,93,264,4,268,361
02/16/2017,ARA,LA,ASW,CE,Federal Contract Tower,0,0,10,4,14,0,16,47,0,63,0,16,57,4,77,166,0,166,243
02/17/2017,ARA,LA,ASW,CE,Federal Contract Tower,0,0,5,0,5,0,18,19,0,37,0,18,24,0,42,98,0,98,140
02/18/2017,ARA,LA,ASW,CE,Federal Contract Tower,0,4,1,0,5,0,17,7,0,24,0,21,8,0,29,92,0,92,121
02/19/2017,ARA,LA,ASW,CE,Federal Contract Tower,3,0,2,0,5,0,10,10,1,21,3,10,12,1,26,90,0,90,116
02/20/2017,ARA,LA,ASW,CE,Federal Contract Tower,0,0,2,0,2,0,14,10,0,24,0,14,12,0,26,152,0,152,178
02/21/2017,ARA,LA,ASW,CE,Federal Contract Tower,0,1,6,3,10,0,47,15,0,62,0,48,21,3,72,116,0,116,188
02/22/2017,ARA,LA,ASW,CE,Federal Contract Tower,0,0,11,20,31,0,29,37,4,70,0,29,48,24,101,284,12,296,397
02/23/2017,ARA,LA,ASW,CE,Federal Contract Tower,0,0,13,6,19,0,35,23,0,58,0,35,36,6,77,48,0,48,125
02/24/2017,ARA,LA,ASW,CE,Federal Contract Tower,0,0,7,12,19,0,28,37,1,66,0,28,44,13,85,46,2,48,133
02/25/2017,ARA,LA,ASW,CE,Federal Contract Tower,0,0,7,4,11,0,16,38,3,57,0,16,45,7,68,114,18,132,200
02/26/2017,ARA,LA,ASW,CE,Federal Contract Tower,0,0,6,2,8,10,24,14,2,50,10,24,20,4,58,146,0,146,204
02/27/2017,ARA,LA,ASW,CE,Federal Contract Tower,0,1,0,0,1,0,18,0,0,18,0,19,0,0,19,44,0,44,63
02/28/2017,ARA,LA,ASW,CE,Federal Contract Tower,0,3,3,0,6,0,33,0,0,33,0,36,3,0,39,16,0,16,55
03/01/2017,ARA,LA,ASW,CE,Federal Contract Tower,0,0,3,3,6,0,24,15,7,46,0,24,18,10,52,120,0,120,172
03/02/2017,ARA,LA,ASW,CE,Federal Contract Tower,4,0,3,10,17,0,28,33,2,63,4,28,36,12,80,100,2,102,182
03/03/2017,ARA,LA,ASW,CE,Federal Contract Tower,0,0,4,8,12,0,14,50,3,67,0,14,54,11,79,140,6,146,225
03/04/2017,ARA,LA,ASW,CE,Federal Contract Tower,0,0,2,0,2,0,27,15,0,42,0,27,17,0,44,68,0,68,112
03/05/2017,ARA,LA,ASW,CE,Federal Contract Tower,0,0,6,0,6,0,17,2,0,19,0,17,8,0,25,72,0,72,97
03/06/2017,ARA,LA,ASW,CE,Federal Contract Tower,2,0,1,7,10,0,20,18,1,39,2,20,19,8,49,56,0,56,105
03/07/2017,ARA,LA,ASW,CE,Federal Contract Tower,0,0,1,6,7,0,31,5,0,36,0,31,6,6,43,60,0,60,103
03/08/2017,ARA,LA,ASW,CE,Federal Contract Tower,1,0,11,9,21,0,33,40,1,74,1,33,51,10,95,114,4,118,213
03/09/2017,ARA,LA,ASW,CE,Federal Contract Tower,0,0,8,4,12,0,32,80,6,118,0,32,88,10,130,230,10,240,370
03/10/2017,ARA,LA,ASW,CE,Federal Contract Tower,0,0,9,6,15,0,8,20,0,28,0,8,29,6,43,54,0,54,97
03/11/2017,ARA,LA,ASW,CE,Federal Contract Tower,3,0,1,0,4,0,22,3,0,25,3,22,4,0,29,56,0,56,85
03/12/2017,ARA,LA,ASW,CE,Federal Contract Tower,0,1,4,4,9,0,10,8,0,18,0,11,12,4,27,46,0,46,73
03/13/2017,ARA,LA,ASW,CE,Federal Contract Tower,0,0,9,9,18,0,23,25,1,49,0,23,34,10,67,126,2,128,195
03/14/2017,ARA,LA,ASW,CE,Federal Contract Tower,2,0,24,10,36,0,39,42,11,92,2,39,66,21,128,74,14,88,216
03/15/2017,ARA,LA,ASW,CE,Federal Contract Tower,0,1,2,7,10,0,30,37,9,76,0,31,39,16,86,116,0,116,202
03/16/2017,ARA,LA,ASW,CE,Federal Contract Tower,0,1,3,14,18,0,16,19,6,41,0,17,22,20,59,24,8,32,91
03/17/2017,ARA,LA,ASW,CE,Federal Contract Tower,0,0,7,6,13,0,19,23,3,45,0,19,30,9,58,72,0,72,130
03/18/2017,ARA,LA,ASW,CE,Federal Contract Tower,1,0,4,1,6,0,26,24,2,52,1,26,28,3,58,12,6,18,76
03/19/2017,ARA,LA,ASW,CE,Federal Contract Tower,0,1,6,0,7,0,11,17,0,28,0,12,23,0,35,18,0,18,53
03/20/2017,ARA,LA,ASW,CE,Federal Contract Tower,0,1,4,11,16,0,19,18,1,38,0,20,22,12,54,202,16,218,272
03/21/2017,ARA,LA,ASW,CE,Federal Contract Tower,0,0,5,13,18,0,47,23,2,72,0,47,28,15,90,72,2,74,164
03/22/2017,ARA,LA,ASW,CE,Federal Contract Tower,0,0,6,8,14,0,34,28,2,64,0,34,34,10,78,156,0,156,234
03/23/2017,ARA,LA,ASW,CE,Federal Contract Tower,0,2,3,8,13,0,28,37,8,73,0,30,40,16,86,158,14,172,258
03/24/2017,ARA,LA,ASW,CE,Federal Contract Tower,0,0,5,2,7,0,23,14,5,42,0,23,19,7,49,38,4,42,91
03/25/2017,ARA,LA,ASW,CE,Federal Contract Tower,1,0,2,0,3,0,20,12,0,32,1,20,14,0,35,50,0,50,85
03/26/2017,ARA,LA,ASW,CE,Federal Contract Tower,0,0,2,3,5,0,15,18,1,34,0,15,20,4,39,94,0,94,133
03/27/2017,ARA,LA,ASW,CE,Federal Contract Tower,0,0,6,9,15,0,14,16,1,31,0,14,22,10,46,40,16,56,102
03/28/2017,ARA,LA,ASW,CE,Federal Contract Tower,2,0,10,11,23,0,28,30,2,60,2,28,40,13,83,38,2,40,123
03/29/2017,ARA,LA,ASW,CE,Federal Contract Tower,2,0,2,2,6,0,27,22,0,49,2,27,24,2,55,70,0,70,125
03/30/2017,ARA,LA,ASW,CE,Federal Contract Tower,0,0,3,1,4,0,22,8,3,33,0,22,11,4,37,46,0,46,83
03/31/2017,ARA,LA,ASW,CE,Federal Contract Tower,0,0,2,17,19,0,31,30,10,71,0,31,32,27,90,48,2,50,140
04/01/2017,ARA,LA,ASW,CE,Federal Contract Tower,0,0,2,11,13,0,45,21,0,66,0,45,23,11,79,88,0,88,167
04/02/2017,ARA,LA,ASW,CE,Federal Contract Tower,0,0,2,0,2,0,12,3,0,15,0,12,5,0,17,20,0,20,37
04/03/2017,ARA,LA,ASW,CE,Federal Contract Tower,0,2,7,4,13,0,38,25,0,63,0,40,32,4,76,240,0,240,316
04/04/2017,ARA,LA,ASW,CE,Federal Contract Tower,0,0,13,6,19,0,46,42,1,89,0,46,55,7,108,130,0,130,238
04/05/2017,ARA,LA,ASW,CE,Federal Contract Tower,1,0,7,7,15,0,83,20,9,112,1,83,27,16,127,150,6,156,283
04/06/2017,ARA,LA,ASW,CE,Federal Contract Tower,0,0,11,13,24,0,60,45,7,112,0,60,56,20,136,178,0,178,314
04/07/2017,ARA,LA,ASW,CE,Federal Contract Tower,3,1,11,27,42,0,41,33,3,77,3,42,44,30,119,128,8,136,255
04/08/2017,ARA,LA,ASW,CE,Federal Contract Tower,1,0,4,3,8,6,31,31,0,68,7,31,35,3,76,74,0,74,150
04/09/2017,ARA,LA,ASW,CE,Federal Contract Tower,0,0,3,5,8,0,16,27,2,45,0,16,30,7,53,36,4,40,93
04/10/2017,ARA,LA,ASW,CE,Federal Contract Tower,0,0,8,6,14,0,29,53,2,84,0,29,61,8,98,144,4,148,246
04/11/2017,ARA,LA,ASW,CE,Federal Contract Tower,0,0,4,2,6,0,86,25,1,112,0,86,29,3,118,216,16,232,350
04/12/2017,ARA,LA,ASW,CE,Federal Contract Tower,0,0,11,12,23,0,79,32,17,128,0,79,43,29,151,324,4,328,479
04/13/2017,ARA,LA,ASW,CE,Federal Contract Tower,0,1,9,9,19,0,88,35,4,127,0,89,44,13,146,178,0,178,324
04/14/2017,ARA,LA,ASW,CE,Federal Contract Tower,0,2,3,5,10,0,57,16,0,73,0,59,19,5,83,60,0,60,143
04/15/2017,ARA,LA,ASW,CE,Federal Contract Tower,2,0,1,0,3,0,33,16,0,49,2,33,17,0,52,38,0,38,90
04/16/2017,ARA,LA,ASW,CE,Federal Contract Tower,1,0,1,0,2,0,37,4,0,41,1,37,5,0,43,30,0,30,73
04/17/2017,ARA,LA,ASW,CE,Federal Contract Tower,0,0,5,0,5,0,37,5,0,42,0,37,10,0,47,54,0,54,101
04/18/2017,ARA,LA,ASW,CE,Federal Contract Tower,0,0,10,2,12,0,63,26,1,90,0,63,36,3,102,96,0,96,198
04/19/2017,ARA,LA,ASW,CE,Federal Contract Tower,0,2,10,9,21,0,64,60,0,124,0,66,70,9,145,178,2,180,325
04/20/2017,ARA,LA,ASW,CE,Federal Contract Tower,0,1,3,10,14,0,42,22,0,64,0,43,25,10,78,100,0,100,178
04/21/2017,ARA,LA,ASW,CE,Federal Contract Tower,0,0,3,6,9,0,34,34,0,68,0,34,37,6,77,100,0,100,177
04/22/2017,ARA,LA,ASW,CE,Federal Contract Tower,0,0,3,0,3,0,32,19,0,51,0,32,22,0,54,44,0,44,98
04/23/2017,ARA,LA,ASW,CE,Federal Contract Tower,2,0,12,5,19,0,40,11,0,51,2,40,23,5,70,46,0,46,116
04/24/2017,ARA,LA,ASW,CE,Federal Contract Tower,2,0,11,23,36,0,61,34,6,101,2,61,45,29,137,108,0,108,245
04/25/2017,ARA,LA,ASW,CE,Federal Contract Tower,0,0,8,4,12,0,79,25,2,106,0,79,33,6,118,108,0,108,226
04/26/2017,ARA,LA,ASW,CE,Federal Contract Tower,0,0,3,10,13,0,69,7,0,76,0,69,10,10,89,70,0,70,159
04/27/2017,ARA,LA,ASW,CE,Federal Contract Tower,0,0,7,14,21,0,56,32,6,94,0,56,39,20,115,100,6,106,221
04/28/2017,ARA,LA,ASW,CE,Federal Contract Tower,0,0,9,9,18,0,21,4,1,26,0,21,13,10,44,24,0,24,68
04/29/2017,ARA,LA,ASW,CE,Federal Contract Tower,0,0,7,0,7,0,41,2,0,43,0,41,9,0,50,0,0,0,50
04/30/2017,ARA,LA,ASW,CE,Federal Contract Tower,0,0,10,21,31,0,23,8,0,31,0,23,18,21,62,62,2,64,126
05/01/2017,ARA,LA,ASW,CE,Federal Contract Tower,2,0,5,12,19,0,58,35,4,97,2,58,40,16,116,100,6,106,222
05/02/2017,ARA,LA,ASW,CE,Federal Contract Tower,3,0,10,3,16,0,84,23,4,111,3,84,33,7,127,260,6,266,393
05/03/2017,ARA,LA,ASW,CE,Federal Contract Tower,0,0,0,0,0,0,26,0,0,26,0,26,0,0,26,0,0,0,26
05/04/2017,ARA,LA,ASW,CE,Federal Contract Tower,0,0,10,2,12,0,81,12,4,97,0,81,22,6,109,98,0,98,207
05/05/2017,ARA,LA,ASW,CE,Federal Contract Tower,0,0,11,18,29,0,30,30,1,61,0,30,41,19,90,98,0,98,188
05/06/2017,ARA,LA,ASW,CE,Federal Contract Tower,0,0,4,0,4,0,31,31,0,62,0,31,35,0,66,64,0,64,130
05/07/2017,ARA,LA,ASW,CE,Federal Contract Tower,0,0,2,5,7,0,59,23,1,83,0,59,25,6,90,146,2,148,238
05/08/2017,ARA,LA,ASW,CE,Federal Contract Tower,0,0,3,2,5,0,42,47,4,93,0,42,50,6,98,108,4,112,210
05/09/2017,ARA,LA,ASW,CE,Federal Contract Tower,1,1,5,10,17,0,68,38,0,106,1,69,43,10,123,140,4,144,267
05/10/2017,ARA,LA,ASW,CE,Federal Contract Tower,0,1,6,4,11,0,60,53,7,120,0,61,59,11,131,108,6,114,245
05/11/2017,ARA,LA,ASW,CE,Federal Contract Tower,0,0,7,10,17,0,67,25,8,100,0,67,32,18,117,76,2,78,195
05/12/2017,ARA,LA,ASW,CE,Federal Contract Tower,1,0,3,0,4,0,26,13,0,39,1,26,16,0,43,102,0,102,145
05/13/2017,ARA,LA,ASW,CE,Federal Contract Tower,0,0,5,0,5,0,45,17,0,62,0,45,22,0,67,112,0,112,179
05/14/2017,ARA,LA,ASW,CE,Federal Contract Tower,0,0,2,0,2,0,42,11,0,53,0,42,13,0,55,50,0,50,105
05/15/2017,ARA,LA,ASW,CE,Federal Contract Tower,1,0,8,4,13,0,54,48,0,102,1,54,56,4,115,168,4,172,287
05/16/2017,ARA,LA,ASW,CE,Federal Contract Tower,0,4,7,12,23,0,94,42,0,136,0,98,49,12,159,90,8,98,257
05/17/2017,ARA,LA,ASW,CE,Federal Contract Tower,0,0,2,10,12,0,63,37,3,103,0,63,39,13,115,134,0,134,249
05/18/2017,ARA,LA,ASW,CE,Federal Contract Tower,0,0,1,4,5,0,37,45,0,82,0,37,46,4,87,142,0,142,229
05/19/2017,ARA,LA,ASW,CE,Federal Contract Tower,0,0,3,3,6,0,34,23,1,58,0,34,26,4,64,60,0,60,124
05/20/2017,ARA,LA,ASW,CE,Federal Contract Tower,0,0,0,0,0,0,26,21,1,48,0,26,21,1,48,32,0,32,80
05/21/2017,ARA,LA,ASW,CE,Federal Contract Tower,1,0,4,0,5,0,22,16,0,38,1,22,20,0,43,40,0,40,83
05/22/2017,ARA,LA,ASW,CE,Federal Contract Tower,0,1,3,0,4,0,19,0,0,19,0,20,3,0,23,52,0,52,75
05/23/2017,ARA,LA,ASW,CE,Federal Contract Tower,1,3,6,0,10,0,59,24,0,83,1,62,30,0,93,138,0,138,231
05/24/2017,ARA,LA,ASW,CE,Federal Contract Tower,0,0,7,7,14,0,62,48,0,110,0,62,55,7,124,62,0,62,186
05/25/2017,ARA,LA,ASW,CE,Federal Contract Tower,1,0,8,6,15,0,61,50,1,112,1,61,58,7,127,74,0,74,201
05/26/2017,ARA,LA,ASW,CE,Federal Contract Tower,0,0,3,0,3,0,37,24,0,61,0,37,27,0,64,80,0,80,144
05/27/2017,ARA,LA,ASW,CE,Federal Contract Tower,0,0,7,0,7,0,27,17,0,44,0,27,24,0,51,0,0,0,51
05/28/2017,ARA,LA,ASW,CE,Federal Contract Tower,0,0,3,0,3,0,24,8,0,32,0,24,11,0,35,0,0,0,35
05/29/2017,ARA,LA,ASW,CE,Federal Contract Tower,0,0,2,6,8,0,44,8,0,52,0,44,10,6,60,14,8,22,82
05/30/2017,ARA,LA,ASW,CE,Federal Contract Tower,0,0,5,0,5,0,14,2,0,16,0,14,7,0,21,0,0,0,21
05/31/2017,ARA,LA,ASW,CE,Federal Contract Tower,1,9,1,0,11,0,41,2,0,43,1,50,3,0,54,44,0,44,98
06/01/2017,ARA,LA,ASW,CE,Federal Contract Tower,0,0,2,1,3,0,55,11,0,66,0,55,13,1,69,74,0,74,143
06/02/2017,ARA,LA,ASW,CE,Federal Contract Tower,0,0,3,4,7,0,39,20,2,61,0,39,23,6,68,62,0,62,130
06/03/2017,ARA,LA,ASW,CE,Federal Contract Tower,0,0,1,0,1,0,33,15,4,52,0,33,16,4,53,92,0,92,145
06/04/2017,ARA,LA,ASW,CE,Federal Contract Tower,1,0,5,0,6,0,24,8,0,32,1,24,13,0,38,16,0,16,54
06/05/2017,ARA,LA,ASW,CE,Federal Contract Tower,0,1,4,0,5,0,26,4,0,30,0,27,8,0,35,0,0,0,35
06/06/2017,ARA,LA,ASW,CE,Federal Contract Tower,0,1,3,0,4,0,58,0,0,58,0,59,3,0,62,58,0,58,120
06/07/2017,ARA,LA,ASW,CE,Federal Contract Tower,0,1,6,7,14,0,77,46,1,124,0,78,52,8,138,110,8,118,256
06/08/2017,ARA,LA,ASW,CE,Federal Contract Tower,0,0,3,18,21,0,72,29,8,109,0,72,32,26,130,20,4,24,154
06/09/2017,ARA,LA,ASW,CE,Federal Contract Tower,0,0,6,16,22,0,32,48,3,83,0,32,54,19,105,132,14,146,251
06/10/2017,ARA,LA,ASW,CE,Federal Contract Tower,0,0,3,2,5,0,35,46,1,82,0,35,49,3,87,46,2,48,135
06/11/2017,ARA,LA,ASW,CE,Federal Contract Tower,0,0,2,5,7,0,24,4,0,28,0,24,6,5,35,32,0,32,67
06/12/2017,ARA,LA,ASW,CE,Federal Contract Tower,0,1,3,2,6,0,28,9,0,37,0,29,12,2,43,42,0,42,85
06/13/2017,ARA,LA,ASW,CE,Federal Contract Tower,0,0,4,0,4,0,48,17,0,65,0,48,21,0,69,90,0,90,159
06/14/2017,ARA,LA,ASW,CE,Federal Contract Tower,0,0,8,7,15,0,55,34,0,89,0,55,42,7,104,82,0,82,186
06/15/2017,ARA,LA,ASW,CE,Federal Contract Tower,0,0,10,1,11,0,33,36,0,69,0,33,46,1,80,56,0,56,136
06/16/2017,ARA,LA,ASW,CE,Federal Contract Tower,0,0,1,4,5,0,27,35,0,62,0,27,36,4,67,96,4,100,167
06/17/2017,ARA,LA,ASW,CE,Federal Contract Tower,0,0,1,12,13,0,20,14,1,35,0,20,15,13,48,56,8,64,112
06/18/2017,ARA,LA,ASW,CE,Federal Contract Tower,0,0,0,0,0,0,21,14,0,35,0,21,14,0,35,4,0,4,39
06/19/2017,ARA,LA,ASW,CE,Federal Contract Tower,0,0,10,3,13,0,42,32,0,74,0,42,42,3,87,96,0,96,183
06/20/2017,ARA,LA,ASW,CE,Federal Contract Tower,0,0,1,2,3,0,46,12,0,58,0,46,13,2,61,84,0,84,145
06/21/2017,ARA,LA,ASW,CE,Federal Contract Tower,0,1,0,0,1,0,22,0,0,22,0,23,0,0,23,0,0,0,23
06/22/2017,ARA,LA,ASW,CE,Federal Contract Tower,0,6,0,0,6,0,89,0,4,93,0,95,0,4,99,0,0,0,99
06/23/2017,ARA,LA,ASW,CE,Federal Contract Tower,0,1,0,4,5,0,25,11,0,36,0,26,11,4,41,100,0,100,141
06/24/2017,ARA,LA,ASW,CE,Federal Contract Tower,0,0,1,0,1,0,27,12,0,39,0,27,13,0,40,52,0,52,92
06/25/2017,ARA,LA,ASW,CE,Federal Contract Tower,0,4,8,0,12,0,26,0,0,26,0,30,8,0,38,0,0,0,38
06/26/2017,ARA,LA,ASW,CE,Federal Contract Tower,0,0,4,2,6,0,42,26,0,68,0,42,30,2,74,84,0,84,158
06/27/2017,ARA,LA,ASW,CE,Federal Contract Tower,0,0,10,4,14,0,72,27,0,99,0,72,37,4,113,36,0,36,149
06/28/2017,ARA,LA,ASW,CE,Federal Contract Tower,0,0,4,2,6,0,15,15,1,31,0,15,19,3,37,24,2,26,63
06/29/2017,ARA,LA,ASW,CE,Federal Contract Tower,0,4,5,5,14,0,35,17,0,52,0,39,22,5,66,56,0,56,122
06/30/2017,ARA,LA,ASW,CE,Federal Contract Tower,0,3,9,2,14,0,42,23,0,65,0,45,32,2,79,16,0,16,95
07/01/2017,ARA,LA,ASW,CE,Federal Contract Tower,0,7,7,0,14,0,34,20,0,54,0,41,27,0,68,4,0,4,72
07/02/2017,ARA,LA,ASW,CE,Federal Contract Tower,0,1,2,0,3,0,31,16,0,47,0,32,18,0,50,80,0,80,130
07/03/2017,ARA,LA,ASW,CE,Federal Contract Tower,0,0,2,0,2,0,39,22,0,61,0,39,24,0,63,64,0,64,127
07/04/2017,ARA,LA,ASW,CE,Federal Contract Tower,0,0,1,0,1,0,63,12,0,75,0,63,13,0,76,82,0,82,158
07/05/2017,ARA,LA,ASW,CE,Federal Contract Tower,0,0,8,6,14,0,42,27,7,76,0,42,35,13,90,26,4,30,120
07/06/2017,ARA,LA,ASW,CE,Federal Contract Tower,0,0,4,4,8,0,40,25,5,70,0,40,29,9,78,30,0,30,108
07/07/2017,ARA,LA,ASW,CE,Federal Contract Tower,0,0,5,1,6,0,23,24,1,48,0,23,29,2,54,56,0,56,110
07/08/2017,ARA,LA,ASW,CE,Federal Contract Tower,0,0,1,0,1,0,35,19,1,55,0,35,20,1,56,76,10,86,142
07/09/2017,ARA,LA,ASW,CE,Federal Contract Tower,0,0,1,1,2,0,28,8,0,36,0,28,9,1,38,14,0,14,52
07/10/2017,ARA,LA,ASW,CE,Federal Contract Tower,0,0,1,0,1,0,52,15,0,67,0,52,16,0,68,108,0,108,176
07/11/2017,ARA,LA,ASW,CE,Federal Contract Tower,0,1,5,1,7,0,61,22,1,84,0,62,27,2,91,98,0,98,189
07/12/2017,ARA,LA,ASW,CE,Federal Contract Tower,0,0,4,1,5,0,49,31,1,81,0,49,35,2,86,146,0,146,232
07/13/2017,ARA,LA,ASW,CE,Federal Contract Tower,0,1,2,2,5,0,33,31,0,64,0,34,33,2,69,138,0,138,207
07/14/2017,ARA,LA,ASW,CE,Federal Contract Tower,0,0,5,0,5,0,22,23,2,47,0,22,28,2,52,112,0,112,164
07/15/2017,ARA,LA,ASW,CE,Federal Contract Tower,0,0,2,0,2,0,42,22,0,64,0,42,24,0,66,50,0,50,116
07/16/2017,ARA,LA,ASW,CE,Federal Contract Tower,0,0,6,0,6,0,22,7,0,29,0,22,13,0,35,30,0,30,65
07/17/2017,ARA,LA,ASW,CE,Federal Contract Tower,0,0,3,0,3,0,37,28,2,67,0,37,31,2,70,82,0,82,152
07/18/2017,ARA,LA,ASW,CE,Federal Contract Tower,0,2,3,3,8,0,51,16,0,67,0,53,19,3,75,54,0,54,129
07/19/2017,ARA,LA,ASW,CE,Federal Contract Tower,0,0,3,4,7,0,46,32,7,85,0,46,35,11,92,44,4,48,140
07/20/2017,ARA,LA,ASW,CE,Federal Contract Tower,0,0,7,1,8,0,48,19,5,72,0,48,26,6,80,22,0,22,102
07/21/2017,ARA,LA,ASW,CE,Federal Contract Tower,0,0,10,2,12,0,37,22,0,59,0,37,32,2,71,46,0,46,117
07/22/2017,ARA,LA,ASW,CE,Federal Contract Tower,0,0,2,0,2,0,22,14,0,36,0,22,16,0,38,0,0,0,38
07/23/2017,ARA,LA,ASW,CE,Federal Contract Tower,0,0,4,0,4,0,23,5,0,28,0,23,9,0,32,6,0,6,38
07/24/2017,ARA,LA,ASW,CE,Federal Contract Tower,0,0,7,0,7,0,35,8,0,43,0,35,15,0,50,0,0,0,50
07/25/2017,ARA,LA,ASW,CE,Federal Contract Tower,0,0,5,5,10,0,52,38,3,93,0,52,43,8,103,68,2,70,173
07/26/2017,ARA,LA,ASW,CE,Federal Contract Tower,0,0,5,4,9,0,50,19,0,69,0,50,24,4,78,72,10,82,160
07/27/2017,ARA,LA,ASW,CE,Federal Contract Tower,0,0,7,14,21,0,26,37,6,69,0,26,44,20,90,68,10,78,168
07/28/2017,ARA,LA,ASW,CE,Federal Contract Tower,0,0,3,4,7,0,51,23,2,76,0,51,26,6,83,88,4,92,175
07/29/2017,ARA,LA,ASW,CE,Federal Contract Tower,0,0,3,0,3,0,31,22,0,53,0,31,25,0,56,32,0,32,88
07/30/2017,ARA,LA,ASW,CE,Federal Contract Tower,0,1,1,0,2,0,53,29,0,82,0,54,30,0,84,98,0,98,182
07/31/2017,ARA,LA,ASW,CE,Federal Contract Tower,0,1,6,4,11,0,59,22,0,81,0,60,28,4,92,38,0,38,130
08/01/2017,ARA,LA,ASW,CE,Federal Contract Tower,1,0,8,7,16,0,69,31,1,101,1,69,39,8,117,46,2,48,165
08/02/2017,ARA,LA,ASW,CE,Federal Contract Tower,0,0,6,2,8,0,55,14,0,69,0,55,20,2,77,82,0,82,159
08/03/2017,ARA,LA,ASW,CE,Federal Contract Tower,0,3,3,0,6,0,41,6,0,47,0,44,9,0,53,4,0,4,57
08/04/2017,ARA,LA,ASW,CE,Federal Contract Tower,0,0,8,4,12,0,0,0,0,0,0,0,8,4,12,18,4,22,34
08/05/2017,ARA,LA,ASW,CE,Federal Contract Tower,0,1,4,0,5,0,37,9,0,46,0,38,13,0,51,18,0,18,69
08/06/2017,ARA,LA,ASW,CE,Federal Contract Tower,0,0,1,0,1,0,46,9,0,55,0,46,10,0,56,130,0,130,186
08/07/2017,ARA,LA,ASW,CE,Federal Contract Tower,0,0,3,0,3,0,33,15,0,48,0,33,18,0,51,118,0,118,169
08/08/2017,ARA,LA,ASW,CE,Federal Contract Tower,0,0,3,2,5,0,86,11,2,99,0,86,14,4,104,186,0,186,290
08/09/2017,ARA,LA,ASW,CE,Federal Contract Tower,0,0,5,4,9,0,67,27,0,94,0,67,32,4,103,214,0,214,317
08/10/2017,ARA,LA,ASW,CE,Federal Contract Tower,0,1,8,2,11,0,38,35,0,73,0,39,43,2,84,102,4,106,190
08/11/2017,ARA,LA,ASW,CE,Federal Contract Tower,0,1,2,0,3,0,37,40,0,77,0,38,42,0,80,116,0,116,196
08/12/2017,ARA,LA,ASW,CE,Federal Contract Tower,0,0,0,0,0,0,28,29,0,57,0,28,29,0,57,86,0,86,143
08/13/2017,ARA,LA,ASW,CE,Federal Contract Tower,1,0,6,0,7,0,34,35,0,69,1,34,41,0,76,100,0,100,176
08/14/2017,ARA,LA,ASW,CE,Federal Contract Tower,0,0,5,8,13,0,39,22,1,62,0,39,27,9,75,118,12,130,205
08/15/2017,ARA,LA,ASW,CE,Federal Contract Tower,1,0,3,2,6,0,58,25,0,83,1,58,28,2,89,114,0,114,203
08/16/2017,ARA,LA,ASW,CE,Federal Contract Tower,0,0,2,2,4,0,65,26,0,91,0,65,28,2,95,174,0,174,269
08/17/2017,ARA,LA,ASW,CE,Federal Contract Tower,0,0,5,2,7,0,54,50,1,105,0,54,55,3,112,158,0,158,270
08/18/2017,ARA,LA,ASW,CE,Federal Contract Tower,0,0,5,8,13,0,50,45,2,97,0,50,50,10,110,158,4,162,272
08/19/2017,ARA,LA,ASW,CE,Federal Contract Tower,0,0,6,0,6,0,38,30,0,68,0,38,36,0,74,70,2,72,146
08/20/2017,ARA,LA,ASW,CE,Federal Contract Tower,0,0,5,0,5,0,35,18,0,53,0,35,23,0,58,44,0,44,102
08/21/2017,ARA,LA,ASW,CE,Federal Contract Tower,0,0,2,8,10,0,45,43,0,88,0,45,45,8,98,172,0,172,270
08/22/2017,ARA,LA,ASW,CE,Federal Contract Tower,0,0,1,2,3,0,81,25,0,106,0,81,26,2,109,214,0,214,323
08/23/2017,ARA,LA,ASW,CE,Federal Contract Tower,0,0,2,13,15,0,77,30,4,111,0,77,32,17,126,254,6,260,386
08/24/2017,ARA,LA,ASW,CE,Federal Contract Tower,0,0,1,5,6,0,83,26,0,109,0,83,27,5,115,172,0,172,287
08/25/2017,ARA,LA,ASW,CE,Federal Contract Tower,0,2,1,0,3,0,27,33,0,60,0,29,34,0,63,138,0,138,201
08/26/2017,ARA,LA,ASW,CE,Federal Contract Tower,0,0,0,0,0,0,57,4,0,61,0,57,4,0,61,60,0,60,121
08/27/2017,ARA,LA,ASW,CE,Federal Contract Tower,1,0,0,1,2,0,32,2,2,36,1,32,2,3,38,18,0,18,56
08/28/2017,ARA,LA,ASW,CE,Federal Contract Tower,0,0,0,1,1,0,2,1,0,3,0,2,1,1,4,18,0,18,22
08/29/2017,ARA,LA,ASW,CE,Federal Contract Tower,0,2,0,2,4,0,38,1,2,41,0,40,1,4,45,10,0,10,55
08/31/2017,ARA,LA,ASW,CE,Federal Contract Tower,0,2,4,1,7,0,85,20,1,106,0,87,24,2,113,248,0,248,361
09/01/2017,ARA,LA,ASW,CE,Federal Contract Tower,1,1,3,0,5,0,37,52,0,89,1,38,55,0,94,278,0,278,372
09/02/2017,ARA,LA,ASW,CE,Federal Contract Tower,0,0,3,0,3,0,31,14,0,45,0,31,17,0,48,0,0,0,48
09/03/2017,ARA,LA,ASW,CE,Federal Contract Tower,0,0,2,0,2,0,36,21,0,57,0,36,23,0,59,74,0,74,133
09/04/2017,ARA,LA,ASW,CE,Federal Contract Tower,0,0,5,0,5,0,53,33,0,86,0,53,38,0,91,33,0,33,124
09/05/2017,ARA,LA,ASW,CE,Federal Contract Tower,1,2,4,3,10,0,66,40,2,108,1,68,44,5,118,274,0,274,392
09/06/2017,ARA,LA,ASW,CE,Federal Contract Tower,0,4,6,4,14,0,49,36,0,85,0,53,42,4,99,296,0,296,395
09/07/2017,ARA,LA,ASW,CE,Federal Contract Tower,0,1,5,6,12,0,60,56,7,123,0,61,61,13,135,286,0,286,421
09/08/2017,ARA,LA,ASW,CE,Federal Contract Tower,0,0,7,4,11,0,55,44,4,103,0,55,51,8,114,180,0,180,294
09/09/2017,ARA,LA,ASW,CE,Federal Contract Tower,0,0,0,4,4,0,27,48,0,75,0,27,48,4,79,148,0,148,227
09/10/2017,ARA,LA,ASW,CE,Federal Contract Tower,0,0,1,0,1,0,48,29,0,77,0,48,30,0,78,76,0,76,154
09/11/2017,ARA,LA,ASW,CE,Federal Contract Tower,0,0,7,2,9,0,68,24,1,93,0,68,31,3,102,184,0,184,286
09/12/2017,ARA,LA,ASW,CE,Federal Contract Tower,0,4,0,9,13,0,105,50,6,161,0,109,50,15,174,328,0,328,502
09/13/2017,ARA,LA,ASW,CE,Federal Contract Tower,0,0,5,9,14,0,77,40,3,120,0,77,45,12,134,192,0,192,326
09/14/2017,ARA,LA,ASW,CE,Federal Contract Tower,0,5,1,0,6,0,62,48,0,110,0,67,49,0,116,250,0,250,366
09/15/2017,ARA,LA,ASW,CE,Federal Contract Tower,0,0,4,13,17,0,44,23,2,69,0,44,27,15,86,98,6,104,190
09/16/2017,ARA,LA,ASW,CE,Federal Contract Tower,2,0,4,0,6,0,51,18,2,71,2,51,22,2,77,130,0,130,207
09/17/2017,ARA,LA,ASW,CE,Federal Contract Tower,0,0,5,1,6,0,38,20,1,59,0,38,25,2,65,54,0,54,119
09/18/2017,ARA,LA,ASW,CE,Federal Contract Tower,0,0,4,10,14,0,44,26,3,73,0,44,30,13,87,80,10,90,177
09/19/2017,ARA,LA,ASW,CE,Federal Contract Tower,1,0,7,2,10,0,78,23,0,101,1,78,30,2,111,76,0,76,187
09/20/2017,ARA,LA,ASW,CE,Federal Contract Tower,1,0,3,7,11,0,63,42,0,105,1,63,45,7,116,226,0,226,342
09/21/2017,ARA,LA,ASW,CE,Federal Contract Tower,0,0,8,5,13,0,56,29,3,88,0,56,37,8,101,242,0,242,343
09/22/2017,ARA,LA,ASW,CE,Federal Contract Tower,0,1,6,6,13,0,50,48,0,98,0,51,54,6,111,306,6,312,423
09/23/2017,ARA,LA,ASW,CE,Federal Contract Tower,0,0,3,0,3,0,45,20,0,65,0,45,23,0,68,88,0,88,156
09/24/2017,ARA,LA,ASW,CE,Federal Contract Tower,0,0,10,2,12,0,46,19,1,66,0,46,29,3,78,216,0,216,294
09/25/2017,ARA,LA,ASW,CE,Federal Contract Tower,0,0,6,14,20,0,76,27,1,104,0,76,33,15,124,254,0,254,378
09/26/2017,ARA,LA,ASW,CE,Federal Contract Tower,0,2,2,7,11,0,80,17,6,103,0,82,19,13,114,274,20,294,408
09/27/2017,ARA,LA,ASW,CE,Federal Contract Tower,0,0,6,9,15,0,78,37,2,117,0,78,43,11,132,94,0,94,226
09/28/2017,ARA,LA,ASW,CE,Federal Contract Tower,0,0,3,2,5,0,81,36,2,119,0,81,39,4,124,202,0,202,326
09/29/2017,ARA,LA,ASW,CE,Federal Contract Tower,0,2,6,4,12,0,65,43,2,110,0,67,49,6,122,208,0,208,330
09/30/2017,ARA,LA,ASW,CE,Federal Contract Tower,2,0,3,0,5,0,48,30,0,78,2,48,33,0,83,184,0,184,267
10/01/2017,ARA,LA,ASW,CE,Federal Contract Tower,0,0,1,0,1,0,45,28,0,73,0,45,29,0,74,104,0,104,178
10/02/2017,ARA,LA,ASW,CE,Federal Contract Tower,0,0,6,7,13,0,57,19,0,76,0,57,25,7,89,178,0,178,267
10/03/2017,ARA,LA,ASW,CE,Federal Contract Tower,0,0,5,4,9,0,79,21,0,100,0,79,26,4,109,132,6,138,247
10/04/2017,ARA,LA,ASW,CE,Federal Contract Tower,0,1,10,4,15,0,82,71,3,156,0,83,81,7,171,316,0,316,487
10/05/2017,ARA,LA,ASW,CE,Federal Contract Tower,0,0,3,10,13,0,71,30,0,101,0,71,33,10,114,108,0,108,222
10/06/2017,ARA,LA,ASW,CE,Federal Contract Tower,0,2,9,5,16,0,81,27,2,110,0,83,36,7,126,110,6,116,242
10/07/2017,ARA,LA,ASW,CE,Federal Contract Tower,0,11,2,1,14,0,10,4,1,15,0,21,6,2,29,26,0,26,55
10/08/2017,ARA,LA,ASW,CE,Federal Contract Tower,0,4,2,2,8,0,68,9,2,79,0,72,11,4,87,0,0,0,87
10/09/2017,ARA,LA,ASW,CE,Federal Contract Tower,1,0,5,0,6,0,54,7,0,61,1,54,12,0,67,26,0,26,93
10/10/2017,ARA,LA,ASW,CE,Federal Contract Tower,0,1,2,0,3,0,69,27,0,96,0,70,29,0,99,156,0,156,255
10/11/2017,ARA,LA,ASW,CE,Federal Contract Tower,0,0,8,2,10,0,92,29,0,121,0,92,37,2,131,230,2,232,363
10/12/2017,ARA,LA,ASW,CE,Federal Contract Tower,0,0,3,12,15,0,59,33,3,95,0,59,36,15,110,196,14,210,320
10/13/2017,ARA,LA,ASW,CE,Federal Contract Tower,2,0,5,6,13,0,43,30,1,74,2,43,35,7,87,56,0,56,143
10/14/2017,ARA,LA,ASW,CE,Federal Contract Tower,0,0,2,6,8,0,25,22,4,51,0,25,24,10,59,18,14,32,91
10/15/2017,ARA,LA,ASW,CE,Federal Contract Tower,0,0,8,0,8,0,46,9,0,55,0,46,17,0,63,42,0,42,105
10/16/2017,ARA,LA,ASW,CE,Federal Contract Tower,0,1,8,8,17,0,52,9,0,61,0,53,17,8,78,94,0,94,172
10/17/2017,ARA,LA,ASW,CE,Federal Contract Tower,0,1,10,4,15,0,75,14,2,91,0,76,24,6,106,136,0,136,242
10/18/2017,ARA,LA,ASW,CE,Federal Contract Tower,0,0,11,1,12,0,77,28,0,105,0,77,39,1,117,180,0,180,297
10/19/2017,ARA,LA,ASW,CE,Federal Contract Tower,0,0,8,2,10,0,56,31,0,87,0,56,39,2,97,138,0,138,235
10/20/2017,ARA,LA,ASW,CE,Federal Contract Tower,0,1,11,0,12,0,28,54,0,82,0,29,65,0,94,182,0,182,276
10/21/2017,ARA,LA,ASW,CE,Federal Contract Tower,0,0,1,0,1,0,35,11,0,46,0,35,12,0,47,88,0,88,135
10/22/2017,ARA,LA,ASW,CE,Federal Contract Tower,0,0,5,0,5,0,8,4,0,12,0,8,9,0,17,28,0,28,45
10/23/2017,ARA,LA,ASW,CE,Federal Contract Tower,0,0,7,11,18,0,58,20,4,82,0,58,27,15,100,156,16,172,272
10/24/2017,ARA,LA,ASW,CE,Federal Contract Tower,0,1,6,0,7,0,69,32,5,106,0,70,38,5,113,192,14,206,319
10/25/2017,ARA,LA,ASW,CE,Federal Contract Tower,0,0,13,2,15,0,80,36,1,117,0,80,49,3,132,58,2,60,192
10/26/2017,ARA,LA,ASW,CE,Federal Contract Tower,1,0,11,4,16,0,57,35,5,97,1,57,46,9,113,58,0,58,171
10/27/2017,ARA,LA,ASW,CE,Federal Contract Tower,0,0,5,6,11,0,38,12,0,50,0,38,17,6,61,110,0,110,171
10/28/2017,ARA,LA,ASW,CE,Federal Contract Tower,0,0,3,17,20,0,47,35,2,84,0,47,38,19,104,106,14,120,224
10/29/2017,ARA,LA,ASW,CE,Federal Contract Tower,0,0,4,0,4,0,35,37,0,72,0,35,41,0,76,60,0,60,136
10/30/2017,ARA,LA,ASW,CE,Federal Contract Tower,0,0,4,6,10,0,68,39,5,112,0,68,43,11,122,72,6,78,200
10/31/2017,ARA,LA,ASW,CE,Federal Contract Tower,0,0,4,5,9,0,81,29,4,114,0,81,33,9,123,226,0,226,349
11/01/2017,ARA,LA,ASW,CE,Federal Contract Tower,0,0,2,0,2,0,58,6,0,64,0,58,8,0,66,60,0,60,126
11/02/2017,ARA,LA,ASW,CE,Federal Contract Tower,0,2,10,4,16,0,52,26,3,81,0,54,36,7,97,118,0,118,215
11/03/2017,ARA,LA,ASW,CE,Federal Contract Tower,0,6,6,15,27,0,45,37,3,85,0,51,43,18,112,208,2,210,322
11/04/2017,ARA,LA,ASW,CE,Federal Contract Tower,0,0,2,2,4,0,49,11,0,60,0,49,13,2,64,6,0,6,70
11/05/2017,ARA,LA,ASW,CE,Federal Contract Tower,0,0,6,3,9,0,19,20,0,39,0,19,26,3,48,38,0,38,86
11/06/2017,ARA,LA,ASW,CE,Federal Contract Tower,0,0,6,13,19,0,36,37,2,75,0,36,43,15,94,90,4,94,188
11/07/2017,ARA,LA,ASW,CE,Federal Contract Tower,0,2,5,15,22,0,95,43,4,142,0,97,48,19,164,312,4,316,480
11/08/2017,ARA,LA,ASW,CE,Federal Contract Tower,0,7,8,4,19,0,64,22,0,86,0,71,30,4,105,342,0,342,447
11/09/2017,ARA,LA,ASW,CE,Federal Contract Tower,0,4,5,13,22,0,52,22,0,74,0,56,27,13,96,156,0,156,252
11/10/2017,ARA,LA,ASW,CE,Federal Contract Tower,0,2,17,0,19,0,34,47,0,81,0,36,64,0,100,104,0,104,204
11/11/2017,ARA,LA,ASW,CE,Federal Contract Tower,0,1,3,0,4,0,29,45,0,74,0,30,48,0,78,120,0,120,198
11/12/2017,ARA,LA,ASW,CE,Federal Contract Tower,1,1,9,0,11,0,35,13,0,48,1,36,22,0,59,90,0,90,149
11/13/2017,ARA,LA,ASW,CE,Federal Contract Tower,0,3,8,4,15,0,58,36,0,94,0,61,44,4,109,168,0,168,277
11/14/2017,ARA,LA,ASW,CE,Federal Contract Tower,0,0,10,7,17,0,90,32,0,122,0,90,42,7,139,258,0,258,397
11/15/2017,ARA,LA,ASW,CE,Federal Contract Tower,0,2,4,9,15,0,68,35,3,106,0,70,39,12,121,130,0,130,251
11/16/2017,ARA,LA,ASW,CE,Federal Contract Tower,0,2,7,0,9,0,60,22,0,82,0,62,29,0,91,300,0,300,391
11/17/2017,ARA,LA,ASW,CE,Federal Contract Tower,0,0,3,12,15,0,45,27,4,76,0,45,30,16,91,182,6,188,279
11/18/2017,ARA,LA,ASW,CE,Federal Contract Tower,0,0,1,0,1,0,41,10,0,51,0,41,11,0,52,108,0,108,160
11/19/2017,ARA,LA,ASW,CE,Federal Contract Tower,0,0,4,5,9,0,30,6,1,37,0,30,10,6,46,144,4,148,194
11/20/2017,ARA,LA,ASW,CE,Federal Contract Tower,0,0,3,5,8,0,62,21,1,84,0,62,24,6,92,254,8,262,354
11/21/2017,ARA,LA,ASW,CE,Federal Contract Tower,0,0,8,2,10,0,64,27,0,91,0,64,35,2,101,184,0,184,285
11/22/2017,ARA,LA,ASW,CE,Federal Contract Tower,0,0,3,0,3,0,65,24,0,89,0,65,27,0,92,96,0,96,188
11/23/2017,ARA,LA,ASW,CE,Federal Contract Tower,0,0,2,0,2,0,27,3,0,30,0,27,5,0,32,0,0,0,32
11/24/2017,ARA,LA,ASW,CE,Federal Contract Tower,0,0,4,0,4,0,30,36,0,66,0,30,40,0,70,60,0,60,130
11/25/2017,ARA,LA,ASW,CE,Federal Contract Tower,0,0,3,0,3,0,29,19,0,48,0,29,22,0,51,76,0,76,127
11/26/2017,ARA,LA,ASW,CE,Federal Contract Tower,0,0,9,0,9,0,27,25,0,52,0,27,34,0,61,98,0,98,159
11/27/2017,ARA,LA,ASW,CE,Federal Contract Tower,0,2,2,8,12,0,46,36,2,84,0,48,38,10,96,158,2,160,256
11/28/2017,ARA,LA,ASW,CE,Federal Contract Tower,0,0,4,4,8,0,50,28,8,86,0,50,32,12,94,136,4,140,234
11/29/2017,ARA,LA,ASW,CE,Federal Contract Tower,0,0,3,5,8,0,58,35,3,96,0,58,38,8,104,204,0,204,308
11/30/2017,ARA,LA,ASW,CE,Federal Contract Tower,0,1,16,0,17,0,39,22,2,63,0,40,38,2,80,200,0,200,280
12/01/2017,ARA,LA,ASW,CE,Federal Contract Tower,0,1,5,5,11,0,35,33,0,68,0,36,38,5,79,122,0,122,201
12/02/2017,ARA,LA,ASW,CE,Federal Contract Tower,0,6,6,4,16,0,9,11,0,20,0,15,17,4,36,2,0,2,38
12/03/2017,ARA,LA,ASW,CE,Federal Contract Tower,0,0,7,0,7,0,23,15,0,38,0,23,22,0,45,38,0,38,83
12/04/2017,ARA,LA,ASW,CE,Federal Contract Tower,0,0,3,6,9,0,38,30,2,70,0,38,33,8,79,224,4,228,307
12/05/2017,ARA,LA,ASW,CE,Federal Contract Tower,0,0,2,0,2,0,64,20,0,84,0,64,22,0,86,48,0,48,134
12/06/2017,ARA,LA,ASW,CE,Federal Contract Tower,0,0,2,4,6,0,22,1,0,23,0,22,3,4,29,0,0,0,29
12/07/2017,ARA,LA,ASW,CE,Federal Contract Tower,0,0,3,0,3,0,45,3,0,48,0,45,6,0,51,0,0,0,51
12/08/2017,ARA,LA,ASW,CE,Federal Contract Tower,0,0,3,0,3,0,0,3,0,3,0,0,6,0,6,0,0,0,6
12/09/2017,ARA,LA,ASW,CE,Federal Contract Tower,0,0,2,0,2,0,56,28,4,88,0,56,30,4,90,144,0,144,234
12/10/2017,ARA,LA,ASW,CE,Federal Contract Tower,0,0,5,1,6,0,44,39,1,84,0,44,44,2,90,6,0,6,96
12/11/2017,ARA,LA,ASW,CE,Federal Contract Tower,0,0,4,0,4,0,46,31,0,77,0,46,35,0,81,88,0,88,169
12/12/2017,ARA,LA,ASW,CE,Federal Contract Tower,0,0,6,8,14,0,70,22,2,94,0,70,28,10,108,186,0,186,294
12/13/2017,ARA,LA,ASW,CE,Federal Contract Tower,0,0,4,7,11,0,57,44,7,108,0,57,48,14,119,224,4,228,347
12/14/2017,ARA,LA,ASW,CE,Federal Contract Tower,0,5,1,23,29,0,35,33,3,71,0,40,34,26,100,214,0,214,314
12/15/2017,ARA,LA,ASW,CE,Federal Contract Tower,0,0,5,4,9,0,31,7,0,38,0,31,12,4,47,90,0,90,137
12/16/2017,ARA,LA,ASW,CE,Federal Contract Tower,0,2,2,0,4,0,53,19,0,72,0,55,21,0,76,62,0,62,138
12/17/2017,ARA,LA,ASW,CE,Federal Contract Tower,0,2,0,0,2,0,6,1,0,7,0,8,1,0,9,54,0,54,63
12/18/2017,ARA,LA,ASW,CE,Federal Contract Tower,0,2,1,0,3,0,0,0,0,0,0,2,1,0,3,0,0,0,3
12/19/2017,ARA,LA,ASW,CE,Federal Contract Tower,0,2,4,0,6,0,4,1,0,5,0,6,5,0,11,16,0,16,27
12/20/2017,ARA,LA,ASW,CE,Federal Contract Tower,0,1,6,6,13,0,73,21,1,95,0,74,27,7,108,22,0,22,130
12/21/2017,ARA,LA,ASW,CE,Federal Contract Tower,0,3,4,2,9,0,2,3,0,5,0,5,7,2,14,2,0,2,16
12/22/2017,ARA,LA,ASW,CE,Federal Contract Tower,0,0,4,3,7,0,36,5,0,41,0,36,9,3,48,0,0,0,48
12/23/2017,ARA,LA,ASW,CE,Federal Contract Tower,0,0,2,0,2,0,16,15,0,31,0,16,17,0,33,70,0,70,103
12/24/2017,ARA,LA,ASW,CE,Federal Contract Tower,0,0,3,0,3,0,18,8,0,26,0,18,11,0,29,2,0,2,31
12/25/2017,ARA,LA,ASW,CE,Federal Contract Tower,0,0,7,0,7,0,16,7,0,23,0,16,14,0,30,28,0,28,58
12/26/2017,ARA,LA,ASW,CE,Federal Contract Tower,0,3,6,0,9,0,32,0,0,32,0,35,6,0,41,0,0,0,41
12/27/2017,ARA,LA,ASW,CE,Federal Contract Tower,0,6,4,0,10,0,8,0,0,8,0,14,4,0,18,2,0,2,20
12/28/2017,ARA,LA,ASW,CE,Federal Contract Tower,0,12,8,12,32,0,40,4,0,44,0,52,12,12,76,6,0,6,82
12/29/2017,ARA,LA,ASW,CE,Federal Contract Tower,0,2,0,1,3,0,35,25,0,60,0,37,25,1,63,48,0,48,111
12/30/2017,ARA,LA,ASW,CE,Federal Contract Tower,0,0,5,0,5,0,37,8,0,45,0,37,13,0,50,8,0,8,58
12/31/2017,ARA,LA,ASW,CE,Federal Contract Tower,0,1,0,1,2,0,17,0,0,17,0,18,0,1,19,10,0,10,29
01/01/2018,ARA,LA,ASW,CE,Federal Contract Tower,0,0,3,0,3,0,33,0,0,33,0,33,3,0,36,0,0,0,36
01/02/2018,ARA,LA,ASW,CE,Federal Contract Tower,1,0,6,0,7,0,54,9,0,63,1,54,15,0,70,72,0,72,142
01/03/2018,ARA,LA,ASW,CE,Federal Contract Tower,0,0,3,4,7,0,63,29,0,92,0,63,32,4,99,162,4,166,265
01/04/2018,ARA,LA,ASW,CE,Federal Contract Tower,0,0,13,5,18,0,51,34,4,89,0,51,47,9,107,42,10,52,159
01/05/2018,ARA,LA,ASW,CE,Federal Contract Tower,0,0,11,13,24,0,31,26,6,63,0,31,37,19,87,156,18,174,261
01/06/2018,ARA,LA,ASW,CE,Federal Contract Tower,0,0,11,2,13,0,37,37,0,74,0,37,48,2,87,158,0,158,245
01/07/2018,ARA,LA,ASW,CE,Federal Contract Tower,0,0,4,0,4,0,31,8,0,39,0,31,12,0,43,46,0,46,89
01/08/2018,ARA,LA,ASW,CE,Federal Contract Tower,0,0,6,5,11,0,49,12,2,63,0,49,18,7,74,48,0,48,122
01/09/2018,ARA,LA,ASW,CE,Federal Contract Tower,0,19,14,9,42,0,32,5,0,37,0,51,19,9,79,188,0,188,267
01/10/2018,ARA,LA,ASW,CE,Federal Contract Tower,0,1,2,0,3,0,0,0,0,0,0,1,2,0,3,0,0,0,3
01/11/2018,ARA,LA,ASW,CE,Federal Contract Tower,0,0,4,0,4,0,43,10,0,53,0,43,14,0,57,90,0,90,147
01/12/2018,ARA,LA,ASW,CE,Federal Contract Tower,0,0,10,7,17,0,43,34,3,80,0,43,44,10,97,180,0,180,277
01/13/2018,ARA,LA,ASW,CE,Federal Contract Tower,0,0,2,4,6,0,45,20,0,65,0,45,22,4,71,32,0,32,103
01/14/2018,ARA,LA,ASW,CE,Federal Contract Tower,0,0,7,0,7,0,40,33,0,73,0,40,40,0,80,48,0,48,128
01/15/2018,ARA,LA,ASW,CE,Federal Contract Tower,1,1,5,0,7,0,55,31,1,87,1,56,36,1,94,94,0,94,188
01/16/2018,ARA,LA,ASW,CE,Federal Contract Tower,0,0,2,0,2,0,30,4,0,34,0,30,6,0,36,6,0,6,42
01/17/2018,ARA,LA,ASW,CE,Federal Contract Tower,0,1,3,0,4,0,16,0,0,16,0,17,3,0,20,0,0,0,20
01/18/2018,ARA,LA,ASW,CE,Federal Contract Tower,0,0,8,7,15,0,87,34,2,123,0,87,42,9,138,188,0,188,326
01/19/2018,ARA,LA,ASW,CE,Federal Contract Tower,1,0,11,8,20,0,52,45,1,98,1,52,56,9,118,162,4,166,284
01/20/2018,ARA,LA,ASW,CE,Federal Contract Tower,0,0,4,0,4,0,50,18,0,68,0,50,22,0,72,104,0,104,176
01/21/2018,ARA,LA,ASW,CE,Federal Contract Tower,0,0,7,0,7,0,13,13,0,26,0,13,20,0,33,46,0,46,79
01/22/2018,ARA,LA,ASW,CE,Federal Contract Tower,0,1,9,0,10,0,43,26,0,69,0,44,35,0,79,222,0,222,301
01/23/2018,ARA,LA,ASW,CE,Federal Contract Tower,0,0,14,7,21,0,75,48,2,125,0,75,62,9,146,280,0,280,426
01/24/2018,ARA,LA,ASW,CE,Federal Contract Tower,0,0,8,13,21,0,45,47,0,92,0,45,55,13,113,198,0,198,311
01/25/2018,ARA,LA,ASW,CE,Federal Contract Tower,0,4,3,3,10,0,45,54,2,101,0,49,57,5,111,188,0,188,299
01/26/2018,ARA,LA,ASW,CE,Federal Contract Tower,0,0,3,5,8,0,29,19,4,52,0,29,22,9,60,76,2,78,138
01/27/2018,ARA,LA,ASW,CE,Federal Contract Tower,0,0,0,0,0,0,0,0,0,0,0,0,0,0,0,0,0,0,0
01/28/2018,ARA,LA,ASW,CE,Federal Contract Tower,0,2,16,8,26,0,16,7,0,23,0,18,23,8,49,22,0,22,71
01/29/2018,ARA,LA,ASW,CE,Federal Contract Tower,0,0,0,6,6,0,37,53,1,91,0,37,53,7,97,156,0,156,253
01/30/2018,ARA,LA,ASW,CE,Federal Contract Tower,2,3,8,6,19,0,53,54,0,107,2,56,62,6,126,154,0,154,280
01/31/2018,ARA,LA,ASW,CE,Federal Contract Tower,0,0,3,14,17,0,58,56,2,116,0,58,59,16,133,178,0,178,311
02/01/2018,ARA,LA,ASW,CE,Federal Contract Tower,0,0,5,0,5,0,52,16,0,68,0,52,21,0,73,62,0,62,135
02/02/2018,ARA,LA,ASW,CE,Federal Contract Tower,0,0,9,8,17,0,37,20,2,59,0,37,29,10,76,50,6,56,132
02/03/2018,ARA,LA,ASW,CE,Federal Contract Tower,0,0,4,7,11,0,29,12,4,45,0,29,16,11,56,36,10,46,102
02/04/2018,ARA,LA,ASW,CE,Federal Contract Tower,0,0,4,0,4,0,15,11,0,26,0,15,15,0,30,10,0,10,40
02/05/2018,ARA,LA,ASW,CE,Federal Contract Tower,0,0,7,4,11,0,37,33,0,70,0,37,40,4,81,186,0,186,267
02/06/2018,ARA,LA,ASW,CE,Federal Contract Tower,0,4,2,6,12,0,21,4,0,25,0,25,6,6,37,26,0,26,63
02/07/2018,ARA,LA,ASW,CE,Federal Contract Tower,0,9,6,2,17,0,16,0,0,16,0,25,6,2,33,18,0,18,51
02/08/2018,ARA,LA,ASW,CE,Federal Contract Tower,0,2,2,27,31,0,45,48,6,99,0,47,50,33,130,218,8,226,356
02/09/2018,ARA,LA,ASW,CE,Federal Contract Tower,2,0,3,6,11,0,31,38,6,75,2,31,41,12,86,150,10,160,246
02/10/2018,ARA,LA,ASW,CE,Federal Contract Tower,0,2,0,0,2,0,0,0,0,0,0,2,0,0,2,0,0,0,2
02/11/2018,ARA,LA,ASW,CE,Federal Contract Tower,0,1,2,0,3,0,0,0,0,0,0,1,2,0,3,18,0,18,21
02/12/2018,ARA,LA,ASW,CE,Federal Contract Tower,0,2,7,4,13,0,46,7,0,53,0,48,14,4,66,76,0,76,142
02/13/2018,ARA,LA,ASW,CE,Federal Contract Tower,0,0,5,0,5,0,36,12,0,48,0,36,17,0,53,90,0,90,143
02/14/2018,ARA,LA,ASW,CE,Federal Contract Tower,0,0,2,3,5,0,27,17,2,46,0,27,19,5,51,174,4,178,229
02/15/2018,ARA,LA,ASW,CE,Federal Contract Tower,0,0,0,5,5,0,45,25,3,73,0,45,25,8,78,158,2,160,238
02/16/2018,ARA,LA,ASW,CE,Federal Contract Tower,0,0,9,9,18,0,37,36,0,73,0,37,45,9,91,66,0,66,157
02/17/2018,ARA,LA,ASW,CE,Federal Contract Tower,0,0,3,0,3,0,21,3,0,24,0,21,6,0,27,82,0,82,109
02/18/2018,ARA,LA,ASW,CE,Federal Contract Tower,2,0,3,0,5,0,21,19,2,42,2,21,22,2,47,30,6,36,83
02/19/2018,ARA,LA,ASW,CE,Federal Contract Tower,0,0,5,0,5,0,42,27,0,69,0,42,32,0,74,126,0,126,200
02/20/2018,ARA,LA,ASW,CE,Federal Contract Tower,0,0,9,8,17,0,72,26,1,99,0,72,35,9,116,132,8,140,256
02/21/2018,ARA,LA,ASW,CE,Federal Contract Tower,0,2,4,0,6,0,45,24,0,69,0,47,28,0,75,144,0,144,219
02/22/2018,ARA,LA,ASW,CE,Federal Contract Tower,0,1,6,1,8,0,32,10,1,43,0,33,16,2,51,18,4,22,73
02/23/2018,ARA,LA,ASW,CE,Federal Contract Tower,0,0,3,8,11,0,26,26,0,52,0,26,29,8,63,112,0,112,175
02/24/2018,ARA,LA,ASW,CE,Federal Contract Tower,0,1,3,0,4,0,26,6,0,32,0,27,9,0,36,16,0,16,52
02/25/2018,ARA,LA,ASW,CE,Federal Contract Tower,0,0,1,4,5,0,20,6,0,26,0,20,7,4,31,4,28,32,63
02/26/2018,ARA,LA,ASW,CE,Federal Contract Tower,0,2,12,3,17,0,42,36,3,81,0,44,48,6,98,58,4,62,160
02/27/2018,ARA,LA,ASW,CE,Federal Contract Tower,2,1,5,2,10,0,66,19,0,85,2,67,24,2,95,154,0,154,249
02/28/2018,ARA,LA,ASW,CE,Federal Contract Tower,0,0,2,5,7,0,54,20,1,75,0,54,22,6,82,52,0,52,134
03/01/2018,ARA,LA,ASW,CE,Federal Contract Tower,0,0,2,12,14,0,37,26,0,63,0,37,28,12,77,140,0,140,217
03/02/2018,ARA,LA,ASW,CE,Federal Contract Tower,0,0,7,5,12,0,25,53,4,82,0,25,60,9,94,100,0,100,194
03/03/2018,ARA,LA,ASW,CE,Federal Contract Tower,0,0,8,0,8,0,28,54,0,82,0,28,62,0,90,50,0,50,140
03/04/2018,ARA,LA,ASW,CE,Federal Contract Tower,0,0,2,0,2,0,15,29,0,44,0,15,31,0,46,16,0,16,62
03/05/2018,ARA,LA,ASW,CE,Federal Contract Tower,0,0,4,0,4,0,40,27,0,67,0,40,31,0,71,74,0,74,145
03/06/2018,ARA,LA,ASW,CE,Federal Contract Tower,0,0,10,21,31,0,39,22,5,66,0,39,32,26,97,124,6,130,227
03/07/2018,ARA,LA,ASW,CE,Federal Contract Tower,0,4,5,9,18,0,59,37,6,102,0,63,42,15,120,82,0,82,202
03/08/2018,ARA,LA,ASW,CE,Federal Contract Tower,0,1,3,3,7,0,47,31,1,79,0,48,34,4,86,82,0,82,168
03/09/2018,ARA,LA,ASW,CE,Federal Contract Tower,0,1,2,2,5,0,56,31,3,90,0,57,33,5,95,126,0,126,221
03/10/2018,ARA,LA,ASW,CE,Federal Contract Tower,2,0,2,1,5,0,29,5,0,34,2,29,7,1,39,42,0,42,81
03/11/2018,ARA,LA,ASW,CE,Federal Contract Tower,0,0,6,0,6,0,26,17,0,43,0,26,23,0,49,50,0,50,99
03/12/2018,ARA,LA,ASW,CE,Federal Contract Tower,0,1,3,7,11,0,44,27,6,77,0,45,30,13,88,80,6,86,174
03/13/2018,ARA,LA,ASW,CE,Federal Contract Tower,0,2,3,18,23,0,62,37,3,102,0,64,40,21,125,106,8,114,239
03/14/2018,ARA,LA,ASW,CE,Federal Contract Tower,0,0,11,9,20,0,66,50,3,119,0,66,61,12,139,96,0,96,235
03/15/2018,ARA,LA,ASW,CE,Federal Contract Tower,0,0,12,2,14,0,49,45,10,104,0,49,57,12,118,132,6,138,256
03/16/2018,ARA,LA,ASW,CE,Federal Contract Tower,0,0,4,1,5,0,35,17,0,52,0,35,21,1,57,64,0,64,121
03/17/2018,ARA,LA,ASW,CE,Federal Contract Tower,0,1,2,0,3,0,16,7,0,23,0,17,9,0,26,22,0,22,48
03/18/2018,ARA,LA,ASW,CE,Federal Contract Tower,0,2,5,5,12,0,13,16,0,29,0,15,21,5,41,10,4,14,55
03/19/2018,ARA,LA,ASW,CE,Federal Contract Tower,0,0,3,8,11,0,6,20,0,26,0,6,23,8,37,76,0,76,113
03/20/2018,ARA,LA,ASW,CE,Federal Contract Tower,0,0,5,16,21,0,61,14,4,79,0,61,19,20,100,54,0,54,154
03/21/2018,ARA,LA,ASW,CE,Federal Contract Tower,1,0,5,12,18,0,65,49,1,115,1,65,54,13,133,116,2,118,251
03/22/2018,ARA,LA,ASW,CE,Federal Contract Tower,0,1,11,9,21,0,43,41,3,87,0,44,52,12,108,90,0,90,198
03/23/2018,ARA,LA,ASW,CE,Federal Contract Tower,0,0,12,8,20,0,39,42,2,83,0,39,54,10,103,86,6,92,195
03/24/2018,ARA,LA,ASW,CE,Federal Contract Tower,0,0,5,0,5,0,33,10,0,43,0,33,15,0,48,18,0,18,66
03/25/2018,ARA,LA,ASW,CE,Federal Contract Tower,0,1,7,2,10,0,29,29,0,58,0,30,36,2,68,56,4,60,128
03/26/2018,ARA,LA,ASW,CE,Federal Contract Tower,0,0,9,15,24,0,46,13,7,66,0,46,22,22,90,98,28,126,216
03/27/2018,ARA,LA,ASW,CE,Federal Contract Tower,0,1,13,11,25,0,75,20,3,98,0,76,33,14,123,128,4,132,255
03/28/2018,ARA,LA,ASW,CE,Federal Contract Tower,0,1,12,2,15,0,67,11,3,81,0,68,23,5,96,58,0,58,154
03/29/2018,ARA,LA,ASW,CE,Federal Contract Tower,0,1,4,0,5,0,48,8,0,56,0,49,12,0,61,0,0,0,61
03/30/2018,ARA,LA,ASW,CE,Federal Contract Tower,0,0,5,4,9,0,29,30,0,59,0,29,35,4,68,12,0,12,80
03/31/2018,ARA,LA,ASW,CE,Federal Contract Tower,0,0,1,6,7,0,25,47,0,72,0,25,48,6,79,62,2,64,143
04/01/2018,ARA,LA,ASW,CE,Federal Contract Tower,0,0,2,0,2,0,18,25,0,43,0,18,27,0,45,0,0,0,45
04/02/2018,ARA,LA,ASW,CE,Federal Contract Tower,1,0,12,12,25,0,41,40,2,83,1,41,52,14,108,90,6,96,204
04/03/2018,ARA,LA,ASW,CE,Federal Contract Tower,0,7,3,5,15,0,61,13,1,75,0,68,16,6,90,30,12,42,132
04/04/2018,ARA,LA,ASW,CE,Federal Contract Tower,0,0,10,15,25,0,69,22,4,95,0,69,32,19,120,64,8,72,192
04/05/2018,ARA,LA,ASW,CE,Federal Contract Tower,0,0,6,4,10,0,48,56,3,107,0,48,62,7,117,104,0,104,221
04/06/2018,ARA,LA,ASW,CE,Federal Contract Tower,1,0,3,10,14,0,38,23,0,61,1,38,26,10,75,162,0,162,237
04/07/2018,ARA,LA,ASW,CE,Federal Contract Tower,0,2,3,0,5,0,21,4,0,25,0,23,7,0,30,60,0,60,90
04/08/2018,ARA,LA,ASW,CE,Federal Contract Tower,0,7,7,0,14,0,25,7,0,32,0,32,14,0,46,56,0,56,102
04/09/2018,ARA,LA,ASW,CE,Federal Contract Tower,0,2,17,14,33,0,39,42,1,82,0,41,59,15,115,108,0,108,223
04/10/2018,ARA,LA,ASW,CE,Federal Contract Tower,0,0,18,11,29,0,78,37,2,117,0,78,55,13,146,214,0,214,360
04/11/2018,ARA,LA,ASW,CE,Federal Contract Tower,0,0,14,5,19,0,80,58,0,138,0,80,72,5,157,122,0,122,279
04/12/2018,ARA,LA,ASW,CE,Federal Contract Tower,0,0,6,11,17,0,61,42,4,107,0,61,48,15,124,76,4,80,204
04/13/2018,ARA,LA,ASW,CE,Federal Contract Tower,0,0,5,21,26,0,43,14,4,61,0,43,19,25,87,64,24,88,175
04/14/2018,ARA,LA,ASW,CE,Federal Contract Tower,0,1,0,0,1,0,7,0,0,7,0,8,0,0,8,0,0,0,8
04/15/2018,ARA,LA,ASW,CE,Federal Contract Tower,0,0,1,8,9,0,18,21,6,45,0,18,22,14,54,16,6,22,76
04/16/2018,ARA,LA,ASW,CE,Federal Contract Tower,0,0,7,6,13,0,44,46,0,90,0,44,53,6,103,88,0,88,191
04/17/2018,ARA,LA,ASW,CE,Federal Contract Tower,1,0,3,18,22,0,76,24,2,102,1,76,27,20,124,54,26,80,204
04/18/2018,ARA,LA,ASW,CE,Federal Contract Tower,0,0,5,15,20,0,65,40,4,109,0,65,45,19,129,88,0,88,217
04/19/2018,ARA,LA,ASW,CE,Federal Contract Tower,0,0,12,26,38,0,43,36,5,84,0,43,48,31,122,72,12,84,206
04/20/2018,ARA,LA,ASW,CE,Federal Contract Tower,0,0,6,25,31,0,22,33,4,59,0,22,39,29,90,48,46,94,184
04/21/2018,ARA,LA,ASW,CE,Federal Contract Tower,0,2,0,2,4,0,40,20,0,60,0,42,20,2,64,16,10,26,90
04/22/2018,ARA,LA,ASW,CE,Federal Contract Tower,0,0,1,0,1,0,27,11,0,38,0,27,12,0,39,18,0,18,57
04/23/2018,ARA,LA,ASW,CE,Federal Contract Tower,0,0,6,25,31,0,47,33,3,83,0,47,39,28,114,54,2,56,170
04/24/2018,ARA,LA,ASW,CE,Federal Contract Tower,0,0,11,15,26,0,48,41,2,91,0,48,52,17,117,84,0,84,201
04/25/2018,ARA,LA,ASW,CE,Federal Contract Tower,0,2,5,13,20,0,82,46,5,133,0,84,51,18,153,74,14,88,241
04/26/2018,ARA,LA,ASW,CE,Federal Contract Tower,0,0,10,2,12,0,66,34,0,100,0,66,44,2,112,180,0,180,292
04/27/2018,ARA,LA,ASW,CE,Federal Contract Tower,0,0,12,16,28,0,54,38,2,94,0,54,50,18,122,56,6,62,184
04/28/2018,ARA,LA,ASW,CE,Federal Contract Tower,0,0,5,1,6,0,34,30,2,66,0,34,35,3,72,62,0,62,134
04/29/2018,ARA,LA,ASW,CE,Federal Contract Tower,0,0,5,13,18,0,28,25,3,56,0,28,30,16,74,34,0,34,108
04/30/2018,ARA,LA,ASW,CE,Federal Contract Tower,0,0,7,11,18,0,43,31,1,75,0,43,38,12,93,118,2,120,213
05/01/2018,ARA,LA,ASW,CE,Federal Contract Tower,0,0,7,22,29,0,53,35,7,95,0,53,42,29,124,58,0,58,182
05/02/2018,ARA,LA,ASW,CE,Federal Contract Tower,0,0,5,2,7,0,66,30,1,97,0,66,35,3,104,100,0,100,204
05/03/2018,ARA,LA,ASW,CE,Federal Contract Tower,0,0,5,17,22,0,35,44,2,81,0,35,49,19,103,62,14,76,179
05/04/2018,ARA,LA,ASW,CE,Federal Contract Tower,0,0,6,2,8,0,30,24,0,54,0,30,30,2,62,62,0,62,124
05/05/2018,ARA,LA,ASW,CE,Federal Contract Tower,0,2,2,0,4,0,33,5,0,38,0,35,7,0,42,70,0,70,112
05/06/2018,ARA,LA,ASW,CE,Federal Contract Tower,0,0,5,7,12,0,46,32,2,80,0,46,37,9,92,192,10,202,294
05/07/2018,ARA,LA,ASW,CE,Federal Contract Tower,0,1,19,30,50,0,46,39,5,90,0,47,58,35,140,130,38,168,308
05/08/2018,ARA,LA,ASW,CE,Federal Contract Tower,0,0,9,15,24,0,56,27,7,90,0,56,36,22,114,120,22,142,256
05/09/2018,ARA,LA,ASW,CE,Federal Contract Tower,1,0,8,8,17,0,82,38,3,123,1,82,46,11,140,134,8,142,282
05/10/2018,ARA,LA,ASW,CE,Federal Contract Tower,0,0,10,4,14,0,44,37,1,82,0,44,47,5,96,32,2,34,130
05/11/2018,ARA,LA,ASW,CE,Federal Contract Tower,0,0,2,6,8,0,36,30,1,67,0,36,32,7,75,96,4,100,175
05/12/2018,ARA,LA,ASW,CE,Federal Contract Tower,0,5,2,0,7,0,58,17,0,75,0,63,19,0,82,94,0,94,176
05/13/2018,ARA,LA,ASW,CE,Federal Contract Tower,0,2,1,2,5,0,43,13,0,56,0,45,14,2,61,100,0,100,161
05/14/2018,ARA,LA,ASW,CE,Federal Contract Tower,0,1,7,0,8,0,46,20,0,66,0,47,27,0,74,56,0,56,130
05/15/2018,ARA,LA,ASW,CE,Federal Contract Tower,1,0,7,31,39,0,63,22,2,87,1,63,29,33,126,96,28,124,250
05/16/2018,ARA,LA,ASW,CE,Federal Contract Tower,0,0,7,12,19,0,54,47,1,102,0,54,54,13,121,68,0,68,189
05/17/2018,ARA,LA,ASW,CE,Federal Contract Tower,0,4,8,6,18,0,47,36,1,84,0,51,44,7,102,14,8,22,124
05/18/2018,ARA,LA,ASW,CE,Federal Contract Tower,0,0,9,18,27,0,28,20,4,52,0,28,29,22,79,6,36,42,121
05/19/2018,ARA,LA,ASW,CE,Federal Contract Tower,0,0,2,7,9,0,45,20,4,69,0,45,22,11,78,12,8,20,98
05/20/2018,ARA,LA,ASW,CE,Federal Contract Tower,0,2,5,1,8,0,43,11,5,59,0,45,16,6,67,82,16,98,165
05/22/2018,ARA,LA,ASW,CE,Federal Contract Tower,0,5,16,15,36,0,61,33,4,98,0,66,49,19,134,96,18,114,248
05/23/2018,ARA,LA,ASW,CE,Federal Contract Tower,0,2,10,3,15,0,53,36,3,92,0,55,46,6,107,62,0,62,169
05/24/2018,ARA,LA,ASW,CE,Federal Contract Tower,0,0,16,9,25,0,75,37,3,115,0,75,53,12,140,54,10,64,204
05/25/2018,ARA,LA,ASW,CE,Federal Contract Tower,0,0,3,0,3,0,32,17,1,50,0,32,20,1,53,34,0,34,87
05/26/2018,ARA,LA,ASW,CE,Federal Contract Tower,0,1,2,0,3,0,17,7,0,24,0,18,9,0,27,18,0,18,45
05/27/2018,ARA,LA,ASW,CE,Federal Contract Tower,0,0,5,0,5,0,26,17,0,43,0,26,22,0,48,26,0,26,74
05/28/2018,ARA,LA,ASW,CE,Federal Contract Tower,0,0,4,0,4,0,29,22,0,51,0,29,26,0,55,22,0,22,77
05/29/2018,ARA,LA,ASW,CE,Federal Contract Tower,0,0,5,13,18,0,64,45,2,111,0,64,50,15,129,80,6,86,215
05/30/2018,ARA,LA,ASW,CE,Federal Contract Tower,0,1,2,8,11,0,54,32,1,87,0,55,34,9,98,106,4,110,208
05/31/2018,ARA,LA,ASW,CE,Federal Contract Tower,0,0,7,12,19,0,42,42,3,87,0,42,49,15,106,138,0,138,244
06/01/2018,ARA,LA,ASW,CE,Federal Contract Tower,1,0,6,19,26,0,28,27,7,62,1,28,33,26,88,50,16,66,154
06/02/2018,ARA,LA,ASW,CE,Federal Contract Tower,0,0,4,6,10,0,29,12,4,45,0,29,16,10,55,30,12,42,97
06/03/2018,ARA,LA,ASW,CE,Federal Contract Tower,0,0,0,0,0,0,34,16,0,50,0,34,16,0,50,62,0,62,112
06/04/2018,ARA,LA,ASW,CE,Federal Contract Tower,0,0,3,11,14,0,47,30,0,77,0,47,33,11,91,106,0,106,197
06/05/2018,ARA,LA,ASW,CE,Federal Contract Tower,0,0,4,2,6,0,48,21,0,69,0,48,25,2,75,88,0,88,163
06/06/2018,ARA,LA,ASW,CE,Federal Contract Tower,0,2,13,19,34,0,71,38,3,112,0,73,51,22,146,236,4,240,386
06/07/2018,ARA,LA,ASW,CE,Federal Contract Tower,0,0,10,11,21,0,71,57,5,133,0,71,67,16,154,168,12,180,334
06/08/2018,ARA,LA,ASW,CE,Federal Contract Tower,0,0,2,14,16,0,25,19,2,46,0,25,21,16,62,58,4,62,124
06/09/2018,ARA,LA,ASW,CE,Federal Contract Tower,0,0,5,0,5,0,22,30,0,52,0,22,35,0,57,34,0,34,91
06/10/2018,ARA,LA,ASW,CE,Federal Contract Tower,0,0,5,0,5,0,26,6,0,32,0,26,11,0,37,0,0,0,37
06/11/2018,ARA,LA,ASW,CE,Federal Contract Tower,1,0,4,2,7,0,43,21,0,64,1,43,25,2,71,92,6,98,169
06/12/2018,ARA,LA,ASW,CE,Federal Contract Tower,0,0,5,2,7,0,58,26,3,87,0,58,31,5,94,32,0,32,126
06/13/2018,ARA,LA,ASW,CE,Federal Contract Tower,0,0,4,3,7,0,49,28,0,77,0,49,32,3,84,114,0,114,198
06/14/2018,ARA,LA,ASW,CE,Federal Contract Tower,0,0,3,5,8,0,34,33,0,67,0,34,36,5,75,80,0,80,155
06/15/2018,ARA,LA,ASW,CE,Federal Contract Tower,1,0,2,2,5,0,38,21,0,59,1,38,23,2,64,54,0,54,118
06/16/2018,ARA,LA,ASW,CE,Federal Contract Tower,0,0,1,0,1,0,31,22,0,53,0,31,23,0,54,4,0,4,58
06/17/2018,ARA,LA,ASW,CE,Federal Contract Tower,1,0,2,2,5,0,22,7,0,29,1,22,9,2,34,6,0,6,40
06/18/2018,ARA,LA,ASW,CE,Federal Contract Tower,0,0,3,2,5,0,28,3,0,31,0,28,6,2,36,36,0,36,72
06/19/2018,ARA,LA,ASW,CE,Federal Contract Tower,0,1,4,2,7,0,73,21,2,96,0,74,25,4,103,126,0,126,229
06/20/2018,ARA,LA,ASW,CE,Federal Contract Tower,0,0,2,3,5,0,72,38,4,114,0,72,40,7,119,62,8,70,189
06/21/2018,ARA,LA,ASW,CE,Federal Contract Tower,0,1,3,5,9,0,52,21,2,75,0,53,24,7,84,50,0,50,134
06/22/2018,ARA,LA,ASW,CE,Federal Contract Tower,0,0,6,18,24,0,48,41,1,90,0,48,47,19,114,116,0,116,230
06/23/2018,ARA,LA,ASW,CE,Federal Contract Tower,0,2,2,0,4,0,33,34,0,67,0,35,36,0,71,134,0,134,205
06/24/2018,ARA,LA,ASW,CE,Federal Contract Tower,0,0,6,3,9,0,35,19,0,54,0,35,25,3,63,47,4,51,114
06/25/2018,ARA,LA,ASW,CE,Federal Contract Tower,0,0,4,4,8,0,39,23,0,62,0,39,27,4,70,92,0,92,162
06/26/2018,ARA,LA,ASW,CE,Federal Contract Tower,1,1,7,15,24,0,69,39,0,108,1,70,46,15,132,190,10,200,332
06/27/2018,ARA,LA,ASW,CE,Federal Contract Tower,0,0,9,14,23,0,71,39,4,114,0,71,48,18,137,128,0,128,265
06/28/2018,ARA,LA,ASW,CE,Federal Contract Tower,0,2,7,7,16,0,46,44,2,92,0,48,51,9,108,66,0,66,174
06/29/2018,ARA,LA,ASW,CE,Federal Contract Tower,0,0,4,5,9,0,49,35,1,85,0,49,39,6,94,116,0,116,210
06/30/2018,ARA,LA,ASW,CE,Federal Contract Tower,0,0,5,0,5,0,47,47,0,94,0,47,52,0,99,112,0,112,211
07/01/2018,ARA,LA,ASW,CE,Federal Contract Tower,0,1,6,20,27,0,53,10,1,64,0,54,16,21,91,98,2,100,191
07/02/2018,ARA,LA,ASW,CE,Federal Contract Tower,1,0,4,9,14,0,58,17,4,79,1,58,21,13,93,90,4,94,187
07/03/2018,ARA,LA,ASW,CE,Federal Contract Tower,0,0,1,4,5,0,39,17,1,57,0,39,18,5,62,64,2,66,128
07/04/2018,ARA,LA,ASW,CE,Federal Contract Tower,0,0,1,0,1,0,97,4,0,101,0,97,5,0,102,148,0,148,250
07/05/2018,ARA,LA,ASW,CE,Federal Contract Tower,0,0,3,0,3,0,60,44,0,104,0,60,47,0,107,170,0,170,277
07/06/2018,ARA,LA,ASW,CE,Federal Contract Tower,0,0,2,2,4,0,82,38,0,120,0,82,40,2,124,136,0,136,260
07/07/2018,ARA,LA,ASW,CE,Federal Contract Tower,0,0,3,0,3,0,55,14,0,69,0,55,17,0,72,18,0,18,90
07/08/2018,ARA,LA,ASW,CE,Federal Contract Tower,0,0,0,0,0,0,28,12,0,40,0,28,12,0,40,46,0,46,86
07/09/2018,ARA,LA,ASW,CE,Federal Contract Tower,0,0,8,3,11,0,56,18,1,75,0,56,26,4,86,112,0,112,198
07/10/2018,ARA,LA,ASW,CE,Federal Contract Tower,0,0,4,5,9,0,72,26,2,100,0,72,30,7,109,100,0,100,209
07/11/2018,ARA,LA,ASW,CE,Federal Contract Tower,0,1,6,3,10,0,56,24,0,80,0,57,30,3,90,84,0,84,174
07/12/2018,ARA,LA,ASW,CE,Federal Contract Tower,0,0,7,2,9,0,61,41,0,102,0,61,48,2,111,200,0,200,311
07/13/2018,ARA,LA,ASW,CE,Federal Contract Tower,0,0,9,8,17,0,45,28,0,73,0,45,37,8,90,90,0,90,180
07/14/2018,ARA,LA,ASW,CE,Federal Contract Tower,0,0,3,0,3,0,59,34,0,93,0,59,37,0,96,112,0,112,208
07/15/2018,ARA,LA,ASW,CE,Federal Contract Tower,0,0,0,6,6,0,39,26,0,65,0,39,26,6,71,72,0,72,143
07/16/2018,ARA,LA,ASW,CE,Federal Contract Tower,2,0,8,13,23,0,57,32,7,96,2,57,40,20,119,220,32,252,371
07/17/2018,ARA,LA,ASW,CE,Federal Contract Tower,0,0,5,7,12,0,63,41,3,107,0,63,46,10,119,284,0,284,403
07/18/2018,ARA,LA,ASW,CE,Federal Contract Tower,0,0,9,9,18,0,75,56,3,134,0,75,65,12,152,218,2,220,372
07/19/2018,ARA,LA,ASW,CE,Federal Contract Tower,0,0,8,15,23,0,75,54,5,134,0,75,62,20,157,190,0,190,347
07/20/2018,ARA,LA,ASW,CE,Federal Contract Tower,0,0,4,2,6,0,55,38,0,93,0,55,42,2,99,140,0,140,239
07/21/2018,ARA,LA,ASW,CE,Federal Contract Tower,0,0,2,0,2,0,50,11,0,61,0,50,13,0,63,4,0,4,67
07/22/2018,ARA,LA,ASW,CE,Federal Contract Tower,0,0,5,5,10,0,33,12,0,45,0,33,17,5,55,6,0,6,61
07/23/2018,ARA,LA,ASW,CE,Federal Contract Tower,0,1,3,5,9,0,53,21,1,75,0,54,24,6,84,108,0,108,192
07/24/2018,ARA,LA,ASW,CE,Federal Contract Tower,0,0,7,6,13,0,57,37,1,95,0,57,44,7,108,104,0,104,212
07/25/2018,ARA,LA,ASW,CE,Federal Contract Tower,0,1,5,6,12,0,43,48,2,93,0,44,53,8,105,214,0,214,319
07/26/2018,ARA,LA,ASW,CE,Federal Contract Tower,0,1,7,2,10,0,69,43,5,117,0,70,50,7,127,124,6,130,257
07/27/2018,ARA,LA,ASW,CE,Federal Contract Tower,0,0,2,8,10,0,36,29,2,67,0,36,31,10,77,154,12,166,243
07/28/2018,ARA,LA,ASW,CE,Federal Contract Tower,2,0,3,2,7,0,47,22,0,69,2,47,25,2,76,84,0,84,160
07/29/2018,ARA,LA,ASW,CE,Federal Contract Tower,0,0,2,0,2,0,53,8,0,61,0,53,10,0,63,18,0,18,81
07/30/2018,ARA,LA,ASW,CE,Federal Contract Tower,0,0,2,13,15,0,66,19,0,85,0,66,21,13,100,158,0,158,258
07/31/2018,ARA,LA,ASW,CE,Federal Contract Tower,0,1,0,0,1,0,58,16,0,74,0,59,16,0,75,70,0,70,145
08/01/2018,ARA,LA,ASW,CE,Federal Contract Tower,0,0,9,12,21,0,71,50,1,122,0,71,59,13,143,220,4,224,367
08/02/2018,ARA,LA,ASW,CE,Federal Contract Tower,0,0,0,7,7,0,67,38,7,112,0,67,38,14,119,152,2,154,273
08/03/2018,ARA,LA,ASW,CE,Federal Contract Tower,0,0,2,1,3,0,38,27,10,75,0,38,29,11,78,102,16,118,196
08/04/2018,ARA,LA,ASW,CE,Federal Contract Tower,0,0,1,0,1,0,55,15,0,70,0,55,16,0,71,76,0,76,147
08/05/2018,ARA,LA,ASW,CE,Federal Contract Tower,0,0,1,5,6,0,50,10,3,63,0,50,11,8,69,34,4,38,107
08/06/2018,ARA,LA,ASW,CE,Federal Contract Tower,0,0,5,3,8,0,41,24,0,65,0,41,29,3,73,82,0,82,155
08/07/2018,ARA,LA,ASW,CE,Federal Contract Tower,0,1,8,0,9,0,55,28,1,84,0,56,36,1,93,62,0,62,155
08/08/2018,ARA,LA,ASW,CE,Federal Contract Tower,0,1,4,2,7,0,55,33,2,90,0,56,37,4,97,138,0,138,235
08/09/2018,ARA,LA,ASW,CE,Federal Contract Tower,0,0,3,14,17,0,78,16,2,96,0,78,19,16,113,96,12,108,221
08/10/2018,ARA,LA,ASW,CE,Federal Contract Tower,1,0,2,1,4,0,53,31,0,84,1,53,33,1,88,132,0,132,220
08/11/2018,ARA,LA,ASW,CE,Federal Contract Tower,0,1,2,6,9,0,24,12,2,38,0,25,14,8,47,74,0,74,121
08/12/2018,ARA,LA,ASW,CE,Federal Contract Tower,0,0,1,0,1,0,34,18,0,52,0,34,19,0,53,50,0,50,103
08/13/2018,ARA,LA,ASW,CE,Federal Contract Tower,0,0,8,3,11,0,61,29,2,92,0,61,37,5,103,120,0,120,223
08/14/2018,ARA,LA,ASW,CE,Federal Contract Tower,0,0,9,0,9,0,56,36,2,94,0,56,45,2,103,150,0,150,253
08/15/2018,ARA,LA,ASW,CE,Federal Contract Tower,0,0,4,8,12,0,74,34,5,113,0,74,38,13,125,100,16,116,241
08/16/2018,ARA,LA,ASW,CE,Federal Contract Tower,0,0,4,6,10,0,74,34,0,108,0,74,38,6,118,76,0,76,194
08/17/2018,ARA,LA,ASW,CE,Federal Contract Tower,0,0,2,13,15,0,35,15,2,52,0,35,17,15,67,20,2,22,89
08/18/2018,ARA,LA,ASW,CE,Federal Contract Tower,0,0,0,0,0,0,36,28,0,64,0,36,28,0,64,62,0,62,126
08/19/2018,ARA,LA,ASW,CE,Federal Contract Tower,0,0,1,0,1,0,27,26,0,53,0,27,27,0,54,0,0,0,54
08/20/2018,ARA,LA,ASW,CE,Federal Contract Tower,0,0,1,5,6,0,45,33,1,79,0,45,34,6,85,56,6,62,147
08/21/2018,ARA,LA,ASW,CE,Federal Contract Tower,0,1,9,9,19,0,78,27,1,106,0,79,36,10,125,202,2,204,329
08/22/2018,ARA,LA,ASW,CE,Federal Contract Tower,2,1,3,19,25,0,91,48,5,144,2,92,51,24,169,182,0,182,351
08/23/2018,ARA,LA,ASW,CE,Federal Contract Tower,0,0,3,5,8,0,59,46,4,109,0,59,49,9,117,128,0,128,245
08/24/2018,ARA,LA,ASW,CE,Federal Contract Tower,0,0,6,3,9,0,46,60,5,111,0,46,66,8,120,88,2,90,210
08/25/2018,ARA,LA,ASW,CE,Federal Contract Tower,0,0,2,2,4,0,39,28,3,70,0,39,30,5,74,24,0,24,98
08/26/2018,ARA,LA,ASW,CE,Federal Contract Tower,0,0,2,1,3,0,46,13,0,59,0,46,15,1,62,24,0,24,86
08/27/2018,ARA,LA,ASW,CE,Federal Contract Tower,0,0,3,6,9,0,60,19,1,80,0,60,22,7,89,96,0,96,185
08/28/2018,ARA,LA,ASW,CE,Federal Contract Tower,0,0,3,0,3,0,65,16,0,81,0,65,19,0,84,36,0,36,120
08/29/2018,ARA,LA,ASW,CE,Federal Contract Tower,0,0,8,2,10,0,69,27,0,96,0,69,35,2,106,144,0,144,250
08/30/2018,ARA,LA,ASW,CE,Federal Contract Tower,0,5,2,4,11,0,88,32,3,123,0,93,34,7,134,154,2,156,290
08/31/2018,ARA,LA,ASW,CE,Federal Contract Tower,0,0,6,0,6,0,47,38,0,85,0,47,44,0,91,118,0,118,209
09/01/2018,ARA,LA,ASW,CE,Federal Contract Tower,0,1,3,0,4,0,26,25,0,51,0,27,28,0,55,66,0,66,121
09/02/2018,ARA,LA,ASW,CE,Federal Contract Tower,0,0,2,0,2,0,1,2,0,3,0,1,4,0,5,0,0,0,5
09/03/2018,ARA,LA,ASW,CE,Federal Contract Tower,0,0,9,0,9,0,35,5,0,40,0,35,14,0,49,22,0,22,71
09/04/2018,ARA,LA,ASW,CE,Federal Contract Tower,1,1,8,5,15,0,49,27,0,76,1,50,35,5,91,104,0,104,195
09/05/2018,ARA,LA,ASW,CE,Federal Contract Tower,0,1,5,3,9,0,43,56,2,101,0,44,61,5,110,138,0,138,248
09/06/2018,ARA,LA,ASW,CE,Federal Contract Tower,0,0,1,0,1,0,70,8,1,79,0,70,9,1,80,50,0,50,130
09/07/2018,ARA,LA,ASW,CE,Federal Contract Tower,0,0,0,0,0,0,41,42,0,83,0,41,42,0,83,106,0,106,189
09/08/2018,ARA,LA,ASW,CE,Federal Contract Tower,0,1,5,0,6,0,57,17,0,74,0,58,22,0,80,26,0,26,106
09/09/2018,ARA,LA,ASW,CE,Federal Contract Tower,0,0,4,2,6,0,46,12,3,61,0,46,16,5,67,50,6,56,123
09/10/2018,ARA,LA,ASW,CE,Federal Contract Tower,0,0,11,3,14,0,68,22,1,91,0,68,33,4,105,194,0,194,299
09/11/2018,ARA,LA,ASW,CE,Federal Contract Tower,0,0,1,0,1,0,64,12,0,76,0,64,13,0,77,106,0,106,183
09/12/2018,ARA,LA,ASW,CE,Federal Contract Tower,0,0,3,2,5,0,89,39,0,128,0,89,42,2,133,210,0,210,343
09/13/2018,ARA,LA,ASW,CE,Federal Contract Tower,0,0,4,7,11,0,60,40,0,100,0,60,44,7,111,104,10,114,225
09/14/2018,ARA,LA,ASW,CE,Federal Contract Tower,0,0,8,5,13,0,40,44,3,87,0,40,52,8,100,114,0,114,214
09/15/2018,ARA,LA,ASW,CE,Federal Contract Tower,0,0,2,2,4,0,47,19,0,66,0,47,21,2,70,42,0,42,112
09/16/2018,ARA,LA,ASW,CE,Federal Contract Tower,0,0,9,0,9,0,47,23,2,72,0,47,32,2,81,70,0,70,151
09/17/2018,ARA,LA,ASW,CE,Federal Contract Tower,1,0,12,3,16,0,55,22,0,77,1,55,34,3,93,176,0,176,269
09/18/2018,ARA,LA,ASW,CE,Federal Contract Tower,1,5,7,13,26,0,79,24,3,106,1,84,31,16,132,204,20,224,356
09/19/2018,ARA,LA,ASW,CE,Federal Contract Tower,0,0,7,12,19,0,67,37,1,105,0,67,44,13,124,164,0,164,288
09/20/2018,ARA,LA,ASW,CE,Federal Contract Tower,0,1,8,4,13,0,59,39,0,98,0,60,47,4,111,62,0,62,173
09/21/2018,ARA,LA,ASW,CE,Federal Contract Tower,0,1,3,2,6,0,53,34,0,87,0,54,37,2,93,144,0,144,237
09/22/2018,ARA,LA,ASW,CE,Federal Contract Tower,0,0,2,0,2,0,54,12,0,66,0,54,14,0,68,72,0,72,140
09/23/2018,ARA,LA,ASW,CE,Federal Contract Tower,0,0,3,0,3,0,47,4,0,51,0,47,7,0,54,58,0,58,112
09/24/2018,ARA,LA,ASW,CE,Federal Contract Tower,0,0,7,1,8,0,63,9,0,72,0,63,16,1,80,70,0,70,150
09/25/2018,ARA,LA,ASW,CE,Federal Contract Tower,0,0,7,1,8,0,66,49,1,116,0,66,56,2,124,186,0,186,310
09/26/2018,ARA,LA,ASW,CE,Federal Contract Tower,2,1,3,0,6,0,48,11,0,59,2,49,14,0,65,0,0,0,65
09/27/2018,ARA,LA,ASW,CE,Federal Contract Tower,0,1,3,5,9,0,59,31,0,90,0,60,34,5,99,100,0,100,199
09/28/2018,ARA,LA,ASW,CE,Federal Contract Tower,0,5,14,3,22,0,38,8,0,46,0,43,22,3,68,34,0,34,102
09/29/2018,ARA,LA,ASW,CE,Federal Contract Tower,0,1,6,0,7,0,32,2,0,34,0,33,8,0,41,16,0,16,57
09/30/2018,ARA,LA,ASW,CE,Federal Contract Tower,0,1,9,0,10,0,25,3,0,28,0,26,12,0,38,0,0,0,38
10/01/2018,ARA,LA,ASW,CE,Federal Contract Tower,0,0,7,11,18,0,53,25,2,80,0,53,32,13,98,82,2,84,182
10/02/2018,ARA,LA,ASW,CE,Federal Contract Tower,0,2,5,8,15,0,78,44,4,126,0,80,49,12,141,140,8,148,289
10/03/2018,ARA,LA,ASW,CE,Federal Contract Tower,0,1,6,8,15,0,58,44,1,103,0,59,50,9,118,140,2,142,260
10/04/2018,ARA,LA,ASW,CE,Federal Contract Tower,0,0,5,17,22,0,54,27,6,87,0,54,32,23,109,92,0,92,201
10/05/2018,ARA,LA,ASW,CE,Federal Contract Tower,0,0,6,9,15,0,40,35,0,75,0,40,41,9,90,134,8,142,232
10/06/2018,ARA,LA,ASW,CE,Federal Contract Tower,0,0,5,0,5,0,30,8,0,38,0,30,13,0,43,0,0,0,43
10/07/2018,ARA,LA,ASW,CE,Federal Contract Tower,2,0,9,0,11,0,38,21,0,59,2,38,30,0,70,4,0,4,74
10/08/2018,ARA,LA,ASW,CE,Federal Contract Tower,1,0,6,0,7,0,62,25,26,113,1,62,31,26,120,74,0,74,194
10/09/2018,ARA,LA,ASW,CE,Federal Contract Tower,0,0,3,4,7,0,65,18,0,83,0,65,21,4,90,286,4,290,380
10/10/2018,ARA,LA,ASW,CE,Federal Contract Tower,0,2,12,13,27,0,98,35,2,135,0,100,47,15,162,164,2,166,328
10/11/2018,ARA,LA,ASW,CE,Federal Contract Tower,0,3,5,7,15,0,89,42,2,133,0,92,47,9,148,122,6,128,276
10/12/2018,ARA,LA,ASW,CE,Federal Contract Tower,0,0,16,6,22,0,52,39,4,95,0,52,55,10,117,150,6,156,273
10/13/2018,ARA,LA,ASW,CE,Federal Contract Tower,0,0,5,0,5,0,42,29,0,71,0,42,34,0,76,46,0,46,122
10/14/2018,ARA,LA,ASW,CE,Federal Contract Tower,0,0,11,0,11,0,51,33,0,84,0,51,44,0,95,40,0,40,135
10/15/2018,ARA,LA,ASW,CE,Federal Contract Tower,2,1,2,9,14,0,55,26,0,81,2,56,28,9,95,110,0,110,205
10/16/2018,ARA,LA,ASW,CE,Federal Contract Tower,0,2,4,0,6,0,9,0,0,9,0,11,4,0,15,0,0,0,15
10/17/2018,ARA,LA,ASW,CE,Federal Contract Tower,0,6,9,3,18,0,8,4,0,12,0,14,13,3,30,8,0,8,38
10/18/2018,ARA,LA,ASW,CE,Federal Contract Tower,0,0,11,5,16,0,109,36,1,146,0,109,47,6,162,116,2,118,280
10/19/2018,ARA,LA,ASW,CE,Federal Contract Tower,0,0,7,6,13,0,64,49,4,117,0,64,56,10,130,170,6,176,306
10/20/2018,ARA,LA,ASW,CE,Federal Contract Tower,0,3,2,0,5,0,0,0,0,0,0,3,2,0,5,10,0,10,15
10/21/2018,ARA,LA,ASW,CE,Federal Contract Tower,0,0,5,10,15,0,83,26,0,109,0,83,31,10,124,12,8,20,144
10/22/2018,ARA,LA,ASW,CE,Federal Contract Tower,0,0,6,11,17,0,47,54,0,101,0,47,60,11,118,164,4,168,286
10/23/2018,ARA,LA,ASW,CE,Federal Contract Tower,1,6,9,2,18,0,38,15,0,53,1,44,24,2,71,188,0,188,259
10/24/2018,ARA,LA,ASW,CE,Federal Contract Tower,0,5,5,7,17,0,67,32,0,99,0,72,37,7,116,104,4,108,224
10/25/2018,ARA,LA,ASW,CE,Federal Contract Tower,0,2,3,0,5,0,59,9,0,68,0,61,12,0,73,84,0,84,157
10/26/2018,ARA,LA,ASW,CE,Federal Contract Tower,1,5,11,11,28,0,0,0,0,0,1,5,11,11,28,176,0,176,204
10/27/2018,ARA,LA,ASW,CE,Federal Contract Tower,0,2,2,0,4,0,0,0,0,0,0,2,2,0,4,52,0,52,56
10/28/2018,ARA,LA,ASW,CE,Federal Contract Tower,0,0,6,3,9,0,24,21,0,45,0,24,27,3,54,8,0,8,62
10/29/2018,ARA,LA,ASW,CE,Federal Contract Tower,0,1,7,15,23,0,47,60,0,107,0,48,67,15,130,154,22,176,306
10/30/2018,ARA,LA,ASW,CE,Federal Contract Tower,1,0,11,2,14,0,53,50,0,103,1,53,61,2,117,130,0,130,247
10/31/2018,ARA,LA,ASW,CE,Federal Contract Tower,0,0,0,4,4,0,85,46,0,131,0,85,46,4,135,150,0,150,285
11/01/2018,ARA,LA,ASW,CE,Federal Contract Tower,0,0,11,13,24,0,50,16,2,68,0,50,27,15,92,164,12,176,268
11/02/2018,ARA,LA,ASW,CE,Federal Contract Tower,0,0,5,4,9,0,51,39,0,90,0,51,44,4,99,216,0,216,315
11/03/2018,ARA,LA,ASW,CE,Federal Contract Tower,1,0,2,0,3,0,0,0,0,0,1,0,2,0,3,26,0,26,29
11/04/2018,ARA,LA,ASW,CE,Federal Contract Tower,0,0,6,0,6,0,34,7,0,41,0,34,13,0,47,14,0,14,61
11/05/2018,ARA,LA,ASW,CE,Federal Contract Tower,0,0,6,9,15,0,46,6,0,52,0,46,12,9,67,22,0,22,89
11/06/2018,ARA,LA,ASW,CE,Federal Contract Tower,0,0,12,6,18,0,36,22,0,58,0,36,34,6,76,154,0,154,230
11/07/2018,ARA,LA,ASW,CE,Federal Contract Tower,1,2,0,0,3,0,17,2,0,19,1,19,2,0,22,34,0,34,56
11/08/2018,ARA,LA,ASW,CE,Federal Contract Tower,0,5,5,7,17,0,16,0,0,16,0,21,5,7,33,12,0,12,45
11/09/2018,ARA,LA,ASW,CE,Federal Contract Tower,0,8,5,0,13,0,0,0,0,0,0,8,5,0,13,16,0,16,29
11/10/2018,ARA,LA,ASW,CE,Federal Contract Tower,0,0,14,0,14,0,42,42,0,84,0,42,56,0,98,30,0,30,128
11/11/2018,ARA,LA,ASW,CE,Federal Contract Tower,0,0,5,3,8,0,33,2,0,35,0,33,7,3,43,2,0,2,45
11/12/2018,ARA,LA,ASW,CE,Federal Contract Tower,0,3,3,2,8,0,25,0,0,25,0,28,3,2,33,28,0,28,61
11/13/2018,ARA,LA,ASW,CE,Federal Contract Tower,0,1,2,3,6,0,47,19,0,66,0,48,21,3,72,124,0,124,196
11/14/2018,ARA,LA,ASW,CE,Federal Contract Tower,0,3,7,0,10,0,72,21,0,93,0,75,28,0,103,216,0,216,319
11/15/2018,ARA,LA,ASW,CE,Federal Contract Tower,0,2,5,4,11,0,98,35,1,134,0,100,40,5,145,224,0,224,369
11/16/2018,ARA,LA,ASW,CE,Federal Contract Tower,0,0,9,15,24,0,39,43,6,88,0,39,52,21,112,122,4,126,238
11/17/2018,ARA,LA,ASW,CE,Federal Contract Tower,1,0,1,5,7,0,45,36,0,81,1,45,37,5,88,100,0,100,188
11/18/2018,ARA,LA,ASW,CE,Federal Contract Tower,0,0,6,4,10,0,37,25,0,62,0,37,31,4,72,46,4,50,122
11/19/2018,ARA,LA,ASW,CE,Federal Contract Tower,0,0,7,8,15,0,47,12,0,59,0,47,19,8,74,104,0,104,178
11/20/2018,ARA,LA,ASW,CE,Federal Contract Tower,0,0,14,10,24,0,59,30,1,90,0,59,44,11,114,86,0,86,200
11/21/2018,ARA,LA,ASW,CE,Federal Contract Tower,0,1,3,0,4,0,86,30,4,120,0,87,33,4,124,98,0,98,222
11/22/2018,ARA,LA,ASW,CE,Federal Contract Tower,0,0,0,0,0,0,62,12,0,74,0,62,12,0,74,0,0,0,74
11/23/2018,ARA,LA,ASW,CE,Federal Contract Tower,0,0,4,0,4,0,1,0,0,1,0,1,4,0,5,68,0,68,73
11/24/2018,ARA,LA,ASW,CE,Federal Contract Tower,0,0,6,0,6,0,23,17,0,40,0,23,23,0,46,60,0,60,106
11/25/2018,ARA,LA,ASW,CE,Federal Contract Tower,0,0,12,0,12,0,27,3,0,30,0,27,15,0,42,42,0,42,84
11/26/2018,ARA,LA,ASW,CE,Federal Contract Tower,0,0,10,6,16,0,62,25,0,87,0,62,35,6,103,160,0,160,263
11/27/2018,ARA,LA,ASW,CE,Federal Contract Tower,0,0,9,2,11,0,82,50,2,134,0,82,59,4,145,188,0,188,333
11/28/2018,ARA,LA,ASW,CE,Federal Contract Tower,0,0,8,0,8,0,91,32,10,133,0,91,40,10,141,166,0,166,307
11/29/2018,ARA,LA,ASW,CE,Federal Contract Tower,0,0,8,2,10,0,79,25,0,104,0,79,33,2,114,140,0,140,254
11/30/2018,ARA,LA,ASW,CE,Federal Contract Tower,0,0,10,8,18,0,36,15,0,51,0,36,25,8,69,38,0,38,107
12/01/2018,ARA,LA,ASW,CE,Federal Contract Tower,1,1,3,0,5,0,16,10,0,26,1,17,13,0,31,16,0,16,47
12/02/2018,ARA,LA,ASW,CE,Federal Contract Tower,0,2,4,4,10,0,44,32,1,77,0,46,36,5,87,116,0,116,203
12/03/2018,ARA,LA,ASW,CE,Federal Contract Tower,0,0,2,7,9,0,55,34,0,89,0,55,36,7,98,176,6,182,280
12/04/2018,ARA,LA,ASW,CE,Federal Contract Tower,0,0,6,5,11,0,106,33,1,140,0,106,39,6,151,142,0,142,293
12/05/2018,ARA,LA,ASW,CE,Federal Contract Tower,0,0,12,4,16,0,75,43,0,118,0,75,55,4,134,98,0,98,232
12/06/2018,ARA,LA,ASW,CE,Federal Contract Tower,2,2,9,5,18,0,92,39,2,133,2,94,48,7,151,100,18,118,269
12/07/2018,ARA,LA,ASW,CE,Federal Contract Tower,0,0,4,4,8,0,55,25,1,81,0,55,29,5,89,120,0,120,209
12/08/2018,ARA,LA,ASW,CE,Federal Contract Tower,0,0,1,2,3,0,0,0,0,0,0,0,1,2,3,0,0,0,3
12/09/2018,ARA,LA,ASW,CE,Federal Contract Tower,1,5,7,3,16,0,53,5,3,61,1,58,12,6,77,28,0,28,105
12/10/2018,ARA,LA,ASW,CE,Federal Contract Tower,0,3,14,5,22,0,49,31,3,83,0,52,45,8,105,12,0,12,117
12/11/2018,ARA,LA,ASW,CE,Federal Contract Tower,0,0,14,1,15,0,63,36,2,101,0,63,50,3,116,176,0,176,292
12/12/2018,ARA,LA,ASW,CE,Federal Contract Tower,0,0,7,8,15,0,75,34,2,111,0,75,41,10,126,136,0,136,262
12/13/2018,ARA,LA,ASW,CE,Federal Contract Tower,1,0,3,0,4,0,62,3,0,65,1,62,6,0,69,30,0,30,99
12/14/2018,ARA,LA,ASW,CE,Federal Contract Tower,0,14,15,0,29,0,55,20,0,75,0,69,35,0,104,18,0,18,122
12/15/2018,ARA,LA,ASW,CE,Federal Contract Tower,0,1,11,2,14,0,51,3,0,54,0,52,14,2,68,52,0,52,120
12/16/2018,ARA,LA,ASW,CE,Federal Contract Tower,0,0,5,16,21,0,55,25,10,90,0,55,30,26,111,18,8,26,137
12/17/2018,ARA,LA,ASW,CE,Federal Contract Tower,0,8,16,7,31,0,68,13,0,81,0,76,29,7,112,60,0,60,172
12/18/2018,ARA,LA,ASW,CE,Federal Contract Tower,0,0,5,0,5,0,69,42,0,111,0,69,47,0,116,120,0,120,236
12/19/2018,ARA,LA,ASW,CE,Federal Contract Tower,0,3,3,2,8,0,46,2,0,48,0,49,5,2,56,0,0,0,56
12/20/2018,ARA,LA,ASW,CE,Federal Contract Tower,1,10,2,2,15,0,48,0,0,48,1,58,2,2,63,0,0,0,63
12/21/2018,ARA,LA,ASW,CE,Federal Contract Tower,0,4,4,0,8,0,67,12,3,82,0,71,16,3,90,50,2,52,142
12/22/2018,ARA,LA,ASW,CE,Federal Contract Tower,1,0,4,0,5,0,54,27,0,81,1,54,31,0,86,64,0,64,150
12/23/2018,ARA,LA,ASW,CE,Federal Contract Tower,0,0,2,0,2,0,50,20,0,70,0,50,22,0,72,62,0,62,134
12/24/2018,ARA,LA,ASW,CE,Federal Contract Tower,0,0,1,0,1,0,28,13,0,41,0,28,14,0,42,50,0,50,92
12/25/2018,ARA,LA,ASW,CE,Federal Contract Tower,0,0,1,0,1,0,52,5,0,57,0,52,6,0,58,18,0,18,76
12/26/2018,ARA,LA,ASW,CE,Federal Contract Tower,0,0,3,0,3,0,55,4,0,59,0,55,7,0,62,0,0,0,62
12/27/2018,ARA,LA,ASW,CE,Federal Contract Tower,0,0,2,0,2,0,22,0,0,22,0,22,2,0,24,0,0,0,24
12/28/2018,ARA,LA,ASW,CE,Federal Contract Tower,0,6,12,4,22,0,67,20,0,87,0,73,32,4,109,54,0,54,163
12/29/2018,ARA,LA,ASW,CE,Federal Contract Tower,0,0,5,0,5,0,6,0,0,6,0,6,5,0,11,12,0,12,23
12/30/2018,ARA,LA,ASW,CE,Federal Contract Tower,0,0,0,0,0,0,0,0,0,0,0,0,0,0,0,0,0,0,0
12/31/2018,ARA,LA,ASW,CE,Federal Contract Tower,0,1,1,0,2,0,36,0,0,36,0,37,1,0,38,14,0,14,52
01/01/2019,ARA,LA,ASW,CE,Federal Contract Tower,0,0,1,0,1,0,47,14,0,61,0,47,15,0,62,0,0,0,62
01/02/2019,ARA,LA,ASW,CE,Federal Contract Tower,0,0,4,0,4,0,0,0,0,0,0,0,4,0,4,0,0,0,4
01/03/2019,ARA,LA,ASW,CE,Federal Contract Tower,1,11,3,2,17,0,43,0,0,43,1,54,3,2,60,0,0,0,60
01/04/2019,ARA,LA,ASW,CE,Federal Contract Tower,0,3,5,4,12,0,54,34,0,88,0,57,39,4,100,40,10,50,150
01/05/2019,ARA,LA,ASW,CE,Federal Contract Tower,0,0,8,4,12,0,53,34,0,87,0,53,42,4,99,26,0,26,125
01/06/2019,ARA,LA,ASW,CE,Federal Contract Tower,0,4,3,2,9,0,33,29,0,62,0,37,32,2,71,42,0,42,113
01/07/2019,ARA,LA,ASW,CE,Federal Contract Tower,0,0,5,3,8,0,62,28,4,94,0,62,33,7,102,152,32,184,286
01/08/2019,ARA,LA,ASW,CE,Federal Contract Tower,0,1,3,9,13,0,88,16,7,111,0,89,19,16,124,96,0,96,220
01/09/2019,ARA,LA,ASW,CE,Federal Contract Tower,0,0,2,2,4,0,94,25,0,119,0,94,27,2,123,170,2,172,295
01/10/2019,ARA,LA,ASW,CE,Federal Contract Tower,0,0,2,8,10,0,74,27,4,105,0,74,29,12,115,66,2,68,183
01/11/2019,ARA,LA,ASW,CE,Federal Contract Tower,0,0,7,8,15,0,64,27,3,94,0,64,34,11,109,72,2,74,183
01/12/2019,ARA,LA,ASW,CE,Federal Contract Tower,0,1,1,6,8,0,55,4,0,59,0,56,5,6,67,40,0,40,107
01/13/2019,ARA,LA,ASW,CE,Federal Contract Tower,0,0,7,2,9,0,62,30,0,92,0,62,37,2,101,80,0,80,181
01/14/2019,ARA,LA,ASW,CE,Federal Contract Tower,0,0,4,8,12,0,83,21,0,104,0,83,25,8,116,108,0,108,224
01/15/2019,ARA,LA,ASW,CE,Federal Contract Tower,0,0,5,5,10,0,64,31,0,95,0,64,36,5,105,82,0,82,187
01/16/2019,ARA,LA,ASW,CE,Federal Contract Tower,2,0,6,7,15,0,93,38,0,131,2,93,44,7,146,42,10,52,198
01/17/2019,ARA,LA,ASW,CE,Federal Contract Tower,0,1,8,4,13,0,79,12,0,91,0,80,20,4,104,84,0,84,188
01/18/2019,ARA,LA,ASW,CE,Federal Contract Tower,0,2,9,0,11,0,5,9,0,14,0,7,18,0,25,54,0,54,79
01/19/2019,ARA,LA,ASW,CE,Federal Contract Tower,0,0,1,0,1,0,23,2,0,25,0,23,3,0,26,12,0,12,38
01/20/2019,ARA,LA,ASW,CE,Federal Contract Tower,0,0,5,0,5,0,42,21,0,63,0,42,26,0,68,32,0,32,100
01/21/2019,ARA,LA,ASW,CE,Federal Contract Tower,1,0,5,1,7,0,65,31,0,96,1,65,36,1,103,62,0,62,165
01/22/2019,ARA,LA,ASW,CE,Federal Contract Tower,0,0,1,4,5,0,85,16,2,103,0,85,17,6,108,8,0,8,116
01/24/2019,ARA,LA,ASW,CE,Federal Contract Tower,0,0,10,10,20,0,101,48,0,149,0,101,58,10,169,54,0,54,223
01/25/2019,ARA,LA,ASW,CE,Federal Contract Tower,0,1,8,9,18,0,42,36,1,79,0,43,44,10,97,64,0,64,161
01/26/2019,ARA,LA,ASW,CE,Federal Contract Tower,0,0,2,2,4,0,38,23,0,61,0,38,25,2,65,68,0,68,133
01/27/2019,ARA,LA,ASW,CE,Federal Contract Tower,0,0,4,13,17,0,43,17,4,64,0,43,21,17,81,38,2,40,121
01/28/2019,ARA,LA,ASW,CE,Federal Contract Tower,2,0,7,8,17,0,63,31,4,98,2,63,38,12,115,138,6,144,259
01/29/2019,ARA,LA,ASW,CE,Federal Contract Tower,1,0,2,5,8,0,70,21,0,91,1,70,23,5,99,72,0,72,171
01/30/2019,ARA,LA,ASW,CE,Federal Contract Tower,0,0,4,4,8,0,124,34,2,160,0,124,38,6,168,141,0,141,309
01/31/2019,ARA,LA,ASW,CE,Federal Contract Tower,0,1,11,4,16,0,82,25,4,111,0,83,36,8,127,104,0,104,231
02/01/2019,ARA,LA,ASW,CE,Federal Contract Tower,0,0,6,6,12,0,37,16,0,53,0,37,22,6,65,36,0,36,101
02/02/2019,ARA,LA,ASW,CE,Federal Contract Tower,0,1,1,0,2,0,17,30,0,47,0,18,31,0,49,76,0,76,125
02/03/2019,ARA,LA,ASW,CE,Federal Contract Tower,0,0,6,0,6,0,0,5,0,5,0,0,11,0,11,10,0,10,21
02/04/2019,ARA,LA,ASW,CE,Federal Contract Tower,0,0,8,2,10,0,3,2,0,5,0,3,10,2,15,40,0,40,55
02/05/2019,ARA,LA,ASW,CE,Federal Contract Tower,1,9,3,1,14,0,23,3,0,26,1,32,6,1,40,22,0,22,62
02/06/2019,ARA,LA,ASW,CE,Federal Contract Tower,1,2,4,2,9,0,23,13,0,36,1,25,17,2,45,64,0,64,109
02/07/2019,ARA,LA,ASW,CE,Federal Contract Tower,0,1,4,15,20,0,32,14,0,46,0,33,18,15,66,84,0,84,150
02/08/2019,ARA,LA,ASW,CE,Federal Contract Tower,0,0,8,2,10,0,90,21,0,111,0,90,29,2,121,72,0,72,193
02/09/2019,ARA,LA,ASW,CE,Federal Contract Tower,0,0,1,4,5,0,63,18,0,81,0,63,19,4,86,60,0,60,146
02/10/2019,ARA,LA,ASW,CE,Federal Contract Tower,0,0,1,3,4,0,65,21,0,86,0,65,22,3,90,56,0,56,146
02/11/2019,ARA,LA,ASW,CE,Federal Contract Tower,0,0,9,3,12,0,1,6,0,7,0,1,15,3,19,72,0,72,91
02/12/2019,ARA,LA,ASW,CE,Federal Contract Tower,1,0,5,5,11,0,38,11,2,51,1,38,16,7,62,84,4,88,150
02/13/2019,ARA,LA,ASW,CE,Federal Contract Tower,0,2,13,5,20,0,124,56,4,184,0,126,69,9,204,170,2,172,376
02/14/2019,ARA,LA,ASW,CE,Federal Contract Tower,1,0,9,8,18,0,98,26,0,124,1,98,35,8,142,40,0,40,182
02/15/2019,ARA,LA,ASW,CE,Federal Contract Tower,0,0,4,8,12,0,44,18,0,62,0,44,22,8,74,134,0,134,208
02/16/2019,ARA,LA,ASW,CE,Federal Contract Tower,0,1,8,0,9,0,6,10,0,16,0,7,18,0,25,78,0,78,103
02/17/2019,ARA,LA,ASW,CE,Federal Contract Tower,0,2,1,5,8,0,8,2,0,10,0,10,3,5,18,42,0,42,60
02/18/2019,ARA,LA,ASW,CE,Federal Contract Tower,0,2,5,9,16,0,51,13,3,67,0,53,18,12,83,54,0,54,137
02/19/2019,ARA,LA,ASW,CE,Federal Contract Tower,0,2,3,4,9,0,27,3,0,30,0,29,6,4,39,22,0,22,61
02/20/2019,ARA,LA,ASW,CE,Federal Contract Tower,1,0,6,2,9,0,16,15,0,31,1,16,21,2,40,76,0,76,116
02/21/2019,ARA,LA,ASW,CE,Federal Contract Tower,1,1,3,0,5,0,8,5,0,13,1,9,8,0,18,46,0,46,64
02/22/2019,ARA,LA,ASW,CE,Federal Contract Tower,1,4,7,10,22,0,13,12,0,25,1,17,19,10,47,30,0,30,77
02/23/2019,ARA,LA,ASW,CE,Federal Contract Tower,0,0,3,0,3,0,0,1,0,1,0,0,4,0,4,0,0,0,4
02/24/2019,ARA,LA,ASW,CE,Federal Contract Tower,0,0,5,11,16,0,43,47,1,91,0,43,52,12,107,118,2,120,227
02/25/2019,ARA,LA,ASW,CE,Federal Contract Tower,0,0,8,9,17,0,67,20,0,87,0,67,28,9,104,122,0,122,226
02/26/2019,ARA,LA,ASW,CE,Federal Contract Tower,0,0,6,1,7,0,54,32,3,89,0,54,38,4,96,170,0,170,266
02/27/2019,ARA,LA,ASW,CE,Federal Contract Tower,0,2,7,1,10,0,50,17,1,68,0,52,24,2,78,58,4,62,140
02/28/2019,ARA,LA,ASW,CE,Federal Contract Tower,1,1,2,1,5,0,18,6,1,25,1,19,8,2,30,54,2,56,86
03/01/2019,ARA,LA,ASW,CE,Federal Contract Tower,0,1,4,6,11,0,19,17,0,36,0,20,21,6,47,88,4,92,139
03/03/2019,ARA,LA,ASW,CE,Federal Contract Tower,0,0,0,2,2,0,14,1,0,15,0,14,1,2,17,0,0,0,17
03/04/2019,ARA,LA,ASW,CE,Federal Contract Tower,1,0,5,10,16,0,65,11,0,76,1,65,16,10,92,72,0,72,164
03/05/2019,ARA,LA,ASW,CE,Federal Contract Tower,0,0,1,7,8,0,68,24,1,93,0,68,25,8,101,34,0,34,135
03/06/2019,ARA,LA,ASW,CE,Federal Contract Tower,2,0,11,4,17,0,69,28,1,98,2,69,39,5,115,116,8,124,239
03/07/2019,ARA,LA,ASW,CE,Federal Contract Tower,1,0,6,8,15,0,79,17,1,97,1,79,23,9,112,90,4,94,206
03/08/2019,ARA,LA,ASW,CE,Federal Contract Tower,0,0,2,6,8,0,54,19,2,75,0,54,21,8,83,82,0,82,165
03/09/2019,ARA,LA,ASW,CE,Federal Contract Tower,0,0,3,0,3,0,14,0,0,14,0,14,3,0,17,0,0,0,17
03/10/2019,ARA,LA,ASW,CE,Federal Contract Tower,0,2,4,0,6,0,2,11,0,13,0,4,15,0,19,38,0,38,57
03/11/2019,ARA,LA,ASW,CE,Federal Contract Tower,0,1,5,5,11,0,10,15,1,26,0,11,20,6,37,68,0,68,105
03/12/2019,ARA,LA,ASW,CE,Federal Contract Tower,0,0,5,6,11,0,35,18,5,58,0,35,23,11,69,118,0,118,187
03/13/2019,ARA,LA,ASW,CE,Federal Contract Tower,0,0,4,2,6,0,48,2,0,50,0,48,6,2,56,0,0,0,56
03/14/2019,ARA,LA,ASW,CE,Federal Contract Tower,1,0,5,0,6,0,10,0,0,10,1,10,5,0,16,0,0,0,16
03/15/2019,ARA,LA,ASW,CE,Federal Contract Tower,0,0,6,19,25,0,29,27,0,56,0,29,33,19,81,140,0,140,221
03/16/2019,ARA,LA,ASW,CE,Federal Contract Tower,1,1,1,6,9,0,112,16,0,128,1,113,17,6,137,100,0,100,237
03/17/2019,ARA,LA,ASW,CE,Federal Contract Tower,1,0,4,0,5,0,40,20,0,60,1,40,24,0,65,20,0,20,85
03/18/2019,ARA,LA,ASW,CE,Federal Contract Tower,0,0,2,14,16,0,63,24,2,89,0,63,26,16,105,132,16,148,253
03/19/2019,ARA,LA,ASW,CE,Federal Contract Tower,2,2,10,6,20,0,88,17,0,105,2,90,27,6,125,48,0,48,173
03/20/2019,ARA,LA,ASW,CE,Federal Contract Tower,0,0,5,17,22,0,70,37,5,112,0,70,42,22,134,66,2,68,202
03/21/2019,ARA,LA,ASW,CE,Federal Contract Tower,0,0,5,10,15,0,78,39,3,120,0,78,44,13,135,60,0,60,195
03/22/2019,ARA,LA,ASW,CE,Federal Contract Tower,0,0,3,11,14,0,52,44,2,98,0,52,47,13,112,80,8,88,200
03/23/2019,ARA,LA,ASW,CE,Federal Contract Tower,0,2,2,2,6,0,33,15,0,48,0,35,17,2,54,26,0,26,80
03/24/2019,ARA,LA,ASW,CE,Federal Contract Tower,0,0,2,0,2,0,32,13,0,45,0,32,15,0,47,62,0,62,109
03/25/2019,ARA,LA,ASW,CE,Federal Contract Tower,0,0,5,0,5,0,61,12,0,73,0,61,17,0,78,134,0,134,212
03/26/2019,ARA,LA,ASW,CE,Federal Contract Tower,0,0,8,10,18,0,81,23,6,110,0,81,31,16,128,114,4,118,246
03/27/2019,ARA,LA,ASW,CE,Federal Contract Tower,2,0,6,5,13,0,69,35,0,104,2,69,41,5,117,98,0,98,215
03/28/2019,ARA,LA,ASW,CE,Federal Contract Tower,0,0,9,7,16,0,97,36,3,136,0,97,45,10,152,128,4,132,284
03/29/2019,ARA,LA,ASW,CE,Federal Contract Tower,0,2,9,5,16,0,60,41,1,102,0,62,50,6,118,172,0,172,290
03/30/2019,ARA,LA,ASW,CE,Federal Contract Tower,0,4,3,4,11,0,46,13,2,61,0,50,16,6,72,82,38,120,192
03/31/2019,ARA,LA,ASW,CE,Federal Contract Tower,0,0,4,0,4,0,40,4,0,44,0,40,8,0,48,54,0,54,102
04/01/2019,ARA,LA,ASW,CE,Federal Contract Tower,1,1,13,3,18,0,52,32,1,85,1,53,45,4,103,124,2,126,229
04/02/2019,ARA,LA,ASW,CE,Federal Contract Tower,0,0,1,9,10,0,69,27,3,99,0,69,28,12,109,4,0,4,113
04/03/2019,ARA,LA,ASW,CE,Federal Contract Tower,2,0,7,2,11,0,62,30,2,94,2,62,37,4,105,74,0,74,179
04/04/2019,ARA,LA,ASW,CE,Federal Contract Tower,0,1,4,0,5,0,9,2,0,11,0,10,6,0,16,4,0,4,20
04/05/2019,ARA,LA,ASW,CE,Federal Contract Tower,1,4,3,2,10,0,35,2,0,37,1,39,5,2,47,50,0,50,97
04/06/2019,ARA,LA,ASW,CE,Federal Contract Tower,0,0,3,4,7,0,18,5,0,23,0,18,8,4,30,32,0,32,62
04/07/2019,ARA,LA,ASW,CE,Federal Contract Tower,0,0,0,0,0,0,11,2,0,13,0,11,2,0,13,12,0,12,25
04/08/2019,ARA,LA,ASW,CE,Federal Contract Tower,0,0,3,0,3,0,66,20,0,86,0,66,23,0,89,116,0,116,205
04/09/2019,ARA,LA,ASW,CE,Federal Contract Tower,1,0,5,4,10,0,80,44,4,128,1,80,49,8,138,114,2,116,254
04/10/2019,ARA,LA,ASW,CE,Federal Contract Tower,0,0,5,2,7,0,68,43,2,113,0,68,48,4,120,39,0,39,159
04/11/2019,ARA,LA,ASW,CE,Federal Contract Tower,0,0,5,2,7,0,63,29,4,96,0,63,34,6,103,44,6,50,153
04/12/2019,ARA,LA,ASW,CE,Federal Contract Tower,0,0,7,0,7,0,38,36,0,74,0,38,43,0,81,164,0,164,245
04/13/2019,ARA,LA,ASW,CE,Federal Contract Tower,0,0,3,0,3,0,5,3,0,8,0,5,6,0,11,76,0,76,87
04/14/2019,ARA,LA,ASW,CE,Federal Contract Tower,1,0,7,6,14,0,49,6,1,56,1,49,13,7,70,70,0,70,140
04/15/2019,ARA,LA,ASW,CE,Federal Contract Tower,1,0,5,2,8,0,41,56,1,98,1,41,61,3,106,42,0,42,148
04/16/2019,ARA,LA,ASW,CE,Federal Contract Tower,0,1,5,10,16,0,73,36,0,109,0,74,41,10,125,28,14,42,167
04/17/2019,ARA,LA,ASW,CE,Federal Contract Tower,0,0,4,2,6,0,68,35,2,105,0,68,39,4,111,82,0,82,193
04/18/2019,ARA,LA,ASW,CE,Federal Contract Tower,0,4,0,0,4,0,10,0,0,10,0,14,0,0,14,0,0,0,14
04/19/2019,ARA,LA,ASW,CE,Federal Contract Tower,2,0,6,5,13,0,52,18,1,71,2,52,24,6,84,14,0,14,98
04/20/2019,ARA,LA,ASW,CE,Federal Contract Tower,0,0,4,4,8,0,40,28,1,69,0,40,32,5,77,22,0,22,99
04/21/2019,ARA,LA,ASW,CE,Federal Contract Tower,0,0,4,1,5,0,34,8,2,44,0,34,12,3,49,62,18,80,129
04/22/2019,ARA,LA,ASW,CE,Federal Contract Tower,1,0,1,15,17,0,44,12,3,59,1,44,13,18,76,90,16,106,182
04/23/2019,ARA,LA,ASW,CE,Federal Contract Tower,1,2,5,11,19,0,58,24,3,85,1,60,29,14,104,96,2,98,202
04/24/2019,ARA,LA,ASW,CE,Federal Contract Tower,0,0,7,8,15,0,93,15,0,108,0,93,22,8,123,64,0,64,187
04/25/2019,ARA,LA,ASW,CE,Federal Contract Tower,0,0,1,2,3,0,59,3,0,62,0,59,4,2,65,34,0,34,99
04/26/2019,ARA,LA,ASW,CE,Federal Contract Tower,0,0,8,22,30,0,43,24,7,74,0,43,32,29,104,16,18,34,138
04/27/2019,ARA,LA,ASW,CE,Federal Contract Tower,0,1,4,0,5,0,41,25,1,67,0,42,29,1,72,72,0,72,144
04/28/2019,ARA,LA,ASW,CE,Federal Contract Tower,0,0,2,16,18,0,55,23,5,83,0,55,25,21,101,14,22,36,137
04/29/2019,ARA,LA,ASW,CE,Federal Contract Tower,0,0,6,7,13,0,44,16,0,60,0,44,22,7,73,28,10,38,111
04/30/2019,ARA,LA,ASW,CE,Federal Contract Tower,1,3,6,4,14,0,73,7,1,81,1,76,13,5,95,138,2,140,235
05/01/2019,ARA,LA,ASW,CE,Federal Contract Tower,1,2,7,13,23,0,71,12,10,93,1,73,19,23,116,170,0,170,286
05/02/2019,ARA,LA,ASW,CE,Federal Contract Tower,0,0,7,5,12,0,78,15,7,100,0,78,22,12,112,156,4,160,272
05/03/2019,ARA,LA,ASW,CE,Federal Contract Tower,0,2,4,11,17,0,55,17,9,81,0,57,21,20,98,56,8,64,162
05/04/2019,ARA,LA,ASW,CE,Federal Contract Tower,0,0,2,4,6,0,31,3,0,34,0,31,5,4,40,0,0,0,40
05/05/2019,ARA,LA,ASW,CE,Federal Contract Tower,1,0,3,1,5,0,51,36,1,88,1,51,39,2,93,34,8,42,135
05/06/2019,ARA,LA,ASW,CE,Federal Contract Tower,0,2,6,10,18,0,63,20,1,84,0,65,26,11,102,36,10,46,148
05/07/2019,ARA,LA,ASW,CE,Federal Contract Tower,2,1,4,13,20,0,67,20,4,91,2,68,24,17,111,130,8,138,249
05/08/2019,ARA,LA,ASW,CE,Federal Contract Tower,1,0,5,0,6,0,77,4,0,81,1,77,9,0,87,18,0,18,105
05/09/2019,ARA,LA,ASW,CE,Federal Contract Tower,0,0,6,0,6,0,41,3,0,44,0,41,9,0,50,18,0,18,68
05/10/2019,ARA,LA,ASW,CE,Federal Contract Tower,1,0,5,0,6,0,41,14,0,55,1,41,19,0,61,42,0,42,103
05/11/2019,ARA,LA,ASW,CE,Federal Contract Tower,0,0,6,2,8,0,28,6,0,34,0,28,12,2,42,56,0,56,98
05/12/2019,ARA,LA,ASW,CE,Federal Contract Tower,0,0,4,0,4,0,43,13,0,56,0,43,17,0,60,18,0,18,78
05/13/2019,ARA,LA,ASW,CE,Federal Contract Tower,0,0,13,22,35,0,42,32,2,76,0,42,45,24,111,78,10,88,199
05/14/2019,ARA,LA,ASW,CE,Federal Contract Tower,0,0,5,19,24,0,63,48,1,112,0,63,53,20,136,36,2,38,174
05/15/2019,ARA,LA,ASW,CE,Federal Contract Tower,0,0,2,10,12,0,81,29,3,113,0,81,31,13,125,40,4,44,169
05/16/2019,ARA,LA,ASW,CE,Federal Contract Tower,0,0,9,12,21,0,52,19,3,74,0,52,28,15,95,32,4,36,131
05/17/2019,ARA,LA,ASW,CE,Federal Contract Tower,0,0,5,12,17,0,36,20,6,62,0,36,25,18,79,52,30,82,161
05/18/2019,ARA,LA,ASW,CE,Federal Contract Tower,1,0,0,0,1,0,37,9,2,48,1,37,9,2,49,74,0,74,123
05/19/2019,ARA,LA,ASW,CE,Federal Contract Tower,1,0,3,0,4,0,15,5,0,20,1,15,8,0,24,86,0,86,110
05/20/2019,ARA,LA,ASW,CE,Federal Contract Tower,0,4,3,4,11,0,49,19,2,70,0,53,22,6,81,82,6,88,169
05/21/2019,ARA,LA,ASW,CE,Federal Contract Tower,1,0,6,8,15,0,66,29,2,97,1,66,35,10,112,150,0,150,262
05/22/2019,ARA,LA,ASW,CE,Federal Contract Tower,0,0,3,6,9,0,72,21,4,97,0,72,24,10,106,26,0,26,132
05/23/2019,ARA,LA,ASW,CE,Federal Contract Tower,1,0,1,6,8,0,39,28,7,74,1,39,29,13,82,50,0,50,132
05/24/2019,ARA,LA,ASW,CE,Federal Contract Tower,1,0,9,0,10,0,29,35,0,64,1,29,44,0,74,91,0,91,165
05/25/2019,ARA,LA,ASW,CE,Federal Contract Tower,0,0,6,0,6,0,42,33,0,75,0,42,39,0,81,258,0,258,339
05/26/2019,ARA,LA,ASW,CE,Federal Contract Tower,0,0,1,0,1,0,49,18,0,67,0,49,19,0,68,142,0,142,210
05/27/2019,ARA,LA,ASW,CE,Federal Contract Tower,1,0,6,0,7,0,54,27,0,81,1,54,33,0,88,148,0,148,236
05/28/2019,ARA,LA,ASW,CE,Federal Contract Tower,0,0,1,0,1,0,89,20,0,109,0,89,21,0,110,204,0,204,314
05/29/2019,ARA,LA,ASW,CE,Federal Contract Tower,0,0,3,8,11,0,62,26,0,88,0,62,29,8,99,6,0,6,105
05/30/2019,ARA,LA,ASW,CE,Federal Contract Tower,1,0,10,3,14,0,63,19,1,83,1,63,29,4,97,58,0,58,155
05/31/2019,ARA,LA,ASW,CE,Federal Contract Tower,1,0,7,16,24,0,47,12,3,62,1,47,19,19,86,10,54,64,150
06/01/2019,ARA,LA,ASW,CE,Federal Contract Tower,0,0,4,2,6,0,51,14,0,65,0,51,18,2,71,50,10,60,131
06/02/2019,ARA,LA,ASW,CE,Federal Contract Tower,0,0,2,22,24,0,38,19,6,63,0,38,21,28,87,24,6,30,117
06/03/2019,ARA,LA,ASW,CE,Federal Contract Tower,1,0,4,10,15,0,56,20,6,82,1,56,24,16,97,66,4,70,167
06/04/2019,ARA,LA,ASW,CE,Federal Contract Tower,0,0,7,4,11,0,54,22,0,76,0,54,29,4,87,88,0,88,175
06/05/2019,ARA,LA,ASW,CE,Federal Contract Tower,0,0,4,0,4,0,16,0,0,16,0,16,4,0,20,18,0,18,38
06/06/2019,ARA,LA,ASW,CE,Federal Contract Tower,1,0,4,0,5,0,86,1,0,87,1,86,5,0,92,0,0,0,92
06/07/2019,ARA,LA,ASW,CE,Federal Contract Tower,1,0,2,7,10,0,52,12,1,65,1,52,14,8,75,36,0,36,111
06/08/2019,ARA,LA,ASW,CE,Federal Contract Tower,1,0,3,7,11,0,50,39,1,90,1,50,42,8,101,40,14,54,155
06/09/2019,ARA,LA,ASW,CE,Federal Contract Tower,0,2,3,12,17,0,50,20,5,75,0,52,23,17,92,74,0,74,166
06/10/2019,ARA,LA,ASW,CE,Federal Contract Tower,1,0,2,8,11,1,70,18,1,90,2,70,20,9,101,82,0,82,183
06/11/2019,ARA,LA,ASW,CE,Federal Contract Tower,1,0,4,9,14,0,93,29,1,123,1,93,33,10,137,64,0,64,201
06/12/2019,ARA,LA,ASW,CE,Federal Contract Tower,0,2,7,15,24,0,74,22,4,100,0,76,29,19,124,4,6,10,134
06/13/2019,ARA,LA,ASW,CE,Federal Contract Tower,0,0,7,12,19,0,60,29,0,89,0,60,36,12,108,8,10,18,126
06/14/2019,ARA,LA,ASW,CE,Federal Contract Tower,2,1,2,6,11,0,38,28,1,67,2,39,30,7,78,26,6,32,110
06/15/2019,ARA,LA,ASW,CE,Federal Contract Tower,0,0,2,4,6,0,29,9,0,38,0,29,11,4,44,8,0,8,52
06/16/2019,ARA,LA,ASW,CE,Federal Contract Tower,0,0,4,10,14,0,42,12,3,57,0,42,16,13,71,70,2,72,143
06/17/2019,ARA,LA,ASW,CE,Federal Contract Tower,1,0,8,0,9,0,29,2,0,31,1,29,10,0,40,26,0,26,66
06/18/2019,ARA,LA,ASW,CE,Federal Contract Tower,1,0,4,4,9,0,62,17,4,83,1,62,21,8,92,78,4,82,174
06/19/2019,ARA,LA,ASW,CE,Federal Contract Tower,0,0,2,14,16,0,95,26,3,124,0,95,28,17,140,66,6,72,212
06/20/2019,ARA,LA,ASW,CE,Federal Contract Tower,0,0,4,8,12,0,53,18,0,71,0,53,22,8,83,38,0,38,121
06/21/2019,ARA,LA,ASW,CE,Federal Contract Tower,0,0,3,2,5,0,50,33,2,85,0,50,36,4,90,140,0,140,230
06/22/2019,ARA,LA,ASW,CE,Federal Contract Tower,0,0,1,4,5,0,24,29,1,54,0,24,30,5,59,98,0,98,157
06/23/2019,ARA,LA,ASW,CE,Federal Contract Tower,0,0,2,3,5,0,21,4,0,25,0,21,6,3,30,24,6,30,60
06/24/2019,ARA,LA,ASW,CE,Federal Contract Tower,1,1,3,0,5,0,47,2,0,49,1,48,5,0,54,50,0,50,104
06/25/2019,ARA,LA,ASW,CE,Federal Contract Tower,0,0,8,9,17,0,95,14,3,112,0,95,22,12,129,170,0,170,299
06/26/2019,ARA,LA,ASW,CE,Federal Contract Tower,2,2,4,2,10,0,119,28,1,148,2,121,32,3,158,192,0,192,350
06/27/2019,ARA,LA,ASW,CE,Federal Contract Tower,1,0,2,0,3,0,81,30,0,111,1,81,32,0,114,136,0,136,250
06/28/2019,ARA,LA,ASW,CE,Federal Contract Tower,0,0,2,3,5,0,38,13,1,52,0,38,15,4,57,46,0,46,103
06/29/2019,ARA,LA,ASW,CE,Federal Contract Tower,0,0,2,0,2,0,40,17,0,57,0,40,19,0,59,12,0,12,71
06/30/2019,ARA,LA,ASW,CE,Federal Contract Tower,0,0,6,2,8,0,72,11,0,83,0,72,17,2,91,104,0,104,195
07/01/2019,ARA,LA,ASW,CE,Federal Contract Tower,0,0,12,6,18,0,49,20,0,69,0,49,32,6,87,92,24,116,203
07/02/2019,ARA,LA,ASW,CE,Federal Contract Tower,0,0,3,0,3,0,55,23,0,78,0,55,26,0,81,60,0,60,141
07/03/2019,ARA,LA,ASW,CE,Federal Contract Tower,0,0,10,0,10,0,103,18,0,121,0,103,28,0,131,126,0,126,257
07/04/2019,ARA,LA,ASW,CE,Federal Contract Tower,0,0,0,0,0,0,95,9,0,104,0,95,9,0,104,122,0,122,226
07/05/2019,ARA,LA,ASW,CE,Federal Contract Tower,1,0,3,0,4,0,59,32,0,91,1,59,35,0,95,162,0,162,257
07/06/2019,ARA,LA,ASW,CE,Federal Contract Tower,0,0,3,1,4,1,33,23,1,58,1,33,26,2,62,58,6,64,126
07/07/2019,ARA,LA,ASW,CE,Federal Contract Tower,1,0,1,0,2,0,62,19,0,81,1,62,20,0,83,96,0,96,179
07/08/2019,ARA,LA,ASW,CE,Federal Contract Tower,0,0,3,11,14,0,61,22,0,83,0,61,25,11,97,94,8,102,199
07/09/2019,ARA,LA,ASW,CE,Federal Contract Tower,0,0,4,0,4,0,102,23,0,125,0,102,27,0,129,66,0,66,195
07/10/2019,ARA,LA,ASW,CE,Federal Contract Tower,0,0,3,0,3,0,86,26,0,112,0,86,29,0,115,68,0,68,183
07/11/2019,ARA,LA,ASW,CE,Federal Contract Tower,1,0,0,0,1,0,62,7,0,69,1,62,7,0,70,40,0,40,110
07/12/2019,ARA,LA,ASW,CE,Federal Contract Tower,1,0,1,0,2,0,22,2,0,24,1,22,3,0,26,80,0,80,106
07/14/2019,ARA,LA,ASW,CE,Federal Contract Tower,0,0,0,0,0,0,5,0,2,7,0,5,0,2,7,0,0,0,7
07/15/2019,ARA,LA,ASW,CE,Federal Contract Tower,0,0,4,0,4,0,85,8,0,93,0,85,12,0,97,50,0,50,147
07/16/2019,ARA,LA,ASW,CE,Federal Contract Tower,0,1,5,2,8,0,69,22,4,95,0,70,27,6,103,48,2,50,153
07/17/2019,ARA,LA,ASW,CE,Federal Contract Tower,0,0,5,11,16,0,76,22,6,104,0,76,27,17,120,58,4,62,182
07/18/2019,ARA,LA,ASW,CE,Federal Contract Tower,0,0,4,6,10,0,85,31,6,122,0,85,35,12,132,104,0,104,236
07/19/2019,ARA,LA,ASW,CE,Federal Contract Tower,0,2,5,5,12,0,58,14,2,74,0,60,19,7,86,38,0,38,124
07/20/2019,ARA,LA,ASW,CE,Federal Contract Tower,0,0,7,2,9,0,38,16,0,54,0,38,23,2,63,128,0,128,191
07/21/2019,ARA,LA,ASW,CE,Federal Contract Tower,0,0,3,7,10,0,25,15,0,40,0,25,18,7,50,40,4,44,94
07/22/2019,ARA,LA,ASW,CE,Federal Contract Tower,1,0,3,0,4,0,36,4,0,40,1,36,7,0,44,90,0,90,134
07/23/2019,ARA,LA,ASW,CE,Federal Contract Tower,1,0,3,0,4,0,83,6,0,89,1,83,9,0,93,98,0,98,191
07/24/2019,ARA,LA,ASW,CE,Federal Contract Tower,0,0,9,7,16,0,103,31,3,137,0,103,40,10,153,168,2,170,323
07/25/2019,ARA,LA,ASW,CE,Federal Contract Tower,0,0,6,3,9,0,74,24,4,102,0,74,30,7,111,66,12,78,189
07/26/2019,ARA,LA,ASW,CE,Federal Contract Tower,2,0,8,3,13,0,45,38,5,88,2,45,46,8,101,124,16,140,241
07/27/2019,ARA,LA,ASW,CE,Federal Contract Tower,0,0,1,1,2,0,61,19,3,83,0,61,20,4,85,64,26,90,175
07/28/2019,ARA,LA,ASW,CE,Federal Contract Tower,0,0,3,0,3,0,50,12,0,62,0,50,15,0,65,26,0,26,91
07/29/2019,ARA,LA,ASW,CE,Federal Contract Tower,0,0,3,1,4,0,65,10,1,76,0,65,13,2,80,90,24,114,194
07/30/2019,ARA,LA,ASW,CE,Federal Contract Tower,1,0,6,0,7,0,67,29,2,98,1,67,35,2,105,64,0,64,169
07/31/2019,ARA,LA,ASW,CE,Federal Contract Tower,0,0,5,0,5,0,94,23,2,119,0,94,28,2,124,72,0,72,196
08/01/2019,ARA,LA,ASW,CE,Federal Contract Tower,0,5,9,0,14,0,71,28,0,99,0,76,37,0,113,62,0,62,175
08/02/2019,ARA,LA,ASW,CE,Federal Contract Tower,0,0,2,0,2,0,58,21,0,79,0,58,23,0,81,94,0,94,175
08/03/2019,ARA,LA,ASW,CE,Federal Contract Tower,2,0,8,0,10,0,42,24,0,66,2,42,32,0,76,40,0,40,116
08/04/2019,ARA,LA,ASW,CE,Federal Contract Tower,0,0,3,0,3,0,53,15,0,68,0,53,18,0,71,16,0,16,87
08/05/2019,ARA,LA,ASW,CE,Federal Contract Tower,0,0,5,5,10,0,57,12,1,70,0,57,17,6,80,22,0,22,102
08/06/2019,ARA,LA,ASW,CE,Federal Contract Tower,0,0,6,6,12,0,70,33,3,106,0,70,39,9,118,104,0,104,222
08/07/2019,ARA,LA,ASW,CE,Federal Contract Tower,0,7,3,0,10,0,56,26,2,84,0,63,29,2,94,24,0,24,118
08/08/2019,ARA,LA,ASW,CE,Federal Contract Tower,0,0,0,9,9,0,58,42,3,103,0,58,42,12,112,52,0,52,164
08/09/2019,ARA,LA,ASW,CE,Federal Contract Tower,0,0,5,6,11,0,45,24,0,69,0,45,29,6,80,104,0,104,184
08/10/2019,ARA,LA,ASW,CE,Federal Contract Tower,0,0,5,0,5,0,55,34,0,89,0,55,39,0,94,124,0,124,218
08/11/2019,ARA,LA,ASW,CE,Federal Contract Tower,0,0,1,0,1,0,64,17,0,81,0,64,18,0,82,170,0,170,252
08/12/2019,ARA,LA,ASW,CE,Federal Contract Tower,1,0,5,2,8,0,56,21,0,77,1,56,26,2,85,150,0,150,235
08/13/2019,ARA,LA,ASW,CE,Federal Contract Tower,3,0,4,4,11,0,99,25,0,124,3,99,29,4,135,178,0,178,313
08/14/2019,ARA,LA,ASW,CE,Federal Contract Tower,0,0,4,2,6,0,62,14,2,78,0,62,18,4,84,114,4,118,202
08/15/2019,ARA,LA,ASW,CE,Federal Contract Tower,0,1,1,0,2,0,56,27,0,83,0,57,28,0,85,6,0,6,91
08/16/2019,ARA,LA,ASW,CE,Federal Contract Tower,2,0,10,2,14,0,47,34,4,85,2,47,44,6,99,136,6,142,241
08/17/2019,ARA,LA,ASW,CE,Federal Contract Tower,1,0,1,0,2,0,34,24,0,58,1,34,25,0,60,34,0,34,94
08/18/2019,ARA,LA,ASW,CE,Federal Contract Tower,0,0,6,0,6,0,53,9,0,62,0,53,15,0,68,128,0,128,196
08/19/2019,ARA,LA,ASW,CE,Federal Contract Tower,0,0,4,0,4,0,42,8,0,50,0,42,12,0,54,56,0,56,110
08/20/2019,ARA,LA,ASW,CE,Federal Contract Tower,0,0,5,5,10,0,69,16,0,85,0,69,21,5,95,76,0,76,171
08/21/2019,ARA,LA,ASW,CE,Federal Contract Tower,0,0,4,0,4,0,73,21,6,100,0,73,25,6,104,96,0,96,200
08/22/2019,ARA,LA,ASW,CE,Federal Contract Tower,0,0,7,6,13,0,77,19,4,100,0,77,26,10,113,116,6,122,235
08/23/2019,ARA,LA,ASW,CE,Federal Contract Tower,1,0,3,0,4,0,25,13,0,38,1,25,16,0,42,50,0,50,92
08/24/2019,ARA,LA,ASW,CE,Federal Contract Tower,0,0,0,0,0,0,23,7,0,30,0,23,7,0,30,8,0,8,38
08/25/2019,ARA,LA,ASW,CE,Federal Contract Tower,0,1,5,0,6,0,7,0,0,7,0,8,5,0,13,40,0,40,53
08/26/2019,ARA,LA,ASW,CE,Federal Contract Tower,2,0,2,8,12,0,94,13,4,111,2,94,15,12,123,175,10,185,308
08/27/2019,ARA,LA,ASW,CE,Federal Contract Tower,1,0,4,23,28,0,110,24,0,134,1,110,28,23,162,188,26,214,376
08/28/2019,ARA,LA,ASW,CE,Federal Contract Tower,0,0,5,7,12,0,96,23,0,119,0,96,28,7,131,80,2,82,213
08/29/2019,ARA,LA,ASW,CE,Federal Contract Tower,2,0,9,7,18,0,92,26,1,119,2,92,35,8,137,76,0,76,213
08/30/2019,ARA,LA,ASW,CE,Federal Contract Tower,0,0,5,0,5,0,82,25,0,107,0,82,30,0,112,128,0,128,240
08/31/2019,ARA,LA,ASW,CE,Federal Contract Tower,0,0,3,0,3,0,55,22,0,77,0,55,25,0,80,28,0,28,108
09/01/2019,ARA,LA,ASW,CE,Federal Contract Tower,0,0,4,0,4,0,64,13,0,77,0,64,17,0,81,42,0,42,123
09/02/2019,ARA,LA,ASW,CE,Federal Contract Tower,0,1,8,0,9,0,80,23,0,103,0,81,31,0,112,92,0,92,204
09/03/2019,ARA,LA,ASW,CE,Federal Contract Tower,0,0,0,2,2,0,83,29,2,114,0,83,29,4,116,148,0,148,264
09/04/2019,ARA,LA,ASW,CE,Federal Contract Tower,1,1,5,3,10,0,79,31,2,112,1,80,36,5,122,50,2,52,174
09/05/2019,ARA,LA,ASW,CE,Federal Contract Tower,0,7,3,7,17,0,67,19,0,86,0,74,22,7,103,96,28,124,227
09/06/2019,ARA,LA,ASW,CE,Federal Contract Tower,0,2,5,4,11,0,67,39,1,107,0,69,44,5,118,120,0,120,238
09/07/2019,ARA,LA,ASW,CE,Federal Contract Tower,0,0,13,20,33,0,65,24,3,92,0,65,37,23,125,140,16,156,281
09/08/2019,ARA,LA,ASW,CE,Federal Contract Tower,0,1,8,4,13,0,58,24,0,82,0,59,32,4,95,106,2,108,203
09/09/2019,ARA,LA,ASW,CE,Federal Contract Tower,0,0,6,1,7,0,73,17,4,94,0,73,23,5,101,270,0,270,371
09/10/2019,ARA,LA,ASW,CE,Federal Contract Tower,0,0,7,7,14,0,61,23,2,86,0,61,30,9,100,162,8,170,270
09/11/2019,ARA,LA,ASW,CE,Federal Contract Tower,0,1,3,4,8,0,85,35,1,121,0,86,38,5,129,158,4,162,291
09/12/2019,ARA,LA,ASW,CE,Federal Contract Tower,2,2,6,1,11,0,84,40,2,126,2,86,46,3,137,216,0,216,353
09/13/2019,ARA,LA,ASW,CE,Federal Contract Tower,1,2,10,10,23,0,41,44,0,85,1,43,54,10,108,80,0,80,188
09/14/2019,ARA,LA,ASW,CE,Federal Contract Tower,0,0,0,5,5,0,43,37,2,82,0,43,37,7,87,26,2,28,115
09/15/2019,ARA,LA,ASW,CE,Federal Contract Tower,0,0,1,0,1,0,36,23,0,59,0,36,24,0,60,12,0,12,72
09/16/2019,ARA,LA,ASW,CE,Federal Contract Tower,0,1,2,0,3,0,34,7,0,41,0,35,9,0,44,46,0,46,90
09/17/2019,ARA,LA,ASW,CE,Federal Contract Tower,0,0,6,6,12,0,57,18,0,75,0,57,24,6,87,204,0,204,291
09/18/2019,ARA,LA,ASW,CE,Federal Contract Tower,1,0,4,0,5,0,70,14,0,84,1,70,18,0,89,110,0,110,199
09/19/2019,ARA,LA,ASW,CE,Federal Contract Tower,1,0,3,0,4,0,75,22,8,105,1,75,25,8,109,114,0,114,223
09/20/2019,ARA,LA,ASW,CE,Federal Contract Tower,0,0,5,3,8,0,92,25,0,117,0,92,30,3,125,98,0,98,223
09/21/2019,ARA,LA,ASW,CE,Federal Contract Tower,0,0,1,0,1,0,46,24,0,70,0,46,25,0,71,42,0,42,113
09/22/2019,ARA,LA,ASW,CE,Federal Contract Tower,0,1,2,8,11,0,87,9,3,99,0,88,11,11,110,102,12,114,224
09/23/2019,ARA,LA,ASW,CE,Federal Contract Tower,0,0,8,3,11,0,73,13,0,86,0,73,21,3,97,150,2,152,249
09/24/2019,ARA,LA,ASW,CE,Federal Contract Tower,2,0,9,5,16,0,69,30,0,99,2,69,39,5,115,154,4,158,273
09/25/2019,ARA,LA,ASW,CE,Federal Contract Tower,1,0,7,0,8,0,125,45,1,171,1,125,52,1,179,214,2,216,395
09/26/2019,ARA,LA,ASW,CE,Federal Contract Tower,1,0,10,0,11,0,101,34,0,135,1,101,44,0,146,224,0,224,370
09/27/2019,ARA,LA,ASW,CE,Federal Contract Tower,0,0,7,10,17,0,68,47,3,118,0,68,54,13,135,156,4,160,295
09/28/2019,ARA,LA,ASW,CE,Federal Contract Tower,0,0,3,0,3,0,75,117,2,194,0,75,120,2,197,126,2,128,325
09/29/2019,ARA,LA,ASW,CE,Federal Contract Tower,0,0,2,0,2,0,61,11,12,84,0,61,13,12,86,56,0,56,142
09/30/2019,ARA,LA,ASW,CE,Federal Contract Tower,0,0,13,0,13,0,53,48,0,101,0,53,61,0,114,224,0,224,338
10/01/2019,ARA,LA,ASW,CE,Federal Contract Tower,0,0,5,4,9,0,84,22,3,109,0,84,27,7,118,210,0,210,328
10/02/2019,ARA,LA,ASW,CE,Federal Contract Tower,0,2,5,0,7,0,114,42,0,156,0,116,47,0,163,180,0,180,343
10/03/2019,ARA,LA,ASW,CE,Federal Contract Tower,1,4,1,0,6,0,100,25,0,125,1,104,26,0,131,112,0,112,243
10/04/2019,ARA,LA,ASW,CE,Federal Contract Tower,0,2,8,6,16,0,75,45,0,120,0,77,53,6,136,254,0,254,390
10/05/2019,ARA,LA,ASW,CE,Federal Contract Tower,0,2,3,2,7,0,47,15,2,64,0,49,18,4,71,86,0,86,157
10/06/2019,ARA,LA,ASW,CE,Federal Contract Tower,0,0,3,1,4,0,66,5,1,72,0,66,8,2,76,48,0,48,124
10/07/2019,ARA,LA,ASW,CE,Federal Contract Tower,0,0,11,5,16,0,51,12,0,63,0,51,23,5,79,52,0,52,131
10/08/2019,ARA,LA,ASW,CE,Federal Contract Tower,3,12,5,0,20,0,55,10,0,65,3,67,15,0,85,100,0,100,185
10/09/2019,ARA,LA,ASW,CE,Federal Contract Tower,1,0,5,1,7,0,91,31,0,122,1,91,36,1,129,74,0,74,203
10/10/2019,ARA,LA,ASW,CE,Federal Contract Tower,0,0,7,6,13,0,88,28,0,116,0,88,35,6,129,120,0,120,249
10/11/2019,ARA,LA,ASW,CE,Federal Contract Tower,0,0,6,0,6,0,58,4,0,62,0,58,10,0,68,58,0,58,126
10/12/2019,ARA,LA,ASW,CE,Federal Contract Tower,0,0,6,0,6,0,49,17,0,66,0,49,23,0,72,2,0,2,74
10/13/2019,ARA,LA,ASW,CE,Federal Contract Tower,0,1,7,0,8,0,39,13,0,52,0,40,20,0,60,12,0,12,72
10/14/2019,ARA,LA,ASW,CE,Federal Contract Tower,0,3,3,2,8,0,59,7,2,68,0,62,10,4,76,32,10,42,118
10/15/2019,ARA,LA,ASW,CE,Federal Contract Tower,1,2,6,8,17,0,56,18,0,74,1,58,24,8,91,152,24,176,267
10/16/2019,ARA,LA,ASW,CE,Federal Contract Tower,1,0,4,0,5,0,19,5,0,24,1,19,9,0,29,0,0,0,29
10/17/2019,ARA,LA,ASW,CE,Federal Contract Tower,0,0,9,4,13,0,97,26,1,124,0,97,35,5,137,176,0,176,313
10/18/2019,ARA,LA,ASW,CE,Federal Contract Tower,0,0,9,4,13,0,77,39,0,116,0,77,48,4,129,110,0,110,239
10/19/2019,ARA,LA,ASW,CE,Federal Contract Tower,0,0,2,6,8,0,57,31,2,90,0,57,33,8,98,70,0,70,168
10/20/2019,ARA,LA,ASW,CE,Federal Contract Tower,0,0,2,0,2,0,41,13,1,55,0,41,15,1,57,36,6,42,99
10/21/2019,ARA,LA,ASW,CE,Federal Contract Tower,0,0,6,0,6,0,0,0,0,0,0,0,6,0,6,0,0,0,6
10/22/2019,ARA,LA,ASW,CE,Federal Contract Tower,0,4,3,17,24,0,77,26,5,108,0,81,29,22,132,148,10,158,290
10/23/2019,ARA,LA,ASW,CE,Federal Contract Tower,3,2,4,0,9,0,107,42,0,149,3,109,46,0,158,154,0,154,312
10/24/2019,ARA,LA,ASW,CE,Federal Contract Tower,1,0,6,4,11,0,97,32,0,129,1,97,38,4,140,196,0,196,336
10/25/2019,ARA,LA,ASW,CE,Federal Contract Tower,0,0,5,0,5,0,0,0,0,0,0,0,5,0,5,0,0,0,5
10/26/2019,ARA,LA,ASW,CE,Federal Contract Tower,0,0,4,0,4,0,37,0,0,37,0,37,4,0,41,8,0,8,49
10/27/2019,ARA,LA,ASW,CE,Federal Contract Tower,0,0,5,0,5,0,59,13,0,72,0,59,18,0,77,70,0,70,147
10/28/2019,ARA,LA,ASW,CE,Federal Contract Tower,0,4,9,8,21,0,79,14,2,95,0,83,23,10,116,74,0,74,190
10/29/2019,ARA,LA,ASW,CE,Federal Contract Tower,0,3,4,2,9,0,57,5,0,62,0,60,9,2,71,170,0,170,241
10/30/2019,ARA,LA,ASW,CE,Federal Contract Tower,0,2,2,3,7,0,63,1,3,67,0,65,3,6,74,112,0,112,186
10/31/2019,ARA,LA,ASW,CE,Federal Contract Tower,1,0,1,0,2,0,53,7,0,60,1,53,8,0,62,128,0,128,190
11/01/2019,ARA,LA,ASW,CE,Federal Contract Tower,1,0,6,0,7,0,58,26,0,84,1,58,32,0,91,182,0,182,273
11/02/2019,ARA,LA,ASW,CE,Federal Contract Tower,0,0,3,8,11,0,42,18,0,60,0,42,21,8,71,102,2,104,175
11/03/2019,ARA,LA,ASW,CE,Federal Contract Tower,0,0,3,7,10,0,47,21,3,71,0,47,24,10,81,96,0,96,177
11/04/2019,ARA,LA,ASW,CE,Federal Contract Tower,0,0,5,8,13,0,55,31,6,92,0,55,36,14,105,196,8,204,309
11/05/2019,ARA,LA,ASW,CE,Federal Contract Tower,0,0,9,8,17,0,85,29,0,114,0,85,38,8,131,152,2,154,285
11/06/2019,ARA,LA,ASW,CE,Federal Contract Tower,0,0,19,3,22,0,101,61,2,164,0,101,80,5,186,242,0,242,428
11/07/2019,ARA,LA,ASW,CE,Federal Contract Tower,3,2,6,0,11,0,56,11,0,67,3,58,17,0,78,76,0,76,154
11/08/2019,ARA,LA,ASW,CE,Federal Contract Tower,1,0,14,12,27,0,76,20,0,96,1,76,34,12,123,114,0,114,237
11/09/2019,ARA,LA,ASW,CE,Federal Contract Tower,0,0,5,0,5,0,31,32,0,63,0,31,37,0,68,72,0,72,140
11/10/2019,ARA,LA,ASW,CE,Federal Contract Tower,0,0,7,0,7,0,39,9,0,48,0,39,16,0,55,24,0,24,79
11/11/2019,ARA,LA,ASW,CE,Federal Contract Tower,0,0,12,4,16,0,55,29,0,84,0,55,41,4,100,138,0,138,238
11/12/2019,ARA,LA,ASW,CE,Federal Contract Tower,0,0,2,7,9,0,58,1,0,59,0,58,3,7,68,44,8,52,120
11/13/2019,ARA,LA,ASW,CE,Federal Contract Tower,0,2,7,4,13,0,78,24,4,106,0,80,31,8,119,136,6,142,261
11/14/2019,ARA,LA,ASW,CE,Federal Contract Tower,0,0,7,0,7,0,40,13,0,53,0,40,20,0,60,48,0,48,108
11/15/2019,ARA,LA,ASW,CE,Federal Contract Tower,1,3,11,10,25,0,53,22,2,77,1,56,33,12,102,60,0,60,162
11/16/2019,ARA,LA,ASW,CE,Federal Contract Tower,0,0,1,5,6,0,36,34,1,71,0,36,35,6,77,110,2,112,189
11/17/2019,ARA,LA,ASW,CE,Federal Contract Tower,0,0,9,5,14,0,48,18,1,67,0,48,27,6,81,94,0,94,175
11/18/2019,ARA,LA,ASW,CE,Federal Contract Tower,1,0,5,11,17,0,68,18,0,86,1,68,23,11,103,88,0,88,191
11/19/2019,ARA,LA,ASW,CE,Federal Contract Tower,0,0,13,18,31,0,70,27,2,99,0,70,40,20,130,84,12,96,226
11/20/2019,ARA,LA,ASW,CE,Federal Contract Tower,0,1,2,4,7,0,75,39,0,114,0,76,41,4,121,48,0,48,169
11/21/2019,ARA,LA,ASW,CE,Federal Contract Tower,0,3,0,0,3,0,76,29,1,106,0,79,29,1,109,112,0,112,221
11/22/2019,ARA,LA,ASW,CE,Federal Contract Tower,1,2,8,3,14,0,50,22,0,72,1,52,30,3,86,72,0,72,158
11/23/2019,ARA,LA,ASW,CE,Federal Contract Tower,0,0,6,0,6,0,28,12,0,40,0,28,18,0,46,8,0,8,54
11/24/2019,ARA,LA,ASW,CE,Federal Contract Tower,0,1,5,0,6,0,27,16,0,43,0,28,21,0,49,30,0,30,79
11/25/2019,ARA,LA,ASW,CE,Federal Contract Tower,2,0,10,4,16,0,52,37,2,91,2,52,47,6,107,162,6,168,275
11/26/2019,ARA,LA,ASW,CE,Federal Contract Tower,1,0,5,0,6,0,55,3,0,58,1,55,8,0,64,88,0,88,152
11/27/2019,ARA,LA,ASW,CE,Federal Contract Tower,0,0,5,0,5,0,67,9,0,76,0,67,14,0,81,64,0,64,145
11/28/2019,ARA,LA,ASW,CE,Federal Contract Tower,0,0,1,0,1,0,50,3,0,53,0,50,4,0,54,44,0,44,98
11/29/2019,ARA,LA,ASW,CE,Federal Contract Tower,0,0,5,0,5,0,36,20,0,56,0,36,25,0,61,44,0,44,105
11/30/2019,ARA,LA,ASW,CE,Federal Contract Tower,0,0,7,0,7,0,21,9,0,30,0,21,16,0,37,0,0,0,37
12/01/2019,ARA,LA,ASW,CE,Federal Contract Tower,0,3,8,0,11,0,41,10,0,51,0,44,18,0,62,66,0,66,128
12/02/2019,ARA,LA,ASW,CE,Federal Contract Tower,1,10,8,8,27,0,61,23,0,84,1,71,31,8,111,94,6,100,211
12/03/2019,ARA,LA,ASW,CE,Federal Contract Tower,0,3,9,5,17,0,71,32,2,105,0,74,41,7,122,122,2,124,246
12/04/2019,ARA,LA,ASW,CE,Federal Contract Tower,0,3,14,4,21,0,85,32,3,120,0,88,46,7,141,88,0,88,229
12/05/2019,ARA,LA,ASW,CE,Federal Contract Tower,1,2,9,0,12,0,85,34,3,122,1,87,43,3,134,56,0,56,190
12/06/2019,ARA,LA,ASW,CE,Federal Contract Tower,0,0,5,10,15,0,38,18,0,56,0,38,23,10,71,62,0,62,133
12/07/2019,ARA,LA,ASW,CE,Federal Contract Tower,0,2,8,0,10,0,40,21,0,61,0,42,29,0,71,108,0,108,179
12/08/2019,ARA,LA,ASW,CE,Federal Contract Tower,0,1,7,2,10,0,48,17,0,65,0,49,24,2,75,68,0,68,143
12/09/2019,ARA,LA,ASW,CE,Federal Contract Tower,0,0,7,0,7,0,35,8,0,43,0,35,15,0,50,24,0,24,74
12/10/2019,ARA,LA,ASW,CE,Federal Contract Tower,0,2,4,0,6,0,0,0,0,0,0,2,4,0,6,0,0,0,6
12/11/2019,ARA,LA,ASW,CE,Federal Contract Tower,1,3,6,11,21,0,71,29,1,101,1,74,35,12,122,76,0,76,198
12/12/2019,ARA,LA,ASW,CE,Federal Contract Tower,0,0,2,5,7,0,72,34,2,108,0,72,36,7,115,46,4,50,165
12/13/2019,ARA,LA,ASW,CE,Federal Contract Tower,0,0,13,2,15,0,9,25,0,34,0,9,38,2,49,38,0,38,87
12/14/2019,ARA,LA,ASW,CE,Federal Contract Tower,0,0,11,2,13,0,29,28,4,61,0,29,39,6,74,44,10,54,128
12/15/2019,ARA,LA,ASW,CE,Federal Contract Tower,0,0,4,0,4,0,60,10,0,70,0,60,14,0,74,16,0,16,90
12/16/2019,ARA,LA,ASW,CE,Federal Contract Tower,1,0,4,0,5,0,7,3,0,10,1,7,7,0,15,20,0,20,35
12/17/2019,ARA,LA,ASW,CE,Federal Contract Tower,0,1,7,2,10,0,63,8,0,71,0,64,15,2,81,64,0,64,145
12/18/2019,ARA,LA,ASW,CE,Federal Contract Tower,0,2,9,2,13,0,107,33,2,142,0,109,42,4,155,186,12,198,353
12/19/2019,ARA,LA,ASW,CE,Federal Contract Tower,0,1,3,8,12,0,81,30,1,112,0,82,33,9,124,56,2,58,182
12/20/2019,ARA,LA,ASW,CE,Federal Contract Tower,0,3,3,0,6,0,41,12,0,53,0,44,15,0,59,44,0,44,103
12/21/2019,ARA,LA,ASW,CE,Federal Contract Tower,0,0,2,0,2,0,16,11,0,27,0,16,13,0,29,54,0,54,83
12/22/2019,ARA,LA,ASW,CE,Federal Contract Tower,0,7,1,0,8,0,33,4,0,37,0,40,5,0,45,42,0,42,87
12/23/2019,ARA,LA,ASW,CE,Federal Contract Tower,0,1,4,0,5,0,40,15,0,55,0,41,19,0,60,24,0,24,84
12/24/2019,ARA,LA,ASW,CE,Federal Contract Tower,0,0,2,0,2,0,39,14,0,53,0,39,16,0,55,6,0,6,61
12/25/2019,ARA,LA,ASW,CE,Federal Contract Tower,0,1,1,0,2,0,55,3,0,58,0,56,4,0,60,0,0,0,60
12/26/2019,ARA,LA,ASW,CE,Federal Contract Tower,1,1,7,0,9,0,8,0,0,8,1,9,7,0,17,0,0,0,17
12/27/2019,ARA,LA,ASW,CE,Federal Contract Tower,0,0,10,0,10,0,4,12,0,16,0,4,22,0,26,74,0,74,100
12/28/2019,ARA,LA,ASW,CE,Federal Contract Tower,0,1,4,0,5,0,2,0,0,2,0,3,4,0,7,0,0,0,7
12/29/2019,ARA,LA,ASW,CE,Federal Contract Tower,0,0,2,0,2,0,2,4,0,6,0,2,6,0,8,0,0,0,8
12/30/2019,ARA,LA,ASW,CE,Federal Contract Tower,0,3,11,0,14,0,37,33,0,70,0,40,44,0,84,37,0,37,121
12/31/2019,ARA,LA,ASW,CE,Federal Contract Tower,0,2,2,0,4,0,36,21,0,57,0,38,23,0,61,28,0,28,89
01/01/2020,ARA,LA,ASW,CE,Federal Contract Tower,0,0,0,0,0,0,59,6,0,65,0,59,6,0,65,6,0,6,71
01/02/2020,ARA,LA,ASW,CE,Federal Contract Tower,1,1,3,0,5,0,0,0,0,0,1,1,3,0,5,4,0,4,9
01/03/2020,ARA,LA,ASW,CE,Federal Contract Tower,1,0,2,0,3,0,40,9,0,49,1,40,11,0,52,26,0,26,78
01/04/2020,ARA,LA,ASW,CE,Federal Contract Tower,0,0,7,0,7,0,45,45,0,90,0,45,52,0,97,66,0,66,163
01/05/2020,ARA,LA,ASW,CE,Federal Contract Tower,0,2,5,0,7,0,32,25,0,57,0,34,30,0,64,32,0,32,96
01/06/2020,ARA,LA,ASW,CE,Federal Contract Tower,0,0,6,12,18,0,51,11,1,63,0,51,17,13,81,96,8,104,185
01/08/2020,ARA,LA,ASW,CE,Federal Contract Tower,0,0,3,6,9,0,70,28,0,98,0,70,31,6,107,96,0,96,203
01/09/2020,ARA,LA,ASW,CE,Federal Contract Tower,0,0,4,5,9,0,70,7,6,83,0,70,11,11,92,32,0,32,124
01/10/2020,ARA,LA,ASW,CE,Federal Contract Tower,2,1,0,7,10,0,22,8,3,33,2,23,8,10,43,36,10,46,89
01/11/2020,ARA,LA,ASW,CE,Federal Contract Tower,0,0,3,0,3,0,24,2,0,26,0,24,5,0,29,10,0,10,39
01/12/2020,ARA,LA,ASW,CE,Federal Contract Tower,0,9,5,1,15,0,20,12,1,33,0,29,17,2,48,34,0,34,82
01/13/2020,ARA,LA,ASW,CE,Federal Contract Tower,0,0,0,0,0,0,0,0,0,0,0,0,0,0,0,0,0,0,0
01/14/2020,ARA,LA,ASW,CE,Federal Contract Tower,1,2,3,0,6,0,34,2,2,38,1,36,5,2,44,150,0,150,194
01/15/2020,ARA,LA,ASW,CE,Federal Contract Tower,0,3,1,2,6,0,29,13,0,42,0,32,14,2,48,98,0,98,146
01/16/2020,ARA,LA,ASW,CE,Federal Contract Tower,0,0,9,0,9,0,2,3,0,5,0,2,12,0,14,44,0,44,58
01/17/2020,ARA,LA,ASW,CE,Federal Contract Tower,0,0,8,4,12,0,47,36,2,85,0,47,44,6,97,70,0,70,167
01/18/2020,ARA,LA,ASW,CE,Federal Contract Tower,0,3,8,0,11,0,2,0,1,3,0,5,8,1,14,0,0,0,14
01/19/2020,ARA,LA,ASW,CE,Federal Contract Tower,1,0,2,2,5,0,46,4,0,50,1,46,6,2,55,54,0,54,109
01/20/2020,ARA,LA,ASW,CE,Federal Contract Tower,0,2,6,9,17,0,44,17,0,61,0,46,23,9,78,122,0,122,200
01/21/2020,ARA,LA,ASW,CE,Federal Contract Tower,0,2,4,4,10,0,80,27,0,107,0,82,31,4,117,164,2,166,283
01/22/2020,ARA,LA,ASW,CE,Federal Contract Tower,0,2,3,6,11,0,85,12,0,97,0,87,15,6,108,178,4,182,290
01/23/2020,ARA,LA,ASW,CE,Federal Contract Tower,0,2,1,0,3,0,33,6,0,39,0,35,7,0,42,58,0,58,100
01/24/2020,ARA,LA,ASW,CE,Federal Contract Tower,0,0,7,28,35,0,57,51,4,112,0,57,58,32,147,112,8,120,267
01/25/2020,ARA,LA,ASW,CE,Federal Contract Tower,0,0,4,0,4,0,31,41,0,72,0,31,45,0,76,42,0,42,118
01/26/2020,ARA,LA,ASW,CE,Federal Contract Tower,0,3,2,0,5,0,0,0,0,0,0,3,2,0,5,0,0,0,5
01/27/2020,ARA,LA,ASW,CE,Federal Contract Tower,1,1,4,4,10,0,49,44,0,93,1,50,48,4,103,150,0,150,253
01/28/2020,ARA,LA,ASW,CE,Federal Contract Tower,1,1,3,2,7,0,46,32,0,78,1,47,35,2,85,102,2,104,189
01/29/2020,ARA,LA,ASW,CE,Federal Contract Tower,0,5,6,6,17,0,59,10,1,70,0,64,16,7,87,58,0,58,145
01/30/2020,ARA,LA,ASW,CE,Federal Contract Tower,0,6,5,6,17,0,62,15,1,78,0,68,20,7,95,80,0,80,175
01/31/2020,ARA,LA,ASW,CE,Federal Contract Tower,0,6,11,5,22,0,40,11,1,52,0,46,22,6,74,48,4,52,126
02/01/2020,ARA,LA,ASW,CE,Federal Contract Tower,2,1,2,0,5,0,33,21,0,54,2,34,23,0,59,86,4,90,149
02/02/2020,ARA,LA,ASW,CE,Federal Contract Tower,0,1,2,4,7,0,35,16,2,53,0,36,18,6,60,94,0,94,154
02/03/2020,ARA,LA,ASW,CE,Federal Contract Tower,0,0,6,16,22,0,61,42,0,103,0,61,48,16,125,234,32,266,391
02/04/2020,ARA,LA,ASW,CE,Federal Contract Tower,0,0,2,1,3,0,55,11,0,66,0,55,13,1,69,74,0,74,143
02/05/2020,ARA,LA,ASW,CE,Federal Contract Tower,0,5,0,0,5,0,4,0,0,4,0,9,0,0,9,0,0,0,9
02/06/2020,ARA,LA,ASW,CE,Federal Contract Tower,0,2,3,3,8,0,59,9,3,71,0,61,12,6,79,48,2,50,129
02/07/2020,ARA,LA,ASW,CE,Federal Contract Tower,0,0,7,18,25,0,48,31,5,84,0,48,38,23,109,72,4,76,185
02/08/2020,ARA,LA,ASW,CE,Federal Contract Tower,0,1,11,4,16,0,67,22,5,94,0,68,33,9,110,87,4,91,201
02/09/2020,ARA,LA,ASW,CE,Federal Contract Tower,0,0,3,2,5,0,38,9,0,47,0,38,12,2,52,24,0,24,76
02/10/2020,ARA,LA,ASW,CE,Federal Contract Tower,1,3,4,0,8,0,2,0,0,2,1,5,4,0,10,0,0,0,10
02/11/2020,ARA,LA,ASW,CE,Federal Contract Tower,0,0,8,0,8,0,13,30,2,45,0,13,38,2,53,176,0,176,229
02/13/2020,ARA,LA,ASW,CE,Federal Contract Tower,0,1,5,16,22,0,77,49,0,126,0,78,54,16,148,158,0,158,306
02/14/2020,ARA,LA,ASW,CE,Federal Contract Tower,2,1,12,6,21,0,44,26,1,71,2,45,38,7,92,134,2,136,228
02/15/2020,ARA,LA,ASW,CE,Federal Contract Tower,0,0,1,0,1,0,43,31,1,75,0,43,32,1,76,82,0,82,158
02/16/2020,ARA,LA,ASW,CE,Federal Contract Tower,0,1,0,0,1,0,8,0,0,8,0,9,0,0,9,40,0,40,49
02/17/2020,ARA,LA,ASW,CE,Federal Contract Tower,0,1,5,0,6,0,0,0,0,0,0,1,5,0,6,0,0,0,6
02/18/2020,ARA,LA,ASW,CE,Federal Contract Tower,0,4,6,2,12,0,14,26,0,40,0,18,32,2,52,148,0,148,200
02/19/2020,ARA,LA,ASW,CE,Federal Contract Tower,0,7,6,0,13,0,8,8,0,16,0,15,14,0,29,54,0,54,83
02/20/2020,ARA,LA,ASW,CE,Federal Contract Tower,0,6,1,0,7,0,11,0,0,11,0,17,1,0,18,68,0,68,86
02/21/2020,ARA,LA,ASW,CE,Federal Contract Tower,2,0,15,25,42,0,51,51,1,103,2,51,66,26,145,207,10,217,362
02/22/2020,ARA,LA,ASW,CE,Federal Contract Tower,0,0,4,14,18,0,43,28,1,72,0,43,32,15,90,68,22,90,180
02/23/2020,ARA,LA,ASW,CE,Federal Contract Tower,0,0,5,0,5,0,31,11,0,42,0,31,16,0,47,62,0,62,109
02/24/2020,ARA,LA,ASW,CE,Federal Contract Tower,0,0,10,1,11,0,23,3,1,27,0,23,13,2,38,12,0,12,50
02/25/2020,ARA,LA,ASW,CE,Federal Contract Tower,0,3,0,0,3,0,69,13,1,83,0,72,13,1,86,206,2,208,294
02/26/2020,ARA,LA,ASW,CE,Federal Contract Tower,0,1,6,3,10,0,87,11,3,101,0,88,17,6,111,120,6,126,237
02/27/2020,ARA,LA,ASW,CE,Federal Contract Tower,0,0,3,0,3,0,81,69,0,150,0,81,72,0,153,266,0,266,419
02/28/2020,ARA,LA,ASW,CE,Federal Contract Tower,0,0,5,32,37,0,48,41,3,92,0,48,46,35,129,99,8,107,236
02/29/2020,ARA,LA,ASW,CE,Federal Contract Tower,2,1,1,0,4,0,41,36,0,77,2,42,37,0,81,108,0,108,189
03/01/2020,ARA,LA,ASW,CE,Federal Contract Tower,0,0,7,0,7,0,47,13,0,60,0,47,20,0,67,27,0,27,94
03/02/2020,ARA,LA,ASW,CE,Federal Contract Tower,0,0,6,15,21,0,52,4,0,56,0,52,10,15,77,118,3,121,198
03/03/2020,ARA,LA,ASW,CE,Federal Contract Tower,0,1,6,4,11,0,40,15,0,55,0,41,21,4,66,36,0,36,102
03/04/2020,ARA,LA,ASW,CE,Federal Contract Tower,0,2,4,0,6,0,8,1,0,9,0,10,5,0,15,0,0,0,15
03/05/2020,ARA,LA,ASW,CE,Federal Contract Tower,2,0,2,1,5,0,82,23,4,109,2,82,25,5,114,158,0,158,272
03/06/2020,ARA,LA,ASW,CE,Federal Contract Tower,0,0,6,16,22,0,62,41,1,104,0,62,47,17,126,226,12,238,364
03/07/2020,ARA,LA,ASW,CE,Federal Contract Tower,0,0,3,2,5,0,40,19,1,60,0,40,22,3,65,40,2,42,107
03/08/2020,ARA,LA,ASW,CE,Federal Contract Tower,0,0,1,0,1,0,55,3,0,58,0,55,4,0,59,40,0,40,99
03/09/2020,ARA,LA,ASW,CE,Federal Contract Tower,0,0,1,22,23,0,37,9,0,46,0,37,10,22,69,106,8,114,183
03/10/2020,ARA,LA,ASW,CE,Federal Contract Tower,0,11,5,0,16,0,24,22,0,46,0,35,27,0,62,82,0,82,144
03/11/2020,ARA,LA,ASW,CE,Federal Contract Tower,0,2,11,0,13,0,33,28,0,61,0,35,39,0,74,138,0,138,212
03/12/2020,ARA,LA,ASW,CE,Federal Contract Tower,0,2,8,4,14,0,56,33,0,89,0,58,41,4,103,202,0,202,305
03/13/2020,ARA,LA,ASW,CE,Federal Contract Tower,2,1,3,5,11,0,34,18,0,52,2,35,21,5,63,94,0,94,157
03/14/2020,ARA,LA,ASW,CE,Federal Contract Tower,0,0,3,1,4,0,1,11,1,13,0,1,14,2,17,36,4,40,57
03/15/2020,ARA,LA,ASW,CE,Federal Contract Tower,0,0,1,3,4,0,34,19,0,53,0,34,20,3,57,51,2,53,110
03/16/2020,ARA,LA,ASW,CE,Federal Contract Tower,0,0,4,0,4,0,32,18,0,50,0,32,22,0,54,65,0,65,119
03/17/2020,ARA,LA,ASW,CE,Federal Contract Tower,0,0,2,0,2,0,33,13,0,46,0,33,15,0,48,44,0,44,92
03/18/2020,ARA,LA,ASW,CE,Federal Contract Tower,0,0,1,0,1,0,62,18,0,80,0,62,19,0,81,156,0,156,237
03/19/2020,ARA,LA,ASW,CE,Federal Contract Tower,1,4,2,0,7,0,39,5,0,44,1,43,7,0,51,88,0,88,139
03/20/2020,ARA,LA,ASW,CE,Federal Contract Tower,0,0,0,0,0,0,22,2,0,24,0,22,2,0,24,108,0,108,132
03/21/2020,ARA,LA,ASW,CE,Federal Contract Tower,0,1,0,0,1,0,63,5,0,68,0,64,5,0,69,4,0,4,73
03/22/2020,ARA,LA,ASW,CE,Federal Contract Tower,0,2,5,0,7,0,20,4,2,26,0,22,9,2,33,38,8,46,79
03/23/2020,ARA,LA,ASW,CE,Federal Contract Tower,0,8,2,0,10,0,31,12,0,43,0,39,14,0,53,46,0,46,99
03/24/2020,ARA,LA,ASW,CE,Federal Contract Tower,0,0,8,4,12,0,57,8,0,65,0,57,16,4,77,66,10,76,153
03/25/2020,ARA,LA,ASW,CE,Federal Contract Tower,0,0,3,0,3,0,69,38,0,107,0,69,41,0,110,62,0,62,172
03/26/2020,ARA,LA,ASW,CE,Federal Contract Tower,1,0,0,0,1,0,45,29,0,74,1,45,29,0,75,116,0,116,191
03/27/2020,ARA,LA,ASW,CE,Federal Contract Tower,0,0,2,0,2,0,7,25,0,32,0,7,27,0,34,78,0,78,112
03/28/2020,ARA,LA,ASW,CE,Federal Contract Tower,0,0,0,0,0,0,9,4,0,13,0,9,4,0,13,0,0,0,13
03/29/2020,ARA,LA,ASW,CE,Federal Contract Tower,0,0,1,0,1,0,43,7,0,50,0,43,8,0,51,46,0,46,97
03/30/2020,ARA,LA,ASW,CE,Federal Contract Tower,0,0,2,0,2,0,26,13,0,39,0,26,15,0,41,18,0,18,59
03/31/2020,ARA,LA,ASW,CE,Federal Contract Tower,0,0,1,1,2,0,47,8,0,55,0,47,9,1,57,4,0,4,61
04/01/2020,ARA,LA,ASW,CE,Federal Contract Tower,2,0,0,0,2,0,37,17,0,54,2,37,17,0,56,16,0,16,72
04/02/2020,ARA,LA,ASW,CE,Federal Contract Tower,0,1,2,0,3,0,40,6,0,46,0,41,8,0,49,30,0,30,79
04/03/2020,ARA,LA,ASW,CE,Federal Contract Tower,0,0,0,5,5,0,26,23,1,50,0,26,23,6,55,68,0,68,123
04/04/2020,ARA,LA,ASW,CE,Federal Contract Tower,0,0,0,0,0,0,16,6,0,22,0,16,6,0,22,2,0,2,24
04/05/2020,ARA,LA,ASW,CE,Federal Contract Tower,0,0,0,0,0,0,21,8,0,29,0,21,8,0,29,10,0,10,39
04/06/2020,ARA,LA,ASW,CE,Federal Contract Tower,0,0,0,0,0,0,18,10,0,28,0,18,10,0,28,27,0,27,55
04/07/2020,ARA,LA,ASW,CE,Federal Contract Tower,0,4,5,0,9,0,49,12,0,61,0,53,17,0,70,110,0,110,180
04/08/2020,ARA,LA,ASW,CE,Federal Contract Tower,0,2,1,1,4,0,32,12,5,49,0,34,13,6,53,30,0,30,83
04/09/2020,ARA,LA,ASW,CE,Federal Contract Tower,0,1,0,0,1,0,47,10,0,57,0,48,10,0,58,60,0,60,118
04/10/2020,ARA,LA,ASW,CE,Federal Contract Tower,1,0,1,0,2,0,18,6,0,24,1,18,7,0,26,16,0,16,42
04/11/2020,ARA,LA,ASW,CE,Federal Contract Tower,0,0,0,0,0,0,10,14,0,24,0,10,14,0,24,6,0,6,30
04/12/2020,ARA,LA,ASW,CE,Federal Contract Tower,0,0,0,0,0,0,11,0,0,11,0,11,0,0,11,0,0,0,11
04/13/2020,ARA,LA,ASW,CE,Federal Contract Tower,0,0,0,0,0,0,23,13,0,36,0,23,13,0,36,25,0,25,61
04/14/2020,ARA,LA,ASW,CE,Federal Contract Tower,0,1,3,0,4,0,38,9,2,49,0,39,12,2,53,28,0,28,81
04/15/2020,ARA,LA,ASW,CE,Federal Contract Tower,0,0,0,2,2,0,41,15,2,58,0,41,15,4,60,84,0,84,144
04/16/2020,ARA,LA,ASW,CE,Federal Contract Tower,2,0,3,0,5,0,29,24,0,53,2,29,27,0,58,84,0,84,142
04/17/2020,ARA,LA,ASW,CE,Federal Contract Tower,0,0,3,0,3,0,32,15,0,47,0,32,18,0,50,96,0,96,146
04/18/2020,ARA,LA,ASW,CE,Federal Contract Tower,0,0,0,0,0,0,22,7,0,29,0,22,7,0,29,82,0,82,111
04/19/2020,ARA,LA,ASW,CE,Federal Contract Tower,0,0,0,0,0,0,8,1,0,9,0,8,1,0,9,2,0,2,11
04/20/2020,ARA,LA,ASW,CE,Federal Contract Tower,0,0,3,0,3,0,12,18,0,30,0,12,21,0,33,36,0,36,69
04/21/2020,ARA,LA,ASW,CE,Federal Contract Tower,0,0,5,0,5,0,40,29,0,69,0,40,34,0,74,38,0,38,112
04/22/2020,ARA,LA,ASW,CE,Federal Contract Tower,0,0,1,0,1,0,31,19,0,50,0,31,20,0,51,128,0,128,179
04/23/2020,ARA,LA,ASW,CE,Federal Contract Tower,0,0,2,0,2,0,25,6,0,31,0,25,8,0,33,26,0,26,59
04/24/2020,ARA,LA,ASW,CE,Federal Contract Tower,1,0,4,0,5,0,31,24,0,55,1,31,28,0,60,56,0,56,116
04/25/2020,ARA,LA,ASW,CE,Federal Contract Tower,0,0,0,0,0,0,6,19,0,25,0,6,19,0,25,20,0,20,45
04/26/2020,ARA,LA,ASW,CE,Federal Contract Tower,0,0,1,4,5,0,16,14,0,30,0,16,15,4,35,76,0,76,111
04/27/2020,ARA,LA,ASW,CE,Federal Contract Tower,0,0,3,0,3,0,14,13,0,27,0,14,16,0,30,0,0,0,30
04/28/2020,ARA,LA,ASW,CE,Federal Contract Tower,0,0,5,0,5,0,24,11,0,35,0,24,16,0,40,24,0,24,64
04/29/2020,ARA,LA,ASW,CE,Federal Contract Tower,0,0,2,0,2,0,37,0,0,37,0,37,2,0,39,30,0,30,69
04/30/2020,ARA,LA,ASW,CE,Federal Contract Tower,0,0,9,0,9,0,29,21,0,50,0,29,30,0,59,42,0,42,101
05/01/2020,ARA,LA,ASW,CE,Federal Contract Tower,1,0,4,0,5,0,21,43,0,64,1,21,47,0,69,50,0,50,119
05/02/2020,ARA,LA,ASW,CE,Federal Contract Tower,0,0,1,0,1,0,14,30,0,44,0,14,31,0,45,20,0,20,65
05/03/2020,ARA,LA,ASW,CE,Federal Contract Tower,0,0,2,0,2,0,19,27,0,46,0,19,29,0,48,90,0,90,138
05/04/2020,ARA,LA,ASW,CE,Federal Contract Tower,0,0,4,0,4,0,4,10,0,14,0,4,14,0,18,24,0,24,42
05/05/2020,ARA,LA,ASW,CE,Federal Contract Tower,0,0,6,0,6,0,21,15,0,36,0,21,21,0,42,52,0,52,94
05/06/2020,ARA,LA,ASW,CE,Federal Contract Tower,0,0,2,0,2,0,9,13,2,24,0,9,15,2,26,26,0,26,52
05/07/2020,ARA,LA,ASW,CE,Federal Contract Tower,0,0,4,0,4,0,9,23,0,32,0,9,27,0,36,56,0,56,92
05/08/2020,ARA,LA,ASW,CE,Federal Contract Tower,0,0,1,0,1,0,7,5,0,12,0,7,6,0,13,26,0,26,39
05/09/2020,ARA,LA,ASW,CE,Federal Contract Tower,0,0,5,0,5,0,4,4,0,8,0,4,9,0,13,32,0,32,45
05/10/2020,ARA,LA,ASW,CE,Federal Contract Tower,0,0,1,0,1,0,7,18,0,25,0,7,19,0,26,36,0,36,62
05/11/2020,ARA,LA,ASW,CE,Federal Contract Tower,0,0,8,0,8,0,0,20,6,26,0,0,28,6,34,32,0,32,66
05/12/2020,ARA,LA,ASW,CE,Federal Contract Tower,2,0,3,0,5,0,19,32,0,51,2,19,35,0,56,20,0,20,76
05/13/2020,ARA,LA,ASW,CE,Federal Contract Tower,0,0,7,0,7,0,9,12,0,21,0,9,19,0,28,8,0,8,36
05/14/2020,ARA,LA,ASW,CE,Federal Contract Tower,0,2,8,0,10,0,21,3,0,24,0,23,11,0,34,26,0,26,60
05/15/2020,ARA,LA,ASW,CE,Federal Contract Tower,2,0,1,0,3,0,14,7,0,21,2,14,8,0,24,72,0,72,96
05/16/2020,ARA,LA,ASW,CE,Federal Contract Tower,0,0,1,0,1,0,10,6,0,16,0,10,7,0,17,18,0,18,35
05/17/2020,ARA,LA,ASW,CE,Federal Contract Tower,0,1,1,0,2,0,9,7,0,16,0,10,8,0,18,24,0,24,42
05/18/2020,ARA,LA,ASW,CE,Federal Contract Tower,0,0,1,0,1,0,6,40,0,46,0,6,41,0,47,154,0,154,201
05/19/2020,ARA,LA,ASW,CE,Federal Contract Tower,0,0,5,0,5,0,15,44,0,59,0,15,49,0,64,87,0,87,151
05/20/2020,ARA,LA,ASW,CE,Federal Contract Tower,0,0,2,0,2,0,9,20,0,29,0,9,22,0,31,38,0,38,69
05/21/2020,ARA,LA,ASW,CE,Federal Contract Tower,0,0,6,0,6,0,13,42,0,55,0,13,48,0,61,114,0,114,175
05/22/2020,ARA,LA,ASW,CE,Federal Contract Tower,0,1,6,1,8,0,13,20,0,33,0,14,26,1,41,92,0,92,133
05/23/2020,ARA,LA,ASW,CE,Federal Contract Tower,0,0,0,0,0,0,10,20,0,30,0,10,20,0,30,51,0,51,81
05/24/2020,ARA,LA,ASW,CE,Federal Contract Tower,0,0,4,0,4,0,3,11,0,14,0,3,15,0,18,30,0,30,48
05/25/2020,ARA,LA,ASW,CE,Federal Contract Tower,0,0,0,0,0,0,6,12,0,18,0,6,12,0,18,100,0,100,118
05/26/2020,ARA,LA,ASW,CE,Federal Contract Tower,1,0,5,0,6,0,17,14,0,31,1,17,19,0,37,188,0,188,225
05/27/2020,ARA,LA,ASW,CE,Federal Contract Tower,0,0,4,0,4,0,8,47,3,58,0,8,51,3,62,196,0,196,258
05/28/2020,ARA,LA,ASW,CE,Federal Contract Tower,0,0,2,0,2,0,12,24,4,40,0,12,26,4,42,130,0,130,172
05/29/2020,ARA,LA,ASW,CE,Federal Contract Tower,2,0,6,1,9,0,18,23,0,41,2,18,29,1,50,120,0,120,170
05/30/2020,ARA,LA,ASW,CE,Federal Contract Tower,0,0,8,0,8,0,11,15,0,26,0,11,23,0,34,10,0,10,44
05/31/2020,ARA,LA,ASW,CE,Federal Contract Tower,0,0,3,0,3,0,9,19,0,28,0,9,22,0,31,40,0,40,71
06/01/2020,ARA,LA,ASW,CE,Federal Contract Tower,0,0,9,0,9,0,11,32,0,43,0,11,41,0,52,70,0,70,122
06/02/2020,ARA,LA,ASW,CE,Federal Contract Tower,1,0,0,0,1,0,25,29,0,54,1,25,29,0,55,120,0,120,175
06/03/2020,ARA,LA,ASW,CE,Federal Contract Tower,0,0,2,0,2,0,11,23,2,36,0,11,25,2,38,126,0,126,164
06/04/2020,ARA,LA,ASW,CE,Federal Contract Tower,0,0,5,0,5,0,10,26,0,36,0,10,31,0,41,84,0,84,125
06/05/2020,ARA,LA,ASW,CE,Federal Contract Tower,0,0,6,0,6,0,4,29,0,33,0,4,35,0,39,32,0,32,71
06/06/2020,ARA,LA,ASW,CE,Federal Contract Tower,0,0,1,0,1,0,4,17,0,21,0,4,18,0,22,40,0,40,62
06/07/2020,ARA,LA,ASW,CE,Federal Contract Tower,0,0,0,0,0,0,0,2,0,2,0,0,2,0,2,6,0,6,8
06/08/2020,ARA,LA,ASW,CE,Federal Contract Tower,0,0,4,0,4,0,15,2,0,17,0,15,6,0,21,16,0,16,37
06/09/2020,ARA,LA,ASW,CE,Federal Contract Tower,0,0,2,0,2,0,22,11,0,33,0,22,13,0,35,196,0,196,231
06/10/2020,ARA,LA,ASW,CE,Federal Contract Tower,0,1,2,0,3,0,19,31,0,50,0,20,33,0,53,0,88,88,141
06/11/2020,ARA,LA,ASW,CE,Federal Contract Tower,1,0,6,0,7,0,11,26,0,37,1,11,32,0,44,30,0,30,74
06/12/2020,ARA,LA,ASW,CE,Federal Contract Tower,1,2,11,0,14,0,33,16,0,49,1,35,27,0,63,98,0,98,161
06/13/2020,ARA,LA,ASW,CE,Federal Contract Tower,0,0,7,0,7,0,8,13,0,21,0,8,20,0,28,34,0,34,62
06/14/2020,ARA,LA,ASW,CE,Federal Contract Tower,0,1,2,0,3,0,12,16,0,28,0,13,18,0,31,32,0,32,63
06/15/2020,ARA,LA,ASW,CE,Federal Contract Tower,0,3,5,0,8,0,8,23,0,31,0,11,28,0,39,64,0,64,103
06/16/2020,ARA,LA,ASW,CE,Federal Contract Tower,0,0,7,0,7,0,22,51,2,75,0,22,58,2,82,174,0,174,256
06/17/2020,ARA,LA,ASW,CE,Federal Contract Tower,0,0,3,1,4,0,13,26,0,39,0,13,29,1,43,58,0,58,101
06/18/2020,ARA,LA,ASW,CE,Federal Contract Tower,2,0,9,1,12,0,5,28,0,33,2,5,37,1,45,156,0,156,201
06/19/2020,ARA,LA,ASW,CE,Federal Contract Tower,0,0,7,0,7,0,18,30,5,53,0,18,37,5,60,65,0,65,125
06/20/2020,ARA,LA,ASW,CE,Federal Contract Tower,0,1,2,0,3,0,22,38,2,62,0,23,40,2,65,64,0,64,129
06/21/2020,ARA,LA,ASW,CE,Federal Contract Tower,0,0,0,0,0,0,11,13,0,24,0,11,13,0,24,24,0,24,48
06/22/2020,ARA,LA,ASW,CE,Federal Contract Tower,0,0,4,0,4,0,14,9,0,23,0,14,13,0,27,32,0,32,59
06/23/2020,ARA,LA,ASW,CE,Federal Contract Tower,0,0,3,0,3,0,26,21,2,49,0,26,24,2,52,106,0,106,158
06/24/2020,ARA,LA,ASW,CE,Federal Contract Tower,0,0,6,0,6,0,7,20,0,27,0,7,26,0,33,50,0,50,83
06/25/2020,ARA,LA,ASW,CE,Federal Contract Tower,0,0,5,0,5,0,14,10,0,24,0,14,15,0,29,40,0,40,69
06/26/2020,ARA,LA,ASW,CE,Federal Contract Tower,1,0,12,0,13,0,15,16,0,31,1,15,28,0,44,98,0,98,142
06/27/2020,ARA,LA,ASW,CE,Federal Contract Tower,0,0,5,0,5,0,9,10,0,19,0,9,15,0,24,8,0,8,32
06/28/2020,ARA,LA,ASW,CE,Federal Contract Tower,0,0,4,0,4,0,19,8,0,27,0,19,12,0,31,72,0,72,103
06/29/2020,ARA,LA,ASW,CE,Federal Contract Tower,0,0,3,3,6,0,12,20,1,33,0,12,23,4,39,80,0,80,119
06/30/2020,ARA,LA,ASW,CE,Federal Contract Tower,0,0,3,0,3,0,14,19,0,33,0,14,22,0,36,60,0,60,96
07/01/2020,ARA,LA,ASW,CE,Federal Contract Tower,0,2,4,1,7,0,18,27,0,45,0,20,31,1,52,128,0,128,180
07/02/2020,ARA,LA,ASW,CE,Federal Contract Tower,2,0,6,0,8,0,16,27,0,43,2,16,33,0,51,110,0,110,161
07/03/2020,ARA,LA,ASW,CE,Federal Contract Tower,0,0,3,0,3,0,4,11,0,15,0,4,14,0,18,38,0,38,56
07/04/2020,ARA,LA,ASW,CE,Federal Contract Tower,0,0,4,0,4,0,9,5,0,14,0,9,9,0,18,2,0,2,20
07/05/2020,ARA,LA,ASW,CE,Federal Contract Tower,0,0,4,0,4,0,1,2,0,3,0,1,6,0,7,6,0,6,13
07/06/2020,ARA,LA,ASW,CE,Federal Contract Tower,0,2,4,0,6,0,0,9,0,9,0,2,13,0,15,24,0,24,39
07/07/2020,ARA,LA,ASW,CE,Federal Contract Tower,0,0,2,0,2,0,18,3,0,21,0,18,5,0,23,12,0,12,35
07/08/2020,ARA,LA,ASW,CE,Federal Contract Tower,0,0,4,0,4,0,9,21,0,30,0,9,25,0,34,58,0,58,92
07/09/2020,ARA,LA,ASW,CE,Federal Contract Tower,3,0,2,0,5,0,17,20,4,41,3,17,22,4,46,108,0,108,154
07/10/2020,ARA,LA,ASW,CE,Federal Contract Tower,0,1,9,0,10,0,8,55,1,64,0,9,64,1,74,98,0,98,172
07/11/2020,ARA,LA,ASW,CE,Federal Contract Tower,0,0,0,0,0,0,11,9,0,20,0,11,9,0,20,14,0,14,34
07/12/2020,ARA,LA,ASW,CE,Federal Contract Tower,0,0,0,0,0,0,6,11,0,17,0,6,11,0,17,28,0,28,45
07/13/2020,ARA,LA,ASW,CE,Federal Contract Tower,0,0,3,2,5,0,8,18,0,26,0,8,21,2,31,82,2,84,115
07/14/2020,ARA,LA,ASW,CE,Federal Contract Tower,0,0,5,2,7,0,17,28,0,45,0,17,33,2,52,72,0,72,124
07/15/2020,ARA,LA,ASW,CE,Federal Contract Tower,0,0,3,0,3,0,16,25,0,41,0,16,28,0,44,122,0,122,166
07/16/2020,ARA,LA,ASW,CE,Federal Contract Tower,2,3,2,0,7,0,14,17,0,31,2,17,19,0,38,40,0,40,78
07/17/2020,ARA,LA,ASW,CE,Federal Contract Tower,0,0,2,0,2,0,11,27,0,38,0,11,29,0,40,66,0,66,106
07/18/2020,ARA,LA,ASW,CE,Federal Contract Tower,0,0,2,0,2,0,16,6,0,22,0,16,8,0,24,42,0,42,66
07/19/2020,ARA,LA,ASW,CE,Federal Contract Tower,0,1,5,0,6,0,15,17,0,32,0,16,22,0,38,16,0,16,54
07/20/2020,ARA,LA,ASW,CE,Federal Contract Tower,0,0,4,0,4,0,3,2,0,5,0,3,6,0,9,6,0,6,15
07/21/2020,ARA,LA,ASW,CE,Federal Contract Tower,0,0,3,0,3,0,17,32,0,49,0,17,35,0,52,62,0,62,114
07/22/2020,ARA,LA,ASW,CE,Federal Contract Tower,0,0,5,0,5,0,29,35,0,64,0,29,40,0,69,42,0,42,111
07/23/2020,ARA,LA,ASW,CE,Federal Contract Tower,1,0,5,0,6,0,16,31,0,47,1,16,36,0,53,74,0,74,127
07/24/2020,ARA,LA,ASW,CE,Federal Contract Tower,0,0,4,0,4,0,0,0,0,0,0,0,4,0,4,30,0,30,34
07/25/2020,ARA,LA,ASW,CE,Federal Contract Tower,0,1,3,0,4,0,0,0,0,0,0,1,3,0,4,0,0,0,4
07/26/2020,ARA,LA,ASW,CE,Federal Contract Tower,0,0,2,0,2,0,2,6,0,8,0,2,8,0,10,0,0,0,10
07/27/2020,ARA,LA,ASW,CE,Federal Contract Tower,1,0,6,0,7,0,6,4,0,10,1,6,10,0,17,0,0,0,17
07/28/2020,ARA,LA,ASW,CE,Federal Contract Tower,0,0,4,0,4,0,18,4,0,22,0,18,8,0,26,6,0,6,32
07/29/2020,ARA,LA,ASW,CE,Federal Contract Tower,0,0,6,0,6,0,15,19,0,34,0,15,25,0,40,114,0,114,154
07/30/2020,ARA,LA,ASW,CE,Federal Contract Tower,1,1,5,0,7,0,30,30,0,60,1,31,35,0,67,76,0,76,143
07/31/2020,ARA,LA,ASW,CE,Federal Contract Tower,0,0,9,1,10,0,14,10,2,26,0,14,19,3,36,28,0,28,64
08/01/2020,ARA,LA,ASW,CE,Federal Contract Tower,1,0,4,0,5,0,4,13,0,17,1,4,17,0,22,0,0,0,22
08/02/2020,ARA,LA,ASW,CE,Federal Contract Tower,0,1,5,0,6,0,10,14,0,24,0,11,19,0,30,32,0,32,62
08/03/2020,ARA,LA,ASW,CE,Federal Contract Tower,0,0,6,0,6,0,18,27,0,45,0,18,33,0,51,40,0,40,91
08/04/2020,ARA,LA,ASW,CE,Federal Contract Tower,0,0,4,0,4,0,14,26,0,40,0,14,30,0,44,106,0,106,150
08/05/2020,ARA,LA,ASW,CE,Federal Contract Tower,0,0,7,1,8,0,9,21,2,32,0,9,28,3,40,60,4,64,104
08/06/2020,ARA,LA,ASW,CE,Federal Contract Tower,2,4,1,2,9,0,27,23,1,51,2,31,24,3,60,24,0,24,84
08/07/2020,ARA,LA,ASW,CE,Federal Contract Tower,0,2,7,0,9,0,15,27,0,42,0,17,34,0,51,32,0,32,83
08/08/2020,ARA,LA,ASW,CE,Federal Contract Tower,0,0,0,0,0,0,17,12,4,33,0,17,12,4,33,32,2,34,67
08/09/2020,ARA,LA,ASW,CE,Federal Contract Tower,0,0,3,0,3,0,10,11,0,21,0,10,14,0,24,6,0,6,30
08/10/2020,ARA,LA,ASW,CE,Federal Contract Tower,0,0,3,0,3,0,21,34,0,55,0,21,37,0,58,48,0,48,106
08/11/2020,ARA,LA,ASW,CE,Federal Contract Tower,0,0,7,2,9,0,19,28,2,49,0,19,35,4,58,78,0,78,136
08/12/2020,ARA,LA,ASW,CE,Federal Contract Tower,0,0,7,0,7,0,12,23,0,35,0,12,30,0,42,100,0,100,142
08/13/2020,ARA,LA,ASW,CE,Federal Contract Tower,0,0,1,0,1,0,15,19,0,34,0,15,20,0,35,48,0,48,83
08/14/2020,ARA,LA,ASW,CE,Federal Contract Tower,0,0,3,0,3,0,26,13,0,39,0,26,16,0,42,78,0,78,120
08/15/2020,ARA,LA,ASW,CE,Federal Contract Tower,0,0,0,0,0,0,6,13,0,19,0,6,13,0,19,12,0,12,31
08/16/2020,ARA,LA,ASW,CE,Federal Contract Tower,1,0,6,4,11,0,6,20,0,26,1,6,26,4,37,8,4,12,49
08/17/2020,ARA,LA,ASW,CE,Federal Contract Tower,0,0,2,2,4,0,11,21,1,33,0,11,23,3,37,38,0,38,75
08/18/2020,ARA,LA,ASW,CE,Federal Contract Tower,0,0,16,0,16,0,13,31,0,44,0,13,47,0,60,36,0,36,96
08/19/2020,ARA,LA,ASW,CE,Federal Contract Tower,1,0,7,0,8,0,18,41,2,61,1,18,48,2,69,46,0,46,115
08/20/2020,ARA,LA,ASW,CE,Federal Contract Tower,2,0,12,0,14,0,13,30,17,60,2,13,42,17,74,48,4,52,126
08/21/2020,ARA,LA,ASW,CE,Federal Contract Tower,0,0,5,0,5,0,40,24,2,66,0,40,29,2,71,128,0,128,199
08/22/2020,ARA,LA,ASW,CE,Federal Contract Tower,0,0,0,1,1,0,24,22,0,46,0,24,22,1,47,8,0,8,55
08/23/2020,ARA,LA,ASW,CE,Federal Contract Tower,0,0,6,0,6,0,30,11,0,41,0,30,17,0,47,14,0,14,61
08/24/2020,ARA,LA,ASW,CE,Federal Contract Tower,0,0,2,0,2,0,4,8,0,12,0,4,10,0,14,0,0,0,14
08/25/2020,ARA,LA,ASW,CE,Federal Contract Tower,0,0,2,0,2,0,10,2,0,12,0,10,4,0,14,0,0,0,14
08/26/2020,ARA,LA,ASW,CE,Federal Contract Tower,0,0,0,0,0,0,0,0,0,0,0,0,0,0,0,0,0,0,0
08/27/2020,ARA,LA,ASW,CE,Federal Contract Tower,0,0,1,0,1,0,14,9,19,42,0,14,10,19,43,0,0,0,43
08/28/2020,ARA,LA,ASW,CE,Federal Contract Tower,0,7,12,0,19,0,40,25,9,74,0,47,37,9,93,4,0,4,97
08/29/2020,ARA,LA,ASW,CE,Federal Contract Tower,0,1,4,0,5,0,21,14,2,37,0,22,18,2,42,0,0,0,42
08/30/2020,ARA,LA,ASW,CE,Federal Contract Tower,0,2,4,0,6,0,20,6,0,26,0,22,10,0,32,0,0,0,32
08/31/2020,ARA,LA,ASW,CE,Federal Contract Tower,0,2,1,4,7,0,19,16,0,35,0,21,17,4,42,72,0,72,114
09/01/2020,ARA,LA,ASW,CE,Federal Contract Tower,0,1,15,0,16,0,22,45,2,69,0,23,60,2,85,66,0,66,151
09/02/2020,ARA,LA,ASW,CE,Federal Contract Tower,0,2,9,0,11,0,21,39,0,60,0,23,48,0,71,90,0,90,161
09/03/2020,ARA,LA,ASW,CE,Federal Contract Tower,0,4,1,3,8,0,17,31,1,49,0,21,32,4,57,58,0,58,115
09/04/2020,ARA,LA,ASW,CE,Federal Contract Tower,0,0,10,0,10,0,21,27,0,48,0,21,37,0,58,54,0,54,112
09/05/2020,ARA,LA,ASW,CE,Federal Contract Tower,2,0,4,2,8,0,12,27,0,39,2,12,31,2,47,10,0,10,57
09/06/2020,ARA,LA,ASW,CE,Federal Contract Tower,0,0,5,0,5,0,15,31,0,46,0,15,36,0,51,6,0,6,57
09/07/2020,ARA,LA,ASW,CE,Federal Contract Tower,0,0,6,0,6,0,14,23,0,37,0,14,29,0,43,16,0,16,59
09/08/2020,ARA,LA,ASW,CE,Federal Contract Tower,2,0,6,8,16,0,23,25,1,49,2,23,31,9,65,110,0,110,175
09/09/2020,ARA,LA,ASW,CE,Federal Contract Tower,0,0,3,0,3,0,4,28,0,32,0,4,31,0,35,72,0,72,107
09/10/2020,ARA,LA,ASW,CE,Federal Contract Tower,0,4,6,9,19,0,17,40,0,57,0,21,46,9,76,58,0,58,134
09/11/2020,ARA,LA,ASW,CE,Federal Contract Tower,0,1,3,0,4,0,23,13,0,36,0,24,16,0,40,74,0,74,114
09/12/2020,ARA,LA,ASW,CE,Federal Contract Tower,0,0,3,0,3,0,12,9,0,21,0,12,12,0,24,8,0,8,32
09/13/2020,ARA,LA,ASW,CE,Federal Contract Tower,0,5,5,11,21,0,42,18,5,65,0,47,23,16,86,0,0,0,86
09/14/2020,ARA,LA,ASW,CE,Federal Contract Tower,0,7,5,18,30,0,23,11,10,44,0,30,16,28,74,68,0,68,142
09/15/2020,ARA,LA,ASW,CE,Federal Contract Tower,0,8,3,2,13,0,53,16,3,72,0,61,19,5,85,34,0,34,119
09/16/2020,ARA,LA,ASW,CE,Federal Contract Tower,1,2,4,0,7,0,30,22,7,59,1,32,26,7,66,84,0,84,150
09/17/2020,ARA,LA,ASW,CE,Federal Contract Tower,0,4,3,1,8,0,39,32,5,76,0,43,35,6,84,144,0,144,228
09/18/2020,ARA,LA,ASW,CE,Federal Contract Tower,0,0,8,2,10,0,2,17,0,19,0,2,25,2,29,86,0,86,115
09/19/2020,ARA,LA,ASW,CE,Federal Contract Tower,2,0,3,0,5,0,1,3,0,4,2,1,6,0,9,8,0,8,17
09/20/2020,ARA,LA,ASW,CE,Federal Contract Tower,0,0,2,0,2,0,0,0,0,0,0,0,2,0,2,0,0,0,2
09/21/2020,ARA,LA,ASW,CE,Federal Contract Tower,0,0,0,0,0,0,0,0,0,0,0,0,0,0,0,0,0,0,0
09/22/2020,ARA,LA,ASW,CE,Federal Contract Tower,0,0,0,0,0,0,12,2,0,14,0,12,2,0,14,0,0,0,14
09/23/2020,ARA,LA,ASW,CE,Federal Contract Tower,0,0,1,0,1,0,21,7,0,28,0,21,8,0,29,12,0,12,41
09/24/2020,ARA,LA,ASW,CE,Federal Contract Tower,0,0,7,6,13,0,29,11,0,40,0,29,18,6,53,72,0,72,125
09/25/2020,ARA,LA,ASW,CE,Federal Contract Tower,2,0,14,11,27,0,17,28,0,45,2,17,42,11,72,126,4,130,202
09/26/2020,ARA,LA,ASW,CE,Federal Contract Tower,0,2,2,12,16,0,5,16,6,27,0,7,18,18,43,12,14,26,69
09/27/2020,ARA,LA,ASW,CE,Federal Contract Tower,0,0,6,0,6,0,13,19,0,32,0,13,25,0,38,22,0,22,60
09/28/2020,ARA,LA,ASW,CE,Federal Contract Tower,0,0,2,0,2,0,12,3,0,15,0,12,5,0,17,6,0,6,23
09/29/2020,ARA,LA,ASW,CE,Federal Contract Tower,0,0,11,5,16,0,18,44,4,66,0,18,55,9,82,94,2,96,178
09/30/2020,ARA,LA,ASW,CE,Federal Contract Tower,0,0,7,4,11,0,10,63,2,75,0,10,70,6,86,34,0,34,120
10/01/2020,ARA,LA,ASW,CE,Federal Contract Tower,0,0,16,4,20,0,20,63,0,83,0,20,79,4,103,18,0,18,121
10/02/2020,ARA,LA,ASW,CE,Federal Contract Tower,2,0,19,3,24,0,12,40,5,57,2,12,59,8,81,20,4,24,105
10/03/2020,ARA,LA,ASW,CE,Federal Contract Tower,0,0,2,17,19,1,13,22,2,38,1,13,24,19,57,10,4,14,71
10/04/2020,ARA,LA,ASW,CE,Federal Contract Tower,0,0,2,0,2,0,9,15,2,26,0,9,17,2,28,22,2,24,52
10/05/2020,ARA,LA,ASW,CE,Federal Contract Tower,0,0,2,0,2,0,26,18,0,44,0,26,20,0,46,92,0,92,138
10/06/2020,ARA,LA,ASW,CE,Federal Contract Tower,0,0,0,12,12,0,34,43,1,78,0,34,43,13,90,100,4,104,194
10/07/2020,ARA,LA,ASW,CE,Federal Contract Tower,0,0,9,0,9,0,23,27,4,54,0,23,36,4,63,0,80,80,143
10/08/2020,ARA,LA,ASW,CE,Federal Contract Tower,0,2,7,0,9,0,3,4,0,7,0,5,11,0,16,34,0,34,50
10/10/2020,ARA,LA,ASW,CE,Federal Contract Tower,0,0,4,0,4,0,35,21,6,62,0,35,25,6,66,0,0,0,66
10/11/2020,ARA,LA,ASW,CE,Federal Contract Tower,0,0,7,1,8,0,24,19,0,43,0,24,26,1,51,16,0,16,67
10/12/2020,ARA,LA,ASW,CE,Federal Contract Tower,0,0,2,0,2,0,15,15,0,30,0,15,17,0,32,26,0,26,58
10/13/2020,ARA,LA,ASW,CE,Federal Contract Tower,1,0,13,6,20,0,20,9,0,29,1,20,22,6,49,12,4,16,65
10/14/2020,ARA,LA,ASW,CE,Federal Contract Tower,0,3,3,2,8,0,21,36,0,57,0,24,39,2,65,112,0,112,177
10/15/2020,ARA,LA,ASW,CE,Federal Contract Tower,0,2,6,3,11,0,19,36,0,55,0,21,42,3,66,72,0,72,138
10/16/2020,ARA,LA,ASW,CE,Federal Contract Tower,0,1,4,0,5,0,31,23,0,54,0,32,27,0,59,224,0,224,283
10/17/2020,ARA,LA,ASW,CE,Federal Contract Tower,0,0,4,0,4,0,9,51,0,60,0,9,55,0,64,6,0,6,70
10/18/2020,ARA,LA,ASW,CE,Federal Contract Tower,0,1,1,2,4,0,14,7,0,21,0,15,8,2,25,34,0,34,59
10/19/2020,ARA,LA,ASW,CE,Federal Contract Tower,0,0,7,2,9,0,13,27,1,41,0,13,34,3,50,62,2,64,114
10/20/2020,ARA,LA,ASW,CE,Federal Contract Tower,0,2,2,0,4,0,21,19,0,40,0,23,21,0,44,10,0,10,54
10/21/2020,ARA,LA,ASW,CE,Federal Contract Tower,2,0,4,8,14,0,11,20,1,32,2,11,24,9,46,56,2,58,104
10/22/2020,ARA,LA,ASW,CE,Federal Contract Tower,0,1,7,1,9,0,18,19,3,40,0,19,26,4,49,16,0,16,65
10/23/2020,ARA,LA,ASW,CE,Federal Contract Tower,0,0,5,2,7,0,11,8,0,19,0,11,13,2,26,114,0,114,140
10/24/2020,ARA,LA,ASW,CE,Federal Contract Tower,0,1,2,0,3,0,21,8,0,29,0,22,10,0,32,54,0,54,86
10/25/2020,ARA,LA,ASW,CE,Federal Contract Tower,0,0,1,0,1,0,23,20,0,43,0,23,21,0,44,48,0,48,92
10/26/2020,ARA,LA,ASW,CE,Federal Contract Tower,0,0,5,0,5,0,16,33,0,49,0,16,38,0,54,60,0,60,114
10/27/2020,ARA,LA,ASW,CE,Federal Contract Tower,2,0,8,6,16,0,17,16,10,43,2,17,24,16,59,88,0,88,147
10/28/2020,ARA,LA,ASW,CE,Federal Contract Tower,1,11,0,0,12,0,2,15,0,17,1,13,15,0,29,24,0,24,53
10/29/2020,ARA,LA,ASW,CE,Federal Contract Tower,0,14,2,6,22,0,39,37,10,86,0,53,39,16,108,30,0,30,138
10/30/2020,ARA,LA,ASW,CE,Federal Contract Tower,1,21,7,6,35,0,31,30,0,61,1,52,37,6,96,162,0,162,258
10/31/2020,ARA,LA,ASW,CE,Federal Contract Tower,0,13,3,0,16,0,25,28,0,53,0,38,31,0,69,28,0,28,97
11/01/2020,ARA,LA,ASW,CE,Federal Contract Tower,0,2,5,2,9,0,15,10,0,25,0,17,15,2,34,40,0,40,74
11/02/2020,ARA,LA,ASW,CE,Federal Contract Tower,0,2,11,9,22,0,5,35,2,42,0,7,46,11,64,78,0,78,142
11/03/2020,ARA,LA,ASW,CE,Federal Contract Tower,1,6,0,19,26,0,28,19,5,52,1,34,19,24,78,88,0,88,166
11/04/2020,ARA,LA,ASW,CE,Federal Contract Tower,0,6,2,12,20,0,21,34,5,60,0,27,36,17,80,198,0,198,278
11/05/2020,ARA,LA,ASW,CE,Federal Contract Tower,0,7,10,12,29,0,15,36,5,56,0,22,46,17,85,70,4,74,159
11/06/2020,ARA,LA,ASW,CE,Federal Contract Tower,0,0,7,5,12,0,18,43,2,63,0,18,50,7,75,170,0,170,245
11/07/2020,ARA,LA,ASW,CE,Federal Contract Tower,0,2,2,0,4,0,5,14,0,19,0,7,16,0,23,8,0,8,31
11/08/2020,ARA,LA,ASW,CE,Federal Contract Tower,0,3,1,0,4,0,0,1,0,1,0,3,2,0,5,4,0,4,9
11/09/2020,ARA,LA,ASW,CE,Federal Contract Tower,0,2,3,1,6,0,2,23,1,26,0,4,26,2,32,40,0,40,72
11/10/2020,ARA,LA,ASW,CE,Federal Contract Tower,0,4,3,33,40,0,1,23,0,24,0,5,26,33,64,28,26,54,118
11/11/2020,ARA,LA,ASW,CE,Federal Contract Tower,0,12,3,1,16,0,4,12,1,17,0,16,15,2,33,12,2,14,47
11/12/2020,ARA,LA,ASW,CE,Federal Contract Tower,0,2,1,35,38,0,0,18,9,27,0,2,19,44,65,24,20,44,109
11/13/2020,ARA,LA,ASW,CE,Federal Contract Tower,0,6,9,22,37,0,3,26,3,32,0,9,35,25,69,32,2,34,103
11/14/2020,ARA,LA,ASW,CE,Federal Contract Tower,0,0,0,0,0,0,0,16,2,18,0,0,16,2,18,22,0,22,40
11/15/2020,ARA,LA,ASW,CE,Federal Contract Tower,0,2,5,1,8,0,2,15,1,18,0,4,20,2,26,48,0,48,74
11/16/2020,ARA,LA,ASW,CE,Federal Contract Tower,0,1,8,14,23,0,2,21,5,28,0,3,29,19,51,60,0,60,111
11/17/2020,ARA,LA,ASW,CE,Federal Contract Tower,1,0,8,7,16,0,1,28,1,30,1,1,36,8,46,104,0,104,150
11/18/2020,ARA,LA,ASW,CE,Federal Contract Tower,0,4,5,14,23,0,0,26,12,38,0,4,31,26,61,94,2,96,157
11/19/2020,ARA,LA,ASW,CE,Federal Contract Tower,0,1,3,17,21,0,5,20,13,38,0,6,23,30,59,54,4,58,117
11/20/2020,ARA,LA,ASW,CE,Federal Contract Tower,0,2,3,24,29,0,6,21,3,30,0,8,24,27,59,56,10,66,125
11/21/2020,ARA,LA,ASW,CE,Federal Contract Tower,0,0,0,0,0,0,0,21,0,21,0,0,21,0,21,38,0,38,59
11/22/2020,ARA,LA,ASW,CE,Federal Contract Tower,0,2,3,12,17,0,0,16,2,18,0,2,19,14,35,36,0,36,71
11/23/2020,ARA,LA,ASW,CE,Federal Contract Tower,1,0,10,11,22,0,4,40,1,45,1,4,50,12,67,180,2,182,249
11/24/2020,ARA,LA,ASW,CE,Federal Contract Tower,0,0,11,17,28,0,2,37,0,39,0,2,48,17,67,136,6,142,209
11/25/2020,ARA,LA,ASW,CE,Federal Contract Tower,0,0,3,0,3,0,0,15,0,15,0,0,18,0,18,88,0,88,106
11/26/2020,ARA,LA,ASW,CE,Federal Contract Tower,0,0,1,0,1,0,0,5,0,5,0,0,6,0,6,0,0,0,6
11/27/2020,ARA,LA,ASW,CE,Federal Contract Tower,0,0,2,0,2,0,0,0,0,0,0,0,2,0,2,0,0,0,2
11/28/2020,ARA,LA,ASW,CE,Federal Contract Tower,0,0,1,0,1,0,0,0,0,0,0,0,1,0,1,0,0,0,1
11/29/2020,ARA,LA,ASW,CE,Federal Contract Tower,0,0,5,0,5,0,0,0,0,0,0,0,5,0,5,0,0,0,5
11/30/2020,ARA,LA,ASW,CE,Federal Contract Tower,0,0,17,4,21,0,1,26,0,27,0,1,43,4,48,60,2,62,110
12/01/2020,ARA,LA,ASW,CE,Federal Contract Tower,0,0,14,11,25,0,1,43,7,51,0,1,57,18,76,168,10,178,254
12/02/2020,ARA,LA,ASW,CE,Federal Contract Tower,1,0,4,8,13,0,0,17,6,23,1,0,21,14,36,18,8,26,62
12/03/2020,ARA,LA,ASW,CE,Federal Contract Tower,0,0,2,2,4,0,3,26,0,29,0,3,28,2,33,102,0,102,135
12/04/2020,ARA,LA,ASW,CE,Federal Contract Tower,0,0,5,31,36,0,2,29,3,34,0,2,34,34,70,72,38,110,180
12/05/2020,ARA,LA,ASW,CE,Federal Contract Tower,0,0,3,0,3,0,2,22,0,24,0,2,25,0,27,44,0,44,71
12/06/2020,ARA,LA,ASW,CE,Federal Contract Tower,0,1,2,6,9,0,1,9,0,10,0,2,11,6,19,28,0,28,47
12/07/2020,ARA,LA,ASW,CE,Federal Contract Tower,0,0,3,8,11,0,2,32,2,36,0,2,35,10,47,136,18,154,201
12/08/2020,ARA,LA,ASW,CE,Federal Contract Tower,0,0,4,11,15,0,6,33,7,46,0,6,37,18,61,182,26,208,269
12/09/2020,ARA,LA,ASW,CE,Federal Contract Tower,0,2,1,2,5,0,6,33,3,42,0,8,34,5,47,124,18,142,189
12/10/2020,ARA,LA,ASW,CE,Federal Contract Tower,0,2,8,10,20,0,2,32,3,37,0,4,40,13,57,52,2,54,111
12/11/2020,ARA,LA,ASW,CE,Federal Contract Tower,0,0,3,51,54,0,4,22,6,32,0,4,25,57,86,66,18,84,170
12/12/2020,ARA,LA,ASW,CE,Federal Contract Tower,1,0,1,0,2,0,2,3,0,5,1,2,4,0,7,26,0,26,33
12/13/2020,ARA,LA,ASW,CE,Federal Contract Tower,0,0,0,1,1,0,7,2,0,9,0,7,2,1,10,54,0,54,64
12/14/2020,ARA,LA,ASW,CE,Federal Contract Tower,0,0,7,7,14,0,11,10,0,21,0,11,17,7,35,72,0,72,107
12/15/2020,ARA,LA,ASW,CE,Federal Contract Tower,0,0,14,7,21,0,7,10,0,17,0,7,24,7,38,96,0,96,134
12/16/2020,ARA,LA,ASW,CE,Federal Contract Tower,0,0,5,26,31,0,1,13,3,17,0,1,18,29,48,50,0,50,98
12/17/2020,ARA,LA,ASW,CE,Federal Contract Tower,0,0,9,24,33,0,5,26,3,34,0,5,35,27,67,84,6,90,157
12/18/2020,ARA,LA,ASW,CE,Federal Contract Tower,0,0,3,5,8,0,0,40,1,41,0,0,43,6,49,76,6,82,131
12/19/2020,ARA,LA,ASW,CE,Federal Contract Tower,0,0,5,4,9,0,0,9,2,11,0,0,14,6,20,30,0,30,50
12/20/2020,ARA,LA,ASW,CE,Federal Contract Tower,0,0,3,8,11,0,2,3,1,6,0,2,6,9,17,16,0,16,33
12/21/2020,ARA,LA,ASW,CE,Federal Contract Tower,0,0,6,7,13,0,0,25,2,27,0,0,31,9,40,40,2,42,82
12/22/2020,ARA,LA,ASW,CE,Federal Contract Tower,0,0,2,4,6,0,0,23,2,25,0,0,25,6,31,38,0,38,69
12/23/2020,ARA,LA,ASW,CE,Federal Contract Tower,0,0,3,4,7,0,1,17,0,18,0,1,20,4,25,0,0,0,25
12/24/2020,ARA,LA,ASW,CE,Federal Contract Tower,0,0,2,0,2,0,3,3,0,6,0,3,5,0,8,0,0,0,8
12/25/2020,ARA,LA,ASW,CE,Federal Contract Tower,0,0,0,0,0,0,0,5,0,5,0,0,5,0,5,0,0,0,5
12/26/2020,ARA,LA,ASW,CE,Federal Contract Tower,0,0,2,0,2,0,0,31,0,31,0,0,33,0,33,70,0,70,103
12/27/2020,ARA,LA,ASW,CE,Federal Contract Tower,0,0,2,0,2,0,0,12,0,12,0,0,14,0,14,10,0,10,24
12/28/2020,ARA,LA,ASW,CE,Federal Contract Tower,0,0,4,2,6,0,0,9,0,9,0,0,13,2,15,22,0,22,37
12/29/2020,ARA,LA,ASW,CE,Federal Contract Tower,0,0,3,4,7,0,0,19,4,23,0,0,22,8,30,26,0,26,56
12/30/2020,ARA,LA,ASW,CE,Federal Contract Tower,0,0,1,0,1,0,0,5,0,5,0,0,6,0,6,26,0,26,32
12/31/2020,ARA,LA,ASW,CE,Federal Contract Tower,0,0,0,0,0,0,0,7,0,7,0,0,7,0,7,2,0,2,9
01/01/2021,ARA,LA,ASW,CE,Federal Contract Tower,0,0,0,0,0,0,0,1,0,1,0,0,1,0,1,0,0,0,1
01/02/2021,ARA,LA,ASW,CE,Federal Contract Tower,1,0,0,0,1,0,2,18,0,20,1,2,18,0,21,32,0,32,53
01/03/2021,ARA,LA,ASW,CE,Federal Contract Tower,0,0,2,0,2,0,3,23,0,26,0,3,25,0,28,52,0,52,80
01/04/2021,ARA,LA,ASW,CE,Federal Contract Tower,0,0,3,0,3,0,3,18,6,27,0,3,21,6,30,52,0,52,82
01/05/2021,ARA,LA,ASW,CE,Federal Contract Tower,0,0,3,0,3,0,2,37,1,40,0,2,40,1,43,136,0,136,179
01/06/2021,ARA,LA,ASW,CE,Federal Contract Tower,0,0,0,2,2,0,1,20,4,25,0,1,20,6,27,108,2,110,137
01/07/2021,ARA,LA,ASW,CE,Federal Contract Tower,0,0,3,24,27,0,0,10,4,14,0,0,13,28,41,32,0,32,73
01/08/2021,ARA,LA,ASW,CE,Federal Contract Tower,0,0,11,9,20,0,0,26,0,26,0,0,37,9,46,118,0,118,164
01/09/2021,ARA,LA,ASW,CE,Federal Contract Tower,0,0,0,2,2,0,0,26,8,34,0,0,26,10,36,52,12,64,100
01/10/2021,ARA,LA,ASW,CE,Federal Contract Tower,0,0,0,0,0,0,3,11,0,14,0,3,11,0,14,96,0,96,110
01/11/2021,ARA,LA,ASW,CE,Federal Contract Tower,0,0,4,0,4,0,2,6,0,8,0,2,10,0,12,16,2,18,30
01/12/2021,ARA,LA,ASW,CE,Federal Contract Tower,0,1,13,8,22,0,6,19,4,29,0,7,32,12,51,196,12,208,259
01/13/2021,ARA,LA,ASW,CE,Federal Contract Tower,0,2,1,17,20,0,0,38,18,56,0,2,39,35,76,106,32,138,214
01/14/2021,ARA,LA,ASW,CE,Federal Contract Tower,0,0,7,14,21,0,0,25,4,29,0,0,32,18,50,138,8,146,196
01/15/2021,ARA,LA,ASW,CE,Federal Contract Tower,0,0,5,5,10,0,10,22,0,32,0,10,27,5,42,86,0,86,128
01/16/2021,ARA,LA,ASW,CE,Federal Contract Tower,0,0,5,4,9,0,1,25,0,26,0,1,30,4,35,36,0,36,71
01/17/2021,ARA,LA,ASW,CE,Federal Contract Tower,1,0,1,0,2,0,6,31,0,37,1,6,32,0,39,70,0,70,109
01/18/2021,ARA,LA,ASW,CE,Federal Contract Tower,0,0,3,0,3,0,0,20,0,20,0,0,23,0,23,92,0,92,115
01/19/2021,ARA,LA,ASW,CE,Federal Contract Tower,0,1,10,4,15,0,11,46,0,57,0,12,56,4,72,204,0,204,276
01/20/2021,ARA,LA,ASW,CE,Federal Contract Tower,0,0,8,2,10,0,0,29,2,31,0,0,37,4,41,134,6,140,181
01/21/2021,ARA,LA,ASW,CE,Federal Contract Tower,0,1,2,2,5,0,0,27,0,27,0,1,29,2,32,128,0,128,160
01/22/2021,ARA,LA,ASW,CE,Federal Contract Tower,0,0,10,0,10,0,0,5,0,5,0,0,15,0,15,8,0,8,23
01/23/2021,ARA,LA,ASW,CE,Federal Contract Tower,0,0,1,0,1,0,0,0,0,0,0,0,1,0,1,0,0,0,1
01/24/2021,ARA,LA,ASW,CE,Federal Contract Tower,0,0,2,0,2,0,0,4,0,4,0,0,6,0,6,88,0,88,94
01/25/2021,ARA,LA,ASW,CE,Federal Contract Tower,0,0,5,4,9,0,0,3,0,3,0,0,8,4,12,52,0,52,64
01/26/2021,ARA,LA,ASW,CE,Federal Contract Tower,1,0,7,0,8,0,4,18,3,25,1,4,25,3,33,52,6,58,91
01/27/2021,ARA,LA,ASW,CE,Federal Contract Tower,0,0,5,12,17,0,9,32,6,47,0,9,37,18,64,206,0,206,270
01/28/2021,ARA,LA,ASW,CE,Federal Contract Tower,0,0,3,17,20,0,0,34,13,47,0,0,37,30,67,198,16,214,281
01/29/2021,ARA,LA,ASW,CE,Federal Contract Tower,0,0,7,17,24,0,9,37,6,52,0,9,44,23,76,182,8,190,266
01/30/2021,ARA,LA,ASW,CE,Federal Contract Tower,2,0,0,4,6,0,3,12,2,17,2,3,12,6,23,64,0,64,87
01/31/2021,ARA,LA,ASW,CE,Federal Contract Tower,0,2,3,2,7,0,0,15,0,15,0,2,18,2,22,80,0,80,102
02/01/2021,ARA,LA,ASW,CE,Federal Contract Tower,0,0,7,4,11,0,2,15,0,17,0,2,22,4,28,52,0,52,80
02/02/2021,ARA,LA,ASW,CE,Federal Contract Tower,0,0,0,14,14,0,4,48,2,54,0,4,48,16,68,296,0,296,364
02/03/2021,ARA,LA,ASW,CE,Federal Contract Tower,0,0,4,8,12,0,0,47,9,56,0,0,51,17,68,96,22,118,186
02/04/2021,ARA,LA,ASW,CE,Federal Contract Tower,0,0,2,9,11,0,2,28,0,30,0,2,30,9,41,60,4,64,105
02/05/2021,ARA,LA,ASW,CE,Federal Contract Tower,0,0,4,5,9,0,5,9,1,15,0,5,13,6,24,34,0,34,58
02/06/2021,ARA,LA,ASW,CE,Federal Contract Tower,0,5,6,0,11,0,0,0,0,0,0,5,6,0,11,38,0,38,49
02/07/2021,ARA,LA,ASW,CE,Federal Contract Tower,0,0,3,11,14,0,0,27,2,29,0,0,30,13,43,90,2,92,135
02/08/2021,ARA,LA,ASW,CE,Federal Contract Tower,0,0,4,8,12,0,9,34,0,43,0,9,38,8,55,276,16,292,347
02/09/2021,ARA,LA,ASW,CE,Federal Contract Tower,1,2,0,2,5,0,11,19,0,30,1,13,19,2,35,160,10,170,205
02/10/2021,ARA,LA,ASW,CE,Federal Contract Tower,0,0,6,0,6,0,2,9,0,11,0,2,15,0,17,72,0,72,89
02/11/2021,ARA,LA,ASW,CE,Federal Contract Tower,0,0,4,0,4,0,0,0,0,0,0,0,4,0,4,0,0,0,4
02/12/2021,ARA,LA,ASW,CE,Federal Contract Tower,0,0,12,0,12,0,0,0,0,0,0,0,12,0,12,10,0,10,22
02/13/2021,ARA,LA,ASW,CE,Federal Contract Tower,0,3,2,26,31,0,4,5,0,9,0,7,7,26,40,48,0,48,88
02/14/2021,ARA,LA,ASW,CE,Federal Contract Tower,0,3,1,0,4,0,0,0,0,0,0,3,1,0,4,0,0,0,4
02/15/2021,ARA,LA,ASW,CE,Federal Contract Tower,0,0,0,0,0,0,0,0,0,0,0,0,0,0,0,0,0,0,0
02/16/2021,ARA,LA,ASW,CE,Federal Contract Tower,0,0,0,0,0,0,3,4,0,7,0,3,4,0,7,0,0,0,7
02/17/2021,ARA,LA,ASW,CE,Federal Contract Tower,1,0,2,0,3,0,0,2,0,2,1,0,4,0,5,0,0,0,5
02/18/2021,ARA,LA,ASW,CE,Federal Contract Tower,1,3,5,2,11,0,0,3,0,3,1,3,8,2,14,24,0,24,38
02/19/2021,ARA,LA,ASW,CE,Federal Contract Tower,0,0,0,8,8,0,0,46,4,50,0,0,46,12,58,196,8,204,262
02/20/2021,ARA,LA,ASW,CE,Federal Contract Tower,0,0,0,7,7,0,1,25,0,26,0,1,25,7,33,24,0,24,57
02/21/2021,ARA,LA,ASW,CE,Federal Contract Tower,0,0,2,7,9,0,0,26,0,26,0,0,28,7,35,96,0,96,131
02/22/2021,ARA,LA,ASW,CE,Federal Contract Tower,0,0,9,7,16,0,0,49,1,50,0,0,58,8,66,154,0,154,220
02/23/2021,ARA,LA,ASW,CE,Federal Contract Tower,0,0,7,14,21,0,3,50,0,53,0,3,57,14,74,252,6,258,332
02/24/2021,ARA,LA,ASW,CE,Federal Contract Tower,0,0,5,10,15,0,17,50,3,70,0,17,55,13,85,368,6,374,459
02/25/2021,ARA,LA,ASW,CE,Federal Contract Tower,0,0,6,7,13,0,6,49,2,57,0,6,55,9,70,192,8,200,270
02/26/2021,ARA,LA,ASW,CE,Federal Contract Tower,0,0,6,7,13,0,2,58,6,66,0,2,64,13,79,260,2,262,341
02/27/2021,ARA,LA,ASW,CE,Federal Contract Tower,0,0,1,0,1,0,0,14,0,14,0,0,15,0,15,32,0,32,47
02/28/2021,ARA,LA,ASW,CE,Federal Contract Tower,0,0,5,0,5,0,0,7,0,7,0,0,12,0,12,54,0,54,66
03/01/2021,ARA,LA,ASW,CE,Federal Contract Tower,0,2,2,16,20,0,0,14,0,14,0,2,16,16,34,106,0,106,140
03/02/2021,ARA,LA,ASW,CE,Federal Contract Tower,2,0,9,3,14,0,0,9,0,9,2,0,18,3,23,32,0,32,55
03/03/2021,ARA,LA,ASW,CE,Federal Contract Tower,0,0,8,7,15,0,11,54,4,69,0,11,62,11,84,214,2,216,300
03/04/2021,ARA,LA,ASW,CE,Federal Contract Tower,1,0,6,25,32,0,12,66,11,89,1,12,72,36,121,244,6,250,371
03/05/2021,ARA,LA,ASW,CE,Federal Contract Tower,0,0,0,7,7,0,4,46,21,71,0,4,46,28,78,224,10,234,312
03/06/2021,ARA,LA,ASW,CE,Federal Contract Tower,0,0,2,14,16,0,4,44,6,54,0,4,46,20,70,110,0,110,180
03/07/2021,ARA,LA,ASW,CE,Federal Contract Tower,0,0,4,0,4,0,4,22,0,26,0,4,26,0,30,72,0,72,102
03/08/2021,ARA,LA,ASW,CE,Federal Contract Tower,0,0,3,5,8,0,0,29,3,32,0,0,32,8,40,128,8,136,176
03/09/2021,ARA,LA,ASW,CE,Federal Contract Tower,0,0,5,5,10,0,6,35,6,47,0,6,40,11,57,122,6,128,185
03/10/2021,ARA,LA,ASW,CE,Federal Contract Tower,0,0,6,7,13,0,0,28,3,31,0,0,34,10,44,58,0,58,102
03/11/2021,ARA,LA,ASW,CE,Federal Contract Tower,0,0,3,8,11,0,6,45,0,51,0,6,48,8,62,204,0,204,266
03/12/2021,ARA,LA,ASW,CE,Federal Contract Tower,0,0,5,25,30,0,1,31,1,33,0,1,36,26,63,114,6,120,183
03/13/2021,ARA,LA,ASW,CE,Federal Contract Tower,0,0,7,2,9,0,6,23,1,30,0,6,30,3,39,94,0,94,133
03/14/2021,ARA,LA,ASW,CE,Federal Contract Tower,0,0,8,0,8,0,1,6,0,7,0,1,14,0,15,26,0,26,41
03/15/2021,ARA,LA,ASW,CE,Federal Contract Tower,2,0,7,6,15,0,1,23,0,24,2,1,30,6,39,118,0,118,157
03/16/2021,ARA,LA,ASW,CE,Federal Contract Tower,1,0,4,4,9,0,0,34,0,34,1,0,38,4,43,184,4,188,231
03/17/2021,ARA,LA,ASW,CE,Federal Contract Tower,1,0,1,0,2,0,0,0,0,0,1,0,1,0,2,0,0,0,2
03/18/2021,ARA,LA,ASW,CE,Federal Contract Tower,0,0,15,17,32,0,5,47,3,55,0,5,62,20,87,242,0,242,329
03/19/2021,ARA,LA,ASW,CE,Federal Contract Tower,0,0,14,14,28,0,0,49,3,52,0,0,63,17,80,90,0,90,170
03/20/2021,ARA,LA,ASW,CE,Federal Contract Tower,0,0,2,10,12,0,0,27,0,27,0,0,29,10,39,34,0,34,73
03/21/2021,ARA,LA,ASW,CE,Federal Contract Tower,1,0,5,3,9,0,0,30,1,31,1,0,35,4,40,90,0,90,130
03/22/2021,ARA,LA,ASW,CE,Federal Contract Tower,0,1,5,8,14,0,8,36,5,49,0,9,41,13,63,156,18,174,237
03/23/2021,ARA,LA,ASW,CE,Federal Contract Tower,0,0,1,0,1,0,0,0,0,0,0,0,1,0,1,0,0,0,1
03/24/2021,ARA,LA,ASW,CE,Federal Contract Tower,0,0,1,0,1,0,2,24,0,26,0,2,25,0,27,160,0,160,187
03/25/2021,ARA,LA,ASW,CE,Federal Contract Tower,0,2,5,0,7,0,0,21,0,21,0,2,26,0,28,40,0,40,68
03/26/2021,ARA,LA,ASW,CE,Federal Contract Tower,0,0,3,6,9,0,0,43,3,46,0,0,46,9,55,136,2,138,193
03/27/2021,ARA,LA,ASW,CE,Federal Contract Tower,0,0,4,0,4,0,0,8,2,10,0,0,12,2,14,16,0,16,30
03/28/2021,ARA,LA,ASW,CE,Federal Contract Tower,2,0,1,4,7,0,3,4,2,9,2,3,5,6,16,76,0,76,92
03/29/2021,ARA,LA,ASW,CE,Federal Contract Tower,1,0,7,13,21,0,4,51,1,56,1,4,58,14,77,180,12,192,269
03/30/2021,ARA,LA,ASW,CE,Federal Contract Tower,0,4,8,4,16,0,3,22,1,26,0,7,30,5,42,182,4,186,228
03/31/2021,ARA,LA,ASW,CE,Federal Contract Tower,0,0,4,0,4,0,4,8,0,12,0,4,12,0,16,82,0,82,98
04/01/2021,ARA,LA,ASW,CE,Federal Contract Tower,0,0,0,4,4,0,2,26,2,30,0,2,26,6,34,46,0,46,80
04/02/2021,ARA,LA,ASW,CE,Federal Contract Tower,0,0,4,2,6,0,0,39,1,40,0,0,43,3,46,54,0,54,100
04/03/2021,ARA,LA,ASW,CE,Federal Contract Tower,1,0,3,0,4,0,0,21,0,21,1,0,24,0,25,14,0,14,39
04/04/2021,ARA,LA,ASW,CE,Federal Contract Tower,0,0,4,0,4,0,0,20,0,20,0,0,24,0,24,16,0,16,40
04/05/2021,ARA,LA,ASW,CE,Federal Contract Tower,0,1,2,6,9,0,3,37,3,43,0,4,39,9,52,118,8,126,178
04/06/2021,ARA,LA,ASW,CE,Federal Contract Tower,0,1,6,0,7,0,6,32,0,38,0,7,38,0,45,188,0,188,233
04/07/2021,ARA,LA,ASW,CE,Federal Contract Tower,0,0,1,10,11,0,1,19,1,21,0,1,20,11,32,241,6,247,279
04/08/2021,ARA,LA,ASW,CE,Federal Contract Tower,0,0,10,3,13,0,5,51,3,59,0,5,61,6,72,246,10,256,328
04/09/2021,ARA,LA,ASW,CE,Federal Contract Tower,2,0,2,2,6,0,4,21,0,25,2,4,23,2,31,136,0,136,167
04/10/2021,ARA,LA,ASW,CE,Federal Contract Tower,0,0,3,0,3,0,4,22,0,26,0,4,25,0,29,74,0,74,103
04/11/2021,ARA,LA,ASW,CE,Federal Contract Tower,7,1,6,5,19,0,0,46,0,46,7,1,52,5,65,80,0,80,145
04/12/2021,ARA,LA,ASW,CE,Federal Contract Tower,0,0,3,0,3,0,0,57,0,57,0,0,60,0,60,168,0,168,228
04/13/2021,ARA,LA,ASW,CE,Federal Contract Tower,0,0,0,0,0,0,0,3,0,3,0,0,3,0,3,8,0,8,11
04/14/2021,ARA,LA,ASW,CE,Federal Contract Tower,0,1,3,2,6,0,0,3,0,3,0,1,6,2,9,0,0,0,9
04/15/2021,ARA,LA,ASW,CE,Federal Contract Tower,0,0,1,11,12,0,0,7,5,12,0,0,8,16,24,30,0,30,54
04/16/2021,ARA,LA,ASW,CE,Federal Contract Tower,0,0,3,0,3,0,2,11,0,13,0,2,14,0,16,74,0,74,90
04/17/2021,ARA,LA,ASW,CE,Federal Contract Tower,0,0,10,0,10,0,5,12,0,17,0,5,22,0,27,34,0,34,61
04/18/2021,ARA,LA,ASW,CE,Federal Contract Tower,0,0,2,0,2,0,6,53,0,59,0,6,55,0,61,178,0,178,239
04/19/2021,ARA,LA,ASW,CE,Federal Contract Tower,0,0,9,14,23,0,5,49,0,54,0,5,58,14,77,198,0,198,275
04/20/2021,ARA,LA,ASW,CE,Federal Contract Tower,0,0,19,3,22,0,1,88,5,94,0,1,107,8,116,320,2,322,438
04/21/2021,ARA,LA,ASW,CE,Federal Contract Tower,0,0,14,19,33,0,0,52,0,52,0,0,66,19,85,98,8,106,191
04/22/2021,ARA,LA,ASW,CE,Federal Contract Tower,0,0,9,20,29,0,5,55,1,61,0,5,64,21,90,84,20,104,194
04/23/2021,ARA,LA,ASW,CE,Federal Contract Tower,0,0,1,3,4,0,0,11,0,11,0,0,12,3,15,60,0,60,75
04/24/2021,ARA,LA,ASW,CE,Federal Contract Tower,1,1,4,0,6,0,0,4,0,4,1,1,8,0,10,12,0,12,22
04/25/2021,ARA,LA,ASW,CE,Federal Contract Tower,1,0,5,2,8,0,0,37,0,37,1,0,42,2,45,26,0,26,71
04/26/2021,ARA,LA,ASW,CE,Federal Contract Tower,0,0,8,4,12,0,1,42,1,44,0,1,50,5,56,98,14,112,168
04/27/2021,ARA,LA,ASW,CE,Federal Contract Tower,0,0,3,7,10,0,0,39,8,47,0,0,42,15,57,138,0,138,195
04/28/2021,ARA,LA,ASW,CE,Federal Contract Tower,0,0,5,8,13,0,0,32,9,41,0,0,37,17,54,38,0,38,92
04/29/2021,ARA,LA,ASW,CE,Federal Contract Tower,0,2,8,24,34,0,0,40,10,50,0,2,48,34,84,110,10,120,204
04/30/2021,ARA,LA,ASW,CE,Federal Contract Tower,0,0,6,0,6,0,2,18,0,20,0,2,24,0,26,28,0,28,54
05/01/2021,ARA,LA,ASW,CE,Federal Contract Tower,0,0,6,0,6,0,2,15,0,17,0,2,21,0,23,60,0,60,83
05/02/2021,ARA,LA,ASW,CE,Federal Contract Tower,0,0,3,0,3,0,2,10,0,12,0,2,13,0,15,34,0,34,49
05/03/2021,ARA,LA,ASW,CE,Federal Contract Tower,0,0,7,5,12,0,5,25,1,31,0,5,32,6,43,218,0,218,261
05/04/2021,ARA,LA,ASW,CE,Federal Contract Tower,0,0,3,0,3,0,2,10,0,12,0,2,13,0,15,86,0,86,101
05/05/2021,ARA,LA,ASW,CE,Federal Contract Tower,0,0,7,12,19,0,0,32,3,35,0,0,39,15,54,72,6,78,132
05/06/2021,ARA,LA,ASW,CE,Federal Contract Tower,0,0,9,2,11,0,3,51,13,67,0,3,60,15,78,124,6,130,208
05/07/2021,ARA,LA,ASW,CE,Federal Contract Tower,0,0,6,9,15,0,3,56,2,61,0,3,62,11,76,222,0,222,298
05/08/2021,ARA,LA,ASW,CE,Federal Contract Tower,1,0,4,6,11,0,8,31,0,39,1,8,35,6,50,106,0,106,156
05/09/2021,ARA,LA,ASW,CE,Federal Contract Tower,1,0,6,0,7,0,0,7,0,7,1,0,13,0,14,0,0,0,14
05/10/2021,ARA,LA,ASW,CE,Federal Contract Tower,1,0,3,0,4,0,0,22,0,22,1,0,25,0,26,56,0,56,82
05/11/2021,ARA,LA,ASW,CE,Federal Contract Tower,0,0,5,0,5,0,6,12,0,18,0,6,17,0,23,80,0,80,103
05/12/2021,ARA,LA,ASW,CE,Federal Contract Tower,0,3,4,2,9,0,6,10,2,18,0,9,14,4,27,54,0,54,81
05/13/2021,ARA,LA,ASW,CE,Federal Contract Tower,0,1,16,16,33,0,13,30,0,43,0,14,46,16,76,190,0,190,266
05/14/2021,ARA,LA,ASW,CE,Federal Contract Tower,0,0,8,12,20,0,1,31,2,34,0,1,39,14,54,126,2,128,182
05/15/2021,ARA,LA,ASW,CE,Federal Contract Tower,0,0,1,0,1,0,0,27,6,33,0,0,28,6,34,74,0,74,108
05/16/2021,ARA,LA,ASW,CE,Federal Contract Tower,0,0,4,0,4,0,0,11,0,11,0,0,15,0,15,10,0,10,25
05/17/2021,ARA,LA,ASW,CE,Federal Contract Tower,0,0,1,0,1,0,4,3,0,7,0,4,4,0,8,26,0,26,34
05/18/2021,ARA,LA,ASW,CE,Federal Contract Tower,0,0,1,0,1,0,16,6,0,22,0,16,7,0,23,82,0,82,105
05/19/2021,ARA,LA,ASW,CE,Federal Contract Tower,0,0,3,0,3,0,2,3,0,5,0,2,6,0,8,34,0,34,42
05/20/2021,ARA,LA,ASW,CE,Federal Contract Tower,0,0,3,0,3,0,12,15,0,27,0,12,18,0,30,150,0,150,180
05/21/2021,ARA,LA,ASW,CE,Federal Contract Tower,0,0,2,0,2,0,2,10,0,12,0,2,12,0,14,62,0,62,76
05/22/2021,ARA,LA,ASW,CE,Federal Contract Tower,0,0,3,4,7,0,2,32,2,36,0,2,35,6,43,86,2,88,131
05/23/2021,ARA,LA,ASW,CE,Federal Contract Tower,0,0,4,9,13,0,1,22,1,24,0,1,26,10,37,40,0,40,77
05/24/2021,ARA,LA,ASW,CE,Federal Contract Tower,2,0,4,1,7,0,3,32,0,35,2,3,36,1,42,74,0,74,116
05/25/2021,ARA,LA,ASW,CE,Federal Contract Tower,0,0,4,5,9,0,0,46,2,48,0,0,50,7,57,250,0,250,307
05/26/2021,ARA,LA,ASW,CE,Federal Contract Tower,1,0,2,9,12,0,0,26,4,30,1,0,28,13,42,128,0,128,170
05/27/2021,ARA,LA,ASW,CE,Federal Contract Tower,0,0,6,10,16,0,4,26,3,33,0,4,32,13,49,62,0,62,111
05/28/2021,ARA,LA,ASW,CE,Federal Contract Tower,3,0,2,2,7,0,0,37,2,39,3,0,39,4,46,96,4,100,146
05/29/2021,ARA,LA,ASW,CE,Federal Contract Tower,0,0,0,0,0,0,0,20,0,20,0,0,20,0,20,44,0,44,64
05/30/2021,ARA,LA,ASW,CE,Federal Contract Tower,0,0,1,2,3,0,14,18,0,32,0,14,19,2,35,102,0,102,137
05/31/2021,ARA,LA,ASW,CE,Federal Contract Tower,1,0,5,0,6,0,4,16,0,20,1,4,21,0,26,120,0,120,146
06/01/2021,ARA,LA,ASW,CE,Federal Contract Tower,0,0,6,5,11,0,8,30,1,39,0,8,36,6,50,156,2,158,208
06/02/2021,ARA,LA,ASW,CE,Federal Contract Tower,0,0,3,4,7,0,2,31,0,33,0,2,34,4,40,112,6,118,158
06/03/2021,ARA,LA,ASW,CE,Federal Contract Tower,0,0,4,2,6,0,2,14,3,19,0,2,18,5,25,30,0,30,55
06/04/2021,ARA,LA,ASW,CE,Federal Contract Tower,0,0,1,0,1,0,0,11,0,11,0,0,12,0,12,6,0,6,18
06/05/2021,ARA,LA,ASW,CE,Federal Contract Tower,0,0,0,0,0,0,5,2,0,7,0,5,2,0,7,38,0,38,45
06/06/2021,ARA,LA,ASW,CE,Federal Contract Tower,0,0,0,0,0,0,0,7,0,7,0,0,7,0,7,0,0,0,7
06/07/2021,ARA,LA,ASW,CE,Federal Contract Tower,0,0,3,19,22,0,2,29,4,35,0,2,32,23,57,222,0,222,279
06/08/2021,ARA,LA,ASW,CE,Federal Contract Tower,1,1,7,20,29,0,4,22,4,30,1,5,29,24,59,100,0,100,159
06/09/2021,ARA,LA,ASW,CE,Federal Contract Tower,1,0,3,15,19,0,6,37,5,48,1,6,40,20,67,102,10,112,179
06/10/2021,ARA,LA,ASW,CE,Federal Contract Tower,0,0,10,7,17,0,0,34,3,37,0,0,44,10,54,104,8,112,166
06/11/2021,ARA,LA,ASW,CE,Federal Contract Tower,0,0,5,38,43,0,4,33,5,42,0,4,38,43,85,144,12,156,241
06/12/2021,ARA,LA,ASW,CE,Federal Contract Tower,0,0,2,7,9,0,2,12,0,14,0,2,14,7,23,32,0,32,55
06/13/2021,ARA,LA,ASW,CE,Federal Contract Tower,1,0,3,0,4,0,3,16,2,21,1,3,19,2,25,50,14,64,89
06/14/2021,ARA,LA,ASW,CE,Federal Contract Tower,0,0,5,4,9,0,1,22,9,32,0,1,27,13,41,58,0,58,99
06/15/2021,ARA,LA,ASW,CE,Federal Contract Tower,0,0,3,6,9,0,15,35,0,50,0,15,38,6,59,144,0,144,203
06/16/2021,ARA,LA,ASW,CE,Federal Contract Tower,1,0,10,8,19,0,2,36,0,38,1,2,46,8,57,76,4,80,137
06/17/2021,ARA,LA,ASW,CE,Federal Contract Tower,0,0,7,5,12,0,0,43,3,46,0,0,50,8,58,54,12,66,124
06/18/2021,ARA,LA,ASW,CE,Federal Contract Tower,0,0,4,3,7,0,0,13,0,13,0,0,17,3,20,0,0,0,20
06/19/2021,ARA,LA,ASW,CE,Federal Contract Tower,0,0,0,0,0,0,4,16,0,20,0,4,16,0,20,34,0,34,54
06/20/2021,ARA,LA,ASW,CE,Federal Contract Tower,0,0,2,0,2,0,2,6,0,8,0,2,8,0,10,22,0,22,32
06/21/2021,ARA,LA,ASW,CE,Federal Contract Tower,1,0,3,0,4,0,0,19,0,19,1,0,22,0,23,66,0,66,89
06/22/2021,ARA,LA,ASW,CE,Federal Contract Tower,0,0,1,0,1,0,0,29,0,29,0,0,30,0,30,90,0,90,120
06/23/2021,ARA,LA,ASW,CE,Federal Contract Tower,1,1,6,1,9,0,2,34,2,38,1,3,40,3,47,66,0,66,113
06/24/2021,ARA,LA,ASW,CE,Federal Contract Tower,0,0,4,0,4,0,4,34,2,40,0,4,38,2,44,164,0,164,208
06/25/2021,ARA,LA,ASW,CE,Federal Contract Tower,0,0,1,2,3,0,3,31,1,35,0,3,32,3,38,140,4,144,182
06/26/2021,ARA,LA,ASW,CE,Federal Contract Tower,0,0,2,3,5,0,0,8,0,8,0,0,10,3,13,40,0,40,53
06/27/2021,ARA,LA,ASW,CE,Federal Contract Tower,0,0,6,0,6,0,0,6,0,6,0,0,12,0,12,0,0,0,12
06/28/2021,ARA,LA,ASW,CE,Federal Contract Tower,0,0,6,0,6,0,3,32,0,35,0,3,38,0,41,124,0,124,165
06/29/2021,ARA,LA,ASW,CE,Federal Contract Tower,0,0,5,5,10,0,8,33,0,41,0,8,38,5,51,168,0,168,219
06/30/2021,ARA,LA,ASW,CE,Federal Contract Tower,0,0,5,15,20,0,0,25,20,45,0,0,30,35,65,54,0,54,119
07/01/2021,ARA,LA,ASW,CE,Federal Contract Tower,0,1,11,8,20,0,0,38,1,39,0,1,49,9,59,58,6,64,123
07/02/2021,ARA,LA,ASW,CE,Federal Contract Tower,0,0,3,3,6,0,0,13,1,14,0,0,16,4,20,90,0,90,110
07/03/2021,ARA,LA,ASW,CE,Federal Contract Tower,0,2,0,0,2,0,0,0,0,0,0,2,0,0,2,12,0,12,14
07/04/2021,ARA,LA,ASW,CE,Federal Contract Tower,0,0,2,0,2,0,2,6,0,8,0,2,8,0,10,22,0,22,32
07/05/2021,ARA,LA,ASW,CE,Federal Contract Tower,0,0,4,0,4,0,2,6,0,8,0,2,10,0,12,32,0,32,44
07/06/2021,ARA,LA,ASW,CE,Federal Contract Tower,0,0,5,0,5,0,12,17,0,29,0,12,22,0,34,144,0,144,178
07/07/2021,ARA,LA,ASW,CE,Federal Contract Tower,0,0,2,4,6,0,2,33,1,36,0,2,35,5,42,112,4,116,158
07/08/2021,ARA,LA,ASW,CE,Federal Contract Tower,3,0,13,2,18,0,2,32,0,34,3,2,45,2,52,138,0,138,190
07/09/2021,ARA,LA,ASW,CE,Federal Contract Tower,0,0,6,3,9,0,3,29,1,33,0,3,35,4,42,86,0,86,128
07/10/2021,ARA,LA,ASW,CE,Federal Contract Tower,0,0,1,0,1,0,5,12,0,17,0,5,13,0,18,98,0,98,116
07/11/2021,ARA,LA,ASW,CE,Federal Contract Tower,0,0,1,0,1,0,2,35,0,37,0,2,36,0,38,48,0,48,86
07/12/2021,ARA,LA,ASW,CE,Federal Contract Tower,2,0,6,4,12,0,0,25,1,26,2,0,31,5,38,134,2,136,174
07/13/2021,ARA,LA,ASW,CE,Federal Contract Tower,0,0,2,7,9,0,6,28,0,34,0,6,30,7,43,128,2,130,173
07/14/2021,ARA,LA,ASW,CE,Federal Contract Tower,0,1,11,2,14,0,2,26,0,28,0,3,37,2,42,142,0,142,184
07/15/2021,ARA,LA,ASW,CE,Federal Contract Tower,1,1,6,0,8,0,4,34,0,38,1,5,40,0,46,30,0,30,76
07/16/2021,ARA,LA,ASW,CE,Federal Contract Tower,0,0,5,2,7,0,1,32,0,33,0,1,37,2,40,174,0,174,214
07/17/2021,ARA,LA,ASW,CE,Federal Contract Tower,0,1,8,0,9,0,4,49,0,53,0,5,57,0,62,120,0,120,182
07/18/2021,ARA,LA,ASW,CE,Federal Contract Tower,0,2,2,3,7,0,7,16,0,23,0,9,18,3,30,110,0,110,140
07/19/2021,ARA,LA,ASW,CE,Federal Contract Tower,0,0,2,0,2,0,0,18,0,18,0,0,20,0,20,94,0,94,114
07/20/2021,ARA,LA,ASW,CE,Federal Contract Tower,0,0,8,0,8,0,0,28,0,28,0,0,36,0,36,88,0,88,124
07/21/2021,ARA,LA,ASW,CE,Federal Contract Tower,0,0,3,9,12,0,0,41,1,42,0,0,44,10,54,158,0,158,212
07/22/2021,ARA,LA,ASW,CE,Federal Contract Tower,2,0,7,2,11,0,0,51,0,51,2,0,58,2,62,80,0,80,142
07/23/2021,ARA,LA,ASW,CE,Federal Contract Tower,0,1,5,0,6,0,2,40,0,42,0,3,45,0,48,90,0,90,138
07/24/2021,ARA,LA,ASW,CE,Federal Contract Tower,0,1,0,2,3,0,0,14,0,14,0,1,14,2,17,20,0,20,37
07/25/2021,ARA,LA,ASW,CE,Federal Contract Tower,2,0,3,4,9,0,1,11,0,12,2,1,14,4,21,14,0,14,35
07/26/2021,ARA,LA,ASW,CE,Federal Contract Tower,0,0,16,9,25,0,4,21,0,25,0,4,37,9,50,80,42,122,172
07/27/2021,ARA,LA,ASW,CE,Federal Contract Tower,0,0,13,11,24,0,15,20,3,38,0,15,33,14,62,44,16,60,122
07/28/2021,ARA,LA,ASW,CE,Federal Contract Tower,0,0,5,6,11,0,4,29,0,33,0,4,34,6,44,140,0,140,184
07/29/2021,ARA,LA,ASW,CE,Federal Contract Tower,0,0,7,8,15,0,3,31,2,36,0,3,38,10,51,76,6,82,133
07/30/2021,ARA,LA,ASW,CE,Federal Contract Tower,0,8,8,0,16,0,2,20,0,22,0,10,28,0,38,22,6,28,66
07/31/2021,ARA,LA,ASW,CE,Federal Contract Tower,1,0,5,0,6,0,0,22,0,22,1,0,27,0,28,0,0,0,28
08/01/2021,ARA,LA,ASW,CE,Federal Contract Tower,0,0,3,0,3,0,5,16,0,21,0,5,19,0,24,52,0,52,76
08/02/2021,ARA,LA,ASW,CE,Federal Contract Tower,0,1,7,0,8,0,3,22,0,25,0,4,29,0,33,152,0,152,185
08/03/2021,ARA,LA,ASW,CE,Federal Contract Tower,0,0,2,0,2,0,8,19,0,27,0,8,21,0,29,146,0,146,175
08/04/2021,ARA,LA,ASW,CE,Federal Contract Tower,2,0,10,5,17,0,7,30,0,37,2,7,40,5,54,164,0,164,218
08/05/2021,ARA,LA,ASW,CE,Federal Contract Tower,0,8,5,6,19,0,0,46,2,48,0,8,51,8,67,156,0,156,223
08/06/2021,ARA,LA,ASW,CE,Federal Contract Tower,0,0,3,7,10,0,1,37,1,39,0,1,40,8,49,106,2,108,157
08/07/2021,ARA,LA,ASW,CE,Federal Contract Tower,3,0,2,2,7,0,3,24,0,27,3,3,26,2,34,74,0,74,108
08/08/2021,ARA,LA,ASW,CE,Federal Contract Tower,0,0,0,1,1,0,7,13,1,21,0,7,13,2,22,96,2,98,120
08/09/2021,ARA,LA,ASW,CE,Federal Contract Tower,0,2,3,8,13,0,4,26,0,30,0,6,29,8,43,126,0,126,169
08/10/2021,ARA,LA,ASW,CE,Federal Contract Tower,0,0,3,5,8,0,8,31,2,41,0,8,34,7,49,102,0,102,151
08/11/2021,ARA,LA,ASW,CE,Federal Contract Tower,0,0,3,4,7,0,0,19,0,19,0,0,22,4,26,46,0,46,72
08/12/2021,ARA,LA,ASW,CE,Federal Contract Tower,0,0,6,0,6,0,6,27,0,33,0,6,33,0,39,58,0,58,97
08/13/2021,ARA,LA,ASW,CE,Federal Contract Tower,0,0,4,1,5,0,5,41,2,48,0,5,45,3,53,94,0,94,147
08/14/2021,ARA,LA,ASW,CE,Federal Contract Tower,0,0,1,0,1,0,3,19,0,22,0,3,20,0,23,82,0,82,105
08/15/2021,ARA,LA,ASW,CE,Federal Contract Tower,0,0,5,3,8,0,0,17,0,17,0,0,22,3,25,10,4,14,39
08/16/2021,ARA,LA,ASW,CE,Federal Contract Tower,0,1,7,2,10,0,0,22,0,22,0,1,29,2,32,90,0,90,122
08/17/2021,ARA,LA,ASW,CE,Federal Contract Tower,2,0,3,6,11,0,2,39,0,41,2,2,42,6,52,146,0,146,198
08/18/2021,ARA,LA,ASW,CE,Federal Contract Tower,0,0,8,10,18,0,3,42,5,50,0,3,50,15,68,62,0,62,130
08/19/2021,ARA,LA,ASW,CE,Federal Contract Tower,0,0,8,0,8,0,4,34,3,41,0,4,42,3,49,54,0,54,103
08/20/2021,ARA,LA,ASW,CE,Federal Contract Tower,3,0,7,7,17,0,0,27,1,28,3,0,34,8,45,22,0,22,67
08/21/2021,ARA,LA,ASW,CE,Federal Contract Tower,0,0,5,0,5,0,1,27,0,28,0,1,32,0,33,98,0,98,131
08/22/2021,ARA,LA,ASW,CE,Federal Contract Tower,0,0,5,9,14,0,2,16,5,23,0,2,21,14,37,74,18,92,129
08/23/2021,ARA,LA,ASW,CE,Federal Contract Tower,0,0,6,2,8,0,0,20,0,20,0,0,26,2,28,92,0,92,120
08/25/2021,ARA,LA,ASW,CE,Federal Contract Tower,0,1,13,5,19,0,0,47,3,50,0,1,60,8,69,104,0,104,173
08/26/2021,ARA,LA,ASW,CE,Federal Contract Tower,0,0,3,6,9,0,4,30,1,35,0,4,33,7,44,76,4,80,124
08/27/2021,ARA,LA,ASW,CE,Federal Contract Tower,0,0,13,1,14,0,2,33,1,36,0,2,46,2,50,100,0,100,150
08/28/2021,ARA,LA,ASW,CE,Federal Contract Tower,0,0,2,0,2,0,0,14,0,14,0,0,16,0,16,18,0,18,34
08/30/2021,ARA,LA,ASW,CE,Federal Contract Tower,0,0,1,0,1,0,4,16,0,20,0,4,17,0,21,0,0,0,21
08/31/2021,ARA,LA,ASW,CE,Federal Contract Tower,0,9,0,0,9,0,29,34,0,63,0,38,34,0,72,24,0,24,96
09/01/2021,ARA,LA,ASW,CE,Federal Contract Tower,1,9,7,0,17,0,34,30,0,64,1,43,37,0,81,102,0,102,183
09/02/2021,ARA,LA,ASW,CE,Federal Contract Tower,0,17,9,0,26,0,46,43,2,91,0,63,52,2,117,16,0,16,133
09/03/2021,ARA,LA,ASW,CE,Federal Contract Tower,0,15,5,3,23,0,36,38,0,74,0,51,43,3,97,144,12,156,253
09/04/2021,ARA,LA,ASW,CE,Federal Contract Tower,0,11,9,0,20,0,35,18,0,53,0,46,27,0,73,106,0,106,179
09/05/2021,ARA,LA,ASW,CE,Federal Contract Tower,0,6,4,2,12,0,24,8,2,34,0,30,12,4,46,106,0,106,152
09/06/2021,ARA,LA,ASW,CE,Federal Contract Tower,0,14,4,2,20,0,20,10,0,30,0,34,14,2,50,82,0,82,132
09/07/2021,ARA,LA,ASW,CE,Federal Contract Tower,2,21,6,7,36,0,34,42,0,76,2,55,48,7,112,96,2,98,210
09/08/2021,ARA,LA,ASW,CE,Federal Contract Tower,0,21,6,7,34,0,29,34,1,64,0,50,40,8,98,98,0,98,196
09/09/2021,ARA,LA,ASW,CE,Federal Contract Tower,0,20,8,8,36,0,28,35,8,71,0,48,43,16,107,164,22,186,293
09/10/2021,ARA,LA,ASW,CE,Federal Contract Tower,0,9,8,7,24,0,22,26,0,48,0,31,34,7,72,62,0,62,134
09/11/2021,ARA,LA,ASW,CE,Federal Contract Tower,0,7,6,12,25,0,20,28,0,48,0,27,34,12,73,2,0,2,75
09/12/2021,ARA,LA,ASW,CE,Federal Contract Tower,0,11,2,0,13,0,17,18,0,35,0,28,20,0,48,120,0,120,168
09/13/2021,ARA,LA,ASW,CE,Federal Contract Tower,0,19,1,0,20,0,23,18,0,41,0,42,19,0,61,90,0,90,151
09/14/2021,ARA,LA,ASW,CE,Federal Contract Tower,0,23,0,0,23,0,0,0,0,0,0,23,0,0,23,0,0,0,23
09/15/2021,ARA,LA,ASW,CE,Federal Contract Tower,2,27,3,0,32,0,18,31,0,49,2,45,34,0,81,50,0,50,131
09/16/2021,ARA,LA,ASW,CE,Federal Contract Tower,0,25,5,5,35,0,29,26,1,56,0,54,31,6,91,54,0,54,145
09/17/2021,ARA,LA,ASW,CE,Federal Contract Tower,0,13,8,5,26,0,40,33,0,73,0,53,41,5,99,194,0,194,293
09/18/2021,ARA,LA,ASW,CE,Federal Contract Tower,0,16,2,0,18,0,18,13,0,31,0,34,15,0,49,94,0,94,143
09/19/2021,ARA,LA,ASW,CE,Federal Contract Tower,0,12,3,0,15,0,20,10,0,30,0,32,13,0,45,60,0,60,105
09/20/2021,ARA,LA,ASW,CE,Federal Contract Tower,0,17,10,10,37,0,35,24,5,64,0,52,34,15,101,58,2,60,161
09/21/2021,ARA,LA,ASW,CE,Federal Contract Tower,2,23,4,1,30,0,19,14,2,35,2,42,18,3,65,66,10,76,141
09/22/2021,ARA,LA,ASW,CE,Federal Contract Tower,0,30,6,11,47,0,31,18,7,56,0,61,24,18,103,80,10,90,193
09/23/2021,ARA,LA,ASW,CE,Federal Contract Tower,0,19,13,10,42,0,40,54,10,104,0,59,67,20,146,180,0,180,326
09/24/2021,ARA,LA,ASW,CE,Federal Contract Tower,1,8,17,11,37,0,26,48,2,76,1,34,65,13,113,100,2,102,215
09/25/2021,ARA,LA,ASW,CE,Federal Contract Tower,0,2,2,0,4,0,21,35,0,56,0,23,37,0,60,60,0,60,120
09/26/2021,ARA,LA,ASW,CE,Federal Contract Tower,0,2,7,2,11,0,28,46,0,74,0,30,53,2,85,94,0,94,179
09/27/2021,ARA,LA,ASW,CE,Federal Contract Tower,0,6,14,7,27,0,22,55,1,78,0,28,69,8,105,168,2,170,275
09/28/2021,ARA,LA,ASW,CE,Federal Contract Tower,0,16,1,0,17,0,20,2,0,22,0,36,3,0,39,0,0,0,39
09/29/2021,ARA,LA,ASW,CE,Federal Contract Tower,0,13,6,0,19,0,11,19,0,30,0,24,25,0,49,50,0,50,99
09/30/2021,ARA,LA,ASW,CE,Federal Contract Tower,1,7,8,2,18,0,24,18,3,45,1,31,26,5,63,102,0,102,165
10/01/2021,ARA,LA,ASW,CE,Federal Contract Tower,1,26,6,4,37,0,20,24,0,44,1,46,30,4,81,30,0,30,111
10/03/2021,ARA,LA,ASW,CE,Federal Contract Tower,0,6,3,0,9,0,11,9,0,20,0,17,12,0,29,102,0,102,131
10/04/2021,ARA,LA,ASW,CE,Federal Contract Tower,0,9,7,10,26,0,32,38,0,70,0,41,45,10,96,138,2,140,236
10/05/2021,ARA,LA,ASW,CE,Federal Contract Tower,0,16,6,20,42,0,36,50,11,97,0,52,56,31,139,154,28,182,321
10/06/2021,ARA,LA,ASW,CE,Federal Contract Tower,0,8,17,12,37,0,43,54,9,106,0,51,71,21,143,280,0,280,423
10/07/2021,ARA,LA,ASW,CE,Federal Contract Tower,0,7,10,5,22,0,33,35,13,81,0,40,45,18,103,98,4,102,205
10/08/2021,ARA,LA,ASW,CE,Federal Contract Tower,0,4,8,2,14,0,23,29,0,52,0,27,37,2,66,72,0,72,138
10/09/2021,ARA,LA,ASW,CE,Federal Contract Tower,0,4,6,1,11,0,32,26,1,59,0,36,32,2,70,38,0,38,108
10/10/2021,ARA,LA,ASW,CE,Federal Contract Tower,0,1,6,0,7,0,20,34,0,54,0,21,40,0,61,94,0,94,155
10/11/2021,ARA,LA,ASW,CE,Federal Contract Tower,2,5,11,0,18,0,25,16,0,41,2,30,27,0,59,130,0,130,189
10/12/2021,ARA,LA,ASW,CE,Federal Contract Tower,0,4,6,3,13,0,20,31,5,56,0,24,37,8,69,120,4,124,193
10/13/2021,ARA,LA,ASW,CE,Federal Contract Tower,0,6,10,2,18,0,29,48,10,87,0,35,58,12,105,124,0,124,229
10/14/2021,ARA,LA,ASW,CE,Federal Contract Tower,0,7,10,6,23,0,21,20,2,43,0,28,30,8,66,170,4,174,240
10/15/2021,ARA,LA,ASW,CE,Federal Contract Tower,2,5,12,17,36,0,26,21,0,47,2,31,33,17,83,92,8,100,183
10/16/2021,ARA,LA,ASW,CE,Federal Contract Tower,0,6,4,0,10,0,14,11,2,27,0,20,15,2,37,60,0,60,97
10/17/2021,ARA,LA,ASW,CE,Federal Contract Tower,0,3,5,0,8,0,18,26,0,44,0,21,31,0,52,152,0,152,204
10/18/2021,ARA,LA,ASW,CE,Federal Contract Tower,1,2,10,13,26,0,23,33,4,60,1,25,43,17,86,84,0,84,170
10/19/2021,ARA,LA,ASW,CE,Federal Contract Tower,0,6,9,21,36,0,27,41,1,69,0,33,50,22,105,76,0,76,181
10/20/2021,ARA,LA,ASW,CE,Federal Contract Tower,0,13,5,6,24,0,8,12,0,20,0,21,17,6,44,22,0,22,66
10/21/2021,ARA,LA,ASW,CE,Federal Contract Tower,0,10,8,6,24,0,27,18,2,47,0,37,26,8,71,52,4,56,127
10/22/2021,ARA,LA,ASW,CE,Federal Contract Tower,0,3,8,6,17,0,21,34,0,55,0,24,42,6,72,122,6,128,200
10/23/2021,ARA,LA,ASW,CE,Federal Contract Tower,0,7,5,4,16,0,12,24,0,36,0,19,29,4,52,102,0,102,154
10/24/2021,ARA,LA,ASW,CE,Federal Contract Tower,2,3,3,0,8,0,9,19,0,28,2,12,22,0,36,14,0,14,50
10/25/2021,ARA,LA,ASW,CE,Federal Contract Tower,0,11,10,6,27,0,12,19,2,33,0,23,29,8,60,148,6,154,214
10/26/2021,ARA,LA,ASW,CE,Federal Contract Tower,0,2,14,11,27,0,20,37,4,61,0,22,51,15,88,68,6,74,162
10/27/2021,ARA,LA,ASW,CE,Federal Contract Tower,0,7,6,0,13,0,10,2,2,14,0,17,8,2,27,2,0,2,29
10/28/2021,ARA,LA,ASW,CE,Federal Contract Tower,2,0,3,0,5,0,14,20,1,35,2,14,23,1,40,98,0,98,138
10/29/2021,ARA,LA,ASW,CE,Federal Contract Tower,0,6,11,19,36,0,20,34,6,60,0,26,45,25,96,2,6,8,104
10/30/2021,ARA,LA,ASW,CE,Federal Contract Tower,0,1,8,2,11,0,18,35,0,53,0,19,43,2,64,80,0,80,144
10/31/2021,ARA,LA,ASW,CE,Federal Contract Tower,0,8,2,8,18,0,20,13,0,33,0,28,15,8,51,38,0,38,89
11/01/2021,ARA,LA,ASW,CE,Federal Contract Tower,0,4,8,13,25,0,22,37,7,66,0,26,45,20,91,84,30,114,205
11/02/2021,ARA,LA,ASW,CE,Federal Contract Tower,0,3,7,15,25,0,36,33,7,76,0,39,40,22,101,348,4,352,453
11/03/2021,ARA,LA,ASW,CE,Federal Contract Tower,0,3,7,10,20,0,35,43,8,86,0,38,50,18,106,112,14,126,232
11/04/2021,ARA,LA,ASW,CE,Federal Contract Tower,0,10,11,10,31,0,12,10,2,24,0,22,21,12,55,24,0,24,79
11/05/2021,ARA,LA,ASW,CE,Federal Contract Tower,0,10,7,18,35,0,6,17,0,23,0,16,24,18,58,80,0,80,138
11/06/2021,ARA,LA,ASW,CE,Federal Contract Tower,0,6,5,9,20,0,10,11,0,21,0,16,16,9,41,6,2,8,49
11/07/2021,ARA,LA,ASW,CE,Federal Contract Tower,0,3,5,21,29,0,13,37,3,53,0,16,42,24,82,86,0,86,168
11/08/2021,ARA,LA,ASW,CE,Federal Contract Tower,2,4,8,5,19,0,15,16,7,38,2,19,24,12,57,38,10,48,105
11/09/2021,ARA,LA,ASW,CE,Federal Contract Tower,0,8,7,16,31,0,47,49,3,99,0,55,56,19,130,162,0,162,292
11/10/2021,ARA,LA,ASW,CE,Federal Contract Tower,0,4,8,3,15,0,10,32,7,49,0,14,40,10,64,110,12,122,186
11/11/2021,ARA,LA,ASW,CE,Federal Contract Tower,1,5,4,0,10,0,21,17,0,38,1,26,21,0,48,58,0,58,106
11/12/2021,ARA,LA,ASW,CE,Federal Contract Tower,1,7,3,4,15,0,19,53,0,72,1,26,56,4,87,202,4,206,293
11/13/2021,ARA,LA,ASW,CE,Federal Contract Tower,0,4,2,0,6,0,11,20,0,31,0,15,22,0,37,64,0,64,101
11/14/2021,ARA,LA,ASW,CE,Federal Contract Tower,0,1,1,0,2,0,22,20,0,42,0,23,21,0,44,70,0,70,114
11/15/2021,ARA,LA,ASW,CE,Federal Contract Tower,0,8,14,1,23,0,7,23,0,30,0,15,37,1,53,40,0,40,93
11/16/2021,ARA,LA,ASW,CE,Federal Contract Tower,0,4,7,3,14,0,26,40,3,69,0,30,47,6,83,94,0,94,177
11/17/2021,ARA,LA,ASW,CE,Federal Contract Tower,0,4,9,13,26,0,27,21,0,48,0,31,30,13,74,134,0,134,208
11/18/2021,ARA,LA,ASW,CE,Federal Contract Tower,0,12,7,9,28,0,20,11,5,36,0,32,18,14,64,164,0,164,228
11/19/2021,ARA,LA,ASW,CE,Federal Contract Tower,0,3,4,8,15,0,21,32,5,58,0,24,36,13,73,160,2,162,235
11/20/2021,ARA,LA,ASW,CE,Federal Contract Tower,0,10,3,0,13,0,14,41,1,56,0,24,44,1,69,86,10,96,165
11/21/2021,ARA,LA,ASW,CE,Federal Contract Tower,0,4,6,0,10,0,8,8,0,16,0,12,14,0,26,46,0,46,72
11/22/2021,ARA,LA,ASW,CE,Federal Contract Tower,0,6,10,24,40,0,7,21,1,29,0,13,31,25,69,72,0,72,141
11/23/2021,ARA,LA,ASW,CE,Federal Contract Tower,2,5,9,4,20,0,17,56,1,74,2,22,65,5,94,266,10,276,370
11/24/2021,ARA,LA,ASW,CE,Federal Contract Tower,0,2,5,0,7,0,17,28,0,45,0,19,33,0,52,76,0,76,128
11/25/2021,ARA,LA,ASW,CE,Federal Contract Tower,0,3,0,0,3,0,12,4,0,16,0,15,4,0,19,2,0,2,21
11/26/2021,ARA,LA,ASW,CE,Federal Contract Tower,0,3,4,0,7,0,16,19,0,35,0,19,23,0,42,86,0,86,128
11/27/2021,ARA,LA,ASW,CE,Federal Contract Tower,0,1,3,0,4,0,13,16,0,29,0,14,19,0,33,34,0,34,67
11/28/2021,ARA,LA,ASW,CE,Federal Contract Tower,2,3,5,0,10,0,13,1,0,14,2,16,6,0,24,154,0,154,178
11/29/2021,ARA,LA,ASW,CE,Federal Contract Tower,0,4,11,9,24,0,28,19,1,48,0,32,30,10,72,110,0,110,182
11/30/2021,ARA,LA,ASW,CE,Federal Contract Tower,0,1,2,12,15,0,35,23,6,64,0,36,25,18,79,146,12,158,237
12/01/2021,ARA,LA,ASW,CE,Federal Contract Tower,0,0,7,5,12,0,35,29,0,64,0,35,36,5,76,152,0,152,228
12/02/2021,ARA,LA,ASW,CE,Federal Contract Tower,0,6,4,7,17,0,31,29,1,61,0,37,33,8,78,76,0,76,154
12/03/2021,ARA,LA,ASW,CE,Federal Contract Tower,0,10,8,3,21,0,22,37,0,59,0,32,45,3,80,72,0,72,152
12/04/2021,ARA,LA,ASW,CE,Federal Contract Tower,0,4,9,0,13,0,13,29,0,42,0,17,38,0,55,154,0,154,209
12/05/2021,ARA,LA,ASW,CE,Federal Contract Tower,0,3,2,0,5,0,9,15,0,24,0,12,17,0,29,68,0,68,97
12/06/2021,ARA,LA,ASW,CE,Federal Contract Tower,0,11,5,0,16,0,14,23,2,39,0,25,28,2,55,50,0,50,105
12/07/2021,ARA,LA,ASW,CE,Federal Contract Tower,2,21,3,0,26,0,0,0,0,0,2,21,3,0,26,0,0,0,26
12/08/2021,ARA,LA,ASW,CE,Federal Contract Tower,0,13,6,3,22,0,10,19,1,30,0,23,25,4,52,16,0,16,68
12/09/2021,ARA,LA,ASW,CE,Federal Contract Tower,0,22,7,0,29,0,2,6,0,8,0,24,13,0,37,4,0,4,41
12/10/2021,ARA,LA,ASW,CE,Federal Contract Tower,0,19,2,2,23,0,8,18,1,27,0,27,20,3,50,86,0,86,136
12/11/2021,ARA,LA,ASW,CE,Federal Contract Tower,0,9,1,0,10,0,10,2,0,12,0,19,3,0,22,16,0,16,38
12/12/2021,ARA,LA,ASW,CE,Federal Contract Tower,2,9,5,22,38,0,9,15,0,24,2,18,20,22,62,56,0,56,118
12/13/2021,ARA,LA,ASW,CE,Federal Contract Tower,0,13,3,2,18,0,19,21,1,41,0,32,24,3,59,42,0,42,101
12/14/2021,ARA,LA,ASW,CE,Federal Contract Tower,0,14,3,2,19,0,11,16,0,27,0,25,19,2,46,28,0,28,74
12/15/2021,ARA,LA,ASW,CE,Federal Contract Tower,0,15,1,2,18,0,26,38,0,64,0,41,39,2,82,82,0,82,164
12/16/2021,ARA,LA,ASW,CE,Federal Contract Tower,0,4,9,10,23,0,24,43,8,75,0,28,52,18,98,32,20,52,150
12/17/2021,ARA,LA,ASW,CE,Federal Contract Tower,0,10,10,4,24,0,9,32,0,41,0,19,42,4,65,58,0,58,123
12/18/2021,ARA,LA,ASW,CE,Federal Contract Tower,0,7,3,0,10,0,9,5,0,14,0,16,8,0,24,16,0,16,40
12/19/2021,ARA,LA,ASW,CE,Federal Contract Tower,0,9,2,2,13,0,10,12,0,22,0,19,14,2,35,48,0,48,83
12/20/2021,ARA,LA,ASW,CE,Federal Contract Tower,1,11,5,2,19,0,7,9,0,16,1,18,14,2,35,40,0,40,75
12/21/2021,ARA,LA,ASW,CE,Federal Contract Tower,2,11,5,11,29,0,12,33,2,47,2,23,38,13,76,110,2,112,188
12/22/2021,ARA,LA,ASW,CE,Federal Contract Tower,0,2,3,8,13,0,23,44,2,69,0,25,47,10,82,178,2,180,262
12/23/2021,ARA,LA,ASW,CE,Federal Contract Tower,0,3,5,0,8,0,19,34,0,53,0,22,39,0,61,30,0,30,91
12/24/2021,ARA,LA,ASW,CE,Federal Contract Tower,0,4,0,0,4,0,9,12,0,21,0,13,12,0,25,24,0,24,49
12/25/2021,ARA,LA,ASW,CE,Federal Contract Tower,0,0,2,0,2,0,12,8,0,20,0,12,10,0,22,0,0,0,22
12/26/2021,ARA,LA,ASW,CE,Federal Contract Tower,0,1,2,0,3,0,5,10,0,15,0,6,12,0,18,16,0,16,34
12/27/2021,ARA,LA,ASW,CE,Federal Contract Tower,2,6,0,2,10,0,14,18,0,32,2,20,18,2,42,18,0,18,60
12/28/2021,ARA,LA,ASW,CE,Federal Contract Tower,0,13,3,2,18,0,15,7,2,24,0,28,10,4,42,16,0,16,58
12/29/2021,ARA,LA,ASW,CE,Federal Contract Tower,0,25,0,5,30,0,7,7,6,20,0,32,7,11,50,6,0,6,56
12/30/2021,ARA,LA,ASW,CE,Federal Contract Tower,0,2,7,3,12,0,13,22,1,36,0,15,29,4,48,60,2,62,110
12/31/2021,ARA,LA,ASW,CE,Federal Contract Tower,0,12,1,0,13,0,16,17,0,33,0,28,18,0,46,122,0,122,168
01/01/2022,ARA,LA,ASW,CE,Federal Contract Tower,0,5,0,0,5,0,3,0,0,3,0,8,0,0,8,0,0,0,8
01/02/2022,ARA,LA,ASW,CE,Federal Contract Tower,0,9,0,0,9,0,8,0,0,8,0,17,0,0,17,0,0,0,17
01/03/2022,ARA,LA,ASW,CE,Federal Contract Tower,0,10,8,0,18,0,20,18,0,38,0,30,26,0,56,130,0,130,186
01/04/2022,ARA,LA,ASW,CE,Federal Contract Tower,0,2,0,8,10,0,17,40,2,59,0,19,40,10,69,114,0,114,183
01/05/2022,ARA,LA,ASW,CE,Federal Contract Tower,0,4,8,5,17,0,18,26,6,50,0,22,34,11,67,58,0,58,125
01/06/2022,ARA,LA,ASW,CE,Federal Contract Tower,0,9,2,18,29,0,12,31,8,51,0,21,33,26,80,68,4,72,152
01/07/2022,ARA,LA,ASW,CE,Federal Contract Tower,0,6,3,7,16,0,15,39,1,55,0,21,42,8,71,100,4,104,175
01/08/2022,ARA,LA,ASW,CE,Federal Contract Tower,0,6,1,0,7,0,8,5,0,13,0,14,6,0,20,20,0,20,40
01/09/2022,ARA,LA,ASW,CE,Federal Contract Tower,0,6,3,0,9,0,6,9,0,15,0,12,12,0,24,32,0,32,56
01/10/2022,ARA,LA,ASW,CE,Federal Contract Tower,1,9,4,3,17,0,24,7,0,31,1,33,11,3,48,56,2,58,106
01/11/2022,ARA,LA,ASW,CE,Federal Contract Tower,0,2,2,4,8,0,21,28,3,52,0,23,30,7,60,116,20,136,196
01/12/2022,ARA,LA,ASW,CE,Federal Contract Tower,0,7,14,5,26,0,28,56,6,90,0,35,70,11,116,182,2,184,300
01/13/2022,ARA,LA,ASW,CE,Federal Contract Tower,0,9,18,6,33,0,28,37,1,66,0,37,55,7,99,88,0,88,187
01/14/2022,ARA,LA,ASW,CE,Federal Contract Tower,2,5,5,15,27,0,22,39,7,68,2,27,44,22,95,158,6,164,259
01/15/2022,ARA,LA,ASW,CE,Federal Contract Tower,1,4,5,0,10,0,9,3,0,12,1,13,8,0,22,6,0,6,28
01/16/2022,ARA,LA,ASW,CE,Federal Contract Tower,0,2,8,1,11,0,14,13,0,27,0,16,21,1,38,20,0,20,58
01/17/2022,ARA,LA,ASW,CE,Federal Contract Tower,0,3,9,2,14,0,19,31,0,50,0,22,40,2,64,54,10,64,128
01/18/2022,ARA,LA,ASW,CE,Federal Contract Tower,0,4,3,7,14,0,22,20,2,44,0,26,23,9,58,80,16,96,154
01/19/2022,ARA,LA,ASW,CE,Federal Contract Tower,0,1,7,4,12,0,18,68,3,89,0,19,75,7,101,212,0,212,313
01/20/2022,ARA,LA,ASW,CE,Federal Contract Tower,0,10,4,0,14,0,3,2,0,5,0,13,6,0,19,4,0,4,23
01/21/2022,ARA,LA,ASW,CE,Federal Contract Tower,0,1,10,1,12,0,3,20,1,24,0,4,30,2,36,86,0,86,122
01/22/2022,ARA,LA,ASW,CE,Federal Contract Tower,0,0,3,4,7,0,6,12,3,21,0,6,15,7,28,12,8,20,48
01/23/2022,ARA,LA,ASW,CE,Federal Contract Tower,2,2,1,0,5,0,11,19,0,30,2,13,20,0,35,52,0,52,87
01/24/2022,ARA,LA,ASW,CE,Federal Contract Tower,0,3,5,16,24,0,7,2,2,11,0,10,7,18,35,0,0,0,35
01/25/2022,ARA,LA,ASW,CE,Federal Contract Tower,0,5,11,1,17,0,1,11,1,13,0,6,22,2,30,22,0,22,52
01/26/2022,ARA,LA,ASW,CE,Federal Contract Tower,0,1,6,2,9,0,3,47,3,53,0,4,53,5,62,50,8,58,120
01/27/2022,ARA,LA,ASW,CE,Federal Contract Tower,0,0,21,13,34,0,15,62,1,78,0,15,83,14,112,106,0,106,218
01/28/2022,ARA,LA,ASW,CE,Federal Contract Tower,0,0,6,13,19,0,9,26,4,39,0,9,32,17,58,50,2,52,110
01/29/2022,ARA,LA,ASW,CE,Federal Contract Tower,0,1,3,0,4,0,4,29,0,33,0,5,32,0,37,50,0,50,87
01/30/2022,ARA,LA,ASW,CE,Federal Contract Tower,0,0,2,0,2,0,8,16,2,26,0,8,18,2,28,26,0,26,54
01/31/2022,ARA,LA,ASW,CE,Federal Contract Tower,0,0,4,2,6,0,18,19,0,37,0,18,23,2,43,82,0,82,125
02/01/2022,ARA,LA,ASW,CE,Federal Contract Tower,2,4,3,0,9,0,2,13,0,15,2,6,16,0,24,24,0,24,48
02/02/2022,ARA,LA,ASW,CE,Federal Contract Tower,0,6,1,0,7,0,2,6,0,8,0,8,7,0,15,28,0,28,43
02/03/2022,ARA,LA,ASW,CE,Federal Contract Tower,0,4,2,0,6,0,0,0,0,0,0,4,2,0,6,0,0,0,6
02/04/2022,ARA,LA,ASW,CE,Federal Contract Tower,0,0,1,12,13,0,0,13,1,14,0,0,14,13,27,28,0,28,55
02/05/2022,ARA,LA,ASW,CE,Federal Contract Tower,0,2,4,2,8,0,2,16,2,20,0,4,20,4,28,12,0,12,40
02/06/2022,ARA,LA,ASW,CE,Federal Contract Tower,0,2,5,11,18,0,7,36,0,43,0,9,41,11,61,88,0,88,149
02/07/2022,ARA,LA,ASW,CE,Federal Contract Tower,2,4,8,5,19,0,10,21,1,32,2,14,29,6,51,94,0,94,145
02/08/2022,ARA,LA,ASW,CE,Federal Contract Tower,0,0,5,11,16,0,6,46,9,61,0,6,51,20,77,110,2,112,189
02/09/2022,ARA,LA,ASW,CE,Federal Contract Tower,0,1,6,7,14,0,9,33,15,57,0,10,39,22,71,72,14,86,157
02/10/2022,ARA,LA,ASW,CE,Federal Contract Tower,0,2,11,9,22,0,8,40,5,53,0,10,51,14,75,64,12,76,151
02/11/2022,ARA,LA,ASW,CE,Federal Contract Tower,0,1,5,0,6,0,16,56,0,72,0,17,61,0,78,222,0,222,300
02/12/2022,ARA,LA,ASW,CE,Federal Contract Tower,0,3,1,8,12,0,7,12,0,19,0,10,13,8,31,88,0,88,119
02/13/2022,ARA,LA,ASW,CE,Federal Contract Tower,0,0,3,2,5,0,11,7,0,18,0,11,10,2,23,30,0,30,53
02/14/2022,ARA,LA,ASW,CE,Federal Contract Tower,0,0,13,26,39,0,19,20,0,39,0,19,33,26,78,150,4,154,232
02/15/2022,ARA,LA,ASW,CE,Federal Contract Tower,2,0,7,3,12,0,6,33,5,44,2,6,40,8,56,100,0,100,156
02/16/2022,ARA,LA,ASW,CE,Federal Contract Tower,0,0,6,14,20,0,5,12,4,21,0,5,18,18,41,0,0,0,41
02/17/2022,ARA,LA,ASW,CE,Federal Contract Tower,0,1,2,0,3,0,5,1,0,6,0,6,3,0,9,0,0,0,9
02/18/2022,ARA,LA,ASW,CE,Federal Contract Tower,0,2,3,20,25,0,13,27,1,41,0,15,30,21,66,116,2,118,184
02/19/2022,ARA,LA,ASW,CE,Federal Contract Tower,2,0,3,0,5,0,3,28,0,31,2,3,31,0,36,50,0,50,86
02/20/2022,ARA,LA,ASW,CE,Federal Contract Tower,0,3,5,1,9,0,9,38,0,47,0,12,43,1,56,130,2,132,188
02/21/2022,ARA,LA,ASW,CE,Federal Contract Tower,0,1,1,0,2,0,7,7,0,14,0,8,8,0,16,0,0,0,16
02/22/2022,ARA,LA,ASW,CE,Federal Contract Tower,0,3,1,4,8,0,13,23,0,36,0,16,24,4,44,32,0,32,76
02/23/2022,ARA,LA,ASW,CE,Federal Contract Tower,0,3,6,6,15,0,8,14,0,22,0,11,20,6,37,34,0,34,71
02/24/2022,ARA,LA,ASW,CE,Federal Contract Tower,0,2,5,1,8,0,3,12,2,17,0,5,17,3,25,56,2,58,83
02/25/2022,ARA,LA,ASW,CE,Federal Contract Tower,0,2,6,12,20,0,11,19,0,30,0,13,25,12,50,40,0,40,90
02/26/2022,ARA,LA,ASW,CE,Federal Contract Tower,0,2,3,4,9,0,8,5,0,13,0,10,8,4,22,34,0,34,56
02/27/2022,ARA,LA,ASW,CE,Federal Contract Tower,0,0,3,6,9,0,1,6,0,7,0,1,9,6,16,4,0,4,20
02/28/2022,ARA,LA,ASW,CE,Federal Contract Tower,0,0,8,16,24,0,12,25,1,38,0,12,33,17,62,10,2,12,74
03/01/2022,ARA,LA,ASW,CE,Federal Contract Tower,0,0,2,14,16,0,5,26,11,42,0,5,28,25,58,18,28,46,104
03/02/2022,ARA,LA,ASW,CE,Federal Contract Tower,2,3,9,6,20,0,14,20,4,38,2,17,29,10,58,84,2,86,144
03/03/2022,ARA,LA,ASW,CE,Federal Contract Tower,0,0,0,2,2,0,5,37,4,46,0,5,37,6,48,96,2,98,146
03/04/2022,ARA,LA,ASW,CE,Federal Contract Tower,0,1,14,7,22,0,5,38,5,48,0,6,52,12,70,34,0,34,104
03/05/2022,ARA,LA,ASW,CE,Federal Contract Tower,0,5,3,0,8,0,0,5,3,8,0,5,8,3,16,0,4,4,20
03/06/2022,ARA,LA,ASW,CE,Federal Contract Tower,0,1,4,4,9,0,2,7,0,9,0,3,11,4,18,0,0,0,18
03/07/2022,ARA,LA,ASW,CE,Federal Contract Tower,2,0,4,8,14,0,4,12,2,18,2,4,16,10,32,120,0,120,152
03/08/2022,ARA,LA,ASW,CE,Federal Contract Tower,0,4,2,0,6,0,0,7,0,7,0,4,9,0,13,76,0,76,89
03/09/2022,ARA,LA,ASW,CE,Federal Contract Tower,0,2,9,25,36,0,9,23,2,34,0,11,32,27,70,92,2,94,164
03/10/2022,ARA,LA,ASW,CE,Federal Contract Tower,0,2,18,28,48,0,7,35,23,65,0,9,53,51,113,90,12,102,215
03/11/2022,ARA,LA,ASW,CE,Federal Contract Tower,0,0,11,11,22,0,5,15,2,22,0,5,26,13,44,60,2,62,106
03/12/2022,ARA,LA,ASW,CE,Federal Contract Tower,0,2,4,24,30,0,5,5,0,10,0,7,9,24,40,25,6,31,71
03/13/2022,ARA,LA,ASW,CE,Federal Contract Tower,0,1,4,1,6,0,0,36,0,36,0,1,40,1,42,90,0,90,132
03/14/2022,ARA,LA,ASW,CE,Federal Contract Tower,0,1,5,2,8,0,5,13,0,18,0,6,18,2,26,102,0,102,128
03/15/2022,ARA,LA,ASW,CE,Federal Contract Tower,1,0,0,5,6,0,6,18,8,32,1,6,18,13,38,110,2,112,150
03/16/2022,ARA,LA,ASW,CE,Federal Contract Tower,0,3,10,9,22,0,10,36,6,52,0,13,46,15,74,136,8,144,218
03/17/2022,ARA,LA,ASW,CE,Federal Contract Tower,1,1,5,7,14,0,7,47,7,61,1,8,52,14,75,102,8,110,185
03/18/2022,ARA,LA,ASW,CE,Federal Contract Tower,0,0,0,9,9,0,4,34,0,38,0,4,34,9,47,182,0,182,229
03/19/2022,ARA,LA,ASW,CE,Federal Contract Tower,0,0,6,15,21,0,6,28,1,35,0,6,34,16,56,58,34,92,148
03/20/2022,ARA,LA,ASW,CE,Federal Contract Tower,2,0,2,8,12,0,6,19,0,25,2,6,21,8,37,70,0,70,107
03/21/2022,ARA,LA,ASW,CE,Federal Contract Tower,1,0,1,2,4,0,10,19,0,29,1,10,20,2,33,36,0,36,69
03/22/2022,ARA,LA,ASW,CE,Federal Contract Tower,0,1,0,0,1,0,5,1,0,6,0,6,1,0,7,44,0,44,51
03/23/2022,ARA,LA,ASW,CE,Federal Contract Tower,0,1,10,11,22,0,16,34,8,58,0,17,44,19,80,36,26,62,142
03/24/2022,ARA,LA,ASW,CE,Federal Contract Tower,0,0,12,3,15,0,8,43,4,55,0,8,55,7,70,96,2,98,168
03/25/2022,ARA,LA,ASW,CE,Federal Contract Tower,0,1,4,4,9,0,1,25,2,28,0,2,29,6,37,72,6,78,115
03/26/2022,ARA,LA,ASW,CE,Federal Contract Tower,0,0,1,6,7,0,2,39,2,43,0,2,40,8,50,40,4,44,94
03/27/2022,ARA,LA,ASW,CE,Federal Contract Tower,0,1,1,1,3,0,2,29,1,32,0,3,30,2,35,68,0,68,103
03/28/2022,ARA,LA,ASW,CE,Federal Contract Tower,0,1,9,6,16,0,10,36,1,47,0,11,45,7,63,114,0,114,177
03/29/2022,ARA,LA,ASW,CE,Federal Contract Tower,0,0,6,13,19,0,3,9,3,15,0,3,15,16,34,46,4,50,84
03/30/2022,ARA,LA,ASW,CE,Federal Contract Tower,0,0,1,0,1,0,0,1,0,1,0,0,2,0,2,0,0,0,2
03/31/2022,ARA,LA,ASW,CE,Federal Contract Tower,0,0,16,21,37,0,3,30,7,40,0,3,46,28,77,112,0,112,189
04/01/2022,ARA,LA,ASW,CE,Federal Contract Tower,0,1,7,1,9,0,8,24,7,39,0,9,31,8,48,100,6,106,154
04/02/2022,ARA,LA,ASW,CE,Federal Contract Tower,0,2,11,1,14,0,3,14,0,17,0,5,25,1,31,30,0,30,61
04/03/2022,ARA,LA,ASW,CE,Federal Contract Tower,2,2,5,3,12,0,2,22,2,26,2,4,27,5,38,62,24,86,124
04/04/2022,ARA,LA,ASW,CE,Federal Contract Tower,0,0,7,1,8,0,7,19,1,27,0,7,26,2,35,82,14,96,131
04/05/2022,ARA,LA,ASW,CE,Federal Contract Tower,0,0,2,8,10,0,2,16,0,18,0,2,18,8,28,52,2,54,82
04/06/2022,ARA,LA,ASW,CE,Federal Contract Tower,2,0,10,4,16,0,3,29,4,36,2,3,39,8,52,10,0,10,62
04/07/2022,ARA,LA,ASW,CE,Federal Contract Tower,0,2,10,13,25,0,3,36,0,39,0,5,46,13,64,84,10,94,158
04/08/2022,ARA,LA,ASW,CE,Federal Contract Tower,0,6,10,14,30,0,4,34,10,48,0,10,44,24,78,122,14,136,214
04/09/2022,ARA,LA,ASW,CE,Federal Contract Tower,0,0,7,4,11,0,5,30,4,39,0,5,37,8,50,90,0,90,140
04/10/2022,ARA,LA,ASW,CE,Federal Contract Tower,0,0,2,0,2,0,5,9,0,14,0,5,11,0,16,0,0,0,16
04/11/2022,ARA,LA,ASW,CE,Federal Contract Tower,0,2,6,0,8,0,4,19,0,23,0,6,25,0,31,46,0,46,77
04/12/2022,ARA,LA,ASW,CE,Federal Contract Tower,0,0,4,5,9,0,0,11,0,11,0,0,15,5,20,106,0,106,126
04/13/2022,ARA,LA,ASW,CE,Federal Contract Tower,0,0,3,2,5,0,8,14,2,24,0,8,17,4,29,30,0,30,59
04/14/2022,ARA,LA,ASW,CE,Federal Contract Tower,0,1,11,13,25,0,7,58,8,73,0,8,69,21,98,104,14,118,216
04/15/2022,ARA,LA,ASW,CE,Federal Contract Tower,0,2,1,1,4,0,6,8,0,14,0,8,9,1,18,38,0,38,56
04/16/2022,ARA,LA,ASW,CE,Federal Contract Tower,0,1,0,0,1,0,3,6,0,9,0,4,6,0,10,0,0,0,10
04/17/2022,ARA,LA,ASW,CE,Federal Contract Tower,0,0,1,0,1,0,3,3,0,6,0,3,4,0,7,0,0,0,7
04/18/2022,ARA,LA,ASW,CE,Federal Contract Tower,4,3,5,5,17,0,7,16,2,25,4,10,21,7,42,16,0,16,58
04/19/2022,ARA,LA,ASW,CE,Federal Contract Tower,0,1,3,10,14,0,3,35,5,43,0,4,38,15,57,92,8,100,157
04/20/2022,ARA,LA,ASW,CE,Federal Contract Tower,0,1,5,4,10,0,12,27,6,45,0,13,32,10,55,208,0,208,263
04/21/2022,ARA,LA,ASW,CE,Federal Contract Tower,0,0,4,0,4,0,12,23,0,35,0,12,27,0,39,140,0,140,179
04/22/2022,ARA,LA,ASW,CE,Federal Contract Tower,0,4,4,0,8,0,9,35,0,44,0,13,39,0,52,74,0,74,126
04/23/2022,ARA,LA,ASW,CE,Federal Contract Tower,2,0,5,0,7,0,5,13,0,18,2,5,18,0,25,2,0,2,27
04/24/2022,ARA,LA,ASW,CE,Federal Contract Tower,0,2,2,0,4,0,6,9,0,15,0,8,11,0,19,52,0,52,71
04/25/2022,ARA,LA,ASW,CE,Federal Contract Tower,0,2,11,3,16,0,4,5,0,9,0,6,16,3,25,0,2,2,27
04/26/2022,ARA,LA,ASW,CE,Federal Contract Tower,0,2,8,15,25,0,6,24,3,33,0,8,32,18,58,76,6,82,140
04/27/2022,ARA,LA,ASW,CE,Federal Contract Tower,0,1,9,12,22,0,8,48,3,59,0,9,57,15,81,204,2,206,287
04/28/2022,ARA,LA,ASW,CE,Federal Contract Tower,0,1,16,3,20,0,7,47,1,55,0,8,63,4,75,98,0,98,173
04/29/2022,ARA,LA,ASW,CE,Federal Contract Tower,0,1,3,26,30,0,15,35,2,52,0,16,38,28,82,108,6,114,196
04/30/2022,ARA,LA,ASW,CE,Federal Contract Tower,0,0,1,11,12,0,3,48,0,51,0,3,49,11,63,40,12,52,115
05/01/2022,ARA,LA,ASW,CE,Federal Contract Tower,2,2,1,0,5,0,6,2,0,8,2,8,3,0,13,10,0,10,23
05/02/2022,ARA,LA,ASW,CE,Federal Contract Tower,0,3,15,0,18,0,9,29,0,38,0,12,44,0,56,98,0,98,154
05/03/2022,ARA,LA,ASW,CE,Federal Contract Tower,0,3,2,0,5,0,5,27,0,32,0,8,29,0,37,200,0,200,237
05/04/2022,ARA,LA,ASW,CE,Federal Contract Tower,0,2,10,4,16,0,9,31,2,42,0,11,41,6,58,128,2,130,188
05/05/2022,ARA,LA,ASW,CE,Federal Contract Tower,0,2,3,4,9,0,3,22,4,29,0,5,25,8,38,80,0,80,118
05/06/2022,ARA,LA,ASW,CE,Federal Contract Tower,0,0,20,0,20,0,9,27,2,38,0,9,47,2,58,34,0,34,92
05/07/2022,ARA,LA,ASW,CE,Federal Contract Tower,0,1,4,0,5,0,10,23,0,33,0,11,27,0,38,60,0,60,98
05/08/2022,ARA,LA,ASW,CE,Federal Contract Tower,0,1,4,6,11,0,1,24,0,25,0,2,28,6,36,30,14,44,80
05/09/2022,ARA,LA,ASW,CE,Federal Contract Tower,2,3,12,6,23,0,2,12,1,15,2,5,24,7,38,84,0,84,122
05/10/2022,ARA,LA,ASW,CE,Federal Contract Tower,0,1,2,5,8,0,6,31,0,37,0,7,33,5,45,150,0,150,195
05/11/2022,ARA,LA,ASW,CE,Federal Contract Tower,0,1,4,3,8,0,2,30,3,35,0,3,34,6,43,108,6,114,157
05/12/2022,ARA,LA,ASW,CE,Federal Contract Tower,0,0,9,22,31,0,13,28,0,41,0,13,37,22,72,114,30,144,216
05/13/2022,ARA,LA,ASW,CE,Federal Contract Tower,0,6,5,0,11,0,6,20,4,30,0,12,25,4,41,18,2,20,61
05/14/2022,ARA,LA,ASW,CE,Federal Contract Tower,0,2,4,4,10,0,1,23,0,24,0,3,27,4,34,42,0,42,76
05/15/2022,ARA,LA,ASW,CE,Federal Contract Tower,2,0,3,0,5,0,7,15,0,22,2,7,18,0,27,30,0,30,57
05/16/2022,ARA,LA,ASW,CE,Federal Contract Tower,1,0,8,1,10,0,6,19,0,25,1,6,27,1,35,164,0,164,199
05/17/2022,ARA,LA,ASW,CE,Federal Contract Tower,0,6,0,14,20,0,5,12,4,21,0,11,12,18,41,0,0,0,41
05/18/2022,ARA,LA,ASW,CE,Federal Contract Tower,0,0,6,3,9,0,5,30,4,39,0,5,36,7,48,20,8,28,76
05/19/2022,ARA,LA,ASW,CE,Federal Contract Tower,0,0,8,15,23,0,12,35,8,55,0,12,43,23,78,26,12,38,116
05/20/2022,ARA,LA,ASW,CE,Federal Contract Tower,0,3,6,8,17,0,6,29,0,35,0,9,35,8,52,62,0,62,114
05/21/2022,ARA,LA,ASW,CE,Federal Contract Tower,0,0,6,7,13,0,14,5,2,21,0,14,11,9,34,10,0,10,44
05/22/2022,ARA,LA,ASW,CE,Federal Contract Tower,1,1,5,0,7,0,10,1,0,11,1,11,6,0,18,4,0,4,22
05/23/2022,ARA,LA,ASW,CE,Federal Contract Tower,1,5,3,2,11,0,9,5,0,14,1,14,8,2,25,22,0,22,47
05/24/2022,ARA,LA,ASW,CE,Federal Contract Tower,0,0,5,4,9,0,6,18,0,24,0,6,23,4,33,58,0,58,91
05/25/2022,ARA,LA,ASW,CE,Federal Contract Tower,0,0,0,0,0,0,3,7,0,10,0,3,7,0,10,28,0,28,38
05/26/2022,ARA,LA,ASW,CE,Federal Contract Tower,0,0,6,4,10,0,11,40,0,51,0,11,46,4,61,58,0,58,119
05/27/2022,ARA,LA,ASW,CE,Federal Contract Tower,0,3,2,0,5,0,4,35,0,39,0,7,37,0,44,52,0,52,96
05/28/2022,ARA,LA,ASW,CE,Federal Contract Tower,0,1,5,1,7,0,4,19,0,23,0,5,24,1,30,30,0,30,60
05/29/2022,ARA,LA,ASW,CE,Federal Contract Tower,0,0,1,0,1,0,5,18,0,23,0,5,19,0,24,12,0,12,36
05/30/2022,ARA,LA,ASW,CE,Federal Contract Tower,0,0,6,0,6,0,5,12,0,17,0,5,18,0,23,20,0,20,43
05/31/2022,ARA,LA,ASW,CE,Federal Contract Tower,2,2,3,1,8,0,6,17,4,27,2,8,20,5,35,74,0,74,109
06/01/2022,ARA,LA,ASW,CE,Federal Contract Tower,0,3,9,2,14,0,8,35,4,47,0,11,44,6,61,146,14,160,221
06/02/2022,ARA,LA,ASW,CE,Federal Contract Tower,0,0,6,0,6,0,9,23,2,34,0,9,29,2,40,78,16,94,134
06/03/2022,ARA,LA,ASW,CE,Federal Contract Tower,0,3,2,11,16,0,6,24,0,30,0,9,26,11,46,76,0,76,122
06/04/2022,ARA,LA,ASW,CE,Federal Contract Tower,0,0,0,0,0,0,14,20,0,34,0,14,20,0,34,78,0,78,112
06/05/2022,ARA,LA,ASW,CE,Federal Contract Tower,0,0,0,0,0,0,10,20,0,30,0,10,20,0,30,94,0,94,124
06/06/2022,ARA,LA,ASW,CE,Federal Contract Tower,0,0,4,5,9,0,10,24,3,37,0,10,28,8,46,102,10,112,158
06/07/2022,ARA,LA,ASW,CE,Federal Contract Tower,2,0,4,10,16,0,3,38,2,43,2,3,42,12,59,150,0,150,209
06/08/2022,ARA,LA,ASW,CE,Federal Contract Tower,0,1,8,2,11,0,12,42,4,58,0,13,50,6,69,174,4,178,247
06/09/2022,ARA,LA,ASW,CE,Federal Contract Tower,0,1,2,4,7,0,15,15,0,30,0,16,17,4,37,78,0,78,115
06/10/2022,ARA,LA,ASW,CE,Federal Contract Tower,0,0,3,0,3,0,8,16,0,24,0,8,19,0,27,68,0,68,95
06/11/2022,ARA,LA,ASW,CE,Federal Contract Tower,0,1,2,4,7,0,16,17,0,33,0,17,19,4,40,116,0,116,156
06/12/2022,ARA,LA,ASW,CE,Federal Contract Tower,0,0,2,5,7,0,8,23,1,32,0,8,25,6,39,62,6,68,107
06/13/2022,ARA,LA,ASW,CE,Federal Contract Tower,0,1,6,0,7,0,14,21,0,35,0,15,27,0,42,94,0,94,136
06/14/2022,ARA,LA,ASW,CE,Federal Contract Tower,0,0,5,2,7,0,10,50,0,60,0,10,55,2,67,176,0,176,243
06/15/2022,ARA,LA,ASW,CE,Federal Contract Tower,1,0,3,4,8,0,8,21,1,30,1,8,24,5,38,124,14,138,176
06/16/2022,ARA,LA,ASW,CE,Federal Contract Tower,0,0,11,14,25,0,7,23,0,30,0,7,34,14,55,58,0,58,113
06/17/2022,ARA,LA,ASW,CE,Federal Contract Tower,0,0,7,0,7,0,14,7,0,21,0,14,14,0,28,32,0,32,60
06/18/2022,ARA,LA,ASW,CE,Federal Contract Tower,0,1,2,0,3,0,12,14,0,26,0,13,16,0,29,40,0,40,69
06/19/2022,ARA,LA,ASW,CE,Federal Contract Tower,0,0,1,0,1,0,14,12,0,26,0,14,13,0,27,18,0,18,45
06/20/2022,ARA,LA,ASW,CE,Federal Contract Tower,0,0,4,0,4,0,7,29,0,36,0,7,33,0,40,32,0,32,72
06/21/2022,ARA,LA,ASW,CE,Federal Contract Tower,0,0,0,6,6,0,12,18,0,30,0,12,18,6,36,4,0,4,40
06/22/2022,ARA,LA,ASW,CE,Federal Contract Tower,0,0,6,10,16,0,6,27,1,34,0,6,33,11,50,64,4,68,118
06/23/2022,ARA,LA,ASW,CE,Federal Contract Tower,0,1,3,1,5,0,10,22,1,33,0,11,25,2,38,114,0,114,152
06/24/2022,ARA,LA,ASW,CE,Federal Contract Tower,0,0,11,13,24,0,10,40,4,54,0,10,51,17,78,156,4,160,238
06/25/2022,ARA,LA,ASW,CE,Federal Contract Tower,2,2,3,0,7,0,9,7,0,16,2,11,10,0,23,16,0,16,39
06/26/2022,ARA,LA,ASW,CE,Federal Contract Tower,0,1,1,0,2,0,5,9,0,14,0,6,10,0,16,18,0,18,34
06/27/2022,ARA,LA,ASW,CE,Federal Contract Tower,0,0,4,4,8,0,5,12,0,17,0,5,16,4,25,36,10,46,71
06/28/2022,ARA,LA,ASW,CE,Federal Contract Tower,0,2,2,1,5,0,15,17,1,33,0,17,19,2,38,128,8,136,174
06/29/2022,ARA,LA,ASW,CE,Federal Contract Tower,0,1,9,2,12,0,10,22,0,32,0,11,31,2,44,112,0,112,156
06/30/2022,ARA,LA,ASW,CE,Federal Contract Tower,0,1,6,0,7,0,7,15,0,22,0,8,21,0,29,32,0,32,61
07/01/2022,ARA,LA,ASW,CE,Federal Contract Tower,0,2,1,0,3,0,5,4,0,9,0,7,5,0,12,0,0,0,12
07/02/2022,ARA,LA,ASW,CE,Federal Contract Tower,2,1,3,0,6,0,6,15,0,21,2,7,18,0,27,8,0,8,35
07/03/2022,ARA,LA,ASW,CE,Federal Contract Tower,0,0,1,0,1,0,6,26,0,32,0,6,27,0,33,44,0,44,77
07/04/2022,ARA,LA,ASW,CE,Federal Contract Tower,0,0,0,0,0,0,8,21,0,29,0,8,21,0,29,98,0,98,127
07/05/2022,ARA,LA,ASW,CE,Federal Contract Tower,0,1,5,3,9,0,4,18,0,22,0,5,23,3,31,38,0,38,69
07/06/2022,ARA,LA,ASW,CE,Federal Contract Tower,0,0,5,0,5,0,12,6,0,18,0,12,11,0,23,58,0,58,81
07/07/2022,ARA,LA,ASW,CE,Federal Contract Tower,0,0,7,2,9,0,18,24,1,43,0,18,31,3,52,102,0,102,154
07/08/2022,ARA,LA,ASW,CE,Federal Contract Tower,0,0,8,3,11,0,6,35,1,42,0,6,43,4,53,68,0,68,121
07/09/2022,ARA,LA,ASW,CE,Federal Contract Tower,0,1,3,2,6,0,10,27,0,37,0,11,30,2,43,52,8,60,103
07/10/2022,ARA,LA,ASW,CE,Federal Contract Tower,0,0,1,0,1,0,8,19,0,27,0,8,20,0,28,18,0,18,46
07/11/2022,ARA,LA,ASW,CE,Federal Contract Tower,0,2,2,0,4,0,9,8,0,17,0,11,10,0,21,68,0,68,89
07/12/2022,ARA,LA,ASW,CE,Federal Contract Tower,0,2,3,0,5,0,6,21,0,27,0,8,24,0,32,2,0,2,34
07/13/2022,ARA,LA,ASW,CE,Federal Contract Tower,2,0,8,3,13,0,14,33,1,48,2,14,41,4,61,106,2,108,169
07/14/2022,ARA,LA,ASW,CE,Federal Contract Tower,0,0,2,0,2,0,10,33,0,43,0,10,35,0,45,18,0,18,63
07/15/2022,ARA,LA,ASW,CE,Federal Contract Tower,0,0,5,4,9,0,22,24,0,46,0,22,29,4,55,108,0,108,163
07/16/2022,ARA,LA,ASW,CE,Federal Contract Tower,0,0,4,0,4,0,9,44,0,53,0,9,48,0,57,28,0,28,85
07/17/2022,ARA,LA,ASW,CE,Federal Contract Tower,0,0,1,0,1,0,5,26,0,31,0,5,27,0,32,78,0,78,110
07/18/2022,ARA,LA,ASW,CE,Federal Contract Tower,2,0,5,4,11,0,12,25,0,37,2,12,30,4,48,40,0,40,88
07/19/2022,ARA,LA,ASW,CE,Federal Contract Tower,0,0,3,0,3,0,10,16,1,27,0,10,19,1,30,88,0,88,118
07/20/2022,ARA,LA,ASW,CE,Federal Contract Tower,0,1,2,0,3,0,8,53,0,61,0,9,55,0,64,144,0,144,208
07/21/2022,ARA,LA,ASW,CE,Federal Contract Tower,0,1,7,0,8,0,4,22,0,26,0,5,29,0,34,86,0,86,120
07/22/2022,ARA,LA,ASW,CE,Federal Contract Tower,0,2,2,0,4,0,4,16,0,20,0,6,18,0,24,80,0,80,104
07/23/2022,ARA,LA,ASW,CE,Federal Contract Tower,0,1,2,0,3,0,11,17,0,28,0,12,19,0,31,40,0,40,71
07/24/2022,ARA,LA,ASW,CE,Federal Contract Tower,0,0,2,0,2,0,4,17,0,21,0,4,19,0,23,16,0,16,39
07/25/2022,ARA,LA,ASW,CE,Federal Contract Tower,0,1,3,0,4,0,7,12,0,19,0,8,15,0,23,20,0,20,43
07/26/2022,ARA,LA,ASW,CE,Federal Contract Tower,0,1,11,0,12,0,9,14,0,23,0,10,25,0,35,78,0,78,113
07/27/2022,ARA,LA,ASW,CE,Federal Contract Tower,0,0,3,2,5,0,14,25,0,39,0,14,28,2,44,68,0,68,112
07/28/2022,ARA,LA,ASW,CE,Federal Contract Tower,0,0,9,0,9,0,9,34,0,43,0,9,43,0,52,48,0,48,100
07/29/2022,ARA,LA,ASW,CE,Federal Contract Tower,0,2,3,3,8,0,15,22,1,38,0,17,25,4,46,86,0,86,132
07/30/2022,ARA,LA,ASW,CE,Federal Contract Tower,0,0,7,0,7,0,11,12,0,23,0,11,19,0,30,100,0,100,130
07/31/2022,ARA,LA,ASW,CE,Federal Contract Tower,0,1,0,0,1,0,5,22,0,27,0,6,22,0,28,76,0,76,104
08/01/2022,ARA,LA,ASW,CE,Federal Contract Tower,0,0,5,5,10,0,6,18,0,24,0,6,23,5,34,48,4,52,86
08/02/2022,ARA,LA,ASW,CE,Federal Contract Tower,0,0,3,0,3,0,12,42,0,54,0,12,45,0,57,62,0,62,119
08/03/2022,ARA,LA,ASW,CE,Federal Contract Tower,0,0,4,0,4,0,10,5,0,15,0,10,9,0,19,18,0,18,37
08/04/2022,ARA,LA,ASW,CE,Federal Contract Tower,0,0,2,0,2,0,4,33,0,37,0,4,35,0,39,28,0,28,67
08/05/2022,ARA,LA,ASW,CE,Federal Contract Tower,0,1,3,0,4,0,13,30,0,43,0,14,33,0,47,92,0,92,139
08/06/2022,ARA,LA,ASW,CE,Federal Contract Tower,0,1,2,0,3,0,8,27,0,35,0,9,29,0,38,10,0,10,48
08/07/2022,ARA,LA,ASW,CE,Federal Contract Tower,1,0,2,0,3,0,5,15,2,22,1,5,17,2,25,8,0,8,33
08/08/2022,ARA,LA,ASW,CE,Federal Contract Tower,1,0,6,4,11,0,5,23,0,28,1,5,29,4,39,40,0,40,79
08/09/2022,ARA,LA,ASW,CE,Federal Contract Tower,0,2,5,0,7,0,14,28,0,42,0,16,33,0,49,88,0,88,137
08/10/2022,ARA,LA,ASW,CE,Federal Contract Tower,0,1,2,0,3,0,3,27,0,30,0,4,29,0,33,92,0,92,125
08/11/2022,ARA,LA,ASW,CE,Federal Contract Tower,0,1,5,0,6,0,1,14,0,15,0,2,19,0,21,18,0,18,39
08/12/2022,ARA,LA,ASW,CE,Federal Contract Tower,0,0,5,0,5,0,13,32,0,45,0,13,37,0,50,112,0,112,162
08/13/2022,ARA,LA,ASW,CE,Federal Contract Tower,0,2,1,0,3,0,2,21,0,23,0,4,22,0,26,36,0,36,62
08/14/2022,ARA,LA,ASW,CE,Federal Contract Tower,0,0,3,0,3,0,7,25,0,32,0,7,28,0,35,68,0,68,103
08/15/2022,ARA,LA,ASW,CE,Federal Contract Tower,1,0,5,2,8,0,2,22,0,24,1,2,27,2,32,58,4,62,94
08/16/2022,ARA,LA,ASW,CE,Federal Contract Tower,0,2,2,0,4,0,2,42,0,44,0,4,44,0,48,158,0,158,206
08/17/2022,ARA,LA,ASW,CE,Federal Contract Tower,0,0,3,3,6,0,1,35,1,37,0,1,38,4,43,166,0,166,209
08/18/2022,ARA,LA,ASW,CE,Federal Contract Tower,0,0,5,0,5,0,9,24,0,33,0,9,29,0,38,4,0,4,42
08/19/2022,ARA,LA,ASW,CE,Federal Contract Tower,0,2,6,4,12,0,5,26,0,31,0,7,32,4,43,44,0,44,87
08/20/2022,ARA,LA,ASW,CE,Federal Contract Tower,0,1,4,0,5,0,6,11,0,17,0,7,15,0,22,20,0,20,42
08/21/2022,ARA,LA,ASW,CE,Federal Contract Tower,0,1,2,0,3,0,2,21,0,23,0,3,23,0,26,58,0,58,84
08/22/2022,ARA,LA,ASW,CE,Federal Contract Tower,0,1,4,0,5,0,4,13,0,17,0,5,17,0,22,52,0,52,74
08/23/2022,ARA,LA,ASW,CE,Federal Contract Tower,0,3,2,0,5,0,2,2,0,4,0,5,4,0,9,56,0,56,65
08/24/2022,ARA,LA,ASW,CE,Federal Contract Tower,0,1,7,0,8,0,3,13,0,16,0,4,20,0,24,36,0,36,60
08/25/2022,ARA,LA,ASW,CE,Federal Contract Tower,0,1,6,0,7,0,9,23,0,32,0,10,29,0,39,30,0,30,69
08/26/2022,ARA,LA,ASW,CE,Federal Contract Tower,0,3,9,0,12,0,2,34,0,36,0,5,43,0,48,74,0,74,122
08/27/2022,ARA,LA,ASW,CE,Federal Contract Tower,2,0,4,0,6,0,15,14,0,29,2,15,18,0,35,60,0,60,95
08/28/2022,ARA,LA,ASW,CE,Federal Contract Tower,0,1,4,0,5,0,9,13,0,22,0,10,17,0,27,56,0,56,83
08/29/2022,ARA,LA,ASW,CE,Federal Contract Tower,0,2,6,1,9,0,16,23,1,40,0,18,29,2,49,196,0,196,245
08/30/2022,ARA,LA,ASW,CE,Federal Contract Tower,0,1,13,0,14,0,6,38,0,44,0,7,51,0,58,128,0,128,186
08/31/2022,ARA,LA,ASW,CE,Federal Contract Tower,0,0,7,6,13,0,11,69,4,84,0,11,76,10,97,136,48,184,281
09/01/2022,ARA,LA,ASW,CE,Federal Contract Tower,0,4,7,1,12,0,6,38,2,46,0,10,45,3,58,80,4,84,142
09/02/2022,ARA,LA,ASW,CE,Federal Contract Tower,0,0,10,0,10,0,1,40,0,41,0,1,50,0,51,80,0,80,131
09/03/2022,ARA,LA,ASW,CE,Federal Contract Tower,1,1,4,0,6,0,0,9,0,9,1,1,13,0,15,4,0,4,19
09/04/2022,ARA,LA,ASW,CE,Federal Contract Tower,1,0,3,0,4,0,3,1,0,4,1,3,4,0,8,0,0,0,8
09/05/2022,ARA,LA,ASW,CE,Federal Contract Tower,0,2,17,0,19,0,2,35,0,37,0,4,52,0,56,164,0,164,220
09/06/2022,ARA,LA,ASW,CE,Federal Contract Tower,0,1,3,0,4,0,13,28,0,41,0,14,31,0,45,86,0,86,131
09/07/2022,ARA,LA,ASW,CE,Federal Contract Tower,0,1,9,2,12,0,15,33,2,50,0,16,42,4,62,138,0,138,200
09/08/2022,ARA,LA,ASW,CE,Federal Contract Tower,0,1,8,3,12,0,4,31,3,38,0,5,39,6,50,96,0,96,146
09/09/2022,ARA,LA,ASW,CE,Federal Contract Tower,0,0,11,6,17,0,6,40,1,47,0,6,51,7,64,103,0,103,167
09/10/2022,ARA,LA,ASW,CE,Federal Contract Tower,0,0,8,0,8,0,11,23,0,34,0,11,31,0,42,26,0,26,68
09/11/2022,ARA,LA,ASW,CE,Federal Contract Tower,0,0,1,2,3,0,3,22,1,26,0,3,23,3,29,24,0,24,53
09/12/2022,ARA,LA,ASW,CE,Federal Contract Tower,0,0,4,2,6,0,7,49,0,56,0,7,53,2,62,84,0,84,146
09/13/2022,ARA,LA,ASW,CE,Federal Contract Tower,2,0,9,3,14,0,28,38,0,66,2,28,47,3,80,76,4,80,160
09/14/2022,ARA,LA,ASW,CE,Federal Contract Tower,0,0,5,1,6,0,9,47,9,65,0,9,52,10,71,92,0,92,163
09/15/2022,ARA,LA,ASW,CE,Federal Contract Tower,0,0,5,5,10,0,4,37,1,42,0,4,42,6,52,96,4,100,152
09/16/2022,ARA,LA,ASW,CE,Federal Contract Tower,0,1,5,0,6,0,3,38,2,43,0,4,43,2,49,118,0,118,167
09/17/2022,ARA,LA,ASW,CE,Federal Contract Tower,0,0,8,0,8,0,4,27,0,31,0,4,35,0,39,32,0,32,71
09/18/2022,ARA,LA,ASW,CE,Federal Contract Tower,0,0,6,6,12,0,3,20,0,23,0,3,26,6,35,20,0,20,55
09/19/2022,ARA,LA,ASW,CE,Federal Contract Tower,0,0,10,0,10,0,3,23,2,28,0,3,33,2,38,82,0,82,120
09/20/2022,ARA,LA,ASW,CE,Federal Contract Tower,1,0,10,0,11,0,6,35,0,41,1,6,45,0,52,114,0,114,166
09/21/2022,ARA,LA,ASW,CE,Federal Contract Tower,0,0,13,0,13,0,7,36,1,44,0,7,49,1,57,18,0,18,75
09/22/2022,ARA,LA,ASW,CE,Federal Contract Tower,0,0,0,5,5,0,15,34,2,51,0,15,34,7,56,104,0,104,160
09/23/2022,ARA,LA,ASW,CE,Federal Contract Tower,0,0,13,0,13,0,10,32,0,42,0,10,45,0,55,52,0,52,107
09/24/2022,ARA,LA,ASW,CE,Federal Contract Tower,0,0,3,0,3,0,11,25,0,36,0,11,28,0,39,70,0,70,109
09/25/2022,ARA,LA,ASW,CE,Federal Contract Tower,2,0,1,0,3,0,3,26,8,37,2,3,27,8,40,32,8,40,80
09/26/2022,ARA,LA,ASW,CE,Federal Contract Tower,0,0,8,0,8,0,8,26,2,36,0,8,34,2,44,110,0,110,154
09/27/2022,ARA,LA,ASW,CE,Federal Contract Tower,0,1,4,4,9,0,9,33,2,44,0,10,37,6,53,128,0,128,181
09/28/2022,ARA,LA,ASW,CE,Federal Contract Tower,0,0,16,0,16,0,10,34,0,44,0,10,50,0,60,94,0,94,154
09/29/2022,ARA,LA,ASW,CE,Federal Contract Tower,0,0,3,9,12,0,6,30,1,37,0,6,33,10,49,116,0,116,165
09/30/2022,ARA,LA,ASW,CE,Federal Contract Tower,2,0,5,4,11,0,4,48,2,54,2,4,53,6,65,164,4,168,233
10/01/2022,ARA,LA,ASW,CE,Federal Contract Tower,0,0,2,0,2,0,5,25,0,30,0,5,27,0,32,12,0,12,44
10/02/2022,ARA,LA,ASW,CE,Federal Contract Tower,0,0,0,0,0,0,4,15,0,19,0,4,15,0,19,8,0,8,27
10/03/2022,ARA,LA,ASW,CE,Federal Contract Tower,1,2,9,6,18,0,4,25,0,29,1,6,34,6,47,64,0,64,111
10/04/2022,ARA,LA,ASW,CE,Federal Contract Tower,0,1,9,3,13,0,13,30,1,44,0,14,39,4,57,114,0,114,171
10/05/2022,ARA,LA,ASW,CE,Federal Contract Tower,0,1,2,0,3,0,11,36,2,49,0,12,38,2,52,104,0,104,156
10/06/2022,ARA,LA,ASW,CE,Federal Contract Tower,0,7,0,6,13,0,12,31,2,45,0,19,31,8,58,94,0,94,152
10/07/2022,ARA,LA,ASW,CE,Federal Contract Tower,0,3,2,3,8,0,14,38,3,55,0,17,40,6,63,110,8,118,181
10/08/2022,ARA,LA,ASW,CE,Federal Contract Tower,0,4,3,0,7,0,18,8,0,26,0,22,11,0,33,0,0,0,33
10/09/2022,ARA,LA,ASW,CE,Federal Contract Tower,0,4,1,0,5,0,17,12,1,30,0,21,13,1,35,74,0,74,109
10/10/2022,ARA,LA,ASW,CE,Federal Contract Tower,0,3,5,0,8,0,11,31,0,42,0,14,36,0,50,146,0,146,196
10/11/2022,ARA,LA,ASW,CE,Federal Contract Tower,0,0,9,1,10,0,21,40,2,63,0,21,49,3,73,92,0,92,165
10/12/2022,ARA,LA,ASW,CE,Federal Contract Tower,0,2,12,0,14,0,8,31,0,39,0,10,43,0,53,46,0,46,99
10/13/2022,ARA,LA,ASW,CE,Federal Contract Tower,0,3,13,4,20,0,4,51,3,58,0,7,64,7,78,80,10,90,168
10/14/2022,ARA,LA,ASW,CE,Federal Contract Tower,0,1,7,3,11,0,7,48,0,55,0,8,55,3,66,146,0,146,212
10/15/2022,ARA,LA,ASW,CE,Federal Contract Tower,2,1,9,4,16,0,11,46,12,69,2,12,55,16,85,76,0,76,161
10/16/2022,ARA,LA,ASW,CE,Federal Contract Tower,0,2,1,0,3,0,8,15,0,23,0,10,16,0,26,66,0,66,92
10/17/2022,ARA,LA,ASW,CE,Federal Contract Tower,0,2,9,1,12,0,8,17,1,26,0,10,26,2,38,112,0,112,150
10/18/2022,ARA,LA,ASW,CE,Federal Contract Tower,2,1,5,4,12,0,4,24,1,29,2,5,29,5,41,18,0,18,59
10/19/2022,ARA,LA,ASW,CE,Federal Contract Tower,0,0,8,3,11,0,8,27,0,35,0,8,35,3,46,88,0,88,134
10/20/2022,ARA,LA,ASW,CE,Federal Contract Tower,0,0,3,4,7,0,10,23,0,33,0,10,26,4,40,80,0,80,120
10/21/2022,ARA,LA,ASW,CE,Federal Contract Tower,0,0,6,2,8,0,9,32,4,45,0,9,38,6,53,86,0,86,139
10/22/2022,ARA,LA,ASW,CE,Federal Contract Tower,0,0,1,0,1,0,10,20,0,30,0,10,21,0,31,72,0,72,103
10/23/2022,ARA,LA,ASW,CE,Federal Contract Tower,0,2,1,2,5,0,6,18,0,24,0,8,19,2,29,50,0,50,79
10/24/2022,ARA,LA,ASW,CE,Federal Contract Tower,0,0,6,5,11,0,4,19,2,25,0,4,25,7,36,42,4,46,82
10/25/2022,ARA,LA,ASW,CE,Federal Contract Tower,0,2,7,0,9,0,7,8,0,15,0,9,15,0,24,68,0,68,92
10/26/2022,ARA,LA,ASW,CE,Federal Contract Tower,0,0,8,4,12,0,25,43,3,71,0,25,51,7,83,184,4,188,271
10/27/2022,ARA,LA,ASW,CE,Federal Contract Tower,0,0,10,0,10,0,6,41,0,47,0,6,51,0,57,30,0,30,87
10/28/2022,ARA,LA,ASW,CE,Federal Contract Tower,1,2,1,0,4,0,10,23,0,33,1,12,24,0,37,86,0,86,123
10/29/2022,ARA,LA,ASW,CE,Federal Contract Tower,0,1,1,0,2,0,7,6,0,13,0,8,7,0,15,106,0,106,121
10/30/2022,ARA,LA,ASW,CE,Federal Contract Tower,0,2,0,0,2,0,6,17,0,23,0,8,17,0,25,76,0,76,101
10/31/2022,ARA,LA,ASW,CE,Federal Contract Tower,0,1,3,2,6,0,4,30,0,34,0,5,33,2,40,62,0,62,102
11/01/2022,ARA,LA,ASW,CE,Federal Contract Tower,0,3,3,0,6,0,6,54,0,60,0,9,57,0,66,132,0,132,198
11/02/2022,ARA,LA,ASW,CE,Federal Contract Tower,0,0,5,0,5,0,10,40,3,53,0,10,45,3,58,102,0,102,160
11/03/2022,ARA,LA,ASW,CE,Federal Contract Tower,2,0,10,10,22,0,14,43,4,61,2,14,53,14,83,106,8,114,197
11/04/2022,ARA,LA,ASW,CE,Federal Contract Tower,0,2,1,7,10,0,13,18,0,31,0,15,19,7,41,148,0,148,189
11/05/2022,ARA,LA,ASW,CE,Federal Contract Tower,0,0,0,0,0,0,5,17,0,22,0,5,17,0,22,48,0,48,70
11/06/2022,ARA,LA,ASW,CE,Federal Contract Tower,0,1,6,0,7,0,5,14,0,19,0,6,20,0,26,92,0,92,118
11/07/2022,ARA,LA,ASW,CE,Federal Contract Tower,2,2,3,3,10,0,11,21,0,32,2,13,24,3,42,34,0,34,76
11/08/2022,ARA,LA,ASW,CE,Federal Contract Tower,0,1,3,2,6,0,11,25,0,36,0,12,28,2,42,156,4,160,202
11/09/2022,ARA,LA,ASW,CE,Federal Contract Tower,0,1,5,6,12,0,8,29,1,38,0,9,34,7,50,134,2,136,186
11/10/2022,ARA,LA,ASW,CE,Federal Contract Tower,0,0,7,8,15,0,16,47,0,63,0,16,54,8,78,286,0,286,364
11/11/2022,ARA,LA,ASW,CE,Federal Contract Tower,0,1,5,0,6,0,3,26,0,29,0,4,31,0,35,112,0,112,147
11/12/2022,ARA,LA,ASW,CE,Federal Contract Tower,0,1,2,0,3,0,10,4,0,14,0,11,6,0,17,122,0,122,139
11/13/2022,ARA,LA,ASW,CE,Federal Contract Tower,0,0,7,0,7,0,4,16,0,20,0,4,23,0,27,20,0,20,47
11/14/2022,ARA,LA,ASW,CE,Federal Contract Tower,0,0,3,0,3,0,7,14,0,21,0,7,17,0,24,68,0,68,92
11/15/2022,ARA,LA,ASW,CE,Federal Contract Tower,0,4,7,2,13,0,4,13,0,17,0,8,20,2,30,130,0,130,160
11/16/2022,ARA,LA,ASW,CE,Federal Contract Tower,0,0,14,0,14,0,2,43,0,45,0,2,57,0,59,70,0,70,129
11/17/2022,ARA,LA,ASW,CE,Federal Contract Tower,0,0,3,14,17,0,5,32,0,37,0,5,35,14,54,120,2,122,176
11/18/2022,ARA,LA,ASW,CE,Federal Contract Tower,0,0,7,2,9,0,6,50,1,57,0,6,57,3,66,110,6,116,182
11/19/2022,ARA,LA,ASW,CE,Federal Contract Tower,0,1,0,0,1,0,10,2,0,12,0,11,2,0,13,50,0,50,63
11/20/2022,ARA,LA,ASW,CE,Federal Contract Tower,0,0,3,2,5,0,3,22,0,25,0,3,25,2,30,60,0,60,90
11/21/2022,ARA,LA,ASW,CE,Federal Contract Tower,0,0,2,0,2,0,1,21,0,22,0,1,23,0,24,32,0,32,56
11/22/2022,ARA,LA,ASW,CE,Federal Contract Tower,0,2,13,2,17,0,10,19,0,29,0,12,32,2,46,110,6,116,162
11/23/2022,ARA,LA,ASW,CE,Federal Contract Tower,2,0,8,2,12,0,14,38,0,52,2,14,46,2,64,140,0,140,204
11/24/2022,ARA,LA,ASW,CE,Federal Contract Tower,0,0,0,0,0,0,3,5,0,8,0,3,5,0,8,4,0,4,12
11/25/2022,ARA,LA,ASW,CE,Federal Contract Tower,0,6,6,2,14,0,0,0,0,0,0,6,6,2,14,0,0,0,14
11/26/2022,ARA,LA,ASW,CE,Federal Contract Tower,0,3,1,0,4,0,1,0,0,1,0,4,1,0,5,0,0,0,5
11/27/2022,ARA,LA,ASW,CE,Federal Contract Tower,0,0,2,0,2,0,14,15,0,29,0,14,17,0,31,30,0,30,61
11/28/2022,ARA,LA,ASW,CE,Federal Contract Tower,0,1,6,0,7,0,16,27,0,43,0,17,33,0,50,78,0,78,128
11/29/2022,ARA,LA,ASW,CE,Federal Contract Tower,1,2,6,0,9,0,1,4,0,5,1,3,10,0,14,16,0,16,30
11/30/2022,ARA,LA,ASW,CE,Federal Contract Tower,0,4,7,0,11,0,18,23,0,41,0,22,30,0,52,48,0,48,100
12/01/2022,ARA,LA,ASW,CE,Federal Contract Tower,0,0,8,4,12,0,12,35,0,47,0,12,43,4,59,120,0,120,179
12/02/2022,ARA,LA,ASW,CE,Federal Contract Tower,0,0,4,18,22,0,12,36,4,52,0,12,40,22,74,86,10,96,170
12/03/2022,ARA,LA,ASW,CE,Federal Contract Tower,0,2,4,0,6,0,5,6,0,11,0,7,10,0,17,22,0,22,39
12/04/2022,ARA,LA,ASW,CE,Federal Contract Tower,0,2,3,0,5,0,9,19,0,28,0,11,22,0,33,126,0,126,159
12/05/2022,ARA,LA,ASW,CE,Federal Contract Tower,0,1,4,5,10,0,9,17,0,26,0,10,21,5,36,210,0,210,246
12/06/2022,ARA,LA,ASW,CE,Federal Contract Tower,1,1,5,11,18,0,20,23,3,46,1,21,28,14,64,130,6,136,200
12/07/2022,ARA,LA,ASW,CE,Federal Contract Tower,0,1,5,1,7,0,20,33,0,53,0,21,38,1,60,204,0,204,264
12/08/2022,ARA,LA,ASW,CE,Federal Contract Tower,0,1,5,0,6,0,3,21,0,24,0,4,26,0,30,98,0,98,128
12/09/2022,ARA,LA,ASW,CE,Federal Contract Tower,0,2,13,0,15,0,4,9,0,13,0,6,22,0,28,62,0,62,90
12/11/2022,ARA,LA,ASW,CE,Federal Contract Tower,0,2,0,0,2,0,6,7,0,13,0,8,7,0,15,56,8,64,79
12/12/2022,ARA,LA,ASW,CE,Federal Contract Tower,0,1,3,0,4,0,12,10,0,22,0,13,13,0,26,84,0,84,110
12/13/2022,ARA,LA,ASW,CE,Federal Contract Tower,0,6,4,2,12,0,15,5,0,20,0,21,9,2,32,94,0,94,126
12/14/2022,ARA,LA,ASW,CE,Federal Contract Tower,0,0,2,0,2,0,0,0,0,0,0,0,2,0,2,0,0,0,2
12/15/2022,ARA,LA,ASW,CE,Federal Contract Tower,0,5,17,6,28,0,10,22,6,38,0,15,39,12,66,98,6,104,170
12/16/2022,ARA,LA,ASW,CE,Federal Contract Tower,0,0,3,0,3,0,17,40,0,57,0,17,43,0,60,106,0,106,166
12/17/2022,ARA,LA,ASW,CE,Federal Contract Tower,0,1,3,0,4,0,18,22,0,40,0,19,25,0,44,172,0,172,216
12/18/2022,ARA,LA,ASW,CE,Federal Contract Tower,0,2,3,0,5,0,7,25,0,32,0,9,28,0,37,50,0,50,87
12/19/2022,ARA,LA,ASW,CE,Federal Contract Tower,0,1,3,0,4,0,8,29,0,37,0,9,32,0,41,90,0,90,131
12/20/2022,ARA,LA,ASW,CE,Federal Contract Tower,0,7,4,3,14,0,1,1,0,2,0,8,5,3,16,0,0,0,16
12/21/2022,ARA,LA,ASW,CE,Federal Contract Tower,0,6,8,2,16,0,0,0,0,0,0,6,8,2,16,26,0,26,42
12/22/2022,ARA,LA,ASW,CE,Federal Contract Tower,0,5,10,1,16,0,12,3,0,15,0,17,13,1,31,80,0,80,111
12/23/2022,ARA,LA,ASW,CE,Federal Contract Tower,0,0,2,0,2,0,10,7,0,17,0,10,9,0,19,54,0,54,73
12/24/2022,ARA,LA,ASW,CE,Federal Contract Tower,0,0,0,0,0,0,6,6,0,12,0,6,6,0,12,2,0,2,14
12/25/2022,ARA,LA,ASW,CE,Federal Contract Tower,0,0,0,0,0,0,2,7,0,9,0,2,7,0,9,0,0,0,9
12/26/2022,ARA,LA,ASW,CE,Federal Contract Tower,0,0,3,0,3,0,5,16,0,21,0,5,19,0,24,26,0,26,50
12/27/2022,ARA,LA,ASW,CE,Federal Contract Tower,1,0,1,0,2,0,3,21,0,24,1,3,22,0,26,44,0,44,70
12/28/2022,ARA,LA,ASW,CE,Federal Contract Tower,0,1,5,6,12,0,8,38,10,56,0,9,43,16,68,90,36,126,194
12/29/2022,ARA,LA,ASW,CE,Federal Contract Tower,0,1,3,1,5,0,8,27,1,36,0,9,30,2,41,82,0,82,123
12/30/2022,ARA,LA,ASW,CE,Federal Contract Tower,0,0,6,0,6,0,0,0,0,0,0,0,6,0,6,0,0,0,6
12/31/2022,ARA,LA,ASW,CE,Federal Contract Tower,0,1,3,0,4,0,2,9,0,11,0,3,12,0,15,0,0,0,15
01/01/2023,ARA,LA,ASW,CE,Federal Contract Tower,0,1,1,0,2,0,0,0,0,0,0,1,1,0,2,0,0,0,2
01/02/2023,ARA,LA,ASW,CE,Federal Contract Tower,0,6,7,0,13,0,2,2,0,4,0,8,9,0,17,0,0,0,17
01/03/2023,ARA,LA,ASW,CE,Federal Contract Tower,0,2,2,0,4,0,0,0,0,0,0,2,2,0,4,0,0,0,4
01/04/2023,ARA,LA,ASW,CE,Federal Contract Tower,2,2,4,0,8,0,8,38,4,50,2,10,42,4,58,120,0,120,178
01/05/2023,ARA,LA,ASW,CE,Federal Contract Tower,0,0,6,4,10,0,4,34,2,40,0,4,40,6,50,66,2,68,118
01/06/2023,ARA,LA,ASW,CE,Federal Contract Tower,0,3,4,2,9,0,3,46,2,51,0,6,50,4,60,50,2,52,112
01/07/2023,ARA,LA,ASW,CE,Federal Contract Tower,0,0,10,0,10,0,0,17,0,17,0,0,27,0,27,28,0,28,55
01/08/2023,ARA,LA,ASW,CE,Federal Contract Tower,0,0,1,0,1,0,0,4,0,4,0,0,5,0,5,4,0,4,9
01/09/2023,ARA,LA,ASW,CE,Federal Contract Tower,0,0,2,0,2,0,1,24,0,25,0,1,26,0,27,40,0,40,67
01/10/2023,ARA,LA,ASW,CE,Federal Contract Tower,1,0,5,5,11,0,2,22,2,26,1,2,27,7,37,82,0,82,119
01/11/2023,ARA,LA,ASW,CE,Federal Contract Tower,0,0,6,4,10,0,4,7,5,16,0,4,13,9,26,40,0,40,66
01/12/2023,ARA,LA,ASW,CE,Federal Contract Tower,0,0,5,5,10,0,7,23,1,31,0,7,28,6,41,44,0,44,85
01/13/2023,ARA,LA,ASW,CE,Federal Contract Tower,0,0,7,3,10,0,0,20,1,21,0,0,27,4,31,88,0,88,119
01/14/2023,ARA,LA,ASW,CE,Federal Contract Tower,0,0,5,0,5,0,6,27,0,33,0,6,32,0,38,66,0,66,104
01/15/2023,ARA,LA,ASW,CE,Federal Contract Tower,0,0,5,0,5,0,2,11,0,13,0,2,16,0,18,26,0,26,44
01/16/2023,ARA,LA,ASW,CE,Federal Contract Tower,1,0,3,0,4,0,0,20,0,20,1,0,23,0,24,24,0,24,48
01/17/2023,ARA,LA,ASW,CE,Federal Contract Tower,0,2,19,2,23,0,3,14,2,19,0,5,33,4,42,70,0,70,112
01/18/2023,ARA,LA,ASW,CE,Federal Contract Tower,0,0,4,0,4,0,4,5,0,9,0,4,9,0,13,46,0,46,59
01/19/2023,ARA,LA,ASW,CE,Federal Contract Tower,0,0,8,11,19,0,1,44,3,48,0,1,52,14,67,132,0,132,199
01/20/2023,ARA,LA,ASW,CE,Federal Contract Tower,0,0,7,15,22,0,2,34,3,39,0,2,41,18,61,80,0,80,141
01/21/2023,ARA,LA,ASW,CE,Federal Contract Tower,0,0,2,0,2,0,0,0,0,0,0,0,2,0,2,0,0,0,2
01/22/2023,ARA,LA,ASW,CE,Federal Contract Tower,0,0,2,0,2,0,2,11,0,13,0,2,13,0,15,30,0,30,45
01/23/2023,ARA,LA,ASW,CE,Federal Contract Tower,0,0,11,2,13,0,2,36,0,38,0,2,47,2,51,76,0,76,127
01/24/2023,ARA,LA,ASW,CE,Federal Contract Tower,0,0,0,2,2,0,0,4,0,4,0,0,4,2,6,0,0,0,6
01/25/2023,ARA,LA,ASW,CE,Federal Contract Tower,0,1,2,6,9,0,0,39,1,40,0,1,41,7,49,56,0,56,105
01/26/2023,ARA,LA,ASW,CE,Federal Contract Tower,0,1,13,2,16,0,2,33,0,35,0,3,46,2,51,72,0,72,123
01/27/2023,ARA,LA,ASW,CE,Federal Contract Tower,0,0,5,0,5,0,0,52,0,52,0,0,57,0,57,188,0,188,245
01/28/2023,ARA,LA,ASW,CE,Federal Contract Tower,0,1,2,0,3,0,1,21,0,22,0,2,23,0,25,20,0,20,45
01/29/2023,ARA,LA,ASW,CE,Federal Contract Tower,0,0,0,0,0,0,0,0,0,0,0,0,0,0,0,0,0,0,0
01/30/2023,ARA,LA,ASW,CE,Federal Contract Tower,0,0,3,0,3,0,0,0,0,0,0,0,3,0,3,0,0,0,3
01/31/2023,ARA,LA,ASW,CE,Federal Contract Tower,0,0,4,0,4,0,0,0,0,0,0,0,4,0,4,0,0,0,4
02/01/2023,ARA,LA,ASW,CE,Federal Contract Tower,0,0,8,0,8,0,0,0,0,0,0,0,8,0,8,0,0,0,8
02/02/2023,ARA,LA,ASW,CE,Federal Contract Tower,0,0,4,0,4,0,0,0,0,0,0,0,4,0,4,0,0,0,4
02/03/2023,ARA,LA,ASW,CE,Federal Contract Tower,0,0,6,5,11,0,15,64,1,80,0,15,70,6,91,188,0,188,279
02/04/2023,ARA,LA,ASW,CE,Federal Contract Tower,1,0,5,0,6,0,6,45,0,51,1,6,50,0,57,74,0,74,131
02/05/2023,ARA,LA,ASW,CE,Federal Contract Tower,0,0,3,0,3,0,1,40,16,57,0,1,43,16,60,46,0,46,106
02/06/2023,ARA,LA,ASW,CE,Federal Contract Tower,0,0,4,3,7,0,3,31,3,37,0,3,35,6,44,190,0,190,234
02/07/2023,ARA,LA,ASW,CE,Federal Contract Tower,0,1,2,3,6,0,7,44,0,51,0,8,46,3,57,154,0,154,211
02/08/2023,ARA,LA,ASW,CE,Federal Contract Tower,0,1,7,2,10,0,0,2,0,2,0,1,9,2,12,20,0,20,32
02/09/2023,ARA,LA,ASW,CE,Federal Contract Tower,0,1,5,6,12,0,4,26,1,31,0,5,31,7,43,100,6,106,149
02/10/2023,ARA,LA,ASW,CE,Federal Contract Tower,0,0,4,22,26,0,2,31,7,40,0,2,35,29,66,106,0,106,172
02/11/2023,ARA,LA,ASW,CE,Federal Contract Tower,0,0,4,0,4,0,0,4,2,6,0,0,8,2,10,70,0,70,80
02/12/2023,ARA,LA,ASW,CE,Federal Contract Tower,0,0,3,0,3,0,4,30,0,34,0,4,33,0,37,112,0,112,149
02/13/2023,ARA,LA,ASW,CE,Federal Contract Tower,2,2,3,0,7,0,1,23,0,24,2,3,26,0,31,98,0,98,129
02/14/2023,ARA,LA,ASW,CE,Federal Contract Tower,0,0,1,0,1,0,4,7,0,11,0,4,8,0,12,26,0,26,38
02/15/2023,ARA,LA,ASW,CE,Federal Contract Tower,0,0,4,0,4,0,0,9,0,9,0,0,13,0,13,22,0,22,35
02/16/2023,ARA,LA,ASW,CE,Federal Contract Tower,0,0,2,0,2,0,0,0,0,0,0,0,2,0,2,0,0,0,2
02/17/2023,ARA,LA,ASW,CE,Federal Contract Tower,0,0,4,2,6,0,3,19,0,22,0,3,23,2,28,164,0,164,192
02/18/2023,ARA,LA,ASW,CE,Federal Contract Tower,0,0,0,0,0,0,0,12,0,12,0,0,12,0,12,32,0,32,44
02/19/2023,ARA,LA,ASW,CE,Federal Contract Tower,0,0,4,0,4,0,0,23,0,23,0,0,27,0,27,12,0,12,39
02/20/2023,ARA,LA,ASW,CE,Federal Contract Tower,0,0,11,2,13,0,0,9,0,9,0,0,20,2,22,6,0,6,28
02/21/2023,ARA,LA,ASW,CE,Federal Contract Tower,0,0,5,0,5,0,0,11,0,11,0,0,16,0,16,12,0,12,28
02/22/2023,ARA,LA,ASW,CE,Federal Contract Tower,0,0,6,4,10,0,2,11,0,13,0,2,17,4,23,42,0,42,65
02/23/2023,ARA,LA,ASW,CE,Federal Contract Tower,1,0,7,1,9,0,2,27,1,30,1,2,34,2,39,78,0,78,117
02/24/2023,ARA,LA,ASW,CE,Federal Contract Tower,0,0,4,10,14,0,2,20,1,23,0,2,24,11,37,118,2,120,157
02/25/2023,ARA,LA,ASW,CE,Federal Contract Tower,0,0,1,0,1,0,2,18,0,20,0,2,19,0,21,84,0,84,105
02/26/2023,ARA,LA,ASW,CE,Federal Contract Tower,0,0,1,0,1,0,3,35,0,38,0,3,36,0,39,78,0,78,117
02/27/2023,ARA,LA,ASW,CE,Federal Contract Tower,0,0,7,4,11,0,2,15,2,19,0,2,22,6,30,90,0,90,120
02/28/2023,ARA,LA,ASW,CE,Federal Contract Tower,0,0,4,6,10,0,2,44,0,46,0,2,48,6,56,140,0,140,196
03/01/2023,ARA,LA,ASW,CE,Federal Contract Tower,0,0,5,3,8,0,0,28,0,28,0,0,33,3,36,96,0,96,132
03/02/2023,ARA,LA,ASW,CE,Federal Contract Tower,0,0,3,2,5,0,5,20,5,30,0,5,23,7,35,102,18,120,155
03/03/2023,ARA,LA,ASW,CE,Federal Contract Tower,0,0,1,17,18,0,0,23,2,25,0,0,24,19,43,22,6,28,71
03/04/2023,ARA,LA,ASW,CE,Federal Contract Tower,2,0,4,0,6,0,3,30,0,33,2,3,34,0,39,70,0,70,109
03/05/2023,ARA,LA,ASW,CE,Federal Contract Tower,0,0,4,0,4,0,2,17,0,19,0,2,21,0,23,14,0,14,37
03/06/2023,ARA,LA,ASW,CE,Federal Contract Tower,0,0,6,4,10,0,6,21,0,27,0,6,27,4,37,90,0,90,127
03/07/2023,ARA,LA,ASW,CE,Federal Contract Tower,0,0,6,1,7,0,5,39,0,44,0,5,45,1,51,150,0,150,201
03/08/2023,ARA,LA,ASW,CE,Federal Contract Tower,0,1,10,5,16,0,2,42,0,44,0,3,52,5,60,132,6,138,198
03/09/2023,ARA,LA,ASW,CE,Federal Contract Tower,0,0,12,1,13,0,2,34,4,40,0,2,46,5,53,78,0,78,131
03/10/2023,ARA,LA,ASW,CE,Federal Contract Tower,0,0,5,0,5,0,2,20,0,22,0,2,25,0,27,64,0,64,91
03/11/2023,ARA,LA,ASW,CE,Federal Contract Tower,2,0,1,0,3,0,0,8,1,9,2,0,9,1,12,34,0,34,46
03/12/2023,ARA,LA,ASW,CE,Federal Contract Tower,0,0,11,0,11,0,0,12,0,12,0,0,23,0,23,30,0,30,53
03/13/2023,ARA,LA,ASW,CE,Federal Contract Tower,2,0,6,9,17,0,1,20,0,21,2,1,26,9,38,34,0,34,72
03/14/2023,ARA,LA,ASW,CE,Federal Contract Tower,0,0,9,6,15,0,2,50,0,52,0,2,59,6,67,78,0,78,145
03/15/2023,ARA,LA,ASW,CE,Federal Contract Tower,1,0,8,5,14,0,6,62,2,70,1,6,70,7,84,132,0,132,216
03/16/2023,ARA,LA,ASW,CE,Federal Contract Tower,0,0,7,8,15,0,3,33,0,36,0,3,40,8,51,66,0,66,117
03/17/2023,ARA,LA,ASW,CE,Federal Contract Tower,0,0,6,0,6,0,0,0,0,0,0,0,6,0,6,16,0,16,22
03/18/2023,ARA,LA,ASW,CE,Federal Contract Tower,1,0,0,7,8,0,2,9,0,11,1,2,9,7,19,32,0,32,51
03/19/2023,ARA,LA,ASW,CE,Federal Contract Tower,0,0,4,2,6,0,4,15,0,19,0,4,19,2,25,30,0,30,55
03/20/2023,ARA,LA,ASW,CE,Federal Contract Tower,0,0,2,0,2,0,0,45,0,45,0,0,47,0,47,106,0,106,153
03/21/2023,ARA,LA,ASW,CE,Federal Contract Tower,0,0,5,8,13,0,1,41,3,45,0,1,46,11,58,80,2,82,140
03/22/2023,ARA,LA,ASW,CE,Federal Contract Tower,0,0,8,10,18,0,7,38,0,45,0,7,46,10,63,100,0,100,163
03/23/2023,ARA,LA,ASW,CE,Federal Contract Tower,0,0,2,1,3,0,0,12,1,13,0,0,14,2,16,0,0,0,16
03/24/2023,ARA,LA,ASW,CE,Federal Contract Tower,0,0,3,0,3,0,0,7,0,7,0,0,10,0,10,0,0,0,10
03/25/2023,ARA,LA,ASW,CE,Federal Contract Tower,0,0,2,0,2,0,2,45,1,48,0,2,47,1,50,84,0,84,134
03/26/2023,ARA,LA,ASW,CE,Federal Contract Tower,0,0,2,1,3,0,0,6,2,8,0,0,8,3,11,14,0,14,25
03/27/2023,ARA,LA,ASW,CE,Federal Contract Tower,2,0,3,0,5,0,2,26,0,28,2,2,29,0,33,38,0,38,71
03/28/2023,ARA,LA,ASW,CE,Federal Contract Tower,2,2,1,1,6,0,3,33,2,38,2,5,34,3,44,144,0,144,188
03/29/2023,ARA,LA,ASW,CE,Federal Contract Tower,0,0,4,6,10,0,1,58,1,60,0,1,62,7,70,160,2,162,232
03/30/2023,ARA,LA,ASW,CE,Federal Contract Tower,0,0,9,17,26,0,2,35,7,44,0,2,44,24,70,164,10,174,244
03/31/2023,ARA,LA,ASW,CE,Federal Contract Tower,0,0,2,6,8,0,7,21,2,30,0,7,23,8,38,92,0,92,130
04/01/2023,ARA,LA,ASW,CE,Federal Contract Tower,0,3,6,0,9,0,0,20,0,20,0,3,26,0,29,66,0,66,95
04/02/2023,ARA,LA,ASW,CE,Federal Contract Tower,0,1,1,2,4,0,2,10,0,12,0,3,11,2,16,30,0,30,46
04/03/2023,ARA,LA,ASW,CE,Federal Contract Tower,0,0,5,13,18,0,4,12,2,18,0,4,17,15,36,26,0,26,62
04/04/2023,ARA,LA,ASW,CE,Federal Contract Tower,0,0,2,9,11,0,0,6,3,9,0,0,8,12,20,46,0,46,66
04/05/2023,ARA,LA,ASW,CE,Federal Contract Tower,2,0,7,0,9,0,5,11,4,20,2,5,18,4,29,70,0,70,99
04/06/2023,ARA,LA,ASW,CE,Federal Contract Tower,1,1,4,1,7,0,0,19,1,20,1,1,23,2,27,36,0,36,63
04/07/2023,ARA,LA,ASW,CE,Federal Contract Tower,0,0,1,0,1,0,0,2,0,2,0,0,3,0,3,8,0,8,11
04/08/2023,ARA,LA,ASW,CE,Federal Contract Tower,1,0,3,0,4,0,1,1,0,2,1,1,4,0,6,44,0,44,50
04/09/2023,ARA,LA,ASW,CE,Federal Contract Tower,0,0,0,0,0,0,13,1,0,14,0,13,1,0,14,144,0,144,158
04/10/2023,ARA,LA,ASW,CE,Federal Contract Tower,0,5,8,0,13,0,8,43,0,51,0,13,51,0,64,80,0,80,144
04/11/2023,ARA,LA,ASW,CE,Federal Contract Tower,0,0,9,5,14,0,0,38,0,38,0,0,47,5,52,146,2,148,200
04/12/2023,ARA,LA,ASW,CE,Federal Contract Tower,3,0,7,2,12,1,0,26,2,29,4,0,33,4,41,30,8,38,79
04/13/2023,ARA,LA,ASW,CE,Federal Contract Tower,0,1,2,6,9,0,6,54,1,61,0,7,56,7,70,96,0,96,166
04/14/2023,ARA,LA,ASW,CE,Federal Contract Tower,2,1,12,9,24,0,1,60,3,64,2,2,72,12,88,140,0,140,228
04/15/2023,ARA,LA,ASW,CE,Federal Contract Tower,2,0,0,0,2,0,2,4,0,6,2,2,4,0,8,24,0,24,32
04/16/2023,ARA,LA,ASW,CE,Federal Contract Tower,0,0,5,0,5,0,2,13,0,15,0,2,18,0,20,62,0,62,82
04/17/2023,ARA,LA,ASW,CE,Federal Contract Tower,0,0,4,8,12,0,0,42,2,44,0,0,46,10,56,124,2,126,182
04/18/2023,ARA,LA,ASW,CE,Federal Contract Tower,0,0,6,3,9,0,3,27,0,30,0,3,33,3,39,60,0,60,99
04/19/2023,ARA,LA,ASW,CE,Federal Contract Tower,0,2,11,0,13,0,8,57,2,67,0,10,68,2,80,168,0,168,248
04/20/2023,ARA,LA,ASW,CE,Federal Contract Tower,0,4,6,2,12,0,4,44,0,48,0,8,50,2,60,92,0,92,152
04/21/2023,ARA,LA,ASW,CE,Federal Contract Tower,0,0,0,0,0,0,0,8,0,8,0,0,8,0,8,28,0,28,36
04/22/2023,ARA,LA,ASW,CE,Federal Contract Tower,0,0,3,4,7,0,4,36,1,41,0,4,39,5,48,56,0,56,104
04/23/2023,ARA,LA,ASW,CE,Federal Contract Tower,0,0,10,2,12,0,2,23,1,26,0,2,33,3,38,52,0,52,90
04/24/2023,ARA,LA,ASW,CE,Federal Contract Tower,0,0,4,0,4,0,1,20,0,21,0,1,24,0,25,62,0,62,87
04/25/2023,ARA,LA,ASW,CE,Federal Contract Tower,2,0,5,1,8,0,1,34,2,37,2,1,39,3,45,32,0,32,77
04/26/2023,ARA,LA,ASW,CE,Federal Contract Tower,0,0,3,2,5,0,2,25,4,31,0,2,28,6,36,42,0,42,78
04/27/2023,ARA,LA,ASW,CE,Federal Contract Tower,0,5,4,0,9,0,9,18,2,29,0,14,22,2,38,74,0,74,112
04/28/2023,ARA,LA,ASW,CE,Federal Contract Tower,0,0,5,4,9,0,0,62,0,62,0,0,67,4,71,84,0,84,155
04/29/2023,ARA,LA,ASW,CE,Federal Contract Tower,0,0,0,0,0,0,3,2,0,5,0,3,2,0,5,0,0,0,5
04/30/2023,ARA,LA,ASW,CE,Federal Contract Tower,0,0,5,3,8,0,0,21,3,24,0,0,26,6,32,10,0,10,42
05/01/2023,ARA,LA,ASW,CE,Federal Contract Tower,0,0,9,12,21,0,2,30,0,32,0,2,39,12,53,169,0,169,222
05/02/2023,ARA,LA,ASW,CE,Federal Contract Tower,0,2,5,8,15,0,0,58,0,58,0,2,63,8,73,88,0,88,161
05/03/2023,ARA,LA,ASW,CE,Federal Contract Tower,0,0,8,5,13,0,4,37,4,45,0,4,45,9,58,118,10,128,186
05/04/2023,ARA,LA,ASW,CE,Federal Contract Tower,3,1,7,5,16,0,4,34,1,39,3,5,41,6,55,76,0,76,131
05/05/2023,ARA,LA,ASW,CE,Federal Contract Tower,0,0,1,0,1,0,6,15,0,21,0,6,16,0,22,72,0,72,94
05/06/2023,ARA,LA,ASW,CE,Federal Contract Tower,0,0,6,0,6,0,2,5,0,7,0,2,11,0,13,30,0,30,43
05/07/2023,ARA,LA,ASW,CE,Federal Contract Tower,0,0,9,2,11,0,2,13,0,15,0,2,22,2,26,22,0,22,48
05/08/2023,ARA,LA,ASW,CE,Federal Contract Tower,0,2,7,0,9,0,0,27,0,27,0,2,34,0,36,214,0,214,250
05/09/2023,ARA,LA,ASW,CE,Federal Contract Tower,0,0,3,0,3,0,2,10,0,12,0,2,13,0,15,44,0,44,59
05/10/2023,ARA,LA,ASW,CE,Federal Contract Tower,0,0,8,0,8,0,6,43,0,49,0,6,51,0,57,90,0,90,147
05/11/2023,ARA,LA,ASW,CE,Federal Contract Tower,0,0,5,7,12,0,3,38,1,42,0,3,43,8,54,110,8,118,172
05/12/2023,ARA,LA,ASW,CE,Federal Contract Tower,0,0,3,7,10,0,2,34,2,38,0,2,37,9,48,70,0,70,118
05/13/2023,ARA,LA,ASW,CE,Federal Contract Tower,2,0,6,0,8,0,0,38,0,38,2,0,44,0,46,54,0,54,100
05/14/2023,ARA,LA,ASW,CE,Federal Contract Tower,0,0,5,0,5,0,3,10,0,13,0,3,15,0,18,12,0,12,30
05/15/2023,ARA,LA,ASW,CE,Federal Contract Tower,0,0,6,1,7,0,10,23,0,33,0,10,29,1,40,108,0,108,148
05/16/2023,ARA,LA,ASW,CE,Federal Contract Tower,0,0,7,5,12,0,2,34,1,37,0,2,41,6,49,98,0,98,147
05/17/2023,ARA,LA,ASW,CE,Federal Contract Tower,0,0,8,4,12,0,5,32,0,37,0,5,40,4,49,88,4,92,141
05/18/2023,ARA,LA,ASW,CE,Federal Contract Tower,0,0,3,8,11,0,2,38,0,40,0,2,41,8,51,56,0,56,107
05/19/2023,ARA,LA,ASW,CE,Federal Contract Tower,0,0,6,11,17,0,1,46,4,51,0,1,52,15,68,126,18,144,212
05/20/2023,ARA,LA,ASW,CE,Federal Contract Tower,0,0,2,0,2,0,6,5,2,13,0,6,7,2,15,20,0,20,35
05/21/2023,ARA,LA,ASW,CE,Federal Contract Tower,4,0,3,4,11,0,0,21,0,21,4,0,24,4,32,42,0,42,74
05/22/2023,ARA,LA,ASW,CE,Federal Contract Tower,2,0,8,8,18,0,2,46,1,49,2,2,54,9,67,182,0,182,249
05/23/2023,ARA,LA,ASW,CE,Federal Contract Tower,0,0,14,2,16,0,1,44,0,45,0,1,58,2,61,72,0,72,133
05/24/2023,ARA,LA,ASW,CE,Federal Contract Tower,4,0,3,2,9,0,2,29,0,31,4,2,32,2,40,78,0,78,118
05/25/2023,ARA,LA,ASW,CE,Federal Contract Tower,0,0,7,12,19,0,4,49,1,54,0,4,56,13,73,96,2,98,171
05/26/2023,ARA,LA,ASW,CE,Federal Contract Tower,0,0,6,2,8,0,2,29,1,32,0,2,35,3,40,64,0,64,104
05/27/2023,ARA,LA,ASW,CE,Federal Contract Tower,0,0,8,0,8,0,0,23,0,23,0,0,31,0,31,36,0,36,67
05/28/2023,ARA,LA,ASW,CE,Federal Contract Tower,0,0,2,0,2,0,2,8,0,10,0,2,10,0,12,14,0,14,26
05/29/2023,ARA,LA,ASW,CE,Federal Contract Tower,0,0,9,0,9,0,0,26,0,26,0,0,35,0,35,42,0,42,77
05/30/2023,ARA,LA,ASW,CE,Federal Contract Tower,0,0,4,7,11,0,0,62,0,62,0,0,66,7,73,118,0,118,191
05/31/2023,ARA,LA,ASW,CE,Federal Contract Tower,0,0,10,3,13,0,5,33,2,40,0,5,43,5,53,52,6,58,111
06/01/2023,ARA,LA,ASW,CE,Federal Contract Tower,0,0,2,0,2,0,5,27,0,32,0,5,29,0,34,34,0,34,68
06/02/2023,ARA,LA,ASW,CE,Federal Contract Tower,0,0,13,4,17,0,2,51,0,53,0,2,64,4,70,132,0,132,202
06/03/2023,ARA,LA,ASW,CE,Federal Contract Tower,2,0,3,2,7,0,4,36,0,40,2,4,39,2,47,138,0,138,185
06/04/2023,ARA,LA,ASW,CE,Federal Contract Tower,0,0,2,4,6,0,0,13,0,13,0,0,15,4,19,24,8,32,51
06/05/2023,ARA,LA,ASW,CE,Federal Contract Tower,0,0,7,0,7,0,0,19,0,19,0,0,26,0,26,26,0,26,52
06/06/2023,ARA,LA,ASW,CE,Federal Contract Tower,0,0,2,1,3,0,2,21,0,23,0,2,23,1,26,12,0,12,38
06/07/2023,ARA,LA,ASW,CE,Federal Contract Tower,0,0,4,2,6,0,0,33,3,36,0,0,37,5,42,54,14,68,110
06/08/2023,ARA,LA,ASW,CE,Federal Contract Tower,0,0,9,4,13,0,0,25,0,25,0,0,34,4,38,6,0,6,44
06/09/2023,ARA,LA,ASW,CE,Federal Contract Tower,0,0,1,5,6,0,2,32,1,35,0,2,33,6,41,78,0,78,119
06/10/2023,ARA,LA,ASW,CE,Federal Contract Tower,0,0,2,0,2,0,0,34,0,34,0,0,36,0,36,46,0,46,82
06/11/2023,ARA,LA,ASW,CE,Federal Contract Tower,0,0,0,4,4,0,0,23,0,23,0,0,23,4,27,108,0,108,135
06/12/2023,ARA,LA,ASW,CE,Federal Contract Tower,0,1,3,4,8,0,1,38,2,41,0,2,41,6,49,126,0,126,175
06/13/2023,ARA,LA,ASW,CE,Federal Contract Tower,0,0,4,5,9,0,2,55,1,58,0,2,59,6,67,32,4,36,103
06/14/2023,ARA,LA,ASW,CE,Federal Contract Tower,0,0,6,0,6,0,3,25,0,28,0,3,31,0,34,34,0,34,68
06/15/2023,ARA,LA,ASW,CE,Federal Contract Tower,0,0,5,11,16,0,1,30,0,31,0,1,35,11,47,42,14,56,103
06/16/2023,ARA,LA,ASW,CE,Federal Contract Tower,1,1,6,2,10,0,0,42,0,42,1,1,48,2,52,30,0,30,82
06/17/2023,ARA,LA,ASW,CE,Federal Contract Tower,0,0,4,0,4,0,7,21,0,28,0,7,25,0,32,112,0,112,144
06/18/2023,ARA,LA,ASW,CE,Federal Contract Tower,0,0,1,0,1,0,0,7,0,7,0,0,8,0,8,6,0,6,14
06/19/2023,ARA,LA,ASW,CE,Federal Contract Tower,0,0,6,0,6,0,0,9,0,9,0,0,15,0,15,34,0,34,49
06/20/2023,ARA,LA,ASW,CE,Federal Contract Tower,0,0,8,0,8,0,2,21,0,23,0,2,29,0,31,44,0,44,75
06/21/2023,ARA,LA,ASW,CE,Federal Contract Tower,0,0,9,0,9,0,2,10,2,14,0,2,19,2,23,6,0,6,29
06/22/2023,ARA,LA,ASW,CE,Federal Contract Tower,0,1,4,2,7,0,0,34,0,34,0,1,38,2,41,32,0,32,73
06/23/2023,ARA,LA,ASW,CE,Federal Contract Tower,0,0,2,0,2,0,0,20,0,20,0,0,22,0,22,12,0,12,34
06/24/2023,ARA,LA,ASW,CE,Federal Contract Tower,0,0,5,0,5,0,4,18,0,22,0,4,23,0,27,36,0,36,63
06/25/2023,ARA,LA,ASW,CE,Federal Contract Tower,0,0,1,10,11,0,4,25,0,29,0,4,26,10,40,72,10,82,122
06/26/2023,ARA,LA,ASW,CE,Federal Contract Tower,0,0,5,4,9,0,3,23,0,26,0,3,28,4,35,78,6,84,119
06/27/2023,ARA,LA,ASW,CE,Federal Contract Tower,0,1,4,5,10,0,7,36,0,43,0,8,40,5,53,140,0,140,193
06/28/2023,ARA,LA,ASW,CE,Federal Contract Tower,0,0,4,0,4,0,6,61,4,71,0,6,65,4,75,96,0,96,171
06/29/2023,ARA,LA,ASW,CE,Federal Contract Tower,2,0,6,13,21,0,0,57,2,59,2,0,63,15,80,76,18,94,174
06/30/2023,ARA,LA,ASW,CE,Federal Contract Tower,1,0,7,0,8,0,1,48,0,49,1,1,55,0,57,136,0,136,193
07/01/2023,ARA,LA,ASW,CE,Federal Contract Tower,0,0,5,0,5,0,0,20,0,20,0,0,25,0,25,24,0,24,49
07/02/2023,ARA,LA,ASW,CE,Federal Contract Tower,0,0,0,0,0,0,0,9,0,9,0,0,9,0,9,0,0,0,9
07/03/2023,ARA,LA,ASW,CE,Federal Contract Tower,0,0,2,0,2,0,0,24,0,24,0,0,26,0,26,92,0,92,118
07/04/2023,ARA,LA,ASW,CE,Federal Contract Tower,0,0,0,0,0,0,0,13,0,13,0,0,13,0,13,20,0,20,33
07/05/2023,ARA,LA,ASW,CE,Federal Contract Tower,0,2,1,0,3,0,3,23,0,26,0,5,24,0,29,58,0,58,87
07/06/2023,ARA,LA,ASW,CE,Federal Contract Tower,2,0,1,3,6,0,2,23,0,25,2,2,24,3,31,30,0,30,61
07/07/2023,ARA,LA,ASW,CE,Federal Contract Tower,2,0,3,0,5,0,4,24,0,28,2,4,27,0,33,74,0,74,107
07/08/2023,ARA,LA,ASW,CE,Federal Contract Tower,1,0,3,0,4,0,4,18,0,22,1,4,21,0,26,78,0,78,104
07/09/2023,ARA,LA,ASW,CE,Federal Contract Tower,0,0,0,0,0,0,0,4,0,4,0,0,4,0,4,0,0,0,4
07/10/2023,ARA,LA,ASW,CE,Federal Contract Tower,0,0,4,2,6,0,5,35,0,40,0,5,39,2,46,100,0,100,146
07/11/2023,ARA,LA,ASW,CE,Federal Contract Tower,0,0,7,13,20,0,2,25,0,27,0,2,32,13,47,84,0,84,131
07/12/2023,ARA,LA,ASW,CE,Federal Contract Tower,0,0,8,6,14,0,0,28,0,28,0,0,36,6,42,50,0,50,92
07/13/2023,ARA,LA,ASW,CE,Federal Contract Tower,1,0,3,0,4,0,5,41,0,46,1,5,44,0,50,116,0,116,166
07/14/2023,ARA,LA,ASW,CE,Federal Contract Tower,0,1,1,0,2,0,7,36,1,44,0,8,37,1,46,74,0,74,120
07/15/2023,ARA,LA,ASW,CE,Federal Contract Tower,0,0,10,0,10,0,7,25,0,32,0,7,35,0,42,72,0,72,114
07/16/2023,ARA,LA,ASW,CE,Federal Contract Tower,0,0,2,0,2,0,4,16,0,20,0,4,18,0,22,62,0,62,84
07/17/2023,ARA,LA,ASW,CE,Federal Contract Tower,0,0,0,2,2,0,6,24,0,30,0,6,24,2,32,106,0,106,138
07/18/2023,ARA,LA,ASW,CE,Federal Contract Tower,0,0,4,7,11,0,10,31,2,43,0,10,35,9,54,106,6,112,166
07/19/2023,ARA,LA,ASW,CE,Federal Contract Tower,0,0,11,11,22,0,0,33,0,33,0,0,44,11,55,56,0,56,111
07/20/2023,ARA,LA,ASW,CE,Federal Contract Tower,0,1,8,4,13,0,2,47,2,51,0,3,55,6,64,76,8,84,148
07/21/2023,ARA,LA,ASW,CE,Federal Contract Tower,0,0,6,5,11,0,4,22,0,26,0,4,28,5,37,84,0,84,121
07/22/2023,ARA,LA,ASW,CE,Federal Contract Tower,0,0,4,0,4,0,5,35,1,41,0,5,39,1,45,126,0,126,171
07/23/2023,ARA,LA,ASW,CE,Federal Contract Tower,0,0,5,7,12,0,0,7,0,7,0,0,12,7,19,16,6,22,41
07/24/2023,ARA,LA,ASW,CE,Federal Contract Tower,0,0,9,10,19,0,2,33,0,35,0,2,42,10,54,58,0,58,112
07/25/2023,ARA,LA,ASW,CE,Federal Contract Tower,0,2,9,1,12,0,2,32,2,36,0,4,41,3,48,160,12,172,220
07/26/2023,ARA,LA,ASW,CE,Federal Contract Tower,2,0,2,8,12,1,3,26,5,35,3,3,28,13,47,58,2,60,107
07/27/2023,ARA,LA,ASW,CE,Federal Contract Tower,0,0,4,5,9,0,0,39,7,46,0,0,43,12,55,72,0,72,127
07/28/2023,ARA,LA,ASW,CE,Federal Contract Tower,0,0,12,6,18,0,4,36,0,40,0,4,48,6,58,86,2,88,146
07/29/2023,ARA,LA,ASW,CE,Federal Contract Tower,0,0,13,4,17,0,2,13,3,18,0,2,26,7,35,2,28,30,65
07/30/2023,ARA,LA,ASW,CE,Federal Contract Tower,0,0,0,0,0,0,2,7,0,9,0,2,7,0,9,66,0,66,75
07/31/2023,ARA,LA,ASW,CE,Federal Contract Tower,1,0,11,18,30,0,0,36,1,37,1,0,47,19,67,6,6,12,79
08/01/2023,ARA,LA,ASW,CE,Federal Contract Tower,0,0,5,4,9,0,3,19,1,23,0,3,24,5,32,110,0,110,142
08/02/2023,ARA,LA,ASW,CE,Federal Contract Tower,0,0,6,2,8,0,5,25,0,30,0,5,31,2,38,36,0,36,74
08/03/2023,ARA,LA,ASW,CE,Federal Contract Tower,0,0,4,9,13,0,2,34,0,36,0,2,38,9,49,134,0,134,183
08/04/2023,ARA,LA,ASW,CE,Federal Contract Tower,0,0,2,6,8,0,0,26,5,31,0,0,28,11,39,62,4,66,105
08/05/2023,ARA,LA,ASW,CE,Federal Contract Tower,0,0,3,0,3,0,0,20,0,20,0,0,23,0,23,0,0,0,23
08/06/2023,ARA,LA,ASW,CE,Federal Contract Tower,0,0,2,0,2,0,0,17,0,17,0,0,19,0,19,6,0,6,25
08/07/2023,ARA,LA,ASW,CE,Federal Contract Tower,0,0,5,13,18,0,0,7,6,13,0,0,12,19,31,30,0,30,61
08/08/2023,ARA,LA,ASW,CE,Federal Contract Tower,0,0,5,1,6,0,3,29,2,34,0,3,34,3,40,42,0,42,82
08/09/2023,ARA,LA,ASW,CE,Federal Contract Tower,0,0,5,0,5,0,0,18,0,18,0,0,23,0,23,58,0,58,81
08/10/2023,ARA,LA,ASW,CE,Federal Contract Tower,2,0,12,8,22,0,0,29,0,29,2,0,41,8,51,6,0,6,57
08/11/2023,ARA,LA,ASW,CE,Federal Contract Tower,0,0,9,4,13,0,3,34,1,38,0,3,43,5,51,86,2,88,139
08/12/2023,ARA,LA,ASW,CE,Federal Contract Tower,0,0,3,0,3,0,0,28,0,28,0,0,31,0,31,26,0,26,57
08/13/2023,ARA,LA,ASW,CE,Federal Contract Tower,0,0,2,0,2,0,2,11,0,13,0,2,13,0,15,70,0,70,85
08/14/2023,ARA,LA,ASW,CE,Federal Contract Tower,0,0,3,0,3,0,3,16,0,19,0,3,19,0,22,50,0,50,72
08/15/2023,ARA,LA,ASW,CE,Federal Contract Tower,0,0,6,5,11,0,2,24,1,27,0,2,30,6,38,60,0,60,98
08/16/2023,ARA,LA,ASW,CE,Federal Contract Tower,0,0,7,4,11,0,0,36,0,36,0,0,43,4,47,8,8,16,63
08/17/2023,ARA,LA,ASW,CE,Federal Contract Tower,0,1,5,1,7,0,5,46,1,52,0,6,51,2,59,54,0,54,113
08/18/2023,ARA,LA,ASW,CE,Federal Contract Tower,2,0,12,3,17,0,0,42,5,47,2,0,54,8,64,106,2,108,172
08/19/2023,ARA,LA,ASW,CE,Federal Contract Tower,2,4,11,2,19,0,3,24,1,28,2,7,35,3,47,64,0,64,111
08/20/2023,ARA,LA,ASW,CE,Federal Contract Tower,0,0,2,6,8,0,0,12,0,12,0,0,14,6,20,34,0,34,54
08/21/2023,ARA,LA,ASW,CE,Federal Contract Tower,0,0,9,1,10,0,3,12,1,16,0,3,21,2,26,40,0,40,66
08/22/2023,ARA,LA,ASW,CE,Federal Contract Tower,0,2,10,2,14,0,0,16,0,16,0,2,26,2,30,26,0,26,56
08/23/2023,ARA,LA,ASW,CE,Federal Contract Tower,0,0,5,4,9,0,0,49,2,51,0,0,54,6,60,54,4,58,118
08/24/2023,ARA,LA,ASW,CE,Federal Contract Tower,0,0,8,4,12,0,0,32,1,33,0,0,40,5,45,16,2,18,63
08/25/2023,ARA,LA,ASW,CE,Federal Contract Tower,0,0,5,3,8,0,1,24,0,25,0,1,29,3,33,40,2,42,75
08/26/2023,ARA,LA,ASW,CE,Federal Contract Tower,0,0,6,0,6,0,5,12,0,17,0,5,18,0,23,74,0,74,97
08/27/2023,ARA,LA,ASW,CE,Federal Contract Tower,0,0,3,11,14,0,9,19,2,30,0,9,22,13,44,172,0,172,216
08/28/2023,ARA,LA,ASW,CE,Federal Contract Tower,2,0,9,10,21,0,2,16,0,18,2,2,25,10,39,70,0,70,109
08/29/2023,ARA,LA,ASW,CE,Federal Contract Tower,0,14,1,0,15,0,4,20,1,25,0,18,21,1,40,52,10,62,102
08/30/2023,ARA,LA,ASW,CE,Federal Contract Tower,0,0,4,9,13,0,16,37,0,53,0,16,41,9,66,122,0,122,188
08/31/2023,ARA,LA,ASW,CE,Federal Contract Tower,1,0,7,10,18,0,3,27,2,32,1,3,34,12,50,10,4,14,64
