01/01/2000,ARR,IL,AGL,CE,Towers with Display (VFR),0,0,3,0,3,0,1,64,0,65,0,1,67,0,68,90,0,90,158
01/02/2000,ARR,IL,AGL,CE,Towers with Display (VFR),0,0,13,0,13,0,0,37,0,37,0,0,50,0,50,79,0,79,129
01/03/2000,ARR,IL,AGL,CE,Towers with Display (VFR),0,0,10,0,10,0,0,7,0,7,0,0,17,0,17,11,0,11,28
01/04/2000,ARR,IL,AGL,CE,Towers with Display (VFR),0,2,10,0,12,0,0,42,0,42,0,2,52,0,54,66,0,66,120
01/05/2000,ARR,IL,AGL,CE,Towers with Display (VFR),0,1,15,0,16,0,0,47,0,47,0,1,62,0,63,112,0,112,175
01/06/2000,ARR,IL,AGL,CE,Towers with Display (VFR),0,0,11,0,11,0,0,105,0,105,0,0,116,0,116,203,0,203,319
01/07/2000,ARR,IL,AGL,CE,Towers with Display (VFR),0,2,16,0,18,0,0,143,0,143,0,2,159,0,161,214,0,214,375
01/08/2000,ARR,IL,AGL,CE,Towers with Display (VFR),0,0,6,0,6,0,2,149,0,151,0,2,155,0,157,357,0,357,514
01/09/2000,ARR,IL,AGL,CE,Towers with Display (VFR),0,0,0,0,0,0,1,0,2,3,0,1,0,2,3,0,0,0,3
01/10/2000,ARR,IL,AGL,CE,Towers with Display (VFR),0,0,12,0,12,0,0,41,0,41,0,0,53,0,53,53,0,53,106
01/11/2000,ARR,IL,AGL,CE,Towers with Display (VFR),0,2,13,0,15,0,2,59,0,61,0,4,72,0,76,77,0,77,153
01/12/2000,ARR,IL,AGL,CE,Towers with Display (VFR),0,0,19,0,19,0,0,106,0,106,0,0,125,0,125,210,0,210,335
01/13/2000,ARR,IL,AGL,CE,Towers with Display (VFR),0,0,15,0,15,0,0,82,0,82,0,0,97,0,97,115,0,115,212
01/14/2000,ARR,IL,AGL,CE,Towers with Display (VFR),0,2,20,0,22,0,0,142,1,143,0,2,162,1,165,282,0,282,447
01/15/2000,ARR,IL,AGL,CE,Towers with Display (VFR),0,0,12,0,12,0,3,205,0,208,0,3,217,0,220,302,2,304,524
01/16/2000,ARR,IL,AGL,CE,Towers with Display (VFR),0,1,18,0,19,0,1,112,1,114,0,2,130,1,133,203,0,203,336
01/17/2000,ARR,IL,AGL,CE,Towers with Display (VFR),0,0,12,0,12,0,0,19,0,19,0,0,31,0,31,38,0,38,69
01/18/2000,ARR,IL,AGL,CE,Towers with Display (VFR),0,0,23,0,23,0,0,34,0,34,0,0,57,0,57,44,0,44,101
01/19/2000,ARR,IL,AGL,CE,Towers with Display (VFR),0,0,11,0,11,0,0,34,0,34,0,0,45,0,45,73,0,73,118
01/20/2000,ARR,IL,AGL,CE,Towers with Display (VFR),0,0,10,0,10,0,0,65,0,65,0,0,75,0,75,65,0,65,140
01/21/2000,ARR,IL,AGL,CE,Towers with Display (VFR),0,0,7,0,7,0,0,65,0,65,0,0,72,0,72,48,0,48,120
01/22/2000,ARR,IL,AGL,CE,Towers with Display (VFR),0,0,2,0,2,0,2,0,0,2,0,2,2,0,4,0,0,0,4
01/23/2000,ARR,IL,AGL,CE,Towers with Display (VFR),0,0,12,0,12,0,0,135,0,135,0,0,147,0,147,261,0,261,408
01/24/2000,ARR,IL,AGL,CE,Towers with Display (VFR),0,0,13,0,13,0,0,75,0,75,0,0,88,0,88,105,0,105,193
01/25/2000,ARR,IL,AGL,CE,Towers with Display (VFR),0,1,14,0,15,0,5,60,0,65,0,6,74,0,80,110,0,110,190
01/26/2000,ARR,IL,AGL,CE,Towers with Display (VFR),0,0,21,0,21,0,0,116,0,116,0,0,137,0,137,230,0,230,367
01/27/2000,ARR,IL,AGL,CE,Towers with Display (VFR),0,1,12,0,13,0,1,118,0,119,0,2,130,0,132,234,0,234,366
01/28/2000,ARR,IL,AGL,CE,Towers with Display (VFR),0,0,20,0,20,0,0,123,0,123,0,0,143,0,143,211,0,211,354
01/29/2000,ARR,IL,AGL,CE,Towers with Display (VFR),0,1,19,0,20,0,3,152,0,155,0,4,171,0,175,227,0,227,402
01/30/2000,ARR,IL,AGL,CE,Towers with Display (VFR),0,0,9,0,9,0,0,0,0,0,0,0,9,0,9,0,0,0,9
01/31/2000,ARR,IL,AGL,CE,Towers with Display (VFR),0,0,11,0,11,0,0,90,0,90,0,0,101,0,101,139,0,139,240
02/01/2000,ARR,IL,AGL,CE,Towers with Display (VFR),0,0,13,0,13,0,0,130,0,130,0,0,143,0,143,237,0,237,380
02/02/2000,ARR,IL,AGL,CE,Towers with Display (VFR),0,2,27,0,29,0,0,87,0,87,0,2,114,0,116,146,0,146,262
02/03/2000,ARR,IL,AGL,CE,Towers with Display (VFR),0,0,16,0,16,0,2,73,0,75,0,2,89,0,91,60,0,60,151
02/04/2000,ARR,IL,AGL,CE,Towers with Display (VFR),0,0,15,1,16,0,0,79,1,80,0,0,94,2,96,98,0,98,194
02/05/2000,ARR,IL,AGL,CE,Towers with Display (VFR),0,2,27,0,29,0,2,138,0,140,0,4,165,0,169,319,0,319,488
02/06/2000,ARR,IL,AGL,CE,Towers with Display (VFR),0,2,32,0,34,0,0,85,0,85,0,2,117,0,119,302,0,302,421
02/07/2000,ARR,IL,AGL,CE,Towers with Display (VFR),0,0,17,0,17,0,1,61,0,62,0,1,78,0,79,109,0,109,188
02/08/2000,ARR,IL,AGL,CE,Towers with Display (VFR),0,0,25,0,25,0,0,111,0,111,0,0,136,0,136,100,0,100,236
02/09/2000,ARR,IL,AGL,CE,Towers with Display (VFR),0,0,17,1,18,0,0,186,1,187,0,0,203,2,205,282,0,282,487
02/10/2000,ARR,IL,AGL,CE,Towers with Display (VFR),0,0,23,0,23,0,2,36,0,38,0,2,59,0,61,95,0,95,156
02/11/2000,ARR,IL,AGL,CE,Towers with Display (VFR),0,0,25,0,25,0,0,118,0,118,0,0,143,0,143,303,0,303,446
02/12/2000,ARR,IL,AGL,CE,Towers with Display (VFR),0,0,25,0,25,0,2,252,0,254,0,2,277,0,279,429,0,429,708
02/13/2000,ARR,IL,AGL,CE,Towers with Display (VFR),0,0,10,0,10,0,0,19,0,19,0,0,29,0,29,25,0,25,54
02/14/2000,ARR,IL,AGL,CE,Towers with Display (VFR),0,0,16,1,17,0,0,83,1,84,0,0,99,2,101,111,0,111,212
02/15/2000,ARR,IL,AGL,CE,Towers with Display (VFR),0,0,28,0,28,0,0,49,8,57,0,0,77,8,85,145,2,147,232
02/16/2000,ARR,IL,AGL,CE,Towers with Display (VFR),0,1,26,0,27,0,0,141,0,141,0,1,167,0,168,219,0,219,387
02/17/2000,ARR,IL,AGL,CE,Towers with Display (VFR),0,0,18,0,18,0,0,117,0,117,0,0,135,0,135,180,0,180,315
02/18/2000,ARR,IL,AGL,CE,Towers with Display (VFR),0,0,8,0,8,0,0,0,0,0,0,0,8,0,8,0,0,0,8
02/19/2000,ARR,IL,AGL,CE,Towers with Display (VFR),0,2,28,0,30,0,0,107,0,107,0,2,135,0,137,240,0,240,377
02/20/2000,ARR,IL,AGL,CE,Towers with Display (VFR),0,0,20,0,20,0,0,182,0,182,0,0,202,0,202,308,0,308,510
02/21/2000,ARR,IL,AGL,CE,Towers with Display (VFR),0,2,27,0,29,0,0,109,0,109,0,2,136,0,138,328,0,328,466
02/22/2000,ARR,IL,AGL,CE,Towers with Display (VFR),0,0,28,0,28,0,0,155,2,157,0,0,183,2,185,217,12,229,414
02/23/2000,ARR,IL,AGL,CE,Towers with Display (VFR),0,0,26,0,26,0,5,113,0,118,0,5,139,0,144,199,0,199,343
02/24/2000,ARR,IL,AGL,CE,Towers with Display (VFR),0,0,24,0,24,0,0,12,0,12,0,0,36,0,36,45,0,45,81
02/25/2000,ARR,IL,AGL,CE,Towers with Display (VFR),0,0,16,0,16,0,0,54,0,54,0,0,70,0,70,101,0,101,171
02/26/2000,ARR,IL,AGL,CE,Towers with Display (VFR),0,0,17,0,17,0,4,13,0,17,0,4,30,0,34,78,0,78,112
02/27/2000,ARR,IL,AGL,CE,Towers with Display (VFR),0,0,18,0,18,0,0,127,0,127,0,0,145,0,145,259,0,259,404
02/28/2000,ARR,IL,AGL,CE,Towers with Display (VFR),0,0,20,0,20,0,0,176,0,176,0,0,196,0,196,336,0,336,532
02/29/2000,ARR,IL,AGL,CE,Towers with Display (VFR),0,0,14,0,14,0,0,108,0,108,0,0,122,0,122,212,0,212,334
03/01/2000,ARR,IL,AGL,CE,Towers with Display (VFR),0,1,25,1,27,0,1,99,7,107,0,2,124,8,134,109,2,111,245
03/02/2000,ARR,IL,AGL,CE,Towers with Display (VFR),0,1,26,2,29,0,2,188,6,196,0,3,214,8,225,267,8,275,500
03/03/2000,ARR,IL,AGL,CE,Towers with Display (VFR),0,0,25,2,27,0,0,193,4,197,0,0,218,6,224,318,0,318,542
03/04/2000,ARR,IL,AGL,CE,Towers with Display (VFR),0,1,16,0,17,0,1,244,0,245,0,2,260,0,262,473,0,473,735
03/05/2000,ARR,IL,AGL,CE,Towers with Display (VFR),0,0,22,1,23,0,0,204,1,205,0,0,226,2,228,493,0,493,721
03/06/2000,ARR,IL,AGL,CE,Towers with Display (VFR),0,2,20,0,22,0,2,222,0,224,0,4,242,0,246,296,0,296,542
03/07/2000,ARR,IL,AGL,CE,Towers with Display (VFR),0,1,18,1,20,0,1,179,0,180,0,2,197,1,200,303,0,303,503
03/08/2000,ARR,IL,AGL,CE,Towers with Display (VFR),0,2,18,0,20,0,0,97,0,97,0,2,115,0,117,150,0,150,267
03/09/2000,ARR,IL,AGL,CE,Towers with Display (VFR),0,2,22,0,24,0,0,9,0,9,0,2,31,0,33,4,0,4,37
03/10/2000,ARR,IL,AGL,CE,Towers with Display (VFR),0,0,17,0,17,0,0,145,0,145,0,0,162,0,162,205,0,205,367
03/11/2000,ARR,IL,AGL,CE,Towers with Display (VFR),0,0,5,0,5,0,2,135,0,137,0,2,140,0,142,351,0,351,493
03/12/2000,ARR,IL,AGL,CE,Towers with Display (VFR),0,0,17,0,17,0,0,185,0,185,0,0,202,0,202,327,0,327,529
03/13/2000,ARR,IL,AGL,CE,Towers with Display (VFR),0,2,28,0,30,0,2,31,0,33,0,4,59,0,63,63,0,63,126
03/14/2000,ARR,IL,AGL,CE,Towers with Display (VFR),0,0,27,2,29,0,0,202,0,202,0,0,229,2,231,301,0,301,532
03/15/2000,ARR,IL,AGL,CE,Towers with Display (VFR),0,0,20,0,20,0,0,79,0,79,0,0,99,0,99,193,0,193,292
03/16/2000,ARR,IL,AGL,CE,Towers with Display (VFR),0,0,27,2,29,0,0,79,2,81,0,0,106,4,110,181,4,185,295
03/17/2000,ARR,IL,AGL,CE,Towers with Display (VFR),0,1,14,0,15,0,1,172,0,173,0,2,186,0,188,356,0,356,544
03/18/2000,ARR,IL,AGL,CE,Towers with Display (VFR),0,2,19,0,21,0,2,180,0,182,0,4,199,0,203,362,0,362,565
03/19/2000,ARR,IL,AGL,CE,Towers with Display (VFR),0,2,21,0,23,0,0,0,0,0,0,2,21,0,23,0,0,0,23
03/20/2000,ARR,IL,AGL,CE,Towers with Display (VFR),0,0,28,0,28,0,0,25,0,25,0,0,53,0,53,53,0,53,106
03/21/2000,ARR,IL,AGL,CE,Towers with Display (VFR),0,1,33,0,34,0,0,15,0,15,0,1,48,0,49,21,0,21,70
03/22/2000,ARR,IL,AGL,CE,Towers with Display (VFR),0,2,34,0,36,0,2,138,0,140,0,4,172,0,176,275,0,275,451
03/23/2000,ARR,IL,AGL,CE,Towers with Display (VFR),0,1,24,0,25,0,0,185,0,185,0,1,209,0,210,362,0,362,572
03/24/2000,ARR,IL,AGL,CE,Towers with Display (VFR),0,0,22,0,22,0,0,139,0,139,0,0,161,0,161,343,0,343,504
03/25/2000,ARR,IL,AGL,CE,Towers with Display (VFR),0,0,11,0,11,0,8,63,0,71,0,8,74,0,82,169,0,169,251
03/26/2000,ARR,IL,AGL,CE,Towers with Display (VFR),0,0,22,0,22,0,0,336,0,336,0,0,358,0,358,363,0,363,721
03/27/2000,ARR,IL,AGL,CE,Towers with Display (VFR),0,0,19,0,19,0,0,109,0,109,0,0,128,0,128,232,0,232,360
03/28/2000,ARR,IL,AGL,CE,Towers with Display (VFR),0,0,13,0,13,0,2,102,0,104,0,2,115,0,117,189,0,189,306
03/29/2000,ARR,IL,AGL,CE,Towers with Display (VFR),0,0,11,0,11,0,1,237,0,238,0,1,248,0,249,424,0,424,673
03/30/2000,ARR,IL,AGL,CE,Towers with Display (VFR),0,2,20,0,22,0,2,179,0,181,0,4,199,0,203,333,0,333,536
03/31/2000,ARR,IL,AGL,CE,Towers with Display (VFR),0,2,23,0,25,0,1,230,2,233,0,3,253,2,258,316,0,316,574
04/01/2000,ARR,IL,AGL,CE,Towers with Display (VFR),0,2,24,0,26,0,2,199,0,201,0,4,223,0,227,448,0,448,675
04/02/2000,ARR,IL,AGL,CE,Towers with Display (VFR),0,0,30,0,30,0,0,124,2,126,0,0,154,2,156,215,0,215,371
04/03/2000,ARR,IL,AGL,CE,Towers with Display (VFR),0,0,17,0,17,0,0,113,0,113,0,0,130,0,130,231,0,231,361
04/04/2000,ARR,IL,AGL,CE,Towers with Display (VFR),0,0,18,0,18,0,0,69,0,69,0,0,87,0,87,97,0,97,184
04/05/2000,ARR,IL,AGL,CE,Towers with Display (VFR),0,1,31,0,32,0,0,100,2,102,0,1,131,2,134,158,0,158,292
04/06/2000,ARR,IL,AGL,CE,Towers with Display (VFR),0,0,24,0,24,0,0,133,6,139,0,0,157,6,163,234,0,234,397
04/07/2000,ARR,IL,AGL,CE,Towers with Display (VFR),0,2,16,0,18,0,0,23,0,23,0,2,39,0,41,49,0,49,90
04/08/2000,ARR,IL,AGL,CE,Towers with Display (VFR),0,2,17,0,19,0,2,94,0,96,0,4,111,0,115,144,0,144,259
04/09/2000,ARR,IL,AGL,CE,Towers with Display (VFR),0,0,17,0,17,0,0,169,0,169,0,0,186,0,186,379,0,379,565
04/10/2000,ARR,IL,AGL,CE,Towers with Display (VFR),0,0,24,0,24,0,0,63,0,63,0,0,87,0,87,83,0,83,170
04/11/2000,ARR,IL,AGL,CE,Towers with Display (VFR),0,2,31,0,33,0,5,40,0,45,0,7,71,0,78,101,0,101,179
04/12/2000,ARR,IL,AGL,CE,Towers with Display (VFR),0,2,28,0,30,0,1,173,0,174,0,3,201,0,204,374,0,374,578
04/13/2000,ARR,IL,AGL,CE,Towers with Display (VFR),0,0,19,1,20,0,0,162,3,165,0,0,181,4,185,247,4,251,436
04/14/2000,ARR,IL,AGL,CE,Towers with Display (VFR),0,0,10,0,10,0,0,174,0,174,0,0,184,0,184,292,0,292,476
04/15/2000,ARR,IL,AGL,CE,Towers with Display (VFR),0,2,25,1,28,0,3,179,1,183,0,5,204,2,211,382,0,382,593
04/16/2000,ARR,IL,AGL,CE,Towers with Display (VFR),0,0,29,1,30,0,0,14,4,18,0,0,43,5,48,93,6,99,147
04/17/2000,ARR,IL,AGL,CE,Towers with Display (VFR),0,2,28,0,30,0,2,0,0,2,0,4,28,0,32,0,0,0,32
04/18/2000,ARR,IL,AGL,CE,Towers with Display (VFR),0,0,36,0,36,0,0,50,0,50,0,0,86,0,86,151,0,151,237
04/19/2000,ARR,IL,AGL,CE,Towers with Display (VFR),0,1,21,0,22,0,0,1,0,1,0,1,22,0,23,0,0,0,23
04/20/2000,ARR,IL,AGL,CE,Towers with Display (VFR),0,1,26,0,27,0,0,19,0,19,0,1,45,0,46,24,0,24,70
04/21/2000,ARR,IL,AGL,CE,Towers with Display (VFR),0,0,8,0,8,0,0,117,0,117,0,0,125,0,125,150,0,150,275
04/22/2000,ARR,IL,AGL,CE,Towers with Display (VFR),0,1,21,0,22,0,3,242,0,245,0,4,263,0,267,538,0,538,805
04/23/2000,ARR,IL,AGL,CE,Towers with Display (VFR),0,0,15,0,15,0,0,77,0,77,0,0,92,0,92,126,0,126,218
04/24/2000,ARR,IL,AGL,CE,Towers with Display (VFR),0,0,8,0,8,0,0,207,0,207,0,0,215,0,215,290,0,290,505
04/25/2000,ARR,IL,AGL,CE,Towers with Display (VFR),0,1,25,0,26,0,2,207,0,209,0,3,232,0,235,381,0,381,616
04/26/2000,ARR,IL,AGL,CE,Towers with Display (VFR),0,0,13,0,13,0,1,181,0,182,0,1,194,0,195,512,0,512,707
04/27/2000,ARR,IL,AGL,CE,Towers with Display (VFR),0,0,21,0,21,0,0,257,0,257,0,0,278,0,278,393,0,393,671
04/28/2000,ARR,IL,AGL,CE,Towers with Display (VFR),0,0,17,0,17,0,0,124,0,124,0,0,141,0,141,384,0,384,525
04/29/2000,ARR,IL,AGL,CE,Towers with Display (VFR),0,1,24,0,25,0,3,154,0,157,0,4,178,0,182,510,0,510,692
04/30/2000,ARR,IL,AGL,CE,Towers with Display (VFR),0,0,16,0,16,0,0,327,0,327,0,0,343,0,343,520,0,520,863
05/01/2000,ARR,IL,AGL,CE,Towers with Display (VFR),0,0,17,0,17,0,0,123,0,123,0,0,140,0,140,214,0,214,354
05/02/2000,ARR,IL,AGL,CE,Towers with Display (VFR),0,0,24,0,24,0,0,241,0,241,0,0,265,0,265,486,0,486,751
05/03/2000,ARR,IL,AGL,CE,Towers with Display (VFR),0,0,21,0,21,0,0,186,0,186,0,0,207,0,207,288,0,288,495
05/04/2000,ARR,IL,AGL,CE,Towers with Display (VFR),0,0,37,0,37,0,0,185,0,185,0,0,222,0,222,299,0,299,521
05/05/2000,ARR,IL,AGL,CE,Towers with Display (VFR),0,0,28,1,29,0,0,171,4,175,0,0,199,5,204,365,0,365,569
05/06/2000,ARR,IL,AGL,CE,Towers with Display (VFR),0,0,13,0,13,0,4,195,0,199,0,4,208,0,212,252,0,252,464
05/07/2000,ARR,IL,AGL,CE,Towers with Display (VFR),0,0,27,1,28,0,1,83,2,86,0,1,110,3,114,285,1,286,400
05/08/2000,ARR,IL,AGL,CE,Towers with Display (VFR),0,0,23,0,23,0,0,47,0,47,0,0,70,0,70,93,0,93,163
05/09/2000,ARR,IL,AGL,CE,Towers with Display (VFR),0,0,14,1,15,0,0,5,9,14,0,0,19,10,29,22,4,26,55
05/10/2000,ARR,IL,AGL,CE,Towers with Display (VFR),0,0,20,1,21,0,0,225,3,228,0,0,245,4,249,439,0,439,688
05/11/2000,ARR,IL,AGL,CE,Towers with Display (VFR),0,0,30,1,31,0,0,60,1,61,0,0,90,2,92,138,0,138,230
05/12/2000,ARR,IL,AGL,CE,Towers with Display (VFR),0,0,26,1,27,0,0,67,1,68,0,0,93,2,95,202,2,204,299
05/13/2000,ARR,IL,AGL,CE,Towers with Display (VFR),0,0,14,1,15,0,0,104,0,104,0,0,118,1,119,137,0,137,256
05/14/2000,ARR,IL,AGL,CE,Towers with Display (VFR),0,0,9,0,9,0,0,145,0,145,0,0,154,0,154,215,0,215,369
05/15/2000,ARR,IL,AGL,CE,Towers with Display (VFR),0,0,14,0,14,0,4,199,0,203,0,4,213,0,217,385,0,385,602
05/16/2000,ARR,IL,AGL,CE,Towers with Display (VFR),0,0,24,0,24,0,0,94,0,94,0,0,118,0,118,290,0,290,408
05/17/2000,ARR,IL,AGL,CE,Towers with Display (VFR),0,0,24,0,24,0,0,60,0,60,0,0,84,0,84,112,0,112,196
05/18/2000,ARR,IL,AGL,CE,Towers with Display (VFR),0,0,14,0,14,0,0,13,0,13,0,0,27,0,27,46,0,46,73
05/19/2000,ARR,IL,AGL,CE,Towers with Display (VFR),0,0,30,0,30,0,0,89,1,90,0,0,119,1,120,206,0,206,326
05/20/2000,ARR,IL,AGL,CE,Towers with Display (VFR),0,0,31,0,31,0,4,235,0,239,0,4,266,0,270,455,0,455,725
05/21/2000,ARR,IL,AGL,CE,Towers with Display (VFR),0,0,20,0,20,0,2,367,1,370,0,2,387,1,390,340,0,340,730
05/22/2000,ARR,IL,AGL,CE,Towers with Display (VFR),0,0,30,0,30,0,0,127,0,127,0,0,157,0,157,343,0,343,500
05/23/2000,ARR,IL,AGL,CE,Towers with Display (VFR),0,0,31,0,31,0,0,195,4,199,0,0,226,4,230,358,2,360,590
05/24/2000,ARR,IL,AGL,CE,Towers with Display (VFR),0,0,23,0,23,0,0,112,0,112,0,0,135,0,135,139,0,139,274
05/25/2000,ARR,IL,AGL,CE,Towers with Display (VFR),0,0,31,0,31,0,4,163,0,167,0,4,194,0,198,305,0,305,503
05/26/2000,ARR,IL,AGL,CE,Towers with Display (VFR),0,0,19,0,19,0,1,165,0,166,0,1,184,0,185,323,0,323,508
05/27/2000,ARR,IL,AGL,CE,Towers with Display (VFR),0,0,28,0,28,0,6,2,0,8,0,6,30,0,36,6,0,6,42
05/28/2000,ARR,IL,AGL,CE,Towers with Display (VFR),0,0,19,0,19,0,0,5,0,5,0,0,24,0,24,0,0,0,24
05/29/2000,ARR,IL,AGL,CE,Towers with Display (VFR),0,0,21,0,21,0,0,291,0,291,0,0,312,0,312,464,0,464,776
05/30/2000,ARR,IL,AGL,CE,Towers with Display (VFR),0,0,17,0,17,0,0,57,0,57,0,0,74,0,74,164,0,164,238
05/31/2000,ARR,IL,AGL,CE,Towers with Display (VFR),0,0,11,0,11,0,1,3,0,4,0,1,14,0,15,10,0,10,25
06/01/2000,ARR,IL,AGL,CE,Towers with Display (VFR),0,0,22,0,22,0,0,126,0,126,0,0,148,0,148,173,0,173,321
06/02/2000,ARR,IL,AGL,CE,Towers with Display (VFR),0,0,17,0,17,0,0,209,2,211,0,0,226,2,228,529,0,529,757
06/03/2000,ARR,IL,AGL,CE,Towers with Display (VFR),0,1,9,0,10,0,1,355,0,356,0,2,364,0,366,305,0,305,671
06/04/2000,ARR,IL,AGL,CE,Towers with Display (VFR),0,0,22,0,22,0,0,140,2,142,0,0,162,2,164,309,0,309,473
06/05/2000,ARR,IL,AGL,CE,Towers with Display (VFR),0,0,26,0,26,0,0,72,0,72,0,0,98,0,98,160,0,160,258
06/06/2000,ARR,IL,AGL,CE,Towers with Display (VFR),0,2,25,1,28,0,2,193,9,204,0,4,218,10,232,378,0,378,610
06/07/2000,ARR,IL,AGL,CE,Towers with Display (VFR),0,0,16,0,16,0,0,179,0,179,0,0,195,0,195,327,0,327,522
06/08/2000,ARR,IL,AGL,CE,Towers with Display (VFR),0,0,22,0,22,0,0,130,0,130,0,0,152,0,152,268,0,268,420
06/09/2000,ARR,IL,AGL,CE,Towers with Display (VFR),0,0,21,1,22,0,0,192,2,194,0,0,213,3,216,308,9,317,533
06/10/2000,ARR,IL,AGL,CE,Towers with Display (VFR),0,0,18,1,19,0,4,372,1,377,0,4,390,2,396,299,0,299,695
06/11/2000,ARR,IL,AGL,CE,Towers with Display (VFR),0,2,28,1,31,0,0,175,2,177,0,2,203,3,208,268,8,276,484
06/12/2000,ARR,IL,AGL,CE,Towers with Display (VFR),0,0,27,0,27,0,0,9,0,9,0,0,36,0,36,1,0,1,37
06/13/2000,ARR,IL,AGL,CE,Towers with Display (VFR),0,0,22,0,22,0,0,30,0,30,0,0,52,0,52,67,0,67,119
06/14/2000,ARR,IL,AGL,CE,Towers with Display (VFR),0,0,18,0,18,0,0,100,0,100,0,0,118,0,118,206,0,206,324
06/15/2000,ARR,IL,AGL,CE,Towers with Display (VFR),0,0,23,1,24,0,0,239,1,240,0,0,262,2,264,357,0,357,621
06/16/2000,ARR,IL,AGL,CE,Towers with Display (VFR),0,0,14,0,14,0,0,67,0,67,0,0,81,0,81,134,0,134,215
06/17/2000,ARR,IL,AGL,CE,Towers with Display (VFR),0,0,18,0,18,0,5,213,0,218,0,5,231,0,236,276,0,276,512
06/18/2000,ARR,IL,AGL,CE,Towers with Display (VFR),0,0,13,0,13,0,1,194,0,195,0,1,207,0,208,292,0,292,500
06/19/2000,ARR,IL,AGL,CE,Towers with Display (VFR),0,0,30,0,30,0,0,184,0,184,0,0,214,0,214,354,0,354,568
06/20/2000,ARR,IL,AGL,CE,Towers with Display (VFR),0,0,15,0,15,0,2,9,0,11,0,2,24,0,26,4,0,4,30
06/21/2000,ARR,IL,AGL,CE,Towers with Display (VFR),0,0,22,1,23,0,0,149,3,152,0,0,171,4,175,235,4,239,414
06/22/2000,ARR,IL,AGL,CE,Towers with Display (VFR),0,0,33,0,33,0,0,193,0,193,0,0,226,0,226,335,0,335,561
06/23/2000,ARR,IL,AGL,CE,Towers with Display (VFR),0,1,27,1,29,0,0,179,1,180,0,1,206,2,209,286,0,286,495
06/24/2000,ARR,IL,AGL,CE,Towers with Display (VFR),0,0,29,0,29,0,0,38,0,38,0,0,67,0,67,49,0,49,116
06/25/2000,ARR,IL,AGL,CE,Towers with Display (VFR),0,1,27,0,28,0,0,292,2,294,0,1,319,2,322,218,0,218,540
06/26/2000,ARR,IL,AGL,CE,Towers with Display (VFR),0,0,27,0,27,0,0,105,0,105,0,0,132,0,132,317,0,317,449
06/27/2000,ARR,IL,AGL,CE,Towers with Display (VFR),0,0,24,0,24,0,0,184,0,184,0,0,208,0,208,474,0,474,682
06/28/2000,ARR,IL,AGL,CE,Towers with Display (VFR),0,0,28,0,28,0,0,130,0,130,0,0,158,0,158,314,0,314,472
06/29/2000,ARR,IL,AGL,CE,Towers with Display (VFR),0,0,22,0,22,0,0,155,0,155,0,0,177,0,177,514,10,524,701
06/30/2000,ARR,IL,AGL,CE,Towers with Display (VFR),0,0,14,0,14,0,2,224,0,226,0,2,238,0,240,357,0,357,597
07/01/2000,ARR,IL,AGL,CE,Towers with Display (VFR),0,2,17,0,19,0,0,165,0,165,0,2,182,0,184,321,0,321,505
07/02/2000,ARR,IL,AGL,CE,Towers with Display (VFR),0,0,23,0,23,0,0,64,0,64,0,0,87,0,87,122,0,122,209
07/03/2000,ARR,IL,AGL,CE,Towers with Display (VFR),0,0,25,0,25,0,0,93,0,93,0,0,118,0,118,138,0,138,256
07/04/2000,ARR,IL,AGL,CE,Towers with Display (VFR),0,0,10,0,10,0,0,186,0,186,0,0,196,0,196,344,0,344,540
07/05/2000,ARR,IL,AGL,CE,Towers with Display (VFR),0,0,28,0,28,0,0,132,0,132,0,0,160,0,160,431,0,431,591
07/06/2000,ARR,IL,AGL,CE,Towers with Display (VFR),0,4,49,0,53,0,0,100,2,102,0,4,149,2,155,418,0,418,573
07/07/2000,ARR,IL,AGL,CE,Towers with Display (VFR),0,2,26,0,28,0,0,122,2,124,0,2,148,2,152,318,0,318,470
07/08/2000,ARR,IL,AGL,CE,Towers with Display (VFR),0,2,25,0,27,0,0,188,0,188,0,2,213,0,215,287,0,287,502
07/09/2000,ARR,IL,AGL,CE,Towers with Display (VFR),0,0,27,0,27,0,0,97,0,97,0,0,124,0,124,229,0,229,353
07/10/2000,ARR,IL,AGL,CE,Towers with Display (VFR),0,1,23,0,24,0,1,38,0,39,0,2,61,0,63,159,0,159,222
07/11/2000,ARR,IL,AGL,CE,Towers with Display (VFR),0,0,34,0,34,0,0,104,0,104,0,0,138,0,138,204,0,204,342
07/12/2000,ARR,IL,AGL,CE,Towers with Display (VFR),0,1,23,0,24,0,0,171,0,171,0,1,194,0,195,407,0,407,602
07/13/2000,ARR,IL,AGL,CE,Towers with Display (VFR),0,0,25,0,25,0,0,210,0,210,0,0,235,0,235,410,0,410,645
07/14/2000,ARR,IL,AGL,CE,Towers with Display (VFR),0,0,27,1,28,0,0,159,0,159,0,0,186,1,187,335,0,335,522
07/15/2000,ARR,IL,AGL,CE,Towers with Display (VFR),0,0,16,0,16,0,7,224,0,231,0,7,240,0,247,217,0,217,464
07/16/2000,ARR,IL,AGL,CE,Towers with Display (VFR),0,0,14,1,15,0,1,195,0,196,0,1,209,1,211,338,5,343,554
07/17/2000,ARR,IL,AGL,CE,Towers with Display (VFR),0,0,15,0,15,0,5,137,0,142,0,5,152,0,157,246,0,246,403
07/18/2000,ARR,IL,AGL,CE,Towers with Display (VFR),0,1,21,1,23,0,1,158,3,162,0,2,179,4,185,330,4,334,519
07/19/2000,ARR,IL,AGL,CE,Towers with Display (VFR),0,1,25,0,26,0,0,122,0,122,0,1,147,0,148,274,0,274,422
07/20/2000,ARR,IL,AGL,CE,Towers with Display (VFR),0,1,27,0,28,0,0,180,2,182,0,1,207,2,210,293,2,295,505
07/21/2000,ARR,IL,AGL,CE,Towers with Display (VFR),0,2,28,0,30,0,1,128,2,131,0,3,156,2,161,196,0,196,357
07/22/2000,ARR,IL,AGL,CE,Towers with Display (VFR),0,0,17,0,17,0,2,162,2,166,0,2,179,2,183,413,0,413,596
07/23/2000,ARR,IL,AGL,CE,Towers with Display (VFR),0,2,30,0,32,0,0,375,0,375,0,2,405,0,407,281,0,281,688
07/24/2000,ARR,IL,AGL,CE,Towers with Display (VFR),0,1,30,0,31,0,0,153,0,153,0,1,183,0,184,316,0,316,500
07/25/2000,ARR,IL,AGL,CE,Towers with Display (VFR),0,2,34,0,36,0,3,236,0,239,0,5,270,0,275,188,0,188,463
07/26/2000,ARR,IL,AGL,CE,Towers with Display (VFR),0,0,26,0,26,0,0,165,3,168,0,0,191,3,194,256,0,256,450
07/27/2000,ARR,IL,AGL,CE,Towers with Display (VFR),0,0,38,0,38,0,0,127,2,129,0,0,165,2,167,187,20,207,374
07/28/2000,ARR,IL,AGL,CE,Towers with Display (VFR),0,0,27,0,27,0,0,134,0,134,0,0,161,0,161,246,0,246,407
07/29/2000,ARR,IL,AGL,CE,Towers with Display (VFR),0,2,39,0,41,0,2,111,0,113,0,4,150,0,154,208,0,208,362
07/30/2000,ARR,IL,AGL,CE,Towers with Display (VFR),0,0,35,0,35,0,0,30,0,30,0,0,65,0,65,55,0,55,120
07/31/2000,ARR,IL,AGL,CE,Towers with Display (VFR),0,0,28,0,28,0,0,49,2,51,0,0,77,2,79,32,0,32,111
08/01/2000,ARR,IL,AGL,CE,Towers with Display (VFR),0,0,17,0,17,0,0,85,0,85,0,0,102,0,102,136,0,136,238
08/02/2000,ARR,IL,AGL,CE,Towers with Display (VFR),0,0,23,0,23,0,0,109,0,109,0,0,132,0,132,268,0,268,400
08/03/2000,ARR,IL,AGL,CE,Towers with Display (VFR),0,0,14,0,14,0,0,195,0,195,0,0,209,0,209,327,0,327,536
08/04/2000,ARR,IL,AGL,CE,Towers with Display (VFR),0,0,15,1,16,0,0,205,3,208,0,0,220,4,224,369,0,369,593
08/05/2000,ARR,IL,AGL,CE,Towers with Display (VFR),0,0,10,0,10,0,4,96,0,100,0,4,106,0,110,102,0,102,212
08/06/2000,ARR,IL,AGL,CE,Towers with Display (VFR),0,0,16,1,17,0,0,96,0,96,0,0,112,1,113,211,0,211,324
08/07/2000,ARR,IL,AGL,CE,Towers with Display (VFR),0,1,15,0,16,0,0,160,0,160,0,1,175,0,176,325,0,325,501
08/08/2000,ARR,IL,AGL,CE,Towers with Display (VFR),0,0,22,0,22,0,0,86,0,86,0,0,108,0,108,232,0,232,340
08/09/2000,ARR,IL,AGL,CE,Towers with Display (VFR),0,0,26,0,26,0,0,189,0,189,0,0,215,0,215,398,0,398,613
08/10/2000,ARR,IL,AGL,CE,Towers with Display (VFR),0,3,38,1,42,0,1,259,1,261,0,4,297,2,303,416,0,416,719
08/11/2000,ARR,IL,AGL,CE,Towers with Display (VFR),0,0,22,0,22,0,0,233,0,233,0,0,255,0,255,393,0,393,648
08/12/2000,ARR,IL,AGL,CE,Towers with Display (VFR),0,2,24,0,26,0,2,192,0,194,0,4,216,0,220,315,0,315,535
08/13/2000,ARR,IL,AGL,CE,Towers with Display (VFR),0,0,14,0,14,0,1,120,0,121,0,1,134,0,135,274,0,274,409
08/14/2000,ARR,IL,AGL,CE,Towers with Display (VFR),0,0,28,0,28,0,0,147,0,147,0,0,175,0,175,262,0,262,437
08/15/2000,ARR,IL,AGL,CE,Towers with Display (VFR),0,0,27,0,27,0,0,166,0,166,0,0,193,0,193,193,0,193,386
08/16/2000,ARR,IL,AGL,CE,Towers with Display (VFR),0,0,20,1,21,0,0,227,0,227,0,0,247,1,248,334,0,334,582
08/17/2000,ARR,IL,AGL,CE,Towers with Display (VFR),0,2,27,1,30,0,0,58,1,59,0,2,85,2,89,97,0,97,186
08/18/2000,ARR,IL,AGL,CE,Towers with Display (VFR),0,0,21,1,22,0,0,202,1,203,0,0,223,2,225,280,3,283,508
08/19/2000,ARR,IL,AGL,CE,Towers with Display (VFR),0,2,25,0,27,0,5,216,0,221,0,7,241,0,248,336,0,336,584
08/20/2000,ARR,IL,AGL,CE,Towers with Display (VFR),0,2,30,0,32,0,2,189,1,192,0,4,219,1,224,310,2,312,536
08/21/2000,ARR,IL,AGL,CE,Towers with Display (VFR),0,1,25,0,26,0,0,180,0,180,0,1,205,0,206,223,0,223,429
08/22/2000,ARR,IL,AGL,CE,Towers with Display (VFR),0,0,34,0,34,0,0,77,0,77,0,0,111,0,111,76,0,76,187
08/23/2000,ARR,IL,AGL,CE,Towers with Display (VFR),0,0,39,0,39,0,0,57,0,57,0,0,96,0,96,171,0,171,267
08/24/2000,ARR,IL,AGL,CE,Towers with Display (VFR),0,1,21,0,22,0,1,185,0,186,0,2,206,0,208,223,0,223,431
08/25/2000,ARR,IL,AGL,CE,Towers with Display (VFR),0,1,19,0,20,0,1,166,0,167,0,2,185,0,187,296,0,296,483
08/26/2000,ARR,IL,AGL,CE,Towers with Display (VFR),0,2,32,0,34,0,2,111,0,113,0,4,143,0,147,210,0,210,357
08/27/2000,ARR,IL,AGL,CE,Towers with Display (VFR),0,0,19,0,19,0,0,435,0,435,0,0,454,0,454,378,0,378,832
08/28/2000,ARR,IL,AGL,CE,Towers with Display (VFR),0,2,32,0,34,0,0,169,0,169,0,2,201,0,203,307,0,307,510
08/29/2000,ARR,IL,AGL,CE,Towers with Display (VFR),0,3,38,0,41,0,2,18,1,21,0,5,56,1,62,50,0,50,112
08/30/2000,ARR,IL,AGL,CE,Towers with Display (VFR),0,4,48,0,52,0,0,8,2,10,0,4,56,2,62,0,2,2,64
08/31/2000,ARR,IL,AGL,CE,Towers with Display (VFR),0,0,29,0,29,0,0,144,5,149,0,0,173,5,178,157,0,157,335
09/01/2000,ARR,IL,AGL,CE,Towers with Display (VFR),0,0,17,0,17,0,0,187,0,187,0,0,204,0,204,158,0,158,362
09/02/2000,ARR,IL,AGL,CE,Towers with Display (VFR),0,4,29,0,33,0,0,203,0,203,0,4,232,0,236,286,0,286,522
09/03/2000,ARR,IL,AGL,CE,Towers with Display (VFR),0,0,10,0,10,0,0,136,0,136,0,0,146,0,146,165,0,165,311
09/04/2000,ARR,IL,AGL,CE,Towers with Display (VFR),0,0,26,0,26,0,0,100,0,100,0,0,126,0,126,152,0,152,278
09/05/2000,ARR,IL,AGL,CE,Towers with Display (VFR),0,0,19,1,20,0,0,128,1,129,0,0,147,2,149,114,0,114,263
09/06/2000,ARR,IL,AGL,CE,Towers with Display (VFR),0,1,21,0,22,0,3,167,0,170,0,4,188,0,192,425,0,425,617
09/07/2000,ARR,IL,AGL,CE,Towers with Display (VFR),0,2,26,0,28,0,0,130,0,130,0,2,156,0,158,212,0,212,370
09/08/2000,ARR,IL,AGL,CE,Towers with Display (VFR),0,0,39,2,41,0,0,138,3,141,0,0,177,5,182,235,0,235,417
09/09/2000,ARR,IL,AGL,CE,Towers with Display (VFR),0,1,24,0,25,0,0,94,0,94,0,1,118,0,119,221,0,221,340
09/10/2000,ARR,IL,AGL,CE,Towers with Display (VFR),0,2,26,1,29,0,3,126,4,133,0,5,152,5,162,239,0,239,401
09/11/2000,ARR,IL,AGL,CE,Towers with Display (VFR),0,0,19,1,20,0,0,71,0,71,0,0,90,1,91,90,0,90,181
09/12/2000,ARR,IL,AGL,CE,Towers with Display (VFR),0,2,25,0,27,0,2,230,0,232,0,4,255,0,259,314,0,314,573
09/13/2000,ARR,IL,AGL,CE,Towers with Display (VFR),0,0,15,1,16,0,0,216,0,216,0,0,231,1,232,239,0,239,471
09/14/2000,ARR,IL,AGL,CE,Towers with Display (VFR),0,2,31,1,34,0,0,102,8,110,0,2,133,9,144,202,4,206,350
09/15/2000,ARR,IL,AGL,CE,Towers with Display (VFR),0,0,19,1,20,0,0,110,2,112,0,0,129,3,132,107,0,107,239
09/16/2000,ARR,IL,AGL,CE,Towers with Display (VFR),0,2,25,0,27,0,2,334,0,336,0,4,359,0,363,554,0,554,917
09/17/2000,ARR,IL,AGL,CE,Towers with Display (VFR),0,0,15,1,16,0,0,235,0,235,0,0,250,1,251,259,0,259,510
09/18/2000,ARR,IL,AGL,CE,Towers with Display (VFR),0,0,16,0,16,0,0,181,0,181,0,0,197,0,197,308,0,308,505
09/19/2000,ARR,IL,AGL,CE,Towers with Display (VFR),0,0,18,0,18,0,0,115,2,117,0,0,133,2,135,139,4,143,278
09/20/2000,ARR,IL,AGL,CE,Towers with Display (VFR),0,3,44,0,47,0,0,35,0,35,0,3,79,0,82,56,0,56,138
09/21/2000,ARR,IL,AGL,CE,Towers with Display (VFR),0,2,27,0,29,0,0,210,0,210,0,2,237,0,239,320,0,320,559
09/22/2000,ARR,IL,AGL,CE,Towers with Display (VFR),0,1,20,0,21,0,1,48,0,49,0,2,68,0,70,110,0,110,180
09/23/2000,ARR,IL,AGL,CE,Towers with Display (VFR),0,1,36,0,37,0,0,23,0,23,0,1,59,0,60,26,0,26,86
09/24/2000,ARR,IL,AGL,CE,Towers with Display (VFR),0,0,32,0,32,0,0,227,0,227,0,0,259,0,259,326,0,326,585
09/25/2000,ARR,IL,AGL,CE,Towers with Display (VFR),0,2,25,0,27,0,0,156,0,156,0,2,181,0,183,371,0,371,554
09/26/2000,ARR,IL,AGL,CE,Towers with Display (VFR),0,1,18,0,19,0,1,198,4,203,0,2,216,4,222,362,2,364,586
09/27/2000,ARR,IL,AGL,CE,Towers with Display (VFR),0,1,22,0,23,0,4,195,0,199,0,5,217,0,222,339,0,339,561
09/28/2000,ARR,IL,AGL,CE,Towers with Display (VFR),0,0,22,0,22,0,0,177,0,177,0,0,199,0,199,349,0,349,548
09/29/2000,ARR,IL,AGL,CE,Towers with Display (VFR),0,0,14,0,14,0,0,226,0,226,0,0,240,0,240,315,0,315,555
09/30/2000,ARR,IL,AGL,CE,Towers with Display (VFR),0,1,16,0,17,0,2,214,0,216,0,3,230,0,233,283,0,283,516
10/01/2000,ARR,IL,AGL,CE,Towers with Display (VFR),0,0,13,0,13,0,0,121,0,121,0,0,134,0,134,182,0,182,316
10/02/2000,ARR,IL,AGL,CE,Towers with Display (VFR),0,0,11,0,11,0,0,114,0,114,0,0,125,0,125,239,0,239,364
10/03/2000,ARR,IL,AGL,CE,Towers with Display (VFR),0,0,15,0,15,0,0,119,2,121,0,0,134,2,136,226,0,226,362
10/04/2000,ARR,IL,AGL,CE,Towers with Display (VFR),0,1,8,0,9,0,1,113,0,114,0,2,121,0,123,162,0,162,285
10/05/2000,ARR,IL,AGL,CE,Towers with Display (VFR),0,0,23,0,23,0,0,46,0,46,0,0,69,0,69,40,0,40,109
10/06/2000,ARR,IL,AGL,CE,Towers with Display (VFR),0,0,30,0,30,0,0,84,0,84,0,0,114,0,114,106,0,106,220
10/07/2000,ARR,IL,AGL,CE,Towers with Display (VFR),0,0,15,0,15,0,2,129,0,131,0,2,144,0,146,199,0,199,345
10/08/2000,ARR,IL,AGL,CE,Towers with Display (VFR),0,0,13,0,13,0,0,114,0,114,0,0,127,0,127,198,0,198,325
10/09/2000,ARR,IL,AGL,CE,Towers with Display (VFR),0,0,12,0,12,0,0,121,0,121,0,0,133,0,133,193,0,193,326
10/10/2000,ARR,IL,AGL,CE,Towers with Display (VFR),0,0,20,0,20,0,0,166,0,166,0,0,186,0,186,232,0,232,418
10/11/2000,ARR,IL,AGL,CE,Towers with Display (VFR),0,0,14,0,14,0,0,162,0,162,0,0,176,0,176,190,0,190,366
10/12/2000,ARR,IL,AGL,CE,Towers with Display (VFR),0,0,16,1,17,0,0,123,0,123,0,0,139,1,140,148,0,148,288
10/13/2000,ARR,IL,AGL,CE,Towers with Display (VFR),0,0,20,1,21,0,0,193,1,194,0,0,213,2,215,184,0,184,399
10/14/2000,ARR,IL,AGL,CE,Towers with Display (VFR),0,0,12,1,13,0,2,230,1,233,0,2,242,2,246,275,0,275,521
10/15/2000,ARR,IL,AGL,CE,Towers with Display (VFR),0,0,16,0,16,0,0,127,4,131,0,0,143,4,147,334,0,334,481
10/16/2000,ARR,IL,AGL,CE,Towers with Display (VFR),0,1,20,0,21,0,0,107,0,107,0,1,127,0,128,199,0,199,327
10/17/2000,ARR,IL,AGL,CE,Towers with Display (VFR),0,1,26,0,27,0,0,125,0,125,0,1,151,0,152,139,0,139,291
10/18/2000,ARR,IL,AGL,CE,Towers with Display (VFR),0,0,17,0,17,0,0,159,0,159,0,0,176,0,176,207,0,207,383
10/19/2000,ARR,IL,AGL,CE,Towers with Display (VFR),0,3,28,0,31,0,3,146,0,149,0,6,174,0,180,236,0,236,416
10/20/2000,ARR,IL,AGL,CE,Towers with Display (VFR),0,2,23,0,25,0,1,196,0,197,0,3,219,0,222,274,0,274,496
10/21/2000,ARR,IL,AGL,CE,Towers with Display (VFR),0,1,25,0,26,0,2,173,2,177,0,3,198,2,203,292,0,292,495
10/22/2000,ARR,IL,AGL,CE,Towers with Display (VFR),0,1,24,0,25,0,0,83,0,83,0,1,107,0,108,194,0,194,302
10/23/2000,ARR,IL,AGL,CE,Towers with Display (VFR),0,1,26,0,27,0,0,18,0,18,0,1,44,0,45,65,0,65,110
10/24/2000,ARR,IL,AGL,CE,Towers with Display (VFR),0,1,23,0,24,0,0,20,0,20,0,1,43,0,44,62,0,62,106
10/25/2000,ARR,IL,AGL,CE,Towers with Display (VFR),0,2,29,0,31,0,2,0,4,6,0,4,29,4,37,16,0,16,53
10/26/2000,ARR,IL,AGL,CE,Towers with Display (VFR),0,0,24,0,24,0,0,45,0,45,0,0,69,0,69,63,0,63,132
10/27/2000,ARR,IL,AGL,CE,Towers with Display (VFR),0,0,18,0,18,0,0,70,0,70,0,0,88,0,88,98,0,98,186
10/28/2000,ARR,IL,AGL,CE,Towers with Display (VFR),0,0,17,0,17,0,2,94,0,96,0,2,111,0,113,232,0,232,345
10/29/2000,ARR,IL,AGL,CE,Towers with Display (VFR),0,0,12,0,12,0,0,351,0,351,0,0,363,0,363,301,0,301,664
10/30/2000,ARR,IL,AGL,CE,Towers with Display (VFR),0,0,10,0,10,0,0,136,0,136,0,0,146,0,146,229,0,229,375
10/31/2000,ARR,IL,AGL,CE,Towers with Display (VFR),0,0,14,0,14,0,1,165,8,174,0,1,179,8,188,169,22,191,379
11/01/2000,ARR,IL,AGL,CE,Towers with Display (VFR),0,1,14,0,15,0,3,74,0,77,0,4,88,0,92,87,0,87,179
11/02/2000,ARR,IL,AGL,CE,Towers with Display (VFR),0,0,21,0,21,0,0,117,0,117,0,0,138,0,138,191,0,191,329
11/03/2000,ARR,IL,AGL,CE,Towers with Display (VFR),0,0,17,0,17,0,0,149,2,151,0,0,166,2,168,131,0,131,299
11/04/2000,ARR,IL,AGL,CE,Towers with Display (VFR),0,1,20,0,21,0,2,208,9,219,0,3,228,9,240,320,0,320,560
11/05/2000,ARR,IL,AGL,CE,Towers with Display (VFR),0,1,21,0,22,0,3,219,2,224,0,4,240,2,246,245,0,245,491
11/06/2000,ARR,IL,AGL,CE,Towers with Display (VFR),0,0,13,0,13,0,0,20,0,20,0,0,33,0,33,10,0,10,43
11/07/2000,ARR,IL,AGL,CE,Towers with Display (VFR),0,1,17,0,18,0,1,51,5,57,0,2,68,5,75,20,7,27,102
11/08/2000,ARR,IL,AGL,CE,Towers with Display (VFR),0,0,20,0,20,0,0,138,2,140,0,0,158,2,160,141,2,143,303
11/09/2000,ARR,IL,AGL,CE,Towers with Display (VFR),0,0,13,0,13,0,0,6,0,6,0,0,19,0,19,0,0,0,19
11/10/2000,ARR,IL,AGL,CE,Towers with Display (VFR),0,0,24,0,24,0,0,89,0,89,0,0,113,0,113,74,0,74,187
11/11/2000,ARR,IL,AGL,CE,Towers with Display (VFR),0,1,13,0,14,0,4,153,0,157,0,5,166,0,171,137,0,137,308
11/12/2000,ARR,IL,AGL,CE,Towers with Display (VFR),0,0,21,0,21,0,0,105,0,105,0,0,126,0,126,261,0,261,387
11/13/2000,ARR,IL,AGL,CE,Towers with Display (VFR),0,0,7,0,7,0,0,9,0,9,0,0,16,0,16,0,0,0,16
11/14/2000,ARR,IL,AGL,CE,Towers with Display (VFR),0,0,14,0,14,0,0,14,0,14,0,0,28,0,28,4,0,4,32
11/15/2000,ARR,IL,AGL,CE,Towers with Display (VFR),0,0,22,0,22,0,0,195,0,195,0,0,217,0,217,169,0,169,386
11/16/2000,ARR,IL,AGL,CE,Towers with Display (VFR),0,0,21,0,21,0,0,17,10,27,0,0,38,10,48,0,19,19,67
11/17/2000,ARR,IL,AGL,CE,Towers with Display (VFR),0,0,14,0,14,0,0,96,0,96,0,0,110,0,110,168,0,168,278
11/18/2000,ARR,IL,AGL,CE,Towers with Display (VFR),0,0,16,0,16,0,3,87,2,92,0,3,103,2,108,129,0,129,237
11/19/2000,ARR,IL,AGL,CE,Towers with Display (VFR),0,0,12,0,12,0,0,65,0,65,0,0,77,0,77,152,0,152,229
11/20/2000,ARR,IL,AGL,CE,Towers with Display (VFR),0,0,16,0,16,0,0,6,0,6,0,0,22,0,22,16,0,16,38
11/21/2000,ARR,IL,AGL,CE,Towers with Display (VFR),0,0,15,0,15,0,0,129,0,129,0,0,144,0,144,215,0,215,359
11/22/2000,ARR,IL,AGL,CE,Towers with Display (VFR),0,0,19,0,19,0,0,156,2,158,0,0,175,2,177,230,2,232,409
11/23/2000,ARR,IL,AGL,CE,Towers with Display (VFR),0,0,9,0,9,0,0,100,0,100,0,0,109,0,109,76,0,76,185
11/24/2000,ARR,IL,AGL,CE,Towers with Display (VFR),0,0,13,0,13,0,0,234,0,234,0,0,247,0,247,281,0,281,528
11/25/2000,ARR,IL,AGL,CE,Towers with Display (VFR),0,1,25,0,26,0,3,53,0,56,0,4,78,0,82,128,0,128,210
11/26/2000,ARR,IL,AGL,CE,Towers with Display (VFR),0,0,25,0,25,0,0,0,0,0,0,0,25,0,25,0,0,0,25
11/27/2000,ARR,IL,AGL,CE,Towers with Display (VFR),0,0,13,0,13,0,0,4,0,4,0,0,17,0,17,0,0,0,17
11/28/2000,ARR,IL,AGL,CE,Towers with Display (VFR),0,0,28,0,28,0,0,80,0,80,0,0,108,0,108,207,0,207,315
11/29/2000,ARR,IL,AGL,CE,Towers with Display (VFR),0,0,11,0,11,0,0,14,0,14,0,0,25,0,25,16,0,16,41
11/30/2000,ARR,IL,AGL,CE,Towers with Display (VFR),0,0,14,0,14,0,0,44,4,48,0,0,58,4,62,28,14,42,104
12/01/2000,ARR,IL,AGL,CE,Towers with Display (VFR),0,0,13,0,13,0,0,63,0,63,0,0,76,0,76,40,0,40,116
12/02/2000,ARR,IL,AGL,CE,Towers with Display (VFR),0,3,19,0,22,0,1,139,0,140,0,4,158,0,162,187,0,187,349
12/03/2000,ARR,IL,AGL,CE,Towers with Display (VFR),0,0,12,0,12,0,0,154,0,154,0,0,166,0,166,234,0,234,400
12/04/2000,ARR,IL,AGL,CE,Towers with Display (VFR),0,0,10,0,10,0,0,64,0,64,0,0,74,0,74,81,0,81,155
12/05/2000,ARR,IL,AGL,CE,Towers with Display (VFR),0,0,3,0,3,0,0,63,0,63,0,0,66,0,66,72,0,72,138
12/06/2000,ARR,IL,AGL,CE,Towers with Display (VFR),0,0,15,0,15,0,0,45,0,45,0,0,60,0,60,78,0,78,138
12/07/2000,ARR,IL,AGL,CE,Towers with Display (VFR),0,1,8,0,9,0,0,1,0,1,0,1,9,0,10,0,0,0,10
12/08/2000,ARR,IL,AGL,CE,Towers with Display (VFR),0,0,14,0,14,0,0,107,2,109,0,0,121,2,123,51,0,51,174
12/09/2000,ARR,IL,AGL,CE,Towers with Display (VFR),0,3,12,0,15,0,3,112,0,115,0,6,124,0,130,226,0,226,356
12/10/2000,ARR,IL,AGL,CE,Towers with Display (VFR),0,0,17,0,17,0,0,23,2,25,0,0,40,2,42,76,0,76,118
12/11/2000,ARR,IL,AGL,CE,Towers with Display (VFR),0,0,0,0,0,0,0,0,0,0,0,0,0,0,0,0,0,0,0
12/12/2000,ARR,IL,AGL,CE,Towers with Display (VFR),0,0,12,0,12,0,4,26,0,30,0,4,38,0,42,13,0,13,55
12/13/2000,ARR,IL,AGL,CE,Towers with Display (VFR),0,0,9,0,9,0,0,20,0,20,0,0,29,0,29,4,0,4,33
12/14/2000,ARR,IL,AGL,CE,Towers with Display (VFR),0,0,13,0,13,0,0,37,0,37,0,0,50,0,50,49,0,49,99
12/15/2000,ARR,IL,AGL,CE,Towers with Display (VFR),0,1,16,0,17,0,1,0,0,1,0,2,16,0,18,0,0,0,18
12/16/2000,ARR,IL,AGL,CE,Towers with Display (VFR),0,0,2,0,2,0,2,0,0,2,0,2,2,0,4,0,0,0,4
12/17/2000,ARR,IL,AGL,CE,Towers with Display (VFR),0,0,7,0,7,0,0,23,0,23,0,0,30,0,30,4,0,4,34
12/18/2000,ARR,IL,AGL,CE,Towers with Display (VFR),0,0,17,0,17,0,0,41,0,41,0,0,58,0,58,47,0,47,105
12/19/2000,ARR,IL,AGL,CE,Towers with Display (VFR),0,0,12,0,12,0,0,45,0,45,0,0,57,0,57,51,0,51,108
12/20/2000,ARR,IL,AGL,CE,Towers with Display (VFR),0,0,14,0,14,0,0,21,0,21,0,0,35,0,35,16,0,16,51
12/21/2000,ARR,IL,AGL,CE,Towers with Display (VFR),0,0,14,0,14,0,0,42,0,42,0,0,56,0,56,38,0,38,94
12/22/2000,ARR,IL,AGL,CE,Towers with Display (VFR),0,0,11,0,11,0,0,67,0,67,0,0,78,0,78,62,0,62,140
12/23/2000,ARR,IL,AGL,CE,Towers with Display (VFR),0,0,12,0,12,0,4,56,0,60,0,4,68,0,72,101,0,101,173
12/24/2000,ARR,IL,AGL,CE,Towers with Display (VFR),0,0,6,0,6,0,0,46,0,46,0,0,52,0,52,80,0,80,132
12/25/2000,ARR,IL,AGL,CE,Towers with Display (VFR),0,0,3,0,3,0,0,18,0,18,0,0,21,0,21,9,0,9,30
12/26/2000,ARR,IL,AGL,CE,Towers with Display (VFR),0,0,19,0,19,0,0,40,0,40,0,0,59,0,59,44,0,44,103
12/27/2000,ARR,IL,AGL,CE,Towers with Display (VFR),0,1,18,0,19,0,1,58,0,59,0,2,76,0,78,128,0,128,206
12/28/2000,ARR,IL,AGL,CE,Towers with Display (VFR),0,0,7,0,7,0,0,72,0,72,0,0,79,0,79,130,0,130,209
12/29/2000,ARR,IL,AGL,CE,Towers with Display (VFR),0,0,4,0,4,0,2,0,0,2,0,2,4,0,6,0,0,0,6
12/30/2000,ARR,IL,AGL,CE,Towers with Display (VFR),0,0,6,0,6,0,4,8,0,12,0,4,14,0,18,55,0,55,73
12/31/2000,ARR,IL,AGL,CE,Towers with Display (VFR),0,0,12,0,12,0,2,61,0,63,0,2,73,0,75,141,0,141,216
01/01/2001,ARR,IL,AGL,CE,Towers with Display (VFR),0,0,1,0,1,0,0,73,0,73,0,0,74,0,74,84,0,84,158
01/02/2001,ARR,IL,AGL,CE,Towers with Display (VFR),0,2,17,1,20,0,1,77,2,80,0,3,94,3,100,114,4,118,218
01/03/2001,ARR,IL,AGL,CE,Towers with Display (VFR),0,0,11,0,11,0,2,16,0,18,0,2,27,0,29,44,0,44,73
01/04/2001,ARR,IL,AGL,CE,Towers with Display (VFR),0,0,12,0,12,0,0,33,0,33,0,0,45,0,45,34,0,34,79
01/05/2001,ARR,IL,AGL,CE,Towers with Display (VFR),0,0,12,1,13,0,0,73,1,74,0,0,85,2,87,115,0,115,202
01/06/2001,ARR,IL,AGL,CE,Towers with Display (VFR),0,2,17,1,20,0,2,273,1,276,0,4,290,2,296,246,0,246,542
01/07/2001,ARR,IL,AGL,CE,Towers with Display (VFR),0,0,15,1,16,0,0,136,1,137,0,0,151,2,153,280,0,280,433
01/08/2001,ARR,IL,AGL,CE,Towers with Display (VFR),0,2,15,0,17,0,0,84,0,84,0,2,99,0,101,173,0,173,274
01/09/2001,ARR,IL,AGL,CE,Towers with Display (VFR),0,0,13,1,14,0,1,147,0,148,0,1,160,1,162,159,0,159,321
01/10/2001,ARR,IL,AGL,CE,Towers with Display (VFR),0,1,19,0,20,0,0,142,0,142,0,1,161,0,162,183,0,183,345
01/11/2001,ARR,IL,AGL,CE,Towers with Display (VFR),0,0,21,0,21,0,0,151,2,153,0,0,172,2,174,219,0,219,393
01/12/2001,ARR,IL,AGL,CE,Towers with Display (VFR),0,0,20,0,20,0,0,2,0,2,0,0,22,0,22,0,0,0,22
01/13/2001,ARR,IL,AGL,CE,Towers with Display (VFR),0,0,7,0,7,0,4,0,0,4,0,4,7,0,11,6,0,6,17
01/14/2001,ARR,IL,AGL,CE,Towers with Display (VFR),0,0,10,0,10,0,0,0,0,0,0,0,10,0,10,4,0,4,14
01/15/2001,ARR,IL,AGL,CE,Towers with Display (VFR),0,0,11,0,11,0,0,1,0,1,0,0,12,0,12,9,0,9,21
01/16/2001,ARR,IL,AGL,CE,Towers with Display (VFR),0,0,12,0,12,0,0,36,0,36,0,0,48,0,48,86,0,86,134
01/17/2001,ARR,IL,AGL,CE,Towers with Display (VFR),0,0,15,0,15,0,0,74,4,78,0,0,89,4,93,104,2,106,199
01/18/2001,ARR,IL,AGL,CE,Towers with Display (VFR),0,0,18,0,18,0,0,112,2,114,0,0,130,2,132,132,0,132,264
01/19/2001,ARR,IL,AGL,CE,Towers with Display (VFR),0,0,16,0,16,0,0,77,2,79,0,0,93,2,95,162,0,162,257
01/20/2001,ARR,IL,AGL,CE,Towers with Display (VFR),0,0,14,0,14,0,4,223,2,229,0,4,237,2,243,311,0,311,554
01/21/2001,ARR,IL,AGL,CE,Towers with Display (VFR),0,0,19,0,19,0,0,0,2,2,0,0,19,2,21,332,0,332,353
01/22/2001,ARR,IL,AGL,CE,Towers with Display (VFR),0,2,20,0,22,0,0,106,0,106,0,2,126,0,128,180,0,180,308
01/23/2001,ARR,IL,AGL,CE,Towers with Display (VFR),0,0,19,0,19,0,0,74,2,76,0,0,93,2,95,176,3,179,274
01/24/2001,ARR,IL,AGL,CE,Towers with Display (VFR),0,2,18,0,20,0,2,101,2,105,0,4,119,2,125,137,2,139,264
01/25/2001,ARR,IL,AGL,CE,Towers with Display (VFR),0,0,14,0,14,0,0,126,1,127,0,0,140,1,141,263,2,265,406
01/26/2001,ARR,IL,AGL,CE,Towers with Display (VFR),0,0,7,0,7,0,1,0,0,1,0,1,7,0,8,0,0,0,8
01/27/2001,ARR,IL,AGL,CE,Towers with Display (VFR),0,1,21,0,22,0,5,160,0,165,0,6,181,0,187,333,0,333,520
01/28/2001,ARR,IL,AGL,CE,Towers with Display (VFR),0,0,8,0,8,0,0,114,0,114,0,0,122,0,122,257,0,257,379
01/29/2001,ARR,IL,AGL,CE,Towers with Display (VFR),0,0,11,0,11,0,0,0,0,0,0,0,11,0,11,0,0,0,11
01/30/2001,ARR,IL,AGL,CE,Towers with Display (VFR),0,0,7,0,7,0,2,0,0,2,0,2,7,0,9,0,0,0,9
01/31/2001,ARR,IL,AGL,CE,Towers with Display (VFR),0,0,21,0,21,0,0,21,0,21,0,0,42,0,42,80,0,80,122
02/01/2001,ARR,IL,AGL,CE,Towers with Display (VFR),0,0,19,0,19,0,0,112,0,112,0,0,131,0,131,160,0,160,291
02/02/2001,ARR,IL,AGL,CE,Towers with Display (VFR),0,0,11,0,11,0,0,93,0,93,0,0,104,0,104,180,0,180,284
02/03/2001,ARR,IL,AGL,CE,Towers with Display (VFR),0,1,13,0,14,0,3,149,0,152,0,4,162,0,166,240,0,240,406
02/04/2001,ARR,IL,AGL,CE,Towers with Display (VFR),0,0,3,0,3,0,0,1,0,1,0,0,4,0,4,0,0,0,4
02/05/2001,ARR,IL,AGL,CE,Towers with Display (VFR),0,0,18,0,18,0,0,27,4,31,0,0,45,4,49,63,0,63,112
02/06/2001,ARR,IL,AGL,CE,Towers with Display (VFR),0,0,21,0,21,0,0,74,0,74,0,0,95,0,95,76,0,76,171
02/07/2001,ARR,IL,AGL,CE,Towers with Display (VFR),0,1,12,0,13,0,3,24,0,27,0,4,36,0,40,28,4,32,72
02/08/2001,ARR,IL,AGL,CE,Towers with Display (VFR),0,1,11,0,12,0,0,0,0,0,0,1,11,0,12,0,0,0,12
02/09/2001,ARR,IL,AGL,CE,Towers with Display (VFR),0,1,6,0,7,0,0,1,0,1,0,1,7,0,8,0,0,0,8
02/10/2001,ARR,IL,AGL,CE,Towers with Display (VFR),0,1,17,0,18,0,3,130,0,133,0,4,147,0,151,190,0,190,341
02/11/2001,ARR,IL,AGL,CE,Towers with Display (VFR),0,0,22,0,22,0,0,188,0,188,0,0,210,0,210,282,0,282,492
02/12/2001,ARR,IL,AGL,CE,Towers with Display (VFR),0,0,13,0,13,0,0,135,0,135,0,0,148,0,148,145,0,145,293
02/13/2001,ARR,IL,AGL,CE,Towers with Display (VFR),0,0,20,0,20,0,0,25,0,25,0,0,45,0,45,98,0,98,143
02/14/2001,ARR,IL,AGL,CE,Towers with Display (VFR),0,1,13,0,14,0,6,0,0,6,0,7,13,0,20,0,0,0,20
02/15/2001,ARR,IL,AGL,CE,Towers with Display (VFR),0,0,16,1,17,0,0,96,2,98,0,0,112,3,115,147,2,149,264
02/16/2001,ARR,IL,AGL,CE,Towers with Display (VFR),0,0,18,0,18,0,0,58,0,58,0,0,76,0,76,66,0,66,142
02/17/2001,ARR,IL,AGL,CE,Towers with Display (VFR),0,1,23,0,24,0,2,164,0,166,0,3,187,0,190,312,0,312,502
02/18/2001,ARR,IL,AGL,CE,Towers with Display (VFR),0,0,29,0,29,0,0,154,0,154,0,0,183,0,183,405,0,405,588
02/19/2001,ARR,IL,AGL,CE,Towers with Display (VFR),0,0,18,0,18,0,0,59,0,59,0,0,77,0,77,120,0,120,197
02/20/2001,ARR,IL,AGL,CE,Towers with Display (VFR),0,0,14,0,14,0,0,108,0,108,0,0,122,0,122,68,0,68,190
02/21/2001,ARR,IL,AGL,CE,Towers with Display (VFR),0,0,12,0,12,0,0,136,0,136,0,0,148,0,148,166,0,166,314
02/22/2001,ARR,IL,AGL,CE,Towers with Display (VFR),0,0,20,0,20,0,0,38,0,38,0,0,58,0,58,59,0,59,117
02/23/2001,ARR,IL,AGL,CE,Towers with Display (VFR),0,0,30,0,30,0,0,163,0,163,0,0,193,0,193,293,0,293,486
02/24/2001,ARR,IL,AGL,CE,Towers with Display (VFR),0,0,4,0,4,0,4,0,0,4,0,4,4,0,8,0,0,0,8
02/25/2001,ARR,IL,AGL,CE,Towers with Display (VFR),0,0,10,0,10,0,0,10,0,10,0,0,20,0,20,0,0,0,20
02/26/2001,ARR,IL,AGL,CE,Towers with Display (VFR),0,0,22,0,22,0,0,146,0,146,0,0,168,0,168,237,0,237,405
02/27/2001,ARR,IL,AGL,CE,Towers with Display (VFR),0,0,22,0,22,0,0,102,5,107,0,0,124,5,129,238,0,238,367
02/28/2001,ARR,IL,AGL,CE,Towers with Display (VFR),0,0,16,0,16,0,0,143,0,143,0,0,159,0,159,224,0,224,383
03/01/2001,ARR,IL,AGL,CE,Towers with Display (VFR),0,2,28,0,30,0,0,127,2,129,0,2,155,2,159,208,4,212,371
03/02/2001,ARR,IL,AGL,CE,Towers with Display (VFR),0,0,15,0,15,0,0,42,0,42,0,0,57,0,57,38,0,38,95
03/03/2001,ARR,IL,AGL,CE,Towers with Display (VFR),0,2,28,0,30,0,2,161,0,163,0,4,189,0,193,418,0,418,611
03/04/2001,ARR,IL,AGL,CE,Towers with Display (VFR),0,0,13,0,13,0,0,71,0,71,0,0,84,0,84,188,0,188,272
03/05/2001,ARR,IL,AGL,CE,Towers with Display (VFR),0,0,16,0,16,0,0,54,0,54,0,0,70,0,70,36,0,36,106
03/06/2001,ARR,IL,AGL,CE,Towers with Display (VFR),0,0,13,0,13,0,0,98,2,100,0,0,111,2,113,114,4,118,231
03/07/2001,ARR,IL,AGL,CE,Towers with Display (VFR),0,0,18,0,18,0,0,194,0,194,0,0,212,0,212,246,0,246,458
03/08/2001,ARR,IL,AGL,CE,Towers with Display (VFR),0,0,27,0,27,0,0,30,0,30,0,0,57,0,57,78,0,78,135
03/09/2001,ARR,IL,AGL,CE,Towers with Display (VFR),0,0,29,0,29,0,0,127,3,130,0,0,156,3,159,209,4,213,372
03/10/2001,ARR,IL,AGL,CE,Towers with Display (VFR),0,2,22,0,24,0,2,214,0,216,0,4,236,0,240,325,0,325,565
03/11/2001,ARR,IL,AGL,CE,Towers with Display (VFR),0,0,19,0,19,0,0,186,1,187,0,0,205,1,206,397,0,397,603
03/12/2001,ARR,IL,AGL,CE,Towers with Display (VFR),0,0,11,0,11,0,0,1,0,1,0,0,12,0,12,0,0,0,12
03/13/2001,ARR,IL,AGL,CE,Towers with Display (VFR),0,2,16,0,18,0,0,35,0,35,0,2,51,0,53,43,0,43,96
03/14/2001,ARR,IL,AGL,CE,Towers with Display (VFR),0,0,29,0,29,0,0,160,0,160,0,0,189,0,189,204,0,204,393
03/15/2001,ARR,IL,AGL,CE,Towers with Display (VFR),0,0,24,0,24,0,0,4,0,4,0,0,28,0,28,0,0,0,28
03/16/2001,ARR,IL,AGL,CE,Towers with Display (VFR),0,1,28,0,29,0,3,0,0,3,0,4,28,0,32,7,0,7,39
03/17/2001,ARR,IL,AGL,CE,Towers with Display (VFR),0,1,21,0,22,0,3,158,0,161,0,4,179,0,183,352,0,352,535
03/18/2001,ARR,IL,AGL,CE,Towers with Display (VFR),0,0,23,0,23,0,0,286,0,286,0,0,309,0,309,396,0,396,705
03/19/2001,ARR,IL,AGL,CE,Towers with Display (VFR),0,0,26,0,26,0,0,179,0,179,0,0,205,0,205,235,0,235,440
03/20/2001,ARR,IL,AGL,CE,Towers with Display (VFR),0,0,30,1,31,0,0,222,1,223,0,0,252,2,254,272,3,275,529
03/21/2001,ARR,IL,AGL,CE,Towers with Display (VFR),0,0,24,0,24,0,0,175,0,175,0,0,199,0,199,169,0,169,368
03/22/2001,ARR,IL,AGL,CE,Towers with Display (VFR),0,1,28,0,29,0,3,157,0,160,0,4,185,0,189,195,0,195,384
03/23/2001,ARR,IL,AGL,CE,Towers with Display (VFR),0,1,27,0,28,0,1,103,0,104,0,2,130,0,132,199,0,199,331
03/24/2001,ARR,IL,AGL,CE,Towers with Display (VFR),0,1,23,0,24,0,4,150,0,154,0,5,173,0,178,328,0,328,506
03/25/2001,ARR,IL,AGL,CE,Towers with Display (VFR),0,0,16,0,16,0,0,108,0,108,0,0,124,0,124,192,0,192,316
03/26/2001,ARR,IL,AGL,CE,Towers with Display (VFR),0,1,24,0,25,0,3,122,0,125,0,4,146,0,150,199,0,199,349
03/27/2001,ARR,IL,AGL,CE,Towers with Display (VFR),0,2,34,0,36,0,1,164,0,165,0,3,198,0,201,286,0,286,487
03/28/2001,ARR,IL,AGL,CE,Towers with Display (VFR),0,0,17,0,17,0,0,130,0,130,0,0,147,0,147,175,0,175,322
03/29/2001,ARR,IL,AGL,CE,Towers with Display (VFR),0,1,31,0,32,0,2,104,0,106,0,3,135,0,138,189,0,189,327
03/30/2001,ARR,IL,AGL,CE,Towers with Display (VFR),0,0,25,0,25,0,0,177,0,177,0,0,202,0,202,286,0,286,488
03/31/2001,ARR,IL,AGL,CE,Towers with Display (VFR),0,0,56,0,56,0,0,86,3,89,0,0,142,3,145,234,0,234,379
04/01/2001,ARR,IL,AGL,CE,Towers with Display (VFR),0,0,13,0,13,0,0,219,0,219,0,0,232,0,232,292,0,292,524
04/02/2001,ARR,IL,AGL,CE,Towers with Display (VFR),0,0,19,0,19,0,0,149,0,149,0,0,168,0,168,326,0,326,494
04/03/2001,ARR,IL,AGL,CE,Towers with Display (VFR),0,0,25,0,25,0,0,65,0,65,0,0,90,0,90,94,0,94,184
04/04/2001,ARR,IL,AGL,CE,Towers with Display (VFR),0,0,19,0,19,0,0,129,0,129,0,0,148,0,148,186,0,186,334
04/05/2001,ARR,IL,AGL,CE,Towers with Display (VFR),0,1,18,0,19,0,1,80,0,81,0,2,98,0,100,117,0,117,217
04/06/2001,ARR,IL,AGL,CE,Towers with Display (VFR),0,1,19,0,20,0,0,0,2,2,0,1,19,2,22,18,0,18,40
04/07/2001,ARR,IL,AGL,CE,Towers with Display (VFR),0,1,9,0,10,0,1,11,0,12,0,2,20,0,22,36,0,36,58
04/08/2001,ARR,IL,AGL,CE,Towers with Display (VFR),0,1,18,0,19,0,1,177,0,178,0,2,195,0,197,315,0,315,512
04/09/2001,ARR,IL,AGL,CE,Towers with Display (VFR),0,0,13,0,13,0,0,45,0,45,0,0,58,0,58,197,0,197,255
04/10/2001,ARR,IL,AGL,CE,Towers with Display (VFR),0,0,49,0,49,0,0,23,0,23,0,0,72,0,72,158,0,158,230
04/11/2001,ARR,IL,AGL,CE,Towers with Display (VFR),0,0,17,0,17,0,1,18,0,19,0,1,35,0,36,15,0,15,51
04/12/2001,ARR,IL,AGL,CE,Towers with Display (VFR),0,0,7,0,7,0,0,9,0,9,0,0,16,0,16,0,0,0,16
04/13/2001,ARR,IL,AGL,CE,Towers with Display (VFR),0,0,24,0,24,0,1,228,0,229,0,1,252,0,253,291,0,291,544
04/14/2001,ARR,IL,AGL,CE,Towers with Display (VFR),0,0,15,0,15,0,3,180,0,183,0,3,195,0,198,473,0,473,671
04/15/2001,ARR,IL,AGL,CE,Towers with Display (VFR),0,0,15,0,15,0,0,22,0,22,0,0,37,0,37,36,0,36,73
04/16/2001,ARR,IL,AGL,CE,Towers with Display (VFR),0,0,24,0,24,0,2,28,0,30,0,2,52,0,54,28,0,28,82
04/17/2001,ARR,IL,AGL,CE,Towers with Display (VFR),0,0,16,0,16,0,0,72,4,76,0,0,88,4,92,68,4,72,164
04/18/2001,ARR,IL,AGL,CE,Towers with Display (VFR),0,0,13,0,13,0,0,182,0,182,0,0,195,0,195,257,0,257,452
04/19/2001,ARR,IL,AGL,CE,Towers with Display (VFR),0,0,24,0,24,0,1,114,0,115,0,1,138,0,139,75,0,75,214
04/20/2001,ARR,IL,AGL,CE,Towers with Display (VFR),0,0,18,0,18,0,0,103,0,103,0,0,121,0,121,99,0,99,220
04/21/2001,ARR,IL,AGL,CE,Towers with Display (VFR),0,0,9,0,9,0,3,26,2,31,0,3,35,2,40,14,0,14,54
04/22/2001,ARR,IL,AGL,CE,Towers with Display (VFR),0,0,12,0,12,0,1,49,0,50,0,1,61,0,62,155,0,155,217
04/23/2001,ARR,IL,AGL,CE,Towers with Display (VFR),0,0,14,0,14,0,1,13,0,14,0,1,27,0,28,0,0,0,28
04/24/2001,ARR,IL,AGL,CE,Towers with Display (VFR),0,0,26,0,26,0,0,147,0,147,0,0,173,0,173,341,0,341,514
04/25/2001,ARR,IL,AGL,CE,Towers with Display (VFR),0,0,9,0,9,0,0,126,2,128,0,0,135,2,137,259,0,259,396
04/26/2001,ARR,IL,AGL,CE,Towers with Display (VFR),0,0,21,0,21,0,0,94,0,94,0,0,115,0,115,63,0,63,178
04/27/2001,ARR,IL,AGL,CE,Towers with Display (VFR),0,0,21,0,21,0,0,111,0,111,0,0,132,0,132,201,0,201,333
04/28/2001,ARR,IL,AGL,CE,Towers with Display (VFR),0,0,12,0,12,0,2,185,0,187,0,2,197,0,199,285,0,285,484
04/29/2001,ARR,IL,AGL,CE,Towers with Display (VFR),0,0,6,0,6,0,0,312,0,312,0,0,318,0,318,292,0,292,610
04/30/2001,ARR,IL,AGL,CE,Towers with Display (VFR),0,0,22,0,22,0,0,52,0,52,0,0,74,0,74,128,0,128,202
05/01/2001,ARR,IL,AGL,CE,Towers with Display (VFR),0,1,16,0,17,0,0,70,6,76,0,1,86,6,93,88,6,94,187
05/02/2001,ARR,IL,AGL,CE,Towers with Display (VFR),0,1,20,0,21,0,0,86,3,89,0,1,106,3,110,127,8,135,245
05/03/2001,ARR,IL,AGL,CE,Towers with Display (VFR),0,1,19,0,20,0,1,95,1,97,0,2,114,1,117,71,0,71,188
05/04/2001,ARR,IL,AGL,CE,Towers with Display (VFR),0,0,21,1,22,0,0,92,5,97,0,0,113,6,119,139,6,145,264
05/05/2001,ARR,IL,AGL,CE,Towers with Display (VFR),0,0,13,0,13,0,3,110,0,113,0,3,123,0,126,166,0,166,292
05/06/2001,ARR,IL,AGL,CE,Towers with Display (VFR),0,0,23,1,24,0,2,147,5,154,0,2,170,6,178,249,3,252,430
05/07/2001,ARR,IL,AGL,CE,Towers with Display (VFR),0,0,19,0,19,0,2,49,0,51,0,2,68,0,70,89,0,89,159
05/08/2001,ARR,IL,AGL,CE,Towers with Display (VFR),0,0,10,1,11,0,0,92,2,94,0,0,102,3,105,88,4,92,197
05/09/2001,ARR,IL,AGL,CE,Towers with Display (VFR),0,2,22,0,24,0,0,166,0,166,0,2,188,0,190,248,0,248,438
05/10/2001,ARR,IL,AGL,CE,Towers with Display (VFR),0,0,23,0,23,0,0,113,0,113,0,0,136,0,136,176,0,176,312
05/11/2001,ARR,IL,AGL,CE,Towers with Display (VFR),0,1,33,0,34,0,0,48,0,48,0,1,81,0,82,56,0,56,138
05/12/2001,ARR,IL,AGL,CE,Towers with Display (VFR),0,2,28,0,30,0,0,204,0,204,0,2,232,0,234,430,0,430,664
05/13/2001,ARR,IL,AGL,CE,Towers with Display (VFR),0,0,10,0,10,0,1,162,0,163,0,1,172,0,173,307,0,307,480
05/14/2001,ARR,IL,AGL,CE,Towers with Display (VFR),0,0,19,1,20,0,0,67,2,69,0,0,86,3,89,130,0,130,219
05/15/2001,ARR,IL,AGL,CE,Towers with Display (VFR),0,0,19,0,19,0,0,89,0,89,0,0,108,0,108,150,0,150,258
05/16/2001,ARR,IL,AGL,CE,Towers with Display (VFR),0,0,15,0,15,0,2,113,0,115,0,2,128,0,130,258,0,258,388
05/17/2001,ARR,IL,AGL,CE,Towers with Display (VFR),0,0,22,0,22,0,0,102,0,102,0,0,124,0,124,133,0,133,257
05/18/2001,ARR,IL,AGL,CE,Towers with Display (VFR),0,0,24,0,24,0,3,125,2,130,0,3,149,2,154,144,0,144,298
05/19/2001,ARR,IL,AGL,CE,Towers with Display (VFR),0,0,23,0,23,0,0,223,0,223,0,0,246,0,246,291,0,291,537
05/20/2001,ARR,IL,AGL,CE,Towers with Display (VFR),0,2,24,0,26,0,0,318,0,318,0,2,342,0,344,255,0,255,599
05/21/2001,ARR,IL,AGL,CE,Towers with Display (VFR),0,0,33,0,33,0,0,17,0,17,0,0,50,0,50,27,0,27,77
05/22/2001,ARR,IL,AGL,CE,Towers with Display (VFR),0,0,23,0,23,0,0,88,0,88,0,0,111,0,111,106,0,106,217
05/23/2001,ARR,IL,AGL,CE,Towers with Display (VFR),0,0,23,0,23,0,0,53,0,53,0,0,76,0,76,112,0,112,188
05/24/2001,ARR,IL,AGL,CE,Towers with Display (VFR),0,1,24,0,25,0,0,102,1,103,0,1,126,1,128,154,0,154,282
05/25/2001,ARR,IL,AGL,CE,Towers with Display (VFR),0,0,26,0,26,0,0,60,0,60,0,0,86,0,86,97,0,97,183
05/26/2001,ARR,IL,AGL,CE,Towers with Display (VFR),0,2,31,0,33,0,1,12,0,13,0,3,43,0,46,16,0,16,62
05/27/2001,ARR,IL,AGL,CE,Towers with Display (VFR),0,0,23,0,23,0,0,130,0,130,0,0,153,0,153,254,0,254,407
05/28/2001,ARR,IL,AGL,CE,Towers with Display (VFR),0,0,13,0,13,0,2,245,0,247,0,2,258,0,260,385,0,385,645
05/29/2001,ARR,IL,AGL,CE,Towers with Display (VFR),0,0,5,0,5,0,0,159,0,159,0,0,164,0,164,267,0,267,431
05/30/2001,ARR,IL,AGL,CE,Towers with Display (VFR),0,0,23,0,23,0,0,149,0,149,0,0,172,0,172,212,0,212,384
05/31/2001,ARR,IL,AGL,CE,Towers with Display (VFR),0,1,29,0,30,0,0,48,0,48,0,1,77,0,78,84,0,84,162
06/01/2001,ARR,IL,AGL,CE,Towers with Display (VFR),0,1,23,0,24,0,0,72,0,72,0,1,95,0,96,107,0,107,203
06/02/2001,ARR,IL,AGL,CE,Towers with Display (VFR),0,2,22,0,24,0,2,50,0,52,0,4,72,0,76,90,0,90,166
06/03/2001,ARR,IL,AGL,CE,Towers with Display (VFR),0,0,35,0,35,0,0,188,0,188,0,0,223,0,223,382,0,382,605
06/04/2001,ARR,IL,AGL,CE,Towers with Display (VFR),0,0,20,0,20,0,0,61,2,63,0,0,81,2,83,130,0,130,213
06/05/2001,ARR,IL,AGL,CE,Towers with Display (VFR),0,2,21,0,23,0,0,0,0,0,0,2,21,0,23,0,0,0,23
06/06/2001,ARR,IL,AGL,CE,Towers with Display (VFR),0,2,41,0,43,0,0,18,0,18,0,2,59,0,61,40,0,40,101
06/07/2001,ARR,IL,AGL,CE,Towers with Display (VFR),0,0,32,0,32,0,0,72,0,72,0,0,104,0,104,124,0,124,228
06/08/2001,ARR,IL,AGL,CE,Towers with Display (VFR),0,3,30,0,33,0,0,219,2,221,0,3,249,2,254,297,0,297,551
06/09/2001,ARR,IL,AGL,CE,Towers with Display (VFR),0,1,17,1,19,0,4,273,0,277,0,5,290,1,296,488,0,488,784
06/10/2001,ARR,IL,AGL,CE,Towers with Display (VFR),0,0,14,1,15,0,1,340,4,345,0,1,354,5,360,335,6,341,701
06/11/2001,ARR,IL,AGL,CE,Towers with Display (VFR),0,0,18,0,18,0,0,163,0,163,0,0,181,0,181,303,0,303,484
06/12/2001,ARR,IL,AGL,CE,Towers with Display (VFR),0,0,15,0,15,0,0,82,0,82,0,0,97,0,97,171,0,171,268
06/13/2001,ARR,IL,AGL,CE,Towers with Display (VFR),0,0,13,1,14,0,2,132,2,136,0,2,145,3,150,164,0,164,314
06/14/2001,ARR,IL,AGL,CE,Towers with Display (VFR),0,0,17,0,17,0,0,130,0,130,0,0,147,0,147,175,0,175,322
06/15/2001,ARR,IL,AGL,CE,Towers with Display (VFR),0,1,23,0,24,0,1,117,0,118,0,2,140,0,142,276,0,276,418
06/16/2001,ARR,IL,AGL,CE,Towers with Display (VFR),0,1,22,0,23,0,2,164,0,166,0,3,186,0,189,281,0,281,470
06/17/2001,ARR,IL,AGL,CE,Towers with Display (VFR),0,0,10,0,10,0,0,145,0,145,0,0,155,0,155,218,0,218,373
06/18/2001,ARR,IL,AGL,CE,Towers with Display (VFR),0,0,20,0,20,0,0,92,0,92,0,0,112,0,112,191,0,191,303
06/19/2001,ARR,IL,AGL,CE,Towers with Display (VFR),0,0,19,0,19,0,0,131,0,131,0,0,150,0,150,187,0,187,337
06/20/2001,ARR,IL,AGL,CE,Towers with Display (VFR),0,0,15,0,15,0,0,159,0,159,0,0,174,0,174,312,0,312,486
06/21/2001,ARR,IL,AGL,CE,Towers with Display (VFR),0,2,31,0,33,0,1,69,0,70,0,3,100,0,103,213,0,213,316
06/22/2001,ARR,IL,AGL,CE,Towers with Display (VFR),0,1,40,0,41,0,0,139,1,140,0,1,179,1,181,196,4,200,381
06/23/2001,ARR,IL,AGL,CE,Towers with Display (VFR),0,0,17,0,17,0,0,207,0,207,0,0,224,0,224,413,0,413,637
06/24/2001,ARR,IL,AGL,CE,Towers with Display (VFR),0,0,25,0,25,0,0,294,3,297,0,0,319,3,322,357,0,357,679
06/25/2001,ARR,IL,AGL,CE,Towers with Display (VFR),0,0,24,0,24,0,0,153,0,153,0,0,177,0,177,249,0,249,426
06/26/2001,ARR,IL,AGL,CE,Towers with Display (VFR),0,1,19,0,20,0,3,182,0,185,0,4,201,0,205,324,0,324,529
06/27/2001,ARR,IL,AGL,CE,Towers with Display (VFR),0,2,27,0,29,0,5,140,0,145,0,7,167,0,174,263,0,263,437
06/28/2001,ARR,IL,AGL,CE,Towers with Display (VFR),0,2,28,0,30,0,2,157,0,159,0,4,185,0,189,201,0,201,390
06/29/2001,ARR,IL,AGL,CE,Towers with Display (VFR),0,0,14,0,14,0,0,176,0,176,0,0,190,0,190,239,0,239,429
06/30/2001,ARR,IL,AGL,CE,Towers with Display (VFR),0,2,27,0,29,0,0,148,0,148,0,2,175,0,177,348,0,348,525
07/01/2001,ARR,IL,AGL,CE,Towers with Display (VFR),0,2,20,0,22,0,0,130,1,131,0,2,150,1,153,305,0,305,458
07/02/2001,ARR,IL,AGL,CE,Towers with Display (VFR),0,0,25,0,25,0,0,236,0,236,0,0,261,0,261,362,0,362,623
07/03/2001,ARR,IL,AGL,CE,Towers with Display (VFR),0,0,19,0,19,0,0,45,0,45,0,0,64,0,64,37,0,37,101
07/04/2001,ARR,IL,AGL,CE,Towers with Display (VFR),0,0,10,0,10,0,0,147,0,147,0,0,157,0,157,251,0,251,408
07/05/2001,ARR,IL,AGL,CE,Towers with Display (VFR),0,2,33,0,35,0,0,205,0,205,0,2,238,0,240,390,0,390,630
07/06/2001,ARR,IL,AGL,CE,Towers with Display (VFR),0,0,43,0,43,0,0,198,0,198,0,0,241,0,241,286,0,286,527
07/07/2001,ARR,IL,AGL,CE,Towers with Display (VFR),0,1,16,0,17,0,2,102,0,104,0,3,118,0,121,245,0,245,366
07/08/2001,ARR,IL,AGL,CE,Towers with Display (VFR),0,2,30,0,32,0,0,137,0,137,0,2,167,0,169,286,0,286,455
07/09/2001,ARR,IL,AGL,CE,Towers with Display (VFR),0,0,35,0,35,0,0,135,0,135,0,0,170,0,170,217,0,217,387
07/10/2001,ARR,IL,AGL,CE,Towers with Display (VFR),0,2,41,0,43,0,0,244,0,244,0,2,285,0,287,306,0,306,593
07/11/2001,ARR,IL,AGL,CE,Towers with Display (VFR),0,0,17,0,17,0,0,205,0,205,0,0,222,0,222,246,0,246,468
07/12/2001,ARR,IL,AGL,CE,Towers with Display (VFR),0,0,27,0,27,0,0,205,0,205,0,0,232,0,232,272,0,272,504
07/13/2001,ARR,IL,AGL,CE,Towers with Display (VFR),0,0,24,1,25,0,0,191,1,192,0,0,215,2,217,346,0,346,563
07/14/2001,ARR,IL,AGL,CE,Towers with Display (VFR),0,0,19,0,19,0,0,232,0,232,0,0,251,0,251,370,0,370,621
07/15/2001,ARR,IL,AGL,CE,Towers with Display (VFR),0,2,42,0,44,0,5,205,2,212,0,7,247,2,256,266,0,266,522
07/16/2001,ARR,IL,AGL,CE,Towers with Display (VFR),0,1,25,0,26,0,0,217,0,217,0,1,242,0,243,350,0,350,593
07/17/2001,ARR,IL,AGL,CE,Towers with Display (VFR),0,1,19,0,20,0,1,111,2,114,0,2,130,2,134,216,4,220,354
07/18/2001,ARR,IL,AGL,CE,Towers with Display (VFR),0,0,28,0,28,0,0,56,0,56,0,0,84,0,84,99,0,99,183
07/19/2001,ARR,IL,AGL,CE,Towers with Display (VFR),0,0,35,0,35,0,0,111,1,112,0,0,146,1,147,223,0,223,370
07/20/2001,ARR,IL,AGL,CE,Towers with Display (VFR),0,2,37,0,39,0,1,170,0,171,0,3,207,0,210,303,0,303,513
07/21/2001,ARR,IL,AGL,CE,Towers with Display (VFR),0,1,28,0,29,0,1,124,1,126,0,2,152,1,155,426,0,426,581
07/22/2001,ARR,IL,AGL,CE,Towers with Display (VFR),0,1,23,0,24,0,2,261,0,263,0,3,284,0,287,228,0,228,515
07/23/2001,ARR,IL,AGL,CE,Towers with Display (VFR),0,0,22,0,22,0,0,249,0,249,0,0,271,0,271,369,0,369,640
07/24/2001,ARR,IL,AGL,CE,Towers with Display (VFR),0,1,29,0,30,0,1,141,2,144,0,2,170,2,174,273,0,273,447
07/25/2001,ARR,IL,AGL,CE,Towers with Display (VFR),0,1,25,0,26,0,0,74,0,74,0,1,99,0,100,156,0,156,256
07/26/2001,ARR,IL,AGL,CE,Towers with Display (VFR),0,0,54,0,54,0,0,224,0,224,0,0,278,0,278,268,0,268,546
07/27/2001,ARR,IL,AGL,CE,Towers with Display (VFR),0,2,41,0,43,0,3,217,0,220,0,5,258,0,263,330,0,330,593
07/28/2001,ARR,IL,AGL,CE,Towers with Display (VFR),0,2,37,0,39,0,2,104,0,106,0,4,141,0,145,286,0,286,431
07/29/2001,ARR,IL,AGL,CE,Towers with Display (VFR),0,1,30,0,31,0,1,165,0,166,0,2,195,0,197,294,0,294,491
07/30/2001,ARR,IL,AGL,CE,Towers with Display (VFR),0,0,31,0,31,0,0,184,0,184,0,0,215,0,215,187,0,187,402
07/31/2001,ARR,IL,AGL,CE,Towers with Display (VFR),0,0,21,0,21,0,0,129,0,129,0,0,150,0,150,264,0,264,414
08/01/2001,ARR,IL,AGL,CE,Towers with Display (VFR),0,0,33,0,33,0,0,125,0,125,0,0,158,0,158,303,0,303,461
08/02/2001,ARR,IL,AGL,CE,Towers with Display (VFR),0,2,25,0,27,0,10,42,0,52,0,12,67,0,79,101,0,101,180
08/03/2001,ARR,IL,AGL,CE,Towers with Display (VFR),0,2,26,0,28,0,2,93,0,95,0,4,119,0,123,275,0,275,398
08/04/2001,ARR,IL,AGL,CE,Towers with Display (VFR),0,1,23,0,24,0,5,248,0,253,0,6,271,0,277,431,0,431,708
08/05/2001,ARR,IL,AGL,CE,Towers with Display (VFR),0,1,21,0,22,0,1,201,0,202,0,2,222,0,224,369,0,369,593
08/06/2001,ARR,IL,AGL,CE,Towers with Display (VFR),0,2,26,0,28,0,5,139,0,144,0,7,165,0,172,338,0,338,510
08/07/2001,ARR,IL,AGL,CE,Towers with Display (VFR),0,0,26,1,27,0,0,194,7,201,0,0,220,8,228,258,16,274,502
08/08/2001,ARR,IL,AGL,CE,Towers with Display (VFR),0,0,16,1,17,0,0,133,1,134,0,0,149,2,151,184,10,194,345
08/09/2001,ARR,IL,AGL,CE,Towers with Display (VFR),0,0,24,0,24,0,0,112,0,112,0,0,136,0,136,206,0,206,342
08/10/2001,ARR,IL,AGL,CE,Towers with Display (VFR),0,0,25,1,26,0,0,168,2,170,0,0,193,3,196,242,4,246,442
08/11/2001,ARR,IL,AGL,CE,Towers with Display (VFR),0,0,15,0,15,0,0,199,0,199,0,0,214,0,214,413,0,413,627
08/12/2001,ARR,IL,AGL,CE,Towers with Display (VFR),0,2,27,1,30,0,0,197,1,198,0,2,224,2,228,293,0,293,521
08/13/2001,ARR,IL,AGL,CE,Towers with Display (VFR),0,2,25,0,27,0,1,107,0,108,0,3,132,0,135,212,0,212,347
08/14/2001,ARR,IL,AGL,CE,Towers with Display (VFR),0,0,21,1,22,0,0,174,0,174,0,0,195,1,196,327,0,327,523
08/15/2001,ARR,IL,AGL,CE,Towers with Display (VFR),0,0,29,0,29,0,0,118,0,118,0,0,147,0,147,182,0,182,329
08/16/2001,ARR,IL,AGL,CE,Towers with Display (VFR),0,0,43,0,43,0,0,62,0,62,0,0,105,0,105,120,0,120,225
08/17/2001,ARR,IL,AGL,CE,Towers with Display (VFR),0,0,24,0,24,0,0,295,0,295,0,0,319,0,319,274,0,274,593
08/18/2001,ARR,IL,AGL,CE,Towers with Display (VFR),0,1,16,0,17,0,2,121,0,123,0,3,137,0,140,108,0,108,248
08/19/2001,ARR,IL,AGL,CE,Towers with Display (VFR),0,0,27,0,27,0,0,187,0,187,0,0,214,0,214,131,0,131,345
08/20/2001,ARR,IL,AGL,CE,Towers with Display (VFR),0,0,33,0,33,0,0,135,0,135,0,0,168,0,168,213,0,213,381
08/21/2001,ARR,IL,AGL,CE,Towers with Display (VFR),0,0,24,0,24,0,0,147,4,151,0,0,171,4,175,223,1,224,399
08/22/2001,ARR,IL,AGL,CE,Towers with Display (VFR),0,0,25,0,25,0,0,50,0,50,0,0,75,0,75,145,0,145,220
08/23/2001,ARR,IL,AGL,CE,Towers with Display (VFR),0,0,40,0,40,0,0,51,0,51,0,0,91,0,91,95,0,95,186
08/24/2001,ARR,IL,AGL,CE,Towers with Display (VFR),0,0,36,0,36,0,0,61,1,62,0,0,97,1,98,45,0,45,143
08/25/2001,ARR,IL,AGL,CE,Towers with Display (VFR),0,0,15,0,15,0,4,16,0,20,0,4,31,0,35,24,0,24,59
08/26/2001,ARR,IL,AGL,CE,Towers with Display (VFR),0,0,31,0,31,0,0,430,2,432,0,0,461,2,463,318,2,320,783
08/27/2001,ARR,IL,AGL,CE,Towers with Display (VFR),0,1,24,0,25,0,3,109,0,112,0,4,133,0,137,142,0,142,279
08/28/2001,ARR,IL,AGL,CE,Towers with Display (VFR),0,1,37,0,38,0,0,203,0,203,0,1,240,0,241,312,0,312,553
08/29/2001,ARR,IL,AGL,CE,Towers with Display (VFR),0,0,36,0,36,0,0,197,0,197,0,0,233,0,233,271,0,271,504
08/30/2001,ARR,IL,AGL,CE,Towers with Display (VFR),0,2,28,0,30,0,3,151,0,154,0,5,179,0,184,197,0,197,381
08/31/2001,ARR,IL,AGL,CE,Towers with Display (VFR),0,0,29,0,29,0,0,177,1,178,0,0,206,1,207,295,0,295,502
09/01/2001,ARR,IL,AGL,CE,Towers with Display (VFR),0,2,25,0,27,0,0,234,0,234,0,2,259,0,261,349,0,349,610
09/02/2001,ARR,IL,AGL,CE,Towers with Display (VFR),0,0,17,0,17,0,0,223,0,223,0,0,240,0,240,272,0,272,512
09/03/2001,ARR,IL,AGL,CE,Towers with Display (VFR),0,0,21,0,21,0,0,156,0,156,0,0,177,0,177,185,0,185,362
09/04/2001,ARR,IL,AGL,CE,Towers with Display (VFR),0,0,17,0,17,0,0,197,0,197,0,0,214,0,214,323,0,323,537
09/05/2001,ARR,IL,AGL,CE,Towers with Display (VFR),0,3,25,0,28,0,1,179,1,181,0,4,204,1,209,258,0,258,467
09/06/2001,ARR,IL,AGL,CE,Towers with Display (VFR),0,2,28,0,30,0,0,149,3,152,0,2,177,3,182,155,0,155,337
09/07/2001,ARR,IL,AGL,CE,Towers with Display (VFR),0,4,31,0,35,0,2,77,3,82,0,6,108,3,117,310,0,310,427
09/08/2001,ARR,IL,AGL,CE,Towers with Display (VFR),0,2,12,0,14,0,2,90,0,92,0,4,102,0,106,81,0,81,187
09/09/2001,ARR,IL,AGL,CE,Towers with Display (VFR),0,0,27,0,27,0,0,22,2,24,0,0,49,2,51,50,0,50,101
09/10/2001,ARR,IL,AGL,CE,Towers with Display (VFR),0,0,17,0,17,0,0,132,0,132,0,0,149,0,149,268,0,268,417
09/11/2001,ARR,IL,AGL,CE,Towers with Display (VFR),0,0,2,0,2,0,0,17,0,17,0,0,19,0,19,18,0,18,37
09/12/2001,ARR,IL,AGL,CE,Towers with Display (VFR),0,0,0,0,0,0,0,0,0,0,0,0,0,0,0,0,0,0,0
09/13/2001,ARR,IL,AGL,CE,Towers with Display (VFR),0,0,3,0,3,0,6,0,0,6,0,6,3,0,9,0,0,0,9
09/14/2001,ARR,IL,AGL,CE,Towers with Display (VFR),0,1,12,0,13,0,5,0,0,5,0,6,12,0,18,0,0,0,18
09/15/2001,ARR,IL,AGL,CE,Towers with Display (VFR),0,5,45,0,50,0,5,0,0,5,0,10,45,0,55,4,0,4,59
09/16/2001,ARR,IL,AGL,CE,Towers with Display (VFR),0,3,33,0,36,0,0,1,0,1,0,3,34,0,37,0,0,0,37
09/17/2001,ARR,IL,AGL,CE,Towers with Display (VFR),0,4,58,0,62,0,0,3,0,3,0,4,61,0,65,0,0,0,65
09/18/2001,ARR,IL,AGL,CE,Towers with Display (VFR),0,4,41,0,45,0,1,0,0,1,0,5,41,0,46,0,0,0,46
09/19/2001,ARR,IL,AGL,CE,Towers with Display (VFR),0,4,35,0,39,0,7,0,0,7,0,11,35,0,46,0,0,0,46
09/20/2001,ARR,IL,AGL,CE,Towers with Display (VFR),0,6,68,0,74,0,0,42,0,42,0,6,110,0,116,0,0,0,116
09/21/2001,ARR,IL,AGL,CE,Towers with Display (VFR),0,6,56,0,62,0,2,68,0,70,0,8,124,0,132,86,0,86,218
09/22/2001,ARR,IL,AGL,CE,Towers with Display (VFR),0,2,45,0,47,0,0,184,2,186,0,2,229,2,233,420,0,420,653
09/23/2001,ARR,IL,AGL,CE,Towers with Display (VFR),0,3,28,0,31,0,0,30,0,30,0,3,58,0,61,2,0,2,63
09/24/2001,ARR,IL,AGL,CE,Towers with Display (VFR),0,3,34,0,37,0,1,88,0,89,0,4,122,0,126,101,0,101,227
09/25/2001,ARR,IL,AGL,CE,Towers with Display (VFR),0,3,38,0,41,0,0,149,1,150,0,3,187,1,191,197,0,197,388
09/26/2001,ARR,IL,AGL,CE,Towers with Display (VFR),0,0,38,0,38,0,0,154,0,154,0,0,192,0,192,326,0,326,518
09/27/2001,ARR,IL,AGL,CE,Towers with Display (VFR),0,3,34,0,37,0,0,203,0,203,0,3,237,0,240,294,0,294,534
09/28/2001,ARR,IL,AGL,CE,Towers with Display (VFR),0,2,67,0,69,0,0,107,0,107,0,2,174,0,176,189,0,189,365
09/29/2001,ARR,IL,AGL,CE,Towers with Display (VFR),0,2,34,0,36,0,0,234,0,234,0,2,268,0,270,326,0,326,596
09/30/2001,ARR,IL,AGL,CE,Towers with Display (VFR),0,2,25,0,27,0,0,348,0,348,0,2,373,0,375,248,0,248,623
10/01/2001,ARR,IL,AGL,CE,Towers with Display (VFR),0,1,21,0,22,0,0,135,0,135,0,1,156,0,157,346,0,346,503
10/02/2001,ARR,IL,AGL,CE,Towers with Display (VFR),0,1,32,0,33,0,0,181,0,181,0,1,213,0,214,325,0,325,539
10/03/2001,ARR,IL,AGL,CE,Towers with Display (VFR),0,2,16,0,18,0,3,129,0,132,0,5,145,0,150,180,0,180,330
10/04/2001,ARR,IL,AGL,CE,Towers with Display (VFR),0,1,24,0,25,0,0,65,0,65,0,1,89,0,90,130,0,130,220
10/05/2001,ARR,IL,AGL,CE,Towers with Display (VFR),0,4,58,0,62,0,0,109,0,109,0,4,167,0,171,205,0,205,376
10/06/2001,ARR,IL,AGL,CE,Towers with Display (VFR),0,3,41,0,44,0,0,173,0,173,0,3,214,0,217,155,0,155,372
10/07/2001,ARR,IL,AGL,CE,Towers with Display (VFR),0,2,46,0,48,0,0,195,0,195,0,2,241,0,243,302,0,302,545
10/08/2001,ARR,IL,AGL,CE,Towers with Display (VFR),0,4,43,0,47,0,4,101,0,105,0,8,144,0,152,182,0,182,334
10/09/2001,ARR,IL,AGL,CE,Towers with Display (VFR),0,2,20,0,22,0,1,109,0,110,0,3,129,0,132,191,0,191,323
10/10/2001,ARR,IL,AGL,CE,Towers with Display (VFR),0,0,0,0,0,0,2,27,0,29,0,2,27,0,29,2,0,2,31
10/11/2001,ARR,IL,AGL,CE,Towers with Display (VFR),0,1,39,0,40,0,0,164,0,164,0,1,203,0,204,307,0,307,511
10/12/2001,ARR,IL,AGL,CE,Towers with Display (VFR),0,2,37,0,39,0,0,101,0,101,0,2,138,0,140,215,0,215,355
10/13/2001,ARR,IL,AGL,CE,Towers with Display (VFR),0,0,11,0,11,0,3,4,0,7,0,3,15,0,18,0,0,0,18
10/14/2001,ARR,IL,AGL,CE,Towers with Display (VFR),0,0,32,1,33,0,0,123,3,126,0,0,155,4,159,228,40,268,427
10/15/2001,ARR,IL,AGL,CE,Towers with Display (VFR),0,3,33,0,36,0,0,89,0,89,0,3,122,0,125,142,0,142,267
10/16/2001,ARR,IL,AGL,CE,Towers with Display (VFR),0,0,28,1,29,0,0,57,0,57,0,0,85,1,86,49,0,49,135
10/17/2001,ARR,IL,AGL,CE,Towers with Display (VFR),0,1,34,0,35,0,0,162,2,164,0,1,196,2,199,280,10,290,489
10/18/2001,ARR,IL,AGL,CE,Towers with Display (VFR),0,0,34,0,34,0,0,93,2,95,0,0,127,2,129,138,0,138,267
10/19/2001,ARR,IL,AGL,CE,Towers with Display (VFR),0,0,31,0,31,0,0,118,0,118,0,0,149,0,149,321,0,321,470
10/20/2001,ARR,IL,AGL,CE,Towers with Display (VFR),0,2,30,0,32,0,2,192,0,194,0,4,222,0,226,337,0,337,563
10/21/2001,ARR,IL,AGL,CE,Towers with Display (VFR),0,1,44,0,45,0,0,210,0,210,0,1,254,0,255,295,0,295,550
10/22/2001,ARR,IL,AGL,CE,Towers with Display (VFR),0,2,30,0,32,0,0,33,0,33,0,2,63,0,65,150,0,150,215
10/23/2001,ARR,IL,AGL,CE,Towers with Display (VFR),0,2,31,0,33,0,1,45,0,46,0,3,76,0,79,86,0,86,165
10/24/2001,ARR,IL,AGL,CE,Towers with Display (VFR),0,1,14,0,15,0,0,4,0,4,0,1,18,0,19,0,0,0,19
10/25/2001,ARR,IL,AGL,CE,Towers with Display (VFR),0,0,8,0,8,0,4,0,2,6,0,4,8,2,14,4,2,6,20
10/26/2001,ARR,IL,AGL,CE,Towers with Display (VFR),0,0,15,0,15,0,0,23,0,23,0,0,38,0,38,12,0,12,50
10/27/2001,ARR,IL,AGL,CE,Towers with Display (VFR),0,2,26,0,28,0,6,198,0,204,0,8,224,0,232,333,0,333,565
10/28/2001,ARR,IL,AGL,CE,Towers with Display (VFR),0,1,17,0,18,0,0,337,0,337,0,1,354,0,355,236,0,236,591
10/29/2001,ARR,IL,AGL,CE,Towers with Display (VFR),0,0,28,0,28,0,0,204,0,204,0,0,232,0,232,454,0,454,686
10/30/2001,ARR,IL,AGL,CE,Towers with Display (VFR),0,3,36,0,39,0,2,93,0,95,0,5,129,0,134,90,0,90,224
10/31/2001,ARR,IL,AGL,CE,Towers with Display (VFR),0,3,38,0,41,0,2,111,0,113,0,5,149,0,154,137,0,137,291
11/01/2001,ARR,IL,AGL,CE,Towers with Display (VFR),0,5,31,0,36,0,2,75,2,79,0,7,106,2,115,99,8,107,222
11/02/2001,ARR,IL,AGL,CE,Towers with Display (VFR),0,2,32,0,34,0,0,213,0,213,0,2,245,0,247,295,0,295,542
11/03/2001,ARR,IL,AGL,CE,Towers with Display (VFR),0,4,31,0,35,0,1,215,0,216,0,5,246,0,251,375,0,375,626
11/04/2001,ARR,IL,AGL,CE,Towers with Display (VFR),0,0,38,1,39,0,0,227,1,228,0,0,265,2,267,392,0,392,659
11/05/2001,ARR,IL,AGL,CE,Towers with Display (VFR),0,4,32,0,36,0,6,183,0,189,0,10,215,0,225,402,0,402,627
11/06/2001,ARR,IL,AGL,CE,Towers with Display (VFR),0,3,36,0,39,0,0,195,0,195,0,3,231,0,234,386,0,386,620
11/07/2001,ARR,IL,AGL,CE,Towers with Display (VFR),0,3,27,1,31,0,2,178,2,182,0,5,205,3,213,310,38,348,561
11/08/2001,ARR,IL,AGL,CE,Towers with Display (VFR),0,2,22,1,25,0,2,58,5,65,0,4,80,6,90,75,8,83,173
11/09/2001,ARR,IL,AGL,CE,Towers with Display (VFR),0,3,30,0,33,0,0,125,0,125,0,3,155,0,158,90,0,90,248
11/10/2001,ARR,IL,AGL,CE,Towers with Display (VFR),0,4,34,0,38,0,1,292,0,293,0,5,326,0,331,490,0,490,821
11/11/2001,ARR,IL,AGL,CE,Towers with Display (VFR),0,4,33,0,37,0,0,198,0,198,0,4,231,0,235,288,0,288,523
11/12/2001,ARR,IL,AGL,CE,Towers with Display (VFR),0,5,42,1,48,0,1,143,1,145,0,6,185,2,193,263,0,263,456
11/13/2001,ARR,IL,AGL,CE,Towers with Display (VFR),0,3,31,0,34,0,0,122,0,122,0,3,153,0,156,136,0,136,292
11/14/2001,ARR,IL,AGL,CE,Towers with Display (VFR),0,3,38,0,41,0,0,133,0,133,0,3,171,0,174,217,0,217,391
11/15/2001,ARR,IL,AGL,CE,Towers with Display (VFR),0,3,41,0,44,0,0,104,0,104,0,3,145,0,148,251,0,251,399
11/16/2001,ARR,IL,AGL,CE,Towers with Display (VFR),0,4,32,0,36,0,2,122,2,126,0,6,154,2,162,112,0,112,274
11/17/2001,ARR,IL,AGL,CE,Towers with Display (VFR),0,5,47,0,52,0,2,9,0,11,0,7,56,0,63,72,0,72,135
11/18/2001,ARR,IL,AGL,CE,Towers with Display (VFR),0,2,34,0,36,0,0,93,0,93,0,2,127,0,129,137,0,137,266
11/19/2001,ARR,IL,AGL,CE,Towers with Display (VFR),0,1,16,0,17,0,1,113,0,114,0,2,129,0,131,194,0,194,325
11/20/2001,ARR,IL,AGL,CE,Towers with Display (VFR),0,4,32,0,36,0,3,190,0,193,0,7,222,0,229,267,0,267,496
11/21/2001,ARR,IL,AGL,CE,Towers with Display (VFR),0,2,27,0,29,0,0,200,0,200,0,2,227,0,229,276,0,276,505
11/22/2001,ARR,IL,AGL,CE,Towers with Display (VFR),0,0,7,0,7,0,0,80,0,80,0,0,87,0,87,126,0,126,213
11/23/2001,ARR,IL,AGL,CE,Towers with Display (VFR),0,1,17,0,18,0,0,142,0,142,0,1,159,0,160,241,0,241,401
11/24/2001,ARR,IL,AGL,CE,Towers with Display (VFR),0,2,21,0,23,0,4,1,0,5,0,6,22,0,28,8,0,8,36
11/25/2001,ARR,IL,AGL,CE,Towers with Display (VFR),0,0,40,0,40,0,0,49,0,49,0,0,89,0,89,151,0,151,240
11/26/2001,ARR,IL,AGL,CE,Towers with Display (VFR),0,1,32,0,33,0,0,98,1,99,0,1,130,1,132,170,0,170,302
11/27/2001,ARR,IL,AGL,CE,Towers with Display (VFR),0,3,24,0,27,0,1,41,2,44,0,4,65,2,71,82,16,98,169
11/28/2001,ARR,IL,AGL,CE,Towers with Display (VFR),0,4,42,0,46,0,0,46,2,48,0,4,88,2,94,154,4,158,252
11/29/2001,ARR,IL,AGL,CE,Towers with Display (VFR),0,3,30,0,33,0,0,11,0,11,0,3,41,0,44,12,0,12,56
11/30/2001,ARR,IL,AGL,CE,Towers with Display (VFR),0,2,4,0,6,0,0,0,35,35,0,2,4,35,41,0,0,0,41
12/01/2001,ARR,IL,AGL,CE,Towers with Display (VFR),0,2,39,2,43,0,3,95,6,104,0,5,134,8,147,330,0,330,477
12/02/2001,ARR,IL,AGL,CE,Towers with Display (VFR),0,2,28,1,31,0,5,142,1,148,0,7,170,2,179,189,0,189,368
12/03/2001,ARR,IL,AGL,CE,Towers with Display (VFR),0,2,24,1,27,0,0,165,1,166,0,2,189,2,193,250,0,250,443
12/04/2001,ARR,IL,AGL,CE,Towers with Display (VFR),0,0,25,1,26,0,0,132,3,135,0,0,157,4,161,162,5,167,328
12/05/2001,ARR,IL,AGL,CE,Towers with Display (VFR),0,1,19,0,20,0,2,55,0,57,0,3,74,0,77,43,0,43,120
12/06/2001,ARR,IL,AGL,CE,Towers with Display (VFR),0,1,41,2,44,0,0,225,3,228,0,1,266,5,272,270,0,270,542
12/07/2001,ARR,IL,AGL,CE,Towers with Display (VFR),0,0,30,0,30,0,0,112,0,112,0,0,142,0,142,198,0,198,340
12/08/2001,ARR,IL,AGL,CE,Towers with Display (VFR),0,3,32,0,35,0,0,166,0,166,0,3,198,0,201,351,0,351,552
12/09/2001,ARR,IL,AGL,CE,Towers with Display (VFR),0,0,23,0,23,0,0,222,0,222,0,0,245,0,245,380,0,380,625
12/10/2001,ARR,IL,AGL,CE,Towers with Display (VFR),0,1,20,0,21,0,0,199,0,199,0,1,219,0,220,270,0,270,490
12/11/2001,ARR,IL,AGL,CE,Towers with Display (VFR),0,2,28,1,31,0,0,237,1,238,0,2,265,2,269,320,0,320,589
12/12/2001,ARR,IL,AGL,CE,Towers with Display (VFR),0,0,28,0,28,0,0,15,0,15,0,0,43,0,43,39,0,39,82
12/13/2001,ARR,IL,AGL,CE,Towers with Display (VFR),0,2,51,0,53,0,0,9,0,9,0,2,60,0,62,20,0,20,82
12/14/2001,ARR,IL,AGL,CE,Towers with Display (VFR),0,2,32,0,34,0,0,4,0,4,0,2,36,0,38,0,0,0,38
12/15/2001,ARR,IL,AGL,CE,Towers with Display (VFR),0,1,15,0,16,0,6,2,0,8,0,7,17,0,24,0,0,0,24
12/16/2001,ARR,IL,AGL,CE,Towers with Display (VFR),0,0,20,0,20,0,0,3,0,3,0,0,23,0,23,0,0,0,23
12/17/2001,ARR,IL,AGL,CE,Towers with Display (VFR),0,2,31,1,34,0,0,29,103,132,0,2,60,104,166,0,0,0,166
12/18/2001,ARR,IL,AGL,CE,Towers with Display (VFR),0,2,29,1,32,0,0,239,0,239,0,2,268,1,271,232,0,232,503
12/19/2001,ARR,IL,AGL,CE,Towers with Display (VFR),0,0,29,0,29,0,0,88,1,89,0,0,117,1,118,59,0,59,177
12/20/2001,ARR,IL,AGL,CE,Towers with Display (VFR),0,0,31,0,31,0,0,170,2,172,0,0,201,2,203,235,0,235,438
12/21/2001,ARR,IL,AGL,CE,Towers with Display (VFR),0,0,24,0,24,0,0,243,0,243,0,0,267,0,267,265,0,265,532
12/22/2001,ARR,IL,AGL,CE,Towers with Display (VFR),0,2,27,0,29,0,5,63,2,70,0,7,90,2,99,118,0,118,217
12/23/2001,ARR,IL,AGL,CE,Towers with Display (VFR),0,0,14,0,14,0,1,21,2,24,0,1,35,2,38,47,0,47,85
12/24/2001,ARR,IL,AGL,CE,Towers with Display (VFR),0,0,4,0,4,0,0,9,0,9,0,0,13,0,13,12,0,12,25
12/25/2001,ARR,IL,AGL,CE,Towers with Display (VFR),0,0,6,0,6,0,0,2,0,2,0,0,8,0,8,2,0,2,10
12/26/2001,ARR,IL,AGL,CE,Towers with Display (VFR),0,1,20,0,21,0,1,48,0,49,0,2,68,0,70,118,0,118,188
12/27/2001,ARR,IL,AGL,CE,Towers with Display (VFR),0,1,21,0,22,0,2,61,3,66,0,3,82,3,88,103,12,115,203
12/28/2001,ARR,IL,AGL,CE,Towers with Display (VFR),0,0,29,0,29,0,0,60,0,60,0,0,89,0,89,97,0,97,186
12/29/2001,ARR,IL,AGL,CE,Towers with Display (VFR),0,1,21,0,22,0,3,135,0,138,0,4,156,0,160,213,0,213,373
12/30/2001,ARR,IL,AGL,CE,Towers with Display (VFR),0,2,21,0,23,0,1,97,0,98,0,3,118,0,121,165,0,165,286
12/31/2001,ARR,IL,AGL,CE,Towers with Display (VFR),0,0,8,0,8,0,0,111,0,111,0,0,119,0,119,197,0,197,316
01/01/2002,ARR,IL,AGL,CE,Towers with Display (VFR),0,0,6,0,6,0,0,79,0,79,0,0,85,0,85,93,0,93,178
01/02/2002,ARR,IL,AGL,CE,Towers with Display (VFR),0,1,17,1,19,0,0,139,1,140,0,1,156,2,159,249,2,251,410
01/03/2002,ARR,IL,AGL,CE,Towers with Display (VFR),0,2,22,1,25,0,0,164,3,167,0,2,186,4,192,272,8,280,472
01/04/2002,ARR,IL,AGL,CE,Towers with Display (VFR),0,0,22,0,22,0,0,175,0,175,0,0,197,0,197,123,0,123,320
01/05/2002,ARR,IL,AGL,CE,Towers with Display (VFR),0,2,23,0,25,0,2,91,0,93,0,4,114,0,118,243,0,243,361
01/06/2002,ARR,IL,AGL,CE,Towers with Display (VFR),0,0,27,0,27,0,0,90,0,90,0,0,117,0,117,196,0,196,313
01/07/2002,ARR,IL,AGL,CE,Towers with Display (VFR),0,1,33,0,34,0,0,143,0,143,0,1,176,0,177,230,0,230,407
01/08/2002,ARR,IL,AGL,CE,Towers with Display (VFR),0,1,21,0,22,0,1,130,2,133,0,2,151,2,155,106,2,108,263
01/09/2002,ARR,IL,AGL,CE,Towers with Display (VFR),0,0,22,0,22,0,0,128,2,130,0,0,150,2,152,136,6,142,294
01/10/2002,ARR,IL,AGL,CE,Towers with Display (VFR),0,1,44,0,45,0,0,121,3,124,0,1,165,3,169,174,12,186,355
01/11/2002,ARR,IL,AGL,CE,Towers with Display (VFR),0,0,33,0,33,0,0,180,2,182,0,0,213,2,215,220,0,220,435
01/12/2002,ARR,IL,AGL,CE,Towers with Display (VFR),0,1,24,0,25,0,3,136,0,139,0,4,160,0,164,351,0,351,515
01/13/2002,ARR,IL,AGL,CE,Towers with Display (VFR),0,0,24,0,24,0,0,95,3,98,0,0,119,3,122,258,4,262,384
01/14/2002,ARR,IL,AGL,CE,Towers with Display (VFR),0,1,20,0,21,0,1,30,0,31,0,2,50,0,52,19,0,19,71
01/15/2002,ARR,IL,AGL,CE,Towers with Display (VFR),0,2,31,0,33,0,0,37,2,39,0,2,68,2,72,34,2,36,108
01/16/2002,ARR,IL,AGL,CE,Towers with Display (VFR),0,0,14,0,14,0,1,5,0,6,0,1,19,0,20,10,0,10,30
01/17/2002,ARR,IL,AGL,CE,Towers with Display (VFR),0,3,41,0,44,0,0,102,0,102,0,3,143,0,146,140,0,140,286
01/18/2002,ARR,IL,AGL,CE,Towers with Display (VFR),0,0,16,0,16,0,0,131,0,131,0,0,147,0,147,175,0,175,322
01/19/2002,ARR,IL,AGL,CE,Towers with Display (VFR),0,0,16,0,16,0,8,135,0,143,0,8,151,0,159,319,0,319,478
01/20/2002,ARR,IL,AGL,CE,Towers with Display (VFR),0,1,28,0,29,0,0,91,3,94,0,1,119,3,123,212,0,212,335
01/21/2002,ARR,IL,AGL,CE,Towers with Display (VFR),0,1,17,0,18,0,1,61,0,62,0,2,78,0,80,53,0,53,133
01/22/2002,ARR,IL,AGL,CE,Towers with Display (VFR),0,3,39,0,42,0,0,152,4,156,0,3,191,4,198,149,0,149,347
01/23/2002,ARR,IL,AGL,CE,Towers with Display (VFR),0,1,24,0,25,0,0,12,0,12,0,1,36,0,37,6,0,6,43
01/24/2002,ARR,IL,AGL,CE,Towers with Display (VFR),0,1,20,0,21,0,0,169,0,169,0,1,189,0,190,202,0,202,392
01/25/2002,ARR,IL,AGL,CE,Towers with Display (VFR),0,1,20,0,21,0,1,137,0,138,0,2,157,0,159,147,0,147,306
01/26/2002,ARR,IL,AGL,CE,Towers with Display (VFR),0,2,26,0,28,0,0,208,2,210,0,2,234,2,238,364,0,364,602
01/27/2002,ARR,IL,AGL,CE,Towers with Display (VFR),0,2,35,0,37,0,1,250,0,251,0,3,285,0,288,382,0,382,670
01/28/2002,ARR,IL,AGL,CE,Towers with Display (VFR),0,0,17,0,17,0,0,140,2,142,0,0,157,2,159,167,0,167,326
01/29/2002,ARR,IL,AGL,CE,Towers with Display (VFR),0,0,12,0,12,0,0,2,0,2,0,0,14,0,14,4,0,4,18
01/30/2002,ARR,IL,AGL,CE,Towers with Display (VFR),0,0,17,0,17,0,0,1,0,1,0,0,18,0,18,0,0,0,18
01/31/2002,ARR,IL,AGL,CE,Towers with Display (VFR),0,0,8,0,8,0,0,0,0,0,0,0,8,0,8,0,0,0,8
02/01/2002,ARR,IL,AGL,CE,Towers with Display (VFR),0,0,18,0,18,0,5,49,0,54,0,5,67,0,72,115,0,115,187
02/02/2002,ARR,IL,AGL,CE,Towers with Display (VFR),0,1,30,1,32,0,4,87,1,92,0,5,117,2,124,159,2,161,285
02/03/2002,ARR,IL,AGL,CE,Towers with Display (VFR),0,0,16,0,16,0,0,153,0,153,0,0,169,0,169,177,0,177,346
02/04/2002,ARR,IL,AGL,CE,Towers with Display (VFR),0,0,28,0,28,0,0,126,0,126,0,0,154,0,154,193,0,193,347
02/05/2002,ARR,IL,AGL,CE,Towers with Display (VFR),0,3,34,1,38,0,0,132,1,133,0,3,166,2,171,239,18,257,428
02/06/2002,ARR,IL,AGL,CE,Towers with Display (VFR),0,0,17,1,18,0,0,224,1,225,0,0,241,2,243,316,0,316,559
02/07/2002,ARR,IL,AGL,CE,Towers with Display (VFR),0,2,40,1,43,0,0,108,0,108,0,2,148,1,151,177,0,177,328
02/08/2002,ARR,IL,AGL,CE,Towers with Display (VFR),0,1,35,1,37,0,0,113,2,115,0,1,148,3,152,137,0,137,289
02/09/2002,ARR,IL,AGL,CE,Towers with Display (VFR),0,2,27,0,29,0,4,205,0,209,0,6,232,0,238,369,0,369,607
02/10/2002,ARR,IL,AGL,CE,Towers with Display (VFR),0,0,5,1,6,0,0,1,1,2,0,0,6,2,8,0,0,0,8
02/11/2002,ARR,IL,AGL,CE,Towers with Display (VFR),0,0,17,0,17,0,0,186,0,186,0,0,203,0,203,218,0,218,421
02/12/2002,ARR,IL,AGL,CE,Towers with Display (VFR),0,1,35,1,37,0,0,66,2,68,0,1,101,3,105,43,0,43,148
02/13/2002,ARR,IL,AGL,CE,Towers with Display (VFR),0,1,28,1,30,0,0,259,0,259,0,1,287,1,289,228,0,228,517
02/14/2002,ARR,IL,AGL,CE,Towers with Display (VFR),0,0,34,0,34,0,0,111,0,111,0,0,145,0,145,136,0,136,281
02/15/2002,ARR,IL,AGL,CE,Towers with Display (VFR),0,2,33,0,35,0,1,91,0,92,0,3,124,0,127,185,0,185,312
02/16/2002,ARR,IL,AGL,CE,Towers with Display (VFR),0,1,20,1,22,0,3,150,1,154,0,4,170,2,176,326,0,326,502
02/17/2002,ARR,IL,AGL,CE,Towers with Display (VFR),0,1,34,0,35,0,0,270,0,270,0,1,304,0,305,417,0,417,722
02/18/2002,ARR,IL,AGL,CE,Towers with Display (VFR),0,2,32,0,34,0,1,123,0,124,0,3,155,0,158,197,0,197,355
02/19/2002,ARR,IL,AGL,CE,Towers with Display (VFR),0,0,28,0,28,0,0,2,0,2,0,0,30,0,30,0,0,0,30
02/20/2002,ARR,IL,AGL,CE,Towers with Display (VFR),0,0,37,0,37,0,0,0,4,4,0,0,37,4,41,0,0,0,41
02/21/2002,ARR,IL,AGL,CE,Towers with Display (VFR),0,0,21,0,21,0,0,6,0,6,0,0,27,0,27,0,0,0,27
02/22/2002,ARR,IL,AGL,CE,Towers with Display (VFR),0,0,23,0,23,0,0,218,0,218,0,0,241,0,241,307,0,307,548
02/23/2002,ARR,IL,AGL,CE,Towers with Display (VFR),0,2,29,0,31,0,4,173,0,177,0,6,202,0,208,344,0,344,552
02/24/2002,ARR,IL,AGL,CE,Towers with Display (VFR),0,0,16,0,16,0,0,143,0,143,0,0,159,0,159,338,0,338,497
02/25/2002,ARR,IL,AGL,CE,Towers with Display (VFR),0,0,18,0,18,0,0,7,1,8,0,0,25,1,26,6,0,6,32
02/26/2002,ARR,IL,AGL,CE,Towers with Display (VFR),0,0,7,0,7,0,0,1,1,2,0,0,8,1,9,0,0,0,9
02/27/2002,ARR,IL,AGL,CE,Towers with Display (VFR),0,2,33,0,35,0,1,116,0,117,0,3,149,0,152,258,0,258,410
02/28/2002,ARR,IL,AGL,CE,Towers with Display (VFR),0,0,25,0,25,0,0,151,177,328,0,0,176,177,353,0,0,0,353
03/01/2002,ARR,IL,AGL,CE,Towers with Display (VFR),0,0,38,0,38,0,0,111,2,113,0,0,149,2,151,208,0,208,359
03/02/2002,ARR,IL,AGL,CE,Towers with Display (VFR),0,1,0,0,1,0,5,0,0,5,0,6,0,0,6,0,0,0,6
03/03/2002,ARR,IL,AGL,CE,Towers with Display (VFR),0,0,27,0,27,0,0,25,2,27,0,0,52,2,54,6,0,6,60
03/04/2002,ARR,IL,AGL,CE,Towers with Display (VFR),0,1,14,0,15,0,0,26,0,26,0,1,40,0,41,26,0,26,67
03/05/2002,ARR,IL,AGL,CE,Towers with Display (VFR),0,0,24,0,24,0,0,123,5,128,0,0,147,5,152,165,22,187,339
03/06/2002,ARR,IL,AGL,CE,Towers with Display (VFR),0,0,28,0,28,0,0,190,0,190,0,0,218,0,218,290,0,290,508
03/07/2002,ARR,IL,AGL,CE,Towers with Display (VFR),0,0,42,0,42,0,0,68,0,68,0,0,110,0,110,159,0,159,269
03/08/2002,ARR,IL,AGL,CE,Towers with Display (VFR),0,1,23,0,24,0,1,62,0,63,0,2,85,0,87,123,0,123,210
03/09/2002,ARR,IL,AGL,CE,Towers with Display (VFR),0,0,2,1,3,0,5,0,10,15,0,5,2,11,18,0,0,0,18
03/10/2002,ARR,IL,AGL,CE,Towers with Display (VFR),0,0,22,1,23,0,0,174,3,177,0,0,196,4,200,308,2,310,510
03/11/2002,ARR,IL,AGL,CE,Towers with Display (VFR),0,0,13,0,13,0,1,93,0,94,0,1,106,0,107,141,0,141,248
03/12/2002,ARR,IL,AGL,CE,Towers with Display (VFR),0,2,35,1,38,0,0,239,2,241,0,2,274,3,279,372,2,374,653
03/13/2002,ARR,IL,AGL,CE,Towers with Display (VFR),0,0,31,0,31,0,0,159,0,159,0,0,190,0,190,248,0,248,438
03/14/2002,ARR,IL,AGL,CE,Towers with Display (VFR),0,0,28,1,29,0,0,89,3,92,0,0,117,4,121,96,2,98,219
03/15/2002,ARR,IL,AGL,CE,Towers with Display (VFR),0,0,39,0,39,0,0,117,0,117,0,0,156,0,156,241,0,241,397
03/16/2002,ARR,IL,AGL,CE,Towers with Display (VFR),0,2,33,0,35,0,3,221,0,224,0,5,254,0,259,371,0,371,630
03/17/2002,ARR,IL,AGL,CE,Towers with Display (VFR),0,0,27,0,27,0,0,129,0,129,0,0,156,0,156,332,0,332,488
03/18/2002,ARR,IL,AGL,CE,Towers with Display (VFR),0,0,43,0,43,0,0,148,0,148,0,0,191,0,191,256,0,256,447
03/19/2002,ARR,IL,AGL,CE,Towers with Display (VFR),0,1,25,1,27,0,2,142,0,144,0,3,167,1,171,237,0,237,408
03/20/2002,ARR,IL,AGL,CE,Towers with Display (VFR),0,1,38,1,40,0,0,161,5,166,0,1,199,6,206,212,42,254,460
03/21/2002,ARR,IL,AGL,CE,Towers with Display (VFR),0,0,25,0,25,0,0,48,0,48,0,0,73,0,73,60,0,60,133
03/22/2002,ARR,IL,AGL,CE,Towers with Display (VFR),0,0,27,0,27,0,0,145,0,145,0,0,172,0,172,147,0,147,319
03/23/2002,ARR,IL,AGL,CE,Towers with Display (VFR),0,2,30,0,32,0,2,222,2,226,0,4,252,2,258,427,0,427,685
03/24/2002,ARR,IL,AGL,CE,Towers with Display (VFR),0,1,32,0,33,0,0,166,2,168,0,1,198,2,201,234,0,234,435
03/25/2002,ARR,IL,AGL,CE,Towers with Display (VFR),0,0,9,0,9,0,0,20,1,21,0,0,29,1,30,26,0,26,56
03/26/2002,ARR,IL,AGL,CE,Towers with Display (VFR),0,0,16,0,16,0,2,112,3,117,0,2,128,3,133,161,0,161,294
03/27/2002,ARR,IL,AGL,CE,Towers with Display (VFR),0,0,55,1,56,0,0,220,0,220,0,0,275,1,276,387,0,387,663
03/28/2002,ARR,IL,AGL,CE,Towers with Display (VFR),0,1,26,0,27,0,2,111,2,115,0,3,137,2,142,200,0,200,342
03/29/2002,ARR,IL,AGL,CE,Towers with Display (VFR),0,0,19,0,19,0,0,46,0,46,0,0,65,0,65,139,0,139,204
03/30/2002,ARR,IL,AGL,CE,Towers with Display (VFR),0,1,24,0,25,0,5,228,0,233,0,6,252,0,258,305,0,305,563
03/31/2002,ARR,IL,AGL,CE,Towers with Display (VFR),0,0,19,0,19,0,0,83,0,83,0,0,102,0,102,131,0,131,233
04/01/2002,ARR,IL,AGL,CE,Towers with Display (VFR),0,0,25,0,25,0,0,55,0,55,0,0,80,0,80,102,0,102,182
04/02/2002,ARR,IL,AGL,CE,Towers with Display (VFR),0,0,31,0,31,0,0,6,0,6,0,0,37,0,37,22,0,22,59
04/03/2002,ARR,IL,AGL,CE,Towers with Display (VFR),0,1,41,0,42,0,0,96,4,100,0,1,137,4,142,244,0,244,386
04/04/2002,ARR,IL,AGL,CE,Towers with Display (VFR),0,1,36,0,37,0,1,226,2,229,0,2,262,2,266,254,0,254,520
04/05/2002,ARR,IL,AGL,CE,Towers with Display (VFR),0,1,33,0,34,0,1,198,2,201,0,2,231,2,235,375,0,375,610
04/06/2002,ARR,IL,AGL,CE,Towers with Display (VFR),0,0,30,0,30,0,0,232,2,234,0,0,262,2,264,452,0,452,716
04/07/2002,ARR,IL,AGL,CE,Towers with Display (VFR),0,0,26,0,26,0,0,24,2,26,0,0,50,2,52,44,0,44,96
04/08/2002,ARR,IL,AGL,CE,Towers with Display (VFR),0,0,21,0,21,0,0,0,3,3,0,0,21,3,24,0,0,0,24
04/09/2002,ARR,IL,AGL,CE,Towers with Display (VFR),0,0,65,1,66,0,0,127,0,127,0,0,192,1,193,242,0,242,435
04/10/2002,ARR,IL,AGL,CE,Towers with Display (VFR),0,0,46,0,46,0,0,194,2,196,0,0,240,2,242,288,4,292,534
04/11/2002,ARR,IL,AGL,CE,Towers with Display (VFR),0,0,40,0,40,0,0,166,4,170,0,0,206,4,210,191,0,191,401
04/12/2002,ARR,IL,AGL,CE,Towers with Display (VFR),0,0,55,0,55,0,0,52,0,52,0,0,107,0,107,120,0,120,227
04/13/2002,ARR,IL,AGL,CE,Towers with Display (VFR),0,0,32,0,32,0,0,280,0,280,0,0,312,0,312,417,0,417,729
04/14/2002,ARR,IL,AGL,CE,Towers with Display (VFR),0,0,54,0,54,0,0,245,0,245,0,0,299,0,299,366,0,366,665
04/15/2002,ARR,IL,AGL,CE,Towers with Display (VFR),0,0,18,0,18,0,0,162,0,162,0,0,180,0,180,148,0,148,328
04/16/2002,ARR,IL,AGL,CE,Towers with Display (VFR),0,0,22,1,23,0,2,98,1,101,0,2,120,2,124,152,0,152,276
04/17/2002,ARR,IL,AGL,CE,Towers with Display (VFR),0,0,36,1,37,0,2,174,5,181,0,2,210,6,218,379,6,385,603
04/18/2002,ARR,IL,AGL,CE,Towers with Display (VFR),0,0,36,1,37,0,0,143,3,146,0,0,179,4,183,174,0,174,357
04/19/2002,ARR,IL,AGL,CE,Towers with Display (VFR),0,0,24,0,24,0,0,102,0,102,0,0,126,0,126,264,0,264,390
04/20/2002,ARR,IL,AGL,CE,Towers with Display (VFR),0,0,21,1,22,0,0,155,1,156,0,0,176,2,178,156,0,156,334
04/21/2002,ARR,IL,AGL,CE,Towers with Display (VFR),0,0,12,0,12,0,0,1,0,1,0,0,13,0,13,0,0,0,13
04/22/2002,ARR,IL,AGL,CE,Towers with Display (VFR),0,0,25,1,26,0,0,71,1,72,0,0,96,2,98,196,0,196,294
04/23/2002,ARR,IL,AGL,CE,Towers with Display (VFR),0,0,55,0,55,0,0,165,0,165,0,0,220,0,220,321,0,321,541
04/24/2002,ARR,IL,AGL,CE,Towers with Display (VFR),0,0,19,0,19,0,0,48,0,48,0,0,67,0,67,86,0,86,153
04/25/2002,ARR,IL,AGL,CE,Towers with Display (VFR),0,0,34,0,34,0,3,124,0,127,0,3,158,0,161,137,0,137,298
04/26/2002,ARR,IL,AGL,CE,Towers with Display (VFR),0,0,24,1,25,0,0,297,1,298,0,0,321,2,323,410,0,410,733
04/27/2002,ARR,IL,AGL,CE,Towers with Display (VFR),0,0,9,0,9,0,2,46,0,48,0,2,55,0,57,76,0,76,133
04/28/2002,ARR,IL,AGL,CE,Towers with Display (VFR),0,0,23,0,23,0,0,29,0,29,0,0,52,0,52,30,0,30,82
04/29/2002,ARR,IL,AGL,CE,Towers with Display (VFR),0,0,35,0,35,0,0,113,1,114,0,0,148,1,149,197,0,197,346
04/30/2002,ARR,IL,AGL,CE,Towers with Display (VFR),0,0,39,0,39,0,1,172,1,174,0,1,211,1,213,332,0,332,545
05/01/2002,ARR,IL,AGL,CE,Towers with Display (VFR),0,5,25,0,30,0,0,141,0,141,0,5,166,0,171,214,0,214,385
05/02/2002,ARR,IL,AGL,CE,Towers with Display (VFR),0,1,30,0,31,0,0,102,0,102,0,1,132,0,133,183,0,183,316
05/03/2002,ARR,IL,AGL,CE,Towers with Display (VFR),0,0,29,2,31,0,0,244,0,244,0,0,273,2,275,318,0,318,593
05/04/2002,ARR,IL,AGL,CE,Towers with Display (VFR),0,1,22,2,25,0,0,247,0,247,0,1,269,2,272,364,6,370,642
05/05/2002,ARR,IL,AGL,CE,Towers with Display (VFR),0,1,23,7,31,0,0,220,5,225,0,1,243,12,256,258,2,260,516
05/06/2002,ARR,IL,AGL,CE,Towers with Display (VFR),0,3,26,3,32,0,0,97,0,97,0,3,123,3,129,171,0,171,300
05/07/2002,ARR,IL,AGL,CE,Towers with Display (VFR),0,0,21,1,22,0,0,87,0,87,0,0,108,1,109,117,0,117,226
05/08/2002,ARR,IL,AGL,CE,Towers with Display (VFR),0,0,26,0,26,0,0,1,0,1,0,0,27,0,27,17,0,17,44
05/09/2002,ARR,IL,AGL,CE,Towers with Display (VFR),0,0,25,0,25,0,0,38,0,38,0,0,63,0,63,91,0,91,154
05/10/2002,ARR,IL,AGL,CE,Towers with Display (VFR),0,3,33,0,36,0,0,222,0,222,0,3,255,0,258,308,0,308,566
05/11/2002,ARR,IL,AGL,CE,Towers with Display (VFR),0,0,21,0,21,0,0,26,0,26,0,0,47,0,47,38,0,38,85
05/12/2002,ARR,IL,AGL,CE,Towers with Display (VFR),0,0,22,0,22,0,0,9,0,9,0,0,31,0,31,0,0,0,31
05/13/2002,ARR,IL,AGL,CE,Towers with Display (VFR),0,0,38,0,38,0,0,85,0,85,0,0,123,0,123,145,0,145,268
05/14/2002,ARR,IL,AGL,CE,Towers with Display (VFR),0,0,46,0,46,0,0,195,0,195,0,0,241,0,241,279,0,279,520
05/15/2002,ARR,IL,AGL,CE,Towers with Display (VFR),0,0,31,0,31,0,0,144,0,144,0,0,175,0,175,192,0,192,367
05/16/2002,ARR,IL,AGL,CE,Towers with Display (VFR),0,2,48,4,54,0,1,15,0,16,0,3,63,4,70,17,0,17,87
05/17/2002,ARR,IL,AGL,CE,Towers with Display (VFR),0,4,42,0,46,0,0,156,0,156,0,4,198,0,202,202,0,202,404
05/18/2002,ARR,IL,AGL,CE,Towers with Display (VFR),0,0,15,0,15,0,0,188,0,188,0,0,203,0,203,329,0,329,532
05/19/2002,ARR,IL,AGL,CE,Towers with Display (VFR),0,0,26,1,27,0,0,302,0,302,0,0,328,1,329,251,0,251,580
05/20/2002,ARR,IL,AGL,CE,Towers with Display (VFR),0,0,23,0,23,0,0,141,2,143,0,0,164,2,166,225,0,225,391
05/21/2002,ARR,IL,AGL,CE,Towers with Display (VFR),0,0,44,0,44,0,0,212,0,212,0,0,256,0,256,287,0,287,543
05/22/2002,ARR,IL,AGL,CE,Towers with Display (VFR),0,0,26,0,26,0,0,164,0,164,0,0,190,0,190,238,0,238,428
05/23/2002,ARR,IL,AGL,CE,Towers with Display (VFR),0,3,31,0,34,0,0,62,0,62,0,3,93,0,96,105,0,105,201
05/24/2002,ARR,IL,AGL,CE,Towers with Display (VFR),0,1,29,2,32,0,0,54,0,54,0,1,83,2,86,227,0,227,313
05/25/2002,ARR,IL,AGL,CE,Towers with Display (VFR),0,2,35,0,37,0,2,20,0,22,0,4,55,0,59,33,0,33,92
05/26/2002,ARR,IL,AGL,CE,Towers with Display (VFR),0,1,23,0,24,0,0,212,0,212,0,1,235,0,236,323,0,323,559
05/27/2002,ARR,IL,AGL,CE,Towers with Display (VFR),0,0,21,0,21,0,0,185,0,185,0,0,206,0,206,288,0,288,494
05/28/2002,ARR,IL,AGL,CE,Towers with Display (VFR),0,1,29,0,30,0,0,121,2,123,0,1,150,2,153,190,2,192,345
05/29/2002,ARR,IL,AGL,CE,Towers with Display (VFR),0,2,22,0,24,0,0,177,0,177,0,2,199,0,201,301,0,301,502
05/30/2002,ARR,IL,AGL,CE,Towers with Display (VFR),0,2,31,0,33,0,0,131,2,133,0,2,162,2,166,224,2,226,392
05/31/2002,ARR,IL,AGL,CE,Towers with Display (VFR),0,3,30,2,35,0,0,220,0,220,0,3,250,2,255,341,0,341,596
06/01/2002,ARR,IL,AGL,CE,Towers with Display (VFR),0,2,21,0,23,0,0,218,0,218,0,2,239,0,241,373,0,373,614
06/02/2002,ARR,IL,AGL,CE,Towers with Display (VFR),0,5,30,1,36,0,0,166,0,166,0,5,196,1,202,308,0,308,510
06/03/2002,ARR,IL,AGL,CE,Towers with Display (VFR),0,0,17,1,18,0,0,62,2,64,0,0,79,3,82,124,0,124,206
06/04/2002,ARR,IL,AGL,CE,Towers with Display (VFR),0,0,13,1,14,0,0,0,0,0,0,0,13,1,14,0,0,0,14
06/05/2002,ARR,IL,AGL,CE,Towers with Display (VFR),0,0,64,2,66,0,0,11,0,11,0,0,75,2,77,36,0,36,113
06/06/2002,ARR,IL,AGL,CE,Towers with Display (VFR),0,0,48,2,50,0,0,120,0,120,0,0,168,2,170,255,0,255,425
06/07/2002,ARR,IL,AGL,CE,Towers with Display (VFR),0,1,32,3,36,0,0,165,0,165,0,1,197,3,201,188,4,192,393
06/08/2002,ARR,IL,AGL,CE,Towers with Display (VFR),0,1,19,4,24,0,0,227,6,233,0,1,246,10,257,448,18,466,723
06/09/2002,ARR,IL,AGL,CE,Towers with Display (VFR),0,0,21,4,25,0,0,292,0,292,0,0,313,4,317,222,4,226,543
06/10/2002,ARR,IL,AGL,CE,Towers with Display (VFR),0,0,24,3,27,0,0,128,0,128,0,0,152,3,155,266,0,266,421
06/11/2002,ARR,IL,AGL,CE,Towers with Display (VFR),0,1,19,0,20,0,0,61,0,61,0,1,80,0,81,99,8,107,188
06/12/2002,ARR,IL,AGL,CE,Towers with Display (VFR),0,1,53,0,54,0,0,123,1,124,0,1,176,1,178,200,0,200,378
06/13/2002,ARR,IL,AGL,CE,Towers with Display (VFR),0,1,49,2,52,0,0,70,0,70,0,1,119,2,122,217,0,217,339
06/14/2002,ARR,IL,AGL,CE,Towers with Display (VFR),0,0,27,0,27,0,0,124,0,124,0,0,151,0,151,141,0,141,292
06/15/2002,ARR,IL,AGL,CE,Towers with Display (VFR),0,0,16,0,16,0,0,125,0,125,0,0,141,0,141,211,0,211,352
06/16/2002,ARR,IL,AGL,CE,Towers with Display (VFR),0,1,37,0,38,0,0,215,0,215,0,1,252,0,253,206,0,206,459
06/17/2002,ARR,IL,AGL,CE,Towers with Display (VFR),0,1,24,0,25,0,0,170,0,170,0,1,194,0,195,282,0,282,477
06/18/2002,ARR,IL,AGL,CE,Towers with Display (VFR),0,0,33,1,34,0,0,210,0,210,0,0,243,1,244,243,0,243,487
06/19/2002,ARR,IL,AGL,CE,Towers with Display (VFR),0,2,27,0,29,0,0,173,0,173,0,2,200,0,202,276,0,276,478
06/20/2002,ARR,IL,AGL,CE,Towers with Display (VFR),0,1,21,0,22,0,0,215,0,215,0,1,236,0,237,292,0,292,529
06/21/2002,ARR,IL,AGL,CE,Towers with Display (VFR),0,0,27,0,27,0,0,148,0,148,0,0,175,0,175,193,0,193,368
06/22/2002,ARR,IL,AGL,CE,Towers with Display (VFR),0,0,43,2,45,0,2,154,0,156,0,2,197,2,201,248,0,248,449
06/23/2002,ARR,IL,AGL,CE,Towers with Display (VFR),0,0,30,1,31,0,0,159,0,159,0,0,189,1,190,295,0,295,485
06/24/2002,ARR,IL,AGL,CE,Towers with Display (VFR),0,2,17,0,19,0,0,171,0,171,0,2,188,0,190,252,0,252,442
06/25/2002,ARR,IL,AGL,CE,Towers with Display (VFR),0,0,18,1,19,0,1,69,0,70,0,1,87,1,89,94,0,94,183
06/26/2002,ARR,IL,AGL,CE,Towers with Display (VFR),0,0,26,0,26,0,0,159,0,159,0,0,185,0,185,280,0,280,465
06/27/2002,ARR,IL,AGL,CE,Towers with Display (VFR),0,0,39,0,39,0,0,198,0,198,0,0,237,0,237,330,0,330,567
06/28/2002,ARR,IL,AGL,CE,Towers with Display (VFR),0,3,34,1,38,0,0,241,1,242,0,3,275,2,280,443,0,443,723
06/29/2002,ARR,IL,AGL,CE,Towers with Display (VFR),0,0,19,0,19,0,0,224,0,224,0,0,243,0,243,377,0,377,620
06/30/2002,ARR,IL,AGL,CE,Towers with Display (VFR),0,2,25,0,27,0,0,346,0,346,0,2,371,0,373,206,0,206,579
07/01/2002,ARR,IL,AGL,CE,Towers with Display (VFR),0,0,24,0,24,0,0,141,0,141,0,0,165,0,165,186,0,186,351
07/02/2002,ARR,IL,AGL,CE,Towers with Display (VFR),0,4,17,0,21,0,0,195,0,195,0,4,212,0,216,238,0,238,454
07/03/2002,ARR,IL,AGL,CE,Towers with Display (VFR),0,1,32,0,33,0,0,135,0,135,0,1,167,0,168,221,0,221,389
07/04/2002,ARR,IL,AGL,CE,Towers with Display (VFR),0,0,11,0,11,0,0,88,0,88,0,0,99,0,99,62,0,62,161
07/05/2002,ARR,IL,AGL,CE,Towers with Display (VFR),0,2,22,0,24,0,0,232,0,232,0,2,254,0,256,252,0,252,508
07/06/2002,ARR,IL,AGL,CE,Towers with Display (VFR),0,0,15,0,15,0,0,176,0,176,0,0,191,0,191,210,0,210,401
07/07/2002,ARR,IL,AGL,CE,Towers with Display (VFR),0,2,30,0,32,0,0,176,0,176,0,2,206,0,208,294,0,294,502
07/08/2002,ARR,IL,AGL,CE,Towers with Display (VFR),0,2,22,2,26,0,0,98,0,98,0,2,120,2,124,149,0,149,273
07/09/2002,ARR,IL,AGL,CE,Towers with Display (VFR),0,5,36,0,41,0,0,39,0,39,0,5,75,0,80,221,0,221,301
07/10/2002,ARR,IL,AGL,CE,Towers with Display (VFR),0,0,34,0,34,0,0,162,0,162,0,0,196,0,196,334,0,334,530
07/11/2002,ARR,IL,AGL,CE,Towers with Display (VFR),0,0,25,0,25,0,0,164,0,164,0,0,189,0,189,224,0,224,413
07/12/2002,ARR,IL,AGL,CE,Towers with Display (VFR),0,2,40,2,44,0,0,254,0,254,0,2,294,2,298,360,0,360,658
07/13/2002,ARR,IL,AGL,CE,Towers with Display (VFR),0,1,29,0,30,0,0,208,2,210,0,1,237,2,240,307,0,307,547
07/14/2002,ARR,IL,AGL,CE,Towers with Display (VFR),0,9,40,2,51,0,0,210,0,210,0,9,250,2,261,279,0,279,540
07/15/2002,ARR,IL,AGL,CE,Towers with Display (VFR),0,2,31,2,35,0,0,230,0,230,0,2,261,2,265,415,0,415,680
07/16/2002,ARR,IL,AGL,CE,Towers with Display (VFR),0,2,26,0,28,0,0,200,0,200,0,2,226,0,228,288,0,288,516
07/17/2002,ARR,IL,AGL,CE,Towers with Display (VFR),0,0,44,2,46,0,0,160,2,162,0,0,204,4,208,291,4,295,503
07/18/2002,ARR,IL,AGL,CE,Towers with Display (VFR),0,2,36,4,42,0,0,104,0,104,0,2,140,4,146,211,0,211,357
07/19/2002,ARR,IL,AGL,CE,Towers with Display (VFR),0,0,51,2,53,0,0,98,0,98,0,0,149,2,151,206,0,206,357
07/20/2002,ARR,IL,AGL,CE,Towers with Display (VFR),0,2,22,0,24,0,0,211,0,211,0,2,233,0,235,303,0,303,538
07/21/2002,ARR,IL,AGL,CE,Towers with Display (VFR),0,2,20,0,22,0,0,239,0,239,0,2,259,0,261,200,0,200,461
07/22/2002,ARR,IL,AGL,CE,Towers with Display (VFR),0,1,32,2,35,0,0,209,0,209,0,1,241,2,244,210,0,210,454
07/23/2002,ARR,IL,AGL,CE,Towers with Display (VFR),0,0,32,0,32,0,0,186,0,186,0,0,218,0,218,221,0,221,439
07/24/2002,ARR,IL,AGL,CE,Towers with Display (VFR),0,0,29,2,31,0,0,200,4,204,0,0,229,6,235,263,9,272,507
07/25/2002,ARR,IL,AGL,CE,Towers with Display (VFR),0,6,29,0,35,0,0,135,2,137,0,6,164,2,172,146,8,154,326
07/26/2002,ARR,IL,AGL,CE,Towers with Display (VFR),0,0,32,2,34,0,1,107,0,108,0,1,139,2,142,135,0,135,277
07/27/2002,ARR,IL,AGL,CE,Towers with Display (VFR),0,3,23,4,30,0,1,92,1,94,0,4,115,5,124,140,0,140,264
07/28/2002,ARR,IL,AGL,CE,Towers with Display (VFR),0,1,33,0,34,0,0,134,0,134,0,1,167,0,168,201,0,201,369
07/29/2002,ARR,IL,AGL,CE,Towers with Display (VFR),0,0,35,0,35,0,0,138,0,138,0,0,173,0,173,167,0,167,340
07/30/2002,ARR,IL,AGL,CE,Towers with Display (VFR),0,1,27,1,29,0,0,197,0,197,0,1,224,1,226,315,3,318,544
07/31/2002,ARR,IL,AGL,CE,Towers with Display (VFR),0,3,36,0,39,0,0,162,2,164,0,3,198,2,203,261,0,261,464
08/01/2002,ARR,IL,AGL,CE,Towers with Display (VFR),0,3,18,0,21,0,0,184,0,184,0,3,202,0,205,296,0,296,501
08/02/2002,ARR,IL,AGL,CE,Towers with Display (VFR),0,1,16,0,17,0,0,221,0,221,0,1,237,0,238,303,0,303,541
08/03/2002,ARR,IL,AGL,CE,Towers with Display (VFR),0,0,20,1,21,0,0,174,1,175,0,0,194,2,196,330,0,330,526
08/04/2002,ARR,IL,AGL,CE,Towers with Display (VFR),0,0,30,0,30,0,0,132,0,132,0,0,162,0,162,326,0,326,488
08/05/2002,ARR,IL,AGL,CE,Towers with Display (VFR),0,0,29,0,29,0,1,88,0,89,0,1,117,0,118,186,0,186,304
08/06/2002,ARR,IL,AGL,CE,Towers with Display (VFR),0,0,24,0,24,0,0,185,0,185,0,0,209,0,209,198,0,198,407
08/07/2002,ARR,IL,AGL,CE,Towers with Display (VFR),0,0,25,0,25,0,0,148,0,148,0,0,173,0,173,218,0,218,391
08/08/2002,ARR,IL,AGL,CE,Towers with Display (VFR),0,1,27,0,28,0,0,145,2,147,0,1,172,2,175,327,0,327,502
08/09/2002,ARR,IL,AGL,CE,Towers with Display (VFR),0,0,18,2,20,0,0,181,0,181,0,0,199,2,201,216,0,216,417
08/10/2002,ARR,IL,AGL,CE,Towers with Display (VFR),0,0,21,0,21,0,0,173,0,173,0,0,194,0,194,247,0,247,441
08/11/2002,ARR,IL,AGL,CE,Towers with Display (VFR),0,0,37,2,39,0,0,148,2,150,0,0,185,4,189,197,0,197,386
08/12/2002,ARR,IL,AGL,CE,Towers with Display (VFR),0,0,34,0,34,0,0,108,0,108,0,0,142,0,142,195,0,195,337
08/13/2002,ARR,IL,AGL,CE,Towers with Display (VFR),0,2,21,0,23,0,0,35,0,35,0,2,56,0,58,96,0,96,154
08/14/2002,ARR,IL,AGL,CE,Towers with Display (VFR),0,1,45,0,46,0,0,146,0,146,0,1,191,0,192,198,0,198,390
08/15/2002,ARR,IL,AGL,CE,Towers with Display (VFR),0,0,44,1,45,0,0,78,1,79,0,0,122,2,124,106,2,108,232
08/16/2002,ARR,IL,AGL,CE,Towers with Display (VFR),0,0,32,0,32,0,0,138,0,138,0,0,170,0,170,181,0,181,351
08/17/2002,ARR,IL,AGL,CE,Towers with Display (VFR),0,0,16,0,16,0,4,58,0,62,0,4,74,0,78,120,0,120,198
08/18/2002,ARR,IL,AGL,CE,Towers with Display (VFR),0,2,25,1,28,0,0,304,0,304,0,2,329,1,332,349,0,349,681
08/19/2002,ARR,IL,AGL,CE,Towers with Display (VFR),0,2,42,0,44,0,0,74,0,74,0,2,116,0,118,131,0,131,249
08/20/2002,ARR,IL,AGL,CE,Towers with Display (VFR),0,2,19,0,21,0,0,207,0,207,0,2,226,0,228,210,0,210,438
08/21/2002,ARR,IL,AGL,CE,Towers with Display (VFR),0,4,33,0,37,0,0,147,0,147,0,4,180,0,184,211,0,211,395
08/22/2002,ARR,IL,AGL,CE,Towers with Display (VFR),0,0,27,0,27,0,0,57,0,57,0,0,84,0,84,123,0,123,207
08/23/2002,ARR,IL,AGL,CE,Towers with Display (VFR),0,4,34,0,38,0,0,30,0,30,0,4,64,0,68,62,0,62,130
08/24/2002,ARR,IL,AGL,CE,Towers with Display (VFR),0,1,42,0,43,0,0,142,0,142,0,1,184,0,185,231,0,231,416
08/25/2002,ARR,IL,AGL,CE,Towers with Display (VFR),0,0,28,0,28,0,0,480,0,480,0,0,508,0,508,315,0,315,823
08/26/2002,ARR,IL,AGL,CE,Towers with Display (VFR),0,2,37,0,39,0,0,138,0,138,0,2,175,0,177,194,0,194,371
08/27/2002,ARR,IL,AGL,CE,Towers with Display (VFR),0,0,26,0,26,0,2,177,0,179,0,2,203,0,205,225,0,225,430
08/28/2002,ARR,IL,AGL,CE,Towers with Display (VFR),0,1,35,0,36,0,0,162,0,162,0,1,197,0,198,178,0,178,376
08/29/2002,ARR,IL,AGL,CE,Towers with Display (VFR),0,1,30,0,31,0,0,236,0,236,0,1,266,0,267,316,0,316,583
08/30/2002,ARR,IL,AGL,CE,Towers with Display (VFR),0,1,24,0,25,0,0,196,0,196,0,1,220,0,221,286,0,286,507
08/31/2002,ARR,IL,AGL,CE,Towers with Display (VFR),0,0,39,0,39,0,0,158,0,158,0,0,197,0,197,315,0,315,512
09/01/2002,ARR,IL,AGL,CE,Towers with Display (VFR),0,1,30,0,31,0,0,129,0,129,0,1,159,0,160,214,0,214,374
09/02/2002,ARR,IL,AGL,CE,Towers with Display (VFR),0,0,15,0,15,0,0,59,0,59,0,0,74,0,74,78,0,78,152
09/03/2002,ARR,IL,AGL,CE,Towers with Display (VFR),0,4,23,4,31,0,0,140,0,140,0,4,163,4,171,265,0,265,436
09/04/2002,ARR,IL,AGL,CE,Towers with Display (VFR),0,1,36,2,39,0,0,193,0,193,0,1,229,2,232,247,0,247,479
09/05/2002,ARR,IL,AGL,CE,Towers with Display (VFR),0,0,15,0,15,0,0,187,0,187,0,0,202,0,202,256,0,256,458
09/06/2002,ARR,IL,AGL,CE,Towers with Display (VFR),0,1,27,3,31,0,0,126,1,127,0,1,153,4,158,192,0,192,350
09/07/2002,ARR,IL,AGL,CE,Towers with Display (VFR),0,0,22,0,22,0,0,183,0,183,0,0,205,0,205,322,0,322,527
09/08/2002,ARR,IL,AGL,CE,Towers with Display (VFR),0,4,19,4,27,0,0,172,0,172,0,4,191,4,199,175,0,175,374
09/09/2002,ARR,IL,AGL,CE,Towers with Display (VFR),0,1,19,0,20,0,0,121,0,121,0,1,140,0,141,259,0,259,400
09/10/2002,ARR,IL,AGL,CE,Towers with Display (VFR),0,2,37,0,39,0,0,89,0,89,0,2,126,0,128,150,0,150,278
09/11/2002,ARR,IL,AGL,CE,Towers with Display (VFR),0,0,23,0,23,0,0,176,0,176,0,0,199,0,199,254,0,254,453
09/12/2002,ARR,IL,AGL,CE,Towers with Display (VFR),0,2,23,2,27,0,0,190,0,190,0,2,213,2,217,303,0,303,520
09/13/2002,ARR,IL,AGL,CE,Towers with Display (VFR),0,2,22,1,25,0,0,224,0,224,0,2,246,1,249,253,0,253,502
09/14/2002,ARR,IL,AGL,CE,Towers with Display (VFR),0,0,16,1,17,0,0,132,1,133,0,0,148,2,150,268,0,268,418
09/15/2002,ARR,IL,AGL,CE,Towers with Display (VFR),0,2,28,3,33,0,0,133,6,139,0,2,161,9,172,211,2,213,385
09/16/2002,ARR,IL,AGL,CE,Towers with Display (VFR),0,0,19,1,20,0,0,229,1,230,0,0,248,2,250,261,2,263,513
09/17/2002,ARR,IL,AGL,CE,Towers with Display (VFR),0,2,26,2,30,0,0,201,0,201,0,2,227,2,231,235,0,235,466
09/18/2002,ARR,IL,AGL,CE,Towers with Display (VFR),0,4,23,0,27,0,0,53,0,53,0,4,76,0,80,76,0,76,156
09/19/2002,ARR,IL,AGL,CE,Towers with Display (VFR),0,2,30,0,32,0,0,55,0,55,0,2,85,0,87,38,0,38,125
09/20/2002,ARR,IL,AGL,CE,Towers with Display (VFR),0,1,28,1,30,0,0,36,0,36,0,1,64,1,66,104,0,104,170
09/21/2002,ARR,IL,AGL,CE,Towers with Display (VFR),0,0,15,0,15,0,0,270,0,270,0,0,285,0,285,301,0,301,586
09/22/2002,ARR,IL,AGL,CE,Towers with Display (VFR),0,0,25,1,26,0,0,178,0,178,0,0,203,1,204,211,0,211,415
09/23/2002,ARR,IL,AGL,CE,Towers with Display (VFR),0,2,30,0,32,0,0,157,0,157,0,2,187,0,189,258,0,258,447
09/24/2002,ARR,IL,AGL,CE,Towers with Display (VFR),0,0,40,4,44,0,4,162,0,166,0,4,202,4,210,258,2,260,470
09/25/2002,ARR,IL,AGL,CE,Towers with Display (VFR),0,0,21,0,21,0,0,228,0,228,0,0,249,0,249,352,0,352,601
09/26/2002,ARR,IL,AGL,CE,Towers with Display (VFR),0,0,33,4,37,0,0,151,0,151,0,0,184,4,188,270,8,278,466
09/27/2002,ARR,IL,AGL,CE,Towers with Display (VFR),0,0,41,0,41,0,0,54,0,54,0,0,95,0,95,153,0,153,248
09/28/2002,ARR,IL,AGL,CE,Towers with Display (VFR),0,0,32,1,33,0,0,183,1,184,0,0,215,2,217,310,2,312,529
09/29/2002,ARR,IL,AGL,CE,Towers with Display (VFR),0,0,30,1,31,0,0,328,0,328,0,0,358,1,359,251,2,253,612
09/30/2002,ARR,IL,AGL,CE,Towers with Display (VFR),0,0,18,0,18,0,0,123,0,123,0,0,141,0,141,192,0,192,333
10/01/2002,ARR,IL,AGL,CE,Towers with Display (VFR),0,4,11,2,17,0,0,110,0,110,0,4,121,2,127,189,0,189,316
10/02/2002,ARR,IL,AGL,CE,Towers with Display (VFR),0,2,38,1,41,0,0,29,0,29,0,2,67,1,70,74,0,74,144
10/03/2002,ARR,IL,AGL,CE,Towers with Display (VFR),0,7,56,2,65,0,0,13,0,13,0,7,69,2,78,24,0,24,102
10/04/2002,ARR,IL,AGL,CE,Towers with Display (VFR),0,0,13,2,15,0,0,16,0,16,0,0,29,2,31,9,0,9,40
10/05/2002,ARR,IL,AGL,CE,Towers with Display (VFR),0,0,27,0,27,0,0,284,12,296,0,0,311,12,323,385,18,403,726
10/06/2002,ARR,IL,AGL,CE,Towers with Display (VFR),0,1,19,2,22,0,0,159,4,163,0,1,178,6,185,245,0,245,430
10/07/2002,ARR,IL,AGL,CE,Towers with Display (VFR),0,2,31,0,33,0,0,180,0,180,0,2,211,0,213,214,0,214,427
10/08/2002,ARR,IL,AGL,CE,Towers with Display (VFR),0,0,25,1,26,0,0,227,0,227,0,0,252,1,253,215,0,215,468
10/09/2002,ARR,IL,AGL,CE,Towers with Display (VFR),0,0,29,0,29,0,0,220,0,220,0,0,249,0,249,280,0,280,529
10/10/2002,ARR,IL,AGL,CE,Towers with Display (VFR),0,1,22,2,25,0,1,157,0,158,0,2,179,2,183,294,2,296,479
10/11/2002,ARR,IL,AGL,CE,Towers with Display (VFR),0,3,28,0,31,0,0,192,0,192,0,3,220,0,223,230,0,230,453
10/12/2002,ARR,IL,AGL,CE,Towers with Display (VFR),0,3,25,0,28,0,0,86,0,86,0,3,111,0,114,182,0,182,296
10/13/2002,ARR,IL,AGL,CE,Towers with Display (VFR),0,1,24,0,25,0,0,125,0,125,0,1,149,0,150,173,0,173,323
10/14/2002,ARR,IL,AGL,CE,Towers with Display (VFR),0,3,17,0,20,0,0,151,2,153,0,3,168,2,173,252,0,252,425
10/15/2002,ARR,IL,AGL,CE,Towers with Display (VFR),0,1,31,2,34,0,0,164,0,164,0,1,195,2,198,228,0,228,426
10/16/2002,ARR,IL,AGL,CE,Towers with Display (VFR),0,0,32,0,32,0,0,177,4,181,0,0,209,4,213,266,0,266,479
10/17/2002,ARR,IL,AGL,CE,Towers with Display (VFR),0,0,23,2,25,0,0,28,0,28,0,0,51,2,53,34,0,34,87
10/18/2002,ARR,IL,AGL,CE,Towers with Display (VFR),0,1,32,2,35,0,0,70,0,70,0,1,102,2,105,153,0,153,258
10/19/2002,ARR,IL,AGL,CE,Towers with Display (VFR),0,0,39,0,39,0,0,188,0,188,0,0,227,0,227,301,0,301,528
10/20/2002,ARR,IL,AGL,CE,Towers with Display (VFR),0,0,25,0,25,0,0,186,10,196,0,0,211,10,221,300,0,300,521
10/21/2002,ARR,IL,AGL,CE,Towers with Display (VFR),0,2,30,0,32,0,0,170,0,170,0,2,200,0,202,194,0,194,396
10/22/2002,ARR,IL,AGL,CE,Towers with Display (VFR),0,2,38,0,40,0,1,124,0,125,0,3,162,0,165,246,0,246,411
10/23/2002,ARR,IL,AGL,CE,Towers with Display (VFR),0,2,43,0,45,0,0,49,0,49,0,2,92,0,94,119,0,119,213
10/24/2002,ARR,IL,AGL,CE,Towers with Display (VFR),0,0,35,0,35,0,0,34,0,34,0,0,69,0,69,68,0,68,137
10/25/2002,ARR,IL,AGL,CE,Towers with Display (VFR),0,1,32,0,33,0,0,29,0,29,0,1,61,0,62,44,0,44,106
10/26/2002,ARR,IL,AGL,CE,Towers with Display (VFR),0,0,51,0,51,0,0,86,0,86,0,0,137,0,137,188,0,188,325
10/27/2002,ARR,IL,AGL,CE,Towers with Display (VFR),0,0,28,0,28,0,0,344,0,344,0,0,372,0,372,318,0,318,690
10/28/2002,ARR,IL,AGL,CE,Towers with Display (VFR),0,1,27,1,29,0,0,126,2,128,0,1,153,3,157,248,0,248,405
10/29/2002,ARR,IL,AGL,CE,Towers with Display (VFR),0,0,17,1,18,0,0,47,0,47,0,0,64,1,65,81,0,81,146
10/30/2002,ARR,IL,AGL,CE,Towers with Display (VFR),0,0,28,0,28,0,0,111,0,111,0,0,139,0,139,155,0,155,294
10/31/2002,ARR,IL,AGL,CE,Towers with Display (VFR),0,0,34,0,34,0,0,168,2,170,0,0,202,2,204,303,9,312,516
11/01/2002,ARR,IL,AGL,CE,Towers with Display (VFR),0,1,24,1,26,0,0,179,0,179,0,1,203,1,205,309,0,309,514
11/02/2002,ARR,IL,AGL,CE,Towers with Display (VFR),0,0,17,0,17,0,0,191,0,191,0,0,208,0,208,242,0,242,450
11/03/2002,ARR,IL,AGL,CE,Towers with Display (VFR),0,0,22,2,24,0,0,133,0,133,0,0,155,2,157,175,0,175,332
11/04/2002,ARR,IL,AGL,CE,Towers with Display (VFR),0,2,27,0,29,0,2,128,0,130,0,4,155,0,159,229,0,229,388
11/05/2002,ARR,IL,AGL,CE,Towers with Display (VFR),0,2,14,2,18,0,2,7,0,9,0,4,21,2,27,0,0,0,27
11/06/2002,ARR,IL,AGL,CE,Towers with Display (VFR),0,0,37,0,37,0,0,77,4,81,0,0,114,4,118,211,0,211,329
11/07/2002,ARR,IL,AGL,CE,Towers with Display (VFR),0,0,25,3,28,0,0,155,1,156,0,0,180,4,184,240,24,264,448
11/08/2002,ARR,IL,AGL,CE,Towers with Display (VFR),0,0,15,1,16,0,0,105,0,105,0,0,120,1,121,157,0,157,278
11/09/2002,ARR,IL,AGL,CE,Towers with Display (VFR),0,0,32,0,32,0,0,104,0,104,0,0,136,0,136,179,0,179,315
11/10/2002,ARR,IL,AGL,CE,Towers with Display (VFR),0,1,51,0,52,0,0,24,0,24,0,1,75,0,76,67,0,67,143
11/11/2002,ARR,IL,AGL,CE,Towers with Display (VFR),0,1,28,2,31,0,0,18,0,18,0,1,46,2,49,46,0,46,95
11/12/2002,ARR,IL,AGL,CE,Towers with Display (VFR),0,4,32,0,36,0,0,155,2,157,0,4,187,2,193,286,0,286,479
11/13/2002,ARR,IL,AGL,CE,Towers with Display (VFR),0,4,18,0,22,0,0,182,1,183,0,4,200,1,205,259,8,267,472
11/14/2002,ARR,IL,AGL,CE,Towers with Display (VFR),0,0,24,2,26,0,0,107,0,107,0,0,131,2,133,173,0,173,306
11/15/2002,ARR,IL,AGL,CE,Towers with Display (VFR),0,0,24,2,26,0,0,118,0,118,0,0,142,2,144,133,0,133,277
11/16/2002,ARR,IL,AGL,CE,Towers with Display (VFR),0,0,21,0,21,0,0,205,0,205,0,0,226,0,226,384,0,384,610
11/17/2002,ARR,IL,AGL,CE,Towers with Display (VFR),0,0,31,0,31,0,0,203,0,203,0,0,234,0,234,286,0,286,520
11/18/2002,ARR,IL,AGL,CE,Towers with Display (VFR),0,2,19,0,21,0,0,130,0,130,0,2,149,0,151,201,0,201,352
11/19/2002,ARR,IL,AGL,CE,Towers with Display (VFR),0,3,14,0,17,0,0,183,0,183,0,3,197,0,200,324,0,324,524
11/20/2002,ARR,IL,AGL,CE,Towers with Display (VFR),0,1,29,0,30,0,0,196,0,196,0,1,225,0,226,250,0,250,476
11/21/2002,ARR,IL,AGL,CE,Towers with Display (VFR),0,1,27,0,28,0,1,26,2,29,0,2,53,2,57,39,0,39,96
11/22/2002,ARR,IL,AGL,CE,Towers with Display (VFR),0,0,26,0,26,0,0,169,1,170,0,0,195,1,196,251,0,251,447
11/23/2002,ARR,IL,AGL,CE,Towers with Display (VFR),0,1,18,2,21,0,0,202,0,202,0,1,220,2,223,315,0,315,538
11/24/2002,ARR,IL,AGL,CE,Towers with Display (VFR),0,0,19,0,19,0,0,120,0,120,0,0,139,0,139,193,0,193,332
11/25/2002,ARR,IL,AGL,CE,Towers with Display (VFR),0,0,31,0,31,0,0,134,0,134,0,0,165,0,165,165,0,165,330
11/26/2002,ARR,IL,AGL,CE,Towers with Display (VFR),0,2,10,0,12,0,0,25,0,25,0,2,35,0,37,24,0,24,61
11/27/2002,ARR,IL,AGL,CE,Towers with Display (VFR),0,1,31,1,33,0,1,182,0,183,0,2,213,1,216,268,0,268,484
11/28/2002,ARR,IL,AGL,CE,Towers with Display (VFR),0,0,11,0,11,0,0,58,0,58,0,0,69,0,69,107,0,107,176
11/29/2002,ARR,IL,AGL,CE,Towers with Display (VFR),0,0,17,0,17,0,0,89,0,89,0,0,106,0,106,137,0,137,243
11/30/2002,ARR,IL,AGL,CE,Towers with Display (VFR),0,0,14,0,14,0,0,16,0,16,0,0,30,0,30,16,0,16,46
12/01/2002,ARR,IL,AGL,CE,Towers with Display (VFR),0,2,27,3,32,0,0,85,1,86,0,2,112,4,118,80,0,80,198
12/02/2002,ARR,IL,AGL,CE,Towers with Display (VFR),0,3,12,2,17,0,0,3,0,3,0,3,15,2,20,0,0,0,20
12/03/2002,ARR,IL,AGL,CE,Towers with Display (VFR),0,3,19,0,22,0,0,46,0,46,0,3,65,0,68,42,0,42,110
12/04/2002,ARR,IL,AGL,CE,Towers with Display (VFR),0,2,29,0,31,0,0,148,0,148,0,2,177,0,179,214,0,214,393
12/05/2002,ARR,IL,AGL,CE,Towers with Display (VFR),0,1,23,0,24,0,0,113,2,115,0,1,136,2,139,130,6,136,275
12/06/2002,ARR,IL,AGL,CE,Towers with Display (VFR),0,0,20,2,22,0,0,228,0,228,0,0,248,2,250,234,0,234,484
12/07/2002,ARR,IL,AGL,CE,Towers with Display (VFR),0,0,11,0,11,0,0,149,0,149,0,0,160,0,160,297,0,297,457
12/08/2002,ARR,IL,AGL,CE,Towers with Display (VFR),0,2,29,2,33,0,0,188,0,188,0,2,217,2,221,289,0,289,510
12/09/2002,ARR,IL,AGL,CE,Towers with Display (VFR),0,0,19,0,19,0,0,98,0,98,0,0,117,0,117,129,0,129,246
12/10/2002,ARR,IL,AGL,CE,Towers with Display (VFR),0,3,35,0,38,0,0,163,0,163,0,3,198,0,201,228,0,228,429
12/11/2002,ARR,IL,AGL,CE,Towers with Display (VFR),0,1,30,5,36,0,0,190,5,195,0,1,220,10,231,284,10,294,525
12/12/2002,ARR,IL,AGL,CE,Towers with Display (VFR),0,0,30,0,30,0,0,106,1,107,0,0,136,1,137,159,7,166,303
12/13/2002,ARR,IL,AGL,CE,Towers with Display (VFR),0,2,27,0,29,0,0,21,0,21,0,2,48,0,50,31,0,31,81
12/14/2002,ARR,IL,AGL,CE,Towers with Display (VFR),0,1,23,0,24,0,0,63,0,63,0,1,86,0,87,78,0,78,165
12/15/2002,ARR,IL,AGL,CE,Towers with Display (VFR),0,0,16,0,16,0,0,233,0,233,0,0,249,0,249,265,0,265,514
12/16/2002,ARR,IL,AGL,CE,Towers with Display (VFR),0,1,21,1,23,0,0,141,0,141,0,1,162,1,164,147,0,147,311
12/17/2002,ARR,IL,AGL,CE,Towers with Display (VFR),0,2,10,1,13,0,0,41,0,41,0,2,51,1,54,99,0,99,153
12/18/2002,ARR,IL,AGL,CE,Towers with Display (VFR),0,1,7,0,8,0,0,1,0,1,0,1,8,0,9,6,0,6,15
12/19/2002,ARR,IL,AGL,CE,Towers with Display (VFR),0,6,38,1,45,0,0,94,5,99,0,6,132,6,144,196,0,196,340
12/20/2002,ARR,IL,AGL,CE,Towers with Display (VFR),0,4,24,5,33,0,1,57,1,59,0,5,81,6,92,91,0,91,183
12/21/2002,ARR,IL,AGL,CE,Towers with Display (VFR),0,0,15,0,15,0,0,85,0,85,0,0,100,0,100,149,0,149,249
12/22/2002,ARR,IL,AGL,CE,Towers with Display (VFR),0,2,33,1,36,0,0,70,0,70,0,2,103,1,106,88,6,94,200
12/23/2002,ARR,IL,AGL,CE,Towers with Display (VFR),0,0,24,0,24,0,1,124,1,126,0,1,148,1,150,192,0,192,342
12/24/2002,ARR,IL,AGL,CE,Towers with Display (VFR),0,3,8,0,11,0,0,150,0,150,0,3,158,0,161,258,0,258,419
12/25/2002,ARR,IL,AGL,CE,Towers with Display (VFR),0,0,3,0,3,0,0,52,0,52,0,0,55,0,55,59,0,59,114
12/26/2002,ARR,IL,AGL,CE,Towers with Display (VFR),0,0,24,0,24,0,0,115,0,115,0,0,139,0,139,263,0,263,402
12/27/2002,ARR,IL,AGL,CE,Towers with Display (VFR),0,0,28,2,30,0,0,157,0,157,0,0,185,2,187,318,0,318,505
12/28/2002,ARR,IL,AGL,CE,Towers with Display (VFR),0,0,18,0,18,0,0,30,0,30,0,0,48,0,48,140,0,140,188
12/29/2002,ARR,IL,AGL,CE,Towers with Display (VFR),0,0,20,0,20,0,0,130,0,130,0,0,150,0,150,152,0,152,302
12/30/2002,ARR,IL,AGL,CE,Towers with Display (VFR),0,4,10,0,14,0,0,14,0,14,0,4,24,0,28,3,0,3,31
12/31/2002,ARR,IL,AGL,CE,Towers with Display (VFR),0,0,11,0,11,0,0,195,0,195,0,0,206,0,206,257,0,257,463
01/01/2003,ARR,IL,AGL,CE,Towers with Display (VFR),0,0,7,0,7,0,0,51,0,51,0,0,58,0,58,74,0,74,132
01/02/2003,ARR,IL,AGL,CE,Towers with Display (VFR),0,0,16,0,16,0,1,27,0,28,0,1,43,0,44,38,0,38,82
01/03/2003,ARR,IL,AGL,CE,Towers with Display (VFR),0,0,17,0,17,0,0,206,0,206,0,0,223,0,223,229,0,229,452
01/04/2003,ARR,IL,AGL,CE,Towers with Display (VFR),0,1,16,0,17,0,0,146,6,152,0,1,162,6,169,224,12,236,405
01/05/2003,ARR,IL,AGL,CE,Towers with Display (VFR),0,0,10,1,11,0,0,0,0,0,0,0,10,1,11,0,0,0,11
01/06/2003,ARR,IL,AGL,CE,Towers with Display (VFR),0,0,18,0,18,0,0,119,0,119,0,0,137,0,137,214,0,214,351
01/07/2003,ARR,IL,AGL,CE,Towers with Display (VFR),0,0,21,0,21,0,0,62,2,64,0,0,83,2,85,87,0,87,172
01/08/2003,ARR,IL,AGL,CE,Towers with Display (VFR),0,2,21,0,23,0,0,149,0,149,0,2,170,0,172,168,0,168,340
01/09/2003,ARR,IL,AGL,CE,Towers with Display (VFR),0,0,14,2,16,0,0,99,0,99,0,0,113,2,115,107,0,107,222
01/10/2003,ARR,IL,AGL,CE,Towers with Display (VFR),0,0,18,2,20,0,0,43,0,43,0,0,61,2,63,93,0,93,156
01/11/2003,ARR,IL,AGL,CE,Towers with Display (VFR),0,0,13,0,13,0,0,161,0,161,0,0,174,0,174,177,0,177,351
01/12/2003,ARR,IL,AGL,CE,Towers with Display (VFR),0,0,25,2,27,0,0,165,0,165,0,0,190,2,192,249,0,249,441
01/13/2003,ARR,IL,AGL,CE,Towers with Display (VFR),0,0,17,0,17,0,0,98,0,98,0,0,115,0,115,125,0,125,240
01/14/2003,ARR,IL,AGL,CE,Towers with Display (VFR),0,0,17,0,17,0,0,126,0,126,0,0,143,0,143,180,0,180,323
01/15/2003,ARR,IL,AGL,CE,Towers with Display (VFR),0,0,17,1,18,0,0,115,1,116,0,0,132,2,134,113,14,127,261
01/16/2003,ARR,IL,AGL,CE,Towers with Display (VFR),0,0,21,0,21,0,0,169,2,171,0,0,190,2,192,249,0,249,441
01/17/2003,ARR,IL,AGL,CE,Towers with Display (VFR),0,0,18,0,18,0,0,157,0,157,0,0,175,0,175,266,0,266,441
01/18/2003,ARR,IL,AGL,CE,Towers with Display (VFR),0,2,12,0,14,0,0,46,0,46,0,2,58,0,60,93,0,93,153
01/19/2003,ARR,IL,AGL,CE,Towers with Display (VFR),0,2,18,0,20,0,0,85,0,85,0,2,103,0,105,145,0,145,250
01/20/2003,ARR,IL,AGL,CE,Towers with Display (VFR),0,1,22,0,23,0,0,136,0,136,0,1,158,0,159,297,0,297,456
01/21/2003,ARR,IL,AGL,CE,Towers with Display (VFR),0,0,22,2,24,0,0,145,0,145,0,0,167,2,169,197,0,197,366
01/22/2003,ARR,IL,AGL,CE,Towers with Display (VFR),0,0,21,0,21,0,0,110,0,110,0,0,131,0,131,171,0,171,302
01/23/2003,ARR,IL,AGL,CE,Towers with Display (VFR),0,0,9,0,9,0,0,52,0,52,0,0,61,0,61,41,0,41,102
01/24/2003,ARR,IL,AGL,CE,Towers with Display (VFR),0,0,23,0,23,0,0,91,0,91,0,0,114,0,114,189,0,189,303
01/25/2003,ARR,IL,AGL,CE,Towers with Display (VFR),0,0,21,0,21,0,0,128,0,128,0,0,149,0,149,281,0,281,430
01/26/2003,ARR,IL,AGL,CE,Towers with Display (VFR),0,0,15,0,15,0,0,69,0,69,0,0,84,0,84,218,0,218,302
01/27/2003,ARR,IL,AGL,CE,Towers with Display (VFR),0,0,17,0,17,0,0,97,0,97,0,0,114,0,114,178,0,178,292
01/28/2003,ARR,IL,AGL,CE,Towers with Display (VFR),0,2,16,0,18,0,0,15,0,15,0,2,31,0,33,31,0,31,64
01/29/2003,ARR,IL,AGL,CE,Towers with Display (VFR),0,4,24,0,28,0,0,86,2,88,0,4,110,2,116,194,0,194,310
01/30/2003,ARR,IL,AGL,CE,Towers with Display (VFR),0,2,27,0,29,0,0,55,4,59,0,2,82,4,88,89,16,105,193
01/31/2003,ARR,IL,AGL,CE,Towers with Display (VFR),0,0,7,2,9,0,0,0,0,0,0,0,7,2,9,0,0,0,9
02/01/2003,ARR,IL,AGL,CE,Towers with Display (VFR),0,0,6,0,6,0,0,4,0,4,0,0,10,0,10,2,0,2,12
02/02/2003,ARR,IL,AGL,CE,Towers with Display (VFR),0,0,22,0,22,0,0,12,0,12,0,0,34,0,34,15,0,15,49
02/03/2003,ARR,IL,AGL,CE,Towers with Display (VFR),0,1,6,0,7,0,0,0,0,0,0,1,6,0,7,0,0,0,7
02/04/2003,ARR,IL,AGL,CE,Towers with Display (VFR),0,0,21,2,23,0,0,27,0,27,0,0,48,2,50,33,0,33,83
02/05/2003,ARR,IL,AGL,CE,Towers with Display (VFR),0,0,24,0,24,0,0,219,0,219,0,0,243,0,243,333,0,333,576
02/06/2003,ARR,IL,AGL,CE,Towers with Display (VFR),0,0,18,2,20,0,0,160,2,162,0,0,178,4,182,241,0,241,423
02/07/2003,ARR,IL,AGL,CE,Towers with Display (VFR),0,0,27,2,29,0,0,160,2,162,0,0,187,4,191,246,0,246,437
02/08/2003,ARR,IL,AGL,CE,Towers with Display (VFR),0,1,4,0,5,0,0,131,0,131,0,1,135,0,136,270,0,270,406
02/09/2003,ARR,IL,AGL,CE,Towers with Display (VFR),0,0,31,2,33,0,0,188,0,188,0,0,219,2,221,337,0,337,558
02/10/2003,ARR,IL,AGL,CE,Towers with Display (VFR),0,0,20,0,20,0,0,88,0,88,0,0,108,0,108,187,0,187,295
02/11/2003,ARR,IL,AGL,CE,Towers with Display (VFR),0,1,33,1,35,0,2,56,0,58,0,3,89,1,93,89,0,89,182
02/12/2003,ARR,IL,AGL,CE,Towers with Display (VFR),0,1,24,0,25,0,0,99,6,105,0,1,123,6,130,219,0,219,349
02/13/2003,ARR,IL,AGL,CE,Towers with Display (VFR),0,7,31,0,38,0,0,170,0,170,0,7,201,0,208,251,0,251,459
02/14/2003,ARR,IL,AGL,CE,Towers with Display (VFR),0,1,18,0,19,0,4,78,0,82,0,5,96,0,101,108,0,108,209
02/15/2003,ARR,IL,AGL,CE,Towers with Display (VFR),0,0,5,0,5,0,0,26,0,26,0,0,31,0,31,59,0,59,90
02/16/2003,ARR,IL,AGL,CE,Towers with Display (VFR),0,0,14,0,14,0,0,110,0,110,0,0,124,0,124,285,0,285,409
02/17/2003,ARR,IL,AGL,CE,Towers with Display (VFR),0,3,21,0,24,0,0,30,0,30,0,3,51,0,54,74,0,74,128
02/18/2003,ARR,IL,AGL,CE,Towers with Display (VFR),0,1,21,0,22,0,0,47,0,47,0,1,68,0,69,121,0,121,190
02/19/2003,ARR,IL,AGL,CE,Towers with Display (VFR),0,2,28,0,30,0,0,276,1,277,0,2,304,1,307,375,0,375,682
02/20/2003,ARR,IL,AGL,CE,Towers with Display (VFR),0,4,28,1,33,0,0,196,0,196,0,4,224,1,229,335,0,335,564
02/21/2003,ARR,IL,AGL,CE,Towers with Display (VFR),0,2,19,0,21,0,0,192,0,192,0,2,211,0,213,321,0,321,534
02/22/2003,ARR,IL,AGL,CE,Towers with Display (VFR),0,0,5,0,5,0,0,2,0,2,0,0,7,0,7,8,0,8,15
02/23/2003,ARR,IL,AGL,CE,Towers with Display (VFR),0,1,27,0,28,0,0,170,0,170,0,1,197,0,198,245,0,245,443
02/24/2003,ARR,IL,AGL,CE,Towers with Display (VFR),0,1,22,1,24,0,0,32,0,32,0,1,54,1,56,74,0,74,130
02/25/2003,ARR,IL,AGL,CE,Towers with Display (VFR),0,2,27,1,30,0,0,149,3,152,0,2,176,4,182,216,21,237,419
02/26/2003,ARR,IL,AGL,CE,Towers with Display (VFR),0,2,21,1,24,0,0,205,1,206,0,2,226,2,230,242,2,244,474
02/27/2003,ARR,IL,AGL,CE,Towers with Display (VFR),0,0,24,2,26,0,0,209,7,216,0,0,233,9,242,268,6,274,516
02/28/2003,ARR,IL,AGL,CE,Towers with Display (VFR),0,0,29,1,30,0,0,162,0,162,0,0,191,1,192,135,0,135,327
03/01/2003,ARR,IL,AGL,CE,Towers with Display (VFR),0,1,23,0,24,0,0,186,0,186,0,1,209,0,210,305,0,305,515
03/02/2003,ARR,IL,AGL,CE,Towers with Display (VFR),0,0,24,0,24,0,0,65,0,65,0,0,89,0,89,151,0,151,240
03/03/2003,ARR,IL,AGL,CE,Towers with Display (VFR),0,0,17,1,18,0,0,33,0,33,0,0,50,1,51,47,0,47,98
03/04/2003,ARR,IL,AGL,CE,Towers with Display (VFR),0,0,18,1,19,0,0,17,0,17,0,0,35,1,36,31,0,31,67
03/05/2003,ARR,IL,AGL,CE,Towers with Display (VFR),0,1,10,0,11,0,0,46,0,46,0,1,56,0,57,37,0,37,94
03/06/2003,ARR,IL,AGL,CE,Towers with Display (VFR),0,0,33,0,33,0,0,108,0,108,0,0,141,0,141,212,0,212,353
03/07/2003,ARR,IL,AGL,CE,Towers with Display (VFR),0,0,34,2,36,0,0,83,0,83,0,0,117,2,119,156,0,156,275
03/08/2003,ARR,IL,AGL,CE,Towers with Display (VFR),0,3,27,0,30,0,0,0,0,0,0,3,27,0,30,54,0,54,84
03/09/2003,ARR,IL,AGL,CE,Towers with Display (VFR),0,2,20,2,24,0,0,171,0,171,0,2,191,2,195,363,0,363,558
03/10/2003,ARR,IL,AGL,CE,Towers with Display (VFR),0,0,26,1,27,0,0,110,0,110,0,0,136,1,137,133,0,133,270
03/11/2003,ARR,IL,AGL,CE,Towers with Display (VFR),0,0,25,2,27,0,0,108,1,109,0,0,133,3,136,209,14,223,359
03/12/2003,ARR,IL,AGL,CE,Towers with Display (VFR),0,2,21,0,23,0,0,124,0,124,0,2,145,0,147,319,0,319,466
03/13/2003,ARR,IL,AGL,CE,Towers with Display (VFR),0,0,21,2,23,0,0,61,0,61,0,0,82,2,84,87,0,87,171
03/14/2003,ARR,IL,AGL,CE,Towers with Display (VFR),0,1,28,0,29,0,0,206,0,206,0,1,234,0,235,290,0,290,525
03/15/2003,ARR,IL,AGL,CE,Towers with Display (VFR),0,0,26,0,26,0,0,18,0,18,0,0,44,0,44,92,0,92,136
03/16/2003,ARR,IL,AGL,CE,Towers with Display (VFR),0,0,14,0,14,0,0,162,0,162,0,0,176,0,176,246,0,246,422
03/17/2003,ARR,IL,AGL,CE,Towers with Display (VFR),0,0,20,2,22,0,0,116,0,116,0,0,136,2,138,192,0,192,330
03/18/2003,ARR,IL,AGL,CE,Towers with Display (VFR),0,2,20,0,22,0,0,33,0,33,0,2,53,0,55,41,0,41,96
03/19/2003,ARR,IL,AGL,CE,Towers with Display (VFR),0,4,21,0,25,0,0,18,0,18,0,4,39,0,43,0,0,0,43
03/20/2003,ARR,IL,AGL,CE,Towers with Display (VFR),0,2,16,0,18,0,0,26,2,28,0,2,42,2,46,52,17,69,115
03/21/2003,ARR,IL,AGL,CE,Towers with Display (VFR),0,1,38,0,39,0,0,57,0,57,0,1,95,0,96,55,0,55,151
03/22/2003,ARR,IL,AGL,CE,Towers with Display (VFR),0,1,46,0,47,0,0,106,0,106,0,1,152,0,153,262,0,262,415
03/23/2003,ARR,IL,AGL,CE,Towers with Display (VFR),0,0,37,0,37,0,0,260,0,260,0,0,297,0,297,360,0,360,657
03/24/2003,ARR,IL,AGL,CE,Towers with Display (VFR),0,0,19,2,21,0,0,143,0,143,0,0,162,2,164,232,0,232,396
03/25/2003,ARR,IL,AGL,CE,Towers with Display (VFR),0,0,32,0,32,0,0,149,2,151,0,0,181,2,183,245,6,251,434
03/26/2003,ARR,IL,AGL,CE,Towers with Display (VFR),0,6,18,1,25,0,0,211,1,212,0,6,229,2,237,205,0,205,442
03/27/2003,ARR,IL,AGL,CE,Towers with Display (VFR),0,1,24,0,25,0,0,87,0,87,0,1,111,0,112,134,0,134,246
03/28/2003,ARR,IL,AGL,CE,Towers with Display (VFR),0,3,31,0,34,0,0,0,0,0,0,3,31,0,34,4,0,4,38
03/29/2003,ARR,IL,AGL,CE,Towers with Display (VFR),0,1,15,0,16,0,0,106,0,106,0,1,121,0,122,255,0,255,377
03/30/2003,ARR,IL,AGL,CE,Towers with Display (VFR),0,0,28,0,28,0,0,256,0,256,0,0,284,0,284,228,0,228,512
03/31/2003,ARR,IL,AGL,CE,Towers with Display (VFR),0,0,20,2,22,0,0,141,0,141,0,0,161,2,163,175,0,175,338
04/01/2003,ARR,IL,AGL,CE,Towers with Display (VFR),0,0,23,0,23,0,2,118,0,120,0,2,141,0,143,102,0,102,245
04/02/2003,ARR,IL,AGL,CE,Towers with Display (VFR),0,0,30,0,30,0,0,180,0,180,0,0,210,0,210,191,11,202,412
04/03/2003,ARR,IL,AGL,CE,Towers with Display (VFR),0,0,21,0,21,0,0,1,0,1,0,0,22,0,22,6,0,6,28
04/04/2003,ARR,IL,AGL,CE,Towers with Display (VFR),0,0,4,2,6,0,0,0,0,0,0,0,4,2,6,0,0,0,6
04/05/2003,ARR,IL,AGL,CE,Towers with Display (VFR),0,1,29,0,30,0,0,96,2,98,0,1,125,2,128,200,0,200,328
04/06/2003,ARR,IL,AGL,CE,Towers with Display (VFR),0,1,15,2,18,0,0,121,0,121,0,1,136,2,139,139,0,139,278
04/07/2003,ARR,IL,AGL,CE,Towers with Display (VFR),0,1,14,2,17,0,0,0,0,0,0,1,14,2,17,0,0,0,17
04/08/2003,ARR,IL,AGL,CE,Towers with Display (VFR),0,0,13,0,13,0,0,20,0,20,0,0,33,0,33,95,0,95,128
04/09/2003,ARR,IL,AGL,CE,Towers with Display (VFR),0,0,20,2,22,0,0,181,1,182,0,0,201,3,204,287,0,287,491
04/10/2003,ARR,IL,AGL,CE,Towers with Display (VFR),0,4,24,2,30,0,0,191,0,191,0,4,215,2,221,303,0,303,524
04/11/2003,ARR,IL,AGL,CE,Towers with Display (VFR),0,1,29,0,30,0,0,216,0,216,0,1,245,0,246,286,0,286,532
04/12/2003,ARR,IL,AGL,CE,Towers with Display (VFR),0,0,19,2,21,0,0,251,0,251,0,0,270,2,272,486,0,486,758
04/13/2003,ARR,IL,AGL,CE,Towers with Display (VFR),0,0,27,0,27,0,0,222,0,222,0,0,249,0,249,299,0,299,548
04/14/2003,ARR,IL,AGL,CE,Towers with Display (VFR),0,0,25,0,25,0,0,103,0,103,0,0,128,0,128,104,0,104,232
04/15/2003,ARR,IL,AGL,CE,Towers with Display (VFR),0,2,25,0,27,0,1,87,0,88,0,3,112,0,115,57,0,57,172
04/16/2003,ARR,IL,AGL,CE,Towers with Display (VFR),0,2,17,0,19,0,0,93,0,93,0,2,110,0,112,119,0,119,231
04/17/2003,ARR,IL,AGL,CE,Towers with Display (VFR),0,3,29,0,32,0,0,54,0,54,0,3,83,0,86,94,0,94,180
04/18/2003,ARR,IL,AGL,CE,Towers with Display (VFR),0,1,35,0,36,0,0,80,0,80,0,1,115,0,116,284,0,284,400
04/19/2003,ARR,IL,AGL,CE,Towers with Display (VFR),0,0,17,0,17,0,0,48,0,48,0,0,65,0,65,216,0,216,281
04/20/2003,ARR,IL,AGL,CE,Towers with Display (VFR),0,0,11,2,13,0,0,18,0,18,0,0,29,2,31,38,0,38,69
04/21/2003,ARR,IL,AGL,CE,Towers with Display (VFR),0,0,29,0,29,0,0,21,0,21,0,0,50,0,50,61,0,61,111
04/22/2003,ARR,IL,AGL,CE,Towers with Display (VFR),0,0,26,0,26,0,0,224,0,224,0,0,250,0,250,323,0,323,573
04/23/2003,ARR,IL,AGL,CE,Towers with Display (VFR),0,3,45,0,48,0,0,256,0,256,0,3,301,0,304,384,0,384,688
04/24/2003,ARR,IL,AGL,CE,Towers with Display (VFR),0,0,27,0,27,0,0,159,0,159,0,0,186,0,186,206,0,206,392
04/25/2003,ARR,IL,AGL,CE,Towers with Display (VFR),0,1,24,2,27,0,0,132,0,132,0,1,156,2,159,189,0,189,348
04/26/2003,ARR,IL,AGL,CE,Towers with Display (VFR),0,3,21,0,24,0,0,253,0,253,0,3,274,0,277,279,0,279,556
04/27/2003,ARR,IL,AGL,CE,Towers with Display (VFR),0,0,27,1,28,0,0,323,1,324,0,0,350,2,352,233,0,233,585
04/28/2003,ARR,IL,AGL,CE,Towers with Display (VFR),0,2,12,0,14,0,0,121,0,121,0,2,133,0,135,160,0,160,295
04/29/2003,ARR,IL,AGL,CE,Towers with Display (VFR),0,1,32,0,33,0,0,205,1,206,0,1,237,1,239,275,0,275,514
04/30/2003,ARR,IL,AGL,CE,Towers with Display (VFR),0,3,9,5,17,0,0,28,0,28,0,3,37,5,45,32,0,32,77
05/01/2003,ARR,IL,AGL,CE,Towers with Display (VFR),0,2,25,0,27,0,0,7,0,7,0,2,32,0,34,0,0,0,34
05/02/2003,ARR,IL,AGL,CE,Towers with Display (VFR),0,5,22,4,31,0,0,174,0,174,0,5,196,4,205,178,0,178,383
05/03/2003,ARR,IL,AGL,CE,Towers with Display (VFR),0,0,20,0,20,0,0,272,0,272,0,0,292,0,292,414,0,414,706
05/04/2003,ARR,IL,AGL,CE,Towers with Display (VFR),0,2,18,2,22,0,0,115,0,115,0,2,133,2,137,180,0,180,317
05/05/2003,ARR,IL,AGL,CE,Towers with Display (VFR),0,1,34,1,36,0,0,82,0,82,0,1,116,1,118,162,0,162,280
05/06/2003,ARR,IL,AGL,CE,Towers with Display (VFR),0,3,28,1,32,0,0,174,0,174,0,3,202,1,206,323,0,323,529
05/07/2003,ARR,IL,AGL,CE,Towers with Display (VFR),0,3,38,0,41,0,0,82,0,82,0,3,120,0,123,147,0,147,270
05/08/2003,ARR,IL,AGL,CE,Towers with Display (VFR),0,3,55,0,58,0,0,103,0,103,0,3,158,0,161,107,0,107,268
05/09/2003,ARR,IL,AGL,CE,Towers with Display (VFR),0,0,49,0,49,0,0,118,0,118,0,0,167,0,167,175,0,175,342
05/10/2003,ARR,IL,AGL,CE,Towers with Display (VFR),0,0,11,0,11,0,0,51,0,51,0,0,62,0,62,158,0,158,220
05/11/2003,ARR,IL,AGL,CE,Towers with Display (VFR),0,3,6,0,9,0,0,1,0,1,0,3,7,0,10,0,0,0,10
05/12/2003,ARR,IL,AGL,CE,Towers with Display (VFR),0,0,16,1,17,0,0,71,0,71,0,0,87,1,88,94,0,94,182
05/13/2003,ARR,IL,AGL,CE,Towers with Display (VFR),0,0,18,1,19,0,0,204,0,204,0,0,222,1,223,239,0,239,462
05/14/2003,ARR,IL,AGL,CE,Towers with Display (VFR),0,1,31,0,32,0,0,74,2,76,0,1,105,2,108,104,0,104,212
05/15/2003,ARR,IL,AGL,CE,Towers with Display (VFR),0,4,38,2,44,0,0,94,3,97,0,4,132,5,141,208,0,208,349
05/16/2003,ARR,IL,AGL,CE,Towers with Display (VFR),0,0,23,2,25,0,0,201,0,201,0,0,224,2,226,249,8,257,483
05/17/2003,ARR,IL,AGL,CE,Towers with Display (VFR),0,0,26,0,26,0,0,161,0,161,0,0,187,0,187,376,0,376,563
05/18/2003,ARR,IL,AGL,CE,Towers with Display (VFR),0,0,37,0,37,0,0,223,0,223,0,0,260,0,260,199,0,199,459
05/19/2003,ARR,IL,AGL,CE,Towers with Display (VFR),0,2,33,2,37,0,0,43,0,43,0,2,76,2,80,0,0,0,80
05/20/2003,ARR,IL,AGL,CE,Towers with Display (VFR),0,0,17,3,20,0,0,83,0,83,0,0,100,3,103,138,0,138,241
05/21/2003,ARR,IL,AGL,CE,Towers with Display (VFR),0,3,37,3,43,0,0,188,0,188,0,3,225,3,231,277,0,277,508
05/22/2003,ARR,IL,AGL,CE,Towers with Display (VFR),0,2,30,0,32,0,0,219,2,221,0,2,249,2,253,324,8,332,585
05/23/2003,ARR,IL,AGL,CE,Towers with Display (VFR),0,2,36,2,40,0,0,196,1,197,0,2,232,3,237,280,0,280,517
05/24/2003,ARR,IL,AGL,CE,Towers with Display (VFR),0,1,15,0,16,0,0,210,0,210,0,1,225,0,226,180,0,180,406
05/25/2003,ARR,IL,AGL,CE,Towers with Display (VFR),0,1,25,0,26,0,0,156,0,156,0,1,181,0,182,238,0,238,420
05/26/2003,ARR,IL,AGL,CE,Towers with Display (VFR),0,2,18,1,21,0,0,231,1,232,0,2,249,2,253,272,2,274,527
05/27/2003,ARR,IL,AGL,CE,Towers with Display (VFR),0,3,26,0,29,0,0,194,2,196,0,3,220,2,225,206,6,212,437
05/28/2003,ARR,IL,AGL,CE,Towers with Display (VFR),0,2,22,0,24,0,0,74,0,74,0,2,96,0,98,62,0,62,160
05/29/2003,ARR,IL,AGL,CE,Towers with Display (VFR),0,6,42,0,48,0,0,125,0,125,0,6,167,0,173,121,0,121,294
05/30/2003,ARR,IL,AGL,CE,Towers with Display (VFR),0,0,31,1,32,0,0,69,2,71,0,0,100,3,103,97,0,97,200
05/31/2003,ARR,IL,AGL,CE,Towers with Display (VFR),0,0,20,0,20,0,0,27,2,29,0,0,47,2,49,104,0,104,153
06/01/2003,ARR,IL,AGL,CE,Towers with Display (VFR),0,2,21,1,24,0,0,307,0,307,0,2,328,1,331,398,0,398,729
06/02/2003,ARR,IL,AGL,CE,Towers with Display (VFR),0,1,14,2,17,0,0,160,0,160,0,1,174,2,177,225,0,225,402
06/03/2003,ARR,IL,AGL,CE,Towers with Display (VFR),0,2,24,2,28,0,0,90,2,92,0,2,114,4,120,137,6,143,263
06/04/2003,ARR,IL,AGL,CE,Towers with Display (VFR),0,2,34,4,40,0,0,258,0,258,0,2,292,4,298,312,4,316,614
06/05/2003,ARR,IL,AGL,CE,Towers with Display (VFR),0,2,27,2,31,0,0,227,0,227,0,2,254,2,258,230,0,230,488
06/06/2003,ARR,IL,AGL,CE,Towers with Display (VFR),0,0,24,3,27,0,0,88,1,89,0,0,112,4,116,79,2,81,197
06/07/2003,ARR,IL,AGL,CE,Towers with Display (VFR),0,0,38,1,39,0,0,253,0,253,0,0,291,1,292,322,0,322,614
06/08/2003,ARR,IL,AGL,CE,Towers with Display (VFR),0,0,26,5,31,0,0,144,1,145,0,0,170,6,176,344,24,368,544
06/09/2003,ARR,IL,AGL,CE,Towers with Display (VFR),0,0,30,0,30,0,0,150,0,150,0,0,180,0,180,237,0,237,417
06/10/2003,ARR,IL,AGL,CE,Towers with Display (VFR),0,0,19,0,19,0,0,48,0,48,0,0,67,0,67,34,0,34,101
06/11/2003,ARR,IL,AGL,CE,Towers with Display (VFR),0,2,47,0,49,0,0,39,0,39,0,2,86,0,88,202,0,202,290
06/12/2003,ARR,IL,AGL,CE,Towers with Display (VFR),0,2,61,0,63,0,0,69,4,73,0,2,130,4,136,123,2,125,261
06/13/2003,ARR,IL,AGL,CE,Towers with Display (VFR),0,0,51,0,51,0,0,117,0,117,0,0,168,0,168,216,0,216,384
06/14/2003,ARR,IL,AGL,CE,Towers with Display (VFR),0,2,27,2,31,0,0,212,0,212,0,2,239,2,243,295,0,295,538
06/15/2003,ARR,IL,AGL,CE,Towers with Display (VFR),0,0,26,2,28,0,0,166,0,166,0,0,192,2,194,156,0,156,350
06/16/2003,ARR,IL,AGL,CE,Towers with Display (VFR),0,0,28,0,28,0,0,174,0,174,0,0,202,0,202,310,0,310,512
06/17/2003,ARR,IL,AGL,CE,Towers with Display (VFR),0,0,29,0,29,0,0,220,0,220,0,0,249,0,249,263,0,263,512
06/18/2003,ARR,IL,AGL,CE,Towers with Display (VFR),0,0,22,0,22,0,0,94,0,94,0,0,116,0,116,110,0,110,226
06/19/2003,ARR,IL,AGL,CE,Towers with Display (VFR),0,1,25,0,26,0,0,135,2,137,0,1,160,2,163,238,0,238,401
06/20/2003,ARR,IL,AGL,CE,Towers with Display (VFR),0,2,31,1,34,0,0,230,0,230,0,2,261,1,264,334,0,334,598
06/21/2003,ARR,IL,AGL,CE,Towers with Display (VFR),0,1,20,0,21,0,0,217,0,217,0,1,237,0,238,361,0,361,599
06/22/2003,ARR,IL,AGL,CE,Towers with Display (VFR),0,1,16,1,18,0,0,190,0,190,0,1,206,1,208,303,0,303,511
06/23/2003,ARR,IL,AGL,CE,Towers with Display (VFR),0,3,25,0,28,0,0,162,0,162,0,3,187,0,190,211,0,211,401
06/24/2003,ARR,IL,AGL,CE,Towers with Display (VFR),0,2,27,0,29,0,0,229,0,229,0,2,256,0,258,295,0,295,553
06/25/2003,ARR,IL,AGL,CE,Towers with Display (VFR),0,2,24,0,26,0,0,138,0,138,0,2,162,0,164,213,0,213,377
06/26/2003,ARR,IL,AGL,CE,Towers with Display (VFR),0,0,32,0,32,0,0,121,0,121,0,0,153,0,153,182,0,182,335
06/27/2003,ARR,IL,AGL,CE,Towers with Display (VFR),0,4,43,1,48,0,0,141,0,141,0,4,184,1,189,232,6,238,427
06/28/2003,ARR,IL,AGL,CE,Towers with Display (VFR),0,0,30,2,32,0,1,137,0,138,0,1,167,2,170,223,0,223,393
06/29/2003,ARR,IL,AGL,CE,Towers with Display (VFR),0,0,21,1,22,0,0,363,0,363,0,0,384,1,385,285,0,285,670
06/30/2003,ARR,IL,AGL,CE,Towers with Display (VFR),0,1,16,0,17,0,0,142,0,142,0,1,158,0,159,286,0,286,445
07/01/2003,ARR,IL,AGL,CE,Towers with Display (VFR),0,4,24,2,30,0,0,175,0,175,0,4,199,2,205,363,0,363,568
07/02/2003,ARR,IL,AGL,CE,Towers with Display (VFR),0,2,18,0,20,0,0,192,0,192,0,2,210,0,212,311,0,311,523
07/03/2003,ARR,IL,AGL,CE,Towers with Display (VFR),0,1,23,1,25,0,1,132,0,133,0,2,155,1,158,188,0,188,346
07/04/2003,ARR,IL,AGL,CE,Towers with Display (VFR),0,0,12,0,12,0,0,102,0,102,0,0,114,0,114,105,0,105,219
07/05/2003,ARR,IL,AGL,CE,Towers with Display (VFR),0,1,21,0,22,0,0,122,0,122,0,1,143,0,144,206,0,206,350
07/06/2003,ARR,IL,AGL,CE,Towers with Display (VFR),0,8,30,2,40,0,0,88,0,88,0,8,118,2,128,92,0,92,220
07/07/2003,ARR,IL,AGL,CE,Towers with Display (VFR),0,2,37,0,39,0,0,70,0,70,0,2,107,0,109,66,0,66,175
07/08/2003,ARR,IL,AGL,CE,Towers with Display (VFR),0,0,27,0,27,0,0,51,0,51,0,0,78,0,78,64,0,64,142
07/09/2003,ARR,IL,AGL,CE,Towers with Display (VFR),0,0,25,0,25,0,0,70,0,70,0,0,95,0,95,135,0,135,230
07/10/2003,ARR,IL,AGL,CE,Towers with Display (VFR),0,0,19,0,19,0,0,94,0,94,0,0,113,0,113,198,0,198,311
07/11/2003,ARR,IL,AGL,CE,Towers with Display (VFR),0,0,40,1,41,0,0,153,0,153,0,0,193,1,194,232,10,242,436
07/12/2003,ARR,IL,AGL,CE,Towers with Display (VFR),0,0,23,0,23,0,0,244,0,244,0,0,267,0,267,429,0,429,696
07/13/2003,ARR,IL,AGL,CE,Towers with Display (VFR),0,3,15,2,20,0,0,201,0,201,0,3,216,2,221,299,0,299,520
07/14/2003,ARR,IL,AGL,CE,Towers with Display (VFR),0,2,18,2,22,0,1,195,0,196,0,3,213,2,218,287,0,287,505
07/15/2003,ARR,IL,AGL,CE,Towers with Display (VFR),0,3,20,0,23,0,0,150,0,150,0,3,170,0,173,229,0,229,402
07/16/2003,ARR,IL,AGL,CE,Towers with Display (VFR),0,0,32,0,32,0,0,198,0,198,0,0,230,0,230,280,0,280,510
07/17/2003,ARR,IL,AGL,CE,Towers with Display (VFR),0,0,33,0,33,0,0,159,0,159,0,0,192,0,192,340,0,340,532
07/18/2003,ARR,IL,AGL,CE,Towers with Display (VFR),0,0,34,2,36,0,0,140,4,144,0,0,174,6,180,218,4,222,402
07/19/2003,ARR,IL,AGL,CE,Towers with Display (VFR),0,0,26,2,28,0,0,342,0,342,0,0,368,2,370,398,0,398,768
07/20/2003,ARR,IL,AGL,CE,Towers with Display (VFR),0,2,22,1,25,0,0,133,0,133,0,2,155,1,158,252,0,252,410
07/21/2003,ARR,IL,AGL,CE,Towers with Display (VFR),0,0,36,1,37,0,0,170,0,170,0,0,206,1,207,306,0,306,513
07/22/2003,ARR,IL,AGL,CE,Towers with Display (VFR),0,3,30,0,33,0,0,109,0,109,0,3,139,0,142,259,0,259,401
07/23/2003,ARR,IL,AGL,CE,Towers with Display (VFR),0,0,20,4,24,0,0,158,1,159,0,0,178,5,183,283,0,283,466
07/24/2003,ARR,IL,AGL,CE,Towers with Display (VFR),0,0,21,0,21,0,0,181,0,181,0,0,202,0,202,300,0,300,502
07/25/2003,ARR,IL,AGL,CE,Towers with Display (VFR),0,2,34,2,38,0,0,137,0,137,0,2,171,2,175,231,0,231,406
07/26/2003,ARR,IL,AGL,CE,Towers with Display (VFR),0,0,25,0,25,0,0,181,2,183,0,0,206,2,208,236,0,236,444
07/27/2003,ARR,IL,AGL,CE,Towers with Display (VFR),0,2,24,1,27,0,2,197,0,199,0,4,221,1,226,233,0,233,459
07/28/2003,ARR,IL,AGL,CE,Towers with Display (VFR),0,2,39,1,42,0,0,100,0,100,0,2,139,1,142,123,0,123,265
07/29/2003,ARR,IL,AGL,CE,Towers with Display (VFR),0,0,27,0,27,0,0,275,0,275,0,0,302,0,302,314,0,314,616
07/30/2003,ARR,IL,AGL,CE,Towers with Display (VFR),0,2,28,0,30,0,0,166,0,166,0,2,194,0,196,318,0,318,514
07/31/2003,ARR,IL,AGL,CE,Towers with Display (VFR),0,0,39,0,39,0,0,187,2,189,0,0,226,2,228,219,2,221,449
08/01/2003,ARR,IL,AGL,CE,Towers with Display (VFR),0,0,19,0,19,0,0,124,0,124,0,0,143,0,143,87,0,87,230
08/02/2003,ARR,IL,AGL,CE,Towers with Display (VFR),0,0,25,0,25,0,0,243,2,245,0,0,268,2,270,283,0,283,553
08/03/2003,ARR,IL,AGL,CE,Towers with Display (VFR),0,0,20,0,20,0,0,116,0,116,0,0,136,0,136,202,0,202,338
08/04/2003,ARR,IL,AGL,CE,Towers with Display (VFR),0,0,31,2,33,0,0,94,0,94,0,0,125,2,127,122,0,122,249
08/05/2003,ARR,IL,AGL,CE,Towers with Display (VFR),0,0,28,0,28,0,0,146,0,146,0,0,174,0,174,190,0,190,364
08/06/2003,ARR,IL,AGL,CE,Towers with Display (VFR),0,3,31,0,34,0,0,101,0,101,0,3,132,0,135,239,0,239,374
08/07/2003,ARR,IL,AGL,CE,Towers with Display (VFR),0,5,35,0,40,0,1,128,0,129,0,6,163,0,169,244,0,244,413
08/08/2003,ARR,IL,AGL,CE,Towers with Display (VFR),0,1,44,3,48,0,2,95,1,98,0,3,139,4,146,195,0,195,341
08/09/2003,ARR,IL,AGL,CE,Towers with Display (VFR),0,1,17,0,18,0,0,193,2,195,0,1,210,2,213,208,4,212,425
08/10/2003,ARR,IL,AGL,CE,Towers with Display (VFR),0,0,32,2,34,0,0,216,0,216,0,0,248,2,250,287,0,287,537
08/11/2003,ARR,IL,AGL,CE,Towers with Display (VFR),0,0,22,0,22,0,0,86,0,86,0,0,108,0,108,166,0,166,274
08/12/2003,ARR,IL,AGL,CE,Towers with Display (VFR),0,0,34,0,34,0,0,127,0,127,0,0,161,0,161,290,0,290,451
08/13/2003,ARR,IL,AGL,CE,Towers with Display (VFR),0,0,51,0,51,0,0,122,0,122,0,0,173,0,173,169,0,169,342
08/14/2003,ARR,IL,AGL,CE,Towers with Display (VFR),0,2,36,0,38,0,2,84,2,88,0,4,120,2,126,164,0,164,290
08/15/2003,ARR,IL,AGL,CE,Towers with Display (VFR),0,0,29,0,29,0,0,161,0,161,0,0,190,0,190,210,0,210,400
08/16/2003,ARR,IL,AGL,CE,Towers with Display (VFR),0,0,21,1,22,0,0,192,1,193,0,0,213,2,215,297,2,299,514
08/17/2003,ARR,IL,AGL,CE,Towers with Display (VFR),0,2,41,1,44,0,0,310,0,310,0,2,351,1,354,289,0,289,643
08/18/2003,ARR,IL,AGL,CE,Towers with Display (VFR),0,0,19,0,19,0,0,196,0,196,0,0,215,0,215,329,0,329,544
08/19/2003,ARR,IL,AGL,CE,Towers with Display (VFR),0,6,26,0,32,0,0,188,2,190,0,6,214,2,222,241,0,241,463
08/20/2003,ARR,IL,AGL,CE,Towers with Display (VFR),0,2,37,0,39,0,0,173,0,173,0,2,210,0,212,246,0,246,458
08/21/2003,ARR,IL,AGL,CE,Towers with Display (VFR),0,0,18,2,20,0,0,105,0,105,0,0,123,2,125,129,0,129,254
08/22/2003,ARR,IL,AGL,CE,Towers with Display (VFR),0,1,26,1,28,0,0,310,0,310,0,1,336,1,338,349,6,355,693
08/23/2003,ARR,IL,AGL,CE,Towers with Display (VFR),0,1,18,0,19,0,0,331,0,331,0,1,349,0,350,253,0,253,603
08/24/2003,ARR,IL,AGL,CE,Towers with Display (VFR),0,1,30,1,32,0,0,261,0,261,0,1,291,1,293,288,10,298,591
08/25/2003,ARR,IL,AGL,CE,Towers with Display (VFR),0,1,16,0,17,0,0,156,0,156,0,1,172,0,173,187,0,187,360
08/26/2003,ARR,IL,AGL,CE,Towers with Display (VFR),0,1,29,0,30,0,0,129,5,134,0,1,158,5,164,208,0,208,372
08/27/2003,ARR,IL,AGL,CE,Towers with Display (VFR),0,1,25,0,26,0,1,184,0,185,0,2,209,0,211,260,0,260,471
08/28/2003,ARR,IL,AGL,CE,Towers with Display (VFR),0,0,25,0,25,0,0,148,2,150,0,0,173,2,175,223,6,229,404
08/29/2003,ARR,IL,AGL,CE,Towers with Display (VFR),0,0,25,1,26,0,0,76,0,76,0,0,101,1,102,93,0,93,195
08/30/2003,ARR,IL,AGL,CE,Towers with Display (VFR),0,1,23,2,26,0,2,233,2,237,0,3,256,4,263,372,6,378,641
08/31/2003,ARR,IL,AGL,CE,Towers with Display (VFR),0,1,19,0,20,0,0,109,0,109,0,1,128,0,129,153,0,153,282
09/01/2003,ARR,IL,AGL,CE,Towers with Display (VFR),0,4,47,0,51,0,0,54,1,55,0,4,101,1,106,58,0,58,164
09/02/2003,ARR,IL,AGL,CE,Towers with Display (VFR),0,2,18,1,21,0,0,147,3,150,0,2,165,4,171,236,10,246,417
09/03/2003,ARR,IL,AGL,CE,Towers with Display (VFR),0,4,26,0,30,0,0,135,0,135,0,4,161,0,165,217,0,217,382
09/04/2003,ARR,IL,AGL,CE,Towers with Display (VFR),0,6,29,0,35,0,0,200,1,201,0,6,229,1,236,275,0,275,511
09/05/2003,ARR,IL,AGL,CE,Towers with Display (VFR),0,0,30,2,32,0,0,208,0,208,0,0,238,2,240,338,0,338,578
09/06/2003,ARR,IL,AGL,CE,Towers with Display (VFR),0,2,15,0,17,0,0,245,0,245,0,2,260,0,262,342,0,342,604
09/07/2003,ARR,IL,AGL,CE,Towers with Display (VFR),0,2,20,2,24,0,0,236,0,236,0,2,256,2,260,250,0,250,510
09/08/2003,ARR,IL,AGL,CE,Towers with Display (VFR),0,3,15,0,18,0,0,193,0,193,0,3,208,0,211,245,0,245,456
09/09/2003,ARR,IL,AGL,CE,Towers with Display (VFR),0,0,28,0,28,0,0,101,0,101,0,0,129,0,129,100,0,100,229
09/10/2003,ARR,IL,AGL,CE,Towers with Display (VFR),0,2,24,2,28,0,1,143,5,149,0,3,167,7,177,203,12,215,392
09/11/2003,ARR,IL,AGL,CE,Towers with Display (VFR),0,0,31,2,33,0,0,123,0,123,0,0,154,2,156,263,0,263,419
09/12/2003,ARR,IL,AGL,CE,Towers with Display (VFR),0,1,25,2,28,0,0,76,2,78,0,1,101,4,106,139,0,139,245
09/13/2003,ARR,IL,AGL,CE,Towers with Display (VFR),0,2,14,0,16,0,0,27,0,27,0,2,41,0,43,24,0,24,67
09/14/2003,ARR,IL,AGL,CE,Towers with Display (VFR),0,3,32,0,35,0,0,61,0,61,0,3,93,0,96,107,0,107,203
09/15/2003,ARR,IL,AGL,CE,Towers with Display (VFR),0,0,17,0,17,0,0,173,0,173,0,0,190,0,190,314,0,314,504
09/16/2003,ARR,IL,AGL,CE,Towers with Display (VFR),0,5,30,0,35,0,0,222,2,224,0,5,252,2,259,251,8,259,518
09/17/2003,ARR,IL,AGL,CE,Towers with Display (VFR),0,0,47,2,49,0,0,124,0,124,0,0,171,2,173,269,0,269,442
09/18/2003,ARR,IL,AGL,CE,Towers with Display (VFR),0,2,24,2,28,0,0,170,0,170,0,2,194,2,198,207,0,207,405
09/19/2003,ARR,IL,AGL,CE,Towers with Display (VFR),0,0,36,0,36,0,0,117,0,117,0,0,153,0,153,115,0,115,268
09/20/2003,ARR,IL,AGL,CE,Towers with Display (VFR),0,2,26,2,30,0,0,264,1,265,0,2,290,3,295,293,0,293,588
09/21/2003,ARR,IL,AGL,CE,Towers with Display (VFR),0,2,36,1,39,0,1,234,1,236,0,3,270,2,275,319,0,319,594
09/22/2003,ARR,IL,AGL,CE,Towers with Display (VFR),0,2,25,2,29,0,0,48,0,48,0,2,73,2,77,101,0,101,178
09/23/2003,ARR,IL,AGL,CE,Towers with Display (VFR),0,1,29,4,34,0,0,201,0,201,0,1,230,4,235,304,0,304,539
09/24/2003,ARR,IL,AGL,CE,Towers with Display (VFR),0,2,26,0,28,0,0,70,0,70,0,2,96,0,98,100,0,100,198
09/25/2003,ARR,IL,AGL,CE,Towers with Display (VFR),0,1,25,0,26,0,1,177,0,178,0,2,202,0,204,250,0,250,454
09/26/2003,ARR,IL,AGL,CE,Towers with Display (VFR),0,1,24,0,25,0,0,75,0,75,0,1,99,0,100,130,0,130,230
09/27/2003,ARR,IL,AGL,CE,Towers with Display (VFR),0,1,26,0,27,0,0,148,0,148,0,1,174,0,175,263,0,263,438
09/28/2003,ARR,IL,AGL,CE,Towers with Display (VFR),0,4,28,0,32,0,0,250,0,250,0,4,278,0,282,224,0,224,506
09/29/2003,ARR,IL,AGL,CE,Towers with Display (VFR),0,2,14,0,16,0,0,145,0,145,0,2,159,0,161,237,0,237,398
09/30/2003,ARR,IL,AGL,CE,Towers with Display (VFR),0,3,14,0,17,0,0,111,0,111,0,3,125,0,128,118,0,118,246
10/01/2003,ARR,IL,AGL,CE,Towers with Display (VFR),0,1,22,0,23,0,1,127,0,128,0,2,149,0,151,278,0,278,429
10/02/2003,ARR,IL,AGL,CE,Towers with Display (VFR),0,1,30,1,32,0,1,204,1,206,0,2,234,2,238,313,0,313,551
10/03/2003,ARR,IL,AGL,CE,Towers with Display (VFR),0,0,24,1,25,0,0,21,1,22,0,0,45,2,47,28,0,28,75
10/04/2003,ARR,IL,AGL,CE,Towers with Display (VFR),0,2,17,0,19,0,0,165,0,165,0,2,182,0,184,316,0,316,500
10/05/2003,ARR,IL,AGL,CE,Towers with Display (VFR),0,2,19,1,22,0,1,146,1,148,0,3,165,2,170,321,0,321,491
10/06/2003,ARR,IL,AGL,CE,Towers with Display (VFR),0,0,21,0,21,0,0,156,0,156,0,0,177,0,177,302,0,302,479
10/07/2003,ARR,IL,AGL,CE,Towers with Display (VFR),0,1,12,1,14,0,1,134,1,136,0,2,146,2,150,226,0,226,376
10/08/2003,ARR,IL,AGL,CE,Towers with Display (VFR),0,3,34,2,39,0,1,130,0,131,0,4,164,2,170,210,0,210,380
10/09/2003,ARR,IL,AGL,CE,Towers with Display (VFR),0,1,27,1,29,0,0,84,1,85,0,1,111,2,114,182,0,182,296
10/10/2003,ARR,IL,AGL,CE,Towers with Display (VFR),0,3,32,0,35,0,2,123,0,125,0,5,155,0,160,207,0,207,367
10/11/2003,ARR,IL,AGL,CE,Towers with Display (VFR),0,3,31,0,34,0,0,97,0,97,0,3,128,0,131,199,0,199,330
10/12/2003,ARR,IL,AGL,CE,Towers with Display (VFR),0,3,28,0,31,0,1,148,0,149,0,4,176,0,180,262,0,262,442
10/13/2003,ARR,IL,AGL,CE,Towers with Display (VFR),0,3,29,0,32,0,0,150,0,150,0,3,179,0,182,239,0,239,421
10/14/2003,ARR,IL,AGL,CE,Towers with Display (VFR),0,3,31,1,35,0,0,24,1,25,0,3,55,2,60,28,0,28,88
10/15/2003,ARR,IL,AGL,CE,Towers with Display (VFR),0,2,28,1,31,0,0,136,1,137,0,2,164,2,168,245,2,247,415
10/16/2003,ARR,IL,AGL,CE,Towers with Display (VFR),0,2,22,0,24,0,0,104,0,104,0,2,126,0,128,170,0,170,298
10/17/2003,ARR,IL,AGL,CE,Towers with Display (VFR),0,3,32,0,35,0,1,155,0,156,0,4,187,0,191,151,0,151,342
10/18/2003,ARR,IL,AGL,CE,Towers with Display (VFR),0,3,26,0,29,0,2,183,0,185,0,5,209,0,214,292,0,292,506
10/19/2003,ARR,IL,AGL,CE,Towers with Display (VFR),0,4,38,0,42,0,1,145,0,146,0,5,183,0,188,228,0,228,416
10/20/2003,ARR,IL,AGL,CE,Towers with Display (VFR),0,2,23,0,25,0,0,107,2,109,0,2,130,2,134,100,0,100,234
10/21/2003,ARR,IL,AGL,CE,Towers with Display (VFR),0,3,34,0,37,0,8,159,0,167,0,11,193,0,204,243,0,243,447
10/22/2003,ARR,IL,AGL,CE,Towers with Display (VFR),0,3,28,0,31,0,2,166,2,170,0,5,194,2,201,273,0,273,474
10/23/2003,ARR,IL,AGL,CE,Towers with Display (VFR),0,3,33,0,36,0,4,136,0,140,0,7,169,0,176,270,0,270,446
10/24/2003,ARR,IL,AGL,CE,Towers with Display (VFR),0,0,28,0,28,0,0,107,1,108,0,0,135,1,136,173,0,173,309
10/25/2003,ARR,IL,AGL,CE,Towers with Display (VFR),0,0,27,0,27,0,0,132,0,132,0,0,159,0,159,301,0,301,460
10/26/2003,ARR,IL,AGL,CE,Towers with Display (VFR),0,0,26,0,26,0,0,303,1,304,0,0,329,1,330,273,0,273,603
10/27/2003,ARR,IL,AGL,CE,Towers with Display (VFR),0,3,24,0,27,0,0,105,0,105,0,3,129,0,132,223,0,223,355
10/28/2003,ARR,IL,AGL,CE,Towers with Display (VFR),0,2,23,0,25,0,0,36,1,37,0,2,59,1,62,95,0,95,157
10/29/2003,ARR,IL,AGL,CE,Towers with Display (VFR),0,1,10,0,11,0,0,131,0,131,0,1,141,0,142,340,0,340,482
10/30/2003,ARR,IL,AGL,CE,Towers with Display (VFR),0,3,22,0,25,0,4,131,0,135,0,7,153,0,160,169,0,169,329
10/31/2003,ARR,IL,AGL,CE,Towers with Display (VFR),0,3,25,0,28,0,0,63,4,67,0,3,88,4,95,101,0,101,196
11/01/2003,ARR,IL,AGL,CE,Towers with Display (VFR),0,0,26,0,26,0,0,174,2,176,0,0,200,2,202,309,2,311,513
11/02/2003,ARR,IL,AGL,CE,Towers with Display (VFR),0,2,38,1,41,0,0,12,1,13,0,2,50,2,54,6,0,6,60
11/03/2003,ARR,IL,AGL,CE,Towers with Display (VFR),0,0,25,0,25,0,0,3,0,3,0,0,28,0,28,0,0,0,28
11/04/2003,ARR,IL,AGL,CE,Towers with Display (VFR),0,1,20,1,22,0,1,77,3,81,0,2,97,4,103,61,0,61,164
11/05/2003,ARR,IL,AGL,CE,Towers with Display (VFR),0,1,21,0,22,0,2,57,0,59,0,3,78,0,81,154,0,154,235
11/06/2003,ARR,IL,AGL,CE,Towers with Display (VFR),0,1,20,1,22,0,4,174,1,179,0,5,194,2,201,215,6,221,422
11/07/2003,ARR,IL,AGL,CE,Towers with Display (VFR),0,1,24,1,26,0,1,195,1,197,0,2,219,2,223,296,0,296,519
11/08/2003,ARR,IL,AGL,CE,Towers with Display (VFR),0,1,34,0,35,0,0,178,0,178,0,1,212,0,213,277,0,277,490
11/09/2003,ARR,IL,AGL,CE,Towers with Display (VFR),0,0,20,1,21,0,0,171,2,173,0,0,191,3,194,287,2,289,483
11/10/2003,ARR,IL,AGL,CE,Towers with Display (VFR),0,1,31,0,32,0,0,157,0,157,0,1,188,0,189,218,0,218,407
11/11/2003,ARR,IL,AGL,CE,Towers with Display (VFR),0,1,25,0,26,0,0,15,0,15,0,1,40,0,41,9,0,9,50
11/12/2003,ARR,IL,AGL,CE,Towers with Display (VFR),0,2,34,1,37,0,0,31,1,32,0,2,65,2,69,37,0,37,106
11/13/2003,ARR,IL,AGL,CE,Towers with Display (VFR),0,2,28,1,31,0,0,67,15,82,0,2,95,16,113,128,48,176,289
11/14/2003,ARR,IL,AGL,CE,Towers with Display (VFR),0,0,20,1,21,0,0,137,1,138,0,0,157,2,159,216,0,216,375
11/15/2003,ARR,IL,AGL,CE,Towers with Display (VFR),0,0,14,1,15,0,0,0,0,0,0,0,14,1,15,0,0,0,15
11/16/2003,ARR,IL,AGL,CE,Towers with Display (VFR),0,0,19,0,19,0,1,2,0,3,0,1,21,0,22,0,0,0,22
11/17/2003,ARR,IL,AGL,CE,Towers with Display (VFR),0,0,54,2,56,0,0,2,5,7,0,0,56,7,63,41,0,41,104
11/18/2003,ARR,IL,AGL,CE,Towers with Display (VFR),0,2,35,0,37,0,4,13,0,17,0,6,48,0,54,0,0,0,54
11/19/2003,ARR,IL,AGL,CE,Towers with Display (VFR),0,1,25,0,26,0,0,225,0,225,0,1,250,0,251,258,0,258,509
11/20/2003,ARR,IL,AGL,CE,Towers with Display (VFR),0,1,23,0,24,0,1,144,0,145,0,2,167,0,169,166,0,166,335
11/21/2003,ARR,IL,AGL,CE,Towers with Display (VFR),0,2,42,0,44,0,0,184,0,184,0,2,226,0,228,168,0,168,396
11/22/2003,ARR,IL,AGL,CE,Towers with Display (VFR),0,0,20,0,20,0,0,0,0,0,0,0,20,0,20,0,0,0,20
11/23/2003,ARR,IL,AGL,CE,Towers with Display (VFR),0,0,13,0,13,0,2,3,2,7,0,2,16,2,20,16,0,16,36
11/24/2003,ARR,IL,AGL,CE,Towers with Display (VFR),0,0,15,0,15,0,2,36,0,38,0,2,51,0,53,29,0,29,82
11/25/2003,ARR,IL,AGL,CE,Towers with Display (VFR),0,1,24,0,25,0,0,130,2,132,0,1,154,2,157,269,0,269,426
11/26/2003,ARR,IL,AGL,CE,Towers with Display (VFR),0,1,26,0,27,0,1,231,0,232,0,2,257,0,259,417,0,417,676
11/27/2003,ARR,IL,AGL,CE,Towers with Display (VFR),0,0,8,0,8,0,0,10,0,10,0,0,18,0,18,18,0,18,36
11/28/2003,ARR,IL,AGL,CE,Towers with Display (VFR),0,0,10,0,10,0,0,53,0,53,0,0,63,0,63,112,0,112,175
11/29/2003,ARR,IL,AGL,CE,Towers with Display (VFR),0,1,26,0,27,0,3,76,0,79,0,4,102,0,106,47,0,47,153
11/30/2003,ARR,IL,AGL,CE,Towers with Display (VFR),0,0,24,0,24,0,0,190,0,190,0,0,214,0,214,269,0,269,483
12/01/2003,ARR,IL,AGL,CE,Towers with Display (VFR),0,1,16,0,17,0,0,103,0,103,0,1,119,0,120,80,0,80,200
12/02/2003,ARR,IL,AGL,CE,Towers with Display (VFR),0,1,19,0,20,0,0,163,0,163,0,1,182,0,183,204,0,204,387
12/03/2003,ARR,IL,AGL,CE,Towers with Display (VFR),0,0,19,0,19,0,0,142,0,142,0,0,161,0,161,237,0,237,398
12/04/2003,ARR,IL,AGL,CE,Towers with Display (VFR),0,2,16,0,18,0,0,16,0,16,0,2,32,0,34,14,0,14,48
12/05/2003,ARR,IL,AGL,CE,Towers with Display (VFR),0,0,11,1,12,0,2,67,1,70,0,2,78,2,82,99,0,99,181
12/06/2003,ARR,IL,AGL,CE,Towers with Display (VFR),0,1,18,1,20,0,0,119,1,120,0,1,137,2,140,236,0,236,376
12/07/2003,ARR,IL,AGL,CE,Towers with Display (VFR),0,0,15,1,16,0,0,166,1,167,0,0,181,2,183,286,0,286,469
12/08/2003,ARR,IL,AGL,CE,Towers with Display (VFR),0,0,13,1,14,0,0,79,0,79,0,0,92,1,93,179,0,179,272
12/09/2003,ARR,IL,AGL,CE,Towers with Display (VFR),0,0,17,1,18,0,0,1,1,2,0,0,18,2,20,0,0,0,20
12/10/2003,ARR,IL,AGL,CE,Towers with Display (VFR),0,2,23,1,26,0,0,6,0,6,0,2,29,1,32,4,0,4,36
12/11/2003,ARR,IL,AGL,CE,Towers with Display (VFR),0,2,18,1,21,0,0,109,0,109,0,2,127,1,130,193,0,193,323
12/12/2003,ARR,IL,AGL,CE,Towers with Display (VFR),0,2,22,0,24,0,4,125,0,129,0,6,147,0,153,289,0,289,442
12/13/2003,ARR,IL,AGL,CE,Towers with Display (VFR),0,1,23,0,24,0,2,96,0,98,0,3,119,0,122,179,0,179,301
12/14/2003,ARR,IL,AGL,CE,Towers with Display (VFR),0,2,28,0,30,0,3,24,0,27,0,5,52,0,57,94,0,94,151
12/15/2003,ARR,IL,AGL,CE,Towers with Display (VFR),0,0,16,0,16,0,2,18,0,20,0,2,34,0,36,2,0,2,38
12/16/2003,ARR,IL,AGL,CE,Towers with Display (VFR),0,0,11,0,11,0,1,7,0,8,0,1,18,0,19,4,0,4,23
12/17/2003,ARR,IL,AGL,CE,Towers with Display (VFR),0,0,21,0,21,0,0,76,0,76,0,0,97,0,97,142,0,142,239
12/18/2003,ARR,IL,AGL,CE,Towers with Display (VFR),0,0,35,0,35,0,0,30,0,30,0,0,65,0,65,46,0,46,111
12/19/2003,ARR,IL,AGL,CE,Towers with Display (VFR),0,0,34,0,34,0,0,103,1,104,0,0,137,1,138,122,0,122,260
12/20/2003,ARR,IL,AGL,CE,Towers with Display (VFR),0,1,28,0,29,0,0,247,0,247,0,1,275,0,276,335,0,335,611
12/21/2003,ARR,IL,AGL,CE,Towers with Display (VFR),0,0,12,0,12,0,0,58,6,64,0,0,70,6,76,98,26,124,200
12/22/2003,ARR,IL,AGL,CE,Towers with Display (VFR),0,0,13,0,13,0,2,103,2,107,0,2,116,2,120,200,0,200,320
12/23/2003,ARR,IL,AGL,CE,Towers with Display (VFR),0,2,30,0,32,0,1,50,0,51,0,3,80,0,83,18,0,18,101
12/24/2003,ARR,IL,AGL,CE,Towers with Display (VFR),0,0,5,0,5,0,4,54,0,58,0,4,59,0,63,34,0,34,97
12/25/2003,ARR,IL,AGL,CE,Towers with Display (VFR),0,0,6,0,6,0,0,50,0,50,0,0,56,0,56,81,0,81,137
12/26/2003,ARR,IL,AGL,CE,Towers with Display (VFR),0,2,34,0,36,0,0,198,0,198,0,2,232,0,234,294,0,294,528
12/27/2003,ARR,IL,AGL,CE,Towers with Display (VFR),0,0,23,0,23,0,0,145,0,145,0,0,168,0,168,190,0,190,358
12/28/2003,ARR,IL,AGL,CE,Towers with Display (VFR),0,0,17,0,17,0,0,33,0,33,0,0,50,0,50,127,0,127,177
12/29/2003,ARR,IL,AGL,CE,Towers with Display (VFR),0,0,14,0,14,0,0,100,0,100,0,0,114,0,114,156,0,156,270
12/30/2003,ARR,IL,AGL,CE,Towers with Display (VFR),0,0,20,0,20,0,0,156,2,158,0,0,176,2,178,214,0,214,392
12/31/2003,ARR,IL,AGL,CE,Towers with Display (VFR),0,0,9,0,9,0,0,128,0,128,0,0,137,0,137,171,0,171,308
01/01/2004,ARR,IL,AGL,CE,Towers with Display (VFR),0,0,5,0,5,0,0,106,0,106,0,0,111,0,111,124,0,124,235
01/02/2004,ARR,IL,AGL,CE,Towers with Display (VFR),0,0,8,1,9,0,0,0,3,3,0,0,8,4,12,0,2,2,14
01/03/2004,ARR,IL,AGL,CE,Towers with Display (VFR),0,0,19,0,19,0,0,163,0,163,0,0,182,0,182,261,0,261,443
01/04/2004,ARR,IL,AGL,CE,Towers with Display (VFR),0,0,12,0,12,0,2,0,0,2,0,2,12,0,14,0,0,0,14
01/05/2004,ARR,IL,AGL,CE,Towers with Display (VFR),0,3,19,0,22,0,0,39,0,39,0,3,58,0,61,86,0,86,147
01/06/2004,ARR,IL,AGL,CE,Towers with Display (VFR),0,0,14,0,14,0,0,35,0,35,0,0,49,0,49,38,0,38,87
01/07/2004,ARR,IL,AGL,CE,Towers with Display (VFR),0,1,18,0,19,0,0,99,0,99,0,1,117,0,118,134,0,134,252
01/08/2004,ARR,IL,AGL,CE,Towers with Display (VFR),0,0,18,0,18,0,0,92,0,92,0,0,110,0,110,144,0,144,254
01/09/2004,ARR,IL,AGL,CE,Towers with Display (VFR),0,0,27,2,29,0,0,19,0,19,0,0,46,2,48,22,0,22,70
01/10/2004,ARR,IL,AGL,CE,Towers with Display (VFR),0,2,17,0,19,0,2,68,0,70,0,4,85,0,89,88,0,88,177
01/11/2004,ARR,IL,AGL,CE,Towers with Display (VFR),0,2,21,2,25,0,0,118,0,118,0,2,139,2,143,249,0,249,392
01/12/2004,ARR,IL,AGL,CE,Towers with Display (VFR),0,1,17,0,18,0,0,73,0,73,0,1,90,0,91,151,0,151,242
01/13/2004,ARR,IL,AGL,CE,Towers with Display (VFR),0,3,27,0,30,0,1,137,0,138,0,4,164,0,168,282,0,282,450
01/14/2004,ARR,IL,AGL,CE,Towers with Display (VFR),0,2,20,0,22,0,0,23,2,25,0,2,43,2,47,35,0,35,82
01/15/2004,ARR,IL,AGL,CE,Towers with Display (VFR),0,2,18,0,20,0,1,118,0,119,0,3,136,0,139,195,0,195,334
01/16/2004,ARR,IL,AGL,CE,Towers with Display (VFR),0,1,29,2,32,0,0,124,0,124,0,1,153,2,156,186,0,186,342
01/17/2004,ARR,IL,AGL,CE,Towers with Display (VFR),0,0,7,0,7,0,0,0,0,0,0,0,7,0,7,0,0,0,7
01/18/2004,ARR,IL,AGL,CE,Towers with Display (VFR),0,0,16,0,16,0,0,91,0,91,0,0,107,0,107,160,0,160,267
01/19/2004,ARR,IL,AGL,CE,Towers with Display (VFR),0,0,11,0,11,0,0,97,0,97,0,0,108,0,108,186,0,186,294
01/20/2004,ARR,IL,AGL,CE,Towers with Display (VFR),0,0,17,0,17,0,1,105,2,108,0,1,122,2,125,131,0,131,256
01/21/2004,ARR,IL,AGL,CE,Towers with Display (VFR),0,1,25,2,28,0,2,80,0,82,0,3,105,2,110,139,0,139,249
01/22/2004,ARR,IL,AGL,CE,Towers with Display (VFR),0,0,18,0,18,0,5,64,2,71,0,5,82,2,89,107,0,107,196
01/23/2004,ARR,IL,AGL,CE,Towers with Display (VFR),0,1,25,0,26,0,0,12,0,12,0,1,37,0,38,16,0,16,54
01/24/2004,ARR,IL,AGL,CE,Towers with Display (VFR),0,0,15,0,15,0,0,142,0,142,0,0,157,0,157,204,0,204,361
01/25/2004,ARR,IL,AGL,CE,Towers with Display (VFR),0,0,14,0,14,0,0,75,2,77,0,0,89,2,91,161,0,161,252
01/26/2004,ARR,IL,AGL,CE,Towers with Display (VFR),0,0,12,0,12,0,0,6,1,7,0,0,18,1,19,0,0,0,19
01/27/2004,ARR,IL,AGL,CE,Towers with Display (VFR),0,0,18,0,18,0,1,4,1,6,0,1,22,1,24,8,0,8,32
01/28/2004,ARR,IL,AGL,CE,Towers with Display (VFR),0,0,20,0,20,0,0,58,0,58,0,0,78,0,78,129,0,129,207
01/29/2004,ARR,IL,AGL,CE,Towers with Display (VFR),0,0,17,0,17,0,3,7,1,11,0,3,24,1,28,6,0,6,34
01/30/2004,ARR,IL,AGL,CE,Towers with Display (VFR),0,0,12,0,12,0,1,47,0,48,0,1,59,0,60,45,0,45,105
01/31/2004,ARR,IL,AGL,CE,Towers with Display (VFR),0,0,19,0,19,0,0,82,2,84,0,0,101,2,103,116,0,116,219
02/01/2004,ARR,IL,AGL,CE,Towers with Display (VFR),0,0,15,0,15,0,0,111,0,111,0,0,126,0,126,235,0,235,361
02/02/2004,ARR,IL,AGL,CE,Towers with Display (VFR),0,0,8,0,8,0,1,27,0,28,0,1,35,0,36,41,0,41,77
02/03/2004,ARR,IL,AGL,CE,Towers with Display (VFR),0,0,11,0,11,0,0,15,0,15,0,0,26,0,26,5,0,5,31
02/04/2004,ARR,IL,AGL,CE,Towers with Display (VFR),0,1,21,1,23,0,0,164,3,167,0,1,185,4,190,238,0,238,428
02/05/2004,ARR,IL,AGL,CE,Towers with Display (VFR),0,0,13,1,14,0,0,40,1,41,0,0,53,2,55,54,0,54,109
02/06/2004,ARR,IL,AGL,CE,Towers with Display (VFR),0,0,21,1,22,0,4,25,1,30,0,4,46,2,52,51,0,51,103
02/07/2004,ARR,IL,AGL,CE,Towers with Display (VFR),0,0,7,0,7,0,0,36,0,36,0,0,43,0,43,79,0,79,122
02/08/2004,ARR,IL,AGL,CE,Towers with Display (VFR),0,0,22,1,23,0,0,30,1,31,0,0,52,2,54,68,0,68,122
02/09/2004,ARR,IL,AGL,CE,Towers with Display (VFR),0,0,22,1,23,0,0,60,5,65,0,0,82,6,88,97,0,97,185
02/10/2004,ARR,IL,AGL,CE,Towers with Display (VFR),0,2,27,2,31,0,1,89,0,90,0,3,116,2,121,107,10,117,238
02/11/2004,ARR,IL,AGL,CE,Towers with Display (VFR),0,0,20,0,20,0,1,208,0,209,0,1,228,0,229,294,0,294,523
02/12/2004,ARR,IL,AGL,CE,Towers with Display (VFR),0,2,21,1,24,0,0,104,1,105,0,2,125,2,129,186,0,186,315
02/13/2004,ARR,IL,AGL,CE,Towers with Display (VFR),0,0,22,0,22,0,1,153,0,154,0,1,175,0,176,197,0,197,373
02/14/2004,ARR,IL,AGL,CE,Towers with Display (VFR),0,0,17,0,17,0,0,192,0,192,0,0,209,0,209,392,0,392,601
02/15/2004,ARR,IL,AGL,CE,Towers with Display (VFR),0,0,20,0,20,0,0,77,0,77,0,0,97,0,97,141,0,141,238
02/16/2004,ARR,IL,AGL,CE,Towers with Display (VFR),0,1,21,0,22,0,0,112,0,112,0,1,133,0,134,201,0,201,335
02/17/2004,ARR,IL,AGL,CE,Towers with Display (VFR),0,2,27,0,29,0,0,151,0,151,0,2,178,0,180,178,0,178,358
02/18/2004,ARR,IL,AGL,CE,Towers with Display (VFR),0,0,25,0,25,0,0,110,0,110,0,0,135,0,135,101,0,101,236
02/19/2004,ARR,IL,AGL,CE,Towers with Display (VFR),0,0,20,0,20,0,0,85,0,85,0,0,105,0,105,172,0,172,277
02/20/2004,ARR,IL,AGL,CE,Towers with Display (VFR),0,0,18,0,18,0,0,8,0,8,0,0,26,0,26,6,0,6,32
02/21/2004,ARR,IL,AGL,CE,Towers with Display (VFR),0,0,15,0,15,0,2,143,2,147,0,2,158,2,162,341,0,341,503
02/22/2004,ARR,IL,AGL,CE,Towers with Display (VFR),0,1,25,0,26,0,0,189,0,189,0,1,214,0,215,413,0,413,628
02/23/2004,ARR,IL,AGL,CE,Towers with Display (VFR),0,0,21,0,21,0,2,19,1,22,0,2,40,1,43,81,0,81,124
02/24/2004,ARR,IL,AGL,CE,Towers with Display (VFR),0,0,20,0,20,0,2,37,1,40,0,2,57,1,60,55,0,55,115
02/25/2004,ARR,IL,AGL,CE,Towers with Display (VFR),0,0,28,0,28,0,0,160,0,160,0,0,188,0,188,182,0,182,370
02/26/2004,ARR,IL,AGL,CE,Towers with Display (VFR),0,2,23,0,25,0,0,195,0,195,0,2,218,0,220,285,0,285,505
02/27/2004,ARR,IL,AGL,CE,Towers with Display (VFR),0,2,25,0,27,0,1,194,0,195,0,3,219,0,222,281,0,281,503
02/28/2004,ARR,IL,AGL,CE,Towers with Display (VFR),0,0,16,0,16,0,0,278,0,278,0,0,294,0,294,431,0,431,725
02/29/2004,ARR,IL,AGL,CE,Towers with Display (VFR),0,1,30,0,31,0,0,184,0,184,0,1,214,0,215,351,0,351,566
03/01/2004,ARR,IL,AGL,CE,Towers with Display (VFR),0,0,27,0,27,0,0,3,0,3,0,0,30,0,30,0,0,0,30
03/02/2004,ARR,IL,AGL,CE,Towers with Display (VFR),0,1,24,0,25,0,0,30,3,33,0,1,54,3,58,41,0,41,99
03/03/2004,ARR,IL,AGL,CE,Towers with Display (VFR),0,0,29,0,29,0,0,82,2,84,0,0,111,2,113,164,0,164,277
03/04/2004,ARR,IL,AGL,CE,Towers with Display (VFR),0,0,20,0,20,0,0,7,1,8,0,0,27,1,28,25,0,25,53
03/05/2004,ARR,IL,AGL,CE,Towers with Display (VFR),0,0,9,0,9,0,0,7,2,9,0,0,16,2,18,0,0,0,18
03/06/2004,ARR,IL,AGL,CE,Towers with Display (VFR),0,0,18,0,18,0,0,99,0,99,0,0,117,0,117,220,0,220,337
03/07/2004,ARR,IL,AGL,CE,Towers with Display (VFR),0,0,9,1,10,0,1,11,1,13,0,1,20,2,23,0,0,0,23
03/08/2004,ARR,IL,AGL,CE,Towers with Display (VFR),0,1,25,1,27,0,1,113,1,115,0,2,138,2,142,194,0,194,336
03/09/2004,ARR,IL,AGL,CE,Towers with Display (VFR),0,1,23,1,25,0,3,173,1,177,0,4,196,2,202,211,0,211,413
03/10/2004,ARR,IL,AGL,CE,Towers with Display (VFR),0,1,25,0,26,0,1,112,0,113,0,2,137,0,139,187,0,187,326
03/11/2004,ARR,IL,AGL,CE,Towers with Display (VFR),0,0,17,0,17,0,4,22,0,26,0,4,39,0,43,20,0,20,63
03/12/2004,ARR,IL,AGL,CE,Towers with Display (VFR),0,2,27,0,29,0,1,182,0,183,0,3,209,0,212,262,0,262,474
03/13/2004,ARR,IL,AGL,CE,Towers with Display (VFR),0,0,4,0,4,0,1,155,0,156,0,1,159,0,160,224,0,224,384
03/14/2004,ARR,IL,AGL,CE,Towers with Display (VFR),0,0,6,0,6,0,0,50,0,50,0,0,56,0,56,72,0,72,128
03/15/2004,ARR,IL,AGL,CE,Towers with Display (VFR),0,2,28,0,30,0,1,79,0,80,0,3,107,0,110,116,0,116,226
03/16/2004,ARR,IL,AGL,CE,Towers with Display (VFR),0,0,20,1,21,0,1,25,1,27,0,1,45,2,48,97,0,97,145
03/17/2004,ARR,IL,AGL,CE,Towers with Display (VFR),0,0,18,1,19,0,0,10,0,10,0,0,28,1,29,14,0,14,43
03/18/2004,ARR,IL,AGL,CE,Towers with Display (VFR),0,0,21,0,21,0,0,20,0,20,0,0,41,0,41,18,0,18,59
03/19/2004,ARR,IL,AGL,CE,Towers with Display (VFR),0,1,33,0,34,0,0,153,0,153,0,1,186,0,187,260,0,260,447
03/20/2004,ARR,IL,AGL,CE,Towers with Display (VFR),0,0,20,0,20,0,2,100,0,102,0,2,120,0,122,176,0,176,298
03/21/2004,ARR,IL,AGL,CE,Towers with Display (VFR),0,0,19,1,20,0,0,114,0,114,0,0,133,1,134,168,0,168,302
03/22/2004,ARR,IL,AGL,CE,Towers with Display (VFR),0,0,29,0,29,0,0,196,0,196,0,0,225,0,225,209,0,209,434
03/23/2004,ARR,IL,AGL,CE,Towers with Display (VFR),0,0,35,0,35,0,0,134,0,134,0,0,169,0,169,177,0,177,346
03/24/2004,ARR,IL,AGL,CE,Towers with Display (VFR),0,0,16,0,16,0,1,49,0,50,0,1,65,0,66,53,0,53,119
03/25/2004,ARR,IL,AGL,CE,Towers with Display (VFR),0,2,28,1,31,0,0,31,0,31,0,2,59,1,62,77,0,77,139
03/26/2004,ARR,IL,AGL,CE,Towers with Display (VFR),0,1,24,0,25,0,3,61,1,65,0,4,85,1,90,167,2,169,259
03/27/2004,ARR,IL,AGL,CE,Towers with Display (VFR),0,1,32,0,33,0,0,14,0,14,0,1,46,0,47,70,0,70,117
03/28/2004,ARR,IL,AGL,CE,Towers with Display (VFR),0,0,13,0,13,0,0,67,1,68,0,0,80,1,81,111,4,115,196
03/29/2004,ARR,IL,AGL,CE,Towers with Display (VFR),0,0,28,0,28,0,0,181,2,183,0,0,209,2,211,198,2,200,411
03/30/2004,ARR,IL,AGL,CE,Towers with Display (VFR),0,1,23,0,24,0,0,50,0,50,0,1,73,0,74,87,0,87,161
03/31/2004,ARR,IL,AGL,CE,Towers with Display (VFR),0,0,19,0,19,0,0,102,0,102,0,0,121,0,121,108,0,108,229
04/01/2004,ARR,IL,AGL,CE,Towers with Display (VFR),0,3,33,0,36,0,0,106,0,106,0,3,139,0,142,119,0,119,261
04/02/2004,ARR,IL,AGL,CE,Towers with Display (VFR),0,1,19,1,21,0,1,164,4,169,0,2,183,5,190,176,0,176,366
04/03/2004,ARR,IL,AGL,CE,Towers with Display (VFR),0,2,21,0,23,0,0,158,0,158,0,2,179,0,181,223,0,223,404
04/04/2004,ARR,IL,AGL,CE,Towers with Display (VFR),0,0,24,1,25,0,0,225,4,229,0,0,249,5,254,389,6,395,649
04/05/2004,ARR,IL,AGL,CE,Towers with Display (VFR),0,0,17,0,17,0,0,221,0,221,0,0,238,0,238,299,0,299,537
04/06/2004,ARR,IL,AGL,CE,Towers with Display (VFR),0,2,22,0,24,0,0,149,0,149,0,2,171,0,173,240,0,240,413
04/07/2004,ARR,IL,AGL,CE,Towers with Display (VFR),0,1,22,0,23,0,0,172,0,172,0,1,194,0,195,216,0,216,411
04/08/2004,ARR,IL,AGL,CE,Towers with Display (VFR),0,0,24,1,25,0,0,86,2,88,0,0,110,3,113,144,0,144,257
04/09/2004,ARR,IL,AGL,CE,Towers with Display (VFR),0,2,22,0,24,0,0,182,0,182,0,2,204,0,206,235,0,235,441
04/10/2004,ARR,IL,AGL,CE,Towers with Display (VFR),0,0,15,0,15,0,0,197,0,197,0,0,212,0,212,367,0,367,579
04/11/2004,ARR,IL,AGL,CE,Towers with Display (VFR),0,0,22,0,22,0,0,94,0,94,0,0,116,0,116,167,0,167,283
04/12/2004,ARR,IL,AGL,CE,Towers with Display (VFR),0,1,23,0,24,0,0,91,0,91,0,1,114,0,115,117,0,117,232
04/13/2004,ARR,IL,AGL,CE,Towers with Display (VFR),0,1,19,0,20,0,3,100,0,103,0,4,119,0,123,114,0,114,237
04/14/2004,ARR,IL,AGL,CE,Towers with Display (VFR),0,2,23,0,25,0,0,208,0,208,0,2,231,0,233,272,0,272,505
04/15/2004,ARR,IL,AGL,CE,Towers with Display (VFR),0,2,28,0,30,0,1,128,0,129,0,3,156,0,159,161,0,161,320
04/16/2004,ARR,IL,AGL,CE,Towers with Display (VFR),0,1,20,0,21,0,0,167,0,167,0,1,187,0,188,316,0,316,504
04/17/2004,ARR,IL,AGL,CE,Towers with Display (VFR),0,1,18,0,19,0,0,191,0,191,0,1,209,0,210,303,0,303,513
04/18/2004,ARR,IL,AGL,CE,Towers with Display (VFR),0,0,21,0,21,0,0,49,0,49,0,0,70,0,70,71,0,71,141
04/19/2004,ARR,IL,AGL,CE,Towers with Display (VFR),0,0,16,0,16,0,1,40,1,42,0,1,56,1,58,80,0,80,138
04/20/2004,ARR,IL,AGL,CE,Towers with Display (VFR),0,1,18,0,19,0,3,38,1,42,0,4,56,1,61,76,0,76,137
04/21/2004,ARR,IL,AGL,CE,Towers with Display (VFR),0,2,28,0,30,0,2,71,0,73,0,4,99,0,103,63,0,63,166
04/22/2004,ARR,IL,AGL,CE,Towers with Display (VFR),0,2,31,0,33,0,0,137,2,139,0,2,168,2,172,158,0,158,330
04/23/2004,ARR,IL,AGL,CE,Towers with Display (VFR),0,1,34,0,35,0,0,182,0,182,0,1,216,0,217,281,0,281,498
04/24/2004,ARR,IL,AGL,CE,Towers with Display (VFR),0,0,19,0,19,0,0,205,0,205,0,0,224,0,224,256,0,256,480
04/25/2004,ARR,IL,AGL,CE,Towers with Display (VFR),0,1,21,0,22,0,2,97,0,99,0,3,118,0,121,162,0,162,283
04/26/2004,ARR,IL,AGL,CE,Towers with Display (VFR),0,0,16,0,16,0,2,83,0,85,0,2,99,0,101,66,0,66,167
04/27/2004,ARR,IL,AGL,CE,Towers with Display (VFR),0,1,22,0,23,0,3,159,1,163,0,4,181,1,186,273,0,273,459
04/28/2004,ARR,IL,AGL,CE,Towers with Display (VFR),0,0,16,0,16,0,0,40,0,40,0,0,56,0,56,6,0,6,62
04/29/2004,ARR,IL,AGL,CE,Towers with Display (VFR),0,0,11,0,11,0,1,62,0,63,0,1,73,0,74,48,0,48,122
04/30/2004,ARR,IL,AGL,CE,Towers with Display (VFR),0,0,31,0,31,0,0,4,2,6,0,0,35,2,37,2,0,2,39
05/01/2004,ARR,IL,AGL,CE,Towers with Display (VFR),0,1,25,0,26,0,0,44,0,44,0,1,69,0,70,152,0,152,222
05/02/2004,ARR,IL,AGL,CE,Towers with Display (VFR),0,2,27,1,30,0,0,136,1,137,0,2,163,2,167,223,0,223,390
05/03/2004,ARR,IL,AGL,CE,Towers with Display (VFR),0,1,26,1,28,0,0,190,0,190,0,1,216,1,218,222,0,222,440
05/04/2004,ARR,IL,AGL,CE,Towers with Display (VFR),0,1,19,1,21,0,1,59,0,60,0,2,78,1,81,66,0,66,147
05/05/2004,ARR,IL,AGL,CE,Towers with Display (VFR),0,3,34,1,38,0,1,184,3,188,0,4,218,4,226,211,4,215,441
05/06/2004,ARR,IL,AGL,CE,Towers with Display (VFR),0,2,23,1,26,0,3,119,0,122,0,5,142,1,148,144,0,144,292
05/07/2004,ARR,IL,AGL,CE,Towers with Display (VFR),0,2,24,0,26,0,3,67,0,70,0,5,91,0,96,94,0,94,190
05/08/2004,ARR,IL,AGL,CE,Towers with Display (VFR),0,0,17,0,17,0,0,172,0,172,0,0,189,0,189,239,0,239,428
05/09/2004,ARR,IL,AGL,CE,Towers with Display (VFR),0,0,14,0,14,0,0,59,0,59,0,0,73,0,73,59,0,59,132
05/10/2004,ARR,IL,AGL,CE,Towers with Display (VFR),0,0,14,1,15,0,0,81,0,81,0,0,95,1,96,115,0,115,211
05/11/2004,ARR,IL,AGL,CE,Towers with Display (VFR),0,0,28,1,29,0,0,34,0,34,0,0,62,1,63,85,0,85,148
05/12/2004,ARR,IL,AGL,CE,Towers with Display (VFR),0,1,20,0,21,0,5,105,0,110,0,6,125,0,131,130,0,130,261
05/13/2004,ARR,IL,AGL,CE,Towers with Display (VFR),0,1,40,1,42,0,0,14,2,16,0,1,54,3,58,138,0,138,196
05/14/2004,ARR,IL,AGL,CE,Towers with Display (VFR),0,1,20,0,21,0,1,24,0,25,0,2,44,0,46,8,0,8,54
05/15/2004,ARR,IL,AGL,CE,Towers with Display (VFR),0,2,33,0,35,0,0,240,0,240,0,2,273,0,275,235,0,235,510
05/16/2004,ARR,IL,AGL,CE,Towers with Display (VFR),0,1,26,0,27,0,0,195,0,195,0,1,221,0,222,348,0,348,570
05/17/2004,ARR,IL,AGL,CE,Towers with Display (VFR),0,2,27,1,30,0,0,53,1,54,0,2,80,2,84,101,0,101,185
05/18/2004,ARR,IL,AGL,CE,Towers with Display (VFR),0,3,40,0,43,0,1,27,0,28,0,4,67,0,71,57,0,57,128
05/19/2004,ARR,IL,AGL,CE,Towers with Display (VFR),0,3,43,0,46,0,2,130,2,134,0,5,173,2,180,223,0,223,403
05/20/2004,ARR,IL,AGL,CE,Towers with Display (VFR),0,1,28,0,29,0,0,95,2,97,0,1,123,2,126,206,0,206,332
05/21/2004,ARR,IL,AGL,CE,Towers with Display (VFR),0,2,24,0,26,0,0,87,1,88,0,2,111,1,114,156,0,156,270
05/22/2004,ARR,IL,AGL,CE,Towers with Display (VFR),0,1,18,0,19,0,5,94,0,99,0,6,112,0,118,181,0,181,299
05/23/2004,ARR,IL,AGL,CE,Towers with Display (VFR),0,0,11,0,11,0,0,79,0,79,0,0,90,0,90,135,0,135,225
05/24/2004,ARR,IL,AGL,CE,Towers with Display (VFR),0,3,33,0,36,0,0,192,0,192,0,3,225,0,228,250,0,250,478
05/25/2004,ARR,IL,AGL,CE,Towers with Display (VFR),0,3,40,0,43,0,0,66,0,66,0,3,106,0,109,164,0,164,273
05/26/2004,ARR,IL,AGL,CE,Towers with Display (VFR),0,1,27,0,28,0,0,235,0,235,0,1,262,0,263,293,0,293,556
05/27/2004,ARR,IL,AGL,CE,Towers with Display (VFR),0,0,43,0,43,0,0,94,0,94,0,0,137,0,137,158,0,158,295
05/28/2004,ARR,IL,AGL,CE,Towers with Display (VFR),0,1,31,0,32,0,0,197,1,198,0,1,228,1,230,306,0,306,536
05/29/2004,ARR,IL,AGL,CE,Towers with Display (VFR),0,1,20,0,21,0,1,180,0,181,0,2,200,0,202,301,0,301,503
05/30/2004,ARR,IL,AGL,CE,Towers with Display (VFR),0,0,10,0,10,0,1,5,0,6,0,1,15,0,16,39,0,39,55
05/31/2004,ARR,IL,AGL,CE,Towers with Display (VFR),0,1,22,0,23,0,0,49,0,49,0,1,71,0,72,34,0,34,106
06/01/2004,ARR,IL,AGL,CE,Towers with Display (VFR),0,1,21,0,22,0,2,94,0,96,0,3,115,0,118,177,0,177,295
06/02/2004,ARR,IL,AGL,CE,Towers with Display (VFR),0,2,33,1,36,0,2,59,0,61,0,4,92,1,97,105,0,105,202
06/03/2004,ARR,IL,AGL,CE,Towers with Display (VFR),0,1,27,0,28,0,0,308,0,308,0,1,335,0,336,366,0,366,702
06/04/2004,ARR,IL,AGL,CE,Towers with Display (VFR),0,0,18,1,19,0,0,209,1,210,0,0,227,2,229,228,0,228,457
06/05/2004,ARR,IL,AGL,CE,Towers with Display (VFR),0,1,22,1,24,0,0,255,0,255,0,1,277,1,279,233,2,235,514
06/06/2004,ARR,IL,AGL,CE,Towers with Display (VFR),0,3,29,0,32,0,0,112,0,112,0,3,141,0,144,196,0,196,340
06/07/2004,ARR,IL,AGL,CE,Towers with Display (VFR),0,0,19,0,19,0,0,113,0,113,0,0,132,0,132,228,0,228,360
06/08/2004,ARR,IL,AGL,CE,Towers with Display (VFR),0,2,21,0,23,0,3,94,0,97,0,5,115,0,120,122,0,122,242
06/09/2004,ARR,IL,AGL,CE,Towers with Display (VFR),0,1,17,0,18,0,3,135,0,138,0,4,152,0,156,109,0,109,265
06/10/2004,ARR,IL,AGL,CE,Towers with Display (VFR),0,3,44,0,47,0,2,28,0,30,0,5,72,0,77,0,0,0,77
06/11/2004,ARR,IL,AGL,CE,Towers with Display (VFR),0,2,36,1,39,0,0,77,2,79,0,2,113,3,118,174,0,174,292
06/12/2004,ARR,IL,AGL,CE,Towers with Display (VFR),0,0,32,1,33,0,0,107,0,107,0,0,139,1,140,196,0,196,336
06/13/2004,ARR,IL,AGL,CE,Towers with Display (VFR),0,2,27,1,30,0,0,140,1,141,0,2,167,2,171,267,0,267,438
06/14/2004,ARR,IL,AGL,CE,Towers with Display (VFR),0,1,27,1,29,0,0,128,1,129,0,1,155,2,158,148,0,148,306
06/15/2004,ARR,IL,AGL,CE,Towers with Display (VFR),0,3,31,0,34,0,2,224,0,226,0,5,255,0,260,339,0,339,599
06/16/2004,ARR,IL,AGL,CE,Towers with Display (VFR),0,3,44,0,47,0,5,141,0,146,0,8,185,0,193,184,0,184,377
06/17/2004,ARR,IL,AGL,CE,Towers with Display (VFR),0,0,47,0,47,0,0,182,0,182,0,0,229,0,229,280,0,280,509
06/18/2004,ARR,IL,AGL,CE,Towers with Display (VFR),0,3,37,0,40,0,2,146,2,150,0,5,183,2,190,134,0,134,324
06/19/2004,ARR,IL,AGL,CE,Towers with Display (VFR),0,1,19,0,20,0,2,248,0,250,0,3,267,0,270,310,0,310,580
06/20/2004,ARR,IL,AGL,CE,Towers with Display (VFR),0,0,30,0,30,0,0,199,0,199,0,0,229,0,229,280,0,280,509
06/21/2004,ARR,IL,AGL,CE,Towers with Display (VFR),0,2,24,0,26,0,0,26,3,29,0,2,50,3,55,84,2,86,141
06/22/2004,ARR,IL,AGL,CE,Towers with Display (VFR),0,3,33,0,36,0,1,200,0,201,0,4,233,0,237,234,0,234,471
06/23/2004,ARR,IL,AGL,CE,Towers with Display (VFR),0,0,22,0,22,0,0,179,0,179,0,0,201,0,201,219,0,219,420
06/24/2004,ARR,IL,AGL,CE,Towers with Display (VFR),0,0,24,0,24,0,0,128,0,128,0,0,152,0,152,164,0,164,316
06/25/2004,ARR,IL,AGL,CE,Towers with Display (VFR),0,2,23,0,25,0,4,217,3,224,0,6,240,3,249,278,0,278,527
06/26/2004,ARR,IL,AGL,CE,Towers with Display (VFR),0,1,24,0,25,0,0,254,0,254,0,1,278,0,279,285,0,285,564
06/27/2004,ARR,IL,AGL,CE,Towers with Display (VFR),0,0,23,0,23,0,0,319,1,320,0,0,342,1,343,274,0,274,617
06/28/2004,ARR,IL,AGL,CE,Towers with Display (VFR),0,0,28,0,28,0,0,114,2,116,0,0,142,2,144,143,0,143,287
06/29/2004,ARR,IL,AGL,CE,Towers with Display (VFR),0,1,19,0,20,0,3,210,0,213,0,4,229,0,233,219,0,219,452
06/30/2004,ARR,IL,AGL,CE,Towers with Display (VFR),0,3,32,0,35,0,2,161,0,163,0,5,193,0,198,283,0,283,481
07/01/2004,ARR,IL,AGL,CE,Towers with Display (VFR),0,1,19,0,20,0,3,173,0,176,0,4,192,0,196,163,0,163,359
07/02/2004,ARR,IL,AGL,CE,Towers with Display (VFR),0,2,30,1,33,0,0,177,1,178,0,2,207,2,211,170,7,177,388
07/03/2004,ARR,IL,AGL,CE,Towers with Display (VFR),0,0,13,0,13,0,0,41,0,41,0,0,54,0,54,144,0,144,198
07/04/2004,ARR,IL,AGL,CE,Towers with Display (VFR),0,0,9,0,9,0,0,32,0,32,0,0,41,0,41,32,0,32,73
07/05/2004,ARR,IL,AGL,CE,Towers with Display (VFR),0,0,41,1,42,0,0,153,0,153,0,0,194,1,195,141,0,141,336
07/06/2004,ARR,IL,AGL,CE,Towers with Display (VFR),0,0,23,1,24,0,2,105,0,107,0,2,128,1,131,144,0,144,275
07/07/2004,ARR,IL,AGL,CE,Towers with Display (VFR),0,2,28,0,30,0,2,102,0,104,0,4,130,0,134,138,0,138,272
07/08/2004,ARR,IL,AGL,CE,Towers with Display (VFR),0,0,14,0,14,0,1,244,0,245,0,1,258,0,259,288,0,288,547
07/09/2004,ARR,IL,AGL,CE,Towers with Display (VFR),0,0,33,2,35,0,0,97,2,99,0,0,130,4,134,169,0,169,303
07/10/2004,ARR,IL,AGL,CE,Towers with Display (VFR),0,2,44,0,46,0,0,161,0,161,0,2,205,0,207,174,0,174,381
07/11/2004,ARR,IL,AGL,CE,Towers with Display (VFR),0,2,50,2,54,0,5,135,0,140,0,7,185,2,194,187,0,187,381
07/12/2004,ARR,IL,AGL,CE,Towers with Display (VFR),0,2,62,3,67,0,6,109,1,116,0,8,171,4,183,129,0,129,312
07/13/2004,ARR,IL,AGL,CE,Towers with Display (VFR),0,2,28,1,31,0,0,87,1,88,0,2,115,2,119,180,0,180,299
07/14/2004,ARR,IL,AGL,CE,Towers with Display (VFR),0,0,31,0,31,0,0,190,0,190,0,0,221,0,221,219,0,219,440
07/15/2004,ARR,IL,AGL,CE,Towers with Display (VFR),0,1,39,2,42,0,0,202,0,202,0,1,241,2,244,220,0,220,464
07/16/2004,ARR,IL,AGL,CE,Towers with Display (VFR),0,0,26,0,26,0,0,104,0,104,0,0,130,0,130,134,0,134,264
07/17/2004,ARR,IL,AGL,CE,Towers with Display (VFR),0,0,42,0,42,0,0,133,0,133,0,0,175,0,175,211,0,211,386
07/18/2004,ARR,IL,AGL,CE,Towers with Display (VFR),0,0,20,0,20,0,0,214,0,214,0,0,234,0,234,268,0,268,502
07/19/2004,ARR,IL,AGL,CE,Towers with Display (VFR),0,1,28,0,29,0,0,121,3,124,0,1,149,3,153,171,0,171,324
07/20/2004,ARR,IL,AGL,CE,Towers with Display (VFR),0,1,29,0,30,0,0,149,0,149,0,1,178,0,179,221,0,221,400
07/21/2004,ARR,IL,AGL,CE,Towers with Display (VFR),0,1,33,0,34,0,1,49,0,50,0,2,82,0,84,134,0,134,218
07/22/2004,ARR,IL,AGL,CE,Towers with Display (VFR),0,0,29,0,29,0,0,121,0,121,0,0,150,0,150,197,0,197,347
07/23/2004,ARR,IL,AGL,CE,Towers with Display (VFR),0,1,33,0,34,0,0,335,0,335,0,1,368,0,369,197,0,197,566
07/24/2004,ARR,IL,AGL,CE,Towers with Display (VFR),0,0,32,1,33,0,0,534,1,535,0,0,566,2,568,268,0,268,836
07/25/2004,ARR,IL,AGL,CE,Towers with Display (VFR),0,0,27,0,27,0,0,567,0,567,0,0,594,0,594,325,0,325,919
07/26/2004,ARR,IL,AGL,CE,Towers with Display (VFR),0,1,33,0,34,0,0,247,0,247,0,1,280,0,281,240,0,240,521
07/27/2004,ARR,IL,AGL,CE,Towers with Display (VFR),0,0,17,0,17,0,0,186,0,186,0,0,203,0,203,185,0,185,388
07/28/2004,ARR,IL,AGL,CE,Towers with Display (VFR),0,2,30,0,32,0,1,195,3,199,0,3,225,3,231,278,0,278,509
07/29/2004,ARR,IL,AGL,CE,Towers with Display (VFR),0,2,30,0,32,0,1,224,5,230,0,3,254,5,262,289,0,289,551
07/30/2004,ARR,IL,AGL,CE,Towers with Display (VFR),0,1,36,0,37,0,0,76,0,76,0,1,112,0,113,124,0,124,237
07/31/2004,ARR,IL,AGL,CE,Towers with Display (VFR),0,0,25,0,25,0,0,172,2,174,0,0,197,2,199,152,0,152,351
08/01/2004,ARR,IL,AGL,CE,Towers with Display (VFR),0,1,16,0,17,0,0,193,3,196,0,1,209,3,213,212,6,218,431
08/02/2004,ARR,IL,AGL,CE,Towers with Display (VFR),0,0,29,0,29,0,0,141,0,141,0,0,170,0,170,191,0,191,361
08/03/2004,ARR,IL,AGL,CE,Towers with Display (VFR),0,0,17,0,17,0,0,145,0,145,0,0,162,0,162,133,0,133,295
08/04/2004,ARR,IL,AGL,CE,Towers with Display (VFR),0,0,26,0,26,0,2,42,0,44,0,2,68,0,70,55,0,55,125
08/05/2004,ARR,IL,AGL,CE,Towers with Display (VFR),0,1,37,1,39,0,0,160,1,161,0,1,197,2,200,164,0,164,364
08/06/2004,ARR,IL,AGL,CE,Towers with Display (VFR),0,0,20,1,21,0,3,198,1,202,0,3,218,2,223,200,0,200,423
08/07/2004,ARR,IL,AGL,CE,Towers with Display (VFR),0,0,27,1,28,0,0,239,1,240,0,0,266,2,268,257,0,257,525
08/08/2004,ARR,IL,AGL,CE,Towers with Display (VFR),0,0,36,1,37,0,0,169,5,174,0,0,205,6,211,293,0,293,504
08/09/2004,ARR,IL,AGL,CE,Towers with Display (VFR),0,0,22,0,22,0,2,126,0,128,0,2,148,0,150,129,0,129,279
08/10/2004,ARR,IL,AGL,CE,Towers with Display (VFR),0,0,30,0,30,0,0,88,0,88,0,0,118,0,118,180,0,180,298
08/11/2004,ARR,IL,AGL,CE,Towers with Display (VFR),0,2,31,1,34,0,0,103,7,110,0,2,134,8,144,97,0,97,241
08/12/2004,ARR,IL,AGL,CE,Towers with Display (VFR),0,2,49,0,51,0,0,109,0,109,0,2,158,0,160,108,0,108,268
08/13/2004,ARR,IL,AGL,CE,Towers with Display (VFR),0,0,32,0,32,0,0,180,0,180,0,0,212,0,212,199,0,199,411
08/14/2004,ARR,IL,AGL,CE,Towers with Display (VFR),0,0,17,0,17,0,1,271,0,272,0,1,288,0,289,281,0,281,570
08/15/2004,ARR,IL,AGL,CE,Towers with Display (VFR),0,0,28,0,28,0,0,203,0,203,0,0,231,0,231,161,0,161,392
08/16/2004,ARR,IL,AGL,CE,Towers with Display (VFR),0,0,30,0,30,0,0,189,0,189,0,0,219,0,219,226,0,226,445
08/17/2004,ARR,IL,AGL,CE,Towers with Display (VFR),0,0,15,0,15,0,1,110,0,111,0,1,125,0,126,96,0,96,222
08/18/2004,ARR,IL,AGL,CE,Towers with Display (VFR),0,2,39,0,41,0,0,76,0,76,0,2,115,0,117,84,0,84,201
08/19/2004,ARR,IL,AGL,CE,Towers with Display (VFR),0,0,30,0,30,0,0,172,0,172,0,0,202,0,202,264,0,264,466
08/20/2004,ARR,IL,AGL,CE,Towers with Display (VFR),0,0,22,0,22,0,0,143,3,146,0,0,165,3,168,203,0,203,371
08/21/2004,ARR,IL,AGL,CE,Towers with Display (VFR),0,0,18,0,18,0,1,241,2,244,0,1,259,2,262,364,0,364,626
08/22/2004,ARR,IL,AGL,CE,Towers with Display (VFR),0,0,13,0,13,0,1,254,0,255,0,1,267,0,268,249,0,249,517
08/23/2004,ARR,IL,AGL,CE,Towers with Display (VFR),0,0,18,0,18,0,2,160,0,162,0,2,178,0,180,205,0,205,385
08/24/2004,ARR,IL,AGL,CE,Towers with Display (VFR),0,0,27,0,27,0,2,47,0,49,0,2,74,0,76,119,0,119,195
08/25/2004,ARR,IL,AGL,CE,Towers with Display (VFR),0,0,18,0,18,0,5,28,0,33,0,5,46,0,51,18,0,18,69
08/26/2004,ARR,IL,AGL,CE,Towers with Display (VFR),0,1,56,1,58,0,0,50,1,51,0,1,106,2,109,72,0,72,181
08/27/2004,ARR,IL,AGL,CE,Towers with Display (VFR),0,0,22,0,22,0,1,228,1,230,0,1,250,1,252,144,0,144,396
08/28/2004,ARR,IL,AGL,CE,Towers with Display (VFR),0,0,33,0,33,0,0,10,0,10,0,0,43,0,43,0,0,0,43
08/29/2004,ARR,IL,AGL,CE,Towers with Display (VFR),0,0,30,0,30,0,0,235,0,235,0,0,265,0,265,319,0,319,584
08/30/2004,ARR,IL,AGL,CE,Towers with Display (VFR),0,0,25,0,25,0,4,190,0,194,0,4,215,0,219,169,0,169,388
08/31/2004,ARR,IL,AGL,CE,Towers with Display (VFR),0,0,23,0,23,0,1,202,0,203,0,1,225,0,226,151,0,151,377
09/01/2004,ARR,IL,AGL,CE,Towers with Display (VFR),0,0,24,0,24,0,0,190,0,190,0,0,214,0,214,180,0,180,394
09/02/2004,ARR,IL,AGL,CE,Towers with Display (VFR),0,0,25,0,25,0,0,227,0,227,0,0,252,0,252,337,0,337,589
09/03/2004,ARR,IL,AGL,CE,Towers with Display (VFR),0,0,28,0,28,0,0,128,0,128,0,0,156,0,156,163,0,163,319
09/04/2004,ARR,IL,AGL,CE,Towers with Display (VFR),0,0,27,0,27,0,0,197,0,197,0,0,224,0,224,241,0,241,465
09/05/2004,ARR,IL,AGL,CE,Towers with Display (VFR),0,1,31,0,32,0,0,156,0,156,0,1,187,0,188,164,0,164,352
09/06/2004,ARR,IL,AGL,CE,Towers with Display (VFR),0,0,35,0,35,0,0,91,0,91,0,0,126,0,126,155,0,155,281
09/07/2004,ARR,IL,AGL,CE,Towers with Display (VFR),0,0,18,0,18,0,0,178,2,180,0,0,196,2,198,217,0,217,415
09/08/2004,ARR,IL,AGL,CE,Towers with Display (VFR),0,0,33,0,33,0,0,152,0,152,0,0,185,0,185,204,0,204,389
09/09/2004,ARR,IL,AGL,CE,Towers with Display (VFR),0,0,32,1,33,0,0,144,2,146,0,0,176,3,179,162,0,162,341
09/10/2004,ARR,IL,AGL,CE,Towers with Display (VFR),0,1,38,1,40,0,0,272,1,273,0,1,310,2,313,328,0,328,641
09/11/2004,ARR,IL,AGL,CE,Towers with Display (VFR),0,0,26,0,26,0,0,200,0,200,0,0,226,0,226,282,0,282,508
09/12/2004,ARR,IL,AGL,CE,Towers with Display (VFR),0,2,37,1,40,0,0,222,1,223,0,2,259,2,263,283,0,283,546
09/13/2004,ARR,IL,AGL,CE,Towers with Display (VFR),0,1,36,0,37,0,0,152,0,152,0,1,188,0,189,240,0,240,429
09/14/2004,ARR,IL,AGL,CE,Towers with Display (VFR),0,0,23,0,23,0,3,122,0,125,0,3,145,0,148,171,0,171,319
09/15/2004,ARR,IL,AGL,CE,Towers with Display (VFR),0,0,18,0,18,0,2,83,0,85,0,2,101,0,103,90,0,90,193
09/16/2004,ARR,IL,AGL,CE,Towers with Display (VFR),0,1,28,0,29,0,0,209,0,209,0,1,237,0,238,241,0,241,479
09/17/2004,ARR,IL,AGL,CE,Towers with Display (VFR),0,1,33,0,34,0,2,178,0,180,0,3,211,0,214,288,0,288,502
09/18/2004,ARR,IL,AGL,CE,Towers with Display (VFR),0,1,29,1,31,0,2,151,4,157,0,3,180,5,188,221,10,231,419
09/19/2004,ARR,IL,AGL,CE,Towers with Display (VFR),0,0,25,1,26,0,0,205,0,205,0,0,230,1,231,214,2,216,447
09/20/2004,ARR,IL,AGL,CE,Towers with Display (VFR),0,0,26,0,26,0,1,157,0,158,0,1,183,0,184,188,0,188,372
09/21/2004,ARR,IL,AGL,CE,Towers with Display (VFR),0,0,26,0,26,0,1,173,0,174,0,1,199,0,200,269,0,269,469
09/22/2004,ARR,IL,AGL,CE,Towers with Display (VFR),0,1,30,0,31,0,2,115,0,117,0,3,145,0,148,269,0,269,417
09/23/2004,ARR,IL,AGL,CE,Towers with Display (VFR),0,0,17,0,17,0,0,126,0,126,0,0,143,0,143,219,0,219,362
09/24/2004,ARR,IL,AGL,CE,Towers with Display (VFR),0,0,35,1,36,0,0,172,1,173,0,0,207,2,209,303,2,305,514
09/25/2004,ARR,IL,AGL,CE,Towers with Display (VFR),0,0,22,0,22,0,0,248,0,248,0,0,270,0,270,306,0,306,576
09/26/2004,ARR,IL,AGL,CE,Towers with Display (VFR),0,1,35,0,36,0,0,239,0,239,0,1,274,0,275,283,0,283,558
09/27/2004,ARR,IL,AGL,CE,Towers with Display (VFR),0,0,27,0,27,0,2,173,0,175,0,2,200,0,202,138,0,138,340
09/28/2004,ARR,IL,AGL,CE,Towers with Display (VFR),0,0,14,0,14,0,3,99,0,102,0,3,113,0,116,110,0,110,226
09/29/2004,ARR,IL,AGL,CE,Towers with Display (VFR),0,1,28,0,29,0,0,177,0,177,0,1,205,0,206,194,0,194,400
09/30/2004,ARR,IL,AGL,CE,Towers with Display (VFR),0,2,37,0,39,0,1,168,2,171,0,3,205,2,210,166,0,166,376
10/01/2004,ARR,IL,AGL,CE,Towers with Radar,0,1,28,2,31,0,0,100,0,100,0,1,128,2,131,183,0,183,314
10/02/2004,ARR,IL,AGL,CE,Towers with Radar,0,0,28,0,28,0,0,184,0,184,0,0,212,0,212,193,0,193,405
10/03/2004,ARR,IL,AGL,CE,Towers with Radar,0,2,29,2,33,0,0,158,0,158,0,2,187,2,191,131,0,131,322
10/04/2004,ARR,IL,AGL,CE,Towers with Radar,0,1,23,2,26,0,0,99,0,99,0,1,122,2,125,97,0,97,222
10/05/2004,ARR,IL,AGL,CE,Towers with Radar,0,0,27,0,27,0,0,137,0,137,0,0,164,0,164,166,0,166,330
10/06/2004,ARR,IL,AGL,CE,Towers with Radar,0,2,20,0,22,0,0,160,0,160,0,2,180,0,182,240,0,240,422
10/07/2004,ARR,IL,AGL,CE,Towers with Radar,0,2,23,0,25,0,0,166,0,166,0,2,189,0,191,245,0,245,436
10/08/2004,ARR,IL,AGL,CE,Towers with Radar,0,2,53,0,55,0,0,16,0,16,0,2,69,0,71,40,0,40,111
10/09/2004,ARR,IL,AGL,CE,Towers with Radar,0,0,26,2,28,0,0,214,0,214,0,0,240,2,242,249,0,249,491
10/10/2004,ARR,IL,AGL,CE,Towers with Radar,0,2,24,0,26,0,1,196,0,197,0,3,220,0,223,263,0,263,486
10/11/2004,ARR,IL,AGL,CE,Towers with Radar,0,0,19,0,19,0,0,135,0,135,0,0,154,0,154,211,0,211,365
10/12/2004,ARR,IL,AGL,CE,Towers with Radar,0,0,12,0,12,0,0,158,0,158,0,0,170,0,170,246,0,246,416
10/13/2004,ARR,IL,AGL,CE,Towers with Radar,0,0,23,0,23,0,0,57,0,57,0,0,80,0,80,74,0,74,154
10/14/2004,ARR,IL,AGL,CE,Towers with Radar,0,0,29,0,29,0,0,73,0,73,0,0,102,0,102,115,0,115,217
10/15/2004,ARR,IL,AGL,CE,Towers with Radar,0,1,19,0,20,0,0,56,0,56,0,1,75,0,76,84,0,84,160
10/16/2004,ARR,IL,AGL,CE,Towers with Radar,0,7,11,0,18,0,0,72,0,72,0,7,83,0,90,90,0,90,180
10/17/2004,ARR,IL,AGL,CE,Towers with Radar,0,0,33,0,33,0,0,187,2,189,0,0,220,2,222,301,0,301,523
10/18/2004,ARR,IL,AGL,CE,Towers with Radar,0,2,19,0,21,0,0,49,0,49,0,2,68,0,70,74,0,74,144
10/19/2004,ARR,IL,AGL,CE,Towers with Radar,0,1,32,0,33,0,0,31,0,31,0,1,63,0,64,25,0,25,89
10/20/2004,ARR,IL,AGL,CE,Towers with Radar,0,0,45,0,45,0,0,24,0,24,0,0,69,0,69,72,0,72,141
10/21/2004,ARR,IL,AGL,CE,Towers with Radar,0,1,25,0,26,0,0,198,2,200,0,1,223,2,226,285,0,285,511
10/22/2004,ARR,IL,AGL,CE,Towers with Radar,0,3,42,3,48,0,0,22,1,23,0,3,64,4,71,23,2,25,96
10/23/2004,ARR,IL,AGL,CE,Towers with Radar,0,2,25,0,27,0,0,43,0,43,0,2,68,0,70,54,0,54,124
10/24/2004,ARR,IL,AGL,CE,Towers with Radar,0,0,26,0,26,0,0,413,0,413,0,0,439,0,439,254,0,254,693
10/25/2004,ARR,IL,AGL,CE,Towers with Radar,0,5,17,0,22,0,0,163,0,163,0,5,180,0,185,201,0,201,386
10/26/2004,ARR,IL,AGL,CE,Towers with Radar,0,3,31,0,34,0,1,107,0,108,0,4,138,0,142,83,0,83,225
10/27/2004,ARR,IL,AGL,CE,Towers with Radar,0,3,36,0,39,0,0,78,0,78,0,3,114,0,117,120,0,120,237
10/28/2004,ARR,IL,AGL,CE,Towers with Radar,0,2,63,0,65,0,0,34,0,34,0,2,97,0,99,30,0,30,129
10/29/2004,ARR,IL,AGL,CE,Towers with Radar,0,2,31,0,33,0,0,25,0,25,0,2,56,0,58,46,0,46,104
10/30/2004,ARR,IL,AGL,CE,Towers with Radar,0,0,8,0,8,0,0,37,0,37,0,0,45,0,45,26,0,26,71
10/31/2004,ARR,IL,AGL,CE,Towers with Radar,0,2,36,0,38,0,0,173,0,173,0,2,209,0,211,240,0,240,451
11/01/2004,ARR,IL,AGL,CE,Towers with Radar,0,0,21,0,21,0,0,1,0,1,0,0,22,0,22,3,0,3,25
11/02/2004,ARR,IL,AGL,CE,Towers with Radar,0,2,26,0,28,0,0,39,0,39,0,2,65,0,67,54,0,54,121
11/03/2004,ARR,IL,AGL,CE,Towers with Radar,0,2,35,0,37,0,0,145,0,145,0,2,180,0,182,220,0,220,402
11/04/2004,ARR,IL,AGL,CE,Towers with Radar,0,0,27,0,27,0,0,40,0,40,0,0,67,0,67,30,0,30,97
11/05/2004,ARR,IL,AGL,CE,Towers with Radar,0,4,20,2,26,0,0,130,0,130,0,4,150,2,156,181,0,181,337
11/06/2004,ARR,IL,AGL,CE,Towers with Radar,0,1,29,4,34,0,0,231,0,231,0,1,260,4,265,344,0,344,609
11/07/2004,ARR,IL,AGL,CE,Towers with Radar,0,0,20,4,24,0,0,174,0,174,0,0,194,4,198,208,0,208,406
11/08/2004,ARR,IL,AGL,CE,Towers with Radar,0,0,14,0,14,0,0,140,0,140,0,0,154,0,154,190,0,190,344
11/09/2004,ARR,IL,AGL,CE,Towers with Radar,0,2,17,0,19,0,0,146,0,146,0,2,163,0,165,198,0,198,363
11/10/2004,ARR,IL,AGL,CE,Towers with Radar,0,4,20,0,24,0,0,111,0,111,0,4,131,0,135,184,0,184,319
11/11/2004,ARR,IL,AGL,CE,Towers with Radar,0,4,26,12,42,0,0,115,0,115,0,4,141,12,157,133,0,133,290
11/12/2004,ARR,IL,AGL,CE,Towers with Radar,0,3,20,3,26,0,0,170,0,170,0,3,190,3,196,219,0,219,415
11/13/2004,ARR,IL,AGL,CE,Towers with Radar,0,0,8,0,8,0,0,225,0,225,0,0,233,0,233,207,0,207,440
11/14/2004,ARR,IL,AGL,CE,Towers with Radar,0,0,20,0,20,0,0,217,0,217,0,0,237,0,237,236,0,236,473
11/15/2004,ARR,IL,AGL,CE,Towers with Radar,0,2,14,2,18,0,0,83,0,83,0,2,97,2,101,122,0,122,223
11/16/2004,ARR,IL,AGL,CE,Towers with Radar,0,0,36,0,36,0,0,25,0,25,0,0,61,0,61,136,0,136,197
11/17/2004,ARR,IL,AGL,CE,Towers with Radar,0,1,16,0,17,0,0,15,0,15,0,1,31,0,32,55,0,55,87
11/18/2004,ARR,IL,AGL,CE,Towers with Radar,0,4,22,0,26,0,0,9,0,9,0,4,31,0,35,16,0,16,51
11/19/2004,ARR,IL,AGL,CE,Towers with Radar,0,1,13,0,14,0,0,0,0,0,0,1,13,0,14,6,0,6,20
11/20/2004,ARR,IL,AGL,CE,Towers with Radar,0,0,27,3,30,0,0,15,0,15,0,0,42,3,45,12,0,12,57
11/21/2004,ARR,IL,AGL,CE,Towers with Radar,0,1,16,0,17,0,0,295,0,295,0,1,311,0,312,351,0,351,663
11/22/2004,ARR,IL,AGL,CE,Towers with Radar,0,3,19,0,22,0,2,122,0,124,0,5,141,0,146,174,0,174,320
11/23/2004,ARR,IL,AGL,CE,Towers with Radar,0,3,30,0,33,0,0,74,0,74,0,3,104,0,107,166,0,166,273
11/24/2004,ARR,IL,AGL,CE,Towers with Radar,0,3,18,0,21,0,0,4,0,4,0,3,22,0,25,2,0,2,27
11/25/2004,ARR,IL,AGL,CE,Towers with Radar,0,1,16,0,17,0,0,17,0,17,0,1,33,0,34,2,0,2,36
11/26/2004,ARR,IL,AGL,CE,Towers with Radar,0,0,12,0,12,0,0,77,0,77,0,0,89,0,89,188,0,188,277
11/27/2004,ARR,IL,AGL,CE,Towers with Radar,0,1,23,0,24,0,0,5,0,5,0,1,28,0,29,0,0,0,29
11/28/2004,ARR,IL,AGL,CE,Towers with Radar,0,1,25,0,26,0,1,134,0,135,0,2,159,0,161,243,0,243,404
11/29/2004,ARR,IL,AGL,CE,Towers with Radar,0,4,9,0,13,0,0,0,0,0,0,4,9,0,13,0,0,0,13
11/30/2004,ARR,IL,AGL,CE,Towers with Radar,0,4,21,2,27,0,0,18,0,18,0,4,39,2,45,60,0,60,105
12/01/2004,ARR,IL,AGL,CE,Towers with Radar,0,6,22,0,28,0,0,131,0,131,0,6,153,0,159,152,0,152,311
12/02/2004,ARR,IL,AGL,CE,Towers with Radar,0,4,21,2,27,0,0,123,0,123,0,4,144,2,150,219,0,219,369
12/03/2004,ARR,IL,AGL,CE,Towers with Radar,0,0,32,2,34,0,0,145,0,145,0,0,177,2,179,172,0,172,351
12/04/2004,ARR,IL,AGL,CE,Towers with Radar,0,0,13,0,13,0,0,147,0,147,0,0,160,0,160,171,0,171,331
12/05/2004,ARR,IL,AGL,CE,Towers with Radar,0,1,16,2,19,0,0,112,0,112,0,1,128,2,131,273,0,273,404
12/06/2004,ARR,IL,AGL,CE,Towers with Radar,0,2,11,0,13,0,0,12,0,12,0,2,23,0,25,29,0,29,54
12/07/2004,ARR,IL,AGL,CE,Towers with Radar,0,6,17,0,23,0,0,6,0,6,0,6,23,0,29,22,0,22,51
12/08/2004,ARR,IL,AGL,CE,Towers with Radar,0,3,37,1,41,0,0,93,0,93,0,3,130,1,134,132,0,132,266
12/09/2004,ARR,IL,AGL,CE,Towers with Radar,0,0,43,1,44,0,1,62,0,63,0,1,105,1,107,154,0,154,261
12/10/2004,ARR,IL,AGL,CE,Towers with Radar,0,3,12,0,15,0,0,48,0,48,0,3,60,0,63,109,0,109,172
12/11/2004,ARR,IL,AGL,CE,Towers with Radar,0,0,16,0,16,0,0,68,0,68,0,0,84,0,84,167,0,167,251
12/12/2004,ARR,IL,AGL,CE,Towers with Radar,0,0,14,0,14,0,0,12,0,12,0,0,26,0,26,12,0,12,38
12/13/2004,ARR,IL,AGL,CE,Towers with Radar,0,0,18,0,18,0,0,13,0,13,0,0,31,0,31,20,0,20,51
12/14/2004,ARR,IL,AGL,CE,Towers with Radar,0,0,33,0,33,0,0,139,0,139,0,0,172,0,172,192,0,192,364
12/15/2004,ARR,IL,AGL,CE,Towers with Radar,0,0,26,0,26,0,0,108,0,108,0,0,134,0,134,70,0,70,204
12/16/2004,ARR,IL,AGL,CE,Towers with Radar,0,0,31,0,31,0,0,132,1,133,0,0,163,1,164,145,0,145,309
12/17/2004,ARR,IL,AGL,CE,Towers with Radar,0,0,23,0,23,0,0,209,0,209,0,0,232,0,232,334,0,334,566
12/18/2004,ARR,IL,AGL,CE,Towers with Radar,0,0,13,0,13,0,0,128,2,130,0,0,141,2,143,200,0,200,343
12/19/2004,ARR,IL,AGL,CE,Towers with Radar,0,2,13,0,15,0,0,44,0,44,0,2,57,0,59,28,0,28,87
12/20/2004,ARR,IL,AGL,CE,Towers with Radar,0,1,11,0,12,0,0,62,0,62,0,1,73,0,74,51,0,51,125
12/21/2004,ARR,IL,AGL,CE,Towers with Radar,0,1,20,0,21,0,0,70,0,70,0,1,90,0,91,101,0,101,192
12/22/2004,ARR,IL,AGL,CE,Towers with Radar,0,3,24,0,27,0,0,98,0,98,0,3,122,0,125,149,0,149,274
12/23/2004,ARR,IL,AGL,CE,Towers with Radar,0,4,5,0,9,0,0,74,0,74,0,4,79,0,83,68,0,68,151
12/24/2004,ARR,IL,AGL,CE,Towers with Radar,0,0,8,0,8,0,0,49,0,49,0,0,57,0,57,73,0,73,130
12/25/2004,ARR,IL,AGL,CE,Towers with Radar,0,0,8,0,8,0,0,19,0,19,0,0,27,0,27,26,0,26,53
12/26/2004,ARR,IL,AGL,CE,Towers with Radar,0,3,32,0,35,0,0,89,2,91,0,3,121,2,126,80,0,80,206
12/27/2004,ARR,IL,AGL,CE,Towers with Radar,0,0,15,2,17,0,0,105,0,105,0,0,120,2,122,105,0,105,227
12/28/2004,ARR,IL,AGL,CE,Towers with Radar,0,0,20,0,20,0,0,110,0,110,0,0,130,0,130,264,0,264,394
12/29/2004,ARR,IL,AGL,CE,Towers with Radar,0,2,19,0,21,0,0,144,0,144,0,2,163,0,165,173,0,173,338
12/30/2004,ARR,IL,AGL,CE,Towers with Radar,0,1,12,0,13,0,0,2,0,2,0,1,14,0,15,0,0,0,15
12/31/2004,ARR,IL,AGL,CE,Towers with Radar,0,1,9,0,10,0,0,105,0,105,0,1,114,0,115,125,0,125,240
01/01/2005,ARR,IL,AGL,CE,Towers with Radar,0,1,8,0,9,0,0,74,0,74,0,1,82,0,83,124,0,124,207
01/02/2005,ARR,IL,AGL,CE,Towers with Radar,0,1,30,1,32,0,0,0,0,0,0,1,30,1,32,12,0,12,44
01/03/2005,ARR,IL,AGL,CE,Towers with Radar,0,0,11,1,12,0,0,0,0,0,0,0,11,1,12,0,0,0,12
01/04/2005,ARR,IL,AGL,CE,Towers with Radar,0,0,18,0,18,0,0,0,0,0,0,0,18,0,18,6,0,6,24
01/05/2005,ARR,IL,AGL,CE,Towers with Radar,0,0,10,0,10,0,0,0,0,0,0,0,10,0,10,0,0,0,10
01/06/2005,ARR,IL,AGL,CE,Towers with Radar,0,0,11,0,11,0,0,31,0,31,0,0,42,0,42,70,0,70,112
01/07/2005,ARR,IL,AGL,CE,Towers with Radar,0,2,23,2,27,0,0,26,0,26,0,2,49,2,53,92,0,92,145
01/08/2005,ARR,IL,AGL,CE,Towers with Radar,0,0,13,0,13,0,0,33,0,33,0,0,46,0,46,86,0,86,132
01/09/2005,ARR,IL,AGL,CE,Towers with Radar,0,0,9,2,11,0,0,0,0,0,0,0,9,2,11,85,0,85,96
01/10/2005,ARR,IL,AGL,CE,Towers with Radar,0,2,26,0,28,0,0,111,0,111,0,2,137,0,139,113,0,113,252
01/11/2005,ARR,IL,AGL,CE,Towers with Radar,0,3,19,0,22,0,0,0,0,0,0,3,19,0,22,0,0,0,22
01/12/2005,ARR,IL,AGL,CE,Towers with Radar,0,3,14,0,17,0,0,10,0,10,0,3,24,0,27,8,0,8,35
01/13/2005,ARR,IL,AGL,CE,Towers with Radar,0,4,20,0,24,0,0,26,0,26,0,4,46,0,50,27,0,27,77
01/14/2005,ARR,IL,AGL,CE,Towers with Radar,0,5,26,0,31,0,0,143,0,143,0,5,169,0,174,174,0,174,348
01/15/2005,ARR,IL,AGL,CE,Towers with Radar,0,0,19,0,19,0,0,119,0,119,0,0,138,0,138,250,0,250,388
01/16/2005,ARR,IL,AGL,CE,Towers with Radar,0,0,16,0,16,0,0,117,0,117,0,0,133,0,133,199,0,199,332
01/17/2005,ARR,IL,AGL,CE,Towers with Radar,0,0,18,0,18,0,0,72,0,72,0,0,90,0,90,118,0,118,208
01/18/2005,ARR,IL,AGL,CE,Towers with Radar,0,0,19,3,22,0,0,76,0,76,0,0,95,3,98,89,0,89,187
01/19/2005,ARR,IL,AGL,CE,Towers with Radar,0,6,17,0,23,0,0,66,0,66,0,6,83,0,89,160,0,160,249
01/20/2005,ARR,IL,AGL,CE,Towers with Radar,0,5,12,1,18,0,0,0,0,0,0,5,12,1,18,0,0,0,18
01/21/2005,ARR,IL,AGL,CE,Towers with Radar,0,2,16,0,18,0,0,64,0,64,0,2,80,0,82,123,0,123,205
01/22/2005,ARR,IL,AGL,CE,Towers with Radar,0,0,1,0,1,0,0,1,0,1,0,0,2,0,2,0,0,0,2
01/23/2005,ARR,IL,AGL,CE,Towers with Radar,0,0,24,0,24,0,0,88,0,88,0,0,112,0,112,180,0,180,292
01/24/2005,ARR,IL,AGL,CE,Towers with Radar,0,2,13,1,16,0,0,132,0,132,0,2,145,1,148,227,0,227,375
01/25/2005,ARR,IL,AGL,CE,Towers with Radar,0,1,18,2,21,0,0,128,0,128,0,1,146,2,149,182,0,182,331
01/26/2005,ARR,IL,AGL,CE,Towers with Radar,0,1,18,0,19,0,0,89,0,89,0,1,107,0,108,101,0,101,209
01/27/2005,ARR,IL,AGL,CE,Towers with Radar,0,1,29,0,30,0,0,72,0,72,0,1,101,0,102,141,0,141,243
01/28/2005,ARR,IL,AGL,CE,Towers with Radar,0,2,19,0,21,0,0,142,0,142,0,2,161,0,163,205,0,205,368
01/29/2005,ARR,IL,AGL,CE,Towers with Radar,0,1,13,0,14,0,0,150,0,150,0,1,163,0,164,270,0,270,434
01/30/2005,ARR,IL,AGL,CE,Towers with Radar,0,1,26,0,27,0,0,156,0,156,0,1,182,0,183,206,0,206,389
01/31/2005,ARR,IL,AGL,CE,Towers with Radar,0,0,19,2,21,0,0,85,1,86,0,0,104,3,107,111,0,111,218
02/01/2005,ARR,IL,AGL,CE,Towers with Radar,0,0,12,1,13,0,0,95,0,95,0,0,107,1,108,164,0,164,272
02/02/2005,ARR,IL,AGL,CE,Towers with Radar,0,0,31,0,31,0,0,136,0,136,0,0,167,0,167,134,0,134,301
02/03/2005,ARR,IL,AGL,CE,Towers with Radar,0,0,25,2,27,0,0,117,0,117,0,0,142,2,144,220,0,220,364
02/04/2005,ARR,IL,AGL,CE,Towers with Radar,0,3,12,0,15,0,0,105,0,105,0,3,117,0,120,177,0,177,297
02/05/2005,ARR,IL,AGL,CE,Towers with Radar,0,0,30,0,30,0,0,229,0,229,0,0,259,0,259,346,0,346,605
02/06/2005,ARR,IL,AGL,CE,Towers with Radar,0,1,19,0,20,0,0,140,0,140,0,1,159,0,160,149,0,149,309
02/07/2005,ARR,IL,AGL,CE,Towers with Radar,0,1,5,0,6,0,0,0,0,0,0,1,5,0,6,0,0,0,6
02/08/2005,ARR,IL,AGL,CE,Towers with Radar,0,4,18,2,24,0,0,26,0,26,0,4,44,2,50,117,0,117,167
02/09/2005,ARR,IL,AGL,CE,Towers with Radar,0,6,32,0,38,0,0,29,0,29,0,6,61,0,67,114,0,114,181
02/10/2005,ARR,IL,AGL,CE,Towers with Radar,0,2,2,2,6,0,0,0,147,147,0,2,2,149,153,235,0,235,388
02/11/2005,ARR,IL,AGL,CE,Towers with Radar,0,2,29,0,31,0,0,150,0,150,0,2,179,0,181,214,0,214,395
02/12/2005,ARR,IL,AGL,CE,Towers with Radar,0,2,20,0,22,0,0,241,0,241,0,2,261,0,263,322,0,322,585
02/13/2005,ARR,IL,AGL,CE,Towers with Radar,0,1,24,0,25,0,0,0,0,0,0,1,24,0,25,22,0,22,47
02/14/2005,ARR,IL,AGL,CE,Towers with Radar,0,1,20,1,22,0,0,13,0,13,0,1,33,1,35,16,0,16,51
02/15/2005,ARR,IL,AGL,CE,Towers with Radar,0,3,26,1,30,0,0,4,0,4,0,3,30,1,34,38,0,38,72
02/16/2005,ARR,IL,AGL,CE,Towers with Radar,0,3,15,0,18,0,1,113,0,114,0,4,128,0,132,133,0,133,265
02/17/2005,ARR,IL,AGL,CE,Towers with Radar,0,1,27,2,30,0,0,89,0,89,0,1,116,2,119,146,0,146,265
02/18/2005,ARR,IL,AGL,CE,Towers with Radar,0,5,24,0,29,0,0,172,0,172,0,5,196,0,201,323,0,323,524
02/19/2005,ARR,IL,AGL,CE,Towers with Radar,0,1,18,0,19,0,0,217,0,217,0,1,235,0,236,319,0,319,555
02/20/2005,ARR,IL,AGL,CE,Towers with Radar,0,0,6,0,6,0,0,0,0,0,0,0,6,0,6,0,0,0,6
02/21/2005,ARR,IL,AGL,CE,Towers with Radar,0,1,35,0,36,0,0,42,0,42,0,1,77,0,78,52,0,52,130
02/22/2005,ARR,IL,AGL,CE,Towers with Radar,0,2,22,0,24,0,0,70,0,70,0,2,92,0,94,185,0,185,279
02/23/2005,ARR,IL,AGL,CE,Towers with Radar,0,0,35,0,35,0,0,164,0,164,0,0,199,0,199,317,0,317,516
02/24/2005,ARR,IL,AGL,CE,Towers with Radar,0,0,26,0,26,0,0,135,0,135,0,0,161,0,161,287,0,287,448
02/25/2005,ARR,IL,AGL,CE,Towers with Radar,0,3,20,2,25,0,1,154,0,155,0,4,174,2,180,329,0,329,509
02/26/2005,ARR,IL,AGL,CE,Towers with Radar,0,0,27,0,27,0,0,200,0,200,0,0,227,0,227,340,0,340,567
02/27/2005,ARR,IL,AGL,CE,Towers with Radar,0,0,18,0,18,0,0,113,0,113,0,0,131,0,131,179,0,179,310
02/28/2005,ARR,IL,AGL,CE,Towers with Radar,0,0,19,1,20,0,0,12,0,12,0,0,31,1,32,13,0,13,45
03/01/2005,ARR,IL,AGL,CE,Towers with Radar,0,1,14,1,16,0,0,87,0,87,0,1,101,1,103,139,0,139,242
03/02/2005,ARR,IL,AGL,CE,Towers with Radar,0,1,23,0,24,0,0,178,0,178,0,1,201,0,202,256,0,256,458
03/03/2005,ARR,IL,AGL,CE,Towers with Radar,0,1,27,4,32,0,0,158,0,158,0,1,185,4,190,215,0,215,405
03/04/2005,ARR,IL,AGL,CE,Towers with Radar,0,2,27,2,31,0,0,119,0,119,0,2,146,2,150,221,2,223,373
03/05/2005,ARR,IL,AGL,CE,Towers with Radar,0,0,16,0,16,0,0,64,0,64,0,0,80,0,80,144,0,144,224
03/06/2005,ARR,IL,AGL,CE,Towers with Radar,0,0,19,0,19,0,2,154,0,156,0,2,173,0,175,237,0,237,412
03/07/2005,ARR,IL,AGL,CE,Towers with Radar,0,1,7,0,8,0,0,45,0,45,0,1,52,0,53,116,0,116,169
03/08/2005,ARR,IL,AGL,CE,Towers with Radar,0,2,18,0,20,0,0,130,0,130,0,2,148,0,150,205,0,205,355
03/09/2005,ARR,IL,AGL,CE,Towers with Radar,0,1,12,0,13,0,0,158,0,158,0,1,170,0,171,171,0,171,342
03/10/2005,ARR,IL,AGL,CE,Towers with Radar,0,1,20,2,23,0,1,0,0,1,0,2,20,2,24,2,0,2,26
03/11/2005,ARR,IL,AGL,CE,Towers with Radar,0,1,16,0,17,0,2,74,0,76,0,3,90,0,93,127,0,127,220
03/12/2005,ARR,IL,AGL,CE,Towers with Radar,0,0,12,0,12,0,0,144,0,144,0,0,156,0,156,292,0,292,448
03/13/2005,ARR,IL,AGL,CE,Towers with Radar,0,0,22,0,22,0,0,172,0,172,0,0,194,0,194,269,0,269,463
03/14/2005,ARR,IL,AGL,CE,Towers with Radar,0,1,17,2,20,0,0,52,0,52,0,1,69,2,72,47,0,47,119
03/15/2005,ARR,IL,AGL,CE,Towers with Radar,0,0,16,0,16,0,0,130,0,130,0,0,146,0,146,165,0,165,311
03/16/2005,ARR,IL,AGL,CE,Towers with Radar,0,0,23,0,23,0,0,140,0,140,0,0,163,0,163,152,0,152,315
03/17/2005,ARR,IL,AGL,CE,Towers with Radar,0,3,21,0,24,0,0,52,0,52,0,3,73,0,76,90,0,90,166
03/18/2005,ARR,IL,AGL,CE,Towers with Radar,0,0,24,0,24,0,0,84,0,84,0,0,108,0,108,168,0,168,276
03/19/2005,ARR,IL,AGL,CE,Towers with Radar,0,1,28,0,29,0,0,9,0,9,0,1,37,0,38,4,0,4,42
03/20/2005,ARR,IL,AGL,CE,Towers with Radar,0,0,29,2,31,0,0,156,1,157,0,0,185,3,188,126,0,126,314
03/21/2005,ARR,IL,AGL,CE,Towers with Radar,0,2,18,0,20,0,0,120,0,120,0,2,138,0,140,152,0,152,292
03/22/2005,ARR,IL,AGL,CE,Towers with Radar,0,1,25,0,26,0,0,80,0,80,0,1,105,0,106,115,0,115,221
03/23/2005,ARR,IL,AGL,CE,Towers with Radar,0,4,16,0,20,0,0,91,0,91,0,4,107,0,111,116,0,116,227
03/24/2005,ARR,IL,AGL,CE,Towers with Radar,0,2,25,0,27,0,0,118,0,118,0,2,143,0,145,165,0,165,310
03/25/2005,ARR,IL,AGL,CE,Towers with Radar,0,5,19,0,24,0,0,12,0,12,0,5,31,0,36,31,0,31,67
03/26/2005,ARR,IL,AGL,CE,Towers with Radar,0,4,32,0,36,0,0,153,0,153,0,4,185,0,189,217,0,217,406
03/27/2005,ARR,IL,AGL,CE,Towers with Radar,0,0,10,0,10,0,0,60,0,60,0,0,70,0,70,121,0,121,191
03/28/2005,ARR,IL,AGL,CE,Towers with Radar,0,0,25,0,25,0,0,177,0,177,0,0,202,0,202,251,0,251,453
03/29/2005,ARR,IL,AGL,CE,Towers with Radar,0,0,17,0,17,0,0,139,0,139,0,0,156,0,156,189,0,189,345
03/30/2005,ARR,IL,AGL,CE,Towers with Radar,0,0,11,0,11,0,0,39,0,39,0,0,50,0,50,26,0,26,76
03/31/2005,ARR,IL,AGL,CE,Towers with Radar,0,2,17,0,19,0,0,56,0,56,0,2,73,0,75,91,0,91,166
04/01/2005,ARR,IL,AGL,CE,Towers with Radar,0,0,11,0,11,0,0,71,0,71,0,0,82,0,82,84,0,84,166
04/02/2005,ARR,IL,AGL,CE,Towers with Radar,0,2,27,2,31,0,0,133,10,143,0,2,160,12,174,193,2,195,369
04/03/2005,ARR,IL,AGL,CE,Towers with Radar,0,1,31,0,32,0,0,222,1,223,0,1,253,1,255,309,0,309,564
04/04/2005,ARR,IL,AGL,CE,Towers with Radar,0,2,14,2,18,0,2,154,1,157,0,4,168,3,175,208,0,208,383
04/05/2005,ARR,IL,AGL,CE,Towers with Radar,0,8,20,1,29,0,0,114,0,114,0,8,134,1,143,171,0,171,314
04/06/2005,ARR,IL,AGL,CE,Towers with Radar,0,5,17,0,22,0,0,125,0,125,0,5,142,0,147,160,0,160,307
04/07/2005,ARR,IL,AGL,CE,Towers with Radar,0,4,23,0,27,0,1,60,0,61,0,5,83,0,88,116,0,116,204
04/08/2005,ARR,IL,AGL,CE,Towers with Radar,0,6,31,0,37,0,0,157,0,157,0,6,188,0,194,251,0,251,445
04/09/2005,ARR,IL,AGL,CE,Towers with Radar,0,4,21,0,25,0,0,206,0,206,0,4,227,0,231,361,0,361,592
04/10/2005,ARR,IL,AGL,CE,Towers with Radar,0,0,16,0,16,0,0,151,0,151,0,0,167,0,167,293,0,293,460
04/11/2005,ARR,IL,AGL,CE,Towers with Radar,0,9,12,0,21,0,0,98,0,98,0,9,110,0,119,171,0,171,290
04/12/2005,ARR,IL,AGL,CE,Towers with Radar,0,6,32,0,38,0,0,23,0,23,0,6,55,0,61,2,0,2,63
04/13/2005,ARR,IL,AGL,CE,Towers with Radar,0,0,30,0,30,0,0,125,2,127,0,0,155,2,157,182,2,184,341
04/14/2005,ARR,IL,AGL,CE,Towers with Radar,0,2,30,2,34,0,0,177,2,179,0,2,207,4,213,286,2,288,501
04/15/2005,ARR,IL,AGL,CE,Towers with Radar,0,4,20,0,24,0,0,193,0,193,0,4,213,0,217,317,0,317,534
04/16/2005,ARR,IL,AGL,CE,Towers with Radar,0,0,17,0,17,0,0,238,0,238,0,0,255,0,255,351,0,351,606
04/17/2005,ARR,IL,AGL,CE,Towers with Radar,0,0,12,0,12,0,0,135,0,135,0,0,147,0,147,222,0,222,369
04/18/2005,ARR,IL,AGL,CE,Towers with Radar,0,3,15,0,18,0,0,146,0,146,0,3,161,0,164,192,0,192,356
04/19/2005,ARR,IL,AGL,CE,Towers with Radar,0,5,20,0,25,0,0,111,0,111,0,5,131,0,136,152,0,152,288
04/20/2005,ARR,IL,AGL,CE,Towers with Radar,0,3,23,0,26,0,0,50,0,50,0,3,73,0,76,67,0,67,143
04/21/2005,ARR,IL,AGL,CE,Towers with Radar,0,1,27,1,29,0,0,139,0,139,0,1,166,1,168,117,0,117,285
04/22/2005,ARR,IL,AGL,CE,Towers with Radar,0,1,26,0,27,0,0,0,0,0,0,1,26,0,27,2,0,2,29
04/23/2005,ARR,IL,AGL,CE,Towers with Radar,0,0,13,0,13,0,0,48,0,48,0,0,61,0,61,52,0,52,113
04/24/2005,ARR,IL,AGL,CE,Towers with Radar,0,0,26,0,26,0,0,128,0,128,0,0,154,0,154,95,0,95,249
04/25/2005,ARR,IL,AGL,CE,Towers with Radar,0,0,16,0,16,0,0,71,0,71,0,0,87,0,87,57,0,57,144
04/26/2005,ARR,IL,AGL,CE,Towers with Radar,0,5,23,1,29,0,0,75,0,75,0,5,98,1,104,100,0,100,204
04/27/2005,ARR,IL,AGL,CE,Towers with Radar,0,2,19,0,21,0,0,76,0,76,0,2,95,0,97,76,0,76,173
04/28/2005,ARR,IL,AGL,CE,Towers with Radar,0,1,21,0,22,0,0,106,0,106,0,1,127,0,128,157,0,157,285
04/29/2005,ARR,IL,AGL,CE,Towers with Radar,0,2,22,0,24,0,0,101,0,101,0,2,123,0,125,143,0,143,268
04/30/2005,ARR,IL,AGL,CE,Towers with Radar,0,1,21,0,22,0,0,114,0,114,0,1,135,0,136,136,0,136,272
05/01/2005,ARR,IL,AGL,CE,Towers with Radar,0,0,18,0,18,0,0,60,0,60,0,0,78,0,78,82,0,82,160
05/02/2005,ARR,IL,AGL,CE,Towers with Radar,0,2,18,0,20,0,0,42,1,43,0,2,60,1,63,59,0,59,122
05/03/2005,ARR,IL,AGL,CE,Towers with Radar,0,5,12,2,19,0,0,127,0,127,0,5,139,2,146,106,0,106,252
05/04/2005,ARR,IL,AGL,CE,Towers with Radar,0,4,29,0,33,0,0,158,0,158,0,4,187,0,191,147,0,147,338
05/05/2005,ARR,IL,AGL,CE,Towers with Radar,0,1,24,2,27,0,0,114,0,114,0,1,138,2,141,128,0,128,269
05/06/2005,ARR,IL,AGL,CE,Towers with Radar,0,0,25,0,25,0,1,90,0,91,0,1,115,0,116,123,0,123,239
05/07/2005,ARR,IL,AGL,CE,Towers with Radar,0,2,15,0,17,0,0,102,0,102,0,2,117,0,119,141,0,141,260
05/08/2005,ARR,IL,AGL,CE,Towers with Radar,0,0,9,0,9,0,0,109,4,113,0,0,118,4,122,118,4,122,244
05/09/2005,ARR,IL,AGL,CE,Towers with Radar,0,1,9,0,10,0,0,49,0,49,0,1,58,0,59,28,0,28,87
05/10/2005,ARR,IL,AGL,CE,Towers with Radar,0,6,12,1,19,0,1,90,2,93,0,7,102,3,112,105,4,109,221
05/11/2005,ARR,IL,AGL,CE,Towers with Radar,0,0,27,0,27,0,0,0,1,1,0,0,27,1,28,12,0,12,40
05/12/2005,ARR,IL,AGL,CE,Towers with Radar,0,1,26,2,29,0,0,44,0,44,0,1,70,2,73,55,0,55,128
05/13/2005,ARR,IL,AGL,CE,Towers with Radar,0,0,31,0,31,0,0,20,2,22,0,0,51,2,53,78,14,92,145
05/14/2005,ARR,IL,AGL,CE,Towers with Radar,0,0,12,0,12,0,1,104,0,105,0,1,116,0,117,130,0,130,247
05/15/2005,ARR,IL,AGL,CE,Towers with Radar,0,0,16,0,16,0,0,76,0,76,0,0,92,0,92,88,0,88,180
05/16/2005,ARR,IL,AGL,CE,Towers with Radar,0,0,18,0,18,0,0,123,0,123,0,0,141,0,141,224,0,224,365
05/17/2005,ARR,IL,AGL,CE,Towers with Radar,0,1,25,0,26,0,0,124,0,124,0,1,149,0,150,154,0,154,304
05/18/2005,ARR,IL,AGL,CE,Towers with Radar,0,2,20,0,22,0,0,113,0,113,0,2,133,0,135,188,0,188,323
05/19/2005,ARR,IL,AGL,CE,Towers with Radar,0,2,26,1,29,0,0,10,0,10,0,2,36,1,39,37,0,37,76
05/20/2005,ARR,IL,AGL,CE,Towers with Radar,0,14,22,0,36,0,0,161,0,161,0,14,183,0,197,76,0,76,273
05/21/2005,ARR,IL,AGL,CE,Towers with Radar,0,1,17,0,18,0,1,245,0,246,0,2,262,0,264,63,0,63,327
05/22/2005,ARR,IL,AGL,CE,Towers with Radar,0,3,21,0,24,0,0,157,0,157,0,3,178,0,181,106,0,106,287
05/23/2005,ARR,IL,AGL,CE,Towers with Radar,0,3,11,2,16,0,0,80,0,80,0,3,91,2,96,78,0,78,174
05/24/2005,ARR,IL,AGL,CE,Towers with Radar,0,4,21,0,25,0,0,122,0,122,0,4,143,0,147,107,0,107,254
05/25/2005,ARR,IL,AGL,CE,Towers with Radar,0,9,25,0,34,0,1,168,0,169,0,10,193,0,203,180,0,180,383
05/26/2005,ARR,IL,AGL,CE,Towers with Radar,0,3,19,2,24,0,0,89,0,89,0,3,108,2,113,156,0,156,269
05/27/2005,ARR,IL,AGL,CE,Towers with Radar,0,2,12,1,15,0,1,93,0,94,0,3,105,1,109,77,0,77,186
05/28/2005,ARR,IL,AGL,CE,Towers with Radar,0,0,23,0,23,0,0,117,0,117,0,0,140,0,140,159,0,159,299
05/29/2005,ARR,IL,AGL,CE,Towers with Radar,0,2,2,0,4,0,0,103,0,103,0,2,105,0,107,128,0,128,235
05/30/2005,ARR,IL,AGL,CE,Towers with Radar,0,1,15,0,16,0,0,108,0,108,0,1,123,0,124,165,0,165,289
05/31/2005,ARR,IL,AGL,CE,Towers with Radar,0,0,26,0,26,0,0,111,0,111,0,0,137,0,137,184,0,184,321
06/01/2005,ARR,IL,AGL,CE,Towers with Radar,0,1,21,0,22,0,0,79,1,80,0,1,100,1,102,132,12,144,246
06/02/2005,ARR,IL,AGL,CE,Towers with Radar,0,0,25,0,25,0,0,63,0,63,0,0,88,0,88,158,0,158,246
06/03/2005,ARR,IL,AGL,CE,Towers with Radar,0,1,43,0,44,0,0,15,0,15,0,1,58,0,59,107,0,107,166
06/04/2005,ARR,IL,AGL,CE,Towers with Radar,0,0,16,0,16,0,0,62,0,62,0,0,78,0,78,61,0,61,139
06/05/2005,ARR,IL,AGL,CE,Towers with Radar,0,2,16,0,18,0,2,62,0,64,0,4,78,0,82,96,0,96,178
06/06/2005,ARR,IL,AGL,CE,Towers with Radar,0,0,9,0,9,0,0,85,0,85,0,0,94,0,94,128,0,128,222
06/07/2005,ARR,IL,AGL,CE,Towers with Radar,0,1,17,0,18,0,0,102,1,103,0,1,119,1,121,116,0,116,237
06/08/2005,ARR,IL,AGL,CE,Towers with Radar,0,0,22,0,22,0,0,47,0,47,0,0,69,0,69,91,0,91,160
06/09/2005,ARR,IL,AGL,CE,Towers with Radar,0,0,16,0,16,0,0,77,0,77,0,0,93,0,93,215,0,215,308
06/10/2005,ARR,IL,AGL,CE,Towers with Radar,0,1,23,0,24,0,0,67,0,67,0,1,90,0,91,91,0,91,182
06/11/2005,ARR,IL,AGL,CE,Towers with Radar,0,0,31,0,31,0,0,76,0,76,0,0,107,0,107,142,0,142,249
06/12/2005,ARR,IL,AGL,CE,Towers with Radar,0,0,35,0,35,0,0,63,0,63,0,0,98,0,98,220,0,220,318
06/13/2005,ARR,IL,AGL,CE,Towers with Radar,0,1,26,2,29,0,0,72,0,72,0,1,98,2,101,127,0,127,228
06/14/2005,ARR,IL,AGL,CE,Towers with Radar,0,1,27,0,28,0,0,46,0,46,0,1,73,0,74,65,0,65,139
06/15/2005,ARR,IL,AGL,CE,Towers with Radar,0,4,26,0,30,0,0,50,4,54,0,4,76,4,84,52,0,52,136
06/16/2005,ARR,IL,AGL,CE,Towers with Radar,0,5,25,0,30,0,0,110,0,110,0,5,135,0,140,165,0,165,305
06/17/2005,ARR,IL,AGL,CE,Towers with Radar,0,0,22,2,24,0,0,79,0,79,0,0,101,2,103,190,0,190,293
06/18/2005,ARR,IL,AGL,CE,Towers with Radar,0,1,19,0,20,0,0,113,0,113,0,1,132,0,133,114,0,114,247
06/19/2005,ARR,IL,AGL,CE,Towers with Radar,0,2,18,0,20,0,0,138,0,138,0,2,156,0,158,72,0,72,230
06/20/2005,ARR,IL,AGL,CE,Towers with Radar,0,4,27,0,31,0,0,119,0,119,0,4,146,0,150,83,0,83,233
06/21/2005,ARR,IL,AGL,CE,Towers with Radar,0,2,25,1,28,0,0,115,0,115,0,2,140,1,143,269,0,269,412
06/22/2005,ARR,IL,AGL,CE,Towers with Radar,0,1,30,0,31,0,0,83,0,83,0,1,113,0,114,162,0,162,276
06/23/2005,ARR,IL,AGL,CE,Towers with Radar,0,4,20,0,24,0,1,113,0,114,0,5,133,0,138,152,0,152,290
06/24/2005,ARR,IL,AGL,CE,Towers with Radar,0,4,29,1,34,0,0,79,0,79,0,4,108,1,113,116,0,116,229
06/25/2005,ARR,IL,AGL,CE,Towers with Radar,0,2,29,4,35,0,0,77,3,80,0,2,106,7,115,163,8,171,286
06/26/2005,ARR,IL,AGL,CE,Towers with Radar,0,2,28,1,31,0,0,180,2,182,0,2,208,3,213,60,0,60,273
06/27/2005,ARR,IL,AGL,CE,Towers with Radar,0,3,26,1,30,0,0,62,0,62,0,3,88,1,92,108,0,108,200
06/28/2005,ARR,IL,AGL,CE,Towers with Radar,0,5,23,1,29,0,0,117,0,117,0,5,140,1,146,148,0,148,294
06/29/2005,ARR,IL,AGL,CE,Towers with Radar,0,6,22,2,30,0,0,75,0,75,0,6,97,2,105,130,0,130,235
06/30/2005,ARR,IL,AGL,CE,Towers with Radar,0,6,22,2,30,0,1,106,0,107,0,7,128,2,137,183,4,187,324
07/01/2005,ARR,IL,AGL,CE,Towers with Radar,0,3,46,0,49,0,0,107,2,109,0,3,153,2,158,160,2,162,320
07/02/2005,ARR,IL,AGL,CE,Towers with Radar,0,2,30,0,32,0,0,114,0,114,0,2,144,0,146,163,0,163,309
07/03/2005,ARR,IL,AGL,CE,Towers with Radar,0,0,20,0,20,0,0,74,0,74,0,0,94,0,94,74,0,74,168
07/04/2005,ARR,IL,AGL,CE,Towers with Radar,0,0,14,0,14,0,0,16,0,16,0,0,30,0,30,4,0,4,34
07/05/2005,ARR,IL,AGL,CE,Towers with Radar,0,1,22,1,24,0,0,98,0,98,0,1,120,1,122,173,0,173,295
07/06/2005,ARR,IL,AGL,CE,Towers with Radar,0,3,20,0,23,0,0,77,0,77,0,3,97,0,100,61,0,61,161
07/07/2005,ARR,IL,AGL,CE,Towers with Radar,0,3,31,0,34,0,0,83,0,83,0,3,114,0,117,197,0,197,314
07/08/2005,ARR,IL,AGL,CE,Towers with Radar,0,2,25,7,34,0,0,105,0,105,0,2,130,7,139,115,1,116,255
07/09/2005,ARR,IL,AGL,CE,Towers with Radar,0,0,30,2,32,0,0,101,0,101,0,0,131,2,133,108,14,122,255
07/10/2005,ARR,IL,AGL,CE,Towers with Radar,0,2,32,3,37,0,0,122,0,122,0,2,154,3,159,160,0,160,319
07/11/2005,ARR,IL,AGL,CE,Towers with Radar,0,19,22,0,41,0,0,67,0,67,0,19,89,0,108,121,0,121,229
07/12/2005,ARR,IL,AGL,CE,Towers with Radar,0,2,31,1,34,0,0,40,0,40,0,2,71,1,74,104,0,104,178
07/13/2005,ARR,IL,AGL,CE,Towers with Radar,0,3,44,2,49,0,0,61,0,61,0,3,105,2,110,133,0,133,243
07/14/2005,ARR,IL,AGL,CE,Towers with Radar,0,2,24,2,28,0,0,71,0,71,0,2,95,2,99,113,0,113,212
07/15/2005,ARR,IL,AGL,CE,Towers with Radar,0,4,29,0,33,0,0,72,0,72,0,4,101,0,105,109,0,109,214
07/16/2005,ARR,IL,AGL,CE,Towers with Radar,0,0,18,0,18,0,0,73,0,73,0,0,91,0,91,110,0,110,201
07/17/2005,ARR,IL,AGL,CE,Towers with Radar,0,0,27,0,27,0,1,94,0,95,0,1,121,0,122,72,0,72,194
07/18/2005,ARR,IL,AGL,CE,Towers with Radar,0,2,12,6,20,0,0,63,0,63,0,2,75,6,83,86,0,86,169
07/19/2005,ARR,IL,AGL,CE,Towers with Radar,0,7,27,0,34,0,0,98,0,98,0,7,125,0,132,166,0,166,298
07/20/2005,ARR,IL,AGL,CE,Towers with Radar,0,4,25,0,29,0,0,34,1,35,0,4,59,1,64,82,0,82,146
07/21/2005,ARR,IL,AGL,CE,Towers with Radar,0,6,17,0,23,0,1,54,1,56,0,7,71,1,79,128,0,128,207
07/22/2005,ARR,IL,AGL,CE,Towers with Radar,0,3,33,0,36,0,0,128,2,130,0,3,161,2,166,159,0,159,325
07/23/2005,ARR,IL,AGL,CE,Towers with Radar,0,0,32,0,32,0,0,135,0,135,0,0,167,0,167,147,0,147,314
07/24/2005,ARR,IL,AGL,CE,Towers with Radar,0,0,39,0,39,0,0,113,0,113,0,0,152,0,152,89,0,89,241
07/25/2005,ARR,IL,AGL,CE,Towers with Radar,0,1,20,1,22,0,0,65,1,66,0,1,85,2,88,53,0,53,141
07/26/2005,ARR,IL,AGL,CE,Towers with Radar,0,3,31,1,35,0,0,58,0,58,0,3,89,1,93,99,0,99,192
07/27/2005,ARR,IL,AGL,CE,Towers with Radar,0,3,41,1,45,0,0,110,1,111,0,3,151,2,156,112,0,112,268
07/28/2005,ARR,IL,AGL,CE,Towers with Radar,0,2,21,0,23,0,0,97,0,97,0,2,118,0,120,154,0,154,274
07/29/2005,ARR,IL,AGL,CE,Towers with Radar,0,2,20,0,22,0,0,122,0,122,0,2,142,0,144,78,0,78,222
07/30/2005,ARR,IL,AGL,CE,Towers with Radar,0,0,21,0,21,0,0,157,0,157,0,0,178,0,178,98,0,98,276
07/31/2005,ARR,IL,AGL,CE,Towers with Radar,0,1,19,0,20,0,0,136,0,136,0,1,155,0,156,91,0,91,247
08/01/2005,ARR,IL,AGL,CE,Towers with Radar,0,2,26,0,28,0,0,95,0,95,0,2,121,0,123,48,0,48,171
08/02/2005,ARR,IL,AGL,CE,Towers with Radar,0,5,28,0,33,0,0,106,2,108,0,5,134,2,141,110,3,113,254
08/03/2005,ARR,IL,AGL,CE,Towers with Radar,0,2,31,0,33,0,0,71,0,71,0,2,102,0,104,66,0,66,170
08/04/2005,ARR,IL,AGL,CE,Towers with Radar,0,0,17,0,17,0,0,71,0,71,0,0,88,0,88,141,0,141,229
08/05/2005,ARR,IL,AGL,CE,Towers with Radar,0,0,27,0,27,0,0,138,0,138,0,0,165,0,165,135,0,135,300
08/06/2005,ARR,IL,AGL,CE,Towers with Radar,0,2,12,0,14,0,2,150,0,152,0,4,162,0,166,232,0,232,398
08/07/2005,ARR,IL,AGL,CE,Towers with Radar,0,1,32,0,33,0,0,155,0,155,0,1,187,0,188,216,0,216,404
08/08/2005,ARR,IL,AGL,CE,Towers with Radar,0,1,27,0,28,0,0,111,0,111,0,1,138,0,139,103,0,103,242
08/09/2005,ARR,IL,AGL,CE,Towers with Radar,0,0,43,0,43,0,0,99,3,102,0,0,142,3,145,119,22,141,286
08/10/2005,ARR,IL,AGL,CE,Towers with Radar,0,2,35,0,37,0,0,68,2,70,0,2,103,2,107,86,0,86,193
08/11/2005,ARR,IL,AGL,CE,Towers with Radar,0,2,15,0,17,0,0,22,0,22,0,2,37,0,39,45,0,45,84
08/12/2005,ARR,IL,AGL,CE,Towers with Radar,0,0,43,0,43,0,0,64,0,64,0,0,107,0,107,82,0,82,189
08/13/2005,ARR,IL,AGL,CE,Towers with Radar,0,0,39,0,39,0,0,84,0,84,0,0,123,0,123,112,0,112,235
08/14/2005,ARR,IL,AGL,CE,Towers with Radar,0,3,19,0,22,0,0,156,0,156,0,3,175,0,178,182,0,182,360
08/15/2005,ARR,IL,AGL,CE,Towers with Radar,0,0,31,0,31,0,1,107,0,108,0,1,138,0,139,80,0,80,219
08/16/2005,ARR,IL,AGL,CE,Towers with Radar,0,1,28,2,31,0,0,113,0,113,0,1,141,2,144,170,2,172,316
08/17/2005,ARR,IL,AGL,CE,Towers with Radar,0,1,21,0,22,0,0,131,0,131,0,1,152,0,153,149,0,149,302
08/18/2005,ARR,IL,AGL,CE,Towers with Radar,0,1,28,0,29,0,0,44,0,44,0,1,72,0,73,92,0,92,165
08/19/2005,ARR,IL,AGL,CE,Towers with Radar,0,5,42,0,47,0,0,129,0,129,0,5,171,0,176,164,0,164,340
08/20/2005,ARR,IL,AGL,CE,Towers with Radar,0,1,28,1,30,0,0,81,0,81,0,1,109,1,111,131,2,133,244
08/21/2005,ARR,IL,AGL,CE,Towers with Radar,0,2,25,0,27,0,0,304,0,304,0,2,329,0,331,95,0,95,426
08/22/2005,ARR,IL,AGL,CE,Towers with Radar,0,3,27,1,31,0,0,84,0,84,0,3,111,1,115,128,5,133,248
08/23/2005,ARR,IL,AGL,CE,Towers with Radar,0,4,37,0,41,0,0,83,0,83,0,4,120,0,124,180,0,180,304
08/24/2005,ARR,IL,AGL,CE,Towers with Radar,0,3,29,0,32,0,0,138,0,138,0,3,167,0,170,134,0,134,304
08/25/2005,ARR,IL,AGL,CE,Towers with Radar,0,0,29,1,30,0,0,83,0,83,0,0,112,1,113,131,0,131,244
08/26/2005,ARR,IL,AGL,CE,Towers with Radar,0,0,36,0,36,0,1,76,1,78,0,1,112,1,114,152,0,152,266
08/27/2005,ARR,IL,AGL,CE,Towers with Radar,0,2,20,0,22,0,2,118,0,120,0,4,138,0,142,135,0,135,277
08/28/2005,ARR,IL,AGL,CE,Towers with Radar,0,0,24,0,24,0,0,135,0,135,0,0,159,0,159,148,0,148,307
08/29/2005,ARR,IL,AGL,CE,Towers with Radar,0,0,14,0,14,0,0,111,0,111,0,0,125,0,125,101,0,101,226
08/30/2005,ARR,IL,AGL,CE,Towers with Radar,0,1,30,1,32,0,0,74,0,74,0,1,104,1,106,105,0,105,211
08/31/2005,ARR,IL,AGL,CE,Towers with Radar,0,6,25,0,31,0,0,88,0,88,0,6,113,0,119,127,0,127,246
09/01/2005,ARR,IL,AGL,CE,Towers with Radar,0,0,26,0,26,0,1,75,0,76,0,1,101,0,102,82,0,82,184
09/02/2005,ARR,IL,AGL,CE,Towers with Radar,0,4,30,0,34,0,0,131,0,131,0,4,161,0,165,38,0,38,203
09/03/2005,ARR,IL,AGL,CE,Towers with Radar,0,0,23,2,25,0,0,145,0,145,0,0,168,2,170,130,0,130,300
09/04/2005,ARR,IL,AGL,CE,Towers with Radar,0,0,16,0,16,0,0,111,0,111,0,0,127,0,127,119,0,119,246
09/05/2005,ARR,IL,AGL,CE,Towers with Radar,0,3,31,0,34,0,0,115,0,115,0,3,146,0,149,54,0,54,203
09/06/2005,ARR,IL,AGL,CE,Towers with Radar,0,1,19,2,22,0,0,82,0,82,0,1,101,2,104,62,0,62,166
09/07/2005,ARR,IL,AGL,CE,Towers with Radar,0,3,17,0,20,0,0,92,0,92,0,3,109,0,112,135,0,135,247
09/08/2005,ARR,IL,AGL,CE,Towers with Radar,0,3,41,2,46,0,1,44,0,45,0,4,85,2,91,69,0,69,160
09/09/2005,ARR,IL,AGL,CE,Towers with Radar,0,2,24,1,27,0,0,97,0,97,0,2,121,1,124,123,0,123,247
09/10/2005,ARR,IL,AGL,CE,Towers with Radar,0,1,16,0,17,0,0,88,2,90,0,1,104,2,107,101,0,101,208
09/11/2005,ARR,IL,AGL,CE,Towers with Radar,0,1,25,2,28,0,0,100,2,102,0,1,125,4,130,121,0,121,251
09/12/2005,ARR,IL,AGL,CE,Towers with Radar,0,3,22,1,26,0,0,43,0,43,0,3,65,1,69,70,0,70,139
09/13/2005,ARR,IL,AGL,CE,Towers with Radar,0,3,17,1,21,0,0,30,0,30,0,3,47,1,51,16,0,16,67
09/14/2005,ARR,IL,AGL,CE,Towers with Radar,0,2,29,0,31,0,0,53,0,53,0,2,82,0,84,51,0,51,135
09/15/2005,ARR,IL,AGL,CE,Towers with Radar,0,0,18,0,18,0,0,65,0,65,0,0,83,0,83,54,0,54,137
09/16/2005,ARR,IL,AGL,CE,Towers with Radar,0,0,35,4,39,0,0,52,0,52,0,0,87,4,91,9,4,13,104
09/17/2005,ARR,IL,AGL,CE,Towers with Radar,0,2,23,0,25,0,0,135,0,135,0,2,158,0,160,91,0,91,251
09/18/2005,ARR,IL,AGL,CE,Towers with Radar,0,0,22,2,24,0,0,106,0,106,0,0,128,2,130,57,0,57,187
09/19/2005,ARR,IL,AGL,CE,Towers with Radar,0,3,30,0,33,0,0,22,0,22,0,3,52,0,55,30,0,30,85
09/20/2005,ARR,IL,AGL,CE,Towers with Radar,0,6,32,0,38,0,0,78,0,78,0,6,110,0,116,97,0,97,213
09/21/2005,ARR,IL,AGL,CE,Towers with Radar,0,1,25,0,26,0,0,95,1,96,0,1,120,1,122,66,0,66,188
09/22/2005,ARR,IL,AGL,CE,Towers with Radar,0,2,15,1,18,0,0,33,2,35,0,2,48,3,53,38,0,38,91
09/23/2005,ARR,IL,AGL,CE,Towers with Radar,0,1,29,1,31,0,0,65,0,65,0,1,94,1,96,131,0,131,227
09/24/2005,ARR,IL,AGL,CE,Towers with Radar,0,0,17,2,19,0,0,41,0,41,0,0,58,2,60,44,0,44,104
09/25/2005,ARR,IL,AGL,CE,Towers with Radar,0,0,32,1,33,0,0,63,0,63,0,0,95,1,96,23,0,23,119
09/26/2005,ARR,IL,AGL,CE,Towers with Radar,0,4,43,0,47,0,2,36,0,38,0,6,79,0,85,67,0,67,152
09/27/2005,ARR,IL,AGL,CE,Towers with Radar,0,3,24,0,27,0,0,87,3,90,0,3,111,3,117,121,4,125,242
09/28/2005,ARR,IL,AGL,CE,Towers with Radar,0,2,26,0,28,0,0,30,0,30,0,2,56,0,58,48,0,48,106
09/29/2005,ARR,IL,AGL,CE,Towers with Radar,0,4,17,2,23,0,0,75,0,75,0,4,92,2,98,160,0,160,258
09/30/2005,ARR,IL,AGL,CE,Towers with Radar,0,0,16,2,18,0,1,86,0,87,0,1,102,2,105,48,0,48,153
10/01/2005,ARR,IL,AGL,CE,Towers with Radar,0,0,11,0,11,0,0,137,0,137,0,0,148,0,148,183,0,183,331
10/02/2005,ARR,IL,AGL,CE,Towers with Radar,0,1,26,0,27,0,0,86,0,86,0,1,112,0,113,101,0,101,214
10/03/2005,ARR,IL,AGL,CE,Towers with Radar,0,1,20,2,23,0,0,83,0,83,0,1,103,2,106,75,0,75,181
10/04/2005,ARR,IL,AGL,CE,Towers with Radar,0,1,23,0,24,0,1,72,0,73,0,2,95,0,97,103,0,103,200
10/05/2005,ARR,IL,AGL,CE,Towers with Radar,0,2,40,2,44,0,0,80,0,80,0,2,120,2,124,51,0,51,175
10/06/2005,ARR,IL,AGL,CE,Towers with Radar,0,0,20,0,20,0,0,75,0,75,0,0,95,0,95,68,0,68,163
10/07/2005,ARR,IL,AGL,CE,Towers with Radar,0,0,37,2,39,0,0,61,0,61,0,0,98,2,100,79,0,79,179
10/08/2005,ARR,IL,AGL,CE,Towers with Radar,0,0,19,0,19,0,0,98,0,98,0,0,117,0,117,70,0,70,187
10/09/2005,ARR,IL,AGL,CE,Towers with Radar,0,1,27,0,28,0,0,98,0,98,0,1,125,0,126,56,0,56,182
10/10/2005,ARR,IL,AGL,CE,Towers with Radar,0,3,28,0,31,0,0,99,0,99,0,3,127,0,130,71,0,71,201
10/11/2005,ARR,IL,AGL,CE,Towers with Radar,0,2,33,0,35,0,0,60,0,60,0,2,93,0,95,87,0,87,182
10/12/2005,ARR,IL,AGL,CE,Towers with Radar,0,1,39,0,40,0,0,10,0,10,0,1,49,0,50,43,0,43,93
10/13/2005,ARR,IL,AGL,CE,Towers with Radar,0,0,28,0,28,0,0,34,0,34,0,0,62,0,62,101,0,101,163
10/14/2005,ARR,IL,AGL,CE,Towers with Radar,0,6,32,1,39,0,0,68,0,68,0,6,100,1,107,64,2,66,173
10/15/2005,ARR,IL,AGL,CE,Towers with Radar,0,0,20,0,20,0,0,125,0,125,0,0,145,0,145,111,0,111,256
10/16/2005,ARR,IL,AGL,CE,Towers with Radar,0,1,31,2,34,0,0,107,0,107,0,1,138,2,141,113,0,113,254
10/17/2005,ARR,IL,AGL,CE,Towers with Radar,0,0,16,1,17,0,0,45,0,45,0,0,61,1,62,38,0,38,100
10/18/2005,ARR,IL,AGL,CE,Towers with Radar,0,2,21,2,25,0,0,86,0,86,0,2,107,2,111,119,0,119,230
10/19/2005,ARR,IL,AGL,CE,Towers with Radar,0,4,18,0,22,0,0,67,4,71,0,4,85,4,93,39,8,47,140
10/20/2005,ARR,IL,AGL,CE,Towers with Radar,0,1,12,0,13,0,0,76,0,76,0,1,88,0,89,38,0,38,127
10/21/2005,ARR,IL,AGL,CE,Towers with Radar,0,0,31,0,31,0,0,93,0,93,0,0,124,0,124,150,0,150,274
10/22/2005,ARR,IL,AGL,CE,Towers with Radar,0,0,18,0,18,0,0,77,2,79,0,0,95,2,97,119,0,119,216
10/23/2005,ARR,IL,AGL,CE,Towers with Radar,0,0,24,0,24,0,0,30,0,30,0,0,54,0,54,8,0,8,62
10/24/2005,ARR,IL,AGL,CE,Towers with Radar,0,2,31,0,33,0,0,64,0,64,0,2,95,0,97,110,0,110,207
10/25/2005,ARR,IL,AGL,CE,Towers with Radar,0,6,16,1,23,0,0,74,0,74,0,6,90,1,97,55,0,55,152
10/26/2005,ARR,IL,AGL,CE,Towers with Radar,0,2,16,0,18,0,0,83,4,87,0,2,99,4,105,63,0,63,168
10/27/2005,ARR,IL,AGL,CE,Towers with Radar,0,1,22,1,24,0,0,97,0,97,0,1,119,1,121,174,10,184,305
10/28/2005,ARR,IL,AGL,CE,Towers with Radar,0,0,21,4,25,0,0,112,6,118,0,0,133,10,143,134,7,141,284
10/29/2005,ARR,IL,AGL,CE,Towers with Radar,0,1,12,0,13,0,0,121,0,121,0,1,133,0,134,74,0,74,208
10/30/2005,ARR,IL,AGL,CE,Towers with Radar,0,1,27,2,30,0,0,218,0,218,0,1,245,2,248,37,0,37,285
10/31/2005,ARR,IL,AGL,CE,Towers with Radar,0,0,38,0,38,0,0,1,0,1,0,0,39,0,39,8,0,8,47
11/01/2005,ARR,IL,AGL,CE,Towers with Radar,0,1,23,2,26,0,2,84,0,86,0,3,107,2,112,93,0,93,205
11/02/2005,ARR,IL,AGL,CE,Towers with Radar,0,0,42,0,42,0,0,103,0,103,0,0,145,0,145,101,0,101,246
11/03/2005,ARR,IL,AGL,CE,Towers with Radar,0,2,26,0,28,0,0,78,0,78,0,2,104,0,106,50,0,50,156
11/04/2005,ARR,IL,AGL,CE,Towers with Radar,0,2,24,4,30,0,1,95,0,96,0,3,119,4,126,141,0,141,267
11/05/2005,ARR,IL,AGL,CE,Towers with Radar,0,1,30,0,31,0,0,30,0,30,0,1,60,0,61,92,0,92,153
11/06/2005,ARR,IL,AGL,CE,Towers with Radar,0,1,22,2,25,0,0,30,0,30,0,1,52,2,55,12,0,12,67
11/07/2005,ARR,IL,AGL,CE,Towers with Radar,0,0,17,0,17,0,1,54,0,55,0,1,71,0,72,13,0,13,85
11/08/2005,ARR,IL,AGL,CE,Towers with Radar,0,3,23,0,26,0,1,51,2,54,0,4,74,2,80,86,0,86,166
11/09/2005,ARR,IL,AGL,CE,Towers with Radar,0,0,13,0,13,0,1,40,0,41,0,1,53,0,54,55,0,55,109
11/10/2005,ARR,IL,AGL,CE,Towers with Radar,0,3,19,2,24,0,0,94,1,95,0,3,113,3,119,130,27,157,276
11/11/2005,ARR,IL,AGL,CE,Towers with Radar,0,3,19,0,22,0,0,113,0,113,0,3,132,0,135,70,0,70,205
11/12/2005,ARR,IL,AGL,CE,Towers with Radar,0,2,19,2,23,0,0,78,1,79,0,2,97,3,102,148,2,150,252
11/13/2005,ARR,IL,AGL,CE,Towers with Radar,0,3,16,0,19,0,0,22,0,22,0,3,38,0,41,8,0,8,49
11/14/2005,ARR,IL,AGL,CE,Towers with Radar,0,0,17,0,17,0,2,47,0,49,0,2,64,0,66,51,0,51,117
11/15/2005,ARR,IL,AGL,CE,Towers with Radar,0,4,18,2,24,0,0,0,0,0,0,4,18,2,24,0,0,0,24
11/16/2005,ARR,IL,AGL,CE,Towers with Radar,0,4,14,0,18,0,0,20,0,20,0,4,34,0,38,50,0,50,88
11/17/2005,ARR,IL,AGL,CE,Towers with Radar,0,4,34,0,38,0,0,76,0,76,0,4,110,0,114,58,0,58,172
11/18/2005,ARR,IL,AGL,CE,Towers with Radar,0,0,30,0,30,0,0,88,0,88,0,0,118,0,118,141,0,141,259
11/19/2005,ARR,IL,AGL,CE,Towers with Radar,0,0,14,0,14,0,0,96,0,96,0,0,110,0,110,90,0,90,200
11/20/2005,ARR,IL,AGL,CE,Towers with Radar,0,1,19,0,20,0,0,71,0,71,0,1,90,0,91,109,0,109,200
11/21/2005,ARR,IL,AGL,CE,Towers with Radar,0,2,12,0,14,0,0,112,2,114,0,2,124,2,128,163,0,163,291
11/22/2005,ARR,IL,AGL,CE,Towers with Radar,0,3,21,0,24,0,0,98,0,98,0,3,119,0,122,165,0,165,287
11/23/2005,ARR,IL,AGL,CE,Towers with Radar,0,2,15,0,17,0,0,25,0,25,0,2,40,0,42,106,0,106,148
11/24/2005,ARR,IL,AGL,CE,Towers with Radar,0,0,3,0,3,0,0,10,0,10,0,0,13,0,13,14,0,14,27
11/25/2005,ARR,IL,AGL,CE,Towers with Radar,0,1,21,0,22,0,0,52,0,52,0,1,73,0,74,122,0,122,196
11/26/2005,ARR,IL,AGL,CE,Towers with Radar,0,0,23,0,23,0,0,120,0,120,0,0,143,0,143,185,0,185,328
11/27/2005,ARR,IL,AGL,CE,Towers with Radar,0,1,14,0,15,0,0,0,0,0,0,1,14,0,15,0,0,0,15
11/28/2005,ARR,IL,AGL,CE,Towers with Radar,0,0,11,0,11,0,0,11,0,11,0,0,22,0,22,12,0,12,34
11/29/2005,ARR,IL,AGL,CE,Towers with Radar,0,2,13,2,17,0,0,11,2,13,0,2,24,4,30,0,1,1,31
11/30/2005,ARR,IL,AGL,CE,Towers with Radar,0,0,25,1,26,0,0,49,0,49,0,0,74,1,75,77,0,77,152
12/01/2005,ARR,IL,AGL,CE,Towers with Radar,0,1,23,2,26,0,1,7,0,8,0,2,30,2,34,48,0,48,82
12/02/2005,ARR,IL,AGL,CE,Towers with Radar,0,0,14,2,16,0,1,91,1,93,0,1,105,3,109,91,0,91,200
12/03/2005,ARR,IL,AGL,CE,Towers with Radar,0,0,14,0,14,0,0,78,0,78,0,0,92,0,92,125,0,125,217
12/04/2005,ARR,IL,AGL,CE,Towers with Radar,0,0,16,2,18,0,0,60,0,60,0,0,76,2,78,80,0,80,158
12/05/2005,ARR,IL,AGL,CE,Towers with Radar,0,3,14,0,17,0,0,36,0,36,0,3,50,0,53,75,0,75,128
12/06/2005,ARR,IL,AGL,CE,Towers with Radar,0,1,13,2,16,0,0,9,0,9,0,1,22,2,25,50,0,50,75
12/07/2005,ARR,IL,AGL,CE,Towers with Radar,0,0,30,0,30,0,0,78,2,80,0,0,108,2,110,83,6,89,199
12/08/2005,ARR,IL,AGL,CE,Towers with Radar,0,2,14,0,16,0,0,13,0,13,0,2,27,0,29,20,0,20,49
12/09/2005,ARR,IL,AGL,CE,Towers with Radar,0,1,23,0,24,0,0,53,0,53,0,1,76,0,77,45,0,45,122
12/10/2005,ARR,IL,AGL,CE,Towers with Radar,0,0,6,0,6,0,0,19,0,19,0,0,25,0,25,30,0,30,55
12/11/2005,ARR,IL,AGL,CE,Towers with Radar,0,0,20,0,20,0,0,28,0,28,0,0,48,0,48,38,0,38,86
12/12/2005,ARR,IL,AGL,CE,Towers with Radar,0,0,29,0,29,0,0,80,0,80,0,0,109,0,109,137,0,137,246
12/13/2005,ARR,IL,AGL,CE,Towers with Radar,0,0,30,0,30,0,0,18,0,18,0,0,48,0,48,23,0,23,71
12/14/2005,ARR,IL,AGL,CE,Towers with Radar,0,3,6,0,9,0,0,0,0,0,0,3,6,0,9,0,0,0,9
12/15/2005,ARR,IL,AGL,CE,Towers with Radar,0,1,10,0,11,0,0,1,0,1,0,1,11,0,12,0,0,0,12
12/16/2005,ARR,IL,AGL,CE,Towers with Radar,0,0,27,0,27,0,1,5,0,6,0,1,32,0,33,8,0,8,41
12/17/2005,ARR,IL,AGL,CE,Towers with Radar,0,1,18,0,19,0,0,70,0,70,0,1,88,0,89,167,0,167,256
12/18/2005,ARR,IL,AGL,CE,Towers with Radar,0,4,7,0,11,0,0,66,0,66,0,4,73,0,77,85,0,85,162
12/19/2005,ARR,IL,AGL,CE,Towers with Radar,0,6,19,2,27,0,0,67,0,67,0,6,86,2,94,92,0,92,186
12/20/2005,ARR,IL,AGL,CE,Towers with Radar,0,2,16,0,18,0,0,63,0,63,0,2,79,0,81,138,0,138,219
12/21/2005,ARR,IL,AGL,CE,Towers with Radar,0,0,22,0,22,0,0,84,0,84,0,0,106,0,106,120,0,120,226
12/22/2005,ARR,IL,AGL,CE,Towers with Radar,0,0,24,0,24,0,0,64,0,64,0,0,88,0,88,105,0,105,193
12/23/2005,ARR,IL,AGL,CE,Towers with Radar,0,0,15,0,15,0,0,105,0,105,0,0,120,0,120,156,0,156,276
12/24/2005,ARR,IL,AGL,CE,Towers with Radar,0,0,10,0,10,0,0,2,0,2,0,0,12,0,12,0,0,0,12
12/25/2005,ARR,IL,AGL,CE,Towers with Radar,0,2,2,0,4,0,0,2,0,2,0,2,4,0,6,0,0,0,6
12/26/2005,ARR,IL,AGL,CE,Towers with Radar,0,1,19,1,21,0,0,31,0,31,0,1,50,1,52,66,0,66,118
12/27/2005,ARR,IL,AGL,CE,Towers with Radar,0,0,25,0,25,0,0,76,0,76,0,0,101,0,101,138,0,138,239
12/28/2005,ARR,IL,AGL,CE,Towers with Radar,0,0,15,0,15,0,0,0,0,0,0,0,15,0,15,8,0,8,23
12/29/2005,ARR,IL,AGL,CE,Towers with Radar,0,0,20,0,20,0,0,29,0,29,0,0,49,0,49,65,0,65,114
12/30/2005,ARR,IL,AGL,CE,Towers with Radar,0,1,13,0,14,0,0,0,0,0,0,1,13,0,14,4,0,4,18
12/31/2005,ARR,IL,AGL,CE,Towers with Radar,0,1,8,0,9,0,0,3,0,3,0,1,11,0,12,4,0,4,16
01/01/2006,ARR,IL,AGL,CE,Towers with Radar,0,0,4,0,4,0,0,58,2,60,0,0,62,2,64,82,0,82,146
01/02/2006,ARR,IL,AGL,CE,Towers with Radar,0,2,18,0,20,0,0,2,0,2,0,2,20,0,22,4,0,4,26
01/03/2006,ARR,IL,AGL,CE,Towers with Radar,0,0,41,0,41,0,0,1,0,1,0,0,42,0,42,8,0,8,50
01/04/2006,ARR,IL,AGL,CE,Towers with Radar,0,2,25,0,27,0,0,4,0,4,0,2,29,0,31,0,0,0,31
01/05/2006,ARR,IL,AGL,CE,Towers with Radar,0,1,13,0,14,0,0,30,2,32,0,1,43,2,46,65,6,71,117
01/06/2006,ARR,IL,AGL,CE,Towers with Radar,0,2,19,4,25,0,0,44,0,44,0,2,63,4,69,64,0,64,133
01/07/2006,ARR,IL,AGL,CE,Towers with Radar,0,2,38,0,40,0,0,66,0,66,0,2,104,0,106,122,0,122,228
01/08/2006,ARR,IL,AGL,CE,Towers with Radar,0,1,19,2,22,0,0,128,0,128,0,1,147,2,150,163,0,163,313
01/09/2006,ARR,IL,AGL,CE,Towers with Radar,0,1,19,0,20,0,0,32,0,32,0,1,51,0,52,47,0,47,99
01/10/2006,ARR,IL,AGL,CE,Towers with Radar,0,1,23,1,25,0,0,47,0,47,0,1,70,1,72,90,0,90,162
01/11/2006,ARR,IL,AGL,CE,Towers with Radar,0,6,38,2,46,0,0,14,0,14,0,6,52,2,60,54,0,54,114
01/12/2006,ARR,IL,AGL,CE,Towers with Radar,0,0,23,0,23,0,0,169,0,169,0,0,192,0,192,192,0,192,384
01/13/2006,ARR,IL,AGL,CE,Towers with Radar,0,0,18,0,18,0,0,1,0,1,0,0,19,0,19,0,0,0,19
01/14/2006,ARR,IL,AGL,CE,Towers with Radar,0,0,22,0,22,0,0,182,0,182,0,0,204,0,204,242,0,242,446
01/15/2006,ARR,IL,AGL,CE,Towers with Radar,0,1,8,0,9,0,0,82,0,82,0,1,90,0,91,106,0,106,197
01/16/2006,ARR,IL,AGL,CE,Towers with Radar,0,2,27,2,31,0,0,67,0,67,0,2,94,2,98,84,0,84,182
01/17/2006,ARR,IL,AGL,CE,Towers with Radar,0,2,7,2,11,0,0,0,0,0,0,2,7,2,11,0,0,0,11
01/18/2006,ARR,IL,AGL,CE,Towers with Radar,0,0,24,0,24,0,1,76,0,77,0,1,100,0,101,76,0,76,177
01/19/2006,ARR,IL,AGL,CE,Towers with Radar,0,0,20,0,20,0,0,111,0,111,0,0,131,0,131,110,0,110,241
01/20/2006,ARR,IL,AGL,CE,Towers with Radar,0,0,12,0,12,0,0,4,0,4,0,0,16,0,16,35,0,35,51
01/21/2006,ARR,IL,AGL,CE,Towers with Radar,0,0,5,0,5,0,0,56,0,56,0,0,61,0,61,66,0,66,127
01/22/2006,ARR,IL,AGL,CE,Towers with Radar,0,0,18,0,18,0,0,0,0,0,0,0,18,0,18,4,0,4,22
01/23/2006,ARR,IL,AGL,CE,Towers with Radar,0,0,24,0,24,0,0,2,0,2,0,0,26,0,26,0,0,0,26
01/24/2006,ARR,IL,AGL,CE,Towers with Radar,0,1,15,0,16,0,0,21,0,21,0,1,36,0,37,47,0,47,84
01/25/2006,ARR,IL,AGL,CE,Towers with Radar,0,3,22,0,25,0,0,98,0,98,0,3,120,0,123,137,0,137,260
01/26/2006,ARR,IL,AGL,CE,Towers with Radar,0,1,13,0,14,0,0,114,1,115,0,1,127,1,129,193,3,196,325
01/27/2006,ARR,IL,AGL,CE,Towers with Radar,0,0,19,0,19,0,0,67,0,67,0,0,86,0,86,136,0,136,222
01/28/2006,ARR,IL,AGL,CE,Towers with Radar,0,0,18,0,18,0,0,19,0,19,0,0,37,0,37,89,0,89,126
01/29/2006,ARR,IL,AGL,CE,Towers with Radar,0,0,12,0,12,0,0,8,0,8,0,0,20,0,20,20,0,20,40
01/30/2006,ARR,IL,AGL,CE,Towers with Radar,0,1,12,2,15,0,0,4,0,4,0,1,16,2,19,12,0,12,31
01/31/2006,ARR,IL,AGL,CE,Towers with Radar,0,8,19,0,27,0,0,81,0,81,0,8,100,0,108,145,0,145,253
02/01/2006,ARR,IL,AGL,CE,Towers with Radar,0,3,33,0,36,0,0,34,0,34,0,3,67,0,70,37,0,37,107
02/02/2006,ARR,IL,AGL,CE,Towers with Radar,0,0,18,0,18,0,0,65,0,65,0,0,83,0,83,76,0,76,159
02/03/2006,ARR,IL,AGL,CE,Towers with Radar,0,0,9,6,15,0,0,15,1,16,0,0,24,7,31,9,0,9,40
02/04/2006,ARR,IL,AGL,CE,Towers with Radar,0,1,12,0,13,0,1,13,0,14,0,2,25,0,27,50,0,50,77
02/05/2006,ARR,IL,AGL,CE,Towers with Radar,0,0,10,4,14,0,1,86,0,87,0,1,96,4,101,92,0,92,193
02/06/2006,ARR,IL,AGL,CE,Towers with Radar,0,0,22,0,22,0,0,72,2,74,0,0,94,2,96,67,0,67,163
02/07/2006,ARR,IL,AGL,CE,Towers with Radar,0,1,27,1,29,0,1,109,3,113,0,2,136,4,142,127,0,127,269
02/08/2006,ARR,IL,AGL,CE,Towers with Radar,0,0,27,0,27,0,1,39,4,44,0,1,66,4,71,91,0,91,162
02/09/2006,ARR,IL,AGL,CE,Towers with Radar,0,1,21,1,23,0,1,85,2,88,0,2,106,3,111,148,0,148,259
02/10/2006,ARR,IL,AGL,CE,Towers with Radar,0,0,35,2,37,0,0,29,0,29,0,0,64,2,66,96,0,96,162
02/11/2006,ARR,IL,AGL,CE,Towers with Radar,0,0,12,2,14,0,0,44,0,44,0,0,56,2,58,91,0,91,149
02/12/2006,ARR,IL,AGL,CE,Towers with Radar,0,0,9,0,9,0,0,32,0,32,0,0,41,0,41,36,0,36,77
02/13/2006,ARR,IL,AGL,CE,Towers with Radar,0,2,14,0,16,0,0,30,0,30,0,2,44,0,46,17,0,17,63
02/14/2006,ARR,IL,AGL,CE,Towers with Radar,0,4,15,1,20,0,2,92,0,94,0,6,107,1,114,78,0,78,192
02/15/2006,ARR,IL,AGL,CE,Towers with Radar,0,9,27,0,36,0,0,85,0,85,0,9,112,0,121,111,0,111,232
02/16/2006,ARR,IL,AGL,CE,Towers with Radar,0,3,13,2,18,0,0,3,0,3,0,3,16,2,21,5,0,5,26
02/17/2006,ARR,IL,AGL,CE,Towers with Radar,0,0,19,0,19,0,0,71,0,71,0,0,90,0,90,108,0,108,198
02/18/2006,ARR,IL,AGL,CE,Towers with Radar,0,0,10,0,10,0,0,42,0,42,0,0,52,0,52,40,0,40,92
02/19/2006,ARR,IL,AGL,CE,Towers with Radar,0,1,12,0,13,0,0,71,0,71,0,1,83,0,84,57,0,57,141
02/20/2006,ARR,IL,AGL,CE,Towers with Radar,0,2,27,0,29,0,0,62,0,62,0,2,89,0,91,104,0,104,195
02/21/2006,ARR,IL,AGL,CE,Towers with Radar,0,0,11,0,11,0,0,93,3,96,0,0,104,3,107,129,2,131,238
02/22/2006,ARR,IL,AGL,CE,Towers with Radar,0,1,31,0,32,0,0,119,0,119,0,1,150,0,151,230,0,230,381
02/23/2006,ARR,IL,AGL,CE,Towers with Radar,0,4,42,0,46,0,0,95,0,95,0,4,137,0,141,133,0,133,274
02/24/2006,ARR,IL,AGL,CE,Towers with Radar,0,0,30,0,30,0,0,88,0,88,0,0,118,0,118,83,0,83,201
02/25/2006,ARR,IL,AGL,CE,Towers with Radar,0,0,7,0,7,0,0,70,0,70,0,0,77,0,77,128,0,128,205
02/26/2006,ARR,IL,AGL,CE,Towers with Radar,0,0,22,0,22,0,1,152,0,153,0,1,174,0,175,172,0,172,347
02/27/2006,ARR,IL,AGL,CE,Towers with Radar,0,7,22,1,30,0,0,56,0,56,0,7,78,1,86,102,0,102,188
02/28/2006,ARR,IL,AGL,CE,Towers with Radar,0,0,23,1,24,0,1,79,2,82,0,1,102,3,106,183,4,187,293
03/01/2006,ARR,IL,AGL,CE,Towers with Radar,0,2,8,0,10,0,0,88,4,92,0,2,96,4,102,101,20,121,223
03/02/2006,ARR,IL,AGL,CE,Towers with Radar,0,0,22,0,22,0,0,30,2,32,0,0,52,2,54,34,10,44,98
03/03/2006,ARR,IL,AGL,CE,Towers with Radar,0,0,18,2,20,0,0,18,4,22,0,0,36,6,42,98,0,98,140
03/04/2006,ARR,IL,AGL,CE,Towers with Radar,0,0,33,2,35,0,0,154,2,156,0,0,187,4,191,203,4,207,398
03/05/2006,ARR,IL,AGL,CE,Towers with Radar,0,2,4,2,8,0,0,1,0,1,0,2,5,2,9,0,0,0,9
03/06/2006,ARR,IL,AGL,CE,Towers with Radar,0,1,23,1,25,0,0,3,0,3,0,1,26,1,28,0,0,0,28
03/07/2006,ARR,IL,AGL,CE,Towers with Radar,0,0,22,1,23,0,0,73,0,73,0,0,95,1,96,95,0,95,191
03/08/2006,ARR,IL,AGL,CE,Towers with Radar,0,4,16,0,20,0,0,28,0,28,0,4,44,0,48,168,0,168,216
03/09/2006,ARR,IL,AGL,CE,Towers with Radar,0,0,33,0,33,0,0,0,0,0,0,0,33,0,33,4,0,4,37
03/10/2006,ARR,IL,AGL,CE,Towers with Radar,0,0,39,0,39,0,0,80,0,80,0,0,119,0,119,95,0,95,214
03/11/2006,ARR,IL,AGL,CE,Towers with Radar,0,3,14,0,17,0,0,45,0,45,0,3,59,0,62,80,0,80,142
03/12/2006,ARR,IL,AGL,CE,Towers with Radar,0,0,17,0,17,0,0,99,0,99,0,0,116,0,116,117,0,117,233
03/13/2006,ARR,IL,AGL,CE,Towers with Radar,0,0,21,1,22,0,0,17,0,17,0,0,38,1,39,10,0,10,49
03/14/2006,ARR,IL,AGL,CE,Towers with Radar,0,3,18,1,22,0,0,29,0,29,0,3,47,1,51,43,0,43,94
03/15/2006,ARR,IL,AGL,CE,Towers with Radar,0,4,28,0,32,0,0,153,0,153,0,4,181,0,185,225,0,225,410
03/16/2006,ARR,IL,AGL,CE,Towers with Radar,0,1,15,0,16,0,0,3,0,3,0,1,18,0,19,32,0,32,51
03/17/2006,ARR,IL,AGL,CE,Towers with Radar,0,0,20,0,20,0,0,94,0,94,0,0,114,0,114,134,0,134,248
03/18/2006,ARR,IL,AGL,CE,Towers with Radar,0,0,15,0,15,0,1,164,0,165,0,1,179,0,180,201,0,201,381
03/19/2006,ARR,IL,AGL,CE,Towers with Radar,0,0,26,0,26,0,0,149,0,149,0,0,175,0,175,159,0,159,334
03/20/2006,ARR,IL,AGL,CE,Towers with Radar,0,1,20,0,21,0,0,40,0,40,0,1,60,0,61,43,0,43,104
03/21/2006,ARR,IL,AGL,CE,Towers with Radar,0,1,8,0,9,0,0,21,0,21,0,1,29,0,30,9,0,9,39
03/22/2006,ARR,IL,AGL,CE,Towers with Radar,0,3,25,0,28,0,0,90,0,90,0,3,115,0,118,114,0,114,232
03/23/2006,ARR,IL,AGL,CE,Towers with Radar,0,2,23,0,25,0,0,64,0,64,0,2,87,0,89,134,0,134,223
03/24/2006,ARR,IL,AGL,CE,Towers with Radar,0,0,24,2,26,0,0,12,0,12,0,0,36,2,38,28,0,28,66
03/25/2006,ARR,IL,AGL,CE,Towers with Radar,0,0,14,0,14,0,0,54,0,54,0,0,68,0,68,146,0,146,214
03/26/2006,ARR,IL,AGL,CE,Towers with Radar,0,0,35,0,35,0,0,136,0,136,0,0,171,0,171,187,0,187,358
03/27/2006,ARR,IL,AGL,CE,Towers with Radar,0,6,8,2,16,0,0,70,0,70,0,6,78,2,86,46,0,46,132
03/28/2006,ARR,IL,AGL,CE,Towers with Radar,0,5,23,0,28,0,0,10,0,10,0,5,33,0,38,12,0,12,50
03/29/2006,ARR,IL,AGL,CE,Towers with Radar,0,1,40,0,41,0,0,86,0,86,0,1,126,0,127,102,0,102,229
03/30/2006,ARR,IL,AGL,CE,Towers with Radar,0,1,23,2,26,0,0,80,5,85,0,1,103,7,111,108,4,112,223
03/31/2006,ARR,IL,AGL,CE,Towers with Radar,0,0,15,4,19,0,0,21,0,21,0,0,36,4,40,14,0,14,54
04/01/2006,ARR,IL,AGL,CE,Towers with Radar,0,0,40,0,40,0,0,60,0,60,0,0,100,0,100,176,0,176,276
04/02/2006,ARR,IL,AGL,CE,Towers with Radar,0,2,16,3,21,0,0,10,0,10,0,2,26,3,31,38,0,38,69
04/03/2006,ARR,IL,AGL,CE,Towers with Radar,0,0,14,2,16,0,0,17,0,17,0,0,31,2,33,31,0,31,64
04/04/2006,ARR,IL,AGL,CE,Towers with Radar,0,2,16,0,18,0,0,93,2,95,0,2,109,2,113,174,8,182,295
04/05/2006,ARR,IL,AGL,CE,Towers with Radar,0,4,23,0,27,0,0,141,0,141,0,4,164,0,168,184,0,184,352
04/06/2006,ARR,IL,AGL,CE,Towers with Radar,0,4,31,0,35,0,0,37,0,37,0,4,68,0,72,73,0,73,145
04/07/2006,ARR,IL,AGL,CE,Towers with Radar,0,0,19,0,19,0,0,5,0,5,0,0,24,0,24,10,0,10,34
04/08/2006,ARR,IL,AGL,CE,Towers with Radar,0,0,18,0,18,0,0,143,0,143,0,0,161,0,161,151,0,151,312
04/09/2006,ARR,IL,AGL,CE,Towers with Radar,0,0,18,0,18,0,0,159,0,159,0,0,177,0,177,190,0,190,367
04/10/2006,ARR,IL,AGL,CE,Towers with Radar,0,1,17,2,20,0,0,89,0,89,0,1,106,2,109,141,2,143,252
04/11/2006,ARR,IL,AGL,CE,Towers with Radar,0,1,33,0,34,0,0,64,0,64,0,1,97,0,98,105,0,105,203
04/12/2006,ARR,IL,AGL,CE,Towers with Radar,0,0,16,0,16,0,0,38,0,38,0,0,54,0,54,28,0,28,82
04/13/2006,ARR,IL,AGL,CE,Towers with Radar,0,0,28,0,28,0,0,107,0,107,0,0,135,0,135,106,0,106,241
04/14/2006,ARR,IL,AGL,CE,Towers with Radar,0,0,18,0,18,0,0,71,0,71,0,0,89,0,89,91,0,91,180
04/15/2006,ARR,IL,AGL,CE,Towers with Radar,0,2,14,0,16,0,0,147,0,147,0,2,161,0,163,224,0,224,387
04/16/2006,ARR,IL,AGL,CE,Towers with Radar,0,0,5,0,5,0,0,4,0,4,0,0,9,0,9,0,0,0,9
04/17/2006,ARR,IL,AGL,CE,Towers with Radar,0,5,25,0,30,0,0,67,0,67,0,5,92,0,97,64,0,64,161
04/18/2006,ARR,IL,AGL,CE,Towers with Radar,0,1,18,0,19,0,0,119,0,119,0,1,137,0,138,188,0,188,326
04/19/2006,ARR,IL,AGL,CE,Towers with Radar,0,5,18,0,23,0,0,87,1,88,0,5,105,1,111,165,0,165,276
04/20/2006,ARR,IL,AGL,CE,Towers with Radar,0,4,29,0,33,0,0,80,0,80,0,4,109,0,113,192,0,192,305
04/21/2006,ARR,IL,AGL,CE,Towers with Radar,0,0,19,0,19,0,0,89,0,89,0,0,108,0,108,99,0,99,207
04/22/2006,ARR,IL,AGL,CE,Towers with Radar,0,0,14,0,14,0,0,129,0,129,0,0,143,0,143,174,0,174,317
04/23/2006,ARR,IL,AGL,CE,Towers with Radar,0,1,25,0,26,0,0,117,0,117,0,1,142,0,143,118,0,118,261
04/24/2006,ARR,IL,AGL,CE,Towers with Radar,0,2,24,1,27,0,0,113,0,113,0,2,137,1,140,194,0,194,334
04/25/2006,ARR,IL,AGL,CE,Towers with Radar,0,3,26,1,30,0,0,23,0,23,0,3,49,1,53,51,0,51,104
04/26/2006,ARR,IL,AGL,CE,Towers with Radar,0,1,30,0,31,0,0,144,0,144,0,1,174,0,175,320,0,320,495
04/27/2006,ARR,IL,AGL,CE,Towers with Radar,0,4,21,0,25,0,0,94,0,94,0,4,115,0,119,210,0,210,329
04/28/2006,ARR,IL,AGL,CE,Towers with Radar,0,2,23,0,25,0,0,79,0,79,0,2,102,0,104,91,0,91,195
04/29/2006,ARR,IL,AGL,CE,Towers with Radar,0,1,19,0,20,0,0,45,0,45,0,1,64,0,65,89,0,89,154
04/30/2006,ARR,IL,AGL,CE,Towers with Radar,0,2,22,0,24,0,0,7,0,7,0,2,29,0,31,63,0,63,94
05/01/2006,ARR,IL,AGL,CE,Towers with Radar,0,1,27,1,29,0,0,12,0,12,0,1,39,1,41,16,0,16,57
05/02/2006,ARR,IL,AGL,CE,Towers with Radar,0,9,24,1,34,0,0,76,0,76,0,9,100,1,110,116,0,116,226
05/03/2006,ARR,IL,AGL,CE,Towers with Radar,0,5,25,0,30,0,0,69,0,69,0,5,94,0,99,106,0,106,205
05/04/2006,ARR,IL,AGL,CE,Towers with Radar,0,0,17,0,17,0,0,124,2,126,0,0,141,2,143,135,0,135,278
05/05/2006,ARR,IL,AGL,CE,Towers with Radar,0,0,18,3,21,0,0,68,6,74,0,0,86,9,95,221,0,221,316
05/06/2006,ARR,IL,AGL,CE,Towers with Radar,0,1,25,0,26,0,0,109,0,109,0,1,134,0,135,158,0,158,293
05/07/2006,ARR,IL,AGL,CE,Towers with Radar,0,2,21,3,26,0,0,145,0,145,0,2,166,3,171,181,0,181,352
05/08/2006,ARR,IL,AGL,CE,Towers with Radar,0,1,18,1,20,0,0,84,0,84,0,1,102,1,104,194,0,194,298
05/09/2006,ARR,IL,AGL,CE,Towers with Radar,0,0,28,1,29,0,0,34,0,34,0,0,62,1,63,69,0,69,132
05/10/2006,ARR,IL,AGL,CE,Towers with Radar,0,5,21,0,26,0,1,59,0,60,0,6,80,0,86,186,0,186,272
05/11/2006,ARR,IL,AGL,CE,Towers with Radar,0,0,19,0,19,0,0,0,0,0,0,0,19,0,19,14,0,14,33
05/12/2006,ARR,IL,AGL,CE,Towers with Radar,0,1,32,0,33,0,0,3,0,3,0,1,35,0,36,17,0,17,53
05/13/2006,ARR,IL,AGL,CE,Towers with Radar,0,0,41,0,41,0,0,0,0,0,0,0,41,0,41,58,0,58,99
05/14/2006,ARR,IL,AGL,CE,Towers with Radar,0,0,15,0,15,0,0,11,0,11,0,0,26,0,26,48,0,48,74
05/15/2006,ARR,IL,AGL,CE,Towers with Radar,0,0,23,0,23,0,0,19,0,19,0,0,42,0,42,32,0,32,74
05/16/2006,ARR,IL,AGL,CE,Towers with Radar,0,3,26,2,31,0,0,36,0,36,0,3,62,2,67,137,0,137,204
05/17/2006,ARR,IL,AGL,CE,Towers with Radar,0,0,16,0,16,0,0,77,0,77,0,0,93,0,93,124,0,124,217
05/18/2006,ARR,IL,AGL,CE,Towers with Radar,0,2,33,0,35,0,0,52,2,54,0,2,85,2,89,118,0,118,207
05/19/2006,ARR,IL,AGL,CE,Towers with Radar,0,4,26,0,30,0,1,112,0,113,0,5,138,0,143,140,0,140,283
05/20/2006,ARR,IL,AGL,CE,Towers with Radar,0,0,3,0,3,0,0,129,0,129,0,0,132,0,132,162,0,162,294
05/21/2006,ARR,IL,AGL,CE,Towers with Radar,0,2,23,0,25,0,0,154,0,154,0,2,177,0,179,87,0,87,266
05/22/2006,ARR,IL,AGL,CE,Towers with Radar,0,0,28,2,30,0,0,81,0,81,0,0,109,2,111,128,6,134,245
05/23/2006,ARR,IL,AGL,CE,Towers with Radar,0,2,32,0,34,0,2,99,0,101,0,4,131,0,135,130,0,130,265
05/24/2006,ARR,IL,AGL,CE,Towers with Radar,0,0,14,0,14,0,0,36,0,36,0,0,50,0,50,55,0,55,105
05/25/2006,ARR,IL,AGL,CE,Towers with Radar,0,4,30,0,34,0,0,24,0,24,0,4,54,0,58,41,0,41,99
05/26/2006,ARR,IL,AGL,CE,Towers with Radar,0,0,48,0,48,0,0,81,0,81,0,0,129,0,129,75,0,75,204
05/27/2006,ARR,IL,AGL,CE,Towers with Radar,0,1,19,1,21,0,0,112,6,118,0,1,131,7,139,124,0,124,263
05/28/2006,ARR,IL,AGL,CE,Towers with Radar,0,0,11,0,11,0,0,72,0,72,0,0,83,0,83,106,0,106,189
05/29/2006,ARR,IL,AGL,CE,Towers with Radar,0,0,22,1,23,0,0,61,0,61,0,0,83,1,84,59,0,59,143
05/30/2006,ARR,IL,AGL,CE,Towers with Radar,0,4,23,0,27,0,0,66,3,69,0,4,89,3,96,106,4,110,206
05/31/2006,ARR,IL,AGL,CE,Towers with Radar,0,3,46,2,51,0,0,39,0,39,0,3,85,2,90,89,0,89,179
06/01/2006,ARR,IL,AGL,CE,Towers with Radar,0,2,23,0,25,0,0,93,0,93,0,2,116,0,118,122,0,122,240
06/02/2006,ARR,IL,AGL,CE,Towers with Radar,0,3,23,2,28,0,0,71,0,71,0,3,94,2,99,96,0,96,195
06/03/2006,ARR,IL,AGL,CE,Towers with Radar,0,2,30,0,32,0,0,153,0,153,0,2,183,0,185,177,0,177,362
06/04/2006,ARR,IL,AGL,CE,Towers with Radar,0,0,26,2,28,0,0,127,0,127,0,0,153,2,155,203,0,203,358
06/05/2006,ARR,IL,AGL,CE,Towers with Radar,0,1,30,0,31,0,0,89,0,89,0,1,119,0,120,107,0,107,227
06/06/2006,ARR,IL,AGL,CE,Towers with Radar,0,2,18,0,20,0,0,80,0,80,0,2,98,0,100,98,0,98,198
06/07/2006,ARR,IL,AGL,CE,Towers with Radar,0,1,27,0,28,0,0,84,2,86,0,1,111,2,114,86,4,90,204
06/08/2006,ARR,IL,AGL,CE,Towers with Radar,0,4,25,0,29,0,0,133,0,133,0,4,158,0,162,180,0,180,342
06/09/2006,ARR,IL,AGL,CE,Towers with Radar,0,6,23,4,33,0,0,149,0,149,0,6,172,4,182,67,4,71,253
06/10/2006,ARR,IL,AGL,CE,Towers with Radar,0,0,14,5,19,0,0,121,0,121,0,0,135,5,140,69,0,69,209
06/11/2006,ARR,IL,AGL,CE,Towers with Radar,0,1,19,2,22,0,0,168,2,170,0,1,187,4,192,75,2,77,269
06/12/2006,ARR,IL,AGL,CE,Towers with Radar,0,7,26,1,34,0,0,89,0,89,0,7,115,1,123,111,0,111,234
06/13/2006,ARR,IL,AGL,CE,Towers with Radar,0,1,28,1,30,0,0,103,0,103,0,1,131,1,133,152,0,152,285
06/14/2006,ARR,IL,AGL,CE,Towers with Radar,0,2,32,0,34,0,1,125,1,127,0,3,157,1,161,157,0,157,318
06/15/2006,ARR,IL,AGL,CE,Towers with Radar,0,5,38,1,44,0,0,73,0,73,0,5,111,1,117,78,0,78,195
06/16/2006,ARR,IL,AGL,CE,Towers with Radar,0,2,33,2,37,0,0,107,0,107,0,2,140,2,144,102,0,102,246
06/17/2006,ARR,IL,AGL,CE,Towers with Radar,0,0,15,0,15,0,0,61,0,61,0,0,76,0,76,102,0,102,178
06/18/2006,ARR,IL,AGL,CE,Towers with Radar,0,0,28,0,28,0,0,19,0,19,0,0,47,0,47,44,0,44,91
06/19/2006,ARR,IL,AGL,CE,Towers with Radar,0,2,19,5,26,0,0,80,0,80,0,2,99,5,106,81,2,83,189
06/20/2006,ARR,IL,AGL,CE,Towers with Radar,0,4,17,0,21,0,0,59,2,61,0,4,76,2,82,123,0,123,205
06/21/2006,ARR,IL,AGL,CE,Towers with Radar,0,1,28,0,29,0,0,17,0,17,0,1,45,0,46,97,0,97,143
06/22/2006,ARR,IL,AGL,CE,Towers with Radar,0,6,32,0,38,0,0,90,0,90,0,6,122,0,128,124,0,124,252
06/23/2006,ARR,IL,AGL,CE,Towers with Radar,0,7,30,0,37,0,0,88,0,88,0,7,118,0,125,101,0,101,226
06/24/2006,ARR,IL,AGL,CE,Towers with Radar,0,0,15,0,15,0,1,145,0,146,0,1,160,0,161,148,0,148,309
06/25/2006,ARR,IL,AGL,CE,Towers with Radar,0,2,19,0,21,0,0,92,0,92,0,2,111,0,113,61,0,61,174
06/26/2006,ARR,IL,AGL,CE,Towers with Radar,0,2,32,0,34,0,0,58,3,61,0,2,90,3,95,139,0,139,234
06/27/2006,ARR,IL,AGL,CE,Towers with Radar,0,4,27,1,32,0,0,60,5,65,0,4,87,6,97,64,0,64,161
06/28/2006,ARR,IL,AGL,CE,Towers with Radar,0,5,23,0,28,0,0,113,6,119,0,5,136,6,147,177,4,181,328
06/29/2006,ARR,IL,AGL,CE,Towers with Radar,0,4,33,0,37,0,0,140,2,142,0,4,173,2,179,191,0,191,370
06/30/2006,ARR,IL,AGL,CE,Towers with Radar,0,4,21,2,27,0,0,144,3,147,0,4,165,5,174,108,0,108,282
07/01/2006,ARR,IL,AGL,CE,Towers with Radar,0,4,31,0,35,0,0,82,0,82,0,4,113,0,117,38,0,38,155
07/02/2006,ARR,IL,AGL,CE,Towers with Radar,0,3,23,0,26,0,2,63,0,65,0,5,86,0,91,148,0,148,239
07/03/2006,ARR,IL,AGL,CE,Towers with Radar,0,2,18,0,20,0,0,21,0,21,0,2,39,0,41,24,0,24,65
07/04/2006,ARR,IL,AGL,CE,Towers with Radar,0,0,18,0,18,0,0,97,0,97,0,0,115,0,115,93,0,93,208
07/05/2006,ARR,IL,AGL,CE,Towers with Radar,0,0,15,0,15,0,0,124,0,124,0,0,139,0,139,141,0,141,280
07/06/2006,ARR,IL,AGL,CE,Towers with Radar,0,2,31,0,33,0,0,88,0,88,0,2,119,0,121,86,0,86,207
07/07/2006,ARR,IL,AGL,CE,Towers with Radar,0,3,32,0,35,0,0,30,2,32,0,3,62,2,67,49,0,49,116
07/08/2006,ARR,IL,AGL,CE,Towers with Radar,0,7,11,2,20,0,0,189,0,189,0,7,200,2,209,129,0,129,338
07/09/2006,ARR,IL,AGL,CE,Towers with Radar,0,0,17,0,17,0,0,103,0,103,0,0,120,0,120,174,0,174,294
07/10/2006,ARR,IL,AGL,CE,Towers with Radar,0,1,36,1,38,0,1,37,0,38,0,2,73,1,76,116,0,116,192
07/11/2006,ARR,IL,AGL,CE,Towers with Radar,0,2,21,1,24,0,0,3,0,3,0,2,24,1,27,6,0,6,33
07/12/2006,ARR,IL,AGL,CE,Towers with Radar,0,5,39,0,44,0,0,66,0,66,0,5,105,0,110,132,0,132,242
07/13/2006,ARR,IL,AGL,CE,Towers with Radar,0,4,38,0,42,0,0,58,0,58,0,4,96,0,100,151,0,151,251
07/14/2006,ARR,IL,AGL,CE,Towers with Radar,0,8,47,2,57,0,1,53,0,54,0,9,100,2,111,78,0,78,189
07/15/2006,ARR,IL,AGL,CE,Towers with Radar,0,0,23,0,23,0,0,134,0,134,0,0,157,0,157,211,0,211,368
07/16/2006,ARR,IL,AGL,CE,Towers with Radar,0,3,28,2,33,0,0,107,0,107,0,3,135,2,140,151,0,151,291
07/17/2006,ARR,IL,AGL,CE,Towers with Radar,0,6,35,0,41,0,0,55,0,55,0,6,90,0,96,70,0,70,166
07/18/2006,ARR,IL,AGL,CE,Towers with Radar,0,4,35,0,39,0,0,89,0,89,0,4,124,0,128,96,0,96,224
07/19/2006,ARR,IL,AGL,CE,Towers with Radar,0,0,41,0,41,0,0,75,0,75,0,0,116,0,116,159,0,159,275
07/20/2006,ARR,IL,AGL,CE,Towers with Radar,0,3,25,2,30,0,0,27,1,28,0,3,52,3,58,54,31,85,143
07/21/2006,ARR,IL,AGL,CE,Towers with Radar,0,0,28,0,28,0,0,82,0,82,0,0,110,0,110,137,0,137,247
07/22/2006,ARR,IL,AGL,CE,Towers with Radar,0,0,29,0,29,0,0,137,2,139,0,0,166,2,168,189,0,189,357
07/23/2006,ARR,IL,AGL,CE,Towers with Radar,0,0,18,1,19,0,0,120,0,120,0,0,138,1,139,148,0,148,287
07/24/2006,ARR,IL,AGL,CE,Towers with Radar,0,2,36,0,38,0,0,75,0,75,0,2,111,0,113,72,0,72,185
07/25/2006,ARR,IL,AGL,CE,Towers with Radar,0,4,31,1,36,0,1,74,0,75,0,5,105,1,111,122,0,122,233
07/26/2006,ARR,IL,AGL,CE,Towers with Radar,0,2,36,0,38,0,0,69,2,71,0,2,105,2,109,75,8,83,192
07/27/2006,ARR,IL,AGL,CE,Towers with Radar,0,0,49,1,50,0,0,36,0,36,0,0,85,1,86,110,0,110,196
07/28/2006,ARR,IL,AGL,CE,Towers with Radar,0,1,38,0,39,0,2,103,0,105,0,3,141,0,144,80,0,80,224
07/29/2006,ARR,IL,AGL,CE,Towers with Radar,0,0,24,0,24,0,0,94,2,96,0,0,118,2,120,96,0,96,216
07/30/2006,ARR,IL,AGL,CE,Towers with Radar,0,1,18,0,19,0,0,68,0,68,0,1,86,0,87,44,0,44,131
07/31/2006,ARR,IL,AGL,CE,Towers with Radar,0,1,18,0,19,0,0,92,0,92,0,1,110,0,111,113,0,113,224
08/01/2006,ARR,IL,AGL,CE,Towers with Radar,0,0,16,0,16,0,0,99,2,101,0,0,115,2,117,122,8,130,247
08/02/2006,ARR,IL,AGL,CE,Towers with Radar,0,2,28,2,32,0,0,70,0,70,0,2,98,2,102,75,0,75,177
08/03/2006,ARR,IL,AGL,CE,Towers with Radar,0,1,39,0,40,0,0,55,0,55,0,1,94,0,95,95,0,95,190
08/04/2006,ARR,IL,AGL,CE,Towers with Radar,0,1,41,3,45,0,1,108,0,109,0,2,149,3,154,112,0,112,266
08/05/2006,ARR,IL,AGL,CE,Towers with Radar,0,1,15,1,17,0,0,150,1,151,0,1,165,2,168,183,0,183,351
08/06/2006,ARR,IL,AGL,CE,Towers with Radar,0,1,27,2,30,0,0,70,0,70,0,1,97,2,100,64,0,64,164
08/07/2006,ARR,IL,AGL,CE,Towers with Radar,0,5,20,4,29,0,0,75,0,75,0,5,95,4,104,103,0,103,207
08/08/2006,ARR,IL,AGL,CE,Towers with Radar,0,0,21,0,21,0,0,95,0,95,0,0,116,0,116,88,0,88,204
08/09/2006,ARR,IL,AGL,CE,Towers with Radar,0,2,29,0,31,0,0,94,0,94,0,2,123,0,125,58,0,58,183
08/10/2006,ARR,IL,AGL,CE,Towers with Radar,0,2,27,0,29,0,0,14,0,14,0,2,41,0,43,8,0,8,51
08/11/2006,ARR,IL,AGL,CE,Towers with Radar,0,2,33,0,35,0,0,104,0,104,0,2,137,0,139,129,0,129,268
08/12/2006,ARR,IL,AGL,CE,Towers with Radar,0,0,17,0,17,0,0,153,2,155,0,0,170,2,172,167,0,167,339
08/13/2006,ARR,IL,AGL,CE,Towers with Radar,0,0,25,0,25,0,0,157,0,157,0,0,182,0,182,116,0,116,298
08/14/2006,ARR,IL,AGL,CE,Towers with Radar,0,2,26,0,28,0,0,47,0,47,0,2,73,0,75,100,0,100,175
08/15/2006,ARR,IL,AGL,CE,Towers with Radar,0,1,19,0,20,0,0,164,0,164,0,1,183,0,184,127,0,127,311
08/16/2006,ARR,IL,AGL,CE,Towers with Radar,0,3,22,4,29,0,0,102,0,102,0,3,124,4,131,128,0,128,259
08/17/2006,ARR,IL,AGL,CE,Towers with Radar,0,2,34,0,36,0,0,77,0,77,0,2,111,0,113,122,0,122,235
08/18/2006,ARR,IL,AGL,CE,Towers with Radar,0,2,45,2,49,0,0,24,0,24,0,2,69,2,73,43,4,47,120
08/19/2006,ARR,IL,AGL,CE,Towers with Radar,0,2,27,0,29,0,0,8,0,8,0,2,35,0,37,8,0,8,45
08/20/2006,ARR,IL,AGL,CE,Towers with Radar,0,1,23,0,24,0,0,100,1,101,0,1,123,1,125,110,0,110,235
08/21/2006,ARR,IL,AGL,CE,Towers with Radar,0,1,26,0,27,0,0,73,0,73,0,1,99,0,100,90,0,90,190
08/22/2006,ARR,IL,AGL,CE,Towers with Radar,0,2,18,0,20,0,0,103,0,103,0,2,121,0,123,109,0,109,232
08/23/2006,ARR,IL,AGL,CE,Towers with Radar,0,0,20,0,20,0,0,80,0,80,0,0,100,0,100,80,0,80,180
08/24/2006,ARR,IL,AGL,CE,Towers with Radar,0,1,24,0,25,0,0,47,0,47,0,1,71,0,72,69,0,69,141
08/25/2006,ARR,IL,AGL,CE,Towers with Radar,0,1,27,0,28,0,0,42,0,42,0,1,69,0,70,121,0,121,191
08/26/2006,ARR,IL,AGL,CE,Towers with Radar,0,6,26,0,32,0,1,19,0,20,0,7,45,0,52,56,0,56,108
08/27/2006,ARR,IL,AGL,CE,Towers with Radar,0,2,31,0,33,0,0,106,0,106,0,2,137,0,139,40,0,40,179
08/28/2006,ARR,IL,AGL,CE,Towers with Radar,0,1,25,0,26,0,0,7,0,7,0,1,32,0,33,23,0,23,56
08/29/2006,ARR,IL,AGL,CE,Towers with Radar,0,0,48,0,48,0,0,61,2,63,0,0,109,2,111,85,0,85,196
08/30/2006,ARR,IL,AGL,CE,Towers with Radar,0,1,21,0,22,0,0,89,2,91,0,1,110,2,113,127,0,127,240
08/31/2006,ARR,IL,AGL,CE,Towers with Radar,0,2,33,0,35,0,0,108,0,108,0,2,141,0,143,86,0,86,229
09/01/2006,ARR,IL,AGL,CE,Towers with Radar,0,0,28,0,28,0,0,83,0,83,0,0,111,0,111,60,0,60,171
09/02/2006,ARR,IL,AGL,CE,Towers with Radar,0,0,19,0,19,0,0,121,0,121,0,0,140,0,140,174,0,174,314
09/03/2006,ARR,IL,AGL,CE,Towers with Radar,0,0,10,0,10,0,0,94,0,94,0,0,104,0,104,195,0,195,299
09/04/2006,ARR,IL,AGL,CE,Towers with Radar,0,0,24,0,24,0,0,30,0,30,0,0,54,0,54,25,0,25,79
09/05/2006,ARR,IL,AGL,CE,Towers with Radar,0,0,22,1,23,0,0,55,0,55,0,0,77,1,78,129,0,129,207
09/06/2006,ARR,IL,AGL,CE,Towers with Radar,0,2,15,1,18,0,0,114,0,114,0,2,129,1,132,238,0,238,370
09/07/2006,ARR,IL,AGL,CE,Towers with Radar,0,5,20,2,27,0,0,102,0,102,0,5,122,2,129,139,0,139,268
09/08/2006,ARR,IL,AGL,CE,Towers with Radar,0,6,20,2,28,0,0,89,0,89,0,6,109,2,117,91,0,91,208
09/09/2006,ARR,IL,AGL,CE,Towers with Radar,0,5,21,2,28,0,0,63,1,64,0,5,84,3,92,140,6,146,238
09/10/2006,ARR,IL,AGL,CE,Towers with Radar,0,4,37,3,44,0,0,7,0,7,0,4,44,3,51,4,0,4,55
09/11/2006,ARR,IL,AGL,CE,Towers with Radar,0,1,11,2,14,0,0,0,0,0,0,1,11,2,14,2,0,2,16
09/12/2006,ARR,IL,AGL,CE,Towers with Radar,0,0,25,0,25,0,0,0,0,0,0,0,25,0,25,8,0,8,33
09/13/2006,ARR,IL,AGL,CE,Towers with Radar,0,0,25,0,25,0,0,0,0,0,0,0,25,0,25,8,0,8,33
09/14/2006,ARR,IL,AGL,CE,Towers with Radar,0,3,27,0,30,0,0,118,0,118,0,3,145,0,148,141,0,141,289
09/15/2006,ARR,IL,AGL,CE,Towers with Radar,0,2,43,0,45,0,0,105,4,109,0,2,148,4,154,200,0,200,354
09/16/2006,ARR,IL,AGL,CE,Towers with Radar,0,0,20,0,20,0,0,100,0,100,0,0,120,0,120,152,0,152,272
09/17/2006,ARR,IL,AGL,CE,Towers with Radar,0,1,11,0,12,0,0,40,0,40,0,1,51,0,52,103,0,103,155
09/18/2006,ARR,IL,AGL,CE,Towers with Radar,0,3,17,0,20,0,0,62,0,62,0,3,79,0,82,89,0,89,171
09/19/2006,ARR,IL,AGL,CE,Towers with Radar,0,1,17,0,18,0,0,30,2,32,0,1,47,2,50,69,8,77,127
09/20/2006,ARR,IL,AGL,CE,Towers with Radar,0,4,16,0,20,0,1,118,2,121,0,5,134,2,141,116,0,116,257
09/21/2006,ARR,IL,AGL,CE,Towers with Radar,0,10,18,0,28,0,0,75,0,75,0,10,93,0,103,110,0,110,213
09/22/2006,ARR,IL,AGL,CE,Towers with Radar,0,3,30,0,33,0,0,5,0,5,0,3,35,0,38,30,0,30,68
09/23/2006,ARR,IL,AGL,CE,Towers with Radar,0,2,32,0,34,0,0,0,0,0,0,2,32,0,34,6,0,6,40
09/24/2006,ARR,IL,AGL,CE,Towers with Radar,0,2,32,0,34,0,0,157,0,157,0,2,189,0,191,72,0,72,263
09/25/2006,ARR,IL,AGL,CE,Towers with Radar,0,2,21,1,24,0,0,108,0,108,0,2,129,1,132,147,0,147,279
09/26/2006,ARR,IL,AGL,CE,Towers with Radar,0,1,26,1,28,0,0,111,2,113,0,1,137,3,141,151,0,151,292
09/27/2006,ARR,IL,AGL,CE,Towers with Radar,0,3,21,0,24,0,0,50,0,50,0,3,71,0,74,102,0,102,176
09/28/2006,ARR,IL,AGL,CE,Towers with Radar,0,5,37,0,42,0,0,76,0,76,0,5,113,0,118,103,0,103,221
09/29/2006,ARR,IL,AGL,CE,Towers with Radar,0,2,38,0,40,0,0,70,0,70,0,2,108,0,110,99,0,99,209
09/30/2006,ARR,IL,AGL,CE,Towers with Radar,0,0,20,0,20,0,0,82,0,82,0,0,102,0,102,146,0,146,248
10/01/2006,ARR,IL,AGL,CE,Towers with Radar,0,1,35,1,37,0,0,145,0,145,0,1,180,1,182,100,0,100,282
10/02/2006,ARR,IL,AGL,CE,Towers with Radar,0,4,15,1,20,0,0,22,0,22,0,4,37,1,42,14,0,14,56
10/03/2006,ARR,IL,AGL,CE,Towers with Radar,0,3,34,0,37,0,0,90,1,91,0,3,124,1,128,81,0,81,209
10/04/2006,ARR,IL,AGL,CE,Towers with Radar,0,0,18,0,18,0,0,14,0,14,0,0,32,0,32,37,0,37,69
10/05/2006,ARR,IL,AGL,CE,Towers with Radar,0,4,35,0,39,0,0,101,0,101,0,4,136,0,140,108,0,108,248
10/06/2006,ARR,IL,AGL,CE,Towers with Radar,0,2,29,0,31,0,1,122,1,124,0,3,151,1,155,160,0,160,315
10/07/2006,ARR,IL,AGL,CE,Towers with Radar,0,0,31,0,31,0,0,139,0,139,0,0,170,0,170,161,0,161,331
10/08/2006,ARR,IL,AGL,CE,Towers with Radar,0,2,31,0,33,0,0,123,1,124,0,2,154,1,157,123,0,123,280
10/09/2006,ARR,IL,AGL,CE,Towers with Radar,0,4,21,1,26,0,1,102,0,103,0,5,123,1,129,47,0,47,176
10/10/2006,ARR,IL,AGL,CE,Towers with Radar,0,3,29,0,32,0,0,43,0,43,0,3,72,0,75,84,0,84,159
10/11/2006,ARR,IL,AGL,CE,Towers with Radar,0,2,22,0,24,0,0,3,0,3,0,2,25,0,27,0,0,0,27
10/12/2006,ARR,IL,AGL,CE,Towers with Radar,0,1,30,0,31,0,0,11,0,11,0,1,41,0,42,45,0,45,87
10/13/2006,ARR,IL,AGL,CE,Towers with Radar,0,1,23,2,26,0,0,35,0,35,0,1,58,2,61,10,0,10,71
10/14/2006,ARR,IL,AGL,CE,Towers with Radar,0,5,21,0,26,0,1,118,0,119,0,6,139,0,145,116,0,116,261
10/15/2006,ARR,IL,AGL,CE,Towers with Radar,0,0,15,1,16,0,0,121,0,121,0,0,136,1,137,150,0,150,287
10/16/2006,ARR,IL,AGL,CE,Towers with Radar,0,9,26,0,35,0,0,21,0,21,0,9,47,0,56,18,0,18,74
10/17/2006,ARR,IL,AGL,CE,Towers with Radar,0,2,29,0,31,0,0,13,2,15,0,2,42,2,46,26,4,30,76
10/18/2006,ARR,IL,AGL,CE,Towers with Radar,0,3,0,0,3,0,0,58,0,58,0,3,58,0,61,84,0,84,145
10/19/2006,ARR,IL,AGL,CE,Towers with Radar,0,3,35,0,38,0,0,48,2,50,0,3,83,2,88,129,10,139,227
10/20/2006,ARR,IL,AGL,CE,Towers with Radar,0,1,24,0,25,0,0,151,0,151,0,1,175,0,176,192,0,192,368
10/21/2006,ARR,IL,AGL,CE,Towers with Radar,0,0,24,0,24,0,0,86,0,86,0,0,110,0,110,202,0,202,312
10/22/2006,ARR,IL,AGL,CE,Towers with Radar,0,0,11,0,11,0,0,30,0,30,0,0,41,0,41,52,0,52,93
10/23/2006,ARR,IL,AGL,CE,Towers with Radar,0,2,21,0,23,0,0,60,0,60,0,2,81,0,83,64,0,64,147
10/24/2006,ARR,IL,AGL,CE,Towers with Radar,0,4,32,2,38,0,0,125,0,125,0,4,157,2,163,153,0,153,316
10/25/2006,ARR,IL,AGL,CE,Towers with Radar,0,1,27,0,28,0,0,172,2,174,0,1,199,2,202,166,0,166,368
10/26/2006,ARR,IL,AGL,CE,Towers with Radar,0,3,27,0,30,0,0,0,0,0,0,3,27,0,30,0,0,0,30
10/27/2006,ARR,IL,AGL,CE,Towers with Radar,0,2,57,0,59,0,0,3,0,3,0,2,60,0,62,14,0,14,76
10/28/2006,ARR,IL,AGL,CE,Towers with Radar,0,0,12,0,12,0,1,34,0,35,0,1,46,0,47,33,0,33,80
10/29/2006,ARR,IL,AGL,CE,Towers with Radar,0,0,23,0,23,0,0,301,0,301,0,0,324,0,324,192,0,192,516
10/30/2006,ARR,IL,AGL,CE,Towers with Radar,0,2,25,0,27,0,0,90,0,90,0,2,115,0,117,96,0,96,213
10/31/2006,ARR,IL,AGL,CE,Towers with Radar,0,4,21,0,25,0,0,72,0,72,0,4,93,0,97,85,0,85,182
11/01/2006,ARR,IL,AGL,CE,Towers with Radar,0,1,41,0,42,0,0,78,0,78,0,1,119,0,120,154,0,154,274
11/02/2006,ARR,IL,AGL,CE,Towers with Radar,0,0,14,0,14,0,0,50,0,50,0,0,64,0,64,58,0,58,122
11/03/2006,ARR,IL,AGL,CE,Towers with Radar,0,4,25,2,31,0,1,121,0,122,0,5,146,2,153,154,0,154,307
11/04/2006,ARR,IL,AGL,CE,Towers with Radar,0,3,15,0,18,0,0,78,0,78,0,3,93,0,96,93,0,93,189
11/05/2006,ARR,IL,AGL,CE,Towers with Radar,0,3,18,2,23,0,0,131,0,131,0,3,149,2,154,137,0,137,291
11/06/2006,ARR,IL,AGL,CE,Towers with Radar,0,2,26,0,28,0,0,45,0,45,0,2,71,0,73,55,0,55,128
11/07/2006,ARR,IL,AGL,CE,Towers with Radar,0,3,20,0,23,0,0,1,0,1,0,3,21,0,24,24,0,24,48
11/08/2006,ARR,IL,AGL,CE,Towers with Radar,0,5,21,2,28,0,0,69,0,69,0,5,90,2,97,106,0,106,203
11/09/2006,ARR,IL,AGL,CE,Towers with Radar,0,2,28,2,32,0,0,123,0,123,0,2,151,2,155,172,0,172,327
11/10/2006,ARR,IL,AGL,CE,Towers with Radar,0,3,20,0,23,0,0,14,0,14,0,3,34,0,37,6,0,6,43
11/11/2006,ARR,IL,AGL,CE,Towers with Radar,0,0,33,0,33,0,0,32,0,32,0,0,65,0,65,89,0,89,154
11/12/2006,ARR,IL,AGL,CE,Towers with Radar,0,1,23,0,24,0,0,89,0,89,0,1,112,0,113,115,0,115,228
11/13/2006,ARR,IL,AGL,CE,Towers with Radar,0,6,17,1,24,0,0,0,0,0,0,6,17,1,24,4,0,4,28
11/14/2006,ARR,IL,AGL,CE,Towers with Radar,0,0,26,0,26,0,0,22,2,24,0,0,48,2,50,97,12,109,159
11/15/2006,ARR,IL,AGL,CE,Towers with Radar,0,10,14,0,24,0,0,8,0,8,0,10,22,0,32,7,0,7,39
11/16/2006,ARR,IL,AGL,CE,Towers with Radar,0,1,15,0,16,0,1,18,0,19,0,2,33,0,35,48,0,48,83
11/17/2006,ARR,IL,AGL,CE,Towers with Radar,0,3,31,3,37,0,0,25,0,25,0,3,56,3,62,66,0,66,128
11/18/2006,ARR,IL,AGL,CE,Towers with Radar,0,2,35,0,37,0,1,48,0,49,0,3,83,0,86,107,0,107,193
11/19/2006,ARR,IL,AGL,CE,Towers with Radar,0,0,6,1,7,0,0,113,0,113,0,0,119,1,120,135,0,135,255
11/20/2006,ARR,IL,AGL,CE,Towers with Radar,0,2,26,0,28,0,0,115,0,115,0,2,141,0,143,174,0,174,317
11/21/2006,ARR,IL,AGL,CE,Towers with Radar,0,8,19,0,27,0,0,97,0,97,0,8,116,0,124,111,0,111,235
11/22/2006,ARR,IL,AGL,CE,Towers with Radar,0,2,21,2,25,0,0,147,0,147,0,2,168,2,172,150,0,150,322
11/23/2006,ARR,IL,AGL,CE,Towers with Radar,0,0,12,0,12,0,0,45,0,45,0,0,57,0,57,33,0,33,90
11/24/2006,ARR,IL,AGL,CE,Towers with Radar,0,1,14,0,15,0,0,166,0,166,0,1,180,0,181,174,0,174,355
11/25/2006,ARR,IL,AGL,CE,Towers with Radar,0,1,15,0,16,0,0,113,0,113,0,1,128,0,129,94,0,94,223
11/26/2006,ARR,IL,AGL,CE,Towers with Radar,0,7,45,0,52,0,1,69,0,70,0,8,114,0,122,116,0,116,238
11/27/2006,ARR,IL,AGL,CE,Towers with Radar,0,1,18,2,21,0,0,45,0,45,0,1,63,2,66,70,0,70,136
11/28/2006,ARR,IL,AGL,CE,Towers with Radar,0,0,14,0,14,0,0,14,0,14,0,0,28,0,28,20,0,20,48
11/29/2006,ARR,IL,AGL,CE,Towers with Radar,0,4,19,0,23,0,1,7,0,8,0,5,26,0,31,44,0,44,75
11/30/2006,ARR,IL,AGL,CE,Towers with Radar,0,0,10,0,10,0,0,9,0,9,0,0,19,0,19,2,0,2,21
12/01/2006,ARR,IL,AGL,CE,Towers with Radar,0,1,3,2,6,0,0,6,0,6,0,1,9,2,12,0,0,0,12
12/02/2006,ARR,IL,AGL,CE,Towers with Radar,0,0,17,1,18,0,0,48,0,48,0,0,65,1,66,45,0,45,111
12/03/2006,ARR,IL,AGL,CE,Towers with Radar,0,0,8,3,11,0,0,39,0,39,0,0,47,3,50,72,0,72,122
12/04/2006,ARR,IL,AGL,CE,Towers with Radar,0,3,25,0,28,0,0,22,0,22,0,3,47,0,50,6,0,6,56
12/05/2006,ARR,IL,AGL,CE,Towers with Radar,0,0,27,1,28,0,1,57,2,60,0,1,84,3,88,55,0,55,143
12/06/2006,ARR,IL,AGL,CE,Towers with Radar,0,4,22,0,26,0,0,41,4,45,0,4,63,4,71,65,6,71,142
12/07/2006,ARR,IL,AGL,CE,Towers with Radar,0,1,13,0,14,0,2,66,2,70,0,3,79,2,84,60,6,66,150
12/08/2006,ARR,IL,AGL,CE,Towers with Radar,0,1,24,0,25,0,0,37,0,37,0,1,61,0,62,56,0,56,118
12/09/2006,ARR,IL,AGL,CE,Towers with Radar,0,2,20,2,24,0,0,75,0,75,0,2,95,2,99,171,0,171,270
12/10/2006,ARR,IL,AGL,CE,Towers with Radar,0,1,12,0,13,0,1,72,0,73,0,2,84,0,86,113,0,113,199
12/11/2006,ARR,IL,AGL,CE,Towers with Radar,0,3,19,0,22,0,4,6,0,10,0,7,25,0,32,32,0,32,64
12/12/2006,ARR,IL,AGL,CE,Towers with Radar,0,2,4,1,7,0,0,0,0,0,0,2,4,1,7,0,0,0,7
12/13/2006,ARR,IL,AGL,CE,Towers with Radar,0,2,33,0,35,0,0,95,0,95,0,2,128,0,130,193,0,193,323
12/14/2006,ARR,IL,AGL,CE,Towers with Radar,0,2,19,2,23,0,0,71,0,71,0,2,90,2,94,78,0,78,172
12/15/2006,ARR,IL,AGL,CE,Towers with Radar,0,0,23,0,23,0,0,76,0,76,0,0,99,0,99,113,0,113,212
12/16/2006,ARR,IL,AGL,CE,Towers with Radar,0,0,32,0,32,0,0,33,0,33,0,0,65,0,65,73,0,73,138
12/17/2006,ARR,IL,AGL,CE,Towers with Radar,0,0,9,0,9,0,0,112,0,112,0,0,121,0,121,207,0,207,328
12/18/2006,ARR,IL,AGL,CE,Towers with Radar,0,2,22,0,24,0,0,84,0,84,0,2,106,0,108,108,0,108,216
12/19/2006,ARR,IL,AGL,CE,Towers with Radar,0,0,22,0,22,0,0,126,0,126,0,0,148,0,148,160,0,160,308
12/20/2006,ARR,IL,AGL,CE,Towers with Radar,0,4,25,2,31,0,0,66,2,68,0,4,91,4,99,85,0,85,184
12/21/2006,ARR,IL,AGL,CE,Towers with Radar,0,6,17,2,25,0,0,0,0,0,0,6,17,2,25,16,0,16,41
12/22/2006,ARR,IL,AGL,CE,Towers with Radar,0,3,23,0,26,0,0,5,0,5,0,3,28,0,31,13,0,13,44
12/23/2006,ARR,IL,AGL,CE,Towers with Radar,0,0,17,0,17,0,0,24,0,24,0,0,41,0,41,39,0,39,80
12/24/2006,ARR,IL,AGL,CE,Towers with Radar,0,1,12,0,13,0,0,11,0,11,0,1,23,0,24,19,0,19,43
12/25/2006,ARR,IL,AGL,CE,Towers with Radar,0,2,6,0,8,0,0,1,0,1,0,2,7,0,9,0,0,0,9
12/26/2006,ARR,IL,AGL,CE,Towers with Radar,0,4,11,0,15,0,0,66,0,66,0,4,77,0,81,72,0,72,153
12/27/2006,ARR,IL,AGL,CE,Towers with Radar,0,1,32,0,33,0,0,92,0,92,0,1,124,0,125,110,0,110,235
12/28/2006,ARR,IL,AGL,CE,Towers with Radar,0,4,20,5,29,0,0,115,2,117,0,4,135,7,146,160,2,162,308
12/29/2006,ARR,IL,AGL,CE,Towers with Radar,0,4,10,0,14,0,0,75,0,75,0,4,85,0,89,172,0,172,261
12/30/2006,ARR,IL,AGL,CE,Towers with Radar,0,0,37,2,39,0,0,1,0,1,0,0,38,2,40,2,0,2,42
12/31/2006,ARR,IL,AGL,CE,Towers with Radar,0,1,1,0,2,0,0,0,0,0,0,1,1,0,2,0,0,0,2
01/01/2007,ARR,IL,AGL,CE,Towers with Radar,0,0,6,2,8,0,0,42,0,42,0,0,48,2,50,65,0,65,115
01/02/2007,ARR,IL,AGL,CE,Towers with Radar,0,1,17,0,18,0,0,67,0,67,0,1,84,0,85,92,0,92,177
01/03/2007,ARR,IL,AGL,CE,Towers with Radar,0,0,25,0,25,0,0,101,0,101,0,0,126,0,126,98,0,98,224
01/04/2007,ARR,IL,AGL,CE,Towers with Radar,0,0,16,0,16,0,0,19,0,19,0,0,35,0,35,40,0,40,75
01/05/2007,ARR,IL,AGL,CE,Towers with Radar,0,1,37,2,40,0,0,12,0,12,0,1,49,2,52,95,0,95,147
01/06/2007,ARR,IL,AGL,CE,Towers with Radar,0,1,28,0,29,0,0,92,0,92,0,1,120,0,121,94,0,94,215
01/07/2007,ARR,IL,AGL,CE,Towers with Radar,0,0,17,2,19,0,0,13,0,13,0,0,30,2,32,70,0,70,102
01/08/2007,ARR,IL,AGL,CE,Towers with Radar,0,0,12,0,12,0,0,59,0,59,0,0,71,0,71,65,0,65,136
01/09/2007,ARR,IL,AGL,CE,Towers with Radar,0,2,19,0,21,0,0,44,0,44,0,2,63,0,65,42,0,42,107
01/10/2007,ARR,IL,AGL,CE,Towers with Radar,0,0,24,0,24,0,0,74,0,74,0,0,98,0,98,77,0,77,175
01/11/2007,ARR,IL,AGL,CE,Towers with Radar,0,1,16,0,17,0,0,36,2,38,0,1,52,2,55,28,11,39,94
01/12/2007,ARR,IL,AGL,CE,Towers with Radar,0,2,20,0,22,0,0,1,0,1,0,2,21,0,23,10,0,10,33
01/13/2007,ARR,IL,AGL,CE,Towers with Radar,0,2,14,0,16,0,0,16,0,16,0,2,30,0,32,103,0,103,135
01/14/2007,ARR,IL,AGL,CE,Towers with Radar,0,1,2,0,3,0,0,0,0,0,0,1,2,0,3,0,0,0,3
01/15/2007,ARR,IL,AGL,CE,Towers with Radar,0,1,11,0,12,0,0,0,0,0,0,1,11,0,12,6,0,6,18
01/16/2007,ARR,IL,AGL,CE,Towers with Radar,0,0,16,0,16,0,0,78,2,80,0,0,94,2,96,72,8,80,176
01/17/2007,ARR,IL,AGL,CE,Towers with Radar,0,1,29,0,30,0,0,29,6,35,0,1,58,6,65,20,0,20,85
01/18/2007,ARR,IL,AGL,CE,Towers with Radar,0,3,12,0,15,0,0,5,0,5,0,3,17,0,20,2,0,2,22
01/19/2007,ARR,IL,AGL,CE,Towers with Radar,0,1,12,0,13,0,0,106,0,106,0,1,118,0,119,169,0,169,288
01/20/2007,ARR,IL,AGL,CE,Towers with Radar,0,1,12,0,13,0,0,182,0,182,0,1,194,0,195,293,0,293,488
01/21/2007,ARR,IL,AGL,CE,Towers with Radar,0,1,9,0,10,0,0,0,0,0,0,1,9,0,10,0,0,0,10
01/22/2007,ARR,IL,AGL,CE,Towers with Radar,0,2,8,0,10,0,0,6,0,6,0,2,14,0,16,32,0,32,48
01/23/2007,ARR,IL,AGL,CE,Towers with Radar,0,0,22,0,22,0,0,31,0,31,0,0,53,0,53,33,0,33,86
01/24/2007,ARR,IL,AGL,CE,Towers with Radar,0,4,26,0,30,0,0,36,0,36,0,4,62,0,66,59,0,59,125
01/25/2007,ARR,IL,AGL,CE,Towers with Radar,0,2,21,0,23,0,0,94,0,94,0,2,115,0,117,126,0,126,243
01/26/2007,ARR,IL,AGL,CE,Towers with Radar,0,1,20,0,21,0,0,40,0,40,0,1,60,0,61,81,0,81,142
01/27/2007,ARR,IL,AGL,CE,Towers with Radar,0,0,6,0,6,0,0,58,0,58,0,0,64,0,64,114,0,114,178
01/28/2007,ARR,IL,AGL,CE,Towers with Radar,0,1,10,0,11,0,0,8,0,8,0,1,18,0,19,24,0,24,43
01/29/2007,ARR,IL,AGL,CE,Towers with Radar,0,0,10,0,10,0,0,32,0,32,0,0,42,0,42,35,0,35,77
01/30/2007,ARR,IL,AGL,CE,Towers with Radar,0,5,20,0,25,0,0,30,0,30,0,5,50,0,55,25,0,25,80
01/31/2007,ARR,IL,AGL,CE,Towers with Radar,0,0,21,0,21,0,2,67,0,69,0,2,88,0,90,58,0,58,148
02/01/2007,ARR,IL,AGL,CE,Towers with Radar,0,3,25,0,28,0,0,63,0,63,0,3,88,0,91,80,0,80,171
02/02/2007,ARR,IL,AGL,CE,Towers with Radar,0,0,14,2,16,0,0,18,1,19,0,0,32,3,35,22,0,22,57
02/03/2007,ARR,IL,AGL,CE,Towers with Radar,0,2,14,0,16,0,0,3,0,3,0,2,17,0,19,4,0,4,23
02/04/2007,ARR,IL,AGL,CE,Towers with Radar,0,1,18,2,21,0,0,0,0,0,0,1,18,2,21,13,0,13,34
02/05/2007,ARR,IL,AGL,CE,Towers with Radar,0,2,13,0,15,0,0,22,0,22,0,2,35,0,37,32,0,32,69
02/06/2007,ARR,IL,AGL,CE,Towers with Radar,0,2,4,0,6,0,0,7,0,7,0,2,11,0,13,2,0,2,15
02/07/2007,ARR,IL,AGL,CE,Towers with Radar,0,1,16,0,17,0,0,37,0,37,0,1,53,0,54,45,0,45,99
02/08/2007,ARR,IL,AGL,CE,Towers with Radar,0,1,26,0,27,0,0,36,2,38,0,1,62,2,65,28,12,40,105
02/09/2007,ARR,IL,AGL,CE,Towers with Radar,0,1,10,0,11,0,0,72,0,72,0,1,82,0,83,56,0,56,139
02/10/2007,ARR,IL,AGL,CE,Towers with Radar,0,1,19,0,20,0,0,86,0,86,0,1,105,0,106,155,0,155,261
02/11/2007,ARR,IL,AGL,CE,Towers with Radar,0,0,14,0,14,0,0,33,0,33,0,0,47,0,47,90,0,90,137
02/12/2007,ARR,IL,AGL,CE,Towers with Radar,0,3,11,0,14,0,0,4,0,4,0,3,15,0,18,0,0,0,18
02/13/2007,ARR,IL,AGL,CE,Towers with Radar,0,0,3,0,3,0,0,0,0,0,0,0,3,0,3,0,0,0,3
02/14/2007,ARR,IL,AGL,CE,Towers with Radar,0,4,15,0,19,0,0,32,0,32,0,4,47,0,51,83,0,83,134
02/15/2007,ARR,IL,AGL,CE,Towers with Radar,0,2,17,0,19,0,0,62,0,62,0,2,79,0,81,63,0,63,144
02/16/2007,ARR,IL,AGL,CE,Towers with Radar,0,4,22,0,26,0,0,45,0,45,0,4,67,0,71,68,0,68,139
02/17/2007,ARR,IL,AGL,CE,Towers with Radar,0,0,6,0,6,0,0,20,0,20,0,0,26,0,26,47,0,47,73
02/18/2007,ARR,IL,AGL,CE,Towers with Radar,0,1,12,0,13,0,0,100,0,100,0,1,112,0,113,235,0,235,348
02/19/2007,ARR,IL,AGL,CE,Towers with Radar,0,2,8,0,10,0,0,44,0,44,0,2,52,0,54,24,0,24,78
02/20/2007,ARR,IL,AGL,CE,Towers with Radar,0,2,21,0,23,0,0,60,0,60,0,2,81,0,83,154,0,154,237
02/21/2007,ARR,IL,AGL,CE,Towers with Radar,0,2,15,0,17,0,0,66,0,66,0,2,81,0,83,56,0,56,139
02/22/2007,ARR,IL,AGL,CE,Towers with Radar,0,4,16,0,20,0,0,90,2,92,0,4,106,2,112,62,7,69,181
02/23/2007,ARR,IL,AGL,CE,Towers with Radar,0,5,18,0,23,0,0,86,0,86,0,5,104,0,109,108,0,108,217
02/24/2007,ARR,IL,AGL,CE,Towers with Radar,0,2,5,0,7,0,0,22,0,22,0,2,27,0,29,74,0,74,103
02/25/2007,ARR,IL,AGL,CE,Towers with Radar,0,2,5,0,7,0,0,0,0,0,0,2,5,0,7,4,0,4,11
02/26/2007,ARR,IL,AGL,CE,Towers with Radar,0,2,16,0,18,0,0,1,0,1,0,2,17,0,19,2,0,2,21
02/27/2007,ARR,IL,AGL,CE,Towers with Radar,0,2,11,0,13,0,0,28,0,28,0,2,39,0,41,38,0,38,79
02/28/2007,ARR,IL,AGL,CE,Towers with Radar,0,1,22,0,23,0,0,20,0,20,0,1,42,0,43,22,0,22,65
03/01/2007,ARR,IL,AGL,CE,Towers with Radar,0,3,12,0,15,0,0,1,0,1,0,3,13,0,16,0,0,0,16
03/02/2007,ARR,IL,AGL,CE,Towers with Radar,0,2,9,2,13,0,0,0,0,0,0,2,9,2,13,0,0,0,13
03/03/2007,ARR,IL,AGL,CE,Towers with Radar,0,1,14,0,15,0,0,10,0,10,0,1,24,0,25,12,0,12,37
03/04/2007,ARR,IL,AGL,CE,Towers with Radar,0,1,21,2,24,0,0,169,0,169,0,1,190,2,193,191,0,191,384
03/05/2007,ARR,IL,AGL,CE,Towers with Radar,0,3,19,0,22,0,0,76,0,76,0,3,95,0,98,108,0,108,206
03/06/2007,ARR,IL,AGL,CE,Towers with Radar,0,0,16,0,16,0,0,59,0,59,0,0,75,0,75,63,0,63,138
03/07/2007,ARR,IL,AGL,CE,Towers with Radar,0,2,16,0,18,0,0,26,0,26,0,2,42,0,44,44,0,44,88
03/08/2007,ARR,IL,AGL,CE,Towers with Radar,0,0,21,0,21,0,0,93,0,93,0,0,114,0,114,93,0,93,207
03/09/2007,ARR,IL,AGL,CE,Towers with Radar,0,0,19,0,19,0,0,74,0,74,0,0,93,0,93,68,0,68,161
03/10/2007,ARR,IL,AGL,CE,Towers with Radar,0,3,15,0,18,0,0,168,0,168,0,3,183,0,186,220,0,220,406
03/11/2007,ARR,IL,AGL,CE,Towers with Radar,0,0,15,0,15,0,0,198,0,198,0,0,213,0,213,207,0,207,420
03/12/2007,ARR,IL,AGL,CE,Towers with Radar,0,2,42,0,44,0,0,62,0,62,0,2,104,0,106,81,0,81,187
03/13/2007,ARR,IL,AGL,CE,Towers with Radar,0,0,24,0,24,0,0,62,0,62,0,0,86,0,86,67,0,67,153
03/14/2007,ARR,IL,AGL,CE,Towers with Radar,0,1,38,0,39,0,0,27,0,27,0,1,65,0,66,74,0,74,140
03/15/2007,ARR,IL,AGL,CE,Towers with Radar,0,0,14,1,15,0,0,61,1,62,0,0,75,2,77,72,2,74,151
03/16/2007,ARR,IL,AGL,CE,Towers with Radar,0,0,92,0,92,0,0,0,0,0,0,0,92,0,92,19,0,19,111
03/17/2007,ARR,IL,AGL,CE,Towers with Radar,0,0,15,0,15,0,0,145,0,145,0,0,160,0,160,182,0,182,342
03/18/2007,ARR,IL,AGL,CE,Towers with Radar,0,1,25,0,26,0,0,146,0,146,0,1,171,0,172,215,0,215,387
03/19/2007,ARR,IL,AGL,CE,Towers with Radar,0,7,24,0,31,0,0,76,0,76,0,7,100,0,107,82,0,82,189
03/20/2007,ARR,IL,AGL,CE,Towers with Radar,0,0,22,0,22,0,0,93,2,95,0,0,115,2,117,174,6,180,297
03/21/2007,ARR,IL,AGL,CE,Towers with Radar,0,0,10,0,10,0,0,12,0,12,0,0,22,0,22,52,0,52,74
03/22/2007,ARR,IL,AGL,CE,Towers with Radar,0,1,27,3,31,0,0,49,1,50,0,1,76,4,81,118,2,120,201
03/23/2007,ARR,IL,AGL,CE,Towers with Radar,0,0,37,0,37,0,0,3,0,3,0,0,40,0,40,14,0,14,54
03/24/2007,ARR,IL,AGL,CE,Towers with Radar,0,2,17,0,19,0,0,1,0,1,0,2,18,0,20,2,0,2,22
03/25/2007,ARR,IL,AGL,CE,Towers with Radar,0,4,30,0,34,0,0,71,0,71,0,4,101,0,105,192,0,192,297
03/26/2007,ARR,IL,AGL,CE,Towers with Radar,0,3,12,0,15,0,0,72,0,72,0,3,84,0,87,62,0,62,149
03/27/2007,ARR,IL,AGL,CE,Towers with Radar,0,0,20,0,20,0,0,51,0,51,0,0,71,0,71,64,0,64,135
03/28/2007,ARR,IL,AGL,CE,Towers with Radar,0,2,33,0,35,0,0,0,0,0,0,2,33,0,35,0,0,0,35
03/29/2007,ARR,IL,AGL,CE,Towers with Radar,0,7,13,0,20,0,0,70,0,70,0,7,83,0,90,74,0,74,164
03/30/2007,ARR,IL,AGL,CE,Towers with Radar,0,2,15,0,17,0,0,64,2,66,0,2,79,2,83,77,6,83,166
03/31/2007,ARR,IL,AGL,CE,Towers with Radar,0,0,22,0,22,0,0,38,0,38,0,0,60,0,60,100,0,100,160
04/01/2007,ARR,IL,AGL,CE,Towers with Radar,0,0,20,0,20,0,0,43,0,43,0,0,63,0,63,32,0,32,95
04/02/2007,ARR,IL,AGL,CE,Towers with Radar,0,3,19,0,22,0,0,106,1,107,0,3,125,1,129,150,0,150,279
04/03/2007,ARR,IL,AGL,CE,Towers with Radar,0,1,16,0,17,0,0,25,0,25,0,1,41,0,42,50,0,50,92
04/04/2007,ARR,IL,AGL,CE,Towers with Radar,0,2,18,0,20,0,0,13,0,13,0,2,31,0,33,20,0,20,53
04/05/2007,ARR,IL,AGL,CE,Towers with Radar,0,4,18,0,22,0,0,40,0,40,0,4,58,0,62,15,0,15,77
04/06/2007,ARR,IL,AGL,CE,Towers with Radar,0,0,23,0,23,0,0,81,0,81,0,0,104,0,104,97,0,97,201
04/07/2007,ARR,IL,AGL,CE,Towers with Radar,0,2,13,0,15,0,0,66,0,66,0,2,79,0,81,161,0,161,242
04/08/2007,ARR,IL,AGL,CE,Towers with Radar,0,1,11,0,12,0,0,52,0,52,0,1,63,0,64,76,0,76,140
04/09/2007,ARR,IL,AGL,CE,Towers with Radar,0,6,17,0,23,0,0,85,0,85,0,6,102,0,108,86,0,86,194
04/10/2007,ARR,IL,AGL,CE,Towers with Radar,0,0,20,0,20,0,0,108,0,108,0,0,128,0,128,143,0,143,271
04/11/2007,ARR,IL,AGL,CE,Towers with Radar,0,3,11,0,14,0,0,0,0,0,0,3,11,0,14,4,0,4,18
04/12/2007,ARR,IL,AGL,CE,Towers with Radar,0,2,14,0,16,0,0,20,0,20,0,2,34,0,36,47,0,47,83
04/13/2007,ARR,IL,AGL,CE,Towers with Radar,0,3,28,2,33,0,0,172,0,172,0,3,200,2,205,264,0,264,469
04/14/2007,ARR,IL,AGL,CE,Towers with Radar,0,0,9,0,9,0,0,114,0,114,0,0,123,0,123,194,0,194,317
04/15/2007,ARR,IL,AGL,CE,Towers with Radar,0,0,16,3,19,0,0,160,1,161,0,0,176,4,180,229,4,233,413
04/16/2007,ARR,IL,AGL,CE,Towers with Radar,0,2,28,0,30,0,0,84,0,84,0,2,112,0,114,72,0,72,186
04/17/2007,ARR,IL,AGL,CE,Towers with Radar,0,0,20,0,20,0,0,96,0,96,0,0,116,0,116,81,0,81,197
04/18/2007,ARR,IL,AGL,CE,Towers with Radar,0,1,26,0,27,0,0,31,4,35,0,1,57,4,62,45,24,69,131
04/19/2007,ARR,IL,AGL,CE,Towers with Radar,0,2,42,0,44,0,0,73,0,73,0,2,115,0,117,106,0,106,223
04/20/2007,ARR,IL,AGL,CE,Towers with Radar,0,1,34,0,35,0,0,134,0,134,0,1,168,0,169,106,0,106,275
04/21/2007,ARR,IL,AGL,CE,Towers with Radar,0,3,18,0,21,0,0,165,0,165,0,3,183,0,186,186,0,186,372
04/22/2007,ARR,IL,AGL,CE,Towers with Radar,0,0,15,0,15,0,0,111,0,111,0,0,126,0,126,125,0,125,251
04/23/2007,ARR,IL,AGL,CE,Towers with Radar,0,3,20,0,23,0,1,26,0,27,0,4,46,0,50,21,0,21,71
04/24/2007,ARR,IL,AGL,CE,Towers with Radar,0,0,11,1,12,0,0,98,3,101,0,0,109,4,113,122,4,126,239
04/25/2007,ARR,IL,AGL,CE,Towers with Radar,0,4,14,0,18,0,0,2,0,2,0,4,16,0,20,4,0,4,24
04/26/2007,ARR,IL,AGL,CE,Towers with Radar,0,0,11,0,11,0,0,1,0,1,0,0,12,0,12,6,0,6,18
04/27/2007,ARR,IL,AGL,CE,Towers with Radar,0,4,26,0,30,0,0,30,0,30,0,4,56,0,60,39,0,39,99
04/28/2007,ARR,IL,AGL,CE,Towers with Radar,0,1,22,0,23,0,0,120,0,120,0,1,142,0,143,167,0,167,310
04/29/2007,ARR,IL,AGL,CE,Towers with Radar,0,1,15,0,16,0,0,151,0,151,0,1,166,0,167,253,0,253,420
04/30/2007,ARR,IL,AGL,CE,Towers with Radar,0,2,19,0,21,0,0,117,0,117,0,2,136,0,138,125,0,125,263
05/01/2007,ARR,IL,AGL,CE,Towers with Radar,0,0,11,0,11,0,0,68,0,68,0,0,79,0,79,131,0,131,210
05/02/2007,ARR,IL,AGL,CE,Towers with Radar,0,2,29,0,31,0,1,84,2,87,0,3,113,2,118,73,17,90,208
05/03/2007,ARR,IL,AGL,CE,Towers with Radar,0,5,31,0,36,0,0,60,0,60,0,5,91,0,96,102,0,102,198
05/04/2007,ARR,IL,AGL,CE,Towers with Radar,0,1,21,0,22,0,0,64,0,64,0,1,85,0,86,57,0,57,143
05/05/2007,ARR,IL,AGL,CE,Towers with Radar,0,0,33,0,33,0,0,92,0,92,0,0,125,0,125,201,0,201,326
05/06/2007,ARR,IL,AGL,CE,Towers with Radar,0,2,34,0,36,0,0,81,0,81,0,2,115,0,117,98,0,98,215
05/07/2007,ARR,IL,AGL,CE,Towers with Radar,0,0,29,0,29,0,0,82,0,82,0,0,111,0,111,78,0,78,189
05/08/2007,ARR,IL,AGL,CE,Towers with Radar,0,0,18,0,18,0,0,73,0,73,0,0,91,0,91,165,0,165,256
05/09/2007,ARR,IL,AGL,CE,Towers with Radar,0,5,29,0,34,0,0,90,0,90,0,5,119,0,124,118,0,118,242
05/10/2007,ARR,IL,AGL,CE,Towers with Radar,0,1,35,0,36,0,0,81,0,81,0,1,116,0,117,95,0,95,212
05/11/2007,ARR,IL,AGL,CE,Towers with Radar,0,4,16,0,20,0,1,111,0,112,0,5,127,0,132,94,0,94,226
05/12/2007,ARR,IL,AGL,CE,Towers with Radar,0,1,20,0,21,0,0,119,0,119,0,1,139,0,140,114,0,114,254
05/13/2007,ARR,IL,AGL,CE,Towers with Radar,0,0,21,0,21,0,0,68,0,68,0,0,89,0,89,121,0,121,210
05/14/2007,ARR,IL,AGL,CE,Towers with Radar,0,1,20,2,23,0,0,56,0,56,0,1,76,2,79,29,0,29,108
05/15/2007,ARR,IL,AGL,CE,Towers with Radar,0,6,22,0,28,0,0,17,0,17,0,6,39,0,45,74,0,74,119
05/16/2007,ARR,IL,AGL,CE,Towers with Radar,0,3,18,0,21,0,0,87,0,87,0,3,105,0,108,109,0,109,217
05/17/2007,ARR,IL,AGL,CE,Towers with Radar,0,2,18,2,22,0,0,103,3,106,0,2,121,5,128,68,16,84,212
05/18/2007,ARR,IL,AGL,CE,Towers with Radar,0,2,20,0,22,0,0,150,0,150,0,2,170,0,172,160,0,160,332
05/19/2007,ARR,IL,AGL,CE,Towers with Radar,0,6,44,0,50,0,0,143,4,147,0,6,187,4,197,169,3,172,369
05/20/2007,ARR,IL,AGL,CE,Towers with Radar,0,3,18,2,23,0,0,128,0,128,0,3,146,2,151,110,0,110,261
05/21/2007,ARR,IL,AGL,CE,Towers with Radar,0,3,19,0,22,0,0,70,0,70,0,3,89,0,92,66,0,66,158
05/22/2007,ARR,IL,AGL,CE,Towers with Radar,0,5,29,0,34,0,0,58,0,58,0,5,87,0,92,110,0,110,202
05/23/2007,ARR,IL,AGL,CE,Towers with Radar,0,0,25,0,25,0,0,74,6,80,0,0,99,6,105,64,0,64,169
05/24/2007,ARR,IL,AGL,CE,Towers with Radar,0,2,10,0,12,0,0,27,0,27,0,2,37,0,39,4,0,4,43
05/25/2007,ARR,IL,AGL,CE,Towers with Radar,0,0,29,0,29,0,0,104,0,104,0,0,133,0,133,88,0,88,221
05/26/2007,ARR,IL,AGL,CE,Towers with Radar,0,1,14,0,15,0,0,7,0,7,0,1,21,0,22,10,0,10,32
05/27/2007,ARR,IL,AGL,CE,Towers with Radar,0,0,18,0,18,0,0,94,0,94,0,0,112,0,112,113,0,113,225
05/28/2007,ARR,IL,AGL,CE,Towers with Radar,0,0,21,0,21,0,1,125,0,126,0,1,146,0,147,124,0,124,271
05/29/2007,ARR,IL,AGL,CE,Towers with Radar,0,1,21,0,22,0,0,81,0,81,0,1,102,0,103,87,0,87,190
05/30/2007,ARR,IL,AGL,CE,Towers with Radar,0,3,24,0,27,0,0,53,4,57,0,3,77,4,84,86,19,105,189
05/31/2007,ARR,IL,AGL,CE,Towers with Radar,0,0,15,0,15,0,0,44,0,44,0,0,59,0,59,123,0,123,182
06/01/2007,ARR,IL,AGL,CE,Towers with Radar,0,2,37,2,41,0,0,36,0,36,0,2,73,2,77,52,0,52,129
06/02/2007,ARR,IL,AGL,CE,Towers with Radar,0,3,19,0,22,0,0,84,5,89,0,3,103,5,111,167,5,172,283
06/03/2007,ARR,IL,AGL,CE,Towers with Radar,0,2,5,2,9,0,0,72,0,72,0,2,77,2,81,76,0,76,157
06/04/2007,ARR,IL,AGL,CE,Towers with Radar,0,5,13,0,18,0,0,3,2,5,0,5,16,2,23,2,0,2,25
06/05/2007,ARR,IL,AGL,CE,Towers with Radar,0,2,19,0,21,0,0,66,0,66,0,2,85,0,87,79,0,79,166
06/06/2007,ARR,IL,AGL,CE,Towers with Radar,0,1,27,0,28,0,0,89,0,89,0,1,116,0,117,102,0,102,219
06/07/2007,ARR,IL,AGL,CE,Towers with Radar,0,4,15,0,19,0,1,10,0,11,0,5,25,0,30,30,0,30,60
06/08/2007,ARR,IL,AGL,CE,Towers with Radar,0,1,26,1,28,0,1,92,3,96,0,2,118,4,124,88,2,90,214
06/09/2007,ARR,IL,AGL,CE,Towers with Radar,0,2,22,0,24,0,0,270,0,270,0,2,292,0,294,190,0,190,484
06/10/2007,ARR,IL,AGL,CE,Towers with Radar,0,0,29,0,29,0,0,183,2,185,0,0,212,2,214,138,0,138,352
06/11/2007,ARR,IL,AGL,CE,Towers with Radar,0,2,23,0,25,0,0,84,0,84,0,2,107,0,109,54,0,54,163
06/12/2007,ARR,IL,AGL,CE,Towers with Radar,0,3,21,1,25,0,0,91,2,93,0,3,112,3,118,91,7,98,216
06/13/2007,ARR,IL,AGL,CE,Towers with Radar,0,3,22,0,25,0,0,141,0,141,0,3,163,0,166,124,0,124,290
06/14/2007,ARR,IL,AGL,CE,Towers with Radar,0,3,34,0,37,0,0,86,0,86,0,3,120,0,123,117,0,117,240
06/15/2007,ARR,IL,AGL,CE,Towers with Radar,0,2,37,0,39,0,0,80,0,80,0,2,117,0,119,110,0,110,229
06/16/2007,ARR,IL,AGL,CE,Towers with Radar,0,1,22,0,23,0,0,106,0,106,0,1,128,0,129,120,0,120,249
06/17/2007,ARR,IL,AGL,CE,Towers with Radar,0,4,23,0,27,0,0,92,0,92,0,4,115,0,119,63,0,63,182
06/18/2007,ARR,IL,AGL,CE,Towers with Radar,0,3,13,0,16,0,2,19,0,21,0,5,32,0,37,36,0,36,73
06/19/2007,ARR,IL,AGL,CE,Towers with Radar,0,1,40,2,43,0,0,72,3,75,0,1,112,5,118,73,10,83,201
06/20/2007,ARR,IL,AGL,CE,Towers with Radar,0,2,22,0,24,0,0,122,2,124,0,2,144,2,148,134,4,138,286
06/21/2007,ARR,IL,AGL,CE,Towers with Radar,0,1,21,1,23,0,0,95,1,96,0,1,116,2,119,119,2,121,240
06/22/2007,ARR,IL,AGL,CE,Towers with Radar,0,1,18,0,19,0,0,87,0,87,0,1,105,0,106,69,0,69,175
06/23/2007,ARR,IL,AGL,CE,Towers with Radar,0,2,37,0,39,0,0,12,0,12,0,2,49,0,51,0,0,0,51
06/24/2007,ARR,IL,AGL,CE,Towers with Radar,0,0,23,0,23,0,0,130,0,130,0,0,153,0,153,111,0,111,264
06/25/2007,ARR,IL,AGL,CE,Towers with Radar,0,2,31,0,33,0,0,52,0,52,0,2,83,0,85,70,0,70,155
06/26/2007,ARR,IL,AGL,CE,Towers with Radar,0,2,31,0,33,0,0,31,0,31,0,2,62,0,64,68,0,68,132
06/27/2007,ARR,IL,AGL,CE,Towers with Radar,0,5,24,0,29,0,0,28,0,28,0,5,52,0,57,31,0,31,88
06/28/2007,ARR,IL,AGL,CE,Towers with Radar,0,3,37,0,40,0,0,71,0,71,0,3,108,0,111,101,0,101,212
06/29/2007,ARR,IL,AGL,CE,Towers with Radar,0,3,29,0,32,0,0,66,0,66,0,3,95,0,98,114,0,114,212
06/30/2007,ARR,IL,AGL,CE,Towers with Radar,0,2,19,0,21,0,0,169,0,169,0,2,188,0,190,211,0,211,401
07/01/2007,ARR,IL,AGL,CE,Towers with Radar,0,0,19,0,19,0,0,126,0,126,0,0,145,0,145,176,0,176,321
07/02/2007,ARR,IL,AGL,CE,Towers with Radar,0,0,15,0,15,0,0,90,2,92,0,0,105,2,107,142,0,142,249
07/03/2007,ARR,IL,AGL,CE,Towers with Radar,0,2,13,0,15,0,0,102,2,104,0,2,115,2,119,124,9,133,252
07/04/2007,ARR,IL,AGL,CE,Towers with Radar,0,0,9,0,9,0,0,33,0,33,0,0,42,0,42,56,0,56,98
07/05/2007,ARR,IL,AGL,CE,Towers with Radar,0,0,22,0,22,0,0,94,0,94,0,0,116,0,116,94,0,94,210
07/06/2007,ARR,IL,AGL,CE,Towers with Radar,0,3,32,0,35,0,0,158,0,158,0,3,190,0,193,233,0,233,426
07/07/2007,ARR,IL,AGL,CE,Towers with Radar,0,1,10,0,11,0,0,117,0,117,0,1,127,0,128,186,0,186,314
07/08/2007,ARR,IL,AGL,CE,Towers with Radar,0,2,23,0,25,0,0,78,0,78,0,2,101,0,103,118,0,118,221
07/09/2007,ARR,IL,AGL,CE,Towers with Radar,0,1,26,0,27,0,0,49,0,49,0,1,75,0,76,96,0,96,172
07/10/2007,ARR,IL,AGL,CE,Towers with Radar,0,0,27,0,27,0,0,33,0,33,0,0,60,0,60,83,0,83,143
07/11/2007,ARR,IL,AGL,CE,Towers with Radar,0,1,27,0,28,0,0,104,2,106,0,1,131,2,134,170,2,172,306
07/12/2007,ARR,IL,AGL,CE,Towers with Radar,0,2,29,0,31,0,0,101,0,101,0,2,130,0,132,106,0,106,238
07/13/2007,ARR,IL,AGL,CE,Towers with Radar,0,2,35,0,37,0,0,137,0,137,0,2,172,0,174,197,0,197,371
07/14/2007,ARR,IL,AGL,CE,Towers with Radar,0,0,15,0,15,0,0,96,0,96,0,0,111,0,111,138,0,138,249
07/15/2007,ARR,IL,AGL,CE,Towers with Radar,0,2,23,0,25,0,0,181,0,181,0,2,204,0,206,211,0,211,417
07/16/2007,ARR,IL,AGL,CE,Towers with Radar,0,2,15,0,17,0,0,78,0,78,0,2,93,0,95,198,0,198,293
07/17/2007,ARR,IL,AGL,CE,Towers with Radar,0,1,17,0,18,0,0,54,0,54,0,1,71,0,72,86,0,86,158
07/18/2007,ARR,IL,AGL,CE,Towers with Radar,0,1,38,0,39,0,0,41,9,50,0,1,79,9,89,167,8,175,264
07/19/2007,ARR,IL,AGL,CE,Towers with Radar,0,2,36,0,38,0,0,47,0,47,0,2,83,0,85,52,0,52,137
07/20/2007,ARR,IL,AGL,CE,Towers with Radar,0,4,41,0,45,0,0,106,3,109,0,4,147,3,154,125,0,125,279
07/21/2007,ARR,IL,AGL,CE,Towers with Radar,0,3,23,1,27,0,0,155,0,155,0,3,178,1,182,60,0,60,242
07/22/2007,ARR,IL,AGL,CE,Towers with Radar,0,4,37,0,41,0,0,126,0,126,0,4,163,0,167,147,0,147,314
07/23/2007,ARR,IL,AGL,CE,Towers with Radar,0,3,31,0,34,0,0,126,0,126,0,3,157,0,160,200,0,200,360
07/24/2007,ARR,IL,AGL,CE,Towers with Radar,0,6,24,0,30,0,0,104,0,104,0,6,128,0,134,163,0,163,297
07/25/2007,ARR,IL,AGL,CE,Towers with Radar,0,1,35,2,38,0,0,113,0,113,0,1,148,2,151,138,6,144,295
07/26/2007,ARR,IL,AGL,CE,Towers with Radar,0,10,44,0,54,0,3,7,0,10,0,13,51,0,64,12,0,12,76
07/27/2007,ARR,IL,AGL,CE,Towers with Radar,0,2,35,0,37,0,0,33,0,33,0,2,68,0,70,20,0,20,90
07/28/2007,ARR,IL,AGL,CE,Towers with Radar,0,3,69,0,72,0,0,27,0,27,0,3,96,0,99,50,0,50,149
07/29/2007,ARR,IL,AGL,CE,Towers with Radar,0,1,41,0,42,0,0,167,0,167,0,1,208,0,209,225,0,225,434
07/30/2007,ARR,IL,AGL,CE,Towers with Radar,0,2,27,0,29,0,0,115,0,115,0,2,142,0,144,160,0,160,304
07/31/2007,ARR,IL,AGL,CE,Towers with Radar,0,4,38,0,42,0,0,105,0,105,0,4,143,0,147,144,0,144,291
08/01/2007,ARR,IL,AGL,CE,Towers with Radar,0,2,40,0,42,0,0,103,0,103,0,2,143,0,145,154,0,154,299
08/02/2007,ARR,IL,AGL,CE,Towers with Radar,0,0,43,0,43,0,0,89,0,89,0,0,132,0,132,90,0,90,222
08/03/2007,ARR,IL,AGL,CE,Towers with Radar,0,3,30,2,35,0,0,111,0,111,0,3,141,2,146,130,0,130,276
08/04/2007,ARR,IL,AGL,CE,Towers with Radar,0,2,21,2,25,0,0,100,4,104,0,2,121,6,129,106,0,106,235
08/05/2007,ARR,IL,AGL,CE,Towers with Radar,0,2,26,2,30,0,0,17,0,17,0,2,43,2,47,0,0,0,47
08/06/2007,ARR,IL,AGL,CE,Towers with Radar,0,0,30,0,30,0,0,24,0,24,0,0,54,0,54,20,0,20,74
08/07/2007,ARR,IL,AGL,CE,Towers with Radar,0,3,30,0,33,0,0,74,0,74,0,3,104,0,107,102,0,102,209
08/08/2007,ARR,IL,AGL,CE,Towers with Radar,0,5,33,0,38,0,0,35,0,35,0,5,68,0,73,44,0,44,117
08/09/2007,ARR,IL,AGL,CE,Towers with Radar,0,2,32,0,34,0,0,50,0,50,0,2,82,0,84,54,0,54,138
08/10/2007,ARR,IL,AGL,CE,Towers with Radar,0,4,42,0,46,0,0,150,0,150,0,4,192,0,196,228,0,228,424
08/11/2007,ARR,IL,AGL,CE,Towers with Radar,0,1,32,0,33,0,0,142,0,142,0,1,174,0,175,169,0,169,344
08/12/2007,ARR,IL,AGL,CE,Towers with Radar,0,0,31,0,31,0,0,117,0,117,0,0,148,0,148,98,0,98,246
08/13/2007,ARR,IL,AGL,CE,Towers with Radar,0,5,28,1,34,0,0,89,2,91,0,5,117,3,125,117,5,122,247
08/14/2007,ARR,IL,AGL,CE,Towers with Radar,0,2,25,0,27,0,0,62,0,62,0,2,87,0,89,50,0,50,139
08/15/2007,ARR,IL,AGL,CE,Towers with Radar,0,4,28,0,32,0,0,47,4,51,0,4,75,4,83,30,0,30,113
08/16/2007,ARR,IL,AGL,CE,Towers with Radar,0,1,52,0,53,0,0,66,1,67,0,1,118,1,120,103,0,103,223
08/17/2007,ARR,IL,AGL,CE,Towers with Radar,0,3,26,1,30,0,0,114,0,114,0,3,140,1,144,172,0,172,316
08/18/2007,ARR,IL,AGL,CE,Towers with Radar,0,3,12,2,17,0,0,67,0,67,0,3,79,2,84,76,2,78,162
08/19/2007,ARR,IL,AGL,CE,Towers with Radar,0,2,28,0,30,0,0,7,0,7,0,2,35,0,37,28,0,28,65
08/20/2007,ARR,IL,AGL,CE,Towers with Radar,0,2,34,0,36,0,0,12,0,12,0,2,46,0,48,16,0,16,64
08/21/2007,ARR,IL,AGL,CE,Towers with Radar,0,6,22,0,28,0,2,40,0,42,0,8,62,0,70,46,0,46,116
08/22/2007,ARR,IL,AGL,CE,Towers with Radar,0,9,28,0,37,0,0,76,2,78,0,9,104,2,115,172,4,176,291
08/23/2007,ARR,IL,AGL,CE,Towers with Radar,0,2,29,0,31,0,3,27,0,30,0,5,56,0,61,31,0,31,92
08/24/2007,ARR,IL,AGL,CE,Towers with Radar,0,4,24,0,28,0,0,19,0,19,0,4,43,0,47,41,0,41,88
08/25/2007,ARR,IL,AGL,CE,Towers with Radar,0,0,25,0,25,0,0,64,0,64,0,0,89,0,89,65,0,65,154
08/26/2007,ARR,IL,AGL,CE,Towers with Radar,0,3,24,0,27,0,0,279,0,279,0,3,303,0,306,121,0,121,427
08/27/2007,ARR,IL,AGL,CE,Towers with Radar,0,1,18,0,19,0,0,104,0,104,0,1,122,0,123,177,0,177,300
08/28/2007,ARR,IL,AGL,CE,Towers with Radar,0,2,19,0,21,0,0,100,0,100,0,2,119,0,121,108,0,108,229
08/29/2007,ARR,IL,AGL,CE,Towers with Radar,0,1,17,0,18,0,0,94,0,94,0,1,111,0,112,114,0,114,226
08/30/2007,ARR,IL,AGL,CE,Towers with Radar,0,2,20,0,22,0,0,96,4,100,0,2,116,4,122,110,4,114,236
08/31/2007,ARR,IL,AGL,CE,Towers with Radar,0,6,29,0,35,0,0,140,0,140,0,6,169,0,175,0,157,157,332
09/01/2007,ARR,IL,AGL,CE,Towers with Radar,0,1,24,0,25,0,0,131,0,131,0,1,155,0,156,189,0,189,345
09/02/2007,ARR,IL,AGL,CE,Towers with Radar,0,0,19,0,19,0,0,97,0,97,0,0,116,0,116,50,0,50,166
09/03/2007,ARR,IL,AGL,CE,Towers with Radar,0,1,25,0,26,0,0,111,0,111,0,1,136,0,137,95,0,95,232
09/04/2007,ARR,IL,AGL,CE,Towers with Radar,0,4,20,0,24,0,0,107,0,107,0,4,127,0,131,120,0,120,251
09/05/2007,ARR,IL,AGL,CE,Towers with Radar,0,6,27,2,35,0,0,97,7,104,0,6,124,9,139,98,0,98,237
09/06/2007,ARR,IL,AGL,CE,Towers with Radar,0,3,33,0,36,0,1,38,0,39,0,4,71,0,75,34,0,34,109
09/07/2007,ARR,IL,AGL,CE,Towers with Radar,0,2,23,2,27,0,0,26,3,29,0,2,49,5,56,26,0,26,82
09/08/2007,ARR,IL,AGL,CE,Towers with Radar,0,0,25,0,25,0,0,129,0,129,0,0,154,0,154,191,0,191,345
09/09/2007,ARR,IL,AGL,CE,Towers with Radar,0,1,10,4,15,0,0,139,5,144,0,1,149,9,159,199,9,208,367
09/10/2007,ARR,IL,AGL,CE,Towers with Radar,0,2,17,0,19,0,0,44,0,44,0,2,61,0,63,53,0,53,116
09/11/2007,ARR,IL,AGL,CE,Towers with Radar,0,5,22,0,27,0,0,61,2,63,0,5,83,2,90,40,6,46,136
09/12/2007,ARR,IL,AGL,CE,Towers with Radar,0,3,36,0,39,0,0,118,0,118,0,3,154,0,157,133,0,133,290
09/13/2007,ARR,IL,AGL,CE,Towers with Radar,0,0,30,0,30,0,0,107,2,109,0,0,137,2,139,148,2,150,289
09/14/2007,ARR,IL,AGL,CE,Towers with Radar,0,3,20,0,23,0,0,72,0,72,0,3,92,0,95,108,0,108,203
09/15/2007,ARR,IL,AGL,CE,Towers with Radar,0,0,15,0,15,0,0,171,0,171,0,0,186,0,186,158,0,158,344
09/16/2007,ARR,IL,AGL,CE,Towers with Radar,0,2,31,0,33,0,0,109,0,109,0,2,140,0,142,82,0,82,224
09/17/2007,ARR,IL,AGL,CE,Towers with Radar,0,0,29,0,29,0,0,57,0,57,0,0,86,0,86,95,0,95,181
09/18/2007,ARR,IL,AGL,CE,Towers with Radar,0,6,23,0,29,0,0,84,0,84,0,6,107,0,113,113,0,113,226
09/19/2007,ARR,IL,AGL,CE,Towers with Radar,0,0,31,2,33,0,0,87,2,89,0,0,118,4,122,166,6,172,294
09/20/2007,ARR,IL,AGL,CE,Towers with Radar,0,1,32,0,33,0,0,100,0,100,0,1,132,0,133,42,0,42,175
09/21/2007,ARR,IL,AGL,CE,Towers with Radar,0,1,24,6,31,0,0,71,4,75,0,1,95,10,106,32,0,32,138
09/22/2007,ARR,IL,AGL,CE,Towers with Radar,0,0,28,0,28,0,0,145,0,145,0,0,173,0,173,160,0,160,333
09/23/2007,ARR,IL,AGL,CE,Towers with Radar,0,0,28,0,28,0,0,236,0,236,0,0,264,0,264,114,0,114,378
09/24/2007,ARR,IL,AGL,CE,Towers with Radar,0,1,15,0,16,0,0,66,0,66,0,1,81,0,82,70,0,70,152
09/25/2007,ARR,IL,AGL,CE,Towers with Radar,0,2,18,0,20,0,0,44,0,44,0,2,62,0,64,56,0,56,120
09/26/2007,ARR,IL,AGL,CE,Towers with Radar,0,1,26,0,27,0,0,105,0,105,0,1,131,0,132,97,0,97,229
09/27/2007,ARR,IL,AGL,CE,Towers with Radar,0,5,37,1,43,0,0,80,9,89,0,5,117,10,132,32,2,34,166
09/28/2007,ARR,IL,AGL,CE,Towers with Radar,0,4,28,0,32,0,0,97,0,97,0,4,125,0,129,70,0,70,199
09/29/2007,ARR,IL,AGL,CE,Towers with Radar,0,0,21,0,21,0,0,123,0,123,0,0,144,0,144,195,0,195,339
09/30/2007,ARR,IL,AGL,CE,Towers with Radar,0,0,14,0,14,0,0,77,0,77,0,0,91,0,91,54,0,54,145
10/01/2007,ARR,IL,AGL,CE,Towers with Radar,0,2,43,0,45,0,0,29,0,29,0,2,72,0,74,70,0,70,144
10/02/2007,ARR,IL,AGL,CE,Towers with Radar,0,4,18,0,22,0,0,37,0,37,0,4,55,0,59,8,0,8,67
10/03/2007,ARR,IL,AGL,CE,Towers with Radar,0,1,9,0,10,0,0,113,0,113,0,1,122,0,123,131,0,131,254
10/04/2007,ARR,IL,AGL,CE,Towers with Radar,0,2,30,0,32,0,0,112,0,112,0,2,142,0,144,120,0,120,264
10/05/2007,ARR,IL,AGL,CE,Towers with Radar,0,8,25,0,33,0,0,86,2,88,0,8,111,2,121,82,0,82,203
10/06/2007,ARR,IL,AGL,CE,Towers with Radar,0,0,22,0,22,0,0,117,0,117,0,0,139,0,139,126,0,126,265
10/07/2007,ARR,IL,AGL,CE,Towers with Radar,0,2,19,0,21,0,0,76,0,76,0,2,95,0,97,106,0,106,203
10/08/2007,ARR,IL,AGL,CE,Towers with Radar,0,4,18,0,22,0,0,38,0,38,0,4,56,0,60,30,0,30,90
10/09/2007,ARR,IL,AGL,CE,Towers with Radar,0,0,24,0,24,0,0,59,0,59,0,0,83,0,83,39,0,39,122
10/10/2007,ARR,IL,AGL,CE,Towers with Radar,0,5,19,0,24,0,0,42,0,42,0,5,61,0,66,25,0,25,91
10/11/2007,ARR,IL,AGL,CE,Towers with Radar,0,0,19,0,19,0,0,30,0,30,0,0,49,0,49,36,0,36,85
10/12/2007,ARR,IL,AGL,CE,Towers with Radar,0,1,13,3,17,0,0,83,4,87,0,1,96,7,104,67,0,67,171
10/13/2007,ARR,IL,AGL,CE,Towers with Radar,0,0,26,0,26,0,0,129,0,129,0,0,155,0,155,184,0,184,339
10/14/2007,ARR,IL,AGL,CE,Towers with Radar,0,1,24,2,27,0,0,46,3,49,0,1,70,5,76,92,0,92,168
10/15/2007,ARR,IL,AGL,CE,Towers with Radar,0,3,16,0,19,0,1,55,0,56,0,4,71,0,75,68,0,68,143
10/16/2007,ARR,IL,AGL,CE,Towers with Radar,0,0,17,0,17,0,0,28,0,28,0,0,45,0,45,35,0,35,80
10/17/2007,ARR,IL,AGL,CE,Towers with Radar,0,2,28,0,30,0,0,74,0,74,0,2,102,0,104,109,0,109,213
10/18/2007,ARR,IL,AGL,CE,Towers with Radar,0,1,23,0,24,0,0,13,0,13,0,1,36,0,37,0,0,0,37
10/19/2007,ARR,IL,AGL,CE,Towers with Radar,0,6,8,0,14,0,0,8,2,10,0,6,16,2,24,0,0,0,24
10/20/2007,ARR,IL,AGL,CE,Towers with Radar,0,0,19,0,19,0,0,151,0,151,0,0,170,0,170,142,0,142,312
10/21/2007,ARR,IL,AGL,CE,Towers with Radar,0,0,14,0,14,0,1,41,0,42,0,1,55,0,56,14,0,14,70
10/22/2007,ARR,IL,AGL,CE,Towers with Radar,0,2,16,0,18,0,0,27,0,27,0,2,43,0,45,15,0,15,60
10/23/2007,ARR,IL,AGL,CE,Towers with Radar,0,5,10,0,15,0,0,108,2,110,0,5,118,2,125,77,9,86,211
10/24/2007,ARR,IL,AGL,CE,Towers with Radar,0,3,25,0,28,0,0,91,0,91,0,3,116,0,119,59,0,59,178
10/25/2007,ARR,IL,AGL,CE,Towers with Radar,0,1,14,0,15,0,0,62,2,64,0,1,76,2,79,55,0,55,134
10/26/2007,ARR,IL,AGL,CE,Towers with Radar,0,3,25,0,28,0,0,43,0,43,0,3,68,0,71,50,0,50,121
10/27/2007,ARR,IL,AGL,CE,Towers with Radar,0,2,38,0,40,0,1,78,0,79,0,3,116,0,119,102,0,102,221
10/28/2007,ARR,IL,AGL,CE,Towers with Radar,0,0,22,0,22,0,0,346,0,346,0,0,368,0,368,172,0,172,540
10/29/2007,ARR,IL,AGL,CE,Towers with Radar,0,0,17,0,17,0,0,93,0,93,0,0,110,0,110,110,0,110,220
10/30/2007,ARR,IL,AGL,CE,Towers with Radar,0,2,25,0,27,0,0,82,0,82,0,2,107,0,109,60,0,60,169
10/31/2007,ARR,IL,AGL,CE,Towers with Radar,0,0,22,0,22,0,0,34,0,34,0,0,56,0,56,49,0,49,105
11/01/2007,ARR,IL,AGL,CE,Towers with Radar,0,4,26,0,30,0,0,90,0,90,0,4,116,0,120,65,0,65,185
11/02/2007,ARR,IL,AGL,CE,Towers with Radar,0,0,28,0,28,0,0,78,0,78,0,0,106,0,106,78,0,78,184
11/03/2007,ARR,IL,AGL,CE,Towers with Radar,0,2,20,0,22,0,0,127,0,127,0,2,147,0,149,120,0,120,269
11/04/2007,ARR,IL,AGL,CE,Towers with Radar,0,0,20,0,20,0,0,110,6,116,0,0,130,6,136,134,2,136,272
11/05/2007,ARR,IL,AGL,CE,Towers with Radar,0,2,16,0,18,0,0,7,0,7,0,2,23,0,25,13,0,13,38
11/06/2007,ARR,IL,AGL,CE,Towers with Radar,0,3,21,0,24,0,0,35,0,35,0,3,56,0,59,8,0,8,67
11/07/2007,ARR,IL,AGL,CE,Towers with Radar,0,0,20,4,24,0,0,97,0,97,0,0,117,4,121,82,0,82,203
11/08/2007,ARR,IL,AGL,CE,Towers with Radar,0,4,26,0,30,0,0,91,0,91,0,4,117,0,121,129,0,129,250
11/09/2007,ARR,IL,AGL,CE,Towers with Radar,0,1,38,0,39,0,0,108,0,108,0,1,146,0,147,105,0,105,252
11/10/2007,ARR,IL,AGL,CE,Towers with Radar,0,0,28,0,28,0,0,128,0,128,0,0,156,0,156,153,0,153,309
11/11/2007,ARR,IL,AGL,CE,Towers with Radar,0,1,18,0,19,0,0,31,0,31,0,1,49,0,50,117,0,117,167
11/12/2007,ARR,IL,AGL,CE,Towers with Radar,0,0,21,0,21,0,0,29,0,29,0,0,50,0,50,37,0,37,87
11/13/2007,ARR,IL,AGL,CE,Towers with Radar,0,4,19,3,26,0,0,95,0,95,0,4,114,3,121,104,0,104,225
11/14/2007,ARR,IL,AGL,CE,Towers with Radar,0,2,24,0,26,0,0,35,0,35,0,2,59,0,61,29,0,29,90
11/15/2007,ARR,IL,AGL,CE,Towers with Radar,0,1,19,0,20,0,0,44,1,45,0,1,63,1,65,60,4,64,129
11/16/2007,ARR,IL,AGL,CE,Towers with Radar,0,6,18,2,26,0,0,59,0,59,0,6,77,2,85,25,0,25,110
11/17/2007,ARR,IL,AGL,CE,Towers with Radar,0,2,23,0,25,0,0,54,0,54,0,2,77,0,79,53,0,53,132
11/18/2007,ARR,IL,AGL,CE,Towers with Radar,0,0,19,2,21,0,0,119,0,119,0,0,138,2,140,132,0,132,272
11/19/2007,ARR,IL,AGL,CE,Towers with Radar,0,0,19,0,19,0,0,0,0,0,0,0,19,0,19,4,0,4,23
11/20/2007,ARR,IL,AGL,CE,Towers with Radar,0,1,18,0,19,0,0,0,0,0,0,1,18,0,19,0,0,0,19
11/21/2007,ARR,IL,AGL,CE,Towers with Radar,0,4,26,0,30,0,0,0,0,0,0,4,26,0,30,0,0,0,30
11/22/2007,ARR,IL,AGL,CE,Towers with Radar,0,0,5,0,5,0,0,7,0,7,0,0,12,0,12,4,0,4,16
11/23/2007,ARR,IL,AGL,CE,Towers with Radar,0,1,23,0,24,0,0,92,0,92,0,1,115,0,116,78,0,78,194
11/24/2007,ARR,IL,AGL,CE,Towers with Radar,0,0,34,0,34,0,0,89,0,89,0,0,123,0,123,120,0,120,243
11/25/2007,ARR,IL,AGL,CE,Towers with Radar,0,1,22,0,23,0,0,56,0,56,0,1,78,0,79,84,0,84,163
11/26/2007,ARR,IL,AGL,CE,Towers with Radar,0,0,12,0,12,0,0,4,0,4,0,0,16,0,16,14,0,14,30
11/27/2007,ARR,IL,AGL,CE,Towers with Radar,0,9,12,0,21,0,0,63,0,63,0,9,75,0,84,88,0,88,172
11/28/2007,ARR,IL,AGL,CE,Towers with Radar,0,2,14,0,16,0,0,26,1,27,0,2,40,1,43,32,0,32,75
11/29/2007,ARR,IL,AGL,CE,Towers with Radar,0,0,25,0,25,0,0,70,0,70,0,0,95,0,95,28,0,28,123
11/30/2007,ARR,IL,AGL,CE,Towers with Radar,0,2,24,4,30,0,0,66,0,66,0,2,90,4,96,60,0,60,156
12/01/2007,ARR,IL,AGL,CE,Towers with Radar,0,0,12,0,12,0,0,22,0,22,0,0,34,0,34,59,0,59,93
12/02/2007,ARR,IL,AGL,CE,Towers with Radar,0,3,10,4,17,0,0,1,0,1,0,3,11,4,18,0,0,0,18
12/03/2007,ARR,IL,AGL,CE,Towers with Radar,0,0,15,0,15,0,0,72,0,72,0,0,87,0,87,84,0,84,171
12/04/2007,ARR,IL,AGL,CE,Towers with Radar,0,0,13,0,13,0,0,34,0,34,0,0,47,0,47,31,0,31,78
12/05/2007,ARR,IL,AGL,CE,Towers with Radar,0,3,13,0,16,0,0,19,0,19,0,3,32,0,35,16,0,16,51
12/06/2007,ARR,IL,AGL,CE,Towers with Radar,0,0,10,0,10,0,0,58,0,58,0,0,68,0,68,50,0,50,118
12/07/2007,ARR,IL,AGL,CE,Towers with Radar,0,3,15,0,18,0,0,9,0,9,0,3,24,0,27,41,0,41,68
12/08/2007,ARR,IL,AGL,CE,Towers with Radar,0,1,22,0,23,0,0,44,0,44,0,1,66,0,67,174,0,174,241
12/09/2007,ARR,IL,AGL,CE,Towers with Radar,0,0,2,0,2,0,0,0,0,0,0,0,2,0,2,0,0,0,2
12/10/2007,ARR,IL,AGL,CE,Towers with Radar,0,0,8,0,8,0,0,0,0,0,0,0,8,0,8,0,0,0,8
12/11/2007,ARR,IL,AGL,CE,Towers with Radar,0,1,0,0,1,0,0,0,0,0,0,1,0,0,1,0,0,0,1
12/12/2007,ARR,IL,AGL,CE,Towers with Radar,0,2,23,0,25,0,0,69,0,69,0,2,92,0,94,56,0,56,150
12/13/2007,ARR,IL,AGL,CE,Towers with Radar,0,6,11,1,18,0,0,17,0,17,0,6,28,1,35,30,0,30,65
12/14/2007,ARR,IL,AGL,CE,Towers with Radar,0,3,22,0,25,0,0,79,0,79,0,3,101,0,104,89,0,89,193
12/15/2007,ARR,IL,AGL,CE,Towers with Radar,0,1,8,0,9,0,0,0,0,0,0,1,8,0,9,0,0,0,9
12/16/2007,ARR,IL,AGL,CE,Towers with Radar,0,0,13,0,13,0,0,20,0,20,0,0,33,0,33,33,0,33,66
12/17/2007,ARR,IL,AGL,CE,Towers with Radar,0,3,15,0,18,0,0,9,0,9,0,3,24,0,27,4,0,4,31
12/18/2007,ARR,IL,AGL,CE,Towers with Radar,0,3,13,0,16,0,0,83,0,83,0,3,96,0,99,70,0,70,169
12/19/2007,ARR,IL,AGL,CE,Towers with Radar,0,2,39,0,41,0,0,1,0,1,0,2,40,0,42,11,0,11,53
12/20/2007,ARR,IL,AGL,CE,Towers with Radar,0,4,29,0,33,0,0,14,0,14,0,4,43,0,47,68,0,68,115
12/21/2007,ARR,IL,AGL,CE,Towers with Radar,0,7,9,0,16,0,0,0,0,0,0,7,9,0,16,0,0,0,16
12/22/2007,ARR,IL,AGL,CE,Towers with Radar,0,2,11,0,13,0,0,0,0,0,0,2,11,0,13,6,0,6,19
12/23/2007,ARR,IL,AGL,CE,Towers with Radar,0,3,3,0,6,0,0,0,0,0,0,3,3,0,6,0,0,0,6
12/24/2007,ARR,IL,AGL,CE,Towers with Radar,0,0,1,0,1,0,0,12,0,12,0,0,13,0,13,10,0,10,23
12/25/2007,ARR,IL,AGL,CE,Towers with Radar,0,0,3,0,3,0,0,32,0,32,0,0,35,0,35,34,0,34,69
12/26/2007,ARR,IL,AGL,CE,Towers with Radar,0,1,21,0,22,0,0,111,0,111,0,1,132,0,133,171,0,171,304
12/27/2007,ARR,IL,AGL,CE,Towers with Radar,0,1,18,0,19,0,0,20,0,20,0,1,38,0,39,79,0,79,118
12/28/2007,ARR,IL,AGL,CE,Towers with Radar,0,4,5,0,9,0,0,0,0,0,0,4,5,0,9,6,0,6,15
12/29/2007,ARR,IL,AGL,CE,Towers with Radar,0,1,13,0,14,0,0,16,0,16,0,1,29,0,30,125,0,125,155
12/30/2007,ARR,IL,AGL,CE,Towers with Radar,0,3,29,0,32,0,0,34,0,34,0,3,63,0,66,71,0,71,137
12/31/2007,ARR,IL,AGL,CE,Towers with Radar,0,2,3,0,5,0,0,0,0,0,0,2,3,0,5,0,0,0,5
01/01/2008,ARR,IL,AGL,CE,Towers with Radar,0,2,8,0,10,0,0,0,0,0,0,2,8,0,10,0,0,0,10
01/02/2008,ARR,IL,AGL,CE,Towers with Radar,0,2,8,0,10,0,0,38,0,38,0,2,46,0,48,44,0,44,92
01/03/2008,ARR,IL,AGL,CE,Towers with Radar,0,5,13,0,18,0,0,79,0,79,0,5,92,0,97,55,0,55,152
01/04/2008,ARR,IL,AGL,CE,Towers with Radar,0,1,13,4,18,0,0,73,0,73,0,1,86,4,91,99,0,99,190
01/05/2008,ARR,IL,AGL,CE,Towers with Radar,0,5,21,0,26,0,0,0,0,0,0,5,21,0,26,14,0,14,40
01/06/2008,ARR,IL,AGL,CE,Towers with Radar,0,3,16,4,23,0,0,10,0,10,0,3,26,4,33,32,0,32,65
01/07/2008,ARR,IL,AGL,CE,Towers with Radar,0,4,11,0,15,0,0,4,0,4,0,4,15,0,19,4,0,4,23
01/08/2008,ARR,IL,AGL,CE,Towers with Radar,0,2,9,0,11,0,0,0,0,0,0,2,9,0,11,0,0,0,11
01/09/2008,ARR,IL,AGL,CE,Towers with Radar,0,3,12,0,15,0,0,86,0,86,0,3,98,0,101,129,0,129,230
01/10/2008,ARR,IL,AGL,CE,Towers with Radar,0,1,18,0,19,0,0,56,3,59,0,1,74,3,78,59,2,61,139
01/11/2008,ARR,IL,AGL,CE,Towers with Radar,0,4,12,0,16,0,0,6,0,6,0,4,18,0,22,6,0,6,28
01/12/2008,ARR,IL,AGL,CE,Towers with Radar,0,0,22,0,22,0,0,112,0,112,0,0,134,0,134,222,0,222,356
01/13/2008,ARR,IL,AGL,CE,Towers with Radar,0,6,4,0,10,0,0,0,0,0,0,6,4,0,10,8,0,8,18
01/14/2008,ARR,IL,AGL,CE,Towers with Radar,0,0,17,0,17,0,0,1,0,1,0,0,18,0,18,32,0,32,50
01/15/2008,ARR,IL,AGL,CE,Towers with Radar,0,5,29,0,34,0,1,63,0,64,0,6,92,0,98,84,0,84,182
01/16/2008,ARR,IL,AGL,CE,Towers with Radar,0,3,16,1,20,0,2,60,2,64,0,5,76,3,84,118,16,134,218
01/17/2008,ARR,IL,AGL,CE,Towers with Radar,0,5,13,0,18,0,0,4,0,4,0,5,17,0,22,0,0,0,22
01/18/2008,ARR,IL,AGL,CE,Towers with Radar,0,2,21,0,23,0,0,15,0,15,0,2,36,0,38,26,0,26,64
01/19/2008,ARR,IL,AGL,CE,Towers with Radar,0,2,13,0,15,0,0,34,0,34,0,2,47,0,49,24,0,24,73
01/20/2008,ARR,IL,AGL,CE,Towers with Radar,0,1,7,0,8,0,0,21,0,21,0,1,28,0,29,14,0,14,43
01/21/2008,ARR,IL,AGL,CE,Towers with Radar,0,0,21,0,21,0,0,24,0,24,0,0,45,0,45,59,0,59,104
01/22/2008,ARR,IL,AGL,CE,Towers with Radar,0,4,20,0,24,0,0,29,0,29,0,4,49,0,53,41,0,41,94
01/23/2008,ARR,IL,AGL,CE,Towers with Radar,0,2,22,0,24,0,0,10,0,10,0,2,32,0,34,14,0,14,48
01/24/2008,ARR,IL,AGL,CE,Towers with Radar,0,0,18,0,18,0,0,42,0,42,0,0,60,0,60,44,0,44,104
01/25/2008,ARR,IL,AGL,CE,Towers with Radar,0,6,13,0,19,0,0,21,0,21,0,6,34,0,40,43,0,43,83
01/26/2008,ARR,IL,AGL,CE,Towers with Radar,0,2,9,0,11,0,0,36,0,36,0,2,45,0,47,57,0,57,104
01/27/2008,ARR,IL,AGL,CE,Towers with Radar,0,0,28,0,28,0,0,91,0,91,0,0,119,0,119,98,0,98,217
01/28/2008,ARR,IL,AGL,CE,Towers with Radar,0,1,18,0,19,0,0,21,0,21,0,1,39,0,40,27,0,27,67
01/29/2008,ARR,IL,AGL,CE,Towers with Radar,0,3,9,0,12,0,0,0,0,0,0,3,9,0,12,0,0,0,12
01/30/2008,ARR,IL,AGL,CE,Towers with Radar,0,3,25,0,28,0,0,35,0,35,0,3,60,0,63,18,0,18,81
01/31/2008,ARR,IL,AGL,CE,Towers with Radar,0,0,12,0,12,0,0,8,0,8,0,0,20,0,20,32,0,32,52
02/01/2008,ARR,IL,AGL,CE,Towers with Radar,0,1,6,4,11,0,0,1,0,1,0,1,7,4,12,26,0,26,38
02/02/2008,ARR,IL,AGL,CE,Towers with Radar,0,2,4,0,6,0,0,0,0,0,0,2,4,0,6,4,0,4,10
02/03/2008,ARR,IL,AGL,CE,Towers with Radar,0,0,3,4,7,0,0,0,0,0,0,0,3,4,7,2,4,6,13
02/04/2008,ARR,IL,AGL,CE,Towers with Radar,0,3,2,0,5,0,0,0,0,0,0,3,2,0,5,0,0,0,5
02/05/2008,ARR,IL,AGL,CE,Towers with Radar,0,4,11,0,15,0,0,4,0,4,0,4,15,0,19,12,0,12,31
02/06/2008,ARR,IL,AGL,CE,Towers with Radar,0,5,3,0,8,0,0,0,0,0,0,5,3,0,8,0,0,0,8
02/07/2008,ARR,IL,AGL,CE,Towers with Radar,0,0,24,0,24,0,0,44,0,44,0,0,68,0,68,52,0,52,120
02/08/2008,ARR,IL,AGL,CE,Towers with Radar,0,0,31,0,31,0,0,22,0,22,0,0,53,0,53,32,0,32,85
02/09/2008,ARR,IL,AGL,CE,Towers with Radar,0,0,8,0,8,0,0,16,0,16,0,0,24,0,24,25,0,25,49
02/10/2008,ARR,IL,AGL,CE,Towers with Radar,0,1,8,0,9,0,0,1,0,1,0,1,9,0,10,0,0,0,10
02/11/2008,ARR,IL,AGL,CE,Towers with Radar,0,3,25,0,28,0,0,27,0,27,0,3,52,0,55,10,0,10,65
02/12/2008,ARR,IL,AGL,CE,Towers with Radar,0,3,10,0,13,0,0,0,0,0,0,3,10,0,13,0,0,0,13
02/13/2008,ARR,IL,AGL,CE,Towers with Radar,0,2,16,0,18,0,0,63,0,63,0,2,79,0,81,48,0,48,129
02/14/2008,ARR,IL,AGL,CE,Towers with Radar,0,5,25,2,32,0,0,13,0,13,0,5,38,2,45,28,2,30,75
02/15/2008,ARR,IL,AGL,CE,Towers with Radar,0,1,22,0,23,0,0,79,0,79,0,1,101,0,102,102,0,102,204
02/16/2008,ARR,IL,AGL,CE,Towers with Radar,0,3,11,0,14,0,0,134,0,134,0,3,145,0,148,142,0,142,290
02/17/2008,ARR,IL,AGL,CE,Towers with Radar,0,2,5,0,7,0,0,0,0,0,0,2,5,0,7,0,0,0,7
02/18/2008,ARR,IL,AGL,CE,Towers with Radar,0,3,9,0,12,0,0,0,0,0,0,3,9,0,12,0,0,0,12
02/19/2008,ARR,IL,AGL,CE,Towers with Radar,0,1,14,0,15,0,0,23,0,23,0,1,37,0,38,49,0,49,87
02/20/2008,ARR,IL,AGL,CE,Towers with Radar,0,1,35,0,36,0,0,40,0,40,0,1,75,0,76,64,0,64,140
02/21/2008,ARR,IL,AGL,CE,Towers with Radar,0,6,34,0,40,0,0,33,0,33,0,6,67,0,73,33,0,33,106
02/22/2008,ARR,IL,AGL,CE,Towers with Radar,0,0,22,0,22,0,0,30,0,30,0,0,52,0,52,41,0,41,93
02/23/2008,ARR,IL,AGL,CE,Towers with Radar,0,1,19,0,20,0,0,150,0,150,0,1,169,0,170,256,0,256,426
02/24/2008,ARR,IL,AGL,CE,Towers with Radar,0,0,34,1,35,0,0,112,0,112,0,0,146,1,147,211,0,211,358
02/25/2008,ARR,IL,AGL,CE,Towers with Radar,0,1,7,0,8,0,1,0,0,1,0,2,7,0,9,2,0,2,11
02/26/2008,ARR,IL,AGL,CE,Towers with Radar,0,2,12,0,14,0,0,7,0,7,0,2,19,0,21,11,0,11,32
02/27/2008,ARR,IL,AGL,CE,Towers with Radar,0,1,25,0,26,0,0,91,0,91,0,1,116,0,117,120,0,120,237
02/28/2008,ARR,IL,AGL,CE,Towers with Radar,0,5,29,0,34,0,0,64,0,64,0,5,93,0,98,50,0,50,148
02/29/2008,ARR,IL,AGL,CE,Towers with Radar,0,3,19,4,26,0,0,21,0,21,0,3,40,4,47,10,0,10,57
03/01/2008,ARR,IL,AGL,CE,Towers with Radar,0,1,17,0,18,0,0,160,0,160,0,1,177,0,178,208,0,208,386
03/02/2008,ARR,IL,AGL,CE,Towers with Radar,0,1,20,4,25,0,0,49,0,49,0,1,69,4,74,109,2,111,185
03/03/2008,ARR,IL,AGL,CE,Towers with Radar,0,2,10,0,12,0,0,17,0,17,0,2,27,0,29,32,0,32,61
03/04/2008,ARR,IL,AGL,CE,Towers with Radar,0,1,15,0,16,0,0,8,0,8,0,1,23,0,24,0,0,0,24
03/05/2008,ARR,IL,AGL,CE,Towers with Radar,0,0,17,0,17,0,0,48,0,48,0,0,65,0,65,64,0,64,129
03/06/2008,ARR,IL,AGL,CE,Towers with Radar,0,6,24,0,30,0,0,59,0,59,0,6,83,0,89,104,0,104,193
03/07/2008,ARR,IL,AGL,CE,Towers with Radar,0,0,16,0,16,0,0,46,0,46,0,0,62,0,62,43,0,43,105
03/08/2008,ARR,IL,AGL,CE,Towers with Radar,0,0,18,0,18,0,0,52,0,52,0,0,70,0,70,135,0,135,205
03/09/2008,ARR,IL,AGL,CE,Towers with Radar,0,0,30,0,30,0,0,33,0,33,0,0,63,0,63,106,0,106,169
03/10/2008,ARR,IL,AGL,CE,Towers with Radar,0,3,14,0,17,0,0,18,0,18,0,3,32,0,35,22,0,22,57
03/11/2008,ARR,IL,AGL,CE,Towers with Radar,0,0,29,0,29,0,0,63,0,63,0,0,92,0,92,87,0,87,179
03/12/2008,ARR,IL,AGL,CE,Towers with Radar,0,0,25,0,25,0,0,85,0,85,0,0,110,0,110,127,0,127,237
03/13/2008,ARR,IL,AGL,CE,Towers with Radar,0,1,27,0,28,0,0,88,0,88,0,1,115,0,116,232,0,232,348
03/14/2008,ARR,IL,AGL,CE,Towers with Radar,0,2,34,0,36,0,0,104,0,104,0,2,138,0,140,130,0,130,270
03/15/2008,ARR,IL,AGL,CE,Towers with Radar,0,0,14,0,14,0,0,74,0,74,0,0,88,0,88,213,0,213,301
03/16/2008,ARR,IL,AGL,CE,Towers with Radar,0,0,24,0,24,0,0,120,0,120,0,0,144,0,144,163,0,163,307
03/17/2008,ARR,IL,AGL,CE,Towers with Radar,0,2,16,0,18,0,0,32,0,32,0,2,48,0,50,50,0,50,100
03/18/2008,ARR,IL,AGL,CE,Towers with Radar,0,1,10,0,11,0,0,1,0,1,0,1,11,0,12,3,0,3,15
03/19/2008,ARR,IL,AGL,CE,Towers with Radar,0,0,26,0,26,0,0,49,4,53,0,0,75,4,79,102,0,102,181
03/20/2008,ARR,IL,AGL,CE,Towers with Radar,0,2,30,0,32,0,0,120,0,120,0,2,150,0,152,128,0,128,280
03/21/2008,ARR,IL,AGL,CE,Towers with Radar,0,2,12,0,14,0,0,0,0,0,0,2,12,0,14,2,0,2,16
03/22/2008,ARR,IL,AGL,CE,Towers with Radar,0,0,30,0,30,0,0,81,0,81,0,0,111,0,111,120,0,120,231
03/23/2008,ARR,IL,AGL,CE,Towers with Radar,0,2,9,0,11,0,0,32,0,32,0,2,41,0,43,23,0,23,66
03/24/2008,ARR,IL,AGL,CE,Towers with Radar,0,6,32,0,38,0,0,69,0,69,0,6,101,0,107,94,0,94,201
03/25/2008,ARR,IL,AGL,CE,Towers with Radar,0,0,11,0,11,0,0,20,0,20,0,0,31,0,31,8,0,8,39
03/26/2008,ARR,IL,AGL,CE,Towers with Radar,0,0,26,4,30,0,0,116,0,116,0,0,142,4,146,178,0,178,324
03/27/2008,ARR,IL,AGL,CE,Towers with Radar,0,3,15,0,18,0,0,0,0,0,0,3,15,0,18,8,0,8,26
03/28/2008,ARR,IL,AGL,CE,Towers with Radar,0,4,28,0,32,0,0,70,0,70,0,4,98,0,102,85,0,85,187
03/29/2008,ARR,IL,AGL,CE,Towers with Radar,0,2,32,0,34,0,0,180,0,180,0,2,212,0,214,172,0,172,386
03/30/2008,ARR,IL,AGL,CE,Towers with Radar,0,4,48,0,52,0,0,0,0,0,0,4,48,0,52,4,0,4,56
03/31/2008,ARR,IL,AGL,CE,Towers with Radar,0,1,6,0,7,0,0,0,0,0,0,1,6,0,7,14,0,14,21
04/01/2008,ARR,IL,AGL,CE,Towers with Radar,0,7,7,0,14,0,0,29,0,29,0,7,36,0,43,46,0,46,89
04/02/2008,ARR,IL,AGL,CE,Towers with Radar,0,1,26,2,29,0,0,111,0,111,0,1,137,2,140,192,0,192,332
04/03/2008,ARR,IL,AGL,CE,Towers with Radar,0,2,23,0,25,0,3,63,0,66,0,5,86,0,91,50,0,50,141
04/04/2008,ARR,IL,AGL,CE,Towers with Radar,0,0,33,0,33,0,0,58,0,58,0,0,91,0,91,54,0,54,145
04/05/2008,ARR,IL,AGL,CE,Towers with Radar,0,2,25,0,27,0,0,203,0,203,0,2,228,0,230,292,0,292,522
04/06/2008,ARR,IL,AGL,CE,Towers with Radar,0,2,21,4,27,0,0,116,0,116,0,2,137,4,143,162,0,162,305
04/07/2008,ARR,IL,AGL,CE,Towers with Radar,0,0,17,0,17,0,0,91,0,91,0,0,108,0,108,84,0,84,192
04/08/2008,ARR,IL,AGL,CE,Towers with Radar,0,0,27,0,27,0,0,10,0,10,0,0,37,0,37,0,0,0,37
04/09/2008,ARR,IL,AGL,CE,Towers with Radar,0,0,26,0,26,0,0,39,0,39,0,0,65,0,65,90,0,90,155
04/10/2008,ARR,IL,AGL,CE,Towers with Radar,0,3,18,0,21,0,0,0,0,0,0,3,18,0,21,2,0,2,23
04/11/2008,ARR,IL,AGL,CE,Towers with Radar,0,2,18,0,20,0,0,13,0,13,0,2,31,0,33,2,0,2,35
04/12/2008,ARR,IL,AGL,CE,Towers with Radar,0,1,6,0,7,0,0,2,0,2,0,1,8,0,9,34,0,34,43
04/13/2008,ARR,IL,AGL,CE,Towers with Radar,0,1,8,0,9,0,0,45,0,45,0,1,53,0,54,83,0,83,137
04/14/2008,ARR,IL,AGL,CE,Towers with Radar,0,1,33,0,34,0,2,108,0,110,0,3,141,0,144,156,0,156,300
04/15/2008,ARR,IL,AGL,CE,Towers with Radar,0,2,27,0,29,0,0,63,0,63,0,2,90,0,92,72,0,72,164
04/16/2008,ARR,IL,AGL,CE,Towers with Radar,0,0,9,0,9,0,0,53,0,53,0,0,62,0,62,18,0,18,80
04/17/2008,ARR,IL,AGL,CE,Towers with Radar,0,0,29,1,30,0,0,99,0,99,0,0,128,1,129,123,0,123,252
04/18/2008,ARR,IL,AGL,CE,Towers with Radar,0,1,20,0,21,0,0,82,0,82,0,1,102,0,103,101,0,101,204
04/19/2008,ARR,IL,AGL,CE,Towers with Radar,0,0,33,0,33,0,0,35,0,35,0,0,68,0,68,147,0,147,215
04/20/2008,ARR,IL,AGL,CE,Towers with Radar,0,0,22,0,22,0,0,138,0,138,0,0,160,0,160,290,0,290,450
04/21/2008,ARR,IL,AGL,CE,Towers with Radar,0,2,20,1,23,0,1,97,0,98,0,3,117,1,121,123,0,123,244
04/22/2008,ARR,IL,AGL,CE,Towers with Radar,0,0,42,0,42,0,0,53,0,53,0,0,95,0,95,86,0,86,181
04/23/2008,ARR,IL,AGL,CE,Towers with Radar,0,2,59,0,61,0,0,127,0,127,0,2,186,0,188,96,0,96,284
04/24/2008,ARR,IL,AGL,CE,Towers with Radar,0,5,35,0,40,0,0,33,0,33,0,5,68,0,73,22,0,22,95
04/25/2008,ARR,IL,AGL,CE,Towers with Radar,0,1,17,0,18,0,0,15,0,15,0,1,32,0,33,20,0,20,53
04/26/2008,ARR,IL,AGL,CE,Towers with Radar,0,3,22,0,25,0,0,43,0,43,0,3,65,0,68,47,0,47,115
04/27/2008,ARR,IL,AGL,CE,Towers with Radar,0,0,25,0,25,0,0,113,0,113,0,0,138,0,138,170,0,170,308
04/28/2008,ARR,IL,AGL,CE,Towers with Radar,0,0,22,2,24,0,0,3,0,3,0,0,25,2,27,6,0,6,33
04/29/2008,ARR,IL,AGL,CE,Towers with Radar,0,1,26,0,27,0,0,70,0,70,0,1,96,0,97,91,0,91,188
04/30/2008,ARR,IL,AGL,CE,Towers with Radar,0,1,22,0,23,0,0,112,0,112,0,1,134,0,135,129,0,129,264
05/01/2008,ARR,IL,AGL,CE,Towers with Radar,0,4,29,0,33,0,0,62,0,62,0,4,91,0,95,69,0,69,164
05/02/2008,ARR,IL,AGL,CE,Towers with Radar,0,0,17,4,21,0,0,6,0,6,0,0,23,4,27,27,0,27,54
05/03/2008,ARR,IL,AGL,CE,Towers with Radar,0,0,21,0,21,0,0,24,0,24,0,0,45,0,45,24,0,24,69
05/04/2008,ARR,IL,AGL,CE,Towers with Radar,0,0,30,4,34,0,0,204,0,204,0,0,234,4,238,145,0,145,383
05/05/2008,ARR,IL,AGL,CE,Towers with Radar,0,0,26,0,26,0,0,96,0,96,0,0,122,0,122,117,0,117,239
05/06/2008,ARR,IL,AGL,CE,Towers with Radar,0,6,36,0,42,0,0,91,0,91,0,6,127,0,133,68,0,68,201
05/07/2008,ARR,IL,AGL,CE,Towers with Radar,0,2,35,0,37,0,0,7,0,7,0,2,42,0,44,6,0,6,50
05/08/2008,ARR,IL,AGL,CE,Towers with Radar,0,2,37,0,39,0,0,52,0,52,0,2,89,0,91,56,0,56,147
05/09/2008,ARR,IL,AGL,CE,Towers with Radar,0,1,33,0,34,0,0,92,0,92,0,1,125,0,126,94,0,94,220
05/10/2008,ARR,IL,AGL,CE,Towers with Radar,0,1,17,0,18,0,0,169,0,169,0,1,186,0,187,147,0,147,334
05/11/2008,ARR,IL,AGL,CE,Towers with Radar,0,3,7,0,10,0,0,0,0,0,0,3,7,0,10,0,0,0,10
05/12/2008,ARR,IL,AGL,CE,Towers with Radar,0,1,35,0,36,0,0,107,0,107,0,1,142,0,143,96,0,96,239
05/13/2008,ARR,IL,AGL,CE,Towers with Radar,0,3,26,0,29,0,1,53,0,54,0,4,79,0,83,55,0,55,138
05/14/2008,ARR,IL,AGL,CE,Towers with Radar,0,1,30,0,31,0,0,42,0,42,0,1,72,0,73,53,0,53,126
05/15/2008,ARR,IL,AGL,CE,Towers with Radar,0,3,41,0,44,0,0,79,0,79,0,3,120,0,123,122,0,122,245
05/16/2008,ARR,IL,AGL,CE,Towers with Radar,0,3,38,0,41,0,0,103,0,103,0,3,141,0,144,124,0,124,268
05/17/2008,ARR,IL,AGL,CE,Towers with Radar,0,0,16,0,16,0,0,119,0,119,0,0,135,0,135,167,0,167,302
05/18/2008,ARR,IL,AGL,CE,Towers with Radar,0,1,20,0,21,0,0,179,0,179,0,1,199,0,200,146,0,146,346
05/19/2008,ARR,IL,AGL,CE,Towers with Radar,0,3,20,0,23,0,0,94,0,94,0,3,114,0,117,128,0,128,245
05/20/2008,ARR,IL,AGL,CE,Towers with Radar,0,1,26,0,27,0,0,96,0,96,0,1,122,0,123,156,0,156,279
05/21/2008,ARR,IL,AGL,CE,Towers with Radar,0,0,21,0,21,0,0,133,0,133,0,0,154,0,154,131,0,131,285
05/22/2008,ARR,IL,AGL,CE,Towers with Radar,0,4,23,0,27,0,0,89,0,89,0,4,112,0,116,137,0,137,253
05/23/2008,ARR,IL,AGL,CE,Towers with Radar,0,2,32,0,34,0,0,70,0,70,0,2,102,0,104,153,0,153,257
05/24/2008,ARR,IL,AGL,CE,Towers with Radar,0,0,23,0,23,0,0,132,0,132,0,0,155,0,155,194,0,194,349
05/25/2008,ARR,IL,AGL,CE,Towers with Radar,0,1,15,0,16,0,0,66,0,66,0,1,81,0,82,134,0,134,216
05/26/2008,ARR,IL,AGL,CE,Towers with Radar,0,2,22,0,24,0,0,51,0,51,0,2,73,0,75,82,0,82,157
05/27/2008,ARR,IL,AGL,CE,Towers with Radar,0,0,18,0,18,0,0,23,0,23,0,0,41,0,41,47,0,47,88
05/28/2008,ARR,IL,AGL,CE,Towers with Radar,0,3,25,0,28,0,0,98,0,98,0,3,123,0,126,140,0,140,266
05/29/2008,ARR,IL,AGL,CE,Towers with Radar,0,1,32,0,33,0,0,91,0,91,0,1,123,0,124,94,0,94,218
05/30/2008,ARR,IL,AGL,CE,Towers with Radar,0,2,17,0,19,0,1,15,0,16,0,3,32,0,35,8,0,8,43
05/31/2008,ARR,IL,AGL,CE,Towers with Radar,0,3,31,0,34,0,0,112,0,112,0,3,143,0,146,124,0,124,270
06/01/2008,ARR,IL,AGL,CE,Towers with Radar,0,3,13,0,16,0,0,126,0,126,0,3,139,0,142,136,0,136,278
06/02/2008,ARR,IL,AGL,CE,Towers with Radar,0,3,24,0,27,0,0,108,0,108,0,3,132,0,135,111,0,111,246
06/03/2008,ARR,IL,AGL,CE,Towers with Radar,0,1,17,0,18,0,0,11,0,11,0,1,28,0,29,31,0,31,60
06/04/2008,ARR,IL,AGL,CE,Towers with Radar,0,0,38,0,38,0,0,29,0,29,0,0,67,0,67,68,0,68,135
06/05/2008,ARR,IL,AGL,CE,Towers with Radar,0,1,25,0,26,0,0,62,0,62,0,1,87,0,88,75,0,75,163
06/06/2008,ARR,IL,AGL,CE,Towers with Radar,0,2,23,2,27,0,0,27,0,27,0,2,50,2,54,10,0,10,64
06/07/2008,ARR,IL,AGL,CE,Towers with Radar,0,0,35,0,35,0,0,24,0,24,0,0,59,0,59,17,0,17,76
06/08/2008,ARR,IL,AGL,CE,Towers with Radar,0,0,14,2,16,0,0,65,0,65,0,0,79,2,81,91,0,91,172
06/09/2008,ARR,IL,AGL,CE,Towers with Radar,0,2,44,0,46,0,0,9,0,9,0,2,53,0,55,10,0,10,65
06/10/2008,ARR,IL,AGL,CE,Towers with Radar,0,2,21,0,23,0,0,118,0,118,0,2,139,0,141,193,0,193,334
06/11/2008,ARR,IL,AGL,CE,Towers with Radar,0,5,25,0,30,0,0,86,0,86,0,5,111,0,116,142,0,142,258
06/12/2008,ARR,IL,AGL,CE,Towers with Radar,0,3,22,0,25,0,0,69,0,69,0,3,91,0,94,122,0,122,216
06/13/2008,ARR,IL,AGL,CE,Towers with Radar,0,1,20,0,21,0,0,60,0,60,0,1,80,0,81,76,0,76,157
06/14/2008,ARR,IL,AGL,CE,Towers with Radar,0,3,31,0,34,0,1,175,0,176,0,4,206,0,210,262,0,262,472
06/15/2008,ARR,IL,AGL,CE,Towers with Radar,0,0,18,0,18,0,0,43,0,43,0,0,61,0,61,83,0,83,144
06/16/2008,ARR,IL,AGL,CE,Towers with Radar,0,2,34,0,36,0,0,88,0,88,0,2,122,0,124,205,0,205,329
06/17/2008,ARR,IL,AGL,CE,Towers with Radar,0,0,29,0,29,0,0,141,0,141,0,0,170,0,170,199,0,199,369
06/18/2008,ARR,IL,AGL,CE,Towers with Radar,0,6,31,0,37,0,0,146,0,146,0,6,177,0,183,156,0,156,339
06/19/2008,ARR,IL,AGL,CE,Towers with Radar,0,0,38,0,38,0,0,104,0,104,0,0,142,0,142,164,0,164,306
06/20/2008,ARR,IL,AGL,CE,Towers with Radar,0,6,30,0,36,0,0,81,0,81,0,6,111,0,117,86,0,86,203
06/21/2008,ARR,IL,AGL,CE,Towers with Radar,0,0,13,0,13,0,0,99,0,99,0,0,112,0,112,188,0,188,300
06/22/2008,ARR,IL,AGL,CE,Towers with Radar,0,2,23,0,25,0,0,90,0,90,0,2,113,0,115,146,0,146,261
06/23/2008,ARR,IL,AGL,CE,Towers with Radar,0,4,39,0,43,0,0,87,0,87,0,4,126,0,130,130,0,130,260
06/24/2008,ARR,IL,AGL,CE,Towers with Radar,0,3,30,0,33,0,0,82,0,82,0,3,112,0,115,174,0,174,289
06/25/2008,ARR,IL,AGL,CE,Towers with Radar,0,0,41,0,41,0,0,11,0,11,0,0,52,0,52,43,0,43,95
06/26/2008,ARR,IL,AGL,CE,Towers with Radar,0,5,43,0,48,0,0,91,0,91,0,5,134,0,139,146,0,146,285
06/27/2008,ARR,IL,AGL,CE,Towers with Radar,0,6,28,2,36,0,0,22,0,22,0,6,50,2,58,20,0,20,78
06/28/2008,ARR,IL,AGL,CE,Towers with Radar,0,0,16,0,16,0,0,42,0,42,0,0,58,0,58,118,0,118,176
06/29/2008,ARR,IL,AGL,CE,Towers with Radar,0,2,23,0,25,0,0,125,0,125,0,2,148,0,150,110,0,110,260
06/30/2008,ARR,IL,AGL,CE,Towers with Radar,0,2,29,0,31,0,0,138,0,138,0,2,167,0,169,154,0,154,323
07/01/2008,ARR,IL,AGL,CE,Towers with Radar,0,3,21,0,24,0,1,121,4,126,0,4,142,4,150,243,0,243,393
07/02/2008,ARR,IL,AGL,CE,Towers with Radar,0,1,28,0,29,0,0,66,0,66,0,1,94,0,95,60,0,60,155
07/03/2008,ARR,IL,AGL,CE,Towers with Radar,0,3,32,0,35,0,0,97,0,97,0,3,129,0,132,103,0,103,235
07/04/2008,ARR,IL,AGL,CE,Towers with Radar,0,0,8,0,8,0,0,88,0,88,0,0,96,0,96,71,0,71,167
07/05/2008,ARR,IL,AGL,CE,Towers with Radar,0,0,15,0,15,0,0,127,0,127,0,0,142,0,142,174,0,174,316
07/06/2008,ARR,IL,AGL,CE,Towers with Radar,0,1,25,0,26,0,0,133,0,133,0,1,158,0,159,147,0,147,306
07/07/2008,ARR,IL,AGL,CE,Towers with Radar,0,3,16,0,19,0,0,54,0,54,0,3,70,0,73,50,0,50,123
07/08/2008,ARR,IL,AGL,CE,Towers with Radar,0,0,41,0,41,0,0,55,0,55,0,0,96,0,96,96,0,96,192
07/09/2008,ARR,IL,AGL,CE,Towers with Radar,0,1,39,0,40,0,0,150,0,150,0,1,189,0,190,200,0,200,390
07/10/2008,ARR,IL,AGL,CE,Towers with Radar,0,3,30,0,33,0,0,61,0,61,0,3,91,0,94,64,0,64,158
07/11/2008,ARR,IL,AGL,CE,Towers with Radar,0,0,29,4,33,0,0,86,0,86,0,0,115,4,119,171,0,171,290
07/12/2008,ARR,IL,AGL,CE,Towers with Radar,0,0,13,0,13,0,0,75,0,75,0,0,88,0,88,140,0,140,228
07/13/2008,ARR,IL,AGL,CE,Towers with Radar,0,3,31,4,38,0,1,154,0,155,0,4,185,4,193,120,0,120,313
07/14/2008,ARR,IL,AGL,CE,Towers with Radar,0,0,19,0,19,0,0,135,0,135,0,0,154,0,154,214,0,214,368
07/15/2008,ARR,IL,AGL,CE,Towers with Radar,0,1,24,0,25,0,1,100,0,101,0,2,124,0,126,89,0,89,215
07/16/2008,ARR,IL,AGL,CE,Towers with Radar,0,2,30,0,32,0,0,102,0,102,0,2,132,0,134,129,0,129,263
07/17/2008,ARR,IL,AGL,CE,Towers with Radar,0,2,29,0,31,0,0,79,0,79,0,2,108,0,110,94,0,94,204
07/18/2008,ARR,IL,AGL,CE,Towers with Radar,0,0,53,0,53,0,0,106,0,106,0,0,159,0,159,86,0,86,245
07/19/2008,ARR,IL,AGL,CE,Towers with Radar,0,5,17,0,22,0,0,13,0,13,0,5,30,0,35,40,0,40,75
07/20/2008,ARR,IL,AGL,CE,Towers with Radar,0,1,55,0,56,0,0,101,0,101,0,1,156,0,157,161,0,161,318
07/21/2008,ARR,IL,AGL,CE,Towers with Radar,0,0,31,0,31,0,0,44,1,45,0,0,75,1,76,40,0,40,116
07/22/2008,ARR,IL,AGL,CE,Towers with Radar,0,0,32,0,32,0,0,129,0,129,0,0,161,0,161,136,0,136,297
07/23/2008,ARR,IL,AGL,CE,Towers with Radar,0,0,23,0,23,0,0,141,0,141,0,0,164,0,164,162,0,162,326
07/24/2008,ARR,IL,AGL,CE,Towers with Radar,0,3,31,0,34,0,0,104,0,104,0,3,135,0,138,72,0,72,210
07/25/2008,ARR,IL,AGL,CE,Towers with Radar,0,3,33,0,36,0,0,130,0,130,0,3,163,0,166,119,0,119,285
07/26/2008,ARR,IL,AGL,CE,Towers with Radar,0,4,15,0,19,0,0,127,0,127,0,4,142,0,146,225,0,225,371
07/27/2008,ARR,IL,AGL,CE,Towers with Radar,0,1,26,0,27,0,0,127,0,127,0,1,153,0,154,165,0,165,319
07/28/2008,ARR,IL,AGL,CE,Towers with Radar,0,3,22,0,25,0,2,78,0,80,0,5,100,0,105,70,0,70,175
07/29/2008,ARR,IL,AGL,CE,Towers with Radar,0,1,30,0,31,0,0,73,0,73,0,1,103,0,104,87,0,87,191
07/30/2008,ARR,IL,AGL,CE,Towers with Radar,0,0,31,0,31,0,0,116,0,116,0,0,147,0,147,144,0,144,291
07/31/2008,ARR,IL,AGL,CE,Towers with Radar,0,5,35,0,40,0,0,59,0,59,0,5,94,0,99,52,0,52,151
08/01/2008,ARR,IL,AGL,CE,Towers with Radar,0,3,33,5,41,0,0,34,0,34,0,3,67,5,75,24,0,24,99
08/02/2008,ARR,IL,AGL,CE,Towers with Radar,0,3,10,0,13,0,0,114,0,114,0,3,124,0,127,82,0,82,209
08/03/2008,ARR,IL,AGL,CE,Towers with Radar,0,1,27,5,33,0,0,167,0,167,0,1,194,5,200,107,3,110,310
08/04/2008,ARR,IL,AGL,CE,Towers with Radar,0,3,16,0,19,0,0,18,0,18,0,3,34,0,37,12,0,12,49
08/05/2008,ARR,IL,AGL,CE,Towers with Radar,0,1,17,0,18,0,0,50,0,50,0,1,67,0,68,80,0,80,148
08/06/2008,ARR,IL,AGL,CE,Towers with Radar,0,0,19,0,19,0,0,129,0,129,0,0,148,0,148,128,0,128,276
08/07/2008,ARR,IL,AGL,CE,Towers with Radar,0,0,17,0,17,0,0,102,0,102,0,0,119,0,119,164,0,164,283
08/08/2008,ARR,IL,AGL,CE,Towers with Radar,0,0,22,0,22,0,0,134,0,134,0,0,156,0,156,174,0,174,330
08/09/2008,ARR,IL,AGL,CE,Towers with Radar,0,2,14,0,16,0,0,112,0,112,0,2,126,0,128,86,0,86,214
08/10/2008,ARR,IL,AGL,CE,Towers with Radar,0,0,13,0,13,0,0,172,0,172,0,0,185,0,185,178,0,178,363
08/11/2008,ARR,IL,AGL,CE,Towers with Radar,0,0,25,0,25,0,0,110,0,110,0,0,135,0,135,78,0,78,213
08/12/2008,ARR,IL,AGL,CE,Towers with Radar,0,1,13,0,14,0,0,104,0,104,0,1,117,0,118,114,0,114,232
08/13/2008,ARR,IL,AGL,CE,Towers with Radar,0,5,28,0,33,0,0,83,0,83,0,5,111,0,116,96,0,96,212
08/14/2008,ARR,IL,AGL,CE,Towers with Radar,0,2,26,0,28,0,0,73,0,73,0,2,99,0,101,33,0,33,134
08/15/2008,ARR,IL,AGL,CE,Towers with Radar,0,1,20,2,23,0,0,111,0,111,0,1,131,2,134,93,0,93,227
08/16/2008,ARR,IL,AGL,CE,Towers with Radar,0,2,20,0,22,0,0,121,2,123,0,2,141,2,145,219,0,219,364
08/17/2008,ARR,IL,AGL,CE,Towers with Radar,0,0,17,0,17,0,0,119,0,119,0,0,136,0,136,112,0,112,248
08/18/2008,ARR,IL,AGL,CE,Towers with Radar,0,2,10,0,12,0,0,95,0,95,0,2,105,0,107,115,0,115,222
08/19/2008,ARR,IL,AGL,CE,Towers with Radar,0,3,26,0,29,0,0,76,0,76,0,3,102,0,105,73,0,73,178
08/20/2008,ARR,IL,AGL,CE,Towers with Radar,0,4,39,0,43,0,0,97,0,97,0,4,136,0,140,67,0,67,207
08/21/2008,ARR,IL,AGL,CE,Towers with Radar,0,8,34,0,42,0,4,62,0,66,0,12,96,0,108,126,0,126,234
08/22/2008,ARR,IL,AGL,CE,Towers with Radar,0,8,26,1,35,0,3,41,0,44,0,11,67,1,79,19,0,19,98
08/23/2008,ARR,IL,AGL,CE,Towers with Radar,0,1,16,1,18,0,0,24,2,26,0,1,40,3,44,95,0,95,139
08/24/2008,ARR,IL,AGL,CE,Towers with Radar,0,2,19,0,21,0,0,263,0,263,0,2,282,0,284,150,0,150,434
08/25/2008,ARR,IL,AGL,CE,Towers with Radar,0,2,35,0,37,0,0,151,0,151,0,2,186,0,188,159,0,159,347
08/26/2008,ARR,IL,AGL,CE,Towers with Radar,0,1,38,0,39,0,0,106,0,106,0,1,144,0,145,181,0,181,326
08/27/2008,ARR,IL,AGL,CE,Towers with Radar,0,0,23,0,23,0,0,122,0,122,0,0,145,0,145,162,0,162,307
08/28/2008,ARR,IL,AGL,CE,Towers with Radar,0,1,35,0,36,0,0,22,2,24,0,1,57,2,60,32,0,32,92
08/29/2008,ARR,IL,AGL,CE,Towers with Radar,0,2,27,0,29,0,0,116,0,116,0,2,143,0,145,71,0,71,216
08/30/2008,ARR,IL,AGL,CE,Towers with Radar,0,2,16,0,18,0,0,189,0,189,0,2,205,0,207,197,0,197,404
08/31/2008,ARR,IL,AGL,CE,Towers with Radar,0,0,8,0,8,0,0,121,0,121,0,0,129,0,129,194,0,194,323
09/01/2008,ARR,IL,AGL,CE,Towers with Radar,0,0,26,0,26,0,0,84,0,84,0,0,110,0,110,26,0,26,136
09/02/2008,ARR,IL,AGL,CE,Towers with Radar,0,0,12,0,12,0,0,83,0,83,0,0,95,0,95,67,0,67,162
09/03/2008,ARR,IL,AGL,CE,Towers with Radar,0,0,24,0,24,0,0,49,0,49,0,0,73,0,73,72,0,72,145
09/04/2008,ARR,IL,AGL,CE,Towers with Radar,0,1,11,0,12,0,0,0,0,0,0,1,11,0,12,0,0,0,12
09/05/2008,ARR,IL,AGL,CE,Towers with Radar,0,0,29,2,31,0,0,57,0,57,0,0,86,2,88,111,0,111,199
09/06/2008,ARR,IL,AGL,CE,Towers with Radar,0,0,36,0,36,0,0,175,0,175,0,0,211,0,211,211,0,211,422
09/07/2008,ARR,IL,AGL,CE,Towers with Radar,0,0,17,2,19,0,0,121,0,121,0,0,138,2,140,147,0,147,287
09/08/2008,ARR,IL,AGL,CE,Towers with Radar,0,1,31,0,32,0,0,16,0,16,0,1,47,0,48,18,0,18,66
09/09/2008,ARR,IL,AGL,CE,Towers with Radar,0,1,26,0,27,0,0,120,0,120,0,1,146,0,147,164,0,164,311
09/10/2008,ARR,IL,AGL,CE,Towers with Radar,0,0,32,0,32,0,0,138,0,138,0,0,170,0,170,147,0,147,317
09/11/2008,ARR,IL,AGL,CE,Towers with Radar,0,5,30,3,38,0,0,81,4,85,0,5,111,7,123,89,0,89,212
09/12/2008,ARR,IL,AGL,CE,Towers with Radar,0,3,25,2,30,0,0,0,0,0,0,3,25,2,30,0,0,0,30
09/13/2008,ARR,IL,AGL,CE,Towers with Radar,0,2,11,0,13,0,0,0,0,0,0,2,11,0,13,0,0,0,13
09/14/2008,ARR,IL,AGL,CE,Towers with Radar,0,5,13,0,18,0,0,0,0,0,0,5,13,0,18,0,0,0,18
09/15/2008,ARR,IL,AGL,CE,Towers with Radar,0,1,31,0,32,0,1,24,0,25,0,2,55,0,57,20,0,20,77
09/16/2008,ARR,IL,AGL,CE,Towers with Radar,0,3,27,0,30,0,0,129,0,129,0,3,156,0,159,116,0,116,275
09/17/2008,ARR,IL,AGL,CE,Towers with Radar,0,1,17,0,18,0,0,107,0,107,0,1,124,0,125,109,0,109,234
09/18/2008,ARR,IL,AGL,CE,Towers with Radar,0,0,25,0,25,0,0,139,0,139,0,0,164,0,164,184,0,184,348
09/19/2008,ARR,IL,AGL,CE,Towers with Radar,0,3,17,0,20,0,0,148,0,148,0,3,165,0,168,150,0,150,318
09/20/2008,ARR,IL,AGL,CE,Towers with Radar,0,0,23,0,23,0,0,115,0,115,0,0,138,0,138,162,0,162,300
09/21/2008,ARR,IL,AGL,CE,Towers with Radar,0,0,26,0,26,0,0,61,0,61,0,0,87,0,87,68,0,68,155
09/22/2008,ARR,IL,AGL,CE,Towers with Radar,0,1,20,0,21,0,0,66,0,66,0,1,86,0,87,87,0,87,174
09/23/2008,ARR,IL,AGL,CE,Towers with Radar,0,3,12,0,15,0,0,80,0,80,0,3,92,0,95,85,0,85,180
09/24/2008,ARR,IL,AGL,CE,Towers with Radar,0,6,18,0,24,0,0,45,0,45,0,6,63,0,69,61,0,61,130
09/25/2008,ARR,IL,AGL,CE,Towers with Radar,0,4,21,0,25,0,0,95,0,95,0,4,116,0,120,76,0,76,196
09/26/2008,ARR,IL,AGL,CE,Towers with Radar,0,1,31,1,33,0,0,123,0,123,0,1,154,1,156,148,0,148,304
09/27/2008,ARR,IL,AGL,CE,Towers with Radar,0,0,20,0,20,0,0,137,0,137,0,0,157,0,157,166,0,166,323
09/28/2008,ARR,IL,AGL,CE,Towers with Radar,0,0,27,1,28,0,0,209,0,209,0,0,236,1,237,146,0,146,383
09/29/2008,ARR,IL,AGL,CE,Towers with Radar,0,1,14,0,15,0,0,3,0,3,0,1,17,0,18,28,0,28,46
09/30/2008,ARR,IL,AGL,CE,Towers with Radar,0,1,21,0,22,0,0,110,0,110,0,1,131,0,132,109,0,109,241
10/01/2008,ARR,IL,AGL,CE,Towers with Radar,0,4,24,0,28,0,0,110,0,110,0,4,134,0,138,54,0,54,192
10/02/2008,ARR,IL,AGL,CE,Towers with Radar,0,1,23,0,24,0,0,97,0,97,0,1,120,0,121,52,0,52,173
10/03/2008,ARR,IL,AGL,CE,Towers with Radar,0,0,24,4,28,0,0,82,0,82,0,0,106,4,110,44,0,44,154
10/04/2008,ARR,IL,AGL,CE,Towers with Radar,0,0,16,0,16,0,0,183,0,183,0,0,199,0,199,131,0,131,330
10/05/2008,ARR,IL,AGL,CE,Towers with Radar,0,0,21,4,25,0,0,77,0,77,0,0,98,4,102,58,0,58,160
10/06/2008,ARR,IL,AGL,CE,Towers with Radar,0,2,19,0,21,0,0,85,0,85,0,2,104,0,106,52,0,52,158
10/07/2008,ARR,IL,AGL,CE,Towers with Radar,0,2,19,0,21,0,0,79,0,79,0,2,98,0,100,36,0,36,136
10/08/2008,ARR,IL,AGL,CE,Towers with Radar,0,0,22,0,22,0,0,29,0,29,0,0,51,0,51,41,0,41,92
10/09/2008,ARR,IL,AGL,CE,Towers with Radar,0,1,27,0,28,0,0,192,0,192,0,1,219,0,220,97,0,97,317
10/10/2008,ARR,IL,AGL,CE,Towers with Radar,0,3,26,0,29,0,0,136,0,136,0,3,162,0,165,102,0,102,267
10/11/2008,ARR,IL,AGL,CE,Towers with Radar,0,1,16,0,17,0,0,176,0,176,0,1,192,0,193,177,0,177,370
10/12/2008,ARR,IL,AGL,CE,Towers with Radar,0,3,14,0,17,0,0,149,0,149,0,3,163,0,166,94,0,94,260
10/13/2008,ARR,IL,AGL,CE,Towers with Radar,0,2,32,0,34,0,0,92,0,92,0,2,124,0,126,63,0,63,189
10/14/2008,ARR,IL,AGL,CE,Towers with Radar,0,2,15,0,17,0,0,125,0,125,0,2,140,0,142,82,0,82,224
10/15/2008,ARR,IL,AGL,CE,Towers with Radar,0,1,38,0,39,0,0,9,0,9,0,1,47,0,48,6,0,6,54
10/16/2008,ARR,IL,AGL,CE,Towers with Radar,0,0,30,0,30,0,0,111,0,111,0,0,141,0,141,53,0,53,194
10/17/2008,ARR,IL,AGL,CE,Towers with Radar,0,0,21,0,21,0,0,116,0,116,0,0,137,0,137,149,0,149,286
10/18/2008,ARR,IL,AGL,CE,Towers with Radar,0,0,12,0,12,0,0,212,0,212,0,0,224,0,224,233,0,233,457
10/19/2008,ARR,IL,AGL,CE,Towers with Radar,0,0,5,0,5,0,0,114,0,114,0,0,119,0,119,122,0,122,241
10/20/2008,ARR,IL,AGL,CE,Towers with Radar,0,3,24,0,27,0,0,40,0,40,0,3,64,0,67,64,0,64,131
10/21/2008,ARR,IL,AGL,CE,Towers with Radar,0,1,14,0,15,0,0,162,0,162,0,1,176,0,177,103,0,103,280
10/22/2008,ARR,IL,AGL,CE,Towers with Radar,0,1,14,0,15,0,1,79,0,80,0,2,93,0,95,100,0,100,195
10/23/2008,ARR,IL,AGL,CE,Towers with Radar,0,0,15,0,15,0,0,73,0,73,0,0,88,0,88,107,0,107,195
10/24/2008,ARR,IL,AGL,CE,Towers with Radar,0,1,28,0,29,0,0,19,0,19,0,1,47,0,48,38,0,38,86
10/25/2008,ARR,IL,AGL,CE,Towers with Radar,0,2,30,0,32,0,4,38,0,42,0,6,68,0,74,24,0,24,98
10/26/2008,ARR,IL,AGL,CE,Towers with Radar,0,1,12,0,13,0,0,43,0,43,0,1,55,0,56,18,0,18,74
10/27/2008,ARR,IL,AGL,CE,Towers with Radar,0,1,14,0,15,0,0,37,0,37,0,1,51,0,52,16,0,16,68
10/28/2008,ARR,IL,AGL,CE,Towers with Radar,0,0,18,0,18,0,0,109,0,109,0,0,127,0,127,69,0,69,196
10/29/2008,ARR,IL,AGL,CE,Towers with Radar,0,1,25,0,26,0,0,117,0,117,0,1,142,0,143,65,0,65,208
10/30/2008,ARR,IL,AGL,CE,Towers with Radar,0,0,23,0,23,0,0,110,0,110,0,0,133,0,133,84,0,84,217
10/31/2008,ARR,IL,AGL,CE,Towers with Radar,0,1,18,4,23,0,0,175,0,175,0,1,193,4,198,146,0,146,344
11/01/2008,ARR,IL,AGL,CE,Towers with Radar,0,0,11,0,11,0,0,181,0,181,0,0,192,0,192,168,0,168,360
11/02/2008,ARR,IL,AGL,CE,Towers with Radar,0,1,22,4,27,0,0,126,0,126,0,1,148,4,153,156,0,156,309
11/03/2008,ARR,IL,AGL,CE,Towers with Radar,0,1,17,0,18,0,0,97,0,97,0,1,114,0,115,99,0,99,214
11/04/2008,ARR,IL,AGL,CE,Towers with Radar,0,2,19,0,21,0,0,81,0,81,0,2,100,0,102,38,0,38,140
11/05/2008,ARR,IL,AGL,CE,Towers with Radar,0,0,12,0,12,0,0,75,0,75,0,0,87,0,87,86,0,86,173
11/06/2008,ARR,IL,AGL,CE,Towers with Radar,0,1,23,0,24,0,0,22,0,22,0,1,45,0,46,64,0,64,110
11/07/2008,ARR,IL,AGL,CE,Towers with Radar,0,0,18,0,18,0,0,28,0,28,0,0,46,0,46,14,0,14,60
11/08/2008,ARR,IL,AGL,CE,Towers with Radar,0,0,7,0,7,0,0,8,0,8,0,0,15,0,15,0,0,0,15
11/09/2008,ARR,IL,AGL,CE,Towers with Radar,0,0,5,0,5,0,0,48,0,48,0,0,53,0,53,116,0,116,169
11/10/2008,ARR,IL,AGL,CE,Towers with Radar,0,1,19,0,20,0,0,190,0,190,0,1,209,0,210,155,0,155,365
11/11/2008,ARR,IL,AGL,CE,Towers with Radar,0,1,12,0,13,0,0,35,0,35,0,1,47,0,48,72,0,72,120
11/12/2008,ARR,IL,AGL,CE,Towers with Radar,0,0,33,0,33,0,0,10,0,10,0,0,43,0,43,4,0,4,47
11/13/2008,ARR,IL,AGL,CE,Towers with Radar,0,0,26,0,26,0,0,54,0,54,0,0,80,0,80,36,0,36,116
11/14/2008,ARR,IL,AGL,CE,Towers with Radar,0,1,33,0,34,0,0,40,0,40,0,1,73,0,74,16,0,16,90
11/15/2008,ARR,IL,AGL,CE,Towers with Radar,0,0,4,0,4,0,0,31,0,31,0,0,35,0,35,62,0,62,97
11/16/2008,ARR,IL,AGL,CE,Towers with Radar,0,0,23,0,23,0,0,83,0,83,0,0,106,0,106,132,0,132,238
11/17/2008,ARR,IL,AGL,CE,Towers with Radar,0,0,16,0,16,0,0,75,0,75,0,0,91,0,91,68,0,68,159
11/18/2008,ARR,IL,AGL,CE,Towers with Radar,0,3,21,0,24,0,0,157,0,157,0,3,178,0,181,57,0,57,238
11/19/2008,ARR,IL,AGL,CE,Towers with Radar,0,0,19,0,19,0,0,61,0,61,0,0,80,0,80,97,0,97,177
11/20/2008,ARR,IL,AGL,CE,Towers with Radar,0,4,10,0,14,0,0,38,0,38,0,4,48,0,52,36,0,36,88
11/21/2008,ARR,IL,AGL,CE,Towers with Radar,0,3,13,0,16,0,0,121,0,121,0,3,134,0,137,127,0,127,264
11/22/2008,ARR,IL,AGL,CE,Towers with Radar,0,2,14,0,16,0,0,195,0,195,0,2,209,0,211,165,0,165,376
11/23/2008,ARR,IL,AGL,CE,Towers with Radar,0,2,10,0,12,0,0,122,0,122,0,2,132,0,134,106,0,106,240
11/24/2008,ARR,IL,AGL,CE,Towers with Radar,0,1,11,0,12,0,0,23,0,23,0,1,34,0,35,7,0,7,42
11/25/2008,ARR,IL,AGL,CE,Towers with Radar,0,4,21,0,25,0,0,107,0,107,0,4,128,0,132,71,0,71,203
11/26/2008,ARR,IL,AGL,CE,Towers with Radar,0,2,34,0,36,0,0,165,0,165,0,2,199,0,201,156,0,156,357
11/27/2008,ARR,IL,AGL,CE,Towers with Radar,0,0,6,0,6,0,0,45,0,45,0,0,51,0,51,17,0,17,68
11/28/2008,ARR,IL,AGL,CE,Towers with Radar,0,2,8,0,10,0,0,135,0,135,0,2,143,0,145,100,0,100,245
11/29/2008,ARR,IL,AGL,CE,Towers with Radar,0,0,35,0,35,0,0,139,0,139,0,0,174,0,174,126,0,126,300
11/30/2008,ARR,IL,AGL,CE,Towers with Radar,0,3,9,0,12,0,0,6,0,6,0,3,15,0,18,28,0,28,46
12/01/2008,ARR,IL,AGL,CE,Towers with Radar,0,0,19,0,19,0,0,0,0,0,0,0,19,0,19,0,0,0,19
12/02/2008,ARR,IL,AGL,CE,Towers with Radar,0,0,24,0,24,0,0,80,0,80,0,0,104,0,104,14,0,14,118
12/03/2008,ARR,IL,AGL,CE,Towers with Radar,0,3,19,0,22,0,0,43,0,43,0,3,62,0,65,13,0,13,78
12/04/2008,ARR,IL,AGL,CE,Towers with Radar,0,1,19,0,20,0,0,85,0,85,0,1,104,0,105,71,0,71,176
12/05/2008,ARR,IL,AGL,CE,Towers with Radar,0,0,12,4,16,0,0,91,0,91,0,0,103,4,107,6,0,6,113
12/06/2008,ARR,IL,AGL,CE,Towers with Radar,0,0,8,0,8,0,0,7,0,7,0,0,15,0,15,20,0,20,35
12/07/2008,ARR,IL,AGL,CE,Towers with Radar,0,0,16,4,20,0,0,104,0,104,0,0,120,4,124,93,0,93,217
12/08/2008,ARR,IL,AGL,CE,Towers with Radar,0,0,26,0,26,0,0,90,0,90,0,0,116,0,116,16,0,16,132
12/09/2008,ARR,IL,AGL,CE,Towers with Radar,0,1,5,0,6,0,0,0,0,0,0,1,5,0,6,0,0,0,6
12/10/2008,ARR,IL,AGL,CE,Towers with Radar,0,0,21,0,21,0,0,97,0,97,0,0,118,0,118,53,0,53,171
12/11/2008,ARR,IL,AGL,CE,Towers with Radar,0,2,20,0,22,0,0,77,0,77,0,2,97,0,99,40,0,40,139
12/12/2008,ARR,IL,AGL,CE,Towers with Radar,0,1,30,0,31,0,0,119,0,119,0,1,149,0,150,111,0,111,261
12/13/2008,ARR,IL,AGL,CE,Towers with Radar,0,5,9,0,14,0,0,15,0,15,0,5,24,0,29,12,0,12,41
12/14/2008,ARR,IL,AGL,CE,Towers with Radar,0,3,4,0,7,0,0,0,0,0,0,3,4,0,7,0,0,0,7
12/15/2008,ARR,IL,AGL,CE,Towers with Radar,0,1,19,2,22,0,0,33,0,33,0,1,52,2,55,0,0,0,55
12/16/2008,ARR,IL,AGL,CE,Towers with Radar,0,1,7,0,8,0,0,12,0,12,0,1,19,0,20,34,0,34,54
12/17/2008,ARR,IL,AGL,CE,Towers with Radar,0,4,16,0,20,0,0,48,0,48,0,4,64,0,68,53,0,53,121
12/18/2008,ARR,IL,AGL,CE,Towers with Radar,0,2,36,0,38,0,1,88,0,89,0,3,124,0,127,31,0,31,158
12/19/2008,ARR,IL,AGL,CE,Towers with Radar,0,0,7,2,9,0,0,4,0,4,0,0,11,2,13,16,0,16,29
12/20/2008,ARR,IL,AGL,CE,Towers with Radar,0,2,8,3,13,0,0,42,0,42,0,2,50,3,55,42,0,42,97
12/21/2008,ARR,IL,AGL,CE,Towers with Radar,0,0,7,0,7,0,0,1,0,1,0,0,8,0,8,0,0,0,8
12/22/2008,ARR,IL,AGL,CE,Towers with Radar,0,5,30,0,35,0,0,51,0,51,0,5,81,0,86,28,0,28,114
12/23/2008,ARR,IL,AGL,CE,Towers with Radar,0,1,6,0,7,0,0,0,0,0,0,1,6,0,7,0,0,0,7
12/24/2008,ARR,IL,AGL,CE,Towers with Radar,0,1,5,0,6,0,0,0,0,0,0,1,5,0,6,0,0,0,6
12/25/2008,ARR,IL,AGL,CE,Towers with Radar,0,0,5,0,5,0,1,16,0,17,0,1,21,0,22,4,0,4,26
12/26/2008,ARR,IL,AGL,CE,Towers with Radar,0,0,8,0,8,0,0,0,0,0,0,0,8,0,8,0,0,0,8
12/27/2008,ARR,IL,AGL,CE,Towers with Radar,0,2,6,0,8,0,0,0,0,0,0,2,6,0,8,0,0,0,8
12/28/2008,ARR,IL,AGL,CE,Towers with Radar,0,0,21,0,21,0,0,67,0,67,0,0,88,0,88,33,0,33,121
12/29/2008,ARR,IL,AGL,CE,Towers with Radar,0,1,21,0,22,0,0,133,0,133,0,1,154,0,155,84,0,84,239
12/30/2008,ARR,IL,AGL,CE,Towers with Radar,0,1,15,0,16,0,0,140,0,140,0,1,155,0,156,74,0,74,230
12/31/2008,ARR,IL,AGL,CE,Towers with Radar,0,0,14,0,14,0,0,83,0,83,0,0,97,0,97,88,0,88,185
01/01/2009,ARR,IL,AGL,CE,Towers with Radar,0,1,7,0,8,0,0,27,0,27,0,1,34,0,35,2,0,2,37
01/02/2009,ARR,IL,AGL,CE,Towers with Radar,0,2,15,0,17,0,0,72,0,72,0,2,87,0,89,91,0,91,180
01/03/2009,ARR,IL,AGL,CE,Towers with Radar,0,1,18,0,19,0,0,105,0,105,0,1,123,0,124,129,0,129,253
01/04/2009,ARR,IL,AGL,CE,Towers with Radar,0,2,18,0,20,0,0,9,0,9,0,2,27,0,29,21,0,21,50
01/05/2009,ARR,IL,AGL,CE,Towers with Radar,0,0,22,0,22,0,1,161,0,162,0,1,183,0,184,110,0,110,294
01/06/2009,ARR,IL,AGL,CE,Towers with Radar,0,2,9,0,11,0,0,2,0,2,0,2,11,0,13,0,0,0,13
01/07/2009,ARR,IL,AGL,CE,Towers with Radar,0,3,20,0,23,0,0,3,0,3,0,3,23,0,26,2,0,2,28
01/08/2009,ARR,IL,AGL,CE,Towers with Radar,0,7,23,0,30,0,0,81,0,81,0,7,104,0,111,44,0,44,155
01/09/2009,ARR,IL,AGL,CE,Towers with Radar,0,2,11,2,15,0,0,30,0,30,0,2,41,2,45,6,0,6,51
01/10/2009,ARR,IL,AGL,CE,Towers with Radar,0,0,6,0,6,0,0,1,0,1,0,0,7,0,7,0,0,0,7
01/11/2009,ARR,IL,AGL,CE,Towers with Radar,0,2,6,2,10,0,0,47,0,47,0,2,53,2,57,68,0,68,125
01/12/2009,ARR,IL,AGL,CE,Towers with Radar,0,1,24,0,25,0,0,1,0,1,0,1,25,0,26,0,0,0,26
01/13/2009,ARR,IL,AGL,CE,Towers with Radar,0,0,16,0,16,0,0,53,0,53,0,0,69,0,69,55,0,55,124
01/14/2009,ARR,IL,AGL,CE,Towers with Radar,0,0,9,0,9,0,0,0,0,0,0,0,9,0,9,0,0,0,9
01/15/2009,ARR,IL,AGL,CE,Towers with Radar,0,1,15,1,17,0,1,11,0,12,0,2,26,1,29,6,0,6,35
01/16/2009,ARR,IL,AGL,CE,Towers with Radar,0,3,7,0,10,0,0,27,0,27,0,3,34,0,37,0,0,0,37
01/17/2009,ARR,IL,AGL,CE,Towers with Radar,0,0,7,0,7,0,0,6,0,6,0,0,13,0,13,0,0,0,13
01/18/2009,ARR,IL,AGL,CE,Towers with Radar,0,1,11,0,12,0,0,130,0,130,0,1,141,0,142,210,0,210,352
01/19/2009,ARR,IL,AGL,CE,Towers with Radar,0,0,19,0,19,0,0,103,0,103,0,0,122,0,122,66,0,66,188
01/20/2009,ARR,IL,AGL,CE,Towers with Radar,0,2,16,0,18,0,0,73,0,73,0,2,89,0,91,73,0,73,164
01/21/2009,ARR,IL,AGL,CE,Towers with Radar,0,0,18,0,18,0,0,119,0,119,0,0,137,0,137,92,0,92,229
01/22/2009,ARR,IL,AGL,CE,Towers with Radar,0,2,40,0,42,0,0,94,0,94,0,2,134,0,136,82,0,82,218
01/23/2009,ARR,IL,AGL,CE,Towers with Radar,0,0,27,0,27,0,0,37,0,37,0,0,64,0,64,47,0,47,111
01/24/2009,ARR,IL,AGL,CE,Towers with Radar,0,0,16,0,16,0,0,89,0,89,0,0,105,0,105,83,0,83,188
01/25/2009,ARR,IL,AGL,CE,Towers with Radar,0,0,15,0,15,0,0,81,0,81,0,0,96,0,96,60,0,60,156
01/26/2009,ARR,IL,AGL,CE,Towers with Radar,0,0,23,0,23,0,1,54,0,55,0,1,77,0,78,34,0,34,112
01/27/2009,ARR,IL,AGL,CE,Towers with Radar,0,1,13,0,14,0,0,59,0,59,0,1,72,0,73,64,0,64,137
01/28/2009,ARR,IL,AGL,CE,Towers with Radar,0,0,39,0,39,0,0,130,0,130,0,0,169,0,169,72,0,72,241
01/29/2009,ARR,IL,AGL,CE,Towers with Radar,0,2,26,0,28,0,1,39,0,40,0,3,65,0,68,24,0,24,92
01/30/2009,ARR,IL,AGL,CE,Towers with Radar,0,0,24,0,24,0,0,102,0,102,0,0,126,0,126,47,0,47,173
01/31/2009,ARR,IL,AGL,CE,Towers with Radar,0,1,7,0,8,0,0,85,0,85,0,1,92,0,93,42,0,42,135
02/01/2009,ARR,IL,AGL,CE,Towers with Radar,0,0,14,0,14,0,0,153,0,153,0,0,167,0,167,201,0,201,368
02/02/2009,ARR,IL,AGL,CE,Towers with Radar,0,1,18,0,19,0,0,120,0,120,0,1,138,0,139,92,0,92,231
02/03/2009,ARR,IL,AGL,CE,Towers with Radar,0,0,24,0,24,0,0,20,0,20,0,0,44,0,44,4,0,4,48
02/04/2009,ARR,IL,AGL,CE,Towers with Radar,0,1,42,0,43,0,0,62,0,62,0,1,104,0,105,67,0,67,172
02/05/2009,ARR,IL,AGL,CE,Towers with Radar,0,1,18,0,19,0,0,99,0,99,0,1,117,0,118,80,0,80,198
02/06/2009,ARR,IL,AGL,CE,Towers with Radar,0,0,21,4,25,0,1,155,0,156,0,1,176,4,181,94,0,94,275
02/07/2009,ARR,IL,AGL,CE,Towers with Radar,0,0,15,0,15,0,0,115,0,115,0,0,130,0,130,99,0,99,229
02/08/2009,ARR,IL,AGL,CE,Towers with Radar,0,1,46,4,51,0,0,115,0,115,0,1,161,4,166,188,0,188,354
02/09/2009,ARR,IL,AGL,CE,Towers with Radar,0,3,30,0,33,0,0,30,0,30,0,3,60,0,63,24,0,24,87
02/10/2009,ARR,IL,AGL,CE,Towers with Radar,0,1,16,0,17,0,0,86,0,86,0,1,102,0,103,19,0,19,122
02/11/2009,ARR,IL,AGL,CE,Towers with Radar,0,5,13,0,18,0,0,0,0,0,0,5,13,0,18,0,0,0,18
02/12/2009,ARR,IL,AGL,CE,Towers with Radar,0,5,14,0,19,0,0,111,0,111,0,5,125,0,130,90,0,90,220
02/13/2009,ARR,IL,AGL,CE,Towers with Radar,0,0,24,1,25,0,0,92,0,92,0,0,116,1,117,68,0,68,185
02/14/2009,ARR,IL,AGL,CE,Towers with Radar,0,1,21,1,23,0,0,27,0,27,0,1,48,1,50,36,0,36,86
02/15/2009,ARR,IL,AGL,CE,Towers with Radar,0,1,23,0,24,0,0,86,0,86,0,1,109,0,110,78,0,78,188
02/16/2009,ARR,IL,AGL,CE,Towers with Radar,0,1,33,0,34,0,0,136,0,136,0,1,169,0,170,75,0,75,245
02/17/2009,ARR,IL,AGL,CE,Towers with Radar,0,3,17,0,20,0,0,88,0,88,0,3,105,0,108,70,0,70,178
02/18/2009,ARR,IL,AGL,CE,Towers with Radar,0,0,21,0,21,0,0,4,0,4,0,0,25,0,25,16,0,16,41
02/19/2009,ARR,IL,AGL,CE,Towers with Radar,0,0,24,0,24,0,0,76,0,76,0,0,100,0,100,46,0,46,146
02/20/2009,ARR,IL,AGL,CE,Towers with Radar,0,3,34,0,37,0,0,134,0,134,0,3,168,0,171,147,0,147,318
02/21/2009,ARR,IL,AGL,CE,Towers with Radar,0,0,2,0,2,0,0,0,0,0,0,0,2,0,2,0,0,0,2
02/22/2009,ARR,IL,AGL,CE,Towers with Radar,0,0,14,2,16,0,0,62,0,62,0,0,76,2,78,44,0,44,122
02/23/2009,ARR,IL,AGL,CE,Towers with Radar,0,1,20,0,21,0,0,147,0,147,0,1,167,0,168,62,0,62,230
02/24/2009,ARR,IL,AGL,CE,Towers with Radar,0,2,23,0,25,0,0,96,0,96,0,2,119,0,121,58,0,58,179
02/25/2009,ARR,IL,AGL,CE,Towers with Radar,0,3,20,0,23,0,0,94,0,94,0,3,114,0,117,85,0,85,202
02/26/2009,ARR,IL,AGL,CE,Towers with Radar,0,4,19,0,23,0,0,0,0,0,0,4,19,0,23,0,0,0,23
02/27/2009,ARR,IL,AGL,CE,Towers with Radar,0,2,22,0,24,0,0,21,0,21,0,2,43,0,45,4,0,4,49
02/28/2009,ARR,IL,AGL,CE,Towers with Radar,0,1,6,0,7,0,0,69,0,69,0,1,75,0,76,127,0,127,203
03/01/2009,ARR,IL,AGL,CE,Towers with Radar,0,1,15,0,16,0,0,90,0,90,0,1,105,0,106,43,0,43,149
03/02/2009,ARR,IL,AGL,CE,Towers with Radar,0,2,27,0,29,0,0,101,0,101,0,2,128,0,130,61,0,61,191
03/03/2009,ARR,IL,AGL,CE,Towers with Radar,0,1,23,0,24,0,0,93,0,93,0,1,116,0,117,112,0,112,229
03/04/2009,ARR,IL,AGL,CE,Towers with Radar,0,1,38,0,39,0,0,145,0,145,0,1,183,0,184,136,0,136,320
03/05/2009,ARR,IL,AGL,CE,Towers with Radar,0,0,24,0,24,0,0,55,0,55,0,0,79,0,79,31,0,31,110
03/06/2009,ARR,IL,AGL,CE,Towers with Radar,0,3,35,7,45,0,0,195,0,195,0,3,230,7,240,180,0,180,420
03/07/2009,ARR,IL,AGL,CE,Towers with Radar,0,0,21,0,21,0,0,0,0,0,0,0,21,0,21,6,0,6,27
03/08/2009,ARR,IL,AGL,CE,Towers with Radar,0,2,9,4,15,0,0,0,0,0,0,2,9,4,15,0,0,0,15
03/09/2009,ARR,IL,AGL,CE,Towers with Radar,0,4,22,0,26,0,0,49,0,49,0,4,71,0,75,81,0,81,156
03/10/2009,ARR,IL,AGL,CE,Towers with Radar,0,0,24,0,24,0,0,0,0,0,0,0,24,0,24,10,0,10,34
03/11/2009,ARR,IL,AGL,CE,Towers with Radar,0,0,27,0,27,0,0,63,0,63,0,0,90,0,90,38,0,38,128
03/12/2009,ARR,IL,AGL,CE,Towers with Radar,0,1,20,0,21,0,2,191,0,193,0,3,211,0,214,136,0,136,350
03/13/2009,ARR,IL,AGL,CE,Towers with Radar,0,8,24,0,32,0,0,164,0,164,0,8,188,0,196,124,0,124,320
03/14/2009,ARR,IL,AGL,CE,Towers with Radar,0,1,15,0,16,0,0,213,0,213,0,1,228,0,229,244,0,244,473
03/15/2009,ARR,IL,AGL,CE,Towers with Radar,0,1,26,0,27,0,0,155,0,155,0,1,181,0,182,191,0,191,373
03/16/2009,ARR,IL,AGL,CE,Towers with Radar,0,0,24,0,24,0,0,165,0,165,0,0,189,0,189,183,0,183,372
03/17/2009,ARR,IL,AGL,CE,Towers with Radar,0,1,23,0,24,0,0,74,0,74,0,1,97,0,98,46,0,46,144
03/18/2009,ARR,IL,AGL,CE,Towers with Radar,0,3,20,0,23,0,0,102,0,102,0,3,122,0,125,100,0,100,225
03/19/2009,ARR,IL,AGL,CE,Towers with Radar,0,2,17,0,19,0,0,136,0,136,0,2,153,0,155,111,0,111,266
03/20/2009,ARR,IL,AGL,CE,Towers with Radar,0,1,29,2,32,0,0,204,0,204,0,1,233,2,236,172,0,172,408
03/21/2009,ARR,IL,AGL,CE,Towers with Radar,0,2,14,0,16,0,0,220,0,220,0,2,234,0,236,222,0,222,458
03/22/2009,ARR,IL,AGL,CE,Towers with Radar,0,0,23,0,23,0,0,175,0,175,0,0,198,0,198,170,0,170,368
03/23/2009,ARR,IL,AGL,CE,Towers with Radar,0,2,19,0,21,0,0,40,0,40,0,2,59,0,61,45,0,45,106
03/24/2009,ARR,IL,AGL,CE,Towers with Radar,0,1,11,0,12,0,0,14,0,14,0,1,25,0,26,6,0,6,32
03/25/2009,ARR,IL,AGL,CE,Towers with Radar,0,1,20,0,21,0,0,95,0,95,0,1,115,0,116,139,0,139,255
03/26/2009,ARR,IL,AGL,CE,Towers with Radar,0,0,23,0,23,0,0,128,0,128,0,0,151,0,151,168,0,168,319
03/27/2009,ARR,IL,AGL,CE,Towers with Radar,0,0,21,0,21,0,0,120,0,120,0,0,141,0,141,120,0,120,261
03/28/2009,ARR,IL,AGL,CE,Towers with Radar,0,0,11,0,11,0,0,28,0,28,0,0,39,0,39,26,0,26,65
03/29/2009,ARR,IL,AGL,CE,Towers with Radar,0,4,11,0,15,0,0,15,0,15,0,4,26,0,30,19,0,19,49
03/30/2009,ARR,IL,AGL,CE,Towers with Radar,0,1,19,0,20,0,0,108,0,108,0,1,127,0,128,80,0,80,208
03/31/2009,ARR,IL,AGL,CE,Towers with Radar,0,0,6,0,6,0,0,1,0,1,0,0,7,0,7,0,0,0,7
04/01/2009,ARR,IL,AGL,CE,Towers with Radar,0,0,23,0,23,0,0,81,0,81,0,0,104,0,104,86,0,86,190
04/02/2009,ARR,IL,AGL,CE,Towers with Radar,0,4,10,0,14,0,0,66,0,66,0,4,76,0,80,56,0,56,136
04/03/2009,ARR,IL,AGL,CE,Towers with Radar,0,2,14,2,18,0,0,118,0,118,0,2,132,2,136,91,0,91,227
04/04/2009,ARR,IL,AGL,CE,Towers with Radar,0,0,41,0,41,0,0,310,0,310,0,0,351,0,351,307,0,307,658
04/05/2009,ARR,IL,AGL,CE,Towers with Radar,0,1,13,2,16,0,0,8,0,8,0,1,21,2,24,4,0,4,28
04/06/2009,ARR,IL,AGL,CE,Towers with Radar,0,1,16,0,17,0,0,24,0,24,0,1,40,0,41,54,0,54,95
04/07/2009,ARR,IL,AGL,CE,Towers with Radar,0,1,19,0,20,0,0,69,0,69,0,1,88,0,89,122,0,122,211
04/08/2009,ARR,IL,AGL,CE,Towers with Radar,0,2,27,0,29,0,0,190,0,190,0,2,217,0,219,256,0,256,475
04/09/2009,ARR,IL,AGL,CE,Towers with Radar,0,1,38,0,39,0,0,146,0,146,0,1,184,0,185,202,0,202,387
04/10/2009,ARR,IL,AGL,CE,Towers with Radar,0,1,19,0,20,0,0,64,0,64,0,1,83,0,84,66,0,66,150
04/11/2009,ARR,IL,AGL,CE,Towers with Radar,0,2,20,0,22,0,0,217,0,217,0,2,237,0,239,227,0,227,466
04/12/2009,ARR,IL,AGL,CE,Towers with Radar,0,0,17,2,19,0,0,116,0,116,0,0,133,2,135,100,0,100,235
04/13/2009,ARR,IL,AGL,CE,Towers with Radar,0,0,27,0,27,0,0,0,0,0,0,0,27,0,27,0,0,0,27
04/14/2009,ARR,IL,AGL,CE,Towers with Radar,0,2,10,0,12,0,0,15,0,15,0,2,25,0,27,2,0,2,29
04/15/2009,ARR,IL,AGL,CE,Towers with Radar,0,1,27,0,28,0,0,110,0,110,0,1,137,0,138,145,0,145,283
04/16/2009,ARR,IL,AGL,CE,Towers with Radar,0,3,27,0,30,0,0,203,0,203,0,3,230,0,233,241,0,241,474
04/17/2009,ARR,IL,AGL,CE,Towers with Radar,0,3,29,2,34,0,0,8,0,8,0,3,37,2,42,0,0,0,42
04/18/2009,ARR,IL,AGL,CE,Towers with Radar,0,1,32,0,33,0,0,178,0,178,0,1,210,0,211,225,0,225,436
04/19/2009,ARR,IL,AGL,CE,Towers with Radar,0,1,21,3,25,0,0,0,0,0,0,1,21,3,25,0,0,0,25
04/20/2009,ARR,IL,AGL,CE,Towers with Radar,0,1,29,0,30,0,0,60,0,60,0,1,89,0,90,36,0,36,126
04/21/2009,ARR,IL,AGL,CE,Towers with Radar,0,3,9,0,12,0,0,4,0,4,0,3,13,0,16,14,0,14,30
04/22/2009,ARR,IL,AGL,CE,Towers with Radar,0,0,32,0,32,0,0,125,0,125,0,0,157,0,157,110,0,110,267
04/23/2009,ARR,IL,AGL,CE,Towers with Radar,0,2,24,0,26,0,0,138,0,138,0,2,162,0,164,184,0,184,348
04/24/2009,ARR,IL,AGL,CE,Towers with Radar,0,1,34,0,35,0,0,153,0,153,0,1,187,0,188,124,0,124,312
04/25/2009,ARR,IL,AGL,CE,Towers with Radar,0,2,3,0,5,0,0,29,0,29,0,2,32,0,34,16,0,16,50
04/26/2009,ARR,IL,AGL,CE,Towers with Radar,0,2,13,0,15,0,0,63,0,63,0,2,76,0,78,12,0,12,90
04/27/2009,ARR,IL,AGL,CE,Towers with Radar,0,2,33,0,35,0,0,54,0,54,0,2,87,0,89,31,0,31,120
04/28/2009,ARR,IL,AGL,CE,Towers with Radar,0,1,24,0,25,0,0,100,0,100,0,1,124,0,125,88,0,88,213
04/29/2009,ARR,IL,AGL,CE,Towers with Radar,0,1,64,0,65,0,0,5,0,5,0,1,69,0,70,28,0,28,98
04/30/2009,ARR,IL,AGL,CE,Towers with Radar,0,4,18,0,22,0,0,10,0,10,0,4,28,0,32,10,0,10,42
05/01/2009,ARR,IL,AGL,CE,Towers with Radar,0,1,31,4,36,0,0,119,0,119,0,1,150,4,155,188,0,188,343
05/02/2009,ARR,IL,AGL,CE,Towers with Radar,0,0,21,0,21,0,0,187,2,189,0,0,208,2,210,202,0,202,412
05/03/2009,ARR,IL,AGL,CE,Towers with Radar,0,0,19,5,24,0,0,187,0,187,0,0,206,5,211,176,0,176,387
05/04/2009,ARR,IL,AGL,CE,Towers with Radar,0,0,16,0,16,0,0,148,0,148,0,0,164,0,164,326,0,326,490
05/05/2009,ARR,IL,AGL,CE,Towers with Radar,0,0,25,0,25,0,0,159,0,159,0,0,184,0,184,190,0,190,374
05/06/2009,ARR,IL,AGL,CE,Towers with Radar,0,4,18,0,22,0,0,67,0,67,0,4,85,0,89,111,0,111,200
05/07/2009,ARR,IL,AGL,CE,Towers with Radar,0,0,29,0,29,0,0,92,0,92,0,0,121,0,121,129,0,129,250
05/08/2009,ARR,IL,AGL,CE,Towers with Radar,0,0,30,0,30,0,0,85,0,85,0,0,115,0,115,94,0,94,209
05/09/2009,ARR,IL,AGL,CE,Towers with Radar,0,0,14,0,14,0,0,28,0,28,0,0,42,0,42,67,0,67,109
05/10/2009,ARR,IL,AGL,CE,Towers with Radar,0,2,12,0,14,0,0,84,0,84,0,2,96,0,98,70,0,70,168
05/11/2009,ARR,IL,AGL,CE,Towers with Radar,0,4,21,0,25,0,0,90,0,90,0,4,111,0,115,167,0,167,282
05/12/2009,ARR,IL,AGL,CE,Towers with Radar,0,7,15,0,22,0,0,157,2,159,0,7,172,2,181,107,2,109,290
05/13/2009,ARR,IL,AGL,CE,Towers with Radar,0,1,28,0,29,0,0,0,0,0,0,1,28,0,29,0,0,0,29
05/14/2009,ARR,IL,AGL,CE,Towers with Radar,0,2,25,0,27,0,0,190,0,190,0,2,215,0,217,158,0,158,375
05/15/2009,ARR,IL,AGL,CE,Towers with Radar,0,0,28,0,28,0,0,27,0,27,0,0,55,0,55,6,0,6,61
05/16/2009,ARR,IL,AGL,CE,Towers with Radar,0,2,20,0,22,0,0,100,0,100,0,2,120,0,122,68,0,68,190
05/17/2009,ARR,IL,AGL,CE,Towers with Radar,0,0,19,0,19,0,0,223,0,223,0,0,242,0,242,135,0,135,377
05/18/2009,ARR,IL,AGL,CE,Towers with Radar,0,2,22,0,24,0,0,141,0,141,0,2,163,0,165,157,0,157,322
05/19/2009,ARR,IL,AGL,CE,Towers with Radar,0,1,20,0,21,0,0,108,2,110,0,1,128,2,131,157,2,159,290
05/20/2009,ARR,IL,AGL,CE,Towers with Radar,0,0,23,0,23,0,0,121,2,123,0,0,144,2,146,70,4,74,220
05/21/2009,ARR,IL,AGL,CE,Towers with Radar,0,3,22,0,25,0,0,122,0,122,0,3,144,0,147,142,0,142,289
05/22/2009,ARR,IL,AGL,CE,Towers with Radar,0,3,20,0,23,0,0,200,0,200,0,3,220,0,223,216,0,216,439
05/23/2009,ARR,IL,AGL,CE,Towers with Radar,0,1,24,0,25,0,0,188,0,188,0,1,212,0,213,148,0,148,361
05/24/2009,ARR,IL,AGL,CE,Towers with Radar,0,3,14,0,17,0,0,75,0,75,0,3,89,0,92,66,0,66,158
05/25/2009,ARR,IL,AGL,CE,Towers with Radar,0,0,31,0,31,0,0,63,0,63,0,0,94,0,94,42,0,42,136
05/26/2009,ARR,IL,AGL,CE,Towers with Radar,0,1,30,0,31,0,0,43,0,43,0,1,73,0,74,51,0,51,125
05/27/2009,ARR,IL,AGL,CE,Towers with Radar,0,3,42,0,45,0,0,4,0,4,0,3,46,0,49,20,0,20,69
05/28/2009,ARR,IL,AGL,CE,Towers with Radar,0,0,42,0,42,0,0,62,0,62,0,0,104,0,104,191,0,191,295
05/29/2009,ARR,IL,AGL,CE,Towers with Radar,0,2,53,0,55,0,0,184,0,184,0,2,237,0,239,140,0,140,379
05/30/2009,ARR,IL,AGL,CE,Towers with Radar,0,1,21,0,22,0,0,207,0,207,0,1,228,0,229,152,0,152,381
05/31/2009,ARR,IL,AGL,CE,Towers with Radar,0,1,28,0,29,0,0,195,0,195,0,1,223,0,224,100,0,100,324
06/01/2009,ARR,IL,AGL,CE,Towers with Radar,0,0,23,0,23,0,0,64,0,64,0,0,87,0,87,63,0,63,150
06/02/2009,ARR,IL,AGL,CE,Towers with Radar,0,3,12,0,15,0,0,74,0,74,0,3,86,0,89,54,0,54,143
06/03/2009,ARR,IL,AGL,CE,Towers with Radar,0,4,39,0,43,0,0,128,0,128,0,4,167,0,171,154,0,154,325
06/04/2009,ARR,IL,AGL,CE,Towers with Radar,0,0,19,0,19,0,0,225,0,225,0,0,244,0,244,221,0,221,465
06/05/2009,ARR,IL,AGL,CE,Towers with Radar,0,2,19,4,25,0,0,209,0,209,0,2,228,4,234,214,8,222,456
06/06/2009,ARR,IL,AGL,CE,Towers with Radar,0,1,9,0,10,0,0,135,0,135,0,1,144,0,145,151,0,151,296
06/07/2009,ARR,IL,AGL,CE,Towers with Radar,0,2,18,4,24,0,0,76,0,76,0,2,94,4,100,76,0,76,176
06/08/2009,ARR,IL,AGL,CE,Towers with Radar,0,1,14,0,15,0,0,34,0,34,0,1,48,0,49,22,0,22,71
06/09/2009,ARR,IL,AGL,CE,Towers with Radar,0,0,48,0,48,0,0,111,0,111,0,0,159,0,159,208,0,208,367
06/10/2009,ARR,IL,AGL,CE,Towers with Radar,0,0,33,0,33,0,0,145,24,169,0,0,178,24,202,162,36,198,400
06/11/2009,ARR,IL,AGL,CE,Towers with Radar,0,1,24,0,25,0,0,73,0,73,0,1,97,0,98,60,0,60,158
06/12/2009,ARR,IL,AGL,CE,Towers with Radar,0,1,24,0,25,0,0,175,0,175,0,1,199,0,200,360,0,360,560
06/13/2009,ARR,IL,AGL,CE,Towers with Radar,0,0,7,5,12,0,0,26,3,29,0,0,33,8,41,66,2,68,109
06/14/2009,ARR,IL,AGL,CE,Towers with Radar,0,0,30,0,30,0,0,194,0,194,0,0,224,0,224,149,0,149,373
06/15/2009,ARR,IL,AGL,CE,Towers with Radar,0,0,46,0,46,0,0,137,0,137,0,0,183,0,183,175,0,175,358
06/16/2009,ARR,IL,AGL,CE,Towers with Radar,0,2,25,0,27,0,0,32,0,32,0,2,57,0,59,88,0,88,147
06/17/2009,ARR,IL,AGL,CE,Towers with Radar,0,1,43,0,44,0,0,108,0,108,0,1,151,0,152,204,0,204,356
06/18/2009,ARR,IL,AGL,CE,Towers with Radar,0,3,38,0,41,0,0,68,0,68,0,3,106,0,109,164,0,164,273
06/19/2009,ARR,IL,AGL,CE,Towers with Radar,0,2,20,0,22,0,0,42,0,42,0,2,62,0,64,46,0,46,110
06/20/2009,ARR,IL,AGL,CE,Towers with Radar,0,1,26,0,27,0,0,224,0,224,0,1,250,0,251,194,0,194,445
06/21/2009,ARR,IL,AGL,CE,Towers with Radar,0,0,21,0,21,0,0,139,0,139,0,0,160,0,160,157,0,157,317
06/22/2009,ARR,IL,AGL,CE,Towers with Radar,0,2,31,0,33,0,0,117,0,117,0,2,148,0,150,102,0,102,252
06/23/2009,ARR,IL,AGL,CE,Towers with Radar,0,0,31,0,31,0,0,150,0,150,0,0,181,0,181,114,0,114,295
06/24/2009,ARR,IL,AGL,CE,Towers with Radar,0,1,23,0,24,0,0,183,0,183,0,1,206,0,207,249,0,249,456
06/25/2009,ARR,IL,AGL,CE,Towers with Radar,0,3,25,0,28,0,0,103,0,103,0,3,128,0,131,102,0,102,233
06/26/2009,ARR,IL,AGL,CE,Towers with Radar,0,1,27,0,28,0,0,172,0,172,0,1,199,0,200,210,0,210,410
06/27/2009,ARR,IL,AGL,CE,Towers with Radar,0,0,21,0,21,0,0,120,0,120,0,0,141,0,141,113,0,113,254
06/28/2009,ARR,IL,AGL,CE,Towers with Radar,0,0,21,1,22,0,0,160,0,160,0,0,181,1,182,86,0,86,268
06/29/2009,ARR,IL,AGL,CE,Towers with Radar,0,1,36,0,37,0,0,65,0,65,0,1,101,0,102,17,0,17,119
06/30/2009,ARR,IL,AGL,CE,Towers with Radar,0,1,21,0,22,0,0,140,2,142,0,1,161,2,164,148,12,160,324
07/01/2009,ARR,IL,AGL,CE,Towers with Radar,0,1,39,0,40,0,0,74,0,74,0,1,113,0,114,209,0,209,323
07/02/2009,ARR,IL,AGL,CE,Towers with Radar,0,0,39,0,39,0,0,185,0,185,0,0,224,0,224,168,0,168,392
07/03/2009,ARR,IL,AGL,CE,Towers with Radar,0,0,21,0,21,0,0,122,0,122,0,0,143,0,143,175,0,175,318
07/04/2009,ARR,IL,AGL,CE,Towers with Radar,0,0,2,0,2,0,0,15,0,15,0,0,17,0,17,4,0,4,21
07/05/2009,ARR,IL,AGL,CE,Towers with Radar,0,1,24,0,25,0,0,147,0,147,0,1,171,0,172,216,0,216,388
07/06/2009,ARR,IL,AGL,CE,Towers with Radar,0,2,25,0,27,0,0,141,0,141,0,2,166,0,168,137,0,137,305
07/07/2009,ARR,IL,AGL,CE,Towers with Radar,0,0,7,0,7,0,0,137,0,137,0,0,144,0,144,149,0,149,293
07/08/2009,ARR,IL,AGL,CE,Towers with Radar,0,0,33,0,33,0,0,67,0,67,0,0,100,0,100,96,0,96,196
07/09/2009,ARR,IL,AGL,CE,Towers with Radar,0,0,29,0,29,0,0,191,0,191,0,0,220,0,220,278,0,278,498
07/10/2009,ARR,IL,AGL,CE,Towers with Radar,0,0,45,4,49,0,0,36,0,36,0,0,81,4,85,34,0,34,119
07/11/2009,ARR,IL,AGL,CE,Towers with Radar,0,0,15,0,15,0,0,175,0,175,0,0,190,0,190,222,0,222,412
07/12/2009,ARR,IL,AGL,CE,Towers with Radar,0,2,25,5,32,0,0,200,6,206,0,2,225,11,238,262,0,262,500
07/13/2009,ARR,IL,AGL,CE,Towers with Radar,0,1,25,0,26,0,0,175,0,175,0,1,200,0,201,118,0,118,319
07/14/2009,ARR,IL,AGL,CE,Towers with Radar,0,1,27,2,30,0,0,178,12,190,0,1,205,14,220,111,0,111,331
07/15/2009,ARR,IL,AGL,CE,Towers with Radar,0,1,32,0,33,0,0,75,16,91,0,1,107,16,124,77,0,77,201
07/16/2009,ARR,IL,AGL,CE,Towers with Radar,0,0,24,0,24,0,0,164,3,167,0,0,188,3,191,163,18,181,372
07/17/2009,ARR,IL,AGL,CE,Towers with Radar,0,4,25,0,29,0,0,140,0,140,0,4,165,0,169,152,0,152,321
07/18/2009,ARR,IL,AGL,CE,Towers with Radar,0,0,23,0,23,0,0,123,0,123,0,0,146,0,146,245,0,245,391
07/19/2009,ARR,IL,AGL,CE,Towers with Radar,0,5,22,0,27,0,0,181,0,181,0,5,203,0,208,178,0,178,386
07/20/2009,ARR,IL,AGL,CE,Towers with Radar,0,1,30,0,31,0,0,122,0,122,0,1,152,0,153,128,0,128,281
07/21/2009,ARR,IL,AGL,CE,Towers with Radar,0,1,22,0,23,0,0,132,0,132,0,1,154,0,155,82,0,82,237
07/22/2009,ARR,IL,AGL,CE,Towers with Radar,0,4,41,0,45,0,0,108,0,108,0,4,149,0,153,152,0,152,305
07/23/2009,ARR,IL,AGL,CE,Towers with Radar,0,0,28,0,28,0,0,79,0,79,0,0,107,0,107,115,0,115,222
07/24/2009,ARR,IL,AGL,CE,Towers with Radar,0,0,31,0,31,0,0,172,0,172,0,0,203,0,203,214,0,214,417
07/25/2009,ARR,IL,AGL,CE,Towers with Radar,0,1,25,0,26,0,0,136,0,136,0,1,161,0,162,260,0,260,422
07/26/2009,ARR,IL,AGL,CE,Towers with Radar,0,1,39,0,40,0,0,193,0,193,0,1,232,0,233,236,0,236,469
07/27/2009,ARR,IL,AGL,CE,Towers with Radar,0,0,29,0,29,0,0,176,0,176,0,0,205,0,205,103,0,103,308
07/28/2009,ARR,IL,AGL,CE,Towers with Radar,0,0,34,0,34,0,0,120,0,120,0,0,154,0,154,102,0,102,256
07/29/2009,ARR,IL,AGL,CE,Towers with Radar,0,0,51,0,51,0,0,160,0,160,0,0,211,0,211,132,0,132,343
07/30/2009,ARR,IL,AGL,CE,Towers with Radar,0,1,28,0,29,0,0,92,0,92,0,1,120,0,121,110,0,110,231
07/31/2009,ARR,IL,AGL,CE,Towers with Radar,0,2,35,2,39,0,0,190,0,190,0,2,225,2,229,121,0,121,350
08/01/2009,ARR,IL,AGL,CE,Towers with Radar,0,1,21,0,22,0,0,41,0,41,0,1,62,0,63,25,0,25,88
08/02/2009,ARR,IL,AGL,CE,Towers with Radar,0,0,20,0,20,0,0,179,0,179,0,0,199,0,199,186,0,186,385
08/03/2009,ARR,IL,AGL,CE,Towers with Radar,0,0,29,0,29,0,0,74,0,74,0,0,103,0,103,60,0,60,163
08/04/2009,ARR,IL,AGL,CE,Towers with Radar,0,3,30,0,33,0,0,104,0,104,0,3,134,0,137,172,0,172,309
08/05/2009,ARR,IL,AGL,CE,Towers with Radar,0,3,44,0,47,0,0,177,0,177,0,3,221,0,224,163,0,163,387
08/06/2009,ARR,IL,AGL,CE,Towers with Radar,0,1,30,0,31,0,0,149,0,149,0,1,179,0,180,186,0,186,366
08/07/2009,ARR,IL,AGL,CE,Towers with Radar,0,0,40,0,40,0,0,45,0,45,0,0,85,0,85,34,0,34,119
08/08/2009,ARR,IL,AGL,CE,Towers with Radar,0,0,24,0,24,0,0,18,0,18,0,0,42,0,42,38,0,38,80
08/09/2009,ARR,IL,AGL,CE,Towers with Radar,0,0,24,0,24,0,0,76,0,76,0,0,100,0,100,196,0,196,296
08/10/2009,ARR,IL,AGL,CE,Towers with Radar,0,3,27,0,30,0,0,114,0,114,0,3,141,0,144,136,0,136,280
08/11/2009,ARR,IL,AGL,CE,Towers with Radar,0,1,26,0,27,0,0,107,0,107,0,1,133,0,134,82,0,82,216
08/12/2009,ARR,IL,AGL,CE,Towers with Radar,0,3,29,0,32,0,1,191,0,192,0,4,220,0,224,112,0,112,336
08/13/2009,ARR,IL,AGL,CE,Towers with Radar,0,3,31,0,34,0,0,179,0,179,0,3,210,0,213,170,0,170,383
08/14/2009,ARR,IL,AGL,CE,Towers with Radar,0,3,34,0,37,0,0,126,0,126,0,3,160,0,163,87,0,87,250
08/15/2009,ARR,IL,AGL,CE,Towers with Radar,0,1,24,0,25,0,0,107,0,107,0,1,131,0,132,129,0,129,261
08/16/2009,ARR,IL,AGL,CE,Towers with Radar,0,1,23,0,24,0,0,59,0,59,0,1,82,0,83,28,0,28,111
08/17/2009,ARR,IL,AGL,CE,Towers with Radar,0,0,34,0,34,0,0,35,0,35,0,0,69,0,69,30,0,30,99
08/18/2009,ARR,IL,AGL,CE,Towers with Radar,0,6,22,3,31,0,0,161,0,161,0,6,183,3,192,166,0,166,358
08/19/2009,ARR,IL,AGL,CE,Towers with Radar,0,1,20,14,35,0,0,75,0,75,0,1,95,14,110,124,0,124,234
08/20/2009,ARR,IL,AGL,CE,Towers with Radar,0,3,16,4,23,0,0,55,0,55,0,3,71,4,78,62,0,62,140
08/21/2009,ARR,IL,AGL,CE,Towers with Radar,0,0,43,0,43,0,0,67,0,67,0,0,110,0,110,68,0,68,178
08/22/2009,ARR,IL,AGL,CE,Towers with Radar,0,2,26,0,28,0,0,139,0,139,0,2,165,0,167,213,0,213,380
08/23/2009,ARR,IL,AGL,CE,Towers with Radar,0,2,27,0,29,0,0,133,0,133,0,2,160,0,162,198,0,198,360
08/24/2009,ARR,IL,AGL,CE,Towers with Radar,0,0,25,0,25,0,0,160,0,160,0,0,185,0,185,171,0,171,356
08/25/2009,ARR,IL,AGL,CE,Towers with Radar,0,0,21,0,21,0,0,139,0,139,0,0,160,0,160,0,124,124,284
08/26/2009,ARR,IL,AGL,CE,Towers with Radar,0,1,40,0,41,0,0,6,0,6,0,1,46,0,47,13,0,13,60
08/27/2009,ARR,IL,AGL,CE,Towers with Radar,0,2,45,0,47,0,0,3,0,3,0,2,48,0,50,12,20,32,82
08/28/2009,ARR,IL,AGL,CE,Towers with Radar,0,4,53,0,57,0,0,10,0,10,0,4,63,0,67,10,0,10,77
08/29/2009,ARR,IL,AGL,CE,Towers with Radar,0,3,21,0,24,0,0,66,0,66,0,3,87,0,90,173,0,173,263
08/30/2009,ARR,IL,AGL,CE,Towers with Radar,0,0,24,0,24,0,0,277,0,277,0,0,301,0,301,164,0,164,465
08/31/2009,ARR,IL,AGL,CE,Towers with Radar,0,1,37,0,38,0,0,124,0,124,0,1,161,0,162,111,0,111,273
09/01/2009,ARR,IL,AGL,CE,Towers with Radar,0,0,23,0,23,0,0,153,0,153,0,0,176,0,176,118,0,118,294
09/02/2009,ARR,IL,AGL,CE,Towers with Radar,0,1,27,0,28,0,0,164,0,164,0,1,191,0,192,110,0,110,302
09/03/2009,ARR,IL,AGL,CE,Towers with Radar,0,0,20,0,20,0,0,145,0,145,0,0,165,0,165,125,0,125,290
09/04/2009,ARR,IL,AGL,CE,Towers with Radar,0,2,34,0,36,0,0,136,0,136,0,2,170,0,172,143,0,143,315
09/05/2009,ARR,IL,AGL,CE,Towers with Radar,0,0,21,0,21,0,0,93,0,93,0,0,114,0,114,140,0,140,254
09/06/2009,ARR,IL,AGL,CE,Towers with Radar,0,2,16,0,18,0,0,67,0,67,0,2,83,0,85,116,0,116,201
09/07/2009,ARR,IL,AGL,CE,Towers with Radar,0,2,35,0,37,0,0,124,0,124,0,2,159,0,161,126,0,126,287
09/08/2009,ARR,IL,AGL,CE,Towers with Radar,0,0,30,0,30,0,0,109,2,111,0,0,139,2,141,70,0,70,211
09/09/2009,ARR,IL,AGL,CE,Towers with Radar,0,1,34,2,37,0,0,100,0,100,0,1,134,2,137,91,0,91,228
09/10/2009,ARR,IL,AGL,CE,Towers with Radar,0,1,28,0,29,0,0,84,0,84,0,1,112,0,113,137,0,137,250
09/11/2009,ARR,IL,AGL,CE,Towers with Radar,0,2,34,7,43,0,0,157,0,157,0,2,191,7,200,134,0,134,334
09/12/2009,ARR,IL,AGL,CE,Towers with Radar,0,3,35,0,38,0,0,106,0,106,0,3,141,0,144,142,0,142,286
09/13/2009,ARR,IL,AGL,CE,Towers with Radar,0,0,29,4,33,0,0,130,0,130,0,0,159,4,163,203,0,203,366
09/14/2009,ARR,IL,AGL,CE,Towers with Radar,0,2,14,0,16,0,0,123,0,123,0,2,137,0,139,100,0,100,239
09/15/2009,ARR,IL,AGL,CE,Towers with Radar,0,4,21,0,25,0,0,112,0,112,0,4,133,0,137,104,0,104,241
09/16/2009,ARR,IL,AGL,CE,Towers with Radar,0,4,26,0,30,0,0,106,0,106,0,4,132,0,136,88,0,88,224
09/17/2009,ARR,IL,AGL,CE,Towers with Radar,0,0,43,0,43,0,0,157,0,157,0,0,200,0,200,424,0,424,624
09/18/2009,ARR,IL,AGL,CE,Towers with Radar,0,0,27,0,27,0,0,161,0,161,0,0,188,0,188,122,0,122,310
09/19/2009,ARR,IL,AGL,CE,Towers with Radar,0,0,22,0,22,0,0,153,0,153,0,0,175,0,175,232,0,232,407
09/20/2009,ARR,IL,AGL,CE,Towers with Radar,0,0,21,0,21,0,0,88,0,88,0,0,109,0,109,169,0,169,278
09/21/2009,ARR,IL,AGL,CE,Towers with Radar,0,0,31,0,31,0,0,7,0,7,0,0,38,0,38,8,0,8,46
09/22/2009,ARR,IL,AGL,CE,Towers with Radar,0,1,21,0,22,0,0,12,0,12,0,1,33,0,34,2,0,2,36
09/23/2009,ARR,IL,AGL,CE,Towers with Radar,0,3,31,0,34,0,0,41,0,41,0,3,72,0,75,51,0,51,126
09/24/2009,ARR,IL,AGL,CE,Towers with Radar,0,2,32,0,34,0,0,62,0,62,0,2,94,0,96,80,0,80,176
09/25/2009,ARR,IL,AGL,CE,Towers with Radar,0,0,18,0,18,0,0,88,0,88,0,0,106,0,106,44,0,44,150
09/26/2009,ARR,IL,AGL,CE,Towers with Radar,0,1,22,0,23,0,0,26,0,26,0,1,48,0,49,42,0,42,91
09/27/2009,ARR,IL,AGL,CE,Towers with Radar,0,0,21,0,21,0,0,233,0,233,0,0,254,0,254,73,0,73,327
09/28/2009,ARR,IL,AGL,CE,Towers with Radar,0,1,22,0,23,0,0,12,0,12,0,1,34,0,35,0,0,0,35
09/29/2009,ARR,IL,AGL,CE,Towers with Radar,0,1,28,0,29,0,0,71,0,71,0,1,99,0,100,110,0,110,210
09/30/2009,ARR,IL,AGL,CE,Towers with Radar,0,4,32,2,38,0,0,172,0,172,0,4,204,2,210,192,0,192,402
10/01/2009,ARR,IL,AGL,CE,Towers with Radar,0,1,24,0,25,0,0,59,0,59,0,1,83,0,84,66,0,66,150
10/02/2009,ARR,IL,AGL,CE,Towers with Radar,0,3,41,4,48,0,0,48,0,48,0,3,89,4,96,26,0,26,122
10/03/2009,ARR,IL,AGL,CE,Towers with Radar,0,0,29,0,29,0,0,10,0,10,0,0,39,0,39,86,0,86,125
10/04/2009,ARR,IL,AGL,CE,Towers with Radar,0,2,19,4,25,0,0,110,0,110,0,2,129,4,135,194,0,194,329
10/05/2009,ARR,IL,AGL,CE,Towers with Radar,0,0,21,0,21,0,0,142,0,142,0,0,163,0,163,150,0,150,313
10/06/2009,ARR,IL,AGL,CE,Towers with Radar,0,4,25,0,29,0,0,9,0,9,0,4,34,0,38,0,0,0,38
10/07/2009,ARR,IL,AGL,CE,Towers with Radar,0,2,28,0,30,0,0,131,0,131,0,2,159,0,161,155,0,155,316
10/08/2009,ARR,IL,AGL,CE,Towers with Radar,0,0,47,0,47,0,0,11,0,11,0,0,58,0,58,24,0,24,82
10/09/2009,ARR,IL,AGL,CE,Towers with Radar,0,0,46,0,46,0,0,10,0,10,0,0,56,0,56,68,0,68,124
10/10/2009,ARR,IL,AGL,CE,Towers with Radar,0,0,26,0,26,0,0,148,0,148,0,0,174,0,174,238,0,238,412
10/11/2009,ARR,IL,AGL,CE,Towers with Radar,0,0,29,0,29,0,0,163,0,163,0,0,192,0,192,161,0,161,353
10/12/2009,ARR,IL,AGL,CE,Towers with Radar,0,0,20,0,20,0,0,74,0,74,0,0,94,0,94,97,0,97,191
10/13/2009,ARR,IL,AGL,CE,Towers with Radar,0,3,30,0,33,0,0,113,0,113,0,3,143,0,146,115,0,115,261
10/14/2009,ARR,IL,AGL,CE,Towers with Radar,0,0,42,0,42,0,0,63,0,63,0,0,105,0,105,92,0,92,197
10/15/2009,ARR,IL,AGL,CE,Towers with Radar,0,2,19,0,21,0,0,2,0,2,0,2,21,0,23,2,0,2,25
10/16/2009,ARR,IL,AGL,CE,Towers with Radar,0,0,27,0,27,0,0,87,0,87,0,0,114,0,114,127,0,127,241
10/17/2009,ARR,IL,AGL,CE,Towers with Radar,0,2,13,0,15,0,0,119,0,119,0,2,132,0,134,125,0,125,259
10/18/2009,ARR,IL,AGL,CE,Towers with Radar,0,0,24,0,24,0,0,189,0,189,0,0,213,0,213,146,0,146,359
10/19/2009,ARR,IL,AGL,CE,Towers with Radar,0,2,32,0,34,0,0,101,0,101,0,2,133,0,135,80,0,80,215
10/20/2009,ARR,IL,AGL,CE,Towers with Radar,0,0,18,2,20,0,0,101,2,103,0,0,119,4,123,121,0,121,244
10/21/2009,ARR,IL,AGL,CE,Towers with Radar,0,3,29,0,32,0,0,124,0,124,0,3,153,0,156,150,0,150,306
10/22/2009,ARR,IL,AGL,CE,Towers with Radar,0,2,37,0,39,0,0,0,0,0,0,2,37,0,39,0,0,0,39
10/23/2009,ARR,IL,AGL,CE,Towers with Radar,0,1,22,0,23,0,0,0,0,0,0,1,22,0,23,0,0,0,23
10/24/2009,ARR,IL,AGL,CE,Towers with Radar,0,0,15,0,15,0,0,48,0,48,0,0,63,0,63,121,0,121,184
10/25/2009,ARR,IL,AGL,CE,Towers with Radar,0,0,23,0,23,0,0,210,0,210,0,0,233,0,233,156,0,156,389
10/26/2009,ARR,IL,AGL,CE,Towers with Radar,0,0,23,0,23,0,0,25,0,25,0,0,48,0,48,20,0,20,68
10/27/2009,ARR,IL,AGL,CE,Towers with Radar,0,0,36,0,36,0,0,51,0,51,0,0,87,0,87,145,0,145,232
10/28/2009,ARR,IL,AGL,CE,Towers with Radar,0,0,45,2,47,0,0,32,0,32,0,0,77,2,79,104,0,104,183
10/29/2009,ARR,IL,AGL,CE,Towers with Radar,0,6,23,0,29,0,0,80,2,82,0,6,103,2,111,108,12,120,231
10/30/2009,ARR,IL,AGL,CE,Towers with Radar,0,0,17,0,17,0,0,4,0,4,0,0,21,0,21,0,0,0,21
10/31/2009,ARR,IL,AGL,CE,Towers with Radar,0,0,6,0,6,0,0,67,0,67,0,0,73,0,73,129,0,129,202
11/01/2009,ARR,IL,AGL,CE,Towers with Radar,0,0,32,0,32,0,0,179,0,179,0,0,211,0,211,223,0,223,434
11/02/2009,ARR,IL,AGL,CE,Towers with Radar,0,0,24,0,24,0,0,98,0,98,0,0,122,0,122,100,0,100,222
11/03/2009,ARR,IL,AGL,CE,Towers with Radar,0,1,28,1,30,0,0,182,0,182,0,1,210,1,212,120,3,123,335
11/04/2009,ARR,IL,AGL,CE,Towers with Radar,0,0,25,0,25,0,0,132,0,132,0,0,157,0,157,133,0,133,290
11/05/2009,ARR,IL,AGL,CE,Towers with Radar,0,4,30,0,34,0,0,138,0,138,0,4,168,0,172,124,0,124,296
11/06/2009,ARR,IL,AGL,CE,Towers with Radar,0,1,17,4,22,0,0,59,0,59,0,1,76,4,81,61,0,61,142
11/07/2009,ARR,IL,AGL,CE,Towers with Radar,0,0,21,0,21,0,0,111,0,111,0,0,132,0,132,216,0,216,348
11/08/2009,ARR,IL,AGL,CE,Towers with Radar,0,2,19,4,25,0,0,133,0,133,0,2,152,4,158,208,0,208,366
11/09/2009,ARR,IL,AGL,CE,Towers with Radar,0,1,34,0,35,0,0,77,0,77,0,1,111,0,112,133,0,133,245
11/10/2009,ARR,IL,AGL,CE,Towers with Radar,0,0,31,2,33,0,0,88,2,90,0,0,119,4,123,82,32,114,237
11/11/2009,ARR,IL,AGL,CE,Towers with Radar,0,4,24,1,29,0,0,189,0,189,0,4,213,1,218,168,0,168,386
11/12/2009,ARR,IL,AGL,CE,Towers with Radar,0,2,12,0,14,0,0,153,0,153,0,2,165,0,167,134,0,134,301
11/13/2009,ARR,IL,AGL,CE,Towers with Radar,0,4,25,0,29,0,0,81,0,81,0,4,106,0,110,67,0,67,177
11/14/2009,ARR,IL,AGL,CE,Towers with Radar,0,0,17,0,17,0,0,125,0,125,0,0,142,0,142,192,0,192,334
11/15/2009,ARR,IL,AGL,CE,Towers with Radar,0,1,17,0,18,0,0,115,0,115,0,1,132,0,133,148,0,148,281
11/16/2009,ARR,IL,AGL,CE,Towers with Radar,0,1,21,0,22,0,0,63,0,63,0,1,84,0,85,15,0,15,100
11/17/2009,ARR,IL,AGL,CE,Towers with Radar,0,4,10,0,14,0,0,28,0,28,0,4,38,0,42,6,0,6,48
11/18/2009,ARR,IL,AGL,CE,Towers with Radar,0,1,29,0,30,0,0,10,0,10,0,1,39,0,40,4,0,4,44
11/19/2009,ARR,IL,AGL,CE,Towers with Radar,0,0,26,0,26,0,0,12,0,12,0,0,38,0,38,8,0,8,46
11/20/2009,ARR,IL,AGL,CE,Towers with Radar,0,1,25,0,26,0,0,175,0,175,0,1,200,0,201,236,0,236,437
11/21/2009,ARR,IL,AGL,CE,Towers with Radar,0,0,17,0,17,0,0,165,0,165,0,0,182,0,182,269,0,269,451
11/22/2009,ARR,IL,AGL,CE,Towers with Radar,0,2,20,0,22,0,0,138,0,138,0,2,158,0,160,161,0,161,321
11/23/2009,ARR,IL,AGL,CE,Towers with Radar,0,4,32,0,36,0,0,2,0,2,0,4,34,0,38,0,0,0,38
11/24/2009,ARR,IL,AGL,CE,Towers with Radar,0,3,11,2,16,0,0,0,0,0,0,3,11,2,16,0,0,0,16
11/25/2009,ARR,IL,AGL,CE,Towers with Radar,0,0,43,0,43,0,1,1,0,2,0,1,44,0,45,18,0,18,63
11/26/2009,ARR,IL,AGL,CE,Towers with Radar,0,0,3,0,3,0,0,0,0,0,0,0,3,0,3,11,0,11,14
11/27/2009,ARR,IL,AGL,CE,Towers with Radar,0,1,11,0,12,0,0,104,0,104,0,1,115,0,116,74,0,74,190
11/28/2009,ARR,IL,AGL,CE,Towers with Radar,0,0,21,0,21,0,0,186,0,186,0,0,207,0,207,248,0,248,455
11/29/2009,ARR,IL,AGL,CE,Towers with Radar,0,2,14,0,16,0,0,6,0,6,0,2,20,0,22,0,0,0,22
11/30/2009,ARR,IL,AGL,CE,Towers with Radar,0,0,27,0,27,0,0,109,0,109,0,0,136,0,136,78,0,78,214
12/01/2009,ARR,IL,AGL,CE,Towers with Radar,0,3,24,0,27,0,0,141,0,141,0,3,165,0,168,94,0,94,262
12/02/2009,ARR,IL,AGL,CE,Towers with Radar,0,0,23,0,23,0,0,74,0,74,0,0,97,0,97,28,0,28,125
12/03/2009,ARR,IL,AGL,CE,Towers with Radar,0,4,5,0,9,0,0,44,0,44,0,4,49,0,53,55,0,55,108
12/04/2009,ARR,IL,AGL,CE,Towers with Radar,0,4,17,4,25,0,0,56,1,57,0,4,73,5,82,42,6,48,130
12/05/2009,ARR,IL,AGL,CE,Towers with Radar,0,1,18,0,19,0,0,141,0,141,0,1,159,0,160,175,0,175,335
12/06/2009,ARR,IL,AGL,CE,Towers with Radar,0,4,11,4,19,0,0,105,0,105,0,4,116,4,124,122,0,122,246
12/07/2009,ARR,IL,AGL,CE,Towers with Radar,0,2,16,0,18,0,0,18,0,18,0,2,34,0,36,10,0,10,46
12/08/2009,ARR,IL,AGL,CE,Towers with Radar,0,4,13,0,17,0,0,0,0,0,0,4,13,0,17,4,0,4,21
12/09/2009,ARR,IL,AGL,CE,Towers with Radar,0,0,4,0,4,0,0,0,0,0,0,0,4,0,4,0,0,0,4
12/10/2009,ARR,IL,AGL,CE,Towers with Radar,0,0,26,0,26,0,0,28,0,28,0,0,54,0,54,15,0,15,69
12/11/2009,ARR,IL,AGL,CE,Towers with Radar,0,2,30,0,32,0,0,81,0,81,0,2,111,0,113,21,0,21,134
12/12/2009,ARR,IL,AGL,CE,Towers with Radar,0,2,14,0,16,0,0,83,0,83,0,2,97,0,99,127,0,127,226
12/13/2009,ARR,IL,AGL,CE,Towers with Radar,0,3,3,0,6,0,0,0,0,0,0,3,3,0,6,0,0,0,6
12/14/2009,ARR,IL,AGL,CE,Towers with Radar,0,4,15,0,19,0,0,2,0,2,0,4,17,0,21,0,0,0,21
12/15/2009,ARR,IL,AGL,CE,Towers with Radar,0,9,16,0,25,0,0,78,0,78,0,9,94,0,103,71,0,71,174
12/16/2009,ARR,IL,AGL,CE,Towers with Radar,0,1,28,0,29,0,0,99,0,99,0,1,127,0,128,96,0,96,224
12/17/2009,ARR,IL,AGL,CE,Towers with Radar,0,2,20,0,22,0,0,100,2,102,0,2,120,2,124,98,14,112,236
12/18/2009,ARR,IL,AGL,CE,Towers with Radar,0,0,29,0,29,0,0,16,0,16,0,0,45,0,45,28,0,28,73
12/19/2009,ARR,IL,AGL,CE,Towers with Radar,0,0,9,0,9,0,0,0,0,0,0,0,9,0,9,0,0,0,9
12/20/2009,ARR,IL,AGL,CE,Towers with Radar,0,2,8,0,10,0,0,21,0,21,0,2,29,0,31,10,0,10,41
12/21/2009,ARR,IL,AGL,CE,Towers with Radar,0,0,13,0,13,0,0,7,0,7,0,0,20,0,20,38,0,38,58
12/22/2009,ARR,IL,AGL,CE,Towers with Radar,0,2,8,0,10,0,0,0,0,0,0,2,8,0,10,0,0,0,10
12/23/2009,ARR,IL,AGL,CE,Towers with Radar,0,0,5,0,5,0,0,0,0,0,0,0,5,0,5,0,0,0,5
12/24/2009,ARR,IL,AGL,CE,Towers with Radar,0,1,4,0,5,0,0,0,0,0,0,1,4,0,5,0,0,0,5
12/25/2009,ARR,IL,AGL,CE,Towers with Radar,0,1,3,0,4,0,0,0,0,0,0,1,3,0,4,0,0,0,4
12/26/2009,ARR,IL,AGL,CE,Towers with Radar,0,1,10,0,11,0,0,0,0,0,0,1,10,0,11,0,0,0,11
12/27/2009,ARR,IL,AGL,CE,Towers with Radar,0,2,3,0,5,0,0,0,0,0,0,2,3,0,5,0,0,0,5
12/28/2009,ARR,IL,AGL,CE,Towers with Radar,0,1,8,0,9,0,0,11,0,11,0,1,19,0,20,1,0,1,21
12/29/2009,ARR,IL,AGL,CE,Towers with Radar,0,0,24,1,25,0,0,173,0,173,0,0,197,1,198,87,0,87,285
12/30/2009,ARR,IL,AGL,CE,Towers with Radar,0,0,12,0,12,0,0,12,0,12,0,0,24,0,24,37,0,37,61
12/31/2009,ARR,IL,AGL,CE,Towers with Radar,0,1,2,0,3,0,0,2,0,2,0,1,4,0,5,0,0,0,5
01/01/2010,ARR,IL,AGL,CE,Towers with Radar,0,0,3,0,3,0,0,21,0,21,0,0,24,0,24,11,0,11,35
01/02/2010,ARR,IL,AGL,CE,Towers with Radar,0,1,7,0,8,0,0,64,0,64,0,1,71,0,72,70,0,70,142
01/03/2010,ARR,IL,AGL,CE,Towers with Radar,0,0,14,0,14,0,0,43,0,43,0,0,57,0,57,113,0,113,170
01/04/2010,ARR,IL,AGL,CE,Towers with Radar,0,0,16,0,16,0,0,31,0,31,0,0,47,0,47,28,0,28,75
01/05/2010,ARR,IL,AGL,CE,Towers with Radar,0,2,18,0,20,0,0,35,0,35,0,2,53,0,55,61,0,61,116
01/06/2010,ARR,IL,AGL,CE,Towers with Radar,0,0,40,0,40,0,0,21,0,21,0,0,61,0,61,14,0,14,75
01/07/2010,ARR,IL,AGL,CE,Towers with Radar,0,0,8,0,8,0,0,0,0,0,0,0,8,0,8,0,0,0,8
01/08/2010,ARR,IL,AGL,CE,Towers with Radar,0,0,14,4,18,0,0,21,0,21,0,0,35,4,39,13,0,13,52
01/09/2010,ARR,IL,AGL,CE,Towers with Radar,0,0,24,0,24,0,0,105,0,105,0,0,129,0,129,242,0,242,371
01/10/2010,ARR,IL,AGL,CE,Towers with Radar,0,0,15,4,19,0,0,61,0,61,0,0,76,4,80,73,0,73,153
01/11/2010,ARR,IL,AGL,CE,Towers with Radar,0,0,24,0,24,0,0,26,0,26,0,0,50,0,50,18,0,18,68
01/12/2010,ARR,IL,AGL,CE,Towers with Radar,0,3,24,0,27,0,0,57,0,57,0,3,81,0,84,69,0,69,153
01/13/2010,ARR,IL,AGL,CE,Towers with Radar,0,1,28,0,29,0,0,171,2,173,0,1,199,2,202,186,8,194,396
01/14/2010,ARR,IL,AGL,CE,Towers with Radar,0,3,30,0,33,0,0,31,0,31,0,3,61,0,64,93,0,93,157
01/15/2010,ARR,IL,AGL,CE,Towers with Radar,0,0,17,0,17,0,0,0,0,0,0,0,17,0,17,0,0,0,17
01/16/2010,ARR,IL,AGL,CE,Towers with Radar,0,0,3,0,3,0,0,0,0,0,0,0,3,0,3,0,0,0,3
01/17/2010,ARR,IL,AGL,CE,Towers with Radar,0,1,4,0,5,0,0,0,0,0,0,1,4,0,5,0,0,0,5
01/18/2010,ARR,IL,AGL,CE,Towers with Radar,0,1,23,0,24,0,0,0,0,0,0,1,23,0,24,0,0,0,24
01/19/2010,ARR,IL,AGL,CE,Towers with Radar,0,1,19,0,20,0,0,90,0,90,0,1,109,0,110,155,13,168,278
01/20/2010,ARR,IL,AGL,CE,Towers with Radar,0,0,16,0,16,0,0,28,0,28,0,0,44,0,44,26,0,26,70
01/21/2010,ARR,IL,AGL,CE,Towers with Radar,0,0,13,0,13,0,0,5,0,5,0,0,18,0,18,10,0,10,28
01/22/2010,ARR,IL,AGL,CE,Towers with Radar,0,5,23,0,28,0,0,1,0,1,0,5,24,0,29,0,0,0,29
01/23/2010,ARR,IL,AGL,CE,Towers with Radar,0,0,12,0,12,0,0,0,0,0,0,0,12,0,12,4,0,4,16
01/24/2010,ARR,IL,AGL,CE,Towers with Radar,0,2,6,0,8,0,0,0,0,0,0,2,6,0,8,0,0,0,8
01/25/2010,ARR,IL,AGL,CE,Towers with Radar,0,7,24,0,31,0,0,10,0,10,0,7,34,0,41,16,0,16,57
01/26/2010,ARR,IL,AGL,CE,Towers with Radar,0,1,25,0,26,0,0,22,0,22,0,1,47,0,48,55,0,55,103
01/27/2010,ARR,IL,AGL,CE,Towers with Radar,0,2,21,0,23,0,0,37,0,37,0,2,58,0,60,25,0,25,85
01/28/2010,ARR,IL,AGL,CE,Towers with Radar,0,0,32,0,32,0,0,101,2,103,0,0,133,2,135,39,4,43,178
01/29/2010,ARR,IL,AGL,CE,Towers with Radar,0,1,13,0,14,0,0,128,0,128,0,1,141,0,142,69,0,69,211
01/30/2010,ARR,IL,AGL,CE,Towers with Radar,0,1,19,0,20,0,0,166,0,166,0,1,185,0,186,207,0,207,393
01/31/2010,ARR,IL,AGL,CE,Towers with Radar,0,0,11,0,11,0,0,122,0,122,0,0,133,0,133,287,0,287,420
02/01/2010,ARR,IL,AGL,CE,Towers with Radar,0,0,15,0,15,0,0,82,0,82,0,0,97,0,97,119,0,119,216
02/02/2010,ARR,IL,AGL,CE,Towers with Radar,0,1,6,0,7,0,0,0,0,0,0,1,6,0,7,0,0,0,7
02/03/2010,ARR,IL,AGL,CE,Towers with Radar,0,0,28,0,28,0,0,49,14,63,0,0,77,14,91,72,20,92,183
02/04/2010,ARR,IL,AGL,CE,Towers with Radar,0,3,37,0,40,0,0,35,0,35,0,3,72,0,75,80,0,80,155
02/05/2010,ARR,IL,AGL,CE,Towers with Radar,0,1,8,2,11,0,0,10,0,10,0,1,18,2,21,8,0,8,29
02/06/2010,ARR,IL,AGL,CE,Towers with Radar,0,0,1,0,1,0,0,41,0,41,0,0,42,0,42,77,0,77,119
02/07/2010,ARR,IL,AGL,CE,Towers with Radar,0,0,7,2,9,0,0,124,0,124,0,0,131,2,133,222,0,222,355
02/08/2010,ARR,IL,AGL,CE,Towers with Radar,0,2,19,0,21,0,0,34,0,34,0,2,53,0,55,75,0,75,130
02/09/2010,ARR,IL,AGL,CE,Towers with Radar,0,1,18,0,19,0,0,0,0,0,0,1,18,0,19,0,0,0,19
02/10/2010,ARR,IL,AGL,CE,Towers with Radar,0,2,16,0,18,0,0,9,0,9,0,2,25,0,27,16,0,16,43
02/11/2010,ARR,IL,AGL,CE,Towers with Radar,0,0,22,0,22,0,0,108,2,110,0,0,130,2,132,162,8,170,302
02/12/2010,ARR,IL,AGL,CE,Towers with Radar,0,3,19,0,22,0,0,102,0,102,0,3,121,0,124,76,0,76,200
02/13/2010,ARR,IL,AGL,CE,Towers with Radar,0,0,20,0,20,0,0,167,0,167,0,0,187,0,187,304,0,304,491
02/14/2010,ARR,IL,AGL,CE,Towers with Radar,0,0,9,0,9,0,0,124,0,124,0,0,133,0,133,198,0,198,331
02/15/2010,ARR,IL,AGL,CE,Towers with Radar,0,4,20,0,24,0,0,43,0,43,0,4,63,0,67,23,0,23,90
02/16/2010,ARR,IL,AGL,CE,Towers with Radar,0,0,18,0,18,0,0,103,2,105,0,0,121,2,123,93,14,107,230
02/17/2010,ARR,IL,AGL,CE,Towers with Radar,0,0,12,0,12,0,0,114,2,116,0,0,126,2,128,66,0,66,194
02/18/2010,ARR,IL,AGL,CE,Towers with Radar,0,0,19,0,19,0,0,178,2,180,0,0,197,2,199,107,8,115,314
02/19/2010,ARR,IL,AGL,CE,Towers with Radar,0,4,29,0,33,0,0,173,0,173,0,4,202,0,206,166,0,166,372
02/20/2010,ARR,IL,AGL,CE,Towers with Radar,0,0,6,0,6,0,0,0,0,0,0,0,6,0,6,32,0,32,38
02/21/2010,ARR,IL,AGL,CE,Towers with Radar,0,0,6,0,6,0,0,0,0,0,0,0,6,0,6,0,0,0,6
02/22/2010,ARR,IL,AGL,CE,Towers with Radar,0,2,16,0,18,0,0,0,0,0,0,2,16,0,18,0,0,0,18
02/23/2010,ARR,IL,AGL,CE,Towers with Radar,0,0,20,0,20,0,0,46,2,48,0,0,66,2,68,73,8,81,149
02/24/2010,ARR,IL,AGL,CE,Towers with Radar,0,0,21,0,21,0,0,14,0,14,0,0,35,0,35,5,0,5,40
02/25/2010,ARR,IL,AGL,CE,Towers with Radar,0,0,14,0,14,0,0,70,0,70,0,0,84,0,84,129,0,129,213
02/26/2010,ARR,IL,AGL,CE,Towers with Radar,0,11,23,0,34,0,0,92,0,92,0,11,115,0,126,116,0,116,242
02/27/2010,ARR,IL,AGL,CE,Towers with Radar,0,0,6,0,6,0,0,30,0,30,0,0,36,0,36,285,0,285,321
02/28/2010,ARR,IL,AGL,CE,Towers with Radar,0,2,16,0,18,0,0,111,0,111,0,2,127,0,129,211,0,211,340
03/01/2010,ARR,IL,AGL,CE,Towers with Radar,0,0,21,0,21,0,0,27,0,27,0,0,48,0,48,13,0,13,61
03/02/2010,ARR,IL,AGL,CE,Towers with Radar,0,0,23,0,23,0,0,65,0,65,0,0,88,0,88,117,0,117,205
03/03/2010,ARR,IL,AGL,CE,Towers with Radar,0,3,33,0,36,0,0,120,0,120,0,3,153,0,156,75,0,75,231
03/04/2010,ARR,IL,AGL,CE,Towers with Radar,0,4,28,0,32,0,0,148,0,148,0,4,176,0,180,195,0,195,375
03/05/2010,ARR,IL,AGL,CE,Towers with Radar,0,1,25,4,30,0,0,164,0,164,0,1,189,4,194,113,0,113,307
03/06/2010,ARR,IL,AGL,CE,Towers with Radar,0,2,9,0,11,0,0,253,0,253,0,2,262,0,264,292,0,292,556
03/07/2010,ARR,IL,AGL,CE,Towers with Radar,0,0,21,4,25,0,0,15,0,15,0,0,36,4,40,93,0,93,133
03/08/2010,ARR,IL,AGL,CE,Towers with Radar,0,2,38,0,40,0,0,1,0,1,0,2,39,0,41,16,0,16,57
03/09/2010,ARR,IL,AGL,CE,Towers with Radar,0,1,24,0,25,0,0,38,0,38,0,1,62,0,63,128,0,128,191
03/10/2010,ARR,IL,AGL,CE,Towers with Radar,0,0,46,2,48,0,0,63,0,63,0,0,109,2,111,64,0,64,175
03/11/2010,ARR,IL,AGL,CE,Towers with Radar,0,6,28,0,34,0,0,9,0,9,0,6,37,0,43,40,0,40,83
03/12/2010,ARR,IL,AGL,CE,Towers with Radar,0,2,29,0,31,0,0,76,0,76,0,2,105,0,107,73,0,73,180
03/13/2010,ARR,IL,AGL,CE,Towers with Radar,0,1,10,0,11,0,0,0,0,0,0,1,10,0,11,0,0,0,11
03/14/2010,ARR,IL,AGL,CE,Towers with Radar,0,0,26,1,27,0,0,63,0,63,0,0,89,1,90,86,0,86,176
03/15/2010,ARR,IL,AGL,CE,Towers with Radar,0,4,33,0,37,0,0,76,0,76,0,4,109,0,113,132,0,132,245
03/16/2010,ARR,IL,AGL,CE,Towers with Radar,0,0,23,0,23,0,0,165,0,165,0,0,188,0,188,127,0,127,315
03/17/2010,ARR,IL,AGL,CE,Towers with Radar,0,2,22,0,24,0,0,177,0,177,0,2,199,0,201,239,0,239,440
03/18/2010,ARR,IL,AGL,CE,Towers with Radar,0,2,49,0,51,0,0,131,0,131,0,2,180,0,182,53,0,53,235
03/19/2010,ARR,IL,AGL,CE,Towers with Radar,0,3,25,0,28,0,0,183,0,183,0,3,208,0,211,150,0,150,361
03/20/2010,ARR,IL,AGL,CE,Towers with Radar,0,1,3,0,4,0,0,0,0,0,0,1,3,0,4,0,0,0,4
03/21/2010,ARR,IL,AGL,CE,Towers with Radar,0,4,23,0,27,0,0,58,0,58,0,4,81,0,85,81,0,81,166
03/22/2010,ARR,IL,AGL,CE,Towers with Radar,0,1,19,0,20,0,0,79,0,79,0,1,98,0,99,113,0,113,212
03/23/2010,ARR,IL,AGL,CE,Towers with Radar,0,1,23,0,24,0,0,159,0,159,0,1,182,0,183,131,0,131,314
03/24/2010,ARR,IL,AGL,CE,Towers with Radar,0,0,19,0,19,0,0,111,0,111,0,0,130,0,130,123,0,123,253
03/25/2010,ARR,IL,AGL,CE,Towers with Radar,0,0,16,0,16,0,0,34,0,34,0,0,50,0,50,21,0,21,71
03/26/2010,ARR,IL,AGL,CE,Towers with Radar,0,1,33,0,34,0,0,143,0,143,0,1,176,0,177,206,0,206,383
03/27/2010,ARR,IL,AGL,CE,Towers with Radar,0,1,16,0,17,0,0,158,0,158,0,1,174,0,175,240,0,240,415
03/28/2010,ARR,IL,AGL,CE,Towers with Radar,0,3,10,0,13,0,0,59,0,59,0,3,69,0,72,19,0,19,91
03/29/2010,ARR,IL,AGL,CE,Towers with Radar,0,1,21,0,22,0,0,78,0,78,0,1,99,0,100,84,0,84,184
03/30/2010,ARR,IL,AGL,CE,Towers with Radar,0,0,23,0,23,0,0,91,2,93,0,0,114,2,116,68,0,68,184
03/31/2010,ARR,IL,AGL,CE,Towers with Radar,0,1,16,0,17,0,0,108,0,108,0,1,124,0,125,52,0,52,177
04/01/2010,ARR,IL,AGL,CE,Towers with Radar,0,2,21,0,23,0,0,105,0,105,0,2,126,0,128,96,0,96,224
04/02/2010,ARR,IL,AGL,CE,Towers with Radar,0,3,20,0,23,0,0,73,0,73,0,3,93,0,96,102,0,102,198
04/03/2010,ARR,IL,AGL,CE,Towers with Radar,0,1,24,0,25,0,0,37,0,37,0,1,61,0,62,53,0,53,115
04/04/2010,ARR,IL,AGL,CE,Towers with Radar,0,0,9,0,9,0,0,42,0,42,0,0,51,0,51,55,0,55,106
04/05/2010,ARR,IL,AGL,CE,Towers with Radar,0,0,36,1,37,0,0,98,2,100,0,0,134,3,137,192,8,200,337
04/06/2010,ARR,IL,AGL,CE,Towers with Radar,0,1,6,0,7,0,0,34,0,34,0,1,40,0,41,19,2,21,62
04/07/2010,ARR,IL,AGL,CE,Towers with Radar,0,0,20,0,20,0,0,0,0,0,0,0,20,0,20,0,0,0,20
04/08/2010,ARR,IL,AGL,CE,Towers with Radar,0,0,32,0,32,0,0,26,0,26,0,0,58,0,58,41,0,41,99
04/09/2010,ARR,IL,AGL,CE,Towers with Radar,0,3,42,4,49,0,0,148,0,148,0,3,190,4,197,141,0,141,338
04/10/2010,ARR,IL,AGL,CE,Towers with Radar,0,1,18,0,19,0,0,152,0,152,0,1,170,0,171,131,0,131,302
04/11/2010,ARR,IL,AGL,CE,Towers with Radar,0,0,15,4,19,0,0,140,0,140,0,0,155,4,159,157,0,157,316
04/12/2010,ARR,IL,AGL,CE,Towers with Radar,0,2,23,0,25,0,0,125,0,125,0,2,148,0,150,121,0,121,271
04/13/2010,ARR,IL,AGL,CE,Towers with Radar,0,2,25,0,27,0,0,115,0,115,0,2,140,0,142,148,0,148,290
04/14/2010,ARR,IL,AGL,CE,Towers with Radar,0,1,22,0,23,0,0,156,0,156,0,1,178,0,179,206,0,206,385
04/15/2010,ARR,IL,AGL,CE,Towers with Radar,0,0,14,0,14,0,0,87,0,87,0,0,101,0,101,79,0,79,180
04/16/2010,ARR,IL,AGL,CE,Towers with Radar,0,0,16,0,16,0,0,75,3,78,0,0,91,3,94,113,0,113,207
04/17/2010,ARR,IL,AGL,CE,Towers with Radar,0,0,29,0,29,0,0,125,0,125,0,0,154,0,154,143,0,143,297
04/18/2010,ARR,IL,AGL,CE,Towers with Radar,0,0,25,0,25,0,0,143,2,145,0,0,168,2,170,73,0,73,243
04/19/2010,ARR,IL,AGL,CE,Towers with Radar,0,3,20,0,23,0,0,142,2,144,0,3,162,2,167,43,10,53,220
04/20/2010,ARR,IL,AGL,CE,Towers with Radar,0,2,22,0,24,0,0,130,0,130,0,2,152,0,154,126,0,126,280
04/21/2010,ARR,IL,AGL,CE,Towers with Radar,0,0,26,3,29,0,0,130,0,130,0,0,156,3,159,140,0,140,299
04/22/2010,ARR,IL,AGL,CE,Towers with Radar,0,8,28,0,36,0,0,109,0,109,0,8,137,0,145,81,0,81,226
04/23/2010,ARR,IL,AGL,CE,Towers with Radar,0,4,18,0,22,0,0,52,0,52,0,4,70,0,74,92,0,92,166
04/24/2010,ARR,IL,AGL,CE,Towers with Radar,0,0,30,0,30,0,0,0,0,0,0,0,30,0,30,0,0,0,30
04/25/2010,ARR,IL,AGL,CE,Towers with Radar,0,1,25,0,26,0,0,46,0,46,0,1,71,0,72,17,0,17,89
04/26/2010,ARR,IL,AGL,CE,Towers with Radar,0,2,25,0,27,0,0,72,0,72,0,2,97,0,99,90,0,90,189
04/27/2010,ARR,IL,AGL,CE,Towers with Radar,0,0,21,0,21,0,0,252,0,252,0,0,273,0,273,80,0,80,353
04/28/2010,ARR,IL,AGL,CE,Towers with Radar,0,1,20,0,21,0,0,139,0,139,0,1,159,0,160,189,0,189,349
04/29/2010,ARR,IL,AGL,CE,Towers with Radar,0,1,28,0,29,0,0,58,0,58,0,1,86,0,87,12,0,12,99
04/30/2010,ARR,IL,AGL,CE,Towers with Radar,0,1,15,3,19,0,0,32,0,32,0,1,47,3,51,26,0,26,77
05/01/2010,ARR,IL,AGL,CE,Towers with Radar,0,2,14,2,18,0,0,91,0,91,0,2,105,2,109,138,0,138,247
05/02/2010,ARR,IL,AGL,CE,Towers with Radar,0,3,14,5,22,0,0,111,0,111,0,3,125,5,133,102,0,102,235
05/03/2010,ARR,IL,AGL,CE,Towers with Radar,0,1,22,0,23,0,0,112,0,112,0,1,134,0,135,84,0,84,219
05/04/2010,ARR,IL,AGL,CE,Towers with Radar,0,0,24,0,24,0,0,61,0,61,0,0,85,0,85,44,0,44,129
05/05/2010,ARR,IL,AGL,CE,Towers with Radar,0,1,27,0,28,0,0,115,0,115,0,1,142,0,143,104,0,104,247
05/06/2010,ARR,IL,AGL,CE,Towers with Radar,0,1,20,0,21,0,0,132,0,132,0,1,152,0,153,107,0,107,260
05/07/2010,ARR,IL,AGL,CE,Towers with Radar,0,2,25,0,27,0,0,6,0,6,0,2,31,0,33,34,0,34,67
05/08/2010,ARR,IL,AGL,CE,Towers with Radar,0,1,12,0,13,0,0,30,0,30,0,1,42,0,43,67,0,67,110
05/09/2010,ARR,IL,AGL,CE,Towers with Radar,0,1,27,0,28,0,0,155,0,155,0,1,182,0,183,106,0,106,289
05/10/2010,ARR,IL,AGL,CE,Towers with Radar,0,2,17,0,19,0,0,98,0,98,0,2,115,0,117,85,0,85,202
05/11/2010,ARR,IL,AGL,CE,Towers with Radar,0,0,32,4,36,0,0,7,0,7,0,0,39,4,43,30,0,30,73
05/12/2010,ARR,IL,AGL,CE,Towers with Radar,0,3,29,0,32,0,0,0,0,0,0,3,29,0,32,4,0,4,36
05/13/2010,ARR,IL,AGL,CE,Towers with Radar,0,2,18,0,20,0,0,16,0,16,0,2,34,0,36,45,0,45,81
05/14/2010,ARR,IL,AGL,CE,Towers with Radar,0,2,27,0,29,0,0,143,0,143,0,2,170,0,172,148,0,148,320
05/15/2010,ARR,IL,AGL,CE,Towers with Radar,0,0,17,0,17,0,0,240,0,240,0,0,257,0,257,188,0,188,445
05/16/2010,ARR,IL,AGL,CE,Towers with Radar,0,1,8,0,9,0,0,96,0,96,0,1,104,0,105,119,0,119,224
05/17/2010,ARR,IL,AGL,CE,Towers with Radar,0,1,14,0,15,0,0,34,0,34,0,1,48,0,49,52,0,52,101
05/18/2010,ARR,IL,AGL,CE,Towers with Radar,0,1,21,0,22,0,0,76,0,76,0,1,97,0,98,26,0,26,124
05/19/2010,ARR,IL,AGL,CE,Towers with Radar,0,0,20,0,20,0,0,160,0,160,0,0,180,0,180,135,0,135,315
05/20/2010,ARR,IL,AGL,CE,Towers with Radar,0,0,26,0,26,0,0,105,0,105,0,0,131,0,131,96,0,96,227
05/21/2010,ARR,IL,AGL,CE,Towers with Radar,0,1,31,0,32,0,0,7,0,7,0,1,38,0,39,0,0,0,39
05/22/2010,ARR,IL,AGL,CE,Towers with Radar,0,0,34,0,34,0,0,75,0,75,0,0,109,0,109,112,0,112,221
05/23/2010,ARR,IL,AGL,CE,Towers with Radar,0,1,11,0,12,0,1,182,0,183,0,2,193,0,195,84,0,84,279
05/24/2010,ARR,IL,AGL,CE,Towers with Radar,0,2,34,0,36,0,0,101,0,101,0,2,135,0,137,86,0,86,223
05/25/2010,ARR,IL,AGL,CE,Towers with Radar,0,1,37,0,38,0,0,130,0,130,0,1,167,0,168,72,0,72,240
05/26/2010,ARR,IL,AGL,CE,Towers with Radar,0,7,29,0,36,0,0,72,0,72,0,7,101,0,108,59,0,59,167
05/27/2010,ARR,IL,AGL,CE,Towers with Radar,0,2,35,0,37,0,0,124,0,124,0,2,159,0,161,120,0,120,281
05/28/2010,ARR,IL,AGL,CE,Towers with Radar,0,4,39,0,43,0,0,105,0,105,0,4,144,0,148,118,0,118,266
05/29/2010,ARR,IL,AGL,CE,Towers with Radar,0,1,24,0,25,0,0,100,0,100,0,1,124,0,125,92,0,92,217
05/30/2010,ARR,IL,AGL,CE,Towers with Radar,0,0,22,0,22,0,0,106,0,106,0,0,128,0,128,88,0,88,216
05/31/2010,ARR,IL,AGL,CE,Towers with Radar,0,3,25,0,28,0,0,14,0,14,0,3,39,0,42,40,0,40,82
06/01/2010,ARR,IL,AGL,CE,Towers with Radar,0,17,37,2,56,0,0,99,0,99,0,17,136,2,155,85,0,85,240
06/02/2010,ARR,IL,AGL,CE,Towers with Radar,0,2,28,0,30,0,0,39,0,39,0,2,67,0,69,108,0,108,177
06/03/2010,ARR,IL,AGL,CE,Towers with Radar,0,2,38,0,40,0,0,121,2,123,0,2,159,2,163,153,0,153,316
06/04/2010,ARR,IL,AGL,CE,Towers with Radar,0,7,23,0,30,0,0,57,0,57,0,7,80,0,87,48,0,48,135
06/05/2010,ARR,IL,AGL,CE,Towers with Radar,0,3,24,1,28,0,0,42,0,42,0,3,66,1,70,64,0,64,134
06/06/2010,ARR,IL,AGL,CE,Towers with Radar,0,0,18,4,22,0,0,124,0,124,0,0,142,4,146,86,0,86,232
06/07/2010,ARR,IL,AGL,CE,Towers with Radar,0,1,28,1,30,0,0,129,0,129,0,1,157,1,159,154,0,154,313
06/08/2010,ARR,IL,AGL,CE,Towers with Radar,0,3,24,0,27,0,0,2,0,2,0,3,26,0,29,10,0,10,39
06/09/2010,ARR,IL,AGL,CE,Towers with Radar,0,5,35,0,40,0,0,150,0,150,0,5,185,0,190,131,0,131,321
06/10/2010,ARR,IL,AGL,CE,Towers with Radar,0,4,40,4,48,0,0,153,0,153,0,4,193,4,201,97,9,106,307
06/11/2010,ARR,IL,AGL,CE,Towers with Radar,0,8,31,0,39,0,0,69,0,69,0,8,100,0,108,42,0,42,150
06/12/2010,ARR,IL,AGL,CE,Towers with Radar,0,0,14,0,14,0,0,21,0,21,0,0,35,0,35,32,0,32,67
06/13/2010,ARR,IL,AGL,CE,Towers with Radar,0,0,26,0,26,0,0,2,0,2,0,0,28,0,28,0,0,0,28
06/14/2010,ARR,IL,AGL,CE,Towers with Radar,0,2,45,2,49,0,0,8,0,8,0,2,53,2,57,18,0,18,75
06/15/2010,ARR,IL,AGL,CE,Towers with Radar,0,2,43,0,45,0,0,21,0,21,0,2,64,0,66,56,0,56,122
06/16/2010,ARR,IL,AGL,CE,Towers with Radar,0,1,48,0,49,0,0,172,0,172,0,1,220,0,221,170,0,170,391
06/17/2010,ARR,IL,AGL,CE,Towers with Radar,0,1,48,0,49,0,0,188,0,188,0,1,236,0,237,254,0,254,491
06/18/2010,ARR,IL,AGL,CE,Towers with Radar,0,3,24,0,27,0,0,78,0,78,0,3,102,0,105,159,0,159,264
06/19/2010,ARR,IL,AGL,CE,Towers with Radar,0,1,23,0,24,0,0,180,0,180,0,1,203,0,204,241,0,241,445
06/20/2010,ARR,IL,AGL,CE,Towers with Radar,0,2,23,0,25,0,0,94,0,94,0,2,117,0,119,144,0,144,263
06/21/2010,ARR,IL,AGL,CE,Towers with Radar,0,3,31,0,34,0,0,74,0,74,0,3,105,0,108,86,0,86,194
06/22/2010,ARR,IL,AGL,CE,Towers with Radar,0,15,23,0,38,0,0,96,0,96,0,15,119,0,134,113,0,113,247
06/23/2010,ARR,IL,AGL,CE,Towers with Radar,0,7,19,0,26,0,0,33,0,33,0,7,52,0,59,8,0,8,67
06/24/2010,ARR,IL,AGL,CE,Towers with Radar,0,4,24,0,28,0,0,169,0,169,0,4,193,0,197,226,0,226,423
06/25/2010,ARR,IL,AGL,CE,Towers with Radar,0,4,36,0,40,0,0,164,0,164,0,4,200,0,204,139,0,139,343
06/26/2010,ARR,IL,AGL,CE,Towers with Radar,0,3,22,0,25,0,0,105,0,105,0,3,127,0,130,195,0,195,325
06/27/2010,ARR,IL,AGL,CE,Towers with Radar,0,3,18,0,21,0,0,3,0,3,0,3,21,0,24,101,0,101,125
06/28/2010,ARR,IL,AGL,CE,Towers with Radar,0,3,49,0,52,0,0,169,2,171,0,3,218,2,223,200,0,200,423
06/29/2010,ARR,IL,AGL,CE,Towers with Radar,0,4,38,1,43,0,0,160,0,160,0,4,198,1,203,121,0,121,324
06/30/2010,ARR,IL,AGL,CE,Towers with Radar,0,1,29,0,30,0,0,151,2,153,0,1,180,2,183,146,8,154,337
07/01/2010,ARR,IL,AGL,CE,Towers with Radar,0,2,42,0,44,0,0,189,0,189,0,2,231,0,233,165,0,165,398
07/02/2010,ARR,IL,AGL,CE,Towers with Radar,0,1,21,0,22,0,0,175,0,175,0,1,196,0,197,180,0,180,377
07/03/2010,ARR,IL,AGL,CE,Towers with Radar,0,1,14,0,15,0,0,145,0,145,0,1,159,0,160,118,0,118,278
07/04/2010,ARR,IL,AGL,CE,Towers with Radar,0,0,5,0,5,0,0,55,0,55,0,0,60,0,60,30,0,30,90
07/05/2010,ARR,IL,AGL,CE,Towers with Radar,0,2,35,0,37,0,0,69,0,69,0,2,104,0,106,68,0,68,174
07/06/2010,ARR,IL,AGL,CE,Towers with Radar,0,2,32,0,34,0,0,67,0,67,0,2,99,0,101,150,0,150,251
07/07/2010,ARR,IL,AGL,CE,Towers with Radar,0,4,26,0,30,0,0,68,0,68,0,4,94,0,98,73,0,73,171
07/08/2010,ARR,IL,AGL,CE,Towers with Radar,0,1,34,0,35,0,0,60,0,60,0,1,94,0,95,11,0,11,106
07/09/2010,ARR,IL,AGL,CE,Towers with Radar,0,1,29,4,34,0,0,197,0,197,0,1,226,4,231,172,0,172,403
07/10/2010,ARR,IL,AGL,CE,Towers with Radar,0,0,12,0,12,0,0,146,0,146,0,0,158,0,158,176,0,176,334
07/11/2010,ARR,IL,AGL,CE,Towers with Radar,0,2,22,4,28,0,0,138,0,138,0,2,160,4,166,116,0,116,282
07/12/2010,ARR,IL,AGL,CE,Towers with Radar,0,2,26,0,28,0,0,93,0,93,0,2,119,0,121,105,0,105,226
07/13/2010,ARR,IL,AGL,CE,Towers with Radar,0,3,25,0,28,0,0,123,0,123,0,3,148,0,151,116,0,116,267
07/14/2010,ARR,IL,AGL,CE,Towers with Radar,0,7,26,0,33,0,0,119,0,119,0,7,145,0,152,114,0,114,266
07/15/2010,ARR,IL,AGL,CE,Towers with Radar,0,4,32,0,36,0,0,76,0,76,0,4,108,0,112,174,0,174,286
07/16/2010,ARR,IL,AGL,CE,Towers with Radar,0,0,28,0,28,0,0,176,3,179,0,0,204,3,207,130,0,130,337
07/17/2010,ARR,IL,AGL,CE,Towers with Radar,0,2,24,0,26,0,0,185,0,185,0,2,209,0,211,196,0,196,407
07/18/2010,ARR,IL,AGL,CE,Towers with Radar,0,2,18,0,20,0,0,106,0,106,0,2,124,0,126,94,0,94,220
07/19/2010,ARR,IL,AGL,CE,Towers with Radar,0,3,24,0,27,0,0,96,0,96,0,3,120,0,123,141,0,141,264
07/20/2010,ARR,IL,AGL,CE,Towers with Radar,0,0,30,0,30,0,0,63,0,63,0,0,93,0,93,98,0,98,191
07/21/2010,ARR,IL,AGL,CE,Towers with Radar,0,3,29,0,32,0,0,152,0,152,0,3,181,0,184,195,0,195,379
07/22/2010,ARR,IL,AGL,CE,Towers with Radar,0,9,29,0,38,0,0,71,0,71,0,9,100,0,109,67,0,67,176
07/23/2010,ARR,IL,AGL,CE,Towers with Radar,0,3,25,0,28,0,0,81,0,81,0,3,106,0,109,87,0,87,196
07/24/2010,ARR,IL,AGL,CE,Towers with Radar,0,0,24,0,24,0,0,60,0,60,0,0,84,0,84,29,0,29,113
07/25/2010,ARR,IL,AGL,CE,Towers with Radar,0,1,44,0,45,0,1,235,0,236,0,2,279,0,281,215,0,215,496
07/26/2010,ARR,IL,AGL,CE,Towers with Radar,0,0,37,0,37,0,0,137,0,137,0,0,174,0,174,127,0,127,301
07/27/2010,ARR,IL,AGL,CE,Towers with Radar,0,1,38,0,39,0,0,148,0,148,0,1,186,0,187,138,0,138,325
07/28/2010,ARR,IL,AGL,CE,Towers with Radar,0,0,44,0,44,0,0,66,0,66,0,0,110,0,110,32,0,32,142
07/29/2010,ARR,IL,AGL,CE,Towers with Radar,0,3,44,3,50,0,0,110,0,110,0,3,154,3,160,144,2,146,306
07/30/2010,ARR,IL,AGL,CE,Towers with Radar,0,0,31,0,31,0,0,85,0,85,0,0,116,0,116,36,0,36,152
07/31/2010,ARR,IL,AGL,CE,Towers with Radar,0,2,38,0,40,0,0,46,0,46,0,2,84,0,86,74,0,74,160
08/01/2010,ARR,IL,AGL,CE,Towers with Radar,0,0,38,0,38,0,0,119,0,119,0,0,157,0,157,119,0,119,276
08/02/2010,ARR,IL,AGL,CE,Towers with Radar,0,0,33,0,33,0,0,122,0,122,0,0,155,0,155,122,0,122,277
08/03/2010,ARR,IL,AGL,CE,Towers with Radar,0,3,30,0,33,0,0,36,0,36,0,3,66,0,69,94,0,94,163
08/04/2010,ARR,IL,AGL,CE,Towers with Radar,0,1,27,0,28,0,0,32,0,32,0,1,59,0,60,76,0,76,136
08/05/2010,ARR,IL,AGL,CE,Towers with Radar,0,0,51,0,51,0,0,125,1,126,0,0,176,1,177,194,0,194,371
08/06/2010,ARR,IL,AGL,CE,Towers with Radar,0,1,31,4,36,0,1,209,0,210,0,2,240,4,246,196,0,196,442
08/07/2010,ARR,IL,AGL,CE,Towers with Radar,0,0,33,0,33,0,0,144,0,144,0,0,177,0,177,178,0,178,355
08/08/2010,ARR,IL,AGL,CE,Towers with Radar,0,3,22,4,29,0,0,109,0,109,0,3,131,4,138,84,0,84,222
08/09/2010,ARR,IL,AGL,CE,Towers with Radar,0,1,30,0,31,0,0,77,0,77,0,1,107,0,108,73,0,73,181
08/10/2010,ARR,IL,AGL,CE,Towers with Radar,0,0,16,0,16,0,0,98,4,102,0,0,114,4,118,120,0,120,238
08/11/2010,ARR,IL,AGL,CE,Towers with Radar,0,1,36,0,37,0,0,118,0,118,0,1,154,0,155,106,0,106,261
08/12/2010,ARR,IL,AGL,CE,Towers with Radar,0,5,43,0,48,0,0,125,3,128,0,5,168,3,176,140,10,150,326
08/13/2010,ARR,IL,AGL,CE,Towers with Radar,0,2,27,0,29,0,0,114,0,114,0,2,141,0,143,84,0,84,227
08/14/2010,ARR,IL,AGL,CE,Towers with Radar,0,1,34,0,35,0,0,140,0,140,0,1,174,0,175,108,0,108,283
08/15/2010,ARR,IL,AGL,CE,Towers with Radar,0,2,32,0,34,0,0,119,0,119,0,2,151,0,153,116,0,116,269
08/16/2010,ARR,IL,AGL,CE,Towers with Radar,0,0,40,0,40,0,0,161,0,161,0,0,201,0,201,114,0,114,315
08/17/2010,ARR,IL,AGL,CE,Towers with Radar,0,1,22,1,24,0,0,142,6,148,0,1,164,7,172,162,8,170,342
08/18/2010,ARR,IL,AGL,CE,Towers with Radar,0,1,53,0,54,0,0,150,1,151,0,1,203,1,205,132,4,136,341
08/19/2010,ARR,IL,AGL,CE,Towers with Radar,0,1,32,0,33,0,0,155,0,155,0,1,187,0,188,152,1,153,341
08/20/2010,ARR,IL,AGL,CE,Towers with Radar,0,1,29,2,32,0,0,89,0,89,0,1,118,2,121,73,0,73,194
08/21/2010,ARR,IL,AGL,CE,Towers with Radar,0,1,31,0,32,0,0,78,0,78,0,1,109,0,110,132,0,132,242
08/22/2010,ARR,IL,AGL,CE,Towers with Radar,0,1,29,1,31,0,0,186,1,187,0,1,215,2,218,208,0,208,426
08/23/2010,ARR,IL,AGL,CE,Towers with Radar,0,4,39,0,43,0,0,134,0,134,0,4,173,0,177,82,0,82,259
08/24/2010,ARR,IL,AGL,CE,Towers with Radar,0,1,24,0,25,0,0,93,2,95,0,1,117,2,120,76,8,84,204
08/25/2010,ARR,IL,AGL,CE,Towers with Radar,0,0,38,0,38,0,0,141,0,141,0,0,179,0,179,108,0,108,287
08/26/2010,ARR,IL,AGL,CE,Towers with Radar,0,0,31,0,31,0,0,120,0,120,0,0,151,0,151,139,0,139,290
08/27/2010,ARR,IL,AGL,CE,Towers with Radar,0,2,23,1,26,0,0,155,0,155,0,2,178,1,181,132,0,132,313
08/28/2010,ARR,IL,AGL,CE,Towers with Radar,0,2,26,0,28,0,0,167,0,167,0,2,193,0,195,192,0,192,387
08/29/2010,ARR,IL,AGL,CE,Towers with Radar,0,1,20,1,22,0,0,245,0,245,0,1,265,1,267,94,0,94,361
08/30/2010,ARR,IL,AGL,CE,Towers with Radar,0,3,25,0,28,0,0,72,0,72,0,3,97,0,100,36,0,36,136
08/31/2010,ARR,IL,AGL,CE,Towers with Radar,0,3,39,0,42,0,0,69,0,69,0,3,108,0,111,118,0,118,229
09/01/2010,ARR,IL,AGL,CE,Towers with Radar,0,3,29,0,32,0,0,83,0,83,0,3,112,0,115,46,0,46,161
09/02/2010,ARR,IL,AGL,CE,Towers with Radar,0,3,37,0,40,0,0,40,0,40,0,3,77,0,80,49,0,49,129
09/03/2010,ARR,IL,AGL,CE,Towers with Radar,0,2,37,0,39,0,0,63,0,63,0,2,100,0,102,69,0,69,171
09/04/2010,ARR,IL,AGL,CE,Towers with Radar,0,0,9,0,9,0,0,95,0,95,0,0,104,0,104,107,0,107,211
09/05/2010,ARR,IL,AGL,CE,Towers with Radar,0,0,11,0,11,0,0,138,0,138,0,0,149,0,149,81,0,81,230
09/06/2010,ARR,IL,AGL,CE,Towers with Radar,0,0,20,0,20,0,0,33,0,33,0,0,53,0,53,17,0,17,70
09/07/2010,ARR,IL,AGL,CE,Towers with Radar,0,0,21,0,21,0,0,27,0,27,0,0,48,0,48,0,0,0,48
09/08/2010,ARR,IL,AGL,CE,Towers with Radar,0,4,34,2,40,0,2,127,0,129,0,6,161,2,169,102,0,102,271
09/09/2010,ARR,IL,AGL,CE,Towers with Radar,0,5,30,0,35,0,0,118,0,118,0,5,148,0,153,91,0,91,244
09/10/2010,ARR,IL,AGL,CE,Towers with Radar,0,2,26,2,30,0,0,135,0,135,0,2,161,2,165,117,0,117,282
09/11/2010,ARR,IL,AGL,CE,Towers with Radar,0,0,26,0,26,0,0,31,0,31,0,0,57,0,57,18,0,18,75
09/12/2010,ARR,IL,AGL,CE,Towers with Radar,0,5,19,0,24,0,0,142,0,142,0,5,161,0,166,122,0,122,288
09/13/2010,ARR,IL,AGL,CE,Towers with Radar,0,1,24,0,25,0,0,117,0,117,0,1,141,0,142,105,0,105,247
09/14/2010,ARR,IL,AGL,CE,Towers with Radar,0,4,19,0,23,0,0,107,0,107,0,4,126,0,130,103,0,103,233
09/15/2010,ARR,IL,AGL,CE,Towers with Radar,0,2,23,0,25,0,0,113,0,113,0,2,136,0,138,85,0,85,223
09/16/2010,ARR,IL,AGL,CE,Towers with Radar,0,3,35,0,38,0,0,48,0,48,0,3,83,0,86,47,0,47,133
09/17/2010,ARR,IL,AGL,CE,Towers with Radar,0,1,19,2,22,0,0,150,0,150,0,1,169,2,172,116,0,116,288
09/18/2010,ARR,IL,AGL,CE,Towers with Radar,0,0,25,0,25,0,0,20,0,20,0,0,45,0,45,54,0,54,99
09/19/2010,ARR,IL,AGL,CE,Towers with Radar,0,2,35,2,39,0,0,109,0,109,0,2,144,2,148,59,0,59,207
09/20/2010,ARR,IL,AGL,CE,Towers with Radar,0,4,28,2,34,0,0,77,0,77,0,4,105,2,111,68,0,68,179
09/21/2010,ARR,IL,AGL,CE,Towers with Radar,0,3,20,0,23,0,0,38,0,38,0,3,58,0,61,34,0,34,95
09/22/2010,ARR,IL,AGL,CE,Towers with Radar,0,4,37,0,41,0,0,46,0,46,0,4,83,0,87,105,0,105,192
09/23/2010,ARR,IL,AGL,CE,Towers with Radar,0,5,26,0,31,0,1,81,0,82,0,6,107,0,113,77,0,77,190
09/24/2010,ARR,IL,AGL,CE,Towers with Radar,0,1,21,0,22,0,0,31,0,31,0,1,52,0,53,0,0,0,53
09/25/2010,ARR,IL,AGL,CE,Towers with Radar,0,0,22,0,22,0,0,170,0,170,0,0,192,0,192,140,0,140,332
09/26/2010,ARR,IL,AGL,CE,Towers with Radar,0,0,20,0,20,0,0,320,1,321,0,0,340,1,341,123,0,123,464
09/27/2010,ARR,IL,AGL,CE,Towers with Radar,0,2,31,0,33,0,0,104,0,104,0,2,135,0,137,107,0,107,244
09/28/2010,ARR,IL,AGL,CE,Towers with Radar,0,2,18,0,20,0,0,138,0,138,0,2,156,0,158,116,0,116,274
09/29/2010,ARR,IL,AGL,CE,Towers with Radar,0,1,30,0,31,0,0,161,0,161,0,1,191,0,192,87,0,87,279
09/30/2010,ARR,IL,AGL,CE,Towers with Radar,0,2,32,0,34,0,0,99,0,99,0,2,131,0,133,109,0,109,242
10/01/2010,ARR,IL,AGL,CE,Towers with Radar,0,1,26,4,31,0,0,190,0,190,0,1,216,4,221,132,0,132,353
10/02/2010,ARR,IL,AGL,CE,Towers with Radar,0,1,17,0,18,0,0,42,0,42,0,1,59,0,60,40,0,40,100
10/03/2010,ARR,IL,AGL,CE,Towers with Radar,0,1,25,4,30,0,0,159,0,159,0,1,184,4,189,202,0,202,391
10/04/2010,ARR,IL,AGL,CE,Towers with Radar,0,1,25,0,26,0,0,111,0,111,0,1,136,0,137,62,0,62,199
10/05/2010,ARR,IL,AGL,CE,Towers with Radar,0,3,21,0,24,0,7,115,0,122,0,10,136,0,146,129,0,129,275
10/06/2010,ARR,IL,AGL,CE,Towers with Radar,0,2,37,0,39,0,0,153,0,153,0,2,190,0,192,95,0,95,287
10/07/2010,ARR,IL,AGL,CE,Towers with Radar,0,5,42,0,47,0,0,80,0,80,0,5,122,0,127,57,0,57,184
10/08/2010,ARR,IL,AGL,CE,Towers with Radar,0,1,33,0,34,0,0,138,0,138,0,1,171,0,172,136,0,136,308
10/09/2010,ARR,IL,AGL,CE,Towers with Radar,0,1,26,0,27,0,0,145,0,145,0,1,171,0,172,78,0,78,250
10/10/2010,ARR,IL,AGL,CE,Towers with Radar,0,0,21,0,21,0,0,186,0,186,0,0,207,0,207,132,0,132,339
10/11/2010,ARR,IL,AGL,CE,Towers with Radar,0,3,31,0,34,0,0,113,0,113,0,3,144,0,147,110,0,110,257
10/12/2010,ARR,IL,AGL,CE,Towers with Radar,0,0,22,0,22,0,0,102,0,102,0,0,124,0,124,64,0,64,188
10/13/2010,ARR,IL,AGL,CE,Towers with Radar,0,3,20,0,23,0,0,117,0,117,0,3,137,0,140,147,0,147,287
10/14/2010,ARR,IL,AGL,CE,Towers with Radar,0,1,48,0,49,0,0,115,0,115,0,1,163,0,164,136,0,136,300
10/15/2010,ARR,IL,AGL,CE,Towers with Radar,0,1,25,0,26,0,0,123,0,123,0,1,148,0,149,104,0,104,253
10/16/2010,ARR,IL,AGL,CE,Towers with Radar,0,1,14,0,15,0,0,133,0,133,0,1,147,0,148,62,0,62,210
10/17/2010,ARR,IL,AGL,CE,Towers with Radar,0,2,22,2,26,0,0,155,0,155,0,2,177,2,181,139,0,139,320
10/18/2010,ARR,IL,AGL,CE,Towers with Radar,0,1,23,0,24,0,0,106,0,106,0,1,129,0,130,94,0,94,224
10/19/2010,ARR,IL,AGL,CE,Towers with Radar,0,3,21,0,24,0,0,134,4,138,0,3,155,4,162,133,16,149,311
10/20/2010,ARR,IL,AGL,CE,Towers with Radar,0,6,31,0,37,0,0,65,2,67,0,6,96,2,104,64,0,64,168
10/21/2010,ARR,IL,AGL,CE,Towers with Radar,0,3,29,0,32,0,0,105,4,109,0,3,134,4,141,84,10,94,235
10/22/2010,ARR,IL,AGL,CE,Towers with Radar,0,1,17,0,18,0,0,200,0,200,0,1,217,0,218,117,0,117,335
10/23/2010,ARR,IL,AGL,CE,Towers with Radar,0,0,13,0,13,0,0,25,0,25,0,0,38,0,38,38,0,38,76
10/24/2010,ARR,IL,AGL,CE,Towers with Radar,0,2,19,0,21,0,0,171,0,171,0,2,190,0,192,40,0,40,232
10/25/2010,ARR,IL,AGL,CE,Towers with Radar,0,2,36,4,42,0,0,77,0,77,0,2,113,4,119,76,0,76,195
10/26/2010,ARR,IL,AGL,CE,Towers with Radar,0,2,6,0,8,0,0,0,0,0,0,2,6,0,8,0,0,0,8
10/27/2010,ARR,IL,AGL,CE,Towers with Radar,0,2,19,0,21,0,0,7,0,7,0,2,26,0,28,3,0,3,31
10/28/2010,ARR,IL,AGL,CE,Towers with Radar,0,6,28,0,34,0,0,50,0,50,0,6,78,0,84,25,0,25,109
10/29/2010,ARR,IL,AGL,CE,Towers with Radar,0,3,30,0,33,0,0,203,0,203,0,3,233,0,236,116,0,116,352
10/30/2010,ARR,IL,AGL,CE,Towers with Radar,0,2,19,0,21,0,0,114,0,114,0,2,133,0,135,86,0,86,221
10/31/2010,ARR,IL,AGL,CE,Towers with Radar,0,2,29,0,31,0,0,111,0,111,0,2,140,0,142,111,0,111,253
11/01/2010,ARR,IL,AGL,CE,Towers with Radar,0,5,27,0,32,0,0,114,0,114,0,5,141,0,146,76,0,76,222
11/02/2010,ARR,IL,AGL,CE,Towers with Radar,0,3,21,0,24,0,0,116,0,116,0,3,137,0,140,152,0,152,292
11/03/2010,ARR,IL,AGL,CE,Towers with Radar,0,4,27,0,31,0,0,87,0,87,0,4,114,0,118,40,0,40,158
11/04/2010,ARR,IL,AGL,CE,Towers with Radar,0,0,17,0,17,0,0,48,0,48,0,0,65,0,65,33,0,33,98
11/05/2010,ARR,IL,AGL,CE,Towers with Radar,0,5,24,4,33,0,0,96,0,96,0,5,120,4,129,46,0,46,175
11/06/2010,ARR,IL,AGL,CE,Towers with Radar,0,0,23,0,23,0,0,151,3,154,0,0,174,3,177,149,0,149,326
11/07/2010,ARR,IL,AGL,CE,Towers with Radar,0,1,24,4,29,0,0,134,0,134,0,1,158,4,163,78,0,78,241
11/08/2010,ARR,IL,AGL,CE,Towers with Radar,0,3,22,2,27,0,0,90,0,90,0,3,112,2,117,60,2,62,179
11/09/2010,ARR,IL,AGL,CE,Towers with Radar,0,2,23,0,25,0,0,129,4,133,0,2,152,4,158,152,0,152,310
11/10/2010,ARR,IL,AGL,CE,Towers with Radar,0,1,29,2,32,0,0,150,2,152,0,1,179,4,184,95,2,97,281
11/11/2010,ARR,IL,AGL,CE,Towers with Radar,0,2,27,0,29,0,0,96,0,96,0,2,123,0,125,55,0,55,180
11/12/2010,ARR,IL,AGL,CE,Towers with Radar,0,2,29,0,31,0,0,82,0,82,0,2,111,0,113,87,0,87,200
11/13/2010,ARR,IL,AGL,CE,Towers with Radar,0,0,17,0,17,0,0,10,0,10,0,0,27,0,27,0,0,0,27
11/14/2010,ARR,IL,AGL,CE,Towers with Radar,0,1,17,0,18,0,0,53,0,53,0,1,70,0,71,53,0,53,124
11/15/2010,ARR,IL,AGL,CE,Towers with Radar,0,1,27,0,28,0,0,116,0,116,0,1,143,0,144,61,0,61,205
11/16/2010,ARR,IL,AGL,CE,Towers with Radar,0,0,22,0,22,0,0,106,2,108,0,0,128,2,130,149,3,152,282
11/17/2010,ARR,IL,AGL,CE,Towers with Radar,0,0,26,0,26,0,0,10,0,10,0,0,36,0,36,9,0,9,45
11/18/2010,ARR,IL,AGL,CE,Towers with Radar,0,0,26,0,26,0,0,114,0,114,0,0,140,0,140,128,0,128,268
11/19/2010,ARR,IL,AGL,CE,Towers with Radar,0,1,32,0,33,0,0,105,0,105,0,1,137,0,138,40,0,40,178
11/20/2010,ARR,IL,AGL,CE,Towers with Radar,0,2,25,0,27,0,0,134,0,134,0,2,159,0,161,220,0,220,381
11/21/2010,ARR,IL,AGL,CE,Towers with Radar,0,0,41,0,41,0,0,4,0,4,0,0,45,0,45,10,0,10,55
11/22/2010,ARR,IL,AGL,CE,Towers with Radar,0,2,21,0,23,0,0,11,0,11,0,2,32,0,34,37,0,37,71
11/23/2010,ARR,IL,AGL,CE,Towers with Radar,0,4,45,4,53,0,0,158,0,158,0,4,203,4,211,98,0,98,309
11/24/2010,ARR,IL,AGL,CE,Towers with Radar,0,1,18,0,19,0,0,37,0,37,0,1,55,0,56,23,0,23,79
11/25/2010,ARR,IL,AGL,CE,Towers with Radar,0,0,3,0,3,0,0,0,0,0,0,0,3,0,3,0,0,0,3
11/26/2010,ARR,IL,AGL,CE,Towers with Radar,0,0,11,0,11,0,0,79,0,79,0,0,90,0,90,10,0,10,100
11/27/2010,ARR,IL,AGL,CE,Towers with Radar,0,0,10,0,10,0,0,164,0,164,0,0,174,0,174,168,0,168,342
11/28/2010,ARR,IL,AGL,CE,Towers with Radar,0,8,29,0,37,0,0,145,0,145,0,8,174,0,182,124,0,124,306
11/29/2010,ARR,IL,AGL,CE,Towers with Radar,0,6,23,0,29,0,0,44,0,44,0,6,67,0,73,62,0,62,135
11/30/2010,ARR,IL,AGL,CE,Towers with Radar,0,6,8,0,14,0,0,5,0,5,0,6,13,0,19,7,0,7,26
12/01/2010,ARR,IL,AGL,CE,Towers with Radar,0,5,26,0,31,0,0,24,0,24,0,5,50,0,55,32,0,32,87
12/02/2010,ARR,IL,AGL,CE,Towers with Radar,0,0,33,0,33,0,0,124,0,124,0,0,157,0,157,74,0,74,231
12/03/2010,ARR,IL,AGL,CE,Towers with Radar,0,4,29,3,36,0,0,120,0,120,0,4,149,3,156,62,0,62,218
12/04/2010,ARR,IL,AGL,CE,Towers with Radar,0,0,11,0,11,0,0,3,0,3,0,0,14,0,14,2,0,2,16
12/05/2010,ARR,IL,AGL,CE,Towers with Radar,0,1,10,2,13,0,0,24,0,24,0,1,34,2,37,62,0,62,99
12/06/2010,ARR,IL,AGL,CE,Towers with Radar,0,4,25,0,29,0,0,60,0,60,0,4,85,0,89,39,0,39,128
12/07/2010,ARR,IL,AGL,CE,Towers with Radar,0,2,22,0,24,0,0,106,0,106,0,2,128,0,130,52,0,52,182
12/08/2010,ARR,IL,AGL,CE,Towers with Radar,0,2,24,0,26,0,0,79,0,79,0,2,103,0,105,64,0,64,169
12/09/2010,ARR,IL,AGL,CE,Towers with Radar,0,2,23,2,27,0,0,62,0,62,0,2,85,2,89,72,0,72,161
12/10/2010,ARR,IL,AGL,CE,Towers with Radar,0,2,31,0,33,0,0,78,0,78,0,2,109,0,111,122,0,122,233
12/11/2010,ARR,IL,AGL,CE,Towers with Radar,0,0,6,0,6,0,0,6,0,6,0,0,12,0,12,0,0,0,12
12/12/2010,ARR,IL,AGL,CE,Towers with Radar,0,1,0,0,1,0,0,0,0,0,0,1,0,0,1,0,0,0,1
12/13/2010,ARR,IL,AGL,CE,Towers with Radar,0,1,17,0,18,0,0,69,0,69,0,1,86,0,87,25,0,25,112
12/14/2010,ARR,IL,AGL,CE,Towers with Radar,0,1,37,0,38,0,0,79,0,79,0,1,116,0,117,59,0,59,176
12/15/2010,ARR,IL,AGL,CE,Towers with Radar,0,3,38,3,44,0,0,69,0,69,0,3,107,3,113,81,0,81,194
12/16/2010,ARR,IL,AGL,CE,Towers with Radar,0,1,19,0,20,0,0,30,0,30,0,1,49,0,50,22,0,22,72
12/17/2010,ARR,IL,AGL,CE,Towers with Radar,0,8,18,0,26,0,0,89,0,89,0,8,107,0,115,89,0,89,204
12/18/2010,ARR,IL,AGL,CE,Towers with Radar,0,1,26,0,27,0,0,83,0,83,0,1,109,0,110,125,0,125,235
12/19/2010,ARR,IL,AGL,CE,Towers with Radar,0,1,14,9,24,0,0,143,0,143,0,1,157,9,167,123,0,123,290
12/20/2010,ARR,IL,AGL,CE,Towers with Radar,0,2,17,0,19,0,2,37,0,39,0,4,54,0,58,11,0,11,69
12/21/2010,ARR,IL,AGL,CE,Towers with Radar,0,2,9,0,11,0,0,0,0,0,0,2,9,0,11,0,0,0,11
12/22/2010,ARR,IL,AGL,CE,Towers with Radar,0,1,22,0,23,0,0,31,0,31,0,1,53,0,54,15,0,15,69
12/23/2010,ARR,IL,AGL,CE,Towers with Radar,0,0,23,0,23,0,0,50,0,50,0,0,73,0,73,88,0,88,161
12/24/2010,ARR,IL,AGL,CE,Towers with Radar,0,2,3,0,5,0,0,0,0,0,0,2,3,0,5,0,0,0,5
12/25/2010,ARR,IL,AGL,CE,Towers with Radar,0,2,0,0,2,0,0,2,0,2,0,2,2,0,4,0,0,0,4
12/26/2010,ARR,IL,AGL,CE,Towers with Radar,0,2,10,0,12,0,0,22,0,22,0,2,32,0,34,38,0,38,72
12/27/2010,ARR,IL,AGL,CE,Towers with Radar,0,2,19,0,21,0,0,6,0,6,0,2,25,0,27,14,0,14,41
12/28/2010,ARR,IL,AGL,CE,Towers with Radar,0,3,9,0,12,0,0,65,0,65,0,3,74,0,77,121,0,121,198
12/29/2010,ARR,IL,AGL,CE,Towers with Radar,0,1,13,0,14,0,0,24,0,24,0,1,37,0,38,25,0,25,63
12/30/2010,ARR,IL,AGL,CE,Towers with Radar,0,2,14,0,16,0,0,4,0,4,0,2,18,0,20,0,0,0,20
12/31/2010,ARR,IL,AGL,CE,Towers with Radar,0,0,6,0,6,0,0,0,0,0,0,0,6,0,6,7,0,7,13
01/01/2011,ARR,IL,AGL,CE,Towers with Radar,0,1,14,0,15,0,0,31,0,31,0,1,45,0,46,40,0,40,86
01/02/2011,ARR,IL,AGL,CE,Towers with Radar,0,3,31,0,34,0,0,146,0,146,0,3,177,0,180,97,0,97,277
01/03/2011,ARR,IL,AGL,CE,Towers with Radar,0,0,19,0,19,0,0,129,0,129,0,0,148,0,148,84,0,84,232
01/04/2011,ARR,IL,AGL,CE,Towers with Radar,0,3,22,0,25,0,0,72,0,72,0,3,94,0,97,50,0,50,147
01/05/2011,ARR,IL,AGL,CE,Towers with Radar,0,1,22,0,23,0,0,87,2,89,0,1,109,2,112,68,8,76,188
01/06/2011,ARR,IL,AGL,CE,Towers with Radar,0,2,18,1,21,0,0,30,0,30,0,2,48,1,51,47,0,47,98
01/07/2011,ARR,IL,AGL,CE,Towers with Radar,0,2,27,6,35,0,0,33,0,33,0,2,60,6,68,31,0,31,99
01/08/2011,ARR,IL,AGL,CE,Towers with Radar,0,0,7,0,7,0,0,88,0,88,0,0,95,0,95,106,0,106,201
01/09/2011,ARR,IL,AGL,CE,Towers with Radar,0,0,21,3,24,0,0,186,0,186,0,0,207,3,210,153,0,153,363
01/10/2011,ARR,IL,AGL,CE,Towers with Radar,0,2,10,0,12,0,0,95,0,95,0,2,105,0,107,61,0,61,168
01/11/2011,ARR,IL,AGL,CE,Towers with Radar,0,2,20,0,22,0,0,0,0,0,0,2,20,0,22,0,0,0,22
01/12/2011,ARR,IL,AGL,CE,Towers with Radar,0,5,12,2,19,0,0,71,0,71,0,5,83,2,90,78,0,78,168
01/13/2011,ARR,IL,AGL,CE,Towers with Radar,0,4,37,0,41,0,0,100,0,100,0,4,137,0,141,76,0,76,217
01/14/2011,ARR,IL,AGL,CE,Towers with Radar,0,1,11,0,12,0,0,92,0,92,0,1,103,0,104,60,0,60,164
01/15/2011,ARR,IL,AGL,CE,Towers with Radar,0,0,16,0,16,0,0,43,0,43,0,0,59,0,59,21,0,21,80
01/16/2011,ARR,IL,AGL,CE,Towers with Radar,0,1,11,0,12,0,0,102,0,102,0,1,113,0,114,114,0,114,228
01/17/2011,ARR,IL,AGL,CE,Towers with Radar,0,1,8,0,9,0,0,0,0,0,0,1,8,0,9,0,0,0,9
01/18/2011,ARR,IL,AGL,CE,Towers with Radar,0,6,12,0,18,0,0,0,0,0,0,6,12,0,18,10,0,10,28
01/19/2011,ARR,IL,AGL,CE,Towers with Radar,0,2,36,0,38,0,0,71,4,75,0,2,107,4,113,83,2,85,198
01/20/2011,ARR,IL,AGL,CE,Towers with Radar,0,1,16,0,17,0,0,66,1,67,0,1,82,1,84,76,6,82,166
01/21/2011,ARR,IL,AGL,CE,Towers with Radar,0,1,16,0,17,0,0,24,0,24,0,1,40,0,41,28,0,28,69
01/22/2011,ARR,IL,AGL,CE,Towers with Radar,0,4,12,0,16,0,0,27,0,27,0,4,39,0,43,42,0,42,85
01/23/2011,ARR,IL,AGL,CE,Towers with Radar,0,1,7,1,9,0,0,56,0,56,0,1,63,1,65,116,0,116,181
01/24/2011,ARR,IL,AGL,CE,Towers with Radar,0,0,21,0,21,0,0,0,0,0,0,0,21,0,21,0,0,0,21
01/25/2011,ARR,IL,AGL,CE,Towers with Radar,0,4,14,0,18,0,0,0,0,0,0,4,14,0,18,0,0,0,18
01/26/2011,ARR,IL,AGL,CE,Towers with Radar,0,1,35,0,36,0,0,3,0,3,0,1,38,0,39,4,0,4,43
01/27/2011,ARR,IL,AGL,CE,Towers with Radar,0,1,18,0,19,0,0,1,3,4,0,1,19,3,23,0,0,0,23
01/28/2011,ARR,IL,AGL,CE,Towers with Radar,0,3,7,0,10,0,0,78,0,78,0,3,85,0,88,110,0,110,198
01/29/2011,ARR,IL,AGL,CE,Towers with Radar,0,0,8,0,8,0,0,58,0,58,0,0,66,0,66,141,0,141,207
01/30/2011,ARR,IL,AGL,CE,Towers with Radar,0,1,16,0,17,0,0,25,0,25,0,1,41,0,42,34,0,34,76
01/31/2011,ARR,IL,AGL,CE,Towers with Radar,0,3,18,0,21,0,0,100,0,100,0,3,118,0,121,116,0,116,237
02/01/2011,ARR,IL,AGL,CE,Towers with Radar,0,0,3,0,3,0,0,0,0,0,0,0,3,0,3,0,0,0,3
02/02/2011,ARR,IL,AGL,CE,Towers with Radar,0,0,0,0,0,0,0,0,0,0,0,0,0,0,0,0,0,0,0
02/03/2011,ARR,IL,AGL,CE,Towers with Radar,0,0,21,0,21,0,0,8,0,8,0,0,29,0,29,0,0,0,29
02/04/2011,ARR,IL,AGL,CE,Towers with Radar,0,4,12,4,20,0,0,63,0,63,0,4,75,4,83,30,0,30,113
02/05/2011,ARR,IL,AGL,CE,Towers with Radar,0,0,9,0,9,0,0,154,0,154,0,0,163,0,163,133,0,133,296
02/06/2011,ARR,IL,AGL,CE,Towers with Radar,0,3,3,4,10,0,0,1,0,1,0,3,4,4,11,0,0,0,11
02/07/2011,ARR,IL,AGL,CE,Towers with Radar,0,2,21,0,23,0,0,24,0,24,0,2,45,0,47,37,0,37,84
02/08/2011,ARR,IL,AGL,CE,Towers with Radar,0,0,19,0,19,0,0,67,0,67,0,0,86,0,86,38,0,38,124
02/09/2011,ARR,IL,AGL,CE,Towers with Radar,0,1,22,0,23,0,0,116,0,116,0,1,138,0,139,92,0,92,231
02/10/2011,ARR,IL,AGL,CE,Towers with Radar,0,0,24,1,25,0,0,38,3,41,0,0,62,4,66,87,0,87,153
02/11/2011,ARR,IL,AGL,CE,Towers with Radar,0,1,22,0,23,0,0,64,0,64,0,1,86,0,87,60,0,60,147
02/12/2011,ARR,IL,AGL,CE,Towers with Radar,0,1,4,0,5,0,0,123,0,123,0,1,127,0,128,79,0,79,207
02/13/2011,ARR,IL,AGL,CE,Towers with Radar,0,1,21,0,22,0,0,71,0,71,0,1,92,0,93,30,0,30,123
02/14/2011,ARR,IL,AGL,CE,Towers with Radar,0,0,16,0,16,0,0,66,0,66,0,0,82,0,82,62,0,62,144
02/15/2011,ARR,IL,AGL,CE,Towers with Radar,0,2,13,0,15,0,0,85,0,85,0,2,98,0,100,124,0,124,224
02/16/2011,ARR,IL,AGL,CE,Towers with Radar,0,1,35,0,36,0,0,68,0,68,0,1,103,0,104,68,0,68,172
02/17/2011,ARR,IL,AGL,CE,Towers with Radar,0,1,16,0,17,0,0,10,0,10,0,1,26,0,27,0,0,0,27
02/18/2011,ARR,IL,AGL,CE,Towers with Radar,0,2,21,0,23,0,0,92,0,92,0,2,113,0,115,46,0,46,161
02/19/2011,ARR,IL,AGL,CE,Towers with Radar,0,1,22,0,23,0,0,229,0,229,0,1,251,0,252,219,0,219,471
02/20/2011,ARR,IL,AGL,CE,Towers with Radar,0,1,7,0,8,0,0,0,0,0,0,1,7,0,8,0,0,0,8
02/21/2011,ARR,IL,AGL,CE,Towers with Radar,0,1,17,0,18,0,0,0,0,0,0,1,17,0,18,0,0,0,18
02/22/2011,ARR,IL,AGL,CE,Towers with Radar,0,4,16,0,20,0,0,11,0,11,0,4,27,0,31,22,0,22,53
02/23/2011,ARR,IL,AGL,CE,Towers with Radar,0,0,18,0,18,0,0,24,0,24,0,0,42,0,42,76,0,76,118
02/24/2011,ARR,IL,AGL,CE,Towers with Radar,0,2,17,0,19,0,0,59,2,61,0,2,76,2,80,95,14,109,189
02/25/2011,ARR,IL,AGL,CE,Towers with Radar,0,2,12,0,14,0,0,91,0,91,0,2,103,0,105,126,0,126,231
02/26/2011,ARR,IL,AGL,CE,Towers with Radar,0,3,11,0,14,0,0,5,0,5,0,3,16,0,19,11,0,11,30
02/27/2011,ARR,IL,AGL,CE,Towers with Radar,0,1,25,0,26,0,0,31,0,31,0,1,56,0,57,101,0,101,158
02/28/2011,ARR,IL,AGL,CE,Towers with Radar,0,2,17,0,19,0,0,67,0,67,0,2,84,0,86,44,0,44,130
03/01/2011,ARR,IL,AGL,CE,Towers with Radar,0,3,27,0,30,0,0,103,0,103,0,3,130,0,133,82,0,82,215
03/02/2011,ARR,IL,AGL,CE,Towers with Radar,0,5,26,0,31,0,0,165,2,167,0,5,191,2,198,162,1,163,361
03/03/2011,ARR,IL,AGL,CE,Towers with Radar,0,5,24,0,29,0,0,134,0,134,0,5,158,0,163,153,0,153,316
03/04/2011,ARR,IL,AGL,CE,Towers with Radar,0,1,11,2,14,0,0,26,0,26,0,1,37,2,40,22,0,22,62
03/05/2011,ARR,IL,AGL,CE,Towers with Radar,0,2,8,0,10,0,0,3,0,3,0,2,11,0,13,0,0,0,13
03/06/2011,ARR,IL,AGL,CE,Towers with Radar,0,3,18,2,23,0,0,90,0,90,0,3,108,2,113,229,0,229,342
03/07/2011,ARR,IL,AGL,CE,Towers with Radar,0,1,24,0,25,0,0,44,0,44,0,1,68,0,69,18,0,18,87
03/08/2011,ARR,IL,AGL,CE,Towers with Radar,0,1,25,0,26,0,0,82,0,82,0,1,107,0,108,165,0,165,273
03/09/2011,ARR,IL,AGL,CE,Towers with Radar,0,5,14,0,19,0,0,0,0,0,0,5,14,0,19,0,0,0,19
03/10/2011,ARR,IL,AGL,CE,Towers with Radar,0,1,33,0,34,0,0,50,0,50,0,1,83,0,84,90,0,90,174
03/11/2011,ARR,IL,AGL,CE,Towers with Radar,0,3,17,0,20,0,0,209,0,209,0,3,226,0,229,189,0,189,418
03/12/2011,ARR,IL,AGL,CE,Towers with Radar,0,1,7,0,8,0,0,14,0,14,0,1,21,0,22,20,0,20,42
03/13/2011,ARR,IL,AGL,CE,Towers with Radar,0,3,34,0,37,0,0,168,0,168,0,3,202,0,205,253,0,253,458
03/14/2011,ARR,IL,AGL,CE,Towers with Radar,0,1,27,0,28,0,0,99,0,99,0,1,126,0,127,127,0,127,254
03/15/2011,ARR,IL,AGL,CE,Towers with Radar,0,1,24,0,25,0,0,56,0,56,0,1,80,0,81,137,0,137,218
03/16/2011,ARR,IL,AGL,CE,Towers with Radar,0,2,40,0,42,0,0,148,0,148,0,2,188,0,190,166,0,166,356
03/17/2011,ARR,IL,AGL,CE,Towers with Radar,0,4,25,0,29,0,0,55,0,55,0,4,80,0,84,56,0,56,140
03/18/2011,ARR,IL,AGL,CE,Towers with Radar,0,3,23,0,26,0,0,134,0,134,0,3,157,0,160,211,0,211,371
03/19/2011,ARR,IL,AGL,CE,Towers with Radar,0,4,22,0,26,0,0,251,0,251,0,4,273,0,277,273,0,273,550
03/20/2011,ARR,IL,AGL,CE,Towers with Radar,0,1,4,0,5,0,0,8,0,8,0,1,12,0,13,8,0,8,21
03/21/2011,ARR,IL,AGL,CE,Towers with Radar,0,4,37,1,42,0,0,67,0,67,0,4,104,1,109,95,0,95,204
03/22/2011,ARR,IL,AGL,CE,Towers with Radar,0,1,17,1,19,0,0,3,0,3,0,1,20,1,22,0,0,0,22
03/23/2011,ARR,IL,AGL,CE,Towers with Radar,0,2,24,0,26,0,0,0,0,0,0,2,24,0,26,0,0,0,26
03/24/2011,ARR,IL,AGL,CE,Towers with Radar,0,4,35,0,39,0,0,71,0,71,0,4,106,0,110,155,0,155,265
03/25/2011,ARR,IL,AGL,CE,Towers with Radar,0,2,38,0,40,0,0,114,2,116,0,2,152,2,156,104,0,104,260
03/26/2011,ARR,IL,AGL,CE,Towers with Radar,0,2,29,0,31,0,0,165,0,165,0,2,194,0,196,119,0,119,315
03/27/2011,ARR,IL,AGL,CE,Towers with Radar,0,3,23,0,26,0,0,162,0,162,0,3,185,0,188,163,0,163,351
03/28/2011,ARR,IL,AGL,CE,Towers with Radar,0,0,15,0,15,0,0,120,0,120,0,0,135,0,135,134,0,134,269
03/29/2011,ARR,IL,AGL,CE,Towers with Radar,0,3,20,0,23,0,0,84,0,84,0,3,104,0,107,67,0,67,174
03/30/2011,ARR,IL,AGL,CE,Towers with Radar,0,1,21,0,22,0,0,120,0,120,0,1,141,0,142,169,0,169,311
03/31/2011,ARR,IL,AGL,CE,Towers with Radar,0,2,24,0,26,0,0,124,0,124,0,2,148,0,150,241,0,241,391
04/01/2011,ARR,IL,AGL,CE,Towers with Radar,0,5,24,4,33,0,0,23,0,23,0,5,47,4,56,49,0,49,105
04/02/2011,ARR,IL,AGL,CE,Towers with Radar,0,2,32,0,34,0,0,181,0,181,0,2,213,0,215,192,0,192,407
04/03/2011,ARR,IL,AGL,CE,Towers with Radar,0,2,13,4,19,0,0,25,0,25,0,2,38,4,44,32,0,32,76
04/04/2011,ARR,IL,AGL,CE,Towers with Radar,0,1,22,0,23,0,0,9,0,9,0,1,31,0,32,15,0,15,47
04/05/2011,ARR,IL,AGL,CE,Towers with Radar,0,2,18,2,22,0,0,97,1,98,0,2,115,3,120,111,15,126,246
04/06/2011,ARR,IL,AGL,CE,Towers with Radar,0,1,28,1,30,0,0,108,4,112,0,1,136,5,142,136,6,142,284
04/07/2011,ARR,IL,AGL,CE,Towers with Radar,0,1,19,0,20,0,0,88,0,88,0,1,107,0,108,123,0,123,231
04/08/2011,ARR,IL,AGL,CE,Towers with Radar,0,4,40,0,44,0,0,6,0,6,0,4,46,0,50,4,0,4,54
04/09/2011,ARR,IL,AGL,CE,Towers with Radar,0,1,29,0,30,0,0,93,0,93,0,1,122,0,123,157,0,157,280
04/10/2011,ARR,IL,AGL,CE,Towers with Radar,0,0,11,0,11,0,0,57,0,57,0,0,68,0,68,76,0,76,144
04/11/2011,ARR,IL,AGL,CE,Towers with Radar,0,2,20,0,22,0,0,91,0,91,0,2,111,0,113,65,0,65,178
04/12/2011,ARR,IL,AGL,CE,Towers with Radar,0,1,36,0,37,0,0,212,0,212,0,1,248,0,249,185,0,185,434
04/13/2011,ARR,IL,AGL,CE,Towers with Radar,0,0,18,0,18,0,0,169,0,169,0,0,187,0,187,163,0,163,350
04/14/2011,ARR,IL,AGL,CE,Towers with Radar,0,8,27,0,35,0,0,47,0,47,0,8,74,0,82,36,0,36,118
04/15/2011,ARR,IL,AGL,CE,Towers with Radar,0,0,18,4,22,0,0,0,0,0,0,0,18,4,22,0,0,0,22
04/16/2011,ARR,IL,AGL,CE,Towers with Radar,0,5,8,0,13,0,0,0,0,0,0,5,8,0,13,0,0,0,13
04/17/2011,ARR,IL,AGL,CE,Towers with Radar,0,3,13,0,16,0,0,111,0,111,0,3,124,0,127,197,0,197,324
04/18/2011,ARR,IL,AGL,CE,Towers with Radar,0,1,20,0,21,0,0,25,0,25,0,1,45,0,46,0,0,0,46
04/19/2011,ARR,IL,AGL,CE,Towers with Radar,0,1,11,0,12,0,0,6,0,6,0,1,17,0,18,0,0,0,18
04/20/2011,ARR,IL,AGL,CE,Towers with Radar,0,2,23,0,25,0,0,54,2,56,0,2,77,2,81,98,7,105,186
04/21/2011,ARR,IL,AGL,CE,Towers with Radar,0,7,28,0,35,0,0,151,0,151,0,7,179,0,186,149,6,155,341
04/22/2011,ARR,IL,AGL,CE,Towers with Radar,0,1,16,0,17,0,0,0,0,0,0,1,16,0,17,0,0,0,17
04/23/2011,ARR,IL,AGL,CE,Towers with Radar,0,0,21,0,21,0,0,114,0,114,0,0,135,0,135,130,0,130,265
04/24/2011,ARR,IL,AGL,CE,Towers with Radar,0,2,8,0,10,0,0,67,0,67,0,2,75,0,77,186,0,186,263
04/25/2011,ARR,IL,AGL,CE,Towers with Radar,0,0,25,0,25,0,0,20,0,20,0,0,45,0,45,16,0,16,61
04/26/2011,ARR,IL,AGL,CE,Towers with Radar,0,1,15,0,16,0,0,6,2,8,0,1,21,2,24,6,16,22,46
04/27/2011,ARR,IL,AGL,CE,Towers with Radar,0,3,32,0,35,0,0,14,0,14,0,3,46,0,49,26,0,26,75
04/28/2011,ARR,IL,AGL,CE,Towers with Radar,0,1,42,0,43,0,0,21,0,21,0,1,63,0,64,33,0,33,97
04/29/2011,ARR,IL,AGL,CE,Towers with Radar,0,5,43,0,48,0,0,231,0,231,0,5,274,0,279,193,0,193,472
04/30/2011,ARR,IL,AGL,CE,Towers with Radar,0,1,9,0,10,0,0,87,0,87,0,1,96,0,97,87,0,87,184
05/01/2011,ARR,IL,AGL,CE,Towers with Radar,0,0,19,0,19,0,0,107,0,107,0,0,126,0,126,103,0,103,229
05/02/2011,ARR,IL,AGL,CE,Towers with Radar,0,2,21,0,23,0,0,142,0,142,0,2,163,0,165,141,0,141,306
05/03/2011,ARR,IL,AGL,CE,Towers with Radar,0,3,16,0,19,0,0,101,0,101,0,3,117,0,120,104,0,104,224
05/04/2011,ARR,IL,AGL,CE,Towers with Radar,0,2,30,0,32,0,0,157,0,157,0,2,187,0,189,189,0,189,378
05/05/2011,ARR,IL,AGL,CE,Towers with Radar,0,1,17,0,18,0,0,78,0,78,0,1,95,0,96,89,0,89,185
05/06/2011,ARR,IL,AGL,CE,Towers with Radar,0,3,32,0,35,0,0,164,0,164,0,3,196,0,199,142,0,142,341
05/07/2011,ARR,IL,AGL,CE,Towers with Radar,0,3,17,0,20,0,0,133,0,133,0,3,150,0,153,190,0,190,343
05/08/2011,ARR,IL,AGL,CE,Towers with Radar,0,2,22,0,24,0,0,152,0,152,0,2,174,0,176,111,0,111,287
05/09/2011,ARR,IL,AGL,CE,Towers with Radar,0,3,33,1,37,0,0,68,0,68,0,3,101,1,105,41,0,41,146
05/10/2011,ARR,IL,AGL,CE,Towers with Radar,0,5,34,0,39,0,0,104,9,113,0,5,138,9,152,122,4,126,278
05/11/2011,ARR,IL,AGL,CE,Towers with Radar,0,2,25,0,27,0,0,92,1,93,0,2,117,1,120,76,0,76,196
05/12/2011,ARR,IL,AGL,CE,Towers with Radar,0,6,13,0,19,0,0,81,0,81,0,6,94,0,100,47,0,47,147
05/13/2011,ARR,IL,AGL,CE,Towers with Radar,0,1,27,4,32,0,0,49,0,49,0,1,76,4,81,48,0,48,129
05/14/2011,ARR,IL,AGL,CE,Towers with Radar,0,3,25,0,28,0,0,0,0,0,0,3,25,0,28,0,0,0,28
05/15/2011,ARR,IL,AGL,CE,Towers with Radar,0,1,14,4,19,0,0,14,0,14,0,1,28,4,33,0,0,0,33
05/16/2011,ARR,IL,AGL,CE,Towers with Radar,0,0,16,0,16,0,0,113,0,113,0,0,129,0,129,104,0,104,233
05/17/2011,ARR,IL,AGL,CE,Towers with Radar,0,3,31,0,34,0,0,129,0,129,0,3,160,0,163,92,0,92,255
05/18/2011,ARR,IL,AGL,CE,Towers with Radar,0,0,35,0,35,0,0,11,0,11,0,0,46,0,46,40,0,40,86
05/19/2011,ARR,IL,AGL,CE,Towers with Radar,0,1,43,0,44,0,0,102,0,102,0,1,145,0,146,180,0,180,326
05/20/2011,ARR,IL,AGL,CE,Towers with Radar,0,1,29,0,30,0,0,152,0,152,0,1,181,0,182,188,0,188,370
05/21/2011,ARR,IL,AGL,CE,Towers with Radar,0,0,17,0,17,0,0,106,0,106,0,0,123,0,123,183,0,183,306
05/22/2011,ARR,IL,AGL,CE,Towers with Radar,0,0,12,0,12,0,0,199,0,199,0,0,211,0,211,107,0,107,318
05/23/2011,ARR,IL,AGL,CE,Towers with Radar,0,6,21,0,27,0,0,124,0,124,0,6,145,0,151,86,0,86,237
05/24/2011,ARR,IL,AGL,CE,Towers with Radar,0,5,26,0,31,0,0,157,0,157,0,5,183,0,188,207,0,207,395
05/25/2011,ARR,IL,AGL,CE,Towers with Radar,0,8,22,0,30,0,0,22,0,22,0,8,44,0,52,41,0,41,93
05/26/2011,ARR,IL,AGL,CE,Towers with Radar,0,4,38,0,42,0,0,19,0,19,0,4,57,0,61,14,0,14,75
05/27/2011,ARR,IL,AGL,CE,Towers with Radar,0,0,44,0,44,0,0,181,0,181,0,0,225,0,225,88,0,88,313
05/28/2011,ARR,IL,AGL,CE,Towers with Radar,0,0,36,0,36,0,0,17,0,17,0,0,53,0,53,3,0,3,56
05/29/2011,ARR,IL,AGL,CE,Towers with Radar,0,1,13,0,14,0,0,26,0,26,0,1,39,0,40,26,0,26,66
05/30/2011,ARR,IL,AGL,CE,Towers with Radar,0,1,23,0,24,0,0,121,0,121,0,1,144,0,145,102,0,102,247
05/31/2011,ARR,IL,AGL,CE,Towers with Radar,0,3,20,0,23,0,0,59,0,59,0,3,79,0,82,54,0,54,136
06/01/2011,ARR,IL,AGL,CE,Towers with Radar,0,0,45,0,45,0,0,224,0,224,0,0,269,0,269,249,0,249,518
06/02/2011,ARR,IL,AGL,CE,Towers with Radar,0,2,32,0,34,0,0,149,0,149,0,2,181,0,183,255,0,255,438
06/03/2011,ARR,IL,AGL,CE,Towers with Radar,0,3,18,4,25,0,0,162,0,162,0,3,180,4,187,183,0,183,370
06/04/2011,ARR,IL,AGL,CE,Towers with Radar,0,4,25,0,29,0,0,126,0,126,0,4,151,0,155,169,0,169,324
06/05/2011,ARR,IL,AGL,CE,Towers with Radar,0,1,28,4,33,0,0,193,0,193,0,1,221,4,226,100,0,100,326
06/06/2011,ARR,IL,AGL,CE,Towers with Radar,0,1,39,0,40,0,0,111,0,111,0,1,150,0,151,81,0,81,232
06/07/2011,ARR,IL,AGL,CE,Towers with Radar,0,0,21,0,21,0,0,148,2,150,0,0,169,2,171,137,21,158,329
06/08/2011,ARR,IL,AGL,CE,Towers with Radar,0,5,27,0,32,0,0,121,0,121,0,5,148,0,153,67,0,67,220
06/09/2011,ARR,IL,AGL,CE,Towers with Radar,0,2,19,0,21,0,0,16,0,16,0,2,35,0,37,11,0,11,48
06/10/2011,ARR,IL,AGL,CE,Towers with Radar,0,2,28,0,30,0,0,32,0,32,0,2,60,0,62,38,0,38,100
06/11/2011,ARR,IL,AGL,CE,Towers with Radar,0,0,32,0,32,0,0,1,0,1,0,0,33,0,33,16,0,16,49
06/12/2011,ARR,IL,AGL,CE,Towers with Radar,0,2,23,0,25,0,0,235,0,235,0,2,258,0,260,160,0,160,420
06/13/2011,ARR,IL,AGL,CE,Towers with Radar,0,2,30,0,32,0,0,163,0,163,0,2,193,0,195,133,0,133,328
06/14/2011,ARR,IL,AGL,CE,Towers with Radar,0,3,17,0,20,0,0,170,6,176,0,3,187,6,196,141,12,153,349
06/15/2011,ARR,IL,AGL,CE,Towers with Radar,0,4,18,0,22,0,0,19,0,19,0,4,37,0,41,28,0,28,69
06/16/2011,ARR,IL,AGL,CE,Towers with Radar,0,4,24,1,29,0,0,134,1,135,0,4,158,2,164,128,1,129,293
06/17/2011,ARR,IL,AGL,CE,Towers with Radar,0,4,29,0,33,0,0,228,0,228,0,4,257,0,261,172,0,172,433
06/18/2011,ARR,IL,AGL,CE,Towers with Radar,0,0,25,0,25,0,0,130,0,130,0,0,155,0,155,120,0,120,275
06/19/2011,ARR,IL,AGL,CE,Towers with Radar,0,5,24,0,29,0,0,141,0,141,0,5,165,0,170,147,0,147,317
06/20/2011,ARR,IL,AGL,CE,Towers with Radar,0,1,14,0,15,0,0,63,0,63,0,1,77,0,78,40,0,40,118
06/21/2011,ARR,IL,AGL,CE,Towers with Radar,0,5,20,0,25,0,0,75,0,75,0,5,95,0,100,104,0,104,204
06/22/2011,ARR,IL,AGL,CE,Towers with Radar,0,7,32,0,39,0,0,38,0,38,0,7,70,0,77,28,0,28,105
06/23/2011,ARR,IL,AGL,CE,Towers with Radar,0,9,47,0,56,0,0,51,2,53,0,9,98,2,109,38,14,52,161
06/24/2011,ARR,IL,AGL,CE,Towers with Radar,0,3,41,0,44,0,0,96,0,96,0,3,137,0,140,195,0,195,335
06/25/2011,ARR,IL,AGL,CE,Towers with Radar,0,2,24,0,26,0,0,254,0,254,0,2,278,0,280,160,0,160,440
06/26/2011,ARR,IL,AGL,CE,Towers with Radar,0,8,24,0,32,0,0,300,0,300,0,8,324,0,332,156,0,156,488
06/27/2011,ARR,IL,AGL,CE,Towers with Radar,0,0,25,0,25,0,0,77,0,77,0,0,102,0,102,60,0,60,162
06/28/2011,ARR,IL,AGL,CE,Towers with Radar,0,3,34,0,37,0,0,163,0,163,0,3,197,0,200,146,0,146,346
06/29/2011,ARR,IL,AGL,CE,Towers with Radar,0,4,33,0,37,0,0,191,0,191,0,4,224,0,228,244,0,244,472
06/30/2011,ARR,IL,AGL,CE,Towers with Radar,0,1,36,0,37,0,0,127,2,129,0,1,163,2,166,167,0,167,333
07/01/2011,ARR,IL,AGL,CE,Towers with Radar,0,2,27,0,29,0,0,95,0,95,0,2,122,0,124,79,0,79,203
07/02/2011,ARR,IL,AGL,CE,Towers with Radar,0,0,30,0,30,0,0,97,0,97,0,0,127,0,127,108,0,108,235
07/03/2011,ARR,IL,AGL,CE,Towers with Radar,0,1,17,0,18,0,0,158,0,158,0,1,175,0,176,143,0,143,319
07/04/2011,ARR,IL,AGL,CE,Towers with Radar,0,0,16,0,16,0,0,127,0,127,0,0,143,0,143,39,0,39,182
07/05/2011,ARR,IL,AGL,CE,Towers with Radar,0,0,24,0,24,0,0,161,0,161,0,0,185,0,185,83,0,83,268
07/06/2011,ARR,IL,AGL,CE,Towers with Radar,0,2,19,0,21,0,0,170,0,170,0,2,189,0,191,162,0,162,353
07/07/2011,ARR,IL,AGL,CE,Towers with Radar,0,1,30,0,31,0,0,130,0,130,0,1,160,0,161,167,0,167,328
07/08/2011,ARR,IL,AGL,CE,Towers with Radar,0,2,22,4,28,0,0,179,0,179,0,2,201,4,207,131,0,131,338
07/09/2011,ARR,IL,AGL,CE,Towers with Radar,0,1,14,0,15,0,0,167,0,167,0,1,181,0,182,98,0,98,280
07/10/2011,ARR,IL,AGL,CE,Towers with Radar,0,0,18,6,24,0,0,151,0,151,0,0,169,6,175,163,0,163,338
07/11/2011,ARR,IL,AGL,CE,Towers with Radar,0,1,23,0,24,0,0,67,0,67,0,1,90,0,91,141,0,141,232
07/12/2011,ARR,IL,AGL,CE,Towers with Radar,0,3,17,0,20,0,0,140,1,141,0,3,157,1,161,94,0,94,255
07/13/2011,ARR,IL,AGL,CE,Towers with Radar,0,2,42,0,44,0,0,155,0,155,0,2,197,0,199,158,0,158,357
07/14/2011,ARR,IL,AGL,CE,Towers with Radar,0,1,31,0,32,0,0,181,0,181,0,1,212,0,213,156,0,156,369
07/15/2011,ARR,IL,AGL,CE,Towers with Radar,0,2,27,0,29,0,0,157,0,157,0,2,184,0,186,130,0,130,316
07/16/2011,ARR,IL,AGL,CE,Towers with Radar,0,0,27,0,27,0,0,107,0,107,0,0,134,0,134,178,0,178,312
07/17/2011,ARR,IL,AGL,CE,Towers with Radar,0,2,28,0,30,0,0,163,0,163,0,2,191,0,193,152,0,152,345
07/18/2011,ARR,IL,AGL,CE,Towers with Radar,0,1,31,0,32,0,0,66,0,66,0,1,97,0,98,54,0,54,152
07/19/2011,ARR,IL,AGL,CE,Towers with Radar,0,6,12,0,18,0,0,84,2,86,0,6,96,2,104,57,0,57,161
07/20/2011,ARR,IL,AGL,CE,Towers with Radar,0,4,29,0,33,0,0,100,0,100,0,4,129,0,133,57,0,57,190
07/21/2011,ARR,IL,AGL,CE,Towers with Radar,0,3,29,0,32,0,0,153,0,153,0,3,182,0,185,163,0,163,348
07/22/2011,ARR,IL,AGL,CE,Towers with Radar,0,2,22,0,24,0,0,70,0,70,0,2,92,0,94,69,0,69,163
07/23/2011,ARR,IL,AGL,CE,Towers with Radar,0,0,18,0,18,0,0,65,0,65,0,0,83,0,83,43,0,43,126
07/24/2011,ARR,IL,AGL,CE,Towers with Radar,0,1,14,0,15,0,0,71,0,71,0,1,85,0,86,118,0,118,204
07/25/2011,ARR,IL,AGL,CE,Towers with Radar,0,0,36,0,36,0,0,130,0,130,0,0,166,0,166,88,0,88,254
07/26/2011,ARR,IL,AGL,CE,Towers with Radar,0,2,30,0,32,0,0,138,0,138,0,2,168,0,170,119,0,119,289
07/27/2011,ARR,IL,AGL,CE,Towers with Radar,0,3,40,1,44,0,0,106,3,109,0,3,146,4,153,67,0,67,220
07/28/2011,ARR,IL,AGL,CE,Towers with Radar,0,9,24,0,33,0,0,60,0,60,0,9,84,0,93,62,0,62,155
07/29/2011,ARR,IL,AGL,CE,Towers with Radar,0,3,26,0,29,0,0,121,0,121,0,3,147,0,150,106,0,106,256
07/30/2011,ARR,IL,AGL,CE,Towers with Radar,0,0,16,0,16,0,0,131,0,131,0,0,147,0,147,88,0,88,235
07/31/2011,ARR,IL,AGL,CE,Towers with Radar,0,2,36,0,38,0,0,126,0,126,0,2,162,0,164,126,0,126,290
08/01/2011,ARR,IL,AGL,CE,Towers with Radar,0,2,37,0,39,0,0,115,0,115,0,2,152,0,154,190,0,190,344
08/02/2011,ARR,IL,AGL,CE,Towers with Radar,0,5,32,0,37,0,0,83,0,83,0,5,115,0,120,179,0,179,299
08/03/2011,ARR,IL,AGL,CE,Towers with Radar,0,1,44,0,45,0,0,120,0,120,0,1,164,0,165,76,0,76,241
08/04/2011,ARR,IL,AGL,CE,Towers with Radar,0,0,43,0,43,0,0,178,0,178,0,0,221,0,221,206,0,206,427
08/05/2011,ARR,IL,AGL,CE,Towers with Radar,0,7,27,4,38,0,0,131,0,131,0,7,158,4,169,184,0,184,353
08/06/2011,ARR,IL,AGL,CE,Towers with Radar,0,4,31,0,35,0,0,90,0,90,0,4,121,0,125,136,0,136,261
08/07/2011,ARR,IL,AGL,CE,Towers with Radar,0,0,24,4,28,0,0,109,0,109,0,0,133,4,137,159,0,159,296
08/08/2011,ARR,IL,AGL,CE,Towers with Radar,0,2,27,4,33,0,0,55,0,55,0,2,82,4,88,60,0,60,148
08/09/2011,ARR,IL,AGL,CE,Towers with Radar,0,1,28,0,29,0,0,90,0,90,0,1,118,0,119,179,0,179,298
08/10/2011,ARR,IL,AGL,CE,Towers with Radar,0,3,54,0,57,0,0,182,0,182,0,3,236,0,239,183,0,183,422
08/11/2011,ARR,IL,AGL,CE,Towers with Radar,0,0,41,0,41,0,0,138,0,138,0,0,179,0,179,62,0,62,241
08/12/2011,ARR,IL,AGL,CE,Towers with Radar,0,1,22,0,23,0,0,98,0,98,0,1,120,0,121,114,0,114,235
08/13/2011,ARR,IL,AGL,CE,Towers with Radar,0,2,9,0,11,0,0,50,0,50,0,2,59,0,61,82,0,82,143
08/14/2011,ARR,IL,AGL,CE,Towers with Radar,0,0,32,0,32,0,0,125,0,125,0,0,157,0,157,205,0,205,362
08/15/2011,ARR,IL,AGL,CE,Towers with Radar,0,1,31,0,32,0,0,94,0,94,0,1,125,0,126,72,0,72,198
08/16/2011,ARR,IL,AGL,CE,Towers with Radar,0,3,33,2,38,0,0,143,0,143,0,3,176,2,181,179,0,179,360
08/17/2011,ARR,IL,AGL,CE,Towers with Radar,0,1,36,0,37,0,0,64,0,64,0,1,100,0,101,80,0,80,181
08/18/2011,ARR,IL,AGL,CE,Towers with Radar,0,1,36,2,39,0,0,147,0,147,0,1,183,2,186,108,0,108,294
08/19/2011,ARR,IL,AGL,CE,Towers with Radar,0,3,29,0,32,0,0,154,0,154,0,3,183,0,186,129,0,129,315
08/20/2011,ARR,IL,AGL,CE,Towers with Radar,0,0,13,0,13,0,0,58,0,58,0,0,71,0,71,77,0,77,148
08/21/2011,ARR,IL,AGL,CE,Towers with Radar,0,5,32,0,37,0,0,160,0,160,0,5,192,0,197,92,0,92,289
08/22/2011,ARR,IL,AGL,CE,Towers with Radar,0,2,20,0,22,0,0,127,0,127,0,2,147,0,149,96,0,96,245
08/23/2011,ARR,IL,AGL,CE,Towers with Radar,0,1,28,0,29,0,0,15,2,17,0,1,43,2,46,39,12,51,97
08/24/2011,ARR,IL,AGL,CE,Towers with Radar,0,1,31,0,32,0,0,103,0,103,0,1,134,0,135,102,0,102,237
08/25/2011,ARR,IL,AGL,CE,Towers with Radar,0,1,29,0,30,0,0,159,6,165,0,1,188,6,195,131,0,131,326
08/26/2011,ARR,IL,AGL,CE,Towers with Radar,0,1,42,0,43,0,0,167,0,167,0,1,209,0,210,122,0,122,332
08/27/2011,ARR,IL,AGL,CE,Towers with Radar,0,0,27,0,27,0,0,155,0,155,0,0,182,0,182,139,0,139,321
08/28/2011,ARR,IL,AGL,CE,Towers with Radar,0,1,19,0,20,0,0,303,0,303,0,1,322,0,323,142,0,142,465
08/29/2011,ARR,IL,AGL,CE,Towers with Radar,0,1,24,0,25,0,0,117,0,117,0,1,141,0,142,109,0,109,251
08/30/2011,ARR,IL,AGL,CE,Towers with Radar,0,0,26,0,26,0,0,112,0,112,0,0,138,0,138,74,0,74,212
08/31/2011,ARR,IL,AGL,CE,Towers with Radar,0,1,26,0,27,0,0,119,0,119,0,1,145,0,146,170,0,170,316
09/01/2011,ARR,IL,AGL,CE,Towers with Radar,0,2,34,0,36,0,0,113,0,113,0,2,147,0,149,126,0,126,275
09/02/2011,ARR,IL,AGL,CE,Towers with Radar,0,1,32,0,33,0,0,90,0,90,0,1,122,0,123,143,0,143,266
09/03/2011,ARR,IL,AGL,CE,Towers with Radar,0,0,8,0,8,0,0,53,0,53,0,0,61,0,61,67,0,67,128
09/04/2011,ARR,IL,AGL,CE,Towers with Radar,0,2,12,0,14,0,0,104,0,104,0,2,116,0,118,194,0,194,312
09/05/2011,ARR,IL,AGL,CE,Towers with Radar,0,3,14,0,17,0,0,96,0,96,0,3,110,0,113,29,0,29,142
09/06/2011,ARR,IL,AGL,CE,Towers with Radar,0,1,38,2,41,0,0,80,1,81,0,1,118,3,122,131,0,131,253
09/07/2011,ARR,IL,AGL,CE,Towers with Radar,0,3,23,2,28,0,0,100,1,101,0,3,123,3,129,98,0,98,227
09/08/2011,ARR,IL,AGL,CE,Towers with Radar,0,4,20,0,24,0,0,83,0,83,0,4,103,0,107,28,0,28,135
09/09/2011,ARR,IL,AGL,CE,Towers with Radar,0,0,38,8,46,0,0,33,0,33,0,0,71,8,79,0,0,0,79
09/10/2011,ARR,IL,AGL,CE,Towers with Radar,0,0,19,0,19,0,0,74,0,74,0,0,93,0,93,52,0,52,145
09/11/2011,ARR,IL,AGL,CE,Towers with Radar,0,3,23,4,30,0,0,115,0,115,0,3,138,4,145,96,0,96,241
09/12/2011,ARR,IL,AGL,CE,Towers with Radar,0,4,32,1,37,0,0,77,0,77,0,4,109,1,114,64,0,64,178
09/13/2011,ARR,IL,AGL,CE,Towers with Radar,0,2,31,2,35,0,0,103,2,105,0,2,134,4,140,68,6,74,214
09/14/2011,ARR,IL,AGL,CE,Towers with Radar,0,7,37,0,44,0,0,53,0,53,0,7,90,0,97,40,0,40,137
09/15/2011,ARR,IL,AGL,CE,Towers with Radar,0,1,23,0,24,0,0,137,0,137,0,1,160,0,161,118,0,118,279
09/16/2011,ARR,IL,AGL,CE,Towers with Radar,0,1,33,0,34,0,0,131,1,132,0,1,164,1,166,91,0,91,257
09/17/2011,ARR,IL,AGL,CE,Towers with Radar,0,0,11,0,11,0,0,151,0,151,0,0,162,0,162,101,0,101,263
09/18/2011,ARR,IL,AGL,CE,Towers with Radar,0,1,48,0,49,0,0,0,0,0,0,1,48,0,49,0,0,0,49
09/19/2011,ARR,IL,AGL,CE,Towers with Radar,0,9,25,0,34,0,0,15,0,15,0,9,40,0,49,14,0,14,63
09/20/2011,ARR,IL,AGL,CE,Towers with Radar,0,4,32,0,36,0,0,85,0,85,0,4,117,0,121,51,0,51,172
09/21/2011,ARR,IL,AGL,CE,Towers with Radar,0,5,16,0,21,0,0,76,0,76,0,5,92,0,97,42,0,42,139
09/22/2011,ARR,IL,AGL,CE,Towers with Radar,0,1,32,0,33,0,0,93,0,93,0,1,125,0,126,170,0,170,296
09/23/2011,ARR,IL,AGL,CE,Towers with Radar,0,4,42,0,46,0,0,78,0,78,0,4,120,0,124,170,0,170,294
09/24/2011,ARR,IL,AGL,CE,Towers with Radar,0,0,14,0,14,0,0,89,0,89,0,0,103,0,103,122,0,122,225
09/25/2011,ARR,IL,AGL,CE,Towers with Radar,0,0,27,0,27,0,0,109,0,109,0,0,136,0,136,105,0,105,241
09/26/2011,ARR,IL,AGL,CE,Towers with Radar,0,1,26,0,27,0,0,2,0,2,0,1,28,0,29,0,0,0,29
09/27/2011,ARR,IL,AGL,CE,Towers with Radar,0,3,32,0,35,0,0,16,0,16,0,3,48,0,51,26,0,26,77
09/28/2011,ARR,IL,AGL,CE,Towers with Radar,0,3,34,0,37,0,0,36,0,36,0,3,70,0,73,46,0,46,119
09/29/2011,ARR,IL,AGL,CE,Towers with Radar,0,1,27,0,28,0,0,58,0,58,0,1,85,0,86,73,0,73,159
09/30/2011,ARR,IL,AGL,CE,Towers with Radar,0,2,20,4,26,0,0,41,0,41,0,2,61,4,67,67,0,67,134
10/01/2011,ARR,IL,AGL,CE,Towers with Radar,0,0,23,0,23,0,0,118,0,118,0,0,141,0,141,87,0,87,228
10/02/2011,ARR,IL,AGL,CE,Towers with Radar,0,0,33,4,37,0,0,199,0,199,0,0,232,4,236,239,0,239,475
10/03/2011,ARR,IL,AGL,CE,Towers with Radar,0,1,26,0,27,0,0,121,0,121,0,1,147,0,148,135,0,135,283
10/04/2011,ARR,IL,AGL,CE,Towers with Radar,0,0,21,0,21,0,0,128,0,128,0,0,149,0,149,152,0,152,301
10/05/2011,ARR,IL,AGL,CE,Towers with Radar,0,5,30,0,35,0,0,141,0,141,0,5,171,0,176,113,0,113,289
10/06/2011,ARR,IL,AGL,CE,Towers with Radar,0,8,37,0,45,0,0,120,2,122,0,8,157,2,167,161,0,161,328
10/07/2011,ARR,IL,AGL,CE,Towers with Radar,0,5,31,0,36,0,0,165,0,165,0,5,196,0,201,86,0,86,287
10/08/2011,ARR,IL,AGL,CE,Towers with Radar,0,0,11,0,11,0,0,147,0,147,0,0,158,0,158,76,0,76,234
10/09/2011,ARR,IL,AGL,CE,Towers with Radar,0,0,9,0,9,0,0,105,0,105,0,0,114,0,114,92,0,92,206
10/10/2011,ARR,IL,AGL,CE,Towers with Radar,0,2,18,0,20,0,0,143,0,143,0,2,161,0,163,129,0,129,292
10/11/2011,ARR,IL,AGL,CE,Towers with Radar,0,1,18,0,19,0,0,98,0,98,0,1,116,0,117,114,0,114,231
10/12/2011,ARR,IL,AGL,CE,Towers with Radar,0,7,36,0,43,0,0,92,0,92,0,7,128,0,135,31,4,35,170
10/13/2011,ARR,IL,AGL,CE,Towers with Radar,0,3,37,0,40,0,0,7,0,7,0,3,44,0,47,10,0,10,57
10/14/2011,ARR,IL,AGL,CE,Towers with Radar,0,2,25,1,28,0,0,60,0,60,0,2,85,1,88,61,0,61,149
10/15/2011,ARR,IL,AGL,CE,Towers with Radar,0,3,14,0,17,0,0,87,0,87,0,3,101,0,104,34,0,34,138
10/16/2011,ARR,IL,AGL,CE,Towers with Radar,0,1,12,0,13,0,0,100,0,100,0,1,112,0,113,95,0,95,208
10/17/2011,ARR,IL,AGL,CE,Towers with Radar,0,2,22,0,24,0,0,76,0,76,0,2,98,0,100,93,0,93,193
10/18/2011,ARR,IL,AGL,CE,Towers with Radar,0,7,31,1,39,0,2,104,0,106,0,9,135,1,145,151,0,151,296
10/19/2011,ARR,IL,AGL,CE,Towers with Radar,0,3,25,0,28,0,0,4,0,4,0,3,29,0,32,2,0,2,34
10/20/2011,ARR,IL,AGL,CE,Towers with Radar,0,2,32,0,34,0,0,27,0,27,0,2,59,0,61,56,0,56,117
10/21/2011,ARR,IL,AGL,CE,Towers with Radar,0,3,18,0,21,0,0,150,0,150,0,3,168,0,171,186,0,186,357
10/22/2011,ARR,IL,AGL,CE,Towers with Radar,0,1,21,0,22,0,0,184,0,184,0,1,205,0,206,287,0,287,493
10/23/2011,ARR,IL,AGL,CE,Towers with Radar,0,6,21,0,27,0,0,259,0,259,0,6,280,0,286,200,0,200,486
10/24/2011,ARR,IL,AGL,CE,Towers with Radar,0,2,30,0,32,0,0,142,1,143,0,2,172,1,175,104,30,134,309
10/25/2011,ARR,IL,AGL,CE,Towers with Radar,0,13,19,0,32,0,0,31,0,31,0,13,50,0,63,63,0,63,126
10/26/2011,ARR,IL,AGL,CE,Towers with Radar,0,2,40,0,42,0,0,10,0,10,0,2,50,0,52,27,0,27,79
10/27/2011,ARR,IL,AGL,CE,Towers with Radar,0,5,18,0,23,0,0,69,0,69,0,5,87,0,92,102,0,102,194
10/28/2011,ARR,IL,AGL,CE,Towers with Radar,0,2,31,0,33,0,0,128,0,128,0,2,159,0,161,122,0,122,283
10/29/2011,ARR,IL,AGL,CE,Towers with Radar,0,0,12,0,12,0,0,159,0,159,0,0,171,0,171,129,0,129,300
10/30/2011,ARR,IL,AGL,CE,Towers with Radar,0,0,15,0,15,0,0,34,0,34,0,0,49,0,49,59,0,59,108
10/31/2011,ARR,IL,AGL,CE,Towers with Radar,0,1,14,0,15,0,0,89,0,89,0,1,103,0,104,100,0,100,204
11/01/2011,ARR,IL,AGL,CE,Towers with Radar,0,2,27,1,30,0,0,90,3,93,0,2,117,4,123,103,10,113,236
11/02/2011,ARR,IL,AGL,CE,Towers with Radar,0,4,27,1,32,0,0,61,0,61,0,4,88,1,93,80,0,80,173
11/03/2011,ARR,IL,AGL,CE,Towers with Radar,0,2,18,0,20,0,0,6,0,6,0,2,24,0,26,0,0,0,26
11/04/2011,ARR,IL,AGL,CE,Towers with Radar,0,4,27,4,35,0,0,150,0,150,0,4,177,4,185,84,0,84,269
11/05/2011,ARR,IL,AGL,CE,Towers with Radar,0,0,20,0,20,0,0,133,0,133,0,0,153,0,153,80,0,80,233
11/06/2011,ARR,IL,AGL,CE,Towers with Radar,0,2,17,4,23,0,0,45,0,45,0,2,62,4,68,12,0,12,80
11/07/2011,ARR,IL,AGL,CE,Towers with Radar,0,4,32,0,36,0,0,61,0,61,0,4,93,0,97,140,0,140,237
11/08/2011,ARR,IL,AGL,CE,Towers with Radar,0,3,20,0,23,0,0,0,0,0,0,3,20,0,23,0,0,0,23
11/09/2011,ARR,IL,AGL,CE,Towers with Radar,0,0,28,0,28,0,0,4,0,4,0,0,32,0,32,2,0,2,34
11/10/2011,ARR,IL,AGL,CE,Towers with Radar,0,2,33,0,35,0,0,47,0,47,0,2,80,0,82,36,0,36,118
11/11/2011,ARR,IL,AGL,CE,Towers with Radar,0,2,22,0,24,0,0,111,0,111,0,2,133,0,135,163,0,163,298
11/12/2011,ARR,IL,AGL,CE,Towers with Radar,0,0,18,0,18,0,0,188,0,188,0,0,206,0,206,150,0,150,356
11/13/2011,ARR,IL,AGL,CE,Towers with Radar,0,1,5,0,6,0,0,3,0,3,0,1,8,0,9,4,0,4,13
11/14/2011,ARR,IL,AGL,CE,Towers with Radar,0,3,31,0,34,0,0,84,0,84,0,3,115,0,118,74,0,74,192
11/15/2011,ARR,IL,AGL,CE,Towers with Radar,0,1,23,0,24,0,0,83,2,85,0,1,106,2,109,55,3,58,167
11/16/2011,ARR,IL,AGL,CE,Towers with Radar,0,0,26,0,26,0,0,85,0,85,0,0,111,0,111,60,0,60,171
11/17/2011,ARR,IL,AGL,CE,Towers with Radar,0,1,21,0,22,0,0,106,0,106,0,1,127,0,128,84,0,84,212
11/18/2011,ARR,IL,AGL,CE,Towers with Radar,0,5,16,2,23,0,0,18,0,18,0,5,34,2,41,9,5,14,55
11/19/2011,ARR,IL,AGL,CE,Towers with Radar,0,0,22,0,22,0,0,67,0,67,0,0,89,0,89,113,0,113,202
11/20/2011,ARR,IL,AGL,CE,Towers with Radar,0,0,11,0,11,0,0,70,0,70,0,0,81,0,81,148,0,148,229
11/21/2011,ARR,IL,AGL,CE,Towers with Radar,0,2,27,0,29,0,0,104,0,104,0,2,131,0,133,90,0,90,223
11/22/2011,ARR,IL,AGL,CE,Towers with Radar,0,2,25,0,27,0,0,0,0,0,0,2,25,0,27,0,0,0,27
11/23/2011,ARR,IL,AGL,CE,Towers with Radar,0,9,37,0,46,0,3,50,0,53,0,12,87,0,99,108,0,108,207
11/24/2011,ARR,IL,AGL,CE,Towers with Radar,0,1,5,0,6,0,0,0,0,0,0,1,5,0,6,10,0,10,16
11/25/2011,ARR,IL,AGL,CE,Towers with Radar,0,2,14,0,16,0,0,48,0,48,0,2,62,0,64,104,0,104,168
11/26/2011,ARR,IL,AGL,CE,Towers with Radar,0,1,16,0,17,0,0,4,0,4,0,1,20,0,21,10,0,10,31
11/27/2011,ARR,IL,AGL,CE,Towers with Radar,0,2,10,0,12,0,0,8,0,8,0,2,18,0,20,15,0,15,35
11/28/2011,ARR,IL,AGL,CE,Towers with Radar,0,3,22,2,27,0,0,29,0,29,0,3,51,2,56,48,0,48,104
11/29/2011,ARR,IL,AGL,CE,Towers with Radar,0,1,6,0,7,0,0,4,0,4,0,1,10,0,11,0,0,0,11
11/30/2011,ARR,IL,AGL,CE,Towers with Radar,0,5,22,0,27,0,0,150,0,150,0,5,172,0,177,164,0,164,341
12/01/2011,ARR,IL,AGL,CE,Towers with Radar,0,2,27,0,29,0,0,108,9,117,0,2,135,9,146,80,22,102,248
12/02/2011,ARR,IL,AGL,CE,Towers with Radar,0,2,22,4,28,0,0,71,0,71,0,2,93,4,99,128,0,128,227
12/03/2011,ARR,IL,AGL,CE,Towers with Radar,0,2,17,0,19,0,0,48,0,48,0,2,65,0,67,54,0,54,121
12/04/2011,ARR,IL,AGL,CE,Towers with Radar,0,0,7,4,11,0,0,3,0,3,0,0,10,4,14,0,0,0,14
12/05/2011,ARR,IL,AGL,CE,Towers with Radar,0,2,23,0,25,0,0,8,0,8,0,2,31,0,33,27,0,27,60
12/06/2011,ARR,IL,AGL,CE,Towers with Radar,0,6,21,0,27,0,0,105,0,105,0,6,126,0,132,111,0,111,243
12/07/2011,ARR,IL,AGL,CE,Towers with Radar,0,8,42,0,50,0,0,110,0,110,0,8,152,0,160,106,0,106,266
12/08/2011,ARR,IL,AGL,CE,Towers with Radar,0,4,25,1,30,0,0,62,1,63,0,4,87,2,93,84,8,92,185
12/09/2011,ARR,IL,AGL,CE,Towers with Radar,0,1,25,0,26,0,2,63,2,67,0,3,88,2,93,109,6,115,208
12/10/2011,ARR,IL,AGL,CE,Towers with Radar,0,1,12,3,16,0,0,124,0,124,0,1,136,3,140,62,8,70,210
12/11/2011,ARR,IL,AGL,CE,Towers with Radar,0,3,14,0,17,0,0,135,0,135,0,3,149,0,152,208,0,208,360
12/12/2011,ARR,IL,AGL,CE,Towers with Radar,0,0,27,0,27,0,0,97,0,97,0,0,124,0,124,75,0,75,199
12/13/2011,ARR,IL,AGL,CE,Towers with Radar,0,3,16,0,19,0,0,48,0,48,0,3,64,0,67,88,0,88,155
12/14/2011,ARR,IL,AGL,CE,Towers with Radar,0,4,15,0,19,0,0,0,0,0,0,4,15,0,19,0,0,0,19
12/15/2011,ARR,IL,AGL,CE,Towers with Radar,0,2,15,0,17,0,0,3,2,5,0,2,18,2,22,24,10,34,56
12/16/2011,ARR,IL,AGL,CE,Towers with Radar,0,1,22,0,23,0,0,132,0,132,0,1,154,0,155,152,0,152,307
12/17/2011,ARR,IL,AGL,CE,Towers with Radar,0,2,11,0,13,0,0,15,0,15,0,2,26,0,28,44,0,44,72
12/18/2011,ARR,IL,AGL,CE,Towers with Radar,0,3,19,0,22,0,0,78,0,78,0,3,97,0,100,102,0,102,202
12/19/2011,ARR,IL,AGL,CE,Towers with Radar,0,2,26,0,28,0,0,50,1,51,0,2,76,1,79,93,0,93,172
12/20/2011,ARR,IL,AGL,CE,Towers with Radar,0,0,17,1,18,0,0,18,2,20,0,0,35,3,38,24,2,26,64
12/21/2011,ARR,IL,AGL,CE,Towers with Radar,0,0,27,0,27,0,0,0,0,0,0,0,27,0,27,0,0,0,27
12/22/2011,ARR,IL,AGL,CE,Towers with Radar,0,1,11,0,12,0,0,0,0,0,0,1,11,0,12,0,0,0,12
12/23/2011,ARR,IL,AGL,CE,Towers with Radar,0,0,18,0,18,0,2,113,1,116,0,2,131,1,134,161,0,161,295
12/24/2011,ARR,IL,AGL,CE,Towers with Radar,0,0,8,2,10,0,0,47,0,47,0,0,55,2,57,32,0,32,89
12/25/2011,ARR,IL,AGL,CE,Towers with Radar,0,0,3,0,3,0,0,9,0,9,0,0,12,0,12,6,0,6,18
12/26/2011,ARR,IL,AGL,CE,Towers with Radar,0,4,12,0,16,0,0,94,0,94,0,4,106,0,110,119,0,119,229
12/27/2011,ARR,IL,AGL,CE,Towers with Radar,0,2,20,0,22,0,1,22,0,23,0,3,42,0,45,49,0,49,94
12/28/2011,ARR,IL,AGL,CE,Towers with Radar,0,1,7,0,8,0,0,123,0,123,0,1,130,0,131,175,0,175,306
12/29/2011,ARR,IL,AGL,CE,Towers with Radar,0,2,14,0,16,0,0,59,0,59,0,2,73,0,75,66,0,66,141
12/30/2011,ARR,IL,AGL,CE,Towers with Radar,0,4,11,0,15,0,0,0,0,0,0,4,11,0,15,0,0,0,15
12/31/2011,ARR,IL,AGL,CE,Towers with Radar,0,2,14,0,16,0,0,0,0,0,0,2,14,0,16,0,0,0,16
01/01/2012,ARR,IL,AGL,CE,Towers with Radar,0,1,2,0,3,0,0,0,0,0,0,1,2,0,3,0,0,0,3
01/02/2012,ARR,IL,AGL,CE,Towers with Radar,0,5,8,0,13,0,0,7,0,7,0,5,15,0,20,47,0,47,67
01/03/2012,ARR,IL,AGL,CE,Towers with Radar,0,1,15,1,17,0,0,76,2,78,0,1,91,3,95,100,8,108,203
01/04/2012,ARR,IL,AGL,CE,Towers with Radar,0,4,32,0,36,0,0,96,0,96,0,4,128,0,132,123,0,123,255
01/05/2012,ARR,IL,AGL,CE,Towers with Radar,0,0,21,0,21,0,0,86,2,88,0,0,107,2,109,136,8,144,253
01/06/2012,ARR,IL,AGL,CE,Towers with Radar,0,1,27,4,32,0,0,130,0,130,0,1,157,4,162,120,0,120,282
01/07/2012,ARR,IL,AGL,CE,Towers with Radar,0,0,20,0,20,0,0,138,0,138,0,0,158,0,158,70,0,70,228
01/08/2012,ARR,IL,AGL,CE,Towers with Radar,0,0,18,4,22,0,0,165,0,165,0,0,183,4,187,274,0,274,461
01/09/2012,ARR,IL,AGL,CE,Towers with Radar,0,0,19,0,19,0,0,50,0,50,0,0,69,0,69,22,0,22,91
01/10/2012,ARR,IL,AGL,CE,Towers with Radar,0,2,22,0,24,0,0,87,0,87,0,2,109,0,111,81,0,81,192
01/11/2012,ARR,IL,AGL,CE,Towers with Radar,0,3,27,0,30,0,0,56,2,58,0,3,83,2,88,79,18,97,185
01/12/2012,ARR,IL,AGL,CE,Towers with Radar,0,0,8,0,8,0,0,0,0,0,0,0,8,0,8,0,0,0,8
01/13/2012,ARR,IL,AGL,CE,Towers with Radar,0,2,11,0,13,0,0,12,0,12,0,2,23,0,25,4,0,4,29
01/14/2012,ARR,IL,AGL,CE,Towers with Radar,0,2,11,0,13,0,0,29,0,29,0,2,40,0,42,71,0,71,113
01/15/2012,ARR,IL,AGL,CE,Towers with Radar,0,0,8,0,8,0,0,75,0,75,0,0,83,0,83,120,0,120,203
01/16/2012,ARR,IL,AGL,CE,Towers with Radar,0,1,21,0,22,0,0,35,0,35,0,1,56,0,57,43,0,43,100
01/17/2012,ARR,IL,AGL,CE,Towers with Radar,0,3,8,0,11,0,0,0,0,0,0,3,8,0,11,0,0,0,11
01/18/2012,ARR,IL,AGL,CE,Towers with Radar,0,0,16,0,16,0,0,87,0,87,0,0,103,0,103,72,0,72,175
01/19/2012,ARR,IL,AGL,CE,Towers with Radar,0,1,17,0,18,0,0,24,0,24,0,1,41,0,42,18,0,18,60
01/20/2012,ARR,IL,AGL,CE,Towers with Radar,0,0,7,0,7,0,0,6,0,6,0,0,13,0,13,17,0,17,30
01/21/2012,ARR,IL,AGL,CE,Towers with Radar,0,2,5,0,7,0,0,34,0,34,0,2,39,0,41,20,0,20,61
01/22/2012,ARR,IL,AGL,CE,Towers with Radar,0,1,5,0,6,0,0,0,0,0,0,1,5,0,6,0,0,0,6
01/23/2012,ARR,IL,AGL,CE,Towers with Radar,0,1,19,0,20,0,0,0,0,0,0,1,19,0,20,0,0,0,20
01/24/2012,ARR,IL,AGL,CE,Towers with Radar,0,2,16,0,18,0,0,61,1,62,0,2,77,1,80,45,0,45,125
01/25/2012,ARR,IL,AGL,CE,Towers with Radar,0,1,13,0,14,0,0,46,0,46,0,1,59,0,60,74,0,74,134
01/26/2012,ARR,IL,AGL,CE,Towers with Radar,0,2,9,0,11,0,0,0,0,0,0,2,9,0,11,0,0,0,11
01/27/2012,ARR,IL,AGL,CE,Towers with Radar,0,2,18,0,20,0,1,114,0,115,0,3,132,0,135,146,0,146,281
01/28/2012,ARR,IL,AGL,CE,Towers with Radar,0,0,5,0,5,0,0,31,0,31,0,0,36,0,36,82,0,82,118
01/29/2012,ARR,IL,AGL,CE,Towers with Radar,0,1,21,0,22,0,0,49,0,49,0,1,70,0,71,73,0,73,144
01/30/2012,ARR,IL,AGL,CE,Towers with Radar,0,2,14,0,16,0,0,23,0,23,0,2,37,0,39,47,0,47,86
01/31/2012,ARR,IL,AGL,CE,Towers with Radar,0,0,14,0,14,0,0,42,0,42,0,0,56,0,56,46,0,46,102
02/01/2012,ARR,IL,AGL,CE,Towers with Radar,0,0,38,0,38,0,0,33,0,33,0,0,71,0,71,75,0,75,146
02/02/2012,ARR,IL,AGL,CE,Towers with Radar,0,2,20,0,22,0,0,0,0,0,0,2,20,0,22,0,0,0,22
02/03/2012,ARR,IL,AGL,CE,Towers with Radar,0,1,21,2,24,0,0,6,0,6,0,1,27,2,30,14,0,14,44
02/04/2012,ARR,IL,AGL,CE,Towers with Radar,0,0,11,0,11,0,0,23,0,23,0,0,34,0,34,90,0,90,124
02/05/2012,ARR,IL,AGL,CE,Towers with Radar,0,1,15,4,20,0,0,87,0,87,0,1,102,4,107,191,0,191,298
02/06/2012,ARR,IL,AGL,CE,Towers with Radar,0,1,21,0,22,0,0,0,0,0,0,1,21,0,22,0,0,0,22
02/07/2012,ARR,IL,AGL,CE,Towers with Radar,0,2,15,0,17,0,0,8,0,8,0,2,23,0,25,24,0,24,49
02/08/2012,ARR,IL,AGL,CE,Towers with Radar,0,1,17,2,20,0,0,125,1,126,0,1,142,3,146,114,2,116,262
02/09/2012,ARR,IL,AGL,CE,Towers with Radar,0,0,21,0,21,0,0,107,0,107,0,0,128,0,128,167,0,167,295
02/10/2012,ARR,IL,AGL,CE,Towers with Radar,0,2,51,0,53,0,0,10,0,10,0,2,61,0,63,42,0,42,105
02/11/2012,ARR,IL,AGL,CE,Towers with Radar,0,1,6,0,7,0,9,23,2,34,0,10,29,2,41,31,0,31,72
02/12/2012,ARR,IL,AGL,CE,Towers with Radar,0,2,15,0,17,0,0,116,0,116,0,2,131,0,133,107,0,107,240
02/13/2012,ARR,IL,AGL,CE,Towers with Radar,0,0,20,0,20,0,0,27,0,27,0,0,47,0,47,59,0,59,106
02/14/2012,ARR,IL,AGL,CE,Towers with Radar,0,1,14,0,15,0,0,2,0,2,0,1,16,0,17,8,0,8,25
02/15/2012,ARR,IL,AGL,CE,Towers with Radar,0,4,27,0,31,0,0,29,0,29,0,4,56,0,60,41,0,41,101
02/16/2012,ARR,IL,AGL,CE,Towers with Radar,0,8,22,1,31,0,0,43,0,43,0,8,65,1,74,124,0,124,198
02/17/2012,ARR,IL,AGL,CE,Towers with Radar,0,6,27,0,33,0,0,66,0,66,0,6,93,0,99,128,0,128,227
02/18/2012,ARR,IL,AGL,CE,Towers with Radar,0,0,11,0,11,0,0,128,0,128,0,0,139,0,139,219,0,219,358
02/19/2012,ARR,IL,AGL,CE,Towers with Radar,0,1,12,0,13,0,0,121,0,121,0,1,133,0,134,191,0,191,325
02/20/2012,ARR,IL,AGL,CE,Towers with Radar,0,0,24,0,24,0,0,102,0,102,0,0,126,0,126,164,0,164,290
02/21/2012,ARR,IL,AGL,CE,Towers with Radar,0,4,14,0,18,0,0,8,0,8,0,4,22,0,26,4,0,4,30
02/22/2012,ARR,IL,AGL,CE,Towers with Radar,0,4,23,0,27,0,0,44,2,46,0,4,67,2,73,29,0,29,102
02/23/2012,ARR,IL,AGL,CE,Towers with Radar,0,1,21,0,22,0,0,4,0,4,0,1,25,0,26,34,0,34,60
02/24/2012,ARR,IL,AGL,CE,Towers with Radar,0,3,13,0,16,0,0,0,0,0,0,3,13,0,16,28,0,28,44
02/25/2012,ARR,IL,AGL,CE,Towers with Radar,0,1,23,0,24,0,0,106,0,106,0,1,129,0,130,177,0,177,307
02/26/2012,ARR,IL,AGL,CE,Towers with Radar,0,1,9,0,10,0,0,31,0,31,0,1,40,0,41,28,0,28,69
02/27/2012,ARR,IL,AGL,CE,Towers with Radar,0,0,26,0,26,0,0,67,0,67,0,0,93,0,93,64,0,64,157
02/28/2012,ARR,IL,AGL,CE,Towers with Radar,0,4,11,0,15,0,0,69,0,69,0,4,80,0,84,83,0,83,167
02/29/2012,ARR,IL,AGL,CE,Towers with Radar,0,0,11,0,11,0,0,6,0,6,0,0,17,0,17,0,0,0,17
03/01/2012,ARR,IL,AGL,CE,Towers with Radar,0,1,24,0,25,0,0,28,0,28,0,1,52,0,53,55,0,55,108
03/02/2012,ARR,IL,AGL,CE,Towers with Radar,0,2,12,3,17,0,0,6,0,6,0,2,18,3,23,22,0,22,45
03/03/2012,ARR,IL,AGL,CE,Towers with Radar,0,1,8,0,9,0,0,57,0,57,0,1,65,0,66,60,0,60,126
03/04/2012,ARR,IL,AGL,CE,Towers with Radar,0,3,6,2,11,0,0,42,0,42,0,3,48,2,53,93,0,93,146
03/05/2012,ARR,IL,AGL,CE,Towers with Radar,0,0,23,0,23,0,0,99,0,99,0,0,122,0,122,138,0,138,260
03/06/2012,ARR,IL,AGL,CE,Towers with Radar,0,0,12,0,12,0,0,16,2,18,0,0,28,2,30,4,0,4,34
03/07/2012,ARR,IL,AGL,CE,Towers with Radar,0,2,14,0,16,0,0,5,4,9,0,2,19,4,25,0,11,11,36
03/08/2012,ARR,IL,AGL,CE,Towers with Radar,0,0,37,0,37,0,0,70,0,70,0,0,107,0,107,82,0,82,189
03/09/2012,ARR,IL,AGL,CE,Towers with Radar,0,1,21,0,22,0,1,77,0,78,0,2,98,0,100,125,0,125,225
03/10/2012,ARR,IL,AGL,CE,Towers with Radar,0,0,14,0,14,0,0,77,0,77,0,0,91,0,91,29,0,29,120
03/11/2012,ARR,IL,AGL,CE,Towers with Radar,0,1,24,2,27,0,1,101,0,102,0,2,125,2,129,200,0,200,329
03/12/2012,ARR,IL,AGL,CE,Towers with Radar,0,1,21,0,22,0,0,15,0,15,0,1,36,0,37,2,5,7,44
03/13/2012,ARR,IL,AGL,CE,Towers with Radar,0,2,13,0,15,0,0,146,0,146,0,2,159,0,161,199,0,199,360
03/14/2012,ARR,IL,AGL,CE,Towers with Radar,0,2,28,0,30,0,0,93,1,94,0,2,121,1,124,88,0,88,212
03/15/2012,ARR,IL,AGL,CE,Towers with Radar,0,1,31,0,32,0,0,97,0,97,0,1,128,0,129,178,0,178,307
03/16/2012,ARR,IL,AGL,CE,Towers with Radar,0,2,20,0,22,0,1,60,0,61,0,3,80,0,83,169,0,169,252
03/17/2012,ARR,IL,AGL,CE,Towers with Radar,0,2,9,0,11,0,0,107,0,107,0,2,116,0,118,172,0,172,290
03/18/2012,ARR,IL,AGL,CE,Towers with Radar,0,2,6,0,8,0,0,125,0,125,0,2,131,0,133,135,0,135,268
03/19/2012,ARR,IL,AGL,CE,Towers with Radar,0,0,27,0,27,0,0,41,0,41,0,0,68,0,68,28,0,28,96
03/20/2012,ARR,IL,AGL,CE,Towers with Radar,0,1,17,0,18,0,0,79,3,82,0,1,96,3,100,40,28,68,168
03/21/2012,ARR,IL,AGL,CE,Towers with Radar,0,3,17,0,20,0,0,110,0,110,0,3,127,0,130,154,0,154,284
03/22/2012,ARR,IL,AGL,CE,Towers with Radar,0,3,33,0,36,0,0,90,4,94,0,3,123,4,130,120,0,120,250
03/23/2012,ARR,IL,AGL,CE,Towers with Radar,0,5,23,0,28,0,0,35,0,35,0,5,58,0,63,118,0,118,181
03/24/2012,ARR,IL,AGL,CE,Towers with Radar,0,5,24,0,29,0,0,20,0,20,0,5,44,0,49,14,0,14,63
03/25/2012,ARR,IL,AGL,CE,Towers with Radar,0,6,19,0,25,0,0,108,0,108,0,6,127,0,133,148,0,148,281
03/26/2012,ARR,IL,AGL,CE,Towers with Radar,0,1,20,0,21,0,0,72,1,73,0,1,92,1,94,51,0,51,145
03/27/2012,ARR,IL,AGL,CE,Towers with Radar,0,2,18,2,22,0,0,42,2,44,0,2,60,4,66,30,0,30,96
03/28/2012,ARR,IL,AGL,CE,Towers with Radar,0,4,16,0,20,0,0,51,0,51,0,4,67,0,71,20,0,20,91
03/29/2012,ARR,IL,AGL,CE,Towers with Radar,0,3,20,0,23,0,0,90,0,90,0,3,110,0,113,169,0,169,282
03/30/2012,ARR,IL,AGL,CE,Towers with Radar,0,2,31,2,35,0,0,27,0,27,0,2,58,2,62,106,0,106,168
03/31/2012,ARR,IL,AGL,CE,Towers with Radar,0,3,35,0,38,0,0,36,0,36,0,3,71,0,74,92,0,92,166
04/01/2012,ARR,IL,AGL,CE,Towers with Radar,0,0,28,2,30,0,0,55,0,55,0,0,83,2,85,153,0,153,238
04/02/2012,ARR,IL,AGL,CE,Towers with Radar,0,6,22,0,28,0,0,87,0,87,0,6,109,0,115,89,0,89,204
04/03/2012,ARR,IL,AGL,CE,Towers with Radar,0,0,12,0,12,0,1,70,2,73,0,1,82,2,85,73,0,73,158
04/04/2012,ARR,IL,AGL,CE,Towers with Radar,0,3,20,0,23,0,1,72,6,79,0,4,92,6,102,46,12,58,160
04/05/2012,ARR,IL,AGL,CE,Towers with Radar,0,3,17,0,20,0,2,71,0,73,0,5,88,0,93,44,0,44,137
04/06/2012,ARR,IL,AGL,CE,Towers with Radar,0,3,16,0,19,0,0,149,1,150,0,3,165,1,169,260,0,260,429
04/07/2012,ARR,IL,AGL,CE,Towers with Radar,0,0,21,0,21,0,0,112,0,112,0,0,133,0,133,172,0,172,305
04/08/2012,ARR,IL,AGL,CE,Towers with Radar,0,0,7,0,7,0,0,42,0,42,0,0,49,0,49,48,0,48,97
04/09/2012,ARR,IL,AGL,CE,Towers with Radar,0,2,20,0,22,0,0,26,0,26,0,2,46,0,48,21,0,21,69
04/10/2012,ARR,IL,AGL,CE,Towers with Radar,0,4,20,0,24,0,0,73,2,75,0,4,93,2,99,66,4,70,169
04/11/2012,ARR,IL,AGL,CE,Towers with Radar,0,0,32,0,32,0,0,127,0,127,0,0,159,0,159,130,0,130,289
04/12/2012,ARR,IL,AGL,CE,Towers with Radar,0,0,23,0,23,0,0,98,0,98,0,0,121,0,121,114,0,114,235
04/13/2012,ARR,IL,AGL,CE,Towers with Radar,0,5,22,4,31,0,0,75,1,76,0,5,97,5,107,71,0,71,178
04/14/2012,ARR,IL,AGL,CE,Towers with Radar,0,2,28,0,30,0,0,21,0,21,0,2,49,0,51,50,0,50,101
04/15/2012,ARR,IL,AGL,CE,Towers with Radar,0,3,7,2,12,0,0,22,0,22,0,3,29,2,34,26,0,26,60
04/16/2012,ARR,IL,AGL,CE,Towers with Radar,0,0,22,0,22,0,0,7,0,7,0,0,29,0,29,1,0,1,30
04/17/2012,ARR,IL,AGL,CE,Towers with Radar,0,1,17,0,18,0,0,149,1,150,0,1,166,1,168,195,0,195,363
04/18/2012,ARR,IL,AGL,CE,Towers with Radar,0,0,25,0,25,0,0,69,0,69,0,0,94,0,94,75,0,75,169
04/19/2012,ARR,IL,AGL,CE,Towers with Radar,1,1,29,0,31,0,0,81,0,81,1,1,110,0,112,107,0,107,219
04/20/2012,ARR,IL,AGL,CE,Towers with Radar,0,1,27,1,29,0,0,20,0,20,0,1,47,1,49,55,0,55,104
04/21/2012,ARR,IL,AGL,CE,Towers with Radar,0,0,14,2,16,0,0,170,0,170,0,0,184,2,186,226,0,226,412
04/22/2012,ARR,IL,AGL,CE,Towers with Radar,0,1,17,1,19,0,0,94,0,94,0,1,111,1,113,93,0,93,206
04/23/2012,ARR,IL,AGL,CE,Towers with Radar,0,0,14,1,15,0,0,79,0,79,0,0,93,1,94,120,0,120,214
04/24/2012,ARR,IL,AGL,CE,Towers with Radar,0,0,23,0,23,0,0,134,0,134,0,0,157,0,157,217,0,217,374
04/25/2012,ARR,IL,AGL,CE,Towers with Radar,0,0,12,0,12,0,0,77,0,77,0,0,89,0,89,97,0,97,186
04/26/2012,ARR,IL,AGL,CE,Towers with Radar,0,3,32,0,35,0,0,102,0,102,0,3,134,0,137,159,0,159,296
04/27/2012,ARR,IL,AGL,CE,Towers with Radar,0,1,19,0,20,0,0,125,2,127,0,1,144,2,147,163,0,163,310
04/28/2012,ARR,IL,AGL,CE,Towers with Radar,0,0,17,0,17,0,0,15,0,15,0,0,32,0,32,74,0,74,106
04/29/2012,ARR,IL,AGL,CE,Towers with Radar,0,1,17,0,18,0,0,94,0,94,0,1,111,0,112,180,0,180,292
04/30/2012,ARR,IL,AGL,CE,Towers with Radar,0,5,40,0,45,0,0,0,0,0,0,5,40,0,45,26,0,26,71
05/01/2012,ARR,IL,AGL,CE,Towers with Radar,0,1,35,0,36,0,0,15,0,15,0,1,50,0,51,40,0,40,91
05/02/2012,ARR,IL,AGL,CE,Towers with Radar,0,0,30,0,30,0,0,58,0,58,0,0,88,0,88,128,0,128,216
05/03/2012,ARR,IL,AGL,CE,Towers with Radar,0,3,40,0,43,0,0,78,0,78,0,3,118,0,121,62,0,62,183
05/04/2012,ARR,IL,AGL,CE,Towers with Radar,0,0,21,4,25,0,0,67,1,68,0,0,88,5,93,116,0,116,209
05/05/2012,ARR,IL,AGL,CE,Towers with Radar,0,4,17,0,21,0,0,9,0,9,0,4,26,0,30,40,0,40,70
05/06/2012,ARR,IL,AGL,CE,Towers with Radar,0,1,13,4,18,0,0,31,0,31,0,1,44,4,49,65,0,65,114
05/07/2012,ARR,IL,AGL,CE,Towers with Radar,0,0,28,1,29,0,0,23,1,24,0,0,51,2,53,107,0,107,160
05/08/2012,ARR,IL,AGL,CE,Towers with Radar,0,4,32,0,36,0,0,105,2,107,0,4,137,2,143,168,0,168,311
05/09/2012,ARR,IL,AGL,CE,Towers with Radar,0,5,25,1,31,0,0,76,0,76,0,5,101,1,107,101,0,101,208
05/10/2012,ARR,IL,AGL,CE,Towers with Radar,0,4,32,0,36,0,0,161,3,164,0,4,193,3,200,137,0,137,337
05/11/2012,ARR,IL,AGL,CE,Towers with Radar,0,2,21,0,23,0,0,115,1,116,0,2,136,1,139,119,0,119,258
05/12/2012,ARR,IL,AGL,CE,Towers with Radar,0,1,27,0,28,0,0,58,0,58,0,1,85,0,86,52,0,52,138
05/13/2012,ARR,IL,AGL,CE,Towers with Radar,0,0,8,0,8,0,0,121,0,121,0,0,129,0,129,192,0,192,321
05/14/2012,ARR,IL,AGL,CE,Towers with Radar,0,0,35,0,35,0,0,133,0,133,0,0,168,0,168,111,0,111,279
05/15/2012,ARR,IL,AGL,CE,Towers with Radar,0,1,9,1,11,0,0,81,0,81,0,1,90,1,92,63,0,63,155
05/16/2012,ARR,IL,AGL,CE,Towers with Radar,0,0,18,3,21,0,0,127,2,129,0,0,145,5,150,102,4,106,256
05/17/2012,ARR,IL,AGL,CE,Towers with Radar,0,4,25,0,29,0,0,109,2,111,0,4,134,2,140,120,0,120,260
05/18/2012,ARR,IL,AGL,CE,Towers with Radar,0,3,31,0,34,0,1,80,0,81,0,4,111,0,115,95,0,95,210
05/19/2012,ARR,IL,AGL,CE,Towers with Radar,0,0,16,0,16,0,0,53,0,53,0,0,69,0,69,95,0,95,164
05/20/2012,ARR,IL,AGL,CE,Towers with Radar,0,3,17,0,20,0,0,28,0,28,0,3,45,0,48,24,0,24,72
05/21/2012,ARR,IL,AGL,CE,Towers with Radar,0,4,27,0,31,0,0,22,0,22,0,4,49,0,53,26,0,26,79
05/22/2012,ARR,IL,AGL,CE,Towers with Radar,0,0,30,0,30,0,0,92,0,92,0,0,122,0,122,85,0,85,207
05/23/2012,ARR,IL,AGL,CE,Towers with Radar,0,9,24,0,33,0,0,140,0,140,0,9,164,0,173,215,0,215,388
05/24/2012,ARR,IL,AGL,CE,Towers with Radar,0,1,29,5,35,0,0,35,1,36,0,1,64,6,71,44,0,44,115
05/25/2012,ARR,IL,AGL,CE,Towers with Radar,0,2,15,0,17,0,0,118,0,118,0,2,133,0,135,152,0,152,287
05/26/2012,ARR,IL,AGL,CE,Towers with Radar,0,2,10,0,12,0,2,50,0,52,0,4,60,0,64,145,0,145,209
05/27/2012,ARR,IL,AGL,CE,Towers with Radar,0,1,5,0,6,0,0,82,0,82,0,1,87,0,88,134,0,134,222
05/28/2012,ARR,IL,AGL,CE,Towers with Radar,0,3,7,0,10,0,0,36,0,36,0,3,43,0,46,32,0,32,78
05/29/2012,ARR,IL,AGL,CE,Towers with Radar,0,0,20,2,22,0,1,69,2,72,0,1,89,4,94,61,8,69,163
05/30/2012,ARR,IL,AGL,CE,Towers with Radar,0,1,26,0,27,0,0,113,2,115,0,1,139,2,142,153,2,155,297
05/31/2012,ARR,IL,AGL,CE,Towers with Radar,0,1,31,1,33,0,0,7,0,7,0,1,38,1,40,26,0,26,66
06/01/2012,ARR,IL,AGL,CE,Towers with Radar,0,3,35,4,42,0,0,54,0,54,0,3,89,4,96,52,0,52,148
06/02/2012,ARR,IL,AGL,CE,Towers with Radar,0,0,23,1,24,0,0,76,0,76,0,0,99,1,100,102,0,102,202
06/03/2012,ARR,IL,AGL,CE,Towers with Radar,0,2,22,4,28,0,0,143,0,143,0,2,165,4,171,175,0,175,346
06/04/2012,ARR,IL,AGL,CE,Towers with Radar,0,1,17,0,18,0,0,74,0,74,0,1,91,0,92,132,0,132,224
06/05/2012,ARR,IL,AGL,CE,Towers with Radar,0,0,15,0,15,0,0,133,0,133,0,0,148,0,148,214,0,214,362
06/06/2012,ARR,IL,AGL,CE,Towers with Radar,0,2,22,0,24,0,0,141,0,141,0,2,163,0,165,145,0,145,310
06/07/2012,ARR,IL,AGL,CE,Towers with Radar,0,3,19,0,22,0,1,120,0,121,0,4,139,0,143,165,0,165,308
06/08/2012,ARR,IL,AGL,CE,Towers with Radar,0,0,16,0,16,0,0,93,0,93,0,0,109,0,109,118,0,118,227
06/09/2012,ARR,IL,AGL,CE,Towers with Radar,0,2,5,0,7,0,0,99,0,99,0,2,104,0,106,148,0,148,254
06/10/2012,ARR,IL,AGL,CE,Towers with Radar,0,2,19,0,21,0,0,79,0,79,0,2,98,0,100,50,0,50,150
06/11/2012,ARR,IL,AGL,CE,Towers with Radar,0,0,24,1,25,0,0,52,0,52,0,0,76,1,77,109,0,109,186
06/12/2012,ARR,IL,AGL,CE,Towers with Radar,0,4,21,0,25,0,0,89,0,89,0,4,110,0,114,124,0,124,238
06/13/2012,ARR,IL,AGL,CE,Towers with Radar,0,0,26,0,26,0,0,125,0,125,0,0,151,0,151,206,0,206,357
06/14/2012,ARR,IL,AGL,CE,Towers with Radar,0,4,20,0,24,0,0,122,0,122,0,4,142,0,146,117,0,117,263
06/15/2012,ARR,IL,AGL,CE,Towers with Radar,0,4,20,0,24,0,0,99,0,99,0,4,119,0,123,118,0,118,241
06/16/2012,ARR,IL,AGL,CE,Towers with Radar,0,2,24,0,26,0,1,73,0,74,0,3,97,0,100,74,0,74,174
06/17/2012,ARR,IL,AGL,CE,Towers with Radar,0,2,28,1,31,0,0,79,0,79,0,2,107,1,110,110,0,110,220
06/18/2012,ARR,IL,AGL,CE,Towers with Radar,0,6,15,0,21,0,0,30,0,30,0,6,45,0,51,10,0,10,61
06/19/2012,ARR,IL,AGL,CE,Towers with Radar,0,2,15,0,17,0,0,64,0,64,0,2,79,0,81,95,0,95,176
06/20/2012,ARR,IL,AGL,CE,Towers with Radar,0,4,17,0,21,0,0,91,0,91,0,4,108,0,112,91,0,91,203
06/21/2012,ARR,IL,AGL,CE,Towers with Radar,0,7,37,0,44,0,0,125,0,125,0,7,162,0,169,181,0,181,350
06/22/2012,ARR,IL,AGL,CE,Towers with Radar,0,1,18,0,19,0,0,136,0,136,0,1,154,0,155,96,0,96,251
06/23/2012,ARR,IL,AGL,CE,Towers with Radar,0,0,15,0,15,0,0,124,0,124,0,0,139,0,139,120,0,120,259
06/24/2012,ARR,IL,AGL,CE,Towers with Radar,0,1,22,0,23,0,0,196,0,196,0,1,218,0,219,155,0,155,374
06/25/2012,ARR,IL,AGL,CE,Towers with Radar,0,2,33,0,35,0,0,113,0,113,0,2,146,0,148,122,0,122,270
06/26/2012,ARR,IL,AGL,CE,Towers with Radar,0,1,32,0,33,0,1,104,0,105,0,2,136,0,138,128,0,128,266
06/27/2012,ARR,IL,AGL,CE,Towers with Radar,0,3,28,0,31,0,0,78,0,78,0,3,106,0,109,172,0,172,281
06/28/2012,ARR,IL,AGL,CE,Towers with Radar,0,4,28,0,32,0,0,93,4,97,0,4,121,4,129,76,16,92,221
06/29/2012,ARR,IL,AGL,CE,Towers with Radar,0,2,16,0,18,0,0,69,0,69,0,2,85,0,87,44,0,44,131
06/30/2012,ARR,IL,AGL,CE,Towers with Radar,0,1,19,0,20,0,0,108,0,108,0,1,127,0,128,145,0,145,273
07/01/2012,ARR,IL,AGL,CE,Towers with Radar,0,0,12,0,12,0,1,55,0,56,0,1,67,0,68,66,0,66,134
07/02/2012,ARR,IL,AGL,CE,Towers with Radar,0,2,31,0,33,0,0,70,0,70,0,2,101,0,103,90,0,90,193
07/03/2012,ARR,IL,AGL,CE,Towers with Radar,0,0,15,0,15,0,0,103,1,104,0,0,118,1,119,192,0,192,311
07/04/2012,ARR,IL,AGL,CE,Towers with Radar,0,1,9,0,10,0,0,56,0,56,0,1,65,0,66,27,0,27,93
07/05/2012,ARR,IL,AGL,CE,Towers with Radar,0,2,14,0,16,0,0,76,0,76,0,2,90,0,92,121,0,121,213
07/06/2012,ARR,IL,AGL,CE,Towers with Radar,0,0,11,5,16,0,0,88,0,88,0,0,99,5,104,48,0,48,152
07/07/2012,ARR,IL,AGL,CE,Towers with Radar,0,2,16,0,18,0,0,94,0,94,0,2,110,0,112,137,0,137,249
07/08/2012,ARR,IL,AGL,CE,Towers with Radar,0,0,21,4,25,0,0,92,0,92,0,0,113,4,117,187,0,187,304
07/09/2012,ARR,IL,AGL,CE,Towers with Radar,0,2,23,0,25,0,0,105,1,106,0,2,128,1,131,151,0,151,282
07/10/2012,ARR,IL,AGL,CE,Towers with Radar,0,3,22,0,25,0,0,99,1,100,0,3,121,1,125,235,0,235,360
07/11/2012,ARR,IL,AGL,CE,Towers with Radar,0,3,22,0,25,0,0,130,1,131,0,3,152,1,156,162,0,162,318
07/12/2012,ARR,IL,AGL,CE,Towers with Radar,0,5,20,3,28,0,0,99,0,99,0,5,119,3,127,143,0,143,270
07/13/2012,ARR,IL,AGL,CE,Towers with Radar,0,0,13,0,13,0,0,86,0,86,0,0,99,0,99,153,0,153,252
07/14/2012,ARR,IL,AGL,CE,Towers with Radar,0,0,6,0,6,0,0,58,0,58,0,0,64,0,64,66,0,66,130
07/15/2012,ARR,IL,AGL,CE,Towers with Radar,0,0,12,0,12,0,0,147,0,147,0,0,159,0,159,172,0,172,331
07/16/2012,ARR,IL,AGL,CE,Towers with Radar,0,5,21,0,26,0,0,78,0,78,0,5,99,0,104,99,0,99,203
07/17/2012,ARR,IL,AGL,CE,Towers with Radar,0,1,28,0,29,0,0,89,0,89,0,1,117,0,118,104,0,104,222
07/18/2012,ARR,IL,AGL,CE,Towers with Radar,0,4,28,0,32,0,1,108,0,109,0,5,136,0,141,115,0,115,256
07/19/2012,ARR,IL,AGL,CE,Towers with Radar,0,6,40,0,46,0,0,67,0,67,0,6,107,0,113,105,0,105,218
07/20/2012,ARR,IL,AGL,CE,Towers with Radar,0,3,32,5,40,0,0,107,0,107,0,3,139,5,147,68,0,68,215
07/21/2012,ARR,IL,AGL,CE,Towers with Radar,0,1,13,0,14,0,0,151,0,151,0,1,164,0,165,169,0,169,334
07/22/2012,ARR,IL,AGL,CE,Towers with Radar,0,4,30,0,34,0,0,103,0,103,0,4,133,0,137,163,0,163,300
07/23/2012,ARR,IL,AGL,CE,Towers with Radar,0,1,20,0,21,0,0,72,0,72,0,1,92,0,93,113,0,113,206
07/24/2012,ARR,IL,AGL,CE,Towers with Radar,0,0,39,0,39,0,0,58,0,58,0,0,97,0,97,106,0,106,203
07/25/2012,ARR,IL,AGL,CE,Towers with Radar,0,1,22,0,23,0,0,68,0,68,0,1,90,0,91,50,0,50,141
07/26/2012,ARR,IL,AGL,CE,Towers with Radar,0,7,29,0,36,0,0,53,0,53,0,7,82,0,89,37,0,37,126
07/27/2012,ARR,IL,AGL,CE,Towers with Radar,0,5,16,0,21,0,1,72,0,73,0,6,88,0,94,28,0,28,122
07/28/2012,ARR,IL,AGL,CE,Towers with Radar,0,0,19,0,19,0,0,114,0,114,0,0,133,0,133,121,0,121,254
07/29/2012,ARR,IL,AGL,CE,Towers with Radar,0,3,29,0,32,0,1,118,0,119,0,4,147,0,151,65,0,65,216
07/30/2012,ARR,IL,AGL,CE,Towers with Radar,0,3,29,0,32,0,0,113,0,113,0,3,142,0,145,133,0,133,278
07/31/2012,ARR,IL,AGL,CE,Towers with Radar,0,2,24,0,26,0,0,101,0,101,0,2,125,0,127,159,0,159,286
08/01/2012,ARR,IL,AGL,CE,Towers with Radar,0,0,29,1,30,0,0,124,0,124,0,0,153,1,154,172,0,172,326
08/02/2012,ARR,IL,AGL,CE,Towers with Radar,0,1,27,0,28,0,0,101,0,101,0,1,128,0,129,87,0,87,216
08/03/2012,ARR,IL,AGL,CE,Towers with Radar,0,0,17,4,21,0,11,92,0,103,0,11,109,4,124,52,0,52,176
08/04/2012,ARR,IL,AGL,CE,Towers with Radar,0,1,15,0,16,0,0,92,0,92,0,1,107,0,108,99,0,99,207
08/05/2012,ARR,IL,AGL,CE,Towers with Radar,0,0,21,4,25,0,0,129,0,129,0,0,150,4,154,160,0,160,314
08/06/2012,ARR,IL,AGL,CE,Towers with Radar,0,1,27,0,28,0,0,113,0,113,0,1,140,0,141,131,0,131,272
08/07/2012,ARR,IL,AGL,CE,Towers with Radar,0,2,20,0,22,0,0,82,0,82,0,2,102,0,104,166,0,166,270
08/08/2012,ARR,IL,AGL,CE,Towers with Radar,0,2,35,0,37,0,0,59,0,59,0,2,94,0,96,66,0,66,162
08/09/2012,ARR,IL,AGL,CE,Towers with Radar,0,1,18,0,19,0,0,31,0,31,0,1,49,0,50,86,0,86,136
08/10/2012,ARR,IL,AGL,CE,Towers with Radar,0,2,17,0,19,0,0,61,0,61,0,2,78,0,80,95,0,95,175
08/11/2012,ARR,IL,AGL,CE,Towers with Radar,0,0,19,0,19,0,0,88,0,88,0,0,107,0,107,142,0,142,249
08/12/2012,ARR,IL,AGL,CE,Towers with Radar,0,4,28,0,32,0,0,53,0,53,0,4,81,0,85,119,0,119,204
08/13/2012,ARR,IL,AGL,CE,Towers with Radar,0,1,43,0,44,0,0,9,0,9,0,1,52,0,53,8,0,8,61
08/14/2012,ARR,IL,AGL,CE,Towers with Radar,0,1,33,0,34,0,0,97,0,97,0,1,130,0,131,217,0,217,348
08/15/2012,ARR,IL,AGL,CE,Towers with Radar,0,5,40,0,45,0,0,90,0,90,0,5,130,0,135,151,0,151,286
08/16/2012,ARR,IL,AGL,CE,Towers with Radar,0,4,25,0,29,0,0,28,4,32,0,4,53,4,61,42,36,78,139
08/17/2012,ARR,IL,AGL,CE,Towers with Radar,0,2,20,2,24,0,0,101,0,101,0,2,121,2,125,165,0,165,290
08/18/2012,ARR,IL,AGL,CE,Towers with Radar,0,0,18,0,18,0,0,111,0,111,0,0,129,0,129,129,0,129,258
08/19/2012,ARR,IL,AGL,CE,Towers with Radar,0,2,16,0,18,0,0,80,0,80,0,2,96,0,98,102,0,102,200
08/20/2012,ARR,IL,AGL,CE,Towers with Radar,0,1,16,0,17,0,0,60,0,60,0,1,76,0,77,114,0,114,191
08/21/2012,ARR,IL,AGL,CE,Towers with Radar,0,2,21,0,23,0,0,84,2,86,0,2,105,2,109,135,0,135,244
08/22/2012,ARR,IL,AGL,CE,Towers with Radar,1,4,34,2,41,0,0,92,0,92,1,4,126,2,133,85,0,85,218
08/23/2012,ARR,IL,AGL,CE,Towers with Radar,0,4,17,0,21,0,0,106,0,106,0,4,123,0,127,82,0,82,209
08/24/2012,ARR,IL,AGL,CE,Towers with Radar,0,3,23,0,26,0,0,118,0,118,0,3,141,0,144,93,0,93,237
08/25/2012,ARR,IL,AGL,CE,Towers with Radar,0,4,12,0,16,0,0,117,0,117,0,4,129,0,133,134,0,134,267
08/26/2012,ARR,IL,AGL,CE,Towers with Radar,0,4,33,1,38,0,0,46,0,46,0,4,79,1,84,48,0,48,132
08/27/2012,ARR,IL,AGL,CE,Towers with Radar,0,1,24,0,25,0,0,69,0,69,0,1,93,0,94,70,0,70,164
08/28/2012,ARR,IL,AGL,CE,Towers with Radar,0,3,26,0,29,0,1,107,0,108,0,4,133,0,137,198,0,198,335
08/29/2012,ARR,IL,AGL,CE,Towers with Radar,0,1,21,0,22,0,0,95,0,95,0,1,116,0,117,155,0,155,272
08/30/2012,ARR,IL,AGL,CE,Towers with Radar,0,5,30,0,35,0,0,72,2,74,0,5,102,2,109,31,10,41,150
08/31/2012,ARR,IL,AGL,CE,Towers with Radar,0,0,19,0,19,0,0,99,0,99,0,0,118,0,118,36,0,36,154
09/01/2012,ARR,IL,AGL,CE,Towers with Radar,0,0,8,0,8,0,0,4,0,4,0,0,12,0,12,6,0,6,18
09/02/2012,ARR,IL,AGL,CE,Towers with Radar,0,1,20,0,21,0,0,24,0,24,0,1,44,0,45,48,0,48,93
09/03/2012,ARR,IL,AGL,CE,Towers with Radar,0,5,21,0,26,0,0,67,0,67,0,5,88,0,93,90,0,90,183
09/04/2012,ARR,IL,AGL,CE,Towers with Radar,0,0,23,0,23,0,0,94,0,94,0,0,117,0,117,136,0,136,253
09/05/2012,ARR,IL,AGL,CE,Towers with Radar,0,2,28,0,30,0,0,45,0,45,0,2,73,0,75,67,0,67,142
09/06/2012,ARR,IL,AGL,CE,Towers with Radar,0,1,24,0,25,0,0,94,0,94,0,1,118,0,119,135,0,135,254
09/07/2012,ARR,IL,AGL,CE,Towers with Radar,0,3,24,4,31,0,0,42,2,44,0,3,66,6,75,44,0,44,119
09/08/2012,ARR,IL,AGL,CE,Towers with Radar,0,3,20,0,23,0,0,111,0,111,0,3,131,0,134,128,0,128,262
09/09/2012,ARR,IL,AGL,CE,Towers with Radar,0,2,28,4,34,0,0,69,0,69,0,2,97,4,103,129,0,129,232
09/10/2012,ARR,IL,AGL,CE,Towers with Radar,0,5,25,0,30,0,0,99,0,99,0,5,124,0,129,148,0,148,277
09/11/2012,ARR,IL,AGL,CE,Towers with Radar,0,1,15,0,16,0,0,73,0,73,0,1,88,0,89,65,0,65,154
09/12/2012,ARR,IL,AGL,CE,Towers with Radar,0,1,29,0,30,0,0,130,0,130,0,1,159,0,160,67,0,67,227
09/13/2012,ARR,IL,AGL,CE,Towers with Radar,0,4,39,0,43,0,0,50,0,50,0,4,89,0,93,56,0,56,149
09/14/2012,ARR,IL,AGL,CE,Towers with Radar,0,2,24,0,26,0,0,96,0,96,0,2,120,0,122,64,0,64,186
09/15/2012,ARR,IL,AGL,CE,Towers with Radar,0,0,14,0,14,0,0,130,0,130,0,0,144,0,144,194,0,194,338
09/16/2012,ARR,IL,AGL,CE,Towers with Radar,0,3,20,0,23,0,0,98,0,98,0,3,118,0,121,97,0,97,218
09/17/2012,ARR,IL,AGL,CE,Towers with Radar,0,3,28,0,31,0,0,53,1,54,0,3,81,1,85,90,0,90,175
09/18/2012,ARR,IL,AGL,CE,Towers with Radar,0,2,21,0,23,0,0,61,0,61,0,2,82,0,84,50,0,50,134
09/19/2012,ARR,IL,AGL,CE,Towers with Radar,0,2,22,0,24,0,0,60,0,60,0,2,82,0,84,10,0,10,94
09/20/2012,ARR,IL,AGL,CE,Towers with Radar,0,0,27,1,28,0,2,126,3,131,0,2,153,4,159,80,0,80,239
09/21/2012,ARR,IL,AGL,CE,Towers with Radar,0,2,25,0,27,0,1,25,0,26,0,3,50,0,53,4,0,4,57
09/22/2012,ARR,IL,AGL,CE,Towers with Radar,0,1,19,0,20,0,0,27,0,27,0,1,46,0,47,29,0,29,76
09/23/2012,ARR,IL,AGL,CE,Towers with Radar,0,8,24,0,32,0,0,271,0,271,0,8,295,0,303,189,0,189,492
09/24/2012,ARR,IL,AGL,CE,Towers with Radar,0,1,37,0,38,0,0,70,0,70,0,1,107,0,108,49,0,49,157
09/25/2012,ARR,IL,AGL,CE,Towers with Radar,0,2,26,0,28,0,0,108,0,108,0,2,134,0,136,159,0,159,295
09/26/2012,ARR,IL,AGL,CE,Towers with Radar,0,2,27,0,29,0,0,97,0,97,0,2,124,0,126,130,0,130,256
09/27/2012,ARR,IL,AGL,CE,Towers with Radar,0,2,29,0,31,0,0,100,0,100,0,2,129,0,131,104,0,104,235
09/28/2012,ARR,IL,AGL,CE,Towers with Radar,0,4,30,0,34,0,0,90,0,90,0,4,120,0,124,75,0,75,199
09/29/2012,ARR,IL,AGL,CE,Towers with Radar,1,1,27,0,29,0,0,118,0,118,1,1,145,0,147,189,0,189,336
09/30/2012,ARR,IL,AGL,CE,Towers with Radar,0,0,24,0,24,0,0,142,0,142,0,0,166,0,166,98,0,98,264
10/01/2012,ARR,IL,AGL,CE,Towers with Radar,0,1,21,0,22,0,0,96,0,96,0,1,117,0,118,122,0,122,240
10/02/2012,ARR,IL,AGL,CE,Towers with Radar,0,5,20,0,25,0,0,78,0,78,0,5,98,0,103,119,0,119,222
10/03/2012,ARR,IL,AGL,CE,Towers with Radar,0,10,32,0,42,0,0,6,0,6,0,10,38,0,48,6,0,6,54
10/04/2012,ARR,IL,AGL,CE,Towers with Radar,0,1,23,0,24,0,0,66,0,66,0,1,89,0,90,86,0,86,176
10/05/2012,ARR,IL,AGL,CE,Towers with Radar,0,3,22,0,25,0,0,69,0,69,0,3,91,0,94,157,0,157,251
10/06/2012,ARR,IL,AGL,CE,Towers with Radar,0,0,20,0,20,0,0,116,0,116,0,0,136,0,136,197,0,197,333
10/07/2012,ARR,IL,AGL,CE,Towers with Radar,0,2,12,0,14,0,0,125,0,125,0,2,137,0,139,171,0,171,310
10/08/2012,ARR,IL,AGL,CE,Towers with Radar,0,5,21,0,26,0,0,66,0,66,0,5,87,0,92,58,0,58,150
10/09/2012,ARR,IL,AGL,CE,Towers with Radar,0,3,13,0,16,0,0,43,0,43,0,3,56,0,59,9,0,9,68
10/10/2012,ARR,IL,AGL,CE,Towers with Radar,0,5,23,0,28,0,0,62,0,62,0,5,85,0,90,102,0,102,192
10/11/2012,ARR,IL,AGL,CE,Towers with Radar,0,1,26,0,27,0,0,49,0,49,0,1,75,0,76,63,0,63,139
10/12/2012,ARR,IL,AGL,CE,Towers with Radar,0,2,20,4,26,0,0,152,1,153,0,2,172,5,179,97,0,97,276
10/13/2012,ARR,IL,AGL,CE,Towers with Radar,0,5,8,0,13,0,0,5,0,5,0,5,13,0,18,12,0,12,30
10/14/2012,ARR,IL,AGL,CE,Towers with Radar,0,1,21,4,26,0,0,1,0,1,0,1,22,4,27,10,0,10,37
10/15/2012,ARR,IL,AGL,CE,Towers with Radar,0,4,29,0,33,0,0,88,1,89,0,4,117,1,122,96,0,96,218
10/16/2012,ARR,IL,AGL,CE,Towers with Radar,0,9,20,0,29,0,2,59,0,61,0,11,79,0,90,50,0,50,140
10/17/2012,ARR,IL,AGL,CE,Towers with Radar,0,0,39,0,39,0,0,48,1,49,0,0,87,1,88,39,0,39,127
10/18/2012,ARR,IL,AGL,CE,Towers with Radar,0,4,22,0,26,0,0,29,0,29,0,4,51,0,55,25,0,25,80
10/19/2012,ARR,IL,AGL,CE,Towers with Radar,0,0,32,0,32,0,0,24,0,24,0,0,56,0,56,66,0,66,122
10/20/2012,ARR,IL,AGL,CE,Towers with Radar,0,0,25,0,25,0,0,112,0,112,0,0,137,0,137,159,0,159,296
10/21/2012,ARR,IL,AGL,CE,Towers with Radar,0,2,25,0,27,0,0,247,1,248,0,2,272,1,275,132,0,132,407
10/22/2012,ARR,IL,AGL,CE,Towers with Radar,0,6,35,0,41,0,0,7,0,7,0,6,42,0,48,16,0,16,64
10/23/2012,ARR,IL,AGL,CE,Towers with Radar,0,0,36,0,36,0,0,17,0,17,0,0,53,0,53,84,0,84,137
10/24/2012,ARR,IL,AGL,CE,Towers with Radar,0,3,36,0,39,0,0,94,0,94,0,3,130,0,133,135,0,135,268
10/25/2012,ARR,IL,AGL,CE,Towers with Radar,0,1,28,0,29,0,0,17,0,17,0,1,45,0,46,6,0,6,52
10/26/2012,ARR,IL,AGL,CE,Towers with Radar,0,0,21,0,21,0,0,109,0,109,0,0,130,0,130,93,0,93,223
10/27/2012,ARR,IL,AGL,CE,Towers with Radar,0,0,12,0,12,0,0,144,0,144,0,0,156,0,156,166,0,166,322
10/28/2012,ARR,IL,AGL,CE,Towers with Radar,0,0,10,0,10,0,0,91,0,91,0,0,101,0,101,119,0,119,220
10/29/2012,ARR,IL,AGL,CE,Towers with Radar,0,5,10,0,15,0,0,65,0,65,0,5,75,0,80,91,0,91,171
10/30/2012,ARR,IL,AGL,CE,Towers with Radar,0,3,11,0,14,0,0,12,0,12,0,3,23,0,26,4,0,4,30
10/31/2012,ARR,IL,AGL,CE,Towers with Radar,0,3,13,0,16,0,0,46,1,47,0,3,59,1,63,34,0,34,97
11/01/2012,ARR,IL,AGL,CE,Towers with Radar,0,0,20,0,20,0,0,62,2,64,0,0,82,2,84,152,23,175,259
11/02/2012,ARR,IL,AGL,CE,Towers with Radar,0,2,28,4,34,0,0,135,0,135,0,2,163,4,169,98,0,98,267
11/03/2012,ARR,IL,AGL,CE,Towers with Radar,0,0,18,0,18,0,0,81,0,81,0,0,99,0,99,156,0,156,255
11/04/2012,ARR,IL,AGL,CE,Towers with Radar,0,3,22,4,29,0,0,110,0,110,0,3,132,4,139,261,0,261,400
11/05/2012,ARR,IL,AGL,CE,Towers with Radar,0,2,24,0,26,0,0,31,0,31,0,2,55,0,57,84,0,84,141
11/06/2012,ARR,IL,AGL,CE,Towers with Radar,0,7,23,0,30,0,0,5,0,5,0,7,28,0,35,10,0,10,45
11/07/2012,ARR,IL,AGL,CE,Towers with Radar,0,5,28,0,33,0,0,1,0,1,0,5,29,0,34,0,0,0,34
11/08/2012,ARR,IL,AGL,CE,Towers with Radar,0,2,34,0,36,0,0,60,0,60,0,2,94,0,96,76,0,76,172
11/09/2012,ARR,IL,AGL,CE,Towers with Radar,0,4,32,0,36,0,0,16,0,16,0,4,48,0,52,0,0,0,52
11/10/2012,ARR,IL,AGL,CE,Towers with Radar,0,0,11,0,11,0,0,45,0,45,0,0,56,0,56,69,0,69,125
11/11/2012,ARR,IL,AGL,CE,Towers with Radar,0,3,10,0,13,0,0,2,0,2,0,3,12,0,15,2,0,2,17
11/12/2012,ARR,IL,AGL,CE,Towers with Radar,0,1,21,0,22,0,0,48,2,50,0,1,69,2,72,22,2,24,96
11/13/2012,ARR,IL,AGL,CE,Towers with Radar,0,2,31,0,33,0,0,139,0,139,0,2,170,0,172,168,0,168,340
11/14/2012,ARR,IL,AGL,CE,Towers with Radar,0,0,34,0,34,0,0,84,0,84,0,0,118,0,118,103,0,103,221
11/15/2012,ARR,IL,AGL,CE,Towers with Radar,0,1,18,0,19,0,0,73,1,74,0,1,91,1,93,152,0,152,245
11/16/2012,ARR,IL,AGL,CE,Towers with Radar,0,2,19,0,21,0,0,119,0,119,0,2,138,0,140,140,0,140,280
11/17/2012,ARR,IL,AGL,CE,Towers with Radar,0,1,19,0,20,0,0,128,0,128,0,1,147,0,148,111,0,111,259
11/18/2012,ARR,IL,AGL,CE,Towers with Radar,0,1,10,0,11,0,0,119,0,119,0,1,129,0,130,178,0,178,308
11/19/2012,ARR,IL,AGL,CE,Towers with Radar,0,0,17,0,17,0,0,84,0,84,0,0,101,0,101,118,0,118,219
11/20/2012,ARR,IL,AGL,CE,Towers with Radar,0,3,28,0,31,0,3,46,0,49,0,6,74,0,80,73,0,73,153
11/21/2012,ARR,IL,AGL,CE,Towers with Radar,0,1,23,0,24,0,0,43,0,43,0,1,66,0,67,6,0,6,73
11/22/2012,ARR,IL,AGL,CE,Towers with Radar,0,0,5,0,5,0,0,3,0,3,0,0,8,0,8,12,0,12,20
11/23/2012,ARR,IL,AGL,CE,Towers with Radar,0,1,8,0,9,0,0,21,0,21,0,1,29,0,30,12,0,12,42
11/24/2012,ARR,IL,AGL,CE,Towers with Radar,0,2,20,0,22,0,0,82,0,82,0,2,102,0,104,74,0,74,178
11/25/2012,ARR,IL,AGL,CE,Towers with Radar,0,0,19,0,19,0,0,107,0,107,0,0,126,0,126,176,0,176,302
11/26/2012,ARR,IL,AGL,CE,Towers with Radar,0,1,19,0,20,0,0,86,0,86,0,1,105,0,106,57,0,57,163
11/27/2012,ARR,IL,AGL,CE,Towers with Radar,0,2,23,1,26,0,0,113,0,113,0,2,136,1,139,54,0,54,193
11/28/2012,ARR,IL,AGL,CE,Towers with Radar,0,0,34,0,34,0,2,126,0,128,0,2,160,0,162,124,0,124,286
11/29/2012,ARR,IL,AGL,CE,Towers with Radar,0,1,28,0,29,0,0,106,0,106,0,1,134,0,135,138,0,138,273
11/30/2012,ARR,IL,AGL,CE,Towers with Radar,0,1,26,4,31,0,0,90,0,90,0,1,116,4,121,118,0,118,239
12/01/2012,ARR,IL,AGL,CE,Towers with Radar,0,1,25,0,26,0,0,66,0,66,0,1,91,0,92,82,0,82,174
12/02/2012,ARR,IL,AGL,CE,Towers with Radar,0,1,11,4,16,0,0,44,0,44,0,1,55,4,60,143,0,143,203
12/03/2012,ARR,IL,AGL,CE,Towers with Radar,0,5,21,0,26,0,0,6,0,6,0,5,27,0,32,8,0,8,40
12/04/2012,ARR,IL,AGL,CE,Towers with Radar,0,2,19,0,21,0,0,73,0,73,0,2,92,0,94,82,0,82,176
12/05/2012,ARR,IL,AGL,CE,Towers with Radar,0,3,26,0,29,0,0,102,0,102,0,3,128,0,131,106,0,106,237
12/06/2012,ARR,IL,AGL,CE,Towers with Radar,0,0,21,0,21,0,0,95,0,95,0,0,116,0,116,112,0,112,228
12/07/2012,ARR,IL,AGL,CE,Towers with Radar,0,0,29,0,29,0,0,39,0,39,0,0,68,0,68,54,0,54,122
12/08/2012,ARR,IL,AGL,CE,Towers with Radar,0,1,23,0,24,0,0,19,0,19,0,1,42,0,43,86,0,86,129
12/09/2012,ARR,IL,AGL,CE,Towers with Radar,0,1,9,0,10,0,0,15,0,15,0,1,24,0,25,11,0,11,36
12/10/2012,ARR,IL,AGL,CE,Towers with Radar,0,2,13,0,15,0,0,0,0,0,0,2,13,0,15,4,0,4,19
12/11/2012,ARR,IL,AGL,CE,Towers with Radar,0,2,11,0,13,0,2,88,0,90,0,4,99,0,103,94,0,94,197
12/12/2012,ARR,IL,AGL,CE,Towers with Radar,0,3,37,1,41,0,0,107,1,108,0,3,144,2,149,126,0,126,275
12/13/2012,ARR,IL,AGL,CE,Towers with Radar,0,4,34,0,38,0,0,89,0,89,0,4,123,0,127,106,0,106,233
12/14/2012,ARR,IL,AGL,CE,Towers with Radar,0,3,10,0,13,0,0,72,2,74,0,3,82,2,87,96,0,96,183
12/15/2012,ARR,IL,AGL,CE,Towers with Radar,0,3,11,0,14,0,0,1,0,1,0,3,12,0,15,15,0,15,30
12/16/2012,ARR,IL,AGL,CE,Towers with Radar,0,2,24,0,26,0,0,0,0,0,0,2,24,0,26,6,0,6,32
12/17/2012,ARR,IL,AGL,CE,Towers with Radar,0,0,21,0,21,0,0,2,0,2,0,0,23,0,23,53,0,53,76
12/18/2012,ARR,IL,AGL,CE,Towers with Radar,0,2,9,0,11,0,0,7,0,7,0,2,16,0,18,59,0,59,77
12/19/2012,ARR,IL,AGL,CE,Towers with Radar,0,1,29,0,30,0,0,38,2,40,0,1,67,2,70,109,2,111,181
12/20/2012,ARR,IL,AGL,CE,Towers with Radar,0,3,11,0,14,0,0,0,0,0,0,3,11,0,14,0,0,0,14
12/21/2012,ARR,IL,AGL,CE,Towers with Radar,0,1,9,0,10,0,0,13,0,13,0,1,22,0,23,16,0,16,39
12/22/2012,ARR,IL,AGL,CE,Towers with Radar,0,3,15,0,18,0,0,117,0,117,0,3,132,0,135,95,0,95,230
12/23/2012,ARR,IL,AGL,CE,Towers with Radar,2,0,9,0,11,0,0,45,0,45,2,0,54,0,56,146,0,146,202
12/24/2012,ARR,IL,AGL,CE,Towers with Radar,0,0,6,0,6,0,0,4,0,4,0,0,10,0,10,15,0,15,25
12/25/2012,ARR,IL,AGL,CE,Towers with Radar,0,3,3,0,6,0,0,10,0,10,0,3,13,0,16,0,0,0,16
12/26/2012,ARR,IL,AGL,CE,Towers with Radar,0,1,6,0,7,0,0,19,0,19,0,1,25,0,26,7,0,7,33
12/27/2012,ARR,IL,AGL,CE,Towers with Radar,0,3,7,0,10,0,0,54,0,54,0,3,61,0,64,106,0,106,170
12/28/2012,ARR,IL,AGL,CE,Towers with Radar,0,3,8,0,11,0,0,4,0,4,0,3,12,0,15,2,0,2,17
12/29/2012,ARR,IL,AGL,CE,Towers with Radar,0,4,7,0,11,0,0,7,0,7,0,4,14,0,18,40,0,40,58
12/30/2012,ARR,IL,AGL,CE,Towers with Radar,0,1,13,0,14,0,0,90,0,90,0,1,103,0,104,131,0,131,235
12/31/2012,ARR,IL,AGL,CE,Towers with Radar,0,0,5,0,5,0,0,30,0,30,0,0,35,0,35,43,0,43,78
01/01/2013,ARR,IL,AGL,CE,Towers with Radar,0,1,5,0,6,0,0,57,0,57,0,1,62,0,63,52,0,52,115
01/02/2013,ARR,IL,AGL,CE,Towers with Radar,0,5,22,0,27,0,0,85,0,85,0,5,107,0,112,79,0,79,191
01/03/2013,ARR,IL,AGL,CE,Towers with Radar,0,4,13,0,17,0,0,41,0,41,0,4,54,0,58,57,0,57,115
01/04/2013,ARR,IL,AGL,CE,Towers with Radar,0,2,16,1,19,0,0,63,0,63,0,2,79,1,82,102,0,102,184
01/05/2013,ARR,IL,AGL,CE,Towers with Radar,0,0,14,0,14,0,0,97,0,97,0,0,111,0,111,89,0,89,200
01/06/2013,ARR,IL,AGL,CE,Towers with Radar,0,0,11,2,13,0,0,64,0,64,0,0,75,2,77,93,0,93,170
01/07/2013,ARR,IL,AGL,CE,Towers with Radar,0,1,15,0,16,0,0,59,0,59,0,1,74,0,75,179,0,179,254
01/08/2013,ARR,IL,AGL,CE,Towers with Radar,0,2,18,0,20,0,0,70,0,70,0,2,88,0,90,113,0,113,203
01/09/2013,ARR,IL,AGL,CE,Towers with Radar,0,2,17,0,19,0,0,66,1,67,0,2,83,1,86,72,0,72,158
01/10/2013,ARR,IL,AGL,CE,Towers with Radar,0,2,27,0,29,0,0,59,1,60,0,2,86,1,89,82,0,82,171
01/11/2013,ARR,IL,AGL,CE,Towers with Radar,0,2,14,2,18,0,0,12,0,12,0,2,26,2,30,5,0,5,35
01/12/2013,ARR,IL,AGL,CE,Towers with Radar,0,2,4,0,6,0,0,65,1,66,0,2,69,1,72,165,0,165,237
01/13/2013,ARR,IL,AGL,CE,Towers with Radar,0,1,6,2,9,0,2,5,0,7,0,3,11,2,16,55,0,55,71
01/14/2013,ARR,IL,AGL,CE,Towers with Radar,0,0,19,2,21,0,0,67,0,67,0,0,86,2,88,52,0,52,140
01/15/2013,ARR,IL,AGL,CE,Towers with Radar,0,0,14,0,14,0,0,89,0,89,0,0,103,0,103,205,0,205,308
01/16/2013,ARR,IL,AGL,CE,Towers with Radar,0,1,22,0,23,0,0,35,0,35,0,1,57,0,58,29,0,29,87
01/17/2013,ARR,IL,AGL,CE,Towers with Radar,0,1,21,0,22,0,0,86,0,86,0,1,107,0,108,172,0,172,280
01/18/2013,ARR,IL,AGL,CE,Towers with Radar,0,3,18,0,21,0,0,44,0,44,0,3,62,0,65,59,0,59,124
01/19/2013,ARR,IL,AGL,CE,Towers with Radar,0,1,11,0,12,0,0,48,0,48,0,1,59,0,60,76,0,76,136
01/20/2013,ARR,IL,AGL,CE,Towers with Radar,0,0,12,0,12,0,0,67,0,67,0,0,79,0,79,103,0,103,182
01/21/2013,ARR,IL,AGL,CE,Towers with Radar,0,3,18,0,21,0,0,22,0,22,0,3,40,0,43,7,0,7,50
01/22/2013,ARR,IL,AGL,CE,Towers with Radar,0,3,23,0,26,0,0,34,0,34,0,3,57,0,60,68,0,68,128
01/23/2013,ARR,IL,AGL,CE,Towers with Radar,1,2,16,0,19,0,0,23,0,23,1,2,39,0,42,28,0,28,70
01/24/2013,ARR,IL,AGL,CE,Towers with Radar,0,2,18,0,20,0,0,52,0,52,0,2,70,0,72,97,0,97,169
01/25/2013,ARR,IL,AGL,CE,Towers with Radar,0,5,17,0,22,0,0,9,0,9,0,5,26,0,31,23,0,23,54
01/26/2013,ARR,IL,AGL,CE,Towers with Radar,0,0,23,0,23,0,0,109,0,109,0,0,132,0,132,146,0,146,278
01/27/2013,ARR,IL,AGL,CE,Towers with Radar,0,0,3,0,3,0,0,14,0,14,0,0,17,0,17,9,0,9,26
01/28/2013,ARR,IL,AGL,CE,Towers with Radar,0,2,37,0,39,0,0,0,0,0,0,2,37,0,39,0,0,0,39
01/29/2013,ARR,IL,AGL,CE,Towers with Radar,0,2,27,0,29,0,0,0,0,0,0,2,27,0,29,0,0,0,29
01/30/2013,ARR,IL,AGL,CE,Towers with Radar,0,1,23,0,24,0,0,0,0,0,0,1,23,0,24,0,0,0,24
01/31/2013,ARR,IL,AGL,CE,Towers with Radar,0,3,33,0,36,0,0,7,0,7,0,3,40,0,43,25,0,25,68
02/01/2013,ARR,IL,AGL,CE,Towers with Radar,0,2,26,2,30,0,0,69,0,69,0,2,95,2,99,46,0,46,145
02/02/2013,ARR,IL,AGL,CE,Towers with Radar,0,0,4,0,4,0,0,6,0,6,0,0,10,0,10,64,0,64,74
02/03/2013,ARR,IL,AGL,CE,Towers with Radar,0,1,11,2,14,0,0,11,0,11,0,1,22,2,25,35,0,35,60
02/04/2013,ARR,IL,AGL,CE,Towers with Radar,0,3,32,0,35,0,0,9,0,9,0,3,41,0,44,0,0,0,44
02/05/2013,ARR,IL,AGL,CE,Towers with Radar,0,2,20,0,22,0,0,6,0,6,0,2,26,0,28,23,0,23,51
02/06/2013,ARR,IL,AGL,CE,Towers with Radar,0,1,29,0,30,0,0,92,0,92,0,1,121,0,122,257,0,257,379
02/07/2013,ARR,IL,AGL,CE,Towers with Radar,0,4,15,0,19,0,0,0,0,0,0,4,15,0,19,0,0,0,19
02/08/2013,ARR,IL,AGL,CE,Towers with Radar,0,1,11,2,14,0,0,16,0,16,0,1,27,2,30,8,0,8,38
02/09/2013,ARR,IL,AGL,CE,Towers with Radar,0,3,21,0,24,0,0,71,0,71,0,3,92,0,95,198,0,198,293
02/10/2013,ARR,IL,AGL,CE,Towers with Radar,0,1,1,2,4,0,0,0,0,0,0,1,1,2,4,0,0,0,4
02/11/2013,ARR,IL,AGL,CE,Towers with Radar,0,0,14,0,14,0,0,3,0,3,0,0,17,0,17,2,0,2,19
02/12/2013,ARR,IL,AGL,CE,Towers with Radar,1,1,22,0,24,1,0,45,0,46,2,1,67,0,70,146,0,146,216
02/13/2013,ARR,IL,AGL,CE,Towers with Radar,0,3,17,0,20,0,1,143,0,144,0,4,160,0,164,245,0,245,409
02/14/2013,ARR,IL,AGL,CE,Towers with Radar,0,5,15,0,20,0,0,23,0,23,0,5,38,0,43,4,0,4,47
02/15/2013,ARR,IL,AGL,CE,Towers with Radar,0,2,29,0,31,0,0,37,0,37,0,2,66,0,68,50,0,50,118
02/16/2013,ARR,IL,AGL,CE,Towers with Radar,0,4,5,0,9,0,0,63,0,63,0,4,68,0,72,173,0,173,245
02/17/2013,ARR,IL,AGL,CE,Towers with Radar,0,1,14,0,15,0,0,123,0,123,0,1,137,0,138,222,0,222,360
02/18/2013,ARR,IL,AGL,CE,Towers with Radar,0,0,15,1,16,0,0,22,0,22,0,0,37,1,38,93,0,93,131
02/19/2013,ARR,IL,AGL,CE,Towers with Radar,0,5,13,0,18,0,0,10,0,10,0,5,23,0,28,0,0,0,28
02/20/2013,ARR,IL,AGL,CE,Towers with Radar,0,3,33,4,40,0,1,81,0,82,0,4,114,4,122,119,0,119,241
02/21/2013,ARR,IL,AGL,CE,Towers with Radar,0,0,16,0,16,0,0,25,0,25,0,0,41,0,41,57,0,57,98
02/22/2013,ARR,IL,AGL,CE,Towers with Radar,0,1,11,0,12,0,0,1,0,1,0,1,12,0,13,0,0,0,13
02/23/2013,ARR,IL,AGL,CE,Towers with Radar,0,0,14,0,14,0,0,44,0,44,0,0,58,0,58,70,0,70,128
02/24/2013,ARR,IL,AGL,CE,Towers with Radar,0,0,25,0,25,0,0,155,1,156,0,0,180,1,181,296,0,296,477
02/25/2013,ARR,IL,AGL,CE,Towers with Radar,0,2,23,0,25,0,0,125,0,125,0,2,148,0,150,233,0,233,383
02/26/2013,ARR,IL,AGL,CE,Towers with Radar,0,0,5,0,5,0,0,0,0,0,0,0,5,0,5,0,0,0,5
02/27/2013,ARR,IL,AGL,CE,Towers with Radar,0,2,13,0,15,0,0,1,0,1,0,2,14,0,16,0,0,0,16
02/28/2013,ARR,IL,AGL,CE,Towers with Radar,0,3,24,0,27,0,1,15,0,16,0,4,39,0,43,36,0,36,79
03/01/2013,ARR,IL,AGL,CE,Towers with Radar,0,4,16,4,24,0,0,4,0,4,0,4,20,4,28,0,0,0,28
03/02/2013,ARR,IL,AGL,CE,Towers with Radar,0,0,19,0,19,0,0,83,0,83,0,0,102,0,102,157,0,157,259
03/03/2013,ARR,IL,AGL,CE,Towers with Radar,0,2,23,4,29,0,0,178,0,178,0,2,201,4,207,267,0,267,474
03/04/2013,ARR,IL,AGL,CE,Towers with Radar,0,1,25,0,26,0,0,52,0,52,0,1,77,0,78,88,0,88,166
03/05/2013,ARR,IL,AGL,CE,Towers with Radar,0,1,2,0,3,0,0,0,0,0,0,1,2,0,3,0,0,0,3
03/06/2013,ARR,IL,AGL,CE,Towers with Radar,0,1,8,0,9,0,0,8,0,8,0,1,16,0,17,19,0,19,36
03/07/2013,ARR,IL,AGL,CE,Towers with Radar,0,0,15,0,15,0,1,82,0,83,0,1,97,0,98,178,0,178,276
03/08/2013,ARR,IL,AGL,CE,Towers with Radar,0,1,21,0,22,0,0,129,0,129,0,1,150,0,151,264,0,264,415
03/09/2013,ARR,IL,AGL,CE,Towers with Radar,0,1,12,0,13,0,0,14,0,14,0,1,26,0,27,34,0,34,61
03/10/2013,ARR,IL,AGL,CE,Towers with Radar,0,0,22,0,22,0,0,3,0,3,0,0,25,0,25,2,0,2,27
03/11/2013,ARR,IL,AGL,CE,Towers with Radar,0,4,9,0,13,0,0,0,0,0,0,4,9,0,13,0,0,0,13
03/12/2013,ARR,IL,AGL,CE,Towers with Radar,0,5,17,0,22,0,0,43,0,43,0,5,60,0,65,104,0,104,169
03/13/2013,ARR,IL,AGL,CE,Towers with Radar,0,2,20,0,22,0,0,124,0,124,0,2,144,0,146,146,0,146,292
03/14/2013,ARR,IL,AGL,CE,Towers with Radar,0,1,28,0,29,0,0,33,0,33,0,1,61,0,62,31,0,31,93
03/15/2013,ARR,IL,AGL,CE,Towers with Radar,0,1,18,0,19,0,0,11,0,11,0,1,29,0,30,59,0,59,89
03/16/2013,ARR,IL,AGL,CE,Towers with Radar,0,0,11,0,11,0,0,9,0,9,0,0,20,0,20,58,0,58,78
03/17/2013,ARR,IL,AGL,CE,Towers with Radar,0,1,12,0,13,0,0,102,0,102,0,1,114,0,115,170,0,170,285
03/18/2013,ARR,IL,AGL,CE,Towers with Radar,0,0,15,0,15,0,0,0,0,0,0,0,15,0,15,0,0,0,15
03/19/2013,ARR,IL,AGL,CE,Towers with Radar,0,1,40,0,41,0,0,34,0,34,0,1,74,0,75,18,0,18,93
03/20/2013,ARR,IL,AGL,CE,Towers with Radar,0,4,31,0,35,0,0,56,0,56,0,4,87,0,91,24,0,24,115
03/21/2013,ARR,IL,AGL,CE,Towers with Radar,0,1,29,0,30,0,0,69,0,69,0,1,98,0,99,157,0,157,256
03/22/2013,ARR,IL,AGL,CE,Towers with Radar,0,3,38,1,42,0,0,129,0,129,0,3,167,1,171,138,0,138,309
03/23/2013,ARR,IL,AGL,CE,Towers with Radar,0,3,11,0,14,0,0,178,0,178,0,3,189,0,192,238,0,238,430
03/24/2013,ARR,IL,AGL,CE,Towers with Radar,0,2,3,0,5,0,0,13,0,13,0,2,16,0,18,35,0,35,53
03/25/2013,ARR,IL,AGL,CE,Towers with Radar,0,0,24,0,24,0,0,21,0,21,0,0,45,0,45,48,0,48,93
03/26/2013,ARR,IL,AGL,CE,Towers with Radar,0,2,20,0,22,0,0,77,0,77,0,2,97,0,99,120,0,120,219
03/27/2013,ARR,IL,AGL,CE,Towers with Radar,0,3,22,0,25,0,0,131,0,131,0,3,153,0,156,125,0,125,281
03/28/2013,ARR,IL,AGL,CE,Towers with Radar,0,0,22,0,22,0,0,108,0,108,0,0,130,0,130,115,0,115,245
03/29/2013,ARR,IL,AGL,CE,Towers with Radar,0,3,27,0,30,0,0,165,0,165,0,3,192,0,195,292,0,292,487
03/30/2013,ARR,IL,AGL,CE,Towers with Radar,0,0,22,0,22,0,0,109,0,109,0,0,131,0,131,166,0,166,297
03/31/2013,ARR,IL,AGL,CE,Towers with Radar,0,1,5,0,6,0,0,22,0,22,0,1,27,0,28,54,0,54,82
04/01/2013,ARR,IL,AGL,CE,Towers with Radar,0,3,25,1,29,0,0,61,1,62,0,3,86,2,91,54,0,54,145
04/02/2013,ARR,IL,AGL,CE,Towers with Radar,0,4,10,0,14,0,0,96,0,96,0,4,106,0,110,95,0,95,205
04/03/2013,ARR,IL,AGL,CE,Towers with Radar,0,5,17,0,22,0,0,111,0,111,0,5,128,0,133,46,0,46,179
04/04/2013,ARR,IL,AGL,CE,Towers with Radar,0,0,19,0,19,0,0,110,0,110,0,0,129,0,129,143,0,143,272
04/05/2013,ARR,IL,AGL,CE,Towers with Radar,0,2,15,4,21,0,0,110,0,110,0,2,125,4,131,126,0,126,257
04/06/2013,ARR,IL,AGL,CE,Towers with Radar,0,0,9,0,9,0,0,25,0,25,0,0,34,0,34,26,0,26,60
04/07/2013,ARR,IL,AGL,CE,Towers with Radar,0,2,25,2,29,0,0,133,0,133,0,2,158,2,162,174,0,174,336
04/08/2013,ARR,IL,AGL,CE,Towers with Radar,0,5,19,2,26,0,0,11,0,11,0,5,30,2,37,28,0,28,65
04/09/2013,ARR,IL,AGL,CE,Towers with Radar,0,2,30,0,32,0,0,7,0,7,0,2,37,0,39,0,0,0,39
04/10/2013,ARR,IL,AGL,CE,Towers with Radar,0,4,14,0,18,0,0,0,0,0,0,4,14,0,18,0,0,0,18
04/11/2013,ARR,IL,AGL,CE,Towers with Radar,0,10,24,0,34,0,0,0,0,0,0,10,24,0,34,0,0,0,34
04/12/2013,ARR,IL,AGL,CE,Towers with Radar,0,2,31,0,33,0,0,18,0,18,0,2,49,0,51,12,0,12,63
04/13/2013,ARR,IL,AGL,CE,Towers with Radar,0,0,4,0,4,0,0,20,0,20,0,0,24,0,24,135,0,135,159
04/14/2013,ARR,IL,AGL,CE,Towers with Radar,0,5,3,0,8,0,0,35,0,35,0,5,38,0,43,47,0,47,90
04/15/2013,ARR,IL,AGL,CE,Towers with Radar,0,4,25,0,29,0,0,22,0,22,0,4,47,0,51,39,0,39,90
04/16/2013,ARR,IL,AGL,CE,Towers with Radar,0,1,16,0,17,0,0,118,0,118,0,1,134,0,135,139,0,139,274
04/17/2013,ARR,IL,AGL,CE,Towers with Radar,0,2,23,0,25,0,0,1,0,1,0,2,24,0,26,0,0,0,26
04/18/2013,ARR,IL,AGL,CE,Towers with Radar,0,8,21,0,29,0,0,0,0,0,0,8,21,0,29,0,0,0,29
04/19/2013,ARR,IL,AGL,CE,Towers with Radar,0,5,15,0,20,0,0,3,4,7,0,5,18,4,27,0,0,0,27
04/20/2013,ARR,IL,AGL,CE,Towers with Radar,0,0,18,0,18,0,0,177,9,186,0,0,195,9,204,236,0,236,440
04/21/2013,ARR,IL,AGL,CE,Towers with Radar,0,3,20,0,23,0,0,132,3,135,0,3,152,3,158,259,0,259,417
04/22/2013,ARR,IL,AGL,CE,Towers with Radar,0,4,19,1,24,0,0,109,0,109,0,4,128,1,133,125,0,125,258
04/23/2013,ARR,IL,AGL,CE,Towers with Radar,0,1,25,0,26,0,0,16,0,16,0,1,41,0,42,34,0,34,76
04/24/2013,ARR,IL,AGL,CE,Towers with Radar,0,2,19,1,22,0,0,98,0,98,0,2,117,1,120,159,0,159,279
04/25/2013,ARR,IL,AGL,CE,Towers with Radar,0,0,22,0,22,0,0,62,0,62,0,0,84,0,84,105,0,105,189
04/26/2013,ARR,IL,AGL,CE,Towers with Radar,0,1,19,0,20,0,0,86,0,86,0,1,105,0,106,52,0,52,158
04/27/2013,ARR,IL,AGL,CE,Towers with Radar,0,0,15,0,15,0,0,139,0,139,0,0,154,0,154,165,0,165,319
04/28/2013,ARR,IL,AGL,CE,Towers with Radar,0,0,28,0,28,0,0,64,0,64,0,0,92,0,92,92,0,92,184
04/29/2013,ARR,IL,AGL,CE,Towers with Radar,0,3,22,0,25,0,0,103,0,103,0,3,125,0,128,89,0,89,217
04/30/2013,ARR,IL,AGL,CE,Towers with Radar,0,0,27,0,27,0,0,59,0,59,0,0,86,0,86,68,0,68,154
05/01/2013,ARR,IL,AGL,CE,Towers with Radar,0,2,46,2,50,0,0,84,0,84,0,2,130,2,134,92,0,92,226
05/02/2013,ARR,IL,AGL,CE,Towers with Radar,0,3,28,0,31,0,0,34,0,34,0,3,62,0,65,22,0,22,87
05/03/2013,ARR,IL,AGL,CE,Towers with Radar,0,5,31,2,38,0,0,1,0,1,0,5,32,2,39,0,0,0,39
05/04/2013,ARR,IL,AGL,CE,Towers with Radar,0,0,13,0,13,0,0,85,0,85,0,0,98,0,98,101,0,101,199
05/05/2013,ARR,IL,AGL,CE,Towers with Radar,0,2,19,4,25,0,0,134,0,134,0,2,153,4,159,254,0,254,413
05/06/2013,ARR,IL,AGL,CE,Towers with Radar,0,6,14,0,20,0,0,97,0,97,0,6,111,0,117,103,0,103,220
05/07/2013,ARR,IL,AGL,CE,Towers with Radar,0,4,28,0,32,0,0,133,0,133,0,4,161,0,165,124,0,124,289
05/08/2013,ARR,IL,AGL,CE,Towers with Radar,0,4,21,0,25,0,0,151,0,151,0,4,172,0,176,118,0,118,294
05/09/2013,ARR,IL,AGL,CE,Towers with Radar,0,2,23,0,25,0,0,31,0,31,0,2,54,0,56,34,0,34,90
05/10/2013,ARR,IL,AGL,CE,Towers with Radar,0,1,40,0,41,0,0,0,0,0,0,1,40,0,41,0,0,0,41
05/11/2013,ARR,IL,AGL,CE,Towers with Radar,0,1,9,0,10,0,0,45,0,45,0,1,54,0,55,49,0,49,104
05/12/2013,ARR,IL,AGL,CE,Towers with Radar,0,0,12,0,12,0,0,65,0,65,0,0,77,0,77,161,0,161,238
05/13/2013,ARR,IL,AGL,CE,Towers with Radar,0,0,33,0,33,0,0,128,0,128,0,0,161,0,161,130,0,130,291
05/14/2013,ARR,IL,AGL,CE,Towers with Radar,0,0,17,0,17,0,0,81,0,81,0,0,98,0,98,63,0,63,161
05/15/2013,ARR,IL,AGL,CE,Towers with Radar,0,1,25,0,26,0,2,88,0,90,0,3,113,0,116,114,0,114,230
05/16/2013,ARR,IL,AGL,CE,Towers with Radar,0,3,30,0,33,0,0,90,0,90,0,3,120,0,123,92,0,92,215
05/17/2013,ARR,IL,AGL,CE,Towers with Radar,0,0,34,2,36,0,1,58,10,69,0,1,92,12,105,102,0,102,207
05/18/2013,ARR,IL,AGL,CE,Towers with Radar,0,2,25,0,27,0,1,120,0,121,0,3,145,0,148,189,0,189,337
05/19/2013,ARR,IL,AGL,CE,Towers with Radar,0,2,18,0,20,0,0,166,0,166,0,2,184,0,186,239,0,239,425
05/20/2013,ARR,IL,AGL,CE,Towers with Radar,0,1,12,0,13,0,0,16,0,16,0,1,28,0,29,18,0,18,47
05/21/2013,ARR,IL,AGL,CE,Towers with Radar,0,2,13,0,15,0,0,53,0,53,0,2,66,0,68,88,0,88,156
05/22/2013,ARR,IL,AGL,CE,Towers with Radar,0,2,28,0,30,0,0,10,0,10,0,2,38,0,40,40,0,40,80
05/23/2013,ARR,IL,AGL,CE,Towers with Radar,0,2,31,0,33,0,0,13,0,13,0,2,44,0,46,0,0,0,46
05/24/2013,ARR,IL,AGL,CE,Towers with Radar,0,0,23,0,23,0,0,165,0,165,0,0,188,0,188,93,0,93,281
05/25/2013,ARR,IL,AGL,CE,Towers with Radar,0,4,13,0,17,0,0,50,0,50,0,4,63,0,67,113,0,113,180
05/26/2013,ARR,IL,AGL,CE,Towers with Radar,1,0,5,0,6,0,0,38,0,38,1,0,43,0,44,120,0,120,164
05/27/2013,ARR,IL,AGL,CE,Towers with Radar,0,2,14,0,16,0,0,0,0,0,0,2,14,0,16,39,0,39,55
05/28/2013,ARR,IL,AGL,CE,Towers with Radar,0,1,23,0,24,0,0,17,0,17,0,1,40,0,41,23,0,23,64
05/29/2013,ARR,IL,AGL,CE,Towers with Radar,0,2,37,1,40,0,0,36,1,37,0,2,73,2,77,92,0,92,169
05/30/2013,ARR,IL,AGL,CE,Towers with Radar,0,6,33,0,39,0,0,21,0,21,0,6,54,0,60,45,0,45,105
05/31/2013,ARR,IL,AGL,CE,Towers with Radar,0,1,25,4,30,0,0,21,0,21,0,1,46,4,51,91,0,91,142
06/01/2013,ARR,IL,AGL,CE,Towers with Radar,0,0,11,0,11,0,0,25,0,25,0,0,36,0,36,9,0,9,45
06/02/2013,ARR,IL,AGL,CE,Towers with Radar,0,1,29,4,34,0,0,41,0,41,0,1,70,4,75,103,0,103,178
06/03/2013,ARR,IL,AGL,CE,Towers with Radar,0,0,26,0,26,0,0,110,0,110,0,0,136,0,136,96,0,96,232
06/04/2013,ARR,IL,AGL,CE,Towers with Radar,0,3,22,0,25,0,3,88,0,91,0,6,110,0,116,199,0,199,315
06/05/2013,ARR,IL,AGL,CE,Towers with Radar,0,8,22,0,30,0,0,53,0,53,0,8,75,0,83,112,0,112,195
06/06/2013,ARR,IL,AGL,CE,Towers with Radar,0,6,32,0,38,0,0,29,0,29,0,6,61,0,67,141,0,141,208
06/07/2013,ARR,IL,AGL,CE,Towers with Radar,0,0,27,0,27,0,0,97,0,97,0,0,124,0,124,151,0,151,275
06/08/2013,ARR,IL,AGL,CE,Towers with Radar,0,2,11,0,13,0,0,133,0,133,0,2,144,0,146,175,0,175,321
06/09/2013,ARR,IL,AGL,CE,Towers with Radar,0,2,8,0,10,0,0,78,0,78,0,2,86,0,88,139,0,139,227
06/10/2013,ARR,IL,AGL,CE,Towers with Radar,0,5,17,0,22,0,0,73,0,73,0,5,90,0,95,88,0,88,183
06/11/2013,ARR,IL,AGL,CE,Towers with Radar,0,4,31,0,35,0,0,133,0,133,0,4,164,0,168,208,36,244,412
06/12/2013,ARR,IL,AGL,CE,Towers with Radar,0,4,20,0,24,0,0,29,0,29,0,4,49,0,53,109,0,109,162
06/13/2013,ARR,IL,AGL,CE,Towers with Radar,0,3,29,0,32,0,0,95,0,95,0,3,124,0,127,132,0,132,259
06/14/2013,ARR,IL,AGL,CE,Towers with Radar,0,3,26,0,29,0,0,145,0,145,0,3,171,0,174,160,0,160,334
06/15/2013,ARR,IL,AGL,CE,Towers with Radar,0,1,10,0,11,0,0,40,0,40,0,1,50,0,51,124,0,124,175
06/16/2013,ARR,IL,AGL,CE,Towers with Radar,0,2,25,0,27,0,0,65,0,65,0,2,90,0,92,65,0,65,157
06/17/2013,ARR,IL,AGL,CE,Towers with Radar,0,6,27,0,33,0,0,81,0,81,0,6,108,0,114,88,0,88,202
06/18/2013,ARR,IL,AGL,CE,Towers with Radar,0,0,39,1,40,0,0,95,2,97,0,0,134,3,137,132,0,132,269
06/19/2013,ARR,IL,AGL,CE,Towers with Radar,0,3,17,0,20,0,0,93,0,93,0,3,110,0,113,195,0,195,308
06/20/2013,ARR,IL,AGL,CE,Towers with Radar,0,5,30,0,35,0,0,120,2,122,0,5,150,2,157,112,0,112,269
06/21/2013,ARR,IL,AGL,CE,Towers with Radar,0,4,29,0,33,0,0,53,0,53,0,4,82,0,86,85,0,85,171
06/22/2013,ARR,IL,AGL,CE,Towers with Radar,0,0,12,0,12,0,0,36,0,36,0,0,48,0,48,87,0,87,135
06/23/2013,ARR,IL,AGL,CE,Towers with Radar,0,0,11,0,11,0,0,202,0,202,0,0,213,0,213,62,0,62,275
06/24/2013,ARR,IL,AGL,CE,Towers with Radar,0,1,18,0,19,0,0,32,0,32,0,1,50,0,51,45,0,45,96
06/25/2013,ARR,IL,AGL,CE,Towers with Radar,0,3,18,0,21,0,0,21,1,22,0,3,39,1,43,92,0,92,135
06/26/2013,ARR,IL,AGL,CE,Towers with Radar,1,7,31,0,39,0,0,52,0,52,1,7,83,0,91,167,0,167,258
06/27/2013,ARR,IL,AGL,CE,Towers with Radar,0,0,27,0,27,0,0,96,1,97,0,0,123,1,124,175,10,185,309
06/28/2013,ARR,IL,AGL,CE,Towers with Radar,0,2,5,0,7,0,0,89,2,91,0,2,94,2,98,131,0,131,229
06/29/2013,ARR,IL,AGL,CE,Towers with Radar,0,0,41,0,41,0,0,8,0,8,0,0,49,0,49,2,0,2,51
06/30/2013,ARR,IL,AGL,CE,Towers with Radar,1,0,33,0,34,1,0,145,0,146,2,0,178,0,180,103,0,103,283
07/01/2013,ARR,IL,AGL,CE,Towers with Radar,0,0,22,0,22,0,0,97,0,97,0,0,119,0,119,90,0,90,209
07/02/2013,ARR,IL,AGL,CE,Towers with Radar,0,2,17,0,19,0,0,80,0,80,0,2,97,0,99,104,0,104,203
07/03/2013,ARR,IL,AGL,CE,Towers with Radar,0,2,43,1,46,0,0,2,0,2,0,2,45,1,48,48,0,48,96
07/04/2013,ARR,IL,AGL,CE,Towers with Radar,0,0,8,1,9,0,0,92,0,92,0,0,100,1,101,45,0,45,146
07/05/2013,ARR,IL,AGL,CE,Towers with Radar,0,3,10,1,14,0,0,123,0,123,0,3,133,1,137,147,0,147,284
07/06/2013,ARR,IL,AGL,CE,Towers with Radar,0,2,32,0,34,0,0,117,0,117,0,2,149,0,151,122,0,122,273
07/07/2013,ARR,IL,AGL,CE,Towers with Radar,0,0,18,0,18,0,0,134,0,134,0,0,152,0,152,119,0,119,271
07/08/2013,ARR,IL,AGL,CE,Towers with Radar,0,2,27,0,29,0,0,38,0,38,0,2,65,0,67,67,0,67,134
07/09/2013,ARR,IL,AGL,CE,Towers with Radar,0,3,13,0,16,0,0,44,1,45,0,3,57,1,61,114,0,114,175
07/10/2013,ARR,IL,AGL,CE,Towers with Radar,0,6,30,0,36,0,1,114,1,116,0,7,144,1,152,201,0,201,353
07/11/2013,ARR,IL,AGL,CE,Towers with Radar,0,2,27,0,29,0,0,113,0,113,0,2,140,0,142,142,0,142,284
07/12/2013,ARR,IL,AGL,CE,Towers with Radar,0,6,10,2,18,0,0,110,0,110,0,6,120,2,128,231,0,231,359
07/13/2013,ARR,IL,AGL,CE,Towers with Radar,0,2,16,0,18,0,0,143,0,143,0,2,159,0,161,164,0,164,325
07/14/2013,ARR,IL,AGL,CE,Towers with Radar,0,3,18,2,23,0,1,121,0,122,0,4,139,2,145,155,0,155,300
07/15/2013,ARR,IL,AGL,CE,Towers with Radar,0,0,12,0,12,0,0,59,0,59,0,0,71,0,71,34,0,34,105
07/16/2013,ARR,IL,AGL,CE,Towers with Radar,0,3,22,0,25,0,0,105,0,105,0,3,127,0,130,128,0,128,258
07/17/2013,ARR,IL,AGL,CE,Towers with Radar,0,0,22,0,22,0,0,113,0,113,0,0,135,0,135,131,0,131,266
07/18/2013,ARR,IL,AGL,CE,Towers with Radar,0,1,29,0,30,0,0,69,1,70,0,1,98,1,100,56,0,56,156
07/19/2013,ARR,IL,AGL,CE,Towers with Radar,0,4,22,0,26,0,0,63,0,63,0,4,85,0,89,96,0,96,185
07/20/2013,ARR,IL,AGL,CE,Towers with Radar,0,3,9,0,12,0,0,115,1,116,0,3,124,1,128,99,0,99,227
07/21/2013,ARR,IL,AGL,CE,Towers with Radar,0,1,26,0,27,0,0,97,0,97,0,1,123,0,124,71,0,71,195
07/22/2013,ARR,IL,AGL,CE,Towers with Radar,0,1,19,0,20,0,0,73,0,73,0,1,92,0,93,173,0,173,266
07/23/2013,ARR,IL,AGL,CE,Towers with Radar,0,3,22,0,25,0,0,69,0,69,0,3,91,0,94,164,0,164,258
07/24/2013,ARR,IL,AGL,CE,Towers with Radar,0,3,25,0,28,0,0,95,0,95,0,3,120,0,123,127,0,127,250
07/25/2013,ARR,IL,AGL,CE,Towers with Radar,0,2,25,0,27,0,0,147,0,147,0,2,172,0,174,168,0,168,342
07/26/2013,ARR,IL,AGL,CE,Towers with Radar,0,0,15,0,15,0,0,33,0,33,0,0,48,0,48,86,0,86,134
07/27/2013,ARR,IL,AGL,CE,Towers with Radar,0,1,21,0,22,0,0,67,0,67,0,1,88,0,89,144,0,144,233
07/28/2013,ARR,IL,AGL,CE,Towers with Radar,0,3,26,0,29,0,0,93,0,93,0,3,119,0,122,146,0,146,268
07/29/2013,ARR,IL,AGL,CE,Towers with Radar,0,1,18,0,19,0,0,132,2,134,0,1,150,2,153,145,0,145,298
07/30/2013,ARR,IL,AGL,CE,Towers with Radar,0,1,20,0,21,0,0,60,0,60,0,1,80,0,81,76,0,76,157
07/31/2013,ARR,IL,AGL,CE,Towers with Radar,0,0,42,0,42,0,0,18,4,22,0,0,60,4,64,17,0,17,81
08/01/2013,ARR,IL,AGL,CE,Towers with Radar,0,5,21,0,26,0,0,99,0,99,0,5,120,0,125,83,0,83,208
08/02/2013,ARR,IL,AGL,CE,Towers with Radar,0,4,23,2,29,0,0,63,0,63,0,4,86,2,92,98,0,98,190
08/03/2013,ARR,IL,AGL,CE,Towers with Radar,0,0,11,0,11,0,0,93,0,93,0,0,104,0,104,76,0,76,180
08/04/2013,ARR,IL,AGL,CE,Towers with Radar,0,2,23,2,27,0,0,120,0,120,0,2,143,2,147,66,0,66,213
08/05/2013,ARR,IL,AGL,CE,Towers with Radar,0,1,31,0,32,0,0,41,0,41,0,1,72,0,73,35,0,35,108
08/06/2013,ARR,IL,AGL,CE,Towers with Radar,0,2,30,0,32,0,0,22,0,22,0,2,52,0,54,50,0,50,104
08/07/2013,ARR,IL,AGL,CE,Towers with Radar,0,5,24,0,29,0,0,67,3,70,0,5,91,3,99,94,0,94,193
08/08/2013,ARR,IL,AGL,CE,Towers with Radar,0,3,31,0,34,0,0,99,1,100,0,3,130,1,134,85,2,87,221
08/09/2013,ARR,IL,AGL,CE,Towers with Radar,0,1,19,0,20,0,0,127,0,127,0,1,146,0,147,176,0,176,323
08/10/2013,ARR,IL,AGL,CE,Towers with Radar,0,1,6,0,7,0,0,102,0,102,0,1,108,0,109,142,0,142,251
08/11/2013,ARR,IL,AGL,CE,Towers with Radar,0,3,24,0,27,0,0,132,0,132,0,3,156,0,159,135,0,135,294
08/12/2013,ARR,IL,AGL,CE,Towers with Radar,0,0,19,0,19,0,0,95,0,95,0,0,114,0,114,145,0,145,259
08/13/2013,ARR,IL,AGL,CE,Towers with Radar,0,5,16,0,21,0,0,75,0,75,0,5,91,0,96,33,0,33,129
08/14/2013,ARR,IL,AGL,CE,Towers with Radar,1,4,25,0,30,1,0,106,2,109,2,4,131,2,139,113,0,113,252
08/15/2013,ARR,IL,AGL,CE,Towers with Radar,0,2,26,0,28,0,0,146,0,146,0,2,172,0,174,101,0,101,275
08/16/2013,ARR,IL,AGL,CE,Towers with Radar,0,6,24,0,30,0,1,112,0,113,0,7,136,0,143,78,0,78,221
08/17/2013,ARR,IL,AGL,CE,Towers with Radar,0,2,10,0,12,0,0,140,0,140,0,2,150,0,152,158,0,158,310
08/18/2013,ARR,IL,AGL,CE,Towers with Radar,0,2,23,0,25,0,0,122,2,124,0,2,145,2,149,118,0,118,267
08/19/2013,ARR,IL,AGL,CE,Towers with Radar,0,3,36,0,39,0,0,66,0,66,0,3,102,0,105,104,0,104,209
08/20/2013,ARR,IL,AGL,CE,Towers with Radar,1,3,23,0,27,1,0,67,0,68,2,3,90,0,95,66,0,66,161
08/21/2013,ARR,IL,AGL,CE,Towers with Radar,0,6,33,0,39,0,0,88,0,88,0,6,121,0,127,42,0,42,169
08/22/2013,ARR,IL,AGL,CE,Towers with Radar,0,2,24,0,26,0,0,16,0,16,0,2,40,0,42,29,0,29,71
08/23/2013,ARR,IL,AGL,CE,Towers with Radar,0,1,15,0,16,0,0,103,0,103,0,1,118,0,119,48,0,48,167
08/24/2013,ARR,IL,AGL,CE,Towers with Radar,0,2,14,0,16,0,0,117,0,117,0,2,131,0,133,86,0,86,219
08/25/2013,ARR,IL,AGL,CE,Towers with Radar,0,1,14,0,15,0,0,238,0,238,0,1,252,0,253,85,0,85,338
08/26/2013,ARR,IL,AGL,CE,Towers with Radar,0,0,34,0,34,0,0,65,0,65,0,0,99,0,99,34,0,34,133
08/27/2013,ARR,IL,AGL,CE,Towers with Radar,0,0,20,0,20,0,0,89,0,89,0,0,109,0,109,102,0,102,211
08/28/2013,ARR,IL,AGL,CE,Towers with Radar,2,4,43,0,49,0,0,63,0,63,2,4,106,0,112,59,0,59,171
08/29/2013,ARR,IL,AGL,CE,Towers with Radar,0,5,34,0,39,0,0,63,0,63,0,5,97,0,102,67,0,67,169
08/30/2013,ARR,IL,AGL,CE,Towers with Radar,0,2,30,0,32,0,0,96,0,96,0,2,126,0,128,97,0,97,225
08/31/2013,ARR,IL,AGL,CE,Towers with Radar,0,3,24,0,27,0,0,74,0,74,0,3,98,0,101,88,0,88,189
09/01/2013,ARR,IL,AGL,CE,Towers with Radar,0,1,12,0,13,0,0,29,0,29,0,1,41,0,42,103,0,103,145
09/02/2013,ARR,IL,AGL,CE,Towers with Radar,1,5,29,0,35,0,0,124,0,124,1,5,153,0,159,115,0,115,274
09/03/2013,ARR,IL,AGL,CE,Towers with Radar,0,6,47,0,53,0,0,77,1,78,0,6,124,1,131,56,0,56,187
09/04/2013,ARR,IL,AGL,CE,Towers with Radar,1,7,27,0,35,0,0,86,0,86,1,7,113,0,121,55,0,55,176
09/05/2013,ARR,IL,AGL,CE,Towers with Radar,0,3,33,0,36,0,0,84,0,84,0,3,117,0,120,81,0,81,201
09/06/2013,ARR,IL,AGL,CE,Towers with Radar,1,2,25,2,30,0,0,86,0,86,1,2,111,2,116,61,0,61,177
09/07/2013,ARR,IL,AGL,CE,Towers with Radar,0,0,11,0,11,0,0,90,0,90,0,0,101,0,101,107,0,107,208
09/08/2013,ARR,IL,AGL,CE,Towers with Radar,0,2,30,2,34,0,0,42,0,42,0,2,72,2,76,106,0,106,182
09/09/2013,ARR,IL,AGL,CE,Towers with Radar,1,0,30,0,31,0,0,73,0,73,1,0,103,0,104,72,0,72,176
09/10/2013,ARR,IL,AGL,CE,Towers with Radar,0,1,27,0,28,0,0,92,1,93,0,1,119,1,121,107,0,107,228
09/11/2013,ARR,IL,AGL,CE,Towers with Radar,0,3,30,0,33,0,0,75,2,77,0,3,105,2,110,47,12,59,169
09/12/2013,ARR,IL,AGL,CE,Towers with Radar,0,1,31,0,32,0,0,67,0,67,0,1,98,0,99,81,2,83,182
09/13/2013,ARR,IL,AGL,CE,Towers with Radar,0,3,26,0,29,0,0,98,0,98,0,3,124,0,127,87,0,87,214
09/14/2013,ARR,IL,AGL,CE,Towers with Radar,0,1,19,0,20,0,0,143,0,143,0,1,162,0,163,180,0,180,343
09/15/2013,ARR,IL,AGL,CE,Towers with Radar,2,0,16,0,18,0,0,17,0,17,2,0,33,0,35,34,0,34,69
09/16/2013,ARR,IL,AGL,CE,Towers with Radar,0,0,25,0,25,0,0,60,0,60,0,0,85,0,85,79,0,79,164
09/17/2013,ARR,IL,AGL,CE,Towers with Radar,0,1,19,0,20,0,0,91,1,92,0,1,110,1,112,123,0,123,235
09/18/2013,ARR,IL,AGL,CE,Towers with Radar,0,2,22,0,24,0,0,50,0,50,0,2,72,0,74,51,0,51,125
09/19/2013,ARR,IL,AGL,CE,Towers with Radar,0,3,33,0,36,0,0,28,0,28,0,3,61,0,64,55,0,55,119
09/20/2013,ARR,IL,AGL,CE,Towers with Radar,0,3,15,0,18,0,0,20,0,20,0,3,35,0,38,30,0,30,68
09/21/2013,ARR,IL,AGL,CE,Towers with Radar,0,0,8,0,8,0,0,109,0,109,0,0,117,0,117,167,0,167,284
09/22/2013,ARR,IL,AGL,CE,Towers with Radar,0,2,14,0,16,0,0,200,0,200,0,2,214,0,216,170,0,170,386
09/23/2013,ARR,IL,AGL,CE,Towers with Radar,0,4,29,0,33,0,0,91,0,91,0,4,120,0,124,83,0,83,207
09/24/2013,ARR,IL,AGL,CE,Towers with Radar,0,2,24,0,26,0,0,102,0,102,0,2,126,0,128,40,0,40,168
09/25/2013,ARR,IL,AGL,CE,Towers with Radar,0,2,27,0,29,0,0,79,0,79,0,2,106,0,108,71,0,71,179
09/26/2013,ARR,IL,AGL,CE,Towers with Radar,0,2,25,0,27,0,0,118,0,118,0,2,143,0,145,76,0,76,221
09/27/2013,ARR,IL,AGL,CE,Towers with Radar,0,2,18,0,20,0,0,121,0,121,0,2,139,0,141,58,0,58,199
09/28/2013,ARR,IL,AGL,CE,Towers with Radar,0,0,5,0,5,0,0,56,0,56,0,0,61,0,61,74,0,74,135
09/29/2013,ARR,IL,AGL,CE,Towers with Radar,0,2,20,0,22,0,0,94,0,94,0,2,114,0,116,147,0,147,263
09/30/2013,ARR,IL,AGL,CE,Towers with Radar,0,6,31,0,37,0,1,76,0,77,0,7,107,0,114,93,0,93,207
10/01/2013,ARR,IL,AGL,CE,Towers with Radar,0,3,29,0,32,0,0,27,0,27,0,3,56,0,59,61,0,61,120
10/02/2013,ARR,IL,AGL,CE,Towers with Radar,0,0,27,0,27,0,0,109,0,109,0,0,136,0,136,175,0,175,311
10/03/2013,ARR,IL,AGL,CE,Towers with Radar,0,1,30,0,31,0,0,7,0,7,0,1,37,0,38,50,0,50,88
10/04/2013,ARR,IL,AGL,CE,Towers with Radar,0,1,36,0,37,0,0,14,0,14,0,1,50,0,51,49,0,49,100
10/05/2013,ARR,IL,AGL,CE,Towers with Radar,0,1,14,0,15,0,0,12,0,12,0,1,26,0,27,24,0,24,51
10/06/2013,ARR,IL,AGL,CE,Towers with Radar,0,2,17,0,19,0,0,85,0,85,0,2,102,0,104,149,0,149,253
10/07/2013,ARR,IL,AGL,CE,Towers with Radar,0,9,31,0,40,0,0,53,0,53,0,9,84,0,93,101,0,101,194
10/08/2013,ARR,IL,AGL,CE,Towers with Radar,0,4,22,0,26,0,0,126,0,126,0,4,148,0,152,144,0,144,296
10/09/2013,ARR,IL,AGL,CE,Towers with Radar,0,9,30,0,39,0,0,137,0,137,0,9,167,0,176,197,0,197,373
10/10/2013,ARR,IL,AGL,CE,Towers with Radar,0,0,26,0,26,0,0,110,0,110,0,0,136,0,136,95,0,95,231
10/11/2013,ARR,IL,AGL,CE,Towers with Radar,1,3,25,0,29,1,0,111,0,112,2,3,136,0,141,188,0,188,329
10/12/2013,ARR,IL,AGL,CE,Towers with Radar,0,3,24,0,27,0,0,24,0,24,0,3,48,0,51,75,0,75,126
10/13/2013,ARR,IL,AGL,CE,Towers with Radar,0,0,22,0,22,0,0,153,0,153,0,0,175,0,175,118,0,118,293
10/14/2013,ARR,IL,AGL,CE,Towers with Radar,2,2,22,0,26,0,0,106,0,106,2,2,128,0,132,206,0,206,338
10/15/2013,ARR,IL,AGL,CE,Towers with Radar,0,2,29,0,31,0,0,11,0,11,0,2,40,0,42,43,0,43,85
10/16/2013,ARR,IL,AGL,CE,Towers with Radar,0,7,32,0,39,0,0,40,0,40,0,7,72,0,79,125,0,125,204
10/17/2013,ARR,IL,AGL,CE,Towers with Radar,1,5,23,0,29,0,0,23,0,23,1,5,46,0,52,40,0,40,92
10/18/2013,ARR,IL,AGL,CE,Towers with Radar,0,5,43,0,48,0,0,32,0,32,0,5,75,0,80,43,0,43,123
10/19/2013,ARR,IL,AGL,CE,Towers with Radar,0,0,16,0,16,0,0,108,0,108,0,0,124,0,124,122,0,122,246
10/20/2013,ARR,IL,AGL,CE,Towers with Radar,0,3,30,0,33,0,0,67,0,67,0,3,97,0,100,154,0,154,254
10/21/2013,ARR,IL,AGL,CE,Towers with Radar,0,3,22,0,25,0,0,52,0,52,0,3,74,0,77,84,0,84,161
10/22/2013,ARR,IL,AGL,CE,Towers with Radar,0,6,24,0,30,0,0,23,0,23,0,6,47,0,53,16,0,16,69
10/23/2013,ARR,IL,AGL,CE,Towers with Radar,0,5,26,0,31,0,0,94,2,96,0,5,120,2,127,77,0,77,204
10/24/2013,ARR,IL,AGL,CE,Towers with Radar,0,3,26,1,30,0,0,101,0,101,0,3,127,1,131,161,0,161,292
10/25/2013,ARR,IL,AGL,CE,Towers with Radar,0,4,15,0,19,0,0,92,0,92,0,4,107,0,111,106,0,106,217
10/26/2013,ARR,IL,AGL,CE,Towers with Radar,0,1,10,0,11,0,0,43,0,43,0,1,53,0,54,44,0,44,98
10/27/2013,ARR,IL,AGL,CE,Towers with Radar,0,3,23,0,26,0,0,220,0,220,0,3,243,0,246,127,0,127,373
10/28/2013,ARR,IL,AGL,CE,Towers with Radar,0,2,31,0,33,0,0,90,0,90,0,2,121,0,123,99,0,99,222
10/29/2013,ARR,IL,AGL,CE,Towers with Radar,0,3,26,0,29,0,0,80,2,82,0,3,106,2,111,46,10,56,167
10/30/2013,ARR,IL,AGL,CE,Towers with Radar,0,7,41,0,48,0,0,0,0,0,0,7,41,0,48,0,0,0,48
10/31/2013,ARR,IL,AGL,CE,Towers with Radar,0,2,31,0,33,0,0,0,0,0,0,2,31,0,33,0,0,0,33
11/01/2013,ARR,IL,AGL,CE,Towers with Radar,0,2,26,4,32,0,0,44,0,44,0,2,70,4,76,88,0,88,164
11/02/2013,ARR,IL,AGL,CE,Towers with Radar,0,0,21,2,23,0,0,23,3,26,0,0,44,5,49,47,0,47,96
11/03/2013,ARR,IL,AGL,CE,Towers with Radar,0,4,17,2,23,0,0,171,0,171,0,4,188,2,194,163,0,163,357
11/04/2013,ARR,IL,AGL,CE,Towers with Radar,0,3,19,0,22,0,0,38,0,38,0,3,57,0,60,6,0,6,66
11/05/2013,ARR,IL,AGL,CE,Towers with Radar,0,3,40,0,43,0,0,20,0,20,0,3,60,0,63,60,0,60,123
11/06/2013,ARR,IL,AGL,CE,Towers with Radar,0,2,21,0,23,0,0,4,0,4,0,2,25,0,27,4,0,4,31
11/07/2013,ARR,IL,AGL,CE,Towers with Radar,0,1,17,0,18,0,0,82,0,82,0,1,99,0,100,108,0,108,208
11/08/2013,ARR,IL,AGL,CE,Towers with Radar,0,1,26,3,30,0,0,98,0,98,0,1,124,3,128,80,0,80,208
11/09/2013,ARR,IL,AGL,CE,Towers with Radar,0,5,11,0,16,0,0,13,0,13,0,5,24,0,29,5,0,5,34
11/10/2013,ARR,IL,AGL,CE,Towers with Radar,0,1,13,0,14,0,0,112,0,112,0,1,125,0,126,171,0,171,297
11/11/2013,ARR,IL,AGL,CE,Towers with Radar,0,2,11,0,13,0,0,12,0,12,0,2,23,0,25,23,0,23,48
11/12/2013,ARR,IL,AGL,CE,Towers with Radar,0,0,19,0,19,0,0,78,1,79,0,0,97,1,98,81,0,81,179
11/13/2013,ARR,IL,AGL,CE,Towers with Radar,0,1,19,0,20,0,0,80,0,80,0,1,99,0,100,54,0,54,154
11/14/2013,ARR,IL,AGL,CE,Towers with Radar,0,0,26,0,26,0,1,60,0,61,0,1,86,0,87,18,0,18,105
11/15/2013,ARR,IL,AGL,CE,Towers with Radar,0,2,26,0,28,0,0,112,0,112,0,2,138,0,140,128,0,128,268
11/16/2013,ARR,IL,AGL,CE,Towers with Radar,0,2,7,1,10,0,0,0,0,0,0,2,7,1,10,0,0,0,10
11/17/2013,ARR,IL,AGL,CE,Towers with Radar,0,2,8,0,10,0,0,3,0,3,0,2,11,0,13,0,0,0,13
11/18/2013,ARR,IL,AGL,CE,Towers with Radar,0,1,17,0,18,0,0,17,0,17,0,1,34,0,35,12,0,12,47
11/19/2013,ARR,IL,AGL,CE,Towers with Radar,0,5,31,0,36,0,0,123,0,123,0,5,154,0,159,125,0,125,284
11/20/2013,ARR,IL,AGL,CE,Towers with Radar,0,0,11,0,11,0,0,82,0,82,0,0,93,0,93,129,0,129,222
11/21/2013,ARR,IL,AGL,CE,Towers with Radar,0,4,17,0,21,0,0,17,0,17,0,4,34,0,38,2,0,2,40
11/22/2013,ARR,IL,AGL,CE,Towers with Radar,0,2,18,0,20,0,0,16,0,16,0,2,34,0,36,26,0,26,62
11/23/2013,ARR,IL,AGL,CE,Towers with Radar,0,4,7,0,11,0,0,38,0,38,0,4,45,0,49,33,0,33,82
11/24/2013,ARR,IL,AGL,CE,Towers with Radar,0,2,14,0,16,0,0,163,0,163,0,2,177,0,179,145,0,145,324
11/25/2013,ARR,IL,AGL,CE,Towers with Radar,0,3,9,0,12,0,0,8,0,8,0,3,17,0,20,31,0,31,51
11/26/2013,ARR,IL,AGL,CE,Towers with Radar,0,10,24,0,34,0,0,47,0,47,0,10,71,0,81,90,0,90,171
11/27/2013,ARR,IL,AGL,CE,Towers with Radar,0,2,6,0,8,0,0,69,0,69,0,2,75,0,77,79,0,79,156
11/28/2013,ARR,IL,AGL,CE,Towers with Radar,0,0,4,0,4,0,0,28,0,28,0,0,32,0,32,22,0,22,54
11/29/2013,ARR,IL,AGL,CE,Towers with Radar,0,0,14,0,14,0,0,93,0,93,0,0,107,0,107,67,0,67,174
11/30/2013,ARR,IL,AGL,CE,Towers with Radar,0,2,8,0,10,0,0,136,0,136,0,2,144,0,146,82,0,82,228
12/01/2013,ARR,IL,AGL,CE,Towers with Radar,0,4,18,0,22,0,0,86,0,86,0,4,104,0,108,105,0,105,213
12/02/2013,ARR,IL,AGL,CE,Towers with Radar,0,1,15,0,16,0,0,64,0,64,0,1,79,0,80,148,0,148,228
12/03/2013,ARR,IL,AGL,CE,Towers with Radar,0,8,8,0,16,0,0,0,0,0,0,8,8,0,16,0,0,0,16
12/04/2013,ARR,IL,AGL,CE,Towers with Radar,0,0,14,0,14,0,0,0,0,0,0,0,14,0,14,0,0,0,14
12/05/2013,ARR,IL,AGL,CE,Towers with Radar,0,1,31,0,32,0,0,58,2,60,0,1,89,2,92,63,0,63,155
12/06/2013,ARR,IL,AGL,CE,Towers with Radar,0,7,8,2,17,0,0,114,0,114,0,7,122,2,131,67,0,67,198
12/07/2013,ARR,IL,AGL,CE,Towers with Radar,0,0,5,0,5,0,0,44,0,44,0,0,49,0,49,138,0,138,187
12/08/2013,ARR,IL,AGL,CE,Towers with Radar,0,1,6,2,9,0,0,1,0,1,0,1,7,2,10,18,0,18,28
12/09/2013,ARR,IL,AGL,CE,Towers with Radar,0,3,18,0,21,0,0,29,0,29,0,3,47,0,50,33,0,33,83
12/10/2013,ARR,IL,AGL,CE,Towers with Radar,0,4,16,0,20,0,0,19,2,21,0,4,35,2,41,8,2,10,51
12/11/2013,ARR,IL,AGL,CE,Towers with Radar,0,4,17,0,21,0,0,21,0,21,0,4,38,0,42,34,0,34,76
12/12/2013,ARR,IL,AGL,CE,Towers with Radar,0,0,17,0,17,0,0,46,0,46,0,0,63,0,63,88,0,88,151
12/13/2013,ARR,IL,AGL,CE,Towers with Radar,0,1,13,0,14,0,0,63,0,63,0,1,76,0,77,113,0,113,190
12/14/2013,ARR,IL,AGL,CE,Towers with Radar,0,1,3,0,4,0,0,0,0,0,0,1,3,0,4,0,0,0,4
12/15/2013,ARR,IL,AGL,CE,Towers with Radar,0,0,8,0,8,0,0,38,0,38,0,0,46,0,46,77,0,77,123
12/16/2013,ARR,IL,AGL,CE,Towers with Radar,0,0,13,0,13,0,0,66,0,66,0,0,79,0,79,82,0,82,161
12/17/2013,ARR,IL,AGL,CE,Towers with Radar,0,3,25,0,28,0,0,18,0,18,0,3,43,0,46,30,0,30,76
12/18/2013,ARR,IL,AGL,CE,Towers with Radar,0,3,20,0,23,0,0,73,0,73,0,3,93,0,96,84,0,84,180
12/19/2013,ARR,IL,AGL,CE,Towers with Radar,0,3,17,0,20,0,0,19,0,19,0,3,36,0,39,3,0,3,42
12/20/2013,ARR,IL,AGL,CE,Towers with Radar,0,4,13,0,17,0,0,0,0,0,0,4,13,0,17,0,0,0,17
12/21/2013,ARR,IL,AGL,CE,Towers with Radar,0,4,7,0,11,0,0,0,0,0,0,4,7,0,11,0,0,0,11
12/22/2013,ARR,IL,AGL,CE,Towers with Radar,0,1,10,0,11,0,0,1,0,1,0,1,11,0,12,0,0,0,12
12/23/2013,ARR,IL,AGL,CE,Towers with Radar,0,2,11,0,13,0,0,17,0,17,0,2,28,0,30,18,0,18,48
12/24/2013,ARR,IL,AGL,CE,Towers with Radar,0,1,4,0,5,0,0,8,0,8,0,1,12,0,13,0,0,0,13
12/25/2013,ARR,IL,AGL,CE,Towers with Radar,0,2,1,0,3,0,0,0,0,0,0,2,1,0,3,0,0,0,3
12/26/2013,ARR,IL,AGL,CE,Towers with Radar,0,3,12,0,15,0,0,18,0,18,0,3,30,0,33,10,0,10,43
12/27/2013,ARR,IL,AGL,CE,Towers with Radar,0,0,8,1,9,0,0,56,0,56,0,0,64,1,65,39,0,39,104
12/28/2013,ARR,IL,AGL,CE,Towers with Radar,0,1,17,0,18,0,0,145,0,145,0,1,162,0,163,144,0,144,307
12/29/2013,ARR,IL,AGL,CE,Towers with Radar,0,0,4,0,4,0,0,0,0,0,0,0,4,0,4,24,0,24,28
12/30/2013,ARR,IL,AGL,CE,Towers with Radar,0,3,10,0,13,0,0,42,0,42,0,3,52,0,55,31,0,31,86
12/31/2013,ARR,IL,AGL,CE,Towers with Radar,0,0,16,0,16,0,0,7,0,7,0,0,23,0,23,44,0,44,67
01/01/2014,ARR,IL,AGL,CE,Towers with Radar,0,0,2,0,2,0,0,0,0,0,0,0,2,0,2,0,0,0,2
01/02/2014,ARR,IL,AGL,CE,Towers with Radar,0,1,4,0,5,0,0,7,0,7,0,1,11,0,12,8,0,8,20
01/03/2014,ARR,IL,AGL,CE,Towers with Radar,0,3,9,0,12,0,0,58,0,58,0,3,67,0,70,49,0,49,119
01/04/2014,ARR,IL,AGL,CE,Towers with Radar,0,1,8,0,9,0,0,4,0,4,0,1,12,0,13,0,0,0,13
01/05/2014,ARR,IL,AGL,CE,Towers with Radar,0,1,4,0,5,0,0,0,0,0,0,1,4,0,5,0,0,0,5
01/06/2014,ARR,IL,AGL,CE,Towers with Radar,0,3,5,0,8,0,0,2,0,2,0,3,7,0,10,4,0,4,14
01/07/2014,ARR,IL,AGL,CE,Towers with Radar,0,5,12,0,17,0,0,9,1,10,0,5,21,1,27,6,0,6,33
01/08/2014,ARR,IL,AGL,CE,Towers with Radar,0,4,14,0,18,0,0,39,0,39,0,4,53,0,57,14,0,14,71
01/09/2014,ARR,IL,AGL,CE,Towers with Radar,0,6,12,0,18,0,0,13,0,13,0,6,25,0,31,11,0,11,42
01/10/2014,ARR,IL,AGL,CE,Towers with Radar,0,1,8,2,11,0,0,0,0,0,0,1,8,2,11,0,0,0,11
01/11/2014,ARR,IL,AGL,CE,Towers with Radar,0,1,6,0,7,0,0,6,0,6,0,1,12,0,13,56,0,56,69
01/12/2014,ARR,IL,AGL,CE,Towers with Radar,0,1,20,2,23,0,0,20,0,20,0,1,40,2,43,165,0,165,208
01/13/2014,ARR,IL,AGL,CE,Towers with Radar,0,4,9,0,13,0,0,79,0,79,0,4,88,0,92,181,0,181,273
01/14/2014,ARR,IL,AGL,CE,Towers with Radar,0,1,11,1,13,0,0,0,0,0,0,1,11,1,13,0,0,0,13
01/15/2014,ARR,IL,AGL,CE,Towers with Radar,0,1,18,0,19,0,0,53,0,53,0,1,71,0,72,168,0,168,240
01/16/2014,ARR,IL,AGL,CE,Towers with Radar,0,2,15,0,17,0,0,0,0,0,0,2,15,0,17,0,0,0,17
01/17/2014,ARR,IL,AGL,CE,Towers with Radar,0,3,18,0,21,0,0,35,0,35,0,3,53,0,56,35,0,35,91
01/18/2014,ARR,IL,AGL,CE,Towers with Radar,0,2,4,0,6,0,0,0,0,0,0,2,4,0,6,0,0,0,6
01/19/2014,ARR,IL,AGL,CE,Towers with Radar,0,0,8,0,8,0,0,63,0,63,0,0,71,0,71,103,0,103,174
01/20/2014,ARR,IL,AGL,CE,Towers with Radar,0,2,17,0,19,0,0,56,0,56,0,2,73,0,75,240,0,240,315
01/21/2014,ARR,IL,AGL,CE,Towers with Radar,0,7,17,0,24,0,0,39,0,39,0,7,56,0,63,49,0,49,112
01/22/2014,ARR,IL,AGL,CE,Towers with Radar,0,14,14,0,28,0,0,4,0,4,0,14,18,0,32,0,0,0,32
01/23/2014,ARR,IL,AGL,CE,Towers with Radar,0,2,26,0,28,0,0,17,0,17,0,2,43,0,45,14,0,14,59
01/24/2014,ARR,IL,AGL,CE,Towers with Radar,0,2,17,0,19,0,0,10,0,10,0,2,27,0,29,0,0,0,29
01/25/2014,ARR,IL,AGL,CE,Towers with Radar,0,4,9,0,13,0,0,4,0,4,0,4,13,0,17,0,0,0,17
01/26/2014,ARR,IL,AGL,CE,Towers with Radar,0,0,6,0,6,0,0,11,0,11,0,0,17,0,17,6,0,6,23
01/27/2014,ARR,IL,AGL,CE,Towers with Radar,0,1,16,0,17,0,0,5,0,5,0,1,21,0,22,0,0,0,22
01/28/2014,ARR,IL,AGL,CE,Towers with Radar,0,1,15,0,16,0,0,7,0,7,0,1,22,0,23,0,0,0,23
01/29/2014,ARR,IL,AGL,CE,Towers with Radar,0,1,25,0,26,0,0,59,1,60,0,1,84,1,86,95,0,95,181
01/30/2014,ARR,IL,AGL,CE,Towers with Radar,0,3,22,0,25,0,0,4,0,4,0,3,26,0,29,0,0,0,29
01/31/2014,ARR,IL,AGL,CE,Towers with Radar,0,3,13,0,16,0,0,40,1,41,0,3,53,1,57,60,0,60,117
02/01/2014,ARR,IL,AGL,CE,Towers with Radar,0,1,2,0,3,0,0,0,0,0,0,1,2,0,3,0,0,0,3
02/02/2014,ARR,IL,AGL,CE,Towers with Radar,0,3,12,0,15,0,0,41,0,41,0,3,53,0,56,148,0,148,204
02/03/2014,ARR,IL,AGL,CE,Towers with Radar,0,1,13,0,14,0,0,64,0,64,0,1,77,0,78,67,0,67,145
02/04/2014,ARR,IL,AGL,CE,Towers with Radar,0,6,11,0,17,0,0,28,0,28,0,6,39,0,45,65,0,65,110
02/05/2014,ARR,IL,AGL,CE,Towers with Radar,0,0,16,0,16,0,0,12,0,12,0,0,28,0,28,36,0,36,64
02/06/2014,ARR,IL,AGL,CE,Towers with Radar,0,2,15,0,17,0,0,42,0,42,0,2,57,0,59,43,0,43,102
02/07/2014,ARR,IL,AGL,CE,Towers with Radar,0,1,14,2,17,0,0,34,0,34,0,1,48,2,51,97,0,97,148
02/08/2014,ARR,IL,AGL,CE,Towers with Radar,0,1,18,0,19,0,0,2,0,2,0,1,20,0,21,28,0,28,49
02/09/2014,ARR,IL,AGL,CE,Towers with Radar,0,0,10,2,12,0,0,48,1,49,0,0,58,3,61,92,1,93,154
02/10/2014,ARR,IL,AGL,CE,Towers with Radar,0,0,18,1,19,0,0,33,0,33,0,0,51,1,52,61,0,61,113
02/11/2014,ARR,IL,AGL,CE,Towers with Radar,0,1,17,0,18,0,0,42,0,42,0,1,59,0,60,58,0,58,118
02/12/2014,ARR,IL,AGL,CE,Towers with Radar,0,3,23,0,26,0,0,25,0,25,0,3,48,0,51,44,0,44,95
02/13/2014,ARR,IL,AGL,CE,Towers with Radar,0,1,26,0,27,0,0,51,0,51,0,1,77,0,78,37,0,37,115
02/14/2014,ARR,IL,AGL,CE,Towers with Radar,1,5,13,0,19,1,0,56,0,57,2,5,69,0,76,62,0,62,138
02/15/2014,ARR,IL,AGL,CE,Towers with Radar,0,5,9,0,14,0,0,44,0,44,0,5,53,0,58,156,0,156,214
02/16/2014,ARR,IL,AGL,CE,Towers with Radar,0,0,10,0,10,0,2,51,10,63,0,2,61,10,73,188,0,188,261
02/17/2014,ARR,IL,AGL,CE,Towers with Radar,0,3,10,0,13,0,0,0,0,0,0,3,10,0,13,0,0,0,13
02/18/2014,ARR,IL,AGL,CE,Towers with Radar,0,0,19,0,19,0,0,46,0,46,0,0,65,0,65,36,0,36,101
02/19/2014,ARR,IL,AGL,CE,Towers with Radar,0,3,21,0,24,0,0,106,0,106,0,3,127,0,130,155,0,155,285
02/20/2014,ARR,IL,AGL,CE,Towers with Radar,0,0,8,0,8,0,0,0,0,0,0,0,8,0,8,0,0,0,8
02/21/2014,ARR,IL,AGL,CE,Towers with Radar,0,4,14,0,18,0,0,0,0,0,0,4,14,0,18,0,0,0,18
02/22/2014,ARR,IL,AGL,CE,Towers with Radar,0,3,10,0,13,0,0,92,2,94,0,3,102,2,107,208,6,214,321
02/23/2014,ARR,IL,AGL,CE,Towers with Radar,0,2,6,0,8,0,0,76,0,76,0,2,82,0,84,169,0,169,253
02/24/2014,ARR,IL,AGL,CE,Towers with Radar,0,3,17,0,20,0,6,52,0,58,0,9,69,0,78,75,0,75,153
02/25/2014,ARR,IL,AGL,CE,Towers with Radar,0,6,16,0,22,0,0,41,0,41,0,6,57,0,63,39,0,39,102
02/26/2014,ARR,IL,AGL,CE,Towers with Radar,0,1,22,1,24,1,0,43,1,45,1,1,65,2,69,22,0,22,91
02/27/2014,ARR,IL,AGL,CE,Towers with Radar,0,1,20,0,21,0,0,25,0,25,0,1,45,0,46,23,0,23,69
02/28/2014,ARR,IL,AGL,CE,Towers with Radar,0,3,22,3,28,0,0,42,0,42,0,3,64,3,70,7,0,7,77
03/01/2014,ARR,IL,AGL,CE,Towers with Radar,0,0,5,0,5,0,0,26,0,26,0,0,31,0,31,71,0,71,102
03/02/2014,ARR,IL,AGL,CE,Towers with Radar,0,1,10,2,13,0,0,21,0,21,0,1,31,2,34,24,0,24,58
03/03/2014,ARR,IL,AGL,CE,Towers with Radar,0,5,11,0,16,0,0,33,0,33,0,5,44,0,49,104,0,104,153
03/04/2014,ARR,IL,AGL,CE,Towers with Radar,0,3,17,0,20,0,0,26,0,26,0,3,43,0,46,43,0,43,89
03/05/2014,ARR,IL,AGL,CE,Towers with Radar,0,0,14,0,14,0,0,6,0,6,0,0,20,0,20,14,0,14,34
03/06/2014,ARR,IL,AGL,CE,Towers with Radar,0,6,25,1,32,0,0,78,1,79,0,6,103,2,111,119,0,119,230
03/07/2014,ARR,IL,AGL,CE,Towers with Radar,0,2,16,0,18,0,0,64,0,64,0,2,80,0,82,105,0,105,187
03/08/2014,ARR,IL,AGL,CE,Towers with Radar,0,3,4,0,7,0,0,35,2,37,0,3,39,2,44,55,0,55,99
03/09/2014,ARR,IL,AGL,CE,Towers with Radar,0,3,17,0,20,0,0,88,0,88,0,3,105,0,108,154,0,154,262
03/10/2014,ARR,IL,AGL,CE,Towers with Radar,0,4,10,0,14,0,0,121,0,121,0,4,131,0,135,149,0,149,284
03/11/2014,ARR,IL,AGL,CE,Towers with Radar,0,1,14,0,15,0,0,45,0,45,0,1,59,0,60,37,0,37,97
03/12/2014,ARR,IL,AGL,CE,Towers with Radar,0,1,10,0,11,0,0,3,0,3,0,1,13,0,14,2,0,2,16
03/13/2014,ARR,IL,AGL,CE,Towers with Radar,0,1,18,0,19,0,0,66,2,68,0,1,84,2,87,46,4,50,137
03/14/2014,ARR,IL,AGL,CE,Towers with Radar,0,4,12,0,16,0,0,54,0,54,0,4,66,0,70,62,0,62,132
03/15/2014,ARR,IL,AGL,CE,Towers with Radar,0,2,8,0,10,0,2,138,0,140,0,4,146,0,150,152,0,152,302
03/16/2014,ARR,IL,AGL,CE,Towers with Radar,0,2,14,0,16,0,0,26,0,26,0,2,40,0,42,14,0,14,56
03/17/2014,ARR,IL,AGL,CE,Towers with Radar,0,0,14,0,14,0,0,146,0,146,0,0,160,0,160,198,0,198,358
03/18/2014,ARR,IL,AGL,CE,Towers with Radar,0,8,16,0,24,0,0,70,0,70,0,8,86,0,94,84,0,84,178
03/19/2014,ARR,IL,AGL,CE,Towers with Radar,0,1,20,0,21,0,0,1,0,1,0,1,21,0,22,0,0,0,22
03/20/2014,ARR,IL,AGL,CE,Towers with Radar,0,2,29,0,31,0,0,45,0,45,0,2,74,0,76,61,0,61,137
03/21/2014,ARR,IL,AGL,CE,Towers with Radar,0,4,17,0,21,0,0,57,0,57,0,4,74,0,78,61,0,61,139
03/22/2014,ARR,IL,AGL,CE,Towers with Radar,0,1,2,0,3,0,0,104,0,104,0,1,106,0,107,180,0,180,287
03/23/2014,ARR,IL,AGL,CE,Towers with Radar,0,0,20,0,20,0,0,98,0,98,0,0,118,0,118,176,0,176,294
03/24/2014,ARR,IL,AGL,CE,Towers with Radar,0,6,21,0,27,0,0,88,0,88,0,6,109,0,115,77,0,77,192
03/25/2014,ARR,IL,AGL,CE,Towers with Radar,0,7,24,0,31,0,0,18,0,18,0,7,42,0,49,12,0,12,61
03/26/2014,ARR,IL,AGL,CE,Towers with Radar,0,2,21,0,23,0,0,111,0,111,0,2,132,0,134,129,0,129,263
03/27/2014,ARR,IL,AGL,CE,Towers with Radar,0,2,10,0,12,0,0,1,0,1,0,2,11,0,13,8,0,8,21
03/28/2014,ARR,IL,AGL,CE,Towers with Radar,0,2,17,0,19,0,0,33,4,37,0,2,50,4,56,116,0,116,172
03/29/2014,ARR,IL,AGL,CE,Towers with Radar,0,1,27,0,28,0,0,56,4,60,0,1,83,4,88,114,0,114,202
03/30/2014,ARR,IL,AGL,CE,Towers with Radar,0,2,8,0,10,0,0,137,0,137,0,2,145,0,147,184,0,184,331
03/31/2014,ARR,IL,AGL,CE,Towers with Radar,0,2,11,0,13,0,0,42,0,42,0,2,53,0,55,2,0,2,57
04/01/2014,ARR,IL,AGL,CE,Towers with Radar,0,5,21,0,26,0,0,15,0,15,0,5,36,0,41,2,0,2,43
04/02/2014,ARR,IL,AGL,CE,Towers with Radar,1,4,15,1,21,0,0,45,0,45,1,4,60,1,66,82,0,82,148
04/03/2014,ARR,IL,AGL,CE,Towers with Radar,0,0,19,0,19,0,0,0,0,0,0,0,19,0,19,0,0,0,19
04/04/2014,ARR,IL,AGL,CE,Towers with Radar,0,3,28,2,33,0,0,3,0,3,0,3,31,2,36,0,0,0,36
04/05/2014,ARR,IL,AGL,CE,Towers with Radar,0,3,12,0,15,0,0,170,0,170,0,3,182,0,185,213,0,213,398
04/06/2014,ARR,IL,AGL,CE,Towers with Radar,0,1,9,2,12,0,0,101,0,101,0,1,110,2,113,206,0,206,319
04/07/2014,ARR,IL,AGL,CE,Towers with Radar,0,1,16,0,17,0,0,65,0,65,0,1,81,0,82,82,0,82,164
04/08/2014,ARR,IL,AGL,CE,Towers with Radar,0,7,20,2,29,0,0,63,0,63,0,7,83,2,92,126,0,126,218
04/09/2014,ARR,IL,AGL,CE,Towers with Radar,0,0,21,0,21,0,1,90,0,91,0,1,111,0,112,70,0,70,182
04/10/2014,ARR,IL,AGL,CE,Towers with Radar,0,0,10,0,10,0,0,62,0,62,0,0,72,0,72,49,0,49,121
04/11/2014,ARR,IL,AGL,CE,Towers with Radar,0,4,25,0,29,0,0,124,3,127,0,4,149,3,156,246,16,262,418
04/12/2014,ARR,IL,AGL,CE,Towers with Radar,0,1,6,2,9,0,0,58,1,59,0,1,64,3,68,90,0,90,158
04/13/2014,ARR,IL,AGL,CE,Towers with Radar,0,3,11,0,14,0,0,55,0,55,0,3,66,0,69,52,0,52,121
04/14/2014,ARR,IL,AGL,CE,Towers with Radar,0,0,14,0,14,0,0,0,0,0,0,0,14,0,14,0,0,0,14
04/15/2014,ARR,IL,AGL,CE,Towers with Radar,0,1,19,0,20,0,0,109,0,109,0,1,128,0,129,125,0,125,254
04/16/2014,ARR,IL,AGL,CE,Towers with Radar,0,0,27,1,28,0,0,44,2,46,0,0,71,3,74,42,0,42,116
04/17/2014,ARR,IL,AGL,CE,Towers with Radar,0,2,17,0,19,0,2,101,1,104,0,4,118,1,123,156,0,156,279
04/18/2014,ARR,IL,AGL,CE,Towers with Radar,0,2,17,0,19,0,0,141,1,142,0,2,158,1,161,128,0,128,289
04/19/2014,ARR,IL,AGL,CE,Towers with Radar,0,0,5,0,5,0,0,131,0,131,0,0,136,0,136,202,0,202,338
04/20/2014,ARR,IL,AGL,CE,Towers with Radar,0,1,8,0,9,0,0,39,0,39,0,1,47,0,48,110,0,110,158
04/21/2014,ARR,IL,AGL,CE,Towers with Radar,0,3,26,0,29,0,0,51,2,53,0,3,77,2,82,131,0,131,213
04/22/2014,ARR,IL,AGL,CE,Towers with Radar,0,3,21,1,25,0,0,95,2,97,0,3,116,3,122,54,8,62,184
04/23/2014,ARR,IL,AGL,CE,Towers with Radar,0,3,22,2,27,1,0,125,1,127,1,3,147,3,154,169,0,169,323
04/24/2014,ARR,IL,AGL,CE,Towers with Radar,0,3,20,2,25,0,0,27,0,27,0,3,47,2,52,27,0,27,79
04/25/2014,ARR,IL,AGL,CE,Towers with Radar,0,11,23,3,37,0,0,74,0,74,0,11,97,3,111,102,0,102,213
04/26/2014,ARR,IL,AGL,CE,Towers with Radar,0,1,6,0,7,0,0,141,0,141,0,1,147,0,148,217,0,217,365
04/27/2014,ARR,IL,AGL,CE,Towers with Radar,0,1,6,1,8,0,0,17,0,17,0,1,23,1,25,60,0,60,85
04/28/2014,ARR,IL,AGL,CE,Towers with Radar,0,0,17,0,17,0,0,2,0,2,0,0,19,0,19,0,0,0,19
04/29/2014,ARR,IL,AGL,CE,Towers with Radar,0,4,23,0,27,0,0,5,0,5,0,4,28,0,32,4,0,4,36
04/30/2014,ARR,IL,AGL,CE,Towers with Radar,0,6,23,0,29,0,0,16,0,16,0,6,39,0,45,22,0,22,67
05/01/2014,ARR,IL,AGL,CE,Towers with Radar,0,5,18,1,24,0,0,6,2,8,0,5,24,3,32,6,0,6,38
05/02/2014,ARR,IL,AGL,CE,Towers with Radar,0,4,9,3,16,0,0,36,0,36,0,4,45,3,52,113,6,119,171
05/03/2014,ARR,IL,AGL,CE,Towers with Radar,0,0,22,0,22,0,0,116,0,116,0,0,138,0,138,90,0,90,228
05/04/2014,ARR,IL,AGL,CE,Towers with Radar,0,4,23,3,30,0,0,103,0,103,0,4,126,3,133,313,0,313,446
05/05/2014,ARR,IL,AGL,CE,Towers with Radar,0,2,20,1,23,0,0,73,1,74,0,2,93,2,97,86,0,86,183
05/06/2014,ARR,IL,AGL,CE,Towers with Radar,0,6,17,0,23,0,0,72,2,74,0,6,89,2,97,76,2,78,175
05/07/2014,ARR,IL,AGL,CE,Towers with Radar,0,1,19,0,20,0,0,59,0,59,0,1,78,0,79,87,0,87,166
05/08/2014,ARR,IL,AGL,CE,Towers with Radar,1,1,27,0,29,2,0,57,2,61,3,1,84,2,90,55,0,55,145
05/09/2014,ARR,IL,AGL,CE,Towers with Radar,0,1,20,0,21,0,0,36,4,40,0,1,56,4,61,33,2,35,96
05/10/2014,ARR,IL,AGL,CE,Towers with Radar,0,4,33,0,37,0,0,180,0,180,0,4,213,0,217,250,0,250,467
05/11/2014,ARR,IL,AGL,CE,Towers with Radar,2,4,26,0,32,0,0,52,0,52,2,4,78,0,84,101,0,101,185
05/12/2014,ARR,IL,AGL,CE,Towers with Radar,0,5,27,0,32,0,0,29,1,30,0,5,56,1,62,48,0,48,110
05/13/2014,ARR,IL,AGL,CE,Towers with Radar,0,2,18,3,23,0,0,13,0,13,0,2,31,3,36,3,0,3,39
05/14/2014,ARR,IL,AGL,CE,Towers with Radar,0,3,44,0,47,0,0,83,0,83,0,3,127,0,130,113,0,113,243
05/15/2014,ARR,IL,AGL,CE,Towers with Radar,0,0,21,2,23,0,2,41,1,44,0,2,62,3,67,30,0,30,97
05/16/2014,ARR,IL,AGL,CE,Towers with Radar,0,3,14,0,17,0,0,6,0,6,0,3,20,0,23,2,0,2,25
05/17/2014,ARR,IL,AGL,CE,Towers with Radar,0,3,19,0,22,0,0,124,0,124,0,3,143,0,146,137,0,137,283
05/18/2014,ARR,IL,AGL,CE,Towers with Radar,0,2,18,0,20,0,0,322,0,322,0,2,340,0,342,235,0,235,577
05/19/2014,ARR,IL,AGL,CE,Towers with Radar,0,1,28,0,29,0,0,55,1,56,0,1,83,1,85,71,0,71,156
05/20/2014,ARR,IL,AGL,CE,Towers with Radar,0,1,16,2,19,0,2,76,0,78,0,3,92,2,97,52,0,52,149
05/21/2014,ARR,IL,AGL,CE,Towers with Radar,0,2,27,1,30,0,0,108,2,110,0,2,135,3,140,210,4,214,354
05/22/2014,ARR,IL,AGL,CE,Towers with Radar,0,0,36,1,37,0,0,99,1,100,0,0,135,2,137,62,0,62,199
05/23/2014,ARR,IL,AGL,CE,Towers with Radar,0,3,18,0,21,0,0,111,0,111,0,3,129,0,132,123,0,123,255
05/24/2014,ARR,IL,AGL,CE,Towers with Radar,0,0,16,0,16,0,0,135,0,135,0,0,151,0,151,251,0,251,402
05/25/2014,ARR,IL,AGL,CE,Towers with Radar,0,1,9,0,10,0,0,123,0,123,0,1,132,0,133,184,0,184,317
05/26/2014,ARR,IL,AGL,CE,Towers with Radar,0,0,19,0,19,0,0,73,0,73,0,0,92,0,92,116,0,116,208
05/27/2014,ARR,IL,AGL,CE,Towers with Radar,0,3,22,1,26,0,0,75,3,78,0,3,97,4,104,72,1,73,177
05/28/2014,ARR,IL,AGL,CE,Towers with Radar,0,1,23,1,25,0,0,58,1,59,0,1,81,2,84,86,0,86,170
05/29/2014,ARR,IL,AGL,CE,Towers with Radar,0,3,25,0,28,0,0,106,2,108,0,3,131,2,136,227,0,227,363
05/30/2014,ARR,IL,AGL,CE,Towers with Radar,0,4,17,0,21,0,0,140,0,140,0,4,157,0,161,188,0,188,349
05/31/2014,ARR,IL,AGL,CE,Towers with Radar,0,0,19,0,19,0,0,164,0,164,0,0,183,0,183,178,0,178,361
06/01/2014,ARR,IL,AGL,CE,Towers with Radar,0,2,9,0,11,0,0,90,0,90,0,2,99,0,101,130,0,130,231
06/02/2014,ARR,IL,AGL,CE,Towers with Radar,0,0,22,0,22,0,0,13,0,13,0,0,35,0,35,4,0,4,39
06/03/2014,ARR,IL,AGL,CE,Towers with Radar,0,3,44,1,48,0,0,92,2,94,0,3,136,3,142,127,0,127,269
06/04/2014,ARR,IL,AGL,CE,Towers with Radar,0,5,26,0,31,0,0,12,1,13,0,5,38,1,44,16,0,16,60
06/05/2014,ARR,IL,AGL,CE,Towers with Radar,0,0,27,1,28,0,0,126,1,127,0,0,153,2,155,130,0,130,285
06/06/2014,ARR,IL,AGL,CE,Towers with Radar,0,1,22,2,25,0,0,120,0,120,0,1,142,2,145,139,0,139,284
06/07/2014,ARR,IL,AGL,CE,Towers with Radar,0,1,9,1,11,0,0,138,0,138,0,1,147,1,149,48,0,48,197
06/08/2014,ARR,IL,AGL,CE,Towers with Radar,0,1,17,3,21,0,0,95,0,95,0,1,112,3,116,149,0,149,265
06/09/2014,ARR,IL,AGL,CE,Towers with Radar,0,3,16,1,20,1,0,78,0,79,1,3,94,1,99,52,0,52,151
06/10/2014,ARR,IL,AGL,CE,Towers with Radar,0,2,17,1,20,0,0,62,1,63,0,2,79,2,83,81,0,81,164
06/11/2014,ARR,IL,AGL,CE,Towers with Radar,0,0,16,0,16,0,0,0,0,0,0,0,16,0,16,0,0,0,16
06/12/2014,ARR,IL,AGL,CE,Towers with Radar,1,1,17,0,19,0,0,89,1,90,1,1,106,1,109,226,0,226,335
06/13/2014,ARR,IL,AGL,CE,Towers with Radar,0,2,17,0,19,0,0,133,0,133,0,2,150,0,152,99,0,99,251
06/14/2014,ARR,IL,AGL,CE,Towers with Radar,0,0,17,0,17,0,0,134,0,134,0,0,151,0,151,205,0,205,356
06/15/2014,ARR,IL,AGL,CE,Towers with Radar,0,3,12,0,15,0,0,47,0,47,0,3,59,0,62,47,0,47,109
06/16/2014,ARR,IL,AGL,CE,Towers with Radar,0,2,19,0,21,0,0,91,0,91,0,2,110,0,112,73,0,73,185
06/17/2014,ARR,IL,AGL,CE,Towers with Radar,0,0,19,0,19,0,0,45,0,45,0,0,64,0,64,49,0,49,113
06/18/2014,ARR,IL,AGL,CE,Towers with Radar,0,0,22,0,22,0,0,45,0,45,0,0,67,0,67,22,0,22,89
06/19/2014,ARR,IL,AGL,CE,Towers with Radar,0,8,20,0,28,0,0,17,0,17,0,8,37,0,45,45,0,45,90
06/20/2014,ARR,IL,AGL,CE,Towers with Radar,0,4,14,0,18,0,0,80,0,80,0,4,94,0,98,152,0,152,250
06/21/2014,ARR,IL,AGL,CE,Towers with Radar,0,4,19,0,23,0,0,52,0,52,0,4,71,0,75,125,0,125,200
06/22/2014,ARR,IL,AGL,CE,Towers with Radar,0,2,25,0,27,0,0,215,0,215,0,2,240,0,242,144,0,144,386
06/23/2014,ARR,IL,AGL,CE,Towers with Radar,0,2,19,0,21,0,0,51,0,51,0,2,70,0,72,133,0,133,205
06/24/2014,ARR,IL,AGL,CE,Towers with Radar,0,3,18,0,21,0,0,60,0,60,0,3,78,0,81,132,0,132,213
06/25/2014,ARR,IL,AGL,CE,Towers with Radar,0,3,30,0,33,0,0,65,0,65,0,3,95,0,98,68,0,68,166
06/26/2014,ARR,IL,AGL,CE,Towers with Radar,0,4,34,0,38,0,0,74,3,77,0,4,108,3,115,58,2,60,175
06/27/2014,ARR,IL,AGL,CE,Towers with Radar,0,4,21,0,25,0,0,97,0,97,0,4,118,0,122,108,0,108,230
06/28/2014,ARR,IL,AGL,CE,Towers with Radar,0,3,15,0,18,0,0,44,0,44,0,3,59,0,62,195,0,195,257
06/29/2014,ARR,IL,AGL,CE,Towers with Radar,2,2,16,0,20,0,0,67,0,67,2,2,83,0,87,178,0,178,265
06/30/2014,ARR,IL,AGL,CE,Towers with Radar,0,1,17,1,19,0,0,32,0,32,0,1,49,1,51,67,0,67,118
07/01/2014,ARR,IL,AGL,CE,Towers with Radar,0,4,21,0,25,0,0,81,0,81,0,4,102,0,106,83,0,83,189
07/02/2014,ARR,IL,AGL,CE,Towers with Radar,0,2,27,0,29,0,0,56,0,56,0,2,83,0,85,48,0,48,133
07/03/2014,ARR,IL,AGL,CE,Towers with Radar,0,4,13,2,19,0,0,127,0,127,0,4,140,2,146,164,0,164,310
07/04/2014,ARR,IL,AGL,CE,Towers with Radar,0,0,8,0,8,0,0,62,0,62,0,0,70,0,70,80,0,80,150
07/05/2014,ARR,IL,AGL,CE,Towers with Radar,0,0,12,0,12,0,2,62,0,64,0,2,74,0,76,153,0,153,229
07/06/2014,ARR,IL,AGL,CE,Towers with Radar,0,1,24,0,25,0,0,37,0,37,0,1,61,0,62,146,0,146,208
07/07/2014,ARR,IL,AGL,CE,Towers with Radar,0,2,21,0,23,0,0,82,0,82,0,2,103,0,105,105,0,105,210
07/08/2014,ARR,IL,AGL,CE,Towers with Radar,0,2,25,0,27,0,0,56,0,56,0,2,81,0,83,124,0,124,207
07/09/2014,ARR,IL,AGL,CE,Towers with Radar,0,2,36,0,38,0,0,141,0,141,0,2,177,0,179,160,0,160,339
07/10/2014,ARR,IL,AGL,CE,Towers with Radar,0,1,26,0,27,0,0,143,0,143,0,1,169,0,170,137,0,137,307
07/11/2014,ARR,IL,AGL,CE,Towers with Radar,0,1,21,2,24,0,0,110,0,110,0,1,131,2,134,88,0,88,222
07/12/2014,ARR,IL,AGL,CE,Towers with Radar,0,0,14,0,14,0,0,16,0,16,0,0,30,0,30,83,0,83,113
07/13/2014,ARR,IL,AGL,CE,Towers with Radar,0,2,20,2,24,0,0,100,0,100,0,2,120,2,124,203,0,203,327
07/14/2014,ARR,IL,AGL,CE,Towers with Radar,0,1,10,0,11,0,0,64,1,65,0,1,74,1,76,175,0,175,251
07/15/2014,ARR,IL,AGL,CE,Towers with Radar,0,2,18,0,20,0,0,42,0,42,0,2,60,0,62,40,0,40,102
07/16/2014,ARR,IL,AGL,CE,Towers with Radar,0,3,29,4,36,0,0,134,0,134,0,3,163,4,170,119,0,119,289
07/17/2014,ARR,IL,AGL,CE,Towers with Radar,0,4,35,0,39,0,2,111,0,113,0,6,146,0,152,128,0,128,280
07/18/2014,ARR,IL,AGL,CE,Towers with Radar,0,1,26,0,27,0,0,94,0,94,0,1,120,0,121,84,0,84,205
07/19/2014,ARR,IL,AGL,CE,Towers with Radar,2,2,16,0,20,0,0,109,0,109,2,2,125,0,129,112,0,112,241
07/20/2014,ARR,IL,AGL,CE,Towers with Radar,0,1,23,0,24,0,0,115,0,115,0,1,138,0,139,147,0,147,286
07/21/2014,ARR,IL,AGL,CE,Towers with Radar,0,6,19,0,25,0,3,115,1,119,0,9,134,1,144,98,0,98,242
07/22/2014,ARR,IL,AGL,CE,Towers with Radar,0,5,20,0,25,0,0,69,2,71,0,5,89,2,96,60,0,60,156
07/23/2014,ARR,IL,AGL,CE,Towers with Radar,0,5,32,1,38,1,0,78,1,80,1,5,110,2,118,54,0,54,172
07/24/2014,ARR,IL,AGL,CE,Towers with Radar,0,7,24,6,37,0,0,120,0,120,0,7,144,6,157,142,0,142,299
07/25/2014,ARR,IL,AGL,CE,Towers with Radar,0,8,14,0,22,0,0,61,2,63,0,8,75,2,85,141,0,141,226
07/26/2014,ARR,IL,AGL,CE,Towers with Radar,0,5,12,3,20,0,0,74,0,74,0,5,86,3,94,142,0,142,236
07/27/2014,ARR,IL,AGL,CE,Towers with Radar,0,1,24,0,25,0,0,93,0,93,0,1,117,0,118,116,0,116,234
07/28/2014,ARR,IL,AGL,CE,Towers with Radar,0,9,20,0,29,0,0,60,0,60,0,9,80,0,89,94,0,94,183
07/29/2014,ARR,IL,AGL,CE,Towers with Radar,0,3,16,0,19,0,0,66,2,68,0,3,82,2,87,79,8,87,174
07/30/2014,ARR,IL,AGL,CE,Towers with Radar,0,5,26,3,34,0,0,114,0,114,0,5,140,3,148,58,0,58,206
07/31/2014,ARR,IL,AGL,CE,Towers with Radar,0,3,19,1,23,0,0,105,0,105,0,3,124,1,128,105,0,105,233
08/01/2014,ARR,IL,AGL,CE,Towers with Radar,0,1,9,2,12,0,0,63,0,63,0,1,72,2,75,41,0,41,116
08/02/2014,ARR,IL,AGL,CE,Towers with Radar,0,2,29,1,32,0,0,105,0,105,0,2,134,1,137,136,0,136,273
08/03/2014,ARR,IL,AGL,CE,Towers with Radar,0,5,16,2,23,0,0,120,0,120,0,5,136,2,143,195,0,195,338
08/04/2014,ARR,IL,AGL,CE,Towers with Radar,0,2,28,1,31,0,0,63,0,63,0,2,91,1,94,131,0,131,225
08/05/2014,ARR,IL,AGL,CE,Towers with Radar,0,8,36,0,44,0,0,40,0,40,0,8,76,0,84,139,0,139,223
08/06/2014,ARR,IL,AGL,CE,Towers with Radar,0,8,31,0,39,0,0,103,0,103,0,8,134,0,142,56,0,56,198
08/07/2014,ARR,IL,AGL,CE,Towers with Radar,0,6,27,0,33,0,0,76,0,76,0,6,103,0,109,106,0,106,215
08/08/2014,ARR,IL,AGL,CE,Towers with Radar,0,2,17,0,19,0,0,112,0,112,0,2,129,0,131,88,0,88,219
08/09/2014,ARR,IL,AGL,CE,Towers with Radar,0,0,5,2,7,0,0,126,0,126,0,0,131,2,133,113,2,115,248
08/10/2014,ARR,IL,AGL,CE,Towers with Radar,0,2,18,0,20,0,0,123,0,123,0,2,141,0,143,152,0,152,295
08/11/2014,ARR,IL,AGL,CE,Towers with Radar,0,4,36,0,40,0,0,18,0,18,0,4,54,0,58,85,0,85,143
08/12/2014,ARR,IL,AGL,CE,Towers with Radar,0,1,36,0,37,0,0,27,1,28,0,1,63,1,65,101,0,101,166
08/13/2014,ARR,IL,AGL,CE,Towers with Radar,0,2,45,1,48,0,0,126,1,127,0,2,171,2,175,95,0,95,270
08/14/2014,ARR,IL,AGL,CE,Towers with Radar,0,3,33,0,36,0,0,74,0,74,0,3,107,0,110,70,0,70,180
08/15/2014,ARR,IL,AGL,CE,Towers with Radar,0,0,28,0,28,0,5,102,0,107,0,5,130,0,135,173,0,173,308
08/16/2014,ARR,IL,AGL,CE,Towers with Radar,0,0,18,0,18,0,0,55,0,55,0,0,73,0,73,203,0,203,276
08/17/2014,ARR,IL,AGL,CE,Towers with Radar,0,1,23,0,24,0,0,43,0,43,0,1,66,0,67,125,0,125,192
08/18/2014,ARR,IL,AGL,CE,Towers with Radar,0,3,15,0,18,0,0,32,0,32,0,3,47,0,50,32,0,32,82
08/19/2014,ARR,IL,AGL,CE,Towers with Radar,0,1,24,0,25,0,0,33,0,33,0,1,57,0,58,41,0,41,99
08/20/2014,ARR,IL,AGL,CE,Towers with Radar,0,1,23,0,24,0,0,72,0,72,0,1,95,0,96,132,0,132,228
08/21/2014,ARR,IL,AGL,CE,Towers with Radar,0,1,21,0,22,0,0,19,0,19,0,1,40,0,41,18,0,18,59
08/22/2014,ARR,IL,AGL,CE,Towers with Radar,0,3,29,0,32,0,0,60,1,61,0,3,89,1,93,124,0,124,217
08/23/2014,ARR,IL,AGL,CE,Towers with Radar,0,2,12,0,14,0,0,23,0,23,0,2,35,0,37,77,0,77,114
08/24/2014,ARR,IL,AGL,CE,Towers with Radar,0,3,22,0,25,0,0,117,0,117,0,3,139,0,142,166,0,166,308
08/25/2014,ARR,IL,AGL,CE,Towers with Radar,0,1,21,0,22,0,0,13,0,13,0,1,34,0,35,85,0,85,120
08/26/2014,ARR,IL,AGL,CE,Towers with Radar,0,0,17,0,17,0,0,38,0,38,0,0,55,0,55,67,0,67,122
08/27/2014,ARR,IL,AGL,CE,Towers with Radar,0,1,33,0,34,0,0,84,2,86,0,1,117,2,120,116,0,116,236
08/28/2014,ARR,IL,AGL,CE,Towers with Radar,0,4,26,0,30,0,0,76,0,76,0,4,102,0,106,64,0,64,170
08/29/2014,ARR,IL,AGL,CE,Towers with Radar,0,2,30,0,32,0,0,55,0,55,0,2,85,0,87,150,0,150,237
08/30/2014,ARR,IL,AGL,CE,Towers with Radar,0,0,7,0,7,0,0,35,0,35,0,0,42,0,42,33,0,33,75
08/31/2014,ARR,IL,AGL,CE,Towers with Radar,0,1,25,0,26,0,0,106,0,106,0,1,131,0,132,157,0,157,289
09/01/2014,ARR,IL,AGL,CE,Towers with Radar,0,2,16,0,18,0,0,43,0,43,0,2,59,0,61,40,0,40,101
09/02/2014,ARR,IL,AGL,CE,Towers with Radar,0,2,28,0,30,0,0,55,7,62,0,2,83,7,92,81,16,97,189
09/03/2014,ARR,IL,AGL,CE,Towers with Radar,0,6,25,0,31,0,0,114,0,114,0,6,139,0,145,90,0,90,235
09/04/2014,ARR,IL,AGL,CE,Towers with Radar,0,2,14,0,16,0,0,29,0,29,0,2,43,0,45,81,0,81,126
09/05/2014,ARR,IL,AGL,CE,Towers with Radar,0,6,13,0,19,0,0,40,0,40,0,6,53,0,59,101,0,101,160
09/06/2014,ARR,IL,AGL,CE,Towers with Radar,0,3,20,0,23,0,1,147,0,148,0,4,167,0,171,151,0,151,322
09/07/2014,ARR,IL,AGL,CE,Towers with Radar,0,0,15,0,15,0,0,148,1,149,0,0,163,1,164,219,0,219,383
09/08/2014,ARR,IL,AGL,CE,Towers with Radar,0,0,25,0,25,0,4,97,0,101,0,4,122,0,126,79,0,79,205
09/09/2014,ARR,IL,AGL,CE,Towers with Radar,0,8,22,0,30,0,0,49,1,50,0,8,71,1,80,9,0,9,89
09/10/2014,ARR,IL,AGL,CE,Towers with Radar,0,2,20,1,23,0,0,3,0,3,0,2,23,1,26,30,0,30,56
09/11/2014,ARR,IL,AGL,CE,Towers with Radar,0,1,29,1,31,0,0,46,0,46,0,1,75,1,77,44,0,44,121
09/12/2014,ARR,IL,AGL,CE,Towers with Radar,0,2,29,2,33,0,0,18,0,18,0,2,47,2,51,66,0,66,117
09/13/2014,ARR,IL,AGL,CE,Towers with Radar,0,1,22,0,23,0,0,89,0,89,0,1,111,0,112,146,0,146,258
09/14/2014,ARR,IL,AGL,CE,Towers with Radar,0,4,18,2,24,0,0,103,0,103,0,4,121,2,127,149,0,149,276
09/15/2014,ARR,IL,AGL,CE,Towers with Radar,0,0,21,0,21,0,0,25,0,25,0,0,46,0,46,15,0,15,61
09/16/2014,ARR,IL,AGL,CE,Towers with Radar,0,4,30,1,35,0,0,127,0,127,0,4,157,1,162,111,0,111,273
09/17/2014,ARR,IL,AGL,CE,Towers with Radar,0,1,24,0,25,0,1,121,0,122,0,2,145,0,147,139,0,139,286
09/18/2014,ARR,IL,AGL,CE,Towers with Radar,0,2,34,0,36,0,0,65,0,65,0,2,99,0,101,57,0,57,158
09/19/2014,ARR,IL,AGL,CE,Towers with Radar,0,4,16,0,20,0,0,60,0,60,0,4,76,0,80,53,0,53,133
09/20/2014,ARR,IL,AGL,CE,Towers with Radar,0,0,3,0,3,0,0,23,0,23,0,0,26,0,26,94,0,94,120
09/21/2014,ARR,IL,AGL,CE,Towers with Radar,0,0,13,0,13,0,0,32,0,32,0,0,45,0,45,22,0,22,67
09/22/2014,ARR,IL,AGL,CE,Towers with Radar,0,5,16,0,21,0,0,101,0,101,0,5,117,0,122,86,0,86,208
09/23/2014,ARR,IL,AGL,CE,Towers with Radar,0,4,21,0,25,0,0,86,0,86,0,4,107,0,111,113,0,113,224
09/24/2014,ARR,IL,AGL,CE,Towers with Radar,0,1,30,0,31,0,0,111,0,111,0,1,141,0,142,108,0,108,250
09/25/2014,ARR,IL,AGL,CE,Towers with Radar,0,2,20,0,22,0,0,69,0,69,0,2,89,0,91,60,0,60,151
09/26/2014,ARR,IL,AGL,CE,Towers with Radar,0,2,14,0,16,0,0,98,0,98,0,2,112,0,114,33,0,33,147
09/27/2014,ARR,IL,AGL,CE,Towers with Radar,0,2,6,3,11,0,0,161,0,161,0,2,167,3,172,181,0,181,353
09/28/2014,ARR,IL,AGL,CE,Towers with Radar,0,1,9,0,10,0,0,323,0,323,0,1,332,0,333,82,0,82,415
09/29/2014,ARR,IL,AGL,CE,Towers with Radar,0,0,19,0,19,0,0,36,0,36,0,0,55,0,55,12,0,12,67
09/30/2014,ARR,IL,AGL,CE,Towers with Radar,0,7,23,0,30,0,0,40,0,40,0,7,63,0,70,18,0,18,88
10/01/2014,ARR,IL,AGL,CE,Towers with Radar,0,2,26,0,28,0,0,53,0,53,0,2,79,0,81,55,0,55,136
10/02/2014,ARR,IL,AGL,CE,Towers with Radar,0,2,22,0,24,0,0,16,0,16,0,2,38,0,40,52,0,52,92
10/03/2014,ARR,IL,AGL,CE,Towers with Radar,0,3,15,2,20,0,0,19,0,19,0,3,34,2,39,6,0,6,45
10/04/2014,ARR,IL,AGL,CE,Towers with Radar,0,2,4,0,6,0,0,1,0,1,0,2,5,0,7,19,0,19,26
10/05/2014,ARR,IL,AGL,CE,Towers with Radar,0,4,11,2,17,0,0,112,0,112,0,4,123,2,129,79,0,79,208
10/06/2014,ARR,IL,AGL,CE,Towers with Radar,0,5,15,0,20,0,0,46,0,46,0,5,61,0,66,14,0,14,80
10/07/2014,ARR,IL,AGL,CE,Towers with Radar,0,4,16,0,20,0,0,34,0,34,0,4,50,0,54,71,0,71,125
10/08/2014,ARR,IL,AGL,CE,Towers with Radar,0,1,19,0,20,0,0,58,0,58,0,1,77,0,78,38,0,38,116
10/09/2014,ARR,IL,AGL,CE,Towers with Radar,0,3,14,0,17,0,0,114,0,114,0,3,128,0,131,73,0,73,204
10/10/2014,ARR,IL,AGL,CE,Towers with Radar,0,3,16,0,19,0,0,106,0,106,0,3,122,0,125,127,0,127,252
10/11/2014,ARR,IL,AGL,CE,Towers with Radar,0,3,11,0,14,0,0,141,0,141,0,3,152,0,155,140,0,140,295
10/12/2014,ARR,IL,AGL,CE,Towers with Radar,0,3,17,0,20,0,0,92,0,92,0,3,109,0,112,110,0,110,222
10/13/2014,ARR,IL,AGL,CE,Towers with Radar,0,4,22,0,26,0,0,0,0,0,0,4,22,0,26,21,0,21,47
10/14/2014,ARR,IL,AGL,CE,Towers with Radar,0,1,27,0,28,0,0,11,0,11,0,1,38,0,39,0,0,0,39
10/15/2014,ARR,IL,AGL,CE,Towers with Radar,0,9,45,0,54,0,0,1,0,1,0,9,46,0,55,0,0,0,55
10/16/2014,ARR,IL,AGL,CE,Towers with Radar,0,5,29,0,34,0,0,8,0,8,0,5,37,0,42,27,0,27,69
10/17/2014,ARR,IL,AGL,CE,Towers with Radar,0,6,21,0,27,0,0,54,0,54,0,6,75,0,81,62,0,62,143
10/18/2014,ARR,IL,AGL,CE,Towers with Radar,0,0,10,0,10,0,1,76,0,77,0,1,86,0,87,151,0,151,238
10/19/2014,ARR,IL,AGL,CE,Towers with Radar,0,3,12,0,15,0,0,72,0,72,0,3,84,0,87,107,0,107,194
10/20/2014,ARR,IL,AGL,CE,Towers with Radar,0,7,25,2,34,0,0,26,0,26,0,7,51,2,60,19,0,19,79
10/21/2014,ARR,IL,AGL,CE,Towers with Radar,0,4,12,0,16,0,0,50,0,50,0,4,62,0,66,138,0,138,204
10/22/2014,ARR,IL,AGL,CE,Towers with Radar,0,3,14,0,17,0,0,103,0,103,0,3,117,0,120,85,0,85,205
10/23/2014,ARR,IL,AGL,CE,Towers with Radar,0,2,18,0,20,0,0,40,0,40,0,2,58,0,60,59,0,59,119
10/24/2014,ARR,IL,AGL,CE,Towers with Radar,0,3,18,0,21,0,1,76,0,77,0,4,94,0,98,84,0,84,182
10/25/2014,ARR,IL,AGL,CE,Towers with Radar,0,1,8,0,9,0,2,79,0,81,0,3,87,0,90,118,0,118,208
10/26/2014,ARR,IL,AGL,CE,Towers with Radar,0,4,14,0,18,0,0,277,0,277,0,4,291,0,295,100,0,100,395
10/27/2014,ARR,IL,AGL,CE,Towers with Radar,0,5,12,0,17,0,0,57,0,57,0,5,69,0,74,49,0,49,123
10/28/2014,ARR,IL,AGL,CE,Towers with Radar,0,3,18,0,21,0,0,45,2,47,0,3,63,2,68,26,0,26,94
10/29/2014,ARR,IL,AGL,CE,Towers with Radar,0,4,30,0,34,0,0,51,0,51,0,4,81,0,85,80,0,80,165
10/30/2014,ARR,IL,AGL,CE,Towers with Radar,0,3,15,0,18,0,0,75,2,77,0,3,90,2,95,74,0,74,169
10/31/2014,ARR,IL,AGL,CE,Towers with Radar,0,2,9,2,13,0,0,14,0,14,0,2,23,2,27,2,0,2,29
11/01/2014,ARR,IL,AGL,CE,Towers with Radar,0,1,14,0,15,0,0,72,1,73,0,1,86,1,88,53,8,61,149
11/02/2014,ARR,IL,AGL,CE,Towers with Radar,0,3,18,2,23,0,0,123,1,124,0,3,141,3,147,103,0,103,250
11/03/2014,ARR,IL,AGL,CE,Towers with Radar,0,3,12,0,15,0,0,30,0,30,0,3,42,0,45,0,0,0,45
11/04/2014,ARR,IL,AGL,CE,Towers with Radar,0,3,15,0,18,0,0,14,0,14,0,3,29,0,32,29,0,29,61
11/05/2014,ARR,IL,AGL,CE,Towers with Radar,0,0,15,1,16,0,0,79,1,80,0,0,94,2,96,103,0,103,199
11/06/2014,ARR,IL,AGL,CE,Towers with Radar,0,2,15,2,19,0,0,0,0,0,0,2,15,2,19,0,0,0,19
11/07/2014,ARR,IL,AGL,CE,Towers with Radar,0,7,20,3,30,0,0,86,0,86,0,7,106,3,116,168,0,168,284
11/08/2014,ARR,IL,AGL,CE,Towers with Radar,0,1,7,0,8,0,0,28,0,28,0,1,35,0,36,49,0,49,85
11/09/2014,ARR,IL,AGL,CE,Towers with Radar,0,4,12,0,16,0,0,71,0,71,0,4,83,0,87,99,0,99,186
11/10/2014,ARR,IL,AGL,CE,Towers with Radar,0,2,21,0,23,0,0,30,0,30,0,2,51,0,53,28,0,28,81
11/11/2014,ARR,IL,AGL,CE,Towers with Radar,0,1,19,0,20,0,0,2,0,2,0,1,21,0,22,10,0,10,32
11/12/2014,ARR,IL,AGL,CE,Towers with Radar,1,5,25,0,31,0,0,44,0,44,1,5,69,0,75,113,0,113,188
11/13/2014,ARR,IL,AGL,CE,Towers with Radar,0,2,30,3,35,0,0,35,0,35,0,2,65,3,70,36,0,36,106
11/14/2014,ARR,IL,AGL,CE,Towers with Radar,0,0,9,0,9,0,0,50,0,50,0,0,59,0,59,99,0,99,158
11/15/2014,ARR,IL,AGL,CE,Towers with Radar,0,1,15,0,16,0,0,126,0,126,0,1,141,0,142,153,0,153,295
11/16/2014,ARR,IL,AGL,CE,Towers with Radar,0,2,3,0,5,0,0,0,0,0,0,2,3,0,5,14,0,14,19
11/17/2014,ARR,IL,AGL,CE,Towers with Radar,1,5,6,0,12,0,0,20,0,20,1,5,26,0,32,2,0,2,34
11/18/2014,ARR,IL,AGL,CE,Towers with Radar,0,4,20,0,24,0,0,14,0,14,0,4,34,0,38,5,0,5,43
11/19/2014,ARR,IL,AGL,CE,Towers with Radar,0,7,13,0,20,0,0,9,0,9,0,7,22,0,29,0,0,0,29
11/20/2014,ARR,IL,AGL,CE,Towers with Radar,0,4,16,0,20,0,0,49,0,49,0,4,65,0,69,21,0,21,90
11/21/2014,ARR,IL,AGL,CE,Towers with Radar,0,3,15,1,19,0,1,77,1,79,0,4,92,2,98,89,0,89,187
11/22/2014,ARR,IL,AGL,CE,Towers with Radar,0,1,12,0,13,0,0,21,0,21,0,1,33,0,34,0,0,0,34
11/23/2014,ARR,IL,AGL,CE,Towers with Radar,0,1,19,1,21,0,0,1,0,1,0,1,20,1,22,30,0,30,52
11/24/2014,ARR,IL,AGL,CE,Towers with Radar,2,1,6,0,9,0,0,0,0,0,2,1,6,0,9,0,0,0,9
11/25/2014,ARR,IL,AGL,CE,Towers with Radar,0,5,23,0,28,0,0,40,0,40,0,5,63,0,68,20,0,20,88
11/26/2014,ARR,IL,AGL,CE,Towers with Radar,0,5,22,0,27,0,0,14,0,14,0,5,36,0,41,86,0,86,127
11/27/2014,ARR,IL,AGL,CE,Towers with Radar,0,0,2,0,2,0,0,10,0,10,0,0,12,0,12,23,0,23,35
11/28/2014,ARR,IL,AGL,CE,Towers with Radar,0,3,15,0,18,0,0,29,0,29,0,3,44,0,47,31,0,31,78
11/29/2014,ARR,IL,AGL,CE,Towers with Radar,0,4,18,0,22,0,0,56,0,56,0,4,74,0,78,184,0,184,262
11/30/2014,ARR,IL,AGL,CE,Towers with Radar,0,3,19,0,22,0,0,0,0,0,0,3,19,0,22,0,0,0,22
12/01/2014,ARR,IL,AGL,CE,Towers with Radar,0,4,14,0,18,0,0,58,0,58,0,4,72,0,76,20,0,20,96
12/02/2014,ARR,IL,AGL,CE,Towers with Radar,0,1,12,0,13,0,0,48,0,48,0,1,60,0,61,59,0,59,120
12/03/2014,ARR,IL,AGL,CE,Towers with Radar,0,4,12,0,16,0,0,72,0,72,0,4,84,0,88,78,0,78,166
12/04/2014,ARR,IL,AGL,CE,Towers with Radar,0,2,17,0,19,0,1,73,1,75,0,3,90,1,94,153,5,158,252
12/05/2014,ARR,IL,AGL,CE,Towers with Radar,0,5,17,4,26,0,0,0,0,0,0,5,17,4,26,0,0,0,26
12/06/2014,ARR,IL,AGL,CE,Towers with Radar,0,0,15,0,15,0,0,34,0,34,0,0,49,0,49,67,0,67,116
12/07/2014,ARR,IL,AGL,CE,Towers with Radar,0,1,10,4,15,0,1,121,0,122,0,2,131,4,137,122,0,122,259
12/08/2014,ARR,IL,AGL,CE,Towers with Radar,0,2,16,1,19,0,0,0,0,0,0,2,16,1,19,0,0,0,19
12/09/2014,ARR,IL,AGL,CE,Towers with Radar,0,0,22,0,22,0,0,19,0,19,0,0,41,0,41,29,0,29,70
12/10/2014,ARR,IL,AGL,CE,Towers with Radar,0,6,24,0,30,0,0,46,0,46,0,6,70,0,76,123,0,123,199
12/11/2014,ARR,IL,AGL,CE,Towers with Radar,0,5,16,0,21,0,0,6,2,8,0,5,22,2,29,4,0,4,33
12/12/2014,ARR,IL,AGL,CE,Towers with Radar,0,1,8,0,9,0,0,0,0,0,0,1,8,0,9,0,0,0,9
12/13/2014,ARR,IL,AGL,CE,Towers with Radar,0,0,13,0,13,0,0,0,0,0,0,0,13,0,13,0,0,0,13
12/14/2014,ARR,IL,AGL,CE,Towers with Radar,0,0,18,0,18,0,0,0,0,0,0,0,18,0,18,0,0,0,18
12/15/2014,ARR,IL,AGL,CE,Towers with Radar,0,6,22,0,28,0,0,0,0,0,0,6,22,0,28,0,0,0,28
12/16/2014,ARR,IL,AGL,CE,Towers with Radar,0,2,12,0,14,0,0,1,0,1,0,2,13,0,15,0,0,0,15
12/17/2014,ARR,IL,AGL,CE,Towers with Radar,0,3,17,0,20,0,0,62,2,64,0,3,79,2,84,118,0,118,202
12/18/2014,ARR,IL,AGL,CE,Towers with Radar,0,5,24,2,31,0,2,53,3,58,0,7,77,5,89,92,6,98,187
12/19/2014,ARR,IL,AGL,CE,Towers with Radar,0,1,23,0,24,0,0,46,0,46,0,1,69,0,70,84,0,84,154
12/20/2014,ARR,IL,AGL,CE,Towers with Radar,0,5,5,0,10,0,0,71,0,71,0,5,76,0,81,167,0,167,248
12/21/2014,ARR,IL,AGL,CE,Towers with Radar,0,2,16,0,18,0,0,14,0,14,0,2,30,0,32,64,0,64,96
12/22/2014,ARR,IL,AGL,CE,Towers with Radar,0,4,11,0,15,0,0,12,0,12,0,4,23,0,27,11,0,11,38
12/23/2014,ARR,IL,AGL,CE,Towers with Radar,0,5,15,0,20,0,1,49,0,50,0,6,64,0,70,110,0,110,180
12/24/2014,ARR,IL,AGL,CE,Towers with Radar,0,0,3,0,3,0,0,0,0,0,0,0,3,0,3,0,0,0,3
12/25/2014,ARR,IL,AGL,CE,Towers with Radar,0,3,5,0,8,0,0,4,0,4,0,3,9,0,12,0,0,0,12
12/26/2014,ARR,IL,AGL,CE,Towers with Radar,0,6,14,0,20,0,0,81,0,81,0,6,95,0,101,59,0,59,160
12/27/2014,ARR,IL,AGL,CE,Towers with Radar,0,3,6,0,9,0,0,0,0,0,0,3,6,0,9,0,0,0,9
12/28/2014,ARR,IL,AGL,CE,Towers with Radar,0,3,5,0,8,0,0,114,0,114,0,3,119,0,122,127,0,127,249
12/29/2014,ARR,IL,AGL,CE,Towers with Radar,0,2,15,0,17,0,0,113,0,113,0,2,128,0,130,87,0,87,217
12/30/2014,ARR,IL,AGL,CE,Towers with Radar,0,2,19,0,21,0,0,54,0,54,0,2,73,0,75,38,0,38,113
12/31/2014,ARR,IL,AGL,CE,Towers with Radar,0,1,10,1,12,0,0,20,0,20,0,1,30,1,32,0,0,0,32
01/01/2015,ARR,IL,AGL,CE,Towers with Radar,0,1,4,0,5,0,0,21,0,21,0,1,25,0,26,11,0,11,37
01/02/2015,ARR,IL,AGL,CE,Towers with Radar,0,3,16,0,19,0,0,129,6,135,0,3,145,6,154,120,0,120,274
01/03/2015,ARR,IL,AGL,CE,Towers with Radar,0,3,6,0,9,0,0,0,0,0,0,3,6,0,9,0,0,0,9
01/04/2015,ARR,IL,AGL,CE,Towers with Radar,0,7,8,0,15,0,0,0,0,0,0,7,8,0,15,0,0,0,15
01/05/2015,ARR,IL,AGL,CE,Towers with Radar,0,2,10,0,12,0,0,26,0,26,0,2,36,0,38,2,0,2,40
01/06/2015,ARR,IL,AGL,CE,Towers with Radar,0,1,10,0,11,0,0,11,0,11,0,1,21,0,22,7,0,7,29
01/07/2015,ARR,IL,AGL,CE,Towers with Radar,0,1,8,0,9,0,0,5,0,5,0,1,13,0,14,0,0,0,14
01/08/2015,ARR,IL,AGL,CE,Towers with Radar,0,4,12,0,16,0,0,3,0,3,0,4,15,0,19,0,0,0,19
01/09/2015,ARR,IL,AGL,CE,Towers with Radar,0,1,7,2,10,0,0,1,0,1,0,1,8,2,11,0,0,0,11
01/10/2015,ARR,IL,AGL,CE,Towers with Radar,0,3,5,0,8,0,0,36,1,37,0,3,41,1,45,16,8,24,69
01/11/2015,ARR,IL,AGL,CE,Towers with Radar,0,4,9,2,15,0,0,44,0,44,0,4,53,2,59,104,0,104,163
01/12/2015,ARR,IL,AGL,CE,Towers with Radar,0,2,10,0,12,0,0,16,0,16,0,2,26,0,28,15,0,15,43
01/13/2015,ARR,IL,AGL,CE,Towers with Radar,0,0,14,0,14,0,0,25,2,27,0,0,39,2,41,12,12,24,65
01/14/2015,ARR,IL,AGL,CE,Towers with Radar,0,0,20,2,22,0,0,25,0,25,0,0,45,2,47,28,0,28,75
01/15/2015,ARR,IL,AGL,CE,Towers with Radar,0,3,22,0,25,0,0,59,0,59,0,3,81,0,84,53,0,53,137
01/16/2015,ARR,IL,AGL,CE,Towers with Radar,0,5,12,2,19,0,0,92,0,92,0,5,104,2,111,90,0,90,201
01/17/2015,ARR,IL,AGL,CE,Towers with Radar,0,0,10,0,10,0,0,30,0,30,0,0,40,0,40,71,0,71,111
01/18/2015,ARR,IL,AGL,CE,Towers with Radar,0,0,13,0,13,0,0,63,0,63,0,0,76,0,76,141,0,141,217
01/19/2015,ARR,IL,AGL,CE,Towers with Radar,0,2,15,0,17,0,0,97,0,97,0,2,112,0,114,96,0,96,210
01/20/2015,ARR,IL,AGL,CE,Towers with Radar,0,3,17,0,20,0,0,0,0,0,0,3,17,0,20,0,0,0,20
01/21/2015,ARR,IL,AGL,CE,Towers with Radar,0,0,11,0,11,0,0,1,1,2,0,0,12,1,13,3,8,11,24
01/22/2015,ARR,IL,AGL,CE,Towers with Radar,0,1,17,0,18,0,0,15,0,15,0,1,32,0,33,175,0,175,208
01/23/2015,ARR,IL,AGL,CE,Towers with Radar,0,2,8,0,10,0,0,22,0,22,0,2,30,0,32,56,0,56,88
01/24/2015,ARR,IL,AGL,CE,Towers with Radar,0,3,23,0,26,0,0,63,0,63,0,3,86,0,89,110,0,110,199
01/25/2015,ARR,IL,AGL,CE,Towers with Radar,0,0,6,0,6,0,0,2,0,2,0,0,8,0,8,0,0,0,8
01/26/2015,ARR,IL,AGL,CE,Towers with Radar,0,0,10,0,10,0,0,11,0,11,0,0,21,0,21,13,0,13,34
01/27/2015,ARR,IL,AGL,CE,Towers with Radar,0,2,13,0,15,0,1,47,0,48,0,3,60,0,63,49,0,49,112
01/28/2015,ARR,IL,AGL,CE,Towers with Radar,1,3,14,0,18,0,0,75,0,75,1,3,89,0,93,79,0,79,172
01/29/2015,ARR,IL,AGL,CE,Towers with Radar,0,1,14,0,15,0,0,7,0,7,0,1,21,0,22,0,0,0,22
01/30/2015,ARR,IL,AGL,CE,Towers with Radar,0,4,12,0,16,0,0,105,1,106,0,4,117,1,122,187,0,187,309
01/31/2015,ARR,IL,AGL,CE,Towers with Radar,0,1,9,0,10,0,0,99,1,100,0,1,108,1,110,151,0,151,261
02/01/2015,ARR,IL,AGL,CE,Towers with Radar,0,0,0,0,0,0,0,0,0,0,0,0,0,0,0,0,0,0,0
02/02/2015,ARR,IL,AGL,CE,Towers with Radar,0,1,8,0,9,0,0,0,0,0,0,1,8,0,9,0,0,0,9
02/03/2015,ARR,IL,AGL,CE,Towers with Radar,0,1,5,0,6,0,0,22,0,22,0,1,27,0,28,0,0,0,28
02/04/2015,ARR,IL,AGL,CE,Towers with Radar,0,1,9,0,10,0,0,17,0,17,0,1,26,0,27,13,0,13,40
02/05/2015,ARR,IL,AGL,CE,Towers with Radar,0,11,13,1,25,0,0,55,1,56,0,11,68,2,81,48,0,48,129
02/06/2015,ARR,IL,AGL,CE,Towers with Radar,0,2,9,4,15,0,0,91,0,91,0,2,100,4,106,86,0,86,192
02/07/2015,ARR,IL,AGL,CE,Towers with Radar,0,0,4,0,4,0,0,83,0,83,0,0,87,0,87,167,0,167,254
02/08/2015,ARR,IL,AGL,CE,Towers with Radar,0,3,13,2,18,0,0,0,0,0,0,3,13,2,18,0,0,0,18
02/09/2015,ARR,IL,AGL,CE,Towers with Radar,0,1,8,2,11,0,0,9,0,9,0,1,17,2,20,34,0,34,54
02/10/2015,ARR,IL,AGL,CE,Towers with Radar,0,2,12,0,14,0,0,59,0,59,0,2,71,0,73,82,0,82,155
02/11/2015,ARR,IL,AGL,CE,Towers with Radar,0,6,22,0,28,0,1,3,0,4,0,7,25,0,32,0,0,0,32
02/12/2015,ARR,IL,AGL,CE,Towers with Radar,0,3,11,0,14,0,0,50,0,50,0,3,61,0,64,90,0,90,154
02/13/2015,ARR,IL,AGL,CE,Towers with Radar,0,6,7,0,13,0,0,48,1,49,0,6,55,1,62,78,0,78,140
02/14/2015,ARR,IL,AGL,CE,Towers with Radar,0,1,3,0,4,0,0,4,0,4,0,1,7,0,8,10,0,10,18
02/15/2015,ARR,IL,AGL,CE,Towers with Radar,0,3,6,0,9,0,0,44,0,44,0,3,50,0,53,75,0,75,128
02/16/2015,ARR,IL,AGL,CE,Towers with Radar,0,3,18,0,21,0,0,76,0,76,0,3,94,0,97,70,0,70,167
02/17/2015,ARR,IL,AGL,CE,Towers with Radar,1,3,12,0,16,0,0,24,0,24,1,3,36,0,40,38,0,38,78
02/18/2015,ARR,IL,AGL,CE,Towers with Radar,0,3,15,0,18,0,0,6,0,6,0,3,21,0,24,6,0,6,30
02/19/2015,ARR,IL,AGL,CE,Towers with Radar,0,2,24,0,26,0,1,19,0,20,0,3,43,0,46,7,0,7,53
02/20/2015,ARR,IL,AGL,CE,Towers with Radar,0,4,15,0,19,0,0,3,0,3,0,4,18,0,22,0,0,0,22
02/21/2015,ARR,IL,AGL,CE,Towers with Radar,0,2,7,0,9,0,0,71,0,71,0,2,78,0,80,108,0,108,188
02/22/2015,ARR,IL,AGL,CE,Towers with Radar,0,1,9,0,10,0,0,71,2,73,0,1,80,2,83,146,0,146,229
02/23/2015,ARR,IL,AGL,CE,Towers with Radar,0,2,15,0,17,0,0,13,0,13,0,2,28,0,30,19,0,19,49
02/24/2015,ARR,IL,AGL,CE,Towers with Radar,0,3,19,0,22,0,0,13,0,13,0,3,32,0,35,8,0,8,43
02/25/2015,ARR,IL,AGL,CE,Towers with Radar,0,1,27,1,29,0,0,47,1,48,0,1,74,2,77,49,0,49,126
02/26/2015,ARR,IL,AGL,CE,Towers with Radar,0,4,19,0,23,0,0,48,2,50,0,4,67,2,73,5,4,9,82
02/27/2015,ARR,IL,AGL,CE,Towers with Radar,0,1,29,1,31,0,0,131,1,132,0,1,160,2,163,47,0,47,210
02/28/2015,ARR,IL,AGL,CE,Towers with Radar,0,1,7,0,8,0,0,80,0,80,0,1,87,0,88,64,0,64,152
03/01/2015,ARR,IL,AGL,CE,Towers with Radar,0,1,16,0,17,0,0,7,3,10,0,1,23,3,27,0,0,0,27
03/02/2015,ARR,IL,AGL,CE,Towers with Radar,0,6,18,0,24,0,0,55,0,55,0,6,73,0,79,64,0,64,143
03/03/2015,ARR,IL,AGL,CE,Towers with Radar,0,3,8,0,11,0,0,0,0,0,0,3,8,0,11,0,0,0,11
03/04/2015,ARR,IL,AGL,CE,Towers with Radar,0,1,17,0,18,0,0,68,0,68,0,1,85,0,86,65,0,65,151
03/05/2015,ARR,IL,AGL,CE,Towers with Radar,0,3,18,0,21,0,0,97,3,100,0,3,115,3,121,56,21,77,198
03/06/2015,ARR,IL,AGL,CE,Towers with Radar,0,2,13,0,15,0,0,60,0,60,0,2,73,0,75,51,0,51,126
03/07/2015,ARR,IL,AGL,CE,Towers with Radar,0,0,19,0,19,0,0,125,0,125,0,0,144,0,144,167,0,167,311
03/08/2015,ARR,IL,AGL,CE,Towers with Radar,0,3,11,0,14,0,0,63,0,63,0,3,74,0,77,140,0,140,217
03/09/2015,ARR,IL,AGL,CE,Towers with Radar,0,2,19,1,22,0,0,75,1,76,0,2,94,2,98,94,0,94,192
03/10/2015,ARR,IL,AGL,CE,Towers with Radar,0,1,9,0,10,0,0,3,0,3,0,1,12,0,13,0,0,0,13
03/11/2015,ARR,IL,AGL,CE,Towers with Radar,0,1,27,0,28,0,0,113,5,118,0,1,140,5,146,147,6,153,299
03/12/2015,ARR,IL,AGL,CE,Towers with Radar,0,1,34,0,35,0,0,118,2,120,0,1,152,2,155,112,3,115,270
03/13/2015,ARR,IL,AGL,CE,Towers with Radar,0,3,17,2,22,0,0,70,0,70,0,3,87,2,92,188,0,188,280
03/14/2015,ARR,IL,AGL,CE,Towers with Radar,0,0,14,1,15,0,0,87,0,87,0,0,101,1,102,152,0,152,254
03/15/2015,ARR,IL,AGL,CE,Towers with Radar,0,2,21,2,25,0,0,117,0,117,0,2,138,2,142,108,0,108,250
03/16/2015,ARR,IL,AGL,CE,Towers with Radar,0,1,12,1,14,0,0,90,1,91,0,1,102,2,105,70,0,70,175
03/17/2015,ARR,IL,AGL,CE,Towers with Radar,0,2,22,0,24,0,0,52,0,52,0,2,74,0,76,151,0,151,227
03/18/2015,ARR,IL,AGL,CE,Towers with Radar,0,1,12,5,18,0,0,95,0,95,0,1,107,5,113,139,0,139,252
03/19/2015,ARR,IL,AGL,CE,Towers with Radar,0,2,25,0,27,0,0,105,0,105,0,2,130,0,132,113,0,113,245
03/20/2015,ARR,IL,AGL,CE,Towers with Radar,0,2,32,0,34,0,0,61,0,61,0,2,93,0,95,89,0,89,184
03/21/2015,ARR,IL,AGL,CE,Towers with Radar,0,1,26,0,27,0,1,120,0,121,0,2,146,0,148,129,0,129,277
03/22/2015,ARR,IL,AGL,CE,Towers with Radar,0,1,11,0,12,0,0,76,0,76,0,1,87,0,88,125,0,125,213
03/23/2015,ARR,IL,AGL,CE,Towers with Radar,0,1,15,0,16,0,0,0,0,0,0,1,15,0,16,0,0,0,16
03/24/2015,ARR,IL,AGL,CE,Towers with Radar,0,3,34,2,39,0,0,41,3,44,0,3,75,5,83,92,16,108,191
03/25/2015,ARR,IL,AGL,CE,Towers with Radar,0,3,36,0,39,0,0,3,0,3,0,3,39,0,42,14,0,14,56
03/26/2015,ARR,IL,AGL,CE,Towers with Radar,0,1,24,0,25,0,0,74,2,76,0,1,98,2,101,57,6,63,164
03/27/2015,ARR,IL,AGL,CE,Towers with Radar,0,4,18,0,22,0,0,61,0,61,0,4,79,0,83,56,0,56,139
03/28/2015,ARR,IL,AGL,CE,Towers with Radar,0,6,21,0,27,0,0,157,0,157,0,6,178,0,184,111,0,111,295
03/29/2015,ARR,IL,AGL,CE,Towers with Radar,0,2,4,0,6,0,0,2,0,2,0,2,6,0,8,0,0,0,8
03/30/2015,ARR,IL,AGL,CE,Towers with Radar,1,1,15,0,17,0,0,98,4,102,1,1,113,4,119,72,0,72,191
03/31/2015,ARR,IL,AGL,CE,Towers with Radar,0,3,25,0,28,0,0,77,1,78,0,3,102,1,106,75,5,80,186
04/01/2015,ARR,IL,AGL,CE,Towers with Radar,0,1,23,0,24,0,0,127,3,130,0,1,150,3,154,78,8,86,240
04/02/2015,ARR,IL,AGL,CE,Towers with Radar,0,1,9,0,10,0,0,37,0,37,0,1,46,0,47,123,0,123,170
04/03/2015,ARR,IL,AGL,CE,Towers with Radar,0,2,16,0,18,0,0,44,0,44,0,2,60,0,62,66,0,66,128
04/04/2015,ARR,IL,AGL,CE,Towers with Radar,0,3,12,0,15,0,0,88,0,88,0,3,100,0,103,135,0,135,238
04/05/2015,ARR,IL,AGL,CE,Towers with Radar,0,6,5,0,11,0,0,60,0,60,0,6,65,0,71,50,0,50,121
04/06/2015,ARR,IL,AGL,CE,Towers with Radar,0,2,18,0,20,0,0,62,0,62,0,2,80,0,82,151,0,151,233
04/07/2015,ARR,IL,AGL,CE,Towers with Radar,0,3,21,0,24,0,0,10,0,10,0,3,31,0,34,23,0,23,57
04/08/2015,ARR,IL,AGL,CE,Towers with Radar,0,1,22,0,23,0,0,8,0,8,0,1,30,0,31,40,0,40,71
04/09/2015,ARR,IL,AGL,CE,Towers with Radar,0,0,18,0,18,0,0,11,0,11,0,0,29,0,29,0,0,0,29
04/10/2015,ARR,IL,AGL,CE,Towers with Radar,0,0,25,0,25,0,0,19,0,19,0,0,44,0,44,4,0,4,48
04/11/2015,ARR,IL,AGL,CE,Towers with Radar,0,1,10,0,11,0,0,174,2,176,0,1,184,2,187,221,2,223,410
04/12/2015,ARR,IL,AGL,CE,Towers with Radar,0,0,11,2,13,0,0,109,3,112,0,0,120,5,125,188,0,188,313
04/13/2015,ARR,IL,AGL,CE,Towers with Radar,0,0,18,0,18,0,0,28,0,28,0,0,46,0,46,58,0,58,104
04/14/2015,ARR,IL,AGL,CE,Towers with Radar,0,0,17,1,18,0,1,88,1,90,0,1,105,2,108,154,0,154,262
04/15/2015,ARR,IL,AGL,CE,Towers with Radar,0,4,18,0,22,0,0,105,0,105,0,4,123,0,127,168,0,168,295
04/16/2015,ARR,IL,AGL,CE,Towers with Radar,0,2,36,0,38,0,0,60,6,66,0,2,96,6,104,109,14,123,227
04/17/2015,ARR,IL,AGL,CE,Towers with Radar,0,3,18,0,21,0,0,113,0,113,0,3,131,0,134,217,0,217,351
04/18/2015,ARR,IL,AGL,CE,Towers with Radar,0,1,10,1,12,0,0,123,4,127,0,1,133,5,139,179,4,183,322
04/19/2015,ARR,IL,AGL,CE,Towers with Radar,0,5,13,0,18,0,0,37,0,37,0,5,50,0,55,128,0,128,183
04/20/2015,ARR,IL,AGL,CE,Towers with Radar,0,0,19,1,20,0,0,11,0,11,0,0,30,1,31,2,0,2,33
04/21/2015,ARR,IL,AGL,CE,Towers with Radar,0,1,20,0,21,0,0,2,0,2,0,1,22,0,23,0,0,0,23
04/22/2015,ARR,IL,AGL,CE,Towers with Radar,0,2,29,0,31,0,0,20,2,22,0,2,49,2,53,43,24,67,120
04/23/2015,ARR,IL,AGL,CE,Towers with Radar,0,3,30,0,33,0,0,121,3,124,0,3,151,3,157,203,2,205,362
04/24/2015,ARR,IL,AGL,CE,Towers with Radar,0,3,21,0,24,0,0,80,0,80,0,3,101,0,104,177,0,177,281
04/25/2015,ARR,IL,AGL,CE,Towers with Radar,0,0,13,0,13,0,0,2,0,2,0,0,15,0,15,12,0,12,27
04/26/2015,ARR,IL,AGL,CE,Towers with Radar,0,1,14,0,15,0,0,117,0,117,0,1,131,0,132,160,0,160,292
04/27/2015,ARR,IL,AGL,CE,Towers with Radar,0,1,16,0,17,0,2,94,0,96,0,3,110,0,113,282,0,282,395
04/28/2015,ARR,IL,AGL,CE,Towers with Radar,0,7,19,2,28,0,0,156,2,158,0,7,175,4,186,164,2,166,352
04/29/2015,ARR,IL,AGL,CE,Towers with Radar,0,1,16,0,17,0,0,121,0,121,0,1,137,0,138,97,0,97,235
04/30/2015,ARR,IL,AGL,CE,Towers with Radar,0,1,25,2,28,0,0,58,2,60,0,1,83,4,88,53,0,53,141
05/01/2015,ARR,IL,AGL,CE,Towers with Radar,0,2,18,2,22,0,0,136,4,140,0,2,154,6,162,203,4,207,369
05/02/2015,ARR,IL,AGL,CE,Towers with Radar,0,2,19,0,21,0,0,148,2,150,0,2,167,2,171,252,1,253,424
05/03/2015,ARR,IL,AGL,CE,Towers with Radar,0,0,18,4,22,0,0,56,1,57,0,0,74,5,79,110,0,110,189
05/04/2015,ARR,IL,AGL,CE,Towers with Radar,0,0,18,0,18,0,0,49,0,49,0,0,67,0,67,40,0,40,107
05/05/2015,ARR,IL,AGL,CE,Towers with Radar,0,1,23,0,24,0,0,4,0,4,0,1,27,0,28,22,0,22,50
05/06/2015,ARR,IL,AGL,CE,Towers with Radar,0,2,15,0,17,0,0,31,0,31,0,2,46,0,48,37,0,37,85
05/07/2015,ARR,IL,AGL,CE,Towers with Radar,0,1,23,1,25,0,0,60,1,61,0,1,83,2,86,42,0,42,128
05/08/2015,ARR,IL,AGL,CE,Towers with Radar,0,3,19,2,24,0,0,35,1,36,0,3,54,3,60,63,0,63,123
05/09/2015,ARR,IL,AGL,CE,Towers with Radar,0,0,20,1,21,0,0,19,0,19,0,0,39,1,40,48,0,48,88
05/10/2015,ARR,IL,AGL,CE,Towers with Radar,0,2,18,0,20,0,0,1,0,1,0,2,19,0,21,0,0,0,21
05/11/2015,ARR,IL,AGL,CE,Towers with Radar,0,2,21,0,23,0,0,12,0,12,0,2,33,0,35,13,0,13,48
05/12/2015,ARR,IL,AGL,CE,Towers with Radar,0,1,19,0,20,0,0,19,0,19,0,1,38,0,39,24,0,24,63
05/13/2015,ARR,IL,AGL,CE,Towers with Radar,0,0,30,0,30,0,0,154,1,155,0,0,184,1,185,126,0,126,311
05/14/2015,ARR,IL,AGL,CE,Towers with Radar,0,2,19,0,21,0,0,78,3,81,0,2,97,3,102,147,6,153,255
05/15/2015,ARR,IL,AGL,CE,Towers with Radar,0,1,37,0,38,0,0,19,8,27,0,1,56,8,65,58,0,58,123
05/16/2015,ARR,IL,AGL,CE,Towers with Radar,0,1,22,4,27,0,0,15,1,16,0,1,37,5,43,67,0,67,110
05/17/2015,ARR,IL,AGL,CE,Towers with Radar,0,0,12,0,12,0,0,12,0,12,0,0,24,0,24,8,0,8,32
05/18/2015,ARR,IL,AGL,CE,Towers with Radar,0,3,18,0,21,0,0,58,0,58,0,3,76,0,79,78,0,78,157
05/19/2015,ARR,IL,AGL,CE,Towers with Radar,0,1,21,0,22,0,0,84,2,86,0,1,105,2,108,171,2,173,281
05/20/2015,ARR,IL,AGL,CE,Towers with Radar,0,1,19,0,20,0,0,68,0,68,0,1,87,0,88,153,0,153,241
05/21/2015,ARR,IL,AGL,CE,Towers with Radar,0,3,17,0,20,0,0,106,0,106,0,3,123,0,126,166,0,166,292
05/22/2015,ARR,IL,AGL,CE,Towers with Radar,0,1,20,0,21,1,0,148,0,149,1,1,168,0,170,115,0,115,285
05/23/2015,ARR,IL,AGL,CE,Towers with Radar,0,2,15,0,17,0,0,152,0,152,0,2,167,0,169,156,0,156,325
05/24/2015,ARR,IL,AGL,CE,Towers with Radar,0,1,14,0,15,0,0,37,0,37,0,1,51,0,52,95,0,95,147
05/25/2015,ARR,IL,AGL,CE,Towers with Radar,0,3,14,0,17,0,1,9,0,10,0,4,23,0,27,12,0,12,39
05/26/2015,ARR,IL,AGL,CE,Towers with Radar,0,4,33,0,37,0,0,12,0,12,0,4,45,0,49,20,0,20,69
05/27/2015,ARR,IL,AGL,CE,Towers with Radar,0,1,31,0,32,0,0,90,0,90,0,1,121,0,122,197,0,197,319
05/28/2015,ARR,IL,AGL,CE,Towers with Radar,0,7,33,0,40,0,0,152,3,155,0,7,185,3,195,180,2,182,377
05/29/2015,ARR,IL,AGL,CE,Towers with Radar,0,3,17,0,20,0,0,26,0,26,0,3,43,0,46,19,0,19,65
05/30/2015,ARR,IL,AGL,CE,Towers with Radar,0,1,12,0,13,0,0,2,0,2,0,1,14,0,15,8,0,8,23
05/31/2015,ARR,IL,AGL,CE,Towers with Radar,0,0,27,0,27,0,0,61,0,61,0,0,88,0,88,184,0,184,272
06/01/2015,ARR,IL,AGL,CE,Towers with Radar,0,2,12,0,14,0,0,103,0,103,0,2,115,0,117,144,0,144,261
06/02/2015,ARR,IL,AGL,CE,Towers with Radar,0,1,26,0,27,0,0,140,2,142,0,1,166,2,169,197,3,200,369
06/03/2015,ARR,IL,AGL,CE,Towers with Radar,0,6,12,1,19,0,0,149,9,158,0,6,161,10,177,186,2,188,365
06/04/2015,ARR,IL,AGL,CE,Towers with Radar,0,0,22,0,22,0,0,72,0,72,0,0,94,0,94,141,0,141,235
06/05/2015,ARR,IL,AGL,CE,Towers with Radar,0,1,17,2,20,0,0,76,0,76,0,1,93,2,96,75,0,75,171
06/06/2015,ARR,IL,AGL,CE,Towers with Radar,0,1,17,0,18,0,0,132,0,132,0,1,149,0,150,209,0,209,359
06/07/2015,ARR,IL,AGL,CE,Towers with Radar,0,2,7,2,11,0,0,7,0,7,0,2,14,2,18,5,0,5,23
06/08/2015,ARR,IL,AGL,CE,Towers with Radar,0,2,33,0,35,0,0,58,5,63,0,2,91,5,98,88,2,90,188
06/09/2015,ARR,IL,AGL,CE,Towers with Radar,0,5,26,0,31,0,0,133,0,133,0,5,159,0,164,169,0,169,333
06/10/2015,ARR,IL,AGL,CE,Towers with Radar,0,2,14,1,17,0,0,100,2,102,0,2,114,3,119,114,0,114,233
06/11/2015,ARR,IL,AGL,CE,Towers with Radar,0,5,22,0,27,0,0,68,0,68,0,5,90,0,95,132,0,132,227
06/12/2015,ARR,IL,AGL,CE,Towers with Radar,0,1,34,3,38,0,0,3,0,3,0,1,37,3,41,10,0,10,51
06/13/2015,ARR,IL,AGL,CE,Towers with Radar,0,0,14,4,18,0,0,15,0,15,0,0,29,4,33,18,0,18,51
06/14/2015,ARR,IL,AGL,CE,Towers with Radar,0,3,21,2,26,0,0,46,0,46,0,3,67,2,72,144,0,144,216
06/15/2015,ARR,IL,AGL,CE,Towers with Radar,0,1,21,0,22,0,0,10,0,10,0,1,31,0,32,14,0,14,46
06/16/2015,ARR,IL,AGL,CE,Towers with Radar,0,4,27,0,31,0,0,129,0,129,0,4,156,0,160,133,0,133,293
06/17/2015,ARR,IL,AGL,CE,Towers with Radar,0,4,42,2,48,0,0,0,0,0,0,4,42,2,48,0,0,0,48
06/18/2015,ARR,IL,AGL,CE,Towers with Radar,0,0,24,0,24,0,0,37,0,37,0,0,61,0,61,82,0,82,143
06/19/2015,ARR,IL,AGL,CE,Towers with Radar,0,1,13,0,14,0,0,133,0,133,0,1,146,0,147,161,0,161,308
06/20/2015,ARR,IL,AGL,CE,Towers with Radar,0,1,13,0,14,0,0,20,0,20,0,1,33,0,34,135,0,135,169
06/21/2015,ARR,IL,AGL,CE,Towers with Radar,0,3,33,0,36,0,0,98,0,98,0,3,131,0,134,134,0,134,268
06/22/2015,ARR,IL,AGL,CE,Towers with Radar,0,1,12,0,13,0,0,11,0,11,0,1,23,0,24,8,0,8,32
06/23/2015,ARR,IL,AGL,CE,Towers with Radar,0,2,26,0,28,0,0,146,0,146,0,2,172,0,174,109,0,109,283
06/24/2015,ARR,IL,AGL,CE,Towers with Radar,0,1,20,0,21,0,0,102,0,102,0,1,122,0,123,160,0,160,283
06/25/2015,ARR,IL,AGL,CE,Towers with Radar,0,1,32,0,33,0,0,57,0,57,0,1,89,0,90,117,0,117,207
06/26/2015,ARR,IL,AGL,CE,Towers with Radar,0,0,26,0,26,0,0,0,0,0,0,0,26,0,26,0,0,0,26
06/27/2015,ARR,IL,AGL,CE,Towers with Radar,0,1,13,0,14,0,0,117,0,117,0,1,130,0,131,99,0,99,230
06/28/2015,ARR,IL,AGL,CE,Towers with Radar,0,1,11,0,12,1,1,237,1,240,1,2,248,1,252,59,0,59,311
06/29/2015,ARR,IL,AGL,CE,Towers with Radar,1,6,44,0,51,0,0,46,2,48,1,6,90,2,99,41,4,45,144
06/30/2015,ARR,IL,AGL,CE,Towers with Radar,0,2,26,0,28,0,0,80,0,80,0,2,106,0,108,215,0,215,323
07/01/2015,ARR,IL,AGL,CE,Towers with Radar,0,6,29,1,36,0,0,60,0,60,0,6,89,1,96,78,0,78,174
07/02/2015,ARR,IL,AGL,CE,Towers with Radar,0,3,25,0,28,0,0,47,0,47,0,3,72,0,75,64,0,64,139
07/03/2015,ARR,IL,AGL,CE,Towers with Radar,0,0,19,0,19,0,0,114,0,114,0,0,133,0,133,182,0,182,315
07/04/2015,ARR,IL,AGL,CE,Towers with Radar,0,0,12,0,12,0,0,75,0,75,0,0,87,0,87,93,0,93,180
07/05/2015,ARR,IL,AGL,CE,Towers with Radar,1,3,20,0,24,1,0,145,0,146,2,3,165,0,170,153,0,153,323
07/06/2015,ARR,IL,AGL,CE,Towers with Radar,0,3,18,0,21,0,0,56,0,56,0,3,74,0,77,113,0,113,190
07/07/2015,ARR,IL,AGL,CE,Towers with Radar,0,2,19,0,21,0,0,33,0,33,0,2,52,0,54,60,0,60,114
07/08/2015,ARR,IL,AGL,CE,Towers with Radar,0,8,28,0,36,0,0,88,0,88,0,8,116,0,124,120,0,120,244
07/09/2015,ARR,IL,AGL,CE,Towers with Radar,0,7,19,4,30,0,0,120,0,120,0,7,139,4,150,177,0,177,327
07/10/2015,ARR,IL,AGL,CE,Towers with Radar,0,0,20,2,22,0,0,146,0,146,0,0,166,2,168,177,0,177,345
07/11/2015,ARR,IL,AGL,CE,Towers with Radar,0,0,9,0,9,0,0,91,0,91,0,0,100,0,100,108,0,108,208
07/12/2015,ARR,IL,AGL,CE,Towers with Radar,0,0,22,2,24,0,0,110,0,110,0,0,132,2,134,100,0,100,234
07/13/2015,ARR,IL,AGL,CE,Towers with Radar,0,2,12,0,14,0,0,34,0,34,0,2,46,0,48,42,0,42,90
07/14/2015,ARR,IL,AGL,CE,Towers with Radar,0,2,23,0,25,1,0,90,2,93,1,2,113,2,118,145,1,146,264
07/15/2015,ARR,IL,AGL,CE,Towers with Radar,0,2,36,0,38,0,0,208,0,208,0,2,244,0,246,170,0,170,416
07/16/2015,ARR,IL,AGL,CE,Towers with Radar,0,2,16,0,18,0,0,28,0,28,0,2,44,0,46,137,0,137,183
07/17/2015,ARR,IL,AGL,CE,Towers with Radar,0,3,35,0,38,0,0,127,0,127,0,3,162,0,165,70,0,70,235
07/18/2015,ARR,IL,AGL,CE,Towers with Radar,1,3,15,0,19,0,0,89,0,89,1,3,104,0,108,127,0,127,235
07/19/2015,ARR,IL,AGL,CE,Towers with Radar,2,1,13,0,16,0,0,107,3,110,2,1,120,3,126,66,9,75,201
07/20/2015,ARR,IL,AGL,CE,Towers with Radar,0,2,28,0,30,0,0,76,0,76,0,2,104,0,106,96,0,96,202
07/21/2015,ARR,IL,AGL,CE,Towers with Radar,0,4,24,0,28,0,0,99,0,99,0,4,123,0,127,144,0,144,271
07/22/2015,ARR,IL,AGL,CE,Towers with Radar,0,2,22,1,25,0,0,120,0,120,0,2,142,1,145,163,0,163,308
07/23/2015,ARR,IL,AGL,CE,Towers with Radar,1,6,26,3,36,1,0,132,1,134,2,6,158,4,170,104,0,104,274
07/24/2015,ARR,IL,AGL,CE,Towers with Radar,0,1,14,0,15,1,0,110,3,114,1,1,124,3,129,84,0,84,213
07/25/2015,ARR,IL,AGL,CE,Towers with Radar,0,2,10,0,12,0,0,112,0,112,0,2,122,0,124,127,0,127,251
07/26/2015,ARR,IL,AGL,CE,Towers with Radar,0,0,6,0,6,0,0,67,0,67,0,0,73,0,73,89,0,89,162
07/27/2015,ARR,IL,AGL,CE,Towers with Radar,0,5,18,0,23,0,0,93,1,94,0,5,111,1,117,146,0,146,263
07/28/2015,ARR,IL,AGL,CE,Towers with Radar,0,0,26,0,26,0,0,115,0,115,0,0,141,0,141,123,0,123,264
07/29/2015,ARR,IL,AGL,CE,Towers with Radar,0,7,29,1,37,0,0,59,4,63,0,7,88,5,100,112,8,120,220
07/30/2015,ARR,IL,AGL,CE,Towers with Radar,0,4,26,3,33,0,0,140,0,140,0,4,166,3,173,188,0,188,361
07/31/2015,ARR,IL,AGL,CE,Towers with Radar,0,5,20,3,28,0,0,124,0,124,0,5,144,3,152,156,0,156,308
08/01/2015,ARR,IL,AGL,CE,Towers with Radar,0,2,17,0,19,0,0,113,0,113,0,2,130,0,132,106,0,106,238
08/02/2015,ARR,IL,AGL,CE,Towers with Radar,0,1,11,4,16,0,0,56,0,56,0,1,67,4,72,11,0,11,83
08/03/2015,ARR,IL,AGL,CE,Towers with Radar,0,7,20,0,27,0,0,94,0,94,0,7,114,0,121,109,0,109,230
08/04/2015,ARR,IL,AGL,CE,Towers with Radar,0,2,18,0,20,0,0,126,2,128,0,2,144,2,148,82,6,88,236
08/05/2015,ARR,IL,AGL,CE,Towers with Radar,0,3,22,0,25,0,0,125,0,125,0,3,147,0,150,121,0,121,271
08/06/2015,ARR,IL,AGL,CE,Towers with Radar,0,4,18,1,23,0,0,96,2,98,0,4,114,3,121,131,4,135,256
08/07/2015,ARR,IL,AGL,CE,Towers with Radar,0,2,17,5,24,0,0,90,0,90,0,2,107,5,114,116,0,116,230
08/08/2015,ARR,IL,AGL,CE,Towers with Radar,0,2,12,0,14,0,0,93,0,93,0,2,105,0,107,91,0,91,198
08/09/2015,ARR,IL,AGL,CE,Towers with Radar,0,2,34,3,39,0,0,40,0,40,0,2,74,3,79,57,2,59,138
08/10/2015,ARR,IL,AGL,CE,Towers with Radar,0,6,22,0,28,1,0,51,0,52,1,6,73,0,80,97,0,97,177
08/11/2015,ARR,IL,AGL,CE,Towers with Radar,0,0,28,0,28,0,0,105,0,105,0,0,133,0,133,156,0,156,289
08/12/2015,ARR,IL,AGL,CE,Towers with Radar,0,5,30,1,36,0,0,145,0,145,0,5,175,1,181,172,0,172,353
08/13/2015,ARR,IL,AGL,CE,Towers with Radar,0,1,33,0,34,0,0,98,0,98,0,1,131,0,132,138,0,138,270
08/14/2015,ARR,IL,AGL,CE,Towers with Radar,0,3,22,0,25,0,0,82,0,82,0,3,104,0,107,59,0,59,166
08/15/2015,ARR,IL,AGL,CE,Towers with Radar,0,1,11,0,12,0,0,88,0,88,0,1,99,0,100,106,0,106,206
08/16/2015,ARR,IL,AGL,CE,Towers with Radar,0,1,16,0,17,0,0,119,0,119,0,1,135,0,136,175,0,175,311
08/17/2015,ARR,IL,AGL,CE,Towers with Radar,0,3,15,0,18,0,0,59,0,59,0,3,74,0,77,49,0,49,126
08/18/2015,ARR,IL,AGL,CE,Towers with Radar,0,1,17,0,18,0,0,29,0,29,0,1,46,0,47,112,0,112,159
08/19/2015,ARR,IL,AGL,CE,Towers with Radar,0,2,15,0,17,0,0,53,0,53,0,2,68,0,70,69,0,69,139
08/20/2015,ARR,IL,AGL,CE,Towers with Radar,1,3,16,0,20,0,0,44,1,45,1,3,60,1,65,35,3,38,103
08/21/2015,ARR,IL,AGL,CE,Towers with Radar,0,2,19,0,21,0,1,132,0,133,0,3,151,0,154,79,0,79,233
08/22/2015,ARR,IL,AGL,CE,Towers with Radar,0,0,16,0,16,0,0,152,0,152,0,0,168,0,168,98,0,98,266
08/23/2015,ARR,IL,AGL,CE,Towers with Radar,0,1,12,0,13,0,0,60,0,60,0,1,72,0,73,120,0,120,193
08/24/2015,ARR,IL,AGL,CE,Towers with Radar,0,1,27,0,28,0,0,56,1,57,0,1,83,1,85,63,0,63,148
08/25/2015,ARR,IL,AGL,CE,Towers with Radar,0,0,19,0,19,0,0,88,3,91,0,0,107,3,110,98,8,106,216
08/26/2015,ARR,IL,AGL,CE,Towers with Radar,0,6,29,0,35,0,0,74,0,74,0,6,103,0,109,144,0,144,253
08/27/2015,ARR,IL,AGL,CE,Towers with Radar,0,1,23,0,24,0,0,104,0,104,0,1,127,0,128,109,0,109,237
08/28/2015,ARR,IL,AGL,CE,Towers with Radar,0,1,12,0,13,0,0,63,0,63,0,1,75,0,76,113,0,113,189
08/29/2015,ARR,IL,AGL,CE,Towers with Radar,0,1,13,0,14,0,0,10,0,10,0,1,23,0,24,59,0,59,83
08/30/2015,ARR,IL,AGL,CE,Towers with Radar,0,1,22,0,23,0,0,47,0,47,0,1,69,0,70,135,0,135,205
08/31/2015,ARR,IL,AGL,CE,Towers with Radar,0,2,20,0,22,0,0,60,0,60,0,2,80,0,82,101,0,101,183
09/01/2015,ARR,IL,AGL,CE,Towers with Radar,0,0,34,0,34,2,0,99,0,101,2,0,133,0,135,63,0,63,198
09/02/2015,ARR,IL,AGL,CE,Towers with Radar,0,0,26,0,26,0,0,102,2,104,0,0,128,2,130,67,4,71,201
09/03/2015,ARR,IL,AGL,CE,Towers with Radar,0,6,20,0,26,0,0,83,3,86,0,6,103,3,112,122,12,134,246
09/04/2015,ARR,IL,AGL,CE,Towers with Radar,0,1,14,1,16,0,0,68,0,68,0,1,82,1,84,185,0,185,269
09/05/2015,ARR,IL,AGL,CE,Towers with Radar,0,0,12,0,12,0,0,87,0,87,0,0,99,0,99,169,0,169,268
09/06/2015,ARR,IL,AGL,CE,Towers with Radar,0,3,6,0,9,0,0,75,0,75,0,3,81,0,84,150,0,150,234
09/07/2015,ARR,IL,AGL,CE,Towers with Radar,0,3,13,0,16,0,0,57,0,57,0,3,70,0,73,115,0,115,188
09/08/2015,ARR,IL,AGL,CE,Towers with Radar,0,3,17,0,20,0,0,7,0,7,0,3,24,0,27,13,0,13,40
09/09/2015,ARR,IL,AGL,CE,Towers with Radar,0,3,16,0,19,0,0,85,0,85,0,3,101,0,104,142,0,142,246
09/10/2015,ARR,IL,AGL,CE,Towers with Radar,0,3,25,1,29,0,0,59,2,61,0,3,84,3,90,184,0,184,274
09/11/2015,ARR,IL,AGL,CE,Towers with Radar,0,3,21,2,26,0,0,28,0,28,0,3,49,2,54,20,0,20,74
09/12/2015,ARR,IL,AGL,CE,Towers with Radar,0,1,14,0,15,0,0,126,0,126,0,1,140,0,141,89,0,89,230
09/13/2015,ARR,IL,AGL,CE,Towers with Radar,0,3,16,2,21,0,0,129,0,129,0,3,145,2,150,104,0,104,254
09/14/2015,ARR,IL,AGL,CE,Towers with Radar,0,3,19,0,22,0,5,78,0,83,0,8,97,0,105,18,0,18,123
09/15/2015,ARR,IL,AGL,CE,Towers with Radar,0,14,24,0,38,0,0,104,4,108,0,14,128,4,146,39,4,43,189
09/16/2015,ARR,IL,AGL,CE,Towers with Radar,0,1,28,0,29,0,0,93,3,96,0,1,121,3,125,88,0,88,213
09/17/2015,ARR,IL,AGL,CE,Towers with Radar,0,7,30,0,37,0,0,82,0,82,0,7,112,0,119,98,0,98,217
09/18/2015,ARR,IL,AGL,CE,Towers with Radar,0,3,19,0,22,0,0,17,0,17,0,3,36,0,39,95,0,95,134
09/19/2015,ARR,IL,AGL,CE,Towers with Radar,0,3,19,0,22,0,0,68,0,68,0,3,87,0,90,123,0,123,213
09/20/2015,ARR,IL,AGL,CE,Towers with Radar,0,7,14,0,21,0,0,144,0,144,0,7,158,0,165,112,0,112,277
09/21/2015,ARR,IL,AGL,CE,Towers with Radar,0,3,29,0,32,0,0,131,1,132,0,3,160,1,164,169,0,169,333
09/22/2015,ARR,IL,AGL,CE,Towers with Radar,0,4,28,0,32,0,0,133,0,133,0,4,161,0,165,192,0,192,357
09/23/2015,ARR,IL,AGL,CE,Towers with Radar,0,2,19,0,21,0,0,117,0,117,0,2,136,0,138,66,0,66,204
09/24/2015,ARR,IL,AGL,CE,Towers with Radar,0,1,24,0,25,0,0,83,0,83,0,1,107,0,108,121,0,121,229
09/25/2015,ARR,IL,AGL,CE,Towers with Radar,0,3,20,0,23,0,0,151,2,153,0,3,171,2,176,148,0,148,324
09/26/2015,ARR,IL,AGL,CE,Towers with Radar,0,1,31,0,32,0,0,115,0,115,0,1,146,0,147,92,0,92,239
09/27/2015,ARR,IL,AGL,CE,Towers with Radar,0,2,27,0,29,0,0,160,0,160,0,2,187,0,189,76,0,76,265
09/28/2015,ARR,IL,AGL,CE,Towers with Radar,0,0,23,2,25,0,0,51,0,51,0,0,74,2,76,51,0,51,127
09/29/2015,ARR,IL,AGL,CE,Towers with Radar,0,3,21,0,24,0,0,4,0,4,0,3,25,0,28,0,0,0,28
09/30/2015,ARR,IL,AGL,CE,Towers with Radar,0,2,25,0,27,0,0,40,0,40,0,2,65,0,67,29,0,29,96
10/01/2015,ARR,IL,AGL,CE,Towers with Radar,0,3,31,0,34,0,0,32,0,32,0,3,63,0,66,51,0,51,117
10/02/2015,ARR,IL,AGL,CE,Towers with Radar,0,2,11,9,22,0,0,38,0,38,0,2,49,9,60,5,0,5,65
10/03/2015,ARR,IL,AGL,CE,Towers with Radar,0,1,6,0,7,0,0,28,0,28,0,1,34,0,35,19,0,19,54
10/04/2015,ARR,IL,AGL,CE,Towers with Radar,0,2,35,5,42,0,0,13,0,13,0,2,48,5,55,16,0,16,71
10/05/2015,ARR,IL,AGL,CE,Towers with Radar,0,4,33,0,37,0,0,0,0,0,0,4,33,0,37,0,0,0,37
10/06/2015,ARR,IL,AGL,CE,Towers with Radar,0,3,24,2,29,0,0,104,0,104,0,3,128,2,133,147,0,147,280
10/07/2015,ARR,IL,AGL,CE,Towers with Radar,1,11,26,0,38,2,0,118,0,120,3,11,144,0,158,105,0,105,263
10/08/2015,ARR,IL,AGL,CE,Towers with Radar,0,3,21,0,24,0,2,61,0,63,0,5,82,0,87,114,0,114,201
10/09/2015,ARR,IL,AGL,CE,Towers with Radar,0,2,15,0,17,0,1,81,0,82,0,3,96,0,99,128,0,128,227
10/10/2015,ARR,IL,AGL,CE,Towers with Radar,0,0,23,0,23,0,0,108,0,108,0,0,131,0,131,143,0,143,274
10/11/2015,ARR,IL,AGL,CE,Towers with Radar,0,0,14,0,14,0,1,64,0,65,0,1,78,0,79,57,0,57,136
10/12/2015,ARR,IL,AGL,CE,Towers with Radar,0,0,15,0,15,0,1,37,0,38,0,1,52,0,53,48,0,48,101
10/13/2015,ARR,IL,AGL,CE,Towers with Radar,0,3,31,0,34,0,4,39,0,43,0,7,70,0,77,45,0,45,122
10/14/2015,ARR,IL,AGL,CE,Towers with Radar,0,3,27,0,30,0,1,90,0,91,0,4,117,0,121,134,0,134,255
10/15/2015,ARR,IL,AGL,CE,Towers with Radar,0,3,12,3,18,0,0,74,4,78,0,3,86,7,96,117,2,119,215
10/16/2015,ARR,IL,AGL,CE,Towers with Radar,0,5,24,0,29,0,0,68,0,68,0,5,92,0,97,75,0,75,172
10/17/2015,ARR,IL,AGL,CE,Towers with Radar,0,1,15,0,16,0,0,119,2,121,0,1,134,2,137,84,2,86,223
10/18/2015,ARR,IL,AGL,CE,Towers with Radar,0,6,16,0,22,0,0,119,0,119,0,6,135,0,141,90,0,90,231
10/19/2015,ARR,IL,AGL,CE,Towers with Radar,0,4,19,0,23,0,0,13,0,13,0,4,32,0,36,2,0,2,38
10/20/2015,ARR,IL,AGL,CE,Towers with Radar,0,0,16,1,17,0,0,65,0,65,0,0,81,1,82,52,0,52,134
10/21/2015,ARR,IL,AGL,CE,Towers with Radar,0,0,19,0,19,0,1,73,0,74,0,1,92,0,93,37,0,37,130
10/22/2015,ARR,IL,AGL,CE,Towers with Radar,0,3,35,0,38,0,0,133,3,136,0,3,168,3,174,150,12,162,336
10/23/2015,ARR,IL,AGL,CE,Towers with Radar,0,0,13,0,13,0,0,83,0,83,0,0,96,0,96,110,0,110,206
10/24/2015,ARR,IL,AGL,CE,Towers with Radar,0,6,12,0,18,0,0,3,0,3,0,6,15,0,21,10,0,10,31
10/25/2015,ARR,IL,AGL,CE,Towers with Radar,0,1,17,0,18,0,0,274,0,274,0,1,291,0,292,98,0,98,390
10/26/2015,ARR,IL,AGL,CE,Towers with Radar,0,1,26,0,27,0,0,107,0,107,0,1,133,0,134,134,0,134,268
10/27/2015,ARR,IL,AGL,CE,Towers with Radar,1,3,18,0,22,0,0,20,0,20,1,3,38,0,42,0,0,0,42
10/28/2015,ARR,IL,AGL,CE,Towers with Radar,0,0,26,0,26,0,0,0,0,0,0,0,26,0,26,0,0,0,26
10/29/2015,ARR,IL,AGL,CE,Towers with Radar,0,1,24,0,25,0,0,17,0,17,0,1,41,0,42,41,0,41,83
10/30/2015,ARR,IL,AGL,CE,Towers with Radar,0,0,20,0,20,0,0,108,0,108,0,0,128,0,128,164,0,164,292
10/31/2015,ARR,IL,AGL,CE,Towers with Radar,2,5,4,0,11,0,0,0,0,0,2,5,4,0,11,0,0,0,11
11/01/2015,ARR,IL,AGL,CE,Towers with Radar,0,3,8,0,11,0,0,120,0,120,0,3,128,0,131,229,0,229,360
11/02/2015,ARR,IL,AGL,CE,Towers with Radar,1,4,24,0,29,0,0,73,0,73,1,4,97,0,102,111,0,111,213
11/03/2015,ARR,IL,AGL,CE,Towers with Radar,0,8,27,0,35,0,0,18,0,18,0,8,45,0,53,54,0,54,107
11/04/2015,ARR,IL,AGL,CE,Towers with Radar,0,1,20,0,21,0,0,19,0,19,0,1,39,0,40,50,0,50,90
11/05/2015,ARR,IL,AGL,CE,Towers with Radar,0,6,24,0,30,0,1,46,0,47,0,7,70,0,77,31,0,31,108
11/06/2015,ARR,IL,AGL,CE,Towers with Radar,1,2,23,2,28,0,0,55,4,59,1,2,78,6,87,35,4,39,126
11/07/2015,ARR,IL,AGL,CE,Towers with Radar,0,3,10,0,13,0,0,121,0,121,0,3,131,0,134,129,0,129,263
11/08/2015,ARR,IL,AGL,CE,Towers with Radar,0,3,13,2,18,0,0,125,2,127,0,3,138,4,145,148,0,148,293
11/09/2015,ARR,IL,AGL,CE,Towers with Radar,0,2,16,0,18,0,0,77,0,77,0,2,93,0,95,133,0,133,228
11/10/2015,ARR,IL,AGL,CE,Towers with Radar,0,6,33,0,39,0,0,115,0,115,0,6,148,0,154,140,0,140,294
11/11/2015,ARR,IL,AGL,CE,Towers with Radar,0,3,15,0,18,0,0,49,0,49,0,3,64,0,67,58,0,58,125
11/12/2015,ARR,IL,AGL,CE,Towers with Radar,0,3,17,0,20,0,0,4,0,4,0,3,21,0,24,0,0,0,24
11/13/2015,ARR,IL,AGL,CE,Towers with Radar,0,4,10,0,14,0,0,11,1,12,0,4,21,1,26,6,0,6,32
11/14/2015,ARR,IL,AGL,CE,Towers with Radar,0,1,9,0,10,0,0,131,0,131,0,1,140,0,141,165,0,165,306
11/15/2015,ARR,IL,AGL,CE,Towers with Radar,0,7,18,0,25,0,0,137,0,137,0,7,155,0,162,217,0,217,379
11/16/2015,ARR,IL,AGL,CE,Towers with Radar,0,0,16,0,16,0,0,42,0,42,0,0,58,0,58,75,0,75,133
11/17/2015,ARR,IL,AGL,CE,Towers with Radar,0,1,9,0,10,0,0,0,0,0,0,1,9,0,10,0,0,0,10
11/18/2015,ARR,IL,AGL,CE,Towers with Radar,0,5,13,1,19,0,0,4,2,6,0,5,17,3,25,0,12,12,37
11/19/2015,ARR,IL,AGL,CE,Towers with Radar,0,9,15,0,24,0,0,26,6,32,0,9,41,6,56,8,0,8,64
11/20/2015,ARR,IL,AGL,CE,Towers with Radar,0,7,21,0,28,0,0,98,0,98,0,7,119,0,126,189,0,189,315
11/21/2015,ARR,IL,AGL,CE,Towers with Radar,0,0,3,0,3,0,0,0,0,0,0,0,3,0,3,0,0,0,3
11/22/2015,ARR,IL,AGL,CE,Towers with Radar,0,5,11,0,16,0,0,45,0,45,0,5,56,0,61,32,0,32,93
11/23/2015,ARR,IL,AGL,CE,Towers with Radar,0,3,16,0,19,0,0,75,0,75,0,3,91,0,94,109,0,109,203
11/24/2015,ARR,IL,AGL,CE,Towers with Radar,0,1,24,0,25,0,0,117,0,117,0,1,141,0,142,132,0,132,274
11/25/2015,ARR,IL,AGL,CE,Towers with Radar,0,4,15,0,19,0,0,48,0,48,0,4,63,0,67,43,0,43,110
11/26/2015,ARR,IL,AGL,CE,Towers with Radar,0,2,1,0,3,0,0,5,0,5,0,2,6,0,8,3,0,3,11
11/27/2015,ARR,IL,AGL,CE,Towers with Radar,0,3,6,0,9,0,0,0,0,0,0,3,6,0,9,0,0,0,9
11/28/2015,ARR,IL,AGL,CE,Towers with Radar,0,0,9,0,9,0,0,74,0,74,0,0,83,0,83,104,0,104,187
11/29/2015,ARR,IL,AGL,CE,Towers with Radar,0,1,25,0,26,0,0,79,0,79,0,1,104,0,105,99,0,99,204
11/30/2015,ARR,IL,AGL,CE,Towers with Radar,0,1,7,0,8,0,0,14,0,14,0,1,21,0,22,7,0,7,29
12/01/2015,ARR,IL,AGL,CE,Towers with Radar,0,1,19,0,20,0,0,29,0,29,0,1,48,0,49,73,0,73,122
12/02/2015,ARR,IL,AGL,CE,Towers with Radar,0,3,16,0,19,0,0,9,0,9,0,3,25,0,28,0,0,0,28
12/03/2015,ARR,IL,AGL,CE,Towers with Radar,0,0,34,0,34,0,0,0,0,0,0,0,34,0,34,0,0,0,34
12/04/2015,ARR,IL,AGL,CE,Towers with Radar,0,3,24,4,31,0,0,70,0,70,0,3,94,4,101,109,4,113,214
12/05/2015,ARR,IL,AGL,CE,Towers with Radar,0,2,6,0,8,0,0,22,0,22,0,2,28,0,30,20,0,20,50
12/06/2015,ARR,IL,AGL,CE,Towers with Radar,0,7,11,3,21,0,0,101,0,101,0,7,112,3,122,106,0,106,228
12/07/2015,ARR,IL,AGL,CE,Towers with Radar,0,2,3,0,5,0,0,0,0,0,0,2,3,0,5,0,0,0,5
12/08/2015,ARR,IL,AGL,CE,Towers with Radar,0,1,40,0,41,0,0,43,7,50,0,1,83,7,91,77,6,83,174
12/09/2015,ARR,IL,AGL,CE,Towers with Radar,0,4,23,0,27,0,0,104,2,106,0,4,127,2,133,183,2,185,318
12/10/2015,ARR,IL,AGL,CE,Towers with Radar,0,4,11,0,15,0,0,34,0,34,0,4,45,0,49,10,0,10,59
12/11/2015,ARR,IL,AGL,CE,Towers with Radar,0,7,16,0,23,0,0,68,0,68,0,7,84,0,91,103,0,103,194
12/12/2015,ARR,IL,AGL,CE,Towers with Radar,0,4,10,0,14,0,0,0,0,0,0,4,10,0,14,0,0,0,14
12/13/2015,ARR,IL,AGL,CE,Towers with Radar,0,2,7,0,9,0,0,2,0,2,0,2,9,0,11,0,0,0,11
12/14/2015,ARR,IL,AGL,CE,Towers with Radar,0,6,15,0,21,0,0,1,0,1,0,6,16,0,22,0,0,0,22
12/15/2015,ARR,IL,AGL,CE,Towers with Radar,0,4,35,0,39,0,0,45,0,45,0,4,80,0,84,126,0,126,210
12/16/2015,ARR,IL,AGL,CE,Towers with Radar,0,2,28,0,30,0,0,6,0,6,0,2,34,0,36,6,0,6,42
12/17/2015,ARR,IL,AGL,CE,Towers with Radar,0,6,18,0,24,0,0,53,1,54,0,6,71,1,78,53,0,53,131
12/18/2015,ARR,IL,AGL,CE,Towers with Radar,0,0,18,0,18,0,0,36,0,36,0,0,54,0,54,58,0,58,112
12/19/2015,ARR,IL,AGL,CE,Towers with Radar,0,2,21,0,23,0,0,121,0,121,0,2,142,0,144,173,0,173,317
12/20/2015,ARR,IL,AGL,CE,Towers with Radar,0,2,7,0,9,0,0,33,0,33,0,2,40,0,42,48,0,48,90
12/21/2015,ARR,IL,AGL,CE,Towers with Radar,0,0,6,0,6,0,0,2,0,2,0,0,8,0,8,12,0,12,20
12/22/2015,ARR,IL,AGL,CE,Towers with Radar,0,3,10,0,13,0,0,0,0,0,0,3,10,0,13,4,0,4,17
12/23/2015,ARR,IL,AGL,CE,Towers with Radar,0,7,6,0,13,0,0,0,0,0,0,7,6,0,13,0,0,0,13
12/24/2015,ARR,IL,AGL,CE,Towers with Radar,0,1,4,0,5,0,0,45,0,45,0,1,49,0,50,43,0,43,93
12/25/2015,ARR,IL,AGL,CE,Towers with Radar,0,2,2,0,4,0,0,28,0,28,0,2,30,0,32,20,0,20,52
12/26/2015,ARR,IL,AGL,CE,Towers with Radar,0,1,11,0,12,0,0,0,0,0,0,1,11,0,12,0,0,0,12
12/27/2015,ARR,IL,AGL,CE,Towers with Radar,0,6,6,0,12,0,0,0,0,0,0,6,6,0,12,0,0,0,12
12/28/2015,ARR,IL,AGL,CE,Towers with Radar,0,2,3,0,5,0,0,0,0,0,0,2,3,0,5,0,0,0,5
12/29/2015,ARR,IL,AGL,CE,Towers with Radar,0,1,11,0,12,0,0,5,0,5,0,1,16,0,17,24,0,24,41
12/30/2015,ARR,IL,AGL,CE,Towers with Radar,0,3,6,0,9,0,0,15,1,16,0,3,21,1,25,170,0,170,195
12/31/2015,ARR,IL,AGL,CE,Towers with Radar,0,2,11,0,13,0,0,46,0,46,0,2,57,0,59,121,0,121,180
01/01/2016,ARR,IL,AGL,CE,Towers with Radar,0,1,2,0,3,0,0,6,0,6,0,1,8,0,9,76,0,76,85
01/02/2016,ARR,IL,AGL,CE,Towers with Radar,0,1,18,0,19,0,0,104,0,104,0,1,122,0,123,113,0,113,236
01/03/2016,ARR,IL,AGL,CE,Towers with Radar,0,4,19,0,23,0,0,70,0,70,0,4,89,0,93,192,0,192,285
01/04/2016,ARR,IL,AGL,CE,Towers with Radar,0,2,13,0,15,0,0,44,0,44,0,2,57,0,59,38,0,38,97
01/05/2016,ARR,IL,AGL,CE,Towers with Radar,0,3,16,0,19,1,0,85,2,88,1,3,101,2,107,204,16,220,327
01/06/2016,ARR,IL,AGL,CE,Towers with Radar,0,2,9,0,11,0,0,72,0,72,0,2,81,0,83,59,0,59,142
01/07/2016,ARR,IL,AGL,CE,Towers with Radar,0,3,12,0,15,0,0,31,2,33,0,3,43,2,48,144,2,146,194
01/08/2016,ARR,IL,AGL,CE,Towers with Radar,0,2,6,0,8,0,0,0,0,0,0,2,6,0,8,0,0,0,8
01/09/2016,ARR,IL,AGL,CE,Towers with Radar,0,4,3,2,9,0,0,0,0,0,0,4,3,2,9,0,0,0,9
01/10/2016,ARR,IL,AGL,CE,Towers with Radar,0,4,8,2,14,0,0,2,0,2,0,4,10,2,16,0,0,0,16
01/11/2016,ARR,IL,AGL,CE,Towers with Radar,0,1,7,0,8,0,0,11,0,11,0,1,18,0,19,2,0,2,21
01/12/2016,ARR,IL,AGL,CE,Towers with Radar,0,0,10,0,10,0,0,11,0,11,0,0,21,0,21,8,0,8,29
01/13/2016,ARR,IL,AGL,CE,Towers with Radar,0,0,15,0,15,0,0,7,0,7,0,0,22,0,22,6,0,6,28
01/14/2016,ARR,IL,AGL,CE,Towers with Radar,0,7,31,0,38,0,0,81,1,82,0,7,112,1,120,155,0,155,275
01/15/2016,ARR,IL,AGL,CE,Towers with Radar,0,2,11,0,13,0,0,5,0,5,0,2,16,0,18,10,0,10,28
01/16/2016,ARR,IL,AGL,CE,Towers with Radar,0,1,8,0,9,0,0,64,0,64,0,1,72,0,73,145,0,145,218
01/17/2016,ARR,IL,AGL,CE,Towers with Radar,0,0,5,0,5,0,0,7,0,7,0,0,12,0,12,5,0,5,17
01/18/2016,ARR,IL,AGL,CE,Towers with Radar,0,4,10,0,14,0,0,19,0,19,0,4,29,0,33,31,0,31,64
01/19/2016,ARR,IL,AGL,CE,Towers with Radar,0,2,11,0,13,0,0,43,0,43,0,2,54,0,56,60,0,60,116
01/20/2016,ARR,IL,AGL,CE,Towers with Radar,0,2,8,0,10,0,0,11,0,11,0,2,19,0,21,47,9,56,77
01/21/2016,ARR,IL,AGL,CE,Towers with Radar,0,1,15,0,16,0,0,62,0,62,0,1,77,0,78,88,0,88,166
01/22/2016,ARR,IL,AGL,CE,Towers with Radar,0,0,8,0,8,0,0,6,0,6,0,0,14,0,14,0,0,0,14
01/23/2016,ARR,IL,AGL,CE,Towers with Radar,0,1,22,0,23,0,0,125,0,125,0,1,147,0,148,181,0,181,329
01/24/2016,ARR,IL,AGL,CE,Towers with Radar,0,1,9,0,10,0,0,39,0,39,0,1,48,0,49,109,0,109,158
01/25/2016,ARR,IL,AGL,CE,Towers with Radar,0,0,12,0,12,0,0,22,0,22,0,0,34,0,34,35,0,35,69
01/26/2016,ARR,IL,AGL,CE,Towers with Radar,0,0,13,0,13,0,0,0,0,0,0,0,13,0,13,7,0,7,20
01/27/2016,ARR,IL,AGL,CE,Towers with Radar,0,9,18,0,27,0,0,71,2,73,0,9,89,2,100,41,0,41,141
01/28/2016,ARR,IL,AGL,CE,Towers with Radar,0,4,19,0,23,0,0,49,0,49,0,4,68,0,72,78,0,78,150
01/29/2016,ARR,IL,AGL,CE,Towers with Radar,0,6,12,2,20,0,0,121,0,121,0,6,133,2,141,229,0,229,370
01/30/2016,ARR,IL,AGL,CE,Towers with Radar,0,1,20,0,21,0,0,153,0,153,0,1,173,0,174,216,0,216,390
01/31/2016,ARR,IL,AGL,CE,Towers with Radar,0,1,6,2,9,0,0,0,0,0,0,1,6,2,9,0,0,0,9
02/01/2016,ARR,IL,AGL,CE,Towers with Radar,0,1,25,0,26,0,0,45,0,45,0,1,70,0,71,47,0,47,118
02/02/2016,ARR,IL,AGL,CE,Towers with Radar,0,0,6,0,6,0,0,8,0,8,0,0,14,0,14,14,0,14,28
02/03/2016,ARR,IL,AGL,CE,Towers with Radar,0,4,8,0,12,0,0,0,0,0,0,4,8,0,12,0,0,0,12
02/04/2016,ARR,IL,AGL,CE,Towers with Radar,0,9,21,0,30,0,1,128,0,129,0,10,149,0,159,94,0,94,253
02/05/2016,ARR,IL,AGL,CE,Towers with Radar,0,1,12,0,13,0,0,55,0,55,0,1,67,0,68,130,0,130,198
02/06/2016,ARR,IL,AGL,CE,Towers with Radar,0,2,14,0,16,0,0,83,0,83,0,2,97,0,99,165,0,165,264
02/07/2016,ARR,IL,AGL,CE,Towers with Radar,0,1,16,0,17,0,0,51,0,51,0,1,67,0,68,45,0,45,113
02/08/2016,ARR,IL,AGL,CE,Towers with Radar,0,0,11,0,11,0,0,7,0,7,0,0,18,0,18,10,0,10,28
02/09/2016,ARR,IL,AGL,CE,Towers with Radar,0,4,12,0,16,0,0,2,0,2,0,4,14,0,18,27,0,27,45
02/10/2016,ARR,IL,AGL,CE,Towers with Radar,0,2,18,2,22,0,0,35,0,35,0,2,53,2,57,17,0,17,74
02/11/2016,ARR,IL,AGL,CE,Towers with Radar,0,11,19,0,30,0,0,97,0,97,0,11,116,0,127,154,0,154,281
02/12/2016,ARR,IL,AGL,CE,Towers with Radar,0,3,14,0,17,0,0,5,0,5,0,3,19,0,22,25,0,25,47
02/13/2016,ARR,IL,AGL,CE,Towers with Radar,0,1,9,0,10,0,0,68,0,68,0,1,77,0,78,109,0,109,187
02/14/2016,ARR,IL,AGL,CE,Towers with Radar,0,1,0,0,1,0,0,0,0,0,0,1,0,0,1,0,0,0,1
02/15/2016,ARR,IL,AGL,CE,Towers with Radar,0,4,29,0,33,0,0,0,0,0,0,4,29,0,33,0,0,0,33
02/16/2016,ARR,IL,AGL,CE,Towers with Radar,1,0,17,0,18,0,0,3,0,3,1,0,20,0,21,13,0,13,34
02/17/2016,ARR,IL,AGL,CE,Towers with Radar,0,4,20,0,24,0,0,113,0,113,0,4,133,0,137,156,0,156,293
02/18/2016,ARR,IL,AGL,CE,Towers with Radar,0,2,17,2,21,0,0,68,11,79,0,2,85,13,100,35,8,43,143
02/19/2016,ARR,IL,AGL,CE,Towers with Radar,0,6,9,0,15,0,0,3,0,3,0,6,12,0,18,0,0,0,18
02/20/2016,ARR,IL,AGL,CE,Towers with Radar,0,4,14,0,18,0,0,140,3,143,0,4,154,3,161,219,5,224,385
02/21/2016,ARR,IL,AGL,CE,Towers with Radar,0,2,14,0,16,0,0,36,0,36,0,2,50,0,52,41,0,41,93
02/22/2016,ARR,IL,AGL,CE,Towers with Radar,1,2,16,0,19,1,0,63,0,64,2,2,79,0,83,101,0,101,184
02/23/2016,ARR,IL,AGL,CE,Towers with Radar,0,3,18,0,21,0,0,86,0,86,0,3,104,0,107,128,0,128,235
02/24/2016,ARR,IL,AGL,CE,Towers with Radar,0,2,10,0,12,0,0,2,0,2,0,2,12,0,14,0,0,0,14
02/25/2016,ARR,IL,AGL,CE,Towers with Radar,0,6,18,0,24,0,0,18,0,18,0,6,36,0,42,37,0,37,79
02/26/2016,ARR,IL,AGL,CE,Towers with Radar,0,2,22,0,24,0,0,97,0,97,0,2,119,0,121,128,0,128,249
02/27/2016,ARR,IL,AGL,CE,Towers with Radar,0,3,21,0,24,0,0,142,0,142,0,3,163,0,166,91,0,91,257
02/28/2016,ARR,IL,AGL,CE,Towers with Radar,0,5,11,0,16,0,0,10,0,10,0,5,21,0,26,6,0,6,32
02/29/2016,ARR,IL,AGL,CE,Towers with Radar,0,0,14,0,14,0,0,15,0,15,0,0,29,0,29,16,0,16,45
03/01/2016,ARR,IL,AGL,CE,Towers with Radar,0,3,11,0,14,0,0,0,0,0,0,3,11,0,14,0,0,0,14
03/02/2016,ARR,IL,AGL,CE,Towers with Radar,0,1,31,0,32,0,0,96,6,102,0,1,127,6,134,96,2,98,232
03/03/2016,ARR,IL,AGL,CE,Towers with Radar,0,3,14,0,17,0,0,3,0,3,0,3,17,0,20,0,0,0,20
03/04/2016,ARR,IL,AGL,CE,Towers with Radar,0,2,16,3,21,0,0,53,0,53,0,2,69,3,74,43,0,43,117
03/05/2016,ARR,IL,AGL,CE,Towers with Radar,0,2,9,0,11,0,0,9,0,9,0,2,18,0,20,31,0,31,51
03/06/2016,ARR,IL,AGL,CE,Towers with Radar,0,1,12,2,15,0,0,108,2,110,0,1,120,4,125,132,3,135,260
03/07/2016,ARR,IL,AGL,CE,Towers with Radar,0,2,15,0,17,2,0,27,0,29,2,2,42,0,46,45,0,45,91
03/08/2016,ARR,IL,AGL,CE,Towers with Radar,0,3,14,0,17,0,0,22,0,22,0,3,36,0,39,30,0,30,69
03/09/2016,ARR,IL,AGL,CE,Towers with Radar,0,4,24,0,28,0,0,27,0,27,0,4,51,0,55,122,0,122,177
03/10/2016,ARR,IL,AGL,CE,Towers with Radar,0,4,11,0,15,0,0,30,4,34,0,4,41,4,49,29,40,69,118
03/11/2016,ARR,IL,AGL,CE,Towers with Radar,0,3,20,0,23,0,0,159,0,159,0,3,179,0,182,163,0,163,345
03/12/2016,ARR,IL,AGL,CE,Towers with Radar,0,2,14,0,16,0,0,104,0,104,0,2,118,0,120,94,0,94,214
03/13/2016,ARR,IL,AGL,CE,Towers with Radar,0,3,19,0,22,0,0,0,0,0,0,3,19,0,22,0,0,0,22
03/14/2016,ARR,IL,AGL,CE,Towers with Radar,0,0,16,0,16,0,0,0,0,0,0,0,16,0,16,0,0,0,16
03/15/2016,ARR,IL,AGL,CE,Towers with Radar,0,2,24,0,26,0,0,3,0,3,0,2,27,0,29,0,0,0,29
03/16/2016,ARR,IL,AGL,CE,Towers with Radar,0,2,8,0,10,0,0,1,0,1,0,2,9,0,11,0,0,0,11
03/17/2016,ARR,IL,AGL,CE,Towers with Radar,0,2,9,0,11,0,0,46,0,46,0,2,55,0,57,31,0,31,88
03/18/2016,ARR,IL,AGL,CE,Towers with Radar,0,4,19,0,23,0,0,136,0,136,0,4,155,0,159,166,0,166,325
03/19/2016,ARR,IL,AGL,CE,Towers with Radar,0,5,8,0,13,0,0,50,0,50,0,5,58,0,63,93,0,93,156
03/20/2016,ARR,IL,AGL,CE,Towers with Radar,0,1,11,0,12,0,0,136,0,136,0,1,147,0,148,69,0,69,217
03/21/2016,ARR,IL,AGL,CE,Towers with Radar,0,0,22,0,22,0,0,105,0,105,0,0,127,0,127,104,0,104,231
03/22/2016,ARR,IL,AGL,CE,Towers with Radar,0,4,20,0,24,0,0,36,0,36,0,4,56,0,60,21,0,21,81
03/23/2016,ARR,IL,AGL,CE,Towers with Radar,0,1,10,0,11,0,0,9,0,9,0,1,19,0,20,20,0,20,40
03/24/2016,ARR,IL,AGL,CE,Towers with Radar,0,1,10,0,11,0,0,0,0,0,0,1,10,0,11,0,0,0,11
03/25/2016,ARR,IL,AGL,CE,Towers with Radar,0,4,17,0,21,0,0,174,0,174,0,4,191,0,195,143,0,143,338
03/26/2016,ARR,IL,AGL,CE,Towers with Radar,0,4,10,0,14,0,0,128,0,128,0,4,138,0,142,215,0,215,357
03/27/2016,ARR,IL,AGL,CE,Towers with Radar,0,3,6,0,9,0,0,15,0,15,0,3,21,0,24,14,0,14,38
03/28/2016,ARR,IL,AGL,CE,Towers with Radar,0,3,22,0,25,0,0,64,0,64,0,3,86,0,89,173,0,173,262
03/29/2016,ARR,IL,AGL,CE,Towers with Radar,0,4,21,0,25,0,0,71,2,73,0,4,92,2,98,125,18,143,241
03/30/2016,ARR,IL,AGL,CE,Towers with Radar,0,0,17,2,19,0,0,27,6,33,0,0,44,8,52,47,0,47,99
03/31/2016,ARR,IL,AGL,CE,Towers with Radar,0,3,4,0,7,0,0,2,0,2,0,3,6,0,9,0,0,0,9
04/01/2016,ARR,IL,AGL,CE,Towers with Radar,0,1,21,1,23,0,0,16,1,17,0,1,37,2,40,9,0,9,49
04/02/2016,ARR,IL,AGL,CE,Towers with Radar,0,1,3,0,4,0,0,4,0,4,0,1,7,0,8,0,0,0,8
04/03/2016,ARR,IL,AGL,CE,Towers with Radar,1,3,14,2,20,0,0,24,0,24,1,3,38,2,44,11,0,11,55
04/04/2016,ARR,IL,AGL,CE,Towers with Radar,0,0,21,0,21,0,0,41,0,41,0,0,62,0,62,50,0,50,112
04/05/2016,ARR,IL,AGL,CE,Towers with Radar,0,0,18,0,18,0,0,67,0,67,0,0,85,0,85,58,0,58,143
04/06/2016,ARR,IL,AGL,CE,Towers with Radar,0,2,17,0,19,0,0,0,0,0,0,2,17,0,19,0,0,0,19
04/07/2016,ARR,IL,AGL,CE,Towers with Radar,0,1,18,0,19,0,0,11,0,11,0,1,29,0,30,25,0,25,55
04/08/2016,ARR,IL,AGL,CE,Towers with Radar,0,3,5,0,8,0,0,2,1,3,0,3,7,1,11,6,0,6,17
04/09/2016,ARR,IL,AGL,CE,Towers with Radar,0,3,7,0,10,0,0,151,1,152,0,3,158,1,162,218,0,218,380
04/10/2016,ARR,IL,AGL,CE,Towers with Radar,0,1,14,0,15,0,0,0,0,0,0,1,14,0,15,0,0,0,15
04/11/2016,ARR,IL,AGL,CE,Towers with Radar,0,4,14,0,18,0,0,66,0,66,0,4,80,0,84,33,0,33,117
04/12/2016,ARR,IL,AGL,CE,Towers with Radar,0,4,26,0,30,0,0,95,2,97,0,4,121,2,127,136,0,136,263
04/13/2016,ARR,IL,AGL,CE,Towers with Radar,0,2,21,0,23,0,0,144,0,144,0,2,165,0,167,142,0,142,309
04/14/2016,ARR,IL,AGL,CE,Towers with Radar,0,2,15,0,17,0,0,137,2,139,0,2,152,2,156,108,2,110,266
04/15/2016,ARR,IL,AGL,CE,Towers with Radar,0,4,16,0,20,0,0,140,6,146,0,4,156,6,166,115,4,119,285
04/16/2016,ARR,IL,AGL,CE,Towers with Radar,0,4,14,1,19,0,0,160,4,164,0,4,174,5,183,201,2,203,386
04/17/2016,ARR,IL,AGL,CE,Towers with Radar,0,2,11,0,13,0,0,89,12,101,0,2,100,12,114,135,0,135,249
04/18/2016,ARR,IL,AGL,CE,Towers with Radar,0,2,7,0,9,0,0,116,0,116,0,2,123,0,125,150,0,150,275
04/19/2016,ARR,IL,AGL,CE,Towers with Radar,0,2,16,0,18,0,0,78,0,78,0,2,94,0,96,99,0,99,195
04/20/2016,ARR,IL,AGL,CE,Towers with Radar,0,1,18,0,19,0,0,39,0,39,0,1,57,0,58,90,0,90,148
04/21/2016,ARR,IL,AGL,CE,Towers with Radar,0,2,30,0,32,0,0,24,0,24,0,2,54,0,56,68,0,68,124
04/22/2016,ARR,IL,AGL,CE,Towers with Radar,0,2,31,0,33,0,0,67,0,67,0,2,98,0,100,104,0,104,204
04/23/2016,ARR,IL,AGL,CE,Towers with Radar,0,2,6,0,8,0,0,175,0,175,0,2,181,0,183,129,0,129,312
04/24/2016,ARR,IL,AGL,CE,Towers with Radar,0,1,11,0,12,0,0,110,0,110,0,1,121,0,122,130,0,130,252
04/25/2016,ARR,IL,AGL,CE,Towers with Radar,0,3,19,0,22,0,0,16,0,16,0,3,35,0,38,10,0,10,48
04/26/2016,ARR,IL,AGL,CE,Towers with Radar,0,3,20,2,25,0,0,48,0,48,0,3,68,2,73,91,0,91,164
04/27/2016,ARR,IL,AGL,CE,Towers with Radar,0,2,22,0,24,0,0,2,0,2,0,2,24,0,26,14,0,14,40
04/28/2016,ARR,IL,AGL,CE,Towers with Radar,0,1,29,0,30,0,0,15,0,15,0,1,44,0,45,54,0,54,99
04/29/2016,ARR,IL,AGL,CE,Towers with Radar,0,3,36,0,39,0,0,61,0,61,0,3,97,0,100,79,0,79,179
04/30/2016,ARR,IL,AGL,CE,Towers with Radar,0,1,15,0,16,0,0,9,0,9,0,1,24,0,25,22,0,22,47
05/01/2016,ARR,IL,AGL,CE,Towers with Radar,0,1,18,0,19,0,0,0,0,0,0,1,18,0,19,0,0,0,19
05/02/2016,ARR,IL,AGL,CE,Towers with Radar,0,1,12,0,13,0,0,98,0,98,0,1,110,0,111,108,0,108,219
05/03/2016,ARR,IL,AGL,CE,Towers with Radar,0,2,14,0,16,0,0,146,2,148,0,2,160,2,164,195,6,201,365
05/04/2016,ARR,IL,AGL,CE,Towers with Radar,0,2,29,0,31,0,0,64,0,64,0,2,93,0,95,133,0,133,228
05/05/2016,ARR,IL,AGL,CE,Towers with Radar,0,1,22,0,23,0,0,120,0,120,0,1,142,0,143,166,0,166,309
05/06/2016,ARR,IL,AGL,CE,Towers with Radar,0,0,22,2,24,0,0,130,0,130,0,0,152,2,154,141,0,141,295
05/07/2016,ARR,IL,AGL,CE,Towers with Radar,0,0,14,0,14,0,0,43,0,43,0,0,57,0,57,72,0,72,129
05/08/2016,ARR,IL,AGL,CE,Towers with Radar,0,1,12,3,16,0,0,101,0,101,0,1,113,3,117,146,0,146,263
05/09/2016,ARR,IL,AGL,CE,Towers with Radar,0,0,16,0,16,0,0,5,0,5,0,0,21,0,21,3,0,3,24
05/10/2016,ARR,IL,AGL,CE,Towers with Radar,0,1,15,0,16,0,0,2,0,2,0,1,17,0,18,0,0,0,18
05/11/2016,ARR,IL,AGL,CE,Towers with Radar,0,1,24,0,25,0,0,13,0,13,0,1,37,0,38,40,0,40,78
05/12/2016,ARR,IL,AGL,CE,Towers with Radar,0,0,19,0,19,0,1,33,0,34,0,1,52,0,53,61,0,61,114
05/13/2016,ARR,IL,AGL,CE,Towers with Radar,0,2,18,1,21,0,0,82,0,82,0,2,100,1,103,90,0,90,193
05/14/2016,ARR,IL,AGL,CE,Towers with Radar,0,1,6,0,7,0,0,49,4,53,0,1,55,4,60,48,24,72,132
05/15/2016,ARR,IL,AGL,CE,Towers with Radar,0,3,8,1,12,0,0,135,1,136,0,3,143,2,148,175,0,175,323
05/16/2016,ARR,IL,AGL,CE,Towers with Radar,0,2,23,0,25,0,0,60,0,60,0,2,83,0,85,130,0,130,215
05/17/2016,ARR,IL,AGL,CE,Towers with Radar,0,8,17,0,25,0,0,66,0,66,0,8,83,0,91,92,0,92,183
05/18/2016,ARR,IL,AGL,CE,Towers with Radar,0,2,17,0,19,0,0,100,4,104,0,2,117,4,123,136,0,136,259
05/19/2016,ARR,IL,AGL,CE,Towers with Radar,0,1,14,0,15,0,0,88,0,88,0,1,102,0,103,119,0,119,222
05/20/2016,ARR,IL,AGL,CE,Towers with Radar,0,4,15,0,19,0,0,119,0,119,0,4,134,0,138,191,0,191,329
05/21/2016,ARR,IL,AGL,CE,Towers with Radar,0,4,16,0,20,0,0,81,0,81,0,4,97,0,101,80,0,80,181
05/22/2016,ARR,IL,AGL,CE,Towers with Radar,0,1,18,0,19,0,0,232,0,232,0,1,250,0,251,82,0,82,333
05/23/2016,ARR,IL,AGL,CE,Towers with Radar,0,0,17,0,17,0,0,81,13,94,0,0,98,13,111,106,0,106,217
05/24/2016,ARR,IL,AGL,CE,Towers with Radar,0,5,10,0,15,0,0,71,4,75,0,5,81,4,90,67,0,67,157
05/25/2016,ARR,IL,AGL,CE,Towers with Radar,0,4,11,0,15,0,0,38,2,40,0,4,49,2,55,8,4,12,67
05/26/2016,ARR,IL,AGL,CE,Towers with Radar,0,4,14,1,19,0,0,57,0,57,0,4,71,1,76,71,0,71,147
05/27/2016,ARR,IL,AGL,CE,Towers with Radar,0,4,11,5,20,0,0,25,0,25,0,4,36,5,45,23,0,23,68
05/28/2016,ARR,IL,AGL,CE,Towers with Radar,0,0,8,0,8,0,0,35,0,35,0,0,43,0,43,68,0,68,111
05/29/2016,ARR,IL,AGL,CE,Towers with Radar,0,0,12,10,22,0,0,91,0,91,0,0,103,10,113,149,0,149,262
05/30/2016,ARR,IL,AGL,CE,Towers with Radar,0,4,10,1,15,0,0,151,0,151,0,4,161,1,166,186,0,186,352
05/31/2016,ARR,IL,AGL,CE,Towers with Radar,0,2,18,0,20,0,0,57,0,57,0,2,75,0,77,93,0,93,170
06/01/2016,ARR,IL,AGL,CE,Towers with Radar,0,4,18,0,22,0,0,65,0,65,0,4,83,0,87,161,0,161,248
06/02/2016,ARR,IL,AGL,CE,Towers with Radar,0,5,19,2,26,0,0,150,6,156,0,5,169,8,182,230,10,240,422
06/03/2016,ARR,IL,AGL,CE,Towers with Radar,0,0,22,8,30,0,0,150,0,150,0,0,172,8,180,238,0,238,418
06/04/2016,ARR,IL,AGL,CE,Towers with Radar,0,5,12,0,17,0,0,16,8,24,0,5,28,8,41,25,0,25,66
06/05/2016,ARR,IL,AGL,CE,Towers with Radar,0,0,17,4,21,0,0,76,0,76,0,0,93,4,97,123,0,123,220
06/06/2016,ARR,IL,AGL,CE,Towers with Radar,0,3,15,0,18,0,0,78,0,78,0,3,93,0,96,99,0,99,195
06/07/2016,ARR,IL,AGL,CE,Towers with Radar,0,1,19,0,20,0,0,70,0,70,0,1,89,0,90,190,0,190,280
06/08/2016,ARR,IL,AGL,CE,Towers with Radar,0,2,26,0,28,0,0,125,0,125,0,2,151,0,153,188,0,188,341
06/09/2016,ARR,IL,AGL,CE,Towers with Radar,0,2,18,0,20,0,0,22,3,25,0,2,40,3,45,39,0,39,84
06/10/2016,ARR,IL,AGL,CE,Towers with Radar,0,4,16,1,21,0,0,71,4,75,0,4,87,5,96,150,0,150,246
06/11/2016,ARR,IL,AGL,CE,Towers with Radar,0,2,13,0,15,0,0,74,0,74,0,2,87,0,89,41,0,41,130
06/12/2016,ARR,IL,AGL,CE,Towers with Radar,0,0,18,0,18,0,0,133,0,133,0,0,151,0,151,122,0,122,273
06/13/2016,ARR,IL,AGL,CE,Towers with Radar,0,2,22,0,24,0,0,102,0,102,0,2,124,0,126,134,0,134,260
06/14/2016,ARR,IL,AGL,CE,Towers with Radar,0,2,22,0,24,0,0,31,0,31,0,2,53,0,55,35,0,35,90
06/15/2016,ARR,IL,AGL,CE,Towers with Radar,0,1,20,0,21,0,0,72,0,72,0,1,92,0,93,101,0,101,194
06/16/2016,ARR,IL,AGL,CE,Towers with Radar,0,2,36,0,38,0,0,49,0,49,0,2,85,0,87,34,0,34,121
06/17/2016,ARR,IL,AGL,CE,Towers with Radar,0,3,20,0,23,0,0,98,1,99,0,3,118,1,122,126,0,126,248
06/18/2016,ARR,IL,AGL,CE,Towers with Radar,0,1,14,0,15,0,0,114,0,114,0,1,128,0,129,136,0,136,265
06/19/2016,ARR,IL,AGL,CE,Towers with Radar,0,2,21,0,23,0,0,100,0,100,0,2,121,0,123,114,0,114,237
06/20/2016,ARR,IL,AGL,CE,Towers with Radar,0,0,19,0,19,0,0,29,0,29,0,0,48,0,48,13,0,13,61
06/21/2016,ARR,IL,AGL,CE,Towers with Radar,0,2,24,0,26,0,0,90,1,91,0,2,114,1,117,78,0,78,195
06/22/2016,ARR,IL,AGL,CE,Towers with Radar,0,5,14,0,19,0,0,1,0,1,0,5,15,0,20,0,0,0,20
06/23/2016,ARR,IL,AGL,CE,Towers with Radar,0,1,32,0,33,0,0,15,0,15,0,1,47,0,48,34,0,34,82
06/24/2016,ARR,IL,AGL,CE,Towers with Radar,0,3,20,0,23,0,0,126,0,126,0,3,146,0,149,140,0,140,289
06/25/2016,ARR,IL,AGL,CE,Towers with Radar,0,2,8,0,10,0,0,88,0,88,0,2,96,0,98,109,0,109,207
06/26/2016,ARR,IL,AGL,CE,Towers with Radar,0,4,14,0,18,0,1,119,0,120,0,5,133,0,138,51,0,51,189
06/27/2016,ARR,IL,AGL,CE,Towers with Radar,0,3,17,0,20,0,0,55,0,55,0,3,72,0,75,57,0,57,132
06/28/2016,ARR,IL,AGL,CE,Towers with Radar,0,3,29,0,32,0,0,97,3,100,0,3,126,3,132,136,0,136,268
06/29/2016,ARR,IL,AGL,CE,Towers with Radar,0,1,16,0,17,0,0,139,2,141,0,1,155,2,158,157,2,159,317
06/30/2016,ARR,IL,AGL,CE,Towers with Radar,0,4,15,0,19,0,0,85,0,85,0,4,100,0,104,98,0,98,202
07/01/2016,ARR,IL,AGL,CE,Towers with Radar,0,0,17,0,17,0,0,99,0,99,0,0,116,0,116,113,0,113,229
07/02/2016,ARR,IL,AGL,CE,Towers with Radar,0,0,16,0,16,0,0,162,0,162,0,0,178,0,178,145,0,145,323
07/03/2016,ARR,IL,AGL,CE,Towers with Radar,0,4,2,0,6,0,0,108,0,108,0,4,110,0,114,89,0,89,203
07/04/2016,ARR,IL,AGL,CE,Towers with Radar,0,1,18,0,19,0,0,35,0,35,0,1,53,0,54,6,0,6,60
07/05/2016,ARR,IL,AGL,CE,Towers with Radar,0,2,21,0,23,0,0,52,0,52,0,2,73,0,75,102,0,102,177
07/06/2016,ARR,IL,AGL,CE,Towers with Radar,0,0,16,0,16,0,0,60,0,60,0,0,76,0,76,57,0,57,133
07/07/2016,ARR,IL,AGL,CE,Towers with Radar,0,2,7,0,9,0,0,29,0,29,0,2,36,0,38,58,0,58,96
07/08/2016,ARR,IL,AGL,CE,Towers with Radar,0,3,11,2,16,0,0,77,0,77,0,3,88,2,93,153,0,153,246
07/09/2016,ARR,IL,AGL,CE,Towers with Radar,0,0,24,0,24,0,0,101,0,101,0,0,125,0,125,142,0,142,267
07/10/2016,ARR,IL,AGL,CE,Towers with Radar,0,0,13,2,15,0,0,125,0,125,0,0,138,2,140,83,0,83,223
07/11/2016,ARR,IL,AGL,CE,Towers with Radar,0,2,13,0,15,0,0,82,0,82,0,2,95,0,97,68,0,68,165
07/12/2016,ARR,IL,AGL,CE,Towers with Radar,0,1,26,0,27,0,0,56,0,56,0,1,82,0,83,51,0,51,134
07/13/2016,ARR,IL,AGL,CE,Towers with Radar,0,0,6,0,6,0,0,30,0,30,0,0,36,0,36,79,0,79,115
07/14/2016,ARR,IL,AGL,CE,Towers with Radar,0,6,22,0,28,0,0,99,0,99,0,6,121,0,127,117,0,117,244
07/15/2016,ARR,IL,AGL,CE,Towers with Radar,0,2,25,1,28,0,0,139,0,139,0,2,164,1,167,181,0,181,348
07/16/2016,ARR,IL,AGL,CE,Towers with Radar,0,1,15,0,16,0,1,311,0,312,0,2,326,0,328,177,0,177,505
07/17/2016,ARR,IL,AGL,CE,Towers with Radar,1,4,19,1,25,0,0,60,0,60,1,4,79,1,85,69,0,69,154
07/18/2016,ARR,IL,AGL,CE,Towers with Radar,0,0,18,0,18,0,0,76,0,76,0,0,94,0,94,124,0,124,218
07/19/2016,ARR,IL,AGL,CE,Towers with Radar,0,2,17,0,19,0,0,118,0,118,0,2,135,0,137,73,0,73,210
07/20/2016,ARR,IL,AGL,CE,Towers with Radar,0,5,22,0,27,0,0,80,0,80,0,5,102,0,107,192,0,192,299
07/21/2016,ARR,IL,AGL,CE,Towers with Radar,0,4,20,0,24,0,0,77,0,77,0,4,97,0,101,150,0,150,251
07/22/2016,ARR,IL,AGL,CE,Towers with Radar,0,5,20,0,25,0,0,83,0,83,0,5,103,0,108,125,0,125,233
07/23/2016,ARR,IL,AGL,CE,Towers with Radar,0,1,16,0,17,0,0,87,0,87,0,1,103,0,104,110,0,110,214
07/24/2016,ARR,IL,AGL,CE,Towers with Radar,0,3,15,0,18,0,0,42,0,42,0,3,57,0,60,16,0,16,76
07/25/2016,ARR,IL,AGL,CE,Towers with Radar,0,2,23,0,25,0,0,148,0,148,0,2,171,0,173,141,0,141,314
07/26/2016,ARR,IL,AGL,CE,Towers with Radar,0,6,28,0,34,0,0,96,0,96,0,6,124,0,130,90,0,90,220
07/27/2016,ARR,IL,AGL,CE,Towers with Radar,0,0,11,0,11,0,0,107,0,107,0,0,118,0,118,147,0,147,265
07/28/2016,ARR,IL,AGL,CE,Towers with Radar,0,1,19,0,20,0,0,50,0,50,0,1,69,0,70,33,0,33,103
07/29/2016,ARR,IL,AGL,CE,Towers with Radar,0,3,19,0,22,0,0,2,0,2,0,3,21,0,24,0,0,0,24
07/30/2016,ARR,IL,AGL,CE,Towers with Radar,0,4,16,0,20,0,0,51,0,51,0,4,67,0,71,68,0,68,139
07/31/2016,ARR,IL,AGL,CE,Towers with Radar,0,5,21,1,27,0,0,71,0,71,0,5,92,1,98,58,0,58,156
08/01/2016,ARR,IL,AGL,CE,Towers with Radar,0,3,18,0,21,0,0,148,0,148,0,3,166,0,169,130,0,130,299
08/02/2016,ARR,IL,AGL,CE,Towers with Radar,0,1,11,0,12,0,0,77,0,77,0,1,88,0,89,38,0,38,127
08/03/2016,ARR,IL,AGL,CE,Towers with Radar,0,6,13,1,20,0,0,116,1,117,0,6,129,2,137,135,0,135,272
08/04/2016,ARR,IL,AGL,CE,Towers with Radar,0,7,11,0,18,0,1,92,2,95,0,8,103,2,113,131,0,131,244
08/05/2016,ARR,IL,AGL,CE,Towers with Radar,0,3,14,2,19,0,0,48,0,48,0,3,62,2,67,85,0,85,152
08/06/2016,ARR,IL,AGL,CE,Towers with Radar,0,3,18,3,24,0,0,104,0,104,0,3,122,3,128,70,0,70,198
08/07/2016,ARR,IL,AGL,CE,Towers with Radar,0,4,14,5,23,0,0,119,1,120,0,4,133,6,143,102,0,102,245
08/08/2016,ARR,IL,AGL,CE,Towers with Radar,0,5,18,0,23,0,0,123,0,123,0,5,141,0,146,90,0,90,236
08/09/2016,ARR,IL,AGL,CE,Towers with Radar,0,1,24,0,25,0,0,101,0,101,0,1,125,0,126,98,0,98,224
08/10/2016,ARR,IL,AGL,CE,Towers with Radar,0,0,26,0,26,0,0,115,0,115,0,0,141,0,141,63,0,63,204
08/11/2016,ARR,IL,AGL,CE,Towers with Radar,0,0,20,0,20,0,0,76,0,76,0,0,96,0,96,77,0,77,173
08/12/2016,ARR,IL,AGL,CE,Towers with Radar,0,3,9,0,12,0,0,11,0,11,0,3,20,0,23,8,0,8,31
08/13/2016,ARR,IL,AGL,CE,Towers with Radar,0,4,14,0,18,0,0,31,1,32,0,4,45,1,50,93,0,93,143
08/14/2016,ARR,IL,AGL,CE,Towers with Radar,0,4,16,0,20,0,0,175,0,175,0,4,191,0,195,234,0,234,429
08/15/2016,ARR,IL,AGL,CE,Towers with Radar,0,2,9,0,11,0,0,28,0,28,0,2,37,0,39,53,0,53,92
08/16/2016,ARR,IL,AGL,CE,Towers with Radar,0,0,27,0,27,0,0,138,0,138,0,0,165,0,165,111,0,111,276
08/17/2016,ARR,IL,AGL,CE,Towers with Radar,0,1,18,0,19,0,0,77,0,77,0,1,95,0,96,90,0,90,186
08/18/2016,ARR,IL,AGL,CE,Towers with Radar,0,4,14,2,20,0,1,83,0,84,0,5,97,2,104,89,0,89,193
08/19/2016,ARR,IL,AGL,CE,Towers with Radar,0,3,13,0,16,0,0,49,0,49,0,3,62,0,65,63,0,63,128
08/20/2016,ARR,IL,AGL,CE,Towers with Radar,0,4,6,0,10,0,0,19,0,19,0,4,25,0,29,19,0,19,48
08/21/2016,ARR,IL,AGL,CE,Towers with Radar,0,7,10,0,17,0,0,105,0,105,0,7,115,0,122,155,0,155,277
08/22/2016,ARR,IL,AGL,CE,Towers with Radar,0,2,24,0,26,0,0,94,0,94,0,2,118,0,120,92,0,92,212
08/23/2016,ARR,IL,AGL,CE,Towers with Radar,0,2,28,4,34,0,0,91,0,91,0,2,119,4,125,90,0,90,215
08/24/2016,ARR,IL,AGL,CE,Towers with Radar,0,6,21,1,28,0,0,2,0,2,0,6,23,1,30,0,0,0,30
08/25/2016,ARR,IL,AGL,CE,Towers with Radar,0,3,28,0,31,0,0,57,0,57,0,3,85,0,88,104,0,104,192
08/26/2016,ARR,IL,AGL,CE,Towers with Radar,0,3,10,0,13,0,0,147,0,147,0,3,157,0,160,139,0,139,299
08/27/2016,ARR,IL,AGL,CE,Towers with Radar,0,3,11,0,14,0,0,31,0,31,0,3,42,0,45,116,0,116,161
08/28/2016,ARR,IL,AGL,CE,Towers with Radar,0,1,10,0,11,0,0,201,0,201,0,1,211,0,212,144,0,144,356
08/29/2016,ARR,IL,AGL,CE,Towers with Radar,0,0,15,0,15,0,0,66,0,66,0,0,81,0,81,40,0,40,121
08/30/2016,ARR,IL,AGL,CE,Towers with Radar,0,3,23,0,26,0,0,34,0,34,0,3,57,0,60,78,0,78,138
08/31/2016,ARR,IL,AGL,CE,Towers with Radar,0,1,24,0,25,0,0,72,1,73,0,1,96,1,98,73,0,73,171
09/01/2016,ARR,IL,AGL,CE,Towers with Radar,0,1,17,0,18,0,0,93,0,93,0,1,110,0,111,75,0,75,186
09/02/2016,ARR,IL,AGL,CE,Towers with Radar,0,3,22,0,25,0,0,135,0,135,0,3,157,0,160,123,0,123,283
09/03/2016,ARR,IL,AGL,CE,Towers with Radar,0,2,27,0,29,0,0,137,0,137,0,2,164,0,166,205,0,205,371
09/04/2016,ARR,IL,AGL,CE,Towers with Radar,0,6,13,0,19,0,0,86,1,87,0,6,99,1,106,122,0,122,228
09/05/2016,ARR,IL,AGL,CE,Towers with Radar,0,1,22,4,27,0,2,101,0,103,0,3,123,4,130,29,0,29,159
09/06/2016,ARR,IL,AGL,CE,Towers with Radar,0,2,18,2,22,0,0,80,0,80,0,2,98,2,102,78,0,78,180
09/07/2016,ARR,IL,AGL,CE,Towers with Radar,0,4,11,0,15,0,0,48,0,48,0,4,59,0,63,49,0,49,112
09/08/2016,ARR,IL,AGL,CE,Towers with Radar,0,2,26,0,28,0,0,31,0,31,0,2,57,0,59,36,0,36,95
09/09/2016,ARR,IL,AGL,CE,Towers with Radar,0,3,38,2,43,0,1,20,0,21,0,4,58,2,64,11,0,11,75
09/10/2016,ARR,IL,AGL,CE,Towers with Radar,0,3,19,0,22,0,0,56,0,56,0,3,75,0,78,42,0,42,120
09/11/2016,ARR,IL,AGL,CE,Towers with Radar,0,4,21,2,27,0,4,190,0,194,0,8,211,2,221,95,0,95,316
09/12/2016,ARR,IL,AGL,CE,Towers with Radar,0,2,16,0,18,0,0,91,0,91,0,2,107,0,109,112,0,112,221
09/13/2016,ARR,IL,AGL,CE,Towers with Radar,0,2,25,0,27,0,0,78,0,78,0,2,103,0,105,216,0,216,321
09/14/2016,ARR,IL,AGL,CE,Towers with Radar,0,1,16,0,17,0,0,59,0,59,0,1,75,0,76,70,0,70,146
09/15/2016,ARR,IL,AGL,CE,Towers with Radar,0,2,20,0,22,0,0,114,0,114,0,2,134,0,136,129,0,129,265
09/16/2016,ARR,IL,AGL,CE,Towers with Radar,0,2,16,4,22,0,0,33,0,33,0,2,49,4,55,38,0,38,93
09/17/2016,ARR,IL,AGL,CE,Towers with Radar,0,3,28,0,31,0,0,71,0,71,0,3,99,0,102,77,0,77,179
09/18/2016,ARR,IL,AGL,CE,Towers with Radar,0,4,18,0,22,0,0,156,0,156,0,4,174,0,178,163,0,163,341
09/19/2016,ARR,IL,AGL,CE,Towers with Radar,0,1,22,0,23,0,0,92,0,92,0,1,114,0,115,56,0,56,171
09/20/2016,ARR,IL,AGL,CE,Towers with Radar,0,3,24,0,27,0,0,93,0,93,0,3,117,0,120,70,0,70,190
09/21/2016,ARR,IL,AGL,CE,Towers with Radar,0,2,16,0,18,0,0,1,0,1,0,2,17,0,19,0,0,0,19
09/22/2016,ARR,IL,AGL,CE,Towers with Radar,0,2,20,0,22,0,2,119,0,121,0,4,139,0,143,138,0,138,281
09/23/2016,ARR,IL,AGL,CE,Towers with Radar,0,4,18,0,22,0,0,5,0,5,0,4,23,0,27,17,0,17,44
09/24/2016,ARR,IL,AGL,CE,Towers with Radar,0,4,26,0,30,0,0,67,1,68,0,4,93,1,98,90,0,90,188
09/25/2016,ARR,IL,AGL,CE,Towers with Radar,0,3,15,0,18,0,0,219,0,219,0,3,234,0,237,30,0,30,267
09/26/2016,ARR,IL,AGL,CE,Towers with Radar,0,2,6,0,8,0,0,33,0,33,0,2,39,0,41,4,0,4,45
09/27/2016,ARR,IL,AGL,CE,Towers with Radar,0,1,12,0,13,0,0,48,0,48,0,1,60,0,61,23,0,23,84
09/28/2016,ARR,IL,AGL,CE,Towers with Radar,0,7,21,0,28,0,0,33,0,33,0,7,54,0,61,39,0,39,100
09/29/2016,ARR,IL,AGL,CE,Towers with Radar,0,2,17,0,19,0,0,1,0,1,0,2,18,0,20,0,0,0,20
09/30/2016,ARR,IL,AGL,CE,Towers with Radar,0,5,16,0,21,0,0,3,0,3,0,5,19,0,24,0,0,0,24
10/01/2016,ARR,IL,AGL,CE,Towers with Radar,0,7,9,0,16,0,0,1,0,1,0,7,10,0,17,22,0,22,39
10/02/2016,ARR,IL,AGL,CE,Towers with Radar,0,5,36,0,41,0,0,13,0,13,0,5,49,0,54,8,0,8,62
10/03/2016,ARR,IL,AGL,CE,Towers with Radar,0,1,18,0,19,0,0,58,0,58,0,1,76,0,77,66,0,66,143
10/04/2016,ARR,IL,AGL,CE,Towers with Radar,0,1,24,0,25,0,0,63,0,63,0,1,87,0,88,100,0,100,188
10/05/2016,ARR,IL,AGL,CE,Towers with Radar,1,5,15,0,21,0,0,50,0,50,1,5,65,0,71,58,0,58,129
10/06/2016,ARR,IL,AGL,CE,Towers with Radar,0,2,20,0,22,0,0,0,0,0,0,2,20,0,22,12,0,12,34
10/07/2016,ARR,IL,AGL,CE,Towers with Radar,0,0,13,1,14,0,0,19,0,19,0,0,32,1,33,29,0,29,62
10/08/2016,ARR,IL,AGL,CE,Towers with Radar,0,5,14,0,19,0,0,70,0,70,0,5,84,0,89,134,0,134,223
10/09/2016,ARR,IL,AGL,CE,Towers with Radar,0,2,26,0,28,0,1,129,0,130,0,3,155,0,158,176,0,176,334
10/10/2016,ARR,IL,AGL,CE,Towers with Radar,0,3,14,0,17,0,0,102,0,102,0,3,116,0,119,93,0,93,212
10/11/2016,ARR,IL,AGL,CE,Towers with Radar,0,4,16,0,20,0,0,104,0,104,0,4,120,0,124,77,0,77,201
10/12/2016,ARR,IL,AGL,CE,Towers with Radar,0,3,12,0,15,0,0,7,0,7,0,3,19,0,22,15,0,15,37
10/13/2016,ARR,IL,AGL,CE,Towers with Radar,0,2,19,0,21,0,0,78,0,78,0,2,97,0,99,149,0,149,248
10/14/2016,ARR,IL,AGL,CE,Towers with Radar,0,1,25,3,29,0,0,101,19,120,0,1,126,22,149,53,44,97,246
10/15/2016,ARR,IL,AGL,CE,Towers with Radar,0,4,13,0,17,0,0,0,0,0,0,4,13,0,17,0,0,0,17
10/16/2016,ARR,IL,AGL,CE,Towers with Radar,0,1,26,3,30,0,0,29,0,29,0,1,55,3,59,32,0,32,91
10/17/2016,ARR,IL,AGL,CE,Towers with Radar,0,3,15,0,18,0,0,23,0,23,0,3,38,0,41,10,0,10,51
10/18/2016,ARR,IL,AGL,CE,Towers with Radar,0,3,14,0,17,0,0,86,0,86,0,3,100,0,103,94,0,94,197
10/19/2016,ARR,IL,AGL,CE,Towers with Radar,0,4,19,1,24,0,0,90,0,90,0,4,109,1,114,153,0,153,267
10/20/2016,ARR,IL,AGL,CE,Towers with Radar,0,3,39,0,42,0,0,29,0,29,0,3,68,0,71,37,0,37,108
10/21/2016,ARR,IL,AGL,CE,Towers with Radar,0,3,26,0,29,0,0,98,0,98,0,3,124,0,127,82,0,82,209
10/22/2016,ARR,IL,AGL,CE,Towers with Radar,0,6,14,0,20,0,0,108,0,108,0,6,122,0,128,118,0,118,246
10/23/2016,ARR,IL,AGL,CE,Towers with Radar,0,5,14,1,20,0,0,165,2,167,0,5,179,3,187,39,0,39,226
10/24/2016,ARR,IL,AGL,CE,Towers with Radar,0,2,15,0,17,0,0,69,0,69,0,2,84,0,86,57,0,57,143
10/25/2016,ARR,IL,AGL,CE,Towers with Radar,0,3,15,0,18,0,0,50,0,50,0,3,65,0,68,77,0,77,145
10/26/2016,ARR,IL,AGL,CE,Towers with Radar,0,3,25,0,28,0,0,2,0,2,0,3,27,0,30,0,0,0,30
10/27/2016,ARR,IL,AGL,CE,Towers with Radar,0,3,31,0,34,0,0,45,8,53,0,3,76,8,87,132,20,152,239
10/28/2016,ARR,IL,AGL,CE,Towers with Radar,0,3,16,0,19,0,0,62,0,62,0,3,78,0,81,80,0,80,161
10/29/2016,ARR,IL,AGL,CE,Towers with Radar,0,4,17,0,21,0,0,87,0,87,0,4,104,0,108,160,0,160,268
10/30/2016,ARR,IL,AGL,CE,Towers with Radar,0,0,33,0,33,0,0,31,0,31,0,0,64,0,64,50,0,50,114
10/31/2016,ARR,IL,AGL,CE,Towers with Radar,0,4,7,0,11,0,0,47,0,47,0,4,54,0,58,40,0,40,98
11/01/2016,ARR,IL,AGL,CE,Towers with Radar,0,4,22,0,26,0,0,63,1,64,0,4,85,1,90,110,0,110,200
11/02/2016,ARR,IL,AGL,CE,Towers with Radar,0,4,28,0,32,0,0,9,0,9,0,4,37,0,41,11,0,11,52
11/03/2016,ARR,IL,AGL,CE,Towers with Radar,1,5,21,0,27,0,0,46,1,47,1,5,67,1,74,95,0,95,169
11/04/2016,ARR,IL,AGL,CE,Towers with Radar,0,2,20,2,24,0,0,78,0,78,0,2,98,2,102,131,0,131,233
11/05/2016,ARR,IL,AGL,CE,Towers with Radar,0,3,11,0,14,0,0,143,0,143,0,3,154,0,157,92,0,92,249
11/06/2016,ARR,IL,AGL,CE,Towers with Radar,0,4,17,2,23,0,0,103,0,103,0,4,120,2,126,124,0,124,250
11/07/2016,ARR,IL,AGL,CE,Towers with Radar,0,0,16,0,16,0,0,64,0,64,0,0,80,0,80,41,0,41,121
11/08/2016,ARR,IL,AGL,CE,Towers with Radar,0,3,17,0,20,0,0,37,0,37,0,3,54,0,57,44,0,44,101
11/09/2016,ARR,IL,AGL,CE,Towers with Radar,0,1,21,0,22,0,0,67,2,69,0,1,88,2,91,86,0,86,177
11/10/2016,ARR,IL,AGL,CE,Towers with Radar,0,0,18,0,18,0,0,42,5,47,0,0,60,5,65,55,2,57,122
11/11/2016,ARR,IL,AGL,CE,Towers with Radar,0,1,17,0,18,0,0,40,0,40,0,1,57,0,58,43,0,43,101
11/12/2016,ARR,IL,AGL,CE,Towers with Radar,0,3,14,0,17,0,0,163,0,163,0,3,177,0,180,118,0,118,298
11/13/2016,ARR,IL,AGL,CE,Towers with Radar,0,2,14,0,16,0,0,62,0,62,0,2,76,0,78,108,0,108,186
11/14/2016,ARR,IL,AGL,CE,Towers with Radar,0,1,27,0,28,0,0,74,0,74,0,1,101,0,102,54,0,54,156
11/15/2016,ARR,IL,AGL,CE,Towers with Radar,0,4,14,0,18,0,0,32,0,32,0,4,46,0,50,46,0,46,96
11/16/2016,ARR,IL,AGL,CE,Towers with Radar,0,3,27,0,30,0,0,62,0,62,0,3,89,0,92,72,0,72,164
11/17/2016,ARR,IL,AGL,CE,Towers with Radar,0,2,14,0,16,0,0,58,2,60,0,2,72,2,76,58,0,58,134
11/18/2016,ARR,IL,AGL,CE,Towers with Radar,0,6,14,0,20,0,0,4,0,4,0,6,18,0,24,6,0,6,30
11/19/2016,ARR,IL,AGL,CE,Towers with Radar,0,2,12,0,14,0,0,3,0,3,0,2,15,0,17,0,0,0,17
11/20/2016,ARR,IL,AGL,CE,Towers with Radar,0,4,13,0,17,0,0,131,0,131,0,4,144,0,148,105,0,105,253
11/21/2016,ARR,IL,AGL,CE,Towers with Radar,0,0,19,0,19,0,0,96,0,96,0,0,115,0,115,96,0,96,211
11/22/2016,ARR,IL,AGL,CE,Towers with Radar,0,3,9,0,12,0,0,49,0,49,0,3,58,0,61,42,0,42,103
11/23/2016,ARR,IL,AGL,CE,Towers with Radar,0,4,16,0,20,0,0,0,0,0,0,4,16,0,20,0,0,0,20
11/24/2016,ARR,IL,AGL,CE,Towers with Radar,0,0,3,0,3,0,0,2,0,2,0,0,5,0,5,0,0,0,5
11/25/2016,ARR,IL,AGL,CE,Towers with Radar,0,1,10,0,11,0,0,15,0,15,0,1,25,0,26,23,0,23,49
11/26/2016,ARR,IL,AGL,CE,Towers with Radar,0,0,21,0,21,0,0,54,0,54,0,0,75,0,75,164,0,164,239
11/27/2016,ARR,IL,AGL,CE,Towers with Radar,0,3,16,0,19,0,0,0,0,0,0,3,16,0,19,0,0,0,19
11/28/2016,ARR,IL,AGL,CE,Towers with Radar,0,0,13,0,13,0,0,2,0,2,0,0,15,0,15,0,0,0,15
11/29/2016,ARR,IL,AGL,CE,Towers with Radar,0,1,8,0,9,0,0,77,0,77,0,1,85,0,86,56,0,56,142
11/30/2016,ARR,IL,AGL,CE,Towers with Radar,0,0,13,0,13,0,0,53,0,53,0,0,66,0,66,76,0,76,142
12/01/2016,ARR,IL,AGL,CE,Towers with Radar,0,0,11,0,11,0,0,5,0,5,0,0,16,0,16,19,0,19,35
12/02/2016,ARR,IL,AGL,CE,Towers with Radar,0,2,23,0,25,0,0,9,0,9,0,2,32,0,34,34,0,34,68
12/03/2016,ARR,IL,AGL,CE,Towers with Radar,0,3,13,0,16,0,0,93,0,93,0,3,106,0,109,265,0,265,374
12/04/2016,ARR,IL,AGL,CE,Towers with Radar,0,1,11,0,12,0,0,3,0,3,0,1,14,0,15,17,0,17,32
12/05/2016,ARR,IL,AGL,CE,Towers with Radar,0,1,13,0,14,0,0,0,0,0,0,1,13,0,14,0,0,0,14
12/06/2016,ARR,IL,AGL,CE,Towers with Radar,0,2,7,0,9,0,0,0,0,0,0,2,7,0,9,0,0,0,9
12/07/2016,ARR,IL,AGL,CE,Towers with Radar,0,3,15,0,18,0,0,55,0,55,0,3,70,0,73,141,0,141,214
12/08/2016,ARR,IL,AGL,CE,Towers with Radar,0,0,20,0,20,0,0,7,2,9,0,0,27,2,29,0,0,0,29
12/09/2016,ARR,IL,AGL,CE,Towers with Radar,0,3,17,0,20,0,0,44,0,44,0,3,61,0,64,110,0,110,174
12/10/2016,ARR,IL,AGL,CE,Towers with Radar,0,2,3,0,5,0,0,63,0,63,0,2,66,0,68,161,0,161,229
12/11/2016,ARR,IL,AGL,CE,Towers with Radar,0,0,4,0,4,0,0,0,0,0,0,0,4,0,4,0,0,0,4
12/12/2016,ARR,IL,AGL,CE,Towers with Radar,0,4,14,0,18,0,0,1,0,1,0,4,15,0,19,0,0,0,19
12/13/2016,ARR,IL,AGL,CE,Towers with Radar,0,2,25,0,27,0,0,20,0,20,0,2,45,0,47,31,0,31,78
12/14/2016,ARR,IL,AGL,CE,Towers with Radar,0,3,19,0,22,0,0,21,1,22,0,3,40,1,44,5,0,5,49
12/15/2016,ARR,IL,AGL,CE,Towers with Radar,0,3,13,0,16,0,0,14,0,14,0,3,27,0,30,0,0,0,30
12/16/2016,ARR,IL,AGL,CE,Towers with Radar,0,1,9,0,10,0,0,17,0,17,0,1,26,0,27,18,0,18,45
12/17/2016,ARR,IL,AGL,CE,Towers with Radar,0,4,2,0,6,0,0,2,0,2,0,4,4,0,8,0,0,0,8
12/18/2016,ARR,IL,AGL,CE,Towers with Radar,0,2,8,0,10,0,1,0,0,1,0,3,8,0,11,3,0,3,14
12/19/2016,ARR,IL,AGL,CE,Towers with Radar,0,0,9,0,9,0,0,6,0,6,0,0,15,0,15,0,0,0,15
12/20/2016,ARR,IL,AGL,CE,Towers with Radar,0,3,12,0,15,0,0,25,0,25,0,3,37,0,40,8,0,8,48
12/21/2016,ARR,IL,AGL,CE,Towers with Radar,0,2,10,0,12,0,0,44,0,44,0,2,54,0,56,51,0,51,107
12/22/2016,ARR,IL,AGL,CE,Towers with Radar,0,4,11,0,15,0,0,99,0,99,0,4,110,0,114,116,0,116,230
12/23/2016,ARR,IL,AGL,CE,Towers with Radar,0,0,6,0,6,0,0,36,0,36,0,0,42,0,42,26,0,26,68
12/24/2016,ARR,IL,AGL,CE,Towers with Radar,0,2,1,0,3,0,0,4,0,4,0,2,5,0,7,22,0,22,29
12/25/2016,ARR,IL,AGL,CE,Towers with Radar,0,3,1,0,4,0,0,0,0,0,0,3,1,0,4,0,0,0,4
12/26/2016,ARR,IL,AGL,CE,Towers with Radar,0,3,14,0,17,0,0,20,0,20,0,3,34,0,37,87,0,87,124
12/27/2016,ARR,IL,AGL,CE,Towers with Radar,0,1,10,0,11,0,0,30,0,30,0,1,40,0,41,70,0,70,111
12/28/2016,ARR,IL,AGL,CE,Towers with Radar,0,0,6,0,6,0,0,87,0,87,0,0,93,0,93,143,0,143,236
12/29/2016,ARR,IL,AGL,CE,Towers with Radar,0,0,4,0,4,0,0,0,0,0,0,0,4,0,4,0,0,0,4
12/30/2016,ARR,IL,AGL,CE,Towers with Radar,0,1,12,0,13,0,0,113,0,113,0,1,125,0,126,208,0,208,334
12/31/2016,ARR,IL,AGL,CE,Towers with Radar,0,2,9,0,11,0,0,37,0,37,0,2,46,0,48,147,0,147,195
01/01/2017,ARR,IL,AGL,CE,Towers with Radar,0,3,7,0,10,0,0,101,0,101,0,3,108,0,111,177,0,177,288
01/02/2017,ARR,IL,AGL,CE,Towers with Radar,0,1,11,0,12,0,0,0,0,0,0,1,11,0,12,16,0,16,28
01/03/2017,ARR,IL,AGL,CE,Towers with Radar,0,2,9,0,11,0,0,0,0,0,0,2,9,0,11,0,0,0,11
01/04/2017,ARR,IL,AGL,CE,Towers with Radar,0,0,9,0,9,0,0,36,0,36,0,0,45,0,45,5,0,5,50
01/05/2017,ARR,IL,AGL,CE,Towers with Radar,0,0,12,0,12,0,0,24,0,24,0,0,36,0,36,11,0,11,47
01/06/2017,ARR,IL,AGL,CE,Towers with Radar,0,1,11,0,12,0,0,23,0,23,0,1,34,0,35,12,0,12,47
01/07/2017,ARR,IL,AGL,CE,Towers with Radar,0,3,10,0,13,0,0,43,4,47,0,3,53,4,60,122,0,122,182
01/08/2017,ARR,IL,AGL,CE,Towers with Radar,0,2,8,0,10,0,0,11,0,11,0,2,19,0,21,35,0,35,56
01/09/2017,ARR,IL,AGL,CE,Towers with Radar,0,1,10,0,11,0,0,36,0,36,0,1,46,0,47,35,0,35,82
01/10/2017,ARR,IL,AGL,CE,Towers with Radar,0,4,11,0,15,0,0,1,0,1,0,4,12,0,16,0,0,0,16
01/11/2017,ARR,IL,AGL,CE,Towers with Radar,0,1,12,0,13,0,0,14,0,14,0,1,26,0,27,17,0,17,44
01/12/2017,ARR,IL,AGL,CE,Towers with Radar,0,2,10,0,12,0,0,16,0,16,0,2,26,0,28,21,0,21,49
01/13/2017,ARR,IL,AGL,CE,Towers with Radar,0,2,6,0,8,0,0,45,0,45,0,2,51,0,53,31,0,31,84
01/14/2017,ARR,IL,AGL,CE,Towers with Radar,0,4,5,0,9,0,0,66,0,66,0,4,71,0,75,194,0,194,269
01/15/2017,ARR,IL,AGL,CE,Towers with Radar,0,5,6,0,11,0,0,57,0,57,0,5,63,0,68,119,0,119,187
01/16/2017,ARR,IL,AGL,CE,Towers with Radar,0,6,7,0,13,0,0,0,0,0,0,6,7,0,13,0,0,0,13
01/17/2017,ARR,IL,AGL,CE,Towers with Radar,0,0,6,0,6,0,0,0,0,0,0,0,6,0,6,0,0,0,6
01/18/2017,ARR,IL,AGL,CE,Towers with Radar,0,3,17,0,20,0,0,1,0,1,0,3,18,0,21,0,0,0,21
01/19/2017,ARR,IL,AGL,CE,Towers with Radar,0,3,14,0,17,0,0,2,0,2,0,3,16,0,19,15,0,15,34
01/20/2017,ARR,IL,AGL,CE,Towers with Radar,0,4,5,0,9,0,0,0,0,0,0,4,5,0,9,0,0,0,9
01/21/2017,ARR,IL,AGL,CE,Towers with Radar,0,3,22,0,25,0,0,102,0,102,0,3,124,0,127,95,0,95,222
01/22/2017,ARR,IL,AGL,CE,Towers with Radar,0,2,16,0,18,0,0,0,0,0,0,2,16,0,18,0,0,0,18
01/23/2017,ARR,IL,AGL,CE,Towers with Radar,0,1,18,0,19,0,0,2,0,2,0,1,20,0,21,5,0,5,26
01/24/2017,ARR,IL,AGL,CE,Towers with Radar,0,4,22,0,26,0,0,7,0,7,0,4,29,0,33,59,0,59,92
01/25/2017,ARR,IL,AGL,CE,Towers with Radar,0,3,9,0,12,0,0,2,0,2,0,3,11,0,14,0,0,0,14
01/26/2017,ARR,IL,AGL,CE,Towers with Radar,0,1,5,0,6,0,0,7,0,7,0,1,12,0,13,0,0,0,13
01/27/2017,ARR,IL,AGL,CE,Towers with Radar,0,0,10,0,10,0,0,28,0,28,0,0,38,0,38,44,0,44,82
01/28/2017,ARR,IL,AGL,CE,Towers with Radar,0,2,5,0,7,0,0,4,0,4,0,2,9,0,11,66,0,66,77
01/29/2017,ARR,IL,AGL,CE,Towers with Radar,0,0,8,0,8,0,0,22,0,22,0,0,30,0,30,100,0,100,130
01/30/2017,ARR,IL,AGL,CE,Towers with Radar,0,4,13,0,17,0,0,52,0,52,0,4,65,0,69,40,0,40,109
01/31/2017,ARR,IL,AGL,CE,Towers with Radar,0,2,6,0,8,0,0,5,0,5,0,2,11,0,13,13,0,13,26
02/01/2017,ARR,IL,AGL,CE,Towers with Radar,0,6,9,0,15,0,0,45,0,45,0,6,54,0,60,54,0,54,114
02/02/2017,ARR,IL,AGL,CE,Towers with Radar,0,5,16,0,21,0,0,49,0,49,0,5,65,0,70,111,0,111,181
02/03/2017,ARR,IL,AGL,CE,Towers with Radar,0,3,13,0,16,0,0,89,0,89,0,3,102,0,105,216,0,216,321
02/04/2017,ARR,IL,AGL,CE,Towers with Radar,0,4,5,0,9,0,0,63,0,63,0,4,68,0,72,143,0,143,215
02/05/2017,ARR,IL,AGL,CE,Towers with Radar,0,0,8,0,8,0,0,51,0,51,0,0,59,0,59,165,0,165,224
02/06/2017,ARR,IL,AGL,CE,Towers with Radar,0,0,16,0,16,0,0,45,0,45,0,0,61,0,61,72,0,72,133
02/07/2017,ARR,IL,AGL,CE,Towers with Radar,0,2,5,0,7,0,0,0,0,0,0,2,5,0,7,0,0,0,7
02/08/2017,ARR,IL,AGL,CE,Towers with Radar,0,2,12,0,14,0,0,11,0,11,0,2,23,0,25,19,0,19,44
02/09/2017,ARR,IL,AGL,CE,Towers with Radar,0,3,7,0,10,0,0,57,0,57,0,3,64,0,67,94,0,94,161
02/10/2017,ARR,IL,AGL,CE,Towers with Radar,0,0,17,1,18,0,0,24,0,24,0,0,41,1,42,14,0,14,56
02/11/2017,ARR,IL,AGL,CE,Towers with Radar,0,4,7,0,11,0,0,104,0,104,0,4,111,0,115,194,0,194,309
02/12/2017,ARR,IL,AGL,CE,Towers with Radar,0,3,10,0,13,0,0,12,0,12,0,3,22,0,25,6,0,6,31
02/13/2017,ARR,IL,AGL,CE,Towers with Radar,0,7,23,0,30,0,0,96,0,96,0,7,119,0,126,101,0,101,227
02/14/2017,ARR,IL,AGL,CE,Towers with Radar,0,0,3,0,3,0,0,58,0,58,0,0,61,0,61,64,0,64,125
02/15/2017,ARR,IL,AGL,CE,Towers with Radar,0,3,23,0,26,0,0,73,0,73,0,3,96,0,99,125,0,125,224
02/16/2017,ARR,IL,AGL,CE,Towers with Radar,0,3,7,1,11,0,0,29,0,29,0,3,36,1,40,77,0,77,117
02/17/2017,ARR,IL,AGL,CE,Towers with Radar,0,3,15,0,18,0,0,127,0,127,0,3,142,0,145,210,0,210,355
02/18/2017,ARR,IL,AGL,CE,Towers with Radar,0,2,10,0,12,0,0,155,0,155,0,2,165,0,167,162,0,162,329
02/19/2017,ARR,IL,AGL,CE,Towers with Radar,0,4,10,0,14,0,0,125,0,125,0,4,135,0,139,210,0,210,349
02/20/2017,ARR,IL,AGL,CE,Towers with Radar,0,2,17,0,19,0,0,25,0,25,0,2,42,0,44,60,0,60,104
02/21/2017,ARR,IL,AGL,CE,Towers with Radar,0,1,20,0,21,0,0,15,0,15,0,1,35,0,36,63,0,63,99
02/22/2017,ARR,IL,AGL,CE,Towers with Radar,0,2,26,0,28,0,0,23,0,23,0,2,49,0,51,10,0,10,61
02/23/2017,ARR,IL,AGL,CE,Towers with Radar,0,5,32,0,37,0,0,18,0,18,0,5,50,0,55,51,0,51,106
02/24/2017,ARR,IL,AGL,CE,Towers with Radar,0,2,8,0,10,0,0,0,0,0,0,2,8,0,10,0,0,0,10
02/25/2017,ARR,IL,AGL,CE,Towers with Radar,0,2,8,0,10,0,0,12,0,12,0,2,20,0,22,14,0,14,36
02/26/2017,ARR,IL,AGL,CE,Towers with Radar,0,1,15,0,16,0,0,33,0,33,0,1,48,0,49,32,0,32,81
02/27/2017,ARR,IL,AGL,CE,Towers with Radar,0,1,14,0,15,0,0,94,0,94,0,1,108,0,109,129,0,129,238
02/28/2017,ARR,IL,AGL,CE,Towers with Radar,0,0,15,2,17,0,0,0,0,0,0,0,15,2,17,0,0,0,17
03/01/2017,ARR,IL,AGL,CE,Towers with Radar,0,1,16,0,17,0,0,1,0,1,0,1,17,0,18,0,0,0,18
03/02/2017,ARR,IL,AGL,CE,Towers with Radar,0,3,13,0,16,0,0,11,0,11,0,3,24,0,27,2,0,2,29
03/03/2017,ARR,IL,AGL,CE,Towers with Radar,0,1,7,0,8,0,0,92,0,92,0,1,99,0,100,117,0,117,217
03/04/2017,ARR,IL,AGL,CE,Towers with Radar,0,2,12,0,14,0,0,54,0,54,0,2,66,0,68,141,0,141,209
03/05/2017,ARR,IL,AGL,CE,Towers with Radar,0,0,12,0,12,0,0,71,0,71,0,0,83,0,83,190,0,190,273
03/06/2017,ARR,IL,AGL,CE,Towers with Radar,0,0,11,0,11,0,1,2,0,3,0,1,13,0,14,9,0,9,23
03/07/2017,ARR,IL,AGL,CE,Towers with Radar,0,2,9,0,11,0,0,26,0,26,0,2,35,0,37,12,0,12,49
03/08/2017,ARR,IL,AGL,CE,Towers with Radar,0,0,7,0,7,0,0,0,0,0,0,0,7,0,7,0,0,0,7
03/09/2017,ARR,IL,AGL,CE,Towers with Radar,0,1,14,0,15,0,0,79,0,79,0,1,93,0,94,66,0,66,160
03/10/2017,ARR,IL,AGL,CE,Towers with Radar,0,2,10,0,12,0,0,27,3,30,0,2,37,3,42,27,0,27,69
03/11/2017,ARR,IL,AGL,CE,Towers with Radar,0,3,14,0,17,0,0,89,0,89,0,3,103,0,106,126,0,126,232
03/12/2017,ARR,IL,AGL,CE,Towers with Radar,0,2,8,0,10,0,0,68,0,68,0,2,76,0,78,176,0,176,254
03/13/2017,ARR,IL,AGL,CE,Towers with Radar,0,0,4,0,4,0,0,0,0,0,0,0,4,0,4,0,0,0,4
03/14/2017,ARR,IL,AGL,CE,Towers with Radar,0,0,11,0,11,0,0,9,0,9,0,0,20,0,20,11,0,11,31
03/15/2017,ARR,IL,AGL,CE,Towers with Radar,0,0,15,0,15,0,0,62,2,64,0,0,77,2,79,124,0,124,203
03/16/2017,ARR,IL,AGL,CE,Towers with Radar,0,2,12,0,14,0,0,73,0,73,0,2,85,0,87,30,0,30,117
03/17/2017,ARR,IL,AGL,CE,Towers with Radar,0,1,14,0,15,0,0,0,0,0,0,1,14,0,15,0,0,0,15
03/18/2017,ARR,IL,AGL,CE,Towers with Radar,1,4,14,0,19,0,0,47,0,47,1,4,61,0,66,174,0,174,240
03/19/2017,ARR,IL,AGL,CE,Towers with Radar,1,3,16,0,20,0,0,115,0,115,1,3,131,0,135,221,0,221,356
03/20/2017,ARR,IL,AGL,CE,Towers with Radar,0,2,10,0,12,0,0,16,0,16,0,2,26,0,28,13,0,13,41
03/21/2017,ARR,IL,AGL,CE,Towers with Radar,0,3,12,0,15,0,0,120,0,120,0,3,132,0,135,140,0,140,275
03/22/2017,ARR,IL,AGL,CE,Towers with Radar,0,0,16,0,16,0,0,81,0,81,0,0,97,0,97,90,0,90,187
03/23/2017,ARR,IL,AGL,CE,Towers with Radar,0,0,16,1,17,0,0,30,0,30,0,0,46,1,47,48,0,48,95
03/24/2017,ARR,IL,AGL,CE,Towers with Radar,0,2,29,0,31,0,0,21,2,23,0,2,50,2,54,1,0,1,55
03/25/2017,ARR,IL,AGL,CE,Towers with Radar,0,8,11,0,19,0,0,0,0,0,0,8,11,0,19,0,0,0,19
03/26/2017,ARR,IL,AGL,CE,Towers with Radar,0,1,28,0,29,0,0,1,0,1,0,1,29,0,30,0,0,0,30
03/27/2017,ARR,IL,AGL,CE,Towers with Radar,0,0,13,0,13,0,0,0,0,0,0,0,13,0,13,0,0,0,13
03/28/2017,ARR,IL,AGL,CE,Towers with Radar,0,5,23,0,28,0,0,29,0,29,0,5,52,0,57,95,0,95,152
03/29/2017,ARR,IL,AGL,CE,Towers with Radar,0,1,18,0,19,0,0,35,0,35,0,1,53,0,54,45,0,45,99
03/30/2017,ARR,IL,AGL,CE,Towers with Radar,0,2,13,0,15,0,0,0,0,0,0,2,13,0,15,0,0,0,15
03/31/2017,ARR,IL,AGL,CE,Towers with Radar,0,14,5,0,19,0,0,0,0,0,0,14,5,0,19,0,0,0,19
04/01/2017,ARR,IL,AGL,CE,Towers with Radar,0,5,16,0,21,0,0,128,0,128,0,5,144,0,149,213,0,213,362
04/02/2017,ARR,IL,AGL,CE,Towers with Radar,0,4,30,0,34,0,0,49,6,55,0,4,79,6,89,76,0,76,165
04/03/2017,ARR,IL,AGL,CE,Towers with Radar,0,1,12,0,13,0,0,8,0,8,0,1,20,0,21,14,0,14,35
04/04/2017,ARR,IL,AGL,CE,Towers with Radar,0,0,15,0,15,0,0,19,0,19,0,0,34,0,34,44,0,44,78
04/05/2017,ARR,IL,AGL,CE,Towers with Radar,0,3,12,0,15,0,0,0,0,0,0,3,12,0,15,0,0,0,15
04/06/2017,ARR,IL,AGL,CE,Towers with Radar,0,0,12,0,12,0,0,6,1,7,0,0,18,1,19,9,0,9,28
04/07/2017,ARR,IL,AGL,CE,Towers with Radar,0,2,16,5,23,0,0,92,0,92,0,2,108,5,115,48,0,48,163
04/08/2017,ARR,IL,AGL,CE,Towers with Radar,0,2,8,0,10,0,0,65,0,65,0,2,73,0,75,60,0,60,135
04/09/2017,ARR,IL,AGL,CE,Towers with Radar,0,2,16,1,19,0,0,10,0,10,0,2,26,1,29,22,0,22,51
04/10/2017,ARR,IL,AGL,CE,Towers with Radar,0,0,14,0,14,0,0,4,0,4,0,0,18,0,18,0,0,0,18
04/11/2017,ARR,IL,AGL,CE,Towers with Radar,0,5,24,0,29,0,0,41,0,41,0,5,65,0,70,78,0,78,148
04/12/2017,ARR,IL,AGL,CE,Towers with Radar,0,0,16,0,16,0,0,125,0,125,0,0,141,0,141,123,0,123,264
04/13/2017,ARR,IL,AGL,CE,Towers with Radar,0,0,13,0,13,0,0,5,0,5,0,0,18,0,18,33,0,33,51
04/14/2017,ARR,IL,AGL,CE,Towers with Radar,0,0,12,0,12,0,0,35,0,35,0,0,47,0,47,16,0,16,63
04/15/2017,ARR,IL,AGL,CE,Towers with Radar,0,5,8,0,13,0,0,16,0,16,0,5,24,0,29,10,0,10,39
04/16/2017,ARR,IL,AGL,CE,Towers with Radar,0,0,13,0,13,0,0,21,0,21,0,0,34,0,34,50,0,50,84
04/17/2017,ARR,IL,AGL,CE,Towers with Radar,0,2,15,0,17,0,0,82,0,82,0,2,97,0,99,112,0,112,211
04/18/2017,ARR,IL,AGL,CE,Towers with Radar,0,0,19,0,19,0,0,78,2,80,0,0,97,2,99,131,4,135,234
04/19/2017,ARR,IL,AGL,CE,Towers with Radar,0,1,6,0,7,0,0,3,0,3,0,1,9,0,10,0,0,0,10
04/20/2017,ARR,IL,AGL,CE,Towers with Radar,0,0,9,0,9,0,0,38,1,39,0,0,47,1,48,69,0,69,117
04/21/2017,ARR,IL,AGL,CE,Towers with Radar,0,1,16,0,17,0,0,46,2,48,0,1,62,2,65,86,1,87,152
04/22/2017,ARR,IL,AGL,CE,Towers with Radar,0,6,7,0,13,0,0,96,0,96,0,6,103,0,109,109,0,109,218
04/23/2017,ARR,IL,AGL,CE,Towers with Radar,0,1,15,0,16,0,0,143,0,143,0,1,158,0,159,196,0,196,355
04/24/2017,ARR,IL,AGL,CE,Towers with Radar,0,1,19,0,20,0,0,55,0,55,0,1,74,0,75,79,0,79,154
04/25/2017,ARR,IL,AGL,CE,Towers with Radar,0,1,22,0,23,0,0,85,0,85,0,1,107,0,108,160,0,160,268
04/26/2017,ARR,IL,AGL,CE,Towers with Radar,0,0,9,0,9,0,0,20,0,20,0,0,29,0,29,10,0,10,39
04/27/2017,ARR,IL,AGL,CE,Towers with Radar,0,1,19,0,20,0,0,1,0,1,0,1,20,0,21,0,0,0,21
04/28/2017,ARR,IL,AGL,CE,Towers with Radar,0,3,24,0,27,0,0,55,0,55,0,3,79,0,82,98,0,98,180
04/29/2017,ARR,IL,AGL,CE,Towers with Radar,0,2,9,0,11,0,0,13,0,13,0,2,22,0,24,17,0,17,41
04/30/2017,ARR,IL,AGL,CE,Towers with Radar,0,3,10,0,13,0,0,0,0,0,0,3,10,0,13,0,0,0,13
05/01/2017,ARR,IL,AGL,CE,Towers with Radar,0,2,17,0,19,0,0,6,0,6,0,2,23,0,25,2,0,2,27
05/02/2017,ARR,IL,AGL,CE,Towers with Radar,0,3,21,0,24,0,0,20,0,20,0,3,41,0,44,22,0,22,66
05/03/2017,ARR,IL,AGL,CE,Towers with Radar,0,2,13,0,15,0,0,96,0,96,0,2,109,0,111,138,0,138,249
05/04/2017,ARR,IL,AGL,CE,Towers with Radar,0,2,12,0,14,0,0,25,0,25,0,2,37,0,39,35,0,35,74
05/05/2017,ARR,IL,AGL,CE,Towers with Radar,0,0,23,0,23,0,0,10,0,10,0,0,33,0,33,0,0,0,33
05/06/2017,ARR,IL,AGL,CE,Towers with Radar,0,3,18,2,23,0,0,89,0,89,0,3,107,2,112,58,0,58,170
05/07/2017,ARR,IL,AGL,CE,Towers with Radar,0,3,16,0,19,0,0,111,0,111,0,3,127,0,130,175,0,175,305
05/08/2017,ARR,IL,AGL,CE,Towers with Radar,0,4,18,0,22,0,0,41,0,41,0,4,59,0,63,49,0,49,112
05/09/2017,ARR,IL,AGL,CE,Towers with Radar,0,0,27,0,27,0,0,23,0,23,0,0,50,0,50,34,0,34,84
05/10/2017,ARR,IL,AGL,CE,Towers with Radar,1,3,16,0,20,0,0,37,0,37,1,3,53,0,57,31,0,31,88
05/11/2017,ARR,IL,AGL,CE,Towers with Radar,1,3,30,2,36,0,0,21,0,21,1,3,51,2,57,18,0,18,75
05/12/2017,ARR,IL,AGL,CE,Towers with Radar,0,2,20,0,22,0,0,70,0,70,0,2,90,0,92,29,0,29,121
05/13/2017,ARR,IL,AGL,CE,Towers with Radar,0,6,7,0,13,0,0,80,0,80,0,6,87,0,93,119,0,119,212
05/14/2017,ARR,IL,AGL,CE,Towers with Radar,0,3,11,0,14,0,0,85,0,85,0,3,96,0,99,113,0,113,212
05/15/2017,ARR,IL,AGL,CE,Towers with Radar,0,1,13,0,14,0,0,61,0,61,0,1,74,0,75,74,0,74,149
05/16/2017,ARR,IL,AGL,CE,Towers with Radar,0,3,10,2,15,0,0,22,0,22,0,3,32,2,37,6,0,6,43
05/17/2017,ARR,IL,AGL,CE,Towers with Radar,0,0,23,0,23,0,0,4,0,4,0,0,27,0,27,9,0,9,36
05/18/2017,ARR,IL,AGL,CE,Towers with Radar,0,0,11,0,11,0,0,20,0,20,0,0,31,0,31,2,0,2,33
05/19/2017,ARR,IL,AGL,CE,Towers with Radar,0,2,16,0,18,0,0,0,0,0,0,2,16,0,18,0,0,0,18
05/20/2017,ARR,IL,AGL,CE,Towers with Radar,0,2,19,0,21,0,0,2,0,2,0,2,21,0,23,16,0,16,39
05/21/2017,ARR,IL,AGL,CE,Towers with Radar,0,2,13,0,15,0,0,73,0,73,0,2,86,0,88,42,0,42,130
05/22/2017,ARR,IL,AGL,CE,Towers with Radar,0,4,16,0,20,0,0,75,0,75,0,4,91,0,95,30,0,30,125
05/23/2017,ARR,IL,AGL,CE,Towers with Radar,0,4,25,1,30,0,0,9,1,10,0,4,34,2,40,4,0,4,44
05/24/2017,ARR,IL,AGL,CE,Towers with Radar,1,3,46,1,51,0,0,15,4,19,1,3,61,5,70,38,8,46,116
05/25/2017,ARR,IL,AGL,CE,Towers with Radar,0,4,30,0,34,0,0,44,0,44,0,4,74,0,78,140,5,145,223
05/26/2017,ARR,IL,AGL,CE,Towers with Radar,0,3,17,0,20,0,0,63,0,63,0,3,80,0,83,101,0,101,184
05/27/2017,ARR,IL,AGL,CE,Towers with Radar,0,2,18,0,20,0,0,121,0,121,0,2,139,0,141,236,0,236,377
05/28/2017,ARR,IL,AGL,CE,Towers with Radar,0,1,9,0,10,0,0,45,0,45,0,1,54,0,55,44,0,44,99
05/29/2017,ARR,IL,AGL,CE,Towers with Radar,0,3,22,0,25,0,0,32,0,32,0,3,54,0,57,39,0,39,96
05/30/2017,ARR,IL,AGL,CE,Towers with Radar,0,2,18,0,20,0,0,46,1,47,0,2,64,1,67,70,0,70,137
05/31/2017,ARR,IL,AGL,CE,Towers with Radar,0,4,12,0,16,0,0,94,0,94,0,4,106,0,110,56,0,56,166
06/01/2017,ARR,IL,AGL,CE,Towers with Radar,0,1,17,0,18,0,0,78,0,78,0,1,95,0,96,90,0,90,186
06/02/2017,ARR,IL,AGL,CE,Towers with Radar,0,0,16,0,16,0,0,69,0,69,0,0,85,0,85,72,0,72,157
06/03/2017,ARR,IL,AGL,CE,Towers with Radar,0,2,12,0,14,0,0,58,1,59,0,2,70,1,73,37,0,37,110
06/04/2017,ARR,IL,AGL,CE,Towers with Radar,0,3,17,0,20,0,0,45,0,45,0,3,62,0,65,32,0,32,97
06/05/2017,ARR,IL,AGL,CE,Towers with Radar,0,1,24,0,25,0,0,4,0,4,0,1,28,0,29,0,0,0,29
06/06/2017,ARR,IL,AGL,CE,Towers with Radar,0,1,15,0,16,0,0,54,0,54,0,1,69,0,70,80,0,80,150
06/07/2017,ARR,IL,AGL,CE,Towers with Radar,0,1,21,0,22,0,0,87,0,87,0,1,108,0,109,36,0,36,145
06/08/2017,ARR,IL,AGL,CE,Towers with Radar,0,2,19,0,21,0,0,51,0,51,0,2,70,0,72,46,0,46,118
06/09/2017,ARR,IL,AGL,CE,Towers with Radar,0,0,14,0,14,0,0,55,0,55,0,0,69,0,69,45,0,45,114
06/10/2017,ARR,IL,AGL,CE,Towers with Radar,0,2,10,0,12,0,0,32,0,32,0,2,42,0,44,24,0,24,68
06/11/2017,ARR,IL,AGL,CE,Towers with Radar,0,1,12,0,13,0,0,38,0,38,0,1,50,0,51,36,0,36,87
06/12/2017,ARR,IL,AGL,CE,Towers with Radar,0,1,14,0,15,0,0,53,0,53,0,1,67,0,68,31,0,31,99
06/13/2017,ARR,IL,AGL,CE,Towers with Radar,0,1,7,0,8,0,0,41,0,41,0,1,48,0,49,32,0,32,81
06/14/2017,ARR,IL,AGL,CE,Towers with Radar,0,4,9,0,13,0,0,45,0,45,0,4,54,0,58,10,0,10,68
06/15/2017,ARR,IL,AGL,CE,Towers with Radar,0,3,14,0,17,0,0,52,0,52,0,3,66,0,69,44,0,44,113
06/16/2017,ARR,IL,AGL,CE,Towers with Radar,0,1,13,0,14,0,0,66,0,66,0,1,79,0,80,37,0,37,117
06/17/2017,ARR,IL,AGL,CE,Towers with Radar,0,2,11,0,13,0,0,25,0,25,0,2,36,0,38,53,0,53,91
06/18/2017,ARR,IL,AGL,CE,Towers with Radar,0,3,12,0,15,0,0,59,0,59,0,3,71,0,74,48,0,48,122
06/19/2017,ARR,IL,AGL,CE,Towers with Radar,0,1,19,0,20,0,0,41,0,41,0,1,60,0,61,18,0,18,79
06/20/2017,ARR,IL,AGL,CE,Towers with Radar,0,4,19,0,23,0,0,57,0,57,0,4,76,0,80,50,0,50,130
06/21/2017,ARR,IL,AGL,CE,Towers with Radar,0,2,13,0,15,0,0,135,0,135,0,2,148,0,150,110,0,110,260
06/22/2017,ARR,IL,AGL,CE,Towers with Radar,0,2,22,0,24,0,0,55,0,55,0,2,77,0,79,36,0,36,115
06/23/2017,ARR,IL,AGL,CE,Towers with Radar,0,1,24,0,25,0,0,72,0,72,0,1,96,0,97,109,0,109,206
06/24/2017,ARR,IL,AGL,CE,Towers with Radar,0,2,12,0,14,0,0,50,0,50,0,2,62,0,64,43,0,43,107
06/25/2017,ARR,IL,AGL,CE,Towers with Radar,0,3,17,0,20,0,0,151,25,176,0,3,168,25,196,64,0,64,260
06/26/2017,ARR,IL,AGL,CE,Towers with Radar,0,0,9,0,9,0,0,22,0,22,0,0,31,0,31,16,0,16,47
06/27/2017,ARR,IL,AGL,CE,Towers with Radar,0,1,18,0,19,0,0,119,0,119,0,1,137,0,138,102,0,102,240
06/28/2017,ARR,IL,AGL,CE,Towers with Radar,0,3,13,0,16,0,0,10,0,10,0,3,23,0,26,20,0,20,46
06/29/2017,ARR,IL,AGL,CE,Towers with Radar,0,1,18,0,19,0,0,56,0,56,0,1,74,0,75,94,0,94,169
06/30/2017,ARR,IL,AGL,CE,Towers with Radar,0,1,28,0,29,0,0,54,0,54,0,1,82,0,83,104,0,104,187
07/01/2017,ARR,IL,AGL,CE,Towers with Radar,0,3,13,0,16,0,0,97,0,97,0,3,110,0,113,71,0,71,184
07/02/2017,ARR,IL,AGL,CE,Towers with Radar,0,0,7,0,7,0,0,80,0,80,0,0,87,0,87,86,0,86,173
07/03/2017,ARR,IL,AGL,CE,Towers with Radar,0,2,8,0,10,0,0,54,0,54,0,2,62,0,64,103,0,103,167
07/04/2017,ARR,IL,AGL,CE,Towers with Radar,0,0,3,0,3,0,0,39,0,39,0,0,42,0,42,82,0,82,124
07/05/2017,ARR,IL,AGL,CE,Towers with Radar,0,1,12,1,14,0,0,71,4,75,0,1,83,5,89,85,7,92,181
07/06/2017,ARR,IL,AGL,CE,Towers with Radar,0,0,20,0,20,0,0,49,0,49,0,0,69,0,69,54,0,54,123
07/07/2017,ARR,IL,AGL,CE,Towers with Radar,0,3,25,0,28,0,0,37,0,37,0,3,62,0,65,93,0,93,158
07/08/2017,ARR,IL,AGL,CE,Towers with Radar,0,3,8,0,11,0,0,112,0,112,0,3,120,0,123,93,0,93,216
07/09/2017,ARR,IL,AGL,CE,Towers with Radar,0,0,15,0,15,0,0,110,0,110,0,0,125,0,125,102,0,102,227
07/10/2017,ARR,IL,AGL,CE,Towers with Radar,0,3,25,0,28,0,0,21,0,21,0,3,46,0,49,27,0,27,76
07/11/2017,ARR,IL,AGL,CE,Towers with Radar,0,1,28,0,29,0,0,18,0,18,0,1,46,0,47,8,0,8,55
07/12/2017,ARR,IL,AGL,CE,Towers with Radar,0,1,18,0,19,0,0,23,0,23,0,1,41,0,42,31,0,31,73
07/13/2017,ARR,IL,AGL,CE,Towers with Radar,0,2,25,0,27,0,0,37,2,39,0,2,62,2,66,44,0,44,110
07/14/2017,ARR,IL,AGL,CE,Towers with Radar,0,2,26,0,28,0,0,84,0,84,0,2,110,0,112,132,0,132,244
07/15/2017,ARR,IL,AGL,CE,Towers with Radar,0,3,10,0,13,0,1,96,0,97,0,4,106,0,110,196,0,196,306
07/16/2017,ARR,IL,AGL,CE,Towers with Radar,0,1,19,0,20,0,1,45,0,46,0,2,64,0,66,68,0,68,134
07/17/2017,ARR,IL,AGL,CE,Towers with Radar,0,0,18,0,18,0,0,97,0,97,0,0,115,0,115,46,0,46,161
07/18/2017,ARR,IL,AGL,CE,Towers with Radar,0,1,19,0,20,0,1,64,0,65,0,2,83,0,85,14,0,14,99
07/19/2017,ARR,IL,AGL,CE,Towers with Radar,0,2,19,0,21,0,0,42,0,42,0,2,61,0,63,27,0,27,90
07/20/2017,ARR,IL,AGL,CE,Towers with Radar,0,5,14,0,19,0,0,23,4,27,0,5,37,4,46,13,0,13,59
07/21/2017,ARR,IL,AGL,CE,Towers with Radar,0,3,18,0,21,0,0,43,0,43,0,3,61,0,64,23,0,23,87
07/22/2017,ARR,IL,AGL,CE,Towers with Radar,0,5,12,1,18,0,0,86,0,86,0,5,98,1,104,69,0,69,173
07/23/2017,ARR,IL,AGL,CE,Towers with Radar,0,4,17,0,21,0,0,51,0,51,0,4,68,0,72,61,0,61,133
07/24/2017,ARR,IL,AGL,CE,Towers with Radar,0,1,16,0,17,0,0,50,0,50,0,1,66,0,67,6,0,6,73
07/25/2017,ARR,IL,AGL,CE,Towers with Radar,0,3,21,4,28,0,2,97,0,99,0,5,118,4,127,63,0,63,190
07/26/2017,ARR,IL,AGL,CE,Towers with Radar,0,2,11,0,13,0,1,76,0,77,0,3,87,0,90,90,0,90,180
07/27/2017,ARR,IL,AGL,CE,Towers with Radar,0,0,22,0,22,0,0,66,3,69,0,0,88,3,91,100,0,100,191
07/28/2017,ARR,IL,AGL,CE,Towers with Radar,0,3,10,0,13,0,0,72,5,77,0,3,82,5,90,82,0,82,172
07/29/2017,ARR,IL,AGL,CE,Towers with Radar,0,0,15,0,15,0,0,94,0,94,0,0,109,0,109,72,0,72,181
07/30/2017,ARR,IL,AGL,CE,Towers with Radar,0,3,12,1,16,0,0,70,0,70,0,3,82,1,86,84,0,84,170
07/31/2017,ARR,IL,AGL,CE,Towers with Radar,0,0,24,0,24,0,0,68,0,68,0,0,92,0,92,60,0,60,152
08/01/2017,ARR,IL,AGL,CE,Towers with Radar,0,0,23,0,23,0,0,42,3,45,0,0,65,3,68,68,0,68,136
08/02/2017,ARR,IL,AGL,CE,Towers with Radar,0,7,12,0,19,0,0,64,0,64,0,7,76,0,83,126,0,126,209
08/03/2017,ARR,IL,AGL,CE,Towers with Radar,0,6,18,0,24,0,0,37,0,37,0,6,55,0,61,19,0,19,80
08/04/2017,ARR,IL,AGL,CE,Towers with Radar,0,2,17,0,19,0,0,28,0,28,0,2,45,0,47,25,0,25,72
08/05/2017,ARR,IL,AGL,CE,Towers with Radar,0,3,14,0,17,0,0,76,1,77,0,3,90,1,94,60,0,60,154
08/06/2017,ARR,IL,AGL,CE,Towers with Radar,0,4,15,1,20,0,0,75,0,75,0,4,90,1,95,132,0,132,227
08/07/2017,ARR,IL,AGL,CE,Towers with Radar,0,3,8,0,11,0,0,72,0,72,0,3,80,0,83,63,0,63,146
08/08/2017,ARR,IL,AGL,CE,Towers with Radar,0,0,24,0,24,0,0,76,2,78,0,0,100,2,102,147,0,147,249
08/09/2017,ARR,IL,AGL,CE,Towers with Radar,0,4,19,0,23,0,0,103,2,105,0,4,122,2,128,70,0,70,198
08/10/2017,ARR,IL,AGL,CE,Towers with Radar,0,6,21,0,27,0,0,51,0,51,0,6,72,0,78,73,0,73,151
08/11/2017,ARR,IL,AGL,CE,Towers with Radar,0,1,27,0,28,0,0,63,0,63,0,1,90,0,91,99,6,105,196
08/12/2017,ARR,IL,AGL,CE,Towers with Radar,0,3,10,0,13,0,0,94,0,94,0,3,104,0,107,65,0,65,172
08/13/2017,ARR,IL,AGL,CE,Towers with Radar,0,2,15,0,17,0,1,104,0,105,0,3,119,0,122,74,0,74,196
08/14/2017,ARR,IL,AGL,CE,Towers with Radar,0,0,15,0,15,0,5,48,0,53,0,5,63,0,68,60,0,60,128
08/15/2017,ARR,IL,AGL,CE,Towers with Radar,0,4,19,0,23,0,0,77,0,77,0,4,96,0,100,91,0,91,191
08/16/2017,ARR,IL,AGL,CE,Towers with Radar,0,4,20,0,24,0,0,58,0,58,0,4,78,0,82,51,0,51,133
08/17/2017,ARR,IL,AGL,CE,Towers with Radar,0,5,28,0,33,0,0,24,0,24,0,5,52,0,57,24,0,24,81
08/18/2017,ARR,IL,AGL,CE,Towers with Radar,0,2,22,0,24,0,2,86,0,88,0,4,108,0,112,129,0,129,241
08/19/2017,ARR,IL,AGL,CE,Towers with Radar,0,2,7,0,9,0,2,83,0,85,0,4,90,0,94,78,0,78,172
08/20/2017,ARR,IL,AGL,CE,Towers with Radar,0,5,13,0,18,0,1,59,0,60,0,6,72,0,78,82,0,82,160
08/21/2017,ARR,IL,AGL,CE,Towers with Radar,0,4,23,0,27,0,0,30,0,30,0,4,53,0,57,10,0,10,67
08/22/2017,ARR,IL,AGL,CE,Towers with Radar,0,0,18,0,18,0,2,27,0,29,0,2,45,0,47,6,0,6,53
08/23/2017,ARR,IL,AGL,CE,Towers with Radar,0,1,22,0,23,0,3,101,0,104,0,4,123,0,127,66,0,66,193
08/24/2017,ARR,IL,AGL,CE,Towers with Radar,0,0,22,0,22,0,0,86,0,86,0,0,108,0,108,62,0,62,170
08/25/2017,ARR,IL,AGL,CE,Towers with Radar,0,2,17,0,19,0,0,95,0,95,0,2,112,0,114,67,0,67,181
08/26/2017,ARR,IL,AGL,CE,Towers with Radar,0,3,14,0,17,0,0,94,0,94,0,3,108,0,111,81,0,81,192
08/27/2017,ARR,IL,AGL,CE,Towers with Radar,0,3,12,0,15,0,0,116,0,116,0,3,128,0,131,21,0,21,152
08/28/2017,ARR,IL,AGL,CE,Towers with Radar,0,1,15,2,18,0,0,17,0,17,0,1,32,2,35,9,0,9,44
08/29/2017,ARR,IL,AGL,CE,Towers with Radar,0,1,14,0,15,0,0,53,0,53,0,1,67,0,68,7,0,7,75
08/30/2017,ARR,IL,AGL,CE,Towers with Radar,0,3,15,2,20,0,0,76,0,76,0,3,91,2,96,89,0,89,185
08/31/2017,ARR,IL,AGL,CE,Towers with Radar,0,1,16,0,17,0,0,70,0,70,0,1,86,0,87,46,0,46,133
09/01/2017,ARR,IL,AGL,CE,Towers with Radar,0,3,15,2,20,0,0,100,0,100,0,3,115,2,120,132,0,132,252
09/02/2017,ARR,IL,AGL,CE,Towers with Radar,0,2,9,0,11,0,0,86,0,86,0,2,95,0,97,85,0,85,182
09/03/2017,ARR,IL,AGL,CE,Towers with Radar,0,4,10,0,14,0,0,88,0,88,0,4,98,0,102,77,0,77,179
09/04/2017,ARR,IL,AGL,CE,Towers with Radar,0,2,18,0,20,0,0,45,0,45,0,2,63,0,65,10,0,10,75
09/05/2017,ARR,IL,AGL,CE,Towers with Radar,0,2,12,0,14,0,0,35,0,35,0,2,47,0,49,31,0,31,80
09/06/2017,ARR,IL,AGL,CE,Towers with Radar,0,3,25,0,28,0,0,74,0,74,0,3,99,0,102,71,0,71,173
09/07/2017,ARR,IL,AGL,CE,Towers with Radar,0,6,16,0,22,0,0,88,0,88,0,6,104,0,110,148,0,148,258
09/08/2017,ARR,IL,AGL,CE,Towers with Radar,0,6,20,0,26,0,0,80,0,80,0,6,100,0,106,84,0,84,190
09/09/2017,ARR,IL,AGL,CE,Towers with Radar,0,9,7,0,16,0,0,112,0,112,0,9,119,0,128,70,0,70,198
09/10/2017,ARR,IL,AGL,CE,Towers with Radar,0,3,15,0,18,0,0,66,0,66,0,3,81,0,84,65,0,65,149
09/11/2017,ARR,IL,AGL,CE,Towers with Radar,0,3,12,0,15,0,0,63,1,64,0,3,75,1,79,77,0,77,156
09/12/2017,ARR,IL,AGL,CE,Towers with Radar,0,3,19,0,22,0,0,86,0,86,0,3,105,0,108,139,0,139,247
09/13/2017,ARR,IL,AGL,CE,Towers with Radar,0,5,32,0,37,0,0,52,0,52,0,5,84,0,89,29,0,29,118
09/14/2017,ARR,IL,AGL,CE,Towers with Radar,0,5,39,0,44,0,0,42,0,42,0,5,81,0,86,8,0,8,94
09/15/2017,ARR,IL,AGL,CE,Towers with Radar,0,6,12,0,18,0,1,80,0,81,0,7,92,0,99,59,0,59,158
09/16/2017,ARR,IL,AGL,CE,Towers with Radar,0,3,17,0,20,0,0,88,0,88,0,3,105,0,108,53,0,53,161
09/17/2017,ARR,IL,AGL,CE,Towers with Radar,0,6,11,0,17,0,0,82,0,82,0,6,93,0,99,83,0,83,182
09/18/2017,ARR,IL,AGL,CE,Towers with Radar,0,1,30,0,31,0,0,63,0,63,0,1,93,0,94,68,0,68,162
09/19/2017,ARR,IL,AGL,CE,Towers with Radar,0,1,15,0,16,0,0,47,0,47,0,1,62,0,63,95,0,95,158
09/20/2017,ARR,IL,AGL,CE,Towers with Radar,0,5,24,0,29,0,1,46,0,47,0,6,70,0,76,44,0,44,120
09/21/2017,ARR,IL,AGL,CE,Towers with Radar,0,2,15,0,17,0,1,65,0,66,0,3,80,0,83,59,0,59,142
09/22/2017,ARR,IL,AGL,CE,Towers with Radar,0,3,12,0,15,0,1,69,0,70,0,4,81,0,85,105,0,105,190
09/23/2017,ARR,IL,AGL,CE,Towers with Radar,0,4,11,0,15,0,1,56,0,57,0,5,67,0,72,44,0,44,116
09/24/2017,ARR,IL,AGL,CE,Towers with Radar,0,2,13,0,15,0,0,137,0,137,0,2,150,0,152,60,0,60,212
09/25/2017,ARR,IL,AGL,CE,Towers with Radar,0,4,17,0,21,0,0,26,0,26,0,4,43,0,47,73,0,73,120
09/26/2017,ARR,IL,AGL,CE,Towers with Radar,0,3,8,0,11,0,0,38,1,39,0,3,46,1,50,99,0,99,149
09/27/2017,ARR,IL,AGL,CE,Towers with Radar,0,1,18,0,19,0,0,59,0,59,0,1,77,0,78,60,0,60,138
09/28/2017,ARR,IL,AGL,CE,Towers with Radar,0,1,12,0,13,0,0,65,0,65,0,1,77,0,78,80,0,80,158
09/29/2017,ARR,IL,AGL,CE,Towers with Radar,0,0,19,0,19,0,0,78,0,78,0,0,97,0,97,48,0,48,145
09/30/2017,ARR,IL,AGL,CE,Towers with Radar,0,4,8,0,12,0,0,94,0,94,0,4,102,0,106,121,0,121,227
10/01/2017,ARR,IL,AGL,CE,Towers with Radar,0,1,7,0,8,0,0,66,0,66,0,1,73,0,74,75,0,75,149
10/02/2017,ARR,IL,AGL,CE,Towers with Radar,0,0,16,0,16,0,0,46,0,46,0,0,62,0,62,54,0,54,116
10/03/2017,ARR,IL,AGL,CE,Towers with Radar,0,3,24,0,27,0,0,26,0,26,0,3,50,0,53,83,0,83,136
10/04/2017,ARR,IL,AGL,CE,Towers with Radar,0,2,22,0,24,0,0,28,0,28,0,2,50,0,52,22,0,22,74
10/05/2017,ARR,IL,AGL,CE,Towers with Radar,0,0,18,0,18,0,0,52,0,52,0,0,70,0,70,63,0,63,133
10/06/2017,ARR,IL,AGL,CE,Towers with Radar,0,0,17,0,17,0,0,1,0,1,0,0,18,0,18,0,0,0,18
10/07/2017,ARR,IL,AGL,CE,Towers with Radar,0,4,8,0,12,0,0,4,0,4,0,4,12,0,16,8,0,8,24
10/08/2017,ARR,IL,AGL,CE,Towers with Radar,0,2,18,0,20,0,0,63,0,63,0,2,81,0,83,139,0,139,222
10/09/2017,ARR,IL,AGL,CE,Towers with Radar,0,1,15,0,16,0,0,72,0,72,0,1,87,0,88,84,0,84,172
10/10/2017,ARR,IL,AGL,CE,Towers with Radar,0,1,21,0,22,0,0,6,0,6,0,1,27,0,28,18,0,18,46
10/11/2017,ARR,IL,AGL,CE,Towers with Radar,0,0,9,0,9,0,0,2,0,2,0,0,11,0,11,7,0,7,18
10/12/2017,ARR,IL,AGL,CE,Towers with Radar,0,4,21,0,25,0,0,0,0,0,0,4,21,0,25,0,0,0,25
10/13/2017,ARR,IL,AGL,CE,Towers with Radar,0,2,28,0,30,0,0,76,0,76,0,2,104,0,106,102,0,102,208
10/14/2017,ARR,IL,AGL,CE,Towers with Radar,0,3,7,0,10,0,0,0,0,0,0,3,7,0,10,0,0,0,10
10/15/2017,ARR,IL,AGL,CE,Towers with Radar,0,1,9,0,10,0,0,9,0,9,0,1,18,0,19,15,0,15,34
10/16/2017,ARR,IL,AGL,CE,Towers with Radar,0,0,16,0,16,0,0,79,0,79,0,0,95,0,95,97,0,97,192
10/17/2017,ARR,IL,AGL,CE,Towers with Radar,0,0,15,0,15,0,0,50,0,50,0,0,65,0,65,71,0,71,136
10/18/2017,ARR,IL,AGL,CE,Towers with Radar,0,1,14,0,15,0,0,71,0,71,0,1,85,0,86,41,0,41,127
10/19/2017,ARR,IL,AGL,CE,Towers with Radar,0,0,19,0,19,0,0,76,4,80,0,0,95,4,99,140,0,140,239
10/20/2017,ARR,IL,AGL,CE,Towers with Radar,0,3,14,0,17,0,0,83,0,83,0,3,97,0,100,100,0,100,200
10/21/2017,ARR,IL,AGL,CE,Towers with Radar,0,3,11,0,14,0,0,67,0,67,0,3,78,0,81,65,0,65,146
10/22/2017,ARR,IL,AGL,CE,Towers with Radar,0,4,15,0,19,0,0,4,0,4,0,4,19,0,23,14,0,14,37
10/23/2017,ARR,IL,AGL,CE,Towers with Radar,0,2,21,0,23,0,0,3,0,3,0,2,24,0,26,0,0,0,26
10/24/2017,ARR,IL,AGL,CE,Towers with Radar,0,2,12,0,14,0,0,1,0,1,0,2,13,0,15,0,0,0,15
10/25/2017,ARR,IL,AGL,CE,Towers with Radar,0,4,15,0,19,0,0,63,0,63,0,4,78,0,82,54,0,54,136
10/26/2017,ARR,IL,AGL,CE,Towers with Radar,0,5,21,0,26,0,0,75,0,75,0,5,96,0,101,42,0,42,143
10/27/2017,ARR,IL,AGL,CE,Towers with Radar,0,3,19,0,22,0,0,33,0,33,0,3,52,0,55,10,0,10,65
10/28/2017,ARR,IL,AGL,CE,Towers with Radar,0,2,6,0,8,0,0,16,0,16,0,2,22,0,24,6,0,6,30
10/29/2017,ARR,IL,AGL,CE,Towers with Radar,0,2,21,0,23,0,0,88,0,88,0,2,109,0,111,98,0,98,209
10/30/2017,ARR,IL,AGL,CE,Towers with Radar,0,10,8,0,18,0,0,12,0,12,0,10,20,0,30,7,0,7,37
10/31/2017,ARR,IL,AGL,CE,Towers with Radar,0,0,5,0,5,0,0,47,0,47,0,0,52,0,52,77,0,77,129
11/01/2017,ARR,IL,AGL,CE,Towers with Radar,0,4,22,0,26,0,0,31,0,31,0,4,53,0,57,25,0,25,82
11/02/2017,ARR,IL,AGL,CE,Towers with Radar,0,2,15,0,17,0,0,0,0,0,0,2,15,0,17,0,0,0,17
11/03/2017,ARR,IL,AGL,CE,Towers with Radar,0,1,16,0,17,0,0,98,0,98,0,1,114,0,115,62,0,62,177
11/04/2017,ARR,IL,AGL,CE,Towers with Radar,0,2,16,0,18,0,0,0,0,0,0,2,16,0,18,0,0,0,18
11/05/2017,ARR,IL,AGL,CE,Towers with Radar,0,3,18,2,23,0,0,1,0,1,0,3,19,2,24,0,0,0,24
11/06/2017,ARR,IL,AGL,CE,Towers with Radar,0,2,11,0,13,0,0,60,0,60,0,2,71,0,73,69,0,69,142
11/07/2017,ARR,IL,AGL,CE,Towers with Radar,0,1,7,2,10,0,0,46,0,46,0,1,53,2,56,57,0,57,113
11/08/2017,ARR,IL,AGL,CE,Towers with Radar,0,1,16,0,17,0,1,140,0,141,0,2,156,0,158,176,0,176,334
11/09/2017,ARR,IL,AGL,CE,Towers with Radar,0,5,10,2,17,0,2,48,0,50,0,7,58,2,67,21,0,21,88
11/10/2017,ARR,IL,AGL,CE,Towers with Radar,0,3,13,0,16,0,0,38,0,38,0,3,51,0,54,50,0,50,104
11/11/2017,ARR,IL,AGL,CE,Towers with Radar,0,2,9,0,11,0,0,48,0,48,0,2,57,0,59,104,0,104,163
11/12/2017,ARR,IL,AGL,CE,Towers with Radar,0,2,11,0,13,0,0,0,0,0,0,2,11,0,13,0,0,0,13
11/13/2017,ARR,IL,AGL,CE,Towers with Radar,0,2,22,0,24,0,0,0,0,0,0,2,22,0,24,0,0,0,24
11/14/2017,ARR,IL,AGL,CE,Towers with Radar,0,4,14,0,18,0,0,68,0,68,0,4,82,0,86,116,0,116,202
11/15/2017,ARR,IL,AGL,CE,Towers with Radar,0,3,7,1,11,0,0,9,0,9,0,3,16,1,20,0,0,0,20
11/16/2017,ARR,IL,AGL,CE,Towers with Radar,0,2,21,0,23,0,0,47,0,47,0,2,68,0,70,72,0,72,142
11/17/2017,ARR,IL,AGL,CE,Towers with Radar,0,1,27,0,28,0,0,13,0,13,0,1,40,0,41,23,0,23,64
11/18/2017,ARR,IL,AGL,CE,Towers with Radar,0,2,3,0,5,0,0,0,0,0,0,2,3,0,5,0,0,0,5
11/19/2017,ARR,IL,AGL,CE,Towers with Radar,0,2,14,0,16,0,1,109,0,110,0,3,123,0,126,112,0,112,238
11/20/2017,ARR,IL,AGL,CE,Towers with Radar,0,4,16,0,20,0,0,38,0,38,0,4,54,0,58,63,0,63,121
11/21/2017,ARR,IL,AGL,CE,Towers with Radar,0,6,19,0,25,0,0,26,0,26,0,6,45,0,51,27,0,27,78
11/22/2017,ARR,IL,AGL,CE,Towers with Radar,0,2,19,0,21,0,0,112,0,112,0,2,131,0,133,125,0,125,258
11/23/2017,ARR,IL,AGL,CE,Towers with Radar,0,1,7,0,8,0,0,34,0,34,0,1,41,0,42,8,0,8,50
11/24/2017,ARR,IL,AGL,CE,Towers with Radar,0,3,6,0,9,0,0,40,0,40,0,3,46,0,49,7,0,7,56
11/25/2017,ARR,IL,AGL,CE,Towers with Radar,0,2,12,0,14,0,0,78,0,78,0,2,90,0,92,80,0,80,172
11/26/2017,ARR,IL,AGL,CE,Towers with Radar,0,6,21,0,27,0,0,55,0,55,0,6,76,0,82,70,0,70,152
11/27/2017,ARR,IL,AGL,CE,Towers with Radar,0,0,19,1,20,0,0,64,0,64,0,0,83,1,84,44,0,44,128
11/28/2017,ARR,IL,AGL,CE,Towers with Radar,0,4,22,0,26,0,0,21,0,21,0,4,43,0,47,33,0,33,80
11/29/2017,ARR,IL,AGL,CE,Towers with Radar,0,3,13,1,17,0,0,99,3,102,0,3,112,4,119,106,8,114,233
11/30/2017,ARR,IL,AGL,CE,Towers with Radar,0,1,13,0,14,0,0,51,0,51,0,1,64,0,65,76,0,76,141
12/01/2017,ARR,IL,AGL,CE,Towers with Radar,0,1,21,2,24,0,0,90,0,90,0,1,111,2,114,82,0,82,196
12/02/2017,ARR,IL,AGL,CE,Towers with Radar,0,3,13,0,16,0,0,97,0,97,0,3,110,0,113,121,0,121,234
12/03/2017,ARR,IL,AGL,CE,Towers with Radar,0,1,20,0,21,0,0,117,0,117,0,1,137,0,138,94,0,94,232
12/04/2017,ARR,IL,AGL,CE,Towers with Radar,0,1,6,0,7,0,0,0,0,0,0,1,6,0,7,0,0,0,7
12/05/2017,ARR,IL,AGL,CE,Towers with Radar,0,3,11,0,14,0,0,3,0,3,0,3,14,0,17,0,0,0,17
12/06/2017,ARR,IL,AGL,CE,Towers with Radar,0,4,18,2,24,0,0,35,0,35,0,4,53,2,59,29,0,29,88
12/07/2017,ARR,IL,AGL,CE,Towers with Radar,0,5,22,0,27,0,0,31,0,31,0,5,53,0,58,39,1,40,98
12/08/2017,ARR,IL,AGL,CE,Towers with Radar,0,3,13,0,16,0,0,71,0,71,0,3,84,0,87,71,0,71,158
12/09/2017,ARR,IL,AGL,CE,Towers with Radar,0,5,6,0,11,0,0,0,0,0,0,5,6,0,11,0,0,0,11
12/10/2017,ARR,IL,AGL,CE,Towers with Radar,0,1,18,0,19,0,0,27,0,27,0,1,45,0,46,85,0,85,131
12/11/2017,ARR,IL,AGL,CE,Towers with Radar,0,2,9,1,12,0,0,15,1,16,0,2,24,2,28,9,0,9,37
12/12/2017,ARR,IL,AGL,CE,Towers with Radar,0,0,10,0,10,0,0,28,1,29,0,0,38,1,39,35,0,35,74
12/13/2017,ARR,IL,AGL,CE,Towers with Radar,0,3,16,0,19,0,0,0,0,0,0,3,16,0,19,0,0,0,19
12/14/2017,ARR,IL,AGL,CE,Towers with Radar,0,5,21,0,26,0,0,66,0,66,0,5,87,0,92,84,0,84,176
12/15/2017,ARR,IL,AGL,CE,Towers with Radar,0,1,20,0,21,0,0,24,0,24,0,1,44,0,45,20,0,20,65
12/16/2017,ARR,IL,AGL,CE,Towers with Radar,0,2,14,0,16,0,0,103,0,103,0,2,117,0,119,89,0,89,208
12/17/2017,ARR,IL,AGL,CE,Towers with Radar,0,3,8,0,11,0,0,13,0,13,0,3,21,0,24,0,0,0,24
12/18/2017,ARR,IL,AGL,CE,Towers with Radar,0,0,13,0,13,0,0,0,0,0,0,0,13,0,13,0,0,0,13
12/19/2017,ARR,IL,AGL,CE,Towers with Radar,0,4,14,0,18,0,0,73,0,73,0,4,87,0,91,48,0,48,139
12/20/2017,ARR,IL,AGL,CE,Towers with Radar,0,0,23,0,23,0,0,76,0,76,0,0,99,0,99,102,0,102,201
12/21/2017,ARR,IL,AGL,CE,Towers with Radar,0,2,8,0,10,0,0,46,0,46,0,2,54,0,56,35,0,35,91
12/22/2017,ARR,IL,AGL,CE,Towers with Radar,0,2,6,0,8,0,0,3,0,3,0,2,9,0,11,10,0,10,21
12/23/2017,ARR,IL,AGL,CE,Towers with Radar,0,5,14,0,19,0,0,94,0,94,0,5,108,0,113,111,0,111,224
12/24/2017,ARR,IL,AGL,CE,Towers with Radar,0,0,2,0,2,0,0,0,0,0,0,0,2,0,2,0,0,0,2
12/25/2017,ARR,IL,AGL,CE,Towers with Radar,0,0,1,0,1,0,0,2,0,2,0,0,3,0,3,0,0,0,3
12/26/2017,ARR,IL,AGL,CE,Towers with Radar,0,2,10,0,12,0,0,8,0,8,0,2,18,0,20,0,0,0,20
12/27/2017,ARR,IL,AGL,CE,Towers with Radar,0,4,8,0,12,0,0,19,0,19,0,4,27,0,31,31,0,31,62
12/28/2017,ARR,IL,AGL,CE,Towers with Radar,0,2,6,0,8,0,0,6,0,6,0,2,12,0,14,8,0,8,22
12/29/2017,ARR,IL,AGL,CE,Towers with Radar,0,0,7,0,7,0,0,11,0,11,0,0,18,0,18,20,0,20,38
12/30/2017,ARR,IL,AGL,CE,Towers with Radar,0,0,6,0,6,0,0,17,0,17,0,0,23,0,23,24,0,24,47
12/31/2017,ARR,IL,AGL,CE,Towers with Radar,0,1,4,0,5,0,0,17,0,17,0,1,21,0,22,38,0,38,60
01/01/2018,ARR,IL,AGL,CE,Towers with Radar,0,1,7,0,8,0,0,4,0,4,0,1,11,0,12,6,0,6,18
01/02/2018,ARR,IL,AGL,CE,Towers with Radar,0,1,7,0,8,0,0,8,0,8,0,1,15,0,16,0,0,0,16
01/03/2018,ARR,IL,AGL,CE,Towers with Radar,0,3,8,0,11,0,0,10,0,10,0,3,18,0,21,7,0,7,28
01/04/2018,ARR,IL,AGL,CE,Towers with Radar,0,0,12,0,12,0,0,26,0,26,0,0,38,0,38,23,0,23,61
01/05/2018,ARR,IL,AGL,CE,Towers with Radar,0,2,7,0,9,0,0,34,2,36,0,2,41,2,45,8,0,8,53
01/06/2018,ARR,IL,AGL,CE,Towers with Radar,0,6,14,0,20,0,0,26,0,26,0,6,40,0,46,8,0,8,54
01/07/2018,ARR,IL,AGL,CE,Towers with Radar,0,2,4,0,6,0,0,10,0,10,0,2,14,0,16,0,0,0,16
01/08/2018,ARR,IL,AGL,CE,Towers with Radar,0,0,10,0,10,0,0,13,0,13,0,0,23,0,23,0,0,0,23
01/09/2018,ARR,IL,AGL,CE,Towers with Radar,0,2,11,0,13,0,0,0,0,0,0,2,11,0,13,0,0,0,13
01/10/2018,ARR,IL,AGL,CE,Towers with Radar,0,0,7,0,7,0,0,0,0,0,0,0,7,0,7,0,0,0,7
01/11/2018,ARR,IL,AGL,CE,Towers with Radar,0,3,15,0,18,0,0,0,0,0,0,3,15,0,18,0,0,0,18
01/12/2018,ARR,IL,AGL,CE,Towers with Radar,0,3,7,0,10,0,0,15,0,15,0,3,22,0,25,22,0,22,47
01/13/2018,ARR,IL,AGL,CE,Towers with Radar,0,3,12,0,15,0,0,36,0,36,0,3,48,0,51,28,0,28,79
01/14/2018,ARR,IL,AGL,CE,Towers with Radar,0,2,3,0,5,0,0,55,0,55,0,2,58,0,60,39,0,39,99
01/15/2018,ARR,IL,AGL,CE,Towers with Radar,0,6,10,0,16,0,0,0,0,0,0,6,10,0,16,0,0,0,16
01/16/2018,ARR,IL,AGL,CE,Towers with Radar,0,1,11,0,12,0,0,8,0,8,0,1,19,0,20,0,0,0,20
01/17/2018,ARR,IL,AGL,CE,Towers with Radar,0,2,13,0,15,0,0,35,0,35,0,2,48,0,50,53,0,53,103
01/18/2018,ARR,IL,AGL,CE,Towers with Radar,0,0,8,2,10,0,0,34,0,34,0,0,42,2,44,44,0,44,88
01/19/2018,ARR,IL,AGL,CE,Towers with Radar,0,3,21,0,24,0,0,78,0,78,0,3,99,0,102,83,0,83,185
01/20/2018,ARR,IL,AGL,CE,Towers with Radar,0,3,4,0,7,0,0,78,1,79,0,3,82,1,86,120,0,120,206
01/21/2018,ARR,IL,AGL,CE,Towers with Radar,0,2,3,0,5,0,0,0,0,0,0,2,3,0,5,0,0,0,5
01/22/2018,ARR,IL,AGL,CE,Towers with Radar,0,1,14,0,15,0,0,0,0,0,0,1,14,0,15,0,0,0,15
01/23/2018,ARR,IL,AGL,CE,Towers with Radar,0,0,14,0,14,0,0,6,0,6,0,0,20,0,20,0,0,0,20
01/24/2018,ARR,IL,AGL,CE,Towers with Radar,0,1,13,0,14,0,0,0,0,0,0,1,13,0,14,0,0,0,14
01/25/2018,ARR,IL,AGL,CE,Towers with Radar,0,2,24,0,26,0,0,47,0,47,0,2,71,0,73,98,0,98,171
01/26/2018,ARR,IL,AGL,CE,Towers with Radar,0,2,7,0,9,0,0,16,0,16,0,2,23,0,25,30,0,30,55
01/27/2018,ARR,IL,AGL,CE,Towers with Radar,0,4,3,0,7,0,0,82,0,82,0,4,85,0,89,94,0,94,183
01/28/2018,ARR,IL,AGL,CE,Towers with Radar,0,3,13,0,16,0,0,36,0,36,0,3,49,0,52,126,0,126,178
01/29/2018,ARR,IL,AGL,CE,Towers with Radar,0,4,9,0,13,0,0,13,0,13,0,4,22,0,26,48,0,48,74
01/30/2018,ARR,IL,AGL,CE,Towers with Radar,0,2,12,0,14,0,0,43,0,43,0,2,55,0,57,69,0,69,126
01/31/2018,ARR,IL,AGL,CE,Towers with Radar,0,3,9,1,13,0,0,12,2,14,0,3,21,3,27,4,0,4,31
02/01/2018,ARR,IL,AGL,CE,Towers with Radar,0,1,17,0,18,0,0,30,0,30,0,1,47,0,48,68,0,68,116
02/02/2018,ARR,IL,AGL,CE,Towers with Radar,0,0,16,0,16,0,0,30,0,30,0,0,46,0,46,73,0,73,119
02/03/2018,ARR,IL,AGL,CE,Towers with Radar,0,1,7,0,8,0,0,27,0,27,0,1,34,0,35,38,0,38,73
02/04/2018,ARR,IL,AGL,CE,Towers with Radar,0,2,3,0,5,0,0,0,0,0,0,2,3,0,5,0,0,0,5
02/05/2018,ARR,IL,AGL,CE,Towers with Radar,0,5,10,0,15,0,0,12,0,12,0,5,22,0,27,8,0,8,35
02/06/2018,ARR,IL,AGL,CE,Towers with Radar,0,1,15,0,16,0,0,11,0,11,0,1,26,0,27,0,0,0,27
02/07/2018,ARR,IL,AGL,CE,Towers with Radar,0,4,18,0,22,0,0,3,0,3,0,4,21,0,25,2,0,2,27
02/08/2018,ARR,IL,AGL,CE,Towers with Radar,0,1,15,0,16,0,0,20,0,20,0,1,35,0,36,18,0,18,54
02/09/2018,ARR,IL,AGL,CE,Towers with Radar,0,0,5,0,5,0,0,0,0,0,0,0,5,0,5,0,0,0,5
02/10/2018,ARR,IL,AGL,CE,Towers with Radar,0,3,5,0,8,0,0,0,0,0,0,3,5,0,8,0,0,0,8
02/11/2018,ARR,IL,AGL,CE,Towers with Radar,0,4,10,0,14,0,0,0,0,0,0,4,10,0,14,0,0,0,14
02/12/2018,ARR,IL,AGL,CE,Towers with Radar,0,1,16,0,17,0,0,35,0,35,0,1,51,0,52,43,0,43,95
02/13/2018,ARR,IL,AGL,CE,Towers with Radar,0,0,13,0,13,0,0,38,0,38,0,0,51,0,51,90,0,90,141
02/14/2018,ARR,IL,AGL,CE,Towers with Radar,0,1,7,0,8,0,0,15,0,15,0,1,22,0,23,31,0,31,54
02/15/2018,ARR,IL,AGL,CE,Towers with Radar,0,3,25,0,28,0,0,0,0,0,0,3,25,0,28,0,0,0,28
02/16/2018,ARR,IL,AGL,CE,Towers with Radar,0,1,31,0,32,0,0,26,2,28,0,1,57,2,60,30,0,30,90
02/17/2018,ARR,IL,AGL,CE,Towers with Radar,0,2,6,0,8,0,0,23,0,23,0,2,29,0,31,49,0,49,80
02/18/2018,ARR,IL,AGL,CE,Towers with Radar,0,2,13,0,15,0,0,27,0,27,0,2,40,0,42,55,0,55,97
02/19/2018,ARR,IL,AGL,CE,Towers with Radar,0,1,4,0,5,0,0,0,0,0,0,1,4,0,5,0,0,0,5
02/20/2018,ARR,IL,AGL,CE,Towers with Radar,0,0,8,0,8,0,0,2,0,2,0,0,10,0,10,3,0,3,13
02/21/2018,ARR,IL,AGL,CE,Towers with Radar,0,2,23,0,25,0,0,48,0,48,0,2,71,0,73,92,0,92,165
02/22/2018,ARR,IL,AGL,CE,Towers with Radar,0,0,9,0,9,0,0,40,0,40,0,0,49,0,49,54,0,54,103
02/23/2018,ARR,IL,AGL,CE,Towers with Radar,0,0,17,0,17,0,0,0,0,0,0,0,17,0,17,0,0,0,17
02/24/2018,ARR,IL,AGL,CE,Towers with Radar,0,5,7,0,12,0,0,6,0,6,0,5,13,0,18,44,0,44,62
02/25/2018,ARR,IL,AGL,CE,Towers with Radar,0,3,15,0,18,0,8,34,0,42,0,11,49,0,60,14,0,14,74
02/26/2018,ARR,IL,AGL,CE,Towers with Radar,0,0,16,0,16,0,0,124,0,124,0,0,140,0,140,142,0,142,282
02/27/2018,ARR,IL,AGL,CE,Towers with Radar,0,0,8,0,8,0,0,83,0,83,0,0,91,0,91,64,0,64,155
02/28/2018,ARR,IL,AGL,CE,Towers with Radar,0,0,9,0,9,0,0,34,0,34,0,0,43,0,43,56,0,56,99
03/01/2018,ARR,IL,AGL,CE,Towers with Radar,0,4,12,0,16,0,0,9,0,9,0,4,21,0,25,6,3,9,34
03/02/2018,ARR,IL,AGL,CE,Towers with Radar,0,2,12,0,14,0,0,99,0,99,0,2,111,0,113,133,0,133,246
03/03/2018,ARR,IL,AGL,CE,Towers with Radar,0,2,19,0,21,0,0,85,0,85,0,2,104,0,106,164,0,164,270
03/04/2018,ARR,IL,AGL,CE,Towers with Radar,0,1,21,0,22,0,0,102,0,102,0,1,123,0,124,70,0,70,194
03/05/2018,ARR,IL,AGL,CE,Towers with Radar,0,1,5,0,6,0,0,5,0,5,0,1,10,0,11,0,0,0,11
03/06/2018,ARR,IL,AGL,CE,Towers with Radar,0,4,7,0,11,0,0,0,0,0,0,4,7,0,11,0,0,0,11
03/07/2018,ARR,IL,AGL,CE,Towers with Radar,0,3,14,0,17,0,0,40,0,40,0,3,54,0,57,10,0,10,67
03/08/2018,ARR,IL,AGL,CE,Towers with Radar,0,0,11,3,14,0,0,51,0,51,0,0,62,3,65,80,0,80,145
03/09/2018,ARR,IL,AGL,CE,Towers with Radar,0,2,17,0,19,0,0,82,0,82,0,2,99,0,101,155,0,155,256
03/10/2018,ARR,IL,AGL,CE,Towers with Radar,0,3,10,0,13,0,0,114,0,114,0,3,124,0,127,116,0,116,243
03/11/2018,ARR,IL,AGL,CE,Towers with Radar,0,3,5,0,8,0,1,46,0,47,0,4,51,0,55,23,0,23,78
03/12/2018,ARR,IL,AGL,CE,Towers with Radar,0,1,7,0,8,0,0,35,0,35,0,1,42,0,43,68,0,68,111
03/13/2018,ARR,IL,AGL,CE,Towers with Radar,0,0,7,0,7,0,0,41,1,42,0,0,48,1,49,46,0,46,95
03/14/2018,ARR,IL,AGL,CE,Towers with Radar,0,1,17,0,18,0,1,71,0,72,0,2,88,0,90,77,0,77,167
03/15/2018,ARR,IL,AGL,CE,Towers with Radar,0,2,17,0,19,0,0,77,0,77,0,2,94,0,96,104,0,104,200
03/16/2018,ARR,IL,AGL,CE,Towers with Radar,0,2,26,0,28,0,0,86,0,86,0,2,112,0,114,85,0,85,199
03/17/2018,ARR,IL,AGL,CE,Towers with Radar,0,5,14,0,19,0,0,32,0,32,0,5,46,0,51,62,0,62,113
03/18/2018,ARR,IL,AGL,CE,Towers with Radar,0,6,8,0,14,0,0,141,0,141,0,6,149,0,155,96,0,96,251
03/19/2018,ARR,IL,AGL,CE,Towers with Radar,0,0,18,0,18,0,0,62,0,62,0,0,80,0,80,48,0,48,128
03/20/2018,ARR,IL,AGL,CE,Towers with Radar,0,2,13,0,15,0,0,14,0,14,0,2,27,0,29,7,0,7,36
03/21/2018,ARR,IL,AGL,CE,Towers with Radar,0,2,15,0,17,0,0,54,2,56,0,2,69,2,73,30,0,30,103
03/22/2018,ARR,IL,AGL,CE,Towers with Radar,0,1,17,0,18,0,0,105,0,105,0,1,122,0,123,172,0,172,295
03/23/2018,ARR,IL,AGL,CE,Towers with Radar,0,1,20,0,21,0,0,92,0,92,0,1,112,0,113,121,0,121,234
03/24/2018,ARR,IL,AGL,CE,Towers with Radar,0,7,8,0,15,0,0,1,0,1,0,7,9,0,16,0,0,0,16
03/25/2018,ARR,IL,AGL,CE,Towers with Radar,0,4,12,0,16,0,0,61,0,61,0,4,73,0,77,72,0,72,149
03/26/2018,ARR,IL,AGL,CE,Towers with Radar,0,2,16,0,18,0,0,31,0,31,0,2,47,0,49,26,0,26,75
03/27/2018,ARR,IL,AGL,CE,Towers with Radar,0,1,14,0,15,0,0,0,0,0,0,1,14,0,15,0,0,0,15
03/28/2018,ARR,IL,AGL,CE,Towers with Radar,0,2,15,0,17,0,0,53,0,53,0,2,68,0,70,126,0,126,196
03/29/2018,ARR,IL,AGL,CE,Towers with Radar,0,0,14,0,14,0,0,13,0,13,0,0,27,0,27,33,0,33,60
03/30/2018,ARR,IL,AGL,CE,Towers with Radar,0,3,16,0,19,0,0,75,0,75,0,3,91,0,94,80,0,80,174
03/31/2018,ARR,IL,AGL,CE,Towers with Radar,0,4,7,0,11,0,0,4,0,4,0,4,11,0,15,4,0,4,19
04/01/2018,ARR,IL,AGL,CE,Towers with Radar,0,4,6,0,10,0,0,28,0,28,0,4,34,0,38,62,0,62,100
04/02/2018,ARR,IL,AGL,CE,Towers with Radar,0,3,11,0,14,0,0,60,0,60,0,3,71,0,74,39,0,39,113
04/03/2018,ARR,IL,AGL,CE,Towers with Radar,0,0,9,0,9,0,0,0,0,0,0,0,9,0,9,0,0,0,9
04/04/2018,ARR,IL,AGL,CE,Towers with Radar,0,3,9,0,12,0,0,17,0,17,0,3,26,0,29,36,0,36,65
04/05/2018,ARR,IL,AGL,CE,Towers with Radar,0,2,13,0,15,0,0,45,0,45,0,2,58,0,60,34,0,34,94
04/06/2018,ARR,IL,AGL,CE,Towers with Radar,0,2,8,0,10,0,0,21,0,21,0,2,29,0,31,14,0,14,45
04/07/2018,ARR,IL,AGL,CE,Towers with Radar,0,3,16,0,19,0,0,108,0,108,0,3,124,0,127,184,0,184,311
04/08/2018,ARR,IL,AGL,CE,Towers with Radar,0,4,4,0,8,0,0,90,0,90,0,4,94,0,98,113,0,113,211
04/09/2018,ARR,IL,AGL,CE,Towers with Radar,0,2,4,0,6,0,0,0,0,0,0,2,4,0,6,0,0,0,6
04/10/2018,ARR,IL,AGL,CE,Towers with Radar,0,2,10,0,12,0,0,67,1,68,0,2,77,1,80,65,1,66,146
04/11/2018,ARR,IL,AGL,CE,Towers with Radar,0,4,11,0,15,0,0,51,0,51,0,4,62,0,66,62,0,62,128
04/12/2018,ARR,IL,AGL,CE,Towers with Radar,0,4,20,0,24,0,0,37,2,39,0,4,57,2,63,78,0,78,141
04/13/2018,ARR,IL,AGL,CE,Towers with Radar,0,1,14,0,15,0,0,32,0,32,0,1,46,0,47,24,0,24,71
04/14/2018,ARR,IL,AGL,CE,Towers with Radar,0,3,6,0,9,0,0,0,0,0,0,3,6,0,9,0,0,0,9
04/15/2018,ARR,IL,AGL,CE,Towers with Radar,0,5,8,0,13,0,0,0,0,0,0,5,8,0,13,0,0,0,13
04/16/2018,ARR,IL,AGL,CE,Towers with Radar,0,0,9,0,9,0,0,0,0,0,0,0,9,0,9,0,0,0,9
04/17/2018,ARR,IL,AGL,CE,Towers with Radar,0,0,9,0,9,0,0,98,0,98,0,0,107,0,107,84,0,84,191
04/18/2018,ARR,IL,AGL,CE,Towers with Radar,0,0,7,0,7,0,0,6,0,6,0,0,13,0,13,0,0,0,13
04/19/2018,ARR,IL,AGL,CE,Towers with Radar,0,2,18,0,20,0,0,81,0,81,0,2,99,0,101,97,0,97,198
04/20/2018,ARR,IL,AGL,CE,Towers with Radar,0,3,18,0,21,0,2,145,1,148,0,5,163,1,169,159,0,159,328
04/21/2018,ARR,IL,AGL,CE,Towers with Radar,0,3,10,0,13,0,0,117,0,117,0,3,127,0,130,165,0,165,295
04/22/2018,ARR,IL,AGL,CE,Towers with Radar,0,2,15,0,17,0,1,98,0,99,0,3,113,0,116,140,0,140,256
04/23/2018,ARR,IL,AGL,CE,Towers with Radar,0,0,21,0,21,0,0,90,0,90,0,0,111,0,111,109,0,109,220
04/24/2018,ARR,IL,AGL,CE,Towers with Radar,0,3,14,1,18,0,0,51,0,51,0,3,65,1,69,70,0,70,139
04/25/2018,ARR,IL,AGL,CE,Towers with Radar,0,2,18,0,20,5,0,93,0,98,5,2,111,0,118,50,0,50,168
04/26/2018,ARR,IL,AGL,CE,Towers with Radar,0,3,23,2,28,0,0,88,1,89,0,3,111,3,117,62,0,62,179
04/27/2018,ARR,IL,AGL,CE,Towers with Radar,0,2,23,3,28,0,0,66,1,67,0,2,89,4,95,47,0,47,142
04/28/2018,ARR,IL,AGL,CE,Towers with Radar,0,2,14,0,16,0,0,57,4,61,0,2,71,4,77,20,0,20,97
04/29/2018,ARR,IL,AGL,CE,Towers with Radar,0,5,5,0,10,0,0,175,1,176,0,5,180,1,186,149,0,149,335
04/30/2018,ARR,IL,AGL,CE,Towers with Radar,0,0,13,1,14,0,0,60,0,60,0,0,73,1,74,24,0,24,98
05/01/2018,ARR,IL,AGL,CE,Towers with Radar,0,1,9,0,10,0,0,25,0,25,0,1,34,0,35,24,0,24,59
05/02/2018,ARR,IL,AGL,CE,Towers with Radar,0,1,13,0,14,0,0,29,0,29,0,1,42,0,43,39,0,39,82
05/03/2018,ARR,IL,AGL,CE,Towers with Radar,0,3,20,2,25,0,0,12,0,12,0,3,32,2,37,2,4,6,43
05/04/2018,ARR,IL,AGL,CE,Towers with Radar,0,2,11,0,13,0,0,59,2,61,0,2,70,2,74,82,0,82,156
05/05/2018,ARR,IL,AGL,CE,Towers with Radar,0,4,11,0,15,0,0,107,0,107,0,4,118,0,122,112,0,112,234
05/06/2018,ARR,IL,AGL,CE,Towers with Radar,0,4,14,2,20,0,0,60,1,61,0,4,74,3,81,173,0,173,254
05/07/2018,ARR,IL,AGL,CE,Towers with Radar,0,1,22,0,23,0,3,93,0,96,0,4,115,0,119,154,0,154,273
05/08/2018,ARR,IL,AGL,CE,Towers with Radar,0,2,12,0,14,0,3,104,0,107,0,5,116,0,121,105,0,105,226
05/09/2018,ARR,IL,AGL,CE,Towers with Radar,0,5,12,0,17,0,0,16,0,16,0,5,28,0,33,44,0,44,77
05/10/2018,ARR,IL,AGL,CE,Towers with Radar,0,4,24,0,28,0,0,75,0,75,0,4,99,0,103,108,0,108,211
05/11/2018,ARR,IL,AGL,CE,Towers with Radar,0,2,18,0,20,0,0,32,0,32,0,2,50,0,52,11,0,11,63
05/12/2018,ARR,IL,AGL,CE,Towers with Radar,0,4,27,0,31,0,0,0,0,0,0,4,27,0,31,0,0,0,31
05/13/2018,ARR,IL,AGL,CE,Towers with Radar,0,5,15,0,20,0,0,4,0,4,0,5,19,0,24,15,0,15,39
05/14/2018,ARR,IL,AGL,CE,Towers with Radar,0,2,9,0,11,0,0,14,0,14,0,2,23,0,25,9,0,9,34
05/15/2018,ARR,IL,AGL,CE,Towers with Radar,0,0,17,0,17,0,0,38,0,38,0,0,55,0,55,36,0,36,91
05/16/2018,ARR,IL,AGL,CE,Towers with Radar,0,5,9,1,15,0,0,89,0,89,0,5,98,1,104,65,0,65,169
05/17/2018,ARR,IL,AGL,CE,Towers with Radar,0,5,12,0,17,0,0,111,1,112,0,5,123,1,129,64,0,64,193
05/18/2018,ARR,IL,AGL,CE,Towers with Radar,0,1,25,1,27,0,0,78,0,78,0,1,103,1,105,26,0,26,131
05/19/2018,ARR,IL,AGL,CE,Towers with Radar,0,4,26,0,30,0,0,18,0,18,0,4,44,0,48,39,0,39,87
05/20/2018,ARR,IL,AGL,CE,Towers with Radar,0,2,19,2,23,0,0,14,0,14,0,2,33,2,37,31,0,31,68
05/21/2018,ARR,IL,AGL,CE,Towers with Radar,0,3,14,0,17,0,0,0,0,0,0,3,14,0,17,0,0,0,17
05/22/2018,ARR,IL,AGL,CE,Towers with Radar,0,1,38,0,39,0,0,17,0,17,0,1,55,0,56,38,0,38,94
05/23/2018,ARR,IL,AGL,CE,Towers with Radar,0,2,22,0,24,0,0,99,0,99,0,2,121,0,123,176,0,176,299
05/24/2018,ARR,IL,AGL,CE,Towers with Radar,0,1,10,0,11,0,2,80,0,82,0,3,90,0,93,45,0,45,138
05/25/2018,ARR,IL,AGL,CE,Towers with Radar,0,0,23,0,23,0,3,75,0,78,0,3,98,0,101,66,0,66,167
05/26/2018,ARR,IL,AGL,CE,Towers with Radar,0,2,5,0,7,0,1,108,0,109,0,3,113,0,116,139,0,139,255
05/27/2018,ARR,IL,AGL,CE,Towers with Radar,0,2,6,0,8,0,1,73,0,74,0,3,79,0,82,142,0,142,224
05/28/2018,ARR,IL,AGL,CE,Towers with Radar,0,1,15,0,16,0,2,66,0,68,0,3,81,0,84,51,0,51,135
05/29/2018,ARR,IL,AGL,CE,Towers with Radar,0,5,14,0,19,0,0,70,0,70,0,5,84,0,89,28,0,28,117
05/30/2018,ARR,IL,AGL,CE,Towers with Radar,0,3,14,0,17,0,0,12,0,12,0,3,26,0,29,31,0,31,60
05/31/2018,ARR,IL,AGL,CE,Towers with Radar,0,2,20,0,22,0,0,59,0,59,0,2,79,0,81,36,0,36,117
06/01/2018,ARR,IL,AGL,CE,Towers with Radar,0,3,17,4,24,0,0,107,11,118,0,3,124,15,142,125,8,133,275
06/02/2018,ARR,IL,AGL,CE,Towers with Radar,0,4,17,0,21,0,0,63,0,63,0,4,80,0,84,42,0,42,126
06/03/2018,ARR,IL,AGL,CE,Towers with Radar,0,3,9,11,23,0,0,52,0,52,0,3,61,11,75,57,2,59,134
06/04/2018,ARR,IL,AGL,CE,Towers with Radar,0,0,15,0,15,0,0,82,0,82,0,0,97,0,97,74,0,74,171
06/05/2018,ARR,IL,AGL,CE,Towers with Radar,0,5,15,0,20,0,0,40,0,40,0,5,55,0,60,33,0,33,93
06/06/2018,ARR,IL,AGL,CE,Towers with Radar,0,0,16,0,16,0,0,78,0,78,0,0,94,0,94,88,0,88,182
06/07/2018,ARR,IL,AGL,CE,Towers with Radar,0,5,15,0,20,0,0,99,0,99,0,5,114,0,119,99,0,99,218
06/08/2018,ARR,IL,AGL,CE,Towers with Radar,0,3,22,1,26,0,0,39,0,39,0,3,61,1,65,59,0,59,124
06/09/2018,ARR,IL,AGL,CE,Towers with Radar,0,6,19,0,25,0,0,52,0,52,0,6,71,0,77,160,0,160,237
06/10/2018,ARR,IL,AGL,CE,Towers with Radar,0,10,15,1,26,0,0,5,0,5,0,10,20,1,31,17,0,17,48
06/11/2018,ARR,IL,AGL,CE,Towers with Radar,0,2,42,0,44,0,0,0,0,0,0,2,42,0,44,0,0,0,44
06/12/2018,ARR,IL,AGL,CE,Towers with Radar,0,4,35,0,39,0,0,7,0,7,0,4,42,0,46,28,0,28,74
06/13/2018,ARR,IL,AGL,CE,Towers with Radar,0,2,21,0,23,0,0,86,0,86,0,2,107,0,109,118,0,118,227
06/14/2018,ARR,IL,AGL,CE,Towers with Radar,0,2,18,0,20,0,0,77,0,77,0,2,95,0,97,72,0,72,169
06/15/2018,ARR,IL,AGL,CE,Towers with Radar,0,3,13,0,16,0,0,49,0,49,0,3,62,0,65,55,0,55,120
06/16/2018,ARR,IL,AGL,CE,Towers with Radar,0,2,10,0,12,0,0,104,0,104,0,2,114,0,116,140,0,140,256
06/17/2018,ARR,IL,AGL,CE,Towers with Radar,0,4,10,0,14,0,0,52,0,52,0,4,62,0,66,34,0,34,100
06/18/2018,ARR,IL,AGL,CE,Towers with Radar,0,1,22,0,23,0,0,57,0,57,0,1,79,0,80,46,0,46,126
06/19/2018,ARR,IL,AGL,CE,Towers with Radar,0,2,13,1,16,0,0,4,1,5,0,2,17,2,21,10,0,10,31
06/20/2018,ARR,IL,AGL,CE,Towers with Radar,0,3,45,0,48,0,0,32,0,32,0,3,77,0,80,108,0,108,188
06/21/2018,ARR,IL,AGL,CE,Towers with Radar,0,2,18,0,20,0,0,0,0,0,0,2,18,0,20,0,0,0,20
06/22/2018,ARR,IL,AGL,CE,Towers with Radar,0,4,22,21,47,0,0,0,0,0,0,4,22,21,47,0,0,0,47
06/23/2018,ARR,IL,AGL,CE,Towers with Radar,0,3,27,0,30,0,0,141,0,141,0,3,168,0,171,180,0,180,351
06/24/2018,ARR,IL,AGL,CE,Towers with Radar,0,2,24,4,30,0,0,209,0,209,0,2,233,4,239,70,0,70,309
06/25/2018,ARR,IL,AGL,CE,Towers with Radar,0,3,11,0,14,0,0,83,0,83,0,3,94,0,97,144,0,144,241
06/26/2018,ARR,IL,AGL,CE,Towers with Radar,0,1,22,0,23,0,0,3,0,3,0,1,25,0,26,0,0,0,26
06/27/2018,ARR,IL,AGL,CE,Towers with Radar,0,2,33,0,35,0,0,80,0,80,0,2,113,0,115,144,0,144,259
06/28/2018,ARR,IL,AGL,CE,Towers with Radar,0,4,33,0,37,0,0,112,0,112,0,4,145,0,149,191,0,191,340
06/29/2018,ARR,IL,AGL,CE,Towers with Radar,0,0,10,4,14,0,1,75,0,76,0,1,85,4,90,88,2,90,180
06/30/2018,ARR,IL,AGL,CE,Towers with Radar,0,2,13,0,15,0,0,63,0,63,0,2,76,0,78,93,0,93,171
07/01/2018,ARR,IL,AGL,CE,Towers with Radar,0,4,14,1,19,0,0,48,0,48,0,4,62,1,67,53,0,53,120
07/02/2018,ARR,IL,AGL,CE,Towers with Radar,0,2,11,0,13,0,0,128,0,128,0,2,139,0,141,106,0,106,247
07/03/2018,ARR,IL,AGL,CE,Towers with Radar,0,1,11,0,12,0,0,110,0,110,0,1,121,0,122,108,0,108,230
07/04/2018,ARR,IL,AGL,CE,Towers with Radar,0,0,6,0,6,0,0,20,0,20,0,0,26,0,26,16,0,16,42
07/05/2018,ARR,IL,AGL,CE,Towers with Radar,0,1,10,0,11,0,0,35,0,35,0,1,45,0,46,88,0,88,134
07/06/2018,ARR,IL,AGL,CE,Towers with Radar,0,4,26,0,30,0,1,130,0,131,0,5,156,0,161,97,0,97,258
07/07/2018,ARR,IL,AGL,CE,Towers with Radar,0,2,16,0,18,0,1,127,1,129,0,3,143,1,147,168,0,168,315
07/08/2018,ARR,IL,AGL,CE,Towers with Radar,0,4,19,0,23,0,2,103,0,105,0,6,122,0,128,115,0,115,243
07/09/2018,ARR,IL,AGL,CE,Towers with Radar,0,2,21,0,23,0,0,101,0,101,0,2,122,0,124,136,0,136,260
07/10/2018,ARR,IL,AGL,CE,Towers with Radar,0,1,14,0,15,0,0,74,0,74,0,1,88,0,89,98,0,98,187
07/11/2018,ARR,IL,AGL,CE,Towers with Radar,0,1,18,0,19,0,0,106,2,108,0,1,124,2,127,114,0,114,241
07/12/2018,ARR,IL,AGL,CE,Towers with Radar,0,1,14,0,15,0,0,99,2,101,0,1,113,2,116,105,0,105,221
07/13/2018,ARR,IL,AGL,CE,Towers with Radar,0,2,16,0,18,0,0,116,0,116,0,2,132,0,134,135,0,135,269
07/14/2018,ARR,IL,AGL,CE,Towers with Radar,0,3,6,0,9,0,0,23,0,23,0,3,29,0,32,30,0,30,62
07/15/2018,ARR,IL,AGL,CE,Towers with Radar,0,2,23,0,25,0,0,99,0,99,0,2,122,0,124,141,0,141,265
07/16/2018,ARR,IL,AGL,CE,Towers with Radar,0,0,19,0,19,0,0,59,0,59,0,0,78,0,78,161,0,161,239
07/17/2018,ARR,IL,AGL,CE,Towers with Radar,0,2,18,0,20,0,1,62,0,63,0,3,80,0,83,89,0,89,172
07/18/2018,ARR,IL,AGL,CE,Towers with Radar,0,3,27,0,30,0,1,113,0,114,0,4,140,0,144,107,0,107,251
07/19/2018,ARR,IL,AGL,CE,Towers with Radar,0,2,30,0,32,0,1,85,0,86,0,3,115,0,118,69,0,69,187
07/20/2018,ARR,IL,AGL,CE,Towers with Radar,0,0,12,0,12,0,0,19,0,19,0,0,31,0,31,11,0,11,42
07/21/2018,ARR,IL,AGL,CE,Towers with Radar,0,3,17,0,20,0,0,26,0,26,0,3,43,0,46,16,0,16,62
07/22/2018,ARR,IL,AGL,CE,Towers with Radar,0,3,24,0,27,0,0,14,0,14,0,3,38,0,41,9,0,9,50
07/23/2018,ARR,IL,AGL,CE,Towers with Radar,0,3,16,0,19,0,1,67,1,69,0,4,83,1,88,68,0,68,156
07/24/2018,ARR,IL,AGL,CE,Towers with Radar,0,2,16,0,18,0,1,100,1,102,0,3,116,1,120,116,0,116,236
07/25/2018,ARR,IL,AGL,CE,Towers with Radar,0,3,15,0,18,0,1,91,0,92,0,4,106,0,110,94,0,94,204
07/26/2018,ARR,IL,AGL,CE,Towers with Radar,0,5,24,0,29,0,2,115,5,122,0,7,139,5,151,77,0,77,228
07/27/2018,ARR,IL,AGL,CE,Towers with Radar,0,4,35,0,39,0,0,99,0,99,0,4,134,0,138,104,0,104,242
07/28/2018,ARR,IL,AGL,CE,Towers with Radar,0,4,11,0,15,0,2,101,0,103,0,6,112,0,118,170,0,170,288
07/29/2018,ARR,IL,AGL,CE,Towers with Radar,0,3,20,0,23,0,2,101,1,104,0,5,121,1,127,115,0,115,242
07/30/2018,ARR,IL,AGL,CE,Towers with Radar,0,6,15,0,21,0,3,91,0,94,0,9,106,0,115,173,0,173,288
07/31/2018,ARR,IL,AGL,CE,Towers with Radar,0,3,17,0,20,0,2,49,0,51,0,5,66,0,71,94,0,94,165
08/01/2018,ARR,IL,AGL,CE,Towers with Radar,0,3,14,0,17,0,1,55,0,56,0,4,69,0,73,166,0,166,239
08/02/2018,ARR,IL,AGL,CE,Towers with Radar,0,2,19,0,21,0,0,58,0,58,0,2,77,0,79,200,0,200,279
08/03/2018,ARR,IL,AGL,CE,Towers with Radar,0,1,18,0,19,0,0,99,0,99,0,1,117,0,118,99,0,99,217
08/04/2018,ARR,IL,AGL,CE,Towers with Radar,0,6,13,0,19,1,4,78,0,83,1,10,91,0,102,57,0,57,159
08/05/2018,ARR,IL,AGL,CE,Towers with Radar,0,5,20,1,26,0,0,102,0,102,0,5,122,1,128,161,0,161,289
08/06/2018,ARR,IL,AGL,CE,Towers with Radar,0,1,13,0,14,0,0,9,0,9,0,1,22,0,23,18,0,18,41
08/07/2018,ARR,IL,AGL,CE,Towers with Radar,0,2,24,0,26,0,0,50,0,50,0,2,74,0,76,60,0,60,136
08/08/2018,ARR,IL,AGL,CE,Towers with Radar,0,4,28,0,32,0,0,73,0,73,0,4,101,0,105,56,0,56,161
08/09/2018,ARR,IL,AGL,CE,Towers with Radar,0,2,10,0,12,0,2,105,0,107,0,4,115,0,119,138,0,138,257
08/10/2018,ARR,IL,AGL,CE,Towers with Radar,0,3,19,2,24,0,0,89,0,89,0,3,108,2,113,76,0,76,189
08/11/2018,ARR,IL,AGL,CE,Towers with Radar,0,3,17,0,20,0,0,131,0,131,0,3,148,0,151,127,0,127,278
08/12/2018,ARR,IL,AGL,CE,Towers with Radar,0,4,12,0,16,0,1,114,0,115,0,5,126,0,131,114,0,114,245
08/13/2018,ARR,IL,AGL,CE,Towers with Radar,0,5,28,0,33,0,0,88,0,88,0,5,116,0,121,148,0,148,269
08/14/2018,ARR,IL,AGL,CE,Towers with Radar,0,3,13,0,16,0,0,87,2,89,0,3,100,2,105,200,0,200,305
08/15/2018,ARR,IL,AGL,CE,Towers with Radar,1,2,27,0,30,0,0,33,0,33,1,2,60,0,63,126,0,126,189
08/16/2018,ARR,IL,AGL,CE,Towers with Radar,0,3,23,0,26,0,0,28,1,29,0,3,51,1,55,27,0,27,82
08/17/2018,ARR,IL,AGL,CE,Towers with Radar,0,3,23,5,31,0,0,55,0,55,0,3,78,5,86,47,0,47,133
08/18/2018,ARR,IL,AGL,CE,Towers with Radar,0,2,13,0,15,0,0,71,1,72,0,2,84,1,87,102,2,104,191
08/19/2018,ARR,IL,AGL,CE,Towers with Radar,0,4,14,1,19,0,0,94,0,94,0,4,108,1,113,90,0,90,203
08/20/2018,ARR,IL,AGL,CE,Towers with Radar,0,5,22,0,27,0,0,8,0,8,0,5,30,0,35,44,0,44,79
08/21/2018,ARR,IL,AGL,CE,Towers with Radar,0,0,25,0,25,0,0,2,0,2,0,0,27,0,27,20,0,20,47
08/22/2018,ARR,IL,AGL,CE,Towers with Radar,0,2,24,0,26,0,0,92,0,92,0,2,116,0,118,117,0,117,235
08/23/2018,ARR,IL,AGL,CE,Towers with Radar,0,3,18,0,21,0,1,100,0,101,0,4,118,0,122,81,0,81,203
08/24/2018,ARR,IL,AGL,CE,Towers with Radar,0,1,22,0,23,0,0,8,0,8,0,1,30,0,31,14,0,14,45
08/25/2018,ARR,IL,AGL,CE,Towers with Radar,0,4,23,0,27,0,0,27,0,27,0,4,50,0,54,89,0,89,143
08/26/2018,ARR,IL,AGL,CE,Towers with Radar,1,3,19,0,23,0,2,139,0,141,1,5,158,0,164,137,0,137,301
08/27/2018,ARR,IL,AGL,CE,Towers with Radar,0,0,21,0,21,0,0,35,0,35,0,0,56,0,56,38,0,38,94
08/28/2018,ARR,IL,AGL,CE,Towers with Radar,0,2,21,0,23,0,0,25,2,27,0,2,46,2,50,36,0,36,86
08/29/2018,ARR,IL,AGL,CE,Towers with Radar,0,1,31,0,32,0,0,12,0,12,0,1,43,0,44,62,0,62,106
08/30/2018,ARR,IL,AGL,CE,Towers with Radar,0,3,31,0,34,0,0,93,4,97,0,3,124,4,131,200,0,200,331
08/31/2018,ARR,IL,AGL,CE,Towers with Radar,0,2,20,0,22,0,0,98,0,98,0,2,118,0,120,91,0,91,211
09/01/2018,ARR,IL,AGL,CE,Towers with Radar,0,4,2,0,6,0,0,2,0,2,0,4,4,0,8,0,0,0,8
09/02/2018,ARR,IL,AGL,CE,Towers with Radar,0,3,9,0,12,0,0,30,0,30,0,3,39,0,42,26,0,26,68
09/03/2018,ARR,IL,AGL,CE,Towers with Radar,0,1,10,0,11,0,0,12,0,12,0,1,22,0,23,0,0,0,23
09/04/2018,ARR,IL,AGL,CE,Towers with Radar,0,0,26,0,26,0,0,74,0,74,0,0,100,0,100,169,0,169,269
09/05/2018,ARR,IL,AGL,CE,Towers with Radar,0,2,10,0,12,0,0,59,0,59,0,2,69,0,71,79,0,79,150
09/06/2018,ARR,IL,AGL,CE,Towers with Radar,0,2,18,0,20,0,0,26,0,26,0,2,44,0,46,30,0,30,76
09/07/2018,ARR,IL,AGL,CE,Towers with Radar,0,1,38,7,46,0,0,29,0,29,0,1,67,7,75,29,0,29,104
09/08/2018,ARR,IL,AGL,CE,Towers with Radar,0,3,22,0,25,0,0,66,0,66,0,3,88,0,91,23,0,23,114
09/09/2018,ARR,IL,AGL,CE,Towers with Radar,0,4,17,1,22,0,0,43,0,43,0,4,60,1,65,61,0,61,126
09/10/2018,ARR,IL,AGL,CE,Towers with Radar,0,8,22,0,30,0,0,100,2,102,0,8,122,2,132,176,0,176,308
09/11/2018,ARR,IL,AGL,CE,Towers with Radar,0,1,18,0,19,0,2,78,0,80,0,3,96,0,99,131,0,131,230
09/12/2018,ARR,IL,AGL,CE,Towers with Radar,0,4,20,0,24,0,2,84,0,86,0,6,104,0,110,193,0,193,303
09/13/2018,ARR,IL,AGL,CE,Towers with Radar,0,1,23,0,24,0,2,104,0,106,0,3,127,0,130,130,0,130,260
09/14/2018,ARR,IL,AGL,CE,Towers with Radar,0,0,22,0,22,0,1,70,0,71,0,1,92,0,93,78,0,78,171
09/15/2018,ARR,IL,AGL,CE,Towers with Radar,0,3,17,3,23,0,4,101,0,105,0,7,118,3,128,133,0,133,261
09/16/2018,ARR,IL,AGL,CE,Towers with Radar,0,2,12,3,17,0,1,93,3,97,0,3,105,6,114,63,0,63,177
09/17/2018,ARR,IL,AGL,CE,Towers with Radar,0,2,17,0,19,0,3,75,0,78,0,5,92,0,97,164,0,164,261
09/18/2018,ARR,IL,AGL,CE,Towers with Radar,0,3,9,0,12,0,0,20,0,20,0,3,29,0,32,20,0,20,52
09/19/2018,ARR,IL,AGL,CE,Towers with Radar,0,2,16,0,18,0,0,49,1,50,0,2,65,1,68,160,0,160,228
09/20/2018,ARR,IL,AGL,CE,Towers with Radar,0,2,42,2,46,0,0,55,0,55,0,2,97,2,101,108,0,108,209
09/21/2018,ARR,IL,AGL,CE,Towers with Radar,0,6,21,0,27,0,0,46,0,46,0,6,67,0,73,68,0,68,141
09/22/2018,ARR,IL,AGL,CE,Towers with Radar,0,4,20,0,24,0,3,125,0,128,0,7,145,0,152,141,0,141,293
09/23/2018,ARR,IL,AGL,CE,Towers with Radar,0,6,19,0,25,0,1,192,0,193,0,7,211,0,218,173,0,173,391
09/24/2018,ARR,IL,AGL,CE,Towers with Radar,0,6,34,0,40,0,2,47,0,49,0,8,81,0,89,37,0,37,126
09/25/2018,ARR,IL,AGL,CE,Towers with Radar,0,2,19,0,21,0,0,13,0,13,0,2,32,0,34,86,0,86,120
09/26/2018,ARR,IL,AGL,CE,Towers with Radar,0,2,25,0,27,0,1,111,0,112,0,3,136,0,139,170,0,170,309
09/27/2018,ARR,IL,AGL,CE,Towers with Radar,0,1,19,0,20,0,3,111,0,114,0,4,130,0,134,220,0,220,354
09/28/2018,ARR,IL,AGL,CE,Towers with Radar,0,0,19,0,19,0,1,59,0,60,0,1,78,0,79,156,0,156,235
09/29/2018,ARR,IL,AGL,CE,Towers with Radar,0,3,17,0,20,0,0,124,0,124,0,3,141,0,144,124,0,124,268
09/30/2018,ARR,IL,AGL,CE,Towers with Radar,0,1,11,0,12,0,0,30,0,30,0,1,41,0,42,188,0,188,230
10/01/2018,ARR,IL,AGL,CE,Towers with Radar,0,0,24,0,24,0,0,27,0,27,0,0,51,0,51,80,0,80,131
10/02/2018,ARR,IL,AGL,CE,Towers with Radar,0,2,27,2,31,0,0,19,0,19,0,2,46,2,50,80,0,80,130
10/03/2018,ARR,IL,AGL,CE,Towers with Radar,0,2,18,0,20,0,2,44,0,46,0,4,62,0,66,19,0,19,85
10/04/2018,ARR,IL,AGL,CE,Towers with Radar,1,2,28,0,31,0,0,91,0,91,1,2,119,0,122,186,0,186,308
10/05/2018,ARR,IL,AGL,CE,Towers with Radar,0,0,28,0,28,0,0,0,0,0,0,0,28,0,28,0,0,0,28
10/06/2018,ARR,IL,AGL,CE,Towers with Radar,0,6,24,0,30,0,0,0,0,0,0,6,24,0,30,0,0,0,30
10/07/2018,ARR,IL,AGL,CE,Towers with Radar,0,0,17,0,17,0,0,0,0,0,0,0,17,0,17,0,0,0,17
10/08/2018,ARR,IL,AGL,CE,Towers with Radar,0,2,22,0,24,0,0,54,0,54,0,2,76,0,78,72,0,72,150
10/09/2018,ARR,IL,AGL,CE,Towers with Radar,0,1,14,0,15,0,0,78,0,78,0,1,92,0,93,65,0,65,158
10/10/2018,ARR,IL,AGL,CE,Towers with Radar,0,2,15,0,17,0,0,15,0,15,0,2,30,0,32,66,0,66,98
10/11/2018,ARR,IL,AGL,CE,Towers with Radar,0,3,24,0,27,0,2,31,0,33,0,5,55,0,60,33,0,33,93
10/12/2018,ARR,IL,AGL,CE,Towers with Radar,0,4,31,0,35,0,0,64,0,64,0,4,95,0,99,185,0,185,284
10/13/2018,ARR,IL,AGL,CE,Towers with Radar,0,4,25,0,29,0,1,73,0,74,0,5,98,0,103,66,0,66,169
10/14/2018,ARR,IL,AGL,CE,Towers with Radar,0,5,17,0,22,0,0,69,0,69,0,5,86,0,91,202,0,202,293
10/15/2018,ARR,IL,AGL,CE,Towers with Radar,0,7,14,2,23,0,2,83,0,85,0,9,97,2,108,172,0,172,280
10/16/2018,ARR,IL,AGL,CE,Towers with Radar,0,4,13,2,19,0,2,51,1,54,0,6,64,3,73,94,0,94,167
10/17/2018,ARR,IL,AGL,CE,Towers with Radar,0,2,16,0,18,0,0,79,0,79,0,2,95,0,97,155,0,155,252
10/18/2018,ARR,IL,AGL,CE,Towers with Radar,0,3,21,0,24,0,2,121,0,123,0,5,142,0,147,156,0,156,303
10/19/2018,ARR,IL,AGL,CE,Towers with Radar,0,2,25,0,27,0,0,22,0,22,0,2,47,0,49,47,0,47,96
10/20/2018,ARR,IL,AGL,CE,Towers with Radar,0,2,8,0,10,0,0,33,0,33,0,2,41,0,43,73,0,73,116
10/21/2018,ARR,IL,AGL,CE,Towers with Radar,0,5,15,0,20,0,4,139,0,143,0,9,154,0,163,117,0,117,280
10/22/2018,ARR,IL,AGL,CE,Towers with Radar,0,0,14,0,14,0,1,112,0,113,0,1,126,0,127,133,0,133,260
10/23/2018,ARR,IL,AGL,CE,Towers with Radar,0,1,26,0,27,0,1,76,0,77,0,2,102,0,104,106,0,106,210
10/24/2018,ARR,IL,AGL,CE,Towers with Radar,0,1,28,0,29,0,0,100,0,100,0,1,128,0,129,163,0,163,292
10/25/2018,ARR,IL,AGL,CE,Towers with Radar,0,0,25,0,25,0,0,82,0,82,0,0,107,0,107,237,0,237,344
10/26/2018,ARR,IL,AGL,CE,Towers with Radar,0,1,29,0,30,0,0,62,0,62,0,1,91,0,92,134,0,134,226
10/27/2018,ARR,IL,AGL,CE,Towers with Radar,0,4,13,0,17,0,0,87,0,87,0,4,100,0,104,245,0,245,349
10/28/2018,ARR,IL,AGL,CE,Towers with Radar,0,3,14,0,17,0,0,1,0,1,0,3,15,0,18,0,0,0,18
10/29/2018,ARR,IL,AGL,CE,Towers with Radar,0,0,19,0,19,0,1,153,3,157,0,1,172,3,176,172,0,172,348
10/30/2018,ARR,IL,AGL,CE,Towers with Radar,0,1,16,0,17,0,2,37,0,39,0,3,53,0,56,104,0,104,160
10/31/2018,ARR,IL,AGL,CE,Towers with Radar,0,1,12,0,13,0,2,74,0,76,0,3,86,0,89,141,0,141,230
11/01/2018,ARR,IL,AGL,CE,Towers with Radar,0,2,21,0,23,0,2,103,0,105,0,4,124,0,128,174,0,174,302
11/02/2018,ARR,IL,AGL,CE,Towers with Radar,0,2,18,0,20,0,2,110,0,112,0,4,128,0,132,167,0,167,299
11/03/2018,ARR,IL,AGL,CE,Towers with Radar,0,2,13,0,15,0,1,89,0,90,0,3,102,0,105,184,0,184,289
11/04/2018,ARR,IL,AGL,CE,Towers with Radar,0,2,11,0,13,0,0,4,0,4,0,2,15,0,17,10,0,10,27
11/05/2018,ARR,IL,AGL,CE,Towers with Radar,0,1,23,0,24,0,0,23,0,23,0,1,46,0,47,80,0,80,127
11/06/2018,ARR,IL,AGL,CE,Towers with Radar,0,0,10,0,10,0,0,1,0,1,0,0,11,0,11,0,0,0,11
11/07/2018,ARR,IL,AGL,CE,Towers with Radar,0,0,13,0,13,0,0,47,0,47,0,0,60,0,60,103,0,103,163
11/08/2018,ARR,IL,AGL,CE,Towers with Radar,0,1,21,0,22,0,0,75,0,75,0,1,96,0,97,190,0,190,287
11/09/2018,ARR,IL,AGL,CE,Towers with Radar,0,0,19,0,19,0,0,30,0,30,0,0,49,0,49,68,0,68,117
11/10/2018,ARR,IL,AGL,CE,Towers with Radar,0,4,22,0,26,0,0,93,0,93,0,4,115,0,119,132,0,132,251
11/11/2018,ARR,IL,AGL,CE,Towers with Radar,0,3,9,0,12,0,0,94,0,94,0,3,103,0,106,94,0,94,200
11/12/2018,ARR,IL,AGL,CE,Towers with Radar,0,0,8,0,8,0,0,41,0,41,0,0,49,0,49,234,0,234,283
11/13/2018,ARR,IL,AGL,CE,Towers with Radar,0,2,10,0,12,0,0,78,0,78,0,2,88,0,90,95,0,95,185
11/14/2018,ARR,IL,AGL,CE,Towers with Radar,0,3,27,0,30,0,0,72,0,72,0,3,99,0,102,149,0,149,251
11/15/2018,ARR,IL,AGL,CE,Towers with Radar,0,0,10,0,10,0,0,11,0,11,0,0,21,0,21,4,0,4,25
11/16/2018,ARR,IL,AGL,CE,Towers with Radar,0,0,18,0,18,0,0,25,0,25,0,0,43,0,43,151,0,151,194
11/17/2018,ARR,IL,AGL,CE,Towers with Radar,0,4,3,0,7,0,0,0,0,0,0,4,3,0,7,0,0,0,7
11/18/2018,ARR,IL,AGL,CE,Towers with Radar,0,0,27,0,27,0,0,60,1,61,0,0,87,1,88,148,0,148,236
11/19/2018,ARR,IL,AGL,CE,Towers with Radar,0,1,10,0,11,0,0,35,0,35,0,1,45,0,46,43,0,43,89
11/20/2018,ARR,IL,AGL,CE,Towers with Radar,0,2,16,0,18,0,0,62,0,62,0,2,78,0,80,90,0,90,170
11/21/2018,ARR,IL,AGL,CE,Towers with Radar,0,4,26,0,30,0,0,73,0,73,0,4,99,0,103,243,0,243,346
11/22/2018,ARR,IL,AGL,CE,Towers with Radar,0,0,3,0,3,0,0,19,0,19,0,0,22,0,22,2,0,2,24
11/23/2018,ARR,IL,AGL,CE,Towers with Radar,0,1,4,0,5,0,0,27,0,27,0,1,31,0,32,35,0,35,67
11/24/2018,ARR,IL,AGL,CE,Towers with Radar,0,2,17,0,19,0,0,5,0,5,0,2,22,0,24,8,0,8,32
11/25/2018,ARR,IL,AGL,CE,Towers with Radar,0,4,16,0,20,0,0,0,0,0,0,4,16,0,20,0,0,0,20
11/26/2018,ARR,IL,AGL,CE,Towers with Radar,0,0,7,0,7,0,0,2,0,2,0,0,9,0,9,3,0,3,12
11/27/2018,ARR,IL,AGL,CE,Towers with Radar,0,1,12,0,13,0,0,19,0,19,0,1,31,0,32,73,0,73,105
11/28/2018,ARR,IL,AGL,CE,Towers with Radar,0,3,21,0,24,0,0,79,0,79,0,3,100,0,103,212,0,212,315
11/29/2018,ARR,IL,AGL,CE,Towers with Radar,1,3,15,0,19,0,0,45,0,45,1,3,60,0,64,96,0,96,160
11/30/2018,ARR,IL,AGL,CE,Towers with Radar,0,3,14,0,17,0,0,47,0,47,0,3,61,0,64,139,0,139,203
12/01/2018,ARR,IL,AGL,CE,Towers with Radar,0,3,2,0,5,0,0,0,0,0,0,3,2,0,5,0,0,0,5
12/02/2018,ARR,IL,AGL,CE,Towers with Radar,0,5,5,0,10,0,0,15,0,15,0,5,20,0,25,64,0,64,89
12/03/2018,ARR,IL,AGL,CE,Towers with Radar,0,1,12,0,13,0,0,9,0,9,0,1,21,0,22,42,0,42,64
12/04/2018,ARR,IL,AGL,CE,Towers with Radar,0,3,11,0,14,0,0,35,0,35,0,3,46,0,49,91,0,91,140
12/05/2018,ARR,IL,AGL,CE,Towers with Radar,0,2,16,0,18,0,0,54,0,54,0,2,70,0,72,244,0,244,316
12/06/2018,ARR,IL,AGL,CE,Towers with Radar,0,2,15,0,17,0,1,57,0,58,0,3,72,0,75,132,0,132,207
12/07/2018,ARR,IL,AGL,CE,Towers with Radar,0,1,16,0,17,0,0,60,0,60,0,1,76,0,77,158,0,158,235
12/08/2018,ARR,IL,AGL,CE,Towers with Radar,0,2,19,0,21,0,0,89,0,89,0,2,108,0,110,173,0,173,283
12/09/2018,ARR,IL,AGL,CE,Towers with Radar,0,4,13,0,17,0,0,69,0,69,0,4,82,0,86,209,0,209,295
12/10/2018,ARR,IL,AGL,CE,Towers with Radar,0,2,22,0,24,0,0,55,0,55,0,2,77,0,79,88,0,88,167
12/11/2018,ARR,IL,AGL,CE,Towers with Radar,0,3,27,0,30,0,0,104,0,104,0,3,131,0,134,77,0,77,211
12/12/2018,ARR,IL,AGL,CE,Towers with Radar,0,7,17,0,24,0,0,37,2,39,0,7,54,2,63,48,0,48,111
12/13/2018,ARR,IL,AGL,CE,Towers with Radar,0,0,27,0,27,0,0,23,0,23,0,0,50,0,50,22,0,22,72
12/14/2018,ARR,IL,AGL,CE,Towers with Radar,0,1,14,0,15,0,0,0,0,0,0,1,14,0,15,0,0,0,15
12/15/2018,ARR,IL,AGL,CE,Towers with Radar,0,2,17,0,19,0,0,88,0,88,0,2,105,0,107,174,0,174,281
12/16/2018,ARR,IL,AGL,CE,Towers with Radar,0,0,15,2,17,0,0,82,0,82,0,0,97,2,99,114,0,114,213
12/17/2018,ARR,IL,AGL,CE,Towers with Radar,0,3,32,0,35,0,0,88,0,88,0,3,120,0,123,67,0,67,190
12/18/2018,ARR,IL,AGL,CE,Towers with Radar,0,1,20,0,21,0,0,103,0,103,0,1,123,0,124,195,0,195,319
12/19/2018,ARR,IL,AGL,CE,Towers with Radar,0,2,7,0,9,0,0,74,0,74,0,2,81,0,83,106,0,106,189
12/20/2018,ARR,IL,AGL,CE,Towers with Radar,0,1,21,0,22,0,0,0,0,0,0,1,21,0,22,0,0,0,22
12/21/2018,ARR,IL,AGL,CE,Towers with Radar,0,3,7,0,10,0,0,14,0,14,0,3,21,0,24,25,0,25,49
12/22/2018,ARR,IL,AGL,CE,Towers with Radar,0,7,13,0,20,0,0,28,0,28,0,7,41,0,48,139,0,139,187
12/23/2018,ARR,IL,AGL,CE,Towers with Radar,0,1,24,0,25,0,0,60,0,60,0,1,84,0,85,158,0,158,243
12/24/2018,ARR,IL,AGL,CE,Towers with Radar,0,2,7,0,9,0,0,30,0,30,0,2,37,0,39,8,0,8,47
12/25/2018,ARR,IL,AGL,CE,Towers with Radar,0,2,4,0,6,0,0,9,0,9,0,2,13,0,15,8,0,8,23
12/26/2018,ARR,IL,AGL,CE,Towers with Radar,0,1,17,0,18,0,0,77,0,77,0,1,94,0,95,160,1,161,256
12/27/2018,ARR,IL,AGL,CE,Towers with Radar,0,0,14,0,14,0,0,0,0,0,0,0,14,0,14,0,0,0,14
12/28/2018,ARR,IL,AGL,CE,Towers with Radar,0,1,9,0,10,0,0,3,0,3,0,1,12,0,13,3,0,3,16
12/29/2018,ARR,IL,AGL,CE,Towers with Radar,0,3,9,0,12,0,0,1,0,1,0,3,10,0,13,0,0,0,13
12/30/2018,ARR,IL,AGL,CE,Towers with Radar,0,3,22,1,26,0,0,92,0,92,0,3,114,1,118,78,0,78,196
12/31/2018,ARR,IL,AGL,CE,Towers with Radar,0,0,0,0,0,0,0,0,0,0,0,0,0,0,0,0,0,0,0
01/01/2019,ARR,IL,AGL,CE,Towers with Radar,0,2,4,0,6,0,0,2,0,2,0,2,6,0,8,6,0,6,14
01/02/2019,ARR,IL,AGL,CE,Towers with Radar,0,0,10,0,10,0,0,0,0,0,0,0,10,0,10,0,0,0,10
01/03/2019,ARR,IL,AGL,CE,Towers with Radar,0,0,22,0,22,0,0,81,0,81,0,0,103,0,103,139,0,139,242
01/04/2019,ARR,IL,AGL,CE,Towers with Radar,0,0,20,0,20,0,0,115,0,115,0,0,135,0,135,97,0,97,232
01/05/2019,ARR,IL,AGL,CE,Towers with Radar,0,3,27,0,30,0,0,129,0,129,0,3,156,0,159,179,0,179,338
01/06/2019,ARR,IL,AGL,CE,Towers with Radar,0,2,15,0,17,0,0,33,0,33,0,2,48,0,50,83,0,83,133
01/07/2019,ARR,IL,AGL,CE,Towers with Radar,0,0,9,0,9,0,0,0,0,0,0,0,9,0,9,8,0,8,17
01/08/2019,ARR,IL,AGL,CE,Towers with Radar,0,0,6,0,6,0,0,17,0,17,0,0,23,0,23,19,0,19,42
01/09/2019,ARR,IL,AGL,CE,Towers with Radar,1,3,12,0,16,0,0,31,0,31,1,3,43,0,47,52,0,52,99
01/10/2019,ARR,IL,AGL,CE,Towers with Radar,0,0,29,0,29,0,0,83,0,83,0,0,112,0,112,205,0,205,317
01/11/2019,ARR,IL,AGL,CE,Towers with Radar,0,0,16,0,16,0,0,43,0,43,0,0,59,0,59,107,0,107,166
01/12/2019,ARR,IL,AGL,CE,Towers with Radar,0,6,2,0,8,0,0,0,0,0,0,6,2,0,8,0,0,0,8
01/13/2019,ARR,IL,AGL,CE,Towers with Radar,0,2,8,0,10,0,0,21,0,21,0,2,29,0,31,26,0,26,57
01/14/2019,ARR,IL,AGL,CE,Towers with Radar,0,0,19,0,19,0,0,10,0,10,0,0,29,0,29,81,0,81,110
01/15/2019,ARR,IL,AGL,CE,Towers with Radar,0,1,12,0,13,0,0,4,0,4,0,1,16,0,17,42,0,42,59
01/16/2019,ARR,IL,AGL,CE,Towers with Radar,0,2,16,0,18,0,0,63,0,63,0,2,79,0,81,221,0,221,302
01/17/2019,ARR,IL,AGL,CE,Towers with Radar,0,0,19,0,19,0,0,1,0,1,0,0,20,0,20,0,0,0,20
01/18/2019,ARR,IL,AGL,CE,Towers with Radar,0,1,5,0,6,0,0,24,0,24,0,1,29,0,30,127,0,127,157
01/19/2019,ARR,IL,AGL,CE,Towers with Radar,0,3,1,0,4,0,0,0,0,0,0,3,1,0,4,0,0,0,4
01/20/2019,ARR,IL,AGL,CE,Towers with Radar,0,3,12,0,15,0,0,53,0,53,0,3,65,0,68,47,0,47,115
01/21/2019,ARR,IL,AGL,CE,Towers with Radar,0,1,5,0,6,0,0,52,0,52,0,1,57,0,58,131,0,131,189
01/22/2019,ARR,IL,AGL,CE,Towers with Radar,0,0,7,0,7,0,0,1,0,1,0,0,8,0,8,0,0,0,8
01/23/2019,ARR,IL,AGL,CE,Towers with Radar,0,0,6,0,6,0,0,2,0,2,0,0,8,0,8,0,0,0,8
01/24/2019,ARR,IL,AGL,CE,Towers with Radar,0,2,13,0,15,0,0,3,0,3,0,2,16,0,18,2,0,2,20
01/25/2019,ARR,IL,AGL,CE,Towers with Radar,0,0,8,0,8,0,0,21,0,21,0,0,29,0,29,15,0,15,44
01/26/2019,ARR,IL,AGL,CE,Towers with Radar,0,2,5,0,7,0,0,27,0,27,0,2,32,0,34,35,0,35,69
01/27/2019,ARR,IL,AGL,CE,Towers with Radar,0,2,16,0,18,0,0,19,0,19,0,2,35,0,37,11,0,11,48
01/28/2019,ARR,IL,AGL,CE,Towers with Radar,0,0,5,0,5,0,0,0,0,0,0,0,5,0,5,0,0,0,5
01/29/2019,ARR,IL,AGL,CE,Towers with Radar,0,1,12,0,13,0,0,2,0,2,0,1,14,0,15,0,0,0,15
01/30/2019,ARR,IL,AGL,CE,Towers with Radar,0,1,2,0,3,0,0,1,0,1,0,1,3,0,4,0,0,0,4
01/31/2019,ARR,IL,AGL,CE,Towers with Radar,0,2,5,0,7,0,0,4,0,4,0,2,9,0,11,3,0,3,14
02/01/2019,ARR,IL,AGL,CE,Towers with Radar,0,0,7,1,8,0,0,31,0,31,0,0,38,1,39,40,0,40,79
02/02/2019,ARR,IL,AGL,CE,Towers with Radar,0,7,8,0,15,0,0,7,0,7,0,7,15,0,22,4,0,4,26
02/03/2019,ARR,IL,AGL,CE,Towers with Radar,0,5,6,0,11,0,0,0,0,0,0,5,6,0,11,0,0,0,11
02/04/2019,ARR,IL,AGL,CE,Towers with Radar,0,1,19,0,20,0,0,0,0,0,0,1,19,0,20,6,0,6,26
02/05/2019,ARR,IL,AGL,CE,Towers with Radar,0,4,27,0,31,0,0,25,0,25,0,4,52,0,56,89,0,89,145
02/06/2019,ARR,IL,AGL,CE,Towers with Radar,0,5,13,0,18,0,0,0,0,0,0,5,13,0,18,0,0,0,18
02/07/2019,ARR,IL,AGL,CE,Towers with Radar,0,4,7,0,11,0,0,0,0,0,0,4,7,0,11,0,0,0,11
02/08/2019,ARR,IL,AGL,CE,Towers with Radar,0,0,17,0,17,0,0,26,0,26,0,0,43,0,43,13,0,13,56
02/09/2019,ARR,IL,AGL,CE,Towers with Radar,1,3,12,0,16,0,0,159,1,160,1,3,171,1,176,162,0,162,338
02/10/2019,ARR,IL,AGL,CE,Towers with Radar,0,3,4,0,7,0,0,26,0,26,0,3,30,0,33,30,0,30,63
02/11/2019,ARR,IL,AGL,CE,Towers with Radar,0,1,11,0,12,0,0,0,0,0,0,1,11,0,12,12,0,12,24
02/12/2019,ARR,IL,AGL,CE,Towers with Radar,0,1,4,0,5,0,0,0,0,0,0,1,4,0,5,0,0,0,5
02/13/2019,ARR,IL,AGL,CE,Towers with Radar,0,2,14,0,16,0,0,58,0,58,0,2,72,0,74,126,0,126,200
02/14/2019,ARR,IL,AGL,CE,Towers with Radar,0,0,18,0,18,0,0,76,0,76,0,0,94,0,94,100,0,100,194
02/15/2019,ARR,IL,AGL,CE,Towers with Radar,0,0,16,0,16,0,0,66,0,66,0,0,82,0,82,121,0,121,203
02/16/2019,ARR,IL,AGL,CE,Towers with Radar,0,4,17,0,21,0,0,83,0,83,0,4,100,0,104,193,0,193,297
02/17/2019,ARR,IL,AGL,CE,Towers with Radar,0,3,4,0,7,0,0,0,0,0,0,3,4,0,7,0,0,0,7
02/18/2019,ARR,IL,AGL,CE,Towers with Radar,0,0,19,0,19,0,0,59,0,59,0,0,78,0,78,79,0,79,157
02/19/2019,ARR,IL,AGL,CE,Towers with Radar,0,1,25,0,26,0,0,80,0,80,0,1,105,0,106,121,0,121,227
02/20/2019,ARR,IL,AGL,CE,Towers with Radar,0,3,11,0,14,0,0,0,0,0,0,3,11,0,14,0,0,0,14
02/21/2019,ARR,IL,AGL,CE,Towers with Radar,0,2,17,0,19,0,0,100,0,100,0,2,117,0,119,110,0,110,229
02/22/2019,ARR,IL,AGL,CE,Towers with Radar,0,0,20,0,20,0,0,110,0,110,0,0,130,0,130,113,0,113,243
02/23/2019,ARR,IL,AGL,CE,Towers with Radar,0,2,9,0,11,0,0,0,0,0,0,2,9,0,11,0,0,0,11
02/24/2019,ARR,IL,AGL,CE,Towers with Radar,0,2,9,0,11,0,0,0,0,0,0,2,9,0,11,0,0,0,11
02/25/2019,ARR,IL,AGL,CE,Towers with Radar,0,0,22,0,22,0,0,65,0,65,0,0,87,0,87,81,0,81,168
02/26/2019,ARR,IL,AGL,CE,Towers with Radar,0,2,12,0,14,0,0,12,0,12,0,2,24,0,26,39,0,39,65
02/27/2019,ARR,IL,AGL,CE,Towers with Radar,0,1,12,0,13,0,0,19,1,20,0,1,31,1,33,43,0,43,76
02/28/2019,ARR,IL,AGL,CE,Towers with Radar,0,1,22,0,23,0,0,90,0,90,0,1,112,0,113,170,0,170,283
03/01/2019,ARR,IL,AGL,CE,Towers with Radar,0,1,12,0,13,0,0,84,0,84,0,1,96,0,97,84,0,84,181
03/02/2019,ARR,IL,AGL,CE,Towers with Radar,0,2,20,0,22,0,0,50,1,51,0,2,70,1,73,165,0,165,238
03/03/2019,ARR,IL,AGL,CE,Towers with Radar,0,3,10,0,13,0,0,66,0,66,0,3,76,0,79,191,0,191,270
03/04/2019,ARR,IL,AGL,CE,Towers with Radar,0,0,14,0,14,0,0,20,0,20,0,0,34,0,34,23,0,23,57
03/05/2019,ARR,IL,AGL,CE,Towers with Radar,0,0,20,0,20,0,0,18,0,18,0,0,38,0,38,15,0,15,53
03/06/2019,ARR,IL,AGL,CE,Towers with Radar,0,1,17,0,18,0,0,94,1,95,0,1,111,1,113,134,0,134,247
03/07/2019,ARR,IL,AGL,CE,Towers with Radar,0,4,12,0,16,0,0,74,0,74,0,4,86,0,90,64,0,64,154
03/08/2019,ARR,IL,AGL,CE,Towers with Radar,0,1,23,0,24,0,0,93,0,93,0,1,116,0,117,105,0,105,222
03/09/2019,ARR,IL,AGL,CE,Towers with Radar,0,6,7,0,13,0,0,21,0,21,0,6,28,0,34,28,0,28,62
03/10/2019,ARR,IL,AGL,CE,Towers with Radar,0,3,8,0,11,0,0,0,0,0,0,3,8,0,11,0,0,0,11
03/11/2019,ARR,IL,AGL,CE,Towers with Radar,0,1,33,0,34,0,0,96,0,96,0,1,129,0,130,76,0,76,206
03/12/2019,ARR,IL,AGL,CE,Towers with Radar,0,8,17,0,25,0,0,80,1,81,0,8,97,1,106,140,0,140,246
03/13/2019,ARR,IL,AGL,CE,Towers with Radar,0,0,11,0,11,0,0,26,0,26,0,0,37,0,37,40,0,40,77
03/14/2019,ARR,IL,AGL,CE,Towers with Radar,0,0,6,0,6,0,0,0,0,0,0,0,6,0,6,0,0,0,6
03/15/2019,ARR,IL,AGL,CE,Towers with Radar,0,0,17,0,17,0,0,7,0,7,0,0,24,0,24,8,0,8,32
03/16/2019,ARR,IL,AGL,CE,Towers with Radar,0,6,10,0,16,0,0,127,0,127,0,6,137,0,143,186,0,186,329
03/17/2019,ARR,IL,AGL,CE,Towers with Radar,0,2,13,0,15,0,0,87,0,87,0,2,100,0,102,155,0,155,257
03/18/2019,ARR,IL,AGL,CE,Towers with Radar,0,1,12,0,13,0,0,70,0,70,0,1,82,0,83,152,0,152,235
03/19/2019,ARR,IL,AGL,CE,Towers with Radar,0,2,16,0,18,0,0,100,0,100,0,2,116,0,118,154,0,154,272
03/20/2019,ARR,IL,AGL,CE,Towers with Radar,0,0,27,0,27,0,0,0,0,0,0,0,27,0,27,0,0,0,27
03/21/2019,ARR,IL,AGL,CE,Towers with Radar,0,1,24,0,25,0,0,31,0,31,0,1,55,0,56,63,0,63,119
03/22/2019,ARR,IL,AGL,CE,Towers with Radar,0,0,26,0,26,0,0,90,0,90,0,0,116,0,116,174,0,174,290
03/23/2019,ARR,IL,AGL,CE,Towers with Radar,0,3,17,0,20,0,0,132,0,132,0,3,149,0,152,268,0,268,420
03/24/2019,ARR,IL,AGL,CE,Towers with Radar,0,3,8,0,11,0,0,16,0,16,0,3,24,0,27,118,0,118,145
03/25/2019,ARR,IL,AGL,CE,Towers with Radar,0,4,16,0,20,0,0,62,0,62,0,4,78,0,82,96,0,96,178
03/26/2019,ARR,IL,AGL,CE,Towers with Radar,0,0,10,0,10,0,0,177,0,177,0,0,187,0,187,259,0,259,446
03/27/2019,ARR,IL,AGL,CE,Towers with Radar,0,0,20,0,20,0,0,107,0,107,0,0,127,0,127,178,0,178,305
03/28/2019,ARR,IL,AGL,CE,Towers with Radar,0,0,7,0,7,1,0,44,0,45,1,0,51,0,52,176,0,176,228
03/29/2019,ARR,IL,AGL,CE,Towers with Radar,0,0,18,0,18,0,0,93,0,93,0,0,111,0,111,129,0,129,240
03/30/2019,ARR,IL,AGL,CE,Towers with Radar,0,2,17,0,19,0,0,37,0,37,0,2,54,0,56,162,0,162,218
03/31/2019,ARR,IL,AGL,CE,Towers with Radar,0,0,23,0,23,0,0,108,0,108,0,0,131,0,131,152,0,152,283
04/01/2019,ARR,IL,AGL,CE,Towers with Radar,0,0,11,0,11,0,0,48,0,48,0,0,59,0,59,154,0,154,213
04/02/2019,ARR,IL,AGL,CE,Towers with Radar,0,0,10,0,10,0,0,48,0,48,0,0,58,0,58,146,0,146,204
04/03/2019,ARR,IL,AGL,CE,Towers with Radar,0,0,15,0,15,0,0,103,1,104,0,0,118,1,119,228,0,228,347
04/04/2019,ARR,IL,AGL,CE,Towers with Radar,0,1,13,0,14,0,0,6,0,6,0,1,19,0,20,56,0,56,76
04/05/2019,ARR,IL,AGL,CE,Towers with Radar,0,0,15,1,16,0,0,7,0,7,0,0,22,1,23,8,4,12,35
04/06/2019,ARR,IL,AGL,CE,Towers with Radar,0,2,11,3,16,0,0,65,0,65,0,2,76,3,81,184,0,184,265
04/07/2019,ARR,IL,AGL,CE,Towers with Radar,0,2,15,1,18,0,0,12,0,12,0,2,27,1,30,8,0,8,38
04/08/2019,ARR,IL,AGL,CE,Towers with Radar,0,0,24,1,25,0,0,161,0,161,0,0,185,1,186,146,0,146,332
04/09/2019,ARR,IL,AGL,CE,Towers with Radar,0,1,23,0,24,0,0,92,0,92,0,1,115,0,116,190,0,190,306
04/10/2019,ARR,IL,AGL,CE,Towers with Radar,0,0,16,0,16,0,0,3,0,3,0,0,19,0,19,0,0,0,19
04/11/2019,ARR,IL,AGL,CE,Towers with Radar,0,1,9,0,10,0,0,7,0,7,0,1,16,0,17,12,0,12,29
04/12/2019,ARR,IL,AGL,CE,Towers with Radar,0,0,8,0,8,0,0,12,0,12,0,0,20,0,20,2,0,2,22
04/13/2019,ARR,IL,AGL,CE,Towers with Radar,0,2,11,0,13,0,0,133,0,133,0,2,144,0,146,163,0,163,309
04/14/2019,ARR,IL,AGL,CE,Towers with Radar,0,2,3,0,5,0,0,0,0,0,0,2,3,0,5,0,0,0,5
04/15/2019,ARR,IL,AGL,CE,Towers with Radar,0,1,27,0,28,0,0,89,0,89,0,1,116,0,117,198,0,198,315
04/16/2019,ARR,IL,AGL,CE,Towers with Radar,0,3,18,0,21,0,0,96,0,96,0,3,114,0,117,158,0,158,275
04/17/2019,ARR,IL,AGL,CE,Towers with Radar,0,0,22,0,22,0,0,31,0,31,0,0,53,0,53,22,0,22,75
04/18/2019,ARR,IL,AGL,CE,Towers with Radar,0,0,24,0,24,0,0,8,0,8,0,0,32,0,32,42,0,42,74
04/19/2019,ARR,IL,AGL,CE,Towers with Radar,0,0,11,0,11,0,0,3,0,3,0,0,14,0,14,0,0,0,14
04/20/2019,ARR,IL,AGL,CE,Towers with Radar,0,1,15,0,16,0,0,86,0,86,0,1,101,0,102,104,0,104,206
04/21/2019,ARR,IL,AGL,CE,Towers with Radar,0,0,9,0,9,0,0,77,0,77,0,0,86,0,86,95,0,95,181
04/22/2019,ARR,IL,AGL,CE,Towers with Radar,0,0,18,0,18,0,0,29,0,29,0,0,47,0,47,57,0,57,104
04/23/2019,ARR,IL,AGL,CE,Towers with Radar,0,0,29,0,29,0,0,65,0,65,0,0,94,0,94,145,0,145,239
04/24/2019,ARR,IL,AGL,CE,Towers with Radar,0,1,30,0,31,0,0,118,0,118,0,1,148,0,149,168,0,168,317
04/25/2019,ARR,IL,AGL,CE,Towers with Radar,0,0,16,0,16,0,0,99,0,99,0,0,115,0,115,181,0,181,296
04/26/2019,ARR,IL,AGL,CE,Towers with Radar,0,0,18,0,18,0,0,38,0,38,0,0,56,0,56,14,0,14,70
04/27/2019,ARR,IL,AGL,CE,Towers with Radar,0,5,6,0,11,0,0,0,0,0,0,5,6,0,11,0,0,0,11
04/28/2019,ARR,IL,AGL,CE,Towers with Radar,0,0,22,0,22,0,0,123,0,123,0,0,145,0,145,193,0,193,338
04/29/2019,ARR,IL,AGL,CE,Towers with Radar,0,1,31,0,32,0,0,1,0,1,0,1,32,0,33,0,0,0,33
04/30/2019,ARR,IL,AGL,CE,Towers with Radar,0,2,10,0,12,0,0,0,0,0,0,2,10,0,12,0,0,0,12
05/01/2019,ARR,IL,AGL,CE,Towers with Radar,0,0,35,0,35,0,0,7,0,7,0,0,42,0,42,31,0,31,73
05/02/2019,ARR,IL,AGL,CE,Towers with Radar,0,9,18,0,27,0,0,0,0,0,0,9,18,0,27,0,0,0,27
05/03/2019,ARR,IL,AGL,CE,Towers with Radar,0,2,23,0,25,0,0,138,0,138,0,2,161,0,163,176,0,176,339
05/04/2019,ARR,IL,AGL,CE,Towers with Radar,0,2,14,0,16,0,0,142,0,142,0,2,156,0,158,190,0,190,348
05/05/2019,ARR,IL,AGL,CE,Towers with Radar,0,2,12,0,14,0,2,123,4,129,0,4,135,4,143,78,0,78,221
05/06/2019,ARR,IL,AGL,CE,Towers with Radar,0,0,15,0,15,0,0,44,0,44,0,0,59,0,59,142,0,142,201
05/07/2019,ARR,IL,AGL,CE,Towers with Radar,0,3,26,2,31,0,0,13,0,13,0,3,39,2,44,4,0,4,48
05/08/2019,ARR,IL,AGL,CE,Towers with Radar,0,4,18,0,22,0,0,42,0,42,0,4,60,0,64,46,0,46,110
05/09/2019,ARR,IL,AGL,CE,Towers with Radar,0,3,13,0,16,0,0,12,0,12,0,3,25,0,28,36,0,36,64
05/10/2019,ARR,IL,AGL,CE,Towers with Radar,0,4,21,3,28,0,3,87,0,90,0,7,108,3,118,156,0,156,274
05/11/2019,ARR,IL,AGL,CE,Towers with Radar,0,2,12,0,14,0,0,62,0,62,0,2,74,0,76,102,0,102,178
05/12/2019,ARR,IL,AGL,CE,Towers with Radar,0,4,15,1,20,0,0,45,0,45,0,4,60,1,65,91,0,91,156
05/13/2019,ARR,IL,AGL,CE,Towers with Radar,0,3,31,0,34,0,3,95,2,100,0,6,126,2,134,117,0,117,251
05/14/2019,ARR,IL,AGL,CE,Towers with Radar,0,3,24,0,27,0,4,115,0,119,0,7,139,0,146,181,0,181,327
05/15/2019,ARR,IL,AGL,CE,Towers with Radar,0,4,40,0,44,0,2,143,0,145,0,6,183,0,189,173,0,173,362
05/16/2019,ARR,IL,AGL,CE,Towers with Radar,0,2,12,0,14,0,0,24,0,24,0,2,36,0,38,57,0,57,95
05/17/2019,ARR,IL,AGL,CE,Towers with Radar,0,0,26,0,26,0,0,17,0,17,0,0,43,0,43,38,0,38,81
05/18/2019,ARR,IL,AGL,CE,Towers with Radar,0,1,9,0,10,0,0,52,0,52,0,1,61,0,62,30,0,30,92
05/19/2019,ARR,IL,AGL,CE,Towers with Radar,0,1,9,0,10,0,0,12,0,12,0,1,21,0,22,54,0,54,76
05/20/2019,ARR,IL,AGL,CE,Towers with Radar,0,1,20,0,21,0,0,50,0,50,0,1,70,0,71,187,0,187,258
05/21/2019,ARR,IL,AGL,CE,Towers with Radar,0,1,24,0,25,0,0,9,0,9,0,1,33,0,34,22,0,22,56
05/22/2019,ARR,IL,AGL,CE,Towers with Radar,0,3,23,0,26,0,0,38,2,40,0,3,61,2,66,35,0,35,101
05/23/2019,ARR,IL,AGL,CE,Towers with Radar,0,0,23,0,23,0,0,95,0,95,0,0,118,0,118,139,0,139,257
05/24/2019,ARR,IL,AGL,CE,Towers with Radar,0,2,26,0,28,0,0,33,0,33,0,2,59,0,61,135,0,135,196
05/25/2019,ARR,IL,AGL,CE,Towers with Radar,0,1,11,0,12,0,0,29,0,29,0,1,40,0,41,30,0,30,71
05/26/2019,ARR,IL,AGL,CE,Towers with Radar,0,0,7,0,7,0,0,42,0,42,0,0,49,0,49,134,0,134,183
05/27/2019,ARR,IL,AGL,CE,Towers with Radar,0,2,14,0,16,0,0,36,0,36,0,2,50,0,52,70,0,70,122
05/28/2019,ARR,IL,AGL,CE,Towers with Radar,0,1,19,0,20,0,0,29,0,29,0,1,48,0,49,85,0,85,134
05/29/2019,ARR,IL,AGL,CE,Towers with Radar,0,0,15,0,15,0,0,56,1,57,0,0,71,1,72,103,0,103,175
05/30/2019,ARR,IL,AGL,CE,Towers with Radar,0,4,25,0,29,0,0,82,0,82,0,4,107,0,111,139,0,139,250
05/31/2019,ARR,IL,AGL,CE,Towers with Radar,0,3,16,0,19,0,1,127,0,128,0,4,143,0,147,183,0,183,330
06/01/2019,ARR,IL,AGL,CE,Towers with Radar,0,0,6,0,6,0,0,76,0,76,0,0,82,0,82,134,0,134,216
06/02/2019,ARR,IL,AGL,CE,Towers with Radar,0,3,18,0,21,0,0,119,0,119,0,3,137,0,140,142,0,142,282
06/03/2019,ARR,IL,AGL,CE,Towers with Radar,0,0,11,0,11,0,0,117,0,117,0,0,128,0,128,194,0,194,322
06/04/2019,ARR,IL,AGL,CE,Towers with Radar,0,4,14,0,18,0,0,45,0,45,0,4,59,0,63,57,0,57,120
06/05/2019,ARR,IL,AGL,CE,Towers with Radar,0,2,24,0,26,0,0,92,0,92,0,2,116,0,118,190,0,190,308
06/06/2019,ARR,IL,AGL,CE,Towers with Radar,0,5,29,0,34,0,0,100,0,100,0,5,129,0,134,210,0,210,344
06/07/2019,ARR,IL,AGL,CE,Towers with Radar,0,2,23,0,25,0,4,109,0,113,0,6,132,0,138,124,0,124,262
06/08/2019,ARR,IL,AGL,CE,Towers with Radar,0,0,7,0,7,0,3,87,0,90,0,3,94,0,97,54,0,54,151
06/09/2019,ARR,IL,AGL,CE,Towers with Radar,0,4,20,0,24,0,0,49,0,49,0,4,69,0,73,139,0,139,212
06/10/2019,ARR,IL,AGL,CE,Towers with Radar,0,3,21,0,24,0,0,40,0,40,0,3,61,0,64,50,0,50,114
06/11/2019,ARR,IL,AGL,CE,Towers with Radar,0,2,13,0,15,0,2,153,0,155,0,4,166,0,170,239,0,239,409
06/12/2019,ARR,IL,AGL,CE,Towers with Radar,0,0,10,0,10,0,0,16,0,16,0,0,26,0,26,81,0,81,107
06/13/2019,ARR,IL,AGL,CE,Towers with Radar,0,6,26,0,32,0,0,21,0,21,0,6,47,0,53,62,0,62,115
06/14/2019,ARR,IL,AGL,CE,Towers with Radar,0,2,15,0,17,0,0,45,2,47,0,2,60,2,64,32,0,32,96
06/15/2019,ARR,IL,AGL,CE,Towers with Radar,0,2,15,1,18,0,0,22,0,22,0,2,37,1,40,9,0,9,49
06/16/2019,ARR,IL,AGL,CE,Towers with Radar,0,1,17,0,18,0,0,0,0,0,0,1,17,0,18,10,0,10,28
06/17/2019,ARR,IL,AGL,CE,Towers with Radar,0,0,33,0,33,0,0,41,0,41,0,0,74,0,74,48,0,48,122
06/18/2019,ARR,IL,AGL,CE,Towers with Radar,0,1,20,0,21,0,0,76,1,77,0,1,96,1,98,223,0,223,321
06/19/2019,ARR,IL,AGL,CE,Towers with Radar,0,0,20,0,20,0,0,50,0,50,0,0,70,0,70,103,0,103,173
06/20/2019,ARR,IL,AGL,CE,Towers with Radar,0,2,18,0,20,0,0,37,0,37,0,2,55,0,57,123,0,123,180
06/21/2019,ARR,IL,AGL,CE,Towers with Radar,0,0,19,0,19,0,0,131,0,131,0,0,150,0,150,174,0,174,324
06/22/2019,ARR,IL,AGL,CE,Towers with Radar,0,0,15,0,15,0,0,99,0,99,0,0,114,0,114,130,0,130,244
06/23/2019,ARR,IL,AGL,CE,Towers with Radar,0,0,6,2,8,0,0,59,0,59,0,0,65,2,67,77,0,77,144
06/24/2019,ARR,IL,AGL,CE,Towers with Radar,0,0,25,0,25,0,0,9,0,9,0,0,34,0,34,28,0,28,62
06/25/2019,ARR,IL,AGL,CE,Towers with Radar,0,0,13,0,13,0,0,84,0,84,0,0,97,0,97,80,0,80,177
06/26/2019,ARR,IL,AGL,CE,Towers with Radar,0,4,17,1,22,0,0,104,0,104,0,4,121,1,126,172,0,172,298
06/27/2019,ARR,IL,AGL,CE,Towers with Radar,0,2,15,0,17,0,0,76,0,76,0,2,91,0,93,242,0,242,335
06/28/2019,ARR,IL,AGL,CE,Towers with Radar,0,1,24,2,27,0,0,78,0,78,0,1,102,2,105,140,2,142,247
06/29/2019,ARR,IL,AGL,CE,Towers with Radar,0,1,17,2,20,0,2,124,0,126,0,3,141,2,146,160,0,160,306
06/30/2019,ARR,IL,AGL,CE,Towers with Radar,0,0,29,0,29,0,2,55,0,57,0,2,84,0,86,104,0,104,190
07/01/2019,ARR,IL,AGL,CE,Towers with Radar,0,0,16,0,16,0,1,70,0,71,0,1,86,0,87,181,0,181,268
07/02/2019,ARR,IL,AGL,CE,Towers with Radar,0,4,14,0,18,0,0,76,0,76,0,4,90,0,94,143,0,143,237
07/03/2019,ARR,IL,AGL,CE,Towers with Radar,0,1,21,0,22,0,0,79,0,79,0,1,100,0,101,219,0,219,320
07/04/2019,ARR,IL,AGL,CE,Towers with Radar,0,3,6,0,9,0,0,53,0,53,0,3,59,0,62,93,0,93,155
07/05/2019,ARR,IL,AGL,CE,Towers with Radar,0,1,7,0,8,0,0,45,0,45,0,1,52,0,53,119,0,119,172
07/06/2019,ARR,IL,AGL,CE,Towers with Radar,0,1,8,0,9,0,0,56,0,56,0,1,64,0,65,130,0,130,195
07/07/2019,ARR,IL,AGL,CE,Towers with Radar,0,2,21,0,23,0,0,106,0,106,0,2,127,0,129,116,0,116,245
07/08/2019,ARR,IL,AGL,CE,Towers with Radar,0,2,24,0,26,0,0,29,0,29,0,2,53,0,55,96,0,96,151
07/09/2019,ARR,IL,AGL,CE,Towers with Radar,0,4,15,0,19,0,0,122,0,122,0,4,137,0,141,215,0,215,356
07/10/2019,ARR,IL,AGL,CE,Towers with Radar,0,1,11,0,12,0,0,73,0,73,0,1,84,0,85,176,0,176,261
07/11/2019,ARR,IL,AGL,CE,Towers with Radar,0,2,28,0,30,0,0,116,0,116,0,2,144,0,146,261,0,261,407
07/12/2019,ARR,IL,AGL,CE,Towers with Radar,0,1,18,0,19,0,0,101,0,101,0,1,119,0,120,173,0,173,293
07/13/2019,ARR,IL,AGL,CE,Towers with Radar,0,0,14,0,14,0,0,144,0,144,0,0,158,0,158,119,0,119,277
07/14/2019,ARR,IL,AGL,CE,Towers with Radar,0,0,11,0,11,0,0,93,0,93,0,0,104,0,104,60,0,60,164
07/15/2019,ARR,IL,AGL,CE,Towers with Radar,0,1,8,1,10,3,0,108,1,112,3,1,116,2,122,109,0,109,231
07/16/2019,ARR,IL,AGL,CE,Towers with Radar,0,3,25,0,28,0,0,19,0,19,0,3,44,0,47,72,26,98,145
07/17/2019,ARR,IL,AGL,CE,Towers with Radar,0,0,17,0,17,0,0,128,0,128,0,0,145,0,145,254,0,254,399
07/18/2019,ARR,IL,AGL,CE,Towers with Radar,0,6,26,0,32,0,0,41,0,41,0,6,67,0,73,98,0,98,171
07/19/2019,ARR,IL,AGL,CE,Towers with Radar,0,0,19,0,19,0,0,111,0,111,0,0,130,0,130,134,0,134,264
07/20/2019,ARR,IL,AGL,CE,Towers with Radar,0,1,12,1,14,0,0,83,0,83,0,1,95,1,97,80,0,80,177
07/21/2019,ARR,IL,AGL,CE,Towers with Radar,0,3,28,1,32,0,0,30,0,30,0,3,58,1,62,8,0,8,70
07/22/2019,ARR,IL,AGL,CE,Towers with Radar,0,0,21,0,21,0,0,116,0,116,0,0,137,0,137,74,0,74,211
07/23/2019,ARR,IL,AGL,CE,Towers with Radar,0,2,15,0,17,0,0,70,0,70,0,2,85,0,87,120,0,120,207
07/24/2019,ARR,IL,AGL,CE,Towers with Radar,0,1,22,0,23,0,0,99,0,99,0,1,121,0,122,118,0,118,240
07/25/2019,ARR,IL,AGL,CE,Towers with Radar,0,2,26,0,28,0,0,105,1,106,0,2,131,1,134,194,4,198,332
07/26/2019,ARR,IL,AGL,CE,Towers with Radar,0,3,24,0,27,0,0,86,0,86,0,3,110,0,113,149,0,149,262
07/27/2019,ARR,IL,AGL,CE,Towers with Radar,0,5,8,0,13,0,0,64,0,64,0,5,72,0,77,78,0,78,155
07/28/2019,ARR,IL,AGL,CE,Towers with Radar,0,5,21,0,26,0,1,81,0,82,0,6,102,0,108,89,0,89,197
07/29/2019,ARR,IL,AGL,CE,Towers with Radar,0,1,21,2,24,0,0,27,0,27,0,1,48,2,51,134,0,134,185
07/30/2019,ARR,IL,AGL,CE,Towers with Radar,0,2,24,0,26,0,1,105,0,106,0,3,129,0,132,214,0,214,346
07/31/2019,ARR,IL,AGL,CE,Towers with Radar,0,6,32,0,38,0,2,113,0,115,0,8,145,0,153,172,0,172,325
08/01/2019,ARR,IL,AGL,CE,Towers with Radar,0,2,28,0,30,8,5,113,0,126,8,7,141,0,156,185,0,185,341
08/02/2019,ARR,IL,AGL,CE,Towers with Radar,0,4,23,0,27,10,1,97,0,108,10,5,120,0,135,177,0,177,312
08/03/2019,ARR,IL,AGL,CE,Towers with Radar,0,1,11,0,12,0,0,114,0,114,0,1,125,0,126,244,0,244,370
08/04/2019,ARR,IL,AGL,CE,Towers with Radar,0,4,22,0,26,0,0,99,0,99,0,4,121,0,125,174,0,174,299
08/05/2019,ARR,IL,AGL,CE,Towers with Radar,0,7,16,0,23,0,0,93,0,93,0,7,109,0,116,205,0,205,321
08/06/2019,ARR,IL,AGL,CE,Towers with Radar,0,2,35,0,37,0,0,37,1,38,0,2,72,1,75,42,4,46,121
08/07/2019,ARR,IL,AGL,CE,Towers with Radar,0,1,22,0,23,0,0,128,0,128,0,1,150,0,151,204,0,204,355
08/08/2019,ARR,IL,AGL,CE,Towers with Radar,0,3,15,0,18,0,0,103,0,103,0,3,118,0,121,104,0,104,225
08/09/2019,ARR,IL,AGL,CE,Towers with Radar,0,1,14,0,15,0,0,107,0,107,0,1,121,0,122,202,0,202,324
08/10/2019,ARR,IL,AGL,CE,Towers with Radar,0,1,8,0,9,0,0,129,0,129,0,1,137,0,138,122,0,122,260
08/11/2019,ARR,IL,AGL,CE,Towers with Radar,1,4,27,0,32,0,0,39,0,39,1,4,66,0,71,149,0,149,220
08/12/2019,ARR,IL,AGL,CE,Towers with Radar,0,0,21,0,21,0,0,11,0,11,0,0,32,0,32,61,0,61,93
08/13/2019,ARR,IL,AGL,CE,Towers with Radar,0,1,24,0,25,0,0,70,0,70,0,1,94,0,95,178,0,178,273
08/14/2019,ARR,IL,AGL,CE,Towers with Radar,0,1,20,0,21,0,0,70,0,70,0,1,90,0,91,172,0,172,263
08/15/2019,ARR,IL,AGL,CE,Towers with Radar,0,0,22,0,22,0,0,107,0,107,0,0,129,0,129,172,0,172,301
08/16/2019,ARR,IL,AGL,CE,Towers with Radar,0,1,22,0,23,0,0,90,0,90,0,1,112,0,113,147,0,147,260
08/17/2019,ARR,IL,AGL,CE,Towers with Radar,0,0,5,0,5,0,0,23,0,23,0,0,28,0,28,87,0,87,115
08/18/2019,ARR,IL,AGL,CE,Towers with Radar,0,0,9,0,9,0,0,31,0,31,0,0,40,0,40,90,0,90,130
08/19/2019,ARR,IL,AGL,CE,Towers with Radar,0,0,22,0,22,0,2,53,0,55,0,2,75,0,77,100,0,100,177
08/20/2019,ARR,IL,AGL,CE,Towers with Radar,0,3,20,0,23,0,0,17,0,17,0,3,37,0,40,2,0,2,42
08/21/2019,ARR,IL,AGL,CE,Towers with Radar,0,0,22,0,22,0,0,40,0,40,0,0,62,0,62,66,0,66,128
08/22/2019,ARR,IL,AGL,CE,Towers with Radar,0,4,28,0,32,0,2,112,0,114,0,6,140,0,146,156,0,156,302
08/23/2019,ARR,IL,AGL,CE,Towers with Radar,0,3,18,0,21,0,1,119,2,122,0,4,137,2,143,224,42,266,409
08/24/2019,ARR,IL,AGL,CE,Towers with Radar,0,0,16,0,16,0,4,130,2,136,0,4,146,2,152,140,0,140,292
08/25/2019,ARR,IL,AGL,CE,Towers with Radar,0,2,12,0,14,0,1,206,0,207,0,3,218,0,221,127,0,127,348
08/26/2019,ARR,IL,AGL,CE,Towers with Radar,0,0,16,0,16,0,0,0,0,0,0,0,16,0,16,0,0,0,16
08/27/2019,ARR,IL,AGL,CE,Towers with Radar,0,1,24,0,25,0,0,64,0,64,0,1,88,0,89,134,0,134,223
08/28/2019,ARR,IL,AGL,CE,Towers with Radar,0,5,21,0,26,0,0,81,2,83,0,5,102,2,109,68,0,68,177
08/29/2019,ARR,IL,AGL,CE,Towers with Radar,0,0,18,0,18,0,0,40,0,40,0,0,58,0,58,33,0,33,91
08/30/2019,ARR,IL,AGL,CE,Towers with Radar,0,2,64,2,68,0,4,95,0,99,0,6,159,2,167,210,0,210,377
08/31/2019,ARR,IL,AGL,CE,Towers with Radar,0,0,9,0,9,0,4,112,0,116,0,4,121,0,125,124,0,124,249
09/01/2019,ARR,IL,AGL,CE,Towers with Radar,0,0,13,1,14,0,0,29,0,29,0,0,42,1,43,131,0,131,174
09/02/2019,ARR,IL,AGL,CE,Towers with Radar,0,0,13,0,13,0,2,97,0,99,0,2,110,0,112,113,0,113,225
09/03/2019,ARR,IL,AGL,CE,Towers with Radar,0,1,9,0,10,0,0,6,0,6,0,1,15,0,16,4,0,4,20
09/04/2019,ARR,IL,AGL,CE,Towers with Radar,0,2,20,0,22,0,0,82,0,82,0,2,102,0,104,168,0,168,272
09/05/2019,ARR,IL,AGL,CE,Towers with Radar,0,1,15,0,16,0,0,119,2,121,0,1,134,2,137,174,0,174,311
09/06/2019,ARR,IL,AGL,CE,Towers with Radar,0,1,34,0,35,0,0,45,0,45,0,1,79,0,80,46,0,46,126
09/07/2019,ARR,IL,AGL,CE,Towers with Radar,0,0,10,0,10,0,0,107,0,107,0,0,117,0,117,163,0,163,280
09/08/2019,ARR,IL,AGL,CE,Towers with Radar,0,0,34,0,34,0,0,14,0,14,0,0,48,0,48,28,0,28,76
09/09/2019,ARR,IL,AGL,CE,Towers with Radar,0,5,16,0,21,0,0,37,0,37,0,5,53,0,58,77,0,77,135
09/10/2019,ARR,IL,AGL,CE,Towers with Radar,0,3,18,0,21,0,0,56,0,56,0,3,74,0,77,39,0,39,116
09/11/2019,ARR,IL,AGL,CE,Towers with Radar,0,1,23,0,24,0,0,63,0,63,0,1,86,0,87,72,0,72,159
09/12/2019,ARR,IL,AGL,CE,Towers with Radar,0,2,20,0,22,0,0,22,0,22,0,2,42,0,44,100,0,100,144
09/13/2019,ARR,IL,AGL,CE,Towers with Radar,0,2,23,0,25,0,0,46,0,46,0,2,69,0,71,112,0,112,183
09/14/2019,ARR,IL,AGL,CE,Towers with Radar,0,1,11,0,12,0,3,159,0,162,0,4,170,0,174,262,0,262,436
09/15/2019,ARR,IL,AGL,CE,Towers with Radar,0,2,18,0,20,0,0,29,0,29,0,2,47,0,49,66,0,66,115
09/16/2019,ARR,IL,AGL,CE,Towers with Radar,0,1,40,0,41,0,2,33,0,35,0,3,73,0,76,59,0,59,135
09/17/2019,ARR,IL,AGL,CE,Towers with Radar,0,3,26,0,29,0,1,67,0,68,0,4,93,0,97,226,0,226,323
09/18/2019,ARR,IL,AGL,CE,Towers with Radar,0,5,26,0,31,0,2,101,0,103,0,7,127,0,134,118,0,118,252
09/19/2019,ARR,IL,AGL,CE,Towers with Radar,0,5,27,0,32,0,2,63,0,65,0,7,90,0,97,132,0,132,229
09/20/2019,ARR,IL,AGL,CE,Towers with Radar,0,4,28,0,32,0,1,93,1,95,0,5,121,1,127,193,0,193,320
09/21/2019,ARR,IL,AGL,CE,Towers with Radar,0,4,15,0,19,0,0,19,0,19,0,4,34,0,38,51,0,51,89
09/22/2019,ARR,IL,AGL,CE,Towers with Radar,0,2,13,0,15,0,0,2,0,2,0,2,15,0,17,0,0,0,17
09/23/2019,ARR,IL,AGL,CE,Towers with Radar,0,2,25,0,27,0,1,99,0,100,0,3,124,0,127,196,0,196,323
09/24/2019,ARR,IL,AGL,CE,Towers with Radar,0,2,25,0,27,0,2,91,0,93,0,4,116,0,120,127,0,127,247
09/25/2019,ARR,IL,AGL,CE,Towers with Radar,0,4,27,0,31,0,0,37,0,37,0,4,64,0,68,150,0,150,218
09/26/2019,ARR,IL,AGL,CE,Towers with Radar,0,3,24,0,27,0,1,152,0,153,0,4,176,0,180,220,0,220,400
09/27/2019,ARR,IL,AGL,CE,Towers with Radar,0,1,10,0,11,0,0,6,0,6,0,1,16,0,17,8,0,8,25
09/28/2019,ARR,IL,AGL,CE,Towers with Radar,0,0,26,0,26,0,0,8,0,8,0,0,34,0,34,57,0,57,91
09/29/2019,ARR,IL,AGL,CE,Towers with Radar,0,3,11,0,14,0,0,0,0,0,0,3,11,0,14,0,0,0,14
09/30/2019,ARR,IL,AGL,CE,Towers with Radar,0,0,21,0,21,0,0,58,0,58,0,0,79,0,79,44,0,44,123
10/01/2019,ARR,IL,AGL,CE,Towers with Radar,0,2,18,0,20,0,0,61,0,61,0,2,79,0,81,183,0,183,264
10/02/2019,ARR,IL,AGL,CE,Towers with Radar,0,1,32,0,33,0,0,0,0,0,0,1,32,0,33,0,0,0,33
10/03/2019,ARR,IL,AGL,CE,Towers with Radar,0,2,28,0,30,0,0,19,0,19,0,2,47,0,49,39,0,39,88
10/04/2019,ARR,IL,AGL,CE,Towers with Radar,0,3,31,0,34,0,0,76,0,76,0,3,107,0,110,216,0,216,326
10/05/2019,ARR,IL,AGL,CE,Towers with Radar,0,1,18,0,19,0,0,65,0,65,0,1,83,0,84,125,0,125,209
10/06/2019,ARR,IL,AGL,CE,Towers with Radar,0,2,23,0,25,0,0,93,0,93,0,2,116,0,118,196,0,196,314
10/07/2019,ARR,IL,AGL,CE,Towers with Radar,0,0,20,0,20,0,2,124,0,126,0,2,144,0,146,142,0,142,288
10/08/2019,ARR,IL,AGL,CE,Towers with Radar,0,2,19,0,21,0,0,89,13,102,0,2,108,13,123,198,0,198,321
10/09/2019,ARR,IL,AGL,CE,Towers with Radar,0,2,30,0,32,0,0,114,0,114,0,2,144,0,146,195,0,195,341
10/10/2019,ARR,IL,AGL,CE,Towers with Radar,0,1,29,0,30,0,0,50,0,50,0,1,79,0,80,125,0,125,205
10/11/2019,ARR,IL,AGL,CE,Towers with Radar,0,0,23,0,23,0,0,1,0,1,0,0,24,0,24,0,0,0,24
10/12/2019,ARR,IL,AGL,CE,Towers with Radar,0,1,8,0,9,0,0,28,0,28,0,1,36,0,37,50,0,50,87
10/13/2019,ARR,IL,AGL,CE,Towers with Radar,0,0,14,0,14,0,0,51,0,51,0,0,65,0,65,113,0,113,178
10/14/2019,ARR,IL,AGL,CE,Towers with Radar,0,0,36,0,36,0,0,133,0,133,0,0,169,0,169,166,0,166,335
10/15/2019,ARR,IL,AGL,CE,Towers with Radar,0,1,26,0,27,0,0,45,0,45,0,1,71,0,72,183,0,183,255
10/16/2019,ARR,IL,AGL,CE,Towers with Radar,0,2,17,0,19,0,0,26,0,26,0,2,43,0,45,54,0,54,99
10/17/2019,ARR,IL,AGL,CE,Towers with Radar,0,1,15,0,16,0,0,125,2,127,0,1,140,2,143,300,0,300,443
10/18/2019,ARR,IL,AGL,CE,Towers with Radar,0,0,17,0,17,0,0,103,0,103,0,0,120,0,120,122,0,122,242
10/19/2019,ARR,IL,AGL,CE,Towers with Radar,0,1,11,0,12,0,0,116,0,116,0,1,127,0,128,160,0,160,288
10/20/2019,ARR,IL,AGL,CE,Towers with Radar,0,1,15,0,16,0,0,97,0,97,0,1,112,0,113,207,0,207,320
10/21/2019,ARR,IL,AGL,CE,Towers with Radar,0,0,5,0,5,0,0,2,0,2,0,0,7,0,7,0,0,0,7
10/22/2019,ARR,IL,AGL,CE,Towers with Radar,0,2,12,0,14,0,0,2,0,2,0,2,14,0,16,0,0,0,16
10/23/2019,ARR,IL,AGL,CE,Towers with Radar,0,1,20,0,21,0,0,62,0,62,0,1,82,0,83,206,0,206,289
10/24/2019,ARR,IL,AGL,CE,Towers with Radar,0,1,16,0,17,0,1,62,0,63,0,2,78,0,80,102,0,102,182
10/25/2019,ARR,IL,AGL,CE,Towers with Radar,0,1,24,0,25,0,0,107,0,107,0,1,131,0,132,84,0,84,216
10/26/2019,ARR,IL,AGL,CE,Towers with Radar,0,0,12,0,12,0,0,11,0,11,0,0,23,0,23,29,0,29,52
10/27/2019,ARR,IL,AGL,CE,Towers with Radar,0,3,12,0,15,0,0,188,0,188,0,3,200,0,203,125,0,125,328
10/28/2019,ARR,IL,AGL,CE,Towers with Radar,0,0,30,0,30,0,0,34,1,35,0,0,64,1,65,197,0,197,262
10/29/2019,ARR,IL,AGL,CE,Towers with Radar,0,0,27,0,27,0,0,33,0,33,0,0,60,0,60,54,0,54,114
10/30/2019,ARR,IL,AGL,CE,Towers with Radar,0,1,10,0,11,0,0,0,0,0,0,1,10,0,11,0,0,0,11
10/31/2019,ARR,IL,AGL,CE,Towers with Radar,0,2,10,0,12,0,0,0,0,0,0,2,10,0,12,0,0,0,12
11/01/2019,ARR,IL,AGL,CE,Towers with Radar,0,2,29,0,31,0,0,82,0,82,0,2,111,0,113,84,0,84,197
11/02/2019,ARR,IL,AGL,CE,Towers with Radar,0,1,12,0,13,0,0,21,0,21,0,1,33,0,34,64,0,64,98
11/03/2019,ARR,IL,AGL,CE,Towers with Radar,0,3,11,0,14,0,0,80,0,80,0,3,91,0,94,129,0,129,223
11/04/2019,ARR,IL,AGL,CE,Towers with Radar,0,2,20,0,22,0,0,63,0,63,0,2,83,0,85,102,0,102,187
11/05/2019,ARR,IL,AGL,CE,Towers with Radar,0,5,14,0,19,0,0,70,0,70,0,5,84,0,89,236,0,236,325
11/06/2019,ARR,IL,AGL,CE,Towers with Radar,0,4,10,0,14,0,0,35,0,35,0,4,45,0,49,106,0,106,155
11/07/2019,ARR,IL,AGL,CE,Towers with Radar,0,2,18,0,20,0,2,87,0,89,0,4,105,0,109,138,0,138,247
11/08/2019,ARR,IL,AGL,CE,Towers with Radar,0,0,15,0,15,0,1,73,0,74,0,1,88,0,89,122,0,122,211
11/09/2019,ARR,IL,AGL,CE,Towers with Radar,0,0,10,0,10,0,0,99,0,99,0,0,109,0,109,172,0,172,281
11/10/2019,ARR,IL,AGL,CE,Towers with Radar,0,1,15,0,16,0,0,33,0,33,0,1,48,0,49,189,0,189,238
11/11/2019,ARR,IL,AGL,CE,Towers with Radar,0,0,13,0,13,0,0,1,0,1,0,0,14,0,14,0,0,0,14
11/12/2019,ARR,IL,AGL,CE,Towers with Radar,0,3,20,0,23,0,0,48,2,50,0,3,68,2,73,66,0,66,139
11/13/2019,ARR,IL,AGL,CE,Towers with Radar,0,3,9,0,12,0,0,41,0,41,0,3,50,0,53,20,0,20,73
11/14/2019,ARR,IL,AGL,CE,Towers with Radar,0,1,19,0,20,0,0,9,0,9,0,1,28,0,29,182,0,182,211
11/15/2019,ARR,IL,AGL,CE,Towers with Radar,0,0,14,0,14,0,0,75,0,75,0,0,89,0,89,121,0,121,210
11/16/2019,ARR,IL,AGL,CE,Towers with Radar,0,1,28,0,29,0,0,97,0,97,0,1,125,0,126,211,0,211,337
11/17/2019,ARR,IL,AGL,CE,Towers with Radar,0,3,14,0,17,0,0,63,0,63,0,3,77,0,80,63,0,63,143
11/18/2019,ARR,IL,AGL,CE,Towers with Radar,0,3,12,0,15,0,0,2,0,2,0,3,14,0,17,2,0,2,19
11/19/2019,ARR,IL,AGL,CE,Towers with Radar,0,2,21,0,23,0,0,0,0,0,0,2,21,0,23,0,0,0,23
11/20/2019,ARR,IL,AGL,CE,Towers with Radar,0,0,9,0,9,0,0,39,2,41,0,0,48,2,50,151,2,153,203
11/21/2019,ARR,IL,AGL,CE,Towers with Radar,0,2,24,0,26,0,0,0,0,0,0,2,24,0,26,0,0,0,26
11/22/2019,ARR,IL,AGL,CE,Towers with Radar,0,0,31,0,31,0,0,97,0,97,0,0,128,0,128,162,0,162,290
11/23/2019,ARR,IL,AGL,CE,Towers with Radar,0,3,16,0,19,0,0,97,0,97,0,3,113,0,116,225,0,225,341
11/24/2019,ARR,IL,AGL,CE,Towers with Radar,0,0,14,0,14,0,0,83,0,83,0,0,97,0,97,179,0,179,276
11/25/2019,ARR,IL,AGL,CE,Towers with Radar,0,0,14,0,14,0,0,100,0,100,0,0,114,0,114,148,0,148,262
11/26/2019,ARR,IL,AGL,CE,Towers with Radar,0,0,30,0,30,0,0,47,0,47,0,0,77,0,77,57,0,57,134
11/27/2019,ARR,IL,AGL,CE,Towers with Radar,0,2,6,0,8,0,0,0,0,0,0,2,6,0,8,0,0,0,8
11/28/2019,ARR,IL,AGL,CE,Towers with Radar,0,0,1,0,1,0,0,14,0,14,0,0,15,0,15,0,0,0,15
11/29/2019,ARR,IL,AGL,CE,Towers with Radar,0,2,11,0,13,0,0,8,0,8,0,2,19,0,21,30,0,30,51
11/30/2019,ARR,IL,AGL,CE,Towers with Radar,0,2,6,0,8,0,0,0,0,0,0,2,6,0,8,0,0,0,8
12/01/2019,ARR,IL,AGL,CE,Towers with Radar,0,1,9,0,10,0,0,4,0,4,0,1,13,0,14,26,0,26,40
12/02/2019,ARR,IL,AGL,CE,Towers with Radar,0,2,9,0,11,0,0,22,0,22,0,2,31,0,33,70,0,70,103
12/03/2019,ARR,IL,AGL,CE,Towers with Radar,0,0,16,0,16,0,0,60,2,62,0,0,76,2,78,99,4,103,181
12/04/2019,ARR,IL,AGL,CE,Towers with Radar,0,1,16,0,17,0,0,41,0,41,0,1,57,0,58,28,0,28,86
12/05/2019,ARR,IL,AGL,CE,Towers with Radar,0,3,14,0,17,0,0,126,0,126,0,3,140,0,143,106,0,106,249
12/06/2019,ARR,IL,AGL,CE,Towers with Radar,0,0,17,0,17,0,0,81,0,81,0,0,98,0,98,84,0,84,182
12/07/2019,ARR,IL,AGL,CE,Towers with Radar,0,1,22,0,23,0,0,95,0,95,0,1,117,0,118,140,0,140,258
12/08/2019,ARR,IL,AGL,CE,Towers with Radar,0,0,21,0,21,0,0,9,0,9,0,0,30,0,30,28,0,28,58
12/09/2019,ARR,IL,AGL,CE,Towers with Radar,0,0,17,0,17,0,0,0,0,0,0,0,17,0,17,10,0,10,27
12/10/2019,ARR,IL,AGL,CE,Towers with Radar,0,0,9,0,9,0,0,65,0,65,0,0,74,0,74,71,0,71,145
12/11/2019,ARR,IL,AGL,CE,Towers with Radar,0,0,19,0,19,0,0,32,0,32,0,0,51,0,51,103,0,103,154
12/12/2019,ARR,IL,AGL,CE,Towers with Radar,0,3,15,0,18,0,0,23,0,23,0,3,38,0,41,3,0,3,44
12/13/2019,ARR,IL,AGL,CE,Towers with Radar,0,3,20,0,23,0,0,75,0,75,0,3,95,0,98,102,0,102,200
12/14/2019,ARR,IL,AGL,CE,Towers with Radar,0,1,8,0,9,0,0,2,0,2,0,1,10,0,11,14,0,14,25
12/15/2019,ARR,IL,AGL,CE,Towers with Radar,0,0,10,0,10,0,0,62,0,62,0,0,72,0,72,129,0,129,201
12/16/2019,ARR,IL,AGL,CE,Towers with Radar,0,3,8,0,11,0,0,4,0,4,0,3,12,0,15,34,0,34,49
12/17/2019,ARR,IL,AGL,CE,Towers with Radar,0,0,10,0,10,0,0,9,0,9,0,0,19,0,19,18,0,18,37
12/18/2019,ARR,IL,AGL,CE,Towers with Radar,0,1,18,0,19,0,0,54,0,54,0,1,72,0,73,72,0,72,145
12/19/2019,ARR,IL,AGL,CE,Towers with Radar,0,4,38,0,42,0,0,90,0,90,0,4,128,0,132,76,0,76,208
12/20/2019,ARR,IL,AGL,CE,Towers with Radar,0,2,17,0,19,0,0,67,0,67,0,2,84,0,86,103,0,103,189
12/21/2019,ARR,IL,AGL,CE,Towers with Radar,0,2,12,0,14,0,0,138,0,138,0,2,150,0,152,177,0,177,329
12/22/2019,ARR,IL,AGL,CE,Towers with Radar,0,2,8,0,10,0,0,100,0,100,0,2,108,0,110,134,0,134,244
12/23/2019,ARR,IL,AGL,CE,Towers with Radar,0,3,8,0,11,0,0,102,0,102,0,3,110,0,113,101,0,101,214
12/24/2019,ARR,IL,AGL,CE,Towers with Radar,0,2,5,0,7,0,0,20,0,20,0,2,25,0,27,40,0,40,67
12/25/2019,ARR,IL,AGL,CE,Towers with Radar,0,1,1,0,2,0,0,15,0,15,0,1,16,0,17,36,0,36,53
12/26/2019,ARR,IL,AGL,CE,Towers with Radar,0,1,17,0,18,0,0,40,0,40,0,1,57,0,58,38,0,38,96
12/27/2019,ARR,IL,AGL,CE,Towers with Radar,0,3,24,0,27,0,0,26,0,26,0,3,50,0,53,77,0,77,130
12/28/2019,ARR,IL,AGL,CE,Towers with Radar,0,0,14,0,14,0,0,0,0,0,0,0,14,0,14,18,0,18,32
12/29/2019,ARR,IL,AGL,CE,Towers with Radar,0,0,8,0,8,0,0,24,0,24,0,0,32,0,32,60,0,60,92
12/30/2019,ARR,IL,AGL,CE,Towers with Radar,0,1,4,0,5,0,0,5,0,5,0,1,9,0,10,4,0,4,14
12/31/2019,ARR,IL,AGL,CE,Towers with Radar,0,2,6,0,8,0,0,15,0,15,0,2,21,0,23,64,0,64,87
01/01/2020,ARR,IL,AGL,CE,Towers with Radar,0,1,9,0,10,0,0,59,0,59,0,1,68,0,69,47,0,47,116
01/02/2020,ARR,IL,AGL,CE,Towers with Radar,0,0,2,0,2,0,0,71,0,71,0,0,73,0,73,185,0,185,258
01/03/2020,ARR,IL,AGL,CE,Towers with Radar,0,6,19,0,25,0,0,13,0,13,0,6,32,0,38,127,0,127,165
01/04/2020,ARR,IL,AGL,CE,Towers with Radar,0,1,4,0,5,0,0,24,0,24,0,1,28,0,29,157,0,157,186
01/05/2020,ARR,IL,AGL,CE,Towers with Radar,0,2,12,0,14,0,0,21,0,21,0,2,33,0,35,47,0,47,82
01/06/2020,ARR,IL,AGL,CE,Towers with Radar,0,0,16,0,16,0,0,89,0,89,0,0,105,0,105,194,0,194,299
01/07/2020,ARR,IL,AGL,CE,Towers with Radar,0,1,17,0,18,0,0,63,0,63,0,1,80,0,81,152,0,152,233
01/08/2020,ARR,IL,AGL,CE,Towers with Radar,0,3,9,0,12,0,0,74,0,74,0,3,83,0,86,193,0,193,279
01/09/2020,ARR,IL,AGL,CE,Towers with Radar,0,0,5,0,5,0,0,2,0,2,0,0,7,0,7,4,0,4,11
01/10/2020,ARR,IL,AGL,CE,Towers with Radar,0,0,7,0,7,0,0,0,0,0,0,0,7,0,7,0,0,0,7
01/11/2020,ARR,IL,AGL,CE,Towers with Radar,0,0,1,0,1,0,0,0,0,0,0,0,1,0,1,0,0,0,1
01/12/2020,ARR,IL,AGL,CE,Towers with Radar,0,2,7,0,9,0,0,17,0,17,0,2,24,0,26,74,0,74,100
01/13/2020,ARR,IL,AGL,CE,Towers with Radar,0,1,9,0,10,0,0,16,2,18,0,1,25,2,28,52,0,52,80
01/14/2020,ARR,IL,AGL,CE,Towers with Radar,0,0,16,0,16,0,0,22,0,22,0,0,38,0,38,97,0,97,135
01/15/2020,ARR,IL,AGL,CE,Towers with Radar,0,2,2,0,4,0,0,0,0,0,0,2,2,0,4,0,0,0,4
01/16/2020,ARR,IL,AGL,CE,Towers with Radar,0,2,19,0,21,0,0,82,0,82,0,2,101,0,103,135,0,135,238
01/17/2020,ARR,IL,AGL,CE,Towers with Radar,0,0,9,0,9,0,0,30,0,30,0,0,39,0,39,105,0,105,144
01/18/2020,ARR,IL,AGL,CE,Towers with Radar,0,0,2,0,2,0,0,0,0,0,0,0,2,0,2,0,0,0,2
01/19/2020,ARR,IL,AGL,CE,Towers with Radar,0,0,7,0,7,0,0,25,0,25,0,0,32,0,32,68,0,68,100
01/20/2020,ARR,IL,AGL,CE,Towers with Radar,0,0,15,0,15,0,0,89,0,89,0,0,104,0,104,132,0,132,236
01/21/2020,ARR,IL,AGL,CE,Towers with Radar,0,1,22,0,23,0,0,83,0,83,0,1,105,0,106,210,0,210,316
01/22/2020,ARR,IL,AGL,CE,Towers with Radar,0,5,11,0,16,0,0,81,0,81,0,5,92,0,97,163,0,163,260
01/23/2020,ARR,IL,AGL,CE,Towers with Radar,0,2,9,0,11,0,0,0,0,0,0,2,9,0,11,0,0,0,11
01/24/2020,ARR,IL,AGL,CE,Towers with Radar,0,2,6,0,8,0,0,0,0,0,0,2,6,0,8,0,0,0,8
01/25/2020,ARR,IL,AGL,CE,Towers with Radar,0,2,4,0,6,0,0,0,0,0,0,2,4,0,6,0,0,0,6
01/26/2020,ARR,IL,AGL,CE,Towers with Radar,0,0,11,0,11,0,0,0,0,0,0,0,11,0,11,0,0,0,11
01/27/2020,ARR,IL,AGL,CE,Towers with Radar,0,0,9,0,9,0,0,3,0,3,0,0,12,0,12,76,0,76,88
01/28/2020,ARR,IL,AGL,CE,Towers with Radar,0,1,5,0,6,0,0,0,0,0,0,1,5,0,6,40,0,40,46
01/29/2020,ARR,IL,AGL,CE,Towers with Radar,0,0,13,0,13,0,0,10,0,10,0,0,23,0,23,130,0,130,153
01/30/2020,ARR,IL,AGL,CE,Towers with Radar,0,1,21,0,22,0,0,46,0,46,0,1,67,0,68,149,0,149,217
01/31/2020,ARR,IL,AGL,CE,Towers with Radar,0,1,7,0,8,0,0,2,0,2,0,1,9,0,10,64,0,64,74
02/01/2020,ARR,IL,AGL,CE,Towers with Radar,0,0,7,0,7,0,0,2,0,2,0,0,9,0,9,36,0,36,45
02/02/2020,ARR,IL,AGL,CE,Towers with Radar,0,0,11,0,11,0,0,76,0,76,0,0,87,0,87,135,0,135,222
02/03/2020,ARR,IL,AGL,CE,Towers with Radar,0,0,19,0,19,0,0,120,0,120,0,0,139,0,139,194,0,194,333
02/04/2020,ARR,IL,AGL,CE,Towers with Radar,0,4,11,0,15,0,0,21,0,21,0,4,32,0,36,30,0,30,66
02/05/2020,ARR,IL,AGL,CE,Towers with Radar,0,4,12,0,16,0,0,52,0,52,0,4,64,0,68,109,0,109,177
02/06/2020,ARR,IL,AGL,CE,Towers with Radar,0,1,11,0,12,0,0,10,0,10,0,1,21,0,22,64,0,64,86
02/07/2020,ARR,IL,AGL,CE,Towers with Radar,0,1,17,0,18,0,0,83,0,83,0,1,100,0,101,218,0,218,319
02/08/2020,ARR,IL,AGL,CE,Towers with Radar,0,4,13,0,17,0,0,102,0,102,0,4,115,0,119,198,0,198,317
02/09/2020,ARR,IL,AGL,CE,Towers with Radar,0,4,6,0,10,0,0,3,0,3,0,4,9,0,13,8,0,8,21
02/10/2020,ARR,IL,AGL,CE,Towers with Radar,0,0,11,0,11,0,0,21,0,21,0,0,32,0,32,93,0,93,125
02/11/2020,ARR,IL,AGL,CE,Towers with Radar,0,3,13,0,16,0,0,93,0,93,0,3,106,0,109,178,0,178,287
02/12/2020,ARR,IL,AGL,CE,Towers with Radar,0,5,8,0,13,0,0,39,0,39,0,5,47,0,52,108,0,108,160
02/13/2020,ARR,IL,AGL,CE,Towers with Radar,0,0,7,0,7,0,0,0,0,0,0,0,7,0,7,0,0,0,7
02/14/2020,ARR,IL,AGL,CE,Towers with Radar,0,0,16,0,16,0,0,65,0,65,0,0,81,0,81,125,0,125,206
02/15/2020,ARR,IL,AGL,CE,Towers with Radar,0,1,8,0,9,0,0,8,0,8,0,1,16,0,17,17,0,17,34
02/16/2020,ARR,IL,AGL,CE,Towers with Radar,0,2,8,0,10,0,0,105,0,105,0,2,113,0,115,204,0,204,319
02/17/2020,ARR,IL,AGL,CE,Towers with Radar,0,0,21,0,21,0,0,9,0,9,0,0,30,0,30,18,0,18,48
02/18/2020,ARR,IL,AGL,CE,Towers with Radar,0,0,11,0,11,0,0,41,0,41,0,0,52,0,52,62,0,62,114
02/19/2020,ARR,IL,AGL,CE,Towers with Radar,0,0,17,0,17,0,0,70,0,70,0,0,87,0,87,153,0,153,240
02/20/2020,ARR,IL,AGL,CE,Towers with Radar,0,1,13,0,14,0,0,69,0,69,0,1,82,0,83,174,0,174,257
02/21/2020,ARR,IL,AGL,CE,Towers with Radar,0,1,20,0,21,0,1,103,0,104,0,2,123,0,125,104,0,104,229
02/22/2020,ARR,IL,AGL,CE,Towers with Radar,0,2,10,0,12,0,0,132,0,132,0,2,142,0,144,183,0,183,327
02/23/2020,ARR,IL,AGL,CE,Towers with Radar,0,1,14,0,15,0,0,139,0,139,0,1,153,0,154,150,0,150,304
02/24/2020,ARR,IL,AGL,CE,Towers with Radar,0,2,21,0,23,0,0,39,0,39,0,2,60,0,62,74,0,74,136
02/25/2020,ARR,IL,AGL,CE,Towers with Radar,0,0,9,0,9,0,0,0,0,0,0,0,9,0,9,0,0,0,9
02/26/2020,ARR,IL,AGL,CE,Towers with Radar,0,3,10,0,13,0,0,3,0,3,0,3,13,0,16,22,0,22,38
02/27/2020,ARR,IL,AGL,CE,Towers with Radar,0,1,11,0,12,0,0,46,0,46,0,1,57,0,58,168,0,168,226
02/28/2020,ARR,IL,AGL,CE,Towers with Radar,0,1,14,0,15,0,0,54,0,54,0,1,68,0,69,112,0,112,181
02/29/2020,ARR,IL,AGL,CE,Towers with Radar,0,0,13,0,13,0,0,118,0,118,0,0,131,0,131,190,0,190,321
03/01/2020,ARR,IL,AGL,CE,Towers with Radar,0,0,11,0,11,0,0,36,0,36,0,0,47,0,47,77,0,77,124
03/02/2020,ARR,IL,AGL,CE,Towers with Radar,0,2,12,0,14,0,0,66,0,66,0,2,78,0,80,188,0,188,268
03/03/2020,ARR,IL,AGL,CE,Towers with Radar,0,4,15,0,19,0,0,36,0,36,0,4,51,0,55,98,0,98,153
03/04/2020,ARR,IL,AGL,CE,Towers with Radar,0,1,18,0,19,0,0,67,0,67,0,1,85,0,86,180,0,180,266
03/05/2020,ARR,IL,AGL,CE,Towers with Radar,0,2,9,0,11,0,0,16,0,16,0,2,25,0,27,14,0,14,41
03/06/2020,ARR,IL,AGL,CE,Towers with Radar,0,1,7,0,8,0,0,18,0,18,0,1,25,0,26,72,0,72,98
03/07/2020,ARR,IL,AGL,CE,Towers with Radar,0,0,9,0,9,0,0,96,0,96,0,0,105,0,105,144,0,144,249
03/08/2020,ARR,IL,AGL,CE,Towers with Radar,0,3,16,0,19,0,0,41,0,41,0,3,57,0,60,60,0,60,120
03/09/2020,ARR,IL,AGL,CE,Towers with Radar,0,1,21,0,22,0,0,1,0,1,0,1,22,0,23,0,0,0,23
03/10/2020,ARR,IL,AGL,CE,Towers with Radar,0,0,18,0,18,0,0,38,0,38,0,0,56,0,56,145,0,145,201
03/11/2020,ARR,IL,AGL,CE,Towers with Radar,0,3,26,0,29,0,0,3,0,3,0,3,29,0,32,24,0,24,56
03/12/2020,ARR,IL,AGL,CE,Towers with Radar,0,0,35,0,35,0,0,6,0,6,0,0,41,0,41,23,0,23,64
03/13/2020,ARR,IL,AGL,CE,Towers with Radar,0,0,17,0,17,0,1,66,0,67,0,1,83,0,84,58,0,58,142
03/14/2020,ARR,IL,AGL,CE,Towers with Radar,0,0,12,0,12,0,0,27,0,27,0,0,39,0,39,29,0,29,68
03/15/2020,ARR,IL,AGL,CE,Towers with Radar,0,1,18,0,19,0,0,84,0,84,0,1,102,0,103,149,0,149,252
03/16/2020,ARR,IL,AGL,CE,Towers with Radar,0,6,14,0,20,0,0,4,0,4,0,6,18,0,24,12,0,12,36
03/17/2020,ARR,IL,AGL,CE,Towers with Radar,0,0,18,0,18,0,0,147,0,147,0,0,165,0,165,269,0,269,434
03/18/2020,ARR,IL,AGL,CE,Towers with Radar,0,2,18,0,20,0,0,14,0,14,0,2,32,0,34,83,0,83,117
03/19/2020,ARR,IL,AGL,CE,Towers with Radar,0,0,11,0,11,0,0,0,0,0,0,0,11,0,11,0,0,0,11
03/20/2020,ARR,IL,AGL,CE,Towers with Radar,0,5,11,0,16,0,0,22,0,22,0,5,33,0,38,30,0,30,68
03/21/2020,ARR,IL,AGL,CE,Towers with Radar,0,2,11,0,13,0,0,98,0,98,0,2,109,0,111,132,0,132,243
03/22/2020,ARR,IL,AGL,CE,Towers with Radar,0,1,10,0,11,0,0,37,0,37,0,1,47,0,48,136,0,136,184
03/23/2020,ARR,IL,AGL,CE,Towers with Radar,0,4,11,0,15,0,0,7,0,7,0,4,18,0,22,38,0,38,60
03/24/2020,ARR,IL,AGL,CE,Towers with Radar,0,0,9,0,9,0,0,24,0,24,0,0,33,0,33,63,0,63,96
03/25/2020,ARR,IL,AGL,CE,Towers with Radar,0,1,14,0,15,0,0,16,0,16,0,1,30,0,31,44,0,44,75
03/26/2020,ARR,IL,AGL,CE,Towers with Radar,0,1,10,0,11,0,0,5,0,5,0,1,15,0,16,2,0,2,18
03/27/2020,ARR,IL,AGL,CE,Towers with Radar,0,2,11,0,13,0,0,9,0,9,0,2,20,0,22,67,0,67,89
03/28/2020,ARR,IL,AGL,CE,Towers with Radar,0,2,7,0,9,0,0,0,0,0,0,2,7,0,9,0,0,0,9
03/29/2020,ARR,IL,AGL,CE,Towers with Radar,0,2,3,0,5,0,0,2,0,2,0,2,5,0,7,0,0,0,7
03/30/2020,ARR,IL,AGL,CE,Towers with Radar,0,0,8,0,8,0,0,78,0,78,0,0,86,0,86,182,0,182,268
03/31/2020,ARR,IL,AGL,CE,Towers with Radar,0,3,5,0,8,0,0,30,0,30,0,3,35,0,38,135,0,135,173
04/01/2020,ARR,IL,AGL,CE,Towers with Radar,0,2,8,0,10,0,0,65,0,65,0,2,73,0,75,105,0,105,180
04/02/2020,ARR,IL,AGL,CE,Towers with Radar,0,3,5,0,8,0,0,50,0,50,0,3,55,0,58,116,0,116,174
04/03/2020,ARR,IL,AGL,CE,Towers with Radar,0,1,7,0,8,0,0,64,0,64,0,1,71,0,72,104,0,104,176
04/04/2020,ARR,IL,AGL,CE,Towers with Radar,0,0,10,0,10,0,0,23,0,23,0,0,33,0,33,92,0,92,125
04/05/2020,ARR,IL,AGL,CE,Towers with Radar,0,1,11,0,12,0,0,108,0,108,0,1,119,0,120,160,0,160,280
04/06/2020,ARR,IL,AGL,CE,Towers with Radar,0,0,3,0,3,0,0,39,0,39,0,0,42,0,42,58,0,58,100
04/07/2020,ARR,IL,AGL,CE,Towers with Radar,0,2,1,0,3,0,0,38,0,38,0,2,39,0,41,108,0,108,149
04/08/2020,ARR,IL,AGL,CE,Towers with Radar,0,0,9,0,9,0,0,36,0,36,0,0,45,0,45,81,0,81,126
04/09/2020,ARR,IL,AGL,CE,Towers with Radar,0,0,5,0,5,0,0,13,0,13,0,0,18,0,18,7,0,7,25
04/10/2020,ARR,IL,AGL,CE,Towers with Radar,0,0,10,0,10,0,0,90,0,90,0,0,100,0,100,153,0,153,253
04/11/2020,ARR,IL,AGL,CE,Towers with Radar,0,0,3,0,3,0,0,57,0,57,0,0,60,0,60,122,0,122,182
04/12/2020,ARR,IL,AGL,CE,Towers with Radar,0,0,0,0,0,0,1,22,0,23,0,1,22,0,23,67,0,67,90
04/13/2020,ARR,IL,AGL,CE,Towers with Radar,0,0,3,0,3,0,0,3,0,3,0,0,6,0,6,4,0,4,10
04/14/2020,ARR,IL,AGL,CE,Towers with Radar,0,2,1,0,3,0,0,45,0,45,0,2,46,0,48,50,0,50,98
04/15/2020,ARR,IL,AGL,CE,Towers with Radar,0,1,3,0,4,0,0,36,0,36,0,1,39,0,40,156,0,156,196
04/16/2020,ARR,IL,AGL,CE,Towers with Radar,0,0,3,0,3,0,0,92,0,92,0,0,95,0,95,133,0,133,228
04/17/2020,ARR,IL,AGL,CE,Towers with Radar,0,4,9,0,13,0,0,20,0,20,0,4,29,0,33,38,0,38,71
04/18/2020,ARR,IL,AGL,CE,Towers with Radar,0,1,7,0,8,0,0,51,0,51,0,1,58,0,59,49,0,49,108
04/19/2020,ARR,IL,AGL,CE,Towers with Radar,0,0,6,0,6,0,0,100,0,100,0,0,106,0,106,190,0,190,296
04/20/2020,ARR,IL,AGL,CE,Towers with Radar,0,0,7,0,7,0,0,53,0,53,0,0,60,0,60,34,0,34,94
04/21/2020,ARR,IL,AGL,CE,Towers with Radar,0,0,6,0,6,0,0,58,0,58,0,0,64,0,64,156,0,156,220
04/22/2020,ARR,IL,AGL,CE,Towers with Radar,0,0,8,0,8,0,0,52,0,52,0,0,60,0,60,193,0,193,253
04/23/2020,ARR,IL,AGL,CE,Towers with Radar,0,2,23,0,25,0,0,10,0,10,0,2,33,0,35,116,0,116,151
04/24/2020,ARR,IL,AGL,CE,Towers with Radar,0,0,13,0,13,0,0,12,0,12,0,0,25,0,25,132,0,132,157
04/25/2020,ARR,IL,AGL,CE,Towers with Radar,0,0,23,0,23,0,0,6,0,6,0,0,29,0,29,10,0,10,39
04/26/2020,ARR,IL,AGL,CE,Towers with Radar,0,2,12,0,14,0,0,142,0,142,0,2,154,0,156,208,0,208,364
04/27/2020,ARR,IL,AGL,CE,Towers with Radar,0,0,7,0,7,0,0,46,0,46,0,0,53,0,53,24,0,24,77
04/28/2020,ARR,IL,AGL,CE,Towers with Radar,0,0,6,0,6,0,0,58,0,58,0,0,64,0,64,80,0,80,144
04/29/2020,ARR,IL,AGL,CE,Towers with Radar,0,0,19,0,19,0,0,0,0,0,0,0,19,0,19,0,0,0,19
04/30/2020,ARR,IL,AGL,CE,Towers with Radar,0,0,6,0,6,0,0,29,0,29,0,0,35,0,35,52,0,52,87
05/01/2020,ARR,IL,AGL,CE,Towers with Radar,0,0,11,0,11,0,0,116,0,116,0,0,127,0,127,240,0,240,367
05/02/2020,ARR,IL,AGL,CE,Towers with Radar,0,4,11,0,15,0,0,87,0,87,0,4,98,0,102,216,0,216,318
05/03/2020,ARR,IL,AGL,CE,Towers with Radar,0,2,17,0,19,0,0,124,0,124,0,2,141,0,143,88,0,88,231
05/04/2020,ARR,IL,AGL,CE,Towers with Radar,0,0,10,0,10,0,0,73,0,73,0,0,83,0,83,106,0,106,189
05/05/2020,ARR,IL,AGL,CE,Towers with Radar,0,2,8,0,10,0,0,8,0,8,0,2,16,0,18,0,0,0,18
05/06/2020,ARR,IL,AGL,CE,Towers with Radar,0,4,12,0,16,0,0,118,0,118,0,4,130,0,134,138,0,138,272
05/07/2020,ARR,IL,AGL,CE,Towers with Radar,0,1,20,0,21,0,0,114,0,114,0,1,134,0,135,81,0,81,216
05/08/2020,ARR,IL,AGL,CE,Towers with Radar,0,0,7,0,7,0,0,50,0,50,0,0,57,0,57,46,0,46,103
05/09/2020,ARR,IL,AGL,CE,Towers with Radar,0,2,10,0,12,0,0,143,0,143,0,2,153,0,155,126,0,126,281
05/10/2020,ARR,IL,AGL,CE,Towers with Radar,0,0,8,0,8,0,0,3,0,3,0,0,11,0,11,16,0,16,27
05/11/2020,ARR,IL,AGL,CE,Towers with Radar,0,1,12,0,13,0,0,94,0,94,0,1,106,0,107,82,0,82,189
05/12/2020,ARR,IL,AGL,CE,Towers with Radar,0,1,17,0,18,0,0,118,0,118,0,1,135,0,136,174,0,174,310
05/13/2020,ARR,IL,AGL,CE,Towers with Radar,0,1,7,0,8,0,0,77,0,77,0,1,84,0,85,107,0,107,192
05/14/2020,ARR,IL,AGL,CE,Towers with Radar,0,0,6,0,6,0,0,3,0,3,0,0,9,0,9,0,0,0,9
05/15/2020,ARR,IL,AGL,CE,Towers with Radar,0,1,19,0,20,0,0,59,0,59,0,1,78,0,79,83,0,83,162
05/16/2020,ARR,IL,AGL,CE,Towers with Radar,0,1,8,0,9,0,0,116,0,116,0,1,124,0,125,155,0,155,280
05/17/2020,ARR,IL,AGL,CE,Towers with Radar,0,0,2,0,2,0,0,0,0,0,0,0,2,0,2,0,0,0,2
05/18/2020,ARR,IL,AGL,CE,Towers with Radar,0,4,15,0,19,0,0,14,0,14,0,4,29,0,33,24,0,24,57
05/19/2020,ARR,IL,AGL,CE,Towers with Radar,0,0,25,0,25,0,0,0,0,0,0,0,25,0,25,0,0,0,25
05/20/2020,ARR,IL,AGL,CE,Towers with Radar,0,1,15,0,16,0,0,99,0,99,0,1,114,0,115,191,0,191,306
05/21/2020,ARR,IL,AGL,CE,Towers with Radar,0,2,13,0,15,0,0,89,0,89,0,2,102,0,104,275,0,275,379
05/22/2020,ARR,IL,AGL,CE,Towers with Radar,0,1,24,0,25,0,0,65,0,65,0,1,89,0,90,139,0,139,229
05/23/2020,ARR,IL,AGL,CE,Towers with Radar,0,2,6,0,8,0,0,63,0,63,0,2,69,0,71,120,0,120,191
05/24/2020,ARR,IL,AGL,CE,Towers with Radar,0,1,17,0,18,0,0,91,0,91,0,1,108,0,109,160,0,160,269
05/25/2020,ARR,IL,AGL,CE,Towers with Radar,0,0,11,0,11,0,0,47,0,47,0,0,58,0,58,132,0,132,190
05/26/2020,ARR,IL,AGL,CE,Towers with Radar,0,1,13,0,14,0,0,66,0,66,0,1,79,0,80,138,0,138,218
05/27/2020,ARR,IL,AGL,CE,Towers with Radar,0,5,9,0,14,0,0,84,0,84,0,5,93,0,98,134,0,134,232
05/28/2020,ARR,IL,AGL,CE,Towers with Radar,0,4,23,0,27,0,0,25,0,25,0,4,48,0,52,51,0,51,103
05/29/2020,ARR,IL,AGL,CE,Towers with Radar,0,3,10,0,13,0,0,127,0,127,0,3,137,0,140,130,0,130,270
05/30/2020,ARR,IL,AGL,CE,Towers with Radar,0,3,9,0,12,0,0,126,0,126,0,3,135,0,138,152,0,152,290
05/31/2020,ARR,IL,AGL,CE,Towers with Radar,0,2,21,0,23,0,0,118,0,118,0,2,139,0,141,161,0,161,302
06/01/2020,ARR,IL,AGL,CE,Towers with Radar,0,0,12,0,12,0,0,43,0,43,0,0,55,0,55,35,0,35,90
06/02/2020,ARR,IL,AGL,CE,Towers with Radar,0,0,14,0,14,0,0,60,0,60,0,0,74,0,74,138,0,138,212
06/03/2020,ARR,IL,AGL,CE,Towers with Radar,0,1,11,0,12,0,0,58,0,58,0,1,69,0,70,50,0,50,120
06/04/2020,ARR,IL,AGL,CE,Towers with Radar,0,1,11,0,12,0,0,94,0,94,0,1,105,0,106,162,0,162,268
06/05/2020,ARR,IL,AGL,CE,Towers with Radar,0,0,16,0,16,0,0,83,0,83,0,0,99,0,99,164,0,164,263
06/06/2020,ARR,IL,AGL,CE,Towers with Radar,0,1,8,0,9,0,0,83,0,83,0,1,91,0,92,130,0,130,222
06/07/2020,ARR,IL,AGL,CE,Towers with Radar,0,1,14,0,15,0,0,119,0,119,0,1,133,0,134,92,0,92,226
06/08/2020,ARR,IL,AGL,CE,Towers with Radar,0,1,8,0,9,0,0,73,0,73,0,1,81,0,82,152,0,152,234
06/09/2020,ARR,IL,AGL,CE,Towers with Radar,0,1,9,0,10,0,0,31,0,31,0,1,40,0,41,34,0,34,75
06/10/2020,ARR,IL,AGL,CE,Towers with Radar,0,3,10,0,13,0,0,24,0,24,0,3,34,0,37,108,0,108,145
06/11/2020,ARR,IL,AGL,CE,Towers with Radar,0,2,15,0,17,0,0,109,0,109,0,2,124,0,126,140,0,140,266
06/12/2020,ARR,IL,AGL,CE,Towers with Radar,0,1,13,0,14,0,0,126,0,126,0,1,139,0,140,214,0,214,354
06/13/2020,ARR,IL,AGL,CE,Towers with Radar,0,1,9,0,10,0,0,109,0,109,0,1,118,0,119,82,0,82,201
06/14/2020,ARR,IL,AGL,CE,Towers with Radar,0,0,12,0,12,0,0,103,0,103,0,0,115,0,115,125,0,125,240
06/15/2020,ARR,IL,AGL,CE,Towers with Radar,0,2,18,0,20,0,0,94,0,94,0,2,112,0,114,211,0,211,325
06/16/2020,ARR,IL,AGL,CE,Towers with Radar,0,0,12,0,12,0,0,122,0,122,0,0,134,0,134,232,0,232,366
06/17/2020,ARR,IL,AGL,CE,Towers with Radar,0,2,11,0,13,0,0,84,0,84,0,2,95,0,97,144,0,144,241
06/18/2020,ARR,IL,AGL,CE,Towers with Radar,0,1,14,0,15,0,0,78,0,78,0,1,92,0,93,79,0,79,172
06/19/2020,ARR,IL,AGL,CE,Towers with Radar,0,1,17,2,20,0,0,86,0,86,0,1,103,2,106,145,0,145,251
06/20/2020,ARR,IL,AGL,CE,Towers with Radar,0,0,14,0,14,0,0,42,0,42,0,0,56,0,56,46,0,46,102
06/21/2020,ARR,IL,AGL,CE,Towers with Radar,0,1,8,0,9,0,0,68,0,68,0,1,76,0,77,105,0,105,182
06/22/2020,ARR,IL,AGL,CE,Towers with Radar,0,1,12,0,13,0,0,23,0,23,0,1,35,0,36,54,0,54,90
06/23/2020,ARR,IL,AGL,CE,Towers with Radar,0,0,14,0,14,0,0,69,0,69,0,0,83,0,83,146,0,146,229
06/24/2020,ARR,IL,AGL,CE,Towers with Radar,0,2,18,0,20,0,0,89,0,89,0,2,107,0,109,186,0,186,295
06/25/2020,ARR,IL,AGL,CE,Towers with Radar,0,1,15,0,16,0,0,120,0,120,0,1,135,0,136,108,0,108,244
06/26/2020,ARR,IL,AGL,CE,Towers with Radar,0,1,17,0,18,0,0,7,0,7,0,1,24,0,25,18,0,18,43
06/27/2020,ARR,IL,AGL,CE,Towers with Radar,0,1,13,0,14,0,0,76,0,76,0,1,89,0,90,54,0,54,144
06/28/2020,ARR,IL,AGL,CE,Towers with Radar,0,2,13,0,15,0,0,64,0,64,0,2,77,0,79,138,0,138,217
06/29/2020,ARR,IL,AGL,CE,Towers with Radar,0,1,12,0,13,0,0,34,0,34,0,1,46,0,47,80,0,80,127
06/30/2020,ARR,IL,AGL,CE,Towers with Radar,0,0,15,1,16,0,0,80,0,80,0,0,95,1,96,116,0,116,212
07/01/2020,ARR,IL,AGL,CE,Towers with Radar,0,3,14,0,17,0,0,82,0,82,0,3,96,0,99,94,0,94,193
07/02/2020,ARR,IL,AGL,CE,Towers with Radar,0,1,11,0,12,0,0,89,0,89,0,1,100,0,101,124,0,124,225
07/03/2020,ARR,IL,AGL,CE,Towers with Radar,0,1,8,0,9,0,0,89,0,89,0,1,97,0,98,155,0,155,253
07/04/2020,ARR,IL,AGL,CE,Towers with Radar,0,1,8,0,9,0,0,62,0,62,0,1,70,0,71,18,0,18,89
07/05/2020,ARR,IL,AGL,CE,Towers with Radar,0,1,15,0,16,0,0,68,0,68,0,1,83,0,84,132,0,132,216
07/06/2020,ARR,IL,AGL,CE,Towers with Radar,0,2,18,0,20,0,0,113,0,113,0,2,131,0,133,81,0,81,214
07/07/2020,ARR,IL,AGL,CE,Towers with Radar,0,3,13,0,16,0,0,118,0,118,0,3,131,0,134,148,0,148,282
07/08/2020,ARR,IL,AGL,CE,Towers with Radar,0,1,16,0,17,0,0,107,0,107,0,1,123,0,124,170,0,170,294
07/09/2020,ARR,IL,AGL,CE,Towers with Radar,0,4,23,0,27,0,0,73,0,73,0,4,96,0,100,173,0,173,273
07/10/2020,ARR,IL,AGL,CE,Towers with Radar,0,2,13,0,15,0,0,73,0,73,0,2,86,0,88,126,0,126,214
07/11/2020,ARR,IL,AGL,CE,Towers with Radar,0,1,10,0,11,0,0,82,0,82,0,1,92,0,93,130,0,130,223
07/12/2020,ARR,IL,AGL,CE,Towers with Radar,0,3,26,0,29,0,0,80,0,80,0,3,106,0,109,94,0,94,203
07/13/2020,ARR,IL,AGL,CE,Towers with Radar,0,2,8,0,10,0,0,160,0,160,0,2,168,0,170,221,0,221,391
07/14/2020,ARR,IL,AGL,CE,Towers with Radar,0,3,18,0,21,0,0,121,2,123,0,3,139,2,144,177,0,177,321
07/15/2020,ARR,IL,AGL,CE,Towers with Radar,0,0,21,1,22,0,0,64,2,66,0,0,85,3,88,127,0,127,215
07/16/2020,ARR,IL,AGL,CE,Towers with Radar,0,7,23,2,32,0,0,81,0,81,0,7,104,2,113,116,0,116,229
07/17/2020,ARR,IL,AGL,CE,Towers with Radar,0,3,22,2,27,0,0,123,0,123,0,3,145,2,150,112,0,112,262
07/18/2020,ARR,IL,AGL,CE,Towers with Radar,0,4,7,1,12,0,1,74,0,75,0,5,81,1,87,64,6,70,157
07/19/2020,ARR,IL,AGL,CE,Towers with Radar,0,4,17,0,21,0,0,47,0,47,0,4,64,0,68,38,0,38,106
07/20/2020,ARR,IL,AGL,CE,Towers with Radar,0,1,16,0,17,0,0,136,0,136,0,1,152,0,153,183,0,183,336
07/21/2020,ARR,IL,AGL,CE,Towers with Radar,0,6,9,0,15,0,0,48,0,48,0,6,57,0,63,140,0,140,203
07/22/2020,ARR,IL,AGL,CE,Towers with Radar,0,2,20,0,22,0,0,68,0,68,0,2,88,0,90,190,0,190,280
07/23/2020,ARR,IL,AGL,CE,Towers with Radar,0,1,5,0,6,0,0,133,0,133,0,1,138,0,139,182,0,182,321
07/24/2020,ARR,IL,AGL,CE,Towers with Radar,0,2,19,0,21,0,0,144,0,144,0,2,163,0,165,148,0,148,313
07/25/2020,ARR,IL,AGL,CE,Towers with Radar,0,1,13,0,14,0,0,101,0,101,0,1,114,0,115,154,0,154,269
07/26/2020,ARR,IL,AGL,CE,Towers with Radar,0,1,16,0,17,0,0,70,0,70,0,1,86,0,87,46,0,46,133
07/27/2020,ARR,IL,AGL,CE,Towers with Radar,0,4,26,0,30,0,1,42,0,43,0,5,68,0,73,156,0,156,229
07/28/2020,ARR,IL,AGL,CE,Towers with Radar,0,0,14,0,14,0,0,131,1,132,0,0,145,1,146,189,0,189,335
07/29/2020,ARR,IL,AGL,CE,Towers with Radar,0,1,14,0,15,0,0,98,0,98,0,1,112,0,113,178,0,178,291
07/30/2020,ARR,IL,AGL,CE,Towers with Radar,0,0,17,0,17,0,0,76,0,76,0,0,93,0,93,94,0,94,187
07/31/2020,ARR,IL,AGL,CE,Towers with Radar,0,2,21,0,23,0,0,124,0,124,0,2,145,0,147,213,0,213,360
08/01/2020,ARR,IL,AGL,CE,Towers with Radar,0,3,7,0,10,0,0,65,0,65,0,3,72,0,75,215,0,215,290
08/02/2020,ARR,IL,AGL,CE,Towers with Radar,0,3,13,0,16,0,0,89,0,89,0,3,102,0,105,162,0,162,267
08/03/2020,ARR,IL,AGL,CE,Towers with Radar,0,2,28,0,30,0,0,11,0,11,0,2,39,0,41,18,0,18,59
08/04/2020,ARR,IL,AGL,CE,Towers with Radar,0,3,9,0,12,0,0,93,0,93,0,3,102,0,105,213,0,213,318
08/05/2020,ARR,IL,AGL,CE,Towers with Radar,0,1,12,0,13,0,0,108,0,108,0,1,120,0,121,145,0,145,266
08/06/2020,ARR,IL,AGL,CE,Towers with Radar,0,2,11,0,13,0,0,137,0,137,0,2,148,0,150,264,0,264,414
08/07/2020,ARR,IL,AGL,CE,Towers with Radar,0,1,20,0,21,0,0,134,0,134,0,1,154,0,155,150,0,150,305
08/08/2020,ARR,IL,AGL,CE,Towers with Radar,0,1,12,0,13,0,0,85,0,85,0,1,97,0,98,70,0,70,168
08/09/2020,ARR,IL,AGL,CE,Towers with Radar,0,5,13,0,18,0,0,61,0,61,0,5,74,0,79,134,0,134,213
08/10/2020,ARR,IL,AGL,CE,Towers with Radar,0,5,12,0,17,0,0,8,0,8,0,5,20,0,25,46,0,46,71
08/11/2020,ARR,IL,AGL,CE,Towers with Radar,0,0,13,0,13,0,0,93,0,93,0,0,106,0,106,273,0,273,379
08/12/2020,ARR,IL,AGL,CE,Towers with Radar,0,6,13,1,20,0,0,115,0,115,0,6,128,1,135,104,0,104,239
08/13/2020,ARR,IL,AGL,CE,Towers with Radar,0,5,15,0,20,0,0,135,0,135,0,5,150,0,155,209,0,209,364
08/14/2020,ARR,IL,AGL,CE,Towers with Radar,0,4,15,1,20,0,0,133,2,135,0,4,148,3,155,236,0,236,391
08/15/2020,ARR,IL,AGL,CE,Towers with Radar,0,3,13,0,16,0,0,90,0,90,0,3,103,0,106,116,0,116,222
08/16/2020,ARR,IL,AGL,CE,Towers with Radar,0,2,11,0,13,0,0,105,0,105,0,2,116,0,118,156,0,156,274
08/17/2020,ARR,IL,AGL,CE,Towers with Radar,0,4,13,0,17,0,0,116,1,117,0,4,129,1,134,247,0,247,381
08/18/2020,ARR,IL,AGL,CE,Towers with Radar,0,3,33,0,36,0,0,121,0,121,0,3,154,0,157,124,0,124,281
08/19/2020,ARR,IL,AGL,CE,Towers with Radar,0,0,15,0,15,0,0,140,0,140,0,0,155,0,155,180,0,180,335
08/20/2020,ARR,IL,AGL,CE,Towers with Radar,0,2,17,0,19,0,0,130,0,130,0,2,147,0,149,219,0,219,368
08/21/2020,ARR,IL,AGL,CE,Towers with Radar,0,2,15,0,17,0,0,122,0,122,0,2,137,0,139,127,0,127,266
08/22/2020,ARR,IL,AGL,CE,Towers with Radar,0,1,16,0,17,0,0,126,0,126,0,1,142,0,143,152,0,152,295
08/23/2020,ARR,IL,AGL,CE,Towers with Radar,0,2,15,0,17,0,0,81,0,81,0,2,96,0,98,174,0,174,272
08/24/2020,ARR,IL,AGL,CE,Towers with Radar,0,3,12,0,15,0,0,103,0,103,0,3,115,0,118,189,0,189,307
08/25/2020,ARR,IL,AGL,CE,Towers with Radar,0,2,13,0,15,0,0,93,0,93,0,2,106,0,108,121,0,121,229
08/26/2020,ARR,IL,AGL,CE,Towers with Radar,0,4,10,0,14,0,0,81,0,81,0,4,91,0,95,209,0,209,304
08/27/2020,ARR,IL,AGL,CE,Towers with Radar,0,1,20,0,21,0,0,90,0,90,0,1,110,0,111,192,0,192,303
08/28/2020,ARR,IL,AGL,CE,Towers with Radar,0,5,16,0,21,0,0,43,0,43,0,5,59,0,64,97,0,97,161
08/29/2020,ARR,IL,AGL,CE,Towers with Radar,0,0,20,0,20,0,0,77,0,77,0,0,97,0,97,145,0,145,242
08/30/2020,ARR,IL,AGL,CE,Towers with Radar,0,1,14,0,15,0,0,116,0,116,0,1,130,0,131,134,0,134,265
08/31/2020,ARR,IL,AGL,CE,Towers with Radar,0,3,13,0,16,0,0,79,0,79,0,3,92,0,95,213,0,213,308
09/01/2020,ARR,IL,AGL,CE,Towers with Radar,0,0,28,0,28,0,0,15,0,15,0,0,43,0,43,84,0,84,127
09/02/2020,ARR,IL,AGL,CE,Towers with Radar,0,2,19,0,21,4,0,110,0,114,4,2,129,0,135,193,0,193,328
09/03/2020,ARR,IL,AGL,CE,Towers with Radar,0,1,18,0,19,0,0,56,0,56,0,1,74,0,75,66,0,66,141
09/04/2020,ARR,IL,AGL,CE,Towers with Radar,0,4,23,0,27,0,0,136,0,136,0,4,159,0,163,258,0,258,421
09/05/2020,ARR,IL,AGL,CE,Towers with Radar,0,0,17,0,17,0,0,119,0,119,0,0,136,0,136,174,0,174,310
09/06/2020,ARR,IL,AGL,CE,Towers with Radar,0,1,11,0,12,0,0,4,0,4,0,1,15,0,16,18,0,18,34
09/07/2020,ARR,IL,AGL,CE,Towers with Radar,0,1,21,0,22,0,0,101,0,101,0,1,122,0,123,122,0,122,245
09/08/2020,ARR,IL,AGL,CE,Towers with Radar,0,3,26,0,29,0,0,0,0,0,0,3,26,0,29,8,0,8,37
09/09/2020,ARR,IL,AGL,CE,Towers with Radar,0,8,35,0,43,0,0,0,0,0,0,8,35,0,43,0,0,0,43
09/10/2020,ARR,IL,AGL,CE,Towers with Radar,0,2,40,8,50,0,0,12,0,12,0,2,52,8,62,46,0,46,108
09/11/2020,ARR,IL,AGL,CE,Towers with Radar,0,3,63,0,66,0,0,1,0,1,0,3,64,0,67,2,0,2,69
09/12/2020,ARR,IL,AGL,CE,Towers with Radar,0,0,12,0,12,0,0,0,0,0,0,0,12,0,12,0,0,0,12
09/13/2020,ARR,IL,AGL,CE,Towers with Radar,0,5,20,0,25,0,0,131,0,131,0,5,151,0,156,160,0,160,316
09/14/2020,ARR,IL,AGL,CE,Towers with Radar,0,3,22,2,27,0,0,78,0,78,0,3,100,2,105,154,0,154,259
09/15/2020,ARR,IL,AGL,CE,Towers with Radar,0,4,16,0,20,0,0,144,0,144,0,4,160,0,164,215,0,215,379
09/16/2020,ARR,IL,AGL,CE,Towers with Radar,0,4,13,0,17,0,0,105,0,105,0,4,118,0,122,252,0,252,374
09/17/2020,ARR,IL,AGL,CE,Towers with Radar,0,6,23,0,29,0,0,103,0,103,0,6,126,0,132,179,0,179,311
09/18/2020,ARR,IL,AGL,CE,Towers with Radar,0,0,15,0,15,0,0,91,0,91,0,0,106,0,106,196,0,196,302
09/19/2020,ARR,IL,AGL,CE,Towers with Radar,0,1,22,0,23,0,0,126,0,126,0,1,148,0,149,271,0,271,420
09/20/2020,ARR,IL,AGL,CE,Towers with Radar,0,2,16,0,18,0,0,113,0,113,0,2,129,0,131,76,0,76,207
09/21/2020,ARR,IL,AGL,CE,Towers with Radar,0,3,15,0,18,0,0,58,0,58,0,3,73,0,76,174,0,174,250
09/22/2020,ARR,IL,AGL,CE,Towers with Radar,0,3,22,0,25,0,0,79,0,79,0,3,101,0,104,220,0,220,324
09/23/2020,ARR,IL,AGL,CE,Towers with Radar,0,1,26,0,27,0,0,97,0,97,0,1,123,0,124,225,0,225,349
09/24/2020,ARR,IL,AGL,CE,Towers with Radar,0,2,17,0,19,0,2,120,0,122,0,4,137,0,141,218,0,218,359
09/25/2020,ARR,IL,AGL,CE,Towers with Radar,0,4,14,0,18,0,2,106,0,108,0,6,120,0,126,177,0,177,303
09/26/2020,ARR,IL,AGL,CE,Towers with Radar,0,6,22,0,28,0,0,30,0,30,0,6,52,0,58,30,0,30,88
09/27/2020,ARR,IL,AGL,CE,Towers with Radar,0,6,16,0,22,0,0,91,0,91,0,6,107,0,113,120,0,120,233
09/28/2020,ARR,IL,AGL,CE,Towers with Radar,0,0,16,0,16,0,0,13,0,13,0,0,29,0,29,38,0,38,67
09/29/2020,ARR,IL,AGL,CE,Towers with Radar,0,0,24,2,26,0,0,45,0,45,0,0,69,2,71,172,0,172,243
09/30/2020,ARR,IL,AGL,CE,Towers with Radar,0,0,17,0,17,0,0,22,0,22,0,0,39,0,39,44,0,44,83
10/01/2020,ARR,IL,AGL,CE,Towers with Radar,0,1,21,0,22,0,0,53,0,53,0,1,74,0,75,146,0,146,221
10/02/2020,ARR,IL,AGL,CE,Towers with Radar,0,0,24,0,24,0,0,131,0,131,0,0,155,0,155,166,0,166,321
10/03/2020,ARR,IL,AGL,CE,Towers with Radar,0,3,12,1,16,0,0,72,1,73,0,3,84,2,89,192,0,192,281
10/04/2020,ARR,IL,AGL,CE,Towers with Radar,0,3,20,0,23,0,0,43,0,43,0,3,63,0,66,114,0,114,180
10/05/2020,ARR,IL,AGL,CE,Towers with Radar,0,2,14,0,16,0,0,73,0,73,0,2,87,0,89,113,0,113,202
10/06/2020,ARR,IL,AGL,CE,Towers with Radar,0,5,13,0,18,0,0,95,0,95,0,5,108,0,113,214,0,214,327
10/07/2020,ARR,IL,AGL,CE,Towers with Radar,0,3,23,0,26,0,0,104,0,104,0,3,127,0,130,152,0,152,282
10/08/2020,ARR,IL,AGL,CE,Towers with Radar,0,3,28,0,31,0,5,140,0,145,0,8,168,0,176,173,0,173,349
10/09/2020,ARR,IL,AGL,CE,Towers with Radar,0,3,16,1,20,0,0,39,0,39,0,3,55,1,59,50,0,50,109
10/10/2020,ARR,IL,AGL,CE,Towers with Radar,0,1,20,0,21,0,0,113,0,113,0,1,133,0,134,193,0,193,327
10/11/2020,ARR,IL,AGL,CE,Towers with Radar,0,0,32,0,32,0,2,75,2,79,0,2,107,2,111,102,0,102,213
10/12/2020,ARR,IL,AGL,CE,Towers with Radar,0,2,20,0,22,0,0,3,0,3,0,2,23,0,25,6,0,6,31
10/13/2020,ARR,IL,AGL,CE,Towers with Radar,0,3,14,0,17,0,2,74,0,76,0,5,88,0,93,153,0,153,246
10/14/2020,ARR,IL,AGL,CE,Towers with Radar,0,9,9,0,18,0,0,38,0,38,0,9,47,0,56,62,0,62,118
10/15/2020,ARR,IL,AGL,CE,Towers with Radar,0,1,18,0,19,0,0,72,0,72,0,1,90,0,91,184,0,184,275
10/16/2020,ARR,IL,AGL,CE,Towers with Radar,0,3,19,0,22,0,0,87,0,87,0,3,106,0,109,176,0,176,285
10/17/2020,ARR,IL,AGL,CE,Towers with Radar,0,1,10,0,11,0,0,9,0,9,0,1,19,0,20,72,0,72,92
10/18/2020,ARR,IL,AGL,CE,Towers with Radar,0,2,12,0,14,0,0,11,0,11,0,2,23,0,25,76,0,76,101
10/19/2020,ARR,IL,AGL,CE,Towers with Radar,0,0,19,0,19,0,0,59,0,59,0,0,78,0,78,158,0,158,236
10/20/2020,ARR,IL,AGL,CE,Towers with Radar,0,3,37,0,40,0,0,47,0,47,0,3,84,0,87,113,0,113,200
10/21/2020,ARR,IL,AGL,CE,Towers with Radar,0,3,37,0,40,0,0,70,0,70,0,3,107,0,110,139,0,139,249
10/22/2020,ARR,IL,AGL,CE,Towers with Radar,0,0,28,0,28,0,0,27,0,27,0,0,55,0,55,52,0,52,107
10/23/2020,ARR,IL,AGL,CE,Towers with Radar,0,1,15,0,16,0,0,3,0,3,0,1,18,0,19,6,0,6,25
10/24/2020,ARR,IL,AGL,CE,Towers with Radar,0,3,23,0,26,0,2,169,0,171,0,5,192,0,197,210,0,210,407
10/25/2020,ARR,IL,AGL,CE,Towers with Radar,0,4,13,0,17,0,0,66,0,66,0,4,79,0,83,179,0,179,262
10/26/2020,ARR,IL,AGL,CE,Towers with Radar,0,1,6,0,7,0,0,18,0,18,0,1,24,0,25,76,0,76,101
10/27/2020,ARR,IL,AGL,CE,Towers with Radar,0,3,16,0,19,0,0,51,0,51,0,3,67,0,70,232,0,232,302
10/28/2020,ARR,IL,AGL,CE,Towers with Radar,0,1,13,0,14,0,0,143,0,143,0,1,156,0,157,184,0,184,341
10/29/2020,ARR,IL,AGL,CE,Towers with Radar,0,3,19,0,22,0,0,32,0,32,0,3,51,0,54,77,0,77,131
10/30/2020,ARR,IL,AGL,CE,Towers with Radar,0,5,17,0,22,0,0,133,0,133,0,5,150,0,155,176,0,176,331
10/31/2020,ARR,IL,AGL,CE,Towers with Radar,0,1,10,0,11,0,0,50,0,50,0,1,60,0,61,34,0,34,95
11/01/2020,ARR,IL,AGL,CE,Towers with Radar,0,1,9,0,10,0,0,1,0,1,0,1,10,0,11,0,0,0,11
11/02/2020,ARR,IL,AGL,CE,Towers with Radar,0,2,20,0,22,0,0,73,0,73,0,2,93,0,95,78,0,78,173
11/03/2020,ARR,IL,AGL,CE,Towers with Radar,0,2,11,0,13,0,0,98,0,98,0,2,109,0,111,221,0,221,332
11/04/2020,ARR,IL,AGL,CE,Towers with Radar,0,1,15,0,16,0,1,89,0,90,0,2,104,0,106,92,0,92,198
11/05/2020,ARR,IL,AGL,CE,Towers with Radar,0,4,10,0,14,0,0,147,0,147,0,4,157,0,161,378,0,378,539
11/06/2020,ARR,IL,AGL,CE,Towers with Radar,0,4,12,0,16,0,0,122,0,122,0,4,134,0,138,208,0,208,346
11/07/2020,ARR,IL,AGL,CE,Towers with Radar,0,5,15,0,20,0,0,118,0,118,0,5,133,0,138,114,0,114,252
11/08/2020,ARR,IL,AGL,CE,Towers with Radar,0,3,12,1,16,0,0,87,0,87,0,3,99,1,103,84,0,84,187
11/09/2020,ARR,IL,AGL,CE,Towers with Radar,0,4,14,0,18,0,0,36,0,36,0,4,50,0,54,77,0,77,131
11/10/2020,ARR,IL,AGL,CE,Towers with Radar,0,0,7,0,7,0,0,6,0,6,0,0,13,0,13,0,0,0,13
11/11/2020,ARR,IL,AGL,CE,Towers with Radar,0,3,13,0,16,0,0,76,0,76,0,3,89,0,92,320,0,320,412
11/12/2020,ARR,IL,AGL,CE,Towers with Radar,0,1,19,0,20,0,0,102,0,102,0,1,121,0,122,201,0,201,323
11/13/2020,ARR,IL,AGL,CE,Towers with Radar,0,4,24,0,28,0,0,98,0,98,0,4,122,0,126,241,0,241,367
11/14/2020,ARR,IL,AGL,CE,Towers with Radar,0,0,13,0,13,0,0,51,0,51,0,0,64,0,64,88,0,88,152
11/15/2020,ARR,IL,AGL,CE,Towers with Radar,0,5,6,0,11,0,0,2,0,2,0,5,8,0,13,0,0,0,13
11/16/2020,ARR,IL,AGL,CE,Towers with Radar,0,0,11,0,11,0,2,70,0,72,0,2,81,0,83,154,0,154,237
11/17/2020,ARR,IL,AGL,CE,Towers with Radar,0,0,11,0,11,0,0,93,0,93,0,0,104,0,104,167,0,167,271
11/18/2020,ARR,IL,AGL,CE,Towers with Radar,0,0,16,1,17,0,0,62,0,62,0,0,78,1,79,95,0,95,174
11/19/2020,ARR,IL,AGL,CE,Towers with Radar,0,2,7,0,9,0,0,21,0,21,0,2,28,0,30,6,0,6,36
11/20/2020,ARR,IL,AGL,CE,Towers with Radar,0,5,19,0,24,0,0,157,0,157,0,5,176,0,181,180,0,180,361
11/21/2020,ARR,IL,AGL,CE,Towers with Radar,0,2,10,0,12,0,0,122,0,122,0,2,132,0,134,186,0,186,320
11/22/2020,ARR,IL,AGL,CE,Towers with Radar,0,4,29,0,33,0,0,54,0,54,0,4,83,0,87,140,0,140,227
11/23/2020,ARR,IL,AGL,CE,Towers with Radar,0,3,21,0,24,0,0,108,0,108,0,3,129,0,132,123,0,123,255
11/24/2020,ARR,IL,AGL,CE,Towers with Radar,0,1,8,0,9,0,0,0,0,0,0,1,8,0,9,0,0,0,9
11/25/2020,ARR,IL,AGL,CE,Towers with Radar,0,3,13,0,16,0,0,0,0,0,0,3,13,0,16,0,0,0,16
11/26/2020,ARR,IL,AGL,CE,Towers with Radar,0,2,5,0,7,0,0,3,0,3,0,2,8,0,10,0,0,0,10
11/27/2020,ARR,IL,AGL,CE,Towers with Radar,0,1,9,0,10,0,0,47,0,47,0,1,56,0,57,58,0,58,115
11/28/2020,ARR,IL,AGL,CE,Towers with Radar,0,0,19,0,19,0,0,156,0,156,0,0,175,0,175,172,0,172,347
11/29/2020,ARR,IL,AGL,CE,Towers with Radar,0,5,12,0,17,0,0,101,0,101,0,5,113,0,118,176,0,176,294
11/30/2020,ARR,IL,AGL,CE,Towers with Radar,0,1,8,0,9,0,0,13,0,13,0,1,21,0,22,26,0,26,48
12/01/2020,ARR,IL,AGL,CE,Towers with Radar,0,1,19,1,21,0,0,63,0,63,0,1,82,1,84,194,0,194,278
12/02/2020,ARR,IL,AGL,CE,Towers with Radar,0,2,27,1,30,0,0,115,0,115,0,2,142,1,145,191,0,191,336
12/03/2020,ARR,IL,AGL,CE,Towers with Radar,0,2,11,0,13,0,0,88,0,88,0,2,99,0,101,140,0,140,241
12/04/2020,ARR,IL,AGL,CE,Towers with Radar,0,1,15,0,16,0,0,104,0,104,0,1,119,0,120,195,0,195,315
12/05/2020,ARR,IL,AGL,CE,Towers with Radar,0,2,10,0,12,0,0,110,0,110,0,2,120,0,122,252,0,252,374
12/06/2020,ARR,IL,AGL,CE,Towers with Radar,0,2,8,0,10,0,0,46,0,46,0,2,54,0,56,162,0,162,218
12/07/2020,ARR,IL,AGL,CE,Towers with Radar,0,0,13,0,13,0,0,58,0,58,0,0,71,0,71,158,0,158,229
12/08/2020,ARR,IL,AGL,CE,Towers with Radar,0,3,6,0,9,0,0,10,0,10,0,3,16,0,19,52,0,52,71
12/09/2020,ARR,IL,AGL,CE,Towers with Radar,0,4,19,0,23,0,0,155,0,155,0,4,174,0,178,184,0,184,362
12/10/2020,ARR,IL,AGL,CE,Towers with Radar,1,5,34,0,40,0,0,137,0,137,1,5,171,0,177,181,0,181,358
12/11/2020,ARR,IL,AGL,CE,Towers with Radar,0,1,14,0,15,0,0,3,0,3,0,1,17,0,18,40,0,40,58
12/12/2020,ARR,IL,AGL,CE,Towers with Radar,0,2,3,0,5,0,0,2,0,2,0,2,5,0,7,0,0,0,7
12/13/2020,ARR,IL,AGL,CE,Towers with Radar,0,0,13,0,13,0,0,84,0,84,0,0,97,0,97,246,0,246,343
12/14/2020,ARR,IL,AGL,CE,Towers with Radar,0,2,9,0,11,0,0,101,0,101,0,2,110,0,112,143,0,143,255
12/15/2020,ARR,IL,AGL,CE,Towers with Radar,0,3,12,0,15,0,0,99,0,99,0,3,111,0,114,95,0,95,209
12/16/2020,ARR,IL,AGL,CE,Towers with Radar,0,2,7,0,9,0,0,22,0,22,0,2,29,0,31,146,0,146,177
12/17/2020,ARR,IL,AGL,CE,Towers with Radar,0,2,11,0,13,0,0,77,0,77,0,2,88,0,90,195,0,195,285
12/18/2020,ARR,IL,AGL,CE,Towers with Radar,0,4,10,0,14,0,0,87,0,87,0,4,97,0,101,92,0,92,193
12/19/2020,ARR,IL,AGL,CE,Towers with Radar,0,4,2,0,6,0,0,21,0,21,0,4,23,0,27,106,0,106,133
12/20/2020,ARR,IL,AGL,CE,Towers with Radar,0,2,29,0,31,0,0,79,0,79,0,2,108,0,110,164,0,164,274
12/21/2020,ARR,IL,AGL,CE,Towers with Radar,0,5,16,0,21,0,0,42,0,42,0,5,58,0,63,112,0,112,175
12/22/2020,ARR,IL,AGL,CE,Towers with Radar,0,1,22,0,23,0,0,120,0,120,0,1,142,0,143,243,0,243,386
12/23/2020,ARR,IL,AGL,CE,Towers with Radar,0,7,8,0,15,0,0,3,0,3,0,7,11,0,18,0,0,0,18
12/24/2020,ARR,IL,AGL,CE,Towers with Radar,0,0,6,0,6,0,0,1,0,1,0,0,7,0,7,0,0,0,7
12/25/2020,ARR,IL,AGL,CE,Towers with Radar,0,3,6,0,9,0,0,5,0,5,0,3,11,0,14,0,0,0,14
12/26/2020,ARR,IL,AGL,CE,Towers with Radar,0,6,28,0,34,0,0,133,0,133,0,6,161,0,167,114,0,114,281
12/27/2020,ARR,IL,AGL,CE,Towers with Radar,0,7,20,0,27,0,0,65,0,65,0,7,85,0,92,88,0,88,180
12/28/2020,ARR,IL,AGL,CE,Towers with Radar,0,2,20,0,22,0,0,71,0,71,0,2,91,0,93,185,0,185,278
12/29/2020,ARR,IL,AGL,CE,Towers with Radar,0,4,14,0,18,0,0,43,0,43,0,4,57,0,61,124,0,124,185
12/30/2020,ARR,IL,AGL,CE,Towers with Radar,0,3,6,0,9,0,0,4,0,4,0,3,10,0,13,0,0,0,13
12/31/2020,ARR,IL,AGL,CE,Towers with Radar,0,0,5,0,5,0,0,23,0,23,0,0,28,0,28,74,0,74,102
01/01/2021,ARR,IL,AGL,CE,Towers with Radar,0,0,1,0,1,0,0,0,0,0,0,0,1,0,1,0,0,0,1
01/02/2021,ARR,IL,AGL,CE,Towers with Radar,0,3,5,0,8,0,0,0,0,0,0,3,5,0,8,0,0,0,8
01/03/2021,ARR,IL,AGL,CE,Towers with Radar,0,4,22,0,26,0,0,0,0,0,0,4,22,0,26,0,0,0,26
01/04/2021,ARR,IL,AGL,CE,Towers with Radar,0,8,6,0,14,0,0,0,0,0,0,8,6,0,14,0,0,0,14
01/05/2021,ARR,IL,AGL,CE,Towers with Radar,0,0,5,0,5,0,0,0,0,0,0,0,5,0,5,0,0,0,5
01/06/2021,ARR,IL,AGL,CE,Towers with Radar,0,1,17,0,18,0,0,5,0,5,0,1,22,0,23,18,0,18,41
01/07/2021,ARR,IL,AGL,CE,Towers with Radar,0,6,21,0,27,0,0,41,0,41,0,6,62,0,68,168,0,168,236
01/08/2021,ARR,IL,AGL,CE,Towers with Radar,0,2,7,0,9,0,0,14,0,14,0,2,21,0,23,98,0,98,121
01/09/2021,ARR,IL,AGL,CE,Towers with Radar,0,0,20,0,20,0,0,95,0,95,0,0,115,0,115,252,0,252,367
01/10/2021,ARR,IL,AGL,CE,Towers with Radar,0,2,21,0,23,0,0,31,0,31,0,2,52,0,54,256,0,256,310
01/11/2021,ARR,IL,AGL,CE,Towers with Radar,0,0,17,0,17,0,0,6,0,6,0,0,23,0,23,0,0,0,23
01/12/2021,ARR,IL,AGL,CE,Towers with Radar,0,0,31,0,31,0,0,98,0,98,0,0,129,0,129,140,0,140,269
01/13/2021,ARR,IL,AGL,CE,Towers with Radar,0,0,16,0,16,0,2,103,0,105,0,2,119,0,121,282,0,282,403
01/14/2021,ARR,IL,AGL,CE,Towers with Radar,0,1,11,2,14,0,0,21,0,21,0,1,32,2,35,146,0,146,181
01/15/2021,ARR,IL,AGL,CE,Towers with Radar,0,0,11,0,11,0,0,4,0,4,0,0,15,0,15,18,0,18,33
01/16/2021,ARR,IL,AGL,CE,Towers with Radar,0,0,5,0,5,0,0,2,0,2,0,0,7,0,7,20,0,20,27
01/17/2021,ARR,IL,AGL,CE,Towers with Radar,0,1,7,0,8,0,0,0,0,0,0,1,7,0,8,0,0,0,8
01/18/2021,ARR,IL,AGL,CE,Towers with Radar,0,1,13,0,14,0,0,28,0,28,0,1,41,0,42,270,0,270,312
01/19/2021,ARR,IL,AGL,CE,Towers with Radar,0,0,9,0,9,0,0,22,0,22,0,0,31,0,31,72,0,72,103
01/20/2021,ARR,IL,AGL,CE,Towers with Radar,0,0,9,0,9,0,0,76,1,77,0,0,85,1,86,142,0,142,228
01/21/2021,ARR,IL,AGL,CE,Towers with Radar,0,1,20,1,22,0,2,91,0,93,0,3,111,1,115,194,0,194,309
01/22/2021,ARR,IL,AGL,CE,Towers with Radar,0,3,19,0,22,0,0,114,0,114,0,3,133,0,136,253,0,253,389
01/23/2021,ARR,IL,AGL,CE,Towers with Radar,0,4,21,0,25,0,0,108,0,108,0,4,129,0,133,176,0,176,309
01/24/2021,ARR,IL,AGL,CE,Towers with Radar,0,0,11,0,11,0,0,14,0,14,0,0,25,0,25,60,0,60,85
01/25/2021,ARR,IL,AGL,CE,Towers with Radar,0,1,2,0,3,0,0,4,0,4,0,1,6,0,7,0,0,0,7
01/26/2021,ARR,IL,AGL,CE,Towers with Radar,0,0,9,0,9,0,0,0,0,0,0,0,9,0,9,0,0,0,9
01/27/2021,ARR,IL,AGL,CE,Towers with Radar,0,0,14,0,14,0,0,58,0,58,0,0,72,0,72,97,0,97,169
01/28/2021,ARR,IL,AGL,CE,Towers with Radar,0,4,20,0,24,0,6,86,0,92,0,10,106,0,116,158,0,158,274
01/29/2021,ARR,IL,AGL,CE,Towers with Radar,0,0,14,0,14,0,2,95,0,97,0,2,109,0,111,150,0,150,261
01/30/2021,ARR,IL,AGL,CE,Towers with Radar,0,0,7,0,7,0,0,34,0,34,0,0,41,0,41,14,0,14,55
01/31/2021,ARR,IL,AGL,CE,Towers with Radar,0,0,3,0,3,0,0,0,0,0,0,0,3,0,3,0,0,0,3
02/01/2021,ARR,IL,AGL,CE,Towers with Radar,0,2,26,0,28,0,0,56,0,56,0,2,82,0,84,93,0,93,177
02/02/2021,ARR,IL,AGL,CE,Towers with Radar,0,2,18,0,20,0,0,97,0,97,0,2,115,0,117,171,0,171,288
02/03/2021,ARR,IL,AGL,CE,Towers with Radar,0,4,20,0,24,0,0,94,0,94,0,4,114,0,118,319,0,319,437
02/04/2021,ARR,IL,AGL,CE,Towers with Radar,0,5,6,0,11,0,0,1,0,1,0,5,7,0,12,0,0,0,12
02/05/2021,ARR,IL,AGL,CE,Towers with Radar,0,0,10,0,10,0,0,12,0,12,0,0,22,0,22,8,0,8,30
02/06/2021,ARR,IL,AGL,CE,Towers with Radar,0,2,11,0,13,0,0,21,0,21,0,2,32,0,34,6,0,6,40
02/07/2021,ARR,IL,AGL,CE,Towers with Radar,0,0,2,0,2,0,0,4,0,4,0,0,6,0,6,2,0,2,8
02/08/2021,ARR,IL,AGL,CE,Towers with Radar,0,3,9,0,12,0,0,2,0,2,0,3,11,0,14,0,0,0,14
02/09/2021,ARR,IL,AGL,CE,Towers with Radar,0,0,11,0,11,0,0,51,0,51,0,0,62,0,62,24,2,26,88
02/10/2021,ARR,IL,AGL,CE,Towers with Radar,0,0,14,0,14,0,0,14,0,14,0,0,28,0,28,26,0,26,54
02/11/2021,ARR,IL,AGL,CE,Towers with Radar,0,0,19,0,19,0,0,17,0,17,0,0,36,0,36,48,0,48,84
02/12/2021,ARR,IL,AGL,CE,Towers with Radar,0,4,16,0,20,0,0,59,0,59,0,4,75,0,79,98,0,98,177
02/13/2021,ARR,IL,AGL,CE,Towers with Radar,0,0,4,0,4,0,0,0,0,0,0,0,4,0,4,0,0,0,4
02/14/2021,ARR,IL,AGL,CE,Towers with Radar,0,2,5,0,7,0,0,7,0,7,0,2,12,0,14,4,0,4,18
02/15/2021,ARR,IL,AGL,CE,Towers with Radar,0,0,3,0,3,0,0,7,0,7,0,0,10,0,10,0,0,0,10
02/16/2021,ARR,IL,AGL,CE,Towers with Radar,0,1,10,0,11,0,0,29,0,29,0,1,39,0,40,29,0,29,69
02/17/2021,ARR,IL,AGL,CE,Towers with Radar,0,1,12,0,13,0,0,41,0,41,0,1,53,0,54,52,0,52,106
02/18/2021,ARR,IL,AGL,CE,Towers with Radar,0,3,6,0,9,0,0,19,0,19,0,3,25,0,28,65,0,65,93
02/19/2021,ARR,IL,AGL,CE,Towers with Radar,0,2,22,0,24,0,0,41,0,41,0,2,63,0,65,184,0,184,249
02/20/2021,ARR,IL,AGL,CE,Towers with Radar,0,3,19,0,22,0,0,94,0,94,0,3,113,0,116,182,0,182,298
02/21/2021,ARR,IL,AGL,CE,Towers with Radar,0,6,13,0,19,0,0,23,0,23,0,6,36,0,42,76,0,76,118
02/22/2021,ARR,IL,AGL,CE,Towers with Radar,0,2,12,0,14,0,0,8,0,8,0,2,20,0,22,20,0,20,42
02/23/2021,ARR,IL,AGL,CE,Towers with Radar,0,1,14,0,15,0,1,81,0,82,0,2,95,0,97,192,0,192,289
02/24/2021,ARR,IL,AGL,CE,Towers with Radar,0,4,20,0,24,0,1,69,0,70,0,5,89,0,94,170,0,170,264
02/25/2021,ARR,IL,AGL,CE,Towers with Radar,0,3,16,0,19,0,2,91,0,93,0,5,107,0,112,261,0,261,373
02/26/2021,ARR,IL,AGL,CE,Towers with Radar,1,4,17,0,22,0,2,82,0,84,1,6,99,0,106,232,0,232,338
02/27/2021,ARR,IL,AGL,CE,Towers with Radar,0,2,31,0,33,0,0,109,0,109,0,2,140,0,142,192,0,192,334
02/28/2021,ARR,IL,AGL,CE,Towers with Radar,0,3,12,0,15,0,0,1,0,1,0,3,13,0,16,16,0,16,32
03/01/2021,ARR,IL,AGL,CE,Towers with Radar,0,3,17,0,20,0,2,62,0,64,0,5,79,0,84,126,0,126,210
03/02/2021,ARR,IL,AGL,CE,Towers with Radar,0,3,20,0,23,0,0,68,0,68,0,3,88,0,91,67,0,67,158
03/03/2021,ARR,IL,AGL,CE,Towers with Radar,0,12,18,1,31,0,6,101,0,107,0,18,119,1,138,188,0,188,326
03/04/2021,ARR,IL,AGL,CE,Towers with Radar,0,2,18,0,20,0,4,87,0,91,0,6,105,0,111,140,0,140,251
03/05/2021,ARR,IL,AGL,CE,Towers with Radar,0,4,24,0,28,0,11,119,0,130,0,15,143,0,158,196,0,196,354
03/06/2021,ARR,IL,AGL,CE,Towers with Radar,0,2,15,0,17,0,2,150,0,152,0,4,165,0,169,234,0,234,403
03/07/2021,ARR,IL,AGL,CE,Towers with Radar,0,3,17,0,20,0,0,97,0,97,0,3,114,0,117,110,0,110,227
03/08/2021,ARR,IL,AGL,CE,Towers with Radar,0,4,16,0,20,0,0,67,0,67,0,4,83,0,87,73,0,73,160
03/09/2021,ARR,IL,AGL,CE,Towers with Radar,0,2,16,1,19,0,0,76,1,77,0,2,92,2,96,116,0,116,212
03/10/2021,ARR,IL,AGL,CE,Towers with Radar,0,3,10,0,13,0,0,18,0,18,0,3,28,0,31,6,0,6,37
03/11/2021,ARR,IL,AGL,CE,Towers with Radar,0,5,23,0,28,0,2,26,0,28,0,7,49,0,56,126,0,126,182
03/12/2021,ARR,IL,AGL,CE,Towers with Radar,0,0,18,0,18,0,0,114,0,114,0,0,132,0,132,204,0,204,336
03/13/2021,ARR,IL,AGL,CE,Towers with Radar,0,0,9,0,9,0,0,152,0,152,0,0,161,0,161,246,0,246,407
03/14/2021,ARR,IL,AGL,CE,Towers with Radar,0,2,20,0,22,0,0,50,0,50,0,2,70,0,72,72,0,72,144
03/15/2021,ARR,IL,AGL,CE,Towers with Radar,0,4,8,0,12,0,0,2,0,2,0,4,10,0,14,18,0,18,32
03/16/2021,ARR,IL,AGL,CE,Towers with Radar,0,2,21,0,23,0,0,1,0,1,0,2,22,0,24,62,0,62,86
03/17/2021,ARR,IL,AGL,CE,Towers with Radar,0,4,27,0,31,0,0,0,0,0,0,4,27,0,31,0,0,0,31
03/18/2021,ARR,IL,AGL,CE,Towers with Radar,0,0,2,0,2,0,0,2,0,2,0,0,4,0,4,0,2,2,6
03/19/2021,ARR,IL,AGL,CE,Towers with Radar,0,4,24,0,28,0,0,166,0,166,0,4,190,0,194,196,0,196,390
03/20/2021,ARR,IL,AGL,CE,Towers with Radar,0,4,23,0,27,0,0,109,0,109,0,4,132,0,136,294,0,294,430
03/21/2021,ARR,IL,AGL,CE,Towers with Radar,0,2,21,0,23,0,0,124,0,124,0,2,145,0,147,181,0,181,328
03/22/2021,ARR,IL,AGL,CE,Towers with Radar,0,0,10,0,10,0,0,76,0,76,0,0,86,0,86,120,0,120,206
03/23/2021,ARR,IL,AGL,CE,Towers with Radar,0,3,8,0,11,0,0,28,0,28,0,3,36,0,39,80,0,80,119
03/24/2021,ARR,IL,AGL,CE,Towers with Radar,0,5,23,0,28,0,0,12,0,12,0,5,35,0,40,37,0,37,77
03/25/2021,ARR,IL,AGL,CE,Towers with Radar,0,5,34,0,39,0,0,14,0,14,0,5,48,0,53,80,0,80,133
03/26/2021,ARR,IL,AGL,CE,Towers with Radar,0,1,19,0,20,0,0,19,0,19,0,1,38,0,39,246,0,246,285
03/27/2021,ARR,IL,AGL,CE,Towers with Radar,0,7,14,0,21,0,0,28,0,28,0,7,42,0,49,112,0,112,161
03/28/2021,ARR,IL,AGL,CE,Towers with Radar,0,4,7,0,11,0,0,14,0,14,0,4,21,0,25,6,0,6,31
03/29/2021,ARR,IL,AGL,CE,Towers with Radar,0,1,10,0,11,0,0,51,0,51,0,1,61,0,62,32,0,32,94
03/30/2021,ARR,IL,AGL,CE,Towers with Radar,0,1,14,0,15,0,0,36,1,37,0,1,50,1,52,21,0,21,73
03/31/2021,ARR,IL,AGL,CE,Towers with Radar,0,2,19,0,21,0,0,47,0,47,0,2,66,0,68,40,0,40,108
04/01/2021,ARR,IL,AGL,CE,Towers with Radar,0,6,17,0,23,0,0,92,0,92,0,6,109,0,115,178,0,178,293
04/02/2021,ARR,IL,AGL,CE,Towers with Radar,0,1,15,0,16,0,0,137,0,137,0,1,152,0,153,218,0,218,371
04/03/2021,ARR,IL,AGL,CE,Towers with Radar,0,1,17,0,18,0,0,61,0,61,0,1,78,0,79,16,0,16,95
04/04/2021,ARR,IL,AGL,CE,Towers with Radar,0,3,23,0,26,0,2,106,0,108,0,5,129,0,134,124,0,124,258
04/05/2021,ARR,IL,AGL,CE,Towers with Radar,0,7,26,0,33,0,0,71,0,71,0,7,97,0,104,84,0,84,188
04/06/2021,ARR,IL,AGL,CE,Towers with Radar,0,3,12,0,15,0,0,81,0,81,0,3,93,0,96,111,0,111,207
04/07/2021,ARR,IL,AGL,CE,Towers with Radar,0,2,15,0,17,0,0,75,2,77,0,2,90,2,94,132,0,132,226
04/08/2021,ARR,IL,AGL,CE,Towers with Radar,0,1,28,1,30,0,0,8,0,8,0,1,36,1,38,46,0,46,84
04/09/2021,ARR,IL,AGL,CE,Towers with Radar,0,1,27,0,28,0,0,27,0,27,0,1,54,0,55,80,0,80,135
04/10/2021,ARR,IL,AGL,CE,Towers with Radar,0,3,17,0,20,0,0,6,0,6,0,3,23,0,26,10,0,10,36
04/11/2021,ARR,IL,AGL,CE,Towers with Radar,0,4,27,0,31,0,0,11,0,11,0,4,38,0,42,114,0,114,156
04/12/2021,ARR,IL,AGL,CE,Towers with Radar,0,1,21,0,22,0,0,77,0,77,0,1,98,0,99,156,0,156,255
04/13/2021,ARR,IL,AGL,CE,Towers with Radar,0,1,14,0,15,0,0,69,1,70,0,1,83,1,85,163,0,163,248
04/14/2021,ARR,IL,AGL,CE,Towers with Radar,0,5,20,0,25,0,0,90,0,90,0,5,110,0,115,156,0,156,271
04/15/2021,ARR,IL,AGL,CE,Towers with Radar,0,1,24,0,25,0,0,96,2,98,0,1,120,2,123,161,0,161,284
04/16/2021,ARR,IL,AGL,CE,Towers with Radar,0,3,15,0,18,0,0,138,0,138,0,3,153,0,156,241,0,241,397
04/17/2021,ARR,IL,AGL,CE,Towers with Radar,0,3,20,0,23,0,0,105,0,105,0,3,125,0,128,84,0,84,212
04/18/2021,ARR,IL,AGL,CE,Towers with Radar,0,5,24,0,29,0,0,78,0,78,0,5,102,0,107,176,0,176,283
04/19/2021,ARR,IL,AGL,CE,Towers with Radar,0,4,26,0,30,0,0,14,0,14,0,4,40,0,44,88,0,88,132
04/20/2021,ARR,IL,AGL,CE,Towers with Radar,0,2,8,0,10,0,0,9,0,9,0,2,17,0,19,16,0,16,35
04/21/2021,ARR,IL,AGL,CE,Towers with Radar,0,1,18,0,19,0,0,52,0,52,0,1,70,0,71,178,0,178,249
04/22/2021,ARR,IL,AGL,CE,Towers with Radar,0,3,17,0,20,0,0,108,0,108,0,3,125,0,128,204,0,204,332
04/23/2021,ARR,IL,AGL,CE,Towers with Radar,0,5,27,0,32,0,0,93,0,93,0,5,120,0,125,168,0,168,293
04/24/2021,ARR,IL,AGL,CE,Towers with Radar,0,0,8,0,8,0,0,65,0,65,0,0,73,0,73,182,0,182,255
04/25/2021,ARR,IL,AGL,CE,Towers with Radar,0,1,15,0,16,0,1,107,0,108,0,2,122,0,124,142,0,142,266
04/26/2021,ARR,IL,AGL,CE,Towers with Radar,0,3,17,0,20,0,0,33,0,33,0,3,50,0,53,46,0,46,99
04/27/2021,ARR,IL,AGL,CE,Towers with Radar,0,3,16,0,19,0,0,62,0,62,0,3,78,0,81,79,0,79,160
04/28/2021,ARR,IL,AGL,CE,Towers with Radar,0,3,33,0,36,0,0,24,0,24,0,3,57,0,60,157,0,157,217
04/29/2021,ARR,IL,AGL,CE,Towers with Radar,0,8,33,0,41,0,0,46,0,46,0,8,79,0,87,69,0,69,156
04/30/2021,ARR,IL,AGL,CE,Towers with Radar,0,1,19,0,20,0,1,134,0,135,0,2,153,0,155,117,0,117,272
05/01/2021,ARR,IL,AGL,CE,Towers with Radar,0,3,6,0,9,0,0,12,0,12,0,3,18,0,21,26,0,26,47
05/02/2021,ARR,IL,AGL,CE,Towers with Radar,0,5,17,0,22,0,0,32,0,32,0,5,49,0,54,28,0,28,82
05/03/2021,ARR,IL,AGL,CE,Towers with Radar,0,1,30,0,31,0,0,17,0,17,0,1,47,0,48,116,0,116,164
05/04/2021,ARR,IL,AGL,CE,Towers with Radar,0,5,41,0,46,0,0,35,0,35,0,5,76,0,81,134,0,134,215
05/05/2021,ARR,IL,AGL,CE,Towers with Radar,0,4,32,0,36,0,0,145,0,145,0,4,177,0,181,207,0,207,388
05/06/2021,ARR,IL,AGL,CE,Towers with Radar,0,5,35,0,40,0,0,46,0,46,0,5,81,0,86,158,0,158,244
05/07/2021,ARR,IL,AGL,CE,Towers with Radar,0,1,24,0,25,0,0,104,0,104,0,1,128,0,129,194,0,194,323
05/08/2021,ARR,IL,AGL,CE,Towers with Radar,0,0,23,0,23,0,2,146,0,148,0,2,169,0,171,146,0,146,317
05/09/2021,ARR,IL,AGL,CE,Towers with Radar,0,2,5,0,7,0,0,9,0,9,0,2,14,0,16,0,0,0,16
05/10/2021,ARR,IL,AGL,CE,Towers with Radar,0,2,23,0,25,0,0,82,0,82,0,2,105,0,107,223,0,223,330
05/11/2021,ARR,IL,AGL,CE,Towers with Radar,0,5,23,0,28,0,1,127,0,128,0,6,150,0,156,145,0,145,301
05/12/2021,ARR,IL,AGL,CE,Towers with Radar,0,1,27,0,28,0,0,117,0,117,0,1,144,0,145,232,0,232,377
05/13/2021,ARR,IL,AGL,CE,Towers with Radar,0,6,21,1,28,0,1,126,0,127,0,7,147,1,155,222,0,222,377
05/14/2021,ARR,IL,AGL,CE,Towers with Radar,0,1,16,0,17,0,3,114,0,117,0,4,130,0,134,188,0,188,322
05/15/2021,ARR,IL,AGL,CE,Towers with Radar,0,4,20,0,24,0,0,17,2,19,0,4,37,2,43,78,0,78,121
05/16/2021,ARR,IL,AGL,CE,Towers with Radar,0,5,19,0,24,0,3,96,0,99,0,8,115,0,123,164,0,164,287
05/17/2021,ARR,IL,AGL,CE,Towers with Radar,0,1,19,0,20,0,2,42,1,45,0,3,61,1,65,199,0,199,264
05/18/2021,ARR,IL,AGL,CE,Towers with Radar,0,2,29,0,31,0,0,31,0,31,0,2,60,0,62,104,0,104,166
05/19/2021,ARR,IL,AGL,CE,Towers with Radar,0,3,12,0,15,0,0,35,0,35,0,3,47,0,50,89,0,89,139
05/20/2021,ARR,IL,AGL,CE,Towers with Radar,0,7,28,0,35,0,0,72,0,72,0,7,100,0,107,91,0,91,198
05/21/2021,ARR,IL,AGL,CE,Towers with Radar,0,3,16,0,19,0,1,88,0,89,0,4,104,0,108,122,0,122,230
05/22/2021,ARR,IL,AGL,CE,Towers with Radar,0,9,17,2,28,0,1,123,0,124,0,10,140,2,152,158,0,158,310
05/23/2021,ARR,IL,AGL,CE,Towers with Radar,0,3,17,0,20,0,0,43,0,43,0,3,60,0,63,72,0,72,135
05/24/2021,ARR,IL,AGL,CE,Towers with Radar,0,3,15,0,18,0,1,96,0,97,0,4,111,0,115,116,0,116,231
05/25/2021,ARR,IL,AGL,CE,Towers with Radar,0,5,21,0,26,0,0,27,0,27,0,5,48,0,53,37,0,37,90
05/26/2021,ARR,IL,AGL,CE,Towers with Radar,0,3,26,0,29,0,0,104,0,104,0,3,130,0,133,56,0,56,189
05/27/2021,ARR,IL,AGL,CE,Towers with Radar,0,2,19,0,21,0,0,38,0,38,0,2,57,0,59,91,0,91,150
05/28/2021,ARR,IL,AGL,CE,Towers with Radar,0,1,12,0,13,0,0,1,0,1,0,1,13,0,14,0,0,0,14
05/29/2021,ARR,IL,AGL,CE,Towers with Radar,0,2,24,0,26,0,0,81,0,81,0,2,105,0,107,88,0,88,195
05/30/2021,ARR,IL,AGL,CE,Towers with Radar,0,6,16,0,22,0,0,117,0,117,0,6,133,0,139,146,0,146,285
05/31/2021,ARR,IL,AGL,CE,Towers with Radar,0,5,20,0,25,0,2,97,0,99,0,7,117,0,124,92,0,92,216
06/01/2021,ARR,IL,AGL,CE,Towers with Radar,0,5,18,0,23,0,5,110,0,115,0,10,128,0,138,200,0,200,338
06/02/2021,ARR,IL,AGL,CE,Towers with Radar,0,4,15,0,19,0,1,116,1,118,0,5,131,1,137,199,0,199,336
06/03/2021,ARR,IL,AGL,CE,Towers with Radar,0,8,22,0,30,0,3,117,0,120,0,11,139,0,150,265,0,265,415
06/04/2021,ARR,IL,AGL,CE,Towers with Radar,0,3,11,0,14,0,0,85,0,85,0,3,96,0,99,136,0,136,235
06/05/2021,ARR,IL,AGL,CE,Towers with Radar,0,1,13,0,14,0,1,101,0,102,0,2,114,0,116,90,0,90,206
06/06/2021,ARR,IL,AGL,CE,Towers with Radar,0,1,8,0,9,0,0,94,2,96,0,1,102,2,105,94,0,94,199
06/07/2021,ARR,IL,AGL,CE,Towers with Radar,0,3,26,0,29,0,0,13,0,13,0,3,39,0,42,124,0,124,166
06/08/2021,ARR,IL,AGL,CE,Towers with Radar,0,6,21,0,27,0,0,81,0,81,0,6,102,0,108,287,0,287,395
06/09/2021,ARR,IL,AGL,CE,Towers with Radar,0,7,23,0,30,0,0,107,0,107,0,7,130,0,137,149,0,149,286
06/10/2021,ARR,IL,AGL,CE,Towers with Radar,0,3,22,1,26,0,1,112,0,113,0,4,134,1,139,159,0,159,298
06/11/2021,ARR,IL,AGL,CE,Towers with Radar,0,3,21,0,24,0,0,68,0,68,0,3,89,0,92,146,0,146,238
06/12/2021,ARR,IL,AGL,CE,Towers with Radar,0,4,10,0,14,0,1,78,0,79,0,5,88,0,93,66,0,66,159
06/13/2021,ARR,IL,AGL,CE,Towers with Radar,0,0,19,0,19,0,0,124,0,124,0,0,143,0,143,138,0,138,281
06/14/2021,ARR,IL,AGL,CE,Towers with Radar,0,10,16,0,26,0,1,115,0,116,0,11,131,0,142,202,0,202,344
06/15/2021,ARR,IL,AGL,CE,Towers with Radar,0,4,25,0,29,0,1,124,0,125,0,5,149,0,154,314,0,314,468
06/16/2021,ARR,IL,AGL,CE,Towers with Radar,0,6,31,0,37,0,1,119,0,120,0,7,150,0,157,181,0,181,338
06/17/2021,ARR,IL,AGL,CE,Towers with Radar,0,3,17,0,20,0,0,99,0,99,0,3,116,0,119,182,0,182,301
06/18/2021,ARR,IL,AGL,CE,Towers with Radar,0,3,24,0,27,0,0,83,0,83,0,3,107,0,110,204,0,204,314
06/19/2021,ARR,IL,AGL,CE,Towers with Radar,0,5,16,0,21,0,0,66,0,66,0,5,82,0,87,126,0,126,213
06/20/2021,ARR,IL,AGL,CE,Towers with Radar,0,2,28,0,30,0,0,14,0,14,0,2,42,0,44,8,0,8,52
06/21/2021,ARR,IL,AGL,CE,Towers with Radar,0,1,20,0,21,0,0,65,0,65,0,1,85,0,86,162,0,162,248
06/22/2021,ARR,IL,AGL,CE,Towers with Radar,0,5,32,0,37,0,0,126,0,126,0,5,158,0,163,310,0,310,473
06/23/2021,ARR,IL,AGL,CE,Towers with Radar,0,5,29,0,34,0,0,48,0,48,0,5,77,0,82,82,0,82,164
06/24/2021,ARR,IL,AGL,CE,Towers with Radar,0,2,18,0,20,0,0,39,0,39,0,2,57,0,59,103,0,103,162
06/25/2021,ARR,IL,AGL,CE,Towers with Radar,0,2,15,0,17,0,0,12,0,12,0,2,27,0,29,74,0,74,103
06/26/2021,ARR,IL,AGL,CE,Towers with Radar,0,3,8,0,11,0,0,2,0,2,0,3,10,0,13,2,0,2,15
06/27/2021,ARR,IL,AGL,CE,Towers with Radar,0,3,17,0,20,0,0,73,0,73,0,3,90,0,93,50,0,50,143
06/28/2021,ARR,IL,AGL,CE,Towers with Radar,0,2,10,0,12,0,0,9,0,9,0,2,19,0,21,26,0,26,47
06/29/2021,ARR,IL,AGL,CE,Towers with Radar,0,2,24,0,26,0,0,22,0,22,0,2,46,0,48,106,0,106,154
06/30/2021,ARR,IL,AGL,CE,Towers with Radar,0,5,21,0,26,0,0,56,0,56,0,5,77,0,82,341,0,341,423
07/01/2021,ARR,IL,AGL,CE,Towers with Radar,0,10,37,0,47,0,0,138,0,138,0,10,175,0,185,163,0,163,348
07/02/2021,ARR,IL,AGL,CE,Towers with Radar,0,3,18,0,21,0,0,149,0,149,0,3,167,0,170,204,0,204,374
07/03/2021,ARR,IL,AGL,CE,Towers with Radar,0,3,8,0,11,0,1,108,0,109,0,4,116,0,120,102,0,102,222
07/04/2021,ARR,IL,AGL,CE,Towers with Radar,0,0,11,0,11,0,0,42,0,42,0,0,53,0,53,68,0,68,121
07/05/2021,ARR,IL,AGL,CE,Towers with Radar,0,3,27,0,30,0,0,83,0,83,0,3,110,0,113,130,0,130,243
07/06/2021,ARR,IL,AGL,CE,Towers with Radar,0,6,22,0,28,0,0,101,0,101,0,6,123,0,129,234,0,234,363
07/07/2021,ARR,IL,AGL,CE,Towers with Radar,0,2,9,0,11,0,0,15,0,15,0,2,24,0,26,80,0,80,106
07/08/2021,ARR,IL,AGL,CE,Towers with Radar,0,5,39,0,44,0,0,20,0,20,0,5,59,0,64,161,0,161,225
07/09/2021,ARR,IL,AGL,CE,Towers with Radar,0,2,24,0,26,0,3,141,0,144,0,5,165,0,170,252,0,252,422
07/10/2021,ARR,IL,AGL,CE,Towers with Radar,0,5,15,0,20,0,0,62,0,62,0,5,77,0,82,162,0,162,244
07/11/2021,ARR,IL,AGL,CE,Towers with Radar,0,7,15,0,22,0,1,14,0,15,0,8,29,0,37,28,0,28,65
07/12/2021,ARR,IL,AGL,CE,Towers with Radar,0,3,44,0,47,0,0,10,0,10,0,3,54,0,57,113,0,113,170
07/13/2021,ARR,IL,AGL,CE,Towers with Radar,0,2,20,0,22,0,0,47,0,47,0,2,67,0,69,222,0,222,291
07/14/2021,ARR,IL,AGL,CE,Towers with Radar,0,3,14,0,17,0,0,96,0,96,0,3,110,0,113,315,0,315,428
07/15/2021,ARR,IL,AGL,CE,Towers with Radar,0,6,18,0,24,0,0,27,0,27,0,6,45,0,51,111,0,111,162
07/16/2021,ARR,IL,AGL,CE,Towers with Radar,0,4,37,0,41,0,0,37,0,37,0,4,74,0,78,217,0,217,295
07/17/2021,ARR,IL,AGL,CE,Towers with Radar,0,3,8,0,11,0,0,123,0,123,0,3,131,0,134,172,0,172,306
07/18/2021,ARR,IL,AGL,CE,Towers with Radar,0,1,27,0,28,0,1,203,0,204,0,2,230,0,232,118,0,118,350
07/19/2021,ARR,IL,AGL,CE,Towers with Radar,0,10,19,0,29,0,1,131,0,132,0,11,150,0,161,252,0,252,413
07/20/2021,ARR,IL,AGL,CE,Towers with Radar,0,1,16,0,17,0,1,142,0,143,0,2,158,0,160,234,0,234,394
07/21/2021,ARR,IL,AGL,CE,Towers with Radar,0,1,38,0,39,0,0,49,0,49,0,1,87,0,88,202,0,202,290
07/22/2021,ARR,IL,AGL,CE,Towers with Radar,0,5,26,1,32,0,0,85,0,85,0,5,111,1,117,196,0,196,313
07/23/2021,ARR,IL,AGL,CE,Towers with Radar,0,4,18,0,22,0,0,121,0,121,0,4,139,0,143,246,0,246,389
07/24/2021,ARR,IL,AGL,CE,Towers with Radar,0,2,11,0,13,0,0,74,0,74,0,2,85,0,87,66,0,66,153
07/25/2021,ARR,IL,AGL,CE,Towers with Radar,0,4,18,0,22,0,3,103,0,106,0,7,121,0,128,164,0,164,292
07/26/2021,ARR,IL,AGL,CE,Towers with Radar,0,6,23,0,29,0,3,111,0,114,0,9,134,0,143,198,0,198,341
07/27/2021,ARR,IL,AGL,CE,Towers with Radar,0,2,21,0,23,0,2,114,0,116,0,4,135,0,139,160,0,160,299
07/28/2021,ARR,IL,AGL,CE,Towers with Radar,0,5,20,0,25,0,0,116,0,116,0,5,136,0,141,248,0,248,389
07/29/2021,ARR,IL,AGL,CE,Towers with Radar,0,3,20,0,23,0,0,70,0,70,0,3,90,0,93,137,0,137,230
07/30/2021,ARR,IL,AGL,CE,Towers with Radar,0,2,26,0,28,0,0,108,0,108,0,2,134,0,136,172,0,172,308
07/31/2021,ARR,IL,AGL,CE,Towers with Radar,0,5,8,0,13,0,2,98,0,100,0,7,106,0,113,142,0,142,255
08/01/2021,ARR,IL,AGL,CE,Towers with Radar,0,2,15,0,17,0,1,101,0,102,0,3,116,0,119,78,0,78,197
08/02/2021,ARR,IL,AGL,CE,Towers with Radar,0,6,23,0,29,0,2,125,0,127,0,8,148,0,156,144,0,144,300
08/03/2021,ARR,IL,AGL,CE,Towers with Radar,0,7,20,0,27,0,1,123,0,124,0,8,143,0,151,237,0,237,388
08/04/2021,ARR,IL,AGL,CE,Towers with Radar,0,4,22,0,26,0,2,126,0,128,0,6,148,0,154,282,0,282,436
08/05/2021,ARR,IL,AGL,CE,Towers with Radar,0,3,13,0,16,0,1,119,0,120,0,4,132,0,136,122,0,122,258
08/06/2021,ARR,IL,AGL,CE,Towers with Radar,0,4,18,0,22,0,0,57,0,57,0,4,75,0,79,108,0,108,187
08/07/2021,ARR,IL,AGL,CE,Towers with Radar,0,3,20,0,23,0,1,105,0,106,0,4,125,0,129,172,0,172,301
08/08/2021,ARR,IL,AGL,CE,Towers with Radar,0,2,23,0,25,0,1,55,0,56,0,3,78,0,81,70,0,70,151
08/09/2021,ARR,IL,AGL,CE,Towers with Radar,0,7,16,0,23,0,0,7,0,7,0,7,23,0,30,8,0,8,38
08/10/2021,ARR,IL,AGL,CE,Towers with Radar,0,3,25,0,28,0,0,33,0,33,0,3,58,0,61,136,0,136,197
08/11/2021,ARR,IL,AGL,CE,Towers with Radar,0,8,26,0,34,0,0,16,0,16,0,8,42,0,50,16,0,16,66
08/12/2021,ARR,IL,AGL,CE,Towers with Radar,0,5,27,0,32,0,0,71,0,71,0,5,98,0,103,100,0,100,203
08/13/2021,ARR,IL,AGL,CE,Towers with Radar,0,3,26,0,29,0,1,141,0,142,0,4,167,0,171,112,0,112,283
08/14/2021,ARR,IL,AGL,CE,Towers with Radar,0,2,6,0,8,0,1,124,0,125,0,3,130,0,133,154,0,154,287
08/15/2021,ARR,IL,AGL,CE,Towers with Radar,0,5,27,0,32,0,1,201,0,202,0,6,228,0,234,76,0,76,310
08/16/2021,ARR,IL,AGL,CE,Towers with Radar,0,3,20,0,23,0,3,103,0,106,0,6,123,0,129,158,0,158,287
08/17/2021,ARR,IL,AGL,CE,Towers with Radar,0,0,25,0,25,0,0,92,0,92,0,0,117,0,117,134,0,134,251
08/18/2021,ARR,IL,AGL,CE,Towers with Radar,0,4,19,0,23,0,0,75,0,75,0,4,94,0,98,228,0,228,326
08/19/2021,ARR,IL,AGL,CE,Towers with Radar,0,8,27,0,35,0,0,114,0,114,0,8,141,0,149,178,0,178,327
08/20/2021,ARR,IL,AGL,CE,Towers with Radar,0,3,38,0,41,0,5,92,0,97,0,8,130,0,138,210,0,210,348
08/21/2021,ARR,IL,AGL,CE,Towers with Radar,0,2,8,0,10,0,1,48,0,49,0,3,56,0,59,86,0,86,145
08/22/2021,ARR,IL,AGL,CE,Towers with Radar,0,4,21,0,25,0,3,128,1,132,0,7,149,1,157,173,0,173,330
08/23/2021,ARR,IL,AGL,CE,Towers with Radar,0,1,28,0,29,0,0,61,0,61,0,1,89,0,90,168,0,168,258
08/24/2021,ARR,IL,AGL,CE,Towers with Radar,0,5,10,0,15,0,3,74,0,77,0,8,84,0,92,148,0,148,240
08/25/2021,ARR,IL,AGL,CE,Towers with Radar,0,8,14,0,22,0,1,103,0,104,0,9,117,0,126,190,0,190,316
08/26/2021,ARR,IL,AGL,CE,Towers with Radar,0,2,19,0,21,0,0,98,0,98,0,2,117,0,119,172,0,172,291
08/27/2021,ARR,IL,AGL,CE,Towers with Radar,0,6,16,0,22,0,0,120,0,120,0,6,136,0,142,134,0,134,276
08/28/2021,ARR,IL,AGL,CE,Towers with Radar,0,2,13,0,15,0,1,92,0,93,0,3,105,0,108,90,0,90,198
08/29/2021,ARR,IL,AGL,CE,Towers with Radar,0,10,16,0,26,0,0,46,0,46,0,10,62,0,72,102,0,102,174
08/30/2021,ARR,IL,AGL,CE,Towers with Radar,0,4,17,0,21,0,3,128,0,131,0,7,145,0,152,125,0,125,277
08/31/2021,ARR,IL,AGL,CE,Towers with Radar,0,7,27,0,34,0,2,97,0,99,0,9,124,0,133,204,0,204,337
09/01/2021,ARR,IL,AGL,CE,Towers with Radar,0,3,26,0,29,0,0,93,0,93,0,3,119,0,122,171,0,171,293
09/02/2021,ARR,IL,AGL,CE,Towers with Radar,0,9,44,0,53,0,4,116,0,120,0,13,160,0,173,136,0,136,309
09/03/2021,ARR,IL,AGL,CE,Towers with Radar,0,8,20,0,28,0,2,74,0,76,0,10,94,0,104,162,0,162,266
09/04/2021,ARR,IL,AGL,CE,Towers with Radar,0,2,12,0,14,0,0,45,0,45,0,2,57,0,59,100,0,100,159
09/05/2021,ARR,IL,AGL,CE,Towers with Radar,0,6,25,0,31,0,1,98,0,99,0,7,123,0,130,168,0,168,298
09/06/2021,ARR,IL,AGL,CE,Towers with Radar,0,9,25,0,34,0,1,106,0,107,0,10,131,0,141,86,0,86,227
09/07/2021,ARR,IL,AGL,CE,Towers with Radar,0,3,19,0,22,0,2,40,0,42,0,5,59,0,64,46,0,46,110
09/08/2021,ARR,IL,AGL,CE,Towers with Radar,0,2,13,0,15,0,0,89,0,89,0,2,102,0,104,124,0,124,228
09/09/2021,ARR,IL,AGL,CE,Towers with Radar,0,4,25,0,29,0,3,119,0,122,0,7,144,0,151,160,0,160,311
09/10/2021,ARR,IL,AGL,CE,Towers with Radar,0,7,14,1,22,0,0,114,0,114,0,7,128,1,136,146,0,146,282
09/11/2021,ARR,IL,AGL,CE,Towers with Radar,0,0,17,0,17,0,0,114,0,114,0,0,131,0,131,118,0,118,249
09/12/2021,ARR,IL,AGL,CE,Towers with Radar,0,4,19,1,24,0,1,82,0,83,0,5,101,1,107,108,0,108,215
09/13/2021,ARR,IL,AGL,CE,Towers with Radar,0,4,17,0,21,0,4,81,0,85,0,8,98,0,106,178,0,178,284
09/14/2021,ARR,IL,AGL,CE,Towers with Radar,0,0,24,0,24,0,0,41,0,41,0,0,65,0,65,119,0,119,184
09/15/2021,ARR,IL,AGL,CE,Towers with Radar,0,3,21,0,24,0,1,131,0,132,0,4,152,0,156,204,0,204,360
09/16/2021,ARR,IL,AGL,CE,Towers with Radar,0,5,13,0,18,0,3,120,0,123,0,8,133,0,141,160,0,160,301
09/17/2021,ARR,IL,AGL,CE,Towers with Radar,0,6,14,0,20,0,1,100,0,101,0,7,114,0,121,173,0,173,294
09/18/2021,ARR,IL,AGL,CE,Towers with Radar,0,3,15,0,18,0,5,122,0,127,0,8,137,0,145,218,0,218,363
09/19/2021,ARR,IL,AGL,CE,Towers with Radar,0,7,23,0,30,0,3,168,9,180,0,10,191,9,210,60,4,64,274
09/20/2021,ARR,IL,AGL,CE,Towers with Radar,0,0,24,0,24,0,0,11,0,11,0,0,35,0,35,45,0,45,80
09/21/2021,ARR,IL,AGL,CE,Towers with Radar,0,2,23,0,25,0,0,38,0,38,0,2,61,0,63,95,0,95,158
09/22/2021,ARR,IL,AGL,CE,Towers with Radar,0,2,22,0,24,0,0,40,0,40,0,2,62,0,64,84,0,84,148
09/23/2021,ARR,IL,AGL,CE,Towers with Radar,0,3,19,0,22,0,0,84,0,84,0,3,103,0,106,85,0,85,191
09/24/2021,ARR,IL,AGL,CE,Towers with Radar,0,9,22,0,31,0,0,59,0,59,0,9,81,0,90,62,0,62,152
09/25/2021,ARR,IL,AGL,CE,Towers with Radar,0,3,19,0,22,0,0,95,0,95,0,3,114,0,117,106,0,106,223
09/26/2021,ARR,IL,AGL,CE,Towers with Radar,0,5,19,0,24,0,1,78,0,79,0,6,97,0,103,50,0,50,153
09/27/2021,ARR,IL,AGL,CE,Towers with Radar,0,5,6,0,11,0,4,114,0,118,0,9,120,0,129,130,0,130,259
09/28/2021,ARR,IL,AGL,CE,Towers with Radar,0,3,27,0,30,0,0,135,0,135,0,3,162,0,165,66,0,66,231
09/29/2021,ARR,IL,AGL,CE,Towers with Radar,0,1,26,0,27,0,1,123,0,124,0,2,149,0,151,90,0,90,241
09/30/2021,ARR,IL,AGL,CE,Towers with Radar,0,1,30,0,31,0,7,116,0,123,0,8,146,0,154,148,0,148,302
10/01/2021,ARR,IL,AGL,CE,Towers with Radar,0,0,14,0,14,0,2,115,0,117,0,2,129,0,131,140,0,140,271
10/02/2021,ARR,IL,AGL,CE,Towers with Radar,0,2,7,0,9,0,0,17,0,17,0,2,24,0,26,30,0,30,56
10/03/2021,ARR,IL,AGL,CE,Towers with Radar,0,5,18,0,23,0,0,6,0,6,0,5,24,0,29,28,0,28,57
10/04/2021,ARR,IL,AGL,CE,Towers with Radar,0,5,39,0,44,0,0,16,0,16,0,5,55,0,60,68,0,68,128
10/05/2021,ARR,IL,AGL,CE,Towers with Radar,0,3,63,0,66,0,0,15,0,15,0,3,78,0,81,158,0,158,239
10/06/2021,ARR,IL,AGL,CE,Towers with Radar,0,12,51,1,64,0,0,4,0,4,0,12,55,1,68,28,0,28,96
10/07/2021,ARR,IL,AGL,CE,Towers with Radar,0,5,31,0,36,0,0,2,0,2,0,5,33,0,38,24,0,24,62
10/08/2021,ARR,IL,AGL,CE,Towers with Radar,0,4,35,1,40,0,0,21,0,21,0,4,56,1,61,72,0,72,133
10/09/2021,ARR,IL,AGL,CE,Towers with Radar,0,4,15,0,19,0,1,132,0,133,0,5,147,0,152,88,0,88,240
10/10/2021,ARR,IL,AGL,CE,Towers with Radar,0,1,14,0,15,0,0,65,0,65,0,1,79,0,80,104,0,104,184
10/11/2021,ARR,IL,AGL,CE,Towers with Radar,0,1,23,0,24,0,0,25,0,25,0,1,48,0,49,40,0,40,89
10/12/2021,ARR,IL,AGL,CE,Towers with Radar,0,4,51,0,55,0,0,29,0,29,0,4,80,0,84,60,0,60,144
10/13/2021,ARR,IL,AGL,CE,Towers with Radar,0,4,24,0,28,0,0,38,0,38,0,4,62,0,66,36,0,36,102
10/14/2021,ARR,IL,AGL,CE,Towers with Radar,0,5,24,0,29,0,0,99,0,99,0,5,123,0,128,176,0,176,304
10/15/2021,ARR,IL,AGL,CE,Towers with Radar,0,4,15,0,19,0,0,115,0,115,0,4,130,0,134,212,0,212,346
10/16/2021,ARR,IL,AGL,CE,Towers with Radar,0,1,10,0,11,0,1,119,0,120,0,2,129,0,131,106,0,106,237
10/17/2021,ARR,IL,AGL,CE,Towers with Radar,0,5,15,0,20,0,2,159,0,161,0,7,174,0,181,138,0,138,319
10/18/2021,ARR,IL,AGL,CE,Towers with Radar,0,2,17,0,19,0,0,128,0,128,0,2,145,0,147,187,0,187,334
10/19/2021,ARR,IL,AGL,CE,Towers with Radar,0,0,19,0,19,0,1,94,0,95,0,1,113,0,114,174,0,174,288
10/20/2021,ARR,IL,AGL,CE,Towers with Radar,0,0,27,0,27,0,0,98,0,98,0,0,125,0,125,154,0,154,279
10/21/2021,ARR,IL,AGL,CE,Towers with Radar,0,5,33,0,38,0,0,11,0,11,0,5,44,0,49,118,0,118,167
10/22/2021,ARR,IL,AGL,CE,Towers with Radar,0,2,24,0,26,0,1,89,0,90,0,3,113,0,116,206,0,206,322
10/23/2021,ARR,IL,AGL,CE,Towers with Radar,0,2,26,0,28,0,2,125,0,127,0,4,151,0,155,200,0,200,355
10/24/2021,ARR,IL,AGL,CE,Towers with Radar,0,2,16,0,18,0,0,8,0,8,0,2,24,0,26,38,0,38,64
10/25/2021,ARR,IL,AGL,CE,Towers with Radar,0,2,16,0,18,0,0,6,0,6,0,2,22,0,24,0,0,0,24
10/26/2021,ARR,IL,AGL,CE,Towers with Radar,0,2,38,0,40,0,0,138,0,138,0,2,176,0,178,210,0,210,388
10/27/2021,ARR,IL,AGL,CE,Towers with Radar,0,3,24,0,27,0,3,124,0,127,0,6,148,0,154,190,0,190,344
10/28/2021,ARR,IL,AGL,CE,Towers with Radar,0,1,35,0,36,0,0,2,0,2,0,1,37,0,38,12,0,12,50
10/29/2021,ARR,IL,AGL,CE,Towers with Radar,0,1,15,0,16,0,0,1,0,1,0,1,16,0,17,0,0,0,17
10/30/2021,ARR,IL,AGL,CE,Towers with Radar,0,3,27,0,30,0,0,62,0,62,0,3,89,0,92,248,0,248,340
10/31/2021,ARR,IL,AGL,CE,Towers with Radar,0,3,16,0,19,0,0,51,0,51,0,3,67,0,70,104,0,104,174
11/01/2021,ARR,IL,AGL,CE,Towers with Radar,0,5,18,1,24,0,1,104,0,105,0,6,122,1,129,72,0,72,201
11/02/2021,ARR,IL,AGL,CE,Towers with Radar,0,1,14,1,16,0,2,108,0,110,0,3,122,1,126,191,0,191,317
11/03/2021,ARR,IL,AGL,CE,Towers with Radar,0,1,23,0,24,0,2,122,0,124,0,3,145,0,148,182,0,182,330
11/04/2021,ARR,IL,AGL,CE,Towers with Radar,0,6,16,0,22,0,0,108,0,108,0,6,124,0,130,93,0,93,223
11/05/2021,ARR,IL,AGL,CE,Towers with Radar,0,7,15,0,22,0,1,111,0,112,0,8,126,0,134,128,0,128,262
11/06/2021,ARR,IL,AGL,CE,Towers with Radar,0,2,18,0,20,0,0,113,0,113,0,2,131,0,133,132,0,132,265
11/07/2021,ARR,IL,AGL,CE,Towers with Radar,0,7,13,0,20,0,1,99,0,100,0,8,112,0,120,78,0,78,198
11/08/2021,ARR,IL,AGL,CE,Towers with Radar,0,6,14,0,20,0,2,74,0,76,0,8,88,0,96,118,0,118,214
11/09/2021,ARR,IL,AGL,CE,Towers with Radar,0,2,19,0,21,0,1,84,0,85,0,3,103,0,106,109,0,109,215
11/10/2021,ARR,IL,AGL,CE,Towers with Radar,0,5,33,0,38,0,0,42,0,42,0,5,75,0,80,222,0,222,302
11/11/2021,ARR,IL,AGL,CE,Towers with Radar,0,5,14,0,19,0,0,11,0,11,0,5,25,0,30,42,0,42,72
11/12/2021,ARR,IL,AGL,CE,Towers with Radar,0,6,13,0,19,0,0,6,0,6,0,6,19,0,25,29,0,29,54
11/13/2021,ARR,IL,AGL,CE,Towers with Radar,0,3,10,0,13,0,0,37,1,38,0,3,47,1,51,194,0,194,245
11/14/2021,ARR,IL,AGL,CE,Towers with Radar,0,3,10,0,13,0,0,5,0,5,0,3,15,0,18,26,0,26,44
11/15/2021,ARR,IL,AGL,CE,Towers with Radar,0,1,24,0,25,0,0,59,0,59,0,1,83,0,84,135,0,135,219
11/16/2021,ARR,IL,AGL,CE,Towers with Radar,0,4,18,0,22,0,0,133,0,133,0,4,151,0,155,182,0,182,337
11/17/2021,ARR,IL,AGL,CE,Towers with Radar,0,3,26,0,29,0,0,12,0,12,0,3,38,0,41,100,0,100,141
11/18/2021,ARR,IL,AGL,CE,Towers with Radar,0,2,12,0,14,0,0,20,0,20,0,2,32,0,34,40,0,40,74
11/19/2021,ARR,IL,AGL,CE,Towers with Radar,0,12,25,0,37,0,0,102,0,102,0,12,127,0,139,132,0,132,271
11/20/2021,ARR,IL,AGL,CE,Towers with Radar,0,2,13,0,15,0,0,115,0,115,0,2,128,0,130,130,0,130,260
11/21/2021,ARR,IL,AGL,CE,Towers with Radar,0,2,7,0,9,0,0,48,0,48,0,2,55,0,57,92,0,92,149
11/22/2021,ARR,IL,AGL,CE,Towers with Radar,0,6,18,0,24,0,0,99,0,99,0,6,117,0,123,176,0,176,299
11/23/2021,ARR,IL,AGL,CE,Towers with Radar,0,5,27,0,32,0,0,114,0,114,0,5,141,0,146,64,0,64,210
11/24/2021,ARR,IL,AGL,CE,Towers with Radar,0,4,21,0,25,0,1,25,0,26,0,5,46,0,51,62,0,62,113
11/25/2021,ARR,IL,AGL,CE,Towers with Radar,0,1,5,0,6,0,0,6,0,6,0,1,11,0,12,32,0,32,44
11/26/2021,ARR,IL,AGL,CE,Towers with Radar,0,2,18,0,20,0,0,76,0,76,0,2,94,0,96,160,0,160,256
11/27/2021,ARR,IL,AGL,CE,Towers with Radar,0,2,11,0,13,0,0,64,0,64,0,2,75,0,77,100,0,100,177
11/28/2021,ARR,IL,AGL,CE,Towers with Radar,0,7,14,0,21,0,0,52,0,52,0,7,66,0,73,108,0,108,181
11/29/2021,ARR,IL,AGL,CE,Towers with Radar,0,4,15,0,19,0,0,57,0,57,0,4,72,0,76,96,0,96,172
11/30/2021,ARR,IL,AGL,CE,Towers with Radar,0,3,19,0,22,0,0,123,0,123,0,3,142,0,145,175,0,175,320
12/01/2021,ARR,IL,AGL,CE,Towers with Radar,0,4,22,1,27,0,0,29,0,29,0,4,51,1,56,104,0,104,160
12/02/2021,ARR,IL,AGL,CE,Towers with Radar,0,1,13,1,15,0,0,99,0,99,0,1,112,1,114,110,0,110,224
12/03/2021,ARR,IL,AGL,CE,Towers with Radar,0,2,23,0,25,0,0,128,0,128,0,2,151,0,153,184,0,184,337
12/04/2021,ARR,IL,AGL,CE,Towers with Radar,0,4,12,0,16,0,0,116,0,116,0,4,128,0,132,140,0,140,272
12/05/2021,ARR,IL,AGL,CE,Towers with Radar,0,0,7,0,7,0,0,0,0,0,0,0,7,0,7,0,0,0,7
12/06/2021,ARR,IL,AGL,CE,Towers with Radar,0,0,27,0,27,0,0,8,0,8,0,0,35,0,35,2,0,2,37
12/07/2021,ARR,IL,AGL,CE,Towers with Radar,0,2,13,0,15,0,2,67,0,69,0,4,80,0,84,174,0,174,258
12/08/2021,ARR,IL,AGL,CE,Towers with Radar,0,6,26,0,32,0,0,95,0,95,0,6,121,0,127,168,0,168,295
12/09/2021,ARR,IL,AGL,CE,Towers with Radar,0,5,21,0,26,0,0,61,0,61,0,5,82,0,87,134,0,134,221
12/10/2021,ARR,IL,AGL,CE,Towers with Radar,0,4,17,0,21,0,0,35,0,35,0,4,52,0,56,120,0,120,176
12/11/2021,ARR,IL,AGL,CE,Towers with Radar,0,3,7,0,10,0,0,5,0,5,0,3,12,0,15,0,0,0,15
12/12/2021,ARR,IL,AGL,CE,Towers with Radar,0,2,10,0,12,0,0,67,0,67,0,2,77,0,79,104,0,104,183
12/13/2021,ARR,IL,AGL,CE,Towers with Radar,0,6,22,0,28,0,0,86,0,86,0,6,108,0,114,224,0,224,338
12/14/2021,ARR,IL,AGL,CE,Towers with Radar,0,2,29,0,31,0,0,107,0,107,0,2,136,0,138,136,0,136,274
12/15/2021,ARR,IL,AGL,CE,Towers with Radar,0,3,13,0,16,0,0,2,0,2,0,3,15,0,18,0,0,0,18
12/16/2021,ARR,IL,AGL,CE,Towers with Radar,0,6,7,0,13,0,0,22,0,22,0,6,29,0,35,58,0,58,93
12/17/2021,ARR,IL,AGL,CE,Towers with Radar,0,3,27,0,30,0,0,87,0,87,0,3,114,0,117,200,0,200,317
12/18/2021,ARR,IL,AGL,CE,Towers with Radar,0,5,8,0,13,0,0,22,0,22,0,5,30,0,35,130,0,130,165
12/19/2021,ARR,IL,AGL,CE,Towers with Radar,0,1,23,0,24,0,0,102,0,102,0,1,125,0,126,258,0,258,384
12/20/2021,ARR,IL,AGL,CE,Towers with Radar,0,1,13,0,14,0,0,60,0,60,0,1,73,0,74,76,0,76,150
12/21/2021,ARR,IL,AGL,CE,Towers with Radar,0,2,15,0,17,0,0,76,0,76,0,2,91,0,93,114,0,114,207
12/22/2021,ARR,IL,AGL,CE,Towers with Radar,0,3,25,0,28,0,0,99,0,99,0,3,124,0,127,113,0,113,240
12/23/2021,ARR,IL,AGL,CE,Towers with Radar,0,9,11,0,20,0,0,80,0,80,0,9,91,0,100,124,0,124,224
12/24/2021,ARR,IL,AGL,CE,Towers with Radar,2,4,10,0,16,0,0,0,0,0,2,4,10,0,16,0,0,0,16
12/25/2021,ARR,IL,AGL,CE,Towers with Radar,0,4,3,0,7,0,0,21,0,21,0,4,24,0,28,34,0,34,62
12/26/2021,ARR,IL,AGL,CE,Towers with Radar,0,2,13,0,15,0,0,40,0,40,0,2,53,0,55,48,0,48,103
12/27/2021,ARR,IL,AGL,CE,Towers with Radar,0,3,30,0,33,0,0,7,0,7,0,3,37,0,40,8,0,8,48
12/28/2021,ARR,IL,AGL,CE,Towers with Radar,0,1,4,0,5,0,0,9,0,9,0,1,13,0,14,6,0,6,20
12/29/2021,ARR,IL,AGL,CE,Towers with Radar,0,1,14,0,15,0,0,44,0,44,0,1,58,0,59,152,0,152,211
12/30/2021,ARR,IL,AGL,CE,Towers with Radar,0,1,10,0,11,0,0,14,0,14,0,1,24,0,25,214,0,214,239
12/31/2021,ARR,IL,AGL,CE,Towers with Radar,0,5,7,0,12,0,0,1,0,1,0,5,8,0,13,0,0,0,13
01/01/2022,ARR,IL,AGL,CE,Towers with Radar,0,3,4,0,7,0,0,0,0,0,0,3,4,0,7,0,0,0,7
01/02/2022,ARR,IL,AGL,CE,Towers with Radar,0,8,19,0,27,0,0,18,0,18,0,8,37,0,45,78,0,78,123
01/03/2022,ARR,IL,AGL,CE,Towers with Radar,0,3,19,0,22,0,0,81,0,81,0,3,100,0,103,70,0,70,173
01/04/2022,ARR,IL,AGL,CE,Towers with Radar,0,5,18,0,23,0,0,60,0,60,0,5,78,0,83,102,0,102,185
01/05/2022,ARR,IL,AGL,CE,Towers with Radar,0,1,13,0,14,0,0,1,0,1,0,1,14,0,15,0,0,0,15
01/06/2022,ARR,IL,AGL,CE,Towers with Radar,0,0,7,0,7,0,0,26,0,26,0,0,33,0,33,60,0,60,93
01/07/2022,ARR,IL,AGL,CE,Towers with Radar,0,7,18,0,25,0,0,59,0,59,0,7,77,0,84,38,0,38,122
01/08/2022,ARR,IL,AGL,CE,Towers with Radar,0,1,6,0,7,0,0,35,0,35,0,1,41,0,42,84,0,84,126
01/09/2022,ARR,IL,AGL,CE,Towers with Radar,0,1,0,0,1,0,0,1,0,1,0,1,1,0,2,0,0,0,2
01/10/2022,ARR,IL,AGL,CE,Towers with Radar,0,2,3,0,5,0,0,3,0,3,0,2,6,0,8,0,0,0,8
01/11/2022,ARR,IL,AGL,CE,Towers with Radar,0,0,14,0,14,0,0,23,0,23,0,0,37,0,37,0,0,0,37
01/12/2022,ARR,IL,AGL,CE,Towers with Radar,0,1,21,0,22,0,0,109,1,110,0,1,130,1,132,128,0,128,260
01/13/2022,ARR,IL,AGL,CE,Towers with Radar,0,1,10,0,11,0,0,50,0,50,0,1,60,0,61,164,0,164,225
01/14/2022,ARR,IL,AGL,CE,Towers with Radar,0,6,13,0,19,0,0,5,0,5,0,6,18,0,24,95,0,95,119
01/15/2022,ARR,IL,AGL,CE,Towers with Radar,0,0,8,0,8,0,0,23,0,23,0,0,31,0,31,164,0,164,195
01/16/2022,ARR,IL,AGL,CE,Towers with Radar,0,0,8,0,8,0,2,76,0,78,0,2,84,0,86,142,0,142,228
01/17/2022,ARR,IL,AGL,CE,Towers with Radar,0,2,16,0,18,0,0,20,0,20,0,2,36,0,38,176,0,176,214
01/18/2022,ARR,IL,AGL,CE,Towers with Radar,0,2,20,0,22,0,0,62,0,62,0,2,82,0,84,100,0,100,184
01/19/2022,ARR,IL,AGL,CE,Towers with Radar,0,3,19,0,22,0,0,33,0,33,0,3,52,0,55,82,0,82,137
01/20/2022,ARR,IL,AGL,CE,Towers with Radar,0,2,22,0,24,0,0,85,0,85,0,2,107,0,109,178,0,178,287
01/21/2022,ARR,IL,AGL,CE,Towers with Radar,0,1,16,0,17,0,2,118,0,120,0,3,134,0,137,242,0,242,379
01/22/2022,ARR,IL,AGL,CE,Towers with Radar,0,1,9,0,10,0,0,41,0,41,0,1,50,0,51,40,0,40,91
01/23/2022,ARR,IL,AGL,CE,Towers with Radar,0,2,13,0,15,0,0,39,0,39,0,2,52,0,54,186,0,186,240
01/24/2022,ARR,IL,AGL,CE,Towers with Radar,0,1,8,0,9,0,0,5,0,5,0,1,13,0,14,0,0,0,14
01/25/2022,ARR,IL,AGL,CE,Towers with Radar,0,2,11,0,13,0,0,69,0,69,0,2,80,0,82,54,0,54,136
01/26/2022,ARR,IL,AGL,CE,Towers with Radar,0,2,8,0,10,0,1,21,0,22,0,3,29,0,32,36,0,36,68
01/27/2022,ARR,IL,AGL,CE,Towers with Radar,0,4,18,0,22,0,0,46,0,46,0,4,64,0,68,200,0,200,268
01/28/2022,ARR,IL,AGL,CE,Towers with Radar,0,3,18,0,21,0,0,71,0,71,0,3,89,0,92,84,0,84,176
01/29/2022,ARR,IL,AGL,CE,Towers with Radar,0,0,10,0,10,0,0,92,0,92,0,0,102,0,102,84,0,84,186
01/30/2022,ARR,IL,AGL,CE,Towers with Radar,0,2,16,0,18,0,0,77,0,77,0,2,93,0,95,124,0,124,219
01/31/2022,ARR,IL,AGL,CE,Towers with Radar,0,3,34,0,37,0,0,72,0,72,0,3,106,0,109,83,0,83,192
02/01/2022,ARR,IL,AGL,CE,Towers with Radar,0,7,9,0,16,0,0,20,0,20,0,7,29,0,36,62,0,62,98
02/02/2022,ARR,IL,AGL,CE,Towers with Radar,0,1,3,0,4,0,0,0,0,0,0,1,3,0,4,0,0,0,4
02/03/2022,ARR,IL,AGL,CE,Towers with Radar,0,3,9,0,12,0,0,2,0,2,0,3,11,0,14,0,0,0,14
02/04/2022,ARR,IL,AGL,CE,Towers with Radar,0,2,9,0,11,0,0,56,0,56,0,2,65,0,67,106,0,106,173
02/05/2022,ARR,IL,AGL,CE,Towers with Radar,0,1,22,0,23,0,0,70,0,70,0,1,92,0,93,76,0,76,169
02/06/2022,ARR,IL,AGL,CE,Towers with Radar,0,1,17,0,18,0,0,83,0,83,0,1,100,0,101,180,0,180,281
02/07/2022,ARR,IL,AGL,CE,Towers with Radar,0,3,11,0,14,0,2,45,0,47,0,5,56,0,61,85,0,85,146
02/08/2022,ARR,IL,AGL,CE,Towers with Radar,0,1,23,0,24,0,0,86,0,86,0,1,109,0,110,146,0,146,256
02/09/2022,ARR,IL,AGL,CE,Towers with Radar,0,3,17,0,20,0,0,47,0,47,0,3,64,0,67,116,0,116,183
02/10/2022,ARR,IL,AGL,CE,Towers with Radar,0,6,6,0,12,0,0,14,0,14,0,6,20,0,26,178,0,178,204
02/11/2022,ARR,IL,AGL,CE,Towers with Radar,0,1,8,0,9,0,0,21,0,21,0,1,29,0,30,70,0,70,100
02/12/2022,ARR,IL,AGL,CE,Towers with Radar,0,0,11,0,11,0,0,76,0,76,0,0,87,0,87,282,0,282,369
02/13/2022,ARR,IL,AGL,CE,Towers with Radar,0,4,18,0,22,0,0,46,0,46,0,4,64,0,68,86,0,86,154
02/14/2022,ARR,IL,AGL,CE,Towers with Radar,0,0,19,0,19,0,0,82,0,82,0,0,101,0,101,132,0,132,233
02/15/2022,ARR,IL,AGL,CE,Towers with Radar,0,6,19,0,25,0,0,96,0,96,0,6,115,0,121,54,0,54,175
02/16/2022,ARR,IL,AGL,CE,Towers with Radar,0,2,10,0,12,0,0,0,0,0,0,2,10,0,12,0,0,0,12
02/17/2022,ARR,IL,AGL,CE,Towers with Radar,0,1,10,0,11,0,0,0,0,0,0,1,10,0,11,0,0,0,11
02/18/2022,ARR,IL,AGL,CE,Towers with Radar,0,0,18,0,18,0,0,46,0,46,0,0,64,0,64,59,0,59,123
02/19/2022,ARR,IL,AGL,CE,Towers with Radar,0,1,11,0,12,0,0,84,0,84,0,1,95,0,96,196,0,196,292
02/20/2022,ARR,IL,AGL,CE,Towers with Radar,0,2,7,0,9,0,0,9,0,9,0,2,16,0,18,6,0,6,24
02/21/2022,ARR,IL,AGL,CE,Towers with Radar,0,1,30,0,31,0,0,40,0,40,0,1,70,0,71,158,0,158,229
02/22/2022,ARR,IL,AGL,CE,Towers with Radar,0,4,8,0,12,0,0,0,0,0,0,4,8,0,12,0,0,0,12
02/23/2022,ARR,IL,AGL,CE,Towers with Radar,0,4,15,0,19,0,0,79,0,79,0,4,94,0,98,188,0,188,286
02/24/2022,ARR,IL,AGL,CE,Towers with Radar,0,4,7,0,11,0,0,17,0,17,0,4,24,0,28,28,0,28,56
02/25/2022,ARR,IL,AGL,CE,Towers with Radar,0,0,17,0,17,0,0,73,0,73,0,0,90,0,90,133,0,133,223
02/26/2022,ARR,IL,AGL,CE,Towers with Radar,0,5,14,0,19,0,0,110,0,110,0,5,124,0,129,104,0,104,233
02/27/2022,ARR,IL,AGL,CE,Towers with Radar,0,2,13,0,15,0,0,98,0,98,0,2,111,0,113,126,0,126,239
02/28/2022,ARR,IL,AGL,CE,Towers with Radar,0,1,21,0,22,0,2,84,0,86,0,3,105,0,108,150,0,150,258
03/01/2022,ARR,IL,AGL,CE,Towers with Radar,0,4,21,1,26,0,0,119,0,119,0,4,140,1,145,174,0,174,319
03/02/2022,ARR,IL,AGL,CE,Towers with Radar,0,5,21,0,26,0,0,93,0,93,0,5,114,0,119,243,0,243,362
03/03/2022,ARR,IL,AGL,CE,Towers with Radar,0,1,24,0,25,0,0,74,0,74,0,1,98,0,99,130,0,130,229
03/04/2022,ARR,IL,AGL,CE,Towers with Radar,0,2,17,0,19,0,6,111,0,117,0,8,128,0,136,145,0,145,281
03/05/2022,ARR,IL,AGL,CE,Towers with Radar,0,5,6,0,11,0,0,52,0,52,0,5,58,0,63,58,0,58,121
03/06/2022,ARR,IL,AGL,CE,Towers with Radar,0,3,16,0,19,0,0,24,0,24,0,3,40,0,43,38,0,38,81
03/07/2022,ARR,IL,AGL,CE,Towers with Radar,0,4,9,0,13,0,0,2,0,2,0,4,11,0,15,28,0,28,43
03/08/2022,ARR,IL,AGL,CE,Towers with Radar,0,3,15,0,18,0,2,97,0,99,0,5,112,0,117,216,0,216,333
03/09/2022,ARR,IL,AGL,CE,Towers with Radar,0,2,14,0,16,0,0,98,0,98,0,2,112,0,114,202,0,202,316
03/10/2022,ARR,IL,AGL,CE,Towers with Radar,0,4,17,0,21,0,0,20,0,20,0,4,37,0,41,64,0,64,105
03/11/2022,ARR,IL,AGL,CE,Towers with Radar,0,6,14,0,20,0,0,43,0,43,0,6,57,0,63,97,0,97,160
03/12/2022,ARR,IL,AGL,CE,Towers with Radar,0,2,9,0,11,0,0,65,0,65,0,2,74,0,76,112,0,112,188
03/13/2022,ARR,IL,AGL,CE,Towers with Radar,0,2,19,0,21,0,0,98,0,98,0,2,117,0,119,116,0,116,235
03/14/2022,ARR,IL,AGL,CE,Towers with Radar,0,3,9,0,12,0,0,102,0,102,0,3,111,0,114,143,0,143,257
03/15/2022,ARR,IL,AGL,CE,Towers with Radar,0,2,23,0,25,0,0,101,0,101,0,2,124,0,126,203,0,203,329
03/16/2022,ARR,IL,AGL,CE,Towers with Radar,0,2,20,0,22,0,0,78,0,78,0,2,98,0,100,116,0,116,216
03/17/2022,ARR,IL,AGL,CE,Towers with Radar,0,6,19,0,25,0,0,72,0,72,0,6,91,0,97,206,0,206,303
03/18/2022,ARR,IL,AGL,CE,Towers with Radar,0,2,14,0,16,0,0,3,0,3,0,2,17,0,19,28,0,28,47
03/19/2022,ARR,IL,AGL,CE,Towers with Radar,0,5,8,0,13,0,0,2,0,2,0,5,10,0,15,28,0,28,43
03/20/2022,ARR,IL,AGL,CE,Towers with Radar,0,0,22,0,22,0,0,162,0,162,0,0,184,0,184,202,0,202,386
03/21/2022,ARR,IL,AGL,CE,Towers with Radar,0,2,21,0,23,0,2,93,0,95,0,4,114,0,118,161,0,161,279
03/22/2022,ARR,IL,AGL,CE,Towers with Radar,0,0,17,0,17,0,0,4,0,4,0,0,21,0,21,20,0,20,41
03/23/2022,ARR,IL,AGL,CE,Towers with Radar,0,1,31,0,32,0,0,0,0,0,0,1,31,0,32,0,0,0,32
03/24/2022,ARR,IL,AGL,CE,Towers with Radar,0,1,9,0,10,0,0,0,0,0,0,1,9,0,10,0,0,0,10
03/25/2022,ARR,IL,AGL,CE,Towers with Radar,0,7,24,0,31,0,0,11,0,11,0,7,35,0,42,34,0,34,76
03/26/2022,ARR,IL,AGL,CE,Towers with Radar,0,1,10,0,11,0,0,30,0,30,0,1,40,0,41,80,0,80,121
03/27/2022,ARR,IL,AGL,CE,Towers with Radar,0,1,15,0,16,0,0,113,0,113,0,1,128,0,129,148,0,148,277
03/28/2022,ARR,IL,AGL,CE,Towers with Radar,0,1,24,0,25,0,1,129,0,130,0,2,153,0,155,162,0,162,317
03/29/2022,ARR,IL,AGL,CE,Towers with Radar,0,2,26,0,28,0,0,60,0,60,0,2,86,0,88,98,0,98,186
03/30/2022,ARR,IL,AGL,CE,Towers with Radar,0,4,17,0,21,0,0,4,0,4,0,4,21,0,25,22,0,22,47
03/31/2022,ARR,IL,AGL,CE,Towers with Radar,0,5,7,0,12,0,0,5,0,5,0,5,12,0,17,16,0,16,33
04/01/2022,ARR,IL,AGL,CE,Towers with Radar,0,2,22,0,24,0,2,127,0,129,0,4,149,0,153,194,0,194,347
04/02/2022,ARR,IL,AGL,CE,Towers with Radar,0,3,14,0,17,0,0,19,0,19,0,3,33,0,36,44,0,44,80
04/03/2022,ARR,IL,AGL,CE,Towers with Radar,0,4,28,0,32,0,0,80,0,80,0,4,108,0,112,110,0,110,222
04/04/2022,ARR,IL,AGL,CE,Towers with Radar,0,1,15,0,16,0,0,19,0,19,0,1,34,0,35,238,0,238,273
04/05/2022,ARR,IL,AGL,CE,Towers with Radar,0,2,14,0,16,0,0,61,0,61,0,2,75,0,77,168,0,168,245
04/06/2022,ARR,IL,AGL,CE,Towers with Radar,0,0,14,0,14,0,0,29,0,29,0,0,43,0,43,26,0,26,69
04/07/2022,ARR,IL,AGL,CE,Towers with Radar,0,1,13,0,14,0,0,17,0,17,0,1,30,0,31,44,0,44,75
04/08/2022,ARR,IL,AGL,CE,Towers with Radar,0,2,14,0,16,0,0,7,0,7,0,2,21,0,23,24,0,24,47
04/09/2022,ARR,IL,AGL,CE,Towers with Radar,0,0,19,0,19,0,0,95,0,95,0,0,114,0,114,240,0,240,354
04/10/2022,ARR,IL,AGL,CE,Towers with Radar,0,3,15,0,18,0,0,66,0,66,0,3,81,0,84,98,0,98,182
04/11/2022,ARR,IL,AGL,CE,Towers with Radar,0,1,14,0,15,0,0,115,0,115,0,1,129,0,130,163,0,163,293
04/12/2022,ARR,IL,AGL,CE,Towers with Radar,0,3,15,0,18,0,0,82,0,82,0,3,97,0,100,171,0,171,271
04/13/2022,ARR,IL,AGL,CE,Towers with Radar,0,3,12,0,15,0,0,0,0,0,0,3,12,0,15,38,0,38,53
04/14/2022,ARR,IL,AGL,CE,Towers with Radar,0,3,21,0,24,0,0,15,0,15,0,3,36,0,39,4,0,4,43
04/15/2022,ARR,IL,AGL,CE,Towers with Radar,0,5,14,0,19,0,0,70,0,70,0,5,84,0,89,136,0,136,225
04/16/2022,ARR,IL,AGL,CE,Towers with Radar,0,0,12,0,12,0,0,110,0,110,0,0,122,0,122,136,0,136,258
04/17/2022,ARR,IL,AGL,CE,Towers with Radar,0,4,14,0,18,0,2,48,0,50,0,6,62,0,68,104,0,104,172
04/18/2022,ARR,IL,AGL,CE,Towers with Radar,0,8,14,0,22,0,0,0,0,0,0,8,14,0,22,0,0,0,22
04/19/2022,ARR,IL,AGL,CE,Towers with Radar,0,8,16,0,24,0,0,100,0,100,0,8,116,0,124,189,0,189,313
04/20/2022,ARR,IL,AGL,CE,Towers with Radar,0,5,16,0,21,0,0,19,0,19,0,5,35,0,40,68,0,68,108
04/21/2022,ARR,IL,AGL,CE,Towers with Radar,0,3,27,0,30,0,0,93,0,93,0,3,120,0,123,162,0,162,285
04/22/2022,ARR,IL,AGL,CE,Towers with Radar,0,2,15,0,17,0,0,12,0,12,0,2,27,0,29,84,0,84,113
04/23/2022,ARR,IL,AGL,CE,Towers with Radar,0,1,4,0,5,0,0,22,0,22,0,1,26,0,27,0,0,0,27
04/24/2022,ARR,IL,AGL,CE,Towers with Radar,0,3,19,0,22,0,0,9,0,9,0,3,28,0,31,24,0,24,55
04/25/2022,ARR,IL,AGL,CE,Towers with Radar,0,4,14,0,18,0,0,64,0,64,0,4,78,0,82,165,0,165,247
04/26/2022,ARR,IL,AGL,CE,Towers with Radar,0,1,18,0,19,0,0,77,0,77,0,1,95,0,96,88,0,88,184
04/27/2022,ARR,IL,AGL,CE,Towers with Radar,0,4,28,0,32,0,0,110,0,110,0,4,138,0,142,119,0,119,261
04/28/2022,ARR,IL,AGL,CE,Towers with Radar,0,1,26,0,27,0,0,45,0,45,0,1,71,0,72,96,0,96,168
04/29/2022,ARR,IL,AGL,CE,Towers with Radar,0,3,34,0,37,0,0,88,0,88,0,3,122,0,125,158,0,158,283
04/30/2022,ARR,IL,AGL,CE,Towers with Radar,0,5,9,0,14,0,0,9,0,9,0,5,18,0,23,2,0,2,25
05/01/2022,ARR,IL,AGL,CE,Towers with Radar,0,0,17,0,17,0,0,17,0,17,0,0,34,0,34,76,0,76,110
05/02/2022,ARR,IL,AGL,CE,Towers with Radar,0,3,27,0,30,0,0,72,0,72,0,3,99,0,102,244,0,244,346
05/03/2022,ARR,IL,AGL,CE,Towers with Radar,0,2,23,0,25,0,0,0,0,0,0,2,23,0,25,0,0,0,25
05/04/2022,ARR,IL,AGL,CE,Towers with Radar,0,1,29,0,30,0,0,107,0,107,0,1,136,0,137,210,0,210,347
05/05/2022,ARR,IL,AGL,CE,Towers with Radar,0,4,32,0,36,0,0,28,0,28,0,4,60,0,64,78,0,78,142
05/06/2022,ARR,IL,AGL,CE,Towers with Radar,0,2,28,0,30,0,0,4,0,4,0,2,32,0,34,0,0,0,34
05/07/2022,ARR,IL,AGL,CE,Towers with Radar,0,3,20,0,23,0,0,168,0,168,0,3,188,0,191,165,0,165,356
05/08/2022,ARR,IL,AGL,CE,Towers with Radar,0,1,11,0,12,0,0,58,0,58,0,1,69,0,70,74,0,74,144
05/09/2022,ARR,IL,AGL,CE,Towers with Radar,0,0,19,0,19,0,0,17,0,17,0,0,36,0,36,12,0,12,48
05/10/2022,ARR,IL,AGL,CE,Towers with Radar,0,2,23,0,25,0,0,105,0,105,0,2,128,0,130,187,0,187,317
05/11/2022,ARR,IL,AGL,CE,Towers with Radar,0,1,18,0,19,0,0,48,0,48,0,1,66,0,67,76,0,76,143
05/12/2022,ARR,IL,AGL,CE,Towers with Radar,0,3,20,0,23,0,0,112,0,112,0,3,132,0,135,125,0,125,260
05/13/2022,ARR,IL,AGL,CE,Towers with Radar,0,3,19,0,22,0,0,102,0,102,0,3,121,0,124,178,0,178,302
05/14/2022,ARR,IL,AGL,CE,Towers with Radar,0,1,7,0,8,0,0,78,0,78,0,1,85,0,86,172,0,172,258
05/15/2022,ARR,IL,AGL,CE,Towers with Radar,0,2,23,0,25,0,0,57,0,57,0,2,80,0,82,70,0,70,152
05/16/2022,ARR,IL,AGL,CE,Towers with Radar,0,1,24,0,25,0,0,70,0,70,0,1,94,0,95,116,0,116,211
05/17/2022,ARR,IL,AGL,CE,Towers with Radar,0,0,20,0,20,0,0,94,0,94,0,0,114,0,114,180,0,180,294
05/18/2022,ARR,IL,AGL,CE,Towers with Radar,0,2,25,0,27,0,0,4,0,4,0,2,29,0,31,8,0,8,39
05/19/2022,ARR,IL,AGL,CE,Towers with Radar,0,3,18,0,21,0,0,89,0,89,0,3,107,0,110,152,0,152,262
05/20/2022,ARR,IL,AGL,CE,Towers with Radar,0,4,14,0,18,0,0,21,0,21,0,4,35,0,39,6,0,6,45
05/21/2022,ARR,IL,AGL,CE,Towers with Radar,0,0,17,0,17,0,0,27,0,27,0,0,44,0,44,136,0,136,180
05/22/2022,ARR,IL,AGL,CE,Towers with Radar,0,1,21,0,22,0,0,159,0,159,0,1,180,0,181,84,0,84,265
05/23/2022,ARR,IL,AGL,CE,Towers with Radar,0,2,18,0,20,0,0,146,0,146,0,2,164,0,166,118,0,118,284
05/24/2022,ARR,IL,AGL,CE,Towers with Radar,0,3,26,0,29,0,0,108,0,108,0,3,134,0,137,157,0,157,294
05/25/2022,ARR,IL,AGL,CE,Towers with Radar,0,0,12,0,12,0,0,2,0,2,0,0,14,0,14,0,0,0,14
05/26/2022,ARR,IL,AGL,CE,Towers with Radar,0,4,35,0,39,0,0,12,0,12,0,4,47,0,51,96,0,96,147
05/27/2022,ARR,IL,AGL,CE,Towers with Radar,0,5,35,0,40,0,0,20,0,20,0,5,55,0,60,104,0,104,164
05/28/2022,ARR,IL,AGL,CE,Towers with Radar,0,3,16,0,19,0,0,101,0,101,0,3,117,0,120,134,0,134,254
05/29/2022,ARR,IL,AGL,CE,Towers with Radar,0,3,3,0,6,0,0,37,0,37,0,3,40,0,43,93,0,93,136
05/30/2022,ARR,IL,AGL,CE,Towers with Radar,0,2,13,0,15,0,0,40,0,40,0,2,53,0,55,38,0,38,93
05/31/2022,ARR,IL,AGL,CE,Towers with Radar,0,0,15,0,15,0,0,34,0,34,0,0,49,0,49,30,0,30,79
06/01/2022,ARR,IL,AGL,CE,Towers with Radar,0,1,30,0,31,0,0,111,0,111,0,1,141,0,142,216,0,216,358
06/02/2022,ARR,IL,AGL,CE,Towers with Radar,0,2,13,0,15,0,2,124,0,126,0,4,137,0,141,205,0,205,346
06/03/2022,ARR,IL,AGL,CE,Towers with Radar,0,2,22,0,24,0,2,109,0,111,0,4,131,0,135,126,0,126,261
06/04/2022,ARR,IL,AGL,CE,Towers with Radar,0,0,10,1,11,0,0,100,0,100,0,0,110,1,111,268,0,268,379
06/05/2022,ARR,IL,AGL,CE,Towers with Radar,0,1,13,0,14,0,3,92,0,95,0,4,105,0,109,154,0,154,263
06/06/2022,ARR,IL,AGL,CE,Towers with Radar,0,2,17,0,19,0,0,6,0,6,0,2,23,0,25,8,0,8,33
06/07/2022,ARR,IL,AGL,CE,Towers with Radar,0,2,28,0,30,0,0,99,0,99,0,2,127,0,129,224,0,224,353
06/08/2022,ARR,IL,AGL,CE,Towers with Radar,0,2,28,0,30,0,0,15,0,15,0,2,43,0,45,60,0,60,105
06/09/2022,ARR,IL,AGL,CE,Towers with Radar,0,3,32,0,35,0,1,107,0,108,0,4,139,0,143,214,0,214,357
06/10/2022,ARR,IL,AGL,CE,Towers with Radar,0,4,26,0,30,0,2,70,0,72,0,6,96,0,102,144,0,144,246
06/11/2022,ARR,IL,AGL,CE,Towers with Radar,0,3,28,0,31,0,0,43,0,43,0,3,71,0,74,120,0,120,194
06/12/2022,ARR,IL,AGL,CE,Towers with Radar,0,5,31,0,36,0,0,34,0,34,0,5,65,0,70,94,0,94,164
06/13/2022,ARR,IL,AGL,CE,Towers with Radar,0,8,26,0,34,0,0,63,0,63,0,8,89,0,97,210,0,210,307
06/14/2022,ARR,IL,AGL,CE,Towers with Radar,0,12,22,0,34,0,4,89,0,93,0,16,111,0,127,70,0,70,197
06/15/2022,ARR,IL,AGL,CE,Towers with Radar,0,1,27,0,28,0,0,52,0,52,0,1,79,0,80,122,0,122,202
06/16/2022,ARR,IL,AGL,CE,Towers with Radar,0,7,24,0,31,0,0,72,0,72,0,7,96,0,103,40,0,40,143
06/17/2022,ARR,IL,AGL,CE,Towers with Radar,0,5,28,0,33,0,0,124,0,124,0,5,152,0,157,262,0,262,419
06/18/2022,ARR,IL,AGL,CE,Towers with Radar,0,0,16,0,16,0,4,106,0,110,0,4,122,0,126,152,0,152,278
06/19/2022,ARR,IL,AGL,CE,Towers with Radar,0,1,24,0,25,0,4,93,0,97,0,5,117,0,122,114,0,114,236
06/20/2022,ARR,IL,AGL,CE,Towers with Radar,0,2,18,0,20,0,3,101,0,104,0,5,119,0,124,165,0,165,289
06/21/2022,ARR,IL,AGL,CE,Towers with Radar,0,6,13,0,19,0,2,61,0,63,0,8,74,0,82,50,0,50,132
06/22/2022,ARR,IL,AGL,CE,Towers with Radar,0,5,28,0,33,0,0,96,0,96,0,5,124,0,129,151,0,151,280
06/23/2022,ARR,IL,AGL,CE,Towers with Radar,0,4,33,0,37,0,2,101,0,103,0,6,134,0,140,192,0,192,332
06/24/2022,ARR,IL,AGL,CE,Towers with Radar,0,4,11,2,17,0,0,55,0,55,0,4,66,2,72,130,0,130,202
06/25/2022,ARR,IL,AGL,CE,Towers with Radar,0,2,9,0,11,0,0,25,0,25,0,2,34,0,36,43,0,43,79
06/26/2022,ARR,IL,AGL,CE,Towers with Radar,0,4,21,0,25,0,0,148,0,148,0,4,169,0,173,88,0,88,261
06/27/2022,ARR,IL,AGL,CE,Towers with Radar,0,5,22,0,27,0,0,125,0,125,0,5,147,0,152,229,0,229,381
06/28/2022,ARR,IL,AGL,CE,Towers with Radar,0,7,28,0,35,0,0,115,4,119,0,7,143,4,154,199,2,201,355
06/29/2022,ARR,IL,AGL,CE,Towers with Radar,0,5,38,0,43,0,0,94,0,94,0,5,132,0,137,264,0,264,401
06/30/2022,ARR,IL,AGL,CE,Towers with Radar,0,5,18,0,23,0,0,82,0,82,0,5,100,0,105,78,0,78,183
07/01/2022,ARR,IL,AGL,CE,Towers with Radar,0,2,27,0,29,0,0,56,0,56,0,2,83,0,85,188,0,188,273
07/02/2022,ARR,IL,AGL,CE,Towers with Radar,0,2,9,0,11,0,0,99,0,99,0,2,108,0,110,178,0,178,288
07/03/2022,ARR,IL,AGL,CE,Towers with Radar,0,3,14,0,17,0,1,100,0,101,0,4,114,0,118,132,0,132,250
07/04/2022,ARR,IL,AGL,CE,Towers with Radar,0,1,11,0,12,0,1,34,0,35,0,2,45,0,47,48,0,48,95
07/05/2022,ARR,IL,AGL,CE,Towers with Radar,0,2,21,0,23,0,0,51,0,51,0,2,72,0,74,114,0,114,188
07/06/2022,ARR,IL,AGL,CE,Towers with Radar,0,4,41,0,45,0,0,29,0,29,0,4,70,0,74,166,0,166,240
07/07/2022,ARR,IL,AGL,CE,Towers with Radar,0,3,29,0,32,0,0,73,0,73,0,3,102,0,105,234,0,234,339
07/08/2022,ARR,IL,AGL,CE,Towers with Radar,0,1,22,0,23,0,0,14,0,14,0,1,36,0,37,22,0,22,59
07/09/2022,ARR,IL,AGL,CE,Towers with Radar,0,1,9,0,10,0,0,122,0,122,0,1,131,0,132,122,0,122,254
07/10/2022,ARR,IL,AGL,CE,Towers with Radar,0,2,18,1,21,0,0,99,0,99,0,2,117,1,120,124,0,124,244
07/11/2022,ARR,IL,AGL,CE,Towers with Radar,0,1,18,0,19,0,0,45,0,45,0,1,63,0,64,207,0,207,271
07/12/2022,ARR,IL,AGL,CE,Towers with Radar,0,3,24,0,27,0,2,113,0,115,0,5,137,0,142,202,0,202,344
07/13/2022,ARR,IL,AGL,CE,Towers with Radar,0,0,42,0,42,0,1,144,0,145,0,1,186,0,187,216,0,216,403
07/14/2022,ARR,IL,AGL,CE,Towers with Radar,0,6,30,0,36,0,0,129,0,129,0,6,159,0,165,212,0,212,377
07/15/2022,ARR,IL,AGL,CE,Towers with Radar,0,4,15,0,19,0,0,0,0,0,0,4,15,0,19,30,0,30,49
07/16/2022,ARR,IL,AGL,CE,Towers with Radar,0,7,25,0,32,0,0,10,0,10,0,7,35,0,42,188,0,188,230
07/17/2022,ARR,IL,AGL,CE,Towers with Radar,0,2,31,0,33,0,0,17,0,17,0,2,48,0,50,96,0,96,146
07/18/2022,ARR,IL,AGL,CE,Towers with Radar,0,5,21,0,26,0,0,117,0,117,0,5,138,0,143,232,0,232,375
07/19/2022,ARR,IL,AGL,CE,Towers with Radar,0,1,17,0,18,0,0,114,0,114,0,1,131,0,132,238,0,238,370
07/20/2022,ARR,IL,AGL,CE,Towers with Radar,0,2,14,0,16,0,0,71,0,71,0,2,85,0,87,108,0,108,195
07/21/2022,ARR,IL,AGL,CE,Towers with Radar,0,6,17,1,24,0,0,126,0,126,0,6,143,1,150,264,0,264,414
07/22/2022,ARR,IL,AGL,CE,Towers with Radar,0,4,21,0,25,0,3,123,0,126,0,7,144,0,151,181,0,181,332
07/23/2022,ARR,IL,AGL,CE,Towers with Radar,0,2,9,0,11,0,0,32,0,32,0,2,41,0,43,72,0,72,115
07/24/2022,ARR,IL,AGL,CE,Towers with Radar,0,4,23,0,27,0,0,49,0,49,0,4,72,0,76,252,0,252,328
07/25/2022,ARR,IL,AGL,CE,Towers with Radar,0,4,21,0,25,0,0,110,0,110,0,4,131,0,135,265,0,265,400
07/26/2022,ARR,IL,AGL,CE,Towers with Radar,0,3,16,0,19,0,0,97,0,97,0,3,113,0,116,230,0,230,346
07/27/2022,ARR,IL,AGL,CE,Towers with Radar,0,8,20,0,28,0,0,28,0,28,0,8,48,0,56,90,0,90,146
07/28/2022,ARR,IL,AGL,CE,Towers with Radar,0,8,20,0,28,0,0,88,0,88,0,8,108,0,116,144,0,144,260
07/29/2022,ARR,IL,AGL,CE,Towers with Radar,0,2,13,0,15,0,0,107,0,107,0,2,120,0,122,216,0,216,338
07/30/2022,ARR,IL,AGL,CE,Towers with Radar,0,0,18,0,18,0,0,89,0,89,0,0,107,0,107,197,0,197,304
07/31/2022,ARR,IL,AGL,CE,Towers with Radar,0,3,18,0,21,0,0,95,0,95,0,3,113,0,116,92,0,92,208
08/01/2022,ARR,IL,AGL,CE,Towers with Radar,0,5,20,0,25,0,0,75,0,75,0,5,95,0,100,154,0,154,254
08/02/2022,ARR,IL,AGL,CE,Towers with Radar,0,5,17,0,22,0,0,124,0,124,0,5,141,0,146,191,0,191,337
08/03/2022,ARR,IL,AGL,CE,Towers with Radar,0,6,22,0,28,0,0,33,0,33,0,6,55,0,61,54,0,54,115
08/04/2022,ARR,IL,AGL,CE,Towers with Radar,0,4,38,0,42,0,0,32,0,32,0,4,70,0,74,230,0,230,304
08/05/2022,ARR,IL,AGL,CE,Towers with Radar,0,4,15,0,19,0,0,97,0,97,0,4,112,0,116,152,0,152,268
08/06/2022,ARR,IL,AGL,CE,Towers with Radar,0,2,21,0,23,0,1,61,0,62,0,3,82,0,85,180,0,180,265
08/07/2022,ARR,IL,AGL,CE,Towers with Radar,0,6,16,0,22,0,0,5,0,5,0,6,21,0,27,28,0,28,55
08/08/2022,ARR,IL,AGL,CE,Towers with Radar,0,5,30,0,35,0,0,4,0,4,0,5,34,0,39,6,0,6,45
08/09/2022,ARR,IL,AGL,CE,Towers with Radar,0,8,29,0,37,0,4,115,0,119,0,12,144,0,156,177,0,177,333
08/10/2022,ARR,IL,AGL,CE,Towers with Radar,0,4,38,0,42,0,7,115,0,122,0,11,153,0,164,242,0,242,406
08/11/2022,ARR,IL,AGL,CE,Towers with Radar,0,4,17,0,21,0,0,118,0,118,0,4,135,0,139,246,0,246,385
08/12/2022,ARR,IL,AGL,CE,Towers with Radar,0,3,23,1,27,0,0,97,0,97,0,3,120,1,124,250,0,250,374
08/13/2022,ARR,IL,AGL,CE,Towers with Radar,0,0,6,0,6,0,0,60,0,60,0,0,66,0,66,80,0,80,146
08/14/2022,ARR,IL,AGL,CE,Towers with Radar,0,1,35,1,37,0,0,25,0,25,0,1,60,1,62,205,0,205,267
08/15/2022,ARR,IL,AGL,CE,Towers with Radar,0,5,27,0,32,0,2,71,0,73,0,7,98,0,105,217,0,217,322
08/16/2022,ARR,IL,AGL,CE,Towers with Radar,0,0,24,0,24,0,4,116,0,120,0,4,140,0,144,120,0,120,264
08/17/2022,ARR,IL,AGL,CE,Towers with Radar,0,2,21,0,23,0,2,131,0,133,0,4,152,0,156,157,0,157,313
08/18/2022,ARR,IL,AGL,CE,Towers with Radar,0,4,15,0,19,0,1,125,0,126,0,5,140,0,145,155,0,155,300
08/19/2022,ARR,IL,AGL,CE,Towers with Radar,0,2,34,0,36,0,1,79,0,80,0,3,113,0,116,172,0,172,288
08/20/2022,ARR,IL,AGL,CE,Towers with Radar,0,1,10,0,11,0,0,0,0,0,0,1,10,0,11,32,0,32,43
08/21/2022,ARR,IL,AGL,CE,Towers with Radar,0,7,30,0,37,0,0,110,0,110,0,7,140,0,147,148,0,148,295
08/22/2022,ARR,IL,AGL,CE,Towers with Radar,0,8,20,0,28,0,1,107,0,108,0,9,127,0,136,212,0,212,348
08/23/2022,ARR,IL,AGL,CE,Towers with Radar,0,3,21,0,24,0,1,106,0,107,0,4,127,0,131,239,0,239,370
08/24/2022,ARR,IL,AGL,CE,Towers with Radar,0,1,19,0,20,0,1,111,0,112,0,2,130,0,132,190,0,190,322
08/25/2022,ARR,IL,AGL,CE,Towers with Radar,0,3,24,0,27,0,0,29,0,29,0,3,53,0,56,111,0,111,167
08/26/2022,ARR,IL,AGL,CE,Towers with Radar,0,2,27,0,29,0,1,80,0,81,0,3,107,0,110,291,0,291,401
08/27/2022,ARR,IL,AGL,CE,Towers with Radar,0,2,9,0,11,0,0,125,0,125,0,2,134,0,136,116,0,116,252
08/28/2022,ARR,IL,AGL,CE,Towers with Radar,0,1,16,0,17,0,0,47,0,47,0,1,63,0,64,136,0,136,200
08/29/2022,ARR,IL,AGL,CE,Towers with Radar,0,0,16,0,16,0,0,25,0,25,0,0,41,0,41,54,0,54,95
08/30/2022,ARR,IL,AGL,CE,Towers with Radar,0,4,18,0,22,0,0,90,0,90,0,4,108,0,112,97,0,97,209
08/31/2022,ARR,IL,AGL,CE,Towers with Radar,0,3,22,0,25,0,0,123,0,123,0,3,145,0,148,149,0,149,297
09/01/2022,ARR,IL,AGL,CE,Towers with Radar,0,0,23,0,23,0,0,121,0,121,0,0,144,0,144,121,0,121,265
09/02/2022,ARR,IL,AGL,CE,Towers with Radar,0,1,25,0,26,0,1,108,0,109,0,2,133,0,135,132,0,132,267
09/03/2022,ARR,IL,AGL,CE,Towers with Radar,0,4,5,0,9,0,2,74,0,76,0,6,79,0,85,219,0,219,304
09/04/2022,ARR,IL,AGL,CE,Towers with Radar,0,0,12,0,12,0,0,11,0,11,0,0,23,0,23,68,0,68,91
09/05/2022,ARR,IL,AGL,CE,Towers with Radar,0,4,28,0,32,0,0,33,0,33,0,4,61,0,65,70,0,70,135
09/06/2022,ARR,IL,AGL,CE,Towers with Radar,0,4,20,2,26,0,0,94,0,94,0,4,114,2,120,110,0,110,230
09/07/2022,ARR,IL,AGL,CE,Towers with Radar,0,1,24,0,25,0,1,114,0,115,0,2,138,0,140,118,0,118,258
09/08/2022,ARR,IL,AGL,CE,Towers with Radar,0,6,17,0,23,0,2,100,0,102,0,8,117,0,125,138,0,138,263
09/09/2022,ARR,IL,AGL,CE,Towers with Radar,0,2,26,1,29,0,2,98,0,100,0,4,124,1,129,212,0,212,341
09/10/2022,ARR,IL,AGL,CE,Towers with Radar,0,5,12,0,17,0,2,114,0,116,0,7,126,0,133,162,0,162,295
09/11/2022,ARR,IL,AGL,CE,Towers with Radar,0,1,21,1,23,0,0,1,0,1,0,1,22,1,24,0,0,0,24
09/12/2022,ARR,IL,AGL,CE,Towers with Radar,0,6,35,0,41,0,0,1,0,1,0,6,36,0,42,32,0,32,74
09/13/2022,ARR,IL,AGL,CE,Towers with Radar,0,16,21,0,37,0,1,117,0,118,0,17,138,0,155,162,0,162,317
09/14/2022,ARR,IL,AGL,CE,Towers with Radar,0,7,23,0,30,0,1,112,0,113,0,8,135,0,143,110,0,110,253
09/15/2022,ARR,IL,AGL,CE,Towers with Radar,0,6,34,0,40,0,0,113,0,113,0,6,147,0,153,97,0,97,250
09/16/2022,ARR,IL,AGL,CE,Towers with Radar,0,8,19,0,27,0,1,107,0,108,0,9,126,0,135,130,0,130,265
09/17/2022,ARR,IL,AGL,CE,Towers with Radar,0,3,20,1,24,0,1,104,0,105,0,4,124,1,129,40,0,40,169
09/18/2022,ARR,IL,AGL,CE,Towers with Radar,0,31,27,0,58,0,0,151,0,151,0,31,178,0,209,60,0,60,269
09/19/2022,ARR,IL,AGL,CE,Towers with Radar,0,4,21,0,25,0,1,105,0,106,0,5,126,0,131,163,0,163,294
09/20/2022,ARR,IL,AGL,CE,Towers with Radar,0,6,15,0,21,0,2,77,0,79,0,8,92,0,100,68,0,68,168
09/21/2022,ARR,IL,AGL,CE,Towers with Radar,0,11,30,0,41,0,1,89,0,90,0,12,119,0,131,128,0,128,259
09/22/2022,ARR,IL,AGL,CE,Towers with Radar,0,1,22,0,23,0,0,105,0,105,0,1,127,0,128,183,0,183,311
09/23/2022,ARR,IL,AGL,CE,Towers with Radar,0,3,30,0,33,0,0,99,0,99,0,3,129,0,132,234,0,234,366
09/24/2022,ARR,IL,AGL,CE,Towers with Radar,0,1,19,0,20,0,0,62,0,62,0,1,81,0,82,172,0,172,254
09/25/2022,ARR,IL,AGL,CE,Towers with Radar,0,1,14,0,15,0,0,30,0,30,0,1,44,0,45,82,0,82,127
09/26/2022,ARR,IL,AGL,CE,Towers with Radar,0,3,23,0,26,0,0,69,0,69,0,3,92,0,95,108,0,108,203
09/27/2022,ARR,IL,AGL,CE,Towers with Radar,0,2,25,0,27,0,2,70,0,72,0,4,95,0,99,142,0,142,241
09/28/2022,ARR,IL,AGL,CE,Towers with Radar,0,1,16,0,17,0,1,118,0,119,0,2,134,0,136,158,0,158,294
09/29/2022,ARR,IL,AGL,CE,Towers with Radar,0,4,19,0,23,0,5,108,0,113,0,9,127,0,136,239,0,239,375
09/30/2022,ARR,IL,AGL,CE,Towers with Radar,0,0,24,0,24,0,9,93,0,102,0,9,117,0,126,185,0,185,311
10/01/2022,ARR,IL,AGL,CE,Towers with Radar,0,0,14,0,14,0,2,119,0,121,0,2,133,0,135,170,0,170,305
10/02/2022,ARR,IL,AGL,CE,Towers with Radar,0,0,21,0,21,0,0,71,0,71,0,0,92,0,92,158,0,158,250
10/03/2022,ARR,IL,AGL,CE,Towers with Radar,0,3,16,0,19,0,3,81,0,84,0,6,97,0,103,135,0,135,238
10/04/2022,ARR,IL,AGL,CE,Towers with Radar,0,3,13,0,16,0,3,88,0,91,0,6,101,0,107,148,0,148,255
10/05/2022,ARR,IL,AGL,CE,Towers with Radar,0,0,25,0,25,0,0,77,0,77,0,0,102,0,102,171,0,171,273
10/06/2022,ARR,IL,AGL,CE,Towers with Radar,0,3,20,0,23,0,0,62,0,62,0,3,82,0,85,157,0,157,242
10/07/2022,ARR,IL,AGL,CE,Towers with Radar,0,1,14,1,16,0,1,84,0,85,0,2,98,1,101,125,0,125,226
10/08/2022,ARR,IL,AGL,CE,Towers with Radar,0,3,5,0,8,0,0,104,0,104,0,3,109,0,112,140,0,140,252
10/09/2022,ARR,IL,AGL,CE,Towers with Radar,0,1,18,1,20,0,0,96,0,96,0,1,114,1,116,88,0,88,204
10/10/2022,ARR,IL,AGL,CE,Towers with Radar,0,3,16,0,19,0,0,86,0,86,0,3,102,0,105,188,0,188,293
10/11/2022,ARR,IL,AGL,CE,Towers with Radar,0,5,19,0,24,0,0,30,0,30,0,5,49,0,54,44,0,44,98
10/12/2022,ARR,IL,AGL,CE,Towers with Radar,0,3,18,0,21,0,0,19,0,19,0,3,37,0,40,97,0,97,137
10/13/2022,ARR,IL,AGL,CE,Towers with Radar,0,6,26,0,32,0,0,51,0,51,0,6,77,0,83,69,0,69,152
10/14/2022,ARR,IL,AGL,CE,Towers with Radar,0,2,12,0,14,0,0,72,0,72,0,2,84,0,86,39,0,39,125
10/15/2022,ARR,IL,AGL,CE,Towers with Radar,0,0,16,0,16,0,2,92,0,94,0,2,108,0,110,164,0,164,274
10/16/2022,ARR,IL,AGL,CE,Towers with Radar,0,4,11,0,15,0,1,108,0,109,0,5,119,0,124,111,0,111,235
10/17/2022,ARR,IL,AGL,CE,Towers with Radar,0,2,20,0,22,0,0,14,0,14,0,2,34,0,36,10,0,10,46
10/18/2022,ARR,IL,AGL,CE,Towers with Radar,0,3,16,0,19,0,0,36,0,36,0,3,52,0,55,54,0,54,109
10/19/2022,ARR,IL,AGL,CE,Towers with Radar,0,1,23,0,24,0,1,112,0,113,0,2,135,0,137,192,0,192,329
10/20/2022,ARR,IL,AGL,CE,Towers with Radar,0,2,18,0,20,0,0,98,0,98,0,2,116,0,118,336,0,336,454
10/21/2022,ARR,IL,AGL,CE,Towers with Radar,0,2,19,0,21,0,0,87,0,87,0,2,106,0,108,146,0,146,254
10/22/2022,ARR,IL,AGL,CE,Towers with Radar,0,0,6,0,6,0,0,96,0,96,0,0,102,0,102,150,0,150,252
10/23/2022,ARR,IL,AGL,CE,Towers with Radar,0,2,12,2,16,0,0,32,0,32,0,2,44,2,48,44,0,44,92
10/24/2022,ARR,IL,AGL,CE,Towers with Radar,0,3,15,0,18,0,0,19,0,19,0,3,34,0,37,40,0,40,77
10/25/2022,ARR,IL,AGL,CE,Towers with Radar,0,3,26,0,29,0,0,0,0,0,0,3,26,0,29,0,0,0,29
10/26/2022,ARR,IL,AGL,CE,Towers with Radar,0,1,15,0,16,0,0,111,0,111,0,1,126,0,127,230,0,230,357
10/27/2022,ARR,IL,AGL,CE,Towers with Radar,0,2,26,1,29,0,0,126,1,127,0,2,152,2,156,199,0,199,355
10/28/2022,ARR,IL,AGL,CE,Towers with Radar,0,3,31,0,34,0,0,90,0,90,0,3,121,0,124,222,0,222,346
10/29/2022,ARR,IL,AGL,CE,Towers with Radar,0,1,16,0,17,0,0,135,0,135,0,1,151,0,152,174,0,174,326
10/30/2022,ARR,IL,AGL,CE,Towers with Radar,0,0,15,0,15,0,0,96,0,96,0,0,111,0,111,178,0,178,289
10/31/2022,ARR,IL,AGL,CE,Towers with Radar,0,1,13,0,14,0,0,3,0,3,0,1,16,0,17,0,0,0,17
11/01/2022,ARR,IL,AGL,CE,Towers with Radar,0,7,18,0,25,0,0,132,1,133,0,7,150,1,158,152,0,152,310
11/02/2022,ARR,IL,AGL,CE,Towers with Radar,0,3,19,0,22,0,0,93,0,93,0,3,112,0,115,240,0,240,355
11/03/2022,ARR,IL,AGL,CE,Towers with Radar,0,4,21,0,25,0,0,67,0,67,0,4,88,0,92,92,0,92,184
11/04/2022,ARR,IL,AGL,CE,Towers with Radar,0,3,15,0,18,0,0,31,0,31,0,3,46,0,49,50,0,50,99
11/05/2022,ARR,IL,AGL,CE,Towers with Radar,0,2,4,0,6,0,0,0,0,0,0,2,4,0,6,0,0,0,6
11/06/2022,ARR,IL,AGL,CE,Towers with Radar,0,5,18,0,23,0,0,86,0,86,0,5,104,0,109,182,0,182,291
11/07/2022,ARR,IL,AGL,CE,Towers with Radar,0,1,10,0,11,0,0,105,0,105,0,1,115,0,116,173,0,173,289
11/08/2022,ARR,IL,AGL,CE,Towers with Radar,0,2,22,0,24,0,0,112,0,112,0,2,134,0,136,213,0,213,349
11/09/2022,ARR,IL,AGL,CE,Towers with Radar,0,4,12,0,16,0,2,83,0,85,0,6,95,0,101,136,0,136,237
11/10/2022,ARR,IL,AGL,CE,Towers with Radar,0,2,13,0,15,0,0,56,0,56,0,2,69,0,71,59,0,59,130
11/11/2022,ARR,IL,AGL,CE,Towers with Radar,0,4,20,0,24,0,0,73,0,73,0,4,93,0,97,173,0,173,270
11/12/2022,ARR,IL,AGL,CE,Towers with Radar,0,1,5,0,6,0,0,33,0,33,0,1,38,0,39,112,0,112,151
11/13/2022,ARR,IL,AGL,CE,Towers with Radar,0,3,15,0,18,0,0,104,0,104,0,3,119,0,122,214,0,214,336
11/14/2022,ARR,IL,AGL,CE,Towers with Radar,0,7,29,0,36,0,0,85,0,85,0,7,114,0,121,176,0,176,297
11/15/2022,ARR,IL,AGL,CE,Towers with Radar,0,4,12,0,16,0,0,0,0,0,0,4,12,0,16,0,0,0,16
11/16/2022,ARR,IL,AGL,CE,Towers with Radar,0,2,11,0,13,0,0,1,0,1,0,2,12,0,14,0,0,0,14
11/17/2022,ARR,IL,AGL,CE,Towers with Radar,0,2,13,0,15,0,0,19,0,19,0,2,32,0,34,150,0,150,184
11/18/2022,ARR,IL,AGL,CE,Towers with Radar,0,3,13,0,16,0,0,3,0,3,0,3,16,0,19,18,0,18,37
11/19/2022,ARR,IL,AGL,CE,Towers with Radar,0,7,9,0,16,0,0,16,0,16,0,7,25,0,32,8,0,8,40
11/20/2022,ARR,IL,AGL,CE,Towers with Radar,0,3,22,0,25,0,0,82,0,82,0,3,104,0,107,184,0,184,291
11/21/2022,ARR,IL,AGL,CE,Towers with Radar,0,5,20,0,25,0,0,92,0,92,0,5,112,0,117,186,0,186,303
11/22/2022,ARR,IL,AGL,CE,Towers with Radar,0,4,18,0,22,0,0,133,0,133,0,4,151,0,155,166,0,166,321
11/23/2022,ARR,IL,AGL,CE,Towers with Radar,0,4,18,0,22,0,0,113,0,113,0,4,131,0,135,214,0,214,349
11/24/2022,ARR,IL,AGL,CE,Towers with Radar,0,0,1,0,1,0,0,6,0,6,0,0,7,0,7,0,0,0,7
11/25/2022,ARR,IL,AGL,CE,Towers with Radar,0,1,10,0,11,0,0,106,0,106,0,1,116,0,117,93,0,93,210
11/26/2022,ARR,IL,AGL,CE,Towers with Radar,0,2,19,0,21,0,0,82,0,82,0,2,101,0,103,114,0,114,217
11/27/2022,ARR,IL,AGL,CE,Towers with Radar,0,4,24,0,28,0,0,6,0,6,0,4,30,0,34,118,0,118,152
11/28/2022,ARR,IL,AGL,CE,Towers with Radar,0,5,21,0,26,0,0,69,0,69,0,5,90,0,95,160,0,160,255
11/29/2022,ARR,IL,AGL,CE,Towers with Radar,0,0,25,0,25,0,0,3,0,3,0,0,28,0,28,0,0,0,28
11/30/2022,ARR,IL,AGL,CE,Towers with Radar,0,1,16,0,17,0,0,2,0,2,0,1,18,0,19,0,0,0,19
12/01/2022,ARR,IL,AGL,CE,Towers with Radar,0,5,11,0,16,0,0,104,0,104,0,5,115,0,120,197,0,197,317
12/02/2022,ARR,IL,AGL,CE,Towers with Radar,0,7,14,0,21,0,0,13,0,13,0,7,27,0,34,56,0,56,90
12/03/2022,ARR,IL,AGL,CE,Towers with Radar,0,0,15,0,15,0,2,62,0,64,0,2,77,0,79,110,0,110,189
12/04/2022,ARR,IL,AGL,CE,Towers with Radar,0,6,21,0,27,0,0,90,0,90,0,6,111,0,117,112,0,112,229
12/05/2022,ARR,IL,AGL,CE,Towers with Radar,0,4,12,0,16,0,0,70,0,70,0,4,82,0,86,98,0,98,184
12/06/2022,ARR,IL,AGL,CE,Towers with Radar,0,0,10,2,12,0,0,11,0,11,0,0,21,2,23,169,0,169,192
12/07/2022,ARR,IL,AGL,CE,Towers with Radar,0,4,26,0,30,0,0,22,0,22,0,4,48,0,52,203,0,203,255
12/08/2022,ARR,IL,AGL,CE,Towers with Radar,0,4,12,0,16,0,0,69,0,69,0,4,81,0,85,137,0,137,222
12/09/2022,ARR,IL,AGL,CE,Towers with Radar,0,3,10,0,13,0,0,0,0,0,0,3,10,0,13,0,0,0,13
12/10/2022,ARR,IL,AGL,CE,Towers with Radar,0,2,8,0,10,0,0,1,0,1,0,2,9,0,11,0,0,0,11
12/11/2022,ARR,IL,AGL,CE,Towers with Radar,0,3,6,0,9,0,1,34,0,35,0,4,40,0,44,292,0,292,336
12/12/2022,ARR,IL,AGL,CE,Towers with Radar,2,2,16,0,20,0,0,38,0,38,2,2,54,0,58,130,0,130,188
12/13/2022,ARR,IL,AGL,CE,Towers with Radar,0,2,21,0,23,0,0,59,1,60,0,2,80,1,83,165,0,165,248
12/14/2022,ARR,IL,AGL,CE,Towers with Radar,0,0,26,0,26,0,0,0,0,0,0,0,26,0,26,0,0,0,26
12/15/2022,ARR,IL,AGL,CE,Towers with Radar,0,2,11,0,13,0,0,9,0,9,0,2,20,0,22,125,0,125,147
12/16/2022,ARR,IL,AGL,CE,Towers with Radar,0,2,16,0,18,0,0,0,0,0,0,2,16,0,18,0,0,0,18
12/17/2022,ARR,IL,AGL,CE,Towers with Radar,0,4,7,0,11,0,0,8,0,8,0,4,15,0,19,90,0,90,109
12/18/2022,ARR,IL,AGL,CE,Towers with Radar,0,2,22,0,24,0,0,40,0,40,0,2,62,0,64,162,0,162,226
12/19/2022,ARR,IL,AGL,CE,Towers with Radar,0,2,14,0,16,0,0,89,0,89,0,2,103,0,105,160,0,160,265
12/20/2022,ARR,IL,AGL,CE,Towers with Radar,0,1,19,0,20,0,0,38,0,38,0,1,57,0,58,222,0,222,280
12/21/2022,ARR,IL,AGL,CE,Towers with Radar,0,4,15,0,19,0,0,15,0,15,0,4,30,0,34,184,0,184,218
12/22/2022,ARR,IL,AGL,CE,Towers with Radar,0,0,2,0,2,0,0,0,0,0,0,0,2,0,2,0,0,0,2
12/23/2022,ARR,IL,AGL,CE,Towers with Radar,0,1,3,0,4,0,0,0,0,0,0,1,3,0,4,0,0,0,4
12/24/2022,ARR,IL,AGL,CE,Towers with Radar,0,2,1,0,3,0,0,0,0,0,0,2,1,0,3,0,0,0,3
12/25/2022,ARR,IL,AGL,CE,Towers with Radar,0,4,1,0,5,0,0,3,0,3,0,4,4,0,8,0,0,0,8
12/26/2022,ARR,IL,AGL,CE,Towers with Radar,0,3,8,0,11,0,0,12,0,12,0,3,20,0,23,4,0,4,27
12/27/2022,ARR,IL,AGL,CE,Towers with Radar,0,4,10,0,14,0,0,81,0,81,0,4,91,0,95,74,0,74,169
12/28/2022,ARR,IL,AGL,CE,Towers with Radar,0,4,12,0,16,0,0,31,0,31,0,4,43,0,47,36,0,36,83
12/29/2022,ARR,IL,AGL,CE,Towers with Radar,0,5,16,0,21,0,0,5,0,5,0,5,21,0,26,28,0,28,54
12/30/2022,ARR,IL,AGL,CE,Towers with Radar,0,4,19,0,23,0,0,8,0,8,0,4,27,0,31,68,0,68,99
12/31/2022,ARR,IL,AGL,CE,Towers with Radar,0,0,5,0,5,0,0,70,0,70,0,0,75,0,75,176,0,176,251
01/01/2023,ARR,IL,AGL,CE,Towers with Radar,0,1,15,0,16,0,0,0,0,0,0,1,15,0,16,0,0,0,16
01/02/2023,ARR,IL,AGL,CE,Towers with Radar,0,3,13,0,16,0,0,31,0,31,0,3,44,0,47,52,0,52,99
01/03/2023,ARR,IL,AGL,CE,Towers with Radar,0,2,12,0,14,0,0,0,0,0,0,2,12,0,14,0,0,0,14
01/04/2023,ARR,IL,AGL,CE,Towers with Radar,0,6,10,0,16,0,0,7,0,7,0,6,17,0,23,90,0,90,113
01/05/2023,ARR,IL,AGL,CE,Towers with Radar,0,1,13,0,14,0,0,2,0,2,0,1,15,0,16,0,0,0,16
01/06/2023,ARR,IL,AGL,CE,Towers with Radar,0,1,17,0,18,0,0,14,0,14,0,1,31,0,32,68,0,68,100
01/07/2023,ARR,IL,AGL,CE,Towers with Radar,0,0,11,0,11,0,0,1,0,1,0,0,12,0,12,86,0,86,98
01/08/2023,ARR,IL,AGL,CE,Towers with Radar,0,1,16,0,17,0,0,8,0,8,0,1,24,0,25,132,0,132,157
01/09/2023,ARR,IL,AGL,CE,Towers with Radar,0,4,20,0,24,0,0,114,0,114,0,4,134,0,138,138,0,138,276
01/10/2023,ARR,IL,AGL,CE,Towers with Radar,0,0,18,0,18,0,0,120,0,120,0,0,138,0,138,166,0,166,304
01/11/2023,ARR,IL,AGL,CE,Towers with Radar,0,0,33,0,33,0,0,73,0,73,0,0,106,0,106,116,0,116,222
01/12/2023,ARR,IL,AGL,CE,Towers with Radar,0,1,13,0,14,0,0,2,0,2,0,1,15,0,16,24,0,24,40
01/13/2023,ARR,IL,AGL,CE,Towers with Radar,0,2,19,0,21,0,0,21,0,21,0,2,40,0,42,76,0,76,118
01/14/2023,ARR,IL,AGL,CE,Towers with Radar,0,0,20,1,21,0,0,56,0,56,0,0,76,1,77,276,0,276,353
01/15/2023,ARR,IL,AGL,CE,Towers with Radar,0,2,13,0,15,0,1,85,0,86,0,3,98,0,101,110,0,110,211
01/16/2023,ARR,IL,AGL,CE,Towers with Radar,0,1,21,0,22,0,0,0,0,0,0,1,21,0,22,6,0,6,28
01/17/2023,ARR,IL,AGL,CE,Towers with Radar,0,1,6,0,7,0,0,2,0,2,0,1,8,0,9,46,0,46,55
01/18/2023,ARR,IL,AGL,CE,Towers with Radar,0,0,9,0,9,0,0,22,0,22,0,0,31,0,31,190,0,190,221
01/19/2023,ARR,IL,AGL,CE,Towers with Radar,0,1,10,0,11,0,0,0,0,0,0,1,10,0,11,0,0,0,11
01/20/2023,ARR,IL,AGL,CE,Towers with Radar,0,2,15,0,17,0,0,25,0,25,0,2,40,0,42,70,0,70,112
01/21/2023,ARR,IL,AGL,CE,Towers with Radar,0,1,8,0,9,0,0,0,0,0,0,1,8,0,9,38,0,38,47
01/22/2023,ARR,IL,AGL,CE,Towers with Radar,0,2,7,0,9,0,0,0,0,0,0,2,7,0,9,0,0,0,9
01/23/2023,ARR,IL,AGL,CE,Towers with Radar,0,0,18,0,18,0,0,5,0,5,0,0,23,0,23,128,0,128,151
01/24/2023,ARR,IL,AGL,CE,Towers with Radar,0,5,23,0,28,0,0,61,0,61,0,5,84,0,89,156,0,156,245
01/25/2023,ARR,IL,AGL,CE,Towers with Radar,0,3,5,0,8,0,0,0,0,0,0,3,5,0,8,0,0,0,8
01/26/2023,ARR,IL,AGL,CE,Towers with Radar,0,2,9,0,11,0,0,2,0,2,0,2,11,0,13,60,0,60,73
01/27/2023,ARR,IL,AGL,CE,Towers with Radar,0,4,10,0,14,0,0,5,0,5,0,4,15,0,19,6,0,6,25
01/28/2023,ARR,IL,AGL,CE,Towers with Radar,0,1,5,0,6,0,0,11,0,11,0,1,16,0,17,40,0,40,57
01/29/2023,ARR,IL,AGL,CE,Towers with Radar,0,1,10,0,11,0,0,15,0,15,0,1,25,0,26,92,0,92,118
01/30/2023,ARR,IL,AGL,CE,Towers with Radar,0,3,20,0,23,0,0,74,0,74,0,3,94,0,97,56,0,56,153
01/31/2023,ARR,IL,AGL,CE,Towers with Radar,0,4,14,0,18,0,2,65,0,67,0,6,79,0,85,52,0,52,137
02/01/2023,ARR,IL,AGL,CE,Towers with Radar,0,2,18,0,20,0,0,80,0,80,0,2,98,0,100,214,0,214,314
02/02/2023,ARR,IL,AGL,CE,Towers with Radar,0,2,13,0,15,0,0,81,0,81,0,2,94,0,96,136,0,136,232
02/03/2023,ARR,IL,AGL,CE,Towers with Radar,0,0,7,0,7,0,0,53,0,53,0,0,60,0,60,92,0,92,152
02/04/2023,ARR,IL,AGL,CE,Towers with Radar,0,0,9,0,9,0,0,54,0,54,0,0,63,0,63,127,0,127,190
02/05/2023,ARR,IL,AGL,CE,Towers with Radar,0,3,18,0,21,0,0,84,0,84,0,3,102,0,105,108,0,108,213
02/06/2023,ARR,IL,AGL,CE,Towers with Radar,0,2,20,0,22,0,0,108,0,108,0,2,128,0,130,98,0,98,228
02/07/2023,ARR,IL,AGL,CE,Towers with Radar,0,4,12,0,16,0,0,19,0,19,0,4,31,0,35,98,0,98,133
02/08/2023,ARR,IL,AGL,CE,Towers with Radar,0,0,21,0,21,0,0,103,0,103,0,0,124,0,124,132,0,132,256
02/09/2023,ARR,IL,AGL,CE,Towers with Radar,0,1,6,0,7,0,0,0,0,0,0,1,6,0,7,0,0,0,7
02/10/2023,ARR,IL,AGL,CE,Towers with Radar,0,4,12,0,16,0,0,72,0,72,0,4,84,0,88,147,0,147,235
02/11/2023,ARR,IL,AGL,CE,Towers with Radar,0,1,9,0,10,0,0,115,0,115,0,1,124,0,125,190,0,190,315
02/12/2023,ARR,IL,AGL,CE,Towers with Radar,0,2,9,0,11,0,0,110,0,110,0,2,119,0,121,178,0,178,299
02/13/2023,ARR,IL,AGL,CE,Towers with Radar,0,1,16,0,17,0,0,84,0,84,0,1,100,0,101,158,0,158,259
02/14/2023,ARR,IL,AGL,CE,Towers with Radar,0,1,13,0,14,0,0,20,0,20,0,1,33,0,34,42,0,42,76
02/15/2023,ARR,IL,AGL,CE,Towers with Radar,0,2,18,0,20,0,0,7,0,7,0,2,25,0,27,42,0,42,69
02/16/2023,ARR,IL,AGL,CE,Towers with Radar,0,0,9,0,9,0,0,0,0,0,0,0,9,0,9,0,0,0,9
02/17/2023,ARR,IL,AGL,CE,Towers with Radar,0,4,19,0,23,0,0,83,0,83,0,4,102,0,106,185,0,185,291
02/18/2023,ARR,IL,AGL,CE,Towers with Radar,0,4,14,0,18,0,0,99,0,99,0,4,113,0,117,114,0,114,231
02/19/2023,ARR,IL,AGL,CE,Towers with Radar,0,0,8,0,8,0,0,41,0,41,0,0,49,0,49,106,0,106,155
02/20/2023,ARR,IL,AGL,CE,Towers with Radar,0,4,29,0,33,0,0,123,0,123,0,4,152,0,156,146,0,146,302
02/21/2023,ARR,IL,AGL,CE,Towers with Radar,0,0,16,0,16,0,0,45,0,45,0,0,61,0,61,76,0,76,137
02/22/2023,ARR,IL,AGL,CE,Towers with Radar,0,0,5,0,5,0,0,0,0,0,0,0,5,0,5,0,0,0,5
02/23/2023,ARR,IL,AGL,CE,Towers with Radar,0,7,12,0,19,0,0,1,0,1,0,7,13,0,20,0,0,0,20
02/24/2023,ARR,IL,AGL,CE,Towers with Radar,0,1,12,0,13,0,0,77,0,77,0,1,89,0,90,173,0,173,263
02/25/2023,ARR,IL,AGL,CE,Towers with Radar,0,0,10,0,10,0,0,57,0,57,0,0,67,0,67,120,0,120,187
02/26/2023,ARR,IL,AGL,CE,Towers with Radar,0,1,24,0,25,0,0,179,0,179,0,1,203,0,204,48,0,48,252
02/27/2023,ARR,IL,AGL,CE,Towers with Radar,0,2,9,0,11,0,0,2,0,2,0,2,11,0,13,52,0,52,65
02/28/2023,ARR,IL,AGL,CE,Towers with Radar,0,6,20,0,26,0,0,85,0,85,0,6,105,0,111,68,0,68,179
03/01/2023,ARR,IL,AGL,CE,Towers with Radar,0,7,31,1,39,0,0,61,0,61,0,7,92,1,100,68,0,68,168
03/02/2023,ARR,IL,AGL,CE,Towers with Radar,0,1,10,0,11,0,0,38,0,38,0,1,48,0,49,116,0,116,165
03/03/2023,ARR,IL,AGL,CE,Towers with Radar,0,1,5,0,6,0,0,2,0,2,0,1,7,0,8,14,0,14,22
03/04/2023,ARR,IL,AGL,CE,Towers with Radar,0,1,17,0,18,0,0,57,0,57,0,1,74,0,75,150,0,150,225
03/05/2023,ARR,IL,AGL,CE,Towers with Radar,0,1,22,0,23,0,2,88,0,90,0,3,110,0,113,204,0,204,317
03/06/2023,ARR,IL,AGL,CE,Towers with Radar,0,0,13,0,13,0,0,17,0,17,0,0,30,0,30,114,0,114,144
03/07/2023,ARR,IL,AGL,CE,Towers with Radar,0,0,24,0,24,0,0,57,0,57,0,0,81,0,81,96,0,96,177
03/08/2023,ARR,IL,AGL,CE,Towers with Radar,0,2,26,0,28,0,0,87,0,87,0,2,113,0,115,177,0,177,292
03/09/2023,ARR,IL,AGL,CE,Towers with Radar,0,1,8,0,9,0,0,24,0,24,0,1,32,0,33,78,0,78,111
03/10/2023,ARR,IL,AGL,CE,Towers with Radar,0,1,4,0,5,0,0,3,0,3,0,1,7,0,8,72,0,72,80
03/11/2023,ARR,IL,AGL,CE,Towers with Radar,0,1,4,0,5,0,0,48,0,48,0,1,52,0,53,182,0,182,235
03/12/2023,ARR,IL,AGL,CE,Towers with Radar,0,0,6,0,6,0,0,1,0,1,0,0,7,0,7,0,0,0,7
03/13/2023,ARR,IL,AGL,CE,Towers with Radar,0,2,6,0,8,0,0,18,0,18,0,2,24,0,26,93,0,93,119
03/14/2023,ARR,IL,AGL,CE,Towers with Radar,0,0,22,0,22,0,2,123,0,125,0,2,145,0,147,140,0,140,287
03/15/2023,ARR,IL,AGL,CE,Towers with Radar,0,5,24,0,29,0,0,78,0,78,0,5,102,0,107,58,0,58,165
03/16/2023,ARR,IL,AGL,CE,Towers with Radar,0,2,13,0,15,0,0,15,0,15,0,2,28,0,30,0,0,0,30
03/17/2023,ARR,IL,AGL,CE,Towers with Radar,0,3,9,0,12,0,0,14,0,14,0,3,23,0,26,25,0,25,51
03/18/2023,ARR,IL,AGL,CE,Towers with Radar,0,0,8,0,8,0,0,3,0,3,0,0,11,0,11,0,0,0,11
03/19/2023,ARR,IL,AGL,CE,Towers with Radar,0,3,18,0,21,0,0,102,0,102,0,3,120,0,123,106,0,106,229
03/20/2023,ARR,IL,AGL,CE,Towers with Radar,0,3,11,0,14,0,0,26,0,26,0,3,37,0,40,14,0,14,54
03/21/2023,ARR,IL,AGL,CE,Towers with Radar,0,7,18,0,25,0,0,86,0,86,0,7,104,0,111,127,0,127,238
03/22/2023,ARR,IL,AGL,CE,Towers with Radar,0,4,15,0,19,0,0,0,0,0,0,4,15,0,19,52,0,52,71
03/23/2023,ARR,IL,AGL,CE,Towers with Radar,0,5,10,0,15,0,0,13,0,13,0,5,23,0,28,92,0,92,120
03/24/2023,ARR,IL,AGL,CE,Towers with Radar,0,4,10,0,14,0,0,75,0,75,0,4,85,0,89,236,0,236,325
03/25/2023,ARR,IL,AGL,CE,Towers with Radar,0,6,11,0,17,0,0,8,0,8,0,6,19,0,25,20,0,20,45
03/26/2023,ARR,IL,AGL,CE,Towers with Radar,0,2,18,0,20,0,0,54,0,54,0,2,72,0,74,120,0,120,194
03/27/2023,ARR,IL,AGL,CE,Towers with Radar,0,2,12,0,14,0,0,86,0,86,0,2,98,0,100,126,0,126,226
03/28/2023,ARR,IL,AGL,CE,Towers with Radar,0,3,12,0,15,0,0,112,0,112,0,3,124,0,127,238,0,238,365
03/29/2023,ARR,IL,AGL,CE,Towers with Radar,0,2,10,0,12,0,0,59,0,59,0,2,69,0,71,84,0,84,155
03/30/2023,ARR,IL,AGL,CE,Towers with Radar,0,1,18,0,19,0,0,76,0,76,0,1,94,0,95,142,0,142,237
03/31/2023,ARR,IL,AGL,CE,Towers with Radar,0,1,6,0,7,0,0,3,0,3,0,1,9,0,10,0,0,0,10
04/01/2023,ARR,IL,AGL,CE,Towers with Radar,0,4,6,0,10,0,0,5,0,5,0,4,11,0,15,0,0,0,15
04/02/2023,ARR,IL,AGL,CE,Towers with Radar,0,0,23,0,23,0,0,65,0,65,0,0,88,0,88,118,0,118,206
04/03/2023,ARR,IL,AGL,CE,Towers with Radar,0,3,12,0,15,0,0,62,0,62,0,3,74,0,77,108,0,108,185
04/04/2023,ARR,IL,AGL,CE,Towers with Radar,0,2,4,0,6,0,0,0,0,0,0,2,4,0,6,0,0,0,6
04/05/2023,ARR,IL,AGL,CE,Towers with Radar,0,2,12,0,14,0,0,5,0,5,0,2,17,0,19,30,0,30,49
04/06/2023,ARR,IL,AGL,CE,Towers with Radar,0,5,25,0,30,0,0,98,0,98,0,5,123,0,128,310,0,310,438
04/07/2023,ARR,IL,AGL,CE,Towers with Radar,0,1,5,0,6,0,0,154,0,154,0,1,159,0,160,242,0,242,402
04/08/2023,ARR,IL,AGL,CE,Towers with Radar,0,3,8,0,11,0,0,110,0,110,0,3,118,0,121,244,0,244,365
04/09/2023,ARR,IL,AGL,CE,Towers with Radar,0,2,10,0,12,0,0,71,0,71,0,2,81,0,83,126,0,126,209
04/10/2023,ARR,IL,AGL,CE,Towers with Radar,0,1,27,0,28,0,0,82,0,82,0,1,109,0,110,174,0,174,284
04/11/2023,ARR,IL,AGL,CE,Towers with Radar,0,5,15,0,20,0,0,115,0,115,0,5,130,0,135,139,0,139,274
04/12/2023,ARR,IL,AGL,CE,Towers with Radar,0,2,22,0,24,0,0,41,0,41,0,2,63,0,65,80,0,80,145
04/13/2023,ARR,IL,AGL,CE,Towers with Radar,0,4,35,0,39,0,0,124,0,124,0,4,159,0,163,132,0,132,295
04/14/2023,ARR,IL,AGL,CE,Towers with Radar,0,0,12,0,12,0,0,112,0,112,0,0,124,0,124,170,0,170,294
04/15/2023,ARR,IL,AGL,CE,Towers with Radar,0,3,17,0,20,0,2,68,0,70,0,5,85,0,90,144,0,144,234
04/16/2023,ARR,IL,AGL,CE,Towers with Radar,0,0,6,0,6,0,0,1,0,1,0,0,7,0,7,0,0,0,7
04/17/2023,ARR,IL,AGL,CE,Towers with Radar,0,0,13,0,13,0,0,2,0,2,0,0,15,0,15,0,0,0,15
04/18/2023,ARR,IL,AGL,CE,Towers with Radar,0,5,36,0,41,0,0,108,0,108,0,5,144,0,149,143,0,143,292
04/19/2023,ARR,IL,AGL,CE,Towers with Radar,0,7,18,0,25,0,4,59,0,63,0,11,77,0,88,88,0,88,176
04/20/2023,ARR,IL,AGL,CE,Towers with Radar,0,4,14,0,18,0,0,6,0,6,0,4,20,0,24,4,0,4,28
04/21/2023,ARR,IL,AGL,CE,Towers with Radar,0,7,9,0,16,0,1,67,0,68,0,8,76,0,84,108,0,108,192
04/22/2023,ARR,IL,AGL,CE,Towers with Radar,0,0,11,0,11,0,0,22,0,22,0,0,33,0,33,166,0,166,199
04/23/2023,ARR,IL,AGL,CE,Towers with Radar,0,7,11,0,18,0,0,36,0,36,0,7,47,0,54,272,0,272,326
04/24/2023,ARR,IL,AGL,CE,Towers with Radar,0,5,15,0,20,0,2,97,0,99,0,7,112,0,119,170,0,170,289
04/25/2023,ARR,IL,AGL,CE,Towers with Radar,0,6,10,0,16,0,0,15,0,15,0,6,25,0,31,84,0,84,115
04/26/2023,ARR,IL,AGL,CE,Towers with Radar,0,3,15,0,18,0,1,133,0,134,0,4,148,0,152,154,0,154,306
04/27/2023,ARR,IL,AGL,CE,Towers with Radar,0,2,11,0,13,0,0,101,0,101,0,2,112,0,114,100,0,100,214
04/28/2023,ARR,IL,AGL,CE,Towers with Radar,0,3,20,0,23,0,0,106,0,106,0,3,126,0,129,164,0,164,293
04/29/2023,ARR,IL,AGL,CE,Towers with Radar,0,1,16,0,17,0,0,32,0,32,0,1,48,0,49,58,0,58,107
04/30/2023,ARR,IL,AGL,CE,Towers with Radar,0,3,11,0,14,0,0,8,0,8,0,3,19,0,22,4,0,4,26
05/01/2023,ARR,IL,AGL,CE,Towers with Radar,0,2,13,0,15,0,0,2,0,2,0,2,15,0,17,0,0,0,17
05/02/2023,ARR,IL,AGL,CE,Towers with Radar,0,0,23,0,23,0,3,31,0,34,0,3,54,0,57,14,0,14,71
05/03/2023,ARR,IL,AGL,CE,Towers with Radar,0,3,18,0,21,0,0,106,0,106,0,3,124,0,127,142,0,142,269
05/04/2023,ARR,IL,AGL,CE,Towers with Radar,0,0,22,0,22,0,1,106,0,107,0,1,128,0,129,206,0,206,335
05/05/2023,ARR,IL,AGL,CE,Towers with Radar,0,4,14,0,18,0,0,70,0,70,0,4,84,0,88,127,0,127,215
05/06/2023,ARR,IL,AGL,CE,Towers with Radar,0,5,16,0,21,0,0,22,0,22,0,5,38,0,43,162,0,162,205
05/07/2023,ARR,IL,AGL,CE,Towers with Radar,0,0,13,0,13,0,0,47,0,47,0,0,60,0,60,140,0,140,200
05/08/2023,ARR,IL,AGL,CE,Towers with Radar,0,2,18,0,20,0,0,0,0,0,0,2,18,0,20,0,0,0,20
05/09/2023,ARR,IL,AGL,CE,Towers with Radar,0,7,23,0,30,0,0,125,0,125,0,7,148,0,155,208,0,208,363
05/10/2023,ARR,IL,AGL,CE,Towers with Radar,0,5,16,0,21,0,2,149,0,151,0,7,165,0,172,138,0,138,310
05/11/2023,ARR,IL,AGL,CE,Towers with Radar,0,4,21,0,25,0,0,139,0,139,0,4,160,0,164,135,0,135,299
05/12/2023,ARR,IL,AGL,CE,Towers with Radar,0,2,15,0,17,0,0,4,0,4,0,2,19,0,21,66,0,66,87
05/13/2023,ARR,IL,AGL,CE,Towers with Radar,0,1,34,0,35,0,0,20,0,20,0,1,54,0,55,128,0,128,183
05/14/2023,ARR,IL,AGL,CE,Towers with Radar,0,4,6,0,10,0,0,10,0,10,0,4,16,0,20,14,0,14,34
05/15/2023,ARR,IL,AGL,CE,Towers with Radar,0,2,32,0,34,0,0,122,0,122,0,2,154,0,156,144,0,144,300
05/16/2023,ARR,IL,AGL,CE,Towers with Radar,0,0,12,0,12,0,2,121,0,123,0,2,133,0,135,164,0,164,299
05/17/2023,ARR,IL,AGL,CE,Towers with Radar,0,1,23,0,24,0,4,122,0,126,0,5,145,0,150,278,0,278,428
05/18/2023,ARR,IL,AGL,CE,Towers with Radar,0,5,15,0,20,0,2,108,0,110,0,7,123,0,130,268,0,268,398
05/19/2023,ARR,IL,AGL,CE,Towers with Radar,0,5,18,0,23,0,0,21,0,21,0,5,39,0,44,238,0,238,282
05/20/2023,ARR,IL,AGL,CE,Towers with Radar,0,5,12,0,17,0,1,114,0,115,0,6,126,0,132,206,0,206,338
05/21/2023,ARR,IL,AGL,CE,Towers with Radar,0,4,15,0,19,0,2,158,0,160,0,6,173,0,179,196,0,196,375
05/22/2023,ARR,IL,AGL,CE,Towers with Radar,0,4,8,0,12,0,4,103,0,107,0,8,111,0,119,240,0,240,359
05/23/2023,ARR,IL,AGL,CE,Towers with Radar,0,0,12,0,12,0,0,123,0,123,0,0,135,0,135,182,0,182,317
05/24/2023,ARR,IL,AGL,CE,Towers with Radar,0,4,19,0,23,0,0,91,0,91,0,4,110,0,114,137,0,137,251
05/25/2023,ARR,IL,AGL,CE,Towers with Radar,0,10,25,0,35,0,4,90,0,94,0,14,115,0,129,140,0,140,269
05/26/2023,ARR,IL,AGL,CE,Towers with Radar,0,5,7,0,12,0,5,94,0,99,0,10,101,0,111,144,0,144,255
05/27/2023,ARR,IL,AGL,CE,Towers with Radar,0,1,7,0,8,0,3,99,0,102,0,4,106,0,110,200,0,200,310
05/28/2023,ARR,IL,AGL,CE,Towers with Radar,0,0,10,0,10,0,1,76,2,79,0,1,86,2,89,162,0,162,251
05/29/2023,ARR,IL,AGL,CE,Towers with Radar,0,4,17,0,21,0,2,100,0,102,0,6,117,0,123,190,0,190,313
05/30/2023,ARR,IL,AGL,CE,Towers with Radar,0,6,18,0,24,0,0,94,0,94,0,6,112,0,118,136,0,136,254
05/31/2023,ARR,IL,AGL,CE,Towers with Radar,0,2,25,0,27,0,0,64,0,64,0,2,89,0,91,222,0,222,313
06/01/2023,ARR,IL,AGL,CE,Towers with Radar,0,2,24,0,26,0,0,59,0,59,0,2,83,0,85,114,0,114,199
06/02/2023,ARR,IL,AGL,CE,Towers with Radar,0,1,16,0,17,0,2,76,0,78,0,3,92,0,95,216,0,216,311
06/03/2023,ARR,IL,AGL,CE,Towers with Radar,0,1,14,0,15,0,2,72,0,74,0,3,86,0,89,96,0,96,185
06/04/2023,ARR,IL,AGL,CE,Towers with Radar,0,4,11,0,15,0,2,59,0,61,0,6,70,0,76,120,0,120,196
06/05/2023,ARR,IL,AGL,CE,Towers with Radar,0,4,13,0,17,0,3,96,0,99,0,7,109,0,116,194,0,194,310
06/06/2023,ARR,IL,AGL,CE,Towers with Radar,0,3,13,0,16,0,0,69,0,69,0,3,82,0,85,191,0,191,276
06/07/2023,ARR,IL,AGL,CE,Towers with Radar,0,4,20,0,24,0,0,101,0,101,0,4,121,0,125,167,0,167,292
06/08/2023,ARR,IL,AGL,CE,Towers with Radar,0,9,25,1,35,0,0,93,0,93,0,9,118,1,128,212,0,212,340
06/09/2023,ARR,IL,AGL,CE,Towers with Radar,0,3,15,0,18,0,0,125,0,125,0,3,140,0,143,173,0,173,316
06/10/2023,ARR,IL,AGL,CE,Towers with Radar,0,4,15,0,19,0,6,90,0,96,0,10,105,0,115,128,0,128,243
06/11/2023,ARR,IL,AGL,CE,Towers with Radar,0,7,13,0,20,0,0,2,0,2,0,7,15,0,22,10,0,10,32
06/12/2023,ARR,IL,AGL,CE,Towers with Radar,0,2,12,0,14,0,1,93,0,94,0,3,105,0,108,218,0,218,326
06/13/2023,ARR,IL,AGL,CE,Towers with Radar,0,7,22,0,29,0,0,30,0,30,0,7,52,0,59,118,0,118,177
06/14/2023,ARR,IL,AGL,CE,Towers with Radar,0,0,22,0,22,0,0,80,0,80,0,0,102,0,102,272,0,272,374
06/15/2023,ARR,IL,AGL,CE,Towers with Radar,0,4,36,0,40,0,0,26,0,26,0,4,62,0,66,54,0,54,120
06/16/2023,ARR,IL,AGL,CE,Towers with Radar,0,4,24,0,28,0,0,55,0,55,0,4,79,0,83,116,0,116,199
06/17/2023,ARR,IL,AGL,CE,Towers with Radar,0,1,16,0,17,0,0,105,0,105,0,1,121,0,122,222,0,222,344
06/18/2023,ARR,IL,AGL,CE,Towers with Radar,0,2,5,0,7,0,0,78,0,78,0,2,83,0,85,110,0,110,195
06/19/2023,ARR,IL,AGL,CE,Towers with Radar,0,6,9,0,15,0,0,110,0,110,0,6,119,0,125,150,0,150,275
06/20/2023,ARR,IL,AGL,CE,Towers with Radar,0,2,21,0,23,0,0,99,0,99,0,2,120,0,122,126,0,126,248
06/21/2023,ARR,IL,AGL,CE,Towers with Radar,0,6,19,0,25,0,0,129,0,129,0,6,148,0,154,172,0,172,326
06/22/2023,ARR,IL,AGL,CE,Towers with Radar,0,4,27,0,31,0,1,108,0,109,0,5,135,0,140,194,0,194,334
06/23/2023,ARR,IL,AGL,CE,Towers with Radar,0,1,24,0,25,0,0,99,0,99,0,1,123,0,124,245,0,245,369
06/24/2023,ARR,IL,AGL,CE,Towers with Radar,0,0,8,0,8,0,0,90,0,90,0,0,98,0,98,200,0,200,298
06/25/2023,ARR,IL,AGL,CE,Towers with Radar,0,2,16,0,18,0,0,29,0,29,0,2,45,0,47,30,0,30,77
06/26/2023,ARR,IL,AGL,CE,Towers with Radar,0,1,10,0,11,0,0,17,0,17,0,1,27,0,28,76,0,76,104
06/27/2023,ARR,IL,AGL,CE,Towers with Radar,0,1,30,0,31,0,0,5,0,5,0,1,35,0,36,44,0,44,80
06/28/2023,ARR,IL,AGL,CE,Towers with Radar,0,4,42,0,46,0,0,2,0,2,0,4,44,0,48,12,0,12,60
06/29/2023,ARR,IL,AGL,CE,Towers with Radar,0,4,12,0,16,0,0,13,0,13,0,4,25,0,29,74,0,74,103
06/30/2023,ARR,IL,AGL,CE,Towers with Radar,3,0,38,0,41,0,0,60,0,60,3,0,98,0,101,164,0,164,265
07/01/2023,ARR,IL,AGL,CE,Towers with Radar,0,3,14,0,17,0,3,42,0,45,0,6,56,0,62,178,0,178,240
07/02/2023,ARR,IL,AGL,CE,Towers with Radar,0,3,15,0,18,0,0,6,0,6,0,3,21,0,24,16,0,16,40
07/03/2023,ARR,IL,AGL,CE,Towers with Radar,0,0,17,0,17,0,0,128,0,128,0,0,145,0,145,262,0,262,407
07/04/2023,ARR,IL,AGL,CE,Towers with Radar,0,0,2,0,2,0,2,78,0,80,0,2,80,0,82,152,0,152,234
07/05/2023,ARR,IL,AGL,CE,Towers with Radar,0,3,12,0,15,0,2,48,0,50,0,5,60,0,65,156,0,156,221
07/06/2023,ARR,IL,AGL,CE,Towers with Radar,0,2,19,0,21,0,4,101,0,105,0,6,120,0,126,232,0,232,358
07/07/2023,ARR,IL,AGL,CE,Towers with Radar,0,1,20,0,21,0,0,105,0,105,0,1,125,0,126,164,0,164,290
07/08/2023,ARR,IL,AGL,CE,Towers with Radar,0,3,10,2,15,0,0,72,0,72,0,3,82,2,87,118,0,118,205
07/09/2023,ARR,IL,AGL,CE,Towers with Radar,0,0,12,0,12,0,1,114,0,115,0,1,126,0,127,218,0,218,345
07/10/2023,ARR,IL,AGL,CE,Towers with Radar,0,4,23,0,27,0,2,120,0,122,0,6,143,0,149,192,0,192,341
07/11/2023,ARR,IL,AGL,CE,Towers with Radar,0,8,10,0,18,0,2,69,0,71,0,10,79,0,89,202,0,202,291
07/12/2023,ARR,IL,AGL,CE,Towers with Radar,0,1,17,0,18,0,0,6,0,6,0,1,23,0,24,22,0,22,46
07/13/2023,ARR,IL,AGL,CE,Towers with Radar,0,2,26,0,28,0,0,42,0,42,0,2,68,0,70,160,0,160,230
07/14/2023,ARR,IL,AGL,CE,Towers with Radar,0,1,15,0,16,0,0,71,1,72,0,1,86,1,88,148,0,148,236
07/15/2023,ARR,IL,AGL,CE,Towers with Radar,0,1,6,0,7,0,2,67,0,69,0,3,73,0,76,306,0,306,382
07/16/2023,ARR,IL,AGL,CE,Towers with Radar,0,2,30,0,32,0,0,40,0,40,0,2,70,0,72,224,0,224,296
07/17/2023,ARR,IL,AGL,CE,Towers with Radar,0,6,30,0,36,0,2,119,0,121,0,8,149,0,157,176,0,176,333
07/18/2023,ARR,IL,AGL,CE,Towers with Radar,0,3,22,0,25,0,2,132,0,134,0,5,154,0,159,186,0,186,345
07/19/2023,ARR,IL,AGL,CE,Towers with Radar,0,4,20,0,24,0,2,142,0,144,0,6,162,0,168,230,0,230,398
07/20/2023,ARR,IL,AGL,CE,Towers with Radar,0,0,32,0,32,0,0,99,1,100,0,0,131,1,132,212,0,212,344
07/21/2023,ARR,IL,AGL,CE,Towers with Radar,0,4,22,0,26,0,0,120,0,120,0,4,142,0,146,156,0,156,302
07/22/2023,ARR,IL,AGL,CE,Towers with Radar,0,1,18,0,19,0,0,123,0,123,0,1,141,0,142,200,0,200,342
07/23/2023,ARR,IL,AGL,CE,Towers with Radar,0,3,17,0,20,0,0,79,0,79,0,3,96,0,99,192,0,192,291
07/24/2023,ARR,IL,AGL,CE,Towers with Radar,0,0,20,0,20,0,2,65,0,67,0,2,85,0,87,102,0,102,189
07/25/2023,ARR,IL,AGL,CE,Towers with Radar,0,4,17,1,22,0,0,60,0,60,0,4,77,1,82,80,0,80,162
07/26/2023,ARR,IL,AGL,CE,Towers with Radar,0,2,12,0,14,0,0,41,0,41,0,2,53,0,55,110,0,110,165
07/27/2023,ARR,IL,AGL,CE,Towers with Radar,0,5,19,0,24,0,0,94,0,94,0,5,113,0,118,126,0,126,244
07/28/2023,ARR,IL,AGL,CE,Towers with Radar,0,6,16,0,22,0,0,77,0,77,0,6,93,0,99,153,0,153,252
07/29/2023,ARR,IL,AGL,CE,Towers with Radar,0,2,13,0,15,0,0,53,0,53,0,2,66,0,68,142,0,142,210
07/30/2023,ARR,IL,AGL,CE,Towers with Radar,0,3,11,0,14,0,0,64,0,64,0,3,75,0,78,80,0,80,158
07/31/2023,ARR,IL,AGL,CE,Towers with Radar,0,7,18,0,25,0,1,99,0,100,0,8,117,0,125,206,0,206,331
08/01/2023,ARR,IL,AGL,CE,Towers with Radar,0,6,14,0,20,0,1,127,0,128,0,7,141,0,148,177,0,177,325
08/02/2023,ARR,IL,AGL,CE,Towers with Radar,0,4,17,0,21,0,0,112,0,112,0,4,129,0,133,224,0,224,357
08/03/2023,ARR,IL,AGL,CE,Towers with Radar,0,2,31,0,33,0,0,70,0,70,0,2,101,0,103,166,0,166,269
08/04/2023,ARR,IL,AGL,CE,Towers with Radar,0,4,16,0,20,0,5,115,0,120,0,9,131,0,140,230,0,230,370
08/05/2023,ARR,IL,AGL,CE,Towers with Radar,1,2,30,0,33,0,0,21,0,21,1,2,51,0,54,42,0,42,96
08/06/2023,ARR,IL,AGL,CE,Towers with Radar,0,1,15,0,16,0,0,38,0,38,0,1,53,0,54,86,0,86,140
08/07/2023,ARR,IL,AGL,CE,Towers with Radar,0,3,20,0,23,0,5,70,0,75,0,8,90,0,98,138,0,138,236
08/08/2023,ARR,IL,AGL,CE,Towers with Radar,0,2,12,0,14,0,2,90,0,92,0,4,102,0,106,140,0,140,246
08/09/2023,ARR,IL,AGL,CE,Towers with Radar,0,0,24,0,24,0,0,50,0,50,0,0,74,0,74,174,0,174,248
08/10/2023,ARR,IL,AGL,CE,Towers with Radar,0,0,37,0,37,0,0,60,0,60,0,0,97,0,97,140,0,140,237
08/11/2023,ARR,IL,AGL,CE,Towers with Radar,0,2,11,0,13,0,2,44,0,46,0,4,55,0,59,68,0,68,127
08/12/2023,ARR,IL,AGL,CE,Towers with Radar,0,4,10,0,14,0,2,110,0,112,0,6,120,0,126,166,0,166,292
08/13/2023,ARR,IL,AGL,CE,Towers with Radar,0,1,16,0,17,0,0,76,0,76,0,1,92,0,93,124,0,124,217
08/14/2023,ARR,IL,AGL,CE,Towers with Radar,0,4,23,0,27,0,0,1,0,1,0,4,24,0,28,0,0,0,28
08/15/2023,ARR,IL,AGL,CE,Towers with Radar,0,4,19,0,23,0,4,83,0,87,0,8,102,0,110,138,0,138,248
08/16/2023,ARR,IL,AGL,CE,Towers with Radar,0,0,16,0,16,0,0,120,0,120,0,0,136,0,136,118,0,118,254
08/17/2023,ARR,IL,AGL,CE,Towers with Radar,0,5,18,2,25,0,0,45,0,45,0,5,63,2,70,78,0,78,148
08/18/2023,ARR,IL,AGL,CE,Towers with Radar,0,0,12,1,13,0,0,125,0,125,0,0,137,1,138,188,0,188,326
08/19/2023,ARR,IL,AGL,CE,Towers with Radar,0,3,9,0,12,0,0,76,0,76,0,3,85,0,88,100,0,100,188
08/20/2023,ARR,IL,AGL,CE,Towers with Radar,0,0,16,1,17,0,2,96,0,98,0,2,112,1,115,100,0,100,215
08/21/2023,ARR,IL,AGL,CE,Towers with Radar,0,0,25,0,25,0,2,101,0,103,0,2,126,0,128,148,0,148,276
08/22/2023,ARR,IL,AGL,CE,Towers with Radar,0,2,30,0,32,0,0,63,0,63,0,2,93,0,95,126,0,126,221
08/23/2023,ARR,IL,AGL,CE,Towers with Radar,0,4,13,0,17,0,0,32,0,32,0,4,45,0,49,84,0,84,133
08/24/2023,ARR,IL,AGL,CE,Towers with Radar,0,1,28,0,29,0,0,39,0,39,0,1,67,0,68,40,0,40,108
08/25/2023,ARR,IL,AGL,CE,Towers with Radar,0,1,29,0,30,0,0,74,0,74,0,1,103,0,104,208,0,208,312
08/26/2023,ARR,IL,AGL,CE,Towers with Radar,0,0,16,0,16,0,0,31,0,31,0,0,47,0,47,46,0,46,93
08/27/2023,ARR,IL,AGL,CE,Towers with Radar,0,3,28,0,31,0,0,206,0,206,0,3,234,0,237,100,0,100,337
08/28/2023,ARR,IL,AGL,CE,Towers with Radar,0,1,20,0,21,0,1,93,0,94,0,2,113,0,115,198,0,198,313
08/29/2023,ARR,IL,AGL,CE,Towers with Radar,0,2,42,0,44,0,2,79,0,81,0,4,121,0,125,110,0,110,235
08/30/2023,ARR,IL,AGL,CE,Towers with Radar,0,0,18,0,18,0,0,113,0,113,0,0,131,0,131,211,0,211,342
08/31/2023,ARR,IL,AGL,CE,Towers with Radar,0,3,18,0,21,1,0,102,0,103,1,3,120,0,124,163,0,163,287
