01/01/2000,ASE,CO,ANM,WE,Towers with Radar,34,16,39,0,89,1,1,8,0,10,35,17,47,0,99,18,0,18,117
01/02/2000,ASE,CO,ANM,WE,Towers with Radar,40,14,183,0,237,0,0,0,0,0,40,14,183,0,237,0,0,0,237
01/03/2000,ASE,CO,ANM,WE,Towers with Radar,33,32,160,0,225,0,0,18,0,18,33,32,178,0,243,16,0,16,259
01/04/2000,ASE,CO,ANM,WE,Towers with Radar,35,35,82,0,152,0,0,19,0,19,35,35,101,0,171,14,0,14,185
01/05/2000,ASE,CO,ANM,WE,Towers with Radar,31,17,37,0,85,0,3,0,0,3,31,20,37,0,88,2,0,2,90
01/06/2000,ASE,CO,ANM,WE,Towers with Radar,29,13,42,0,84,1,0,11,0,12,30,13,53,0,96,0,0,0,96
01/07/2000,ASE,CO,ANM,WE,Towers with Radar,34,11,45,0,90,1,4,31,0,36,35,15,76,0,126,6,0,6,132
01/08/2000,ASE,CO,ANM,WE,Towers with Radar,34,29,43,0,106,1,0,12,2,15,35,29,55,2,121,15,0,15,136
01/09/2000,ASE,CO,ANM,WE,Towers with Radar,45,27,46,0,118,1,0,8,1,10,46,27,54,1,128,0,0,0,128
01/10/2000,ASE,CO,ANM,WE,Towers with Radar,26,12,42,0,80,2,0,13,1,16,28,12,55,1,96,12,0,12,108
01/11/2000,ASE,CO,ANM,WE,Towers with Radar,30,12,33,0,75,1,0,8,0,9,31,12,41,0,84,10,0,10,94
01/12/2000,ASE,CO,ANM,WE,Towers with Radar,23,14,32,0,69,1,0,5,0,6,24,14,37,0,75,0,0,0,75
01/13/2000,ASE,CO,ANM,WE,Towers with Radar,31,28,59,0,118,1,0,53,0,54,32,28,112,0,172,26,0,26,198
01/14/2000,ASE,CO,ANM,WE,Towers with Radar,29,28,88,0,145,0,0,10,0,10,29,28,98,0,155,17,0,17,172
01/15/2000,ASE,CO,ANM,WE,Towers with Radar,43,16,45,0,104,0,5,29,1,35,43,21,74,1,139,0,0,0,139
01/16/2000,ASE,CO,ANM,WE,Towers with Radar,40,14,55,0,109,0,1,23,0,24,40,15,78,0,133,0,0,0,133
01/17/2000,ASE,CO,ANM,WE,Towers with Radar,33,25,83,0,141,0,1,13,0,14,33,26,96,0,155,16,0,16,171
01/18/2000,ASE,CO,ANM,WE,Towers with Radar,31,25,22,0,78,0,1,20,0,21,31,26,42,0,99,24,0,24,123
01/19/2000,ASE,CO,ANM,WE,Towers with Radar,25,13,40,0,78,7,0,4,0,11,32,13,44,0,89,29,0,29,118
01/20/2000,ASE,CO,ANM,WE,Towers with Radar,25,13,0,0,38,3,4,0,92,99,28,17,0,92,137,12,0,12,149
01/21/2000,ASE,CO,ANM,WE,Towers with Radar,21,0,40,0,61,0,6,4,0,10,21,6,44,0,71,0,0,0,71
01/22/2000,ASE,CO,ANM,WE,Towers with Radar,47,0,44,0,91,0,6,8,0,14,47,6,52,0,105,2,0,2,107
01/23/2000,ASE,CO,ANM,WE,Towers with Radar,39,10,39,0,88,0,0,26,0,26,39,10,65,0,114,14,2,16,130
01/24/2000,ASE,CO,ANM,WE,Towers with Radar,21,9,24,0,54,0,0,35,0,35,21,9,59,0,89,18,0,18,107
01/25/2000,ASE,CO,ANM,WE,Towers with Radar,33,12,30,0,75,0,0,5,0,5,33,12,35,0,80,0,0,0,80
01/26/2000,ASE,CO,ANM,WE,Towers with Radar,28,6,22,0,56,0,0,3,0,3,28,6,25,0,59,12,0,12,71
01/27/2000,ASE,CO,ANM,WE,Towers with Radar,29,11,57,0,97,0,0,11,0,11,29,11,68,0,108,4,0,4,112
01/28/2000,ASE,CO,ANM,WE,Towers with Radar,29,18,60,0,107,0,0,15,0,15,29,18,75,0,122,10,0,10,132
01/29/2000,ASE,CO,ANM,WE,Towers with Radar,44,16,37,0,97,0,0,40,0,40,44,16,77,0,137,28,0,28,165
01/30/2000,ASE,CO,ANM,WE,Towers with Radar,39,16,40,0,95,0,0,38,0,38,39,16,78,0,133,23,0,23,156
01/31/2000,ASE,CO,ANM,WE,Towers with Radar,31,21,54,0,106,0,0,15,0,15,31,21,69,0,121,4,0,4,125
02/01/2000,ASE,CO,ANM,WE,Towers with Radar,27,12,49,0,88,1,1,19,0,21,28,13,68,0,109,14,0,14,123
02/02/2000,ASE,CO,ANM,WE,Towers with Radar,27,15,43,0,85,3,1,18,0,22,30,16,61,0,107,9,0,9,116
02/03/2000,ASE,CO,ANM,WE,Towers with Radar,24,16,53,0,93,3,1,30,0,34,27,17,83,0,127,15,0,15,142
02/04/2000,ASE,CO,ANM,WE,Towers with Radar,29,17,67,0,113,10,0,55,2,67,39,17,122,2,180,11,2,13,193
02/05/2000,ASE,CO,ANM,WE,Towers with Radar,47,1,38,0,86,3,5,32,0,40,50,6,70,0,126,10,0,10,136
02/06/2000,ASE,CO,ANM,WE,Towers with Radar,38,18,80,0,136,3,2,38,0,43,41,20,118,0,179,24,0,24,203
02/07/2000,ASE,CO,ANM,WE,Towers with Radar,25,18,40,0,83,3,1,37,0,41,28,19,77,0,124,22,0,22,146
02/08/2000,ASE,CO,ANM,WE,Towers with Radar,30,15,43,0,88,3,1,44,0,48,33,16,87,0,136,26,0,26,162
02/09/2000,ASE,CO,ANM,WE,Towers with Radar,28,17,72,0,117,3,1,13,0,17,31,18,85,0,134,21,0,21,155
02/10/2000,ASE,CO,ANM,WE,Towers with Radar,5,1,31,0,37,3,1,9,0,13,8,2,40,0,50,0,0,0,50
02/11/2000,ASE,CO,ANM,WE,Towers with Radar,32,20,79,0,131,0,0,17,0,17,32,20,96,0,148,0,0,0,148
02/12/2000,ASE,CO,ANM,WE,Towers with Radar,44,13,54,0,111,3,1,3,0,7,47,14,57,0,118,0,0,0,118
02/13/2000,ASE,CO,ANM,WE,Towers with Radar,33,13,74,0,120,14,0,26,0,40,47,13,100,0,160,5,0,5,165
02/14/2000,ASE,CO,ANM,WE,Towers with Radar,26,17,58,0,101,2,7,15,0,24,28,24,73,0,125,5,0,5,130
02/15/2000,ASE,CO,ANM,WE,Towers with Radar,22,11,50,0,83,6,0,2,0,8,28,11,52,0,91,21,0,21,112
02/16/2000,ASE,CO,ANM,WE,Towers with Radar,27,30,80,0,137,3,0,14,0,17,30,30,94,0,154,11,0,11,165
02/17/2000,ASE,CO,ANM,WE,Towers with Radar,24,11,55,0,90,3,0,4,0,7,27,11,59,0,97,0,0,0,97
02/18/2000,ASE,CO,ANM,WE,Towers with Radar,21,13,125,0,159,0,0,0,0,0,21,13,125,0,159,0,0,0,159
02/19/2000,ASE,CO,ANM,WE,Towers with Radar,40,32,114,0,186,3,0,50,0,53,43,32,164,0,239,0,0,0,239
02/20/2000,ASE,CO,ANM,WE,Towers with Radar,40,17,67,0,124,2,2,26,0,30,42,19,93,0,154,16,0,16,170
02/21/2000,ASE,CO,ANM,WE,Towers with Radar,28,36,130,0,194,0,32,90,0,122,28,68,220,0,316,22,0,22,338
02/22/2000,ASE,CO,ANM,WE,Towers with Radar,30,27,49,0,106,2,1,13,0,16,32,28,62,0,122,4,0,4,126
02/23/2000,ASE,CO,ANM,WE,Towers with Radar,31,21,55,0,107,2,0,29,0,31,33,21,84,0,138,20,0,20,158
02/24/2000,ASE,CO,ANM,WE,Towers with Radar,29,15,54,0,98,2,0,0,0,2,31,15,54,0,100,0,0,0,100
02/25/2000,ASE,CO,ANM,WE,Towers with Radar,26,15,68,0,109,2,1,10,0,13,28,16,78,0,122,0,0,0,122
02/26/2000,ASE,CO,ANM,WE,Towers with Radar,43,31,100,0,174,2,0,16,0,18,45,31,116,0,192,4,0,4,196
02/27/2000,ASE,CO,ANM,WE,Towers with Radar,37,15,97,0,149,2,0,45,0,47,39,15,142,0,196,6,0,6,202
02/28/2000,ASE,CO,ANM,WE,Towers with Radar,31,17,70,0,118,2,0,5,0,7,33,17,75,0,125,10,0,10,135
02/29/2000,ASE,CO,ANM,WE,Towers with Radar,30,21,50,0,101,1,1,12,0,14,31,22,62,0,115,24,0,24,139
03/01/2000,ASE,CO,ANM,WE,Towers with Radar,27,22,70,0,119,5,4,27,0,36,32,26,97,0,155,32,0,32,187
03/02/2000,ASE,CO,ANM,WE,Towers with Radar,31,10,72,0,113,2,0,0,0,2,33,10,72,0,115,0,0,0,115
03/03/2000,ASE,CO,ANM,WE,Towers with Radar,31,25,80,0,136,0,1,58,0,59,31,26,138,0,195,0,0,0,195
03/04/2000,ASE,CO,ANM,WE,Towers with Radar,36,29,93,0,158,7,0,62,0,69,43,29,155,0,227,9,0,9,236
03/05/2000,ASE,CO,ANM,WE,Towers with Radar,28,18,73,0,119,9,0,42,0,51,37,18,115,0,170,1,0,1,171
03/06/2000,ASE,CO,ANM,WE,Towers with Radar,25,20,65,0,110,6,6,18,0,30,31,26,83,0,140,10,0,10,150
03/07/2000,ASE,CO,ANM,WE,Towers with Radar,21,10,32,0,63,0,0,0,0,0,21,10,32,0,63,0,0,0,63
03/08/2000,ASE,CO,ANM,WE,Towers with Radar,28,31,99,0,158,0,5,2,0,7,28,36,101,0,165,30,0,30,195
03/09/2000,ASE,CO,ANM,WE,Towers with Radar,25,12,83,0,120,0,0,16,0,16,25,12,99,0,136,0,0,0,136
03/10/2000,ASE,CO,ANM,WE,Towers with Radar,33,26,108,0,167,0,0,25,0,25,33,26,133,0,192,7,0,7,199
03/11/2000,ASE,CO,ANM,WE,Towers with Radar,36,28,93,0,157,7,7,47,0,61,43,35,140,0,218,2,2,4,222
03/12/2000,ASE,CO,ANM,WE,Towers with Radar,32,23,99,0,154,0,0,42,0,42,32,23,141,0,196,0,0,0,196
03/13/2000,ASE,CO,ANM,WE,Towers with Radar,25,20,66,0,111,4,2,28,0,34,29,22,94,0,145,41,0,41,186
03/14/2000,ASE,CO,ANM,WE,Towers with Radar,22,16,56,0,94,9,8,40,0,57,31,24,96,0,151,24,0,24,175
03/15/2000,ASE,CO,ANM,WE,Towers with Radar,18,8,49,0,75,0,0,0,0,0,18,8,49,0,75,0,0,0,75
03/16/2000,ASE,CO,ANM,WE,Towers with Radar,31,30,101,0,162,0,5,36,0,41,31,35,137,0,203,27,0,27,230
03/17/2000,ASE,CO,ANM,WE,Towers with Radar,29,25,83,0,137,0,2,44,0,46,29,27,127,0,183,2,0,2,185
03/18/2000,ASE,CO,ANM,WE,Towers with Radar,40,22,103,0,165,2,0,39,0,41,42,22,142,0,206,0,0,0,206
03/19/2000,ASE,CO,ANM,WE,Towers with Radar,40,30,101,0,171,0,10,67,0,77,40,40,168,0,248,1,0,1,249
03/20/2000,ASE,CO,ANM,WE,Towers with Radar,3,8,35,0,46,0,0,15,0,15,3,8,50,0,61,0,0,0,61
03/21/2000,ASE,CO,ANM,WE,Towers with Radar,28,21,72,0,121,3,12,5,0,20,31,33,77,0,141,22,0,22,163
03/22/2000,ASE,CO,ANM,WE,Towers with Radar,26,19,61,0,106,2,6,0,0,8,28,25,61,0,114,11,0,11,125
03/23/2000,ASE,CO,ANM,WE,Towers with Radar,31,23,81,0,135,0,0,17,1,18,31,23,98,1,153,10,0,10,163
03/24/2000,ASE,CO,ANM,WE,Towers with Radar,30,26,89,0,145,0,16,44,0,60,30,42,133,0,205,0,0,0,205
03/25/2000,ASE,CO,ANM,WE,Towers with Radar,38,29,96,0,163,2,16,32,0,50,40,45,128,0,213,34,0,34,247
03/26/2000,ASE,CO,ANM,WE,Towers with Radar,40,19,103,0,162,5,0,52,0,57,45,19,155,0,219,6,0,6,225
03/27/2000,ASE,CO,ANM,WE,Towers with Radar,26,20,64,0,110,4,17,54,0,75,30,37,118,0,185,6,0,6,191
03/28/2000,ASE,CO,ANM,WE,Towers with Radar,25,13,63,0,101,1,0,12,0,13,26,13,75,0,114,28,0,28,142
03/29/2000,ASE,CO,ANM,WE,Towers with Radar,24,19,60,0,103,8,5,27,0,40,32,24,87,0,143,27,0,27,170
03/30/2000,ASE,CO,ANM,WE,Towers with Radar,24,16,58,0,98,0,0,8,0,8,24,16,66,0,106,20,0,20,126
03/31/2000,ASE,CO,ANM,WE,Towers with Radar,32,17,80,0,129,4,0,8,0,12,36,17,88,0,141,0,0,0,141
04/01/2000,ASE,CO,ANM,WE,Towers with Radar,46,45,80,0,171,1,0,43,0,44,47,45,123,0,215,5,0,5,220
04/02/2000,ASE,CO,ANM,WE,Towers with Radar,39,12,97,0,148,1,0,2,0,3,40,12,99,0,151,2,0,2,153
04/03/2000,ASE,CO,ANM,WE,Towers with Radar,12,12,39,0,63,1,0,26,0,27,13,12,65,0,90,2,0,2,92
04/04/2000,ASE,CO,ANM,WE,Towers with Radar,12,16,41,1,70,1,0,29,0,30,13,16,70,1,100,16,0,16,116
04/05/2000,ASE,CO,ANM,WE,Towers with Radar,12,15,37,0,64,1,0,36,0,37,13,15,73,0,101,5,0,5,106
04/06/2000,ASE,CO,ANM,WE,Towers with Radar,12,11,60,0,83,0,1,19,0,20,12,12,79,0,103,2,0,2,105
04/07/2000,ASE,CO,ANM,WE,Towers with Radar,11,9,63,0,83,0,1,32,0,33,11,10,95,0,116,0,0,0,116
04/08/2000,ASE,CO,ANM,WE,Towers with Radar,15,6,37,0,58,0,0,49,0,49,15,6,86,0,107,10,0,10,117
04/09/2000,ASE,CO,ANM,WE,Towers with Radar,15,7,67,0,89,0,0,20,0,20,15,7,87,0,109,12,0,12,121
04/10/2000,ASE,CO,ANM,WE,Towers with Radar,14,9,38,0,61,0,0,45,0,45,14,9,83,0,106,8,0,8,114
04/11/2000,ASE,CO,ANM,WE,Towers with Radar,12,5,25,0,42,0,1,23,0,24,12,6,48,0,66,36,0,36,102
04/12/2000,ASE,CO,ANM,WE,Towers with Radar,12,6,21,0,39,0,1,41,0,42,12,7,62,0,81,2,0,2,83
04/13/2000,ASE,CO,ANM,WE,Towers with Radar,11,6,24,0,41,2,5,35,0,42,13,11,59,0,83,0,0,0,83
04/14/2000,ASE,CO,ANM,WE,Towers with Radar,13,4,41,0,58,0,0,2,0,2,13,4,43,0,60,0,0,0,60
04/15/2000,ASE,CO,ANM,WE,Towers with Radar,12,6,36,0,54,0,1,1,0,2,12,7,37,0,56,12,0,12,68
04/16/2000,ASE,CO,ANM,WE,Towers with Radar,12,6,30,0,48,1,0,35,0,36,13,6,65,0,84,0,0,0,84
04/17/2000,ASE,CO,ANM,WE,Towers with Radar,12,6,28,0,46,1,0,33,0,34,13,6,61,0,80,0,0,0,80
04/18/2000,ASE,CO,ANM,WE,Towers with Radar,13,4,20,0,37,0,1,15,0,16,13,5,35,0,53,0,0,0,53
04/19/2000,ASE,CO,ANM,WE,Towers with Radar,12,6,27,0,45,0,0,0,0,0,12,6,27,0,45,0,0,0,45
04/20/2000,ASE,CO,ANM,WE,Towers with Radar,13,4,38,1,56,0,1,29,1,31,13,5,67,2,87,6,0,6,93
04/21/2000,ASE,CO,ANM,WE,Towers with Radar,13,18,30,0,61,0,2,37,0,39,13,20,67,0,100,6,0,6,106
04/22/2000,ASE,CO,ANM,WE,Towers with Radar,9,2,24,0,35,0,2,1,0,3,9,4,25,0,38,0,0,0,38
04/23/2000,ASE,CO,ANM,WE,Towers with Radar,15,6,26,0,47,2,1,22,0,25,17,7,48,0,72,8,0,8,80
04/24/2000,ASE,CO,ANM,WE,Towers with Radar,12,7,32,0,51,0,2,3,0,5,12,9,35,0,56,18,0,18,74
04/25/2000,ASE,CO,ANM,WE,Towers with Radar,13,10,18,0,41,0,1,13,0,14,13,11,31,0,55,22,0,22,77
04/26/2000,ASE,CO,ANM,WE,Towers with Radar,12,9,25,0,46,0,0,36,0,36,12,9,61,0,82,41,0,41,123
04/27/2000,ASE,CO,ANM,WE,Towers with Radar,11,8,27,0,46,1,2,19,0,22,12,10,46,0,68,52,0,52,120
04/28/2000,ASE,CO,ANM,WE,Towers with Radar,13,11,47,0,71,0,0,19,4,23,13,11,66,4,94,6,0,6,100
04/29/2000,ASE,CO,ANM,WE,Towers with Radar,10,8,9,0,27,0,1,28,0,29,10,9,37,0,56,12,0,12,68
04/30/2000,ASE,CO,ANM,WE,Towers with Radar,13,13,32,0,58,0,0,13,0,13,13,13,45,0,71,28,0,28,99
05/01/2000,ASE,CO,ANM,WE,Towers with Radar,11,6,12,0,29,3,0,12,2,17,14,6,24,2,46,2,0,2,48
05/02/2000,ASE,CO,ANM,WE,Towers with Radar,12,9,19,0,40,0,0,52,0,52,12,9,71,0,92,8,0,8,100
05/03/2000,ASE,CO,ANM,WE,Towers with Radar,12,9,14,0,35,0,0,37,0,37,12,9,51,0,72,12,0,12,84
05/04/2000,ASE,CO,ANM,WE,Towers with Radar,10,8,18,0,36,2,1,39,0,42,12,9,57,0,78,23,0,23,101
05/05/2000,ASE,CO,ANM,WE,Towers with Radar,13,8,19,0,40,0,0,37,0,37,13,8,56,0,77,4,0,4,81
05/06/2000,ASE,CO,ANM,WE,Towers with Radar,14,7,9,0,30,0,2,16,0,18,14,9,25,0,48,2,0,2,50
05/07/2000,ASE,CO,ANM,WE,Towers with Radar,12,7,31,0,50,0,0,23,2,25,12,7,54,2,75,6,0,6,81
05/08/2000,ASE,CO,ANM,WE,Towers with Radar,13,6,28,0,47,0,1,7,1,9,13,7,35,1,56,0,0,0,56
05/09/2000,ASE,CO,ANM,WE,Towers with Radar,13,5,26,0,44,0,0,49,0,49,13,5,75,0,93,2,0,2,95
05/10/2000,ASE,CO,ANM,WE,Towers with Radar,12,9,23,0,44,0,0,21,0,21,12,9,44,0,65,6,0,6,71
05/11/2000,ASE,CO,ANM,WE,Towers with Radar,9,5,26,0,40,0,2,3,0,5,9,7,29,0,45,0,0,0,45
05/12/2000,ASE,CO,ANM,WE,Towers with Radar,12,5,19,0,36,0,0,40,0,40,12,5,59,0,76,16,0,16,92
05/13/2000,ASE,CO,ANM,WE,Towers with Radar,12,6,11,0,29,0,2,39,0,41,12,8,50,0,70,15,0,15,85
05/14/2000,ASE,CO,ANM,WE,Towers with Radar,12,3,9,0,24,0,1,31,0,32,12,4,40,0,56,0,0,0,56
05/15/2000,ASE,CO,ANM,WE,Towers with Radar,12,10,25,0,47,0,1,16,0,17,12,11,41,0,64,19,0,19,83
05/16/2000,ASE,CO,ANM,WE,Towers with Radar,9,5,15,0,29,4,1,11,0,16,13,6,26,0,45,4,0,4,49
05/17/2000,ASE,CO,ANM,WE,Towers with Radar,14,6,19,0,39,0,0,6,0,6,14,6,25,0,45,0,0,0,45
05/18/2000,ASE,CO,ANM,WE,Towers with Radar,12,6,31,0,49,0,0,5,0,5,12,6,36,0,54,26,0,26,80
05/19/2000,ASE,CO,ANM,WE,Towers with Radar,13,16,29,0,58,0,0,37,0,37,13,16,66,0,95,2,2,4,99
05/20/2000,ASE,CO,ANM,WE,Towers with Radar,12,6,9,0,27,0,0,11,0,11,12,6,20,0,38,8,0,8,46
05/21/2000,ASE,CO,ANM,WE,Towers with Radar,12,7,21,0,40,1,1,27,0,29,13,8,48,0,69,24,0,24,93
05/22/2000,ASE,CO,ANM,WE,Towers with Radar,13,8,19,0,40,0,0,29,0,29,13,8,48,0,69,24,0,24,93
05/23/2000,ASE,CO,ANM,WE,Towers with Radar,13,10,17,0,40,0,0,34,0,34,13,10,51,0,74,26,1,27,101
05/24/2000,ASE,CO,ANM,WE,Towers with Radar,12,12,35,0,59,0,0,40,0,40,12,12,75,0,99,10,0,10,109
05/25/2000,ASE,CO,ANM,WE,Towers with Radar,12,12,41,0,65,0,0,34,0,34,12,12,75,0,99,10,0,10,109
05/26/2000,ASE,CO,ANM,WE,Towers with Radar,16,16,44,0,76,0,0,10,0,10,16,16,54,0,86,10,0,10,96
05/27/2000,ASE,CO,ANM,WE,Towers with Radar,13,13,19,0,45,0,0,44,0,44,13,13,63,0,89,14,0,14,103
05/28/2000,ASE,CO,ANM,WE,Towers with Radar,8,3,13,0,24,4,0,28,2,34,12,3,41,2,58,2,0,2,60
05/29/2000,ASE,CO,ANM,WE,Towers with Radar,12,23,39,0,74,0,0,22,0,22,12,23,61,0,96,3,0,3,99
05/30/2000,ASE,CO,ANM,WE,Towers with Radar,13,9,59,0,81,0,0,14,0,14,13,9,73,0,95,12,0,12,107
05/31/2000,ASE,CO,ANM,WE,Towers with Radar,12,14,40,0,66,0,0,21,0,21,12,14,61,0,87,26,0,26,113
06/01/2000,ASE,CO,ANM,WE,Towers with Radar,11,16,26,0,53,1,0,26,0,27,12,16,52,0,80,10,0,10,90
06/02/2000,ASE,CO,ANM,WE,Towers with Radar,10,24,34,0,68,3,0,55,0,58,13,24,89,0,126,8,0,8,134
06/03/2000,ASE,CO,ANM,WE,Towers with Radar,9,11,33,0,53,2,5,16,0,23,11,16,49,0,76,6,0,6,82
06/04/2000,ASE,CO,ANM,WE,Towers with Radar,10,23,39,0,72,3,0,43,0,46,13,23,82,0,118,6,0,6,124
06/05/2000,ASE,CO,ANM,WE,Towers with Radar,9,14,50,0,73,3,0,36,0,39,12,14,86,0,112,20,0,20,132
06/06/2000,ASE,CO,ANM,WE,Towers with Radar,12,15,45,0,72,0,0,17,0,17,12,15,62,0,89,14,0,14,103
06/07/2000,ASE,CO,ANM,WE,Towers with Radar,15,15,47,0,77,6,0,48,2,56,21,15,95,2,133,22,0,22,155
06/08/2000,ASE,CO,ANM,WE,Towers with Radar,17,18,53,0,88,3,3,17,0,23,20,21,70,0,111,4,0,4,115
06/09/2000,ASE,CO,ANM,WE,Towers with Radar,41,19,32,0,92,2,0,32,0,34,43,19,64,0,126,0,0,0,126
06/10/2000,ASE,CO,ANM,WE,Towers with Radar,18,14,36,0,68,2,0,44,0,46,20,14,80,0,114,18,0,18,132
06/11/2000,ASE,CO,ANM,WE,Towers with Radar,21,22,62,2,107,2,0,49,4,55,23,22,111,6,162,6,0,6,168
06/12/2000,ASE,CO,ANM,WE,Towers with Radar,21,12,32,0,65,2,0,24,0,26,23,12,56,0,91,18,0,18,109
06/13/2000,ASE,CO,ANM,WE,Towers with Radar,20,13,42,0,75,1,1,17,0,19,21,14,59,0,94,12,0,12,106
06/14/2000,ASE,CO,ANM,WE,Towers with Radar,23,11,44,0,78,1,1,27,0,29,24,12,71,0,107,0,2,2,109
06/15/2000,ASE,CO,ANM,WE,Towers with Radar,21,19,53,0,93,1,1,37,0,39,22,20,90,0,132,6,0,6,138
06/16/2000,ASE,CO,ANM,WE,Towers with Radar,21,22,54,0,97,1,1,42,0,44,22,23,96,0,141,2,0,2,143
06/17/2000,ASE,CO,ANM,WE,Towers with Radar,23,16,51,1,91,1,1,11,0,13,24,17,62,1,104,18,0,18,122
06/18/2000,ASE,CO,ANM,WE,Towers with Radar,21,22,79,0,122,1,1,30,2,34,22,23,109,2,156,2,0,2,158
06/19/2000,ASE,CO,ANM,WE,Towers with Radar,22,22,55,0,99,1,1,4,0,6,23,23,59,0,105,0,0,0,105
06/20/2000,ASE,CO,ANM,WE,Towers with Radar,21,15,42,0,78,1,1,44,0,46,22,16,86,0,124,6,0,6,130
06/21/2000,ASE,CO,ANM,WE,Towers with Radar,23,14,30,0,67,1,1,48,0,50,24,15,78,0,117,14,0,14,131
06/22/2000,ASE,CO,ANM,WE,Towers with Radar,21,33,61,0,115,1,1,48,0,50,22,34,109,0,165,14,6,20,185
06/23/2000,ASE,CO,ANM,WE,Towers with Radar,22,18,60,0,100,1,0,42,0,43,23,18,102,0,143,6,2,8,151
06/24/2000,ASE,CO,ANM,WE,Towers with Radar,21,21,44,0,86,1,1,91,0,93,22,22,135,0,179,26,0,26,205
06/25/2000,ASE,CO,ANM,WE,Towers with Radar,23,31,84,0,138,0,1,104,0,105,23,32,188,0,243,2,0,2,245
06/26/2000,ASE,CO,ANM,WE,Towers with Radar,24,17,64,0,105,0,0,16,0,16,24,17,80,0,121,14,0,14,135
06/27/2000,ASE,CO,ANM,WE,Towers with Radar,22,22,61,0,105,1,0,20,0,21,23,22,81,0,126,14,0,14,140
06/28/2000,ASE,CO,ANM,WE,Towers with Radar,21,33,60,0,114,1,1,29,0,31,22,34,89,0,145,6,0,6,151
06/29/2000,ASE,CO,ANM,WE,Towers with Radar,22,26,70,0,118,1,0,44,0,45,23,26,114,0,163,2,0,2,165
06/30/2000,ASE,CO,ANM,WE,Towers with Radar,21,33,128,0,182,0,0,94,3,97,21,33,222,3,279,4,0,4,283
07/01/2000,ASE,CO,ANM,WE,Towers with Radar,22,29,81,0,132,0,0,63,0,63,22,29,144,0,195,36,0,36,231
07/02/2000,ASE,CO,ANM,WE,Towers with Radar,16,20,10,0,46,6,4,0,0,10,22,24,10,0,56,10,0,10,66
07/03/2000,ASE,CO,ANM,WE,Towers with Radar,15,15,54,0,84,7,0,27,0,34,22,15,81,0,118,24,0,24,142
07/04/2000,ASE,CO,ANM,WE,Towers with Radar,23,17,41,0,81,1,2,44,0,47,24,19,85,0,128,22,0,22,150
07/05/2000,ASE,CO,ANM,WE,Towers with Radar,22,35,123,0,180,0,0,101,0,101,22,35,224,0,281,4,0,4,285
07/06/2000,ASE,CO,ANM,WE,Towers with Radar,19,25,63,0,107,1,4,79,0,84,20,29,142,0,191,30,0,30,221
07/07/2000,ASE,CO,ANM,WE,Towers with Radar,25,37,92,0,154,1,2,64,0,67,26,39,156,0,221,26,0,26,247
07/08/2000,ASE,CO,ANM,WE,Towers with Radar,17,22,60,0,99,5,2,30,0,37,22,24,90,0,136,26,0,26,162
07/09/2000,ASE,CO,ANM,WE,Towers with Radar,22,31,104,0,157,0,0,64,2,66,22,31,168,2,223,36,0,36,259
07/10/2000,ASE,CO,ANM,WE,Towers with Radar,21,26,79,2,128,1,1,40,0,42,22,27,119,2,170,22,4,26,196
07/11/2000,ASE,CO,ANM,WE,Towers with Radar,21,22,55,0,98,1,1,58,0,60,22,23,113,0,158,30,0,30,188
07/12/2000,ASE,CO,ANM,WE,Towers with Radar,17,22,73,0,112,1,1,50,0,52,18,23,123,0,164,18,0,18,182
07/13/2000,ASE,CO,ANM,WE,Towers with Radar,20,28,82,0,130,1,1,58,0,60,21,29,140,0,190,6,0,6,196
07/14/2000,ASE,CO,ANM,WE,Towers with Radar,24,30,82,0,136,0,5,47,0,52,24,35,129,0,188,14,0,14,202
07/15/2000,ASE,CO,ANM,WE,Towers with Radar,21,20,62,0,103,1,1,48,2,52,22,21,110,2,155,24,0,24,179
07/16/2000,ASE,CO,ANM,WE,Towers with Radar,23,49,91,0,163,1,1,50,0,52,24,50,141,0,215,10,0,10,225
07/17/2000,ASE,CO,ANM,WE,Towers with Radar,22,32,64,0,118,1,1,38,0,40,23,33,102,0,158,8,0,8,166
07/18/2000,ASE,CO,ANM,WE,Towers with Radar,22,26,47,0,95,0,0,32,1,33,22,26,79,1,128,8,0,8,136
07/19/2000,ASE,CO,ANM,WE,Towers with Radar,21,25,39,0,85,1,1,40,1,43,22,26,79,1,128,8,0,8,136
07/20/2000,ASE,CO,ANM,WE,Towers with Radar,21,33,75,0,129,1,1,91,0,93,22,34,166,0,222,24,6,30,252
07/21/2000,ASE,CO,ANM,WE,Towers with Radar,22,27,96,0,145,0,0,42,0,42,22,27,138,0,187,10,1,11,198
07/22/2000,ASE,CO,ANM,WE,Towers with Radar,23,23,59,0,105,2,4,84,0,90,25,27,143,0,195,26,0,26,221
07/23/2000,ASE,CO,ANM,WE,Towers with Radar,21,32,101,0,154,1,1,56,0,58,22,33,157,0,212,22,0,22,234
07/24/2000,ASE,CO,ANM,WE,Towers with Radar,23,24,54,0,101,0,1,37,0,38,23,25,91,0,139,0,0,0,139
07/25/2000,ASE,CO,ANM,WE,Towers with Radar,21,30,71,0,122,1,1,36,0,38,22,31,107,0,160,16,0,16,176
07/26/2000,ASE,CO,ANM,WE,Towers with Radar,22,27,75,0,124,0,1,46,0,47,22,28,121,0,171,4,0,4,175
07/27/2000,ASE,CO,ANM,WE,Towers with Radar,23,31,54,0,108,0,3,52,1,56,23,34,106,1,164,16,0,16,180
07/28/2000,ASE,CO,ANM,WE,Towers with Radar,23,30,81,0,134,0,0,62,0,62,23,30,143,0,196,18,0,18,214
07/29/2000,ASE,CO,ANM,WE,Towers with Radar,22,18,58,0,98,0,2,50,0,52,22,20,108,0,150,8,0,8,158
07/30/2000,ASE,CO,ANM,WE,Towers with Radar,22,25,92,0,139,0,1,40,0,41,22,26,132,0,180,14,0,14,194
07/31/2000,ASE,CO,ANM,WE,Towers with Radar,23,35,65,0,123,0,0,79,0,79,23,35,144,0,202,14,0,14,216
08/01/2000,ASE,CO,ANM,WE,Towers with Radar,22,28,58,0,108,1,0,58,0,59,23,28,116,0,167,25,0,25,192
08/02/2000,ASE,CO,ANM,WE,Towers with Radar,25,29,81,0,135,1,0,58,0,59,26,29,139,0,194,8,0,8,202
08/03/2000,ASE,CO,ANM,WE,Towers with Radar,24,36,83,0,143,1,0,66,0,67,25,36,149,0,210,4,0,4,214
08/04/2000,ASE,CO,ANM,WE,Towers with Radar,29,37,108,0,174,1,0,65,0,66,30,37,173,0,240,14,0,14,254
08/05/2000,ASE,CO,ANM,WE,Towers with Radar,19,36,61,0,116,1,0,46,0,47,20,36,107,0,163,24,0,24,187
08/06/2000,ASE,CO,ANM,WE,Towers with Radar,22,36,81,0,139,2,9,62,0,73,24,45,143,0,212,20,0,20,232
08/07/2000,ASE,CO,ANM,WE,Towers with Radar,21,23,88,0,132,1,0,33,0,34,22,23,121,0,166,22,0,22,188
08/08/2000,ASE,CO,ANM,WE,Towers with Radar,22,28,79,0,129,0,0,57,0,57,22,28,136,0,186,18,2,20,206
08/09/2000,ASE,CO,ANM,WE,Towers with Radar,23,38,91,0,152,0,0,40,0,40,23,38,131,0,192,33,0,33,225
08/10/2000,ASE,CO,ANM,WE,Towers with Radar,20,29,87,0,136,3,6,64,0,73,23,35,151,0,209,0,0,0,209
08/11/2000,ASE,CO,ANM,WE,Towers with Radar,22,31,89,0,142,0,3,51,0,54,22,34,140,0,196,0,0,0,196
08/12/2000,ASE,CO,ANM,WE,Towers with Radar,24,36,84,0,144,0,0,43,0,43,24,36,127,0,187,0,2,2,189
08/13/2000,ASE,CO,ANM,WE,Towers with Radar,22,29,106,0,157,0,0,61,1,62,22,29,167,1,219,14,0,14,233
08/14/2000,ASE,CO,ANM,WE,Towers with Radar,20,26,71,0,117,2,0,36,0,38,22,26,107,0,155,0,0,0,155
08/15/2000,ASE,CO,ANM,WE,Towers with Radar,10,16,38,0,64,17,10,91,0,118,27,26,129,0,182,0,28,28,210
08/16/2000,ASE,CO,ANM,WE,Towers with Radar,21,32,85,0,138,0,0,52,0,52,21,32,137,0,190,9,0,9,199
08/17/2000,ASE,CO,ANM,WE,Towers with Radar,18,41,98,0,157,0,3,49,1,53,18,44,147,1,210,16,0,16,226
08/18/2000,ASE,CO,ANM,WE,Towers with Radar,22,43,93,0,158,0,0,49,1,50,22,43,142,1,208,14,0,14,222
08/19/2000,ASE,CO,ANM,WE,Towers with Radar,24,33,75,0,132,0,7,43,1,51,24,40,118,1,183,26,0,26,209
08/20/2000,ASE,CO,ANM,WE,Towers with Radar,22,37,118,0,177,0,0,42,0,42,22,37,160,0,219,2,0,2,221
08/21/2000,ASE,CO,ANM,WE,Towers with Radar,20,41,75,0,136,0,0,39,0,39,20,41,114,0,175,17,0,17,192
08/22/2000,ASE,CO,ANM,WE,Towers with Radar,22,42,81,0,145,0,0,37,0,37,22,42,118,0,182,26,0,26,208
08/23/2000,ASE,CO,ANM,WE,Towers with Radar,21,35,64,0,120,0,0,44,0,44,21,35,108,0,164,20,0,20,184
08/24/2000,ASE,CO,ANM,WE,Towers with Radar,22,28,84,0,134,0,0,33,0,33,22,28,117,0,167,10,0,10,177
08/25/2000,ASE,CO,ANM,WE,Towers with Radar,22,23,69,0,114,0,0,29,0,29,22,23,98,0,143,2,0,2,145
08/26/2000,ASE,CO,ANM,WE,Towers with Radar,21,25,54,0,100,0,0,44,0,44,21,25,98,0,144,28,0,28,172
08/27/2000,ASE,CO,ANM,WE,Towers with Radar,21,26,78,0,125,0,0,51,0,51,21,26,129,0,176,10,0,10,186
08/28/2000,ASE,CO,ANM,WE,Towers with Radar,20,30,69,0,119,1,5,32,0,38,21,35,101,0,157,8,0,8,165
08/29/2000,ASE,CO,ANM,WE,Towers with Radar,23,20,42,0,85,0,0,21,0,21,23,20,63,0,106,19,0,19,125
08/30/2000,ASE,CO,ANM,WE,Towers with Radar,22,23,41,0,86,0,0,26,0,26,22,23,67,0,112,6,0,6,118
08/31/2000,ASE,CO,ANM,WE,Towers with Radar,19,36,70,0,125,0,0,33,0,33,19,36,103,0,158,2,0,2,160
09/01/2000,ASE,CO,ANM,WE,Towers with Radar,19,39,104,0,162,0,0,66,0,66,19,39,170,0,228,12,0,12,240
09/02/2000,ASE,CO,ANM,WE,Towers with Radar,19,15,43,0,77,1,0,42,0,43,20,15,85,0,120,4,0,4,124
09/03/2000,ASE,CO,ANM,WE,Towers with Radar,19,18,29,0,66,1,21,133,0,155,20,39,162,0,221,10,0,10,231
09/04/2000,ASE,CO,ANM,WE,Towers with Radar,19,39,101,0,159,1,0,61,0,62,20,39,162,0,221,8,0,8,229
09/05/2000,ASE,CO,ANM,WE,Towers with Radar,18,26,67,0,111,1,0,27,0,28,19,26,94,0,139,0,0,0,139
09/06/2000,ASE,CO,ANM,WE,Towers with Radar,11,18,46,0,75,1,0,24,0,25,12,18,70,0,100,12,2,14,114
09/07/2000,ASE,CO,ANM,WE,Towers with Radar,11,19,49,0,79,1,0,29,2,32,12,19,78,2,111,14,0,14,125
09/08/2000,ASE,CO,ANM,WE,Towers with Radar,11,14,55,2,82,1,0,34,0,35,12,14,89,2,117,30,2,32,149
09/09/2000,ASE,CO,ANM,WE,Towers with Radar,9,16,41,0,66,1,0,30,0,31,10,16,71,0,97,4,0,4,101
09/10/2000,ASE,CO,ANM,WE,Towers with Radar,10,23,56,0,89,1,0,55,0,56,11,23,111,0,145,2,0,2,147
09/11/2000,ASE,CO,ANM,WE,Towers with Radar,11,6,38,0,55,1,0,42,0,43,12,6,80,0,98,16,0,16,114
09/12/2000,ASE,CO,ANM,WE,Towers with Radar,10,15,35,0,60,1,0,35,0,36,11,15,70,0,96,0,0,0,96
09/13/2000,ASE,CO,ANM,WE,Towers with Radar,11,18,42,0,71,1,0,51,0,52,12,18,93,0,123,14,0,14,137
09/14/2000,ASE,CO,ANM,WE,Towers with Radar,12,23,113,0,148,0,3,73,0,76,12,26,186,0,224,0,0,0,224
09/15/2000,ASE,CO,ANM,WE,Towers with Radar,11,19,60,0,90,0,0,75,0,75,11,19,135,0,165,8,0,8,173
09/16/2000,ASE,CO,ANM,WE,Towers with Radar,11,24,65,0,100,0,4,70,0,74,11,28,135,0,174,20,0,20,194
09/17/2000,ASE,CO,ANM,WE,Towers with Radar,11,22,92,0,125,0,1,50,0,51,11,23,142,0,176,0,0,0,176
09/18/2000,ASE,CO,ANM,WE,Towers with Radar,13,16,50,0,79,0,1,25,0,26,13,17,75,0,105,4,0,4,109
09/19/2000,ASE,CO,ANM,WE,Towers with Radar,10,9,38,0,57,2,0,24,0,26,12,9,62,0,83,8,0,8,91
09/20/2000,ASE,CO,ANM,WE,Towers with Radar,12,18,28,0,58,0,1,38,0,39,12,19,66,0,97,12,0,12,109
09/21/2000,ASE,CO,ANM,WE,Towers with Radar,10,32,40,0,82,0,1,18,0,19,10,33,58,0,101,0,0,0,101
09/22/2000,ASE,CO,ANM,WE,Towers with Radar,12,18,28,0,58,0,3,20,0,23,12,21,48,0,81,0,0,0,81
09/23/2000,ASE,CO,ANM,WE,Towers with Radar,7,9,18,0,34,4,0,0,0,4,11,9,18,0,38,0,0,0,38
09/24/2000,ASE,CO,ANM,WE,Towers with Radar,11,12,36,0,59,0,1,6,0,7,11,13,42,0,66,8,0,8,74
09/25/2000,ASE,CO,ANM,WE,Towers with Radar,13,22,42,0,77,0,1,40,1,42,13,23,82,1,119,16,0,16,135
09/26/2000,ASE,CO,ANM,WE,Towers with Radar,12,13,30,0,55,0,1,25,0,26,12,14,55,0,81,18,0,18,99
09/27/2000,ASE,CO,ANM,WE,Towers with Radar,12,16,29,0,57,0,0,38,0,38,12,16,67,0,95,9,0,9,104
09/28/2000,ASE,CO,ANM,WE,Towers with Radar,13,29,46,0,88,0,0,23,0,23,13,29,69,0,111,0,0,0,111
09/29/2000,ASE,CO,ANM,WE,Towers with Radar,12,11,45,0,68,0,0,49,0,49,12,11,94,0,117,12,0,12,129
09/30/2000,ASE,CO,ANM,WE,Towers with Radar,11,17,25,0,53,0,2,38,1,41,11,19,63,1,94,14,0,14,108
10/01/2000,ASE,CO,ANM,WE,Towers with Radar,11,14,49,0,74,1,0,40,1,42,12,14,89,1,116,28,0,28,144
10/02/2000,ASE,CO,ANM,WE,Towers with Radar,12,14,34,0,60,0,0,32,1,33,12,14,66,1,93,20,0,20,113
10/03/2000,ASE,CO,ANM,WE,Towers with Radar,11,6,27,0,44,1,0,16,0,17,12,6,43,0,61,14,0,14,75
10/04/2000,ASE,CO,ANM,WE,Towers with Radar,11,17,32,0,60,1,0,19,0,20,12,17,51,0,80,16,0,16,96
10/05/2000,ASE,CO,ANM,WE,Towers with Radar,11,15,27,0,53,1,0,24,0,25,12,15,51,0,78,12,0,12,90
10/06/2000,ASE,CO,ANM,WE,Towers with Radar,11,13,43,0,67,1,0,22,0,23,12,13,65,0,90,20,0,20,110
10/07/2000,ASE,CO,ANM,WE,Towers with Radar,10,13,28,0,51,2,0,35,0,37,12,13,63,0,88,20,0,20,108
10/08/2000,ASE,CO,ANM,WE,Towers with Radar,12,15,33,0,60,0,4,46,0,50,12,19,79,0,110,0,0,0,110
10/09/2000,ASE,CO,ANM,WE,Towers with Radar,10,22,34,0,66,1,0,51,0,52,11,22,85,0,118,30,0,30,148
10/10/2000,ASE,CO,ANM,WE,Towers with Radar,12,14,32,0,58,0,0,27,0,27,12,14,59,0,85,0,0,0,85
10/11/2000,ASE,CO,ANM,WE,Towers with Radar,12,17,37,0,66,0,1,29,0,30,12,18,66,0,96,0,0,0,96
10/12/2000,ASE,CO,ANM,WE,Towers with Radar,12,18,39,0,69,0,12,26,0,38,12,30,65,0,107,0,0,0,107
10/13/2000,ASE,CO,ANM,WE,Towers with Radar,12,18,28,0,58,0,0,26,0,26,12,18,54,0,84,8,0,8,92
10/14/2000,ASE,CO,ANM,WE,Towers with Radar,12,10,28,0,50,0,0,61,0,61,12,10,89,0,111,14,0,14,125
10/15/2000,ASE,CO,ANM,WE,Towers with Radar,12,10,45,0,67,0,1,43,0,44,12,11,88,0,111,0,0,0,111
10/16/2000,ASE,CO,ANM,WE,Towers with Radar,10,7,23,0,40,2,0,43,2,47,12,7,66,2,87,8,0,8,95
10/17/2000,ASE,CO,ANM,WE,Towers with Radar,11,9,12,0,32,0,1,48,0,49,11,10,60,0,81,8,0,8,89
10/18/2000,ASE,CO,ANM,WE,Towers with Radar,12,14,24,0,50,0,1,54,0,55,12,15,78,0,105,0,2,2,107
10/19/2000,ASE,CO,ANM,WE,Towers with Radar,11,12,27,0,50,1,8,45,4,58,12,20,72,4,108,4,0,4,112
10/20/2000,ASE,CO,ANM,WE,Towers with Radar,12,10,28,0,50,0,0,28,2,30,12,10,56,2,80,2,0,2,82
10/21/2000,ASE,CO,ANM,WE,Towers with Radar,12,11,19,0,42,0,0,37,2,39,12,11,56,2,81,33,2,35,116
10/22/2000,ASE,CO,ANM,WE,Towers with Radar,11,6,23,0,40,0,0,12,0,12,11,6,35,0,52,16,0,16,68
10/23/2000,ASE,CO,ANM,WE,Towers with Radar,12,7,38,0,57,0,0,4,0,4,12,7,42,0,61,2,0,2,63
10/24/2000,ASE,CO,ANM,WE,Towers with Radar,10,13,26,0,49,0,2,0,0,2,10,15,26,0,51,1,0,1,52
10/25/2000,ASE,CO,ANM,WE,Towers with Radar,10,12,23,0,45,0,0,18,0,18,10,12,41,0,63,14,0,14,77
10/26/2000,ASE,CO,ANM,WE,Towers with Radar,11,9,27,0,47,0,2,37,0,39,11,11,64,0,86,2,0,2,88
10/27/2000,ASE,CO,ANM,WE,Towers with Radar,11,9,31,0,51,0,0,26,2,28,11,9,57,2,79,7,0,7,86
10/28/2000,ASE,CO,ANM,WE,Towers with Radar,11,10,7,0,28,0,0,0,0,0,11,10,7,0,28,16,0,16,44
10/29/2000,ASE,CO,ANM,WE,Towers with Radar,13,12,30,0,55,0,0,19,0,19,13,12,49,0,74,18,0,18,92
10/30/2000,ASE,CO,ANM,WE,Towers with Radar,11,10,19,0,40,0,0,25,0,25,11,10,44,0,65,12,0,12,77
10/31/2000,ASE,CO,ANM,WE,Towers with Radar,11,9,14,0,34,0,0,0,0,0,11,9,14,0,34,0,0,0,34
11/01/2000,ASE,CO,ANM,WE,Towers with Radar,7,7,16,0,30,1,0,0,0,1,8,7,16,0,31,0,0,0,31
11/02/2000,ASE,CO,ANM,WE,Towers with Radar,10,8,29,0,47,2,0,18,1,21,12,8,47,1,68,12,0,12,80
11/03/2000,ASE,CO,ANM,WE,Towers with Radar,10,13,29,0,52,2,0,18,0,20,12,13,47,0,72,0,0,0,72
11/04/2000,ASE,CO,ANM,WE,Towers with Radar,4,6,20,0,30,8,0,32,0,40,12,6,52,0,70,20,1,21,91
11/05/2000,ASE,CO,ANM,WE,Towers with Radar,6,4,25,0,35,1,0,1,0,2,7,4,26,0,37,0,0,0,37
11/06/2000,ASE,CO,ANM,WE,Towers with Radar,8,11,19,0,38,2,0,1,0,3,10,11,20,0,41,0,0,0,41
11/07/2000,ASE,CO,ANM,WE,Towers with Radar,7,14,30,0,51,2,0,21,0,23,9,14,51,0,74,5,0,5,79
11/08/2000,ASE,CO,ANM,WE,Towers with Radar,10,10,29,0,49,1,0,17,0,18,11,10,46,0,67,1,0,1,68
11/09/2000,ASE,CO,ANM,WE,Towers with Radar,11,11,37,0,59,0,0,13,0,13,11,11,50,0,72,2,0,2,74
11/10/2000,ASE,CO,ANM,WE,Towers with Radar,9,10,18,0,37,0,1,0,0,1,9,11,18,0,38,0,0,0,38
11/11/2000,ASE,CO,ANM,WE,Towers with Radar,6,5,18,0,29,1,1,0,0,2,7,6,18,0,31,0,0,0,31
11/12/2000,ASE,CO,ANM,WE,Towers with Radar,11,3,28,0,42,0,0,0,0,0,11,3,28,0,42,0,0,0,42
11/13/2000,ASE,CO,ANM,WE,Towers with Radar,11,9,20,0,40,0,0,39,0,39,11,9,59,0,79,4,1,5,84
11/14/2000,ASE,CO,ANM,WE,Towers with Radar,8,6,15,0,29,0,2,0,0,2,8,8,15,0,31,0,0,0,31
11/15/2000,ASE,CO,ANM,WE,Towers with Radar,8,7,18,0,33,5,9,28,0,42,13,16,46,0,75,8,0,8,83
11/16/2000,ASE,CO,ANM,WE,Towers with Radar,13,16,32,0,61,0,0,33,0,33,13,16,65,0,94,8,0,8,102
11/17/2000,ASE,CO,ANM,WE,Towers with Radar,10,13,40,0,63,0,2,18,0,20,10,15,58,0,83,4,0,4,87
11/18/2000,ASE,CO,ANM,WE,Towers with Radar,14,17,23,0,54,0,0,14,0,14,14,17,37,0,68,2,0,2,70
11/19/2000,ASE,CO,ANM,WE,Towers with Radar,14,12,35,0,61,0,0,12,0,12,14,12,47,0,73,0,0,0,73
11/20/2000,ASE,CO,ANM,WE,Towers with Radar,14,16,41,0,71,0,4,20,0,24,14,20,61,0,95,4,0,4,99
11/21/2000,ASE,CO,ANM,WE,Towers with Radar,13,24,60,0,97,0,0,48,0,48,13,24,108,0,145,0,0,0,145
11/22/2000,ASE,CO,ANM,WE,Towers with Radar,15,35,117,0,167,0,0,54,0,54,15,35,171,0,221,1,0,1,222
11/23/2000,ASE,CO,ANM,WE,Towers with Radar,15,13,20,0,48,0,1,17,0,18,15,14,37,0,66,17,0,17,83
11/24/2000,ASE,CO,ANM,WE,Towers with Radar,14,11,30,0,55,0,2,39,2,43,14,13,69,2,98,7,0,7,105
11/25/2000,ASE,CO,ANM,WE,Towers with Radar,15,12,36,0,63,0,0,27,0,27,15,12,63,0,90,5,0,5,95
11/26/2000,ASE,CO,ANM,WE,Towers with Radar,15,38,99,0,152,0,0,66,0,66,15,38,165,0,218,0,0,0,218
11/27/2000,ASE,CO,ANM,WE,Towers with Radar,16,25,71,0,112,0,0,20,0,20,16,25,91,0,132,8,0,8,140
11/28/2000,ASE,CO,ANM,WE,Towers with Radar,15,14,31,0,60,0,6,20,0,26,15,20,51,0,86,10,0,10,96
11/29/2000,ASE,CO,ANM,WE,Towers with Radar,15,12,32,0,59,0,0,37,0,37,15,12,69,0,96,10,0,10,106
11/30/2000,ASE,CO,ANM,WE,Towers with Radar,15,11,26,0,52,0,0,7,0,7,15,11,33,0,59,0,0,0,59
12/01/2000,ASE,CO,ANM,WE,Towers with Radar,17,17,44,0,78,0,0,31,0,31,17,17,75,0,109,2,0,2,111
12/02/2000,ASE,CO,ANM,WE,Towers with Radar,10,7,16,0,33,4,2,27,0,33,14,9,43,0,66,0,0,0,66
12/03/2000,ASE,CO,ANM,WE,Towers with Radar,13,25,24,0,62,4,1,30,0,35,17,26,54,0,97,4,0,4,101
12/04/2000,ASE,CO,ANM,WE,Towers with Radar,11,14,26,0,51,4,1,22,1,28,15,15,48,1,79,4,0,4,83
12/05/2000,ASE,CO,ANM,WE,Towers with Radar,10,15,18,0,43,4,1,12,2,19,14,16,30,2,62,0,0,0,62
12/06/2000,ASE,CO,ANM,WE,Towers with Radar,13,18,29,0,60,4,1,29,0,34,17,19,58,0,94,16,0,16,110
12/07/2000,ASE,CO,ANM,WE,Towers with Radar,10,14,38,0,62,3,2,5,0,10,13,16,43,0,72,0,0,0,72
12/08/2000,ASE,CO,ANM,WE,Towers with Radar,12,15,37,0,64,3,0,0,0,3,15,15,37,0,67,0,0,0,67
12/09/2000,ASE,CO,ANM,WE,Towers with Radar,10,16,30,0,56,8,0,0,0,8,18,16,30,0,64,0,0,0,64
12/10/2000,ASE,CO,ANM,WE,Towers with Radar,11,9,31,0,51,19,0,0,0,19,30,9,31,0,70,0,0,0,70
12/11/2000,ASE,CO,ANM,WE,Towers with Radar,10,16,38,0,64,0,1,2,0,3,10,17,40,0,67,0,0,0,67
12/12/2000,ASE,CO,ANM,WE,Towers with Radar,12,14,26,0,52,4,0,9,0,13,16,14,35,0,65,0,0,0,65
12/13/2000,ASE,CO,ANM,WE,Towers with Radar,7,7,29,0,43,4,0,0,0,4,11,7,29,0,47,0,0,0,47
12/14/2000,ASE,CO,ANM,WE,Towers with Radar,8,16,30,0,54,3,1,0,0,4,11,17,30,0,58,0,0,0,58
12/15/2000,ASE,CO,ANM,WE,Towers with Radar,16,7,33,0,56,3,1,12,0,16,19,8,45,0,72,0,0,0,72
12/16/2000,ASE,CO,ANM,WE,Towers with Radar,32,37,63,0,132,3,1,0,0,4,35,38,63,0,136,0,0,0,136
12/17/2000,ASE,CO,ANM,WE,Towers with Radar,16,25,51,0,92,3,1,0,0,4,19,26,51,0,96,0,0,0,96
12/18/2000,ASE,CO,ANM,WE,Towers with Radar,22,27,66,0,115,7,1,4,0,12,29,28,70,0,127,4,0,4,131
12/19/2000,ASE,CO,ANM,WE,Towers with Radar,24,27,68,0,119,2,4,25,0,31,26,31,93,0,150,0,0,0,150
12/20/2000,ASE,CO,ANM,WE,Towers with Radar,28,26,84,0,138,0,0,14,0,14,28,26,98,0,152,4,0,4,156
12/21/2000,ASE,CO,ANM,WE,Towers with Radar,24,35,101,0,160,0,0,6,0,6,24,35,107,0,166,0,0,0,166
12/22/2000,ASE,CO,ANM,WE,Towers with Radar,29,36,100,0,165,0,0,40,0,40,29,36,140,0,205,0,0,0,205
12/23/2000,ASE,CO,ANM,WE,Towers with Radar,30,30,81,0,141,4,0,36,0,40,34,30,117,0,181,0,0,0,181
12/24/2000,ASE,CO,ANM,WE,Towers with Radar,22,26,37,0,85,2,2,16,0,20,24,28,53,0,105,0,0,0,105
12/25/2000,ASE,CO,ANM,WE,Towers with Radar,25,31,36,0,92,2,2,0,0,4,27,33,36,0,96,0,0,0,96
12/26/2000,ASE,CO,ANM,WE,Towers with Radar,29,50,208,0,287,2,2,17,0,21,31,52,225,0,308,0,0,0,308
12/27/2000,ASE,CO,ANM,WE,Towers with Radar,30,43,104,0,177,0,3,55,0,58,30,46,159,0,235,0,0,0,235
12/28/2000,ASE,CO,ANM,WE,Towers with Radar,34,36,32,0,102,0,10,110,0,120,34,46,142,0,222,6,0,6,228
12/29/2000,ASE,CO,ANM,WE,Towers with Radar,28,30,98,0,156,2,2,47,0,51,30,32,145,0,207,2,0,2,209
12/30/2000,ASE,CO,ANM,WE,Towers with Radar,33,41,88,0,162,2,2,19,0,23,35,43,107,0,185,0,0,0,185
12/31/2000,ASE,CO,ANM,WE,Towers with Radar,36,28,47,0,111,2,2,9,0,13,38,30,56,0,124,0,0,0,124
01/01/2001,ASE,CO,ANM,WE,Towers with Radar,28,71,157,0,256,0,1,13,0,14,28,72,170,0,270,6,0,6,276
01/02/2001,ASE,CO,ANM,WE,Towers with Radar,31,65,211,0,307,0,1,66,0,67,31,66,277,0,374,0,0,0,374
01/03/2001,ASE,CO,ANM,WE,Towers with Radar,29,45,105,0,179,0,1,14,0,15,29,46,119,0,194,0,0,0,194
01/04/2001,ASE,CO,ANM,WE,Towers with Radar,27,22,73,0,122,0,1,54,0,55,27,23,127,0,177,0,0,0,177
01/05/2001,ASE,CO,ANM,WE,Towers with Radar,29,28,73,0,130,0,1,37,0,38,29,29,110,0,168,0,0,0,168
01/06/2001,ASE,CO,ANM,WE,Towers with Radar,35,40,74,0,149,0,4,37,0,41,35,44,111,0,190,4,0,4,194
01/07/2001,ASE,CO,ANM,WE,Towers with Radar,35,29,69,0,133,0,0,32,0,32,35,29,101,0,165,0,0,0,165
01/08/2001,ASE,CO,ANM,WE,Towers with Radar,30,27,35,0,92,0,1,47,0,48,30,28,82,0,140,22,0,22,162
01/09/2001,ASE,CO,ANM,WE,Towers with Radar,29,15,34,0,78,0,1,47,0,48,29,16,81,0,126,0,0,0,126
01/10/2001,ASE,CO,ANM,WE,Towers with Radar,30,27,54,0,111,0,1,13,0,14,30,28,67,0,125,0,0,0,125
01/11/2001,ASE,CO,ANM,WE,Towers with Radar,40,45,46,0,131,5,1,27,0,33,45,46,73,0,164,0,0,0,164
01/12/2001,ASE,CO,ANM,WE,Towers with Radar,37,27,60,0,124,0,0,14,0,14,37,27,74,0,138,0,0,0,138
01/13/2001,ASE,CO,ANM,WE,Towers with Radar,33,15,28,0,76,1,1,2,0,4,34,16,30,0,80,0,0,0,80
01/14/2001,ASE,CO,ANM,WE,Towers with Radar,42,25,42,0,109,0,1,6,0,7,42,26,48,0,116,0,0,0,116
01/15/2001,ASE,CO,ANM,WE,Towers with Radar,28,43,65,2,138,0,3,18,0,21,28,46,83,2,159,0,0,0,159
01/16/2001,ASE,CO,ANM,WE,Towers with Radar,28,20,29,0,77,0,1,19,0,20,28,21,48,0,97,0,0,0,97
01/17/2001,ASE,CO,ANM,WE,Towers with Radar,30,35,41,0,106,0,0,50,0,50,30,35,91,0,156,6,0,6,162
01/18/2001,ASE,CO,ANM,WE,Towers with Radar,43,23,44,0,110,6,1,32,0,39,49,24,76,0,149,3,0,3,152
01/19/2001,ASE,CO,ANM,WE,Towers with Radar,29,20,36,2,87,0,0,44,0,44,29,20,80,2,131,9,0,9,140
01/20/2001,ASE,CO,ANM,WE,Towers with Radar,41,19,50,0,110,0,1,5,0,6,41,20,55,0,116,0,0,0,116
01/21/2001,ASE,CO,ANM,WE,Towers with Radar,31,27,55,0,113,10,1,0,0,11,41,28,55,0,124,0,0,0,124
01/22/2001,ASE,CO,ANM,WE,Towers with Radar,28,19,53,0,100,0,1,21,0,22,28,20,74,0,122,0,0,0,122
01/23/2001,ASE,CO,ANM,WE,Towers with Radar,30,24,32,0,86,0,1,40,1,42,30,25,72,1,128,6,0,6,134
01/24/2001,ASE,CO,ANM,WE,Towers with Radar,29,15,31,0,75,0,0,36,0,36,29,15,67,0,111,8,0,8,119
01/25/2001,ASE,CO,ANM,WE,Towers with Radar,17,6,17,0,40,0,0,0,0,0,17,6,17,0,40,0,0,0,40
01/26/2001,ASE,CO,ANM,WE,Towers with Radar,27,22,50,0,99,0,0,14,1,15,27,22,64,1,114,1,0,1,115
01/27/2001,ASE,CO,ANM,WE,Towers with Radar,32,20,59,0,111,13,0,8,0,21,45,20,67,0,132,0,0,0,132
01/28/2001,ASE,CO,ANM,WE,Towers with Radar,31,16,40,0,87,0,0,2,0,2,31,16,42,0,89,0,0,0,89
01/29/2001,ASE,CO,ANM,WE,Towers with Radar,24,14,47,0,85,0,0,3,0,3,24,14,50,0,88,0,0,0,88
01/30/2001,ASE,CO,ANM,WE,Towers with Radar,25,20,37,0,82,0,0,4,0,4,25,20,41,0,86,5,0,5,91
01/31/2001,ASE,CO,ANM,WE,Towers with Radar,25,34,44,0,103,0,0,26,0,26,25,34,70,0,129,0,0,0,129
02/01/2001,ASE,CO,ANM,WE,Towers with Radar,28,26,67,0,121,1,0,21,0,22,29,26,88,0,143,2,0,2,145
02/02/2001,ASE,CO,ANM,WE,Towers with Radar,28,24,52,0,104,1,9,31,0,41,29,33,83,0,145,0,0,0,145
02/03/2001,ASE,CO,ANM,WE,Towers with Radar,46,14,56,0,116,0,4,8,0,12,46,18,64,0,128,0,0,0,128
02/04/2001,ASE,CO,ANM,WE,Towers with Radar,23,23,48,0,94,7,0,30,0,37,30,23,78,0,131,18,0,18,149
02/05/2001,ASE,CO,ANM,WE,Towers with Radar,23,22,47,0,92,7,0,33,0,40,30,22,80,0,132,0,0,0,132
02/06/2001,ASE,CO,ANM,WE,Towers with Radar,31,32,35,0,98,0,0,46,0,46,31,32,81,0,144,10,0,10,154
02/07/2001,ASE,CO,ANM,WE,Towers with Radar,24,16,32,0,72,0,0,14,0,14,24,16,46,0,86,0,0,0,86
02/08/2001,ASE,CO,ANM,WE,Towers with Radar,21,17,45,0,83,0,0,0,0,0,21,17,45,0,83,0,0,0,83
02/09/2001,ASE,CO,ANM,WE,Towers with Radar,30,40,77,0,147,0,0,28,0,28,30,40,105,0,175,0,0,0,175
02/10/2001,ASE,CO,ANM,WE,Towers with Radar,43,39,41,0,123,0,0,18,0,18,43,39,59,0,141,0,0,0,141
02/11/2001,ASE,CO,ANM,WE,Towers with Radar,38,29,61,0,128,0,2,9,0,11,38,31,70,0,139,0,0,0,139
02/12/2001,ASE,CO,ANM,WE,Towers with Radar,26,26,54,0,106,0,2,25,0,27,26,28,79,0,133,0,0,0,133
02/13/2001,ASE,CO,ANM,WE,Towers with Radar,26,17,26,0,69,0,0,35,0,35,26,17,61,0,104,0,0,0,104
02/14/2001,ASE,CO,ANM,WE,Towers with Radar,27,34,54,0,115,0,0,13,0,13,27,34,67,0,128,0,0,0,128
02/15/2001,ASE,CO,ANM,WE,Towers with Radar,23,49,117,0,189,0,0,20,0,20,23,49,137,0,209,12,0,12,221
02/16/2001,ASE,CO,ANM,WE,Towers with Radar,31,51,106,0,188,0,16,89,0,105,31,67,195,0,293,0,0,0,293
02/17/2001,ASE,CO,ANM,WE,Towers with Radar,39,57,71,0,167,4,7,46,0,57,43,64,117,0,224,0,0,0,224
02/18/2001,ASE,CO,ANM,WE,Towers with Radar,38,17,61,0,116,0,1,42,0,43,38,18,103,0,159,14,0,14,173
02/19/2001,ASE,CO,ANM,WE,Towers with Radar,30,90,186,0,306,0,0,9,0,9,30,90,195,0,315,0,0,0,315
02/20/2001,ASE,CO,ANM,WE,Towers with Radar,23,46,79,0,148,0,5,39,0,44,23,51,118,0,192,8,0,8,200
02/21/2001,ASE,CO,ANM,WE,Towers with Radar,28,17,60,0,105,3,0,4,0,7,31,17,64,0,112,0,0,0,112
02/22/2001,ASE,CO,ANM,WE,Towers with Radar,26,21,82,0,129,0,0,20,0,20,26,21,102,0,149,0,0,0,149
02/23/2001,ASE,CO,ANM,WE,Towers with Radar,23,22,68,0,113,0,0,12,0,12,23,22,80,0,125,0,0,0,125
02/24/2001,ASE,CO,ANM,WE,Towers with Radar,43,22,74,0,139,0,0,0,0,0,43,22,74,0,139,0,0,0,139
02/25/2001,ASE,CO,ANM,WE,Towers with Radar,34,37,105,0,176,0,0,20,0,20,34,37,125,0,196,22,0,22,218
02/26/2001,ASE,CO,ANM,WE,Towers with Radar,25,24,53,0,102,0,0,7,0,7,25,24,60,0,109,22,0,22,131
02/27/2001,ASE,CO,ANM,WE,Towers with Radar,31,12,21,0,64,0,0,18,0,18,31,12,39,0,82,0,0,0,82
02/28/2001,ASE,CO,ANM,WE,Towers with Radar,28,23,49,0,100,0,0,19,0,19,28,23,68,0,119,6,0,6,125
03/01/2001,ASE,CO,ANM,WE,Towers with Radar,28,29,87,0,144,0,0,34,0,34,28,29,121,0,178,0,0,0,178
03/02/2001,ASE,CO,ANM,WE,Towers with Radar,32,30,105,2,169,0,0,31,0,31,32,30,136,2,200,2,2,4,204
03/03/2001,ASE,CO,ANM,WE,Towers with Radar,45,27,70,0,142,0,0,18,0,18,45,27,88,0,160,4,0,4,164
03/04/2001,ASE,CO,ANM,WE,Towers with Radar,39,50,114,0,203,0,0,45,1,46,39,50,159,1,249,0,0,0,249
03/05/2001,ASE,CO,ANM,WE,Towers with Radar,30,39,47,0,116,0,5,28,0,33,30,44,75,0,149,0,0,0,149
03/06/2001,ASE,CO,ANM,WE,Towers with Radar,26,31,59,0,116,0,0,36,0,36,26,31,95,0,152,1,0,1,153
03/07/2001,ASE,CO,ANM,WE,Towers with Radar,32,32,53,0,117,0,0,17,1,18,32,32,70,1,135,4,0,4,139
03/08/2001,ASE,CO,ANM,WE,Towers with Radar,30,31,79,0,140,0,0,14,0,14,30,31,93,0,154,1,1,2,156
03/09/2001,ASE,CO,ANM,WE,Towers with Radar,30,51,87,0,168,0,2,26,0,28,30,53,113,0,196,0,0,0,196
03/10/2001,ASE,CO,ANM,WE,Towers with Radar,30,30,77,0,137,0,0,9,0,9,30,30,86,0,146,0,0,0,146
03/11/2001,ASE,CO,ANM,WE,Towers with Radar,13,5,45,0,63,0,0,0,0,0,13,5,45,0,63,0,0,0,63
03/12/2001,ASE,CO,ANM,WE,Towers with Radar,28,26,70,0,124,0,0,3,0,3,28,26,73,0,127,0,0,0,127
03/13/2001,ASE,CO,ANM,WE,Towers with Radar,28,21,51,0,100,0,0,50,0,50,28,21,101,0,150,8,0,8,158
03/14/2001,ASE,CO,ANM,WE,Towers with Radar,10,13,51,0,74,0,0,7,0,7,10,13,58,0,81,0,0,0,81
03/15/2001,ASE,CO,ANM,WE,Towers with Radar,27,48,69,0,144,0,2,11,1,14,27,50,80,1,158,0,0,0,158
03/16/2001,ASE,CO,ANM,WE,Towers with Radar,22,51,139,0,212,0,1,9,0,10,22,52,148,0,222,0,0,0,222
03/17/2001,ASE,CO,ANM,WE,Towers with Radar,40,45,117,0,202,0,0,0,0,0,40,45,117,0,202,0,0,0,202
03/18/2001,ASE,CO,ANM,WE,Towers with Radar,38,35,122,0,195,0,0,12,0,12,38,35,134,0,207,8,0,8,215
03/19/2001,ASE,CO,ANM,WE,Towers with Radar,28,48,64,0,140,0,0,46,0,46,28,48,110,0,186,0,0,0,186
03/20/2001,ASE,CO,ANM,WE,Towers with Radar,27,42,47,0,116,0,0,31,0,31,27,42,78,0,147,10,0,10,157
03/21/2001,ASE,CO,ANM,WE,Towers with Radar,28,33,71,0,132,0,4,40,0,44,28,37,111,0,176,16,0,16,192
03/22/2001,ASE,CO,ANM,WE,Towers with Radar,27,30,75,0,132,0,0,25,1,26,27,30,100,1,158,16,0,16,174
03/23/2001,ASE,CO,ANM,WE,Towers with Radar,25,41,111,0,177,0,0,14,0,14,25,41,125,0,191,5,0,5,196
03/24/2001,ASE,CO,ANM,WE,Towers with Radar,50,70,104,0,224,0,0,36,0,36,50,70,140,0,260,2,0,2,262
03/25/2001,ASE,CO,ANM,WE,Towers with Radar,38,63,99,0,200,0,0,21,1,22,38,63,120,1,222,0,0,0,222
03/26/2001,ASE,CO,ANM,WE,Towers with Radar,23,33,77,0,133,0,0,8,0,8,23,33,85,0,141,0,0,0,141
03/27/2001,ASE,CO,ANM,WE,Towers with Radar,35,28,33,0,96,0,0,24,0,24,35,28,57,0,120,0,0,0,120
03/28/2001,ASE,CO,ANM,WE,Towers with Radar,32,23,46,0,101,0,0,20,0,20,32,23,66,0,121,4,0,4,125
03/29/2001,ASE,CO,ANM,WE,Towers with Radar,24,21,59,0,104,0,0,0,0,0,24,21,59,0,104,0,0,0,104
03/30/2001,ASE,CO,ANM,WE,Towers with Radar,26,14,69,0,109,0,0,21,0,21,26,14,90,0,130,18,0,18,148
03/31/2001,ASE,CO,ANM,WE,Towers with Radar,51,39,76,0,166,0,0,31,0,31,51,39,107,0,197,10,0,10,207
04/01/2001,ASE,CO,ANM,WE,Towers with Radar,25,44,90,0,159,1,14,31,0,46,26,58,121,0,205,12,0,12,217
04/02/2001,ASE,CO,ANM,WE,Towers with Radar,11,18,45,0,74,1,0,5,0,6,12,18,50,0,80,8,0,8,88
04/03/2001,ASE,CO,ANM,WE,Towers with Radar,12,23,26,0,61,1,0,42,0,43,13,23,68,0,104,14,0,14,118
04/04/2001,ASE,CO,ANM,WE,Towers with Radar,12,19,42,0,73,1,5,62,0,68,13,24,104,0,141,34,0,34,175
04/05/2001,ASE,CO,ANM,WE,Towers with Radar,11,24,53,0,88,1,0,11,0,12,12,24,64,0,100,0,0,0,100
04/06/2001,ASE,CO,ANM,WE,Towers with Radar,10,9,39,0,58,0,0,4,0,4,10,9,43,0,62,0,0,0,62
04/07/2001,ASE,CO,ANM,WE,Towers with Radar,12,32,41,0,85,0,2,3,0,5,12,34,44,0,90,0,0,0,90
04/08/2001,ASE,CO,ANM,WE,Towers with Radar,11,13,25,0,49,0,1,0,0,1,11,14,25,0,50,0,0,0,50
04/09/2001,ASE,CO,ANM,WE,Towers with Radar,12,27,32,0,71,0,1,60,0,61,12,28,92,0,132,18,0,18,150
04/10/2001,ASE,CO,ANM,WE,Towers with Radar,12,3,11,0,26,0,2,9,0,11,12,5,20,0,37,0,0,0,37
04/11/2001,ASE,CO,ANM,WE,Towers with Radar,0,10,29,0,39,0,1,0,0,1,0,11,29,0,40,0,0,0,40
04/12/2001,ASE,CO,ANM,WE,Towers with Radar,13,10,44,0,67,0,1,9,0,10,13,11,53,0,77,0,0,0,77
04/13/2001,ASE,CO,ANM,WE,Towers with Radar,13,21,35,0,69,0,2,30,0,32,13,23,65,0,101,14,0,14,115
04/14/2001,ASE,CO,ANM,WE,Towers with Radar,14,10,20,0,44,0,0,19,0,19,14,10,39,0,63,34,0,34,97
04/15/2001,ASE,CO,ANM,WE,Towers with Radar,13,10,29,0,52,0,0,43,0,43,13,10,72,0,95,10,0,10,105
04/16/2001,ASE,CO,ANM,WE,Towers with Radar,12,4,37,0,53,0,1,32,0,33,12,5,69,0,86,4,0,4,90
04/17/2001,ASE,CO,ANM,WE,Towers with Radar,13,12,19,0,44,0,1,80,0,81,13,13,99,0,125,22,0,22,147
04/18/2001,ASE,CO,ANM,WE,Towers with Radar,9,11,12,0,32,0,1,92,0,93,9,12,104,0,125,2,0,2,127
04/19/2001,ASE,CO,ANM,WE,Towers with Radar,13,11,19,0,43,0,1,16,0,17,13,12,35,0,60,0,0,0,60
04/20/2001,ASE,CO,ANM,WE,Towers with Radar,9,13,28,0,50,0,1,8,0,9,9,14,36,0,59,2,0,2,61
04/21/2001,ASE,CO,ANM,WE,Towers with Radar,16,8,7,0,31,0,1,11,0,12,16,9,18,0,43,0,0,0,43
04/22/2001,ASE,CO,ANM,WE,Towers with Radar,0,0,2,0,2,0,0,0,0,0,0,0,2,0,2,0,0,0,2
04/23/2001,ASE,CO,ANM,WE,Towers with Radar,13,11,32,2,58,0,4,60,0,64,13,15,92,2,122,0,2,2,124
04/24/2001,ASE,CO,ANM,WE,Towers with Radar,11,6,13,0,30,0,2,76,0,78,11,8,89,0,108,20,0,20,128
04/25/2001,ASE,CO,ANM,WE,Towers with Radar,13,5,18,0,36,0,1,58,0,59,13,6,76,0,95,0,0,0,95
04/26/2001,ASE,CO,ANM,WE,Towers with Radar,9,5,20,0,34,4,0,43,0,47,13,5,63,0,81,0,0,0,81
04/27/2001,ASE,CO,ANM,WE,Towers with Radar,12,7,10,0,29,0,0,44,0,44,12,7,54,0,73,4,0,4,77
04/28/2001,ASE,CO,ANM,WE,Towers with Radar,11,4,14,0,29,0,0,11,0,11,11,4,25,0,40,0,0,0,40
04/29/2001,ASE,CO,ANM,WE,Towers with Radar,12,8,17,0,37,0,0,18,0,18,12,8,35,0,55,0,0,0,55
04/30/2001,ASE,CO,ANM,WE,Towers with Radar,12,11,17,0,40,0,0,28,0,28,12,11,45,0,68,8,0,8,76
05/01/2001,ASE,CO,ANM,WE,Towers with Radar,8,6,12,0,26,0,0,42,0,42,8,6,54,0,68,0,0,0,68
05/02/2001,ASE,CO,ANM,WE,Towers with Radar,12,6,24,0,42,0,0,27,0,27,12,6,51,0,69,0,0,0,69
05/03/2001,ASE,CO,ANM,WE,Towers with Radar,0,0,2,0,2,0,0,0,0,0,0,0,2,0,2,0,0,0,2
05/04/2001,ASE,CO,ANM,WE,Towers with Radar,12,4,19,0,35,0,0,14,0,14,12,4,33,0,49,0,0,0,49
05/05/2001,ASE,CO,ANM,WE,Towers with Radar,6,3,3,0,12,0,0,0,0,0,6,3,3,0,12,0,0,0,12
05/06/2001,ASE,CO,ANM,WE,Towers with Radar,14,9,15,0,38,0,1,16,0,17,14,10,31,0,55,0,0,0,55
05/07/2001,ASE,CO,ANM,WE,Towers with Radar,13,11,22,0,46,0,0,35,0,35,13,11,57,0,81,0,0,0,81
05/08/2001,ASE,CO,ANM,WE,Towers with Radar,12,4,17,0,33,0,0,28,0,28,12,4,45,0,61,28,0,28,89
05/09/2001,ASE,CO,ANM,WE,Towers with Radar,13,14,23,0,50,0,0,38,0,38,13,14,61,0,88,0,0,0,88
05/10/2001,ASE,CO,ANM,WE,Towers with Radar,9,5,21,0,35,0,0,17,0,17,9,5,38,0,52,0,0,0,52
05/11/2001,ASE,CO,ANM,WE,Towers with Radar,11,10,14,0,35,0,0,31,0,31,11,10,45,0,66,4,0,4,70
05/12/2001,ASE,CO,ANM,WE,Towers with Radar,14,6,17,0,37,0,0,68,0,68,14,6,85,0,105,0,0,0,105
05/13/2001,ASE,CO,ANM,WE,Towers with Radar,10,4,20,0,34,0,0,43,0,43,10,4,63,0,77,0,0,0,77
05/14/2001,ASE,CO,ANM,WE,Towers with Radar,10,6,16,0,32,0,0,7,0,7,10,6,23,0,39,0,0,0,39
05/15/2001,ASE,CO,ANM,WE,Towers with Radar,9,8,18,0,35,0,0,27,0,27,9,8,45,0,62,0,0,0,62
05/16/2001,ASE,CO,ANM,WE,Towers with Radar,12,10,24,0,46,0,0,26,0,26,12,10,50,0,72,0,0,0,72
05/17/2001,ASE,CO,ANM,WE,Towers with Radar,11,11,26,0,48,0,0,11,0,11,11,11,37,0,59,10,0,10,69
05/18/2001,ASE,CO,ANM,WE,Towers with Radar,12,13,19,0,44,0,0,32,0,32,12,13,51,0,76,0,0,0,76
05/19/2001,ASE,CO,ANM,WE,Towers with Radar,11,11,7,0,29,0,0,31,0,31,11,11,38,0,60,10,0,10,70
05/20/2001,ASE,CO,ANM,WE,Towers with Radar,8,8,16,0,32,0,0,23,0,23,8,8,39,0,55,0,0,0,55
05/21/2001,ASE,CO,ANM,WE,Towers with Radar,13,10,23,0,46,0,0,19,0,19,13,10,42,0,65,2,0,2,67
05/22/2001,ASE,CO,ANM,WE,Towers with Radar,12,4,11,0,27,0,0,30,0,30,12,4,41,0,57,24,0,24,81
05/23/2001,ASE,CO,ANM,WE,Towers with Radar,12,7,12,0,31,0,1,22,0,23,12,8,34,0,54,0,0,0,54
05/24/2001,ASE,CO,ANM,WE,Towers with Radar,13,18,27,0,58,0,0,30,0,30,13,18,57,0,88,0,0,0,88
05/25/2001,ASE,CO,ANM,WE,Towers with Radar,14,27,23,0,64,0,0,28,0,28,14,27,51,0,92,0,0,0,92
05/26/2001,ASE,CO,ANM,WE,Towers with Radar,12,11,13,0,36,0,0,31,0,31,12,11,44,0,67,10,0,10,77
05/27/2001,ASE,CO,ANM,WE,Towers with Radar,13,14,16,0,43,0,0,30,0,30,13,14,46,0,73,0,0,0,73
05/28/2001,ASE,CO,ANM,WE,Towers with Radar,13,15,30,0,58,0,0,30,0,30,13,15,60,0,88,16,0,16,104
05/29/2001,ASE,CO,ANM,WE,Towers with Radar,13,18,27,0,58,0,0,17,0,17,13,18,44,0,75,18,0,18,93
05/30/2001,ASE,CO,ANM,WE,Towers with Radar,12,13,15,0,40,0,0,24,1,25,12,13,39,1,65,14,0,14,79
05/31/2001,ASE,CO,ANM,WE,Towers with Radar,12,10,25,0,47,0,0,39,0,39,12,10,64,0,86,6,3,9,95
06/01/2001,ASE,CO,ANM,WE,Towers with Radar,13,18,41,0,72,1,0,30,0,31,14,18,71,0,103,4,0,4,107
06/02/2001,ASE,CO,ANM,WE,Towers with Radar,8,16,29,0,53,1,1,37,2,41,9,17,66,2,94,0,0,0,94
06/03/2001,ASE,CO,ANM,WE,Towers with Radar,12,15,35,0,62,1,0,33,0,34,13,15,68,0,96,0,0,0,96
06/04/2001,ASE,CO,ANM,WE,Towers with Radar,12,10,17,0,39,0,0,4,0,4,12,10,21,0,43,10,0,10,53
06/05/2001,ASE,CO,ANM,WE,Towers with Radar,12,19,17,0,48,1,0,25,0,26,13,19,42,0,74,18,0,18,92
06/06/2001,ASE,CO,ANM,WE,Towers with Radar,12,10,25,0,47,0,0,32,0,32,12,10,57,0,79,0,0,0,79
06/07/2001,ASE,CO,ANM,WE,Towers with Radar,17,18,37,0,72,1,0,37,0,38,18,18,74,0,110,0,0,0,110
06/08/2001,ASE,CO,ANM,WE,Towers with Radar,20,25,50,0,95,1,0,33,0,34,21,25,83,0,129,12,0,12,141
06/09/2001,ASE,CO,ANM,WE,Towers with Radar,19,27,33,0,79,0,1,24,0,25,19,28,57,0,104,2,0,2,106
06/10/2001,ASE,CO,ANM,WE,Towers with Radar,21,26,40,0,87,0,0,48,0,48,21,26,88,0,135,32,0,32,167
06/11/2001,ASE,CO,ANM,WE,Towers with Radar,19,21,23,0,63,0,1,36,0,37,19,22,59,0,100,6,0,6,106
06/12/2001,ASE,CO,ANM,WE,Towers with Radar,19,16,27,0,62,1,0,38,0,39,20,16,65,0,101,0,0,0,101
06/13/2001,ASE,CO,ANM,WE,Towers with Radar,15,5,24,0,44,1,0,2,0,3,16,5,26,0,47,0,0,0,47
06/14/2001,ASE,CO,ANM,WE,Towers with Radar,15,23,40,0,78,2,2,17,0,21,17,25,57,0,99,0,0,0,99
06/15/2001,ASE,CO,ANM,WE,Towers with Radar,0,0,0,0,0,0,0,0,0,0,0,0,0,0,0,0,0,0,0
06/16/2001,ASE,CO,ANM,WE,Towers with Radar,20,15,23,0,58,0,0,60,0,60,20,15,83,0,118,0,0,0,118
06/17/2001,ASE,CO,ANM,WE,Towers with Radar,20,20,42,0,82,0,0,55,0,55,20,20,97,0,137,0,0,0,137
06/18/2001,ASE,CO,ANM,WE,Towers with Radar,20,30,38,0,88,0,10,27,0,37,20,40,65,0,125,0,0,0,125
06/19/2001,ASE,CO,ANM,WE,Towers with Radar,20,18,30,0,68,0,0,35,0,35,20,18,65,0,103,0,0,0,103
06/20/2001,ASE,CO,ANM,WE,Towers with Radar,20,16,56,0,92,0,0,33,0,33,20,16,89,0,125,14,0,14,139
06/21/2001,ASE,CO,ANM,WE,Towers with Radar,0,33,94,0,127,0,0,23,0,23,0,33,117,0,150,2,0,2,152
06/22/2001,ASE,CO,ANM,WE,Towers with Radar,5,37,67,0,109,0,0,47,0,47,5,37,114,0,156,0,0,0,156
06/23/2001,ASE,CO,ANM,WE,Towers with Radar,20,27,56,0,103,0,0,111,0,111,20,27,167,0,214,10,0,10,224
06/24/2001,ASE,CO,ANM,WE,Towers with Radar,21,39,54,0,114,0,0,85,0,85,21,39,139,0,199,2,0,2,201
06/25/2001,ASE,CO,ANM,WE,Towers with Radar,21,28,58,0,107,0,0,41,0,41,21,28,99,0,148,0,0,0,148
06/26/2001,ASE,CO,ANM,WE,Towers with Radar,15,25,57,0,97,0,0,31,0,31,15,25,88,0,128,8,0,8,136
06/27/2001,ASE,CO,ANM,WE,Towers with Radar,19,30,55,0,104,0,0,21,0,21,19,30,76,0,125,3,0,3,128
06/28/2001,ASE,CO,ANM,WE,Towers with Radar,15,30,54,0,99,0,6,42,0,48,15,36,96,0,147,2,0,2,149
06/29/2001,ASE,CO,ANM,WE,Towers with Radar,18,49,97,0,164,0,0,79,0,79,18,49,176,0,243,20,0,20,263
06/30/2001,ASE,CO,ANM,WE,Towers with Radar,20,35,74,0,129,0,0,38,0,38,20,35,112,0,167,2,0,2,169
07/01/2001,ASE,CO,ANM,WE,Towers with Radar,19,42,98,0,159,1,3,40,0,44,20,45,138,0,203,0,0,0,203
07/02/2001,ASE,CO,ANM,WE,Towers with Radar,21,30,65,0,116,1,0,33,0,34,22,30,98,0,150,0,0,0,150
07/03/2001,ASE,CO,ANM,WE,Towers with Radar,21,42,56,0,119,1,0,68,0,69,22,42,124,0,188,8,2,10,198
07/04/2001,ASE,CO,ANM,WE,Towers with Radar,21,18,30,0,69,1,0,34,4,39,22,18,64,4,108,8,8,16,124
07/05/2001,ASE,CO,ANM,WE,Towers with Radar,20,22,86,0,128,1,0,38,0,39,21,22,124,0,167,6,0,6,173
07/06/2001,ASE,CO,ANM,WE,Towers with Radar,24,27,49,4,104,1,0,32,0,33,25,27,81,4,137,12,0,12,149
07/07/2001,ASE,CO,ANM,WE,Towers with Radar,19,32,57,0,108,1,0,68,2,71,20,32,125,2,179,14,0,14,193
07/08/2001,ASE,CO,ANM,WE,Towers with Radar,17,43,116,0,176,5,2,49,0,56,22,45,165,0,232,2,0,2,234
07/09/2001,ASE,CO,ANM,WE,Towers with Radar,19,26,54,0,99,1,0,28,0,29,20,26,82,0,128,2,0,2,130
07/10/2001,ASE,CO,ANM,WE,Towers with Radar,16,36,37,0,89,1,0,24,0,25,17,36,61,0,114,8,0,8,122
07/11/2001,ASE,CO,ANM,WE,Towers with Radar,18,23,56,0,97,1,0,42,0,43,19,23,98,0,140,29,0,29,169
07/12/2001,ASE,CO,ANM,WE,Towers with Radar,21,33,71,0,125,1,0,36,0,37,22,33,107,0,162,6,0,6,168
07/13/2001,ASE,CO,ANM,WE,Towers with Radar,19,30,74,0,123,1,0,43,0,44,20,30,117,0,167,10,0,10,177
07/14/2001,ASE,CO,ANM,WE,Towers with Radar,25,31,50,0,106,0,3,30,0,33,25,34,80,0,139,0,0,0,139
07/15/2001,ASE,CO,ANM,WE,Towers with Radar,22,34,98,0,154,0,1,0,0,1,22,35,98,0,155,0,0,0,155
07/16/2001,ASE,CO,ANM,WE,Towers with Radar,24,23,66,0,113,0,1,27,0,28,24,24,93,0,141,0,8,8,149
07/17/2001,ASE,CO,ANM,WE,Towers with Radar,23,27,37,0,87,0,1,37,0,38,23,28,74,0,125,0,0,0,125
07/18/2001,ASE,CO,ANM,WE,Towers with Radar,25,26,52,0,103,0,1,41,0,42,25,27,93,0,145,2,0,2,147
07/19/2001,ASE,CO,ANM,WE,Towers with Radar,20,31,64,0,115,0,0,32,2,34,20,31,96,2,149,32,2,34,183
07/20/2001,ASE,CO,ANM,WE,Towers with Radar,24,28,67,0,119,0,1,48,0,49,24,29,115,0,168,16,0,16,184
07/21/2001,ASE,CO,ANM,WE,Towers with Radar,36,19,32,0,87,0,3,48,0,51,36,22,80,0,138,20,0,20,158
07/22/2001,ASE,CO,ANM,WE,Towers with Radar,22,40,78,0,140,0,0,78,0,78,22,40,156,0,218,16,0,16,234
07/23/2001,ASE,CO,ANM,WE,Towers with Radar,18,22,54,0,94,0,0,38,0,38,18,22,92,0,132,6,0,6,138
07/24/2001,ASE,CO,ANM,WE,Towers with Radar,19,26,53,0,98,0,0,28,0,28,19,26,81,0,126,0,0,0,126
07/25/2001,ASE,CO,ANM,WE,Towers with Radar,22,36,65,0,123,0,0,61,0,61,22,36,126,0,184,14,0,14,198
07/26/2001,ASE,CO,ANM,WE,Towers with Radar,23,24,88,0,135,0,0,29,0,29,23,24,117,0,164,4,0,4,168
07/27/2001,ASE,CO,ANM,WE,Towers with Radar,24,44,67,0,135,0,0,46,0,46,24,44,113,0,181,6,0,6,187
07/28/2001,ASE,CO,ANM,WE,Towers with Radar,24,20,55,0,99,0,0,67,0,67,24,20,122,0,166,0,0,0,166
07/29/2001,ASE,CO,ANM,WE,Towers with Radar,22,46,99,0,167,0,0,42,0,42,22,46,141,0,209,8,0,8,217
07/30/2001,ASE,CO,ANM,WE,Towers with Radar,23,25,81,0,129,0,0,55,0,55,23,25,136,0,184,0,0,0,184
07/31/2001,ASE,CO,ANM,WE,Towers with Radar,14,27,56,0,97,0,11,26,0,37,14,38,82,0,134,4,0,4,138
08/01/2001,ASE,CO,ANM,WE,Towers with Radar,21,54,95,0,170,1,0,23,0,24,22,54,118,0,194,0,0,0,194
08/02/2001,ASE,CO,ANM,WE,Towers with Radar,18,39,75,0,132,0,0,20,0,20,18,39,95,0,152,4,0,4,156
08/03/2001,ASE,CO,ANM,WE,Towers with Radar,19,51,78,0,148,0,0,29,0,29,19,51,107,0,177,2,0,2,179
08/04/2001,ASE,CO,ANM,WE,Towers with Radar,19,37,51,0,107,1,0,65,0,66,20,37,116,0,173,6,0,6,179
08/05/2001,ASE,CO,ANM,WE,Towers with Radar,21,49,81,0,151,1,0,70,0,71,22,49,151,0,222,10,0,10,232
08/06/2001,ASE,CO,ANM,WE,Towers with Radar,32,24,76,0,132,9,0,42,0,51,41,24,118,0,183,0,0,0,183
08/07/2001,ASE,CO,ANM,WE,Towers with Radar,19,36,55,0,110,1,0,29,0,30,20,36,84,0,140,0,0,0,140
08/08/2001,ASE,CO,ANM,WE,Towers with Radar,19,38,66,0,123,1,0,19,0,20,20,38,85,0,143,0,0,0,143
08/09/2001,ASE,CO,ANM,WE,Towers with Radar,25,36,82,1,144,0,1,34,0,35,25,37,116,1,179,15,0,15,194
08/10/2001,ASE,CO,ANM,WE,Towers with Radar,21,34,104,0,159,0,1,26,1,28,21,35,130,1,187,0,0,0,187
08/11/2001,ASE,CO,ANM,WE,Towers with Radar,20,31,56,0,107,0,2,42,0,44,20,33,98,0,151,10,0,10,161
08/12/2001,ASE,CO,ANM,WE,Towers with Radar,20,60,94,0,174,0,1,43,0,44,20,61,137,0,218,17,0,17,235
08/13/2001,ASE,CO,ANM,WE,Towers with Radar,20,33,90,0,143,0,0,29,0,29,20,33,119,0,172,10,0,10,182
08/14/2001,ASE,CO,ANM,WE,Towers with Radar,27,25,92,0,144,0,0,22,0,22,27,25,114,0,166,4,0,4,170
08/15/2001,ASE,CO,ANM,WE,Towers with Radar,21,42,87,0,150,0,0,62,0,62,21,42,149,0,212,30,0,30,242
08/16/2001,ASE,CO,ANM,WE,Towers with Radar,23,35,75,0,133,0,0,40,0,40,23,35,115,0,173,2,0,2,175
08/17/2001,ASE,CO,ANM,WE,Towers with Radar,26,41,57,0,124,0,0,46,0,46,26,41,103,0,170,18,0,18,188
08/18/2001,ASE,CO,ANM,WE,Towers with Radar,22,43,56,0,121,0,0,75,0,75,22,43,131,0,196,23,0,23,219
08/19/2001,ASE,CO,ANM,WE,Towers with Radar,22,52,98,0,172,0,0,58,0,58,22,52,156,0,230,3,0,3,233
08/20/2001,ASE,CO,ANM,WE,Towers with Radar,22,37,73,0,132,0,0,19,0,19,22,37,92,0,151,12,0,12,163
08/21/2001,ASE,CO,ANM,WE,Towers with Radar,22,40,60,0,122,0,1,55,0,56,22,41,115,0,178,32,0,32,210
08/22/2001,ASE,CO,ANM,WE,Towers with Radar,26,32,89,0,147,0,0,32,0,32,26,32,121,0,179,20,0,20,199
08/23/2001,ASE,CO,ANM,WE,Towers with Radar,24,31,62,0,117,0,0,68,0,68,24,31,130,0,185,18,0,18,203
08/24/2001,ASE,CO,ANM,WE,Towers with Radar,24,23,60,2,109,0,0,78,1,79,24,23,138,3,188,18,2,20,208
08/25/2001,ASE,CO,ANM,WE,Towers with Radar,21,21,46,0,88,0,0,85,0,85,21,21,131,0,173,0,0,0,173
08/26/2001,ASE,CO,ANM,WE,Towers with Radar,22,39,82,0,143,0,0,75,0,75,22,39,157,0,218,6,0,6,224
08/27/2001,ASE,CO,ANM,WE,Towers with Radar,22,31,43,0,96,0,0,38,0,38,22,31,81,0,134,10,0,10,144
08/28/2001,ASE,CO,ANM,WE,Towers with Radar,22,24,42,0,88,0,0,45,0,45,22,24,87,0,133,6,0,6,139
08/29/2001,ASE,CO,ANM,WE,Towers with Radar,22,28,48,0,98,0,0,60,0,60,22,28,108,0,158,0,0,0,158
08/30/2001,ASE,CO,ANM,WE,Towers with Radar,21,30,63,0,114,0,2,38,0,40,21,32,101,0,154,4,0,4,158
08/31/2001,ASE,CO,ANM,WE,Towers with Radar,20,42,84,0,146,0,0,48,0,48,20,42,132,0,194,6,0,6,200
09/01/2001,ASE,CO,ANM,WE,Towers with Radar,19,21,55,0,95,1,3,61,0,65,20,24,116,0,160,16,0,16,176
09/02/2001,ASE,CO,ANM,WE,Towers with Radar,19,32,33,0,84,1,1,74,0,76,20,33,107,0,160,6,0,6,166
09/03/2001,ASE,CO,ANM,WE,Towers with Radar,19,49,71,0,139,0,5,89,0,94,19,54,160,0,233,8,0,8,241
09/04/2001,ASE,CO,ANM,WE,Towers with Radar,20,31,66,0,117,0,1,39,0,40,20,32,105,0,157,6,0,6,163
09/05/2001,ASE,CO,ANM,WE,Towers with Radar,20,34,62,0,116,0,0,36,0,36,20,34,98,0,152,10,1,11,163
09/06/2001,ASE,CO,ANM,WE,Towers with Radar,15,21,22,0,58,0,0,49,0,49,15,21,71,0,107,0,0,0,107
09/07/2001,ASE,CO,ANM,WE,Towers with Radar,13,12,53,0,78,0,0,25,0,25,13,12,78,0,103,0,0,0,103
09/08/2001,ASE,CO,ANM,WE,Towers with Radar,12,18,21,0,51,1,0,32,0,33,13,18,53,0,84,6,0,6,90
09/09/2001,ASE,CO,ANM,WE,Towers with Radar,15,18,42,0,75,0,1,70,0,71,15,19,112,0,146,0,0,0,146
09/10/2001,ASE,CO,ANM,WE,Towers with Radar,13,11,33,0,57,1,5,49,0,55,14,16,82,0,112,0,0,0,112
09/11/2001,ASE,CO,ANM,WE,Towers with Radar,0,0,3,0,3,0,1,4,0,5,0,1,7,0,8,0,0,0,8
09/12/2001,ASE,CO,ANM,WE,Towers with Radar,0,0,0,0,0,0,0,0,0,0,0,0,0,0,0,0,0,0,0
09/13/2001,ASE,CO,ANM,WE,Towers with Radar,0,4,0,0,4,0,0,0,0,0,0,4,0,0,4,0,0,0,4
09/14/2001,ASE,CO,ANM,WE,Towers with Radar,13,39,9,0,61,0,0,0,4,4,13,39,9,4,65,0,0,0,65
09/15/2001,ASE,CO,ANM,WE,Towers with Radar,8,34,40,0,82,1,0,0,0,1,9,34,40,0,83,0,0,0,83
09/16/2001,ASE,CO,ANM,WE,Towers with Radar,8,21,31,0,60,1,0,0,0,1,9,21,31,0,61,0,0,0,61
09/17/2001,ASE,CO,ANM,WE,Towers with Radar,6,35,26,0,67,1,0,2,0,3,7,35,28,0,70,0,0,0,70
09/18/2001,ASE,CO,ANM,WE,Towers with Radar,8,25,26,0,59,1,1,0,0,2,9,26,26,0,61,0,0,0,61
09/19/2001,ASE,CO,ANM,WE,Towers with Radar,10,24,49,0,83,1,0,0,0,1,11,24,49,0,84,0,0,0,84
09/20/2001,ASE,CO,ANM,WE,Towers with Radar,10,28,43,0,81,0,0,25,0,25,10,28,68,0,106,0,0,0,106
09/21/2001,ASE,CO,ANM,WE,Towers with Radar,11,27,33,0,71,0,0,46,0,46,11,27,79,0,117,2,0,2,119
09/22/2001,ASE,CO,ANM,WE,Towers with Radar,10,20,25,0,55,1,0,39,0,40,11,20,64,0,95,6,0,6,101
09/23/2001,ASE,CO,ANM,WE,Towers with Radar,11,31,41,2,85,0,0,57,0,57,11,31,98,2,142,8,0,8,150
09/24/2001,ASE,CO,ANM,WE,Towers with Radar,10,20,28,0,58,0,0,32,0,32,10,20,60,0,90,6,0,6,96
09/25/2001,ASE,CO,ANM,WE,Towers with Radar,10,18,19,0,47,0,1,50,0,51,10,19,69,0,98,0,0,0,98
09/26/2001,ASE,CO,ANM,WE,Towers with Radar,11,29,41,0,81,0,1,38,0,39,11,30,79,0,120,10,0,10,130
09/27/2001,ASE,CO,ANM,WE,Towers with Radar,10,15,28,0,53,0,1,55,0,56,10,16,83,0,109,16,0,16,125
09/28/2001,ASE,CO,ANM,WE,Towers with Radar,11,32,26,2,71,0,0,39,0,39,11,32,65,2,110,6,0,6,116
09/29/2001,ASE,CO,ANM,WE,Towers with Radar,10,15,15,0,40,0,0,22,2,24,10,15,37,2,64,4,0,4,68
09/30/2001,ASE,CO,ANM,WE,Towers with Radar,8,20,46,0,74,0,1,51,0,52,8,21,97,0,126,0,0,0,126
10/01/2001,ASE,CO,ANM,WE,Towers with Radar,9,24,30,0,63,1,0,30,0,31,10,24,60,0,94,0,0,0,94
10/02/2001,ASE,CO,ANM,WE,Towers with Radar,10,10,32,0,52,0,0,30,2,32,10,10,62,2,84,0,0,0,84
10/03/2001,ASE,CO,ANM,WE,Towers with Radar,11,23,31,0,65,1,0,25,0,26,12,23,56,0,91,12,0,12,103
10/04/2001,ASE,CO,ANM,WE,Towers with Radar,10,20,19,0,49,0,3,21,0,24,10,23,40,0,73,0,0,0,73
10/05/2001,ASE,CO,ANM,WE,Towers with Radar,10,22,33,0,65,0,0,56,1,57,10,22,89,1,122,18,0,18,140
10/06/2001,ASE,CO,ANM,WE,Towers with Radar,10,16,20,0,46,0,0,37,0,37,10,16,57,0,83,16,0,16,99
10/07/2001,ASE,CO,ANM,WE,Towers with Radar,10,18,32,0,60,0,0,37,0,37,10,18,69,0,97,8,0,8,105
10/08/2001,ASE,CO,ANM,WE,Towers with Radar,10,32,18,0,60,0,0,40,0,40,10,32,58,0,100,0,0,0,100
10/09/2001,ASE,CO,ANM,WE,Towers with Radar,10,16,11,0,37,2,0,1,0,3,12,16,12,0,40,2,0,2,42
10/10/2001,ASE,CO,ANM,WE,Towers with Radar,10,33,43,0,86,0,0,24,0,24,10,33,67,0,110,12,0,12,122
10/11/2001,ASE,CO,ANM,WE,Towers with Radar,10,19,27,1,57,0,0,31,8,39,10,19,58,9,96,6,14,20,116
10/12/2001,ASE,CO,ANM,WE,Towers with Radar,10,24,35,1,70,0,0,10,0,10,10,24,45,1,80,7,0,7,87
10/13/2001,ASE,CO,ANM,WE,Towers with Radar,10,20,29,1,60,0,0,18,0,18,10,20,47,1,78,14,0,14,92
10/14/2001,ASE,CO,ANM,WE,Towers with Radar,10,16,30,0,56,0,0,44,0,44,10,16,74,0,100,26,0,26,126
10/15/2001,ASE,CO,ANM,WE,Towers with Radar,10,13,29,0,52,0,0,40,0,40,10,13,69,0,92,6,0,6,98
10/16/2001,ASE,CO,ANM,WE,Towers with Radar,10,16,34,0,60,0,0,43,0,43,10,16,77,0,103,8,0,8,111
10/17/2001,ASE,CO,ANM,WE,Towers with Radar,10,15,21,0,46,0,0,45,5,50,10,15,66,5,96,2,0,2,98
10/18/2001,ASE,CO,ANM,WE,Towers with Radar,10,23,20,0,53,3,0,21,0,24,13,23,41,0,77,8,0,8,85
10/19/2001,ASE,CO,ANM,WE,Towers with Radar,10,29,34,0,73,0,0,30,1,31,10,29,64,1,104,0,0,0,104
10/20/2001,ASE,CO,ANM,WE,Towers with Radar,10,14,19,0,43,0,0,43,0,43,10,14,62,0,86,10,0,10,96
10/21/2001,ASE,CO,ANM,WE,Towers with Radar,10,8,30,0,48,0,0,19,0,19,10,8,49,0,67,6,0,6,73
10/22/2001,ASE,CO,ANM,WE,Towers with Radar,9,13,22,0,44,0,0,11,0,11,9,13,33,0,55,0,0,0,55
10/23/2001,ASE,CO,ANM,WE,Towers with Radar,12,14,22,0,48,0,0,10,0,10,12,14,32,0,58,0,0,0,58
10/24/2001,ASE,CO,ANM,WE,Towers with Radar,11,16,22,0,49,0,0,11,0,11,11,16,33,0,60,12,0,12,72
10/25/2001,ASE,CO,ANM,WE,Towers with Radar,10,15,26,0,51,0,0,32,0,32,10,15,58,0,83,12,0,12,95
10/26/2001,ASE,CO,ANM,WE,Towers with Radar,10,11,25,0,46,0,2,23,0,25,10,13,48,0,71,0,0,0,71
10/27/2001,ASE,CO,ANM,WE,Towers with Radar,10,10,8,0,28,0,0,36,0,36,10,10,44,0,64,0,0,0,64
10/28/2001,ASE,CO,ANM,WE,Towers with Radar,10,9,25,0,44,0,0,39,0,39,10,9,64,0,83,2,0,2,85
10/29/2001,ASE,CO,ANM,WE,Towers with Radar,10,10,12,0,32,0,0,30,0,30,10,10,42,0,62,8,0,8,70
10/30/2001,ASE,CO,ANM,WE,Towers with Radar,10,10,8,0,28,0,0,29,1,30,10,10,37,1,58,16,1,17,75
10/31/2001,ASE,CO,ANM,WE,Towers with Radar,11,6,24,0,41,0,0,5,0,5,11,6,29,0,46,2,0,2,48
11/01/2001,ASE,CO,ANM,WE,Towers with Radar,12,16,30,0,58,0,0,19,0,19,12,16,49,0,77,12,0,12,89
11/02/2001,ASE,CO,ANM,WE,Towers with Radar,10,14,27,0,51,2,0,26,0,28,12,14,53,0,79,0,0,0,79
11/03/2001,ASE,CO,ANM,WE,Towers with Radar,11,12,10,0,33,1,1,46,0,48,12,13,56,0,81,28,0,28,109
11/04/2001,ASE,CO,ANM,WE,Towers with Radar,11,7,21,0,39,1,3,27,1,32,12,10,48,1,71,22,0,22,93
11/05/2001,ASE,CO,ANM,WE,Towers with Radar,11,11,29,0,51,1,0,31,0,32,12,11,60,0,83,16,0,16,99
11/06/2001,ASE,CO,ANM,WE,Towers with Radar,12,8,13,0,33,0,0,27,0,27,12,8,40,0,60,0,0,0,60
11/07/2001,ASE,CO,ANM,WE,Towers with Radar,11,12,20,0,43,1,0,18,0,19,12,12,38,0,62,0,0,0,62
11/08/2001,ASE,CO,ANM,WE,Towers with Radar,11,27,26,0,64,1,0,19,0,20,12,27,45,0,84,0,0,0,84
11/09/2001,ASE,CO,ANM,WE,Towers with Radar,12,10,27,0,49,0,0,45,1,46,12,10,72,1,95,16,0,16,111
11/10/2001,ASE,CO,ANM,WE,Towers with Radar,10,11,13,0,34,0,0,51,0,51,10,11,64,0,85,4,0,4,89
11/11/2001,ASE,CO,ANM,WE,Towers with Radar,11,13,34,0,58,1,2,33,0,36,12,15,67,0,94,12,0,12,106
11/12/2001,ASE,CO,ANM,WE,Towers with Radar,11,13,21,0,45,1,0,26,0,27,12,13,47,0,72,14,0,14,86
11/13/2001,ASE,CO,ANM,WE,Towers with Radar,12,16,14,0,42,0,2,16,0,18,12,18,30,0,60,0,0,0,60
11/14/2001,ASE,CO,ANM,WE,Towers with Radar,9,14,23,0,46,3,1,28,1,33,12,15,51,1,79,14,0,14,93
11/15/2001,ASE,CO,ANM,WE,Towers with Radar,12,18,17,0,47,0,1,36,0,37,12,19,53,0,84,10,0,10,94
11/16/2001,ASE,CO,ANM,WE,Towers with Radar,12,25,26,0,63,0,1,47,0,48,12,26,73,0,111,14,0,14,125
11/17/2001,ASE,CO,ANM,WE,Towers with Radar,10,20,31,0,61,0,1,61,0,62,10,21,92,0,123,4,0,4,127
11/18/2001,ASE,CO,ANM,WE,Towers with Radar,12,1,25,0,38,0,2,6,0,8,12,3,31,0,46,0,0,0,46
11/19/2001,ASE,CO,ANM,WE,Towers with Radar,12,26,20,0,58,0,1,26,0,27,12,27,46,0,85,0,0,0,85
11/20/2001,ASE,CO,ANM,WE,Towers with Radar,12,33,50,0,95,0,1,37,0,38,12,34,87,0,133,10,0,10,143
11/21/2001,ASE,CO,ANM,WE,Towers with Radar,12,49,73,0,134,0,1,36,0,37,12,50,109,0,171,0,0,0,171
11/22/2001,ASE,CO,ANM,WE,Towers with Radar,10,6,5,0,21,0,1,0,0,1,10,7,5,0,22,0,0,0,22
11/23/2001,ASE,CO,ANM,WE,Towers with Radar,17,9,25,0,51,0,1,1,0,2,17,10,26,0,53,0,0,0,53
11/24/2001,ASE,CO,ANM,WE,Towers with Radar,13,30,40,0,83,0,0,21,0,21,13,30,61,0,104,0,0,0,104
11/25/2001,ASE,CO,ANM,WE,Towers with Radar,12,18,53,0,83,0,0,4,0,4,12,18,57,0,87,0,0,0,87
11/26/2001,ASE,CO,ANM,WE,Towers with Radar,12,26,48,0,86,0,0,14,0,14,12,26,62,0,100,0,0,0,100
11/27/2001,ASE,CO,ANM,WE,Towers with Radar,12,15,19,0,46,0,1,5,0,6,12,16,24,0,52,0,0,0,52
11/28/2001,ASE,CO,ANM,WE,Towers with Radar,12,12,20,0,44,0,2,20,0,22,12,14,40,0,66,0,0,0,66
11/29/2001,ASE,CO,ANM,WE,Towers with Radar,11,8,15,0,34,0,0,4,0,4,11,8,19,0,38,0,0,0,38
11/30/2001,ASE,CO,ANM,WE,Towers with Radar,12,4,15,0,31,0,0,0,0,0,12,4,15,0,31,0,0,0,31
12/01/2001,ASE,CO,ANM,WE,Towers with Radar,12,7,25,0,44,0,1,17,0,18,12,8,42,0,62,0,0,0,62
12/02/2001,ASE,CO,ANM,WE,Towers with Radar,12,16,18,0,46,0,4,5,0,9,12,20,23,0,55,12,0,12,67
12/03/2001,ASE,CO,ANM,WE,Towers with Radar,13,15,16,0,44,0,1,17,0,18,13,16,33,0,62,0,0,0,62
12/04/2001,ASE,CO,ANM,WE,Towers with Radar,10,10,22,0,42,0,1,14,1,16,10,11,36,1,58,0,0,0,58
12/05/2001,ASE,CO,ANM,WE,Towers with Radar,12,18,25,0,55,0,1,32,0,33,12,19,57,0,88,24,0,24,112
12/06/2001,ASE,CO,ANM,WE,Towers with Radar,13,7,27,0,47,0,1,10,1,12,13,8,37,1,59,0,0,0,59
12/07/2001,ASE,CO,ANM,WE,Towers with Radar,12,9,33,0,54,0,0,2,0,2,12,9,35,0,56,0,0,0,56
12/08/2001,ASE,CO,ANM,WE,Towers with Radar,12,6,20,0,38,0,1,52,0,53,12,7,72,0,91,0,0,0,91
12/09/2001,ASE,CO,ANM,WE,Towers with Radar,13,9,20,0,42,0,0,41,2,43,13,9,61,2,85,14,0,14,99
12/10/2001,ASE,CO,ANM,WE,Towers with Radar,12,9,34,0,55,0,0,18,0,18,12,9,52,0,73,18,0,18,91
12/11/2001,ASE,CO,ANM,WE,Towers with Radar,12,12,23,0,47,0,0,18,0,18,12,12,41,0,65,4,0,4,69
12/12/2001,ASE,CO,ANM,WE,Towers with Radar,12,20,32,0,64,0,0,8,0,8,12,20,40,0,72,6,0,6,78
12/13/2001,ASE,CO,ANM,WE,Towers with Radar,13,18,32,0,63,0,1,11,0,12,13,19,43,0,75,2,0,2,77
12/14/2001,ASE,CO,ANM,WE,Towers with Radar,18,17,42,0,77,0,0,12,0,12,18,17,54,0,89,0,0,0,89
12/15/2001,ASE,CO,ANM,WE,Towers with Radar,17,6,41,0,64,11,0,2,0,13,28,6,43,0,77,0,0,0,77
12/16/2001,ASE,CO,ANM,WE,Towers with Radar,20,18,36,0,74,0,0,26,0,26,20,18,62,0,100,6,0,6,106
12/17/2001,ASE,CO,ANM,WE,Towers with Radar,22,20,23,0,65,0,0,0,0,0,22,20,23,0,65,20,0,20,85
12/18/2001,ASE,CO,ANM,WE,Towers with Radar,20,32,28,0,80,0,0,0,0,0,20,32,28,0,80,15,0,15,95
12/19/2001,ASE,CO,ANM,WE,Towers with Radar,23,30,48,0,101,0,0,60,0,60,23,30,108,0,161,12,0,12,173
12/20/2001,ASE,CO,ANM,WE,Towers with Radar,30,43,66,0,139,0,3,45,0,48,30,46,111,0,187,0,0,0,187
12/21/2001,ASE,CO,ANM,WE,Towers with Radar,24,42,76,0,142,0,0,31,0,31,24,42,107,0,173,0,0,0,173
12/22/2001,ASE,CO,ANM,WE,Towers with Radar,27,56,101,2,186,0,8,16,0,24,27,64,117,2,210,0,0,0,210
12/23/2001,ASE,CO,ANM,WE,Towers with Radar,27,39,70,0,136,0,18,55,0,73,27,57,125,0,209,0,0,0,209
12/24/2001,ASE,CO,ANM,WE,Towers with Radar,13,18,32,0,63,16,6,20,0,42,29,24,52,0,105,0,0,0,105
12/25/2001,ASE,CO,ANM,WE,Towers with Radar,26,28,25,0,79,0,0,1,0,1,26,28,26,0,80,0,0,0,80
12/26/2001,ASE,CO,ANM,WE,Towers with Radar,26,47,139,0,212,0,0,37,0,37,26,47,176,0,249,1,0,1,250
12/27/2001,ASE,CO,ANM,WE,Towers with Radar,25,72,143,0,240,0,0,71,0,71,25,72,214,0,311,6,0,6,317
12/28/2001,ASE,CO,ANM,WE,Towers with Radar,25,57,97,0,179,0,15,117,0,132,25,72,214,0,311,6,0,6,317
12/29/2001,ASE,CO,ANM,WE,Towers with Radar,32,55,98,0,185,0,0,29,0,29,32,55,127,0,214,0,0,0,214
12/30/2001,ASE,CO,ANM,WE,Towers with Radar,35,23,79,0,137,0,0,7,0,7,35,23,86,0,144,0,0,0,144
12/31/2001,ASE,CO,ANM,WE,Towers with Radar,27,41,75,0,143,0,0,45,0,45,27,41,120,0,188,0,0,0,188
01/01/2002,ASE,CO,ANM,WE,Towers with Radar,24,36,83,0,143,1,3,27,0,31,25,39,110,0,174,0,0,0,174
01/02/2002,ASE,CO,ANM,WE,Towers with Radar,26,59,154,0,239,1,0,71,0,72,27,59,225,0,311,4,0,4,315
01/03/2002,ASE,CO,ANM,WE,Towers with Radar,25,67,98,0,190,1,0,70,0,71,26,67,168,0,261,4,0,4,265
01/04/2002,ASE,CO,ANM,WE,Towers with Radar,25,29,89,0,143,1,0,0,0,1,26,29,89,0,144,0,0,0,144
01/05/2002,ASE,CO,ANM,WE,Towers with Radar,34,62,103,0,199,0,9,64,2,75,34,71,167,2,274,0,0,0,274
01/06/2002,ASE,CO,ANM,WE,Towers with Radar,29,36,99,0,164,1,0,28,0,29,30,36,127,0,193,0,0,0,193
01/07/2002,ASE,CO,ANM,WE,Towers with Radar,26,25,37,0,88,1,0,13,0,14,27,25,50,0,102,0,0,0,102
01/08/2002,ASE,CO,ANM,WE,Towers with Radar,25,23,23,0,71,1,0,70,0,71,26,23,93,0,142,0,0,0,142
01/09/2002,ASE,CO,ANM,WE,Towers with Radar,20,15,28,0,63,1,0,14,0,15,21,15,42,0,78,8,0,8,86
01/10/2002,ASE,CO,ANM,WE,Towers with Radar,20,23,36,0,79,1,0,11,0,12,21,23,47,0,91,0,0,0,91
01/11/2002,ASE,CO,ANM,WE,Towers with Radar,25,24,48,4,101,0,0,24,0,24,25,24,72,4,125,12,0,12,137
01/12/2002,ASE,CO,ANM,WE,Towers with Radar,32,24,32,0,88,0,0,49,1,50,32,24,81,1,138,12,0,12,150
01/13/2002,ASE,CO,ANM,WE,Towers with Radar,30,23,48,0,101,0,0,19,0,19,30,23,67,0,120,0,0,0,120
01/14/2002,ASE,CO,ANM,WE,Towers with Radar,25,19,35,0,79,0,0,22,0,22,25,19,57,0,101,0,0,0,101
01/15/2002,ASE,CO,ANM,WE,Towers with Radar,22,17,20,0,59,0,1,8,0,9,22,18,28,0,68,0,1,1,69
01/16/2002,ASE,CO,ANM,WE,Towers with Radar,28,29,49,0,106,0,0,7,2,9,28,29,56,2,115,0,0,0,115
01/17/2002,ASE,CO,ANM,WE,Towers with Radar,32,34,71,0,137,0,0,16,2,18,32,34,87,2,155,12,0,12,167
01/18/2002,ASE,CO,ANM,WE,Towers with Radar,15,3,26,0,44,0,1,0,0,1,15,4,26,0,45,0,0,0,45
01/19/2002,ASE,CO,ANM,WE,Towers with Radar,34,31,43,0,108,0,0,59,18,77,34,31,102,18,185,0,18,18,203
01/20/2002,ASE,CO,ANM,WE,Towers with Radar,32,29,38,0,99,0,0,23,2,25,32,29,61,2,124,2,0,2,126
01/21/2002,ASE,CO,ANM,WE,Towers with Radar,26,51,69,0,146,0,0,41,0,41,26,51,110,0,187,18,0,18,205
01/22/2002,ASE,CO,ANM,WE,Towers with Radar,25,16,22,0,63,0,0,1,0,1,25,16,23,0,64,0,0,0,64
01/23/2002,ASE,CO,ANM,WE,Towers with Radar,25,18,39,0,82,0,0,5,0,5,25,18,44,0,87,2,0,2,89
01/24/2002,ASE,CO,ANM,WE,Towers with Radar,27,34,41,0,102,0,0,17,0,17,27,34,58,0,119,10,0,10,129
01/25/2002,ASE,CO,ANM,WE,Towers with Radar,25,32,36,0,93,0,0,24,0,24,25,32,60,0,117,0,0,0,117
01/26/2002,ASE,CO,ANM,WE,Towers with Radar,25,20,50,0,95,10,0,42,0,52,35,20,92,0,147,0,0,0,147
01/27/2002,ASE,CO,ANM,WE,Towers with Radar,31,44,67,0,142,0,3,31,0,34,31,47,98,0,176,0,0,0,176
01/28/2002,ASE,CO,ANM,WE,Towers with Radar,20,35,44,0,99,0,5,28,0,33,20,40,72,0,132,0,0,0,132
01/29/2002,ASE,CO,ANM,WE,Towers with Radar,22,20,37,0,79,0,0,0,0,0,22,20,37,0,79,0,0,0,79
01/30/2002,ASE,CO,ANM,WE,Towers with Radar,28,14,37,0,79,0,0,0,0,0,28,14,37,0,79,0,0,0,79
01/31/2002,ASE,CO,ANM,WE,Towers with Radar,26,36,41,0,103,0,0,29,0,29,26,36,70,0,132,12,0,12,144
02/01/2002,ASE,CO,ANM,WE,Towers with Radar,27,36,84,0,147,1,2,41,0,44,28,38,125,0,191,0,0,0,191
02/02/2002,ASE,CO,ANM,WE,Towers with Radar,36,34,47,0,117,1,0,31,0,32,37,34,78,0,149,0,0,0,149
02/03/2002,ASE,CO,ANM,WE,Towers with Radar,34,32,67,0,133,1,0,58,0,59,35,32,125,0,192,18,0,18,210
02/04/2002,ASE,CO,ANM,WE,Towers with Radar,24,32,53,0,109,5,10,26,0,41,29,42,79,0,150,12,0,12,162
02/05/2002,ASE,CO,ANM,WE,Towers with Radar,29,34,69,0,132,1,0,9,0,10,30,34,78,0,142,10,0,10,152
02/06/2002,ASE,CO,ANM,WE,Towers with Radar,29,36,48,2,115,1,0,44,0,45,30,36,92,2,160,4,0,4,164
02/07/2002,ASE,CO,ANM,WE,Towers with Radar,28,28,44,0,100,1,0,28,0,29,29,28,72,0,129,4,0,4,133
02/08/2002,ASE,CO,ANM,WE,Towers with Radar,22,26,49,0,97,1,6,0,0,7,23,32,49,0,104,0,0,0,104
02/09/2002,ASE,CO,ANM,WE,Towers with Radar,33,17,40,0,90,1,0,11,0,12,34,17,51,0,102,0,0,0,102
02/10/2002,ASE,CO,ANM,WE,Towers with Radar,38,40,76,0,154,1,0,61,0,62,39,40,137,0,216,4,0,4,220
02/11/2002,ASE,CO,ANM,WE,Towers with Radar,24,39,51,0,114,1,3,34,0,38,25,42,85,0,152,12,0,12,164
02/12/2002,ASE,CO,ANM,WE,Towers with Radar,28,34,55,0,117,0,0,21,0,21,28,34,76,0,138,0,0,0,138
02/13/2002,ASE,CO,ANM,WE,Towers with Radar,30,50,65,0,145,0,0,23,0,23,30,50,88,0,168,4,0,4,172
02/14/2002,ASE,CO,ANM,WE,Towers with Radar,24,18,80,0,122,0,0,0,0,0,24,18,80,0,122,0,0,0,122
02/15/2002,ASE,CO,ANM,WE,Towers with Radar,32,59,96,0,187,0,22,62,0,84,32,81,158,0,271,0,0,0,271
02/16/2002,ASE,CO,ANM,WE,Towers with Radar,37,64,69,0,170,0,0,68,0,68,37,64,137,0,238,1,0,1,239
02/17/2002,ASE,CO,ANM,WE,Towers with Radar,36,36,61,0,133,0,0,45,0,45,36,36,106,0,178,0,0,0,178
02/18/2002,ASE,CO,ANM,WE,Towers with Radar,30,59,113,0,202,0,0,28,0,28,30,59,141,0,230,0,0,0,230
02/19/2002,ASE,CO,ANM,WE,Towers with Radar,28,40,75,0,143,0,0,16,0,16,28,40,91,0,159,0,0,0,159
02/20/2002,ASE,CO,ANM,WE,Towers with Radar,9,2,12,0,23,0,0,0,0,0,9,2,12,0,23,0,0,0,23
02/21/2002,ASE,CO,ANM,WE,Towers with Radar,33,42,66,0,141,0,4,51,0,55,33,46,117,0,196,0,0,0,196
02/22/2002,ASE,CO,ANM,WE,Towers with Radar,28,37,54,0,119,0,0,21,0,21,28,37,75,0,140,0,0,0,140
02/23/2002,ASE,CO,ANM,WE,Towers with Radar,37,51,66,0,154,0,0,32,0,32,37,51,98,0,186,0,0,0,186
02/24/2002,ASE,CO,ANM,WE,Towers with Radar,33,24,53,0,110,0,0,0,0,0,33,24,53,0,110,0,0,0,110
02/25/2002,ASE,CO,ANM,WE,Towers with Radar,26,21,50,0,97,0,0,0,0,0,26,21,50,0,97,0,0,0,97
02/26/2002,ASE,CO,ANM,WE,Towers with Radar,28,25,27,0,80,0,0,31,0,31,28,25,58,0,111,0,0,0,111
02/27/2002,ASE,CO,ANM,WE,Towers with Radar,28,36,61,0,125,0,0,36,0,36,28,36,97,0,161,0,0,0,161
02/28/2002,ASE,CO,ANM,WE,Towers with Radar,28,42,82,0,152,0,0,18,0,18,28,42,100,0,170,0,0,0,170
03/01/2002,ASE,CO,ANM,WE,Towers with Radar,23,11,25,0,59,0,0,0,0,0,23,11,25,0,59,0,0,0,59
03/02/2002,ASE,CO,ANM,WE,Towers with Radar,37,31,73,0,141,0,0,14,1,15,37,31,87,1,156,0,0,0,156
03/03/2002,ASE,CO,ANM,WE,Towers with Radar,35,86,106,0,227,0,2,36,0,38,35,88,142,0,265,10,0,10,275
03/04/2002,ASE,CO,ANM,WE,Towers with Radar,27,33,60,2,122,0,0,35,0,35,27,33,95,2,157,2,0,2,159
03/05/2002,ASE,CO,ANM,WE,Towers with Radar,27,30,50,0,107,0,0,35,0,35,27,30,85,0,142,0,0,0,142
03/06/2002,ASE,CO,ANM,WE,Towers with Radar,33,41,57,0,131,33,0,59,1,93,66,41,116,1,224,0,0,0,224
03/07/2002,ASE,CO,ANM,WE,Towers with Radar,31,36,63,0,130,0,0,10,0,10,31,36,73,0,140,0,0,0,140
03/08/2002,ASE,CO,ANM,WE,Towers with Radar,6,4,10,0,20,0,0,5,0,5,6,4,15,0,25,0,0,0,25
03/09/2002,ASE,CO,ANM,WE,Towers with Radar,34,56,109,1,200,0,2,12,0,14,34,58,121,1,214,0,0,0,214
03/10/2002,ASE,CO,ANM,WE,Towers with Radar,40,59,106,0,205,0,2,44,0,46,40,61,150,0,251,8,0,8,259
03/11/2002,ASE,CO,ANM,WE,Towers with Radar,28,26,43,0,97,0,2,16,0,18,28,28,59,0,115,8,0,8,123
03/12/2002,ASE,CO,ANM,WE,Towers with Radar,28,33,45,0,106,7,0,42,0,49,35,33,87,0,155,0,0,0,155
03/13/2002,ASE,CO,ANM,WE,Towers with Radar,28,41,49,0,118,0,1,24,0,25,28,42,73,0,143,0,0,0,143
03/14/2002,ASE,CO,ANM,WE,Towers with Radar,22,23,55,0,100,0,0,10,0,10,22,23,65,0,110,0,0,0,110
03/15/2002,ASE,CO,ANM,WE,Towers with Radar,25,66,105,0,196,0,0,0,0,0,25,66,105,0,196,0,0,0,196
03/16/2002,ASE,CO,ANM,WE,Towers with Radar,37,69,115,0,221,0,0,17,0,17,37,69,132,0,238,4,0,4,242
03/17/2002,ASE,CO,ANM,WE,Towers with Radar,37,46,132,0,215,0,1,12,0,13,37,47,144,0,228,0,0,0,228
03/18/2002,ASE,CO,ANM,WE,Towers with Radar,28,39,54,0,121,0,0,9,0,9,28,39,63,0,130,2,0,2,132
03/19/2002,ASE,CO,ANM,WE,Towers with Radar,28,36,44,0,108,0,0,52,0,52,28,36,96,0,160,8,0,8,168
03/20/2002,ASE,CO,ANM,WE,Towers with Radar,28,38,73,0,139,0,0,52,0,52,28,38,125,0,191,8,0,8,199
03/21/2002,ASE,CO,ANM,WE,Towers with Radar,32,49,93,1,175,0,0,39,1,40,32,49,132,2,215,0,0,0,215
03/22/2002,ASE,CO,ANM,WE,Towers with Radar,29,50,86,0,165,0,0,49,1,50,29,50,135,1,215,6,0,6,221
03/23/2002,ASE,CO,ANM,WE,Towers with Radar,34,75,104,0,213,0,0,17,0,17,34,75,121,0,230,0,0,0,230
03/24/2002,ASE,CO,ANM,WE,Towers with Radar,37,45,110,0,192,0,0,15,0,15,37,45,125,0,207,10,0,10,217
03/25/2002,ASE,CO,ANM,WE,Towers with Radar,28,31,58,0,117,0,0,0,0,0,28,31,58,0,117,0,0,0,117
03/26/2002,ASE,CO,ANM,WE,Towers with Radar,28,46,38,0,112,0,3,45,0,48,28,49,83,0,160,8,0,8,168
03/27/2002,ASE,CO,ANM,WE,Towers with Radar,28,53,50,0,131,0,0,20,0,20,28,53,70,0,151,10,0,10,161
03/28/2002,ASE,CO,ANM,WE,Towers with Radar,28,39,74,0,141,0,0,25,0,25,28,39,99,0,166,0,0,0,166
03/29/2002,ASE,CO,ANM,WE,Towers with Radar,26,39,81,0,146,0,0,37,1,38,26,39,118,1,184,2,0,2,186
03/30/2002,ASE,CO,ANM,WE,Towers with Radar,36,49,58,0,143,0,0,49,0,49,36,49,107,0,192,12,0,12,204
03/31/2002,ASE,CO,ANM,WE,Towers with Radar,37,55,78,0,170,0,0,42,0,42,37,55,120,0,212,12,0,12,224
04/01/2002,ASE,CO,ANM,WE,Towers with Radar,27,34,70,0,131,1,2,22,0,25,28,36,92,0,156,0,0,0,156
04/02/2002,ASE,CO,ANM,WE,Towers with Radar,26,31,39,0,96,0,0,28,0,28,26,31,67,0,124,0,0,0,124
04/03/2002,ASE,CO,ANM,WE,Towers with Radar,28,28,31,0,87,16,0,54,0,70,44,28,85,0,157,10,0,10,167
04/04/2002,ASE,CO,ANM,WE,Towers with Radar,30,17,30,0,77,0,0,47,0,47,30,17,77,0,124,0,0,0,124
04/05/2002,ASE,CO,ANM,WE,Towers with Radar,30,21,52,0,103,1,0,34,0,35,31,21,86,0,138,8,0,8,146
04/06/2002,ASE,CO,ANM,WE,Towers with Radar,36,25,37,0,98,1,0,12,0,13,37,25,49,0,111,0,0,0,111
04/07/2002,ASE,CO,ANM,WE,Towers with Radar,33,25,47,0,105,1,2,25,0,28,34,27,72,0,133,0,0,0,133
04/08/2002,ASE,CO,ANM,WE,Towers with Radar,12,25,26,0,63,1,0,30,0,31,13,25,56,0,94,10,0,10,104
04/09/2002,ASE,CO,ANM,WE,Towers with Radar,11,10,30,0,51,1,0,32,0,33,12,10,62,0,84,0,0,0,84
04/10/2002,ASE,CO,ANM,WE,Towers with Radar,11,10,28,0,49,1,0,11,0,12,12,10,39,0,61,4,0,4,65
04/11/2002,ASE,CO,ANM,WE,Towers with Radar,12,14,32,0,58,10,14,73,3,100,22,28,105,3,158,12,0,12,170
04/12/2002,ASE,CO,ANM,WE,Towers with Radar,12,13,29,0,54,1,0,7,0,8,13,13,36,0,62,0,0,0,62
04/13/2002,ASE,CO,ANM,WE,Towers with Radar,17,11,19,0,47,0,1,36,0,37,17,12,55,0,84,0,2,2,86
04/14/2002,ASE,CO,ANM,WE,Towers with Radar,13,17,29,0,59,0,5,33,0,38,13,22,62,0,97,12,0,12,109
04/15/2002,ASE,CO,ANM,WE,Towers with Radar,10,10,19,0,39,0,0,23,0,23,10,10,42,0,62,0,0,0,62
04/16/2002,ASE,CO,ANM,WE,Towers with Radar,12,11,18,0,41,0,0,14,0,14,12,11,32,0,55,0,0,0,55
04/17/2002,ASE,CO,ANM,WE,Towers with Radar,10,12,22,0,44,0,0,14,0,14,10,12,36,0,58,0,0,0,58
04/18/2002,ASE,CO,ANM,WE,Towers with Radar,10,8,21,0,39,0,1,0,0,1,10,9,21,0,40,0,0,0,40
04/19/2002,ASE,CO,ANM,WE,Towers with Radar,12,5,12,0,29,0,0,24,0,24,12,5,36,0,53,4,0,4,57
04/20/2002,ASE,CO,ANM,WE,Towers with Radar,9,6,5,0,20,0,0,1,0,1,9,6,6,0,21,0,0,0,21
04/21/2002,ASE,CO,ANM,WE,Towers with Radar,13,10,16,0,39,0,0,22,1,23,13,10,38,1,62,12,0,12,74
04/22/2002,ASE,CO,ANM,WE,Towers with Radar,12,17,19,0,48,0,0,25,0,25,12,17,44,0,73,0,0,0,73
04/23/2002,ASE,CO,ANM,WE,Towers with Radar,11,10,14,0,35,0,0,37,0,37,11,10,51,0,72,6,0,6,78
04/24/2002,ASE,CO,ANM,WE,Towers with Radar,13,12,17,0,42,0,0,20,0,20,13,12,37,0,62,4,0,4,66
04/25/2002,ASE,CO,ANM,WE,Towers with Radar,12,12,16,0,40,0,0,31,0,31,12,12,47,0,71,2,0,2,73
04/26/2002,ASE,CO,ANM,WE,Towers with Radar,12,7,16,0,35,0,0,7,0,7,12,7,23,0,42,0,0,0,42
04/27/2002,ASE,CO,ANM,WE,Towers with Radar,12,9,10,0,31,0,0,8,0,8,12,9,18,0,39,0,0,0,39
04/28/2002,ASE,CO,ANM,WE,Towers with Radar,11,14,16,0,41,0,0,17,0,17,11,14,33,0,58,0,0,0,58
04/29/2002,ASE,CO,ANM,WE,Towers with Radar,12,6,19,0,37,0,0,19,0,19,12,6,38,0,56,6,0,6,62
04/30/2002,ASE,CO,ANM,WE,Towers with Radar,12,12,14,0,38,0,1,43,0,44,12,13,57,0,82,14,0,14,96
05/01/2002,ASE,CO,ANM,WE,Towers with Radar,10,11,33,0,54,0,0,15,0,15,10,11,48,0,69,4,0,4,73
05/02/2002,ASE,CO,ANM,WE,Towers with Radar,13,16,27,0,56,0,0,27,0,27,13,16,54,0,83,14,0,14,97
05/03/2002,ASE,CO,ANM,WE,Towers with Radar,12,9,27,0,48,0,1,21,0,22,12,10,48,0,70,0,0,0,70
05/04/2002,ASE,CO,ANM,WE,Towers with Radar,12,7,7,0,26,0,0,13,0,13,12,7,20,0,39,10,0,10,49
05/05/2002,ASE,CO,ANM,WE,Towers with Radar,11,12,21,0,44,0,10,51,0,61,11,22,72,0,105,10,0,10,115
05/06/2002,ASE,CO,ANM,WE,Towers with Radar,11,9,16,0,36,0,0,21,0,21,11,9,37,0,57,14,0,14,71
05/07/2002,ASE,CO,ANM,WE,Towers with Radar,12,6,11,0,29,0,0,25,0,25,12,6,36,0,54,0,0,0,54
05/08/2002,ASE,CO,ANM,WE,Towers with Radar,12,10,26,0,48,0,0,10,0,10,12,10,36,0,58,18,0,18,76
05/09/2002,ASE,CO,ANM,WE,Towers with Radar,12,11,13,2,38,0,10,14,0,24,12,21,27,2,62,10,0,10,72
05/10/2002,ASE,CO,ANM,WE,Towers with Radar,12,5,27,0,44,0,0,22,0,22,12,5,49,0,66,12,0,12,78
05/11/2002,ASE,CO,ANM,WE,Towers with Radar,12,16,23,0,51,0,0,26,0,26,12,16,49,0,77,16,0,16,93
05/12/2002,ASE,CO,ANM,WE,Towers with Radar,11,15,23,0,49,0,3,19,0,22,11,18,42,0,71,12,0,12,83
05/13/2002,ASE,CO,ANM,WE,Towers with Radar,12,10,25,0,47,0,0,31,0,31,12,10,56,0,78,28,0,28,106
05/14/2002,ASE,CO,ANM,WE,Towers with Radar,12,3,16,0,31,0,2,23,0,25,12,5,39,0,56,6,0,6,62
05/15/2002,ASE,CO,ANM,WE,Towers with Radar,12,22,26,0,60,0,0,26,0,26,12,22,52,0,86,8,0,8,94
05/16/2002,ASE,CO,ANM,WE,Towers with Radar,13,18,16,0,47,0,0,18,0,18,13,18,34,0,65,10,0,10,75
05/17/2002,ASE,CO,ANM,WE,Towers with Radar,12,7,25,0,44,0,0,0,0,0,12,7,25,0,44,6,0,6,50
05/18/2002,ASE,CO,ANM,WE,Towers with Radar,12,11,11,0,34,0,0,21,0,21,12,11,32,0,55,0,0,0,55
05/19/2002,ASE,CO,ANM,WE,Towers with Radar,12,15,14,0,41,0,0,19,0,19,12,15,33,0,60,0,0,0,60
05/20/2002,ASE,CO,ANM,WE,Towers with Radar,12,12,14,0,38,0,0,11,0,11,12,12,25,0,49,0,0,0,49
05/21/2002,ASE,CO,ANM,WE,Towers with Radar,10,8,12,0,30,0,0,0,0,0,10,8,12,0,30,0,0,0,30
05/22/2002,ASE,CO,ANM,WE,Towers with Radar,10,8,33,0,51,0,0,21,0,21,10,8,54,0,72,16,0,16,88
05/23/2002,ASE,CO,ANM,WE,Towers with Radar,13,17,18,0,48,0,0,29,0,29,13,17,47,0,77,12,0,12,89
05/24/2002,ASE,CO,ANM,WE,Towers with Radar,10,18,22,0,50,0,0,9,0,9,10,18,31,0,59,0,0,0,59
05/25/2002,ASE,CO,ANM,WE,Towers with Radar,12,12,23,0,47,0,0,22,2,24,12,12,45,2,71,0,0,0,71
05/26/2002,ASE,CO,ANM,WE,Towers with Radar,12,12,17,0,41,0,0,35,0,35,12,12,52,0,76,10,0,10,86
05/27/2002,ASE,CO,ANM,WE,Towers with Radar,12,19,36,0,67,0,1,20,0,21,12,20,56,0,88,10,0,10,98
05/28/2002,ASE,CO,ANM,WE,Towers with Radar,12,18,21,0,51,0,2,29,0,31,12,20,50,0,82,0,0,0,82
05/29/2002,ASE,CO,ANM,WE,Towers with Radar,12,11,13,0,36,0,0,21,0,21,12,11,34,0,57,8,0,8,65
05/30/2002,ASE,CO,ANM,WE,Towers with Radar,12,16,25,0,53,0,0,47,0,47,12,16,72,0,100,6,0,6,106
05/31/2002,ASE,CO,ANM,WE,Towers with Radar,12,11,32,0,55,0,0,32,0,32,12,11,64,0,87,16,0,16,103
06/01/2002,ASE,CO,ANM,WE,Towers with Radar,11,15,15,1,42,1,0,35,1,37,12,15,50,2,79,4,0,4,83
06/02/2002,ASE,CO,ANM,WE,Towers with Radar,12,33,41,0,86,0,0,37,0,37,12,33,78,0,123,16,0,16,139
06/03/2002,ASE,CO,ANM,WE,Towers with Radar,13,10,31,0,54,0,2,22,0,24,13,12,53,0,78,0,0,0,78
06/04/2002,ASE,CO,ANM,WE,Towers with Radar,12,12,21,0,45,0,0,5,0,5,12,12,26,0,50,0,0,0,50
06/05/2002,ASE,CO,ANM,WE,Towers with Radar,12,16,45,0,73,0,0,17,0,17,12,16,62,0,90,12,0,12,102
06/06/2002,ASE,CO,ANM,WE,Towers with Radar,13,21,30,0,64,0,0,28,0,28,13,21,58,0,92,6,0,6,98
06/07/2002,ASE,CO,ANM,WE,Towers with Radar,21,24,35,0,80,0,0,46,0,46,21,24,81,0,126,8,0,8,134
06/08/2002,ASE,CO,ANM,WE,Towers with Radar,17,16,32,0,65,0,0,24,0,24,17,16,56,0,89,4,0,4,93
06/09/2002,ASE,CO,ANM,WE,Towers with Radar,17,17,41,0,75,0,0,24,0,24,17,17,65,0,99,0,0,0,99
06/10/2002,ASE,CO,ANM,WE,Towers with Radar,19,24,45,0,88,0,0,13,0,13,19,24,58,0,101,8,0,8,109
06/11/2002,ASE,CO,ANM,WE,Towers with Radar,18,18,31,0,67,0,0,50,0,50,18,18,81,0,117,0,0,0,117
06/12/2002,ASE,CO,ANM,WE,Towers with Radar,20,25,23,0,68,0,0,48,0,48,20,25,71,0,116,8,0,8,124
06/13/2002,ASE,CO,ANM,WE,Towers with Radar,19,26,62,0,107,0,1,36,0,37,19,27,98,0,144,2,0,2,146
06/14/2002,ASE,CO,ANM,WE,Towers with Radar,20,14,36,0,70,0,0,52,0,52,20,14,88,0,122,18,0,18,140
06/15/2002,ASE,CO,ANM,WE,Towers with Radar,20,18,13,0,51,0,0,79,0,79,20,18,92,0,130,0,0,0,130
06/16/2002,ASE,CO,ANM,WE,Towers with Radar,20,22,49,0,91,0,0,69,0,69,20,22,118,0,160,0,0,0,160
06/17/2002,ASE,CO,ANM,WE,Towers with Radar,20,34,34,0,88,0,1,38,0,39,20,35,72,0,127,0,0,0,127
06/18/2002,ASE,CO,ANM,WE,Towers with Radar,20,28,25,0,73,0,0,59,0,59,20,28,84,0,132,0,0,0,132
06/19/2002,ASE,CO,ANM,WE,Towers with Radar,17,23,38,0,78,0,1,51,0,52,17,24,89,0,130,4,0,4,134
06/20/2002,ASE,CO,ANM,WE,Towers with Radar,20,21,59,0,100,0,1,42,0,43,20,22,101,0,143,4,0,4,147
06/21/2002,ASE,CO,ANM,WE,Towers with Radar,14,29,56,0,99,0,1,20,0,21,14,30,76,0,120,8,0,8,128
06/22/2002,ASE,CO,ANM,WE,Towers with Radar,16,28,38,0,82,0,1,39,0,40,16,29,77,0,122,0,0,0,122
06/23/2002,ASE,CO,ANM,WE,Towers with Radar,20,49,69,0,138,0,2,46,0,48,20,51,115,0,186,3,0,3,189
06/24/2002,ASE,CO,ANM,WE,Towers with Radar,19,29,58,0,106,0,1,32,0,33,19,30,90,0,139,3,0,3,142
06/25/2002,ASE,CO,ANM,WE,Towers with Radar,17,16,35,0,68,0,1,61,0,62,17,17,96,0,130,4,0,4,134
06/26/2002,ASE,CO,ANM,WE,Towers with Radar,18,22,58,0,98,0,0,31,0,31,18,22,89,0,129,4,0,4,133
06/27/2002,ASE,CO,ANM,WE,Towers with Radar,20,31,51,0,102,0,0,30,0,30,20,31,81,0,132,6,0,6,138
06/28/2002,ASE,CO,ANM,WE,Towers with Radar,18,36,63,0,117,0,0,23,0,23,18,36,86,0,140,0,0,0,140
06/29/2002,ASE,CO,ANM,WE,Towers with Radar,20,61,57,0,138,0,0,36,2,38,20,61,93,2,176,2,2,4,180
06/30/2002,ASE,CO,ANM,WE,Towers with Radar,21,51,60,0,132,0,5,50,0,55,21,56,110,0,187,22,0,22,209
07/01/2002,ASE,CO,ANM,WE,Towers with Radar,19,33,57,0,109,1,0,22,0,23,20,33,79,0,132,0,0,0,132
07/02/2002,ASE,CO,ANM,WE,Towers with Radar,17,59,95,0,171,1,0,61,0,62,18,59,156,0,233,2,0,2,235
07/03/2002,ASE,CO,ANM,WE,Towers with Radar,20,67,122,0,209,1,0,65,0,66,21,67,187,0,275,0,0,0,275
07/04/2002,ASE,CO,ANM,WE,Towers with Radar,14,23,30,0,67,0,0,27,0,27,14,23,57,0,94,9,0,9,103
07/05/2002,ASE,CO,ANM,WE,Towers with Radar,12,28,57,0,97,1,0,37,0,38,13,28,94,0,135,0,0,0,135
07/06/2002,ASE,CO,ANM,WE,Towers with Radar,20,29,56,0,105,0,0,47,0,47,20,29,103,0,152,8,0,8,160
07/07/2002,ASE,CO,ANM,WE,Towers with Radar,19,115,165,0,299,1,0,25,0,26,20,115,190,0,325,0,0,0,325
07/08/2002,ASE,CO,ANM,WE,Towers with Radar,18,34,70,0,122,0,0,37,0,37,18,34,107,0,159,6,0,6,165
07/09/2002,ASE,CO,ANM,WE,Towers with Radar,18,26,52,0,96,0,0,47,0,47,18,26,99,0,143,0,0,0,143
07/10/2002,ASE,CO,ANM,WE,Towers with Radar,18,26,33,0,77,0,0,56,0,56,18,26,89,0,133,12,0,12,145
07/11/2002,ASE,CO,ANM,WE,Towers with Radar,20,46,79,0,145,0,0,39,0,39,20,46,118,0,184,6,0,6,190
07/12/2002,ASE,CO,ANM,WE,Towers with Radar,18,41,69,0,128,0,0,47,0,47,18,41,116,0,175,12,1,13,188
07/13/2002,ASE,CO,ANM,WE,Towers with Radar,20,30,32,0,82,0,0,64,0,64,20,30,96,0,146,0,0,0,146
07/14/2002,ASE,CO,ANM,WE,Towers with Radar,22,33,84,0,139,0,4,48,0,52,22,37,132,0,191,8,0,8,199
07/15/2002,ASE,CO,ANM,WE,Towers with Radar,21,48,59,0,128,0,0,31,0,31,21,48,90,0,159,0,0,0,159
07/16/2002,ASE,CO,ANM,WE,Towers with Radar,16,28,30,0,74,2,0,49,0,51,18,28,79,0,125,0,0,0,125
07/17/2002,ASE,CO,ANM,WE,Towers with Radar,20,26,84,0,130,0,0,20,0,20,20,26,104,0,150,8,0,8,158
07/18/2002,ASE,CO,ANM,WE,Towers with Radar,20,47,72,0,139,0,6,34,0,40,20,53,106,0,179,16,0,16,195
07/19/2002,ASE,CO,ANM,WE,Towers with Radar,21,40,56,0,117,0,2,49,0,51,21,42,105,0,168,6,0,6,174
07/20/2002,ASE,CO,ANM,WE,Towers with Radar,20,45,37,0,102,0,0,39,0,39,20,45,76,0,141,12,0,12,153
07/21/2002,ASE,CO,ANM,WE,Towers with Radar,20,48,84,0,152,0,0,26,0,26,20,48,110,0,178,10,0,10,188
07/22/2002,ASE,CO,ANM,WE,Towers with Radar,21,34,37,0,92,0,0,24,0,24,21,34,61,0,116,0,0,0,116
07/23/2002,ASE,CO,ANM,WE,Towers with Radar,14,31,47,0,92,4,19,37,0,60,18,50,84,0,152,0,0,0,152
07/24/2002,ASE,CO,ANM,WE,Towers with Radar,20,40,61,1,122,0,0,27,0,27,20,40,88,1,149,10,0,10,159
07/25/2002,ASE,CO,ANM,WE,Towers with Radar,21,40,61,0,122,0,0,33,0,33,21,40,94,0,155,0,0,0,155
07/26/2002,ASE,CO,ANM,WE,Towers with Radar,20,48,65,2,135,0,0,46,0,46,20,48,111,2,181,10,0,10,191
07/27/2002,ASE,CO,ANM,WE,Towers with Radar,20,55,76,0,151,0,0,42,0,42,20,55,118,0,193,0,0,0,193
07/28/2002,ASE,CO,ANM,WE,Towers with Radar,21,42,75,0,138,0,6,35,0,41,21,48,110,0,179,18,0,18,197
07/29/2002,ASE,CO,ANM,WE,Towers with Radar,20,37,61,0,118,0,0,38,0,38,20,37,99,0,156,8,0,8,164
07/30/2002,ASE,CO,ANM,WE,Towers with Radar,20,31,38,0,89,0,0,66,0,66,20,31,104,0,155,0,0,0,155
07/31/2002,ASE,CO,ANM,WE,Towers with Radar,20,50,69,0,139,0,0,57,0,57,20,50,126,0,196,0,0,0,196
08/01/2002,ASE,CO,ANM,WE,Towers with Radar,19,53,79,0,151,1,0,41,0,42,20,53,120,0,193,14,0,14,207
08/02/2002,ASE,CO,ANM,WE,Towers with Radar,20,63,85,0,168,0,0,74,0,74,20,63,159,0,242,10,0,10,252
08/03/2002,ASE,CO,ANM,WE,Towers with Radar,20,50,64,0,134,0,0,10,0,10,20,50,74,0,144,2,0,2,146
08/04/2002,ASE,CO,ANM,WE,Towers with Radar,20,52,86,0,158,1,0,40,0,41,21,52,126,0,199,12,0,12,211
08/05/2002,ASE,CO,ANM,WE,Towers with Radar,14,46,70,0,130,1,0,15,0,16,15,46,85,0,146,0,0,0,146
08/06/2002,ASE,CO,ANM,WE,Towers with Radar,19,42,58,0,119,1,0,54,0,55,20,42,112,0,174,12,0,12,186
08/07/2002,ASE,CO,ANM,WE,Towers with Radar,19,57,88,0,164,1,0,40,0,41,20,57,128,0,205,4,0,4,209
08/08/2002,ASE,CO,ANM,WE,Towers with Radar,20,57,96,0,173,0,6,28,0,34,20,63,124,0,207,30,0,30,237
08/09/2002,ASE,CO,ANM,WE,Towers with Radar,22,44,83,0,149,1,0,37,0,38,23,44,120,0,187,4,0,4,191
08/10/2002,ASE,CO,ANM,WE,Towers with Radar,19,39,44,0,102,1,0,67,0,68,20,39,111,0,170,20,0,20,190
08/11/2002,ASE,CO,ANM,WE,Towers with Radar,19,40,78,0,137,0,0,64,0,64,19,40,142,0,201,8,0,8,209
08/12/2002,ASE,CO,ANM,WE,Towers with Radar,17,33,61,0,111,1,0,26,0,27,18,33,87,0,138,4,0,4,142
08/13/2002,ASE,CO,ANM,WE,Towers with Radar,19,23,53,0,95,1,0,46,1,48,20,23,99,1,143,8,0,8,151
08/14/2002,ASE,CO,ANM,WE,Towers with Radar,19,44,83,0,146,1,0,56,0,57,20,44,139,0,203,28,0,28,231
08/15/2002,ASE,CO,ANM,WE,Towers with Radar,19,44,109,0,172,1,0,37,0,38,20,44,146,0,210,8,0,8,218
08/16/2002,ASE,CO,ANM,WE,Towers with Radar,21,36,72,0,129,0,0,50,0,50,21,36,122,0,179,4,0,4,183
08/17/2002,ASE,CO,ANM,WE,Towers with Radar,20,38,47,0,105,0,0,44,0,44,20,38,91,0,149,0,0,0,149
08/18/2002,ASE,CO,ANM,WE,Towers with Radar,20,57,93,0,170,0,1,40,0,41,20,58,133,0,211,12,0,12,223
08/19/2002,ASE,CO,ANM,WE,Towers with Radar,19,46,76,0,141,0,2,40,0,42,19,48,116,0,183,0,0,0,183
08/20/2002,ASE,CO,ANM,WE,Towers with Radar,24,25,59,0,108,0,0,24,0,24,24,25,83,0,132,2,0,2,134
08/21/2002,ASE,CO,ANM,WE,Towers with Radar,19,38,63,0,120,1,2,23,0,26,20,40,86,0,146,12,0,12,158
08/22/2002,ASE,CO,ANM,WE,Towers with Radar,20,31,53,0,104,0,0,42,0,42,20,31,95,0,146,4,0,4,150
08/23/2002,ASE,CO,ANM,WE,Towers with Radar,21,27,50,0,98,0,7,53,0,60,21,34,103,0,158,18,0,18,176
08/24/2002,ASE,CO,ANM,WE,Towers with Radar,19,17,42,0,78,0,0,58,0,58,19,17,100,0,136,0,0,0,136
08/25/2002,ASE,CO,ANM,WE,Towers with Radar,20,32,52,0,104,0,4,67,0,71,20,36,119,0,175,12,0,12,187
08/26/2002,ASE,CO,ANM,WE,Towers with Radar,15,22,39,0,76,1,5,47,0,53,16,27,86,0,129,10,0,10,139
08/27/2002,ASE,CO,ANM,WE,Towers with Radar,20,20,40,0,80,0,0,44,0,44,20,20,84,0,124,2,0,2,126
08/28/2002,ASE,CO,ANM,WE,Towers with Radar,20,22,42,0,84,0,0,44,0,44,20,22,86,0,128,6,0,6,134
08/29/2002,ASE,CO,ANM,WE,Towers with Radar,20,28,46,0,94,0,0,42,0,42,20,28,88,0,136,12,0,12,148
08/30/2002,ASE,CO,ANM,WE,Towers with Radar,20,43,64,0,127,0,0,69,1,70,20,43,133,1,197,24,0,24,221
08/31/2002,ASE,CO,ANM,WE,Towers with Radar,16,23,28,0,67,0,1,53,0,54,16,24,81,0,121,4,0,4,125
09/01/2002,ASE,CO,ANM,WE,Towers with Radar,17,29,41,0,87,1,3,60,0,64,18,32,101,0,151,10,0,10,161
09/02/2002,ASE,CO,ANM,WE,Towers with Radar,19,45,72,0,136,1,11,60,0,72,20,56,132,0,208,0,0,0,208
09/03/2002,ASE,CO,ANM,WE,Towers with Radar,20,52,59,0,131,0,0,40,0,40,20,52,99,0,171,0,0,0,171
09/04/2002,ASE,CO,ANM,WE,Towers with Radar,20,25,40,0,85,0,1,47,0,48,20,26,87,0,133,0,0,0,133
09/05/2002,ASE,CO,ANM,WE,Towers with Radar,10,9,38,0,57,0,0,53,0,53,10,9,91,0,110,2,0,2,112
09/06/2002,ASE,CO,ANM,WE,Towers with Radar,11,21,26,0,58,0,0,35,0,35,11,21,61,0,93,18,0,18,111
09/07/2002,ASE,CO,ANM,WE,Towers with Radar,10,10,16,0,36,0,0,28,0,28,10,10,44,0,64,0,0,0,64
09/08/2002,ASE,CO,ANM,WE,Towers with Radar,11,17,73,0,101,0,0,25,0,25,11,17,98,0,126,18,0,18,144
09/09/2002,ASE,CO,ANM,WE,Towers with Radar,12,21,17,0,50,0,0,9,0,9,12,21,26,0,59,0,0,0,59
09/10/2002,ASE,CO,ANM,WE,Towers with Radar,10,11,22,0,43,0,0,27,0,27,10,11,49,0,70,6,0,6,76
09/11/2002,ASE,CO,ANM,WE,Towers with Radar,10,17,27,0,54,0,0,20,0,20,10,17,47,0,74,8,0,8,82
09/12/2002,ASE,CO,ANM,WE,Towers with Radar,8,22,37,0,67,0,0,17,0,17,8,22,54,0,84,0,0,0,84
09/13/2002,ASE,CO,ANM,WE,Towers with Radar,9,23,50,0,82,0,0,6,0,6,9,23,56,0,88,0,0,0,88
09/14/2002,ASE,CO,ANM,WE,Towers with Radar,10,18,21,0,49,0,0,62,0,62,10,18,83,0,111,4,0,4,115
09/15/2002,ASE,CO,ANM,WE,Towers with Radar,11,25,50,0,86,0,3,52,0,55,11,28,102,0,141,16,0,16,157
09/16/2002,ASE,CO,ANM,WE,Towers with Radar,10,22,29,0,61,0,0,40,1,41,10,22,69,1,102,10,0,10,112
09/17/2002,ASE,CO,ANM,WE,Towers with Radar,10,9,39,0,58,0,4,20,0,24,10,13,59,0,82,0,0,0,82
09/18/2002,ASE,CO,ANM,WE,Towers with Radar,11,22,42,0,75,0,0,2,0,2,11,22,44,0,77,0,0,0,77
09/19/2002,ASE,CO,ANM,WE,Towers with Radar,14,59,115,0,188,0,0,25,4,29,14,59,140,4,217,12,0,12,229
09/20/2002,ASE,CO,ANM,WE,Towers with Radar,10,43,64,0,117,0,0,46,2,48,10,43,110,2,165,8,0,8,173
09/21/2002,ASE,CO,ANM,WE,Towers with Radar,10,34,62,0,106,0,0,37,0,37,10,34,99,0,143,0,0,0,143
09/22/2002,ASE,CO,ANM,WE,Towers with Radar,10,73,111,0,194,3,2,41,0,46,13,75,152,0,240,18,0,18,258
09/23/2002,ASE,CO,ANM,WE,Towers with Radar,10,18,33,0,61,0,3,34,0,37,10,21,67,0,98,0,0,0,98
09/24/2002,ASE,CO,ANM,WE,Towers with Radar,10,12,28,0,50,0,0,31,0,31,10,12,59,0,81,0,0,0,81
09/25/2002,ASE,CO,ANM,WE,Towers with Radar,10,16,42,5,73,0,0,49,0,49,10,16,91,5,122,0,8,8,130
09/26/2002,ASE,CO,ANM,WE,Towers with Radar,10,27,40,0,77,0,0,38,0,38,10,27,78,0,115,34,0,34,149
09/27/2002,ASE,CO,ANM,WE,Towers with Radar,10,30,37,0,77,0,0,20,0,20,10,30,57,0,97,0,0,0,97
09/28/2002,ASE,CO,ANM,WE,Towers with Radar,10,22,23,0,55,0,0,27,0,27,10,22,50,0,82,6,0,6,88
09/29/2002,ASE,CO,ANM,WE,Towers with Radar,11,45,55,0,111,0,0,29,0,29,11,45,84,0,140,0,0,0,140
09/30/2002,ASE,CO,ANM,WE,Towers with Radar,10,26,27,0,63,0,0,46,0,46,10,26,73,0,109,10,0,10,119
10/01/2002,ASE,CO,ANM,WE,Towers with Radar,9,15,29,0,53,1,0,24,0,25,10,15,53,0,78,0,0,0,78
10/02/2002,ASE,CO,ANM,WE,Towers with Radar,9,17,28,0,54,1,0,8,0,9,10,17,36,0,63,24,0,24,87
10/03/2002,ASE,CO,ANM,WE,Towers with Radar,14,23,13,0,50,1,0,0,0,1,15,23,13,0,51,0,0,0,51
10/04/2002,ASE,CO,ANM,WE,Towers with Radar,10,10,31,0,51,0,0,2,0,2,10,10,33,0,53,18,0,18,71
10/05/2002,ASE,CO,ANM,WE,Towers with Radar,9,10,16,0,35,1,0,34,0,35,10,10,50,0,70,6,0,6,76
10/06/2002,ASE,CO,ANM,WE,Towers with Radar,9,26,30,0,65,1,3,33,0,37,10,29,63,0,102,16,0,16,118
10/07/2002,ASE,CO,ANM,WE,Towers with Radar,9,10,15,0,34,1,0,28,0,29,10,10,43,0,63,2,0,2,65
10/08/2002,ASE,CO,ANM,WE,Towers with Radar,10,11,27,0,48,0,9,41,0,50,10,20,68,0,98,2,0,2,100
10/09/2002,ASE,CO,ANM,WE,Towers with Radar,10,7,21,0,38,0,1,44,0,45,10,8,65,0,83,4,0,4,87
10/10/2002,ASE,CO,ANM,WE,Towers with Radar,12,7,36,0,55,0,11,69,2,82,12,18,105,2,137,20,0,20,157
10/11/2002,ASE,CO,ANM,WE,Towers with Radar,10,8,35,0,53,0,11,27,0,38,10,19,62,0,91,12,0,12,103
10/12/2002,ASE,CO,ANM,WE,Towers with Radar,10,13,14,0,37,0,1,54,0,55,10,14,68,0,92,8,0,8,100
10/13/2002,ASE,CO,ANM,WE,Towers with Radar,10,14,29,0,53,0,5,49,0,54,10,19,78,0,107,22,0,22,129
10/14/2002,ASE,CO,ANM,WE,Towers with Radar,9,11,30,0,50,0,1,32,0,33,9,12,62,0,83,0,0,0,83
10/15/2002,ASE,CO,ANM,WE,Towers with Radar,10,14,28,0,52,0,0,33,0,33,10,14,61,0,85,12,0,12,97
10/16/2002,ASE,CO,ANM,WE,Towers with Radar,10,13,16,0,39,0,0,67,0,67,10,13,83,0,106,6,0,6,112
10/17/2002,ASE,CO,ANM,WE,Towers with Radar,10,19,31,0,60,0,0,58,0,58,10,19,89,0,118,8,0,8,126
10/18/2002,ASE,CO,ANM,WE,Towers with Radar,10,9,24,0,43,0,5,31,0,36,10,14,55,0,79,8,0,8,87
10/19/2002,ASE,CO,ANM,WE,Towers with Radar,7,8,15,0,30,3,0,58,4,65,10,8,73,4,95,17,0,17,112
10/20/2002,ASE,CO,ANM,WE,Towers with Radar,11,18,36,0,65,0,0,37,0,37,11,18,73,0,102,42,0,42,144
10/21/2002,ASE,CO,ANM,WE,Towers with Radar,10,13,18,0,41,0,0,30,0,30,10,13,48,0,71,16,0,16,87
10/22/2002,ASE,CO,ANM,WE,Towers with Radar,10,5,20,0,35,0,0,19,0,19,10,5,39,0,54,0,0,0,54
10/23/2002,ASE,CO,ANM,WE,Towers with Radar,10,5,26,0,41,0,0,5,0,5,10,5,31,0,46,0,0,0,46
10/24/2002,ASE,CO,ANM,WE,Towers with Radar,11,5,20,0,36,1,1,18,0,20,12,6,38,0,56,10,0,10,66
10/25/2002,ASE,CO,ANM,WE,Towers with Radar,10,10,26,0,46,0,0,34,0,34,10,10,60,0,80,28,0,28,108
10/26/2002,ASE,CO,ANM,WE,Towers with Radar,11,12,16,0,39,0,0,32,0,32,11,12,48,0,71,0,0,0,71
10/27/2002,ASE,CO,ANM,WE,Towers with Radar,10,5,14,0,29,0,0,0,0,0,10,5,14,0,29,0,0,0,29
10/28/2002,ASE,CO,ANM,WE,Towers with Radar,8,6,13,0,27,0,0,8,0,8,8,6,21,0,35,6,0,6,41
10/29/2002,ASE,CO,ANM,WE,Towers with Radar,11,7,14,0,32,0,1,7,0,8,11,8,21,0,40,0,0,0,40
10/30/2002,ASE,CO,ANM,WE,Towers with Radar,12,7,10,0,29,0,0,4,0,4,12,7,14,0,33,0,0,0,33
10/31/2002,ASE,CO,ANM,WE,Towers with Radar,9,10,15,0,34,0,0,0,0,0,9,10,15,0,34,0,0,0,34
11/01/2002,ASE,CO,ANM,WE,Towers with Radar,11,11,17,0,39,0,0,4,0,4,11,11,21,0,43,0,0,0,43
11/02/2002,ASE,CO,ANM,WE,Towers with Radar,7,1,11,0,19,0,0,0,0,0,7,1,11,0,19,0,0,0,19
11/03/2002,ASE,CO,ANM,WE,Towers with Radar,10,10,20,0,40,0,0,18,0,18,10,10,38,0,58,8,0,8,66
11/04/2002,ASE,CO,ANM,WE,Towers with Radar,10,6,11,0,27,0,0,9,0,9,10,6,20,0,36,0,0,0,36
11/05/2002,ASE,CO,ANM,WE,Towers with Radar,10,6,8,0,24,0,0,33,0,33,10,6,41,0,57,0,0,0,57
11/06/2002,ASE,CO,ANM,WE,Towers with Radar,10,9,35,0,54,0,0,21,0,21,10,9,56,0,75,0,0,0,75
11/07/2002,ASE,CO,ANM,WE,Towers with Radar,10,10,21,0,41,0,0,30,0,30,10,10,51,0,71,0,0,0,71
11/08/2002,ASE,CO,ANM,WE,Towers with Radar,10,11,16,0,37,0,0,5,0,5,10,11,21,0,42,4,0,4,46
11/09/2002,ASE,CO,ANM,WE,Towers with Radar,6,0,4,0,10,0,0,0,0,0,6,0,4,0,10,0,0,0,10
11/10/2002,ASE,CO,ANM,WE,Towers with Radar,0,0,0,0,0,0,0,0,0,0,0,0,0,0,0,0,0,0,0
11/11/2002,ASE,CO,ANM,WE,Towers with Radar,10,3,18,0,31,0,0,2,0,2,10,3,20,0,33,0,0,0,33
11/12/2002,ASE,CO,ANM,WE,Towers with Radar,10,8,21,0,39,0,0,38,0,38,10,8,59,0,77,20,0,20,97
11/13/2002,ASE,CO,ANM,WE,Towers with Radar,10,8,10,0,28,0,0,9,0,9,10,8,19,0,37,21,0,21,58
11/14/2002,ASE,CO,ANM,WE,Towers with Radar,12,9,11,0,32,0,0,13,0,13,12,9,24,0,45,32,0,32,77
11/15/2002,ASE,CO,ANM,WE,Towers with Radar,10,5,32,0,47,0,1,12,0,13,10,6,44,0,60,22,0,22,82
11/16/2002,ASE,CO,ANM,WE,Towers with Radar,10,7,24,0,41,0,0,24,0,24,10,7,48,0,65,26,0,26,91
11/17/2002,ASE,CO,ANM,WE,Towers with Radar,9,20,24,0,53,0,0,28,0,28,9,20,52,0,81,2,0,2,83
11/18/2002,ASE,CO,ANM,WE,Towers with Radar,11,11,10,0,32,0,0,12,0,12,11,11,22,0,44,22,0,22,66
11/19/2002,ASE,CO,ANM,WE,Towers with Radar,11,12,12,0,35,0,0,45,3,48,11,12,57,3,83,10,0,10,93
11/20/2002,ASE,CO,ANM,WE,Towers with Radar,10,3,18,0,31,0,0,45,0,45,10,3,63,0,76,22,0,22,98
11/21/2002,ASE,CO,ANM,WE,Towers with Radar,10,8,16,0,34,0,0,23,2,25,10,8,39,2,59,12,0,12,71
11/22/2002,ASE,CO,ANM,WE,Towers with Radar,10,22,35,0,67,0,0,41,1,42,10,22,76,1,109,0,0,0,109
11/23/2002,ASE,CO,ANM,WE,Towers with Radar,10,20,38,0,68,0,1,16,0,17,10,21,54,0,85,8,0,8,93
11/24/2002,ASE,CO,ANM,WE,Towers with Radar,10,18,34,0,62,0,2,7,0,9,10,20,41,0,71,0,0,0,71
11/25/2002,ASE,CO,ANM,WE,Towers with Radar,10,11,19,0,40,0,0,3,0,3,10,11,22,0,43,0,0,0,43
11/26/2002,ASE,CO,ANM,WE,Towers with Radar,10,31,46,1,88,0,1,28,1,30,10,32,74,2,118,0,0,0,118
11/27/2002,ASE,CO,ANM,WE,Towers with Radar,12,36,118,0,166,0,0,38,0,38,12,36,156,0,204,0,2,2,206
11/28/2002,ASE,CO,ANM,WE,Towers with Radar,8,4,20,0,32,0,2,29,0,31,8,6,49,0,63,6,0,6,69
11/29/2002,ASE,CO,ANM,WE,Towers with Radar,9,13,30,0,52,0,0,35,0,35,9,13,65,0,87,2,0,2,89
11/30/2002,ASE,CO,ANM,WE,Towers with Radar,10,23,45,0,78,0,0,34,0,34,10,23,79,0,112,0,0,0,112
12/01/2002,ASE,CO,ANM,WE,Towers with Radar,10,39,95,0,144,0,0,62,0,62,10,39,157,0,206,20,0,20,226
12/02/2002,ASE,CO,ANM,WE,Towers with Radar,7,34,55,0,96,3,0,27,0,30,10,34,82,0,126,22,0,22,148
12/03/2002,ASE,CO,ANM,WE,Towers with Radar,7,16,24,0,47,3,0,17,0,20,10,16,41,0,67,9,0,9,76
12/04/2002,ASE,CO,ANM,WE,Towers with Radar,7,19,19,0,45,3,0,10,0,13,10,19,29,0,58,0,0,0,58
12/05/2002,ASE,CO,ANM,WE,Towers with Radar,8,16,23,0,47,9,0,10,0,19,17,16,33,0,66,4,0,4,70
12/06/2002,ASE,CO,ANM,WE,Towers with Radar,11,17,40,0,68,0,0,23,0,23,11,17,63,0,91,0,0,0,91
12/07/2002,ASE,CO,ANM,WE,Towers with Radar,8,17,25,0,50,2,0,25,2,29,10,17,50,2,79,0,0,0,79
12/08/2002,ASE,CO,ANM,WE,Towers with Radar,8,20,28,0,56,2,0,27,0,29,10,20,55,0,85,22,0,22,107
12/09/2002,ASE,CO,ANM,WE,Towers with Radar,8,21,28,0,57,2,0,14,0,16,10,21,42,0,73,2,0,2,75
12/10/2002,ASE,CO,ANM,WE,Towers with Radar,8,6,24,0,38,2,0,25,0,27,10,6,49,0,65,0,0,0,65
12/11/2002,ASE,CO,ANM,WE,Towers with Radar,9,10,19,0,38,1,1,29,2,33,10,11,48,2,71,20,0,20,91
12/12/2002,ASE,CO,ANM,WE,Towers with Radar,12,7,36,0,55,3,1,0,0,4,15,8,36,0,59,0,0,0,59
12/13/2002,ASE,CO,ANM,WE,Towers with Radar,21,18,26,0,65,1,1,16,0,18,22,19,42,0,83,2,0,2,85
12/14/2002,ASE,CO,ANM,WE,Towers with Radar,31,22,17,0,70,1,3,22,0,26,32,25,39,0,96,14,0,14,110
12/15/2002,ASE,CO,ANM,WE,Towers with Radar,26,23,46,0,95,0,0,0,0,0,26,23,46,0,95,0,0,0,95
12/16/2002,ASE,CO,ANM,WE,Towers with Radar,27,21,37,0,85,1,1,13,0,15,28,22,50,0,100,5,2,7,107
12/17/2002,ASE,CO,ANM,WE,Towers with Radar,17,4,13,0,34,1,1,0,0,2,18,5,13,0,36,0,0,0,36
12/18/2002,ASE,CO,ANM,WE,Towers with Radar,25,21,47,0,93,1,1,5,0,7,26,22,52,0,100,0,0,0,100
12/19/2002,ASE,CO,ANM,WE,Towers with Radar,33,26,62,0,121,1,2,6,0,9,34,28,68,0,130,0,0,0,130
12/20/2002,ASE,CO,ANM,WE,Towers with Radar,30,56,93,0,179,2,2,11,2,17,32,58,104,2,196,0,0,0,196
12/21/2002,ASE,CO,ANM,WE,Towers with Radar,30,58,113,0,201,0,9,29,1,39,30,67,142,1,240,0,0,0,240
12/22/2002,ASE,CO,ANM,WE,Towers with Radar,34,52,77,0,163,1,1,3,0,5,35,53,80,0,168,0,0,0,168
12/23/2002,ASE,CO,ANM,WE,Towers with Radar,29,28,77,0,134,1,0,4,0,5,30,28,81,0,139,0,0,0,139
12/24/2002,ASE,CO,ANM,WE,Towers with Radar,19,22,34,0,75,1,0,0,0,1,20,22,34,0,76,0,0,0,76
12/25/2002,ASE,CO,ANM,WE,Towers with Radar,31,39,45,0,115,1,0,8,0,9,32,39,53,0,124,0,0,0,124
12/26/2002,ASE,CO,ANM,WE,Towers with Radar,32,56,162,0,250,1,0,8,0,9,33,56,170,0,259,0,0,0,259
12/27/2002,ASE,CO,ANM,WE,Towers with Radar,32,66,158,0,256,1,0,8,0,9,33,66,166,0,265,0,0,0,265
12/28/2002,ASE,CO,ANM,WE,Towers with Radar,32,49,143,0,224,1,0,18,0,19,33,49,161,0,243,0,0,0,243
12/29/2002,ASE,CO,ANM,WE,Towers with Radar,40,61,69,0,170,1,0,16,0,17,41,61,85,0,187,10,0,10,197
12/30/2002,ASE,CO,ANM,WE,Towers with Radar,34,39,53,0,126,1,0,12,0,13,35,39,65,0,139,0,0,0,139
12/31/2002,ASE,CO,ANM,WE,Towers with Radar,29,24,46,0,99,1,0,0,0,1,30,24,46,0,100,0,0,0,100
01/01/2003,ASE,CO,ANM,WE,Towers with Radar,36,29,77,0,142,4,1,0,0,5,40,30,77,0,147,0,0,0,147
01/02/2003,ASE,CO,ANM,WE,Towers with Radar,35,59,120,0,214,3,1,34,1,39,38,60,154,1,253,0,0,0,253
01/03/2003,ASE,CO,ANM,WE,Towers with Radar,31,79,167,0,277,0,1,8,1,10,31,80,175,1,287,0,0,0,287
01/04/2003,ASE,CO,ANM,WE,Towers with Radar,38,78,171,0,287,0,1,15,0,16,38,79,186,0,303,0,0,0,303
01/05/2003,ASE,CO,ANM,WE,Towers with Radar,35,44,85,0,164,0,1,5,0,6,35,45,90,0,170,0,0,0,170
01/06/2003,ASE,CO,ANM,WE,Towers with Radar,38,35,47,0,120,0,1,25,0,26,38,36,72,0,146,0,0,0,146
01/07/2003,ASE,CO,ANM,WE,Towers with Radar,34,16,30,0,80,0,7,57,4,68,34,23,87,4,148,0,0,0,148
01/08/2003,ASE,CO,ANM,WE,Towers with Radar,30,17,26,0,73,0,1,34,0,35,30,18,60,0,108,2,0,2,110
01/09/2003,ASE,CO,ANM,WE,Towers with Radar,26,23,40,0,89,5,7,19,0,31,31,30,59,0,120,0,0,0,120
01/10/2003,ASE,CO,ANM,WE,Towers with Radar,25,8,29,0,62,0,0,4,0,4,25,8,33,0,66,10,0,10,76
01/11/2003,ASE,CO,ANM,WE,Towers with Radar,44,6,40,0,90,0,0,1,0,1,44,6,41,0,91,0,0,0,91
01/12/2003,ASE,CO,ANM,WE,Towers with Radar,41,22,37,0,100,0,0,7,0,7,41,22,44,0,107,8,0,8,115
01/13/2003,ASE,CO,ANM,WE,Towers with Radar,30,19,19,0,68,0,0,11,0,11,30,19,30,0,79,10,0,10,89
01/14/2003,ASE,CO,ANM,WE,Towers with Radar,32,12,27,0,71,0,0,30,0,30,32,12,57,0,101,0,0,0,101
01/15/2003,ASE,CO,ANM,WE,Towers with Radar,27,11,39,0,77,0,0,0,0,0,27,11,39,0,77,0,0,0,77
01/16/2003,ASE,CO,ANM,WE,Towers with Radar,30,38,51,0,119,0,0,36,0,36,30,38,87,0,155,0,0,0,155
01/17/2003,ASE,CO,ANM,WE,Towers with Radar,29,36,55,0,120,0,0,27,0,27,29,36,82,0,147,6,0,6,153
01/18/2003,ASE,CO,ANM,WE,Towers with Radar,41,20,48,0,109,0,0,34,0,34,41,20,82,0,143,0,0,0,143
01/19/2003,ASE,CO,ANM,WE,Towers with Radar,38,32,47,0,117,0,0,48,0,48,38,32,95,0,165,28,0,28,193
01/20/2003,ASE,CO,ANM,WE,Towers with Radar,32,42,61,0,135,0,0,37,0,37,32,42,98,0,172,12,0,12,184
01/21/2003,ASE,CO,ANM,WE,Towers with Radar,32,14,26,0,72,0,0,31,0,31,32,14,57,0,103,0,0,0,103
01/22/2003,ASE,CO,ANM,WE,Towers with Radar,32,14,25,0,71,0,0,16,0,16,32,14,41,0,87,0,0,0,87
01/23/2003,ASE,CO,ANM,WE,Towers with Radar,32,20,29,0,81,0,0,9,0,9,32,20,38,0,90,0,0,0,90
01/24/2003,ASE,CO,ANM,WE,Towers with Radar,30,20,41,0,91,0,0,13,0,13,30,20,54,0,104,4,0,4,108
01/25/2003,ASE,CO,ANM,WE,Towers with Radar,41,11,24,0,76,0,0,13,0,13,41,11,37,0,89,6,0,6,95
01/26/2003,ASE,CO,ANM,WE,Towers with Radar,35,37,53,0,125,0,0,14,0,14,35,37,67,0,139,16,0,16,155
01/27/2003,ASE,CO,ANM,WE,Towers with Radar,33,42,24,0,99,0,0,24,0,24,33,42,48,0,123,12,0,12,135
01/28/2003,ASE,CO,ANM,WE,Towers with Radar,34,21,37,2,94,0,0,19,2,21,34,21,56,4,115,0,0,0,115
01/29/2003,ASE,CO,ANM,WE,Towers with Radar,30,34,37,0,101,0,0,10,0,10,30,34,47,0,111,0,0,0,111
01/30/2003,ASE,CO,ANM,WE,Towers with Radar,30,35,43,0,108,0,0,28,0,28,30,35,71,0,136,2,0,2,138
01/31/2003,ASE,CO,ANM,WE,Towers with Radar,35,27,40,0,102,0,0,23,0,23,35,27,63,0,125,0,0,0,125
02/01/2003,ASE,CO,ANM,WE,Towers with Radar,41,31,46,0,118,0,0,7,0,7,41,31,53,0,125,34,0,34,159
02/02/2003,ASE,CO,ANM,WE,Towers with Radar,29,24,43,0,96,4,2,6,0,12,33,26,49,0,108,2,0,2,110
02/03/2003,ASE,CO,ANM,WE,Towers with Radar,35,28,48,0,111,0,0,4,0,4,35,28,52,0,115,0,0,0,115
02/04/2003,ASE,CO,ANM,WE,Towers with Radar,36,8,22,0,66,0,0,5,0,5,36,8,27,0,71,0,0,0,71
02/05/2003,ASE,CO,ANM,WE,Towers with Radar,36,22,33,0,91,0,0,5,0,5,36,22,38,0,96,0,0,0,96
02/06/2003,ASE,CO,ANM,WE,Towers with Radar,30,15,20,0,65,0,3,3,0,6,30,18,23,0,71,0,0,0,71
02/07/2003,ASE,CO,ANM,WE,Towers with Radar,34,24,53,0,111,0,0,31,0,31,34,24,84,0,142,0,0,0,142
02/08/2003,ASE,CO,ANM,WE,Towers with Radar,41,23,65,0,129,0,0,9,0,9,41,23,74,0,138,10,0,10,148
02/09/2003,ASE,CO,ANM,WE,Towers with Radar,35,21,38,0,94,0,0,0,0,0,35,21,38,0,94,0,0,0,94
02/10/2003,ASE,CO,ANM,WE,Towers with Radar,27,17,42,0,86,5,0,6,0,11,32,17,48,0,97,12,0,12,109
02/11/2003,ASE,CO,ANM,WE,Towers with Radar,33,21,18,0,72,0,0,21,0,21,33,21,39,0,93,28,0,28,121
02/12/2003,ASE,CO,ANM,WE,Towers with Radar,34,34,31,0,99,0,0,16,0,16,34,34,47,0,115,0,0,0,115
02/13/2003,ASE,CO,ANM,WE,Towers with Radar,35,26,72,0,133,0,0,0,0,0,35,26,72,0,133,0,0,0,133
02/14/2003,ASE,CO,ANM,WE,Towers with Radar,28,20,50,0,98,0,0,1,0,1,28,20,51,0,99,0,0,0,99
02/15/2003,ASE,CO,ANM,WE,Towers with Radar,39,52,53,0,144,0,0,6,0,6,39,52,59,0,150,2,0,2,152
02/16/2003,ASE,CO,ANM,WE,Towers with Radar,37,28,57,0,122,1,0,10,0,11,38,28,67,0,133,0,0,0,133
02/17/2003,ASE,CO,ANM,WE,Towers with Radar,30,58,191,0,279,0,0,0,0,0,30,58,191,0,279,0,0,0,279
02/18/2003,ASE,CO,ANM,WE,Towers with Radar,34,50,59,0,143,0,0,5,0,5,34,50,64,0,148,0,0,0,148
02/19/2003,ASE,CO,ANM,WE,Towers with Radar,34,40,37,0,111,0,0,14,0,14,34,40,51,0,125,0,0,0,125
02/20/2003,ASE,CO,ANM,WE,Towers with Radar,30,24,47,0,101,0,3,45,0,48,30,27,92,0,149,4,0,4,153
02/21/2003,ASE,CO,ANM,WE,Towers with Radar,32,37,83,0,152,0,0,5,0,5,32,37,88,0,157,0,0,0,157
02/22/2003,ASE,CO,ANM,WE,Towers with Radar,33,20,47,0,100,0,0,0,0,0,33,20,47,0,100,0,0,0,100
02/23/2003,ASE,CO,ANM,WE,Towers with Radar,37,27,68,0,132,0,0,0,0,0,37,27,68,0,132,10,0,10,142
02/24/2003,ASE,CO,ANM,WE,Towers with Radar,35,25,55,0,115,0,0,17,0,17,35,25,72,0,132,12,0,12,144
02/25/2003,ASE,CO,ANM,WE,Towers with Radar,24,7,24,0,55,4,0,0,0,4,28,7,24,0,59,0,0,0,59
02/26/2003,ASE,CO,ANM,WE,Towers with Radar,32,17,47,0,96,20,0,0,0,20,52,17,47,0,116,0,0,0,116
02/27/2003,ASE,CO,ANM,WE,Towers with Radar,31,31,65,0,127,0,0,0,0,0,31,31,65,0,127,8,0,8,135
02/28/2003,ASE,CO,ANM,WE,Towers with Radar,33,7,46,0,86,0,0,0,0,0,33,7,46,0,86,0,0,0,86
03/01/2003,ASE,CO,ANM,WE,Towers with Radar,39,36,78,0,153,2,0,0,0,2,41,36,78,0,155,0,0,0,155
03/02/2003,ASE,CO,ANM,WE,Towers with Radar,39,38,82,0,159,1,0,20,0,21,40,38,102,0,180,12,0,12,192
03/03/2003,ASE,CO,ANM,WE,Towers with Radar,35,25,56,0,116,1,0,32,0,33,36,25,88,0,149,12,0,12,161
03/04/2003,ASE,CO,ANM,WE,Towers with Radar,24,24,36,0,84,2,0,0,0,2,26,24,36,0,86,0,0,0,86
03/05/2003,ASE,CO,ANM,WE,Towers with Radar,30,24,32,0,86,2,0,16,0,18,32,24,48,0,104,0,0,0,104
03/06/2003,ASE,CO,ANM,WE,Towers with Radar,32,24,61,0,117,2,0,13,0,15,34,24,74,0,132,0,0,0,132
03/07/2003,ASE,CO,ANM,WE,Towers with Radar,32,51,73,0,156,2,0,26,0,28,34,51,99,0,184,0,0,0,184
03/08/2003,ASE,CO,ANM,WE,Towers with Radar,37,27,99,0,163,2,0,12,0,14,39,27,111,0,177,4,0,4,181
03/09/2003,ASE,CO,ANM,WE,Towers with Radar,39,52,70,0,161,2,6,40,0,48,41,58,110,0,209,12,0,12,221
03/10/2003,ASE,CO,ANM,WE,Towers with Radar,30,38,53,0,121,2,0,39,0,41,32,38,92,0,162,12,0,12,174
03/11/2003,ASE,CO,ANM,WE,Towers with Radar,31,27,48,0,106,1,0,23,0,24,32,27,71,0,130,0,0,0,130
03/12/2003,ASE,CO,ANM,WE,Towers with Radar,33,24,65,0,122,1,0,33,0,34,34,24,98,0,156,10,0,10,166
03/13/2003,ASE,CO,ANM,WE,Towers with Radar,31,30,86,0,147,1,0,40,0,41,32,30,126,0,188,0,0,0,188
03/14/2003,ASE,CO,ANM,WE,Towers with Radar,33,51,85,0,169,0,24,30,0,54,33,75,115,0,223,0,0,0,223
03/15/2003,ASE,CO,ANM,WE,Towers with Radar,39,78,128,0,245,1,0,33,1,35,40,78,161,1,280,0,0,0,280
03/16/2003,ASE,CO,ANM,WE,Towers with Radar,43,58,110,0,211,1,0,0,0,1,44,58,110,0,212,0,0,0,212
03/17/2003,ASE,CO,ANM,WE,Towers with Radar,19,6,41,0,66,1,0,0,0,1,20,6,41,0,67,0,0,0,67
03/18/2003,ASE,CO,ANM,WE,Towers with Radar,6,9,32,0,47,1,0,0,0,1,7,9,32,0,48,0,0,0,48
03/19/2003,ASE,CO,ANM,WE,Towers with Radar,11,20,41,0,72,1,0,6,0,7,12,20,47,0,79,0,0,0,79
03/20/2003,ASE,CO,ANM,WE,Towers with Radar,16,60,100,0,176,0,8,16,0,24,16,68,116,0,200,0,0,0,200
03/21/2003,ASE,CO,ANM,WE,Towers with Radar,33,30,71,0,134,1,0,9,0,10,34,30,80,0,144,0,0,0,144
03/22/2003,ASE,CO,ANM,WE,Towers with Radar,39,90,107,0,236,1,0,29,1,31,40,90,136,1,267,4,0,4,271
03/23/2003,ASE,CO,ANM,WE,Towers with Radar,41,70,126,0,237,1,0,15,0,16,42,70,141,0,253,0,0,0,253
03/24/2003,ASE,CO,ANM,WE,Towers with Radar,34,31,28,0,93,1,0,0,0,1,35,31,28,0,94,0,0,0,94
03/25/2003,ASE,CO,ANM,WE,Towers with Radar,29,35,34,2,100,1,1,53,0,55,30,36,87,2,155,2,0,2,157
03/26/2003,ASE,CO,ANM,WE,Towers with Radar,35,36,37,0,108,1,0,18,0,19,36,36,55,0,127,0,0,0,127
03/27/2003,ASE,CO,ANM,WE,Towers with Radar,36,24,40,0,100,1,0,0,0,1,37,24,40,0,101,0,0,0,101
03/28/2003,ASE,CO,ANM,WE,Towers with Radar,32,37,84,0,153,1,3,4,0,8,33,40,88,0,161,0,0,0,161
03/29/2003,ASE,CO,ANM,WE,Towers with Radar,39,62,89,0,190,1,2,16,0,19,40,64,105,0,209,0,0,0,209
03/30/2003,ASE,CO,ANM,WE,Towers with Radar,40,51,86,0,177,4,23,24,0,51,44,74,110,0,228,12,0,12,240
03/31/2003,ASE,CO,ANM,WE,Towers with Radar,33,18,33,0,84,0,0,56,0,56,33,18,89,0,140,12,0,12,152
04/01/2003,ASE,CO,ANM,WE,Towers with Radar,26,22,34,0,82,1,0,30,0,31,27,22,64,0,113,2,0,2,115
04/02/2003,ASE,CO,ANM,WE,Towers with Radar,26,10,38,0,74,1,0,6,0,7,27,10,44,0,81,0,0,0,81
04/03/2003,ASE,CO,ANM,WE,Towers with Radar,30,16,38,0,84,1,0,0,0,1,31,16,38,0,85,0,0,0,85
04/04/2003,ASE,CO,ANM,WE,Towers with Radar,28,22,47,0,97,1,0,9,0,10,29,22,56,0,107,0,0,0,107
04/05/2003,ASE,CO,ANM,WE,Towers with Radar,35,18,32,0,85,1,0,6,0,7,36,18,38,0,92,0,0,0,92
04/06/2003,ASE,CO,ANM,WE,Towers with Radar,24,10,35,0,69,6,0,0,0,6,30,10,35,0,75,0,0,0,75
04/07/2003,ASE,CO,ANM,WE,Towers with Radar,11,13,24,0,48,0,1,0,0,1,11,14,24,0,49,0,0,0,49
04/08/2003,ASE,CO,ANM,WE,Towers with Radar,11,12,14,0,37,0,1,34,0,35,11,13,48,0,72,0,0,0,72
04/09/2003,ASE,CO,ANM,WE,Towers with Radar,10,13,25,0,48,0,1,42,0,43,10,14,67,0,91,2,0,2,93
04/10/2003,ASE,CO,ANM,WE,Towers with Radar,10,16,35,0,61,0,1,43,0,44,10,17,78,0,105,34,0,34,139
04/11/2003,ASE,CO,ANM,WE,Towers with Radar,10,12,28,0,50,0,0,34,0,34,10,12,62,0,84,0,0,0,84
04/12/2003,ASE,CO,ANM,WE,Towers with Radar,9,12,24,0,45,0,1,26,0,27,9,13,50,0,72,20,0,20,92
04/13/2003,ASE,CO,ANM,WE,Towers with Radar,10,16,26,0,52,0,0,36,0,36,10,16,62,0,88,12,0,12,100
04/14/2003,ASE,CO,ANM,WE,Towers with Radar,11,14,19,0,44,0,3,12,0,15,11,17,31,0,59,2,0,2,61
04/15/2003,ASE,CO,ANM,WE,Towers with Radar,10,8,11,0,29,2,0,0,1,3,12,8,11,1,32,0,0,0,32
04/16/2003,ASE,CO,ANM,WE,Towers with Radar,13,11,26,0,50,0,0,34,2,36,13,11,60,2,86,20,0,20,106
04/17/2003,ASE,CO,ANM,WE,Towers with Radar,10,9,20,0,39,0,0,15,0,15,10,9,35,0,54,0,0,0,54
04/18/2003,ASE,CO,ANM,WE,Towers with Radar,10,9,31,0,50,0,2,2,0,4,10,11,33,0,54,0,0,0,54
04/19/2003,ASE,CO,ANM,WE,Towers with Radar,13,11,8,0,32,0,1,5,0,6,13,12,13,0,38,6,0,6,44
04/20/2003,ASE,CO,ANM,WE,Towers with Radar,10,16,25,1,52,0,1,25,1,27,10,17,50,2,79,4,0,4,83
04/21/2003,ASE,CO,ANM,WE,Towers with Radar,11,14,11,0,36,0,0,11,0,11,11,14,22,0,47,0,0,0,47
04/22/2003,ASE,CO,ANM,WE,Towers with Radar,10,10,7,0,27,0,0,9,0,9,10,10,16,0,36,0,0,0,36
04/23/2003,ASE,CO,ANM,WE,Towers with Radar,10,8,12,0,30,0,0,0,0,0,10,8,12,0,30,0,0,0,30
04/24/2003,ASE,CO,ANM,WE,Towers with Radar,9,18,18,0,45,0,0,8,0,8,9,18,26,0,53,4,0,4,57
04/25/2003,ASE,CO,ANM,WE,Towers with Radar,11,12,23,0,46,0,0,31,0,31,11,12,54,0,77,22,0,22,99
04/26/2003,ASE,CO,ANM,WE,Towers with Radar,10,15,3,0,28,0,0,22,0,22,10,15,25,0,50,2,0,2,52
04/27/2003,ASE,CO,ANM,WE,Towers with Radar,10,13,15,0,38,0,0,19,0,19,10,13,34,0,57,0,0,0,57
04/28/2003,ASE,CO,ANM,WE,Towers with Radar,19,14,12,0,45,0,0,13,0,13,19,14,25,0,58,0,0,0,58
04/29/2003,ASE,CO,ANM,WE,Towers with Radar,9,6,6,0,21,0,0,7,0,7,9,6,13,0,28,0,0,0,28
04/30/2003,ASE,CO,ANM,WE,Towers with Radar,9,5,9,0,23,0,0,4,0,4,9,5,13,0,27,0,0,0,27
05/01/2003,ASE,CO,ANM,WE,Towers with Radar,10,13,22,0,45,0,3,12,0,15,10,16,34,0,60,8,0,8,68
05/02/2003,ASE,CO,ANM,WE,Towers with Radar,12,15,10,0,37,0,1,23,0,24,12,16,33,0,61,0,0,0,61
05/03/2003,ASE,CO,ANM,WE,Towers with Radar,10,4,6,0,20,0,1,11,0,12,10,5,17,0,32,0,0,0,32
05/04/2003,ASE,CO,ANM,WE,Towers with Radar,4,2,4,0,10,2,0,0,0,2,6,2,4,0,12,0,0,0,12
05/05/2003,ASE,CO,ANM,WE,Towers with Radar,10,18,20,0,48,0,1,6,0,7,10,19,26,0,55,0,0,0,55
05/06/2003,ASE,CO,ANM,WE,Towers with Radar,10,12,11,0,33,0,0,23,0,23,10,12,34,0,56,10,0,10,66
05/07/2003,ASE,CO,ANM,WE,Towers with Radar,10,6,16,0,32,0,0,2,0,2,10,6,18,0,34,0,0,0,34
05/08/2003,ASE,CO,ANM,WE,Towers with Radar,10,7,19,0,36,0,0,2,0,2,10,7,21,0,38,0,0,0,38
05/09/2003,ASE,CO,ANM,WE,Towers with Radar,9,10,11,0,30,0,0,2,0,2,9,10,13,0,32,0,0,0,32
05/10/2003,ASE,CO,ANM,WE,Towers with Radar,0,8,6,0,14,0,0,6,9,15,0,8,12,9,29,0,0,0,29
05/11/2003,ASE,CO,ANM,WE,Towers with Radar,10,8,17,0,35,0,0,21,0,21,10,8,38,0,56,0,0,0,56
05/12/2003,ASE,CO,ANM,WE,Towers with Radar,10,16,20,0,46,0,0,39,0,39,10,16,59,0,85,12,0,12,97
05/13/2003,ASE,CO,ANM,WE,Towers with Radar,10,4,13,0,27,0,0,33,0,33,10,4,46,0,60,0,0,0,60
05/14/2003,ASE,CO,ANM,WE,Towers with Radar,10,10,14,0,34,0,0,38,0,38,10,10,52,0,72,0,0,0,72
05/15/2003,ASE,CO,ANM,WE,Towers with Radar,10,13,16,0,39,0,0,5,0,5,10,13,21,0,44,6,0,6,50
05/16/2003,ASE,CO,ANM,WE,Towers with Radar,10,13,20,0,43,0,0,24,0,24,10,13,44,0,67,0,0,0,67
05/17/2003,ASE,CO,ANM,WE,Towers with Radar,10,14,15,0,39,0,1,32,0,33,10,15,47,0,72,0,0,0,72
05/18/2003,ASE,CO,ANM,WE,Towers with Radar,10,8,25,0,43,0,0,2,0,2,10,8,27,0,45,0,0,0,45
05/19/2003,ASE,CO,ANM,WE,Towers with Radar,10,8,34,0,52,0,0,8,0,8,10,8,42,0,60,4,0,4,64
05/20/2003,ASE,CO,ANM,WE,Towers with Radar,10,8,22,0,40,0,0,27,2,29,10,8,49,2,69,24,0,24,93
05/21/2003,ASE,CO,ANM,WE,Towers with Radar,10,13,10,0,33,0,0,34,0,34,10,13,44,0,67,0,0,0,67
05/22/2003,ASE,CO,ANM,WE,Towers with Radar,12,11,14,0,37,0,0,28,0,28,12,11,42,0,65,0,0,0,65
05/23/2003,ASE,CO,ANM,WE,Towers with Radar,10,23,28,0,61,0,0,63,0,63,10,23,91,0,124,8,0,8,132
05/24/2003,ASE,CO,ANM,WE,Towers with Radar,10,13,15,0,38,0,0,15,0,15,10,13,30,0,53,12,0,12,65
05/25/2003,ASE,CO,ANM,WE,Towers with Radar,11,15,16,0,42,0,0,26,0,26,11,15,42,0,68,26,0,26,94
05/26/2003,ASE,CO,ANM,WE,Towers with Radar,10,32,45,0,87,0,0,38,0,38,10,32,83,0,125,26,0,26,151
05/27/2003,ASE,CO,ANM,WE,Towers with Radar,10,16,17,0,43,0,4,34,0,38,10,20,51,0,81,10,0,10,91
05/28/2003,ASE,CO,ANM,WE,Towers with Radar,10,12,12,0,34,0,0,37,0,37,10,12,49,0,71,18,0,18,89
05/29/2003,ASE,CO,ANM,WE,Towers with Radar,10,10,13,0,33,0,0,36,0,36,10,10,49,0,69,8,0,8,77
05/30/2003,ASE,CO,ANM,WE,Towers with Radar,10,11,19,0,40,0,0,39,0,39,10,11,58,0,79,2,0,2,81
05/31/2003,ASE,CO,ANM,WE,Towers with Radar,10,18,20,0,48,0,0,28,0,28,10,18,48,0,76,0,0,0,76
06/01/2003,ASE,CO,ANM,WE,Towers with Radar,10,22,32,0,64,0,0,26,0,26,10,22,58,0,90,10,0,10,100
06/02/2003,ASE,CO,ANM,WE,Towers with Radar,10,24,48,0,82,0,0,30,0,30,10,24,78,0,112,8,0,8,120
06/03/2003,ASE,CO,ANM,WE,Towers with Radar,10,16,24,0,50,1,0,27,0,28,11,16,51,0,78,6,0,6,84
06/04/2003,ASE,CO,ANM,WE,Towers with Radar,10,23,36,0,69,0,0,15,0,15,10,23,51,0,84,16,0,16,100
06/05/2003,ASE,CO,ANM,WE,Towers with Radar,14,23,37,0,74,0,3,22,0,25,14,26,59,0,99,2,0,2,101
06/06/2003,ASE,CO,ANM,WE,Towers with Radar,10,35,49,0,94,0,0,20,0,20,10,35,69,0,114,0,0,0,114
06/07/2003,ASE,CO,ANM,WE,Towers with Radar,8,15,23,0,46,1,2,34,0,37,9,17,57,0,83,28,0,28,111
06/08/2003,ASE,CO,ANM,WE,Towers with Radar,10,32,42,0,84,0,0,59,0,59,10,32,101,0,143,42,0,42,185
06/09/2003,ASE,CO,ANM,WE,Towers with Radar,10,20,33,0,63,0,0,12,0,12,10,20,45,0,75,0,0,0,75
06/10/2003,ASE,CO,ANM,WE,Towers with Radar,10,16,32,0,58,0,0,20,0,20,10,16,52,0,78,0,0,0,78
06/11/2003,ASE,CO,ANM,WE,Towers with Radar,11,30,36,0,77,0,1,30,0,31,11,31,66,0,108,0,0,0,108
06/12/2003,ASE,CO,ANM,WE,Towers with Radar,18,42,52,0,112,0,0,29,14,43,18,42,81,14,155,2,0,2,157
06/13/2003,ASE,CO,ANM,WE,Towers with Radar,14,29,43,0,86,0,0,16,0,16,14,29,59,0,102,0,0,0,102
06/14/2003,ASE,CO,ANM,WE,Towers with Radar,16,24,21,0,61,0,0,39,0,39,16,24,60,0,100,0,0,0,100
06/15/2003,ASE,CO,ANM,WE,Towers with Radar,17,38,75,0,130,0,0,35,0,35,17,38,110,0,165,56,0,56,221
06/16/2003,ASE,CO,ANM,WE,Towers with Radar,15,28,38,0,81,0,0,16,0,16,15,28,54,0,97,6,0,6,103
06/17/2003,ASE,CO,ANM,WE,Towers with Radar,14,16,44,0,74,0,1,58,0,59,14,17,102,0,133,18,0,18,151
06/18/2003,ASE,CO,ANM,WE,Towers with Radar,14,27,47,0,88,0,0,41,0,41,14,27,88,0,129,4,0,4,133
06/19/2003,ASE,CO,ANM,WE,Towers with Radar,15,32,40,0,87,0,2,47,0,49,15,34,87,0,136,16,0,16,152
06/20/2003,ASE,CO,ANM,WE,Towers with Radar,14,50,63,0,127,0,0,47,0,47,14,50,110,0,174,16,0,16,190
06/21/2003,ASE,CO,ANM,WE,Towers with Radar,15,24,51,0,90,0,0,67,0,67,15,24,118,0,157,0,0,0,157
06/22/2003,ASE,CO,ANM,WE,Towers with Radar,15,36,55,0,106,0,2,97,0,99,15,38,152,0,205,10,0,10,215
06/23/2003,ASE,CO,ANM,WE,Towers with Radar,16,17,50,0,83,0,7,23,0,30,16,24,73,0,113,18,0,18,131
06/24/2003,ASE,CO,ANM,WE,Towers with Radar,13,15,29,0,57,0,0,42,0,42,13,15,71,0,99,0,0,0,99
06/25/2003,ASE,CO,ANM,WE,Towers with Radar,13,25,30,0,68,0,0,27,0,27,13,25,57,0,95,0,0,0,95
06/26/2003,ASE,CO,ANM,WE,Towers with Radar,14,20,51,0,85,0,0,46,0,46,14,20,97,0,131,6,0,6,137
06/27/2003,ASE,CO,ANM,WE,Towers with Radar,14,35,44,0,93,0,0,44,0,44,14,35,88,0,137,20,0,20,157
06/28/2003,ASE,CO,ANM,WE,Towers with Radar,14,27,60,0,101,0,0,28,0,28,14,27,88,0,129,0,0,0,129
06/29/2003,ASE,CO,ANM,WE,Towers with Radar,15,47,72,0,134,0,0,20,0,20,15,47,92,0,154,10,0,10,164
06/30/2003,ASE,CO,ANM,WE,Towers with Radar,14,34,34,0,82,0,0,38,0,38,14,34,72,0,120,8,0,8,128
07/01/2003,ASE,CO,ANM,WE,Towers with Radar,14,40,83,0,137,0,0,49,2,51,14,40,132,2,188,0,0,0,188
07/02/2003,ASE,CO,ANM,WE,Towers with Radar,14,67,105,0,186,0,0,44,2,46,14,67,149,2,232,0,0,0,232
07/03/2003,ASE,CO,ANM,WE,Towers with Radar,15,53,82,0,150,0,0,50,0,50,15,53,132,0,200,0,0,0,200
07/04/2003,ASE,CO,ANM,WE,Towers with Radar,14,13,16,0,43,0,0,54,0,54,14,13,70,0,97,12,0,12,109
07/05/2003,ASE,CO,ANM,WE,Towers with Radar,15,32,34,0,81,0,0,39,0,39,15,32,73,0,120,6,0,6,126
07/06/2003,ASE,CO,ANM,WE,Towers with Radar,16,82,151,0,249,0,0,41,0,41,16,82,192,0,290,0,0,0,290
07/07/2003,ASE,CO,ANM,WE,Towers with Radar,15,64,76,0,155,0,0,35,0,35,15,64,111,0,190,0,0,0,190
07/08/2003,ASE,CO,ANM,WE,Towers with Radar,16,37,43,0,96,0,0,46,0,46,16,37,89,0,142,6,0,6,148
07/09/2003,ASE,CO,ANM,WE,Towers with Radar,16,52,46,0,114,0,0,35,0,35,16,52,81,0,149,0,0,0,149
07/10/2003,ASE,CO,ANM,WE,Towers with Radar,16,35,62,0,113,0,0,25,0,25,16,35,87,0,138,14,0,14,152
07/11/2003,ASE,CO,ANM,WE,Towers with Radar,16,46,46,0,108,0,0,53,2,55,16,46,99,2,163,4,0,4,167
07/12/2003,ASE,CO,ANM,WE,Towers with Radar,17,27,45,0,89,0,0,39,0,39,17,27,84,0,128,0,0,0,128
07/13/2003,ASE,CO,ANM,WE,Towers with Radar,19,48,92,0,159,0,0,80,0,80,19,48,172,0,239,32,0,32,271
07/14/2003,ASE,CO,ANM,WE,Towers with Radar,14,34,53,0,101,2,0,25,2,29,16,34,78,2,130,20,0,20,150
07/15/2003,ASE,CO,ANM,WE,Towers with Radar,16,36,42,0,94,0,0,41,0,41,16,36,83,0,135,0,0,0,135
07/16/2003,ASE,CO,ANM,WE,Towers with Radar,16,29,61,0,106,0,3,42,0,45,16,32,103,0,151,5,0,5,156
07/17/2003,ASE,CO,ANM,WE,Towers with Radar,16,41,80,0,137,0,0,51,0,51,16,41,131,0,188,16,0,16,204
07/18/2003,ASE,CO,ANM,WE,Towers with Radar,14,40,75,0,129,0,0,0,0,0,14,40,75,0,129,4,0,4,133
07/19/2003,ASE,CO,ANM,WE,Towers with Radar,18,35,65,0,118,0,0,34,10,44,18,35,99,10,162,0,0,0,162
07/20/2003,ASE,CO,ANM,WE,Towers with Radar,18,52,76,0,146,0,13,62,0,75,18,65,138,0,221,14,0,14,235
07/21/2003,ASE,CO,ANM,WE,Towers with Radar,17,37,65,0,119,0,0,45,0,45,17,37,110,0,164,14,0,14,178
07/22/2003,ASE,CO,ANM,WE,Towers with Radar,16,33,54,0,103,0,0,59,0,59,16,33,113,0,162,0,0,0,162
07/23/2003,ASE,CO,ANM,WE,Towers with Radar,16,40,57,0,113,0,0,53,0,53,16,40,110,0,166,20,0,20,186
07/24/2003,ASE,CO,ANM,WE,Towers with Radar,16,56,67,0,139,0,0,69,0,69,16,56,136,0,208,6,0,6,214
07/25/2003,ASE,CO,ANM,WE,Towers with Radar,16,45,64,0,125,0,0,50,0,50,16,45,114,0,175,12,0,12,187
07/26/2003,ASE,CO,ANM,WE,Towers with Radar,17,45,47,0,109,0,0,38,0,38,17,45,85,0,147,10,0,10,157
07/27/2003,ASE,CO,ANM,WE,Towers with Radar,19,62,92,0,173,0,0,27,0,27,19,62,119,0,200,22,0,22,222
07/28/2003,ASE,CO,ANM,WE,Towers with Radar,23,43,71,0,137,0,0,29,0,29,23,43,100,0,166,10,0,10,176
07/29/2003,ASE,CO,ANM,WE,Towers with Radar,16,35,49,0,100,0,0,48,0,48,16,35,97,0,148,0,0,0,148
07/30/2003,ASE,CO,ANM,WE,Towers with Radar,16,73,60,0,149,0,0,61,0,61,16,73,121,0,210,0,0,0,210
07/31/2003,ASE,CO,ANM,WE,Towers with Radar,17,55,91,0,163,0,0,33,2,35,17,55,124,2,198,4,0,4,202
08/01/2003,ASE,CO,ANM,WE,Towers with Radar,19,53,75,0,147,0,0,37,0,37,19,53,112,0,184,0,0,0,184
08/02/2003,ASE,CO,ANM,WE,Towers with Radar,16,38,58,0,112,0,0,29,0,29,16,38,87,0,141,8,0,8,149
08/03/2003,ASE,CO,ANM,WE,Towers with Radar,19,46,78,0,143,0,0,36,0,36,19,46,114,0,179,0,0,0,179
08/04/2003,ASE,CO,ANM,WE,Towers with Radar,19,46,78,0,143,0,0,24,0,24,19,46,102,0,167,0,0,0,167
08/05/2003,ASE,CO,ANM,WE,Towers with Radar,16,51,48,0,115,1,0,53,0,54,17,51,101,0,169,6,0,6,175
08/06/2003,ASE,CO,ANM,WE,Towers with Radar,16,53,68,0,137,0,0,37,0,37,16,53,105,0,174,10,0,10,184
08/07/2003,ASE,CO,ANM,WE,Towers with Radar,16,46,73,0,135,0,0,46,0,46,16,46,119,0,181,0,0,0,181
08/08/2003,ASE,CO,ANM,WE,Towers with Radar,16,60,63,0,139,0,0,40,0,40,16,60,103,0,179,0,0,0,179
08/09/2003,ASE,CO,ANM,WE,Towers with Radar,17,61,59,1,138,0,0,15,12,27,17,61,74,13,165,15,0,15,180
08/10/2003,ASE,CO,ANM,WE,Towers with Radar,19,72,121,0,212,0,2,41,0,43,19,74,162,0,255,16,0,16,271
08/11/2003,ASE,CO,ANM,WE,Towers with Radar,18,80,60,0,158,0,0,40,0,40,18,80,100,0,198,0,0,0,198
08/12/2003,ASE,CO,ANM,WE,Towers with Radar,16,32,44,0,92,0,0,25,2,27,16,32,69,2,119,12,0,12,131
08/13/2003,ASE,CO,ANM,WE,Towers with Radar,16,33,69,0,118,0,2,36,0,38,16,35,105,0,156,0,0,0,156
08/14/2003,ASE,CO,ANM,WE,Towers with Radar,16,38,72,0,126,0,0,54,2,56,16,38,126,2,182,0,0,0,182
08/15/2003,ASE,CO,ANM,WE,Towers with Radar,20,46,68,0,134,0,5,25,0,30,20,51,93,0,164,0,0,0,164
08/16/2003,ASE,CO,ANM,WE,Towers with Radar,15,48,51,0,114,0,0,24,0,24,15,48,75,0,138,8,0,8,146
08/17/2003,ASE,CO,ANM,WE,Towers with Radar,19,49,79,0,147,0,6,13,0,19,19,55,92,0,166,13,0,13,179
08/18/2003,ASE,CO,ANM,WE,Towers with Radar,12,50,77,0,139,0,0,19,0,19,12,50,96,0,158,2,0,2,160
08/19/2003,ASE,CO,ANM,WE,Towers with Radar,16,42,53,0,111,0,0,50,1,51,16,42,103,1,162,2,0,2,164
08/20/2003,ASE,CO,ANM,WE,Towers with Radar,16,36,82,0,134,0,0,34,0,34,16,36,116,0,168,12,0,12,180
08/21/2003,ASE,CO,ANM,WE,Towers with Radar,16,41,54,0,111,0,0,28,0,28,16,41,82,0,139,4,0,4,143
08/22/2003,ASE,CO,ANM,WE,Towers with Radar,19,40,65,0,124,0,2,44,0,46,19,42,109,0,170,0,0,0,170
08/23/2003,ASE,CO,ANM,WE,Towers with Radar,15,25,46,0,86,0,0,31,0,31,15,25,77,0,117,2,0,2,119
08/24/2003,ASE,CO,ANM,WE,Towers with Radar,20,55,71,0,146,0,0,47,0,47,20,55,118,0,193,2,0,2,195
08/25/2003,ASE,CO,ANM,WE,Towers with Radar,16,43,64,0,123,0,0,44,0,44,16,43,108,0,167,14,0,14,181
08/26/2003,ASE,CO,ANM,WE,Towers with Radar,16,29,46,0,91,0,0,29,4,33,16,29,75,4,124,8,0,8,132
08/27/2003,ASE,CO,ANM,WE,Towers with Radar,16,32,37,0,85,0,0,33,0,33,16,32,70,0,118,0,0,0,118
08/28/2003,ASE,CO,ANM,WE,Towers with Radar,16,49,41,0,106,0,0,46,0,46,16,49,87,0,152,10,0,10,162
08/29/2003,ASE,CO,ANM,WE,Towers with Radar,19,26,95,0,140,0,4,22,2,28,19,30,117,2,168,6,0,6,174
08/30/2003,ASE,CO,ANM,WE,Towers with Radar,16,28,35,0,79,0,0,15,0,15,16,28,50,0,94,24,0,24,118
08/31/2003,ASE,CO,ANM,WE,Towers with Radar,17,27,31,0,75,0,0,28,0,28,17,27,59,0,103,0,0,0,103
09/01/2003,ASE,CO,ANM,WE,Towers with Radar,17,62,87,0,166,0,1,43,0,44,17,63,130,0,210,8,0,8,218
09/02/2003,ASE,CO,ANM,WE,Towers with Radar,17,39,65,0,121,0,0,29,0,29,17,39,94,0,150,2,0,2,152
09/03/2003,ASE,CO,ANM,WE,Towers with Radar,16,7,29,0,52,0,0,15,0,15,16,7,44,0,67,0,0,0,67
09/04/2003,ASE,CO,ANM,WE,Towers with Radar,11,22,21,0,54,0,0,32,0,32,11,22,53,0,86,0,0,0,86
09/05/2003,ASE,CO,ANM,WE,Towers with Radar,10,27,26,0,63,0,2,33,1,36,10,29,59,1,99,0,0,0,99
09/06/2003,ASE,CO,ANM,WE,Towers with Radar,10,17,19,0,46,0,0,17,0,17,10,17,36,0,63,2,0,2,65
09/07/2003,ASE,CO,ANM,WE,Towers with Radar,11,16,31,0,58,0,0,14,0,14,11,16,45,0,72,0,0,0,72
09/08/2003,ASE,CO,ANM,WE,Towers with Radar,11,25,34,0,70,1,0,24,0,25,12,25,58,0,95,2,0,2,97
09/09/2003,ASE,CO,ANM,WE,Towers with Radar,10,11,18,0,39,0,0,24,0,24,10,11,42,0,63,0,0,0,63
09/10/2003,ASE,CO,ANM,WE,Towers with Radar,10,9,36,0,55,0,0,2,0,2,10,9,38,0,57,0,0,0,57
09/11/2003,ASE,CO,ANM,WE,Towers with Radar,10,25,51,0,86,0,0,14,0,14,10,25,65,0,100,16,0,16,116
09/12/2003,ASE,CO,ANM,WE,Towers with Radar,14,21,37,0,72,0,3,50,0,53,14,24,87,0,125,4,0,4,129
09/13/2003,ASE,CO,ANM,WE,Towers with Radar,9,18,16,0,43,0,0,17,0,17,9,18,33,0,60,4,0,4,64
09/14/2003,ASE,CO,ANM,WE,Towers with Radar,10,28,62,0,100,0,0,48,0,48,10,28,110,0,148,14,0,14,162
09/15/2003,ASE,CO,ANM,WE,Towers with Radar,9,21,30,0,60,0,0,50,0,50,9,21,80,0,110,2,0,2,112
09/16/2003,ASE,CO,ANM,WE,Towers with Radar,11,22,19,0,52,0,0,37,0,37,11,22,56,0,89,0,0,0,89
09/17/2003,ASE,CO,ANM,WE,Towers with Radar,9,16,37,0,62,0,0,14,0,14,9,16,51,0,76,0,0,0,76
09/18/2003,ASE,CO,ANM,WE,Towers with Radar,10,38,38,0,86,0,0,42,4,46,10,38,80,4,132,4,0,4,136
09/19/2003,ASE,CO,ANM,WE,Towers with Radar,14,22,29,0,65,0,3,101,0,104,14,25,130,0,169,0,4,4,173
09/20/2003,ASE,CO,ANM,WE,Towers with Radar,14,15,32,0,61,0,2,30,0,32,14,17,62,0,93,8,0,8,101
09/21/2003,ASE,CO,ANM,WE,Towers with Radar,10,34,54,0,98,0,0,41,0,41,10,34,95,0,139,0,0,0,139
09/22/2003,ASE,CO,ANM,WE,Towers with Radar,10,17,32,0,59,0,0,21,0,21,10,17,53,0,80,0,0,0,80
09/23/2003,ASE,CO,ANM,WE,Towers with Radar,10,15,30,2,57,0,0,31,2,33,10,15,61,4,90,2,0,2,92
09/24/2003,ASE,CO,ANM,WE,Towers with Radar,10,28,24,0,62,0,0,31,0,31,10,28,55,0,93,0,0,0,93
09/25/2003,ASE,CO,ANM,WE,Towers with Radar,10,39,34,0,83,0,1,39,0,40,10,40,73,0,123,6,0,6,129
09/26/2003,ASE,CO,ANM,WE,Towers with Radar,14,28,53,0,95,0,6,69,0,75,14,34,122,0,170,12,0,12,182
09/27/2003,ASE,CO,ANM,WE,Towers with Radar,10,20,21,0,51,0,0,55,0,55,10,20,76,0,106,0,0,0,106
09/28/2003,ASE,CO,ANM,WE,Towers with Radar,10,42,44,0,96,0,0,48,0,48,10,42,92,0,144,6,0,6,150
09/29/2003,ASE,CO,ANM,WE,Towers with Radar,10,34,28,0,72,0,0,45,0,45,10,34,73,0,117,6,0,6,123
09/30/2003,ASE,CO,ANM,WE,Towers with Radar,10,29,24,2,65,0,0,38,0,38,10,29,62,2,103,6,0,6,109
10/01/2003,ASE,CO,ANM,WE,Towers with Radar,10,18,31,0,59,0,0,31,0,31,10,18,62,0,90,6,0,6,96
10/02/2003,ASE,CO,ANM,WE,Towers with Radar,10,23,33,0,66,0,0,10,0,10,10,23,43,0,76,0,0,0,76
10/03/2003,ASE,CO,ANM,WE,Towers with Radar,14,32,46,0,92,0,0,10,0,10,14,32,56,0,102,0,0,0,102
10/04/2003,ASE,CO,ANM,WE,Towers with Radar,7,14,19,0,40,1,1,14,0,16,8,15,33,0,56,4,0,4,60
10/05/2003,ASE,CO,ANM,WE,Towers with Radar,7,22,31,0,60,0,8,66,1,75,7,30,97,1,135,10,0,10,145
10/06/2003,ASE,CO,ANM,WE,Towers with Radar,8,21,29,0,58,0,4,18,2,24,8,25,47,2,82,0,0,0,82
10/07/2003,ASE,CO,ANM,WE,Towers with Radar,8,17,24,0,49,0,5,33,0,38,8,22,57,0,87,0,0,0,87
10/08/2003,ASE,CO,ANM,WE,Towers with Radar,8,18,27,0,53,0,0,46,0,46,8,18,73,0,99,20,0,20,119
10/09/2003,ASE,CO,ANM,WE,Towers with Radar,9,18,25,0,52,0,0,42,0,42,9,18,67,0,94,4,0,4,98
10/10/2003,ASE,CO,ANM,WE,Towers with Radar,8,23,32,0,63,0,10,43,0,53,8,33,75,0,116,0,0,0,116
10/11/2003,ASE,CO,ANM,WE,Towers with Radar,5,11,16,0,32,3,9,32,0,44,8,20,48,0,76,14,0,14,90
10/12/2003,ASE,CO,ANM,WE,Towers with Radar,8,19,27,0,54,0,1,42,0,43,8,20,69,0,97,10,0,10,107
10/13/2003,ASE,CO,ANM,WE,Towers with Radar,8,27,38,0,73,0,1,29,0,30,8,28,67,0,103,8,0,8,111
10/14/2003,ASE,CO,ANM,WE,Towers with Radar,5,10,15,0,30,2,3,42,2,49,7,13,57,2,79,2,0,2,81
10/15/2003,ASE,CO,ANM,WE,Towers with Radar,7,15,22,0,44,0,4,31,1,36,7,19,53,1,80,2,0,2,82
10/16/2003,ASE,CO,ANM,WE,Towers with Radar,7,13,30,0,50,0,0,17,0,17,7,13,47,0,67,0,0,0,67
10/17/2003,ASE,CO,ANM,WE,Towers with Radar,9,22,31,0,62,0,3,41,0,44,9,25,72,0,106,0,0,0,106
10/18/2003,ASE,CO,ANM,WE,Towers with Radar,5,11,16,0,32,3,0,36,0,39,8,11,52,0,71,0,0,0,71
10/19/2003,ASE,CO,ANM,WE,Towers with Radar,8,19,28,0,55,0,10,38,1,49,8,29,66,1,104,14,0,14,118
10/20/2003,ASE,CO,ANM,WE,Towers with Radar,6,12,18,0,36,2,1,32,0,35,8,13,50,0,71,0,0,0,71
10/21/2003,ASE,CO,ANM,WE,Towers with Radar,7,12,22,0,41,1,0,35,0,36,8,12,57,0,77,18,0,18,95
10/22/2003,ASE,CO,ANM,WE,Towers with Radar,7,14,18,0,39,0,0,54,0,54,7,14,72,0,93,22,0,22,115
10/23/2003,ASE,CO,ANM,WE,Towers with Radar,6,11,18,0,35,2,0,37,0,39,8,11,55,0,74,26,0,26,100
10/24/2003,ASE,CO,ANM,WE,Towers with Radar,7,16,21,0,44,1,0,31,0,32,8,16,52,0,76,0,0,0,76
10/25/2003,ASE,CO,ANM,WE,Towers with Radar,6,13,19,0,38,2,0,22,2,26,8,13,41,2,64,4,0,4,68
10/26/2003,ASE,CO,ANM,WE,Towers with Radar,8,18,23,0,49,0,2,17,0,19,8,20,40,0,68,6,0,6,74
10/27/2003,ASE,CO,ANM,WE,Towers with Radar,9,17,27,0,53,1,0,13,0,14,10,17,40,0,67,10,0,10,77
10/28/2003,ASE,CO,ANM,WE,Towers with Radar,8,18,23,0,49,1,5,20,0,26,9,23,43,0,75,12,0,12,87
10/29/2003,ASE,CO,ANM,WE,Towers with Radar,4,10,13,0,27,4,0,22,0,26,8,10,35,0,53,0,0,0,53
10/30/2003,ASE,CO,ANM,WE,Towers with Radar,6,11,17,0,34,0,0,0,0,0,6,11,17,0,34,0,0,0,34
10/31/2003,ASE,CO,ANM,WE,Towers with Radar,7,10,21,0,38,0,0,2,0,2,7,10,23,0,40,0,0,0,40
11/01/2003,ASE,CO,ANM,WE,Towers with Radar,3,8,11,0,22,5,2,0,1,8,8,10,11,1,30,0,0,0,30
11/02/2003,ASE,CO,ANM,WE,Towers with Radar,4,7,13,0,24,4,1,3,0,8,8,8,16,0,32,0,0,0,32
11/03/2003,ASE,CO,ANM,WE,Towers with Radar,5,10,12,0,27,3,2,0,0,5,8,12,12,0,32,0,0,0,32
11/04/2003,ASE,CO,ANM,WE,Towers with Radar,5,8,16,0,29,4,0,3,0,7,9,8,19,0,36,0,0,0,36
11/05/2003,ASE,CO,ANM,WE,Towers with Radar,6,5,16,0,27,1,0,8,0,9,7,5,24,0,36,6,0,6,42
11/06/2003,ASE,CO,ANM,WE,Towers with Radar,7,10,25,0,42,0,0,45,4,49,7,10,70,4,91,8,4,12,103
11/07/2003,ASE,CO,ANM,WE,Towers with Radar,8,6,25,0,39,0,0,19,0,19,8,6,44,0,58,6,0,6,64
11/08/2003,ASE,CO,ANM,WE,Towers with Radar,5,7,16,0,28,3,7,1,0,11,8,14,17,0,39,2,0,2,41
11/09/2003,ASE,CO,ANM,WE,Towers with Radar,6,9,17,0,32,2,0,14,0,16,8,9,31,0,48,10,0,10,58
11/10/2003,ASE,CO,ANM,WE,Towers with Radar,6,10,12,0,28,0,0,0,0,0,6,10,12,0,28,0,0,0,28
11/11/2003,ASE,CO,ANM,WE,Towers with Radar,7,10,19,0,36,1,0,0,0,1,8,10,19,0,37,0,0,0,37
11/12/2003,ASE,CO,ANM,WE,Towers with Radar,8,11,27,0,46,0,0,30,0,30,8,11,57,0,76,0,0,0,76
11/13/2003,ASE,CO,ANM,WE,Towers with Radar,6,8,19,0,33,2,0,7,0,9,8,8,26,0,42,0,0,0,42
11/14/2003,ASE,CO,ANM,WE,Towers with Radar,6,2,12,0,20,0,0,0,0,0,6,2,12,0,20,0,0,0,20
11/15/2003,ASE,CO,ANM,WE,Towers with Radar,4,6,13,0,23,4,0,0,0,4,8,6,13,0,27,0,0,0,27
11/16/2003,ASE,CO,ANM,WE,Towers with Radar,7,9,18,0,34,1,0,21,0,22,8,9,39,0,56,0,0,0,56
11/17/2003,ASE,CO,ANM,WE,Towers with Radar,5,2,15,0,22,3,0,3,0,6,8,2,18,0,28,0,0,0,28
11/18/2003,ASE,CO,ANM,WE,Towers with Radar,6,9,22,0,37,0,0,7,0,7,6,9,29,0,44,0,0,0,44
11/19/2003,ASE,CO,ANM,WE,Towers with Radar,5,8,17,0,30,3,0,22,0,25,8,8,39,0,55,6,0,6,61
11/20/2003,ASE,CO,ANM,WE,Towers with Radar,5,7,16,0,28,3,0,23,0,26,8,7,39,0,54,0,0,0,54
11/21/2003,ASE,CO,ANM,WE,Towers with Radar,7,14,24,0,45,0,8,0,0,8,7,22,24,0,53,0,0,0,53
11/22/2003,ASE,CO,ANM,WE,Towers with Radar,2,2,4,0,8,0,0,0,0,0,2,2,4,0,8,0,0,0,8
11/23/2003,ASE,CO,ANM,WE,Towers with Radar,8,13,22,0,43,1,13,6,0,20,9,26,28,0,63,0,0,0,63
11/24/2003,ASE,CO,ANM,WE,Towers with Radar,8,12,21,0,41,0,0,15,0,15,8,12,36,0,56,6,0,6,62
11/25/2003,ASE,CO,ANM,WE,Towers with Radar,8,25,42,0,75,0,6,43,0,49,8,31,85,0,124,0,0,0,124
11/26/2003,ASE,CO,ANM,WE,Towers with Radar,8,15,65,0,88,0,0,13,0,13,8,15,78,0,101,0,0,0,101
11/27/2003,ASE,CO,ANM,WE,Towers with Radar,7,13,22,0,42,3,8,6,0,17,10,21,28,0,59,0,0,0,59
11/28/2003,ASE,CO,ANM,WE,Towers with Radar,8,13,22,0,43,0,2,7,0,9,8,15,29,0,52,0,0,0,52
11/29/2003,ASE,CO,ANM,WE,Towers with Radar,8,15,26,0,49,0,5,20,0,25,8,20,46,0,74,6,0,6,80
11/30/2003,ASE,CO,ANM,WE,Towers with Radar,8,41,71,0,120,0,21,64,0,85,8,62,135,0,205,0,0,0,205
12/01/2003,ASE,CO,ANM,WE,Towers with Radar,9,21,34,1,65,0,2,32,0,34,9,23,66,1,99,4,0,4,103
12/02/2003,ASE,CO,ANM,WE,Towers with Radar,8,13,25,0,46,0,0,3,0,3,8,13,28,0,49,8,0,8,57
12/03/2003,ASE,CO,ANM,WE,Towers with Radar,8,16,27,0,51,0,0,36,0,36,8,16,63,0,87,22,0,22,109
12/04/2003,ASE,CO,ANM,WE,Towers with Radar,8,26,38,0,72,0,0,7,0,7,8,26,45,0,79,6,0,6,85
12/05/2003,ASE,CO,ANM,WE,Towers with Radar,8,13,21,0,42,0,0,26,0,26,8,13,47,0,68,0,0,0,68
12/06/2003,ASE,CO,ANM,WE,Towers with Radar,8,19,26,0,53,0,8,13,0,21,8,27,39,0,74,6,0,6,80
12/07/2003,ASE,CO,ANM,WE,Towers with Radar,8,17,31,0,56,0,0,2,0,2,8,17,33,0,58,0,0,0,58
12/08/2003,ASE,CO,ANM,WE,Towers with Radar,1,5,9,0,15,0,0,0,0,0,1,5,9,0,15,0,0,0,15
12/09/2003,ASE,CO,ANM,WE,Towers with Radar,9,12,28,0,49,0,0,0,0,0,9,12,28,0,49,0,0,0,49
12/10/2003,ASE,CO,ANM,WE,Towers with Radar,9,5,24,0,38,0,0,34,0,34,9,5,58,0,72,0,0,0,72
12/11/2003,ASE,CO,ANM,WE,Towers with Radar,8,18,33,0,59,0,0,2,0,2,8,18,35,0,61,0,0,0,61
12/12/2003,ASE,CO,ANM,WE,Towers with Radar,8,18,33,0,59,0,0,10,0,10,8,18,43,0,69,0,0,0,69
12/13/2003,ASE,CO,ANM,WE,Towers with Radar,8,19,28,0,55,0,2,2,0,4,8,21,30,0,59,0,0,0,59
12/14/2003,ASE,CO,ANM,WE,Towers with Radar,8,23,36,0,67,0,10,14,0,24,8,33,50,0,91,0,0,0,91
12/15/2003,ASE,CO,ANM,WE,Towers with Radar,11,11,25,0,47,5,0,0,0,5,16,11,25,0,52,0,0,0,52
12/16/2003,ASE,CO,ANM,WE,Towers with Radar,10,16,26,0,52,12,0,21,0,33,22,16,47,0,85,0,0,0,85
12/17/2003,ASE,CO,ANM,WE,Towers with Radar,17,29,45,0,91,7,11,28,2,48,24,40,73,2,139,4,0,4,143
12/18/2003,ASE,CO,ANM,WE,Towers with Radar,19,22,50,0,91,9,0,49,0,58,28,22,99,0,149,0,0,0,149
12/19/2003,ASE,CO,ANM,WE,Towers with Radar,28,54,83,0,165,0,15,30,0,45,28,69,113,0,210,0,0,0,210
12/20/2003,ASE,CO,ANM,WE,Towers with Radar,28,56,88,0,172,0,45,23,0,68,28,101,111,0,240,0,0,0,240
12/21/2003,ASE,CO,ANM,WE,Towers with Radar,25,42,66,0,133,3,4,31,0,38,28,46,97,0,171,0,0,0,171
12/22/2003,ASE,CO,ANM,WE,Towers with Radar,22,28,59,0,109,0,0,16,0,16,22,28,75,0,125,0,0,0,125
12/23/2003,ASE,CO,ANM,WE,Towers with Radar,26,36,70,0,132,0,0,48,0,48,26,36,118,0,180,0,0,0,180
12/24/2003,ASE,CO,ANM,WE,Towers with Radar,19,27,51,0,97,9,0,11,0,20,28,27,62,0,117,0,0,0,117
12/25/2003,ASE,CO,ANM,WE,Towers with Radar,18,29,28,0,75,8,28,0,0,36,26,57,28,0,111,0,0,0,111
12/26/2003,ASE,CO,ANM,WE,Towers with Radar,26,35,75,0,136,0,0,0,0,0,26,35,75,0,136,0,0,0,136
12/27/2003,ASE,CO,ANM,WE,Towers with Radar,28,36,85,0,149,0,0,10,0,10,28,36,95,0,159,0,0,0,159
12/28/2003,ASE,CO,ANM,WE,Towers with Radar,28,57,89,0,174,0,30,5,0,35,28,87,94,0,209,0,0,0,209
12/29/2003,ASE,CO,ANM,WE,Towers with Radar,28,47,76,0,151,0,0,19,0,19,28,47,95,0,170,0,0,0,170
12/30/2003,ASE,CO,ANM,WE,Towers with Radar,23,12,60,0,95,5,0,3,0,8,28,12,63,0,103,0,0,0,103
12/31/2003,ASE,CO,ANM,WE,Towers with Radar,22,37,59,0,118,5,5,41,0,51,27,42,100,0,169,0,0,0,169
01/01/2004,ASE,CO,ANM,WE,Towers with Radar,28,39,63,0,130,0,12,20,0,32,28,51,83,0,162,0,0,0,162
01/02/2004,ASE,CO,ANM,WE,Towers with Radar,18,13,25,0,56,0,0,0,0,0,18,13,25,0,56,0,0,0,56
01/03/2004,ASE,CO,ANM,WE,Towers with Radar,17,1,32,0,50,1,0,2,0,3,18,1,34,0,53,0,0,0,53
01/04/2004,ASE,CO,ANM,WE,Towers with Radar,33,48,97,0,178,0,0,54,0,54,33,48,151,0,232,0,0,0,232
01/05/2004,ASE,CO,ANM,WE,Towers with Radar,26,59,94,0,179,0,19,51,0,70,26,78,145,0,249,16,0,16,265
01/06/2004,ASE,CO,ANM,WE,Towers with Radar,26,31,47,0,104,0,6,16,0,22,26,37,63,0,126,0,0,0,126
01/07/2004,ASE,CO,ANM,WE,Towers with Radar,20,21,37,0,78,6,0,2,0,8,26,21,39,0,86,0,0,0,86
01/08/2004,ASE,CO,ANM,WE,Towers with Radar,22,23,41,0,86,4,0,12,0,16,26,23,53,0,102,0,0,0,102
01/09/2004,ASE,CO,ANM,WE,Towers with Radar,23,25,42,0,90,1,0,30,2,33,24,25,72,2,123,0,0,0,123
01/10/2004,ASE,CO,ANM,WE,Towers with Radar,17,21,31,0,69,5,5,36,0,46,22,26,67,0,115,0,0,0,115
01/11/2004,ASE,CO,ANM,WE,Towers with Radar,20,25,38,0,83,10,5,20,0,35,30,30,58,0,118,6,0,6,124
01/12/2004,ASE,CO,ANM,WE,Towers with Radar,23,21,42,0,86,3,0,13,0,16,26,21,55,0,102,0,0,0,102
01/13/2004,ASE,CO,ANM,WE,Towers with Radar,19,17,35,0,71,7,0,47,0,54,26,17,82,0,125,0,0,0,125
01/14/2004,ASE,CO,ANM,WE,Towers with Radar,19,17,36,0,72,8,0,27,0,35,27,17,63,0,107,10,0,10,117
01/15/2004,ASE,CO,ANM,WE,Towers with Radar,26,26,55,0,107,0,0,31,0,31,26,26,86,0,138,0,0,0,138
01/16/2004,ASE,CO,ANM,WE,Towers with Radar,26,45,69,0,140,0,2,2,0,4,26,47,71,0,144,0,0,0,144
01/17/2004,ASE,CO,ANM,WE,Towers with Radar,22,27,41,0,90,6,12,29,0,47,28,39,70,0,137,0,0,0,137
01/18/2004,ASE,CO,ANM,WE,Towers with Radar,23,26,41,0,90,2,0,31,0,33,25,26,72,0,123,0,0,0,123
01/19/2004,ASE,CO,ANM,WE,Towers with Radar,29,51,80,0,160,0,19,17,0,36,29,70,97,0,196,0,0,0,196
01/20/2004,ASE,CO,ANM,WE,Towers with Radar,21,22,20,0,63,4,0,0,0,4,25,22,20,0,67,0,0,0,67
01/21/2004,ASE,CO,ANM,WE,Towers with Radar,22,25,40,0,87,3,7,7,0,17,25,32,47,0,104,0,0,0,104
01/22/2004,ASE,CO,ANM,WE,Towers with Radar,24,27,44,0,95,4,9,16,0,29,28,36,60,0,124,4,0,4,128
01/23/2004,ASE,CO,ANM,WE,Towers with Radar,28,33,53,0,114,0,5,17,0,22,28,38,70,0,136,0,0,0,136
01/24/2004,ASE,CO,ANM,WE,Towers with Radar,22,25,40,0,87,8,0,42,0,50,30,25,82,0,137,8,0,8,145
01/25/2004,ASE,CO,ANM,WE,Towers with Radar,15,8,22,0,45,5,0,0,0,5,20,8,22,0,50,0,0,0,50
01/26/2004,ASE,CO,ANM,WE,Towers with Radar,26,30,48,0,104,2,0,10,0,12,28,30,58,0,116,0,0,0,116
01/27/2004,ASE,CO,ANM,WE,Towers with Radar,19,20,34,0,73,3,0,23,0,26,22,20,57,0,99,0,0,0,99
01/28/2004,ASE,CO,ANM,WE,Towers with Radar,19,20,35,0,74,6,0,4,0,10,25,20,39,0,84,0,0,0,84
01/29/2004,ASE,CO,ANM,WE,Towers with Radar,26,31,44,0,101,0,9,0,0,9,26,40,44,0,110,2,0,2,112
01/30/2004,ASE,CO,ANM,WE,Towers with Radar,23,19,42,0,84,3,0,17,0,20,26,19,59,0,104,10,0,10,114
01/31/2004,ASE,CO,ANM,WE,Towers with Radar,10,6,16,0,32,0,0,0,0,0,10,6,16,0,32,0,0,0,32
02/01/2004,ASE,CO,ANM,WE,Towers with Radar,27,35,60,0,122,6,0,6,0,12,33,35,66,0,134,0,0,0,134
02/02/2004,ASE,CO,ANM,WE,Towers with Radar,23,33,50,0,106,3,0,8,0,11,26,33,58,0,117,0,0,0,117
02/03/2004,ASE,CO,ANM,WE,Towers with Radar,22,22,29,0,73,2,0,0,0,2,24,22,29,0,75,0,0,0,75
02/04/2004,ASE,CO,ANM,WE,Towers with Radar,0,0,4,0,4,0,0,0,0,0,0,0,4,0,4,0,0,0,4
02/05/2004,ASE,CO,ANM,WE,Towers with Radar,25,30,38,0,93,9,0,0,0,9,34,30,38,0,102,0,0,0,102
02/06/2004,ASE,CO,ANM,WE,Towers with Radar,23,33,50,0,106,3,6,3,0,12,26,39,53,0,118,0,0,0,118
02/07/2004,ASE,CO,ANM,WE,Towers with Radar,20,30,45,0,95,8,3,27,0,38,28,33,72,0,133,2,0,2,135
02/08/2004,ASE,CO,ANM,WE,Towers with Radar,21,21,46,0,88,6,0,4,0,10,27,21,50,0,98,0,0,0,98
02/09/2004,ASE,CO,ANM,WE,Towers with Radar,28,32,62,0,122,6,0,3,0,9,34,32,65,0,131,0,0,0,131
02/10/2004,ASE,CO,ANM,WE,Towers with Radar,20,29,44,0,93,6,18,27,2,53,26,47,71,2,146,0,0,0,146
02/11/2004,ASE,CO,ANM,WE,Towers with Radar,23,16,38,0,77,3,0,0,0,3,26,16,38,0,80,0,0,0,80
02/12/2004,ASE,CO,ANM,WE,Towers with Radar,28,58,89,0,175,0,14,45,0,59,28,72,134,0,234,0,0,0,234
02/13/2004,ASE,CO,ANM,WE,Towers with Radar,28,72,110,0,210,0,8,56,0,64,28,80,166,0,274,0,0,0,274
02/14/2004,ASE,CO,ANM,WE,Towers with Radar,30,49,76,0,155,0,33,35,0,68,30,82,111,0,223,0,0,0,223
02/15/2004,ASE,CO,ANM,WE,Towers with Radar,29,39,63,0,131,1,0,16,0,17,30,39,79,0,148,0,0,0,148
02/16/2004,ASE,CO,ANM,WE,Towers with Radar,30,70,110,0,210,0,21,34,0,55,30,91,144,0,265,0,0,0,265
02/17/2004,ASE,CO,ANM,WE,Towers with Radar,30,41,64,0,135,0,6,37,0,43,30,47,101,0,178,0,0,0,178
02/18/2004,ASE,CO,ANM,WE,Towers with Radar,22,30,48,0,100,2,6,18,0,26,24,36,66,0,126,10,0,10,136
02/19/2004,ASE,CO,ANM,WE,Towers with Radar,19,24,24,0,67,0,0,0,0,0,19,24,24,0,67,0,0,0,67
02/20/2004,ASE,CO,ANM,WE,Towers with Radar,31,46,72,0,149,0,0,30,2,32,31,46,102,2,181,0,0,0,181
02/21/2004,ASE,CO,ANM,WE,Towers with Radar,28,52,81,0,161,0,19,0,0,19,28,71,81,0,180,0,0,0,180
02/22/2004,ASE,CO,ANM,WE,Towers with Radar,30,48,76,0,154,0,3,32,0,35,30,51,108,0,189,0,0,0,189
02/23/2004,ASE,CO,ANM,WE,Towers with Radar,21,29,46,0,96,5,2,22,0,29,26,31,68,0,125,6,0,6,131
02/24/2004,ASE,CO,ANM,WE,Towers with Radar,20,24,43,0,87,6,0,2,0,8,26,24,45,0,95,0,0,0,95
02/25/2004,ASE,CO,ANM,WE,Towers with Radar,23,22,50,0,95,5,0,20,2,27,28,22,70,2,122,0,4,4,126
02/26/2004,ASE,CO,ANM,WE,Towers with Radar,27,31,57,0,115,2,0,15,0,17,29,31,72,0,132,0,0,0,132
02/27/2004,ASE,CO,ANM,WE,Towers with Radar,22,24,47,0,93,6,0,19,0,25,28,24,66,0,118,0,0,0,118
02/28/2004,ASE,CO,ANM,WE,Towers with Radar,12,5,8,0,25,2,0,0,0,2,14,5,8,0,27,0,0,0,27
02/29/2004,ASE,CO,ANM,WE,Towers with Radar,22,5,42,0,69,8,0,0,0,8,30,5,42,0,77,0,0,0,77
03/01/2004,ASE,CO,ANM,WE,Towers with Radar,28,40,67,1,136,2,6,18,0,26,30,46,85,1,162,8,0,8,170
03/02/2004,ASE,CO,ANM,WE,Towers with Radar,21,29,50,0,100,11,0,20,0,31,32,29,70,0,131,0,0,0,131
03/03/2004,ASE,CO,ANM,WE,Towers with Radar,25,31,58,0,114,3,0,22,0,25,28,31,80,0,139,0,0,0,139
03/04/2004,ASE,CO,ANM,WE,Towers with Radar,24,14,25,0,63,2,0,0,0,2,26,14,25,0,65,0,0,0,65
03/05/2004,ASE,CO,ANM,WE,Towers with Radar,30,31,70,0,131,0,0,20,0,20,30,31,90,0,151,0,0,0,151
03/06/2004,ASE,CO,ANM,WE,Towers with Radar,29,30,67,0,126,1,0,26,0,27,30,30,93,0,153,0,0,0,153
03/07/2004,ASE,CO,ANM,WE,Towers with Radar,31,52,83,0,166,0,0,41,0,41,31,52,124,0,207,0,0,0,207
03/08/2004,ASE,CO,ANM,WE,Towers with Radar,24,33,55,0,112,6,0,38,0,44,30,33,93,0,156,2,0,2,158
03/09/2004,ASE,CO,ANM,WE,Towers with Radar,27,28,63,0,118,3,0,38,2,43,30,28,101,2,161,8,0,8,169
03/10/2004,ASE,CO,ANM,WE,Towers with Radar,24,35,55,0,114,6,1,6,0,13,30,36,61,0,127,6,0,6,133
03/11/2004,ASE,CO,ANM,WE,Towers with Radar,26,37,66,0,129,0,0,28,0,28,26,37,94,0,157,0,0,0,157
03/12/2004,ASE,CO,ANM,WE,Towers with Radar,30,60,95,0,185,0,17,73,1,91,30,77,168,1,276,6,0,6,282
03/13/2004,ASE,CO,ANM,WE,Towers with Radar,30,64,102,0,196,0,16,54,0,70,30,80,156,0,266,8,0,8,274
03/14/2004,ASE,CO,ANM,WE,Towers with Radar,30,59,95,0,184,0,10,32,0,42,30,69,127,0,226,2,0,2,228
03/15/2004,ASE,CO,ANM,WE,Towers with Radar,29,28,68,0,125,3,0,19,0,22,32,28,87,0,147,0,0,0,147
03/16/2004,ASE,CO,ANM,WE,Towers with Radar,25,30,55,0,110,5,0,9,0,14,30,30,64,0,124,0,0,0,124
03/17/2004,ASE,CO,ANM,WE,Towers with Radar,26,37,60,0,123,0,0,26,1,27,26,37,86,1,150,0,14,14,164
03/18/2004,ASE,CO,ANM,WE,Towers with Radar,28,47,76,0,151,0,5,32,2,39,28,52,108,2,190,0,0,0,190
03/19/2004,ASE,CO,ANM,WE,Towers with Radar,30,54,88,0,172,0,12,48,0,60,30,66,136,0,232,2,0,2,234
03/20/2004,ASE,CO,ANM,WE,Towers with Radar,30,59,96,0,185,0,33,50,0,83,30,92,146,0,268,0,0,0,268
03/21/2004,ASE,CO,ANM,WE,Towers with Radar,30,62,101,0,193,0,9,23,0,32,30,71,124,0,225,11,0,11,236
03/22/2004,ASE,CO,ANM,WE,Towers with Radar,22,30,50,0,102,8,14,6,2,30,30,44,56,2,132,0,0,0,132
03/23/2004,ASE,CO,ANM,WE,Towers with Radar,23,31,52,0,106,9,3,20,0,32,32,34,72,0,138,0,0,0,138
03/24/2004,ASE,CO,ANM,WE,Towers with Radar,23,31,52,0,106,5,18,8,0,31,28,49,60,0,137,0,0,0,137
03/25/2004,ASE,CO,ANM,WE,Towers with Radar,25,32,56,0,113,5,0,23,0,28,30,32,79,0,141,0,0,0,141
03/26/2004,ASE,CO,ANM,WE,Towers with Radar,28,32,64,0,124,0,0,29,0,29,28,32,93,0,153,0,0,0,153
03/27/2004,ASE,CO,ANM,WE,Towers with Radar,26,17,51,0,94,0,0,0,0,0,26,17,51,0,94,0,0,0,94
03/28/2004,ASE,CO,ANM,WE,Towers with Radar,30,39,61,0,130,2,0,0,0,2,32,39,61,0,132,0,2,2,134
03/29/2004,ASE,CO,ANM,WE,Towers with Radar,31,34,70,0,135,1,0,14,0,15,32,34,84,0,150,16,0,16,166
03/30/2004,ASE,CO,ANM,WE,Towers with Radar,21,27,47,0,95,9,0,20,0,29,30,27,67,0,124,8,0,8,132
03/31/2004,ASE,CO,ANM,WE,Towers with Radar,20,20,44,0,84,9,0,48,0,57,29,20,92,0,141,10,0,10,151
04/01/2004,ASE,CO,ANM,WE,Towers with Radar,13,20,33,0,66,17,0,9,0,26,30,20,42,0,92,0,0,0,92
04/02/2004,ASE,CO,ANM,WE,Towers with Radar,13,20,33,0,66,15,0,17,0,32,28,20,50,0,98,8,0,8,106
04/03/2004,ASE,CO,ANM,WE,Towers with Radar,19,30,46,0,95,11,0,21,0,32,30,30,67,0,127,0,0,0,127
04/04/2004,ASE,CO,ANM,WE,Towers with Radar,9,28,35,0,72,0,15,16,0,31,9,43,51,0,103,8,0,8,111
04/05/2004,ASE,CO,ANM,WE,Towers with Radar,9,18,32,0,59,0,0,0,0,0,9,18,32,0,59,0,0,0,59
04/06/2004,ASE,CO,ANM,WE,Towers with Radar,7,19,25,0,51,0,1,14,2,17,7,20,39,2,68,0,0,0,68
04/07/2004,ASE,CO,ANM,WE,Towers with Radar,7,20,25,0,52,0,1,12,0,13,7,21,37,0,65,2,0,2,67
04/08/2004,ASE,CO,ANM,WE,Towers with Radar,6,25,32,0,63,0,9,30,0,39,6,34,62,0,102,8,0,8,110
04/09/2004,ASE,CO,ANM,WE,Towers with Radar,8,13,30,0,51,0,0,8,0,8,8,13,38,0,59,0,0,0,59
04/10/2004,ASE,CO,ANM,WE,Towers with Radar,13,24,30,0,67,4,4,0,0,8,17,28,30,0,75,0,0,0,75
04/11/2004,ASE,CO,ANM,WE,Towers with Radar,10,21,26,0,57,0,3,29,0,32,10,24,55,0,89,10,0,10,99
04/12/2004,ASE,CO,ANM,WE,Towers with Radar,8,26,34,0,68,0,0,20,0,20,8,26,54,0,88,0,0,0,88
04/13/2004,ASE,CO,ANM,WE,Towers with Radar,6,13,17,0,36,0,1,34,0,35,6,14,51,0,71,0,0,0,71
04/14/2004,ASE,CO,ANM,WE,Towers with Radar,6,12,16,0,34,0,6,5,0,11,6,18,21,0,45,2,0,2,47
04/15/2004,ASE,CO,ANM,WE,Towers with Radar,6,15,19,0,40,0,5,4,0,9,6,20,23,0,49,0,0,0,49
04/16/2004,ASE,CO,ANM,WE,Towers with Radar,6,13,17,0,36,0,3,18,0,21,6,16,35,0,57,6,0,6,63
04/17/2004,ASE,CO,ANM,WE,Towers with Radar,6,11,13,0,30,1,5,18,0,24,7,16,31,0,54,0,0,0,54
04/18/2004,ASE,CO,ANM,WE,Towers with Radar,6,12,13,0,31,0,2,2,0,4,6,14,15,0,35,0,0,0,35
04/19/2004,ASE,CO,ANM,WE,Towers with Radar,6,14,16,0,36,0,1,14,0,15,6,15,30,0,51,0,0,0,51
04/20/2004,ASE,CO,ANM,WE,Towers with Radar,6,15,13,0,34,0,4,0,0,4,6,19,13,0,38,0,0,0,38
04/21/2004,ASE,CO,ANM,WE,Towers with Radar,7,7,9,0,23,0,0,0,0,0,7,7,9,0,23,0,0,0,23
04/22/2004,ASE,CO,ANM,WE,Towers with Radar,6,14,16,0,36,0,0,0,0,0,6,14,16,0,36,0,0,0,36
04/23/2004,ASE,CO,ANM,WE,Towers with Radar,6,13,18,0,37,0,0,8,0,8,6,13,26,0,45,0,0,0,45
04/24/2004,ASE,CO,ANM,WE,Towers with Radar,5,11,12,0,28,1,6,14,0,21,6,17,26,0,49,0,0,0,49
04/25/2004,ASE,CO,ANM,WE,Towers with Radar,7,14,15,0,36,0,10,11,0,21,7,24,26,0,57,0,0,0,57
04/26/2004,ASE,CO,ANM,WE,Towers with Radar,5,10,4,0,19,1,3,0,0,4,6,13,4,0,23,18,0,18,41
04/27/2004,ASE,CO,ANM,WE,Towers with Radar,6,11,12,0,29,0,1,27,0,28,6,12,39,0,57,0,0,0,57
04/28/2004,ASE,CO,ANM,WE,Towers with Radar,5,10,12,0,27,0,0,13,0,13,5,10,25,0,40,8,0,8,48
04/29/2004,ASE,CO,ANM,WE,Towers with Radar,6,11,10,0,27,0,0,0,0,0,6,11,10,0,27,0,0,0,27
04/30/2004,ASE,CO,ANM,WE,Towers with Radar,4,7,18,0,29,0,0,10,0,10,4,7,28,0,39,2,0,2,41
05/01/2004,ASE,CO,ANM,WE,Towers with Radar,4,13,11,0,28,4,2,16,0,22,8,15,27,0,50,0,0,0,50
05/02/2004,ASE,CO,ANM,WE,Towers with Radar,4,13,12,0,29,1,4,30,0,35,5,17,42,0,64,0,0,0,64
05/03/2004,ASE,CO,ANM,WE,Towers with Radar,4,13,12,0,29,2,1,25,0,28,6,14,37,0,57,4,0,4,61
05/04/2004,ASE,CO,ANM,WE,Towers with Radar,6,11,14,0,31,0,0,15,0,15,6,11,29,0,46,0,0,0,46
05/05/2004,ASE,CO,ANM,WE,Towers with Radar,4,9,11,0,24,3,0,29,0,32,7,9,40,0,56,6,0,6,62
05/06/2004,ASE,CO,ANM,WE,Towers with Radar,6,15,14,0,35,0,0,13,0,13,6,15,27,0,48,0,0,0,48
05/07/2004,ASE,CO,ANM,WE,Towers with Radar,4,16,20,0,40,0,0,32,0,32,4,16,52,0,72,0,0,0,72
05/08/2004,ASE,CO,ANM,WE,Towers with Radar,5,12,12,0,29,1,0,29,0,30,6,12,41,0,59,0,0,0,59
05/09/2004,ASE,CO,ANM,WE,Towers with Radar,6,15,13,0,34,0,8,18,0,26,6,23,31,0,60,0,0,0,60
05/10/2004,ASE,CO,ANM,WE,Towers with Radar,6,13,16,0,35,0,0,17,0,17,6,13,33,0,52,0,0,0,52
05/11/2004,ASE,CO,ANM,WE,Towers with Radar,4,11,15,0,30,0,0,6,0,6,4,11,21,0,36,0,0,0,36
05/12/2004,ASE,CO,ANM,WE,Towers with Radar,6,11,16,0,33,2,0,0,0,2,8,11,16,0,35,0,0,0,35
05/13/2004,ASE,CO,ANM,WE,Towers with Radar,4,16,18,0,38,0,0,6,0,6,4,16,24,0,44,4,0,4,48
05/14/2004,ASE,CO,ANM,WE,Towers with Radar,7,20,19,0,46,0,2,17,0,19,7,22,36,0,65,2,0,2,67
05/15/2004,ASE,CO,ANM,WE,Towers with Radar,5,13,12,0,30,1,5,25,0,31,6,18,37,0,61,0,0,0,61
05/16/2004,ASE,CO,ANM,WE,Towers with Radar,8,20,18,0,46,1,3,10,2,16,9,23,28,2,62,0,0,0,62
05/17/2004,ASE,CO,ANM,WE,Towers with Radar,5,14,15,0,34,0,0,16,0,16,5,14,31,0,50,0,0,0,50
05/18/2004,ASE,CO,ANM,WE,Towers with Radar,5,10,15,0,30,2,0,11,0,13,7,10,26,0,43,0,0,0,43
05/19/2004,ASE,CO,ANM,WE,Towers with Radar,6,15,15,0,36,0,0,23,0,23,6,15,38,0,59,0,0,0,59
05/20/2004,ASE,CO,ANM,WE,Towers with Radar,6,21,19,0,46,0,0,28,0,28,6,21,47,0,74,0,0,0,74
05/21/2004,ASE,CO,ANM,WE,Towers with Radar,6,23,22,0,51,0,0,35,0,35,6,23,57,0,86,0,0,0,86
05/22/2004,ASE,CO,ANM,WE,Towers with Radar,5,16,13,0,34,1,2,18,2,23,6,18,31,2,57,0,0,0,57
05/23/2004,ASE,CO,ANM,WE,Towers with Radar,6,18,15,0,39,0,5,18,0,23,6,23,33,0,62,0,0,0,62
05/24/2004,ASE,CO,ANM,WE,Towers with Radar,7,18,16,0,41,0,0,46,0,46,7,18,62,0,87,8,0,8,95
05/25/2004,ASE,CO,ANM,WE,Towers with Radar,6,18,14,0,38,4,1,16,0,21,10,19,30,0,59,0,2,2,61
05/26/2004,ASE,CO,ANM,WE,Towers with Radar,6,18,16,0,40,0,0,29,0,29,6,18,45,0,69,0,0,0,69
05/27/2004,ASE,CO,ANM,WE,Towers with Radar,11,31,26,0,68,5,1,20,0,26,16,32,46,0,94,0,0,0,94
05/28/2004,ASE,CO,ANM,WE,Towers with Radar,6,36,31,0,73,0,3,45,0,48,6,39,76,0,121,0,0,0,121
05/29/2004,ASE,CO,ANM,WE,Towers with Radar,6,19,15,0,40,2,7,0,0,9,8,26,15,0,49,0,0,0,49
05/30/2004,ASE,CO,ANM,WE,Towers with Radar,5,17,12,0,34,2,6,0,0,8,7,23,12,0,42,0,0,0,42
05/31/2004,ASE,CO,ANM,WE,Towers with Radar,8,33,29,0,70,0,9,45,0,54,8,42,74,0,124,0,0,0,124
06/01/2004,ASE,CO,ANM,WE,Towers with Radar,6,23,31,0,60,0,2,33,0,35,6,25,64,0,95,0,0,0,95
06/02/2004,ASE,CO,ANM,WE,Towers with Radar,6,22,29,0,57,0,9,6,0,15,6,31,35,0,72,2,0,2,74
06/03/2004,ASE,CO,ANM,WE,Towers with Radar,10,27,41,0,78,2,0,4,0,6,12,27,45,0,84,0,0,0,84
06/04/2004,ASE,CO,ANM,WE,Towers with Radar,9,28,38,0,75,3,0,26,0,29,12,28,64,0,104,0,0,0,104
06/05/2004,ASE,CO,ANM,WE,Towers with Radar,5,20,26,0,51,7,0,36,0,43,12,20,62,0,94,0,0,0,94
06/06/2004,ASE,CO,ANM,WE,Towers with Radar,7,26,34,0,67,2,2,28,0,32,9,28,62,0,99,0,0,0,99
06/07/2004,ASE,CO,ANM,WE,Towers with Radar,9,17,38,0,64,4,0,34,0,38,13,17,72,0,102,2,0,2,104
06/08/2004,ASE,CO,ANM,WE,Towers with Radar,10,28,38,0,76,0,0,17,0,17,10,28,55,0,93,4,0,4,97
06/09/2004,ASE,CO,ANM,WE,Towers with Radar,8,23,38,0,69,0,0,14,0,14,8,23,52,0,83,0,0,0,83
06/10/2004,ASE,CO,ANM,WE,Towers with Radar,11,30,48,0,89,1,0,15,2,18,12,30,63,2,107,0,0,0,107
06/11/2004,ASE,CO,ANM,WE,Towers with Radar,11,32,42,0,85,2,2,23,0,27,13,34,65,0,112,0,0,0,112
06/12/2004,ASE,CO,ANM,WE,Towers with Radar,7,24,33,0,64,5,3,6,0,14,12,27,39,0,78,0,0,0,78
06/13/2004,ASE,CO,ANM,WE,Towers with Radar,11,33,46,0,90,3,3,23,0,29,14,36,69,0,119,2,0,2,121
06/14/2004,ASE,CO,ANM,WE,Towers with Radar,9,24,36,0,69,3,0,35,0,38,12,24,71,0,107,6,0,6,113
06/15/2004,ASE,CO,ANM,WE,Towers with Radar,9,26,38,0,73,3,0,17,0,20,12,26,55,0,93,0,0,0,93
06/16/2004,ASE,CO,ANM,WE,Towers with Radar,11,32,45,0,88,1,0,15,0,16,12,32,60,0,104,0,0,0,104
06/17/2004,ASE,CO,ANM,WE,Towers with Radar,14,57,88,0,159,0,0,39,0,39,14,57,127,0,198,0,0,0,198
06/18/2004,ASE,CO,ANM,WE,Towers with Radar,12,42,58,0,112,0,0,0,0,0,12,42,58,0,112,0,0,0,112
06/19/2004,ASE,CO,ANM,WE,Towers with Radar,9,26,37,0,72,3,5,6,0,14,12,31,43,0,86,0,0,0,86
06/20/2004,ASE,CO,ANM,WE,Towers with Radar,18,69,97,0,184,0,16,52,0,68,18,85,149,0,252,2,0,2,254
06/21/2004,ASE,CO,ANM,WE,Towers with Radar,12,50,69,0,131,0,6,7,0,13,12,56,76,0,144,0,0,0,144
06/22/2004,ASE,CO,ANM,WE,Towers with Radar,12,32,51,0,95,0,0,64,0,64,12,32,115,0,159,0,0,0,159
06/23/2004,ASE,CO,ANM,WE,Towers with Radar,12,36,50,0,98,0,2,48,0,50,12,38,98,0,148,4,0,4,152
06/24/2004,ASE,CO,ANM,WE,Towers with Radar,11,37,52,0,100,0,1,27,2,30,11,38,79,2,130,2,0,2,132
06/25/2004,ASE,CO,ANM,WE,Towers with Radar,14,41,65,0,120,0,0,52,1,53,14,41,117,1,173,4,0,4,177
06/26/2004,ASE,CO,ANM,WE,Towers with Radar,12,34,48,0,94,0,3,38,0,41,12,37,86,0,135,0,0,0,135
06/27/2004,ASE,CO,ANM,WE,Towers with Radar,12,53,76,0,141,0,0,30,0,30,12,53,106,0,171,0,0,0,171
06/28/2004,ASE,CO,ANM,WE,Towers with Radar,11,36,52,0,99,0,0,26,2,28,11,36,78,2,127,0,0,0,127
06/29/2004,ASE,CO,ANM,WE,Towers with Radar,13,40,56,0,109,0,1,14,0,15,13,41,70,0,124,0,0,0,124
06/30/2004,ASE,CO,ANM,WE,Towers with Radar,9,53,72,0,134,0,4,9,0,13,9,57,81,0,147,0,0,0,147
07/01/2004,ASE,CO,ANM,WE,Towers with Radar,13,77,96,1,187,0,19,38,1,58,13,96,134,2,245,14,0,14,259
07/02/2004,ASE,CO,ANM,WE,Towers with Radar,12,85,105,1,203,0,11,38,1,50,12,96,143,2,253,0,0,0,253
07/03/2004,ASE,CO,ANM,WE,Towers with Radar,8,38,51,0,97,4,0,35,0,39,12,38,86,0,136,0,0,0,136
07/04/2004,ASE,CO,ANM,WE,Towers with Radar,4,23,30,1,58,6,0,10,7,23,10,23,40,8,81,0,0,0,81
07/05/2004,ASE,CO,ANM,WE,Towers with Radar,12,82,123,0,217,0,0,38,0,38,12,82,161,0,255,8,0,8,263
07/06/2004,ASE,CO,ANM,WE,Towers with Radar,12,70,92,0,174,0,0,36,0,36,12,70,128,0,210,4,0,4,214
07/07/2004,ASE,CO,ANM,WE,Towers with Radar,10,61,76,0,147,0,4,16,0,20,10,65,92,0,167,20,0,20,187
07/08/2004,ASE,CO,ANM,WE,Towers with Radar,10,51,64,0,125,2,12,21,0,35,12,63,85,0,160,0,0,0,160
07/09/2004,ASE,CO,ANM,WE,Towers with Radar,10,54,73,0,137,0,0,44,0,44,10,54,117,0,181,0,0,0,181
07/10/2004,ASE,CO,ANM,WE,Towers with Radar,9,42,54,0,105,3,2,47,0,52,12,44,101,0,157,0,0,0,157
07/11/2004,ASE,CO,ANM,WE,Towers with Radar,12,58,74,0,144,0,10,38,0,48,12,68,112,0,192,0,0,0,192
07/12/2004,ASE,CO,ANM,WE,Towers with Radar,9,42,54,0,105,3,0,37,0,40,12,42,91,0,145,0,0,0,145
07/13/2004,ASE,CO,ANM,WE,Towers with Radar,10,43,55,0,108,2,1,26,0,29,12,44,81,0,137,0,0,0,137
07/14/2004,ASE,CO,ANM,WE,Towers with Radar,9,65,86,0,160,0,0,20,0,20,9,65,106,0,180,0,0,0,180
07/15/2004,ASE,CO,ANM,WE,Towers with Radar,12,62,79,0,153,0,5,56,2,63,12,67,135,2,216,6,0,6,222
07/16/2004,ASE,CO,ANM,WE,Towers with Radar,13,67,86,0,166,0,3,23,1,27,13,70,109,1,193,0,0,0,193
07/17/2004,ASE,CO,ANM,WE,Towers with Radar,11,56,71,0,138,1,18,21,0,40,12,74,92,0,178,0,0,0,178
07/18/2004,ASE,CO,ANM,WE,Towers with Radar,12,59,75,0,146,0,8,26,0,34,12,67,101,0,180,0,0,0,180
07/19/2004,ASE,CO,ANM,WE,Towers with Radar,11,49,64,0,124,1,0,55,0,56,12,49,119,0,180,0,0,0,180
07/20/2004,ASE,CO,ANM,WE,Towers with Radar,10,44,57,0,111,0,7,4,2,13,10,51,61,2,124,6,0,6,130
07/21/2004,ASE,CO,ANM,WE,Towers with Radar,9,43,57,0,109,3,0,24,0,27,12,43,81,0,136,0,0,0,136
07/22/2004,ASE,CO,ANM,WE,Towers with Radar,9,39,64,0,112,0,0,27,2,29,9,39,91,2,141,2,0,2,143
07/23/2004,ASE,CO,ANM,WE,Towers with Radar,12,53,73,0,138,1,0,22,0,23,13,53,95,0,161,0,0,0,161
07/24/2004,ASE,CO,ANM,WE,Towers with Radar,9,41,55,0,105,3,0,55,0,58,12,41,110,0,163,2,0,2,165
07/25/2004,ASE,CO,ANM,WE,Towers with Radar,12,59,76,0,147,0,3,24,0,27,12,62,100,0,174,0,0,0,174
07/26/2004,ASE,CO,ANM,WE,Towers with Radar,10,41,61,0,112,1,0,22,0,23,11,41,83,0,135,18,0,18,153
07/27/2004,ASE,CO,ANM,WE,Towers with Radar,11,45,64,0,120,4,0,31,0,35,15,45,95,0,155,6,0,6,161
07/28/2004,ASE,CO,ANM,WE,Towers with Radar,11,45,67,0,123,1,0,22,0,23,12,45,89,0,146,1,0,1,147
07/29/2004,ASE,CO,ANM,WE,Towers with Radar,11,52,70,0,133,1,0,34,0,35,12,52,104,0,168,0,0,0,168
07/30/2004,ASE,CO,ANM,WE,Towers with Radar,12,45,73,0,130,0,0,46,0,46,12,45,119,0,176,0,0,0,176
07/31/2004,ASE,CO,ANM,WE,Towers with Radar,12,60,75,0,147,0,9,46,2,57,12,69,121,2,204,0,0,0,204
08/01/2004,ASE,CO,ANM,WE,Towers with Radar,10,76,97,1,184,0,16,54,0,70,10,92,151,1,254,0,0,0,254
08/02/2004,ASE,CO,ANM,WE,Towers with Radar,10,36,66,0,112,4,0,45,0,49,14,36,111,0,161,6,0,6,167
08/03/2004,ASE,CO,ANM,WE,Towers with Radar,11,45,68,0,124,0,0,41,0,41,11,45,109,0,165,0,0,0,165
08/04/2004,ASE,CO,ANM,WE,Towers with Radar,9,51,73,0,133,0,0,64,0,64,9,51,137,0,197,0,0,0,197
08/05/2004,ASE,CO,ANM,WE,Towers with Radar,12,62,91,0,165,0,0,33,0,33,12,62,124,0,198,0,0,0,198
08/06/2004,ASE,CO,ANM,WE,Towers with Radar,12,75,96,0,183,0,2,67,0,69,12,77,163,0,252,4,0,4,256
08/07/2004,ASE,CO,ANM,WE,Towers with Radar,12,63,81,0,156,0,6,31,1,38,12,69,112,1,194,0,0,0,194
08/08/2004,ASE,CO,ANM,WE,Towers with Radar,9,74,94,0,177,0,13,67,1,81,9,87,161,1,258,0,0,0,258
08/09/2004,ASE,CO,ANM,WE,Towers with Radar,11,50,65,0,126,2,8,29,0,39,13,58,94,0,165,2,0,2,167
08/10/2004,ASE,CO,ANM,WE,Towers with Radar,10,37,68,0,115,0,0,69,0,69,10,37,137,0,184,10,0,10,194
08/11/2004,ASE,CO,ANM,WE,Towers with Radar,12,46,75,0,133,0,0,43,0,43,12,46,118,0,176,0,0,0,176
08/12/2004,ASE,CO,ANM,WE,Towers with Radar,12,47,69,0,128,0,0,44,0,44,12,47,113,0,172,12,0,12,184
08/13/2004,ASE,CO,ANM,WE,Towers with Radar,12,54,71,0,137,0,1,44,0,45,12,55,115,0,182,0,0,0,182
08/14/2004,ASE,CO,ANM,WE,Towers with Radar,12,61,81,0,154,0,0,50,0,50,12,61,131,0,204,0,0,0,204
08/15/2004,ASE,CO,ANM,WE,Towers with Radar,12,70,92,0,174,0,5,57,2,64,12,75,149,2,238,2,0,2,240
08/16/2004,ASE,CO,ANM,WE,Towers with Radar,10,46,61,0,117,2,8,39,0,49,12,54,100,0,166,8,0,8,174
08/17/2004,ASE,CO,ANM,WE,Towers with Radar,11,47,62,0,120,1,3,20,0,24,12,50,82,0,144,0,0,0,144
08/18/2004,ASE,CO,ANM,WE,Towers with Radar,11,65,85,0,161,0,6,6,0,12,11,71,91,0,173,0,0,0,173
08/19/2004,ASE,CO,ANM,WE,Towers with Radar,12,56,74,0,142,1,5,0,0,6,13,61,74,0,148,0,0,0,148
08/20/2004,ASE,CO,ANM,WE,Towers with Radar,12,50,73,0,135,0,0,71,0,71,12,50,144,0,206,38,0,38,244
08/21/2004,ASE,CO,ANM,WE,Towers with Radar,11,49,64,0,124,3,10,11,0,24,14,59,75,0,148,4,0,4,152
08/22/2004,ASE,CO,ANM,WE,Towers with Radar,12,62,81,0,155,0,3,32,0,35,12,65,113,0,190,0,0,0,190
08/23/2004,ASE,CO,ANM,WE,Towers with Radar,10,48,63,0,121,2,0,32,2,36,12,48,95,2,157,24,0,24,181
08/24/2004,ASE,CO,ANM,WE,Towers with Radar,10,45,60,0,115,2,1,44,0,47,12,46,104,0,162,10,0,10,172
08/25/2004,ASE,CO,ANM,WE,Towers with Radar,9,43,58,0,110,3,0,23,0,26,12,43,81,0,136,4,0,4,140
08/26/2004,ASE,CO,ANM,WE,Towers with Radar,11,46,64,0,121,2,0,37,0,39,13,46,101,0,160,0,0,0,160
08/27/2004,ASE,CO,ANM,WE,Towers with Radar,11,39,61,0,111,1,0,18,0,19,12,39,79,0,130,0,0,0,130
08/28/2004,ASE,CO,ANM,WE,Towers with Radar,10,44,56,0,110,2,7,25,0,34,12,51,81,0,144,8,0,8,152
08/29/2004,ASE,CO,ANM,WE,Towers with Radar,12,54,68,0,134,0,4,63,0,67,12,58,131,0,201,0,0,0,201
08/30/2004,ASE,CO,ANM,WE,Towers with Radar,9,42,55,0,106,3,0,5,0,8,12,42,60,0,114,0,0,0,114
08/31/2004,ASE,CO,ANM,WE,Towers with Radar,9,38,48,0,95,0,6,29,0,35,9,44,77,0,130,0,0,0,130
09/01/2004,ASE,CO,ANM,WE,Towers with Radar,6,28,42,0,76,6,0,53,0,59,12,28,95,0,135,4,0,4,139
09/02/2004,ASE,CO,ANM,WE,Towers with Radar,12,50,68,0,130,1,17,24,0,42,13,67,92,0,172,6,0,6,178
09/03/2004,ASE,CO,ANM,WE,Towers with Radar,12,57,77,0,146,0,0,56,0,56,12,57,133,0,202,0,0,0,202
09/04/2004,ASE,CO,ANM,WE,Towers with Radar,8,32,45,0,85,3,0,5,0,8,11,32,50,0,93,18,0,18,111
09/05/2004,ASE,CO,ANM,WE,Towers with Radar,8,29,39,0,76,4,0,33,0,37,12,29,72,0,113,12,0,12,125
09/06/2004,ASE,CO,ANM,WE,Towers with Radar,12,71,95,0,178,0,14,112,2,128,12,85,207,2,306,10,0,10,316
09/07/2004,ASE,CO,ANM,WE,Towers with Radar,12,44,61,0,117,0,9,60,0,69,12,53,121,0,186,0,0,0,186
09/08/2004,ASE,CO,ANM,WE,Towers with Radar,4,32,45,0,81,0,2,23,0,25,4,34,68,0,106,2,0,2,108
09/09/2004,ASE,CO,ANM,WE,Towers with Radar,8,29,40,0,77,0,2,31,0,33,8,31,71,0,110,6,0,6,116
09/10/2004,ASE,CO,ANM,WE,Towers with Radar,8,25,45,0,78,0,0,4,0,4,8,25,49,0,82,4,0,4,86
09/11/2004,ASE,CO,ANM,WE,Towers with Radar,5,21,30,0,56,3,0,34,0,37,8,21,64,0,93,30,0,30,123
09/12/2004,ASE,CO,ANM,WE,Towers with Radar,8,28,39,0,75,0,5,36,0,41,8,33,75,0,116,0,0,0,116
09/13/2004,ASE,CO,ANM,WE,Towers with Radar,7,21,37,0,65,1,0,36,0,37,8,21,73,0,102,0,0,0,102
09/14/2004,ASE,CO,ANM,WE,Towers with Radar,6,24,34,0,64,2,2,10,2,16,8,26,44,2,80,0,0,0,80
09/15/2004,ASE,CO,ANM,WE,Towers with Radar,8,30,42,0,80,0,2,41,0,43,8,32,83,0,123,28,0,28,151
09/16/2004,ASE,CO,ANM,WE,Towers with Radar,8,29,46,0,83,0,0,35,0,35,8,29,81,0,118,6,0,6,124
09/17/2004,ASE,CO,ANM,WE,Towers with Radar,8,45,62,0,115,0,9,61,0,70,8,54,123,0,185,20,0,20,205
09/18/2004,ASE,CO,ANM,WE,Towers with Radar,8,28,39,0,75,0,6,38,0,44,8,34,77,0,119,6,0,6,125
09/19/2004,ASE,CO,ANM,WE,Towers with Radar,9,25,49,0,83,1,0,15,0,16,10,25,64,0,99,0,0,0,99
09/20/2004,ASE,CO,ANM,WE,Towers with Radar,8,32,46,0,86,0,0,16,2,18,8,32,62,2,104,0,0,0,104
09/21/2004,ASE,CO,ANM,WE,Towers with Radar,2,0,6,0,8,2,0,0,0,2,4,0,6,0,10,0,0,0,10
09/22/2004,ASE,CO,ANM,WE,Towers with Radar,8,18,40,0,66,0,0,0,0,0,8,18,40,0,66,8,0,8,74
09/23/2004,ASE,CO,ANM,WE,Towers with Radar,8,24,39,0,71,0,0,18,0,18,8,24,57,0,89,14,0,14,103
09/24/2004,ASE,CO,ANM,WE,Towers with Radar,8,38,52,0,98,0,0,47,0,47,8,38,99,0,145,4,0,4,149
09/25/2004,ASE,CO,ANM,WE,Towers with Radar,5,21,28,0,54,3,0,48,0,51,8,21,76,0,105,16,0,16,121
09/26/2004,ASE,CO,ANM,WE,Towers with Radar,8,35,47,0,90,0,12,57,0,69,8,47,104,0,159,6,0,6,165
09/27/2004,ASE,CO,ANM,WE,Towers with Radar,8,28,52,0,88,0,0,21,0,21,8,28,73,0,109,6,0,6,115
09/28/2004,ASE,CO,ANM,WE,Towers with Radar,7,26,34,0,67,1,3,37,0,41,8,29,71,0,108,0,0,0,108
09/29/2004,ASE,CO,ANM,WE,Towers with Radar,8,30,40,0,78,0,4,41,0,45,8,34,81,0,123,28,0,28,151
09/30/2004,ASE,CO,ANM,WE,Towers with Radar,9,45,65,0,119,0,0,23,0,23,9,45,88,0,142,4,0,4,146
10/01/2004,ASE,CO,ANM,WE,Towers with Radar,8,30,51,0,89,0,0,18,0,18,8,30,69,0,107,0,0,0,107
10/02/2004,ASE,CO,ANM,WE,Towers with Radar,8,26,42,0,76,0,0,29,0,29,8,26,71,0,105,26,0,26,131
10/03/2004,ASE,CO,ANM,WE,Towers with Radar,8,48,65,0,121,0,0,20,0,20,8,48,85,0,141,0,0,0,141
10/04/2004,ASE,CO,ANM,WE,Towers with Radar,6,28,39,0,73,0,0,23,0,23,6,28,62,0,96,0,0,0,96
10/05/2004,ASE,CO,ANM,WE,Towers with Radar,4,26,22,0,52,0,0,10,0,10,4,26,32,0,62,0,0,0,62
10/06/2004,ASE,CO,ANM,WE,Towers with Radar,0,0,0,0,0,0,0,0,0,0,0,0,0,0,0,0,0,0,0
10/07/2004,ASE,CO,ANM,WE,Towers with Radar,4,27,47,0,78,0,5,33,0,38,4,32,80,0,116,20,0,20,136
10/08/2004,ASE,CO,ANM,WE,Towers with Radar,6,25,33,0,64,0,0,53,0,53,6,25,86,0,117,0,0,0,117
10/09/2004,ASE,CO,ANM,WE,Towers with Radar,6,20,23,0,49,0,0,25,0,25,6,20,48,0,74,0,0,0,74
10/10/2004,ASE,CO,ANM,WE,Towers with Radar,5,24,52,0,81,0,0,10,0,10,5,24,62,0,91,0,0,0,91
10/11/2004,ASE,CO,ANM,WE,Towers with Radar,7,26,29,0,62,0,0,13,0,13,7,26,42,0,75,26,0,26,101
10/12/2004,ASE,CO,ANM,WE,Towers with Radar,6,18,13,0,37,0,0,19,0,19,6,18,32,0,56,20,0,20,76
10/13/2004,ASE,CO,ANM,WE,Towers with Radar,6,16,21,0,43,0,3,28,0,31,6,19,49,0,74,0,0,0,74
10/14/2004,ASE,CO,ANM,WE,Towers with Radar,6,22,29,0,57,0,0,50,0,50,6,22,79,0,107,8,0,8,115
10/15/2004,ASE,CO,ANM,WE,Towers with Radar,7,18,26,0,51,0,0,33,0,33,7,18,59,0,84,30,0,30,114
10/16/2004,ASE,CO,ANM,WE,Towers with Radar,6,11,27,0,44,0,0,26,0,26,6,11,53,0,70,8,0,8,78
10/17/2004,ASE,CO,ANM,WE,Towers with Radar,6,17,32,0,55,0,0,14,0,14,6,17,46,0,69,8,0,8,77
10/18/2004,ASE,CO,ANM,WE,Towers with Radar,8,16,25,0,49,0,0,0,0,0,8,16,25,0,49,0,0,0,49
10/19/2004,ASE,CO,ANM,WE,Towers with Radar,7,13,12,0,32,0,0,0,0,0,7,13,12,0,32,0,0,0,32
10/20/2004,ASE,CO,ANM,WE,Towers with Radar,6,22,10,0,38,0,0,9,0,9,6,22,19,0,47,0,0,0,47
10/21/2004,ASE,CO,ANM,WE,Towers with Radar,6,14,18,0,38,0,6,4,0,10,6,20,22,0,48,0,0,0,48
10/22/2004,ASE,CO,ANM,WE,Towers with Radar,2,14,16,0,32,0,0,0,0,0,2,14,16,0,32,0,0,0,32
10/23/2004,ASE,CO,ANM,WE,Towers with Radar,8,11,26,0,45,0,0,28,0,28,8,11,54,0,73,8,0,8,81
10/24/2004,ASE,CO,ANM,WE,Towers with Radar,6,18,24,0,48,0,0,4,0,4,6,18,28,0,52,0,0,0,52
10/25/2004,ASE,CO,ANM,WE,Towers with Radar,6,18,24,0,48,0,0,5,0,5,6,18,29,0,53,0,0,0,53
10/26/2004,ASE,CO,ANM,WE,Towers with Radar,6,14,19,0,39,0,0,22,0,22,6,14,41,0,61,0,0,0,61
10/27/2004,ASE,CO,ANM,WE,Towers with Radar,6,13,11,0,30,0,0,15,0,15,6,13,26,0,45,8,0,8,53
10/28/2004,ASE,CO,ANM,WE,Towers with Radar,5,20,8,0,33,0,4,6,0,10,5,24,14,0,43,0,0,0,43
10/29/2004,ASE,CO,ANM,WE,Towers with Radar,5,14,15,0,34,0,0,3,0,3,5,14,18,0,37,0,0,0,37
10/30/2004,ASE,CO,ANM,WE,Towers with Radar,6,13,14,0,33,0,0,12,0,12,6,13,26,0,45,0,0,0,45
10/31/2004,ASE,CO,ANM,WE,Towers with Radar,2,15,17,0,34,0,1,0,0,1,2,16,17,0,35,0,0,0,35
11/01/2004,ASE,CO,ANM,WE,Combined TRACON& Tower with Radar,8,12,24,0,44,0,0,8,0,8,8,12,32,0,52,6,0,6,58
11/02/2004,ASE,CO,ANM,WE,Combined TRACON& Tower with Radar,7,14,23,0,44,0,0,35,0,35,7,14,58,0,79,24,0,24,103
11/03/2004,ASE,CO,ANM,WE,Combined TRACON& Tower with Radar,6,15,12,0,33,0,0,31,0,31,6,15,43,0,64,48,0,48,112
11/04/2004,ASE,CO,ANM,WE,Combined TRACON& Tower with Radar,6,14,20,0,40,0,4,45,1,50,6,18,65,1,90,22,0,22,112
11/05/2004,ASE,CO,ANM,WE,Combined TRACON& Tower with Radar,6,12,24,0,42,0,11,27,1,39,6,23,51,1,81,24,0,24,105
11/06/2004,ASE,CO,ANM,WE,Combined TRACON& Tower with Radar,10,7,16,0,33,0,0,25,2,27,10,7,41,2,60,26,0,26,86
11/07/2004,ASE,CO,ANM,WE,Combined TRACON& Tower with Radar,6,17,15,0,38,0,0,19,0,19,6,17,34,0,57,0,0,0,57
11/08/2004,ASE,CO,ANM,WE,Combined TRACON& Tower with Radar,6,16,18,0,40,0,0,21,0,21,6,16,39,0,61,10,0,10,71
11/09/2004,ASE,CO,ANM,WE,Combined TRACON& Tower with Radar,6,6,8,0,20,0,0,0,0,0,6,6,8,0,20,0,0,0,20
11/10/2004,ASE,CO,ANM,WE,Combined TRACON& Tower with Radar,6,12,7,0,25,0,1,9,0,10,6,13,16,0,35,0,0,0,35
11/11/2004,ASE,CO,ANM,WE,Combined TRACON& Tower with Radar,6,14,15,0,35,0,0,9,0,9,6,14,24,0,44,0,0,0,44
11/12/2004,ASE,CO,ANM,WE,Combined TRACON& Tower with Radar,6,20,21,0,47,0,0,9,0,9,6,20,30,0,56,0,0,0,56
11/13/2004,ASE,CO,ANM,WE,Combined TRACON& Tower with Radar,10,8,11,0,29,0,0,2,0,2,10,8,13,0,31,0,0,0,31
11/14/2004,ASE,CO,ANM,WE,Combined TRACON& Tower with Radar,6,14,18,0,38,0,0,7,1,8,6,14,25,1,46,0,0,0,46
11/15/2004,ASE,CO,ANM,WE,Combined TRACON& Tower with Radar,6,18,29,0,53,0,0,22,0,22,6,18,51,0,75,10,0,10,85
11/16/2004,ASE,CO,ANM,WE,Combined TRACON& Tower with Radar,6,16,17,0,39,0,0,29,0,29,6,16,46,0,68,16,0,16,84
11/17/2004,ASE,CO,ANM,WE,Combined TRACON& Tower with Radar,6,16,22,0,44,0,0,23,0,23,6,16,45,0,67,0,0,0,67
11/18/2004,ASE,CO,ANM,WE,Combined TRACON& Tower with Radar,6,11,15,0,32,0,0,15,0,15,6,11,30,0,47,0,0,0,47
11/19/2004,ASE,CO,ANM,WE,Combined TRACON& Tower with Radar,6,24,20,0,50,0,0,30,0,30,6,24,50,0,80,24,0,24,104
11/20/2004,ASE,CO,ANM,WE,Combined TRACON& Tower with Radar,0,0,0,0,0,0,0,0,0,0,0,0,0,0,0,0,0,0,0
11/21/2004,ASE,CO,ANM,WE,Combined TRACON& Tower with Radar,6,18,21,0,45,0,0,6,0,6,6,18,27,0,51,10,0,10,61
11/22/2004,ASE,CO,ANM,WE,Combined TRACON& Tower with Radar,6,26,39,0,71,0,0,13,0,13,6,26,52,0,84,4,0,4,88
11/23/2004,ASE,CO,ANM,WE,Combined TRACON& Tower with Radar,5,37,66,0,108,0,0,6,0,6,5,37,72,0,114,0,0,0,114
11/24/2004,ASE,CO,ANM,WE,Combined TRACON& Tower with Radar,8,54,113,0,175,0,0,20,0,20,8,54,133,0,195,6,0,6,201
11/25/2004,ASE,CO,ANM,WE,Combined TRACON& Tower with Radar,6,19,11,0,36,0,0,9,0,9,6,19,20,0,45,0,0,0,45
11/26/2004,ASE,CO,ANM,WE,Combined TRACON& Tower with Radar,4,8,12,0,24,0,0,2,0,2,4,8,14,0,26,0,0,0,26
11/27/2004,ASE,CO,ANM,WE,Combined TRACON& Tower with Radar,3,21,35,0,59,0,0,0,0,0,3,21,35,0,59,0,0,0,59
11/28/2004,ASE,CO,ANM,WE,Combined TRACON& Tower with Radar,3,5,50,0,58,0,0,0,0,0,3,5,50,0,58,0,0,0,58
11/29/2004,ASE,CO,ANM,WE,Combined TRACON& Tower with Radar,6,76,67,0,149,0,0,7,0,7,6,76,74,0,156,4,0,4,160
11/30/2004,ASE,CO,ANM,WE,Combined TRACON& Tower with Radar,7,28,33,0,68,0,0,16,0,16,7,28,49,0,84,0,0,0,84
12/01/2004,ASE,CO,ANM,WE,Combined TRACON& Tower with Radar,10,28,38,0,76,0,0,28,0,28,10,28,66,0,104,18,0,18,122
12/02/2004,ASE,CO,ANM,WE,Combined TRACON& Tower with Radar,10,27,22,0,59,0,0,33,0,33,10,27,55,0,92,0,0,0,92
12/03/2004,ASE,CO,ANM,WE,Combined TRACON& Tower with Radar,10,29,30,0,69,0,0,33,0,33,10,29,63,0,102,0,0,0,102
12/04/2004,ASE,CO,ANM,WE,Combined TRACON& Tower with Radar,14,8,20,0,42,0,0,39,0,39,14,8,59,0,81,8,0,8,89
12/05/2004,ASE,CO,ANM,WE,Combined TRACON& Tower with Radar,10,20,34,0,64,0,0,18,0,18,10,20,52,0,82,0,0,0,82
12/06/2004,ASE,CO,ANM,WE,Combined TRACON& Tower with Radar,12,28,30,0,70,0,0,10,0,10,12,28,40,0,80,4,0,4,84
12/07/2004,ASE,CO,ANM,WE,Combined TRACON& Tower with Radar,10,22,24,0,56,0,0,11,0,11,10,22,35,0,67,0,0,0,67
12/08/2004,ASE,CO,ANM,WE,Combined TRACON& Tower with Radar,12,21,12,0,45,0,0,3,0,3,12,21,15,0,48,0,0,0,48
12/09/2004,ASE,CO,ANM,WE,Combined TRACON& Tower with Radar,12,18,21,0,51,0,0,0,0,0,12,18,21,0,51,0,0,0,51
12/10/2004,ASE,CO,ANM,WE,Combined TRACON& Tower with Radar,10,24,25,0,59,0,0,31,0,31,10,24,56,0,90,0,0,0,90
12/11/2004,ASE,CO,ANM,WE,Combined TRACON& Tower with Radar,14,13,12,0,39,0,0,21,0,21,14,13,33,0,60,6,0,6,66
12/12/2004,ASE,CO,ANM,WE,Combined TRACON& Tower with Radar,10,40,31,0,81,0,0,23,0,23,10,40,54,0,104,4,0,4,108
12/13/2004,ASE,CO,ANM,WE,Combined TRACON& Tower with Radar,10,23,24,0,57,0,1,18,0,19,10,24,42,0,76,0,0,0,76
12/14/2004,ASE,CO,ANM,WE,Combined TRACON& Tower with Radar,11,19,18,0,48,0,0,43,0,43,11,19,61,0,91,0,0,0,91
12/15/2004,ASE,CO,ANM,WE,Combined TRACON& Tower with Radar,14,25,37,0,76,0,0,4,0,4,14,25,41,0,80,0,0,0,80
12/16/2004,ASE,CO,ANM,WE,Combined TRACON& Tower with Radar,25,27,44,0,96,0,0,20,0,20,25,27,64,0,116,0,0,0,116
12/17/2004,ASE,CO,ANM,WE,Combined TRACON& Tower with Radar,24,75,78,0,177,0,0,33,0,33,24,75,111,0,210,2,0,2,212
12/18/2004,ASE,CO,ANM,WE,Combined TRACON& Tower with Radar,32,83,121,0,236,0,0,30,1,31,32,83,151,1,267,6,0,6,273
12/19/2004,ASE,CO,ANM,WE,Combined TRACON& Tower with Radar,27,61,74,0,162,0,0,24,0,24,27,61,98,0,186,4,0,4,190
12/20/2004,ASE,CO,ANM,WE,Combined TRACON& Tower with Radar,24,48,107,0,179,0,0,15,0,15,24,48,122,0,194,6,0,6,200
12/21/2004,ASE,CO,ANM,WE,Combined TRACON& Tower with Radar,24,44,66,0,134,0,1,11,0,12,24,45,77,0,146,0,0,0,146
12/22/2004,ASE,CO,ANM,WE,Combined TRACON& Tower with Radar,17,43,67,0,127,0,0,17,0,17,17,43,84,0,144,0,0,0,144
12/23/2004,ASE,CO,ANM,WE,Combined TRACON& Tower with Radar,23,47,107,0,177,0,0,14,0,14,23,47,121,0,191,0,0,0,191
12/24/2004,ASE,CO,ANM,WE,Combined TRACON& Tower with Radar,24,60,55,0,139,0,0,26,0,26,24,60,81,0,165,0,0,0,165
12/25/2004,ASE,CO,ANM,WE,Combined TRACON& Tower with Radar,32,60,43,0,135,0,0,29,0,29,32,60,72,0,164,0,0,0,164
12/26/2004,ASE,CO,ANM,WE,Combined TRACON& Tower with Radar,27,90,171,0,288,0,0,22,1,23,27,90,193,1,311,0,0,0,311
12/27/2004,ASE,CO,ANM,WE,Combined TRACON& Tower with Radar,26,71,148,0,245,0,0,20,0,20,26,71,168,0,265,0,0,0,265
12/28/2004,ASE,CO,ANM,WE,Combined TRACON& Tower with Radar,24,54,83,0,161,0,0,19,0,19,24,54,102,0,180,8,0,8,188
12/29/2004,ASE,CO,ANM,WE,Combined TRACON& Tower with Radar,26,24,41,0,91,0,0,0,0,0,26,24,41,0,91,0,0,0,91
12/30/2004,ASE,CO,ANM,WE,Combined TRACON& Tower with Radar,23,38,69,0,130,0,0,4,0,4,23,38,73,0,134,1,0,1,135
12/31/2004,ASE,CO,ANM,WE,Combined TRACON& Tower with Radar,24,42,69,0,135,0,0,11,0,11,24,42,80,0,146,0,0,0,146
01/01/2005,ASE,CO,ANM,WE,Combined TRACON& Tower with Radar,30,57,106,0,193,0,0,0,0,0,30,57,106,0,193,0,0,0,193
01/02/2005,ASE,CO,ANM,WE,Combined TRACON& Tower with Radar,26,76,213,0,315,0,0,22,0,22,26,76,235,0,337,0,0,0,337
01/03/2005,ASE,CO,ANM,WE,Combined TRACON& Tower with Radar,24,76,114,0,214,0,0,15,0,15,24,76,129,0,229,8,0,8,237
01/04/2005,ASE,CO,ANM,WE,Combined TRACON& Tower with Radar,12,30,26,0,68,0,0,0,0,0,12,30,26,0,68,0,0,0,68
01/05/2005,ASE,CO,ANM,WE,Combined TRACON& Tower with Radar,14,23,20,0,57,0,2,2,0,4,14,25,22,0,61,0,0,0,61
01/06/2005,ASE,CO,ANM,WE,Combined TRACON& Tower with Radar,23,33,38,0,94,0,0,6,0,6,23,33,44,0,100,0,0,0,100
01/07/2005,ASE,CO,ANM,WE,Combined TRACON& Tower with Radar,23,38,48,0,109,0,0,12,0,12,23,38,60,0,121,2,0,2,123
01/08/2005,ASE,CO,ANM,WE,Combined TRACON& Tower with Radar,20,21,12,0,53,0,0,0,0,0,20,21,12,0,53,0,0,0,53
01/09/2005,ASE,CO,ANM,WE,Combined TRACON& Tower with Radar,28,23,40,0,91,0,0,0,0,0,28,23,40,0,91,0,0,0,91
01/10/2005,ASE,CO,ANM,WE,Combined TRACON& Tower with Radar,22,11,20,0,53,0,0,0,0,0,22,11,20,0,53,0,0,0,53
01/11/2005,ASE,CO,ANM,WE,Combined TRACON& Tower with Radar,14,3,18,0,35,0,0,0,0,0,14,3,18,0,35,0,0,0,35
01/12/2005,ASE,CO,ANM,WE,Combined TRACON& Tower with Radar,18,25,20,0,63,0,2,2,0,4,18,27,22,0,67,0,0,0,67
01/13/2005,ASE,CO,ANM,WE,Combined TRACON& Tower with Radar,23,30,65,0,118,0,0,31,0,31,23,30,96,0,149,14,0,14,163
01/14/2005,ASE,CO,ANM,WE,Combined TRACON& Tower with Radar,22,38,67,0,127,0,0,8,1,9,22,38,75,1,136,0,0,0,136
01/15/2005,ASE,CO,ANM,WE,Combined TRACON& Tower with Radar,32,0,23,0,55,0,0,0,50,50,32,0,23,50,105,0,0,0,105
01/16/2005,ASE,CO,ANM,WE,Combined TRACON& Tower with Radar,24,36,47,0,107,0,0,6,0,6,24,36,53,0,113,0,0,0,113
01/17/2005,ASE,CO,ANM,WE,Combined TRACON& Tower with Radar,23,42,97,0,162,0,0,0,0,0,23,42,97,0,162,6,0,6,168
01/18/2005,ASE,CO,ANM,WE,Combined TRACON& Tower with Radar,23,13,23,0,59,0,0,19,0,19,23,13,42,0,78,0,0,0,78
01/19/2005,ASE,CO,ANM,WE,Combined TRACON& Tower with Radar,23,22,31,0,76,0,2,30,0,32,23,24,61,0,108,0,0,0,108
01/20/2005,ASE,CO,ANM,WE,Combined TRACON& Tower with Radar,20,22,25,0,67,0,0,26,0,26,20,22,51,0,93,16,0,16,109
01/21/2005,ASE,CO,ANM,WE,Combined TRACON& Tower with Radar,22,30,32,0,84,0,0,38,0,38,22,30,70,0,122,14,0,14,136
01/22/2005,ASE,CO,ANM,WE,Combined TRACON& Tower with Radar,32,26,25,0,83,0,0,42,0,42,32,26,67,0,125,34,0,34,159
01/23/2005,ASE,CO,ANM,WE,Combined TRACON& Tower with Radar,26,49,25,0,100,0,0,34,0,34,26,49,59,0,134,18,0,18,152
01/24/2005,ASE,CO,ANM,WE,Combined TRACON& Tower with Radar,24,25,24,0,73,0,1,38,0,39,24,26,62,0,112,0,0,0,112
01/25/2005,ASE,CO,ANM,WE,Combined TRACON& Tower with Radar,24,30,39,0,93,0,0,43,0,43,24,30,82,0,136,8,0,8,144
01/26/2005,ASE,CO,ANM,WE,Combined TRACON& Tower with Radar,23,24,24,0,71,0,0,27,0,27,23,24,51,0,98,8,0,8,106
01/27/2005,ASE,CO,ANM,WE,Combined TRACON& Tower with Radar,24,29,40,0,93,0,0,4,0,4,24,29,44,0,97,0,0,0,97
01/28/2005,ASE,CO,ANM,WE,Combined TRACON& Tower with Radar,25,35,45,0,105,0,0,5,0,5,25,35,50,0,110,0,0,0,110
01/29/2005,ASE,CO,ANM,WE,Combined TRACON& Tower with Radar,33,23,42,0,98,0,0,6,0,6,33,23,48,0,104,30,0,30,134
01/30/2005,ASE,CO,ANM,WE,Combined TRACON& Tower with Radar,29,40,73,0,142,0,0,1,0,1,29,40,74,0,143,0,0,0,143
01/31/2005,ASE,CO,ANM,WE,Combined TRACON& Tower with Radar,18,17,22,0,57,0,0,0,0,0,18,17,22,0,57,0,0,0,57
02/01/2005,ASE,CO,ANM,WE,Combined TRACON& Tower with Radar,28,28,29,0,85,0,0,11,0,11,28,28,40,0,96,0,0,0,96
02/02/2005,ASE,CO,ANM,WE,Combined TRACON& Tower with Radar,26,41,20,0,87,0,2,37,0,39,26,43,57,0,126,0,0,0,126
02/03/2005,ASE,CO,ANM,WE,Combined TRACON& Tower with Radar,24,37,44,0,105,0,0,37,0,37,24,37,81,0,142,0,0,0,142
02/04/2005,ASE,CO,ANM,WE,Combined TRACON& Tower with Radar,28,34,59,0,121,0,0,33,0,33,28,34,92,0,154,0,0,0,154
02/05/2005,ASE,CO,ANM,WE,Combined TRACON& Tower with Radar,32,34,44,0,110,0,0,21,0,21,32,34,65,0,131,16,0,16,147
02/06/2005,ASE,CO,ANM,WE,Combined TRACON& Tower with Radar,28,50,42,0,120,0,0,25,0,25,28,50,67,0,145,8,0,8,153
02/07/2005,ASE,CO,ANM,WE,Combined TRACON& Tower with Radar,23,24,39,0,86,0,0,0,0,0,23,24,39,0,86,0,0,0,86
02/08/2005,ASE,CO,ANM,WE,Combined TRACON& Tower with Radar,28,46,24,0,98,0,0,2,0,2,28,46,26,0,100,0,0,0,100
02/09/2005,ASE,CO,ANM,WE,Combined TRACON& Tower with Radar,29,50,51,0,130,0,0,13,0,13,29,50,64,0,143,12,0,12,155
02/10/2005,ASE,CO,ANM,WE,Combined TRACON& Tower with Radar,25,30,53,0,108,0,0,35,0,35,25,30,88,0,143,8,0,8,151
02/11/2005,ASE,CO,ANM,WE,Combined TRACON& Tower with Radar,25,39,65,0,129,0,0,15,0,15,25,39,80,0,144,0,0,0,144
02/12/2005,ASE,CO,ANM,WE,Combined TRACON& Tower with Radar,23,27,52,0,102,0,0,3,0,3,23,27,55,0,105,4,0,4,109
02/13/2005,ASE,CO,ANM,WE,Combined TRACON& Tower with Radar,35,79,68,0,182,0,0,6,0,6,35,79,74,0,188,0,0,0,188
02/14/2005,ASE,CO,ANM,WE,Combined TRACON& Tower with Radar,28,23,48,0,99,0,0,7,0,7,28,23,55,0,106,0,0,0,106
02/15/2005,ASE,CO,ANM,WE,Combined TRACON& Tower with Radar,17,17,31,0,65,0,0,1,0,1,17,17,32,0,66,0,0,0,66
02/16/2005,ASE,CO,ANM,WE,Combined TRACON& Tower with Radar,6,7,7,0,20,0,0,0,0,0,6,7,7,0,20,0,0,0,20
02/17/2005,ASE,CO,ANM,WE,Combined TRACON& Tower with Radar,34,51,106,0,191,0,0,37,1,38,34,51,143,1,229,6,0,6,235
02/18/2005,ASE,CO,ANM,WE,Combined TRACON& Tower with Radar,24,85,136,0,245,0,0,24,0,24,24,85,160,0,269,0,0,0,269
02/19/2005,ASE,CO,ANM,WE,Combined TRACON& Tower with Radar,33,47,43,0,123,0,0,0,0,0,33,47,43,0,123,0,0,0,123
02/20/2005,ASE,CO,ANM,WE,Combined TRACON& Tower with Radar,18,35,49,0,102,0,0,0,0,0,18,35,49,0,102,0,0,0,102
02/21/2005,ASE,CO,ANM,WE,Combined TRACON& Tower with Radar,27,66,143,0,236,0,0,0,0,0,27,66,143,0,236,0,0,0,236
02/22/2005,ASE,CO,ANM,WE,Combined TRACON& Tower with Radar,26,68,75,0,169,0,0,3,0,3,26,68,78,0,172,0,0,0,172
02/23/2005,ASE,CO,ANM,WE,Combined TRACON& Tower with Radar,25,27,51,0,103,0,0,0,0,0,25,27,51,0,103,2,0,2,105
02/24/2005,ASE,CO,ANM,WE,Combined TRACON& Tower with Radar,26,25,53,0,104,0,0,44,2,46,26,25,97,2,150,0,0,0,150
02/25/2005,ASE,CO,ANM,WE,Combined TRACON& Tower with Radar,22,53,75,0,150,0,2,13,1,16,22,55,88,1,166,0,0,0,166
02/26/2005,ASE,CO,ANM,WE,Combined TRACON& Tower with Radar,31,28,66,0,125,94,0,0,0,94,125,28,66,0,219,0,0,0,219
02/27/2005,ASE,CO,ANM,WE,Combined TRACON& Tower with Radar,27,70,86,0,183,0,0,18,0,18,27,70,104,0,201,0,0,0,201
02/28/2005,ASE,CO,ANM,WE,Combined TRACON& Tower with Radar,25,42,46,0,113,0,0,30,0,30,25,42,76,0,143,6,0,6,149
03/01/2005,ASE,CO,ANM,WE,Combined TRACON& Tower with Radar,25,29,28,0,82,0,0,2,0,2,25,29,30,0,84,0,0,0,84
03/02/2005,ASE,CO,ANM,WE,Combined TRACON& Tower with Radar,25,32,53,0,110,0,2,31,0,33,25,34,84,0,143,8,0,8,151
03/03/2005,ASE,CO,ANM,WE,Combined TRACON& Tower with Radar,28,36,50,0,114,0,0,12,2,14,28,36,62,2,128,4,0,4,132
03/04/2005,ASE,CO,ANM,WE,Combined TRACON& Tower with Radar,25,47,71,0,143,0,0,28,0,28,25,47,99,0,171,0,0,0,171
03/05/2005,ASE,CO,ANM,WE,Combined TRACON& Tower with Radar,34,47,55,0,136,0,0,17,0,17,34,47,72,0,153,0,0,0,153
03/06/2005,ASE,CO,ANM,WE,Combined TRACON& Tower with Radar,27,66,96,0,189,0,0,21,0,21,27,66,117,0,210,6,0,6,216
03/07/2005,ASE,CO,ANM,WE,Combined TRACON& Tower with Radar,26,53,33,0,112,0,0,30,0,30,26,53,63,0,142,0,0,0,142
03/08/2005,ASE,CO,ANM,WE,Combined TRACON& Tower with Radar,26,28,37,0,91,0,0,17,0,17,26,28,54,0,108,4,0,4,112
03/09/2005,ASE,CO,ANM,WE,Combined TRACON& Tower with Radar,26,53,61,0,140,0,0,20,0,20,26,53,81,0,160,2,0,2,162
03/10/2005,ASE,CO,ANM,WE,Combined TRACON& Tower with Radar,26,45,73,0,144,0,0,28,0,28,26,45,101,0,172,0,0,0,172
03/11/2005,ASE,CO,ANM,WE,Combined TRACON& Tower with Radar,21,56,68,0,145,0,0,22,0,22,21,56,90,0,167,0,0,0,167
03/12/2005,ASE,CO,ANM,WE,Combined TRACON& Tower with Radar,34,69,95,0,198,0,0,36,0,36,34,69,131,0,234,0,0,0,234
03/13/2005,ASE,CO,ANM,WE,Combined TRACON& Tower with Radar,28,66,77,0,171,0,0,0,0,0,28,66,77,0,171,0,0,0,171
03/14/2005,ASE,CO,ANM,WE,Combined TRACON& Tower with Radar,26,40,46,0,112,0,0,8,0,8,26,40,54,0,120,0,0,0,120
03/15/2005,ASE,CO,ANM,WE,Combined TRACON& Tower with Radar,24,39,37,0,100,0,0,34,0,34,24,39,71,0,134,2,0,2,136
03/16/2005,ASE,CO,ANM,WE,Combined TRACON& Tower with Radar,21,31,44,0,96,0,0,1,0,1,21,31,45,0,97,0,0,0,97
03/17/2005,ASE,CO,ANM,WE,Combined TRACON& Tower with Radar,22,47,74,0,143,0,0,3,0,3,22,47,77,0,146,6,0,6,152
03/18/2005,ASE,CO,ANM,WE,Combined TRACON& Tower with Radar,28,69,126,0,223,0,0,24,0,24,28,69,150,0,247,0,0,0,247
03/19/2005,ASE,CO,ANM,WE,Combined TRACON& Tower with Radar,33,103,164,0,300,0,0,21,0,21,33,103,185,0,321,0,0,0,321
03/20/2005,ASE,CO,ANM,WE,Combined TRACON& Tower with Radar,28,67,90,0,185,0,0,0,0,0,28,67,90,0,185,0,0,0,185
03/21/2005,ASE,CO,ANM,WE,Combined TRACON& Tower with Radar,28,23,32,0,83,0,1,5,0,6,28,24,37,0,89,0,0,0,89
03/22/2005,ASE,CO,ANM,WE,Combined TRACON& Tower with Radar,28,42,73,0,143,0,0,42,0,42,28,42,115,0,185,0,0,0,185
03/23/2005,ASE,CO,ANM,WE,Combined TRACON& Tower with Radar,19,33,58,0,110,0,2,0,0,2,19,35,58,0,112,0,0,0,112
03/24/2005,ASE,CO,ANM,WE,Combined TRACON& Tower with Radar,23,62,74,0,159,0,0,1,0,1,23,62,75,0,160,0,0,0,160
03/25/2005,ASE,CO,ANM,WE,Combined TRACON& Tower with Radar,28,62,100,0,190,0,0,5,0,5,28,62,105,0,195,0,0,0,195
03/26/2005,ASE,CO,ANM,WE,Combined TRACON& Tower with Radar,37,36,78,0,151,0,0,4,0,4,37,36,82,0,155,0,0,0,155
03/27/2005,ASE,CO,ANM,WE,Combined TRACON& Tower with Radar,26,78,113,0,217,0,0,12,2,14,26,78,125,2,231,0,0,0,231
03/28/2005,ASE,CO,ANM,WE,Combined TRACON& Tower with Radar,26,56,84,0,166,0,0,12,0,12,26,56,96,0,178,4,0,4,182
03/29/2005,ASE,CO,ANM,WE,Combined TRACON& Tower with Radar,24,23,24,0,71,0,0,7,0,7,24,23,31,0,78,0,0,0,78
03/30/2005,ASE,CO,ANM,WE,Combined TRACON& Tower with Radar,16,12,23,0,51,0,0,2,0,2,16,12,25,0,53,0,0,0,53
03/31/2005,ASE,CO,ANM,WE,Combined TRACON& Tower with Radar,28,30,72,0,130,0,0,0,0,0,28,30,72,0,130,0,0,0,130
04/01/2005,ASE,CO,ANM,WE,Combined TRACON& Tower with Radar,25,53,75,0,153,0,0,30,0,30,25,53,105,0,183,0,0,0,183
04/02/2005,ASE,CO,ANM,WE,Combined TRACON& Tower with Radar,34,69,78,0,181,0,0,21,0,21,34,69,99,0,202,0,0,0,202
04/03/2005,ASE,CO,ANM,WE,Combined TRACON& Tower with Radar,18,45,95,0,158,0,0,0,0,0,18,45,95,0,158,0,0,0,158
04/04/2005,ASE,CO,ANM,WE,Combined TRACON& Tower with Radar,14,18,36,0,68,0,0,16,0,16,14,18,52,0,84,0,0,0,84
04/05/2005,ASE,CO,ANM,WE,Combined TRACON& Tower with Radar,12,16,23,0,51,0,1,12,0,13,12,17,35,0,64,0,0,0,64
04/06/2005,ASE,CO,ANM,WE,Combined TRACON& Tower with Radar,10,27,30,0,67,0,1,29,0,30,10,28,59,0,97,14,0,14,111
04/07/2005,ASE,CO,ANM,WE,Combined TRACON& Tower with Radar,10,24,56,0,90,0,0,36,0,36,10,24,92,0,126,0,0,0,126
04/08/2005,ASE,CO,ANM,WE,Combined TRACON& Tower with Radar,9,12,28,0,49,0,0,4,0,4,9,12,32,0,53,0,0,0,53
04/09/2005,ASE,CO,ANM,WE,Combined TRACON& Tower with Radar,13,32,30,0,75,0,0,15,0,15,13,32,45,0,90,0,0,0,90
04/10/2005,ASE,CO,ANM,WE,Combined TRACON& Tower with Radar,4,6,15,0,25,0,0,4,0,4,4,6,19,0,29,0,0,0,29
04/11/2005,ASE,CO,ANM,WE,Combined TRACON& Tower with Radar,6,18,26,0,50,0,0,21,0,21,6,18,47,0,71,6,0,6,77
04/12/2005,ASE,CO,ANM,WE,Combined TRACON& Tower with Radar,7,15,13,0,35,0,0,47,0,47,7,15,60,0,82,4,3,7,89
04/13/2005,ASE,CO,ANM,WE,Combined TRACON& Tower with Radar,6,17,13,0,36,0,0,35,0,35,6,17,48,0,71,30,0,30,101
04/14/2005,ASE,CO,ANM,WE,Combined TRACON& Tower with Radar,6,12,23,0,41,0,0,19,0,19,6,12,42,0,60,0,0,0,60
04/15/2005,ASE,CO,ANM,WE,Combined TRACON& Tower with Radar,6,14,14,0,34,0,0,16,0,16,6,14,30,0,50,4,0,4,54
04/16/2005,ASE,CO,ANM,WE,Combined TRACON& Tower with Radar,8,10,11,0,29,0,0,16,0,16,8,10,27,0,45,0,0,0,45
04/17/2005,ASE,CO,ANM,WE,Combined TRACON& Tower with Radar,6,12,10,0,28,0,0,0,0,0,6,12,10,0,28,0,0,0,28
04/18/2005,ASE,CO,ANM,WE,Combined TRACON& Tower with Radar,6,6,18,0,30,0,0,31,2,33,6,6,49,2,63,8,0,8,71
04/19/2005,ASE,CO,ANM,WE,Combined TRACON& Tower with Radar,6,12,12,2,32,0,0,22,0,22,6,12,34,2,54,0,0,0,54
04/20/2005,ASE,CO,ANM,WE,Combined TRACON& Tower with Radar,5,10,9,0,24,0,2,21,0,23,5,12,30,0,47,8,0,8,55
04/21/2005,ASE,CO,ANM,WE,Combined TRACON& Tower with Radar,7,15,17,0,39,0,1,15,0,16,7,16,32,0,55,0,0,0,55
04/22/2005,ASE,CO,ANM,WE,Combined TRACON& Tower with Radar,6,19,9,0,34,0,0,22,4,26,6,19,31,4,60,4,0,4,64
04/23/2005,ASE,CO,ANM,WE,Combined TRACON& Tower with Radar,8,13,9,0,30,0,0,17,0,17,8,13,26,0,47,0,0,0,47
04/24/2005,ASE,CO,ANM,WE,Combined TRACON& Tower with Radar,6,8,8,0,22,0,0,0,0,0,6,8,8,0,22,0,0,0,22
04/25/2005,ASE,CO,ANM,WE,Combined TRACON& Tower with Radar,6,17,18,0,41,0,0,8,0,8,6,17,26,0,49,0,0,0,49
04/26/2005,ASE,CO,ANM,WE,Combined TRACON& Tower with Radar,6,19,15,0,40,0,0,23,0,23,6,19,38,0,63,0,0,0,63
04/27/2005,ASE,CO,ANM,WE,Combined TRACON& Tower with Radar,4,14,12,0,30,0,2,20,0,22,4,16,32,0,52,0,0,0,52
04/28/2005,ASE,CO,ANM,WE,Combined TRACON& Tower with Radar,8,14,20,0,42,0,0,0,0,0,8,14,20,0,42,0,0,0,42
04/29/2005,ASE,CO,ANM,WE,Combined TRACON& Tower with Radar,6,10,20,0,36,0,0,8,0,8,6,10,28,0,44,0,0,0,44
04/30/2005,ASE,CO,ANM,WE,Combined TRACON& Tower with Radar,9,7,14,0,30,0,0,4,0,4,9,7,18,0,34,0,0,0,34
05/01/2005,ASE,CO,ANM,WE,Combined TRACON& Tower with Radar,7,11,11,0,29,0,0,0,0,0,7,11,11,0,29,0,0,0,29
05/02/2005,ASE,CO,ANM,WE,Combined TRACON& Tower with Radar,6,18,12,0,36,0,0,14,0,14,6,18,26,0,50,4,0,4,54
05/03/2005,ASE,CO,ANM,WE,Combined TRACON& Tower with Radar,5,16,17,0,38,0,0,26,0,26,5,16,43,0,64,0,0,0,64
05/04/2005,ASE,CO,ANM,WE,Combined TRACON& Tower with Radar,5,16,12,0,33,0,0,16,0,16,5,16,28,0,49,2,0,2,51
05/05/2005,ASE,CO,ANM,WE,Combined TRACON& Tower with Radar,6,22,13,0,41,0,0,11,0,11,6,22,24,0,52,0,0,0,52
05/06/2005,ASE,CO,ANM,WE,Combined TRACON& Tower with Radar,6,19,17,0,42,0,0,9,0,9,6,19,26,0,51,0,0,0,51
05/07/2005,ASE,CO,ANM,WE,Combined TRACON& Tower with Radar,6,18,15,0,39,0,0,5,0,5,6,18,20,0,44,0,0,0,44
05/08/2005,ASE,CO,ANM,WE,Combined TRACON& Tower with Radar,6,10,8,0,24,0,0,0,0,0,6,10,8,0,24,0,0,0,24
05/09/2005,ASE,CO,ANM,WE,Combined TRACON& Tower with Radar,6,12,11,0,29,0,0,28,0,28,6,12,39,0,57,4,0,4,61
05/10/2005,ASE,CO,ANM,WE,Combined TRACON& Tower with Radar,6,16,12,0,34,0,1,36,0,37,6,17,48,0,71,6,0,6,77
05/11/2005,ASE,CO,ANM,WE,Combined TRACON& Tower with Radar,6,19,13,0,38,0,2,18,0,20,6,21,31,0,58,0,0,0,58
05/12/2005,ASE,CO,ANM,WE,Combined TRACON& Tower with Radar,6,20,19,3,48,0,2,16,0,18,6,22,35,3,66,0,0,0,66
05/13/2005,ASE,CO,ANM,WE,Combined TRACON& Tower with Radar,6,18,19,0,43,0,0,8,0,8,6,18,27,0,51,0,0,0,51
05/14/2005,ASE,CO,ANM,WE,Combined TRACON& Tower with Radar,6,12,11,0,29,0,0,40,0,40,6,12,51,0,69,8,0,8,77
05/15/2005,ASE,CO,ANM,WE,Combined TRACON& Tower with Radar,6,17,25,0,48,0,0,26,0,26,6,17,51,0,74,14,0,14,88
05/16/2005,ASE,CO,ANM,WE,Combined TRACON& Tower with Radar,6,15,21,0,42,0,0,21,0,21,6,15,42,0,63,6,0,6,69
05/17/2005,ASE,CO,ANM,WE,Combined TRACON& Tower with Radar,6,13,12,0,31,0,2,2,0,4,6,15,14,0,35,0,0,0,35
05/18/2005,ASE,CO,ANM,WE,Combined TRACON& Tower with Radar,6,13,16,0,35,0,7,53,0,60,6,20,69,0,95,10,0,10,105
05/19/2005,ASE,CO,ANM,WE,Combined TRACON& Tower with Radar,5,12,22,0,39,0,0,42,0,42,5,12,64,0,81,6,0,6,87
05/20/2005,ASE,CO,ANM,WE,Combined TRACON& Tower with Radar,7,16,18,0,41,0,0,37,2,39,7,16,55,2,80,0,0,0,80
05/21/2005,ASE,CO,ANM,WE,Combined TRACON& Tower with Radar,6,13,17,0,36,0,0,39,0,39,6,13,56,0,75,6,0,6,81
05/22/2005,ASE,CO,ANM,WE,Combined TRACON& Tower with Radar,6,24,27,4,61,0,0,42,0,42,6,24,69,4,103,12,0,12,115
05/23/2005,ASE,CO,ANM,WE,Combined TRACON& Tower with Radar,6,17,24,0,47,0,0,32,0,32,6,17,56,0,79,16,0,16,95
05/24/2005,ASE,CO,ANM,WE,Combined TRACON& Tower with Radar,6,19,13,0,38,0,0,32,0,32,6,19,45,0,70,8,0,8,78
05/25/2005,ASE,CO,ANM,WE,Combined TRACON& Tower with Radar,6,22,21,0,49,0,0,35,0,35,6,22,56,0,84,0,0,0,84
05/26/2005,ASE,CO,ANM,WE,Combined TRACON& Tower with Radar,6,17,17,0,40,0,0,29,0,29,6,17,46,0,69,0,0,0,69
05/27/2005,ASE,CO,ANM,WE,Combined TRACON& Tower with Radar,6,34,41,0,81,0,0,27,0,27,6,34,68,0,108,0,0,0,108
05/28/2005,ASE,CO,ANM,WE,Combined TRACON& Tower with Radar,6,25,23,0,54,0,0,32,0,32,6,25,55,0,86,0,0,0,86
05/29/2005,ASE,CO,ANM,WE,Combined TRACON& Tower with Radar,6,21,14,0,41,0,0,12,0,12,6,21,26,0,53,2,0,2,55
05/30/2005,ASE,CO,ANM,WE,Combined TRACON& Tower with Radar,6,31,49,0,86,0,0,19,0,19,6,31,68,0,105,8,0,8,113
05/31/2005,ASE,CO,ANM,WE,Combined TRACON& Tower with Radar,6,23,18,0,47,0,0,22,0,22,6,23,40,0,69,0,0,0,69
06/01/2005,ASE,CO,ANM,WE,Combined TRACON& Tower with Radar,6,16,27,0,49,0,0,20,2,22,6,16,47,2,71,0,0,0,71
06/02/2005,ASE,CO,ANM,WE,Combined TRACON& Tower with Radar,6,19,23,0,48,0,0,22,0,22,6,19,45,0,70,0,0,0,70
06/03/2005,ASE,CO,ANM,WE,Combined TRACON& Tower with Radar,6,20,24,0,50,0,0,9,0,9,6,20,33,0,59,0,0,0,59
06/04/2005,ASE,CO,ANM,WE,Combined TRACON& Tower with Radar,6,14,23,0,43,0,0,0,0,0,6,14,23,0,43,0,0,0,43
06/05/2005,ASE,CO,ANM,WE,Combined TRACON& Tower with Radar,6,26,17,0,49,0,0,43,0,43,6,26,60,0,92,6,0,6,98
06/06/2005,ASE,CO,ANM,WE,Combined TRACON& Tower with Radar,6,18,25,0,49,0,3,21,0,24,6,21,46,0,73,4,0,4,77
06/07/2005,ASE,CO,ANM,WE,Combined TRACON& Tower with Radar,12,23,25,0,60,0,0,16,0,16,12,23,41,0,76,0,0,0,76
06/08/2005,ASE,CO,ANM,WE,Combined TRACON& Tower with Radar,12,16,29,0,57,0,0,36,0,36,12,16,65,0,93,0,0,0,93
06/09/2005,ASE,CO,ANM,WE,Combined TRACON& Tower with Radar,12,33,59,0,104,0,0,40,0,40,12,33,99,0,144,16,0,16,160
06/10/2005,ASE,CO,ANM,WE,Combined TRACON& Tower with Radar,13,8,24,0,45,0,0,0,0,0,13,8,24,0,45,0,0,0,45
06/11/2005,ASE,CO,ANM,WE,Combined TRACON& Tower with Radar,11,25,33,0,69,0,0,0,0,0,11,25,33,0,69,0,0,0,69
06/12/2005,ASE,CO,ANM,WE,Combined TRACON& Tower with Radar,15,20,63,0,98,0,0,0,0,0,15,20,63,0,98,0,0,0,98
06/13/2005,ASE,CO,ANM,WE,Combined TRACON& Tower with Radar,14,25,45,0,84,0,0,40,0,40,14,25,85,0,124,12,0,12,136
06/14/2005,ASE,CO,ANM,WE,Combined TRACON& Tower with Radar,13,19,34,0,66,0,0,77,0,77,13,19,111,0,143,12,0,12,155
06/15/2005,ASE,CO,ANM,WE,Combined TRACON& Tower with Radar,13,28,41,0,82,0,4,36,0,40,13,32,77,0,122,28,0,28,150
06/16/2005,ASE,CO,ANM,WE,Combined TRACON& Tower with Radar,10,22,68,0,100,0,0,27,0,27,10,22,95,0,127,6,0,6,133
06/17/2005,ASE,CO,ANM,WE,Combined TRACON& Tower with Radar,15,28,55,0,98,0,0,40,0,40,15,28,95,0,138,0,0,0,138
06/18/2005,ASE,CO,ANM,WE,Combined TRACON& Tower with Radar,12,23,50,0,85,0,0,44,0,44,12,23,94,0,129,8,0,8,137
06/19/2005,ASE,CO,ANM,WE,Combined TRACON& Tower with Radar,14,46,52,0,112,0,0,46,0,46,14,46,98,0,158,16,0,16,174
06/20/2005,ASE,CO,ANM,WE,Combined TRACON& Tower with Radar,12,40,71,0,123,0,0,46,0,46,12,40,117,0,169,18,0,18,187
06/21/2005,ASE,CO,ANM,WE,Combined TRACON& Tower with Radar,12,18,34,0,64,0,0,32,0,32,12,18,66,0,96,8,0,8,104
06/22/2005,ASE,CO,ANM,WE,Combined TRACON& Tower with Radar,14,24,40,0,78,0,3,54,0,57,14,27,94,0,135,16,0,16,151
06/23/2005,ASE,CO,ANM,WE,Combined TRACON& Tower with Radar,15,41,63,0,119,0,0,34,0,34,15,41,97,0,153,4,0,4,157
06/24/2005,ASE,CO,ANM,WE,Combined TRACON& Tower with Radar,13,51,59,0,123,0,0,38,0,38,13,51,97,0,161,0,0,0,161
06/25/2005,ASE,CO,ANM,WE,Combined TRACON& Tower with Radar,14,34,51,0,99,0,0,18,0,18,14,34,69,0,117,0,0,0,117
06/26/2005,ASE,CO,ANM,WE,Combined TRACON& Tower with Radar,15,53,70,0,138,0,0,20,0,20,15,53,90,0,158,0,0,0,158
06/27/2005,ASE,CO,ANM,WE,Combined TRACON& Tower with Radar,15,29,67,0,111,0,0,34,0,34,15,29,101,0,145,4,0,4,149
06/28/2005,ASE,CO,ANM,WE,Combined TRACON& Tower with Radar,15,35,67,0,117,0,0,19,0,19,15,35,86,0,136,0,0,0,136
06/29/2005,ASE,CO,ANM,WE,Combined TRACON& Tower with Radar,15,36,57,0,108,0,0,46,0,46,15,36,103,0,154,0,0,0,154
06/30/2005,ASE,CO,ANM,WE,Combined TRACON& Tower with Radar,14,80,102,2,198,0,0,46,0,46,14,80,148,2,244,12,0,12,256
07/01/2005,ASE,CO,ANM,WE,Combined TRACON& Tower with Radar,15,109,178,0,302,0,0,29,0,29,15,109,207,0,331,0,0,0,331
07/02/2005,ASE,CO,ANM,WE,Combined TRACON& Tower with Radar,14,58,90,0,162,0,0,31,0,31,14,58,121,0,193,14,0,14,207
07/03/2005,ASE,CO,ANM,WE,Combined TRACON& Tower with Radar,14,26,38,0,78,0,0,33,0,33,14,26,71,0,111,0,0,0,111
07/04/2005,ASE,CO,ANM,WE,Combined TRACON& Tower with Radar,14,46,32,0,92,0,0,31,0,31,14,46,63,0,123,8,0,8,131
07/05/2005,ASE,CO,ANM,WE,Combined TRACON& Tower with Radar,15,92,131,0,238,0,1,47,0,48,15,93,178,0,286,0,0,0,286
07/06/2005,ASE,CO,ANM,WE,Combined TRACON& Tower with Radar,16,48,86,3,153,0,0,58,0,58,16,48,144,3,211,10,0,10,221
07/07/2005,ASE,CO,ANM,WE,Combined TRACON& Tower with Radar,15,42,80,0,137,0,0,40,0,40,15,42,120,0,177,6,0,6,183
07/08/2005,ASE,CO,ANM,WE,Combined TRACON& Tower with Radar,16,55,69,0,140,0,0,43,0,43,16,55,112,0,183,0,0,0,183
07/09/2005,ASE,CO,ANM,WE,Combined TRACON& Tower with Radar,14,56,64,0,134,1,0,0,0,1,15,56,64,0,135,0,0,0,135
07/10/2005,ASE,CO,ANM,WE,Combined TRACON& Tower with Radar,14,85,101,0,200,0,0,33,0,33,14,85,134,0,233,6,0,6,239
07/11/2005,ASE,CO,ANM,WE,Combined TRACON& Tower with Radar,15,49,57,0,121,0,0,55,0,55,15,49,112,0,176,8,0,8,184
07/12/2005,ASE,CO,ANM,WE,Combined TRACON& Tower with Radar,15,36,56,0,107,0,0,50,0,50,15,36,106,0,157,20,0,20,177
07/13/2005,ASE,CO,ANM,WE,Combined TRACON& Tower with Radar,13,32,71,0,116,0,9,37,0,46,13,41,108,0,162,8,0,8,170
07/14/2005,ASE,CO,ANM,WE,Combined TRACON& Tower with Radar,15,42,58,0,115,0,0,56,0,56,15,42,114,0,171,2,0,2,173
07/15/2005,ASE,CO,ANM,WE,Combined TRACON& Tower with Radar,14,72,79,0,165,0,0,24,0,24,14,72,103,0,189,0,0,0,189
07/16/2005,ASE,CO,ANM,WE,Combined TRACON& Tower with Radar,16,49,55,0,120,0,0,28,0,28,16,49,83,0,148,0,0,0,148
07/17/2005,ASE,CO,ANM,WE,Combined TRACON& Tower with Radar,14,69,80,0,163,0,0,53,0,53,14,69,133,0,216,8,0,8,224
07/18/2005,ASE,CO,ANM,WE,Combined TRACON& Tower with Radar,16,44,75,0,135,0,0,27,0,27,16,44,102,0,162,4,0,4,166
07/19/2005,ASE,CO,ANM,WE,Combined TRACON& Tower with Radar,15,46,44,0,105,0,0,48,0,48,15,46,92,0,153,12,0,12,165
07/20/2005,ASE,CO,ANM,WE,Combined TRACON& Tower with Radar,15,50,72,0,137,0,5,44,0,49,15,55,116,0,186,8,0,8,194
07/21/2005,ASE,CO,ANM,WE,Combined TRACON& Tower with Radar,15,62,62,0,139,0,0,62,0,62,15,62,124,0,201,4,0,4,205
07/22/2005,ASE,CO,ANM,WE,Combined TRACON& Tower with Radar,14,46,75,0,135,0,0,23,0,23,14,46,98,0,158,0,0,0,158
07/23/2005,ASE,CO,ANM,WE,Combined TRACON& Tower with Radar,15,31,65,0,111,0,0,15,0,15,15,31,80,0,126,0,0,0,126
07/24/2005,ASE,CO,ANM,WE,Combined TRACON& Tower with Radar,12,71,93,0,176,0,0,25,0,25,12,71,118,0,201,4,0,4,205
07/25/2005,ASE,CO,ANM,WE,Combined TRACON& Tower with Radar,18,49,60,0,127,0,0,12,0,12,18,49,72,0,139,0,0,0,139
07/26/2005,ASE,CO,ANM,WE,Combined TRACON& Tower with Radar,15,41,61,0,117,0,0,27,0,27,15,41,88,0,144,8,0,8,152
07/27/2005,ASE,CO,ANM,WE,Combined TRACON& Tower with Radar,15,64,70,0,149,0,1,35,0,36,15,65,105,0,185,12,0,12,197
07/28/2005,ASE,CO,ANM,WE,Combined TRACON& Tower with Radar,14,59,80,0,153,0,0,24,0,24,14,59,104,0,177,2,0,2,179
07/29/2005,ASE,CO,ANM,WE,Combined TRACON& Tower with Radar,14,57,89,0,160,0,0,18,1,19,14,57,107,1,179,0,0,0,179
07/30/2005,ASE,CO,ANM,WE,Combined TRACON& Tower with Radar,16,47,80,0,143,0,0,22,0,22,16,47,102,0,165,0,0,0,165
07/31/2005,ASE,CO,ANM,WE,Combined TRACON& Tower with Radar,15,80,129,0,224,1,0,11,0,12,16,80,140,0,236,0,0,0,236
08/01/2005,ASE,CO,ANM,WE,Combined TRACON& Tower with Radar,14,60,80,0,154,0,0,37,2,39,14,60,117,2,193,6,0,6,199
08/02/2005,ASE,CO,ANM,WE,Combined TRACON& Tower with Radar,13,62,78,0,153,0,0,30,0,30,13,62,108,0,183,0,0,0,183
08/03/2005,ASE,CO,ANM,WE,Combined TRACON& Tower with Radar,17,48,62,0,127,0,2,34,2,38,17,50,96,2,165,0,0,0,165
08/04/2005,ASE,CO,ANM,WE,Combined TRACON& Tower with Radar,14,46,88,0,148,0,0,13,0,13,14,46,101,0,161,0,0,0,161
08/05/2005,ASE,CO,ANM,WE,Combined TRACON& Tower with Radar,14,82,103,0,199,0,0,1,0,1,14,82,104,0,200,0,0,0,200
08/06/2005,ASE,CO,ANM,WE,Combined TRACON& Tower with Radar,14,56,94,0,164,0,0,33,0,33,14,56,127,0,197,0,0,0,197
08/07/2005,ASE,CO,ANM,WE,Combined TRACON& Tower with Radar,14,67,99,0,180,0,0,32,0,32,14,67,131,0,212,6,0,6,218
08/08/2005,ASE,CO,ANM,WE,Combined TRACON& Tower with Radar,16,40,101,0,157,0,2,36,0,38,16,42,137,0,195,8,0,8,203
08/09/2005,ASE,CO,ANM,WE,Combined TRACON& Tower with Radar,16,37,82,0,135,0,0,38,0,38,16,37,120,0,173,12,0,12,185
08/10/2005,ASE,CO,ANM,WE,Combined TRACON& Tower with Radar,14,60,75,0,149,0,3,16,0,19,14,63,91,0,168,4,0,4,172
08/11/2005,ASE,CO,ANM,WE,Combined TRACON& Tower with Radar,15,55,83,0,153,0,0,2,0,2,15,55,85,0,155,0,0,0,155
08/12/2005,ASE,CO,ANM,WE,Combined TRACON& Tower with Radar,14,65,88,0,167,0,0,23,0,23,14,65,111,0,190,0,0,0,190
08/13/2005,ASE,CO,ANM,WE,Combined TRACON& Tower with Radar,15,46,47,0,108,0,0,13,0,13,15,46,60,0,121,0,0,0,121
08/14/2005,ASE,CO,ANM,WE,Combined TRACON& Tower with Radar,16,82,124,0,222,0,0,45,0,45,16,82,169,0,267,4,0,4,271
08/15/2005,ASE,CO,ANM,WE,Combined TRACON& Tower with Radar,15,63,67,0,145,0,0,34,0,34,15,63,101,0,179,6,0,6,185
08/16/2005,ASE,CO,ANM,WE,Combined TRACON& Tower with Radar,16,42,78,0,136,0,0,22,0,22,16,42,100,0,158,0,0,0,158
08/17/2005,ASE,CO,ANM,WE,Combined TRACON& Tower with Radar,15,46,80,0,141,0,0,18,0,18,15,46,98,0,159,4,0,4,163
08/18/2005,ASE,CO,ANM,WE,Combined TRACON& Tower with Radar,14,67,60,0,141,0,0,44,0,44,14,67,104,0,185,18,0,18,203
08/19/2005,ASE,CO,ANM,WE,Combined TRACON& Tower with Radar,14,49,97,0,160,0,0,34,0,34,14,49,131,0,194,0,0,0,194
08/20/2005,ASE,CO,ANM,WE,Combined TRACON& Tower with Radar,14,48,63,0,125,0,0,32,0,32,14,48,95,0,157,8,0,8,165
08/21/2005,ASE,CO,ANM,WE,Combined TRACON& Tower with Radar,16,53,105,0,174,0,0,27,0,27,16,53,132,0,201,6,0,6,207
08/22/2005,ASE,CO,ANM,WE,Combined TRACON& Tower with Radar,15,56,79,0,150,0,0,34,0,34,15,56,113,0,184,4,0,4,188
08/23/2005,ASE,CO,ANM,WE,Combined TRACON& Tower with Radar,15,38,57,0,110,0,0,33,0,33,15,38,90,0,143,4,0,4,147
08/24/2005,ASE,CO,ANM,WE,Combined TRACON& Tower with Radar,15,46,53,0,114,0,0,45,1,46,15,46,98,1,160,16,0,16,176
08/25/2005,ASE,CO,ANM,WE,Combined TRACON& Tower with Radar,16,38,59,0,113,0,0,22,0,22,16,38,81,0,135,4,0,4,139
08/26/2005,ASE,CO,ANM,WE,Combined TRACON& Tower with Radar,14,54,59,0,127,0,0,31,0,31,14,54,90,0,158,8,0,8,166
08/27/2005,ASE,CO,ANM,WE,Combined TRACON& Tower with Radar,14,30,44,0,88,0,0,25,0,25,14,30,69,0,113,0,0,0,113
08/28/2005,ASE,CO,ANM,WE,Combined TRACON& Tower with Radar,16,50,90,0,156,0,0,32,0,32,16,50,122,0,188,2,0,2,190
08/29/2005,ASE,CO,ANM,WE,Combined TRACON& Tower with Radar,16,26,48,0,90,0,0,41,0,41,16,26,89,0,131,4,0,4,135
08/30/2005,ASE,CO,ANM,WE,Combined TRACON& Tower with Radar,15,29,48,0,92,0,0,27,0,27,15,29,75,0,119,8,0,8,127
08/31/2005,ASE,CO,ANM,WE,Combined TRACON& Tower with Radar,16,46,65,2,129,0,0,21,2,23,16,46,86,4,152,2,4,6,158
09/01/2005,ASE,CO,ANM,WE,Combined TRACON& Tower with Radar,15,42,62,0,119,0,0,36,0,36,15,42,98,0,155,10,0,10,165
09/02/2005,ASE,CO,ANM,WE,Combined TRACON& Tower with Radar,17,48,87,0,152,0,0,43,0,43,17,48,130,0,195,0,0,0,195
09/03/2005,ASE,CO,ANM,WE,Combined TRACON& Tower with Radar,15,31,37,0,83,0,0,27,0,27,15,31,64,0,110,2,0,2,112
09/04/2005,ASE,CO,ANM,WE,Combined TRACON& Tower with Radar,14,23,51,0,88,0,0,17,1,18,14,23,68,1,106,6,0,6,112
09/05/2005,ASE,CO,ANM,WE,Combined TRACON& Tower with Radar,16,72,114,0,202,0,0,17,0,17,16,72,131,0,219,6,0,6,225
09/06/2005,ASE,CO,ANM,WE,Combined TRACON& Tower with Radar,15,62,89,0,166,0,0,23,0,23,15,62,112,0,189,0,0,0,189
09/07/2005,ASE,CO,ANM,WE,Combined TRACON& Tower with Radar,9,40,38,0,87,0,0,32,0,32,9,40,70,0,119,5,0,5,124
09/08/2005,ASE,CO,ANM,WE,Combined TRACON& Tower with Radar,8,40,57,0,105,0,0,21,0,21,8,40,78,0,126,0,0,0,126
09/09/2005,ASE,CO,ANM,WE,Combined TRACON& Tower with Radar,10,40,52,0,102,0,0,22,0,22,10,40,74,0,124,0,0,0,124
09/10/2005,ASE,CO,ANM,WE,Combined TRACON& Tower with Radar,9,29,34,0,72,0,0,15,0,15,9,29,49,0,87,0,0,0,87
09/11/2005,ASE,CO,ANM,WE,Combined TRACON& Tower with Radar,10,56,55,0,121,0,0,41,0,41,10,56,96,0,162,4,0,4,166
09/12/2005,ASE,CO,ANM,WE,Combined TRACON& Tower with Radar,9,37,44,0,90,0,0,17,0,17,9,37,61,0,107,0,0,0,107
09/13/2005,ASE,CO,ANM,WE,Combined TRACON& Tower with Radar,8,32,32,0,72,0,0,28,2,30,8,32,60,2,102,0,0,0,102
09/14/2005,ASE,CO,ANM,WE,Combined TRACON& Tower with Radar,10,25,40,0,75,0,2,33,0,35,10,27,73,0,110,0,0,0,110
09/15/2005,ASE,CO,ANM,WE,Combined TRACON& Tower with Radar,9,51,78,0,138,0,0,30,8,38,9,51,108,8,176,0,8,8,184
09/16/2005,ASE,CO,ANM,WE,Combined TRACON& Tower with Radar,6,37,75,0,118,0,0,66,0,66,6,37,141,0,184,4,0,4,188
09/17/2005,ASE,CO,ANM,WE,Combined TRACON& Tower with Radar,9,43,64,0,116,0,0,47,0,47,9,43,111,0,163,0,0,0,163
09/18/2005,ASE,CO,ANM,WE,Combined TRACON& Tower with Radar,10,22,85,0,117,0,0,26,0,26,10,22,111,0,143,6,0,6,149
09/19/2005,ASE,CO,ANM,WE,Combined TRACON& Tower with Radar,9,23,35,0,67,0,0,39,0,39,9,23,74,0,106,16,0,16,122
09/20/2005,ASE,CO,ANM,WE,Combined TRACON& Tower with Radar,9,25,35,0,69,0,0,40,0,40,9,25,75,0,109,12,0,12,121
09/21/2005,ASE,CO,ANM,WE,Combined TRACON& Tower with Radar,9,23,35,0,67,0,0,18,0,18,9,23,53,0,85,10,0,10,95
09/22/2005,ASE,CO,ANM,WE,Combined TRACON& Tower with Radar,10,41,64,0,115,0,0,14,0,14,10,41,78,0,129,4,0,4,133
09/23/2005,ASE,CO,ANM,WE,Combined TRACON& Tower with Radar,8,44,53,0,105,0,0,27,0,27,8,44,80,0,132,1,0,1,133
09/24/2005,ASE,CO,ANM,WE,Combined TRACON& Tower with Radar,10,18,29,0,57,0,0,15,2,17,10,18,44,2,74,0,0,0,74
09/25/2005,ASE,CO,ANM,WE,Combined TRACON& Tower with Radar,10,60,62,0,132,0,0,35,0,35,10,60,97,0,167,6,0,6,173
09/26/2005,ASE,CO,ANM,WE,Combined TRACON& Tower with Radar,8,37,46,0,91,0,0,55,0,55,8,37,101,0,146,6,0,6,152
09/27/2005,ASE,CO,ANM,WE,Combined TRACON& Tower with Radar,9,31,35,0,75,0,0,19,0,19,9,31,54,0,94,6,0,6,100
09/28/2005,ASE,CO,ANM,WE,Combined TRACON& Tower with Radar,9,37,49,0,95,0,0,24,0,24,9,37,73,0,119,0,0,0,119
09/29/2005,ASE,CO,ANM,WE,Combined TRACON& Tower with Radar,9,37,41,0,87,0,0,44,0,44,9,37,85,0,131,6,0,6,137
09/30/2005,ASE,CO,ANM,WE,Combined TRACON& Tower with Radar,8,37,48,0,93,0,0,41,0,41,8,37,89,0,134,1,0,1,135
10/01/2005,ASE,CO,ANM,WE,Combined TRACON& Tower with Radar,8,20,24,0,52,0,0,48,0,48,8,20,72,0,100,0,0,0,100
10/02/2005,ASE,CO,ANM,WE,Combined TRACON& Tower with Radar,8,46,42,0,96,0,0,48,0,48,8,46,90,0,144,6,0,6,150
10/03/2005,ASE,CO,ANM,WE,Combined TRACON& Tower with Radar,9,32,24,0,65,0,0,28,0,28,9,32,52,0,93,6,0,6,99
10/04/2005,ASE,CO,ANM,WE,Combined TRACON& Tower with Radar,5,19,24,0,48,0,0,4,0,4,5,19,28,0,52,0,0,0,52
10/05/2005,ASE,CO,ANM,WE,Combined TRACON& Tower with Radar,7,25,34,0,66,0,1,28,1,30,7,26,62,1,96,8,0,8,104
10/06/2005,ASE,CO,ANM,WE,Combined TRACON& Tower with Radar,6,21,38,0,65,0,0,34,0,34,6,21,72,0,99,4,0,4,103
10/07/2005,ASE,CO,ANM,WE,Combined TRACON& Tower with Radar,6,27,40,0,73,0,0,51,0,51,6,27,91,0,124,14,0,14,138
10/08/2005,ASE,CO,ANM,WE,Combined TRACON& Tower with Radar,6,39,36,0,81,0,0,56,0,56,6,39,92,0,137,0,0,0,137
10/09/2005,ASE,CO,ANM,WE,Combined TRACON& Tower with Radar,4,6,29,0,39,0,0,3,0,3,4,6,32,0,42,0,0,0,42
10/10/2005,ASE,CO,ANM,WE,Combined TRACON& Tower with Radar,0,7,29,0,36,0,0,0,0,0,0,7,29,0,36,0,0,0,36
10/11/2005,ASE,CO,ANM,WE,Combined TRACON& Tower with Radar,6,16,20,0,42,0,0,0,0,0,6,16,20,0,42,0,0,0,42
10/12/2005,ASE,CO,ANM,WE,Combined TRACON& Tower with Radar,6,20,31,0,57,0,1,20,0,21,6,21,51,0,78,0,0,0,78
10/13/2005,ASE,CO,ANM,WE,Combined TRACON& Tower with Radar,6,22,31,0,59,0,0,42,0,42,6,22,73,0,101,4,0,4,105
10/14/2005,ASE,CO,ANM,WE,Combined TRACON& Tower with Radar,6,24,29,0,59,0,0,28,0,28,6,24,57,0,87,2,0,2,89
10/15/2005,ASE,CO,ANM,WE,Combined TRACON& Tower with Radar,6,20,22,0,48,0,0,28,0,28,6,20,50,0,76,6,0,6,82
10/16/2005,ASE,CO,ANM,WE,Combined TRACON& Tower with Radar,6,20,36,0,62,0,0,13,0,13,6,20,49,0,75,0,0,0,75
10/17/2005,ASE,CO,ANM,WE,Combined TRACON& Tower with Radar,6,14,20,0,40,0,2,22,0,24,6,16,42,0,64,0,0,0,64
10/18/2005,ASE,CO,ANM,WE,Combined TRACON& Tower with Radar,6,14,16,0,36,0,0,15,0,15,6,14,31,0,51,2,0,2,53
10/19/2005,ASE,CO,ANM,WE,Combined TRACON& Tower with Radar,6,10,12,0,28,0,2,5,0,7,6,12,17,0,35,0,0,0,35
10/20/2005,ASE,CO,ANM,WE,Combined TRACON& Tower with Radar,6,22,21,0,49,0,0,5,0,5,6,22,26,0,54,0,0,0,54
10/21/2005,ASE,CO,ANM,WE,Combined TRACON& Tower with Radar,6,26,36,0,68,0,0,13,0,13,6,26,49,0,81,0,0,0,81
10/22/2005,ASE,CO,ANM,WE,Combined TRACON& Tower with Radar,6,15,18,0,39,0,0,33,0,33,6,15,51,0,72,8,0,8,80
10/23/2005,ASE,CO,ANM,WE,Combined TRACON& Tower with Radar,4,22,25,0,51,0,0,31,0,31,4,22,56,0,82,28,0,28,110
10/24/2005,ASE,CO,ANM,WE,Combined TRACON& Tower with Radar,6,15,23,0,44,0,0,29,0,29,6,15,52,0,73,10,0,10,83
10/25/2005,ASE,CO,ANM,WE,Combined TRACON& Tower with Radar,6,21,12,0,39,0,0,24,0,24,6,21,36,0,63,10,0,10,73
10/26/2005,ASE,CO,ANM,WE,Combined TRACON& Tower with Radar,6,24,22,0,52,0,6,29,0,35,6,30,51,0,87,18,0,18,105
10/27/2005,ASE,CO,ANM,WE,Combined TRACON& Tower with Radar,6,18,18,0,42,0,0,50,0,50,6,18,68,0,92,10,0,10,102
10/28/2005,ASE,CO,ANM,WE,Combined TRACON& Tower with Radar,6,23,23,0,52,0,0,22,0,22,6,23,45,0,74,0,0,0,74
10/29/2005,ASE,CO,ANM,WE,Combined TRACON& Tower with Radar,5,11,10,0,26,0,0,2,0,2,5,11,12,0,28,0,0,0,28
10/30/2005,ASE,CO,ANM,WE,Combined TRACON& Tower with Radar,6,4,6,0,16,0,0,0,0,0,6,4,6,0,16,0,0,0,16
10/31/2005,ASE,CO,ANM,WE,Combined TRACON& Tower with Radar,4,20,10,0,34,0,0,31,0,31,4,20,41,0,65,0,0,0,65
11/01/2005,ASE,CO,ANM,WE,Combined TRACON& Tower with Radar,4,12,28,0,44,0,0,53,0,53,4,12,81,0,97,2,0,2,99
11/02/2005,ASE,CO,ANM,WE,Combined TRACON& Tower with Radar,4,20,7,0,31,0,0,31,1,32,4,20,38,1,63,16,0,16,79
11/03/2005,ASE,CO,ANM,WE,Combined TRACON& Tower with Radar,4,15,22,0,41,0,0,8,0,8,4,15,30,0,49,0,0,0,49
11/04/2005,ASE,CO,ANM,WE,Combined TRACON& Tower with Radar,4,23,26,0,53,0,0,19,0,19,4,23,45,0,72,2,0,2,74
11/05/2005,ASE,CO,ANM,WE,Combined TRACON& Tower with Radar,2,13,10,0,25,0,0,1,0,1,2,13,11,0,26,0,0,0,26
11/06/2005,ASE,CO,ANM,WE,Combined TRACON& Tower with Radar,2,24,20,0,46,2,1,11,0,14,4,25,31,0,60,0,0,0,60
11/07/2005,ASE,CO,ANM,WE,Combined TRACON& Tower with Radar,4,18,12,0,34,0,0,17,0,17,4,18,29,0,51,2,0,2,53
11/08/2005,ASE,CO,ANM,WE,Combined TRACON& Tower with Radar,4,16,10,0,30,0,0,12,0,12,4,16,22,0,42,0,0,0,42
11/09/2005,ASE,CO,ANM,WE,Combined TRACON& Tower with Radar,4,25,21,0,50,0,2,20,0,22,4,27,41,0,72,8,0,8,80
11/10/2005,ASE,CO,ANM,WE,Combined TRACON& Tower with Radar,4,24,21,0,49,0,0,17,0,17,4,24,38,0,66,0,0,0,66
11/11/2005,ASE,CO,ANM,WE,Combined TRACON& Tower with Radar,4,17,31,0,52,0,0,5,0,5,4,17,36,0,57,0,0,0,57
11/12/2005,ASE,CO,ANM,WE,Combined TRACON& Tower with Radar,3,13,9,0,25,0,0,2,0,2,3,13,11,0,27,0,0,0,27
11/13/2005,ASE,CO,ANM,WE,Combined TRACON& Tower with Radar,3,24,24,0,51,0,0,0,0,0,3,24,24,0,51,0,0,0,51
11/14/2005,ASE,CO,ANM,WE,Combined TRACON& Tower with Radar,1,12,20,0,33,0,0,0,0,0,1,12,20,0,33,0,0,0,33
11/15/2005,ASE,CO,ANM,WE,Combined TRACON& Tower with Radar,3,18,26,0,47,0,0,7,0,7,3,18,33,0,54,0,0,0,54
11/16/2005,ASE,CO,ANM,WE,Combined TRACON& Tower with Radar,4,18,11,0,33,0,0,20,0,20,4,18,31,0,53,0,0,0,53
11/17/2005,ASE,CO,ANM,WE,Combined TRACON& Tower with Radar,4,14,17,0,35,0,0,0,0,0,4,14,17,0,35,0,0,0,35
11/18/2005,ASE,CO,ANM,WE,Combined TRACON& Tower with Radar,5,28,23,0,56,0,0,20,0,20,5,28,43,0,76,0,0,0,76
11/19/2005,ASE,CO,ANM,WE,Combined TRACON& Tower with Radar,4,29,18,0,51,0,0,18,0,18,4,29,36,0,69,12,0,12,81
11/20/2005,ASE,CO,ANM,WE,Combined TRACON& Tower with Radar,4,24,26,0,54,0,0,16,0,16,4,24,42,0,70,0,0,0,70
11/21/2005,ASE,CO,ANM,WE,Combined TRACON& Tower with Radar,3,33,26,0,62,0,0,18,0,18,3,33,44,0,80,0,0,0,80
11/22/2005,ASE,CO,ANM,WE,Combined TRACON& Tower with Radar,4,37,64,0,105,0,0,30,2,32,4,37,94,2,137,6,0,6,143
11/23/2005,ASE,CO,ANM,WE,Combined TRACON& Tower with Radar,3,61,96,0,160,0,0,18,0,18,3,61,114,0,178,0,0,0,178
11/24/2005,ASE,CO,ANM,WE,Combined TRACON& Tower with Radar,4,21,14,0,39,0,0,14,0,14,4,21,28,0,53,2,0,2,55
11/25/2005,ASE,CO,ANM,WE,Combined TRACON& Tower with Radar,3,39,18,0,60,0,0,21,0,21,3,39,39,0,81,10,0,10,91
11/26/2005,ASE,CO,ANM,WE,Combined TRACON& Tower with Radar,3,15,20,0,38,0,0,0,0,0,3,15,20,0,38,0,0,0,38
11/27/2005,ASE,CO,ANM,WE,Combined TRACON& Tower with Radar,3,26,56,0,85,0,0,0,0,0,3,26,56,0,85,0,0,0,85
11/28/2005,ASE,CO,ANM,WE,Combined TRACON& Tower with Radar,4,51,69,0,124,0,0,2,0,2,4,51,71,0,126,2,0,2,128
11/29/2005,ASE,CO,ANM,WE,Combined TRACON& Tower with Radar,3,22,20,0,45,0,0,8,0,8,3,22,28,0,53,0,0,0,53
11/30/2005,ASE,CO,ANM,WE,Combined TRACON& Tower with Radar,7,10,10,0,27,0,5,10,0,15,7,15,20,0,42,0,0,0,42
12/01/2005,ASE,CO,ANM,WE,Combined TRACON& Tower with Radar,8,8,9,0,25,0,0,2,0,2,8,8,11,0,27,0,0,0,27
12/02/2005,ASE,CO,ANM,WE,Combined TRACON& Tower with Radar,7,13,17,0,37,0,0,0,0,0,7,13,17,0,37,0,0,0,37
12/03/2005,ASE,CO,ANM,WE,Combined TRACON& Tower with Radar,4,6,6,0,16,0,0,0,0,0,4,6,6,0,16,0,0,0,16
12/04/2005,ASE,CO,ANM,WE,Combined TRACON& Tower with Radar,7,10,9,0,26,0,0,0,0,0,7,10,9,0,26,0,0,0,26
12/05/2005,ASE,CO,ANM,WE,Combined TRACON& Tower with Radar,8,26,17,0,51,0,0,13,0,13,8,26,30,0,64,0,0,0,64
12/06/2005,ASE,CO,ANM,WE,Combined TRACON& Tower with Radar,3,19,7,0,29,0,0,2,0,2,3,19,9,0,31,0,0,0,31
12/07/2005,ASE,CO,ANM,WE,Combined TRACON& Tower with Radar,8,16,31,0,55,0,5,17,0,22,8,21,48,0,77,2,0,2,79
12/08/2005,ASE,CO,ANM,WE,Combined TRACON& Tower with Radar,8,25,30,0,63,0,0,28,0,28,8,25,58,0,91,0,0,0,91
12/09/2005,ASE,CO,ANM,WE,Combined TRACON& Tower with Radar,4,25,36,0,65,0,1,24,0,25,4,26,60,0,90,0,0,0,90
12/10/2005,ASE,CO,ANM,WE,Combined TRACON& Tower with Radar,10,28,15,0,53,0,2,9,0,11,10,30,24,0,64,2,0,2,66
12/11/2005,ASE,CO,ANM,WE,Combined TRACON& Tower with Radar,8,26,38,0,72,0,0,12,0,12,8,26,50,0,84,0,0,0,84
12/12/2005,ASE,CO,ANM,WE,Combined TRACON& Tower with Radar,8,20,35,0,63,0,0,22,0,22,8,20,57,0,85,0,0,0,85
12/13/2005,ASE,CO,ANM,WE,Combined TRACON& Tower with Radar,9,16,8,0,33,0,0,0,0,0,9,16,8,0,33,0,0,0,33
12/14/2005,ASE,CO,ANM,WE,Combined TRACON& Tower with Radar,18,23,31,0,72,0,0,7,0,7,18,23,38,0,79,0,0,0,79
12/15/2005,ASE,CO,ANM,WE,Combined TRACON& Tower with Radar,21,28,46,0,95,0,0,30,0,30,21,28,76,0,125,10,0,10,135
12/16/2005,ASE,CO,ANM,WE,Combined TRACON& Tower with Radar,20,45,63,0,128,0,0,21,0,21,20,45,84,0,149,0,0,0,149
12/17/2005,ASE,CO,ANM,WE,Combined TRACON& Tower with Radar,26,36,68,0,130,0,0,0,0,0,26,36,68,0,130,0,0,0,130
12/18/2005,ASE,CO,ANM,WE,Combined TRACON& Tower with Radar,26,51,62,0,139,0,0,0,0,0,26,51,62,0,139,10,0,10,149
12/19/2005,ASE,CO,ANM,WE,Combined TRACON& Tower with Radar,17,17,34,0,68,0,1,0,0,1,17,18,34,0,69,0,0,0,69
12/20/2005,ASE,CO,ANM,WE,Combined TRACON& Tower with Radar,25,44,70,0,139,0,0,5,0,5,25,44,75,0,144,0,0,0,144
12/21/2005,ASE,CO,ANM,WE,Combined TRACON& Tower with Radar,25,66,93,0,184,0,0,7,0,7,25,66,100,0,191,0,0,0,191
12/22/2005,ASE,CO,ANM,WE,Combined TRACON& Tower with Radar,25,54,90,0,169,0,0,20,0,20,25,54,110,0,189,0,0,0,189
12/23/2005,ASE,CO,ANM,WE,Combined TRACON& Tower with Radar,25,33,83,0,141,0,0,0,0,0,25,33,83,0,141,0,0,0,141
12/24/2005,ASE,CO,ANM,WE,Combined TRACON& Tower with Radar,28,55,60,0,143,0,0,10,0,10,28,55,70,0,153,12,0,12,165
12/25/2005,ASE,CO,ANM,WE,Combined TRACON& Tower with Radar,28,65,47,0,140,0,0,8,0,8,28,65,55,0,148,0,0,0,148
12/26/2005,ASE,CO,ANM,WE,Combined TRACON& Tower with Radar,25,76,204,0,305,0,0,27,0,27,25,76,231,0,332,0,0,0,332
12/27/2005,ASE,CO,ANM,WE,Combined TRACON& Tower with Radar,26,54,112,0,192,0,0,4,0,4,26,54,116,0,196,0,0,0,196
12/28/2005,ASE,CO,ANM,WE,Combined TRACON& Tower with Radar,24,63,70,0,157,0,5,64,0,69,24,68,134,0,226,0,0,0,226
12/29/2005,ASE,CO,ANM,WE,Combined TRACON& Tower with Radar,24,30,63,0,117,0,0,7,0,7,24,30,70,0,124,0,0,0,124
12/30/2005,ASE,CO,ANM,WE,Combined TRACON& Tower with Radar,25,52,101,0,178,0,0,6,0,6,25,52,107,0,184,4,0,4,188
12/31/2005,ASE,CO,ANM,WE,Combined TRACON& Tower with Radar,29,35,71,0,135,0,0,0,0,0,29,35,71,0,135,0,0,0,135
01/01/2006,ASE,CO,ANM,WE,Combined TRACON& Tower with Radar,25,22,88,0,135,0,0,0,0,0,25,22,88,0,135,0,0,0,135
01/02/2006,ASE,CO,ANM,WE,Combined TRACON& Tower with Radar,24,83,202,0,309,0,0,11,0,11,24,83,213,0,320,0,0,0,320
01/03/2006,ASE,CO,ANM,WE,Combined TRACON& Tower with Radar,25,12,74,0,111,0,0,0,0,0,25,12,74,0,111,0,0,0,111
01/04/2006,ASE,CO,ANM,WE,Combined TRACON& Tower with Radar,24,49,86,0,159,0,3,10,0,13,24,52,96,0,172,0,0,0,172
01/05/2006,ASE,CO,ANM,WE,Combined TRACON& Tower with Radar,22,38,71,0,131,0,0,28,0,28,22,38,99,0,159,0,0,0,159
01/06/2006,ASE,CO,ANM,WE,Combined TRACON& Tower with Radar,22,43,59,0,124,0,0,11,0,11,22,43,70,0,135,0,0,0,135
01/07/2006,ASE,CO,ANM,WE,Combined TRACON& Tower with Radar,27,50,53,0,130,0,0,7,0,7,27,50,60,0,137,12,0,12,149
01/08/2006,ASE,CO,ANM,WE,Combined TRACON& Tower with Radar,22,26,40,0,88,0,0,0,0,0,22,26,40,0,88,0,0,0,88
01/09/2006,ASE,CO,ANM,WE,Combined TRACON& Tower with Radar,25,29,45,0,99,0,0,29,0,29,25,29,74,0,128,2,0,2,130
01/10/2006,ASE,CO,ANM,WE,Combined TRACON& Tower with Radar,23,28,32,0,83,0,0,34,0,34,23,28,66,0,117,2,0,2,119
01/11/2006,ASE,CO,ANM,WE,Combined TRACON& Tower with Radar,23,23,36,0,82,0,0,25,0,25,23,23,61,0,107,0,0,0,107
01/12/2006,ASE,CO,ANM,WE,Combined TRACON& Tower with Radar,22,27,33,0,82,0,0,3,0,3,22,27,36,0,85,0,0,0,85
01/13/2006,ASE,CO,ANM,WE,Combined TRACON& Tower with Radar,23,50,82,0,155,0,0,27,0,27,23,50,109,0,182,0,0,0,182
01/14/2006,ASE,CO,ANM,WE,Combined TRACON& Tower with Radar,29,37,43,0,109,0,0,13,0,13,29,37,56,0,122,6,0,6,128
01/15/2006,ASE,CO,ANM,WE,Combined TRACON& Tower with Radar,14,23,26,0,63,0,0,3,0,3,14,23,29,0,66,0,0,0,66
01/16/2006,ASE,CO,ANM,WE,Combined TRACON& Tower with Radar,25,25,82,0,132,0,0,5,1,6,25,25,87,1,138,0,0,0,138
01/17/2006,ASE,CO,ANM,WE,Combined TRACON& Tower with Radar,24,43,38,0,105,0,0,17,0,17,24,43,55,0,122,0,0,0,122
01/18/2006,ASE,CO,ANM,WE,Combined TRACON& Tower with Radar,23,23,36,0,82,0,1,13,0,14,23,24,49,0,96,0,0,0,96
01/19/2006,ASE,CO,ANM,WE,Combined TRACON& Tower with Radar,15,12,31,0,58,0,0,4,0,4,15,12,35,0,62,0,0,0,62
01/20/2006,ASE,CO,ANM,WE,Combined TRACON& Tower with Radar,24,19,47,0,90,0,2,0,0,2,24,21,47,0,92,0,0,0,92
01/21/2006,ASE,CO,ANM,WE,Combined TRACON& Tower with Radar,28,42,39,0,109,0,0,15,0,15,28,42,54,0,124,0,0,0,124
01/22/2006,ASE,CO,ANM,WE,Combined TRACON& Tower with Radar,26,47,47,0,120,0,0,15,0,15,26,47,62,0,135,0,0,0,135
01/23/2006,ASE,CO,ANM,WE,Combined TRACON& Tower with Radar,22,19,27,0,68,0,1,24,0,25,22,20,51,0,93,0,0,0,93
01/24/2006,ASE,CO,ANM,WE,Combined TRACON& Tower with Radar,23,30,22,0,75,0,0,52,0,52,23,30,74,0,127,2,0,2,129
01/25/2006,ASE,CO,ANM,WE,Combined TRACON& Tower with Radar,23,27,35,0,85,0,3,39,0,42,23,30,74,0,127,0,0,0,127
01/26/2006,ASE,CO,ANM,WE,Combined TRACON& Tower with Radar,33,26,36,0,95,0,0,2,0,2,33,26,38,0,97,0,0,0,97
01/27/2006,ASE,CO,ANM,WE,Combined TRACON& Tower with Radar,22,26,41,0,89,0,0,20,0,20,22,26,61,0,109,2,0,2,111
01/28/2006,ASE,CO,ANM,WE,Combined TRACON& Tower with Radar,29,33,53,0,115,0,0,9,0,9,29,33,62,0,124,0,0,0,124
01/29/2006,ASE,CO,ANM,WE,Combined TRACON& Tower with Radar,25,14,46,0,85,0,0,0,0,0,25,14,46,0,85,0,0,0,85
01/30/2006,ASE,CO,ANM,WE,Combined TRACON& Tower with Radar,23,36,38,0,97,0,0,3,0,3,23,36,41,0,100,0,0,0,100
01/31/2006,ASE,CO,ANM,WE,Combined TRACON& Tower with Radar,25,16,18,0,59,0,0,4,0,4,25,16,22,0,63,0,0,0,63
02/01/2006,ASE,CO,ANM,WE,Combined TRACON& Tower with Radar,23,29,38,0,90,0,3,5,0,8,23,32,43,0,98,0,0,0,98
02/02/2006,ASE,CO,ANM,WE,Combined TRACON& Tower with Radar,25,14,30,0,69,0,0,0,0,0,25,14,30,0,69,0,0,0,69
02/03/2006,ASE,CO,ANM,WE,Combined TRACON& Tower with Radar,20,27,41,0,88,0,0,3,0,3,20,27,44,0,91,0,0,0,91
02/04/2006,ASE,CO,ANM,WE,Combined TRACON& Tower with Radar,27,35,54,0,116,0,4,20,0,24,27,39,74,0,140,0,0,0,140
02/05/2006,ASE,CO,ANM,WE,Combined TRACON& Tower with Radar,27,27,54,0,108,0,0,6,0,6,27,27,60,0,114,0,0,0,114
02/06/2006,ASE,CO,ANM,WE,Combined TRACON& Tower with Radar,23,37,48,0,108,0,0,9,0,9,23,37,57,0,117,0,0,0,117
02/07/2006,ASE,CO,ANM,WE,Combined TRACON& Tower with Radar,24,19,36,0,79,0,0,36,0,36,24,19,72,0,115,16,0,16,131
02/08/2006,ASE,CO,ANM,WE,Combined TRACON& Tower with Radar,26,28,35,0,89,0,2,30,0,32,26,30,65,0,121,0,0,0,121
02/09/2006,ASE,CO,ANM,WE,Combined TRACON& Tower with Radar,46,27,50,0,123,0,0,56,0,56,46,27,106,0,179,0,0,0,179
02/10/2006,ASE,CO,ANM,WE,Combined TRACON& Tower with Radar,27,29,63,0,119,0,0,11,0,11,27,29,74,0,130,0,0,0,130
02/11/2006,ASE,CO,ANM,WE,Combined TRACON& Tower with Radar,32,35,61,0,128,0,24,18,0,42,32,59,79,0,170,0,0,0,170
02/12/2006,ASE,CO,ANM,WE,Combined TRACON& Tower with Radar,32,46,56,0,134,0,0,36,0,36,32,46,92,0,170,10,0,10,180
02/13/2006,ASE,CO,ANM,WE,Combined TRACON& Tower with Radar,25,33,56,0,114,0,0,11,0,11,25,33,67,0,125,4,0,4,129
02/14/2006,ASE,CO,ANM,WE,Combined TRACON& Tower with Radar,25,18,36,0,79,0,0,14,0,14,25,18,50,0,93,4,0,4,97
02/15/2006,ASE,CO,ANM,WE,Combined TRACON& Tower with Radar,22,35,45,0,102,0,2,7,0,9,22,37,52,0,111,0,0,0,111
02/16/2006,ASE,CO,ANM,WE,Combined TRACON& Tower with Radar,32,39,89,0,160,0,0,12,0,12,32,39,101,0,172,0,0,0,172
02/17/2006,ASE,CO,ANM,WE,Combined TRACON& Tower with Radar,26,62,119,0,207,0,0,0,0,0,26,62,119,0,207,0,0,0,207
02/18/2006,ASE,CO,ANM,WE,Combined TRACON& Tower with Radar,28,63,77,0,168,0,0,4,0,4,28,63,81,0,172,0,0,0,172
02/19/2006,ASE,CO,ANM,WE,Combined TRACON& Tower with Radar,32,37,69,0,138,0,0,2,0,2,32,37,71,0,140,4,0,4,144
02/20/2006,ASE,CO,ANM,WE,Combined TRACON& Tower with Radar,26,23,98,0,147,0,0,5,0,5,26,23,103,0,152,0,0,0,152
02/21/2006,ASE,CO,ANM,WE,Combined TRACON& Tower with Radar,32,62,85,0,179,0,0,15,0,15,32,62,100,0,194,0,0,0,194
02/22/2006,ASE,CO,ANM,WE,Combined TRACON& Tower with Radar,27,34,55,0,116,0,4,33,0,37,27,38,88,0,153,10,0,10,163
02/23/2006,ASE,CO,ANM,WE,Combined TRACON& Tower with Radar,27,37,75,0,139,0,0,27,0,27,27,37,102,0,166,0,0,0,166
02/24/2006,ASE,CO,ANM,WE,Combined TRACON& Tower with Radar,25,45,66,0,136,0,0,14,0,14,25,45,80,0,150,0,0,0,150
02/25/2006,ASE,CO,ANM,WE,Combined TRACON& Tower with Radar,34,95,79,0,208,0,0,10,0,10,34,95,89,0,218,0,0,0,218
02/26/2006,ASE,CO,ANM,WE,Combined TRACON& Tower with Radar,34,71,138,0,243,0,0,29,0,29,34,71,167,0,272,8,0,8,280
02/27/2006,ASE,CO,ANM,WE,Combined TRACON& Tower with Radar,27,22,44,0,93,0,0,42,0,42,27,22,86,0,135,20,0,20,155
02/28/2006,ASE,CO,ANM,WE,Combined TRACON& Tower with Radar,25,25,39,0,89,0,0,12,0,12,25,25,51,0,101,4,0,4,105
03/01/2006,ASE,CO,ANM,WE,Combined TRACON& Tower with Radar,27,30,46,0,103,0,3,1,0,4,27,33,47,0,107,8,0,8,115
03/02/2006,ASE,CO,ANM,WE,Combined TRACON& Tower with Radar,27,52,39,0,118,0,0,16,0,16,27,52,55,0,134,8,0,8,142
03/03/2006,ASE,CO,ANM,WE,Combined TRACON& Tower with Radar,27,27,85,0,139,0,0,25,0,25,27,27,110,0,164,0,0,0,164
03/04/2006,ASE,CO,ANM,WE,Combined TRACON& Tower with Radar,34,60,60,0,154,0,0,3,0,3,34,60,63,0,157,0,0,0,157
03/05/2006,ASE,CO,ANM,WE,Combined TRACON& Tower with Radar,36,48,93,0,177,0,0,10,0,10,36,48,103,0,187,8,0,8,195
03/06/2006,ASE,CO,ANM,WE,Combined TRACON& Tower with Radar,28,52,44,0,124,0,0,31,0,31,28,52,75,0,155,4,0,4,159
03/07/2006,ASE,CO,ANM,WE,Combined TRACON& Tower with Radar,36,35,33,0,104,0,0,8,0,8,36,35,41,0,112,0,0,0,112
03/08/2006,ASE,CO,ANM,WE,Combined TRACON& Tower with Radar,28,19,42,0,89,0,2,0,0,2,28,21,42,0,91,0,0,0,91
03/09/2006,ASE,CO,ANM,WE,Combined TRACON& Tower with Radar,23,38,56,0,117,0,0,8,0,8,23,38,64,0,125,4,0,4,129
03/10/2006,ASE,CO,ANM,WE,Combined TRACON& Tower with Radar,46,15,57,0,118,0,0,1,0,1,46,15,58,0,119,0,0,0,119
03/11/2006,ASE,CO,ANM,WE,Combined TRACON& Tower with Radar,49,52,112,0,213,0,0,0,0,0,49,52,112,0,213,0,0,0,213
03/12/2006,ASE,CO,ANM,WE,Combined TRACON& Tower with Radar,17,32,73,2,124,0,0,2,0,2,17,32,75,2,126,0,0,0,126
03/13/2006,ASE,CO,ANM,WE,Combined TRACON& Tower with Radar,25,15,34,0,74,0,0,0,0,0,25,15,34,0,74,0,0,0,74
03/14/2006,ASE,CO,ANM,WE,Combined TRACON& Tower with Radar,28,33,65,0,126,0,0,27,0,27,28,33,92,0,153,4,0,4,157
03/15/2006,ASE,CO,ANM,WE,Combined TRACON& Tower with Radar,42,11,47,0,100,0,7,1,0,8,42,18,48,0,108,0,0,0,108
03/16/2006,ASE,CO,ANM,WE,Combined TRACON& Tower with Radar,29,54,100,0,183,0,0,35,0,35,29,54,135,0,218,4,0,4,222
03/17/2006,ASE,CO,ANM,WE,Combined TRACON& Tower with Radar,27,65,123,0,215,0,0,0,0,0,27,65,123,0,215,0,0,0,215
03/18/2006,ASE,CO,ANM,WE,Combined TRACON& Tower with Radar,32,49,93,0,174,0,0,0,0,0,32,49,93,0,174,0,0,0,174
03/19/2006,ASE,CO,ANM,WE,Combined TRACON& Tower with Radar,34,62,114,0,210,0,0,7,0,7,34,62,121,0,217,0,0,0,217
03/20/2006,ASE,CO,ANM,WE,Combined TRACON& Tower with Radar,23,13,46,0,82,0,0,0,0,0,23,13,46,0,82,0,0,0,82
03/21/2006,ASE,CO,ANM,WE,Combined TRACON& Tower with Radar,27,31,62,0,120,0,0,17,0,17,27,31,79,0,137,2,0,2,139
03/22/2006,ASE,CO,ANM,WE,Combined TRACON& Tower with Radar,21,25,46,0,92,0,6,8,0,14,21,31,54,0,106,8,0,8,114
03/23/2006,ASE,CO,ANM,WE,Combined TRACON& Tower with Radar,42,39,65,0,146,0,0,41,0,41,42,39,106,0,187,4,0,4,191
03/24/2006,ASE,CO,ANM,WE,Combined TRACON& Tower with Radar,26,43,84,1,154,0,0,17,0,17,26,43,101,1,171,4,0,4,175
03/25/2006,ASE,CO,ANM,WE,Combined TRACON& Tower with Radar,33,91,117,0,241,0,0,24,0,24,33,91,141,0,265,0,0,0,265
03/26/2006,ASE,CO,ANM,WE,Combined TRACON& Tower with Radar,28,35,74,0,137,0,0,6,0,6,28,35,80,0,143,0,0,0,143
03/27/2006,ASE,CO,ANM,WE,Combined TRACON& Tower with Radar,27,65,39,0,131,0,0,42,0,42,27,65,81,0,173,4,0,4,177
03/28/2006,ASE,CO,ANM,WE,Combined TRACON& Tower with Radar,26,31,36,0,93,0,0,32,0,32,26,31,68,0,125,0,0,0,125
03/29/2006,ASE,CO,ANM,WE,Combined TRACON& Tower with Radar,26,30,38,0,94,0,0,6,0,6,26,30,44,0,100,0,0,0,100
03/30/2006,ASE,CO,ANM,WE,Combined TRACON& Tower with Radar,26,22,48,0,96,0,0,0,0,0,26,22,48,0,96,0,0,0,96
03/31/2006,ASE,CO,ANM,WE,Combined TRACON& Tower with Radar,27,59,68,0,154,0,0,25,0,25,27,59,93,0,179,0,0,0,179
04/01/2006,ASE,CO,ANM,WE,Combined TRACON& Tower with Radar,31,40,61,0,132,0,0,5,0,5,31,40,66,0,137,0,0,0,137
04/02/2006,ASE,CO,ANM,WE,Combined TRACON& Tower with Radar,19,50,86,0,155,0,0,16,0,16,19,50,102,0,171,0,0,0,171
04/03/2006,ASE,CO,ANM,WE,Combined TRACON& Tower with Radar,8,42,48,0,98,0,0,23,0,23,8,42,71,0,121,0,0,0,121
04/04/2006,ASE,CO,ANM,WE,Combined TRACON& Tower with Radar,8,20,29,0,57,0,0,19,0,19,8,20,48,0,76,0,0,0,76
04/05/2006,ASE,CO,ANM,WE,Combined TRACON& Tower with Radar,17,24,29,0,70,0,4,14,0,18,17,28,43,0,88,0,0,0,88
04/06/2006,ASE,CO,ANM,WE,Combined TRACON& Tower with Radar,15,17,31,0,63,0,0,0,0,0,15,17,31,0,63,0,0,0,63
04/07/2006,ASE,CO,ANM,WE,Combined TRACON& Tower with Radar,7,26,51,0,84,0,0,4,0,4,7,26,55,0,88,0,0,0,88
04/08/2006,ASE,CO,ANM,WE,Combined TRACON& Tower with Radar,10,47,65,0,122,0,0,30,0,30,10,47,95,0,152,14,0,14,166
04/09/2006,ASE,CO,ANM,WE,Combined TRACON& Tower with Radar,5,39,53,0,97,0,0,26,0,26,5,39,79,0,123,0,0,0,123
04/10/2006,ASE,CO,ANM,WE,Combined TRACON& Tower with Radar,2,32,32,0,66,0,0,18,0,18,2,32,50,0,84,0,0,0,84
04/11/2006,ASE,CO,ANM,WE,Combined TRACON& Tower with Radar,2,33,25,0,60,0,0,9,0,9,2,33,34,0,69,0,0,0,69
04/12/2006,ASE,CO,ANM,WE,Combined TRACON& Tower with Radar,2,40,30,0,72,0,1,25,0,26,2,41,55,0,98,12,0,12,110
04/13/2006,ASE,CO,ANM,WE,Combined TRACON& Tower with Radar,21,28,43,0,92,0,0,51,0,51,21,28,94,0,143,0,0,0,143
04/14/2006,ASE,CO,ANM,WE,Combined TRACON& Tower with Radar,15,37,40,0,92,6,0,36,0,42,21,37,76,0,134,0,0,0,134
04/15/2006,ASE,CO,ANM,WE,Combined TRACON& Tower with Radar,2,24,34,0,60,0,0,10,0,10,2,24,44,0,70,0,0,0,70
04/16/2006,ASE,CO,ANM,WE,Combined TRACON& Tower with Radar,2,34,50,0,86,2,0,0,6,8,4,34,50,6,94,0,0,0,94
04/17/2006,ASE,CO,ANM,WE,Combined TRACON& Tower with Radar,1,13,35,0,49,0,0,15,0,15,1,13,50,0,64,0,0,0,64
04/18/2006,ASE,CO,ANM,WE,Combined TRACON& Tower with Radar,3,28,15,0,46,0,0,5,0,5,3,28,20,0,51,0,0,0,51
04/19/2006,ASE,CO,ANM,WE,Combined TRACON& Tower with Radar,2,24,26,0,52,0,1,35,0,36,2,25,61,0,88,6,0,6,94
04/20/2006,ASE,CO,ANM,WE,Combined TRACON& Tower with Radar,2,26,27,0,55,0,0,20,0,20,2,26,47,0,75,0,0,0,75
04/21/2006,ASE,CO,ANM,WE,Combined TRACON& Tower with Radar,2,27,19,0,48,0,0,21,0,21,2,27,40,0,69,0,0,0,69
04/22/2006,ASE,CO,ANM,WE,Combined TRACON& Tower with Radar,1,22,9,0,32,0,0,25,0,25,1,22,34,0,57,0,0,0,57
04/23/2006,ASE,CO,ANM,WE,Combined TRACON& Tower with Radar,1,17,22,0,40,0,0,23,0,23,1,17,45,0,63,2,0,2,65
04/24/2006,ASE,CO,ANM,WE,Combined TRACON& Tower with Radar,2,23,16,0,41,0,0,8,0,8,2,23,24,0,49,0,0,0,49
04/25/2006,ASE,CO,ANM,WE,Combined TRACON& Tower with Radar,2,27,17,0,46,0,0,20,0,20,2,27,37,0,66,0,0,0,66
04/26/2006,ASE,CO,ANM,WE,Combined TRACON& Tower with Radar,2,19,11,0,32,0,5,22,2,29,2,24,33,2,61,14,0,14,75
04/27/2006,ASE,CO,ANM,WE,Combined TRACON& Tower with Radar,2,18,19,0,39,0,0,18,4,22,2,18,37,4,61,4,0,4,65
04/28/2006,ASE,CO,ANM,WE,Combined TRACON& Tower with Radar,2,23,18,0,43,0,0,17,0,17,2,23,35,0,60,0,0,0,60
04/29/2006,ASE,CO,ANM,WE,Combined TRACON& Tower with Radar,2,14,6,0,22,0,3,14,0,17,2,17,20,0,39,0,0,0,39
04/30/2006,ASE,CO,ANM,WE,Combined TRACON& Tower with Radar,2,19,13,0,34,0,0,11,0,11,2,19,24,0,45,0,0,0,45
05/01/2006,ASE,CO,ANM,WE,Combined TRACON& Tower with Radar,2,30,20,0,52,0,0,7,0,7,2,30,27,0,59,4,0,4,63
05/02/2006,ASE,CO,ANM,WE,Combined TRACON& Tower with Radar,2,16,6,0,24,0,0,18,0,18,2,16,24,0,42,0,0,0,42
05/03/2006,ASE,CO,ANM,WE,Combined TRACON& Tower with Radar,3,21,14,0,38,0,0,11,0,11,3,21,25,0,49,4,0,4,53
05/04/2006,ASE,CO,ANM,WE,Combined TRACON& Tower with Radar,3,25,19,0,47,0,0,9,0,9,3,25,28,0,56,0,0,0,56
05/05/2006,ASE,CO,ANM,WE,Combined TRACON& Tower with Radar,4,20,24,0,48,0,0,17,0,17,4,20,41,0,65,0,0,0,65
05/06/2006,ASE,CO,ANM,WE,Combined TRACON& Tower with Radar,4,16,9,0,29,0,0,11,0,11,4,16,20,0,40,0,0,0,40
05/07/2006,ASE,CO,ANM,WE,Combined TRACON& Tower with Radar,4,26,13,0,43,0,0,19,0,19,4,26,32,0,62,4,0,4,66
05/08/2006,ASE,CO,ANM,WE,Combined TRACON& Tower with Radar,4,26,18,0,48,0,0,3,0,3,4,26,21,0,51,0,0,0,51
05/09/2006,ASE,CO,ANM,WE,Combined TRACON& Tower with Radar,4,22,16,0,42,0,5,14,0,19,4,27,30,0,61,10,0,10,71
05/10/2006,ASE,CO,ANM,WE,Combined TRACON& Tower with Radar,4,19,17,0,40,0,1,37,0,38,4,20,54,0,78,8,0,8,86
05/11/2006,ASE,CO,ANM,WE,Combined TRACON& Tower with Radar,4,20,21,0,45,0,0,26,0,26,4,20,47,0,71,4,0,4,75
05/12/2006,ASE,CO,ANM,WE,Combined TRACON& Tower with Radar,3,24,20,0,47,0,0,15,0,15,3,24,35,0,62,0,0,0,62
05/13/2006,ASE,CO,ANM,WE,Combined TRACON& Tower with Radar,4,21,8,0,33,0,0,21,0,21,4,21,29,0,54,0,0,0,54
05/14/2006,ASE,CO,ANM,WE,Combined TRACON& Tower with Radar,4,26,24,0,54,0,0,9,0,9,4,26,33,0,63,0,0,0,63
05/15/2006,ASE,CO,ANM,WE,Combined TRACON& Tower with Radar,4,19,18,0,41,0,0,24,0,24,4,19,42,0,65,2,0,2,67
05/16/2006,ASE,CO,ANM,WE,Combined TRACON& Tower with Radar,4,18,20,0,42,0,0,24,0,24,4,18,44,0,66,10,0,10,76
05/17/2006,ASE,CO,ANM,WE,Combined TRACON& Tower with Radar,4,14,14,0,32,0,0,45,0,45,4,14,59,0,77,0,0,0,77
05/18/2006,ASE,CO,ANM,WE,Combined TRACON& Tower with Radar,4,24,19,0,47,0,0,11,0,11,4,24,30,0,58,0,0,0,58
05/19/2006,ASE,CO,ANM,WE,Combined TRACON& Tower with Radar,4,20,29,0,53,0,0,27,0,27,4,20,56,0,80,0,0,0,80
05/20/2006,ASE,CO,ANM,WE,Combined TRACON& Tower with Radar,4,22,18,0,44,0,0,8,0,8,4,22,26,0,52,0,0,0,52
05/21/2006,ASE,CO,ANM,WE,Combined TRACON& Tower with Radar,4,19,17,0,40,0,0,21,0,21,4,19,38,0,61,10,0,10,71
05/22/2006,ASE,CO,ANM,WE,Combined TRACON& Tower with Radar,4,18,16,0,38,0,0,18,0,18,4,18,34,0,56,2,0,2,58
05/23/2006,ASE,CO,ANM,WE,Combined TRACON& Tower with Radar,4,21,20,0,45,0,0,12,0,12,4,21,32,0,57,0,0,0,57
05/24/2006,ASE,CO,ANM,WE,Combined TRACON& Tower with Radar,4,21,26,0,51,0,0,26,0,26,4,21,52,0,77,4,0,4,81
05/25/2006,ASE,CO,ANM,WE,Combined TRACON& Tower with Radar,4,31,36,0,71,0,0,36,2,38,4,31,72,2,109,0,0,0,109
05/26/2006,ASE,CO,ANM,WE,Combined TRACON& Tower with Radar,4,34,35,0,73,0,0,27,0,27,4,34,62,0,100,10,0,10,110
05/27/2006,ASE,CO,ANM,WE,Combined TRACON& Tower with Radar,2,24,22,0,48,0,0,5,0,5,2,24,27,0,53,0,0,0,53
05/28/2006,ASE,CO,ANM,WE,Combined TRACON& Tower with Radar,4,20,16,0,40,0,0,10,0,10,4,20,26,0,50,0,0,0,50
05/29/2006,ASE,CO,ANM,WE,Combined TRACON& Tower with Radar,4,33,41,0,78,0,0,25,0,25,4,33,66,0,103,44,0,44,147
05/30/2006,ASE,CO,ANM,WE,Combined TRACON& Tower with Radar,4,19,21,0,44,0,0,18,0,18,4,19,39,0,62,12,0,12,74
05/31/2006,ASE,CO,ANM,WE,Combined TRACON& Tower with Radar,4,20,24,0,48,0,0,18,0,18,4,20,42,0,66,6,0,6,72
06/01/2006,ASE,CO,ANM,WE,Combined TRACON& Tower with Radar,4,25,35,0,64,0,0,22,0,22,4,25,57,0,86,2,0,2,88
06/02/2006,ASE,CO,ANM,WE,Combined TRACON& Tower with Radar,4,32,26,0,62,0,3,49,2,54,4,35,75,2,116,18,0,18,134
06/03/2006,ASE,CO,ANM,WE,Combined TRACON& Tower with Radar,4,26,20,0,50,0,0,11,2,13,4,26,31,2,63,2,0,2,65
06/04/2006,ASE,CO,ANM,WE,Combined TRACON& Tower with Radar,4,32,31,0,67,0,0,23,0,23,4,32,54,0,90,0,0,0,90
06/05/2006,ASE,CO,ANM,WE,Combined TRACON& Tower with Radar,4,30,19,0,53,0,0,18,0,18,4,30,37,0,71,0,0,0,71
06/06/2006,ASE,CO,ANM,WE,Combined TRACON& Tower with Radar,4,29,15,5,53,0,0,18,0,18,4,29,33,5,71,2,0,2,73
06/07/2006,ASE,CO,ANM,WE,Combined TRACON& Tower with Radar,5,29,23,0,57,0,0,32,0,32,5,29,55,0,89,14,0,14,103
06/08/2006,ASE,CO,ANM,WE,Combined TRACON& Tower with Radar,12,20,27,0,59,0,0,24,0,24,12,20,51,0,83,0,0,0,83
06/09/2006,ASE,CO,ANM,WE,Combined TRACON& Tower with Radar,16,33,39,0,88,0,0,24,0,24,16,33,63,0,112,8,0,8,120
06/10/2006,ASE,CO,ANM,WE,Combined TRACON& Tower with Radar,15,29,24,0,68,0,0,24,0,24,15,29,48,0,92,6,0,6,98
06/11/2006,ASE,CO,ANM,WE,Combined TRACON& Tower with Radar,17,41,44,0,102,0,4,19,0,23,17,45,63,0,125,0,0,0,125
06/12/2006,ASE,CO,ANM,WE,Combined TRACON& Tower with Radar,14,38,38,0,90,0,0,27,0,27,14,38,65,0,117,8,0,8,125
06/13/2006,ASE,CO,ANM,WE,Combined TRACON& Tower with Radar,12,25,16,3,56,0,0,24,0,24,12,25,40,3,80,8,0,8,88
06/14/2006,ASE,CO,ANM,WE,Combined TRACON& Tower with Radar,8,28,49,0,85,0,0,23,0,23,8,28,72,0,108,0,0,0,108
06/15/2006,ASE,CO,ANM,WE,Combined TRACON& Tower with Radar,14,61,90,0,165,0,0,31,0,31,14,61,121,0,196,0,0,0,196
06/16/2006,ASE,CO,ANM,WE,Combined TRACON& Tower with Radar,15,49,50,0,114,0,3,21,0,24,15,52,71,0,138,0,0,0,138
06/17/2006,ASE,CO,ANM,WE,Combined TRACON& Tower with Radar,17,33,56,0,106,0,0,31,0,31,17,33,87,0,137,14,0,14,151
06/18/2006,ASE,CO,ANM,WE,Combined TRACON& Tower with Radar,19,57,59,0,135,0,2,53,0,55,19,59,112,0,190,0,0,0,190
06/19/2006,ASE,CO,ANM,WE,Combined TRACON& Tower with Radar,12,29,50,0,91,0,0,35,0,35,12,29,85,0,126,0,0,0,126
06/20/2006,ASE,CO,ANM,WE,Combined TRACON& Tower with Radar,14,46,46,0,106,0,0,20,0,20,14,46,66,0,126,6,0,6,132
06/21/2006,ASE,CO,ANM,WE,Combined TRACON& Tower with Radar,12,37,46,0,95,0,0,27,0,27,12,37,73,0,122,0,0,0,122
06/22/2006,ASE,CO,ANM,WE,Combined TRACON& Tower with Radar,14,38,58,0,110,0,0,15,0,15,14,38,73,0,125,0,0,0,125
06/23/2006,ASE,CO,ANM,WE,Combined TRACON& Tower with Radar,16,53,79,0,148,0,3,43,1,47,16,56,122,1,195,10,0,10,205
06/24/2006,ASE,CO,ANM,WE,Combined TRACON& Tower with Radar,17,35,64,0,116,0,0,21,0,21,17,35,85,0,137,10,0,10,147
06/25/2006,ASE,CO,ANM,WE,Combined TRACON& Tower with Radar,18,55,62,0,135,0,0,5,0,5,18,55,67,0,140,0,0,0,140
06/26/2006,ASE,CO,ANM,WE,Combined TRACON& Tower with Radar,14,31,68,0,113,0,0,16,0,16,14,31,84,0,129,0,0,0,129
06/27/2006,ASE,CO,ANM,WE,Combined TRACON& Tower with Radar,9,45,44,0,98,0,0,18,0,18,9,45,62,0,116,0,0,0,116
06/28/2006,ASE,CO,ANM,WE,Combined TRACON& Tower with Radar,16,49,78,0,143,0,0,16,0,16,16,49,94,0,159,0,0,0,159
06/29/2006,ASE,CO,ANM,WE,Combined TRACON& Tower with Radar,14,87,64,0,165,0,0,27,0,27,14,87,91,0,192,0,0,0,192
06/30/2006,ASE,CO,ANM,WE,Combined TRACON& Tower with Radar,15,101,161,0,277,0,0,19,2,21,15,101,180,2,298,0,0,0,298
07/01/2006,ASE,CO,ANM,WE,Combined TRACON& Tower with Radar,17,79,104,0,200,0,0,8,0,8,17,79,112,0,208,0,0,0,208
07/02/2006,ASE,CO,ANM,WE,Combined TRACON& Tower with Radar,20,61,57,0,138,0,0,11,0,11,20,61,68,0,149,0,0,0,149
07/03/2006,ASE,CO,ANM,WE,Combined TRACON& Tower with Radar,12,32,60,0,104,0,0,24,0,24,12,32,84,0,128,0,0,0,128
07/04/2006,ASE,CO,ANM,WE,Combined TRACON& Tower with Radar,15,56,35,0,106,0,0,12,0,12,15,56,47,0,118,0,0,0,118
07/05/2006,ASE,CO,ANM,WE,Combined TRACON& Tower with Radar,18,74,133,0,225,0,0,13,0,13,18,74,146,0,238,0,0,0,238
07/06/2006,ASE,CO,ANM,WE,Combined TRACON& Tower with Radar,18,68,96,0,182,0,0,9,0,9,18,68,105,0,191,0,0,0,191
07/07/2006,ASE,CO,ANM,WE,Combined TRACON& Tower with Radar,18,83,63,0,164,0,0,19,0,19,18,83,82,0,183,0,0,0,183
07/08/2006,ASE,CO,ANM,WE,Combined TRACON& Tower with Radar,25,73,106,0,204,0,0,10,0,10,25,73,116,0,214,0,0,0,214
07/09/2006,ASE,CO,ANM,WE,Combined TRACON& Tower with Radar,21,104,111,0,236,0,0,3,0,3,21,104,114,0,239,0,0,0,239
07/10/2006,ASE,CO,ANM,WE,Combined TRACON& Tower with Radar,18,67,68,0,153,0,0,25,0,25,18,67,93,0,178,2,0,2,180
07/11/2006,ASE,CO,ANM,WE,Combined TRACON& Tower with Radar,18,66,63,0,147,0,0,20,0,20,18,66,83,0,167,0,0,0,167
07/12/2006,ASE,CO,ANM,WE,Combined TRACON& Tower with Radar,18,69,66,0,153,0,0,20,0,20,18,69,86,0,173,0,0,0,173
07/13/2006,ASE,CO,ANM,WE,Combined TRACON& Tower with Radar,18,58,80,0,156,0,0,38,0,38,18,58,118,0,194,0,0,0,194
07/14/2006,ASE,CO,ANM,WE,Combined TRACON& Tower with Radar,18,73,43,0,134,0,0,31,0,31,18,73,74,0,165,0,0,0,165
07/15/2006,ASE,CO,ANM,WE,Combined TRACON& Tower with Radar,20,60,59,0,139,0,0,39,0,39,20,60,98,0,178,4,0,4,182
07/16/2006,ASE,CO,ANM,WE,Combined TRACON& Tower with Radar,22,70,92,0,184,0,0,23,0,23,22,70,115,0,207,0,0,0,207
07/17/2006,ASE,CO,ANM,WE,Combined TRACON& Tower with Radar,17,43,45,0,105,0,0,33,0,33,17,43,78,0,138,0,0,0,138
07/18/2006,ASE,CO,ANM,WE,Combined TRACON& Tower with Radar,17,44,54,0,115,0,0,32,0,32,17,44,86,0,147,0,0,0,147
07/19/2006,ASE,CO,ANM,WE,Combined TRACON& Tower with Radar,17,56,51,0,124,0,0,39,1,40,17,56,90,1,164,6,0,6,170
07/20/2006,ASE,CO,ANM,WE,Combined TRACON& Tower with Radar,15,57,61,0,133,0,0,22,0,22,15,57,83,0,155,0,0,0,155
07/21/2006,ASE,CO,ANM,WE,Combined TRACON& Tower with Radar,18,57,75,0,150,0,4,42,0,46,18,61,117,0,196,10,0,10,206
07/22/2006,ASE,CO,ANM,WE,Combined TRACON& Tower with Radar,18,58,63,0,139,0,0,18,0,18,18,58,81,0,157,0,0,0,157
07/23/2006,ASE,CO,ANM,WE,Combined TRACON& Tower with Radar,23,53,94,0,170,0,0,17,0,17,23,53,111,0,187,0,0,0,187
07/24/2006,ASE,CO,ANM,WE,Combined TRACON& Tower with Radar,18,50,64,0,132,0,0,32,0,32,18,50,96,0,164,4,0,4,168
07/25/2006,ASE,CO,ANM,WE,Combined TRACON& Tower with Radar,18,47,67,0,132,0,0,34,4,38,18,47,101,4,170,0,0,0,170
07/26/2006,ASE,CO,ANM,WE,Combined TRACON& Tower with Radar,17,43,76,0,136,0,0,26,0,26,17,43,102,0,162,8,0,8,170
07/27/2006,ASE,CO,ANM,WE,Combined TRACON& Tower with Radar,18,49,87,0,154,0,0,21,0,21,18,49,108,0,175,0,0,0,175
07/28/2006,ASE,CO,ANM,WE,Combined TRACON& Tower with Radar,20,67,74,0,161,0,0,39,2,41,20,67,113,2,202,10,2,12,214
07/29/2006,ASE,CO,ANM,WE,Combined TRACON& Tower with Radar,16,50,56,0,122,0,4,36,0,40,16,54,92,0,162,4,0,4,166
07/30/2006,ASE,CO,ANM,WE,Combined TRACON& Tower with Radar,13,79,78,0,170,0,0,50,0,50,13,79,128,0,220,0,0,0,220
07/31/2006,ASE,CO,ANM,WE,Combined TRACON& Tower with Radar,19,65,83,0,167,0,0,12,0,12,19,65,95,0,179,0,0,0,179
08/01/2006,ASE,CO,ANM,WE,Combined TRACON& Tower with Radar,16,57,74,0,147,0,0,11,0,11,16,57,85,0,158,0,0,0,158
08/02/2006,ASE,CO,ANM,WE,Combined TRACON& Tower with Radar,18,62,73,0,153,0,0,83,0,83,18,62,156,0,236,0,0,0,236
08/03/2006,ASE,CO,ANM,WE,Combined TRACON& Tower with Radar,18,48,83,0,149,0,0,29,0,29,18,48,112,0,178,0,0,0,178
08/04/2006,ASE,CO,ANM,WE,Combined TRACON& Tower with Radar,18,68,83,0,169,0,8,30,0,38,18,76,113,0,207,4,0,4,211
08/05/2006,ASE,CO,ANM,WE,Combined TRACON& Tower with Radar,21,68,84,0,173,0,0,23,0,23,21,68,107,0,196,0,0,0,196
08/06/2006,ASE,CO,ANM,WE,Combined TRACON& Tower with Radar,22,81,110,0,213,0,0,14,0,14,22,81,124,0,227,0,0,0,227
08/07/2006,ASE,CO,ANM,WE,Combined TRACON& Tower with Radar,16,63,64,0,143,0,0,26,0,26,16,63,90,0,169,0,0,0,169
08/08/2006,ASE,CO,ANM,WE,Combined TRACON& Tower with Radar,20,59,73,1,153,0,0,36,0,36,20,59,109,1,189,2,0,2,191
08/09/2006,ASE,CO,ANM,WE,Combined TRACON& Tower with Radar,17,66,70,0,153,0,0,40,2,42,17,66,110,2,195,2,0,2,197
08/10/2006,ASE,CO,ANM,WE,Combined TRACON& Tower with Radar,18,67,93,0,178,0,0,45,2,47,18,67,138,2,225,0,0,0,225
08/11/2006,ASE,CO,ANM,WE,Combined TRACON& Tower with Radar,20,74,58,0,152,0,0,48,0,48,20,74,106,0,200,0,0,0,200
08/12/2006,ASE,CO,ANM,WE,Combined TRACON& Tower with Radar,22,62,59,0,143,0,0,12,0,12,22,62,71,0,155,0,0,0,155
08/13/2006,ASE,CO,ANM,WE,Combined TRACON& Tower with Radar,21,96,115,0,232,0,0,22,0,22,21,96,137,0,254,0,0,0,254
08/14/2006,ASE,CO,ANM,WE,Combined TRACON& Tower with Radar,16,70,76,0,162,0,0,25,0,25,16,70,101,0,187,0,0,0,187
08/15/2006,ASE,CO,ANM,WE,Combined TRACON& Tower with Radar,16,49,60,0,125,0,0,27,0,27,16,49,87,0,152,0,0,0,152
08/16/2006,ASE,CO,ANM,WE,Combined TRACON& Tower with Radar,18,52,83,0,153,0,0,29,0,29,18,52,112,0,182,0,0,0,182
08/17/2006,ASE,CO,ANM,WE,Combined TRACON& Tower with Radar,17,58,70,0,145,0,0,23,0,23,17,58,93,0,168,0,0,0,168
08/18/2006,ASE,CO,ANM,WE,Combined TRACON& Tower with Radar,20,77,92,0,189,0,6,38,1,45,20,83,130,1,234,0,0,0,234
08/19/2006,ASE,CO,ANM,WE,Combined TRACON& Tower with Radar,18,55,59,0,132,0,0,9,0,9,18,55,68,0,141,0,0,0,141
08/20/2006,ASE,CO,ANM,WE,Combined TRACON& Tower with Radar,22,72,94,0,188,0,0,12,0,12,22,72,106,0,200,0,0,0,200
08/21/2006,ASE,CO,ANM,WE,Combined TRACON& Tower with Radar,18,58,83,0,159,0,0,30,0,30,18,58,113,0,189,0,0,0,189
08/22/2006,ASE,CO,ANM,WE,Combined TRACON& Tower with Radar,19,47,61,0,127,0,0,25,0,25,19,47,86,0,152,0,0,0,152
08/23/2006,ASE,CO,ANM,WE,Combined TRACON& Tower with Radar,17,46,42,0,105,0,0,45,0,45,17,46,87,0,150,0,0,0,150
08/24/2006,ASE,CO,ANM,WE,Combined TRACON& Tower with Radar,17,63,49,0,129,0,0,35,0,35,17,63,84,0,164,4,1,5,169
08/25/2006,ASE,CO,ANM,WE,Combined TRACON& Tower with Radar,17,50,72,0,139,0,6,23,0,29,17,56,95,0,168,8,0,8,176
08/26/2006,ASE,CO,ANM,WE,Combined TRACON& Tower with Radar,22,62,64,0,148,0,10,11,0,21,22,72,75,0,169,0,0,0,169
08/27/2006,ASE,CO,ANM,WE,Combined TRACON& Tower with Radar,26,57,71,0,154,0,0,31,0,31,26,57,102,0,185,0,0,0,185
08/28/2006,ASE,CO,ANM,WE,Combined TRACON& Tower with Radar,18,47,42,0,107,0,0,29,0,29,18,47,71,0,136,0,0,0,136
08/29/2006,ASE,CO,ANM,WE,Combined TRACON& Tower with Radar,18,49,46,0,113,0,0,31,4,35,18,49,77,4,148,0,0,0,148
08/30/2006,ASE,CO,ANM,WE,Combined TRACON& Tower with Radar,18,41,40,0,99,0,0,29,1,30,18,41,69,1,129,0,0,0,129
08/31/2006,ASE,CO,ANM,WE,Combined TRACON& Tower with Radar,18,55,58,0,131,0,0,31,0,31,18,55,89,0,162,0,0,0,162
09/01/2006,ASE,CO,ANM,WE,Combined TRACON& Tower with Radar,20,87,97,0,204,0,0,28,0,28,20,87,125,0,232,0,0,0,232
09/02/2006,ASE,CO,ANM,WE,Combined TRACON& Tower with Radar,17,49,53,0,119,0,0,32,0,32,17,49,85,0,151,0,0,0,151
09/03/2006,ASE,CO,ANM,WE,Combined TRACON& Tower with Radar,19,54,39,0,112,0,0,36,0,36,19,54,75,0,148,0,0,0,148
09/04/2006,ASE,CO,ANM,WE,Combined TRACON& Tower with Radar,16,73,109,0,198,0,0,37,0,37,16,73,146,0,235,10,0,10,245
09/05/2006,ASE,CO,ANM,WE,Combined TRACON& Tower with Radar,16,60,67,0,143,0,0,33,0,33,16,60,100,0,176,0,0,0,176
09/06/2006,ASE,CO,ANM,WE,Combined TRACON& Tower with Radar,6,41,39,0,86,0,0,23,0,23,6,41,62,0,109,6,0,6,115
09/07/2006,ASE,CO,ANM,WE,Combined TRACON& Tower with Radar,6,40,43,0,89,0,0,18,0,18,6,40,61,0,107,0,0,0,107
09/08/2006,ASE,CO,ANM,WE,Combined TRACON& Tower with Radar,6,39,38,0,83,0,0,4,0,4,6,39,42,0,87,0,0,0,87
09/09/2006,ASE,CO,ANM,WE,Combined TRACON& Tower with Radar,6,44,38,0,88,0,0,0,0,0,6,44,38,0,88,0,0,0,88
09/10/2006,ASE,CO,ANM,WE,Combined TRACON& Tower with Radar,5,37,46,0,88,0,0,11,0,11,5,37,57,0,99,0,0,0,99
09/11/2006,ASE,CO,ANM,WE,Combined TRACON& Tower with Radar,4,22,32,0,58,0,0,27,0,27,4,22,59,0,85,2,0,2,87
09/12/2006,ASE,CO,ANM,WE,Combined TRACON& Tower with Radar,5,46,42,0,93,0,0,52,0,52,5,46,94,0,145,2,0,2,147
09/13/2006,ASE,CO,ANM,WE,Combined TRACON& Tower with Radar,6,35,50,0,91,0,0,22,0,22,6,35,72,0,113,0,0,0,113
09/14/2006,ASE,CO,ANM,WE,Combined TRACON& Tower with Radar,6,54,99,0,159,0,0,34,0,34,6,54,133,0,193,0,0,0,193
09/15/2006,ASE,CO,ANM,WE,Combined TRACON& Tower with Radar,7,56,67,0,130,0,0,6,0,6,7,56,73,0,136,0,0,0,136
09/16/2006,ASE,CO,ANM,WE,Combined TRACON& Tower with Radar,6,55,52,0,113,0,0,6,1,7,6,55,58,1,120,0,0,0,120
09/17/2006,ASE,CO,ANM,WE,Combined TRACON& Tower with Radar,6,71,83,0,160,0,0,38,0,38,6,71,121,0,198,0,0,0,198
09/18/2006,ASE,CO,ANM,WE,Combined TRACON& Tower with Radar,6,36,47,0,89,0,0,22,0,22,6,36,69,0,111,2,1,3,114
09/19/2006,ASE,CO,ANM,WE,Combined TRACON& Tower with Radar,6,33,30,0,69,0,0,35,0,35,6,33,65,0,104,0,0,0,104
09/20/2006,ASE,CO,ANM,WE,Combined TRACON& Tower with Radar,6,33,47,0,86,0,0,21,0,21,6,33,68,0,107,0,0,0,107
09/21/2006,ASE,CO,ANM,WE,Combined TRACON& Tower with Radar,6,29,31,0,66,0,0,2,0,2,6,29,33,0,68,0,0,0,68
09/22/2006,ASE,CO,ANM,WE,Combined TRACON& Tower with Radar,3,24,32,0,59,0,0,0,0,0,3,24,32,0,59,0,0,0,59
09/23/2006,ASE,CO,ANM,WE,Combined TRACON& Tower with Radar,9,32,30,0,71,0,2,10,0,12,9,34,40,0,83,0,0,0,83
09/24/2006,ASE,CO,ANM,WE,Combined TRACON& Tower with Radar,8,42,58,0,108,0,0,39,0,39,8,42,97,0,147,0,0,0,147
09/25/2006,ASE,CO,ANM,WE,Combined TRACON& Tower with Radar,6,32,37,0,75,0,0,21,4,25,6,32,58,4,100,0,0,0,100
09/26/2006,ASE,CO,ANM,WE,Combined TRACON& Tower with Radar,6,37,31,0,74,0,0,33,0,33,6,37,64,0,107,6,0,6,113
09/27/2006,ASE,CO,ANM,WE,Combined TRACON& Tower with Radar,6,44,36,0,86,0,0,25,0,25,6,44,61,0,111,0,0,0,111
09/28/2006,ASE,CO,ANM,WE,Combined TRACON& Tower with Radar,6,40,60,0,106,0,0,21,0,21,6,40,81,0,127,0,0,0,127
09/29/2006,ASE,CO,ANM,WE,Combined TRACON& Tower with Radar,6,53,53,0,112,0,0,48,0,48,6,53,101,0,160,0,0,0,160
09/30/2006,ASE,CO,ANM,WE,Combined TRACON& Tower with Radar,6,27,37,0,70,0,0,42,0,42,6,27,79,0,112,0,0,0,112
10/01/2006,ASE,CO,ANM,WE,Combined TRACON& Tower with Radar,6,45,63,0,114,0,0,29,0,29,6,45,92,0,143,0,0,0,143
10/02/2006,ASE,CO,ANM,WE,Combined TRACON& Tower with Radar,6,31,32,0,69,0,0,15,0,15,6,31,47,0,84,0,0,0,84
10/03/2006,ASE,CO,ANM,WE,Combined TRACON& Tower with Radar,6,34,30,0,70,0,0,0,0,0,6,34,30,0,70,0,0,0,70
10/04/2006,ASE,CO,ANM,WE,Combined TRACON& Tower with Radar,6,21,32,0,59,0,0,26,0,26,6,21,58,0,85,0,0,0,85
10/05/2006,ASE,CO,ANM,WE,Combined TRACON& Tower with Radar,6,41,28,0,75,0,0,3,0,3,6,41,31,0,78,0,0,0,78
10/06/2006,ASE,CO,ANM,WE,Combined TRACON& Tower with Radar,5,26,46,0,77,0,3,5,0,8,5,29,51,0,85,0,0,0,85
10/07/2006,ASE,CO,ANM,WE,Combined TRACON& Tower with Radar,6,28,16,0,50,0,0,12,0,12,6,28,28,0,62,2,0,2,64
10/08/2006,ASE,CO,ANM,WE,Combined TRACON& Tower with Radar,5,26,60,0,91,0,0,0,0,0,5,26,60,0,91,0,0,0,91
10/09/2006,ASE,CO,ANM,WE,Combined TRACON& Tower with Radar,5,34,39,0,78,0,0,3,0,3,5,34,42,0,81,0,0,0,81
10/10/2006,ASE,CO,ANM,WE,Combined TRACON& Tower with Radar,5,18,18,0,41,0,0,0,0,0,5,18,18,0,41,0,0,0,41
10/11/2006,ASE,CO,ANM,WE,Combined TRACON& Tower with Radar,6,24,27,0,57,0,0,13,0,13,6,24,40,0,70,0,0,0,70
10/12/2006,ASE,CO,ANM,WE,Combined TRACON& Tower with Radar,6,24,22,0,52,0,0,22,0,22,6,24,44,0,74,0,0,0,74
10/13/2006,ASE,CO,ANM,WE,Combined TRACON& Tower with Radar,6,27,24,0,57,0,0,36,1,37,6,27,60,1,94,1,0,1,95
10/14/2006,ASE,CO,ANM,WE,Combined TRACON& Tower with Radar,6,24,26,0,56,0,0,6,0,6,6,24,32,0,62,0,0,0,62
10/15/2006,ASE,CO,ANM,WE,Combined TRACON& Tower with Radar,6,21,22,0,49,0,0,10,0,10,6,21,32,0,59,0,0,0,59
10/16/2006,ASE,CO,ANM,WE,Combined TRACON& Tower with Radar,3,26,24,0,53,0,0,14,0,14,3,26,38,0,67,0,0,0,67
10/17/2006,ASE,CO,ANM,WE,Combined TRACON& Tower with Radar,0,19,14,0,33,0,0,0,0,0,0,19,14,0,33,0,0,0,33
10/18/2006,ASE,CO,ANM,WE,Combined TRACON& Tower with Radar,5,26,27,0,58,0,0,5,0,5,5,26,32,0,63,0,0,0,63
10/19/2006,ASE,CO,ANM,WE,Combined TRACON& Tower with Radar,5,23,25,0,53,0,0,13,0,13,5,23,38,0,66,0,0,0,66
10/20/2006,ASE,CO,ANM,WE,Combined TRACON& Tower with Radar,4,18,29,0,51,0,0,0,1,1,4,18,29,1,52,0,0,0,52
10/21/2006,ASE,CO,ANM,WE,Combined TRACON& Tower with Radar,6,14,14,0,34,0,0,3,0,3,6,14,17,0,37,0,0,0,37
10/22/2006,ASE,CO,ANM,WE,Combined TRACON& Tower with Radar,6,28,34,0,68,0,0,9,0,9,6,28,43,0,77,0,0,0,77
10/23/2006,ASE,CO,ANM,WE,Combined TRACON& Tower with Radar,6,20,24,0,50,0,0,27,0,27,6,20,51,0,77,6,0,6,83
10/24/2006,ASE,CO,ANM,WE,Combined TRACON& Tower with Radar,6,21,13,0,40,0,0,18,0,18,6,21,31,0,58,2,0,2,60
10/25/2006,ASE,CO,ANM,WE,Combined TRACON& Tower with Radar,3,14,20,0,37,0,0,3,0,3,3,14,23,0,40,0,0,0,40
10/26/2006,ASE,CO,ANM,WE,Combined TRACON& Tower with Radar,3,19,6,0,28,0,0,0,0,0,3,19,6,0,28,0,0,0,28
10/27/2006,ASE,CO,ANM,WE,Combined TRACON& Tower with Radar,4,29,27,0,60,0,1,26,0,27,4,30,53,0,87,4,8,12,99
10/28/2006,ASE,CO,ANM,WE,Combined TRACON& Tower with Radar,4,17,18,0,39,0,0,29,6,35,4,17,47,6,74,0,0,0,74
10/29/2006,ASE,CO,ANM,WE,Combined TRACON& Tower with Radar,6,23,22,0,51,0,0,11,0,11,6,23,33,0,62,0,0,0,62
10/30/2006,ASE,CO,ANM,WE,Combined TRACON& Tower with Radar,5,17,15,0,37,0,0,12,0,12,5,17,27,0,49,0,0,0,49
10/31/2006,ASE,CO,ANM,WE,Combined TRACON& Tower with Radar,6,16,27,0,49,0,0,14,0,14,6,16,41,0,63,0,0,0,63
11/01/2006,ASE,CO,ANM,WE,Combined TRACON& Tower with Radar,5,17,17,0,39,0,0,30,0,30,5,17,47,0,69,0,0,0,69
11/02/2006,ASE,CO,ANM,WE,Combined TRACON& Tower with Radar,6,13,20,0,39,0,0,11,0,11,6,13,31,0,50,0,0,0,50
11/03/2006,ASE,CO,ANM,WE,Combined TRACON& Tower with Radar,6,21,16,0,43,0,0,28,0,28,6,21,44,0,71,0,0,0,71
11/04/2006,ASE,CO,ANM,WE,Combined TRACON& Tower with Radar,6,19,11,0,36,0,7,13,0,20,6,26,24,0,56,0,0,0,56
11/05/2006,ASE,CO,ANM,WE,Combined TRACON& Tower with Radar,6,15,41,0,62,0,0,16,0,16,6,15,57,0,78,0,0,0,78
11/06/2006,ASE,CO,ANM,WE,Combined TRACON& Tower with Radar,6,18,23,0,47,0,0,10,0,10,6,18,33,0,57,0,0,0,57
11/07/2006,ASE,CO,ANM,WE,Combined TRACON& Tower with Radar,5,16,19,0,40,0,0,19,0,19,5,16,38,0,59,0,0,0,59
11/08/2006,ASE,CO,ANM,WE,Combined TRACON& Tower with Radar,7,18,13,0,38,0,0,18,0,18,7,18,31,0,56,2,0,2,58
11/09/2006,ASE,CO,ANM,WE,Combined TRACON& Tower with Radar,6,17,25,0,48,0,0,10,0,10,6,17,35,0,58,0,0,0,58
11/10/2006,ASE,CO,ANM,WE,Combined TRACON& Tower with Radar,6,19,19,0,44,0,3,20,0,23,6,22,39,0,67,4,0,4,71
11/11/2006,ASE,CO,ANM,WE,Combined TRACON& Tower with Radar,6,16,20,0,42,0,0,15,4,19,6,16,35,4,61,0,0,0,61
11/12/2006,ASE,CO,ANM,WE,Combined TRACON& Tower with Radar,4,11,28,0,43,0,0,0,0,0,4,11,28,0,43,0,0,0,43
11/13/2006,ASE,CO,ANM,WE,Combined TRACON& Tower with Radar,6,5,14,0,25,0,0,2,0,2,6,5,16,0,27,0,0,0,27
11/14/2006,ASE,CO,ANM,WE,Combined TRACON& Tower with Radar,6,5,13,0,24,0,0,0,0,0,6,5,13,0,24,0,0,0,24
11/15/2006,ASE,CO,ANM,WE,Combined TRACON& Tower with Radar,6,21,22,0,49,0,0,14,0,14,6,21,36,0,63,0,0,0,63
11/16/2006,ASE,CO,ANM,WE,Combined TRACON& Tower with Radar,6,15,22,0,43,0,0,35,0,35,6,15,57,0,78,8,0,8,86
11/17/2006,ASE,CO,ANM,WE,Combined TRACON& Tower with Radar,6,26,34,0,66,0,0,32,0,32,6,26,66,0,98,4,0,4,102
11/18/2006,ASE,CO,ANM,WE,Combined TRACON& Tower with Radar,6,29,24,0,59,0,1,25,0,26,6,30,49,0,85,0,0,0,85
11/19/2006,ASE,CO,ANM,WE,Combined TRACON& Tower with Radar,5,19,27,0,51,0,0,30,0,30,5,19,57,0,81,0,0,0,81
11/20/2006,ASE,CO,ANM,WE,Combined TRACON& Tower with Radar,6,31,27,0,64,0,0,24,0,24,6,31,51,0,88,4,0,4,92
11/21/2006,ASE,CO,ANM,WE,Combined TRACON& Tower with Radar,6,25,68,0,99,0,0,34,0,34,6,25,102,0,133,0,0,0,133
11/22/2006,ASE,CO,ANM,WE,Combined TRACON& Tower with Radar,7,54,105,0,166,0,0,22,0,22,7,54,127,0,188,0,0,0,188
11/23/2006,ASE,CO,ANM,WE,Combined TRACON& Tower with Radar,3,21,14,0,38,0,0,5,0,5,3,21,19,0,43,0,0,0,43
11/24/2006,ASE,CO,ANM,WE,Combined TRACON& Tower with Radar,3,27,19,0,49,0,0,21,0,21,3,27,40,0,70,4,0,4,74
11/25/2006,ASE,CO,ANM,WE,Combined TRACON& Tower with Radar,5,37,72,0,114,0,0,0,0,0,5,37,72,0,114,0,0,0,114
11/26/2006,ASE,CO,ANM,WE,Combined TRACON& Tower with Radar,6,62,131,0,199,0,0,0,0,0,6,62,131,0,199,0,0,0,199
11/27/2006,ASE,CO,ANM,WE,Combined TRACON& Tower with Radar,3,28,42,0,73,0,0,13,0,13,3,28,55,0,86,0,0,0,86
11/28/2006,ASE,CO,ANM,WE,Combined TRACON& Tower with Radar,0,0,0,0,0,0,0,0,0,0,0,0,0,0,0,0,0,0,0
11/29/2006,ASE,CO,ANM,WE,Combined TRACON& Tower with Radar,2,3,4,0,9,0,0,0,0,0,2,3,4,0,9,0,0,0,9
11/30/2006,ASE,CO,ANM,WE,Combined TRACON& Tower with Radar,5,26,33,0,64,0,0,25,0,25,5,26,58,0,89,0,0,0,89
12/01/2006,ASE,CO,ANM,WE,Combined TRACON& Tower with Radar,10,21,28,0,59,0,1,3,0,4,10,22,31,0,63,0,0,0,63
12/02/2006,ASE,CO,ANM,WE,Combined TRACON& Tower with Radar,9,20,17,0,46,0,3,5,0,8,9,23,22,0,54,0,10,10,64
12/03/2006,ASE,CO,ANM,WE,Combined TRACON& Tower with Radar,9,38,33,0,80,0,0,20,0,20,9,38,53,0,100,0,0,0,100
12/04/2006,ASE,CO,ANM,WE,Combined TRACON& Tower with Radar,11,25,23,0,59,0,0,39,0,39,11,25,62,0,98,2,0,2,100
12/05/2006,ASE,CO,ANM,WE,Combined TRACON& Tower with Radar,10,20,21,0,51,0,0,26,0,26,10,20,47,0,77,0,0,0,77
12/06/2006,ASE,CO,ANM,WE,Combined TRACON& Tower with Radar,11,30,21,0,62,0,0,25,0,25,11,30,46,0,87,0,0,0,87
12/07/2006,ASE,CO,ANM,WE,Combined TRACON& Tower with Radar,10,33,45,0,88,0,0,11,0,11,10,33,56,0,99,0,0,0,99
12/08/2006,ASE,CO,ANM,WE,Combined TRACON& Tower with Radar,10,33,36,0,79,0,1,21,0,22,10,34,57,0,101,0,0,0,101
12/09/2006,ASE,CO,ANM,WE,Combined TRACON& Tower with Radar,10,16,21,0,47,0,6,14,0,20,10,22,35,0,67,0,0,0,67
12/10/2006,ASE,CO,ANM,WE,Combined TRACON& Tower with Radar,8,44,41,0,93,0,0,19,0,19,8,44,60,0,112,0,0,0,112
12/11/2006,ASE,CO,ANM,WE,Combined TRACON& Tower with Radar,9,17,26,0,52,0,0,0,0,0,9,17,26,0,52,0,0,0,52
12/12/2006,ASE,CO,ANM,WE,Combined TRACON& Tower with Radar,10,24,23,0,57,0,0,12,3,15,10,24,35,3,72,6,1,7,79
12/13/2006,ASE,CO,ANM,WE,Combined TRACON& Tower with Radar,11,29,32,0,72,0,0,16,0,16,11,29,48,0,88,0,0,0,88
12/14/2006,ASE,CO,ANM,WE,Combined TRACON& Tower with Radar,28,30,26,0,84,0,0,12,0,12,28,30,38,0,96,0,0,0,96
12/15/2006,ASE,CO,ANM,WE,Combined TRACON& Tower with Radar,35,45,78,0,158,0,2,17,0,19,35,47,95,0,177,0,0,0,177
12/16/2006,ASE,CO,ANM,WE,Combined TRACON& Tower with Radar,42,69,59,0,170,0,0,5,0,5,42,69,64,0,175,0,0,0,175
12/17/2006,ASE,CO,ANM,WE,Combined TRACON& Tower with Radar,24,7,32,0,63,0,0,0,0,0,24,7,32,0,63,0,0,0,63
12/18/2006,ASE,CO,ANM,WE,Combined TRACON& Tower with Radar,32,42,60,0,134,0,0,14,0,14,32,42,74,0,148,0,0,0,148
12/19/2006,ASE,CO,ANM,WE,Combined TRACON& Tower with Radar,18,7,27,0,52,0,0,0,0,0,18,7,27,0,52,0,0,0,52
12/20/2006,ASE,CO,ANM,WE,Combined TRACON& Tower with Radar,6,10,9,0,25,0,0,0,0,0,6,10,9,0,25,0,0,0,25
12/21/2006,ASE,CO,ANM,WE,Combined TRACON& Tower with Radar,8,50,116,0,174,0,0,13,0,13,8,50,129,0,187,0,0,0,187
12/22/2006,ASE,CO,ANM,WE,Combined TRACON& Tower with Radar,10,66,164,0,240,0,9,25,0,34,10,75,189,0,274,0,0,0,274
12/23/2006,ASE,CO,ANM,WE,Combined TRACON& Tower with Radar,37,81,131,0,249,0,0,2,0,2,37,81,133,0,251,0,0,0,251
12/24/2006,ASE,CO,ANM,WE,Combined TRACON& Tower with Radar,26,36,40,0,102,0,0,0,0,0,26,36,40,0,102,0,0,0,102
12/25/2006,ASE,CO,ANM,WE,Combined TRACON& Tower with Radar,27,49,55,0,131,0,0,6,0,6,27,49,61,0,137,0,0,0,137
12/26/2006,ASE,CO,ANM,WE,Combined TRACON& Tower with Radar,27,72,198,0,297,0,0,12,0,12,27,72,210,0,309,0,0,0,309
12/27/2006,ASE,CO,ANM,WE,Combined TRACON& Tower with Radar,12,59,131,0,202,0,0,6,0,6,12,59,137,0,208,0,0,0,208
12/28/2006,ASE,CO,ANM,WE,Combined TRACON& Tower with Radar,18,51,77,0,146,0,0,0,0,0,18,51,77,0,146,0,0,0,146
12/29/2006,ASE,CO,ANM,WE,Combined TRACON& Tower with Radar,34,49,71,0,154,0,4,7,0,11,34,53,78,0,165,0,0,0,165
12/30/2006,ASE,CO,ANM,WE,Combined TRACON& Tower with Radar,45,80,118,0,243,0,5,6,0,11,45,85,124,0,254,0,0,0,254
12/31/2006,ASE,CO,ANM,WE,Combined TRACON& Tower with Radar,40,50,76,0,166,0,0,19,0,19,40,50,95,0,185,2,0,2,187
01/01/2007,ASE,CO,ANM,WE,Combined TRACON& Tower with Radar,29,115,161,0,305,0,0,22,0,22,29,115,183,0,327,0,0,0,327
01/02/2007,ASE,CO,ANM,WE,Combined TRACON& Tower with Radar,30,95,201,0,326,0,0,18,0,18,30,95,219,0,344,0,0,0,344
01/03/2007,ASE,CO,ANM,WE,Combined TRACON& Tower with Radar,32,77,116,0,225,0,0,31,0,31,32,77,147,0,256,2,0,2,258
01/04/2007,ASE,CO,ANM,WE,Combined TRACON& Tower with Radar,20,59,92,0,171,0,0,9,0,9,20,59,101,0,180,0,0,0,180
01/05/2007,ASE,CO,ANM,WE,Combined TRACON& Tower with Radar,25,0,20,0,45,0,0,2,0,2,25,0,22,0,47,0,0,0,47
01/06/2007,ASE,CO,ANM,WE,Combined TRACON& Tower with Radar,38,61,110,0,209,0,0,6,0,6,38,61,116,0,215,2,0,2,217
01/07/2007,ASE,CO,ANM,WE,Combined TRACON& Tower with Radar,42,70,86,0,198,0,0,3,0,3,42,70,89,0,201,0,0,0,201
01/08/2007,ASE,CO,ANM,WE,Combined TRACON& Tower with Radar,32,29,44,0,105,0,0,0,0,0,32,29,44,0,105,2,0,2,107
01/09/2007,ASE,CO,ANM,WE,Combined TRACON& Tower with Radar,31,24,36,0,91,0,0,38,0,38,31,24,74,0,129,6,0,6,135
01/10/2007,ASE,CO,ANM,WE,Combined TRACON& Tower with Radar,32,21,55,0,108,0,0,24,0,24,32,21,79,0,132,0,0,0,132
01/11/2007,ASE,CO,ANM,WE,Combined TRACON& Tower with Radar,20,28,48,0,96,0,0,16,0,16,20,28,64,0,112,0,0,0,112
01/12/2007,ASE,CO,ANM,WE,Combined TRACON& Tower with Radar,12,10,23,0,45,0,0,0,0,0,12,10,23,0,45,0,0,0,45
01/13/2007,ASE,CO,ANM,WE,Combined TRACON& Tower with Radar,9,0,18,0,27,0,0,0,0,0,9,0,18,0,27,0,0,0,27
01/14/2007,ASE,CO,ANM,WE,Combined TRACON& Tower with Radar,9,4,18,0,31,0,0,0,0,0,9,4,18,0,31,0,0,0,31
01/15/2007,ASE,CO,ANM,WE,Combined TRACON& Tower with Radar,34,62,112,0,208,0,0,15,0,15,34,62,127,0,223,0,0,0,223
01/16/2007,ASE,CO,ANM,WE,Combined TRACON& Tower with Radar,31,26,28,0,85,0,0,29,0,29,31,26,57,0,114,0,0,0,114
01/17/2007,ASE,CO,ANM,WE,Combined TRACON& Tower with Radar,32,23,26,0,81,0,0,31,0,31,32,23,57,0,112,10,0,10,122
01/18/2007,ASE,CO,ANM,WE,Combined TRACON& Tower with Radar,31,32,47,0,110,0,0,23,0,23,31,32,70,0,133,0,0,0,133
01/19/2007,ASE,CO,ANM,WE,Combined TRACON& Tower with Radar,32,26,47,0,105,0,3,36,2,41,32,29,83,2,146,14,0,14,160
01/20/2007,ASE,CO,ANM,WE,Combined TRACON& Tower with Radar,35,28,36,0,99,0,1,16,0,17,35,29,52,0,116,4,0,4,120
01/21/2007,ASE,CO,ANM,WE,Combined TRACON& Tower with Radar,24,10,34,0,68,0,0,0,0,0,24,10,34,0,68,0,0,0,68
01/22/2007,ASE,CO,ANM,WE,Combined TRACON& Tower with Radar,34,38,43,0,115,0,0,23,0,23,34,38,66,0,138,0,0,0,138
01/23/2007,ASE,CO,ANM,WE,Combined TRACON& Tower with Radar,32,19,41,0,92,0,0,39,2,41,32,19,80,2,133,8,0,8,141
01/24/2007,ASE,CO,ANM,WE,Combined TRACON& Tower with Radar,30,42,49,2,123,0,0,31,6,37,30,42,80,8,160,0,8,8,168
01/25/2007,ASE,CO,ANM,WE,Combined TRACON& Tower with Radar,32,40,51,0,123,0,0,20,0,20,32,40,71,0,143,0,0,0,143
01/26/2007,ASE,CO,ANM,WE,Combined TRACON& Tower with Radar,33,22,61,0,116,0,0,27,0,27,33,22,88,0,143,4,0,4,147
01/27/2007,ASE,CO,ANM,WE,Combined TRACON& Tower with Radar,50,32,30,0,112,0,1,11,0,12,50,33,41,0,124,0,0,0,124
01/28/2007,ASE,CO,ANM,WE,Combined TRACON& Tower with Radar,38,41,85,0,164,0,0,0,0,0,38,41,85,0,164,0,0,0,164
01/29/2007,ASE,CO,ANM,WE,Combined TRACON& Tower with Radar,33,40,57,0,130,0,0,22,0,22,33,40,79,0,152,0,0,0,152
01/30/2007,ASE,CO,ANM,WE,Combined TRACON& Tower with Radar,33,35,31,2,101,0,0,21,0,21,33,35,52,2,122,0,0,0,122
01/31/2007,ASE,CO,ANM,WE,Combined TRACON& Tower with Radar,25,10,17,0,52,0,0,0,0,0,25,10,17,0,52,0,0,0,52
02/01/2007,ASE,CO,ANM,WE,Combined TRACON& Tower with Radar,31,36,60,0,127,0,0,2,0,2,31,36,62,0,129,0,0,0,129
02/02/2007,ASE,CO,ANM,WE,Combined TRACON& Tower with Radar,36,28,51,0,115,0,0,0,0,0,36,28,51,0,115,0,0,0,115
02/03/2007,ASE,CO,ANM,WE,Combined TRACON& Tower with Radar,51,32,57,0,140,0,0,13,0,13,51,32,70,0,153,0,0,0,153
02/04/2007,ASE,CO,ANM,WE,Combined TRACON& Tower with Radar,38,23,66,0,127,0,0,13,0,13,38,23,79,0,140,0,0,0,140
02/05/2007,ASE,CO,ANM,WE,Combined TRACON& Tower with Radar,31,28,45,0,104,0,0,25,0,25,31,28,70,0,129,0,0,0,129
02/06/2007,ASE,CO,ANM,WE,Combined TRACON& Tower with Radar,29,22,19,2,72,0,0,38,0,38,29,22,57,2,110,8,2,10,120
02/07/2007,ASE,CO,ANM,WE,Combined TRACON& Tower with Radar,30,34,44,0,108,0,0,41,0,41,30,34,85,0,149,2,0,2,151
02/08/2007,ASE,CO,ANM,WE,Combined TRACON& Tower with Radar,28,45,64,0,137,0,0,19,0,19,28,45,83,0,156,0,0,0,156
02/09/2007,ASE,CO,ANM,WE,Combined TRACON& Tower with Radar,29,28,63,0,120,0,0,26,0,26,29,28,89,0,146,2,0,2,148
02/10/2007,ASE,CO,ANM,WE,Combined TRACON& Tower with Radar,52,31,52,0,135,0,0,9,0,9,52,31,61,0,144,0,0,0,144
02/11/2007,ASE,CO,ANM,WE,Combined TRACON& Tower with Radar,35,23,58,0,116,0,0,0,0,0,35,23,58,0,116,0,0,0,116
02/12/2007,ASE,CO,ANM,WE,Combined TRACON& Tower with Radar,32,23,44,0,99,0,0,2,0,2,32,23,46,0,101,0,0,0,101
02/13/2007,ASE,CO,ANM,WE,Combined TRACON& Tower with Radar,32,18,25,0,75,0,0,6,0,6,32,18,31,0,81,12,0,12,93
02/14/2007,ASE,CO,ANM,WE,Combined TRACON& Tower with Radar,26,27,55,0,108,0,0,3,0,3,26,27,58,0,111,0,0,0,111
02/15/2007,ASE,CO,ANM,WE,Combined TRACON& Tower with Radar,35,50,72,0,157,0,0,0,0,0,35,50,72,0,157,0,0,0,157
02/16/2007,ASE,CO,ANM,WE,Combined TRACON& Tower with Radar,6,7,57,0,70,0,0,2,0,2,6,7,59,0,72,0,0,0,72
02/17/2007,ASE,CO,ANM,WE,Combined TRACON& Tower with Radar,43,67,100,0,210,0,0,19,0,19,43,67,119,0,229,8,0,8,237
02/18/2007,ASE,CO,ANM,WE,Combined TRACON& Tower with Radar,41,52,79,0,172,0,0,17,0,17,41,52,96,0,189,6,0,6,195
02/19/2007,ASE,CO,ANM,WE,Combined TRACON& Tower with Radar,32,27,122,0,181,0,0,1,0,1,32,27,123,0,182,0,0,0,182
02/20/2007,ASE,CO,ANM,WE,Combined TRACON& Tower with Radar,27,63,86,0,176,0,0,15,0,15,27,63,101,0,191,0,0,0,191
02/21/2007,ASE,CO,ANM,WE,Combined TRACON& Tower with Radar,34,45,78,0,157,0,0,21,0,21,34,45,99,0,178,18,0,18,196
02/22/2007,ASE,CO,ANM,WE,Combined TRACON& Tower with Radar,32,33,80,0,145,0,0,42,1,43,32,33,122,1,188,10,0,10,198
02/23/2007,ASE,CO,ANM,WE,Combined TRACON& Tower with Radar,25,71,64,0,160,0,0,6,0,6,25,71,70,0,166,0,0,0,166
02/24/2007,ASE,CO,ANM,WE,Combined TRACON& Tower with Radar,45,47,79,0,171,0,0,9,0,9,45,47,88,0,180,0,0,0,180
02/25/2007,ASE,CO,ANM,WE,Combined TRACON& Tower with Radar,36,80,103,0,219,0,0,6,0,6,36,80,109,0,225,0,0,0,225
02/26/2007,ASE,CO,ANM,WE,Combined TRACON& Tower with Radar,30,23,31,0,84,0,0,1,0,1,30,23,32,0,85,0,0,0,85
02/27/2007,ASE,CO,ANM,WE,Combined TRACON& Tower with Radar,18,17,53,0,88,0,0,0,0,0,18,17,53,0,88,4,0,4,92
02/28/2007,ASE,CO,ANM,WE,Combined TRACON& Tower with Radar,4,4,11,0,19,0,0,0,0,0,4,4,11,0,19,0,0,0,19
03/01/2007,ASE,CO,ANM,WE,Combined TRACON& Tower with Radar,27,16,23,0,66,0,0,0,0,0,27,16,23,0,66,0,0,0,66
03/02/2007,ASE,CO,ANM,WE,Combined TRACON& Tower with Radar,25,4,28,0,57,0,0,4,0,4,25,4,32,0,61,0,0,0,61
03/03/2007,ASE,CO,ANM,WE,Combined TRACON& Tower with Radar,45,55,73,0,173,0,0,25,0,25,45,55,98,0,198,10,0,10,208
03/04/2007,ASE,CO,ANM,WE,Combined TRACON& Tower with Radar,40,72,91,0,203,0,0,14,0,14,40,72,105,0,217,0,0,0,217
03/05/2007,ASE,CO,ANM,WE,Combined TRACON& Tower with Radar,31,31,57,0,119,0,0,32,0,32,31,31,89,0,151,4,0,4,155
03/06/2007,ASE,CO,ANM,WE,Combined TRACON& Tower with Radar,30,31,28,0,89,0,0,41,0,41,30,31,69,0,130,14,0,14,144
03/07/2007,ASE,CO,ANM,WE,Combined TRACON& Tower with Radar,32,44,47,0,123,0,0,38,0,38,32,44,85,0,161,0,0,0,161
03/08/2007,ASE,CO,ANM,WE,Combined TRACON& Tower with Radar,31,36,58,0,125,0,0,7,0,7,31,36,65,0,132,0,0,0,132
03/09/2007,ASE,CO,ANM,WE,Combined TRACON& Tower with Radar,33,61,91,0,185,0,3,39,0,42,33,64,130,0,227,16,0,16,243
03/10/2007,ASE,CO,ANM,WE,Combined TRACON& Tower with Radar,36,25,60,0,121,0,0,3,0,3,36,25,63,0,124,0,0,0,124
03/11/2007,ASE,CO,ANM,WE,Combined TRACON& Tower with Radar,41,63,85,0,189,0,0,36,0,36,41,63,121,0,225,0,0,0,225
03/12/2007,ASE,CO,ANM,WE,Combined TRACON& Tower with Radar,32,48,76,0,156,0,0,48,0,48,32,48,124,0,204,0,0,0,204
03/13/2007,ASE,CO,ANM,WE,Combined TRACON& Tower with Radar,29,32,52,0,113,0,0,76,0,76,29,32,128,0,189,28,0,28,217
03/14/2007,ASE,CO,ANM,WE,Combined TRACON& Tower with Radar,33,47,74,0,154,0,0,21,0,21,33,47,95,0,175,0,0,0,175
03/15/2007,ASE,CO,ANM,WE,Combined TRACON& Tower with Radar,31,35,58,0,124,0,0,30,0,30,31,35,88,0,154,18,0,18,172
03/16/2007,ASE,CO,ANM,WE,Combined TRACON& Tower with Radar,36,54,94,0,184,0,0,41,0,41,36,54,135,0,225,6,0,6,231
03/17/2007,ASE,CO,ANM,WE,Combined TRACON& Tower with Radar,48,84,132,0,264,0,0,9,0,9,48,84,141,0,273,0,0,0,273
03/18/2007,ASE,CO,ANM,WE,Combined TRACON& Tower with Radar,39,77,101,0,217,0,0,17,0,17,39,77,118,0,234,0,0,0,234
03/19/2007,ASE,CO,ANM,WE,Combined TRACON& Tower with Radar,31,52,60,0,143,0,0,46,0,46,31,52,106,0,189,12,0,12,201
03/20/2007,ASE,CO,ANM,WE,Combined TRACON& Tower with Radar,31,41,49,0,121,0,0,45,0,45,31,41,94,0,166,4,0,4,170
03/21/2007,ASE,CO,ANM,WE,Combined TRACON& Tower with Radar,27,36,58,0,121,0,0,7,0,7,27,36,65,0,128,0,0,0,128
03/22/2007,ASE,CO,ANM,WE,Combined TRACON& Tower with Radar,32,39,56,0,127,0,0,32,0,32,32,39,88,0,159,40,0,40,199
03/23/2007,ASE,CO,ANM,WE,Combined TRACON& Tower with Radar,34,59,89,0,182,0,3,12,0,15,34,62,101,0,197,14,0,14,211
03/24/2007,ASE,CO,ANM,WE,Combined TRACON& Tower with Radar,29,15,27,0,71,0,0,0,0,0,29,15,27,0,71,0,0,0,71
03/25/2007,ASE,CO,ANM,WE,Combined TRACON& Tower with Radar,39,64,96,0,199,0,0,3,0,3,39,64,99,0,202,0,0,0,202
03/26/2007,ASE,CO,ANM,WE,Combined TRACON& Tower with Radar,32,40,40,0,112,0,0,20,0,20,32,40,60,0,132,0,0,0,132
03/27/2007,ASE,CO,ANM,WE,Combined TRACON& Tower with Radar,8,21,38,0,67,0,0,16,0,16,8,21,54,0,83,0,0,0,83
03/28/2007,ASE,CO,ANM,WE,Combined TRACON& Tower with Radar,32,19,31,0,82,0,0,4,0,4,32,19,35,0,86,0,0,0,86
03/29/2007,ASE,CO,ANM,WE,Combined TRACON& Tower with Radar,28,21,28,0,77,0,0,0,0,0,28,21,28,0,77,0,0,0,77
03/30/2007,ASE,CO,ANM,WE,Combined TRACON& Tower with Radar,31,49,72,0,152,0,1,15,0,16,31,50,87,0,168,0,0,0,168
03/31/2007,ASE,CO,ANM,WE,Combined TRACON& Tower with Radar,53,77,84,0,214,0,0,14,0,14,53,77,98,0,228,0,0,0,228
04/01/2007,ASE,CO,ANM,WE,Combined TRACON& Tower with Radar,39,64,81,0,184,0,0,22,0,22,39,64,103,0,206,0,0,0,206
04/02/2007,ASE,CO,ANM,WE,Combined TRACON& Tower with Radar,32,41,48,0,121,0,0,14,0,14,32,41,62,0,135,0,0,0,135
04/03/2007,ASE,CO,ANM,WE,Combined TRACON& Tower with Radar,33,30,35,0,98,0,0,61,0,61,33,30,96,0,159,16,0,16,175
04/04/2007,ASE,CO,ANM,WE,Combined TRACON& Tower with Radar,29,28,40,0,97,0,0,31,0,31,29,28,71,0,128,14,0,14,142
04/05/2007,ASE,CO,ANM,WE,Combined TRACON& Tower with Radar,32,30,28,0,90,0,0,26,0,26,32,30,54,0,116,0,0,0,116
04/06/2007,ASE,CO,ANM,WE,Combined TRACON& Tower with Radar,32,29,44,0,105,0,1,46,0,47,32,30,90,0,152,12,0,12,164
04/07/2007,ASE,CO,ANM,WE,Combined TRACON& Tower with Radar,54,41,41,0,136,0,0,28,0,28,54,41,69,0,164,0,0,0,164
04/08/2007,ASE,CO,ANM,WE,Combined TRACON& Tower with Radar,39,19,47,0,105,0,0,7,0,7,39,19,54,0,112,0,0,0,112
04/09/2007,ASE,CO,ANM,WE,Combined TRACON& Tower with Radar,6,2,21,0,29,0,0,0,0,0,6,2,21,0,29,0,0,0,29
04/10/2007,ASE,CO,ANM,WE,Combined TRACON& Tower with Radar,0,0,0,0,0,0,0,0,0,0,0,0,0,0,0,0,0,0,0
04/11/2007,ASE,CO,ANM,WE,Combined TRACON& Tower with Radar,0,0,0,0,0,0,0,0,0,0,0,0,0,0,0,0,0,0,0
04/12/2007,ASE,CO,ANM,WE,Combined TRACON& Tower with Radar,0,0,0,0,0,0,0,0,0,0,0,0,0,0,0,0,0,0,0
04/13/2007,ASE,CO,ANM,WE,Combined TRACON& Tower with Radar,0,0,0,0,0,0,0,0,0,0,0,0,0,0,0,0,0,0,0
04/14/2007,ASE,CO,ANM,WE,Combined TRACON& Tower with Radar,0,0,0,0,0,0,0,0,0,0,0,0,0,0,0,0,0,0,0
04/15/2007,ASE,CO,ANM,WE,Combined TRACON& Tower with Radar,0,0,0,0,0,0,0,0,0,0,0,0,0,0,0,0,0,0,0
04/16/2007,ASE,CO,ANM,WE,Combined TRACON& Tower with Radar,0,0,0,0,0,0,0,0,0,0,0,0,0,0,0,0,0,0,0
04/17/2007,ASE,CO,ANM,WE,Combined TRACON& Tower with Radar,0,0,0,0,0,0,0,0,0,0,0,0,0,0,0,0,0,0,0
04/18/2007,ASE,CO,ANM,WE,Combined TRACON& Tower with Radar,0,0,0,0,0,0,0,0,0,0,0,0,0,0,0,0,0,0,0
04/19/2007,ASE,CO,ANM,WE,Combined TRACON& Tower with Radar,0,0,0,0,0,0,0,0,0,0,0,0,0,0,0,0,0,0,0
04/20/2007,ASE,CO,ANM,WE,Combined TRACON& Tower with Radar,0,0,0,0,0,0,0,0,0,0,0,0,0,0,0,0,0,0,0
04/21/2007,ASE,CO,ANM,WE,Combined TRACON& Tower with Radar,0,0,0,0,0,0,0,0,0,0,0,0,0,0,0,0,0,0,0
04/22/2007,ASE,CO,ANM,WE,Combined TRACON& Tower with Radar,0,0,0,0,0,0,0,0,0,0,0,0,0,0,0,0,0,0,0
04/23/2007,ASE,CO,ANM,WE,Combined TRACON& Tower with Radar,0,0,0,0,0,0,0,0,0,0,0,0,0,0,0,0,0,0,0
04/24/2007,ASE,CO,ANM,WE,Combined TRACON& Tower with Radar,0,0,0,0,0,0,0,0,0,0,0,0,0,0,0,0,0,0,0
04/25/2007,ASE,CO,ANM,WE,Combined TRACON& Tower with Radar,0,0,0,0,0,0,0,0,0,0,0,0,0,0,0,0,0,0,0
04/26/2007,ASE,CO,ANM,WE,Combined TRACON& Tower with Radar,0,0,0,0,0,0,0,0,0,0,0,0,0,0,0,0,0,0,0
04/27/2007,ASE,CO,ANM,WE,Combined TRACON& Tower with Radar,0,0,0,0,0,0,0,0,0,0,0,0,0,0,0,0,0,0,0
04/28/2007,ASE,CO,ANM,WE,Combined TRACON& Tower with Radar,0,0,0,0,0,0,0,0,0,0,0,0,0,0,0,0,0,0,0
04/29/2007,ASE,CO,ANM,WE,Combined TRACON& Tower with Radar,0,0,0,0,0,0,0,0,0,0,0,0,0,0,0,0,0,0,0
04/30/2007,ASE,CO,ANM,WE,Combined TRACON& Tower with Radar,0,0,0,0,0,0,0,0,0,0,0,0,0,0,0,0,0,0,0
05/01/2007,ASE,CO,ANM,WE,Combined TRACON& Tower with Radar,0,0,0,0,0,0,0,0,0,0,0,0,0,0,0,0,0,0,0
05/02/2007,ASE,CO,ANM,WE,Combined TRACON& Tower with Radar,0,0,0,0,0,0,0,0,0,0,0,0,0,0,0,0,0,0,0
05/03/2007,ASE,CO,ANM,WE,Combined TRACON& Tower with Radar,0,0,0,0,0,0,0,0,0,0,0,0,0,0,0,0,0,0,0
05/04/2007,ASE,CO,ANM,WE,Combined TRACON& Tower with Radar,0,0,0,0,0,0,0,0,0,0,0,0,0,0,0,0,0,0,0
05/05/2007,ASE,CO,ANM,WE,Combined TRACON& Tower with Radar,0,0,0,0,0,0,0,0,0,0,0,0,0,0,0,0,0,0,0
05/06/2007,ASE,CO,ANM,WE,Combined TRACON& Tower with Radar,0,0,0,0,0,0,0,0,0,0,0,0,0,0,0,0,0,0,0
05/07/2007,ASE,CO,ANM,WE,Combined TRACON& Tower with Radar,0,0,0,0,0,0,0,0,0,0,0,0,0,0,0,0,0,0,0
05/08/2007,ASE,CO,ANM,WE,Combined TRACON& Tower with Radar,0,0,0,0,0,0,0,0,0,0,0,0,0,0,0,0,0,0,0
05/09/2007,ASE,CO,ANM,WE,Combined TRACON& Tower with Radar,0,0,0,0,0,0,0,0,0,0,0,0,0,0,0,0,0,0,0
05/10/2007,ASE,CO,ANM,WE,Combined TRACON& Tower with Radar,0,0,0,0,0,0,0,0,0,0,0,0,0,0,0,0,0,0,0
05/11/2007,ASE,CO,ANM,WE,Combined TRACON& Tower with Radar,0,0,0,0,0,0,0,0,0,0,0,0,0,0,0,0,0,0,0
05/12/2007,ASE,CO,ANM,WE,Combined TRACON& Tower with Radar,0,0,0,0,0,0,0,0,0,0,0,0,0,0,0,0,0,0,0
05/13/2007,ASE,CO,ANM,WE,Combined TRACON& Tower with Radar,0,0,0,0,0,0,0,0,0,0,0,0,0,0,0,0,0,0,0
05/14/2007,ASE,CO,ANM,WE,Combined TRACON& Tower with Radar,0,0,0,0,0,0,0,0,0,0,0,0,0,0,0,0,0,0,0
05/15/2007,ASE,CO,ANM,WE,Combined TRACON& Tower with Radar,0,0,0,0,0,0,0,0,0,0,0,0,0,0,0,0,0,0,0
05/16/2007,ASE,CO,ANM,WE,Combined TRACON& Tower with Radar,0,0,0,0,0,0,0,0,0,0,0,0,0,0,0,0,0,0,0
05/17/2007,ASE,CO,ANM,WE,Combined TRACON& Tower with Radar,0,0,0,0,0,0,0,0,0,0,0,0,0,0,0,0,0,0,0
05/18/2007,ASE,CO,ANM,WE,Combined TRACON& Tower with Radar,0,0,0,0,0,0,0,0,0,0,0,0,0,0,0,0,0,0,0
05/19/2007,ASE,CO,ANM,WE,Combined TRACON& Tower with Radar,0,0,0,0,0,0,0,0,0,0,0,0,0,0,0,0,0,0,0
05/20/2007,ASE,CO,ANM,WE,Combined TRACON& Tower with Radar,0,0,0,0,0,0,0,0,0,0,0,0,0,0,0,0,0,0,0
05/21/2007,ASE,CO,ANM,WE,Combined TRACON& Tower with Radar,0,0,0,0,0,0,0,0,0,0,0,0,0,0,0,0,0,0,0
05/22/2007,ASE,CO,ANM,WE,Combined TRACON& Tower with Radar,0,0,0,0,0,0,0,0,0,0,0,0,0,0,0,0,0,0,0
05/23/2007,ASE,CO,ANM,WE,Combined TRACON& Tower with Radar,0,0,0,0,0,0,0,0,0,0,0,0,0,0,0,0,0,0,0
05/24/2007,ASE,CO,ANM,WE,Combined TRACON& Tower with Radar,0,0,0,0,0,0,0,0,0,0,0,0,0,0,0,0,0,0,0
05/25/2007,ASE,CO,ANM,WE,Combined TRACON& Tower with Radar,0,0,0,0,0,0,0,0,0,0,0,0,0,0,0,0,0,0,0
05/26/2007,ASE,CO,ANM,WE,Combined TRACON& Tower with Radar,0,0,0,0,0,0,0,0,0,0,0,0,0,0,0,0,0,0,0
05/27/2007,ASE,CO,ANM,WE,Combined TRACON& Tower with Radar,0,0,0,0,0,0,0,0,0,0,0,0,0,0,0,0,0,0,0
05/28/2007,ASE,CO,ANM,WE,Combined TRACON& Tower with Radar,0,0,0,0,0,0,0,0,0,0,0,0,0,0,0,0,0,0,0
05/29/2007,ASE,CO,ANM,WE,Combined TRACON& Tower with Radar,0,0,0,0,0,0,0,0,0,0,0,0,0,0,0,0,0,0,0
05/30/2007,ASE,CO,ANM,WE,Combined TRACON& Tower with Radar,0,0,0,0,0,0,0,0,0,0,0,0,0,0,0,0,0,0,0
05/31/2007,ASE,CO,ANM,WE,Combined TRACON& Tower with Radar,0,0,0,0,0,0,0,0,0,0,0,0,0,0,0,0,0,0,0
06/01/2007,ASE,CO,ANM,WE,Combined TRACON& Tower with Radar,0,0,0,0,0,0,0,0,0,0,0,0,0,0,0,0,0,0,0
06/02/2007,ASE,CO,ANM,WE,Combined TRACON& Tower with Radar,0,0,0,0,0,0,0,0,0,0,0,0,0,0,0,0,0,0,0
06/03/2007,ASE,CO,ANM,WE,Combined TRACON& Tower with Radar,0,0,0,0,0,0,0,0,0,0,0,0,0,0,0,0,0,0,0
06/04/2007,ASE,CO,ANM,WE,Combined TRACON& Tower with Radar,0,0,0,0,0,0,0,0,0,0,0,0,0,0,0,0,0,0,0
06/05/2007,ASE,CO,ANM,WE,Combined TRACON& Tower with Radar,0,0,0,0,0,0,0,0,0,0,0,0,0,0,0,0,0,0,0
06/06/2007,ASE,CO,ANM,WE,Combined TRACON& Tower with Radar,0,0,0,0,0,0,0,0,0,0,0,0,0,0,0,0,0,0,0
06/07/2007,ASE,CO,ANM,WE,Combined TRACON& Tower with Radar,6,8,9,0,23,1,0,0,0,1,7,8,9,0,24,0,0,0,24
06/08/2007,ASE,CO,ANM,WE,Combined TRACON& Tower with Radar,22,36,40,0,98,0,6,39,0,45,22,42,79,0,143,0,0,0,143
06/09/2007,ASE,CO,ANM,WE,Combined TRACON& Tower with Radar,25,30,33,0,88,0,1,35,0,36,25,31,68,0,124,10,0,10,134
06/10/2007,ASE,CO,ANM,WE,Combined TRACON& Tower with Radar,22,35,50,0,107,1,0,39,0,40,23,35,89,0,147,2,2,4,151
06/11/2007,ASE,CO,ANM,WE,Combined TRACON& Tower with Radar,22,36,26,0,84,0,0,29,5,34,22,36,55,5,118,2,0,2,120
06/12/2007,ASE,CO,ANM,WE,Combined TRACON& Tower with Radar,21,21,31,0,73,0,0,0,0,0,21,21,31,0,73,0,0,0,73
06/13/2007,ASE,CO,ANM,WE,Combined TRACON& Tower with Radar,21,31,36,0,88,0,0,31,0,31,21,31,67,0,119,2,0,2,121
06/14/2007,ASE,CO,ANM,WE,Combined TRACON& Tower with Radar,23,53,70,1,147,0,0,39,2,41,23,53,109,3,188,22,0,22,210
06/15/2007,ASE,CO,ANM,WE,Combined TRACON& Tower with Radar,25,41,28,1,95,0,5,44,1,50,25,46,72,2,145,8,0,8,153
06/16/2007,ASE,CO,ANM,WE,Combined TRACON& Tower with Radar,29,49,41,0,119,0,0,21,0,21,29,49,62,0,140,0,0,0,140
06/17/2007,ASE,CO,ANM,WE,Combined TRACON& Tower with Radar,24,50,88,0,162,0,0,86,0,86,24,50,174,0,248,0,0,0,248
06/18/2007,ASE,CO,ANM,WE,Combined TRACON& Tower with Radar,22,37,43,0,102,0,0,16,0,16,22,37,59,0,118,2,0,2,120
06/19/2007,ASE,CO,ANM,WE,Combined TRACON& Tower with Radar,21,33,47,0,101,0,0,20,0,20,21,33,67,0,121,0,0,0,121
06/20/2007,ASE,CO,ANM,WE,Combined TRACON& Tower with Radar,21,50,34,0,105,0,0,25,0,25,21,50,59,0,130,0,0,0,130
06/21/2007,ASE,CO,ANM,WE,Combined TRACON& Tower with Radar,22,64,72,0,158,0,0,61,0,61,22,64,133,0,219,0,0,0,219
06/22/2007,ASE,CO,ANM,WE,Combined TRACON& Tower with Radar,23,58,47,0,128,0,0,38,0,38,23,58,85,0,166,0,0,0,166
06/23/2007,ASE,CO,ANM,WE,Combined TRACON& Tower with Radar,28,34,46,0,108,0,0,30,0,30,28,34,76,0,138,0,0,0,138
06/24/2007,ASE,CO,ANM,WE,Combined TRACON& Tower with Radar,20,54,94,0,168,0,0,22,0,22,20,54,116,0,190,0,0,0,190
06/25/2007,ASE,CO,ANM,WE,Combined TRACON& Tower with Radar,18,49,69,0,136,0,0,29,0,29,18,49,98,0,165,12,0,12,177
06/26/2007,ASE,CO,ANM,WE,Combined TRACON& Tower with Radar,16,43,36,0,95,0,0,32,0,32,16,43,68,0,127,0,0,0,127
06/27/2007,ASE,CO,ANM,WE,Combined TRACON& Tower with Radar,19,36,49,0,104,0,0,49,0,49,19,36,98,0,153,16,0,16,169
06/28/2007,ASE,CO,ANM,WE,Combined TRACON& Tower with Radar,19,61,91,0,171,0,0,52,0,52,19,61,143,0,223,8,0,8,231
06/29/2007,ASE,CO,ANM,WE,Combined TRACON& Tower with Radar,23,76,110,0,209,0,3,25,0,28,23,79,135,0,237,0,0,0,237
06/30/2007,ASE,CO,ANM,WE,Combined TRACON& Tower with Radar,28,90,97,0,215,0,6,21,0,27,28,96,118,0,242,0,0,0,242
07/01/2007,ASE,CO,ANM,WE,Combined TRACON& Tower with Radar,25,92,96,0,213,0,0,35,0,35,25,92,131,0,248,0,1,1,249
07/02/2007,ASE,CO,ANM,WE,Combined TRACON& Tower with Radar,15,85,89,0,189,0,0,42,0,42,15,85,131,0,231,4,0,4,235
07/03/2007,ASE,CO,ANM,WE,Combined TRACON& Tower with Radar,15,73,100,0,188,0,0,52,0,52,15,73,152,0,240,4,0,4,244
07/04/2007,ASE,CO,ANM,WE,Combined TRACON& Tower with Radar,12,49,24,0,85,0,0,13,0,13,12,49,37,0,98,0,0,0,98
07/05/2007,ASE,CO,ANM,WE,Combined TRACON& Tower with Radar,14,78,70,0,162,0,0,19,0,19,14,78,89,0,181,2,0,2,183
07/06/2007,ASE,CO,ANM,WE,Combined TRACON& Tower with Radar,21,70,93,0,184,0,4,23,0,27,21,74,116,0,211,0,0,0,211
07/07/2007,ASE,CO,ANM,WE,Combined TRACON& Tower with Radar,28,71,87,0,186,0,0,20,0,20,28,71,107,0,206,0,0,0,206
07/08/2007,ASE,CO,ANM,WE,Combined TRACON& Tower with Radar,20,140,152,0,312,0,0,8,0,8,20,140,160,0,320,0,0,0,320
07/09/2007,ASE,CO,ANM,WE,Combined TRACON& Tower with Radar,19,76,68,0,163,0,0,27,0,27,19,76,95,0,190,0,0,0,190
07/10/2007,ASE,CO,ANM,WE,Combined TRACON& Tower with Radar,19,63,64,0,146,0,6,14,0,20,19,69,78,0,166,0,0,0,166
07/11/2007,ASE,CO,ANM,WE,Combined TRACON& Tower with Radar,19,47,41,0,107,0,0,38,0,38,19,47,79,0,145,14,0,14,159
07/12/2007,ASE,CO,ANM,WE,Combined TRACON& Tower with Radar,21,55,60,0,136,0,0,44,0,44,21,55,104,0,180,14,0,14,194
07/13/2007,ASE,CO,ANM,WE,Combined TRACON& Tower with Radar,26,55,71,0,152,0,5,48,0,53,26,60,119,0,205,2,0,2,207
07/14/2007,ASE,CO,ANM,WE,Combined TRACON& Tower with Radar,28,56,48,0,132,0,3,37,0,40,28,59,85,0,172,6,0,6,178
07/15/2007,ASE,CO,ANM,WE,Combined TRACON& Tower with Radar,25,76,99,0,200,0,0,16,0,16,25,76,115,0,216,0,0,0,216
07/16/2007,ASE,CO,ANM,WE,Combined TRACON& Tower with Radar,22,63,68,0,153,0,0,33,0,33,22,63,101,0,186,4,0,4,190
07/17/2007,ASE,CO,ANM,WE,Combined TRACON& Tower with Radar,19,52,51,0,122,0,0,11,0,11,19,52,62,0,133,0,0,0,133
07/18/2007,ASE,CO,ANM,WE,Combined TRACON& Tower with Radar,22,47,72,0,141,0,0,32,0,32,22,47,104,0,173,0,0,0,173
07/19/2007,ASE,CO,ANM,WE,Combined TRACON& Tower with Radar,21,55,85,0,161,0,0,31,0,31,21,55,116,0,192,0,0,0,192
07/20/2007,ASE,CO,ANM,WE,Combined TRACON& Tower with Radar,27,72,75,0,174,0,4,30,0,34,27,76,105,0,208,0,0,0,208
07/21/2007,ASE,CO,ANM,WE,Combined TRACON& Tower with Radar,28,49,48,0,125,0,0,46,0,46,28,49,94,0,171,6,0,6,177
07/22/2007,ASE,CO,ANM,WE,Combined TRACON& Tower with Radar,23,69,85,0,177,0,0,17,0,17,23,69,102,0,194,0,0,0,194
07/23/2007,ASE,CO,ANM,WE,Combined TRACON& Tower with Radar,21,51,59,0,131,0,0,35,0,35,21,51,94,0,166,10,0,10,176
07/24/2007,ASE,CO,ANM,WE,Combined TRACON& Tower with Radar,23,58,42,0,123,0,0,33,0,33,23,58,75,0,156,26,0,26,182
07/25/2007,ASE,CO,ANM,WE,Combined TRACON& Tower with Radar,19,57,56,0,132,0,0,33,0,33,19,57,89,0,165,0,0,0,165
07/26/2007,ASE,CO,ANM,WE,Combined TRACON& Tower with Radar,20,57,75,0,152,0,0,40,0,40,20,57,115,0,192,0,0,0,192
07/27/2007,ASE,CO,ANM,WE,Combined TRACON& Tower with Radar,23,65,81,0,169,0,0,31,0,31,23,65,112,0,200,0,0,0,200
07/28/2007,ASE,CO,ANM,WE,Combined TRACON& Tower with Radar,29,77,69,0,175,0,0,1,0,1,29,77,70,0,176,0,0,0,176
07/29/2007,ASE,CO,ANM,WE,Combined TRACON& Tower with Radar,23,72,80,0,175,0,0,40,0,40,23,72,120,0,215,18,0,18,233
07/30/2007,ASE,CO,ANM,WE,Combined TRACON& Tower with Radar,16,61,82,0,159,0,0,34,0,34,16,61,116,0,193,0,0,0,193
07/31/2007,ASE,CO,ANM,WE,Combined TRACON& Tower with Radar,20,76,54,0,150,0,0,28,0,28,20,76,82,0,178,4,0,4,182
08/01/2007,ASE,CO,ANM,WE,Combined TRACON& Tower with Radar,21,85,97,0,203,0,0,44,0,44,21,85,141,0,247,0,0,0,247
08/02/2007,ASE,CO,ANM,WE,Combined TRACON& Tower with Radar,20,70,76,0,166,0,0,48,0,48,20,70,124,0,214,10,0,10,224
08/03/2007,ASE,CO,ANM,WE,Combined TRACON& Tower with Radar,24,77,69,0,170,0,6,35,0,41,24,83,104,0,211,0,0,0,211
08/04/2007,ASE,CO,ANM,WE,Combined TRACON& Tower with Radar,29,78,86,0,193,0,0,17,0,17,29,78,103,0,210,2,0,2,212
08/05/2007,ASE,CO,ANM,WE,Combined TRACON& Tower with Radar,21,89,91,0,201,0,0,12,0,12,21,89,103,0,213,0,0,0,213
08/06/2007,ASE,CO,ANM,WE,Combined TRACON& Tower with Radar,21,53,66,0,140,0,0,7,0,7,21,53,73,0,147,2,0,2,149
08/07/2007,ASE,CO,ANM,WE,Combined TRACON& Tower with Radar,21,50,82,0,153,0,0,35,0,35,21,50,117,0,188,0,0,0,188
08/08/2007,ASE,CO,ANM,WE,Combined TRACON& Tower with Radar,20,66,72,0,158,0,0,48,0,48,20,66,120,0,206,0,0,0,206
08/09/2007,ASE,CO,ANM,WE,Combined TRACON& Tower with Radar,19,77,88,0,184,0,0,47,0,47,19,77,135,0,231,0,0,0,231
08/10/2007,ASE,CO,ANM,WE,Combined TRACON& Tower with Radar,24,71,94,0,189,0,0,43,0,43,24,71,137,0,232,0,0,0,232
08/11/2007,ASE,CO,ANM,WE,Combined TRACON& Tower with Radar,28,63,75,0,166,0,0,13,0,13,28,63,88,0,179,0,0,0,179
08/12/2007,ASE,CO,ANM,WE,Combined TRACON& Tower with Radar,25,106,117,0,248,0,0,20,0,20,25,106,137,0,268,0,0,0,268
08/13/2007,ASE,CO,ANM,WE,Combined TRACON& Tower with Radar,20,65,60,0,145,0,0,33,0,33,20,65,93,0,178,0,0,0,178
08/14/2007,ASE,CO,ANM,WE,Combined TRACON& Tower with Radar,20,54,49,0,123,0,0,35,0,35,20,54,84,0,158,0,0,0,158
08/15/2007,ASE,CO,ANM,WE,Combined TRACON& Tower with Radar,20,58,80,0,158,0,1,29,0,30,20,59,109,0,188,0,0,0,188
08/16/2007,ASE,CO,ANM,WE,Combined TRACON& Tower with Radar,18,58,82,0,158,0,0,15,0,15,18,58,97,0,173,0,0,0,173
08/17/2007,ASE,CO,ANM,WE,Combined TRACON& Tower with Radar,24,60,73,0,157,0,0,19,0,19,24,60,92,0,176,0,0,0,176
08/18/2007,ASE,CO,ANM,WE,Combined TRACON& Tower with Radar,29,65,59,0,153,0,5,25,0,30,29,70,84,0,183,12,0,12,195
08/19/2007,ASE,CO,ANM,WE,Combined TRACON& Tower with Radar,25,69,91,0,185,0,0,32,0,32,25,69,123,0,217,4,0,4,221
08/20/2007,ASE,CO,ANM,WE,Combined TRACON& Tower with Radar,21,39,89,0,149,0,0,47,0,47,21,39,136,0,196,0,0,0,196
08/21/2007,ASE,CO,ANM,WE,Combined TRACON& Tower with Radar,15,59,57,0,131,0,0,38,0,38,15,59,95,0,169,10,0,10,179
08/22/2007,ASE,CO,ANM,WE,Combined TRACON& Tower with Radar,17,57,66,0,140,0,0,47,0,47,17,57,113,0,187,12,0,12,199
08/23/2007,ASE,CO,ANM,WE,Combined TRACON& Tower with Radar,19,42,48,0,109,0,0,32,0,32,19,42,80,0,141,12,0,12,153
08/24/2007,ASE,CO,ANM,WE,Combined TRACON& Tower with Radar,21,57,79,0,157,0,0,34,0,34,21,57,113,0,191,12,0,12,203
08/25/2007,ASE,CO,ANM,WE,Combined TRACON& Tower with Radar,25,36,50,0,111,0,0,39,0,39,25,36,89,0,150,0,0,0,150
08/26/2007,ASE,CO,ANM,WE,Combined TRACON& Tower with Radar,21,51,59,0,131,0,0,0,0,0,21,51,59,0,131,0,0,0,131
08/27/2007,ASE,CO,ANM,WE,Combined TRACON& Tower with Radar,21,38,60,0,119,0,0,16,0,16,21,38,76,0,135,0,0,0,135
08/28/2007,ASE,CO,ANM,WE,Combined TRACON& Tower with Radar,15,50,45,0,110,0,0,52,4,56,15,50,97,4,166,18,0,18,184
08/29/2007,ASE,CO,ANM,WE,Combined TRACON& Tower with Radar,17,43,35,0,95,0,0,36,0,36,17,43,71,0,131,0,0,0,131
08/30/2007,ASE,CO,ANM,WE,Combined TRACON& Tower with Radar,21,62,66,0,149,0,0,35,0,35,21,62,101,0,184,10,0,10,194
08/31/2007,ASE,CO,ANM,WE,Combined TRACON& Tower with Radar,24,53,75,0,152,0,4,19,0,23,24,57,94,0,175,10,0,10,185
09/01/2007,ASE,CO,ANM,WE,Combined TRACON& Tower with Radar,22,37,39,0,98,0,0,39,0,39,22,37,78,0,137,0,0,0,137
09/02/2007,ASE,CO,ANM,WE,Combined TRACON& Tower with Radar,10,42,31,0,83,0,0,21,0,21,10,42,52,0,104,2,0,2,106
09/03/2007,ASE,CO,ANM,WE,Combined TRACON& Tower with Radar,18,87,101,0,206,0,0,25,0,25,18,87,126,0,231,0,0,0,231
09/04/2007,ASE,CO,ANM,WE,Combined TRACON& Tower with Radar,18,67,67,0,152,0,0,30,0,30,18,67,97,0,182,16,0,16,198
09/05/2007,ASE,CO,ANM,WE,Combined TRACON& Tower with Radar,7,33,24,0,64,0,0,16,0,16,7,33,40,0,80,18,0,18,98
09/06/2007,ASE,CO,ANM,WE,Combined TRACON& Tower with Radar,8,43,30,0,81,0,0,27,0,27,8,43,57,0,108,6,0,6,114
09/07/2007,ASE,CO,ANM,WE,Combined TRACON& Tower with Radar,0,0,0,0,0,6,40,35,0,81,6,40,35,0,81,18,0,18,99
09/08/2007,ASE,CO,ANM,WE,Combined TRACON& Tower with Radar,5,37,34,0,76,0,0,23,0,23,5,37,57,0,99,16,0,16,115
09/09/2007,ASE,CO,ANM,WE,Combined TRACON& Tower with Radar,7,46,54,0,107,0,0,25,0,25,7,46,79,0,132,2,0,2,134
09/10/2007,ASE,CO,ANM,WE,Combined TRACON& Tower with Radar,8,36,32,0,76,0,0,20,0,20,8,36,52,0,96,0,0,0,96
09/11/2007,ASE,CO,ANM,WE,Combined TRACON& Tower with Radar,5,42,34,0,81,0,0,41,0,41,5,42,75,0,122,2,0,2,124
09/12/2007,ASE,CO,ANM,WE,Combined TRACON& Tower with Radar,6,46,32,0,84,0,0,55,0,55,6,46,87,0,139,22,0,22,161
09/13/2007,ASE,CO,ANM,WE,Combined TRACON& Tower with Radar,6,45,38,0,89,0,0,29,0,29,6,45,67,0,118,0,0,0,118
09/14/2007,ASE,CO,ANM,WE,Combined TRACON& Tower with Radar,8,48,63,0,119,0,15,44,0,59,8,63,107,0,178,24,0,24,202
09/15/2007,ASE,CO,ANM,WE,Combined TRACON& Tower with Radar,10,29,20,0,59,0,7,20,0,27,10,36,40,0,86,0,4,4,90
09/16/2007,ASE,CO,ANM,WE,Combined TRACON& Tower with Radar,7,65,68,0,140,0,0,19,0,19,7,65,87,0,159,6,0,6,165
09/17/2007,ASE,CO,ANM,WE,Combined TRACON& Tower with Radar,8,50,47,0,105,0,0,6,0,6,8,50,53,0,111,0,0,0,111
09/18/2007,ASE,CO,ANM,WE,Combined TRACON& Tower with Radar,6,39,29,0,74,0,0,11,0,11,6,39,40,0,85,16,0,16,101
09/19/2007,ASE,CO,ANM,WE,Combined TRACON& Tower with Radar,7,32,36,0,75,0,0,21,0,21,7,32,57,0,96,6,0,6,102
09/20/2007,ASE,CO,ANM,WE,Combined TRACON& Tower with Radar,8,53,51,0,112,0,0,51,0,51,8,53,102,0,163,32,0,32,195
09/21/2007,ASE,CO,ANM,WE,Combined TRACON& Tower with Radar,8,61,30,0,99,0,5,49,0,54,8,66,79,0,153,8,0,8,161
09/22/2007,ASE,CO,ANM,WE,Combined TRACON& Tower with Radar,8,24,17,0,49,0,5,25,0,30,8,29,42,0,79,0,0,0,79
09/23/2007,ASE,CO,ANM,WE,Combined TRACON& Tower with Radar,6,37,11,0,54,0,0,0,0,0,6,37,11,0,54,0,0,0,54
09/24/2007,ASE,CO,ANM,WE,Combined TRACON& Tower with Radar,7,42,24,0,73,0,5,0,0,5,7,47,24,0,78,0,0,0,78
09/25/2007,ASE,CO,ANM,WE,Combined TRACON& Tower with Radar,6,28,24,0,58,0,0,30,2,32,6,28,54,2,90,6,0,6,96
09/26/2007,ASE,CO,ANM,WE,Combined TRACON& Tower with Radar,7,38,24,0,69,0,0,66,5,71,7,38,90,5,140,48,0,48,188
09/27/2007,ASE,CO,ANM,WE,Combined TRACON& Tower with Radar,7,60,64,0,131,0,0,39,0,39,7,60,103,0,170,0,0,0,170
09/28/2007,ASE,CO,ANM,WE,Combined TRACON& Tower with Radar,6,44,44,0,94,0,5,22,0,27,6,49,66,0,121,0,0,0,121
09/29/2007,ASE,CO,ANM,WE,Combined TRACON& Tower with Radar,4,34,56,0,94,0,4,11,0,15,4,38,67,0,109,0,0,0,109
09/30/2007,ASE,CO,ANM,WE,Combined TRACON& Tower with Radar,7,66,77,0,150,0,0,47,0,47,7,66,124,0,197,0,0,0,197
10/01/2007,ASE,CO,ANM,WE,Combined TRACON& Tower with Radar,9,36,30,0,75,0,0,29,1,30,9,36,59,1,105,18,0,18,123
10/02/2007,ASE,CO,ANM,WE,Combined TRACON& Tower with Radar,20,44,22,0,86,0,0,19,0,19,20,44,41,0,105,14,0,14,119
10/03/2007,ASE,CO,ANM,WE,Combined TRACON& Tower with Radar,6,35,30,0,71,0,0,18,0,18,6,35,48,0,89,0,0,0,89
10/04/2007,ASE,CO,ANM,WE,Combined TRACON& Tower with Radar,8,35,28,0,71,0,0,27,0,27,8,35,55,0,98,0,0,0,98
10/05/2007,ASE,CO,ANM,WE,Combined TRACON& Tower with Radar,8,28,42,0,78,0,2,15,0,17,8,30,57,0,95,4,0,4,99
10/06/2007,ASE,CO,ANM,WE,Combined TRACON& Tower with Radar,7,22,26,0,55,0,0,0,0,0,7,22,26,0,55,0,0,0,55
10/07/2007,ASE,CO,ANM,WE,Combined TRACON& Tower with Radar,5,28,33,0,66,0,0,15,0,15,5,28,48,0,81,8,0,8,89
10/08/2007,ASE,CO,ANM,WE,Combined TRACON& Tower with Radar,8,48,33,0,89,0,0,20,0,20,8,48,53,0,109,0,0,0,109
10/09/2007,ASE,CO,ANM,WE,Combined TRACON& Tower with Radar,6,24,24,0,54,0,0,27,0,27,6,24,51,0,81,0,1,1,82
10/10/2007,ASE,CO,ANM,WE,Combined TRACON& Tower with Radar,5,24,23,0,52,0,0,37,0,37,5,24,60,0,89,4,0,4,93
10/11/2007,ASE,CO,ANM,WE,Combined TRACON& Tower with Radar,6,29,21,0,56,0,0,29,0,29,6,29,50,0,85,6,0,6,91
10/12/2007,ASE,CO,ANM,WE,Combined TRACON& Tower with Radar,8,28,37,0,73,0,4,32,1,37,8,32,69,1,110,0,0,0,110
10/13/2007,ASE,CO,ANM,WE,Combined TRACON& Tower with Radar,7,25,13,0,45,0,2,13,0,15,7,27,26,0,60,0,0,0,60
10/14/2007,ASE,CO,ANM,WE,Combined TRACON& Tower with Radar,4,0,14,0,18,0,0,0,0,0,4,0,14,0,18,0,0,0,18
10/15/2007,ASE,CO,ANM,WE,Combined TRACON& Tower with Radar,8,28,33,0,69,0,0,9,0,9,8,28,42,0,78,0,0,0,78
10/16/2007,ASE,CO,ANM,WE,Combined TRACON& Tower with Radar,6,22,25,0,53,0,0,20,0,20,6,22,45,0,73,0,0,0,73
10/17/2007,ASE,CO,ANM,WE,Combined TRACON& Tower with Radar,6,14,8,0,28,0,0,0,0,0,6,14,8,0,28,0,0,0,28
10/18/2007,ASE,CO,ANM,WE,Combined TRACON& Tower with Radar,6,20,23,0,49,0,0,4,0,4,6,20,27,0,53,0,0,0,53
10/19/2007,ASE,CO,ANM,WE,Combined TRACON& Tower with Radar,8,23,41,0,72,0,0,35,0,35,8,23,76,0,107,0,0,0,107
10/20/2007,ASE,CO,ANM,WE,Combined TRACON& Tower with Radar,7,19,7,0,33,0,0,2,0,2,7,19,9,0,35,0,0,0,35
10/21/2007,ASE,CO,ANM,WE,Combined TRACON& Tower with Radar,3,3,11,0,17,0,0,0,0,0,3,3,11,0,17,0,0,0,17
10/22/2007,ASE,CO,ANM,WE,Combined TRACON& Tower with Radar,9,40,18,0,67,0,0,14,0,14,9,40,32,0,81,0,0,0,81
10/23/2007,ASE,CO,ANM,WE,Combined TRACON& Tower with Radar,6,23,6,0,35,0,0,42,0,42,6,23,48,0,77,0,0,0,77
10/24/2007,ASE,CO,ANM,WE,Combined TRACON& Tower with Radar,5,26,24,0,55,0,0,29,0,29,5,26,53,0,84,10,0,10,94
10/25/2007,ASE,CO,ANM,WE,Combined TRACON& Tower with Radar,10,23,17,0,50,0,0,28,0,28,10,23,45,0,78,4,0,4,82
10/26/2007,ASE,CO,ANM,WE,Combined TRACON& Tower with Radar,8,34,29,0,71,0,0,33,0,33,8,34,62,0,104,2,0,2,106
10/27/2007,ASE,CO,ANM,WE,Combined TRACON& Tower with Radar,7,17,26,0,50,0,0,19,0,19,7,17,45,0,69,6,0,6,75
10/28/2007,ASE,CO,ANM,WE,Combined TRACON& Tower with Radar,7,24,21,0,52,0,0,23,0,23,7,24,44,0,75,0,0,0,75
10/29/2007,ASE,CO,ANM,WE,Combined TRACON& Tower with Radar,8,22,32,0,62,0,0,24,0,24,8,22,56,0,86,8,0,8,94
10/30/2007,ASE,CO,ANM,WE,Combined TRACON& Tower with Radar,6,14,15,0,35,0,0,21,0,21,6,14,36,0,56,0,0,0,56
10/31/2007,ASE,CO,ANM,WE,Combined TRACON& Tower with Radar,6,25,17,0,48,0,0,8,0,8,6,25,25,0,56,0,0,0,56
11/01/2007,ASE,CO,ANM,WE,Combined TRACON& Tower with Radar,8,22,20,0,50,0,0,34,0,34,8,22,54,0,84,12,0,12,96
11/02/2007,ASE,CO,ANM,WE,Combined TRACON& Tower with Radar,7,18,26,0,51,0,1,33,0,34,7,19,59,0,85,14,0,14,99
11/03/2007,ASE,CO,ANM,WE,Combined TRACON& Tower with Radar,9,14,13,0,36,0,0,16,0,16,9,14,29,0,52,0,0,0,52
11/04/2007,ASE,CO,ANM,WE,Combined TRACON& Tower with Radar,8,20,25,0,53,0,0,44,0,44,8,20,69,0,97,8,0,8,105
11/05/2007,ASE,CO,ANM,WE,Combined TRACON& Tower with Radar,8,25,14,0,47,0,0,26,0,26,8,25,40,0,73,12,0,12,85
11/06/2007,ASE,CO,ANM,WE,Combined TRACON& Tower with Radar,5,17,12,0,34,0,0,21,0,21,5,17,33,0,55,0,0,0,55
11/07/2007,ASE,CO,ANM,WE,Combined TRACON& Tower with Radar,6,13,16,0,35,0,0,46,0,46,6,13,62,0,81,32,0,32,113
11/08/2007,ASE,CO,ANM,WE,Combined TRACON& Tower with Radar,8,23,20,0,51,0,0,37,0,37,8,23,57,0,88,18,0,18,106
11/09/2007,ASE,CO,ANM,WE,Combined TRACON& Tower with Radar,8,15,21,0,44,0,0,16,0,16,8,15,37,0,60,0,0,0,60
11/10/2007,ASE,CO,ANM,WE,Combined TRACON& Tower with Radar,14,15,13,0,42,0,3,25,0,28,14,18,38,0,70,26,0,26,96
11/11/2007,ASE,CO,ANM,WE,Combined TRACON& Tower with Radar,6,25,10,0,41,0,0,14,0,14,6,25,24,0,55,18,0,18,73
11/12/2007,ASE,CO,ANM,WE,Combined TRACON& Tower with Radar,8,18,19,0,45,0,0,2,0,2,8,18,21,0,47,0,0,0,47
11/13/2007,ASE,CO,ANM,WE,Combined TRACON& Tower with Radar,15,19,19,0,53,0,0,14,0,14,15,19,33,0,67,4,0,4,71
11/14/2007,ASE,CO,ANM,WE,Combined TRACON& Tower with Radar,6,16,20,0,42,0,0,9,0,9,6,16,29,0,51,2,0,2,53
11/15/2007,ASE,CO,ANM,WE,Combined TRACON& Tower with Radar,8,13,12,0,33,0,0,16,0,16,8,13,28,0,49,0,0,0,49
11/16/2007,ASE,CO,ANM,WE,Combined TRACON& Tower with Radar,7,22,15,0,44,0,0,18,0,18,7,22,33,0,62,4,1,5,67
11/17/2007,ASE,CO,ANM,WE,Combined TRACON& Tower with Radar,8,23,21,0,52,0,2,2,0,4,8,25,23,0,56,0,0,0,56
11/18/2007,ASE,CO,ANM,WE,Combined TRACON& Tower with Radar,6,20,20,0,46,0,0,24,0,24,6,20,44,0,70,2,0,2,72
11/19/2007,ASE,CO,ANM,WE,Combined TRACON& Tower with Radar,6,30,22,0,58,0,0,20,0,20,6,30,42,0,78,0,0,0,78
11/20/2007,ASE,CO,ANM,WE,Combined TRACON& Tower with Radar,6,44,51,0,101,0,0,28,0,28,6,44,79,0,129,0,0,0,129
11/21/2007,ASE,CO,ANM,WE,Combined TRACON& Tower with Radar,7,40,71,0,118,0,0,3,0,3,7,40,74,0,121,0,0,0,121
11/22/2007,ASE,CO,ANM,WE,Combined TRACON& Tower with Radar,6,19,18,0,43,0,0,11,0,11,6,19,29,0,54,0,0,0,54
11/23/2007,ASE,CO,ANM,WE,Combined TRACON& Tower with Radar,4,27,22,0,53,0,0,0,0,0,4,27,22,0,53,0,0,0,53
11/24/2007,ASE,CO,ANM,WE,Combined TRACON& Tower with Radar,6,35,35,0,76,1,7,13,0,21,7,42,48,0,97,0,0,0,97
11/25/2007,ASE,CO,ANM,WE,Combined TRACON& Tower with Radar,6,59,104,0,169,0,0,8,0,8,6,59,112,0,177,2,0,2,179
11/26/2007,ASE,CO,ANM,WE,Combined TRACON& Tower with Radar,8,34,43,0,85,0,0,12,0,12,8,34,55,0,97,0,0,0,97
11/27/2007,ASE,CO,ANM,WE,Combined TRACON& Tower with Radar,6,18,15,0,39,0,0,7,0,7,6,18,22,0,46,0,0,0,46
11/28/2007,ASE,CO,ANM,WE,Combined TRACON& Tower with Radar,4,18,8,0,30,0,0,1,0,1,4,18,9,0,31,0,0,0,31
11/29/2007,ASE,CO,ANM,WE,Combined TRACON& Tower with Radar,7,22,18,0,47,0,0,6,0,6,7,22,24,0,53,0,0,0,53
11/30/2007,ASE,CO,ANM,WE,Combined TRACON& Tower with Radar,9,21,12,0,42,0,0,0,0,0,9,21,12,0,42,0,0,0,42
12/01/2007,ASE,CO,ANM,WE,Combined TRACON& Tower with Radar,6,2,0,0,8,0,0,0,0,0,6,2,0,0,8,0,0,0,8
12/02/2007,ASE,CO,ANM,WE,Combined TRACON& Tower with Radar,16,23,26,0,65,0,0,11,0,11,16,23,37,0,76,0,0,0,76
12/03/2007,ASE,CO,ANM,WE,Combined TRACON& Tower with Radar,16,24,18,0,58,0,0,15,0,15,16,24,33,0,73,0,0,0,73
12/04/2007,ASE,CO,ANM,WE,Combined TRACON& Tower with Radar,13,15,23,0,51,0,0,17,1,18,13,15,40,1,69,0,0,0,69
12/05/2007,ASE,CO,ANM,WE,Combined TRACON& Tower with Radar,13,25,16,0,54,0,0,17,0,17,13,25,33,0,71,12,0,12,83
12/06/2007,ASE,CO,ANM,WE,Combined TRACON& Tower with Radar,12,13,14,0,39,0,0,0,0,0,12,13,14,0,39,0,0,0,39
12/07/2007,ASE,CO,ANM,WE,Combined TRACON& Tower with Radar,0,1,0,0,1,0,1,0,0,1,0,2,0,0,2,0,0,0,2
12/08/2007,ASE,CO,ANM,WE,Combined TRACON& Tower with Radar,7,9,10,0,26,0,0,0,0,0,7,9,10,0,26,0,0,0,26
12/09/2007,ASE,CO,ANM,WE,Combined TRACON& Tower with Radar,15,31,46,0,92,0,0,9,0,9,15,31,55,0,101,0,0,0,101
12/10/2007,ASE,CO,ANM,WE,Combined TRACON& Tower with Radar,15,24,28,0,67,0,0,16,0,16,15,24,44,0,83,0,0,0,83
12/11/2007,ASE,CO,ANM,WE,Combined TRACON& Tower with Radar,11,12,7,0,30,0,0,0,0,0,11,12,7,0,30,0,0,0,30
12/12/2007,ASE,CO,ANM,WE,Combined TRACON& Tower with Radar,13,39,25,0,77,0,1,7,0,8,13,40,32,0,85,0,0,0,85
12/13/2007,ASE,CO,ANM,WE,Combined TRACON& Tower with Radar,14,45,26,0,85,0,0,17,1,18,14,45,43,1,103,0,0,0,103
12/14/2007,ASE,CO,ANM,WE,Combined TRACON& Tower with Radar,6,3,24,0,33,0,0,0,0,0,6,3,24,0,33,0,0,0,33
12/15/2007,ASE,CO,ANM,WE,Combined TRACON& Tower with Radar,45,46,27,0,118,0,2,18,1,21,45,48,45,1,139,0,0,0,139
12/16/2007,ASE,CO,ANM,WE,Combined TRACON& Tower with Radar,36,41,54,0,131,0,0,10,0,10,36,41,64,0,141,0,0,0,141
12/17/2007,ASE,CO,ANM,WE,Combined TRACON& Tower with Radar,36,31,47,0,114,0,0,22,0,22,36,31,69,0,136,0,0,0,136
12/18/2007,ASE,CO,ANM,WE,Combined TRACON& Tower with Radar,34,27,43,0,104,1,0,25,0,26,35,27,68,0,130,2,0,2,132
12/19/2007,ASE,CO,ANM,WE,Combined TRACON& Tower with Radar,36,45,42,0,123,0,0,11,0,11,36,45,53,0,134,0,0,0,134
12/20/2007,ASE,CO,ANM,WE,Combined TRACON& Tower with Radar,36,73,102,0,211,0,0,2,0,2,36,73,104,0,213,0,0,0,213
12/21/2007,ASE,CO,ANM,WE,Combined TRACON& Tower with Radar,2,7,10,0,19,0,0,0,1,1,2,7,10,1,20,0,0,0,20
12/22/2007,ASE,CO,ANM,WE,Combined TRACON& Tower with Radar,48,71,137,0,256,0,10,20,0,30,48,81,157,0,286,0,0,0,286
12/23/2007,ASE,CO,ANM,WE,Combined TRACON& Tower with Radar,36,36,70,0,142,0,0,0,1,1,36,36,70,1,143,0,0,0,143
12/24/2007,ASE,CO,ANM,WE,Combined TRACON& Tower with Radar,34,54,37,0,125,0,0,15,0,15,34,54,52,0,140,16,0,16,156
12/25/2007,ASE,CO,ANM,WE,Combined TRACON& Tower with Radar,7,2,6,0,15,0,0,0,0,0,7,2,6,0,15,0,0,0,15
12/26/2007,ASE,CO,ANM,WE,Combined TRACON& Tower with Radar,35,65,182,0,282,0,0,21,0,21,35,65,203,0,303,0,0,0,303
12/27/2007,ASE,CO,ANM,WE,Combined TRACON& Tower with Radar,16,10,21,0,47,0,0,0,0,0,16,10,21,0,47,0,0,0,47
12/28/2007,ASE,CO,ANM,WE,Combined TRACON& Tower with Radar,38,79,105,0,222,0,9,20,0,29,38,88,125,0,251,4,0,4,255
12/29/2007,ASE,CO,ANM,WE,Combined TRACON& Tower with Radar,49,68,93,0,210,0,7,13,1,21,49,75,106,1,231,0,0,0,231
12/30/2007,ASE,CO,ANM,WE,Combined TRACON& Tower with Radar,31,40,76,0,147,0,0,6,0,6,31,40,82,0,153,0,0,0,153
12/31/2007,ASE,CO,ANM,WE,Combined TRACON& Tower with Radar,32,39,47,0,118,0,0,13,0,13,32,39,60,0,131,0,0,0,131
01/01/2008,ASE,CO,ANM,WE,Combined TRACON& Tower with Radar,31,102,121,0,254,0,0,24,1,25,31,102,145,1,279,2,0,2,281
01/02/2008,ASE,CO,ANM,WE,Combined TRACON& Tower with Radar,37,98,195,0,330,0,0,15,0,15,37,98,210,0,345,0,0,0,345
01/03/2008,ASE,CO,ANM,WE,Combined TRACON& Tower with Radar,35,96,170,0,301,0,0,6,0,6,35,96,176,0,307,0,0,0,307
01/04/2008,ASE,CO,ANM,WE,Combined TRACON& Tower with Radar,38,122,152,0,312,0,13,8,0,21,38,135,160,0,333,0,0,0,333
01/05/2008,ASE,CO,ANM,WE,Combined TRACON& Tower with Radar,28,1,28,0,57,0,0,0,0,0,28,1,28,0,57,0,0,0,57
01/06/2008,ASE,CO,ANM,WE,Combined TRACON& Tower with Radar,19,9,23,0,51,0,0,0,0,0,19,9,23,0,51,0,0,0,51
01/07/2008,ASE,CO,ANM,WE,Combined TRACON& Tower with Radar,26,14,42,0,82,0,0,0,0,0,26,14,42,0,82,0,0,0,82
01/08/2008,ASE,CO,ANM,WE,Combined TRACON& Tower with Radar,32,57,55,0,144,0,0,17,0,17,32,57,72,0,161,0,0,0,161
01/09/2008,ASE,CO,ANM,WE,Combined TRACON& Tower with Radar,12,0,6,0,18,0,0,0,0,0,12,0,6,0,18,0,0,0,18
01/10/2008,ASE,CO,ANM,WE,Combined TRACON& Tower with Radar,34,29,48,0,111,0,0,1,0,1,34,29,49,0,112,0,0,0,112
01/11/2008,ASE,CO,ANM,WE,Combined TRACON& Tower with Radar,32,8,15,0,55,0,0,0,0,0,32,8,15,0,55,0,0,0,55
01/12/2008,ASE,CO,ANM,WE,Combined TRACON& Tower with Radar,56,24,36,0,116,0,0,6,0,6,56,24,42,0,122,0,0,0,122
01/13/2008,ASE,CO,ANM,WE,Combined TRACON& Tower with Radar,41,40,41,0,122,0,0,0,0,0,41,40,41,0,122,0,0,0,122
01/14/2008,ASE,CO,ANM,WE,Combined TRACON& Tower with Radar,35,22,38,0,95,0,0,22,0,22,35,22,60,0,117,0,0,0,117
01/15/2008,ASE,CO,ANM,WE,Combined TRACON& Tower with Radar,34,15,39,0,88,0,0,32,0,32,34,15,71,0,120,0,0,0,120
01/16/2008,ASE,CO,ANM,WE,Combined TRACON& Tower with Radar,36,16,31,0,83,0,0,1,0,1,36,16,32,0,84,0,0,0,84
01/17/2008,ASE,CO,ANM,WE,Combined TRACON& Tower with Radar,31,39,40,0,110,0,0,5,0,5,31,39,45,0,115,0,0,0,115
01/18/2008,ASE,CO,ANM,WE,Combined TRACON& Tower with Radar,41,37,65,0,143,0,0,0,0,0,41,37,65,0,143,0,0,0,143
01/19/2008,ASE,CO,ANM,WE,Combined TRACON& Tower with Radar,56,29,32,0,117,0,0,25,0,25,56,29,57,0,142,0,0,0,142
01/20/2008,ASE,CO,ANM,WE,Combined TRACON& Tower with Radar,41,44,52,0,137,0,0,5,0,5,41,44,57,0,142,0,0,0,142
01/21/2008,ASE,CO,ANM,WE,Combined TRACON& Tower with Radar,35,26,54,0,115,0,0,8,0,8,35,26,62,0,123,0,0,0,123
01/22/2008,ASE,CO,ANM,WE,Combined TRACON& Tower with Radar,30,20,26,0,76,0,0,5,0,5,30,20,31,0,81,6,0,6,87
01/23/2008,ASE,CO,ANM,WE,Combined TRACON& Tower with Radar,37,31,31,0,99,0,0,16,0,16,37,31,47,0,115,0,0,0,115
01/24/2008,ASE,CO,ANM,WE,Combined TRACON& Tower with Radar,34,34,59,0,127,0,0,0,0,0,34,34,59,0,127,28,0,28,155
01/25/2008,ASE,CO,ANM,WE,Combined TRACON& Tower with Radar,39,31,36,0,106,0,0,7,0,7,39,31,43,0,113,0,0,0,113
01/26/2008,ASE,CO,ANM,WE,Combined TRACON& Tower with Radar,56,26,49,0,131,0,0,10,0,10,56,26,59,0,141,4,0,4,145
01/27/2008,ASE,CO,ANM,WE,Combined TRACON& Tower with Radar,40,36,70,0,146,0,0,4,0,4,40,36,74,0,150,0,0,0,150
01/28/2008,ASE,CO,ANM,WE,Combined TRACON& Tower with Radar,18,17,17,0,52,0,0,0,0,0,18,17,17,0,52,0,0,0,52
01/29/2008,ASE,CO,ANM,WE,Combined TRACON& Tower with Radar,31,35,32,0,98,0,0,13,0,13,31,35,45,0,111,0,0,0,111
01/30/2008,ASE,CO,ANM,WE,Combined TRACON& Tower with Radar,19,2,1,0,22,0,0,0,0,0,19,2,1,0,22,0,0,0,22
01/31/2008,ASE,CO,ANM,WE,Combined TRACON& Tower with Radar,34,45,63,0,142,0,0,19,0,19,34,45,82,0,161,0,0,0,161
02/01/2008,ASE,CO,ANM,WE,Combined TRACON& Tower with Radar,17,11,28,0,56,0,0,0,0,0,17,11,28,0,56,0,0,0,56
02/02/2008,ASE,CO,ANM,WE,Combined TRACON& Tower with Radar,36,17,38,0,91,0,1,5,0,6,36,18,43,0,97,0,1,1,98
02/03/2008,ASE,CO,ANM,WE,Combined TRACON& Tower with Radar,7,24,30,0,61,0,0,0,0,0,7,24,30,0,61,0,0,0,61
02/04/2008,ASE,CO,ANM,WE,Combined TRACON& Tower with Radar,13,2,8,0,23,0,0,1,0,1,13,2,9,0,24,0,0,0,24
02/05/2008,ASE,CO,ANM,WE,Combined TRACON& Tower with Radar,33,36,48,0,117,0,0,4,0,4,33,36,52,0,121,2,0,2,123
02/06/2008,ASE,CO,ANM,WE,Combined TRACON& Tower with Radar,14,3,17,0,34,0,0,0,0,0,14,3,17,0,34,0,0,0,34
02/07/2008,ASE,CO,ANM,WE,Combined TRACON& Tower with Radar,30,16,42,0,88,0,0,0,0,0,30,16,42,0,88,0,0,0,88
02/08/2008,ASE,CO,ANM,WE,Combined TRACON& Tower with Radar,3,50,70,0,123,35,0,9,0,44,38,50,79,0,167,0,0,0,167
02/09/2008,ASE,CO,ANM,WE,Combined TRACON& Tower with Radar,54,45,50,0,149,0,11,17,0,28,54,56,67,0,177,12,0,12,189
02/10/2008,ASE,CO,ANM,WE,Combined TRACON& Tower with Radar,41,39,65,0,145,0,0,43,0,43,41,39,108,0,188,6,0,6,194
02/11/2008,ASE,CO,ANM,WE,Combined TRACON& Tower with Radar,34,29,49,0,112,0,0,13,0,13,34,29,62,0,125,0,0,0,125
02/12/2008,ASE,CO,ANM,WE,Combined TRACON& Tower with Radar,32,29,40,0,101,0,0,4,0,4,32,29,44,0,105,0,0,0,105
02/13/2008,ASE,CO,ANM,WE,Combined TRACON& Tower with Radar,40,49,39,0,128,1,0,14,1,16,41,49,53,1,144,0,0,0,144
02/14/2008,ASE,CO,ANM,WE,Combined TRACON& Tower with Radar,28,10,43,0,81,0,0,1,0,1,28,10,44,0,82,0,0,0,82
02/15/2008,ASE,CO,ANM,WE,Combined TRACON& Tower with Radar,36,82,139,0,257,0,0,15,0,15,36,82,154,0,272,0,0,0,272
02/16/2008,ASE,CO,ANM,WE,Combined TRACON& Tower with Radar,60,64,59,0,183,0,0,22,0,22,60,64,81,0,205,0,0,0,205
02/17/2008,ASE,CO,ANM,WE,Combined TRACON& Tower with Radar,42,42,64,0,148,0,0,2,0,2,42,42,66,0,150,0,0,0,150
02/18/2008,ASE,CO,ANM,WE,Combined TRACON& Tower with Radar,40,83,157,0,280,0,0,22,0,22,40,83,179,0,302,0,0,0,302
02/19/2008,ASE,CO,ANM,WE,Combined TRACON& Tower with Radar,39,58,102,0,199,0,0,33,0,33,39,58,135,0,232,0,0,0,232
02/20/2008,ASE,CO,ANM,WE,Combined TRACON& Tower with Radar,40,65,60,0,165,0,0,29,0,29,40,65,89,0,194,0,0,0,194
02/21/2008,ASE,CO,ANM,WE,Combined TRACON& Tower with Radar,40,42,38,0,120,0,0,21,0,21,40,42,59,0,141,12,0,12,153
02/22/2008,ASE,CO,ANM,WE,Combined TRACON& Tower with Radar,40,49,60,0,149,0,0,8,0,8,40,49,68,0,157,0,0,0,157
02/23/2008,ASE,CO,ANM,WE,Combined TRACON& Tower with Radar,55,18,52,0,125,0,0,5,0,5,55,18,57,0,130,0,0,0,130
02/24/2008,ASE,CO,ANM,WE,Combined TRACON& Tower with Radar,38,52,62,0,152,0,0,0,0,0,38,52,62,0,152,0,0,0,152
02/25/2008,ASE,CO,ANM,WE,Combined TRACON& Tower with Radar,38,33,35,0,106,0,0,16,0,16,38,33,51,0,122,0,0,0,122
02/26/2008,ASE,CO,ANM,WE,Combined TRACON& Tower with Radar,37,28,36,0,101,0,0,10,0,10,37,28,46,0,111,0,0,0,111
02/27/2008,ASE,CO,ANM,WE,Combined TRACON& Tower with Radar,39,16,47,0,102,4,0,29,2,35,43,16,76,2,137,0,0,0,137
02/28/2008,ASE,CO,ANM,WE,Combined TRACON& Tower with Radar,40,41,61,0,142,0,0,18,0,18,40,41,79,0,160,0,0,0,160
02/29/2008,ASE,CO,ANM,WE,Combined TRACON& Tower with Radar,39,50,59,0,148,0,0,43,0,43,39,50,102,0,191,10,0,10,201
03/01/2008,ASE,CO,ANM,WE,Combined TRACON& Tower with Radar,58,56,86,0,200,0,20,10,0,30,58,76,96,0,230,0,0,0,230
03/02/2008,ASE,CO,ANM,WE,Combined TRACON& Tower with Radar,18,4,21,0,43,0,0,0,0,0,18,4,21,0,43,0,0,0,43
03/03/2008,ASE,CO,ANM,WE,Combined TRACON& Tower with Radar,38,46,56,0,140,0,4,21,0,25,38,50,77,0,165,0,0,0,165
03/04/2008,ASE,CO,ANM,WE,Combined TRACON& Tower with Radar,25,28,26,0,79,0,0,2,0,2,25,28,28,0,81,0,0,0,81
03/05/2008,ASE,CO,ANM,WE,Combined TRACON& Tower with Radar,30,34,44,0,108,0,0,1,0,1,30,34,45,0,109,0,0,0,109
03/06/2008,ASE,CO,ANM,WE,Combined TRACON& Tower with Radar,39,46,55,0,140,0,0,0,0,0,39,46,55,0,140,0,0,0,140
03/07/2008,ASE,CO,ANM,WE,Combined TRACON& Tower with Radar,35,44,74,0,153,0,0,16,0,16,35,44,90,0,169,4,0,4,173
03/08/2008,ASE,CO,ANM,WE,Combined TRACON& Tower with Radar,58,58,66,0,182,0,5,4,0,9,58,63,70,0,191,0,0,0,191
03/09/2008,ASE,CO,ANM,WE,Combined TRACON& Tower with Radar,39,53,90,0,182,0,0,6,0,6,39,53,96,0,188,0,0,0,188
03/10/2008,ASE,CO,ANM,WE,Combined TRACON& Tower with Radar,38,31,31,0,100,0,0,12,0,12,38,31,43,0,112,6,0,6,118
03/11/2008,ASE,CO,ANM,WE,Combined TRACON& Tower with Radar,32,33,32,0,97,0,0,36,0,36,32,33,68,0,133,4,0,4,137
03/12/2008,ASE,CO,ANM,WE,Combined TRACON& Tower with Radar,35,20,43,0,98,0,0,7,1,8,35,20,50,1,106,0,0,0,106
03/13/2008,ASE,CO,ANM,WE,Combined TRACON& Tower with Radar,38,35,47,0,120,0,0,0,0,0,38,35,47,0,120,4,0,4,124
03/14/2008,ASE,CO,ANM,WE,Combined TRACON& Tower with Radar,39,28,53,0,120,0,0,0,0,0,39,28,53,0,120,0,0,0,120
03/15/2008,ASE,CO,ANM,WE,Combined TRACON& Tower with Radar,51,123,145,0,319,0,0,20,0,20,51,123,165,0,339,0,0,0,339
03/16/2008,ASE,CO,ANM,WE,Combined TRACON& Tower with Radar,37,59,100,0,196,0,0,0,0,0,37,59,100,0,196,0,0,0,196
03/17/2008,ASE,CO,ANM,WE,Combined TRACON& Tower with Radar,28,24,35,0,87,0,0,3,0,3,28,24,38,0,90,0,0,0,90
03/18/2008,ASE,CO,ANM,WE,Combined TRACON& Tower with Radar,32,55,55,0,142,0,0,25,0,25,32,55,80,0,167,6,0,6,173
03/19/2008,ASE,CO,ANM,WE,Combined TRACON& Tower with Radar,32,47,55,0,134,0,0,28,0,28,32,47,83,0,162,8,0,8,170
03/20/2008,ASE,CO,ANM,WE,Combined TRACON& Tower with Radar,36,50,80,0,166,0,0,6,0,6,36,50,86,0,172,0,0,0,172
03/21/2008,ASE,CO,ANM,WE,Combined TRACON& Tower with Radar,38,72,112,0,222,0,0,23,0,23,38,72,135,0,245,0,0,0,245
03/22/2008,ASE,CO,ANM,WE,Combined TRACON& Tower with Radar,56,98,148,0,302,0,3,8,0,11,56,101,156,0,313,0,0,0,313
03/23/2008,ASE,CO,ANM,WE,Combined TRACON& Tower with Radar,42,88,77,0,207,0,0,12,0,12,42,88,89,0,219,0,0,0,219
03/24/2008,ASE,CO,ANM,WE,Combined TRACON& Tower with Radar,37,57,84,0,178,0,0,33,0,33,37,57,117,0,211,2,0,2,213
03/25/2008,ASE,CO,ANM,WE,Combined TRACON& Tower with Radar,35,45,44,0,124,0,0,7,0,7,35,45,51,0,131,0,0,0,131
03/26/2008,ASE,CO,ANM,WE,Combined TRACON& Tower with Radar,41,48,64,0,153,0,0,9,0,9,41,48,73,0,162,0,0,0,162
03/27/2008,ASE,CO,ANM,WE,Combined TRACON& Tower with Radar,37,41,45,0,123,0,0,6,0,6,37,41,51,0,129,0,0,0,129
03/28/2008,ASE,CO,ANM,WE,Combined TRACON& Tower with Radar,38,58,74,0,170,0,0,19,0,19,38,58,93,0,189,6,0,6,195
03/29/2008,ASE,CO,ANM,WE,Combined TRACON& Tower with Radar,53,39,49,0,141,0,4,7,0,11,53,43,56,0,152,0,0,0,152
03/30/2008,ASE,CO,ANM,WE,Combined TRACON& Tower with Radar,34,37,68,0,139,0,0,3,0,3,34,37,71,0,142,0,0,0,142
03/31/2008,ASE,CO,ANM,WE,Combined TRACON& Tower with Radar,22,7,17,0,46,0,0,0,0,0,22,7,17,0,46,0,0,0,46
04/01/2008,ASE,CO,ANM,WE,Combined TRACON& Tower with Radar,32,34,32,0,98,0,0,21,0,21,32,34,53,0,119,10,0,10,129
04/02/2008,ASE,CO,ANM,WE,Combined TRACON& Tower with Radar,32,17,34,0,83,0,0,41,0,41,32,17,75,0,124,0,0,0,124
04/03/2008,ASE,CO,ANM,WE,Combined TRACON& Tower with Radar,34,15,15,0,64,0,0,1,0,1,34,15,16,0,65,0,0,0,65
04/04/2008,ASE,CO,ANM,WE,Combined TRACON& Tower with Radar,34,29,41,0,104,0,0,48,0,48,34,29,89,0,152,18,0,18,170
04/05/2008,ASE,CO,ANM,WE,Combined TRACON& Tower with Radar,52,17,26,0,95,0,0,18,0,18,52,17,44,0,113,4,0,4,117
04/06/2008,ASE,CO,ANM,WE,Combined TRACON& Tower with Radar,39,26,39,0,104,0,0,4,0,4,39,26,43,0,108,8,0,8,116
04/07/2008,ASE,CO,ANM,WE,Combined TRACON& Tower with Radar,5,10,18,0,33,0,0,1,0,1,5,10,19,0,34,0,0,0,34
04/08/2008,ASE,CO,ANM,WE,Combined TRACON& Tower with Radar,7,22,30,0,59,0,0,30,0,30,7,22,60,0,89,18,0,18,107
04/09/2008,ASE,CO,ANM,WE,Combined TRACON& Tower with Radar,8,18,17,0,43,0,0,3,0,3,8,18,20,0,46,0,0,0,46
04/10/2008,ASE,CO,ANM,WE,Combined TRACON& Tower with Radar,2,3,6,0,11,0,0,0,0,0,2,3,6,0,11,0,0,0,11
04/11/2008,ASE,CO,ANM,WE,Combined TRACON& Tower with Radar,8,17,22,1,48,0,0,0,0,0,8,17,22,1,48,0,0,0,48
04/12/2008,ASE,CO,ANM,WE,Combined TRACON& Tower with Radar,9,26,27,0,62,0,0,11,0,11,9,26,38,0,73,4,0,4,77
04/13/2008,ASE,CO,ANM,WE,Combined TRACON& Tower with Radar,5,27,21,0,53,0,0,23,1,24,5,27,44,1,77,8,0,8,85
04/14/2008,ASE,CO,ANM,WE,Combined TRACON& Tower with Radar,7,25,15,0,47,0,0,34,0,34,7,25,49,0,81,16,0,16,97
04/15/2008,ASE,CO,ANM,WE,Combined TRACON& Tower with Radar,6,17,8,0,31,0,0,14,0,14,6,17,22,0,45,0,0,0,45
04/16/2008,ASE,CO,ANM,WE,Combined TRACON& Tower with Radar,7,19,5,0,31,0,0,5,0,5,7,19,10,0,36,0,0,0,36
04/17/2008,ASE,CO,ANM,WE,Combined TRACON& Tower with Radar,4,17,24,0,45,0,0,7,0,7,4,17,31,0,52,8,0,8,60
04/18/2008,ASE,CO,ANM,WE,Combined TRACON& Tower with Radar,6,3,24,0,33,0,0,27,0,27,6,3,51,0,60,16,0,16,76
04/19/2008,ASE,CO,ANM,WE,Combined TRACON& Tower with Radar,8,12,18,0,38,0,0,10,0,10,8,12,28,0,48,0,0,0,48
04/20/2008,ASE,CO,ANM,WE,Combined TRACON& Tower with Radar,6,14,36,0,56,0,0,10,0,10,6,14,46,0,66,0,0,0,66
04/21/2008,ASE,CO,ANM,WE,Combined TRACON& Tower with Radar,6,19,17,0,42,0,2,14,0,16,6,21,31,0,58,0,0,0,58
04/22/2008,ASE,CO,ANM,WE,Combined TRACON& Tower with Radar,5,15,10,0,30,0,1,43,0,44,5,16,53,0,74,2,0,2,76
04/23/2008,ASE,CO,ANM,WE,Combined TRACON& Tower with Radar,5,15,15,0,35,0,0,18,0,18,5,15,33,0,53,4,0,4,57
04/24/2008,ASE,CO,ANM,WE,Combined TRACON& Tower with Radar,4,16,7,0,27,0,0,7,0,7,4,16,14,0,34,0,0,0,34
04/25/2008,ASE,CO,ANM,WE,Combined TRACON& Tower with Radar,6,25,12,0,43,0,0,10,0,10,6,25,22,0,53,0,0,0,53
04/26/2008,ASE,CO,ANM,WE,Combined TRACON& Tower with Radar,14,9,6,0,29,0,0,11,0,11,14,9,17,0,40,0,0,0,40
04/27/2008,ASE,CO,ANM,WE,Combined TRACON& Tower with Radar,12,21,22,0,55,0,0,20,0,20,12,21,42,0,75,12,0,12,87
04/28/2008,ASE,CO,ANM,WE,Combined TRACON& Tower with Radar,13,17,17,0,47,0,0,35,0,35,13,17,52,0,82,10,0,10,92
04/29/2008,ASE,CO,ANM,WE,Combined TRACON& Tower with Radar,9,16,16,0,41,0,0,30,0,30,9,16,46,0,71,4,0,4,75
04/30/2008,ASE,CO,ANM,WE,Combined TRACON& Tower with Radar,11,15,12,0,38,0,0,11,2,13,11,15,23,2,51,0,0,0,51
05/01/2008,ASE,CO,ANM,WE,Combined TRACON& Tower with Radar,5,6,3,0,14,0,0,0,0,0,5,6,3,0,14,0,0,0,14
05/02/2008,ASE,CO,ANM,WE,Combined TRACON& Tower with Radar,12,17,13,0,42,0,0,4,0,4,12,17,17,0,46,0,0,0,46
05/03/2008,ASE,CO,ANM,WE,Combined TRACON& Tower with Radar,15,15,7,0,37,0,0,24,0,24,15,15,31,0,61,6,0,6,67
05/04/2008,ASE,CO,ANM,WE,Combined TRACON& Tower with Radar,11,22,16,0,49,0,0,7,0,7,11,22,23,0,56,2,0,2,58
05/05/2008,ASE,CO,ANM,WE,Combined TRACON& Tower with Radar,12,27,14,0,53,0,0,16,0,16,12,27,30,0,69,2,0,2,71
05/06/2008,ASE,CO,ANM,WE,Combined TRACON& Tower with Radar,11,25,8,0,44,0,0,13,0,13,11,25,21,0,57,6,0,6,63
05/07/2008,ASE,CO,ANM,WE,Combined TRACON& Tower with Radar,12,13,9,0,34,0,0,12,0,12,12,13,21,0,46,0,0,0,46
05/08/2008,ASE,CO,ANM,WE,Combined TRACON& Tower with Radar,12,13,13,0,38,0,0,0,0,0,12,13,13,0,38,0,0,0,38
05/09/2008,ASE,CO,ANM,WE,Combined TRACON& Tower with Radar,12,33,21,0,66,0,5,0,0,5,12,38,21,0,71,18,0,18,89
05/10/2008,ASE,CO,ANM,WE,Combined TRACON& Tower with Radar,13,4,7,0,24,0,0,3,0,3,13,4,10,0,27,0,0,0,27
05/11/2008,ASE,CO,ANM,WE,Combined TRACON& Tower with Radar,12,18,17,0,47,0,0,14,0,14,12,18,31,0,61,12,0,12,73
05/12/2008,ASE,CO,ANM,WE,Combined TRACON& Tower with Radar,10,22,13,0,45,0,0,16,0,16,10,22,29,0,61,0,0,0,61
05/13/2008,ASE,CO,ANM,WE,Combined TRACON& Tower with Radar,6,6,9,0,21,0,0,6,0,6,6,6,15,0,27,0,0,0,27
05/14/2008,ASE,CO,ANM,WE,Combined TRACON& Tower with Radar,12,13,11,0,36,0,0,16,0,16,12,13,27,0,52,12,0,12,64
05/15/2008,ASE,CO,ANM,WE,Combined TRACON& Tower with Radar,15,20,33,0,68,0,0,0,0,0,15,20,33,0,68,0,0,0,68
05/16/2008,ASE,CO,ANM,WE,Combined TRACON& Tower with Radar,14,23,26,0,63,0,0,24,0,24,14,23,50,0,87,20,0,20,107
05/17/2008,ASE,CO,ANM,WE,Combined TRACON& Tower with Radar,17,15,19,0,51,0,4,33,0,37,17,19,52,0,88,16,0,16,104
05/18/2008,ASE,CO,ANM,WE,Combined TRACON& Tower with Radar,15,16,21,0,52,0,0,27,0,27,15,16,48,0,79,0,0,0,79
05/19/2008,ASE,CO,ANM,WE,Combined TRACON& Tower with Radar,15,22,17,0,54,0,0,16,0,16,15,22,33,0,70,4,0,4,74
05/20/2008,ASE,CO,ANM,WE,Combined TRACON& Tower with Radar,14,19,13,0,46,0,0,20,0,20,14,19,33,0,66,0,0,0,66
05/21/2008,ASE,CO,ANM,WE,Combined TRACON& Tower with Radar,14,15,19,0,48,0,0,22,0,22,14,15,41,0,70,16,0,16,86
05/22/2008,ASE,CO,ANM,WE,Combined TRACON& Tower with Radar,14,24,14,0,52,0,0,8,0,8,14,24,22,0,60,8,0,8,68
05/23/2008,ASE,CO,ANM,WE,Combined TRACON& Tower with Radar,15,19,33,0,67,0,0,0,0,0,15,19,33,0,67,0,0,0,67
05/24/2008,ASE,CO,ANM,WE,Combined TRACON& Tower with Radar,18,18,8,0,44,0,0,2,0,2,18,18,10,0,46,0,0,0,46
05/25/2008,ASE,CO,ANM,WE,Combined TRACON& Tower with Radar,15,24,11,0,50,0,0,23,0,23,15,24,34,0,73,8,0,8,81
05/26/2008,ASE,CO,ANM,WE,Combined TRACON& Tower with Radar,15,21,33,0,69,0,0,14,0,14,15,21,47,0,83,0,0,0,83
05/27/2008,ASE,CO,ANM,WE,Combined TRACON& Tower with Radar,16,19,20,0,55,0,0,12,0,12,16,19,32,0,67,18,0,18,85
05/28/2008,ASE,CO,ANM,WE,Combined TRACON& Tower with Radar,15,18,5,0,38,0,0,22,0,22,15,18,27,0,60,0,0,0,60
05/29/2008,ASE,CO,ANM,WE,Combined TRACON& Tower with Radar,15,22,16,0,53,0,0,23,0,23,15,22,39,0,76,16,0,16,92
05/30/2008,ASE,CO,ANM,WE,Combined TRACON& Tower with Radar,16,27,19,0,62,0,0,30,0,30,16,27,49,0,92,28,0,28,120
05/31/2008,ASE,CO,ANM,WE,Combined TRACON& Tower with Radar,17,18,11,0,46,0,0,17,0,17,17,18,28,0,63,14,0,14,77
06/01/2008,ASE,CO,ANM,WE,Combined TRACON& Tower with Radar,11,36,14,0,61,0,0,19,0,19,11,36,33,0,80,0,0,0,80
06/02/2008,ASE,CO,ANM,WE,Combined TRACON& Tower with Radar,11,22,26,0,59,0,0,16,0,16,11,22,42,0,75,0,0,0,75
06/03/2008,ASE,CO,ANM,WE,Combined TRACON& Tower with Radar,11,26,17,0,54,0,0,24,0,24,11,26,41,0,78,0,0,0,78
06/04/2008,ASE,CO,ANM,WE,Combined TRACON& Tower with Radar,10,21,29,0,60,0,0,25,0,25,10,21,54,0,85,22,0,22,107
06/05/2008,ASE,CO,ANM,WE,Combined TRACON& Tower with Radar,24,14,19,0,57,0,0,7,0,7,24,14,26,0,64,10,0,10,74
06/06/2008,ASE,CO,ANM,WE,Combined TRACON& Tower with Radar,21,32,34,0,87,0,0,11,0,11,21,32,45,0,98,6,0,6,104
06/07/2008,ASE,CO,ANM,WE,Combined TRACON& Tower with Radar,20,23,28,0,71,0,0,16,1,17,20,23,44,1,88,4,0,4,92
06/08/2008,ASE,CO,ANM,WE,Combined TRACON& Tower with Radar,21,28,33,0,82,0,0,18,0,18,21,28,51,0,100,14,0,14,114
06/09/2008,ASE,CO,ANM,WE,Combined TRACON& Tower with Radar,21,24,33,0,78,0,0,23,0,23,21,24,56,0,101,0,0,0,101
06/10/2008,ASE,CO,ANM,WE,Combined TRACON& Tower with Radar,21,27,29,0,77,0,3,24,0,27,21,30,53,0,104,18,0,18,122
06/11/2008,ASE,CO,ANM,WE,Combined TRACON& Tower with Radar,20,27,36,0,83,0,0,7,1,8,20,27,43,1,91,18,2,20,111
06/12/2008,ASE,CO,ANM,WE,Combined TRACON& Tower with Radar,21,54,84,0,159,0,0,46,0,46,21,54,130,0,205,24,0,24,229
06/13/2008,ASE,CO,ANM,WE,Combined TRACON& Tower with Radar,22,47,40,0,109,0,0,33,0,33,22,47,73,0,142,14,0,14,156
06/14/2008,ASE,CO,ANM,WE,Combined TRACON& Tower with Radar,20,41,32,0,93,0,0,26,0,26,20,41,58,0,119,0,0,0,119
06/15/2008,ASE,CO,ANM,WE,Combined TRACON& Tower with Radar,21,60,78,0,159,0,0,15,0,15,21,60,93,0,174,0,0,0,174
06/16/2008,ASE,CO,ANM,WE,Combined TRACON& Tower with Radar,21,50,72,0,143,0,0,23,0,23,21,50,95,0,166,24,0,24,190
06/17/2008,ASE,CO,ANM,WE,Combined TRACON& Tower with Radar,21,30,27,0,78,0,0,21,0,21,21,30,48,0,99,30,0,30,129
06/18/2008,ASE,CO,ANM,WE,Combined TRACON& Tower with Radar,20,32,64,0,116,0,0,17,0,17,20,32,81,0,133,6,0,6,139
06/19/2008,ASE,CO,ANM,WE,Combined TRACON& Tower with Radar,22,39,63,0,124,0,0,26,0,26,22,39,89,0,150,14,0,14,164
06/20/2008,ASE,CO,ANM,WE,Combined TRACON& Tower with Radar,21,40,41,0,102,0,0,27,0,27,21,40,68,0,129,44,0,44,173
06/21/2008,ASE,CO,ANM,WE,Combined TRACON& Tower with Radar,23,48,25,0,96,0,0,16,0,16,23,48,41,0,112,0,0,0,112
06/22/2008,ASE,CO,ANM,WE,Combined TRACON& Tower with Radar,18,41,61,0,120,0,0,34,0,34,18,41,95,0,154,2,0,2,156
06/23/2008,ASE,CO,ANM,WE,Combined TRACON& Tower with Radar,22,41,31,0,94,0,0,16,0,16,22,41,47,0,110,0,0,0,110
06/24/2008,ASE,CO,ANM,WE,Combined TRACON& Tower with Radar,25,37,48,0,110,0,0,12,0,12,25,37,60,0,122,20,0,20,142
06/25/2008,ASE,CO,ANM,WE,Combined TRACON& Tower with Radar,21,36,36,0,93,0,0,28,0,28,21,36,64,0,121,2,0,2,123
06/26/2008,ASE,CO,ANM,WE,Combined TRACON& Tower with Radar,18,55,50,0,123,0,0,35,0,35,18,55,85,0,158,20,0,20,178
06/27/2008,ASE,CO,ANM,WE,Combined TRACON& Tower with Radar,21,58,76,0,155,0,10,28,0,38,21,68,104,0,193,60,0,60,253
06/28/2008,ASE,CO,ANM,WE,Combined TRACON& Tower with Radar,24,64,62,2,152,0,0,27,4,31,24,64,89,6,183,22,6,28,211
06/29/2008,ASE,CO,ANM,WE,Combined TRACON& Tower with Radar,20,88,64,0,172,0,0,30,0,30,20,88,94,0,202,18,0,18,220
06/30/2008,ASE,CO,ANM,WE,Combined TRACON& Tower with Radar,22,69,59,2,152,0,0,30,0,30,22,69,89,2,182,18,0,18,200
07/01/2008,ASE,CO,ANM,WE,Combined TRACON& Tower with Radar,24,57,81,0,162,0,0,0,0,0,24,57,81,0,162,0,0,0,162
07/02/2008,ASE,CO,ANM,WE,Combined TRACON& Tower with Radar,22,89,107,0,218,0,0,0,0,0,22,89,107,0,218,6,0,6,224
07/03/2008,ASE,CO,ANM,WE,Combined TRACON& Tower with Radar,21,73,140,2,236,0,0,37,0,37,21,73,177,2,273,26,0,26,299
07/04/2008,ASE,CO,ANM,WE,Combined TRACON& Tower with Radar,19,35,34,4,92,0,0,0,0,0,19,35,34,4,92,0,0,0,92
07/05/2008,ASE,CO,ANM,WE,Combined TRACON& Tower with Radar,23,51,44,0,118,0,0,14,0,14,23,51,58,0,132,0,0,0,132
07/06/2008,ASE,CO,ANM,WE,Combined TRACON& Tower with Radar,19,121,119,0,259,0,0,13,0,13,19,121,132,0,272,0,0,0,272
07/07/2008,ASE,CO,ANM,WE,Combined TRACON& Tower with Radar,22,78,73,0,173,0,0,15,0,15,22,78,88,0,188,12,0,12,200
07/08/2008,ASE,CO,ANM,WE,Combined TRACON& Tower with Radar,21,51,79,0,151,0,0,0,0,0,21,51,79,0,151,2,0,2,153
07/09/2008,ASE,CO,ANM,WE,Combined TRACON& Tower with Radar,22,49,75,0,146,0,0,0,0,0,22,49,75,0,146,18,0,18,164
07/10/2008,ASE,CO,ANM,WE,Combined TRACON& Tower with Radar,21,51,95,0,167,0,0,0,0,0,21,51,95,0,167,14,0,14,181
07/11/2008,ASE,CO,ANM,WE,Combined TRACON& Tower with Radar,21,66,74,1,162,0,0,14,0,14,21,66,88,1,176,0,0,0,176
07/12/2008,ASE,CO,ANM,WE,Combined TRACON& Tower with Radar,23,61,58,0,142,0,0,24,0,24,23,61,82,0,166,2,0,2,168
07/13/2008,ASE,CO,ANM,WE,Combined TRACON& Tower with Radar,22,64,97,0,183,0,0,18,0,18,22,64,115,0,201,0,0,0,201
07/14/2008,ASE,CO,ANM,WE,Combined TRACON& Tower with Radar,17,48,66,0,131,0,0,16,0,16,17,48,82,0,147,0,0,0,147
07/15/2008,ASE,CO,ANM,WE,Combined TRACON& Tower with Radar,23,41,79,0,143,0,0,0,0,0,23,41,79,0,143,6,0,6,149
07/16/2008,ASE,CO,ANM,WE,Combined TRACON& Tower with Radar,21,39,66,0,126,0,0,16,0,16,21,39,82,0,142,4,0,4,146
07/17/2008,ASE,CO,ANM,WE,Combined TRACON& Tower with Radar,21,57,98,0,176,0,0,17,0,17,21,57,115,0,193,16,0,16,209
07/18/2008,ASE,CO,ANM,WE,Combined TRACON& Tower with Radar,22,55,49,1,127,0,0,25,1,26,22,55,74,2,153,2,0,2,155
07/19/2008,ASE,CO,ANM,WE,Combined TRACON& Tower with Radar,23,57,79,0,159,0,0,17,0,17,23,57,96,0,176,16,0,16,192
07/20/2008,ASE,CO,ANM,WE,Combined TRACON& Tower with Radar,21,60,96,0,177,0,0,0,0,0,21,60,96,0,177,20,0,20,197
07/21/2008,ASE,CO,ANM,WE,Combined TRACON& Tower with Radar,22,48,53,0,123,0,0,30,0,30,22,48,83,0,153,18,0,18,171
07/22/2008,ASE,CO,ANM,WE,Combined TRACON& Tower with Radar,21,52,86,2,161,0,0,0,0,0,21,52,86,2,161,0,0,0,161
07/23/2008,ASE,CO,ANM,WE,Combined TRACON& Tower with Radar,23,60,82,0,165,0,0,23,0,23,23,60,105,0,188,12,0,12,200
07/24/2008,ASE,CO,ANM,WE,Combined TRACON& Tower with Radar,21,78,125,0,224,0,0,27,0,27,21,78,152,0,251,22,0,22,273
07/25/2008,ASE,CO,ANM,WE,Combined TRACON& Tower with Radar,21,64,76,0,161,0,0,31,0,31,21,64,107,0,192,4,0,4,196
07/26/2008,ASE,CO,ANM,WE,Combined TRACON& Tower with Radar,24,75,54,0,153,0,0,65,0,65,24,75,119,0,218,6,0,6,224
07/27/2008,ASE,CO,ANM,WE,Combined TRACON& Tower with Radar,18,80,105,0,203,0,2,20,0,22,18,82,125,0,225,0,0,0,225
07/28/2008,ASE,CO,ANM,WE,Combined TRACON& Tower with Radar,24,62,65,0,151,0,0,16,0,16,24,62,81,0,167,34,0,34,201
07/29/2008,ASE,CO,ANM,WE,Combined TRACON& Tower with Radar,22,54,64,0,140,0,0,30,0,30,22,54,94,0,170,18,0,18,188
07/30/2008,ASE,CO,ANM,WE,Combined TRACON& Tower with Radar,20,49,69,0,138,0,0,36,0,36,20,49,105,0,174,26,0,26,200
07/31/2008,ASE,CO,ANM,WE,Combined TRACON& Tower with Radar,21,74,97,0,192,0,0,39,0,39,21,74,136,0,231,18,0,18,249
08/01/2008,ASE,CO,ANM,WE,Combined TRACON& Tower with Radar,22,88,87,0,197,0,0,39,0,39,22,88,126,0,236,28,0,28,264
08/02/2008,ASE,CO,ANM,WE,Combined TRACON& Tower with Radar,23,85,61,0,169,0,0,12,0,12,23,85,73,0,181,0,0,0,181
08/03/2008,ASE,CO,ANM,WE,Combined TRACON& Tower with Radar,19,111,87,1,218,0,0,12,0,12,19,111,99,1,230,8,0,8,238
08/04/2008,ASE,CO,ANM,WE,Combined TRACON& Tower with Radar,21,46,54,0,121,0,0,22,0,22,21,46,76,0,143,16,0,16,159
08/05/2008,ASE,CO,ANM,WE,Combined TRACON& Tower with Radar,19,62,67,0,148,0,0,20,0,20,19,62,87,0,168,24,0,24,192
08/06/2008,ASE,CO,ANM,WE,Combined TRACON& Tower with Radar,18,78,67,0,163,0,0,14,0,14,18,78,81,0,177,52,0,52,229
08/07/2008,ASE,CO,ANM,WE,Combined TRACON& Tower with Radar,21,77,77,0,175,0,0,18,0,18,21,77,95,0,193,18,0,18,211
08/08/2008,ASE,CO,ANM,WE,Combined TRACON& Tower with Radar,23,78,81,0,182,0,0,10,0,10,23,78,91,0,192,44,0,44,236
08/09/2008,ASE,CO,ANM,WE,Combined TRACON& Tower with Radar,23,70,60,0,153,0,0,9,0,9,23,70,69,0,162,0,0,0,162
08/10/2008,ASE,CO,ANM,WE,Combined TRACON& Tower with Radar,20,75,82,0,177,0,0,5,0,5,20,75,87,0,182,24,0,24,206
08/11/2008,ASE,CO,ANM,WE,Combined TRACON& Tower with Radar,21,52,80,0,153,0,0,27,0,27,21,52,107,0,180,40,0,40,220
08/12/2008,ASE,CO,ANM,WE,Combined TRACON& Tower with Radar,22,62,76,0,160,0,0,38,0,38,22,62,114,0,198,52,0,52,250
08/13/2008,ASE,CO,ANM,WE,Combined TRACON& Tower with Radar,20,52,52,0,124,0,0,22,0,22,20,52,74,0,146,22,0,22,168
08/14/2008,ASE,CO,ANM,WE,Combined TRACON& Tower with Radar,22,58,67,2,149,0,0,46,2,48,22,58,113,4,197,70,0,70,267
08/15/2008,ASE,CO,ANM,WE,Combined TRACON& Tower with Radar,21,68,93,0,182,0,0,19,0,19,21,68,112,0,201,48,0,48,249
08/16/2008,ASE,CO,ANM,WE,Combined TRACON& Tower with Radar,24,68,62,0,154,0,0,0,0,0,24,68,62,0,154,8,0,8,162
08/17/2008,ASE,CO,ANM,WE,Combined TRACON& Tower with Radar,20,77,99,0,196,0,0,14,0,14,20,77,113,0,210,14,0,14,224
08/18/2008,ASE,CO,ANM,WE,Combined TRACON& Tower with Radar,21,47,64,0,132,0,0,50,0,50,21,47,114,0,182,46,0,46,228
08/19/2008,ASE,CO,ANM,WE,Combined TRACON& Tower with Radar,21,43,87,0,151,0,0,14,0,14,21,43,101,0,165,16,0,16,181
08/20/2008,ASE,CO,ANM,WE,Combined TRACON& Tower with Radar,21,46,79,0,146,0,0,13,0,13,21,46,92,0,159,14,0,14,173
08/21/2008,ASE,CO,ANM,WE,Combined TRACON& Tower with Radar,21,55,66,0,142,0,0,37,0,37,21,55,103,0,179,50,0,50,229
08/22/2008,ASE,CO,ANM,WE,Combined TRACON& Tower with Radar,19,46,43,0,108,0,0,26,0,26,19,46,69,0,134,80,0,80,214
08/23/2008,ASE,CO,ANM,WE,Combined TRACON& Tower with Radar,20,46,44,0,110,0,0,32,0,32,20,46,76,0,142,0,0,0,142
08/24/2008,ASE,CO,ANM,WE,Combined TRACON& Tower with Radar,0,0,0,0,0,0,0,0,0,0,0,0,0,0,0,0,0,0,0
08/25/2008,ASE,CO,ANM,WE,Combined TRACON& Tower with Radar,21,37,35,1,94,0,0,18,0,18,21,37,53,1,112,0,0,0,112
08/26/2008,ASE,CO,ANM,WE,Combined TRACON& Tower with Radar,22,46,62,0,130,0,0,23,0,23,22,46,85,0,153,12,0,12,165
08/27/2008,ASE,CO,ANM,WE,Combined TRACON& Tower with Radar,21,34,49,0,104,0,0,32,0,32,21,34,81,0,136,24,0,24,160
08/28/2008,ASE,CO,ANM,WE,Combined TRACON& Tower with Radar,20,40,102,0,162,0,1,71,0,72,20,41,173,0,234,24,0,24,258
08/29/2008,ASE,CO,ANM,WE,Combined TRACON& Tower with Radar,18,64,74,0,156,0,0,18,2,20,18,64,92,2,176,62,0,62,238
08/30/2008,ASE,CO,ANM,WE,Combined TRACON& Tower with Radar,20,38,29,0,87,0,0,14,0,14,20,38,43,0,101,28,0,28,129
08/31/2008,ASE,CO,ANM,WE,Combined TRACON& Tower with Radar,17,42,40,0,99,0,0,6,0,6,17,42,46,0,105,12,0,12,117
09/01/2008,ASE,CO,ANM,WE,Combined TRACON& Tower with Radar,18,61,68,0,147,0,0,0,0,0,18,61,68,0,147,0,0,0,147
09/02/2008,ASE,CO,ANM,WE,Combined TRACON& Tower with Radar,12,53,88,0,153,0,0,12,0,12,12,53,100,0,165,22,0,22,187
09/03/2008,ASE,CO,ANM,WE,Combined TRACON& Tower with Radar,11,28,61,0,100,0,0,28,0,28,11,28,89,0,128,46,0,46,174
09/04/2008,ASE,CO,ANM,WE,Combined TRACON& Tower with Radar,12,31,71,0,114,0,0,52,0,52,12,31,123,0,166,4,0,4,170
09/05/2008,ASE,CO,ANM,WE,Combined TRACON& Tower with Radar,14,29,38,1,82,0,0,38,0,38,14,29,76,1,120,38,0,38,158
09/06/2008,ASE,CO,ANM,WE,Combined TRACON& Tower with Radar,12,31,36,0,79,0,0,23,0,23,12,31,59,0,102,26,0,26,128
09/07/2008,ASE,CO,ANM,WE,Combined TRACON& Tower with Radar,8,40,33,0,81,0,0,26,0,26,8,40,59,0,107,0,0,0,107
09/08/2008,ASE,CO,ANM,WE,Combined TRACON& Tower with Radar,11,34,30,0,75,0,0,19,0,19,11,34,49,0,94,20,0,20,114
09/09/2008,ASE,CO,ANM,WE,Combined TRACON& Tower with Radar,13,29,61,0,103,0,0,28,0,28,13,29,89,0,131,46,0,46,177
09/10/2008,ASE,CO,ANM,WE,Combined TRACON& Tower with Radar,14,30,15,0,59,0,0,18,0,18,14,30,33,0,77,26,0,26,103
09/11/2008,ASE,CO,ANM,WE,Combined TRACON& Tower with Radar,12,34,77,0,123,0,0,18,0,18,12,34,95,0,141,22,0,22,163
09/12/2008,ASE,CO,ANM,WE,Combined TRACON& Tower with Radar,13,50,50,0,113,0,0,42,0,42,13,50,92,0,155,20,0,20,175
09/13/2008,ASE,CO,ANM,WE,Combined TRACON& Tower with Radar,12,25,21,0,58,0,0,26,0,26,12,25,47,0,84,20,0,20,104
09/14/2008,ASE,CO,ANM,WE,Combined TRACON& Tower with Radar,9,42,38,0,89,0,0,28,0,28,9,42,66,0,117,0,0,0,117
09/15/2008,ASE,CO,ANM,WE,Combined TRACON& Tower with Radar,12,39,22,0,73,0,0,23,0,23,12,39,45,0,96,0,0,0,96
09/16/2008,ASE,CO,ANM,WE,Combined TRACON& Tower with Radar,14,34,66,0,114,0,0,35,0,35,14,34,101,0,149,16,0,16,165
09/17/2008,ASE,CO,ANM,WE,Combined TRACON& Tower with Radar,30,11,26,5,72,0,0,26,0,26,30,11,52,5,98,26,0,26,124
09/18/2008,ASE,CO,ANM,WE,Combined TRACON& Tower with Radar,14,51,126,2,193,0,1,84,0,85,14,52,210,2,278,68,0,68,346
09/19/2008,ASE,CO,ANM,WE,Combined TRACON& Tower with Radar,14,43,63,0,120,0,0,25,0,25,14,43,88,0,145,16,0,16,161
09/20/2008,ASE,CO,ANM,WE,Combined TRACON& Tower with Radar,12,46,49,0,107,0,0,22,0,22,12,46,71,0,129,0,0,0,129
09/21/2008,ASE,CO,ANM,WE,Combined TRACON& Tower with Radar,9,62,73,2,146,0,0,9,0,9,9,62,82,2,155,0,0,0,155
09/22/2008,ASE,CO,ANM,WE,Combined TRACON& Tower with Radar,12,28,29,0,69,0,0,23,0,23,12,28,52,0,92,20,0,20,112
09/23/2008,ASE,CO,ANM,WE,Combined TRACON& Tower with Radar,14,25,59,1,99,0,0,21,0,21,14,25,80,1,120,10,0,10,130
09/24/2008,ASE,CO,ANM,WE,Combined TRACON& Tower with Radar,16,43,60,0,119,0,0,35,0,35,16,43,95,0,154,48,0,48,202
09/25/2008,ASE,CO,ANM,WE,Combined TRACON& Tower with Radar,15,32,22,0,69,0,0,16,0,16,15,32,38,0,85,38,0,38,123
09/26/2008,ASE,CO,ANM,WE,Combined TRACON& Tower with Radar,13,42,35,0,90,0,0,20,0,20,13,42,55,0,110,0,0,0,110
09/27/2008,ASE,CO,ANM,WE,Combined TRACON& Tower with Radar,12,28,19,0,59,0,0,36,0,36,12,28,55,0,95,0,0,0,95
09/28/2008,ASE,CO,ANM,WE,Combined TRACON& Tower with Radar,8,42,24,1,75,0,0,36,0,36,8,42,60,1,111,2,0,2,113
09/29/2008,ASE,CO,ANM,WE,Combined TRACON& Tower with Radar,13,24,42,0,79,0,0,38,0,38,13,24,80,0,117,56,0,56,173
09/30/2008,ASE,CO,ANM,WE,Combined TRACON& Tower with Radar,15,35,54,0,104,0,0,44,0,44,15,35,98,0,148,0,0,0,148
10/01/2008,ASE,CO,ANM,WE,Combined TRACON& Tower with Radar,11,41,36,0,88,0,0,29,0,29,11,41,65,0,117,48,0,48,165
10/02/2008,ASE,CO,ANM,WE,Combined TRACON& Tower with Radar,12,26,31,0,69,0,0,55,0,55,12,26,86,0,124,40,0,40,164
10/03/2008,ASE,CO,ANM,WE,Combined TRACON& Tower with Radar,11,32,27,0,70,0,0,0,0,0,11,32,27,0,70,22,4,26,96
10/04/2008,ASE,CO,ANM,WE,Combined TRACON& Tower with Radar,11,24,28,0,63,0,0,12,0,12,11,24,40,0,75,0,0,0,75
10/05/2008,ASE,CO,ANM,WE,Combined TRACON& Tower with Radar,9,25,29,0,63,0,0,0,0,0,9,25,29,0,63,10,0,10,73
10/06/2008,ASE,CO,ANM,WE,Combined TRACON& Tower with Radar,9,27,26,0,62,0,0,12,0,12,9,27,38,0,74,0,0,0,74
10/07/2008,ASE,CO,ANM,WE,Combined TRACON& Tower with Radar,12,21,18,0,51,0,0,37,0,37,12,21,55,0,88,20,0,20,108
10/08/2008,ASE,CO,ANM,WE,Combined TRACON& Tower with Radar,12,29,28,0,69,0,0,51,0,51,12,29,79,0,120,32,0,32,152
10/09/2008,ASE,CO,ANM,WE,Combined TRACON& Tower with Radar,12,22,42,0,76,0,0,23,0,23,12,22,65,0,99,16,0,16,115
10/10/2008,ASE,CO,ANM,WE,Combined TRACON& Tower with Radar,10,19,43,0,72,0,0,0,0,0,10,19,43,0,72,0,0,0,72
10/11/2008,ASE,CO,ANM,WE,Combined TRACON& Tower with Radar,11,7,10,0,28,0,0,5,0,5,11,7,15,0,33,0,0,0,33
10/12/2008,ASE,CO,ANM,WE,Combined TRACON& Tower with Radar,10,29,34,0,73,0,0,12,0,12,10,29,46,0,85,6,0,6,91
10/13/2008,ASE,CO,ANM,WE,Combined TRACON& Tower with Radar,10,25,32,0,67,0,2,10,0,12,10,27,42,0,79,56,4,60,139
10/14/2008,ASE,CO,ANM,WE,Combined TRACON& Tower with Radar,11,28,16,0,55,0,0,33,0,33,11,28,49,0,88,0,0,0,88
10/15/2008,ASE,CO,ANM,WE,Combined TRACON& Tower with Radar,10,37,35,0,82,0,0,30,0,30,10,37,65,0,112,36,0,36,148
10/16/2008,ASE,CO,ANM,WE,Combined TRACON& Tower with Radar,10,25,22,0,57,0,0,20,0,20,10,25,42,0,77,10,0,10,87
10/17/2008,ASE,CO,ANM,WE,Combined TRACON& Tower with Radar,10,33,12,0,55,0,0,31,0,31,10,33,43,0,86,48,0,48,134
10/18/2008,ASE,CO,ANM,WE,Combined TRACON& Tower with Radar,11,20,14,0,45,0,0,11,0,11,11,20,25,0,56,10,0,10,66
10/19/2008,ASE,CO,ANM,WE,Combined TRACON& Tower with Radar,10,24,26,0,60,0,0,0,0,0,10,24,26,0,60,8,0,8,68
10/20/2008,ASE,CO,ANM,WE,Combined TRACON& Tower with Radar,12,17,18,0,47,0,0,6,0,6,12,17,24,0,53,0,0,0,53
10/21/2008,ASE,CO,ANM,WE,Combined TRACON& Tower with Radar,12,18,11,0,41,0,0,4,0,4,12,18,15,0,45,0,0,0,45
10/22/2008,ASE,CO,ANM,WE,Combined TRACON& Tower with Radar,11,27,21,0,59,0,0,5,0,5,11,27,26,0,64,12,0,12,76
10/23/2008,ASE,CO,ANM,WE,Combined TRACON& Tower with Radar,12,13,47,0,72,0,0,26,0,26,12,13,73,0,98,20,0,20,118
10/24/2008,ASE,CO,ANM,WE,Combined TRACON& Tower with Radar,12,22,56,0,90,0,0,24,0,24,12,22,80,0,114,8,0,8,122
10/25/2008,ASE,CO,ANM,WE,Combined TRACON& Tower with Radar,11,19,10,0,40,0,0,39,0,39,11,19,49,0,79,24,0,24,103
10/26/2008,ASE,CO,ANM,WE,Combined TRACON& Tower with Radar,10,25,27,0,62,0,0,21,0,21,10,25,48,0,83,0,0,0,83
10/27/2008,ASE,CO,ANM,WE,Combined TRACON& Tower with Radar,12,15,16,0,43,0,0,28,0,28,12,15,44,0,71,22,0,22,93
10/28/2008,ASE,CO,ANM,WE,Combined TRACON& Tower with Radar,13,13,46,0,72,0,0,24,0,24,13,13,70,0,96,22,0,22,118
10/29/2008,ASE,CO,ANM,WE,Combined TRACON& Tower with Radar,12,24,20,0,56,0,0,30,0,30,12,24,50,0,86,22,0,22,108
10/30/2008,ASE,CO,ANM,WE,Combined TRACON& Tower with Radar,12,15,10,0,37,0,0,28,0,28,12,15,38,0,65,18,0,18,83
10/31/2008,ASE,CO,ANM,WE,Combined TRACON& Tower with Radar,10,19,13,0,42,0,0,40,0,40,10,19,53,0,82,17,0,17,99
11/01/2008,ASE,CO,ANM,WE,Combined TRACON& Tower with Radar,12,14,14,0,40,0,0,31,0,31,12,14,45,0,71,14,0,14,85
11/02/2008,ASE,CO,ANM,WE,Combined TRACON& Tower with Radar,8,23,19,0,50,0,0,10,0,10,8,23,29,0,60,4,0,4,64
11/03/2008,ASE,CO,ANM,WE,Combined TRACON& Tower with Radar,12,17,29,0,58,0,0,22,0,22,12,17,51,0,80,22,0,22,102
11/04/2008,ASE,CO,ANM,WE,Combined TRACON& Tower with Radar,12,11,12,0,35,0,0,12,0,12,12,11,24,0,47,8,8,16,63
11/05/2008,ASE,CO,ANM,WE,Combined TRACON& Tower with Radar,6,4,2,0,12,0,0,1,0,1,6,4,3,0,13,0,0,0,13
11/06/2008,ASE,CO,ANM,WE,Combined TRACON& Tower with Radar,11,18,40,0,69,0,0,29,0,29,11,18,69,0,98,40,0,40,138
11/07/2008,ASE,CO,ANM,WE,Combined TRACON& Tower with Radar,9,21,17,0,47,0,0,18,0,18,9,21,35,0,65,18,0,18,83
11/08/2008,ASE,CO,ANM,WE,Combined TRACON& Tower with Radar,12,14,8,0,34,0,0,48,0,48,12,14,56,0,82,38,0,38,120
11/09/2008,ASE,CO,ANM,WE,Combined TRACON& Tower with Radar,9,24,16,0,49,0,0,17,0,17,9,24,33,0,66,12,0,12,78
11/10/2008,ASE,CO,ANM,WE,Combined TRACON& Tower with Radar,11,15,15,0,41,0,0,16,0,16,11,15,31,0,57,42,0,42,99
11/11/2008,ASE,CO,ANM,WE,Combined TRACON& Tower with Radar,9,10,11,0,30,0,0,0,0,0,9,10,11,0,30,0,0,0,30
11/12/2008,ASE,CO,ANM,WE,Combined TRACON& Tower with Radar,11,11,10,0,32,0,0,1,0,1,11,11,11,0,33,0,0,0,33
11/13/2008,ASE,CO,ANM,WE,Combined TRACON& Tower with Radar,10,17,14,0,41,0,0,35,1,36,10,17,49,1,77,28,0,28,105
11/14/2008,ASE,CO,ANM,WE,Combined TRACON& Tower with Radar,11,11,20,0,42,0,0,6,0,6,11,11,26,0,48,2,0,2,50
11/15/2008,ASE,CO,ANM,WE,Combined TRACON& Tower with Radar,11,16,4,0,31,0,0,47,0,47,11,16,51,0,78,16,0,16,94
11/16/2008,ASE,CO,ANM,WE,Combined TRACON& Tower with Radar,10,23,23,0,56,0,0,43,0,43,10,23,66,0,99,6,0,6,105
11/17/2008,ASE,CO,ANM,WE,Combined TRACON& Tower with Radar,11,20,19,0,50,0,0,40,0,40,11,20,59,0,90,14,0,14,104
11/18/2008,ASE,CO,ANM,WE,Combined TRACON& Tower with Radar,10,10,12,0,32,0,0,31,0,31,10,10,43,0,63,10,0,10,73
11/19/2008,ASE,CO,ANM,WE,Combined TRACON& Tower with Radar,10,13,10,0,33,0,1,48,0,49,10,14,58,0,82,30,0,30,112
11/20/2008,ASE,CO,ANM,WE,Combined TRACON& Tower with Radar,11,16,38,0,65,0,0,11,0,11,11,16,49,0,76,12,0,12,88
11/21/2008,ASE,CO,ANM,WE,Combined TRACON& Tower with Radar,13,23,25,0,61,0,0,11,0,11,13,23,36,0,72,4,0,4,76
11/22/2008,ASE,CO,ANM,WE,Combined TRACON& Tower with Radar,9,21,26,0,56,0,0,37,0,37,9,21,63,0,93,12,0,12,105
11/23/2008,ASE,CO,ANM,WE,Combined TRACON& Tower with Radar,11,20,17,0,48,0,0,14,0,14,11,20,31,0,62,2,0,2,64
11/24/2008,ASE,CO,ANM,WE,Combined TRACON& Tower with Radar,12,22,15,0,49,0,0,36,0,36,12,22,51,0,85,24,2,26,111
11/25/2008,ASE,CO,ANM,WE,Combined TRACON& Tower with Radar,11,29,38,0,78,0,0,37,0,37,11,29,75,0,115,8,0,8,123
11/26/2008,ASE,CO,ANM,WE,Combined TRACON& Tower with Radar,10,45,47,0,102,0,0,24,0,24,10,45,71,0,126,6,0,6,132
11/27/2008,ASE,CO,ANM,WE,Combined TRACON& Tower with Radar,9,10,4,0,23,0,0,1,0,1,9,10,5,0,24,0,0,0,24
11/28/2008,ASE,CO,ANM,WE,Combined TRACON& Tower with Radar,10,7,6,0,23,0,0,0,0,0,10,7,6,0,23,0,0,0,23
11/29/2008,ASE,CO,ANM,WE,Combined TRACON& Tower with Radar,10,13,30,0,53,0,0,0,0,0,10,13,30,0,53,0,0,0,53
11/30/2008,ASE,CO,ANM,WE,Combined TRACON& Tower with Radar,11,11,37,0,59,0,0,2,0,2,11,11,39,0,61,0,0,0,61
12/01/2008,ASE,CO,ANM,WE,Combined TRACON& Tower with Radar,11,29,52,0,92,0,0,7,0,7,11,29,59,0,99,0,0,0,99
12/02/2008,ASE,CO,ANM,WE,Combined TRACON& Tower with Radar,10,17,17,0,44,0,0,16,0,16,10,17,33,0,60,0,0,0,60
12/03/2008,ASE,CO,ANM,WE,Combined TRACON& Tower with Radar,9,16,11,0,36,0,0,11,0,11,9,16,22,0,47,4,0,4,51
12/04/2008,ASE,CO,ANM,WE,Combined TRACON& Tower with Radar,6,4,12,0,22,0,0,0,0,0,6,4,12,0,22,0,0,0,22
12/05/2008,ASE,CO,ANM,WE,Combined TRACON& Tower with Radar,12,27,28,0,67,0,0,27,0,27,12,27,55,0,94,14,0,14,108
12/06/2008,ASE,CO,ANM,WE,Combined TRACON& Tower with Radar,15,15,20,0,50,0,0,21,0,21,15,15,41,0,71,18,0,18,89
12/07/2008,ASE,CO,ANM,WE,Combined TRACON& Tower with Radar,9,23,24,0,56,0,0,21,0,21,9,23,45,0,77,0,0,0,77
12/08/2008,ASE,CO,ANM,WE,Combined TRACON& Tower with Radar,7,15,18,0,40,0,0,4,0,4,7,15,22,0,44,0,0,0,44
12/09/2008,ASE,CO,ANM,WE,Combined TRACON& Tower with Radar,8,16,5,0,29,0,0,2,0,2,8,16,7,0,31,0,0,0,31
12/10/2008,ASE,CO,ANM,WE,Combined TRACON& Tower with Radar,13,21,13,0,47,0,0,10,0,10,13,21,23,0,57,0,0,0,57
12/11/2008,ASE,CO,ANM,WE,Combined TRACON& Tower with Radar,30,13,39,0,82,0,0,31,0,31,30,13,70,0,113,8,0,8,121
12/12/2008,ASE,CO,ANM,WE,Combined TRACON& Tower with Radar,27,7,18,0,52,0,0,6,0,6,27,7,24,0,58,0,0,0,58
12/13/2008,ASE,CO,ANM,WE,Combined TRACON& Tower with Radar,37,5,6,0,48,0,0,0,0,0,37,5,6,0,48,0,0,0,48
12/14/2008,ASE,CO,ANM,WE,Combined TRACON& Tower with Radar,28,4,19,0,51,0,0,0,0,0,28,4,19,0,51,0,0,0,51
12/15/2008,ASE,CO,ANM,WE,Combined TRACON& Tower with Radar,34,16,12,0,62,0,0,8,0,8,34,16,20,0,70,0,0,0,70
12/16/2008,ASE,CO,ANM,WE,Combined TRACON& Tower with Radar,33,0,13,0,46,0,0,0,0,0,33,0,13,0,46,0,0,0,46
12/17/2008,ASE,CO,ANM,WE,Combined TRACON& Tower with Radar,37,12,26,0,75,0,0,4,0,4,37,12,30,0,79,0,0,0,79
12/18/2008,ASE,CO,ANM,WE,Combined TRACON& Tower with Radar,19,1,9,0,29,0,0,0,0,0,19,1,9,0,29,0,0,0,29
12/19/2008,ASE,CO,ANM,WE,Combined TRACON& Tower with Radar,41,67,102,0,210,0,0,2,0,2,41,67,104,0,212,0,0,0,212
12/20/2008,ASE,CO,ANM,WE,Combined TRACON& Tower with Radar,31,8,22,0,61,0,0,0,0,0,31,8,22,0,61,0,0,0,61
12/21/2008,ASE,CO,ANM,WE,Combined TRACON& Tower with Radar,42,54,74,0,170,0,0,9,0,9,42,54,83,0,179,4,0,4,183
12/22/2008,ASE,CO,ANM,WE,Combined TRACON& Tower with Radar,32,14,56,0,102,0,0,1,0,1,32,14,57,0,103,0,0,0,103
12/23/2008,ASE,CO,ANM,WE,Combined TRACON& Tower with Radar,12,1,16,0,29,0,0,0,0,0,12,1,16,0,29,0,0,0,29
12/24/2008,ASE,CO,ANM,WE,Combined TRACON& Tower with Radar,36,50,46,0,132,0,0,19,0,19,36,50,65,0,151,10,0,10,161
12/25/2008,ASE,CO,ANM,WE,Combined TRACON& Tower with Radar,21,2,3,0,26,0,0,0,0,0,21,2,3,0,26,0,0,0,26
12/26/2008,ASE,CO,ANM,WE,Combined TRACON& Tower with Radar,33,8,47,0,88,0,0,0,0,0,33,8,47,0,88,0,0,0,88
12/27/2008,ASE,CO,ANM,WE,Combined TRACON& Tower with Radar,56,68,147,0,271,0,0,6,0,6,56,68,153,0,277,0,0,0,277
12/28/2008,ASE,CO,ANM,WE,Combined TRACON& Tower with Radar,50,56,116,0,222,0,0,4,0,4,50,56,120,0,226,0,0,0,226
12/29/2008,ASE,CO,ANM,WE,Combined TRACON& Tower with Radar,45,20,59,0,124,0,1,18,0,19,45,21,77,0,143,0,0,0,143
12/30/2008,ASE,CO,ANM,WE,Combined TRACON& Tower with Radar,42,46,72,0,160,0,0,34,0,34,42,46,106,0,194,10,0,10,204
12/31/2008,ASE,CO,ANM,WE,Combined TRACON& Tower with Radar,41,27,55,0,123,0,0,27,0,27,41,27,82,0,150,0,0,0,150
01/01/2009,ASE,CO,ANM,WE,Combined TRACON& Tower with Radar,44,38,64,0,146,0,0,0,0,0,44,38,64,0,146,0,0,0,146
01/02/2009,ASE,CO,ANM,WE,Combined TRACON& Tower with Radar,47,74,152,0,273,0,0,13,0,13,47,74,165,0,286,0,0,0,286
01/03/2009,ASE,CO,ANM,WE,Combined TRACON& Tower with Radar,10,3,19,0,32,0,0,0,0,0,10,3,19,0,32,0,0,0,32
01/04/2009,ASE,CO,ANM,WE,Combined TRACON& Tower with Radar,51,91,179,0,321,0,0,4,0,4,51,91,183,0,325,0,0,0,325
01/05/2009,ASE,CO,ANM,WE,Combined TRACON& Tower with Radar,40,41,40,0,121,0,0,4,0,4,40,41,44,0,125,0,0,0,125
01/06/2009,ASE,CO,ANM,WE,Combined TRACON& Tower with Radar,33,18,23,0,74,0,0,0,0,0,33,18,23,0,74,0,0,0,74
01/07/2009,ASE,CO,ANM,WE,Combined TRACON& Tower with Radar,35,8,24,0,67,0,0,4,0,4,35,8,28,0,71,0,0,0,71
01/08/2009,ASE,CO,ANM,WE,Combined TRACON& Tower with Radar,40,22,56,0,118,0,0,43,0,43,40,22,99,0,161,6,0,6,167
01/09/2009,ASE,CO,ANM,WE,Combined TRACON& Tower with Radar,40,3,14,0,57,0,0,1,0,1,40,3,15,0,58,0,0,0,58
01/10/2009,ASE,CO,ANM,WE,Combined TRACON& Tower with Radar,53,24,26,0,103,0,0,20,0,20,53,24,46,0,123,18,0,18,141
01/11/2009,ASE,CO,ANM,WE,Combined TRACON& Tower with Radar,57,15,28,0,100,0,0,9,2,11,57,15,37,2,111,9,0,9,120
01/12/2009,ASE,CO,ANM,WE,Combined TRACON& Tower with Radar,36,2,12,0,50,0,0,4,0,4,36,2,16,0,54,2,0,2,56
01/13/2009,ASE,CO,ANM,WE,Combined TRACON& Tower with Radar,34,18,19,0,71,0,0,13,0,13,34,18,32,0,84,0,0,0,84
01/14/2009,ASE,CO,ANM,WE,Combined TRACON& Tower with Radar,34,18,25,0,77,0,0,16,0,16,34,18,41,0,93,0,0,0,93
01/15/2009,ASE,CO,ANM,WE,Combined TRACON& Tower with Radar,39,15,35,0,89,0,0,23,0,23,39,15,58,0,112,13,0,13,125
01/16/2009,ASE,CO,ANM,WE,Combined TRACON& Tower with Radar,46,26,83,0,155,0,0,64,0,64,46,26,147,0,219,0,0,0,219
01/17/2009,ASE,CO,ANM,WE,Combined TRACON& Tower with Radar,54,30,27,0,111,0,0,22,0,22,54,30,49,0,133,12,0,12,145
01/18/2009,ASE,CO,ANM,WE,Combined TRACON& Tower with Radar,49,17,21,0,87,0,0,60,0,60,49,17,81,0,147,4,0,4,151
01/19/2009,ASE,CO,ANM,WE,Combined TRACON& Tower with Radar,41,43,53,0,137,0,0,5,0,5,41,43,58,0,142,0,0,0,142
01/20/2009,ASE,CO,ANM,WE,Combined TRACON& Tower with Radar,35,16,34,0,85,0,0,15,0,15,35,16,49,0,100,0,0,0,100
01/21/2009,ASE,CO,ANM,WE,Combined TRACON& Tower with Radar,0,26,31,0,57,0,0,38,0,38,0,26,69,0,95,16,0,16,111
01/22/2009,ASE,CO,ANM,WE,Combined TRACON& Tower with Radar,40,21,46,0,107,0,0,6,0,6,40,21,52,0,113,0,0,0,113
01/23/2009,ASE,CO,ANM,WE,Combined TRACON& Tower with Radar,30,1,7,0,38,0,0,0,0,0,30,1,7,0,38,0,0,0,38
01/24/2009,ASE,CO,ANM,WE,Combined TRACON& Tower with Radar,42,9,12,0,63,0,0,2,0,2,42,9,14,0,65,0,0,0,65
01/25/2009,ASE,CO,ANM,WE,Combined TRACON& Tower with Radar,35,7,27,0,69,0,0,1,0,1,35,7,28,0,70,0,0,0,70
01/26/2009,ASE,CO,ANM,WE,Combined TRACON& Tower with Radar,38,12,16,0,66,0,0,0,0,0,38,12,16,0,66,0,0,0,66
01/27/2009,ASE,CO,ANM,WE,Combined TRACON& Tower with Radar,30,4,9,0,43,0,0,5,0,5,30,4,14,0,48,0,0,0,48
01/28/2009,ASE,CO,ANM,WE,Combined TRACON& Tower with Radar,18,1,3,0,22,0,0,0,0,0,18,1,3,0,22,0,0,0,22
01/29/2009,ASE,CO,ANM,WE,Combined TRACON& Tower with Radar,44,26,40,0,110,0,0,36,0,36,44,26,76,0,146,0,0,0,146
01/30/2009,ASE,CO,ANM,WE,Combined TRACON& Tower with Radar,45,18,33,0,96,0,0,39,0,39,45,18,72,0,135,0,0,0,135
01/31/2009,ASE,CO,ANM,WE,Combined TRACON& Tower with Radar,53,24,12,0,89,0,0,31,0,31,53,24,43,0,120,0,0,0,120
02/01/2009,ASE,CO,ANM,WE,Combined TRACON& Tower with Radar,49,29,26,0,104,0,0,2,0,2,49,29,28,0,106,0,0,0,106
02/02/2009,ASE,CO,ANM,WE,Combined TRACON& Tower with Radar,45,11,29,0,85,0,0,12,0,12,45,11,41,0,97,0,0,0,97
02/03/2009,ASE,CO,ANM,WE,Combined TRACON& Tower with Radar,40,13,21,0,74,0,0,19,0,19,40,13,40,0,93,0,0,0,93
02/04/2009,ASE,CO,ANM,WE,Combined TRACON& Tower with Radar,38,10,28,0,76,0,0,14,0,14,38,10,42,0,90,0,0,0,90
02/05/2009,ASE,CO,ANM,WE,Combined TRACON& Tower with Radar,45,16,71,0,132,0,0,56,0,56,45,16,127,0,188,0,0,0,188
02/06/2009,ASE,CO,ANM,WE,Combined TRACON& Tower with Radar,47,18,32,0,97,0,0,19,0,19,47,18,51,0,116,0,0,0,116
02/07/2009,ASE,CO,ANM,WE,Combined TRACON& Tower with Radar,56,26,29,0,111,0,0,34,0,34,56,26,63,0,145,0,0,0,145
02/08/2009,ASE,CO,ANM,WE,Combined TRACON& Tower with Radar,51,24,39,0,114,0,0,2,0,2,51,24,41,0,116,0,0,0,116
02/09/2009,ASE,CO,ANM,WE,Combined TRACON& Tower with Radar,44,19,28,0,91,0,0,1,0,1,44,19,29,0,92,0,0,0,92
02/10/2009,ASE,CO,ANM,WE,Combined TRACON& Tower with Radar,39,8,18,0,65,0,0,2,0,2,39,8,20,0,67,0,0,0,67
02/11/2009,ASE,CO,ANM,WE,Combined TRACON& Tower with Radar,39,29,30,0,98,0,0,3,0,3,39,29,33,0,101,0,0,0,101
02/12/2009,ASE,CO,ANM,WE,Combined TRACON& Tower with Radar,42,64,60,0,166,0,0,53,0,53,42,64,113,0,219,0,0,0,219
02/13/2009,ASE,CO,ANM,WE,Combined TRACON& Tower with Radar,42,58,90,0,190,0,0,2,0,2,42,58,92,0,192,0,0,0,192
02/14/2009,ASE,CO,ANM,WE,Combined TRACON& Tower with Radar,51,34,45,0,130,0,0,39,0,39,51,34,84,0,169,0,0,0,169
02/15/2009,ASE,CO,ANM,WE,Combined TRACON& Tower with Radar,49,36,49,0,134,0,0,6,0,6,49,36,55,0,140,6,0,6,146
02/16/2009,ASE,CO,ANM,WE,Combined TRACON& Tower with Radar,44,76,95,0,215,0,0,2,0,2,44,76,97,0,217,0,0,0,217
02/17/2009,ASE,CO,ANM,WE,Combined TRACON& Tower with Radar,41,4,33,0,78,0,0,0,0,0,41,4,33,0,78,0,0,0,78
02/18/2009,ASE,CO,ANM,WE,Combined TRACON& Tower with Radar,42,24,20,0,86,0,0,0,0,0,42,24,20,0,86,0,0,0,86
02/19/2009,ASE,CO,ANM,WE,Combined TRACON& Tower with Radar,46,26,32,0,104,0,0,0,0,0,46,26,32,0,104,0,0,0,104
02/20/2009,ASE,CO,ANM,WE,Combined TRACON& Tower with Radar,44,41,50,0,135,0,0,18,2,20,44,41,68,2,155,2,0,2,157
02/21/2009,ASE,CO,ANM,WE,Combined TRACON& Tower with Radar,53,65,74,0,192,0,0,40,0,40,53,65,114,0,232,22,2,24,256
02/22/2009,ASE,CO,ANM,WE,Combined TRACON& Tower with Radar,49,48,58,0,155,0,0,13,0,13,49,48,71,0,168,0,0,0,168
02/23/2009,ASE,CO,ANM,WE,Combined TRACON& Tower with Radar,43,10,27,0,80,0,0,0,0,0,43,10,27,0,80,0,0,0,80
02/24/2009,ASE,CO,ANM,WE,Combined TRACON& Tower with Radar,42,23,23,0,88,0,0,31,0,31,42,23,54,0,119,8,0,8,127
02/25/2009,ASE,CO,ANM,WE,Combined TRACON& Tower with Radar,42,16,23,0,81,0,0,19,0,19,42,16,42,0,100,0,0,0,100
02/26/2009,ASE,CO,ANM,WE,Combined TRACON& Tower with Radar,46,9,41,0,96,0,0,2,0,2,46,9,43,0,98,6,0,6,104
02/27/2009,ASE,CO,ANM,WE,Combined TRACON& Tower with Radar,27,2,28,1,58,0,0,2,0,2,27,2,30,1,60,0,0,0,60
02/28/2009,ASE,CO,ANM,WE,Combined TRACON& Tower with Radar,53,43,54,0,150,0,0,46,0,46,53,43,100,0,196,0,0,0,196
03/01/2009,ASE,CO,ANM,WE,Combined TRACON& Tower with Radar,52,31,37,1,121,0,1,14,0,15,52,32,51,1,136,2,0,2,138
03/02/2009,ASE,CO,ANM,WE,Combined TRACON& Tower with Radar,42,26,34,0,102,0,0,30,0,30,42,26,64,0,132,14,0,14,146
03/03/2009,ASE,CO,ANM,WE,Combined TRACON& Tower with Radar,42,22,24,0,88,0,0,8,0,8,42,22,32,0,96,0,0,0,96
03/04/2009,ASE,CO,ANM,WE,Combined TRACON& Tower with Radar,30,5,27,0,62,0,0,0,0,0,30,5,27,0,62,0,0,0,62
03/05/2009,ASE,CO,ANM,WE,Combined TRACON& Tower with Radar,42,18,28,0,88,0,0,25,0,25,42,18,53,0,113,0,0,0,113
03/06/2009,ASE,CO,ANM,WE,Combined TRACON& Tower with Radar,46,32,51,1,130,0,0,47,0,47,46,32,98,1,177,0,0,0,177
03/07/2009,ASE,CO,ANM,WE,Combined TRACON& Tower with Radar,45,13,29,0,87,0,0,0,0,0,45,13,29,0,87,0,0,0,87
03/08/2009,ASE,CO,ANM,WE,Combined TRACON& Tower with Radar,52,44,77,0,173,0,0,17,0,17,52,44,94,0,190,0,0,0,190
03/09/2009,ASE,CO,ANM,WE,Combined TRACON& Tower with Radar,30,21,28,0,79,0,0,5,0,5,30,21,33,0,84,0,0,0,84
03/10/2009,ASE,CO,ANM,WE,Combined TRACON& Tower with Radar,30,6,19,0,55,0,0,8,0,8,30,6,27,0,63,0,0,0,63
03/11/2009,ASE,CO,ANM,WE,Combined TRACON& Tower with Radar,39,22,48,0,109,0,0,26,0,26,39,22,74,0,135,7,0,7,142
03/12/2009,ASE,CO,ANM,WE,Combined TRACON& Tower with Radar,46,32,67,0,145,0,0,60,0,60,46,32,127,0,205,0,0,0,205
03/13/2009,ASE,CO,ANM,WE,Combined TRACON& Tower with Radar,43,46,84,0,173,0,0,23,0,23,43,46,107,0,196,4,0,4,200
03/14/2009,ASE,CO,ANM,WE,Combined TRACON& Tower with Radar,54,66,117,0,237,0,0,36,0,36,54,66,153,0,273,0,0,0,273
03/15/2009,ASE,CO,ANM,WE,Combined TRACON& Tower with Radar,52,40,70,0,162,0,0,31,0,31,52,40,101,0,193,8,0,8,201
03/16/2009,ASE,CO,ANM,WE,Combined TRACON& Tower with Radar,46,21,50,0,117,0,0,10,0,10,46,21,60,0,127,0,0,0,127
03/17/2009,ASE,CO,ANM,WE,Combined TRACON& Tower with Radar,42,34,35,0,111,0,0,16,0,16,42,34,51,0,127,0,0,0,127
03/18/2009,ASE,CO,ANM,WE,Combined TRACON& Tower with Radar,44,31,47,0,122,0,0,14,0,14,44,31,61,0,136,0,0,0,136
03/19/2009,ASE,CO,ANM,WE,Combined TRACON& Tower with Radar,44,32,95,0,171,0,0,82,0,82,44,32,177,0,253,12,0,12,265
03/20/2009,ASE,CO,ANM,WE,Combined TRACON& Tower with Radar,49,42,90,0,181,0,0,24,0,24,49,42,114,0,205,7,0,7,212
03/21/2009,ASE,CO,ANM,WE,Combined TRACON& Tower with Radar,51,48,92,0,191,0,0,21,0,21,51,48,113,0,212,0,0,0,212
03/22/2009,ASE,CO,ANM,WE,Combined TRACON& Tower with Radar,45,28,89,0,162,0,0,3,0,3,45,28,92,0,165,0,0,0,165
03/23/2009,ASE,CO,ANM,WE,Combined TRACON& Tower with Radar,49,6,21,0,76,0,0,0,0,0,49,6,21,0,76,0,0,0,76
03/24/2009,ASE,CO,ANM,WE,Combined TRACON& Tower with Radar,49,17,23,0,89,0,0,0,0,0,49,17,23,0,89,0,0,0,89
03/25/2009,ASE,CO,ANM,WE,Combined TRACON& Tower with Radar,37,5,27,0,69,0,0,0,0,0,37,5,27,0,69,0,0,0,69
03/26/2009,ASE,CO,ANM,WE,Combined TRACON& Tower with Radar,0,0,6,0,6,0,0,0,0,0,0,0,6,0,6,0,0,0,6
03/27/2009,ASE,CO,ANM,WE,Combined TRACON& Tower with Radar,46,40,53,0,139,0,0,6,0,6,46,40,59,0,145,0,0,0,145
03/28/2009,ASE,CO,ANM,WE,Combined TRACON& Tower with Radar,55,58,65,0,178,0,0,11,0,11,55,58,76,0,189,0,0,0,189
03/29/2009,ASE,CO,ANM,WE,Combined TRACON& Tower with Radar,32,20,56,0,108,0,0,1,0,1,32,20,57,0,109,0,0,0,109
03/30/2009,ASE,CO,ANM,WE,Combined TRACON& Tower with Radar,38,3,13,0,54,0,0,0,0,0,38,3,13,0,54,0,0,0,54
03/31/2009,ASE,CO,ANM,WE,Combined TRACON& Tower with Radar,35,16,17,0,68,0,0,10,0,10,35,16,27,0,78,6,0,6,84
04/01/2009,ASE,CO,ANM,WE,Combined TRACON& Tower with Radar,22,3,21,0,46,0,0,0,0,0,22,3,21,0,46,0,0,0,46
04/02/2009,ASE,CO,ANM,WE,Combined TRACON& Tower with Radar,39,15,50,0,104,0,0,43,0,43,39,15,93,0,147,0,0,0,147
04/03/2009,ASE,CO,ANM,WE,Combined TRACON& Tower with Radar,37,6,17,0,60,0,0,0,0,0,37,6,17,0,60,0,0,0,60
04/04/2009,ASE,CO,ANM,WE,Combined TRACON& Tower with Radar,31,0,11,0,42,0,0,0,0,0,31,0,11,0,42,0,0,0,42
04/05/2009,ASE,CO,ANM,WE,Combined TRACON& Tower with Radar,40,23,54,0,117,0,0,6,0,6,40,23,60,0,123,0,0,0,123
04/06/2009,ASE,CO,ANM,WE,Combined TRACON& Tower with Radar,11,30,34,0,75,0,0,8,0,8,11,30,42,0,83,6,0,6,89
04/07/2009,ASE,CO,ANM,WE,Combined TRACON& Tower with Radar,11,20,17,0,48,0,0,46,0,46,11,20,63,0,94,12,0,12,106
04/08/2009,ASE,CO,ANM,WE,Combined TRACON& Tower with Radar,11,28,28,0,67,0,0,14,0,14,11,28,42,0,81,0,0,0,81
04/09/2009,ASE,CO,ANM,WE,Combined TRACON& Tower with Radar,10,27,25,0,62,0,0,0,0,0,10,27,25,0,62,0,0,0,62
04/10/2009,ASE,CO,ANM,WE,Combined TRACON& Tower with Radar,13,26,23,0,62,0,0,24,4,28,13,26,47,4,90,3,0,3,93
04/11/2009,ASE,CO,ANM,WE,Combined TRACON& Tower with Radar,11,21,15,0,47,0,0,3,0,3,11,21,18,0,50,0,0,0,50
04/12/2009,ASE,CO,ANM,WE,Combined TRACON& Tower with Radar,22,9,12,0,43,0,0,0,0,0,22,9,12,0,43,6,0,6,49
04/13/2009,ASE,CO,ANM,WE,Combined TRACON& Tower with Radar,10,35,30,0,75,0,3,10,0,13,10,38,40,0,88,12,0,12,100
04/14/2009,ASE,CO,ANM,WE,Combined TRACON& Tower with Radar,12,17,12,0,41,0,0,1,2,3,12,17,13,2,44,0,0,0,44
04/15/2009,ASE,CO,ANM,WE,Combined TRACON& Tower with Radar,11,8,9,0,28,0,0,1,0,1,11,8,10,0,29,0,0,0,29
04/16/2009,ASE,CO,ANM,WE,Combined TRACON& Tower with Radar,10,6,7,0,23,0,0,2,0,2,10,6,9,0,25,0,0,0,25
04/17/2009,ASE,CO,ANM,WE,Combined TRACON& Tower with Radar,6,6,4,0,16,0,0,17,0,17,6,6,21,0,33,14,0,14,47
04/18/2009,ASE,CO,ANM,WE,Combined TRACON& Tower with Radar,10,10,6,0,26,0,0,4,0,4,10,10,10,0,30,0,0,0,30
04/19/2009,ASE,CO,ANM,WE,Combined TRACON& Tower with Radar,10,18,65,0,93,0,0,12,0,12,10,18,77,0,105,16,4,20,125
04/20/2009,ASE,CO,ANM,WE,Combined TRACON& Tower with Radar,11,23,22,0,56,0,0,0,0,0,11,23,22,0,56,0,0,0,56
04/21/2009,ASE,CO,ANM,WE,Combined TRACON& Tower with Radar,11,19,12,0,42,0,0,39,0,39,11,19,51,0,81,18,0,18,99
04/22/2009,ASE,CO,ANM,WE,Combined TRACON& Tower with Radar,10,11,7,2,30,0,0,8,0,8,10,11,15,2,38,2,0,2,40
04/23/2009,ASE,CO,ANM,WE,Combined TRACON& Tower with Radar,10,14,13,0,37,0,0,19,0,19,10,14,32,0,56,0,0,0,56
04/24/2009,ASE,CO,ANM,WE,Combined TRACON& Tower with Radar,11,19,20,0,50,0,0,5,0,5,11,19,25,0,55,0,0,0,55
04/25/2009,ASE,CO,ANM,WE,Combined TRACON& Tower with Radar,11,10,10,0,31,0,0,11,0,11,11,10,21,0,42,6,0,6,48
04/26/2009,ASE,CO,ANM,WE,Combined TRACON& Tower with Radar,11,14,12,0,37,0,0,4,0,4,11,14,16,0,41,0,0,0,41
04/27/2009,ASE,CO,ANM,WE,Combined TRACON& Tower with Radar,10,17,15,0,42,0,0,7,0,7,10,17,22,0,49,0,0,0,49
04/28/2009,ASE,CO,ANM,WE,Combined TRACON& Tower with Radar,11,17,9,0,37,0,0,12,0,12,11,17,21,0,49,0,0,0,49
04/29/2009,ASE,CO,ANM,WE,Combined TRACON& Tower with Radar,10,16,27,0,53,0,0,0,0,0,10,16,27,0,53,0,0,0,53
04/30/2009,ASE,CO,ANM,WE,Combined TRACON& Tower with Radar,8,18,35,2,63,0,0,23,0,23,8,18,58,2,86,6,0,6,92
05/01/2009,ASE,CO,ANM,WE,Combined TRACON& Tower with Radar,13,13,17,0,43,0,0,8,0,8,13,13,25,0,51,2,0,2,53
05/02/2009,ASE,CO,ANM,WE,Combined TRACON& Tower with Radar,9,13,3,0,25,0,0,0,0,0,9,13,3,0,25,0,0,0,25
05/03/2009,ASE,CO,ANM,WE,Combined TRACON& Tower with Radar,10,22,11,0,43,0,0,3,0,3,10,22,14,0,46,10,0,10,56
05/04/2009,ASE,CO,ANM,WE,Combined TRACON& Tower with Radar,12,11,5,0,28,0,0,0,0,0,12,11,5,0,28,0,0,0,28
05/05/2009,ASE,CO,ANM,WE,Combined TRACON& Tower with Radar,9,16,12,0,37,0,0,4,0,4,9,16,16,0,41,0,0,0,41
05/06/2009,ASE,CO,ANM,WE,Combined TRACON& Tower with Radar,10,19,29,0,58,0,0,41,0,41,10,19,70,0,99,26,0,26,125
05/07/2009,ASE,CO,ANM,WE,Combined TRACON& Tower with Radar,9,15,9,0,33,0,0,38,0,38,9,15,47,0,71,19,0,19,90
05/08/2009,ASE,CO,ANM,WE,Combined TRACON& Tower with Radar,9,20,16,0,45,0,0,49,0,49,9,20,65,0,94,28,0,28,122
05/09/2009,ASE,CO,ANM,WE,Combined TRACON& Tower with Radar,12,13,5,0,30,0,0,50,0,50,12,13,55,0,80,24,0,24,104
05/10/2009,ASE,CO,ANM,WE,Combined TRACON& Tower with Radar,11,21,18,0,50,0,0,6,0,6,11,21,24,0,56,10,0,10,66
05/11/2009,ASE,CO,ANM,WE,Combined TRACON& Tower with Radar,10,13,9,2,34,0,0,57,0,57,10,13,66,2,91,38,0,38,129
05/12/2009,ASE,CO,ANM,WE,Combined TRACON& Tower with Radar,11,12,15,0,38,0,0,4,0,4,11,12,19,0,42,0,0,0,42
05/13/2009,ASE,CO,ANM,WE,Combined TRACON& Tower with Radar,9,20,5,0,34,0,0,8,1,9,9,20,13,1,43,0,0,0,43
05/14/2009,ASE,CO,ANM,WE,Combined TRACON& Tower with Radar,10,16,12,0,38,0,0,23,0,23,10,16,35,0,61,0,0,0,61
05/15/2009,ASE,CO,ANM,WE,Combined TRACON& Tower with Radar,11,22,13,0,46,0,0,36,0,36,11,22,49,0,82,8,0,8,90
05/16/2009,ASE,CO,ANM,WE,Combined TRACON& Tower with Radar,11,11,8,0,30,0,0,28,0,28,11,11,36,0,58,12,0,12,70
05/17/2009,ASE,CO,ANM,WE,Combined TRACON& Tower with Radar,12,17,25,0,54,0,0,19,0,19,12,17,44,0,73,10,0,10,83
05/18/2009,ASE,CO,ANM,WE,Combined TRACON& Tower with Radar,11,27,15,0,53,0,0,35,0,35,11,27,50,0,88,20,0,20,108
05/19/2009,ASE,CO,ANM,WE,Combined TRACON& Tower with Radar,11,18,8,0,37,0,0,14,0,14,11,18,22,0,51,0,0,0,51
05/20/2009,ASE,CO,ANM,WE,Combined TRACON& Tower with Radar,8,15,43,0,66,0,0,19,0,19,8,15,62,0,85,8,0,8,93
05/21/2009,ASE,CO,ANM,WE,Combined TRACON& Tower with Radar,5,21,12,0,38,0,0,32,0,32,5,21,44,0,70,18,0,18,88
05/22/2009,ASE,CO,ANM,WE,Combined TRACON& Tower with Radar,9,35,26,0,70,0,0,24,0,24,9,35,50,0,94,15,0,15,109
05/23/2009,ASE,CO,ANM,WE,Combined TRACON& Tower with Radar,9,19,11,0,39,0,0,21,0,21,9,19,32,0,60,5,1,6,66
05/24/2009,ASE,CO,ANM,WE,Combined TRACON& Tower with Radar,7,11,14,0,32,0,0,1,0,1,7,11,15,0,33,0,0,0,33
05/25/2009,ASE,CO,ANM,WE,Combined TRACON& Tower with Radar,8,21,26,0,55,0,0,7,0,7,8,21,33,0,62,0,0,0,62
05/26/2009,ASE,CO,ANM,WE,Combined TRACON& Tower with Radar,12,27,15,0,54,0,0,0,0,0,12,27,15,0,54,0,0,0,54
05/27/2009,ASE,CO,ANM,WE,Combined TRACON& Tower with Radar,9,23,21,0,53,0,0,40,0,40,9,23,61,0,93,16,0,16,109
05/28/2009,ASE,CO,ANM,WE,Combined TRACON& Tower with Radar,8,21,32,0,61,0,0,16,0,16,8,21,48,0,77,0,0,0,77
05/29/2009,ASE,CO,ANM,WE,Combined TRACON& Tower with Radar,11,26,24,0,61,0,0,19,0,19,11,26,43,0,80,7,0,7,87
05/30/2009,ASE,CO,ANM,WE,Combined TRACON& Tower with Radar,9,22,13,0,44,0,0,15,0,15,9,22,28,0,59,0,0,0,59
05/31/2009,ASE,CO,ANM,WE,Combined TRACON& Tower with Radar,9,22,10,0,41,0,0,4,0,4,9,22,14,0,45,12,2,14,59
06/01/2009,ASE,CO,ANM,WE,Combined TRACON& Tower with Radar,9,19,28,0,56,0,0,9,0,9,9,19,37,0,65,0,0,0,65
06/02/2009,ASE,CO,ANM,WE,Combined TRACON& Tower with Radar,8,19,16,0,43,0,0,3,0,3,8,19,19,0,46,0,0,0,46
06/03/2009,ASE,CO,ANM,WE,Combined TRACON& Tower with Radar,9,16,30,0,55,0,0,12,0,12,9,16,42,0,67,8,0,8,75
06/04/2009,ASE,CO,ANM,WE,Combined TRACON& Tower with Radar,20,28,15,2,65,0,0,41,0,41,20,28,56,2,106,26,0,26,132
06/05/2009,ASE,CO,ANM,WE,Combined TRACON& Tower with Radar,21,23,16,0,60,0,0,18,0,18,21,23,34,0,78,0,0,0,78
06/06/2009,ASE,CO,ANM,WE,Combined TRACON& Tower with Radar,25,16,11,0,52,0,0,10,0,10,25,16,21,0,62,4,0,4,66
06/07/2009,ASE,CO,ANM,WE,Combined TRACON& Tower with Radar,19,22,62,0,103,0,0,4,0,4,19,22,66,0,107,12,0,12,119
06/08/2009,ASE,CO,ANM,WE,Combined TRACON& Tower with Radar,21,29,25,0,75,0,0,18,0,18,21,29,43,0,93,0,0,0,93
06/09/2009,ASE,CO,ANM,WE,Combined TRACON& Tower with Radar,18,23,17,0,58,0,0,11,0,11,18,23,28,0,69,3,0,3,72
06/10/2009,ASE,CO,ANM,WE,Combined TRACON& Tower with Radar,17,20,29,0,66,0,0,14,0,14,17,20,43,0,80,0,0,0,80
06/11/2009,ASE,CO,ANM,WE,Combined TRACON& Tower with Radar,16,22,29,0,67,0,0,5,0,5,16,22,34,0,72,0,0,0,72
06/12/2009,ASE,CO,ANM,WE,Combined TRACON& Tower with Radar,18,27,24,0,69,0,0,24,0,24,18,27,48,0,93,8,0,8,101
06/13/2009,ASE,CO,ANM,WE,Combined TRACON& Tower with Radar,22,25,19,0,66,0,0,14,0,14,22,25,33,0,80,0,0,0,80
06/14/2009,ASE,CO,ANM,WE,Combined TRACON& Tower with Radar,23,30,44,0,97,0,0,11,0,11,23,30,55,0,108,6,0,6,114
06/15/2009,ASE,CO,ANM,WE,Combined TRACON& Tower with Radar,22,29,17,0,68,0,0,21,0,21,22,29,38,0,89,12,0,12,101
06/16/2009,ASE,CO,ANM,WE,Combined TRACON& Tower with Radar,20,24,26,0,70,0,0,37,0,37,20,24,63,0,107,18,0,18,125
06/17/2009,ASE,CO,ANM,WE,Combined TRACON& Tower with Radar,22,31,44,0,97,0,0,16,0,16,22,31,60,0,113,0,0,0,113
06/18/2009,ASE,CO,ANM,WE,Combined TRACON& Tower with Radar,21,37,63,1,122,0,0,19,1,20,21,37,82,2,142,0,0,0,142
06/19/2009,ASE,CO,ANM,WE,Combined TRACON& Tower with Radar,21,33,43,0,97,0,0,37,0,37,21,33,80,0,134,0,0,0,134
06/20/2009,ASE,CO,ANM,WE,Combined TRACON& Tower with Radar,25,42,39,0,106,0,0,14,0,14,25,42,53,0,120,0,0,0,120
06/21/2009,ASE,CO,ANM,WE,Combined TRACON& Tower with Radar,22,46,70,0,138,0,0,9,0,9,22,46,79,0,147,2,0,2,149
06/22/2009,ASE,CO,ANM,WE,Combined TRACON& Tower with Radar,24,36,41,0,101,0,0,47,0,47,24,36,88,0,148,8,0,8,156
06/23/2009,ASE,CO,ANM,WE,Combined TRACON& Tower with Radar,19,39,30,2,90,0,0,47,0,47,19,39,77,2,137,16,0,16,153
06/24/2009,ASE,CO,ANM,WE,Combined TRACON& Tower with Radar,21,34,65,2,122,0,0,32,2,34,21,34,97,4,156,11,0,11,167
06/25/2009,ASE,CO,ANM,WE,Combined TRACON& Tower with Radar,18,41,35,1,95,0,0,24,1,25,18,41,59,2,120,4,0,4,124
06/26/2009,ASE,CO,ANM,WE,Combined TRACON& Tower with Radar,18,39,61,0,118,0,0,16,0,16,18,39,77,0,134,5,0,5,139
06/27/2009,ASE,CO,ANM,WE,Combined TRACON& Tower with Radar,26,43,53,0,122,0,0,0,0,0,26,43,53,0,122,10,0,10,132
06/28/2009,ASE,CO,ANM,WE,Combined TRACON& Tower with Radar,23,53,61,0,137,0,0,23,0,23,23,53,84,0,160,0,2,2,162
06/29/2009,ASE,CO,ANM,WE,Combined TRACON& Tower with Radar,24,51,64,0,139,0,0,24,0,24,24,51,88,0,163,6,0,6,169
06/30/2009,ASE,CO,ANM,WE,Combined TRACON& Tower with Radar,20,51,48,0,119,0,0,35,0,35,20,51,83,0,154,0,0,0,154
07/01/2009,ASE,CO,ANM,WE,Combined TRACON& Tower with Radar,21,56,64,0,141,0,0,28,2,30,21,56,92,2,171,8,0,8,179
07/02/2009,ASE,CO,ANM,WE,Combined TRACON& Tower with Radar,22,86,115,0,223,0,0,40,0,40,22,86,155,0,263,0,0,0,263
07/03/2009,ASE,CO,ANM,WE,Combined TRACON& Tower with Radar,16,46,66,0,128,0,0,14,0,14,16,46,80,0,142,12,0,12,154
07/04/2009,ASE,CO,ANM,WE,Combined TRACON& Tower with Radar,17,22,12,0,51,0,0,5,0,5,17,22,17,0,56,0,1,1,57
07/05/2009,ASE,CO,ANM,WE,Combined TRACON& Tower with Radar,22,76,103,0,201,0,0,6,0,6,22,76,109,0,207,8,0,8,215
07/06/2009,ASE,CO,ANM,WE,Combined TRACON& Tower with Radar,18,48,81,0,147,0,0,21,0,21,18,48,102,0,168,8,0,8,176
07/07/2009,ASE,CO,ANM,WE,Combined TRACON& Tower with Radar,23,48,46,0,117,0,0,49,0,49,23,48,95,0,166,16,0,16,182
07/08/2009,ASE,CO,ANM,WE,Combined TRACON& Tower with Radar,22,49,51,0,122,0,0,43,0,43,22,49,94,0,165,16,0,16,181
07/09/2009,ASE,CO,ANM,WE,Combined TRACON& Tower with Radar,22,54,47,0,123,0,0,47,0,47,22,54,94,0,170,12,0,12,182
07/10/2009,ASE,CO,ANM,WE,Combined TRACON& Tower with Radar,23,42,44,0,109,0,0,34,0,34,23,42,78,0,143,0,0,0,143
07/11/2009,ASE,CO,ANM,WE,Combined TRACON& Tower with Radar,23,47,58,0,128,0,0,30,0,30,23,47,88,0,158,0,0,0,158
07/12/2009,ASE,CO,ANM,WE,Combined TRACON& Tower with Radar,22,36,50,0,108,0,0,20,0,20,22,36,70,0,128,0,0,0,128
07/13/2009,ASE,CO,ANM,WE,Combined TRACON& Tower with Radar,20,35,42,0,97,0,0,20,0,20,20,35,62,0,117,0,0,0,117
07/14/2009,ASE,CO,ANM,WE,Combined TRACON& Tower with Radar,22,28,38,0,88,0,0,23,0,23,22,28,61,0,111,0,0,0,111
07/15/2009,ASE,CO,ANM,WE,Combined TRACON& Tower with Radar,21,37,63,0,121,0,0,0,0,0,21,37,63,0,121,2,0,2,123
07/16/2009,ASE,CO,ANM,WE,Combined TRACON& Tower with Radar,23,35,43,0,101,0,0,43,0,43,23,35,86,0,144,15,0,15,159
07/17/2009,ASE,CO,ANM,WE,Combined TRACON& Tower with Radar,23,46,63,2,134,0,0,41,0,41,23,46,104,2,175,6,0,6,181
07/18/2009,ASE,CO,ANM,WE,Combined TRACON& Tower with Radar,27,39,27,0,93,0,0,32,0,32,27,39,59,0,125,10,0,10,135
07/19/2009,ASE,CO,ANM,WE,Combined TRACON& Tower with Radar,21,54,71,0,146,0,0,39,0,39,21,54,110,0,185,0,0,0,185
07/20/2009,ASE,CO,ANM,WE,Combined TRACON& Tower with Radar,23,48,53,0,124,0,0,19,0,19,23,48,72,0,143,0,0,0,143
07/21/2009,ASE,CO,ANM,WE,Combined TRACON& Tower with Radar,23,37,33,0,93,0,0,43,0,43,23,37,76,0,136,10,0,10,146
07/22/2009,ASE,CO,ANM,WE,Combined TRACON& Tower with Radar,22,40,58,0,120,0,0,24,0,24,22,40,82,0,144,0,0,0,144
07/23/2009,ASE,CO,ANM,WE,Combined TRACON& Tower with Radar,22,43,40,0,105,0,0,45,2,47,22,43,85,2,152,6,0,6,158
07/24/2009,ASE,CO,ANM,WE,Combined TRACON& Tower with Radar,22,52,42,0,116,0,0,30,0,30,22,52,72,0,146,0,0,0,146
07/25/2009,ASE,CO,ANM,WE,Combined TRACON& Tower with Radar,21,38,26,0,85,0,0,0,0,0,21,38,26,0,85,29,0,29,114
07/26/2009,ASE,CO,ANM,WE,Combined TRACON& Tower with Radar,21,63,78,0,162,0,0,13,0,13,21,63,91,0,175,6,0,6,181
07/27/2009,ASE,CO,ANM,WE,Combined TRACON& Tower with Radar,21,34,57,0,112,0,0,33,0,33,21,34,90,0,145,4,0,4,149
07/28/2009,ASE,CO,ANM,WE,Combined TRACON& Tower with Radar,22,41,49,0,112,0,0,32,0,32,22,41,81,0,144,10,0,10,154
07/29/2009,ASE,CO,ANM,WE,Combined TRACON& Tower with Radar,20,44,42,0,106,0,0,25,0,25,20,44,67,0,131,16,0,16,147
07/30/2009,ASE,CO,ANM,WE,Combined TRACON& Tower with Radar,22,36,50,0,108,0,0,47,0,47,22,36,97,0,155,23,0,23,178
07/31/2009,ASE,CO,ANM,WE,Combined TRACON& Tower with Radar,20,55,60,0,135,0,0,33,0,33,20,55,93,0,168,4,0,4,172
08/01/2009,ASE,CO,ANM,WE,Combined TRACON& Tower with Radar,24,70,57,0,151,0,0,47,0,47,24,70,104,0,198,14,0,14,212
08/02/2009,ASE,CO,ANM,WE,Combined TRACON& Tower with Radar,22,64,79,0,165,0,0,39,0,39,22,64,118,0,204,10,0,10,214
08/03/2009,ASE,CO,ANM,WE,Combined TRACON& Tower with Radar,20,41,48,0,109,0,0,33,0,33,20,41,81,0,142,0,0,0,142
08/04/2009,ASE,CO,ANM,WE,Combined TRACON& Tower with Radar,21,41,50,0,112,0,0,72,0,72,21,41,122,0,184,42,0,42,226
08/05/2009,ASE,CO,ANM,WE,Combined TRACON& Tower with Radar,24,61,101,0,186,0,0,40,2,42,24,61,141,2,228,6,0,6,234
08/06/2009,ASE,CO,ANM,WE,Combined TRACON& Tower with Radar,22,48,81,0,151,0,0,24,0,24,22,48,105,0,175,0,0,0,175
08/07/2009,ASE,CO,ANM,WE,Combined TRACON& Tower with Radar,24,54,70,0,148,0,0,35,0,35,24,54,105,0,183,6,0,6,189
08/08/2009,ASE,CO,ANM,WE,Combined TRACON& Tower with Radar,25,65,36,0,126,0,0,36,0,36,25,65,72,0,162,6,0,6,168
08/09/2009,ASE,CO,ANM,WE,Combined TRACON& Tower with Radar,23,61,77,0,161,0,0,21,0,21,23,61,98,0,182,0,0,0,182
08/10/2009,ASE,CO,ANM,WE,Combined TRACON& Tower with Radar,20,53,58,0,131,0,0,27,0,27,20,53,85,0,158,4,0,4,162
08/11/2009,ASE,CO,ANM,WE,Combined TRACON& Tower with Radar,21,43,44,0,108,0,0,37,0,37,21,43,81,0,145,4,0,4,149
08/12/2009,ASE,CO,ANM,WE,Combined TRACON& Tower with Radar,20,50,67,0,137,0,0,55,0,55,20,50,122,0,192,16,0,16,208
08/13/2009,ASE,CO,ANM,WE,Combined TRACON& Tower with Radar,20,58,61,0,139,0,0,44,0,44,20,58,105,0,183,2,0,2,185
08/14/2009,ASE,CO,ANM,WE,Combined TRACON& Tower with Radar,21,74,70,0,165,0,0,21,0,21,21,74,91,0,186,10,0,10,196
08/15/2009,ASE,CO,ANM,WE,Combined TRACON& Tower with Radar,25,50,32,0,107,0,0,35,0,35,25,50,67,0,142,0,0,0,142
08/16/2009,ASE,CO,ANM,WE,Combined TRACON& Tower with Radar,22,69,20,0,111,0,1,85,1,87,22,70,105,1,198,4,0,4,202
08/17/2009,ASE,CO,ANM,WE,Combined TRACON& Tower with Radar,21,59,58,0,138,0,0,16,0,16,21,59,74,0,154,0,0,0,154
08/18/2009,ASE,CO,ANM,WE,Combined TRACON& Tower with Radar,20,42,31,0,93,0,0,17,0,17,20,42,48,0,110,0,0,0,110
08/19/2009,ASE,CO,ANM,WE,Combined TRACON& Tower with Radar,19,45,71,0,135,0,0,25,0,25,19,45,96,0,160,0,0,0,160
08/20/2009,ASE,CO,ANM,WE,Combined TRACON& Tower with Radar,20,39,72,0,131,0,0,36,0,36,20,39,108,0,167,6,0,6,173
08/21/2009,ASE,CO,ANM,WE,Combined TRACON& Tower with Radar,20,44,42,0,106,0,0,32,4,36,20,44,74,4,142,4,0,4,146
08/22/2009,ASE,CO,ANM,WE,Combined TRACON& Tower with Radar,25,46,33,0,104,0,0,27,0,27,25,46,60,0,131,0,0,0,131
08/23/2009,ASE,CO,ANM,WE,Combined TRACON& Tower with Radar,20,61,53,0,134,0,0,17,0,17,20,61,70,0,151,0,0,0,151
08/24/2009,ASE,CO,ANM,WE,Combined TRACON& Tower with Radar,21,51,49,0,121,0,0,12,0,12,21,51,61,0,133,0,0,0,133
08/25/2009,ASE,CO,ANM,WE,Combined TRACON& Tower with Radar,20,26,36,0,82,0,0,0,0,0,20,26,36,0,82,0,0,0,82
08/26/2009,ASE,CO,ANM,WE,Combined TRACON& Tower with Radar,20,23,31,0,74,0,0,24,0,24,20,23,55,0,98,12,0,12,110
08/27/2009,ASE,CO,ANM,WE,Combined TRACON& Tower with Radar,22,35,42,0,99,0,0,38,0,38,22,35,80,0,137,6,1,7,144
08/28/2009,ASE,CO,ANM,WE,Combined TRACON& Tower with Radar,22,37,27,0,86,0,0,42,0,42,22,37,69,0,128,0,0,0,128
08/29/2009,ASE,CO,ANM,WE,Combined TRACON& Tower with Radar,25,30,27,0,82,0,0,21,0,21,25,30,48,0,103,0,0,0,103
08/30/2009,ASE,CO,ANM,WE,Combined TRACON& Tower with Radar,20,38,44,0,102,0,0,4,0,4,20,38,48,0,106,0,0,0,106
08/31/2009,ASE,CO,ANM,WE,Combined TRACON& Tower with Radar,21,32,41,0,94,0,0,16,0,16,21,32,57,0,110,0,0,0,110
09/01/2009,ASE,CO,ANM,WE,Combined TRACON& Tower with Radar,22,29,27,0,78,0,0,15,0,15,22,29,42,0,93,0,0,0,93
09/02/2009,ASE,CO,ANM,WE,Combined TRACON& Tower with Radar,17,36,41,0,94,0,0,20,0,20,17,36,61,0,114,6,0,6,120
09/03/2009,ASE,CO,ANM,WE,Combined TRACON& Tower with Radar,17,51,74,0,142,0,0,34,0,34,17,51,108,0,176,2,0,2,178
09/04/2009,ASE,CO,ANM,WE,Combined TRACON& Tower with Radar,16,45,54,0,115,0,0,34,0,34,16,45,88,0,149,2,0,2,151
09/05/2009,ASE,CO,ANM,WE,Combined TRACON& Tower with Radar,15,28,38,0,81,0,0,36,0,36,15,28,74,0,117,7,0,7,124
09/06/2009,ASE,CO,ANM,WE,Combined TRACON& Tower with Radar,15,35,50,0,100,0,0,10,0,10,15,35,60,0,110,0,0,0,110
09/07/2009,ASE,CO,ANM,WE,Combined TRACON& Tower with Radar,16,77,81,0,174,0,0,17,0,17,16,77,98,0,191,0,0,0,191
09/08/2009,ASE,CO,ANM,WE,Combined TRACON& Tower with Radar,17,57,57,0,131,0,0,14,0,14,17,57,71,0,145,0,0,0,145
09/09/2009,ASE,CO,ANM,WE,Combined TRACON& Tower with Radar,18,25,31,2,76,0,0,16,0,16,18,25,47,2,92,0,0,0,92
09/10/2009,ASE,CO,ANM,WE,Combined TRACON& Tower with Radar,15,29,29,0,73,0,0,26,0,26,15,29,55,0,99,0,0,0,99
09/11/2009,ASE,CO,ANM,WE,Combined TRACON& Tower with Radar,16,30,30,0,76,0,0,28,0,28,16,30,58,0,104,0,0,0,104
09/12/2009,ASE,CO,ANM,WE,Combined TRACON& Tower with Radar,15,22,21,0,58,0,0,14,0,14,15,22,35,0,72,0,0,0,72
09/13/2009,ASE,CO,ANM,WE,Combined TRACON& Tower with Radar,14,38,34,0,86,0,0,31,0,31,14,38,65,0,117,12,0,12,129
09/14/2009,ASE,CO,ANM,WE,Combined TRACON& Tower with Radar,15,0,25,20,60,0,0,23,0,23,15,0,48,20,83,10,0,10,93
09/15/2009,ASE,CO,ANM,WE,Combined TRACON& Tower with Radar,16,20,17,0,53,0,0,16,0,16,16,20,33,0,69,0,0,0,69
09/16/2009,ASE,CO,ANM,WE,Combined TRACON& Tower with Radar,15,24,44,0,83,0,0,18,0,18,15,24,62,0,101,2,0,2,103
09/17/2009,ASE,CO,ANM,WE,Combined TRACON& Tower with Radar,16,32,28,0,76,0,0,62,0,62,16,32,90,0,138,34,0,34,172
09/18/2009,ASE,CO,ANM,WE,Combined TRACON& Tower with Radar,11,27,35,0,73,0,0,43,0,43,11,27,78,0,116,2,0,2,118
09/19/2009,ASE,CO,ANM,WE,Combined TRACON& Tower with Radar,13,28,10,0,51,0,0,68,0,68,13,28,78,0,119,26,0,26,145
09/20/2009,ASE,CO,ANM,WE,Combined TRACON& Tower with Radar,16,37,40,0,93,0,0,9,0,9,16,37,49,0,102,4,0,4,106
09/21/2009,ASE,CO,ANM,WE,Combined TRACON& Tower with Radar,16,17,28,0,61,0,0,5,0,5,16,17,33,0,66,0,0,0,66
09/22/2009,ASE,CO,ANM,WE,Combined TRACON& Tower with Radar,16,22,46,0,84,0,0,28,0,28,16,22,74,0,112,10,0,10,122
09/23/2009,ASE,CO,ANM,WE,Combined TRACON& Tower with Radar,13,23,30,0,66,0,0,0,0,0,13,23,30,0,66,0,0,0,66
09/24/2009,ASE,CO,ANM,WE,Combined TRACON& Tower with Radar,13,45,71,0,129,0,0,15,0,15,13,45,86,0,144,4,0,4,148
09/25/2009,ASE,CO,ANM,WE,Combined TRACON& Tower with Radar,14,41,47,0,102,0,0,29,0,29,14,41,76,0,131,0,0,0,131
09/26/2009,ASE,CO,ANM,WE,Combined TRACON& Tower with Radar,13,31,43,0,87,0,0,37,0,37,13,31,80,0,124,0,0,0,124
09/27/2009,ASE,CO,ANM,WE,Combined TRACON& Tower with Radar,15,49,67,0,131,0,0,32,0,32,15,49,99,0,163,0,0,0,163
09/28/2009,ASE,CO,ANM,WE,Combined TRACON& Tower with Radar,15,25,20,0,60,0,0,21,2,23,15,25,41,2,83,0,2,2,85
09/29/2009,ASE,CO,ANM,WE,Combined TRACON& Tower with Radar,16,25,28,0,69,0,0,32,0,32,16,25,60,0,101,0,0,0,101
09/30/2009,ASE,CO,ANM,WE,Combined TRACON& Tower with Radar,14,13,13,0,40,0,0,5,0,5,14,13,18,0,45,0,0,0,45
10/01/2009,ASE,CO,ANM,WE,Combined TRACON& Tower with Radar,9,23,18,0,50,0,0,3,0,3,9,23,21,0,53,0,0,0,53
10/02/2009,ASE,CO,ANM,WE,Combined TRACON& Tower with Radar,8,34,21,0,63,0,0,46,0,46,8,34,67,0,109,18,1,19,128
10/03/2009,ASE,CO,ANM,WE,Combined TRACON& Tower with Radar,8,29,48,0,85,0,0,17,0,17,8,29,65,0,102,4,0,4,106
10/04/2009,ASE,CO,ANM,WE,Combined TRACON& Tower with Radar,9,29,27,0,65,0,0,4,0,4,9,29,31,0,69,0,0,0,69
10/05/2009,ASE,CO,ANM,WE,Combined TRACON& Tower with Radar,9,17,17,0,43,0,0,2,0,2,9,17,19,0,45,0,0,0,45
10/06/2009,ASE,CO,ANM,WE,Combined TRACON& Tower with Radar,10,33,27,0,70,0,0,36,0,36,10,33,63,0,106,12,0,12,118
10/07/2009,ASE,CO,ANM,WE,Combined TRACON& Tower with Radar,12,23,13,0,48,0,0,14,0,14,12,23,27,0,62,0,0,0,62
10/08/2009,ASE,CO,ANM,WE,Combined TRACON& Tower with Radar,10,14,11,0,35,0,0,3,0,3,10,14,14,0,38,0,0,0,38
10/09/2009,ASE,CO,ANM,WE,Combined TRACON& Tower with Radar,10,21,18,0,49,0,0,10,3,13,10,21,28,3,62,0,0,0,62
10/10/2009,ASE,CO,ANM,WE,Combined TRACON& Tower with Radar,11,25,15,0,51,0,0,9,0,9,11,25,24,0,60,0,0,0,60
10/11/2009,ASE,CO,ANM,WE,Combined TRACON& Tower with Radar,9,26,27,0,62,0,0,2,0,2,9,26,29,0,64,0,0,0,64
10/12/2009,ASE,CO,ANM,WE,Combined TRACON& Tower with Radar,10,24,23,0,57,0,0,17,0,17,10,24,40,0,74,0,0,0,74
10/13/2009,ASE,CO,ANM,WE,Combined TRACON& Tower with Radar,12,15,10,0,37,0,0,7,0,7,12,15,17,0,44,0,0,0,44
10/14/2009,ASE,CO,ANM,WE,Combined TRACON& Tower with Radar,9,15,15,0,39,0,0,0,0,0,9,15,15,0,39,0,0,0,39
10/15/2009,ASE,CO,ANM,WE,Combined TRACON& Tower with Radar,11,22,18,1,52,0,0,8,0,8,11,22,26,1,60,0,0,0,60
10/16/2009,ASE,CO,ANM,WE,Combined TRACON& Tower with Radar,13,30,16,1,60,0,0,25,0,25,13,30,41,1,85,0,0,0,85
10/17/2009,ASE,CO,ANM,WE,Combined TRACON& Tower with Radar,9,28,8,0,45,0,0,33,0,33,9,28,41,0,78,0,0,0,78
10/18/2009,ASE,CO,ANM,WE,Combined TRACON& Tower with Radar,9,28,16,0,53,0,0,28,0,28,9,28,44,0,81,0,0,0,81
10/19/2009,ASE,CO,ANM,WE,Combined TRACON& Tower with Radar,8,19,22,0,49,0,0,12,0,12,8,19,34,0,61,0,0,0,61
10/20/2009,ASE,CO,ANM,WE,Combined TRACON& Tower with Radar,7,22,15,0,44,0,0,6,0,6,7,22,21,0,50,0,0,0,50
10/21/2009,ASE,CO,ANM,WE,Combined TRACON& Tower with Radar,10,18,17,0,45,0,0,9,0,9,10,18,26,0,54,9,0,9,63
10/22/2009,ASE,CO,ANM,WE,Combined TRACON& Tower with Radar,10,21,17,2,50,0,0,19,0,19,10,21,36,2,69,0,2,2,71
10/23/2009,ASE,CO,ANM,WE,Combined TRACON& Tower with Radar,10,22,16,0,48,0,0,21,0,21,10,22,37,0,69,0,0,0,69
10/24/2009,ASE,CO,ANM,WE,Combined TRACON& Tower with Radar,8,11,18,0,37,0,0,2,0,2,8,11,20,0,39,0,0,0,39
10/25/2009,ASE,CO,ANM,WE,Combined TRACON& Tower with Radar,8,18,27,0,53,0,0,4,0,4,8,18,31,0,57,0,0,0,57
10/26/2009,ASE,CO,ANM,WE,Combined TRACON& Tower with Radar,10,19,10,0,39,0,0,23,0,23,10,19,33,0,62,8,0,8,70
10/27/2009,ASE,CO,ANM,WE,Combined TRACON& Tower with Radar,11,15,10,0,36,0,0,3,0,3,11,15,13,0,39,0,0,0,39
10/28/2009,ASE,CO,ANM,WE,Combined TRACON& Tower with Radar,3,2,2,0,7,0,0,0,0,0,3,2,2,0,7,0,0,0,7
10/29/2009,ASE,CO,ANM,WE,Combined TRACON& Tower with Radar,5,13,15,0,33,0,0,0,0,0,5,13,15,0,33,0,0,0,33
10/30/2009,ASE,CO,ANM,WE,Combined TRACON& Tower with Radar,8,13,8,0,29,0,0,2,0,2,8,13,10,0,31,0,0,0,31
10/31/2009,ASE,CO,ANM,WE,Combined TRACON& Tower with Radar,9,11,9,0,29,0,0,20,0,20,9,11,29,0,49,2,0,2,51
11/01/2009,ASE,CO,ANM,WE,Combined TRACON& Tower with Radar,9,21,21,0,51,0,0,9,0,9,9,21,30,0,60,0,0,0,60
11/02/2009,ASE,CO,ANM,WE,Combined TRACON& Tower with Radar,10,23,12,6,51,0,0,9,0,9,10,23,21,6,60,0,0,0,60
11/03/2009,ASE,CO,ANM,WE,Combined TRACON& Tower with Radar,9,14,5,0,28,0,0,20,0,20,9,14,25,0,48,0,0,0,48
11/04/2009,ASE,CO,ANM,WE,Combined TRACON& Tower with Radar,9,27,17,0,53,0,0,29,0,29,9,27,46,0,82,16,0,16,98
11/05/2009,ASE,CO,ANM,WE,Combined TRACON& Tower with Radar,8,20,7,0,35,0,0,17,0,17,8,20,24,0,52,0,0,0,52
11/06/2009,ASE,CO,ANM,WE,Combined TRACON& Tower with Radar,9,20,11,0,40,0,0,22,0,22,9,20,33,0,62,6,0,6,68
11/07/2009,ASE,CO,ANM,WE,Combined TRACON& Tower with Radar,9,14,1,0,24,0,0,32,0,32,9,14,33,0,56,7,0,7,63
11/08/2009,ASE,CO,ANM,WE,Combined TRACON& Tower with Radar,9,29,19,0,57,0,0,4,0,4,9,29,23,0,61,6,0,6,67
11/09/2009,ASE,CO,ANM,WE,Combined TRACON& Tower with Radar,9,13,6,0,28,0,0,2,0,2,9,13,8,0,30,0,0,0,30
11/10/2009,ASE,CO,ANM,WE,Combined TRACON& Tower with Radar,10,15,13,0,38,0,0,16,0,16,10,15,29,0,54,0,0,0,54
11/11/2009,ASE,CO,ANM,WE,Combined TRACON& Tower with Radar,9,13,40,0,62,0,0,18,0,18,9,13,58,0,80,2,0,2,82
11/12/2009,ASE,CO,ANM,WE,Combined TRACON& Tower with Radar,9,19,17,0,45,0,0,14,0,14,9,19,31,0,59,3,0,3,62
11/13/2009,ASE,CO,ANM,WE,Combined TRACON& Tower with Radar,2,2,4,0,8,0,0,0,0,0,2,2,4,0,8,0,0,0,8
11/14/2009,ASE,CO,ANM,WE,Combined TRACON& Tower with Radar,3,7,7,0,17,0,0,0,0,0,3,7,7,0,17,0,0,0,17
11/15/2009,ASE,CO,ANM,WE,Combined TRACON& Tower with Radar,3,9,9,0,21,0,0,1,0,1,3,9,10,0,22,8,0,8,30
11/16/2009,ASE,CO,ANM,WE,Combined TRACON& Tower with Radar,8,18,15,0,41,0,0,12,0,12,8,18,27,0,53,0,0,0,53
11/17/2009,ASE,CO,ANM,WE,Combined TRACON& Tower with Radar,11,21,6,0,38,0,0,26,0,26,11,21,32,0,64,0,2,2,66
11/18/2009,ASE,CO,ANM,WE,Combined TRACON& Tower with Radar,10,10,7,0,27,0,0,24,0,24,10,10,31,0,51,0,0,0,51
11/19/2009,ASE,CO,ANM,WE,Combined TRACON& Tower with Radar,9,14,8,0,31,0,0,31,4,35,9,14,39,4,66,2,4,6,72
11/20/2009,ASE,CO,ANM,WE,Combined TRACON& Tower with Radar,9,24,16,0,49,0,0,11,2,13,9,24,27,2,62,2,2,4,66
11/21/2009,ASE,CO,ANM,WE,Combined TRACON& Tower with Radar,9,16,19,0,44,0,0,23,0,23,9,16,42,0,67,2,0,2,69
11/22/2009,ASE,CO,ANM,WE,Combined TRACON& Tower with Radar,9,19,12,0,40,0,0,9,0,9,9,19,21,0,49,0,0,0,49
11/23/2009,ASE,CO,ANM,WE,Combined TRACON& Tower with Radar,9,20,12,0,41,0,0,2,0,2,9,20,14,0,43,0,0,0,43
11/24/2009,ASE,CO,ANM,WE,Combined TRACON& Tower with Radar,10,29,38,0,77,0,0,24,0,24,10,29,62,0,101,0,0,0,101
11/25/2009,ASE,CO,ANM,WE,Combined TRACON& Tower with Radar,10,37,44,0,91,0,0,24,0,24,10,37,68,0,115,2,0,2,117
11/26/2009,ASE,CO,ANM,WE,Combined TRACON& Tower with Radar,8,8,12,0,28,0,0,13,0,13,8,8,25,0,41,7,0,7,48
11/27/2009,ASE,CO,ANM,WE,Combined TRACON& Tower with Radar,9,14,26,0,49,0,0,16,0,16,9,14,42,0,65,0,0,0,65
11/28/2009,ASE,CO,ANM,WE,Combined TRACON& Tower with Radar,8,22,19,0,49,0,0,19,0,19,8,22,38,0,68,8,0,8,76
11/29/2009,ASE,CO,ANM,WE,Combined TRACON& Tower with Radar,9,60,86,0,155,0,0,5,0,5,9,60,91,0,160,0,0,0,160
11/30/2009,ASE,CO,ANM,WE,Combined TRACON& Tower with Radar,10,31,30,0,71,0,0,16,0,16,10,31,46,0,87,0,0,0,87
12/01/2009,ASE,CO,ANM,WE,Combined TRACON& Tower with Radar,10,21,19,2,52,0,0,27,0,27,10,21,46,2,79,4,0,4,83
12/02/2009,ASE,CO,ANM,WE,Combined TRACON& Tower with Radar,6,16,17,0,39,0,0,1,0,1,6,16,18,0,40,0,0,0,40
12/03/2009,ASE,CO,ANM,WE,Combined TRACON& Tower with Radar,9,24,15,0,48,0,0,24,0,24,9,24,39,0,72,0,0,0,72
12/04/2009,ASE,CO,ANM,WE,Combined TRACON& Tower with Radar,9,24,19,0,52,0,0,32,0,32,9,24,51,0,84,6,0,6,90
12/05/2009,ASE,CO,ANM,WE,Combined TRACON& Tower with Radar,9,20,20,0,49,0,0,35,0,35,9,20,55,0,84,4,0,4,88
12/06/2009,ASE,CO,ANM,WE,Combined TRACON& Tower with Radar,8,15,19,0,42,0,0,1,0,1,8,15,20,0,43,0,0,0,43
12/07/2009,ASE,CO,ANM,WE,Combined TRACON& Tower with Radar,8,1,2,0,11,0,0,0,0,0,8,1,2,0,11,0,0,0,11
12/08/2009,ASE,CO,ANM,WE,Combined TRACON& Tower with Radar,2,0,0,0,2,0,0,0,0,0,2,0,0,0,2,0,0,0,2
12/09/2009,ASE,CO,ANM,WE,Combined TRACON& Tower with Radar,25,10,27,0,62,0,0,5,0,5,25,10,32,0,67,0,0,0,67
12/10/2009,ASE,CO,ANM,WE,Combined TRACON& Tower with Radar,27,17,17,0,61,0,0,8,0,8,27,17,25,0,69,0,0,0,69
12/11/2009,ASE,CO,ANM,WE,Combined TRACON& Tower with Radar,28,8,27,1,64,0,0,17,1,18,28,8,44,2,82,0,0,0,82
12/12/2009,ASE,CO,ANM,WE,Combined TRACON& Tower with Radar,23,19,27,0,69,0,0,11,0,11,23,19,38,0,80,10,0,10,90
12/13/2009,ASE,CO,ANM,WE,Combined TRACON& Tower with Radar,8,0,6,0,14,0,0,2,0,2,8,0,8,0,16,0,0,0,16
12/14/2009,ASE,CO,ANM,WE,Combined TRACON& Tower with Radar,27,17,27,0,71,0,0,7,0,7,27,17,34,0,78,0,0,0,78
12/15/2009,ASE,CO,ANM,WE,Combined TRACON& Tower with Radar,27,6,26,0,59,0,0,8,0,8,27,6,34,0,67,0,4,4,71
12/16/2009,ASE,CO,ANM,WE,Combined TRACON& Tower with Radar,27,10,24,0,61,0,0,16,0,16,27,10,40,0,77,4,0,4,81
12/17/2009,ASE,CO,ANM,WE,Combined TRACON& Tower with Radar,45,29,30,0,104,0,0,12,0,12,45,29,42,0,116,0,0,0,116
12/18/2009,ASE,CO,ANM,WE,Combined TRACON& Tower with Radar,45,73,101,1,220,0,0,9,1,10,45,73,110,2,230,3,0,3,233
12/19/2009,ASE,CO,ANM,WE,Combined TRACON& Tower with Radar,57,72,104,0,233,0,0,19,1,20,57,72,123,1,253,0,0,0,253
12/20/2009,ASE,CO,ANM,WE,Combined TRACON& Tower with Radar,50,43,85,0,178,0,0,11,0,11,50,43,96,0,189,0,0,0,189
12/21/2009,ASE,CO,ANM,WE,Combined TRACON& Tower with Radar,49,65,86,0,200,0,0,18,0,18,49,65,104,0,218,0,0,0,218
12/22/2009,ASE,CO,ANM,WE,Combined TRACON& Tower with Radar,36,45,55,0,136,0,0,0,0,0,36,45,55,0,136,0,0,0,136
12/23/2009,ASE,CO,ANM,WE,Combined TRACON& Tower with Radar,43,4,23,0,70,0,0,0,0,0,43,4,23,0,70,0,0,0,70
12/24/2009,ASE,CO,ANM,WE,Combined TRACON& Tower with Radar,42,36,55,0,133,0,0,6,0,6,42,36,61,0,139,0,0,0,139
12/25/2009,ASE,CO,ANM,WE,Combined TRACON& Tower with Radar,35,17,24,0,76,0,0,1,0,1,35,17,25,0,77,0,0,0,77
12/26/2009,ASE,CO,ANM,WE,Combined TRACON& Tower with Radar,52,50,154,0,256,0,0,7,0,7,52,50,161,0,263,0,0,0,263
12/27/2009,ASE,CO,ANM,WE,Combined TRACON& Tower with Radar,54,67,127,0,248,0,0,9,0,9,54,67,136,0,257,0,0,0,257
12/28/2009,ASE,CO,ANM,WE,Combined TRACON& Tower with Radar,49,60,72,0,181,0,0,16,0,16,49,60,88,0,197,0,0,0,197
12/29/2009,ASE,CO,ANM,WE,Combined TRACON& Tower with Radar,49,27,55,0,131,0,0,1,0,1,49,27,56,0,132,0,0,0,132
12/30/2009,ASE,CO,ANM,WE,Combined TRACON& Tower with Radar,32,4,61,0,97,0,0,0,0,0,32,4,61,0,97,0,0,0,97
12/31/2009,ASE,CO,ANM,WE,Combined TRACON& Tower with Radar,45,33,47,2,127,0,0,7,0,7,45,33,54,2,134,2,0,2,136
01/01/2010,ASE,CO,ANM,WE,Combined TRACON& Tower with Radar,50,82,78,0,210,0,0,13,0,13,50,82,91,0,223,2,0,2,225
01/02/2010,ASE,CO,ANM,WE,Combined TRACON& Tower with Radar,41,32,106,0,179,0,0,0,0,0,41,32,106,0,179,0,0,0,179
01/03/2010,ASE,CO,ANM,WE,Combined TRACON& Tower with Radar,53,64,173,0,290,0,0,7,0,7,53,64,180,0,297,0,0,0,297
01/04/2010,ASE,CO,ANM,WE,Combined TRACON& Tower with Radar,46,69,80,0,195,0,0,22,0,22,46,69,102,0,217,0,0,0,217
01/05/2010,ASE,CO,ANM,WE,Combined TRACON& Tower with Radar,44,21,52,0,117,0,0,4,2,6,44,21,56,2,123,0,0,0,123
01/06/2010,ASE,CO,ANM,WE,Combined TRACON& Tower with Radar,44,4,24,0,72,0,0,1,0,1,44,4,25,0,73,0,0,0,73
01/07/2010,ASE,CO,ANM,WE,Combined TRACON& Tower with Radar,46,21,35,0,102,0,0,10,2,12,46,21,45,2,114,1,2,3,117
01/08/2010,ASE,CO,ANM,WE,Combined TRACON& Tower with Radar,47,26,57,0,130,0,0,11,0,11,47,26,68,0,141,0,0,0,141
01/09/2010,ASE,CO,ANM,WE,Combined TRACON& Tower with Radar,51,20,36,0,107,0,0,18,0,18,51,20,54,0,125,1,0,1,126
01/10/2010,ASE,CO,ANM,WE,Combined TRACON& Tower with Radar,53,15,43,0,111,0,0,22,0,22,53,15,65,0,133,4,0,4,137
01/11/2010,ASE,CO,ANM,WE,Combined TRACON& Tower with Radar,47,10,41,0,98,0,0,12,0,12,47,10,53,0,110,0,0,0,110
01/12/2010,ASE,CO,ANM,WE,Combined TRACON& Tower with Radar,43,13,21,0,77,0,0,34,0,34,43,13,55,0,111,0,0,0,111
01/13/2010,ASE,CO,ANM,WE,Combined TRACON& Tower with Radar,47,12,19,0,78,0,0,7,2,9,47,12,26,2,87,2,0,2,89
01/14/2010,ASE,CO,ANM,WE,Combined TRACON& Tower with Radar,50,11,35,0,96,0,0,7,0,7,50,11,42,0,103,0,0,0,103
01/15/2010,ASE,CO,ANM,WE,Combined TRACON& Tower with Radar,45,29,74,0,148,0,0,13,2,15,45,29,87,2,163,6,0,6,169
01/16/2010,ASE,CO,ANM,WE,Combined TRACON& Tower with Radar,52,16,47,0,115,0,0,12,0,12,52,16,59,0,127,2,0,2,129
01/17/2010,ASE,CO,ANM,WE,Combined TRACON& Tower with Radar,53,10,35,0,98,0,0,1,0,1,53,10,36,0,99,0,0,0,99
01/18/2010,ASE,CO,ANM,WE,Combined TRACON& Tower with Radar,45,40,72,0,157,0,0,2,0,2,45,40,74,0,159,0,0,0,159
01/19/2010,ASE,CO,ANM,WE,Combined TRACON& Tower with Radar,43,2,20,0,65,0,0,0,0,0,43,2,20,0,65,0,0,0,65
01/20/2010,ASE,CO,ANM,WE,Combined TRACON& Tower with Radar,48,15,25,0,88,0,0,8,0,8,48,15,33,0,96,4,0,4,100
01/21/2010,ASE,CO,ANM,WE,Combined TRACON& Tower with Radar,32,9,40,0,81,0,0,4,0,4,32,9,44,0,85,0,0,0,85
01/22/2010,ASE,CO,ANM,WE,Combined TRACON& Tower with Radar,42,8,31,0,81,0,0,0,0,0,42,8,31,0,81,0,0,0,81
01/23/2010,ASE,CO,ANM,WE,Combined TRACON& Tower with Radar,58,5,11,0,74,0,0,0,0,0,58,5,11,0,74,0,0,0,74
01/24/2010,ASE,CO,ANM,WE,Combined TRACON& Tower with Radar,50,1,21,0,72,0,0,0,0,0,50,1,21,0,72,0,0,0,72
01/25/2010,ASE,CO,ANM,WE,Combined TRACON& Tower with Radar,45,13,38,0,96,0,0,3,0,3,45,13,41,0,99,0,0,0,99
01/26/2010,ASE,CO,ANM,WE,Combined TRACON& Tower with Radar,48,7,30,0,85,0,0,4,0,4,48,7,34,0,89,2,0,2,91
01/27/2010,ASE,CO,ANM,WE,Combined TRACON& Tower with Radar,38,7,23,0,68,0,0,2,0,2,38,7,25,0,70,0,0,0,70
01/28/2010,ASE,CO,ANM,WE,Combined TRACON& Tower with Radar,45,12,32,2,91,0,0,6,0,6,45,12,38,2,97,0,2,2,99
01/29/2010,ASE,CO,ANM,WE,Combined TRACON& Tower with Radar,40,26,37,0,103,0,0,13,0,13,40,26,50,0,116,0,0,0,116
01/30/2010,ASE,CO,ANM,WE,Combined TRACON& Tower with Radar,51,17,29,0,97,0,1,17,2,20,51,18,46,2,117,0,2,2,119
01/31/2010,ASE,CO,ANM,WE,Combined TRACON& Tower with Radar,54,41,63,0,158,0,0,8,0,8,54,41,71,0,166,0,0,0,166
02/01/2010,ASE,CO,ANM,WE,Combined TRACON& Tower with Radar,47,24,40,0,111,0,0,1,0,1,47,24,41,0,112,0,0,0,112
02/02/2010,ASE,CO,ANM,WE,Combined TRACON& Tower with Radar,43,11,19,0,73,0,0,12,0,12,43,11,31,0,85,0,0,0,85
02/03/2010,ASE,CO,ANM,WE,Combined TRACON& Tower with Radar,47,23,28,0,98,0,0,20,0,20,47,23,48,0,118,8,0,8,126
02/04/2010,ASE,CO,ANM,WE,Combined TRACON& Tower with Radar,48,15,28,0,91,0,0,2,0,2,48,15,30,0,93,0,0,0,93
02/05/2010,ASE,CO,ANM,WE,Combined TRACON& Tower with Radar,48,20,41,0,109,0,0,10,0,10,48,20,51,0,119,0,0,0,119
02/06/2010,ASE,CO,ANM,WE,Combined TRACON& Tower with Radar,51,14,28,0,93,0,0,0,0,0,51,14,28,0,93,0,0,0,93
02/07/2010,ASE,CO,ANM,WE,Combined TRACON& Tower with Radar,53,6,14,0,73,0,0,0,0,0,53,6,14,0,73,0,0,0,73
02/08/2010,ASE,CO,ANM,WE,Combined TRACON& Tower with Radar,46,18,39,0,103,0,0,0,0,0,46,18,39,0,103,0,0,0,103
02/09/2010,ASE,CO,ANM,WE,Combined TRACON& Tower with Radar,43,9,21,0,73,0,0,14,0,14,43,9,35,0,87,0,0,0,87
02/10/2010,ASE,CO,ANM,WE,Combined TRACON& Tower with Radar,45,17,40,0,102,0,0,12,0,12,45,17,52,0,114,6,0,6,120
02/11/2010,ASE,CO,ANM,WE,Combined TRACON& Tower with Radar,48,42,71,0,161,0,0,4,0,4,48,42,75,0,165,0,0,0,165
02/12/2010,ASE,CO,ANM,WE,Combined TRACON& Tower with Radar,46,35,79,0,160,0,0,2,0,2,46,35,81,0,162,0,0,0,162
02/13/2010,ASE,CO,ANM,WE,Combined TRACON& Tower with Radar,41,12,38,0,91,0,0,0,0,0,41,12,38,0,91,0,0,0,91
02/14/2010,ASE,CO,ANM,WE,Combined TRACON& Tower with Radar,57,31,62,0,150,0,0,5,0,5,57,31,67,0,155,0,0,0,155
02/15/2010,ASE,CO,ANM,WE,Combined TRACON& Tower with Radar,50,45,70,0,165,0,0,4,0,4,50,45,74,0,169,0,0,0,169
02/16/2010,ASE,CO,ANM,WE,Combined TRACON& Tower with Radar,48,44,66,0,158,0,0,0,0,0,48,44,66,0,158,0,0,0,158
02/17/2010,ASE,CO,ANM,WE,Combined TRACON& Tower with Radar,47,36,43,0,126,0,0,4,0,4,47,36,47,0,130,0,0,0,130
02/18/2010,ASE,CO,ANM,WE,Combined TRACON& Tower with Radar,50,24,32,0,106,0,0,2,0,2,50,24,34,0,108,0,0,0,108
02/19/2010,ASE,CO,ANM,WE,Combined TRACON& Tower with Radar,28,21,48,0,97,0,0,0,0,0,28,21,48,0,97,0,0,0,97
02/20/2010,ASE,CO,ANM,WE,Combined TRACON& Tower with Radar,24,8,32,0,64,0,0,0,0,0,24,8,32,0,64,0,0,0,64
02/21/2010,ASE,CO,ANM,WE,Combined TRACON& Tower with Radar,28,3,29,0,60,0,0,0,0,0,28,3,29,0,60,0,0,0,60
02/22/2010,ASE,CO,ANM,WE,Combined TRACON& Tower with Radar,41,17,37,0,95,0,0,1,0,1,41,17,38,0,96,0,0,0,96
02/23/2010,ASE,CO,ANM,WE,Combined TRACON& Tower with Radar,48,14,30,0,92,0,0,23,0,23,48,14,53,0,115,0,0,0,115
02/24/2010,ASE,CO,ANM,WE,Combined TRACON& Tower with Radar,48,26,26,0,100,0,0,18,0,18,48,26,44,0,118,12,0,12,130
02/25/2010,ASE,CO,ANM,WE,Combined TRACON& Tower with Radar,50,23,15,0,88,0,0,1,0,1,50,23,16,0,89,0,0,0,89
02/26/2010,ASE,CO,ANM,WE,Combined TRACON& Tower with Radar,49,35,60,0,144,0,0,12,0,12,49,35,72,0,156,6,0,6,162
02/27/2010,ASE,CO,ANM,WE,Combined TRACON& Tower with Radar,57,29,36,0,122,0,0,6,0,6,57,29,42,0,128,0,0,0,128
02/28/2010,ASE,CO,ANM,WE,Combined TRACON& Tower with Radar,58,40,39,0,137,0,0,6,0,6,58,40,45,0,143,0,0,0,143
03/01/2010,ASE,CO,ANM,WE,Combined TRACON& Tower with Radar,45,17,35,0,97,0,0,13,0,13,45,17,48,0,110,2,0,2,112
03/02/2010,ASE,CO,ANM,WE,Combined TRACON& Tower with Radar,47,19,42,0,108,0,0,19,0,19,47,19,61,0,127,0,0,0,127
03/03/2010,ASE,CO,ANM,WE,Combined TRACON& Tower with Radar,49,27,36,0,112,0,0,18,0,18,49,27,54,0,130,0,0,0,130
03/04/2010,ASE,CO,ANM,WE,Combined TRACON& Tower with Radar,50,20,32,0,102,0,0,9,0,9,50,20,41,0,111,0,0,0,111
03/05/2010,ASE,CO,ANM,WE,Combined TRACON& Tower with Radar,50,38,49,0,137,0,0,3,0,3,50,38,52,0,140,0,0,0,140
03/06/2010,ASE,CO,ANM,WE,Combined TRACON& Tower with Radar,57,35,52,0,144,0,0,12,0,12,57,35,64,0,156,0,0,0,156
03/07/2010,ASE,CO,ANM,WE,Combined TRACON& Tower with Radar,45,37,69,0,151,0,0,0,0,0,45,37,69,0,151,0,0,0,151
03/08/2010,ASE,CO,ANM,WE,Combined TRACON& Tower with Radar,30,1,7,0,38,0,0,1,0,1,30,1,8,0,39,0,0,0,39
03/09/2010,ASE,CO,ANM,WE,Combined TRACON& Tower with Radar,45,20,42,0,107,0,0,4,0,4,45,20,46,0,111,0,0,0,111
03/10/2010,ASE,CO,ANM,WE,Combined TRACON& Tower with Radar,43,8,39,0,90,0,0,0,0,0,43,8,39,0,90,0,0,0,90
03/11/2010,ASE,CO,ANM,WE,Combined TRACON& Tower with Radar,49,19,45,0,113,0,0,8,0,8,49,19,53,0,121,0,0,0,121
03/12/2010,ASE,CO,ANM,WE,Combined TRACON& Tower with Radar,49,61,89,0,199,0,0,27,0,27,49,61,116,0,226,0,0,0,226
03/13/2010,ASE,CO,ANM,WE,Combined TRACON& Tower with Radar,55,68,97,0,220,0,0,18,1,19,55,68,115,1,239,0,0,0,239
03/14/2010,ASE,CO,ANM,WE,Combined TRACON& Tower with Radar,42,18,66,0,126,0,0,5,0,5,42,18,71,0,131,0,0,0,131
03/15/2010,ASE,CO,ANM,WE,Combined TRACON& Tower with Radar,48,41,45,0,134,0,0,18,0,18,48,41,63,0,152,0,0,0,152
03/16/2010,ASE,CO,ANM,WE,Combined TRACON& Tower with Radar,49,30,31,0,110,0,0,59,0,59,49,30,90,0,169,14,0,14,183
03/17/2010,ASE,CO,ANM,WE,Combined TRACON& Tower with Radar,49,35,50,0,134,0,0,49,0,49,49,35,99,0,183,4,0,4,187
03/18/2010,ASE,CO,ANM,WE,Combined TRACON& Tower with Radar,51,49,59,0,159,0,0,17,0,17,51,49,76,0,176,0,0,0,176
03/19/2010,ASE,CO,ANM,WE,Combined TRACON& Tower with Radar,15,3,19,0,37,0,0,0,0,0,15,3,19,0,37,0,0,0,37
03/20/2010,ASE,CO,ANM,WE,Combined TRACON& Tower with Radar,57,104,108,0,269,0,0,16,0,16,57,104,124,0,285,0,0,0,285
03/21/2010,ASE,CO,ANM,WE,Combined TRACON& Tower with Radar,58,62,85,0,205,0,0,30,0,30,58,62,115,0,235,6,0,6,241
03/22/2010,ASE,CO,ANM,WE,Combined TRACON& Tower with Radar,47,20,25,0,92,0,0,17,0,17,47,20,42,0,109,0,0,0,109
03/23/2010,ASE,CO,ANM,WE,Combined TRACON& Tower with Radar,34,2,18,0,54,0,0,1,0,1,34,2,19,0,55,0,0,0,55
03/24/2010,ASE,CO,ANM,WE,Combined TRACON& Tower with Radar,42,23,36,0,101,0,0,6,0,6,42,23,42,0,107,0,0,0,107
03/25/2010,ASE,CO,ANM,WE,Combined TRACON& Tower with Radar,50,33,55,0,138,0,0,13,0,13,50,33,68,0,151,0,0,0,151
03/26/2010,ASE,CO,ANM,WE,Combined TRACON& Tower with Radar,48,17,37,0,102,0,0,0,0,0,48,17,37,0,102,0,0,0,102
03/27/2010,ASE,CO,ANM,WE,Combined TRACON& Tower with Radar,68,27,78,0,173,0,0,6,0,6,68,27,84,0,179,0,0,0,179
03/28/2010,ASE,CO,ANM,WE,Combined TRACON& Tower with Radar,57,48,98,0,203,0,0,25,0,25,57,48,123,0,228,0,0,0,228
03/29/2010,ASE,CO,ANM,WE,Combined TRACON& Tower with Radar,42,38,43,0,123,0,0,10,0,10,42,38,53,0,133,0,0,0,133
03/30/2010,ASE,CO,ANM,WE,Combined TRACON& Tower with Radar,43,23,25,0,91,0,0,2,0,2,43,23,27,0,93,0,0,0,93
03/31/2010,ASE,CO,ANM,WE,Combined TRACON& Tower with Radar,47,18,21,0,86,0,0,3,0,3,47,18,24,0,89,0,0,0,89
04/01/2010,ASE,CO,ANM,WE,Combined TRACON& Tower with Radar,27,2,15,0,44,0,0,0,0,0,27,2,15,0,44,0,0,0,44
04/02/2010,ASE,CO,ANM,WE,Combined TRACON& Tower with Radar,43,29,43,0,115,0,0,3,0,3,43,29,46,0,118,0,0,0,118
04/03/2010,ASE,CO,ANM,WE,Combined TRACON& Tower with Radar,48,42,47,0,137,0,0,2,0,2,48,42,49,0,139,0,0,0,139
04/04/2010,ASE,CO,ANM,WE,Combined TRACON& Tower with Radar,51,43,53,0,147,0,0,3,0,3,51,43,56,0,150,0,0,0,150
04/05/2010,ASE,CO,ANM,WE,Combined TRACON& Tower with Radar,39,9,29,0,77,0,0,0,0,0,39,9,29,0,77,0,0,0,77
04/06/2010,ASE,CO,ANM,WE,Combined TRACON& Tower with Radar,14,2,16,0,32,0,0,0,0,0,14,2,16,0,32,0,0,0,32
04/07/2010,ASE,CO,ANM,WE,Combined TRACON& Tower with Radar,18,10,23,0,51,0,0,3,0,3,18,10,26,0,54,0,0,0,54
04/08/2010,ASE,CO,ANM,WE,Combined TRACON& Tower with Radar,16,19,42,0,77,0,1,20,0,21,16,20,62,0,98,0,0,0,98
04/09/2010,ASE,CO,ANM,WE,Combined TRACON& Tower with Radar,17,15,29,0,61,0,0,9,0,9,17,15,38,0,70,0,0,0,70
04/10/2010,ASE,CO,ANM,WE,Combined TRACON& Tower with Radar,19,16,20,0,55,0,0,4,0,4,19,16,24,0,59,4,0,4,63
04/11/2010,ASE,CO,ANM,WE,Combined TRACON& Tower with Radar,19,28,32,0,79,0,0,25,0,25,19,28,57,0,104,0,0,0,104
04/12/2010,ASE,CO,ANM,WE,Combined TRACON& Tower with Radar,15,5,9,0,29,0,0,1,0,1,15,5,10,0,30,0,0,0,30
04/13/2010,ASE,CO,ANM,WE,Combined TRACON& Tower with Radar,14,8,14,0,36,0,0,3,0,3,14,8,17,0,39,3,0,3,42
04/14/2010,ASE,CO,ANM,WE,Combined TRACON& Tower with Radar,17,4,16,0,37,0,0,18,0,18,17,4,34,0,55,0,0,0,55
04/15/2010,ASE,CO,ANM,WE,Combined TRACON& Tower with Radar,17,7,15,0,39,0,0,15,0,15,17,7,30,0,54,0,0,0,54
04/16/2010,ASE,CO,ANM,WE,Combined TRACON& Tower with Radar,17,4,18,0,39,0,0,9,0,9,17,4,27,0,48,0,0,0,48
04/17/2010,ASE,CO,ANM,WE,Combined TRACON& Tower with Radar,19,4,3,0,26,0,0,3,0,3,19,4,6,0,29,0,0,0,29
04/18/2010,ASE,CO,ANM,WE,Combined TRACON& Tower with Radar,18,9,23,0,50,0,0,15,0,15,18,9,38,0,65,5,0,5,70
04/19/2010,ASE,CO,ANM,WE,Combined TRACON& Tower with Radar,14,9,15,0,38,0,0,10,0,10,14,9,25,0,48,4,0,4,52
04/20/2010,ASE,CO,ANM,WE,Combined TRACON& Tower with Radar,15,4,11,0,30,0,0,9,0,9,15,4,20,0,39,14,0,14,53
04/21/2010,ASE,CO,ANM,WE,Combined TRACON& Tower with Radar,11,2,16,0,29,0,0,5,0,5,11,2,21,0,34,14,0,14,48
04/22/2010,ASE,CO,ANM,WE,Combined TRACON& Tower with Radar,16,5,13,0,34,0,0,0,0,0,16,5,13,0,34,1,0,1,35
04/23/2010,ASE,CO,ANM,WE,Combined TRACON& Tower with Radar,3,2,1,0,6,0,0,0,0,0,3,2,1,0,6,0,0,0,6
04/24/2010,ASE,CO,ANM,WE,Combined TRACON& Tower with Radar,12,7,12,0,31,0,0,4,0,4,12,7,16,0,35,0,0,0,35
04/25/2010,ASE,CO,ANM,WE,Combined TRACON& Tower with Radar,15,5,20,0,40,0,0,5,0,5,15,5,25,0,45,6,0,6,51
04/26/2010,ASE,CO,ANM,WE,Combined TRACON& Tower with Radar,16,4,9,0,29,0,0,2,0,2,16,4,11,0,31,3,0,3,34
04/27/2010,ASE,CO,ANM,WE,Combined TRACON& Tower with Radar,15,6,6,0,27,0,1,14,0,15,15,7,20,0,42,28,0,28,70
04/28/2010,ASE,CO,ANM,WE,Combined TRACON& Tower with Radar,7,2,3,0,12,0,0,4,0,4,7,2,7,0,16,6,0,6,22
04/29/2010,ASE,CO,ANM,WE,Combined TRACON& Tower with Radar,8,1,5,0,14,0,0,0,0,0,8,1,5,0,14,0,0,0,14
04/30/2010,ASE,CO,ANM,WE,Combined TRACON& Tower with Radar,15,3,7,0,25,0,0,0,0,0,15,3,7,0,25,2,0,2,27
05/01/2010,ASE,CO,ANM,WE,Combined TRACON& Tower with Radar,16,4,6,0,26,0,0,1,0,1,16,4,7,0,27,2,0,2,29
05/02/2010,ASE,CO,ANM,WE,Combined TRACON& Tower with Radar,18,8,14,0,40,0,0,0,0,0,18,8,14,0,40,0,0,0,40
05/03/2010,ASE,CO,ANM,WE,Combined TRACON& Tower with Radar,15,9,15,0,39,0,0,5,0,5,15,9,20,0,44,14,0,14,58
05/04/2010,ASE,CO,ANM,WE,Combined TRACON& Tower with Radar,15,6,9,0,30,0,0,4,0,4,15,6,13,0,34,2,0,2,36
05/05/2010,ASE,CO,ANM,WE,Combined TRACON& Tower with Radar,15,8,16,0,39,0,0,4,0,4,15,8,20,0,43,6,0,6,49
05/06/2010,ASE,CO,ANM,WE,Combined TRACON& Tower with Radar,15,5,20,0,40,0,0,0,0,0,15,5,20,0,40,0,0,0,40
05/07/2010,ASE,CO,ANM,WE,Combined TRACON& Tower with Radar,16,14,24,0,54,0,0,16,0,16,16,14,40,0,70,24,0,24,94
05/08/2010,ASE,CO,ANM,WE,Combined TRACON& Tower with Radar,14,8,15,0,37,0,0,4,0,4,14,8,19,0,41,4,0,4,45
05/09/2010,ASE,CO,ANM,WE,Combined TRACON& Tower with Radar,16,7,14,0,37,0,0,6,0,6,16,7,20,0,43,4,0,4,47
05/10/2010,ASE,CO,ANM,WE,Combined TRACON& Tower with Radar,16,0,10,0,26,0,0,4,0,4,16,0,14,0,30,3,0,3,33
05/11/2010,ASE,CO,ANM,WE,Combined TRACON& Tower with Radar,11,2,16,0,29,0,0,1,0,1,11,2,17,0,30,0,0,0,30
05/12/2010,ASE,CO,ANM,WE,Combined TRACON& Tower with Radar,14,3,16,0,33,0,0,1,0,1,14,3,17,0,34,0,0,0,34
05/13/2010,ASE,CO,ANM,WE,Combined TRACON& Tower with Radar,15,2,13,0,30,0,0,0,0,0,15,2,13,0,30,1,0,1,31
05/14/2010,ASE,CO,ANM,WE,Combined TRACON& Tower with Radar,15,7,19,0,41,0,0,4,0,4,15,7,23,0,45,0,0,0,45
05/15/2010,ASE,CO,ANM,WE,Combined TRACON& Tower with Radar,15,3,11,0,29,0,0,2,0,2,15,3,13,0,31,1,0,1,32
05/16/2010,ASE,CO,ANM,WE,Combined TRACON& Tower with Radar,16,3,17,0,36,0,1,11,0,12,16,4,28,0,48,23,0,23,71
05/17/2010,ASE,CO,ANM,WE,Combined TRACON& Tower with Radar,15,12,12,0,39,0,0,9,0,9,15,12,21,0,48,10,0,10,58
05/18/2010,ASE,CO,ANM,WE,Combined TRACON& Tower with Radar,13,4,4,0,21,0,0,5,0,5,13,4,9,0,26,2,0,2,28
05/19/2010,ASE,CO,ANM,WE,Combined TRACON& Tower with Radar,16,6,15,0,37,0,0,1,0,1,16,6,16,0,38,0,0,0,38
05/20/2010,ASE,CO,ANM,WE,Combined TRACON& Tower with Radar,16,8,19,0,43,0,0,14,0,14,16,8,33,0,57,26,0,26,83
05/21/2010,ASE,CO,ANM,WE,Combined TRACON& Tower with Radar,16,10,15,0,41,0,0,9,0,9,16,10,24,0,50,24,0,24,74
05/22/2010,ASE,CO,ANM,WE,Combined TRACON& Tower with Radar,15,3,9,0,27,0,0,1,0,1,15,3,10,0,28,2,0,2,30
05/23/2010,ASE,CO,ANM,WE,Combined TRACON& Tower with Radar,16,5,16,0,37,0,0,5,0,5,16,5,21,0,42,9,0,9,51
05/24/2010,ASE,CO,ANM,WE,Combined TRACON& Tower with Radar,12,4,12,0,28,0,0,1,0,1,12,4,13,0,29,0,0,0,29
05/25/2010,ASE,CO,ANM,WE,Combined TRACON& Tower with Radar,14,14,11,0,39,0,0,9,0,9,14,14,20,0,48,14,0,14,62
05/26/2010,ASE,CO,ANM,WE,Combined TRACON& Tower with Radar,14,4,14,0,32,0,0,13,0,13,14,4,27,0,45,13,0,13,58
05/27/2010,ASE,CO,ANM,WE,Combined TRACON& Tower with Radar,16,7,10,0,33,0,0,11,0,11,16,7,21,0,44,12,0,12,56
05/28/2010,ASE,CO,ANM,WE,Combined TRACON& Tower with Radar,12,5,9,0,26,0,0,4,0,4,12,5,13,0,30,8,0,8,38
05/29/2010,ASE,CO,ANM,WE,Combined TRACON& Tower with Radar,16,7,7,0,30,0,0,5,0,5,16,7,12,0,35,28,0,28,63
05/30/2010,ASE,CO,ANM,WE,Combined TRACON& Tower with Radar,14,5,15,0,34,0,0,10,0,10,14,5,25,0,44,25,0,25,69
05/31/2010,ASE,CO,ANM,WE,Combined TRACON& Tower with Radar,16,13,18,0,47,0,0,12,0,12,16,13,30,0,59,27,0,27,86
06/01/2010,ASE,CO,ANM,WE,Combined TRACON& Tower with Radar,15,20,17,0,52,0,0,7,1,8,15,20,24,1,60,11,0,11,71
06/02/2010,ASE,CO,ANM,WE,Combined TRACON& Tower with Radar,16,11,6,0,33,0,0,13,0,13,16,11,19,0,46,30,0,30,76
06/03/2010,ASE,CO,ANM,WE,Combined TRACON& Tower with Radar,17,12,20,0,49,0,0,7,0,7,17,12,27,0,56,4,0,4,60
06/04/2010,ASE,CO,ANM,WE,Combined TRACON& Tower with Radar,18,15,26,0,59,0,0,9,0,9,18,15,35,0,68,32,0,32,100
06/05/2010,ASE,CO,ANM,WE,Combined TRACON& Tower with Radar,16,16,19,0,51,0,0,8,0,8,16,16,27,0,59,30,2,32,91
06/06/2010,ASE,CO,ANM,WE,Combined TRACON& Tower with Radar,15,16,26,0,57,0,0,4,0,4,15,16,30,0,61,44,2,46,107
06/07/2010,ASE,CO,ANM,WE,Combined TRACON& Tower with Radar,16,14,16,0,46,0,0,7,0,7,16,14,23,0,53,22,0,22,75
06/08/2010,ASE,CO,ANM,WE,Combined TRACON& Tower with Radar,14,11,24,0,49,0,0,6,0,6,14,11,30,0,55,21,0,21,76
06/09/2010,ASE,CO,ANM,WE,Combined TRACON& Tower with Radar,26,15,30,0,71,0,0,8,0,8,26,15,38,0,79,34,0,34,113
06/10/2010,ASE,CO,ANM,WE,Combined TRACON& Tower with Radar,24,18,20,0,62,0,0,8,0,8,24,18,28,0,70,13,0,13,83
06/11/2010,ASE,CO,ANM,WE,Combined TRACON& Tower with Radar,20,27,31,0,78,0,0,5,0,5,20,27,36,0,83,10,0,10,93
06/12/2010,ASE,CO,ANM,WE,Combined TRACON& Tower with Radar,22,10,16,0,48,0,0,2,0,2,22,10,18,0,50,2,0,2,52
06/13/2010,ASE,CO,ANM,WE,Combined TRACON& Tower with Radar,25,8,33,0,66,0,0,2,0,2,25,8,35,0,68,21,0,21,89
06/14/2010,ASE,CO,ANM,WE,Combined TRACON& Tower with Radar,27,10,27,0,64,0,0,0,0,0,27,10,27,0,64,10,0,10,74
06/15/2010,ASE,CO,ANM,WE,Combined TRACON& Tower with Radar,27,19,28,0,74,0,0,14,0,14,27,19,42,0,88,16,0,16,104
06/16/2010,ASE,CO,ANM,WE,Combined TRACON& Tower with Radar,27,18,36,0,81,0,0,4,0,4,27,18,40,0,85,11,0,11,96
06/17/2010,ASE,CO,ANM,WE,Combined TRACON& Tower with Radar,28,42,51,0,121,0,0,14,0,14,28,42,65,0,135,10,0,10,145
06/18/2010,ASE,CO,ANM,WE,Combined TRACON& Tower with Radar,28,30,51,0,109,0,1,15,0,16,28,31,66,0,125,28,0,28,153
06/19/2010,ASE,CO,ANM,WE,Combined TRACON& Tower with Radar,32,17,34,0,83,0,0,15,0,15,32,17,49,0,98,6,0,6,104
06/20/2010,ASE,CO,ANM,WE,Combined TRACON& Tower with Radar,30,40,62,0,132,0,0,12,0,12,30,40,74,0,144,11,0,11,155
06/21/2010,ASE,CO,ANM,WE,Combined TRACON& Tower with Radar,29,45,53,0,127,0,0,14,0,14,29,45,67,0,141,15,0,15,156
06/22/2010,ASE,CO,ANM,WE,Combined TRACON& Tower with Radar,27,22,19,2,70,0,0,6,0,6,27,22,25,2,76,10,0,10,86
06/23/2010,ASE,CO,ANM,WE,Combined TRACON& Tower with Radar,25,30,38,0,93,0,0,10,1,11,25,30,48,1,104,19,0,19,123
06/24/2010,ASE,CO,ANM,WE,Combined TRACON& Tower with Radar,26,23,51,0,100,0,0,13,0,13,26,23,64,0,113,31,0,31,144
06/25/2010,ASE,CO,ANM,WE,Combined TRACON& Tower with Radar,22,38,46,0,106,0,0,7,0,7,22,38,53,0,113,19,0,19,132
06/26/2010,ASE,CO,ANM,WE,Combined TRACON& Tower with Radar,32,53,61,0,146,0,1,10,0,11,32,54,71,0,157,25,0,25,182
06/27/2010,ASE,CO,ANM,WE,Combined TRACON& Tower with Radar,30,59,87,0,176,0,0,14,0,14,30,59,101,0,190,28,0,28,218
06/28/2010,ASE,CO,ANM,WE,Combined TRACON& Tower with Radar,29,44,58,1,132,0,0,9,0,9,29,44,67,1,141,40,0,40,181
06/29/2010,ASE,CO,ANM,WE,Combined TRACON& Tower with Radar,27,44,61,1,133,0,0,8,0,8,27,44,69,1,141,7,0,7,148
06/30/2010,ASE,CO,ANM,WE,Combined TRACON& Tower with Radar,28,40,55,0,123,0,0,7,2,9,28,40,62,2,132,23,0,23,155
07/01/2010,ASE,CO,ANM,WE,Combined TRACON& Tower with Radar,27,56,102,0,185,0,0,18,0,18,27,56,120,0,203,3,0,3,206
07/02/2010,ASE,CO,ANM,WE,Combined TRACON& Tower with Radar,33,64,105,0,202,0,0,5,0,5,33,64,110,0,207,3,0,3,210
07/03/2010,ASE,CO,ANM,WE,Combined TRACON& Tower with Radar,31,45,56,0,132,0,0,11,0,11,31,45,67,0,143,14,0,14,157
07/04/2010,ASE,CO,ANM,WE,Combined TRACON& Tower with Radar,19,22,28,0,69,0,0,6,0,6,19,22,34,0,75,23,0,23,98
07/05/2010,ASE,CO,ANM,WE,Combined TRACON& Tower with Radar,25,56,111,0,192,0,1,17,0,18,25,57,128,0,210,12,0,12,222
07/06/2010,ASE,CO,ANM,WE,Combined TRACON& Tower with Radar,25,47,75,0,147,0,0,12,0,12,25,47,87,0,159,34,0,34,193
07/07/2010,ASE,CO,ANM,WE,Combined TRACON& Tower with Radar,27,38,51,0,116,0,0,8,0,8,27,38,59,0,124,32,0,32,156
07/08/2010,ASE,CO,ANM,WE,Combined TRACON& Tower with Radar,26,39,65,1,131,0,0,7,0,7,26,39,72,1,138,27,0,27,165
07/09/2010,ASE,CO,ANM,WE,Combined TRACON& Tower with Radar,27,38,57,0,122,0,0,7,0,7,27,38,64,0,129,5,0,5,134
07/10/2010,ASE,CO,ANM,WE,Combined TRACON& Tower with Radar,32,46,57,1,136,0,0,7,0,7,32,46,64,1,143,22,0,22,165
07/11/2010,ASE,CO,ANM,WE,Combined TRACON& Tower with Radar,32,52,83,0,167,0,0,12,0,12,32,52,95,0,179,11,0,11,190
07/12/2010,ASE,CO,ANM,WE,Combined TRACON& Tower with Radar,23,24,52,0,99,0,0,7,0,7,23,24,59,0,106,35,0,35,141
07/13/2010,ASE,CO,ANM,WE,Combined TRACON& Tower with Radar,27,32,42,0,101,0,1,11,1,13,27,33,53,1,114,30,0,30,144
07/14/2010,ASE,CO,ANM,WE,Combined TRACON& Tower with Radar,27,35,49,0,111,0,0,13,1,14,27,35,62,1,125,21,0,21,146
07/15/2010,ASE,CO,ANM,WE,Combined TRACON& Tower with Radar,25,37,74,0,136,0,0,14,0,14,25,37,88,0,150,26,0,26,176
07/16/2010,ASE,CO,ANM,WE,Combined TRACON& Tower with Radar,27,32,77,2,138,0,1,9,0,10,27,33,86,2,148,34,0,34,182
07/17/2010,ASE,CO,ANM,WE,Combined TRACON& Tower with Radar,32,42,49,2,125,0,1,10,0,11,32,43,59,2,136,22,0,22,158
07/18/2010,ASE,CO,ANM,WE,Combined TRACON& Tower with Radar,28,38,72,0,138,0,0,9,0,9,28,38,81,0,147,9,0,9,156
07/19/2010,ASE,CO,ANM,WE,Combined TRACON& Tower with Radar,27,35,68,0,130,0,0,6,0,6,27,35,74,0,136,19,0,19,155
07/20/2010,ASE,CO,ANM,WE,Combined TRACON& Tower with Radar,27,27,41,0,95,0,0,9,0,9,27,27,50,0,104,6,0,6,110
07/21/2010,ASE,CO,ANM,WE,Combined TRACON& Tower with Radar,27,28,48,0,103,0,0,0,0,0,27,28,48,0,103,43,0,43,146
07/22/2010,ASE,CO,ANM,WE,Combined TRACON& Tower with Radar,25,53,62,0,140,0,0,4,0,4,25,53,66,0,144,10,0,10,154
07/23/2010,ASE,CO,ANM,WE,Combined TRACON& Tower with Radar,25,43,79,0,147,0,1,10,0,11,25,44,89,0,158,14,4,18,176
07/24/2010,ASE,CO,ANM,WE,Combined TRACON& Tower with Radar,32,49,70,0,151,0,0,11,0,11,32,49,81,0,162,10,0,10,172
07/25/2010,ASE,CO,ANM,WE,Combined TRACON& Tower with Radar,30,43,73,0,146,0,0,9,0,9,30,43,82,0,155,22,0,22,177
07/26/2010,ASE,CO,ANM,WE,Combined TRACON& Tower with Radar,27,33,50,0,110,0,0,8,0,8,27,33,58,0,118,9,0,9,127
07/27/2010,ASE,CO,ANM,WE,Combined TRACON& Tower with Radar,26,16,40,0,82,0,0,13,0,13,26,16,53,0,95,30,0,30,125
07/28/2010,ASE,CO,ANM,WE,Combined TRACON& Tower with Radar,22,31,45,0,98,0,0,8,0,8,22,31,53,0,106,37,0,37,143
07/29/2010,ASE,CO,ANM,WE,Combined TRACON& Tower with Radar,27,45,45,0,117,0,0,6,0,6,27,45,51,0,123,47,0,47,170
07/30/2010,ASE,CO,ANM,WE,Combined TRACON& Tower with Radar,23,51,58,0,132,0,0,9,0,9,23,51,67,0,141,15,0,15,156
07/31/2010,ASE,CO,ANM,WE,Combined TRACON& Tower with Radar,30,44,57,0,131,0,0,7,0,7,30,44,64,0,138,13,0,13,151
08/01/2010,ASE,CO,ANM,WE,Combined TRACON& Tower with Radar,26,49,84,0,159,0,0,8,0,8,26,49,92,0,167,4,0,4,171
08/02/2010,ASE,CO,ANM,WE,Combined TRACON& Tower with Radar,27,26,64,0,117,0,0,9,0,9,27,26,73,0,126,5,0,5,131
08/03/2010,ASE,CO,ANM,WE,Combined TRACON& Tower with Radar,27,45,44,0,116,0,0,9,0,9,27,45,53,0,125,39,0,39,164
08/04/2010,ASE,CO,ANM,WE,Combined TRACON& Tower with Radar,19,42,66,0,127,0,0,8,0,8,19,42,74,0,135,16,0,16,151
08/05/2010,ASE,CO,ANM,WE,Combined TRACON& Tower with Radar,26,53,61,0,140,0,0,9,0,9,26,53,70,0,149,13,0,13,162
08/06/2010,ASE,CO,ANM,WE,Combined TRACON& Tower with Radar,29,44,71,7,151,0,1,15,1,17,29,45,86,8,168,17,0,17,185
08/07/2010,ASE,CO,ANM,WE,Combined TRACON& Tower with Radar,32,40,62,6,140,0,0,13,0,13,32,40,75,6,153,14,0,14,167
08/08/2010,ASE,CO,ANM,WE,Combined TRACON& Tower with Radar,28,62,83,0,173,0,0,7,0,7,28,62,90,0,180,15,0,15,195
08/09/2010,ASE,CO,ANM,WE,Combined TRACON& Tower with Radar,27,28,64,0,119,0,0,9,0,9,27,28,73,0,128,13,0,13,141
08/10/2010,ASE,CO,ANM,WE,Combined TRACON& Tower with Radar,27,36,68,2,133,0,1,18,0,19,27,37,86,2,152,30,1,31,183
08/11/2010,ASE,CO,ANM,WE,Combined TRACON& Tower with Radar,27,35,55,1,118,0,2,12,2,16,27,37,67,3,134,19,0,19,153
08/12/2010,ASE,CO,ANM,WE,Combined TRACON& Tower with Radar,27,44,67,0,138,0,0,6,0,6,27,44,73,0,144,3,0,3,147
08/13/2010,ASE,CO,ANM,WE,Combined TRACON& Tower with Radar,24,44,67,0,135,0,0,12,0,12,24,44,79,0,147,13,0,13,160
08/14/2010,ASE,CO,ANM,WE,Combined TRACON& Tower with Radar,31,49,56,0,136,0,0,18,0,18,31,49,74,0,154,43,0,43,197
08/15/2010,ASE,CO,ANM,WE,Combined TRACON& Tower with Radar,32,45,84,0,161,0,0,21,0,21,32,45,105,0,182,9,0,9,191
08/16/2010,ASE,CO,ANM,WE,Combined TRACON& Tower with Radar,27,29,49,0,105,0,0,5,0,5,27,29,54,0,110,0,0,0,110
08/17/2010,ASE,CO,ANM,WE,Combined TRACON& Tower with Radar,29,22,48,0,99,0,0,18,0,18,29,22,66,0,117,28,0,28,145
08/18/2010,ASE,CO,ANM,WE,Combined TRACON& Tower with Radar,27,22,51,0,100,0,0,19,1,20,27,22,70,1,120,31,0,31,151
08/19/2010,ASE,CO,ANM,WE,Combined TRACON& Tower with Radar,31,37,36,0,104,0,0,1,0,1,31,37,37,0,105,0,0,0,105
08/20/2010,ASE,CO,ANM,WE,Combined TRACON& Tower with Radar,30,32,70,0,132,0,0,16,1,17,30,32,86,1,149,13,0,13,162
08/21/2010,ASE,CO,ANM,WE,Combined TRACON& Tower with Radar,32,42,37,0,111,0,0,11,0,11,32,42,48,0,122,6,0,6,128
08/22/2010,ASE,CO,ANM,WE,Combined TRACON& Tower with Radar,30,48,66,1,145,0,0,15,0,15,30,48,81,1,160,16,0,16,176
08/23/2010,ASE,CO,ANM,WE,Combined TRACON& Tower with Radar,27,22,48,0,97,0,0,4,0,4,27,22,52,0,101,21,0,21,122
08/24/2010,ASE,CO,ANM,WE,Combined TRACON& Tower with Radar,19,40,28,0,87,0,0,11,0,11,19,40,39,0,98,5,0,5,103
08/25/2010,ASE,CO,ANM,WE,Combined TRACON& Tower with Radar,20,44,51,0,115,0,0,10,0,10,20,44,61,0,125,25,0,25,150
08/26/2010,ASE,CO,ANM,WE,Combined TRACON& Tower with Radar,23,26,47,0,96,0,0,8,0,8,23,26,55,0,104,25,0,25,129
08/27/2010,ASE,CO,ANM,WE,Combined TRACON& Tower with Radar,21,29,59,0,109,0,0,14,0,14,21,29,73,0,123,29,0,29,152
08/28/2010,ASE,CO,ANM,WE,Combined TRACON& Tower with Radar,20,31,54,0,105,0,0,14,0,14,20,31,68,0,119,7,0,7,126
08/29/2010,ASE,CO,ANM,WE,Combined TRACON& Tower with Radar,19,25,42,0,86,0,0,7,0,7,19,25,49,0,93,3,0,3,96
08/30/2010,ASE,CO,ANM,WE,Combined TRACON& Tower with Radar,21,18,39,0,78,0,0,3,0,3,21,18,42,0,81,3,0,3,84
08/31/2010,ASE,CO,ANM,WE,Combined TRACON& Tower with Radar,18,25,22,0,65,0,0,8,0,8,18,25,30,0,73,22,0,22,95
09/01/2010,ASE,CO,ANM,WE,Combined TRACON& Tower with Radar,19,24,31,0,74,0,0,13,0,13,19,24,44,0,87,16,0,16,103
09/02/2010,ASE,CO,ANM,WE,Combined TRACON& Tower with Radar,20,44,42,0,106,0,0,11,0,11,20,44,53,0,117,24,0,24,141
09/03/2010,ASE,CO,ANM,WE,Combined TRACON& Tower with Radar,21,41,73,0,135,0,0,16,0,16,21,41,89,0,151,19,0,19,170
09/04/2010,ASE,CO,ANM,WE,Combined TRACON& Tower with Radar,14,27,31,0,72,0,0,22,0,22,14,27,53,0,94,18,0,18,112
09/05/2010,ASE,CO,ANM,WE,Combined TRACON& Tower with Radar,17,24,40,0,81,0,0,9,0,9,17,24,49,0,90,2,0,2,92
09/06/2010,ASE,CO,ANM,WE,Combined TRACON& Tower with Radar,15,55,92,0,162,0,0,13,0,13,15,55,105,0,175,47,0,47,222
09/07/2010,ASE,CO,ANM,WE,Combined TRACON& Tower with Radar,17,44,46,2,109,0,0,16,0,16,17,44,62,2,125,8,0,8,133
09/08/2010,ASE,CO,ANM,WE,Combined TRACON& Tower with Radar,17,22,21,2,62,0,0,2,1,3,17,22,23,3,65,32,0,32,97
09/09/2010,ASE,CO,ANM,WE,Combined TRACON& Tower with Radar,18,18,15,2,53,0,0,2,0,2,18,18,17,2,55,17,0,17,72
09/10/2010,ASE,CO,ANM,WE,Combined TRACON& Tower with Radar,13,15,29,2,59,0,0,7,0,7,13,15,36,2,66,18,0,18,84
09/11/2010,ASE,CO,ANM,WE,Combined TRACON& Tower with Radar,17,19,31,0,67,0,0,15,0,15,17,19,46,0,82,24,0,24,106
09/12/2010,ASE,CO,ANM,WE,Combined TRACON& Tower with Radar,17,22,37,0,76,0,0,14,0,14,17,22,51,0,90,31,0,31,121
09/13/2010,ASE,CO,ANM,WE,Combined TRACON& Tower with Radar,17,8,25,0,50,0,0,11,5,16,17,8,36,5,66,5,0,5,71
09/14/2010,ASE,CO,ANM,WE,Combined TRACON& Tower with Radar,16,8,16,0,40,0,0,7,0,7,16,8,23,0,47,35,0,35,82
09/15/2010,ASE,CO,ANM,WE,Combined TRACON& Tower with Radar,17,18,23,0,58,0,0,9,0,9,17,18,32,0,67,47,0,47,114
09/16/2010,ASE,CO,ANM,WE,Combined TRACON& Tower with Radar,17,22,27,0,66,0,0,13,0,13,17,22,40,0,79,28,0,28,107
09/17/2010,ASE,CO,ANM,WE,Combined TRACON& Tower with Radar,17,22,35,0,74,0,0,22,0,22,17,22,57,0,96,30,0,30,126
09/18/2010,ASE,CO,ANM,WE,Combined TRACON& Tower with Radar,17,12,19,0,48,0,0,8,2,10,17,12,27,2,58,5,0,5,63
09/19/2010,ASE,CO,ANM,WE,Combined TRACON& Tower with Radar,17,29,40,2,88,0,0,11,0,11,17,29,51,2,99,32,0,32,131
09/20/2010,ASE,CO,ANM,WE,Combined TRACON& Tower with Radar,17,23,26,1,67,0,0,7,1,8,17,23,33,2,75,1,0,1,76
09/21/2010,ASE,CO,ANM,WE,Combined TRACON& Tower with Radar,17,18,14,0,49,0,0,7,0,7,17,18,21,0,56,14,0,14,70
09/22/2010,ASE,CO,ANM,WE,Combined TRACON& Tower with Radar,17,15,15,0,47,0,0,3,0,3,17,15,18,0,50,10,0,10,60
09/23/2010,ASE,CO,ANM,WE,Combined TRACON& Tower with Radar,17,38,60,0,115,0,0,4,2,6,17,38,64,2,121,19,0,19,140
09/24/2010,ASE,CO,ANM,WE,Combined TRACON& Tower with Radar,15,28,35,0,78,0,0,17,0,17,15,28,52,0,95,15,0,15,110
09/25/2010,ASE,CO,ANM,WE,Combined TRACON& Tower with Radar,17,29,58,0,104,0,0,13,0,13,17,29,71,0,117,22,0,22,139
09/26/2010,ASE,CO,ANM,WE,Combined TRACON& Tower with Radar,17,34,44,0,95,0,1,16,0,17,17,35,60,0,112,55,0,55,167
09/27/2010,ASE,CO,ANM,WE,Combined TRACON& Tower with Radar,17,14,32,0,63,0,0,9,3,12,17,14,41,3,75,30,2,32,107
09/28/2010,ASE,CO,ANM,WE,Combined TRACON& Tower with Radar,17,20,20,1,58,0,0,7,0,7,17,20,27,1,65,27,0,27,92
09/29/2010,ASE,CO,ANM,WE,Combined TRACON& Tower with Radar,15,13,15,0,43,0,0,14,0,14,15,13,29,0,57,12,0,12,69
09/30/2010,ASE,CO,ANM,WE,Combined TRACON& Tower with Radar,18,24,33,1,76,0,0,16,0,16,18,24,49,1,92,32,5,37,129
10/01/2010,ASE,CO,ANM,WE,Combined TRACON& Tower with Radar,15,22,32,0,69,0,0,14,0,14,15,22,46,0,83,31,0,31,114
10/02/2010,ASE,CO,ANM,WE,Combined TRACON& Tower with Radar,16,13,24,0,53,0,0,9,2,11,16,13,33,2,64,27,0,27,91
10/03/2010,ASE,CO,ANM,WE,Combined TRACON& Tower with Radar,15,23,43,2,83,0,0,11,0,11,15,23,54,2,94,37,2,39,133
10/04/2010,ASE,CO,ANM,WE,Combined TRACON& Tower with Radar,13,24,25,2,64,0,0,11,0,11,13,24,36,2,75,17,2,19,94
10/05/2010,ASE,CO,ANM,WE,Combined TRACON& Tower with Radar,13,21,10,0,44,0,0,7,0,7,13,21,17,0,51,7,0,7,58
10/06/2010,ASE,CO,ANM,WE,Combined TRACON& Tower with Radar,13,16,18,0,47,0,0,7,0,7,13,16,25,0,54,4,0,4,58
10/07/2010,ASE,CO,ANM,WE,Combined TRACON& Tower with Radar,13,23,23,0,59,0,0,3,0,3,13,23,26,0,62,20,0,20,82
10/08/2010,ASE,CO,ANM,WE,Combined TRACON& Tower with Radar,10,9,20,0,39,0,0,3,0,3,10,9,23,0,42,16,0,16,58
10/09/2010,ASE,CO,ANM,WE,Combined TRACON& Tower with Radar,8,18,18,0,44,0,0,6,0,6,8,18,24,0,50,16,0,16,66
10/10/2010,ASE,CO,ANM,WE,Combined TRACON& Tower with Radar,8,14,33,0,55,0,0,5,0,5,8,14,38,0,60,18,0,18,78
10/11/2010,ASE,CO,ANM,WE,Combined TRACON& Tower with Radar,13,25,31,0,69,0,5,11,0,16,13,30,42,0,85,22,2,24,109
10/12/2010,ASE,CO,ANM,WE,Combined TRACON& Tower with Radar,7,9,23,0,39,0,0,7,0,7,7,9,30,0,46,9,0,9,55
10/13/2010,ASE,CO,ANM,WE,Combined TRACON& Tower with Radar,13,11,18,0,42,0,0,24,0,24,13,11,42,0,66,28,0,28,94
10/14/2010,ASE,CO,ANM,WE,Combined TRACON& Tower with Radar,13,4,17,0,34,0,0,10,0,10,13,4,27,0,44,13,0,13,57
10/15/2010,ASE,CO,ANM,WE,Combined TRACON& Tower with Radar,13,24,15,0,52,0,0,9,0,9,13,24,24,0,61,19,0,19,80
10/16/2010,ASE,CO,ANM,WE,Combined TRACON& Tower with Radar,14,12,12,0,38,0,0,12,0,12,14,12,24,0,50,42,0,42,92
10/17/2010,ASE,CO,ANM,WE,Combined TRACON& Tower with Radar,13,21,23,0,57,0,0,4,0,4,13,21,27,0,61,36,0,36,97
10/18/2010,ASE,CO,ANM,WE,Combined TRACON& Tower with Radar,13,7,12,0,32,0,0,2,0,2,13,7,14,0,34,0,0,0,34
10/19/2010,ASE,CO,ANM,WE,Combined TRACON& Tower with Radar,14,5,21,0,40,0,0,3,0,3,14,5,24,0,43,17,0,17,60
10/20/2010,ASE,CO,ANM,WE,Combined TRACON& Tower with Radar,12,22,15,0,49,0,0,14,0,14,12,22,29,0,63,16,0,16,79
10/21/2010,ASE,CO,ANM,WE,Combined TRACON& Tower with Radar,12,7,18,0,37,0,0,4,0,4,12,7,22,0,41,25,0,25,66
10/22/2010,ASE,CO,ANM,WE,Combined TRACON& Tower with Radar,3,6,10,0,19,0,0,0,0,0,3,6,10,0,19,0,0,0,19
10/23/2010,ASE,CO,ANM,WE,Combined TRACON& Tower with Radar,2,2,0,0,4,0,0,0,0,0,2,2,0,0,4,0,0,0,4
10/24/2010,ASE,CO,ANM,WE,Combined TRACON& Tower with Radar,5,20,25,0,50,0,0,1,0,1,5,20,26,0,51,13,0,13,64
10/25/2010,ASE,CO,ANM,WE,Combined TRACON& Tower with Radar,0,0,1,0,1,0,0,0,0,0,0,0,1,0,1,0,0,0,1
10/26/2010,ASE,CO,ANM,WE,Combined TRACON& Tower with Radar,2,0,5,0,7,0,0,0,0,0,2,0,5,0,7,0,0,0,7
10/27/2010,ASE,CO,ANM,WE,Combined TRACON& Tower with Radar,7,10,23,0,40,0,0,1,0,1,7,10,24,0,41,0,0,0,41
10/28/2010,ASE,CO,ANM,WE,Combined TRACON& Tower with Radar,13,9,16,0,38,0,0,9,0,9,13,9,25,0,47,0,0,0,47
10/29/2010,ASE,CO,ANM,WE,Combined TRACON& Tower with Radar,13,6,24,1,44,0,0,10,0,10,13,6,34,1,54,0,0,0,54
10/30/2010,ASE,CO,ANM,WE,Combined TRACON& Tower with Radar,16,8,10,0,34,0,0,8,0,8,16,8,18,0,42,0,0,0,42
10/31/2010,ASE,CO,ANM,WE,Combined TRACON& Tower with Radar,13,4,12,0,29,0,1,4,0,5,13,5,16,0,34,0,0,0,34
11/01/2010,ASE,CO,ANM,WE,Combined TRACON& Tower with Radar,9,0,13,0,22,0,0,4,0,4,9,0,17,0,26,16,0,16,42
11/02/2010,ASE,CO,ANM,WE,Combined TRACON& Tower with Radar,12,4,14,0,30,0,0,7,0,7,12,4,21,0,37,3,0,3,40
11/03/2010,ASE,CO,ANM,WE,Combined TRACON& Tower with Radar,13,7,13,0,33,0,0,9,0,9,13,7,22,0,42,30,2,32,74
11/04/2010,ASE,CO,ANM,WE,Combined TRACON& Tower with Radar,11,10,12,1,34,0,0,14,0,14,11,10,26,1,48,7,0,7,55
11/05/2010,ASE,CO,ANM,WE,Combined TRACON& Tower with Radar,11,2,16,0,29,0,0,16,0,16,11,2,32,0,45,40,0,40,85
11/06/2010,ASE,CO,ANM,WE,Combined TRACON& Tower with Radar,12,16,9,0,37,0,0,9,0,9,12,16,18,0,46,27,0,27,73
11/07/2010,ASE,CO,ANM,WE,Combined TRACON& Tower with Radar,11,9,17,0,37,0,0,5,0,5,11,9,22,0,42,11,0,11,53
11/08/2010,ASE,CO,ANM,WE,Combined TRACON& Tower with Radar,11,10,23,0,44,0,0,3,0,3,11,10,26,0,47,22,0,22,69
11/09/2010,ASE,CO,ANM,WE,Combined TRACON& Tower with Radar,3,2,4,0,9,0,0,0,0,0,3,2,4,0,9,0,0,0,9
11/10/2010,ASE,CO,ANM,WE,Combined TRACON& Tower with Radar,10,18,19,0,47,0,0,1,0,1,10,18,20,0,48,16,0,16,64
11/11/2010,ASE,CO,ANM,WE,Combined TRACON& Tower with Radar,2,2,11,0,15,0,0,0,0,0,2,2,11,0,15,2,0,2,17
11/12/2010,ASE,CO,ANM,WE,Combined TRACON& Tower with Radar,6,6,18,0,30,0,0,11,0,11,6,6,29,0,41,19,0,19,60
11/13/2010,ASE,CO,ANM,WE,Combined TRACON& Tower with Radar,5,6,12,0,23,0,0,0,0,0,5,6,12,0,23,18,0,18,41
11/14/2010,ASE,CO,ANM,WE,Combined TRACON& Tower with Radar,10,7,20,0,37,0,0,0,0,0,10,7,20,0,37,10,0,10,47
11/15/2010,ASE,CO,ANM,WE,Combined TRACON& Tower with Radar,13,0,3,0,16,0,0,0,0,0,13,0,3,0,16,0,0,0,16
11/16/2010,ASE,CO,ANM,WE,Combined TRACON& Tower with Radar,10,2,13,0,25,0,0,0,0,0,10,2,13,0,25,0,0,0,25
11/17/2010,ASE,CO,ANM,WE,Combined TRACON& Tower with Radar,10,11,7,0,28,0,0,2,0,2,10,11,9,0,30,5,0,5,35
11/18/2010,ASE,CO,ANM,WE,Combined TRACON& Tower with Radar,11,0,15,0,26,0,0,9,0,9,11,0,24,0,35,39,0,39,74
11/19/2010,ASE,CO,ANM,WE,Combined TRACON& Tower with Radar,11,13,17,0,41,0,0,7,0,7,11,13,24,0,48,4,0,4,52
11/20/2010,ASE,CO,ANM,WE,Combined TRACON& Tower with Radar,12,17,23,0,52,0,0,8,0,8,12,17,31,0,60,7,0,7,67
11/21/2010,ASE,CO,ANM,WE,Combined TRACON& Tower with Radar,2,0,2,0,4,0,0,0,0,0,2,0,2,0,4,0,0,0,4
11/22/2010,ASE,CO,ANM,WE,Combined TRACON& Tower with Radar,10,1,2,0,13,0,0,0,0,0,10,1,2,0,13,0,0,0,13
11/23/2010,ASE,CO,ANM,WE,Combined TRACON& Tower with Radar,16,17,26,0,59,0,1,12,0,13,16,18,38,0,72,1,0,1,73
11/24/2010,ASE,CO,ANM,WE,Combined TRACON& Tower with Radar,8,1,14,0,23,0,0,1,0,1,8,1,15,0,24,0,0,0,24
11/25/2010,ASE,CO,ANM,WE,Combined TRACON& Tower with Radar,10,9,18,0,37,0,0,4,0,4,10,9,22,0,41,14,0,14,55
11/26/2010,ASE,CO,ANM,WE,Combined TRACON& Tower with Radar,13,12,19,0,44,0,1,12,0,13,13,13,31,0,57,10,0,10,67
11/27/2010,ASE,CO,ANM,WE,Combined TRACON& Tower with Radar,10,15,40,0,65,0,0,13,0,13,10,15,53,0,78,25,0,25,103
11/28/2010,ASE,CO,ANM,WE,Combined TRACON& Tower with Radar,13,24,83,0,120,0,0,1,0,1,13,24,84,0,121,0,0,0,121
11/29/2010,ASE,CO,ANM,WE,Combined TRACON& Tower with Radar,16,5,14,0,35,0,0,0,0,0,16,5,14,0,35,1,0,1,36
11/30/2010,ASE,CO,ANM,WE,Combined TRACON& Tower with Radar,12,14,23,0,49,0,0,4,0,4,12,14,27,0,53,5,1,6,59
12/01/2010,ASE,CO,ANM,WE,Combined TRACON& Tower with Radar,12,2,12,0,26,0,0,0,0,0,12,2,12,0,26,0,0,0,26
12/02/2010,ASE,CO,ANM,WE,Combined TRACON& Tower with Radar,12,6,17,0,35,0,0,6,0,6,12,6,23,0,41,21,0,21,62
12/03/2010,ASE,CO,ANM,WE,Combined TRACON& Tower with Radar,12,9,22,0,43,0,0,1,0,1,12,9,23,0,44,0,0,0,44
12/04/2010,ASE,CO,ANM,WE,Combined TRACON& Tower with Radar,16,7,8,0,31,0,0,2,0,2,16,7,10,0,33,13,0,13,46
12/05/2010,ASE,CO,ANM,WE,Combined TRACON& Tower with Radar,14,6,16,0,36,0,0,3,0,3,14,6,19,0,39,12,0,12,51
12/06/2010,ASE,CO,ANM,WE,Combined TRACON& Tower with Radar,12,8,9,0,29,0,0,0,0,0,12,8,9,0,29,0,0,0,29
12/07/2010,ASE,CO,ANM,WE,Combined TRACON& Tower with Radar,12,12,12,0,36,0,0,1,0,1,12,12,13,0,37,0,0,0,37
12/08/2010,ASE,CO,ANM,WE,Combined TRACON& Tower with Radar,12,5,12,0,29,0,0,10,0,10,12,5,22,0,39,41,0,41,80
12/09/2010,ASE,CO,ANM,WE,Combined TRACON& Tower with Radar,21,16,17,0,54,0,0,3,0,3,21,16,20,0,57,19,0,19,76
12/10/2010,ASE,CO,ANM,WE,Combined TRACON& Tower with Radar,22,4,17,0,43,0,0,0,0,0,22,4,17,0,43,0,0,0,43
12/11/2010,ASE,CO,ANM,WE,Combined TRACON& Tower with Radar,21,13,14,0,48,0,0,1,0,1,21,13,15,0,49,0,0,0,49
12/12/2010,ASE,CO,ANM,WE,Combined TRACON& Tower with Radar,24,5,34,0,63,0,0,0,0,0,24,5,34,0,63,16,0,16,79
12/13/2010,ASE,CO,ANM,WE,Combined TRACON& Tower with Radar,23,9,20,0,52,0,0,13,0,13,23,9,33,0,65,32,0,32,97
12/14/2010,ASE,CO,ANM,WE,Combined TRACON& Tower with Radar,22,13,23,0,58,0,0,5,0,5,22,13,28,0,63,10,0,10,73
12/15/2010,ASE,CO,ANM,WE,Combined TRACON& Tower with Radar,13,4,3,0,20,0,0,0,0,0,13,4,3,0,20,12,0,12,32
12/16/2010,ASE,CO,ANM,WE,Combined TRACON& Tower with Radar,47,22,18,0,87,0,0,7,0,7,47,22,25,0,94,0,0,0,94
12/17/2010,ASE,CO,ANM,WE,Combined TRACON& Tower with Radar,43,63,88,0,194,0,0,3,0,3,43,63,91,0,197,4,0,4,201
12/18/2010,ASE,CO,ANM,WE,Combined TRACON& Tower with Radar,53,29,42,0,124,0,0,0,0,0,53,29,42,0,124,0,0,0,124
12/19/2010,ASE,CO,ANM,WE,Combined TRACON& Tower with Radar,47,13,43,0,103,0,0,0,0,0,47,13,43,0,103,0,0,0,103
12/20/2010,ASE,CO,ANM,WE,Combined TRACON& Tower with Radar,42,7,18,0,67,0,0,0,0,0,42,7,18,0,67,0,0,0,67
12/21/2010,ASE,CO,ANM,WE,Combined TRACON& Tower with Radar,47,23,57,0,127,0,0,0,0,0,47,23,57,0,127,0,0,0,127
12/22/2010,ASE,CO,ANM,WE,Combined TRACON& Tower with Radar,44,55,60,0,159,0,0,0,0,0,44,55,60,0,159,1,0,1,160
12/23/2010,ASE,CO,ANM,WE,Combined TRACON& Tower with Radar,40,3,27,0,70,0,0,0,0,0,40,3,27,0,70,0,0,0,70
12/24/2010,ASE,CO,ANM,WE,Combined TRACON& Tower with Radar,37,17,50,0,104,0,0,6,0,6,37,17,56,0,110,11,0,11,121
12/25/2010,ASE,CO,ANM,WE,Combined TRACON& Tower with Radar,44,32,38,0,114,0,0,2,0,2,44,32,40,0,116,20,0,20,136
12/26/2010,ASE,CO,ANM,WE,Combined TRACON& Tower with Radar,57,85,156,0,298,0,0,5,0,5,57,85,161,0,303,2,0,2,305
12/27/2010,ASE,CO,ANM,WE,Combined TRACON& Tower with Radar,45,53,99,0,197,0,0,6,0,6,45,53,105,0,203,9,0,9,212
12/28/2010,ASE,CO,ANM,WE,Combined TRACON& Tower with Radar,43,53,90,0,186,0,0,12,0,12,43,53,102,0,198,9,0,9,207
12/29/2010,ASE,CO,ANM,WE,Combined TRACON& Tower with Radar,43,33,51,1,128,0,0,0,0,0,43,33,51,1,128,0,0,0,128
12/30/2010,ASE,CO,ANM,WE,Combined TRACON& Tower with Radar,37,19,50,0,106,0,0,1,0,1,37,19,51,0,107,1,0,1,108
12/31/2010,ASE,CO,ANM,WE,Combined TRACON& Tower with Radar,35,25,68,0,128,0,0,0,0,0,35,25,68,0,128,0,0,0,128
01/01/2011,ASE,CO,ANM,WE,Combined TRACON& Tower with Radar,51,93,77,0,221,0,0,1,0,1,51,93,78,0,222,2,0,2,224
01/02/2011,ASE,CO,ANM,WE,Combined TRACON& Tower with Radar,48,81,219,0,348,0,0,6,0,6,48,81,225,0,354,5,0,5,359
01/03/2011,ASE,CO,ANM,WE,Combined TRACON& Tower with Radar,48,66,103,0,217,0,0,4,0,4,48,66,107,0,221,3,0,3,224
01/04/2011,ASE,CO,ANM,WE,Combined TRACON& Tower with Radar,45,46,40,0,131,0,0,0,0,0,45,46,40,0,131,4,0,4,135
01/05/2011,ASE,CO,ANM,WE,Combined TRACON& Tower with Radar,47,19,48,0,114,0,0,4,0,4,47,19,52,0,118,3,0,3,121
01/06/2011,ASE,CO,ANM,WE,Combined TRACON& Tower with Radar,47,30,33,0,110,0,0,9,0,9,47,30,42,0,119,14,0,14,133
01/07/2011,ASE,CO,ANM,WE,Combined TRACON& Tower with Radar,45,24,34,2,105,0,0,25,0,25,45,24,59,2,130,26,0,26,156
01/08/2011,ASE,CO,ANM,WE,Combined TRACON& Tower with Radar,48,45,36,0,129,0,0,5,0,5,48,45,41,0,134,10,0,10,144
01/09/2011,ASE,CO,ANM,WE,Combined TRACON& Tower with Radar,3,0,2,0,5,0,0,0,0,0,3,0,2,0,5,0,0,0,5
01/10/2011,ASE,CO,ANM,WE,Combined TRACON& Tower with Radar,45,17,47,0,109,0,0,3,0,3,45,17,50,0,112,0,0,0,112
01/11/2011,ASE,CO,ANM,WE,Combined TRACON& Tower with Radar,42,12,32,0,86,0,0,9,0,9,42,12,41,0,95,4,0,4,99
01/12/2011,ASE,CO,ANM,WE,Combined TRACON& Tower with Radar,47,10,18,0,75,0,0,12,0,12,47,10,30,0,87,5,0,5,92
01/13/2011,ASE,CO,ANM,WE,Combined TRACON& Tower with Radar,46,19,45,0,110,0,0,6,0,6,46,19,51,0,116,2,0,2,118
01/14/2011,ASE,CO,ANM,WE,Combined TRACON& Tower with Radar,47,28,46,0,121,0,0,3,0,3,47,28,49,0,124,2,0,2,126
01/15/2011,ASE,CO,ANM,WE,Combined TRACON& Tower with Radar,49,21,31,0,101,0,1,5,0,6,49,22,36,0,107,1,0,1,108
01/16/2011,ASE,CO,ANM,WE,Combined TRACON& Tower with Radar,48,19,35,0,102,0,0,0,0,0,48,19,35,0,102,3,0,3,105
01/17/2011,ASE,CO,ANM,WE,Combined TRACON& Tower with Radar,56,7,25,0,88,0,0,0,0,0,56,7,25,0,88,0,0,0,88
01/18/2011,ASE,CO,ANM,WE,Combined TRACON& Tower with Radar,43,29,22,0,94,0,0,5,0,5,43,29,27,0,99,1,0,1,100
01/19/2011,ASE,CO,ANM,WE,Combined TRACON& Tower with Radar,28,1,4,0,33,0,0,0,0,0,28,1,4,0,33,0,0,0,33
01/20/2011,ASE,CO,ANM,WE,Combined TRACON& Tower with Radar,46,11,53,0,110,0,1,12,0,13,46,12,65,0,123,8,0,8,131
01/21/2011,ASE,CO,ANM,WE,Combined TRACON& Tower with Radar,45,31,38,0,114,0,0,7,0,7,45,31,45,0,121,3,0,3,124
01/22/2011,ASE,CO,ANM,WE,Combined TRACON& Tower with Radar,52,6,18,0,76,0,0,0,0,0,52,6,18,0,76,0,0,0,76
01/23/2011,ASE,CO,ANM,WE,Combined TRACON& Tower with Radar,49,24,60,0,133,0,0,4,0,4,49,24,64,0,137,10,0,10,147
01/24/2011,ASE,CO,ANM,WE,Combined TRACON& Tower with Radar,46,15,13,0,74,0,0,3,0,3,46,15,16,0,77,7,0,7,84
01/25/2011,ASE,CO,ANM,WE,Combined TRACON& Tower with Radar,39,8,18,0,65,0,0,2,0,2,39,8,20,0,67,10,0,10,77
01/26/2011,ASE,CO,ANM,WE,Combined TRACON& Tower with Radar,47,23,23,0,93,0,0,5,0,5,47,23,28,0,98,2,0,2,100
01/27/2011,ASE,CO,ANM,WE,Combined TRACON& Tower with Radar,46,18,42,0,106,0,0,8,2,10,46,18,50,2,116,13,0,13,129
01/28/2011,ASE,CO,ANM,WE,Combined TRACON& Tower with Radar,48,12,35,0,95,0,0,19,0,19,48,12,54,0,114,15,0,15,129
01/29/2011,ASE,CO,ANM,WE,Combined TRACON& Tower with Radar,47,18,30,2,97,0,1,7,0,8,47,19,37,2,105,25,1,26,131
01/30/2011,ASE,CO,ANM,WE,Combined TRACON& Tower with Radar,48,30,61,0,139,0,1,9,0,10,48,31,70,0,149,9,0,9,158
01/31/2011,ASE,CO,ANM,WE,Combined TRACON& Tower with Radar,38,1,15,0,54,0,0,0,0,0,38,1,15,0,54,0,0,0,54
02/01/2011,ASE,CO,ANM,WE,Combined TRACON& Tower with Radar,45,5,11,0,61,0,0,2,0,2,45,5,13,0,63,0,0,0,63
02/02/2011,ASE,CO,ANM,WE,Combined TRACON& Tower with Radar,39,19,20,2,80,0,0,4,0,4,39,19,24,2,84,14,0,14,98
02/03/2011,ASE,CO,ANM,WE,Combined TRACON& Tower with Radar,44,22,44,0,110,0,0,9,0,9,44,22,53,0,119,3,0,3,122
02/04/2011,ASE,CO,ANM,WE,Combined TRACON& Tower with Radar,45,21,31,0,97,0,0,2,0,2,45,21,33,0,99,1,0,1,100
02/05/2011,ASE,CO,ANM,WE,Combined TRACON& Tower with Radar,33,7,6,0,46,0,0,0,0,0,33,7,6,0,46,0,0,0,46
02/06/2011,ASE,CO,ANM,WE,Combined TRACON& Tower with Radar,40,1,11,0,52,0,0,0,0,0,40,1,11,0,52,0,0,0,52
02/07/2011,ASE,CO,ANM,WE,Combined TRACON& Tower with Radar,42,6,15,0,63,0,0,0,0,0,42,6,15,0,63,0,0,0,63
02/08/2011,ASE,CO,ANM,WE,Combined TRACON& Tower with Radar,6,0,0,0,6,0,0,0,0,0,6,0,0,0,6,0,0,0,6
02/09/2011,ASE,CO,ANM,WE,Combined TRACON& Tower with Radar,45,18,35,0,98,0,0,4,0,4,45,18,39,0,102,0,0,0,102
02/10/2011,ASE,CO,ANM,WE,Combined TRACON& Tower with Radar,48,25,36,0,109,0,1,4,0,5,48,26,40,0,114,1,0,1,115
02/11/2011,ASE,CO,ANM,WE,Combined TRACON& Tower with Radar,47,27,42,0,116,0,0,12,1,13,47,27,54,1,129,10,0,10,139
02/12/2011,ASE,CO,ANM,WE,Combined TRACON& Tower with Radar,49,24,41,0,114,0,0,7,2,9,49,24,48,2,123,6,0,6,129
02/13/2011,ASE,CO,ANM,WE,Combined TRACON& Tower with Radar,48,36,49,0,133,0,1,7,0,8,48,37,56,0,141,16,0,16,157
02/14/2011,ASE,CO,ANM,WE,Combined TRACON& Tower with Radar,46,24,29,0,99,0,0,7,0,7,46,24,36,0,106,11,0,11,117
02/15/2011,ASE,CO,ANM,WE,Combined TRACON& Tower with Radar,44,31,28,0,103,0,0,16,0,16,44,31,44,0,119,10,0,10,129
02/16/2011,ASE,CO,ANM,WE,Combined TRACON& Tower with Radar,44,24,25,0,93,0,0,4,0,4,44,24,29,0,97,5,0,5,102
02/17/2011,ASE,CO,ANM,WE,Combined TRACON& Tower with Radar,28,23,43,0,94,0,0,0,0,0,28,23,43,0,94,0,0,0,94
02/18/2011,ASE,CO,ANM,WE,Combined TRACON& Tower with Radar,46,63,112,0,221,0,0,3,0,3,46,63,115,0,224,9,0,9,233
02/19/2011,ASE,CO,ANM,WE,Combined TRACON& Tower with Radar,32,35,53,0,120,0,0,0,0,0,32,35,53,0,120,2,0,2,122
02/20/2011,ASE,CO,ANM,WE,Combined TRACON& Tower with Radar,42,16,35,0,93,0,0,0,0,0,42,16,35,0,93,0,0,0,93
02/21/2011,ASE,CO,ANM,WE,Combined TRACON& Tower with Radar,44,69,137,0,250,0,0,9,0,9,44,69,146,0,259,7,0,7,266
02/22/2011,ASE,CO,ANM,WE,Combined TRACON& Tower with Radar,43,44,55,0,142,0,0,14,0,14,43,44,69,0,156,10,0,10,166
02/23/2011,ASE,CO,ANM,WE,Combined TRACON& Tower with Radar,43,29,42,0,114,0,0,14,0,14,43,29,56,0,128,10,0,10,138
02/24/2011,ASE,CO,ANM,WE,Combined TRACON& Tower with Radar,48,16,34,0,98,0,0,0,0,0,48,16,34,0,98,0,0,0,98
02/25/2011,ASE,CO,ANM,WE,Combined TRACON& Tower with Radar,43,6,20,0,69,0,0,0,0,0,43,6,20,0,69,0,0,0,69
02/26/2011,ASE,CO,ANM,WE,Combined TRACON& Tower with Radar,49,24,51,0,124,0,0,5,0,5,49,24,56,0,129,0,0,0,129
02/27/2011,ASE,CO,ANM,WE,Combined TRACON& Tower with Radar,48,37,50,0,135,0,0,5,0,5,48,37,55,0,140,5,0,5,145
02/28/2011,ASE,CO,ANM,WE,Combined TRACON& Tower with Radar,46,31,23,0,100,0,0,6,0,6,46,31,29,0,106,14,0,14,120
03/01/2011,ASE,CO,ANM,WE,Combined TRACON& Tower with Radar,40,11,22,0,73,0,0,13,0,13,40,11,35,0,86,20,0,20,106
03/02/2011,ASE,CO,ANM,WE,Combined TRACON& Tower with Radar,43,29,35,0,107,0,0,7,0,7,43,29,42,0,114,11,0,11,125
03/03/2011,ASE,CO,ANM,WE,Combined TRACON& Tower with Radar,34,23,31,0,88,0,0,0,0,0,34,23,31,0,88,0,0,0,88
03/04/2011,ASE,CO,ANM,WE,Combined TRACON& Tower with Radar,48,9,35,0,92,0,0,0,0,0,48,9,35,0,92,0,0,0,92
03/05/2011,ASE,CO,ANM,WE,Combined TRACON& Tower with Radar,51,51,53,0,155,0,0,9,1,10,51,51,62,1,165,6,0,6,171
03/06/2011,ASE,CO,ANM,WE,Combined TRACON& Tower with Radar,46,38,47,0,131,0,0,1,0,1,46,38,48,0,132,0,0,0,132
03/07/2011,ASE,CO,ANM,WE,Combined TRACON& Tower with Radar,43,14,33,0,90,0,0,2,0,2,43,14,35,0,92,1,0,1,93
03/08/2011,ASE,CO,ANM,WE,Combined TRACON& Tower with Radar,44,2,12,0,58,0,0,0,0,0,44,2,12,0,58,0,0,0,58
03/09/2011,ASE,CO,ANM,WE,Combined TRACON& Tower with Radar,42,27,72,0,141,0,0,0,0,0,42,27,72,0,141,12,0,12,153
03/10/2011,ASE,CO,ANM,WE,Combined TRACON& Tower with Radar,47,38,38,0,123,0,0,7,0,7,47,38,45,0,130,16,0,16,146
03/11/2011,ASE,CO,ANM,WE,Combined TRACON& Tower with Radar,47,48,95,0,190,0,0,8,0,8,47,48,103,0,198,3,0,3,201
03/12/2011,ASE,CO,ANM,WE,Combined TRACON& Tower with Radar,50,78,125,0,253,0,0,7,0,7,50,78,132,0,260,8,0,8,268
03/13/2011,ASE,CO,ANM,WE,Combined TRACON& Tower with Radar,48,54,76,0,178,0,0,1,0,1,48,54,77,0,179,4,0,4,183
03/14/2011,ASE,CO,ANM,WE,Combined TRACON& Tower with Radar,46,23,41,0,110,0,0,9,0,9,46,23,50,0,119,29,0,29,148
03/15/2011,ASE,CO,ANM,WE,Combined TRACON& Tower with Radar,45,35,48,0,128,0,0,8,0,8,45,35,56,0,136,8,0,8,144
03/16/2011,ASE,CO,ANM,WE,Combined TRACON& Tower with Radar,41,28,57,0,126,0,0,6,0,6,41,28,63,0,132,9,0,9,141
03/17/2011,ASE,CO,ANM,WE,Combined TRACON& Tower with Radar,43,22,37,0,102,0,0,0,0,0,43,22,37,0,102,0,0,0,102
03/18/2011,ASE,CO,ANM,WE,Combined TRACON& Tower with Radar,48,67,90,0,205,0,0,8,0,8,48,67,98,0,213,5,0,5,218
03/19/2011,ASE,CO,ANM,WE,Combined TRACON& Tower with Radar,27,58,95,0,180,0,0,12,0,12,27,58,107,0,192,7,0,7,199
03/20/2011,ASE,CO,ANM,WE,Combined TRACON& Tower with Radar,48,71,103,0,222,0,0,10,0,10,48,71,113,0,232,7,0,7,239
03/21/2011,ASE,CO,ANM,WE,Combined TRACON& Tower with Radar,7,5,25,0,37,0,0,1,0,1,7,5,26,0,38,0,0,0,38
03/22/2011,ASE,CO,ANM,WE,Combined TRACON& Tower with Radar,43,9,12,0,64,0,0,0,0,0,43,9,12,0,64,0,0,0,64
03/23/2011,ASE,CO,ANM,WE,Combined TRACON& Tower with Radar,41,28,38,0,107,0,0,15,0,15,41,28,53,0,122,22,0,22,144
03/24/2011,ASE,CO,ANM,WE,Combined TRACON& Tower with Radar,51,14,46,0,111,0,0,0,0,0,51,14,46,0,111,3,0,3,114
03/25/2011,ASE,CO,ANM,WE,Combined TRACON& Tower with Radar,34,34,63,0,131,0,0,3,0,3,34,34,66,0,134,0,0,0,134
03/26/2011,ASE,CO,ANM,WE,Combined TRACON& Tower with Radar,53,65,70,0,188,0,0,5,0,5,53,65,75,0,193,3,0,3,196
03/27/2011,ASE,CO,ANM,WE,Combined TRACON& Tower with Radar,46,21,36,0,103,0,0,0,0,0,46,21,36,0,103,0,0,0,103
03/28/2011,ASE,CO,ANM,WE,Combined TRACON& Tower with Radar,14,2,5,0,21,0,0,0,0,0,14,2,5,0,21,0,0,0,21
03/29/2011,ASE,CO,ANM,WE,Combined TRACON& Tower with Radar,41,32,34,2,109,0,0,12,0,12,41,32,46,2,121,6,0,6,127
03/30/2011,ASE,CO,ANM,WE,Combined TRACON& Tower with Radar,43,17,11,0,71,0,0,1,0,1,43,17,12,0,72,12,0,12,84
03/31/2011,ASE,CO,ANM,WE,Combined TRACON& Tower with Radar,48,7,29,0,84,0,0,3,0,3,48,7,32,0,87,6,0,6,93
04/01/2011,ASE,CO,ANM,WE,Combined TRACON& Tower with Radar,47,33,31,0,111,0,0,12,0,12,47,33,43,0,123,6,0,6,129
04/02/2011,ASE,CO,ANM,WE,Combined TRACON& Tower with Radar,55,49,53,0,157,0,0,8,0,8,55,49,61,0,165,4,0,4,169
04/03/2011,ASE,CO,ANM,WE,Combined TRACON& Tower with Radar,11,7,7,0,25,0,0,0,0,0,11,7,7,0,25,0,0,0,25
04/04/2011,ASE,CO,ANM,WE,Combined TRACON& Tower with Radar,23,21,45,0,89,0,0,7,0,7,23,21,52,0,96,23,0,23,119
04/05/2011,ASE,CO,ANM,WE,Combined TRACON& Tower with Radar,24,23,22,0,69,0,0,11,0,11,24,23,33,0,80,1,0,1,81
04/06/2011,ASE,CO,ANM,WE,Combined TRACON& Tower with Radar,27,12,12,0,51,0,0,0,0,0,27,12,12,0,51,0,0,0,51
04/07/2011,ASE,CO,ANM,WE,Combined TRACON& Tower with Radar,20,9,24,0,53,0,0,2,0,2,20,9,26,0,55,3,0,3,58
04/08/2011,ASE,CO,ANM,WE,Combined TRACON& Tower with Radar,10,11,25,0,46,0,0,3,0,3,10,11,28,0,49,1,0,1,50
04/09/2011,ASE,CO,ANM,WE,Combined TRACON& Tower with Radar,16,5,15,0,36,0,0,0,0,0,16,5,15,0,36,0,0,0,36
04/10/2011,ASE,CO,ANM,WE,Combined TRACON& Tower with Radar,22,9,30,0,61,0,0,0,0,0,22,9,30,0,61,7,0,7,68
04/11/2011,ASE,CO,ANM,WE,Combined TRACON& Tower with Radar,24,20,21,2,67,0,0,7,0,7,24,20,28,2,74,5,0,5,79
04/12/2011,ASE,CO,ANM,WE,Combined TRACON& Tower with Radar,23,7,26,0,56,0,0,8,0,8,23,7,34,0,64,4,0,4,68
04/13/2011,ASE,CO,ANM,WE,Combined TRACON& Tower with Radar,25,6,19,0,50,0,0,8,0,8,25,6,27,0,58,1,0,1,59
04/14/2011,ASE,CO,ANM,WE,Combined TRACON& Tower with Radar,20,3,9,0,32,0,0,0,0,0,20,3,9,0,32,0,0,0,32
04/15/2011,ASE,CO,ANM,WE,Combined TRACON& Tower with Radar,22,10,15,0,47,0,0,6,0,6,22,10,21,0,53,6,0,6,59
04/16/2011,ASE,CO,ANM,WE,Combined TRACON& Tower with Radar,23,8,11,0,42,0,0,2,0,2,23,8,13,0,44,9,0,9,53
04/17/2011,ASE,CO,ANM,WE,Combined TRACON& Tower with Radar,20,8,9,0,37,0,0,1,0,1,20,8,10,0,38,7,0,7,45
04/18/2011,ASE,CO,ANM,WE,Combined TRACON& Tower with Radar,20,4,10,0,34,0,0,0,0,0,20,4,10,0,34,0,0,0,34
04/19/2011,ASE,CO,ANM,WE,Combined TRACON& Tower with Radar,11,1,5,0,17,0,0,0,0,0,11,1,5,0,17,0,0,0,17
04/20/2011,ASE,CO,ANM,WE,Combined TRACON& Tower with Radar,18,6,16,0,40,0,0,0,0,0,18,6,16,0,40,0,0,0,40
04/21/2011,ASE,CO,ANM,WE,Combined TRACON& Tower with Radar,16,10,13,1,40,0,0,3,1,4,16,10,16,2,44,0,0,0,44
04/22/2011,ASE,CO,ANM,WE,Combined TRACON& Tower with Radar,15,2,17,0,34,0,0,2,0,2,15,2,19,0,36,5,0,5,41
04/23/2011,ASE,CO,ANM,WE,Combined TRACON& Tower with Radar,4,0,4,0,8,0,0,0,0,0,4,0,4,0,8,0,0,0,8
04/24/2011,ASE,CO,ANM,WE,Combined TRACON& Tower with Radar,17,0,15,0,32,0,0,0,0,0,17,0,15,0,32,6,0,6,38
04/25/2011,ASE,CO,ANM,WE,Combined TRACON& Tower with Radar,11,3,10,0,24,0,0,0,0,0,11,3,10,0,24,0,0,0,24
04/26/2011,ASE,CO,ANM,WE,Combined TRACON& Tower with Radar,10,3,5,0,18,0,0,0,0,0,10,3,5,0,18,0,0,0,18
04/27/2011,ASE,CO,ANM,WE,Combined TRACON& Tower with Radar,18,3,8,0,29,0,0,1,0,1,18,3,9,0,30,4,0,4,34
04/28/2011,ASE,CO,ANM,WE,Combined TRACON& Tower with Radar,11,9,13,0,33,0,0,16,0,16,11,9,29,0,49,20,0,20,69
04/29/2011,ASE,CO,ANM,WE,Combined TRACON& Tower with Radar,8,3,9,0,20,0,0,1,0,1,8,3,10,0,21,0,0,0,21
04/30/2011,ASE,CO,ANM,WE,Combined TRACON& Tower with Radar,10,10,7,0,27,0,0,1,0,1,10,10,8,0,28,0,0,0,28
05/01/2011,ASE,CO,ANM,WE,Combined TRACON& Tower with Radar,13,5,8,0,26,0,0,0,0,0,13,5,8,0,26,0,0,0,26
05/02/2011,ASE,CO,ANM,WE,Combined TRACON& Tower with Radar,11,11,11,0,33,0,0,3,0,3,11,11,14,0,36,30,0,30,66
05/03/2011,ASE,CO,ANM,WE,Combined TRACON& Tower with Radar,11,10,19,0,40,0,0,9,0,9,11,10,28,0,49,25,0,25,74
05/04/2011,ASE,CO,ANM,WE,Combined TRACON& Tower with Radar,9,6,10,0,25,0,0,1,0,1,9,6,11,0,26,1,0,1,27
05/05/2011,ASE,CO,ANM,WE,Combined TRACON& Tower with Radar,11,4,15,0,30,0,0,15,0,15,11,4,30,0,45,9,0,9,54
05/06/2011,ASE,CO,ANM,WE,Combined TRACON& Tower with Radar,9,2,10,0,21,0,0,5,0,5,9,2,15,0,26,4,0,4,30
05/07/2011,ASE,CO,ANM,WE,Combined TRACON& Tower with Radar,12,8,4,0,24,0,0,9,0,9,12,8,13,0,33,8,0,8,41
05/08/2011,ASE,CO,ANM,WE,Combined TRACON& Tower with Radar,11,10,18,0,39,0,0,11,0,11,11,10,29,0,50,7,0,7,57
05/09/2011,ASE,CO,ANM,WE,Combined TRACON& Tower with Radar,7,2,16,0,25,0,0,1,0,1,7,2,17,0,26,0,0,0,26
05/10/2011,ASE,CO,ANM,WE,Combined TRACON& Tower with Radar,11,7,16,0,34,0,0,4,0,4,11,7,20,0,38,8,0,8,46
05/11/2011,ASE,CO,ANM,WE,Combined TRACON& Tower with Radar,2,0,0,0,2,0,0,0,0,0,2,0,0,0,2,0,0,0,2
05/12/2011,ASE,CO,ANM,WE,Combined TRACON& Tower with Radar,9,6,16,0,31,0,0,1,0,1,9,6,17,0,32,27,0,27,59
05/13/2011,ASE,CO,ANM,WE,Combined TRACON& Tower with Radar,11,13,15,0,39,0,0,12,0,12,11,13,27,0,51,14,0,14,65
05/14/2011,ASE,CO,ANM,WE,Combined TRACON& Tower with Radar,12,7,9,2,30,0,0,5,0,5,12,7,14,2,35,9,0,9,44
05/15/2011,ASE,CO,ANM,WE,Combined TRACON& Tower with Radar,11,9,26,0,46,0,0,5,0,5,11,9,31,0,51,10,0,10,61
05/16/2011,ASE,CO,ANM,WE,Combined TRACON& Tower with Radar,11,7,11,0,29,0,0,7,0,7,11,7,18,0,36,9,0,9,45
05/17/2011,ASE,CO,ANM,WE,Combined TRACON& Tower with Radar,11,6,7,0,24,0,0,2,0,2,11,6,9,0,26,5,0,5,31
05/18/2011,ASE,CO,ANM,WE,Combined TRACON& Tower with Radar,11,6,4,0,21,0,0,0,0,0,11,6,4,0,21,0,0,0,21
05/19/2011,ASE,CO,ANM,WE,Combined TRACON& Tower with Radar,11,2,4,0,17,0,0,0,0,0,11,2,4,0,17,0,0,0,17
05/20/2011,ASE,CO,ANM,WE,Combined TRACON& Tower with Radar,11,6,9,0,26,0,0,1,0,1,11,6,10,0,27,8,0,8,35
05/21/2011,ASE,CO,ANM,WE,Combined TRACON& Tower with Radar,12,2,3,0,17,0,0,0,0,0,12,2,3,0,17,0,0,0,17
05/22/2011,ASE,CO,ANM,WE,Combined TRACON& Tower with Radar,11,11,18,0,40,0,0,3,0,3,11,11,21,0,43,15,0,15,58
05/23/2011,ASE,CO,ANM,WE,Combined TRACON& Tower with Radar,9,7,14,0,30,0,0,3,0,3,9,7,17,0,33,3,0,3,36
05/24/2011,ASE,CO,ANM,WE,Combined TRACON& Tower with Radar,13,6,7,0,26,0,0,2,0,2,13,6,9,0,28,14,0,14,42
05/25/2011,ASE,CO,ANM,WE,Combined TRACON& Tower with Radar,12,10,18,0,40,0,0,7,0,7,12,10,25,0,47,4,0,4,51
05/26/2011,ASE,CO,ANM,WE,Combined TRACON& Tower with Radar,12,11,22,0,45,0,0,3,0,3,12,11,25,0,48,3,0,3,51
05/27/2011,ASE,CO,ANM,WE,Combined TRACON& Tower with Radar,14,19,25,0,58,0,0,4,0,4,14,19,29,0,62,6,1,7,69
05/28/2011,ASE,CO,ANM,WE,Combined TRACON& Tower with Radar,13,18,17,0,48,0,0,5,0,5,13,18,22,0,53,6,0,6,59
05/29/2011,ASE,CO,ANM,WE,Combined TRACON& Tower with Radar,6,5,8,0,19,0,0,2,0,2,6,5,10,0,21,2,0,2,23
05/30/2011,ASE,CO,ANM,WE,Combined TRACON& Tower with Radar,12,15,43,0,70,0,0,0,0,0,12,15,43,0,70,15,0,15,85
05/31/2011,ASE,CO,ANM,WE,Combined TRACON& Tower with Radar,12,13,24,0,49,0,0,10,0,10,12,13,34,0,59,11,0,11,70
06/01/2011,ASE,CO,ANM,WE,Combined TRACON& Tower with Radar,12,5,9,0,26,0,0,7,0,7,12,5,16,0,33,8,0,8,41
06/02/2011,ASE,CO,ANM,WE,Combined TRACON& Tower with Radar,12,6,13,0,31,0,0,6,0,6,12,6,19,0,37,7,0,7,44
06/03/2011,ASE,CO,ANM,WE,Combined TRACON& Tower with Radar,13,16,19,0,48,0,0,9,0,9,13,16,28,0,57,7,0,7,64
06/04/2011,ASE,CO,ANM,WE,Combined TRACON& Tower with Radar,13,12,18,0,43,0,0,12,2,14,13,12,30,2,57,10,0,10,67
06/05/2011,ASE,CO,ANM,WE,Combined TRACON& Tower with Radar,11,16,20,0,47,0,0,5,0,5,11,16,25,0,52,20,0,20,72
06/06/2011,ASE,CO,ANM,WE,Combined TRACON& Tower with Radar,17,16,16,0,49,0,0,3,0,3,17,16,19,0,52,7,0,7,59
06/07/2011,ASE,CO,ANM,WE,Combined TRACON& Tower with Radar,14,10,21,1,46,0,0,9,0,9,14,10,30,1,55,7,0,7,62
06/08/2011,ASE,CO,ANM,WE,Combined TRACON& Tower with Radar,16,16,15,0,47,0,0,9,0,9,16,16,24,0,56,1,0,1,57
06/09/2011,ASE,CO,ANM,WE,Combined TRACON& Tower with Radar,31,10,13,0,54,0,0,5,0,5,31,10,18,0,59,1,0,1,60
06/10/2011,ASE,CO,ANM,WE,Combined TRACON& Tower with Radar,30,25,41,0,96,0,0,15,0,15,30,25,56,0,111,30,0,30,141
06/11/2011,ASE,CO,ANM,WE,Combined TRACON& Tower with Radar,33,21,21,0,75,0,0,4,0,4,33,21,25,0,79,23,0,23,102
06/12/2011,ASE,CO,ANM,WE,Combined TRACON& Tower with Radar,33,33,32,0,98,0,0,8,0,8,33,33,40,0,106,10,1,11,117
06/13/2011,ASE,CO,ANM,WE,Combined TRACON& Tower with Radar,30,15,19,2,66,0,0,9,0,9,30,15,28,2,75,10,1,11,86
06/14/2011,ASE,CO,ANM,WE,Combined TRACON& Tower with Radar,27,14,26,0,67,0,0,10,0,10,27,14,36,0,77,14,0,14,91
06/15/2011,ASE,CO,ANM,WE,Combined TRACON& Tower with Radar,29,12,20,0,61,0,0,20,0,20,29,12,40,0,81,18,0,18,99
06/16/2011,ASE,CO,ANM,WE,Combined TRACON& Tower with Radar,30,49,58,0,137,0,0,10,0,10,30,49,68,0,147,16,2,18,165
06/17/2011,ASE,CO,ANM,WE,Combined TRACON& Tower with Radar,30,36,59,0,125,0,0,5,0,5,30,36,64,0,130,9,0,9,139
06/18/2011,ASE,CO,ANM,WE,Combined TRACON& Tower with Radar,34,31,25,0,90,0,0,5,0,5,34,31,30,0,95,31,0,31,126
06/19/2011,ASE,CO,ANM,WE,Combined TRACON& Tower with Radar,32,42,59,0,133,0,0,9,0,9,32,42,68,0,142,9,0,9,151
06/20/2011,ASE,CO,ANM,WE,Combined TRACON& Tower with Radar,35,16,33,0,84,0,0,2,0,2,35,16,35,0,86,2,0,2,88
06/21/2011,ASE,CO,ANM,WE,Combined TRACON& Tower with Radar,31,21,36,0,88,0,0,11,0,11,31,21,47,0,99,4,0,4,103
06/22/2011,ASE,CO,ANM,WE,Combined TRACON& Tower with Radar,27,19,28,0,74,0,0,18,0,18,27,19,46,0,92,16,0,16,108
06/23/2011,ASE,CO,ANM,WE,Combined TRACON& Tower with Radar,30,23,35,0,88,0,0,15,0,15,30,23,50,0,103,20,0,20,123
06/24/2011,ASE,CO,ANM,WE,Combined TRACON& Tower with Radar,31,32,49,0,112,0,0,13,0,13,31,32,62,0,125,30,0,30,155
06/25/2011,ASE,CO,ANM,WE,Combined TRACON& Tower with Radar,34,33,29,0,96,0,0,14,0,14,34,33,43,0,110,18,0,18,128
06/26/2011,ASE,CO,ANM,WE,Combined TRACON& Tower with Radar,32,30,59,0,121,0,0,9,0,9,32,30,68,0,130,21,0,21,151
06/27/2011,ASE,CO,ANM,WE,Combined TRACON& Tower with Radar,27,31,56,0,114,0,0,6,0,6,27,31,62,0,120,16,0,16,136
06/28/2011,ASE,CO,ANM,WE,Combined TRACON& Tower with Radar,27,33,54,0,114,0,1,18,0,19,27,34,72,0,133,20,0,20,153
06/29/2011,ASE,CO,ANM,WE,Combined TRACON& Tower with Radar,29,43,66,0,138,0,0,14,0,14,29,43,80,0,152,8,0,8,160
06/30/2011,ASE,CO,ANM,WE,Combined TRACON& Tower with Radar,20,58,89,0,167,0,0,9,0,9,20,58,98,0,176,7,0,7,183
07/01/2011,ASE,CO,ANM,WE,Combined TRACON& Tower with Radar,27,91,130,0,248,0,0,15,0,15,27,91,145,0,263,10,0,10,273
07/02/2011,ASE,CO,ANM,WE,Combined TRACON& Tower with Radar,34,51,70,0,155,0,0,23,0,23,34,51,93,0,178,31,0,31,209
07/03/2011,ASE,CO,ANM,WE,Combined TRACON& Tower with Radar,28,37,46,0,111,0,0,8,0,8,28,37,54,0,119,11,0,11,130
07/04/2011,ASE,CO,ANM,WE,Combined TRACON& Tower with Radar,20,25,34,0,79,0,0,4,0,4,20,25,38,0,83,13,0,13,96
07/05/2011,ASE,CO,ANM,WE,Combined TRACON& Tower with Radar,27,61,120,4,212,0,0,4,4,8,27,61,124,8,220,9,0,9,229
07/06/2011,ASE,CO,ANM,WE,Combined TRACON& Tower with Radar,27,49,72,0,148,0,0,11,0,11,27,49,83,0,159,15,0,15,174
07/07/2011,ASE,CO,ANM,WE,Combined TRACON& Tower with Radar,27,41,65,0,133,0,1,14,0,15,27,42,79,0,148,8,0,8,156
07/08/2011,ASE,CO,ANM,WE,Combined TRACON& Tower with Radar,29,36,51,0,116,0,0,4,0,4,29,36,55,0,120,7,0,7,127
07/09/2011,ASE,CO,ANM,WE,Combined TRACON& Tower with Radar,35,43,42,0,120,0,0,6,0,6,35,43,48,0,126,23,0,23,149
07/10/2011,ASE,CO,ANM,WE,Combined TRACON& Tower with Radar,33,40,69,0,142,0,0,18,0,18,33,40,87,0,160,17,0,17,177
07/11/2011,ASE,CO,ANM,WE,Combined TRACON& Tower with Radar,29,31,35,0,95,0,0,4,0,4,29,31,39,0,99,7,0,7,106
07/12/2011,ASE,CO,ANM,WE,Combined TRACON& Tower with Radar,26,28,35,0,89,0,0,9,0,9,26,28,44,0,98,10,0,10,108
07/13/2011,ASE,CO,ANM,WE,Combined TRACON& Tower with Radar,26,26,53,0,105,0,0,9,0,9,26,26,62,0,114,9,0,9,123
07/14/2011,ASE,CO,ANM,WE,Combined TRACON& Tower with Radar,27,35,49,0,111,0,0,15,0,15,27,35,64,0,126,28,0,28,154
07/15/2011,ASE,CO,ANM,WE,Combined TRACON& Tower with Radar,26,45,69,1,141,0,0,13,1,14,26,45,82,2,155,11,0,11,166
07/16/2011,ASE,CO,ANM,WE,Combined TRACON& Tower with Radar,35,49,43,0,127,0,0,8,1,9,35,49,51,1,136,28,0,28,164
07/17/2011,ASE,CO,ANM,WE,Combined TRACON& Tower with Radar,30,47,95,0,172,0,0,9,0,9,30,47,104,0,181,5,0,5,186
07/18/2011,ASE,CO,ANM,WE,Combined TRACON& Tower with Radar,23,34,64,0,121,0,0,11,0,11,23,34,75,0,132,11,0,11,143
07/19/2011,ASE,CO,ANM,WE,Combined TRACON& Tower with Radar,24,35,60,0,119,0,0,13,0,13,24,35,73,0,132,17,0,17,149
07/20/2011,ASE,CO,ANM,WE,Combined TRACON& Tower with Radar,29,47,83,0,159,0,0,14,0,14,29,47,97,0,173,11,0,11,184
07/21/2011,ASE,CO,ANM,WE,Combined TRACON& Tower with Radar,30,57,86,0,173,0,0,17,0,17,30,57,103,0,190,16,0,16,206
07/22/2011,ASE,CO,ANM,WE,Combined TRACON& Tower with Radar,27,43,60,1,131,0,0,19,1,20,27,43,79,2,151,16,0,16,167
07/23/2011,ASE,CO,ANM,WE,Combined TRACON& Tower with Radar,33,37,71,0,141,0,0,9,0,9,33,37,80,0,150,39,0,39,189
07/24/2011,ASE,CO,ANM,WE,Combined TRACON& Tower with Radar,32,62,70,0,164,0,1,18,0,19,32,63,88,0,183,42,0,42,225
07/25/2011,ASE,CO,ANM,WE,Combined TRACON& Tower with Radar,29,25,45,0,99,0,0,14,0,14,29,25,59,0,113,14,0,14,127
07/26/2011,ASE,CO,ANM,WE,Combined TRACON& Tower with Radar,29,23,63,2,117,0,0,4,0,4,29,23,67,2,121,8,0,8,129
07/27/2011,ASE,CO,ANM,WE,Combined TRACON& Tower with Radar,25,25,52,1,103,0,0,5,0,5,25,25,57,1,108,38,0,38,146
07/28/2011,ASE,CO,ANM,WE,Combined TRACON& Tower with Radar,30,40,58,1,129,0,0,11,0,11,30,40,69,1,140,26,0,26,166
07/29/2011,ASE,CO,ANM,WE,Combined TRACON& Tower with Radar,28,43,67,0,138,0,0,9,0,9,28,43,76,0,147,31,0,31,178
07/30/2011,ASE,CO,ANM,WE,Combined TRACON& Tower with Radar,35,45,67,2,149,0,0,15,0,15,35,45,82,2,164,16,0,16,180
07/31/2011,ASE,CO,ANM,WE,Combined TRACON& Tower with Radar,32,51,74,1,158,0,0,7,0,7,32,51,81,1,165,20,0,20,185
08/01/2011,ASE,CO,ANM,WE,Combined TRACON& Tower with Radar,31,28,57,0,116,0,0,8,0,8,31,28,65,0,124,17,0,17,141
08/02/2011,ASE,CO,ANM,WE,Combined TRACON& Tower with Radar,28,31,49,0,108,0,0,5,0,5,28,31,54,0,113,12,0,12,125
08/03/2011,ASE,CO,ANM,WE,Combined TRACON& Tower with Radar,31,60,58,0,149,0,1,10,0,11,31,61,68,0,160,37,0,37,197
08/04/2011,ASE,CO,ANM,WE,Combined TRACON& Tower with Radar,30,34,60,0,124,0,1,12,2,15,30,35,72,2,139,13,0,13,152
08/05/2011,ASE,CO,ANM,WE,Combined TRACON& Tower with Radar,31,52,68,1,152,0,0,12,0,12,31,52,80,1,164,30,0,30,194
08/06/2011,ASE,CO,ANM,WE,Combined TRACON& Tower with Radar,30,51,76,1,158,0,1,12,0,13,30,52,88,1,171,21,0,21,192
08/07/2011,ASE,CO,ANM,WE,Combined TRACON& Tower with Radar,32,65,69,0,166,0,1,19,0,20,32,66,88,0,186,21,0,21,207
08/08/2011,ASE,CO,ANM,WE,Combined TRACON& Tower with Radar,30,45,57,0,132,0,0,15,0,15,30,45,72,0,147,18,2,20,167
08/09/2011,ASE,CO,ANM,WE,Combined TRACON& Tower with Radar,28,33,64,0,125,0,2,10,0,12,28,35,74,0,137,18,0,18,155
08/10/2011,ASE,CO,ANM,WE,Combined TRACON& Tower with Radar,31,35,52,0,118,0,0,21,0,21,31,35,73,0,139,23,0,23,162
08/11/2011,ASE,CO,ANM,WE,Combined TRACON& Tower with Radar,30,37,55,0,122,0,0,27,0,27,30,37,82,0,149,26,0,26,175
08/12/2011,ASE,CO,ANM,WE,Combined TRACON& Tower with Radar,29,48,68,0,145,0,0,21,0,21,29,48,89,0,166,15,0,15,181
08/13/2011,ASE,CO,ANM,WE,Combined TRACON& Tower with Radar,34,25,62,0,121,0,0,9,0,9,34,25,71,0,130,37,0,37,167
08/14/2011,ASE,CO,ANM,WE,Combined TRACON& Tower with Radar,31,57,69,0,157,0,0,4,0,4,31,57,73,0,161,5,0,5,166
08/15/2011,ASE,CO,ANM,WE,Combined TRACON& Tower with Radar,29,41,65,0,135,0,0,1,0,1,29,41,66,0,136,13,0,13,149
08/16/2011,ASE,CO,ANM,WE,Combined TRACON& Tower with Radar,28,32,34,0,94,0,0,8,0,8,28,32,42,0,102,25,0,25,127
08/17/2011,ASE,CO,ANM,WE,Combined TRACON& Tower with Radar,29,35,37,0,101,0,0,10,0,10,29,35,47,0,111,17,0,17,128
08/18/2011,ASE,CO,ANM,WE,Combined TRACON& Tower with Radar,31,39,67,0,137,0,0,12,0,12,31,39,79,0,149,30,0,30,179
08/19/2011,ASE,CO,ANM,WE,Combined TRACON& Tower with Radar,31,50,52,0,133,0,0,8,2,10,31,50,60,2,143,8,0,8,151
08/20/2011,ASE,CO,ANM,WE,Combined TRACON& Tower with Radar,34,38,47,0,119,0,0,13,0,13,34,38,60,0,132,19,0,19,151
08/21/2011,ASE,CO,ANM,WE,Combined TRACON& Tower with Radar,32,54,59,0,145,0,0,12,0,12,32,54,71,0,157,24,0,24,181
08/22/2011,ASE,CO,ANM,WE,Combined TRACON& Tower with Radar,30,27,36,0,93,0,0,10,0,10,30,27,46,0,103,10,0,10,113
08/23/2011,ASE,CO,ANM,WE,Combined TRACON& Tower with Radar,29,34,41,0,104,0,0,18,0,18,29,34,59,0,122,36,0,36,158
08/24/2011,ASE,CO,ANM,WE,Combined TRACON& Tower with Radar,29,20,45,0,94,0,1,15,0,16,29,21,60,0,110,18,1,19,129
08/25/2011,ASE,CO,ANM,WE,Combined TRACON& Tower with Radar,29,33,45,0,107,0,0,12,2,14,29,33,57,2,121,8,0,8,129
08/26/2011,ASE,CO,ANM,WE,Combined TRACON& Tower with Radar,28,51,46,0,125,0,0,11,0,11,28,51,57,0,136,9,0,9,145
08/27/2011,ASE,CO,ANM,WE,Combined TRACON& Tower with Radar,35,40,44,0,119,0,0,9,1,10,35,40,53,1,129,31,0,31,160
08/28/2011,ASE,CO,ANM,WE,Combined TRACON& Tower with Radar,31,33,50,0,114,0,0,8,0,8,31,33,58,0,122,8,0,8,130
08/29/2011,ASE,CO,ANM,WE,Combined TRACON& Tower with Radar,23,34,35,0,92,0,0,5,2,7,23,34,40,2,99,7,0,7,106
08/30/2011,ASE,CO,ANM,WE,Combined TRACON& Tower with Radar,21,28,31,0,80,0,0,9,0,9,21,28,40,0,89,9,0,9,98
08/31/2011,ASE,CO,ANM,WE,Combined TRACON& Tower with Radar,20,39,55,0,114,0,0,9,0,9,20,39,64,0,123,4,0,4,127
09/01/2011,ASE,CO,ANM,WE,Combined TRACON& Tower with Radar,21,42,50,0,113,0,0,12,0,12,21,42,62,0,125,19,0,19,144
09/02/2011,ASE,CO,ANM,WE,Combined TRACON& Tower with Radar,21,58,111,0,190,0,0,17,0,17,21,58,128,0,207,24,0,24,231
09/03/2011,ASE,CO,ANM,WE,Combined TRACON& Tower with Radar,18,33,42,0,93,0,1,20,0,21,18,34,62,0,114,12,0,12,126
09/04/2011,ASE,CO,ANM,WE,Combined TRACON& Tower with Radar,21,29,35,0,85,0,0,13,0,13,21,29,48,0,98,30,0,30,128
09/05/2011,ASE,CO,ANM,WE,Combined TRACON& Tower with Radar,22,74,110,0,206,0,0,18,0,18,22,74,128,0,224,22,0,22,246
09/06/2011,ASE,CO,ANM,WE,Combined TRACON& Tower with Radar,16,27,59,0,102,0,0,0,0,0,16,27,59,0,102,15,0,15,117
09/07/2011,ASE,CO,ANM,WE,Combined TRACON& Tower with Radar,15,25,25,0,65,0,0,1,0,1,15,25,26,0,66,22,0,22,88
09/08/2011,ASE,CO,ANM,WE,Combined TRACON& Tower with Radar,18,18,28,0,64,0,0,6,0,6,18,18,34,0,70,3,0,3,73
09/09/2011,ASE,CO,ANM,WE,Combined TRACON& Tower with Radar,15,27,35,0,77,0,0,16,0,16,15,27,51,0,93,8,0,8,101
09/10/2011,ASE,CO,ANM,WE,Combined TRACON& Tower with Radar,14,19,27,0,60,0,0,15,0,15,14,19,42,0,75,22,0,22,97
09/11/2011,ASE,CO,ANM,WE,Combined TRACON& Tower with Radar,16,22,35,0,73,0,0,9,0,9,16,22,44,0,82,13,0,13,95
09/12/2011,ASE,CO,ANM,WE,Combined TRACON& Tower with Radar,16,27,27,0,70,0,0,5,0,5,16,27,32,0,75,4,0,4,79
09/13/2011,ASE,CO,ANM,WE,Combined TRACON& Tower with Radar,2,14,25,0,41,0,0,5,0,5,2,14,30,0,46,2,0,2,48
09/14/2011,ASE,CO,ANM,WE,Combined TRACON& Tower with Radar,2,11,21,0,34,0,0,2,0,2,2,11,23,0,36,6,0,6,42
09/15/2011,ASE,CO,ANM,WE,Combined TRACON& Tower with Radar,4,16,26,0,46,0,0,0,0,0,4,16,26,0,46,10,0,10,56
09/16/2011,ASE,CO,ANM,WE,Combined TRACON& Tower with Radar,13,34,46,0,93,0,0,5,0,5,13,34,51,0,98,6,0,6,104
09/17/2011,ASE,CO,ANM,WE,Combined TRACON& Tower with Radar,8,16,20,0,44,0,0,2,0,2,8,16,22,0,46,6,0,6,52
09/18/2011,ASE,CO,ANM,WE,Combined TRACON& Tower with Radar,16,35,52,0,103,0,0,18,0,18,16,35,70,0,121,7,0,7,128
09/19/2011,ASE,CO,ANM,WE,Combined TRACON& Tower with Radar,12,12,33,0,57,0,0,11,0,11,12,12,44,0,68,17,1,18,86
09/20/2011,ASE,CO,ANM,WE,Combined TRACON& Tower with Radar,14,15,20,0,49,0,0,8,0,8,14,15,28,0,57,6,0,6,63
09/21/2011,ASE,CO,ANM,WE,Combined TRACON& Tower with Radar,10,21,30,0,61,0,0,7,0,7,10,21,37,0,68,6,0,6,74
09/22/2011,ASE,CO,ANM,WE,Combined TRACON& Tower with Radar,18,51,78,0,147,0,2,25,3,30,18,53,103,3,177,36,0,36,213
09/23/2011,ASE,CO,ANM,WE,Combined TRACON& Tower with Radar,16,36,45,0,97,0,0,13,0,13,16,36,58,0,110,12,0,12,122
09/24/2011,ASE,CO,ANM,WE,Combined TRACON& Tower with Radar,15,40,50,0,105,0,0,18,0,18,15,40,68,0,123,22,0,22,145
09/25/2011,ASE,CO,ANM,WE,Combined TRACON& Tower with Radar,14,39,64,0,117,0,1,16,0,17,14,40,80,0,134,12,0,12,146
09/26/2011,ASE,CO,ANM,WE,Combined TRACON& Tower with Radar,17,24,33,0,74,0,0,10,3,13,17,24,43,3,87,21,0,21,108
09/27/2011,ASE,CO,ANM,WE,Combined TRACON& Tower with Radar,16,29,23,0,68,0,0,10,0,10,16,29,33,0,78,8,0,8,86
09/28/2011,ASE,CO,ANM,WE,Combined TRACON& Tower with Radar,16,25,12,0,53,0,1,16,0,17,16,26,28,0,70,17,0,17,87
09/29/2011,ASE,CO,ANM,WE,Combined TRACON& Tower with Radar,16,22,33,2,73,0,0,17,0,17,16,22,50,2,90,14,0,14,104
09/30/2011,ASE,CO,ANM,WE,Combined TRACON& Tower with Radar,14,20,21,0,55,0,0,9,0,9,14,20,30,0,64,13,0,13,77
10/01/2011,ASE,CO,ANM,WE,Combined TRACON& Tower with Radar,12,17,17,0,46,0,0,15,3,18,12,17,32,3,64,28,0,28,92
10/02/2011,ASE,CO,ANM,WE,Combined TRACON& Tower with Radar,13,30,35,0,78,0,0,17,0,17,13,30,52,0,95,11,0,11,106
10/03/2011,ASE,CO,ANM,WE,Combined TRACON& Tower with Radar,12,28,28,0,68,0,0,7,0,7,12,28,35,0,75,11,0,11,86
10/04/2011,ASE,CO,ANM,WE,Combined TRACON& Tower with Radar,4,13,17,0,34,0,0,8,0,8,4,13,25,0,42,4,0,4,46
10/05/2011,ASE,CO,ANM,WE,Combined TRACON& Tower with Radar,4,15,23,0,42,0,0,4,0,4,4,15,27,0,46,11,0,11,57
10/06/2011,ASE,CO,ANM,WE,Combined TRACON& Tower with Radar,2,5,10,0,17,0,0,0,0,0,2,5,10,0,17,0,0,0,17
10/07/2011,ASE,CO,ANM,WE,Combined TRACON& Tower with Radar,11,25,28,0,64,0,0,3,1,4,11,25,31,1,68,30,7,37,105
10/08/2011,ASE,CO,ANM,WE,Combined TRACON& Tower with Radar,5,4,22,0,31,0,0,2,0,2,5,4,24,0,33,7,0,7,40
10/09/2011,ASE,CO,ANM,WE,Combined TRACON& Tower with Radar,12,15,18,0,45,0,0,13,0,13,12,15,31,0,58,16,0,16,74
10/10/2011,ASE,CO,ANM,WE,Combined TRACON& Tower with Radar,13,16,24,2,55,0,0,5,0,5,13,16,29,2,60,12,0,12,72
10/11/2011,ASE,CO,ANM,WE,Combined TRACON& Tower with Radar,16,8,16,0,40,0,0,7,0,7,16,8,23,0,47,4,0,4,51
10/12/2011,ASE,CO,ANM,WE,Combined TRACON& Tower with Radar,11,15,8,0,34,0,3,9,0,12,11,18,17,0,46,9,0,9,55
10/13/2011,ASE,CO,ANM,WE,Combined TRACON& Tower with Radar,13,7,18,0,38,0,0,8,0,8,13,7,26,0,46,2,0,2,48
10/14/2011,ASE,CO,ANM,WE,Combined TRACON& Tower with Radar,9,11,16,0,36,0,0,8,0,8,9,11,24,0,44,9,0,9,53
10/15/2011,ASE,CO,ANM,WE,Combined TRACON& Tower with Radar,12,6,21,0,39,0,0,12,2,14,12,6,33,2,53,20,0,20,73
10/16/2011,ASE,CO,ANM,WE,Combined TRACON& Tower with Radar,13,18,29,2,62,0,0,6,0,6,13,18,35,2,68,13,2,15,83
10/17/2011,ASE,CO,ANM,WE,Combined TRACON& Tower with Radar,5,5,16,0,26,0,1,1,0,2,5,6,17,0,28,12,0,12,40
10/18/2011,ASE,CO,ANM,WE,Combined TRACON& Tower with Radar,14,3,8,0,25,0,0,9,0,9,14,3,17,0,34,7,0,7,41
10/19/2011,ASE,CO,ANM,WE,Combined TRACON& Tower with Radar,14,10,9,0,33,0,0,7,0,7,14,10,16,0,40,9,0,9,49
10/20/2011,ASE,CO,ANM,WE,Combined TRACON& Tower with Radar,13,8,10,0,31,0,0,12,0,12,13,8,22,0,43,1,0,1,44
10/21/2011,ASE,CO,ANM,WE,Combined TRACON& Tower with Radar,13,8,13,0,34,0,0,6,0,6,13,8,19,0,40,9,0,9,49
10/22/2011,ASE,CO,ANM,WE,Combined TRACON& Tower with Radar,16,3,12,0,31,0,0,9,0,9,16,3,21,0,40,6,0,6,46
10/23/2011,ASE,CO,ANM,WE,Combined TRACON& Tower with Radar,13,14,24,0,51,0,0,14,0,14,13,14,38,0,65,12,0,12,77
10/24/2011,ASE,CO,ANM,WE,Combined TRACON& Tower with Radar,13,12,20,0,45,0,0,7,0,7,13,12,27,0,52,4,2,6,58
10/25/2011,ASE,CO,ANM,WE,Combined TRACON& Tower with Radar,9,12,17,0,38,0,0,3,0,3,9,12,20,0,41,5,0,5,46
10/26/2011,ASE,CO,ANM,WE,Combined TRACON& Tower with Radar,1,0,1,0,2,0,0,0,0,0,1,0,1,0,2,0,0,0,2
10/27/2011,ASE,CO,ANM,WE,Combined TRACON& Tower with Radar,13,11,13,0,37,0,0,9,0,9,13,11,22,0,46,7,0,7,53
10/28/2011,ASE,CO,ANM,WE,Combined TRACON& Tower with Radar,13,7,21,0,41,0,0,10,0,10,13,7,31,0,51,12,0,12,63
10/29/2011,ASE,CO,ANM,WE,Combined TRACON& Tower with Radar,12,5,16,0,33,0,0,3,0,3,12,5,19,0,36,2,0,2,38
10/30/2011,ASE,CO,ANM,WE,Combined TRACON& Tower with Radar,13,1,19,0,33,0,0,7,0,7,13,1,26,0,40,11,0,11,51
10/31/2011,ASE,CO,ANM,WE,Combined TRACON& Tower with Radar,12,8,7,0,27,0,0,4,0,4,12,8,11,0,31,4,0,4,35
11/01/2011,ASE,CO,ANM,WE,Combined TRACON& Tower with Radar,14,10,17,0,41,0,0,10,0,10,14,10,27,0,51,9,0,9,60
11/02/2011,ASE,CO,ANM,WE,Combined TRACON& Tower with Radar,10,3,4,0,17,0,0,0,0,0,10,3,4,0,17,0,0,0,17
11/03/2011,ASE,CO,ANM,WE,Combined TRACON& Tower with Radar,11,14,8,0,33,0,0,10,0,10,11,14,18,0,43,10,0,10,53
11/04/2011,ASE,CO,ANM,WE,Combined TRACON& Tower with Radar,11,9,22,0,42,0,0,6,0,6,11,9,28,0,48,3,0,3,51
11/05/2011,ASE,CO,ANM,WE,Combined TRACON& Tower with Radar,6,2,2,0,10,0,0,0,0,0,6,2,2,0,10,0,0,0,10
11/06/2011,ASE,CO,ANM,WE,Combined TRACON& Tower with Radar,9,5,8,0,22,0,0,2,0,2,9,5,10,0,24,3,0,3,27
11/07/2011,ASE,CO,ANM,WE,Combined TRACON& Tower with Radar,11,7,4,0,22,0,0,3,0,3,11,7,7,0,25,3,0,3,28
11/08/2011,ASE,CO,ANM,WE,Combined TRACON& Tower with Radar,12,12,7,0,31,0,0,1,0,1,12,12,8,0,32,1,0,1,33
11/09/2011,ASE,CO,ANM,WE,Combined TRACON& Tower with Radar,12,8,9,0,29,0,0,13,0,13,12,8,22,0,42,28,0,28,70
11/10/2011,ASE,CO,ANM,WE,Combined TRACON& Tower with Radar,9,1,10,0,20,0,0,13,0,13,9,1,23,0,33,20,0,20,53
11/11/2011,ASE,CO,ANM,WE,Combined TRACON& Tower with Radar,11,15,22,0,48,0,0,11,0,11,11,15,33,0,59,28,0,28,87
11/12/2011,ASE,CO,ANM,WE,Combined TRACON& Tower with Radar,10,9,10,0,29,0,0,0,0,0,10,9,10,0,29,2,0,2,31
11/13/2011,ASE,CO,ANM,WE,Combined TRACON& Tower with Radar,10,4,8,0,22,0,0,0,0,0,10,4,8,0,22,2,0,2,24
11/14/2011,ASE,CO,ANM,WE,Combined TRACON& Tower with Radar,11,2,11,0,24,0,0,5,0,5,11,2,16,0,29,2,0,2,31
11/15/2011,ASE,CO,ANM,WE,Combined TRACON& Tower with Radar,11,8,16,0,35,0,0,1,0,1,11,8,17,0,36,6,0,6,42
11/16/2011,ASE,CO,ANM,WE,Combined TRACON& Tower with Radar,17,7,9,0,33,0,0,7,0,7,17,7,16,0,40,3,0,3,43
11/17/2011,ASE,CO,ANM,WE,Combined TRACON& Tower with Radar,13,12,17,0,42,0,0,11,0,11,13,12,28,0,53,21,0,21,74
11/18/2011,ASE,CO,ANM,WE,Combined TRACON& Tower with Radar,11,10,19,0,40,0,0,3,0,3,11,10,22,0,43,3,0,3,46
11/19/2011,ASE,CO,ANM,WE,Combined TRACON& Tower with Radar,11,4,5,0,20,0,0,0,0,0,11,4,5,0,20,0,0,0,20
11/20/2011,ASE,CO,ANM,WE,Combined TRACON& Tower with Radar,13,8,20,0,41,0,0,1,0,1,13,8,21,0,42,15,0,15,57
11/21/2011,ASE,CO,ANM,WE,Combined TRACON& Tower with Radar,14,7,24,0,45,0,0,0,0,0,14,7,24,0,45,0,0,0,45
11/22/2011,ASE,CO,ANM,WE,Combined TRACON& Tower with Radar,14,21,21,0,56,0,0,6,0,6,14,21,27,0,62,6,0,6,68
11/23/2011,ASE,CO,ANM,WE,Combined TRACON& Tower with Radar,13,18,59,0,90,0,0,9,0,9,13,18,68,0,99,5,0,5,104
11/24/2011,ASE,CO,ANM,WE,Combined TRACON& Tower with Radar,12,8,7,0,27,0,0,1,0,1,12,8,8,0,28,3,0,3,31
11/25/2011,ASE,CO,ANM,WE,Combined TRACON& Tower with Radar,9,15,23,0,47,0,0,1,0,1,9,15,24,0,48,8,0,8,56
11/26/2011,ASE,CO,ANM,WE,Combined TRACON& Tower with Radar,16,15,31,0,62,0,0,9,0,9,16,15,40,0,71,19,0,19,90
11/27/2011,ASE,CO,ANM,WE,Combined TRACON& Tower with Radar,17,46,78,0,141,0,0,15,0,15,17,46,93,0,156,20,0,20,176
11/28/2011,ASE,CO,ANM,WE,Combined TRACON& Tower with Radar,13,18,23,0,54,0,0,2,0,2,13,18,25,0,56,4,0,4,60
11/29/2011,ASE,CO,ANM,WE,Combined TRACON& Tower with Radar,22,14,8,2,46,0,0,8,0,8,22,14,16,2,54,13,0,13,67
11/30/2011,ASE,CO,ANM,WE,Combined TRACON& Tower with Radar,20,9,12,0,41,0,0,8,0,8,20,9,20,0,49,4,0,4,53
12/01/2011,ASE,CO,ANM,WE,Combined TRACON& Tower with Radar,21,3,4,0,28,0,0,1,0,1,21,3,5,0,29,2,0,2,31
12/02/2011,ASE,CO,ANM,WE,Combined TRACON& Tower with Radar,20,15,19,0,54,0,0,5,0,5,20,15,24,0,59,5,0,5,64
12/03/2011,ASE,CO,ANM,WE,Combined TRACON& Tower with Radar,20,1,2,0,23,0,0,0,0,0,20,1,2,0,23,0,0,0,23
12/04/2011,ASE,CO,ANM,WE,Combined TRACON& Tower with Radar,20,5,11,0,36,0,0,2,0,2,20,5,13,0,38,1,0,1,39
12/05/2011,ASE,CO,ANM,WE,Combined TRACON& Tower with Radar,21,14,15,0,50,0,0,4,0,4,21,14,19,0,54,1,0,1,55
12/06/2011,ASE,CO,ANM,WE,Combined TRACON& Tower with Radar,18,15,15,0,48,0,0,2,0,2,18,15,17,0,50,2,0,2,52
12/07/2011,ASE,CO,ANM,WE,Combined TRACON& Tower with Radar,17,8,25,0,50,0,0,5,0,5,17,8,30,0,55,5,0,5,60
12/08/2011,ASE,CO,ANM,WE,Combined TRACON& Tower with Radar,23,11,11,0,45,0,0,1,0,1,23,11,12,0,46,0,0,0,46
12/09/2011,ASE,CO,ANM,WE,Combined TRACON& Tower with Radar,21,9,19,0,49,0,0,6,0,6,21,9,25,0,55,5,0,5,60
12/10/2011,ASE,CO,ANM,WE,Combined TRACON& Tower with Radar,20,15,17,0,52,0,0,7,0,7,20,15,24,0,59,7,0,7,66
12/11/2011,ASE,CO,ANM,WE,Combined TRACON& Tower with Radar,23,21,32,0,76,0,0,7,0,7,23,21,39,0,83,18,0,18,101
12/12/2011,ASE,CO,ANM,WE,Combined TRACON& Tower with Radar,23,10,14,0,47,0,0,10,0,10,23,10,24,0,57,2,0,2,59
12/13/2011,ASE,CO,ANM,WE,Combined TRACON& Tower with Radar,15,8,15,0,38,0,0,1,0,1,15,8,16,0,39,2,0,2,41
12/14/2011,ASE,CO,ANM,WE,Combined TRACON& Tower with Radar,18,8,14,0,40,0,0,1,0,1,18,8,15,0,41,1,0,1,42
12/15/2011,ASE,CO,ANM,WE,Combined TRACON& Tower with Radar,56,16,23,0,95,0,0,12,0,12,56,16,35,0,107,12,0,12,119
12/16/2011,ASE,CO,ANM,WE,Combined TRACON& Tower with Radar,55,37,79,0,171,0,0,9,0,9,55,37,88,0,180,6,0,6,186
12/17/2011,ASE,CO,ANM,WE,Combined TRACON& Tower with Radar,58,81,85,0,224,0,0,4,0,4,58,81,89,0,228,4,0,4,232
12/18/2011,ASE,CO,ANM,WE,Combined TRACON& Tower with Radar,51,48,71,0,170,0,0,16,0,16,51,48,87,0,186,11,1,12,198
12/19/2011,ASE,CO,ANM,WE,Combined TRACON& Tower with Radar,54,38,53,0,145,0,0,3,0,3,54,38,56,0,148,3,0,3,151
12/20/2011,ASE,CO,ANM,WE,Combined TRACON& Tower with Radar,54,47,51,0,152,0,0,6,0,6,54,47,57,0,158,4,0,4,162
12/21/2011,ASE,CO,ANM,WE,Combined TRACON& Tower with Radar,56,30,69,0,155,0,0,1,0,1,56,30,70,0,156,3,0,3,159
12/22/2011,ASE,CO,ANM,WE,Combined TRACON& Tower with Radar,53,29,46,0,128,0,0,0,0,0,53,29,46,0,128,0,0,0,128
12/23/2011,ASE,CO,ANM,WE,Combined TRACON& Tower with Radar,55,50,97,0,202,0,0,5,0,5,55,50,102,0,207,2,0,2,209
12/24/2011,ASE,CO,ANM,WE,Combined TRACON& Tower with Radar,54,37,42,0,133,0,2,6,0,8,54,39,48,0,141,6,0,6,147
12/25/2011,ASE,CO,ANM,WE,Combined TRACON& Tower with Radar,47,42,38,0,127,0,0,3,0,3,47,42,41,0,130,2,0,2,132
12/26/2011,ASE,CO,ANM,WE,Combined TRACON& Tower with Radar,59,84,148,0,291,0,1,4,0,5,59,85,152,0,296,13,0,13,309
12/27/2011,ASE,CO,ANM,WE,Combined TRACON& Tower with Radar,58,53,119,0,230,0,0,6,0,6,58,53,125,0,236,8,0,8,244
12/28/2011,ASE,CO,ANM,WE,Combined TRACON& Tower with Radar,57,44,63,0,164,0,0,7,0,7,57,44,70,0,171,6,0,6,177
12/29/2011,ASE,CO,ANM,WE,Combined TRACON& Tower with Radar,57,33,53,0,143,0,1,0,0,1,57,34,53,0,144,4,0,4,148
12/30/2011,ASE,CO,ANM,WE,Combined TRACON& Tower with Radar,51,69,83,0,203,0,0,3,0,3,51,69,86,0,206,9,0,9,215
12/31/2011,ASE,CO,ANM,WE,Combined TRACON& Tower with Radar,30,31,49,0,110,0,0,2,0,2,30,31,51,0,112,6,0,6,118
01/01/2012,ASE,CO,ANM,WE,Combined TRACON& Tower with Radar,56,103,115,0,274,0,0,10,0,10,56,103,125,0,284,11,0,11,295
01/02/2012,ASE,CO,ANM,WE,Combined TRACON& Tower with Radar,58,105,157,0,320,0,0,8,0,8,58,105,165,0,328,6,0,6,334
01/03/2012,ASE,CO,ANM,WE,Combined TRACON& Tower with Radar,48,79,89,0,216,0,0,10,0,10,48,79,99,0,226,9,0,9,235
01/04/2012,ASE,CO,ANM,WE,Combined TRACON& Tower with Radar,48,33,73,0,154,0,0,9,0,9,48,33,82,0,163,18,0,18,181
01/05/2012,ASE,CO,ANM,WE,Combined TRACON& Tower with Radar,50,31,41,0,122,0,0,12,0,12,50,31,53,0,134,7,0,7,141
01/06/2012,ASE,CO,ANM,WE,Combined TRACON& Tower with Radar,48,36,41,0,125,0,0,7,0,7,48,36,48,0,132,9,0,9,141
01/07/2012,ASE,CO,ANM,WE,Combined TRACON& Tower with Radar,37,12,13,0,62,0,0,0,0,0,37,12,13,0,62,0,0,0,62
01/08/2012,ASE,CO,ANM,WE,Combined TRACON& Tower with Radar,50,30,36,0,116,0,0,7,0,7,50,30,43,0,123,2,0,2,125
01/09/2012,ASE,CO,ANM,WE,Combined TRACON& Tower with Radar,49,9,21,0,79,0,0,4,0,4,49,9,25,0,83,6,0,6,89
01/10/2012,ASE,CO,ANM,WE,Combined TRACON& Tower with Radar,49,12,39,0,100,0,0,10,0,10,49,12,49,0,110,10,1,11,121
01/11/2012,ASE,CO,ANM,WE,Combined TRACON& Tower with Radar,37,33,66,0,136,0,0,9,0,9,37,33,75,0,145,0,0,0,145
01/12/2012,ASE,CO,ANM,WE,Combined TRACON& Tower with Radar,41,14,32,0,87,0,0,5,0,5,41,14,37,0,92,4,0,4,96
01/13/2012,ASE,CO,ANM,WE,Combined TRACON& Tower with Radar,47,22,45,0,114,0,0,6,0,6,47,22,51,0,120,3,0,3,123
01/14/2012,ASE,CO,ANM,WE,Combined TRACON& Tower with Radar,53,21,27,0,101,0,0,9,0,9,53,21,36,0,110,8,0,8,118
01/15/2012,ASE,CO,ANM,WE,Combined TRACON& Tower with Radar,49,13,24,0,86,0,0,2,0,2,49,13,26,0,88,11,0,11,99
01/16/2012,ASE,CO,ANM,WE,Combined TRACON& Tower with Radar,18,1,25,0,44,0,0,0,0,0,18,1,25,0,44,0,0,0,44
01/17/2012,ASE,CO,ANM,WE,Combined TRACON& Tower with Radar,51,23,38,0,112,0,0,1,0,1,51,23,39,0,113,1,0,1,114
01/18/2012,ASE,CO,ANM,WE,Combined TRACON& Tower with Radar,50,14,35,0,99,0,0,1,0,1,50,14,36,0,100,1,0,1,101
01/19/2012,ASE,CO,ANM,WE,Combined TRACON& Tower with Radar,49,11,27,0,87,0,0,0,0,0,49,11,27,0,87,0,0,0,87
01/20/2012,ASE,CO,ANM,WE,Combined TRACON& Tower with Radar,46,22,25,0,93,0,0,2,0,2,46,22,27,0,95,4,0,4,99
01/21/2012,ASE,CO,ANM,WE,Combined TRACON& Tower with Radar,29,12,17,0,58,0,0,0,0,0,29,12,17,0,58,0,0,0,58
01/22/2012,ASE,CO,ANM,WE,Combined TRACON& Tower with Radar,47,21,30,0,98,0,0,0,0,0,47,21,30,0,98,0,0,0,98
01/23/2012,ASE,CO,ANM,WE,Combined TRACON& Tower with Radar,49,28,21,0,98,0,0,5,0,5,49,28,26,0,103,2,0,2,105
01/24/2012,ASE,CO,ANM,WE,Combined TRACON& Tower with Radar,51,8,17,0,76,0,0,0,0,0,51,8,17,0,76,3,0,3,79
01/25/2012,ASE,CO,ANM,WE,Combined TRACON& Tower with Radar,48,26,26,0,100,0,0,7,0,7,48,26,33,0,107,3,0,3,110
01/26/2012,ASE,CO,ANM,WE,Combined TRACON& Tower with Radar,42,23,36,0,101,0,0,6,0,6,42,23,42,0,107,10,0,10,117
01/27/2012,ASE,CO,ANM,WE,Combined TRACON& Tower with Radar,48,27,33,0,108,0,0,0,0,0,48,27,33,0,108,3,0,3,111
01/28/2012,ASE,CO,ANM,WE,Combined TRACON& Tower with Radar,53,26,23,0,102,0,1,16,0,17,53,27,39,0,119,12,0,12,131
01/29/2012,ASE,CO,ANM,WE,Combined TRACON& Tower with Radar,50,36,42,0,128,0,1,13,0,14,50,37,55,0,142,9,0,9,151
01/30/2012,ASE,CO,ANM,WE,Combined TRACON& Tower with Radar,49,34,41,0,124,0,0,3,0,3,49,34,44,0,127,9,0,9,136
01/31/2012,ASE,CO,ANM,WE,Combined TRACON& Tower with Radar,48,10,19,0,77,0,0,5,0,5,48,10,24,0,82,8,0,8,90
02/01/2012,ASE,CO,ANM,WE,Combined TRACON& Tower with Radar,50,23,23,0,96,0,2,6,0,8,50,25,29,0,104,9,0,9,113
02/02/2012,ASE,CO,ANM,WE,Combined TRACON& Tower with Radar,49,18,23,0,90,0,0,0,0,0,49,18,23,0,90,0,0,0,90
02/03/2012,ASE,CO,ANM,WE,Combined TRACON& Tower with Radar,37,13,22,0,72,0,0,1,0,1,37,13,23,0,73,0,0,0,73
02/04/2012,ASE,CO,ANM,WE,Combined TRACON& Tower with Radar,53,24,19,0,96,0,0,6,0,6,53,24,25,0,102,13,0,13,115
02/05/2012,ASE,CO,ANM,WE,Combined TRACON& Tower with Radar,50,23,28,0,101,0,0,2,0,2,50,23,30,0,103,2,0,2,105
02/06/2012,ASE,CO,ANM,WE,Combined TRACON& Tower with Radar,45,19,16,0,80,0,0,2,0,2,45,19,18,0,82,3,0,3,85
02/07/2012,ASE,CO,ANM,WE,Combined TRACON& Tower with Radar,48,8,19,0,75,0,0,12,0,12,48,8,31,0,87,11,0,11,98
02/08/2012,ASE,CO,ANM,WE,Combined TRACON& Tower with Radar,46,21,26,0,93,0,0,4,0,4,46,21,30,0,97,18,0,18,115
02/09/2012,ASE,CO,ANM,WE,Combined TRACON& Tower with Radar,49,25,36,2,112,0,0,1,0,1,49,25,37,2,113,0,0,0,113
02/10/2012,ASE,CO,ANM,WE,Combined TRACON& Tower with Radar,48,18,46,0,112,0,0,5,0,5,48,18,51,0,117,16,0,16,133
02/11/2012,ASE,CO,ANM,WE,Combined TRACON& Tower with Radar,52,26,39,0,117,0,0,8,0,8,52,26,47,0,125,6,0,6,131
02/12/2012,ASE,CO,ANM,WE,Combined TRACON& Tower with Radar,52,23,28,0,103,0,0,1,0,1,52,23,29,0,104,0,0,0,104
02/13/2012,ASE,CO,ANM,WE,Combined TRACON& Tower with Radar,47,4,20,0,71,0,0,0,0,0,47,4,20,0,71,0,0,0,71
02/14/2012,ASE,CO,ANM,WE,Combined TRACON& Tower with Radar,52,19,14,0,85,0,0,0,0,0,52,19,14,0,85,12,0,12,97
02/15/2012,ASE,CO,ANM,WE,Combined TRACON& Tower with Radar,48,20,22,0,90,0,0,2,0,2,48,20,24,0,92,5,0,5,97
02/16/2012,ASE,CO,ANM,WE,Combined TRACON& Tower with Radar,54,61,83,0,198,0,0,9,0,9,54,61,92,0,207,6,0,6,213
02/17/2012,ASE,CO,ANM,WE,Combined TRACON& Tower with Radar,54,81,104,1,240,0,1,9,0,10,54,82,113,1,250,3,0,3,253
02/18/2012,ASE,CO,ANM,WE,Combined TRACON& Tower with Radar,62,66,67,0,195,0,0,8,0,8,62,66,75,0,203,16,0,16,219
02/19/2012,ASE,CO,ANM,WE,Combined TRACON& Tower with Radar,57,32,31,0,120,0,0,0,0,0,57,32,31,0,120,0,0,0,120
02/20/2012,ASE,CO,ANM,WE,Combined TRACON& Tower with Radar,58,50,98,1,207,0,0,1,0,1,58,50,99,1,208,3,0,3,211
02/21/2012,ASE,CO,ANM,WE,Combined TRACON& Tower with Radar,54,43,53,0,150,0,0,1,0,1,54,43,54,0,151,4,0,4,155
02/22/2012,ASE,CO,ANM,WE,Combined TRACON& Tower with Radar,52,37,48,0,137,0,0,4,0,4,52,37,52,0,141,18,0,18,159
02/23/2012,ASE,CO,ANM,WE,Combined TRACON& Tower with Radar,51,7,33,0,91,0,0,2,0,2,51,7,35,0,93,2,0,2,95
02/24/2012,ASE,CO,ANM,WE,Combined TRACON& Tower with Radar,53,53,39,0,145,0,1,12,0,13,53,54,51,0,158,11,0,11,169
02/25/2012,ASE,CO,ANM,WE,Combined TRACON& Tower with Radar,48,52,57,0,157,0,0,2,0,2,48,52,59,0,159,2,0,2,161
02/26/2012,ASE,CO,ANM,WE,Combined TRACON& Tower with Radar,59,51,90,0,200,0,0,10,0,10,59,51,100,0,210,7,0,7,217
02/27/2012,ASE,CO,ANM,WE,Combined TRACON& Tower with Radar,54,13,25,0,92,0,0,3,0,3,54,13,28,0,95,4,0,4,99
02/28/2012,ASE,CO,ANM,WE,Combined TRACON& Tower with Radar,30,3,4,0,37,0,0,0,0,0,30,3,4,0,37,0,0,0,37
02/29/2012,ASE,CO,ANM,WE,Combined TRACON& Tower with Radar,56,35,40,0,131,0,0,4,0,4,56,35,44,0,135,9,0,9,144
03/01/2012,ASE,CO,ANM,WE,Combined TRACON& Tower with Radar,33,3,7,0,43,0,0,0,0,0,33,3,7,0,43,0,0,0,43
03/02/2012,ASE,CO,ANM,WE,Combined TRACON& Tower with Radar,52,15,25,0,92,0,0,0,0,0,52,15,25,0,92,0,0,0,92
03/03/2012,ASE,CO,ANM,WE,Combined TRACON& Tower with Radar,55,48,61,0,164,0,0,3,0,3,55,48,64,0,167,11,0,11,178
03/04/2012,ASE,CO,ANM,WE,Combined TRACON& Tower with Radar,54,44,54,0,152,0,0,13,0,13,54,44,67,0,165,12,0,12,177
03/05/2012,ASE,CO,ANM,WE,Combined TRACON& Tower with Radar,53,14,31,0,98,0,0,13,0,13,53,14,44,0,111,21,0,21,132
03/06/2012,ASE,CO,ANM,WE,Combined TRACON& Tower with Radar,55,14,23,0,92,0,0,4,1,5,55,14,27,1,97,6,0,6,103
03/07/2012,ASE,CO,ANM,WE,Combined TRACON& Tower with Radar,52,16,29,0,97,0,0,0,0,0,52,16,29,0,97,0,0,0,97
03/08/2012,ASE,CO,ANM,WE,Combined TRACON& Tower with Radar,54,34,33,0,121,0,0,7,0,7,54,34,40,0,128,1,0,1,129
03/09/2012,ASE,CO,ANM,WE,Combined TRACON& Tower with Radar,53,37,68,0,158,0,0,6,0,6,53,37,74,0,164,7,0,7,171
03/10/2012,ASE,CO,ANM,WE,Combined TRACON& Tower with Radar,67,46,90,0,203,0,0,21,0,21,67,46,111,0,224,16,0,16,240
03/11/2012,ASE,CO,ANM,WE,Combined TRACON& Tower with Radar,58,49,63,0,170,0,0,16,0,16,58,49,79,0,186,22,0,22,208
03/12/2012,ASE,CO,ANM,WE,Combined TRACON& Tower with Radar,54,33,44,0,131,0,1,7,0,8,54,34,51,0,139,15,0,15,154
03/13/2012,ASE,CO,ANM,WE,Combined TRACON& Tower with Radar,53,18,34,0,105,0,0,6,0,6,53,18,40,0,111,10,0,10,121
03/14/2012,ASE,CO,ANM,WE,Combined TRACON& Tower with Radar,51,21,66,0,138,0,0,7,0,7,51,21,73,0,145,6,0,6,151
03/15/2012,ASE,CO,ANM,WE,Combined TRACON& Tower with Radar,54,25,43,0,122,0,0,9,0,9,54,25,52,0,131,7,0,7,138
03/16/2012,ASE,CO,ANM,WE,Combined TRACON& Tower with Radar,55,53,73,0,181,0,1,10,0,11,55,54,83,0,192,6,0,6,198
03/17/2012,ASE,CO,ANM,WE,Combined TRACON& Tower with Radar,62,74,97,0,233,0,0,9,0,9,62,74,106,0,242,7,0,7,249
03/18/2012,ASE,CO,ANM,WE,Combined TRACON& Tower with Radar,30,23,56,0,109,0,0,2,0,2,30,23,58,0,111,0,0,0,111
03/19/2012,ASE,CO,ANM,WE,Combined TRACON& Tower with Radar,51,18,24,0,93,0,0,3,0,3,51,18,27,0,96,7,0,7,103
03/20/2012,ASE,CO,ANM,WE,Combined TRACON& Tower with Radar,53,22,39,0,114,0,0,11,0,11,53,22,50,0,125,21,0,21,146
03/21/2012,ASE,CO,ANM,WE,Combined TRACON& Tower with Radar,51,32,39,0,122,0,0,8,0,8,51,32,47,0,130,7,0,7,137
03/22/2012,ASE,CO,ANM,WE,Combined TRACON& Tower with Radar,53,26,47,0,126,0,0,10,0,10,53,26,57,0,136,16,0,16,152
03/23/2012,ASE,CO,ANM,WE,Combined TRACON& Tower with Radar,52,50,50,0,152,0,0,17,0,17,52,50,67,0,169,19,0,19,188
03/24/2012,ASE,CO,ANM,WE,Combined TRACON& Tower with Radar,64,55,72,0,191,0,0,12,0,12,64,55,84,0,203,9,0,9,212
03/25/2012,ASE,CO,ANM,WE,Combined TRACON& Tower with Radar,58,42,47,0,147,0,0,5,0,5,58,42,52,0,152,6,0,6,158
03/26/2012,ASE,CO,ANM,WE,Combined TRACON& Tower with Radar,29,9,21,0,59,0,0,2,0,2,29,9,23,0,61,5,0,5,66
03/27/2012,ASE,CO,ANM,WE,Combined TRACON& Tower with Radar,52,25,21,0,98,0,0,4,0,4,52,25,25,0,102,4,0,4,106
03/28/2012,ASE,CO,ANM,WE,Combined TRACON& Tower with Radar,53,23,29,0,105,0,1,9,0,10,53,24,38,0,115,3,0,3,118
03/29/2012,ASE,CO,ANM,WE,Combined TRACON& Tower with Radar,53,26,37,2,118,0,0,8,0,8,53,26,45,2,126,12,0,12,138
03/30/2012,ASE,CO,ANM,WE,Combined TRACON& Tower with Radar,49,44,38,0,131,0,0,8,0,8,49,44,46,0,139,10,0,10,149
03/31/2012,ASE,CO,ANM,WE,Combined TRACON& Tower with Radar,63,48,44,0,155,0,0,2,0,2,63,48,46,0,157,18,0,18,175
04/01/2012,ASE,CO,ANM,WE,Combined TRACON& Tower with Radar,27,23,36,0,86,0,0,2,0,2,27,23,38,0,88,0,0,0,88
04/02/2012,ASE,CO,ANM,WE,Combined TRACON& Tower with Radar,33,6,21,0,60,0,0,0,0,0,33,6,21,0,60,10,0,10,70
04/03/2012,ASE,CO,ANM,WE,Combined TRACON& Tower with Radar,22,12,18,0,52,0,0,2,0,2,22,12,20,0,54,18,0,18,72
04/04/2012,ASE,CO,ANM,WE,Combined TRACON& Tower with Radar,26,15,15,0,56,0,0,11,0,11,26,15,26,0,67,10,0,10,77
04/05/2012,ASE,CO,ANM,WE,Combined TRACON& Tower with Radar,23,21,23,0,67,0,0,5,0,5,23,21,28,0,72,1,0,1,73
04/06/2012,ASE,CO,ANM,WE,Combined TRACON& Tower with Radar,11,10,9,0,30,0,1,2,0,3,11,11,11,0,33,2,0,2,35
04/07/2012,ASE,CO,ANM,WE,Combined TRACON& Tower with Radar,22,22,25,0,69,0,0,9,0,9,22,22,34,0,78,21,0,21,99
04/08/2012,ASE,CO,ANM,WE,Combined TRACON& Tower with Radar,25,31,15,0,71,0,1,4,0,5,25,32,19,0,76,9,0,9,85
04/09/2012,ASE,CO,ANM,WE,Combined TRACON& Tower with Radar,23,16,25,0,64,0,1,3,0,4,23,17,28,0,68,2,0,2,70
04/10/2012,ASE,CO,ANM,WE,Combined TRACON& Tower with Radar,22,25,12,0,59,0,0,7,0,7,22,25,19,0,66,7,0,7,73
04/11/2012,ASE,CO,ANM,WE,Combined TRACON& Tower with Radar,22,3,9,0,34,0,0,2,0,2,22,3,11,0,36,1,0,1,37
04/12/2012,ASE,CO,ANM,WE,Combined TRACON& Tower with Radar,22,2,12,0,36,0,0,0,0,0,22,2,12,0,36,6,0,6,42
04/13/2012,ASE,CO,ANM,WE,Combined TRACON& Tower with Radar,20,17,13,0,50,0,0,1,0,1,20,17,14,0,51,2,0,2,53
04/14/2012,ASE,CO,ANM,WE,Combined TRACON& Tower with Radar,18,8,4,0,30,0,0,1,0,1,18,8,5,0,31,2,0,2,33
04/15/2012,ASE,CO,ANM,WE,Combined TRACON& Tower with Radar,14,6,10,0,30,0,0,1,0,1,14,6,11,0,31,1,0,1,32
04/16/2012,ASE,CO,ANM,WE,Combined TRACON& Tower with Radar,16,12,12,0,40,0,0,0,0,0,16,12,12,0,40,1,0,1,41
04/17/2012,ASE,CO,ANM,WE,Combined TRACON& Tower with Radar,14,0,6,0,20,0,0,7,0,7,14,0,13,0,27,6,0,6,33
04/18/2012,ASE,CO,ANM,WE,Combined TRACON& Tower with Radar,14,10,15,0,39,0,1,4,0,5,14,11,19,0,44,6,0,6,50
04/19/2012,ASE,CO,ANM,WE,Combined TRACON& Tower with Radar,15,8,9,0,32,0,0,0,0,0,15,8,9,0,32,0,0,0,32
04/20/2012,ASE,CO,ANM,WE,Combined TRACON& Tower with Radar,15,0,14,0,29,0,0,11,0,11,15,0,25,0,40,16,0,16,56
04/21/2012,ASE,CO,ANM,WE,Combined TRACON& Tower with Radar,14,7,10,0,31,0,0,12,0,12,14,7,22,0,43,12,0,12,55
04/22/2012,ASE,CO,ANM,WE,Combined TRACON& Tower with Radar,15,4,12,0,31,0,0,9,0,9,15,4,21,0,40,15,0,15,55
04/23/2012,ASE,CO,ANM,WE,Combined TRACON& Tower with Radar,15,6,17,0,38,0,0,15,0,15,15,6,32,0,53,19,0,19,72
04/24/2012,ASE,CO,ANM,WE,Combined TRACON& Tower with Radar,14,7,8,0,29,0,0,4,0,4,14,7,12,0,33,5,0,5,38
04/25/2012,ASE,CO,ANM,WE,Combined TRACON& Tower with Radar,14,6,10,0,30,0,0,3,0,3,14,6,13,0,33,8,0,8,41
04/26/2012,ASE,CO,ANM,WE,Combined TRACON& Tower with Radar,14,3,7,0,24,0,0,2,0,2,14,3,9,0,26,0,0,0,26
04/27/2012,ASE,CO,ANM,WE,Combined TRACON& Tower with Radar,13,6,13,0,32,0,0,3,0,3,13,6,16,0,35,9,0,9,44
04/28/2012,ASE,CO,ANM,WE,Combined TRACON& Tower with Radar,12,6,18,0,36,0,0,6,0,6,12,6,24,0,42,7,0,7,49
04/29/2012,ASE,CO,ANM,WE,Combined TRACON& Tower with Radar,14,11,19,0,44,0,0,5,0,5,14,11,24,0,49,10,0,10,59
04/30/2012,ASE,CO,ANM,WE,Combined TRACON& Tower with Radar,14,2,7,0,23,0,0,6,0,6,14,2,13,0,29,9,0,9,38
05/01/2012,ASE,CO,ANM,WE,Combined TRACON& Tower with Radar,8,5,6,0,19,0,0,3,0,3,8,5,9,0,22,3,0,3,25
05/02/2012,ASE,CO,ANM,WE,Combined TRACON& Tower with Radar,8,9,9,0,26,0,0,5,0,5,8,9,14,0,31,13,0,13,44
05/03/2012,ASE,CO,ANM,WE,Combined TRACON& Tower with Radar,9,10,14,0,33,0,0,19,2,21,9,10,33,2,54,8,0,8,62
05/04/2012,ASE,CO,ANM,WE,Combined TRACON& Tower with Radar,9,6,13,1,29,0,0,23,0,23,9,6,36,1,52,14,0,14,66
05/05/2012,ASE,CO,ANM,WE,Combined TRACON& Tower with Radar,10,6,4,0,20,0,0,5,0,5,10,6,9,0,25,6,0,6,31
05/06/2012,ASE,CO,ANM,WE,Combined TRACON& Tower with Radar,6,11,11,0,28,0,0,4,0,4,6,11,15,0,32,5,0,5,37
05/07/2012,ASE,CO,ANM,WE,Combined TRACON& Tower with Radar,9,6,4,0,19,0,0,1,0,1,9,6,5,0,20,1,0,1,21
05/08/2012,ASE,CO,ANM,WE,Combined TRACON& Tower with Radar,8,12,6,0,26,0,0,3,0,3,8,12,9,0,29,10,0,10,39
05/09/2012,ASE,CO,ANM,WE,Combined TRACON& Tower with Radar,8,7,9,0,24,0,0,7,0,7,8,7,16,0,31,2,0,2,33
05/10/2012,ASE,CO,ANM,WE,Combined TRACON& Tower with Radar,9,12,10,0,31,0,0,7,0,7,9,12,17,0,38,13,0,13,51
05/11/2012,ASE,CO,ANM,WE,Combined TRACON& Tower with Radar,9,7,10,0,26,0,0,2,0,2,9,7,12,0,28,1,0,1,29
05/12/2012,ASE,CO,ANM,WE,Combined TRACON& Tower with Radar,10,9,10,0,29,0,0,8,0,8,10,9,18,0,37,12,0,12,49
05/13/2012,ASE,CO,ANM,WE,Combined TRACON& Tower with Radar,9,3,12,0,24,0,0,2,0,2,9,3,14,0,26,16,0,16,42
05/14/2012,ASE,CO,ANM,WE,Combined TRACON& Tower with Radar,9,6,14,0,29,0,0,9,0,9,9,6,23,0,38,2,0,2,40
05/15/2012,ASE,CO,ANM,WE,Combined TRACON& Tower with Radar,8,6,3,0,17,0,0,8,0,8,8,6,11,0,25,3,0,3,28
05/16/2012,ASE,CO,ANM,WE,Combined TRACON& Tower with Radar,7,4,14,0,25,0,0,1,0,1,7,4,15,0,26,16,0,16,42
05/17/2012,ASE,CO,ANM,WE,Combined TRACON& Tower with Radar,9,1,12,0,22,0,0,5,0,5,9,1,17,0,27,5,2,7,34
05/18/2012,ASE,CO,ANM,WE,Combined TRACON& Tower with Radar,9,6,14,0,29,0,0,1,0,1,9,6,15,0,30,3,0,3,33
05/19/2012,ASE,CO,ANM,WE,Combined TRACON& Tower with Radar,10,5,7,0,22,0,0,0,0,0,10,5,7,0,22,14,0,14,36
05/20/2012,ASE,CO,ANM,WE,Combined TRACON& Tower with Radar,9,4,15,0,28,0,0,8,0,8,9,4,23,0,36,10,0,10,46
05/21/2012,ASE,CO,ANM,WE,Combined TRACON& Tower with Radar,9,4,16,0,29,0,0,8,1,9,9,4,24,1,38,10,0,10,48
05/22/2012,ASE,CO,ANM,WE,Combined TRACON& Tower with Radar,8,4,6,0,18,0,0,11,0,11,8,4,17,0,29,10,0,10,39
05/23/2012,ASE,CO,ANM,WE,Combined TRACON& Tower with Radar,8,5,14,0,27,0,0,1,0,1,8,5,15,0,28,14,0,14,42
05/24/2012,ASE,CO,ANM,WE,Combined TRACON& Tower with Radar,9,11,24,0,44,0,0,4,0,4,9,11,28,0,48,0,0,0,48
05/25/2012,ASE,CO,ANM,WE,Combined TRACON& Tower with Radar,5,13,18,0,36,0,0,4,0,4,5,13,22,0,40,4,0,4,44
05/26/2012,ASE,CO,ANM,WE,Combined TRACON& Tower with Radar,3,6,9,0,18,0,0,0,0,0,3,6,9,0,18,0,0,0,18
05/27/2012,ASE,CO,ANM,WE,Combined TRACON& Tower with Radar,7,7,9,0,23,0,0,4,0,4,7,7,13,0,27,2,0,2,29
05/28/2012,ASE,CO,ANM,WE,Combined TRACON& Tower with Radar,9,22,26,0,57,0,0,13,0,13,9,22,39,0,70,23,0,23,93
05/29/2012,ASE,CO,ANM,WE,Combined TRACON& Tower with Radar,9,11,17,0,37,0,0,11,0,11,9,11,28,0,48,10,0,10,58
05/30/2012,ASE,CO,ANM,WE,Combined TRACON& Tower with Radar,12,5,9,0,26,0,0,7,0,7,12,5,16,0,33,15,0,15,48
05/31/2012,ASE,CO,ANM,WE,Combined TRACON& Tower with Radar,12,6,13,0,31,0,0,6,0,6,12,6,19,0,37,6,0,6,43
06/01/2012,ASE,CO,ANM,WE,Combined TRACON& Tower with Radar,12,13,19,0,44,0,0,9,0,9,12,13,28,0,53,10,0,10,63
06/02/2012,ASE,CO,ANM,WE,Combined TRACON& Tower with Radar,10,10,14,0,34,0,0,9,0,9,10,10,23,0,43,6,0,6,49
06/03/2012,ASE,CO,ANM,WE,Combined TRACON& Tower with Radar,8,12,27,0,47,0,0,6,0,6,8,12,33,0,53,13,0,13,66
06/04/2012,ASE,CO,ANM,WE,Combined TRACON& Tower with Radar,9,10,21,0,40,0,0,5,0,5,9,10,26,0,45,19,0,19,64
06/05/2012,ASE,CO,ANM,WE,Combined TRACON& Tower with Radar,8,5,11,0,24,0,0,3,0,3,8,5,14,0,27,4,0,4,31
06/06/2012,ASE,CO,ANM,WE,Combined TRACON& Tower with Radar,7,28,16,1,52,0,0,7,0,7,7,28,23,1,59,7,0,7,66
06/07/2012,ASE,CO,ANM,WE,Combined TRACON& Tower with Radar,11,10,20,0,41,0,0,9,0,9,11,10,29,0,50,21,0,21,71
06/08/2012,ASE,CO,ANM,WE,Combined TRACON& Tower with Radar,25,22,26,0,73,0,0,6,0,6,25,22,32,0,79,16,0,16,95
06/09/2012,ASE,CO,ANM,WE,Combined TRACON& Tower with Radar,23,14,31,2,70,0,0,6,1,7,23,14,37,3,77,10,0,10,87
06/10/2012,ASE,CO,ANM,WE,Combined TRACON& Tower with Radar,30,14,28,0,72,0,0,11,0,11,30,14,39,0,83,30,0,30,113
06/11/2012,ASE,CO,ANM,WE,Combined TRACON& Tower with Radar,24,13,21,0,58,0,0,9,0,9,24,13,30,0,67,26,0,26,93
06/12/2012,ASE,CO,ANM,WE,Combined TRACON& Tower with Radar,23,17,22,0,62,0,0,10,0,10,23,17,32,0,72,14,0,14,86
06/13/2012,ASE,CO,ANM,WE,Combined TRACON& Tower with Radar,22,21,26,0,69,0,0,11,0,11,22,21,37,0,80,8,1,9,89
06/14/2012,ASE,CO,ANM,WE,Combined TRACON& Tower with Radar,28,47,75,0,150,0,0,15,0,15,28,47,90,0,165,25,0,25,190
06/15/2012,ASE,CO,ANM,WE,Combined TRACON& Tower with Radar,27,32,41,0,100,0,0,7,0,7,27,32,48,0,107,9,0,9,116
06/16/2012,ASE,CO,ANM,WE,Combined TRACON& Tower with Radar,30,37,42,0,109,0,0,6,0,6,30,37,48,0,115,11,0,11,126
06/17/2012,ASE,CO,ANM,WE,Combined TRACON& Tower with Radar,26,30,64,0,120,0,0,13,2,15,26,30,77,2,135,9,0,9,144
06/18/2012,ASE,CO,ANM,WE,Combined TRACON& Tower with Radar,31,26,36,0,93,0,0,4,0,4,31,26,40,0,97,9,0,9,106
06/19/2012,ASE,CO,ANM,WE,Combined TRACON& Tower with Radar,27,17,21,0,65,0,0,8,0,8,27,17,29,0,73,7,0,7,80
06/20/2012,ASE,CO,ANM,WE,Combined TRACON& Tower with Radar,26,22,42,0,90,0,0,17,1,18,26,22,59,1,108,7,0,7,115
06/21/2012,ASE,CO,ANM,WE,Combined TRACON& Tower with Radar,30,27,35,0,92,0,0,10,2,12,30,27,45,2,104,18,2,20,124
06/22/2012,ASE,CO,ANM,WE,Combined TRACON& Tower with Radar,26,25,48,0,99,0,0,10,1,11,26,25,58,1,110,9,0,9,119
06/23/2012,ASE,CO,ANM,WE,Combined TRACON& Tower with Radar,28,29,39,0,96,0,0,9,0,9,28,29,48,0,105,12,0,12,117
06/24/2012,ASE,CO,ANM,WE,Combined TRACON& Tower with Radar,29,36,56,0,121,0,0,9,0,9,29,36,65,0,130,17,3,20,150
06/25/2012,ASE,CO,ANM,WE,Combined TRACON& Tower with Radar,30,26,46,0,102,0,0,11,1,12,30,26,57,1,114,7,0,7,121
06/26/2012,ASE,CO,ANM,WE,Combined TRACON& Tower with Radar,28,37,30,0,95,0,0,7,0,7,28,37,37,0,102,8,0,8,110
06/27/2012,ASE,CO,ANM,WE,Combined TRACON& Tower with Radar,26,45,71,0,142,0,0,8,0,8,26,45,79,0,150,6,0,6,156
06/28/2012,ASE,CO,ANM,WE,Combined TRACON& Tower with Radar,28,59,79,0,166,0,0,5,0,5,28,59,84,0,171,14,0,14,185
06/29/2012,ASE,CO,ANM,WE,Combined TRACON& Tower with Radar,27,47,96,0,170,0,0,11,0,11,27,47,107,0,181,8,0,8,189
06/30/2012,ASE,CO,ANM,WE,Combined TRACON& Tower with Radar,28,48,80,0,156,0,0,18,0,18,28,48,98,0,174,9,0,9,183
07/01/2012,ASE,CO,ANM,WE,Combined TRACON& Tower with Radar,32,62,85,0,179,0,0,18,0,18,32,62,103,0,197,23,0,23,220
07/02/2012,ASE,CO,ANM,WE,Combined TRACON& Tower with Radar,26,44,54,0,124,0,0,9,0,9,26,44,63,0,133,13,0,13,146
07/03/2012,ASE,CO,ANM,WE,Combined TRACON& Tower with Radar,24,45,81,0,150,0,0,13,0,13,24,45,94,0,163,17,0,17,180
07/04/2012,ASE,CO,ANM,WE,Combined TRACON& Tower with Radar,24,24,18,0,66,0,0,5,0,5,24,24,23,0,71,25,0,25,96
07/05/2012,ASE,CO,ANM,WE,Combined TRACON& Tower with Radar,25,38,46,0,109,0,0,7,0,7,25,38,53,0,116,16,0,16,132
07/06/2012,ASE,CO,ANM,WE,Combined TRACON& Tower with Radar,29,42,50,0,121,0,0,6,0,6,29,42,56,0,127,17,0,17,144
07/07/2012,ASE,CO,ANM,WE,Combined TRACON& Tower with Radar,31,54,78,0,163,0,0,3,0,3,31,54,81,0,166,6,0,6,172
07/08/2012,ASE,CO,ANM,WE,Combined TRACON& Tower with Radar,30,69,113,0,212,0,0,12,0,12,30,69,125,0,224,17,0,17,241
07/09/2012,ASE,CO,ANM,WE,Combined TRACON& Tower with Radar,27,32,52,0,111,0,0,11,0,11,27,32,63,0,122,34,0,34,156
07/10/2012,ASE,CO,ANM,WE,Combined TRACON& Tower with Radar,28,36,42,0,106,0,0,8,0,8,28,36,50,0,114,30,0,30,144
07/11/2012,ASE,CO,ANM,WE,Combined TRACON& Tower with Radar,23,26,30,0,79,0,1,20,0,21,23,27,50,0,100,10,0,10,110
07/12/2012,ASE,CO,ANM,WE,Combined TRACON& Tower with Radar,28,40,39,0,107,0,1,11,0,12,28,41,50,0,119,11,0,11,130
07/13/2012,ASE,CO,ANM,WE,Combined TRACON& Tower with Radar,27,30,48,0,105,0,0,13,0,13,27,30,61,0,118,8,0,8,126
07/14/2012,ASE,CO,ANM,WE,Combined TRACON& Tower with Radar,32,42,34,0,108,0,1,6,0,7,32,43,40,0,115,10,0,10,125
07/15/2012,ASE,CO,ANM,WE,Combined TRACON& Tower with Radar,30,77,66,0,173,0,0,13,0,13,30,77,79,0,186,30,0,30,216
07/16/2012,ASE,CO,ANM,WE,Combined TRACON& Tower with Radar,27,38,40,0,105,0,0,3,0,3,27,38,43,0,108,33,0,33,141
07/17/2012,ASE,CO,ANM,WE,Combined TRACON& Tower with Radar,26,40,64,0,130,0,1,9,0,10,26,41,73,0,140,23,0,23,163
07/18/2012,ASE,CO,ANM,WE,Combined TRACON& Tower with Radar,29,44,67,0,140,0,0,16,0,16,29,44,83,0,156,18,0,18,174
07/19/2012,ASE,CO,ANM,WE,Combined TRACON& Tower with Radar,26,41,63,0,130,0,1,14,0,15,26,42,77,0,145,33,0,33,178
07/20/2012,ASE,CO,ANM,WE,Combined TRACON& Tower with Radar,27,43,62,0,132,0,0,10,0,10,27,43,72,0,142,9,0,9,151
07/21/2012,ASE,CO,ANM,WE,Combined TRACON& Tower with Radar,32,22,40,0,94,0,1,13,0,14,32,23,53,0,108,23,0,23,131
07/22/2012,ASE,CO,ANM,WE,Combined TRACON& Tower with Radar,26,59,75,0,160,0,0,13,0,13,26,59,88,0,173,14,0,14,187
07/23/2012,ASE,CO,ANM,WE,Combined TRACON& Tower with Radar,27,32,43,0,102,0,0,10,0,10,27,32,53,0,112,30,0,30,142
07/24/2012,ASE,CO,ANM,WE,Combined TRACON& Tower with Radar,23,32,46,0,101,0,0,14,0,14,23,32,60,0,115,17,0,17,132
07/25/2012,ASE,CO,ANM,WE,Combined TRACON& Tower with Radar,28,37,54,2,121,0,0,13,0,13,28,37,67,2,134,6,0,6,140
07/26/2012,ASE,CO,ANM,WE,Combined TRACON& Tower with Radar,28,45,60,1,134,0,0,9,0,9,28,45,69,1,143,14,0,14,157
07/27/2012,ASE,CO,ANM,WE,Combined TRACON& Tower with Radar,26,61,72,1,160,0,0,11,0,11,26,61,83,1,171,21,0,21,192
07/28/2012,ASE,CO,ANM,WE,Combined TRACON& Tower with Radar,30,52,55,0,137,0,0,5,0,5,30,52,60,0,142,22,0,22,164
07/29/2012,ASE,CO,ANM,WE,Combined TRACON& Tower with Radar,28,60,65,0,153,0,0,10,0,10,28,60,75,0,163,7,0,7,170
07/30/2012,ASE,CO,ANM,WE,Combined TRACON& Tower with Radar,27,40,53,0,120,0,0,13,0,13,27,40,66,0,133,13,0,13,146
07/31/2012,ASE,CO,ANM,WE,Combined TRACON& Tower with Radar,26,33,65,0,124,0,0,10,0,10,26,33,75,0,134,11,0,11,145
08/01/2012,ASE,CO,ANM,WE,Combined TRACON& Tower with Radar,30,61,95,0,186,0,0,12,0,12,30,61,107,0,198,15,0,15,213
08/02/2012,ASE,CO,ANM,WE,Combined TRACON& Tower with Radar,27,47,63,0,137,0,1,9,0,10,27,48,72,0,147,16,0,16,163
08/03/2012,ASE,CO,ANM,WE,Combined TRACON& Tower with Radar,27,64,86,0,177,0,0,10,0,10,27,64,96,0,187,12,0,12,199
08/04/2012,ASE,CO,ANM,WE,Combined TRACON& Tower with Radar,32,51,52,0,135,0,0,6,0,6,32,51,58,0,141,10,0,10,151
08/05/2012,ASE,CO,ANM,WE,Combined TRACON& Tower with Radar,28,62,80,0,170,0,1,19,0,20,28,63,99,0,190,16,0,16,206
08/06/2012,ASE,CO,ANM,WE,Combined TRACON& Tower with Radar,27,24,49,0,100,0,0,13,1,14,27,24,62,1,114,7,0,7,121
08/07/2012,ASE,CO,ANM,WE,Combined TRACON& Tower with Radar,28,48,42,0,118,0,0,9,0,9,28,48,51,0,127,13,0,13,140
08/08/2012,ASE,CO,ANM,WE,Combined TRACON& Tower with Radar,28,39,67,0,134,0,2,11,0,13,28,41,78,0,147,18,0,18,165
08/09/2012,ASE,CO,ANM,WE,Combined TRACON& Tower with Radar,28,42,47,0,117,0,1,7,1,9,28,43,54,1,126,31,0,31,157
08/10/2012,ASE,CO,ANM,WE,Combined TRACON& Tower with Radar,28,35,62,0,125,0,0,14,0,14,28,35,76,0,139,10,0,10,149
08/11/2012,ASE,CO,ANM,WE,Combined TRACON& Tower with Radar,34,40,43,0,117,0,0,11,2,13,34,40,54,2,130,17,2,19,149
08/12/2012,ASE,CO,ANM,WE,Combined TRACON& Tower with Radar,31,66,79,0,176,0,0,9,0,9,31,66,88,0,185,13,0,13,198
08/13/2012,ASE,CO,ANM,WE,Combined TRACON& Tower with Radar,28,28,46,0,102,0,0,3,0,3,28,28,49,0,105,8,0,8,113
08/14/2012,ASE,CO,ANM,WE,Combined TRACON& Tower with Radar,28,31,33,0,92,0,0,12,0,12,28,31,45,0,104,20,0,20,124
08/15/2012,ASE,CO,ANM,WE,Combined TRACON& Tower with Radar,28,44,59,0,131,0,0,5,0,5,28,44,64,0,136,6,0,6,142
08/16/2012,ASE,CO,ANM,WE,Combined TRACON& Tower with Radar,26,46,68,0,140,0,0,8,0,8,26,46,76,0,148,19,0,19,167
08/17/2012,ASE,CO,ANM,WE,Combined TRACON& Tower with Radar,28,39,43,0,110,0,0,6,0,6,28,39,49,0,116,8,0,8,124
08/18/2012,ASE,CO,ANM,WE,Combined TRACON& Tower with Radar,26,39,49,0,114,0,0,12,0,12,26,39,61,0,126,16,0,16,142
08/19/2012,ASE,CO,ANM,WE,Combined TRACON& Tower with Radar,28,43,69,0,140,0,0,21,2,23,28,43,90,2,163,24,0,24,187
08/20/2012,ASE,CO,ANM,WE,Combined TRACON& Tower with Radar,29,31,50,0,110,0,0,10,0,10,29,31,60,0,120,5,0,5,125
08/21/2012,ASE,CO,ANM,WE,Combined TRACON& Tower with Radar,24,36,40,0,100,0,0,5,0,5,24,36,45,0,105,27,1,28,133
08/22/2012,ASE,CO,ANM,WE,Combined TRACON& Tower with Radar,24,29,50,0,103,0,1,11,0,12,24,30,61,0,115,21,0,21,136
08/23/2012,ASE,CO,ANM,WE,Combined TRACON& Tower with Radar,24,37,55,0,116,0,0,7,0,7,24,37,62,0,123,11,0,11,134
08/24/2012,ASE,CO,ANM,WE,Combined TRACON& Tower with Radar,24,38,63,0,125,0,0,5,0,5,24,38,68,0,130,4,0,4,134
08/25/2012,ASE,CO,ANM,WE,Combined TRACON& Tower with Radar,22,42,39,0,103,0,0,9,0,9,22,42,48,0,112,25,8,33,145
08/26/2012,ASE,CO,ANM,WE,Combined TRACON& Tower with Radar,23,41,38,0,102,0,0,16,0,16,23,41,54,0,118,20,0,20,138
08/27/2012,ASE,CO,ANM,WE,Combined TRACON& Tower with Radar,23,31,23,0,77,0,0,4,0,4,23,31,27,0,81,6,1,7,88
08/28/2012,ASE,CO,ANM,WE,Combined TRACON& Tower with Radar,17,25,33,0,75,0,0,16,0,16,17,25,49,0,91,9,0,9,100
08/29/2012,ASE,CO,ANM,WE,Combined TRACON& Tower with Radar,13,31,35,0,79,0,0,8,0,8,13,31,43,0,87,11,0,11,98
08/30/2012,ASE,CO,ANM,WE,Combined TRACON& Tower with Radar,16,44,68,7,135,0,0,14,1,15,16,44,82,8,150,15,0,15,165
08/31/2012,ASE,CO,ANM,WE,Combined TRACON& Tower with Radar,15,54,87,0,156,0,0,13,0,13,15,54,100,0,169,7,0,7,176
09/01/2012,ASE,CO,ANM,WE,Combined TRACON& Tower with Radar,14,24,34,0,72,0,0,8,0,8,14,24,42,0,80,8,0,8,88
09/02/2012,ASE,CO,ANM,WE,Combined TRACON& Tower with Radar,12,29,33,0,74,0,0,4,0,4,12,29,37,0,78,11,0,11,89
09/03/2012,ASE,CO,ANM,WE,Combined TRACON& Tower with Radar,17,58,106,0,181,0,0,10,0,10,17,58,116,0,191,7,1,8,199
09/04/2012,ASE,CO,ANM,WE,Combined TRACON& Tower with Radar,16,41,35,0,92,0,0,12,0,12,16,41,47,0,104,8,1,9,113
09/05/2012,ASE,CO,ANM,WE,Combined TRACON& Tower with Radar,12,23,19,2,56,0,0,5,0,5,12,23,24,2,61,11,0,11,72
09/06/2012,ASE,CO,ANM,WE,Combined TRACON& Tower with Radar,16,17,21,0,54,0,0,7,0,7,16,17,28,0,61,10,0,10,71
09/07/2012,ASE,CO,ANM,WE,Combined TRACON& Tower with Radar,16,17,30,0,63,0,0,4,0,4,16,17,34,0,67,10,0,10,77
09/08/2012,ASE,CO,ANM,WE,Combined TRACON& Tower with Radar,14,10,25,0,49,0,0,11,0,11,14,10,36,0,60,10,0,10,70
09/09/2012,ASE,CO,ANM,WE,Combined TRACON& Tower with Radar,16,31,23,0,70,0,0,8,0,8,16,31,31,0,78,18,0,18,96
09/10/2012,ASE,CO,ANM,WE,Combined TRACON& Tower with Radar,16,26,15,0,57,0,0,9,0,9,16,26,24,0,66,9,0,9,75
09/11/2012,ASE,CO,ANM,WE,Combined TRACON& Tower with Radar,16,14,19,0,49,0,0,2,0,2,16,14,21,0,51,5,0,5,56
09/12/2012,ASE,CO,ANM,WE,Combined TRACON& Tower with Radar,13,22,15,0,50,0,0,5,0,5,13,22,20,0,55,5,0,5,60
09/13/2012,ASE,CO,ANM,WE,Combined TRACON& Tower with Radar,16,12,27,0,55,0,0,10,0,10,16,12,37,0,65,24,0,24,89
09/14/2012,ASE,CO,ANM,WE,Combined TRACON& Tower with Radar,16,42,39,0,97,0,0,14,0,14,16,42,53,0,111,9,0,9,120
09/15/2012,ASE,CO,ANM,WE,Combined TRACON& Tower with Radar,14,22,15,0,51,0,0,12,0,12,14,22,27,0,63,10,4,14,77
09/16/2012,ASE,CO,ANM,WE,Combined TRACON& Tower with Radar,14,18,40,8,80,0,0,10,0,10,14,18,50,8,90,12,0,12,102
09/17/2012,ASE,CO,ANM,WE,Combined TRACON& Tower with Radar,17,16,21,4,58,0,0,8,0,8,17,16,29,4,66,15,0,15,81
09/18/2012,ASE,CO,ANM,WE,Combined TRACON& Tower with Radar,16,17,14,0,47,0,0,12,0,12,16,17,26,0,59,6,0,6,65
09/19/2012,ASE,CO,ANM,WE,Combined TRACON& Tower with Radar,12,18,24,0,54,0,0,10,0,10,12,18,34,0,64,4,0,4,68
09/20/2012,ASE,CO,ANM,WE,Combined TRACON& Tower with Radar,22,24,37,0,83,0,1,16,0,17,22,25,53,0,100,22,0,22,122
09/21/2012,ASE,CO,ANM,WE,Combined TRACON& Tower with Radar,16,28,31,4,79,0,0,21,0,21,16,28,52,4,100,10,0,10,110
09/22/2012,ASE,CO,ANM,WE,Combined TRACON& Tower with Radar,16,10,23,0,49,0,0,7,3,10,16,10,30,3,59,14,0,14,73
09/23/2012,ASE,CO,ANM,WE,Combined TRACON& Tower with Radar,16,25,42,0,83,0,0,16,0,16,16,25,58,0,99,22,0,22,121
09/24/2012,ASE,CO,ANM,WE,Combined TRACON& Tower with Radar,16,14,20,0,50,0,0,4,0,4,16,14,24,0,54,13,0,13,67
09/25/2012,ASE,CO,ANM,WE,Combined TRACON& Tower with Radar,16,24,24,0,64,0,0,0,0,0,16,24,24,0,64,3,0,3,67
09/26/2012,ASE,CO,ANM,WE,Combined TRACON& Tower with Radar,13,16,24,0,53,0,0,2,0,2,13,16,26,0,55,21,0,21,76
09/27/2012,ASE,CO,ANM,WE,Combined TRACON& Tower with Radar,10,19,19,0,48,0,0,1,0,1,10,19,20,0,49,2,0,2,51
09/28/2012,ASE,CO,ANM,WE,Combined TRACON& Tower with Radar,16,24,34,0,74,0,0,15,0,15,16,24,49,0,89,30,0,30,119
09/29/2012,ASE,CO,ANM,WE,Combined TRACON& Tower with Radar,14,20,16,0,50,0,0,10,0,10,14,20,26,0,60,14,0,14,74
09/30/2012,ASE,CO,ANM,WE,Combined TRACON& Tower with Radar,16,26,38,0,80,0,0,13,0,13,16,26,51,0,93,16,0,16,109
10/01/2012,ASE,CO,ANM,WE,Combined TRACON& Tower with Radar,17,23,22,0,62,0,0,8,0,8,17,23,30,0,70,6,0,6,76
10/02/2012,ASE,CO,ANM,WE,Combined TRACON& Tower with Radar,18,14,23,0,55,0,0,13,0,13,18,14,36,0,68,14,0,14,82
10/03/2012,ASE,CO,ANM,WE,Combined TRACON& Tower with Radar,9,9,22,0,40,0,0,5,0,5,9,9,27,0,45,7,0,7,52
10/04/2012,ASE,CO,ANM,WE,Combined TRACON& Tower with Radar,6,19,38,0,63,0,0,3,0,3,6,19,41,0,66,5,0,5,71
10/05/2012,ASE,CO,ANM,WE,Combined TRACON& Tower with Radar,8,8,38,0,54,0,0,5,0,5,8,8,43,0,59,4,0,4,63
10/06/2012,ASE,CO,ANM,WE,Combined TRACON& Tower with Radar,8,20,14,0,42,0,0,4,0,4,8,20,18,0,46,7,0,7,53
10/07/2012,ASE,CO,ANM,WE,Combined TRACON& Tower with Radar,10,10,26,0,46,0,0,10,0,10,10,10,36,0,56,12,0,12,68
10/08/2012,ASE,CO,ANM,WE,Combined TRACON& Tower with Radar,9,16,27,0,52,0,0,9,0,9,9,16,36,0,61,7,0,7,68
10/09/2012,ASE,CO,ANM,WE,Combined TRACON& Tower with Radar,8,16,28,0,52,0,0,7,1,8,8,16,35,1,60,8,0,8,68
10/10/2012,ASE,CO,ANM,WE,Combined TRACON& Tower with Radar,7,19,16,0,42,0,0,4,1,5,7,19,20,1,47,8,1,9,56
10/11/2012,ASE,CO,ANM,WE,Combined TRACON& Tower with Radar,8,6,20,0,34,0,0,10,1,11,8,6,30,1,45,12,0,12,57
10/12/2012,ASE,CO,ANM,WE,Combined TRACON& Tower with Radar,8,6,20,0,34,0,0,0,0,0,8,6,20,0,34,2,0,2,36
10/13/2012,ASE,CO,ANM,WE,Combined TRACON& Tower with Radar,4,2,1,0,7,0,0,0,0,0,4,2,1,0,7,0,0,0,7
10/14/2012,ASE,CO,ANM,WE,Combined TRACON& Tower with Radar,11,6,25,0,42,0,0,4,0,4,11,6,29,0,46,2,0,2,48
10/15/2012,ASE,CO,ANM,WE,Combined TRACON& Tower with Radar,9,13,9,0,31,0,0,9,0,9,9,13,18,0,40,9,0,9,49
10/16/2012,ASE,CO,ANM,WE,Combined TRACON& Tower with Radar,7,10,8,0,25,0,0,16,0,16,7,10,24,0,41,11,0,11,52
10/17/2012,ASE,CO,ANM,WE,Combined TRACON& Tower with Radar,7,5,12,0,24,0,0,0,0,0,7,5,12,0,24,0,0,0,24
10/18/2012,ASE,CO,ANM,WE,Combined TRACON& Tower with Radar,8,8,13,2,31,0,0,7,0,7,8,8,20,2,38,14,0,14,52
10/19/2012,ASE,CO,ANM,WE,Combined TRACON& Tower with Radar,8,9,18,0,35,0,0,12,2,14,8,9,30,2,49,21,0,21,70
10/20/2012,ASE,CO,ANM,WE,Combined TRACON& Tower with Radar,8,6,17,0,31,0,0,11,0,11,8,6,28,0,42,6,0,6,48
10/21/2012,ASE,CO,ANM,WE,Combined TRACON& Tower with Radar,10,7,16,0,33,0,0,12,0,12,10,7,28,0,45,8,0,8,53
10/22/2012,ASE,CO,ANM,WE,Combined TRACON& Tower with Radar,6,5,6,0,17,0,0,5,0,5,6,5,11,0,22,6,0,6,28
10/23/2012,ASE,CO,ANM,WE,Combined TRACON& Tower with Radar,8,8,6,0,22,0,0,2,0,2,8,8,8,0,24,4,0,4,28
10/24/2012,ASE,CO,ANM,WE,Combined TRACON& Tower with Radar,8,7,22,0,37,0,0,0,0,0,8,7,22,0,37,1,0,1,38
10/25/2012,ASE,CO,ANM,WE,Combined TRACON& Tower with Radar,5,3,11,0,19,0,0,0,0,0,5,3,11,0,19,13,0,13,32
10/26/2012,ASE,CO,ANM,WE,Combined TRACON& Tower with Radar,8,9,14,0,31,0,0,4,0,4,8,9,18,0,35,20,0,20,55
10/27/2012,ASE,CO,ANM,WE,Combined TRACON& Tower with Radar,11,8,10,1,30,0,0,6,0,6,11,8,16,1,36,11,0,11,47
10/28/2012,ASE,CO,ANM,WE,Combined TRACON& Tower with Radar,11,12,26,1,50,0,0,9,0,9,11,12,35,1,59,27,0,27,86
10/29/2012,ASE,CO,ANM,WE,Combined TRACON& Tower with Radar,8,2,8,0,18,0,0,6,0,6,8,2,14,0,24,7,0,7,31
10/30/2012,ASE,CO,ANM,WE,Combined TRACON& Tower with Radar,8,2,10,0,20,0,0,13,0,13,8,2,23,0,33,26,0,26,59
10/31/2012,ASE,CO,ANM,WE,Combined TRACON& Tower with Radar,8,5,7,0,20,0,0,5,0,5,8,5,12,0,25,2,0,2,27
11/01/2012,ASE,CO,ANM,WE,Combined TRACON& Tower with Radar,8,9,9,0,26,0,0,7,0,7,8,9,16,0,33,16,0,16,49
11/02/2012,ASE,CO,ANM,WE,Combined TRACON& Tower with Radar,8,4,5,0,17,0,0,5,0,5,8,4,10,0,22,7,0,7,29
11/03/2012,ASE,CO,ANM,WE,Combined TRACON& Tower with Radar,8,9,11,0,28,0,0,5,0,5,8,9,16,0,33,8,0,8,41
11/04/2012,ASE,CO,ANM,WE,Combined TRACON& Tower with Radar,8,10,16,0,34,0,0,2,0,2,8,10,18,0,36,13,0,13,49
11/05/2012,ASE,CO,ANM,WE,Combined TRACON& Tower with Radar,8,2,11,0,21,0,0,5,0,5,8,2,16,0,26,6,0,6,32
11/06/2012,ASE,CO,ANM,WE,Combined TRACON& Tower with Radar,9,10,5,0,24,0,0,7,0,7,9,10,12,0,31,5,0,5,36
11/07/2012,ASE,CO,ANM,WE,Combined TRACON& Tower with Radar,9,8,11,0,28,0,0,6,1,7,9,8,17,1,35,4,0,4,39
11/08/2012,ASE,CO,ANM,WE,Combined TRACON& Tower with Radar,8,5,10,0,23,0,0,7,0,7,8,5,17,0,30,15,0,15,45
11/09/2012,ASE,CO,ANM,WE,Combined TRACON& Tower with Radar,8,8,7,0,23,0,0,1,0,1,8,8,8,0,24,1,0,1,25
11/10/2012,ASE,CO,ANM,WE,Combined TRACON& Tower with Radar,5,2,3,0,10,0,0,0,0,0,5,2,3,0,10,0,0,0,10
11/11/2012,ASE,CO,ANM,WE,Combined TRACON& Tower with Radar,4,8,10,0,22,0,0,0,0,0,4,8,10,0,22,0,0,0,22
11/12/2012,ASE,CO,ANM,WE,Combined TRACON& Tower with Radar,8,10,20,0,38,0,0,6,0,6,8,10,26,0,44,9,0,9,53
11/13/2012,ASE,CO,ANM,WE,Combined TRACON& Tower with Radar,9,10,4,0,23,0,0,7,0,7,9,10,11,0,30,5,0,5,35
11/14/2012,ASE,CO,ANM,WE,Combined TRACON& Tower with Radar,7,6,18,0,31,0,0,10,2,12,7,6,28,2,43,32,0,32,75
11/15/2012,ASE,CO,ANM,WE,Combined TRACON& Tower with Radar,8,5,13,0,26,0,0,7,0,7,8,5,20,0,33,19,0,19,52
11/16/2012,ASE,CO,ANM,WE,Combined TRACON& Tower with Radar,8,15,19,2,44,0,0,4,0,4,8,15,23,2,48,6,0,6,54
11/17/2012,ASE,CO,ANM,WE,Combined TRACON& Tower with Radar,8,18,22,0,48,0,0,3,0,3,8,18,25,0,51,17,0,17,68
11/18/2012,ASE,CO,ANM,WE,Combined TRACON& Tower with Radar,8,13,28,0,49,0,0,3,0,3,8,13,31,0,52,5,0,5,57
11/19/2012,ASE,CO,ANM,WE,Combined TRACON& Tower with Radar,9,9,8,0,26,0,0,5,6,11,9,9,13,6,37,6,6,12,49
11/20/2012,ASE,CO,ANM,WE,Combined TRACON& Tower with Radar,10,21,33,0,64,0,1,7,0,8,10,22,40,0,72,7,0,7,79
11/21/2012,ASE,CO,ANM,WE,Combined TRACON& Tower with Radar,12,28,47,0,87,0,0,9,0,9,12,28,56,0,96,7,0,7,103
11/22/2012,ASE,CO,ANM,WE,Combined TRACON& Tower with Radar,5,7,3,0,15,0,0,1,0,1,5,7,4,0,16,1,0,1,17
11/23/2012,ASE,CO,ANM,WE,Combined TRACON& Tower with Radar,9,9,16,0,34,0,0,8,0,8,9,9,24,0,42,11,0,11,53
11/24/2012,ASE,CO,ANM,WE,Combined TRACON& Tower with Radar,6,12,16,0,34,0,0,4,0,4,6,12,20,0,38,8,0,8,46
11/25/2012,ASE,CO,ANM,WE,Combined TRACON& Tower with Radar,10,31,74,0,115,0,0,12,0,12,10,31,86,0,127,5,0,5,132
11/26/2012,ASE,CO,ANM,WE,Combined TRACON& Tower with Radar,10,12,24,0,46,0,0,3,0,3,10,12,27,0,49,25,0,25,74
11/27/2012,ASE,CO,ANM,WE,Combined TRACON& Tower with Radar,13,18,17,0,48,0,0,4,0,4,13,18,21,0,52,2,0,2,54
11/28/2012,ASE,CO,ANM,WE,Combined TRACON& Tower with Radar,7,0,11,0,18,0,0,1,0,1,7,0,12,0,19,11,0,11,30
11/29/2012,ASE,CO,ANM,WE,Combined TRACON& Tower with Radar,16,6,18,0,40,0,0,14,0,14,16,6,32,0,54,5,0,5,59
11/30/2012,ASE,CO,ANM,WE,Combined TRACON& Tower with Radar,16,6,17,0,39,0,0,8,0,8,16,6,25,0,47,0,0,0,47
12/01/2012,ASE,CO,ANM,WE,Combined TRACON& Tower with Radar,13,9,8,0,30,0,0,9,0,9,13,9,17,0,39,4,0,4,43
12/02/2012,ASE,CO,ANM,WE,Combined TRACON& Tower with Radar,17,10,20,0,47,0,0,13,0,13,17,10,33,0,60,12,0,12,72
12/03/2012,ASE,CO,ANM,WE,Combined TRACON& Tower with Radar,14,10,8,0,32,0,0,3,0,3,14,10,11,0,35,21,0,21,56
12/04/2012,ASE,CO,ANM,WE,Combined TRACON& Tower with Radar,16,11,11,0,38,0,0,12,0,12,16,11,23,0,50,7,0,7,57
12/05/2012,ASE,CO,ANM,WE,Combined TRACON& Tower with Radar,15,4,9,0,28,0,0,5,0,5,15,4,14,0,33,4,0,4,37
12/06/2012,ASE,CO,ANM,WE,Combined TRACON& Tower with Radar,16,4,16,0,36,0,0,1,0,1,16,4,17,0,37,2,0,2,39
12/07/2012,ASE,CO,ANM,WE,Combined TRACON& Tower with Radar,16,13,20,0,49,0,0,4,0,4,16,13,24,0,53,8,0,8,61
12/08/2012,ASE,CO,ANM,WE,Combined TRACON& Tower with Radar,14,7,10,0,31,0,0,1,0,1,14,7,11,0,32,1,0,1,33
12/09/2012,ASE,CO,ANM,WE,Combined TRACON& Tower with Radar,16,8,15,0,39,0,0,3,0,3,16,8,18,0,42,1,0,1,43
12/10/2012,ASE,CO,ANM,WE,Combined TRACON& Tower with Radar,12,6,12,0,30,0,0,0,0,0,12,6,12,0,30,0,0,0,30
12/11/2012,ASE,CO,ANM,WE,Combined TRACON& Tower with Radar,16,8,17,0,41,0,0,1,0,1,16,8,18,0,42,0,0,0,42
12/12/2012,ASE,CO,ANM,WE,Combined TRACON& Tower with Radar,15,7,16,0,38,0,0,8,0,8,15,7,24,0,46,13,0,13,59
12/13/2012,ASE,CO,ANM,WE,Combined TRACON& Tower with Radar,20,13,10,0,43,0,0,6,0,6,20,13,16,0,49,4,0,4,53
12/14/2012,ASE,CO,ANM,WE,Combined TRACON& Tower with Radar,18,12,21,0,51,0,0,0,0,0,18,12,21,0,51,0,0,0,51
12/15/2012,ASE,CO,ANM,WE,Combined TRACON& Tower with Radar,22,25,30,0,77,0,0,0,0,0,22,25,30,0,77,0,0,0,77
12/16/2012,ASE,CO,ANM,WE,Combined TRACON& Tower with Radar,23,28,24,0,75,0,0,0,0,0,23,28,24,0,75,0,0,0,75
12/17/2012,ASE,CO,ANM,WE,Combined TRACON& Tower with Radar,18,8,27,0,53,0,0,0,0,0,18,8,27,0,53,1,0,1,54
12/18/2012,ASE,CO,ANM,WE,Combined TRACON& Tower with Radar,17,15,29,0,61,0,0,1,0,1,17,15,30,0,62,0,0,0,62
12/19/2012,ASE,CO,ANM,WE,Combined TRACON& Tower with Radar,39,6,8,0,53,0,0,2,0,2,39,6,10,0,55,1,0,1,56
12/20/2012,ASE,CO,ANM,WE,Combined TRACON& Tower with Radar,44,62,82,0,188,0,0,12,2,14,44,62,94,2,202,7,0,7,209
12/21/2012,ASE,CO,ANM,WE,Combined TRACON& Tower with Radar,41,66,117,0,224,0,1,11,0,12,41,67,128,0,236,8,2,10,246
12/22/2012,ASE,CO,ANM,WE,Combined TRACON& Tower with Radar,44,70,108,0,222,0,0,9,0,9,44,70,117,0,231,6,3,9,240
12/23/2012,ASE,CO,ANM,WE,Combined TRACON& Tower with Radar,42,58,85,0,185,0,0,4,0,4,42,58,89,0,189,4,0,4,193
12/24/2012,ASE,CO,ANM,WE,Combined TRACON& Tower with Radar,25,12,18,0,55,0,0,0,0,0,25,12,18,0,55,0,0,0,55
12/25/2012,ASE,CO,ANM,WE,Combined TRACON& Tower with Radar,30,27,40,0,97,0,0,2,0,2,30,27,42,0,99,4,2,6,105
12/26/2012,ASE,CO,ANM,WE,Combined TRACON& Tower with Radar,42,45,143,0,230,0,0,1,0,1,42,45,144,0,231,1,0,1,232
12/27/2012,ASE,CO,ANM,WE,Combined TRACON& Tower with Radar,44,41,70,0,155,0,0,0,0,0,44,41,70,0,155,0,0,0,155
12/28/2012,ASE,CO,ANM,WE,Combined TRACON& Tower with Radar,44,67,117,0,228,0,0,5,0,5,44,67,122,0,233,3,0,3,236
12/29/2012,ASE,CO,ANM,WE,Combined TRACON& Tower with Radar,45,70,85,0,200,0,0,10,0,10,45,70,95,0,210,23,1,24,234
12/30/2012,ASE,CO,ANM,WE,Combined TRACON& Tower with Radar,45,63,93,0,201,0,1,9,0,10,45,64,102,0,211,9,0,9,220
12/31/2012,ASE,CO,ANM,WE,Combined TRACON& Tower with Radar,35,21,33,0,89,0,0,0,0,0,35,21,33,0,89,0,0,0,89
01/01/2013,ASE,CO,ANM,WE,Combined TRACON& Tower with Radar,49,74,63,0,186,0,0,2,0,2,49,74,65,0,188,2,0,2,190
01/02/2013,ASE,CO,ANM,WE,Combined TRACON& Tower with Radar,44,80,155,0,279,0,0,12,0,12,44,80,167,0,291,8,0,8,299
01/03/2013,ASE,CO,ANM,WE,Combined TRACON& Tower with Radar,37,57,86,0,180,0,0,9,0,9,37,57,95,0,189,2,0,2,191
01/04/2013,ASE,CO,ANM,WE,Combined TRACON& Tower with Radar,35,78,118,0,231,0,0,4,0,4,35,78,122,0,235,5,0,5,240
01/05/2013,ASE,CO,ANM,WE,Combined TRACON& Tower with Radar,50,95,98,0,243,0,0,9,0,9,50,95,107,0,252,7,0,7,259
01/06/2013,ASE,CO,ANM,WE,Combined TRACON& Tower with Radar,45,71,90,0,206,0,0,12,0,12,45,71,102,0,218,19,0,19,237
01/07/2013,ASE,CO,ANM,WE,Combined TRACON& Tower with Radar,36,22,28,2,88,0,0,7,0,7,36,22,35,2,95,1,0,1,96
01/08/2013,ASE,CO,ANM,WE,Combined TRACON& Tower with Radar,35,18,17,0,70,0,0,8,2,10,35,18,25,2,80,4,0,4,84
01/09/2013,ASE,CO,ANM,WE,Combined TRACON& Tower with Radar,32,14,22,0,68,0,0,8,0,8,32,14,30,0,76,10,0,10,86
01/10/2013,ASE,CO,ANM,WE,Combined TRACON& Tower with Radar,32,21,36,0,89,0,0,3,0,3,32,21,39,0,92,4,0,4,96
01/11/2013,ASE,CO,ANM,WE,Combined TRACON& Tower with Radar,33,5,12,0,50,0,0,0,0,0,33,5,12,0,50,0,0,0,50
01/12/2013,ASE,CO,ANM,WE,Combined TRACON& Tower with Radar,47,26,31,0,104,0,0,2,0,2,47,26,33,0,106,0,0,0,106
01/13/2013,ASE,CO,ANM,WE,Combined TRACON& Tower with Radar,46,21,37,0,104,0,0,0,0,0,46,21,37,0,104,1,0,1,105
01/14/2013,ASE,CO,ANM,WE,Combined TRACON& Tower with Radar,36,13,21,0,70,0,0,2,0,2,36,13,23,0,72,2,0,2,74
01/15/2013,ASE,CO,ANM,WE,Combined TRACON& Tower with Radar,30,4,24,0,58,0,0,1,0,1,30,4,25,0,59,0,0,0,59
01/16/2013,ASE,CO,ANM,WE,Combined TRACON& Tower with Radar,28,16,23,0,67,0,0,2,0,2,28,16,25,0,69,4,0,4,73
01/17/2013,ASE,CO,ANM,WE,Combined TRACON& Tower with Radar,35,22,41,0,98,0,0,7,0,7,35,22,48,0,105,13,0,13,118
01/18/2013,ASE,CO,ANM,WE,Combined TRACON& Tower with Radar,35,37,49,0,121,0,0,12,0,12,35,37,61,0,133,5,0,5,138
01/19/2013,ASE,CO,ANM,WE,Combined TRACON& Tower with Radar,44,22,26,0,92,0,0,12,0,12,44,22,38,0,104,7,0,7,111
01/20/2013,ASE,CO,ANM,WE,Combined TRACON& Tower with Radar,44,27,30,0,101,0,0,6,0,6,44,27,36,0,107,6,0,6,113
01/21/2013,ASE,CO,ANM,WE,Combined TRACON& Tower with Radar,36,43,53,0,132,0,0,6,0,6,36,43,59,0,138,13,0,13,151
01/22/2013,ASE,CO,ANM,WE,Combined TRACON& Tower with Radar,35,22,20,0,77,0,0,4,0,4,35,22,24,0,81,13,0,13,94
01/23/2013,ASE,CO,ANM,WE,Combined TRACON& Tower with Radar,33,25,22,0,80,0,3,8,0,11,33,28,30,0,91,11,0,11,102
01/24/2013,ASE,CO,ANM,WE,Combined TRACON& Tower with Radar,34,28,41,0,103,0,0,0,0,0,34,28,41,0,103,4,0,4,107
01/25/2013,ASE,CO,ANM,WE,Combined TRACON& Tower with Radar,34,13,43,0,90,0,0,0,0,0,34,13,43,0,90,0,0,0,90
01/26/2013,ASE,CO,ANM,WE,Combined TRACON& Tower with Radar,46,17,20,0,83,0,0,1,0,1,46,17,21,0,84,7,1,8,92
01/27/2013,ASE,CO,ANM,WE,Combined TRACON& Tower with Radar,44,23,43,0,110,0,0,3,0,3,44,23,46,0,113,6,0,6,119
01/28/2013,ASE,CO,ANM,WE,Combined TRACON& Tower with Radar,10,3,10,0,23,0,0,0,0,0,10,3,10,0,23,0,0,0,23
01/29/2013,ASE,CO,ANM,WE,Combined TRACON& Tower with Radar,31,3,11,0,45,0,0,0,0,0,31,3,11,0,45,0,0,0,45
01/30/2013,ASE,CO,ANM,WE,Combined TRACON& Tower with Radar,20,0,1,0,21,0,0,0,0,0,20,0,1,0,21,0,0,0,21
01/31/2013,ASE,CO,ANM,WE,Combined TRACON& Tower with Radar,36,27,26,0,89,0,0,4,0,4,36,27,30,0,93,1,0,1,94
02/01/2013,ASE,CO,ANM,WE,Combined TRACON& Tower with Radar,35,16,47,0,98,0,0,2,0,2,35,16,49,0,100,5,0,5,105
02/02/2013,ASE,CO,ANM,WE,Combined TRACON& Tower with Radar,47,19,33,0,99,0,0,3,0,3,47,19,36,0,102,4,0,4,106
02/03/2013,ASE,CO,ANM,WE,Combined TRACON& Tower with Radar,46,22,43,0,111,0,0,4,0,4,46,22,47,0,115,9,1,10,125
02/04/2013,ASE,CO,ANM,WE,Combined TRACON& Tower with Radar,35,17,26,0,78,0,0,6,0,6,35,17,32,0,84,11,0,11,95
02/05/2013,ASE,CO,ANM,WE,Combined TRACON& Tower with Radar,35,24,28,0,87,0,0,7,0,7,35,24,35,0,94,11,0,11,105
02/06/2013,ASE,CO,ANM,WE,Combined TRACON& Tower with Radar,35,5,25,0,65,0,0,3,0,3,35,5,28,0,68,5,0,5,73
02/07/2013,ASE,CO,ANM,WE,Combined TRACON& Tower with Radar,34,14,25,0,73,0,0,15,0,15,34,14,40,0,88,2,0,2,90
02/08/2013,ASE,CO,ANM,WE,Combined TRACON& Tower with Radar,33,21,37,0,91,0,0,5,0,5,33,21,42,0,96,2,0,2,98
02/09/2013,ASE,CO,ANM,WE,Combined TRACON& Tower with Radar,43,16,15,0,74,0,0,0,0,0,43,16,15,0,74,0,0,0,74
02/10/2013,ASE,CO,ANM,WE,Combined TRACON& Tower with Radar,46,32,30,0,108,0,0,2,0,2,46,32,32,0,110,0,0,0,110
02/11/2013,ASE,CO,ANM,WE,Combined TRACON& Tower with Radar,32,12,26,0,70,0,0,0,0,0,32,12,26,0,70,2,0,2,72
02/12/2013,ASE,CO,ANM,WE,Combined TRACON& Tower with Radar,35,18,14,0,67,0,0,12,0,12,35,18,26,0,79,17,0,17,96
02/13/2013,ASE,CO,ANM,WE,Combined TRACON& Tower with Radar,32,37,46,2,117,0,0,8,0,8,32,37,54,2,125,5,0,5,130
02/14/2013,ASE,CO,ANM,WE,Combined TRACON& Tower with Radar,48,47,78,0,173,0,0,0,0,0,48,47,78,0,173,0,0,0,173
02/15/2013,ASE,CO,ANM,WE,Combined TRACON& Tower with Radar,46,44,107,1,198,0,0,0,0,0,46,44,107,1,198,1,0,1,199
02/16/2013,ASE,CO,ANM,WE,Combined TRACON& Tower with Radar,51,42,66,0,159,0,0,6,0,6,51,42,72,0,165,10,0,10,175
02/17/2013,ASE,CO,ANM,WE,Combined TRACON& Tower with Radar,50,43,44,0,137,0,0,1,0,1,50,43,45,0,138,3,0,3,141
02/18/2013,ASE,CO,ANM,WE,Combined TRACON& Tower with Radar,49,77,126,1,253,0,0,4,0,4,49,77,130,1,257,0,0,0,257
02/19/2013,ASE,CO,ANM,WE,Combined TRACON& Tower with Radar,47,49,58,0,154,0,0,8,0,8,47,49,66,0,162,14,0,14,176
02/20/2013,ASE,CO,ANM,WE,Combined TRACON& Tower with Radar,35,33,32,2,102,0,0,4,0,4,35,33,36,2,106,5,0,5,111
02/21/2013,ASE,CO,ANM,WE,Combined TRACON& Tower with Radar,46,17,26,0,89,0,0,0,0,0,46,17,26,0,89,0,0,0,89
02/22/2013,ASE,CO,ANM,WE,Combined TRACON& Tower with Radar,40,32,36,0,108,0,0,1,0,1,40,32,37,0,109,0,0,0,109
02/23/2013,ASE,CO,ANM,WE,Combined TRACON& Tower with Radar,50,35,39,0,124,0,0,0,0,0,50,35,39,0,124,0,0,0,124
02/24/2013,ASE,CO,ANM,WE,Combined TRACON& Tower with Radar,18,3,23,0,44,0,0,0,0,0,18,3,23,0,44,0,0,0,44
02/25/2013,ASE,CO,ANM,WE,Combined TRACON& Tower with Radar,47,35,61,0,143,0,0,10,0,10,47,35,71,0,153,3,0,3,156
02/26/2013,ASE,CO,ANM,WE,Combined TRACON& Tower with Radar,33,1,6,0,40,0,0,0,0,0,33,1,6,0,40,0,0,0,40
02/27/2013,ASE,CO,ANM,WE,Combined TRACON& Tower with Radar,37,23,34,0,94,0,0,6,0,6,37,23,40,0,100,5,2,7,107
02/28/2013,ASE,CO,ANM,WE,Combined TRACON& Tower with Radar,47,14,37,0,98,0,0,4,0,4,47,14,41,0,102,7,0,7,109
03/01/2013,ASE,CO,ANM,WE,Combined TRACON& Tower with Radar,41,18,49,0,108,0,0,4,0,4,41,18,53,0,112,2,0,2,114
03/02/2013,ASE,CO,ANM,WE,Combined TRACON& Tower with Radar,45,30,53,0,128,0,0,15,0,15,45,30,68,0,143,25,0,25,168
03/03/2013,ASE,CO,ANM,WE,Combined TRACON& Tower with Radar,45,30,61,0,136,0,0,5,0,5,45,30,66,0,141,5,0,5,146
03/04/2013,ASE,CO,ANM,WE,Combined TRACON& Tower with Radar,35,4,31,0,70,0,0,2,0,2,35,4,33,0,72,1,0,1,73
03/05/2013,ASE,CO,ANM,WE,Combined TRACON& Tower with Radar,29,55,34,0,118,0,0,7,0,7,29,55,41,0,125,9,0,9,134
03/06/2013,ASE,CO,ANM,WE,Combined TRACON& Tower with Radar,31,28,33,0,92,0,0,8,0,8,31,28,41,0,100,3,0,3,103
03/07/2013,ASE,CO,ANM,WE,Combined TRACON& Tower with Radar,40,25,55,0,120,0,0,12,0,12,40,25,67,0,132,9,0,9,141
03/08/2013,ASE,CO,ANM,WE,Combined TRACON& Tower with Radar,43,52,67,0,162,0,0,2,1,3,43,52,69,1,165,6,0,6,171
03/09/2013,ASE,CO,ANM,WE,Combined TRACON& Tower with Radar,13,4,5,0,22,0,0,0,0,0,13,4,5,0,22,0,0,0,22
03/10/2013,ASE,CO,ANM,WE,Combined TRACON& Tower with Radar,44,63,91,0,198,0,0,8,0,8,44,63,99,0,206,14,0,14,220
03/11/2013,ASE,CO,ANM,WE,Combined TRACON& Tower with Radar,43,27,30,0,100,0,0,7,0,7,43,27,37,0,107,8,0,8,115
03/12/2013,ASE,CO,ANM,WE,Combined TRACON& Tower with Radar,33,14,37,0,84,0,0,9,0,9,33,14,46,0,93,5,0,5,98
03/13/2013,ASE,CO,ANM,WE,Combined TRACON& Tower with Radar,33,25,30,4,92,0,0,9,0,9,33,25,39,4,101,6,0,6,107
03/14/2013,ASE,CO,ANM,WE,Combined TRACON& Tower with Radar,41,30,56,0,127,0,0,13,1,14,41,30,69,1,141,13,3,16,157
03/15/2013,ASE,CO,ANM,WE,Combined TRACON& Tower with Radar,42,50,84,0,176,0,0,16,0,16,42,50,100,0,192,22,0,22,214
03/16/2013,ASE,CO,ANM,WE,Combined TRACON& Tower with Radar,49,70,88,0,207,0,0,1,0,1,49,70,89,0,208,0,0,0,208
03/17/2013,ASE,CO,ANM,WE,Combined TRACON& Tower with Radar,50,24,46,0,120,0,0,1,0,1,50,24,47,0,121,0,0,0,121
03/18/2013,ASE,CO,ANM,WE,Combined TRACON& Tower with Radar,43,24,39,0,106,0,0,4,0,4,43,24,43,0,110,5,0,5,115
03/19/2013,ASE,CO,ANM,WE,Combined TRACON& Tower with Radar,34,17,45,0,96,0,0,7,0,7,34,17,52,0,103,17,0,17,120
03/20/2013,ASE,CO,ANM,WE,Combined TRACON& Tower with Radar,33,37,45,0,115,0,0,3,2,5,33,37,48,2,120,33,0,33,153
03/21/2013,ASE,CO,ANM,WE,Combined TRACON& Tower with Radar,29,20,19,0,68,0,0,0,0,0,29,20,19,0,68,0,0,0,68
03/22/2013,ASE,CO,ANM,WE,Combined TRACON& Tower with Radar,42,62,75,0,179,0,0,3,0,3,42,62,78,0,182,2,0,2,184
03/23/2013,ASE,CO,ANM,WE,Combined TRACON& Tower with Radar,37,42,60,0,139,0,0,0,0,0,37,42,60,0,139,2,0,2,141
03/24/2013,ASE,CO,ANM,WE,Combined TRACON& Tower with Radar,52,19,46,0,117,0,0,4,0,4,52,19,50,0,121,1,0,1,122
03/25/2013,ASE,CO,ANM,WE,Combined TRACON& Tower with Radar,44,24,34,0,102,0,0,9,0,9,44,24,43,0,111,8,0,8,119
03/26/2013,ASE,CO,ANM,WE,Combined TRACON& Tower with Radar,33,17,33,0,83,0,0,4,2,6,33,17,37,2,89,5,0,5,94
03/27/2013,ASE,CO,ANM,WE,Combined TRACON& Tower with Radar,33,25,45,0,103,0,0,3,0,3,33,25,48,0,106,8,0,8,114
03/28/2013,ASE,CO,ANM,WE,Combined TRACON& Tower with Radar,41,28,50,0,119,0,1,10,0,11,41,29,60,0,130,20,0,20,150
03/29/2013,ASE,CO,ANM,WE,Combined TRACON& Tower with Radar,43,27,48,0,118,0,0,2,0,2,43,27,50,0,120,4,0,4,124
03/30/2013,ASE,CO,ANM,WE,Combined TRACON& Tower with Radar,45,47,63,0,155,0,0,15,0,15,45,47,78,0,170,16,0,16,186
03/31/2013,ASE,CO,ANM,WE,Combined TRACON& Tower with Radar,45,60,71,0,176,0,0,9,0,9,45,60,80,0,185,8,0,8,193
04/01/2013,ASE,CO,ANM,WE,Combined TRACON& Tower with Radar,47,38,33,0,118,0,0,3,0,3,47,38,36,0,121,15,0,15,136
04/02/2013,ASE,CO,ANM,WE,Combined TRACON& Tower with Radar,19,12,14,0,45,0,0,1,0,1,19,12,15,0,46,15,0,15,61
04/03/2013,ASE,CO,ANM,WE,Combined TRACON& Tower with Radar,10,2,15,0,27,0,0,1,0,1,10,2,16,0,28,5,0,5,33
04/04/2013,ASE,CO,ANM,WE,Combined TRACON& Tower with Radar,24,16,26,0,66,0,0,11,0,11,24,16,37,0,77,11,0,11,88
04/05/2013,ASE,CO,ANM,WE,Combined TRACON& Tower with Radar,25,18,25,0,68,0,0,7,1,8,25,18,32,1,76,12,0,12,88
04/06/2013,ASE,CO,ANM,WE,Combined TRACON& Tower with Radar,36,25,25,0,86,0,0,7,0,7,36,25,32,0,93,5,0,5,98
04/07/2013,ASE,CO,ANM,WE,Combined TRACON& Tower with Radar,28,17,32,0,77,0,0,3,0,3,28,17,35,0,80,11,0,11,91
04/08/2013,ASE,CO,ANM,WE,Combined TRACON& Tower with Radar,20,7,18,0,45,0,0,0,0,0,20,7,18,0,45,0,0,0,45
04/09/2013,ASE,CO,ANM,WE,Combined TRACON& Tower with Radar,9,7,4,0,20,0,0,0,0,0,9,7,4,0,20,0,0,0,20
04/10/2013,ASE,CO,ANM,WE,Combined TRACON& Tower with Radar,11,10,14,0,35,0,0,1,0,1,11,10,15,0,36,14,0,14,50
04/11/2013,ASE,CO,ANM,WE,Combined TRACON& Tower with Radar,9,6,12,0,27,0,0,0,0,0,9,6,12,0,27,0,0,0,27
04/12/2013,ASE,CO,ANM,WE,Combined TRACON& Tower with Radar,11,16,27,0,54,0,0,3,0,3,11,16,30,0,57,17,0,17,74
04/13/2013,ASE,CO,ANM,WE,Combined TRACON& Tower with Radar,12,8,10,0,30,0,0,5,0,5,12,8,15,0,35,15,0,15,50
04/14/2013,ASE,CO,ANM,WE,Combined TRACON& Tower with Radar,10,6,21,0,37,0,0,2,0,2,10,6,23,0,39,1,0,1,40
04/15/2013,ASE,CO,ANM,WE,Combined TRACON& Tower with Radar,3,0,0,0,3,0,0,0,0,0,3,0,0,0,3,0,0,0,3
04/16/2013,ASE,CO,ANM,WE,Combined TRACON& Tower with Radar,11,4,8,0,23,0,0,1,4,5,11,4,9,4,28,0,2,2,30
04/17/2013,ASE,CO,ANM,WE,Combined TRACON& Tower with Radar,3,0,2,0,5,0,0,0,0,0,3,0,2,0,5,0,0,0,5
04/18/2013,ASE,CO,ANM,WE,Combined TRACON& Tower with Radar,8,14,3,0,25,0,0,1,0,1,8,14,4,0,26,1,0,1,27
04/19/2013,ASE,CO,ANM,WE,Combined TRACON& Tower with Radar,10,12,12,0,34,0,0,5,0,5,10,12,17,0,39,9,0,9,48
04/20/2013,ASE,CO,ANM,WE,Combined TRACON& Tower with Radar,16,5,6,0,27,0,0,0,0,0,16,5,6,0,27,6,0,6,33
04/21/2013,ASE,CO,ANM,WE,Combined TRACON& Tower with Radar,10,12,4,0,26,0,0,6,0,6,10,12,10,0,32,6,2,8,40
04/22/2013,ASE,CO,ANM,WE,Combined TRACON& Tower with Radar,10,7,7,0,24,0,0,0,0,0,10,7,7,0,24,1,0,1,25
04/23/2013,ASE,CO,ANM,WE,Combined TRACON& Tower with Radar,9,2,8,0,19,0,0,1,0,1,9,2,9,0,20,1,0,1,21
04/24/2013,ASE,CO,ANM,WE,Combined TRACON& Tower with Radar,10,5,11,0,26,0,0,3,0,3,10,5,14,0,29,12,0,12,41
04/25/2013,ASE,CO,ANM,WE,Combined TRACON& Tower with Radar,10,3,17,0,30,0,0,9,0,9,10,3,26,0,39,13,0,13,52
04/26/2013,ASE,CO,ANM,WE,Combined TRACON& Tower with Radar,10,9,8,0,27,0,0,4,0,4,10,9,12,0,31,8,0,8,39
04/27/2013,ASE,CO,ANM,WE,Combined TRACON& Tower with Radar,12,8,13,0,33,0,0,11,0,11,12,8,24,0,44,12,0,12,56
04/28/2013,ASE,CO,ANM,WE,Combined TRACON& Tower with Radar,9,4,12,0,25,0,0,8,0,8,9,4,20,0,33,12,0,12,45
04/29/2013,ASE,CO,ANM,WE,Combined TRACON& Tower with Radar,10,4,5,0,19,0,0,4,0,4,10,4,9,0,23,11,0,11,34
04/30/2013,ASE,CO,ANM,WE,Combined TRACON& Tower with Radar,11,2,11,0,24,0,0,3,0,3,11,2,14,0,27,2,0,2,29
05/01/2013,ASE,CO,ANM,WE,Combined TRACON& Tower with Radar,7,0,4,0,11,0,0,1,0,1,7,0,5,0,12,0,0,0,12
05/02/2013,ASE,CO,ANM,WE,Combined TRACON& Tower with Radar,8,24,9,0,41,0,0,10,0,10,8,24,19,0,51,10,0,10,61
05/03/2013,ASE,CO,ANM,WE,Combined TRACON& Tower with Radar,8,7,11,0,26,0,0,8,0,8,8,7,19,0,34,11,0,11,45
05/04/2013,ASE,CO,ANM,WE,Combined TRACON& Tower with Radar,10,12,7,0,29,0,0,6,0,6,10,12,13,0,35,11,0,11,46
05/05/2013,ASE,CO,ANM,WE,Combined TRACON& Tower with Radar,8,13,5,0,26,0,0,6,0,6,8,13,11,0,32,7,1,8,40
05/06/2013,ASE,CO,ANM,WE,Combined TRACON& Tower with Radar,9,9,4,0,22,0,0,1,0,1,9,9,5,0,23,15,0,15,38
05/07/2013,ASE,CO,ANM,WE,Combined TRACON& Tower with Radar,7,3,8,0,18,0,0,2,0,2,7,3,10,0,20,15,0,15,35
05/08/2013,ASE,CO,ANM,WE,Combined TRACON& Tower with Radar,5,2,6,0,13,0,0,0,0,0,5,2,6,0,13,0,0,0,13
05/09/2013,ASE,CO,ANM,WE,Combined TRACON& Tower with Radar,8,4,8,0,20,0,0,1,0,1,8,4,9,0,21,1,0,1,22
05/10/2013,ASE,CO,ANM,WE,Combined TRACON& Tower with Radar,8,7,14,0,29,0,0,5,0,5,8,7,19,0,34,2,0,2,36
05/11/2013,ASE,CO,ANM,WE,Combined TRACON& Tower with Radar,10,9,18,0,37,0,0,5,0,5,10,9,23,0,42,11,0,11,53
05/12/2013,ASE,CO,ANM,WE,Combined TRACON& Tower with Radar,8,13,8,0,29,0,0,5,0,5,8,13,13,0,34,9,0,9,43
05/13/2013,ASE,CO,ANM,WE,Combined TRACON& Tower with Radar,9,9,8,0,26,0,0,8,0,8,9,9,16,0,34,10,0,10,44
05/14/2013,ASE,CO,ANM,WE,Combined TRACON& Tower with Radar,8,7,7,0,22,0,0,5,0,5,8,7,12,0,27,12,0,12,39
05/15/2013,ASE,CO,ANM,WE,Combined TRACON& Tower with Radar,7,10,5,2,24,0,0,11,0,11,7,10,16,2,35,22,0,22,57
05/16/2013,ASE,CO,ANM,WE,Combined TRACON& Tower with Radar,8,6,12,0,26,0,0,15,0,15,8,6,27,0,41,20,0,20,61
05/17/2013,ASE,CO,ANM,WE,Combined TRACON& Tower with Radar,8,12,13,0,33,0,0,8,0,8,8,12,21,0,41,14,0,14,55
05/18/2013,ASE,CO,ANM,WE,Combined TRACON& Tower with Radar,10,5,13,0,28,0,0,4,0,4,10,5,17,0,32,6,0,6,38
05/19/2013,ASE,CO,ANM,WE,Combined TRACON& Tower with Radar,8,13,7,0,28,0,0,1,0,1,8,13,8,0,29,3,0,3,32
05/20/2013,ASE,CO,ANM,WE,Combined TRACON& Tower with Radar,8,7,8,0,23,0,0,2,0,2,8,7,10,0,25,3,0,3,28
05/21/2013,ASE,CO,ANM,WE,Combined TRACON& Tower with Radar,7,1,8,0,16,0,0,8,0,8,7,1,16,0,24,9,2,11,35
05/22/2013,ASE,CO,ANM,WE,Combined TRACON& Tower with Radar,7,8,14,0,29,0,0,3,0,3,7,8,17,0,32,7,0,7,39
05/23/2013,ASE,CO,ANM,WE,Combined TRACON& Tower with Radar,8,18,14,0,40,0,0,8,0,8,8,18,22,0,48,18,0,18,66
05/24/2013,ASE,CO,ANM,WE,Combined TRACON& Tower with Radar,8,12,18,0,38,0,0,10,1,11,8,12,28,1,49,8,0,8,57
05/25/2013,ASE,CO,ANM,WE,Combined TRACON& Tower with Radar,10,8,5,0,23,0,0,10,0,10,10,8,15,0,33,13,0,13,46
05/26/2013,ASE,CO,ANM,WE,Combined TRACON& Tower with Radar,10,13,12,0,35,0,0,12,0,12,10,13,24,0,47,25,0,25,72
05/27/2013,ASE,CO,ANM,WE,Combined TRACON& Tower with Radar,8,18,14,0,40,0,0,14,0,14,8,18,28,0,54,18,0,18,72
05/28/2013,ASE,CO,ANM,WE,Combined TRACON& Tower with Radar,8,16,9,0,33,0,0,0,0,0,8,16,9,0,33,5,0,5,38
05/29/2013,ASE,CO,ANM,WE,Combined TRACON& Tower with Radar,7,10,10,0,27,0,0,1,0,1,7,10,11,0,28,2,0,2,30
05/30/2013,ASE,CO,ANM,WE,Combined TRACON& Tower with Radar,8,8,14,0,30,0,0,4,0,4,8,8,18,0,34,6,0,6,40
05/31/2013,ASE,CO,ANM,WE,Combined TRACON& Tower with Radar,4,12,14,0,30,0,0,6,0,6,4,12,20,0,36,10,1,11,47
06/01/2013,ASE,CO,ANM,WE,Combined TRACON& Tower with Radar,10,6,11,0,27,0,0,14,0,14,10,6,25,0,41,25,0,25,66
06/02/2013,ASE,CO,ANM,WE,Combined TRACON& Tower with Radar,8,14,10,0,32,0,0,11,0,11,8,14,21,0,43,29,0,29,72
06/03/2013,ASE,CO,ANM,WE,Combined TRACON& Tower with Radar,9,15,13,0,37,0,0,8,0,8,9,15,21,0,45,7,0,7,52
06/04/2013,ASE,CO,ANM,WE,Combined TRACON& Tower with Radar,8,11,16,0,35,0,0,9,0,9,8,11,25,0,44,6,0,6,50
06/05/2013,ASE,CO,ANM,WE,Combined TRACON& Tower with Radar,8,7,7,0,22,0,0,1,0,1,8,7,8,0,23,3,0,3,26
06/06/2013,ASE,CO,ANM,WE,Combined TRACON& Tower with Radar,23,20,16,0,59,0,0,4,0,4,23,20,20,0,63,16,0,16,79
06/07/2013,ASE,CO,ANM,WE,Combined TRACON& Tower with Radar,24,26,18,0,68,0,0,4,0,4,24,26,22,0,72,4,0,4,76
06/08/2013,ASE,CO,ANM,WE,Combined TRACON& Tower with Radar,24,19,13,0,56,0,0,4,0,4,24,19,17,0,60,0,0,0,60
06/09/2013,ASE,CO,ANM,WE,Combined TRACON& Tower with Radar,31,25,43,0,99,0,0,19,0,19,31,25,62,0,118,27,0,27,145
06/10/2013,ASE,CO,ANM,WE,Combined TRACON& Tower with Radar,23,26,27,0,76,0,0,10,0,10,23,26,37,0,86,8,0,8,94
06/11/2013,ASE,CO,ANM,WE,Combined TRACON& Tower with Radar,23,12,4,2,41,0,0,10,0,10,23,12,14,2,51,7,0,7,58
06/12/2013,ASE,CO,ANM,WE,Combined TRACON& Tower with Radar,27,15,24,0,66,0,0,8,0,8,27,15,32,0,74,21,0,21,95
06/13/2013,ASE,CO,ANM,WE,Combined TRACON& Tower with Radar,27,47,64,0,138,0,1,7,0,8,27,48,71,0,146,8,0,8,154
06/14/2013,ASE,CO,ANM,WE,Combined TRACON& Tower with Radar,28,33,37,0,98,0,0,12,0,12,28,33,49,0,110,17,0,17,127
06/15/2013,ASE,CO,ANM,WE,Combined TRACON& Tower with Radar,23,33,34,0,90,0,0,11,0,11,23,33,45,0,101,10,0,10,111
06/16/2013,ASE,CO,ANM,WE,Combined TRACON& Tower with Radar,32,65,65,0,162,0,0,3,0,3,32,65,68,0,165,4,0,4,169
06/17/2013,ASE,CO,ANM,WE,Combined TRACON& Tower with Radar,27,22,45,0,94,0,0,11,0,11,27,22,56,0,105,26,0,26,131
06/18/2013,ASE,CO,ANM,WE,Combined TRACON& Tower with Radar,27,21,31,0,79,0,0,7,2,9,27,21,38,2,88,20,1,21,109
06/19/2013,ASE,CO,ANM,WE,Combined TRACON& Tower with Radar,28,31,23,6,88,0,0,2,0,2,28,31,25,6,90,7,0,7,97
06/20/2013,ASE,CO,ANM,WE,Combined TRACON& Tower with Radar,27,36,36,2,101,0,0,6,0,6,27,36,42,2,107,13,0,13,120
06/21/2013,ASE,CO,ANM,WE,Combined TRACON& Tower with Radar,26,33,32,0,91,0,0,15,0,15,26,33,47,0,106,14,0,14,120
06/22/2013,ASE,CO,ANM,WE,Combined TRACON& Tower with Radar,29,46,36,0,111,0,0,9,0,9,29,46,45,0,120,14,0,14,134
06/23/2013,ASE,CO,ANM,WE,Combined TRACON& Tower with Radar,29,32,55,0,116,0,0,8,0,8,29,32,63,0,124,21,0,21,145
06/24/2013,ASE,CO,ANM,WE,Combined TRACON& Tower with Radar,28,36,57,0,121,0,0,7,0,7,28,36,64,0,128,3,0,3,131
06/25/2013,ASE,CO,ANM,WE,Combined TRACON& Tower with Radar,27,22,37,0,86,0,0,11,0,11,27,22,48,0,97,12,0,12,109
06/26/2013,ASE,CO,ANM,WE,Combined TRACON& Tower with Radar,27,47,53,0,127,0,0,13,0,13,27,47,66,0,140,16,0,16,156
06/27/2013,ASE,CO,ANM,WE,Combined TRACON& Tower with Radar,27,58,58,0,143,0,1,8,3,12,27,59,66,3,155,17,0,17,172
06/28/2013,ASE,CO,ANM,WE,Combined TRACON& Tower with Radar,27,64,62,0,153,0,0,9,0,9,27,64,71,0,162,8,0,8,170
06/29/2013,ASE,CO,ANM,WE,Combined TRACON& Tower with Radar,28,59,78,0,165,0,0,15,0,15,28,59,93,0,180,7,0,7,187
06/30/2013,ASE,CO,ANM,WE,Combined TRACON& Tower with Radar,34,64,71,0,169,0,0,11,0,11,34,64,82,0,180,10,0,10,190
07/01/2013,ASE,CO,ANM,WE,Combined TRACON& Tower with Radar,27,31,36,0,94,0,0,10,0,10,27,31,46,0,104,13,0,13,117
07/02/2013,ASE,CO,ANM,WE,Combined TRACON& Tower with Radar,28,53,59,0,140,0,0,12,0,12,28,53,71,0,152,18,0,18,170
07/03/2013,ASE,CO,ANM,WE,Combined TRACON& Tower with Radar,28,38,77,0,143,0,0,16,0,16,28,38,93,0,159,20,0,20,179
07/04/2013,ASE,CO,ANM,WE,Combined TRACON& Tower with Radar,24,16,27,0,67,0,0,4,0,4,24,16,31,0,71,7,0,7,78
07/05/2013,ASE,CO,ANM,WE,Combined TRACON& Tower with Radar,26,41,34,0,101,0,0,0,0,0,26,41,34,0,101,5,0,5,106
07/06/2013,ASE,CO,ANM,WE,Combined TRACON& Tower with Radar,31,61,59,0,151,0,0,8,0,8,31,61,67,0,159,19,0,19,178
07/07/2013,ASE,CO,ANM,WE,Combined TRACON& Tower with Radar,32,84,118,0,234,0,0,11,0,11,32,84,129,0,245,13,0,13,258
07/08/2013,ASE,CO,ANM,WE,Combined TRACON& Tower with Radar,28,48,64,0,140,0,0,15,0,15,28,48,79,0,155,10,0,10,165
07/09/2013,ASE,CO,ANM,WE,Combined TRACON& Tower with Radar,27,35,44,0,106,0,0,14,0,14,27,35,58,0,120,11,1,12,132
07/10/2013,ASE,CO,ANM,WE,Combined TRACON& Tower with Radar,26,34,37,0,97,0,0,8,0,8,26,34,45,0,105,12,0,12,117
07/11/2013,ASE,CO,ANM,WE,Combined TRACON& Tower with Radar,26,47,45,0,118,0,1,7,0,8,26,48,52,0,126,17,0,17,143
07/12/2013,ASE,CO,ANM,WE,Combined TRACON& Tower with Radar,27,51,79,0,157,0,0,12,0,12,27,51,91,0,169,21,0,21,190
07/13/2013,ASE,CO,ANM,WE,Combined TRACON& Tower with Radar,24,27,32,0,83,0,0,6,0,6,24,27,38,0,89,23,0,23,112
07/14/2013,ASE,CO,ANM,WE,Combined TRACON& Tower with Radar,33,45,63,0,141,0,0,13,0,13,33,45,76,0,154,19,0,19,173
07/15/2013,ASE,CO,ANM,WE,Combined TRACON& Tower with Radar,26,30,48,0,104,0,0,12,0,12,26,30,60,0,116,14,0,14,130
07/16/2013,ASE,CO,ANM,WE,Combined TRACON& Tower with Radar,25,32,36,0,93,0,0,8,0,8,25,32,44,0,101,10,0,10,111
07/17/2013,ASE,CO,ANM,WE,Combined TRACON& Tower with Radar,27,36,54,2,119,0,0,12,0,12,27,36,66,2,131,15,0,15,146
07/18/2013,ASE,CO,ANM,WE,Combined TRACON& Tower with Radar,25,39,54,0,118,0,0,12,0,12,25,39,66,0,130,10,0,10,140
07/19/2013,ASE,CO,ANM,WE,Combined TRACON& Tower with Radar,28,46,46,0,120,0,0,9,0,9,28,46,55,0,129,10,0,10,139
07/20/2013,ASE,CO,ANM,WE,Combined TRACON& Tower with Radar,31,48,50,0,129,0,0,9,0,9,31,48,59,0,138,13,0,13,151
07/21/2013,ASE,CO,ANM,WE,Combined TRACON& Tower with Radar,34,58,57,0,149,0,0,11,0,11,34,58,68,0,160,25,0,25,185
07/22/2013,ASE,CO,ANM,WE,Combined TRACON& Tower with Radar,26,55,44,0,125,0,0,12,0,12,26,55,56,0,137,12,0,12,149
07/23/2013,ASE,CO,ANM,WE,Combined TRACON& Tower with Radar,28,47,55,0,130,0,0,14,0,14,28,47,69,0,144,27,0,27,171
07/24/2013,ASE,CO,ANM,WE,Combined TRACON& Tower with Radar,22,52,88,0,162,0,1,10,0,11,22,53,98,0,173,13,0,13,186
07/25/2013,ASE,CO,ANM,WE,Combined TRACON& Tower with Radar,29,41,49,0,119,0,0,10,0,10,29,41,59,0,129,16,0,16,145
07/26/2013,ASE,CO,ANM,WE,Combined TRACON& Tower with Radar,27,57,77,0,161,0,0,17,0,17,27,57,94,0,178,18,0,18,196
07/27/2013,ASE,CO,ANM,WE,Combined TRACON& Tower with Radar,32,63,45,0,140,0,0,8,0,8,32,63,53,0,148,27,0,27,175
07/28/2013,ASE,CO,ANM,WE,Combined TRACON& Tower with Radar,34,58,68,0,160,0,0,1,0,1,34,58,69,0,161,2,0,2,163
07/29/2013,ASE,CO,ANM,WE,Combined TRACON& Tower with Radar,23,37,43,0,103,0,0,1,0,1,23,37,44,0,104,6,0,6,110
07/30/2013,ASE,CO,ANM,WE,Combined TRACON& Tower with Radar,27,36,37,0,100,0,0,9,0,9,27,36,46,0,109,23,0,23,132
07/31/2013,ASE,CO,ANM,WE,Combined TRACON& Tower with Radar,27,43,44,0,114,0,0,13,0,13,27,43,57,0,127,11,0,11,138
08/01/2013,ASE,CO,ANM,WE,Combined TRACON& Tower with Radar,29,57,75,0,161,0,0,8,1,9,29,57,83,1,170,7,2,9,179
08/02/2013,ASE,CO,ANM,WE,Combined TRACON& Tower with Radar,27,61,59,0,147,0,0,6,0,6,27,61,65,0,153,10,0,10,163
08/03/2013,ASE,CO,ANM,WE,Combined TRACON& Tower with Radar,30,45,52,0,127,0,1,8,2,11,30,46,60,2,138,10,0,10,148
08/04/2013,ASE,CO,ANM,WE,Combined TRACON& Tower with Radar,34,75,84,0,193,0,0,8,0,8,34,75,92,0,201,20,0,20,221
08/05/2013,ASE,CO,ANM,WE,Combined TRACON& Tower with Radar,27,49,57,0,133,0,0,9,0,9,27,49,66,0,142,12,0,12,154
08/06/2013,ASE,CO,ANM,WE,Combined TRACON& Tower with Radar,30,50,48,0,128,0,0,7,0,7,30,50,55,0,135,8,0,8,143
08/07/2013,ASE,CO,ANM,WE,Combined TRACON& Tower with Radar,27,50,46,0,123,0,0,4,0,4,27,50,50,0,127,9,0,9,136
08/08/2013,ASE,CO,ANM,WE,Combined TRACON& Tower with Radar,27,55,51,0,133,0,0,4,0,4,27,55,55,0,137,3,0,3,140
08/09/2013,ASE,CO,ANM,WE,Combined TRACON& Tower with Radar,28,51,63,0,142,0,0,11,0,11,28,51,74,0,153,15,0,15,168
08/10/2013,ASE,CO,ANM,WE,Combined TRACON& Tower with Radar,31,46,49,0,126,0,0,7,0,7,31,46,56,0,133,13,0,13,146
08/11/2013,ASE,CO,ANM,WE,Combined TRACON& Tower with Radar,34,89,80,0,203,0,0,11,0,11,34,89,91,0,214,12,0,12,226
08/12/2013,ASE,CO,ANM,WE,Combined TRACON& Tower with Radar,24,32,49,0,105,0,0,7,0,7,24,32,56,0,112,10,0,10,122
08/13/2013,ASE,CO,ANM,WE,Combined TRACON& Tower with Radar,25,36,41,0,102,0,0,6,0,6,25,36,47,0,108,8,0,8,116
08/14/2013,ASE,CO,ANM,WE,Combined TRACON& Tower with Radar,24,43,51,0,118,0,0,16,0,16,24,43,67,0,134,8,0,8,142
08/15/2013,ASE,CO,ANM,WE,Combined TRACON& Tower with Radar,25,39,46,0,110,0,0,15,1,16,25,39,61,1,126,14,0,14,140
08/16/2013,ASE,CO,ANM,WE,Combined TRACON& Tower with Radar,24,43,52,0,119,0,0,12,0,12,24,43,64,0,131,27,0,27,158
08/17/2013,ASE,CO,ANM,WE,Combined TRACON& Tower with Radar,25,42,38,0,105,0,0,15,0,15,25,42,53,0,120,24,0,24,144
08/18/2013,ASE,CO,ANM,WE,Combined TRACON& Tower with Radar,29,71,64,0,164,0,0,10,0,10,29,71,74,0,174,22,0,22,196
08/19/2013,ASE,CO,ANM,WE,Combined TRACON& Tower with Radar,26,30,53,0,109,0,0,10,0,10,26,30,63,0,119,12,0,12,131
08/20/2013,ASE,CO,ANM,WE,Combined TRACON& Tower with Radar,24,35,51,0,110,0,0,3,0,3,24,35,54,0,113,12,0,12,125
08/21/2013,ASE,CO,ANM,WE,Combined TRACON& Tower with Radar,21,43,69,0,133,0,0,10,0,10,21,43,79,0,143,12,0,12,155
08/22/2013,ASE,CO,ANM,WE,Combined TRACON& Tower with Radar,23,24,53,0,100,0,0,6,0,6,23,24,59,0,106,7,0,7,113
08/23/2013,ASE,CO,ANM,WE,Combined TRACON& Tower with Radar,25,36,61,0,122,0,1,8,0,9,25,37,69,0,131,7,0,7,138
08/24/2013,ASE,CO,ANM,WE,Combined TRACON& Tower with Radar,30,29,32,0,91,0,0,4,0,4,30,29,36,0,95,25,0,25,120
08/25/2013,ASE,CO,ANM,WE,Combined TRACON& Tower with Radar,30,58,60,0,148,0,1,3,0,4,30,59,63,0,152,9,0,9,161
08/26/2013,ASE,CO,ANM,WE,Combined TRACON& Tower with Radar,25,30,25,0,80,0,0,7,0,7,25,30,32,0,87,2,0,2,89
08/27/2013,ASE,CO,ANM,WE,Combined TRACON& Tower with Radar,16,27,30,0,73,0,0,13,0,13,16,27,43,0,86,15,0,15,101
08/28/2013,ASE,CO,ANM,WE,Combined TRACON& Tower with Radar,15,38,55,0,108,0,0,13,0,13,15,38,68,0,121,21,0,21,142
08/29/2013,ASE,CO,ANM,WE,Combined TRACON& Tower with Radar,15,43,57,0,115,0,0,18,0,18,15,43,75,0,133,21,0,21,154
08/30/2013,ASE,CO,ANM,WE,Combined TRACON& Tower with Radar,17,72,68,0,157,0,0,15,0,15,17,72,83,0,172,27,0,27,199
08/31/2013,ASE,CO,ANM,WE,Combined TRACON& Tower with Radar,15,36,27,0,78,0,0,5,0,5,15,36,32,0,83,7,0,7,90
09/01/2013,ASE,CO,ANM,WE,Combined TRACON& Tower with Radar,20,34,20,0,74,0,0,9,0,9,20,34,29,0,83,10,0,10,93
09/02/2013,ASE,CO,ANM,WE,Combined TRACON& Tower with Radar,18,86,89,0,193,0,0,15,0,15,18,86,104,0,208,8,0,8,216
09/03/2013,ASE,CO,ANM,WE,Combined TRACON& Tower with Radar,17,36,37,0,90,0,0,7,0,7,17,36,44,0,97,17,0,17,114
09/04/2013,ASE,CO,ANM,WE,Combined TRACON& Tower with Radar,14,19,17,0,50,0,0,4,0,4,14,19,21,0,54,7,0,7,61
09/05/2013,ASE,CO,ANM,WE,Combined TRACON& Tower with Radar,16,32,22,0,70,0,0,7,0,7,16,32,29,0,77,11,0,11,88
09/06/2013,ASE,CO,ANM,WE,Combined TRACON& Tower with Radar,18,21,25,0,64,0,0,10,0,10,18,21,35,0,74,8,0,8,82
09/07/2013,ASE,CO,ANM,WE,Combined TRACON& Tower with Radar,16,28,18,0,62,0,0,10,0,10,16,28,28,0,72,16,0,16,88
09/08/2013,ASE,CO,ANM,WE,Combined TRACON& Tower with Radar,20,38,33,0,91,0,0,18,0,18,20,38,51,0,109,20,0,20,129
09/09/2013,ASE,CO,ANM,WE,Combined TRACON& Tower with Radar,13,23,22,0,58,0,0,3,0,3,13,23,25,0,61,4,0,4,65
09/10/2013,ASE,CO,ANM,WE,Combined TRACON& Tower with Radar,15,21,18,0,54,0,0,1,0,1,15,21,19,0,55,2,0,2,57
09/11/2013,ASE,CO,ANM,WE,Combined TRACON& Tower with Radar,15,19,21,0,55,0,0,5,0,5,15,19,26,0,60,7,0,7,67
09/12/2013,ASE,CO,ANM,WE,Combined TRACON& Tower with Radar,18,25,15,0,58,0,0,4,0,4,18,25,19,0,62,4,0,4,66
09/13/2013,ASE,CO,ANM,WE,Combined TRACON& Tower with Radar,18,23,26,0,67,0,0,5,0,5,18,23,31,0,72,24,0,24,96
09/14/2013,ASE,CO,ANM,WE,Combined TRACON& Tower with Radar,15,16,17,0,48,0,0,1,0,1,15,16,18,0,49,0,0,0,49
09/15/2013,ASE,CO,ANM,WE,Combined TRACON& Tower with Radar,20,17,40,0,77,0,0,5,0,5,20,17,45,0,82,9,0,9,91
09/16/2013,ASE,CO,ANM,WE,Combined TRACON& Tower with Radar,16,16,17,0,49,0,0,6,0,6,16,16,23,0,55,6,0,6,61
09/17/2013,ASE,CO,ANM,WE,Combined TRACON& Tower with Radar,16,14,7,2,39,0,0,3,0,3,16,14,10,2,42,22,0,22,64
09/18/2013,ASE,CO,ANM,WE,Combined TRACON& Tower with Radar,15,13,25,0,53,0,0,4,0,4,15,13,29,0,57,4,0,4,61
09/19/2013,ASE,CO,ANM,WE,Combined TRACON& Tower with Radar,17,30,24,0,71,0,0,6,0,6,17,30,30,0,77,14,0,14,91
09/20/2013,ASE,CO,ANM,WE,Combined TRACON& Tower with Radar,18,36,36,0,90,0,0,7,0,7,18,36,43,0,97,16,0,16,113
09/21/2013,ASE,CO,ANM,WE,Combined TRACON& Tower with Radar,16,29,18,0,63,0,0,16,0,16,16,29,34,0,79,16,0,16,95
09/22/2013,ASE,CO,ANM,WE,Combined TRACON& Tower with Radar,19,17,48,0,84,0,0,2,0,2,19,17,50,0,86,0,0,0,86
09/23/2013,ASE,CO,ANM,WE,Combined TRACON& Tower with Radar,20,18,36,0,74,0,0,6,0,6,20,18,42,0,80,0,0,0,80
09/24/2013,ASE,CO,ANM,WE,Combined TRACON& Tower with Radar,16,13,29,0,58,0,0,8,0,8,16,13,37,0,66,27,2,29,95
09/25/2013,ASE,CO,ANM,WE,Combined TRACON& Tower with Radar,10,8,30,0,48,0,0,12,0,12,10,8,42,0,60,12,0,12,72
09/26/2013,ASE,CO,ANM,WE,Combined TRACON& Tower with Radar,9,12,16,0,37,0,0,11,0,11,9,12,27,0,48,5,0,5,53
09/27/2013,ASE,CO,ANM,WE,Combined TRACON& Tower with Radar,9,24,28,0,61,0,0,1,0,1,9,24,29,0,62,8,0,8,70
09/28/2013,ASE,CO,ANM,WE,Combined TRACON& Tower with Radar,8,25,17,2,52,0,0,7,2,9,8,25,24,4,61,14,0,14,75
09/29/2013,ASE,CO,ANM,WE,Combined TRACON& Tower with Radar,11,25,35,0,71,0,0,18,0,18,11,25,53,0,89,25,0,25,114
09/30/2013,ASE,CO,ANM,WE,Combined TRACON& Tower with Radar,9,12,21,0,42,0,0,11,0,11,9,12,32,0,53,20,0,20,73
10/01/2013,ASE,CO,ANM,WE,Combined TRACON& Tower with Radar,7,19,16,0,42,0,0,9,0,9,7,19,25,0,51,21,0,21,72
10/02/2013,ASE,CO,ANM,WE,Combined TRACON& Tower with Radar,9,10,17,0,36,0,0,15,0,15,9,10,32,0,51,27,0,27,78
10/03/2013,ASE,CO,ANM,WE,Combined TRACON& Tower with Radar,9,41,64,0,114,0,0,4,0,4,9,41,68,0,118,4,0,4,122
10/04/2013,ASE,CO,ANM,WE,Combined TRACON& Tower with Radar,8,15,12,0,35,0,0,0,0,0,8,15,12,0,35,0,0,0,35
10/05/2013,ASE,CO,ANM,WE,Combined TRACON& Tower with Radar,8,27,41,0,76,0,0,8,0,8,8,27,49,0,84,13,0,13,97
10/06/2013,ASE,CO,ANM,WE,Combined TRACON& Tower with Radar,11,44,51,0,106,0,0,9,0,9,11,44,60,0,115,16,0,16,131
10/07/2013,ASE,CO,ANM,WE,Combined TRACON& Tower with Radar,9,16,17,0,42,0,0,12,0,12,9,16,29,0,54,10,0,10,64
10/08/2013,ASE,CO,ANM,WE,Combined TRACON& Tower with Radar,9,12,21,0,42,0,0,13,0,13,9,12,34,0,55,9,0,9,64
10/09/2013,ASE,CO,ANM,WE,Combined TRACON& Tower with Radar,9,11,13,0,33,0,0,5,0,5,9,11,18,0,38,16,0,16,54
10/10/2013,ASE,CO,ANM,WE,Combined TRACON& Tower with Radar,8,7,17,0,32,0,0,0,0,0,8,7,17,0,32,0,0,0,32
10/11/2013,ASE,CO,ANM,WE,Combined TRACON& Tower with Radar,7,9,16,0,32,0,0,0,0,0,7,9,16,0,32,0,0,0,32
10/12/2013,ASE,CO,ANM,WE,Combined TRACON& Tower with Radar,8,18,14,0,40,0,0,9,0,9,8,18,23,0,49,18,0,18,67
10/13/2013,ASE,CO,ANM,WE,Combined TRACON& Tower with Radar,11,10,15,0,36,0,0,4,0,4,11,10,19,0,40,6,0,6,46
10/14/2013,ASE,CO,ANM,WE,Combined TRACON& Tower with Radar,9,5,21,0,35,0,0,0,0,0,9,5,21,0,35,0,0,0,35
10/15/2013,ASE,CO,ANM,WE,Combined TRACON& Tower with Radar,9,7,8,0,24,0,0,1,0,1,9,7,9,0,25,1,0,1,26
10/16/2013,ASE,CO,ANM,WE,Combined TRACON& Tower with Radar,9,6,9,0,24,0,0,3,0,3,9,6,12,0,27,16,0,16,43
10/17/2013,ASE,CO,ANM,WE,Combined TRACON& Tower with Radar,9,6,17,0,32,0,0,10,0,10,9,6,27,0,42,10,0,10,52
10/18/2013,ASE,CO,ANM,WE,Combined TRACON& Tower with Radar,9,13,12,0,34,0,0,7,0,7,9,13,19,0,41,7,0,7,48
10/19/2013,ASE,CO,ANM,WE,Combined TRACON& Tower with Radar,8,12,1,0,21,0,0,5,0,5,8,12,6,0,26,12,0,12,38
10/20/2013,ASE,CO,ANM,WE,Combined TRACON& Tower with Radar,11,16,8,0,35,0,0,3,0,3,11,16,11,0,38,5,0,5,43
10/21/2013,ASE,CO,ANM,WE,Combined TRACON& Tower with Radar,9,10,10,0,29,0,0,8,0,8,9,10,18,0,37,18,0,18,55
10/22/2013,ASE,CO,ANM,WE,Combined TRACON& Tower with Radar,9,10,9,0,28,0,0,13,0,13,9,10,22,0,41,8,0,8,49
10/23/2013,ASE,CO,ANM,WE,Combined TRACON& Tower with Radar,8,8,6,0,22,0,0,10,0,10,8,8,16,0,32,12,0,12,44
10/24/2013,ASE,CO,ANM,WE,Combined TRACON& Tower with Radar,9,10,14,0,33,0,0,16,0,16,9,10,30,0,49,12,0,12,61
10/25/2013,ASE,CO,ANM,WE,Combined TRACON& Tower with Radar,9,18,16,0,43,0,0,11,0,11,9,18,27,0,54,26,0,26,80
10/26/2013,ASE,CO,ANM,WE,Combined TRACON& Tower with Radar,8,6,14,0,28,0,0,6,0,6,8,6,20,0,34,11,0,11,45
10/27/2013,ASE,CO,ANM,WE,Combined TRACON& Tower with Radar,11,8,19,0,38,0,0,12,0,12,11,8,31,0,50,22,0,22,72
10/28/2013,ASE,CO,ANM,WE,Combined TRACON& Tower with Radar,9,3,5,0,17,0,0,3,0,3,9,3,8,0,20,4,0,4,24
10/29/2013,ASE,CO,ANM,WE,Combined TRACON& Tower with Radar,10,1,2,0,13,0,0,0,0,0,10,1,2,0,13,0,0,0,13
10/30/2013,ASE,CO,ANM,WE,Combined TRACON& Tower with Radar,7,4,14,0,25,0,0,0,0,0,7,4,14,0,25,0,0,0,25
10/31/2013,ASE,CO,ANM,WE,Combined TRACON& Tower with Radar,8,5,13,0,26,0,0,0,0,0,8,5,13,0,26,0,0,0,26
11/01/2013,ASE,CO,ANM,WE,Combined TRACON& Tower with Radar,9,11,12,2,34,0,0,2,0,2,9,11,14,2,36,1,6,7,43
11/02/2013,ASE,CO,ANM,WE,Combined TRACON& Tower with Radar,8,6,6,0,20,0,0,7,0,7,8,6,13,0,27,9,0,9,36
11/03/2013,ASE,CO,ANM,WE,Combined TRACON& Tower with Radar,10,10,18,0,38,0,0,7,0,7,10,10,25,0,45,3,0,3,48
11/04/2013,ASE,CO,ANM,WE,Combined TRACON& Tower with Radar,8,13,15,0,36,0,0,4,0,4,8,13,19,0,40,3,0,3,43
11/05/2013,ASE,CO,ANM,WE,Combined TRACON& Tower with Radar,8,4,6,0,18,0,0,0,0,0,8,4,6,0,18,3,0,3,21
11/06/2013,ASE,CO,ANM,WE,Combined TRACON& Tower with Radar,8,5,7,0,20,0,0,6,0,6,8,5,13,0,26,2,0,2,28
11/07/2013,ASE,CO,ANM,WE,Combined TRACON& Tower with Radar,9,7,12,0,28,0,0,7,0,7,9,7,19,0,35,4,0,4,39
11/08/2013,ASE,CO,ANM,WE,Combined TRACON& Tower with Radar,9,9,13,0,31,0,0,7,0,7,9,9,20,0,38,3,0,3,41
11/09/2013,ASE,CO,ANM,WE,Combined TRACON& Tower with Radar,8,9,10,0,27,0,0,8,0,8,8,9,18,0,35,12,0,12,47
11/10/2013,ASE,CO,ANM,WE,Combined TRACON& Tower with Radar,9,12,11,0,32,0,0,10,0,10,9,12,21,0,42,7,0,7,49
11/11/2013,ASE,CO,ANM,WE,Combined TRACON& Tower with Radar,5,4,17,0,26,0,0,11,0,11,5,4,28,0,37,18,0,18,55
11/12/2013,ASE,CO,ANM,WE,Combined TRACON& Tower with Radar,7,5,6,0,18,0,0,6,0,6,7,5,12,0,24,9,0,9,33
11/13/2013,ASE,CO,ANM,WE,Combined TRACON& Tower with Radar,8,8,5,0,21,0,0,10,0,10,8,8,15,0,31,8,0,8,39
11/14/2013,ASE,CO,ANM,WE,Combined TRACON& Tower with Radar,9,10,7,0,26,0,0,5,0,5,9,10,12,0,31,18,0,18,49
11/15/2013,ASE,CO,ANM,WE,Combined TRACON& Tower with Radar,10,15,15,0,40,0,0,2,0,2,10,15,17,0,42,0,0,0,42
11/16/2013,ASE,CO,ANM,WE,Combined TRACON& Tower with Radar,2,3,8,0,13,0,0,1,0,1,2,3,9,0,14,0,0,0,14
11/17/2013,ASE,CO,ANM,WE,Combined TRACON& Tower with Radar,7,8,11,0,26,0,0,2,0,2,7,8,13,0,28,7,0,7,35
11/18/2013,ASE,CO,ANM,WE,Combined TRACON& Tower with Radar,8,18,9,0,35,0,0,7,0,7,8,18,16,0,42,11,0,11,53
11/19/2013,ASE,CO,ANM,WE,Combined TRACON& Tower with Radar,8,5,2,0,15,0,0,3,0,3,8,5,5,0,18,25,0,25,43
11/20/2013,ASE,CO,ANM,WE,Combined TRACON& Tower with Radar,8,9,16,0,33,0,0,1,0,1,8,9,17,0,34,0,0,0,34
11/21/2013,ASE,CO,ANM,WE,Combined TRACON& Tower with Radar,6,2,6,0,14,0,0,0,0,0,6,2,6,0,14,0,0,0,14
11/22/2013,ASE,CO,ANM,WE,Combined TRACON& Tower with Radar,8,5,7,0,20,0,0,1,0,1,8,5,8,0,21,0,0,0,21
11/23/2013,ASE,CO,ANM,WE,Combined TRACON& Tower with Radar,8,12,17,0,37,0,0,1,0,1,8,12,18,0,38,1,0,1,39
11/24/2013,ASE,CO,ANM,WE,Combined TRACON& Tower with Radar,6,2,2,0,10,0,0,0,0,0,6,2,2,0,10,0,0,0,10
11/25/2013,ASE,CO,ANM,WE,Combined TRACON& Tower with Radar,11,10,20,0,41,0,0,0,0,0,11,10,20,0,41,13,0,13,54
11/26/2013,ASE,CO,ANM,WE,Combined TRACON& Tower with Radar,12,17,21,0,50,0,0,6,0,6,12,17,27,0,56,17,0,17,73
11/27/2013,ASE,CO,ANM,WE,Combined TRACON& Tower with Radar,14,16,38,0,68,0,0,9,0,9,14,16,47,0,77,7,0,7,84
11/28/2013,ASE,CO,ANM,WE,Combined TRACON& Tower with Radar,5,11,8,0,24,0,0,3,0,3,5,11,11,0,27,4,0,4,31
11/29/2013,ASE,CO,ANM,WE,Combined TRACON& Tower with Radar,7,15,18,0,40,0,0,2,0,2,7,15,20,0,42,2,0,2,44
11/30/2013,ASE,CO,ANM,WE,Combined TRACON& Tower with Radar,11,28,19,0,58,0,0,11,0,11,11,28,30,0,69,15,0,15,84
12/01/2013,ASE,CO,ANM,WE,Combined TRACON& Tower with Radar,13,41,51,0,105,0,0,7,0,7,13,41,58,0,112,7,0,7,119
12/02/2013,ASE,CO,ANM,WE,Combined TRACON& Tower with Radar,9,31,14,0,54,0,0,0,0,0,9,31,14,0,54,0,0,0,54
12/03/2013,ASE,CO,ANM,WE,Combined TRACON& Tower with Radar,7,13,5,0,25,0,0,0,0,0,7,13,5,0,25,0,0,0,25
12/04/2013,ASE,CO,ANM,WE,Combined TRACON& Tower with Radar,1,0,0,0,1,0,0,0,0,0,1,0,0,0,1,0,0,0,1
12/05/2013,ASE,CO,ANM,WE,Combined TRACON& Tower with Radar,15,21,19,0,55,0,0,2,0,2,15,21,21,0,57,2,0,2,59
12/06/2013,ASE,CO,ANM,WE,Combined TRACON& Tower with Radar,18,15,18,0,51,0,0,1,0,1,18,15,19,0,52,0,0,0,52
12/07/2013,ASE,CO,ANM,WE,Combined TRACON& Tower with Radar,18,7,11,0,36,0,0,0,0,0,18,7,11,0,36,0,0,0,36
12/08/2013,ASE,CO,ANM,WE,Combined TRACON& Tower with Radar,11,2,5,0,18,0,0,0,0,0,11,2,5,0,18,2,0,2,20
12/09/2013,ASE,CO,ANM,WE,Combined TRACON& Tower with Radar,14,10,12,0,36,0,0,2,0,2,14,10,14,0,38,0,0,0,38
12/10/2013,ASE,CO,ANM,WE,Combined TRACON& Tower with Radar,13,16,17,0,46,0,0,2,0,2,13,16,19,0,48,3,0,3,51
12/11/2013,ASE,CO,ANM,WE,Combined TRACON& Tower with Radar,15,16,10,1,42,0,0,7,1,8,15,16,17,2,50,10,0,10,60
12/12/2013,ASE,CO,ANM,WE,Combined TRACON& Tower with Radar,16,15,9,0,40,0,0,11,0,11,16,15,20,0,51,7,0,7,58
12/13/2013,ASE,CO,ANM,WE,Combined TRACON& Tower with Radar,16,15,25,0,56,0,0,11,0,11,16,15,36,0,67,26,0,26,93
12/14/2013,ASE,CO,ANM,WE,Combined TRACON& Tower with Radar,18,25,27,0,70,0,0,6,0,6,18,25,33,0,76,0,0,0,76
12/15/2013,ASE,CO,ANM,WE,Combined TRACON& Tower with Radar,15,24,38,0,77,0,0,4,0,4,15,24,42,0,81,0,0,0,81
12/16/2013,ASE,CO,ANM,WE,Combined TRACON& Tower with Radar,16,20,25,0,61,0,0,6,0,6,16,20,31,0,67,0,0,0,67
12/17/2013,ASE,CO,ANM,WE,Combined TRACON& Tower with Radar,13,27,22,0,62,0,0,6,0,6,13,27,28,0,68,0,0,0,68
12/18/2013,ASE,CO,ANM,WE,Combined TRACON& Tower with Radar,15,26,38,0,79,0,0,5,0,5,15,26,43,0,84,0,0,0,84
12/19/2013,ASE,CO,ANM,WE,Combined TRACON& Tower with Radar,46,37,40,0,123,0,0,4,0,4,46,37,44,0,127,7,0,7,134
12/20/2013,ASE,CO,ANM,WE,Combined TRACON& Tower with Radar,17,8,22,0,47,0,0,0,0,0,17,8,22,0,47,0,0,0,47
12/21/2013,ASE,CO,ANM,WE,Combined TRACON& Tower with Radar,44,51,65,0,160,0,0,0,0,0,44,51,65,0,160,0,0,0,160
12/22/2013,ASE,CO,ANM,WE,Combined TRACON& Tower with Radar,49,67,61,0,177,0,0,0,0,0,49,67,61,0,177,0,0,0,177
12/23/2013,ASE,CO,ANM,WE,Combined TRACON& Tower with Radar,48,35,78,0,161,0,0,1,0,1,48,35,79,0,162,1,0,1,163
12/24/2013,ASE,CO,ANM,WE,Combined TRACON& Tower with Radar,40,17,35,0,92,0,0,0,0,0,40,17,35,0,92,0,0,0,92
12/25/2013,ASE,CO,ANM,WE,Combined TRACON& Tower with Radar,40,46,48,0,134,0,0,7,0,7,40,46,55,0,141,8,0,8,149
12/26/2013,ASE,CO,ANM,WE,Combined TRACON& Tower with Radar,47,90,131,0,268,0,0,6,0,6,47,90,137,0,274,3,0,3,277
12/27/2013,ASE,CO,ANM,WE,Combined TRACON& Tower with Radar,51,86,139,0,276,0,2,8,0,10,51,88,147,0,286,12,0,12,298
12/28/2013,ASE,CO,ANM,WE,Combined TRACON& Tower with Radar,51,89,98,0,238,0,0,5,0,5,51,89,103,0,243,2,0,2,245
12/29/2013,ASE,CO,ANM,WE,Combined TRACON& Tower with Radar,51,73,70,0,194,0,0,0,0,0,51,73,70,0,194,1,0,1,195
12/30/2013,ASE,CO,ANM,WE,Combined TRACON& Tower with Radar,49,52,74,0,175,0,0,5,0,5,49,52,79,0,180,8,0,8,188
12/31/2013,ASE,CO,ANM,WE,Combined TRACON& Tower with Radar,45,17,49,0,111,0,0,0,0,0,45,17,49,0,111,0,0,0,111
01/01/2014,ASE,CO,ANM,WE,Combined TRACON& Tower with Radar,47,55,31,0,133,0,0,0,0,0,47,55,31,0,133,0,0,0,133
01/02/2014,ASE,CO,ANM,WE,Combined TRACON& Tower with Radar,45,91,101,0,237,0,0,14,0,14,45,91,115,0,251,3,0,3,254
01/03/2014,ASE,CO,ANM,WE,Combined TRACON& Tower with Radar,49,106,152,0,307,0,0,11,0,11,49,106,163,0,318,5,0,5,323
01/04/2014,ASE,CO,ANM,WE,Combined TRACON& Tower with Radar,38,16,34,0,88,0,0,0,0,0,38,16,34,0,88,0,0,0,88
01/05/2014,ASE,CO,ANM,WE,Combined TRACON& Tower with Radar,6,41,72,0,119,0,0,0,0,0,6,41,72,0,119,0,0,0,119
01/06/2014,ASE,CO,ANM,WE,Combined TRACON& Tower with Radar,0,0,0,0,0,0,0,0,0,0,0,0,0,0,0,4,0,4,4
01/07/2014,ASE,CO,ANM,WE,Combined TRACON& Tower with Radar,34,30,60,0,124,0,0,4,0,4,34,30,64,0,128,2,0,2,130
01/08/2014,ASE,CO,ANM,WE,Combined TRACON& Tower with Radar,39,10,23,0,72,0,0,2,0,2,39,10,25,0,74,4,0,4,78
01/09/2014,ASE,CO,ANM,WE,Combined TRACON& Tower with Radar,39,17,26,0,82,0,0,0,0,0,39,17,26,0,82,1,1,2,84
01/10/2014,ASE,CO,ANM,WE,Combined TRACON& Tower with Radar,3,6,5,0,14,0,0,0,0,0,3,6,5,0,14,0,0,0,14
01/11/2014,ASE,CO,ANM,WE,Combined TRACON& Tower with Radar,51,27,35,0,113,0,0,5,0,5,51,27,40,0,118,5,0,5,123
01/12/2014,ASE,CO,ANM,WE,Combined TRACON& Tower with Radar,27,4,11,0,42,0,0,0,0,0,27,4,11,0,42,0,0,0,42
01/13/2014,ASE,CO,ANM,WE,Combined TRACON& Tower with Radar,38,8,21,0,67,0,0,0,0,0,38,8,21,0,67,2,0,2,69
01/14/2014,ASE,CO,ANM,WE,Combined TRACON& Tower with Radar,21,11,20,0,52,0,0,3,0,3,21,11,23,0,55,0,0,0,55
01/15/2014,ASE,CO,ANM,WE,Combined TRACON& Tower with Radar,37,15,17,0,69,0,0,10,0,10,37,15,27,0,79,7,0,7,86
01/16/2014,ASE,CO,ANM,WE,Combined TRACON& Tower with Radar,40,39,30,0,109,0,0,6,0,6,40,39,36,0,115,7,0,7,122
01/17/2014,ASE,CO,ANM,WE,Combined TRACON& Tower with Radar,32,41,63,0,136,0,1,12,0,13,32,42,75,0,149,19,0,19,168
01/18/2014,ASE,CO,ANM,WE,Combined TRACON& Tower with Radar,49,13,34,0,96,0,0,12,0,12,49,13,46,0,108,17,1,18,126
01/19/2014,ASE,CO,ANM,WE,Combined TRACON& Tower with Radar,49,34,23,0,106,0,0,7,0,7,49,34,30,0,113,24,0,24,137
01/20/2014,ASE,CO,ANM,WE,Combined TRACON& Tower with Radar,43,68,65,0,176,0,0,10,0,10,43,68,75,0,186,10,0,10,196
01/21/2014,ASE,CO,ANM,WE,Combined TRACON& Tower with Radar,40,20,15,8,83,0,0,5,0,5,40,20,20,8,88,11,0,11,99
01/22/2014,ASE,CO,ANM,WE,Combined TRACON& Tower with Radar,42,32,26,4,104,0,0,15,0,15,42,32,41,4,119,7,0,7,126
01/23/2014,ASE,CO,ANM,WE,Combined TRACON& Tower with Radar,42,31,25,0,98,0,0,7,0,7,42,31,32,0,105,3,0,3,108
01/24/2014,ASE,CO,ANM,WE,Combined TRACON& Tower with Radar,38,27,38,0,103,0,0,11,0,11,38,27,49,0,114,8,0,8,122
01/25/2014,ASE,CO,ANM,WE,Combined TRACON& Tower with Radar,51,27,19,0,97,0,0,5,0,5,51,27,24,0,102,11,0,11,113
01/26/2014,ASE,CO,ANM,WE,Combined TRACON& Tower with Radar,53,39,42,0,134,0,0,11,0,11,53,39,53,0,145,3,0,3,148
01/27/2014,ASE,CO,ANM,WE,Combined TRACON& Tower with Radar,32,17,24,0,73,0,0,1,0,1,32,17,25,0,74,2,0,2,76
01/28/2014,ASE,CO,ANM,WE,Combined TRACON& Tower with Radar,33,15,19,0,67,0,1,3,0,4,33,16,22,0,71,16,0,16,87
01/29/2014,ASE,CO,ANM,WE,Combined TRACON& Tower with Radar,41,18,25,0,84,0,0,2,0,2,41,18,27,0,86,6,0,6,92
01/30/2014,ASE,CO,ANM,WE,Combined TRACON& Tower with Radar,4,0,1,0,5,0,0,0,0,0,4,0,1,0,5,0,0,0,5
01/31/2014,ASE,CO,ANM,WE,Combined TRACON& Tower with Radar,0,0,3,0,3,0,0,0,0,0,0,0,3,0,3,0,0,0,3
02/01/2014,ASE,CO,ANM,WE,Combined TRACON& Tower with Radar,41,18,23,0,82,0,0,0,0,0,41,18,23,0,82,0,0,0,82
02/02/2014,ASE,CO,ANM,WE,Combined TRACON& Tower with Radar,49,39,38,0,126,0,0,6,0,6,49,39,44,0,132,8,0,8,140
02/03/2014,ASE,CO,ANM,WE,Combined TRACON& Tower with Radar,38,32,24,0,94,0,0,0,0,0,38,32,24,0,94,2,0,2,96
02/04/2014,ASE,CO,ANM,WE,Combined TRACON& Tower with Radar,29,1,7,0,37,0,0,0,0,0,29,1,7,0,37,0,0,0,37
02/05/2014,ASE,CO,ANM,WE,Combined TRACON& Tower with Radar,40,20,30,0,90,0,0,3,0,3,40,20,33,0,93,1,0,1,94
02/06/2014,ASE,CO,ANM,WE,Combined TRACON& Tower with Radar,39,24,23,0,86,0,0,0,0,0,39,24,23,0,86,0,0,0,86
02/07/2014,ASE,CO,ANM,WE,Combined TRACON& Tower with Radar,32,4,24,0,60,0,0,0,0,0,32,4,24,0,60,0,0,0,60
02/08/2014,ASE,CO,ANM,WE,Combined TRACON& Tower with Radar,28,4,10,0,42,0,0,0,0,0,28,4,10,0,42,0,0,0,42
02/09/2014,ASE,CO,ANM,WE,Combined TRACON& Tower with Radar,37,14,40,0,91,0,0,0,0,0,37,14,40,0,91,0,0,0,91
02/10/2014,ASE,CO,ANM,WE,Combined TRACON& Tower with Radar,24,2,10,0,36,0,0,0,0,0,24,2,10,0,36,0,0,0,36
02/11/2014,ASE,CO,ANM,WE,Combined TRACON& Tower with Radar,38,21,28,0,87,0,0,8,0,8,38,21,36,0,95,17,2,19,114
02/12/2014,ASE,CO,ANM,WE,Combined TRACON& Tower with Radar,38,29,42,0,109,0,0,3,0,3,38,29,45,0,112,10,0,10,122
02/13/2014,ASE,CO,ANM,WE,Combined TRACON& Tower with Radar,43,23,52,0,118,0,0,1,0,1,43,23,53,0,119,11,0,11,130
02/14/2014,ASE,CO,ANM,WE,Combined TRACON& Tower with Radar,48,61,80,1,190,0,0,2,0,2,48,61,82,1,192,4,0,4,196
02/15/2014,ASE,CO,ANM,WE,Combined TRACON& Tower with Radar,51,64,46,0,161,0,0,0,0,0,51,64,46,0,161,1,0,1,162
02/16/2014,ASE,CO,ANM,WE,Combined TRACON& Tower with Radar,27,30,41,0,98,0,0,2,0,2,27,30,43,0,100,2,0,2,102
02/17/2014,ASE,CO,ANM,WE,Combined TRACON& Tower with Radar,40,102,129,1,272,0,0,14,0,14,40,102,143,1,286,9,0,9,295
02/18/2014,ASE,CO,ANM,WE,Combined TRACON& Tower with Radar,50,62,80,0,192,0,1,5,0,6,50,63,85,0,198,5,0,5,203
02/19/2014,ASE,CO,ANM,WE,Combined TRACON& Tower with Radar,41,34,25,0,100,0,0,0,0,0,41,34,25,0,100,0,0,0,100
02/20/2014,ASE,CO,ANM,WE,Combined TRACON& Tower with Radar,27,8,14,0,49,0,0,1,0,1,27,8,15,0,50,0,0,0,50
02/21/2014,ASE,CO,ANM,WE,Combined TRACON& Tower with Radar,48,26,64,0,138,0,0,7,0,7,48,26,71,0,145,4,0,4,149
02/22/2014,ASE,CO,ANM,WE,Combined TRACON& Tower with Radar,66,57,43,0,166,0,0,4,0,4,66,57,47,0,170,3,0,3,173
02/23/2014,ASE,CO,ANM,WE,Combined TRACON& Tower with Radar,59,61,63,0,183,0,0,12,0,12,59,61,75,0,195,7,0,7,202
02/24/2014,ASE,CO,ANM,WE,Combined TRACON& Tower with Radar,47,21,38,0,106,0,0,5,0,5,47,21,43,0,111,19,0,19,130
02/25/2014,ASE,CO,ANM,WE,Combined TRACON& Tower with Radar,43,7,25,0,75,0,0,4,0,4,43,7,29,0,79,6,0,6,85
02/26/2014,ASE,CO,ANM,WE,Combined TRACON& Tower with Radar,45,38,43,0,126,0,0,9,0,9,45,38,52,0,135,25,0,25,160
02/27/2014,ASE,CO,ANM,WE,Combined TRACON& Tower with Radar,51,24,45,0,120,0,0,0,0,0,51,24,45,0,120,0,0,0,120
02/28/2014,ASE,CO,ANM,WE,Combined TRACON& Tower with Radar,46,44,56,2,148,0,0,5,0,5,46,44,61,2,153,17,0,17,170
03/01/2014,ASE,CO,ANM,WE,Combined TRACON& Tower with Radar,27,13,15,0,55,0,0,0,0,0,27,13,15,0,55,0,0,0,55
03/02/2014,ASE,CO,ANM,WE,Combined TRACON& Tower with Radar,59,21,63,0,143,0,0,2,0,2,59,21,65,0,145,0,0,0,145
03/03/2014,ASE,CO,ANM,WE,Combined TRACON& Tower with Radar,53,24,47,0,124,0,0,3,0,3,53,24,50,0,127,0,0,0,127
03/04/2014,ASE,CO,ANM,WE,Combined TRACON& Tower with Radar,50,21,32,0,103,0,0,2,0,2,50,21,34,0,105,19,0,19,124
03/05/2014,ASE,CO,ANM,WE,Combined TRACON& Tower with Radar,45,48,35,0,128,0,0,5,0,5,45,48,40,0,133,2,0,2,135
03/06/2014,ASE,CO,ANM,WE,Combined TRACON& Tower with Radar,50,30,67,0,147,0,0,14,1,15,50,30,81,1,162,3,0,3,165
03/07/2014,ASE,CO,ANM,WE,Combined TRACON& Tower with Radar,7,6,12,0,25,0,0,0,0,0,7,6,12,0,25,0,0,0,25
03/08/2014,ASE,CO,ANM,WE,Combined TRACON& Tower with Radar,44,62,68,0,174,0,0,5,0,5,44,62,73,0,179,7,0,7,186
03/09/2014,ASE,CO,ANM,WE,Combined TRACON& Tower with Radar,53,61,69,0,183,0,0,18,0,18,53,61,87,0,201,26,0,26,227
03/10/2014,ASE,CO,ANM,WE,Combined TRACON& Tower with Radar,50,38,45,0,133,0,0,9,0,9,50,38,54,0,142,11,0,11,153
03/11/2014,ASE,CO,ANM,WE,Combined TRACON& Tower with Radar,36,9,12,0,57,0,0,0,0,0,36,9,12,0,57,0,0,0,57
03/12/2014,ASE,CO,ANM,WE,Combined TRACON& Tower with Radar,43,21,51,0,115,0,0,12,0,12,43,21,63,0,127,2,0,2,129
03/13/2014,ASE,CO,ANM,WE,Combined TRACON& Tower with Radar,51,41,42,0,134,0,0,7,0,7,51,41,49,0,141,2,0,2,143
03/14/2014,ASE,CO,ANM,WE,Combined TRACON& Tower with Radar,51,81,99,3,234,0,0,8,0,8,51,81,107,3,242,6,0,6,248
03/15/2014,ASE,CO,ANM,WE,Combined TRACON& Tower with Radar,51,41,45,0,137,0,0,2,0,2,51,41,47,0,139,0,0,0,139
03/16/2014,ASE,CO,ANM,WE,Combined TRACON& Tower with Radar,55,67,76,0,198,0,0,9,0,9,55,67,85,0,207,0,0,0,207
03/17/2014,ASE,CO,ANM,WE,Combined TRACON& Tower with Radar,41,16,44,0,101,0,0,0,0,0,41,16,44,0,101,0,0,0,101
03/18/2014,ASE,CO,ANM,WE,Combined TRACON& Tower with Radar,41,14,27,0,82,0,0,0,0,0,41,14,27,0,82,0,0,0,82
03/19/2014,ASE,CO,ANM,WE,Combined TRACON& Tower with Radar,47,35,36,0,118,0,0,4,1,5,47,35,40,1,123,4,0,4,127
03/20/2014,ASE,CO,ANM,WE,Combined TRACON& Tower with Radar,46,29,49,0,124,0,0,9,0,9,46,29,58,0,133,0,0,0,133
03/21/2014,ASE,CO,ANM,WE,Combined TRACON& Tower with Radar,51,58,67,2,178,0,0,8,2,10,51,58,75,4,188,11,0,11,199
03/22/2014,ASE,CO,ANM,WE,Combined TRACON& Tower with Radar,32,30,31,0,93,0,0,1,0,1,32,30,32,0,94,0,0,0,94
03/23/2014,ASE,CO,ANM,WE,Combined TRACON& Tower with Radar,53,48,78,0,179,0,0,11,0,11,53,48,89,0,190,10,0,10,200
03/24/2014,ASE,CO,ANM,WE,Combined TRACON& Tower with Radar,41,23,32,2,98,0,0,3,0,3,41,23,35,2,101,3,0,3,104
03/25/2014,ASE,CO,ANM,WE,Combined TRACON& Tower with Radar,45,35,23,0,103,0,2,12,0,14,45,37,35,0,117,11,0,11,128
03/26/2014,ASE,CO,ANM,WE,Combined TRACON& Tower with Radar,41,22,33,0,96,0,0,2,0,2,41,22,35,0,98,2,0,2,100
03/27/2014,ASE,CO,ANM,WE,Combined TRACON& Tower with Radar,55,2,10,0,67,0,0,2,0,2,55,2,12,0,69,1,0,1,70
03/28/2014,ASE,CO,ANM,WE,Combined TRACON& Tower with Radar,47,39,52,0,138,0,0,5,0,5,47,39,57,0,143,4,0,4,147
03/29/2014,ASE,CO,ANM,WE,Combined TRACON& Tower with Radar,62,53,67,2,184,0,0,13,0,13,62,53,80,2,197,11,0,11,208
03/30/2014,ASE,CO,ANM,WE,Combined TRACON& Tower with Radar,47,33,40,0,120,0,0,1,0,1,47,33,41,0,121,3,0,3,124
03/31/2014,ASE,CO,ANM,WE,Combined TRACON& Tower with Radar,70,20,22,0,112,0,0,4,0,4,70,20,26,0,116,1,0,1,117
04/01/2014,ASE,CO,ANM,WE,Combined TRACON& Tower with Radar,10,3,11,0,24,0,0,0,0,0,10,3,11,0,24,0,0,0,24
04/02/2014,ASE,CO,ANM,WE,Combined TRACON& Tower with Radar,10,10,18,2,40,0,0,0,0,0,10,10,18,2,40,0,0,0,40
04/03/2014,ASE,CO,ANM,WE,Combined TRACON& Tower with Radar,15,4,8,0,27,0,0,1,0,1,15,4,9,0,28,0,0,0,28
04/04/2014,ASE,CO,ANM,WE,Combined TRACON& Tower with Radar,16,16,48,0,80,0,0,6,0,6,16,16,54,0,86,12,0,12,98
04/05/2014,ASE,CO,ANM,WE,Combined TRACON& Tower with Radar,41,19,17,0,77,0,0,3,0,3,41,19,20,0,80,1,0,1,81
04/06/2014,ASE,CO,ANM,WE,Combined TRACON& Tower with Radar,24,12,21,0,57,0,0,1,0,1,24,12,22,0,58,1,0,1,59
04/07/2014,ASE,CO,ANM,WE,Combined TRACON& Tower with Radar,12,6,18,0,36,0,0,2,0,2,12,6,20,0,38,0,0,0,38
04/08/2014,ASE,CO,ANM,WE,Combined TRACON& Tower with Radar,31,23,13,0,67,0,0,13,0,13,31,23,26,0,80,9,0,9,89
04/09/2014,ASE,CO,ANM,WE,Combined TRACON& Tower with Radar,12,10,22,0,44,0,0,3,0,3,12,10,25,0,47,4,0,4,51
04/10/2014,ASE,CO,ANM,WE,Combined TRACON& Tower with Radar,15,12,15,0,42,0,0,11,0,11,15,12,26,0,53,20,0,20,73
04/11/2014,ASE,CO,ANM,WE,Combined TRACON& Tower with Radar,15,19,24,0,58,0,0,5,0,5,15,19,29,0,63,8,0,8,71
04/12/2014,ASE,CO,ANM,WE,Combined TRACON& Tower with Radar,14,18,28,0,60,0,0,6,0,6,14,18,34,0,66,4,0,4,70
04/13/2014,ASE,CO,ANM,WE,Combined TRACON& Tower with Radar,12,4,4,0,20,0,0,0,0,0,12,4,4,0,20,0,0,0,20
04/14/2014,ASE,CO,ANM,WE,Combined TRACON& Tower with Radar,13,9,11,0,33,0,0,6,0,6,13,9,17,0,39,2,0,2,41
04/15/2014,ASE,CO,ANM,WE,Combined TRACON& Tower with Radar,14,11,18,0,43,0,0,6,0,6,14,11,24,0,49,3,0,3,52
04/16/2014,ASE,CO,ANM,WE,Combined TRACON& Tower with Radar,12,12,16,0,40,0,0,0,0,0,12,12,16,0,40,4,0,4,44
04/17/2014,ASE,CO,ANM,WE,Combined TRACON& Tower with Radar,20,16,16,0,52,1,0,4,0,5,21,16,20,0,57,0,0,0,57
04/18/2014,ASE,CO,ANM,WE,Combined TRACON& Tower with Radar,15,17,18,0,50,0,0,8,0,8,15,17,26,0,58,0,0,0,58
04/19/2014,ASE,CO,ANM,WE,Combined TRACON& Tower with Radar,14,11,10,0,35,0,0,0,0,0,14,11,10,0,35,0,0,0,35
04/20/2014,ASE,CO,ANM,WE,Combined TRACON& Tower with Radar,15,13,21,0,49,0,0,4,0,4,15,13,25,0,53,2,0,2,55
04/21/2014,ASE,CO,ANM,WE,Combined TRACON& Tower with Radar,13,10,16,0,39,0,0,7,0,7,13,10,23,0,46,11,0,11,57
04/22/2014,ASE,CO,ANM,WE,Combined TRACON& Tower with Radar,12,2,11,0,25,0,0,7,0,7,12,2,18,0,32,7,0,7,39
04/23/2014,ASE,CO,ANM,WE,Combined TRACON& Tower with Radar,12,3,7,0,22,0,0,2,0,2,12,3,9,0,24,0,0,0,24
04/24/2014,ASE,CO,ANM,WE,Combined TRACON& Tower with Radar,13,10,7,0,30,0,0,7,0,7,13,10,14,0,37,6,0,6,43
04/25/2014,ASE,CO,ANM,WE,Combined TRACON& Tower with Radar,12,7,14,0,33,0,0,3,0,3,12,7,17,0,36,12,0,12,48
04/26/2014,ASE,CO,ANM,WE,Combined TRACON& Tower with Radar,11,6,9,0,26,0,0,0,0,0,11,6,9,0,26,0,0,0,26
04/27/2014,ASE,CO,ANM,WE,Combined TRACON& Tower with Radar,5,1,11,0,17,0,0,1,0,1,5,1,12,0,18,0,0,0,18
04/28/2014,ASE,CO,ANM,WE,Combined TRACON& Tower with Radar,8,2,3,0,13,0,0,0,0,0,8,2,3,0,13,1,0,1,14
04/29/2014,ASE,CO,ANM,WE,Combined TRACON& Tower with Radar,11,0,7,0,18,0,0,2,0,2,11,0,9,0,20,0,0,0,20
04/30/2014,ASE,CO,ANM,WE,Combined TRACON& Tower with Radar,11,5,16,0,32,0,0,4,0,4,11,5,20,0,36,26,0,26,62
05/01/2014,ASE,CO,ANM,WE,Combined TRACON& Tower with Radar,13,13,9,0,35,0,0,14,0,14,13,13,23,0,49,13,0,13,62
05/02/2014,ASE,CO,ANM,WE,Combined TRACON& Tower with Radar,12,4,6,0,22,0,0,6,0,6,12,4,12,0,28,4,0,4,32
05/03/2014,ASE,CO,ANM,WE,Combined TRACON& Tower with Radar,12,4,12,0,28,0,0,9,0,9,12,4,21,0,37,10,0,10,47
05/04/2014,ASE,CO,ANM,WE,Combined TRACON& Tower with Radar,13,8,8,0,29,0,0,4,0,4,13,8,12,0,33,4,0,4,37
05/05/2014,ASE,CO,ANM,WE,Combined TRACON& Tower with Radar,23,15,2,0,40,0,0,5,0,5,23,15,7,0,45,5,0,5,50
05/06/2014,ASE,CO,ANM,WE,Combined TRACON& Tower with Radar,21,9,8,0,38,0,0,11,0,11,21,9,19,0,49,7,0,7,56
05/07/2014,ASE,CO,ANM,WE,Combined TRACON& Tower with Radar,7,11,8,0,26,0,0,4,0,4,7,11,12,0,30,2,0,2,32
05/08/2014,ASE,CO,ANM,WE,Combined TRACON& Tower with Radar,14,1,14,0,29,0,0,0,0,0,14,1,14,0,29,0,0,0,29
05/09/2014,ASE,CO,ANM,WE,Combined TRACON& Tower with Radar,9,8,18,0,35,0,0,4,0,4,9,8,22,0,39,4,0,4,43
05/10/2014,ASE,CO,ANM,WE,Combined TRACON& Tower with Radar,10,10,11,0,31,0,0,0,0,0,10,10,11,0,31,17,0,17,48
05/11/2014,ASE,CO,ANM,WE,Combined TRACON& Tower with Radar,12,3,1,0,16,0,0,0,0,0,12,3,1,0,16,0,0,0,16
05/12/2014,ASE,CO,ANM,WE,Combined TRACON& Tower with Radar,8,0,5,2,15,0,0,0,0,0,8,0,5,2,15,0,0,0,15
05/13/2014,ASE,CO,ANM,WE,Combined TRACON& Tower with Radar,9,16,16,2,43,0,0,2,0,2,9,16,18,2,45,7,0,7,52
05/14/2014,ASE,CO,ANM,WE,Combined TRACON& Tower with Radar,9,3,21,0,33,0,0,6,0,6,9,3,27,0,39,7,0,7,46
05/15/2014,ASE,CO,ANM,WE,Combined TRACON& Tower with Radar,8,5,8,0,21,0,0,1,0,1,8,5,9,0,22,9,0,9,31
05/16/2014,ASE,CO,ANM,WE,Combined TRACON& Tower with Radar,11,5,10,0,26,0,0,8,0,8,11,5,18,0,34,6,0,6,40
05/17/2014,ASE,CO,ANM,WE,Combined TRACON& Tower with Radar,10,9,2,0,21,0,0,1,0,1,10,9,3,0,22,15,0,15,37
05/18/2014,ASE,CO,ANM,WE,Combined TRACON& Tower with Radar,11,14,14,0,39,0,0,12,0,12,11,14,26,0,51,8,0,8,59
05/19/2014,ASE,CO,ANM,WE,Combined TRACON& Tower with Radar,10,8,4,0,22,0,0,6,0,6,10,8,10,0,28,6,0,6,34
05/20/2014,ASE,CO,ANM,WE,Combined TRACON& Tower with Radar,8,14,12,0,34,0,0,4,1,5,8,14,16,1,39,8,0,8,47
05/21/2014,ASE,CO,ANM,WE,Combined TRACON& Tower with Radar,10,7,8,0,25,0,0,2,0,2,10,7,10,0,27,5,0,5,32
05/22/2014,ASE,CO,ANM,WE,Combined TRACON& Tower with Radar,26,17,16,0,59,0,0,4,0,4,26,17,20,0,63,8,0,8,71
05/23/2014,ASE,CO,ANM,WE,Combined TRACON& Tower with Radar,11,12,20,0,43,0,0,3,0,3,11,12,23,0,46,8,0,8,54
05/24/2014,ASE,CO,ANM,WE,Combined TRACON& Tower with Radar,10,11,9,0,30,0,0,7,0,7,10,11,16,0,37,7,0,7,44
05/25/2014,ASE,CO,ANM,WE,Combined TRACON& Tower with Radar,10,10,3,0,23,0,0,0,0,0,10,10,3,0,23,10,0,10,33
05/26/2014,ASE,CO,ANM,WE,Combined TRACON& Tower with Radar,11,9,14,0,34,0,0,13,0,13,11,9,27,0,47,9,0,9,56
05/27/2014,ASE,CO,ANM,WE,Combined TRACON& Tower with Radar,11,13,13,0,37,0,0,5,0,5,11,13,18,0,42,9,0,9,51
05/28/2014,ASE,CO,ANM,WE,Combined TRACON& Tower with Radar,25,8,8,1,42,0,0,12,1,13,25,8,20,2,55,23,0,23,78
05/29/2014,ASE,CO,ANM,WE,Combined TRACON& Tower with Radar,16,15,11,0,42,0,0,7,0,7,16,15,18,0,49,9,0,9,58
05/30/2014,ASE,CO,ANM,WE,Combined TRACON& Tower with Radar,11,19,19,0,49,0,0,4,0,4,11,19,23,0,53,1,0,1,54
05/31/2014,ASE,CO,ANM,WE,Combined TRACON& Tower with Radar,10,8,13,0,31,0,0,1,0,1,10,8,14,0,32,4,0,4,36
06/01/2014,ASE,CO,ANM,WE,Combined TRACON& Tower with Radar,11,19,19,0,49,0,0,1,0,1,11,19,20,0,50,3,0,3,53
06/02/2014,ASE,CO,ANM,WE,Combined TRACON& Tower with Radar,12,17,37,0,66,0,0,6,0,6,12,17,43,0,72,29,0,29,101
06/03/2014,ASE,CO,ANM,WE,Combined TRACON& Tower with Radar,8,15,13,0,36,0,0,3,0,3,8,15,16,0,39,6,0,6,45
06/04/2014,ASE,CO,ANM,WE,Combined TRACON& Tower with Radar,9,11,28,1,49,0,0,8,0,8,9,11,36,1,57,17,0,17,74
06/05/2014,ASE,CO,ANM,WE,Combined TRACON& Tower with Radar,22,17,28,0,67,0,0,6,0,6,22,17,34,0,73,10,0,10,83
06/06/2014,ASE,CO,ANM,WE,Combined TRACON& Tower with Radar,20,15,17,0,52,0,0,6,0,6,20,15,23,0,58,8,1,9,67
06/07/2014,ASE,CO,ANM,WE,Combined TRACON& Tower with Radar,23,13,17,0,53,0,0,2,0,2,23,13,19,0,55,11,0,11,66
06/08/2014,ASE,CO,ANM,WE,Combined TRACON& Tower with Radar,27,17,21,0,65,0,0,5,0,5,27,17,26,0,70,8,0,8,78
06/09/2014,ASE,CO,ANM,WE,Combined TRACON& Tower with Radar,21,7,23,0,51,0,0,10,0,10,21,7,33,0,61,9,2,11,72
06/10/2014,ASE,CO,ANM,WE,Combined TRACON& Tower with Radar,24,12,42,0,78,0,0,4,0,4,24,12,46,0,82,6,0,6,88
06/11/2014,ASE,CO,ANM,WE,Combined TRACON& Tower with Radar,25,16,31,0,72,0,0,6,0,6,25,16,37,0,78,10,0,10,88
06/12/2014,ASE,CO,ANM,WE,Combined TRACON& Tower with Radar,24,12,40,0,76,0,0,10,1,11,24,12,50,1,87,15,0,15,102
06/13/2014,ASE,CO,ANM,WE,Combined TRACON& Tower with Radar,26,38,39,0,103,0,0,7,2,9,26,38,46,2,112,10,0,10,122
06/14/2014,ASE,CO,ANM,WE,Combined TRACON& Tower with Radar,25,21,28,0,74,0,0,6,0,6,25,21,34,0,80,9,0,9,89
06/15/2014,ASE,CO,ANM,WE,Combined TRACON& Tower with Radar,29,37,45,0,111,0,0,8,0,8,29,37,53,0,119,4,0,4,123
06/16/2014,ASE,CO,ANM,WE,Combined TRACON& Tower with Radar,24,31,38,2,95,0,0,7,1,8,24,31,45,3,103,3,2,5,108
06/17/2014,ASE,CO,ANM,WE,Combined TRACON& Tower with Radar,27,17,26,0,70,0,0,6,0,6,27,17,32,0,76,3,0,3,79
06/18/2014,ASE,CO,ANM,WE,Combined TRACON& Tower with Radar,26,22,37,0,85,0,0,7,0,7,26,22,44,0,92,11,0,11,103
06/19/2014,ASE,CO,ANM,WE,Combined TRACON& Tower with Radar,26,41,71,0,138,0,0,9,1,10,26,41,80,1,148,17,0,17,165
06/20/2014,ASE,CO,ANM,WE,Combined TRACON& Tower with Radar,25,33,49,0,107,0,0,16,0,16,25,33,65,0,123,12,0,12,135
06/21/2014,ASE,CO,ANM,WE,Combined TRACON& Tower with Radar,26,33,33,0,92,0,0,10,0,10,26,33,43,0,102,12,0,12,114
06/22/2014,ASE,CO,ANM,WE,Combined TRACON& Tower with Radar,33,49,57,0,139,0,0,8,0,8,33,49,65,0,147,18,0,18,165
06/23/2014,ASE,CO,ANM,WE,Combined TRACON& Tower with Radar,22,45,47,0,114,0,0,6,0,6,22,45,53,0,120,10,0,10,130
06/24/2014,ASE,CO,ANM,WE,Combined TRACON& Tower with Radar,26,25,34,0,85,0,0,9,1,10,26,25,43,1,95,8,4,12,107
06/25/2014,ASE,CO,ANM,WE,Combined TRACON& Tower with Radar,27,48,30,0,105,0,0,12,0,12,27,48,42,0,117,15,0,15,132
06/26/2014,ASE,CO,ANM,WE,Combined TRACON& Tower with Radar,25,60,48,0,133,0,1,10,0,11,25,61,58,0,144,5,0,5,149
06/27/2014,ASE,CO,ANM,WE,Combined TRACON& Tower with Radar,28,50,52,0,130,0,0,8,0,8,28,50,60,0,138,13,0,13,151
06/28/2014,ASE,CO,ANM,WE,Combined TRACON& Tower with Radar,26,60,35,0,121,0,0,8,0,8,26,60,43,0,129,9,0,9,138
06/29/2014,ASE,CO,ANM,WE,Combined TRACON& Tower with Radar,31,47,56,0,134,0,0,16,0,16,31,47,72,0,150,21,0,21,171
06/30/2014,ASE,CO,ANM,WE,Combined TRACON& Tower with Radar,21,32,47,0,100,0,0,8,0,8,21,32,55,0,108,16,0,16,124
07/01/2014,ASE,CO,ANM,WE,Combined TRACON& Tower with Radar,24,43,75,0,142,0,0,7,0,7,24,43,82,0,149,19,0,19,168
07/02/2014,ASE,CO,ANM,WE,Combined TRACON& Tower with Radar,25,41,79,0,145,0,0,11,0,11,25,41,90,0,156,28,0,28,184
07/03/2014,ASE,CO,ANM,WE,Combined TRACON& Tower with Radar,27,54,87,0,168,0,0,13,0,13,27,54,100,0,181,16,0,16,197
07/04/2014,ASE,CO,ANM,WE,Combined TRACON& Tower with Radar,18,22,19,0,59,0,0,5,0,5,18,22,24,0,64,7,0,7,71
07/05/2014,ASE,CO,ANM,WE,Combined TRACON& Tower with Radar,34,59,41,0,134,0,0,4,0,4,34,59,45,0,138,11,0,11,149
07/06/2014,ASE,CO,ANM,WE,Combined TRACON& Tower with Radar,36,81,123,0,240,0,0,7,0,7,36,81,130,0,247,14,0,14,261
07/07/2014,ASE,CO,ANM,WE,Combined TRACON& Tower with Radar,23,52,62,0,137,0,0,4,0,4,23,52,66,0,141,14,0,14,155
07/08/2014,ASE,CO,ANM,WE,Combined TRACON& Tower with Radar,26,34,36,0,96,0,0,7,0,7,26,34,43,0,103,17,2,19,122
07/09/2014,ASE,CO,ANM,WE,Combined TRACON& Tower with Radar,26,35,50,0,111,0,0,13,0,13,26,35,63,0,124,20,0,20,144
07/10/2014,ASE,CO,ANM,WE,Combined TRACON& Tower with Radar,23,33,44,0,100,0,0,14,0,14,23,33,58,0,114,6,0,6,120
07/11/2014,ASE,CO,ANM,WE,Combined TRACON& Tower with Radar,24,45,53,0,122,0,0,7,0,7,24,45,60,0,129,31,0,31,160
07/12/2014,ASE,CO,ANM,WE,Combined TRACON& Tower with Radar,34,46,43,0,123,0,0,9,0,9,34,46,52,0,132,31,0,31,163
07/13/2014,ASE,CO,ANM,WE,Combined TRACON& Tower with Radar,35,47,68,0,150,0,0,7,0,7,35,47,75,0,157,13,0,13,170
07/14/2014,ASE,CO,ANM,WE,Combined TRACON& Tower with Radar,44,44,51,0,139,2,0,7,0,9,46,44,58,0,148,11,0,11,159
07/15/2014,ASE,CO,ANM,WE,Combined TRACON& Tower with Radar,26,24,49,0,99,0,0,2,0,2,26,24,51,0,101,18,0,18,119
07/16/2014,ASE,CO,ANM,WE,Combined TRACON& Tower with Radar,24,54,39,0,117,0,0,6,0,6,24,54,45,0,123,26,0,26,149
07/17/2014,ASE,CO,ANM,WE,Combined TRACON& Tower with Radar,24,29,52,0,105,0,4,3,0,7,24,33,55,0,112,8,0,8,120
07/18/2014,ASE,CO,ANM,WE,Combined TRACON& Tower with Radar,26,39,45,6,116,0,0,6,0,6,26,39,51,6,122,12,0,12,134
07/19/2014,ASE,CO,ANM,WE,Combined TRACON& Tower with Radar,36,39,31,0,106,0,0,9,0,9,36,39,40,0,115,28,0,28,143
07/20/2014,ASE,CO,ANM,WE,Combined TRACON& Tower with Radar,35,46,79,0,160,0,0,10,0,10,35,46,89,0,170,25,0,25,195
07/21/2014,ASE,CO,ANM,WE,Combined TRACON& Tower with Radar,26,40,37,2,105,0,0,7,0,7,26,40,44,2,112,18,0,18,130
07/22/2014,ASE,CO,ANM,WE,Combined TRACON& Tower with Radar,24,36,67,1,128,0,0,9,0,9,24,36,76,1,137,22,0,22,159
07/23/2014,ASE,CO,ANM,WE,Combined TRACON& Tower with Radar,17,52,51,1,121,0,0,8,0,8,17,52,59,1,129,13,0,13,142
07/24/2014,ASE,CO,ANM,WE,Combined TRACON& Tower with Radar,24,42,60,2,128,0,1,5,0,6,24,43,65,2,134,7,0,7,141
07/25/2014,ASE,CO,ANM,WE,Combined TRACON& Tower with Radar,27,67,75,2,171,0,0,12,0,12,27,67,87,2,183,10,0,10,193
07/26/2014,ASE,CO,ANM,WE,Combined TRACON& Tower with Radar,33,52,60,0,145,0,0,8,0,8,33,52,68,0,153,17,0,17,170
07/27/2014,ASE,CO,ANM,WE,Combined TRACON& Tower with Radar,34,34,68,0,136,0,0,3,0,3,34,34,71,0,139,9,0,9,148
07/28/2014,ASE,CO,ANM,WE,Combined TRACON& Tower with Radar,37,30,43,2,112,1,0,4,0,5,38,30,47,2,117,13,0,13,130
07/29/2014,ASE,CO,ANM,WE,Combined TRACON& Tower with Radar,22,29,43,0,94,0,0,1,0,1,22,29,44,0,95,4,0,4,99
07/30/2014,ASE,CO,ANM,WE,Combined TRACON& Tower with Radar,26,40,59,0,125,0,0,3,0,3,26,40,62,0,128,10,0,10,138
07/31/2014,ASE,CO,ANM,WE,Combined TRACON& Tower with Radar,21,48,66,0,135,0,0,6,0,6,21,48,72,0,141,11,0,11,152
08/01/2014,ASE,CO,ANM,WE,Combined TRACON& Tower with Radar,22,51,62,0,135,0,0,2,0,2,22,51,64,0,137,13,0,13,150
08/02/2014,ASE,CO,ANM,WE,Combined TRACON& Tower with Radar,32,67,45,4,148,0,0,14,0,14,32,67,59,4,162,12,0,12,174
08/03/2014,ASE,CO,ANM,WE,Combined TRACON& Tower with Radar,25,55,67,0,147,0,0,9,0,9,25,55,76,0,156,16,0,16,172
08/04/2014,ASE,CO,ANM,WE,Combined TRACON& Tower with Radar,24,39,64,0,127,0,0,4,0,4,24,39,68,0,131,5,0,5,136
08/05/2014,ASE,CO,ANM,WE,Combined TRACON& Tower with Radar,26,48,44,0,118,0,0,5,0,5,26,48,49,0,123,6,0,6,129
08/06/2014,ASE,CO,ANM,WE,Combined TRACON& Tower with Radar,26,44,64,0,134,0,0,10,0,10,26,44,74,0,144,23,5,28,172
08/07/2014,ASE,CO,ANM,WE,Combined TRACON& Tower with Radar,25,42,58,0,125,0,0,6,0,6,25,42,64,0,131,13,0,13,144
08/08/2014,ASE,CO,ANM,WE,Combined TRACON& Tower with Radar,25,45,64,0,134,0,0,13,0,13,25,45,77,0,147,24,0,24,171
08/09/2014,ASE,CO,ANM,WE,Combined TRACON& Tower with Radar,31,38,34,0,103,0,0,8,0,8,31,38,42,0,111,20,0,20,131
08/10/2014,ASE,CO,ANM,WE,Combined TRACON& Tower with Radar,35,64,80,2,181,0,0,9,2,11,35,64,89,4,192,16,0,16,208
08/11/2014,ASE,CO,ANM,WE,Combined TRACON& Tower with Radar,25,55,52,1,133,0,1,9,0,10,25,56,61,1,143,23,0,23,166
08/12/2014,ASE,CO,ANM,WE,Combined TRACON& Tower with Radar,26,34,41,0,101,0,0,14,0,14,26,34,55,0,115,27,0,27,142
08/13/2014,ASE,CO,ANM,WE,Combined TRACON& Tower with Radar,27,34,50,0,111,0,0,9,0,9,27,34,59,0,120,8,0,8,128
08/14/2014,ASE,CO,ANM,WE,Combined TRACON& Tower with Radar,27,38,51,1,117,0,0,3,0,3,27,38,54,1,120,11,0,11,131
08/15/2014,ASE,CO,ANM,WE,Combined TRACON& Tower with Radar,25,39,81,0,145,0,0,7,0,7,25,39,88,0,152,32,0,32,184
08/16/2014,ASE,CO,ANM,WE,Combined TRACON& Tower with Radar,35,33,46,0,114,0,1,15,0,16,35,34,61,0,130,29,0,29,159
08/17/2014,ASE,CO,ANM,WE,Combined TRACON& Tower with Radar,35,70,68,0,173,0,0,18,0,18,35,70,86,0,191,38,0,38,229
08/18/2014,ASE,CO,ANM,WE,Combined TRACON& Tower with Radar,25,31,38,0,94,0,0,15,0,15,25,31,53,0,109,16,0,16,125
08/19/2014,ASE,CO,ANM,WE,Combined TRACON& Tower with Radar,17,37,46,0,100,0,0,4,0,4,17,37,50,0,104,7,0,7,111
08/20/2014,ASE,CO,ANM,WE,Combined TRACON& Tower with Radar,18,30,65,0,113,0,0,11,0,11,18,30,76,0,124,13,0,13,137
08/21/2014,ASE,CO,ANM,WE,Combined TRACON& Tower with Radar,19,41,44,0,104,0,0,18,0,18,19,41,62,0,122,12,0,12,134
08/22/2014,ASE,CO,ANM,WE,Combined TRACON& Tower with Radar,20,44,40,0,104,0,0,4,0,4,20,44,44,0,108,4,0,4,112
08/23/2014,ASE,CO,ANM,WE,Combined TRACON& Tower with Radar,28,26,30,0,84,0,0,0,0,0,28,26,30,0,84,11,0,11,95
08/24/2014,ASE,CO,ANM,WE,Combined TRACON& Tower with Radar,28,47,50,0,125,0,0,15,0,15,28,47,65,0,140,18,0,18,158
08/25/2014,ASE,CO,ANM,WE,Combined TRACON& Tower with Radar,15,24,30,0,69,0,0,9,0,9,15,24,39,0,78,17,0,17,95
08/26/2014,ASE,CO,ANM,WE,Combined TRACON& Tower with Radar,16,23,31,0,70,0,0,1,0,1,16,23,32,0,71,3,0,3,74
08/27/2014,ASE,CO,ANM,WE,Combined TRACON& Tower with Radar,17,34,37,0,88,0,0,2,0,2,17,34,39,0,90,3,0,3,93
08/28/2014,ASE,CO,ANM,WE,Combined TRACON& Tower with Radar,18,21,55,0,94,0,0,1,0,1,18,21,56,0,95,3,0,3,98
08/29/2014,ASE,CO,ANM,WE,Combined TRACON& Tower with Radar,18,46,66,0,130,0,0,9,0,9,18,46,75,0,139,23,0,23,162
08/30/2014,ASE,CO,ANM,WE,Combined TRACON& Tower with Radar,24,22,30,0,76,0,0,10,0,10,24,22,40,0,86,14,0,14,100
08/31/2014,ASE,CO,ANM,WE,Combined TRACON& Tower with Radar,27,34,35,0,96,0,0,5,0,5,27,34,40,0,101,4,0,4,105
09/01/2014,ASE,CO,ANM,WE,Combined TRACON& Tower with Radar,19,64,83,0,166,0,0,22,0,22,19,64,105,0,188,11,2,13,201
09/02/2014,ASE,CO,ANM,WE,Combined TRACON& Tower with Radar,18,35,49,0,102,0,0,7,0,7,18,35,56,0,109,9,0,9,118
09/03/2014,ASE,CO,ANM,WE,Combined TRACON& Tower with Radar,17,18,16,0,51,0,0,11,0,11,17,18,27,0,62,20,0,20,82
09/04/2014,ASE,CO,ANM,WE,Combined TRACON& Tower with Radar,18,31,29,4,82,0,0,4,0,4,18,31,33,4,86,4,0,4,90
09/05/2014,ASE,CO,ANM,WE,Combined TRACON& Tower with Radar,16,19,27,2,64,0,0,12,2,14,16,19,39,4,78,19,0,19,97
09/06/2014,ASE,CO,ANM,WE,Combined TRACON& Tower with Radar,18,16,13,0,47,0,0,9,0,9,18,16,22,0,56,4,0,4,60
09/07/2014,ASE,CO,ANM,WE,Combined TRACON& Tower with Radar,22,22,38,0,82,0,0,8,2,10,22,22,46,2,92,13,0,13,105
09/08/2014,ASE,CO,ANM,WE,Combined TRACON& Tower with Radar,17,17,23,0,57,0,0,8,0,8,17,17,31,0,65,25,0,25,90
09/09/2014,ASE,CO,ANM,WE,Combined TRACON& Tower with Radar,16,9,16,0,41,0,0,0,0,0,16,9,16,0,41,0,0,0,41
09/10/2014,ASE,CO,ANM,WE,Combined TRACON& Tower with Radar,18,20,33,2,73,0,0,11,0,11,18,20,44,2,84,7,0,7,91
09/11/2014,ASE,CO,ANM,WE,Combined TRACON& Tower with Radar,16,21,39,0,76,0,0,4,0,4,16,21,43,0,80,24,0,24,104
09/12/2014,ASE,CO,ANM,WE,Combined TRACON& Tower with Radar,19,22,45,2,88,0,0,7,0,7,19,22,52,2,95,9,0,9,104
09/13/2014,ASE,CO,ANM,WE,Combined TRACON& Tower with Radar,18,12,32,0,62,0,0,8,0,8,18,12,40,0,70,11,0,11,81
09/14/2014,ASE,CO,ANM,WE,Combined TRACON& Tower with Radar,22,20,51,0,93,0,0,12,0,12,22,20,63,0,105,9,0,9,114
09/15/2014,ASE,CO,ANM,WE,Combined TRACON& Tower with Radar,17,18,28,0,63,0,0,5,0,5,17,18,33,0,68,7,0,7,75
09/16/2014,ASE,CO,ANM,WE,Combined TRACON& Tower with Radar,16,15,26,0,57,0,0,7,0,7,16,15,33,0,64,8,0,8,72
09/17/2014,ASE,CO,ANM,WE,Combined TRACON& Tower with Radar,17,18,20,2,57,0,0,5,0,5,17,18,25,2,62,3,0,3,65
09/18/2014,ASE,CO,ANM,WE,Combined TRACON& Tower with Radar,18,47,71,0,136,0,0,12,0,12,18,47,83,0,148,8,0,8,156
09/19/2014,ASE,CO,ANM,WE,Combined TRACON& Tower with Radar,17,42,42,0,101,0,0,9,3,12,17,42,51,3,113,25,2,27,140
09/20/2014,ASE,CO,ANM,WE,Combined TRACON& Tower with Radar,12,42,40,0,94,0,0,11,5,16,12,42,51,5,110,0,0,0,110
09/21/2014,ASE,CO,ANM,WE,Combined TRACON& Tower with Radar,14,42,55,0,111,0,0,3,0,3,14,42,58,0,114,5,0,5,119
09/22/2014,ASE,CO,ANM,WE,Combined TRACON& Tower with Radar,14,23,26,0,63,0,0,3,0,3,14,23,29,0,66,4,0,4,70
09/23/2014,ASE,CO,ANM,WE,Combined TRACON& Tower with Radar,12,22,13,4,51,0,0,5,0,5,12,22,18,4,56,7,0,7,63
09/24/2014,ASE,CO,ANM,WE,Combined TRACON& Tower with Radar,12,29,25,0,66,0,0,8,0,8,12,29,33,0,74,16,0,16,90
09/25/2014,ASE,CO,ANM,WE,Combined TRACON& Tower with Radar,12,16,32,0,60,0,0,11,0,11,12,16,43,0,71,9,0,9,80
09/26/2014,ASE,CO,ANM,WE,Combined TRACON& Tower with Radar,12,24,40,0,76,0,0,19,2,21,12,24,59,2,97,17,0,17,114
09/27/2014,ASE,CO,ANM,WE,Combined TRACON& Tower with Radar,14,23,15,0,52,0,0,5,0,5,14,23,20,0,57,9,0,9,66
09/28/2014,ASE,CO,ANM,WE,Combined TRACON& Tower with Radar,15,43,41,0,99,0,0,0,0,0,15,43,41,0,99,2,0,2,101
09/29/2014,ASE,CO,ANM,WE,Combined TRACON& Tower with Radar,12,15,24,0,51,0,0,3,0,3,12,15,27,0,54,2,0,2,56
09/30/2014,ASE,CO,ANM,WE,Combined TRACON& Tower with Radar,11,25,26,0,62,0,0,2,0,2,11,25,28,0,64,0,0,0,64
10/01/2014,ASE,CO,ANM,WE,Combined TRACON& Tower with Radar,11,11,17,0,39,0,0,0,0,0,11,11,17,0,39,0,0,0,39
10/02/2014,ASE,CO,ANM,WE,Combined TRACON& Tower with Radar,11,29,28,0,68,0,0,11,0,11,11,29,39,0,79,18,0,18,97
10/03/2014,ASE,CO,ANM,WE,Combined TRACON& Tower with Radar,13,21,37,0,71,0,0,12,0,12,13,21,49,0,83,24,0,24,107
10/04/2014,ASE,CO,ANM,WE,Combined TRACON& Tower with Radar,10,14,8,0,32,0,0,5,0,5,10,14,13,0,37,4,0,4,41
10/05/2014,ASE,CO,ANM,WE,Combined TRACON& Tower with Radar,14,28,41,0,83,0,0,16,0,16,14,28,57,0,99,33,0,33,132
10/06/2014,ASE,CO,ANM,WE,Combined TRACON& Tower with Radar,15,13,22,0,50,0,0,8,0,8,15,13,30,0,58,11,0,11,69
10/07/2014,ASE,CO,ANM,WE,Combined TRACON& Tower with Radar,11,15,27,0,53,0,0,9,0,9,11,15,36,0,62,9,0,9,71
10/08/2014,ASE,CO,ANM,WE,Combined TRACON& Tower with Radar,13,15,13,0,41,0,0,14,0,14,13,15,27,0,55,21,0,21,76
10/09/2014,ASE,CO,ANM,WE,Combined TRACON& Tower with Radar,12,8,29,0,49,0,0,1,2,3,12,8,30,2,52,1,0,1,53
10/10/2014,ASE,CO,ANM,WE,Combined TRACON& Tower with Radar,13,18,17,0,48,0,0,1,0,1,13,18,18,0,49,17,0,17,66
10/11/2014,ASE,CO,ANM,WE,Combined TRACON& Tower with Radar,11,12,10,0,33,0,0,13,0,13,11,12,23,0,46,11,0,11,57
10/12/2014,ASE,CO,ANM,WE,Combined TRACON& Tower with Radar,14,1,9,0,24,0,0,0,0,0,14,1,9,0,24,0,0,0,24
10/13/2014,ASE,CO,ANM,WE,Combined TRACON& Tower with Radar,14,12,21,0,47,0,0,11,0,11,14,12,32,0,58,8,0,8,66
10/14/2014,ASE,CO,ANM,WE,Combined TRACON& Tower with Radar,12,6,14,1,33,0,0,13,0,13,12,6,27,1,46,32,0,32,78
10/15/2014,ASE,CO,ANM,WE,Combined TRACON& Tower with Radar,13,8,9,0,30,0,0,17,0,17,13,8,26,0,47,18,0,18,65
10/16/2014,ASE,CO,ANM,WE,Combined TRACON& Tower with Radar,11,13,13,0,37,0,0,12,0,12,11,13,25,0,49,9,0,9,58
10/17/2014,ASE,CO,ANM,WE,Combined TRACON& Tower with Radar,12,10,22,0,44,0,0,15,0,15,12,10,37,0,59,32,0,32,91
10/18/2014,ASE,CO,ANM,WE,Combined TRACON& Tower with Radar,12,8,12,0,32,0,0,14,0,14,12,8,26,0,46,28,5,33,79
10/19/2014,ASE,CO,ANM,WE,Combined TRACON& Tower with Radar,14,10,16,0,40,0,0,8,0,8,14,10,24,0,48,15,0,15,63
10/20/2014,ASE,CO,ANM,WE,Combined TRACON& Tower with Radar,13,7,25,0,45,0,0,10,0,10,13,7,35,0,55,54,0,54,109
10/21/2014,ASE,CO,ANM,WE,Combined TRACON& Tower with Radar,12,7,11,0,30,0,0,3,0,3,12,7,14,0,33,14,0,14,47
10/22/2014,ASE,CO,ANM,WE,Combined TRACON& Tower with Radar,13,10,15,0,38,0,0,3,0,3,13,10,18,0,41,37,0,37,78
10/23/2014,ASE,CO,ANM,WE,Combined TRACON& Tower with Radar,12,7,14,0,33,0,0,9,0,9,12,7,23,0,42,12,0,12,54
10/24/2014,ASE,CO,ANM,WE,Combined TRACON& Tower with Radar,12,12,9,0,33,0,0,9,0,9,12,12,18,0,42,42,0,42,84
10/25/2014,ASE,CO,ANM,WE,Combined TRACON& Tower with Radar,12,22,3,2,39,0,0,9,0,9,12,22,12,2,48,45,0,45,93
10/26/2014,ASE,CO,ANM,WE,Combined TRACON& Tower with Radar,10,15,14,0,39,0,0,6,0,6,10,15,20,0,45,4,0,4,49
10/27/2014,ASE,CO,ANM,WE,Combined TRACON& Tower with Radar,9,5,8,0,22,0,0,2,0,2,9,5,10,0,24,3,0,3,27
10/28/2014,ASE,CO,ANM,WE,Combined TRACON& Tower with Radar,8,4,2,0,14,0,0,14,0,14,8,4,16,0,28,21,0,21,49
10/29/2014,ASE,CO,ANM,WE,Combined TRACON& Tower with Radar,9,2,14,0,25,0,0,7,3,10,9,2,21,3,35,24,0,24,59
10/30/2014,ASE,CO,ANM,WE,Combined TRACON& Tower with Radar,9,2,15,0,26,0,0,11,0,11,9,2,26,0,37,10,0,10,47
10/31/2014,ASE,CO,ANM,WE,Combined TRACON& Tower with Radar,8,7,14,0,29,0,0,6,0,6,8,7,20,0,35,16,0,16,51
11/01/2014,ASE,CO,ANM,WE,Combined TRACON& Tower with Radar,8,5,10,0,23,0,0,6,0,6,8,5,16,0,29,2,0,2,31
11/02/2014,ASE,CO,ANM,WE,Combined TRACON& Tower with Radar,9,8,19,0,36,0,0,2,0,2,9,8,21,0,38,0,0,0,38
11/03/2014,ASE,CO,ANM,WE,Combined TRACON& Tower with Radar,9,3,9,0,21,0,0,0,0,0,9,3,9,0,21,16,0,16,37
11/04/2014,ASE,CO,ANM,WE,Combined TRACON& Tower with Radar,8,7,20,0,35,0,0,7,0,7,8,7,27,0,42,16,0,16,58
11/05/2014,ASE,CO,ANM,WE,Combined TRACON& Tower with Radar,21,8,11,0,40,0,0,5,0,5,21,8,16,0,45,6,0,6,51
11/06/2014,ASE,CO,ANM,WE,Combined TRACON& Tower with Radar,7,10,5,0,22,0,0,4,0,4,7,10,9,0,26,15,0,15,41
11/07/2014,ASE,CO,ANM,WE,Combined TRACON& Tower with Radar,7,5,5,0,17,0,0,5,0,5,7,5,10,0,22,21,0,21,43
11/08/2014,ASE,CO,ANM,WE,Combined TRACON& Tower with Radar,8,11,11,0,30,0,0,8,0,8,8,11,19,0,38,44,0,44,82
11/09/2014,ASE,CO,ANM,WE,Combined TRACON& Tower with Radar,8,7,18,0,33,0,0,8,0,8,8,7,26,0,41,15,0,15,56
11/10/2014,ASE,CO,ANM,WE,Combined TRACON& Tower with Radar,4,0,8,0,12,0,0,1,0,1,4,0,9,0,13,1,0,1,14
11/11/2014,ASE,CO,ANM,WE,Combined TRACON& Tower with Radar,34,14,11,0,59,0,0,5,0,5,34,14,16,0,64,12,0,12,76
11/12/2014,ASE,CO,ANM,WE,Combined TRACON& Tower with Radar,2,0,3,0,5,0,0,0,0,0,2,0,3,0,5,0,0,0,5
11/13/2014,ASE,CO,ANM,WE,Combined TRACON& Tower with Radar,6,2,4,0,12,0,0,1,0,1,6,2,5,0,13,0,0,0,13
11/14/2014,ASE,CO,ANM,WE,Combined TRACON& Tower with Radar,9,4,12,0,25,0,0,1,0,1,9,4,13,0,26,1,0,1,27
11/15/2014,ASE,CO,ANM,WE,Combined TRACON& Tower with Radar,4,0,0,0,4,0,0,0,0,0,4,0,0,0,4,0,0,0,4
11/16/2014,ASE,CO,ANM,WE,Combined TRACON& Tower with Radar,8,9,15,0,32,0,0,1,0,1,8,9,16,0,33,14,0,14,47
11/17/2014,ASE,CO,ANM,WE,Combined TRACON& Tower with Radar,7,5,8,0,20,0,0,7,0,7,7,5,15,0,27,0,0,0,27
11/18/2014,ASE,CO,ANM,WE,Combined TRACON& Tower with Radar,27,8,7,0,42,0,0,4,0,4,27,8,11,0,46,7,0,7,53
11/19/2014,ASE,CO,ANM,WE,Combined TRACON& Tower with Radar,7,5,20,0,32,0,0,6,0,6,7,5,26,0,38,18,0,18,56
11/20/2014,ASE,CO,ANM,WE,Combined TRACON& Tower with Radar,9,7,16,0,32,0,0,2,0,2,9,7,18,0,34,25,0,25,59
11/21/2014,ASE,CO,ANM,WE,Combined TRACON& Tower with Radar,9,17,22,0,48,0,0,6,0,6,9,17,28,0,54,10,0,10,64
11/22/2014,ASE,CO,ANM,WE,Combined TRACON& Tower with Radar,7,26,12,1,46,0,0,1,0,1,7,26,13,1,47,0,0,0,47
11/23/2014,ASE,CO,ANM,WE,Combined TRACON& Tower with Radar,8,0,3,0,11,0,0,0,0,0,8,0,3,0,11,5,0,5,16
11/24/2014,ASE,CO,ANM,WE,Combined TRACON& Tower with Radar,4,0,12,0,16,0,0,0,0,0,4,0,12,0,16,0,0,0,16
11/25/2014,ASE,CO,ANM,WE,Combined TRACON& Tower with Radar,4,3,5,0,12,0,0,0,0,0,4,3,5,0,12,0,0,0,12
11/26/2014,ASE,CO,ANM,WE,Combined TRACON& Tower with Radar,15,29,43,1,88,0,0,2,0,2,15,29,45,1,90,1,0,1,91
11/27/2014,ASE,CO,ANM,WE,Combined TRACON& Tower with Radar,5,4,10,0,19,0,0,3,0,3,5,4,13,0,22,3,0,3,25
11/28/2014,ASE,CO,ANM,WE,Combined TRACON& Tower with Radar,6,15,24,0,45,0,0,4,0,4,6,15,28,0,49,5,0,5,54
11/29/2014,ASE,CO,ANM,WE,Combined TRACON& Tower with Radar,13,19,26,0,58,0,0,9,0,9,13,19,35,0,67,15,0,15,82
11/30/2014,ASE,CO,ANM,WE,Combined TRACON& Tower with Radar,14,44,83,0,141,0,0,11,0,11,14,44,94,0,152,4,0,4,156
12/01/2014,ASE,CO,ANM,WE,Combined TRACON& Tower with Radar,9,27,18,0,54,0,0,6,0,6,9,27,24,0,60,3,0,3,63
12/02/2014,ASE,CO,ANM,WE,Combined TRACON& Tower with Radar,8,12,21,0,41,0,0,7,0,7,8,12,28,0,48,19,0,19,67
12/03/2014,ASE,CO,ANM,WE,Combined TRACON& Tower with Radar,13,7,16,2,38,0,0,1,0,1,13,7,17,2,39,23,0,23,62
12/04/2014,ASE,CO,ANM,WE,Combined TRACON& Tower with Radar,16,22,20,0,58,0,0,3,0,3,16,22,23,0,61,14,0,14,75
12/05/2014,ASE,CO,ANM,WE,Combined TRACON& Tower with Radar,12,14,24,0,50,0,0,1,0,1,12,14,25,0,51,16,0,16,67
12/06/2014,ASE,CO,ANM,WE,Combined TRACON& Tower with Radar,18,8,16,0,42,0,0,3,0,3,18,8,19,0,45,8,0,8,53
12/07/2014,ASE,CO,ANM,WE,Combined TRACON& Tower with Radar,26,16,39,0,81,0,0,8,0,8,26,16,47,0,89,4,0,4,93
12/08/2014,ASE,CO,ANM,WE,Combined TRACON& Tower with Radar,17,7,18,0,42,0,0,4,0,4,17,7,22,0,46,7,0,7,53
12/09/2014,ASE,CO,ANM,WE,Combined TRACON& Tower with Radar,14,10,17,0,41,0,0,7,0,7,14,10,24,0,48,51,0,51,99
12/10/2014,ASE,CO,ANM,WE,Combined TRACON& Tower with Radar,12,4,10,0,26,0,0,8,0,8,12,4,18,0,34,15,4,19,53
12/11/2014,ASE,CO,ANM,WE,Combined TRACON& Tower with Radar,16,8,11,0,35,0,0,17,0,17,16,8,28,0,52,15,0,15,67
12/12/2014,ASE,CO,ANM,WE,Combined TRACON& Tower with Radar,14,14,15,0,43,0,0,10,0,10,14,14,25,0,53,8,0,8,61
12/13/2014,ASE,CO,ANM,WE,Combined TRACON& Tower with Radar,17,23,18,0,58,0,0,5,0,5,17,23,23,0,63,8,0,8,71
12/14/2014,ASE,CO,ANM,WE,Combined TRACON& Tower with Radar,6,3,6,0,15,0,0,0,0,0,6,3,6,0,15,0,0,0,15
12/15/2014,ASE,CO,ANM,WE,Combined TRACON& Tower with Radar,20,21,34,0,75,0,0,3,0,3,20,21,37,0,78,1,0,1,79
12/16/2014,ASE,CO,ANM,WE,Combined TRACON& Tower with Radar,18,10,26,0,54,0,0,1,0,1,18,10,27,0,55,18,0,18,73
12/17/2014,ASE,CO,ANM,WE,Combined TRACON& Tower with Radar,18,15,17,0,50,0,0,1,0,1,18,15,18,0,51,30,0,30,81
12/18/2014,ASE,CO,ANM,WE,Combined TRACON& Tower with Radar,39,30,35,0,104,0,0,0,0,0,39,30,35,0,104,0,0,0,104
12/19/2014,ASE,CO,ANM,WE,Combined TRACON& Tower with Radar,46,72,100,0,218,0,0,5,0,5,46,72,105,0,223,12,0,12,235
12/20/2014,ASE,CO,ANM,WE,Combined TRACON& Tower with Radar,58,82,118,0,258,0,0,1,0,1,58,82,119,0,259,3,0,3,262
12/21/2014,ASE,CO,ANM,WE,Combined TRACON& Tower with Radar,10,9,5,0,24,0,0,0,0,0,10,9,5,0,24,0,0,0,24
12/22/2014,ASE,CO,ANM,WE,Combined TRACON& Tower with Radar,6,3,14,0,23,0,0,0,0,0,6,3,14,0,23,0,0,0,23
12/23/2014,ASE,CO,ANM,WE,Combined TRACON& Tower with Radar,50,46,79,0,175,0,0,1,0,1,50,46,80,0,176,0,0,0,176
12/24/2014,ASE,CO,ANM,WE,Combined TRACON& Tower with Radar,44,33,41,0,118,0,0,5,0,5,44,33,46,0,123,0,0,0,123
12/25/2014,ASE,CO,ANM,WE,Combined TRACON& Tower with Radar,29,9,31,0,69,0,0,0,0,0,29,9,31,0,69,34,0,34,103
12/26/2014,ASE,CO,ANM,WE,Combined TRACON& Tower with Radar,45,23,77,0,145,0,0,1,0,1,45,23,78,0,146,0,0,0,146
12/27/2014,ASE,CO,ANM,WE,Combined TRACON& Tower with Radar,44,73,147,0,264,0,0,13,0,13,44,73,160,0,277,11,1,12,289
12/28/2014,ASE,CO,ANM,WE,Combined TRACON& Tower with Radar,45,16,26,0,87,0,0,0,0,0,45,16,26,0,87,0,0,0,87
12/29/2014,ASE,CO,ANM,WE,Combined TRACON& Tower with Radar,33,17,31,0,81,0,0,0,0,0,33,17,31,0,81,0,0,0,81
12/30/2014,ASE,CO,ANM,WE,Combined TRACON& Tower with Radar,30,38,76,0,144,0,0,0,0,0,30,38,76,0,144,0,0,0,144
12/31/2014,ASE,CO,ANM,WE,Combined TRACON& Tower with Radar,38,42,70,0,150,0,0,12,0,12,38,42,82,0,162,22,0,22,184
01/01/2015,ASE,CO,ANM,WE,Combined TRACON& Tower with Radar,43,60,51,0,154,0,0,1,0,1,43,60,52,0,155,1,0,1,156
01/02/2015,ASE,CO,ANM,WE,Combined TRACON& Tower with Radar,48,104,120,0,272,0,1,10,0,11,48,105,130,0,283,4,0,4,287
01/03/2015,ASE,CO,ANM,WE,Combined TRACON& Tower with Radar,53,47,95,0,195,0,0,1,0,1,53,47,96,0,196,0,0,0,196
01/04/2015,ASE,CO,ANM,WE,Combined TRACON& Tower with Radar,52,92,105,0,249,0,0,6,0,6,52,92,111,0,255,0,0,0,255
01/05/2015,ASE,CO,ANM,WE,Combined TRACON& Tower with Radar,45,48,60,0,153,0,0,2,0,2,45,48,62,0,155,3,0,3,158
01/06/2015,ASE,CO,ANM,WE,Combined TRACON& Tower with Radar,40,25,27,0,92,0,0,5,0,5,40,25,32,0,97,8,0,8,105
01/07/2015,ASE,CO,ANM,WE,Combined TRACON& Tower with Radar,39,21,19,0,79,0,0,11,0,11,39,21,30,0,90,11,0,11,101
01/08/2015,ASE,CO,ANM,WE,Combined TRACON& Tower with Radar,36,25,28,0,89,0,0,8,0,8,36,25,36,0,97,13,3,16,113
01/09/2015,ASE,CO,ANM,WE,Combined TRACON& Tower with Radar,38,33,37,0,108,0,0,5,0,5,38,33,42,0,113,10,0,10,123
01/10/2015,ASE,CO,ANM,WE,Combined TRACON& Tower with Radar,48,35,40,0,123,0,0,15,0,15,48,35,55,0,138,16,0,16,154
01/11/2015,ASE,CO,ANM,WE,Combined TRACON& Tower with Radar,36,5,24,0,65,0,0,0,0,0,36,5,24,0,65,1,0,1,66
01/12/2015,ASE,CO,ANM,WE,Combined TRACON& Tower with Radar,33,20,33,0,86,0,0,1,0,1,33,20,34,0,87,0,0,0,87
01/13/2015,ASE,CO,ANM,WE,Combined TRACON& Tower with Radar,43,6,10,0,59,0,0,1,0,1,43,6,11,0,60,0,0,0,60
01/14/2015,ASE,CO,ANM,WE,Combined TRACON& Tower with Radar,41,16,23,0,80,0,0,3,0,3,41,16,26,0,83,15,2,17,100
01/15/2015,ASE,CO,ANM,WE,Combined TRACON& Tower with Radar,36,38,33,0,107,0,0,6,0,6,36,38,39,0,113,15,0,15,128
01/16/2015,ASE,CO,ANM,WE,Combined TRACON& Tower with Radar,39,64,59,0,162,0,0,6,0,6,39,64,65,0,168,19,0,19,187
01/17/2015,ASE,CO,ANM,WE,Combined TRACON& Tower with Radar,46,17,28,0,91,0,0,7,0,7,46,17,35,0,98,6,0,6,104
01/18/2015,ASE,CO,ANM,WE,Combined TRACON& Tower with Radar,49,24,29,0,102,0,0,6,0,6,49,24,35,0,108,7,0,7,115
01/19/2015,ASE,CO,ANM,WE,Combined TRACON& Tower with Radar,39,61,60,0,160,0,0,6,0,6,39,61,66,0,166,18,0,18,184
01/20/2015,ASE,CO,ANM,WE,Combined TRACON& Tower with Radar,37,27,34,0,98,0,0,5,0,5,37,27,39,0,103,0,0,0,103
01/21/2015,ASE,CO,ANM,WE,Combined TRACON& Tower with Radar,36,22,16,0,74,0,0,3,0,3,36,22,19,0,77,1,0,1,78
01/22/2015,ASE,CO,ANM,WE,Combined TRACON& Tower with Radar,38,38,44,0,120,0,0,6,1,7,38,38,50,1,127,8,0,8,135
01/23/2015,ASE,CO,ANM,WE,Combined TRACON& Tower with Radar,40,25,55,0,120,0,0,7,0,7,40,25,62,0,127,13,0,13,140
01/24/2015,ASE,CO,ANM,WE,Combined TRACON& Tower with Radar,48,28,31,0,107,0,0,2,0,2,48,28,33,0,109,5,0,5,114
01/25/2015,ASE,CO,ANM,WE,Combined TRACON& Tower with Radar,45,47,56,0,148,0,0,5,0,5,45,47,61,0,153,6,0,6,159
01/26/2015,ASE,CO,ANM,WE,Combined TRACON& Tower with Radar,38,31,32,0,101,0,0,7,0,7,38,31,39,0,108,12,0,12,120
01/27/2015,ASE,CO,ANM,WE,Combined TRACON& Tower with Radar,38,11,27,0,76,0,0,8,0,8,38,11,35,0,84,17,0,17,101
01/28/2015,ASE,CO,ANM,WE,Combined TRACON& Tower with Radar,40,14,22,0,76,0,0,2,0,2,40,14,24,0,78,18,0,18,96
01/29/2015,ASE,CO,ANM,WE,Combined TRACON& Tower with Radar,38,32,42,0,112,0,0,2,0,2,38,32,44,0,114,5,0,5,119
01/30/2015,ASE,CO,ANM,WE,Combined TRACON& Tower with Radar,40,21,38,0,99,0,0,1,0,1,40,21,39,0,100,37,0,37,137
01/31/2015,ASE,CO,ANM,WE,Combined TRACON& Tower with Radar,35,1,14,0,50,0,0,0,0,0,35,1,14,0,50,0,0,0,50
02/01/2015,ASE,CO,ANM,WE,Combined TRACON& Tower with Radar,44,28,49,0,121,0,0,8,0,8,44,28,57,0,129,27,0,27,156
02/02/2015,ASE,CO,ANM,WE,Combined TRACON& Tower with Radar,33,19,37,0,89,0,0,3,0,3,33,19,40,0,92,6,0,6,98
02/03/2015,ASE,CO,ANM,WE,Combined TRACON& Tower with Radar,37,17,38,0,92,0,0,3,0,3,37,17,41,0,95,17,1,18,113
02/04/2015,ASE,CO,ANM,WE,Combined TRACON& Tower with Radar,37,7,12,0,56,0,0,0,0,0,37,7,12,0,56,1,0,1,57
02/05/2015,ASE,CO,ANM,WE,Combined TRACON& Tower with Radar,37,17,50,0,104,0,0,11,0,11,37,17,61,0,115,15,0,15,130
02/06/2015,ASE,CO,ANM,WE,Combined TRACON& Tower with Radar,40,28,33,0,101,0,0,11,0,11,40,28,44,0,112,16,0,16,128
02/07/2015,ASE,CO,ANM,WE,Combined TRACON& Tower with Radar,48,29,34,0,111,0,0,10,0,10,48,29,44,0,121,12,0,12,133
02/08/2015,ASE,CO,ANM,WE,Combined TRACON& Tower with Radar,47,35,47,0,129,0,0,17,0,17,47,35,64,0,146,22,0,22,168
02/09/2015,ASE,CO,ANM,WE,Combined TRACON& Tower with Radar,39,16,34,0,89,0,0,8,0,8,39,16,42,0,97,8,0,8,105
02/10/2015,ASE,CO,ANM,WE,Combined TRACON& Tower with Radar,38,19,21,0,78,0,0,2,0,2,38,19,23,0,80,6,0,6,86
02/11/2015,ASE,CO,ANM,WE,Combined TRACON& Tower with Radar,40,26,35,0,101,0,0,7,0,7,40,26,42,0,108,12,0,12,120
02/12/2015,ASE,CO,ANM,WE,Combined TRACON& Tower with Radar,48,52,98,0,198,0,1,14,0,15,48,53,112,0,213,8,2,10,223
02/13/2015,ASE,CO,ANM,WE,Combined TRACON& Tower with Radar,51,57,105,1,214,0,0,12,0,12,51,57,117,1,226,9,0,9,235
02/14/2015,ASE,CO,ANM,WE,Combined TRACON& Tower with Radar,61,53,55,0,169,0,0,11,0,11,61,53,66,0,180,23,0,23,203
02/15/2015,ASE,CO,ANM,WE,Combined TRACON& Tower with Radar,39,26,43,0,108,0,0,3,0,3,39,26,46,0,111,2,0,2,113
02/16/2015,ASE,CO,ANM,WE,Combined TRACON& Tower with Radar,42,30,73,1,146,0,0,1,0,1,42,30,74,1,147,2,0,2,149
02/17/2015,ASE,CO,ANM,WE,Combined TRACON& Tower with Radar,39,51,59,0,149,0,0,3,0,3,39,51,62,0,152,21,0,21,173
02/18/2015,ASE,CO,ANM,WE,Combined TRACON& Tower with Radar,47,39,48,0,134,0,0,9,0,9,47,39,57,0,143,0,0,0,143
02/19/2015,ASE,CO,ANM,WE,Combined TRACON& Tower with Radar,50,31,52,0,133,0,0,16,1,17,50,31,68,1,150,20,0,20,170
02/20/2015,ASE,CO,ANM,WE,Combined TRACON& Tower with Radar,36,25,52,0,113,0,0,2,0,2,36,25,54,0,115,0,0,0,115
02/21/2015,ASE,CO,ANM,WE,Combined TRACON& Tower with Radar,40,10,25,0,75,0,0,0,0,0,40,10,25,0,75,0,0,0,75
02/22/2015,ASE,CO,ANM,WE,Combined TRACON& Tower with Radar,28,13,38,0,79,0,0,0,0,0,28,13,38,0,79,0,0,0,79
02/23/2015,ASE,CO,ANM,WE,Combined TRACON& Tower with Radar,28,14,18,0,60,0,0,0,0,0,28,14,18,0,60,0,0,0,60
02/24/2015,ASE,CO,ANM,WE,Combined TRACON& Tower with Radar,45,32,45,0,122,0,0,7,0,7,45,32,52,0,129,11,0,11,140
02/25/2015,ASE,CO,ANM,WE,Combined TRACON& Tower with Radar,45,16,22,0,83,0,0,0,0,0,45,16,22,0,83,1,0,1,84
02/26/2015,ASE,CO,ANM,WE,Combined TRACON& Tower with Radar,43,29,38,1,111,0,0,0,0,0,43,29,38,1,111,1,2,3,114
02/27/2015,ASE,CO,ANM,WE,Combined TRACON& Tower with Radar,46,13,30,0,89,0,0,1,0,1,46,13,31,0,90,0,0,0,90
02/28/2015,ASE,CO,ANM,WE,Combined TRACON& Tower with Radar,55,32,28,0,115,0,0,0,0,0,55,32,28,0,115,1,0,1,116
03/01/2015,ASE,CO,ANM,WE,Combined TRACON& Tower with Radar,57,24,45,0,126,0,0,1,0,1,57,24,46,0,127,1,0,1,128
03/02/2015,ASE,CO,ANM,WE,Combined TRACON& Tower with Radar,33,16,30,0,79,0,0,1,0,1,33,16,31,0,80,4,0,4,84
03/03/2015,ASE,CO,ANM,WE,Combined TRACON& Tower with Radar,43,12,27,0,82,0,0,0,0,0,43,12,27,0,82,2,0,2,84
03/04/2015,ASE,CO,ANM,WE,Combined TRACON& Tower with Radar,39,14,37,0,90,0,0,4,0,4,39,14,41,0,94,7,0,7,101
03/05/2015,ASE,CO,ANM,WE,Combined TRACON& Tower with Radar,47,20,52,0,119,0,0,12,0,12,47,20,64,0,131,8,0,8,139
03/06/2015,ASE,CO,ANM,WE,Combined TRACON& Tower with Radar,49,34,56,0,139,0,0,9,0,9,49,34,65,0,148,9,0,9,157
03/07/2015,ASE,CO,ANM,WE,Combined TRACON& Tower with Radar,60,40,77,0,177,0,0,11,0,11,60,40,88,0,188,7,0,7,195
03/08/2015,ASE,CO,ANM,WE,Combined TRACON& Tower with Radar,52,41,84,0,177,0,0,11,0,11,52,41,95,0,188,15,0,15,203
03/09/2015,ASE,CO,ANM,WE,Combined TRACON& Tower with Radar,50,34,42,0,126,0,1,8,0,9,50,35,50,0,135,11,2,13,148
03/10/2015,ASE,CO,ANM,WE,Combined TRACON& Tower with Radar,44,26,46,0,116,0,0,16,0,16,44,26,62,0,132,12,0,12,144
03/11/2015,ASE,CO,ANM,WE,Combined TRACON& Tower with Radar,49,26,35,0,110,0,0,9,2,11,49,26,44,2,121,17,3,20,141
03/12/2015,ASE,CO,ANM,WE,Combined TRACON& Tower with Radar,50,42,58,0,150,0,0,3,0,3,50,42,61,0,153,25,0,25,178
03/13/2015,ASE,CO,ANM,WE,Combined TRACON& Tower with Radar,50,62,79,0,191,0,0,4,0,4,50,62,83,0,195,9,0,9,204
03/14/2015,ASE,CO,ANM,WE,Combined TRACON& Tower with Radar,60,80,91,0,231,0,0,15,0,15,60,80,106,0,246,2,0,2,248
03/15/2015,ASE,CO,ANM,WE,Combined TRACON& Tower with Radar,55,58,88,0,201,0,0,11,0,11,55,58,99,0,212,12,0,12,224
03/16/2015,ASE,CO,ANM,WE,Combined TRACON& Tower with Radar,50,45,40,0,135,0,0,9,0,9,50,45,49,0,144,19,1,20,164
03/17/2015,ASE,CO,ANM,WE,Combined TRACON& Tower with Radar,44,32,39,0,115,0,0,13,0,13,44,32,52,0,128,16,0,16,144
03/18/2015,ASE,CO,ANM,WE,Combined TRACON& Tower with Radar,47,36,39,0,122,0,0,1,0,1,47,36,40,0,123,11,0,11,134
03/19/2015,ASE,CO,ANM,WE,Combined TRACON& Tower with Radar,51,41,53,0,145,0,0,4,0,4,51,41,57,0,149,18,1,19,168
03/20/2015,ASE,CO,ANM,WE,Combined TRACON& Tower with Radar,50,48,78,0,176,0,0,11,0,11,50,48,89,0,187,10,1,11,198
03/21/2015,ASE,CO,ANM,WE,Combined TRACON& Tower with Radar,61,62,80,2,205,0,0,19,1,20,61,62,99,3,225,32,0,32,257
03/22/2015,ASE,CO,ANM,WE,Combined TRACON& Tower with Radar,52,65,62,0,179,0,0,7,0,7,52,65,69,0,186,8,0,8,194
03/23/2015,ASE,CO,ANM,WE,Combined TRACON& Tower with Radar,50,28,27,0,105,0,0,6,0,6,50,28,33,0,111,3,0,3,114
03/24/2015,ASE,CO,ANM,WE,Combined TRACON& Tower with Radar,41,21,27,0,89,0,0,4,0,4,41,21,31,0,93,13,0,13,106
03/25/2015,ASE,CO,ANM,WE,Combined TRACON& Tower with Radar,43,5,21,0,69,0,0,2,0,2,43,5,23,0,71,1,0,1,72
03/26/2015,ASE,CO,ANM,WE,Combined TRACON& Tower with Radar,48,21,51,0,120,0,0,8,1,9,48,21,59,1,129,23,2,25,154
03/27/2015,ASE,CO,ANM,WE,Combined TRACON& Tower with Radar,48,32,62,0,142,0,0,17,0,17,48,32,79,0,159,13,0,13,172
03/28/2015,ASE,CO,ANM,WE,Combined TRACON& Tower with Radar,64,49,52,0,165,0,0,3,0,3,64,49,55,0,168,1,0,1,169
03/29/2015,ASE,CO,ANM,WE,Combined TRACON& Tower with Radar,51,37,41,0,129,0,0,9,0,9,51,37,50,0,138,8,0,8,146
03/30/2015,ASE,CO,ANM,WE,Combined TRACON& Tower with Radar,48,25,21,0,94,0,0,7,0,7,48,25,28,0,101,0,0,0,101
03/31/2015,ASE,CO,ANM,WE,Combined TRACON& Tower with Radar,39,17,26,0,82,0,0,10,0,10,39,17,36,0,92,12,0,12,104
04/01/2015,ASE,CO,ANM,WE,Combined TRACON& Tower with Radar,37,6,25,0,68,0,0,1,0,1,37,6,26,0,69,0,0,0,69
04/02/2015,ASE,CO,ANM,WE,Combined TRACON& Tower with Radar,39,8,12,0,59,0,0,2,0,2,39,8,14,0,61,2,1,3,64
04/03/2015,ASE,CO,ANM,WE,Combined TRACON& Tower with Radar,45,20,40,0,105,0,0,5,0,5,45,20,45,0,110,7,0,7,117
04/04/2015,ASE,CO,ANM,WE,Combined TRACON& Tower with Radar,59,30,24,2,115,0,0,9,0,9,59,30,33,2,124,14,1,15,139
04/05/2015,ASE,CO,ANM,WE,Combined TRACON& Tower with Radar,51,26,22,0,99,0,0,7,0,7,51,26,29,0,106,11,0,11,117
04/06/2015,ASE,CO,ANM,WE,Combined TRACON& Tower with Radar,41,16,23,0,80,0,0,9,0,9,41,16,32,0,89,4,0,4,93
04/07/2015,ASE,CO,ANM,WE,Combined TRACON& Tower with Radar,16,13,22,0,51,0,0,4,0,4,16,13,26,0,55,12,0,12,67
04/08/2015,ASE,CO,ANM,WE,Combined TRACON& Tower with Radar,10,5,11,0,26,0,0,2,0,2,10,5,13,0,28,0,4,4,32
04/09/2015,ASE,CO,ANM,WE,Combined TRACON& Tower with Radar,11,23,18,0,52,0,0,2,0,2,11,23,20,0,54,11,0,11,65
04/10/2015,ASE,CO,ANM,WE,Combined TRACON& Tower with Radar,11,15,34,0,60,0,0,1,0,1,11,15,35,0,61,39,0,39,100
04/11/2015,ASE,CO,ANM,WE,Combined TRACON& Tower with Radar,10,16,19,0,45,0,0,15,0,15,10,16,34,0,60,14,0,14,74
04/12/2015,ASE,CO,ANM,WE,Combined TRACON& Tower with Radar,13,8,25,0,46,0,0,3,0,3,13,8,28,0,49,48,0,48,97
04/13/2015,ASE,CO,ANM,WE,Combined TRACON& Tower with Radar,11,4,8,2,25,0,0,9,0,9,11,4,17,2,34,27,0,27,61
04/14/2015,ASE,CO,ANM,WE,Combined TRACON& Tower with Radar,11,7,17,0,35,0,0,6,0,6,11,7,23,0,41,18,0,18,59
04/15/2015,ASE,CO,ANM,WE,Combined TRACON& Tower with Radar,6,2,10,0,18,0,0,1,0,1,6,2,11,0,19,6,0,6,25
04/16/2015,ASE,CO,ANM,WE,Combined TRACON& Tower with Radar,8,5,13,0,26,0,0,1,0,1,8,5,14,0,27,2,0,2,29
04/17/2015,ASE,CO,ANM,WE,Combined TRACON& Tower with Radar,0,0,4,0,4,0,0,0,0,0,0,0,4,0,4,0,0,0,4
04/18/2015,ASE,CO,ANM,WE,Combined TRACON& Tower with Radar,4,4,9,0,17,0,0,0,0,0,4,4,9,0,17,0,0,0,17
04/19/2015,ASE,CO,ANM,WE,Combined TRACON& Tower with Radar,10,8,10,0,28,0,0,0,0,0,10,8,10,0,28,47,0,47,75
04/20/2015,ASE,CO,ANM,WE,Combined TRACON& Tower with Radar,11,3,11,0,25,0,0,0,0,0,11,3,11,0,25,0,0,0,25
04/21/2015,ASE,CO,ANM,WE,Combined TRACON& Tower with Radar,11,11,17,0,39,0,0,8,0,8,11,11,25,0,47,43,0,43,90
04/22/2015,ASE,CO,ANM,WE,Combined TRACON& Tower with Radar,7,7,10,0,24,0,0,4,0,4,7,7,14,0,28,19,0,19,47
04/23/2015,ASE,CO,ANM,WE,Combined TRACON& Tower with Radar,11,5,13,0,29,0,0,6,1,7,11,5,19,1,36,4,0,4,40
04/24/2015,ASE,CO,ANM,WE,Combined TRACON& Tower with Radar,10,10,10,0,30,0,0,4,0,4,10,10,14,0,34,21,0,21,55
04/25/2015,ASE,CO,ANM,WE,Combined TRACON& Tower with Radar,10,4,3,0,17,0,0,1,0,1,10,4,4,0,18,4,0,4,22
04/26/2015,ASE,CO,ANM,WE,Combined TRACON& Tower with Radar,11,5,7,0,23,0,0,0,0,0,11,5,7,0,23,0,0,0,23
04/27/2015,ASE,CO,ANM,WE,Combined TRACON& Tower with Radar,11,6,9,0,26,0,0,3,0,3,11,6,12,0,29,28,0,28,57
04/28/2015,ASE,CO,ANM,WE,Combined TRACON& Tower with Radar,11,7,7,2,27,0,0,6,0,6,11,7,13,2,33,28,0,28,61
04/29/2015,ASE,CO,ANM,WE,Combined TRACON& Tower with Radar,11,4,17,0,32,0,0,3,2,5,11,4,20,2,37,45,0,45,82
04/30/2015,ASE,CO,ANM,WE,Combined TRACON& Tower with Radar,10,8,15,0,33,0,0,12,0,12,10,8,27,0,45,7,0,7,52
05/01/2015,ASE,CO,ANM,WE,Combined TRACON& Tower with Radar,11,7,14,0,32,0,0,3,0,3,11,7,17,0,35,10,0,10,45
05/02/2015,ASE,CO,ANM,WE,Combined TRACON& Tower with Radar,10,7,10,0,27,0,0,1,0,1,10,7,11,0,28,18,0,18,46
05/03/2015,ASE,CO,ANM,WE,Combined TRACON& Tower with Radar,10,9,14,0,33,0,0,1,0,1,10,9,15,0,34,28,0,28,62
05/04/2015,ASE,CO,ANM,WE,Combined TRACON& Tower with Radar,11,13,14,0,38,0,0,4,0,4,11,13,18,0,42,39,0,39,81
05/05/2015,ASE,CO,ANM,WE,Combined TRACON& Tower with Radar,9,10,17,0,36,0,0,3,0,3,9,10,20,0,39,10,0,10,49
05/06/2015,ASE,CO,ANM,WE,Combined TRACON& Tower with Radar,8,5,5,0,18,0,0,0,0,0,8,5,5,0,18,0,0,0,18
05/07/2015,ASE,CO,ANM,WE,Combined TRACON& Tower with Radar,9,6,10,0,25,0,0,6,0,6,9,6,16,0,31,12,0,12,43
05/08/2015,ASE,CO,ANM,WE,Combined TRACON& Tower with Radar,8,23,8,5,44,0,0,5,1,6,8,23,13,6,50,9,0,9,59
05/09/2015,ASE,CO,ANM,WE,Combined TRACON& Tower with Radar,7,3,9,0,19,0,0,1,0,1,7,3,10,0,20,0,0,0,20
05/10/2015,ASE,CO,ANM,WE,Combined TRACON& Tower with Radar,6,0,6,0,12,0,0,0,0,0,6,0,6,0,12,0,0,0,12
05/11/2015,ASE,CO,ANM,WE,Combined TRACON& Tower with Radar,9,17,24,0,50,0,0,7,0,7,9,17,31,0,57,11,0,11,68
05/12/2015,ASE,CO,ANM,WE,Combined TRACON& Tower with Radar,8,5,7,0,20,0,0,5,0,5,8,5,12,0,25,8,0,8,33
05/13/2015,ASE,CO,ANM,WE,Combined TRACON& Tower with Radar,8,9,12,0,29,0,0,1,0,1,8,9,13,0,30,11,0,11,41
05/14/2015,ASE,CO,ANM,WE,Combined TRACON& Tower with Radar,7,8,16,0,31,0,0,5,2,7,7,8,21,2,38,11,3,14,52
05/15/2015,ASE,CO,ANM,WE,Combined TRACON& Tower with Radar,8,7,14,0,29,0,0,0,0,0,8,7,14,0,29,13,0,13,42
05/16/2015,ASE,CO,ANM,WE,Combined TRACON& Tower with Radar,7,5,8,0,20,0,0,2,0,2,7,5,10,0,22,8,0,8,30
05/17/2015,ASE,CO,ANM,WE,Combined TRACON& Tower with Radar,11,5,9,0,25,0,0,0,0,0,11,5,9,0,25,2,0,2,27
05/18/2015,ASE,CO,ANM,WE,Combined TRACON& Tower with Radar,9,11,15,0,35,0,0,8,0,8,9,11,23,0,43,0,0,0,43
05/19/2015,ASE,CO,ANM,WE,Combined TRACON& Tower with Radar,9,4,4,0,17,0,0,0,0,0,9,4,4,0,17,27,0,27,44
05/20/2015,ASE,CO,ANM,WE,Combined TRACON& Tower with Radar,8,12,19,2,41,0,0,5,0,5,8,12,24,2,46,21,0,21,67
05/21/2015,ASE,CO,ANM,WE,Combined TRACON& Tower with Radar,8,15,12,0,35,0,0,0,0,0,8,15,12,0,35,2,1,3,38
05/22/2015,ASE,CO,ANM,WE,Combined TRACON& Tower with Radar,6,19,11,0,36,0,0,2,0,2,6,19,13,0,38,28,0,28,66
05/23/2015,ASE,CO,ANM,WE,Combined TRACON& Tower with Radar,5,11,5,0,21,0,0,4,0,4,5,11,9,0,25,5,0,5,30
05/24/2015,ASE,CO,ANM,WE,Combined TRACON& Tower with Radar,7,8,7,2,24,0,0,0,0,0,7,8,7,2,24,35,2,37,61
05/25/2015,ASE,CO,ANM,WE,Combined TRACON& Tower with Radar,6,16,13,0,35,0,0,1,0,1,6,16,14,0,36,20,0,20,56
05/26/2015,ASE,CO,ANM,WE,Combined TRACON& Tower with Radar,8,12,19,0,39,0,0,6,0,6,8,12,25,0,45,11,0,11,56
05/27/2015,ASE,CO,ANM,WE,Combined TRACON& Tower with Radar,3,7,9,0,19,0,0,1,0,1,3,7,10,0,20,9,0,9,29
05/28/2015,ASE,CO,ANM,WE,Combined TRACON& Tower with Radar,9,8,13,0,30,0,0,4,0,4,9,8,17,0,34,4,0,4,38
05/29/2015,ASE,CO,ANM,WE,Combined TRACON& Tower with Radar,9,26,18,0,53,0,0,5,0,5,9,26,23,0,58,5,0,5,63
05/30/2015,ASE,CO,ANM,WE,Combined TRACON& Tower with Radar,8,15,15,2,40,0,0,9,0,9,8,15,24,2,49,34,0,34,83
05/31/2015,ASE,CO,ANM,WE,Combined TRACON& Tower with Radar,10,10,12,2,34,0,0,7,0,7,10,10,19,2,41,5,0,5,46
06/01/2015,ASE,CO,ANM,WE,Combined TRACON& Tower with Radar,8,7,20,4,39,0,0,10,1,11,8,7,30,5,50,20,0,20,70
06/02/2015,ASE,CO,ANM,WE,Combined TRACON& Tower with Radar,8,11,13,3,35,0,0,10,1,11,8,11,23,4,46,9,0,9,55
06/03/2015,ASE,CO,ANM,WE,Combined TRACON& Tower with Radar,9,10,18,6,43,0,0,10,0,10,9,10,28,6,53,7,0,7,60
06/04/2015,ASE,CO,ANM,WE,Combined TRACON& Tower with Radar,20,12,17,2,51,0,0,8,0,8,20,12,25,2,59,16,2,18,77
06/05/2015,ASE,CO,ANM,WE,Combined TRACON& Tower with Radar,22,19,13,0,54,0,0,5,0,5,22,19,18,0,59,10,3,13,72
06/06/2015,ASE,CO,ANM,WE,Combined TRACON& Tower with Radar,23,9,12,0,44,0,0,2,0,2,23,9,14,0,46,26,0,26,72
06/07/2015,ASE,CO,ANM,WE,Combined TRACON& Tower with Radar,25,16,32,0,73,0,0,14,0,14,25,16,46,0,87,69,0,69,156
06/08/2015,ASE,CO,ANM,WE,Combined TRACON& Tower with Radar,22,14,21,4,61,0,0,13,0,13,22,14,34,4,74,26,0,26,100
06/09/2015,ASE,CO,ANM,WE,Combined TRACON& Tower with Radar,23,21,32,2,78,0,0,15,0,15,23,21,47,2,93,34,0,34,127
06/10/2015,ASE,CO,ANM,WE,Combined TRACON& Tower with Radar,20,4,22,0,46,0,0,1,0,1,20,4,23,0,47,17,0,17,64
06/11/2015,ASE,CO,ANM,WE,Combined TRACON& Tower with Radar,21,9,14,2,46,0,0,0,0,0,21,9,14,2,46,35,0,35,81
06/12/2015,ASE,CO,ANM,WE,Combined TRACON& Tower with Radar,24,30,23,0,77,0,0,4,0,4,24,30,27,0,81,49,0,49,130
06/13/2015,ASE,CO,ANM,WE,Combined TRACON& Tower with Radar,23,21,31,0,75,0,0,12,0,12,23,21,43,0,87,45,0,45,132
06/14/2015,ASE,CO,ANM,WE,Combined TRACON& Tower with Radar,23,33,24,0,80,0,0,14,0,14,23,33,38,0,94,39,0,39,133
06/15/2015,ASE,CO,ANM,WE,Combined TRACON& Tower with Radar,21,24,34,0,79,0,0,7,0,7,21,24,41,0,86,6,0,6,92
06/16/2015,ASE,CO,ANM,WE,Combined TRACON& Tower with Radar,19,18,22,0,59,0,0,4,0,4,19,18,26,0,63,3,0,3,66
06/17/2015,ASE,CO,ANM,WE,Combined TRACON& Tower with Radar,26,33,30,4,93,0,0,4,0,4,26,33,34,4,97,9,0,9,106
06/18/2015,ASE,CO,ANM,WE,Combined TRACON& Tower with Radar,30,60,76,0,166,0,0,6,0,6,30,60,82,0,172,13,0,13,185
06/19/2015,ASE,CO,ANM,WE,Combined TRACON& Tower with Radar,26,39,46,0,111,0,0,12,1,13,26,39,58,1,124,22,4,26,150
06/20/2015,ASE,CO,ANM,WE,Combined TRACON& Tower with Radar,26,40,24,0,90,0,0,9,0,9,26,40,33,0,99,16,0,16,115
06/21/2015,ASE,CO,ANM,WE,Combined TRACON& Tower with Radar,28,44,84,0,156,0,0,5,0,5,28,44,89,0,161,7,0,7,168
06/22/2015,ASE,CO,ANM,WE,Combined TRACON& Tower with Radar,20,44,42,0,106,0,0,7,0,7,20,44,49,0,113,8,0,8,121
06/23/2015,ASE,CO,ANM,WE,Combined TRACON& Tower with Radar,21,37,34,0,92,0,0,12,0,12,21,37,46,0,104,32,1,33,137
06/24/2015,ASE,CO,ANM,WE,Combined TRACON& Tower with Radar,23,29,35,0,87,0,0,12,1,13,23,29,47,1,100,39,1,40,140
06/25/2015,ASE,CO,ANM,WE,Combined TRACON& Tower with Radar,22,34,47,0,103,0,0,9,0,9,22,34,56,0,112,24,0,24,136
06/26/2015,ASE,CO,ANM,WE,Combined TRACON& Tower with Radar,23,60,76,0,159,0,0,5,0,5,23,60,81,0,164,21,0,21,185
06/27/2015,ASE,CO,ANM,WE,Combined TRACON& Tower with Radar,27,72,54,0,153,0,0,9,0,9,27,72,63,0,162,27,0,27,189
06/28/2015,ASE,CO,ANM,WE,Combined TRACON& Tower with Radar,23,60,80,0,163,0,0,10,0,10,23,60,90,0,173,19,0,19,192
06/29/2015,ASE,CO,ANM,WE,Combined TRACON& Tower with Radar,24,48,38,0,110,0,0,11,0,11,24,48,49,0,121,13,2,15,136
06/30/2015,ASE,CO,ANM,WE,Combined TRACON& Tower with Radar,21,51,58,0,130,0,0,25,0,25,21,51,83,0,155,13,0,13,168
07/01/2015,ASE,CO,ANM,WE,Combined TRACON& Tower with Radar,23,62,94,0,179,0,0,10,0,10,23,62,104,0,189,14,0,14,203
07/02/2015,ASE,CO,ANM,WE,Combined TRACON& Tower with Radar,25,66,78,2,171,0,0,14,0,14,25,66,92,2,185,17,0,17,202
07/03/2015,ASE,CO,ANM,WE,Combined TRACON& Tower with Radar,22,37,52,0,111,0,0,13,0,13,22,37,65,0,124,25,0,25,149
07/04/2015,ASE,CO,ANM,WE,Combined TRACON& Tower with Radar,29,35,27,0,91,0,0,4,2,6,29,35,31,2,97,21,0,21,118
07/05/2015,ASE,CO,ANM,WE,Combined TRACON& Tower with Radar,27,78,142,0,247,0,0,3,0,3,27,78,145,0,250,5,0,5,255
07/06/2015,ASE,CO,ANM,WE,Combined TRACON& Tower with Radar,23,47,94,0,164,0,0,8,0,8,23,47,102,0,172,10,0,10,182
07/07/2015,ASE,CO,ANM,WE,Combined TRACON& Tower with Radar,24,37,41,0,102,0,0,2,0,2,24,37,43,0,104,10,0,10,114
07/08/2015,ASE,CO,ANM,WE,Combined TRACON& Tower with Radar,26,27,49,0,102,0,0,1,0,1,26,27,50,0,103,21,0,21,124
07/09/2015,ASE,CO,ANM,WE,Combined TRACON& Tower with Radar,23,31,39,0,93,0,0,10,0,10,23,31,49,0,103,21,1,22,125
07/10/2015,ASE,CO,ANM,WE,Combined TRACON& Tower with Radar,24,53,59,0,136,0,0,7,0,7,24,53,66,0,143,20,0,20,163
07/11/2015,ASE,CO,ANM,WE,Combined TRACON& Tower with Radar,33,53,44,0,130,0,0,11,0,11,33,53,55,0,141,40,0,40,181
07/12/2015,ASE,CO,ANM,WE,Combined TRACON& Tower with Radar,27,43,83,0,153,0,0,13,0,13,27,43,96,0,166,32,0,32,198
07/13/2015,ASE,CO,ANM,WE,Combined TRACON& Tower with Radar,23,52,51,0,126,0,0,10,0,10,23,52,61,0,136,11,0,11,147
07/14/2015,ASE,CO,ANM,WE,Combined TRACON& Tower with Radar,21,31,59,0,111,0,0,9,0,9,21,31,68,0,120,12,0,12,132
07/15/2015,ASE,CO,ANM,WE,Combined TRACON& Tower with Radar,25,50,53,0,128,0,0,9,0,9,25,50,62,0,137,35,0,35,172
07/16/2015,ASE,CO,ANM,WE,Combined TRACON& Tower with Radar,24,34,63,0,121,0,0,13,0,13,24,34,76,0,134,11,1,12,146
07/17/2015,ASE,CO,ANM,WE,Combined TRACON& Tower with Radar,27,33,67,0,127,0,0,14,0,14,27,33,81,0,141,18,0,18,159
07/18/2015,ASE,CO,ANM,WE,Combined TRACON& Tower with Radar,30,43,55,0,128,0,0,13,0,13,30,43,68,0,141,23,0,23,164
07/19/2015,ASE,CO,ANM,WE,Combined TRACON& Tower with Radar,26,66,84,0,176,0,0,2,0,2,26,66,86,0,178,12,0,12,190
07/20/2015,ASE,CO,ANM,WE,Combined TRACON& Tower with Radar,24,49,64,2,139,0,0,6,0,6,24,49,70,2,145,14,0,14,159
07/21/2015,ASE,CO,ANM,WE,Combined TRACON& Tower with Radar,23,27,42,0,92,0,0,2,0,2,23,27,44,0,94,24,0,24,118
07/22/2015,ASE,CO,ANM,WE,Combined TRACON& Tower with Radar,24,35,75,1,135,0,0,10,0,10,24,35,85,1,145,13,0,13,158
07/23/2015,ASE,CO,ANM,WE,Combined TRACON& Tower with Radar,26,31,56,5,118,0,0,6,0,6,26,31,62,5,124,16,0,16,140
07/24/2015,ASE,CO,ANM,WE,Combined TRACON& Tower with Radar,24,57,75,5,161,0,0,10,0,10,24,57,85,5,171,12,0,12,183
07/25/2015,ASE,CO,ANM,WE,Combined TRACON& Tower with Radar,36,38,56,2,132,0,0,15,0,15,36,38,71,2,147,11,0,11,158
07/26/2015,ASE,CO,ANM,WE,Combined TRACON& Tower with Radar,26,64,71,0,161,0,0,10,1,11,26,64,81,1,172,15,0,15,187
07/27/2015,ASE,CO,ANM,WE,Combined TRACON& Tower with Radar,28,48,46,0,122,0,0,14,0,14,28,48,60,0,136,18,0,18,154
07/28/2015,ASE,CO,ANM,WE,Combined TRACON& Tower with Radar,25,37,45,0,107,0,0,9,0,9,25,37,54,0,116,35,0,35,151
07/29/2015,ASE,CO,ANM,WE,Combined TRACON& Tower with Radar,24,28,50,0,102,0,0,18,0,18,24,28,68,0,120,13,0,13,133
07/30/2015,ASE,CO,ANM,WE,Combined TRACON& Tower with Radar,25,46,89,0,160,0,1,19,0,20,25,47,108,0,180,23,0,23,203
07/31/2015,ASE,CO,ANM,WE,Combined TRACON& Tower with Radar,25,55,86,0,166,0,0,5,0,5,25,55,91,0,171,22,0,22,193
08/01/2015,ASE,CO,ANM,WE,Combined TRACON& Tower with Radar,36,68,67,0,171,0,0,12,0,12,36,68,79,0,183,19,1,20,203
08/02/2015,ASE,CO,ANM,WE,Combined TRACON& Tower with Radar,26,59,107,0,192,0,0,7,0,7,26,59,114,0,199,9,0,9,208
08/03/2015,ASE,CO,ANM,WE,Combined TRACON& Tower with Radar,23,48,82,0,153,0,0,5,0,5,23,48,87,0,158,21,0,21,179
08/04/2015,ASE,CO,ANM,WE,Combined TRACON& Tower with Radar,24,31,49,0,104,0,0,9,0,9,24,31,58,0,113,27,0,27,140
08/05/2015,ASE,CO,ANM,WE,Combined TRACON& Tower with Radar,22,42,58,0,122,0,0,13,0,13,22,42,71,0,135,39,0,39,174
08/06/2015,ASE,CO,ANM,WE,Combined TRACON& Tower with Radar,20,50,76,0,146,0,0,17,0,17,20,50,93,0,163,34,0,34,197
08/07/2015,ASE,CO,ANM,WE,Combined TRACON& Tower with Radar,25,39,78,0,142,0,0,12,0,12,25,39,90,0,154,35,0,35,189
08/08/2015,ASE,CO,ANM,WE,Combined TRACON& Tower with Radar,33,48,59,0,140,0,0,12,0,12,33,48,71,0,152,9,0,9,161
08/09/2015,ASE,CO,ANM,WE,Combined TRACON& Tower with Radar,26,63,79,0,168,0,0,23,0,23,26,63,102,0,191,13,2,15,206
08/10/2015,ASE,CO,ANM,WE,Combined TRACON& Tower with Radar,24,39,63,0,126,0,0,11,0,11,24,39,74,0,137,18,0,18,155
08/11/2015,ASE,CO,ANM,WE,Combined TRACON& Tower with Radar,24,36,45,0,105,0,0,4,0,4,24,36,49,0,109,22,0,22,131
08/12/2015,ASE,CO,ANM,WE,Combined TRACON& Tower with Radar,24,39,64,0,127,0,1,11,0,12,24,40,75,0,139,13,0,13,152
08/13/2015,ASE,CO,ANM,WE,Combined TRACON& Tower with Radar,25,33,39,0,97,0,0,12,0,12,25,33,51,0,109,36,0,36,145
08/14/2015,ASE,CO,ANM,WE,Combined TRACON& Tower with Radar,26,61,58,0,145,0,0,8,0,8,26,61,66,0,153,20,1,21,174
08/15/2015,ASE,CO,ANM,WE,Combined TRACON& Tower with Radar,38,50,65,0,153,0,0,13,0,13,38,50,78,0,166,18,0,18,184
08/16/2015,ASE,CO,ANM,WE,Combined TRACON& Tower with Radar,22,62,79,0,163,0,0,8,0,8,22,62,87,0,171,3,0,3,174
08/17/2015,ASE,CO,ANM,WE,Combined TRACON& Tower with Radar,22,39,40,0,101,0,0,9,0,9,22,39,49,0,110,15,0,15,125
08/18/2015,ASE,CO,ANM,WE,Combined TRACON& Tower with Radar,19,31,32,0,82,0,0,4,0,4,19,31,36,0,86,11,0,11,97
08/19/2015,ASE,CO,ANM,WE,Combined TRACON& Tower with Radar,20,35,52,0,107,0,0,10,0,10,20,35,62,0,117,10,1,11,128
08/20/2015,ASE,CO,ANM,WE,Combined TRACON& Tower with Radar,21,19,36,2,78,0,0,6,0,6,21,19,42,2,84,17,2,19,103
08/21/2015,ASE,CO,ANM,WE,Combined TRACON& Tower with Radar,21,44,61,0,126,0,1,8,0,9,21,45,69,0,135,9,0,9,144
08/22/2015,ASE,CO,ANM,WE,Combined TRACON& Tower with Radar,18,36,39,0,93,0,0,8,0,8,18,36,47,0,101,7,2,9,110
08/23/2015,ASE,CO,ANM,WE,Combined TRACON& Tower with Radar,23,44,71,2,140,0,0,13,0,13,23,44,84,2,153,5,1,6,159
08/24/2015,ASE,CO,ANM,WE,Combined TRACON& Tower with Radar,20,37,44,0,101,0,0,5,0,5,20,37,49,0,106,7,0,7,113
08/25/2015,ASE,CO,ANM,WE,Combined TRACON& Tower with Radar,18,24,31,0,73,0,0,6,0,6,18,24,37,0,79,3,0,3,82
08/26/2015,ASE,CO,ANM,WE,Combined TRACON& Tower with Radar,19,23,41,0,83,0,0,5,0,5,19,23,46,0,88,10,0,10,98
08/27/2015,ASE,CO,ANM,WE,Combined TRACON& Tower with Radar,20,31,39,0,90,0,0,1,0,1,20,31,40,0,91,1,0,1,92
08/28/2015,ASE,CO,ANM,WE,Combined TRACON& Tower with Radar,18,37,52,2,109,0,0,10,0,10,18,37,62,2,119,22,0,22,141
08/29/2015,ASE,CO,ANM,WE,Combined TRACON& Tower with Radar,17,39,25,0,81,0,0,9,0,9,17,39,34,0,90,18,0,18,108
08/30/2015,ASE,CO,ANM,WE,Combined TRACON& Tower with Radar,18,34,55,0,107,0,0,18,0,18,18,34,73,0,125,12,0,12,137
08/31/2015,ASE,CO,ANM,WE,Combined TRACON& Tower with Radar,20,28,44,0,92,0,0,4,0,4,20,28,48,0,96,34,0,34,130
09/01/2015,ASE,CO,ANM,WE,Combined TRACON& Tower with Radar,18,19,21,0,58,0,0,8,0,8,18,19,29,0,66,10,0,10,76
09/02/2015,ASE,CO,ANM,WE,Combined TRACON& Tower with Radar,18,13,26,0,57,0,0,10,0,10,18,13,36,0,67,44,0,44,111
09/03/2015,ASE,CO,ANM,WE,Combined TRACON& Tower with Radar,18,39,41,0,98,0,1,7,0,8,18,40,48,0,106,19,0,19,125
09/04/2015,ASE,CO,ANM,WE,Combined TRACON& Tower with Radar,18,60,71,0,149,0,0,7,0,7,18,60,78,0,156,25,0,25,181
09/05/2015,ASE,CO,ANM,WE,Combined TRACON& Tower with Radar,17,34,30,0,81,0,0,6,0,6,17,34,36,0,87,34,0,34,121
09/06/2015,ASE,CO,ANM,WE,Combined TRACON& Tower with Radar,18,33,32,0,83,0,0,14,0,14,18,33,46,0,97,14,0,14,111
09/07/2015,ASE,CO,ANM,WE,Combined TRACON& Tower with Radar,19,62,107,0,188,0,0,5,0,5,19,62,112,0,193,10,0,10,203
09/08/2015,ASE,CO,ANM,WE,Combined TRACON& Tower with Radar,20,28,40,0,88,0,0,13,0,13,20,28,53,0,101,10,0,10,111
09/09/2015,ASE,CO,ANM,WE,Combined TRACON& Tower with Radar,18,24,18,1,61,0,0,8,0,8,18,24,26,1,69,26,0,26,95
09/10/2015,ASE,CO,ANM,WE,Combined TRACON& Tower with Radar,17,13,29,0,59,0,0,14,1,15,17,13,43,1,74,35,0,35,109
09/11/2015,ASE,CO,ANM,WE,Combined TRACON& Tower with Radar,17,28,27,1,73,0,0,11,0,11,17,28,38,1,84,28,0,28,112
09/12/2015,ASE,CO,ANM,WE,Combined TRACON& Tower with Radar,15,22,30,0,67,0,0,21,1,22,15,22,51,1,89,26,0,26,115
09/13/2015,ASE,CO,ANM,WE,Combined TRACON& Tower with Radar,17,27,24,0,68,0,0,8,0,8,17,27,32,0,76,4,1,5,81
09/14/2015,ASE,CO,ANM,WE,Combined TRACON& Tower with Radar,16,23,35,6,80,0,0,5,0,5,16,23,40,6,85,15,1,16,101
09/15/2015,ASE,CO,ANM,WE,Combined TRACON& Tower with Radar,17,15,18,2,52,0,0,2,0,2,17,15,20,2,54,10,0,10,64
09/16/2015,ASE,CO,ANM,WE,Combined TRACON& Tower with Radar,16,21,25,4,66,0,0,5,0,5,16,21,30,4,71,6,0,6,77
09/17/2015,ASE,CO,ANM,WE,Combined TRACON& Tower with Radar,18,13,27,0,58,0,0,4,0,4,18,13,31,0,62,23,2,25,87
09/18/2015,ASE,CO,ANM,WE,Combined TRACON& Tower with Radar,15,35,31,0,81,0,0,5,2,7,15,35,36,2,88,22,2,24,112
09/19/2015,ASE,CO,ANM,WE,Combined TRACON& Tower with Radar,15,22,14,0,51,0,0,17,0,17,15,22,31,0,68,25,0,25,93
09/20/2015,ASE,CO,ANM,WE,Combined TRACON& Tower with Radar,19,36,49,0,104,0,0,15,0,15,19,36,64,0,119,21,0,21,140
09/21/2015,ASE,CO,ANM,WE,Combined TRACON& Tower with Radar,18,28,21,0,67,0,0,9,0,9,18,28,30,0,76,16,0,16,92
09/22/2015,ASE,CO,ANM,WE,Combined TRACON& Tower with Radar,15,15,30,0,60,0,0,8,0,8,15,15,38,0,68,8,2,10,78
09/23/2015,ASE,CO,ANM,WE,Combined TRACON& Tower with Radar,15,21,29,0,65,0,0,4,1,5,15,21,33,1,70,15,1,16,86
09/24/2015,ASE,CO,ANM,WE,Combined TRACON& Tower with Radar,13,54,58,0,125,0,0,9,0,9,13,54,67,0,134,14,1,15,149
09/25/2015,ASE,CO,ANM,WE,Combined TRACON& Tower with Radar,12,43,53,0,108,0,0,15,0,15,12,43,68,0,123,13,0,13,136
09/26/2015,ASE,CO,ANM,WE,Combined TRACON& Tower with Radar,11,43,52,0,106,0,0,21,0,21,11,43,73,0,127,11,0,11,138
09/27/2015,ASE,CO,ANM,WE,Combined TRACON& Tower with Radar,13,54,69,0,136,0,0,12,0,12,13,54,81,0,148,24,0,24,172
09/28/2015,ASE,CO,ANM,WE,Combined TRACON& Tower with Radar,11,40,22,0,73,0,0,11,0,11,11,40,33,0,84,17,1,18,102
09/29/2015,ASE,CO,ANM,WE,Combined TRACON& Tower with Radar,12,27,22,0,61,0,0,5,0,5,12,27,27,0,66,19,0,19,85
09/30/2015,ASE,CO,ANM,WE,Combined TRACON& Tower with Radar,12,33,22,0,67,0,0,6,0,6,12,33,28,0,73,11,0,11,84
10/01/2015,ASE,CO,ANM,WE,Combined TRACON& Tower with Radar,9,27,37,0,73,0,0,14,0,14,9,27,51,0,87,25,0,25,112
10/02/2015,ASE,CO,ANM,WE,Combined TRACON& Tower with Radar,13,14,38,0,65,0,0,7,0,7,13,14,45,0,72,7,0,7,79
10/03/2015,ASE,CO,ANM,WE,Combined TRACON& Tower with Radar,10,23,23,0,56,0,0,5,0,5,10,23,28,0,61,19,0,19,80
10/04/2015,ASE,CO,ANM,WE,Combined TRACON& Tower with Radar,14,35,49,0,98,0,0,7,0,7,14,35,56,0,105,20,0,20,125
10/05/2015,ASE,CO,ANM,WE,Combined TRACON& Tower with Radar,11,19,30,0,60,0,0,5,0,5,11,19,35,0,65,20,0,20,85
10/06/2015,ASE,CO,ANM,WE,Combined TRACON& Tower with Radar,11,8,12,0,31,0,0,6,0,6,11,8,18,0,37,11,0,11,48
10/07/2015,ASE,CO,ANM,WE,Combined TRACON& Tower with Radar,12,11,15,0,38,0,0,10,0,10,12,11,25,0,48,22,0,22,70
10/08/2015,ASE,CO,ANM,WE,Combined TRACON& Tower with Radar,12,21,20,0,53,0,0,4,0,4,12,21,24,0,57,32,0,32,89
10/09/2015,ASE,CO,ANM,WE,Combined TRACON& Tower with Radar,11,16,24,0,51,0,0,5,0,5,11,16,29,0,56,22,0,22,78
10/10/2015,ASE,CO,ANM,WE,Combined TRACON& Tower with Radar,11,18,18,0,47,0,0,15,0,15,11,18,33,0,62,12,0,12,74
10/11/2015,ASE,CO,ANM,WE,Combined TRACON& Tower with Radar,13,17,17,0,47,0,0,3,0,3,13,17,20,0,50,15,0,15,65
10/12/2015,ASE,CO,ANM,WE,Combined TRACON& Tower with Radar,11,11,25,0,47,0,0,9,0,9,11,11,34,0,56,11,0,11,67
10/13/2015,ASE,CO,ANM,WE,Combined TRACON& Tower with Radar,12,20,8,0,40,0,0,6,0,6,12,20,14,0,46,6,0,6,52
10/14/2015,ASE,CO,ANM,WE,Combined TRACON& Tower with Radar,12,3,16,0,31,0,0,8,0,8,12,3,24,0,39,10,0,10,49
10/15/2015,ASE,CO,ANM,WE,Combined TRACON& Tower with Radar,12,9,12,0,33,0,1,8,1,10,12,10,20,1,43,30,0,30,73
10/16/2015,ASE,CO,ANM,WE,Combined TRACON& Tower with Radar,11,14,29,0,54,0,0,8,0,8,11,14,37,0,62,33,0,33,95
10/17/2015,ASE,CO,ANM,WE,Combined TRACON& Tower with Radar,11,13,13,0,37,0,0,5,0,5,11,13,18,0,42,17,0,17,59
10/18/2015,ASE,CO,ANM,WE,Combined TRACON& Tower with Radar,14,13,18,0,45,0,0,2,0,2,14,13,20,0,47,20,0,20,67
10/19/2015,ASE,CO,ANM,WE,Combined TRACON& Tower with Radar,12,9,11,0,32,0,0,4,0,4,12,9,15,0,36,35,0,35,71
10/20/2015,ASE,CO,ANM,WE,Combined TRACON& Tower with Radar,11,10,13,0,34,0,0,8,0,8,11,10,21,0,42,19,0,19,61
10/21/2015,ASE,CO,ANM,WE,Combined TRACON& Tower with Radar,12,20,15,0,47,0,0,3,0,3,12,20,18,0,50,2,0,2,52
10/22/2015,ASE,CO,ANM,WE,Combined TRACON& Tower with Radar,10,1,5,0,16,0,0,0,0,0,10,1,5,0,16,0,0,0,16
10/23/2015,ASE,CO,ANM,WE,Combined TRACON& Tower with Radar,12,5,18,0,35,0,0,0,0,0,12,5,18,0,35,20,0,20,55
10/24/2015,ASE,CO,ANM,WE,Combined TRACON& Tower with Radar,10,8,17,0,35,0,0,9,0,9,10,8,26,0,44,6,0,6,50
10/25/2015,ASE,CO,ANM,WE,Combined TRACON& Tower with Radar,12,8,31,0,51,0,0,11,0,11,12,8,42,0,62,0,0,0,62
10/26/2015,ASE,CO,ANM,WE,Combined TRACON& Tower with Radar,10,6,5,0,21,0,0,0,0,0,10,6,5,0,21,8,3,11,32
10/27/2015,ASE,CO,ANM,WE,Combined TRACON& Tower with Radar,22,1,9,0,32,0,0,4,0,4,22,1,13,0,36,2,0,2,38
10/28/2015,ASE,CO,ANM,WE,Combined TRACON& Tower with Radar,10,9,27,2,48,0,0,9,2,11,10,9,36,4,59,22,0,22,81
10/29/2015,ASE,CO,ANM,WE,Combined TRACON& Tower with Radar,10,16,11,0,37,0,0,6,0,6,10,16,17,0,43,19,0,19,62
10/30/2015,ASE,CO,ANM,WE,Combined TRACON& Tower with Radar,8,1,12,2,23,0,0,0,0,0,8,1,12,2,23,0,0,0,23
10/31/2015,ASE,CO,ANM,WE,Combined TRACON& Tower with Radar,8,12,13,0,33,0,0,6,0,6,8,12,19,0,39,6,0,6,45
11/01/2015,ASE,CO,ANM,WE,Combined TRACON& Tower with Radar,12,7,21,0,40,0,0,8,0,8,12,7,29,0,48,7,0,7,55
11/02/2015,ASE,CO,ANM,WE,Combined TRACON& Tower with Radar,26,26,10,0,62,0,0,1,0,1,26,26,11,0,63,5,0,5,68
11/03/2015,ASE,CO,ANM,WE,Combined TRACON& Tower with Radar,9,6,13,0,28,0,0,7,0,7,9,6,20,0,35,2,0,2,37
11/04/2015,ASE,CO,ANM,WE,Combined TRACON& Tower with Radar,7,3,4,0,14,0,0,0,0,0,7,3,4,0,14,0,0,0,14
11/05/2015,ASE,CO,ANM,WE,Combined TRACON& Tower with Radar,6,0,9,0,15,0,0,1,0,1,6,0,10,0,16,1,0,1,17
11/06/2015,ASE,CO,ANM,WE,Combined TRACON& Tower with Radar,9,2,16,0,27,0,0,0,0,0,9,2,16,0,27,5,0,5,32
11/07/2015,ASE,CO,ANM,WE,Combined TRACON& Tower with Radar,8,9,16,4,37,0,0,10,2,12,8,9,26,6,49,0,0,0,49
11/08/2015,ASE,CO,ANM,WE,Combined TRACON& Tower with Radar,12,9,7,0,28,0,0,8,0,8,12,9,15,0,36,21,0,21,57
11/09/2015,ASE,CO,ANM,WE,Combined TRACON& Tower with Radar,10,6,14,0,30,0,0,12,0,12,10,6,26,0,42,8,1,9,51
11/10/2015,ASE,CO,ANM,WE,Combined TRACON& Tower with Radar,7,8,11,2,28,0,0,0,0,0,7,8,11,2,28,1,0,1,29
11/11/2015,ASE,CO,ANM,WE,Combined TRACON& Tower with Radar,9,4,11,0,24,0,0,3,0,3,9,4,14,0,27,0,0,0,27
11/12/2015,ASE,CO,ANM,WE,Combined TRACON& Tower with Radar,10,8,27,0,45,0,0,6,2,8,10,8,33,2,53,7,0,7,60
11/13/2015,ASE,CO,ANM,WE,Combined TRACON& Tower with Radar,10,11,7,0,28,0,0,6,0,6,10,11,13,0,34,5,0,5,39
11/14/2015,ASE,CO,ANM,WE,Combined TRACON& Tower with Radar,8,9,9,0,26,0,0,7,2,9,8,9,16,2,35,13,0,13,48
11/15/2015,ASE,CO,ANM,WE,Combined TRACON& Tower with Radar,12,16,21,0,49,0,0,5,0,5,12,16,26,0,54,18,0,18,72
11/16/2015,ASE,CO,ANM,WE,Combined TRACON& Tower with Radar,1,1,3,0,5,0,0,0,0,0,1,1,3,0,5,0,0,0,5
11/17/2015,ASE,CO,ANM,WE,Combined TRACON& Tower with Radar,6,0,11,0,17,0,0,1,0,1,6,0,12,0,18,14,0,14,32
11/18/2015,ASE,CO,ANM,WE,Combined TRACON& Tower with Radar,8,6,18,0,32,0,0,1,0,1,8,6,19,0,33,0,0,0,33
11/19/2015,ASE,CO,ANM,WE,Combined TRACON& Tower with Radar,10,11,18,0,39,0,0,2,0,2,10,11,20,0,41,3,0,3,44
11/20/2015,ASE,CO,ANM,WE,Combined TRACON& Tower with Radar,9,7,2,0,18,0,0,2,0,2,9,7,4,0,20,0,0,0,20
11/21/2015,ASE,CO,ANM,WE,Combined TRACON& Tower with Radar,7,16,16,0,39,0,0,5,0,5,7,16,21,0,44,21,0,21,65
11/22/2015,ASE,CO,ANM,WE,Combined TRACON& Tower with Radar,12,18,21,3,54,0,0,8,4,12,12,18,29,7,66,16,9,25,91
11/23/2015,ASE,CO,ANM,WE,Combined TRACON& Tower with Radar,9,11,25,0,45,0,0,10,0,10,9,11,35,0,55,13,0,13,68
11/24/2015,ASE,CO,ANM,WE,Combined TRACON& Tower with Radar,10,31,30,2,73,0,0,24,0,24,10,31,54,2,97,15,0,15,112
11/25/2015,ASE,CO,ANM,WE,Combined TRACON& Tower with Radar,11,22,27,0,60,0,0,5,0,5,11,22,32,0,65,1,0,1,66
11/26/2015,ASE,CO,ANM,WE,Combined TRACON& Tower with Radar,3,8,2,0,13,0,0,1,0,1,3,8,3,0,14,2,0,2,16
11/27/2015,ASE,CO,ANM,WE,Combined TRACON& Tower with Radar,8,20,15,0,43,0,0,0,0,0,8,20,15,0,43,0,0,0,43
11/28/2015,ASE,CO,ANM,WE,Combined TRACON& Tower with Radar,14,20,24,0,58,0,0,5,0,5,14,20,29,0,63,2,0,2,65
11/29/2015,ASE,CO,ANM,WE,Combined TRACON& Tower with Radar,15,33,68,0,116,0,0,3,0,3,15,33,71,0,119,2,0,2,121
11/30/2015,ASE,CO,ANM,WE,Combined TRACON& Tower with Radar,16,16,16,0,48,0,0,0,0,0,16,16,16,0,48,1,0,1,49
12/01/2015,ASE,CO,ANM,WE,Combined TRACON& Tower with Radar,11,22,11,0,44,0,0,4,0,4,11,22,15,0,48,8,0,8,56
12/02/2015,ASE,CO,ANM,WE,Combined TRACON& Tower with Radar,13,4,12,0,29,0,0,6,0,6,13,4,18,0,35,7,0,7,42
12/03/2015,ASE,CO,ANM,WE,Combined TRACON& Tower with Radar,15,7,23,4,49,0,0,7,0,7,15,7,30,4,56,12,0,12,68
12/04/2015,ASE,CO,ANM,WE,Combined TRACON& Tower with Radar,15,14,31,0,60,0,0,6,0,6,15,14,37,0,66,6,0,6,72
12/05/2015,ASE,CO,ANM,WE,Combined TRACON& Tower with Radar,18,5,8,0,31,0,0,2,0,2,18,5,10,0,33,22,0,22,55
12/06/2015,ASE,CO,ANM,WE,Combined TRACON& Tower with Radar,23,12,28,0,63,0,0,12,0,12,23,12,40,0,75,9,0,9,84
12/07/2015,ASE,CO,ANM,WE,Combined TRACON& Tower with Radar,15,11,22,8,56,0,0,12,1,13,15,11,34,9,69,10,0,10,79
12/08/2015,ASE,CO,ANM,WE,Combined TRACON& Tower with Radar,14,4,16,0,34,0,1,3,0,4,14,5,19,0,38,7,0,7,45
12/09/2015,ASE,CO,ANM,WE,Combined TRACON& Tower with Radar,12,8,17,0,37,0,0,2,3,5,12,8,19,3,42,23,0,23,65
12/10/2015,ASE,CO,ANM,WE,Combined TRACON& Tower with Radar,15,31,19,0,65,0,0,4,0,4,15,31,23,0,69,9,0,9,78
12/11/2015,ASE,CO,ANM,WE,Combined TRACON& Tower with Radar,15,16,16,0,47,0,0,0,0,0,15,16,16,0,47,0,0,0,47
12/12/2015,ASE,CO,ANM,WE,Combined TRACON& Tower with Radar,12,5,3,0,20,0,0,0,0,0,12,5,3,0,20,0,0,0,20
12/13/2015,ASE,CO,ANM,WE,Combined TRACON& Tower with Radar,28,30,37,0,95,0,0,11,0,11,28,30,48,0,106,13,0,13,119
12/14/2015,ASE,CO,ANM,WE,Combined TRACON& Tower with Radar,10,15,22,0,47,0,0,0,0,0,10,15,22,0,47,2,0,2,49
12/15/2015,ASE,CO,ANM,WE,Combined TRACON& Tower with Radar,2,1,7,0,10,0,0,0,0,0,2,1,7,0,10,0,0,0,10
12/16/2015,ASE,CO,ANM,WE,Combined TRACON& Tower with Radar,14,22,25,0,61,0,0,1,0,1,14,22,26,0,62,1,0,1,63
12/17/2015,ASE,CO,ANM,WE,Combined TRACON& Tower with Radar,49,25,29,0,103,0,0,4,0,4,49,25,33,0,107,11,0,11,118
12/18/2015,ASE,CO,ANM,WE,Combined TRACON& Tower with Radar,50,68,86,0,204,0,0,6,0,6,50,68,92,0,210,0,0,0,210
12/19/2015,ASE,CO,ANM,WE,Combined TRACON& Tower with Radar,59,84,108,0,251,0,0,10,0,10,59,84,118,0,261,4,0,4,265
12/20/2015,ASE,CO,ANM,WE,Combined TRACON& Tower with Radar,54,37,29,0,120,0,0,0,0,0,54,37,29,0,120,1,0,1,121
12/21/2015,ASE,CO,ANM,WE,Combined TRACON& Tower with Radar,57,43,47,0,147,0,0,1,0,1,57,43,48,0,148,8,0,8,156
12/22/2015,ASE,CO,ANM,WE,Combined TRACON& Tower with Radar,50,17,24,0,91,0,0,0,0,0,50,17,24,0,91,0,0,0,91
12/23/2015,ASE,CO,ANM,WE,Combined TRACON& Tower with Radar,51,50,24,0,125,0,0,1,0,1,51,50,25,0,126,0,0,0,126
12/24/2015,ASE,CO,ANM,WE,Combined TRACON& Tower with Radar,48,32,59,0,139,0,0,2,0,2,48,32,61,0,141,1,0,1,142
12/25/2015,ASE,CO,ANM,WE,Combined TRACON& Tower with Radar,20,8,12,0,40,0,0,0,0,0,20,8,12,0,40,0,0,0,40
12/26/2015,ASE,CO,ANM,WE,Combined TRACON& Tower with Radar,47,85,115,0,247,0,0,0,0,0,47,85,115,0,247,0,0,0,247
12/27/2015,ASE,CO,ANM,WE,Combined TRACON& Tower with Radar,46,81,148,0,275,0,0,10,0,10,46,81,158,0,285,0,0,0,285
12/28/2015,ASE,CO,ANM,WE,Combined TRACON& Tower with Radar,41,83,88,0,212,0,0,4,0,4,41,83,92,0,216,6,0,6,222
12/29/2015,ASE,CO,ANM,WE,Combined TRACON& Tower with Radar,54,59,72,0,185,0,0,3,0,3,54,59,75,0,188,3,0,3,191
12/30/2015,ASE,CO,ANM,WE,Combined TRACON& Tower with Radar,47,21,56,0,124,0,0,0,0,0,47,21,56,0,124,7,0,7,131
12/31/2015,ASE,CO,ANM,WE,Combined TRACON& Tower with Radar,53,33,42,0,128,0,0,9,0,9,53,33,51,0,137,10,0,10,147
01/01/2016,ASE,CO,ANM,WE,Combined TRACON& Tower with Radar,54,73,67,0,194,0,0,3,0,3,54,73,70,0,197,9,0,9,206
01/02/2016,ASE,CO,ANM,WE,Combined TRACON& Tower with Radar,61,79,134,0,274,0,0,1,0,1,61,79,135,0,275,5,0,5,280
01/03/2016,ASE,CO,ANM,WE,Combined TRACON& Tower with Radar,57,86,162,0,305,0,0,8,0,8,57,86,170,0,313,8,0,8,321
01/04/2016,ASE,CO,ANM,WE,Combined TRACON& Tower with Radar,57,92,70,0,219,0,0,10,0,10,57,92,80,0,229,14,0,14,243
01/05/2016,ASE,CO,ANM,WE,Combined TRACON& Tower with Radar,42,36,33,0,111,0,0,4,0,4,42,36,37,0,115,7,0,7,122
01/06/2016,ASE,CO,ANM,WE,Combined TRACON& Tower with Radar,43,33,38,0,114,0,0,3,0,3,43,33,41,0,117,5,0,5,122
01/07/2016,ASE,CO,ANM,WE,Combined TRACON& Tower with Radar,43,17,23,0,83,0,0,0,0,0,43,17,23,0,83,22,0,22,105
01/08/2016,ASE,CO,ANM,WE,Combined TRACON& Tower with Radar,39,32,30,0,101,0,0,2,0,2,39,32,32,0,103,1,0,1,104
01/09/2016,ASE,CO,ANM,WE,Combined TRACON& Tower with Radar,49,24,22,0,95,0,0,2,0,2,49,24,24,0,97,2,0,2,99
01/10/2016,ASE,CO,ANM,WE,Combined TRACON& Tower with Radar,47,42,45,0,134,0,0,7,0,7,47,42,52,0,141,8,0,8,149
01/11/2016,ASE,CO,ANM,WE,Combined TRACON& Tower with Radar,43,32,28,0,103,0,0,8,0,8,43,32,36,0,111,4,0,4,115
01/12/2016,ASE,CO,ANM,WE,Combined TRACON& Tower with Radar,41,15,17,0,73,0,0,9,0,9,41,15,26,0,82,7,0,7,89
01/13/2016,ASE,CO,ANM,WE,Combined TRACON& Tower with Radar,42,18,38,0,98,0,0,8,0,8,42,18,46,0,106,3,0,3,109
01/14/2016,ASE,CO,ANM,WE,Combined TRACON& Tower with Radar,44,16,43,0,103,0,0,1,0,1,44,16,44,0,104,1,0,1,105
01/15/2016,ASE,CO,ANM,WE,Combined TRACON& Tower with Radar,40,7,36,0,83,0,0,0,0,0,40,7,36,0,83,0,0,0,83
01/16/2016,ASE,CO,ANM,WE,Combined TRACON& Tower with Radar,47,24,27,0,98,0,0,0,0,0,47,24,27,0,98,0,0,0,98
01/17/2016,ASE,CO,ANM,WE,Combined TRACON& Tower with Radar,47,18,22,0,87,0,0,0,0,0,47,18,22,0,87,0,0,0,87
01/18/2016,ASE,CO,ANM,WE,Combined TRACON& Tower with Radar,43,61,90,0,194,0,0,1,0,1,43,61,91,0,195,1,0,1,196
01/19/2016,ASE,CO,ANM,WE,Combined TRACON& Tower with Radar,41,31,29,0,101,0,0,3,0,3,41,31,32,0,104,3,0,3,107
01/20/2016,ASE,CO,ANM,WE,Combined TRACON& Tower with Radar,39,11,10,0,60,0,0,0,0,0,39,11,10,0,60,0,0,0,60
01/21/2016,ASE,CO,ANM,WE,Combined TRACON& Tower with Radar,41,24,38,0,103,0,0,6,0,6,41,24,44,0,109,3,0,3,112
01/22/2016,ASE,CO,ANM,WE,Combined TRACON& Tower with Radar,43,26,43,2,114,0,0,8,5,13,43,26,51,7,127,11,0,11,138
01/23/2016,ASE,CO,ANM,WE,Combined TRACON& Tower with Radar,47,23,33,0,103,0,1,8,0,9,47,24,41,0,112,10,0,10,122
01/24/2016,ASE,CO,ANM,WE,Combined TRACON& Tower with Radar,46,24,40,0,110,0,0,0,0,0,46,24,40,0,110,0,0,0,110
01/25/2016,ASE,CO,ANM,WE,Combined TRACON& Tower with Radar,46,14,28,0,88,0,0,1,0,1,46,14,29,0,89,20,0,20,109
01/26/2016,ASE,CO,ANM,WE,Combined TRACON& Tower with Radar,43,18,26,0,87,0,0,3,0,3,43,18,29,0,90,4,0,4,94
01/27/2016,ASE,CO,ANM,WE,Combined TRACON& Tower with Radar,42,22,33,1,98,0,0,11,1,12,42,22,44,2,110,8,0,8,118
01/28/2016,ASE,CO,ANM,WE,Combined TRACON& Tower with Radar,46,34,36,0,116,0,0,22,0,22,46,34,58,0,138,20,0,20,158
01/29/2016,ASE,CO,ANM,WE,Combined TRACON& Tower with Radar,44,45,45,0,134,0,0,4,0,4,44,45,49,0,138,7,0,7,145
01/30/2016,ASE,CO,ANM,WE,Combined TRACON& Tower with Radar,45,17,20,0,82,0,0,0,0,0,45,17,20,0,82,7,0,7,89
01/31/2016,ASE,CO,ANM,WE,Combined TRACON& Tower with Radar,21,8,21,0,50,0,0,0,0,0,21,8,21,0,50,0,0,0,50
02/01/2016,ASE,CO,ANM,WE,Combined TRACON& Tower with Radar,0,1,5,0,6,0,0,0,0,0,0,1,5,0,6,0,0,0,6
02/02/2016,ASE,CO,ANM,WE,Combined TRACON& Tower with Radar,32,13,24,0,69,0,0,0,0,0,32,13,24,0,69,0,0,0,69
02/03/2016,ASE,CO,ANM,WE,Combined TRACON& Tower with Radar,46,21,23,0,90,0,0,2,0,2,46,21,25,0,92,0,0,0,92
02/04/2016,ASE,CO,ANM,WE,Combined TRACON& Tower with Radar,42,25,38,0,105,0,0,4,0,4,42,25,42,0,109,6,0,6,115
02/05/2016,ASE,CO,ANM,WE,Combined TRACON& Tower with Radar,43,28,44,0,115,0,0,11,0,11,43,28,55,0,126,18,0,18,144
02/06/2016,ASE,CO,ANM,WE,Combined TRACON& Tower with Radar,47,44,51,3,145,0,0,10,0,10,47,44,61,3,155,14,0,14,169
02/07/2016,ASE,CO,ANM,WE,Combined TRACON& Tower with Radar,45,25,45,1,116,0,0,9,0,9,45,25,54,1,125,10,0,10,135
02/08/2016,ASE,CO,ANM,WE,Combined TRACON& Tower with Radar,44,34,33,0,111,0,0,6,0,6,44,34,39,0,117,6,0,6,123
02/09/2016,ASE,CO,ANM,WE,Combined TRACON& Tower with Radar,41,20,32,1,94,0,0,13,1,14,41,20,45,2,108,6,1,7,115
02/10/2016,ASE,CO,ANM,WE,Combined TRACON& Tower with Radar,43,42,36,0,121,0,0,17,0,17,43,42,53,0,138,11,0,11,149
02/11/2016,ASE,CO,ANM,WE,Combined TRACON& Tower with Radar,46,67,80,0,193,0,0,16,0,16,46,67,96,0,209,15,0,15,224
02/12/2016,ASE,CO,ANM,WE,Combined TRACON& Tower with Radar,53,80,128,1,262,0,0,5,0,5,53,80,133,1,267,5,0,5,272
02/13/2016,ASE,CO,ANM,WE,Combined TRACON& Tower with Radar,58,44,72,0,174,0,0,11,0,11,58,44,83,0,185,11,1,12,197
02/14/2016,ASE,CO,ANM,WE,Combined TRACON& Tower with Radar,49,29,31,0,109,0,0,5,0,5,49,29,36,0,114,9,0,9,123
02/15/2016,ASE,CO,ANM,WE,Combined TRACON& Tower with Radar,50,85,113,1,249,0,0,4,0,4,50,85,117,1,253,2,0,2,255
02/16/2016,ASE,CO,ANM,WE,Combined TRACON& Tower with Radar,46,71,71,0,188,0,0,16,0,16,46,71,87,0,204,19,0,19,223
02/17/2016,ASE,CO,ANM,WE,Combined TRACON& Tower with Radar,47,34,53,0,134,0,0,13,0,13,47,34,66,0,147,11,0,11,158
02/18/2016,ASE,CO,ANM,WE,Combined TRACON& Tower with Radar,15,9,18,0,42,0,0,2,0,2,15,9,20,0,44,0,0,0,44
02/19/2016,ASE,CO,ANM,WE,Combined TRACON& Tower with Radar,52,44,87,0,183,0,0,18,0,18,52,44,105,0,201,11,0,11,212
02/20/2016,ASE,CO,ANM,WE,Combined TRACON& Tower with Radar,55,61,64,0,180,0,0,10,2,12,55,61,74,2,192,9,0,9,201
02/21/2016,ASE,CO,ANM,WE,Combined TRACON& Tower with Radar,52,50,66,0,168,0,0,19,0,19,52,50,85,0,187,12,0,12,199
02/22/2016,ASE,CO,ANM,WE,Combined TRACON& Tower with Radar,48,21,51,0,120,0,0,4,0,4,48,21,55,0,124,16,0,16,140
02/23/2016,ASE,CO,ANM,WE,Combined TRACON& Tower with Radar,43,22,26,0,91,0,0,2,0,2,43,22,28,0,93,1,0,1,94
02/24/2016,ASE,CO,ANM,WE,Combined TRACON& Tower with Radar,47,33,34,1,115,0,0,13,0,13,47,33,47,1,128,11,0,11,139
02/25/2016,ASE,CO,ANM,WE,Combined TRACON& Tower with Radar,52,25,48,0,125,0,0,13,4,17,52,25,61,4,142,22,0,22,164
02/26/2016,ASE,CO,ANM,WE,Combined TRACON& Tower with Radar,51,42,43,0,136,0,1,9,0,10,51,43,52,0,146,27,0,27,173
02/27/2016,ASE,CO,ANM,WE,Combined TRACON& Tower with Radar,58,37,66,0,161,0,0,12,0,12,58,37,78,0,173,14,0,14,187
02/28/2016,ASE,CO,ANM,WE,Combined TRACON& Tower with Radar,52,54,58,0,164,0,0,14,0,14,52,54,72,0,178,16,0,16,194
02/29/2016,ASE,CO,ANM,WE,Combined TRACON& Tower with Radar,54,18,28,0,100,0,0,5,0,5,54,18,33,0,105,6,0,6,111
03/01/2016,ASE,CO,ANM,WE,Combined TRACON& Tower with Radar,45,28,40,0,113,0,1,3,1,5,45,29,43,1,118,16,4,20,138
03/02/2016,ASE,CO,ANM,WE,Combined TRACON& Tower with Radar,30,8,19,2,59,0,0,4,0,4,30,8,23,2,63,3,0,3,66
03/03/2016,ASE,CO,ANM,WE,Combined TRACON& Tower with Radar,50,26,43,0,119,0,0,10,1,11,50,26,53,1,130,13,2,15,145
03/04/2016,ASE,CO,ANM,WE,Combined TRACON& Tower with Radar,51,37,47,2,137,0,0,12,0,12,51,37,59,2,149,7,5,12,161
03/05/2016,ASE,CO,ANM,WE,Combined TRACON& Tower with Radar,52,47,45,0,144,0,0,11,0,11,52,47,56,0,155,11,0,11,166
03/06/2016,ASE,CO,ANM,WE,Combined TRACON& Tower with Radar,50,31,81,0,162,0,0,4,0,4,50,31,85,0,166,12,0,12,178
03/07/2016,ASE,CO,ANM,WE,Combined TRACON& Tower with Radar,49,17,18,0,84,0,0,0,0,0,49,17,18,0,84,6,0,6,90
03/08/2016,ASE,CO,ANM,WE,Combined TRACON& Tower with Radar,40,11,40,0,91,0,0,4,0,4,40,11,44,0,95,9,0,9,104
03/09/2016,ASE,CO,ANM,WE,Combined TRACON& Tower with Radar,44,17,35,0,96,0,0,9,0,9,44,17,44,0,105,12,0,12,117
03/10/2016,ASE,CO,ANM,WE,Combined TRACON& Tower with Radar,51,28,39,0,118,0,0,12,0,12,51,28,51,0,130,20,0,20,150
03/11/2016,ASE,CO,ANM,WE,Combined TRACON& Tower with Radar,51,53,79,0,183,0,0,18,0,18,51,53,97,0,201,9,0,9,210
03/12/2016,ASE,CO,ANM,WE,Combined TRACON& Tower with Radar,52,38,51,0,141,0,0,4,0,4,52,38,55,0,145,8,0,8,153
03/13/2016,ASE,CO,ANM,WE,Combined TRACON& Tower with Radar,52,47,104,0,203,0,0,7,2,9,52,47,111,2,212,16,0,16,228
03/14/2016,ASE,CO,ANM,WE,Combined TRACON& Tower with Radar,48,19,27,0,94,0,0,2,0,2,48,19,29,0,96,0,0,0,96
03/15/2016,ASE,CO,ANM,WE,Combined TRACON& Tower with Radar,35,6,22,0,63,0,0,0,0,0,35,6,22,0,63,1,0,1,64
03/16/2016,ASE,CO,ANM,WE,Combined TRACON& Tower with Radar,49,20,35,0,104,0,0,1,0,1,49,20,36,0,105,3,0,3,108
03/17/2016,ASE,CO,ANM,WE,Combined TRACON& Tower with Radar,50,24,53,0,127,0,0,6,0,6,50,24,59,0,133,5,0,5,138
03/18/2016,ASE,CO,ANM,WE,Combined TRACON& Tower with Radar,52,33,68,2,155,0,0,6,0,6,52,33,74,2,161,11,0,11,172
03/19/2016,ASE,CO,ANM,WE,Combined TRACON& Tower with Radar,54,86,104,0,244,0,0,4,0,4,54,86,108,0,248,3,0,3,251
03/20/2016,ASE,CO,ANM,WE,Combined TRACON& Tower with Radar,51,68,87,0,206,0,0,11,0,11,51,68,98,0,217,6,1,7,224
03/21/2016,ASE,CO,ANM,WE,Combined TRACON& Tower with Radar,53,44,46,2,145,0,0,8,0,8,53,44,54,2,153,22,0,22,175
03/22/2016,ASE,CO,ANM,WE,Combined TRACON& Tower with Radar,34,19,18,0,71,0,0,2,0,2,34,19,20,0,73,5,0,5,78
03/23/2016,ASE,CO,ANM,WE,Combined TRACON& Tower with Radar,15,10,6,0,31,0,0,0,0,0,15,10,6,0,31,0,0,0,31
03/24/2016,ASE,CO,ANM,WE,Combined TRACON& Tower with Radar,47,57,79,2,185,0,0,6,0,6,47,57,85,2,191,5,0,5,196
03/25/2016,ASE,CO,ANM,WE,Combined TRACON& Tower with Radar,31,19,37,2,89,0,0,0,0,0,31,19,37,2,89,0,0,0,89
03/26/2016,ASE,CO,ANM,WE,Combined TRACON& Tower with Radar,54,49,49,0,152,0,0,0,0,0,54,49,49,0,152,9,0,9,161
03/27/2016,ASE,CO,ANM,WE,Combined TRACON& Tower with Radar,51,95,61,0,207,0,0,7,0,7,51,95,68,0,214,15,0,15,229
03/28/2016,ASE,CO,ANM,WE,Combined TRACON& Tower with Radar,52,35,43,0,130,0,0,11,0,11,52,35,54,0,141,7,0,7,148
03/29/2016,ASE,CO,ANM,WE,Combined TRACON& Tower with Radar,39,15,18,0,72,0,0,0,0,0,39,15,18,0,72,0,0,0,72
03/30/2016,ASE,CO,ANM,WE,Combined TRACON& Tower with Radar,43,17,14,0,74,0,0,0,0,0,43,17,14,0,74,4,0,4,78
03/31/2016,ASE,CO,ANM,WE,Combined TRACON& Tower with Radar,51,28,22,0,101,0,0,0,0,0,51,28,22,0,101,1,2,3,104
04/01/2016,ASE,CO,ANM,WE,Combined TRACON& Tower with Radar,49,32,44,2,127,0,0,10,0,10,49,32,54,2,137,5,0,5,142
04/02/2016,ASE,CO,ANM,WE,Combined TRACON& Tower with Radar,52,38,34,2,126,0,0,9,0,9,52,38,43,2,135,0,0,0,135
04/03/2016,ASE,CO,ANM,WE,Combined TRACON& Tower with Radar,49,52,42,0,143,0,0,6,0,6,49,52,48,0,149,16,0,16,165
04/04/2016,ASE,CO,ANM,WE,Combined TRACON& Tower with Radar,49,16,23,2,90,0,0,14,0,14,49,16,37,2,104,11,0,11,115
04/05/2016,ASE,CO,ANM,WE,Combined TRACON& Tower with Radar,12,5,17,0,34,0,0,1,0,1,12,5,18,0,35,0,0,0,35
04/06/2016,ASE,CO,ANM,WE,Combined TRACON& Tower with Radar,7,7,30,0,44,0,0,8,0,8,7,7,38,0,52,3,0,3,55
04/07/2016,ASE,CO,ANM,WE,Combined TRACON& Tower with Radar,7,21,20,0,48,0,0,12,1,13,7,21,32,1,61,9,0,9,70
04/08/2016,ASE,CO,ANM,WE,Combined TRACON& Tower with Radar,8,21,23,0,52,0,0,4,0,4,8,21,27,0,56,10,0,10,66
04/09/2016,ASE,CO,ANM,WE,Combined TRACON& Tower with Radar,28,16,15,0,59,0,0,1,0,1,28,16,16,0,60,14,0,14,74
04/10/2016,ASE,CO,ANM,WE,Combined TRACON& Tower with Radar,13,29,38,0,80,0,0,0,0,0,13,29,38,0,80,24,0,24,104
04/11/2016,ASE,CO,ANM,WE,Combined TRACON& Tower with Radar,7,8,14,0,29,0,0,5,0,5,7,8,19,0,34,2,0,2,36
04/12/2016,ASE,CO,ANM,WE,Combined TRACON& Tower with Radar,7,9,11,0,27,0,0,4,2,6,7,9,15,2,33,8,2,10,43
04/13/2016,ASE,CO,ANM,WE,Combined TRACON& Tower with Radar,7,14,13,0,34,0,0,5,0,5,7,14,18,0,39,5,0,5,44
04/14/2016,ASE,CO,ANM,WE,Combined TRACON& Tower with Radar,7,9,18,0,34,0,0,4,0,4,7,9,22,0,38,14,0,14,52
04/15/2016,ASE,CO,ANM,WE,Combined TRACON& Tower with Radar,7,3,2,0,12,0,0,0,0,0,7,3,2,0,12,0,0,0,12
04/16/2016,ASE,CO,ANM,WE,Combined TRACON& Tower with Radar,0,0,3,0,3,0,0,0,0,0,0,0,3,0,3,0,0,0,3
04/17/2016,ASE,CO,ANM,WE,Combined TRACON& Tower with Radar,6,9,10,0,25,0,0,0,0,0,6,9,10,0,25,2,2,4,29
04/18/2016,ASE,CO,ANM,WE,Combined TRACON& Tower with Radar,7,3,5,0,15,0,0,1,0,1,7,3,6,0,16,1,0,1,17
04/19/2016,ASE,CO,ANM,WE,Combined TRACON& Tower with Radar,6,9,9,0,24,0,0,0,0,0,6,9,9,0,24,0,0,0,24
04/20/2016,ASE,CO,ANM,WE,Combined TRACON& Tower with Radar,7,6,7,0,20,0,0,1,0,1,7,6,8,0,21,0,0,0,21
04/21/2016,ASE,CO,ANM,WE,Combined TRACON& Tower with Radar,7,14,11,3,35,0,0,8,1,9,7,14,19,4,44,8,0,8,52
04/22/2016,ASE,CO,ANM,WE,Combined TRACON& Tower with Radar,7,5,18,0,30,0,0,5,2,7,7,5,23,2,37,8,0,8,45
04/23/2016,ASE,CO,ANM,WE,Combined TRACON& Tower with Radar,7,1,5,0,13,0,0,1,0,1,7,1,6,0,14,35,2,37,51
04/24/2016,ASE,CO,ANM,WE,Combined TRACON& Tower with Radar,7,4,14,2,27,0,0,7,2,9,7,4,21,4,36,4,0,4,40
04/25/2016,ASE,CO,ANM,WE,Combined TRACON& Tower with Radar,3,3,4,0,10,0,0,3,0,3,3,3,7,0,13,9,0,9,22
04/26/2016,ASE,CO,ANM,WE,Combined TRACON& Tower with Radar,1,5,11,0,17,0,0,0,0,0,1,5,11,0,17,0,0,0,17
04/27/2016,ASE,CO,ANM,WE,Combined TRACON& Tower with Radar,7,2,12,0,21,0,0,1,0,1,7,2,13,0,22,2,0,2,24
04/28/2016,ASE,CO,ANM,WE,Combined TRACON& Tower with Radar,7,5,5,0,17,0,0,2,0,2,7,5,7,0,19,25,0,25,44
04/29/2016,ASE,CO,ANM,WE,Combined TRACON& Tower with Radar,7,3,11,0,21,0,0,0,0,0,7,3,11,0,21,0,0,0,21
04/30/2016,ASE,CO,ANM,WE,Combined TRACON& Tower with Radar,6,0,11,0,17,0,0,1,0,1,6,0,12,0,18,21,0,21,39
05/01/2016,ASE,CO,ANM,WE,Combined TRACON& Tower with Radar,7,4,10,0,21,0,0,2,0,2,7,4,12,0,23,6,0,6,29
05/02/2016,ASE,CO,ANM,WE,Combined TRACON& Tower with Radar,7,9,13,0,29,0,0,1,0,1,7,9,14,0,30,17,0,17,47
05/03/2016,ASE,CO,ANM,WE,Combined TRACON& Tower with Radar,7,3,8,2,20,0,0,7,4,11,7,3,15,6,31,23,0,23,54
05/04/2016,ASE,CO,ANM,WE,Combined TRACON& Tower with Radar,7,9,19,2,37,0,0,10,1,11,7,9,29,3,48,40,0,40,88
05/05/2016,ASE,CO,ANM,WE,Combined TRACON& Tower with Radar,7,7,2,0,16,0,0,4,0,4,7,7,6,0,20,14,0,14,34
05/06/2016,ASE,CO,ANM,WE,Combined TRACON& Tower with Radar,7,6,8,0,21,0,0,4,0,4,7,6,12,0,25,4,0,4,29
05/07/2016,ASE,CO,ANM,WE,Combined TRACON& Tower with Radar,7,4,11,0,22,0,0,2,0,2,7,4,13,0,24,1,0,1,25
05/08/2016,ASE,CO,ANM,WE,Combined TRACON& Tower with Radar,7,6,9,0,22,0,0,0,0,0,7,6,9,0,22,2,0,2,24
05/09/2016,ASE,CO,ANM,WE,Combined TRACON& Tower with Radar,7,2,9,0,18,0,0,1,0,1,7,2,10,0,19,0,0,0,19
05/10/2016,ASE,CO,ANM,WE,Combined TRACON& Tower with Radar,7,5,8,0,20,0,0,2,0,2,7,5,10,0,22,0,0,0,22
05/11/2016,ASE,CO,ANM,WE,Combined TRACON& Tower with Radar,7,9,10,0,26,0,0,5,1,6,7,9,15,1,32,5,0,5,37
05/12/2016,ASE,CO,ANM,WE,Combined TRACON& Tower with Radar,7,13,16,0,36,0,0,11,0,11,7,13,27,0,47,31,6,37,84
05/13/2016,ASE,CO,ANM,WE,Combined TRACON& Tower with Radar,7,4,17,0,28,0,0,7,0,7,7,4,24,0,35,9,0,9,44
05/14/2016,ASE,CO,ANM,WE,Combined TRACON& Tower with Radar,5,9,10,0,24,0,0,10,0,10,5,9,20,0,34,26,0,26,60
05/15/2016,ASE,CO,ANM,WE,Combined TRACON& Tower with Radar,7,3,18,0,28,0,0,0,0,0,7,3,18,0,28,0,0,0,28
05/16/2016,ASE,CO,ANM,WE,Combined TRACON& Tower with Radar,7,8,8,0,23,0,0,0,0,0,7,8,8,0,23,4,0,4,27
05/17/2016,ASE,CO,ANM,WE,Combined TRACON& Tower with Radar,7,6,8,0,21,0,0,2,0,2,7,6,10,0,23,6,0,6,29
05/18/2016,ASE,CO,ANM,WE,Combined TRACON& Tower with Radar,7,8,16,0,31,0,0,1,2,3,7,8,17,2,34,4,0,4,38
05/19/2016,ASE,CO,ANM,WE,Combined TRACON& Tower with Radar,7,12,15,0,34,0,0,6,0,6,7,12,21,0,40,3,0,3,43
05/20/2016,ASE,CO,ANM,WE,Combined TRACON& Tower with Radar,7,14,19,0,40,0,0,4,0,4,7,14,23,0,44,8,4,12,56
05/21/2016,ASE,CO,ANM,WE,Combined TRACON& Tower with Radar,5,10,18,0,33,0,1,6,0,7,5,11,24,0,40,14,0,14,54
05/22/2016,ASE,CO,ANM,WE,Combined TRACON& Tower with Radar,7,11,16,0,34,0,0,8,0,8,7,11,24,0,42,3,0,3,45
05/23/2016,ASE,CO,ANM,WE,Combined TRACON& Tower with Radar,7,10,8,0,25,0,0,5,0,5,7,10,13,0,30,12,0,12,42
05/24/2016,ASE,CO,ANM,WE,Combined TRACON& Tower with Radar,9,8,10,5,32,0,0,3,0,3,9,8,13,5,35,7,0,7,42
05/25/2016,ASE,CO,ANM,WE,Combined TRACON& Tower with Radar,7,14,17,0,38,0,0,7,0,7,7,14,24,0,45,15,1,16,61
05/26/2016,ASE,CO,ANM,WE,Combined TRACON& Tower with Radar,7,6,6,0,19,0,0,5,0,5,7,6,11,0,24,14,0,14,38
05/27/2016,ASE,CO,ANM,WE,Combined TRACON& Tower with Radar,7,17,22,0,46,0,0,2,0,2,7,17,24,0,48,17,2,19,67
05/28/2016,ASE,CO,ANM,WE,Combined TRACON& Tower with Radar,5,19,14,0,38,0,0,8,0,8,5,19,22,0,46,19,0,19,65
05/29/2016,ASE,CO,ANM,WE,Combined TRACON& Tower with Radar,6,12,14,0,32,0,0,5,0,5,6,12,19,0,37,23,0,23,60
05/30/2016,ASE,CO,ANM,WE,Combined TRACON& Tower with Radar,7,10,31,0,48,0,0,9,0,9,7,10,40,0,57,27,0,27,84
05/31/2016,ASE,CO,ANM,WE,Combined TRACON& Tower with Radar,7,12,22,0,41,0,0,6,0,6,7,12,28,0,47,16,0,16,63
06/01/2016,ASE,CO,ANM,WE,Combined TRACON& Tower with Radar,7,26,27,0,60,0,0,8,0,8,7,26,35,0,68,44,0,44,112
06/02/2016,ASE,CO,ANM,WE,Combined TRACON& Tower with Radar,13,12,19,0,44,0,0,9,0,9,13,12,28,0,53,28,0,28,81
06/03/2016,ASE,CO,ANM,WE,Combined TRACON& Tower with Radar,15,10,29,0,54,0,0,7,0,7,15,10,36,0,61,18,0,18,79
06/04/2016,ASE,CO,ANM,WE,Combined TRACON& Tower with Radar,11,17,15,0,43,0,0,16,0,16,11,17,31,0,59,29,1,30,89
06/05/2016,ASE,CO,ANM,WE,Combined TRACON& Tower with Radar,13,11,29,0,53,0,0,12,0,12,13,11,41,0,65,25,0,25,90
06/06/2016,ASE,CO,ANM,WE,Combined TRACON& Tower with Radar,13,24,18,0,55,0,0,5,0,5,13,24,23,0,60,36,0,36,96
06/07/2016,ASE,CO,ANM,WE,Combined TRACON& Tower with Radar,13,17,21,0,51,0,0,4,0,4,13,17,25,0,55,19,0,19,74
06/08/2016,ASE,CO,ANM,WE,Combined TRACON& Tower with Radar,15,28,19,0,62,0,0,3,0,3,15,28,22,0,65,9,0,9,74
06/09/2016,ASE,CO,ANM,WE,Combined TRACON& Tower with Radar,23,16,23,0,62,0,0,8,0,8,23,16,31,0,70,8,0,8,78
06/10/2016,ASE,CO,ANM,WE,Combined TRACON& Tower with Radar,25,32,33,0,90,0,0,14,2,16,25,32,47,2,106,29,0,29,135
06/11/2016,ASE,CO,ANM,WE,Combined TRACON& Tower with Radar,28,22,24,0,74,0,0,11,0,11,28,22,35,0,85,21,0,21,106
06/12/2016,ASE,CO,ANM,WE,Combined TRACON& Tower with Radar,25,30,26,0,81,0,0,5,0,5,25,30,31,0,86,11,0,11,97
06/13/2016,ASE,CO,ANM,WE,Combined TRACON& Tower with Radar,22,16,43,0,81,0,0,3,0,3,22,16,46,0,84,15,0,15,99
06/14/2016,ASE,CO,ANM,WE,Combined TRACON& Tower with Radar,26,16,23,2,67,0,0,9,0,9,26,16,32,2,76,10,1,11,87
06/15/2016,ASE,CO,ANM,WE,Combined TRACON& Tower with Radar,21,32,50,8,111,0,1,11,2,14,21,33,61,10,125,39,0,39,164
06/16/2016,ASE,CO,ANM,WE,Combined TRACON& Tower with Radar,31,28,74,10,143,0,0,12,0,12,31,28,86,10,155,21,0,21,176
06/17/2016,ASE,CO,ANM,WE,Combined TRACON& Tower with Radar,25,43,40,0,108,0,0,15,0,15,25,43,55,0,123,29,0,29,152
06/18/2016,ASE,CO,ANM,WE,Combined TRACON& Tower with Radar,28,40,31,0,99,0,0,13,0,13,28,40,44,0,112,17,0,17,129
06/19/2016,ASE,CO,ANM,WE,Combined TRACON& Tower with Radar,28,45,74,0,147,0,0,11,0,11,28,45,85,0,158,11,0,11,169
06/20/2016,ASE,CO,ANM,WE,Combined TRACON& Tower with Radar,25,27,54,0,106,0,0,9,0,9,25,27,63,0,115,35,0,35,150
06/21/2016,ASE,CO,ANM,WE,Combined TRACON& Tower with Radar,25,46,36,0,107,0,0,11,0,11,25,46,47,0,118,19,0,19,137
06/22/2016,ASE,CO,ANM,WE,Combined TRACON& Tower with Radar,22,38,34,0,94,0,0,9,0,9,22,38,43,0,103,8,1,9,112
06/23/2016,ASE,CO,ANM,WE,Combined TRACON& Tower with Radar,23,40,52,0,115,0,0,4,0,4,23,40,56,0,119,10,0,10,129
06/24/2016,ASE,CO,ANM,WE,Combined TRACON& Tower with Radar,25,57,71,0,153,0,1,12,1,14,25,58,83,1,167,37,0,37,204
06/25/2016,ASE,CO,ANM,WE,Combined TRACON& Tower with Radar,27,44,60,0,131,0,0,11,0,11,27,44,71,0,142,23,1,24,166
06/26/2016,ASE,CO,ANM,WE,Combined TRACON& Tower with Radar,28,70,59,0,157,0,0,16,0,16,28,70,75,0,173,23,2,25,198
06/27/2016,ASE,CO,ANM,WE,Combined TRACON& Tower with Radar,24,35,34,0,93,0,0,9,0,9,24,35,43,0,102,15,0,15,117
06/28/2016,ASE,CO,ANM,WE,Combined TRACON& Tower with Radar,23,39,62,0,124,0,0,17,0,17,23,39,79,0,141,25,0,25,166
06/29/2016,ASE,CO,ANM,WE,Combined TRACON& Tower with Radar,22,75,79,0,176,0,0,9,0,9,22,75,88,0,185,15,0,15,200
06/30/2016,ASE,CO,ANM,WE,Combined TRACON& Tower with Radar,26,78,98,0,202,0,0,7,0,7,26,78,105,0,209,10,0,10,219
07/01/2016,ASE,CO,ANM,WE,Combined TRACON& Tower with Radar,26,86,110,0,222,0,0,2,0,2,26,86,112,0,224,12,0,12,236
07/02/2016,ASE,CO,ANM,WE,Combined TRACON& Tower with Radar,28,57,59,0,144,0,0,4,0,4,28,57,63,0,148,0,0,0,148
07/03/2016,ASE,CO,ANM,WE,Combined TRACON& Tower with Radar,24,43,43,0,110,0,0,12,0,12,24,43,55,0,122,8,0,8,130
07/04/2016,ASE,CO,ANM,WE,Combined TRACON& Tower with Radar,25,39,37,0,101,0,0,5,0,5,25,39,42,0,106,3,0,3,109
07/05/2016,ASE,CO,ANM,WE,Combined TRACON& Tower with Radar,28,83,105,0,216,0,0,6,0,6,28,83,111,0,222,11,0,11,233
07/06/2016,ASE,CO,ANM,WE,Combined TRACON& Tower with Radar,27,46,58,0,131,0,0,14,0,14,27,46,72,0,145,16,0,16,161
07/07/2016,ASE,CO,ANM,WE,Combined TRACON& Tower with Radar,27,34,64,0,125,0,0,14,0,14,27,34,78,0,139,21,1,22,161
07/08/2016,ASE,CO,ANM,WE,Combined TRACON& Tower with Radar,28,50,75,3,156,0,0,10,0,10,28,50,85,3,166,15,2,17,183
07/09/2016,ASE,CO,ANM,WE,Combined TRACON& Tower with Radar,36,49,54,2,141,0,0,15,0,15,36,49,69,2,156,18,24,42,198
07/10/2016,ASE,CO,ANM,WE,Combined TRACON& Tower with Radar,34,54,87,0,175,0,0,10,0,10,34,54,97,0,185,6,0,6,191
07/11/2016,ASE,CO,ANM,WE,Combined TRACON& Tower with Radar,27,29,67,0,123,0,0,9,0,9,27,29,76,0,132,22,5,27,159
07/12/2016,ASE,CO,ANM,WE,Combined TRACON& Tower with Radar,28,43,63,0,134,0,0,9,2,11,28,43,72,2,145,10,0,10,155
07/13/2016,ASE,CO,ANM,WE,Combined TRACON& Tower with Radar,23,36,66,0,125,0,0,13,0,13,23,36,79,0,138,13,0,13,151
07/14/2016,ASE,CO,ANM,WE,Combined TRACON& Tower with Radar,28,27,53,0,108,0,0,8,1,9,28,27,61,1,117,12,2,14,131
07/15/2016,ASE,CO,ANM,WE,Combined TRACON& Tower with Radar,20,34,66,0,120,0,0,9,0,9,20,34,75,0,129,13,0,13,142
07/16/2016,ASE,CO,ANM,WE,Combined TRACON& Tower with Radar,38,64,50,2,154,0,0,10,0,10,38,64,60,2,164,5,1,6,170
07/17/2016,ASE,CO,ANM,WE,Combined TRACON& Tower with Radar,33,51,85,0,169,0,0,14,0,14,33,51,99,0,183,15,0,15,198
07/18/2016,ASE,CO,ANM,WE,Combined TRACON& Tower with Radar,27,30,59,2,118,0,0,10,0,10,27,30,69,2,128,7,2,9,137
07/19/2016,ASE,CO,ANM,WE,Combined TRACON& Tower with Radar,25,31,36,0,92,0,1,7,0,8,25,32,43,0,100,57,0,57,157
07/20/2016,ASE,CO,ANM,WE,Combined TRACON& Tower with Radar,28,42,55,0,125,0,1,11,0,12,28,43,66,0,137,13,0,13,150
07/21/2016,ASE,CO,ANM,WE,Combined TRACON& Tower with Radar,26,39,75,0,140,0,0,8,0,8,26,39,83,0,148,10,0,10,158
07/22/2016,ASE,CO,ANM,WE,Combined TRACON& Tower with Radar,26,42,76,0,144,0,0,10,0,10,26,42,86,0,154,11,0,11,165
07/23/2016,ASE,CO,ANM,WE,Combined TRACON& Tower with Radar,36,41,44,4,125,0,0,7,0,7,36,41,51,4,132,21,2,23,155
07/24/2016,ASE,CO,ANM,WE,Combined TRACON& Tower with Radar,33,44,80,0,157,0,0,5,1,6,33,44,85,1,163,19,0,19,182
07/25/2016,ASE,CO,ANM,WE,Combined TRACON& Tower with Radar,27,32,52,0,111,0,0,9,0,9,27,32,61,0,120,38,0,38,158
07/26/2016,ASE,CO,ANM,WE,Combined TRACON& Tower with Radar,27,23,37,2,89,0,0,9,0,9,27,23,46,2,98,20,0,20,118
07/27/2016,ASE,CO,ANM,WE,Combined TRACON& Tower with Radar,27,35,54,1,117,0,1,8,0,9,27,36,62,1,126,26,2,28,154
07/28/2016,ASE,CO,ANM,WE,Combined TRACON& Tower with Radar,27,33,62,2,124,0,0,12,2,14,27,33,74,4,138,13,0,13,151
07/29/2016,ASE,CO,ANM,WE,Combined TRACON& Tower with Radar,27,43,83,0,153,0,0,11,0,11,27,43,94,0,164,29,0,29,193
07/30/2016,ASE,CO,ANM,WE,Combined TRACON& Tower with Radar,36,62,78,0,176,0,0,10,0,10,36,62,88,0,186,31,3,34,220
07/31/2016,ASE,CO,ANM,WE,Combined TRACON& Tower with Radar,32,49,90,0,171,0,0,5,0,5,32,49,95,0,176,15,0,15,191
08/01/2016,ASE,CO,ANM,WE,Combined TRACON& Tower with Radar,30,50,65,0,145,0,0,10,0,10,30,50,75,0,155,27,0,27,182
08/02/2016,ASE,CO,ANM,WE,Combined TRACON& Tower with Radar,27,54,58,0,139,0,0,8,0,8,27,54,66,0,147,23,1,24,171
08/03/2016,ASE,CO,ANM,WE,Combined TRACON& Tower with Radar,26,61,58,0,145,0,0,4,0,4,26,61,62,0,149,29,2,31,180
08/04/2016,ASE,CO,ANM,WE,Combined TRACON& Tower with Radar,26,37,55,0,118,0,0,0,0,0,26,37,55,0,118,16,0,16,134
08/05/2016,ASE,CO,ANM,WE,Combined TRACON& Tower with Radar,27,50,81,0,158,0,0,0,0,0,27,50,81,0,158,2,0,2,160
08/06/2016,ASE,CO,ANM,WE,Combined TRACON& Tower with Radar,35,50,64,0,149,0,0,1,0,1,35,50,65,0,150,14,0,14,164
08/07/2016,ASE,CO,ANM,WE,Combined TRACON& Tower with Radar,31,71,96,0,198,0,0,10,0,10,31,71,106,0,208,15,2,17,225
08/08/2016,ASE,CO,ANM,WE,Combined TRACON& Tower with Radar,28,37,81,2,148,0,0,1,0,1,28,37,82,2,149,15,0,15,164
08/09/2016,ASE,CO,ANM,WE,Combined TRACON& Tower with Radar,26,39,58,0,123,0,0,15,0,15,26,39,73,0,138,44,1,45,183
08/10/2016,ASE,CO,ANM,WE,Combined TRACON& Tower with Radar,28,52,51,0,131,0,0,12,0,12,28,52,63,0,143,25,1,26,169
08/11/2016,ASE,CO,ANM,WE,Combined TRACON& Tower with Radar,28,47,87,0,162,0,0,14,0,14,28,47,101,0,176,20,2,22,198
08/12/2016,ASE,CO,ANM,WE,Combined TRACON& Tower with Radar,26,37,79,2,144,0,0,13,0,13,26,37,92,2,157,31,0,31,188
08/13/2016,ASE,CO,ANM,WE,Combined TRACON& Tower with Radar,37,61,51,2,151,0,0,14,2,16,37,61,65,4,167,23,0,23,190
08/14/2016,ASE,CO,ANM,WE,Combined TRACON& Tower with Radar,34,71,109,0,214,0,0,23,1,24,34,71,132,1,238,29,0,29,267
08/15/2016,ASE,CO,ANM,WE,Combined TRACON& Tower with Radar,27,48,70,0,145,0,0,10,0,10,27,48,80,0,155,9,3,12,167
08/16/2016,ASE,CO,ANM,WE,Combined TRACON& Tower with Radar,24,43,51,0,118,0,0,13,3,16,24,43,64,3,134,21,0,21,155
08/17/2016,ASE,CO,ANM,WE,Combined TRACON& Tower with Radar,23,51,70,0,144,0,0,15,1,16,23,51,85,1,160,23,2,25,185
08/18/2016,ASE,CO,ANM,WE,Combined TRACON& Tower with Radar,23,43,56,0,122,0,0,4,2,6,23,43,60,2,128,9,3,12,140
08/19/2016,ASE,CO,ANM,WE,Combined TRACON& Tower with Radar,23,38,56,0,117,0,0,9,0,9,23,38,65,0,126,14,1,15,141
08/20/2016,ASE,CO,ANM,WE,Combined TRACON& Tower with Radar,27,36,41,0,104,0,0,10,0,10,27,36,51,0,114,31,0,31,145
08/21/2016,ASE,CO,ANM,WE,Combined TRACON& Tower with Radar,31,48,76,0,155,0,0,9,0,9,31,48,85,0,164,23,0,23,187
08/22/2016,ASE,CO,ANM,WE,Combined TRACON& Tower with Radar,24,35,44,0,103,0,0,10,1,11,24,35,54,1,114,15,0,15,129
08/23/2016,ASE,CO,ANM,WE,Combined TRACON& Tower with Radar,22,34,34,0,90,0,0,5,0,5,22,34,39,0,95,7,0,7,102
08/24/2016,ASE,CO,ANM,WE,Combined TRACON& Tower with Radar,22,36,39,0,97,0,0,3,0,3,22,36,42,0,100,29,2,31,131
08/25/2016,ASE,CO,ANM,WE,Combined TRACON& Tower with Radar,22,24,57,0,103,0,0,6,0,6,22,24,63,0,109,6,0,6,115
08/26/2016,ASE,CO,ANM,WE,Combined TRACON& Tower with Radar,21,32,43,0,96,0,0,6,0,6,21,32,49,0,102,16,0,16,118
08/27/2016,ASE,CO,ANM,WE,Combined TRACON& Tower with Radar,30,48,36,0,114,0,0,12,0,12,30,48,48,0,126,9,0,9,135
08/28/2016,ASE,CO,ANM,WE,Combined TRACON& Tower with Radar,27,36,68,0,131,0,0,4,2,6,27,36,72,2,137,8,1,9,146
08/29/2016,ASE,CO,ANM,WE,Combined TRACON& Tower with Radar,19,26,45,0,90,0,0,1,0,1,19,26,46,0,91,7,0,7,98
08/30/2016,ASE,CO,ANM,WE,Combined TRACON& Tower with Radar,22,26,28,2,78,0,0,5,0,5,22,26,33,2,83,5,1,6,89
08/31/2016,ASE,CO,ANM,WE,Combined TRACON& Tower with Radar,21,37,46,0,104,0,0,7,0,7,21,37,53,0,111,19,0,19,130
09/01/2016,ASE,CO,ANM,WE,Combined TRACON& Tower with Radar,20,40,67,0,127,0,0,7,0,7,20,40,74,0,134,37,0,37,171
09/02/2016,ASE,CO,ANM,WE,Combined TRACON& Tower with Radar,20,50,73,0,143,0,0,4,0,4,20,50,77,0,147,8,0,8,155
09/03/2016,ASE,CO,ANM,WE,Combined TRACON& Tower with Radar,26,37,32,0,95,0,0,20,0,20,26,37,52,0,115,15,0,15,130
09/04/2016,ASE,CO,ANM,WE,Combined TRACON& Tower with Radar,24,39,39,0,102,0,0,5,0,5,24,39,44,0,107,11,0,11,118
09/05/2016,ASE,CO,ANM,WE,Combined TRACON& Tower with Radar,20,95,115,0,230,0,0,14,0,14,20,95,129,0,244,13,1,14,258
09/06/2016,ASE,CO,ANM,WE,Combined TRACON& Tower with Radar,19,32,44,0,95,0,0,8,0,8,19,32,52,0,103,12,0,12,115
09/07/2016,ASE,CO,ANM,WE,Combined TRACON& Tower with Radar,18,21,23,0,62,0,0,8,0,8,18,21,31,0,70,22,0,22,92
09/08/2016,ASE,CO,ANM,WE,Combined TRACON& Tower with Radar,17,23,23,0,63,0,0,14,0,14,17,23,37,0,77,29,3,32,109
09/09/2016,ASE,CO,ANM,WE,Combined TRACON& Tower with Radar,19,21,41,0,81,0,0,12,0,12,19,21,53,0,93,24,0,24,117
09/10/2016,ASE,CO,ANM,WE,Combined TRACON& Tower with Radar,17,20,23,0,60,0,0,13,0,13,17,20,36,0,73,25,1,26,99
09/11/2016,ASE,CO,ANM,WE,Combined TRACON& Tower with Radar,18,28,35,0,81,0,0,5,0,5,18,28,40,0,86,16,1,17,103
09/12/2016,ASE,CO,ANM,WE,Combined TRACON& Tower with Radar,18,14,31,0,63,0,0,6,0,6,18,14,37,0,69,14,0,14,83
09/13/2016,ASE,CO,ANM,WE,Combined TRACON& Tower with Radar,11,10,6,0,27,0,0,2,0,2,11,10,8,0,29,23,0,23,52
09/14/2016,ASE,CO,ANM,WE,Combined TRACON& Tower with Radar,18,16,26,0,60,0,0,3,0,3,18,16,29,0,63,3,0,3,66
09/15/2016,ASE,CO,ANM,WE,Combined TRACON& Tower with Radar,18,36,30,0,84,0,0,14,0,14,18,36,44,0,98,18,0,18,116
09/16/2016,ASE,CO,ANM,WE,Combined TRACON& Tower with Radar,18,25,42,0,85,0,0,13,0,13,18,25,55,0,98,40,1,41,139
09/17/2016,ASE,CO,ANM,WE,Combined TRACON& Tower with Radar,17,20,18,0,55,0,0,11,2,13,17,20,29,2,68,44,3,47,115
09/18/2016,ASE,CO,ANM,WE,Combined TRACON& Tower with Radar,18,28,63,0,109,0,0,13,0,13,18,28,76,0,122,43,9,52,174
09/19/2016,ASE,CO,ANM,WE,Combined TRACON& Tower with Radar,18,21,39,0,78,0,0,17,0,17,18,21,56,0,95,24,0,24,119
09/20/2016,ASE,CO,ANM,WE,Combined TRACON& Tower with Radar,17,21,21,0,59,0,0,11,0,11,17,21,32,0,70,15,0,15,85
09/21/2016,ASE,CO,ANM,WE,Combined TRACON& Tower with Radar,15,18,29,0,62,0,0,4,0,4,15,18,33,0,66,7,0,7,73
09/22/2016,ASE,CO,ANM,WE,Combined TRACON& Tower with Radar,16,41,78,0,135,0,0,2,1,3,16,41,80,1,138,18,6,24,162
09/23/2016,ASE,CO,ANM,WE,Combined TRACON& Tower with Radar,16,29,40,1,86,0,0,1,1,2,16,29,41,2,88,2,0,2,90
09/24/2016,ASE,CO,ANM,WE,Combined TRACON& Tower with Radar,17,32,42,1,92,0,0,2,0,2,17,32,44,1,94,5,0,5,99
09/25/2016,ASE,CO,ANM,WE,Combined TRACON& Tower with Radar,18,45,73,0,136,0,1,13,0,14,18,46,86,0,150,39,2,41,191
09/26/2016,ASE,CO,ANM,WE,Combined TRACON& Tower with Radar,16,27,52,0,95,0,0,8,0,8,16,27,60,0,103,31,0,31,134
09/27/2016,ASE,CO,ANM,WE,Combined TRACON& Tower with Radar,17,24,33,0,74,0,0,12,1,13,17,24,45,1,87,34,0,34,121
09/28/2016,ASE,CO,ANM,WE,Combined TRACON& Tower with Radar,17,28,43,0,88,0,0,16,0,16,17,28,59,0,104,30,6,36,140
09/29/2016,ASE,CO,ANM,WE,Combined TRACON& Tower with Radar,18,28,32,2,80,0,0,6,0,6,18,28,38,2,86,9,2,11,97
09/30/2016,ASE,CO,ANM,WE,Combined TRACON& Tower with Radar,18,32,39,0,89,0,0,1,0,1,18,32,40,0,90,20,0,20,110
10/01/2016,ASE,CO,ANM,WE,Combined TRACON& Tower with Radar,18,13,22,0,53,0,0,3,0,3,18,13,25,0,56,0,0,0,56
10/02/2016,ASE,CO,ANM,WE,Combined TRACON& Tower with Radar,19,34,44,0,97,0,0,13,0,13,19,34,57,0,110,0,0,0,110
10/03/2016,ASE,CO,ANM,WE,Combined TRACON& Tower with Radar,17,9,18,0,44,0,0,1,0,1,17,9,19,0,45,0,0,0,45
10/04/2016,ASE,CO,ANM,WE,Combined TRACON& Tower with Radar,15,10,26,5,56,0,0,3,2,5,15,10,29,7,61,15,0,15,76
10/05/2016,ASE,CO,ANM,WE,Combined TRACON& Tower with Radar,16,13,26,0,55,0,0,5,0,5,16,13,31,0,60,5,1,6,66
10/06/2016,ASE,CO,ANM,WE,Combined TRACON& Tower with Radar,10,21,21,0,52,0,0,2,0,2,10,21,23,0,54,8,0,8,62
10/07/2016,ASE,CO,ANM,WE,Combined TRACON& Tower with Radar,11,26,44,0,81,0,0,6,4,10,11,26,50,4,91,17,0,17,108
10/08/2016,ASE,CO,ANM,WE,Combined TRACON& Tower with Radar,12,17,12,0,41,0,0,10,0,10,12,17,22,0,51,16,0,16,67
10/09/2016,ASE,CO,ANM,WE,Combined TRACON& Tower with Radar,12,30,31,0,73,0,1,16,0,17,12,31,47,0,90,23,1,24,114
10/10/2016,ASE,CO,ANM,WE,Combined TRACON& Tower with Radar,11,25,51,0,87,0,0,3,0,3,11,25,54,0,90,13,0,13,103
10/11/2016,ASE,CO,ANM,WE,Combined TRACON& Tower with Radar,12,14,18,0,44,0,0,0,0,0,12,14,18,0,44,3,0,3,47
10/12/2016,ASE,CO,ANM,WE,Combined TRACON& Tower with Radar,11,10,13,0,34,0,0,10,0,10,11,10,23,0,44,38,0,38,82
10/13/2016,ASE,CO,ANM,WE,Combined TRACON& Tower with Radar,11,21,18,0,50,0,0,8,0,8,11,21,26,0,58,38,0,38,96
10/14/2016,ASE,CO,ANM,WE,Combined TRACON& Tower with Radar,10,24,15,0,49,0,0,6,0,6,10,24,21,0,55,15,0,15,70
10/15/2016,ASE,CO,ANM,WE,Combined TRACON& Tower with Radar,12,18,8,0,38,0,0,7,0,7,12,18,15,0,45,35,0,35,80
10/16/2016,ASE,CO,ANM,WE,Combined TRACON& Tower with Radar,13,9,21,0,43,0,0,2,2,4,13,9,23,2,47,9,7,16,63
10/17/2016,ASE,CO,ANM,WE,Combined TRACON& Tower with Radar,11,3,11,0,25,0,0,1,0,1,11,3,12,0,26,2,0,2,28
10/18/2016,ASE,CO,ANM,WE,Combined TRACON& Tower with Radar,12,10,15,0,37,0,2,6,0,8,12,12,21,0,45,12,0,12,57
10/19/2016,ASE,CO,ANM,WE,Combined TRACON& Tower with Radar,12,26,14,0,52,0,0,11,0,11,12,26,25,0,63,6,0,6,69
10/20/2016,ASE,CO,ANM,WE,Combined TRACON& Tower with Radar,11,18,26,4,59,0,0,13,0,13,11,18,39,4,72,33,0,33,105
10/21/2016,ASE,CO,ANM,WE,Combined TRACON& Tower with Radar,11,9,15,0,35,0,0,12,0,12,11,9,27,0,47,22,0,22,69
10/22/2016,ASE,CO,ANM,WE,Combined TRACON& Tower with Radar,12,16,16,0,44,0,0,4,0,4,12,16,20,0,48,44,0,44,92
10/23/2016,ASE,CO,ANM,WE,Combined TRACON& Tower with Radar,13,19,31,0,63,0,0,12,0,12,13,19,43,0,75,18,0,18,93
10/24/2016,ASE,CO,ANM,WE,Combined TRACON& Tower with Radar,11,12,33,0,56,0,0,2,0,2,11,12,35,0,58,3,0,3,61
10/25/2016,ASE,CO,ANM,WE,Combined TRACON& Tower with Radar,11,11,12,0,34,0,0,0,0,0,11,11,12,0,34,14,1,15,49
10/26/2016,ASE,CO,ANM,WE,Combined TRACON& Tower with Radar,11,12,18,0,41,0,0,7,0,7,11,12,25,0,48,19,0,19,67
10/27/2016,ASE,CO,ANM,WE,Combined TRACON& Tower with Radar,11,8,11,0,30,0,0,10,0,10,11,8,21,0,40,24,0,24,64
10/28/2016,ASE,CO,ANM,WE,Combined TRACON& Tower with Radar,11,12,17,0,40,0,0,7,0,7,11,12,24,0,47,16,0,16,63
10/29/2016,ASE,CO,ANM,WE,Combined TRACON& Tower with Radar,10,11,6,0,27,0,0,3,0,3,10,11,9,0,30,43,0,43,73
10/30/2016,ASE,CO,ANM,WE,Combined TRACON& Tower with Radar,7,7,16,0,30,0,0,4,0,4,7,7,20,0,34,71,0,71,105
10/31/2016,ASE,CO,ANM,WE,Combined TRACON& Tower with Radar,7,6,12,4,29,0,0,0,0,0,7,6,12,4,29,7,1,8,37
11/01/2016,ASE,CO,ANM,WE,Combined TRACON& Tower with Radar,5,15,11,0,31,0,0,4,0,4,5,15,15,0,35,4,0,4,39
11/02/2016,ASE,CO,ANM,WE,Combined TRACON& Tower with Radar,7,13,17,0,37,0,0,8,1,9,7,13,25,1,46,34,0,34,80
11/03/2016,ASE,CO,ANM,WE,Combined TRACON& Tower with Radar,7,7,21,0,35,0,0,6,0,6,7,7,27,0,41,30,0,30,71
11/04/2016,ASE,CO,ANM,WE,Combined TRACON& Tower with Radar,7,8,19,0,34,0,0,8,2,10,7,8,27,2,44,9,0,9,53
11/05/2016,ASE,CO,ANM,WE,Combined TRACON& Tower with Radar,12,17,12,0,41,0,0,10,0,10,12,17,22,0,51,37,0,37,88
11/06/2016,ASE,CO,ANM,WE,Combined TRACON& Tower with Radar,13,22,26,0,61,0,0,12,0,12,13,22,38,0,73,30,0,30,103
11/07/2016,ASE,CO,ANM,WE,Combined TRACON& Tower with Radar,11,10,12,0,33,0,0,9,0,9,11,10,21,0,42,10,0,10,52
11/08/2016,ASE,CO,ANM,WE,Combined TRACON& Tower with Radar,11,10,12,0,33,0,0,9,0,9,11,10,21,0,42,20,0,20,62
11/09/2016,ASE,CO,ANM,WE,Combined TRACON& Tower with Radar,9,9,7,0,25,0,0,6,0,6,9,9,13,0,31,17,0,17,48
11/10/2016,ASE,CO,ANM,WE,Combined TRACON& Tower with Radar,7,8,8,0,23,0,0,7,0,7,7,8,15,0,30,27,0,27,57
11/11/2016,ASE,CO,ANM,WE,Combined TRACON& Tower with Radar,7,8,13,0,28,0,0,8,0,8,7,8,21,0,36,8,0,8,44
11/12/2016,ASE,CO,ANM,WE,Combined TRACON& Tower with Radar,10,5,15,0,30,0,0,10,0,10,10,5,25,0,40,23,0,23,63
11/13/2016,ASE,CO,ANM,WE,Combined TRACON& Tower with Radar,7,9,8,0,24,0,0,9,0,9,7,9,17,0,33,11,0,11,44
11/14/2016,ASE,CO,ANM,WE,Combined TRACON& Tower with Radar,7,10,17,0,34,0,0,11,0,11,7,10,28,0,45,23,0,23,68
11/15/2016,ASE,CO,ANM,WE,Combined TRACON& Tower with Radar,7,11,17,0,35,0,0,6,0,6,7,11,23,0,41,9,0,9,50
11/16/2016,ASE,CO,ANM,WE,Combined TRACON& Tower with Radar,6,8,19,0,33,0,0,7,0,7,6,8,26,0,40,0,0,0,40
11/17/2016,ASE,CO,ANM,WE,Combined TRACON& Tower with Radar,4,5,7,0,16,0,0,0,0,0,4,5,7,0,16,0,0,0,16
11/18/2016,ASE,CO,ANM,WE,Combined TRACON& Tower with Radar,11,29,23,0,63,0,0,4,0,4,11,29,27,0,67,57,0,57,124
11/19/2016,ASE,CO,ANM,WE,Combined TRACON& Tower with Radar,10,27,19,0,56,0,0,1,0,1,10,27,20,0,57,25,0,25,82
11/20/2016,ASE,CO,ANM,WE,Combined TRACON& Tower with Radar,9,17,18,0,44,0,0,6,0,6,9,17,24,0,50,46,0,46,96
11/21/2016,ASE,CO,ANM,WE,Combined TRACON& Tower with Radar,9,8,12,0,29,0,0,0,0,0,9,8,12,0,29,7,0,7,36
11/22/2016,ASE,CO,ANM,WE,Combined TRACON& Tower with Radar,6,8,14,0,28,0,0,2,0,2,6,8,16,0,30,0,0,0,30
11/23/2016,ASE,CO,ANM,WE,Combined TRACON& Tower with Radar,11,30,37,0,78,0,0,7,0,7,11,30,44,0,85,20,0,20,105
11/24/2016,ASE,CO,ANM,WE,Combined TRACON& Tower with Radar,6,3,6,0,15,0,0,0,0,0,6,3,6,0,15,0,0,0,15
11/25/2016,ASE,CO,ANM,WE,Combined TRACON& Tower with Radar,9,12,20,0,41,0,0,2,0,2,9,12,22,0,43,46,0,46,89
11/26/2016,ASE,CO,ANM,WE,Combined TRACON& Tower with Radar,14,41,60,0,115,0,0,7,0,7,14,41,67,0,122,14,0,14,136
11/27/2016,ASE,CO,ANM,WE,Combined TRACON& Tower with Radar,11,6,19,0,36,0,0,0,0,0,11,6,19,0,36,0,0,0,36
11/28/2016,ASE,CO,ANM,WE,Combined TRACON& Tower with Radar,11,2,17,0,30,0,0,0,0,0,11,2,17,0,30,0,0,0,30
11/29/2016,ASE,CO,ANM,WE,Combined TRACON& Tower with Radar,8,8,11,0,27,0,0,1,0,1,8,8,12,0,28,1,0,1,29
11/30/2016,ASE,CO,ANM,WE,Combined TRACON& Tower with Radar,16,12,19,0,47,0,0,3,0,3,16,12,22,0,50,6,0,6,56
12/01/2016,ASE,CO,ANM,WE,Combined TRACON& Tower with Radar,15,7,23,0,45,0,0,3,0,3,15,7,26,0,48,9,0,9,57
12/02/2016,ASE,CO,ANM,WE,Combined TRACON& Tower with Radar,15,11,19,0,45,0,0,1,0,1,15,11,20,0,46,2,0,2,48
12/03/2016,ASE,CO,ANM,WE,Combined TRACON& Tower with Radar,16,16,17,0,49,0,0,2,0,2,16,16,19,0,51,45,0,45,96
12/04/2016,ASE,CO,ANM,WE,Combined TRACON& Tower with Radar,15,13,21,0,49,0,0,5,0,5,15,13,26,0,54,58,0,58,112
12/05/2016,ASE,CO,ANM,WE,Combined TRACON& Tower with Radar,11,3,15,0,29,0,0,0,0,0,11,3,15,0,29,8,0,8,37
12/06/2016,ASE,CO,ANM,WE,Combined TRACON& Tower with Radar,13,17,12,0,42,0,0,1,0,1,13,17,13,0,43,4,0,4,47
12/07/2016,ASE,CO,ANM,WE,Combined TRACON& Tower with Radar,16,14,14,0,44,0,0,0,0,0,16,14,14,0,44,12,0,12,56
12/08/2016,ASE,CO,ANM,WE,Combined TRACON& Tower with Radar,15,14,25,0,54,0,0,2,0,2,15,14,27,0,56,0,0,0,56
12/09/2016,ASE,CO,ANM,WE,Combined TRACON& Tower with Radar,15,19,22,0,56,0,0,0,0,0,15,19,22,0,56,0,0,0,56
12/10/2016,ASE,CO,ANM,WE,Combined TRACON& Tower with Radar,15,15,23,0,53,0,0,2,0,2,15,15,25,0,55,4,0,4,59
12/11/2016,ASE,CO,ANM,WE,Combined TRACON& Tower with Radar,13,15,26,0,54,0,0,0,0,0,13,15,26,0,54,1,0,1,55
12/12/2016,ASE,CO,ANM,WE,Combined TRACON& Tower with Radar,15,20,33,0,68,0,0,3,0,3,15,20,36,0,71,9,0,9,80
12/13/2016,ASE,CO,ANM,WE,Combined TRACON& Tower with Radar,13,6,20,0,39,0,0,2,0,2,13,6,22,0,41,0,0,0,41
12/14/2016,ASE,CO,ANM,WE,Combined TRACON& Tower with Radar,14,19,17,0,50,0,0,0,0,0,14,19,17,0,50,0,0,0,50
12/15/2016,ASE,CO,ANM,WE,Combined TRACON& Tower with Radar,21,28,27,0,76,0,0,0,0,0,21,28,27,0,76,0,0,0,76
12/16/2016,ASE,CO,ANM,WE,Combined TRACON& Tower with Radar,30,6,11,1,48,0,0,0,0,0,30,6,11,1,48,0,0,0,48
12/17/2016,ASE,CO,ANM,WE,Combined TRACON& Tower with Radar,22,19,38,0,79,0,0,3,0,3,22,19,41,0,82,0,0,0,82
12/18/2016,ASE,CO,ANM,WE,Combined TRACON& Tower with Radar,48,66,85,0,199,0,1,7,0,8,48,67,92,0,207,6,0,6,213
12/19/2016,ASE,CO,ANM,WE,Combined TRACON& Tower with Radar,57,46,74,0,177,0,0,6,0,6,57,46,80,0,183,24,0,24,207
12/20/2016,ASE,CO,ANM,WE,Combined TRACON& Tower with Radar,59,57,64,0,180,0,0,7,0,7,59,57,71,0,187,18,0,18,205
12/21/2016,ASE,CO,ANM,WE,Combined TRACON& Tower with Radar,60,49,63,0,172,0,0,7,0,7,60,49,70,0,179,14,0,14,193
12/22/2016,ASE,CO,ANM,WE,Combined TRACON& Tower with Radar,59,37,55,0,151,0,0,0,0,0,59,37,55,0,151,0,0,0,151
12/23/2016,ASE,CO,ANM,WE,Combined TRACON& Tower with Radar,59,69,72,0,200,0,0,4,0,4,59,69,76,0,204,5,0,5,209
12/24/2016,ASE,CO,ANM,WE,Combined TRACON& Tower with Radar,44,42,46,0,132,0,0,9,0,9,44,42,55,0,141,7,1,8,149
12/25/2016,ASE,CO,ANM,WE,Combined TRACON& Tower with Radar,59,30,16,0,105,0,0,0,0,0,59,30,16,0,105,0,0,0,105
12/26/2016,ASE,CO,ANM,WE,Combined TRACON& Tower with Radar,57,81,141,0,279,0,0,6,0,6,57,81,147,0,285,13,1,14,299
12/27/2016,ASE,CO,ANM,WE,Combined TRACON& Tower with Radar,56,71,125,0,252,0,1,20,0,21,56,72,145,0,273,8,0,8,281
12/28/2016,ASE,CO,ANM,WE,Combined TRACON& Tower with Radar,43,43,65,0,151,0,0,5,0,5,43,43,70,0,156,9,0,9,165
12/29/2016,ASE,CO,ANM,WE,Combined TRACON& Tower with Radar,60,42,74,0,176,0,0,4,0,4,60,42,78,0,180,14,0,14,194
12/30/2016,ASE,CO,ANM,WE,Combined TRACON& Tower with Radar,61,68,76,0,205,0,0,11,0,11,61,68,87,0,216,11,0,11,227
12/31/2016,ASE,CO,ANM,WE,Combined TRACON& Tower with Radar,57,62,56,0,175,0,0,4,0,4,57,62,60,0,179,10,0,10,189
01/01/2017,ASE,CO,ANM,WE,Combined TRACON& Tower with Radar,59,78,98,0,235,0,0,3,0,3,59,78,101,0,238,3,0,3,241
01/02/2017,ASE,CO,ANM,WE,Combined TRACON& Tower with Radar,54,61,126,0,241,0,0,1,0,1,54,61,127,0,242,0,0,0,242
01/03/2017,ASE,CO,ANM,WE,Combined TRACON& Tower with Radar,55,69,74,0,198,0,0,1,0,1,55,69,75,0,199,0,0,0,199
01/04/2017,ASE,CO,ANM,WE,Combined TRACON& Tower with Radar,39,41,29,0,109,0,0,0,0,0,39,41,29,0,109,24,0,24,133
01/05/2017,ASE,CO,ANM,WE,Combined TRACON& Tower with Radar,1,1,4,0,6,0,0,0,0,0,1,1,4,0,6,0,0,0,6
01/06/2017,ASE,CO,ANM,WE,Combined TRACON& Tower with Radar,39,77,89,0,205,0,0,7,0,7,39,77,96,0,212,27,0,27,239
01/07/2017,ASE,CO,ANM,WE,Combined TRACON& Tower with Radar,53,46,61,0,160,0,1,4,0,5,53,47,65,0,165,21,1,22,187
01/08/2017,ASE,CO,ANM,WE,Combined TRACON& Tower with Radar,45,21,33,0,99,0,0,0,0,0,45,21,33,0,99,0,0,0,99
01/09/2017,ASE,CO,ANM,WE,Combined TRACON& Tower with Radar,11,4,13,0,28,0,0,0,0,0,11,4,13,0,28,0,0,0,28
01/10/2017,ASE,CO,ANM,WE,Combined TRACON& Tower with Radar,40,10,26,0,76,0,0,1,0,1,40,10,27,0,77,0,0,0,77
01/11/2017,ASE,CO,ANM,WE,Combined TRACON& Tower with Radar,31,6,17,0,54,0,0,0,0,0,31,6,17,0,54,2,0,2,56
01/12/2017,ASE,CO,ANM,WE,Combined TRACON& Tower with Radar,40,17,38,0,95,0,0,0,0,0,40,17,38,0,95,0,0,0,95
01/13/2017,ASE,CO,ANM,WE,Combined TRACON& Tower with Radar,45,38,71,2,156,0,0,1,0,1,45,38,72,2,157,17,0,17,174
01/14/2017,ASE,CO,ANM,WE,Combined TRACON& Tower with Radar,45,17,21,0,83,0,0,0,0,0,45,17,21,0,83,0,0,0,83
01/15/2017,ASE,CO,ANM,WE,Combined TRACON& Tower with Radar,43,13,19,0,75,0,0,0,0,0,43,13,19,0,75,14,0,14,89
01/16/2017,ASE,CO,ANM,WE,Combined TRACON& Tower with Radar,43,39,63,0,145,0,0,1,0,1,43,39,64,0,146,1,0,1,147
01/17/2017,ASE,CO,ANM,WE,Combined TRACON& Tower with Radar,41,28,24,0,93,0,0,7,0,7,41,28,31,0,100,22,0,22,122
01/18/2017,ASE,CO,ANM,WE,Combined TRACON& Tower with Radar,42,23,20,1,86,0,0,9,1,10,42,23,29,2,96,10,1,11,107
01/19/2017,ASE,CO,ANM,WE,Combined TRACON& Tower with Radar,40,23,32,0,95,0,0,7,1,8,40,23,39,1,103,31,4,35,138
01/20/2017,ASE,CO,ANM,WE,Combined TRACON& Tower with Radar,40,5,16,1,62,0,0,0,0,0,40,5,16,1,62,1,0,1,63
01/21/2017,ASE,CO,ANM,WE,Combined TRACON& Tower with Radar,47,14,16,0,77,0,0,1,0,1,47,14,17,0,78,9,0,9,87
01/22/2017,ASE,CO,ANM,WE,Combined TRACON& Tower with Radar,50,20,35,0,105,0,0,8,0,8,50,20,43,0,113,7,0,7,120
01/23/2017,ASE,CO,ANM,WE,Combined TRACON& Tower with Radar,35,4,17,0,56,0,0,0,0,0,35,4,17,0,56,0,0,0,56
01/24/2017,ASE,CO,ANM,WE,Combined TRACON& Tower with Radar,45,5,12,0,62,0,0,0,0,0,45,5,12,0,62,0,0,0,62
01/25/2017,ASE,CO,ANM,WE,Combined TRACON& Tower with Radar,42,15,29,2,88,0,0,0,0,0,42,15,29,2,88,0,0,0,88
01/26/2017,ASE,CO,ANM,WE,Combined TRACON& Tower with Radar,45,34,44,2,125,0,0,0,1,1,45,34,44,3,126,11,4,15,141
01/27/2017,ASE,CO,ANM,WE,Combined TRACON& Tower with Radar,45,29,44,1,119,0,1,11,1,13,45,30,55,2,132,19,0,19,151
01/28/2017,ASE,CO,ANM,WE,Combined TRACON& Tower with Radar,45,20,31,0,96,0,0,7,0,7,45,20,38,0,103,33,2,35,138
01/29/2017,ASE,CO,ANM,WE,Combined TRACON& Tower with Radar,46,36,72,2,156,0,1,8,1,10,46,37,80,3,166,17,2,19,185
01/30/2017,ASE,CO,ANM,WE,Combined TRACON& Tower with Radar,45,17,36,0,98,0,1,12,0,13,45,18,48,0,111,18,0,18,129
01/31/2017,ASE,CO,ANM,WE,Combined TRACON& Tower with Radar,42,19,24,0,85,0,0,5,0,5,42,19,29,0,90,2,0,2,92
02/01/2017,ASE,CO,ANM,WE,Combined TRACON& Tower with Radar,42,20,28,0,90,0,0,6,0,6,42,20,34,0,96,32,0,32,128
02/02/2017,ASE,CO,ANM,WE,Combined TRACON& Tower with Radar,44,18,35,2,99,0,0,0,0,0,44,18,35,2,99,23,0,23,122
02/03/2017,ASE,CO,ANM,WE,Combined TRACON& Tower with Radar,45,25,34,0,104,0,0,7,0,7,45,25,41,0,111,20,0,20,131
02/04/2017,ASE,CO,ANM,WE,Combined TRACON& Tower with Radar,49,26,27,0,102,0,0,0,0,0,49,26,27,0,102,14,0,14,116
02/05/2017,ASE,CO,ANM,WE,Combined TRACON& Tower with Radar,46,26,60,0,132,0,0,10,0,10,46,26,70,0,142,23,0,23,165
02/06/2017,ASE,CO,ANM,WE,Combined TRACON& Tower with Radar,45,34,37,0,116,0,0,2,0,2,45,34,39,0,118,9,0,9,127
02/07/2017,ASE,CO,ANM,WE,Combined TRACON& Tower with Radar,41,9,10,0,60,0,0,0,0,0,41,9,10,0,60,0,0,0,60
02/08/2017,ASE,CO,ANM,WE,Combined TRACON& Tower with Radar,41,30,40,0,111,0,0,4,0,4,41,30,44,0,115,11,0,11,126
02/09/2017,ASE,CO,ANM,WE,Combined TRACON& Tower with Radar,45,35,54,0,134,0,0,6,0,6,45,35,60,0,140,11,3,14,154
02/10/2017,ASE,CO,ANM,WE,Combined TRACON& Tower with Radar,48,21,48,0,117,0,0,5,0,5,48,21,53,0,122,3,0,3,125
02/11/2017,ASE,CO,ANM,WE,Combined TRACON& Tower with Radar,33,12,15,0,60,0,0,0,0,0,33,12,15,0,60,6,0,6,66
02/12/2017,ASE,CO,ANM,WE,Combined TRACON& Tower with Radar,66,24,40,0,130,0,0,1,0,1,66,24,41,0,131,0,0,0,131
02/13/2017,ASE,CO,ANM,WE,Combined TRACON& Tower with Radar,37,17,28,0,82,0,0,0,0,0,37,17,28,0,82,2,0,2,84
02/14/2017,ASE,CO,ANM,WE,Combined TRACON& Tower with Radar,43,17,35,1,96,0,0,10,1,11,43,17,45,2,107,23,0,23,130
02/15/2017,ASE,CO,ANM,WE,Combined TRACON& Tower with Radar,44,46,60,0,150,0,0,16,1,17,44,46,76,1,167,56,0,56,223
02/16/2017,ASE,CO,ANM,WE,Combined TRACON& Tower with Radar,58,77,101,0,236,0,0,10,0,10,58,77,111,0,246,19,3,22,268
02/17/2017,ASE,CO,ANM,WE,Combined TRACON& Tower with Radar,52,73,115,0,240,0,0,9,0,9,52,73,124,0,249,8,0,8,257
02/18/2017,ASE,CO,ANM,WE,Combined TRACON& Tower with Radar,65,79,49,0,193,0,1,9,0,10,65,80,58,0,203,30,0,30,233
02/19/2017,ASE,CO,ANM,WE,Combined TRACON& Tower with Radar,59,28,48,0,135,0,0,1,0,1,59,28,49,0,136,21,0,21,157
02/20/2017,ASE,CO,ANM,WE,Combined TRACON& Tower with Radar,53,103,129,0,285,0,0,10,0,10,53,103,139,0,295,11,0,11,306
02/21/2017,ASE,CO,ANM,WE,Combined TRACON& Tower with Radar,52,77,91,0,220,0,0,10,0,10,52,77,101,0,230,14,0,14,244
02/22/2017,ASE,CO,ANM,WE,Combined TRACON& Tower with Radar,52,46,63,0,161,0,0,0,0,0,52,46,63,0,161,16,0,16,177
02/23/2017,ASE,CO,ANM,WE,Combined TRACON& Tower with Radar,36,8,35,0,79,0,0,0,0,0,36,8,35,0,79,14,0,14,93
02/24/2017,ASE,CO,ANM,WE,Combined TRACON& Tower with Radar,53,20,43,0,116,0,0,0,0,0,53,20,43,0,116,0,0,0,116
02/25/2017,ASE,CO,ANM,WE,Combined TRACON& Tower with Radar,48,48,58,0,154,0,0,1,0,1,48,48,59,0,155,8,0,8,163
02/26/2017,ASE,CO,ANM,WE,Combined TRACON& Tower with Radar,60,52,76,0,188,0,0,8,0,8,60,52,84,0,196,34,0,34,230
02/27/2017,ASE,CO,ANM,WE,Combined TRACON& Tower with Radar,46,9,36,0,91,0,0,1,0,1,46,9,37,0,92,18,0,18,110
02/28/2017,ASE,CO,ANM,WE,Combined TRACON& Tower with Radar,8,1,5,0,14,0,0,0,0,0,8,1,5,0,14,0,0,0,14
03/01/2017,ASE,CO,ANM,WE,Combined TRACON& Tower with Radar,50,33,58,0,141,0,0,9,0,9,50,33,67,0,150,51,0,51,201
03/02/2017,ASE,CO,ANM,WE,Combined TRACON& Tower with Radar,57,38,39,0,134,0,0,7,0,7,57,38,46,0,141,61,0,61,202
03/03/2017,ASE,CO,ANM,WE,Combined TRACON& Tower with Radar,56,50,52,0,158,0,0,13,0,13,56,50,65,0,171,32,0,32,203
03/04/2017,ASE,CO,ANM,WE,Combined TRACON& Tower with Radar,57,42,72,0,171,0,0,8,0,8,57,42,80,0,179,16,0,16,195
03/05/2017,ASE,CO,ANM,WE,Combined TRACON& Tower with Radar,44,27,57,0,128,0,0,2,0,2,44,27,59,0,130,0,0,0,130
03/06/2017,ASE,CO,ANM,WE,Combined TRACON& Tower with Radar,28,4,16,0,48,0,0,1,0,1,28,4,17,0,49,1,0,1,50
03/07/2017,ASE,CO,ANM,WE,Combined TRACON& Tower with Radar,51,35,38,0,124,0,0,4,0,4,51,35,42,0,128,16,0,16,144
03/08/2017,ASE,CO,ANM,WE,Combined TRACON& Tower with Radar,48,40,46,0,134,0,0,6,0,6,48,40,52,0,140,21,0,21,161
03/09/2017,ASE,CO,ANM,WE,Combined TRACON& Tower with Radar,58,28,38,0,124,0,0,5,2,7,58,28,43,2,131,11,0,11,142
03/10/2017,ASE,CO,ANM,WE,Combined TRACON& Tower with Radar,54,56,76,1,187,0,0,13,1,14,54,56,89,2,201,42,0,42,243
03/11/2017,ASE,CO,ANM,WE,Combined TRACON& Tower with Radar,58,82,90,0,230,0,0,11,0,11,58,82,101,0,241,25,0,25,266
03/12/2017,ASE,CO,ANM,WE,Combined TRACON& Tower with Radar,45,38,89,0,172,0,0,5,0,5,45,38,94,0,177,53,0,53,230
03/13/2017,ASE,CO,ANM,WE,Combined TRACON& Tower with Radar,57,44,53,0,154,0,0,2,0,2,57,44,55,0,156,10,0,10,166
03/14/2017,ASE,CO,ANM,WE,Combined TRACON& Tower with Radar,43,25,57,0,125,0,0,6,0,6,43,25,63,0,131,34,0,34,165
03/15/2017,ASE,CO,ANM,WE,Combined TRACON& Tower with Radar,44,35,60,0,139,0,0,7,0,7,44,35,67,0,146,23,0,23,169
03/16/2017,ASE,CO,ANM,WE,Combined TRACON& Tower with Radar,57,36,74,0,167,0,0,4,0,4,57,36,78,0,171,5,0,5,176
03/17/2017,ASE,CO,ANM,WE,Combined TRACON& Tower with Radar,58,66,71,2,197,0,0,9,0,9,58,66,80,2,206,36,0,36,242
03/18/2017,ASE,CO,ANM,WE,Combined TRACON& Tower with Radar,58,93,101,0,252,0,0,16,0,16,58,93,117,0,268,42,0,42,310
03/19/2017,ASE,CO,ANM,WE,Combined TRACON& Tower with Radar,55,65,110,0,230,0,0,11,0,11,55,65,121,0,241,21,0,21,262
03/20/2017,ASE,CO,ANM,WE,Combined TRACON& Tower with Radar,53,48,41,0,142,0,0,2,0,2,53,48,43,0,144,37,0,37,181
03/21/2017,ASE,CO,ANM,WE,Combined TRACON& Tower with Radar,44,25,36,2,107,0,0,8,0,8,44,25,44,2,115,17,0,17,132
03/22/2017,ASE,CO,ANM,WE,Combined TRACON& Tower with Radar,46,38,41,0,125,0,0,3,1,4,46,38,44,1,129,0,1,1,130
03/23/2017,ASE,CO,ANM,WE,Combined TRACON& Tower with Radar,56,15,26,0,97,0,0,0,0,0,56,15,26,0,97,0,0,0,97
03/24/2017,ASE,CO,ANM,WE,Combined TRACON& Tower with Radar,57,26,46,0,129,0,0,4,0,4,57,26,50,0,133,13,0,13,146
03/25/2017,ASE,CO,ANM,WE,Combined TRACON& Tower with Radar,55,66,67,0,188,0,0,11,0,11,55,66,78,0,199,22,0,22,221
03/26/2017,ASE,CO,ANM,WE,Combined TRACON& Tower with Radar,59,38,54,0,151,0,0,0,0,0,59,38,54,0,151,0,0,0,151
03/27/2017,ASE,CO,ANM,WE,Combined TRACON& Tower with Radar,49,26,39,0,114,0,0,4,0,4,49,26,43,0,118,8,0,8,126
03/28/2017,ASE,CO,ANM,WE,Combined TRACON& Tower with Radar,37,1,6,0,44,0,0,0,0,0,37,1,6,0,44,9,0,9,53
03/29/2017,ASE,CO,ANM,WE,Combined TRACON& Tower with Radar,37,19,18,0,74,0,0,3,0,3,37,19,21,0,77,15,1,16,93
03/30/2017,ASE,CO,ANM,WE,Combined TRACON& Tower with Radar,46,30,43,0,119,0,0,4,0,4,46,30,47,0,123,17,0,17,140
03/31/2017,ASE,CO,ANM,WE,Combined TRACON& Tower with Radar,49,26,32,0,107,0,0,0,0,0,49,26,32,0,107,0,0,0,107
04/01/2017,ASE,CO,ANM,WE,Combined TRACON& Tower with Radar,52,48,24,0,124,0,0,3,0,3,52,48,27,0,127,0,0,0,127
04/02/2017,ASE,CO,ANM,WE,Combined TRACON& Tower with Radar,46,35,43,0,124,0,0,8,0,8,46,35,51,0,132,8,0,8,140
04/03/2017,ASE,CO,ANM,WE,Combined TRACON& Tower with Radar,47,23,15,0,85,0,0,0,0,0,47,23,15,0,85,14,0,14,99
04/04/2017,ASE,CO,ANM,WE,Combined TRACON& Tower with Radar,7,1,6,0,14,0,0,0,0,0,7,1,6,0,14,0,0,0,14
04/05/2017,ASE,CO,ANM,WE,Combined TRACON& Tower with Radar,8,22,24,0,54,0,0,1,0,1,8,22,25,0,55,31,0,31,86
04/06/2017,ASE,CO,ANM,WE,Combined TRACON& Tower with Radar,8,22,25,0,55,0,0,14,0,14,8,22,39,0,69,47,1,48,117
04/07/2017,ASE,CO,ANM,WE,Combined TRACON& Tower with Radar,7,20,32,0,59,0,0,6,0,6,7,20,38,0,65,16,0,16,81
04/08/2017,ASE,CO,ANM,WE,Combined TRACON& Tower with Radar,8,22,27,2,59,0,0,3,0,3,8,22,30,2,62,2,0,2,64
04/09/2017,ASE,CO,ANM,WE,Combined TRACON& Tower with Radar,10,7,32,0,49,0,0,0,0,0,10,7,32,0,49,0,0,0,49
04/10/2017,ASE,CO,ANM,WE,Combined TRACON& Tower with Radar,8,17,21,0,46,0,0,9,0,9,8,17,30,0,55,17,0,17,72
04/11/2017,ASE,CO,ANM,WE,Combined TRACON& Tower with Radar,8,14,15,0,37,0,1,6,0,7,8,15,21,0,44,22,0,22,66
04/12/2017,ASE,CO,ANM,WE,Combined TRACON& Tower with Radar,8,11,21,0,40,0,0,4,0,4,8,11,25,0,44,16,0,16,60
04/13/2017,ASE,CO,ANM,WE,Combined TRACON& Tower with Radar,8,15,30,0,53,0,0,3,0,3,8,15,33,0,56,6,0,6,62
04/14/2017,ASE,CO,ANM,WE,Combined TRACON& Tower with Radar,8,11,19,2,40,0,0,8,0,8,8,11,27,2,48,26,3,29,77
04/15/2017,ASE,CO,ANM,WE,Combined TRACON& Tower with Radar,6,16,16,0,38,0,0,8,0,8,6,16,24,0,46,30,0,30,76
04/16/2017,ASE,CO,ANM,WE,Combined TRACON& Tower with Radar,8,17,34,0,59,0,0,7,0,7,8,17,41,0,66,3,0,3,69
04/17/2017,ASE,CO,ANM,WE,Combined TRACON& Tower with Radar,8,13,25,8,54,0,0,7,0,7,8,13,32,8,61,13,2,15,76
04/18/2017,ASE,CO,ANM,WE,Combined TRACON& Tower with Radar,10,8,14,0,32,0,0,2,0,2,10,8,16,0,34,8,1,9,43
04/19/2017,ASE,CO,ANM,WE,Combined TRACON& Tower with Radar,8,5,17,0,30,0,0,2,0,2,8,5,19,0,32,2,0,2,34
04/20/2017,ASE,CO,ANM,WE,Combined TRACON& Tower with Radar,8,7,19,0,34,0,0,7,2,9,8,7,26,2,43,21,3,24,67
04/21/2017,ASE,CO,ANM,WE,Combined TRACON& Tower with Radar,7,3,3,0,13,0,0,0,0,0,7,3,3,0,13,42,0,42,55
04/22/2017,ASE,CO,ANM,WE,Combined TRACON& Tower with Radar,6,11,10,0,27,0,0,5,0,5,6,11,15,0,32,32,1,33,65
04/23/2017,ASE,CO,ANM,WE,Combined TRACON& Tower with Radar,8,6,13,0,27,0,0,6,0,6,8,6,19,0,33,3,0,3,36
04/24/2017,ASE,CO,ANM,WE,Combined TRACON& Tower with Radar,8,12,14,0,34,0,0,2,0,2,8,12,16,0,36,5,0,5,41
04/25/2017,ASE,CO,ANM,WE,Combined TRACON& Tower with Radar,8,5,2,0,15,0,0,0,0,0,8,5,2,0,15,0,0,0,15
04/26/2017,ASE,CO,ANM,WE,Combined TRACON& Tower with Radar,8,8,14,0,30,0,0,0,0,0,8,8,14,0,30,2,0,2,32
04/27/2017,ASE,CO,ANM,WE,Combined TRACON& Tower with Radar,3,0,2,0,5,0,0,0,0,0,3,0,2,0,5,0,0,0,5
04/28/2017,ASE,CO,ANM,WE,Combined TRACON& Tower with Radar,7,6,8,0,21,0,0,1,0,1,7,6,9,0,22,12,0,12,34
04/29/2017,ASE,CO,ANM,WE,Combined TRACON& Tower with Radar,5,5,11,0,21,0,1,0,0,1,5,6,11,0,22,0,0,0,22
04/30/2017,ASE,CO,ANM,WE,Combined TRACON& Tower with Radar,8,4,13,0,25,0,0,5,0,5,8,4,18,0,30,13,0,13,43
05/01/2017,ASE,CO,ANM,WE,Combined TRACON& Tower with Radar,6,11,8,0,25,0,0,1,0,1,6,11,9,0,26,23,0,23,49
05/02/2017,ASE,CO,ANM,WE,Combined TRACON& Tower with Radar,8,5,14,0,27,0,0,3,0,3,8,5,17,0,30,9,0,9,39
05/03/2017,ASE,CO,ANM,WE,Combined TRACON& Tower with Radar,6,5,8,0,19,0,0,3,0,3,6,5,11,0,22,7,0,7,29
05/04/2017,ASE,CO,ANM,WE,Combined TRACON& Tower with Radar,6,11,8,0,25,0,0,6,0,6,6,11,14,0,31,21,0,21,52
05/05/2017,ASE,CO,ANM,WE,Combined TRACON& Tower with Radar,9,5,5,0,19,0,0,6,0,6,9,5,11,0,25,24,0,24,49
05/06/2017,ASE,CO,ANM,WE,Combined TRACON& Tower with Radar,7,4,9,0,20,0,0,1,0,1,7,4,10,0,21,9,0,9,30
05/07/2017,ASE,CO,ANM,WE,Combined TRACON& Tower with Radar,10,8,11,0,29,0,0,4,0,4,10,8,15,0,33,0,0,0,33
05/08/2017,ASE,CO,ANM,WE,Combined TRACON& Tower with Radar,8,9,10,0,27,0,0,6,0,6,8,9,16,0,33,31,0,31,64
05/09/2017,ASE,CO,ANM,WE,Combined TRACON& Tower with Radar,9,6,10,0,25,0,0,0,0,0,9,6,10,0,25,18,0,18,43
05/10/2017,ASE,CO,ANM,WE,Combined TRACON& Tower with Radar,9,8,10,2,29,0,0,0,0,0,9,8,10,2,29,22,0,22,51
05/11/2017,ASE,CO,ANM,WE,Combined TRACON& Tower with Radar,9,5,14,5,33,0,0,1,0,1,9,5,15,5,34,36,0,36,70
05/12/2017,ASE,CO,ANM,WE,Combined TRACON& Tower with Radar,9,7,10,2,28,0,0,4,0,4,9,7,14,2,32,24,0,24,56
05/13/2017,ASE,CO,ANM,WE,Combined TRACON& Tower with Radar,7,9,7,0,23,0,0,8,0,8,7,9,15,0,31,8,0,8,39
05/14/2017,ASE,CO,ANM,WE,Combined TRACON& Tower with Radar,10,4,7,0,21,0,0,4,0,4,10,4,11,0,25,9,0,9,34
05/15/2017,ASE,CO,ANM,WE,Combined TRACON& Tower with Radar,9,4,12,0,25,0,0,3,0,3,9,4,15,0,28,4,0,4,32
05/16/2017,ASE,CO,ANM,WE,Combined TRACON& Tower with Radar,8,15,19,0,42,0,0,2,0,2,8,15,21,0,44,40,0,40,84
05/17/2017,ASE,CO,ANM,WE,Combined TRACON& Tower with Radar,8,6,11,0,25,0,0,1,0,1,8,6,12,0,26,6,0,6,32
05/18/2017,ASE,CO,ANM,WE,Combined TRACON& Tower with Radar,8,0,14,0,22,0,0,0,0,0,8,0,14,0,22,0,0,0,22
05/19/2017,ASE,CO,ANM,WE,Combined TRACON& Tower with Radar,9,3,9,0,21,0,0,0,0,0,9,3,9,0,21,0,0,0,21
05/20/2017,ASE,CO,ANM,WE,Combined TRACON& Tower with Radar,7,14,13,0,34,0,0,2,0,2,7,14,15,0,36,16,0,16,52
05/21/2017,ASE,CO,ANM,WE,Combined TRACON& Tower with Radar,10,11,12,0,33,0,0,5,0,5,10,11,17,0,38,13,0,13,51
05/22/2017,ASE,CO,ANM,WE,Combined TRACON& Tower with Radar,9,8,7,0,24,0,0,1,0,1,9,8,8,0,25,26,0,26,51
05/23/2017,ASE,CO,ANM,WE,Combined TRACON& Tower with Radar,9,18,17,0,44,0,0,1,0,1,9,18,18,0,45,15,0,15,60
05/24/2017,ASE,CO,ANM,WE,Combined TRACON& Tower with Radar,7,15,12,0,34,0,0,5,0,5,7,15,17,0,39,27,0,27,66
05/25/2017,ASE,CO,ANM,WE,Combined TRACON& Tower with Radar,9,12,27,0,48,0,0,0,0,0,9,12,27,0,48,1,0,1,49
05/26/2017,ASE,CO,ANM,WE,Combined TRACON& Tower with Radar,9,22,40,0,71,0,0,2,0,2,9,22,42,0,73,8,0,8,81
05/27/2017,ASE,CO,ANM,WE,Combined TRACON& Tower with Radar,7,11,12,0,30,0,0,2,0,2,7,11,14,0,32,5,0,5,37
05/28/2017,ASE,CO,ANM,WE,Combined TRACON& Tower with Radar,8,11,20,0,39,0,0,13,0,13,8,11,33,0,52,32,0,32,84
05/29/2017,ASE,CO,ANM,WE,Combined TRACON& Tower with Radar,8,20,17,0,45,0,0,6,0,6,8,20,23,0,51,27,4,31,82
05/30/2017,ASE,CO,ANM,WE,Combined TRACON& Tower with Radar,10,17,28,0,55,0,0,4,0,4,10,17,32,0,59,8,0,8,67
05/31/2017,ASE,CO,ANM,WE,Combined TRACON& Tower with Radar,9,16,15,0,40,0,0,5,1,6,9,16,20,1,46,2,3,5,51
06/01/2017,ASE,CO,ANM,WE,Combined TRACON& Tower with Radar,9,25,26,0,60,0,0,5,2,7,9,25,31,2,67,10,0,10,77
06/02/2017,ASE,CO,ANM,WE,Combined TRACON& Tower with Radar,15,24,23,2,64,0,0,6,0,6,15,24,29,2,70,7,0,7,77
06/03/2017,ASE,CO,ANM,WE,Combined TRACON& Tower with Radar,13,22,19,0,54,0,0,14,0,14,13,22,33,0,68,11,0,11,79
06/04/2017,ASE,CO,ANM,WE,Combined TRACON& Tower with Radar,15,19,32,0,66,0,0,8,0,8,15,19,40,0,74,12,0,12,86
06/05/2017,ASE,CO,ANM,WE,Combined TRACON& Tower with Radar,16,17,28,0,61,0,0,6,0,6,16,17,34,0,67,8,0,8,75
06/06/2017,ASE,CO,ANM,WE,Combined TRACON& Tower with Radar,15,17,26,0,58,0,0,2,0,2,15,17,28,0,60,10,3,13,73
06/07/2017,ASE,CO,ANM,WE,Combined TRACON& Tower with Radar,14,11,26,0,51,0,0,7,0,7,14,11,33,0,58,13,0,13,71
06/08/2017,ASE,CO,ANM,WE,Combined TRACON& Tower with Radar,21,25,38,0,84,0,0,10,0,10,21,25,48,0,94,28,0,28,122
06/09/2017,ASE,CO,ANM,WE,Combined TRACON& Tower with Radar,24,30,31,2,87,0,0,5,0,5,24,30,36,2,92,30,0,30,122
06/10/2017,ASE,CO,ANM,WE,Combined TRACON& Tower with Radar,27,26,35,1,89,0,0,8,0,8,27,26,43,1,97,9,0,9,106
06/11/2017,ASE,CO,ANM,WE,Combined TRACON& Tower with Radar,27,28,33,0,88,0,0,11,0,11,27,28,44,0,99,17,0,17,116
06/12/2017,ASE,CO,ANM,WE,Combined TRACON& Tower with Radar,25,4,24,0,53,0,0,5,0,5,25,4,29,0,58,11,2,13,71
06/13/2017,ASE,CO,ANM,WE,Combined TRACON& Tower with Radar,25,9,24,4,62,0,0,7,0,7,25,9,31,4,69,8,0,8,77
06/14/2017,ASE,CO,ANM,WE,Combined TRACON& Tower with Radar,26,20,35,0,81,0,0,13,0,13,26,20,48,0,94,12,2,14,108
06/15/2017,ASE,CO,ANM,WE,Combined TRACON& Tower with Radar,27,43,74,0,144,0,0,12,0,12,27,43,86,0,156,19,0,19,175
06/16/2017,ASE,CO,ANM,WE,Combined TRACON& Tower with Radar,25,42,45,0,112,0,1,4,0,5,25,43,49,0,117,6,3,9,126
06/17/2017,ASE,CO,ANM,WE,Combined TRACON& Tower with Radar,29,38,27,0,94,0,0,3,0,3,29,38,30,0,97,6,0,6,103
06/18/2017,ASE,CO,ANM,WE,Combined TRACON& Tower with Radar,31,52,61,0,144,0,0,6,0,6,31,52,67,0,150,7,0,7,157
06/19/2017,ASE,CO,ANM,WE,Combined TRACON& Tower with Radar,24,33,39,0,96,0,1,10,0,11,24,34,49,0,107,38,0,38,145
06/20/2017,ASE,CO,ANM,WE,Combined TRACON& Tower with Radar,24,33,45,0,102,0,0,6,0,6,24,33,51,0,108,16,0,16,124
06/21/2017,ASE,CO,ANM,WE,Combined TRACON& Tower with Radar,29,23,36,0,88,0,0,12,0,12,29,23,48,0,100,22,0,22,122
06/22/2017,ASE,CO,ANM,WE,Combined TRACON& Tower with Radar,24,44,64,0,132,0,0,5,0,5,24,44,69,0,137,0,0,0,137
06/23/2017,ASE,CO,ANM,WE,Combined TRACON& Tower with Radar,25,27,55,0,107,0,0,7,0,7,25,27,62,0,114,16,0,16,130
06/24/2017,ASE,CO,ANM,WE,Combined TRACON& Tower with Radar,26,28,42,0,96,0,0,9,0,9,26,28,51,0,105,13,0,13,118
06/25/2017,ASE,CO,ANM,WE,Combined TRACON& Tower with Radar,24,53,57,0,134,0,0,14,0,14,24,53,71,0,148,12,0,12,160
06/26/2017,ASE,CO,ANM,WE,Combined TRACON& Tower with Radar,26,39,65,0,130,0,0,8,0,8,26,39,73,0,138,12,1,13,151
06/27/2017,ASE,CO,ANM,WE,Combined TRACON& Tower with Radar,25,45,54,0,124,0,0,5,2,7,25,45,59,2,131,15,0,15,146
06/28/2017,ASE,CO,ANM,WE,Combined TRACON& Tower with Radar,25,41,67,0,133,0,1,10,0,11,25,42,77,0,144,20,0,20,164
06/29/2017,ASE,CO,ANM,WE,Combined TRACON& Tower with Radar,24,45,68,0,137,0,0,10,0,10,24,45,78,0,147,0,0,0,147
06/30/2017,ASE,CO,ANM,WE,Combined TRACON& Tower with Radar,24,76,88,0,188,0,0,18,0,18,24,76,106,0,206,34,0,34,240
07/01/2017,ASE,CO,ANM,WE,Combined TRACON& Tower with Radar,31,80,100,0,211,0,0,16,0,16,31,80,116,0,227,40,0,40,267
07/02/2017,ASE,CO,ANM,WE,Combined TRACON& Tower with Radar,26,54,71,0,151,0,0,5,0,5,26,54,76,0,156,14,0,14,170
07/03/2017,ASE,CO,ANM,WE,Combined TRACON& Tower with Radar,29,39,40,0,108,0,0,7,0,7,29,39,47,0,115,9,0,9,124
07/04/2017,ASE,CO,ANM,WE,Combined TRACON& Tower with Radar,25,41,32,0,98,0,0,8,0,8,25,41,40,0,106,12,0,12,118
07/05/2017,ASE,CO,ANM,WE,Combined TRACON& Tower with Radar,27,51,90,0,168,0,0,16,0,16,27,51,106,0,184,14,0,14,198
07/06/2017,ASE,CO,ANM,WE,Combined TRACON& Tower with Radar,28,69,78,0,175,0,0,10,0,10,28,69,88,0,185,26,0,26,211
07/07/2017,ASE,CO,ANM,WE,Combined TRACON& Tower with Radar,31,56,64,0,151,0,0,13,0,13,31,56,77,0,164,15,0,15,179
07/08/2017,ASE,CO,ANM,WE,Combined TRACON& Tower with Radar,31,44,53,0,128,0,0,10,0,10,31,44,63,0,138,39,2,41,179
07/09/2017,ASE,CO,ANM,WE,Combined TRACON& Tower with Radar,30,47,82,0,159,0,0,12,0,12,30,47,94,0,171,16,0,16,187
07/10/2017,ASE,CO,ANM,WE,Combined TRACON& Tower with Radar,25,29,47,0,101,0,0,10,0,10,25,29,57,0,111,16,0,16,127
07/11/2017,ASE,CO,ANM,WE,Combined TRACON& Tower with Radar,28,26,43,0,97,0,0,2,0,2,28,26,45,0,99,14,0,14,113
07/12/2017,ASE,CO,ANM,WE,Combined TRACON& Tower with Radar,29,39,53,2,123,0,0,5,0,5,29,39,58,2,128,22,0,22,150
07/13/2017,ASE,CO,ANM,WE,Combined TRACON& Tower with Radar,26,45,60,0,131,0,0,7,0,7,26,45,67,0,138,26,0,26,164
07/14/2017,ASE,CO,ANM,WE,Combined TRACON& Tower with Radar,25,45,62,0,132,0,0,5,6,11,25,45,67,6,143,22,0,22,165
07/15/2017,ASE,CO,ANM,WE,Combined TRACON& Tower with Radar,34,55,49,0,138,0,0,13,0,13,34,55,62,0,151,33,7,40,191
07/16/2017,ASE,CO,ANM,WE,Combined TRACON& Tower with Radar,28,50,64,0,142,0,0,9,0,9,28,50,73,0,151,24,0,24,175
07/17/2017,ASE,CO,ANM,WE,Combined TRACON& Tower with Radar,26,49,58,2,135,0,0,6,1,7,26,49,64,3,142,25,0,25,167
07/18/2017,ASE,CO,ANM,WE,Combined TRACON& Tower with Radar,28,39,43,1,111,0,1,5,2,8,28,40,48,3,119,20,2,22,141
07/19/2017,ASE,CO,ANM,WE,Combined TRACON& Tower with Radar,29,57,65,1,152,0,0,2,0,2,29,57,67,1,154,10,1,11,165
07/20/2017,ASE,CO,ANM,WE,Combined TRACON& Tower with Radar,26,60,66,2,154,0,0,5,0,5,26,60,71,2,159,10,0,10,169
07/21/2017,ASE,CO,ANM,WE,Combined TRACON& Tower with Radar,24,57,77,5,163,0,0,12,0,12,24,57,89,5,175,17,0,17,192
07/22/2017,ASE,CO,ANM,WE,Combined TRACON& Tower with Radar,31,64,41,2,138,0,0,9,2,11,31,64,50,4,149,20,0,20,169
07/23/2017,ASE,CO,ANM,WE,Combined TRACON& Tower with Radar,26,56,86,2,170,0,0,8,0,8,26,56,94,2,178,17,0,17,195
07/24/2017,ASE,CO,ANM,WE,Combined TRACON& Tower with Radar,25,38,66,2,131,0,0,7,0,7,25,38,73,2,138,16,0,16,154
07/25/2017,ASE,CO,ANM,WE,Combined TRACON& Tower with Radar,29,43,65,1,138,0,0,3,0,3,29,43,68,1,141,20,1,21,162
07/26/2017,ASE,CO,ANM,WE,Combined TRACON& Tower with Radar,30,55,75,0,160,0,0,7,0,7,30,55,82,0,167,27,0,27,194
07/27/2017,ASE,CO,ANM,WE,Combined TRACON& Tower with Radar,30,36,72,0,138,0,1,6,0,7,30,37,78,0,145,20,0,20,165
07/28/2017,ASE,CO,ANM,WE,Combined TRACON& Tower with Radar,27,49,60,0,136,0,0,5,0,5,27,49,65,0,141,25,2,27,168
07/29/2017,ASE,CO,ANM,WE,Combined TRACON& Tower with Radar,32,69,70,0,171,0,0,9,0,9,32,69,79,0,180,30,0,30,210
07/30/2017,ASE,CO,ANM,WE,Combined TRACON& Tower with Radar,31,60,86,0,177,0,1,5,1,7,31,61,91,1,184,36,0,36,220
07/31/2017,ASE,CO,ANM,WE,Combined TRACON& Tower with Radar,29,50,64,0,143,0,0,7,0,7,29,50,71,0,150,36,0,36,186
08/01/2017,ASE,CO,ANM,WE,Combined TRACON& Tower with Radar,28,53,40,0,121,0,0,5,0,5,28,53,45,0,126,20,0,20,146
08/02/2017,ASE,CO,ANM,WE,Combined TRACON& Tower with Radar,27,28,68,0,123,0,0,8,0,8,27,28,76,0,131,32,0,32,163
08/03/2017,ASE,CO,ANM,WE,Combined TRACON& Tower with Radar,27,57,62,0,146,0,0,2,0,2,27,57,64,0,148,20,0,20,168
08/04/2017,ASE,CO,ANM,WE,Combined TRACON& Tower with Radar,28,54,59,0,141,0,0,16,0,16,28,54,75,0,157,28,0,28,185
08/05/2017,ASE,CO,ANM,WE,Combined TRACON& Tower with Radar,32,56,50,1,139,0,0,4,0,4,32,56,54,1,143,29,0,29,172
08/06/2017,ASE,CO,ANM,WE,Combined TRACON& Tower with Radar,30,71,93,1,195,0,0,13,0,13,30,71,106,1,208,28,0,28,236
08/07/2017,ASE,CO,ANM,WE,Combined TRACON& Tower with Radar,25,45,40,0,110,0,0,1,0,1,25,45,41,0,111,7,0,7,118
08/08/2017,ASE,CO,ANM,WE,Combined TRACON& Tower with Radar,28,25,48,0,101,0,1,9,0,10,28,26,57,0,111,8,4,12,123
08/09/2017,ASE,CO,ANM,WE,Combined TRACON& Tower with Radar,29,41,58,0,128,0,1,7,0,8,29,42,65,0,136,20,0,20,156
08/10/2017,ASE,CO,ANM,WE,Combined TRACON& Tower with Radar,23,52,66,0,141,0,1,17,0,18,23,53,83,0,159,16,0,16,175
08/11/2017,ASE,CO,ANM,WE,Combined TRACON& Tower with Radar,28,57,57,0,142,0,0,7,0,7,28,57,64,0,149,9,0,9,158
08/12/2017,ASE,CO,ANM,WE,Combined TRACON& Tower with Radar,35,56,54,0,145,0,0,8,0,8,35,56,62,0,153,25,0,25,178
08/13/2017,ASE,CO,ANM,WE,Combined TRACON& Tower with Radar,30,51,85,0,166,0,0,4,0,4,30,51,89,0,170,8,0,8,178
08/14/2017,ASE,CO,ANM,WE,Combined TRACON& Tower with Radar,28,45,61,0,134,0,0,6,0,6,28,45,67,0,140,20,0,20,160
08/15/2017,ASE,CO,ANM,WE,Combined TRACON& Tower with Radar,23,39,53,1,116,0,0,4,0,4,23,39,57,1,120,27,0,27,147
08/16/2017,ASE,CO,ANM,WE,Combined TRACON& Tower with Radar,26,36,46,0,108,0,0,9,0,9,26,36,55,0,117,40,0,40,157
08/17/2017,ASE,CO,ANM,WE,Combined TRACON& Tower with Radar,24,43,56,0,123,0,0,9,0,9,24,43,65,0,132,12,0,12,144
08/18/2017,ASE,CO,ANM,WE,Combined TRACON& Tower with Radar,23,53,61,0,137,0,0,8,0,8,23,53,69,0,145,14,0,14,159
08/19/2017,ASE,CO,ANM,WE,Combined TRACON& Tower with Radar,28,50,41,0,119,0,0,13,0,13,28,50,54,0,132,12,0,12,144
08/20/2017,ASE,CO,ANM,WE,Combined TRACON& Tower with Radar,29,56,70,0,155,0,0,12,0,12,29,56,82,0,167,20,0,20,187
08/21/2017,ASE,CO,ANM,WE,Combined TRACON& Tower with Radar,23,48,82,0,153,0,0,19,0,19,23,48,101,0,172,21,0,21,193
08/22/2017,ASE,CO,ANM,WE,Combined TRACON& Tower with Radar,23,43,35,0,101,0,0,9,0,9,23,43,44,0,110,19,2,21,131
08/23/2017,ASE,CO,ANM,WE,Combined TRACON& Tower with Radar,26,32,37,0,95,0,0,12,0,12,26,32,49,0,107,17,0,17,124
08/24/2017,ASE,CO,ANM,WE,Combined TRACON& Tower with Radar,25,52,49,0,126,0,0,6,0,6,25,52,55,0,132,19,0,19,151
08/25/2017,ASE,CO,ANM,WE,Combined TRACON& Tower with Radar,24,43,56,0,123,0,0,14,1,15,24,43,70,1,138,26,0,26,164
08/26/2017,ASE,CO,ANM,WE,Combined TRACON& Tower with Radar,29,42,30,0,101,0,0,8,0,8,29,42,38,0,109,24,0,24,133
08/27/2017,ASE,CO,ANM,WE,Combined TRACON& Tower with Radar,28,36,52,0,116,0,0,4,0,4,28,36,56,0,120,31,0,31,151
08/28/2017,ASE,CO,ANM,WE,Combined TRACON& Tower with Radar,23,36,44,4,107,0,0,2,0,2,23,36,46,4,109,27,0,27,136
08/29/2017,ASE,CO,ANM,WE,Combined TRACON& Tower with Radar,23,35,38,0,96,0,0,10,0,10,23,35,48,0,106,34,1,35,141
08/30/2017,ASE,CO,ANM,WE,Combined TRACON& Tower with Radar,26,43,40,0,109,0,0,10,0,10,26,43,50,0,119,13,0,13,132
08/31/2017,ASE,CO,ANM,WE,Combined TRACON& Tower with Radar,22,59,55,0,136,0,0,9,0,9,22,59,64,0,145,19,0,19,164
09/01/2017,ASE,CO,ANM,WE,Combined TRACON& Tower with Radar,24,85,92,0,201,0,0,9,0,9,24,85,101,0,210,11,0,11,221
09/02/2017,ASE,CO,ANM,WE,Combined TRACON& Tower with Radar,26,38,35,0,99,0,0,10,0,10,26,38,45,0,109,17,0,17,126
09/03/2017,ASE,CO,ANM,WE,Combined TRACON& Tower with Radar,27,47,34,0,108,0,0,9,0,9,27,47,43,0,117,13,0,13,130
09/04/2017,ASE,CO,ANM,WE,Combined TRACON& Tower with Radar,25,116,115,0,256,0,1,6,0,7,25,117,121,0,263,16,0,16,279
09/05/2017,ASE,CO,ANM,WE,Combined TRACON& Tower with Radar,23,42,52,0,117,0,0,9,0,9,23,42,61,0,126,15,0,15,141
09/06/2017,ASE,CO,ANM,WE,Combined TRACON& Tower with Radar,16,46,47,0,109,0,0,8,0,8,16,46,55,0,117,0,0,0,117
09/07/2017,ASE,CO,ANM,WE,Combined TRACON& Tower with Radar,18,44,36,3,101,0,0,7,0,7,18,44,43,3,108,29,0,29,137
09/08/2017,ASE,CO,ANM,WE,Combined TRACON& Tower with Radar,19,40,64,0,123,0,0,5,0,5,19,40,69,0,128,10,0,10,138
09/09/2017,ASE,CO,ANM,WE,Combined TRACON& Tower with Radar,20,18,14,0,52,0,0,3,0,3,20,18,17,0,55,12,0,12,67
09/10/2017,ASE,CO,ANM,WE,Combined TRACON& Tower with Radar,20,27,45,0,92,0,0,4,0,4,20,27,49,0,96,22,0,22,118
09/11/2017,ASE,CO,ANM,WE,Combined TRACON& Tower with Radar,19,16,24,0,59,0,0,5,0,5,19,16,29,0,64,23,0,23,87
09/12/2017,ASE,CO,ANM,WE,Combined TRACON& Tower with Radar,20,24,33,4,81,0,0,4,0,4,20,24,37,4,85,12,0,12,97
09/13/2017,ASE,CO,ANM,WE,Combined TRACON& Tower with Radar,19,27,40,0,86,0,0,5,0,5,19,27,45,0,91,23,1,24,115
09/14/2017,ASE,CO,ANM,WE,Combined TRACON& Tower with Radar,19,69,83,0,171,0,0,2,0,2,19,69,85,0,173,10,0,10,183
09/15/2017,ASE,CO,ANM,WE,Combined TRACON& Tower with Radar,20,47,65,3,135,0,0,8,0,8,20,47,73,3,143,13,0,13,156
09/16/2017,ASE,CO,ANM,WE,Combined TRACON& Tower with Radar,20,50,68,1,139,0,0,7,0,7,20,50,75,1,146,9,0,9,155
09/17/2017,ASE,CO,ANM,WE,Combined TRACON& Tower with Radar,20,46,76,0,142,0,0,12,0,12,20,46,88,0,154,12,0,12,166
09/18/2017,ASE,CO,ANM,WE,Combined TRACON& Tower with Radar,20,34,40,0,94,0,0,11,0,11,20,34,51,0,105,6,0,6,111
09/19/2017,ASE,CO,ANM,WE,Combined TRACON& Tower with Radar,20,13,17,0,50,0,0,5,0,5,20,13,22,0,55,8,0,8,63
09/20/2017,ASE,CO,ANM,WE,Combined TRACON& Tower with Radar,19,29,22,0,70,0,0,7,0,7,19,29,29,0,77,11,0,11,88
09/21/2017,ASE,CO,ANM,WE,Combined TRACON& Tower with Radar,19,25,26,0,70,0,0,7,0,7,19,25,33,0,77,6,0,6,83
09/22/2017,ASE,CO,ANM,WE,Combined TRACON& Tower with Radar,20,32,37,0,89,0,0,5,0,5,20,32,42,0,94,18,4,22,116
09/23/2017,ASE,CO,ANM,WE,Combined TRACON& Tower with Radar,22,18,17,0,57,0,0,0,0,0,22,18,17,0,57,0,0,0,57
09/24/2017,ASE,CO,ANM,WE,Combined TRACON& Tower with Radar,20,39,47,0,106,0,0,7,0,7,20,39,54,0,113,24,0,24,137
09/25/2017,ASE,CO,ANM,WE,Combined TRACON& Tower with Radar,19,25,38,0,82,0,0,3,0,3,19,25,41,0,85,37,2,39,124
09/26/2017,ASE,CO,ANM,WE,Combined TRACON& Tower with Radar,17,23,26,0,66,0,0,5,0,5,17,23,31,0,71,48,2,50,121
09/27/2017,ASE,CO,ANM,WE,Combined TRACON& Tower with Radar,19,33,37,0,89,0,0,2,0,2,19,33,39,0,91,15,0,15,106
09/28/2017,ASE,CO,ANM,WE,Combined TRACON& Tower with Radar,19,24,41,0,84,0,0,2,0,2,19,24,43,0,86,6,0,6,92
09/29/2017,ASE,CO,ANM,WE,Combined TRACON& Tower with Radar,20,35,45,0,100,0,0,0,0,0,20,35,45,0,100,10,1,11,111
09/30/2017,ASE,CO,ANM,WE,Combined TRACON& Tower with Radar,22,33,19,0,74,0,0,6,0,6,22,33,25,0,80,11,0,11,91
10/01/2017,ASE,CO,ANM,WE,Combined TRACON& Tower with Radar,20,30,41,0,91,0,0,2,0,2,20,30,43,0,93,5,0,5,98
10/02/2017,ASE,CO,ANM,WE,Combined TRACON& Tower with Radar,16,6,11,0,33,0,0,0,0,0,16,6,11,0,33,0,0,0,33
10/03/2017,ASE,CO,ANM,WE,Combined TRACON& Tower with Radar,20,35,46,0,101,0,0,5,0,5,20,35,51,0,106,35,2,37,143
10/04/2017,ASE,CO,ANM,WE,Combined TRACON& Tower with Radar,20,24,26,0,70,0,2,4,0,6,20,26,30,0,76,22,0,22,98
10/05/2017,ASE,CO,ANM,WE,Combined TRACON& Tower with Radar,14,26,43,0,83,0,0,10,0,10,14,26,53,0,93,12,0,12,105
10/06/2017,ASE,CO,ANM,WE,Combined TRACON& Tower with Radar,13,16,35,0,64,0,0,8,0,8,13,16,43,0,72,10,0,10,82
10/07/2017,ASE,CO,ANM,WE,Combined TRACON& Tower with Radar,12,27,28,0,67,0,0,6,0,6,12,27,34,0,73,19,0,19,92
10/08/2017,ASE,CO,ANM,WE,Combined TRACON& Tower with Radar,11,21,39,0,71,0,0,6,0,6,11,21,45,0,77,20,0,20,97
10/09/2017,ASE,CO,ANM,WE,Combined TRACON& Tower with Radar,5,7,15,0,27,0,0,0,0,0,5,7,15,0,27,1,0,1,28
10/10/2017,ASE,CO,ANM,WE,Combined TRACON& Tower with Radar,8,14,16,0,38,0,0,1,0,1,8,14,17,0,39,18,0,18,57
10/11/2017,ASE,CO,ANM,WE,Combined TRACON& Tower with Radar,13,20,27,0,60,0,0,7,3,10,13,20,34,3,70,12,0,12,82
10/12/2017,ASE,CO,ANM,WE,Combined TRACON& Tower with Radar,13,12,24,0,49,0,0,0,0,0,13,12,24,0,49,21,0,21,70
10/13/2017,ASE,CO,ANM,WE,Combined TRACON& Tower with Radar,13,16,26,0,55,0,0,6,0,6,13,16,32,0,61,8,0,8,69
10/14/2017,ASE,CO,ANM,WE,Combined TRACON& Tower with Radar,12,5,9,0,26,0,0,2,0,2,12,5,11,0,28,26,0,26,54
10/15/2017,ASE,CO,ANM,WE,Combined TRACON& Tower with Radar,13,19,34,0,66,0,0,7,1,8,13,19,41,1,74,18,1,19,93
10/16/2017,ASE,CO,ANM,WE,Combined TRACON& Tower with Radar,13,23,26,0,62,0,0,2,2,4,13,23,28,2,66,16,0,16,82
10/17/2017,ASE,CO,ANM,WE,Combined TRACON& Tower with Radar,13,16,13,0,42,0,0,3,0,3,13,16,16,0,45,35,4,39,84
10/18/2017,ASE,CO,ANM,WE,Combined TRACON& Tower with Radar,13,21,19,0,53,0,2,12,0,14,13,23,31,0,67,22,1,23,90
10/19/2017,ASE,CO,ANM,WE,Combined TRACON& Tower with Radar,13,23,11,0,47,0,0,10,1,11,13,23,21,1,58,25,4,29,87
10/20/2017,ASE,CO,ANM,WE,Combined TRACON& Tower with Radar,13,8,18,0,39,0,0,5,0,5,13,8,23,0,44,7,1,8,52
10/21/2017,ASE,CO,ANM,WE,Combined TRACON& Tower with Radar,12,13,9,0,34,0,0,4,2,6,12,13,13,2,40,12,0,12,52
10/22/2017,ASE,CO,ANM,WE,Combined TRACON& Tower with Radar,13,12,18,0,43,0,0,4,0,4,13,12,22,0,47,29,0,29,76
10/23/2017,ASE,CO,ANM,WE,Combined TRACON& Tower with Radar,13,6,13,0,32,0,0,5,0,5,13,6,18,0,37,8,0,8,45
10/24/2017,ASE,CO,ANM,WE,Combined TRACON& Tower with Radar,13,18,17,0,48,0,0,2,0,2,13,18,19,0,50,5,0,5,55
10/25/2017,ASE,CO,ANM,WE,Combined TRACON& Tower with Radar,13,20,25,0,58,0,0,5,0,5,13,20,30,0,63,21,0,21,84
10/26/2017,ASE,CO,ANM,WE,Combined TRACON& Tower with Radar,13,9,29,0,51,0,0,6,0,6,13,9,35,0,57,13,0,13,70
10/27/2017,ASE,CO,ANM,WE,Combined TRACON& Tower with Radar,13,24,15,2,54,0,0,6,0,6,13,24,21,2,60,5,0,5,65
10/28/2017,ASE,CO,ANM,WE,Combined TRACON& Tower with Radar,12,28,12,0,52,0,0,5,0,5,12,28,17,0,57,10,0,10,67
10/29/2017,ASE,CO,ANM,WE,Combined TRACON& Tower with Radar,11,28,15,0,54,0,0,8,0,8,11,28,23,0,62,21,0,21,83
10/30/2017,ASE,CO,ANM,WE,Combined TRACON& Tower with Radar,11,25,13,0,49,0,0,7,0,7,11,25,20,0,56,6,0,6,62
10/31/2017,ASE,CO,ANM,WE,Combined TRACON& Tower with Radar,11,4,12,0,27,0,0,2,0,2,11,4,14,0,29,3,0,3,32
11/01/2017,ASE,CO,ANM,WE,Combined TRACON& Tower with Radar,11,6,14,0,31,0,0,6,0,6,11,6,20,0,37,8,0,8,45
11/02/2017,ASE,CO,ANM,WE,Combined TRACON& Tower with Radar,10,7,20,0,37,0,0,4,0,4,10,7,24,0,41,22,0,22,63
11/03/2017,ASE,CO,ANM,WE,Combined TRACON& Tower with Radar,11,13,14,0,38,0,0,3,0,3,11,13,17,0,41,11,0,11,52
11/04/2017,ASE,CO,ANM,WE,Combined TRACON& Tower with Radar,11,4,13,0,28,0,0,0,0,0,11,4,13,0,28,0,0,0,28
11/05/2017,ASE,CO,ANM,WE,Combined TRACON& Tower with Radar,9,11,21,0,41,0,0,0,0,0,9,11,21,0,41,1,0,1,42
11/06/2017,ASE,CO,ANM,WE,Combined TRACON& Tower with Radar,11,6,10,0,27,0,0,0,0,0,11,6,10,0,27,3,0,3,30
11/07/2017,ASE,CO,ANM,WE,Combined TRACON& Tower with Radar,10,1,15,0,26,0,0,0,0,0,10,1,15,0,26,4,0,4,30
11/08/2017,ASE,CO,ANM,WE,Combined TRACON& Tower with Radar,11,11,16,0,38,0,0,2,0,2,11,11,18,0,40,25,4,29,69
11/09/2017,ASE,CO,ANM,WE,Combined TRACON& Tower with Radar,11,8,17,2,38,0,0,4,0,4,11,8,21,2,42,5,14,19,61
11/10/2017,ASE,CO,ANM,WE,Combined TRACON& Tower with Radar,11,7,10,0,28,0,0,4,0,4,11,7,14,0,32,7,0,7,39
11/11/2017,ASE,CO,ANM,WE,Combined TRACON& Tower with Radar,11,5,3,0,19,0,0,7,0,7,11,5,10,0,26,16,0,16,42
11/12/2017,ASE,CO,ANM,WE,Combined TRACON& Tower with Radar,11,12,17,0,40,0,0,6,0,6,11,12,23,0,46,16,0,16,62
11/13/2017,ASE,CO,ANM,WE,Combined TRACON& Tower with Radar,11,2,11,0,24,0,0,4,0,4,11,2,15,0,28,7,0,7,35
11/14/2017,ASE,CO,ANM,WE,Combined TRACON& Tower with Radar,11,8,14,0,33,0,0,8,2,10,11,8,22,2,43,5,1,6,49
11/15/2017,ASE,CO,ANM,WE,Combined TRACON& Tower with Radar,11,4,14,3,32,0,0,7,1,8,11,4,21,4,40,23,0,23,63
11/16/2017,ASE,CO,ANM,WE,Combined TRACON& Tower with Radar,11,9,17,0,37,0,0,3,0,3,11,9,20,0,40,6,0,6,46
11/17/2017,ASE,CO,ANM,WE,Combined TRACON& Tower with Radar,10,3,10,0,23,0,0,0,0,0,10,3,10,0,23,0,0,0,23
11/18/2017,ASE,CO,ANM,WE,Combined TRACON& Tower with Radar,11,31,22,0,64,0,0,2,0,2,11,31,24,0,66,0,0,0,66
11/19/2017,ASE,CO,ANM,WE,Combined TRACON& Tower with Radar,11,22,18,0,51,0,0,1,0,1,11,22,19,0,52,23,0,23,75
11/20/2017,ASE,CO,ANM,WE,Combined TRACON& Tower with Radar,11,14,19,0,44,0,0,2,0,2,11,14,21,0,46,9,0,9,55
11/21/2017,ASE,CO,ANM,WE,Combined TRACON& Tower with Radar,11,29,42,0,82,0,0,2,0,2,11,29,44,0,84,6,0,6,90
11/22/2017,ASE,CO,ANM,WE,Combined TRACON& Tower with Radar,14,18,43,0,75,0,0,5,0,5,14,18,48,0,80,11,0,11,91
11/23/2017,ASE,CO,ANM,WE,Combined TRACON& Tower with Radar,8,7,5,0,20,0,0,5,0,5,8,7,10,0,25,10,0,10,35
11/24/2017,ASE,CO,ANM,WE,Combined TRACON& Tower with Radar,11,20,14,0,45,0,0,2,0,2,11,20,16,0,47,6,0,6,53
11/25/2017,ASE,CO,ANM,WE,Combined TRACON& Tower with Radar,11,26,21,0,58,0,0,4,0,4,11,26,25,0,62,29,0,29,91
11/26/2017,ASE,CO,ANM,WE,Combined TRACON& Tower with Radar,15,43,82,0,140,0,0,9,0,9,15,43,91,0,149,16,0,16,165
11/27/2017,ASE,CO,ANM,WE,Combined TRACON& Tower with Radar,13,9,14,0,36,0,0,2,0,2,13,9,16,0,38,4,0,4,42
11/28/2017,ASE,CO,ANM,WE,Combined TRACON& Tower with Radar,15,10,17,0,42,0,0,4,0,4,15,10,21,0,46,18,0,18,64
11/29/2017,ASE,CO,ANM,WE,Combined TRACON& Tower with Radar,15,8,17,0,40,0,0,5,0,5,15,8,22,0,45,29,0,29,74
11/30/2017,ASE,CO,ANM,WE,Combined TRACON& Tower with Radar,15,21,14,0,50,0,0,6,0,6,15,21,20,0,56,25,0,25,81
12/01/2017,ASE,CO,ANM,WE,Combined TRACON& Tower with Radar,15,16,19,0,50,0,0,4,0,4,15,16,23,0,54,9,0,9,63
12/02/2017,ASE,CO,ANM,WE,Combined TRACON& Tower with Radar,15,15,11,0,41,0,0,3,0,3,15,15,14,0,44,35,4,39,83
12/03/2017,ASE,CO,ANM,WE,Combined TRACON& Tower with Radar,17,6,17,0,40,0,0,2,0,2,17,6,19,0,42,0,0,0,42
12/04/2017,ASE,CO,ANM,WE,Combined TRACON& Tower with Radar,15,13,18,0,46,0,0,1,0,1,15,13,19,0,47,31,0,31,78
12/05/2017,ASE,CO,ANM,WE,Combined TRACON& Tower with Radar,15,11,13,1,40,0,0,3,1,4,15,11,16,2,44,15,0,15,59
12/06/2017,ASE,CO,ANM,WE,Combined TRACON& Tower with Radar,15,4,17,0,36,0,0,3,0,3,15,4,20,0,39,46,0,46,85
12/07/2017,ASE,CO,ANM,WE,Combined TRACON& Tower with Radar,15,23,13,0,51,0,0,2,0,2,15,23,15,0,53,2,0,2,55
12/08/2017,ASE,CO,ANM,WE,Combined TRACON& Tower with Radar,15,19,19,0,53,0,0,6,0,6,15,19,25,0,59,6,0,6,65
12/09/2017,ASE,CO,ANM,WE,Combined TRACON& Tower with Radar,15,19,8,0,42,0,0,7,0,7,15,19,15,0,49,27,0,27,76
12/10/2017,ASE,CO,ANM,WE,Combined TRACON& Tower with Radar,15,17,26,0,58,0,0,7,0,7,15,17,33,0,65,35,0,35,100
12/11/2017,ASE,CO,ANM,WE,Combined TRACON& Tower with Radar,15,9,22,0,46,0,0,6,0,6,15,9,28,0,52,21,2,23,75
12/12/2017,ASE,CO,ANM,WE,Combined TRACON& Tower with Radar,15,16,22,0,53,0,0,6,1,7,15,16,28,1,60,18,3,21,81
12/13/2017,ASE,CO,ANM,WE,Combined TRACON& Tower with Radar,15,15,25,0,55,0,0,8,2,10,15,15,33,2,65,13,0,13,78
12/14/2017,ASE,CO,ANM,WE,Combined TRACON& Tower with Radar,15,14,15,0,44,0,0,0,0,0,15,14,15,0,44,7,0,7,51
12/15/2017,ASE,CO,ANM,WE,Combined TRACON& Tower with Radar,29,46,48,0,123,0,0,9,0,9,29,46,57,0,132,13,0,13,145
12/16/2017,ASE,CO,ANM,WE,Combined TRACON& Tower with Radar,27,51,38,0,116,0,0,4,0,4,27,51,42,0,120,16,0,16,136
12/17/2017,ASE,CO,ANM,WE,Combined TRACON& Tower with Radar,27,55,37,0,119,0,0,4,0,4,27,55,41,0,123,13,0,13,136
12/18/2017,ASE,CO,ANM,WE,Combined TRACON& Tower with Radar,29,42,51,0,122,0,0,9,0,9,29,42,60,0,131,13,0,13,144
12/19/2017,ASE,CO,ANM,WE,Combined TRACON& Tower with Radar,30,32,49,2,113,0,0,10,0,10,30,32,59,2,123,22,0,22,145
12/20/2017,ASE,CO,ANM,WE,Combined TRACON& Tower with Radar,60,69,72,0,201,0,0,7,0,7,60,69,79,0,208,14,0,14,222
12/21/2017,ASE,CO,ANM,WE,Combined TRACON& Tower with Radar,46,24,28,0,98,0,0,0,0,0,46,24,28,0,98,0,0,0,98
12/22/2017,ASE,CO,ANM,WE,Combined TRACON& Tower with Radar,62,71,110,0,243,0,0,5,0,5,62,71,115,0,248,12,0,12,260
12/23/2017,ASE,CO,ANM,WE,Combined TRACON& Tower with Radar,57,42,36,0,135,0,0,0,0,0,57,42,36,0,135,0,0,0,135
12/24/2017,ASE,CO,ANM,WE,Combined TRACON& Tower with Radar,63,47,19,0,129,0,0,3,0,3,63,47,22,0,132,11,0,11,143
12/25/2017,ASE,CO,ANM,WE,Combined TRACON& Tower with Radar,64,26,14,0,104,0,0,0,0,0,64,26,14,0,104,0,0,0,104
12/26/2017,ASE,CO,ANM,WE,Combined TRACON& Tower with Radar,67,76,152,0,295,0,0,7,0,7,67,76,159,0,302,8,0,8,310
12/27/2017,ASE,CO,ANM,WE,Combined TRACON& Tower with Radar,61,85,94,0,240,0,0,16,0,16,61,85,110,0,256,12,0,12,268
12/28/2017,ASE,CO,ANM,WE,Combined TRACON& Tower with Radar,70,77,73,0,220,0,0,14,0,14,70,77,87,0,234,13,0,13,247
12/29/2017,ASE,CO,ANM,WE,Combined TRACON& Tower with Radar,67,58,60,0,185,0,0,15,0,15,67,58,75,0,200,24,0,24,224
12/30/2017,ASE,CO,ANM,WE,Combined TRACON& Tower with Radar,71,80,73,0,224,0,0,5,0,5,71,80,78,0,229,9,0,9,238
12/31/2017,ASE,CO,ANM,WE,Combined TRACON& Tower with Radar,68,62,53,0,183,0,0,11,0,11,68,62,64,0,194,0,0,0,194
01/01/2018,ASE,CO,ANM,WE,Combined TRACON& Tower with Radar,66,86,120,0,272,0,0,3,1,4,66,86,123,1,276,7,0,7,283
01/02/2018,ASE,CO,ANM,WE,Combined TRACON& Tower with Radar,72,90,135,0,297,0,0,3,0,3,72,90,138,0,300,7,0,7,307
01/03/2018,ASE,CO,ANM,WE,Combined TRACON& Tower with Radar,72,94,93,0,259,0,0,8,0,8,72,94,101,0,267,51,0,51,318
01/04/2018,ASE,CO,ANM,WE,Combined TRACON& Tower with Radar,67,46,46,0,159,0,0,10,0,10,67,46,56,0,169,12,0,12,181
01/05/2018,ASE,CO,ANM,WE,Combined TRACON& Tower with Radar,67,63,64,0,194,0,0,4,0,4,67,63,68,0,198,27,0,27,225
01/06/2018,ASE,CO,ANM,WE,Combined TRACON& Tower with Radar,55,43,78,0,176,0,0,2,0,2,55,43,80,0,178,3,0,3,181
01/07/2018,ASE,CO,ANM,WE,Combined TRACON& Tower with Radar,69,61,70,0,200,0,0,6,0,6,69,61,76,0,206,8,0,8,214
01/08/2018,ASE,CO,ANM,WE,Combined TRACON& Tower with Radar,51,35,38,0,124,0,0,1,0,1,51,35,39,0,125,18,0,18,143
01/09/2018,ASE,CO,ANM,WE,Combined TRACON& Tower with Radar,51,15,30,0,96,0,0,0,0,0,51,15,30,0,96,21,0,21,117
01/10/2018,ASE,CO,ANM,WE,Combined TRACON& Tower with Radar,34,13,18,0,65,0,0,0,0,0,34,13,18,0,65,0,0,0,65
01/11/2018,ASE,CO,ANM,WE,Combined TRACON& Tower with Radar,54,36,52,0,142,0,1,4,0,5,54,37,56,0,147,5,0,5,152
01/12/2018,ASE,CO,ANM,WE,Combined TRACON& Tower with Radar,47,12,42,0,101,0,0,0,0,0,47,12,42,0,101,0,0,0,101
01/13/2018,ASE,CO,ANM,WE,Combined TRACON& Tower with Radar,64,23,36,0,123,0,0,8,0,8,64,23,44,0,131,13,0,13,144
01/14/2018,ASE,CO,ANM,WE,Combined TRACON& Tower with Radar,57,35,31,0,123,0,0,8,0,8,57,35,39,0,131,35,0,35,166
01/15/2018,ASE,CO,ANM,WE,Combined TRACON& Tower with Radar,54,33,72,0,159,0,0,6,0,6,54,33,78,0,165,15,0,15,180
01/16/2018,ASE,CO,ANM,WE,Combined TRACON& Tower with Radar,45,21,42,1,109,0,0,9,0,9,45,21,51,1,118,15,0,15,133
01/17/2018,ASE,CO,ANM,WE,Combined TRACON& Tower with Radar,52,12,22,0,86,0,0,7,0,7,52,12,29,0,93,8,0,8,101
01/18/2018,ASE,CO,ANM,WE,Combined TRACON& Tower with Radar,55,19,35,0,109,0,0,9,0,9,55,19,44,0,118,17,0,17,135
01/19/2018,ASE,CO,ANM,WE,Combined TRACON& Tower with Radar,55,27,36,0,118,0,0,5,0,5,55,27,41,0,123,8,0,8,131
01/20/2018,ASE,CO,ANM,WE,Combined TRACON& Tower with Radar,61,18,23,0,102,0,0,1,0,1,61,18,24,0,103,1,0,1,104
01/21/2018,ASE,CO,ANM,WE,Combined TRACON& Tower with Radar,8,3,10,0,21,0,0,0,0,0,8,3,10,0,21,0,0,0,21
01/22/2018,ASE,CO,ANM,WE,Combined TRACON& Tower with Radar,50,27,54,0,131,0,0,8,1,9,50,27,62,1,140,10,0,10,150
01/23/2018,ASE,CO,ANM,WE,Combined TRACON& Tower with Radar,53,9,31,2,95,0,0,6,0,6,53,9,37,2,101,5,0,5,106
01/24/2018,ASE,CO,ANM,WE,Combined TRACON& Tower with Radar,51,25,62,0,138,0,0,9,0,9,51,25,71,0,147,30,0,30,177
01/25/2018,ASE,CO,ANM,WE,Combined TRACON& Tower with Radar,55,22,43,0,120,0,0,8,0,8,55,22,51,0,128,20,0,20,148
01/26/2018,ASE,CO,ANM,WE,Combined TRACON& Tower with Radar,55,15,32,0,102,0,0,3,0,3,55,15,35,0,105,2,0,2,107
01/27/2018,ASE,CO,ANM,WE,Combined TRACON& Tower with Radar,61,27,39,0,127,0,0,4,2,6,61,27,43,2,133,32,0,32,165
01/28/2018,ASE,CO,ANM,WE,Combined TRACON& Tower with Radar,58,44,70,0,172,0,0,4,2,6,58,44,74,2,178,9,8,17,195
01/29/2018,ASE,CO,ANM,WE,Combined TRACON& Tower with Radar,55,15,32,0,102,0,0,2,0,2,55,15,34,0,104,5,0,5,109
01/30/2018,ASE,CO,ANM,WE,Combined TRACON& Tower with Radar,52,18,23,0,93,0,0,6,0,6,52,18,29,0,99,17,0,17,116
01/31/2018,ASE,CO,ANM,WE,Combined TRACON& Tower with Radar,53,20,31,0,104,0,0,3,0,3,53,20,34,0,107,5,0,5,112
02/01/2018,ASE,CO,ANM,WE,Combined TRACON& Tower with Radar,53,34,47,0,134,0,0,4,0,4,53,34,51,0,138,7,0,7,145
02/02/2018,ASE,CO,ANM,WE,Combined TRACON& Tower with Radar,56,34,44,0,134,0,1,2,0,3,56,35,46,0,137,17,0,17,154
02/03/2018,ASE,CO,ANM,WE,Combined TRACON& Tower with Radar,60,28,27,0,115,0,0,3,0,3,60,28,30,0,118,5,0,5,123
02/04/2018,ASE,CO,ANM,WE,Combined TRACON& Tower with Radar,58,23,28,2,111,0,0,2,2,4,58,23,30,4,115,13,0,13,128
02/05/2018,ASE,CO,ANM,WE,Combined TRACON& Tower with Radar,58,31,35,0,124,0,0,1,0,1,58,31,36,0,125,5,0,5,130
02/06/2018,ASE,CO,ANM,WE,Combined TRACON& Tower with Radar,50,14,12,0,76,0,0,0,0,0,50,14,12,0,76,0,0,0,76
02/07/2018,ASE,CO,ANM,WE,Combined TRACON& Tower with Radar,54,18,32,4,108,0,0,4,0,4,54,18,36,4,112,6,0,6,118
02/08/2018,ASE,CO,ANM,WE,Combined TRACON& Tower with Radar,54,28,45,0,127,0,0,3,0,3,54,28,48,0,130,20,0,20,150
02/09/2018,ASE,CO,ANM,WE,Combined TRACON& Tower with Radar,45,42,48,0,135,0,0,5,0,5,45,42,53,0,140,19,0,19,159
02/10/2018,ASE,CO,ANM,WE,Combined TRACON& Tower with Radar,10,6,4,0,20,0,0,0,0,0,10,6,4,0,20,0,0,0,20
02/11/2018,ASE,CO,ANM,WE,Combined TRACON& Tower with Radar,52,51,79,0,182,0,0,11,0,11,52,51,90,0,193,33,0,33,226
02/12/2018,ASE,CO,ANM,WE,Combined TRACON& Tower with Radar,46,12,10,0,68,0,0,0,0,0,46,12,10,0,68,0,0,0,68
02/13/2018,ASE,CO,ANM,WE,Combined TRACON& Tower with Radar,59,36,25,0,120,0,0,1,0,1,59,36,26,0,121,3,0,3,124
02/14/2018,ASE,CO,ANM,WE,Combined TRACON& Tower with Radar,52,46,56,0,154,0,0,2,0,2,52,46,58,0,156,10,0,10,166
02/15/2018,ASE,CO,ANM,WE,Combined TRACON& Tower with Radar,13,6,5,0,24,0,0,0,0,0,13,6,5,0,24,0,0,0,24
02/16/2018,ASE,CO,ANM,WE,Combined TRACON& Tower with Radar,62,74,125,0,261,0,0,6,0,6,62,74,131,0,267,33,0,33,300
02/17/2018,ASE,CO,ANM,WE,Combined TRACON& Tower with Radar,69,50,61,0,180,0,0,8,0,8,69,50,69,0,188,20,0,20,208
02/18/2018,ASE,CO,ANM,WE,Combined TRACON& Tower with Radar,67,26,88,0,181,0,0,2,0,2,67,26,90,0,183,4,0,4,187
02/19/2018,ASE,CO,ANM,WE,Combined TRACON& Tower with Radar,29,11,38,0,78,0,0,0,0,0,29,11,38,0,78,0,0,0,78
02/20/2018,ASE,CO,ANM,WE,Combined TRACON& Tower with Radar,39,33,59,0,131,0,0,0,0,0,39,33,59,0,131,0,4,4,135
02/21/2018,ASE,CO,ANM,WE,Combined TRACON& Tower with Radar,59,52,74,0,185,0,0,1,0,1,59,52,75,0,186,3,0,3,189
02/22/2018,ASE,CO,ANM,WE,Combined TRACON& Tower with Radar,62,23,28,0,113,0,0,0,0,0,62,23,28,0,113,2,0,2,115
02/23/2018,ASE,CO,ANM,WE,Combined TRACON& Tower with Radar,56,34,48,0,138,0,0,0,0,0,56,34,48,0,138,8,0,8,146
02/24/2018,ASE,CO,ANM,WE,Combined TRACON& Tower with Radar,64,26,48,0,138,0,0,0,0,0,64,26,48,0,138,26,0,26,164
02/25/2018,ASE,CO,ANM,WE,Combined TRACON& Tower with Radar,66,39,63,0,168,0,0,4,0,4,66,39,67,0,172,9,0,9,181
02/26/2018,ASE,CO,ANM,WE,Combined TRACON& Tower with Radar,64,33,40,0,137,0,0,5,0,5,64,33,45,0,142,15,0,15,157
02/27/2018,ASE,CO,ANM,WE,Combined TRACON& Tower with Radar,62,24,31,4,121,0,0,8,0,8,62,24,39,4,129,16,0,16,145
02/28/2018,ASE,CO,ANM,WE,Combined TRACON& Tower with Radar,63,27,28,0,118,0,0,1,0,1,63,27,29,0,119,6,0,6,125
03/01/2018,ASE,CO,ANM,WE,Combined TRACON& Tower with Radar,61,34,48,0,143,0,0,10,2,12,61,34,58,2,155,7,0,7,162
03/02/2018,ASE,CO,ANM,WE,Combined TRACON& Tower with Radar,64,27,58,0,149,0,0,7,0,7,64,27,65,0,156,29,0,29,185
03/03/2018,ASE,CO,ANM,WE,Combined TRACON& Tower with Radar,62,30,45,0,137,0,0,2,0,2,62,30,47,0,139,15,0,15,154
03/04/2018,ASE,CO,ANM,WE,Combined TRACON& Tower with Radar,41,20,42,0,103,0,0,1,0,1,41,20,43,0,104,0,0,0,104
03/05/2018,ASE,CO,ANM,WE,Combined TRACON& Tower with Radar,61,16,43,0,120,0,0,2,0,2,61,16,45,0,122,15,0,15,137
03/06/2018,ASE,CO,ANM,WE,Combined TRACON& Tower with Radar,63,18,38,0,119,0,0,2,0,2,63,18,40,0,121,2,0,2,123
03/07/2018,ASE,CO,ANM,WE,Combined TRACON& Tower with Radar,63,27,34,0,124,0,0,7,2,9,63,27,41,2,133,10,2,12,145
03/08/2018,ASE,CO,ANM,WE,Combined TRACON& Tower with Radar,63,32,45,0,140,0,0,13,0,13,63,32,58,0,153,11,0,11,164
03/09/2018,ASE,CO,ANM,WE,Combined TRACON& Tower with Radar,62,38,69,0,169,0,0,6,0,6,62,38,75,0,175,36,0,36,211
03/10/2018,ASE,CO,ANM,WE,Combined TRACON& Tower with Radar,70,42,63,2,177,0,0,1,0,1,70,42,64,2,178,13,3,16,194
03/11/2018,ASE,CO,ANM,WE,Combined TRACON& Tower with Radar,67,68,81,0,216,0,0,13,0,13,67,68,94,0,229,21,0,21,250
03/12/2018,ASE,CO,ANM,WE,Combined TRACON& Tower with Radar,62,37,50,0,149,0,0,4,0,4,62,37,54,0,153,14,0,14,167
03/13/2018,ASE,CO,ANM,WE,Combined TRACON& Tower with Radar,61,31,44,0,136,0,0,6,0,6,61,31,50,0,142,15,0,15,157
03/14/2018,ASE,CO,ANM,WE,Combined TRACON& Tower with Radar,63,39,54,0,156,0,0,7,1,8,63,39,61,1,164,16,0,16,180
03/15/2018,ASE,CO,ANM,WE,Combined TRACON& Tower with Radar,59,46,51,0,156,0,0,0,0,0,59,46,51,0,156,0,0,0,156
03/16/2018,ASE,CO,ANM,WE,Combined TRACON& Tower with Radar,62,32,70,0,164,0,0,3,0,3,62,32,73,0,167,8,0,8,175
03/17/2018,ASE,CO,ANM,WE,Combined TRACON& Tower with Radar,61,80,114,0,255,0,0,2,0,2,61,80,116,0,257,10,0,10,267
03/18/2018,ASE,CO,ANM,WE,Combined TRACON& Tower with Radar,63,55,52,0,170,0,0,3,0,3,63,55,55,0,173,3,0,3,176
03/19/2018,ASE,CO,ANM,WE,Combined TRACON& Tower with Radar,68,46,56,0,170,0,0,3,0,3,68,46,59,0,173,18,0,18,191
03/20/2018,ASE,CO,ANM,WE,Combined TRACON& Tower with Radar,58,24,31,2,115,0,0,2,0,2,58,24,33,2,117,4,0,4,121
03/21/2018,ASE,CO,ANM,WE,Combined TRACON& Tower with Radar,64,23,46,2,135,0,0,2,0,2,64,23,48,2,137,5,0,5,142
03/22/2018,ASE,CO,ANM,WE,Combined TRACON& Tower with Radar,63,41,45,0,149,0,0,2,0,2,63,41,47,0,151,7,0,7,158
03/23/2018,ASE,CO,ANM,WE,Combined TRACON& Tower with Radar,70,21,32,0,123,0,0,1,0,1,70,21,33,0,124,0,0,0,124
03/24/2018,ASE,CO,ANM,WE,Combined TRACON& Tower with Radar,63,77,64,0,204,0,0,7,0,7,63,77,71,0,211,10,3,13,224
03/25/2018,ASE,CO,ANM,WE,Combined TRACON& Tower with Radar,64,48,90,2,204,0,0,2,0,2,64,48,92,2,206,7,0,7,213
03/26/2018,ASE,CO,ANM,WE,Combined TRACON& Tower with Radar,62,37,42,0,141,0,0,5,0,5,62,37,47,0,146,13,0,13,159
03/27/2018,ASE,CO,ANM,WE,Combined TRACON& Tower with Radar,59,23,25,0,107,0,0,5,0,5,59,23,30,0,112,9,0,9,121
03/28/2018,ASE,CO,ANM,WE,Combined TRACON& Tower with Radar,59,27,25,0,111,0,0,1,0,1,59,27,26,0,112,2,0,2,114
03/29/2018,ASE,CO,ANM,WE,Combined TRACON& Tower with Radar,63,14,22,0,99,0,0,7,0,7,63,14,29,0,106,9,0,9,115
03/30/2018,ASE,CO,ANM,WE,Combined TRACON& Tower with Radar,62,39,36,0,137,0,0,8,0,8,62,39,44,0,145,20,0,20,165
03/31/2018,ASE,CO,ANM,WE,Combined TRACON& Tower with Radar,69,41,38,2,150,0,1,4,0,5,69,42,42,2,155,13,0,13,168
04/01/2018,ASE,CO,ANM,WE,Combined TRACON& Tower with Radar,66,34,48,0,148,0,0,5,0,5,66,34,53,0,153,4,0,4,157
04/02/2018,ASE,CO,ANM,WE,Combined TRACON& Tower with Radar,60,34,25,0,119,0,0,3,0,3,60,34,28,0,122,8,0,8,130
04/03/2018,ASE,CO,ANM,WE,Combined TRACON& Tower with Radar,43,25,17,0,85,0,0,2,0,2,43,25,19,0,87,4,0,4,91
04/04/2018,ASE,CO,ANM,WE,Combined TRACON& Tower with Radar,48,11,24,0,83,0,0,2,0,2,48,11,26,0,85,3,0,3,88
04/05/2018,ASE,CO,ANM,WE,Combined TRACON& Tower with Radar,48,14,38,0,100,0,0,3,1,4,48,14,41,1,104,14,2,16,120
04/06/2018,ASE,CO,ANM,WE,Combined TRACON& Tower with Radar,44,7,13,0,64,0,0,0,0,0,44,7,13,0,64,0,0,0,64
04/07/2018,ASE,CO,ANM,WE,Combined TRACON& Tower with Radar,48,14,11,0,73,0,0,0,0,0,48,14,11,0,73,22,0,22,95
04/08/2018,ASE,CO,ANM,WE,Combined TRACON& Tower with Radar,52,6,12,0,70,0,0,0,0,0,52,6,12,0,70,15,0,15,85
04/09/2018,ASE,CO,ANM,WE,Combined TRACON& Tower with Radar,16,15,19,0,50,0,0,2,0,2,16,15,21,0,52,6,0,6,58
04/10/2018,ASE,CO,ANM,WE,Combined TRACON& Tower with Radar,14,13,10,0,37,0,0,4,3,7,14,13,14,3,44,20,12,32,76
04/11/2018,ASE,CO,ANM,WE,Combined TRACON& Tower with Radar,14,8,15,0,37,0,0,4,0,4,14,8,19,0,41,6,0,6,47
04/12/2018,ASE,CO,ANM,WE,Combined TRACON& Tower with Radar,15,3,10,0,28,0,0,1,0,1,15,3,11,0,29,0,0,0,29
04/13/2018,ASE,CO,ANM,WE,Combined TRACON& Tower with Radar,19,3,6,0,28,0,0,0,0,0,19,3,6,0,28,0,0,0,28
04/14/2018,ASE,CO,ANM,WE,Combined TRACON& Tower with Radar,14,9,16,0,39,0,0,2,0,2,14,9,18,0,41,15,0,15,56
04/15/2018,ASE,CO,ANM,WE,Combined TRACON& Tower with Radar,14,13,23,0,50,0,0,5,0,5,14,13,28,0,55,6,1,7,62
04/16/2018,ASE,CO,ANM,WE,Combined TRACON& Tower with Radar,14,4,12,0,30,0,0,0,0,0,14,4,12,0,30,2,0,2,32
04/17/2018,ASE,CO,ANM,WE,Combined TRACON& Tower with Radar,9,1,4,0,14,0,0,0,0,0,9,1,4,0,14,2,0,2,16
04/18/2018,ASE,CO,ANM,WE,Combined TRACON& Tower with Radar,12,10,27,2,51,0,0,6,0,6,12,10,33,2,57,10,2,12,69
04/19/2018,ASE,CO,ANM,WE,Combined TRACON& Tower with Radar,14,6,20,0,40,0,0,4,0,4,14,6,24,0,44,3,2,5,49
04/20/2018,ASE,CO,ANM,WE,Combined TRACON& Tower with Radar,11,1,5,0,17,0,0,0,0,0,11,1,5,0,17,0,0,0,17
04/21/2018,ASE,CO,ANM,WE,Combined TRACON& Tower with Radar,20,4,15,0,39,0,0,1,0,1,20,4,16,0,40,0,0,0,40
04/22/2018,ASE,CO,ANM,WE,Combined TRACON& Tower with Radar,14,14,18,0,46,0,0,5,0,5,14,14,23,0,51,15,0,15,66
04/23/2018,ASE,CO,ANM,WE,Combined TRACON& Tower with Radar,14,10,11,0,35,0,0,3,0,3,14,10,14,0,38,29,0,29,67
04/24/2018,ASE,CO,ANM,WE,Combined TRACON& Tower with Radar,14,3,12,0,29,0,0,0,0,0,14,3,12,0,29,4,0,4,33
04/25/2018,ASE,CO,ANM,WE,Combined TRACON& Tower with Radar,14,6,21,0,41,0,0,5,0,5,14,6,26,0,46,20,0,20,66
04/26/2018,ASE,CO,ANM,WE,Combined TRACON& Tower with Radar,14,3,14,0,31,0,0,5,0,5,14,3,19,0,36,0,0,0,36
04/27/2018,ASE,CO,ANM,WE,Combined TRACON& Tower with Radar,14,3,15,0,32,0,0,11,2,13,14,3,26,2,45,19,4,23,68
04/28/2018,ASE,CO,ANM,WE,Combined TRACON& Tower with Radar,14,16,11,0,41,0,0,5,0,5,14,16,16,0,46,32,0,32,78
04/29/2018,ASE,CO,ANM,WE,Combined TRACON& Tower with Radar,14,6,5,0,25,0,0,1,0,1,14,6,6,0,26,7,0,7,33
04/30/2018,ASE,CO,ANM,WE,Combined TRACON& Tower with Radar,14,8,12,0,34,0,0,0,0,0,14,8,12,0,34,2,0,2,36
05/01/2018,ASE,CO,ANM,WE,Combined TRACON& Tower with Radar,14,5,19,0,38,0,0,1,0,1,14,5,20,0,39,2,0,2,41
05/02/2018,ASE,CO,ANM,WE,Combined TRACON& Tower with Radar,19,9,10,0,38,0,0,0,0,0,19,9,10,0,38,2,0,2,40
05/03/2018,ASE,CO,ANM,WE,Combined TRACON& Tower with Radar,12,1,9,0,22,0,0,0,0,0,12,1,9,0,22,0,0,0,22
05/04/2018,ASE,CO,ANM,WE,Combined TRACON& Tower with Radar,14,6,15,2,37,0,0,2,0,2,14,6,17,2,39,7,0,7,46
05/05/2018,ASE,CO,ANM,WE,Combined TRACON& Tower with Radar,14,7,10,0,31,0,0,2,0,2,14,7,12,0,33,21,0,21,54
05/06/2018,ASE,CO,ANM,WE,Combined TRACON& Tower with Radar,14,4,14,0,32,0,0,9,0,9,14,4,23,0,41,47,0,47,88
05/07/2018,ASE,CO,ANM,WE,Combined TRACON& Tower with Radar,14,7,13,0,34,0,0,1,0,1,14,7,14,0,35,3,0,3,38
05/08/2018,ASE,CO,ANM,WE,Combined TRACON& Tower with Radar,14,0,14,0,28,0,0,3,0,3,14,0,17,0,31,26,0,26,57
05/09/2018,ASE,CO,ANM,WE,Combined TRACON& Tower with Radar,14,6,18,0,38,0,0,6,0,6,14,6,24,0,44,19,0,19,63
05/10/2018,ASE,CO,ANM,WE,Combined TRACON& Tower with Radar,16,7,11,0,34,0,0,3,0,3,16,7,14,0,37,6,0,6,43
05/11/2018,ASE,CO,ANM,WE,Combined TRACON& Tower with Radar,14,7,13,0,34,0,0,3,0,3,14,7,16,0,37,14,0,14,51
05/12/2018,ASE,CO,ANM,WE,Combined TRACON& Tower with Radar,14,11,3,0,28,0,0,0,0,0,14,11,3,0,28,3,0,3,31
05/13/2018,ASE,CO,ANM,WE,Combined TRACON& Tower with Radar,14,7,11,0,32,0,0,2,0,2,14,7,13,0,34,0,0,0,34
05/14/2018,ASE,CO,ANM,WE,Combined TRACON& Tower with Radar,14,13,16,0,43,0,0,4,0,4,14,13,20,0,47,27,0,27,74
05/15/2018,ASE,CO,ANM,WE,Combined TRACON& Tower with Radar,14,9,14,0,37,0,0,6,0,6,14,9,20,0,43,10,0,10,53
05/16/2018,ASE,CO,ANM,WE,Combined TRACON& Tower with Radar,14,13,9,0,36,0,0,9,2,11,14,13,18,2,47,19,1,20,67
05/17/2018,ASE,CO,ANM,WE,Combined TRACON& Tower with Radar,14,11,12,0,37,0,0,4,1,5,14,11,16,1,42,16,0,16,58
05/18/2018,ASE,CO,ANM,WE,Combined TRACON& Tower with Radar,14,17,20,0,51,0,0,2,0,2,14,17,22,0,53,8,0,8,61
05/19/2018,ASE,CO,ANM,WE,Combined TRACON& Tower with Radar,16,5,12,0,33,0,0,1,0,1,16,5,13,0,34,9,0,9,43
05/20/2018,ASE,CO,ANM,WE,Combined TRACON& Tower with Radar,14,12,19,0,45,0,0,1,0,1,14,12,20,0,46,5,0,5,51
05/21/2018,ASE,CO,ANM,WE,Combined TRACON& Tower with Radar,14,10,10,0,34,0,0,9,0,9,14,10,19,0,43,6,0,6,49
05/22/2018,ASE,CO,ANM,WE,Combined TRACON& Tower with Radar,14,14,15,0,43,0,0,2,0,2,14,14,17,0,45,7,0,7,52
05/23/2018,ASE,CO,ANM,WE,Combined TRACON& Tower with Radar,14,7,19,0,40,0,0,7,0,7,14,7,26,0,47,6,0,6,53
05/24/2018,ASE,CO,ANM,WE,Combined TRACON& Tower with Radar,14,15,21,0,50,0,0,4,1,5,14,15,25,1,55,15,0,15,70
05/25/2018,ASE,CO,ANM,WE,Combined TRACON& Tower with Radar,14,23,37,0,74,0,0,3,0,3,14,23,40,0,77,8,0,8,85
05/26/2018,ASE,CO,ANM,WE,Combined TRACON& Tower with Radar,13,3,25,0,41,0,0,6,0,6,13,3,31,0,47,21,0,21,68
05/27/2018,ASE,CO,ANM,WE,Combined TRACON& Tower with Radar,13,10,14,0,37,0,0,1,0,1,13,10,15,0,38,9,0,9,47
05/28/2018,ASE,CO,ANM,WE,Combined TRACON& Tower with Radar,13,39,39,0,91,0,0,5,0,5,13,39,44,0,96,6,0,6,102
05/29/2018,ASE,CO,ANM,WE,Combined TRACON& Tower with Radar,14,19,24,0,57,0,0,4,0,4,14,19,28,0,61,6,0,6,67
05/30/2018,ASE,CO,ANM,WE,Combined TRACON& Tower with Radar,14,9,16,0,39,0,0,8,0,8,14,9,24,0,47,6,0,6,53
05/31/2018,ASE,CO,ANM,WE,Combined TRACON& Tower with Radar,14,24,19,0,57,0,0,2,0,2,14,24,21,0,59,18,0,18,77
06/01/2018,ASE,CO,ANM,WE,Combined TRACON& Tower with Radar,14,26,30,0,70,0,0,6,0,6,14,26,36,0,76,5,1,6,82
06/02/2018,ASE,CO,ANM,WE,Combined TRACON& Tower with Radar,14,34,41,0,89,0,0,2,0,2,14,34,43,0,91,4,0,4,95
06/03/2018,ASE,CO,ANM,WE,Combined TRACON& Tower with Radar,15,23,28,0,66,0,0,3,0,3,15,23,31,0,69,7,0,7,76
06/04/2018,ASE,CO,ANM,WE,Combined TRACON& Tower with Radar,14,11,29,0,54,0,1,5,0,6,14,12,34,0,60,19,1,20,80
06/05/2018,ASE,CO,ANM,WE,Combined TRACON& Tower with Radar,14,20,21,0,55,0,0,2,0,2,14,20,23,0,57,5,0,5,62
06/06/2018,ASE,CO,ANM,WE,Combined TRACON& Tower with Radar,15,22,29,1,67,0,0,5,0,5,15,22,34,1,72,12,0,12,84
06/07/2018,ASE,CO,ANM,WE,Combined TRACON& Tower with Radar,32,26,31,0,89,0,0,3,1,4,32,26,34,1,93,22,0,22,115
06/08/2018,ASE,CO,ANM,WE,Combined TRACON& Tower with Radar,32,20,28,0,80,0,0,4,3,7,32,20,32,3,87,10,0,10,97
06/09/2018,ASE,CO,ANM,WE,Combined TRACON& Tower with Radar,38,23,26,0,87,0,0,6,1,7,38,23,32,1,94,11,0,11,105
06/10/2018,ASE,CO,ANM,WE,Combined TRACON& Tower with Radar,32,19,39,0,90,0,0,2,0,2,32,19,41,0,92,7,0,7,99
06/11/2018,ASE,CO,ANM,WE,Combined TRACON& Tower with Radar,33,14,33,0,80,0,0,1,0,1,33,14,34,0,81,8,0,8,89
06/12/2018,ASE,CO,ANM,WE,Combined TRACON& Tower with Radar,30,10,27,0,67,0,0,4,2,6,30,10,31,2,73,41,2,43,116
06/13/2018,ASE,CO,ANM,WE,Combined TRACON& Tower with Radar,34,18,22,0,74,0,0,6,0,6,34,18,28,0,80,13,2,15,95
06/14/2018,ASE,CO,ANM,WE,Combined TRACON& Tower with Radar,30,38,73,0,141,0,0,7,0,7,30,38,80,0,148,18,0,18,166
06/15/2018,ASE,CO,ANM,WE,Combined TRACON& Tower with Radar,30,42,59,0,131,0,2,3,0,5,30,44,62,0,136,14,0,14,150
06/16/2018,ASE,CO,ANM,WE,Combined TRACON& Tower with Radar,36,31,35,0,102,0,0,1,0,1,36,31,36,0,103,6,0,6,109
06/17/2018,ASE,CO,ANM,WE,Combined TRACON& Tower with Radar,32,52,57,0,141,0,0,0,0,0,32,52,57,0,141,0,0,0,141
06/18/2018,ASE,CO,ANM,WE,Combined TRACON& Tower with Radar,31,38,72,0,141,0,0,5,0,5,31,38,77,0,146,7,0,7,153
06/19/2018,ASE,CO,ANM,WE,Combined TRACON& Tower with Radar,31,19,34,0,84,0,1,4,0,5,31,20,38,0,89,8,0,8,97
06/20/2018,ASE,CO,ANM,WE,Combined TRACON& Tower with Radar,33,28,46,0,107,0,0,9,0,9,33,28,55,0,116,15,4,19,135
06/21/2018,ASE,CO,ANM,WE,Combined TRACON& Tower with Radar,31,41,59,0,131,0,0,7,0,7,31,41,66,0,138,6,0,6,144
06/22/2018,ASE,CO,ANM,WE,Combined TRACON& Tower with Radar,27,33,60,4,124,0,0,9,0,9,27,33,69,4,133,3,2,5,138
06/23/2018,ASE,CO,ANM,WE,Combined TRACON& Tower with Radar,37,36,44,0,117,0,0,5,0,5,37,36,49,0,122,25,0,25,147
06/24/2018,ASE,CO,ANM,WE,Combined TRACON& Tower with Radar,31,23,41,1,96,0,1,9,0,10,31,24,50,1,106,4,0,4,110
06/25/2018,ASE,CO,ANM,WE,Combined TRACON& Tower with Radar,31,28,43,6,108,0,0,3,0,3,31,28,46,6,111,10,0,10,121
06/26/2018,ASE,CO,ANM,WE,Combined TRACON& Tower with Radar,32,28,51,2,113,0,0,14,0,14,32,28,65,2,127,7,0,7,134
06/27/2018,ASE,CO,ANM,WE,Combined TRACON& Tower with Radar,32,45,74,0,151,0,0,7,0,7,32,45,81,0,158,12,0,12,170
06/28/2018,ASE,CO,ANM,WE,Combined TRACON& Tower with Radar,32,42,57,0,131,0,0,5,0,5,32,42,62,0,136,14,1,15,151
06/29/2018,ASE,CO,ANM,WE,Combined TRACON& Tower with Radar,29,75,71,0,175,0,2,9,0,11,29,77,80,0,186,36,0,36,222
06/30/2018,ASE,CO,ANM,WE,Combined TRACON& Tower with Radar,38,50,84,1,173,0,0,9,0,9,38,50,93,1,182,12,2,14,196
07/01/2018,ASE,CO,ANM,WE,Combined TRACON& Tower with Radar,31,57,86,1,175,0,0,11,0,11,31,57,97,1,186,10,0,10,196
07/02/2018,ASE,CO,ANM,WE,Combined TRACON& Tower with Radar,31,40,58,0,129,0,0,8,0,8,31,40,66,0,137,37,0,37,174
07/03/2018,ASE,CO,ANM,WE,Combined TRACON& Tower with Radar,30,38,69,0,137,0,0,8,0,8,30,38,77,0,145,8,0,8,153
07/04/2018,ASE,CO,ANM,WE,Combined TRACON& Tower with Radar,14,18,32,0,64,0,0,3,0,3,14,18,35,0,67,24,0,24,91
07/05/2018,ASE,CO,ANM,WE,Combined TRACON& Tower with Radar,3,29,66,0,98,0,0,7,0,7,3,29,73,0,105,9,0,9,114
07/06/2018,ASE,CO,ANM,WE,Combined TRACON& Tower with Radar,4,13,58,0,75,0,0,10,0,10,4,13,68,0,85,31,0,31,116
07/07/2018,ASE,CO,ANM,WE,Combined TRACON& Tower with Radar,5,21,81,0,107,0,0,6,0,6,5,21,87,0,113,19,0,19,132
07/08/2018,ASE,CO,ANM,WE,Combined TRACON& Tower with Radar,5,27,94,0,126,0,0,7,0,7,5,27,101,0,133,26,0,26,159
07/09/2018,ASE,CO,ANM,WE,Combined TRACON& Tower with Radar,6,19,52,0,77,0,0,8,0,8,6,19,60,0,85,28,2,30,115
07/10/2018,ASE,CO,ANM,WE,Combined TRACON& Tower with Radar,8,15,44,0,67,0,0,8,0,8,8,15,52,0,75,8,2,10,85
07/11/2018,ASE,CO,ANM,WE,Combined TRACON& Tower with Radar,30,37,52,0,119,0,0,4,0,4,30,37,56,0,123,12,0,12,135
07/12/2018,ASE,CO,ANM,WE,Combined TRACON& Tower with Radar,20,22,57,0,99,0,0,5,0,5,20,22,62,0,104,10,0,10,114
07/13/2018,ASE,CO,ANM,WE,Combined TRACON& Tower with Radar,11,50,66,0,127,0,0,14,0,14,11,50,80,0,141,12,0,12,153
07/14/2018,ASE,CO,ANM,WE,Combined TRACON& Tower with Radar,7,51,41,0,99,0,0,9,0,9,7,51,50,0,108,19,0,19,127
07/15/2018,ASE,CO,ANM,WE,Combined TRACON& Tower with Radar,27,50,105,0,182,0,0,2,0,2,27,50,107,0,184,14,0,14,198
07/16/2018,ASE,CO,ANM,WE,Combined TRACON& Tower with Radar,28,44,74,0,146,0,0,8,0,8,28,44,82,0,154,21,0,21,175
07/17/2018,ASE,CO,ANM,WE,Combined TRACON& Tower with Radar,26,39,49,1,115,0,0,8,3,11,26,39,57,4,126,6,3,9,135
07/18/2018,ASE,CO,ANM,WE,Combined TRACON& Tower with Radar,34,43,64,1,142,0,0,4,0,4,34,43,68,1,146,10,0,10,156
07/19/2018,ASE,CO,ANM,WE,Combined TRACON& Tower with Radar,31,36,76,6,149,0,0,11,1,12,31,36,87,7,161,17,0,17,178
07/20/2018,ASE,CO,ANM,WE,Combined TRACON& Tower with Radar,9,52,72,2,135,0,0,4,0,4,9,52,76,2,139,27,0,27,166
07/21/2018,ASE,CO,ANM,WE,Combined TRACON& Tower with Radar,39,43,49,5,136,0,0,2,0,2,39,43,51,5,138,7,0,7,145
07/22/2018,ASE,CO,ANM,WE,Combined TRACON& Tower with Radar,29,45,104,0,178,0,0,9,0,9,29,45,113,0,187,16,0,16,203
07/23/2018,ASE,CO,ANM,WE,Combined TRACON& Tower with Radar,32,34,70,2,138,0,0,9,0,9,32,34,79,2,147,9,0,9,156
07/24/2018,ASE,CO,ANM,WE,Combined TRACON& Tower with Radar,31,30,64,0,125,0,0,10,0,10,31,30,74,0,135,7,0,7,142
07/25/2018,ASE,CO,ANM,WE,Combined TRACON& Tower with Radar,32,47,67,0,146,0,0,4,0,4,32,47,71,0,150,10,0,10,160
07/26/2018,ASE,CO,ANM,WE,Combined TRACON& Tower with Radar,34,35,59,0,128,0,0,9,0,9,34,35,68,0,137,8,0,8,145
07/27/2018,ASE,CO,ANM,WE,Combined TRACON& Tower with Radar,32,50,72,0,154,0,0,2,1,3,32,50,74,1,157,8,0,8,165
07/28/2018,ASE,CO,ANM,WE,Combined TRACON& Tower with Radar,34,40,58,0,132,0,0,9,0,9,34,40,67,0,141,22,0,22,163
07/29/2018,ASE,CO,ANM,WE,Combined TRACON& Tower with Radar,31,51,96,0,178,0,0,11,0,11,31,51,107,0,189,20,0,20,209
07/30/2018,ASE,CO,ANM,WE,Combined TRACON& Tower with Radar,31,37,56,0,124,0,0,12,1,13,31,37,68,1,137,33,0,33,170
07/31/2018,ASE,CO,ANM,WE,Combined TRACON& Tower with Radar,31,51,54,0,136,0,0,11,0,11,31,51,65,0,147,56,0,56,203
08/01/2018,ASE,CO,ANM,WE,Combined TRACON& Tower with Radar,34,43,70,0,147,0,0,10,0,10,34,43,80,0,157,9,0,9,166
08/02/2018,ASE,CO,ANM,WE,Combined TRACON& Tower with Radar,31,32,59,1,123,0,0,13,0,13,31,32,72,1,136,8,0,8,144
08/03/2018,ASE,CO,ANM,WE,Combined TRACON& Tower with Radar,30,40,63,0,133,0,0,1,1,2,30,40,64,1,135,22,0,22,157
08/04/2018,ASE,CO,ANM,WE,Combined TRACON& Tower with Radar,37,36,66,0,139,0,0,8,0,8,37,36,74,0,147,22,0,22,169
08/05/2018,ASE,CO,ANM,WE,Combined TRACON& Tower with Radar,33,65,94,0,192,0,0,7,0,7,33,65,101,0,199,10,0,10,209
08/06/2018,ASE,CO,ANM,WE,Combined TRACON& Tower with Radar,31,42,41,0,114,0,0,6,0,6,31,42,47,0,120,11,0,11,131
08/07/2018,ASE,CO,ANM,WE,Combined TRACON& Tower with Radar,30,36,71,0,137,0,0,8,0,8,30,36,79,0,145,27,0,27,172
08/08/2018,ASE,CO,ANM,WE,Combined TRACON& Tower with Radar,32,34,44,0,110,0,0,9,0,9,32,34,53,0,119,19,0,19,138
08/09/2018,ASE,CO,ANM,WE,Combined TRACON& Tower with Radar,30,38,82,0,150,0,0,8,1,9,30,38,90,1,159,19,0,19,178
08/10/2018,ASE,CO,ANM,WE,Combined TRACON& Tower with Radar,30,59,85,0,174,0,0,1,0,1,30,59,86,0,175,5,0,5,180
08/11/2018,ASE,CO,ANM,WE,Combined TRACON& Tower with Radar,41,51,63,0,155,0,0,11,0,11,41,51,74,0,166,30,0,30,196
08/12/2018,ASE,CO,ANM,WE,Combined TRACON& Tower with Radar,29,53,69,0,151,0,0,16,0,16,29,53,85,0,167,24,0,24,191
08/13/2018,ASE,CO,ANM,WE,Combined TRACON& Tower with Radar,29,39,59,0,127,0,0,7,0,7,29,39,66,0,134,17,0,17,151
08/14/2018,ASE,CO,ANM,WE,Combined TRACON& Tower with Radar,30,19,39,2,90,0,0,6,0,6,30,19,45,2,96,22,0,22,118
08/15/2018,ASE,CO,ANM,WE,Combined TRACON& Tower with Radar,29,37,58,0,124,0,0,6,0,6,29,37,64,0,130,13,0,13,143
08/16/2018,ASE,CO,ANM,WE,Combined TRACON& Tower with Radar,30,45,49,0,124,0,0,7,0,7,30,45,56,0,131,15,0,15,146
08/17/2018,ASE,CO,ANM,WE,Combined TRACON& Tower with Radar,28,48,65,0,141,0,0,8,0,8,28,48,73,0,149,10,0,10,159
08/18/2018,ASE,CO,ANM,WE,Combined TRACON& Tower with Radar,37,38,59,0,134,0,0,3,0,3,37,38,62,0,137,4,0,4,141
08/19/2018,ASE,CO,ANM,WE,Combined TRACON& Tower with Radar,34,44,88,0,166,0,0,4,0,4,34,44,92,0,170,31,4,35,205
08/20/2018,ASE,CO,ANM,WE,Combined TRACON& Tower with Radar,31,46,51,0,128,0,0,6,0,6,31,46,57,0,134,31,0,31,165
08/21/2018,ASE,CO,ANM,WE,Combined TRACON& Tower with Radar,25,29,32,0,86,0,0,3,0,3,25,29,35,0,89,3,0,3,92
08/22/2018,ASE,CO,ANM,WE,Combined TRACON& Tower with Radar,26,35,50,0,111,0,0,1,0,1,26,35,51,0,112,6,0,6,118
08/23/2018,ASE,CO,ANM,WE,Combined TRACON& Tower with Radar,23,39,45,0,107,0,0,2,0,2,23,39,47,0,109,3,0,3,112
08/24/2018,ASE,CO,ANM,WE,Combined TRACON& Tower with Radar,24,33,48,0,105,0,0,10,0,10,24,33,58,0,115,47,0,47,162
08/25/2018,ASE,CO,ANM,WE,Combined TRACON& Tower with Radar,27,46,33,0,106,0,0,8,0,8,27,46,41,0,114,16,0,16,130
08/26/2018,ASE,CO,ANM,WE,Combined TRACON& Tower with Radar,27,35,66,0,128,0,0,3,0,3,27,35,69,0,131,13,0,13,144
08/27/2018,ASE,CO,ANM,WE,Combined TRACON& Tower with Radar,22,41,39,0,102,0,0,3,0,3,22,41,42,0,105,12,0,12,117
08/28/2018,ASE,CO,ANM,WE,Combined TRACON& Tower with Radar,26,28,35,0,89,0,0,8,0,8,26,28,43,0,97,13,0,13,110
08/29/2018,ASE,CO,ANM,WE,Combined TRACON& Tower with Radar,27,52,32,0,111,0,0,5,0,5,27,52,37,0,116,10,0,10,126
08/30/2018,ASE,CO,ANM,WE,Combined TRACON& Tower with Radar,25,47,80,0,152,0,0,8,0,8,25,47,88,0,160,12,0,12,172
08/31/2018,ASE,CO,ANM,WE,Combined TRACON& Tower with Radar,26,50,86,0,162,0,0,20,0,20,26,50,106,0,182,6,0,6,188
09/01/2018,ASE,CO,ANM,WE,Combined TRACON& Tower with Radar,29,31,24,0,84,0,1,1,0,2,29,32,25,0,86,17,0,17,103
09/02/2018,ASE,CO,ANM,WE,Combined TRACON& Tower with Radar,24,36,30,0,90,0,0,3,2,5,24,36,33,2,95,11,0,11,106
09/03/2018,ASE,CO,ANM,WE,Combined TRACON& Tower with Radar,25,85,109,0,219,0,0,11,0,11,25,85,120,0,230,11,0,11,241
09/04/2018,ASE,CO,ANM,WE,Combined TRACON& Tower with Radar,23,56,64,0,143,0,0,5,0,5,23,56,69,0,148,10,0,10,158
09/05/2018,ASE,CO,ANM,WE,Combined TRACON& Tower with Radar,21,32,35,0,88,0,0,1,0,1,21,32,36,0,89,2,0,2,91
09/06/2018,ASE,CO,ANM,WE,Combined TRACON& Tower with Radar,20,19,29,2,70,0,0,3,0,3,20,19,32,2,73,16,0,16,89
09/07/2018,ASE,CO,ANM,WE,Combined TRACON& Tower with Radar,21,31,29,0,81,0,0,0,0,0,21,31,29,0,81,13,0,13,94
09/08/2018,ASE,CO,ANM,WE,Combined TRACON& Tower with Radar,22,24,36,0,82,0,0,12,3,15,22,24,48,3,97,21,8,29,126
09/09/2018,ASE,CO,ANM,WE,Combined TRACON& Tower with Radar,22,29,28,0,79,0,0,6,0,6,22,29,34,0,85,14,0,14,99
09/10/2018,ASE,CO,ANM,WE,Combined TRACON& Tower with Radar,21,15,27,0,63,0,0,2,0,2,21,15,29,0,65,14,0,14,79
09/11/2018,ASE,CO,ANM,WE,Combined TRACON& Tower with Radar,21,27,33,0,81,0,0,7,0,7,21,27,40,0,88,12,0,12,100
09/12/2018,ASE,CO,ANM,WE,Combined TRACON& Tower with Radar,21,22,32,0,75,0,0,10,2,12,21,22,42,2,87,28,0,28,115
09/13/2018,ASE,CO,ANM,WE,Combined TRACON& Tower with Radar,21,21,39,0,81,0,0,7,0,7,21,21,46,0,88,6,0,6,94
09/14/2018,ASE,CO,ANM,WE,Combined TRACON& Tower with Radar,21,24,47,0,92,0,0,2,0,2,21,24,49,0,94,12,0,12,106
09/15/2018,ASE,CO,ANM,WE,Combined TRACON& Tower with Radar,22,27,20,0,69,0,0,0,0,0,22,27,20,0,69,16,0,16,85
09/16/2018,ASE,CO,ANM,WE,Combined TRACON& Tower with Radar,21,36,51,0,108,0,0,19,0,19,21,36,70,0,127,28,0,28,155
09/17/2018,ASE,CO,ANM,WE,Combined TRACON& Tower with Radar,32,15,65,0,112,0,0,9,0,9,32,15,74,0,121,11,0,11,132
09/18/2018,ASE,CO,ANM,WE,Combined TRACON& Tower with Radar,23,15,23,0,61,0,0,6,0,6,23,15,29,0,67,10,1,11,78
09/19/2018,ASE,CO,ANM,WE,Combined TRACON& Tower with Radar,20,25,29,4,78,0,0,1,0,1,20,25,30,4,79,6,0,6,85
09/20/2018,ASE,CO,ANM,WE,Combined TRACON& Tower with Radar,20,38,57,0,115,0,0,10,0,10,20,38,67,0,125,6,0,6,131
09/21/2018,ASE,CO,ANM,WE,Combined TRACON& Tower with Radar,21,29,66,2,118,0,0,6,0,6,21,29,72,2,124,15,0,15,139
09/22/2018,ASE,CO,ANM,WE,Combined TRACON& Tower with Radar,23,44,53,0,120,0,0,8,0,8,23,44,61,0,128,11,0,11,139
09/23/2018,ASE,CO,ANM,WE,Combined TRACON& Tower with Radar,21,56,71,1,149,0,0,12,1,13,21,56,83,2,162,20,0,20,182
09/24/2018,ASE,CO,ANM,WE,Combined TRACON& Tower with Radar,21,26,38,0,85,0,0,1,0,1,21,26,39,0,86,4,0,4,90
09/25/2018,ASE,CO,ANM,WE,Combined TRACON& Tower with Radar,21,22,31,0,74,0,0,11,0,11,21,22,42,0,85,6,0,6,91
09/26/2018,ASE,CO,ANM,WE,Combined TRACON& Tower with Radar,20,20,30,0,70,0,0,9,3,12,20,20,39,3,82,11,0,11,93
09/27/2018,ASE,CO,ANM,WE,Combined TRACON& Tower with Radar,22,26,22,2,72,0,0,7,0,7,22,26,29,2,79,11,0,11,90
09/28/2018,ASE,CO,ANM,WE,Combined TRACON& Tower with Radar,21,21,54,0,96,0,0,5,0,5,21,21,59,0,101,8,1,9,110
09/29/2018,ASE,CO,ANM,WE,Combined TRACON& Tower with Radar,23,23,37,0,83,0,0,7,0,7,23,23,44,0,90,3,0,3,93
09/30/2018,ASE,CO,ANM,WE,Combined TRACON& Tower with Radar,23,28,45,0,96,0,0,10,0,10,23,28,55,0,106,11,1,12,118
10/01/2018,ASE,CO,ANM,WE,Combined TRACON& Tower with Radar,20,21,33,0,74,0,0,5,0,5,20,21,38,0,79,4,0,4,83
10/02/2018,ASE,CO,ANM,WE,Combined TRACON& Tower with Radar,20,16,15,0,51,0,0,0,0,0,20,16,15,0,51,0,0,0,51
10/03/2018,ASE,CO,ANM,WE,Combined TRACON& Tower with Radar,20,15,19,0,54,0,0,3,0,3,20,15,22,0,57,13,0,13,70
10/04/2018,ASE,CO,ANM,WE,Combined TRACON& Tower with Radar,16,22,29,0,67,0,0,0,0,0,16,22,29,0,67,0,0,0,67
10/05/2018,ASE,CO,ANM,WE,Combined TRACON& Tower with Radar,15,19,29,0,63,0,0,1,0,1,15,19,30,0,64,10,0,10,74
10/06/2018,ASE,CO,ANM,WE,Combined TRACON& Tower with Radar,17,13,18,0,48,0,0,7,0,7,17,13,25,0,55,17,0,17,72
10/07/2018,ASE,CO,ANM,WE,Combined TRACON& Tower with Radar,17,11,18,0,46,0,0,1,0,1,17,11,19,0,47,0,0,0,47
10/08/2018,ASE,CO,ANM,WE,Combined TRACON& Tower with Radar,16,6,18,0,40,0,0,1,0,1,16,6,19,0,41,0,0,0,41
10/09/2018,ASE,CO,ANM,WE,Combined TRACON& Tower with Radar,15,13,26,0,54,0,0,1,0,1,15,13,27,0,55,35,0,35,90
10/10/2018,ASE,CO,ANM,WE,Combined TRACON& Tower with Radar,14,5,15,0,34,0,0,0,0,0,14,5,15,0,34,0,0,0,34
10/11/2018,ASE,CO,ANM,WE,Combined TRACON& Tower with Radar,6,3,3,0,12,0,0,0,0,0,6,3,3,0,12,0,0,0,12
10/12/2018,ASE,CO,ANM,WE,Combined TRACON& Tower with Radar,13,14,35,0,62,0,0,4,2,6,13,14,39,2,68,13,3,16,84
10/13/2018,ASE,CO,ANM,WE,Combined TRACON& Tower with Radar,19,18,27,0,64,0,0,4,4,8,19,18,31,4,72,11,3,14,86
10/14/2018,ASE,CO,ANM,WE,Combined TRACON& Tower with Radar,15,4,16,0,35,0,0,0,0,0,15,4,16,0,35,0,0,0,35
10/15/2018,ASE,CO,ANM,WE,Combined TRACON& Tower with Radar,17,20,25,0,62,0,0,6,0,6,17,20,31,0,68,20,0,20,88
10/16/2018,ASE,CO,ANM,WE,Combined TRACON& Tower with Radar,16,10,22,0,48,0,0,10,0,10,16,10,32,0,58,28,2,30,88
10/17/2018,ASE,CO,ANM,WE,Combined TRACON& Tower with Radar,15,7,18,0,40,0,0,5,0,5,15,7,23,0,45,14,7,21,66
10/18/2018,ASE,CO,ANM,WE,Combined TRACON& Tower with Radar,15,11,10,0,36,0,0,2,0,2,15,11,12,0,38,9,1,10,48
10/19/2018,ASE,CO,ANM,WE,Combined TRACON& Tower with Radar,15,5,19,0,39,0,0,9,0,9,15,5,28,0,48,12,0,12,60
10/20/2018,ASE,CO,ANM,WE,Combined TRACON& Tower with Radar,15,16,11,0,42,0,0,5,2,7,15,16,16,2,49,25,0,25,74
10/21/2018,ASE,CO,ANM,WE,Combined TRACON& Tower with Radar,14,28,27,0,69,0,0,12,0,12,14,28,39,0,81,47,0,47,128
10/22/2018,ASE,CO,ANM,WE,Combined TRACON& Tower with Radar,15,8,19,0,42,0,0,4,0,4,15,8,23,0,46,7,0,7,53
10/23/2018,ASE,CO,ANM,WE,Combined TRACON& Tower with Radar,15,8,10,0,33,0,0,1,0,1,15,8,11,0,34,4,4,8,42
10/24/2018,ASE,CO,ANM,WE,Combined TRACON& Tower with Radar,15,16,17,0,48,0,0,2,0,2,15,16,19,0,50,1,0,1,51
10/25/2018,ASE,CO,ANM,WE,Combined TRACON& Tower with Radar,15,17,14,0,46,0,0,3,0,3,15,17,17,0,49,5,0,5,54
10/26/2018,ASE,CO,ANM,WE,Combined TRACON& Tower with Radar,15,13,16,0,44,0,0,8,2,10,15,13,24,2,54,10,0,10,64
10/27/2018,ASE,CO,ANM,WE,Combined TRACON& Tower with Radar,16,2,12,2,32,0,0,5,2,7,16,2,17,4,39,9,0,9,48
10/28/2018,ASE,CO,ANM,WE,Combined TRACON& Tower with Radar,15,17,21,0,53,0,0,11,2,13,15,17,32,2,66,14,3,17,83
10/29/2018,ASE,CO,ANM,WE,Combined TRACON& Tower with Radar,14,6,16,0,36,0,0,8,0,8,14,6,24,0,44,18,0,18,62
10/30/2018,ASE,CO,ANM,WE,Combined TRACON& Tower with Radar,13,3,10,0,26,0,0,0,0,0,13,3,10,0,26,0,0,0,26
10/31/2018,ASE,CO,ANM,WE,Combined TRACON& Tower with Radar,14,9,15,0,38,0,0,2,0,2,14,9,17,0,40,2,2,4,44
11/01/2018,ASE,CO,ANM,WE,Combined TRACON& Tower with Radar,13,4,12,0,29,0,0,0,0,0,13,4,12,0,29,15,0,15,44
11/02/2018,ASE,CO,ANM,WE,Combined TRACON& Tower with Radar,14,11,9,0,34,0,0,1,0,1,14,11,10,0,35,0,0,0,35
11/03/2018,ASE,CO,ANM,WE,Combined TRACON& Tower with Radar,15,5,8,0,28,0,0,0,0,0,15,5,8,0,28,0,0,0,28
11/04/2018,ASE,CO,ANM,WE,Combined TRACON& Tower with Radar,10,3,15,0,28,0,0,0,0,0,10,3,15,0,28,0,0,0,28
11/05/2018,ASE,CO,ANM,WE,Combined TRACON& Tower with Radar,15,9,5,0,29,0,0,0,0,0,15,9,5,0,29,0,0,0,29
11/06/2018,ASE,CO,ANM,WE,Combined TRACON& Tower with Radar,14,4,8,0,26,0,0,10,1,11,14,4,18,1,37,12,0,12,49
11/07/2018,ASE,CO,ANM,WE,Combined TRACON& Tower with Radar,16,12,14,0,42,0,0,2,0,2,16,12,16,0,44,0,0,0,44
11/08/2018,ASE,CO,ANM,WE,Combined TRACON& Tower with Radar,14,5,6,0,25,0,0,2,0,2,14,5,8,0,27,1,0,1,28
11/09/2018,ASE,CO,ANM,WE,Combined TRACON& Tower with Radar,14,7,15,0,36,0,0,3,0,3,14,7,18,0,39,13,0,13,52
11/10/2018,ASE,CO,ANM,WE,Combined TRACON& Tower with Radar,14,6,8,0,28,0,0,5,0,5,14,6,13,0,33,8,0,8,41
11/11/2018,ASE,CO,ANM,WE,Combined TRACON& Tower with Radar,13,13,18,0,44,0,0,0,0,0,13,13,18,0,44,16,0,16,60
11/12/2018,ASE,CO,ANM,WE,Combined TRACON& Tower with Radar,14,9,11,0,34,0,0,4,0,4,14,9,15,0,38,2,0,2,40
11/13/2018,ASE,CO,ANM,WE,Combined TRACON& Tower with Radar,14,12,18,0,44,0,0,4,0,4,14,12,22,0,48,4,0,4,52
11/14/2018,ASE,CO,ANM,WE,Combined TRACON& Tower with Radar,14,10,11,0,35,0,0,5,0,5,14,10,16,0,40,7,0,7,47
11/15/2018,ASE,CO,ANM,WE,Combined TRACON& Tower with Radar,14,11,19,0,44,0,0,3,0,3,14,11,22,0,47,0,0,0,47
11/16/2018,ASE,CO,ANM,WE,Combined TRACON& Tower with Radar,15,9,22,0,46,0,0,6,0,6,15,9,28,0,52,3,0,3,55
11/17/2018,ASE,CO,ANM,WE,Combined TRACON& Tower with Radar,14,14,32,0,60,0,0,1,0,1,14,14,33,0,61,5,0,5,66
11/18/2018,ASE,CO,ANM,WE,Combined TRACON& Tower with Radar,15,12,14,0,41,0,0,3,0,3,15,12,17,0,44,0,0,0,44
11/19/2018,ASE,CO,ANM,WE,Combined TRACON& Tower with Radar,15,23,18,2,58,0,0,6,0,6,15,23,24,2,64,10,0,10,74
11/20/2018,ASE,CO,ANM,WE,Combined TRACON& Tower with Radar,15,23,29,0,67,0,0,13,0,13,15,23,42,0,80,21,0,21,101
11/21/2018,ASE,CO,ANM,WE,Combined TRACON& Tower with Radar,14,32,30,0,76,0,0,6,1,7,14,32,36,1,83,22,2,24,107
11/22/2018,ASE,CO,ANM,WE,Combined TRACON& Tower with Radar,13,8,6,0,27,0,0,1,0,1,13,8,7,0,28,7,0,7,35
11/23/2018,ASE,CO,ANM,WE,Combined TRACON& Tower with Radar,13,10,11,0,34,0,0,0,0,0,13,10,11,0,34,0,0,0,34
11/24/2018,ASE,CO,ANM,WE,Combined TRACON& Tower with Radar,6,4,7,0,17,0,0,0,0,0,6,4,7,0,17,0,0,0,17
11/25/2018,ASE,CO,ANM,WE,Combined TRACON& Tower with Radar,16,42,80,0,138,0,0,5,0,5,16,42,85,0,143,3,0,3,146
11/26/2018,ASE,CO,ANM,WE,Combined TRACON& Tower with Radar,15,20,25,0,60,0,0,0,0,0,15,20,25,0,60,7,0,7,67
11/27/2018,ASE,CO,ANM,WE,Combined TRACON& Tower with Radar,14,3,17,0,34,0,0,4,1,5,14,3,21,1,39,9,0,9,48
11/28/2018,ASE,CO,ANM,WE,Combined TRACON& Tower with Radar,24,6,12,0,42,0,0,2,0,2,24,6,14,0,44,2,0,2,46
11/29/2018,ASE,CO,ANM,WE,Combined TRACON& Tower with Radar,25,5,5,0,35,0,0,1,0,1,25,5,6,0,36,0,0,0,36
11/30/2018,ASE,CO,ANM,WE,Combined TRACON& Tower with Radar,20,4,8,0,32,0,0,0,0,0,20,4,8,0,32,0,0,0,32
12/01/2018,ASE,CO,ANM,WE,Combined TRACON& Tower with Radar,22,1,6,0,29,0,0,0,0,0,22,1,6,0,29,11,0,11,40
12/02/2018,ASE,CO,ANM,WE,Combined TRACON& Tower with Radar,24,15,19,0,58,0,1,3,0,4,24,16,22,0,62,8,0,8,70
12/03/2018,ASE,CO,ANM,WE,Combined TRACON& Tower with Radar,24,9,15,0,48,0,0,0,0,0,24,9,15,0,48,0,0,0,48
12/04/2018,ASE,CO,ANM,WE,Combined TRACON& Tower with Radar,24,6,7,0,37,0,0,6,0,6,24,6,13,0,43,12,0,12,55
12/05/2018,ASE,CO,ANM,WE,Combined TRACON& Tower with Radar,24,5,10,0,39,0,0,2,0,2,24,5,12,0,41,1,0,1,42
12/06/2018,ASE,CO,ANM,WE,Combined TRACON& Tower with Radar,21,11,27,2,61,0,0,0,0,0,21,11,27,2,61,0,0,0,61
12/07/2018,ASE,CO,ANM,WE,Combined TRACON& Tower with Radar,23,25,27,0,75,0,0,2,0,2,23,25,29,0,77,14,0,14,91
12/08/2018,ASE,CO,ANM,WE,Combined TRACON& Tower with Radar,24,14,23,0,61,0,0,2,2,4,24,14,25,2,65,10,0,10,75
12/09/2018,ASE,CO,ANM,WE,Combined TRACON& Tower with Radar,24,19,34,0,77,0,0,3,0,3,24,19,37,0,80,14,0,14,94
12/10/2018,ASE,CO,ANM,WE,Combined TRACON& Tower with Radar,26,24,24,0,74,0,0,7,0,7,26,24,31,0,81,24,0,24,105
12/11/2018,ASE,CO,ANM,WE,Combined TRACON& Tower with Radar,24,3,13,0,40,0,0,1,0,1,24,3,14,0,41,8,0,8,49
12/12/2018,ASE,CO,ANM,WE,Combined TRACON& Tower with Radar,21,17,23,0,61,0,0,4,0,4,21,17,27,0,65,19,0,19,84
12/13/2018,ASE,CO,ANM,WE,Combined TRACON& Tower with Radar,24,23,22,0,69,0,0,2,0,2,24,23,24,0,71,3,0,3,74
12/14/2018,ASE,CO,ANM,WE,Combined TRACON& Tower with Radar,24,25,51,0,100,0,0,10,0,10,24,25,61,0,110,20,0,20,130
12/15/2018,ASE,CO,ANM,WE,Combined TRACON& Tower with Radar,24,27,42,2,95,0,0,5,0,5,24,27,47,2,100,6,0,6,106
12/16/2018,ASE,CO,ANM,WE,Combined TRACON& Tower with Radar,24,33,43,0,100,0,0,14,0,14,24,33,57,0,114,5,0,5,119
12/17/2018,ASE,CO,ANM,WE,Combined TRACON& Tower with Radar,24,18,56,0,98,0,0,2,1,3,24,18,58,1,101,4,0,4,105
12/18/2018,ASE,CO,ANM,WE,Combined TRACON& Tower with Radar,26,41,39,0,106,0,1,5,0,6,26,42,44,0,112,8,0,8,120
12/19/2018,ASE,CO,ANM,WE,Combined TRACON& Tower with Radar,74,9,17,0,100,0,0,4,0,4,74,9,21,0,104,0,0,0,104
12/20/2018,ASE,CO,ANM,WE,Combined TRACON& Tower with Radar,66,66,67,8,207,0,0,5,0,5,66,66,72,8,212,7,0,7,219
12/21/2018,ASE,CO,ANM,WE,Combined TRACON& Tower with Radar,62,43,81,0,186,0,0,6,0,6,62,43,87,0,192,7,0,7,199
12/22/2018,ASE,CO,ANM,WE,Combined TRACON& Tower with Radar,61,22,54,0,137,0,0,0,0,0,61,22,54,0,137,8,0,8,145
12/23/2018,ASE,CO,ANM,WE,Combined TRACON& Tower with Radar,76,68,63,0,207,0,0,1,0,1,76,68,64,0,208,8,0,8,216
12/24/2018,ASE,CO,ANM,WE,Combined TRACON& Tower with Radar,79,19,21,0,119,0,0,0,0,0,79,19,21,0,119,0,0,0,119
12/25/2018,ASE,CO,ANM,WE,Combined TRACON& Tower with Radar,61,50,37,0,148,0,0,1,0,1,61,50,38,0,149,8,0,8,157
12/26/2018,ASE,CO,ANM,WE,Combined TRACON& Tower with Radar,57,29,65,0,151,0,0,0,0,0,57,29,65,0,151,0,0,0,151
12/27/2018,ASE,CO,ANM,WE,Combined TRACON& Tower with Radar,63,63,102,0,228,0,0,3,0,3,63,63,105,0,231,7,0,7,238
12/28/2018,ASE,CO,ANM,WE,Combined TRACON& Tower with Radar,67,64,71,0,202,0,1,0,0,1,67,65,71,0,203,3,0,3,206
12/29/2018,ASE,CO,ANM,WE,Combined TRACON& Tower with Radar,66,91,94,0,251,0,0,13,0,13,66,91,107,0,264,14,0,14,278
12/30/2018,ASE,CO,ANM,WE,Combined TRACON& Tower with Radar,75,46,84,0,205,0,0,4,0,4,75,46,88,0,209,21,0,21,230
12/31/2018,ASE,CO,ANM,WE,Combined TRACON& Tower with Radar,9,5,3,0,17,0,0,0,0,0,9,5,3,0,17,0,0,0,17
01/01/2019,ASE,CO,ANM,WE,Combined TRACON& Tower with Radar,65,75,64,0,204,0,0,1,0,1,65,75,65,0,205,3,0,3,208
01/02/2019,ASE,CO,ANM,WE,Combined TRACON& Tower with Radar,67,103,139,0,309,0,0,7,0,7,67,103,146,0,316,3,0,3,319
01/03/2019,ASE,CO,ANM,WE,Combined TRACON& Tower with Radar,63,77,82,0,222,0,0,14,0,14,63,77,96,0,236,5,0,5,241
01/04/2019,ASE,CO,ANM,WE,Combined TRACON& Tower with Radar,69,72,92,0,233,0,1,7,0,8,69,73,99,0,241,12,0,12,253
01/05/2019,ASE,CO,ANM,WE,Combined TRACON& Tower with Radar,70,108,123,0,301,0,0,8,0,8,70,108,131,0,309,8,0,8,317
01/06/2019,ASE,CO,ANM,WE,Combined TRACON& Tower with Radar,66,14,24,0,104,0,0,0,0,0,66,14,24,0,104,0,0,0,104
01/07/2019,ASE,CO,ANM,WE,Combined TRACON& Tower with Radar,55,27,37,0,119,0,0,0,0,0,55,27,37,0,119,0,0,0,119
01/08/2019,ASE,CO,ANM,WE,Combined TRACON& Tower with Radar,48,38,35,0,121,0,0,5,0,5,48,38,40,0,126,14,0,14,140
01/09/2019,ASE,CO,ANM,WE,Combined TRACON& Tower with Radar,47,26,40,1,114,0,0,3,1,4,47,26,43,2,118,13,0,13,131
01/10/2019,ASE,CO,ANM,WE,Combined TRACON& Tower with Radar,50,17,41,0,108,0,0,6,1,7,50,17,47,1,115,16,0,16,131
01/11/2019,ASE,CO,ANM,WE,Combined TRACON& Tower with Radar,28,7,7,0,42,0,0,0,0,0,28,7,7,0,42,0,0,0,42
01/12/2019,ASE,CO,ANM,WE,Combined TRACON& Tower with Radar,51,28,28,4,111,0,0,1,0,1,51,28,29,4,112,1,0,1,113
01/13/2019,ASE,CO,ANM,WE,Combined TRACON& Tower with Radar,50,31,36,0,117,0,0,4,0,4,50,31,40,0,121,33,0,33,154
01/14/2019,ASE,CO,ANM,WE,Combined TRACON& Tower with Radar,49,19,29,8,105,0,0,5,0,5,49,19,34,8,110,20,0,20,130
01/15/2019,ASE,CO,ANM,WE,Combined TRACON& Tower with Radar,48,14,29,0,91,0,0,4,0,4,48,14,33,0,95,22,0,22,117
01/16/2019,ASE,CO,ANM,WE,Combined TRACON& Tower with Radar,41,5,7,0,53,0,0,0,0,0,41,5,7,0,53,0,0,0,53
01/17/2019,ASE,CO,ANM,WE,Combined TRACON& Tower with Radar,48,53,42,0,143,0,0,1,0,1,48,53,43,0,144,3,0,3,147
01/18/2019,ASE,CO,ANM,WE,Combined TRACON& Tower with Radar,22,15,17,0,54,0,0,0,0,0,22,15,17,0,54,0,0,0,54
01/19/2019,ASE,CO,ANM,WE,Combined TRACON& Tower with Radar,47,29,46,0,122,0,1,4,0,5,47,30,50,0,127,13,0,13,140
01/20/2019,ASE,CO,ANM,WE,Combined TRACON& Tower with Radar,49,39,40,0,128,0,0,4,0,4,49,39,44,0,132,0,0,0,132
01/21/2019,ASE,CO,ANM,WE,Combined TRACON& Tower with Radar,35,49,50,0,134,0,0,0,0,0,35,49,50,0,134,2,0,2,136
01/22/2019,ASE,CO,ANM,WE,Combined TRACON& Tower with Radar,38,36,40,0,114,0,0,1,0,1,38,36,41,0,115,4,0,4,119
01/23/2019,ASE,CO,ANM,WE,Combined TRACON& Tower with Radar,44,25,32,0,101,0,0,1,0,1,44,25,33,0,102,14,0,14,116
01/24/2019,ASE,CO,ANM,WE,Combined TRACON& Tower with Radar,50,28,34,0,112,0,0,0,0,0,50,28,34,0,112,21,0,21,133
01/25/2019,ASE,CO,ANM,WE,Combined TRACON& Tower with Radar,48,28,43,0,119,0,0,4,0,4,48,28,47,0,123,10,0,10,133
01/26/2019,ASE,CO,ANM,WE,Combined TRACON& Tower with Radar,54,34,37,0,125,0,0,2,0,2,54,34,39,0,127,0,0,0,127
01/27/2019,ASE,CO,ANM,WE,Combined TRACON& Tower with Radar,54,60,63,0,177,0,0,2,0,2,54,60,65,0,179,6,0,6,185
01/28/2019,ASE,CO,ANM,WE,Combined TRACON& Tower with Radar,55,15,24,0,94,0,0,0,0,0,55,15,24,0,94,17,0,17,111
01/29/2019,ASE,CO,ANM,WE,Combined TRACON& Tower with Radar,47,28,35,0,110,0,0,6,2,8,47,28,41,2,118,13,0,13,131
01/30/2019,ASE,CO,ANM,WE,Combined TRACON& Tower with Radar,43,29,33,0,105,0,0,1,1,2,43,29,34,1,107,5,2,7,114
01/31/2019,ASE,CO,ANM,WE,Combined TRACON& Tower with Radar,43,29,58,0,130,0,0,12,0,12,43,29,70,0,142,12,0,12,154
02/01/2019,ASE,CO,ANM,WE,Combined TRACON& Tower with Radar,50,39,47,0,136,0,0,13,3,16,50,39,60,3,152,12,0,12,164
02/02/2019,ASE,CO,ANM,WE,Combined TRACON& Tower with Radar,52,36,40,0,128,0,0,16,0,16,52,36,56,0,144,19,0,19,163
02/03/2019,ASE,CO,ANM,WE,Combined TRACON& Tower with Radar,36,11,31,0,78,0,0,0,0,0,36,11,31,0,78,0,0,0,78
02/04/2019,ASE,CO,ANM,WE,Combined TRACON& Tower with Radar,50,39,37,0,126,0,0,1,0,1,50,39,38,0,127,0,0,0,127
02/05/2019,ASE,CO,ANM,WE,Combined TRACON& Tower with Radar,51,18,24,0,93,0,0,1,0,1,51,18,25,0,94,15,0,15,109
02/06/2019,ASE,CO,ANM,WE,Combined TRACON& Tower with Radar,47,8,18,0,73,0,0,1,0,1,47,8,19,0,74,0,0,0,74
02/07/2019,ASE,CO,ANM,WE,Combined TRACON& Tower with Radar,44,10,17,0,71,0,0,0,0,0,44,10,17,0,71,0,0,0,71
02/08/2019,ASE,CO,ANM,WE,Combined TRACON& Tower with Radar,49,32,47,0,128,0,0,2,0,2,49,32,49,0,130,10,0,10,140
02/09/2019,ASE,CO,ANM,WE,Combined TRACON& Tower with Radar,40,20,38,0,98,0,0,3,0,3,40,20,41,0,101,5,0,5,106
02/10/2019,ASE,CO,ANM,WE,Combined TRACON& Tower with Radar,38,47,50,0,135,0,0,11,0,11,38,47,61,0,146,11,0,11,157
02/11/2019,ASE,CO,ANM,WE,Combined TRACON& Tower with Radar,41,14,27,0,82,0,0,1,0,1,41,14,28,0,83,26,0,26,109
02/12/2019,ASE,CO,ANM,WE,Combined TRACON& Tower with Radar,47,28,27,0,102,0,0,8,0,8,47,28,35,0,110,18,0,18,128
02/13/2019,ASE,CO,ANM,WE,Combined TRACON& Tower with Radar,25,24,33,0,82,0,0,1,0,1,25,24,34,0,83,0,0,0,83
02/14/2019,ASE,CO,ANM,WE,Combined TRACON& Tower with Radar,47,56,72,0,175,0,0,0,0,0,47,56,72,0,175,0,0,0,175
02/15/2019,ASE,CO,ANM,WE,Combined TRACON& Tower with Radar,52,83,110,0,245,0,0,5,0,5,52,83,115,0,250,2,0,2,252
02/16/2019,ASE,CO,ANM,WE,Combined TRACON& Tower with Radar,39,14,7,0,60,0,0,0,0,0,39,14,7,0,60,0,0,0,60
02/17/2019,ASE,CO,ANM,WE,Combined TRACON& Tower with Radar,51,52,61,0,164,0,0,2,0,2,51,52,63,0,166,0,0,0,166
02/18/2019,ASE,CO,ANM,WE,Combined TRACON& Tower with Radar,53,99,137,0,289,0,0,2,0,2,53,99,139,0,291,1,0,1,292
02/19/2019,ASE,CO,ANM,WE,Combined TRACON& Tower with Radar,48,18,32,0,98,0,0,0,0,0,48,18,32,0,98,19,0,19,117
02/20/2019,ASE,CO,ANM,WE,Combined TRACON& Tower with Radar,52,33,49,0,134,0,0,2,0,2,52,33,51,0,136,0,0,0,136
02/21/2019,ASE,CO,ANM,WE,Combined TRACON& Tower with Radar,57,44,46,0,147,0,0,3,0,3,57,44,49,0,150,2,0,2,152
02/22/2019,ASE,CO,ANM,WE,Combined TRACON& Tower with Radar,54,20,19,0,93,0,0,0,0,0,54,20,19,0,93,0,0,0,93
02/23/2019,ASE,CO,ANM,WE,Combined TRACON& Tower with Radar,49,70,68,0,187,0,0,7,0,7,49,70,75,0,194,13,0,13,207
02/24/2019,ASE,CO,ANM,WE,Combined TRACON& Tower with Radar,54,66,70,0,190,0,0,13,0,13,54,66,83,0,203,12,0,12,215
02/25/2019,ASE,CO,ANM,WE,Combined TRACON& Tower with Radar,55,36,34,0,125,0,0,3,0,3,55,36,37,0,128,2,0,2,130
02/26/2019,ASE,CO,ANM,WE,Combined TRACON& Tower with Radar,53,18,40,0,111,0,1,10,0,11,53,19,50,0,122,11,2,13,135
02/27/2019,ASE,CO,ANM,WE,Combined TRACON& Tower with Radar,53,31,26,0,110,0,0,4,0,4,53,31,30,0,114,4,0,4,118
02/28/2019,ASE,CO,ANM,WE,Combined TRACON& Tower with Radar,55,37,38,0,130,0,0,3,0,3,55,37,41,0,133,4,0,4,137
03/01/2019,ASE,CO,ANM,WE,Combined TRACON& Tower with Radar,40,16,24,0,80,0,0,1,0,1,40,16,25,0,81,0,0,0,81
03/02/2019,ASE,CO,ANM,WE,Combined TRACON& Tower with Radar,45,19,39,0,103,0,0,1,0,1,45,19,40,0,104,6,0,6,110
03/03/2019,ASE,CO,ANM,WE,Combined TRACON& Tower with Radar,24,4,15,0,43,0,0,0,0,0,24,4,15,0,43,0,0,0,43
03/04/2019,ASE,CO,ANM,WE,Combined TRACON& Tower with Radar,51,33,41,0,125,0,0,1,0,1,51,33,42,0,126,2,0,2,128
03/05/2019,ASE,CO,ANM,WE,Combined TRACON& Tower with Radar,53,32,52,0,137,0,0,7,0,7,53,32,59,0,144,13,0,13,157
03/06/2019,ASE,CO,ANM,WE,Combined TRACON& Tower with Radar,53,13,28,0,94,0,0,0,0,0,53,13,28,0,94,1,0,1,95
03/07/2019,ASE,CO,ANM,WE,Combined TRACON& Tower with Radar,28,1,20,0,49,0,0,0,0,0,28,1,20,0,49,0,0,0,49
03/08/2019,ASE,CO,ANM,WE,Combined TRACON& Tower with Radar,40,9,30,0,79,0,0,0,0,0,40,9,30,0,79,0,0,0,79
03/09/2019,ASE,CO,ANM,WE,Combined TRACON& Tower with Radar,42,71,88,0,201,0,1,2,0,3,42,72,90,0,204,1,0,1,205
03/10/2019,ASE,CO,ANM,WE,Combined TRACON& Tower with Radar,55,62,85,0,202,0,1,2,0,3,55,63,87,0,205,19,0,19,224
03/11/2019,ASE,CO,ANM,WE,Combined TRACON& Tower with Radar,57,19,38,0,114,0,0,1,0,1,57,19,39,0,115,1,0,1,116
03/12/2019,ASE,CO,ANM,WE,Combined TRACON& Tower with Radar,51,25,36,0,112,0,0,3,0,3,51,25,39,0,115,12,0,12,127
03/13/2019,ASE,CO,ANM,WE,Combined TRACON& Tower with Radar,6,0,2,0,8,0,0,0,0,0,6,0,2,0,8,0,0,0,8
03/14/2019,ASE,CO,ANM,WE,Combined TRACON& Tower with Radar,39,48,68,0,155,0,0,1,0,1,39,48,69,0,156,0,0,0,156
03/15/2019,ASE,CO,ANM,WE,Combined TRACON& Tower with Radar,56,99,116,0,271,0,0,14,0,14,56,99,130,0,285,21,0,21,306
03/16/2019,ASE,CO,ANM,WE,Combined TRACON& Tower with Radar,59,104,113,0,276,0,0,11,0,11,59,104,124,0,287,18,0,18,305
03/17/2019,ASE,CO,ANM,WE,Combined TRACON& Tower with Radar,57,93,93,0,243,0,0,8,0,8,57,93,101,0,251,19,0,19,270
03/18/2019,ASE,CO,ANM,WE,Combined TRACON& Tower with Radar,59,44,46,0,149,0,1,12,0,13,59,45,58,0,162,14,0,14,176
03/19/2019,ASE,CO,ANM,WE,Combined TRACON& Tower with Radar,55,34,38,0,127,0,0,5,0,5,55,34,43,0,132,16,0,16,148
03/20/2019,ASE,CO,ANM,WE,Combined TRACON& Tower with Radar,58,45,47,0,150,0,0,10,0,10,58,45,57,0,160,4,0,4,164
03/21/2019,ASE,CO,ANM,WE,Combined TRACON& Tower with Radar,60,43,56,0,159,0,0,3,0,3,60,43,59,0,162,6,0,6,168
03/22/2019,ASE,CO,ANM,WE,Combined TRACON& Tower with Radar,59,27,42,0,128,0,0,1,0,1,59,27,43,0,129,0,0,0,129
03/23/2019,ASE,CO,ANM,WE,Combined TRACON& Tower with Radar,62,29,87,0,178,0,0,0,0,0,62,29,87,0,178,17,0,17,195
03/24/2019,ASE,CO,ANM,WE,Combined TRACON& Tower with Radar,56,33,55,0,144,0,0,3,0,3,56,33,58,0,147,4,0,4,151
03/25/2019,ASE,CO,ANM,WE,Combined TRACON& Tower with Radar,58,35,40,2,135,0,0,5,0,5,58,35,45,2,140,7,0,7,147
03/26/2019,ASE,CO,ANM,WE,Combined TRACON& Tower with Radar,56,38,22,0,116,0,0,9,0,9,56,38,31,0,125,30,0,30,155
03/27/2019,ASE,CO,ANM,WE,Combined TRACON& Tower with Radar,55,25,34,0,114,0,0,4,0,4,55,25,38,0,118,7,1,8,126
03/28/2019,ASE,CO,ANM,WE,Combined TRACON& Tower with Radar,58,34,41,0,133,0,0,4,0,4,58,34,45,0,137,10,0,10,147
03/29/2019,ASE,CO,ANM,WE,Combined TRACON& Tower with Radar,54,19,23,0,96,0,0,0,0,0,54,19,23,0,96,4,0,4,100
03/30/2019,ASE,CO,ANM,WE,Combined TRACON& Tower with Radar,62,41,54,0,157,0,0,4,0,4,62,41,58,0,161,14,0,14,175
03/31/2019,ASE,CO,ANM,WE,Combined TRACON& Tower with Radar,49,61,60,0,170,0,0,1,0,1,49,61,61,0,171,1,0,1,172
04/01/2019,ASE,CO,ANM,WE,Combined TRACON& Tower with Radar,26,26,37,0,89,0,0,7,0,7,26,26,44,0,96,7,0,7,103
04/02/2019,ASE,CO,ANM,WE,Combined TRACON& Tower with Radar,16,19,24,0,59,0,0,3,0,3,16,19,27,0,62,5,0,5,67
04/03/2019,ASE,CO,ANM,WE,Combined TRACON& Tower with Radar,15,23,25,0,63,0,0,1,0,1,15,23,26,0,64,23,0,23,87
04/04/2019,ASE,CO,ANM,WE,Combined TRACON& Tower with Radar,15,21,32,0,68,0,1,9,0,10,15,22,41,0,78,32,0,32,110
04/05/2019,ASE,CO,ANM,WE,Combined TRACON& Tower with Radar,16,33,35,0,84,0,0,7,0,7,16,33,42,0,91,9,0,9,100
04/06/2019,ASE,CO,ANM,WE,Combined TRACON& Tower with Radar,45,15,10,0,70,0,0,3,0,3,45,15,13,0,73,1,0,1,74
04/07/2019,ASE,CO,ANM,WE,Combined TRACON& Tower with Radar,39,26,29,0,94,0,0,7,2,9,39,26,36,2,103,16,0,16,119
04/08/2019,ASE,CO,ANM,WE,Combined TRACON& Tower with Radar,16,18,13,0,47,0,0,4,0,4,16,18,17,0,51,6,0,6,57
04/09/2019,ASE,CO,ANM,WE,Combined TRACON& Tower with Radar,15,17,19,0,51,0,0,1,2,3,15,17,20,2,54,9,3,12,66
04/10/2019,ASE,CO,ANM,WE,Combined TRACON& Tower with Radar,3,3,7,0,13,0,0,0,0,0,3,3,7,0,13,0,2,2,15
04/11/2019,ASE,CO,ANM,WE,Combined TRACON& Tower with Radar,13,2,16,0,31,0,0,0,0,0,13,2,16,0,31,0,0,0,31
04/12/2019,ASE,CO,ANM,WE,Combined TRACON& Tower with Radar,14,26,29,0,69,0,0,1,0,1,14,26,30,0,70,10,0,10,80
04/13/2019,ASE,CO,ANM,WE,Combined TRACON& Tower with Radar,13,13,21,0,47,0,0,3,0,3,13,13,24,0,50,2,0,2,52
04/14/2019,ASE,CO,ANM,WE,Combined TRACON& Tower with Radar,15,29,26,0,70,0,0,1,1,2,15,29,27,1,72,1,0,1,73
04/15/2019,ASE,CO,ANM,WE,Combined TRACON& Tower with Radar,14,18,14,0,46,0,0,5,1,6,14,18,19,1,52,4,2,6,58
04/16/2019,ASE,CO,ANM,WE,Combined TRACON& Tower with Radar,14,3,19,0,36,0,0,6,0,6,14,3,25,0,42,4,0,4,46
04/17/2019,ASE,CO,ANM,WE,Combined TRACON& Tower with Radar,15,5,22,0,42,0,0,1,0,1,15,5,23,0,43,2,0,2,45
04/18/2019,ASE,CO,ANM,WE,Combined TRACON& Tower with Radar,15,6,24,2,47,0,0,4,1,5,15,6,28,3,52,5,1,6,58
04/19/2019,ASE,CO,ANM,WE,Combined TRACON& Tower with Radar,15,10,30,0,55,0,0,7,1,8,15,10,37,1,63,15,1,16,79
04/20/2019,ASE,CO,ANM,WE,Combined TRACON& Tower with Radar,12,10,21,0,43,0,0,5,0,5,12,10,26,0,48,9,1,10,58
04/21/2019,ASE,CO,ANM,WE,Combined TRACON& Tower with Radar,15,22,23,0,60,0,0,4,0,4,15,22,27,0,64,3,0,3,67
04/22/2019,ASE,CO,ANM,WE,Combined TRACON& Tower with Radar,15,11,17,0,43,0,0,3,0,3,15,11,20,0,46,5,0,5,51
04/23/2019,ASE,CO,ANM,WE,Combined TRACON& Tower with Radar,15,7,14,0,36,0,0,8,0,8,15,7,22,0,44,2,0,2,46
04/24/2019,ASE,CO,ANM,WE,Combined TRACON& Tower with Radar,15,6,16,0,37,0,0,5,0,5,15,6,21,0,42,7,0,7,49
04/25/2019,ASE,CO,ANM,WE,Combined TRACON& Tower with Radar,15,3,16,0,34,0,0,4,2,6,15,3,20,2,40,13,1,14,54
04/26/2019,ASE,CO,ANM,WE,Combined TRACON& Tower with Radar,14,4,14,0,32,0,0,1,0,1,14,4,15,0,33,4,0,4,37
04/27/2019,ASE,CO,ANM,WE,Combined TRACON& Tower with Radar,13,10,13,0,36,0,0,5,0,5,13,10,18,0,41,0,0,0,41
04/28/2019,ASE,CO,ANM,WE,Combined TRACON& Tower with Radar,14,5,9,0,28,0,0,0,0,0,14,5,9,0,28,15,0,15,43
04/29/2019,ASE,CO,ANM,WE,Combined TRACON& Tower with Radar,17,2,8,0,27,0,0,0,0,0,17,2,8,0,27,4,0,4,31
04/30/2019,ASE,CO,ANM,WE,Combined TRACON& Tower with Radar,15,2,3,0,20,0,0,1,0,1,15,2,4,0,21,9,0,9,30
05/01/2019,ASE,CO,ANM,WE,Combined TRACON& Tower with Radar,17,5,8,0,30,0,0,0,0,0,17,5,8,0,30,0,0,0,30
05/02/2019,ASE,CO,ANM,WE,Combined TRACON& Tower with Radar,15,9,16,2,42,0,0,7,0,7,15,9,23,2,49,28,0,28,77
05/03/2019,ASE,CO,ANM,WE,Combined TRACON& Tower with Radar,15,11,13,0,39,0,0,6,0,6,15,11,19,0,45,11,0,11,56
05/04/2019,ASE,CO,ANM,WE,Combined TRACON& Tower with Radar,13,6,12,0,31,0,0,8,0,8,13,6,20,0,39,13,0,13,52
05/05/2019,ASE,CO,ANM,WE,Combined TRACON& Tower with Radar,15,7,12,0,34,0,0,3,0,3,15,7,15,0,37,3,0,3,40
05/06/2019,ASE,CO,ANM,WE,Combined TRACON& Tower with Radar,14,10,12,0,36,0,0,2,0,2,14,10,14,0,38,7,0,7,45
05/07/2019,ASE,CO,ANM,WE,Combined TRACON& Tower with Radar,15,5,6,0,26,0,0,4,0,4,15,5,10,0,30,1,0,1,31
05/08/2019,ASE,CO,ANM,WE,Combined TRACON& Tower with Radar,15,5,8,0,28,0,0,0,0,0,15,5,8,0,28,0,0,0,28
05/09/2019,ASE,CO,ANM,WE,Combined TRACON& Tower with Radar,14,7,6,0,27,0,0,0,0,0,14,7,6,0,27,0,0,0,27
05/10/2019,ASE,CO,ANM,WE,Combined TRACON& Tower with Radar,14,7,11,0,32,0,0,0,0,0,14,7,11,0,32,17,0,17,49
05/11/2019,ASE,CO,ANM,WE,Combined TRACON& Tower with Radar,13,10,12,0,35,0,0,4,0,4,13,10,16,0,39,11,0,11,50
05/12/2019,ASE,CO,ANM,WE,Combined TRACON& Tower with Radar,14,7,8,2,31,0,0,12,0,12,14,7,20,2,43,26,0,26,69
05/13/2019,ASE,CO,ANM,WE,Combined TRACON& Tower with Radar,15,7,12,0,34,0,0,4,0,4,15,7,16,0,38,3,0,3,41
05/14/2019,ASE,CO,ANM,WE,Combined TRACON& Tower with Radar,15,2,12,0,29,0,0,6,1,7,15,2,18,1,36,11,0,11,47
05/15/2019,ASE,CO,ANM,WE,Combined TRACON& Tower with Radar,15,7,10,0,32,0,0,1,2,3,15,7,11,2,35,6,2,8,43
05/16/2019,ASE,CO,ANM,WE,Combined TRACON& Tower with Radar,14,3,7,0,24,0,0,2,0,2,14,3,9,0,26,7,0,7,33
05/17/2019,ASE,CO,ANM,WE,Combined TRACON& Tower with Radar,12,11,14,0,37,0,0,0,0,0,12,11,14,0,37,14,4,18,55
05/18/2019,ASE,CO,ANM,WE,Combined TRACON& Tower with Radar,17,4,5,0,26,0,0,0,2,2,17,4,5,2,28,0,0,0,28
05/19/2019,ASE,CO,ANM,WE,Combined TRACON& Tower with Radar,15,8,12,0,35,0,0,4,0,4,15,8,16,0,39,5,0,5,44
05/20/2019,ASE,CO,ANM,WE,Combined TRACON& Tower with Radar,15,6,4,0,25,0,0,0,0,0,15,6,4,0,25,0,0,0,25
05/21/2019,ASE,CO,ANM,WE,Combined TRACON& Tower with Radar,20,0,5,0,25,0,0,0,0,0,20,0,5,0,25,0,0,0,25
05/22/2019,ASE,CO,ANM,WE,Combined TRACON& Tower with Radar,15,7,15,0,37,0,0,0,0,0,15,7,15,0,37,6,0,6,43
05/23/2019,ASE,CO,ANM,WE,Combined TRACON& Tower with Radar,12,1,12,0,25,0,0,0,0,0,12,1,12,0,25,1,0,1,26
05/24/2019,ASE,CO,ANM,WE,Combined TRACON& Tower with Radar,15,14,32,0,61,0,0,4,0,4,15,14,36,0,65,4,0,4,69
05/25/2019,ASE,CO,ANM,WE,Combined TRACON& Tower with Radar,13,12,13,0,38,0,0,7,0,7,13,12,20,0,45,11,0,11,56
05/26/2019,ASE,CO,ANM,WE,Combined TRACON& Tower with Radar,12,1,12,0,25,0,0,2,0,2,12,1,14,0,27,2,0,2,29
05/27/2019,ASE,CO,ANM,WE,Combined TRACON& Tower with Radar,12,5,28,0,45,0,0,6,0,6,12,5,34,0,51,7,0,7,58
05/28/2019,ASE,CO,ANM,WE,Combined TRACON& Tower with Radar,17,5,17,0,39,0,0,0,0,0,17,5,17,0,39,3,0,3,42
05/29/2019,ASE,CO,ANM,WE,Combined TRACON& Tower with Radar,14,4,15,0,33,0,0,1,0,1,14,4,16,0,34,25,0,25,59
05/30/2019,ASE,CO,ANM,WE,Combined TRACON& Tower with Radar,15,26,16,0,57,0,0,3,0,3,15,26,19,0,60,6,0,6,66
05/31/2019,ASE,CO,ANM,WE,Combined TRACON& Tower with Radar,15,16,17,0,48,0,0,11,0,11,15,16,28,0,59,13,0,13,72
06/01/2019,ASE,CO,ANM,WE,Combined TRACON& Tower with Radar,13,23,22,0,58,0,0,7,1,8,13,23,29,1,66,5,0,5,71
06/02/2019,ASE,CO,ANM,WE,Combined TRACON& Tower with Radar,15,30,14,1,60,0,0,5,0,5,15,30,19,1,65,14,0,14,79
06/03/2019,ASE,CO,ANM,WE,Combined TRACON& Tower with Radar,13,20,16,0,49,0,0,6,0,6,13,20,22,0,55,3,0,3,58
06/04/2019,ASE,CO,ANM,WE,Combined TRACON& Tower with Radar,15,9,18,1,43,0,0,9,0,9,15,9,27,1,52,21,0,21,73
06/05/2019,ASE,CO,ANM,WE,Combined TRACON& Tower with Radar,14,15,19,2,50,0,0,6,0,6,14,15,25,2,56,7,2,9,65
06/06/2019,ASE,CO,ANM,WE,Combined TRACON& Tower with Radar,35,9,24,0,68,0,0,5,0,5,35,9,29,0,73,6,0,6,79
06/07/2019,ASE,CO,ANM,WE,Combined TRACON& Tower with Radar,34,30,27,0,91,0,0,10,2,12,34,30,37,2,103,0,0,0,103
06/08/2019,ASE,CO,ANM,WE,Combined TRACON& Tower with Radar,35,20,17,0,72,0,0,0,0,0,35,20,17,0,72,8,0,8,80
06/09/2019,ASE,CO,ANM,WE,Combined TRACON& Tower with Radar,30,20,26,0,76,0,0,9,0,9,30,20,35,0,85,18,0,18,103
06/10/2019,ASE,CO,ANM,WE,Combined TRACON& Tower with Radar,23,30,26,0,79,0,0,8,0,8,23,30,34,0,87,16,1,17,104
06/11/2019,ASE,CO,ANM,WE,Combined TRACON& Tower with Radar,30,10,21,0,61,0,0,20,0,20,30,10,41,0,81,3,0,3,84
06/12/2019,ASE,CO,ANM,WE,Combined TRACON& Tower with Radar,30,22,34,0,86,0,0,10,1,11,30,22,44,1,97,16,0,16,113
06/13/2019,ASE,CO,ANM,WE,Combined TRACON& Tower with Radar,27,35,67,0,129,0,0,5,0,5,27,35,72,0,134,19,0,19,153
06/14/2019,ASE,CO,ANM,WE,Combined TRACON& Tower with Radar,30,27,36,0,93,0,0,4,0,4,30,27,40,0,97,9,0,9,106
06/15/2019,ASE,CO,ANM,WE,Combined TRACON& Tower with Radar,38,38,37,0,113,0,0,9,0,9,38,38,46,0,122,0,0,0,122
06/16/2019,ASE,CO,ANM,WE,Combined TRACON& Tower with Radar,32,52,59,0,143,0,0,15,0,15,32,52,74,0,158,0,0,0,158
06/17/2019,ASE,CO,ANM,WE,Combined TRACON& Tower with Radar,34,46,51,0,131,8,0,6,0,14,42,46,57,0,145,0,0,0,145
06/18/2019,ASE,CO,ANM,WE,Combined TRACON& Tower with Radar,33,18,33,0,84,11,0,1,0,12,44,18,34,0,96,0,0,0,96
06/19/2019,ASE,CO,ANM,WE,Combined TRACON& Tower with Radar,37,33,31,0,101,0,0,16,0,16,37,33,47,0,117,0,0,0,117
06/20/2019,ASE,CO,ANM,WE,Combined TRACON& Tower with Radar,35,48,63,0,146,0,0,25,0,25,35,48,88,0,171,0,0,0,171
06/21/2019,ASE,CO,ANM,WE,Combined TRACON& Tower with Radar,32,20,53,0,105,0,0,22,2,24,32,20,75,2,129,0,0,0,129
06/22/2019,ASE,CO,ANM,WE,Combined TRACON& Tower with Radar,34,30,23,0,87,0,0,16,0,16,34,30,39,0,103,0,0,0,103
06/23/2019,ASE,CO,ANM,WE,Combined TRACON& Tower with Radar,34,68,64,0,166,0,0,6,0,6,34,68,70,0,172,0,0,0,172
06/24/2019,ASE,CO,ANM,WE,Combined TRACON& Tower with Radar,36,24,49,0,109,0,0,37,0,37,36,24,86,0,146,0,0,0,146
06/25/2019,ASE,CO,ANM,WE,Combined TRACON& Tower with Radar,34,66,39,0,139,0,0,5,0,5,34,66,44,0,144,17,0,17,161
06/26/2019,ASE,CO,ANM,WE,Combined TRACON& Tower with Radar,35,54,42,0,131,0,0,14,0,14,35,54,56,0,145,20,0,20,165
06/27/2019,ASE,CO,ANM,WE,Combined TRACON& Tower with Radar,34,43,69,0,146,0,0,17,0,17,34,43,86,0,163,17,4,21,184
06/28/2019,ASE,CO,ANM,WE,Combined TRACON& Tower with Radar,35,57,72,0,164,0,0,7,0,7,35,57,79,0,171,9,0,9,180
06/29/2019,ASE,CO,ANM,WE,Combined TRACON& Tower with Radar,39,74,88,0,201,0,0,5,0,5,39,74,93,0,206,12,0,12,218
06/30/2019,ASE,CO,ANM,WE,Combined TRACON& Tower with Radar,35,41,91,0,167,0,0,21,0,21,35,41,112,0,188,0,0,0,188
07/01/2019,ASE,CO,ANM,WE,Combined TRACON& Tower with Radar,35,50,70,0,155,0,0,17,3,20,35,50,87,3,175,0,0,0,175
07/02/2019,ASE,CO,ANM,WE,Combined TRACON& Tower with Radar,36,66,51,0,153,0,0,15,0,15,36,66,66,0,168,0,0,0,168
07/03/2019,ASE,CO,ANM,WE,Combined TRACON& Tower with Radar,36,55,116,0,207,0,0,8,0,8,36,55,124,0,215,14,0,14,229
07/04/2019,ASE,CO,ANM,WE,Combined TRACON& Tower with Radar,31,18,20,0,69,0,0,8,0,8,31,18,28,0,77,12,0,12,89
07/05/2019,ASE,CO,ANM,WE,Combined TRACON& Tower with Radar,34,35,55,0,124,0,0,9,0,9,34,35,64,0,133,19,0,19,152
07/06/2019,ASE,CO,ANM,WE,Combined TRACON& Tower with Radar,39,49,66,0,154,0,1,9,0,10,39,50,75,0,164,15,0,15,179
07/07/2019,ASE,CO,ANM,WE,Combined TRACON& Tower with Radar,37,87,148,0,272,0,0,7,0,7,37,87,155,0,279,11,0,11,290
07/08/2019,ASE,CO,ANM,WE,Combined TRACON& Tower with Radar,35,52,69,0,156,0,0,2,0,2,35,52,71,0,158,6,0,6,164
07/09/2019,ASE,CO,ANM,WE,Combined TRACON& Tower with Radar,37,51,48,0,136,0,0,3,1,4,37,51,51,1,140,29,2,31,171
07/10/2019,ASE,CO,ANM,WE,Combined TRACON& Tower with Radar,37,33,49,2,121,0,0,17,5,22,37,33,66,7,143,46,2,48,191
07/11/2019,ASE,CO,ANM,WE,Combined TRACON& Tower with Radar,37,31,60,0,128,0,0,21,0,21,37,31,81,0,149,22,0,22,171
07/12/2019,ASE,CO,ANM,WE,Combined TRACON& Tower with Radar,34,34,57,0,125,0,0,5,1,6,34,34,62,1,131,33,0,33,164
07/13/2019,ASE,CO,ANM,WE,Combined TRACON& Tower with Radar,36,55,50,0,141,0,0,9,0,9,36,55,59,0,150,10,0,10,160
07/14/2019,ASE,CO,ANM,WE,Combined TRACON& Tower with Radar,35,58,70,0,163,0,0,8,2,10,35,58,78,2,173,29,0,29,202
07/15/2019,ASE,CO,ANM,WE,Combined TRACON& Tower with Radar,33,57,54,0,144,0,1,3,0,4,33,58,57,0,148,4,0,4,152
07/16/2019,ASE,CO,ANM,WE,Combined TRACON& Tower with Radar,37,49,39,1,126,0,0,7,2,9,37,49,46,3,135,18,5,23,158
07/17/2019,ASE,CO,ANM,WE,Combined TRACON& Tower with Radar,37,38,48,2,125,0,0,9,2,11,37,38,57,4,136,36,1,37,173
07/18/2019,ASE,CO,ANM,WE,Combined TRACON& Tower with Radar,38,54,75,0,167,0,0,14,1,15,38,54,89,1,182,47,1,48,230
07/19/2019,ASE,CO,ANM,WE,Combined TRACON& Tower with Radar,37,53,72,5,167,0,0,11,0,11,37,53,83,5,178,24,0,24,202
07/20/2019,ASE,CO,ANM,WE,Combined TRACON& Tower with Radar,40,46,43,0,129,0,0,13,0,13,40,46,56,0,142,9,0,9,151
07/21/2019,ASE,CO,ANM,WE,Combined TRACON& Tower with Radar,37,68,99,2,206,0,0,3,0,3,37,68,102,2,209,33,0,33,242
07/22/2019,ASE,CO,ANM,WE,Combined TRACON& Tower with Radar,34,50,54,2,140,0,1,11,0,12,34,51,65,2,152,16,0,16,168
07/23/2019,ASE,CO,ANM,WE,Combined TRACON& Tower with Radar,31,31,54,2,118,0,0,18,0,18,31,31,72,2,136,16,2,18,154
07/24/2019,ASE,CO,ANM,WE,Combined TRACON& Tower with Radar,38,52,78,0,168,0,1,14,0,15,38,53,92,0,183,15,0,15,198
07/25/2019,ASE,CO,ANM,WE,Combined TRACON& Tower with Radar,37,56,54,0,147,0,0,9,0,9,37,56,63,0,156,9,0,9,165
07/26/2019,ASE,CO,ANM,WE,Combined TRACON& Tower with Radar,36,63,67,2,168,0,0,8,1,9,36,63,75,3,177,6,6,12,189
07/27/2019,ASE,CO,ANM,WE,Combined TRACON& Tower with Radar,37,48,50,0,135,0,0,2,0,2,37,48,52,0,137,27,0,27,164
07/28/2019,ASE,CO,ANM,WE,Combined TRACON& Tower with Radar,37,64,81,0,182,0,0,9,0,9,37,64,90,0,191,21,0,21,212
07/29/2019,ASE,CO,ANM,WE,Combined TRACON& Tower with Radar,36,38,52,0,126,0,0,15,0,15,36,38,67,0,141,23,0,23,164
07/30/2019,ASE,CO,ANM,WE,Combined TRACON& Tower with Radar,32,45,48,1,126,1,0,12,0,13,33,45,60,1,139,13,5,18,157
07/31/2019,ASE,CO,ANM,WE,Combined TRACON& Tower with Radar,34,57,68,0,159,0,0,4,0,4,34,57,72,0,163,33,0,33,196
08/01/2019,ASE,CO,ANM,WE,Combined TRACON& Tower with Radar,35,36,75,0,146,0,0,4,0,4,35,36,79,0,150,21,0,21,171
08/02/2019,ASE,CO,ANM,WE,Combined TRACON& Tower with Radar,36,51,70,0,157,0,0,20,2,22,36,51,90,2,179,22,1,23,202
08/03/2019,ASE,CO,ANM,WE,Combined TRACON& Tower with Radar,39,60,55,2,156,0,0,8,2,10,39,60,63,4,166,16,1,17,183
08/04/2019,ASE,CO,ANM,WE,Combined TRACON& Tower with Radar,37,50,83,0,170,0,0,8,0,8,37,50,91,0,178,11,0,11,189
08/05/2019,ASE,CO,ANM,WE,Combined TRACON& Tower with Radar,36,61,65,1,163,0,0,7,0,7,36,61,72,1,170,2,0,2,172
08/06/2019,ASE,CO,ANM,WE,Combined TRACON& Tower with Radar,35,41,66,2,144,0,0,7,0,7,35,41,73,2,151,39,4,43,194
08/07/2019,ASE,CO,ANM,WE,Combined TRACON& Tower with Radar,35,46,54,1,136,0,0,7,0,7,35,46,61,1,143,10,0,10,153
08/08/2019,ASE,CO,ANM,WE,Combined TRACON& Tower with Radar,32,44,62,0,138,0,0,10,0,10,32,44,72,0,148,18,0,18,166
08/09/2019,ASE,CO,ANM,WE,Combined TRACON& Tower with Radar,35,46,59,0,140,0,0,8,0,8,35,46,67,0,148,25,0,25,173
08/10/2019,ASE,CO,ANM,WE,Combined TRACON& Tower with Radar,39,65,48,0,152,0,0,7,2,9,39,65,55,2,161,10,0,10,171
08/11/2019,ASE,CO,ANM,WE,Combined TRACON& Tower with Radar,37,72,94,0,203,0,0,4,0,4,37,72,98,0,207,3,0,3,210
08/12/2019,ASE,CO,ANM,WE,Combined TRACON& Tower with Radar,35,45,74,0,154,0,0,7,0,7,35,45,81,0,161,20,4,24,185
08/13/2019,ASE,CO,ANM,WE,Combined TRACON& Tower with Radar,37,26,41,0,104,0,0,14,2,16,37,26,55,2,120,15,4,19,139
08/14/2019,ASE,CO,ANM,WE,Combined TRACON& Tower with Radar,36,36,47,0,119,0,0,15,0,15,36,36,62,0,134,10,0,10,144
08/15/2019,ASE,CO,ANM,WE,Combined TRACON& Tower with Radar,39,34,63,0,136,0,0,10,1,11,39,34,73,1,147,8,0,8,155
08/16/2019,ASE,CO,ANM,WE,Combined TRACON& Tower with Radar,36,32,50,0,118,0,0,6,4,10,36,32,56,4,128,7,0,7,135
08/17/2019,ASE,CO,ANM,WE,Combined TRACON& Tower with Radar,41,40,35,0,116,0,0,7,0,7,41,40,42,0,123,14,1,15,138
08/18/2019,ASE,CO,ANM,WE,Combined TRACON& Tower with Radar,34,35,73,0,142,0,0,13,0,13,34,35,86,0,155,14,0,14,169
08/19/2019,ASE,CO,ANM,WE,Combined TRACON& Tower with Radar,39,42,50,0,131,0,1,18,0,19,39,43,68,0,150,15,0,15,165
08/20/2019,ASE,CO,ANM,WE,Combined TRACON& Tower with Radar,27,43,45,0,115,0,0,8,0,8,27,43,53,0,123,21,1,22,145
08/21/2019,ASE,CO,ANM,WE,Combined TRACON& Tower with Radar,30,30,49,0,109,0,1,10,0,11,30,31,59,0,120,16,0,16,136
08/22/2019,ASE,CO,ANM,WE,Combined TRACON& Tower with Radar,31,25,60,0,116,0,0,11,0,11,31,25,71,0,127,14,0,14,141
08/23/2019,ASE,CO,ANM,WE,Combined TRACON& Tower with Radar,28,36,41,0,105,0,0,11,0,11,28,36,52,0,116,7,0,7,123
08/24/2019,ASE,CO,ANM,WE,Combined TRACON& Tower with Radar,33,36,29,0,98,0,0,10,0,10,33,36,39,0,108,37,0,37,145
08/25/2019,ASE,CO,ANM,WE,Combined TRACON& Tower with Radar,28,31,56,0,115,0,0,6,0,6,28,31,62,0,121,15,2,17,138
08/26/2019,ASE,CO,ANM,WE,Combined TRACON& Tower with Radar,26,39,52,0,117,0,0,12,0,12,26,39,64,0,129,15,1,16,145
08/27/2019,ASE,CO,ANM,WE,Combined TRACON& Tower with Radar,25,44,53,0,122,0,0,13,1,14,25,44,66,1,136,33,2,35,171
08/28/2019,ASE,CO,ANM,WE,Combined TRACON& Tower with Radar,30,44,44,0,118,0,0,8,1,9,30,44,52,1,127,18,0,18,145
08/29/2019,ASE,CO,ANM,WE,Combined TRACON& Tower with Radar,28,58,87,0,173,0,0,13,0,13,28,58,100,0,186,12,0,12,198
08/30/2019,ASE,CO,ANM,WE,Combined TRACON& Tower with Radar,28,69,87,0,184,0,0,17,0,17,28,69,104,0,201,19,0,19,220
08/31/2019,ASE,CO,ANM,WE,Combined TRACON& Tower with Radar,35,28,40,0,103,0,0,14,0,14,35,28,54,0,117,24,0,24,141
09/01/2019,ASE,CO,ANM,WE,Combined TRACON& Tower with Radar,28,36,37,0,101,0,0,16,0,16,28,36,53,0,117,23,0,23,140
09/02/2019,ASE,CO,ANM,WE,Combined TRACON& Tower with Radar,28,92,147,0,267,0,0,19,0,19,28,92,166,0,286,18,1,19,305
09/03/2019,ASE,CO,ANM,WE,Combined TRACON& Tower with Radar,24,55,50,0,129,0,0,8,0,8,24,55,58,0,137,19,0,19,156
09/04/2019,ASE,CO,ANM,WE,Combined TRACON& Tower with Radar,24,23,28,0,75,0,0,10,0,10,24,23,38,0,85,16,0,16,101
09/05/2019,ASE,CO,ANM,WE,Combined TRACON& Tower with Radar,24,31,28,0,83,0,0,7,0,7,24,31,35,0,90,6,0,6,96
09/06/2019,ASE,CO,ANM,WE,Combined TRACON& Tower with Radar,23,35,30,1,89,0,0,6,0,6,23,35,36,1,95,17,0,17,112
09/07/2019,ASE,CO,ANM,WE,Combined TRACON& Tower with Radar,26,16,31,1,74,0,0,6,0,6,26,16,37,1,80,36,0,36,116
09/08/2019,ASE,CO,ANM,WE,Combined TRACON& Tower with Radar,24,30,38,0,92,0,0,9,0,9,24,30,47,0,101,20,0,20,121
09/09/2019,ASE,CO,ANM,WE,Combined TRACON& Tower with Radar,24,35,30,0,89,0,0,7,0,7,24,35,37,0,96,39,0,39,135
09/10/2019,ASE,CO,ANM,WE,Combined TRACON& Tower with Radar,23,19,32,2,76,0,0,3,0,3,23,19,35,2,79,12,0,12,91
09/11/2019,ASE,CO,ANM,WE,Combined TRACON& Tower with Radar,23,18,32,0,73,0,0,2,0,2,23,18,34,0,75,5,0,5,80
09/12/2019,ASE,CO,ANM,WE,Combined TRACON& Tower with Radar,23,40,34,0,97,0,0,8,0,8,23,40,42,0,105,27,0,27,132
09/13/2019,ASE,CO,ANM,WE,Combined TRACON& Tower with Radar,23,28,38,3,92,0,0,12,1,13,23,28,50,4,105,32,3,35,140
09/14/2019,ASE,CO,ANM,WE,Combined TRACON& Tower with Radar,26,19,23,0,68,0,0,12,0,12,26,19,35,0,80,21,2,23,103
09/15/2019,ASE,CO,ANM,WE,Combined TRACON& Tower with Radar,24,45,56,0,125,0,0,11,0,11,24,45,67,0,136,19,0,19,155
09/16/2019,ASE,CO,ANM,WE,Combined TRACON& Tower with Radar,24,20,22,0,66,0,0,1,1,2,24,20,23,1,68,17,0,17,85
09/17/2019,ASE,CO,ANM,WE,Combined TRACON& Tower with Radar,24,15,24,0,63,0,0,4,0,4,24,15,28,0,67,15,0,15,82
09/18/2019,ASE,CO,ANM,WE,Combined TRACON& Tower with Radar,22,31,41,0,94,0,0,5,0,5,22,31,46,0,99,10,0,10,109
09/19/2019,ASE,CO,ANM,WE,Combined TRACON& Tower with Radar,22,49,71,0,142,0,0,7,0,7,22,49,78,0,149,15,0,15,164
09/20/2019,ASE,CO,ANM,WE,Combined TRACON& Tower with Radar,24,43,51,1,119,0,0,2,0,2,24,43,53,1,121,2,0,2,123
09/21/2019,ASE,CO,ANM,WE,Combined TRACON& Tower with Radar,25,54,38,1,118,0,0,9,0,9,25,54,47,1,127,21,0,21,148
09/22/2019,ASE,CO,ANM,WE,Combined TRACON& Tower with Radar,24,55,62,0,141,0,0,6,0,6,24,55,68,0,147,13,0,13,160
09/23/2019,ASE,CO,ANM,WE,Combined TRACON& Tower with Radar,25,21,35,0,81,0,0,12,0,12,25,21,47,0,93,31,0,31,124
09/24/2019,ASE,CO,ANM,WE,Combined TRACON& Tower with Radar,23,23,33,0,79,0,0,12,0,12,23,23,45,0,91,19,0,19,110
09/25/2019,ASE,CO,ANM,WE,Combined TRACON& Tower with Radar,23,20,33,0,76,0,0,10,0,10,23,20,43,0,86,29,0,29,115
09/26/2019,ASE,CO,ANM,WE,Combined TRACON& Tower with Radar,24,24,43,0,91,0,0,4,0,4,24,24,47,0,95,36,0,36,131
09/27/2019,ASE,CO,ANM,WE,Combined TRACON& Tower with Radar,23,33,43,0,99,0,0,8,0,8,23,33,51,0,107,9,0,9,116
09/28/2019,ASE,CO,ANM,WE,Combined TRACON& Tower with Radar,24,18,18,0,60,0,0,6,0,6,24,18,24,0,66,34,0,34,100
09/29/2019,ASE,CO,ANM,WE,Combined TRACON& Tower with Radar,24,9,32,0,65,0,0,7,4,11,24,9,39,4,76,4,0,4,80
09/30/2019,ASE,CO,ANM,WE,Combined TRACON& Tower with Radar,25,30,26,0,81,0,0,5,0,5,25,30,31,0,86,3,0,3,89
10/01/2019,ASE,CO,ANM,WE,Combined TRACON& Tower with Radar,24,23,29,0,76,0,0,5,0,5,24,23,34,0,81,11,0,11,92
10/02/2019,ASE,CO,ANM,WE,Combined TRACON& Tower with Radar,24,13,26,0,63,0,0,3,0,3,24,13,29,0,66,15,1,16,82
10/03/2019,ASE,CO,ANM,WE,Combined TRACON& Tower with Radar,20,19,25,0,64,0,0,13,0,13,20,19,38,0,77,20,2,22,99
10/04/2019,ASE,CO,ANM,WE,Combined TRACON& Tower with Radar,21,15,34,0,70,0,0,2,0,2,21,15,36,0,72,6,2,8,80
10/05/2019,ASE,CO,ANM,WE,Combined TRACON& Tower with Radar,18,14,12,0,44,0,0,11,0,11,18,14,23,0,55,47,0,47,102
10/06/2019,ASE,CO,ANM,WE,Combined TRACON& Tower with Radar,17,16,45,0,78,0,0,5,0,5,17,16,50,0,83,33,0,33,116
10/07/2019,ASE,CO,ANM,WE,Combined TRACON& Tower with Radar,16,9,34,0,59,0,0,8,0,8,16,9,42,0,67,21,0,21,88
10/08/2019,ASE,CO,ANM,WE,Combined TRACON& Tower with Radar,16,19,18,0,53,0,0,9,2,11,16,19,27,2,64,30,0,30,94
10/09/2019,ASE,CO,ANM,WE,Combined TRACON& Tower with Radar,16,14,16,0,46,0,0,4,0,4,16,14,20,0,50,3,0,3,53
10/10/2019,ASE,CO,ANM,WE,Combined TRACON& Tower with Radar,9,7,9,0,25,0,0,0,0,0,9,7,9,0,25,6,0,6,31
10/11/2019,ASE,CO,ANM,WE,Combined TRACON& Tower with Radar,13,32,40,1,86,0,0,6,0,6,13,32,46,1,92,18,0,18,110
10/12/2019,ASE,CO,ANM,WE,Combined TRACON& Tower with Radar,16,21,10,0,47,0,0,6,0,6,16,21,16,0,53,29,0,29,82
10/13/2019,ASE,CO,ANM,WE,Combined TRACON& Tower with Radar,16,22,21,0,59,0,0,8,0,8,16,22,29,0,67,31,0,31,98
10/14/2019,ASE,CO,ANM,WE,Combined TRACON& Tower with Radar,16,38,28,1,83,0,0,9,0,9,16,38,37,1,92,10,0,10,102
10/15/2019,ASE,CO,ANM,WE,Combined TRACON& Tower with Radar,16,20,20,0,56,0,0,8,0,8,16,20,28,0,64,28,0,28,92
10/16/2019,ASE,CO,ANM,WE,Combined TRACON& Tower with Radar,16,9,22,0,47,0,0,10,2,12,16,9,32,2,59,27,2,29,88
10/17/2019,ASE,CO,ANM,WE,Combined TRACON& Tower with Radar,15,24,27,0,66,0,0,6,0,6,15,24,33,0,72,17,0,17,89
10/18/2019,ASE,CO,ANM,WE,Combined TRACON& Tower with Radar,22,6,8,0,36,0,0,0,0,0,22,6,8,0,36,1,0,1,37
10/19/2019,ASE,CO,ANM,WE,Combined TRACON& Tower with Radar,16,22,10,0,48,0,0,9,0,9,16,22,19,0,57,29,0,29,86
10/20/2019,ASE,CO,ANM,WE,Combined TRACON& Tower with Radar,10,3,18,0,31,0,0,1,0,1,10,3,19,0,32,1,0,1,33
10/21/2019,ASE,CO,ANM,WE,Combined TRACON& Tower with Radar,10,7,14,0,31,0,0,2,0,2,10,7,16,0,33,2,0,2,35
10/22/2019,ASE,CO,ANM,WE,Combined TRACON& Tower with Radar,14,11,11,0,36,0,0,1,1,2,14,11,12,1,38,11,0,11,49
10/23/2019,ASE,CO,ANM,WE,Combined TRACON& Tower with Radar,16,13,18,0,47,0,0,5,0,5,16,13,23,0,52,14,0,14,66
10/24/2019,ASE,CO,ANM,WE,Combined TRACON& Tower with Radar,18,13,19,2,52,0,0,7,0,7,18,13,26,2,59,6,0,6,65
10/25/2019,ASE,CO,ANM,WE,Combined TRACON& Tower with Radar,16,13,14,0,43,0,0,6,0,6,16,13,20,0,49,15,0,15,64
10/26/2019,ASE,CO,ANM,WE,Combined TRACON& Tower with Radar,16,17,8,0,41,0,0,9,0,9,16,17,17,0,50,21,0,21,71
10/27/2019,ASE,CO,ANM,WE,Combined TRACON& Tower with Radar,12,8,13,0,33,0,0,2,0,2,12,8,15,0,35,9,0,9,44
10/28/2019,ASE,CO,ANM,WE,Combined TRACON& Tower with Radar,13,4,10,0,27,0,0,2,0,2,13,4,12,0,29,2,0,2,31
10/29/2019,ASE,CO,ANM,WE,Combined TRACON& Tower with Radar,8,2,9,0,19,0,0,0,0,0,8,2,9,0,19,0,0,0,19
10/30/2019,ASE,CO,ANM,WE,Combined TRACON& Tower with Radar,8,8,8,0,24,0,0,1,0,1,8,8,9,0,25,2,0,2,27
10/31/2019,ASE,CO,ANM,WE,Combined TRACON& Tower with Radar,13,5,11,0,29,0,0,5,0,5,13,5,16,0,34,24,0,24,58
11/01/2019,ASE,CO,ANM,WE,Combined TRACON& Tower with Radar,13,14,21,0,48,0,0,5,0,5,13,14,26,0,53,28,0,28,81
11/02/2019,ASE,CO,ANM,WE,Combined TRACON& Tower with Radar,13,8,12,0,33,0,0,7,0,7,13,8,19,0,40,20,0,20,60
11/03/2019,ASE,CO,ANM,WE,Combined TRACON& Tower with Radar,13,11,13,0,37,0,0,6,0,6,13,11,19,0,43,13,0,13,56
11/04/2019,ASE,CO,ANM,WE,Combined TRACON& Tower with Radar,13,7,23,0,43,0,0,1,0,1,13,7,24,0,44,7,0,7,51
11/05/2019,ASE,CO,ANM,WE,Combined TRACON& Tower with Radar,10,12,9,0,31,0,0,2,0,2,10,12,11,0,33,10,0,10,43
11/06/2019,ASE,CO,ANM,WE,Combined TRACON& Tower with Radar,9,6,9,0,24,0,0,8,0,8,9,6,17,0,32,29,0,29,61
11/07/2019,ASE,CO,ANM,WE,Combined TRACON& Tower with Radar,13,9,5,0,27,0,0,4,0,4,13,9,9,0,31,5,0,5,36
11/08/2019,ASE,CO,ANM,WE,Combined TRACON& Tower with Radar,13,5,7,0,25,0,0,6,2,8,13,5,13,2,33,37,1,38,71
11/09/2019,ASE,CO,ANM,WE,Combined TRACON& Tower with Radar,13,7,5,0,25,0,0,10,0,10,13,7,15,0,35,32,0,32,67
11/10/2019,ASE,CO,ANM,WE,Combined TRACON& Tower with Radar,13,11,11,0,35,0,0,5,0,5,13,11,16,0,40,6,0,6,46
11/11/2019,ASE,CO,ANM,WE,Combined TRACON& Tower with Radar,13,11,7,0,31,0,0,5,0,5,13,11,12,0,36,11,0,11,47
11/12/2019,ASE,CO,ANM,WE,Combined TRACON& Tower with Radar,10,10,7,0,27,0,0,6,0,6,10,10,13,0,33,5,0,5,38
11/13/2019,ASE,CO,ANM,WE,Combined TRACON& Tower with Radar,10,11,11,0,32,0,0,1,0,1,10,11,12,0,33,16,0,16,49
11/14/2019,ASE,CO,ANM,WE,Combined TRACON& Tower with Radar,13,10,12,0,35,0,0,5,2,7,13,10,17,2,42,17,0,17,59
11/15/2019,ASE,CO,ANM,WE,Combined TRACON& Tower with Radar,13,5,25,0,43,0,0,13,0,13,13,5,38,0,56,27,0,27,83
11/16/2019,ASE,CO,ANM,WE,Combined TRACON& Tower with Radar,13,6,5,0,24,0,0,1,0,1,13,6,6,0,25,2,0,2,27
11/17/2019,ASE,CO,ANM,WE,Combined TRACON& Tower with Radar,13,10,9,0,32,0,12,4,0,16,13,22,13,0,48,25,0,25,73
11/18/2019,ASE,CO,ANM,WE,Combined TRACON& Tower with Radar,13,10,9,0,32,0,10,1,0,11,13,20,10,0,43,12,0,12,55
11/19/2019,ASE,CO,ANM,WE,Combined TRACON& Tower with Radar,10,8,13,0,31,0,0,14,0,14,10,8,27,0,45,14,0,14,59
11/20/2019,ASE,CO,ANM,WE,Combined TRACON& Tower with Radar,9,11,13,0,33,0,0,1,0,1,9,11,14,0,34,2,0,2,36
11/21/2019,ASE,CO,ANM,WE,Combined TRACON& Tower with Radar,14,3,12,0,29,0,0,1,0,1,14,3,13,0,30,0,0,0,30
11/22/2019,ASE,CO,ANM,WE,Combined TRACON& Tower with Radar,4,1,14,0,19,0,0,0,0,0,4,1,14,0,19,0,0,0,19
11/23/2019,ASE,CO,ANM,WE,Combined TRACON& Tower with Radar,17,32,36,0,85,0,0,9,0,9,17,32,45,0,94,15,0,15,109
11/24/2019,ASE,CO,ANM,WE,Combined TRACON& Tower with Radar,15,23,10,0,48,0,0,5,0,5,15,23,15,0,53,27,2,29,82
11/25/2019,ASE,CO,ANM,WE,Combined TRACON& Tower with Radar,14,3,10,0,27,0,0,3,0,3,14,3,13,0,30,2,0,2,32
11/26/2019,ASE,CO,ANM,WE,Combined TRACON& Tower with Radar,4,2,5,0,11,0,0,0,0,0,4,2,5,0,11,0,0,0,11
11/27/2019,ASE,CO,ANM,WE,Combined TRACON& Tower with Radar,15,13,31,0,59,0,0,2,0,2,15,13,33,0,61,0,0,0,61
11/28/2019,ASE,CO,ANM,WE,Combined TRACON& Tower with Radar,10,4,8,0,22,0,0,2,0,2,10,4,10,0,24,1,0,1,25
11/29/2019,ASE,CO,ANM,WE,Combined TRACON& Tower with Radar,5,1,2,0,8,0,0,0,0,0,5,1,2,0,8,0,0,0,8
11/30/2019,ASE,CO,ANM,WE,Combined TRACON& Tower with Radar,17,4,12,0,33,0,0,2,0,2,17,4,14,0,35,0,0,0,35
12/01/2019,ASE,CO,ANM,WE,Combined TRACON& Tower with Radar,18,50,72,0,140,0,0,9,0,9,18,50,81,0,149,12,0,12,161
12/02/2019,ASE,CO,ANM,WE,Combined TRACON& Tower with Radar,15,20,27,0,62,0,0,3,0,3,15,20,30,0,65,18,0,18,83
12/03/2019,ASE,CO,ANM,WE,Combined TRACON& Tower with Radar,12,5,14,0,31,0,0,7,0,7,12,5,21,0,38,7,0,7,45
12/04/2019,ASE,CO,ANM,WE,Combined TRACON& Tower with Radar,27,11,13,0,51,0,0,5,0,5,27,11,18,0,56,18,0,18,74
12/05/2019,ASE,CO,ANM,WE,Combined TRACON& Tower with Radar,24,4,7,0,35,0,0,0,0,0,24,4,7,0,35,0,0,0,35
12/06/2019,ASE,CO,ANM,WE,Combined TRACON& Tower with Radar,27,16,19,0,62,0,0,0,0,0,27,16,19,0,62,8,0,8,70
12/07/2019,ASE,CO,ANM,WE,Combined TRACON& Tower with Radar,24,9,20,0,53,0,0,1,0,1,24,9,21,0,54,65,0,65,119
12/08/2019,ASE,CO,ANM,WE,Combined TRACON& Tower with Radar,18,6,7,0,31,0,0,0,0,0,18,6,7,0,31,0,0,0,31
12/09/2019,ASE,CO,ANM,WE,Combined TRACON& Tower with Radar,31,6,24,0,61,0,0,2,0,2,31,6,26,0,63,0,0,0,63
12/10/2019,ASE,CO,ANM,WE,Combined TRACON& Tower with Radar,27,19,16,0,62,0,0,0,0,0,27,19,16,0,62,7,0,7,69
12/11/2019,ASE,CO,ANM,WE,Combined TRACON& Tower with Radar,27,14,22,0,63,0,0,7,0,7,27,14,29,0,70,13,0,13,83
12/12/2019,ASE,CO,ANM,WE,Combined TRACON& Tower with Radar,26,27,35,0,88,0,0,1,0,1,26,27,36,0,89,0,0,0,89
12/13/2019,ASE,CO,ANM,WE,Combined TRACON& Tower with Radar,23,3,8,0,34,0,0,0,0,0,23,3,8,0,34,0,0,0,34
12/14/2019,ASE,CO,ANM,WE,Combined TRACON& Tower with Radar,23,10,6,0,39,0,0,0,0,0,23,10,6,0,39,0,0,0,39
12/15/2019,ASE,CO,ANM,WE,Combined TRACON& Tower with Radar,27,28,34,0,89,0,0,0,0,0,27,28,34,0,89,0,0,0,89
12/16/2019,ASE,CO,ANM,WE,Combined TRACON& Tower with Radar,27,31,25,0,83,0,0,4,0,4,27,31,29,0,87,9,0,9,96
12/17/2019,ASE,CO,ANM,WE,Combined TRACON& Tower with Radar,27,23,40,0,90,0,0,8,0,8,27,23,48,0,98,14,0,14,112
12/18/2019,ASE,CO,ANM,WE,Combined TRACON& Tower with Radar,39,39,44,0,122,0,0,10,0,10,39,39,54,0,132,23,0,23,155
12/19/2019,ASE,CO,ANM,WE,Combined TRACON& Tower with Radar,60,57,48,0,165,0,0,9,0,9,60,57,57,0,174,18,0,18,192
12/20/2019,ASE,CO,ANM,WE,Combined TRACON& Tower with Radar,60,82,82,0,224,0,0,7,0,7,60,82,89,0,231,9,0,9,240
12/21/2019,ASE,CO,ANM,WE,Combined TRACON& Tower with Radar,64,95,90,0,249,0,0,4,0,4,64,95,94,0,253,8,0,8,261
12/22/2019,ASE,CO,ANM,WE,Combined TRACON& Tower with Radar,73,67,61,0,201,0,0,6,0,6,73,67,67,0,207,9,0,9,216
12/23/2019,ASE,CO,ANM,WE,Combined TRACON& Tower with Radar,69,42,66,0,177,0,0,4,0,4,69,42,70,0,181,13,0,13,194
12/24/2019,ASE,CO,ANM,WE,Combined TRACON& Tower with Radar,53,40,35,0,128,0,0,1,0,1,53,40,36,0,129,2,0,2,131
12/25/2019,ASE,CO,ANM,WE,Combined TRACON& Tower with Radar,61,36,32,0,129,0,0,0,0,0,61,36,32,0,129,0,0,0,129
12/26/2019,ASE,CO,ANM,WE,Combined TRACON& Tower with Radar,63,84,113,0,260,0,0,4,0,4,63,84,117,0,264,8,0,8,272
12/27/2019,ASE,CO,ANM,WE,Combined TRACON& Tower with Radar,29,43,52,0,124,0,0,1,0,1,29,43,53,0,125,3,0,3,128
12/28/2019,ASE,CO,ANM,WE,Combined TRACON& Tower with Radar,19,9,11,0,39,0,0,0,0,0,19,9,11,0,39,0,0,0,39
12/29/2019,ASE,CO,ANM,WE,Combined TRACON& Tower with Radar,60,75,64,0,199,0,0,7,0,7,60,75,71,0,206,7,0,7,213
12/30/2019,ASE,CO,ANM,WE,Combined TRACON& Tower with Radar,64,58,66,2,190,0,1,3,1,5,64,59,69,3,195,14,0,14,209
12/31/2019,ASE,CO,ANM,WE,Combined TRACON& Tower with Radar,64,46,45,0,155,0,2,9,0,11,64,48,54,0,166,21,0,21,187
01/01/2020,ASE,CO,ANM,WE,Combined TRACON& Tower with Radar,18,43,39,0,100,0,0,1,0,1,18,43,40,0,101,1,0,1,102
01/02/2020,ASE,CO,ANM,WE,Combined TRACON& Tower with Radar,62,41,65,0,168,0,0,3,0,3,62,41,68,0,171,8,0,8,179
01/03/2020,ASE,CO,ANM,WE,Combined TRACON& Tower with Radar,55,103,73,0,231,0,0,6,0,6,55,103,79,0,237,2,0,2,239
01/04/2020,ASE,CO,ANM,WE,Combined TRACON& Tower with Radar,67,104,122,0,293,0,0,5,0,5,67,104,127,0,298,7,0,7,305
01/05/2020,ASE,CO,ANM,WE,Combined TRACON& Tower with Radar,65,113,104,0,282,0,0,9,0,9,65,113,113,0,291,9,0,9,300
01/06/2020,ASE,CO,ANM,WE,Combined TRACON& Tower with Radar,53,50,69,0,172,0,0,4,0,4,53,50,73,0,176,3,0,3,179
01/07/2020,ASE,CO,ANM,WE,Combined TRACON& Tower with Radar,52,27,46,2,127,0,0,10,0,10,52,27,56,2,137,9,0,9,146
01/08/2020,ASE,CO,ANM,WE,Combined TRACON& Tower with Radar,53,26,29,0,108,0,0,1,0,1,53,26,30,0,109,6,0,6,115
01/09/2020,ASE,CO,ANM,WE,Combined TRACON& Tower with Radar,51,16,28,0,95,0,0,1,0,1,51,16,29,0,96,0,0,0,96
01/10/2020,ASE,CO,ANM,WE,Combined TRACON& Tower with Radar,46,19,30,0,95,0,0,1,0,1,46,19,31,0,96,0,0,0,96
01/11/2020,ASE,CO,ANM,WE,Combined TRACON& Tower with Radar,32,25,28,0,85,0,0,2,0,2,32,25,30,0,87,18,0,18,105
01/12/2020,ASE,CO,ANM,WE,Combined TRACON& Tower with Radar,51,30,42,2,125,0,0,0,0,0,51,30,42,2,125,3,0,3,128
01/13/2020,ASE,CO,ANM,WE,Combined TRACON& Tower with Radar,45,7,8,0,60,0,0,0,0,0,45,7,8,0,60,0,0,0,60
01/14/2020,ASE,CO,ANM,WE,Combined TRACON& Tower with Radar,52,12,21,0,85,0,0,3,0,3,52,12,24,0,88,1,0,1,89
01/15/2020,ASE,CO,ANM,WE,Combined TRACON& Tower with Radar,52,43,27,0,122,0,0,14,0,14,52,43,41,0,136,13,0,13,149
01/16/2020,ASE,CO,ANM,WE,Combined TRACON& Tower with Radar,54,42,49,0,145,0,0,3,0,3,54,42,52,0,148,4,0,4,152
01/17/2020,ASE,CO,ANM,WE,Combined TRACON& Tower with Radar,14,6,13,0,33,0,0,0,0,0,14,6,13,0,33,0,0,0,33
01/18/2020,ASE,CO,ANM,WE,Combined TRACON& Tower with Radar,47,30,33,0,110,0,0,2,0,2,47,30,35,0,112,23,0,23,135
01/19/2020,ASE,CO,ANM,WE,Combined TRACON& Tower with Radar,53,35,43,0,131,0,0,8,0,8,53,35,51,0,139,14,0,14,153
01/20/2020,ASE,CO,ANM,WE,Combined TRACON& Tower with Radar,52,75,88,0,215,0,0,7,0,7,52,75,95,0,222,8,0,8,230
01/21/2020,ASE,CO,ANM,WE,Combined TRACON& Tower with Radar,40,5,19,0,64,0,0,0,0,0,40,5,19,0,64,0,0,0,64
01/22/2020,ASE,CO,ANM,WE,Combined TRACON& Tower with Radar,49,4,21,0,74,0,0,1,0,1,49,4,22,0,75,0,0,0,75
01/23/2020,ASE,CO,ANM,WE,Combined TRACON& Tower with Radar,52,7,25,0,84,0,0,1,0,1,52,7,26,0,85,0,0,0,85
01/24/2020,ASE,CO,ANM,WE,Combined TRACON& Tower with Radar,51,24,56,0,131,0,0,7,0,7,51,24,63,0,138,12,0,12,150
01/25/2020,ASE,CO,ANM,WE,Combined TRACON& Tower with Radar,55,19,27,0,101,0,0,1,0,1,55,19,28,0,102,4,0,4,106
01/26/2020,ASE,CO,ANM,WE,Combined TRACON& Tower with Radar,53,63,70,0,186,0,0,11,0,11,53,63,81,0,197,19,0,19,216
01/27/2020,ASE,CO,ANM,WE,Combined TRACON& Tower with Radar,36,6,12,0,54,0,0,0,0,0,36,6,12,0,54,0,0,0,54
01/28/2020,ASE,CO,ANM,WE,Combined TRACON& Tower with Radar,56,18,34,0,108,0,0,5,2,7,56,18,39,2,115,17,0,17,132
01/29/2020,ASE,CO,ANM,WE,Combined TRACON& Tower with Radar,52,24,22,0,98,0,0,1,0,1,52,24,23,0,99,12,0,12,111
01/30/2020,ASE,CO,ANM,WE,Combined TRACON& Tower with Radar,50,32,25,0,107,0,0,1,0,1,50,32,26,0,108,0,0,0,108
01/31/2020,ASE,CO,ANM,WE,Combined TRACON& Tower with Radar,51,41,34,0,126,0,1,6,0,7,51,42,40,0,133,10,0,10,143
02/01/2020,ASE,CO,ANM,WE,Combined TRACON& Tower with Radar,52,39,32,2,125,0,0,7,0,7,52,39,39,2,132,25,0,25,157
02/02/2020,ASE,CO,ANM,WE,Combined TRACON& Tower with Radar,52,50,39,0,141,0,0,5,0,5,52,50,44,0,146,9,0,9,155
02/03/2020,ASE,CO,ANM,WE,Combined TRACON& Tower with Radar,37,8,27,0,72,0,0,0,0,0,37,8,27,0,72,0,0,0,72
02/04/2020,ASE,CO,ANM,WE,Combined TRACON& Tower with Radar,51,17,10,0,78,0,0,1,0,1,51,17,11,0,79,1,0,1,80
02/05/2020,ASE,CO,ANM,WE,Combined TRACON& Tower with Radar,51,26,30,0,107,0,0,2,0,2,51,26,32,0,109,3,0,3,112
02/06/2020,ASE,CO,ANM,WE,Combined TRACON& Tower with Radar,8,2,6,0,16,0,0,0,0,0,8,2,6,0,16,0,0,0,16
02/07/2020,ASE,CO,ANM,WE,Combined TRACON& Tower with Radar,8,1,7,0,16,0,0,0,0,0,8,1,7,0,16,0,0,0,16
02/08/2020,ASE,CO,ANM,WE,Combined TRACON& Tower with Radar,56,48,58,0,162,0,0,11,0,11,56,48,69,0,173,6,0,6,179
02/09/2020,ASE,CO,ANM,WE,Combined TRACON& Tower with Radar,52,5,10,0,67,0,0,0,0,0,52,5,10,0,67,0,0,0,67
02/10/2020,ASE,CO,ANM,WE,Combined TRACON& Tower with Radar,42,10,20,0,72,0,0,0,0,0,42,10,20,0,72,5,0,5,77
02/11/2020,ASE,CO,ANM,WE,Combined TRACON& Tower with Radar,50,20,37,0,107,0,0,10,1,11,50,20,47,1,118,13,1,14,132
02/12/2020,ASE,CO,ANM,WE,Combined TRACON& Tower with Radar,50,28,50,2,130,0,0,1,0,1,50,28,51,2,131,4,0,4,135
02/13/2020,ASE,CO,ANM,WE,Combined TRACON& Tower with Radar,53,81,97,0,231,0,0,3,0,3,53,81,100,0,234,1,0,1,235
02/14/2020,ASE,CO,ANM,WE,Combined TRACON& Tower with Radar,60,58,99,0,217,0,0,9,0,9,60,58,108,0,226,11,0,11,237
02/15/2020,ASE,CO,ANM,WE,Combined TRACON& Tower with Radar,69,65,55,0,189,0,0,5,0,5,69,65,60,0,194,0,0,0,194
02/16/2020,ASE,CO,ANM,WE,Combined TRACON& Tower with Radar,60,28,24,0,112,0,0,0,0,0,60,28,24,0,112,0,0,0,112
02/17/2020,ASE,CO,ANM,WE,Combined TRACON& Tower with Radar,56,48,124,0,228,0,0,1,0,1,56,48,125,0,229,4,0,4,233
02/18/2020,ASE,CO,ANM,WE,Combined TRACON& Tower with Radar,57,98,67,0,222,0,0,6,0,6,57,98,73,0,228,0,0,0,228
02/19/2020,ASE,CO,ANM,WE,Combined TRACON& Tower with Radar,57,42,51,0,150,0,0,5,0,5,57,42,56,0,155,29,0,29,184
02/20/2020,ASE,CO,ANM,WE,Combined TRACON& Tower with Radar,57,48,57,0,162,0,0,16,0,16,57,48,73,0,178,32,0,32,210
02/21/2020,ASE,CO,ANM,WE,Combined TRACON& Tower with Radar,57,56,48,0,161,0,0,8,2,10,57,56,56,2,171,15,1,16,187
02/22/2020,ASE,CO,ANM,WE,Combined TRACON& Tower with Radar,68,53,74,0,195,0,0,5,0,5,68,53,79,0,200,15,0,15,215
02/23/2020,ASE,CO,ANM,WE,Combined TRACON& Tower with Radar,43,12,31,0,86,0,0,0,0,0,43,12,31,0,86,0,0,0,86
02/24/2020,ASE,CO,ANM,WE,Combined TRACON& Tower with Radar,49,7,25,0,81,0,0,1,0,1,49,7,26,0,82,0,0,0,82
02/25/2020,ASE,CO,ANM,WE,Combined TRACON& Tower with Radar,56,7,18,0,81,0,0,2,0,2,56,7,20,0,83,2,0,2,85
02/26/2020,ASE,CO,ANM,WE,Combined TRACON& Tower with Radar,57,33,36,0,126,0,0,6,0,6,57,33,42,0,132,9,0,9,141
02/27/2020,ASE,CO,ANM,WE,Combined TRACON& Tower with Radar,58,51,37,0,146,0,0,5,0,5,58,51,42,0,151,5,0,5,156
02/28/2020,ASE,CO,ANM,WE,Combined TRACON& Tower with Radar,58,49,40,0,147,0,1,2,0,3,58,50,42,0,150,20,0,20,170
02/29/2020,ASE,CO,ANM,WE,Combined TRACON& Tower with Radar,69,64,56,0,189,0,0,2,0,2,69,64,58,0,191,29,0,29,220
03/01/2020,ASE,CO,ANM,WE,Combined TRACON& Tower with Radar,56,56,74,0,186,0,0,2,0,2,56,56,76,0,188,20,0,20,208
03/02/2020,ASE,CO,ANM,WE,Combined TRACON& Tower with Radar,69,9,32,0,110,0,0,0,0,0,69,9,32,0,110,0,0,0,110
03/03/2020,ASE,CO,ANM,WE,Combined TRACON& Tower with Radar,63,24,36,0,123,0,0,7,0,7,63,24,43,0,130,39,0,39,169
03/04/2020,ASE,CO,ANM,WE,Combined TRACON& Tower with Radar,58,20,30,0,108,0,0,15,1,16,58,20,45,1,124,21,2,23,147
03/05/2020,ASE,CO,ANM,WE,Combined TRACON& Tower with Radar,59,41,38,0,138,0,0,7,0,7,59,41,45,0,145,27,0,27,172
03/06/2020,ASE,CO,ANM,WE,Combined TRACON& Tower with Radar,59,46,47,0,152,0,0,6,0,6,59,46,53,0,158,19,0,19,177
03/07/2020,ASE,CO,ANM,WE,Combined TRACON& Tower with Radar,70,59,51,0,180,0,0,11,0,11,70,59,62,0,191,13,0,13,204
03/08/2020,ASE,CO,ANM,WE,Combined TRACON& Tower with Radar,57,63,75,0,195,0,0,0,0,0,57,63,75,0,195,13,0,13,208
03/09/2020,ASE,CO,ANM,WE,Combined TRACON& Tower with Radar,61,33,53,0,147,0,0,6,0,6,61,33,59,0,153,6,0,6,159
03/10/2020,ASE,CO,ANM,WE,Combined TRACON& Tower with Radar,57,27,33,0,117,0,0,2,0,2,57,27,35,0,119,2,0,2,121
03/11/2020,ASE,CO,ANM,WE,Combined TRACON& Tower with Radar,58,31,26,0,115,0,0,2,0,2,58,31,28,0,117,32,0,32,149
03/12/2020,ASE,CO,ANM,WE,Combined TRACON& Tower with Radar,59,52,55,0,166,0,0,1,0,1,59,52,56,0,167,18,0,18,185
03/13/2020,ASE,CO,ANM,WE,Combined TRACON& Tower with Radar,59,23,45,0,127,0,0,0,0,0,59,23,45,0,127,12,0,12,139
03/14/2020,ASE,CO,ANM,WE,Combined TRACON& Tower with Radar,71,55,77,0,203,0,0,2,0,2,71,55,79,0,205,10,0,10,215
03/15/2020,ASE,CO,ANM,WE,Combined TRACON& Tower with Radar,57,53,58,0,168,0,0,7,0,7,57,53,65,0,175,32,0,32,207
03/16/2020,ASE,CO,ANM,WE,Combined TRACON& Tower with Radar,59,51,41,0,151,0,0,12,0,12,59,51,53,0,163,11,0,11,174
03/17/2020,ASE,CO,ANM,WE,Combined TRACON& Tower with Radar,58,27,18,0,103,0,0,0,0,0,58,27,18,0,103,6,0,6,109
03/18/2020,ASE,CO,ANM,WE,Combined TRACON& Tower with Radar,52,13,15,0,80,0,0,0,0,0,52,13,15,0,80,4,1,5,85
03/19/2020,ASE,CO,ANM,WE,Combined TRACON& Tower with Radar,16,1,0,0,17,0,0,0,0,0,16,1,0,0,17,0,0,0,17
03/20/2020,ASE,CO,ANM,WE,Combined TRACON& Tower with Radar,48,2,11,0,61,0,0,0,0,0,48,2,11,0,61,17,0,17,78
03/21/2020,ASE,CO,ANM,WE,Combined TRACON& Tower with Radar,15,12,3,0,30,0,0,0,0,0,15,12,3,0,30,11,0,11,41
03/22/2020,ASE,CO,ANM,WE,Combined TRACON& Tower with Radar,8,11,5,0,24,0,0,4,0,4,8,11,9,0,28,8,0,8,36
03/23/2020,ASE,CO,ANM,WE,Combined TRACON& Tower with Radar,8,1,1,0,10,0,0,0,0,0,8,1,1,0,10,9,0,9,19
03/24/2020,ASE,CO,ANM,WE,Combined TRACON& Tower with Radar,5,5,5,0,15,0,0,1,0,1,5,5,6,0,16,12,0,12,28
03/25/2020,ASE,CO,ANM,WE,Combined TRACON& Tower with Radar,8,2,7,0,17,0,0,3,0,3,8,2,10,0,20,1,0,1,21
03/26/2020,ASE,CO,ANM,WE,Combined TRACON& Tower with Radar,8,3,0,0,11,0,0,0,0,0,8,3,0,0,11,0,0,0,11
03/27/2020,ASE,CO,ANM,WE,Combined TRACON& Tower with Radar,4,2,2,0,8,0,0,1,0,1,4,2,3,0,9,0,0,0,9
03/28/2020,ASE,CO,ANM,WE,Combined TRACON& Tower with Radar,14,2,5,0,21,0,0,1,0,1,14,2,6,0,22,1,0,1,23
03/29/2020,ASE,CO,ANM,WE,Combined TRACON& Tower with Radar,7,5,3,0,15,0,0,0,0,0,7,5,3,0,15,4,0,4,19
03/30/2020,ASE,CO,ANM,WE,Combined TRACON& Tower with Radar,4,1,2,0,7,0,0,0,0,0,4,1,2,0,7,0,0,0,7
03/31/2020,ASE,CO,ANM,WE,Combined TRACON& Tower with Radar,5,0,2,0,7,0,0,4,0,4,5,0,6,0,11,20,0,20,31
04/01/2020,ASE,CO,ANM,WE,Combined TRACON& Tower with Radar,5,2,1,0,8,0,0,2,0,2,5,2,3,0,10,5,0,5,15
04/02/2020,ASE,CO,ANM,WE,Combined TRACON& Tower with Radar,3,0,0,0,3,0,0,0,0,0,3,0,0,0,3,0,0,0,3
04/03/2020,ASE,CO,ANM,WE,Combined TRACON& Tower with Radar,6,4,1,0,11,0,0,0,0,0,6,4,1,0,11,6,0,6,17
04/04/2020,ASE,CO,ANM,WE,Combined TRACON& Tower with Radar,4,4,0,0,8,0,0,2,0,2,4,4,2,0,10,39,0,39,49
04/05/2020,ASE,CO,ANM,WE,Combined TRACON& Tower with Radar,5,0,7,0,12,0,0,1,0,1,5,0,8,0,13,7,0,7,20
04/06/2020,ASE,CO,ANM,WE,Combined TRACON& Tower with Radar,4,2,2,0,8,0,0,0,2,2,4,2,2,2,10,6,0,6,16
04/07/2020,ASE,CO,ANM,WE,Combined TRACON& Tower with Radar,5,4,0,0,9,0,0,2,0,2,5,4,2,0,11,8,0,8,19
04/08/2020,ASE,CO,ANM,WE,Combined TRACON& Tower with Radar,6,2,2,0,10,2,0,6,0,8,8,2,8,0,18,4,0,4,22
04/09/2020,ASE,CO,ANM,WE,Combined TRACON& Tower with Radar,5,0,3,0,8,0,0,4,0,4,5,0,7,0,12,4,0,4,16
04/10/2020,ASE,CO,ANM,WE,Combined TRACON& Tower with Radar,4,1,4,0,9,0,0,2,0,2,4,1,6,0,11,1,0,1,12
04/11/2020,ASE,CO,ANM,WE,Combined TRACON& Tower with Radar,5,9,3,0,17,0,0,5,0,5,5,9,8,0,22,2,0,2,24
04/12/2020,ASE,CO,ANM,WE,Combined TRACON& Tower with Radar,2,0,0,0,2,0,0,0,0,0,2,0,0,0,2,0,0,0,2
04/13/2020,ASE,CO,ANM,WE,Combined TRACON& Tower with Radar,5,2,1,0,8,0,0,0,0,0,5,2,1,0,8,0,0,0,8
04/14/2020,ASE,CO,ANM,WE,Combined TRACON& Tower with Radar,3,4,4,0,11,0,0,0,0,0,3,4,4,0,11,0,0,0,11
04/15/2020,ASE,CO,ANM,WE,Combined TRACON& Tower with Radar,5,1,0,0,6,0,0,1,0,1,5,1,1,0,7,0,0,0,7
04/16/2020,ASE,CO,ANM,WE,Combined TRACON& Tower with Radar,0,0,1,0,1,0,0,0,0,0,0,0,1,0,1,0,0,0,1
04/17/2020,ASE,CO,ANM,WE,Combined TRACON& Tower with Radar,5,2,3,0,10,0,0,7,0,7,5,2,10,0,17,12,0,12,29
04/18/2020,ASE,CO,ANM,WE,Combined TRACON& Tower with Radar,3,2,0,0,5,0,0,2,0,2,3,2,2,0,7,2,0,2,9
04/19/2020,ASE,CO,ANM,WE,Combined TRACON& Tower with Radar,3,10,0,0,13,0,0,0,0,0,3,10,0,0,13,1,0,1,14
04/20/2020,ASE,CO,ANM,WE,Combined TRACON& Tower with Radar,2,4,4,0,10,0,0,0,0,0,2,4,4,0,10,3,0,3,13
04/21/2020,ASE,CO,ANM,WE,Combined TRACON& Tower with Radar,5,2,3,0,10,0,0,0,0,0,5,2,3,0,10,2,0,2,12
04/22/2020,ASE,CO,ANM,WE,Combined TRACON& Tower with Radar,3,2,5,0,10,0,0,9,1,10,3,2,14,1,20,8,0,8,28
04/23/2020,ASE,CO,ANM,WE,Combined TRACON& Tower with Radar,3,4,0,0,7,0,0,0,0,0,3,4,0,0,7,0,0,0,7
04/24/2020,ASE,CO,ANM,WE,Combined TRACON& Tower with Radar,3,2,4,0,9,0,0,1,0,1,3,2,5,0,10,0,0,0,10
04/25/2020,ASE,CO,ANM,WE,Combined TRACON& Tower with Radar,5,9,6,0,20,0,0,0,0,0,5,9,6,0,20,3,0,3,23
04/26/2020,ASE,CO,ANM,WE,Combined TRACON& Tower with Radar,4,9,5,0,18,0,0,1,0,1,4,9,6,0,19,8,0,8,27
04/27/2020,ASE,CO,ANM,WE,Combined TRACON& Tower with Radar,5,1,6,0,12,0,0,9,0,9,5,1,15,0,21,11,1,12,33
04/28/2020,ASE,CO,ANM,WE,Combined TRACON& Tower with Radar,3,0,9,0,12,0,0,4,0,4,3,0,13,0,16,10,0,10,26
04/29/2020,ASE,CO,ANM,WE,Combined TRACON& Tower with Radar,5,1,2,0,8,0,0,8,0,8,5,1,10,0,16,12,0,12,28
04/30/2020,ASE,CO,ANM,WE,Combined TRACON& Tower with Radar,5,5,3,0,13,0,0,1,0,1,5,5,4,0,14,33,0,33,47
05/01/2020,ASE,CO,ANM,WE,Combined TRACON& Tower with Radar,4,6,14,0,24,0,0,3,1,4,4,6,17,1,28,3,0,3,31
05/02/2020,ASE,CO,ANM,WE,Combined TRACON& Tower with Radar,3,10,4,0,17,0,0,1,0,1,3,10,5,0,18,1,0,1,19
05/03/2020,ASE,CO,ANM,WE,Combined TRACON& Tower with Radar,4,6,8,0,18,0,0,2,0,2,4,6,10,0,20,9,0,9,29
05/04/2020,ASE,CO,ANM,WE,Combined TRACON& Tower with Radar,4,5,8,0,17,0,0,0,0,0,4,5,8,0,17,1,0,1,18
05/05/2020,ASE,CO,ANM,WE,Combined TRACON& Tower with Radar,2,1,8,0,11,0,0,7,0,7,2,1,15,0,18,13,0,13,31
05/06/2020,ASE,CO,ANM,WE,Combined TRACON& Tower with Radar,4,9,9,0,22,0,0,6,0,6,4,9,15,0,28,3,4,7,35
05/07/2020,ASE,CO,ANM,WE,Combined TRACON& Tower with Radar,7,2,11,0,20,0,0,4,0,4,7,2,15,0,24,20,0,20,44
05/08/2020,ASE,CO,ANM,WE,Combined TRACON& Tower with Radar,8,14,14,0,36,0,0,2,1,3,8,14,16,1,39,7,0,7,46
05/09/2020,ASE,CO,ANM,WE,Combined TRACON& Tower with Radar,6,7,13,0,26,0,0,8,0,8,6,7,21,0,34,14,0,14,48
05/10/2020,ASE,CO,ANM,WE,Combined TRACON& Tower with Radar,8,13,9,0,30,0,0,4,0,4,8,13,13,0,34,11,0,11,45
05/11/2020,ASE,CO,ANM,WE,Combined TRACON& Tower with Radar,4,3,9,0,16,0,0,0,0,0,4,3,9,0,16,0,0,0,16
05/12/2020,ASE,CO,ANM,WE,Combined TRACON& Tower with Radar,6,11,6,0,23,0,0,5,0,5,6,11,11,0,28,5,0,5,33
05/13/2020,ASE,CO,ANM,WE,Combined TRACON& Tower with Radar,2,8,11,0,21,0,0,1,1,2,2,8,12,1,23,11,4,15,38
05/14/2020,ASE,CO,ANM,WE,Combined TRACON& Tower with Radar,8,12,9,0,29,0,0,1,0,1,8,12,10,0,30,16,0,16,46
05/15/2020,ASE,CO,ANM,WE,Combined TRACON& Tower with Radar,8,14,15,0,37,0,0,7,0,7,8,14,22,0,44,16,0,16,60
05/16/2020,ASE,CO,ANM,WE,Combined TRACON& Tower with Radar,8,15,17,0,40,0,0,8,0,8,8,15,25,0,48,14,0,14,62
05/17/2020,ASE,CO,ANM,WE,Combined TRACON& Tower with Radar,6,17,15,0,38,0,0,1,0,1,6,17,16,0,39,0,0,0,39
05/18/2020,ASE,CO,ANM,WE,Combined TRACON& Tower with Radar,8,14,10,0,32,0,0,1,0,1,8,14,11,0,33,3,0,3,36
05/19/2020,ASE,CO,ANM,WE,Combined TRACON& Tower with Radar,4,3,6,0,13,0,0,6,0,6,4,3,12,0,19,24,0,24,43
05/20/2020,ASE,CO,ANM,WE,Combined TRACON& Tower with Radar,2,12,2,0,16,0,0,0,0,0,2,12,2,0,16,7,0,7,23
05/21/2020,ASE,CO,ANM,WE,Combined TRACON& Tower with Radar,8,14,23,0,45,0,0,8,0,8,8,14,31,0,53,24,0,24,77
05/22/2020,ASE,CO,ANM,WE,Combined TRACON& Tower with Radar,8,15,33,2,58,0,1,9,0,10,8,16,42,2,68,18,0,18,86
05/23/2020,ASE,CO,ANM,WE,Combined TRACON& Tower with Radar,6,20,22,0,48,0,0,8,0,8,6,20,30,0,56,8,0,8,64
05/24/2020,ASE,CO,ANM,WE,Combined TRACON& Tower with Radar,8,6,9,0,23,0,0,2,0,2,8,6,11,0,25,1,0,1,26
05/25/2020,ASE,CO,ANM,WE,Combined TRACON& Tower with Radar,8,11,28,0,47,0,0,7,0,7,8,11,35,0,54,14,0,14,68
05/26/2020,ASE,CO,ANM,WE,Combined TRACON& Tower with Radar,4,7,15,0,26,0,0,8,0,8,4,7,23,0,34,13,0,13,47
05/27/2020,ASE,CO,ANM,WE,Combined TRACON& Tower with Radar,3,22,19,0,44,0,0,4,0,4,3,22,23,0,48,7,0,7,55
05/28/2020,ASE,CO,ANM,WE,Combined TRACON& Tower with Radar,8,26,18,0,52,0,0,1,0,1,8,26,19,0,53,14,0,14,67
05/29/2020,ASE,CO,ANM,WE,Combined TRACON& Tower with Radar,8,32,36,0,76,0,0,8,0,8,8,32,44,0,84,8,0,8,92
05/30/2020,ASE,CO,ANM,WE,Combined TRACON& Tower with Radar,6,36,30,0,72,0,0,3,0,3,6,36,33,0,75,7,0,7,82
05/31/2020,ASE,CO,ANM,WE,Combined TRACON& Tower with Radar,8,35,28,0,71,0,0,0,0,0,8,35,28,0,71,6,0,6,77
06/01/2020,ASE,CO,ANM,WE,Combined TRACON& Tower with Radar,8,32,20,0,60,0,0,7,0,7,8,32,27,0,67,4,0,4,71
06/02/2020,ASE,CO,ANM,WE,Combined TRACON& Tower with Radar,2,23,22,0,47,0,0,5,0,5,2,23,27,0,52,15,0,15,67
06/03/2020,ASE,CO,ANM,WE,Combined TRACON& Tower with Radar,4,32,19,0,55,0,0,11,1,12,4,32,30,1,67,18,0,18,85
06/04/2020,ASE,CO,ANM,WE,Combined TRACON& Tower with Radar,8,31,17,0,56,0,0,1,0,1,8,31,18,0,57,2,0,2,59
06/05/2020,ASE,CO,ANM,WE,Combined TRACON& Tower with Radar,8,21,40,0,69,0,0,3,0,3,8,21,43,0,72,4,0,4,76
06/06/2020,ASE,CO,ANM,WE,Combined TRACON& Tower with Radar,6,16,23,0,45,0,0,0,0,0,6,16,23,0,45,1,0,1,46
06/07/2020,ASE,CO,ANM,WE,Combined TRACON& Tower with Radar,8,24,31,0,63,0,0,2,0,2,8,24,33,0,65,17,0,17,82
06/08/2020,ASE,CO,ANM,WE,Combined TRACON& Tower with Radar,8,21,26,0,55,0,0,3,0,3,8,21,29,0,58,3,0,3,61
06/09/2020,ASE,CO,ANM,WE,Combined TRACON& Tower with Radar,8,14,25,0,47,0,0,0,0,0,8,14,25,0,47,0,0,0,47
06/10/2020,ASE,CO,ANM,WE,Combined TRACON& Tower with Radar,8,38,28,0,74,0,0,14,0,14,8,38,42,0,88,22,0,22,110
06/11/2020,ASE,CO,ANM,WE,Combined TRACON& Tower with Radar,4,23,23,1,51,0,0,9,0,9,4,23,32,1,60,17,2,19,79
06/12/2020,ASE,CO,ANM,WE,Combined TRACON& Tower with Radar,8,48,47,0,103,0,0,4,0,4,8,48,51,0,107,18,0,18,125
06/13/2020,ASE,CO,ANM,WE,Combined TRACON& Tower with Radar,6,37,45,0,88,0,0,8,0,8,6,37,53,0,96,9,0,9,105
06/14/2020,ASE,CO,ANM,WE,Combined TRACON& Tower with Radar,8,33,60,0,101,0,0,4,0,4,8,33,64,0,105,6,0,6,111
06/15/2020,ASE,CO,ANM,WE,Combined TRACON& Tower with Radar,8,41,52,0,101,0,0,9,0,9,8,41,61,0,110,11,0,11,121
06/16/2020,ASE,CO,ANM,WE,Combined TRACON& Tower with Radar,8,24,35,0,67,0,0,1,0,1,8,24,36,0,68,8,0,8,76
06/17/2020,ASE,CO,ANM,WE,Combined TRACON& Tower with Radar,8,28,38,0,74,0,0,6,0,6,8,28,44,0,80,9,2,11,91
06/18/2020,ASE,CO,ANM,WE,Combined TRACON& Tower with Radar,6,53,56,0,115,0,0,6,1,7,6,53,62,1,122,10,0,10,132
06/19/2020,ASE,CO,ANM,WE,Combined TRACON& Tower with Radar,8,38,61,0,107,0,0,2,0,2,8,38,63,0,109,10,0,10,119
06/20/2020,ASE,CO,ANM,WE,Combined TRACON& Tower with Radar,6,52,60,0,118,0,0,7,0,7,6,52,67,0,125,12,0,12,137
06/21/2020,ASE,CO,ANM,WE,Combined TRACON& Tower with Radar,7,63,67,0,137,0,0,7,0,7,7,63,74,0,144,13,0,13,157
06/22/2020,ASE,CO,ANM,WE,Combined TRACON& Tower with Radar,8,40,81,0,129,0,0,7,0,7,8,40,88,0,136,10,0,10,146
06/23/2020,ASE,CO,ANM,WE,Combined TRACON& Tower with Radar,8,35,57,1,101,0,0,6,1,7,8,35,63,2,108,17,0,17,125
06/24/2020,ASE,CO,ANM,WE,Combined TRACON& Tower with Radar,8,36,51,0,95,0,1,2,2,5,8,37,53,2,100,11,0,11,111
06/25/2020,ASE,CO,ANM,WE,Combined TRACON& Tower with Radar,6,30,48,0,84,0,0,8,2,10,6,30,56,2,94,5,0,5,99
06/26/2020,ASE,CO,ANM,WE,Combined TRACON& Tower with Radar,7,61,56,0,124,0,0,6,0,6,7,61,62,0,130,4,0,4,134
06/27/2020,ASE,CO,ANM,WE,Combined TRACON& Tower with Radar,6,53,56,0,115,0,0,8,0,8,6,53,64,0,123,10,0,10,133
06/28/2020,ASE,CO,ANM,WE,Combined TRACON& Tower with Radar,8,59,92,0,159,0,0,4,0,4,8,59,96,0,163,7,0,7,170
06/29/2020,ASE,CO,ANM,WE,Combined TRACON& Tower with Radar,8,49,66,0,123,0,0,3,0,3,8,49,69,0,126,8,0,8,134
06/30/2020,ASE,CO,ANM,WE,Combined TRACON& Tower with Radar,8,64,79,0,151,0,0,12,0,12,8,64,91,0,163,10,0,10,173
07/01/2020,ASE,CO,ANM,WE,Combined TRACON& Tower with Radar,9,57,106,0,172,0,0,17,3,20,9,57,123,3,192,15,2,17,209
07/02/2020,ASE,CO,ANM,WE,Combined TRACON& Tower with Radar,8,63,120,0,191,0,0,8,0,8,8,63,128,0,199,17,0,17,216
07/03/2020,ASE,CO,ANM,WE,Combined TRACON& Tower with Radar,10,53,66,0,129,0,0,13,0,13,10,53,79,0,142,11,0,11,153
07/04/2020,ASE,CO,ANM,WE,Combined TRACON& Tower with Radar,7,33,27,0,67,0,0,1,0,1,7,33,28,0,68,7,0,7,75
07/05/2020,ASE,CO,ANM,WE,Combined TRACON& Tower with Radar,10,65,93,0,168,0,1,5,0,6,10,66,98,0,174,14,0,14,188
07/06/2020,ASE,CO,ANM,WE,Combined TRACON& Tower with Radar,13,53,98,0,164,0,0,5,0,5,13,53,103,0,169,11,0,11,180
07/07/2020,ASE,CO,ANM,WE,Combined TRACON& Tower with Radar,14,35,72,0,121,0,0,7,0,7,14,35,79,0,128,19,0,19,147
07/08/2020,ASE,CO,ANM,WE,Combined TRACON& Tower with Radar,14,60,67,0,141,0,0,12,1,13,14,60,79,1,154,9,0,9,163
07/09/2020,ASE,CO,ANM,WE,Combined TRACON& Tower with Radar,14,51,67,0,132,0,0,9,0,9,14,51,76,0,141,6,1,7,148
07/10/2020,ASE,CO,ANM,WE,Combined TRACON& Tower with Radar,14,76,82,0,172,0,0,5,0,5,14,76,87,0,177,19,0,19,196
07/11/2020,ASE,CO,ANM,WE,Combined TRACON& Tower with Radar,16,45,83,0,144,0,0,5,0,5,16,45,88,0,149,11,0,11,160
07/12/2020,ASE,CO,ANM,WE,Combined TRACON& Tower with Radar,14,63,85,0,162,0,0,3,0,3,14,63,88,0,165,3,0,3,168
07/13/2020,ASE,CO,ANM,WE,Combined TRACON& Tower with Radar,14,67,67,0,148,0,0,3,0,3,14,67,70,0,151,1,0,1,152
07/14/2020,ASE,CO,ANM,WE,Combined TRACON& Tower with Radar,12,38,66,0,116,0,0,5,0,5,12,38,71,0,121,24,0,24,145
07/15/2020,ASE,CO,ANM,WE,Combined TRACON& Tower with Radar,14,50,57,0,121,0,0,12,1,13,14,50,69,1,134,17,0,17,151
07/16/2020,ASE,CO,ANM,WE,Combined TRACON& Tower with Radar,13,60,73,0,146,0,0,3,0,3,13,60,76,0,149,19,0,19,168
07/17/2020,ASE,CO,ANM,WE,Combined TRACON& Tower with Radar,14,57,80,0,151,0,0,7,0,7,14,57,87,0,158,11,0,11,169
07/18/2020,ASE,CO,ANM,WE,Combined TRACON& Tower with Radar,16,84,75,0,175,0,0,13,0,13,16,84,88,0,188,25,0,25,213
07/19/2020,ASE,CO,ANM,WE,Combined TRACON& Tower with Radar,14,89,74,0,177,0,0,11,0,11,14,89,85,0,188,13,0,13,201
07/20/2020,ASE,CO,ANM,WE,Combined TRACON& Tower with Radar,15,44,77,0,136,0,0,5,0,5,15,44,82,0,141,13,0,13,154
07/21/2020,ASE,CO,ANM,WE,Combined TRACON& Tower with Radar,12,53,57,0,122,0,0,7,0,7,12,53,64,0,129,7,0,7,136
07/22/2020,ASE,CO,ANM,WE,Combined TRACON& Tower with Radar,14,59,35,0,108,0,0,7,1,8,14,59,42,1,116,10,0,10,126
07/23/2020,ASE,CO,ANM,WE,Combined TRACON& Tower with Radar,14,52,80,0,146,0,0,14,2,16,14,52,94,2,162,13,0,13,175
07/24/2020,ASE,CO,ANM,WE,Combined TRACON& Tower with Radar,14,73,68,0,155,0,0,1,0,1,14,73,69,0,156,9,0,9,165
07/25/2020,ASE,CO,ANM,WE,Combined TRACON& Tower with Radar,16,83,75,0,174,0,0,4,0,4,16,83,79,0,178,10,0,10,188
07/26/2020,ASE,CO,ANM,WE,Combined TRACON& Tower with Radar,15,88,95,0,198,0,0,8,0,8,15,88,103,0,206,16,0,16,222
07/27/2020,ASE,CO,ANM,WE,Combined TRACON& Tower with Radar,14,62,68,0,144,0,0,7,0,7,14,62,75,0,151,11,0,11,162
07/28/2020,ASE,CO,ANM,WE,Combined TRACON& Tower with Radar,12,50,43,0,105,0,1,4,0,5,12,51,47,0,110,5,0,5,115
07/29/2020,ASE,CO,ANM,WE,Combined TRACON& Tower with Radar,17,31,69,0,117,0,0,13,0,13,17,31,82,0,130,18,0,18,148
07/30/2020,ASE,CO,ANM,WE,Combined TRACON& Tower with Radar,14,48,74,0,136,0,0,9,0,9,14,48,83,0,145,20,0,20,165
07/31/2020,ASE,CO,ANM,WE,Combined TRACON& Tower with Radar,14,80,133,0,227,0,0,10,0,10,14,80,143,0,237,27,0,27,264
08/01/2020,ASE,CO,ANM,WE,Combined TRACON& Tower with Radar,16,81,95,2,194,0,1,14,2,17,16,82,109,4,211,22,0,22,233
08/02/2020,ASE,CO,ANM,WE,Combined TRACON& Tower with Radar,14,74,105,2,195,0,0,8,0,8,14,74,113,2,203,14,0,14,217
08/03/2020,ASE,CO,ANM,WE,Combined TRACON& Tower with Radar,16,54,98,0,168,0,0,2,0,2,16,54,100,0,170,17,6,23,193
08/04/2020,ASE,CO,ANM,WE,Combined TRACON& Tower with Radar,16,44,66,0,126,0,0,14,0,14,16,44,80,0,140,14,0,14,154
08/05/2020,ASE,CO,ANM,WE,Combined TRACON& Tower with Radar,16,66,74,0,156,0,0,3,0,3,16,66,77,0,159,13,4,17,176
08/06/2020,ASE,CO,ANM,WE,Combined TRACON& Tower with Radar,14,57,71,0,142,0,0,3,0,3,14,57,74,0,145,13,2,15,160
08/07/2020,ASE,CO,ANM,WE,Combined TRACON& Tower with Radar,16,81,89,0,186,0,0,9,0,9,16,81,98,0,195,22,1,23,218
08/08/2020,ASE,CO,ANM,WE,Combined TRACON& Tower with Radar,18,59,102,1,180,0,0,13,1,14,18,59,115,2,194,24,0,24,218
08/09/2020,ASE,CO,ANM,WE,Combined TRACON& Tower with Radar,16,73,115,0,204,0,0,6,0,6,16,73,121,0,210,22,0,22,232
08/10/2020,ASE,CO,ANM,WE,Combined TRACON& Tower with Radar,16,46,74,4,140,0,1,13,0,14,16,47,87,4,154,19,0,19,173
08/11/2020,ASE,CO,ANM,WE,Combined TRACON& Tower with Radar,16,52,39,0,107,0,0,9,1,10,16,52,48,1,117,16,2,18,135
08/12/2020,ASE,CO,ANM,WE,Combined TRACON& Tower with Radar,16,55,67,0,138,0,0,10,0,10,16,55,77,0,148,13,1,14,162
08/13/2020,ASE,CO,ANM,WE,Combined TRACON& Tower with Radar,14,69,97,0,180,0,0,17,0,17,14,69,114,0,197,28,0,28,225
08/14/2020,ASE,CO,ANM,WE,Combined TRACON& Tower with Radar,16,52,68,2,138,0,0,10,0,10,16,52,78,2,148,34,0,34,182
08/15/2020,ASE,CO,ANM,WE,Combined TRACON& Tower with Radar,17,107,75,0,199,0,1,9,0,10,17,108,84,0,209,9,0,9,218
08/16/2020,ASE,CO,ANM,WE,Combined TRACON& Tower with Radar,16,104,123,0,243,0,0,12,0,12,16,104,135,0,255,19,0,19,274
08/17/2020,ASE,CO,ANM,WE,Combined TRACON& Tower with Radar,16,60,88,0,164,0,0,5,0,5,16,60,93,0,169,10,0,10,179
08/18/2020,ASE,CO,ANM,WE,Combined TRACON& Tower with Radar,14,41,62,0,117,0,0,6,0,6,14,41,68,0,123,11,0,11,134
08/19/2020,ASE,CO,ANM,WE,Combined TRACON& Tower with Radar,16,46,48,0,110,0,0,7,0,7,16,46,55,0,117,33,0,33,150
08/20/2020,ASE,CO,ANM,WE,Combined TRACON& Tower with Radar,16,57,68,0,141,0,0,9,0,9,16,57,77,0,150,20,0,20,170
08/21/2020,ASE,CO,ANM,WE,Combined TRACON& Tower with Radar,18,55,71,0,144,0,0,9,3,12,18,55,80,3,156,17,0,17,173
08/22/2020,ASE,CO,ANM,WE,Combined TRACON& Tower with Radar,18,73,85,0,176,0,0,5,0,5,18,73,90,0,181,15,0,15,196
08/23/2020,ASE,CO,ANM,WE,Combined TRACON& Tower with Radar,18,69,97,0,184,0,0,10,0,10,18,69,107,0,194,26,0,26,220
08/24/2020,ASE,CO,ANM,WE,Combined TRACON& Tower with Radar,16,50,56,0,122,0,0,9,0,9,16,50,65,0,131,20,0,20,151
08/25/2020,ASE,CO,ANM,WE,Combined TRACON& Tower with Radar,14,35,55,4,108,0,0,13,0,13,14,35,68,4,121,54,0,54,175
08/26/2020,ASE,CO,ANM,WE,Combined TRACON& Tower with Radar,16,38,57,2,113,0,0,8,0,8,16,38,65,2,121,14,0,14,135
08/27/2020,ASE,CO,ANM,WE,Combined TRACON& Tower with Radar,16,50,67,2,135,0,0,6,0,6,16,50,73,2,141,25,0,25,166
08/28/2020,ASE,CO,ANM,WE,Combined TRACON& Tower with Radar,18,49,69,2,138,0,0,11,0,11,18,49,80,2,149,16,0,16,165
08/29/2020,ASE,CO,ANM,WE,Combined TRACON& Tower with Radar,17,72,62,0,151,0,0,3,0,3,17,72,65,0,154,1,0,1,155
08/30/2020,ASE,CO,ANM,WE,Combined TRACON& Tower with Radar,18,63,68,0,149,0,0,7,0,7,18,63,75,0,156,11,0,11,167
08/31/2020,ASE,CO,ANM,WE,Combined TRACON& Tower with Radar,16,47,59,0,122,0,0,1,0,1,16,47,60,0,123,38,0,38,161
09/01/2020,ASE,CO,ANM,WE,Combined TRACON& Tower with Radar,13,46,64,0,123,0,0,7,0,7,13,46,71,0,130,30,0,30,160
09/02/2020,ASE,CO,ANM,WE,Combined TRACON& Tower with Radar,15,46,41,2,104,0,0,8,0,8,15,46,49,2,112,42,1,43,155
09/03/2020,ASE,CO,ANM,WE,Combined TRACON& Tower with Radar,19,65,77,0,161,0,0,7,2,9,19,65,84,2,170,21,1,22,192
09/04/2020,ASE,CO,ANM,WE,Combined TRACON& Tower with Radar,23,83,63,0,169,0,0,9,0,9,23,83,72,0,178,21,0,21,199
09/05/2020,ASE,CO,ANM,WE,Combined TRACON& Tower with Radar,14,42,55,0,111,0,0,11,0,11,14,42,66,0,122,25,0,25,147
09/06/2020,ASE,CO,ANM,WE,Combined TRACON& Tower with Radar,16,35,33,0,84,0,0,8,0,8,16,35,41,0,92,28,0,28,120
09/07/2020,ASE,CO,ANM,WE,Combined TRACON& Tower with Radar,27,71,134,0,232,0,0,5,0,5,27,71,139,0,237,11,0,11,248
09/08/2020,ASE,CO,ANM,WE,Combined TRACON& Tower with Radar,2,9,12,0,23,0,0,0,0,0,2,9,12,0,23,0,0,0,23
09/09/2020,ASE,CO,ANM,WE,Combined TRACON& Tower with Radar,15,50,82,0,147,0,0,2,0,2,15,50,84,0,149,35,0,35,184
09/10/2020,ASE,CO,ANM,WE,Combined TRACON& Tower with Radar,13,50,37,0,100,0,0,0,0,0,13,50,37,0,100,17,0,17,117
09/11/2020,ASE,CO,ANM,WE,Combined TRACON& Tower with Radar,15,51,68,0,134,0,0,5,0,5,15,51,73,0,139,13,0,13,152
09/12/2020,ASE,CO,ANM,WE,Combined TRACON& Tower with Radar,19,102,61,0,182,0,0,17,0,17,19,102,78,0,199,36,1,37,236
09/13/2020,ASE,CO,ANM,WE,Combined TRACON& Tower with Radar,20,79,84,0,183,0,0,14,1,15,20,79,98,1,198,40,2,42,240
09/14/2020,ASE,CO,ANM,WE,Combined TRACON& Tower with Radar,0,0,0,0,0,0,0,0,0,0,0,0,0,0,0,0,0,0,0
09/15/2020,ASE,CO,ANM,WE,Combined TRACON& Tower with Radar,0,0,0,0,0,0,0,1,0,1,0,0,1,0,1,4,12,16,17
09/16/2020,ASE,CO,ANM,WE,Combined TRACON& Tower with Radar,0,0,0,4,4,0,0,0,0,0,0,0,0,4,4,0,0,0,4
09/17/2020,ASE,CO,ANM,WE,Combined TRACON& Tower with Radar,0,0,0,6,6,0,0,0,0,0,0,0,0,6,6,0,0,0,6
09/18/2020,ASE,CO,ANM,WE,Combined TRACON& Tower with Radar,17,83,89,0,189,0,1,11,0,12,17,84,100,0,201,19,1,20,221
09/19/2020,ASE,CO,ANM,WE,Combined TRACON& Tower with Radar,17,72,64,0,153,0,0,12,0,12,17,72,76,0,165,39,0,39,204
09/20/2020,ASE,CO,ANM,WE,Combined TRACON& Tower with Radar,17,72,95,2,186,0,0,4,0,4,17,72,99,2,190,18,0,18,208
09/21/2020,ASE,CO,ANM,WE,Combined TRACON& Tower with Radar,12,55,57,0,124,0,0,7,0,7,12,55,64,0,131,11,0,11,142
09/22/2020,ASE,CO,ANM,WE,Combined TRACON& Tower with Radar,14,48,25,0,87,0,0,8,0,8,14,48,33,0,95,12,2,14,109
09/23/2020,ASE,CO,ANM,WE,Combined TRACON& Tower with Radar,15,57,57,0,129,0,0,11,0,11,15,57,68,0,140,25,0,25,165
09/24/2020,ASE,CO,ANM,WE,Combined TRACON& Tower with Radar,15,64,81,0,160,0,0,4,3,7,15,64,85,3,167,18,0,18,185
09/25/2020,ASE,CO,ANM,WE,Combined TRACON& Tower with Radar,15,66,69,0,150,0,0,10,0,10,15,66,79,0,160,34,0,34,194
09/26/2020,ASE,CO,ANM,WE,Combined TRACON& Tower with Radar,19,59,54,2,134,0,1,7,0,8,19,60,61,2,142,23,0,23,165
09/27/2020,ASE,CO,ANM,WE,Combined TRACON& Tower with Radar,17,48,80,0,145,0,0,11,0,11,17,48,91,0,156,19,0,19,175
09/28/2020,ASE,CO,ANM,WE,Combined TRACON& Tower with Radar,13,60,57,0,130,0,0,6,1,7,13,60,63,1,137,12,0,12,149
09/29/2020,ASE,CO,ANM,WE,Combined TRACON& Tower with Radar,9,51,61,0,121,0,0,6,1,7,9,51,67,1,128,27,0,27,155
09/30/2020,ASE,CO,ANM,WE,Combined TRACON& Tower with Radar,11,56,57,0,124,0,0,10,0,10,11,56,67,0,134,5,0,5,139
10/01/2020,ASE,CO,ANM,WE,Combined TRACON& Tower with Radar,13,62,58,0,133,0,1,12,4,17,13,63,70,4,150,15,4,19,169
10/02/2020,ASE,CO,ANM,WE,Combined TRACON& Tower with Radar,15,54,55,0,124,0,0,4,4,8,15,54,59,4,132,25,0,25,157
10/03/2020,ASE,CO,ANM,WE,Combined TRACON& Tower with Radar,16,53,66,0,135,0,0,8,7,15,16,53,74,7,150,41,1,42,192
10/04/2020,ASE,CO,ANM,WE,Combined TRACON& Tower with Radar,17,70,78,0,165,0,0,11,11,22,17,70,89,11,187,21,0,21,208
10/05/2020,ASE,CO,ANM,WE,Combined TRACON& Tower with Radar,13,56,43,0,112,0,0,9,4,13,13,56,52,4,125,26,1,27,152
10/06/2020,ASE,CO,ANM,WE,Combined TRACON& Tower with Radar,11,42,29,0,82,0,1,6,8,15,11,43,35,8,97,35,0,35,132
10/07/2020,ASE,CO,ANM,WE,Combined TRACON& Tower with Radar,15,48,37,0,100,0,0,10,9,19,15,48,47,9,119,73,0,73,192
10/08/2020,ASE,CO,ANM,WE,Combined TRACON& Tower with Radar,15,37,52,0,104,0,0,9,5,14,15,37,61,5,118,20,2,22,140
10/09/2020,ASE,CO,ANM,WE,Combined TRACON& Tower with Radar,15,49,64,0,128,0,0,10,6,16,15,49,74,6,144,57,4,61,205
10/10/2020,ASE,CO,ANM,WE,Combined TRACON& Tower with Radar,17,47,45,0,109,0,0,13,9,22,17,47,58,9,131,36,0,36,167
10/11/2020,ASE,CO,ANM,WE,Combined TRACON& Tower with Radar,15,32,47,0,94,0,0,2,0,2,15,32,49,0,96,10,0,10,106
10/12/2020,ASE,CO,ANM,WE,Combined TRACON& Tower with Radar,15,60,55,0,130,0,0,3,4,7,15,60,58,4,137,16,0,16,153
10/13/2020,ASE,CO,ANM,WE,Combined TRACON& Tower with Radar,13,41,32,0,86,0,0,10,7,17,13,41,42,7,103,12,0,12,115
10/14/2020,ASE,CO,ANM,WE,Combined TRACON& Tower with Radar,16,21,25,0,62,0,0,5,2,7,16,21,30,2,69,4,0,4,73
10/15/2020,ASE,CO,ANM,WE,Combined TRACON& Tower with Radar,17,44,56,0,117,0,1,6,2,9,17,45,62,2,126,24,0,24,150
10/16/2020,ASE,CO,ANM,WE,Combined TRACON& Tower with Radar,15,33,49,0,97,0,0,6,6,12,15,33,55,6,109,26,0,26,135
10/17/2020,ASE,CO,ANM,WE,Combined TRACON& Tower with Radar,21,31,36,0,88,0,0,8,1,9,21,31,44,1,97,11,0,11,108
10/18/2020,ASE,CO,ANM,WE,Combined TRACON& Tower with Radar,19,38,50,0,107,0,0,5,2,7,19,38,55,2,114,4,0,4,118
10/19/2020,ASE,CO,ANM,WE,Combined TRACON& Tower with Radar,15,36,31,0,82,0,0,4,2,6,15,36,35,2,88,27,0,27,115
10/20/2020,ASE,CO,ANM,WE,Combined TRACON& Tower with Radar,13,33,30,0,76,0,0,0,10,10,13,33,30,10,86,48,0,48,134
10/21/2020,ASE,CO,ANM,WE,Combined TRACON& Tower with Radar,15,18,28,0,61,0,0,2,5,7,15,18,30,5,68,23,0,23,91
10/22/2020,ASE,CO,ANM,WE,Combined TRACON& Tower with Radar,19,29,23,0,71,0,0,2,0,2,19,29,25,0,73,16,0,16,89
10/23/2020,ASE,CO,ANM,WE,Combined TRACON& Tower with Radar,14,18,28,3,63,0,0,9,2,11,14,18,37,5,74,43,0,43,117
10/24/2020,ASE,CO,ANM,WE,Combined TRACON& Tower with Radar,17,26,24,0,67,0,0,2,4,6,17,26,26,4,73,13,0,13,86
10/25/2020,ASE,CO,ANM,WE,Combined TRACON& Tower with Radar,10,9,24,0,43,0,0,0,0,0,10,9,24,0,43,0,0,0,43
10/26/2020,ASE,CO,ANM,WE,Combined TRACON& Tower with Radar,3,5,3,0,11,0,0,0,0,0,3,5,3,0,11,17,0,17,28
10/27/2020,ASE,CO,ANM,WE,Combined TRACON& Tower with Radar,13,19,28,0,60,0,0,3,5,8,13,19,31,5,68,45,0,45,113
10/28/2020,ASE,CO,ANM,WE,Combined TRACON& Tower with Radar,17,16,38,0,71,0,0,3,3,6,17,16,41,3,77,28,0,28,105
10/29/2020,ASE,CO,ANM,WE,Combined TRACON& Tower with Radar,15,25,21,0,61,0,0,8,4,12,15,25,29,4,73,15,0,15,88
10/30/2020,ASE,CO,ANM,WE,Combined TRACON& Tower with Radar,15,23,42,2,82,0,0,7,6,13,15,23,49,8,95,43,0,43,138
10/31/2020,ASE,CO,ANM,WE,Combined TRACON& Tower with Radar,15,22,25,0,62,0,0,9,6,15,15,22,34,6,77,17,0,17,94
11/01/2020,ASE,CO,ANM,WE,Combined TRACON& Tower with Radar,13,23,27,0,63,0,0,5,5,10,13,23,32,5,73,14,0,14,87
11/02/2020,ASE,CO,ANM,WE,Combined TRACON& Tower with Radar,14,15,18,0,47,0,0,7,13,20,14,15,25,13,67,37,0,37,104
11/03/2020,ASE,CO,ANM,WE,Combined TRACON& Tower with Radar,11,13,14,0,38,0,0,5,5,10,11,13,19,5,48,36,0,36,84
11/04/2020,ASE,CO,ANM,WE,Combined TRACON& Tower with Radar,33,9,9,0,51,0,0,3,8,11,33,9,12,8,62,40,0,40,102
11/05/2020,ASE,CO,ANM,WE,Combined TRACON& Tower with Radar,15,17,16,0,48,0,0,12,2,14,15,17,28,2,62,43,0,43,105
11/06/2020,ASE,CO,ANM,WE,Combined TRACON& Tower with Radar,15,22,29,0,66,0,0,2,6,8,15,22,31,6,74,9,0,9,83
11/07/2020,ASE,CO,ANM,WE,Combined TRACON& Tower with Radar,15,10,16,0,41,0,0,0,0,0,15,10,16,0,41,8,0,8,49
11/08/2020,ASE,CO,ANM,WE,Combined TRACON& Tower with Radar,15,12,24,0,51,0,0,2,2,4,15,12,26,2,55,9,0,9,64
11/09/2020,ASE,CO,ANM,WE,Combined TRACON& Tower with Radar,15,2,13,0,30,0,0,0,0,0,15,2,13,0,30,0,0,0,30
11/10/2020,ASE,CO,ANM,WE,Combined TRACON& Tower with Radar,11,7,22,0,40,0,0,0,2,2,11,7,22,2,42,22,0,22,64
11/11/2020,ASE,CO,ANM,WE,Combined TRACON& Tower with Radar,16,9,20,0,45,0,0,3,2,5,16,9,23,2,50,24,0,24,74
11/12/2020,ASE,CO,ANM,WE,Combined TRACON& Tower with Radar,15,16,24,0,55,0,0,1,0,1,15,16,25,0,56,22,0,22,78
11/13/2020,ASE,CO,ANM,WE,Combined TRACON& Tower with Radar,16,14,23,9,62,0,0,3,2,5,16,14,26,11,67,12,0,12,79
11/14/2020,ASE,CO,ANM,WE,Combined TRACON& Tower with Radar,10,0,4,0,14,0,0,0,0,0,10,0,4,0,14,0,0,0,14
11/15/2020,ASE,CO,ANM,WE,Combined TRACON& Tower with Radar,15,26,20,0,61,0,0,6,2,8,15,26,26,2,69,36,0,36,105
11/16/2020,ASE,CO,ANM,WE,Combined TRACON& Tower with Radar,16,17,21,0,54,0,0,4,6,10,16,17,25,6,64,6,0,6,70
11/17/2020,ASE,CO,ANM,WE,Combined TRACON& Tower with Radar,11,11,11,0,33,0,0,3,2,5,11,11,14,2,38,9,0,9,47
11/18/2020,ASE,CO,ANM,WE,Combined TRACON& Tower with Radar,15,12,24,2,53,0,0,3,4,7,15,12,27,6,60,6,0,6,66
11/19/2020,ASE,CO,ANM,WE,Combined TRACON& Tower with Radar,19,6,19,0,44,0,0,7,0,7,19,6,26,0,51,5,0,5,56
11/20/2020,ASE,CO,ANM,WE,Combined TRACON& Tower with Radar,17,26,31,0,74,0,0,6,0,6,17,26,37,0,80,6,0,6,86
11/21/2020,ASE,CO,ANM,WE,Combined TRACON& Tower with Radar,20,32,30,0,82,0,0,2,0,2,20,32,32,0,84,0,0,0,84
11/22/2020,ASE,CO,ANM,WE,Combined TRACON& Tower with Radar,17,36,39,0,92,0,0,10,0,10,17,36,49,0,102,6,0,6,108
11/23/2020,ASE,CO,ANM,WE,Combined TRACON& Tower with Radar,11,16,17,0,44,0,0,0,2,2,11,16,17,2,46,6,0,6,52
11/24/2020,ASE,CO,ANM,WE,Combined TRACON& Tower with Radar,15,12,35,0,62,0,0,4,0,4,15,12,39,0,66,20,0,20,86
11/25/2020,ASE,CO,ANM,WE,Combined TRACON& Tower with Radar,18,28,48,0,94,0,0,11,0,11,18,28,59,0,105,18,0,18,123
11/26/2020,ASE,CO,ANM,WE,Combined TRACON& Tower with Radar,6,10,3,0,19,0,0,0,1,1,6,10,3,1,20,8,0,8,28
11/27/2020,ASE,CO,ANM,WE,Combined TRACON& Tower with Radar,13,11,15,0,39,0,0,2,8,10,13,11,17,8,49,42,0,42,91
11/28/2020,ASE,CO,ANM,WE,Combined TRACON& Tower with Radar,22,28,43,0,93,0,0,11,5,16,22,28,54,5,109,39,0,39,148
11/29/2020,ASE,CO,ANM,WE,Combined TRACON& Tower with Radar,21,69,81,0,171,0,0,14,3,17,21,69,95,3,188,17,0,17,205
11/30/2020,ASE,CO,ANM,WE,Combined TRACON& Tower with Radar,18,26,27,0,71,0,0,7,6,13,18,26,34,6,84,16,0,16,100
12/01/2020,ASE,CO,ANM,WE,Combined TRACON& Tower with Radar,25,7,17,0,49,0,0,1,0,1,25,7,18,0,50,2,0,2,52
12/02/2020,ASE,CO,ANM,WE,Combined TRACON& Tower with Radar,25,25,29,0,79,0,0,3,2,5,25,25,32,2,84,52,0,52,136
12/03/2020,ASE,CO,ANM,WE,Combined TRACON& Tower with Radar,25,26,25,0,76,0,0,9,3,12,25,26,34,3,88,9,0,9,97
12/04/2020,ASE,CO,ANM,WE,Combined TRACON& Tower with Radar,29,21,25,0,75,0,0,6,12,18,29,21,31,12,93,25,0,25,118
12/05/2020,ASE,CO,ANM,WE,Combined TRACON& Tower with Radar,25,39,27,0,91,0,0,6,13,19,25,39,33,13,110,41,0,41,151
12/06/2020,ASE,CO,ANM,WE,Combined TRACON& Tower with Radar,31,33,39,0,103,0,0,8,12,20,31,33,47,12,123,26,0,26,149
12/07/2020,ASE,CO,ANM,WE,Combined TRACON& Tower with Radar,27,24,36,0,87,0,0,5,4,9,27,24,41,4,96,5,0,5,101
12/08/2020,ASE,CO,ANM,WE,Combined TRACON& Tower with Radar,20,19,29,0,68,0,0,9,6,15,20,19,38,6,83,57,0,57,140
12/09/2020,ASE,CO,ANM,WE,Combined TRACON& Tower with Radar,25,23,30,0,78,0,0,14,2,16,25,23,44,2,94,30,0,30,124
12/10/2020,ASE,CO,ANM,WE,Combined TRACON& Tower with Radar,28,29,35,0,92,0,0,5,2,7,28,29,40,2,99,12,0,12,111
12/11/2020,ASE,CO,ANM,WE,Combined TRACON& Tower with Radar,29,4,7,0,40,0,0,0,0,0,29,4,7,0,40,11,0,11,51
12/12/2020,ASE,CO,ANM,WE,Combined TRACON& Tower with Radar,3,5,9,0,17,0,0,0,0,0,3,5,9,0,17,14,0,14,31
12/13/2020,ASE,CO,ANM,WE,Combined TRACON& Tower with Radar,27,40,36,0,103,0,0,5,2,7,27,40,41,2,110,9,0,9,119
12/14/2020,ASE,CO,ANM,WE,Combined TRACON& Tower with Radar,24,17,8,0,49,0,0,0,2,2,24,17,8,2,51,7,0,7,58
12/15/2020,ASE,CO,ANM,WE,Combined TRACON& Tower with Radar,22,33,28,0,83,0,0,0,0,0,22,33,28,0,83,15,0,15,98
12/16/2020,ASE,CO,ANM,WE,Combined TRACON& Tower with Radar,26,39,25,0,90,0,0,1,0,1,26,39,26,0,91,1,0,1,92
12/17/2020,ASE,CO,ANM,WE,Combined TRACON& Tower with Radar,45,53,46,0,144,0,0,1,3,4,45,53,47,3,148,10,0,10,158
12/18/2020,ASE,CO,ANM,WE,Combined TRACON& Tower with Radar,50,24,52,0,126,0,0,0,0,0,50,24,52,0,126,0,0,0,126
12/19/2020,ASE,CO,ANM,WE,Combined TRACON& Tower with Radar,51,81,92,0,224,0,0,10,2,12,51,81,102,2,236,5,0,5,241
12/20/2020,ASE,CO,ANM,WE,Combined TRACON& Tower with Radar,51,82,69,0,202,0,0,3,2,5,51,82,72,2,207,5,0,5,212
12/21/2020,ASE,CO,ANM,WE,Combined TRACON& Tower with Radar,50,43,52,0,145,0,0,8,3,11,50,43,60,3,156,33,0,33,189
12/22/2020,ASE,CO,ANM,WE,Combined TRACON& Tower with Radar,44,46,55,0,145,0,0,2,0,2,44,46,57,0,147,6,0,6,153
12/23/2020,ASE,CO,ANM,WE,Combined TRACON& Tower with Radar,52,31,47,0,130,0,0,2,0,2,52,31,49,0,132,1,0,1,133
12/24/2020,ASE,CO,ANM,WE,Combined TRACON& Tower with Radar,36,31,49,0,116,0,0,4,1,5,36,31,53,1,121,10,0,10,131
12/25/2020,ASE,CO,ANM,WE,Combined TRACON& Tower with Radar,32,55,23,0,110,0,0,1,4,5,32,55,24,4,115,4,0,4,119
12/26/2020,ASE,CO,ANM,WE,Combined TRACON& Tower with Radar,51,77,111,0,239,0,1,11,2,14,51,78,122,2,253,15,0,15,268
12/27/2020,ASE,CO,ANM,WE,Combined TRACON& Tower with Radar,50,78,114,0,242,0,0,7,0,7,50,78,121,0,249,18,0,18,267
12/28/2020,ASE,CO,ANM,WE,Combined TRACON& Tower with Radar,49,37,29,0,115,0,0,0,0,0,49,37,29,0,115,0,0,0,115
12/29/2020,ASE,CO,ANM,WE,Combined TRACON& Tower with Radar,45,18,42,0,105,0,0,1,0,1,45,18,43,0,106,0,0,0,106
12/30/2020,ASE,CO,ANM,WE,Combined TRACON& Tower with Radar,50,78,100,0,228,0,0,14,3,17,50,78,114,3,245,24,0,24,269
12/31/2020,ASE,CO,ANM,WE,Combined TRACON& Tower with Radar,35,35,30,0,100,0,0,3,2,5,35,35,33,2,105,6,1,7,112
01/01/2021,ASE,CO,ANM,WE,Combined TRACON& Tower with Radar,43,59,51,0,153,0,0,3,1,4,43,59,54,1,157,9,0,9,166
01/02/2021,ASE,CO,ANM,WE,Combined TRACON& Tower with Radar,52,112,111,0,275,0,0,2,0,2,52,112,113,0,277,5,0,5,282
01/03/2021,ASE,CO,ANM,WE,Combined TRACON& Tower with Radar,52,121,113,0,286,0,0,2,0,2,52,121,115,0,288,0,0,0,288
01/04/2021,ASE,CO,ANM,WE,Combined TRACON& Tower with Radar,51,91,114,2,258,0,1,8,2,11,51,92,122,4,269,9,0,9,278
01/05/2021,ASE,CO,ANM,WE,Combined TRACON& Tower with Radar,45,13,27,0,85,0,0,0,0,0,45,13,27,0,85,0,0,0,85
01/06/2021,ASE,CO,ANM,WE,Combined TRACON& Tower with Radar,36,56,48,0,140,0,0,2,2,4,36,56,50,2,144,21,0,21,165
01/07/2021,ASE,CO,ANM,WE,Combined TRACON& Tower with Radar,32,42,35,0,109,0,0,5,5,10,32,42,40,5,119,40,0,40,159
01/08/2021,ASE,CO,ANM,WE,Combined TRACON& Tower with Radar,40,40,63,0,143,0,0,7,11,18,40,40,70,11,161,29,0,29,190
01/09/2021,ASE,CO,ANM,WE,Combined TRACON& Tower with Radar,42,62,38,0,142,0,0,1,4,5,42,62,39,4,147,6,0,6,153
01/10/2021,ASE,CO,ANM,WE,Combined TRACON& Tower with Radar,42,44,67,0,153,0,0,6,4,10,42,44,73,4,163,13,0,13,176
01/11/2021,ASE,CO,ANM,WE,Combined TRACON& Tower with Radar,35,46,39,0,120,0,0,5,2,7,35,46,44,2,127,10,0,10,137
01/12/2021,ASE,CO,ANM,WE,Combined TRACON& Tower with Radar,33,25,17,0,75,0,0,8,1,9,33,25,25,1,84,14,0,14,98
01/13/2021,ASE,CO,ANM,WE,Combined TRACON& Tower with Radar,35,51,27,0,113,0,0,3,0,3,35,51,30,0,116,2,0,2,118
01/14/2021,ASE,CO,ANM,WE,Combined TRACON& Tower with Radar,31,21,31,0,83,0,0,3,0,3,31,21,34,0,86,2,0,2,88
01/15/2021,ASE,CO,ANM,WE,Combined TRACON& Tower with Radar,40,38,63,0,141,0,0,1,2,3,40,38,64,2,144,9,0,9,153
01/16/2021,ASE,CO,ANM,WE,Combined TRACON& Tower with Radar,43,30,20,0,93,0,0,0,2,2,43,30,20,2,95,7,0,7,102
01/17/2021,ASE,CO,ANM,WE,Combined TRACON& Tower with Radar,45,47,52,0,144,0,0,0,2,2,45,47,52,2,146,41,0,41,187
01/18/2021,ASE,CO,ANM,WE,Combined TRACON& Tower with Radar,37,44,54,0,135,0,0,2,2,4,37,44,56,2,139,6,0,6,145
01/19/2021,ASE,CO,ANM,WE,Combined TRACON& Tower with Radar,31,27,36,0,94,0,0,4,6,10,31,27,40,6,104,21,0,21,125
01/20/2021,ASE,CO,ANM,WE,Combined TRACON& Tower with Radar,35,43,23,0,101,0,0,7,2,9,35,43,30,2,110,15,0,15,125
01/21/2021,ASE,CO,ANM,WE,Combined TRACON& Tower with Radar,32,25,31,0,88,0,0,3,2,5,32,25,34,2,93,0,0,0,93
01/22/2021,ASE,CO,ANM,WE,Combined TRACON& Tower with Radar,39,47,34,0,120,0,0,0,0,0,39,47,34,0,120,33,0,33,153
01/23/2021,ASE,CO,ANM,WE,Combined TRACON& Tower with Radar,47,17,21,0,85,0,0,1,2,3,47,17,22,2,88,10,0,10,98
01/24/2021,ASE,CO,ANM,WE,Combined TRACON& Tower with Radar,45,26,26,0,97,0,0,1,0,1,45,26,27,0,98,0,0,0,98
01/25/2021,ASE,CO,ANM,WE,Combined TRACON& Tower with Radar,37,14,33,0,84,0,0,1,2,3,37,14,34,2,87,6,0,6,93
01/26/2021,ASE,CO,ANM,WE,Combined TRACON& Tower with Radar,30,19,9,0,58,0,0,0,0,0,30,19,9,0,58,0,0,0,58
01/27/2021,ASE,CO,ANM,WE,Combined TRACON& Tower with Radar,35,46,31,2,114,0,1,8,4,13,35,47,39,6,127,28,0,28,155
01/28/2021,ASE,CO,ANM,WE,Combined TRACON& Tower with Radar,34,28,54,0,116,0,0,6,3,9,34,28,60,3,125,35,0,35,160
01/29/2021,ASE,CO,ANM,WE,Combined TRACON& Tower with Radar,40,33,38,0,111,0,0,3,5,8,40,33,41,5,119,15,0,15,134
01/30/2021,ASE,CO,ANM,WE,Combined TRACON& Tower with Radar,41,16,15,0,72,0,0,0,0,0,41,16,15,0,72,24,0,24,96
01/31/2021,ASE,CO,ANM,WE,Combined TRACON& Tower with Radar,40,58,63,0,161,0,0,12,3,15,40,58,75,3,176,22,0,22,198
02/01/2021,ASE,CO,ANM,WE,Combined TRACON& Tower with Radar,35,25,29,0,89,0,0,1,4,5,35,25,30,4,94,31,1,32,126
02/02/2021,ASE,CO,ANM,WE,Combined TRACON& Tower with Radar,30,20,35,0,85,0,0,7,10,17,30,20,42,10,102,36,0,36,138
02/03/2021,ASE,CO,ANM,WE,Combined TRACON& Tower with Radar,28,6,9,0,43,0,0,0,0,0,28,6,9,0,43,0,0,0,43
02/04/2021,ASE,CO,ANM,WE,Combined TRACON& Tower with Radar,31,37,44,0,112,0,0,2,0,2,31,37,46,0,114,17,0,17,131
02/05/2021,ASE,CO,ANM,WE,Combined TRACON& Tower with Radar,26,4,13,0,43,0,0,1,0,1,26,4,14,0,44,0,0,0,44
02/06/2021,ASE,CO,ANM,WE,Combined TRACON& Tower with Radar,45,51,56,0,152,0,0,3,1,4,45,51,59,1,156,10,0,10,166
02/07/2021,ASE,CO,ANM,WE,Combined TRACON& Tower with Radar,43,33,48,0,124,0,0,1,4,5,43,33,49,4,129,6,0,6,135
02/08/2021,ASE,CO,ANM,WE,Combined TRACON& Tower with Radar,38,23,44,0,105,0,0,3,0,3,38,23,47,0,108,4,0,4,112
02/09/2021,ASE,CO,ANM,WE,Combined TRACON& Tower with Radar,31,27,18,0,76,0,0,1,0,1,31,27,19,0,77,24,0,24,101
02/10/2021,ASE,CO,ANM,WE,Combined TRACON& Tower with Radar,41,15,22,0,78,0,0,0,0,0,41,15,22,0,78,0,0,0,78
02/11/2021,ASE,CO,ANM,WE,Combined TRACON& Tower with Radar,42,65,101,0,208,0,0,8,5,13,42,65,109,5,221,27,0,27,248
02/12/2021,ASE,CO,ANM,WE,Combined TRACON& Tower with Radar,43,35,37,0,115,0,0,0,0,0,43,35,37,0,115,31,0,31,146
02/13/2021,ASE,CO,ANM,WE,Combined TRACON& Tower with Radar,39,60,40,0,139,0,0,0,2,2,39,60,40,2,141,8,0,8,149
02/14/2021,ASE,CO,ANM,WE,Combined TRACON& Tower with Radar,36,40,38,0,114,0,0,1,2,3,36,40,39,2,117,10,0,10,127
02/15/2021,ASE,CO,ANM,WE,Combined TRACON& Tower with Radar,33,35,82,0,150,0,0,2,0,2,33,35,84,0,152,6,0,6,158
02/16/2021,ASE,CO,ANM,WE,Combined TRACON& Tower with Radar,27,19,35,0,81,0,0,0,0,0,27,19,35,0,81,16,0,16,97
02/17/2021,ASE,CO,ANM,WE,Combined TRACON& Tower with Radar,33,65,36,0,134,0,0,1,2,3,33,65,37,2,137,14,0,14,151
02/18/2021,ASE,CO,ANM,WE,Combined TRACON& Tower with Radar,36,53,82,0,171,0,0,3,6,9,36,53,85,6,180,27,0,27,207
02/19/2021,ASE,CO,ANM,WE,Combined TRACON& Tower with Radar,44,61,50,0,155,0,0,2,2,4,44,61,52,2,159,6,0,6,165
02/20/2021,ASE,CO,ANM,WE,Combined TRACON& Tower with Radar,38,54,63,0,155,0,0,1,0,1,38,54,64,0,156,9,0,9,165
02/21/2021,ASE,CO,ANM,WE,Combined TRACON& Tower with Radar,53,67,92,0,212,0,0,4,0,4,53,67,96,0,216,2,0,2,218
02/22/2021,ASE,CO,ANM,WE,Combined TRACON& Tower with Radar,42,56,51,0,149,0,0,5,6,11,42,56,56,6,160,18,0,18,178
02/23/2021,ASE,CO,ANM,WE,Combined TRACON& Tower with Radar,37,31,26,0,94,0,0,5,3,8,37,31,31,3,102,37,0,37,139
02/24/2021,ASE,CO,ANM,WE,Combined TRACON& Tower with Radar,41,31,53,0,125,0,0,2,5,7,41,31,55,5,132,13,0,13,145
02/25/2021,ASE,CO,ANM,WE,Combined TRACON& Tower with Radar,44,53,47,0,144,0,0,4,3,7,44,53,51,3,151,9,0,9,160
02/26/2021,ASE,CO,ANM,WE,Combined TRACON& Tower with Radar,48,34,58,0,140,0,0,3,3,6,48,34,61,3,146,7,0,7,153
02/27/2021,ASE,CO,ANM,WE,Combined TRACON& Tower with Radar,18,4,7,0,29,0,0,0,0,0,18,4,7,0,29,0,0,0,29
02/28/2021,ASE,CO,ANM,WE,Combined TRACON& Tower with Radar,38,71,73,0,182,0,0,8,3,11,38,71,81,3,193,12,0,12,205
03/01/2021,ASE,CO,ANM,WE,Combined TRACON& Tower with Radar,42,42,55,0,139,0,0,7,4,11,42,42,62,4,150,28,0,28,178
03/02/2021,ASE,CO,ANM,WE,Combined TRACON& Tower with Radar,40,44,39,0,123,0,0,8,6,14,40,44,47,6,137,31,0,31,168
03/03/2021,ASE,CO,ANM,WE,Combined TRACON& Tower with Radar,41,44,65,0,150,0,0,10,8,18,41,44,75,8,168,23,0,23,191
03/04/2021,ASE,CO,ANM,WE,Combined TRACON& Tower with Radar,32,19,21,0,72,0,0,0,0,0,32,19,21,0,72,9,0,9,81
03/05/2021,ASE,CO,ANM,WE,Combined TRACON& Tower with Radar,52,52,67,0,171,0,0,10,13,23,52,52,77,13,194,25,4,29,223
03/06/2021,ASE,CO,ANM,WE,Combined TRACON& Tower with Radar,49,78,79,0,206,0,0,13,4,17,49,78,92,4,223,35,0,35,258
03/07/2021,ASE,CO,ANM,WE,Combined TRACON& Tower with Radar,55,74,90,0,219,0,0,10,2,12,55,74,100,2,231,11,0,11,242
03/08/2021,ASE,CO,ANM,WE,Combined TRACON& Tower with Radar,48,44,50,0,142,0,0,2,5,7,48,44,52,5,149,17,0,17,166
03/09/2021,ASE,CO,ANM,WE,Combined TRACON& Tower with Radar,43,27,43,0,113,0,0,6,1,7,43,27,49,1,120,21,0,21,141
03/10/2021,ASE,CO,ANM,WE,Combined TRACON& Tower with Radar,50,33,33,0,116,0,0,0,0,0,50,33,33,0,116,0,0,0,116
03/11/2021,ASE,CO,ANM,WE,Combined TRACON& Tower with Radar,49,67,62,0,178,0,0,4,0,4,49,67,66,0,182,5,0,5,187
03/12/2021,ASE,CO,ANM,WE,Combined TRACON& Tower with Radar,46,76,130,0,252,0,0,8,1,9,46,76,138,1,261,29,0,29,290
03/13/2021,ASE,CO,ANM,WE,Combined TRACON& Tower with Radar,39,29,33,0,101,0,0,0,2,2,39,29,33,2,103,4,0,4,107
03/14/2021,ASE,CO,ANM,WE,Combined TRACON& Tower with Radar,12,4,15,0,31,0,0,0,0,0,12,4,15,0,31,0,0,0,31
03/15/2021,ASE,CO,ANM,WE,Combined TRACON& Tower with Radar,33,77,94,0,204,0,0,3,0,3,33,77,97,0,207,3,0,3,210
03/16/2021,ASE,CO,ANM,WE,Combined TRACON& Tower with Radar,40,37,33,0,110,0,0,0,0,0,40,37,33,0,110,38,0,38,148
03/17/2021,ASE,CO,ANM,WE,Combined TRACON& Tower with Radar,42,68,54,0,164,0,0,2,1,3,42,68,56,1,167,4,0,4,171
03/18/2021,ASE,CO,ANM,WE,Combined TRACON& Tower with Radar,47,70,72,0,189,0,0,6,8,14,47,70,78,8,203,33,0,33,236
03/19/2021,ASE,CO,ANM,WE,Combined TRACON& Tower with Radar,52,109,83,0,244,0,0,11,5,16,52,109,94,5,260,28,0,28,288
03/20/2021,ASE,CO,ANM,WE,Combined TRACON& Tower with Radar,43,78,103,0,224,0,1,9,0,10,43,79,112,0,234,17,0,17,251
03/21/2021,ASE,CO,ANM,WE,Combined TRACON& Tower with Radar,53,77,80,0,210,0,0,2,0,2,53,77,82,0,212,2,0,2,214
03/22/2021,ASE,CO,ANM,WE,Combined TRACON& Tower with Radar,48,32,49,0,129,0,0,1,2,3,48,32,50,2,132,39,0,39,171
03/23/2021,ASE,CO,ANM,WE,Combined TRACON& Tower with Radar,42,38,46,0,126,0,0,0,0,0,42,38,46,0,126,6,0,6,132
03/24/2021,ASE,CO,ANM,WE,Combined TRACON& Tower with Radar,45,59,52,0,156,0,0,0,6,6,45,59,52,6,162,16,0,16,178
03/25/2021,ASE,CO,ANM,WE,Combined TRACON& Tower with Radar,51,80,73,0,204,0,0,0,0,0,51,80,73,0,204,18,0,18,222
03/26/2021,ASE,CO,ANM,WE,Combined TRACON& Tower with Radar,56,58,66,0,180,0,0,0,0,0,56,58,66,0,180,0,0,0,180
03/27/2021,ASE,CO,ANM,WE,Combined TRACON& Tower with Radar,51,105,82,0,238,0,0,8,4,12,51,105,90,4,250,26,1,27,277
03/28/2021,ASE,CO,ANM,WE,Combined TRACON& Tower with Radar,40,98,78,0,216,0,2,9,4,15,40,100,87,4,231,16,0,16,247
03/29/2021,ASE,CO,ANM,WE,Combined TRACON& Tower with Radar,28,59,70,0,157,0,0,6,0,6,28,59,76,0,163,8,0,8,171
03/30/2021,ASE,CO,ANM,WE,Combined TRACON& Tower with Radar,28,35,36,0,99,0,0,0,2,2,28,35,36,2,101,0,0,0,101
03/31/2021,ASE,CO,ANM,WE,Combined TRACON& Tower with Radar,30,53,46,0,129,0,0,6,3,9,30,53,52,3,138,8,2,10,148
04/01/2021,ASE,CO,ANM,WE,Combined TRACON& Tower with Radar,30,50,70,0,150,0,0,8,2,10,30,50,78,2,160,26,0,26,186
04/02/2021,ASE,CO,ANM,WE,Combined TRACON& Tower with Radar,22,64,64,0,150,0,0,7,3,10,22,64,71,3,160,16,0,16,176
04/03/2021,ASE,CO,ANM,WE,Combined TRACON& Tower with Radar,39,106,70,1,216,0,0,19,4,23,39,106,89,5,239,14,0,14,253
04/04/2021,ASE,CO,ANM,WE,Combined TRACON& Tower with Radar,37,74,60,0,171,0,0,12,0,12,37,74,72,0,183,27,0,27,210
04/05/2021,ASE,CO,ANM,WE,Combined TRACON& Tower with Radar,23,54,64,0,141,0,0,5,3,8,23,54,69,3,149,8,0,8,157
04/06/2021,ASE,CO,ANM,WE,Combined TRACON& Tower with Radar,16,28,37,0,81,0,0,3,4,7,16,28,40,4,88,5,1,6,94
04/07/2021,ASE,CO,ANM,WE,Combined TRACON& Tower with Radar,13,31,23,0,67,0,0,7,6,13,13,31,30,6,80,11,2,13,93
04/08/2021,ASE,CO,ANM,WE,Combined TRACON& Tower with Radar,13,29,26,0,68,0,0,5,0,5,13,29,31,0,73,6,0,6,79
04/09/2021,ASE,CO,ANM,WE,Combined TRACON& Tower with Radar,14,22,34,0,70,0,0,3,2,5,14,22,37,2,75,24,0,24,99
04/10/2021,ASE,CO,ANM,WE,Combined TRACON& Tower with Radar,19,27,29,0,75,0,0,11,4,15,19,27,40,4,90,44,0,44,134
04/11/2021,ASE,CO,ANM,WE,Combined TRACON& Tower with Radar,16,42,32,0,90,0,1,2,3,6,16,43,34,3,96,4,0,4,100
04/12/2021,ASE,CO,ANM,WE,Combined TRACON& Tower with Radar,14,31,37,0,82,0,0,7,4,11,14,31,44,4,93,18,0,18,111
04/13/2021,ASE,CO,ANM,WE,Combined TRACON& Tower with Radar,14,21,22,0,57,0,0,2,0,2,14,21,24,0,59,6,0,6,65
04/14/2021,ASE,CO,ANM,WE,Combined TRACON& Tower with Radar,11,22,26,0,59,0,0,2,4,6,11,22,28,4,65,11,0,11,76
04/15/2021,ASE,CO,ANM,WE,Combined TRACON& Tower with Radar,11,28,22,0,61,0,0,1,0,1,11,28,23,0,62,3,0,3,65
04/16/2021,ASE,CO,ANM,WE,Combined TRACON& Tower with Radar,11,12,24,0,47,0,0,0,0,0,11,12,24,0,47,3,0,3,50
04/17/2021,ASE,CO,ANM,WE,Combined TRACON& Tower with Radar,12,15,12,0,39,0,0,1,2,3,12,15,13,2,42,5,0,5,47
04/18/2021,ASE,CO,ANM,WE,Combined TRACON& Tower with Radar,12,38,38,0,88,0,0,5,2,7,12,38,43,2,95,10,0,10,105
04/19/2021,ASE,CO,ANM,WE,Combined TRACON& Tower with Radar,10,16,25,0,51,0,0,3,2,5,10,16,28,2,56,4,0,4,60
04/20/2021,ASE,CO,ANM,WE,Combined TRACON& Tower with Radar,13,16,18,0,47,0,0,1,4,5,13,16,19,4,52,38,0,38,90
04/21/2021,ASE,CO,ANM,WE,Combined TRACON& Tower with Radar,13,14,18,0,45,0,0,1,0,1,13,14,19,0,46,6,0,6,52
04/22/2021,ASE,CO,ANM,WE,Combined TRACON& Tower with Radar,16,13,20,0,49,0,0,0,0,0,16,13,20,0,49,0,0,0,49
04/23/2021,ASE,CO,ANM,WE,Combined TRACON& Tower with Radar,12,16,21,0,49,0,0,2,0,2,12,16,23,0,51,11,0,11,62
04/24/2021,ASE,CO,ANM,WE,Combined TRACON& Tower with Radar,11,12,18,0,41,0,0,4,0,4,11,12,22,0,45,4,0,4,49
04/25/2021,ASE,CO,ANM,WE,Combined TRACON& Tower with Radar,11,8,15,0,34,0,0,5,3,8,11,8,20,3,42,9,0,9,51
04/26/2021,ASE,CO,ANM,WE,Combined TRACON& Tower with Radar,12,6,19,0,37,0,0,3,0,3,12,6,22,0,40,3,0,3,43
04/27/2021,ASE,CO,ANM,WE,Combined TRACON& Tower with Radar,13,6,20,0,39,0,0,0,1,1,13,6,20,1,40,0,0,0,40
04/28/2021,ASE,CO,ANM,WE,Combined TRACON& Tower with Radar,11,16,29,0,56,0,0,4,1,5,11,16,33,1,61,10,0,10,71
04/29/2021,ASE,CO,ANM,WE,Combined TRACON& Tower with Radar,11,18,27,0,56,0,0,4,5,9,11,18,31,5,65,12,0,12,77
04/30/2021,ASE,CO,ANM,WE,Combined TRACON& Tower with Radar,12,14,17,0,43,0,0,7,5,12,12,14,24,5,55,25,4,29,84
05/01/2021,ASE,CO,ANM,WE,Combined TRACON& Tower with Radar,11,22,12,0,45,0,0,6,0,6,11,22,18,0,51,35,0,35,86
05/02/2021,ASE,CO,ANM,WE,Combined TRACON& Tower with Radar,11,19,15,0,45,0,0,5,0,5,11,19,20,0,50,23,0,23,73
05/03/2021,ASE,CO,ANM,WE,Combined TRACON& Tower with Radar,11,9,10,0,30,0,0,0,0,0,11,9,10,0,30,0,0,0,30
05/04/2021,ASE,CO,ANM,WE,Combined TRACON& Tower with Radar,11,19,18,0,48,0,0,4,2,6,11,19,22,2,54,13,0,13,67
05/05/2021,ASE,CO,ANM,WE,Combined TRACON& Tower with Radar,11,15,23,0,49,0,0,9,6,15,11,15,32,6,64,19,0,19,83
05/06/2021,ASE,CO,ANM,WE,Combined TRACON& Tower with Radar,9,25,26,0,60,0,0,15,8,23,9,25,41,8,83,40,0,40,123
05/07/2021,ASE,CO,ANM,WE,Combined TRACON& Tower with Radar,9,11,22,0,42,0,0,17,4,21,9,11,39,4,63,15,0,15,78
05/08/2021,ASE,CO,ANM,WE,Combined TRACON& Tower with Radar,9,14,6,0,29,0,0,4,2,6,9,14,10,2,35,4,2,6,41
05/09/2021,ASE,CO,ANM,WE,Combined TRACON& Tower with Radar,11,20,22,0,53,0,0,1,0,1,11,20,23,0,54,3,0,3,57
05/10/2021,ASE,CO,ANM,WE,Combined TRACON& Tower with Radar,10,7,7,0,24,0,0,0,0,0,10,7,7,0,24,0,0,0,24
05/11/2021,ASE,CO,ANM,WE,Combined TRACON& Tower with Radar,11,6,11,0,28,0,0,1,1,2,11,6,12,1,30,8,0,8,38
05/12/2021,ASE,CO,ANM,WE,Combined TRACON& Tower with Radar,9,23,25,0,57,0,0,6,7,13,9,23,31,7,70,47,0,47,117
05/13/2021,ASE,CO,ANM,WE,Combined TRACON& Tower with Radar,9,12,17,0,38,0,0,2,3,5,9,12,19,3,43,2,16,18,61
05/14/2021,ASE,CO,ANM,WE,Combined TRACON& Tower with Radar,9,12,29,0,50,0,0,7,14,21,9,12,36,14,71,47,8,55,126
05/15/2021,ASE,CO,ANM,WE,Combined TRACON& Tower with Radar,9,26,22,0,57,0,0,4,3,7,9,26,26,3,64,12,0,12,76
05/16/2021,ASE,CO,ANM,WE,Combined TRACON& Tower with Radar,7,16,28,0,51,0,0,4,0,4,7,16,32,0,55,9,0,9,64
05/17/2021,ASE,CO,ANM,WE,Combined TRACON& Tower with Radar,11,21,18,0,50,0,0,13,4,17,11,21,31,4,67,0,0,0,67
05/18/2021,ASE,CO,ANM,WE,Combined TRACON& Tower with Radar,0,0,0,0,0,0,0,0,0,0,0,0,0,0,0,0,0,0,0
05/19/2021,ASE,CO,ANM,WE,Combined TRACON& Tower with Radar,0,0,0,0,0,0,0,0,1,1,0,0,0,1,1,4,1,5,6
05/20/2021,ASE,CO,ANM,WE,Combined TRACON& Tower with Radar,0,0,0,0,0,0,0,0,0,0,0,0,0,0,0,0,0,0,0
05/21/2021,ASE,CO,ANM,WE,Combined TRACON& Tower with Radar,0,0,0,0,0,0,0,0,0,0,0,0,0,0,0,0,0,0,0
05/22/2021,ASE,CO,ANM,WE,Combined TRACON& Tower with Radar,0,0,0,0,0,0,0,0,0,0,0,0,0,0,0,2,0,2,2
05/23/2021,ASE,CO,ANM,WE,Combined TRACON& Tower with Radar,0,0,0,0,0,0,0,0,0,0,0,0,0,0,0,0,0,0,0
05/24/2021,ASE,CO,ANM,WE,Combined TRACON& Tower with Radar,11,24,20,0,55,0,0,12,4,16,11,24,32,4,71,16,0,16,87
05/25/2021,ASE,CO,ANM,WE,Combined TRACON& Tower with Radar,9,27,27,2,65,0,0,6,4,10,9,27,33,6,75,61,0,61,136
05/26/2021,ASE,CO,ANM,WE,Combined TRACON& Tower with Radar,11,31,26,0,68,0,0,10,6,16,11,31,36,6,84,12,0,12,96
05/27/2021,ASE,CO,ANM,WE,Combined TRACON& Tower with Radar,15,32,39,0,86,0,0,8,2,10,15,32,47,2,96,15,0,15,111
05/28/2021,ASE,CO,ANM,WE,Combined TRACON& Tower with Radar,15,27,48,0,90,0,0,5,0,5,15,27,53,0,95,17,0,17,112
05/29/2021,ASE,CO,ANM,WE,Combined TRACON& Tower with Radar,18,36,41,0,95,0,0,7,0,7,18,36,48,0,102,23,0,23,125
05/30/2021,ASE,CO,ANM,WE,Combined TRACON& Tower with Radar,13,20,29,0,62,0,1,2,0,3,13,21,31,0,65,4,0,4,69
05/31/2021,ASE,CO,ANM,WE,Combined TRACON& Tower with Radar,15,29,41,0,85,0,0,0,5,5,15,29,41,5,90,15,0,15,105
06/01/2021,ASE,CO,ANM,WE,Combined TRACON& Tower with Radar,9,32,38,0,79,0,0,10,2,12,9,32,48,2,91,52,0,52,143
06/02/2021,ASE,CO,ANM,WE,Combined TRACON& Tower with Radar,10,39,25,1,75,0,2,7,0,9,10,41,32,1,84,10,0,10,94
06/03/2021,ASE,CO,ANM,WE,Combined TRACON& Tower with Radar,34,30,29,0,93,0,0,3,2,5,34,30,32,2,98,6,0,6,104
06/04/2021,ASE,CO,ANM,WE,Combined TRACON& Tower with Radar,26,16,33,0,75,0,0,3,2,5,26,16,36,2,80,19,0,19,99
06/05/2021,ASE,CO,ANM,WE,Combined TRACON& Tower with Radar,42,31,41,0,114,0,0,1,0,1,42,31,42,0,115,13,0,13,128
06/06/2021,ASE,CO,ANM,WE,Combined TRACON& Tower with Radar,37,52,56,0,145,0,1,8,2,11,37,53,64,2,156,17,0,17,173
06/07/2021,ASE,CO,ANM,WE,Combined TRACON& Tower with Radar,36,33,27,0,96,0,0,6,2,8,36,33,33,2,104,17,0,17,121
06/08/2021,ASE,CO,ANM,WE,Combined TRACON& Tower with Radar,39,47,44,0,130,0,0,9,0,9,39,47,53,0,139,15,0,15,154
06/09/2021,ASE,CO,ANM,WE,Combined TRACON& Tower with Radar,40,32,18,0,90,0,0,5,8,13,40,32,23,8,103,24,3,27,130
06/10/2021,ASE,CO,ANM,WE,Combined TRACON& Tower with Radar,37,26,51,0,114,0,0,5,0,5,37,26,56,0,119,11,0,11,130
06/11/2021,ASE,CO,ANM,WE,Combined TRACON& Tower with Radar,41,42,49,0,132,0,0,10,0,10,41,42,59,0,142,30,0,30,172
06/12/2021,ASE,CO,ANM,WE,Combined TRACON& Tower with Radar,41,54,63,0,158,0,0,6,1,7,41,54,69,1,165,35,0,35,200
06/13/2021,ASE,CO,ANM,WE,Combined TRACON& Tower with Radar,40,51,76,0,167,0,0,6,2,8,40,51,82,2,175,34,0,34,209
06/14/2021,ASE,CO,ANM,WE,Combined TRACON& Tower with Radar,34,33,46,0,113,0,0,11,4,15,34,33,57,4,128,36,0,36,164
06/15/2021,ASE,CO,ANM,WE,Combined TRACON& Tower with Radar,41,50,48,0,139,0,0,4,9,13,41,50,52,9,152,33,0,33,185
06/16/2021,ASE,CO,ANM,WE,Combined TRACON& Tower with Radar,43,45,59,0,147,0,0,10,4,14,43,45,69,4,161,37,0,37,198
06/17/2021,ASE,CO,ANM,WE,Combined TRACON& Tower with Radar,40,54,49,0,143,0,0,9,2,11,40,54,58,2,154,11,0,11,165
06/18/2021,ASE,CO,ANM,WE,Combined TRACON& Tower with Radar,39,58,68,0,165,0,0,13,4,17,39,58,81,4,182,16,0,16,198
06/19/2021,ASE,CO,ANM,WE,Combined TRACON& Tower with Radar,40,50,53,0,143,0,0,2,3,5,40,50,55,3,148,21,2,23,171
06/20/2021,ASE,CO,ANM,WE,Combined TRACON& Tower with Radar,38,49,66,0,153,0,0,8,6,14,38,49,74,6,167,23,0,23,190
06/21/2021,ASE,CO,ANM,WE,Combined TRACON& Tower with Radar,39,33,62,0,134,0,0,9,9,18,39,33,71,9,152,19,0,19,171
06/22/2021,ASE,CO,ANM,WE,Combined TRACON& Tower with Radar,41,29,54,0,124,0,0,8,1,9,41,29,62,1,133,25,0,25,158
06/23/2021,ASE,CO,ANM,WE,Combined TRACON& Tower with Radar,39,68,68,0,175,0,0,6,4,10,39,68,74,4,185,20,0,20,205
06/24/2021,ASE,CO,ANM,WE,Combined TRACON& Tower with Radar,34,53,74,0,161,0,0,7,0,7,34,53,81,0,168,15,0,15,183
06/25/2021,ASE,CO,ANM,WE,Combined TRACON& Tower with Radar,38,55,73,0,166,0,0,4,2,6,38,55,77,2,172,14,0,14,186
06/26/2021,ASE,CO,ANM,WE,Combined TRACON& Tower with Radar,39,51,70,0,160,0,0,4,0,4,39,51,74,0,164,10,0,10,174
06/27/2021,ASE,CO,ANM,WE,Combined TRACON& Tower with Radar,37,70,86,0,193,0,0,5,2,7,37,70,91,2,200,20,1,21,221
06/28/2021,ASE,CO,ANM,WE,Combined TRACON& Tower with Radar,37,54,71,0,162,0,0,4,3,7,37,54,75,3,169,24,0,24,193
06/29/2021,ASE,CO,ANM,WE,Combined TRACON& Tower with Radar,40,47,43,0,130,0,0,4,1,5,40,47,47,1,135,18,0,18,153
06/30/2021,ASE,CO,ANM,WE,Combined TRACON& Tower with Radar,38,80,85,0,203,0,0,4,1,5,38,80,89,1,208,10,0,10,218
07/01/2021,ASE,CO,ANM,WE,Combined TRACON& Tower with Radar,27,104,96,0,227,0,0,6,0,6,27,104,102,0,233,15,0,15,248
07/02/2021,ASE,CO,ANM,WE,Combined TRACON& Tower with Radar,38,88,69,0,195,0,1,9,0,10,38,89,78,0,205,13,0,13,218
07/03/2021,ASE,CO,ANM,WE,Combined TRACON& Tower with Radar,31,75,47,0,153,0,0,6,0,6,31,75,53,0,159,20,0,20,179
07/04/2021,ASE,CO,ANM,WE,Combined TRACON& Tower with Radar,37,35,46,0,118,0,0,3,1,4,37,35,49,1,122,23,0,23,145
07/05/2021,ASE,CO,ANM,WE,Combined TRACON& Tower with Radar,38,97,86,0,221,0,0,7,0,7,38,97,93,0,228,9,0,9,237
07/06/2021,ASE,CO,ANM,WE,Combined TRACON& Tower with Radar,37,86,83,0,206,0,0,6,0,6,37,86,89,0,212,27,6,33,245
07/07/2021,ASE,CO,ANM,WE,Combined TRACON& Tower with Radar,39,71,51,0,161,0,0,17,8,25,39,71,68,8,186,40,1,41,227
07/08/2021,ASE,CO,ANM,WE,Combined TRACON& Tower with Radar,40,66,92,0,198,0,0,7,3,10,40,66,99,3,208,16,0,16,224
07/09/2021,ASE,CO,ANM,WE,Combined TRACON& Tower with Radar,41,75,79,0,195,0,0,12,2,14,41,75,91,2,209,46,0,46,255
07/10/2021,ASE,CO,ANM,WE,Combined TRACON& Tower with Radar,48,85,77,0,210,0,0,10,1,11,48,85,87,1,221,17,0,17,238
07/11/2021,ASE,CO,ANM,WE,Combined TRACON& Tower with Radar,40,94,94,0,228,0,0,14,1,15,40,94,108,1,243,21,0,21,264
07/12/2021,ASE,CO,ANM,WE,Combined TRACON& Tower with Radar,39,62,89,0,190,0,0,8,5,13,39,62,97,5,203,16,0,16,219
07/13/2021,ASE,CO,ANM,WE,Combined TRACON& Tower with Radar,37,46,62,0,145,0,0,3,5,8,37,46,65,5,153,16,0,16,169
07/14/2021,ASE,CO,ANM,WE,Combined TRACON& Tower with Radar,39,68,69,1,177,0,1,4,1,6,39,69,73,2,183,11,0,11,194
07/15/2021,ASE,CO,ANM,WE,Combined TRACON& Tower with Radar,42,91,75,0,208,0,0,5,9,14,42,91,80,9,222,29,0,29,251
07/16/2021,ASE,CO,ANM,WE,Combined TRACON& Tower with Radar,40,85,70,0,195,0,0,2,1,3,40,85,72,1,198,13,0,13,211
07/17/2021,ASE,CO,ANM,WE,Combined TRACON& Tower with Radar,45,80,67,0,192,0,0,11,3,14,45,80,78,3,206,32,0,32,238
07/18/2021,ASE,CO,ANM,WE,Combined TRACON& Tower with Radar,38,115,117,0,270,0,0,11,4,15,38,115,128,4,285,25,0,25,310
07/19/2021,ASE,CO,ANM,WE,Combined TRACON& Tower with Radar,39,55,95,0,189,0,0,10,6,16,39,55,105,6,205,35,0,35,240
07/20/2021,ASE,CO,ANM,WE,Combined TRACON& Tower with Radar,40,53,98,0,191,0,0,4,3,7,40,53,102,3,198,16,0,16,214
07/21/2021,ASE,CO,ANM,WE,Combined TRACON& Tower with Radar,38,72,88,0,198,0,0,11,5,16,38,72,99,5,214,38,0,38,252
07/22/2021,ASE,CO,ANM,WE,Combined TRACON& Tower with Radar,36,75,92,0,203,0,0,9,2,11,36,75,101,2,214,13,0,13,227
07/23/2021,ASE,CO,ANM,WE,Combined TRACON& Tower with Radar,38,80,88,0,206,0,0,7,0,7,38,80,95,0,213,27,0,27,240
07/24/2021,ASE,CO,ANM,WE,Combined TRACON& Tower with Radar,43,81,57,0,181,0,0,4,1,5,43,81,61,1,186,14,0,14,200
07/25/2021,ASE,CO,ANM,WE,Combined TRACON& Tower with Radar,36,86,113,0,235,0,0,3,1,4,36,86,116,1,239,15,0,15,254
07/26/2021,ASE,CO,ANM,WE,Combined TRACON& Tower with Radar,40,83,65,0,188,0,0,9,4,13,40,83,74,4,201,15,0,15,216
07/27/2021,ASE,CO,ANM,WE,Combined TRACON& Tower with Radar,40,53,64,0,157,0,0,15,5,20,40,53,79,5,177,23,0,23,200
07/28/2021,ASE,CO,ANM,WE,Combined TRACON& Tower with Radar,40,77,83,0,200,0,0,7,0,7,40,77,90,0,207,16,0,16,223
07/29/2021,ASE,CO,ANM,WE,Combined TRACON& Tower with Radar,41,73,71,0,185,0,0,15,0,15,41,73,86,0,200,21,4,25,225
07/30/2021,ASE,CO,ANM,WE,Combined TRACON& Tower with Radar,38,75,74,0,187,0,0,15,0,15,38,75,89,0,202,16,0,16,218
07/31/2021,ASE,CO,ANM,WE,Combined TRACON& Tower with Radar,41,93,98,0,232,0,0,4,4,8,41,93,102,4,240,7,0,7,247
08/01/2021,ASE,CO,ANM,WE,Combined TRACON& Tower with Radar,31,113,108,0,252,0,0,3,1,4,31,113,111,1,256,10,0,10,266
08/02/2021,ASE,CO,ANM,WE,Combined TRACON& Tower with Radar,30,81,69,0,180,0,0,1,0,1,30,81,70,0,181,14,0,14,195
08/03/2021,ASE,CO,ANM,WE,Combined TRACON& Tower with Radar,39,65,57,0,161,0,0,1,4,5,39,65,58,4,166,34,0,34,200
08/04/2021,ASE,CO,ANM,WE,Combined TRACON& Tower with Radar,41,69,86,0,196,0,0,10,5,15,41,69,96,5,211,48,5,53,264
08/05/2021,ASE,CO,ANM,WE,Combined TRACON& Tower with Radar,41,90,87,0,218,0,1,14,4,19,41,91,101,4,237,37,6,43,280
08/06/2021,ASE,CO,ANM,WE,Combined TRACON& Tower with Radar,39,85,90,0,214,0,0,10,4,14,39,85,100,4,228,22,2,24,252
08/07/2021,ASE,CO,ANM,WE,Combined TRACON& Tower with Radar,40,55,62,0,157,0,0,11,2,13,40,55,73,2,170,15,0,15,185
08/08/2021,ASE,CO,ANM,WE,Combined TRACON& Tower with Radar,32,74,83,0,189,0,1,5,1,7,32,75,88,1,196,7,0,7,203
08/09/2021,ASE,CO,ANM,WE,Combined TRACON& Tower with Radar,37,61,110,0,208,0,1,7,6,14,37,62,117,6,222,31,2,33,255
08/10/2021,ASE,CO,ANM,WE,Combined TRACON& Tower with Radar,41,40,62,0,143,0,0,5,0,5,41,40,67,0,148,36,0,36,184
08/11/2021,ASE,CO,ANM,WE,Combined TRACON& Tower with Radar,39,57,65,0,161,0,1,15,2,18,39,58,80,2,179,46,0,46,225
08/12/2021,ASE,CO,ANM,WE,Combined TRACON& Tower with Radar,40,67,100,0,207,0,0,4,6,10,40,67,104,6,217,25,0,25,242
08/13/2021,ASE,CO,ANM,WE,Combined TRACON& Tower with Radar,37,65,92,0,194,0,1,5,5,11,37,66,97,5,205,17,0,17,222
08/14/2021,ASE,CO,ANM,WE,Combined TRACON& Tower with Radar,39,77,76,0,192,0,0,3,3,6,39,77,79,3,198,33,0,33,231
08/15/2021,ASE,CO,ANM,WE,Combined TRACON& Tower with Radar,37,84,126,0,247,0,1,6,2,9,37,85,132,2,256,10,0,10,266
08/16/2021,ASE,CO,ANM,WE,Combined TRACON& Tower with Radar,39,63,83,0,185,0,0,6,2,8,39,63,89,2,193,19,0,19,212
08/17/2021,ASE,CO,ANM,WE,Combined TRACON& Tower with Radar,31,62,63,0,156,0,0,15,4,19,31,62,78,4,175,52,0,52,227
08/18/2021,ASE,CO,ANM,WE,Combined TRACON& Tower with Radar,30,59,56,0,145,0,0,4,0,4,30,59,60,0,149,31,0,31,180
08/19/2021,ASE,CO,ANM,WE,Combined TRACON& Tower with Radar,32,52,62,0,146,0,0,1,0,1,32,52,63,0,147,1,0,1,148
08/20/2021,ASE,CO,ANM,WE,Combined TRACON& Tower with Radar,33,52,95,0,180,0,0,8,0,8,33,52,103,0,188,15,0,15,203
08/21/2021,ASE,CO,ANM,WE,Combined TRACON& Tower with Radar,35,67,67,0,169,0,0,6,0,6,35,67,73,0,175,21,1,22,197
08/22/2021,ASE,CO,ANM,WE,Combined TRACON& Tower with Radar,37,75,79,0,191,0,0,7,2,9,37,75,86,2,200,15,0,15,215
08/23/2021,ASE,CO,ANM,WE,Combined TRACON& Tower with Radar,36,70,82,0,188,0,1,12,2,15,36,71,94,2,203,14,0,14,217
08/24/2021,ASE,CO,ANM,WE,Combined TRACON& Tower with Radar,35,41,60,0,136,0,0,6,2,8,35,41,66,2,144,23,0,23,167
08/25/2021,ASE,CO,ANM,WE,Combined TRACON& Tower with Radar,31,73,39,0,143,0,0,10,5,15,31,73,49,5,158,13,0,13,171
08/26/2021,ASE,CO,ANM,WE,Combined TRACON& Tower with Radar,36,53,68,2,159,0,0,3,0,3,36,53,71,2,162,4,0,4,166
08/27/2021,ASE,CO,ANM,WE,Combined TRACON& Tower with Radar,36,56,60,1,153,0,1,8,2,11,36,57,68,3,164,19,4,23,187
08/28/2021,ASE,CO,ANM,WE,Combined TRACON& Tower with Radar,36,45,50,0,131,0,0,11,1,12,36,45,61,1,143,18,0,18,161
08/29/2021,ASE,CO,ANM,WE,Combined TRACON& Tower with Radar,36,68,79,0,183,0,0,16,2,18,36,68,95,2,201,21,0,21,222
08/30/2021,ASE,CO,ANM,WE,Combined TRACON& Tower with Radar,38,41,64,2,145,0,0,9,2,11,38,41,73,4,156,22,0,22,178
08/31/2021,ASE,CO,ANM,WE,Combined TRACON& Tower with Radar,33,57,66,0,156,0,0,2,5,7,33,57,68,5,163,19,1,20,183
09/01/2021,ASE,CO,ANM,WE,Combined TRACON& Tower with Radar,31,49,78,0,158,0,0,2,0,2,31,49,80,0,160,7,1,8,168
09/02/2021,ASE,CO,ANM,WE,Combined TRACON& Tower with Radar,37,64,89,0,190,0,0,7,0,7,37,64,96,0,197,5,0,5,202
09/03/2021,ASE,CO,ANM,WE,Combined TRACON& Tower with Radar,33,64,91,1,189,0,0,4,1,5,33,64,95,2,194,30,0,30,224
09/04/2021,ASE,CO,ANM,WE,Combined TRACON& Tower with Radar,35,49,41,0,125,0,0,5,1,6,35,49,46,1,131,9,0,9,140
09/05/2021,ASE,CO,ANM,WE,Combined TRACON& Tower with Radar,31,65,63,0,159,0,0,8,0,8,31,65,71,0,167,26,0,26,193
09/06/2021,ASE,CO,ANM,WE,Combined TRACON& Tower with Radar,36,81,136,0,253,0,0,18,4,22,36,81,154,4,275,17,0,17,292
09/07/2021,ASE,CO,ANM,WE,Combined TRACON& Tower with Radar,30,78,83,0,191,0,0,11,2,13,30,78,94,2,204,16,0,16,220
09/08/2021,ASE,CO,ANM,WE,Combined TRACON& Tower with Radar,22,47,45,0,114,0,0,13,2,15,22,47,58,2,129,15,0,15,144
09/09/2021,ASE,CO,ANM,WE,Combined TRACON& Tower with Radar,24,87,60,0,171,0,0,8,3,11,24,87,68,3,182,12,2,14,196
09/10/2021,ASE,CO,ANM,WE,Combined TRACON& Tower with Radar,28,53,60,0,141,0,0,16,2,18,28,53,76,2,159,21,0,21,180
09/11/2021,ASE,CO,ANM,WE,Combined TRACON& Tower with Radar,28,59,41,2,130,0,0,13,0,13,28,59,54,2,143,16,0,16,159
09/12/2021,ASE,CO,ANM,WE,Combined TRACON& Tower with Radar,30,64,107,0,201,0,0,4,2,6,30,64,111,2,207,28,0,28,235
09/13/2021,ASE,CO,ANM,WE,Combined TRACON& Tower with Radar,25,52,56,0,133,0,0,9,2,11,25,52,65,2,144,19,0,19,163
09/14/2021,ASE,CO,ANM,WE,Combined TRACON& Tower with Radar,25,46,40,0,111,0,0,3,4,7,25,46,43,4,118,12,1,13,131
09/15/2021,ASE,CO,ANM,WE,Combined TRACON& Tower with Radar,23,29,59,2,113,0,0,10,0,10,23,29,69,2,123,38,0,38,161
09/16/2021,ASE,CO,ANM,WE,Combined TRACON& Tower with Radar,25,75,80,0,180,0,1,8,2,11,25,76,88,2,191,10,0,10,201
09/17/2021,ASE,CO,ANM,WE,Combined TRACON& Tower with Radar,26,44,47,0,117,0,1,12,4,17,26,45,59,4,134,30,0,30,164
09/18/2021,ASE,CO,ANM,WE,Combined TRACON& Tower with Radar,27,40,41,0,108,0,0,17,2,19,27,40,58,2,127,15,8,23,150
09/19/2021,ASE,CO,ANM,WE,Combined TRACON& Tower with Radar,30,76,73,0,179,0,1,12,0,13,30,77,85,0,192,11,0,11,203
09/20/2021,ASE,CO,ANM,WE,Combined TRACON& Tower with Radar,25,55,65,0,145,0,0,5,0,5,25,55,70,0,150,26,3,29,179
09/21/2021,ASE,CO,ANM,WE,Combined TRACON& Tower with Radar,22,30,61,0,113,0,0,7,1,8,22,30,68,1,121,38,0,38,159
09/22/2021,ASE,CO,ANM,WE,Combined TRACON& Tower with Radar,22,39,55,2,118,0,0,17,2,19,22,39,72,4,137,29,0,29,166
09/23/2021,ASE,CO,ANM,WE,Combined TRACON& Tower with Radar,25,57,76,0,158,0,0,16,0,16,25,57,92,0,174,54,0,54,228
09/24/2021,ASE,CO,ANM,WE,Combined TRACON& Tower with Radar,26,62,79,0,167,0,1,15,0,16,26,63,94,0,183,21,3,24,207
09/25/2021,ASE,CO,ANM,WE,Combined TRACON& Tower with Radar,29,36,47,0,112,0,0,14,1,15,29,36,61,1,127,17,0,17,144
09/26/2021,ASE,CO,ANM,WE,Combined TRACON& Tower with Radar,28,42,89,0,159,0,0,13,2,15,28,42,102,2,174,30,0,30,204
09/27/2021,ASE,CO,ANM,WE,Combined TRACON& Tower with Radar,25,58,82,0,165,0,0,9,2,11,25,58,91,2,176,12,0,12,188
09/28/2021,ASE,CO,ANM,WE,Combined TRACON& Tower with Radar,18,37,45,0,100,0,0,5,4,9,18,37,50,4,109,41,0,41,150
09/29/2021,ASE,CO,ANM,WE,Combined TRACON& Tower with Radar,1,32,41,0,74,0,0,0,0,0,1,32,41,0,74,17,0,17,91
09/30/2021,ASE,CO,ANM,WE,Combined TRACON& Tower with Radar,13,39,68,0,120,0,0,5,0,5,13,39,73,0,125,7,0,7,132
10/01/2021,ASE,CO,ANM,WE,Combined TRACON& Tower with Radar,20,47,53,0,120,0,0,2,0,2,20,47,55,0,122,6,0,6,128
10/02/2021,ASE,CO,ANM,WE,Combined TRACON& Tower with Radar,24,48,53,0,125,0,0,8,2,10,24,48,61,2,135,38,0,38,173
10/03/2021,ASE,CO,ANM,WE,Combined TRACON& Tower with Radar,27,59,79,0,165,0,0,15,2,17,27,59,94,2,182,16,0,16,198
10/04/2021,ASE,CO,ANM,WE,Combined TRACON& Tower with Radar,22,61,57,0,140,0,0,8,1,9,22,61,65,1,149,22,8,30,179
10/05/2021,ASE,CO,ANM,WE,Combined TRACON& Tower with Radar,20,37,45,0,102,0,0,13,2,15,20,37,58,2,117,13,0,13,130
10/06/2021,ASE,CO,ANM,WE,Combined TRACON& Tower with Radar,17,40,38,0,95,0,0,4,3,7,17,40,42,3,102,16,10,26,128
10/07/2021,ASE,CO,ANM,WE,Combined TRACON& Tower with Radar,15,51,60,0,126,0,0,15,0,15,15,51,75,0,141,16,0,16,157
10/08/2021,ASE,CO,ANM,WE,Combined TRACON& Tower with Radar,14,36,63,0,113,0,1,3,0,4,14,37,66,0,117,5,0,5,122
10/09/2021,ASE,CO,ANM,WE,Combined TRACON& Tower with Radar,14,20,33,0,67,0,0,0,0,0,14,20,33,0,67,20,0,20,87
10/10/2021,ASE,CO,ANM,WE,Combined TRACON& Tower with Radar,14,45,43,0,102,0,0,2,0,2,14,45,45,0,104,20,0,20,124
10/11/2021,ASE,CO,ANM,WE,Combined TRACON& Tower with Radar,15,46,78,0,139,0,0,5,0,5,15,46,83,0,144,5,0,5,149
10/12/2021,ASE,CO,ANM,WE,Combined TRACON& Tower with Radar,10,17,33,0,60,0,0,0,0,0,10,17,33,0,60,5,0,5,65
10/13/2021,ASE,CO,ANM,WE,Combined TRACON& Tower with Radar,11,16,37,0,64,0,0,0,0,0,11,16,37,0,64,4,1,5,69
10/14/2021,ASE,CO,ANM,WE,Combined TRACON& Tower with Radar,16,25,15,0,56,0,0,0,0,0,16,25,15,0,56,0,0,0,56
10/15/2021,ASE,CO,ANM,WE,Combined TRACON& Tower with Radar,16,47,39,0,102,0,2,4,0,6,16,49,43,0,108,14,0,14,122
10/16/2021,ASE,CO,ANM,WE,Combined TRACON& Tower with Radar,14,43,24,0,81,0,0,6,0,6,14,43,30,0,87,15,0,15,102
10/17/2021,ASE,CO,ANM,WE,Combined TRACON& Tower with Radar,14,45,58,0,117,0,0,14,0,14,14,45,72,0,131,29,0,29,160
10/18/2021,ASE,CO,ANM,WE,Combined TRACON& Tower with Radar,14,30,27,0,71,0,0,7,0,7,14,30,34,0,78,6,0,6,84
10/19/2021,ASE,CO,ANM,WE,Combined TRACON& Tower with Radar,12,13,33,0,58,0,0,1,0,1,12,13,34,0,59,25,0,25,84
10/20/2021,ASE,CO,ANM,WE,Combined TRACON& Tower with Radar,12,56,29,2,99,0,0,11,1,12,12,56,40,3,111,25,1,26,137
10/21/2021,ASE,CO,ANM,WE,Combined TRACON& Tower with Radar,9,35,25,0,69,0,0,5,0,5,9,35,30,0,74,8,0,8,82
10/22/2021,ASE,CO,ANM,WE,Combined TRACON& Tower with Radar,13,28,30,0,71,0,0,7,0,7,13,28,37,0,78,22,0,22,100
10/23/2021,ASE,CO,ANM,WE,Combined TRACON& Tower with Radar,12,21,21,0,54,0,0,2,0,2,12,21,23,0,56,0,0,0,56
10/24/2021,ASE,CO,ANM,WE,Combined TRACON& Tower with Radar,14,35,35,0,84,0,0,4,0,4,14,35,39,0,88,10,0,10,98
10/25/2021,ASE,CO,ANM,WE,Combined TRACON& Tower with Radar,14,27,36,0,77,0,0,4,0,4,14,27,40,0,81,5,0,5,86
10/26/2021,ASE,CO,ANM,WE,Combined TRACON& Tower with Radar,16,6,5,0,27,0,0,0,0,0,16,6,5,0,27,0,0,0,27
10/27/2021,ASE,CO,ANM,WE,Combined TRACON& Tower with Radar,12,10,25,0,47,0,0,6,0,6,12,10,31,0,53,0,0,0,53
10/28/2021,ASE,CO,ANM,WE,Combined TRACON& Tower with Radar,14,17,31,0,62,0,0,2,0,2,14,17,33,0,64,30,0,30,94
10/29/2021,ASE,CO,ANM,WE,Combined TRACON& Tower with Radar,13,24,27,0,64,0,0,11,0,11,13,24,38,0,75,13,0,13,88
10/30/2021,ASE,CO,ANM,WE,Combined TRACON& Tower with Radar,14,15,23,0,52,0,0,10,0,10,14,15,33,0,62,33,0,33,95
10/31/2021,ASE,CO,ANM,WE,Combined TRACON& Tower with Radar,10,32,30,0,72,0,0,2,0,2,10,32,32,0,74,10,0,10,84
11/01/2021,ASE,CO,ANM,WE,Combined TRACON& Tower with Radar,11,16,29,0,56,0,0,2,0,2,11,16,31,0,58,25,0,25,83
11/02/2021,ASE,CO,ANM,WE,Combined TRACON& Tower with Radar,13,0,9,0,22,0,0,0,0,0,13,0,9,0,22,0,0,0,22
11/03/2021,ASE,CO,ANM,WE,Combined TRACON& Tower with Radar,11,12,27,0,50,0,0,1,0,1,11,12,28,0,51,0,0,0,51
11/04/2021,ASE,CO,ANM,WE,Combined TRACON& Tower with Radar,12,22,25,0,59,0,0,11,0,11,12,22,36,0,70,12,0,12,82
11/05/2021,ASE,CO,ANM,WE,Combined TRACON& Tower with Radar,11,18,28,1,58,0,0,8,3,11,11,18,36,4,69,21,0,21,90
11/06/2021,ASE,CO,ANM,WE,Combined TRACON& Tower with Radar,12,21,25,0,58,0,0,6,0,6,12,21,31,0,64,25,0,25,89
11/07/2021,ASE,CO,ANM,WE,Combined TRACON& Tower with Radar,12,16,39,0,67,0,0,12,0,12,12,16,51,0,79,26,1,27,106
11/08/2021,ASE,CO,ANM,WE,Combined TRACON& Tower with Radar,11,11,27,2,51,0,0,2,2,4,11,11,29,4,55,12,1,13,68
11/09/2021,ASE,CO,ANM,WE,Combined TRACON& Tower with Radar,12,10,11,0,33,0,0,8,0,8,12,10,19,0,41,5,1,6,47
11/10/2021,ASE,CO,ANM,WE,Combined TRACON& Tower with Radar,11,5,20,0,36,0,0,3,0,3,11,5,23,0,39,3,0,3,42
11/11/2021,ASE,CO,ANM,WE,Combined TRACON& Tower with Radar,12,10,25,0,47,0,0,3,0,3,12,10,28,0,50,23,0,23,73
11/12/2021,ASE,CO,ANM,WE,Combined TRACON& Tower with Radar,12,6,16,0,34,0,0,3,0,3,12,6,19,0,37,32,0,32,69
11/13/2021,ASE,CO,ANM,WE,Combined TRACON& Tower with Radar,12,10,21,0,43,0,0,2,0,2,12,10,23,0,45,17,0,17,62
11/14/2021,ASE,CO,ANM,WE,Combined TRACON& Tower with Radar,12,17,18,0,47,0,0,5,2,7,12,17,23,2,54,43,2,45,99
11/15/2021,ASE,CO,ANM,WE,Combined TRACON& Tower with Radar,11,17,25,0,53,0,1,5,0,6,11,18,30,0,59,11,0,11,70
11/16/2021,ASE,CO,ANM,WE,Combined TRACON& Tower with Radar,11,15,11,0,37,0,0,4,2,6,11,15,15,2,43,14,2,16,59
11/17/2021,ASE,CO,ANM,WE,Combined TRACON& Tower with Radar,12,5,20,0,37,0,0,1,0,1,12,5,21,0,38,10,0,10,48
11/18/2021,ASE,CO,ANM,WE,Combined TRACON& Tower with Radar,12,15,22,1,50,0,0,8,2,10,12,15,30,3,60,12,2,14,74
11/19/2021,ASE,CO,ANM,WE,Combined TRACON& Tower with Radar,12,30,32,0,74,0,0,2,0,2,12,30,34,0,76,42,0,42,118
11/20/2021,ASE,CO,ANM,WE,Combined TRACON& Tower with Radar,16,15,15,0,46,0,0,1,0,1,16,15,16,0,47,4,0,4,51
11/21/2021,ASE,CO,ANM,WE,Combined TRACON& Tower with Radar,11,31,33,0,75,0,1,13,0,14,11,32,46,0,89,31,0,31,120
11/22/2021,ASE,CO,ANM,WE,Combined TRACON& Tower with Radar,12,22,28,0,62,0,0,7,1,8,12,22,35,1,70,25,4,29,99
11/23/2021,ASE,CO,ANM,WE,Combined TRACON& Tower with Radar,14,29,44,0,87,0,0,3,0,3,14,29,47,0,90,10,0,10,100
11/24/2021,ASE,CO,ANM,WE,Combined TRACON& Tower with Radar,16,12,37,2,67,0,0,1,0,1,16,12,38,2,68,1,0,1,69
11/25/2021,ASE,CO,ANM,WE,Combined TRACON& Tower with Radar,2,2,5,0,9,0,1,0,2,3,2,3,5,2,12,27,0,27,39
11/26/2021,ASE,CO,ANM,WE,Combined TRACON& Tower with Radar,10,14,26,0,50,0,0,7,2,9,10,14,33,2,59,24,0,24,83
11/27/2021,ASE,CO,ANM,WE,Combined TRACON& Tower with Radar,14,25,35,0,74,0,0,7,2,9,14,25,42,2,83,22,0,22,105
11/28/2021,ASE,CO,ANM,WE,Combined TRACON& Tower with Radar,12,63,72,0,147,0,0,14,2,16,12,63,86,2,163,20,0,20,183
11/29/2021,ASE,CO,ANM,WE,Combined TRACON& Tower with Radar,12,32,54,0,98,0,0,7,2,9,12,32,61,2,107,5,0,5,112
11/30/2021,ASE,CO,ANM,WE,Combined TRACON& Tower with Radar,12,19,38,0,69,0,0,6,3,9,12,19,44,3,78,10,0,10,88
12/01/2021,ASE,CO,ANM,WE,Combined TRACON& Tower with Radar,10,24,33,0,67,0,0,12,2,14,10,24,45,2,81,17,0,17,98
12/02/2021,ASE,CO,ANM,WE,Combined TRACON& Tower with Radar,13,19,23,0,55,0,0,9,0,9,13,19,32,0,64,16,0,16,80
12/03/2021,ASE,CO,ANM,WE,Combined TRACON& Tower with Radar,12,35,31,2,80,0,0,11,2,13,12,35,42,4,93,30,3,33,126
12/04/2021,ASE,CO,ANM,WE,Combined TRACON& Tower with Radar,12,19,33,0,64,0,0,9,0,9,12,19,42,0,73,16,2,18,91
12/05/2021,ASE,CO,ANM,WE,Combined TRACON& Tower with Radar,11,33,35,0,79,0,0,5,2,7,11,33,40,2,86,15,0,15,101
12/06/2021,ASE,CO,ANM,WE,Combined TRACON& Tower with Radar,11,16,28,0,55,0,0,4,0,4,11,16,32,0,59,3,0,3,62
12/07/2021,ASE,CO,ANM,WE,Combined TRACON& Tower with Radar,11,7,14,2,34,0,0,1,0,1,11,7,15,2,35,3,1,4,39
12/08/2021,ASE,CO,ANM,WE,Combined TRACON& Tower with Radar,12,28,54,0,94,0,0,1,0,1,12,28,55,0,95,6,0,6,101
12/09/2021,ASE,CO,ANM,WE,Combined TRACON& Tower with Radar,11,11,15,0,37,0,0,0,0,0,11,11,15,0,37,0,0,0,37
12/10/2021,ASE,CO,ANM,WE,Combined TRACON& Tower with Radar,2,0,11,0,13,0,0,0,0,0,2,0,11,0,13,0,0,0,13
12/11/2021,ASE,CO,ANM,WE,Combined TRACON& Tower with Radar,12,48,36,0,96,0,2,7,0,9,12,50,43,0,105,11,0,11,116
12/12/2021,ASE,CO,ANM,WE,Combined TRACON& Tower with Radar,12,52,54,0,118,0,0,1,0,1,12,52,55,0,119,31,0,31,150
12/13/2021,ASE,CO,ANM,WE,Combined TRACON& Tower with Radar,10,31,58,2,101,0,0,6,2,8,10,31,64,4,109,26,0,26,135
12/14/2021,ASE,CO,ANM,WE,Combined TRACON& Tower with Radar,12,21,37,0,70,0,0,3,0,3,12,21,40,0,73,8,0,8,81
12/15/2021,ASE,CO,ANM,WE,Combined TRACON& Tower with Radar,10,9,10,0,29,0,0,0,0,0,10,9,10,0,29,0,0,0,29
12/16/2021,ASE,CO,ANM,WE,Combined TRACON& Tower with Radar,49,73,63,0,185,0,0,6,0,6,49,73,69,0,191,15,2,17,208
12/17/2021,ASE,CO,ANM,WE,Combined TRACON& Tower with Radar,58,31,61,0,150,0,0,0,0,0,58,31,61,0,150,2,0,2,152
12/18/2021,ASE,CO,ANM,WE,Combined TRACON& Tower with Radar,56,83,94,0,233,0,0,6,2,8,56,83,100,2,241,10,0,10,251
12/19/2021,ASE,CO,ANM,WE,Combined TRACON& Tower with Radar,56,82,94,1,233,0,0,16,0,16,56,82,110,1,249,16,0,16,265
12/20/2021,ASE,CO,ANM,WE,Combined TRACON& Tower with Radar,67,79,83,0,229,0,0,3,0,3,67,79,86,0,232,4,0,4,236
12/21/2021,ASE,CO,ANM,WE,Combined TRACON& Tower with Radar,66,78,74,0,218,0,0,7,2,9,66,78,81,2,227,11,0,11,238
12/22/2021,ASE,CO,ANM,WE,Combined TRACON& Tower with Radar,66,73,114,0,253,0,0,3,1,4,66,73,117,1,257,12,1,13,270
12/23/2021,ASE,CO,ANM,WE,Combined TRACON& Tower with Radar,60,61,70,0,191,0,0,0,0,0,60,61,70,0,191,0,0,0,191
12/24/2021,ASE,CO,ANM,WE,Combined TRACON& Tower with Radar,11,3,3,0,17,0,0,0,0,0,11,3,3,0,17,0,0,0,17
12/25/2021,ASE,CO,ANM,WE,Combined TRACON& Tower with Radar,50,110,52,0,212,0,0,0,0,0,50,110,52,0,212,3,0,3,215
12/26/2021,ASE,CO,ANM,WE,Combined TRACON& Tower with Radar,7,16,22,0,45,0,0,0,0,0,7,16,22,0,45,0,0,0,45
12/27/2021,ASE,CO,ANM,WE,Combined TRACON& Tower with Radar,22,30,68,0,120,0,0,0,0,0,22,30,68,0,120,1,0,1,121
12/28/2021,ASE,CO,ANM,WE,Combined TRACON& Tower with Radar,20,24,34,0,78,0,0,0,0,0,20,24,34,0,78,0,0,0,78
12/29/2021,ASE,CO,ANM,WE,Combined TRACON& Tower with Radar,39,16,62,0,117,0,0,0,0,0,39,16,62,0,117,0,0,0,117
12/30/2021,ASE,CO,ANM,WE,Combined TRACON& Tower with Radar,45,54,56,0,155,0,0,0,0,0,45,54,56,0,155,0,0,0,155
12/31/2021,ASE,CO,ANM,WE,Combined TRACON& Tower with Radar,9,2,4,0,15,0,0,0,0,0,9,2,4,0,15,0,0,0,15
01/01/2022,ASE,CO,ANM,WE,Combined TRACON& Tower with Radar,32,14,17,0,63,0,0,0,0,0,32,14,17,0,63,0,0,0,63
01/02/2022,ASE,CO,ANM,WE,Combined TRACON& Tower with Radar,39,85,142,0,266,0,2,12,0,14,39,87,154,0,280,5,0,5,285
01/03/2022,ASE,CO,ANM,WE,Combined TRACON& Tower with Radar,38,96,115,0,249,0,0,5,0,5,38,96,120,0,254,7,0,7,261
01/04/2022,ASE,CO,ANM,WE,Combined TRACON& Tower with Radar,40,116,114,0,270,0,0,0,0,0,40,116,114,0,270,2,0,2,272
01/05/2022,ASE,CO,ANM,WE,Combined TRACON& Tower with Radar,40,21,26,0,87,0,0,0,0,0,40,21,26,0,87,0,0,0,87
01/06/2022,ASE,CO,ANM,WE,Combined TRACON& Tower with Radar,40,21,31,0,92,0,0,0,0,0,40,21,31,0,92,0,0,0,92
01/07/2022,ASE,CO,ANM,WE,Combined TRACON& Tower with Radar,48,69,84,0,201,0,0,9,0,9,48,69,93,0,210,22,0,22,232
01/08/2022,ASE,CO,ANM,WE,Combined TRACON& Tower with Radar,21,3,3,0,27,0,0,0,0,0,21,3,3,0,27,0,0,0,27
01/09/2022,ASE,CO,ANM,WE,Combined TRACON& Tower with Radar,48,101,96,0,245,0,1,7,0,8,48,102,103,0,253,13,0,13,266
01/10/2022,ASE,CO,ANM,WE,Combined TRACON& Tower with Radar,53,50,74,2,179,0,0,8,0,8,53,50,82,2,187,20,2,22,209
01/11/2022,ASE,CO,ANM,WE,Combined TRACON& Tower with Radar,53,29,49,0,131,0,0,11,2,13,53,29,60,2,144,7,2,9,153
01/12/2022,ASE,CO,ANM,WE,Combined TRACON& Tower with Radar,55,42,46,0,143,0,0,6,0,6,55,42,52,0,149,10,6,16,165
01/13/2022,ASE,CO,ANM,WE,Combined TRACON& Tower with Radar,53,69,71,0,193,0,0,9,1,10,53,69,80,1,203,12,0,12,215
01/14/2022,ASE,CO,ANM,WE,Combined TRACON& Tower with Radar,53,38,55,2,148,0,0,0,0,0,53,38,55,2,148,0,0,0,148
01/15/2022,ASE,CO,ANM,WE,Combined TRACON& Tower with Radar,55,54,42,0,151,0,0,11,0,11,55,54,53,0,162,25,0,25,187
01/16/2022,ASE,CO,ANM,WE,Combined TRACON& Tower with Radar,52,39,40,0,131,0,0,6,0,6,52,39,46,0,137,17,0,17,154
01/17/2022,ASE,CO,ANM,WE,Combined TRACON& Tower with Radar,52,107,114,2,275,0,1,10,0,11,52,108,124,2,286,15,0,15,301
01/18/2022,ASE,CO,ANM,WE,Combined TRACON& Tower with Radar,53,55,51,0,159,0,0,5,2,7,53,55,56,2,166,4,0,4,170
01/19/2022,ASE,CO,ANM,WE,Combined TRACON& Tower with Radar,51,37,33,0,121,0,0,2,0,2,51,37,35,0,123,8,0,8,131
01/20/2022,ASE,CO,ANM,WE,Combined TRACON& Tower with Radar,51,39,69,0,159,0,0,5,2,7,51,39,74,2,166,3,2,5,171
01/21/2022,ASE,CO,ANM,WE,Combined TRACON& Tower with Radar,30,6,17,0,53,0,0,0,0,0,30,6,17,0,53,0,0,0,53
01/22/2022,ASE,CO,ANM,WE,Combined TRACON& Tower with Radar,55,51,50,0,156,0,1,10,0,11,55,52,60,0,167,25,2,27,194
01/23/2022,ASE,CO,ANM,WE,Combined TRACON& Tower with Radar,53,66,102,0,221,0,1,10,0,11,53,67,112,0,232,17,0,17,249
01/24/2022,ASE,CO,ANM,WE,Combined TRACON& Tower with Radar,47,54,61,0,162,0,0,7,1,8,47,54,68,1,170,11,1,12,182
01/25/2022,ASE,CO,ANM,WE,Combined TRACON& Tower with Radar,44,3,18,0,65,0,0,0,0,0,44,3,18,0,65,0,0,0,65
01/26/2022,ASE,CO,ANM,WE,Combined TRACON& Tower with Radar,53,44,48,0,145,0,0,8,2,10,53,44,56,2,155,13,0,13,168
01/27/2022,ASE,CO,ANM,WE,Combined TRACON& Tower with Radar,46,13,34,0,93,0,0,0,0,0,46,13,34,0,93,0,0,0,93
01/28/2022,ASE,CO,ANM,WE,Combined TRACON& Tower with Radar,52,49,55,0,156,0,0,6,0,6,52,49,61,0,162,16,0,16,178
01/29/2022,ASE,CO,ANM,WE,Combined TRACON& Tower with Radar,54,45,38,0,137,0,0,6,0,6,54,45,44,0,143,14,0,14,157
01/30/2022,ASE,CO,ANM,WE,Combined TRACON& Tower with Radar,53,71,67,0,191,0,0,9,0,9,53,71,76,0,200,6,0,6,206
01/31/2022,ASE,CO,ANM,WE,Combined TRACON& Tower with Radar,51,37,50,0,138,0,0,8,2,10,51,37,58,2,148,15,0,15,163
02/01/2022,ASE,CO,ANM,WE,Combined TRACON& Tower with Radar,52,28,24,0,104,0,0,4,0,4,52,28,28,0,108,6,0,6,114
02/02/2022,ASE,CO,ANM,WE,Combined TRACON& Tower with Radar,33,7,13,0,53,0,0,0,0,0,33,7,13,0,53,0,0,0,53
02/03/2022,ASE,CO,ANM,WE,Combined TRACON& Tower with Radar,46,58,68,0,172,0,0,7,0,7,46,58,75,0,179,9,0,9,188
02/04/2022,ASE,CO,ANM,WE,Combined TRACON& Tower with Radar,52,48,57,0,157,0,0,6,0,6,52,48,63,0,163,11,0,11,174
02/05/2022,ASE,CO,ANM,WE,Combined TRACON& Tower with Radar,56,35,51,0,142,0,0,7,0,7,56,35,58,0,149,27,1,28,177
02/06/2022,ASE,CO,ANM,WE,Combined TRACON& Tower with Radar,55,55,81,0,191,0,0,2,0,2,55,55,83,0,193,9,0,9,202
02/07/2022,ASE,CO,ANM,WE,Combined TRACON& Tower with Radar,52,39,65,0,156,0,0,5,0,5,52,39,70,0,161,17,0,17,178
02/08/2022,ASE,CO,ANM,WE,Combined TRACON& Tower with Radar,54,45,47,0,146,0,0,7,2,9,54,45,54,2,155,7,0,7,162
02/09/2022,ASE,CO,ANM,WE,Combined TRACON& Tower with Radar,51,55,52,1,159,0,0,1,1,2,51,55,53,2,161,29,2,31,192
02/10/2022,ASE,CO,ANM,WE,Combined TRACON& Tower with Radar,54,57,59,0,170,0,0,11,0,11,54,57,70,0,181,18,0,18,199
02/11/2022,ASE,CO,ANM,WE,Combined TRACON& Tower with Radar,53,42,40,0,135,0,0,5,0,5,53,42,45,0,140,7,0,7,147
02/12/2022,ASE,CO,ANM,WE,Combined TRACON& Tower with Radar,60,68,76,0,204,0,0,11,0,11,60,68,87,0,215,15,0,15,230
02/13/2022,ASE,CO,ANM,WE,Combined TRACON& Tower with Radar,59,70,54,0,183,0,0,11,0,11,59,70,65,0,194,11,2,13,207
02/14/2022,ASE,CO,ANM,WE,Combined TRACON& Tower with Radar,56,63,56,0,175,0,0,5,0,5,56,63,61,0,180,10,0,10,190
02/15/2022,ASE,CO,ANM,WE,Combined TRACON& Tower with Radar,55,50,60,0,165,0,0,6,0,6,55,50,66,0,171,4,0,4,175
02/16/2022,ASE,CO,ANM,WE,Combined TRACON& Tower with Radar,37,26,27,0,90,0,0,0,0,0,37,26,27,0,90,0,0,0,90
02/17/2022,ASE,CO,ANM,WE,Combined TRACON& Tower with Radar,40,105,100,0,245,0,0,9,0,9,40,105,109,0,254,4,0,4,258
02/18/2022,ASE,CO,ANM,WE,Combined TRACON& Tower with Radar,53,96,115,0,264,0,1,8,0,9,53,97,123,0,273,4,1,5,278
02/19/2022,ASE,CO,ANM,WE,Combined TRACON& Tower with Radar,59,100,101,0,260,0,0,12,0,12,59,100,113,0,272,12,0,12,284
02/20/2022,ASE,CO,ANM,WE,Combined TRACON& Tower with Radar,55,74,87,0,216,0,0,10,0,10,55,74,97,0,226,3,0,3,229
02/21/2022,ASE,CO,ANM,WE,Combined TRACON& Tower with Radar,10,33,51,0,94,0,0,1,0,1,10,33,52,0,95,3,0,3,98
02/22/2022,ASE,CO,ANM,WE,Combined TRACON& Tower with Radar,40,19,41,0,100,0,0,0,0,0,40,19,41,0,100,1,0,1,101
02/23/2022,ASE,CO,ANM,WE,Combined TRACON& Tower with Radar,20,7,8,0,35,0,0,0,0,0,20,7,8,0,35,2,0,2,37
02/24/2022,ASE,CO,ANM,WE,Combined TRACON& Tower with Radar,30,21,37,0,88,0,0,2,0,2,30,21,39,0,90,0,0,0,90
02/25/2022,ASE,CO,ANM,WE,Combined TRACON& Tower with Radar,55,56,68,0,179,0,0,1,0,1,55,56,69,0,180,0,0,0,180
02/26/2022,ASE,CO,ANM,WE,Combined TRACON& Tower with Radar,53,83,99,0,235,0,0,10,0,10,53,83,109,0,245,9,4,13,258
02/27/2022,ASE,CO,ANM,WE,Combined TRACON& Tower with Radar,58,98,92,0,248,0,1,14,0,15,58,99,106,0,263,3,0,3,266
02/28/2022,ASE,CO,ANM,WE,Combined TRACON& Tower with Radar,53,64,70,2,189,0,0,13,0,13,53,64,83,2,202,12,0,12,214
03/01/2022,ASE,CO,ANM,WE,Combined TRACON& Tower with Radar,56,37,51,0,144,0,0,1,0,1,56,37,52,0,145,7,0,7,152
03/02/2022,ASE,CO,ANM,WE,Combined TRACON& Tower with Radar,54,51,72,0,177,0,0,13,0,13,54,51,85,0,190,17,0,17,207
03/03/2022,ASE,CO,ANM,WE,Combined TRACON& Tower with Radar,53,58,77,0,188,0,0,7,0,7,53,58,84,0,195,7,3,10,205
03/04/2022,ASE,CO,ANM,WE,Combined TRACON& Tower with Radar,55,44,82,0,181,0,0,2,0,2,55,44,84,0,183,8,0,8,191
03/05/2022,ASE,CO,ANM,WE,Combined TRACON& Tower with Radar,60,25,58,0,143,0,0,0,0,0,60,25,58,0,143,2,0,2,145
03/06/2022,ASE,CO,ANM,WE,Combined TRACON& Tower with Radar,58,34,87,0,179,0,0,0,0,0,58,34,87,0,179,0,0,0,179
03/07/2022,ASE,CO,ANM,WE,Combined TRACON& Tower with Radar,49,17,26,0,92,0,0,0,0,0,49,17,26,0,92,0,0,0,92
03/08/2022,ASE,CO,ANM,WE,Combined TRACON& Tower with Radar,52,54,66,0,172,0,0,9,1,10,52,54,75,1,182,5,1,6,188
03/09/2022,ASE,CO,ANM,WE,Combined TRACON& Tower with Radar,41,25,31,0,97,0,0,0,0,0,41,25,31,0,97,0,0,0,97
03/10/2022,ASE,CO,ANM,WE,Combined TRACON& Tower with Radar,45,30,65,0,140,0,0,1,1,2,45,30,66,1,142,4,8,12,154
03/11/2022,ASE,CO,ANM,WE,Combined TRACON& Tower with Radar,56,82,112,0,250,0,0,6,0,6,56,82,118,0,256,17,0,17,273
03/12/2022,ASE,CO,ANM,WE,Combined TRACON& Tower with Radar,64,111,116,0,291,0,1,4,0,5,64,112,120,0,296,13,0,13,309
03/13/2022,ASE,CO,ANM,WE,Combined TRACON& Tower with Radar,55,87,124,0,266,0,0,4,0,4,55,87,128,0,270,14,0,14,284
03/14/2022,ASE,CO,ANM,WE,Combined TRACON& Tower with Radar,58,63,70,0,191,0,0,3,0,3,58,63,73,0,194,5,0,5,199
03/15/2022,ASE,CO,ANM,WE,Combined TRACON& Tower with Radar,59,48,86,0,193,0,0,8,0,8,59,48,94,0,201,24,0,24,225
03/16/2022,ASE,CO,ANM,WE,Combined TRACON& Tower with Radar,54,44,68,0,166,0,0,4,0,4,54,44,72,0,170,7,0,7,177
03/17/2022,ASE,CO,ANM,WE,Combined TRACON& Tower with Radar,54,24,49,0,127,0,0,1,0,1,54,24,50,0,128,3,0,3,131
03/18/2022,ASE,CO,ANM,WE,Combined TRACON& Tower with Radar,57,82,121,0,260,0,1,7,0,8,57,83,128,0,268,16,0,16,284
03/19/2022,ASE,CO,ANM,WE,Combined TRACON& Tower with Radar,62,111,119,0,292,0,1,16,0,17,62,112,135,0,309,16,0,16,325
03/20/2022,ASE,CO,ANM,WE,Combined TRACON& Tower with Radar,58,77,110,0,245,0,0,7,0,7,58,77,117,0,252,8,0,8,260
03/21/2022,ASE,CO,ANM,WE,Combined TRACON& Tower with Radar,55,11,14,0,80,0,0,0,0,0,55,11,14,0,80,0,0,0,80
03/22/2022,ASE,CO,ANM,WE,Combined TRACON& Tower with Radar,57,37,52,0,146,0,0,0,0,0,57,37,52,0,146,0,0,0,146
03/23/2022,ASE,CO,ANM,WE,Combined TRACON& Tower with Radar,58,40,65,0,163,0,0,3,0,3,58,40,68,0,166,11,0,11,177
03/24/2022,ASE,CO,ANM,WE,Combined TRACON& Tower with Radar,58,52,68,2,180,0,0,6,0,6,58,52,74,2,186,23,0,23,209
03/25/2022,ASE,CO,ANM,WE,Combined TRACON& Tower with Radar,59,67,78,0,204,0,1,8,0,9,59,68,86,0,213,10,0,10,223
03/26/2022,ASE,CO,ANM,WE,Combined TRACON& Tower with Radar,67,98,97,0,262,0,0,6,0,6,67,98,103,0,268,27,0,27,295
03/27/2022,ASE,CO,ANM,WE,Combined TRACON& Tower with Radar,35,94,87,0,216,0,0,5,0,5,35,94,92,0,221,15,0,15,236
03/28/2022,ASE,CO,ANM,WE,Combined TRACON& Tower with Radar,37,50,56,0,143,0,0,3,0,3,37,50,59,0,146,10,0,10,156
03/29/2022,ASE,CO,ANM,WE,Combined TRACON& Tower with Radar,37,10,25,0,72,0,0,0,0,0,37,10,25,0,72,0,0,0,72
03/30/2022,ASE,CO,ANM,WE,Combined TRACON& Tower with Radar,27,7,15,0,49,0,0,0,0,0,27,7,15,0,49,2,0,2,51
03/31/2022,ASE,CO,ANM,WE,Combined TRACON& Tower with Radar,36,45,56,0,137,0,0,2,2,4,36,45,58,2,141,34,0,34,175
04/01/2022,ASE,CO,ANM,WE,Combined TRACON& Tower with Radar,37,41,41,0,119,0,0,0,0,0,37,41,41,0,119,0,0,0,119
04/02/2022,ASE,CO,ANM,WE,Combined TRACON& Tower with Radar,50,57,49,0,156,0,0,3,0,3,50,57,52,0,159,8,0,8,167
04/03/2022,ASE,CO,ANM,WE,Combined TRACON& Tower with Radar,33,44,27,0,104,0,0,0,0,0,33,44,27,0,104,3,0,3,107
04/04/2022,ASE,CO,ANM,WE,Combined TRACON& Tower with Radar,27,44,40,0,111,0,0,6,0,6,27,44,46,0,117,17,0,17,134
04/05/2022,ASE,CO,ANM,WE,Combined TRACON& Tower with Radar,5,7,6,0,18,0,0,0,0,0,5,7,6,0,18,0,0,0,18
04/06/2022,ASE,CO,ANM,WE,Combined TRACON& Tower with Radar,11,5,33,0,49,0,0,7,0,7,11,5,40,0,56,7,0,7,63
04/07/2022,ASE,CO,ANM,WE,Combined TRACON& Tower with Radar,12,21,22,0,55,0,0,4,0,4,12,21,26,0,59,28,0,28,87
04/08/2022,ASE,CO,ANM,WE,Combined TRACON& Tower with Radar,14,47,48,0,109,0,0,22,1,23,14,47,70,1,132,47,0,47,179
04/09/2022,ASE,CO,ANM,WE,Combined TRACON& Tower with Radar,14,66,27,0,107,0,1,5,0,6,14,67,32,0,113,36,0,36,149
04/10/2022,ASE,CO,ANM,WE,Combined TRACON& Tower with Radar,9,19,39,0,67,0,0,4,0,4,9,19,43,0,71,2,0,2,73
04/11/2022,ASE,CO,ANM,WE,Combined TRACON& Tower with Radar,7,9,22,0,38,0,0,1,0,1,7,9,23,0,39,1,0,1,40
04/12/2022,ASE,CO,ANM,WE,Combined TRACON& Tower with Radar,1,2,3,0,6,0,0,0,0,0,1,2,3,0,6,0,0,0,6
04/13/2022,ASE,CO,ANM,WE,Combined TRACON& Tower with Radar,5,2,9,0,16,0,0,0,0,0,5,2,9,0,16,0,0,0,16
04/14/2022,ASE,CO,ANM,WE,Combined TRACON& Tower with Radar,14,18,44,0,76,0,0,3,0,3,14,18,47,0,79,6,0,6,85
04/15/2022,ASE,CO,ANM,WE,Combined TRACON& Tower with Radar,14,28,26,0,68,0,0,3,2,5,14,28,29,2,73,4,2,6,79
04/16/2022,ASE,CO,ANM,WE,Combined TRACON& Tower with Radar,14,14,15,0,43,0,0,5,0,5,14,14,20,0,48,30,0,30,78
04/17/2022,ASE,CO,ANM,WE,Combined TRACON& Tower with Radar,14,16,17,0,47,0,0,0,0,0,14,16,17,0,47,2,0,2,49
04/18/2022,ASE,CO,ANM,WE,Combined TRACON& Tower with Radar,14,22,25,0,61,0,0,4,0,4,14,22,29,0,65,9,0,9,74
04/19/2022,ASE,CO,ANM,WE,Combined TRACON& Tower with Radar,14,10,13,0,37,0,0,3,0,3,14,10,16,0,40,4,0,4,44
04/20/2022,ASE,CO,ANM,WE,Combined TRACON& Tower with Radar,14,16,16,0,46,0,0,3,0,3,14,16,19,0,49,3,0,3,52
04/21/2022,ASE,CO,ANM,WE,Combined TRACON& Tower with Radar,14,11,17,0,42,0,0,3,0,3,14,11,20,0,45,8,2,10,55
04/22/2022,ASE,CO,ANM,WE,Combined TRACON& Tower with Radar,11,1,13,0,25,0,0,1,0,1,11,1,14,0,26,1,0,1,27
04/23/2022,ASE,CO,ANM,WE,Combined TRACON& Tower with Radar,11,2,6,0,19,0,0,0,0,0,11,2,6,0,19,0,0,0,19
04/24/2022,ASE,CO,ANM,WE,Combined TRACON& Tower with Radar,13,10,15,0,38,0,0,0,0,0,13,10,15,0,38,24,0,24,62
04/25/2022,ASE,CO,ANM,WE,Combined TRACON& Tower with Radar,12,23,20,0,55,0,0,3,0,3,12,23,23,0,58,14,0,14,72
04/26/2022,ASE,CO,ANM,WE,Combined TRACON& Tower with Radar,13,18,20,0,51,0,0,4,0,4,13,18,24,0,55,0,0,0,55
04/27/2022,ASE,CO,ANM,WE,Combined TRACON& Tower with Radar,13,20,16,0,49,0,0,7,0,7,13,20,23,0,56,15,0,15,71
04/28/2022,ASE,CO,ANM,WE,Combined TRACON& Tower with Radar,14,13,7,2,36,0,0,7,0,7,14,13,14,2,43,17,0,17,60
04/29/2022,ASE,CO,ANM,WE,Combined TRACON& Tower with Radar,7,4,10,0,21,0,0,1,0,1,7,4,11,0,22,2,0,2,24
04/30/2022,ASE,CO,ANM,WE,Combined TRACON& Tower with Radar,13,16,8,0,37,0,0,5,0,5,13,16,13,0,42,45,4,49,91
05/01/2022,ASE,CO,ANM,WE,Combined TRACON& Tower with Radar,11,12,14,0,37,0,0,1,0,1,11,12,15,0,38,4,0,4,42
05/02/2022,ASE,CO,ANM,WE,Combined TRACON& Tower with Radar,0,0,0,0,0,0,0,0,0,0,0,0,0,0,0,0,0,0,0
05/03/2022,ASE,CO,ANM,WE,Combined TRACON& Tower with Radar,0,0,0,0,0,0,0,0,0,0,0,0,0,0,0,0,0,0,0
05/04/2022,ASE,CO,ANM,WE,Combined TRACON& Tower with Radar,0,0,0,0,0,0,0,0,0,0,0,0,0,0,0,0,0,0,0
05/05/2022,ASE,CO,ANM,WE,Combined TRACON& Tower with Radar,0,0,0,0,0,0,0,0,0,0,0,0,0,0,0,0,0,0,0
05/06/2022,ASE,CO,ANM,WE,Combined TRACON& Tower with Radar,0,0,0,0,0,0,0,0,0,0,0,0,0,0,0,0,0,0,0
05/07/2022,ASE,CO,ANM,WE,Combined TRACON& Tower with Radar,0,0,0,0,0,0,0,0,0,0,0,0,0,0,0,0,0,0,0
05/08/2022,ASE,CO,ANM,WE,Combined TRACON& Tower with Radar,0,0,0,0,0,0,0,0,0,0,0,0,0,0,0,0,0,0,0
05/09/2022,ASE,CO,ANM,WE,Combined TRACON& Tower with Radar,0,0,0,0,0,0,0,0,0,0,0,0,0,0,0,0,0,0,0
05/10/2022,ASE,CO,ANM,WE,Combined TRACON& Tower with Radar,0,0,0,0,0,0,0,0,0,0,0,0,0,0,0,0,0,0,0
05/11/2022,ASE,CO,ANM,WE,Combined TRACON& Tower with Radar,0,0,0,0,0,0,0,0,0,0,0,0,0,0,0,0,0,0,0
05/12/2022,ASE,CO,ANM,WE,Combined TRACON& Tower with Radar,0,0,0,0,0,0,0,0,0,0,0,0,0,0,0,0,0,0,0
05/13/2022,ASE,CO,ANM,WE,Combined TRACON& Tower with Radar,0,0,0,0,0,0,0,0,0,0,0,0,0,0,0,5,0,5,5
05/14/2022,ASE,CO,ANM,WE,Combined TRACON& Tower with Radar,0,0,0,0,0,0,0,0,0,0,0,0,0,0,0,2,0,2,2
05/15/2022,ASE,CO,ANM,WE,Combined TRACON& Tower with Radar,0,0,0,0,0,0,0,4,0,4,0,0,4,0,4,10,0,10,14
05/16/2022,ASE,CO,ANM,WE,Combined TRACON& Tower with Radar,12,29,19,0,60,0,0,5,0,5,12,29,24,0,65,0,0,0,65
05/17/2022,ASE,CO,ANM,WE,Combined TRACON& Tower with Radar,14,10,12,0,36,0,0,4,0,4,14,10,16,0,40,1,0,1,41
05/18/2022,ASE,CO,ANM,WE,Combined TRACON& Tower with Radar,14,12,18,0,44,0,0,2,0,2,14,12,20,0,46,4,2,6,52
05/19/2022,ASE,CO,ANM,WE,Combined TRACON& Tower with Radar,8,14,25,0,47,0,0,2,0,2,8,14,27,0,49,2,0,2,51
05/20/2022,ASE,CO,ANM,WE,Combined TRACON& Tower with Radar,1,0,4,0,5,0,0,0,0,0,1,0,4,0,5,0,0,0,5
05/21/2022,ASE,CO,ANM,WE,Combined TRACON& Tower with Radar,13,16,9,0,38,0,0,1,1,2,13,16,10,1,40,5,0,5,45
05/22/2022,ASE,CO,ANM,WE,Combined TRACON& Tower with Radar,13,15,34,0,62,0,0,5,0,5,13,15,39,0,67,0,0,0,67
05/23/2022,ASE,CO,ANM,WE,Combined TRACON& Tower with Radar,16,11,15,0,42,0,0,4,0,4,16,11,19,0,46,15,0,15,61
05/24/2022,ASE,CO,ANM,WE,Combined TRACON& Tower with Radar,9,16,23,0,48,0,0,1,0,1,9,16,24,0,49,27,0,27,76
05/25/2022,ASE,CO,ANM,WE,Combined TRACON& Tower with Radar,13,21,17,0,51,0,0,8,0,8,13,21,25,0,59,13,0,13,72
05/26/2022,ASE,CO,ANM,WE,Combined TRACON& Tower with Radar,16,19,28,0,63,0,0,10,0,10,16,19,38,0,73,31,0,31,104
05/27/2022,ASE,CO,ANM,WE,Combined TRACON& Tower with Radar,15,25,39,0,79,0,0,3,1,4,15,25,42,1,83,10,0,10,93
05/28/2022,ASE,CO,ANM,WE,Combined TRACON& Tower with Radar,14,11,22,0,47,0,0,2,0,2,14,11,24,0,49,13,0,13,62
05/29/2022,ASE,CO,ANM,WE,Combined TRACON& Tower with Radar,5,9,14,0,28,0,0,0,0,0,5,9,14,0,28,2,0,2,30
05/30/2022,ASE,CO,ANM,WE,Combined TRACON& Tower with Radar,2,6,15,0,23,0,0,1,0,1,2,6,16,0,24,1,0,1,25
05/31/2022,ASE,CO,ANM,WE,Combined TRACON& Tower with Radar,14,34,41,0,89,0,0,7,0,7,14,34,48,0,96,28,0,28,124
06/01/2022,ASE,CO,ANM,WE,Combined TRACON& Tower with Radar,14,22,35,0,71,0,0,3,0,3,14,22,38,0,74,18,0,18,92
06/02/2022,ASE,CO,ANM,WE,Combined TRACON& Tower with Radar,16,32,31,0,79,0,0,16,0,16,16,32,47,0,95,20,1,21,116
06/03/2022,ASE,CO,ANM,WE,Combined TRACON& Tower with Radar,28,40,38,0,106,0,0,4,0,4,28,40,42,0,110,15,0,15,125
06/04/2022,ASE,CO,ANM,WE,Combined TRACON& Tower with Radar,34,29,38,0,101,0,0,5,0,5,34,29,43,0,106,42,0,42,148
06/05/2022,ASE,CO,ANM,WE,Combined TRACON& Tower with Radar,34,52,51,0,137,0,0,5,0,5,34,52,56,0,142,18,0,18,160
06/06/2022,ASE,CO,ANM,WE,Combined TRACON& Tower with Radar,35,25,40,0,100,0,0,1,0,1,35,25,41,0,101,28,0,28,129
06/07/2022,ASE,CO,ANM,WE,Combined TRACON& Tower with Radar,30,14,24,2,70,0,0,13,0,13,30,14,37,2,83,25,7,32,115
06/08/2022,ASE,CO,ANM,WE,Combined TRACON& Tower with Radar,33,29,47,0,109,0,0,11,0,11,33,29,58,0,120,37,0,37,157
06/09/2022,ASE,CO,ANM,WE,Combined TRACON& Tower with Radar,33,28,41,3,105,0,2,5,0,7,33,30,46,3,112,21,5,26,138
06/10/2022,ASE,CO,ANM,WE,Combined TRACON& Tower with Radar,33,21,53,0,107,0,0,6,0,6,33,21,59,0,113,42,0,42,155
06/11/2022,ASE,CO,ANM,WE,Combined TRACON& Tower with Radar,34,35,26,0,95,0,0,7,0,7,34,35,33,0,102,12,1,13,115
06/12/2022,ASE,CO,ANM,WE,Combined TRACON& Tower with Radar,29,45,66,0,140,0,2,7,0,9,29,47,73,0,149,17,4,21,170
06/13/2022,ASE,CO,ANM,WE,Combined TRACON& Tower with Radar,33,14,36,0,83,0,0,2,0,2,33,14,38,0,85,10,0,10,95
06/14/2022,ASE,CO,ANM,WE,Combined TRACON& Tower with Radar,34,19,31,0,84,0,1,6,0,7,34,20,37,0,91,24,0,24,115
06/15/2022,ASE,CO,ANM,WE,Combined TRACON& Tower with Radar,35,39,57,2,133,0,0,8,0,8,35,39,65,2,141,35,4,39,180
06/16/2022,ASE,CO,ANM,WE,Combined TRACON& Tower with Radar,34,60,72,0,166,0,1,12,0,13,34,61,84,0,179,35,2,37,216
06/17/2022,ASE,CO,ANM,WE,Combined TRACON& Tower with Radar,32,34,36,0,102,0,0,10,0,10,32,34,46,0,112,8,0,8,120
06/18/2022,ASE,CO,ANM,WE,Combined TRACON& Tower with Radar,33,45,39,0,117,0,0,5,0,5,33,45,44,0,122,17,1,18,140
06/19/2022,ASE,CO,ANM,WE,Combined TRACON& Tower with Radar,26,42,77,0,145,0,0,4,0,4,26,42,81,0,149,2,0,2,151
06/20/2022,ASE,CO,ANM,WE,Combined TRACON& Tower with Radar,33,47,56,0,136,0,0,5,0,5,33,47,61,0,141,18,0,18,159
06/21/2022,ASE,CO,ANM,WE,Combined TRACON& Tower with Radar,32,40,37,0,109,0,0,13,2,15,32,40,50,2,124,15,4,19,143
06/22/2022,ASE,CO,ANM,WE,Combined TRACON& Tower with Radar,33,57,38,0,128,0,0,9,0,9,33,57,47,0,137,53,2,55,192
06/23/2022,ASE,CO,ANM,WE,Combined TRACON& Tower with Radar,33,50,60,0,143,0,0,6,0,6,33,50,66,0,149,7,0,7,156
06/24/2022,ASE,CO,ANM,WE,Combined TRACON& Tower with Radar,34,56,83,0,173,0,0,6,0,6,34,56,89,0,179,26,0,26,205
06/25/2022,ASE,CO,ANM,WE,Combined TRACON& Tower with Radar,30,58,39,0,127,0,0,8,0,8,30,58,47,0,135,19,0,19,154
06/26/2022,ASE,CO,ANM,WE,Combined TRACON& Tower with Radar,26,43,83,1,153,0,0,6,0,6,26,43,89,1,159,5,0,5,164
06/27/2022,ASE,CO,ANM,WE,Combined TRACON& Tower with Radar,31,69,58,0,158,0,0,9,0,9,31,69,67,0,167,26,0,26,193
06/28/2022,ASE,CO,ANM,WE,Combined TRACON& Tower with Radar,30,34,45,0,109,0,0,6,0,6,30,34,51,0,115,17,0,17,132
06/29/2022,ASE,CO,ANM,WE,Combined TRACON& Tower with Radar,32,76,61,0,169,0,0,6,1,7,32,76,67,1,176,18,2,20,196
06/30/2022,ASE,CO,ANM,WE,Combined TRACON& Tower with Radar,32,79,73,0,184,0,0,1,0,1,32,79,74,0,185,19,0,19,204
07/01/2022,ASE,CO,ANM,WE,Combined TRACON& Tower with Radar,32,82,127,0,241,0,2,7,0,9,32,84,134,0,250,24,0,24,274
07/02/2022,ASE,CO,ANM,WE,Combined TRACON& Tower with Radar,33,93,88,0,214,0,0,16,0,16,33,93,104,0,230,35,0,35,265
07/03/2022,ASE,CO,ANM,WE,Combined TRACON& Tower with Radar,32,61,79,0,172,0,0,6,0,6,32,61,85,0,178,28,0,28,206
07/04/2022,ASE,CO,ANM,WE,Combined TRACON& Tower with Radar,34,35,29,0,98,0,0,4,0,4,34,35,33,0,102,9,0,9,111
07/05/2022,ASE,CO,ANM,WE,Combined TRACON& Tower with Radar,33,57,105,0,195,0,0,7,0,7,33,57,112,0,202,5,0,5,207
07/06/2022,ASE,CO,ANM,WE,Combined TRACON& Tower with Radar,31,47,70,3,151,0,0,8,1,9,31,47,78,4,160,16,4,20,180
07/07/2022,ASE,CO,ANM,WE,Combined TRACON& Tower with Radar,31,53,73,0,157,0,1,17,0,18,31,54,90,0,175,24,0,24,199
07/08/2022,ASE,CO,ANM,WE,Combined TRACON& Tower with Radar,33,50,83,0,166,0,6,10,2,18,33,56,93,2,184,19,0,19,203
07/09/2022,ASE,CO,ANM,WE,Combined TRACON& Tower with Radar,34,57,64,0,155,0,1,9,0,10,34,58,73,0,165,19,0,19,184
07/10/2022,ASE,CO,ANM,WE,Combined TRACON& Tower with Radar,28,97,101,0,226,0,0,10,0,10,28,97,111,0,236,11,0,11,247
07/11/2022,ASE,CO,ANM,WE,Combined TRACON& Tower with Radar,33,63,67,0,163,0,0,3,0,3,33,63,70,0,166,8,0,8,174
07/12/2022,ASE,CO,ANM,WE,Combined TRACON& Tower with Radar,32,37,39,0,108,0,1,8,0,9,32,38,47,0,117,35,0,35,152
07/13/2022,ASE,CO,ANM,WE,Combined TRACON& Tower with Radar,31,39,57,0,127,0,0,1,4,5,31,39,58,4,132,5,0,5,137
07/14/2022,ASE,CO,ANM,WE,Combined TRACON& Tower with Radar,30,53,67,0,150,0,0,4,0,4,30,53,71,0,154,4,0,4,158
07/15/2022,ASE,CO,ANM,WE,Combined TRACON& Tower with Radar,33,73,79,0,185,0,1,7,3,11,33,74,86,3,196,6,0,6,202
07/16/2022,ASE,CO,ANM,WE,Combined TRACON& Tower with Radar,33,61,58,0,152,0,0,9,0,9,33,61,67,0,161,21,0,21,182
07/17/2022,ASE,CO,ANM,WE,Combined TRACON& Tower with Radar,33,85,86,0,204,0,0,9,0,9,33,85,95,0,213,22,0,22,235
07/18/2022,ASE,CO,ANM,WE,Combined TRACON& Tower with Radar,35,50,64,0,149,0,0,1,0,1,35,50,65,0,150,39,0,39,189
07/19/2022,ASE,CO,ANM,WE,Combined TRACON& Tower with Radar,33,51,68,7,159,0,0,10,0,10,33,51,78,7,169,20,0,20,189
07/20/2022,ASE,CO,ANM,WE,Combined TRACON& Tower with Radar,29,63,76,8,176,0,0,9,0,9,29,63,85,8,185,22,0,22,207
07/21/2022,ASE,CO,ANM,WE,Combined TRACON& Tower with Radar,32,60,66,2,160,0,2,14,1,17,32,62,80,3,177,42,0,42,219
07/22/2022,ASE,CO,ANM,WE,Combined TRACON& Tower with Radar,34,60,72,6,172,0,0,8,0,8,34,60,80,6,180,16,0,16,196
07/23/2022,ASE,CO,ANM,WE,Combined TRACON& Tower with Radar,34,66,68,1,169,0,0,7,0,7,34,66,75,1,176,4,0,4,180
07/24/2022,ASE,CO,ANM,WE,Combined TRACON& Tower with Radar,26,69,114,1,210,0,0,6,0,6,26,69,120,1,216,4,0,4,220
07/25/2022,ASE,CO,ANM,WE,Combined TRACON& Tower with Radar,31,48,75,0,154,0,0,4,0,4,31,48,79,0,158,6,0,6,164
07/26/2022,ASE,CO,ANM,WE,Combined TRACON& Tower with Radar,33,57,58,1,149,0,0,7,0,7,33,57,65,1,156,14,0,14,170
07/27/2022,ASE,CO,ANM,WE,Combined TRACON& Tower with Radar,33,60,59,0,152,0,0,5,1,6,33,60,64,1,158,19,1,20,178
07/28/2022,ASE,CO,ANM,WE,Combined TRACON& Tower with Radar,32,63,92,0,187,0,0,3,0,3,32,63,95,0,190,2,0,2,192
07/29/2022,ASE,CO,ANM,WE,Combined TRACON& Tower with Radar,30,57,76,0,163,0,0,7,0,7,30,57,83,0,170,12,0,12,182
07/30/2022,ASE,CO,ANM,WE,Combined TRACON& Tower with Radar,35,49,91,0,175,0,0,9,0,9,35,49,100,0,184,10,0,10,194
07/31/2022,ASE,CO,ANM,WE,Combined TRACON& Tower with Radar,32,107,105,0,244,0,0,11,0,11,32,107,116,0,255,17,0,17,272
08/01/2022,ASE,CO,ANM,WE,Combined TRACON& Tower with Radar,33,77,86,0,196,0,0,6,0,6,33,77,92,0,202,9,0,9,211
08/02/2022,ASE,CO,ANM,WE,Combined TRACON& Tower with Radar,31,53,54,0,138,0,0,8,0,8,31,53,62,0,146,14,0,14,160
08/03/2022,ASE,CO,ANM,WE,Combined TRACON& Tower with Radar,29,67,72,0,168,0,0,11,0,11,29,67,83,0,179,21,0,21,200
08/04/2022,ASE,CO,ANM,WE,Combined TRACON& Tower with Radar,33,68,82,0,183,0,0,8,0,8,33,68,90,0,191,7,0,7,198
08/05/2022,ASE,CO,ANM,WE,Combined TRACON& Tower with Radar,32,51,73,0,156,0,0,7,0,7,32,51,80,0,163,13,0,13,176
08/06/2022,ASE,CO,ANM,WE,Combined TRACON& Tower with Radar,32,89,67,0,188,0,0,14,0,14,32,89,81,0,202,19,0,19,221
08/07/2022,ASE,CO,ANM,WE,Combined TRACON& Tower with Radar,33,93,104,0,230,0,0,12,0,12,33,93,116,0,242,12,0,12,254
08/08/2022,ASE,CO,ANM,WE,Combined TRACON& Tower with Radar,33,58,70,2,163,0,0,5,0,5,33,58,75,2,168,15,0,15,183
08/09/2022,ASE,CO,ANM,WE,Combined TRACON& Tower with Radar,32,69,41,0,142,0,1,10,0,11,32,70,51,0,153,22,2,24,177
08/10/2022,ASE,CO,ANM,WE,Combined TRACON& Tower with Radar,32,65,80,2,179,0,0,11,0,11,32,65,91,2,190,12,0,12,202
08/11/2022,ASE,CO,ANM,WE,Combined TRACON& Tower with Radar,31,84,63,2,180,0,0,10,0,10,31,84,73,2,190,32,1,33,223
08/12/2022,ASE,CO,ANM,WE,Combined TRACON& Tower with Radar,34,81,89,0,204,0,0,11,0,11,34,81,100,0,215,33,0,33,248
08/13/2022,ASE,CO,ANM,WE,Combined TRACON& Tower with Radar,35,63,78,0,176,0,0,5,0,5,35,63,83,0,181,9,3,12,193
08/14/2022,ASE,CO,ANM,WE,Combined TRACON& Tower with Radar,27,131,86,0,244,0,0,11,0,11,27,131,97,0,255,44,1,45,300
08/15/2022,ASE,CO,ANM,WE,Combined TRACON& Tower with Radar,22,57,63,0,142,0,0,4,0,4,22,57,67,0,146,15,0,15,161
08/16/2022,ASE,CO,ANM,WE,Combined TRACON& Tower with Radar,31,65,58,0,154,0,0,2,0,2,31,65,60,0,156,6,0,6,162
08/17/2022,ASE,CO,ANM,WE,Combined TRACON& Tower with Radar,31,53,73,0,157,0,0,6,0,6,31,53,79,0,163,9,0,9,172
08/18/2022,ASE,CO,ANM,WE,Combined TRACON& Tower with Radar,33,72,67,0,172,0,0,8,0,8,33,72,75,0,180,19,0,19,199
08/19/2022,ASE,CO,ANM,WE,Combined TRACON& Tower with Radar,33,81,68,0,182,0,0,11,0,11,33,81,79,0,193,35,0,35,228
08/20/2022,ASE,CO,ANM,WE,Combined TRACON& Tower with Radar,33,64,45,0,142,0,0,2,0,2,33,64,47,0,144,3,1,4,148
08/21/2022,ASE,CO,ANM,WE,Combined TRACON& Tower with Radar,27,75,93,0,195,0,0,2,0,2,27,75,95,0,197,3,0,3,200
08/22/2022,ASE,CO,ANM,WE,Combined TRACON& Tower with Radar,31,59,47,0,137,0,0,3,0,3,31,59,50,0,140,15,0,15,155
08/23/2022,ASE,CO,ANM,WE,Combined TRACON& Tower with Radar,34,55,26,0,115,0,0,8,0,8,34,55,34,0,123,18,0,18,141
08/24/2022,ASE,CO,ANM,WE,Combined TRACON& Tower with Radar,33,51,28,0,112,0,0,7,0,7,33,51,35,0,119,30,0,30,149
08/25/2022,ASE,CO,ANM,WE,Combined TRACON& Tower with Radar,32,82,52,0,166,0,0,3,0,3,32,82,55,0,169,11,0,11,180
08/26/2022,ASE,CO,ANM,WE,Combined TRACON& Tower with Radar,33,67,57,0,157,0,0,1,0,1,33,67,58,0,158,40,0,40,198
08/27/2022,ASE,CO,ANM,WE,Combined TRACON& Tower with Radar,36,55,46,0,137,0,0,7,0,7,36,55,53,0,144,34,1,35,179
08/28/2022,ASE,CO,ANM,WE,Combined TRACON& Tower with Radar,33,74,62,0,169,0,0,10,0,10,33,74,72,0,179,13,0,13,192
08/29/2022,ASE,CO,ANM,WE,Combined TRACON& Tower with Radar,34,52,61,0,147,0,0,12,0,12,34,52,73,0,159,21,0,21,180
08/30/2022,ASE,CO,ANM,WE,Combined TRACON& Tower with Radar,33,57,48,0,138,0,0,4,0,4,33,57,52,0,142,46,1,47,189
08/31/2022,ASE,CO,ANM,WE,Combined TRACON& Tower with Radar,30,55,65,0,150,0,1,10,0,11,30,56,75,0,161,15,6,21,182
09/01/2022,ASE,CO,ANM,WE,Combined TRACON& Tower with Radar,33,68,65,0,166,0,0,10,0,10,33,68,75,0,176,17,0,17,193
09/02/2022,ASE,CO,ANM,WE,Combined TRACON& Tower with Radar,31,72,130,0,233,0,1,7,2,10,31,73,137,2,243,59,0,59,302
09/03/2022,ASE,CO,ANM,WE,Combined TRACON& Tower with Radar,33,57,33,2,125,0,2,9,0,11,33,59,42,2,136,31,0,31,167
09/04/2022,ASE,CO,ANM,WE,Combined TRACON& Tower with Radar,28,57,50,0,135,0,0,6,0,6,28,57,56,0,141,10,5,15,156
09/05/2022,ASE,CO,ANM,WE,Combined TRACON& Tower with Radar,27,102,133,0,262,0,0,5,0,5,27,102,138,0,267,0,0,0,267
09/06/2022,ASE,CO,ANM,WE,Combined TRACON& Tower with Radar,27,74,84,0,185,0,0,4,0,4,27,74,88,0,189,43,0,43,232
09/07/2022,ASE,CO,ANM,WE,Combined TRACON& Tower with Radar,27,62,39,0,128,0,0,14,0,14,27,62,53,0,142,31,0,31,173
09/08/2022,ASE,CO,ANM,WE,Combined TRACON& Tower with Radar,30,38,36,0,104,0,0,5,2,7,30,38,41,2,111,36,0,36,147
09/09/2022,ASE,CO,ANM,WE,Combined TRACON& Tower with Radar,32,19,45,0,96,0,0,2,2,4,32,19,47,2,100,8,0,8,108
09/10/2022,ASE,CO,ANM,WE,Combined TRACON& Tower with Radar,33,30,18,1,82,0,0,4,0,4,33,30,22,1,86,26,0,26,112
09/11/2022,ASE,CO,ANM,WE,Combined TRACON& Tower with Radar,31,52,52,2,137,0,0,12,1,13,31,52,64,3,150,20,0,20,170
09/12/2022,ASE,CO,ANM,WE,Combined TRACON& Tower with Radar,28,40,41,0,109,0,0,3,0,3,28,40,44,0,112,33,0,33,145
09/13/2022,ASE,CO,ANM,WE,Combined TRACON& Tower with Radar,25,32,41,0,98,0,0,6,0,6,25,32,47,0,104,26,0,26,130
09/14/2022,ASE,CO,ANM,WE,Combined TRACON& Tower with Radar,26,37,35,0,98,0,0,0,3,3,26,37,35,3,101,21,2,23,124
09/15/2022,ASE,CO,ANM,WE,Combined TRACON& Tower with Radar,30,49,45,0,124,0,0,4,0,4,30,49,49,0,128,23,0,23,151
09/16/2022,ASE,CO,ANM,WE,Combined TRACON& Tower with Radar,30,36,44,0,110,0,0,6,0,6,30,36,50,0,116,41,0,41,157
09/17/2022,ASE,CO,ANM,WE,Combined TRACON& Tower with Radar,32,35,29,0,96,0,0,2,0,2,32,35,31,0,98,47,0,47,145
09/18/2022,ASE,CO,ANM,WE,Combined TRACON& Tower with Radar,32,45,48,0,125,0,0,5,0,5,32,45,53,0,130,15,0,15,145
09/19/2022,ASE,CO,ANM,WE,Combined TRACON& Tower with Radar,28,49,63,0,140,0,1,1,2,4,28,50,64,2,144,64,3,67,211
09/20/2022,ASE,CO,ANM,WE,Combined TRACON& Tower with Radar,27,34,40,2,103,0,0,5,1,6,27,34,45,3,109,78,3,81,190
09/21/2022,ASE,CO,ANM,WE,Combined TRACON& Tower with Radar,27,31,31,0,89,0,0,0,0,0,27,31,31,0,89,25,0,25,114
09/22/2022,ASE,CO,ANM,WE,Combined TRACON& Tower with Radar,28,54,74,0,156,0,0,1,0,1,28,54,75,0,157,18,0,18,175
09/23/2022,ASE,CO,ANM,WE,Combined TRACON& Tower with Radar,26,44,82,2,154,0,0,12,0,12,26,44,94,2,166,43,0,43,209
09/24/2022,ASE,CO,ANM,WE,Combined TRACON& Tower with Radar,33,84,52,0,169,0,0,6,1,7,33,84,58,1,176,20,0,20,196
09/25/2022,ASE,CO,ANM,WE,Combined TRACON& Tower with Radar,30,84,91,0,205,0,1,7,0,8,30,85,98,0,213,44,0,44,257
09/26/2022,ASE,CO,ANM,WE,Combined TRACON& Tower with Radar,28,53,51,0,132,0,0,5,0,5,28,53,56,0,137,38,0,38,175
09/27/2022,ASE,CO,ANM,WE,Combined TRACON& Tower with Radar,27,47,38,0,112,0,0,6,0,6,27,47,44,0,118,31,12,43,161
09/28/2022,ASE,CO,ANM,WE,Combined TRACON& Tower with Radar,27,38,31,0,96,0,0,2,0,2,27,38,33,0,98,2,0,2,100
09/29/2022,ASE,CO,ANM,WE,Combined TRACON& Tower with Radar,29,68,57,0,154,0,0,3,0,3,29,68,60,0,157,13,0,13,170
09/30/2022,ASE,CO,ANM,WE,Combined TRACON& Tower with Radar,25,57,47,0,129,0,0,0,0,0,25,57,47,0,129,15,1,16,145
10/01/2022,ASE,CO,ANM,WE,Combined TRACON& Tower with Radar,23,43,38,0,104,0,0,2,0,2,23,43,40,0,106,49,0,49,155
10/02/2022,ASE,CO,ANM,WE,Combined TRACON& Tower with Radar,25,78,59,0,162,0,0,1,0,1,25,78,60,0,163,4,0,4,167
10/03/2022,ASE,CO,ANM,WE,Combined TRACON& Tower with Radar,25,41,35,0,101,0,0,2,0,2,25,41,37,0,103,10,0,10,113
10/04/2022,ASE,CO,ANM,WE,Combined TRACON& Tower with Radar,24,32,30,0,86,0,0,10,0,10,24,32,40,0,96,14,0,14,110
10/05/2022,ASE,CO,ANM,WE,Combined TRACON& Tower with Radar,25,35,33,0,93,0,0,5,0,5,25,35,38,0,98,26,2,28,126
10/06/2022,ASE,CO,ANM,WE,Combined TRACON& Tower with Radar,19,37,52,0,108,0,0,13,0,13,19,37,65,0,121,41,1,42,163
10/07/2022,ASE,CO,ANM,WE,Combined TRACON& Tower with Radar,19,52,52,0,123,0,0,5,0,5,19,52,57,0,128,27,0,27,155
10/08/2022,ASE,CO,ANM,WE,Combined TRACON& Tower with Radar,19,35,29,0,83,0,0,4,0,4,19,35,33,0,87,34,0,34,121
10/09/2022,ASE,CO,ANM,WE,Combined TRACON& Tower with Radar,19,40,38,0,97,0,0,10,0,10,19,40,48,0,107,29,0,29,136
10/10/2022,ASE,CO,ANM,WE,Combined TRACON& Tower with Radar,19,47,49,0,115,0,0,10,0,10,19,47,59,0,125,37,1,38,163
10/11/2022,ASE,CO,ANM,WE,Combined TRACON& Tower with Radar,16,25,30,4,75,0,0,7,0,7,16,25,37,4,82,7,0,7,89
10/12/2022,ASE,CO,ANM,WE,Combined TRACON& Tower with Radar,19,24,46,0,89,0,0,7,0,7,19,24,53,0,96,4,0,4,100
10/13/2022,ASE,CO,ANM,WE,Combined TRACON& Tower with Radar,18,25,39,0,82,0,0,12,1,13,18,25,51,1,95,13,2,15,110
10/14/2022,ASE,CO,ANM,WE,Combined TRACON& Tower with Radar,18,31,36,0,85,0,0,10,0,10,18,31,46,0,95,30,1,31,126
10/15/2022,ASE,CO,ANM,WE,Combined TRACON& Tower with Radar,19,22,25,2,68,0,0,12,1,13,19,22,37,3,81,39,1,40,121
10/16/2022,ASE,CO,ANM,WE,Combined TRACON& Tower with Radar,18,38,40,0,96,0,0,6,0,6,18,38,46,0,102,16,0,16,118
10/17/2022,ASE,CO,ANM,WE,Combined TRACON& Tower with Radar,19,31,24,1,75,0,0,6,1,7,19,31,30,2,82,20,0,20,102
10/18/2022,ASE,CO,ANM,WE,Combined TRACON& Tower with Radar,17,21,17,0,55,0,0,9,0,9,17,21,26,0,64,13,0,13,77
10/19/2022,ASE,CO,ANM,WE,Combined TRACON& Tower with Radar,19,29,29,0,77,0,0,6,1,7,19,29,35,1,84,33,0,33,117
10/20/2022,ASE,CO,ANM,WE,Combined TRACON& Tower with Radar,19,41,32,0,92,0,0,5,1,6,19,41,37,1,98,16,2,18,116
10/21/2022,ASE,CO,ANM,WE,Combined TRACON& Tower with Radar,21,18,28,0,67,0,0,4,0,4,21,18,32,0,71,25,0,25,96
10/22/2022,ASE,CO,ANM,WE,Combined TRACON& Tower with Radar,18,13,10,0,41,0,0,1,0,1,18,13,11,0,42,9,0,9,51
10/23/2022,ASE,CO,ANM,WE,Combined TRACON& Tower with Radar,3,3,5,0,11,0,0,0,0,0,3,3,5,0,11,0,0,0,11
10/24/2022,ASE,CO,ANM,WE,Combined TRACON& Tower with Radar,2,12,21,0,35,0,0,0,0,0,2,12,21,0,35,0,0,0,35
10/25/2022,ASE,CO,ANM,WE,Combined TRACON& Tower with Radar,19,13,22,0,54,0,0,3,0,3,19,13,25,0,57,32,0,32,89
10/26/2022,ASE,CO,ANM,WE,Combined TRACON& Tower with Radar,13,11,8,0,32,0,0,0,0,0,13,11,8,0,32,0,0,0,32
10/27/2022,ASE,CO,ANM,WE,Combined TRACON& Tower with Radar,20,3,11,0,34,0,0,0,0,0,20,3,11,0,34,0,2,2,36
10/28/2022,ASE,CO,ANM,WE,Combined TRACON& Tower with Radar,18,27,21,2,68,0,0,14,0,14,18,27,35,2,82,40,0,40,122
10/29/2022,ASE,CO,ANM,WE,Combined TRACON& Tower with Radar,18,11,8,0,37,0,0,5,2,7,18,11,13,2,44,38,0,38,82
10/30/2022,ASE,CO,ANM,WE,Combined TRACON& Tower with Radar,17,25,9,0,51,0,0,8,0,8,17,25,17,0,59,64,0,64,123
10/31/2022,ASE,CO,ANM,WE,Combined TRACON& Tower with Radar,16,16,18,0,50,0,0,7,0,7,16,16,25,0,57,44,0,44,101
11/01/2022,ASE,CO,ANM,WE,Combined TRACON& Tower with Radar,16,10,14,0,40,0,0,10,0,10,16,10,24,0,50,12,2,14,64
11/02/2022,ASE,CO,ANM,WE,Combined TRACON& Tower with Radar,16,8,22,0,46,0,0,0,0,0,16,8,22,0,46,3,0,3,49
11/03/2022,ASE,CO,ANM,WE,Combined TRACON& Tower with Radar,9,5,3,0,17,0,0,0,0,0,9,5,3,0,17,0,0,0,17
11/04/2022,ASE,CO,ANM,WE,Combined TRACON& Tower with Radar,14,4,20,0,38,0,0,0,0,0,14,4,20,0,38,2,0,2,40
11/05/2022,ASE,CO,ANM,WE,Combined TRACON& Tower with Radar,14,13,12,0,39,0,0,0,0,0,14,13,12,0,39,0,0,0,39
11/06/2022,ASE,CO,ANM,WE,Combined TRACON& Tower with Radar,14,17,17,0,48,0,0,2,0,2,14,17,19,0,50,5,0,5,55
11/07/2022,ASE,CO,ANM,WE,Combined TRACON& Tower with Radar,14,16,10,0,40,0,0,3,2,5,14,16,13,2,45,6,3,9,54
11/08/2022,ASE,CO,ANM,WE,Combined TRACON& Tower with Radar,15,9,8,4,36,0,0,0,0,0,15,9,8,4,36,4,0,4,40
11/09/2022,ASE,CO,ANM,WE,Combined TRACON& Tower with Radar,3,2,4,0,9,0,0,0,0,0,3,2,4,0,9,0,0,0,9
11/10/2022,ASE,CO,ANM,WE,Combined TRACON& Tower with Radar,14,16,20,0,50,0,0,1,0,1,14,16,21,0,51,27,0,27,78
11/11/2022,ASE,CO,ANM,WE,Combined TRACON& Tower with Radar,15,25,22,0,62,0,0,1,0,1,15,25,23,0,63,12,0,12,75
11/12/2022,ASE,CO,ANM,WE,Combined TRACON& Tower with Radar,14,18,13,0,45,0,1,8,0,9,14,19,21,0,54,36,0,36,90
11/13/2022,ASE,CO,ANM,WE,Combined TRACON& Tower with Radar,13,26,12,0,51,0,0,4,1,5,13,26,16,1,56,64,0,64,120
11/14/2022,ASE,CO,ANM,WE,Combined TRACON& Tower with Radar,14,8,12,0,34,0,0,0,0,0,14,8,12,0,34,14,0,14,48
11/15/2022,ASE,CO,ANM,WE,Combined TRACON& Tower with Radar,13,17,9,0,39,0,0,7,0,7,13,17,16,0,46,15,0,15,61
11/16/2022,ASE,CO,ANM,WE,Combined TRACON& Tower with Radar,14,18,21,2,55,0,0,2,1,3,14,18,23,3,58,44,2,46,104
11/17/2022,ASE,CO,ANM,WE,Combined TRACON& Tower with Radar,15,27,17,0,59,0,0,2,0,2,15,27,19,0,61,47,0,47,108
11/18/2022,ASE,CO,ANM,WE,Combined TRACON& Tower with Radar,15,35,34,2,86,0,0,3,0,3,15,35,37,2,89,9,0,9,98
11/19/2022,ASE,CO,ANM,WE,Combined TRACON& Tower with Radar,16,37,19,0,72,0,0,4,3,7,16,37,23,3,79,21,3,24,103
11/20/2022,ASE,CO,ANM,WE,Combined TRACON& Tower with Radar,16,30,27,0,73,0,0,6,0,6,16,30,33,0,79,12,0,12,91
11/21/2022,ASE,CO,ANM,WE,Combined TRACON& Tower with Radar,16,18,25,0,59,0,0,5,0,5,16,18,30,0,64,38,0,38,102
11/22/2022,ASE,CO,ANM,WE,Combined TRACON& Tower with Radar,16,25,29,0,70,0,0,5,0,5,16,25,34,0,75,47,0,47,122
11/23/2022,ASE,CO,ANM,WE,Combined TRACON& Tower with Radar,16,20,37,0,73,0,0,3,0,3,16,20,40,0,76,4,0,4,80
11/24/2022,ASE,CO,ANM,WE,Combined TRACON& Tower with Radar,7,9,4,0,20,0,0,0,0,0,7,9,4,0,20,3,0,3,23
11/25/2022,ASE,CO,ANM,WE,Combined TRACON& Tower with Radar,17,21,21,0,59,0,0,8,0,8,17,21,29,0,67,20,0,20,87
11/26/2022,ASE,CO,ANM,WE,Combined TRACON& Tower with Radar,16,37,16,0,69,0,0,3,0,3,16,37,19,0,72,33,0,33,105
11/27/2022,ASE,CO,ANM,WE,Combined TRACON& Tower with Radar,15,51,61,0,127,0,0,2,0,2,15,51,63,0,129,0,0,0,129
11/28/2022,ASE,CO,ANM,WE,Combined TRACON& Tower with Radar,16,24,21,0,61,0,0,0,0,0,16,24,21,0,61,0,0,0,61
11/29/2022,ASE,CO,ANM,WE,Combined TRACON& Tower with Radar,11,2,2,0,15,0,0,0,0,0,11,2,2,0,15,0,0,0,15
11/30/2022,ASE,CO,ANM,WE,Combined TRACON& Tower with Radar,21,12,18,0,51,0,0,5,2,7,21,12,23,2,58,13,6,19,77
12/01/2022,ASE,CO,ANM,WE,Combined TRACON& Tower with Radar,21,14,15,0,50,0,0,8,0,8,21,14,23,0,58,8,0,8,66
12/02/2022,ASE,CO,ANM,WE,Combined TRACON& Tower with Radar,12,0,5,0,17,0,0,1,0,1,12,0,6,0,18,0,0,0,18
12/03/2022,ASE,CO,ANM,WE,Combined TRACON& Tower with Radar,21,7,10,0,38,0,0,1,0,1,21,7,11,0,39,0,0,0,39
12/04/2022,ASE,CO,ANM,WE,Combined TRACON& Tower with Radar,21,22,35,0,78,0,1,6,0,7,21,23,41,0,85,3,0,3,88
12/05/2022,ASE,CO,ANM,WE,Combined TRACON& Tower with Radar,21,21,17,0,59,0,0,0,0,0,21,21,17,0,59,1,0,1,60
12/06/2022,ASE,CO,ANM,WE,Combined TRACON& Tower with Radar,8,0,8,0,16,0,0,0,0,0,8,0,8,0,16,0,0,0,16
12/07/2022,ASE,CO,ANM,WE,Combined TRACON& Tower with Radar,19,15,20,0,54,0,1,1,0,2,19,16,21,0,56,18,0,18,74
12/08/2022,ASE,CO,ANM,WE,Combined TRACON& Tower with Radar,20,22,20,2,64,0,0,2,0,2,20,22,22,2,66,19,0,19,85
12/09/2022,ASE,CO,ANM,WE,Combined TRACON& Tower with Radar,21,27,31,0,79,0,0,8,0,8,21,27,39,0,87,13,0,13,100
12/10/2022,ASE,CO,ANM,WE,Combined TRACON& Tower with Radar,20,35,18,0,73,0,0,4,2,6,20,35,22,2,79,17,2,19,98
12/11/2022,ASE,CO,ANM,WE,Combined TRACON& Tower with Radar,20,29,37,0,86,0,0,8,0,8,20,29,45,0,94,38,0,38,132
12/12/2022,ASE,CO,ANM,WE,Combined TRACON& Tower with Radar,20,31,15,0,66,0,0,0,0,0,20,31,15,0,66,0,0,0,66
12/13/2022,ASE,CO,ANM,WE,Combined TRACON& Tower with Radar,0,2,3,0,5,0,0,0,0,0,0,2,3,0,5,0,0,0,5
12/14/2022,ASE,CO,ANM,WE,Combined TRACON& Tower with Radar,18,17,27,0,62,0,0,0,0,0,18,17,27,0,62,0,0,0,62
12/15/2022,ASE,CO,ANM,WE,Combined TRACON& Tower with Radar,37,12,16,0,65,0,0,1,0,1,37,12,17,0,66,0,0,0,66
12/16/2022,ASE,CO,ANM,WE,Combined TRACON& Tower with Radar,55,85,67,0,207,0,0,10,0,10,55,85,77,0,217,5,0,5,222
12/17/2022,ASE,CO,ANM,WE,Combined TRACON& Tower with Radar,63,100,64,0,227,0,0,8,0,8,63,100,72,0,235,38,0,38,273
12/18/2022,ASE,CO,ANM,WE,Combined TRACON& Tower with Radar,66,73,86,0,225,0,1,12,0,13,66,74,98,0,238,22,0,22,260
12/19/2022,ASE,CO,ANM,WE,Combined TRACON& Tower with Radar,66,77,60,0,203,0,0,4,0,4,66,77,64,0,207,12,0,12,219
12/20/2022,ASE,CO,ANM,WE,Combined TRACON& Tower with Radar,65,61,73,2,201,0,0,5,0,5,65,61,78,2,206,6,0,6,212
12/21/2022,ASE,CO,ANM,WE,Combined TRACON& Tower with Radar,63,52,41,0,156,0,0,1,0,1,63,52,42,0,157,3,0,3,160
12/22/2022,ASE,CO,ANM,WE,Combined TRACON& Tower with Radar,47,31,51,0,129,0,0,2,0,2,47,31,53,0,131,1,0,1,132
12/23/2022,ASE,CO,ANM,WE,Combined TRACON& Tower with Radar,50,109,79,1,239,0,0,2,1,3,50,109,81,2,242,9,0,9,251
12/24/2022,ASE,CO,ANM,WE,Combined TRACON& Tower with Radar,54,33,20,0,107,0,0,3,0,3,54,33,23,0,110,0,0,0,110
12/25/2022,ASE,CO,ANM,WE,Combined TRACON& Tower with Radar,57,81,28,0,166,0,0,0,0,0,57,81,28,0,166,1,0,1,167
12/26/2022,ASE,CO,ANM,WE,Combined TRACON& Tower with Radar,60,76,126,0,262,0,2,4,0,6,60,78,130,0,268,8,0,8,276
12/27/2022,ASE,CO,ANM,WE,Combined TRACON& Tower with Radar,66,80,106,0,252,0,0,3,0,3,66,80,109,0,255,1,0,1,256
12/28/2022,ASE,CO,ANM,WE,Combined TRACON& Tower with Radar,1,8,22,0,31,0,0,0,0,0,1,8,22,0,31,0,0,0,31
12/29/2022,ASE,CO,ANM,WE,Combined TRACON& Tower with Radar,53,28,39,0,120,0,0,2,0,2,53,28,41,0,122,0,0,0,122
12/30/2022,ASE,CO,ANM,WE,Combined TRACON& Tower with Radar,62,84,53,0,199,0,0,0,0,0,62,84,53,0,199,0,0,0,199
12/31/2022,ASE,CO,ANM,WE,Combined TRACON& Tower with Radar,57,26,21,0,104,0,0,0,0,0,57,26,21,0,104,0,0,0,104
01/01/2023,ASE,CO,ANM,WE,Combined TRACON& Tower with Radar,36,64,87,0,187,0,0,0,0,0,36,64,87,0,187,0,0,0,187
01/02/2023,ASE,CO,ANM,WE,Combined TRACON& Tower with Radar,49,51,111,0,211,0,0,1,0,1,49,51,112,0,212,0,0,0,212
01/03/2023,ASE,CO,ANM,WE,Combined TRACON& Tower with Radar,39,10,19,2,70,0,0,0,0,0,39,10,19,2,70,0,0,0,70
01/04/2023,ASE,CO,ANM,WE,Combined TRACON& Tower with Radar,61,45,48,0,154,0,1,0,0,1,61,46,48,0,155,2,0,2,157
01/05/2023,ASE,CO,ANM,WE,Combined TRACON& Tower with Radar,59,58,63,0,180,0,0,3,0,3,59,58,66,0,183,12,0,12,195
01/06/2023,ASE,CO,ANM,WE,Combined TRACON& Tower with Radar,51,10,11,0,72,0,0,0,0,0,51,10,11,0,72,0,0,0,72
01/07/2023,ASE,CO,ANM,WE,Combined TRACON& Tower with Radar,49,64,72,2,187,0,0,5,0,5,49,64,77,2,192,6,0,6,198
01/08/2023,ASE,CO,ANM,WE,Combined TRACON& Tower with Radar,61,71,77,0,209,0,0,1,0,1,61,71,78,0,210,8,0,8,218
01/09/2023,ASE,CO,ANM,WE,Combined TRACON& Tower with Radar,59,47,57,0,163,0,0,7,0,7,59,47,64,0,170,3,0,3,173
01/10/2023,ASE,CO,ANM,WE,Combined TRACON& Tower with Radar,53,22,13,0,88,0,0,1,0,1,53,22,14,0,89,14,0,14,103
01/11/2023,ASE,CO,ANM,WE,Combined TRACON& Tower with Radar,45,3,4,0,52,0,0,0,0,0,45,3,4,0,52,0,0,0,52
01/12/2023,ASE,CO,ANM,WE,Combined TRACON& Tower with Radar,54,69,48,0,171,0,0,8,2,10,54,69,56,2,181,31,0,31,212
01/13/2023,ASE,CO,ANM,WE,Combined TRACON& Tower with Radar,53,69,69,0,191,0,0,6,2,8,53,69,75,2,199,19,0,19,218
01/14/2023,ASE,CO,ANM,WE,Combined TRACON& Tower with Radar,53,60,50,0,163,0,0,2,0,2,53,60,52,0,165,7,0,7,172
01/15/2023,ASE,CO,ANM,WE,Combined TRACON& Tower with Radar,51,21,37,0,109,0,0,0,0,0,51,21,37,0,109,0,0,0,109
01/16/2023,ASE,CO,ANM,WE,Combined TRACON& Tower with Radar,51,94,59,0,204,0,0,2,0,2,51,94,61,0,206,0,0,0,206
01/17/2023,ASE,CO,ANM,WE,Combined TRACON& Tower with Radar,41,17,26,0,84,0,0,0,0,0,41,17,26,0,84,0,0,0,84
01/18/2023,ASE,CO,ANM,WE,Combined TRACON& Tower with Radar,17,1,5,0,23,0,0,0,0,0,17,1,5,0,23,0,0,0,23
01/19/2023,ASE,CO,ANM,WE,Combined TRACON& Tower with Radar,47,35,45,0,127,0,0,4,0,4,47,35,49,0,131,24,0,24,155
01/20/2023,ASE,CO,ANM,WE,Combined TRACON& Tower with Radar,53,48,34,0,135,0,0,2,0,2,53,48,36,0,137,2,0,2,139
01/21/2023,ASE,CO,ANM,WE,Combined TRACON& Tower with Radar,53,28,34,0,115,0,0,2,0,2,53,28,36,0,117,0,0,0,117
01/22/2023,ASE,CO,ANM,WE,Combined TRACON& Tower with Radar,54,56,51,0,161,0,0,7,0,7,54,56,58,0,168,7,0,7,175
01/23/2023,ASE,CO,ANM,WE,Combined TRACON& Tower with Radar,54,27,35,0,116,0,0,4,0,4,54,27,39,0,120,5,0,5,125
01/24/2023,ASE,CO,ANM,WE,Combined TRACON& Tower with Radar,49,33,32,0,114,0,0,0,0,0,49,33,32,0,114,0,0,0,114
01/25/2023,ASE,CO,ANM,WE,Combined TRACON& Tower with Radar,49,14,31,0,94,0,0,0,0,0,49,14,31,0,94,0,0,0,94
01/26/2023,ASE,CO,ANM,WE,Combined TRACON& Tower with Radar,51,70,57,0,178,0,0,4,0,4,51,70,61,0,182,37,0,37,219
01/27/2023,ASE,CO,ANM,WE,Combined TRACON& Tower with Radar,36,25,41,0,102,0,0,0,0,0,36,25,41,0,102,0,0,0,102
01/28/2023,ASE,CO,ANM,WE,Combined TRACON& Tower with Radar,33,7,23,0,63,0,0,0,0,0,33,7,23,0,63,0,0,0,63
01/29/2023,ASE,CO,ANM,WE,Combined TRACON& Tower with Radar,52,68,71,0,191,0,0,1,0,1,52,68,72,0,192,1,1,2,194
01/30/2023,ASE,CO,ANM,WE,Combined TRACON& Tower with Radar,6,10,22,0,38,0,0,0,0,0,6,10,22,0,38,0,0,0,38
01/31/2023,ASE,CO,ANM,WE,Combined TRACON& Tower with Radar,52,50,43,0,145,0,0,13,0,13,52,50,56,0,158,15,0,15,173
02/01/2023,ASE,CO,ANM,WE,Combined TRACON& Tower with Radar,49,56,34,0,139,0,0,8,0,8,49,56,42,0,147,12,1,13,160
02/02/2023,ASE,CO,ANM,WE,Combined TRACON& Tower with Radar,56,59,43,0,158,0,0,8,0,8,56,59,51,0,166,17,0,17,183
02/03/2023,ASE,CO,ANM,WE,Combined TRACON& Tower with Radar,58,45,38,0,141,0,0,4,0,4,58,45,42,0,145,16,0,16,161
02/04/2023,ASE,CO,ANM,WE,Combined TRACON& Tower with Radar,57,44,36,0,137,0,0,12,0,12,57,44,48,0,149,11,0,11,160
02/05/2023,ASE,CO,ANM,WE,Combined TRACON& Tower with Radar,61,58,49,0,168,0,0,6,0,6,61,58,55,0,174,13,0,13,187
02/06/2023,ASE,CO,ANM,WE,Combined TRACON& Tower with Radar,55,16,39,0,110,0,0,1,0,1,55,16,40,0,111,0,0,0,111
02/07/2023,ASE,CO,ANM,WE,Combined TRACON& Tower with Radar,57,37,28,0,122,0,0,6,0,6,57,37,34,0,128,12,0,12,140
02/08/2023,ASE,CO,ANM,WE,Combined TRACON& Tower with Radar,58,47,38,0,143,0,0,4,0,4,58,47,42,0,147,14,1,15,162
02/09/2023,ASE,CO,ANM,WE,Combined TRACON& Tower with Radar,59,46,37,2,144,0,0,2,0,2,59,46,39,2,146,4,0,4,150
02/10/2023,ASE,CO,ANM,WE,Combined TRACON& Tower with Radar,57,66,51,2,176,0,0,8,0,8,57,66,59,2,184,23,0,23,207
02/11/2023,ASE,CO,ANM,WE,Combined TRACON& Tower with Radar,58,51,39,2,150,0,0,1,0,1,58,51,40,2,151,4,0,4,155
02/12/2023,ASE,CO,ANM,WE,Combined TRACON& Tower with Radar,60,65,85,0,210,0,0,5,0,5,60,65,90,0,215,13,0,13,228
02/13/2023,ASE,CO,ANM,WE,Combined TRACON& Tower with Radar,59,75,56,0,190,0,0,5,0,5,59,75,61,0,195,5,0,5,200
02/14/2023,ASE,CO,ANM,WE,Combined TRACON& Tower with Radar,19,2,6,0,27,0,0,0,0,0,19,2,6,0,27,0,0,0,27
02/15/2023,ASE,CO,ANM,WE,Combined TRACON& Tower with Radar,15,18,15,0,48,0,0,0,0,0,15,18,15,0,48,2,0,2,50
02/16/2023,ASE,CO,ANM,WE,Combined TRACON& Tower with Radar,49,96,97,0,242,0,1,10,0,11,49,97,107,0,253,5,2,7,260
02/17/2023,ASE,CO,ANM,WE,Combined TRACON& Tower with Radar,60,99,83,0,242,0,4,4,0,8,60,103,87,0,250,8,0,8,258
02/18/2023,ASE,CO,ANM,WE,Combined TRACON& Tower with Radar,60,104,82,0,246,0,0,1,0,1,60,104,83,0,247,8,0,8,255
02/19/2023,ASE,CO,ANM,WE,Combined TRACON& Tower with Radar,61,27,34,0,122,0,0,4,0,4,61,27,38,0,126,2,0,2,128
02/20/2023,ASE,CO,ANM,WE,Combined TRACON& Tower with Radar,50,55,87,0,192,0,0,2,0,2,50,55,89,0,194,0,0,0,194
02/21/2023,ASE,CO,ANM,WE,Combined TRACON& Tower with Radar,59,91,71,0,221,0,0,3,0,3,59,91,74,0,224,4,1,5,229
02/22/2023,ASE,CO,ANM,WE,Combined TRACON& Tower with Radar,6,1,4,0,11,0,0,0,0,0,6,1,4,0,11,0,0,0,11
02/23/2023,ASE,CO,ANM,WE,Combined TRACON& Tower with Radar,48,65,59,0,172,0,0,0,0,0,48,65,59,0,172,0,0,0,172
02/24/2023,ASE,CO,ANM,WE,Combined TRACON& Tower with Radar,50,35,66,0,151,0,0,3,0,3,50,35,69,0,154,0,0,0,154
02/25/2023,ASE,CO,ANM,WE,Combined TRACON& Tower with Radar,54,119,90,0,263,0,1,7,0,8,54,120,97,0,271,8,0,8,279
02/26/2023,ASE,CO,ANM,WE,Combined TRACON& Tower with Radar,57,57,62,0,176,0,0,0,0,0,57,57,62,0,176,0,0,0,176
02/27/2023,ASE,CO,ANM,WE,Combined TRACON& Tower with Radar,57,53,47,0,157,0,0,2,0,2,57,53,49,0,159,10,0,10,169
02/28/2023,ASE,CO,ANM,WE,Combined TRACON& Tower with Radar,48,5,22,0,75,0,0,0,0,0,48,5,22,0,75,0,0,0,75
03/01/2023,ASE,CO,ANM,WE,Combined TRACON& Tower with Radar,60,21,43,0,124,0,0,0,0,0,60,21,43,0,124,0,0,0,124
03/02/2023,ASE,CO,ANM,WE,Combined TRACON& Tower with Radar,59,65,64,0,188,0,0,3,0,3,59,65,67,0,191,17,0,17,208
03/03/2023,ASE,CO,ANM,WE,Combined TRACON& Tower with Radar,34,28,19,0,81,0,0,4,0,4,34,28,23,0,85,4,0,4,89
03/04/2023,ASE,CO,ANM,WE,Combined TRACON& Tower with Radar,62,78,61,0,201,0,0,4,0,4,62,78,65,0,205,8,0,8,213
03/05/2023,ASE,CO,ANM,WE,Combined TRACON& Tower with Radar,60,40,67,0,167,0,0,0,0,0,60,40,67,0,167,4,0,4,171
03/06/2023,ASE,CO,ANM,WE,Combined TRACON& Tower with Radar,63,33,47,0,143,0,0,4,0,4,63,33,51,0,147,2,0,2,149
03/07/2023,ASE,CO,ANM,WE,Combined TRACON& Tower with Radar,61,31,44,0,136,0,0,1,0,1,61,31,45,0,137,3,0,3,140
03/08/2023,ASE,CO,ANM,WE,Combined TRACON& Tower with Radar,66,45,57,0,168,0,0,4,0,4,66,45,61,0,172,12,0,12,184
03/09/2023,ASE,CO,ANM,WE,Combined TRACON& Tower with Radar,61,54,59,0,174,0,0,7,1,8,61,54,66,1,182,20,1,21,203
03/10/2023,ASE,CO,ANM,WE,Combined TRACON& Tower with Radar,36,33,31,0,100,0,0,0,0,0,36,33,31,0,100,0,0,0,100
03/11/2023,ASE,CO,ANM,WE,Combined TRACON& Tower with Radar,63,53,51,0,167,0,0,1,0,1,63,53,52,0,168,2,0,2,170
03/12/2023,ASE,CO,ANM,WE,Combined TRACON& Tower with Radar,50,26,44,0,120,0,0,0,0,0,50,26,44,0,120,0,0,0,120
03/13/2023,ASE,CO,ANM,WE,Combined TRACON& Tower with Radar,59,63,50,0,172,0,0,1,0,1,59,63,51,0,173,11,0,11,184
03/14/2023,ASE,CO,ANM,WE,Combined TRACON& Tower with Radar,59,50,57,0,166,0,0,4,2,6,59,50,61,2,172,19,0,19,191
03/15/2023,ASE,CO,ANM,WE,Combined TRACON& Tower with Radar,63,18,19,0,100,0,0,0,0,0,63,18,19,0,100,0,0,0,100
03/16/2023,ASE,CO,ANM,WE,Combined TRACON& Tower with Radar,59,17,22,0,98,0,0,0,0,0,59,17,22,0,98,0,0,0,98
03/17/2023,ASE,CO,ANM,WE,Combined TRACON& Tower with Radar,60,93,84,0,237,0,0,4,0,4,60,93,88,0,241,33,0,33,274
03/18/2023,ASE,CO,ANM,WE,Combined TRACON& Tower with Radar,63,107,83,0,253,0,0,12,0,12,63,107,95,0,265,25,0,25,290
03/19/2023,ASE,CO,ANM,WE,Combined TRACON& Tower with Radar,64,101,90,0,255,0,2,2,0,4,64,103,92,0,259,32,0,32,291
03/20/2023,ASE,CO,ANM,WE,Combined TRACON& Tower with Radar,62,48,33,0,143,0,0,0,0,0,62,48,33,0,143,0,0,0,143
03/21/2023,ASE,CO,ANM,WE,Combined TRACON& Tower with Radar,62,39,15,0,116,0,0,1,0,1,62,39,16,0,117,1,0,1,118
03/22/2023,ASE,CO,ANM,WE,Combined TRACON& Tower with Radar,18,1,4,0,23,0,0,0,0,0,18,1,4,0,23,0,0,0,23
03/23/2023,ASE,CO,ANM,WE,Combined TRACON& Tower with Radar,55,55,61,0,171,0,0,2,0,2,55,55,63,0,173,3,0,3,176
03/24/2023,ASE,CO,ANM,WE,Combined TRACON& Tower with Radar,60,87,44,0,191,0,0,2,0,2,60,87,46,0,193,2,0,2,195
03/25/2023,ASE,CO,ANM,WE,Combined TRACON& Tower with Radar,56,40,48,0,144,0,0,0,0,0,56,40,48,0,144,0,0,0,144
03/26/2023,ASE,CO,ANM,WE,Combined TRACON& Tower with Radar,44,67,74,0,185,0,0,3,0,3,44,67,77,0,188,7,0,7,195
03/27/2023,ASE,CO,ANM,WE,Combined TRACON& Tower with Radar,42,17,23,1,83,0,0,1,0,1,42,17,24,1,84,2,0,2,86
03/28/2023,ASE,CO,ANM,WE,Combined TRACON& Tower with Radar,43,41,34,0,118,0,0,3,0,3,43,41,37,0,121,26,0,26,147
03/29/2023,ASE,CO,ANM,WE,Combined TRACON& Tower with Radar,43,28,24,0,95,0,0,1,2,3,43,28,25,2,98,2,0,2,100
03/30/2023,ASE,CO,ANM,WE,Combined TRACON& Tower with Radar,19,10,15,0,44,0,0,0,0,0,19,10,15,0,44,0,0,0,44
03/31/2023,ASE,CO,ANM,WE,Combined TRACON& Tower with Radar,49,10,10,0,69,0,0,0,0,0,49,10,10,0,69,0,0,0,69
04/01/2023,ASE,CO,ANM,WE,Combined TRACON& Tower with Radar,56,88,37,0,181,0,0,5,0,5,56,88,42,0,186,14,0,14,200
04/02/2023,ASE,CO,ANM,WE,Combined TRACON& Tower with Radar,24,50,19,0,93,0,0,5,0,5,24,50,24,0,98,13,0,13,111
04/03/2023,ASE,CO,ANM,WE,Combined TRACON& Tower with Radar,25,11,17,0,53,0,0,3,0,3,25,11,20,0,56,0,0,0,56
04/04/2023,ASE,CO,ANM,WE,Combined TRACON& Tower with Radar,14,5,10,0,29,0,0,0,0,0,14,5,10,0,29,0,0,0,29
04/05/2023,ASE,CO,ANM,WE,Combined TRACON& Tower with Radar,18,16,20,0,54,0,0,0,0,0,18,16,20,0,54,0,0,0,54
04/06/2023,ASE,CO,ANM,WE,Combined TRACON& Tower with Radar,15,61,42,0,118,0,0,11,0,11,15,61,53,0,129,22,0,22,151
04/07/2023,ASE,CO,ANM,WE,Combined TRACON& Tower with Radar,15,40,34,2,91,0,0,4,0,4,15,40,38,2,95,23,0,23,118
04/08/2023,ASE,CO,ANM,WE,Combined TRACON& Tower with Radar,15,37,41,0,93,0,0,0,0,0,15,37,41,0,93,45,0,45,138
04/09/2023,ASE,CO,ANM,WE,Combined TRACON& Tower with Radar,15,45,26,0,86,0,0,4,0,4,15,45,30,0,90,45,0,45,135
04/10/2023,ASE,CO,ANM,WE,Combined TRACON& Tower with Radar,15,30,46,0,91,0,0,8,0,8,15,30,54,0,99,49,0,49,148
04/11/2023,ASE,CO,ANM,WE,Combined TRACON& Tower with Radar,15,33,23,0,71,0,0,12,0,12,15,33,35,0,83,36,0,36,119
04/12/2023,ASE,CO,ANM,WE,Combined TRACON& Tower with Radar,15,20,16,0,51,0,0,6,0,6,15,20,22,0,57,3,0,3,60
04/13/2023,ASE,CO,ANM,WE,Combined TRACON& Tower with Radar,14,13,22,0,49,0,0,3,1,4,14,13,25,1,53,3,4,7,60
04/14/2023,ASE,CO,ANM,WE,Combined TRACON& Tower with Radar,7,10,10,0,27,0,0,0,0,0,7,10,10,0,27,0,0,0,27
04/15/2023,ASE,CO,ANM,WE,Combined TRACON& Tower with Radar,15,30,14,0,59,0,0,1,0,1,15,30,15,0,60,10,2,12,72
04/16/2023,ASE,CO,ANM,WE,Combined TRACON& Tower with Radar,15,41,42,0,98,0,0,3,0,3,15,41,45,0,101,39,0,39,140
04/17/2023,ASE,CO,ANM,WE,Combined TRACON& Tower with Radar,17,24,25,0,66,0,0,1,0,1,17,24,26,0,67,10,0,10,77
04/18/2023,ASE,CO,ANM,WE,Combined TRACON& Tower with Radar,15,11,15,0,41,0,0,2,0,2,15,11,17,0,43,3,0,3,46
04/19/2023,ASE,CO,ANM,WE,Combined TRACON& Tower with Radar,6,8,6,0,20,0,0,0,0,0,6,8,6,0,20,0,0,0,20
04/20/2023,ASE,CO,ANM,WE,Combined TRACON& Tower with Radar,13,19,9,0,41,0,0,1,1,2,13,19,10,1,43,3,1,4,47
04/21/2023,ASE,CO,ANM,WE,Combined TRACON& Tower with Radar,12,21,15,0,48,0,0,5,0,5,12,21,20,0,53,11,0,11,64
04/22/2023,ASE,CO,ANM,WE,Combined TRACON& Tower with Radar,13,9,11,0,33,0,0,0,0,0,13,9,11,0,33,0,0,0,33
04/23/2023,ASE,CO,ANM,WE,Combined TRACON& Tower with Radar,15,19,7,0,41,0,0,2,0,2,15,19,9,0,43,27,0,27,70
04/24/2023,ASE,CO,ANM,WE,Combined TRACON& Tower with Radar,15,9,22,0,46,0,0,3,0,3,15,9,25,0,49,26,0,26,75
04/25/2023,ASE,CO,ANM,WE,Combined TRACON& Tower with Radar,10,2,5,0,17,0,0,0,0,0,10,2,5,0,17,0,0,0,17
04/26/2023,ASE,CO,ANM,WE,Combined TRACON& Tower with Radar,15,15,8,0,38,0,0,1,0,1,15,15,9,0,39,3,0,3,42
04/27/2023,ASE,CO,ANM,WE,Combined TRACON& Tower with Radar,15,10,9,0,34,0,0,2,0,2,15,10,11,0,36,4,0,4,40
04/28/2023,ASE,CO,ANM,WE,Combined TRACON& Tower with Radar,15,5,8,0,28,0,0,2,0,2,15,5,10,0,30,9,0,9,39
04/29/2023,ASE,CO,ANM,WE,Combined TRACON& Tower with Radar,15,10,7,0,32,0,0,5,0,5,15,10,12,0,37,35,0,35,72
04/30/2023,ASE,CO,ANM,WE,Combined TRACON& Tower with Radar,15,11,15,0,41,0,0,7,0,7,15,11,22,0,48,17,0,17,65
05/01/2023,ASE,CO,ANM,WE,Combined TRACON& Tower with Radar,15,10,10,0,35,0,0,6,0,6,15,10,16,0,41,27,0,27,68
05/02/2023,ASE,CO,ANM,WE,Combined TRACON& Tower with Radar,15,9,18,0,42,0,0,1,0,1,15,9,19,0,43,16,0,16,59
05/03/2023,ASE,CO,ANM,WE,Combined TRACON& Tower with Radar,15,14,12,0,41,0,0,6,0,6,15,14,18,0,47,17,0,17,64
05/04/2023,ASE,CO,ANM,WE,Combined TRACON& Tower with Radar,17,11,13,0,41,0,0,2,0,2,17,11,15,0,43,8,0,8,51
05/05/2023,ASE,CO,ANM,WE,Combined TRACON& Tower with Radar,11,8,7,0,26,0,0,4,3,7,11,8,11,3,33,14,6,20,53
05/06/2023,ASE,CO,ANM,WE,Combined TRACON& Tower with Radar,14,14,12,0,40,0,0,3,0,3,14,14,15,0,43,8,2,10,53
05/07/2023,ASE,CO,ANM,WE,Combined TRACON& Tower with Radar,14,6,6,0,26,0,0,2,0,2,14,6,8,0,28,48,0,48,76
05/08/2023,ASE,CO,ANM,WE,Combined TRACON& Tower with Radar,14,21,17,0,52,0,0,9,0,9,14,21,26,0,61,37,0,37,98
05/09/2023,ASE,CO,ANM,WE,Combined TRACON& Tower with Radar,13,16,9,0,38,0,0,5,0,5,13,16,14,0,43,16,0,16,59
05/10/2023,ASE,CO,ANM,WE,Combined TRACON& Tower with Radar,0,0,1,0,1,0,0,3,0,3,0,0,4,0,4,0,0,0,4
05/11/2023,ASE,CO,ANM,WE,Combined TRACON& Tower with Radar,0,0,0,0,0,0,0,0,0,0,0,0,0,0,0,0,0,0,0
05/12/2023,ASE,CO,ANM,WE,Combined TRACON& Tower with Radar,0,0,0,0,0,0,0,0,0,0,0,0,0,0,0,0,0,0,0
05/13/2023,ASE,CO,ANM,WE,Combined TRACON& Tower with Radar,0,0,0,0,0,0,0,0,0,0,0,0,0,0,0,0,0,0,0
05/14/2023,ASE,CO,ANM,WE,Combined TRACON& Tower with Radar,0,0,0,0,0,0,0,0,0,0,0,0,0,0,0,0,0,0,0
05/15/2023,ASE,CO,ANM,WE,Combined TRACON& Tower with Radar,0,0,0,0,0,0,0,0,0,0,0,0,0,0,0,0,0,0,0
05/16/2023,ASE,CO,ANM,WE,Combined TRACON& Tower with Radar,0,0,0,0,0,0,0,0,0,0,0,0,0,0,0,0,0,0,0
05/17/2023,ASE,CO,ANM,WE,Combined TRACON& Tower with Radar,0,0,0,2,2,0,0,0,0,0,0,0,0,2,2,0,0,0,2
05/18/2023,ASE,CO,ANM,WE,Combined TRACON& Tower with Radar,0,0,0,0,0,0,0,0,0,0,0,0,0,0,0,0,0,0,0
05/19/2023,ASE,CO,ANM,WE,Combined TRACON& Tower with Radar,0,0,0,0,0,0,0,0,0,0,0,0,0,0,0,0,0,0,0
05/20/2023,ASE,CO,ANM,WE,Combined TRACON& Tower with Radar,0,0,0,0,0,0,0,0,0,0,0,0,0,0,0,0,0,0,0
05/21/2023,ASE,CO,ANM,WE,Combined TRACON& Tower with Radar,0,0,0,0,0,0,0,0,0,0,0,0,0,0,0,0,0,0,0
05/22/2023,ASE,CO,ANM,WE,Combined TRACON& Tower with Radar,0,0,0,0,0,0,0,0,0,0,0,0,0,0,0,0,0,0,0
05/23/2023,ASE,CO,ANM,WE,Combined TRACON& Tower with Radar,0,0,0,0,0,0,0,2,0,2,0,0,2,0,2,0,0,0,2
05/24/2023,ASE,CO,ANM,WE,Combined TRACON& Tower with Radar,0,0,1,0,1,0,0,1,0,1,0,0,2,0,2,0,0,0,2
05/25/2023,ASE,CO,ANM,WE,Combined TRACON& Tower with Radar,10,36,27,0,73,0,0,7,0,7,10,36,34,0,80,5,0,5,85
05/26/2023,ASE,CO,ANM,WE,Combined TRACON& Tower with Radar,12,50,36,0,98,0,0,8,0,8,12,50,44,0,106,8,0,8,114
05/27/2023,ASE,CO,ANM,WE,Combined TRACON& Tower with Radar,10,20,10,0,40,0,0,5,0,5,10,20,15,0,45,4,0,4,49
05/28/2023,ASE,CO,ANM,WE,Combined TRACON& Tower with Radar,14,24,23,0,61,0,0,4,0,4,14,24,27,0,65,4,0,4,69
05/29/2023,ASE,CO,ANM,WE,Combined TRACON& Tower with Radar,14,35,30,0,79,0,0,5,0,5,14,35,35,0,84,8,0,8,92
05/30/2023,ASE,CO,ANM,WE,Combined TRACON& Tower with Radar,15,23,27,0,65,0,0,2,0,2,15,23,29,0,67,10,4,14,81
05/31/2023,ASE,CO,ANM,WE,Combined TRACON& Tower with Radar,10,17,19,0,46,0,0,6,2,8,10,17,25,2,54,15,0,15,69
06/01/2023,ASE,CO,ANM,WE,Combined TRACON& Tower with Radar,23,31,34,0,88,0,0,6,0,6,23,31,40,0,94,10,0,10,104
06/02/2023,ASE,CO,ANM,WE,Combined TRACON& Tower with Radar,2,13,11,0,26,0,0,0,0,0,2,13,11,0,26,17,0,17,43
06/03/2023,ASE,CO,ANM,WE,Combined TRACON& Tower with Radar,34,31,22,0,87,0,0,3,0,3,34,31,25,0,90,1,0,1,91
06/04/2023,ASE,CO,ANM,WE,Combined TRACON& Tower with Radar,35,45,36,0,116,0,0,3,0,3,35,45,39,0,119,6,0,6,125
06/05/2023,ASE,CO,ANM,WE,Combined TRACON& Tower with Radar,33,31,21,0,85,0,0,3,0,3,33,31,24,0,88,11,2,13,101
06/06/2023,ASE,CO,ANM,WE,Combined TRACON& Tower with Radar,29,28,23,0,80,0,0,5,0,5,29,28,28,0,85,7,0,7,92
06/07/2023,ASE,CO,ANM,WE,Combined TRACON& Tower with Radar,35,25,21,0,81,0,0,4,0,4,35,25,25,0,85,7,0,7,92
06/08/2023,ASE,CO,ANM,WE,Combined TRACON& Tower with Radar,32,59,23,0,114,0,0,2,0,2,32,59,25,0,116,20,0,20,136
06/09/2023,ASE,CO,ANM,WE,Combined TRACON& Tower with Radar,34,42,37,0,113,0,0,7,0,7,34,42,44,0,120,13,0,13,133
06/10/2023,ASE,CO,ANM,WE,Combined TRACON& Tower with Radar,37,31,25,0,93,0,1,6,0,7,37,32,31,0,100,11,0,11,111
06/11/2023,ASE,CO,ANM,WE,Combined TRACON& Tower with Radar,32,45,42,0,119,0,0,10,0,10,32,45,52,0,129,18,0,18,147
06/12/2023,ASE,CO,ANM,WE,Combined TRACON& Tower with Radar,29,33,27,0,89,0,0,1,0,1,29,33,28,0,90,5,0,5,95
06/13/2023,ASE,CO,ANM,WE,Combined TRACON& Tower with Radar,33,28,34,0,95,0,0,2,0,2,33,28,36,0,97,8,3,11,108
06/14/2023,ASE,CO,ANM,WE,Combined TRACON& Tower with Radar,33,46,26,2,107,0,0,6,0,6,33,46,32,2,113,17,2,19,132
06/15/2023,ASE,CO,ANM,WE,Combined TRACON& Tower with Radar,31,53,42,0,126,0,1,3,0,4,31,54,45,0,130,8,0,8,138
06/16/2023,ASE,CO,ANM,WE,Combined TRACON& Tower with Radar,32,44,41,0,117,0,0,3,0,3,32,44,44,0,120,20,0,20,140
06/17/2023,ASE,CO,ANM,WE,Combined TRACON& Tower with Radar,36,54,31,0,121,0,0,1,0,1,36,54,32,0,122,15,0,15,137
06/18/2023,ASE,CO,ANM,WE,Combined TRACON& Tower with Radar,32,69,58,0,159,0,0,3,0,3,32,69,61,0,162,19,0,19,181
06/19/2023,ASE,CO,ANM,WE,Combined TRACON& Tower with Radar,33,47,45,0,125,0,0,8,0,8,33,47,53,0,133,11,0,11,144
06/20/2023,ASE,CO,ANM,WE,Combined TRACON& Tower with Radar,36,51,38,2,127,0,0,4,2,6,36,51,42,4,133,4,0,4,137
06/21/2023,ASE,CO,ANM,WE,Combined TRACON& Tower with Radar,32,49,52,0,133,0,0,5,0,5,32,49,57,0,138,38,0,38,176
06/22/2023,ASE,CO,ANM,WE,Combined TRACON& Tower with Radar,33,46,52,0,131,0,0,3,0,3,33,46,55,0,134,0,0,0,134
06/23/2023,ASE,CO,ANM,WE,Combined TRACON& Tower with Radar,33,56,49,1,139,0,0,8,2,10,33,56,57,3,149,17,0,17,166
06/24/2023,ASE,CO,ANM,WE,Combined TRACON& Tower with Radar,39,61,38,0,138,0,0,14,1,15,39,61,52,1,153,25,0,25,178
06/25/2023,ASE,CO,ANM,WE,Combined TRACON& Tower with Radar,34,81,56,0,171,0,0,11,0,11,34,81,67,0,182,44,0,44,226
06/26/2023,ASE,CO,ANM,WE,Combined TRACON& Tower with Radar,39,39,58,1,137,0,0,5,0,5,39,39,63,1,142,15,1,16,158
06/27/2023,ASE,CO,ANM,WE,Combined TRACON& Tower with Radar,39,23,50,1,113,0,0,2,0,2,39,23,52,1,115,6,2,8,123
06/28/2023,ASE,CO,ANM,WE,Combined TRACON& Tower with Radar,34,61,42,0,137,0,0,10,0,10,34,61,52,0,147,18,0,18,165
06/29/2023,ASE,CO,ANM,WE,Combined TRACON& Tower with Radar,29,77,59,0,165,0,0,3,1,4,29,77,62,1,169,14,0,14,183
06/30/2023,ASE,CO,ANM,WE,Combined TRACON& Tower with Radar,34,63,106,0,203,0,0,5,0,5,34,63,111,0,208,8,0,8,216
07/01/2023,ASE,CO,ANM,WE,Combined TRACON& Tower with Radar,33,110,78,0,221,0,0,3,0,3,33,110,81,0,224,14,0,14,238
07/02/2023,ASE,CO,ANM,WE,Combined TRACON& Tower with Radar,32,68,71,0,171,0,0,3,0,3,32,68,74,0,174,18,0,18,192
07/03/2023,ASE,CO,ANM,WE,Combined TRACON& Tower with Radar,33,29,52,0,114,0,0,5,0,5,33,29,57,0,119,27,0,27,146
07/04/2023,ASE,CO,ANM,WE,Combined TRACON& Tower with Radar,30,38,21,0,89,0,0,4,0,4,30,38,25,0,93,15,0,15,108
07/05/2023,ASE,CO,ANM,WE,Combined TRACON& Tower with Radar,33,66,57,0,156,0,0,6,0,6,33,66,63,0,162,15,0,15,177
07/06/2023,ASE,CO,ANM,WE,Combined TRACON& Tower with Radar,30,59,78,2,169,0,0,8,0,8,30,59,86,2,177,28,1,29,206
07/07/2023,ASE,CO,ANM,WE,Combined TRACON& Tower with Radar,33,72,63,0,168,0,0,12,0,12,33,72,75,0,180,43,0,43,223
07/08/2023,ASE,CO,ANM,WE,Combined TRACON& Tower with Radar,39,68,71,0,178,0,0,2,0,2,39,68,73,0,180,23,0,23,203
07/09/2023,ASE,CO,ANM,WE,Combined TRACON& Tower with Radar,34,64,83,0,181,0,0,8,0,8,34,64,91,0,189,9,0,9,198
07/10/2023,ASE,CO,ANM,WE,Combined TRACON& Tower with Radar,37,54,54,0,145,0,0,6,0,6,37,54,60,0,151,15,0,15,166
07/11/2023,ASE,CO,ANM,WE,Combined TRACON& Tower with Radar,36,41,51,0,128,0,0,3,0,3,36,41,54,0,131,16,0,16,147
07/12/2023,ASE,CO,ANM,WE,Combined TRACON& Tower with Radar,36,40,53,0,129,0,0,4,0,4,36,40,57,0,133,25,1,26,159
07/13/2023,ASE,CO,ANM,WE,Combined TRACON& Tower with Radar,36,37,65,0,138,0,1,11,2,14,36,38,76,2,152,40,1,41,193
07/14/2023,ASE,CO,ANM,WE,Combined TRACON& Tower with Radar,37,57,40,0,134,0,0,8,5,13,37,57,48,5,147,32,4,36,183
07/15/2023,ASE,CO,ANM,WE,Combined TRACON& Tower with Radar,39,70,63,0,172,0,0,10,0,10,39,70,73,0,182,22,0,22,204
07/16/2023,ASE,CO,ANM,WE,Combined TRACON& Tower with Radar,32,70,65,0,167,0,0,11,0,11,32,70,76,0,178,33,0,33,211
07/17/2023,ASE,CO,ANM,WE,Combined TRACON& Tower with Radar,34,56,54,0,144,0,0,5,0,5,34,56,59,0,149,11,0,11,160
07/18/2023,ASE,CO,ANM,WE,Combined TRACON& Tower with Radar,36,51,40,1,128,0,0,5,0,5,36,51,45,1,133,33,0,33,166
07/19/2023,ASE,CO,ANM,WE,Combined TRACON& Tower with Radar,37,55,50,3,145,0,0,1,1,2,37,55,51,4,147,6,0,6,153
07/20/2023,ASE,CO,ANM,WE,Combined TRACON& Tower with Radar,37,45,53,5,140,0,0,5,0,5,37,45,58,5,145,14,0,14,159
07/21/2023,ASE,CO,ANM,WE,Combined TRACON& Tower with Radar,39,60,69,5,173,0,0,7,0,7,39,60,76,5,180,13,0,13,193
07/22/2023,ASE,CO,ANM,WE,Combined TRACON& Tower with Radar,40,57,39,1,137,0,0,4,0,4,40,57,43,1,141,10,0,10,151
07/23/2023,ASE,CO,ANM,WE,Combined TRACON& Tower with Radar,38,83,96,1,218,0,0,9,1,10,38,83,105,2,228,10,0,10,238
07/24/2023,ASE,CO,ANM,WE,Combined TRACON& Tower with Radar,24,47,55,0,126,0,0,3,0,3,24,47,58,0,129,3,0,3,132
07/25/2023,ASE,CO,ANM,WE,Combined TRACON& Tower with Radar,38,47,53,0,138,0,1,9,1,11,38,48,62,1,149,6,3,9,158
07/26/2023,ASE,CO,ANM,WE,Combined TRACON& Tower with Radar,39,84,72,0,195,0,0,12,1,13,39,84,84,1,208,21,3,24,232
07/27/2023,ASE,CO,ANM,WE,Combined TRACON& Tower with Radar,36,59,47,0,142,0,0,4,0,4,36,59,51,0,146,5,0,5,151
07/28/2023,ASE,CO,ANM,WE,Combined TRACON& Tower with Radar,40,56,57,0,153,0,0,7,0,7,40,56,64,0,160,10,2,12,172
07/29/2023,ASE,CO,ANM,WE,Combined TRACON& Tower with Radar,36,76,56,0,168,0,0,11,3,14,36,76,67,3,182,10,2,12,194
07/30/2023,ASE,CO,ANM,WE,Combined TRACON& Tower with Radar,36,89,89,0,214,0,0,5,0,5,36,89,94,0,219,4,0,4,223
07/31/2023,ASE,CO,ANM,WE,Combined TRACON& Tower with Radar,39,97,61,0,197,0,0,8,0,8,39,97,69,0,205,20,0,20,225
08/01/2023,ASE,CO,ANM,WE,Combined TRACON& Tower with Radar,34,77,62,0,173,0,0,4,0,4,34,77,66,0,177,12,1,13,190
08/02/2023,ASE,CO,ANM,WE,Combined TRACON& Tower with Radar,39,67,80,0,186,0,0,5,0,5,39,67,85,0,191,33,1,34,225
08/03/2023,ASE,CO,ANM,WE,Combined TRACON& Tower with Radar,38,39,73,0,150,0,0,2,1,3,38,39,75,1,153,31,0,31,184
08/04/2023,ASE,CO,ANM,WE,Combined TRACON& Tower with Radar,39,86,58,2,185,0,0,4,2,6,39,86,62,4,191,19,0,19,210
08/05/2023,ASE,CO,ANM,WE,Combined TRACON& Tower with Radar,39,81,63,1,184,0,0,4,1,5,39,81,67,2,189,27,0,27,216
08/06/2023,ASE,CO,ANM,WE,Combined TRACON& Tower with Radar,35,97,79,5,216,0,0,9,0,9,35,97,88,5,225,13,0,13,238
08/07/2023,ASE,CO,ANM,WE,Combined TRACON& Tower with Radar,37,69,80,0,186,0,0,7,0,7,37,69,87,0,193,19,0,19,212
08/08/2023,ASE,CO,ANM,WE,Combined TRACON& Tower with Radar,39,34,69,0,142,0,0,2,0,2,39,34,71,0,144,13,0,13,157
08/09/2023,ASE,CO,ANM,WE,Combined TRACON& Tower with Radar,37,66,59,0,162,0,0,7,0,7,37,66,66,0,169,22,1,23,192
08/10/2023,ASE,CO,ANM,WE,Combined TRACON& Tower with Radar,37,67,58,0,162,0,0,6,0,6,37,67,64,0,168,27,1,28,196
08/11/2023,ASE,CO,ANM,WE,Combined TRACON& Tower with Radar,38,72,56,0,166,0,0,12,2,14,38,72,68,2,180,21,0,21,201
08/12/2023,ASE,CO,ANM,WE,Combined TRACON& Tower with Radar,37,86,48,0,171,0,1,4,0,5,37,87,52,0,176,14,0,14,190
08/13/2023,ASE,CO,ANM,WE,Combined TRACON& Tower with Radar,40,82,79,0,201,0,0,13,0,13,40,82,92,0,214,23,0,23,237
08/14/2023,ASE,CO,ANM,WE,Combined TRACON& Tower with Radar,37,68,49,0,154,0,0,8,0,8,37,68,57,0,162,23,1,24,186
08/15/2023,ASE,CO,ANM,WE,Combined TRACON& Tower with Radar,37,49,49,0,135,0,0,8,0,8,37,49,57,0,143,20,0,20,163
08/16/2023,ASE,CO,ANM,WE,Combined TRACON& Tower with Radar,38,41,47,0,126,0,0,4,0,4,38,41,51,0,130,18,0,18,148
08/17/2023,ASE,CO,ANM,WE,Combined TRACON& Tower with Radar,37,68,64,0,169,0,0,6,0,6,37,68,70,0,175,14,0,14,189
08/18/2023,ASE,CO,ANM,WE,Combined TRACON& Tower with Radar,32,56,46,0,134,0,0,6,0,6,32,56,52,0,140,39,0,39,179
08/19/2023,ASE,CO,ANM,WE,Combined TRACON& Tower with Radar,38,87,39,0,164,0,0,7,0,7,38,87,46,0,171,6,0,6,177
08/20/2023,ASE,CO,ANM,WE,Combined TRACON& Tower with Radar,33,61,58,0,152,0,0,8,0,8,33,61,66,0,160,16,0,16,176
08/21/2023,ASE,CO,ANM,WE,Combined TRACON& Tower with Radar,33,46,41,0,120,0,0,7,0,7,33,46,48,0,127,4,0,4,131
08/22/2023,ASE,CO,ANM,WE,Combined TRACON& Tower with Radar,39,57,40,0,136,0,0,6,0,6,39,57,46,0,142,16,3,19,161
08/23/2023,ASE,CO,ANM,WE,Combined TRACON& Tower with Radar,38,37,42,0,117,0,0,4,0,4,38,37,46,0,121,37,0,37,158
08/24/2023,ASE,CO,ANM,WE,Combined TRACON& Tower with Radar,34,56,46,0,136,0,0,3,0,3,34,56,49,0,139,17,0,17,156
08/25/2023,ASE,CO,ANM,WE,Combined TRACON& Tower with Radar,34,45,49,0,128,0,0,4,0,4,34,45,53,0,132,1,0,1,133
08/26/2023,ASE,CO,ANM,WE,Combined TRACON& Tower with Radar,40,51,40,0,131,0,2,5,0,7,40,53,45,0,138,23,0,23,161
08/27/2023,ASE,CO,ANM,WE,Combined TRACON& Tower with Radar,33,52,58,0,143,0,0,6,0,6,33,52,64,0,149,11,0,11,160
08/28/2023,ASE,CO,ANM,WE,Combined TRACON& Tower with Radar,37,41,41,0,119,0,1,5,0,6,37,42,46,0,125,10,0,10,135
08/29/2023,ASE,CO,ANM,WE,Combined TRACON& Tower with Radar,36,38,47,0,121,0,0,2,0,2,36,38,49,0,123,33,0,33,156
08/30/2023,ASE,CO,ANM,WE,Combined TRACON& Tower with Radar,40,50,63,2,155,0,0,5,0,5,40,50,68,2,160,35,0,35,195
08/31/2023,ASE,CO,ANM,WE,Combined TRACON& Tower with Radar,36,88,86,2,212,0,1,9,0,10,36,89,95,2,222,16,0,16,238
