01/01/2001,ASG,AR,ASW,CE,Federal Contract Tower,0,1,2,0,3,0,0,3,0,3,0,1,5,0,6,0,0,0,6
01/02/2001,ASG,AR,ASW,CE,Federal Contract Tower,0,8,23,0,31,0,1,30,0,31,0,9,53,0,62,68,0,68,130
01/03/2001,ASG,AR,ASW,CE,Federal Contract Tower,0,9,26,0,35,0,6,18,0,24,0,15,44,0,59,0,0,0,59
01/04/2001,ASG,AR,ASW,CE,Federal Contract Tower,0,9,31,0,40,0,0,60,0,60,0,9,91,0,100,60,0,60,160
01/05/2001,ASG,AR,ASW,CE,Federal Contract Tower,0,9,29,0,38,0,12,75,0,87,0,21,104,0,125,58,0,58,183
01/06/2001,ASG,AR,ASW,CE,Federal Contract Tower,0,2,7,0,9,0,2,77,0,79,0,4,84,0,88,60,0,60,148
01/07/2001,ASG,AR,ASW,CE,Federal Contract Tower,0,3,24,0,27,0,0,31,0,31,0,3,55,0,58,34,0,34,92
01/08/2001,ASG,AR,ASW,CE,Federal Contract Tower,0,7,23,0,30,0,3,28,0,31,0,10,51,0,61,20,0,20,81
01/09/2001,ASG,AR,ASW,CE,Federal Contract Tower,0,10,48,0,58,0,0,18,0,18,0,10,66,0,76,36,0,36,112
01/10/2001,ASG,AR,ASW,CE,Federal Contract Tower,0,9,28,0,37,0,11,70,0,81,0,20,98,0,118,70,0,70,188
01/11/2001,ASG,AR,ASW,CE,Federal Contract Tower,0,0,0,0,0,0,10,27,0,37,0,10,27,0,37,0,0,0,37
01/12/2001,ASG,AR,ASW,CE,Federal Contract Tower,0,5,22,0,27,0,0,2,0,2,0,5,24,0,29,2,0,2,31
01/13/2001,ASG,AR,ASW,CE,Federal Contract Tower,0,2,5,0,7,0,3,11,0,14,0,5,16,0,21,10,0,10,31
01/14/2001,ASG,AR,ASW,CE,Federal Contract Tower,0,1,6,0,7,0,2,10,0,12,0,3,16,0,19,0,0,0,19
01/15/2001,ASG,AR,ASW,CE,Federal Contract Tower,0,5,21,0,26,0,0,59,0,59,0,5,80,0,85,34,0,34,119
01/16/2001,ASG,AR,ASW,CE,Federal Contract Tower,0,7,30,0,37,0,0,27,0,27,0,7,57,0,64,58,0,58,122
01/17/2001,ASG,AR,ASW,CE,Federal Contract Tower,0,6,20,0,26,0,7,0,0,7,0,13,20,0,33,4,0,4,37
01/18/2001,ASG,AR,ASW,CE,Federal Contract Tower,0,8,32,0,40,0,4,11,0,15,0,12,43,0,55,0,0,0,55
01/19/2001,ASG,AR,ASW,CE,Federal Contract Tower,0,8,29,0,37,0,2,3,0,5,0,10,32,0,42,0,0,0,42
01/20/2001,ASG,AR,ASW,CE,Federal Contract Tower,0,1,11,0,12,0,0,94,0,94,0,1,105,0,106,92,0,92,198
01/21/2001,ASG,AR,ASW,CE,Federal Contract Tower,0,2,8,0,10,0,0,57,0,57,0,2,65,0,67,50,0,50,117
01/22/2001,ASG,AR,ASW,CE,Federal Contract Tower,0,9,32,0,41,0,3,94,0,97,0,12,126,0,138,98,0,98,236
01/23/2001,ASG,AR,ASW,CE,Federal Contract Tower,0,9,32,0,41,0,4,107,0,111,0,13,139,0,152,144,0,144,296
01/24/2001,ASG,AR,ASW,CE,Federal Contract Tower,0,8,30,0,38,0,8,58,0,66,0,16,88,0,104,70,0,70,174
01/25/2001,ASG,AR,ASW,CE,Federal Contract Tower,0,7,29,0,36,0,8,44,0,52,0,15,73,0,88,54,0,54,142
01/26/2001,ASG,AR,ASW,CE,Federal Contract Tower,0,6,23,0,29,0,4,35,0,39,0,10,58,0,68,22,0,22,90
01/27/2001,ASG,AR,ASW,CE,Federal Contract Tower,0,1,7,0,8,0,3,76,0,79,0,4,83,0,87,14,0,14,101
01/28/2001,ASG,AR,ASW,CE,Federal Contract Tower,0,0,1,0,1,0,0,7,0,7,0,0,8,0,8,14,0,14,22
01/29/2001,ASG,AR,ASW,CE,Federal Contract Tower,0,7,26,0,33,0,0,9,0,9,0,7,35,0,42,0,0,0,42
01/30/2001,ASG,AR,ASW,CE,Federal Contract Tower,0,10,37,0,47,0,0,27,0,27,0,10,64,0,74,10,0,10,84
01/31/2001,ASG,AR,ASW,CE,Federal Contract Tower,0,8,31,0,39,0,3,29,0,32,0,11,60,0,71,2,0,2,73
02/01/2001,ASG,AR,ASW,CE,Federal Contract Tower,0,10,27,0,37,0,1,71,0,72,0,11,98,0,109,88,0,88,197
02/02/2001,ASG,AR,ASW,CE,Federal Contract Tower,0,12,35,0,47,0,2,66,2,70,0,14,101,2,117,78,0,78,195
02/03/2001,ASG,AR,ASW,CE,Federal Contract Tower,0,4,11,0,15,0,0,69,2,71,0,4,80,2,86,36,2,38,124
02/04/2001,ASG,AR,ASW,CE,Federal Contract Tower,0,2,11,0,13,0,0,68,0,68,0,2,79,0,81,92,0,92,173
02/05/2001,ASG,AR,ASW,CE,Federal Contract Tower,0,8,21,0,29,0,7,86,0,93,0,15,107,0,122,128,0,128,250
02/06/2001,ASG,AR,ASW,CE,Federal Contract Tower,0,7,21,0,28,0,6,109,0,115,0,13,130,0,143,148,0,148,291
02/07/2001,ASG,AR,ASW,CE,Federal Contract Tower,0,12,36,0,48,0,9,42,0,51,0,21,78,0,99,62,0,62,161
02/08/2001,ASG,AR,ASW,CE,Federal Contract Tower,0,13,38,0,51,0,4,20,0,24,0,17,58,0,75,20,0,20,95
02/09/2001,ASG,AR,ASW,CE,Federal Contract Tower,0,6,17,0,23,0,3,11,0,14,0,9,28,0,37,22,0,22,59
02/10/2001,ASG,AR,ASW,CE,Federal Contract Tower,0,5,14,0,19,0,4,91,0,95,0,9,105,0,114,120,0,120,234
02/11/2001,ASG,AR,ASW,CE,Federal Contract Tower,0,3,7,0,10,0,2,49,0,51,0,5,56,0,61,84,0,84,145
02/12/2001,ASG,AR,ASW,CE,Federal Contract Tower,0,9,27,0,36,0,3,6,0,9,0,12,33,0,45,46,0,46,91
02/13/2001,ASG,AR,ASW,CE,Federal Contract Tower,0,7,15,0,22,0,8,0,0,8,0,15,15,0,30,0,0,0,30
02/14/2001,ASG,AR,ASW,CE,Federal Contract Tower,0,8,22,0,30,0,3,0,0,3,0,11,22,0,33,0,0,0,33
02/15/2001,ASG,AR,ASW,CE,Federal Contract Tower,0,8,22,0,30,0,2,0,0,2,0,10,22,0,32,0,0,0,32
02/16/2001,ASG,AR,ASW,CE,Federal Contract Tower,0,7,19,0,26,0,7,0,0,7,0,14,19,0,33,0,0,0,33
02/17/2001,ASG,AR,ASW,CE,Federal Contract Tower,0,3,8,0,11,0,13,99,0,112,0,16,107,0,123,66,0,66,189
02/18/2001,ASG,AR,ASW,CE,Federal Contract Tower,0,3,7,0,10,0,1,95,0,96,0,4,102,0,106,102,0,102,208
02/19/2001,ASG,AR,ASW,CE,Federal Contract Tower,0,3,15,0,18,0,0,40,0,40,0,3,55,0,58,48,0,48,106
02/20/2001,ASG,AR,ASW,CE,Federal Contract Tower,0,12,39,0,51,0,2,50,0,52,0,14,89,0,103,120,0,120,223
02/21/2001,ASG,AR,ASW,CE,Federal Contract Tower,0,9,28,0,37,0,3,21,0,24,0,12,49,0,61,64,0,64,125
02/22/2001,ASG,AR,ASW,CE,Federal Contract Tower,0,9,38,0,47,0,0,16,0,16,0,9,54,0,63,80,0,80,143
02/23/2001,ASG,AR,ASW,CE,Federal Contract Tower,0,9,29,0,38,0,7,3,0,10,0,16,32,0,48,22,0,22,70
02/24/2001,ASG,AR,ASW,CE,Federal Contract Tower,0,0,2,0,2,0,3,0,0,3,0,3,2,0,5,0,0,0,5
02/25/2001,ASG,AR,ASW,CE,Federal Contract Tower,0,2,17,0,19,0,0,84,0,84,0,2,101,0,103,28,0,28,131
02/26/2001,ASG,AR,ASW,CE,Federal Contract Tower,0,10,31,0,41,0,2,77,0,79,0,12,108,0,120,90,0,90,210
02/27/2001,ASG,AR,ASW,CE,Federal Contract Tower,0,8,27,0,35,0,14,47,0,61,0,22,74,0,96,134,0,134,230
02/28/2001,ASG,AR,ASW,CE,Federal Contract Tower,0,10,32,0,42,0,4,13,0,17,0,14,45,0,59,24,0,24,83
03/01/2001,ASG,AR,ASW,CE,Federal Contract Tower,0,11,26,0,37,0,6,0,0,6,0,17,26,0,43,0,0,0,43
03/02/2001,ASG,AR,ASW,CE,Federal Contract Tower,0,12,34,0,46,0,2,31,0,33,0,14,65,0,79,52,0,52,131
03/03/2001,ASG,AR,ASW,CE,Federal Contract Tower,0,5,14,0,19,0,0,37,0,37,0,5,51,0,56,142,0,142,198
03/04/2001,ASG,AR,ASW,CE,Federal Contract Tower,0,2,12,0,14,0,0,65,0,65,0,2,77,0,79,30,0,30,109
03/05/2001,ASG,AR,ASW,CE,Federal Contract Tower,0,11,28,0,39,0,3,59,2,64,0,14,87,2,103,110,0,110,213
03/06/2001,ASG,AR,ASW,CE,Federal Contract Tower,0,11,28,0,39,0,2,63,0,65,0,13,91,0,104,128,0,128,232
03/07/2001,ASG,AR,ASW,CE,Federal Contract Tower,0,12,31,0,43,0,11,55,0,66,0,23,86,0,109,136,0,136,245
03/08/2001,ASG,AR,ASW,CE,Federal Contract Tower,0,11,29,0,40,0,2,56,0,58,0,13,85,0,98,82,0,82,180
03/09/2001,ASG,AR,ASW,CE,Federal Contract Tower,0,9,22,0,31,0,0,83,0,83,0,9,105,0,114,102,0,102,216
03/10/2001,ASG,AR,ASW,CE,Federal Contract Tower,0,3,7,0,10,0,4,89,0,93,0,7,96,0,103,98,0,98,201
03/11/2001,ASG,AR,ASW,CE,Federal Contract Tower,0,2,7,0,9,0,0,30,0,30,0,2,37,0,39,36,0,36,75
03/12/2001,ASG,AR,ASW,CE,Federal Contract Tower,0,10,29,0,39,0,0,19,0,19,0,10,48,0,58,16,0,16,74
03/13/2001,ASG,AR,ASW,CE,Federal Contract Tower,0,10,30,0,40,0,6,41,0,47,0,16,71,0,87,46,0,46,133
03/14/2001,ASG,AR,ASW,CE,Federal Contract Tower,0,13,37,0,50,0,2,28,0,30,0,15,65,0,80,28,0,28,108
03/15/2001,ASG,AR,ASW,CE,Federal Contract Tower,0,9,25,0,34,0,4,1,0,5,0,13,26,0,39,0,0,0,39
03/16/2001,ASG,AR,ASW,CE,Federal Contract Tower,0,7,22,0,29,0,4,17,0,21,0,11,39,0,50,0,0,0,50
03/17/2001,ASG,AR,ASW,CE,Federal Contract Tower,0,3,9,0,12,0,1,73,0,74,0,4,82,0,86,64,0,64,150
03/18/2001,ASG,AR,ASW,CE,Federal Contract Tower,0,2,9,0,11,0,0,63,0,63,0,2,72,0,74,86,0,86,160
03/19/2001,ASG,AR,ASW,CE,Federal Contract Tower,0,7,20,0,27,0,3,38,0,41,0,10,58,0,68,76,0,76,144
03/20/2001,ASG,AR,ASW,CE,Federal Contract Tower,0,9,29,0,38,0,8,61,0,69,0,17,90,0,107,66,0,66,173
03/21/2001,ASG,AR,ASW,CE,Federal Contract Tower,0,10,30,0,40,0,2,79,0,81,0,12,109,0,121,74,0,74,195
03/22/2001,ASG,AR,ASW,CE,Federal Contract Tower,0,9,29,0,38,0,8,74,0,82,0,17,103,0,120,84,0,84,204
03/23/2001,ASG,AR,ASW,CE,Federal Contract Tower,0,8,25,0,33,0,5,54,0,59,0,13,79,0,92,26,0,26,118
03/24/2001,ASG,AR,ASW,CE,Federal Contract Tower,0,0,3,0,3,0,1,17,0,18,0,1,20,0,21,0,0,0,21
03/25/2001,ASG,AR,ASW,CE,Federal Contract Tower,0,4,12,0,16,0,1,75,0,76,0,5,87,0,92,76,0,76,168
03/26/2001,ASG,AR,ASW,CE,Federal Contract Tower,0,10,32,0,42,0,5,52,2,59,0,15,84,2,101,68,0,68,169
03/27/2001,ASG,AR,ASW,CE,Federal Contract Tower,0,10,31,0,41,0,4,59,0,63,0,14,90,0,104,66,0,66,170
03/28/2001,ASG,AR,ASW,CE,Federal Contract Tower,0,10,30,0,40,0,10,16,0,26,0,20,46,0,66,28,0,28,94
03/29/2001,ASG,AR,ASW,CE,Federal Contract Tower,0,11,34,0,45,0,9,44,0,53,0,20,78,0,98,10,0,10,108
03/30/2001,ASG,AR,ASW,CE,Federal Contract Tower,0,12,40,0,52,0,0,61,0,61,0,12,101,0,113,84,0,84,197
03/31/2001,ASG,AR,ASW,CE,Federal Contract Tower,0,3,9,0,12,0,3,31,0,34,0,6,40,0,46,32,0,32,78
04/01/2001,ASG,AR,ASW,CE,Federal Contract Tower,0,1,14,0,15,0,0,81,0,81,0,1,95,0,96,98,0,98,194
04/02/2001,ASG,AR,ASW,CE,Federal Contract Tower,0,8,24,0,32,0,3,38,0,41,0,11,62,0,73,32,0,32,105
04/03/2001,ASG,AR,ASW,CE,Federal Contract Tower,0,12,33,0,45,0,5,66,0,71,0,17,99,0,116,54,0,54,170
04/04/2001,ASG,AR,ASW,CE,Federal Contract Tower,0,11,31,0,42,0,4,51,0,55,0,15,82,0,97,42,0,42,139
04/05/2001,ASG,AR,ASW,CE,Federal Contract Tower,0,12,33,0,45,0,1,32,0,33,0,13,65,0,78,48,0,48,126
04/06/2001,ASG,AR,ASW,CE,Federal Contract Tower,0,11,31,0,42,0,2,15,0,17,0,13,46,0,59,37,0,37,96
04/07/2001,ASG,AR,ASW,CE,Federal Contract Tower,0,2,6,0,8,0,1,22,0,23,0,3,28,0,31,8,0,8,39
04/08/2001,ASG,AR,ASW,CE,Federal Contract Tower,0,1,4,0,5,0,0,53,0,53,0,1,57,0,58,130,0,130,188
04/09/2001,ASG,AR,ASW,CE,Federal Contract Tower,0,11,33,0,44,0,1,81,0,82,0,12,114,0,126,54,0,54,180
04/10/2001,ASG,AR,ASW,CE,Federal Contract Tower,0,9,27,0,36,0,5,45,0,50,0,14,72,0,86,24,0,24,110
04/11/2001,ASG,AR,ASW,CE,Federal Contract Tower,0,8,22,0,30,0,7,25,0,32,0,15,47,0,62,8,0,8,70
04/12/2001,ASG,AR,ASW,CE,Federal Contract Tower,0,14,42,0,56,0,1,75,0,76,0,15,117,0,132,118,0,118,250
04/13/2001,ASG,AR,ASW,CE,Federal Contract Tower,0,5,17,0,22,0,10,103,0,113,0,15,120,0,135,158,0,158,293
04/14/2001,ASG,AR,ASW,CE,Federal Contract Tower,0,1,6,0,7,0,6,49,0,55,0,7,55,0,62,62,0,62,124
04/15/2001,ASG,AR,ASW,CE,Federal Contract Tower,0,3,4,0,7,0,2,35,0,37,0,5,39,0,44,44,0,44,88
04/16/2001,ASG,AR,ASW,CE,Federal Contract Tower,0,11,34,0,45,0,4,86,0,90,0,15,120,0,135,102,0,102,237
04/17/2001,ASG,AR,ASW,CE,Federal Contract Tower,0,9,28,0,37,0,6,78,0,84,0,15,106,0,121,112,0,112,233
04/18/2001,ASG,AR,ASW,CE,Federal Contract Tower,0,8,28,0,36,0,5,93,0,98,0,13,121,0,134,74,0,74,208
04/19/2001,ASG,AR,ASW,CE,Federal Contract Tower,0,8,26,0,34,0,4,28,0,32,0,12,54,0,66,16,0,16,82
04/20/2001,ASG,AR,ASW,CE,Federal Contract Tower,0,10,31,0,41,0,5,41,0,46,0,15,72,0,87,6,0,6,93
04/21/2001,ASG,AR,ASW,CE,Federal Contract Tower,0,2,10,0,12,0,4,46,0,50,0,6,56,0,62,0,0,0,62
04/22/2001,ASG,AR,ASW,CE,Federal Contract Tower,0,3,13,0,16,0,2,22,0,24,0,5,35,0,40,16,0,16,56
04/23/2001,ASG,AR,ASW,CE,Federal Contract Tower,0,8,26,0,34,0,1,52,0,53,0,9,78,0,87,56,0,56,143
04/24/2001,ASG,AR,ASW,CE,Federal Contract Tower,0,6,21,0,27,0,9,107,0,116,0,15,128,0,143,132,0,132,275
04/25/2001,ASG,AR,ASW,CE,Federal Contract Tower,0,7,24,0,31,0,5,94,0,99,0,12,118,0,130,82,0,82,212
04/26/2001,ASG,AR,ASW,CE,Federal Contract Tower,0,5,19,0,24,0,7,78,0,85,0,12,97,0,109,94,0,94,203
04/27/2001,ASG,AR,ASW,CE,Federal Contract Tower,0,7,25,0,32,0,12,76,0,88,0,19,101,0,120,68,0,68,188
04/28/2001,ASG,AR,ASW,CE,Federal Contract Tower,0,0,1,0,1,0,12,96,0,108,0,12,97,0,109,132,0,132,241
04/29/2001,ASG,AR,ASW,CE,Federal Contract Tower,0,1,5,0,6,0,5,75,0,80,0,6,80,0,86,74,0,74,160
04/30/2001,ASG,AR,ASW,CE,Federal Contract Tower,0,9,28,0,37,0,7,46,0,53,0,16,74,0,90,80,0,80,170
05/01/2001,ASG,AR,ASW,CE,Federal Contract Tower,0,7,20,0,27,0,11,53,0,64,0,18,73,0,91,92,0,92,183
05/02/2001,ASG,AR,ASW,CE,Federal Contract Tower,0,9,24,0,33,0,9,53,0,62,0,18,77,0,95,58,0,58,153
05/03/2001,ASG,AR,ASW,CE,Federal Contract Tower,0,12,33,0,45,0,9,82,0,91,0,21,115,0,136,58,0,58,194
05/04/2001,ASG,AR,ASW,CE,Federal Contract Tower,0,8,23,0,31,0,6,68,0,74,0,14,91,0,105,54,0,54,159
05/05/2001,ASG,AR,ASW,CE,Federal Contract Tower,0,2,4,0,6,0,0,28,0,28,0,2,32,0,34,6,0,6,40
05/06/2001,ASG,AR,ASW,CE,Federal Contract Tower,0,3,5,0,8,0,2,27,0,29,0,5,32,0,37,54,0,54,91
05/07/2001,ASG,AR,ASW,CE,Federal Contract Tower,0,9,31,0,40,0,0,60,0,60,0,9,91,0,100,42,0,42,142
05/08/2001,ASG,AR,ASW,CE,Federal Contract Tower,0,8,22,0,30,0,8,88,0,96,0,16,110,0,126,86,0,86,212
05/09/2001,ASG,AR,ASW,CE,Federal Contract Tower,0,9,25,0,34,0,2,84,0,86,0,11,109,0,120,108,0,108,228
05/10/2001,ASG,AR,ASW,CE,Federal Contract Tower,0,9,26,0,35,0,3,85,0,88,0,12,111,0,123,86,0,86,209
05/11/2001,ASG,AR,ASW,CE,Federal Contract Tower,0,7,18,0,25,0,4,45,0,49,0,11,63,0,74,24,0,24,98
05/12/2001,ASG,AR,ASW,CE,Federal Contract Tower,0,2,4,0,6,0,2,73,0,75,0,4,77,0,81,134,0,134,215
05/13/2001,ASG,AR,ASW,CE,Federal Contract Tower,0,1,6,0,7,0,0,76,0,76,0,1,82,0,83,22,0,22,105
05/14/2001,ASG,AR,ASW,CE,Federal Contract Tower,0,10,27,0,37,0,3,76,0,79,0,13,103,0,116,64,0,64,180
05/15/2001,ASG,AR,ASW,CE,Federal Contract Tower,0,10,28,0,38,0,6,70,0,76,0,16,98,0,114,74,0,74,188
05/16/2001,ASG,AR,ASW,CE,Federal Contract Tower,0,11,34,0,45,0,3,103,0,106,0,14,137,0,151,78,0,78,229
05/17/2001,ASG,AR,ASW,CE,Federal Contract Tower,0,10,32,0,42,0,6,88,0,94,0,16,120,0,136,76,0,76,212
05/18/2001,ASG,AR,ASW,CE,Federal Contract Tower,0,5,18,0,23,0,5,7,0,12,0,10,25,0,35,0,0,0,35
05/19/2001,ASG,AR,ASW,CE,Federal Contract Tower,0,4,12,0,16,0,4,127,0,131,0,8,139,0,147,48,0,48,195
05/20/2001,ASG,AR,ASW,CE,Federal Contract Tower,0,2,11,0,13,0,0,25,0,25,0,2,36,0,38,44,0,44,82
05/21/2001,ASG,AR,ASW,CE,Federal Contract Tower,0,11,34,0,45,0,0,53,0,53,0,11,87,0,98,32,0,32,130
05/22/2001,ASG,AR,ASW,CE,Federal Contract Tower,0,8,26,0,34,0,5,83,0,88,0,13,109,0,122,60,0,60,182
05/23/2001,ASG,AR,ASW,CE,Federal Contract Tower,0,9,27,0,36,0,4,77,0,81,0,13,104,0,117,90,0,90,207
05/24/2001,ASG,AR,ASW,CE,Federal Contract Tower,0,11,33,0,44,0,3,53,0,56,0,14,86,0,100,16,0,16,116
05/25/2001,ASG,AR,ASW,CE,Federal Contract Tower,0,12,39,0,51,0,0,70,0,70,0,12,109,0,121,18,0,18,139
05/26/2001,ASG,AR,ASW,CE,Federal Contract Tower,0,2,6,0,8,0,8,162,0,170,0,10,168,0,178,48,0,48,226
05/27/2001,ASG,AR,ASW,CE,Federal Contract Tower,0,2,9,0,11,0,0,65,0,65,0,2,74,0,76,30,0,30,106
05/28/2001,ASG,AR,ASW,CE,Federal Contract Tower,0,2,8,0,10,0,3,69,0,72,0,5,77,0,82,80,0,80,162
05/29/2001,ASG,AR,ASW,CE,Federal Contract Tower,0,9,27,0,36,0,1,37,0,38,0,10,64,0,74,58,0,58,132
05/30/2001,ASG,AR,ASW,CE,Federal Contract Tower,0,7,22,0,29,0,9,29,0,38,0,16,51,0,67,26,0,26,93
05/31/2001,ASG,AR,ASW,CE,Federal Contract Tower,0,15,47,0,62,0,0,17,0,17,0,15,64,0,79,2,0,2,81
06/01/2001,ASG,AR,ASW,CE,Federal Contract Tower,0,12,31,0,43,0,8,80,0,88,0,20,111,0,131,52,0,52,183
06/02/2001,ASG,AR,ASW,CE,Federal Contract Tower,0,4,11,0,15,0,4,76,0,80,0,8,87,0,95,54,0,54,149
06/03/2001,ASG,AR,ASW,CE,Federal Contract Tower,0,2,4,0,6,0,3,41,0,44,0,5,45,0,50,42,0,42,92
06/04/2001,ASG,AR,ASW,CE,Federal Contract Tower,0,11,32,0,43,0,0,57,0,57,0,11,89,0,100,90,0,90,190
06/05/2001,ASG,AR,ASW,CE,Federal Contract Tower,0,11,27,0,38,0,4,50,0,54,0,15,77,0,92,110,0,110,202
06/06/2001,ASG,AR,ASW,CE,Federal Contract Tower,0,11,27,0,38,0,2,64,0,66,0,13,91,0,104,44,0,44,148
06/07/2001,ASG,AR,ASW,CE,Federal Contract Tower,0,13,35,0,48,0,4,73,0,77,0,17,108,0,125,90,0,90,215
06/08/2001,ASG,AR,ASW,CE,Federal Contract Tower,0,11,30,0,41,0,3,95,0,98,0,14,125,0,139,32,0,32,171
06/09/2001,ASG,AR,ASW,CE,Federal Contract Tower,0,5,12,0,17,0,0,68,0,68,0,5,80,0,85,36,0,36,121
06/10/2001,ASG,AR,ASW,CE,Federal Contract Tower,0,3,8,0,11,0,0,74,0,74,0,3,82,0,85,54,0,54,139
06/11/2001,ASG,AR,ASW,CE,Federal Contract Tower,0,10,26,0,36,0,12,59,0,71,0,22,85,0,107,36,0,36,143
06/12/2001,ASG,AR,ASW,CE,Federal Contract Tower,0,13,33,0,46,0,7,95,0,102,0,20,128,0,148,74,0,74,222
06/13/2001,ASG,AR,ASW,CE,Federal Contract Tower,0,14,38,0,52,0,6,70,0,76,0,20,108,0,128,40,0,40,168
06/14/2001,ASG,AR,ASW,CE,Federal Contract Tower,0,9,23,0,32,0,4,35,0,39,0,13,58,0,71,46,0,46,117
06/15/2001,ASG,AR,ASW,CE,Federal Contract Tower,0,9,22,1,32,0,6,81,0,87,0,15,103,1,119,48,0,48,167
06/16/2001,ASG,AR,ASW,CE,Federal Contract Tower,0,1,5,0,6,0,8,114,0,122,0,9,119,0,128,30,0,30,158
06/17/2001,ASG,AR,ASW,CE,Federal Contract Tower,0,3,12,0,15,0,3,51,0,54,0,6,63,0,69,54,0,54,123
06/18/2001,ASG,AR,ASW,CE,Federal Contract Tower,0,7,23,0,30,0,10,70,0,80,0,17,93,0,110,76,0,76,186
06/19/2001,ASG,AR,ASW,CE,Federal Contract Tower,0,10,28,0,38,0,5,78,0,83,0,15,106,0,121,120,0,120,241
06/20/2001,ASG,AR,ASW,CE,Federal Contract Tower,0,8,24,0,32,0,13,44,0,57,0,21,68,0,89,92,0,92,181
06/21/2001,ASG,AR,ASW,CE,Federal Contract Tower,0,9,28,0,37,0,4,23,0,27,0,13,51,0,64,22,0,22,86
06/22/2001,ASG,AR,ASW,CE,Federal Contract Tower,0,9,28,0,37,0,9,82,0,91,0,18,110,0,128,74,0,74,202
06/23/2001,ASG,AR,ASW,CE,Federal Contract Tower,0,1,3,0,4,0,5,88,0,93,0,6,91,0,97,78,0,78,175
06/24/2001,ASG,AR,ASW,CE,Federal Contract Tower,0,3,10,0,13,0,9,111,0,120,0,12,121,0,133,134,0,134,267
06/25/2001,ASG,AR,ASW,CE,Federal Contract Tower,0,7,22,0,29,0,11,69,0,80,0,18,91,0,109,112,0,112,221
06/26/2001,ASG,AR,ASW,CE,Federal Contract Tower,0,9,28,0,37,0,13,61,0,74,0,22,89,0,111,80,0,80,191
06/27/2001,ASG,AR,ASW,CE,Federal Contract Tower,0,8,23,0,31,0,10,46,0,56,0,18,69,0,87,54,0,54,141
06/28/2001,ASG,AR,ASW,CE,Federal Contract Tower,0,11,32,0,43,0,4,56,0,60,0,15,88,0,103,78,0,78,181
06/29/2001,ASG,AR,ASW,CE,Federal Contract Tower,0,14,42,0,56,0,2,72,5,79,0,16,114,5,135,54,0,54,189
06/30/2001,ASG,AR,ASW,CE,Federal Contract Tower,0,3,10,0,13,0,1,61,1,63,0,4,71,1,76,110,0,110,186
07/01/2001,ASG,AR,ASW,CE,Federal Contract Tower,0,2,4,0,6,0,3,69,0,72,0,5,73,0,78,54,0,54,132
07/02/2001,ASG,AR,ASW,CE,Federal Contract Tower,0,12,26,0,38,0,3,69,0,72,0,15,95,0,110,100,0,100,210
07/03/2001,ASG,AR,ASW,CE,Federal Contract Tower,0,10,21,0,31,0,2,99,0,101,0,12,120,0,132,124,0,124,256
07/04/2001,ASG,AR,ASW,CE,Federal Contract Tower,0,2,1,0,3,0,0,63,0,63,0,2,64,0,66,52,0,52,118
07/05/2001,ASG,AR,ASW,CE,Federal Contract Tower,0,10,23,0,33,0,0,72,0,72,0,10,95,0,105,152,0,152,257
07/06/2001,ASG,AR,ASW,CE,Federal Contract Tower,0,6,17,0,23,0,9,71,0,80,0,15,88,0,103,90,0,90,193
07/07/2001,ASG,AR,ASW,CE,Federal Contract Tower,0,2,7,0,9,0,5,92,0,97,0,7,99,0,106,86,0,86,192
07/08/2001,ASG,AR,ASW,CE,Federal Contract Tower,0,1,3,0,4,0,1,66,0,67,0,2,69,0,71,72,0,72,143
07/09/2001,ASG,AR,ASW,CE,Federal Contract Tower,0,9,28,0,37,0,5,62,0,67,0,14,90,0,104,152,0,152,256
07/10/2001,ASG,AR,ASW,CE,Federal Contract Tower,0,7,22,0,29,0,7,59,0,66,0,14,81,0,95,94,0,94,189
07/11/2001,ASG,AR,ASW,CE,Federal Contract Tower,0,8,25,0,33,0,5,114,0,119,0,13,139,0,152,128,0,128,280
07/12/2001,ASG,AR,ASW,CE,Federal Contract Tower,0,8,24,0,32,0,4,84,0,88,0,12,108,0,120,40,0,40,160
07/13/2001,ASG,AR,ASW,CE,Federal Contract Tower,0,13,36,0,49,0,1,6,0,7,0,14,42,0,56,6,0,6,62
07/14/2001,ASG,AR,ASW,CE,Federal Contract Tower,0,1,4,0,5,0,11,112,0,123,0,12,116,0,128,104,0,104,232
07/15/2001,ASG,AR,ASW,CE,Federal Contract Tower,0,1,6,0,7,0,0,88,0,88,0,1,94,0,95,42,0,42,137
07/16/2001,ASG,AR,ASW,CE,Federal Contract Tower,0,9,27,0,36,0,4,35,0,39,0,13,62,0,75,56,0,56,131
07/17/2001,ASG,AR,ASW,CE,Federal Contract Tower,0,10,28,0,38,0,3,80,0,83,0,13,108,0,121,146,0,146,267
07/18/2001,ASG,AR,ASW,CE,Federal Contract Tower,0,14,41,0,55,0,3,80,0,83,0,17,121,0,138,98,0,98,236
07/19/2001,ASG,AR,ASW,CE,Federal Contract Tower,0,10,30,0,40,0,5,68,0,73,0,15,98,0,113,48,0,48,161
07/20/2001,ASG,AR,ASW,CE,Federal Contract Tower,0,13,36,0,49,0,0,79,0,79,0,13,115,0,128,116,0,116,244
07/21/2001,ASG,AR,ASW,CE,Federal Contract Tower,0,2,7,0,9,0,4,82,0,86,0,6,89,0,95,82,0,82,177
07/22/2001,ASG,AR,ASW,CE,Federal Contract Tower,0,0,0,0,0,0,3,76,0,79,0,3,76,0,79,96,0,96,175
07/23/2001,ASG,AR,ASW,CE,Federal Contract Tower,0,10,30,0,40,0,4,37,0,41,0,14,67,0,81,94,0,94,175
07/24/2001,ASG,AR,ASW,CE,Federal Contract Tower,0,10,28,0,38,0,8,43,0,51,0,18,71,0,89,58,0,58,147
07/25/2001,ASG,AR,ASW,CE,Federal Contract Tower,0,11,33,0,44,0,6,47,0,53,0,17,80,0,97,72,0,72,169
07/26/2001,ASG,AR,ASW,CE,Federal Contract Tower,0,13,36,0,49,0,3,58,0,61,0,16,94,0,110,44,0,44,154
07/27/2001,ASG,AR,ASW,CE,Federal Contract Tower,0,10,28,0,38,0,2,23,0,25,0,12,51,0,63,26,0,26,89
07/28/2001,ASG,AR,ASW,CE,Federal Contract Tower,0,1,5,0,6,0,5,41,0,46,0,6,46,0,52,18,0,18,70
07/29/2001,ASG,AR,ASW,CE,Federal Contract Tower,0,3,11,0,14,0,5,52,0,57,0,8,63,0,71,62,0,62,133
07/30/2001,ASG,AR,ASW,CE,Federal Contract Tower,0,7,20,0,27,0,9,49,0,58,0,16,69,0,85,76,0,76,161
07/31/2001,ASG,AR,ASW,CE,Federal Contract Tower,0,10,17,0,27,0,8,67,0,75,0,18,84,0,102,56,0,56,158
08/01/2001,ASG,AR,ASW,CE,Federal Contract Tower,0,8,32,0,40,0,8,53,0,61,0,16,85,0,101,50,0,50,151
08/02/2001,ASG,AR,ASW,CE,Federal Contract Tower,0,9,35,0,44,0,5,74,0,79,0,14,109,0,123,26,0,26,149
08/03/2001,ASG,AR,ASW,CE,Federal Contract Tower,0,9,39,0,48,0,1,61,0,62,0,10,100,0,110,68,0,68,178
08/04/2001,ASG,AR,ASW,CE,Federal Contract Tower,0,3,9,0,12,0,0,77,0,77,0,3,86,0,89,60,0,60,149
08/05/2001,ASG,AR,ASW,CE,Federal Contract Tower,0,2,6,0,8,0,4,86,0,90,0,6,92,0,98,52,0,52,150
08/06/2001,ASG,AR,ASW,CE,Federal Contract Tower,0,5,17,0,22,0,17,49,0,66,0,22,66,0,88,52,0,52,140
08/07/2001,ASG,AR,ASW,CE,Federal Contract Tower,0,11,44,0,55,0,8,31,0,39,0,19,75,0,94,62,0,62,156
08/08/2001,ASG,AR,ASW,CE,Federal Contract Tower,0,9,36,0,45,0,6,55,0,61,0,15,91,0,106,48,0,48,154
08/09/2001,ASG,AR,ASW,CE,Federal Contract Tower,0,7,31,0,38,0,10,65,0,75,0,17,96,0,113,22,0,22,135
08/10/2001,ASG,AR,ASW,CE,Federal Contract Tower,0,5,18,0,23,0,14,51,0,65,0,19,69,0,88,26,0,26,114
08/11/2001,ASG,AR,ASW,CE,Federal Contract Tower,0,3,10,0,13,0,0,43,0,43,0,3,53,0,56,34,0,34,90
08/12/2001,ASG,AR,ASW,CE,Federal Contract Tower,0,2,8,0,10,0,6,55,0,61,0,8,63,0,71,56,0,56,127
08/13/2001,ASG,AR,ASW,CE,Federal Contract Tower,0,6,24,0,30,0,11,73,0,84,0,17,97,0,114,102,0,102,216
08/14/2001,ASG,AR,ASW,CE,Federal Contract Tower,0,7,29,0,36,0,7,70,0,77,0,14,99,0,113,92,0,92,205
08/15/2001,ASG,AR,ASW,CE,Federal Contract Tower,0,8,31,0,39,0,8,59,0,67,0,16,90,0,106,58,0,58,164
08/16/2001,ASG,AR,ASW,CE,Federal Contract Tower,0,8,38,0,46,0,4,51,0,55,0,12,89,0,101,36,0,36,137
08/17/2001,ASG,AR,ASW,CE,Federal Contract Tower,0,7,33,0,40,0,3,66,0,69,0,10,99,0,109,44,0,44,153
08/18/2001,ASG,AR,ASW,CE,Federal Contract Tower,0,3,17,0,20,0,2,56,0,58,0,5,73,0,78,66,0,66,144
08/19/2001,ASG,AR,ASW,CE,Federal Contract Tower,0,1,6,0,7,0,1,79,0,80,0,2,85,0,87,84,0,84,171
08/20/2001,ASG,AR,ASW,CE,Federal Contract Tower,0,6,31,0,37,0,2,60,0,62,0,8,91,0,99,76,0,76,175
08/21/2001,ASG,AR,ASW,CE,Federal Contract Tower,0,9,41,0,50,0,1,75,0,76,0,10,116,0,126,52,0,52,178
08/22/2001,ASG,AR,ASW,CE,Federal Contract Tower,0,9,40,0,49,0,1,63,0,64,0,10,103,0,113,78,0,78,191
08/23/2001,ASG,AR,ASW,CE,Federal Contract Tower,0,8,40,0,48,0,7,67,0,74,0,15,107,0,122,62,0,62,184
08/24/2001,ASG,AR,ASW,CE,Federal Contract Tower,0,6,31,0,37,0,15,56,0,71,0,21,87,0,108,110,0,110,218
08/25/2001,ASG,AR,ASW,CE,Federal Contract Tower,0,3,15,0,18,0,6,80,0,86,0,9,95,0,104,66,0,66,170
08/26/2001,ASG,AR,ASW,CE,Federal Contract Tower,0,4,19,0,23,0,7,53,0,60,0,11,72,0,83,62,0,62,145
08/27/2001,ASG,AR,ASW,CE,Federal Contract Tower,0,5,22,0,27,0,8,73,0,81,0,13,95,0,108,136,0,136,244
08/28/2001,ASG,AR,ASW,CE,Federal Contract Tower,0,7,31,0,38,0,2,67,0,69,0,9,98,0,107,106,0,106,213
08/29/2001,ASG,AR,ASW,CE,Federal Contract Tower,0,7,33,0,40,0,6,60,0,66,0,13,93,0,106,92,0,92,198
08/30/2001,ASG,AR,ASW,CE,Federal Contract Tower,0,7,35,0,42,0,10,47,0,57,0,17,82,0,99,14,0,14,113
08/31/2001,ASG,AR,ASW,CE,Federal Contract Tower,0,8,35,0,43,0,4,50,0,54,0,12,85,0,97,60,0,60,157
09/01/2001,ASG,AR,ASW,CE,Federal Contract Tower,0,3,9,0,12,0,1,65,0,66,0,4,74,0,78,50,0,50,128
09/02/2001,ASG,AR,ASW,CE,Federal Contract Tower,0,1,2,0,3,0,0,50,0,50,0,1,52,0,53,48,0,48,101
09/03/2001,ASG,AR,ASW,CE,Federal Contract Tower,0,4,7,0,11,0,4,67,0,71,0,8,74,0,82,98,0,98,180
09/04/2001,ASG,AR,ASW,CE,Federal Contract Tower,0,9,24,0,33,0,5,61,0,66,0,14,85,0,99,110,0,110,209
09/05/2001,ASG,AR,ASW,CE,Federal Contract Tower,0,10,35,0,45,0,0,73,0,73,0,10,108,0,118,112,0,112,230
09/06/2001,ASG,AR,ASW,CE,Federal Contract Tower,0,13,37,0,50,0,2,30,0,32,0,15,67,0,82,48,0,48,130
09/07/2001,ASG,AR,ASW,CE,Federal Contract Tower,0,11,36,0,47,0,0,46,0,46,0,11,82,0,93,2,0,2,95
09/08/2001,ASG,AR,ASW,CE,Federal Contract Tower,0,5,23,0,28,0,0,6,0,6,0,5,29,0,34,2,0,2,36
09/09/2001,ASG,AR,ASW,CE,Federal Contract Tower,0,6,22,0,28,0,3,51,0,54,0,9,73,0,82,0,0,0,82
09/10/2001,ASG,AR,ASW,CE,Federal Contract Tower,0,6,23,0,29,0,5,100,0,105,0,11,123,0,134,44,0,44,178
09/11/2001,ASG,AR,ASW,CE,Federal Contract Tower,0,1,6,0,7,0,3,1,0,4,0,4,7,0,11,0,0,0,11
09/12/2001,ASG,AR,ASW,CE,Federal Contract Tower,0,0,0,0,0,0,6,0,0,6,0,6,0,0,6,0,0,0,6
09/13/2001,ASG,AR,ASW,CE,Federal Contract Tower,0,2,0,0,2,0,13,0,0,13,0,15,0,0,15,0,0,0,15
09/14/2001,ASG,AR,ASW,CE,Federal Contract Tower,0,5,3,0,8,0,20,0,0,20,0,25,3,0,28,0,0,0,28
09/15/2001,ASG,AR,ASW,CE,Federal Contract Tower,0,3,11,0,14,0,7,0,0,7,0,10,11,0,21,0,0,0,21
09/16/2001,ASG,AR,ASW,CE,Federal Contract Tower,0,2,10,0,12,0,2,2,0,4,0,4,12,0,16,0,0,0,16
09/17/2001,ASG,AR,ASW,CE,Federal Contract Tower,0,8,29,0,37,0,9,0,0,9,0,17,29,0,46,0,0,0,46
09/18/2001,ASG,AR,ASW,CE,Federal Contract Tower,0,8,25,0,33,0,4,0,0,4,0,12,25,0,37,0,0,0,37
09/19/2001,ASG,AR,ASW,CE,Federal Contract Tower,0,18,63,0,81,0,2,3,0,5,0,20,66,0,86,0,0,0,86
09/20/2001,ASG,AR,ASW,CE,Federal Contract Tower,0,16,64,0,80,0,0,39,0,39,0,16,103,0,119,0,0,0,119
09/21/2001,ASG,AR,ASW,CE,Federal Contract Tower,0,9,32,0,41,0,10,19,0,29,0,19,51,0,70,0,0,0,70
09/22/2001,ASG,AR,ASW,CE,Federal Contract Tower,0,3,11,0,14,0,9,52,0,61,0,12,63,0,75,20,0,20,95
09/23/2001,ASG,AR,ASW,CE,Federal Contract Tower,0,2,11,0,13,0,0,39,0,39,0,2,50,0,52,46,0,46,98
09/24/2001,ASG,AR,ASW,CE,Federal Contract Tower,0,10,36,0,46,0,8,35,0,43,0,18,71,0,89,16,0,16,105
09/25/2001,ASG,AR,ASW,CE,Federal Contract Tower,0,10,35,0,45,0,2,82,2,86,0,12,117,2,131,86,2,88,219
09/26/2001,ASG,AR,ASW,CE,Federal Contract Tower,0,11,38,0,49,0,1,90,0,91,0,12,128,0,140,70,0,70,210
09/27/2001,ASG,AR,ASW,CE,Federal Contract Tower,0,13,45,0,58,0,2,93,0,95,0,15,138,0,153,112,0,112,265
09/28/2001,ASG,AR,ASW,CE,Federal Contract Tower,0,9,32,0,41,0,3,67,0,70,0,12,99,0,111,42,0,42,153
09/29/2001,ASG,AR,ASW,CE,Federal Contract Tower,0,2,8,0,10,0,3,46,0,49,0,5,54,0,59,32,0,32,91
09/30/2001,ASG,AR,ASW,CE,Federal Contract Tower,0,2,7,0,9,0,2,99,0,101,0,4,106,0,110,66,0,66,176
10/01/2001,ASG,AR,ASW,CE,Federal Contract Tower,0,4,13,0,17,0,7,82,0,89,0,11,95,0,106,126,0,126,232
10/02/2001,ASG,AR,ASW,CE,Federal Contract Tower,0,12,38,0,50,0,7,77,0,84,0,19,115,0,134,84,0,84,218
10/03/2001,ASG,AR,ASW,CE,Federal Contract Tower,0,9,30,0,39,0,11,49,0,60,0,20,79,0,99,64,0,64,163
10/04/2001,ASG,AR,ASW,CE,Federal Contract Tower,0,10,33,0,43,0,6,53,0,59,0,16,86,0,102,14,0,14,116
10/05/2001,ASG,AR,ASW,CE,Federal Contract Tower,0,7,23,0,30,0,5,9,0,14,0,12,32,0,44,0,0,0,44
10/06/2001,ASG,AR,ASW,CE,Federal Contract Tower,0,5,13,0,18,0,2,91,0,93,0,7,104,0,111,104,0,104,215
10/07/2001,ASG,AR,ASW,CE,Federal Contract Tower,0,1,14,0,15,0,0,93,0,93,0,1,107,0,108,82,0,82,190
10/08/2001,ASG,AR,ASW,CE,Federal Contract Tower,0,5,22,0,27,0,0,63,0,63,0,5,85,0,90,34,0,34,124
10/09/2001,ASG,AR,ASW,CE,Federal Contract Tower,0,12,40,0,52,0,4,40,0,44,0,16,80,0,96,38,0,38,134
10/10/2001,ASG,AR,ASW,CE,Federal Contract Tower,0,6,18,0,24,0,3,1,0,4,0,9,19,0,28,0,0,0,28
10/11/2001,ASG,AR,ASW,CE,Federal Contract Tower,0,8,26,0,34,0,1,10,0,11,0,9,36,0,45,12,0,12,57
10/12/2001,ASG,AR,ASW,CE,Federal Contract Tower,0,6,28,0,34,0,0,25,2,27,0,6,53,2,61,12,0,12,73
10/13/2001,ASG,AR,ASW,CE,Federal Contract Tower,0,2,6,0,8,0,3,4,0,7,0,5,10,0,15,0,0,0,15
10/14/2001,ASG,AR,ASW,CE,Federal Contract Tower,0,1,6,0,7,0,2,36,0,38,0,3,42,0,45,6,0,6,51
10/15/2001,ASG,AR,ASW,CE,Federal Contract Tower,0,9,33,0,42,0,2,39,0,41,0,11,72,0,83,58,0,58,141
10/16/2001,ASG,AR,ASW,CE,Federal Contract Tower,0,8,28,0,36,0,8,59,0,67,0,16,87,0,103,106,0,106,209
10/17/2001,ASG,AR,ASW,CE,Federal Contract Tower,0,11,42,0,53,0,12,50,2,64,0,23,92,2,117,92,0,92,209
10/18/2001,ASG,AR,ASW,CE,Federal Contract Tower,0,9,33,0,42,0,7,64,0,71,0,16,97,0,113,72,0,72,185
10/19/2001,ASG,AR,ASW,CE,Federal Contract Tower,0,6,21,0,27,0,11,77,0,88,0,17,98,0,115,28,0,28,143
10/20/2001,ASG,AR,ASW,CE,Federal Contract Tower,0,3,12,0,15,0,3,65,0,68,0,6,77,0,83,40,0,40,123
10/21/2001,ASG,AR,ASW,CE,Federal Contract Tower,0,4,14,0,18,0,4,89,0,93,0,8,103,0,111,74,0,74,185
10/22/2001,ASG,AR,ASW,CE,Federal Contract Tower,0,9,32,0,41,0,3,48,5,56,0,12,80,5,97,50,2,52,149
10/23/2001,ASG,AR,ASW,CE,Federal Contract Tower,0,9,33,0,42,0,10,39,0,49,0,19,72,0,91,74,0,74,165
10/24/2001,ASG,AR,ASW,CE,Federal Contract Tower,0,11,40,0,51,0,6,27,0,33,0,17,67,0,84,4,0,4,88
10/25/2001,ASG,AR,ASW,CE,Federal Contract Tower,0,9,34,0,43,0,10,66,0,76,0,19,100,0,119,64,0,64,183
10/26/2001,ASG,AR,ASW,CE,Federal Contract Tower,0,9,35,0,44,0,2,92,0,94,0,11,127,0,138,92,0,92,230
10/27/2001,ASG,AR,ASW,CE,Federal Contract Tower,0,4,36,0,40,0,0,120,0,120,0,4,156,0,160,48,0,48,208
10/28/2001,ASG,AR,ASW,CE,Federal Contract Tower,0,5,19,0,24,0,9,67,0,76,0,14,86,0,100,76,0,76,176
10/29/2001,ASG,AR,ASW,CE,Federal Contract Tower,0,8,28,0,36,0,8,68,0,76,0,16,96,0,112,128,0,128,240
10/30/2001,ASG,AR,ASW,CE,Federal Contract Tower,0,9,32,0,41,0,13,63,0,76,0,22,95,0,117,120,0,120,237
10/31/2001,ASG,AR,ASW,CE,Federal Contract Tower,0,9,34,0,43,0,17,33,0,50,0,26,67,0,93,34,0,34,127
11/01/2001,ASG,AR,ASW,CE,Federal Contract Tower,0,9,44,0,53,0,9,25,0,34,0,18,69,0,87,0,0,0,87
11/02/2001,ASG,AR,ASW,CE,Federal Contract Tower,0,11,39,0,50,0,0,14,0,14,0,11,53,0,64,24,0,24,88
11/03/2001,ASG,AR,ASW,CE,Federal Contract Tower,0,3,15,0,18,0,2,27,0,29,0,5,42,0,47,60,0,60,107
11/04/2001,ASG,AR,ASW,CE,Federal Contract Tower,0,2,16,0,18,0,3,58,0,61,0,5,74,0,79,64,0,64,143
11/05/2001,ASG,AR,ASW,CE,Federal Contract Tower,0,9,47,0,56,0,0,52,0,52,0,9,99,0,108,126,0,126,234
11/06/2001,ASG,AR,ASW,CE,Federal Contract Tower,0,9,41,0,50,0,5,82,0,87,0,14,123,0,137,98,0,98,235
11/07/2001,ASG,AR,ASW,CE,Federal Contract Tower,0,7,31,0,38,0,3,70,0,73,0,10,101,0,111,98,0,98,209
11/08/2001,ASG,AR,ASW,CE,Federal Contract Tower,0,9,42,0,51,0,4,54,0,58,0,13,96,0,109,52,0,52,161
11/09/2001,ASG,AR,ASW,CE,Federal Contract Tower,0,10,49,0,59,0,2,59,0,61,0,12,108,0,120,48,0,48,168
11/10/2001,ASG,AR,ASW,CE,Federal Contract Tower,0,4,22,0,26,0,0,57,0,57,0,4,79,0,83,28,0,28,111
11/11/2001,ASG,AR,ASW,CE,Federal Contract Tower,0,2,23,0,25,0,0,89,0,89,0,2,112,0,114,70,0,70,184
11/12/2001,ASG,AR,ASW,CE,Federal Contract Tower,0,5,30,0,35,0,9,66,0,75,0,14,96,0,110,60,0,60,170
11/13/2001,ASG,AR,ASW,CE,Federal Contract Tower,0,7,41,0,48,0,3,45,0,48,0,10,86,0,96,50,0,50,146
11/14/2001,ASG,AR,ASW,CE,Federal Contract Tower,0,6,32,0,38,0,1,65,0,66,0,7,97,0,104,46,0,46,150
11/15/2001,ASG,AR,ASW,CE,Federal Contract Tower,0,5,31,0,36,0,8,70,0,78,0,13,101,0,114,68,0,68,182
11/16/2001,ASG,AR,ASW,CE,Federal Contract Tower,0,8,46,0,54,0,0,105,0,105,0,8,151,0,159,97,0,97,256
11/17/2001,ASG,AR,ASW,CE,Federal Contract Tower,0,6,42,0,48,0,0,94,0,94,0,6,136,0,142,74,0,74,216
11/18/2001,ASG,AR,ASW,CE,Federal Contract Tower,0,3,18,0,21,0,1,66,0,67,0,4,84,0,88,28,0,28,116
11/19/2001,ASG,AR,ASW,CE,Federal Contract Tower,0,6,32,0,38,0,7,34,0,41,0,13,66,0,79,48,0,48,127
11/20/2001,ASG,AR,ASW,CE,Federal Contract Tower,0,6,36,0,42,0,9,56,0,65,0,15,92,0,107,36,0,36,143
11/21/2001,ASG,AR,ASW,CE,Federal Contract Tower,0,6,33,0,39,0,7,95,0,102,0,13,128,0,141,148,0,148,289
11/22/2001,ASG,AR,ASW,CE,Federal Contract Tower,0,0,3,0,3,0,2,19,0,21,0,2,22,0,24,14,0,14,38
11/23/2001,ASG,AR,ASW,CE,Federal Contract Tower,0,3,20,0,23,0,10,4,0,14,0,13,24,0,37,0,0,0,37
11/24/2001,ASG,AR,ASW,CE,Federal Contract Tower,0,1,8,0,9,0,3,3,0,6,0,4,11,0,15,2,0,2,17
11/25/2001,ASG,AR,ASW,CE,Federal Contract Tower,0,2,23,0,25,0,0,85,0,85,0,2,108,0,110,70,0,70,180
11/26/2001,ASG,AR,ASW,CE,Federal Contract Tower,0,3,18,0,21,0,7,19,0,26,0,10,37,0,47,10,0,10,57
11/27/2001,ASG,AR,ASW,CE,Federal Contract Tower,0,7,39,0,46,0,9,41,0,50,0,16,80,0,96,54,0,54,150
11/28/2001,ASG,AR,ASW,CE,Federal Contract Tower,0,2,10,0,12,0,4,0,0,4,0,6,10,0,16,0,0,0,16
11/29/2001,ASG,AR,ASW,CE,Federal Contract Tower,0,4,22,0,26,0,3,0,0,3,0,7,22,0,29,0,0,0,29
11/30/2001,ASG,AR,ASW,CE,Federal Contract Tower,0,7,45,0,52,0,0,58,4,62,0,7,103,4,114,10,0,10,124
12/01/2001,ASG,AR,ASW,CE,Federal Contract Tower,0,2,8,0,10,0,0,116,0,116,0,2,124,0,126,68,0,68,194
12/02/2001,ASG,AR,ASW,CE,Federal Contract Tower,0,0,6,0,6,0,0,75,4,79,0,0,81,4,85,52,0,52,137
12/03/2001,ASG,AR,ASW,CE,Federal Contract Tower,0,7,22,0,29,0,8,26,0,34,0,15,48,0,63,80,0,80,143
12/04/2001,ASG,AR,ASW,CE,Federal Contract Tower,0,9,32,1,42,0,8,27,1,36,0,17,59,2,78,48,0,48,126
12/05/2001,ASG,AR,ASW,CE,Federal Contract Tower,0,8,29,0,37,0,11,11,0,22,0,19,40,0,59,0,0,0,59
12/06/2001,ASG,AR,ASW,CE,Federal Contract Tower,0,8,28,0,36,0,13,41,0,54,0,21,69,0,90,36,0,36,126
12/07/2001,ASG,AR,ASW,CE,Federal Contract Tower,0,7,27,0,34,0,0,59,0,59,0,7,86,0,93,64,0,64,157
12/08/2001,ASG,AR,ASW,CE,Federal Contract Tower,0,3,10,0,13,0,2,54,0,56,0,5,64,0,69,122,0,122,191
12/09/2001,ASG,AR,ASW,CE,Federal Contract Tower,0,2,9,0,11,0,0,79,0,79,0,2,88,0,90,84,0,84,174
12/10/2001,ASG,AR,ASW,CE,Federal Contract Tower,0,7,25,0,32,0,11,71,0,82,0,18,96,0,114,124,0,124,238
12/11/2001,ASG,AR,ASW,CE,Federal Contract Tower,0,5,22,0,27,0,6,64,0,70,0,11,86,0,97,122,0,122,219
12/12/2001,ASG,AR,ASW,CE,Federal Contract Tower,0,6,26,0,32,0,0,0,0,0,0,6,26,0,32,0,0,0,32
12/13/2001,ASG,AR,ASW,CE,Federal Contract Tower,0,8,32,0,40,0,1,2,0,3,0,9,34,0,43,2,0,2,45
12/14/2001,ASG,AR,ASW,CE,Federal Contract Tower,0,7,32,0,39,0,4,45,0,49,0,11,77,0,88,66,0,66,154
12/15/2001,ASG,AR,ASW,CE,Federal Contract Tower,0,0,15,0,15,0,8,18,0,26,0,8,33,0,41,30,0,30,71
12/16/2001,ASG,AR,ASW,CE,Federal Contract Tower,0,2,6,0,8,0,0,0,0,0,0,2,6,0,8,0,0,0,8
12/17/2001,ASG,AR,ASW,CE,Federal Contract Tower,0,7,31,0,38,0,4,23,0,27,0,11,54,0,65,26,0,26,91
12/18/2001,ASG,AR,ASW,CE,Federal Contract Tower,0,5,31,0,36,0,6,67,0,73,0,11,98,0,109,108,0,108,217
12/19/2001,ASG,AR,ASW,CE,Federal Contract Tower,0,9,38,0,47,0,3,44,0,47,0,12,82,0,94,42,0,42,136
12/20/2001,ASG,AR,ASW,CE,Federal Contract Tower,0,7,31,0,38,0,3,72,0,75,0,10,103,0,113,60,0,60,173
12/21/2001,ASG,AR,ASW,CE,Federal Contract Tower,0,5,23,0,28,0,2,64,0,66,0,7,87,0,94,78,0,78,172
12/22/2001,ASG,AR,ASW,CE,Federal Contract Tower,0,0,5,0,5,0,6,4,0,10,0,6,9,0,15,4,0,4,19
12/23/2001,ASG,AR,ASW,CE,Federal Contract Tower,0,1,6,0,7,0,1,29,0,30,0,2,35,0,37,6,0,6,43
12/24/2001,ASG,AR,ASW,CE,Federal Contract Tower,0,2,10,0,12,0,4,48,0,52,0,6,58,0,64,92,0,92,156
12/25/2001,ASG,AR,ASW,CE,Federal Contract Tower,0,0,1,0,1,0,0,8,0,8,0,0,9,0,9,2,0,2,11
12/26/2001,ASG,AR,ASW,CE,Federal Contract Tower,0,7,29,0,36,0,8,31,0,39,0,15,60,0,75,30,0,30,105
12/27/2001,ASG,AR,ASW,CE,Federal Contract Tower,0,4,17,0,21,0,4,69,0,73,0,8,86,0,94,46,0,46,140
12/28/2001,ASG,AR,ASW,CE,Federal Contract Tower,0,5,20,0,25,0,4,67,0,71,0,9,87,0,96,34,0,34,130
12/29/2001,ASG,AR,ASW,CE,Federal Contract Tower,0,0,8,0,8,0,0,60,0,60,0,0,68,0,68,14,0,14,82
12/30/2001,ASG,AR,ASW,CE,Federal Contract Tower,0,0,3,0,3,0,4,42,0,46,0,4,45,0,49,22,0,22,71
12/31/2001,ASG,AR,ASW,CE,Federal Contract Tower,0,4,18,0,22,0,3,25,0,28,0,7,43,0,50,34,0,34,84
01/01/2002,ASG,AR,ASW,CE,Federal Contract Tower,0,3,10,0,13,0,4,9,0,13,0,7,19,0,26,0,0,0,26
01/02/2002,ASG,AR,ASW,CE,Federal Contract Tower,0,5,24,0,29,0,1,41,0,42,0,6,65,0,71,38,0,38,109
01/03/2002,ASG,AR,ASW,CE,Federal Contract Tower,0,5,23,0,28,0,5,47,0,52,0,10,70,0,80,34,0,34,114
01/04/2002,ASG,AR,ASW,CE,Federal Contract Tower,0,5,21,0,26,0,5,47,0,52,0,10,68,0,78,36,0,36,114
01/05/2002,ASG,AR,ASW,CE,Federal Contract Tower,0,2,7,0,9,0,0,0,0,0,0,2,7,0,9,0,0,0,9
01/06/2002,ASG,AR,ASW,CE,Federal Contract Tower,0,0,10,0,10,0,0,8,0,8,0,0,18,0,18,0,0,0,18
01/07/2002,ASG,AR,ASW,CE,Federal Contract Tower,0,5,21,0,26,0,3,22,0,25,0,8,43,0,51,14,0,14,65
01/08/2002,ASG,AR,ASW,CE,Federal Contract Tower,0,7,34,0,41,0,3,96,0,99,0,10,130,0,140,40,0,40,180
01/09/2002,ASG,AR,ASW,CE,Federal Contract Tower,0,6,28,0,34,0,9,40,0,49,0,15,68,0,83,106,0,106,189
01/10/2002,ASG,AR,ASW,CE,Federal Contract Tower,0,6,33,0,39,0,6,18,0,24,0,12,51,0,63,30,0,30,93
01/11/2002,ASG,AR,ASW,CE,Federal Contract Tower,0,5,27,0,32,0,1,86,0,87,0,6,113,0,119,74,0,74,193
01/12/2002,ASG,AR,ASW,CE,Federal Contract Tower,0,0,4,0,4,0,5,53,0,58,0,5,57,0,62,32,0,32,94
01/13/2002,ASG,AR,ASW,CE,Federal Contract Tower,0,1,10,0,11,0,2,39,0,41,0,3,49,0,52,46,0,46,98
01/14/2002,ASG,AR,ASW,CE,Federal Contract Tower,0,4,23,0,27,0,5,33,0,38,0,9,56,0,65,8,0,8,73
01/15/2002,ASG,AR,ASW,CE,Federal Contract Tower,0,5,27,0,32,0,9,64,0,73,0,14,91,0,105,66,0,66,171
01/16/2002,ASG,AR,ASW,CE,Federal Contract Tower,0,6,37,0,43,0,5,11,2,18,0,11,48,2,61,6,0,6,67
01/17/2002,ASG,AR,ASW,CE,Federal Contract Tower,0,5,29,0,34,0,7,12,0,19,0,12,41,0,53,0,0,0,53
01/18/2002,ASG,AR,ASW,CE,Federal Contract Tower,0,5,30,0,35,0,6,31,0,37,0,11,61,0,72,24,0,24,96
01/19/2002,ASG,AR,ASW,CE,Federal Contract Tower,0,2,14,0,16,0,5,11,0,16,0,7,25,0,32,4,0,4,36
01/20/2002,ASG,AR,ASW,CE,Federal Contract Tower,0,1,9,0,10,0,3,60,0,63,0,4,69,0,73,72,0,72,145
01/21/2002,ASG,AR,ASW,CE,Federal Contract Tower,0,2,14,0,16,0,3,71,0,74,0,5,85,0,90,88,0,88,178
01/22/2002,ASG,AR,ASW,CE,Federal Contract Tower,0,4,25,0,29,0,8,41,0,49,0,12,66,0,78,52,0,52,130
01/23/2002,ASG,AR,ASW,CE,Federal Contract Tower,0,4,27,0,31,0,8,26,0,34,0,12,53,0,65,30,0,30,95
01/24/2002,ASG,AR,ASW,CE,Federal Contract Tower,0,5,30,0,35,0,2,63,0,65,0,7,93,0,100,26,0,26,126
01/25/2002,ASG,AR,ASW,CE,Federal Contract Tower,0,4,22,0,26,0,9,101,0,110,0,13,123,0,136,68,0,68,204
01/26/2002,ASG,AR,ASW,CE,Federal Contract Tower,0,2,16,0,18,0,1,68,0,69,0,3,84,0,87,76,0,76,163
01/27/2002,ASG,AR,ASW,CE,Federal Contract Tower,0,1,8,0,9,0,6,47,0,53,0,7,55,0,62,30,0,30,92
01/28/2002,ASG,AR,ASW,CE,Federal Contract Tower,0,3,20,0,23,0,9,52,0,61,0,12,72,0,84,46,0,46,130
01/29/2002,ASG,AR,ASW,CE,Federal Contract Tower,0,4,25,0,29,0,4,23,0,27,0,8,48,0,56,8,0,8,64
01/30/2002,ASG,AR,ASW,CE,Federal Contract Tower,0,6,14,0,20,0,0,0,0,0,0,6,14,0,20,0,0,0,20
01/31/2002,ASG,AR,ASW,CE,Federal Contract Tower,0,0,0,0,0,0,0,0,0,0,0,0,0,0,0,0,0,0,0
02/01/2002,ASG,AR,ASW,CE,Federal Contract Tower,0,5,29,0,34,0,3,52,0,55,0,8,81,0,89,70,0,70,159
02/02/2002,ASG,AR,ASW,CE,Federal Contract Tower,0,3,13,0,16,0,5,65,0,70,0,8,78,0,86,100,0,100,186
02/03/2002,ASG,AR,ASW,CE,Federal Contract Tower,0,2,9,0,11,0,1,57,0,58,0,3,66,0,69,42,0,42,111
02/04/2002,ASG,AR,ASW,CE,Federal Contract Tower,0,4,20,0,24,0,2,48,0,50,0,6,68,0,74,76,0,76,150
02/05/2002,ASG,AR,ASW,CE,Federal Contract Tower,0,4,19,0,23,0,1,13,0,14,0,5,32,0,37,20,0,20,57
02/06/2002,ASG,AR,ASW,CE,Federal Contract Tower,0,3,15,0,18,0,1,0,0,1,0,4,15,0,19,0,0,0,19
02/07/2002,ASG,AR,ASW,CE,Federal Contract Tower,0,6,33,0,39,0,5,31,0,36,0,11,64,0,75,98,0,98,173
02/08/2002,ASG,AR,ASW,CE,Federal Contract Tower,0,5,29,0,34,0,1,73,2,76,0,6,102,2,110,40,0,40,150
02/09/2002,ASG,AR,ASW,CE,Federal Contract Tower,0,0,5,0,5,0,0,16,0,16,0,0,21,0,21,2,0,2,23
02/10/2002,ASG,AR,ASW,CE,Federal Contract Tower,0,2,6,0,8,0,2,7,0,9,0,4,13,0,17,0,0,0,17
02/11/2002,ASG,AR,ASW,CE,Federal Contract Tower,0,5,23,0,28,0,6,71,0,77,0,11,94,0,105,68,0,68,173
02/12/2002,ASG,AR,ASW,CE,Federal Contract Tower,0,4,23,1,28,0,8,57,5,70,0,12,80,6,98,50,0,50,148
02/13/2002,ASG,AR,ASW,CE,Federal Contract Tower,0,5,30,0,35,0,1,59,2,62,0,6,89,2,97,82,0,82,179
02/14/2002,ASG,AR,ASW,CE,Federal Contract Tower,0,4,25,0,29,0,7,36,4,47,0,11,61,4,76,74,0,74,150
02/15/2002,ASG,AR,ASW,CE,Federal Contract Tower,0,6,39,0,45,0,6,48,6,60,0,12,87,6,105,58,0,58,163
02/16/2002,ASG,AR,ASW,CE,Federal Contract Tower,0,2,12,0,14,0,2,85,0,87,0,4,97,0,101,44,0,44,145
02/17/2002,ASG,AR,ASW,CE,Federal Contract Tower,0,1,6,0,7,0,2,70,0,72,0,3,76,0,79,46,0,46,125
02/18/2002,ASG,AR,ASW,CE,Federal Contract Tower,0,2,14,0,16,0,3,31,0,34,0,5,45,0,50,52,0,52,102
02/19/2002,ASG,AR,ASW,CE,Federal Contract Tower,0,2,18,0,20,0,11,1,0,12,0,13,19,0,32,20,0,20,52
02/20/2002,ASG,AR,ASW,CE,Federal Contract Tower,0,6,42,0,48,0,10,55,4,69,0,16,97,4,117,66,0,66,183
02/21/2002,ASG,AR,ASW,CE,Federal Contract Tower,0,4,26,0,30,0,5,72,0,77,0,9,98,0,107,70,0,70,177
02/22/2002,ASG,AR,ASW,CE,Federal Contract Tower,0,5,30,0,35,0,5,131,5,141,0,10,161,5,176,136,0,136,312
02/23/2002,ASG,AR,ASW,CE,Federal Contract Tower,0,0,5,0,5,0,4,86,0,90,0,4,91,0,95,74,0,74,169
02/24/2002,ASG,AR,ASW,CE,Federal Contract Tower,0,1,10,0,11,0,4,29,0,33,0,5,39,0,44,0,0,0,44
02/25/2002,ASG,AR,ASW,CE,Federal Contract Tower,0,4,29,0,33,0,0,1,0,1,0,4,30,0,34,6,0,6,40
02/26/2002,ASG,AR,ASW,CE,Federal Contract Tower,0,4,25,0,29,0,2,6,0,8,0,6,31,0,37,4,0,4,41
02/27/2002,ASG,AR,ASW,CE,Federal Contract Tower,0,4,27,0,31,0,3,71,2,76,0,7,98,2,107,68,0,68,175
02/28/2002,ASG,AR,ASW,CE,Federal Contract Tower,0,2,15,0,17,0,9,31,0,40,0,11,46,0,57,16,0,16,73
03/01/2002,ASG,AR,ASW,CE,Federal Contract Tower,0,4,12,0,16,0,6,0,0,6,0,10,12,0,22,0,0,0,22
03/02/2002,ASG,AR,ASW,CE,Federal Contract Tower,0,1,0,0,1,0,2,0,0,2,0,3,0,0,3,0,0,0,3
03/03/2002,ASG,AR,ASW,CE,Federal Contract Tower,0,1,5,0,6,0,3,7,0,10,0,4,12,0,16,2,0,2,18
03/04/2002,ASG,AR,ASW,CE,Federal Contract Tower,0,4,21,0,25,0,8,40,0,48,0,12,61,0,73,4,0,4,77
03/05/2002,ASG,AR,ASW,CE,Federal Contract Tower,0,6,30,0,36,0,9,67,4,80,0,15,97,4,116,114,0,114,230
03/06/2002,ASG,AR,ASW,CE,Federal Contract Tower,0,6,33,0,39,0,4,38,3,45,0,10,71,3,84,6,0,6,90
03/07/2002,ASG,AR,ASW,CE,Federal Contract Tower,0,5,28,0,33,0,5,20,0,25,0,10,48,0,58,0,0,0,58
03/08/2002,ASG,AR,ASW,CE,Federal Contract Tower,0,5,25,0,30,0,2,15,0,17,0,7,40,0,47,2,0,2,49
03/09/2002,ASG,AR,ASW,CE,Federal Contract Tower,0,2,8,0,10,0,2,10,0,12,0,4,18,0,22,0,0,0,22
03/10/2002,ASG,AR,ASW,CE,Federal Contract Tower,0,2,11,0,13,0,0,108,0,108,0,2,119,0,121,126,0,126,247
03/11/2002,ASG,AR,ASW,CE,Federal Contract Tower,0,5,27,0,32,0,3,29,0,32,0,8,56,0,64,86,0,86,150
03/12/2002,ASG,AR,ASW,CE,Federal Contract Tower,0,5,24,0,29,0,8,91,0,99,0,13,115,0,128,176,0,176,304
03/13/2002,ASG,AR,ASW,CE,Federal Contract Tower,0,5,31,0,36,0,0,70,5,75,0,5,101,5,111,70,0,70,181
03/14/2002,ASG,AR,ASW,CE,Federal Contract Tower,0,6,29,0,35,0,8,27,0,35,0,14,56,0,70,2,0,2,72
03/15/2002,ASG,AR,ASW,CE,Federal Contract Tower,0,6,32,0,38,0,3,5,0,8,0,9,37,0,46,8,0,8,54
03/16/2002,ASG,AR,ASW,CE,Federal Contract Tower,0,2,15,0,17,0,4,49,0,53,0,6,64,0,70,26,0,26,96
03/17/2002,ASG,AR,ASW,CE,Federal Contract Tower,0,1,7,0,8,0,6,34,0,40,0,7,41,0,48,52,0,52,100
03/18/2002,ASG,AR,ASW,CE,Federal Contract Tower,0,3,22,0,25,0,3,24,0,27,0,6,46,0,52,30,0,30,82
03/19/2002,ASG,AR,ASW,CE,Federal Contract Tower,0,3,24,0,27,0,4,2,0,6,0,7,26,0,33,0,0,0,33
03/20/2002,ASG,AR,ASW,CE,Federal Contract Tower,0,6,37,0,43,0,8,42,0,50,0,14,79,0,93,88,0,88,181
03/21/2002,ASG,AR,ASW,CE,Federal Contract Tower,0,4,30,0,34,0,0,12,0,12,0,4,42,0,46,0,0,0,46
03/22/2002,ASG,AR,ASW,CE,Federal Contract Tower,0,5,32,0,37,0,6,74,0,80,0,11,106,0,117,40,0,40,157
03/23/2002,ASG,AR,ASW,CE,Federal Contract Tower,0,1,11,0,12,0,6,78,0,84,0,7,89,0,96,44,0,44,140
03/24/2002,ASG,AR,ASW,CE,Federal Contract Tower,0,3,23,0,26,0,0,13,0,13,0,3,36,0,39,28,0,28,67
03/25/2002,ASG,AR,ASW,CE,Federal Contract Tower,0,2,10,0,12,0,3,0,0,3,0,5,10,0,15,2,0,2,17
03/26/2002,ASG,AR,ASW,CE,Federal Contract Tower,0,4,27,0,31,0,2,21,2,25,0,6,48,2,56,24,0,24,80
03/27/2002,ASG,AR,ASW,CE,Federal Contract Tower,0,4,25,0,29,0,7,90,0,97,0,11,115,0,126,106,0,106,232
03/28/2002,ASG,AR,ASW,CE,Federal Contract Tower,0,3,22,0,25,0,7,67,0,74,0,10,89,0,99,26,0,26,125
03/29/2002,ASG,AR,ASW,CE,Federal Contract Tower,0,4,29,0,33,0,3,37,0,40,0,7,66,0,73,22,0,22,95
03/30/2002,ASG,AR,ASW,CE,Federal Contract Tower,0,1,8,0,9,0,4,25,0,29,0,5,33,0,38,0,0,0,38
03/31/2002,ASG,AR,ASW,CE,Federal Contract Tower,0,2,12,0,14,0,3,66,0,69,0,5,78,0,83,42,0,42,125
04/01/2002,ASG,AR,ASW,CE,Federal Contract Tower,0,4,18,0,22,0,4,32,2,38,0,8,50,2,60,46,0,46,106
04/02/2002,ASG,AR,ASW,CE,Federal Contract Tower,0,5,21,0,26,0,7,26,1,34,0,12,47,1,60,22,0,22,82
04/03/2002,ASG,AR,ASW,CE,Federal Contract Tower,0,8,32,0,40,0,7,58,0,65,0,15,90,0,105,44,0,44,149
04/04/2002,ASG,AR,ASW,CE,Federal Contract Tower,0,5,20,0,25,0,7,60,0,67,0,12,80,0,92,78,0,78,170
04/05/2002,ASG,AR,ASW,CE,Federal Contract Tower,0,6,23,0,29,0,5,83,0,88,0,11,106,0,117,110,0,110,227
04/06/2002,ASG,AR,ASW,CE,Federal Contract Tower,0,3,9,0,12,0,0,67,0,67,0,3,76,0,79,54,0,54,133
04/07/2002,ASG,AR,ASW,CE,Federal Contract Tower,0,0,4,0,4,0,0,2,0,2,0,0,6,0,6,0,0,0,6
04/08/2002,ASG,AR,ASW,CE,Federal Contract Tower,0,5,18,0,23,0,5,0,0,5,0,10,18,0,28,0,0,0,28
04/09/2002,ASG,AR,ASW,CE,Federal Contract Tower,0,9,36,0,45,0,5,47,0,52,0,14,83,0,97,32,0,32,129
04/10/2002,ASG,AR,ASW,CE,Federal Contract Tower,0,6,25,0,31,0,3,72,0,75,0,9,97,0,106,56,0,56,162
04/11/2002,ASG,AR,ASW,CE,Federal Contract Tower,0,5,20,0,25,0,4,49,0,53,0,9,69,0,78,56,0,56,134
04/12/2002,ASG,AR,ASW,CE,Federal Contract Tower,0,8,32,0,40,0,10,43,0,53,0,18,75,0,93,50,0,50,143
04/13/2002,ASG,AR,ASW,CE,Federal Contract Tower,0,4,13,0,17,0,8,21,0,29,0,12,34,0,46,32,0,32,78
04/14/2002,ASG,AR,ASW,CE,Federal Contract Tower,0,4,18,0,22,0,1,64,0,65,0,5,82,0,87,48,0,48,135
04/15/2002,ASG,AR,ASW,CE,Federal Contract Tower,0,8,36,0,44,0,6,45,0,51,0,14,81,0,95,48,0,48,143
04/16/2002,ASG,AR,ASW,CE,Federal Contract Tower,0,6,25,0,31,0,5,22,0,27,0,11,47,0,58,18,0,18,76
04/17/2002,ASG,AR,ASW,CE,Federal Contract Tower,0,8,37,0,45,0,9,84,0,93,0,17,121,0,138,122,0,122,260
04/18/2002,ASG,AR,ASW,CE,Federal Contract Tower,0,6,31,0,37,0,5,42,0,47,0,11,73,0,84,10,0,10,94
04/19/2002,ASG,AR,ASW,CE,Federal Contract Tower,0,6,32,0,38,0,5,30,0,35,0,11,62,0,73,18,0,18,91
04/20/2002,ASG,AR,ASW,CE,Federal Contract Tower,0,2,14,0,16,0,7,39,0,46,0,9,53,0,62,26,0,26,88
04/21/2002,ASG,AR,ASW,CE,Federal Contract Tower,0,3,14,0,17,0,4,37,0,41,0,7,51,0,58,28,0,28,86
04/22/2002,ASG,AR,ASW,CE,Federal Contract Tower,0,3,19,0,22,0,13,94,0,107,0,16,113,0,129,110,0,110,239
04/23/2002,ASG,AR,ASW,CE,Federal Contract Tower,0,6,29,0,35,0,6,30,0,36,0,12,59,0,71,12,0,12,83
04/24/2002,ASG,AR,ASW,CE,Federal Contract Tower,0,5,31,0,36,0,0,29,0,29,0,5,60,0,65,12,0,12,77
04/25/2002,ASG,AR,ASW,CE,Federal Contract Tower,0,4,19,0,23,0,4,68,1,73,0,8,87,1,96,72,0,72,168
04/26/2002,ASG,AR,ASW,CE,Federal Contract Tower,0,6,33,0,39,0,5,5,0,10,0,11,38,0,49,0,0,0,49
04/27/2002,ASG,AR,ASW,CE,Federal Contract Tower,0,0,5,0,5,0,7,3,0,10,0,7,8,0,15,0,0,0,15
04/28/2002,ASG,AR,ASW,CE,Federal Contract Tower,0,0,5,0,5,0,4,80,0,84,0,4,85,0,89,100,0,100,189
04/29/2002,ASG,AR,ASW,CE,Federal Contract Tower,0,4,23,0,27,0,6,53,0,59,0,10,76,0,86,108,0,108,194
04/30/2002,ASG,AR,ASW,CE,Federal Contract Tower,0,4,19,0,23,0,5,29,0,34,0,9,48,0,57,60,0,60,117
05/01/2002,ASG,AR,ASW,CE,Federal Contract Tower,0,8,26,0,34,0,8,26,0,34,0,16,52,0,68,28,0,28,96
05/02/2002,ASG,AR,ASW,CE,Federal Contract Tower,0,10,31,0,41,0,6,16,0,22,0,16,47,0,63,56,0,56,119
05/03/2002,ASG,AR,ASW,CE,Federal Contract Tower,0,7,23,0,30,0,3,30,0,33,0,10,53,0,63,6,0,6,69
05/04/2002,ASG,AR,ASW,CE,Federal Contract Tower,0,3,10,0,13,0,6,59,0,65,0,9,69,0,78,86,0,86,164
05/05/2002,ASG,AR,ASW,CE,Federal Contract Tower,0,4,11,0,15,0,3,67,0,70,0,7,78,0,85,128,0,128,213
05/06/2002,ASG,AR,ASW,CE,Federal Contract Tower,0,6,18,0,24,0,4,25,0,29,0,10,43,0,53,4,0,4,57
05/07/2002,ASG,AR,ASW,CE,Federal Contract Tower,0,8,26,0,34,0,2,51,2,55,0,10,77,2,89,148,0,148,237
05/08/2002,ASG,AR,ASW,CE,Federal Contract Tower,0,7,23,0,30,0,2,21,0,23,0,9,44,0,53,38,0,38,91
05/09/2002,ASG,AR,ASW,CE,Federal Contract Tower,0,8,24,0,32,0,7,64,0,71,0,15,88,0,103,90,0,90,193
05/10/2002,ASG,AR,ASW,CE,Federal Contract Tower,0,8,26,0,34,0,7,34,0,41,0,15,60,0,75,36,0,36,111
05/11/2002,ASG,AR,ASW,CE,Federal Contract Tower,0,5,15,0,20,0,5,26,0,31,0,10,41,0,51,30,0,30,81
05/12/2002,ASG,AR,ASW,CE,Federal Contract Tower,0,1,3,0,4,0,2,7,0,9,0,3,10,0,13,6,0,6,19
05/13/2002,ASG,AR,ASW,CE,Federal Contract Tower,0,8,26,0,34,0,8,51,0,59,0,16,77,0,93,130,0,130,223
05/14/2002,ASG,AR,ASW,CE,Federal Contract Tower,0,7,27,0,34,0,9,102,0,111,0,16,129,0,145,156,0,156,301
05/15/2002,ASG,AR,ASW,CE,Federal Contract Tower,0,11,34,0,45,0,8,18,0,26,0,19,52,0,71,28,0,28,99
05/16/2002,ASG,AR,ASW,CE,Federal Contract Tower,0,11,36,0,47,0,10,32,0,42,0,21,68,0,89,50,0,50,139
05/17/2002,ASG,AR,ASW,CE,Federal Contract Tower,0,7,23,0,30,0,3,7,0,10,0,10,30,0,40,0,0,0,40
05/18/2002,ASG,AR,ASW,CE,Federal Contract Tower,0,2,6,0,8,0,3,80,0,83,0,5,86,0,91,58,0,58,149
05/19/2002,ASG,AR,ASW,CE,Federal Contract Tower,0,1,7,0,8,0,8,95,0,103,0,9,102,0,111,88,0,88,199
05/20/2002,ASG,AR,ASW,CE,Federal Contract Tower,0,7,26,0,33,0,9,61,0,70,0,16,87,0,103,104,0,104,207
05/21/2002,ASG,AR,ASW,CE,Federal Contract Tower,0,5,20,0,25,0,12,71,0,83,0,17,91,0,108,114,0,114,222
05/22/2002,ASG,AR,ASW,CE,Federal Contract Tower,0,8,30,0,38,0,3,47,0,50,0,11,77,0,88,52,0,52,140
05/23/2002,ASG,AR,ASW,CE,Federal Contract Tower,0,7,26,0,33,0,3,45,0,48,0,10,71,0,81,48,0,48,129
05/24/2002,ASG,AR,ASW,CE,Federal Contract Tower,0,8,25,0,33,0,5,25,0,30,0,13,50,0,63,72,0,72,135
05/25/2002,ASG,AR,ASW,CE,Federal Contract Tower,0,1,12,0,13,0,0,31,0,31,0,1,43,0,44,66,0,66,110
05/26/2002,ASG,AR,ASW,CE,Federal Contract Tower,0,1,6,0,7,0,4,59,0,63,0,5,65,0,70,86,0,86,156
05/27/2002,ASG,AR,ASW,CE,Federal Contract Tower,0,1,7,0,8,0,1,24,0,25,0,2,31,0,33,26,0,26,59
05/28/2002,ASG,AR,ASW,CE,Federal Contract Tower,0,4,17,0,21,0,3,11,0,14,0,7,28,0,35,0,0,0,35
05/29/2002,ASG,AR,ASW,CE,Federal Contract Tower,0,7,24,0,31,0,2,25,0,27,0,9,49,0,58,0,0,0,58
05/30/2002,ASG,AR,ASW,CE,Federal Contract Tower,0,7,26,0,33,0,2,98,3,103,0,9,124,3,136,112,0,112,248
05/31/2002,ASG,AR,ASW,CE,Federal Contract Tower,0,7,25,0,32,0,8,128,0,136,0,15,153,0,168,194,0,194,362
06/01/2002,ASG,AR,ASW,CE,Federal Contract Tower,0,4,12,0,16,0,3,100,0,103,0,7,112,0,119,102,0,102,221
06/02/2002,ASG,AR,ASW,CE,Federal Contract Tower,0,1,3,0,4,0,4,66,0,70,0,5,69,0,74,90,0,90,164
06/03/2002,ASG,AR,ASW,CE,Federal Contract Tower,0,7,22,0,29,0,3,58,0,61,0,10,80,0,90,64,0,64,154
06/04/2002,ASG,AR,ASW,CE,Federal Contract Tower,0,8,26,0,34,0,4,75,0,79,0,12,101,0,113,176,0,176,289
06/05/2002,ASG,AR,ASW,CE,Federal Contract Tower,0,7,26,0,33,0,2,1,0,3,0,9,27,0,36,0,0,0,36
06/06/2002,ASG,AR,ASW,CE,Federal Contract Tower,0,8,32,0,40,0,5,112,0,117,0,13,144,0,157,116,0,116,273
06/07/2002,ASG,AR,ASW,CE,Federal Contract Tower,0,8,34,0,42,0,3,124,0,127,0,11,158,0,169,128,0,128,297
06/08/2002,ASG,AR,ASW,CE,Federal Contract Tower,0,1,4,0,5,0,7,92,2,101,0,8,96,2,106,106,0,106,212
06/09/2002,ASG,AR,ASW,CE,Federal Contract Tower,0,2,8,0,10,0,2,32,0,34,0,4,40,0,44,32,0,32,76
06/10/2002,ASG,AR,ASW,CE,Federal Contract Tower,0,5,23,0,28,0,0,20,0,20,0,5,43,0,48,18,0,18,66
06/11/2002,ASG,AR,ASW,CE,Federal Contract Tower,0,9,34,0,43,0,4,64,0,68,0,13,98,0,111,100,0,100,211
06/12/2002,ASG,AR,ASW,CE,Federal Contract Tower,0,5,19,0,24,0,8,54,0,62,0,13,73,0,86,54,0,54,140
06/13/2002,ASG,AR,ASW,CE,Federal Contract Tower,0,7,28,0,35,0,5,33,6,44,0,12,61,6,79,64,0,64,143
06/14/2002,ASG,AR,ASW,CE,Federal Contract Tower,0,3,17,0,20,0,15,69,2,86,0,18,86,2,106,52,12,64,170
06/15/2002,ASG,AR,ASW,CE,Federal Contract Tower,0,3,15,0,18,0,2,82,0,84,0,5,97,0,102,34,0,34,136
06/16/2002,ASG,AR,ASW,CE,Federal Contract Tower,0,1,5,0,6,0,5,74,0,79,0,6,79,0,85,62,0,62,147
06/17/2002,ASG,AR,ASW,CE,Federal Contract Tower,0,4,22,0,26,0,10,70,0,80,0,14,92,0,106,122,0,122,228
06/18/2002,ASG,AR,ASW,CE,Federal Contract Tower,0,6,20,0,26,0,3,71,0,74,0,9,91,0,100,62,0,62,162
06/19/2002,ASG,AR,ASW,CE,Federal Contract Tower,0,3,17,0,20,0,9,85,0,94,0,12,102,0,114,60,0,60,174
06/20/2002,ASG,AR,ASW,CE,Federal Contract Tower,0,6,27,0,33,0,9,58,0,67,0,15,85,0,100,42,0,42,142
06/21/2002,ASG,AR,ASW,CE,Federal Contract Tower,0,4,22,0,26,0,12,64,0,76,0,16,86,0,102,62,0,62,164
06/22/2002,ASG,AR,ASW,CE,Federal Contract Tower,0,2,9,0,11,0,1,88,0,89,0,3,97,0,100,76,0,76,176
06/23/2002,ASG,AR,ASW,CE,Federal Contract Tower,0,0,4,0,4,0,0,62,0,62,0,0,66,0,66,22,0,22,88
06/24/2002,ASG,AR,ASW,CE,Federal Contract Tower,0,5,23,0,28,0,7,39,0,46,0,12,62,0,74,88,0,88,162
06/25/2002,ASG,AR,ASW,CE,Federal Contract Tower,0,6,28,0,34,0,12,54,0,66,0,18,82,0,100,74,0,74,174
06/26/2002,ASG,AR,ASW,CE,Federal Contract Tower,0,7,33,0,40,0,4,69,0,73,0,11,102,0,113,126,0,126,239
06/27/2002,ASG,AR,ASW,CE,Federal Contract Tower,0,6,31,0,37,0,6,91,0,97,0,12,122,0,134,106,0,106,240
06/28/2002,ASG,AR,ASW,CE,Federal Contract Tower,0,4,22,0,26,0,7,73,0,80,0,11,95,0,106,70,0,70,176
06/29/2002,ASG,AR,ASW,CE,Federal Contract Tower,0,3,17,0,20,0,1,97,0,98,0,4,114,0,118,98,0,98,216
06/30/2002,ASG,AR,ASW,CE,Federal Contract Tower,0,1,13,0,14,0,0,64,0,64,0,1,77,0,78,70,0,70,148
07/01/2002,ASG,AR,ASW,CE,Federal Contract Tower,0,11,34,0,45,0,4,48,0,52,0,15,82,0,97,130,0,130,227
07/02/2002,ASG,AR,ASW,CE,Federal Contract Tower,0,8,27,0,35,0,8,36,0,44,0,16,63,0,79,80,0,80,159
07/03/2002,ASG,AR,ASW,CE,Federal Contract Tower,0,12,41,0,53,0,9,52,0,61,0,21,93,0,114,34,0,34,148
07/04/2002,ASG,AR,ASW,CE,Federal Contract Tower,0,3,6,0,9,0,7,33,2,42,0,10,39,2,51,0,0,0,51
07/05/2002,ASG,AR,ASW,CE,Federal Contract Tower,0,6,17,0,23,0,7,57,0,64,0,13,74,0,87,24,0,24,111
07/06/2002,ASG,AR,ASW,CE,Federal Contract Tower,0,3,10,0,13,0,4,66,0,70,0,7,76,0,83,52,0,52,135
07/07/2002,ASG,AR,ASW,CE,Federal Contract Tower,0,4,11,0,15,0,3,61,0,64,0,7,72,0,79,70,0,70,149
07/08/2002,ASG,AR,ASW,CE,Federal Contract Tower,0,4,10,0,14,0,7,63,3,73,0,11,73,3,87,60,0,60,147
07/09/2002,ASG,AR,ASW,CE,Federal Contract Tower,0,9,29,0,38,0,9,67,12,88,0,18,96,12,126,104,0,104,230
07/10/2002,ASG,AR,ASW,CE,Federal Contract Tower,0,4,12,0,16,0,5,48,12,65,0,9,60,12,81,60,0,60,141
07/11/2002,ASG,AR,ASW,CE,Federal Contract Tower,0,6,19,0,25,0,4,54,6,64,0,10,73,6,89,52,0,52,141
07/12/2002,ASG,AR,ASW,CE,Federal Contract Tower,0,4,13,0,17,0,3,42,3,48,0,7,55,3,65,32,0,32,97
07/13/2002,ASG,AR,ASW,CE,Federal Contract Tower,0,2,5,0,7,0,4,44,0,48,0,6,49,0,55,40,0,40,95
07/14/2002,ASG,AR,ASW,CE,Federal Contract Tower,0,1,4,0,5,0,3,32,0,35,0,4,36,0,40,8,0,8,48
07/15/2002,ASG,AR,ASW,CE,Federal Contract Tower,0,3,11,0,14,0,3,47,0,50,0,6,58,0,64,30,0,30,94
07/16/2002,ASG,AR,ASW,CE,Federal Contract Tower,0,4,17,0,21,0,2,55,0,57,0,6,72,0,78,74,0,74,152
07/17/2002,ASG,AR,ASW,CE,Federal Contract Tower,0,4,17,0,21,0,4,35,0,39,0,8,52,0,60,30,0,30,90
07/18/2002,ASG,AR,ASW,CE,Federal Contract Tower,0,5,19,0,24,0,3,34,0,37,0,8,53,0,61,30,0,30,91
07/19/2002,ASG,AR,ASW,CE,Federal Contract Tower,0,5,18,0,23,0,8,82,0,90,0,13,100,0,113,98,0,98,211
07/20/2002,ASG,AR,ASW,CE,Federal Contract Tower,0,1,5,0,6,0,2,63,0,65,0,3,68,0,71,18,0,18,89
07/21/2002,ASG,AR,ASW,CE,Federal Contract Tower,0,1,6,0,7,0,2,49,0,51,0,3,55,0,58,4,0,4,62
07/22/2002,ASG,AR,ASW,CE,Federal Contract Tower,0,4,16,0,20,0,4,58,0,62,0,8,74,0,82,82,0,82,164
07/23/2002,ASG,AR,ASW,CE,Federal Contract Tower,0,5,19,0,24,0,2,42,1,45,0,7,61,1,69,42,0,42,111
07/24/2002,ASG,AR,ASW,CE,Federal Contract Tower,0,5,21,0,26,0,6,84,0,90,0,11,105,0,116,112,0,112,228
07/25/2002,ASG,AR,ASW,CE,Federal Contract Tower,0,4,14,0,18,0,3,70,0,73,0,7,84,0,91,40,0,40,131
07/26/2002,ASG,AR,ASW,CE,Federal Contract Tower,0,4,16,0,20,0,6,67,0,73,0,10,83,0,93,78,0,78,171
07/27/2002,ASG,AR,ASW,CE,Federal Contract Tower,0,1,4,0,5,0,4,44,0,48,0,5,48,0,53,42,0,42,95
07/28/2002,ASG,AR,ASW,CE,Federal Contract Tower,0,0,11,0,11,0,0,46,0,46,0,0,57,0,57,58,0,58,115
07/29/2002,ASG,AR,ASW,CE,Federal Contract Tower,0,6,24,0,30,0,1,65,3,69,0,7,89,3,99,44,0,44,143
07/30/2002,ASG,AR,ASW,CE,Federal Contract Tower,0,6,25,0,31,0,11,59,1,71,0,17,84,1,102,88,0,88,190
07/31/2002,ASG,AR,ASW,CE,Federal Contract Tower,0,0,0,0,0,0,0,0,0,0,0,0,0,0,0,0,0,0,0
08/01/2002,ASG,AR,ASW,CE,Federal Contract Tower,0,7,30,0,37,0,5,71,0,76,0,12,101,0,113,34,0,34,147
08/02/2002,ASG,AR,ASW,CE,Federal Contract Tower,0,7,29,0,36,0,7,63,0,70,0,14,92,0,106,40,0,40,146
08/03/2002,ASG,AR,ASW,CE,Federal Contract Tower,0,2,8,0,10,0,5,89,0,94,0,7,97,0,104,101,0,101,205
08/04/2002,ASG,AR,ASW,CE,Federal Contract Tower,0,2,6,0,8,0,2,50,0,52,0,4,56,0,60,34,0,34,94
08/05/2002,ASG,AR,ASW,CE,Federal Contract Tower,0,6,23,0,29,0,2,29,0,31,0,8,52,0,60,34,0,34,94
08/06/2002,ASG,AR,ASW,CE,Federal Contract Tower,0,5,23,0,28,0,2,39,0,41,0,7,62,0,69,28,0,28,97
08/07/2002,ASG,AR,ASW,CE,Federal Contract Tower,0,5,20,0,25,0,17,73,0,90,0,22,93,0,115,82,0,82,197
08/08/2002,ASG,AR,ASW,CE,Federal Contract Tower,0,6,26,0,32,0,11,79,0,90,0,17,105,0,122,108,0,108,230
08/09/2002,ASG,AR,ASW,CE,Federal Contract Tower,0,7,32,0,39,0,2,99,0,101,0,9,131,0,140,180,0,180,320
08/10/2002,ASG,AR,ASW,CE,Federal Contract Tower,0,2,8,0,10,0,0,62,0,62,0,2,70,0,72,100,0,100,172
08/11/2002,ASG,AR,ASW,CE,Federal Contract Tower,0,3,9,0,12,0,1,55,0,56,0,4,64,0,68,40,0,40,108
08/12/2002,ASG,AR,ASW,CE,Federal Contract Tower,0,5,22,0,27,0,2,44,0,46,0,7,66,0,73,52,0,52,125
08/13/2002,ASG,AR,ASW,CE,Federal Contract Tower,0,5,23,0,28,0,2,9,0,11,0,7,32,0,39,0,0,0,39
08/14/2002,ASG,AR,ASW,CE,Federal Contract Tower,0,10,46,0,56,0,0,10,0,10,0,10,56,0,66,8,0,8,74
08/15/2002,ASG,AR,ASW,CE,Federal Contract Tower,0,6,28,0,34,0,3,92,0,95,0,9,120,0,129,182,0,182,311
08/16/2002,ASG,AR,ASW,CE,Federal Contract Tower,0,6,33,0,39,0,1,68,0,69,0,7,101,0,108,72,0,72,180
08/17/2002,ASG,AR,ASW,CE,Federal Contract Tower,0,2,12,0,14,0,4,82,0,86,0,6,94,0,100,58,0,58,158
08/18/2002,ASG,AR,ASW,CE,Federal Contract Tower,0,1,6,0,7,0,3,61,0,64,0,4,67,0,71,68,0,68,139
08/19/2002,ASG,AR,ASW,CE,Federal Contract Tower,0,3,16,0,19,0,8,57,0,65,0,11,73,0,84,102,0,102,186
08/20/2002,ASG,AR,ASW,CE,Federal Contract Tower,0,5,29,0,34,0,7,68,0,75,0,12,97,0,109,104,0,104,213
08/21/2002,ASG,AR,ASW,CE,Federal Contract Tower,0,7,39,0,46,0,11,73,0,84,0,18,112,0,130,102,0,102,232
08/22/2002,ASG,AR,ASW,CE,Federal Contract Tower,0,6,29,0,35,0,7,63,0,70,0,13,92,0,105,80,0,80,185
08/23/2002,ASG,AR,ASW,CE,Federal Contract Tower,0,4,21,0,25,0,3,48,0,51,0,7,69,0,76,60,0,60,136
08/24/2002,ASG,AR,ASW,CE,Federal Contract Tower,0,2,10,0,12,0,3,41,0,44,0,5,51,0,56,48,0,48,104
08/25/2002,ASG,AR,ASW,CE,Federal Contract Tower,0,0,7,0,7,0,0,54,0,54,0,0,61,0,61,106,0,106,167
08/26/2002,ASG,AR,ASW,CE,Federal Contract Tower,0,5,24,0,29,0,6,73,0,79,0,11,97,0,108,72,0,72,180
08/27/2002,ASG,AR,ASW,CE,Federal Contract Tower,0,5,25,0,30,0,5,66,0,71,0,10,91,0,101,98,0,98,199
08/28/2002,ASG,AR,ASW,CE,Federal Contract Tower,0,6,32,0,38,0,11,75,0,86,0,17,107,0,124,40,0,40,164
08/29/2002,ASG,AR,ASW,CE,Federal Contract Tower,0,6,30,0,36,0,11,51,0,62,0,17,81,0,98,48,0,48,146
08/30/2002,ASG,AR,ASW,CE,Federal Contract Tower,0,6,31,0,37,0,3,57,0,60,0,9,88,0,97,70,0,70,167
08/31/2002,ASG,AR,ASW,CE,Federal Contract Tower,0,1,9,0,10,0,4,60,0,64,0,5,69,0,74,34,0,34,108
09/01/2002,ASG,AR,ASW,CE,Federal Contract Tower,0,2,6,0,8,0,5,50,0,55,0,7,56,0,63,46,0,46,109
09/02/2002,ASG,AR,ASW,CE,Federal Contract Tower,0,3,7,0,10,0,3,71,0,74,0,6,78,0,84,24,0,24,108
09/03/2002,ASG,AR,ASW,CE,Federal Contract Tower,0,6,22,0,28,0,8,66,0,74,0,14,88,0,102,78,0,78,180
09/04/2002,ASG,AR,ASW,CE,Federal Contract Tower,0,5,15,0,20,0,6,65,0,71,0,11,80,0,91,96,0,96,187
09/05/2002,ASG,AR,ASW,CE,Federal Contract Tower,0,5,17,0,22,0,3,59,0,62,0,8,76,0,84,88,0,88,172
09/06/2002,ASG,AR,ASW,CE,Federal Contract Tower,0,6,20,0,26,0,5,81,0,86,0,11,101,0,112,96,0,96,208
09/07/2002,ASG,AR,ASW,CE,Federal Contract Tower,0,4,17,0,21,0,0,75,0,75,0,4,92,0,96,52,0,52,148
09/08/2002,ASG,AR,ASW,CE,Federal Contract Tower,0,2,9,0,11,0,0,54,0,54,0,2,63,0,65,38,0,38,103
09/09/2002,ASG,AR,ASW,CE,Federal Contract Tower,0,5,21,0,26,0,7,60,0,67,0,12,81,0,93,62,0,62,155
09/10/2002,ASG,AR,ASW,CE,Federal Contract Tower,0,3,19,0,22,0,13,67,0,80,0,16,86,0,102,86,0,86,188
09/11/2002,ASG,AR,ASW,CE,Federal Contract Tower,0,4,28,0,32,0,8,53,0,61,0,12,81,0,93,32,0,32,125
09/12/2002,ASG,AR,ASW,CE,Federal Contract Tower,0,5,31,0,36,0,11,66,0,77,0,16,97,0,113,68,0,68,181
09/13/2002,ASG,AR,ASW,CE,Federal Contract Tower,0,6,36,0,42,0,6,77,0,83,0,12,113,0,125,116,0,116,241
09/14/2002,ASG,AR,ASW,CE,Federal Contract Tower,0,0,5,0,5,0,8,42,0,50,0,8,47,0,55,36,0,36,91
09/15/2002,ASG,AR,ASW,CE,Federal Contract Tower,0,0,18,0,18,0,0,26,0,26,0,0,44,0,44,28,0,28,72
09/16/2002,ASG,AR,ASW,CE,Federal Contract Tower,0,8,44,0,52,0,2,41,0,43,0,10,85,0,95,46,0,46,141
09/17/2002,ASG,AR,ASW,CE,Federal Contract Tower,0,4,26,0,30,0,8,49,0,57,0,12,75,0,87,58,0,58,145
09/18/2002,ASG,AR,ASW,CE,Federal Contract Tower,0,5,32,0,37,0,5,60,0,65,0,10,92,0,102,42,0,42,144
09/19/2002,ASG,AR,ASW,CE,Federal Contract Tower,0,5,29,0,34,0,5,14,0,19,0,10,43,0,53,44,0,44,97
09/20/2002,ASG,AR,ASW,CE,Federal Contract Tower,0,4,28,0,32,0,5,65,0,70,0,9,93,0,102,55,0,55,157
09/21/2002,ASG,AR,ASW,CE,Federal Contract Tower,0,1,10,0,11,0,2,96,0,98,0,3,106,0,109,64,0,64,173
09/22/2002,ASG,AR,ASW,CE,Federal Contract Tower,0,0,11,0,11,0,8,57,0,65,0,8,68,0,76,76,0,76,152
09/23/2002,ASG,AR,ASW,CE,Federal Contract Tower,0,4,23,0,27,0,3,74,0,77,0,7,97,0,104,158,0,158,262
09/24/2002,ASG,AR,ASW,CE,Federal Contract Tower,0,7,39,0,46,0,8,72,0,80,0,15,111,0,126,96,0,96,222
09/25/2002,ASG,AR,ASW,CE,Federal Contract Tower,0,5,35,0,40,0,0,79,0,79,0,5,114,0,119,76,0,76,195
09/26/2002,ASG,AR,ASW,CE,Federal Contract Tower,0,5,32,0,37,0,5,65,0,70,0,10,97,0,107,168,0,168,275
09/27/2002,ASG,AR,ASW,CE,Federal Contract Tower,0,6,34,0,40,0,2,77,0,79,0,8,111,0,119,102,0,102,221
09/28/2002,ASG,AR,ASW,CE,Federal Contract Tower,0,5,32,0,37,0,0,55,0,55,0,5,87,0,92,44,0,44,136
09/29/2002,ASG,AR,ASW,CE,Federal Contract Tower,0,2,17,0,19,0,0,80,0,80,0,2,97,0,99,54,0,54,153
09/30/2002,ASG,AR,ASW,CE,Federal Contract Tower,0,4,25,0,29,0,4,75,0,79,0,8,100,0,108,92,0,92,200
10/01/2002,ASG,AR,ASW,CE,Federal Contract Tower,0,6,30,0,36,0,9,60,0,69,0,15,90,0,105,78,0,78,183
10/02/2002,ASG,AR,ASW,CE,Federal Contract Tower,0,5,27,0,32,0,5,73,0,78,0,10,100,0,110,102,0,102,212
10/03/2002,ASG,AR,ASW,CE,Federal Contract Tower,0,5,29,0,34,0,6,44,0,50,0,11,73,0,84,54,0,54,138
10/04/2002,ASG,AR,ASW,CE,Federal Contract Tower,0,5,24,0,29,0,11,23,0,34,0,16,47,0,63,10,0,10,73
10/05/2002,ASG,AR,ASW,CE,Federal Contract Tower,0,3,13,0,16,0,4,75,0,79,0,7,88,0,95,74,0,74,169
10/06/2002,ASG,AR,ASW,CE,Federal Contract Tower,0,2,8,0,10,0,0,13,0,13,0,2,21,0,23,10,0,10,33
10/07/2002,ASG,AR,ASW,CE,Federal Contract Tower,0,5,24,0,29,0,8,76,0,84,0,13,100,0,113,116,0,116,229
10/08/2002,ASG,AR,ASW,CE,Federal Contract Tower,0,5,28,0,33,0,4,57,0,61,0,9,85,0,94,92,0,92,186
10/09/2002,ASG,AR,ASW,CE,Federal Contract Tower,0,5,29,0,34,0,8,15,0,23,0,13,44,0,57,52,0,52,109
10/10/2002,ASG,AR,ASW,CE,Federal Contract Tower,0,6,33,0,39,0,5,15,0,20,0,11,48,0,59,12,0,12,71
10/11/2002,ASG,AR,ASW,CE,Federal Contract Tower,0,8,43,0,51,0,10,61,2,73,0,18,104,2,124,98,0,98,222
10/12/2002,ASG,AR,ASW,CE,Federal Contract Tower,0,4,22,0,26,0,1,51,0,52,0,5,73,0,78,48,0,48,126
10/13/2002,ASG,AR,ASW,CE,Federal Contract Tower,0,3,14,0,17,0,2,78,0,80,0,5,92,0,97,86,0,86,183
10/14/2002,ASG,AR,ASW,CE,Federal Contract Tower,0,1,24,0,25,0,0,94,0,94,0,1,118,0,119,60,0,60,179
10/15/2002,ASG,AR,ASW,CE,Federal Contract Tower,0,7,36,0,43,0,8,91,0,99,0,15,127,0,142,106,0,106,248
10/16/2002,ASG,AR,ASW,CE,Federal Contract Tower,0,5,32,0,37,0,7,47,6,60,0,12,79,6,97,64,0,64,161
10/17/2002,ASG,AR,ASW,CE,Federal Contract Tower,0,6,42,0,48,0,2,83,0,85,0,8,125,0,133,94,0,94,227
10/18/2002,ASG,AR,ASW,CE,Federal Contract Tower,0,7,43,0,50,0,4,37,1,42,0,11,80,1,92,46,0,46,138
10/19/2002,ASG,AR,ASW,CE,Federal Contract Tower,0,2,20,0,22,0,0,6,0,6,0,2,26,0,28,0,0,0,28
10/20/2002,ASG,AR,ASW,CE,Federal Contract Tower,0,4,30,0,34,0,1,49,0,50,0,5,79,0,84,72,0,72,156
10/21/2002,ASG,AR,ASW,CE,Federal Contract Tower,0,6,38,0,44,0,6,23,0,29,0,12,61,0,73,56,0,56,129
10/22/2002,ASG,AR,ASW,CE,Federal Contract Tower,0,5,35,0,40,0,7,50,3,60,0,12,85,3,100,96,0,96,196
10/23/2002,ASG,AR,ASW,CE,Federal Contract Tower,0,4,31,0,35,0,6,34,0,40,0,10,65,0,75,64,0,64,139
10/24/2002,ASG,AR,ASW,CE,Federal Contract Tower,0,6,42,0,48,0,2,47,0,49,0,8,89,0,97,80,0,80,177
10/25/2002,ASG,AR,ASW,CE,Federal Contract Tower,0,7,45,0,52,0,1,7,0,8,0,8,52,0,60,0,0,0,60
10/26/2002,ASG,AR,ASW,CE,Federal Contract Tower,0,6,41,0,47,0,1,45,0,46,0,7,86,0,93,72,0,72,165
10/27/2002,ASG,AR,ASW,CE,Federal Contract Tower,0,0,29,0,29,0,0,8,0,8,0,0,37,0,37,6,0,6,43
10/28/2002,ASG,AR,ASW,CE,Federal Contract Tower,0,5,32,0,37,0,7,0,0,7,0,12,32,0,44,2,0,2,46
10/29/2002,ASG,AR,ASW,CE,Federal Contract Tower,0,5,34,0,39,0,1,7,0,8,0,6,41,0,47,0,0,0,47
10/30/2002,ASG,AR,ASW,CE,Federal Contract Tower,0,8,54,0,62,0,5,8,0,13,0,13,62,0,75,30,0,30,105
10/31/2002,ASG,AR,ASW,CE,Federal Contract Tower,0,5,31,0,36,0,11,56,0,67,0,16,87,0,103,86,0,86,189
11/01/2002,ASG,AR,ASW,CE,Federal Contract Tower,0,5,23,0,28,0,4,57,0,61,0,9,80,0,89,104,0,104,193
11/02/2002,ASG,AR,ASW,CE,Federal Contract Tower,0,2,6,0,8,0,2,11,0,13,0,4,17,0,21,10,0,10,31
11/03/2002,ASG,AR,ASW,CE,Federal Contract Tower,0,0,10,0,10,0,0,4,0,4,0,0,14,0,14,0,0,0,14
11/04/2002,ASG,AR,ASW,CE,Federal Contract Tower,0,5,21,0,26,0,6,71,2,79,0,11,92,2,105,146,0,146,251
11/05/2002,ASG,AR,ASW,CE,Federal Contract Tower,0,7,31,0,38,0,4,11,0,15,0,11,42,0,53,40,0,40,93
11/06/2002,ASG,AR,ASW,CE,Federal Contract Tower,0,5,23,0,28,0,4,101,0,105,0,9,124,0,133,154,0,154,287
11/07/2002,ASG,AR,ASW,CE,Federal Contract Tower,0,8,20,0,28,0,3,86,0,89,0,11,106,0,117,52,0,52,169
11/08/2002,ASG,AR,ASW,CE,Federal Contract Tower,0,6,27,0,33,0,0,26,2,28,0,6,53,2,61,6,0,6,67
11/09/2002,ASG,AR,ASW,CE,Federal Contract Tower,0,2,4,0,6,0,2,26,0,28,0,4,30,0,34,62,0,62,96
11/10/2002,ASG,AR,ASW,CE,Federal Contract Tower,0,2,10,0,12,0,0,90,0,90,0,2,100,0,102,74,0,74,176
11/11/2002,ASG,AR,ASW,CE,Federal Contract Tower,0,3,11,0,14,0,1,99,0,100,0,4,110,0,114,136,0,136,250
11/12/2002,ASG,AR,ASW,CE,Federal Contract Tower,0,4,18,0,22,0,10,72,0,82,0,14,90,0,104,78,0,78,182
11/13/2002,ASG,AR,ASW,CE,Federal Contract Tower,0,5,25,0,30,0,5,85,0,90,0,10,110,0,120,80,0,80,200
11/14/2002,ASG,AR,ASW,CE,Federal Contract Tower,0,6,31,0,37,0,8,19,0,27,0,14,50,0,64,6,0,6,70
11/15/2002,ASG,AR,ASW,CE,Federal Contract Tower,0,8,42,0,50,0,1,14,0,15,0,9,56,0,65,16,0,16,81
11/16/2002,ASG,AR,ASW,CE,Federal Contract Tower,0,2,14,0,16,0,4,63,0,67,0,6,77,0,83,52,0,52,135
11/17/2002,ASG,AR,ASW,CE,Federal Contract Tower,0,2,11,0,13,0,5,82,0,87,0,7,93,0,100,66,0,66,166
11/18/2002,ASG,AR,ASW,CE,Federal Contract Tower,0,4,21,0,25,0,2,26,0,28,0,6,47,0,53,10,0,10,63
11/19/2002,ASG,AR,ASW,CE,Federal Contract Tower,0,6,32,0,38,0,7,108,2,117,0,13,140,2,155,114,0,114,269
11/20/2002,ASG,AR,ASW,CE,Federal Contract Tower,0,5,27,0,32,0,5,97,4,106,0,10,124,4,138,80,0,80,218
11/21/2002,ASG,AR,ASW,CE,Federal Contract Tower,0,4,23,0,27,0,7,46,1,54,0,11,69,1,81,24,0,24,105
11/22/2002,ASG,AR,ASW,CE,Federal Contract Tower,0,3,17,0,20,0,1,90,0,91,0,4,107,0,111,72,0,72,183
11/23/2002,ASG,AR,ASW,CE,Federal Contract Tower,0,1,5,0,6,0,6,91,0,97,0,7,96,0,103,78,0,78,181
11/24/2002,ASG,AR,ASW,CE,Federal Contract Tower,0,1,9,0,10,0,0,53,0,53,0,1,62,0,63,68,0,68,131
11/25/2002,ASG,AR,ASW,CE,Federal Contract Tower,0,5,25,0,30,0,3,40,0,43,0,8,65,0,73,80,0,80,153
11/26/2002,ASG,AR,ASW,CE,Federal Contract Tower,0,4,21,0,25,0,8,49,0,57,0,12,70,0,82,62,0,62,144
11/27/2002,ASG,AR,ASW,CE,Federal Contract Tower,0,4,24,0,28,0,9,71,0,80,0,13,95,0,108,48,0,48,156
11/28/2002,ASG,AR,ASW,CE,Federal Contract Tower,0,0,4,0,4,0,1,21,0,22,0,1,25,0,26,0,0,0,26
11/29/2002,ASG,AR,ASW,CE,Federal Contract Tower,0,2,14,0,16,0,6,21,0,27,0,8,35,0,43,2,0,2,45
11/30/2002,ASG,AR,ASW,CE,Federal Contract Tower,0,1,5,0,6,0,3,23,0,26,0,4,28,0,32,0,0,0,32
12/01/2002,ASG,AR,ASW,CE,Federal Contract Tower,0,2,17,0,19,0,0,102,0,102,0,2,119,0,121,88,0,88,209
12/02/2002,ASG,AR,ASW,CE,Federal Contract Tower,0,4,17,0,21,0,2,51,0,53,0,6,68,0,74,30,0,30,104
12/03/2002,ASG,AR,ASW,CE,Federal Contract Tower,0,6,23,0,29,0,3,18,0,21,0,9,41,0,50,20,0,20,70
12/04/2002,ASG,AR,ASW,CE,Federal Contract Tower,0,4,9,0,13,0,4,0,0,4,0,8,9,0,17,0,0,0,17
12/05/2002,ASG,AR,ASW,CE,Federal Contract Tower,0,6,24,0,30,0,7,28,0,35,0,13,52,0,65,38,0,38,103
12/06/2002,ASG,AR,ASW,CE,Federal Contract Tower,0,4,30,0,34,0,0,38,0,38,0,4,68,0,72,64,0,64,136
12/07/2002,ASG,AR,ASW,CE,Federal Contract Tower,0,2,7,0,9,0,3,73,0,76,0,5,80,0,85,46,0,46,131
12/08/2002,ASG,AR,ASW,CE,Federal Contract Tower,0,2,9,0,11,0,0,34,0,34,0,2,43,0,45,92,0,92,137
12/09/2002,ASG,AR,ASW,CE,Federal Contract Tower,0,6,22,0,28,0,4,21,0,25,0,10,43,0,53,14,0,14,67
12/10/2002,ASG,AR,ASW,CE,Federal Contract Tower,0,8,31,0,39,0,6,29,0,35,0,14,60,0,74,94,0,94,168
12/11/2002,ASG,AR,ASW,CE,Federal Contract Tower,0,6,33,0,39,0,4,33,0,37,0,10,66,0,76,50,0,50,126
12/12/2002,ASG,AR,ASW,CE,Federal Contract Tower,0,9,42,0,51,0,1,28,0,29,0,10,70,0,80,34,0,34,114
12/13/2002,ASG,AR,ASW,CE,Federal Contract Tower,0,5,25,0,30,0,4,0,0,4,0,9,25,0,34,0,0,0,34
12/14/2002,ASG,AR,ASW,CE,Federal Contract Tower,0,2,17,0,19,0,0,95,0,95,0,2,112,0,114,106,0,106,220
12/15/2002,ASG,AR,ASW,CE,Federal Contract Tower,0,2,13,0,15,0,0,82,0,82,0,2,95,0,97,32,0,32,129
12/16/2002,ASG,AR,ASW,CE,Federal Contract Tower,0,7,32,0,39,0,7,34,0,41,0,14,66,0,80,52,0,52,132
12/17/2002,ASG,AR,ASW,CE,Federal Contract Tower,0,7,31,0,38,0,7,25,0,32,0,14,56,0,70,18,0,18,88
12/18/2002,ASG,AR,ASW,CE,Federal Contract Tower,0,4,19,0,23,0,6,5,0,11,0,10,24,0,34,6,0,6,40
12/19/2002,ASG,AR,ASW,CE,Federal Contract Tower,0,6,34,0,40,0,0,52,0,52,0,6,86,0,92,28,0,28,120
12/20/2002,ASG,AR,ASW,CE,Federal Contract Tower,0,7,32,0,39,0,6,62,2,70,0,13,94,2,109,80,2,82,191
12/21/2002,ASG,AR,ASW,CE,Federal Contract Tower,0,3,14,0,17,0,4,44,0,48,0,7,58,0,65,32,0,32,97
12/22/2002,ASG,AR,ASW,CE,Federal Contract Tower,0,2,10,0,12,0,0,101,0,101,0,2,111,0,113,78,0,78,191
12/23/2002,ASG,AR,ASW,CE,Federal Contract Tower,0,2,9,0,11,0,5,2,0,7,0,7,11,0,18,0,0,0,18
12/24/2002,ASG,AR,ASW,CE,Federal Contract Tower,0,4,5,0,9,0,0,2,0,2,0,4,7,0,11,0,0,0,11
12/25/2002,ASG,AR,ASW,CE,Federal Contract Tower,0,1,6,0,7,0,1,14,0,15,0,2,20,0,22,0,0,0,22
12/26/2002,ASG,AR,ASW,CE,Federal Contract Tower,0,4,18,0,22,0,6,24,0,30,0,10,42,0,52,10,0,10,62
12/27/2002,ASG,AR,ASW,CE,Federal Contract Tower,0,3,18,0,21,0,9,43,0,52,0,12,61,0,73,46,0,46,119
12/28/2002,ASG,AR,ASW,CE,Federal Contract Tower,0,1,7,0,8,0,0,86,0,86,0,1,93,0,94,36,0,36,130
12/29/2002,ASG,AR,ASW,CE,Federal Contract Tower,0,2,9,0,11,0,0,28,0,28,0,2,37,0,39,0,0,0,39
12/30/2002,ASG,AR,ASW,CE,Federal Contract Tower,0,3,12,0,15,0,8,0,0,8,0,11,12,0,23,0,0,0,23
12/31/2002,ASG,AR,ASW,CE,Federal Contract Tower,0,4,18,0,22,0,4,39,0,43,0,8,57,0,65,32,0,32,97
01/01/2003,ASG,AR,ASW,CE,Federal Contract Tower,0,1,4,0,5,0,1,19,0,20,0,2,23,0,25,22,0,22,47
01/02/2003,ASG,AR,ASW,CE,Federal Contract Tower,0,6,17,0,23,0,2,4,0,6,0,8,21,0,29,0,0,0,29
01/03/2003,ASG,AR,ASW,CE,Federal Contract Tower,0,6,27,0,33,0,0,67,0,67,0,6,94,0,100,28,0,28,128
01/04/2003,ASG,AR,ASW,CE,Federal Contract Tower,0,2,12,0,14,0,0,62,0,62,0,2,74,0,76,44,0,44,120
01/05/2003,ASG,AR,ASW,CE,Federal Contract Tower,0,0,16,0,16,0,0,91,0,91,0,0,107,0,107,90,0,90,197
01/06/2003,ASG,AR,ASW,CE,Federal Contract Tower,0,5,19,0,24,0,1,11,0,12,0,6,30,0,36,16,0,16,52
01/07/2003,ASG,AR,ASW,CE,Federal Contract Tower,0,7,25,0,32,0,3,55,0,58,0,10,80,0,90,52,0,52,142
01/08/2003,ASG,AR,ASW,CE,Federal Contract Tower,0,7,27,0,34,0,7,59,0,66,0,14,86,0,100,60,0,60,160
01/09/2003,ASG,AR,ASW,CE,Federal Contract Tower,0,9,32,0,41,0,2,36,0,38,0,11,68,0,79,10,0,10,89
01/10/2003,ASG,AR,ASW,CE,Federal Contract Tower,0,6,24,0,30,0,4,43,0,47,0,10,67,0,77,10,0,10,87
01/11/2003,ASG,AR,ASW,CE,Federal Contract Tower,0,2,5,0,7,0,2,72,0,74,0,4,77,0,81,58,0,58,139
01/12/2003,ASG,AR,ASW,CE,Federal Contract Tower,0,2,8,0,10,0,1,33,0,34,0,3,41,0,44,16,0,16,60
01/13/2003,ASG,AR,ASW,CE,Federal Contract Tower,0,5,20,0,25,0,4,10,0,14,0,9,30,0,39,46,0,46,85
01/14/2003,ASG,AR,ASW,CE,Federal Contract Tower,0,8,28,0,36,0,9,55,0,64,0,17,83,0,100,54,0,54,154
01/15/2003,ASG,AR,ASW,CE,Federal Contract Tower,0,6,25,0,31,0,3,26,0,29,0,9,51,0,60,42,0,42,102
01/16/2003,ASG,AR,ASW,CE,Federal Contract Tower,0,2,7,0,9,0,8,0,0,8,0,10,7,0,17,0,0,0,17
01/17/2003,ASG,AR,ASW,CE,Federal Contract Tower,0,5,23,0,28,0,1,43,0,44,0,6,66,0,72,54,0,54,126
01/18/2003,ASG,AR,ASW,CE,Federal Contract Tower,0,1,14,0,15,0,0,20,0,20,0,1,34,0,35,4,0,4,39
01/19/2003,ASG,AR,ASW,CE,Federal Contract Tower,0,0,16,0,16,0,0,28,0,28,0,0,44,0,44,42,0,42,86
01/20/2003,ASG,AR,ASW,CE,Federal Contract Tower,0,4,21,0,25,0,1,53,0,54,0,5,74,0,79,92,0,92,171
01/21/2003,ASG,AR,ASW,CE,Federal Contract Tower,0,7,33,0,40,0,3,39,0,42,0,10,72,0,82,82,0,82,164
01/22/2003,ASG,AR,ASW,CE,Federal Contract Tower,0,6,26,0,32,0,2,45,0,47,0,8,71,0,79,58,0,58,137
01/23/2003,ASG,AR,ASW,CE,Federal Contract Tower,0,6,26,0,32,0,11,27,0,38,0,17,53,0,70,4,0,4,74
01/24/2003,ASG,AR,ASW,CE,Federal Contract Tower,0,6,25,0,31,0,3,42,0,45,0,9,67,0,76,46,0,46,122
01/25/2003,ASG,AR,ASW,CE,Federal Contract Tower,0,2,9,0,11,0,1,77,0,78,0,3,86,0,89,106,0,106,195
01/26/2003,ASG,AR,ASW,CE,Federal Contract Tower,0,0,5,0,5,0,1,51,0,52,0,1,56,0,57,40,0,40,97
01/27/2003,ASG,AR,ASW,CE,Federal Contract Tower,0,8,37,0,45,0,10,46,0,56,0,18,83,0,101,88,0,88,189
01/28/2003,ASG,AR,ASW,CE,Federal Contract Tower,0,6,28,0,34,0,6,5,0,11,0,12,33,0,45,0,0,0,45
01/29/2003,ASG,AR,ASW,CE,Federal Contract Tower,0,9,38,0,47,0,1,9,0,10,0,10,47,0,57,6,0,6,63
01/30/2003,ASG,AR,ASW,CE,Federal Contract Tower,0,8,36,0,44,0,4,68,0,72,0,12,104,0,116,66,0,66,182
01/31/2003,ASG,AR,ASW,CE,Federal Contract Tower,0,5,25,0,30,0,2,27,0,29,0,7,52,0,59,42,0,42,101
02/01/2003,ASG,AR,ASW,CE,Federal Contract Tower,0,2,11,0,13,0,0,80,0,80,0,2,91,0,93,62,0,62,155
02/02/2003,ASG,AR,ASW,CE,Federal Contract Tower,0,1,13,0,14,0,4,58,0,62,0,5,71,0,76,36,0,36,112
02/03/2003,ASG,AR,ASW,CE,Federal Contract Tower,0,5,19,0,24,0,4,3,0,7,0,9,22,0,31,0,0,0,31
02/04/2003,ASG,AR,ASW,CE,Federal Contract Tower,0,7,26,0,33,0,5,56,1,62,0,12,82,1,95,74,0,74,169
02/05/2003,ASG,AR,ASW,CE,Federal Contract Tower,0,8,33,0,41,0,1,66,0,67,0,9,99,0,108,70,0,70,178
02/06/2003,ASG,AR,ASW,CE,Federal Contract Tower,0,6,21,0,27,0,1,0,0,1,0,7,21,0,28,0,0,0,28
02/07/2003,ASG,AR,ASW,CE,Federal Contract Tower,0,8,31,0,39,0,2,37,0,39,0,10,68,0,78,32,0,32,110
02/08/2003,ASG,AR,ASW,CE,Federal Contract Tower,0,4,16,0,20,0,0,74,0,74,0,4,90,0,94,20,0,20,114
02/09/2003,ASG,AR,ASW,CE,Federal Contract Tower,0,0,3,0,3,0,0,1,0,1,0,0,4,0,4,0,0,0,4
02/10/2003,ASG,AR,ASW,CE,Federal Contract Tower,0,7,33,0,40,0,1,33,0,34,0,8,66,0,74,28,0,28,102
02/11/2003,ASG,AR,ASW,CE,Federal Contract Tower,0,8,35,0,43,0,3,87,0,90,0,11,122,0,133,92,0,92,225
02/12/2003,ASG,AR,ASW,CE,Federal Contract Tower,0,8,40,0,48,0,2,84,0,86,0,10,124,0,134,88,0,88,222
02/13/2003,ASG,AR,ASW,CE,Federal Contract Tower,0,5,35,0,40,0,0,34,0,34,0,5,69,0,74,34,0,34,108
02/14/2003,ASG,AR,ASW,CE,Federal Contract Tower,0,4,25,0,29,0,8,7,0,15,0,12,32,0,44,36,0,36,80
02/15/2003,ASG,AR,ASW,CE,Federal Contract Tower,0,0,10,0,10,0,0,1,0,1,0,0,11,0,11,0,0,0,11
02/16/2003,ASG,AR,ASW,CE,Federal Contract Tower,0,0,11,0,11,0,0,5,0,5,0,0,16,0,16,62,0,62,78
02/17/2003,ASG,AR,ASW,CE,Federal Contract Tower,0,2,28,0,30,0,0,31,0,31,0,2,59,0,61,38,0,38,99
02/18/2003,ASG,AR,ASW,CE,Federal Contract Tower,0,5,29,0,34,0,1,37,0,38,0,6,66,0,72,50,0,50,122
02/19/2003,ASG,AR,ASW,CE,Federal Contract Tower,0,7,38,0,45,0,3,27,0,30,0,10,65,0,75,6,0,6,81
02/20/2003,ASG,AR,ASW,CE,Federal Contract Tower,0,7,45,0,52,0,0,49,0,49,0,7,94,0,101,28,0,28,129
02/21/2003,ASG,AR,ASW,CE,Federal Contract Tower,0,4,21,0,25,0,2,3,0,5,0,6,24,0,30,24,0,24,54
02/22/2003,ASG,AR,ASW,CE,Federal Contract Tower,0,0,11,0,11,0,0,1,0,1,0,0,12,0,12,0,0,0,12
02/23/2003,ASG,AR,ASW,CE,Federal Contract Tower,0,0,2,0,2,0,1,0,0,1,0,1,2,0,3,0,0,0,3
02/24/2003,ASG,AR,ASW,CE,Federal Contract Tower,0,2,12,0,14,0,3,10,0,13,0,5,22,0,27,58,0,58,85
02/25/2003,ASG,AR,ASW,CE,Federal Contract Tower,0,2,14,0,16,0,4,5,0,9,0,6,19,0,25,0,0,0,25
02/26/2003,ASG,AR,ASW,CE,Federal Contract Tower,0,3,17,0,20,0,5,1,0,6,0,8,18,0,26,0,0,0,26
02/27/2003,ASG,AR,ASW,CE,Federal Contract Tower,0,3,16,0,19,0,2,0,0,2,0,5,16,0,21,0,0,0,21
02/28/2003,ASG,AR,ASW,CE,Federal Contract Tower,0,2,12,0,14,0,4,0,0,4,0,6,12,0,18,0,0,0,18
03/01/2003,ASG,AR,ASW,CE,Federal Contract Tower,0,2,11,0,13,0,0,7,0,7,0,2,18,0,20,0,0,0,20
03/02/2003,ASG,AR,ASW,CE,Federal Contract Tower,0,4,12,0,16,0,1,36,0,37,0,5,48,0,53,50,0,50,103
03/03/2003,ASG,AR,ASW,CE,Federal Contract Tower,0,7,24,0,31,0,1,59,0,60,0,8,83,0,91,42,0,42,133
03/04/2003,ASG,AR,ASW,CE,Federal Contract Tower,0,7,27,0,34,0,3,26,0,29,0,10,53,0,63,82,0,82,145
03/05/2003,ASG,AR,ASW,CE,Federal Contract Tower,0,7,30,0,37,0,0,0,0,0,0,7,30,0,37,48,0,48,85
03/06/2003,ASG,AR,ASW,CE,Federal Contract Tower,0,8,33,0,41,0,3,58,0,61,0,11,91,0,102,60,0,60,162
03/07/2003,ASG,AR,ASW,CE,Federal Contract Tower,0,8,37,0,45,0,3,80,0,83,0,11,117,0,128,52,0,52,180
03/08/2003,ASG,AR,ASW,CE,Federal Contract Tower,0,4,19,0,23,0,0,40,0,40,0,4,59,0,63,26,0,26,89
03/09/2003,ASG,AR,ASW,CE,Federal Contract Tower,0,2,8,0,10,0,0,71,0,71,0,2,79,0,81,16,0,16,97
03/10/2003,ASG,AR,ASW,CE,Federal Contract Tower,0,6,28,0,34,0,0,60,0,60,0,6,88,0,94,80,0,80,174
03/11/2003,ASG,AR,ASW,CE,Federal Contract Tower,0,9,39,0,48,0,1,38,3,42,0,10,77,3,90,52,0,52,142
03/12/2003,ASG,AR,ASW,CE,Federal Contract Tower,0,6,36,0,42,0,0,32,3,35,0,6,68,3,77,30,0,30,107
03/13/2003,ASG,AR,ASW,CE,Federal Contract Tower,0,6,38,0,44,0,0,19,0,19,0,6,57,0,63,48,0,48,111
03/14/2003,ASG,AR,ASW,CE,Federal Contract Tower,0,6,31,0,37,0,1,59,0,60,0,7,90,0,97,150,0,150,247
03/15/2003,ASG,AR,ASW,CE,Federal Contract Tower,0,2,10,0,12,0,2,112,0,114,0,4,122,0,126,110,0,110,236
03/16/2003,ASG,AR,ASW,CE,Federal Contract Tower,0,1,8,0,9,0,1,62,0,63,0,2,70,0,72,90,0,90,162
03/17/2003,ASG,AR,ASW,CE,Federal Contract Tower,0,7,34,0,41,0,3,58,0,61,0,10,92,0,102,46,0,46,148
03/18/2003,ASG,AR,ASW,CE,Federal Contract Tower,0,5,24,0,29,0,2,5,0,7,0,7,29,0,36,0,0,0,36
03/19/2003,ASG,AR,ASW,CE,Federal Contract Tower,0,5,29,0,34,0,2,15,0,17,0,7,44,0,51,32,0,32,83
03/20/2003,ASG,AR,ASW,CE,Federal Contract Tower,0,7,37,0,44,0,2,1,0,3,0,9,38,0,47,18,0,18,65
03/21/2003,ASG,AR,ASW,CE,Federal Contract Tower,0,5,27,0,32,0,4,86,0,90,0,9,113,0,122,102,0,102,224
03/22/2003,ASG,AR,ASW,CE,Federal Contract Tower,0,2,12,0,14,0,5,102,0,107,0,7,114,0,121,94,0,94,215
03/23/2003,ASG,AR,ASW,CE,Federal Contract Tower,0,3,19,0,22,0,0,75,0,75,0,3,94,0,97,78,0,78,175
03/24/2003,ASG,AR,ASW,CE,Federal Contract Tower,0,6,33,0,39,0,11,81,0,92,0,17,114,0,131,108,0,108,239
03/25/2003,ASG,AR,ASW,CE,Federal Contract Tower,0,3,20,0,23,0,6,35,0,41,0,9,55,0,64,58,0,58,122
03/26/2003,ASG,AR,ASW,CE,Federal Contract Tower,0,9,45,0,54,0,4,123,0,127,0,13,168,0,181,90,0,90,271
03/27/2003,ASG,AR,ASW,CE,Federal Contract Tower,0,5,24,0,29,0,9,22,0,31,0,14,46,0,60,30,0,30,90
03/28/2003,ASG,AR,ASW,CE,Federal Contract Tower,0,7,37,0,44,0,8,1,0,9,0,15,38,0,53,0,0,0,53
03/29/2003,ASG,AR,ASW,CE,Federal Contract Tower,0,1,8,0,9,0,5,34,0,39,0,6,42,0,48,0,0,0,48
03/30/2003,ASG,AR,ASW,CE,Federal Contract Tower,0,2,12,0,14,0,5,49,0,54,0,7,61,0,68,50,0,50,118
03/31/2003,ASG,AR,ASW,CE,Federal Contract Tower,0,6,29,0,35,0,7,65,0,72,0,13,94,0,107,136,0,136,243
04/01/2003,ASG,AR,ASW,CE,Federal Contract Tower,0,7,27,0,34,0,3,40,0,43,0,10,67,0,77,78,0,78,155
04/02/2003,ASG,AR,ASW,CE,Federal Contract Tower,0,8,18,0,26,0,4,29,0,33,0,12,47,0,59,50,0,50,109
04/03/2003,ASG,AR,ASW,CE,Federal Contract Tower,0,9,34,0,43,0,4,41,0,45,0,13,75,0,88,62,0,62,150
04/04/2003,ASG,AR,ASW,CE,Federal Contract Tower,0,8,27,0,35,0,7,15,0,22,0,15,42,0,57,8,0,8,65
04/05/2003,ASG,AR,ASW,CE,Federal Contract Tower,0,1,9,0,10,0,4,76,0,80,0,5,85,0,90,60,0,60,150
04/06/2003,ASG,AR,ASW,CE,Federal Contract Tower,0,2,7,0,9,0,1,2,0,3,0,3,9,0,12,0,0,0,12
04/07/2003,ASG,AR,ASW,CE,Federal Contract Tower,0,9,27,0,36,0,5,76,0,81,0,14,103,0,117,126,0,126,243
04/08/2003,ASG,AR,ASW,CE,Federal Contract Tower,0,13,17,0,30,0,1,33,0,34,0,14,50,0,64,66,0,66,130
04/09/2003,ASG,AR,ASW,CE,Federal Contract Tower,0,5,25,0,30,0,0,42,0,42,0,5,67,0,72,66,0,66,138
04/10/2003,ASG,AR,ASW,CE,Federal Contract Tower,0,11,37,0,48,0,4,82,0,86,0,15,119,0,134,180,0,180,314
04/11/2003,ASG,AR,ASW,CE,Federal Contract Tower,0,7,19,0,26,0,6,90,0,96,0,13,109,0,122,138,0,138,260
04/12/2003,ASG,AR,ASW,CE,Federal Contract Tower,0,0,20,0,20,0,13,106,0,119,0,13,126,0,139,192,0,192,331
04/13/2003,ASG,AR,ASW,CE,Federal Contract Tower,0,0,23,0,23,0,1,67,0,68,0,1,90,0,91,46,0,46,137
04/14/2003,ASG,AR,ASW,CE,Federal Contract Tower,0,9,26,0,35,0,8,43,0,51,0,17,69,0,86,98,0,98,184
04/15/2003,ASG,AR,ASW,CE,Federal Contract Tower,0,7,27,0,34,0,3,34,0,37,0,10,61,0,71,40,0,40,111
04/16/2003,ASG,AR,ASW,CE,Federal Contract Tower,0,6,30,0,36,0,0,3,0,3,0,6,33,0,39,0,0,0,39
04/17/2003,ASG,AR,ASW,CE,Federal Contract Tower,0,9,27,0,36,0,4,53,0,57,0,13,80,0,93,20,0,20,113
04/18/2003,ASG,AR,ASW,CE,Federal Contract Tower,0,5,25,0,30,0,9,64,0,73,0,14,89,0,103,50,0,50,153
04/19/2003,ASG,AR,ASW,CE,Federal Contract Tower,0,0,1,0,1,0,0,12,0,12,0,0,13,0,13,6,0,6,19
04/20/2003,ASG,AR,ASW,CE,Federal Contract Tower,0,1,15,0,16,0,4,26,0,30,0,5,41,0,46,14,0,14,60
04/21/2003,ASG,AR,ASW,CE,Federal Contract Tower,0,12,26,0,38,0,7,46,0,53,0,19,72,0,91,90,0,90,181
04/22/2003,ASG,AR,ASW,CE,Federal Contract Tower,0,11,27,0,38,0,9,92,0,101,0,20,119,0,139,114,0,114,253
04/23/2003,ASG,AR,ASW,CE,Federal Contract Tower,0,10,32,0,42,0,6,30,0,36,0,16,62,0,78,60,0,60,138
04/24/2003,ASG,AR,ASW,CE,Federal Contract Tower,0,11,21,0,32,0,0,28,0,28,0,11,49,0,60,14,0,14,74
04/25/2003,ASG,AR,ASW,CE,Federal Contract Tower,0,8,32,0,40,0,5,2,0,7,0,13,34,0,47,0,0,0,47
04/26/2003,ASG,AR,ASW,CE,Federal Contract Tower,0,1,9,0,10,0,3,74,0,77,0,4,83,0,87,40,0,40,127
04/27/2003,ASG,AR,ASW,CE,Federal Contract Tower,0,1,12,0,13,0,2,54,0,56,0,3,66,0,69,66,0,66,135
04/28/2003,ASG,AR,ASW,CE,Federal Contract Tower,0,7,31,0,38,0,7,44,0,51,0,14,75,0,89,74,0,74,163
04/29/2003,ASG,AR,ASW,CE,Federal Contract Tower,0,11,34,0,45,0,11,78,0,89,0,22,112,0,134,116,0,116,250
04/30/2003,ASG,AR,ASW,CE,Federal Contract Tower,0,10,29,0,39,0,2,75,0,77,0,12,104,0,116,76,0,76,192
05/01/2003,ASG,AR,ASW,CE,Federal Contract Tower,0,11,27,0,38,0,6,14,0,20,0,17,41,0,58,22,0,22,80
05/02/2003,ASG,AR,ASW,CE,Federal Contract Tower,0,13,20,0,33,0,5,24,0,29,0,18,44,0,62,12,0,12,74
05/03/2003,ASG,AR,ASW,CE,Federal Contract Tower,0,2,11,0,13,0,6,54,0,60,0,8,65,0,73,60,0,60,133
05/04/2003,ASG,AR,ASW,CE,Federal Contract Tower,0,0,8,0,8,0,7,3,0,10,0,7,11,0,18,4,0,4,22
05/05/2003,ASG,AR,ASW,CE,Federal Contract Tower,0,7,26,0,33,0,9,51,3,63,0,16,77,3,96,114,0,114,210
05/06/2003,ASG,AR,ASW,CE,Federal Contract Tower,0,10,29,0,39,0,6,41,3,50,0,16,70,3,89,80,0,80,169
05/07/2003,ASG,AR,ASW,CE,Federal Contract Tower,0,8,38,0,46,0,1,65,0,66,0,9,103,0,112,88,0,88,200
05/08/2003,ASG,AR,ASW,CE,Federal Contract Tower,0,13,39,0,52,0,3,15,0,18,0,16,54,0,70,38,0,38,108
05/09/2003,ASG,AR,ASW,CE,Federal Contract Tower,0,13,43,0,56,0,8,37,0,45,0,21,80,0,101,46,0,46,147
05/10/2003,ASG,AR,ASW,CE,Federal Contract Tower,0,1,12,0,13,0,1,9,0,10,0,2,21,0,23,10,0,10,33
05/11/2003,ASG,AR,ASW,CE,Federal Contract Tower,0,0,14,0,14,0,8,54,0,62,0,8,68,0,76,44,0,44,120
05/12/2003,ASG,AR,ASW,CE,Federal Contract Tower,0,7,37,0,44,0,8,90,0,98,0,15,127,0,142,120,0,120,262
05/13/2003,ASG,AR,ASW,CE,Federal Contract Tower,0,6,16,0,22,0,4,33,0,37,0,10,49,0,59,46,0,46,105
05/14/2003,ASG,AR,ASW,CE,Federal Contract Tower,0,10,27,0,37,0,6,50,0,56,0,16,77,0,93,76,0,76,169
05/15/2003,ASG,AR,ASW,CE,Federal Contract Tower,0,9,39,0,48,0,6,80,0,86,0,15,119,0,134,106,0,106,240
05/16/2003,ASG,AR,ASW,CE,Federal Contract Tower,0,6,16,0,22,0,3,11,0,14,0,9,27,0,36,10,0,10,46
05/17/2003,ASG,AR,ASW,CE,Federal Contract Tower,0,3,11,0,14,0,7,12,0,19,0,10,23,0,33,12,0,12,45
05/18/2003,ASG,AR,ASW,CE,Federal Contract Tower,0,2,20,0,22,0,3,22,0,25,0,5,42,0,47,14,0,14,61
05/19/2003,ASG,AR,ASW,CE,Federal Contract Tower,0,6,37,0,43,0,5,63,0,68,0,11,100,0,111,60,0,60,171
05/20/2003,ASG,AR,ASW,CE,Federal Contract Tower,0,5,27,0,32,0,5,31,0,36,0,10,58,0,68,50,0,50,118
05/21/2003,ASG,AR,ASW,CE,Federal Contract Tower,0,6,35,0,41,0,9,56,0,65,0,15,91,0,106,70,0,70,176
05/22/2003,ASG,AR,ASW,CE,Federal Contract Tower,0,8,39,0,47,0,10,84,0,94,0,18,123,0,141,142,0,142,283
05/23/2003,ASG,AR,ASW,CE,Federal Contract Tower,0,6,36,2,44,0,9,47,0,56,0,15,83,2,100,46,0,46,146
05/24/2003,ASG,AR,ASW,CE,Federal Contract Tower,0,0,8,0,8,0,6,19,0,25,0,6,27,0,33,2,0,2,35
05/25/2003,ASG,AR,ASW,CE,Federal Contract Tower,0,0,11,0,11,0,2,2,0,4,0,2,13,0,15,0,0,0,15
05/26/2003,ASG,AR,ASW,CE,Federal Contract Tower,0,0,7,0,7,0,8,71,0,79,0,8,78,0,86,56,0,56,142
05/27/2003,ASG,AR,ASW,CE,Federal Contract Tower,0,4,29,0,33,0,4,71,0,75,0,8,100,0,108,132,0,132,240
05/28/2003,ASG,AR,ASW,CE,Federal Contract Tower,0,6,35,0,41,0,11,73,0,84,0,17,108,0,125,96,0,96,221
05/29/2003,ASG,AR,ASW,CE,Federal Contract Tower,0,4,34,0,38,0,4,82,0,86,0,8,116,0,124,88,0,88,212
05/30/2003,ASG,AR,ASW,CE,Federal Contract Tower,0,7,23,1,31,0,3,56,3,62,0,10,79,4,93,60,0,60,153
05/31/2003,ASG,AR,ASW,CE,Federal Contract Tower,0,1,11,0,12,0,8,87,1,96,0,9,98,1,108,56,0,56,164
06/01/2003,ASG,AR,ASW,CE,Federal Contract Tower,0,2,17,0,19,0,4,48,4,56,0,6,65,4,75,36,0,36,111
06/02/2003,ASG,AR,ASW,CE,Federal Contract Tower,0,6,20,0,26,0,3,15,0,18,0,9,35,0,44,0,0,0,44
06/03/2003,ASG,AR,ASW,CE,Federal Contract Tower,0,7,44,0,51,0,8,29,0,37,0,15,73,0,88,94,0,94,182
06/04/2003,ASG,AR,ASW,CE,Federal Contract Tower,0,5,31,0,36,0,3,59,0,62,0,8,90,0,98,48,0,48,146
06/05/2003,ASG,AR,ASW,CE,Federal Contract Tower,0,4,37,0,41,0,1,46,0,47,0,5,83,0,88,76,0,76,164
06/06/2003,ASG,AR,ASW,CE,Federal Contract Tower,0,5,30,0,35,0,2,35,0,37,0,7,65,0,72,14,0,14,86
06/07/2003,ASG,AR,ASW,CE,Federal Contract Tower,0,0,11,0,11,0,8,65,0,73,0,8,76,0,84,76,0,76,160
06/08/2003,ASG,AR,ASW,CE,Federal Contract Tower,0,3,5,0,8,0,8,51,0,59,0,11,56,0,67,18,0,18,85
06/09/2003,ASG,AR,ASW,CE,Federal Contract Tower,0,8,31,0,39,0,4,59,0,63,0,12,90,0,102,38,0,38,140
06/10/2003,ASG,AR,ASW,CE,Federal Contract Tower,0,6,23,0,29,0,9,51,0,60,0,15,74,0,89,82,0,82,171
06/11/2003,ASG,AR,ASW,CE,Federal Contract Tower,0,3,75,0,78,0,2,0,0,2,0,5,75,0,80,16,0,16,96
06/12/2003,ASG,AR,ASW,CE,Federal Contract Tower,0,5,28,0,33,0,2,60,0,62,0,7,88,0,95,92,0,92,187
06/13/2003,ASG,AR,ASW,CE,Federal Contract Tower,0,8,26,0,34,0,4,74,0,78,0,12,100,0,112,44,0,44,156
06/14/2003,ASG,AR,ASW,CE,Federal Contract Tower,0,1,15,0,16,0,9,50,0,59,0,10,65,0,75,40,0,40,115
06/15/2003,ASG,AR,ASW,CE,Federal Contract Tower,0,1,12,0,13,0,2,29,0,31,0,3,41,0,44,18,0,18,62
06/16/2003,ASG,AR,ASW,CE,Federal Contract Tower,0,4,24,0,28,0,6,50,0,56,0,10,74,0,84,96,0,96,180
06/17/2003,ASG,AR,ASW,CE,Federal Contract Tower,0,10,30,0,40,0,6,68,0,74,0,16,98,0,114,62,0,62,176
06/18/2003,ASG,AR,ASW,CE,Federal Contract Tower,0,13,36,0,49,0,2,53,0,55,0,15,89,0,104,84,0,84,188
06/19/2003,ASG,AR,ASW,CE,Federal Contract Tower,0,4,36,0,40,0,1,49,0,50,0,5,85,0,90,66,0,66,156
06/20/2003,ASG,AR,ASW,CE,Federal Contract Tower,0,4,42,0,46,0,10,62,0,72,0,14,104,0,118,70,0,70,188
06/21/2003,ASG,AR,ASW,CE,Federal Contract Tower,0,2,12,0,14,0,7,75,0,82,0,9,87,0,96,56,0,56,152
06/22/2003,ASG,AR,ASW,CE,Federal Contract Tower,0,4,17,0,21,0,5,64,0,69,0,9,81,0,90,26,0,26,116
06/23/2003,ASG,AR,ASW,CE,Federal Contract Tower,0,4,33,0,37,0,11,58,0,69,0,15,91,0,106,102,0,102,208
06/24/2003,ASG,AR,ASW,CE,Federal Contract Tower,0,5,35,0,40,0,14,74,0,88,0,19,109,0,128,126,0,126,254
06/25/2003,ASG,AR,ASW,CE,Federal Contract Tower,0,6,46,0,52,0,12,70,0,82,0,18,116,0,134,90,0,90,224
06/26/2003,ASG,AR,ASW,CE,Federal Contract Tower,0,6,38,0,44,0,3,53,0,56,0,9,91,0,100,8,0,8,108
06/27/2003,ASG,AR,ASW,CE,Federal Contract Tower,0,4,34,0,38,0,10,110,0,120,0,14,144,0,158,136,0,136,294
06/28/2003,ASG,AR,ASW,CE,Federal Contract Tower,0,2,5,0,7,0,3,89,0,92,0,5,94,0,99,44,0,44,143
06/29/2003,ASG,AR,ASW,CE,Federal Contract Tower,0,0,14,0,14,0,2,64,0,66,0,2,78,0,80,16,0,16,96
06/30/2003,ASG,AR,ASW,CE,Federal Contract Tower,0,5,17,0,22,0,4,29,0,33,0,9,46,0,55,8,0,8,63
07/01/2003,ASG,AR,ASW,CE,Federal Contract Tower,0,4,33,0,37,0,7,58,0,65,0,11,91,0,102,124,0,124,226
07/02/2003,ASG,AR,ASW,CE,Federal Contract Tower,0,6,38,0,44,0,6,73,0,79,0,12,111,0,123,98,0,98,221
07/03/2003,ASG,AR,ASW,CE,Federal Contract Tower,0,6,34,0,40,0,4,87,0,91,0,10,121,0,131,74,0,74,205
07/04/2003,ASG,AR,ASW,CE,Federal Contract Tower,0,0,6,0,6,0,8,58,0,66,0,8,64,0,72,68,0,68,140
07/05/2003,ASG,AR,ASW,CE,Federal Contract Tower,0,2,11,0,13,0,1,65,0,66,0,3,76,0,79,74,0,74,153
07/06/2003,ASG,AR,ASW,CE,Federal Contract Tower,0,2,34,0,36,0,4,54,0,58,0,6,88,0,94,22,0,22,116
07/07/2003,ASG,AR,ASW,CE,Federal Contract Tower,0,6,27,0,33,0,10,81,0,91,0,16,108,0,124,154,0,154,278
07/08/2003,ASG,AR,ASW,CE,Federal Contract Tower,0,5,25,0,30,0,9,79,0,88,0,14,104,0,118,166,0,166,284
07/09/2003,ASG,AR,ASW,CE,Federal Contract Tower,0,6,27,0,33,0,9,78,0,87,0,15,105,0,120,104,0,104,224
07/10/2003,ASG,AR,ASW,CE,Federal Contract Tower,0,4,38,0,42,0,4,62,0,66,0,8,100,0,108,140,0,140,248
07/11/2003,ASG,AR,ASW,CE,Federal Contract Tower,0,4,24,0,28,0,2,72,0,74,0,6,96,0,102,74,0,74,176
07/12/2003,ASG,AR,ASW,CE,Federal Contract Tower,0,0,12,0,12,0,5,51,0,56,0,5,63,0,68,42,0,42,110
07/13/2003,ASG,AR,ASW,CE,Federal Contract Tower,0,0,11,0,11,0,2,36,0,38,0,2,47,0,49,18,0,18,67
07/14/2003,ASG,AR,ASW,CE,Federal Contract Tower,0,4,30,0,34,0,4,66,0,70,0,8,96,0,104,86,0,86,190
07/15/2003,ASG,AR,ASW,CE,Federal Contract Tower,0,6,39,0,45,0,5,51,0,56,0,11,90,0,101,86,0,86,187
07/16/2003,ASG,AR,ASW,CE,Federal Contract Tower,0,8,33,0,41,0,9,48,0,57,0,17,81,0,98,58,0,58,156
07/17/2003,ASG,AR,ASW,CE,Federal Contract Tower,0,5,29,0,34,0,3,74,0,77,0,8,103,0,111,70,0,70,181
07/18/2003,ASG,AR,ASW,CE,Federal Contract Tower,0,8,21,0,29,0,0,58,0,58,0,8,79,0,87,64,0,64,151
07/19/2003,ASG,AR,ASW,CE,Federal Contract Tower,0,0,16,0,16,0,3,52,0,55,0,3,68,0,71,46,0,46,117
07/20/2003,ASG,AR,ASW,CE,Federal Contract Tower,0,0,8,0,8,0,1,53,0,54,0,1,61,0,62,44,0,44,106
07/21/2003,ASG,AR,ASW,CE,Federal Contract Tower,0,8,27,0,35,0,4,34,0,38,0,12,61,0,73,82,0,82,155
07/22/2003,ASG,AR,ASW,CE,Federal Contract Tower,0,6,18,0,24,0,6,49,0,55,0,12,67,0,79,68,0,68,147
07/23/2003,ASG,AR,ASW,CE,Federal Contract Tower,0,4,23,0,27,0,6,106,0,112,0,10,129,0,139,154,0,154,293
07/24/2003,ASG,AR,ASW,CE,Federal Contract Tower,0,8,31,0,39,0,7,77,0,84,0,15,108,0,123,56,0,56,179
07/25/2003,ASG,AR,ASW,CE,Federal Contract Tower,0,4,23,0,27,0,0,90,0,90,0,4,113,0,117,62,0,62,179
07/26/2003,ASG,AR,ASW,CE,Federal Contract Tower,0,0,19,0,19,0,5,70,0,75,0,5,89,0,94,104,0,104,198
07/27/2003,ASG,AR,ASW,CE,Federal Contract Tower,0,0,20,0,20,0,7,49,0,56,0,7,69,0,76,28,0,28,104
07/28/2003,ASG,AR,ASW,CE,Federal Contract Tower,0,7,30,0,37,0,7,56,0,63,0,14,86,0,100,108,0,108,208
07/29/2003,ASG,AR,ASW,CE,Federal Contract Tower,0,8,29,0,37,0,0,40,0,40,0,8,69,0,77,30,0,30,107
07/30/2003,ASG,AR,ASW,CE,Federal Contract Tower,0,6,31,0,37,0,4,51,0,55,0,10,82,0,92,30,0,30,122
07/31/2003,ASG,AR,ASW,CE,Federal Contract Tower,0,7,37,0,44,0,0,75,0,75,0,7,112,0,119,42,0,42,161
08/01/2003,ASG,AR,ASW,CE,Federal Contract Tower,0,7,28,0,35,0,7,73,0,80,0,14,101,0,115,34,0,34,149
08/02/2003,ASG,AR,ASW,CE,Federal Contract Tower,0,0,3,0,3,0,5,31,0,36,0,5,34,0,39,32,0,32,71
08/03/2003,ASG,AR,ASW,CE,Federal Contract Tower,0,1,18,0,19,0,6,45,0,51,0,7,63,0,70,52,0,52,122
08/04/2003,ASG,AR,ASW,CE,Federal Contract Tower,0,4,28,0,32,0,9,59,0,68,0,13,87,0,100,96,0,96,196
08/05/2003,ASG,AR,ASW,CE,Federal Contract Tower,0,4,37,0,41,0,4,74,0,78,0,8,111,0,119,130,0,130,249
08/06/2003,ASG,AR,ASW,CE,Federal Contract Tower,0,8,25,0,33,0,5,60,0,65,0,13,85,0,98,146,0,146,244
08/07/2003,ASG,AR,ASW,CE,Federal Contract Tower,0,12,27,0,39,0,7,72,0,79,0,19,99,0,118,92,0,92,210
08/08/2003,ASG,AR,ASW,CE,Federal Contract Tower,0,6,29,0,35,0,6,60,0,66,0,12,89,0,101,78,0,78,179
08/09/2003,ASG,AR,ASW,CE,Federal Contract Tower,0,1,15,0,16,0,8,84,0,92,0,9,99,0,108,52,0,52,160
08/10/2003,ASG,AR,ASW,CE,Federal Contract Tower,0,0,11,0,11,0,2,42,0,44,0,2,53,0,55,24,0,24,79
08/11/2003,ASG,AR,ASW,CE,Federal Contract Tower,0,4,35,0,39,0,6,31,0,37,0,10,66,0,76,32,0,32,108
08/12/2003,ASG,AR,ASW,CE,Federal Contract Tower,0,8,18,0,26,0,2,31,0,33,0,10,49,0,59,28,0,28,87
08/13/2003,ASG,AR,ASW,CE,Federal Contract Tower,0,4,32,0,36,0,6,48,0,54,0,10,80,0,90,58,0,58,148
08/14/2003,ASG,AR,ASW,CE,Federal Contract Tower,0,4,43,0,47,0,6,59,0,65,0,10,102,0,112,94,0,94,206
08/15/2003,ASG,AR,ASW,CE,Federal Contract Tower,0,4,27,0,31,0,2,65,0,67,0,6,92,0,98,34,0,34,132
08/16/2003,ASG,AR,ASW,CE,Federal Contract Tower,0,1,22,0,23,0,5,50,0,55,0,6,72,0,78,28,0,28,106
08/17/2003,ASG,AR,ASW,CE,Federal Contract Tower,0,0,9,0,9,0,3,65,0,68,0,3,74,0,77,48,0,48,125
08/18/2003,ASG,AR,ASW,CE,Federal Contract Tower,0,7,23,0,30,0,3,29,0,32,0,10,52,0,62,38,0,38,100
08/19/2003,ASG,AR,ASW,CE,Federal Contract Tower,0,10,20,0,30,0,5,84,0,89,0,15,104,0,119,162,0,162,281
08/20/2003,ASG,AR,ASW,CE,Federal Contract Tower,0,8,35,0,43,0,8,56,0,64,0,16,91,0,107,128,0,128,235
08/21/2003,ASG,AR,ASW,CE,Federal Contract Tower,0,5,25,0,30,0,2,50,0,52,0,7,75,0,82,60,0,60,142
08/22/2003,ASG,AR,ASW,CE,Federal Contract Tower,0,5,28,0,33,0,4,64,0,68,0,9,92,0,101,58,0,58,159
08/23/2003,ASG,AR,ASW,CE,Federal Contract Tower,0,0,18,0,18,0,2,50,0,52,0,2,68,0,70,48,0,48,118
08/24/2003,ASG,AR,ASW,CE,Federal Contract Tower,0,0,19,0,19,0,0,46,0,46,0,0,65,0,65,40,0,40,105
08/25/2003,ASG,AR,ASW,CE,Federal Contract Tower,0,5,28,0,33,0,7,59,0,66,0,12,87,0,99,136,0,136,235
08/26/2003,ASG,AR,ASW,CE,Federal Contract Tower,0,16,18,0,34,0,7,48,0,55,0,23,66,0,89,78,0,78,167
08/27/2003,ASG,AR,ASW,CE,Federal Contract Tower,0,5,28,0,33,0,2,60,0,62,0,7,88,0,95,74,0,74,169
08/28/2003,ASG,AR,ASW,CE,Federal Contract Tower,0,5,27,0,32,0,3,45,0,48,0,8,72,0,80,72,0,72,152
08/29/2003,ASG,AR,ASW,CE,Federal Contract Tower,0,6,16,0,22,0,3,12,0,15,0,9,28,0,37,0,0,0,37
08/30/2003,ASG,AR,ASW,CE,Federal Contract Tower,0,3,14,0,17,0,2,29,0,31,0,5,43,0,48,52,0,52,100
08/31/2003,ASG,AR,ASW,CE,Federal Contract Tower,0,0,18,0,18,0,7,20,0,27,0,7,38,0,45,22,0,22,67
09/01/2003,ASG,AR,ASW,CE,Federal Contract Tower,0,0,10,0,10,0,1,9,0,10,0,1,19,0,20,2,0,2,22
09/02/2003,ASG,AR,ASW,CE,Federal Contract Tower,0,4,27,0,31,0,4,29,0,33,0,8,56,0,64,86,0,86,150
09/03/2003,ASG,AR,ASW,CE,Federal Contract Tower,0,5,29,0,34,0,7,32,0,39,0,12,61,0,73,36,0,36,109
09/04/2003,ASG,AR,ASW,CE,Federal Contract Tower,0,6,42,0,48,0,4,67,0,71,0,10,109,0,119,90,0,90,209
09/05/2003,ASG,AR,ASW,CE,Federal Contract Tower,0,4,30,0,34,0,2,70,0,72,0,6,100,0,106,32,0,32,138
09/06/2003,ASG,AR,ASW,CE,Federal Contract Tower,0,0,21,0,21,0,2,90,6,98,0,2,111,6,119,34,6,40,159
09/07/2003,ASG,AR,ASW,CE,Federal Contract Tower,0,2,11,0,13,0,2,57,0,59,0,4,68,0,72,20,0,20,92
09/08/2003,ASG,AR,ASW,CE,Federal Contract Tower,0,4,29,0,33,0,9,55,0,64,0,13,84,0,97,104,0,104,201
09/09/2003,ASG,AR,ASW,CE,Federal Contract Tower,0,4,24,0,28,0,8,66,0,74,0,12,90,0,102,120,0,120,222
09/10/2003,ASG,AR,ASW,CE,Federal Contract Tower,0,3,37,0,40,0,1,67,0,68,0,4,104,0,108,44,0,44,152
09/11/2003,ASG,AR,ASW,CE,Federal Contract Tower,0,4,14,0,18,0,3,23,0,26,0,7,37,0,44,0,0,0,44
09/12/2003,ASG,AR,ASW,CE,Federal Contract Tower,0,6,38,0,44,0,0,2,0,2,0,6,40,0,46,0,0,0,46
09/13/2003,ASG,AR,ASW,CE,Federal Contract Tower,0,1,15,0,16,0,7,30,0,37,0,8,45,0,53,34,0,34,87
09/14/2003,ASG,AR,ASW,CE,Federal Contract Tower,0,0,18,0,18,0,0,84,0,84,0,0,102,0,102,46,0,46,148
09/15/2003,ASG,AR,ASW,CE,Federal Contract Tower,0,4,25,0,29,0,12,96,0,108,0,16,121,0,137,208,0,208,345
09/16/2003,ASG,AR,ASW,CE,Federal Contract Tower,0,6,29,0,35,0,11,76,5,92,0,17,105,5,127,136,0,136,263
09/17/2003,ASG,AR,ASW,CE,Federal Contract Tower,0,4,22,0,26,0,11,76,1,88,0,15,98,1,114,168,0,168,282
09/18/2003,ASG,AR,ASW,CE,Federal Contract Tower,0,4,27,0,31,0,5,45,0,50,0,9,72,0,81,22,0,22,103
09/19/2003,ASG,AR,ASW,CE,Federal Contract Tower,0,5,38,0,43,0,3,55,0,58,0,8,93,0,101,32,0,32,133
09/20/2003,ASG,AR,ASW,CE,Federal Contract Tower,0,2,10,0,12,0,13,70,0,83,0,15,80,0,95,46,0,46,141
09/21/2003,ASG,AR,ASW,CE,Federal Contract Tower,0,0,17,0,17,0,3,46,0,49,0,3,63,0,66,24,0,24,90
09/22/2003,ASG,AR,ASW,CE,Federal Contract Tower,0,4,28,0,32,0,6,53,0,59,0,10,81,0,91,74,0,74,165
09/23/2003,ASG,AR,ASW,CE,Federal Contract Tower,0,4,37,0,41,0,7,71,0,78,0,11,108,0,119,154,0,154,273
09/24/2003,ASG,AR,ASW,CE,Federal Contract Tower,0,6,19,0,25,0,4,52,0,56,0,10,71,0,81,42,0,42,123
09/25/2003,ASG,AR,ASW,CE,Federal Contract Tower,0,4,36,0,40,0,5,85,0,90,0,9,121,0,130,46,0,46,176
09/26/2003,ASG,AR,ASW,CE,Federal Contract Tower,0,4,30,0,34,0,4,51,0,55,0,8,81,0,89,32,0,32,121
09/27/2003,ASG,AR,ASW,CE,Federal Contract Tower,0,0,11,0,11,0,4,54,0,58,0,4,65,0,69,38,0,38,107
09/28/2003,ASG,AR,ASW,CE,Federal Contract Tower,0,0,12,0,12,0,1,56,0,57,0,1,68,0,69,0,0,0,69
09/29/2003,ASG,AR,ASW,CE,Federal Contract Tower,0,4,24,0,28,0,6,71,0,77,0,10,95,0,105,150,0,150,255
09/30/2003,ASG,AR,ASW,CE,Federal Contract Tower,0,6,26,0,32,0,10,61,0,71,0,16,87,0,103,182,0,182,285
10/01/2003,ASG,AR,ASW,CE,Federal Contract Tower,0,4,43,0,47,0,13,67,0,80,0,17,110,0,127,192,0,192,319
10/02/2003,ASG,AR,ASW,CE,Federal Contract Tower,0,4,24,0,28,0,1,48,0,49,0,5,72,0,77,38,0,38,115
10/03/2003,ASG,AR,ASW,CE,Federal Contract Tower,0,6,31,0,37,0,5,40,0,45,0,11,71,0,82,32,0,32,114
10/04/2003,ASG,AR,ASW,CE,Federal Contract Tower,0,0,14,0,14,0,10,108,0,118,0,10,122,0,132,64,0,64,196
10/05/2003,ASG,AR,ASW,CE,Federal Contract Tower,0,0,26,0,26,0,4,12,0,16,0,4,38,0,42,0,0,0,42
10/06/2003,ASG,AR,ASW,CE,Federal Contract Tower,0,4,27,0,31,0,1,34,0,35,0,5,61,0,66,68,0,68,134
10/07/2003,ASG,AR,ASW,CE,Federal Contract Tower,0,4,25,0,29,0,10,93,0,103,0,14,118,0,132,218,0,218,350
10/08/2003,ASG,AR,ASW,CE,Federal Contract Tower,0,8,36,0,44,0,4,48,0,52,0,12,84,0,96,58,0,58,154
10/09/2003,ASG,AR,ASW,CE,Federal Contract Tower,0,3,40,0,43,0,3,8,0,11,0,6,48,0,54,0,0,0,54
10/10/2003,ASG,AR,ASW,CE,Federal Contract Tower,0,6,71,0,77,0,1,24,0,25,0,7,95,0,102,62,0,62,164
10/11/2003,ASG,AR,ASW,CE,Federal Contract Tower,0,0,48,0,48,0,9,58,0,67,0,9,106,0,115,60,0,60,175
10/12/2003,ASG,AR,ASW,CE,Federal Contract Tower,0,0,24,0,24,0,5,62,0,67,0,5,86,0,91,98,0,98,189
10/13/2003,ASG,AR,ASW,CE,Federal Contract Tower,0,0,44,0,44,0,0,27,0,27,0,0,71,0,71,76,0,76,147
10/14/2003,ASG,AR,ASW,CE,Federal Contract Tower,0,4,17,0,21,0,10,65,0,75,0,14,82,0,96,158,0,158,254
10/15/2003,ASG,AR,ASW,CE,Federal Contract Tower,0,4,25,0,29,0,5,90,0,95,0,9,115,0,124,142,0,142,266
10/16/2003,ASG,AR,ASW,CE,Federal Contract Tower,0,4,26,0,30,0,0,77,0,77,0,4,103,0,107,68,0,68,175
10/17/2003,ASG,AR,ASW,CE,Federal Contract Tower,0,4,32,0,36,0,2,80,0,82,0,6,112,0,118,124,0,124,242
10/18/2003,ASG,AR,ASW,CE,Federal Contract Tower,0,0,48,0,48,0,4,63,0,67,0,4,111,0,115,60,0,60,175
10/19/2003,ASG,AR,ASW,CE,Federal Contract Tower,0,0,12,0,12,0,0,105,0,105,0,0,117,0,117,62,0,62,179
10/20/2003,ASG,AR,ASW,CE,Federal Contract Tower,0,5,21,0,26,0,10,69,0,79,0,15,90,0,105,136,0,136,241
10/21/2003,ASG,AR,ASW,CE,Federal Contract Tower,0,7,28,0,35,0,7,54,0,61,0,14,82,0,96,24,0,24,120
10/22/2003,ASG,AR,ASW,CE,Federal Contract Tower,0,4,35,0,39,0,5,74,0,79,0,9,109,0,118,84,0,84,202
10/23/2003,ASG,AR,ASW,CE,Federal Contract Tower,0,5,37,0,42,0,6,61,0,67,0,11,98,0,109,62,0,62,171
10/24/2003,ASG,AR,ASW,CE,Federal Contract Tower,0,5,26,0,31,0,7,78,0,85,0,12,104,0,116,140,0,140,256
10/25/2003,ASG,AR,ASW,CE,Federal Contract Tower,0,1,9,0,10,0,3,13,0,16,0,4,22,0,26,20,0,20,46
10/26/2003,ASG,AR,ASW,CE,Federal Contract Tower,0,0,15,0,15,0,4,79,0,83,0,4,94,0,98,70,0,70,168
10/27/2003,ASG,AR,ASW,CE,Federal Contract Tower,0,4,35,0,39,0,9,81,0,90,0,13,116,0,129,150,0,150,279
10/28/2003,ASG,AR,ASW,CE,Federal Contract Tower,0,7,31,0,38,0,7,73,0,80,0,14,104,0,118,200,0,200,318
10/29/2003,ASG,AR,ASW,CE,Federal Contract Tower,0,5,31,0,36,0,8,60,0,68,0,13,91,0,104,80,0,80,184
10/30/2003,ASG,AR,ASW,CE,Federal Contract Tower,0,10,35,0,45,0,6,38,1,45,0,16,73,1,90,36,0,36,126
10/31/2003,ASG,AR,ASW,CE,Federal Contract Tower,0,6,43,0,49,0,2,44,0,46,0,8,87,0,95,64,0,64,159
11/01/2003,ASG,AR,ASW,CE,Federal Contract Tower,0,0,26,0,26,0,3,29,0,32,0,3,55,0,58,70,0,70,128
11/02/2003,ASG,AR,ASW,CE,Federal Contract Tower,0,0,20,0,20,0,1,52,0,53,0,1,72,0,73,34,0,34,107
11/03/2003,ASG,AR,ASW,CE,Federal Contract Tower,0,4,20,0,24,0,6,72,0,78,0,10,92,0,102,106,0,106,208
11/04/2003,ASG,AR,ASW,CE,Federal Contract Tower,0,6,31,0,37,0,6,54,0,60,0,12,85,0,97,122,0,122,219
11/05/2003,ASG,AR,ASW,CE,Federal Contract Tower,0,14,20,0,34,0,0,8,0,8,0,14,28,0,42,0,0,0,42
11/06/2003,ASG,AR,ASW,CE,Federal Contract Tower,0,8,24,0,32,0,0,6,0,6,0,8,30,0,38,0,0,0,38
11/07/2003,ASG,AR,ASW,CE,Federal Contract Tower,0,13,31,0,44,0,0,0,0,0,0,13,31,0,44,0,0,0,44
11/08/2003,ASG,AR,ASW,CE,Federal Contract Tower,0,0,9,0,9,0,3,45,0,48,0,3,54,0,57,92,0,92,149
11/09/2003,ASG,AR,ASW,CE,Federal Contract Tower,0,0,9,0,9,0,3,21,0,24,0,3,30,0,33,16,0,16,49
11/10/2003,ASG,AR,ASW,CE,Federal Contract Tower,0,4,33,0,37,0,3,16,0,19,0,7,49,0,56,12,0,12,68
11/11/2003,ASG,AR,ASW,CE,Federal Contract Tower,0,3,17,0,20,0,7,13,0,20,0,10,30,0,40,34,0,34,74
11/12/2003,ASG,AR,ASW,CE,Federal Contract Tower,0,6,38,0,44,0,8,66,0,74,0,14,104,0,118,114,0,114,232
11/13/2003,ASG,AR,ASW,CE,Federal Contract Tower,0,5,17,0,22,0,8,85,0,93,0,13,102,0,115,188,0,188,303
11/14/2003,ASG,AR,ASW,CE,Federal Contract Tower,0,9,37,0,46,0,5,45,0,50,0,14,82,0,96,94,0,94,190
11/15/2003,ASG,AR,ASW,CE,Federal Contract Tower,0,2,29,0,31,0,0,0,0,0,0,2,29,0,31,0,0,0,31
11/16/2003,ASG,AR,ASW,CE,Federal Contract Tower,0,0,16,0,16,0,5,66,0,71,0,5,82,0,87,52,0,52,139
11/17/2003,ASG,AR,ASW,CE,Federal Contract Tower,0,5,14,0,19,0,2,10,0,12,0,7,24,0,31,20,0,20,51
11/18/2003,ASG,AR,ASW,CE,Federal Contract Tower,0,8,26,0,34,0,4,31,0,35,0,12,57,0,69,50,0,50,119
11/19/2003,ASG,AR,ASW,CE,Federal Contract Tower,0,6,45,0,51,0,4,107,0,111,0,10,152,0,162,192,0,192,354
11/20/2003,ASG,AR,ASW,CE,Federal Contract Tower,0,4,39,0,43,0,7,78,0,85,0,11,117,0,128,116,0,116,244
11/21/2003,ASG,AR,ASW,CE,Federal Contract Tower,0,3,23,0,26,0,8,82,0,90,0,11,105,0,116,156,0,156,272
11/22/2003,ASG,AR,ASW,CE,Federal Contract Tower,0,0,41,0,41,0,2,37,0,39,0,2,78,0,80,26,0,26,106
11/23/2003,ASG,AR,ASW,CE,Federal Contract Tower,0,2,16,0,18,0,6,5,0,11,0,8,21,0,29,0,0,0,29
11/24/2003,ASG,AR,ASW,CE,Federal Contract Tower,0,4,19,0,23,0,8,77,0,85,0,12,96,0,108,166,0,166,274
11/25/2003,ASG,AR,ASW,CE,Federal Contract Tower,0,3,25,0,28,0,6,49,0,55,0,9,74,0,83,102,0,102,185
11/26/2003,ASG,AR,ASW,CE,Federal Contract Tower,0,4,37,0,41,0,10,61,0,71,0,14,98,0,112,136,0,136,248
11/27/2003,ASG,AR,ASW,CE,Federal Contract Tower,0,0,10,0,10,0,0,8,0,8,0,0,18,0,18,2,0,2,20
11/28/2003,ASG,AR,ASW,CE,Federal Contract Tower,0,4,16,0,20,0,2,48,0,50,0,6,64,0,70,26,0,26,96
11/29/2003,ASG,AR,ASW,CE,Federal Contract Tower,0,0,13,0,13,0,3,35,0,38,0,3,48,0,51,12,0,12,63
11/30/2003,ASG,AR,ASW,CE,Federal Contract Tower,0,0,15,0,15,0,5,47,0,52,0,5,62,0,67,28,0,28,95
12/01/2003,ASG,AR,ASW,CE,Federal Contract Tower,0,5,20,0,25,0,6,63,0,69,0,11,83,0,94,104,0,104,198
12/02/2003,ASG,AR,ASW,CE,Federal Contract Tower,0,3,29,0,32,0,8,65,0,73,0,11,94,0,105,120,0,120,225
12/03/2003,ASG,AR,ASW,CE,Federal Contract Tower,0,5,33,0,38,0,0,19,0,19,0,5,52,0,57,52,0,52,109
12/04/2003,ASG,AR,ASW,CE,Federal Contract Tower,0,12,40,0,52,0,0,7,0,7,0,12,47,0,59,0,0,0,59
12/05/2003,ASG,AR,ASW,CE,Federal Contract Tower,0,4,36,0,40,0,4,33,0,37,0,8,69,0,77,58,0,58,135
12/06/2003,ASG,AR,ASW,CE,Federal Contract Tower,0,1,15,0,16,0,2,86,0,88,0,3,101,0,104,110,0,110,214
12/07/2003,ASG,AR,ASW,CE,Federal Contract Tower,0,2,9,0,11,0,0,52,0,52,0,2,61,0,63,70,0,70,133
12/08/2003,ASG,AR,ASW,CE,Federal Contract Tower,0,6,34,0,40,0,5,80,0,85,0,11,114,0,125,166,0,166,291
12/09/2003,ASG,AR,ASW,CE,Federal Contract Tower,0,7,17,0,24,0,0,2,0,2,0,7,19,0,26,0,0,0,26
12/10/2003,ASG,AR,ASW,CE,Federal Contract Tower,0,8,22,0,30,0,3,51,0,54,0,11,73,0,84,68,0,68,152
12/11/2003,ASG,AR,ASW,CE,Federal Contract Tower,0,6,35,0,41,0,5,74,0,79,0,11,109,0,120,104,0,104,224
12/12/2003,ASG,AR,ASW,CE,Federal Contract Tower,0,6,26,0,32,0,3,68,0,71,0,9,94,0,103,108,0,108,211
12/13/2003,ASG,AR,ASW,CE,Federal Contract Tower,0,0,3,0,3,0,0,0,0,0,0,0,3,0,3,0,0,0,3
12/14/2003,ASG,AR,ASW,CE,Federal Contract Tower,0,0,8,0,8,0,0,52,0,52,0,0,60,0,60,46,0,46,106
12/15/2003,ASG,AR,ASW,CE,Federal Contract Tower,0,4,37,0,41,0,4,39,0,43,0,8,76,0,84,76,0,76,160
12/16/2003,ASG,AR,ASW,CE,Federal Contract Tower,0,9,29,0,38,0,1,21,0,22,0,10,50,0,60,40,0,40,100
12/17/2003,ASG,AR,ASW,CE,Federal Contract Tower,0,6,38,0,44,0,8,62,0,70,0,14,100,0,114,118,0,118,232
12/18/2003,ASG,AR,ASW,CE,Federal Contract Tower,0,11,37,0,48,0,3,64,0,67,0,14,101,0,115,52,0,52,167
12/19/2003,ASG,AR,ASW,CE,Federal Contract Tower,0,9,27,0,36,0,6,83,0,89,0,15,110,0,125,66,0,66,191
12/20/2003,ASG,AR,ASW,CE,Federal Contract Tower,0,2,15,0,17,0,5,82,0,87,0,7,97,0,104,50,0,50,154
12/21/2003,ASG,AR,ASW,CE,Federal Contract Tower,0,2,9,0,11,0,1,39,0,40,0,3,48,0,51,22,0,22,73
12/22/2003,ASG,AR,ASW,CE,Federal Contract Tower,0,8,17,0,25,0,2,31,0,33,0,10,48,0,58,82,0,82,140
12/23/2003,ASG,AR,ASW,CE,Federal Contract Tower,0,8,13,0,21,0,11,54,0,65,0,19,67,0,86,110,0,110,196
12/24/2003,ASG,AR,ASW,CE,Federal Contract Tower,0,8,8,0,16,0,6,59,0,65,0,14,67,0,81,124,0,124,205
12/25/2003,ASG,AR,ASW,CE,Federal Contract Tower,0,1,4,0,5,0,3,12,0,15,0,4,16,0,20,8,0,8,28
12/26/2003,ASG,AR,ASW,CE,Federal Contract Tower,0,9,21,0,30,0,4,32,0,36,0,13,53,0,66,26,0,26,92
12/27/2003,ASG,AR,ASW,CE,Federal Contract Tower,0,2,15,0,17,0,3,13,0,16,0,5,28,0,33,0,0,0,33
12/28/2003,ASG,AR,ASW,CE,Federal Contract Tower,0,4,13,0,17,0,0,16,0,16,0,4,29,0,33,2,0,2,35
12/29/2003,ASG,AR,ASW,CE,Federal Contract Tower,0,10,16,0,26,0,9,70,0,79,0,19,86,0,105,128,0,128,233
12/30/2003,ASG,AR,ASW,CE,Federal Contract Tower,0,6,27,0,33,0,2,50,0,52,0,8,77,0,85,92,0,92,177
12/31/2003,ASG,AR,ASW,CE,Federal Contract Tower,0,6,18,0,24,0,4,74,0,78,0,10,92,0,102,154,0,154,256
01/01/2004,ASG,AR,ASW,CE,Federal Contract Tower,0,0,10,0,10,0,2,7,0,9,0,2,17,0,19,26,0,26,45
01/02/2004,ASG,AR,ASW,CE,Federal Contract Tower,0,6,24,0,30,0,7,16,0,23,0,13,40,0,53,0,0,0,53
01/03/2004,ASG,AR,ASW,CE,Federal Contract Tower,0,1,11,0,12,0,2,10,0,12,0,3,21,0,24,46,0,46,70
01/04/2004,ASG,AR,ASW,CE,Federal Contract Tower,0,0,11,0,11,0,0,2,0,2,0,0,13,0,13,0,0,0,13
01/05/2004,ASG,AR,ASW,CE,Federal Contract Tower,0,5,17,0,22,0,4,35,0,39,0,9,52,0,61,88,0,88,149
01/06/2004,ASG,AR,ASW,CE,Federal Contract Tower,0,10,17,0,27,0,5,67,0,72,0,15,84,0,99,158,0,158,257
01/07/2004,ASG,AR,ASW,CE,Federal Contract Tower,0,6,33,0,39,0,7,54,0,61,0,13,87,0,100,138,0,138,238
01/08/2004,ASG,AR,ASW,CE,Federal Contract Tower,0,12,29,0,41,0,2,16,0,18,0,14,45,0,59,58,0,58,117
01/09/2004,ASG,AR,ASW,CE,Federal Contract Tower,0,6,24,0,30,0,6,57,0,63,0,12,81,0,93,100,0,100,193
01/10/2004,ASG,AR,ASW,CE,Federal Contract Tower,0,1,17,0,18,0,5,43,0,48,0,6,60,0,66,66,0,66,132
01/11/2004,ASG,AR,ASW,CE,Federal Contract Tower,0,0,14,0,14,0,4,70,0,74,0,4,84,0,88,64,0,64,152
01/12/2004,ASG,AR,ASW,CE,Federal Contract Tower,0,7,38,0,45,0,7,82,0,89,0,14,120,0,134,156,0,156,290
01/13/2004,ASG,AR,ASW,CE,Federal Contract Tower,0,10,34,0,44,0,7,62,0,69,0,17,96,0,113,82,0,82,195
01/14/2004,ASG,AR,ASW,CE,Federal Contract Tower,0,9,42,0,51,0,2,44,0,46,0,11,86,0,97,48,0,48,145
01/15/2004,ASG,AR,ASW,CE,Federal Contract Tower,0,8,38,0,46,0,4,100,0,104,0,12,138,0,150,124,0,124,274
01/16/2004,ASG,AR,ASW,CE,Federal Contract Tower,0,9,20,0,29,0,1,8,0,9,0,10,28,0,38,4,0,4,42
01/17/2004,ASG,AR,ASW,CE,Federal Contract Tower,0,3,23,0,26,0,0,0,0,0,0,3,23,0,26,10,0,10,36
01/18/2004,ASG,AR,ASW,CE,Federal Contract Tower,0,0,19,0,19,0,2,41,0,43,0,2,60,0,62,74,0,74,136
01/19/2004,ASG,AR,ASW,CE,Federal Contract Tower,0,4,15,0,19,0,5,82,0,87,0,9,97,0,106,200,0,200,306
01/20/2004,ASG,AR,ASW,CE,Federal Contract Tower,0,8,21,0,29,0,3,47,0,50,0,11,68,0,79,48,0,48,127
01/21/2004,ASG,AR,ASW,CE,Federal Contract Tower,0,6,22,0,28,0,3,46,0,49,0,9,68,0,77,38,0,38,115
01/22/2004,ASG,AR,ASW,CE,Federal Contract Tower,0,8,25,0,33,0,4,69,0,73,0,12,94,0,106,98,0,98,204
01/23/2004,ASG,AR,ASW,CE,Federal Contract Tower,0,5,26,0,31,0,4,75,0,79,0,9,101,0,110,70,0,70,180
01/24/2004,ASG,AR,ASW,CE,Federal Contract Tower,0,1,14,0,15,0,5,32,0,37,0,6,46,0,52,106,0,106,158
01/25/2004,ASG,AR,ASW,CE,Federal Contract Tower,0,0,7,0,7,0,0,3,0,3,0,0,10,0,10,22,0,22,32
01/26/2004,ASG,AR,ASW,CE,Federal Contract Tower,0,5,11,0,16,0,0,0,0,0,0,5,11,0,16,0,0,0,16
01/27/2004,ASG,AR,ASW,CE,Federal Contract Tower,0,12,22,0,34,0,2,29,1,32,0,14,51,1,66,34,0,34,100
01/28/2004,ASG,AR,ASW,CE,Federal Contract Tower,0,10,21,0,31,0,1,86,1,88,0,11,107,1,119,58,0,58,177
01/29/2004,ASG,AR,ASW,CE,Federal Contract Tower,0,10,25,0,35,0,1,46,0,47,0,11,71,0,82,66,0,66,148
01/30/2004,ASG,AR,ASW,CE,Federal Contract Tower,0,6,23,0,29,0,3,42,0,45,0,9,65,0,74,34,0,34,108
01/31/2004,ASG,AR,ASW,CE,Federal Contract Tower,0,0,13,0,13,0,7,76,0,83,0,7,89,0,96,156,0,156,252
02/01/2004,ASG,AR,ASW,CE,Federal Contract Tower,0,0,4,0,4,0,0,52,0,52,0,0,56,0,56,138,0,138,194
02/02/2004,ASG,AR,ASW,CE,Federal Contract Tower,0,8,20,0,28,0,1,0,0,1,0,9,20,0,29,0,0,0,29
02/03/2004,ASG,AR,ASW,CE,Federal Contract Tower,0,14,22,0,36,0,10,72,0,82,0,24,94,0,118,150,0,150,268
02/04/2004,ASG,AR,ASW,CE,Federal Contract Tower,0,6,22,0,28,0,3,26,0,29,0,9,48,0,57,40,0,40,97
02/05/2004,ASG,AR,ASW,CE,Federal Contract Tower,0,12,20,0,32,0,0,2,0,2,0,12,22,0,34,0,0,0,34
02/06/2004,ASG,AR,ASW,CE,Federal Contract Tower,0,8,26,0,34,0,0,6,0,6,0,8,32,0,40,0,0,0,40
02/07/2004,ASG,AR,ASW,CE,Federal Contract Tower,0,2,5,0,7,0,0,59,0,59,0,2,64,0,66,52,0,52,118
02/08/2004,ASG,AR,ASW,CE,Federal Contract Tower,0,0,21,0,21,0,4,27,0,31,0,4,48,0,52,28,0,28,80
02/09/2004,ASG,AR,ASW,CE,Federal Contract Tower,0,6,9,0,15,0,0,4,0,4,0,6,13,0,19,0,0,0,19
02/10/2004,ASG,AR,ASW,CE,Federal Contract Tower,0,6,21,0,27,0,4,59,2,65,0,10,80,2,92,78,0,78,170
02/11/2004,ASG,AR,ASW,CE,Federal Contract Tower,0,4,32,0,36,0,6,70,0,76,0,10,102,0,112,82,0,82,194
02/12/2004,ASG,AR,ASW,CE,Federal Contract Tower,0,6,30,0,36,0,8,51,0,59,0,14,81,0,95,60,0,60,155
02/13/2004,ASG,AR,ASW,CE,Federal Contract Tower,0,7,22,0,29,0,2,78,0,80,0,9,100,0,109,102,0,102,211
02/14/2004,ASG,AR,ASW,CE,Federal Contract Tower,0,1,12,0,13,0,2,55,0,57,0,3,67,0,70,68,0,68,138
02/15/2004,ASG,AR,ASW,CE,Federal Contract Tower,0,0,16,0,16,0,2,57,0,59,0,2,73,0,75,54,0,54,129
02/16/2004,ASG,AR,ASW,CE,Federal Contract Tower,0,2,20,0,22,0,4,46,0,50,0,6,66,0,72,66,0,66,138
02/17/2004,ASG,AR,ASW,CE,Federal Contract Tower,0,9,18,0,27,0,11,66,0,77,0,20,84,0,104,66,0,66,170
02/18/2004,ASG,AR,ASW,CE,Federal Contract Tower,0,7,19,0,26,0,0,77,0,77,0,7,96,0,103,40,0,40,143
02/19/2004,ASG,AR,ASW,CE,Federal Contract Tower,0,6,15,0,21,0,3,24,0,27,0,9,39,0,48,34,0,34,82
02/20/2004,ASG,AR,ASW,CE,Federal Contract Tower,0,6,29,0,35,0,2,17,0,19,0,8,46,0,54,24,0,24,78
02/21/2004,ASG,AR,ASW,CE,Federal Contract Tower,0,1,16,0,17,0,6,74,0,80,0,7,90,0,97,114,0,114,211
02/22/2004,ASG,AR,ASW,CE,Federal Contract Tower,0,0,16,0,16,0,2,87,0,89,0,2,103,0,105,68,0,68,173
02/23/2004,ASG,AR,ASW,CE,Federal Contract Tower,0,4,24,0,28,0,5,64,0,69,0,9,88,0,97,98,0,98,195
02/24/2004,ASG,AR,ASW,CE,Federal Contract Tower,0,6,22,0,28,0,1,34,0,35,0,7,56,0,63,52,0,52,115
02/25/2004,ASG,AR,ASW,CE,Federal Contract Tower,0,8,18,0,26,0,4,50,0,54,0,12,68,0,80,64,0,64,144
02/26/2004,ASG,AR,ASW,CE,Federal Contract Tower,0,6,19,0,25,0,2,96,0,98,0,8,115,0,123,114,0,114,237
02/27/2004,ASG,AR,ASW,CE,Federal Contract Tower,0,9,29,0,38,0,3,73,0,76,0,12,102,0,114,64,0,64,178
02/28/2004,ASG,AR,ASW,CE,Federal Contract Tower,0,1,17,0,18,0,5,54,0,59,0,6,71,0,77,66,0,66,143
02/29/2004,ASG,AR,ASW,CE,Federal Contract Tower,0,1,14,0,15,0,2,5,0,7,0,3,19,0,22,8,0,8,30
03/01/2004,ASG,AR,ASW,CE,Federal Contract Tower,0,8,18,0,26,0,3,41,0,44,0,11,59,0,70,74,0,74,144
03/02/2004,ASG,AR,ASW,CE,Federal Contract Tower,0,8,18,0,26,0,8,88,0,96,0,16,106,0,122,196,0,196,318
03/03/2004,ASG,AR,ASW,CE,Federal Contract Tower,0,6,20,0,26,0,4,6,0,10,0,10,26,0,36,0,0,0,36
03/04/2004,ASG,AR,ASW,CE,Federal Contract Tower,0,7,14,0,21,0,3,3,0,6,0,10,17,0,27,6,0,6,33
03/05/2004,ASG,AR,ASW,CE,Federal Contract Tower,0,6,20,0,26,0,7,64,0,71,0,13,84,0,97,66,0,66,163
03/06/2004,ASG,AR,ASW,CE,Federal Contract Tower,0,1,5,0,6,0,6,107,2,115,0,7,112,2,121,82,0,82,203
03/07/2004,ASG,AR,ASW,CE,Federal Contract Tower,0,0,19,0,19,0,5,40,0,45,0,5,59,0,64,22,0,22,86
03/08/2004,ASG,AR,ASW,CE,Federal Contract Tower,0,7,22,0,29,0,18,81,0,99,0,25,103,0,128,142,0,142,270
03/09/2004,ASG,AR,ASW,CE,Federal Contract Tower,0,7,27,0,34,0,13,63,0,76,0,20,90,0,110,108,0,108,218
03/10/2004,ASG,AR,ASW,CE,Federal Contract Tower,0,6,32,0,38,0,1,69,0,70,0,7,101,0,108,56,0,56,164
03/11/2004,ASG,AR,ASW,CE,Federal Contract Tower,0,6,26,0,32,0,2,67,0,69,0,8,93,0,101,64,0,64,165
03/12/2004,ASG,AR,ASW,CE,Federal Contract Tower,0,7,19,0,26,0,8,69,0,77,0,15,88,0,103,48,0,48,151
03/13/2004,ASG,AR,ASW,CE,Federal Contract Tower,0,2,13,0,15,0,6,21,0,27,0,8,34,0,42,66,0,66,108
03/14/2004,ASG,AR,ASW,CE,Federal Contract Tower,0,0,16,0,16,0,2,47,0,49,0,2,63,0,65,42,0,42,107
03/15/2004,ASG,AR,ASW,CE,Federal Contract Tower,0,7,23,0,30,0,9,50,0,59,0,16,73,0,89,114,0,114,203
03/16/2004,ASG,AR,ASW,CE,Federal Contract Tower,0,6,20,0,26,0,14,76,0,90,0,20,96,0,116,182,0,182,298
03/17/2004,ASG,AR,ASW,CE,Federal Contract Tower,0,6,19,0,25,0,7,96,0,103,0,13,115,0,128,124,0,124,252
03/18/2004,ASG,AR,ASW,CE,Federal Contract Tower,0,8,42,0,50,0,6,66,2,74,0,14,108,2,124,64,0,64,188
03/19/2004,ASG,AR,ASW,CE,Federal Contract Tower,0,6,19,0,25,0,1,36,0,37,0,7,55,0,62,28,0,28,90
03/20/2004,ASG,AR,ASW,CE,Federal Contract Tower,0,5,25,0,30,0,0,13,0,13,0,5,38,0,43,0,0,0,43
03/21/2004,ASG,AR,ASW,CE,Federal Contract Tower,0,1,7,0,8,0,10,82,0,92,0,11,89,0,100,54,0,54,154
03/22/2004,ASG,AR,ASW,CE,Federal Contract Tower,0,5,22,0,27,0,7,71,2,80,0,12,93,2,107,162,2,164,271
03/23/2004,ASG,AR,ASW,CE,Federal Contract Tower,0,5,16,0,21,0,6,53,0,59,0,11,69,0,80,96,0,96,176
03/24/2004,ASG,AR,ASW,CE,Federal Contract Tower,0,5,39,0,44,0,8,26,0,34,0,13,65,0,78,48,0,48,126
03/25/2004,ASG,AR,ASW,CE,Federal Contract Tower,0,8,30,0,38,0,1,22,0,23,0,9,52,0,61,40,0,40,101
03/26/2004,ASG,AR,ASW,CE,Federal Contract Tower,0,8,37,0,45,0,3,25,0,28,0,11,62,0,73,32,0,32,105
03/27/2004,ASG,AR,ASW,CE,Federal Contract Tower,0,1,14,0,15,0,8,20,0,28,0,9,34,0,43,56,0,56,99
03/28/2004,ASG,AR,ASW,CE,Federal Contract Tower,0,0,10,0,10,0,2,16,0,18,0,2,26,0,28,6,0,6,34
03/29/2004,ASG,AR,ASW,CE,Federal Contract Tower,0,5,22,0,27,0,5,72,0,77,0,10,94,0,104,140,0,140,244
03/30/2004,ASG,AR,ASW,CE,Federal Contract Tower,0,12,29,0,41,0,10,75,0,85,0,22,104,0,126,126,0,126,252
03/31/2004,ASG,AR,ASW,CE,Federal Contract Tower,0,8,39,0,47,0,7,100,0,107,0,15,139,0,154,142,0,142,296
04/01/2004,ASG,AR,ASW,CE,Federal Contract Tower,0,6,17,0,23,0,2,91,0,93,0,8,108,0,116,58,0,58,174
04/02/2004,ASG,AR,ASW,CE,Federal Contract Tower,0,6,34,0,40,0,7,100,0,107,0,13,134,0,147,140,0,140,287
04/03/2004,ASG,AR,ASW,CE,Federal Contract Tower,0,3,3,0,6,0,10,49,0,59,0,13,52,0,65,46,0,46,111
04/04/2004,ASG,AR,ASW,CE,Federal Contract Tower,0,0,14,0,14,0,1,72,0,73,0,1,86,0,87,50,0,50,137
04/05/2004,ASG,AR,ASW,CE,Federal Contract Tower,0,7,18,0,25,0,3,74,0,77,0,10,92,0,102,154,0,154,256
04/06/2004,ASG,AR,ASW,CE,Federal Contract Tower,0,7,28,0,35,0,5,57,0,62,0,12,85,0,97,94,0,94,191
04/07/2004,ASG,AR,ASW,CE,Federal Contract Tower,0,10,34,0,44,0,6,42,0,48,0,16,76,0,92,72,0,72,164
04/08/2004,ASG,AR,ASW,CE,Federal Contract Tower,0,6,30,0,36,0,7,85,0,92,0,13,115,0,128,162,0,162,290
04/09/2004,ASG,AR,ASW,CE,Federal Contract Tower,0,5,24,0,29,0,4,48,0,52,0,9,72,0,81,68,0,68,149
04/10/2004,ASG,AR,ASW,CE,Federal Contract Tower,0,1,12,0,13,0,2,0,0,2,0,3,12,0,15,4,0,4,19
04/11/2004,ASG,AR,ASW,CE,Federal Contract Tower,0,1,15,0,16,0,2,35,0,37,0,3,50,0,53,16,0,16,69
04/12/2004,ASG,AR,ASW,CE,Federal Contract Tower,0,10,21,0,31,0,7,78,0,85,0,17,99,0,116,144,0,144,260
04/13/2004,ASG,AR,ASW,CE,Federal Contract Tower,0,5,18,0,23,0,6,82,0,88,0,11,100,0,111,116,0,116,227
04/14/2004,ASG,AR,ASW,CE,Federal Contract Tower,0,5,22,0,27,0,5,85,0,90,0,10,107,0,117,150,0,150,267
04/15/2004,ASG,AR,ASW,CE,Federal Contract Tower,0,7,28,0,35,0,2,65,0,67,0,9,93,0,102,62,0,62,164
04/16/2004,ASG,AR,ASW,CE,Federal Contract Tower,0,5,27,0,32,0,9,77,0,86,0,14,104,0,118,68,0,68,186
04/17/2004,ASG,AR,ASW,CE,Federal Contract Tower,0,2,11,1,14,0,9,64,1,74,0,11,75,2,88,64,0,64,152
04/18/2004,ASG,AR,ASW,CE,Federal Contract Tower,0,0,11,0,11,0,11,30,0,41,0,11,41,0,52,34,0,34,86
04/19/2004,ASG,AR,ASW,CE,Federal Contract Tower,0,4,27,0,31,0,8,47,0,55,0,12,74,0,86,104,0,104,190
04/20/2004,ASG,AR,ASW,CE,Federal Contract Tower,0,7,26,0,33,0,5,39,0,44,0,12,65,0,77,52,0,52,129
04/21/2004,ASG,AR,ASW,CE,Federal Contract Tower,0,5,33,0,38,0,2,64,0,66,0,7,97,0,104,76,0,76,180
04/22/2004,ASG,AR,ASW,CE,Federal Contract Tower,0,6,23,0,29,0,3,43,0,46,0,9,66,0,75,72,0,72,147
04/23/2004,ASG,AR,ASW,CE,Federal Contract Tower,0,6,23,0,29,0,0,11,0,11,0,6,34,0,40,10,0,10,50
04/24/2004,ASG,AR,ASW,CE,Federal Contract Tower,0,0,4,0,4,0,4,30,0,34,0,4,34,0,38,0,0,0,38
04/25/2004,ASG,AR,ASW,CE,Federal Contract Tower,0,1,13,0,14,0,2,74,0,76,0,3,87,0,90,50,0,50,140
04/26/2004,ASG,AR,ASW,CE,Federal Contract Tower,0,4,23,0,27,0,12,70,0,82,0,16,93,0,109,124,0,124,233
04/27/2004,ASG,AR,ASW,CE,Federal Contract Tower,0,7,30,0,37,0,11,102,0,113,0,18,132,0,150,162,0,162,312
04/28/2004,ASG,AR,ASW,CE,Federal Contract Tower,0,5,33,0,38,0,4,36,0,40,0,9,69,0,78,58,0,58,136
04/29/2004,ASG,AR,ASW,CE,Federal Contract Tower,0,11,32,0,43,0,4,38,0,42,0,15,70,0,85,68,0,68,153
04/30/2004,ASG,AR,ASW,CE,Federal Contract Tower,0,6,29,0,35,0,2,51,0,53,0,8,80,0,88,68,0,68,156
05/01/2004,ASG,AR,ASW,CE,Federal Contract Tower,0,1,14,0,15,0,0,1,0,1,0,1,15,0,16,0,0,0,16
05/02/2004,ASG,AR,ASW,CE,Federal Contract Tower,0,2,22,0,24,0,0,28,0,28,0,2,50,0,52,0,0,0,52
05/03/2004,ASG,AR,ASW,CE,Federal Contract Tower,0,8,26,0,34,0,8,82,0,90,0,16,108,0,124,120,0,120,244
05/04/2004,ASG,AR,ASW,CE,Federal Contract Tower,0,7,19,0,26,0,7,66,0,73,0,14,85,0,99,150,0,150,249
05/05/2004,ASG,AR,ASW,CE,Federal Contract Tower,0,5,16,0,21,0,3,67,0,70,0,8,83,0,91,68,0,68,159
05/06/2004,ASG,AR,ASW,CE,Federal Contract Tower,0,5,26,0,31,0,2,95,0,97,0,7,121,0,128,116,0,116,244
05/07/2004,ASG,AR,ASW,CE,Federal Contract Tower,0,6,25,0,31,0,10,113,0,123,0,16,138,0,154,230,0,230,384
05/08/2004,ASG,AR,ASW,CE,Federal Contract Tower,0,1,24,0,25,0,5,37,2,44,0,6,61,2,69,30,0,30,99
05/09/2004,ASG,AR,ASW,CE,Federal Contract Tower,0,0,9,0,9,0,6,48,0,54,0,6,57,0,63,14,0,14,77
05/10/2004,ASG,AR,ASW,CE,Federal Contract Tower,0,4,29,0,33,0,9,71,0,80,0,13,100,0,113,144,0,144,257
05/11/2004,ASG,AR,ASW,CE,Federal Contract Tower,0,5,28,0,33,0,7,62,0,69,0,12,90,0,102,120,0,120,222
05/12/2004,ASG,AR,ASW,CE,Federal Contract Tower,0,6,38,0,44,0,2,37,0,39,0,8,75,0,83,76,0,76,159
05/13/2004,ASG,AR,ASW,CE,Federal Contract Tower,0,7,7,0,14,0,0,11,0,11,0,7,18,0,25,6,0,6,31
05/14/2004,ASG,AR,ASW,CE,Federal Contract Tower,0,9,42,0,51,0,1,13,0,14,0,10,55,0,65,0,0,0,65
05/15/2004,ASG,AR,ASW,CE,Federal Contract Tower,0,2,25,0,27,0,5,34,0,39,0,7,59,0,66,24,0,24,90
05/16/2004,ASG,AR,ASW,CE,Federal Contract Tower,0,0,14,0,14,0,4,53,4,61,0,4,67,4,75,84,0,84,159
05/17/2004,ASG,AR,ASW,CE,Federal Contract Tower,0,5,41,0,46,0,4,68,0,72,0,9,109,0,118,162,0,162,280
05/18/2004,ASG,AR,ASW,CE,Federal Contract Tower,0,6,32,0,38,0,4,36,0,40,0,10,68,0,78,44,0,44,122
05/19/2004,ASG,AR,ASW,CE,Federal Contract Tower,0,10,37,0,47,0,2,63,6,71,0,12,100,6,118,72,0,72,190
05/20/2004,ASG,AR,ASW,CE,Federal Contract Tower,0,6,34,0,40,0,3,56,0,59,0,9,90,0,99,78,0,78,177
05/21/2004,ASG,AR,ASW,CE,Federal Contract Tower,0,8,28,0,36,0,6,73,0,79,0,14,101,0,115,42,0,42,157
05/22/2004,ASG,AR,ASW,CE,Federal Contract Tower,0,2,8,0,10,0,5,39,0,44,0,7,47,0,54,42,0,42,96
05/23/2004,ASG,AR,ASW,CE,Federal Contract Tower,0,0,19,0,19,0,4,26,0,30,0,4,45,0,49,22,0,22,71
05/24/2004,ASG,AR,ASW,CE,Federal Contract Tower,0,7,30,0,37,0,5,90,0,95,0,12,120,0,132,172,0,172,304
05/25/2004,ASG,AR,ASW,CE,Federal Contract Tower,0,7,45,0,52,0,2,33,0,35,0,9,78,0,87,94,0,94,181
05/26/2004,ASG,AR,ASW,CE,Federal Contract Tower,0,6,36,0,42,0,10,52,0,62,0,16,88,0,104,134,0,134,238
05/27/2004,ASG,AR,ASW,CE,Federal Contract Tower,0,6,28,0,34,0,2,44,0,46,0,8,72,0,80,52,0,52,132
05/28/2004,ASG,AR,ASW,CE,Federal Contract Tower,0,6,11,0,17,0,7,65,0,72,0,13,76,0,89,50,0,50,139
05/29/2004,ASG,AR,ASW,CE,Federal Contract Tower,0,1,12,0,13,0,3,42,0,45,0,4,54,0,58,58,0,58,116
05/30/2004,ASG,AR,ASW,CE,Federal Contract Tower,0,0,9,0,9,0,4,11,0,15,0,4,20,0,24,0,0,0,24
05/31/2004,ASG,AR,ASW,CE,Federal Contract Tower,0,0,7,0,7,0,1,44,0,45,0,1,51,0,52,4,0,4,56
06/01/2004,ASG,AR,ASW,CE,Federal Contract Tower,0,4,18,0,22,0,12,95,0,107,0,16,113,0,129,138,0,138,267
06/02/2004,ASG,AR,ASW,CE,Federal Contract Tower,0,5,24,0,29,0,3,35,0,38,0,8,59,0,67,44,0,44,111
06/03/2004,ASG,AR,ASW,CE,Federal Contract Tower,0,5,25,0,30,0,6,70,0,76,0,11,95,0,106,74,0,74,180
06/04/2004,ASG,AR,ASW,CE,Federal Contract Tower,0,5,24,0,29,0,12,108,0,120,0,17,132,0,149,214,0,214,363
06/05/2004,ASG,AR,ASW,CE,Federal Contract Tower,0,2,8,0,10,0,5,41,0,46,0,7,49,0,56,46,0,46,102
06/06/2004,ASG,AR,ASW,CE,Federal Contract Tower,0,1,7,0,8,0,0,39,0,39,0,1,46,0,47,44,0,44,91
06/07/2004,ASG,AR,ASW,CE,Federal Contract Tower,0,5,23,0,28,0,9,79,0,88,0,14,102,0,116,156,0,156,272
06/08/2004,ASG,AR,ASW,CE,Federal Contract Tower,0,8,40,0,48,0,4,78,0,82,0,12,118,0,130,120,0,120,250
06/09/2004,ASG,AR,ASW,CE,Federal Contract Tower,0,7,33,0,40,0,2,44,0,46,0,9,77,0,86,108,0,108,194
06/10/2004,ASG,AR,ASW,CE,Federal Contract Tower,0,7,33,0,40,0,6,60,0,66,0,13,93,0,106,90,0,90,196
06/11/2004,ASG,AR,ASW,CE,Federal Contract Tower,0,7,35,0,42,0,9,65,0,74,0,16,100,0,116,50,0,50,166
06/12/2004,ASG,AR,ASW,CE,Federal Contract Tower,0,3,16,0,19,0,0,29,0,29,0,3,45,0,48,8,0,8,56
06/13/2004,ASG,AR,ASW,CE,Federal Contract Tower,0,3,13,0,16,0,0,33,0,33,0,3,46,0,49,8,0,8,57
06/14/2004,ASG,AR,ASW,CE,Federal Contract Tower,0,5,20,0,25,0,6,65,0,71,0,11,85,0,96,162,0,162,258
06/15/2004,ASG,AR,ASW,CE,Federal Contract Tower,0,7,34,0,41,0,10,81,0,91,0,17,115,0,132,210,0,210,342
06/16/2004,ASG,AR,ASW,CE,Federal Contract Tower,0,4,22,0,26,0,9,49,0,58,0,13,71,0,84,114,0,114,198
06/17/2004,ASG,AR,ASW,CE,Federal Contract Tower,0,5,28,0,33,0,5,65,0,70,0,10,93,0,103,106,0,106,209
06/18/2004,ASG,AR,ASW,CE,Federal Contract Tower,0,4,24,0,28,0,7,35,0,42,0,11,59,0,70,60,0,60,130
06/19/2004,ASG,AR,ASW,CE,Federal Contract Tower,0,4,22,0,26,0,5,36,0,41,0,9,58,0,67,40,0,40,107
06/20/2004,ASG,AR,ASW,CE,Federal Contract Tower,0,1,11,0,12,0,1,40,0,41,0,2,51,0,53,34,0,34,87
06/21/2004,ASG,AR,ASW,CE,Federal Contract Tower,0,4,26,0,30,0,8,43,0,51,0,12,69,0,81,76,0,76,157
06/22/2004,ASG,AR,ASW,CE,Federal Contract Tower,0,5,29,0,34,0,9,82,0,91,0,14,111,0,125,208,0,208,333
06/23/2004,ASG,AR,ASW,CE,Federal Contract Tower,0,6,33,0,39,0,11,102,4,117,0,17,135,4,156,196,10,206,362
06/24/2004,ASG,AR,ASW,CE,Federal Contract Tower,0,7,40,0,47,0,6,120,8,134,0,13,160,8,181,112,0,112,293
06/25/2004,ASG,AR,ASW,CE,Federal Contract Tower,0,6,42,0,48,0,0,51,0,51,0,6,93,0,99,90,0,90,189
06/26/2004,ASG,AR,ASW,CE,Federal Contract Tower,0,2,14,0,16,0,3,46,0,49,0,5,60,0,65,66,0,66,131
06/27/2004,ASG,AR,ASW,CE,Federal Contract Tower,0,2,11,0,13,0,4,55,0,59,0,6,66,0,72,48,0,48,120
06/28/2004,ASG,AR,ASW,CE,Federal Contract Tower,0,5,26,0,31,0,6,48,0,54,0,11,74,0,85,118,0,118,203
06/29/2004,ASG,AR,ASW,CE,Federal Contract Tower,0,7,38,0,45,0,8,62,0,70,0,15,100,0,115,160,0,160,275
06/30/2004,ASG,AR,ASW,CE,Federal Contract Tower,0,7,37,0,44,0,3,33,0,36,0,10,70,0,80,46,0,46,126
07/01/2004,ASG,AR,ASW,CE,Federal Contract Tower,0,6,28,0,34,0,6,42,0,48,0,12,70,0,82,54,0,54,136
07/02/2004,ASG,AR,ASW,CE,Federal Contract Tower,0,5,24,0,29,0,4,18,0,22,0,9,42,0,51,8,0,8,59
07/03/2004,ASG,AR,ASW,CE,Federal Contract Tower,0,3,11,0,14,0,4,37,0,41,0,7,48,0,55,40,0,40,95
07/04/2004,ASG,AR,ASW,CE,Federal Contract Tower,0,2,8,0,10,0,1,15,4,20,0,3,23,4,30,8,0,8,38
07/05/2004,ASG,AR,ASW,CE,Federal Contract Tower,0,3,13,0,16,0,2,58,0,60,0,5,71,0,76,78,0,78,154
07/06/2004,ASG,AR,ASW,CE,Federal Contract Tower,0,5,25,0,30,0,10,72,0,82,0,15,97,0,112,150,0,150,262
07/07/2004,ASG,AR,ASW,CE,Federal Contract Tower,0,5,23,0,28,0,8,105,0,113,0,13,128,0,141,278,0,278,419
07/08/2004,ASG,AR,ASW,CE,Federal Contract Tower,0,5,24,0,29,0,8,42,0,50,0,13,66,0,79,60,0,60,139
07/09/2004,ASG,AR,ASW,CE,Federal Contract Tower,0,5,36,0,41,0,0,42,0,42,0,5,78,0,83,60,0,60,143
07/10/2004,ASG,AR,ASW,CE,Federal Contract Tower,0,3,14,0,17,0,2,64,0,66,0,5,78,0,83,70,0,70,153
07/11/2004,ASG,AR,ASW,CE,Federal Contract Tower,0,2,15,0,17,0,0,50,0,50,0,2,65,0,67,74,0,74,141
07/12/2004,ASG,AR,ASW,CE,Federal Contract Tower,0,5,22,0,27,0,5,85,4,94,0,10,107,4,121,132,4,136,257
07/13/2004,ASG,AR,ASW,CE,Federal Contract Tower,0,7,32,0,39,0,5,100,0,105,0,12,132,0,144,240,0,240,384
07/14/2004,ASG,AR,ASW,CE,Federal Contract Tower,0,6,30,0,36,0,3,85,0,88,0,9,115,0,124,82,0,82,206
07/15/2004,ASG,AR,ASW,CE,Federal Contract Tower,0,7,32,0,39,0,3,78,0,81,0,10,110,0,120,104,0,104,224
07/16/2004,ASG,AR,ASW,CE,Federal Contract Tower,0,6,26,0,32,0,1,51,0,52,0,7,77,0,84,82,0,82,166
07/17/2004,ASG,AR,ASW,CE,Federal Contract Tower,0,4,20,0,24,0,10,143,0,153,0,14,163,0,177,58,0,58,235
07/18/2004,ASG,AR,ASW,CE,Federal Contract Tower,0,2,11,0,13,0,0,54,0,54,0,2,65,0,67,34,0,34,101
07/19/2004,ASG,AR,ASW,CE,Federal Contract Tower,0,5,33,0,38,0,5,83,0,88,0,10,116,0,126,112,0,112,238
07/20/2004,ASG,AR,ASW,CE,Federal Contract Tower,0,6,33,0,39,0,11,111,0,122,0,17,144,0,161,186,0,186,347
07/21/2004,ASG,AR,ASW,CE,Federal Contract Tower,0,6,37,0,43,0,7,76,0,83,0,13,113,0,126,130,0,130,256
07/22/2004,ASG,AR,ASW,CE,Federal Contract Tower,0,7,42,0,49,0,5,70,0,75,0,12,112,0,124,88,0,88,212
07/23/2004,ASG,AR,ASW,CE,Federal Contract Tower,0,5,33,0,38,0,8,86,0,94,0,13,119,0,132,178,0,178,310
07/24/2004,ASG,AR,ASW,CE,Federal Contract Tower,0,2,17,0,19,0,1,25,0,26,0,3,42,0,45,22,0,22,67
07/25/2004,ASG,AR,ASW,CE,Federal Contract Tower,0,0,8,0,8,0,0,3,0,3,0,0,11,0,11,0,0,0,11
07/26/2004,ASG,AR,ASW,CE,Federal Contract Tower,0,3,22,0,25,0,9,76,0,85,0,12,98,0,110,118,0,118,228
07/27/2004,ASG,AR,ASW,CE,Federal Contract Tower,0,4,27,0,31,0,12,70,0,82,0,16,97,0,113,94,0,94,207
07/28/2004,ASG,AR,ASW,CE,Federal Contract Tower,0,6,37,0,43,0,1,66,0,67,0,7,103,0,110,52,0,52,162
07/29/2004,ASG,AR,ASW,CE,Federal Contract Tower,0,8,47,0,55,0,2,4,0,6,0,10,51,0,61,22,0,22,83
07/30/2004,ASG,AR,ASW,CE,Federal Contract Tower,0,8,45,0,53,0,1,25,0,26,0,9,70,0,79,68,0,68,147
07/31/2004,ASG,AR,ASW,CE,Federal Contract Tower,0,1,10,0,11,0,9,43,0,52,0,10,53,0,63,78,0,78,141
08/01/2004,ASG,AR,ASW,CE,Federal Contract Tower,0,6,24,0,30,0,7,70,0,77,0,13,94,0,107,16,0,16,123
08/02/2004,ASG,AR,ASW,CE,Federal Contract Tower,0,7,27,0,34,0,11,32,0,43,0,18,59,0,77,27,0,27,104
08/03/2004,ASG,AR,ASW,CE,Federal Contract Tower,0,7,28,0,35,0,1,52,0,53,0,8,80,0,88,22,0,22,110
08/04/2004,ASG,AR,ASW,CE,Federal Contract Tower,0,8,32,0,40,0,8,70,0,78,0,16,102,0,118,140,0,140,258
08/05/2004,ASG,AR,ASW,CE,Federal Contract Tower,0,7,32,0,39,0,0,59,0,59,0,7,91,0,98,104,0,104,202
08/06/2004,ASG,AR,ASW,CE,Federal Contract Tower,0,8,32,0,40,0,3,82,0,85,0,11,114,0,125,86,0,86,211
08/07/2004,ASG,AR,ASW,CE,Federal Contract Tower,0,2,5,0,7,0,4,42,0,46,0,6,47,0,53,28,0,28,81
08/08/2004,ASG,AR,ASW,CE,Federal Contract Tower,0,4,15,0,19,0,0,65,0,65,0,4,80,0,84,70,0,70,154
08/09/2004,ASG,AR,ASW,CE,Federal Contract Tower,0,6,25,0,31,0,3,69,0,72,0,9,94,0,103,52,0,52,155
08/10/2004,ASG,AR,ASW,CE,Federal Contract Tower,0,6,24,0,30,0,10,50,0,60,0,16,74,0,90,46,0,46,136
08/11/2004,ASG,AR,ASW,CE,Federal Contract Tower,0,5,20,0,25,0,2,25,0,27,0,7,45,0,52,28,0,28,80
08/12/2004,ASG,AR,ASW,CE,Federal Contract Tower,0,9,38,0,47,0,9,89,0,98,0,18,127,0,145,64,0,64,209
08/13/2004,ASG,AR,ASW,CE,Federal Contract Tower,0,8,34,0,42,0,7,87,0,94,0,15,121,0,136,92,0,92,228
08/14/2004,ASG,AR,ASW,CE,Federal Contract Tower,0,4,18,0,22,0,0,42,0,42,0,4,60,0,64,54,0,54,118
08/15/2004,ASG,AR,ASW,CE,Federal Contract Tower,0,2,9,0,11,0,0,58,0,58,0,2,67,0,69,36,0,36,105
08/16/2004,ASG,AR,ASW,CE,Federal Contract Tower,0,6,27,0,33,0,6,109,0,115,0,12,136,0,148,126,0,126,274
08/17/2004,ASG,AR,ASW,CE,Federal Contract Tower,0,4,19,0,23,0,12,76,0,88,0,16,95,0,111,106,0,106,217
08/18/2004,ASG,AR,ASW,CE,Federal Contract Tower,0,6,31,0,37,0,11,74,0,85,0,17,105,0,122,122,0,122,244
08/19/2004,ASG,AR,ASW,CE,Federal Contract Tower,0,6,31,0,37,0,1,48,0,49,0,7,79,0,86,38,0,38,124
08/20/2004,ASG,AR,ASW,CE,Federal Contract Tower,0,6,41,0,47,0,0,26,0,26,0,6,67,0,73,54,0,54,127
08/21/2004,ASG,AR,ASW,CE,Federal Contract Tower,0,1,9,0,10,0,3,31,0,34,0,4,40,0,44,54,0,54,98
08/22/2004,ASG,AR,ASW,CE,Federal Contract Tower,0,3,14,0,17,0,2,46,0,48,0,5,60,0,65,76,0,76,141
08/23/2004,ASG,AR,ASW,CE,Federal Contract Tower,0,4,20,0,24,0,8,55,0,63,0,12,75,0,87,100,0,100,187
08/24/2004,ASG,AR,ASW,CE,Federal Contract Tower,0,6,29,0,35,0,9,38,0,47,0,15,67,0,82,30,0,30,112
08/25/2004,ASG,AR,ASW,CE,Federal Contract Tower,0,7,32,0,39,0,6,55,0,61,0,13,87,0,100,74,0,74,174
08/26/2004,ASG,AR,ASW,CE,Federal Contract Tower,0,4,21,0,25,0,7,76,4,87,0,11,97,4,112,118,0,118,230
08/27/2004,ASG,AR,ASW,CE,Federal Contract Tower,0,7,33,0,40,0,6,79,0,85,0,13,112,0,125,134,0,134,259
08/28/2004,ASG,AR,ASW,CE,Federal Contract Tower,0,1,9,0,10,0,7,14,0,21,0,8,23,0,31,10,0,10,41
08/29/2004,ASG,AR,ASW,CE,Federal Contract Tower,0,3,17,0,20,0,1,58,0,59,0,4,75,0,79,68,0,68,147
08/30/2004,ASG,AR,ASW,CE,Federal Contract Tower,0,4,21,0,25,0,4,96,0,100,0,8,117,0,125,100,0,100,225
08/31/2004,ASG,AR,ASW,CE,Federal Contract Tower,0,6,31,0,37,0,8,76,0,84,0,14,107,0,121,96,0,96,217
09/01/2004,ASG,AR,ASW,CE,Federal Contract Tower,0,5,28,0,33,0,10,68,2,80,0,15,96,2,113,120,0,120,233
09/02/2004,ASG,AR,ASW,CE,Federal Contract Tower,0,4,22,0,26,0,10,76,0,86,0,14,98,0,112,66,0,66,178
09/03/2004,ASG,AR,ASW,CE,Federal Contract Tower,0,7,37,0,44,0,3,66,0,69,0,10,103,0,113,52,0,52,165
09/04/2004,ASG,AR,ASW,CE,Federal Contract Tower,0,4,22,0,26,0,5,55,0,60,0,9,77,0,86,82,0,82,168
09/05/2004,ASG,AR,ASW,CE,Federal Contract Tower,0,3,19,0,22,0,0,18,0,18,0,3,37,0,40,6,0,6,46
09/06/2004,ASG,AR,ASW,CE,Federal Contract Tower,0,2,13,0,15,0,0,22,0,22,0,2,35,0,37,20,0,20,57
09/07/2004,ASG,AR,ASW,CE,Federal Contract Tower,0,4,22,0,26,0,9,53,0,62,0,13,75,0,88,100,0,100,188
09/08/2004,ASG,AR,ASW,CE,Federal Contract Tower,0,5,28,0,33,0,5,69,0,74,0,10,97,0,107,86,0,86,193
09/09/2004,ASG,AR,ASW,CE,Federal Contract Tower,0,6,32,0,38,0,6,102,0,108,0,12,134,0,146,138,0,138,284
09/10/2004,ASG,AR,ASW,CE,Federal Contract Tower,0,9,46,0,55,0,3,80,0,83,0,12,126,0,138,108,0,108,246
09/11/2004,ASG,AR,ASW,CE,Federal Contract Tower,0,5,35,0,40,0,0,55,0,55,0,5,90,0,95,72,0,72,167
09/12/2004,ASG,AR,ASW,CE,Federal Contract Tower,0,2,24,0,26,0,0,68,0,68,0,2,92,0,94,36,0,36,130
09/13/2004,ASG,AR,ASW,CE,Federal Contract Tower,0,5,23,0,28,0,3,61,0,64,0,8,84,0,92,62,0,62,154
09/14/2004,ASG,AR,ASW,CE,Federal Contract Tower,0,8,42,0,50,0,7,60,0,67,0,15,102,0,117,80,0,80,197
09/15/2004,ASG,AR,ASW,CE,Federal Contract Tower,0,7,36,0,43,0,4,54,0,58,0,11,90,0,101,125,0,125,226
09/16/2004,ASG,AR,ASW,CE,Federal Contract Tower,0,7,38,0,45,0,2,50,0,52,0,9,88,0,97,54,0,54,151
09/17/2004,ASG,AR,ASW,CE,Federal Contract Tower,0,5,34,0,39,0,7,77,0,84,0,12,111,0,123,104,0,104,227
09/18/2004,ASG,AR,ASW,CE,Federal Contract Tower,0,1,8,0,9,0,8,49,0,57,0,9,57,0,66,36,0,36,102
09/19/2004,ASG,AR,ASW,CE,Federal Contract Tower,0,1,8,0,9,0,5,44,0,49,0,6,52,0,58,40,0,40,98
09/20/2004,ASG,AR,ASW,CE,Federal Contract Tower,0,5,34,0,39,0,3,65,0,68,0,8,99,0,107,102,0,102,209
09/21/2004,ASG,AR,ASW,CE,Federal Contract Tower,0,5,35,0,40,0,9,60,0,69,0,14,95,0,109,142,0,142,251
09/22/2004,ASG,AR,ASW,CE,Federal Contract Tower,0,5,31,0,36,0,4,58,0,62,0,9,89,0,98,100,0,100,198
09/23/2004,ASG,AR,ASW,CE,Federal Contract Tower,0,4,27,0,31,0,8,59,0,67,0,12,86,0,98,88,0,88,186
09/24/2004,ASG,AR,ASW,CE,Federal Contract Tower,0,4,27,0,31,0,11,55,0,66,0,15,82,0,97,98,0,98,195
09/25/2004,ASG,AR,ASW,CE,Federal Contract Tower,0,7,44,0,51,0,3,39,0,42,0,10,83,0,93,44,0,44,137
09/26/2004,ASG,AR,ASW,CE,Federal Contract Tower,0,2,13,0,15,0,7,80,0,87,0,9,93,0,102,68,0,68,170
09/27/2004,ASG,AR,ASW,CE,Federal Contract Tower,0,3,22,0,25,0,10,76,0,86,0,13,98,0,111,100,0,100,211
09/28/2004,ASG,AR,ASW,CE,Federal Contract Tower,0,4,24,0,28,0,8,80,0,88,0,12,104,0,116,104,0,104,220
09/29/2004,ASG,AR,ASW,CE,Federal Contract Tower,0,4,29,0,33,0,14,51,0,65,0,18,80,0,98,124,0,124,222
09/30/2004,ASG,AR,ASW,CE,Federal Contract Tower,0,4,27,0,31,0,9,64,0,73,0,13,91,0,104,48,0,48,152
10/01/2004,ASG,AR,ASW,CE,Federal Contract Tower,0,7,24,0,31,0,6,67,0,73,0,13,91,0,104,48,0,48,152
10/02/2004,ASG,AR,ASW,CE,Federal Contract Tower,0,8,28,0,36,0,6,28,0,34,0,14,56,0,70,14,0,14,84
10/03/2004,ASG,AR,ASW,CE,Federal Contract Tower,0,1,24,0,25,0,8,50,0,58,0,9,74,0,83,34,0,34,117
10/04/2004,ASG,AR,ASW,CE,Federal Contract Tower,0,1,23,0,24,0,4,66,0,70,0,5,89,0,94,34,0,34,128
10/05/2004,ASG,AR,ASW,CE,Federal Contract Tower,0,5,24,0,29,0,11,50,0,61,0,16,74,0,90,66,0,66,156
10/06/2004,ASG,AR,ASW,CE,Federal Contract Tower,0,6,30,0,36,0,5,57,0,62,0,11,87,0,98,92,0,92,190
10/07/2004,ASG,AR,ASW,CE,Federal Contract Tower,0,6,29,0,35,0,3,63,0,66,0,9,92,0,101,66,0,66,167
10/08/2004,ASG,AR,ASW,CE,Federal Contract Tower,0,7,23,0,30,0,8,26,0,34,0,15,49,0,64,64,0,64,128
10/09/2004,ASG,AR,ASW,CE,Federal Contract Tower,0,6,35,0,41,0,0,16,0,16,0,6,51,0,57,24,0,24,81
10/10/2004,ASG,AR,ASW,CE,Federal Contract Tower,0,1,6,0,7,0,5,15,0,20,0,6,21,0,27,20,0,20,47
10/11/2004,ASG,AR,ASW,CE,Federal Contract Tower,0,0,12,0,12,0,1,4,0,5,0,1,16,0,17,0,0,0,17
10/12/2004,ASG,AR,ASW,CE,Federal Contract Tower,0,1,27,0,28,0,0,1,0,1,0,1,28,0,29,0,0,0,29
10/13/2004,ASG,AR,ASW,CE,Federal Contract Tower,0,6,31,0,37,0,0,1,0,1,0,6,32,0,38,0,0,0,38
10/14/2004,ASG,AR,ASW,CE,Federal Contract Tower,0,5,31,0,36,0,7,63,2,72,0,12,94,2,108,104,0,104,212
10/15/2004,ASG,AR,ASW,CE,Federal Contract Tower,0,6,33,0,39,0,4,18,0,22,0,10,51,0,61,8,0,8,69
10/16/2004,ASG,AR,ASW,CE,Federal Contract Tower,0,5,23,0,28,0,15,58,0,73,0,20,81,0,101,90,0,90,191
10/17/2004,ASG,AR,ASW,CE,Federal Contract Tower,0,1,11,0,12,0,4,71,0,75,0,5,82,0,87,70,0,70,157
10/18/2004,ASG,AR,ASW,CE,Federal Contract Tower,0,0,12,0,12,0,2,43,0,45,0,2,55,0,57,86,0,86,143
10/19/2004,ASG,AR,ASW,CE,Federal Contract Tower,0,5,20,0,25,0,8,41,0,49,0,13,61,0,74,0,0,0,74
10/20/2004,ASG,AR,ASW,CE,Federal Contract Tower,0,11,28,0,39,0,3,39,0,42,0,14,67,0,81,30,0,30,111
10/21/2004,ASG,AR,ASW,CE,Federal Contract Tower,0,6,27,0,33,0,1,29,0,30,0,7,56,0,63,34,0,34,97
10/22/2004,ASG,AR,ASW,CE,Federal Contract Tower,0,6,18,0,24,0,7,15,0,22,0,13,33,0,46,26,0,26,72
10/23/2004,ASG,AR,ASW,CE,Federal Contract Tower,0,6,38,0,44,0,5,43,0,48,0,11,81,0,92,106,0,106,198
10/24/2004,ASG,AR,ASW,CE,Federal Contract Tower,0,1,25,0,26,0,3,35,0,38,0,4,60,0,64,24,0,24,88
10/25/2004,ASG,AR,ASW,CE,Federal Contract Tower,0,0,14,0,14,0,6,75,0,81,0,6,89,0,95,88,0,88,183
10/26/2004,ASG,AR,ASW,CE,Federal Contract Tower,0,5,34,0,39,0,4,54,0,58,0,9,88,0,97,72,0,72,169
10/27/2004,ASG,AR,ASW,CE,Federal Contract Tower,0,7,32,0,39,0,3,32,0,35,0,10,64,0,74,62,0,62,136
10/28/2004,ASG,AR,ASW,CE,Federal Contract Tower,0,5,34,0,39,0,2,32,0,34,0,7,66,0,73,56,0,56,129
10/29/2004,ASG,AR,ASW,CE,Federal Contract Tower,0,10,31,0,41,0,5,25,0,30,0,15,56,0,71,48,0,48,119
10/30/2004,ASG,AR,ASW,CE,Federal Contract Tower,0,6,25,0,31,0,2,28,0,30,0,8,53,0,61,38,0,38,99
10/31/2004,ASG,AR,ASW,CE,Federal Contract Tower,0,1,16,0,17,0,6,90,0,96,0,7,106,0,113,90,0,90,203
11/01/2004,ASG,AR,ASW,CE,Federal Contract Tower,0,1,12,0,13,0,2,11,0,13,0,3,23,0,26,28,0,28,54
11/02/2004,ASG,AR,ASW,CE,Federal Contract Tower,0,7,12,0,19,0,4,17,0,21,0,11,29,0,40,22,0,22,62
11/03/2004,ASG,AR,ASW,CE,Federal Contract Tower,0,8,23,0,31,0,2,21,0,23,0,10,44,0,54,2,0,2,56
11/04/2004,ASG,AR,ASW,CE,Federal Contract Tower,0,8,34,0,42,0,0,5,0,5,0,8,39,0,47,0,0,0,47
11/05/2004,ASG,AR,ASW,CE,Federal Contract Tower,0,8,53,0,61,0,5,35,0,40,0,13,88,0,101,50,0,50,151
11/06/2004,ASG,AR,ASW,CE,Federal Contract Tower,0,7,36,0,43,0,3,88,0,91,0,10,124,0,134,122,0,122,256
11/07/2004,ASG,AR,ASW,CE,Federal Contract Tower,0,2,15,0,17,0,0,68,0,68,0,2,83,0,85,66,0,66,151
11/08/2004,ASG,AR,ASW,CE,Federal Contract Tower,0,0,15,0,15,0,3,51,0,54,0,3,66,0,69,26,0,26,95
11/09/2004,ASG,AR,ASW,CE,Federal Contract Tower,0,5,28,0,33,0,6,61,0,67,0,11,89,0,100,76,0,76,176
11/10/2004,ASG,AR,ASW,CE,Federal Contract Tower,0,7,30,0,37,0,8,79,0,87,0,15,109,0,124,108,0,108,232
11/11/2004,ASG,AR,ASW,CE,Federal Contract Tower,0,6,37,0,43,0,10,31,0,41,0,16,68,0,84,76,0,76,160
11/12/2004,ASG,AR,ASW,CE,Federal Contract Tower,0,7,28,0,35,0,0,2,0,2,0,7,30,0,37,0,0,0,37
11/13/2004,ASG,AR,ASW,CE,Federal Contract Tower,0,7,34,0,41,0,6,47,0,53,0,13,81,0,94,90,0,90,184
11/14/2004,ASG,AR,ASW,CE,Federal Contract Tower,0,1,31,0,32,0,3,50,0,53,0,4,81,0,85,20,0,20,105
11/15/2004,ASG,AR,ASW,CE,Federal Contract Tower,0,4,23,0,27,0,7,21,0,28,0,11,44,0,55,40,0,40,95
11/16/2004,ASG,AR,ASW,CE,Federal Contract Tower,0,6,26,0,32,0,6,56,0,62,0,12,82,0,94,112,0,112,206
11/17/2004,ASG,AR,ASW,CE,Federal Contract Tower,0,11,43,0,54,0,5,58,0,63,0,16,101,0,117,132,0,132,249
11/18/2004,ASG,AR,ASW,CE,Federal Contract Tower,0,13,27,0,40,0,1,74,0,75,0,14,101,0,115,76,0,76,191
11/19/2004,ASG,AR,ASW,CE,Federal Contract Tower,0,9,26,0,35,0,1,10,0,11,0,10,36,0,46,16,0,16,62
11/20/2004,ASG,AR,ASW,CE,Federal Contract Tower,0,12,46,0,58,0,0,27,0,27,0,12,73,0,85,76,0,76,161
11/21/2004,ASG,AR,ASW,CE,Federal Contract Tower,0,3,18,0,21,0,2,40,0,42,0,5,58,0,63,56,0,56,119
11/22/2004,ASG,AR,ASW,CE,Federal Contract Tower,0,6,19,0,25,0,3,12,0,15,0,9,31,0,40,32,0,32,72
11/23/2004,ASG,AR,ASW,CE,Federal Contract Tower,0,8,22,0,30,0,0,4,0,4,0,8,26,0,34,6,0,6,40
11/24/2004,ASG,AR,ASW,CE,Federal Contract Tower,0,9,29,0,38,0,2,15,0,17,0,11,44,0,55,0,0,0,55
11/25/2004,ASG,AR,ASW,CE,Federal Contract Tower,0,10,17,0,27,0,2,6,0,8,0,12,23,0,35,0,0,0,35
11/26/2004,ASG,AR,ASW,CE,Federal Contract Tower,0,0,10,0,10,0,0,30,0,30,0,0,40,0,40,18,0,18,58
11/27/2004,ASG,AR,ASW,CE,Federal Contract Tower,0,5,11,0,16,0,3,14,0,17,0,8,25,0,33,0,0,0,33
11/28/2004,ASG,AR,ASW,CE,Federal Contract Tower,0,6,15,0,21,0,0,0,0,0,0,6,15,0,21,0,0,0,21
11/29/2004,ASG,AR,ASW,CE,Federal Contract Tower,0,4,12,0,16,0,4,35,0,39,0,8,47,0,55,42,0,42,97
11/30/2004,ASG,AR,ASW,CE,Federal Contract Tower,0,7,15,0,22,0,0,0,0,0,0,7,15,0,22,0,0,0,22
12/01/2004,ASG,AR,ASW,CE,Federal Contract Tower,0,8,16,0,24,0,0,0,0,0,0,8,16,0,24,0,0,0,24
12/02/2004,ASG,AR,ASW,CE,Federal Contract Tower,0,7,20,0,27,0,12,59,0,71,0,19,79,0,98,92,0,92,190
12/03/2004,ASG,AR,ASW,CE,Federal Contract Tower,0,9,20,0,29,0,12,100,0,112,0,21,120,0,141,130,0,130,271
12/04/2004,ASG,AR,ASW,CE,Federal Contract Tower,0,8,26,0,34,0,5,68,0,73,0,13,94,0,107,70,0,70,177
12/05/2004,ASG,AR,ASW,CE,Federal Contract Tower,0,1,14,0,15,0,6,58,0,64,0,7,72,0,79,46,0,46,125
12/06/2004,ASG,AR,ASW,CE,Federal Contract Tower,0,2,12,0,14,0,0,0,0,0,0,2,12,0,14,0,0,0,14
12/07/2004,ASG,AR,ASW,CE,Federal Contract Tower,0,8,35,0,43,0,10,41,2,53,0,18,76,2,96,48,0,48,144
12/08/2004,ASG,AR,ASW,CE,Federal Contract Tower,0,9,31,0,40,0,6,42,0,48,0,15,73,0,88,84,0,84,172
12/09/2004,ASG,AR,ASW,CE,Federal Contract Tower,0,10,32,0,42,0,7,39,0,46,0,17,71,0,88,36,0,36,124
12/10/2004,ASG,AR,ASW,CE,Federal Contract Tower,0,8,27,0,35,0,7,73,0,80,0,15,100,0,115,96,0,96,211
12/11/2004,ASG,AR,ASW,CE,Federal Contract Tower,0,10,19,0,29,0,8,17,0,25,0,18,36,0,54,4,0,4,58
12/12/2004,ASG,AR,ASW,CE,Federal Contract Tower,0,2,10,0,12,0,6,59,0,65,0,8,69,0,77,70,0,70,147
12/13/2004,ASG,AR,ASW,CE,Federal Contract Tower,0,2,14,0,16,0,6,82,0,88,0,8,96,0,104,102,0,102,206
12/14/2004,ASG,AR,ASW,CE,Federal Contract Tower,0,7,17,0,24,0,4,40,0,44,0,11,57,0,68,28,0,28,96
12/15/2004,ASG,AR,ASW,CE,Federal Contract Tower,0,8,22,0,30,0,3,62,0,65,0,11,84,0,95,84,0,84,179
12/16/2004,ASG,AR,ASW,CE,Federal Contract Tower,0,11,20,0,31,0,11,70,0,81,0,22,90,0,112,116,0,116,228
12/17/2004,ASG,AR,ASW,CE,Federal Contract Tower,0,12,22,0,34,0,2,63,0,65,0,14,85,0,99,70,0,70,169
12/18/2004,ASG,AR,ASW,CE,Federal Contract Tower,0,11,22,0,33,0,8,86,0,94,0,19,108,0,127,96,0,96,223
12/19/2004,ASG,AR,ASW,CE,Federal Contract Tower,0,1,15,0,16,0,3,56,0,59,0,4,71,0,75,44,0,44,119
12/20/2004,ASG,AR,ASW,CE,Federal Contract Tower,0,0,19,0,19,0,4,51,0,55,0,4,70,0,74,104,0,104,178
12/21/2004,ASG,AR,ASW,CE,Federal Contract Tower,0,8,38,0,46,0,7,46,0,53,0,15,84,0,99,0,0,0,99
12/22/2004,ASG,AR,ASW,CE,Federal Contract Tower,0,6,30,0,36,0,9,64,0,73,0,15,94,0,109,104,0,104,213
12/23/2004,ASG,AR,ASW,CE,Federal Contract Tower,0,4,10,0,14,0,2,3,0,5,0,6,13,0,19,0,0,0,19
12/24/2004,ASG,AR,ASW,CE,Federal Contract Tower,0,11,23,0,34,0,4,31,0,35,0,15,54,0,69,46,0,46,115
12/25/2004,ASG,AR,ASW,CE,Federal Contract Tower,0,3,10,0,13,0,9,16,0,25,0,12,26,0,38,34,0,34,72
12/26/2004,ASG,AR,ASW,CE,Federal Contract Tower,0,0,0,0,0,0,2,15,0,17,0,2,15,0,17,2,0,2,19
12/27/2004,ASG,AR,ASW,CE,Federal Contract Tower,0,2,16,0,18,0,3,73,0,76,0,5,89,0,94,50,0,50,144
12/28/2004,ASG,AR,ASW,CE,Federal Contract Tower,0,6,19,0,25,0,11,59,2,72,0,17,78,2,97,96,0,96,193
12/29/2004,ASG,AR,ASW,CE,Federal Contract Tower,0,6,26,0,32,0,6,48,0,54,0,12,74,0,86,58,0,58,144
12/30/2004,ASG,AR,ASW,CE,Federal Contract Tower,0,7,42,2,51,0,7,40,0,47,0,14,82,2,98,70,0,70,168
12/31/2004,ASG,AR,ASW,CE,Federal Contract Tower,0,7,18,0,25,0,2,29,0,31,0,9,47,0,56,6,0,6,62
01/01/2005,ASG,AR,ASW,CE,Federal Contract Tower,0,5,15,0,20,0,3,26,0,29,0,8,41,0,49,46,0,46,95
01/02/2005,ASG,AR,ASW,CE,Federal Contract Tower,0,1,6,0,7,0,4,9,0,13,0,5,15,0,20,8,0,8,28
01/03/2005,ASG,AR,ASW,CE,Federal Contract Tower,0,3,14,0,17,0,4,7,0,11,0,7,21,0,28,30,0,30,58
01/04/2005,ASG,AR,ASW,CE,Federal Contract Tower,0,5,11,0,16,0,0,7,0,7,0,5,18,0,23,10,0,10,33
01/05/2005,ASG,AR,ASW,CE,Federal Contract Tower,0,9,11,0,20,0,2,0,0,2,0,11,11,0,22,2,0,2,24
01/06/2005,ASG,AR,ASW,CE,Federal Contract Tower,0,7,13,0,20,0,3,5,0,8,0,10,18,0,28,0,0,0,28
01/07/2005,ASG,AR,ASW,CE,Federal Contract Tower,0,6,10,0,16,0,4,32,0,36,0,10,42,0,52,70,0,70,122
01/08/2005,ASG,AR,ASW,CE,Federal Contract Tower,0,5,20,0,25,0,7,21,0,28,0,12,41,0,53,40,0,40,93
01/09/2005,ASG,AR,ASW,CE,Federal Contract Tower,0,3,13,0,16,0,6,36,0,42,0,9,49,0,58,66,0,66,124
01/10/2005,ASG,AR,ASW,CE,Federal Contract Tower,0,0,12,0,12,0,6,52,0,58,0,6,64,0,70,54,0,54,124
01/11/2005,ASG,AR,ASW,CE,Federal Contract Tower,0,6,32,0,38,0,3,8,0,11,0,9,40,0,49,0,0,0,49
01/12/2005,ASG,AR,ASW,CE,Federal Contract Tower,0,8,36,0,44,0,9,16,0,25,0,17,52,0,69,26,0,26,95
01/13/2005,ASG,AR,ASW,CE,Federal Contract Tower,0,10,21,0,31,0,1,22,0,23,0,11,43,0,54,24,0,24,78
01/14/2005,ASG,AR,ASW,CE,Federal Contract Tower,0,8,21,0,29,0,8,35,0,43,0,16,56,0,72,30,0,30,102
01/15/2005,ASG,AR,ASW,CE,Federal Contract Tower,0,8,31,0,39,0,2,25,0,27,0,10,56,0,66,20,0,20,86
01/16/2005,ASG,AR,ASW,CE,Federal Contract Tower,0,1,11,0,12,0,7,83,0,90,0,8,94,0,102,96,0,96,198
01/17/2005,ASG,AR,ASW,CE,Federal Contract Tower,0,1,13,0,14,0,0,37,0,37,0,1,50,0,51,80,0,80,131
01/18/2005,ASG,AR,ASW,CE,Federal Contract Tower,0,2,19,0,21,0,9,69,0,78,0,11,88,0,99,108,0,108,207
01/19/2005,ASG,AR,ASW,CE,Federal Contract Tower,0,5,31,0,36,0,17,54,0,71,0,22,85,0,107,112,0,112,219
01/20/2005,ASG,AR,ASW,CE,Federal Contract Tower,0,12,15,0,27,0,18,82,0,100,0,30,97,0,127,100,0,100,227
01/21/2005,ASG,AR,ASW,CE,Federal Contract Tower,0,8,20,0,28,0,8,76,0,84,0,16,96,0,112,88,0,88,200
01/22/2005,ASG,AR,ASW,CE,Federal Contract Tower,0,8,32,0,40,0,3,71,0,74,0,11,103,0,114,166,0,166,280
01/23/2005,ASG,AR,ASW,CE,Federal Contract Tower,0,2,13,0,15,0,2,20,0,22,0,4,33,0,37,24,0,24,61
01/24/2005,ASG,AR,ASW,CE,Federal Contract Tower,0,4,14,0,18,0,1,62,0,63,0,5,76,0,81,64,0,64,145
01/25/2005,ASG,AR,ASW,CE,Federal Contract Tower,0,9,12,0,21,0,15,88,0,103,0,24,100,0,124,130,0,130,254
01/26/2005,ASG,AR,ASW,CE,Federal Contract Tower,0,5,20,0,25,0,12,81,0,93,0,17,101,0,118,154,0,154,272
01/27/2005,ASG,AR,ASW,CE,Federal Contract Tower,0,8,23,0,31,0,12,80,0,92,0,20,103,0,123,170,0,170,293
01/28/2005,ASG,AR,ASW,CE,Federal Contract Tower,0,10,16,0,26,0,1,43,0,44,0,11,59,0,70,78,0,78,148
01/29/2005,ASG,AR,ASW,CE,Federal Contract Tower,0,8,20,0,28,0,12,17,0,29,0,20,37,0,57,30,0,30,87
01/30/2005,ASG,AR,ASW,CE,Federal Contract Tower,0,3,23,0,26,0,4,1,0,5,0,7,24,0,31,2,0,2,33
01/31/2005,ASG,AR,ASW,CE,Federal Contract Tower,0,5,9,0,14,0,1,14,0,15,0,6,23,0,29,8,0,8,37
02/01/2005,ASG,AR,ASW,CE,Federal Contract Tower,0,6,14,0,20,0,0,3,0,3,0,6,17,0,23,0,0,0,23
02/02/2005,ASG,AR,ASW,CE,Federal Contract Tower,0,12,19,0,31,0,4,19,0,23,0,16,38,0,54,32,0,32,86
02/03/2005,ASG,AR,ASW,CE,Federal Contract Tower,0,6,14,0,20,0,0,0,0,0,0,6,14,0,20,0,0,0,20
02/04/2005,ASG,AR,ASW,CE,Federal Contract Tower,0,15,18,0,33,0,1,64,0,65,0,16,82,0,98,116,0,116,214
02/05/2005,ASG,AR,ASW,CE,Federal Contract Tower,0,10,36,0,46,0,14,86,0,100,0,24,122,0,146,126,0,126,272
02/06/2005,ASG,AR,ASW,CE,Federal Contract Tower,0,3,7,0,10,0,5,94,0,99,0,8,101,0,109,172,0,172,281
02/07/2005,ASG,AR,ASW,CE,Federal Contract Tower,0,2,1,0,3,0,1,0,0,1,0,3,1,0,4,0,0,0,4
02/08/2005,ASG,AR,ASW,CE,Federal Contract Tower,0,8,15,0,23,0,1,4,0,5,0,9,19,0,28,0,0,0,28
02/09/2005,ASG,AR,ASW,CE,Federal Contract Tower,0,11,20,0,31,0,4,8,0,12,0,15,28,0,43,4,0,4,47
02/10/2005,ASG,AR,ASW,CE,Federal Contract Tower,0,12,30,0,42,0,6,27,0,33,0,18,57,0,75,56,0,56,131
02/11/2005,ASG,AR,ASW,CE,Federal Contract Tower,0,8,22,0,30,0,17,86,0,103,0,25,108,0,133,104,0,104,237
02/12/2005,ASG,AR,ASW,CE,Federal Contract Tower,0,8,19,0,27,0,9,78,0,87,0,17,97,0,114,96,0,96,210
02/13/2005,ASG,AR,ASW,CE,Federal Contract Tower,0,4,16,0,20,0,4,7,0,11,0,8,23,0,31,10,0,10,41
02/14/2005,ASG,AR,ASW,CE,Federal Contract Tower,0,2,8,0,10,0,1,12,0,13,0,3,20,0,23,0,0,0,23
02/15/2005,ASG,AR,ASW,CE,Federal Contract Tower,0,7,12,0,19,0,8,70,0,78,0,15,82,0,97,160,0,160,257
02/16/2005,ASG,AR,ASW,CE,Federal Contract Tower,0,10,37,0,47,0,7,75,0,82,0,17,112,0,129,80,0,80,209
02/17/2005,ASG,AR,ASW,CE,Federal Contract Tower,0,5,25,0,30,0,8,108,0,116,0,13,133,0,146,196,0,196,342
02/18/2005,ASG,AR,ASW,CE,Federal Contract Tower,0,8,25,0,33,0,5,68,0,73,0,13,93,0,106,86,0,86,192
02/19/2005,ASG,AR,ASW,CE,Federal Contract Tower,0,9,20,0,29,0,14,97,0,111,0,23,117,0,140,112,0,112,252
02/20/2005,ASG,AR,ASW,CE,Federal Contract Tower,0,1,19,0,20,0,3,8,0,11,0,4,27,0,31,16,0,16,47
02/21/2005,ASG,AR,ASW,CE,Federal Contract Tower,0,0,13,0,13,0,4,15,0,19,0,4,28,0,32,6,0,6,38
02/22/2005,ASG,AR,ASW,CE,Federal Contract Tower,0,3,15,0,18,0,6,57,0,63,0,9,72,0,81,76,0,76,157
02/23/2005,ASG,AR,ASW,CE,Federal Contract Tower,0,7,25,0,32,0,3,43,0,46,0,10,68,0,78,64,0,64,142
02/24/2005,ASG,AR,ASW,CE,Federal Contract Tower,0,7,23,0,30,0,2,1,0,3,0,9,24,0,33,0,0,0,33
02/25/2005,ASG,AR,ASW,CE,Federal Contract Tower,0,8,20,0,28,0,7,40,0,47,0,15,60,0,75,68,0,68,143
02/26/2005,ASG,AR,ASW,CE,Federal Contract Tower,0,8,40,0,48,0,13,80,0,93,0,21,120,0,141,113,0,113,254
02/27/2005,ASG,AR,ASW,CE,Federal Contract Tower,0,3,14,0,17,0,5,95,0,100,0,8,109,0,117,50,0,50,167
02/28/2005,ASG,AR,ASW,CE,Federal Contract Tower,0,2,12,0,14,0,5,13,0,18,0,7,25,0,32,20,0,20,52
03/01/2005,ASG,AR,ASW,CE,Federal Contract Tower,0,5,28,0,33,0,6,52,0,58,0,11,80,0,91,124,0,124,215
03/02/2005,ASG,AR,ASW,CE,Federal Contract Tower,0,6,19,0,25,0,8,84,0,92,0,14,103,0,117,174,0,174,291
03/03/2005,ASG,AR,ASW,CE,Federal Contract Tower,0,7,37,0,44,0,11,68,0,79,0,18,105,0,123,158,0,158,281
03/04/2005,ASG,AR,ASW,CE,Federal Contract Tower,0,7,46,0,53,0,11,43,0,54,0,18,89,0,107,46,0,46,153
03/05/2005,ASG,AR,ASW,CE,Federal Contract Tower,0,10,34,0,44,0,2,43,0,45,0,12,77,0,89,36,0,36,125
03/06/2005,ASG,AR,ASW,CE,Federal Contract Tower,0,2,9,0,11,0,6,58,0,64,0,8,67,0,75,24,0,24,99
03/07/2005,ASG,AR,ASW,CE,Federal Contract Tower,0,1,13,0,14,0,8,74,0,82,0,9,87,0,96,62,0,62,158
03/08/2005,ASG,AR,ASW,CE,Federal Contract Tower,0,8,18,0,26,0,3,35,0,38,0,11,53,0,64,52,0,52,116
03/09/2005,ASG,AR,ASW,CE,Federal Contract Tower,0,7,31,0,38,0,5,97,0,102,0,12,128,0,140,158,0,158,298
03/10/2005,ASG,AR,ASW,CE,Federal Contract Tower,0,13,30,0,43,0,7,29,0,36,0,20,59,0,79,26,0,26,105
03/11/2005,ASG,AR,ASW,CE,Federal Contract Tower,0,7,26,0,33,0,3,32,0,35,0,10,58,0,68,40,0,40,108
03/12/2005,ASG,AR,ASW,CE,Federal Contract Tower,0,8,17,0,25,0,5,15,0,20,0,13,32,0,45,4,0,4,49
03/13/2005,ASG,AR,ASW,CE,Federal Contract Tower,0,1,12,0,13,0,6,30,0,36,0,7,42,0,49,10,0,10,59
03/14/2005,ASG,AR,ASW,CE,Federal Contract Tower,0,1,8,0,9,0,0,25,0,25,0,1,33,0,34,32,0,32,66
03/15/2005,ASG,AR,ASW,CE,Federal Contract Tower,0,10,20,0,30,0,15,71,0,86,0,25,91,0,116,102,0,102,218
03/16/2005,ASG,AR,ASW,CE,Federal Contract Tower,0,6,14,0,20,0,6,29,0,35,0,12,43,0,55,60,0,60,115
03/17/2005,ASG,AR,ASW,CE,Federal Contract Tower,0,9,25,0,34,0,8,47,0,55,0,17,72,0,89,106,0,106,195
03/18/2005,ASG,AR,ASW,CE,Federal Contract Tower,0,9,25,0,34,0,5,85,0,90,0,14,110,0,124,102,0,102,226
03/19/2005,ASG,AR,ASW,CE,Federal Contract Tower,0,11,23,0,34,0,17,56,0,73,0,28,79,0,107,126,0,126,233
03/20/2005,ASG,AR,ASW,CE,Federal Contract Tower,0,2,20,0,22,0,15,72,0,87,0,17,92,0,109,96,0,96,205
03/21/2005,ASG,AR,ASW,CE,Federal Contract Tower,0,0,12,0,12,0,12,45,0,57,0,12,57,0,69,64,0,64,133
03/22/2005,ASG,AR,ASW,CE,Federal Contract Tower,0,7,12,0,19,0,3,1,0,4,0,10,13,0,23,0,0,0,23
03/23/2005,ASG,AR,ASW,CE,Federal Contract Tower,0,13,19,0,32,0,3,12,0,15,0,16,31,0,47,46,0,46,93
03/24/2005,ASG,AR,ASW,CE,Federal Contract Tower,0,8,37,0,45,0,6,20,0,26,0,14,57,0,71,34,0,34,105
03/25/2005,ASG,AR,ASW,CE,Federal Contract Tower,0,10,31,0,41,0,10,59,0,69,0,20,90,0,110,100,0,100,210
03/26/2005,ASG,AR,ASW,CE,Federal Contract Tower,0,9,30,0,39,0,2,9,0,11,0,11,39,0,50,4,0,4,54
03/27/2005,ASG,AR,ASW,CE,Federal Contract Tower,0,2,9,0,11,0,0,0,0,0,0,2,9,0,11,0,0,0,11
03/28/2005,ASG,AR,ASW,CE,Federal Contract Tower,0,4,20,0,24,0,0,4,0,4,0,4,24,0,28,0,0,0,28
03/29/2005,ASG,AR,ASW,CE,Federal Contract Tower,0,5,31,0,36,0,9,81,0,90,0,14,112,0,126,128,0,128,254
03/30/2005,ASG,AR,ASW,CE,Federal Contract Tower,0,8,22,0,30,0,9,43,0,52,0,17,65,0,82,86,0,86,168
03/31/2005,ASG,AR,ASW,CE,Federal Contract Tower,0,11,22,0,33,0,11,28,0,39,0,22,50,0,72,0,0,0,72
04/01/2005,ASG,AR,ASW,CE,Federal Contract Tower,0,7,32,0,39,0,9,58,0,67,0,16,90,0,106,68,0,68,174
04/02/2005,ASG,AR,ASW,CE,Federal Contract Tower,0,12,28,0,40,0,0,20,0,20,0,12,48,0,60,12,0,12,72
04/03/2005,ASG,AR,ASW,CE,Federal Contract Tower,0,1,8,0,9,0,4,59,0,63,0,5,67,0,72,70,0,70,142
04/04/2005,ASG,AR,ASW,CE,Federal Contract Tower,0,5,12,0,17,0,4,44,0,48,0,9,56,0,65,32,0,32,97
04/05/2005,ASG,AR,ASW,CE,Federal Contract Tower,0,5,27,0,32,0,7,50,0,57,0,12,77,0,89,88,0,88,177
04/06/2005,ASG,AR,ASW,CE,Federal Contract Tower,0,6,25,0,31,0,6,35,0,41,0,12,60,0,72,58,0,58,130
04/07/2005,ASG,AR,ASW,CE,Federal Contract Tower,0,12,14,0,26,0,6,29,0,35,0,18,43,0,61,34,0,34,95
04/08/2005,ASG,AR,ASW,CE,Federal Contract Tower,0,11,19,0,30,0,5,15,0,20,0,16,34,0,50,28,0,28,78
04/09/2005,ASG,AR,ASW,CE,Federal Contract Tower,0,12,27,0,39,0,16,97,0,113,0,28,124,0,152,98,0,98,250
04/10/2005,ASG,AR,ASW,CE,Federal Contract Tower,0,3,7,0,10,0,5,58,0,63,0,8,65,0,73,52,0,52,125
04/11/2005,ASG,AR,ASW,CE,Federal Contract Tower,0,3,7,0,10,0,7,31,0,38,0,10,38,0,48,32,0,32,80
04/12/2005,ASG,AR,ASW,CE,Federal Contract Tower,0,7,7,0,14,0,5,39,0,44,0,12,46,0,58,62,0,62,120
04/13/2005,ASG,AR,ASW,CE,Federal Contract Tower,0,7,22,0,29,0,15,52,0,67,0,22,74,0,96,136,0,136,232
04/14/2005,ASG,AR,ASW,CE,Federal Contract Tower,0,9,31,0,40,0,3,21,0,24,0,12,52,0,64,22,0,22,86
04/15/2005,ASG,AR,ASW,CE,Federal Contract Tower,0,8,34,0,42,0,3,115,0,118,0,11,149,0,160,194,0,194,354
04/16/2005,ASG,AR,ASW,CE,Federal Contract Tower,0,8,18,0,26,0,5,80,0,85,0,13,98,0,111,74,0,74,185
04/17/2005,ASG,AR,ASW,CE,Federal Contract Tower,0,2,18,0,20,0,6,76,0,82,0,8,94,0,102,68,0,68,170
04/18/2005,ASG,AR,ASW,CE,Federal Contract Tower,0,2,22,0,24,0,10,62,2,74,0,12,84,2,98,98,0,98,196
04/19/2005,ASG,AR,ASW,CE,Federal Contract Tower,0,8,17,0,25,0,12,75,0,87,0,20,92,0,112,166,0,166,278
04/20/2005,ASG,AR,ASW,CE,Federal Contract Tower,0,12,26,0,38,0,12,31,0,43,0,24,57,0,81,122,0,122,203
04/21/2005,ASG,AR,ASW,CE,Federal Contract Tower,0,9,30,0,39,0,7,65,0,72,0,16,95,0,111,100,0,100,211
04/22/2005,ASG,AR,ASW,CE,Federal Contract Tower,0,9,19,0,28,0,0,37,0,37,0,9,56,0,65,42,0,42,107
04/23/2005,ASG,AR,ASW,CE,Federal Contract Tower,0,9,34,0,43,0,8,14,0,22,0,17,48,0,65,0,0,0,65
04/24/2005,ASG,AR,ASW,CE,Federal Contract Tower,0,3,10,0,13,0,9,42,0,51,0,12,52,0,64,46,0,46,110
04/25/2005,ASG,AR,ASW,CE,Federal Contract Tower,0,2,7,0,9,0,12,81,0,93,0,14,88,0,102,88,0,88,190
04/26/2005,ASG,AR,ASW,CE,Federal Contract Tower,0,6,21,0,27,0,11,66,0,77,0,17,87,0,104,90,0,90,194
04/27/2005,ASG,AR,ASW,CE,Federal Contract Tower,0,11,36,0,47,0,11,48,0,59,0,22,84,0,106,104,0,104,210
04/28/2005,ASG,AR,ASW,CE,Federal Contract Tower,0,6,26,0,32,0,6,66,0,72,0,12,92,0,104,104,0,104,208
04/29/2005,ASG,AR,ASW,CE,Federal Contract Tower,0,11,27,0,38,0,2,35,0,37,0,13,62,0,75,12,0,12,87
04/30/2005,ASG,AR,ASW,CE,Federal Contract Tower,0,18,23,0,41,0,1,5,0,6,0,19,28,0,47,0,0,0,47
05/01/2005,ASG,AR,ASW,CE,Federal Contract Tower,0,5,16,0,21,0,13,102,0,115,0,18,118,0,136,168,0,168,304
05/02/2005,ASG,AR,ASW,CE,Federal Contract Tower,0,4,23,0,27,0,11,60,0,71,0,15,83,0,98,82,0,82,180
05/03/2005,ASG,AR,ASW,CE,Federal Contract Tower,0,13,23,0,36,0,14,75,0,89,0,27,98,0,125,116,0,116,241
05/04/2005,ASG,AR,ASW,CE,Federal Contract Tower,0,6,17,0,23,0,8,68,0,76,0,14,85,0,99,132,0,132,231
05/05/2005,ASG,AR,ASW,CE,Federal Contract Tower,0,10,31,0,41,0,13,67,0,80,0,23,98,0,121,190,0,190,311
05/06/2005,ASG,AR,ASW,CE,Federal Contract Tower,0,8,20,0,28,0,12,90,0,102,0,20,110,0,130,236,0,236,366
05/07/2005,ASG,AR,ASW,CE,Federal Contract Tower,0,10,23,0,33,0,16,98,0,114,0,26,121,0,147,148,0,148,295
05/08/2005,ASG,AR,ASW,CE,Federal Contract Tower,0,3,6,0,9,0,13,58,0,71,0,16,64,0,80,104,0,104,184
05/09/2005,ASG,AR,ASW,CE,Federal Contract Tower,0,1,5,0,6,0,3,10,0,13,0,4,15,0,19,4,0,4,23
05/10/2005,ASG,AR,ASW,CE,Federal Contract Tower,0,4,13,0,17,0,6,58,0,64,0,10,71,0,81,100,0,100,181
05/11/2005,ASG,AR,ASW,CE,Federal Contract Tower,0,10,31,0,41,0,9,49,0,58,0,19,80,0,99,124,0,124,223
05/12/2005,ASG,AR,ASW,CE,Federal Contract Tower,0,7,26,0,33,0,19,94,0,113,0,26,120,0,146,172,0,172,318
05/13/2005,ASG,AR,ASW,CE,Federal Contract Tower,0,11,35,0,46,0,20,83,0,103,0,31,118,0,149,140,0,140,289
05/14/2005,ASG,AR,ASW,CE,Federal Contract Tower,0,12,15,0,27,0,7,73,0,80,0,19,88,0,107,98,0,98,205
05/15/2005,ASG,AR,ASW,CE,Federal Contract Tower,0,4,9,0,13,0,8,37,0,45,0,12,46,0,58,46,0,46,104
05/16/2005,ASG,AR,ASW,CE,Federal Contract Tower,0,3,4,0,7,0,1,67,0,68,0,4,71,0,75,72,0,72,147
05/17/2005,ASG,AR,ASW,CE,Federal Contract Tower,0,11,33,0,44,0,9,83,0,92,0,20,116,0,136,158,0,158,294
05/18/2005,ASG,AR,ASW,CE,Federal Contract Tower,0,12,21,0,33,0,11,105,0,116,0,23,126,0,149,170,0,170,319
05/19/2005,ASG,AR,ASW,CE,Federal Contract Tower,0,8,24,0,32,0,6,78,0,84,0,14,102,0,116,160,0,160,276
05/20/2005,ASG,AR,ASW,CE,Federal Contract Tower,0,7,23,0,30,0,12,87,0,99,0,19,110,0,129,174,0,174,303
05/21/2005,ASG,AR,ASW,CE,Federal Contract Tower,0,7,26,0,33,0,8,102,0,110,0,15,128,0,143,116,0,116,259
05/22/2005,ASG,AR,ASW,CE,Federal Contract Tower,0,6,13,0,19,0,18,88,0,106,0,24,101,0,125,92,0,92,217
05/23/2005,ASG,AR,ASW,CE,Federal Contract Tower,0,8,20,0,28,0,6,24,0,30,0,14,44,0,58,16,0,16,74
05/24/2005,ASG,AR,ASW,CE,Federal Contract Tower,0,8,21,0,29,0,10,71,0,81,0,18,92,0,110,198,0,198,308
05/25/2005,ASG,AR,ASW,CE,Federal Contract Tower,0,12,24,0,36,0,2,12,0,14,0,14,36,0,50,18,0,18,68
05/26/2005,ASG,AR,ASW,CE,Federal Contract Tower,0,9,26,0,35,0,8,110,0,118,0,17,136,0,153,223,0,223,376
05/27/2005,ASG,AR,ASW,CE,Federal Contract Tower,0,9,20,0,29,0,5,61,0,66,0,14,81,0,95,74,0,74,169
05/28/2005,ASG,AR,ASW,CE,Federal Contract Tower,0,12,24,0,36,0,7,64,0,71,0,19,88,0,107,58,0,58,165
05/29/2005,ASG,AR,ASW,CE,Federal Contract Tower,0,4,11,0,15,0,3,69,0,72,0,7,80,0,87,78,0,78,165
05/30/2005,ASG,AR,ASW,CE,Federal Contract Tower,0,1,9,0,10,0,7,49,0,56,0,8,58,0,66,78,0,78,144
05/31/2005,ASG,AR,ASW,CE,Federal Contract Tower,0,3,12,0,15,0,5,34,0,39,0,8,46,0,54,34,0,34,88
06/01/2005,ASG,AR,ASW,CE,Federal Contract Tower,0,8,24,0,32,0,4,49,0,53,0,12,73,0,85,94,0,94,179
06/02/2005,ASG,AR,ASW,CE,Federal Contract Tower,0,11,32,0,43,0,4,77,0,81,0,15,109,0,124,104,0,104,228
06/03/2005,ASG,AR,ASW,CE,Federal Contract Tower,0,8,26,0,34,0,4,49,0,53,0,12,75,0,87,54,0,54,141
06/04/2005,ASG,AR,ASW,CE,Federal Contract Tower,0,3,11,0,14,0,9,63,0,72,0,12,74,0,86,78,0,78,164
06/05/2005,ASG,AR,ASW,CE,Federal Contract Tower,0,3,10,0,13,0,11,38,0,49,0,14,48,0,62,82,0,82,144
06/06/2005,ASG,AR,ASW,CE,Federal Contract Tower,0,5,23,0,28,0,2,56,0,58,0,7,79,0,86,116,0,116,202
06/07/2005,ASG,AR,ASW,CE,Federal Contract Tower,0,8,24,0,32,0,10,58,0,68,0,18,82,0,100,120,0,120,220
06/08/2005,ASG,AR,ASW,CE,Federal Contract Tower,0,10,41,0,51,0,6,42,0,48,0,16,83,0,99,50,0,50,149
06/09/2005,ASG,AR,ASW,CE,Federal Contract Tower,0,11,21,0,32,0,4,37,0,41,0,15,58,0,73,60,0,60,133
06/10/2005,ASG,AR,ASW,CE,Federal Contract Tower,0,14,24,0,38,0,12,71,0,83,0,26,95,0,121,130,0,130,251
06/11/2005,ASG,AR,ASW,CE,Federal Contract Tower,0,3,11,0,14,0,13,63,0,76,0,16,74,0,90,110,0,110,200
06/12/2005,ASG,AR,ASW,CE,Federal Contract Tower,0,4,17,0,21,0,5,51,0,56,0,9,68,0,77,52,0,52,129
06/13/2005,ASG,AR,ASW,CE,Federal Contract Tower,0,5,22,0,27,0,10,62,0,72,0,15,84,0,99,128,0,128,227
06/14/2005,ASG,AR,ASW,CE,Federal Contract Tower,0,8,15,0,23,0,12,90,0,102,0,20,105,0,125,120,0,120,245
06/15/2005,ASG,AR,ASW,CE,Federal Contract Tower,0,8,26,0,34,0,10,81,0,91,0,18,107,0,125,122,0,122,247
06/16/2005,ASG,AR,ASW,CE,Federal Contract Tower,0,8,22,0,30,0,4,38,0,42,0,12,60,0,72,64,0,64,136
06/17/2005,ASG,AR,ASW,CE,Federal Contract Tower,0,9,35,0,44,0,11,53,0,64,0,20,88,0,108,114,0,114,222
06/18/2005,ASG,AR,ASW,CE,Federal Contract Tower,0,3,11,0,14,0,9,62,0,71,0,12,73,0,85,22,0,22,107
06/19/2005,ASG,AR,ASW,CE,Federal Contract Tower,0,3,17,0,20,0,22,74,0,96,0,25,91,0,116,56,0,56,172
06/20/2005,ASG,AR,ASW,CE,Federal Contract Tower,0,7,19,0,26,0,9,62,0,71,0,16,81,0,97,116,0,116,213
06/21/2005,ASG,AR,ASW,CE,Federal Contract Tower,0,5,28,0,33,0,9,83,0,92,0,14,111,0,125,150,0,150,275
06/22/2005,ASG,AR,ASW,CE,Federal Contract Tower,0,5,35,0,40,0,13,89,4,106,0,18,124,4,146,158,0,158,304
06/23/2005,ASG,AR,ASW,CE,Federal Contract Tower,0,8,23,0,31,0,8,75,0,83,0,16,98,0,114,86,0,86,200
06/24/2005,ASG,AR,ASW,CE,Federal Contract Tower,0,7,14,0,21,0,15,79,0,94,0,22,93,0,115,150,0,150,265
06/25/2005,ASG,AR,ASW,CE,Federal Contract Tower,0,2,13,0,15,0,8,63,0,71,0,10,76,0,86,98,0,98,184
06/26/2005,ASG,AR,ASW,CE,Federal Contract Tower,0,1,13,0,14,0,9,63,0,72,0,10,76,0,86,108,0,108,194
06/27/2005,ASG,AR,ASW,CE,Federal Contract Tower,0,8,36,0,44,0,6,71,0,77,0,14,107,0,121,112,0,112,233
06/28/2005,ASG,AR,ASW,CE,Federal Contract Tower,0,10,35,0,45,0,13,107,0,120,0,23,142,0,165,182,0,182,347
06/29/2005,ASG,AR,ASW,CE,Federal Contract Tower,0,9,36,0,45,0,7,84,0,91,0,16,120,0,136,170,0,170,306
06/30/2005,ASG,AR,ASW,CE,Federal Contract Tower,0,8,37,0,45,0,2,74,0,76,0,10,111,0,121,122,0,122,243
07/01/2005,ASG,AR,ASW,CE,Federal Contract Tower,0,10,18,0,28,0,6,43,0,49,0,16,61,0,77,76,0,76,153
07/02/2005,ASG,AR,ASW,CE,Federal Contract Tower,0,4,11,0,15,0,4,95,0,99,0,8,106,0,114,56,0,56,170
07/03/2005,ASG,AR,ASW,CE,Federal Contract Tower,0,0,6,0,6,0,2,72,0,74,0,2,78,0,80,82,0,82,162
07/04/2005,ASG,AR,ASW,CE,Federal Contract Tower,0,1,6,0,7,0,7,44,0,51,0,8,50,0,58,44,0,44,102
07/05/2005,ASG,AR,ASW,CE,Federal Contract Tower,0,3,21,0,24,0,11,86,0,97,0,14,107,0,121,152,0,152,273
07/06/2005,ASG,AR,ASW,CE,Federal Contract Tower,0,7,20,0,27,0,3,81,0,84,0,10,101,0,111,168,0,168,279
07/07/2005,ASG,AR,ASW,CE,Federal Contract Tower,0,7,27,0,34,0,16,67,1,84,0,23,94,1,118,112,0,112,230
07/08/2005,ASG,AR,ASW,CE,Federal Contract Tower,0,10,21,0,31,0,4,99,0,103,0,14,120,0,134,124,0,124,258
07/09/2005,ASG,AR,ASW,CE,Federal Contract Tower,0,2,9,0,11,0,7,173,0,180,0,9,182,0,191,44,0,44,235
07/10/2005,ASG,AR,ASW,CE,Federal Contract Tower,0,5,21,0,26,0,5,45,0,50,0,10,66,0,76,110,0,110,186
07/11/2005,ASG,AR,ASW,CE,Federal Contract Tower,0,6,30,0,36,0,10,84,0,94,0,16,114,0,130,130,0,130,260
07/12/2005,ASG,AR,ASW,CE,Federal Contract Tower,0,5,27,0,32,0,14,76,0,90,0,19,103,0,122,134,0,134,256
07/13/2005,ASG,AR,ASW,CE,Federal Contract Tower,0,5,29,0,34,0,3,90,0,93,0,8,119,0,127,104,0,104,231
07/14/2005,ASG,AR,ASW,CE,Federal Contract Tower,0,7,21,0,28,0,12,85,0,97,0,19,106,0,125,110,0,110,235
07/15/2005,ASG,AR,ASW,CE,Federal Contract Tower,0,6,25,0,31,0,8,67,0,75,0,14,92,0,106,76,0,76,182
07/16/2005,ASG,AR,ASW,CE,Federal Contract Tower,0,2,13,0,15,0,8,62,0,70,0,10,75,0,85,66,0,66,151
07/17/2005,ASG,AR,ASW,CE,Federal Contract Tower,0,5,11,0,16,0,1,69,0,70,0,6,80,0,86,76,0,76,162
07/18/2005,ASG,AR,ASW,CE,Federal Contract Tower,0,7,29,0,36,0,10,52,0,62,0,17,81,0,98,120,0,120,218
07/19/2005,ASG,AR,ASW,CE,Federal Contract Tower,0,5,33,0,38,0,15,65,0,80,0,20,98,0,118,186,0,186,304
07/20/2005,ASG,AR,ASW,CE,Federal Contract Tower,0,7,29,0,36,0,7,73,0,80,0,14,102,0,116,80,0,80,196
07/21/2005,ASG,AR,ASW,CE,Federal Contract Tower,0,9,31,0,40,0,9,68,2,79,0,18,99,2,119,78,2,80,199
07/22/2005,ASG,AR,ASW,CE,Federal Contract Tower,0,5,14,0,19,0,2,57,0,59,0,7,71,0,78,90,0,90,168
07/23/2005,ASG,AR,ASW,CE,Federal Contract Tower,0,3,11,0,14,0,5,69,0,74,0,8,80,0,88,116,0,116,204
07/24/2005,ASG,AR,ASW,CE,Federal Contract Tower,0,2,10,0,12,0,14,57,0,71,0,16,67,0,83,86,0,86,169
07/25/2005,ASG,AR,ASW,CE,Federal Contract Tower,0,7,15,0,22,0,11,89,0,100,0,18,104,0,122,146,0,146,268
07/26/2005,ASG,AR,ASW,CE,Federal Contract Tower,0,13,28,0,41,0,7,45,0,52,0,20,73,0,93,80,0,80,173
07/27/2005,ASG,AR,ASW,CE,Federal Contract Tower,0,14,35,0,49,0,3,36,0,39,0,17,71,0,88,34,0,34,122
07/28/2005,ASG,AR,ASW,CE,Federal Contract Tower,0,9,29,0,38,0,3,107,0,110,0,12,136,0,148,124,0,124,272
07/29/2005,ASG,AR,ASW,CE,Federal Contract Tower,0,10,25,0,35,0,4,85,0,89,0,14,110,0,124,146,0,146,270
07/30/2005,ASG,AR,ASW,CE,Federal Contract Tower,0,4,6,2,12,0,13,88,0,101,0,17,94,2,113,104,0,104,217
07/31/2005,ASG,AR,ASW,CE,Federal Contract Tower,0,3,13,0,16,0,1,48,0,49,0,4,61,0,65,36,0,36,101
08/01/2005,ASG,AR,ASW,CE,Federal Contract Tower,0,8,26,0,34,0,8,87,0,95,0,16,113,0,129,152,0,152,281
08/02/2005,ASG,AR,ASW,CE,Federal Contract Tower,0,10,22,0,32,0,7,52,0,59,0,17,74,0,91,72,0,72,163
08/03/2005,ASG,AR,ASW,CE,Federal Contract Tower,0,8,42,0,50,0,14,92,0,106,0,22,134,0,156,154,0,154,310
08/04/2005,ASG,AR,ASW,CE,Federal Contract Tower,0,9,26,0,35,0,9,84,0,93,0,18,110,0,128,114,0,114,242
08/05/2005,ASG,AR,ASW,CE,Federal Contract Tower,0,14,22,0,36,0,8,56,0,64,0,22,78,0,100,86,0,86,186
08/06/2005,ASG,AR,ASW,CE,Federal Contract Tower,0,5,11,0,16,0,4,43,0,47,0,9,54,0,63,82,0,82,145
08/07/2005,ASG,AR,ASW,CE,Federal Contract Tower,0,3,15,0,18,0,4,49,0,53,0,7,64,0,71,64,0,64,135
08/08/2005,ASG,AR,ASW,CE,Federal Contract Tower,0,6,24,0,30,0,8,59,0,67,0,14,83,0,97,86,0,86,183
08/09/2005,ASG,AR,ASW,CE,Federal Contract Tower,0,6,22,0,28,0,10,98,0,108,0,16,120,0,136,188,0,188,324
08/10/2005,ASG,AR,ASW,CE,Federal Contract Tower,0,7,28,2,37,0,7,78,0,85,0,14,106,2,122,114,0,114,236
08/11/2005,ASG,AR,ASW,CE,Federal Contract Tower,0,7,31,0,38,0,7,94,0,101,0,14,125,0,139,152,0,152,291
08/12/2005,ASG,AR,ASW,CE,Federal Contract Tower,0,8,19,0,27,0,10,98,0,108,0,18,117,0,135,142,0,142,277
08/13/2005,ASG,AR,ASW,CE,Federal Contract Tower,0,3,14,0,17,0,6,51,0,57,0,9,65,0,74,52,0,52,126
08/14/2005,ASG,AR,ASW,CE,Federal Contract Tower,0,2,15,0,17,0,2,16,0,18,0,4,31,0,35,10,0,10,45
08/15/2005,ASG,AR,ASW,CE,Federal Contract Tower,0,6,28,0,34,0,8,54,0,62,0,14,82,0,96,66,0,66,162
08/16/2005,ASG,AR,ASW,CE,Federal Contract Tower,0,8,35,0,43,0,14,47,0,61,0,22,82,0,104,106,0,106,210
08/17/2005,ASG,AR,ASW,CE,Federal Contract Tower,0,9,36,0,45,0,6,70,0,76,0,15,106,0,121,152,0,152,273
08/18/2005,ASG,AR,ASW,CE,Federal Contract Tower,0,8,32,0,40,0,8,71,0,79,0,16,103,0,119,98,0,98,217
08/19/2005,ASG,AR,ASW,CE,Federal Contract Tower,0,8,35,0,43,0,10,62,0,72,0,18,97,0,115,68,0,68,183
08/20/2005,ASG,AR,ASW,CE,Federal Contract Tower,0,2,8,0,10,0,1,29,0,30,0,3,37,0,40,16,0,16,56
08/21/2005,ASG,AR,ASW,CE,Federal Contract Tower,0,5,15,0,20,0,9,71,0,80,0,14,86,0,100,78,0,78,178
08/22/2005,ASG,AR,ASW,CE,Federal Contract Tower,0,8,26,0,34,0,18,58,0,76,0,26,84,0,110,98,0,98,208
08/23/2005,ASG,AR,ASW,CE,Federal Contract Tower,0,16,32,0,48,0,5,53,0,58,0,21,85,0,106,90,0,90,196
08/24/2005,ASG,AR,ASW,CE,Federal Contract Tower,0,13,35,0,48,0,5,53,0,58,0,18,88,0,106,80,0,80,186
08/25/2005,ASG,AR,ASW,CE,Federal Contract Tower,0,8,32,0,40,0,3,51,0,54,0,11,83,0,94,78,0,78,172
08/26/2005,ASG,AR,ASW,CE,Federal Contract Tower,0,9,29,0,38,0,11,74,0,85,0,20,103,0,123,82,0,82,205
08/27/2005,ASG,AR,ASW,CE,Federal Contract Tower,0,1,9,0,10,0,9,79,0,88,0,10,88,0,98,102,0,102,200
08/28/2005,ASG,AR,ASW,CE,Federal Contract Tower,0,5,12,0,17,0,7,66,0,73,0,12,78,0,90,72,0,72,162
08/29/2005,ASG,AR,ASW,CE,Federal Contract Tower,0,5,22,0,27,0,12,43,0,55,0,17,65,0,82,88,0,88,170
08/30/2005,ASG,AR,ASW,CE,Federal Contract Tower,0,8,8,0,16,0,24,78,0,102,0,32,86,0,118,148,0,148,266
08/31/2005,ASG,AR,ASW,CE,Federal Contract Tower,0,8,25,0,33,0,11,57,0,68,0,19,82,0,101,106,0,106,207
09/01/2005,ASG,AR,ASW,CE,Federal Contract Tower,0,12,29,0,41,0,10,53,0,63,0,22,82,0,104,62,0,62,166
09/02/2005,ASG,AR,ASW,CE,Federal Contract Tower,0,8,31,0,39,0,6,81,0,87,0,14,112,0,126,96,0,96,222
09/03/2005,ASG,AR,ASW,CE,Federal Contract Tower,0,2,19,0,21,0,8,77,0,85,0,10,96,0,106,38,0,38,144
09/04/2005,ASG,AR,ASW,CE,Federal Contract Tower,0,1,17,0,18,0,1,40,0,41,0,2,57,0,59,10,0,10,69
09/05/2005,ASG,AR,ASW,CE,Federal Contract Tower,0,5,10,0,15,0,12,74,0,86,0,17,84,0,101,118,0,118,219
09/06/2005,ASG,AR,ASW,CE,Federal Contract Tower,0,8,20,0,28,0,5,56,0,61,0,13,76,0,89,56,0,56,145
09/07/2005,ASG,AR,ASW,CE,Federal Contract Tower,0,7,18,0,25,0,3,62,0,65,0,10,80,0,90,70,0,70,160
09/08/2005,ASG,AR,ASW,CE,Federal Contract Tower,0,11,27,0,38,0,4,88,0,92,0,15,115,0,130,76,0,76,206
09/09/2005,ASG,AR,ASW,CE,Federal Contract Tower,0,8,30,0,38,0,8,70,0,78,0,16,100,0,116,114,0,114,230
09/10/2005,ASG,AR,ASW,CE,Federal Contract Tower,0,0,27,0,27,0,8,53,0,61,0,8,80,0,88,42,0,42,130
09/11/2005,ASG,AR,ASW,CE,Federal Contract Tower,0,3,17,0,20,0,9,51,0,60,0,12,68,0,80,64,0,64,144
09/12/2005,ASG,AR,ASW,CE,Federal Contract Tower,0,7,21,0,28,0,3,42,0,45,0,10,63,0,73,48,0,48,121
09/13/2005,ASG,AR,ASW,CE,Federal Contract Tower,0,7,30,0,37,0,8,45,0,53,0,15,75,0,90,46,0,46,136
09/14/2005,ASG,AR,ASW,CE,Federal Contract Tower,0,8,29,0,37,0,4,37,0,41,0,12,66,0,78,84,0,84,162
09/15/2005,ASG,AR,ASW,CE,Federal Contract Tower,0,10,24,0,34,0,8,38,0,46,0,18,62,0,80,88,0,88,168
09/16/2005,ASG,AR,ASW,CE,Federal Contract Tower,0,6,37,0,43,0,9,39,0,48,0,15,76,0,91,104,0,104,195
09/17/2005,ASG,AR,ASW,CE,Federal Contract Tower,0,2,8,0,10,0,11,58,2,71,0,13,66,2,81,82,0,82,163
09/18/2005,ASG,AR,ASW,CE,Federal Contract Tower,0,1,9,0,10,0,4,35,0,39,0,5,44,0,49,32,0,32,81
09/19/2005,ASG,AR,ASW,CE,Federal Contract Tower,0,5,26,0,31,0,10,49,0,59,0,15,75,0,90,102,0,102,192
09/20/2005,ASG,AR,ASW,CE,Federal Contract Tower,0,6,22,0,28,0,20,104,0,124,0,26,126,0,152,132,0,132,284
09/21/2005,ASG,AR,ASW,CE,Federal Contract Tower,0,7,18,0,25,0,7,77,0,84,0,14,95,0,109,76,0,76,185
09/22/2005,ASG,AR,ASW,CE,Federal Contract Tower,0,10,33,0,43,0,5,60,0,65,0,15,93,0,108,62,0,62,170
09/23/2005,ASG,AR,ASW,CE,Federal Contract Tower,0,19,0,0,19,0,0,74,0,74,0,19,74,0,93,44,0,44,137
09/24/2005,ASG,AR,ASW,CE,Federal Contract Tower,0,1,13,0,14,0,5,48,0,53,0,6,61,0,67,28,0,28,95
09/25/2005,ASG,AR,ASW,CE,Federal Contract Tower,0,0,0,0,0,0,4,18,0,22,0,4,18,0,22,1,14,15,37
09/26/2005,ASG,AR,ASW,CE,Federal Contract Tower,0,7,29,0,36,0,19,85,0,104,0,26,114,0,140,136,0,136,276
09/27/2005,ASG,AR,ASW,CE,Federal Contract Tower,0,9,25,0,34,0,5,81,0,86,0,14,106,0,120,130,0,130,250
09/28/2005,ASG,AR,ASW,CE,Federal Contract Tower,0,4,32,0,36,0,12,48,0,60,0,16,80,0,96,106,0,106,202
09/29/2005,ASG,AR,ASW,CE,Federal Contract Tower,0,9,21,0,30,0,2,58,0,60,0,11,79,0,90,102,0,102,192
09/30/2005,ASG,AR,ASW,CE,Federal Contract Tower,0,9,25,0,34,0,6,69,0,75,0,15,94,0,109,44,0,44,153
10/01/2005,ASG,AR,ASW,CE,Federal Contract Tower,0,5,8,0,13,0,16,42,0,58,0,21,50,0,71,14,0,14,85
10/02/2005,ASG,AR,ASW,CE,Federal Contract Tower,0,0,12,0,12,0,6,60,0,66,0,6,72,0,78,64,0,64,142
10/03/2005,ASG,AR,ASW,CE,Federal Contract Tower,0,13,20,0,33,0,13,96,0,109,0,26,116,0,142,160,0,160,302
10/04/2005,ASG,AR,ASW,CE,Federal Contract Tower,0,15,25,0,40,0,5,72,0,77,0,20,97,0,117,136,0,136,253
10/05/2005,ASG,AR,ASW,CE,Federal Contract Tower,0,4,27,0,31,0,10,57,0,67,0,14,84,0,98,78,0,78,176
10/06/2005,ASG,AR,ASW,CE,Federal Contract Tower,0,9,22,0,31,0,5,29,0,34,0,14,51,0,65,38,0,38,103
10/07/2005,ASG,AR,ASW,CE,Federal Contract Tower,0,5,28,0,33,0,4,57,0,61,0,9,85,0,94,52,0,52,146
10/08/2005,ASG,AR,ASW,CE,Federal Contract Tower,0,3,17,0,20,0,11,91,0,102,0,14,108,0,122,72,0,72,194
10/09/2005,ASG,AR,ASW,CE,Federal Contract Tower,0,3,17,0,20,0,19,91,0,110,0,22,108,0,130,64,0,64,194
10/10/2005,ASG,AR,ASW,CE,Federal Contract Tower,0,0,22,0,22,0,4,64,0,68,0,4,86,0,90,104,0,104,194
10/11/2005,ASG,AR,ASW,CE,Federal Contract Tower,0,5,25,0,30,0,12,75,0,87,0,17,100,0,117,150,0,150,267
10/12/2005,ASG,AR,ASW,CE,Federal Contract Tower,0,8,35,0,43,0,6,64,0,70,0,14,99,0,113,134,0,134,247
10/13/2005,ASG,AR,ASW,CE,Federal Contract Tower,0,12,22,0,34,0,2,54,0,56,0,14,76,0,90,64,0,64,154
10/14/2005,ASG,AR,ASW,CE,Federal Contract Tower,0,6,35,0,41,0,4,55,0,59,0,10,90,0,100,84,0,84,184
10/15/2005,ASG,AR,ASW,CE,Federal Contract Tower,0,0,17,0,17,0,8,87,0,95,0,8,104,0,112,66,0,66,178
10/16/2005,ASG,AR,ASW,CE,Federal Contract Tower,0,3,30,0,33,0,8,63,0,71,0,11,93,0,104,60,0,60,164
10/17/2005,ASG,AR,ASW,CE,Federal Contract Tower,0,6,26,0,32,0,6,44,0,50,0,12,70,0,82,76,0,76,158
10/18/2005,ASG,AR,ASW,CE,Federal Contract Tower,0,5,17,0,22,0,9,76,0,85,0,14,93,0,107,124,0,124,231
10/19/2005,ASG,AR,ASW,CE,Federal Contract Tower,0,8,20,0,28,0,3,40,0,43,0,11,60,0,71,42,0,42,113
10/20/2005,ASG,AR,ASW,CE,Federal Contract Tower,0,7,33,0,40,0,13,39,0,52,0,20,72,0,92,36,0,36,128
10/21/2005,ASG,AR,ASW,CE,Federal Contract Tower,0,7,40,2,49,0,9,18,0,27,0,16,58,2,76,0,0,0,76
10/22/2005,ASG,AR,ASW,CE,Federal Contract Tower,0,6,6,0,12,0,9,58,0,67,0,15,64,0,79,10,0,10,89
10/23/2005,ASG,AR,ASW,CE,Federal Contract Tower,0,3,15,0,18,0,5,22,0,27,0,8,37,0,45,22,0,22,67
10/24/2005,ASG,AR,ASW,CE,Federal Contract Tower,0,4,17,0,21,0,4,55,0,59,0,8,72,0,80,84,0,84,164
10/25/2005,ASG,AR,ASW,CE,Federal Contract Tower,0,6,15,0,21,0,7,77,0,84,0,13,92,0,105,130,0,130,235
10/26/2005,ASG,AR,ASW,CE,Federal Contract Tower,0,10,30,0,40,0,10,92,0,102,0,20,122,0,142,164,0,164,306
10/27/2005,ASG,AR,ASW,CE,Federal Contract Tower,0,11,21,0,32,0,9,87,0,96,0,20,108,0,128,112,0,112,240
10/28/2005,ASG,AR,ASW,CE,Federal Contract Tower,0,11,15,0,26,0,10,84,0,94,0,21,99,0,120,108,0,108,228
10/29/2005,ASG,AR,ASW,CE,Federal Contract Tower,0,0,6,0,6,0,7,59,0,66,0,7,65,0,72,80,0,80,152
10/30/2005,ASG,AR,ASW,CE,Federal Contract Tower,0,6,21,0,27,0,4,16,0,20,0,10,37,0,47,6,0,6,53
10/31/2005,ASG,AR,ASW,CE,Federal Contract Tower,0,4,12,0,16,0,0,2,0,2,0,4,14,0,18,0,0,0,18
11/01/2005,ASG,AR,ASW,CE,Federal Contract Tower,0,6,35,0,41,0,10,63,0,73,0,16,98,0,114,120,0,120,234
11/02/2005,ASG,AR,ASW,CE,Federal Contract Tower,0,7,24,0,31,0,17,72,0,89,0,24,96,0,120,84,0,84,204
11/03/2005,ASG,AR,ASW,CE,Federal Contract Tower,0,6,22,0,28,0,8,21,0,29,0,14,43,0,57,18,0,18,75
11/04/2005,ASG,AR,ASW,CE,Federal Contract Tower,0,7,22,0,29,0,4,32,0,36,0,11,54,0,65,34,0,34,99
11/05/2005,ASG,AR,ASW,CE,Federal Contract Tower,0,0,23,0,23,0,2,15,0,17,0,2,38,0,40,2,0,2,42
11/06/2005,ASG,AR,ASW,CE,Federal Contract Tower,0,4,6,0,10,0,8,68,0,76,0,12,74,0,86,52,0,52,138
11/07/2005,ASG,AR,ASW,CE,Federal Contract Tower,0,6,23,0,29,0,12,67,0,79,0,18,90,0,108,112,0,112,220
11/08/2005,ASG,AR,ASW,CE,Federal Contract Tower,0,7,35,0,42,0,13,57,0,70,0,20,92,0,112,90,0,90,202
11/09/2005,ASG,AR,ASW,CE,Federal Contract Tower,0,9,30,0,39,0,6,56,0,62,0,15,86,0,101,68,0,68,169
11/10/2005,ASG,AR,ASW,CE,Federal Contract Tower,0,7,11,0,18,0,4,64,0,68,0,11,75,0,86,42,0,42,128
11/11/2005,ASG,AR,ASW,CE,Federal Contract Tower,0,3,23,0,26,0,6,76,0,82,0,9,99,0,108,56,0,56,164
11/12/2005,ASG,AR,ASW,CE,Federal Contract Tower,0,3,19,0,22,0,4,6,0,10,0,7,25,0,32,0,0,0,32
11/13/2005,ASG,AR,ASW,CE,Federal Contract Tower,0,3,15,0,18,0,9,55,0,64,0,12,70,0,82,40,0,40,122
11/14/2005,ASG,AR,ASW,CE,Federal Contract Tower,0,10,15,0,25,0,11,17,0,28,0,21,32,0,53,62,0,62,115
11/15/2005,ASG,AR,ASW,CE,Federal Contract Tower,0,8,17,0,25,0,2,5,0,7,0,10,22,0,32,2,0,2,34
11/16/2005,ASG,AR,ASW,CE,Federal Contract Tower,0,13,25,0,38,0,4,56,0,60,0,17,81,0,98,64,0,64,162
11/17/2005,ASG,AR,ASW,CE,Federal Contract Tower,0,13,26,0,39,0,5,83,0,88,0,18,109,0,127,34,0,34,161
11/18/2005,ASG,AR,ASW,CE,Federal Contract Tower,0,11,31,0,42,0,10,76,0,86,0,21,107,0,128,30,0,30,158
11/19/2005,ASG,AR,ASW,CE,Federal Contract Tower,0,3,13,0,16,0,3,68,0,71,0,6,81,0,87,40,0,40,127
11/20/2005,ASG,AR,ASW,CE,Federal Contract Tower,0,3,16,0,19,0,0,1,0,1,0,3,17,0,20,0,0,0,20
11/21/2005,ASG,AR,ASW,CE,Federal Contract Tower,0,13,25,0,38,0,5,60,0,65,0,18,85,0,103,96,0,96,199
11/22/2005,ASG,AR,ASW,CE,Federal Contract Tower,0,8,26,0,34,0,9,67,0,76,0,17,93,0,110,108,0,108,218
11/23/2005,ASG,AR,ASW,CE,Federal Contract Tower,0,7,14,0,21,0,7,54,0,61,0,14,68,0,82,36,0,36,118
11/24/2005,ASG,AR,ASW,CE,Federal Contract Tower,0,2,11,0,13,0,2,20,0,22,0,4,31,0,35,34,0,34,69
11/25/2005,ASG,AR,ASW,CE,Federal Contract Tower,0,6,19,0,25,0,12,57,0,69,0,18,76,0,94,30,0,30,124
11/26/2005,ASG,AR,ASW,CE,Federal Contract Tower,0,3,19,0,22,0,13,45,0,58,0,16,64,0,80,40,0,40,120
11/27/2005,ASG,AR,ASW,CE,Federal Contract Tower,0,0,0,0,0,0,0,10,0,10,0,0,10,0,10,0,0,0,10
11/28/2005,ASG,AR,ASW,CE,Federal Contract Tower,0,8,16,0,24,0,1,8,0,9,0,9,24,0,33,0,0,0,33
11/29/2005,ASG,AR,ASW,CE,Federal Contract Tower,0,5,16,0,21,0,7,41,0,48,0,12,57,0,69,44,0,44,113
11/30/2005,ASG,AR,ASW,CE,Federal Contract Tower,0,10,20,0,30,0,10,54,0,64,0,20,74,0,94,58,0,58,152
12/01/2005,ASG,AR,ASW,CE,Federal Contract Tower,0,11,23,0,34,0,13,75,0,88,0,24,98,0,122,152,0,152,274
12/02/2005,ASG,AR,ASW,CE,Federal Contract Tower,0,9,27,0,36,0,9,51,0,60,0,18,78,0,96,74,0,74,170
12/03/2005,ASG,AR,ASW,CE,Federal Contract Tower,0,0,7,0,7,0,9,51,0,60,0,9,58,0,67,40,0,40,107
12/04/2005,ASG,AR,ASW,CE,Federal Contract Tower,0,3,6,0,9,0,6,51,0,57,0,9,57,0,66,98,0,98,164
12/05/2005,ASG,AR,ASW,CE,Federal Contract Tower,0,7,16,0,23,0,3,34,2,39,0,10,50,2,62,48,0,48,110
12/06/2005,ASG,AR,ASW,CE,Federal Contract Tower,0,9,28,0,37,0,9,58,0,67,0,18,86,0,104,90,0,90,194
12/07/2005,ASG,AR,ASW,CE,Federal Contract Tower,0,7,25,0,32,0,9,46,0,55,0,16,71,0,87,92,0,92,179
12/08/2005,ASG,AR,ASW,CE,Federal Contract Tower,0,11,16,0,27,0,9,40,0,49,0,20,56,0,76,56,0,56,132
12/09/2005,ASG,AR,ASW,CE,Federal Contract Tower,0,9,26,0,35,0,9,75,0,84,0,18,101,0,119,108,0,108,227
12/10/2005,ASG,AR,ASW,CE,Federal Contract Tower,0,0,40,0,40,0,8,10,0,18,0,8,50,0,58,40,0,40,98
12/11/2005,ASG,AR,ASW,CE,Federal Contract Tower,0,2,9,0,11,0,5,37,0,42,0,7,46,0,53,32,0,32,85
12/12/2005,ASG,AR,ASW,CE,Federal Contract Tower,0,7,26,0,33,0,4,49,0,53,0,11,75,0,86,52,0,52,138
12/13/2005,ASG,AR,ASW,CE,Federal Contract Tower,0,15,17,0,32,0,17,79,0,96,0,32,96,0,128,132,0,132,260
12/14/2005,ASG,AR,ASW,CE,Federal Contract Tower,0,13,27,0,40,0,9,47,0,56,0,22,74,0,96,60,0,60,156
12/15/2005,ASG,AR,ASW,CE,Federal Contract Tower,0,6,18,0,24,0,8,43,0,51,0,14,61,0,75,28,0,28,103
12/16/2005,ASG,AR,ASW,CE,Federal Contract Tower,0,16,28,0,44,0,8,70,0,78,0,24,98,0,122,94,0,94,216
12/17/2005,ASG,AR,ASW,CE,Federal Contract Tower,0,0,12,0,12,0,4,30,0,34,0,4,42,0,46,54,0,54,100
12/18/2005,ASG,AR,ASW,CE,Federal Contract Tower,0,6,10,0,16,0,2,18,0,20,0,8,28,0,36,4,0,4,40
12/19/2005,ASG,AR,ASW,CE,Federal Contract Tower,0,3,24,0,27,0,18,57,0,75,0,21,81,0,102,102,0,102,204
12/20/2005,ASG,AR,ASW,CE,Federal Contract Tower,0,7,13,0,20,0,0,26,0,26,0,7,39,0,46,40,0,40,86
12/21/2005,ASG,AR,ASW,CE,Federal Contract Tower,0,7,27,0,34,0,8,58,0,66,0,15,85,0,100,86,0,86,186
12/22/2005,ASG,AR,ASW,CE,Federal Contract Tower,0,9,27,0,36,0,11,45,0,56,0,20,72,0,92,94,0,94,186
12/23/2005,ASG,AR,ASW,CE,Federal Contract Tower,0,10,24,0,34,0,11,53,0,64,0,21,77,0,98,10,0,10,108
12/24/2005,ASG,AR,ASW,CE,Federal Contract Tower,0,2,8,0,10,0,5,7,0,12,0,7,15,0,22,0,0,0,22
12/25/2005,ASG,AR,ASW,CE,Federal Contract Tower,0,4,3,0,7,0,8,19,0,27,0,12,22,0,34,0,0,0,34
12/26/2005,ASG,AR,ASW,CE,Federal Contract Tower,0,4,12,0,16,0,16,66,0,82,0,20,78,0,98,152,0,152,250
12/27/2005,ASG,AR,ASW,CE,Federal Contract Tower,0,9,14,0,23,0,3,37,0,40,0,12,51,0,63,46,0,46,109
12/28/2005,ASG,AR,ASW,CE,Federal Contract Tower,0,11,25,0,36,0,6,40,0,46,0,17,65,0,82,90,0,90,172
12/29/2005,ASG,AR,ASW,CE,Federal Contract Tower,0,6,20,0,26,0,7,100,0,107,0,13,120,0,133,124,0,124,257
12/30/2005,ASG,AR,ASW,CE,Federal Contract Tower,0,7,14,0,21,0,4,44,0,48,0,11,58,0,69,62,0,62,131
12/31/2005,ASG,AR,ASW,CE,Federal Contract Tower,0,0,4,0,4,0,6,40,0,46,0,6,44,0,50,22,0,22,72
01/01/2006,ASG,AR,ASW,CE,Federal Contract Tower,0,6,11,0,17,0,0,10,0,10,0,6,21,0,27,0,0,0,27
01/02/2006,ASG,AR,ASW,CE,Federal Contract Tower,0,2,16,0,18,0,1,7,0,8,0,3,23,0,26,6,0,6,32
01/03/2006,ASG,AR,ASW,CE,Federal Contract Tower,0,9,14,0,23,0,12,65,0,77,0,21,79,0,100,106,0,106,206
01/04/2006,ASG,AR,ASW,CE,Federal Contract Tower,0,7,30,0,37,0,4,49,0,53,0,11,79,0,90,0,66,66,156
01/05/2006,ASG,AR,ASW,CE,Federal Contract Tower,0,7,27,0,34,0,5,38,0,43,0,12,65,0,77,0,0,0,77
01/06/2006,ASG,AR,ASW,CE,Federal Contract Tower,0,9,14,0,23,0,9,44,0,53,0,18,58,0,76,76,0,76,152
01/07/2006,ASG,AR,ASW,CE,Federal Contract Tower,0,6,8,0,14,0,8,66,0,74,0,14,74,0,88,88,0,88,176
01/08/2006,ASG,AR,ASW,CE,Federal Contract Tower,0,2,3,0,5,0,2,20,0,22,0,4,23,0,27,18,0,18,45
01/09/2006,ASG,AR,ASW,CE,Federal Contract Tower,0,8,24,0,32,0,4,40,0,44,0,12,64,0,76,79,0,79,155
01/10/2006,ASG,AR,ASW,CE,Federal Contract Tower,0,7,16,0,23,0,0,0,0,0,0,7,16,0,23,0,0,0,23
01/11/2006,ASG,AR,ASW,CE,Federal Contract Tower,0,8,24,0,32,0,4,59,0,63,0,12,83,0,95,24,0,24,119
01/12/2006,ASG,AR,ASW,CE,Federal Contract Tower,0,10,18,0,28,0,6,52,0,58,0,16,70,0,86,48,0,48,134
01/13/2006,ASG,AR,ASW,CE,Federal Contract Tower,0,9,17,0,26,0,11,25,0,36,0,20,42,0,62,38,0,38,100
01/14/2006,ASG,AR,ASW,CE,Federal Contract Tower,0,0,12,0,12,0,0,71,0,71,0,0,83,0,83,80,0,80,163
01/15/2006,ASG,AR,ASW,CE,Federal Contract Tower,0,1,8,0,9,0,1,19,0,20,0,2,27,0,29,0,0,0,29
01/16/2006,ASG,AR,ASW,CE,Federal Contract Tower,0,3,14,0,17,0,3,41,0,44,0,6,55,0,61,40,0,40,101
01/17/2006,ASG,AR,ASW,CE,Federal Contract Tower,0,9,14,0,23,0,9,29,0,38,0,18,43,0,61,10,0,10,71
01/18/2006,ASG,AR,ASW,CE,Federal Contract Tower,0,10,27,0,37,0,12,99,0,111,0,22,126,0,148,100,0,100,248
01/19/2006,ASG,AR,ASW,CE,Federal Contract Tower,0,5,19,0,24,0,3,49,0,52,0,8,68,0,76,40,0,40,116
01/20/2006,ASG,AR,ASW,CE,Federal Contract Tower,0,8,25,0,33,0,10,33,0,43,0,18,58,0,76,58,0,58,134
01/21/2006,ASG,AR,ASW,CE,Federal Contract Tower,0,2,17,0,19,0,0,89,0,89,0,2,106,0,108,84,0,84,192
01/22/2006,ASG,AR,ASW,CE,Federal Contract Tower,0,2,4,0,6,0,0,26,0,26,0,2,30,0,32,4,0,4,36
01/23/2006,ASG,AR,ASW,CE,Federal Contract Tower,0,8,24,0,32,0,3,30,0,33,0,11,54,0,65,58,0,58,123
01/24/2006,ASG,AR,ASW,CE,Federal Contract Tower,0,5,24,0,29,0,19,80,0,99,0,24,104,0,128,154,0,154,282
01/25/2006,ASG,AR,ASW,CE,Federal Contract Tower,0,8,31,0,39,0,12,109,0,121,0,20,140,0,160,80,0,80,240
01/26/2006,ASG,AR,ASW,CE,Federal Contract Tower,0,7,24,0,31,0,7,76,0,83,0,14,100,0,114,72,0,72,186
01/27/2006,ASG,AR,ASW,CE,Federal Contract Tower,0,9,27,0,36,0,3,49,0,52,0,12,76,0,88,68,0,68,156
01/28/2006,ASG,AR,ASW,CE,Federal Contract Tower,0,1,5,0,6,0,0,5,0,5,0,1,10,0,11,0,0,0,11
01/29/2006,ASG,AR,ASW,CE,Federal Contract Tower,0,3,14,0,17,0,4,62,0,66,0,7,76,0,83,40,0,40,123
01/30/2006,ASG,AR,ASW,CE,Federal Contract Tower,0,5,14,0,19,0,15,74,0,89,0,20,88,0,108,74,0,74,182
01/31/2006,ASG,AR,ASW,CE,Federal Contract Tower,0,8,28,0,36,0,8,70,0,78,0,16,98,0,114,132,0,132,246
02/01/2006,ASG,AR,ASW,CE,Federal Contract Tower,0,8,28,0,36,0,7,67,0,74,0,15,95,0,110,138,0,138,248
02/02/2006,ASG,AR,ASW,CE,Federal Contract Tower,0,7,28,0,35,0,1,50,0,51,0,8,78,0,86,72,0,72,158
02/03/2006,ASG,AR,ASW,CE,Federal Contract Tower,0,7,27,0,34,0,6,47,0,53,0,13,74,0,87,72,0,72,159
02/04/2006,ASG,AR,ASW,CE,Federal Contract Tower,0,0,15,0,15,0,3,27,0,30,0,3,42,0,45,12,0,12,57
02/05/2006,ASG,AR,ASW,CE,Federal Contract Tower,0,2,10,0,12,0,8,49,0,57,0,10,59,0,69,52,0,52,121
02/06/2006,ASG,AR,ASW,CE,Federal Contract Tower,0,8,17,0,25,0,14,61,0,75,0,22,78,0,100,114,0,114,214
02/07/2006,ASG,AR,ASW,CE,Federal Contract Tower,0,10,27,0,37,0,5,46,0,51,0,15,73,0,88,112,0,112,200
02/08/2006,ASG,AR,ASW,CE,Federal Contract Tower,0,12,25,0,37,0,7,56,0,63,0,19,81,0,100,48,0,48,148
02/09/2006,ASG,AR,ASW,CE,Federal Contract Tower,0,14,19,0,33,0,5,65,0,70,0,19,84,0,103,44,0,44,147
02/10/2006,ASG,AR,ASW,CE,Federal Contract Tower,0,13,20,0,33,0,6,38,0,44,0,19,58,0,77,16,0,16,93
02/11/2006,ASG,AR,ASW,CE,Federal Contract Tower,0,0,11,0,11,0,4,8,0,12,0,4,19,0,23,0,0,0,23
02/12/2006,ASG,AR,ASW,CE,Federal Contract Tower,0,4,13,0,17,0,3,32,2,37,0,7,45,2,54,0,0,0,54
02/13/2006,ASG,AR,ASW,CE,Federal Contract Tower,0,8,12,0,20,0,7,52,0,59,0,15,64,0,79,72,0,72,151
02/14/2006,ASG,AR,ASW,CE,Federal Contract Tower,0,11,20,0,31,0,9,64,0,73,0,20,84,0,104,78,0,78,182
02/15/2006,ASG,AR,ASW,CE,Federal Contract Tower,0,7,30,0,37,0,4,34,0,38,0,11,64,0,75,16,0,16,91
02/16/2006,ASG,AR,ASW,CE,Federal Contract Tower,0,7,21,0,28,0,3,5,0,8,0,10,26,0,36,0,0,0,36
02/17/2006,ASG,AR,ASW,CE,Federal Contract Tower,0,9,20,0,29,0,7,40,0,47,0,16,60,0,76,74,0,74,150
02/18/2006,ASG,AR,ASW,CE,Federal Contract Tower,0,0,1,0,1,0,3,2,0,5,0,3,3,0,6,6,0,6,12
02/19/2006,ASG,AR,ASW,CE,Federal Contract Tower,0,0,4,0,4,0,1,0,0,1,0,1,4,0,5,0,0,0,5
02/20/2006,ASG,AR,ASW,CE,Federal Contract Tower,0,3,0,0,3,0,0,15,0,15,0,3,15,0,18,0,0,0,18
02/21/2006,ASG,AR,ASW,CE,Federal Contract Tower,0,5,26,0,31,0,7,44,0,51,0,12,70,0,82,46,0,46,128
02/22/2006,ASG,AR,ASW,CE,Federal Contract Tower,0,9,43,0,52,0,2,31,0,33,0,11,74,0,85,24,0,24,109
02/23/2006,ASG,AR,ASW,CE,Federal Contract Tower,0,10,32,0,42,0,4,74,0,78,0,14,106,0,120,86,0,86,206
02/24/2006,ASG,AR,ASW,CE,Federal Contract Tower,0,10,20,0,30,0,6,54,0,60,0,16,74,0,90,78,0,78,168
02/25/2006,ASG,AR,ASW,CE,Federal Contract Tower,0,1,15,0,16,0,4,40,0,44,0,5,55,0,60,48,0,48,108
02/26/2006,ASG,AR,ASW,CE,Federal Contract Tower,0,2,24,0,26,0,4,52,0,56,0,6,76,0,82,50,0,50,132
02/27/2006,ASG,AR,ASW,CE,Federal Contract Tower,0,14,16,0,30,0,0,44,0,44,0,14,60,0,74,28,0,28,102
02/28/2006,ASG,AR,ASW,CE,Federal Contract Tower,0,6,23,0,29,0,8,66,0,74,0,14,89,0,103,118,0,118,221
03/01/2006,ASG,AR,ASW,CE,Federal Contract Tower,0,8,27,0,35,0,10,61,0,71,0,18,88,0,106,78,0,78,184
03/02/2006,ASG,AR,ASW,CE,Federal Contract Tower,0,8,28,0,36,0,10,46,0,56,0,18,74,0,92,66,0,66,158
03/03/2006,ASG,AR,ASW,CE,Federal Contract Tower,0,12,22,0,34,0,2,75,0,77,0,14,97,0,111,92,0,92,203
03/04/2006,ASG,AR,ASW,CE,Federal Contract Tower,0,0,10,0,10,0,6,49,0,55,0,6,59,0,65,88,0,88,153
03/05/2006,ASG,AR,ASW,CE,Federal Contract Tower,0,0,20,0,20,0,0,30,0,30,0,0,50,0,50,48,0,48,98
03/06/2006,ASG,AR,ASW,CE,Federal Contract Tower,0,4,21,0,25,0,12,59,0,71,0,16,80,0,96,88,0,88,184
03/07/2006,ASG,AR,ASW,CE,Federal Contract Tower,0,9,17,0,26,0,11,49,0,60,0,20,66,0,86,102,0,102,188
03/08/2006,ASG,AR,ASW,CE,Federal Contract Tower,0,10,16,0,26,0,10,34,0,44,0,20,50,0,70,62,0,62,132
03/09/2006,ASG,AR,ASW,CE,Federal Contract Tower,0,10,10,0,20,0,4,9,0,13,0,14,19,0,33,2,0,2,35
03/10/2006,ASG,AR,ASW,CE,Federal Contract Tower,0,7,23,0,30,0,3,46,0,49,0,10,69,0,79,42,0,42,121
03/11/2006,ASG,AR,ASW,CE,Federal Contract Tower,0,0,11,0,11,0,2,19,0,21,0,2,30,0,32,12,0,12,44
03/12/2006,ASG,AR,ASW,CE,Federal Contract Tower,0,0,15,0,15,0,12,12,0,24,0,12,27,0,39,18,0,18,57
03/13/2006,ASG,AR,ASW,CE,Federal Contract Tower,0,11,16,0,27,0,11,50,0,61,0,22,66,0,88,64,0,64,152
03/14/2006,ASG,AR,ASW,CE,Federal Contract Tower,0,6,11,2,19,0,6,55,0,61,0,12,66,2,80,112,0,112,192
03/15/2006,ASG,AR,ASW,CE,Federal Contract Tower,0,9,29,0,38,0,2,60,100,162,0,11,89,100,200,122,0,122,322
03/16/2006,ASG,AR,ASW,CE,Federal Contract Tower,0,10,24,0,34,0,0,29,0,29,0,10,53,0,63,20,0,20,83
03/17/2006,ASG,AR,ASW,CE,Federal Contract Tower,0,10,29,0,39,0,4,65,0,69,0,14,94,0,108,28,0,28,136
03/18/2006,ASG,AR,ASW,CE,Federal Contract Tower,0,5,9,0,14,0,2,13,0,15,0,7,22,0,29,0,0,0,29
03/19/2006,ASG,AR,ASW,CE,Federal Contract Tower,0,3,2,0,5,0,2,11,0,13,0,5,13,0,18,0,0,0,18
03/20/2006,ASG,AR,ASW,CE,Federal Contract Tower,0,2,4,0,6,0,1,0,0,1,0,3,4,0,7,0,0,0,7
03/21/2006,ASG,AR,ASW,CE,Federal Contract Tower,0,8,19,0,27,0,1,5,0,6,0,9,24,0,33,30,0,30,63
03/22/2006,ASG,AR,ASW,CE,Federal Contract Tower,0,8,16,0,24,0,4,29,0,33,0,12,45,0,57,74,0,74,131
03/23/2006,ASG,AR,ASW,CE,Federal Contract Tower,0,12,22,0,34,0,3,11,0,14,0,15,33,0,48,0,0,0,48
03/24/2006,ASG,AR,ASW,CE,Federal Contract Tower,0,8,17,0,25,0,9,61,0,70,0,17,78,0,95,96,0,96,191
03/25/2006,ASG,AR,ASW,CE,Federal Contract Tower,0,4,8,0,12,0,8,101,0,109,0,12,109,0,121,66,0,66,187
03/26/2006,ASG,AR,ASW,CE,Federal Contract Tower,0,4,10,0,14,0,4,44,0,48,0,8,54,0,62,38,0,38,100
03/27/2006,ASG,AR,ASW,CE,Federal Contract Tower,0,11,20,0,31,0,2,25,0,27,0,13,45,0,58,46,0,46,104
03/28/2006,ASG,AR,ASW,CE,Federal Contract Tower,0,8,18,0,26,0,6,63,0,69,0,14,81,0,95,134,0,134,229
03/29/2006,ASG,AR,ASW,CE,Federal Contract Tower,0,7,25,0,32,0,10,48,0,58,0,17,73,0,90,72,0,72,162
03/30/2006,ASG,AR,ASW,CE,Federal Contract Tower,0,11,22,0,33,0,2,23,0,25,0,13,45,0,58,6,0,6,64
03/31/2006,ASG,AR,ASW,CE,Federal Contract Tower,0,6,17,0,23,0,8,55,0,63,0,14,72,0,86,120,0,120,206
04/01/2006,ASG,AR,ASW,CE,Federal Contract Tower,0,1,13,0,14,0,8,43,0,51,0,9,56,0,65,40,0,40,105
04/02/2006,ASG,AR,ASW,CE,Federal Contract Tower,0,1,13,0,14,0,2,12,0,14,0,3,25,0,28,0,0,0,28
04/03/2006,ASG,AR,ASW,CE,Federal Contract Tower,0,8,24,0,32,0,7,48,0,55,0,15,72,0,87,142,0,142,229
04/04/2006,ASG,AR,ASW,CE,Federal Contract Tower,0,6,20,0,26,0,5,69,0,74,0,11,89,0,100,78,0,78,178
04/05/2006,ASG,AR,ASW,CE,Federal Contract Tower,0,10,12,0,22,0,3,21,0,24,0,13,33,0,46,24,0,24,70
04/06/2006,ASG,AR,ASW,CE,Federal Contract Tower,0,13,5,0,18,0,0,30,0,30,0,13,35,0,48,26,0,26,74
04/07/2006,ASG,AR,ASW,CE,Federal Contract Tower,0,9,23,0,32,0,11,37,0,48,0,20,60,0,80,70,0,70,150
04/08/2006,ASG,AR,ASW,CE,Federal Contract Tower,0,6,0,0,6,0,0,44,0,44,0,6,44,0,50,58,0,58,108
04/09/2006,ASG,AR,ASW,CE,Federal Contract Tower,0,2,14,0,16,0,1,83,0,84,0,3,97,0,100,96,0,96,196
04/10/2006,ASG,AR,ASW,CE,Federal Contract Tower,0,7,16,0,23,0,9,34,0,43,0,16,50,0,66,128,0,128,194
04/11/2006,ASG,AR,ASW,CE,Federal Contract Tower,0,7,12,0,19,0,8,35,0,43,0,15,47,0,62,40,0,40,102
04/12/2006,ASG,AR,ASW,CE,Federal Contract Tower,0,5,25,0,30,0,11,77,0,88,0,16,102,0,118,98,0,98,216
04/13/2006,ASG,AR,ASW,CE,Federal Contract Tower,0,7,35,0,42,0,8,61,0,69,0,15,96,0,111,54,0,54,165
04/14/2006,ASG,AR,ASW,CE,Federal Contract Tower,0,5,23,0,28,0,9,27,0,36,0,14,50,0,64,12,0,12,76
04/15/2006,ASG,AR,ASW,CE,Federal Contract Tower,0,0,17,0,17,0,7,28,0,35,0,7,45,0,52,18,0,18,70
04/16/2006,ASG,AR,ASW,CE,Federal Contract Tower,0,3,16,0,19,0,5,28,0,33,0,8,44,0,52,0,0,0,52
04/17/2006,ASG,AR,ASW,CE,Federal Contract Tower,0,4,23,0,27,0,13,58,0,71,0,17,81,0,98,62,0,62,160
04/18/2006,ASG,AR,ASW,CE,Federal Contract Tower,0,9,25,0,34,0,5,33,0,38,0,14,58,0,72,74,0,74,146
04/19/2006,ASG,AR,ASW,CE,Federal Contract Tower,0,8,38,0,46,0,8,70,0,78,0,16,108,0,124,80,0,80,204
04/20/2006,ASG,AR,ASW,CE,Federal Contract Tower,0,7,11,0,18,0,6,37,0,43,0,13,48,0,61,38,0,38,99
04/21/2006,ASG,AR,ASW,CE,Federal Contract Tower,0,5,23,0,28,0,6,34,0,40,0,11,57,0,68,26,0,26,94
04/22/2006,ASG,AR,ASW,CE,Federal Contract Tower,0,4,8,0,12,0,9,65,0,74,0,13,73,0,86,54,0,54,140
04/23/2006,ASG,AR,ASW,CE,Federal Contract Tower,0,4,14,0,18,0,6,24,0,30,0,10,38,0,48,12,0,12,60
04/24/2006,ASG,AR,ASW,CE,Federal Contract Tower,0,8,22,0,30,0,2,25,0,27,0,10,47,0,57,18,0,18,75
04/25/2006,ASG,AR,ASW,CE,Federal Contract Tower,0,8,25,0,33,0,0,6,0,6,0,8,31,0,39,0,0,0,39
04/26/2006,ASG,AR,ASW,CE,Federal Contract Tower,0,14,0,0,14,0,0,0,69,69,0,14,0,69,83,0,0,0,83
04/27/2006,ASG,AR,ASW,CE,Federal Contract Tower,0,10,32,0,42,0,2,60,0,62,0,12,92,0,104,52,0,52,156
04/28/2006,ASG,AR,ASW,CE,Federal Contract Tower,0,10,22,0,32,0,3,14,0,17,0,13,36,0,49,0,0,0,49
04/29/2006,ASG,AR,ASW,CE,Federal Contract Tower,0,3,7,0,10,0,6,6,0,12,0,9,13,0,22,4,0,4,26
04/30/2006,ASG,AR,ASW,CE,Federal Contract Tower,0,5,6,0,11,0,7,35,0,42,0,12,41,0,53,58,0,58,111
05/01/2006,ASG,AR,ASW,CE,Federal Contract Tower,0,5,25,0,30,0,16,47,0,63,0,21,72,0,93,72,0,72,165
05/02/2006,ASG,AR,ASW,CE,Federal Contract Tower,0,10,22,0,32,0,6,39,0,45,0,16,61,0,77,74,0,74,151
05/03/2006,ASG,AR,ASW,CE,Federal Contract Tower,0,12,29,0,41,0,3,38,0,41,0,15,67,0,82,56,0,56,138
05/04/2006,ASG,AR,ASW,CE,Federal Contract Tower,0,9,17,0,26,0,0,2,0,2,0,9,19,0,28,0,0,0,28
05/05/2006,ASG,AR,ASW,CE,Federal Contract Tower,0,8,28,0,36,0,5,49,0,54,0,13,77,0,90,42,0,42,132
05/06/2006,ASG,AR,ASW,CE,Federal Contract Tower,0,0,9,0,9,0,0,5,0,5,0,0,14,0,14,0,0,0,14
05/07/2006,ASG,AR,ASW,CE,Federal Contract Tower,0,1,17,0,18,0,7,13,0,20,0,8,30,0,38,10,0,10,48
05/08/2006,ASG,AR,ASW,CE,Federal Contract Tower,0,5,23,0,28,0,2,32,0,34,0,7,55,0,62,54,0,54,116
05/09/2006,ASG,AR,ASW,CE,Federal Contract Tower,0,5,18,0,23,0,8,21,0,29,0,13,39,0,52,14,0,14,66
05/10/2006,ASG,AR,ASW,CE,Federal Contract Tower,0,15,10,0,25,0,0,9,0,9,0,15,19,0,34,10,0,10,44
05/11/2006,ASG,AR,ASW,CE,Federal Contract Tower,0,14,27,0,41,0,8,25,0,33,0,22,52,0,74,0,0,0,74
05/12/2006,ASG,AR,ASW,CE,Federal Contract Tower,0,5,24,0,29,0,13,46,0,59,0,18,70,0,88,74,0,74,162
05/13/2006,ASG,AR,ASW,CE,Federal Contract Tower,0,0,14,0,14,0,8,64,0,72,0,8,78,0,86,54,0,54,140
05/14/2006,ASG,AR,ASW,CE,Federal Contract Tower,0,2,10,0,12,0,8,25,0,33,0,10,35,0,45,46,0,46,91
05/15/2006,ASG,AR,ASW,CE,Federal Contract Tower,0,5,31,0,36,0,7,31,0,38,0,12,62,0,74,72,0,72,146
05/16/2006,ASG,AR,ASW,CE,Federal Contract Tower,0,6,31,0,37,0,12,32,0,44,0,18,63,0,81,18,0,18,99
05/17/2006,ASG,AR,ASW,CE,Federal Contract Tower,0,7,25,0,32,0,6,30,0,36,0,13,55,0,68,44,0,44,112
05/18/2006,ASG,AR,ASW,CE,Federal Contract Tower,0,6,26,0,32,0,12,79,0,91,0,18,105,0,123,112,0,112,235
05/19/2006,ASG,AR,ASW,CE,Federal Contract Tower,0,2,25,0,27,0,16,63,0,79,0,18,88,0,106,96,0,96,202
05/20/2006,ASG,AR,ASW,CE,Federal Contract Tower,0,7,14,0,21,0,3,40,0,43,0,10,54,0,64,78,0,78,142
05/21/2006,ASG,AR,ASW,CE,Federal Contract Tower,0,1,10,0,11,0,8,51,0,59,0,9,61,0,70,60,0,60,130
05/22/2006,ASG,AR,ASW,CE,Federal Contract Tower,0,12,26,0,38,0,8,38,0,46,0,20,64,0,84,52,0,52,136
05/23/2006,ASG,AR,ASW,CE,Federal Contract Tower,0,4,21,0,25,0,6,34,0,40,0,10,55,0,65,22,0,22,87
05/24/2006,ASG,AR,ASW,CE,Federal Contract Tower,0,8,23,0,31,0,18,51,0,69,0,26,74,0,100,88,0,88,188
05/25/2006,ASG,AR,ASW,CE,Federal Contract Tower,0,4,25,0,29,0,8,53,0,61,0,12,78,0,90,38,0,38,128
05/26/2006,ASG,AR,ASW,CE,Federal Contract Tower,0,8,29,0,37,0,9,50,0,59,0,17,79,0,96,84,0,84,180
05/27/2006,ASG,AR,ASW,CE,Federal Contract Tower,0,2,16,0,18,0,8,41,0,49,0,10,57,0,67,50,0,50,117
05/28/2006,ASG,AR,ASW,CE,Federal Contract Tower,0,0,8,0,8,0,5,17,0,22,0,5,25,0,30,20,0,20,50
05/29/2006,ASG,AR,ASW,CE,Federal Contract Tower,0,3,7,0,10,0,5,48,0,53,0,8,55,0,63,22,0,22,85
05/30/2006,ASG,AR,ASW,CE,Federal Contract Tower,0,10,14,0,24,0,10,62,0,72,0,20,76,0,96,126,0,126,222
05/31/2006,ASG,AR,ASW,CE,Federal Contract Tower,0,11,20,0,31,0,18,57,0,75,0,29,77,0,106,136,0,136,242
06/01/2006,ASG,AR,ASW,CE,Federal Contract Tower,0,8,21,0,29,0,6,26,0,32,0,14,47,0,61,48,0,48,109
06/02/2006,ASG,AR,ASW,CE,Federal Contract Tower,0,6,25,0,31,0,6,39,0,45,0,12,64,0,76,80,0,80,156
06/03/2006,ASG,AR,ASW,CE,Federal Contract Tower,0,3,12,0,15,0,7,76,0,83,0,10,88,0,98,60,0,60,158
06/04/2006,ASG,AR,ASW,CE,Federal Contract Tower,0,4,10,0,14,0,4,39,0,43,0,8,49,0,57,26,0,26,83
06/05/2006,ASG,AR,ASW,CE,Federal Contract Tower,0,4,12,0,16,0,10,32,0,42,0,14,44,0,58,66,0,66,124
06/06/2006,ASG,AR,ASW,CE,Federal Contract Tower,0,5,18,0,23,0,9,28,0,37,0,14,46,0,60,24,0,24,84
06/07/2006,ASG,AR,ASW,CE,Federal Contract Tower,0,5,21,0,26,0,8,31,0,39,0,13,52,0,65,42,0,42,107
06/08/2006,ASG,AR,ASW,CE,Federal Contract Tower,0,7,18,0,25,0,4,45,0,49,0,11,63,0,74,82,0,82,156
06/09/2006,ASG,AR,ASW,CE,Federal Contract Tower,0,4,16,0,20,0,6,46,0,52,0,10,62,0,72,46,0,46,118
06/10/2006,ASG,AR,ASW,CE,Federal Contract Tower,0,0,4,0,4,0,6,39,0,45,0,6,43,0,49,18,0,18,67
06/11/2006,ASG,AR,ASW,CE,Federal Contract Tower,0,3,9,0,12,0,8,38,0,46,0,11,47,0,58,6,0,6,64
06/12/2006,ASG,AR,ASW,CE,Federal Contract Tower,0,9,22,0,31,0,3,21,0,24,0,12,43,0,55,30,0,30,85
06/13/2006,ASG,AR,ASW,CE,Federal Contract Tower,0,8,26,0,34,0,7,49,0,56,0,15,75,0,90,68,0,68,158
06/14/2006,ASG,AR,ASW,CE,Federal Contract Tower,0,6,24,0,30,0,11,59,0,70,0,17,83,0,100,92,0,92,192
06/15/2006,ASG,AR,ASW,CE,Federal Contract Tower,0,8,23,0,31,0,7,51,0,58,0,15,74,0,89,58,0,58,147
06/16/2006,ASG,AR,ASW,CE,Federal Contract Tower,0,6,37,0,43,0,12,32,0,44,0,18,69,0,87,10,0,10,97
06/17/2006,ASG,AR,ASW,CE,Federal Contract Tower,0,6,11,0,17,0,6,36,0,42,0,12,47,0,59,6,0,6,65
06/18/2006,ASG,AR,ASW,CE,Federal Contract Tower,0,0,14,0,14,0,0,60,0,60,0,0,74,0,74,70,0,70,144
06/19/2006,ASG,AR,ASW,CE,Federal Contract Tower,0,4,16,0,20,0,8,35,0,43,0,12,51,0,63,28,0,28,91
06/20/2006,ASG,AR,ASW,CE,Federal Contract Tower,0,8,15,0,23,0,8,50,0,58,0,16,65,0,81,44,0,44,125
06/21/2006,ASG,AR,ASW,CE,Federal Contract Tower,0,8,28,0,36,0,8,36,0,44,0,16,64,0,80,22,0,22,102
06/22/2006,ASG,AR,ASW,CE,Federal Contract Tower,0,11,22,0,33,0,5,27,0,32,0,16,49,0,65,10,0,10,75
06/23/2006,ASG,AR,ASW,CE,Federal Contract Tower,0,10,23,0,33,0,11,56,0,67,0,21,79,0,100,88,0,88,188
06/24/2006,ASG,AR,ASW,CE,Federal Contract Tower,0,4,8,0,12,0,7,54,0,61,0,11,62,0,73,76,0,76,149
06/25/2006,ASG,AR,ASW,CE,Federal Contract Tower,0,6,17,0,23,0,4,52,0,56,0,10,69,0,79,54,0,54,133
06/26/2006,ASG,AR,ASW,CE,Federal Contract Tower,0,6,20,0,26,0,6,47,0,53,0,12,67,0,79,52,0,52,131
06/27/2006,ASG,AR,ASW,CE,Federal Contract Tower,0,4,22,0,26,0,11,48,0,59,0,15,70,0,85,30,0,30,115
06/28/2006,ASG,AR,ASW,CE,Federal Contract Tower,0,6,20,0,26,0,7,48,0,55,0,13,68,0,81,6,0,6,87
06/29/2006,ASG,AR,ASW,CE,Federal Contract Tower,0,5,34,0,39,0,17,65,0,82,0,22,99,0,121,48,0,48,169
06/30/2006,ASG,AR,ASW,CE,Federal Contract Tower,0,9,27,0,36,0,13,68,0,81,0,22,95,0,117,54,0,54,171
07/01/2006,ASG,AR,ASW,CE,Federal Contract Tower,0,4,13,0,17,0,6,43,0,49,0,10,56,0,66,72,0,72,138
07/02/2006,ASG,AR,ASW,CE,Federal Contract Tower,0,1,6,0,7,0,4,28,0,32,0,5,34,0,39,14,0,14,53
07/03/2006,ASG,AR,ASW,CE,Federal Contract Tower,0,7,10,0,17,0,6,28,0,34,0,13,38,0,51,0,0,0,51
07/04/2006,ASG,AR,ASW,CE,Federal Contract Tower,0,1,7,0,8,0,4,26,0,30,0,5,33,0,38,28,0,28,66
07/05/2006,ASG,AR,ASW,CE,Federal Contract Tower,0,5,22,0,27,0,11,64,0,75,0,16,86,0,102,98,0,98,200
07/06/2006,ASG,AR,ASW,CE,Federal Contract Tower,0,7,10,2,19,0,16,86,0,102,0,23,96,2,121,126,8,134,255
07/07/2006,ASG,AR,ASW,CE,Federal Contract Tower,0,9,15,0,24,0,6,48,0,54,0,15,63,0,78,48,0,48,126
07/08/2006,ASG,AR,ASW,CE,Federal Contract Tower,0,0,6,0,6,0,4,56,0,60,0,4,62,0,66,46,0,46,112
07/09/2006,ASG,AR,ASW,CE,Federal Contract Tower,0,5,11,0,16,0,2,39,0,41,0,7,50,0,57,30,0,30,87
07/10/2006,ASG,AR,ASW,CE,Federal Contract Tower,0,4,12,0,16,0,10,27,0,37,0,14,39,0,53,24,0,24,77
07/11/2006,ASG,AR,ASW,CE,Federal Contract Tower,0,10,24,0,34,0,11,53,0,64,0,21,77,0,98,76,0,76,174
07/12/2006,ASG,AR,ASW,CE,Federal Contract Tower,0,5,21,0,26,0,9,51,0,60,0,14,72,0,86,92,0,92,178
07/13/2006,ASG,AR,ASW,CE,Federal Contract Tower,0,8,17,0,25,0,10,25,0,35,0,18,42,0,60,30,0,30,90
07/14/2006,ASG,AR,ASW,CE,Federal Contract Tower,0,11,17,0,28,0,7,39,0,46,0,18,56,0,74,38,0,38,112
07/15/2006,ASG,AR,ASW,CE,Federal Contract Tower,0,5,11,0,16,0,5,90,0,95,0,10,101,0,111,244,0,244,355
07/16/2006,ASG,AR,ASW,CE,Federal Contract Tower,0,0,12,0,12,0,4,43,0,47,0,4,55,0,59,16,0,16,75
07/17/2006,ASG,AR,ASW,CE,Federal Contract Tower,0,7,19,0,26,0,10,54,0,64,0,17,73,0,90,72,0,72,162
07/18/2006,ASG,AR,ASW,CE,Federal Contract Tower,0,5,12,0,17,0,14,68,0,82,0,19,80,0,99,74,0,74,173
07/19/2006,ASG,AR,ASW,CE,Federal Contract Tower,0,6,26,0,32,0,4,28,0,32,0,10,54,0,64,40,0,40,104
07/20/2006,ASG,AR,ASW,CE,Federal Contract Tower,0,8,20,0,28,0,5,31,0,36,0,13,51,0,64,20,0,20,84
07/21/2006,ASG,AR,ASW,CE,Federal Contract Tower,0,7,12,2,21,0,6,28,4,38,0,13,40,6,59,30,0,30,89
07/22/2006,ASG,AR,ASW,CE,Federal Contract Tower,0,0,9,0,9,0,4,44,0,48,0,4,53,0,57,60,0,60,117
07/23/2006,ASG,AR,ASW,CE,Federal Contract Tower,0,4,10,0,14,0,8,63,0,71,0,12,73,0,85,52,0,52,137
07/24/2006,ASG,AR,ASW,CE,Federal Contract Tower,0,10,17,0,27,0,8,58,0,66,0,18,75,0,93,86,0,86,179
07/25/2006,ASG,AR,ASW,CE,Federal Contract Tower,0,5,9,0,14,0,8,57,0,65,0,13,66,0,79,56,0,56,135
07/26/2006,ASG,AR,ASW,CE,Federal Contract Tower,0,10,21,0,31,0,8,37,0,45,0,18,58,0,76,50,0,50,126
07/27/2006,ASG,AR,ASW,CE,Federal Contract Tower,0,17,28,0,45,0,0,27,0,27,0,17,55,0,72,22,0,22,94
07/28/2006,ASG,AR,ASW,CE,Federal Contract Tower,0,8,17,0,25,0,4,31,0,35,0,12,48,0,60,6,0,6,66
07/29/2006,ASG,AR,ASW,CE,Federal Contract Tower,0,2,10,0,12,0,9,65,0,74,0,11,75,0,86,54,0,54,140
07/30/2006,ASG,AR,ASW,CE,Federal Contract Tower,0,5,14,0,19,0,13,62,0,75,0,18,76,0,94,64,0,64,158
07/31/2006,ASG,AR,ASW,CE,Federal Contract Tower,0,10,15,0,25,0,2,19,0,21,0,12,34,0,46,18,0,18,64
08/01/2006,ASG,AR,ASW,CE,Federal Contract Tower,0,8,19,0,27,0,8,39,0,47,0,16,58,0,74,68,0,68,142
08/02/2006,ASG,AR,ASW,CE,Federal Contract Tower,0,10,22,0,32,0,10,31,0,41,0,20,53,0,73,46,0,46,119
08/03/2006,ASG,AR,ASW,CE,Federal Contract Tower,0,11,31,0,42,0,3,28,0,31,0,14,59,0,73,70,0,70,143
08/04/2006,ASG,AR,ASW,CE,Federal Contract Tower,0,10,27,0,37,0,12,59,0,71,0,22,86,0,108,78,0,78,186
08/05/2006,ASG,AR,ASW,CE,Federal Contract Tower,0,0,5,0,5,0,9,51,0,60,0,9,56,0,65,62,0,62,127
08/06/2006,ASG,AR,ASW,CE,Federal Contract Tower,0,7,5,0,12,0,3,12,0,15,0,10,17,0,27,10,0,10,37
08/07/2006,ASG,AR,ASW,CE,Federal Contract Tower,0,11,12,0,23,0,13,44,0,57,0,24,56,0,80,74,0,74,154
08/08/2006,ASG,AR,ASW,CE,Federal Contract Tower,0,13,19,0,32,0,9,56,0,65,0,22,75,0,97,32,0,32,129
08/09/2006,ASG,AR,ASW,CE,Federal Contract Tower,0,11,30,0,41,0,9,45,0,54,0,20,75,0,95,28,0,28,123
08/10/2006,ASG,AR,ASW,CE,Federal Contract Tower,0,9,17,0,26,0,9,51,0,60,0,18,68,0,86,48,0,48,134
08/11/2006,ASG,AR,ASW,CE,Federal Contract Tower,0,8,19,0,27,0,15,45,0,60,0,23,64,0,87,118,0,118,205
08/12/2006,ASG,AR,ASW,CE,Federal Contract Tower,0,0,6,0,6,0,8,36,0,44,0,8,42,0,50,32,0,32,82
08/13/2006,ASG,AR,ASW,CE,Federal Contract Tower,0,1,8,0,9,0,4,28,0,32,0,5,36,0,41,24,0,24,65
08/14/2006,ASG,AR,ASW,CE,Federal Contract Tower,0,5,18,0,23,0,6,40,0,46,0,11,58,0,69,32,0,32,101
08/15/2006,ASG,AR,ASW,CE,Federal Contract Tower,0,7,22,0,29,0,6,34,0,40,0,13,56,0,69,58,0,58,127
08/16/2006,ASG,AR,ASW,CE,Federal Contract Tower,0,7,16,0,23,0,12,57,0,69,0,19,73,0,92,104,0,104,196
08/17/2006,ASG,AR,ASW,CE,Federal Contract Tower,0,8,13,0,21,0,12,54,0,66,0,20,67,0,87,102,0,102,189
08/18/2006,ASG,AR,ASW,CE,Federal Contract Tower,0,7,13,0,20,0,12,36,0,48,0,19,49,0,68,40,0,40,108
08/19/2006,ASG,AR,ASW,CE,Federal Contract Tower,0,1,8,0,9,0,2,43,0,45,0,3,51,0,54,60,0,60,114
08/20/2006,ASG,AR,ASW,CE,Federal Contract Tower,0,1,16,0,17,0,9,22,0,31,0,10,38,0,48,44,0,44,92
08/21/2006,ASG,AR,ASW,CE,Federal Contract Tower,0,12,12,0,24,0,2,26,0,28,0,14,38,0,52,44,0,44,96
08/22/2006,ASG,AR,ASW,CE,Federal Contract Tower,0,11,25,0,36,0,10,50,0,60,0,21,75,0,96,88,0,88,184
08/23/2006,ASG,AR,ASW,CE,Federal Contract Tower,0,9,19,0,28,0,10,37,0,47,0,19,56,0,75,92,0,92,167
08/24/2006,ASG,AR,ASW,CE,Federal Contract Tower,0,7,19,0,26,0,4,47,0,51,0,11,66,0,77,18,0,18,95
08/25/2006,ASG,AR,ASW,CE,Federal Contract Tower,0,5,22,0,27,0,6,37,0,43,0,11,59,0,70,22,0,22,92
08/26/2006,ASG,AR,ASW,CE,Federal Contract Tower,0,3,6,0,9,0,1,26,0,27,0,4,32,0,36,4,0,4,40
08/27/2006,ASG,AR,ASW,CE,Federal Contract Tower,0,0,9,0,9,0,2,12,0,14,0,2,21,0,23,26,0,26,49
08/28/2006,ASG,AR,ASW,CE,Federal Contract Tower,0,9,22,0,31,0,8,36,0,44,0,17,58,0,75,90,0,90,165
08/29/2006,ASG,AR,ASW,CE,Federal Contract Tower,0,9,24,0,33,0,6,38,0,44,0,15,62,0,77,86,0,86,163
08/30/2006,ASG,AR,ASW,CE,Federal Contract Tower,0,6,13,0,19,0,8,43,0,51,0,14,56,0,70,42,0,42,112
08/31/2006,ASG,AR,ASW,CE,Federal Contract Tower,0,12,28,0,40,0,2,55,0,57,0,14,83,0,97,72,0,72,169
09/01/2006,ASG,AR,ASW,CE,Federal Contract Tower,0,6,30,0,36,0,12,55,0,67,0,18,85,0,103,32,0,32,135
09/02/2006,ASG,AR,ASW,CE,Federal Contract Tower,0,1,23,0,24,0,4,18,0,22,0,5,41,0,46,8,0,8,54
09/03/2006,ASG,AR,ASW,CE,Federal Contract Tower,0,1,12,0,13,0,2,37,0,39,0,3,49,0,52,32,0,32,84
09/04/2006,ASG,AR,ASW,CE,Federal Contract Tower,0,0,11,0,11,0,6,11,0,17,0,6,22,0,28,6,0,6,34
09/05/2006,ASG,AR,ASW,CE,Federal Contract Tower,0,9,24,0,33,0,5,33,0,38,0,14,57,0,71,56,0,56,127
09/06/2006,ASG,AR,ASW,CE,Federal Contract Tower,0,9,19,0,28,0,6,58,0,64,0,15,77,0,92,110,0,110,202
09/07/2006,ASG,AR,ASW,CE,Federal Contract Tower,0,6,19,0,25,0,5,48,0,53,0,11,67,0,78,8,0,8,86
09/08/2006,ASG,AR,ASW,CE,Federal Contract Tower,0,14,30,0,44,0,8,46,0,54,0,22,76,0,98,18,0,18,116
09/09/2006,ASG,AR,ASW,CE,Federal Contract Tower,0,2,22,0,24,0,2,44,0,46,0,4,66,0,70,0,0,0,70
09/10/2006,ASG,AR,ASW,CE,Federal Contract Tower,0,3,7,0,10,0,1,35,2,38,0,4,42,2,48,4,0,4,52
09/11/2006,ASG,AR,ASW,CE,Federal Contract Tower,0,7,15,0,22,0,7,6,0,13,0,14,21,0,35,10,0,10,45
09/12/2006,ASG,AR,ASW,CE,Federal Contract Tower,0,12,15,0,27,0,1,8,0,9,0,13,23,0,36,0,0,0,36
09/13/2006,ASG,AR,ASW,CE,Federal Contract Tower,0,7,24,0,31,0,8,47,0,55,0,15,71,0,86,104,0,104,190
09/14/2006,ASG,AR,ASW,CE,Federal Contract Tower,0,8,24,0,32,0,7,49,0,56,0,15,73,0,88,30,0,30,118
09/15/2006,ASG,AR,ASW,CE,Federal Contract Tower,0,9,21,0,30,0,5,59,0,64,0,14,80,0,94,90,0,90,184
09/16/2006,ASG,AR,ASW,CE,Federal Contract Tower,0,2,12,0,14,0,13,50,0,63,0,15,62,0,77,94,0,94,171
09/17/2006,ASG,AR,ASW,CE,Federal Contract Tower,0,0,8,0,8,0,0,3,0,3,0,0,11,0,11,4,0,4,15
09/18/2006,ASG,AR,ASW,CE,Federal Contract Tower,0,6,10,0,16,0,7,15,0,22,0,13,25,0,38,40,0,40,78
09/19/2006,ASG,AR,ASW,CE,Federal Contract Tower,0,9,20,0,29,0,3,34,0,37,0,12,54,0,66,30,0,30,96
09/20/2006,ASG,AR,ASW,CE,Federal Contract Tower,0,14,12,0,26,0,7,55,0,62,0,21,67,0,88,14,0,14,102
09/21/2006,ASG,AR,ASW,CE,Federal Contract Tower,0,6,22,0,28,0,4,38,0,42,0,10,60,0,70,22,0,22,92
09/22/2006,ASG,AR,ASW,CE,Federal Contract Tower,0,9,12,0,21,0,9,27,0,36,0,18,39,0,57,18,0,18,75
09/23/2006,ASG,AR,ASW,CE,Federal Contract Tower,0,0,16,0,16,0,0,21,0,21,0,0,37,0,37,6,0,6,43
09/24/2006,ASG,AR,ASW,CE,Federal Contract Tower,0,1,19,0,20,0,0,18,0,18,0,1,37,0,38,28,0,28,66
09/25/2006,ASG,AR,ASW,CE,Federal Contract Tower,0,4,17,0,21,0,6,54,0,60,0,10,71,0,81,60,0,60,141
09/26/2006,ASG,AR,ASW,CE,Federal Contract Tower,0,6,11,0,17,0,1,36,0,37,0,7,47,0,54,40,0,40,94
09/27/2006,ASG,AR,ASW,CE,Federal Contract Tower,0,11,20,0,31,0,9,49,0,58,0,20,69,0,89,42,0,42,131
09/28/2006,ASG,AR,ASW,CE,Federal Contract Tower,0,17,23,0,40,0,4,30,0,34,0,21,53,0,74,28,0,28,102
09/29/2006,ASG,AR,ASW,CE,Federal Contract Tower,0,8,12,0,20,0,12,34,0,46,0,20,46,0,66,30,0,30,96
09/30/2006,ASG,AR,ASW,CE,Federal Contract Tower,0,2,7,0,9,0,8,72,0,80,0,10,79,0,89,112,0,112,201
10/01/2006,ASG,AR,ASW,CE,Federal Contract Tower,0,2,15,0,17,0,5,48,0,53,0,7,63,0,70,24,0,24,94
10/02/2006,ASG,AR,ASW,CE,Federal Contract Tower,0,7,16,0,23,0,2,37,0,39,0,9,53,0,62,18,0,18,80
10/03/2006,ASG,AR,ASW,CE,Federal Contract Tower,0,8,14,0,22,0,5,48,0,53,0,13,62,0,75,18,0,18,93
10/04/2006,ASG,AR,ASW,CE,Federal Contract Tower,0,9,15,0,24,0,5,41,0,46,0,14,56,0,70,12,0,12,82
10/05/2006,ASG,AR,ASW,CE,Federal Contract Tower,0,10,25,0,35,0,7,36,0,43,0,17,61,0,78,16,0,16,94
10/06/2006,ASG,AR,ASW,CE,Federal Contract Tower,0,11,21,0,32,0,9,51,0,60,0,20,72,0,92,40,0,40,132
10/07/2006,ASG,AR,ASW,CE,Federal Contract Tower,0,1,16,0,17,0,5,50,0,55,0,6,66,0,72,62,0,62,134
10/08/2006,ASG,AR,ASW,CE,Federal Contract Tower,0,1,12,0,13,0,4,27,0,31,0,5,39,0,44,22,0,22,66
10/09/2006,ASG,AR,ASW,CE,Federal Contract Tower,0,4,12,0,16,0,9,55,0,64,0,13,67,0,80,20,0,20,100
10/10/2006,ASG,AR,ASW,CE,Federal Contract Tower,0,8,11,0,19,0,6,36,0,42,0,14,47,0,61,14,0,14,75
10/11/2006,ASG,AR,ASW,CE,Federal Contract Tower,0,19,17,0,36,0,4,30,0,34,0,23,47,0,70,32,0,32,102
10/12/2006,ASG,AR,ASW,CE,Federal Contract Tower,0,6,23,0,29,0,4,27,0,31,0,10,50,0,60,2,0,2,62
10/13/2006,ASG,AR,ASW,CE,Federal Contract Tower,0,6,19,0,25,0,5,58,0,63,0,11,77,0,88,26,0,26,114
10/14/2006,ASG,AR,ASW,CE,Federal Contract Tower,0,1,11,0,12,0,13,55,0,68,0,14,66,0,80,24,0,24,104
10/15/2006,ASG,AR,ASW,CE,Federal Contract Tower,0,2,14,0,16,0,2,1,0,3,0,4,15,0,19,0,0,0,19
10/16/2006,ASG,AR,ASW,CE,Federal Contract Tower,0,7,5,0,12,0,0,3,0,3,0,7,8,0,15,2,0,2,17
10/17/2006,ASG,AR,ASW,CE,Federal Contract Tower,0,6,9,0,15,0,9,34,0,43,0,15,43,0,58,60,0,60,118
10/18/2006,ASG,AR,ASW,CE,Federal Contract Tower,0,15,23,0,38,0,6,29,0,35,0,21,52,0,73,76,0,76,149
10/19/2006,ASG,AR,ASW,CE,Federal Contract Tower,0,10,31,0,41,0,4,29,0,33,0,14,60,0,74,34,0,34,108
10/20/2006,ASG,AR,ASW,CE,Federal Contract Tower,0,7,23,0,30,0,7,67,0,74,0,14,90,0,104,32,0,32,136
10/21/2006,ASG,AR,ASW,CE,Federal Contract Tower,0,4,36,0,40,0,5,59,0,64,0,9,95,0,104,16,0,16,120
10/22/2006,ASG,AR,ASW,CE,Federal Contract Tower,0,2,18,0,20,0,6,40,0,46,0,8,58,0,66,32,0,32,98
10/23/2006,ASG,AR,ASW,CE,Federal Contract Tower,0,5,16,0,21,0,7,28,0,35,0,12,44,0,56,66,0,66,122
10/24/2006,ASG,AR,ASW,CE,Federal Contract Tower,0,7,20,0,27,0,10,44,0,54,0,17,64,0,81,62,0,62,143
10/25/2006,ASG,AR,ASW,CE,Federal Contract Tower,0,10,23,0,33,0,2,16,0,18,0,12,39,0,51,32,0,32,83
10/26/2006,ASG,AR,ASW,CE,Federal Contract Tower,0,11,22,0,33,0,1,13,0,14,0,12,35,0,47,0,0,0,47
10/27/2006,ASG,AR,ASW,CE,Federal Contract Tower,0,8,12,0,20,0,2,16,0,18,0,10,28,0,38,0,0,0,38
10/28/2006,ASG,AR,ASW,CE,Federal Contract Tower,0,2,12,0,14,0,14,83,0,97,0,16,95,0,111,82,0,82,193
10/29/2006,ASG,AR,ASW,CE,Federal Contract Tower,0,4,15,0,19,0,8,45,0,53,0,12,60,0,72,26,0,26,98
10/30/2006,ASG,AR,ASW,CE,Federal Contract Tower,0,11,4,0,15,0,4,19,0,23,0,15,23,0,38,10,0,10,48
10/31/2006,ASG,AR,ASW,CE,Federal Contract Tower,0,5,9,0,14,0,4,21,0,25,0,9,30,0,39,4,0,4,43
11/01/2006,ASG,AR,ASW,CE,Federal Contract Tower,0,10,12,2,24,0,2,38,0,40,0,12,50,2,64,54,4,58,122
11/02/2006,ASG,AR,ASW,CE,Federal Contract Tower,0,9,20,0,29,0,18,53,0,71,0,27,73,0,100,96,0,96,196
11/03/2006,ASG,AR,ASW,CE,Federal Contract Tower,0,5,26,0,31,0,11,66,0,77,0,16,92,0,108,30,0,30,138
11/04/2006,ASG,AR,ASW,CE,Federal Contract Tower,0,0,9,0,9,0,2,39,0,41,0,2,48,0,50,48,0,48,98
11/05/2006,ASG,AR,ASW,CE,Federal Contract Tower,0,3,16,0,19,0,0,6,0,6,0,3,22,0,25,6,0,6,31
11/06/2006,ASG,AR,ASW,CE,Federal Contract Tower,0,8,14,0,22,0,2,5,0,7,0,10,19,0,29,0,0,0,29
11/07/2006,ASG,AR,ASW,CE,Federal Contract Tower,0,10,21,0,31,0,4,35,0,39,0,14,56,0,70,34,0,34,104
11/08/2006,ASG,AR,ASW,CE,Federal Contract Tower,0,6,28,0,34,0,17,105,0,122,0,23,133,0,156,122,0,122,278
11/09/2006,ASG,AR,ASW,CE,Federal Contract Tower,0,5,25,0,30,0,12,68,0,80,0,17,93,0,110,90,0,90,200
11/10/2006,ASG,AR,ASW,CE,Federal Contract Tower,0,9,28,0,37,0,2,15,0,17,0,11,43,0,54,0,0,0,54
11/11/2006,ASG,AR,ASW,CE,Federal Contract Tower,0,2,21,0,23,0,2,35,0,37,0,4,56,0,60,40,0,40,100
11/12/2006,ASG,AR,ASW,CE,Federal Contract Tower,0,5,19,0,24,0,1,28,0,29,0,6,47,0,53,8,0,8,61
11/13/2006,ASG,AR,ASW,CE,Federal Contract Tower,0,7,8,0,15,0,4,52,0,56,0,11,60,0,71,40,0,40,111
11/14/2006,ASG,AR,ASW,CE,Federal Contract Tower,0,7,14,0,21,0,6,39,0,45,0,13,53,0,66,94,0,94,160
11/15/2006,ASG,AR,ASW,CE,Federal Contract Tower,0,10,9,0,19,0,0,15,0,15,0,10,24,0,34,0,0,0,34
11/16/2006,ASG,AR,ASW,CE,Federal Contract Tower,0,17,40,0,57,0,7,26,0,33,0,24,66,0,90,70,0,70,160
11/17/2006,ASG,AR,ASW,CE,Federal Contract Tower,0,8,11,0,19,0,12,46,0,58,0,20,57,0,77,52,0,52,129
11/18/2006,ASG,AR,ASW,CE,Federal Contract Tower,0,2,13,0,15,0,4,24,0,28,0,6,37,0,43,0,0,0,43
11/19/2006,ASG,AR,ASW,CE,Federal Contract Tower,0,4,11,0,15,0,5,51,0,56,0,9,62,0,71,10,0,10,81
11/20/2006,ASG,AR,ASW,CE,Federal Contract Tower,0,9,11,0,20,0,9,50,0,59,0,18,61,0,79,52,0,52,131
11/21/2006,ASG,AR,ASW,CE,Federal Contract Tower,0,3,16,0,19,0,15,52,0,67,0,18,68,0,86,64,0,64,150
11/22/2006,ASG,AR,ASW,CE,Federal Contract Tower,0,9,12,0,21,0,4,43,0,47,0,13,55,0,68,76,0,76,144
11/23/2006,ASG,AR,ASW,CE,Federal Contract Tower,0,3,11,0,14,0,1,25,0,26,0,4,36,0,40,0,0,0,40
11/24/2006,ASG,AR,ASW,CE,Federal Contract Tower,0,6,6,0,12,0,9,34,0,43,0,15,40,0,55,36,0,36,91
11/25/2006,ASG,AR,ASW,CE,Federal Contract Tower,0,5,5,0,10,0,3,38,0,41,0,8,43,0,51,6,0,6,57
11/26/2006,ASG,AR,ASW,CE,Federal Contract Tower,0,6,16,0,22,0,4,39,0,43,0,10,55,0,65,30,0,30,95
11/27/2006,ASG,AR,ASW,CE,Federal Contract Tower,0,14,20,0,34,0,10,56,0,66,0,24,76,0,100,50,0,50,150
11/28/2006,ASG,AR,ASW,CE,Federal Contract Tower,0,9,15,0,24,0,11,23,0,34,0,20,38,0,58,0,0,0,58
11/29/2006,ASG,AR,ASW,CE,Federal Contract Tower,0,10,11,0,21,0,0,9,0,9,0,10,20,0,30,0,0,0,30
11/30/2006,ASG,AR,ASW,CE,Federal Contract Tower,0,7,4,0,11,0,0,0,0,0,0,7,4,0,11,0,0,0,11
12/01/2006,ASG,AR,ASW,CE,Federal Contract Tower,0,4,9,0,13,0,3,13,0,16,0,7,22,0,29,6,0,6,35
12/02/2006,ASG,AR,ASW,CE,Federal Contract Tower,0,6,9,0,15,0,10,41,0,51,0,16,50,0,66,34,0,34,100
12/03/2006,ASG,AR,ASW,CE,Federal Contract Tower,0,3,12,0,15,0,14,38,0,52,0,17,50,0,67,46,0,46,113
12/04/2006,ASG,AR,ASW,CE,Federal Contract Tower,0,10,8,0,18,0,11,32,0,43,0,21,40,0,61,32,0,32,93
12/05/2006,ASG,AR,ASW,CE,Federal Contract Tower,0,18,19,0,37,0,4,55,0,59,0,22,74,0,96,56,0,56,152
12/06/2006,ASG,AR,ASW,CE,Federal Contract Tower,0,11,14,0,25,0,5,37,0,42,0,16,51,0,67,12,0,12,79
12/07/2006,ASG,AR,ASW,CE,Federal Contract Tower,0,9,12,0,21,0,5,26,0,31,0,14,38,0,52,6,0,6,58
12/08/2006,ASG,AR,ASW,CE,Federal Contract Tower,0,9,14,0,23,0,10,37,0,47,0,19,51,0,70,24,0,24,94
12/09/2006,ASG,AR,ASW,CE,Federal Contract Tower,0,3,11,0,14,0,6,49,0,55,0,9,60,0,69,0,0,0,69
12/10/2006,ASG,AR,ASW,CE,Federal Contract Tower,0,4,18,0,22,0,5,14,0,19,0,9,32,0,41,2,0,2,43
12/11/2006,ASG,AR,ASW,CE,Federal Contract Tower,0,13,16,0,29,0,2,13,0,15,0,15,29,0,44,0,0,0,44
12/12/2006,ASG,AR,ASW,CE,Federal Contract Tower,0,10,18,0,28,0,2,35,0,37,0,12,53,0,65,20,0,20,85
12/13/2006,ASG,AR,ASW,CE,Federal Contract Tower,0,10,9,0,19,0,5,50,0,55,0,15,59,0,74,12,0,12,86
12/14/2006,ASG,AR,ASW,CE,Federal Contract Tower,0,7,28,0,35,0,19,50,0,69,0,26,78,0,104,42,0,42,146
12/15/2006,ASG,AR,ASW,CE,Federal Contract Tower,0,9,17,0,26,0,1,60,2,63,0,10,77,2,89,62,0,62,151
12/16/2006,ASG,AR,ASW,CE,Federal Contract Tower,0,0,10,0,10,0,5,14,0,19,0,5,24,0,29,10,0,10,39
12/17/2006,ASG,AR,ASW,CE,Federal Contract Tower,0,3,13,0,16,0,4,10,0,14,0,7,23,0,30,6,0,6,36
12/18/2006,ASG,AR,ASW,CE,Federal Contract Tower,0,12,19,0,31,0,0,0,0,0,0,12,19,0,31,2,0,2,33
12/19/2006,ASG,AR,ASW,CE,Federal Contract Tower,0,6,22,0,28,0,7,16,0,23,0,13,38,0,51,24,0,24,75
12/20/2006,ASG,AR,ASW,CE,Federal Contract Tower,0,8,3,0,11,0,0,2,0,2,0,8,5,0,13,0,0,0,13
12/21/2006,ASG,AR,ASW,CE,Federal Contract Tower,0,9,23,0,32,0,6,39,0,45,0,15,62,0,77,42,0,42,119
12/22/2006,ASG,AR,ASW,CE,Federal Contract Tower,0,6,13,0,19,0,5,12,0,17,0,11,25,0,36,36,0,36,72
12/23/2006,ASG,AR,ASW,CE,Federal Contract Tower,0,1,6,0,7,0,3,37,0,40,0,4,43,0,47,2,0,2,49
12/24/2006,ASG,AR,ASW,CE,Federal Contract Tower,0,1,6,0,7,0,6,6,0,12,0,7,12,0,19,2,0,2,21
12/25/2006,ASG,AR,ASW,CE,Federal Contract Tower,0,1,2,0,3,0,0,3,0,3,0,1,5,0,6,0,0,0,6
12/26/2006,ASG,AR,ASW,CE,Federal Contract Tower,0,5,10,0,15,0,5,39,0,44,0,10,49,0,59,0,0,0,59
12/27/2006,ASG,AR,ASW,CE,Federal Contract Tower,0,9,7,0,16,0,1,31,0,32,0,10,38,0,48,42,0,42,90
12/28/2006,ASG,AR,ASW,CE,Federal Contract Tower,0,8,23,0,31,0,9,33,0,42,0,17,56,0,73,40,0,40,113
12/29/2006,ASG,AR,ASW,CE,Federal Contract Tower,0,4,9,0,13,0,6,13,0,19,0,10,22,0,32,34,0,34,66
12/30/2006,ASG,AR,ASW,CE,Federal Contract Tower,0,2,4,0,6,0,3,1,0,4,0,5,5,0,10,0,0,0,10
12/31/2006,ASG,AR,ASW,CE,Federal Contract Tower,0,0,7,0,7,0,1,0,0,1,0,1,7,0,8,0,0,0,8
01/01/2007,ASG,AR,ASW,CE,Federal Contract Tower,0,1,8,0,9,0,6,48,0,54,0,7,56,0,63,62,0,62,125
01/02/2007,ASG,AR,ASW,CE,Federal Contract Tower,0,7,15,0,22,0,3,37,0,40,0,10,52,0,62,38,0,38,100
01/03/2007,ASG,AR,ASW,CE,Federal Contract Tower,0,6,15,0,21,0,3,33,0,36,0,9,48,0,57,42,0,42,99
01/04/2007,ASG,AR,ASW,CE,Federal Contract Tower,0,9,17,0,26,0,0,8,0,8,0,9,25,0,34,2,0,2,36
01/05/2007,ASG,AR,ASW,CE,Federal Contract Tower,0,7,15,0,22,0,3,17,0,20,0,10,32,0,42,10,0,10,52
01/06/2007,ASG,AR,ASW,CE,Federal Contract Tower,0,3,10,0,13,0,0,44,0,44,0,3,54,0,57,26,0,26,83
01/07/2007,ASG,AR,ASW,CE,Federal Contract Tower,0,4,15,0,19,0,2,14,0,16,0,6,29,0,35,0,0,0,35
01/08/2007,ASG,AR,ASW,CE,Federal Contract Tower,0,6,7,0,13,0,6,49,0,55,0,12,56,0,68,68,0,68,136
01/09/2007,ASG,AR,ASW,CE,Federal Contract Tower,0,8,19,0,27,0,9,32,0,41,0,17,51,0,68,24,0,24,92
01/10/2007,ASG,AR,ASW,CE,Federal Contract Tower,0,8,24,0,32,0,0,36,4,40,0,8,60,4,72,34,0,34,106
01/11/2007,ASG,AR,ASW,CE,Federal Contract Tower,0,10,18,0,28,0,0,6,0,6,0,10,24,0,34,4,0,4,38
01/12/2007,ASG,AR,ASW,CE,Federal Contract Tower,0,7,13,0,20,0,0,1,0,1,0,7,14,0,21,0,0,0,21
01/13/2007,ASG,AR,ASW,CE,Federal Contract Tower,0,0,1,0,1,0,0,0,0,0,0,0,1,0,1,0,0,0,1
01/14/2007,ASG,AR,ASW,CE,Federal Contract Tower,0,0,0,0,0,0,0,0,0,0,0,0,0,0,0,0,0,0,0
01/15/2007,ASG,AR,ASW,CE,Federal Contract Tower,0,4,3,0,7,0,3,6,0,9,0,7,9,0,16,2,0,2,18
01/16/2007,ASG,AR,ASW,CE,Federal Contract Tower,0,9,7,0,16,0,4,19,0,23,0,13,26,0,39,62,0,62,101
01/17/2007,ASG,AR,ASW,CE,Federal Contract Tower,0,12,15,0,27,0,3,23,0,26,0,15,38,0,53,18,0,18,71
01/18/2007,ASG,AR,ASW,CE,Federal Contract Tower,0,9,15,0,24,0,0,12,0,12,0,9,27,0,36,10,0,10,46
01/19/2007,ASG,AR,ASW,CE,Federal Contract Tower,0,9,11,0,20,0,8,37,0,45,0,17,48,0,65,48,0,48,113
01/20/2007,ASG,AR,ASW,CE,Federal Contract Tower,0,3,4,0,7,0,0,0,0,0,0,3,4,0,7,0,0,0,7
01/21/2007,ASG,AR,ASW,CE,Federal Contract Tower,0,1,7,0,8,0,2,0,0,2,0,3,7,0,10,0,0,0,10
01/22/2007,ASG,AR,ASW,CE,Federal Contract Tower,0,7,15,0,22,0,4,15,0,19,0,11,30,0,41,10,0,10,51
01/23/2007,ASG,AR,ASW,CE,Federal Contract Tower,0,5,16,0,21,0,2,26,0,28,0,7,42,0,49,16,0,16,65
01/24/2007,ASG,AR,ASW,CE,Federal Contract Tower,0,5,14,0,19,0,0,27,0,27,0,5,41,0,46,20,0,20,66
01/25/2007,ASG,AR,ASW,CE,Federal Contract Tower,0,9,18,0,27,0,8,71,0,79,0,17,89,0,106,54,0,54,160
01/26/2007,ASG,AR,ASW,CE,Federal Contract Tower,0,5,15,0,20,0,3,52,0,55,0,8,67,0,75,40,0,40,115
01/27/2007,ASG,AR,ASW,CE,Federal Contract Tower,0,0,12,0,12,0,0,10,0,10,0,0,22,0,22,12,0,12,34
01/28/2007,ASG,AR,ASW,CE,Federal Contract Tower,0,1,6,0,7,0,1,20,0,21,0,2,26,0,28,8,0,8,36
01/29/2007,ASG,AR,ASW,CE,Federal Contract Tower,0,5,12,0,17,0,4,33,0,37,0,9,45,0,54,36,0,36,90
01/30/2007,ASG,AR,ASW,CE,Federal Contract Tower,0,3,18,0,21,0,5,32,0,37,0,8,50,0,58,18,0,18,76
01/31/2007,ASG,AR,ASW,CE,Federal Contract Tower,0,5,11,0,16,0,2,3,0,5,0,7,14,0,21,2,0,2,23
02/01/2007,ASG,AR,ASW,CE,Federal Contract Tower,0,8,5,0,13,0,0,1,0,1,0,8,6,0,14,0,0,0,14
02/02/2007,ASG,AR,ASW,CE,Federal Contract Tower,0,5,6,0,11,0,6,28,0,34,0,11,34,0,45,28,0,28,73
02/03/2007,ASG,AR,ASW,CE,Federal Contract Tower,0,0,10,0,10,0,2,34,0,36,0,2,44,0,46,10,0,10,56
02/04/2007,ASG,AR,ASW,CE,Federal Contract Tower,0,0,4,0,4,0,2,27,0,29,0,2,31,0,33,12,0,12,45
02/05/2007,ASG,AR,ASW,CE,Federal Contract Tower,0,3,17,0,20,0,6,33,0,39,0,9,50,0,59,40,0,40,99
02/06/2007,ASG,AR,ASW,CE,Federal Contract Tower,0,1,14,0,15,0,3,42,0,45,0,4,56,0,60,32,0,32,92
02/07/2007,ASG,AR,ASW,CE,Federal Contract Tower,0,5,16,0,21,0,2,25,0,27,0,7,41,0,48,38,0,38,86
02/08/2007,ASG,AR,ASW,CE,Federal Contract Tower,0,9,9,0,18,0,5,19,0,24,0,14,28,0,42,22,0,22,64
02/09/2007,ASG,AR,ASW,CE,Federal Contract Tower,0,11,18,0,29,0,2,12,0,14,0,13,30,0,43,16,0,16,59
02/10/2007,ASG,AR,ASW,CE,Federal Contract Tower,0,1,10,0,11,0,4,14,0,18,0,5,24,0,29,6,0,6,35
02/11/2007,ASG,AR,ASW,CE,Federal Contract Tower,0,3,6,0,9,0,0,14,0,14,0,3,20,0,23,22,0,22,45
02/12/2007,ASG,AR,ASW,CE,Federal Contract Tower,0,5,12,0,17,0,0,0,0,0,0,5,12,0,17,0,0,0,17
02/13/2007,ASG,AR,ASW,CE,Federal Contract Tower,0,6,3,0,9,0,1,0,0,1,0,7,3,0,10,0,0,0,10
02/14/2007,ASG,AR,ASW,CE,Federal Contract Tower,0,8,17,0,25,0,5,14,0,19,0,13,31,0,44,8,0,8,52
02/15/2007,ASG,AR,ASW,CE,Federal Contract Tower,0,6,21,0,27,0,2,9,0,11,0,8,30,0,38,8,0,8,46
02/16/2007,ASG,AR,ASW,CE,Federal Contract Tower,0,6,28,0,34,0,2,27,0,29,0,8,55,0,63,14,0,14,77
02/17/2007,ASG,AR,ASW,CE,Federal Contract Tower,0,0,8,0,8,0,3,9,0,12,0,3,17,0,20,0,0,0,20
02/18/2007,ASG,AR,ASW,CE,Federal Contract Tower,0,1,10,0,11,0,6,39,0,45,0,7,49,0,56,0,0,0,56
02/19/2007,ASG,AR,ASW,CE,Federal Contract Tower,0,1,4,0,5,0,7,17,0,24,0,8,21,0,29,0,0,0,29
02/20/2007,ASG,AR,ASW,CE,Federal Contract Tower,0,4,15,0,19,0,11,47,0,58,0,15,62,0,77,50,0,50,127
02/21/2007,ASG,AR,ASW,CE,Federal Contract Tower,0,4,15,0,19,0,4,40,0,44,0,8,55,0,63,36,0,36,99
02/22/2007,ASG,AR,ASW,CE,Federal Contract Tower,0,6,19,0,25,0,6,48,0,54,0,12,67,0,79,24,0,24,103
02/23/2007,ASG,AR,ASW,CE,Federal Contract Tower,0,4,16,0,20,0,7,34,0,41,0,11,50,0,61,44,0,44,105
02/24/2007,ASG,AR,ASW,CE,Federal Contract Tower,0,2,0,0,2,0,0,1,0,1,0,2,1,0,3,0,0,0,3
02/25/2007,ASG,AR,ASW,CE,Federal Contract Tower,0,3,4,0,7,0,0,4,0,4,0,3,8,0,11,2,0,2,13
02/26/2007,ASG,AR,ASW,CE,Federal Contract Tower,0,4,13,0,17,0,5,37,0,42,0,9,50,0,59,42,0,42,101
02/27/2007,ASG,AR,ASW,CE,Federal Contract Tower,0,5,9,0,14,0,3,36,0,39,0,8,45,0,53,30,0,30,83
02/28/2007,ASG,AR,ASW,CE,Federal Contract Tower,0,6,16,0,22,0,6,22,0,28,0,12,38,0,50,10,0,10,60
03/01/2007,ASG,AR,ASW,CE,Federal Contract Tower,0,7,9,0,16,0,0,4,0,4,0,7,13,0,20,0,0,0,20
03/02/2007,ASG,AR,ASW,CE,Federal Contract Tower,0,5,12,0,17,0,12,33,0,45,0,17,45,0,62,20,0,20,82
03/03/2007,ASG,AR,ASW,CE,Federal Contract Tower,0,2,3,0,5,0,4,18,0,22,0,6,21,0,27,0,0,0,27
03/04/2007,ASG,AR,ASW,CE,Federal Contract Tower,0,4,8,0,12,0,1,36,0,37,0,5,44,0,49,62,0,62,111
03/05/2007,ASG,AR,ASW,CE,Federal Contract Tower,0,7,4,0,11,0,4,42,0,46,0,11,46,0,57,44,0,44,101
03/06/2007,ASG,AR,ASW,CE,Federal Contract Tower,0,7,15,0,22,0,7,50,0,57,0,14,65,0,79,12,0,12,91
03/07/2007,ASG,AR,ASW,CE,Federal Contract Tower,0,8,14,0,22,0,1,47,0,48,0,9,61,0,70,6,0,6,76
03/08/2007,ASG,AR,ASW,CE,Federal Contract Tower,0,12,22,0,34,0,10,64,0,74,0,22,86,0,108,66,0,66,174
03/09/2007,ASG,AR,ASW,CE,Federal Contract Tower,0,5,25,0,30,0,15,44,0,59,0,20,69,0,89,46,0,46,135
03/10/2007,ASG,AR,ASW,CE,Federal Contract Tower,0,0,11,0,11,0,5,24,0,29,0,5,35,0,40,24,0,24,64
03/11/2007,ASG,AR,ASW,CE,Federal Contract Tower,0,1,12,0,13,0,4,15,0,19,0,5,27,0,32,14,0,14,46
03/12/2007,ASG,AR,ASW,CE,Federal Contract Tower,0,5,11,0,16,0,7,35,0,42,0,12,46,0,58,34,0,34,92
03/13/2007,ASG,AR,ASW,CE,Federal Contract Tower,0,7,12,0,19,0,4,30,0,34,0,11,42,0,53,24,0,24,77
03/14/2007,ASG,AR,ASW,CE,Federal Contract Tower,0,5,13,0,18,0,4,35,0,39,0,9,48,0,57,24,0,24,81
03/15/2007,ASG,AR,ASW,CE,Federal Contract Tower,0,8,28,0,36,0,4,40,0,44,0,12,68,0,80,28,0,28,108
03/16/2007,ASG,AR,ASW,CE,Federal Contract Tower,0,6,24,0,30,0,9,47,0,56,0,15,71,0,86,32,0,32,118
03/17/2007,ASG,AR,ASW,CE,Federal Contract Tower,0,0,15,0,15,0,12,38,0,50,0,12,53,0,65,34,0,34,99
03/18/2007,ASG,AR,ASW,CE,Federal Contract Tower,0,1,10,0,11,0,7,30,0,37,0,8,40,0,48,2,0,2,50
03/19/2007,ASG,AR,ASW,CE,Federal Contract Tower,0,8,9,0,17,0,2,15,0,17,0,10,24,0,34,0,0,0,34
03/20/2007,ASG,AR,ASW,CE,Federal Contract Tower,0,5,12,0,17,0,2,25,0,27,0,7,37,0,44,20,0,20,64
03/21/2007,ASG,AR,ASW,CE,Federal Contract Tower,0,9,11,0,20,0,9,30,0,39,0,18,41,0,59,38,0,38,97
03/22/2007,ASG,AR,ASW,CE,Federal Contract Tower,0,10,20,0,30,0,9,31,0,40,0,19,51,0,70,36,0,36,106
03/23/2007,ASG,AR,ASW,CE,Federal Contract Tower,0,9,18,0,27,0,12,5,0,17,0,21,23,0,44,18,0,18,62
03/24/2007,ASG,AR,ASW,CE,Federal Contract Tower,0,2,4,0,6,0,8,25,0,33,0,10,29,0,39,14,0,14,53
03/25/2007,ASG,AR,ASW,CE,Federal Contract Tower,0,1,12,0,13,0,3,19,0,22,0,4,31,0,35,26,0,26,61
03/26/2007,ASG,AR,ASW,CE,Federal Contract Tower,0,7,11,0,18,0,3,24,0,27,0,10,35,0,45,24,0,24,69
03/27/2007,ASG,AR,ASW,CE,Federal Contract Tower,0,4,17,0,21,0,5,27,0,32,0,9,44,0,53,24,0,24,77
03/28/2007,ASG,AR,ASW,CE,Federal Contract Tower,0,5,18,0,23,0,9,17,0,26,0,14,35,0,49,14,0,14,63
03/29/2007,ASG,AR,ASW,CE,Federal Contract Tower,0,7,12,0,19,0,5,17,0,22,0,12,29,0,41,42,0,42,83
03/30/2007,ASG,AR,ASW,CE,Federal Contract Tower,0,8,11,0,19,0,4,12,0,16,0,12,23,0,35,6,0,6,41
03/31/2007,ASG,AR,ASW,CE,Federal Contract Tower,0,1,10,0,11,0,2,9,0,11,0,3,19,0,22,0,0,0,22
04/01/2007,ASG,AR,ASW,CE,Federal Contract Tower,0,1,3,0,4,0,13,44,0,57,0,14,47,0,61,48,0,48,109
04/02/2007,ASG,AR,ASW,CE,Federal Contract Tower,0,3,11,0,14,0,18,56,0,74,0,21,67,0,88,80,0,80,168
04/03/2007,ASG,AR,ASW,CE,Federal Contract Tower,0,5,13,0,18,0,2,30,0,32,0,7,43,0,50,20,0,20,70
04/04/2007,ASG,AR,ASW,CE,Federal Contract Tower,0,5,18,0,23,0,11,33,0,44,0,16,51,0,67,42,0,42,109
04/05/2007,ASG,AR,ASW,CE,Federal Contract Tower,0,7,18,0,25,0,11,33,0,44,0,18,51,0,69,22,0,22,91
04/06/2007,ASG,AR,ASW,CE,Federal Contract Tower,0,7,14,0,21,0,3,14,0,17,0,10,28,0,38,10,0,10,48
04/07/2007,ASG,AR,ASW,CE,Federal Contract Tower,0,2,2,0,4,0,7,35,0,42,0,9,37,0,46,24,0,24,70
04/08/2007,ASG,AR,ASW,CE,Federal Contract Tower,0,2,13,0,15,0,9,24,0,33,0,11,37,0,48,44,0,44,92
04/09/2007,ASG,AR,ASW,CE,Federal Contract Tower,0,6,15,0,21,0,3,57,0,60,0,9,72,0,81,52,0,52,133
04/10/2007,ASG,AR,ASW,CE,Federal Contract Tower,0,7,11,0,18,0,0,6,0,6,0,7,17,0,24,0,0,0,24
04/11/2007,ASG,AR,ASW,CE,Federal Contract Tower,0,3,24,0,27,0,3,30,0,33,0,6,54,0,60,20,0,20,80
04/12/2007,ASG,AR,ASW,CE,Federal Contract Tower,0,4,20,0,24,0,2,34,0,36,0,6,54,0,60,44,0,44,104
04/13/2007,ASG,AR,ASW,CE,Federal Contract Tower,0,3,11,0,14,0,0,16,0,16,0,3,27,0,30,0,0,0,30
04/14/2007,ASG,AR,ASW,CE,Federal Contract Tower,0,5,3,0,8,0,1,0,0,1,0,6,3,0,9,0,0,0,9
04/15/2007,ASG,AR,ASW,CE,Federal Contract Tower,0,1,12,0,13,0,2,35,0,37,0,3,47,0,50,22,0,22,72
04/16/2007,ASG,AR,ASW,CE,Federal Contract Tower,0,2,18,0,20,0,12,58,0,70,0,14,76,0,90,70,0,70,160
04/17/2007,ASG,AR,ASW,CE,Federal Contract Tower,0,4,24,0,28,0,3,23,0,26,0,7,47,0,54,42,0,42,96
04/18/2007,ASG,AR,ASW,CE,Federal Contract Tower,0,5,17,0,22,0,7,57,0,64,0,12,74,0,86,74,0,74,160
04/19/2007,ASG,AR,ASW,CE,Federal Contract Tower,0,5,28,0,33,0,15,80,0,95,0,20,108,0,128,118,0,118,246
04/20/2007,ASG,AR,ASW,CE,Federal Contract Tower,0,8,8,0,16,0,14,61,0,75,0,22,69,0,91,76,0,76,167
04/21/2007,ASG,AR,ASW,CE,Federal Contract Tower,0,2,7,0,9,0,5,38,0,43,0,7,45,0,52,48,0,48,100
04/22/2007,ASG,AR,ASW,CE,Federal Contract Tower,0,0,9,0,9,0,4,7,0,11,0,4,16,0,20,16,0,16,36
04/23/2007,ASG,AR,ASW,CE,Federal Contract Tower,0,5,12,0,17,0,5,34,0,39,0,10,46,0,56,34,0,34,90
04/24/2007,ASG,AR,ASW,CE,Federal Contract Tower,0,7,16,0,23,0,4,24,0,28,0,11,40,0,51,34,0,34,85
04/25/2007,ASG,AR,ASW,CE,Federal Contract Tower,0,2,17,0,19,0,5,46,0,51,0,7,63,0,70,52,0,52,122
04/26/2007,ASG,AR,ASW,CE,Federal Contract Tower,0,5,27,0,32,0,3,5,0,8,0,8,32,0,40,0,0,0,40
04/27/2007,ASG,AR,ASW,CE,Federal Contract Tower,0,11,16,0,27,0,4,39,0,43,0,15,55,0,70,68,0,68,138
04/28/2007,ASG,AR,ASW,CE,Federal Contract Tower,0,2,6,0,8,0,9,41,0,50,0,11,47,0,58,22,0,22,80
04/29/2007,ASG,AR,ASW,CE,Federal Contract Tower,0,3,8,0,11,0,4,37,0,41,0,7,45,0,52,14,0,14,66
04/30/2007,ASG,AR,ASW,CE,Federal Contract Tower,0,6,14,0,20,0,8,57,0,65,0,14,71,0,85,46,0,46,131
05/01/2007,ASG,AR,ASW,CE,Federal Contract Tower,0,4,12,0,16,0,2,23,0,25,0,6,35,0,41,22,0,22,63
05/02/2007,ASG,AR,ASW,CE,Federal Contract Tower,0,17,13,0,30,0,2,7,0,9,0,19,20,0,39,0,0,0,39
05/03/2007,ASG,AR,ASW,CE,Federal Contract Tower,0,10,10,0,20,0,7,14,0,21,0,17,24,0,41,6,0,6,47
05/04/2007,ASG,AR,ASW,CE,Federal Contract Tower,0,5,27,0,32,0,18,37,0,55,0,23,64,0,87,84,0,84,171
05/05/2007,ASG,AR,ASW,CE,Federal Contract Tower,0,1,14,0,15,0,11,14,0,25,0,12,28,0,40,2,0,2,42
05/06/2007,ASG,AR,ASW,CE,Federal Contract Tower,0,5,9,0,14,0,7,31,0,38,0,12,40,0,52,18,0,18,70
05/07/2007,ASG,AR,ASW,CE,Federal Contract Tower,0,2,16,0,18,0,1,10,0,11,0,3,26,0,29,4,0,4,33
05/08/2007,ASG,AR,ASW,CE,Federal Contract Tower,0,5,15,0,20,0,2,35,0,37,0,7,50,0,57,64,0,64,121
05/09/2007,ASG,AR,ASW,CE,Federal Contract Tower,0,6,25,0,31,0,6,48,0,54,0,12,73,0,85,58,0,58,143
05/10/2007,ASG,AR,ASW,CE,Federal Contract Tower,0,6,19,0,25,0,4,18,0,22,0,10,37,0,47,26,0,26,73
05/11/2007,ASG,AR,ASW,CE,Federal Contract Tower,0,8,33,0,41,0,4,38,0,42,0,12,71,0,83,32,0,32,115
05/12/2007,ASG,AR,ASW,CE,Federal Contract Tower,0,0,8,0,8,0,9,55,0,64,0,9,63,0,72,34,0,34,106
05/13/2007,ASG,AR,ASW,CE,Federal Contract Tower,0,2,17,0,19,0,15,33,0,48,0,17,50,0,67,50,0,50,117
05/14/2007,ASG,AR,ASW,CE,Federal Contract Tower,0,5,12,0,17,0,13,45,0,58,0,18,57,0,75,46,0,46,121
05/15/2007,ASG,AR,ASW,CE,Federal Contract Tower,0,9,9,0,18,0,1,30,0,31,0,10,39,0,49,0,0,0,49
05/16/2007,ASG,AR,ASW,CE,Federal Contract Tower,0,7,20,0,27,0,4,51,0,55,0,11,71,0,82,44,0,44,126
05/17/2007,ASG,AR,ASW,CE,Federal Contract Tower,0,6,8,0,14,0,1,39,0,40,0,7,47,0,54,18,0,18,72
05/18/2007,ASG,AR,ASW,CE,Federal Contract Tower,0,8,13,0,21,0,3,41,0,44,0,11,54,0,65,16,0,16,81
05/19/2007,ASG,AR,ASW,CE,Federal Contract Tower,0,0,5,0,5,0,3,51,0,54,0,3,56,0,59,10,0,10,69
05/20/2007,ASG,AR,ASW,CE,Federal Contract Tower,0,2,15,0,17,0,2,45,0,47,0,4,60,0,64,12,0,12,76
05/21/2007,ASG,AR,ASW,CE,Federal Contract Tower,0,8,3,0,11,0,4,24,0,28,0,12,27,0,39,16,0,16,55
05/22/2007,ASG,AR,ASW,CE,Federal Contract Tower,0,5,9,0,14,0,1,18,0,19,0,6,27,0,33,0,0,0,33
05/23/2007,ASG,AR,ASW,CE,Federal Contract Tower,0,4,11,0,15,0,8,52,0,60,0,12,63,0,75,60,0,60,135
05/24/2007,ASG,AR,ASW,CE,Federal Contract Tower,0,6,20,0,26,0,4,20,0,24,0,10,40,0,50,28,0,28,78
05/25/2007,ASG,AR,ASW,CE,Federal Contract Tower,0,5,12,0,17,0,0,18,0,18,0,5,30,0,35,0,0,0,35
05/26/2007,ASG,AR,ASW,CE,Federal Contract Tower,0,0,9,0,9,0,5,29,0,34,0,5,38,0,43,10,0,10,53
05/27/2007,ASG,AR,ASW,CE,Federal Contract Tower,0,0,6,0,6,0,4,11,0,15,0,4,17,0,21,16,0,16,37
05/28/2007,ASG,AR,ASW,CE,Federal Contract Tower,0,1,13,0,14,0,0,24,0,24,0,1,37,0,38,38,0,38,76
05/29/2007,ASG,AR,ASW,CE,Federal Contract Tower,0,10,14,0,24,0,9,41,0,50,0,19,55,0,74,34,0,34,108
05/30/2007,ASG,AR,ASW,CE,Federal Contract Tower,0,7,27,0,34,0,7,19,0,26,0,14,46,0,60,10,0,10,70
05/31/2007,ASG,AR,ASW,CE,Federal Contract Tower,0,8,13,0,21,0,7,52,0,59,0,15,65,0,80,74,0,74,154
06/01/2007,ASG,AR,ASW,CE,Federal Contract Tower,0,6,15,0,21,0,5,26,0,31,0,11,41,0,52,10,0,10,62
06/02/2007,ASG,AR,ASW,CE,Federal Contract Tower,0,0,4,0,4,0,15,22,0,37,0,15,26,0,41,28,0,28,69
06/03/2007,ASG,AR,ASW,CE,Federal Contract Tower,0,2,13,0,15,0,4,39,0,43,0,6,52,0,58,8,0,8,66
06/04/2007,ASG,AR,ASW,CE,Federal Contract Tower,0,6,14,0,20,0,1,22,0,23,0,7,36,0,43,10,0,10,53
06/05/2007,ASG,AR,ASW,CE,Federal Contract Tower,0,6,18,0,24,0,6,66,0,72,0,12,84,0,96,72,0,72,168
06/06/2007,ASG,AR,ASW,CE,Federal Contract Tower,0,9,10,0,19,0,6,42,0,48,0,15,52,0,67,36,0,36,103
06/07/2007,ASG,AR,ASW,CE,Federal Contract Tower,0,8,10,0,18,0,0,23,0,23,0,8,33,0,41,2,0,2,43
06/08/2007,ASG,AR,ASW,CE,Federal Contract Tower,0,6,18,0,24,0,8,47,0,55,0,14,65,0,79,28,0,28,107
06/09/2007,ASG,AR,ASW,CE,Federal Contract Tower,0,0,14,0,14,0,5,16,0,21,0,5,30,0,35,6,0,6,41
06/10/2007,ASG,AR,ASW,CE,Federal Contract Tower,0,4,10,0,14,0,2,26,0,28,0,6,36,0,42,26,0,26,68
06/11/2007,ASG,AR,ASW,CE,Federal Contract Tower,0,6,5,0,11,0,2,10,0,12,0,8,15,0,23,6,0,6,29
06/12/2007,ASG,AR,ASW,CE,Federal Contract Tower,0,9,23,0,32,0,7,49,0,56,0,16,72,0,88,38,0,38,126
06/13/2007,ASG,AR,ASW,CE,Federal Contract Tower,0,6,14,0,20,0,4,39,0,43,0,10,53,0,63,80,0,80,143
06/14/2007,ASG,AR,ASW,CE,Federal Contract Tower,0,9,9,0,18,0,3,41,0,44,0,12,50,0,62,40,0,40,102
06/15/2007,ASG,AR,ASW,CE,Federal Contract Tower,0,12,21,0,33,0,5,39,0,44,0,17,60,0,77,24,0,24,101
06/16/2007,ASG,AR,ASW,CE,Federal Contract Tower,0,1,4,0,5,0,5,34,0,39,0,6,38,0,44,0,0,0,44
06/17/2007,ASG,AR,ASW,CE,Federal Contract Tower,0,4,7,0,11,0,8,23,0,31,0,12,30,0,42,4,0,4,46
06/18/2007,ASG,AR,ASW,CE,Federal Contract Tower,0,9,7,0,16,0,4,23,0,27,0,13,30,0,43,32,0,32,75
06/19/2007,ASG,AR,ASW,CE,Federal Contract Tower,0,11,12,0,23,0,4,36,0,40,0,15,48,0,63,50,0,50,113
06/20/2007,ASG,AR,ASW,CE,Federal Contract Tower,0,10,16,0,26,0,11,20,0,31,0,21,36,0,57,28,0,28,85
06/21/2007,ASG,AR,ASW,CE,Federal Contract Tower,0,7,17,0,24,0,6,64,0,70,0,13,81,0,94,58,0,58,152
06/22/2007,ASG,AR,ASW,CE,Federal Contract Tower,0,9,8,0,17,0,9,29,0,38,0,18,37,0,55,20,0,20,75
06/23/2007,ASG,AR,ASW,CE,Federal Contract Tower,0,0,14,0,14,0,2,18,0,20,0,2,32,0,34,4,0,4,38
06/24/2007,ASG,AR,ASW,CE,Federal Contract Tower,0,4,9,0,13,0,5,22,0,27,0,9,31,0,40,0,0,0,40
06/25/2007,ASG,AR,ASW,CE,Federal Contract Tower,0,8,12,0,20,0,7,57,0,64,0,15,69,0,84,44,0,44,128
06/26/2007,ASG,AR,ASW,CE,Federal Contract Tower,0,6,20,0,26,0,6,43,0,49,0,12,63,0,75,20,0,20,95
06/27/2007,ASG,AR,ASW,CE,Federal Contract Tower,0,6,14,0,20,0,5,14,0,19,0,11,28,0,39,6,0,6,45
06/28/2007,ASG,AR,ASW,CE,Federal Contract Tower,0,13,14,0,27,0,8,33,0,41,0,21,47,0,68,16,0,16,84
06/29/2007,ASG,AR,ASW,CE,Federal Contract Tower,0,5,16,0,21,0,10,23,0,33,0,15,39,0,54,30,0,30,84
06/30/2007,ASG,AR,ASW,CE,Federal Contract Tower,0,1,2,0,3,0,8,15,0,23,0,9,17,0,26,2,0,2,28
07/01/2007,ASG,AR,ASW,CE,Federal Contract Tower,0,1,5,0,6,0,3,16,0,19,0,4,21,0,25,6,0,6,31
07/02/2007,ASG,AR,ASW,CE,Federal Contract Tower,0,8,20,0,28,0,9,22,0,31,0,17,42,0,59,22,0,22,81
07/03/2007,ASG,AR,ASW,CE,Federal Contract Tower,0,7,21,0,28,0,5,36,0,41,0,12,57,0,69,66,0,66,135
07/04/2007,ASG,AR,ASW,CE,Federal Contract Tower,0,0,9,0,9,0,3,40,0,43,0,3,49,0,52,28,0,28,80
07/05/2007,ASG,AR,ASW,CE,Federal Contract Tower,0,5,12,0,17,0,6,14,0,20,0,11,26,0,37,6,0,6,43
07/06/2007,ASG,AR,ASW,CE,Federal Contract Tower,0,7,17,0,24,0,2,28,0,30,0,9,45,0,54,22,0,22,76
07/07/2007,ASG,AR,ASW,CE,Federal Contract Tower,0,3,3,0,6,0,1,36,0,37,0,4,39,0,43,10,0,10,53
07/08/2007,ASG,AR,ASW,CE,Federal Contract Tower,0,2,14,0,16,0,1,30,0,31,0,3,44,0,47,14,0,14,61
07/09/2007,ASG,AR,ASW,CE,Federal Contract Tower,0,8,14,0,22,0,5,43,0,48,0,13,57,0,70,34,0,34,104
07/10/2007,ASG,AR,ASW,CE,Federal Contract Tower,0,6,10,0,16,0,3,16,0,19,0,9,26,0,35,0,0,0,35
07/11/2007,ASG,AR,ASW,CE,Federal Contract Tower,0,6,24,0,30,0,5,43,0,48,0,11,67,0,78,20,0,20,98
07/12/2007,ASG,AR,ASW,CE,Federal Contract Tower,0,10,17,0,27,0,1,15,0,16,0,11,32,0,43,40,0,40,83
07/13/2007,ASG,AR,ASW,CE,Federal Contract Tower,0,6,7,0,13,0,5,32,0,37,0,11,39,0,50,24,0,24,74
07/14/2007,ASG,AR,ASW,CE,Federal Contract Tower,0,0,8,0,8,0,13,48,0,61,0,13,56,0,69,50,0,50,119
07/15/2007,ASG,AR,ASW,CE,Federal Contract Tower,0,3,5,0,8,0,1,23,0,24,0,4,28,0,32,10,0,10,42
07/16/2007,ASG,AR,ASW,CE,Federal Contract Tower,0,6,17,0,23,0,4,39,0,43,0,10,56,0,66,22,0,22,88
07/17/2007,ASG,AR,ASW,CE,Federal Contract Tower,0,7,7,0,14,0,3,45,0,48,0,10,52,0,62,34,0,34,96
07/18/2007,ASG,AR,ASW,CE,Federal Contract Tower,0,10,5,0,15,0,5,38,0,43,0,15,43,0,58,48,0,48,106
07/19/2007,ASG,AR,ASW,CE,Federal Contract Tower,0,6,21,0,27,0,1,27,0,28,0,7,48,0,55,24,0,24,79
07/20/2007,ASG,AR,ASW,CE,Federal Contract Tower,0,10,15,0,25,0,2,28,0,30,0,12,43,0,55,36,0,36,91
07/21/2007,ASG,AR,ASW,CE,Federal Contract Tower,0,1,9,0,10,0,1,40,0,41,0,2,49,0,51,36,0,36,87
07/22/2007,ASG,AR,ASW,CE,Federal Contract Tower,0,3,6,0,9,0,0,29,0,29,0,3,35,0,38,4,0,4,42
07/23/2007,ASG,AR,ASW,CE,Federal Contract Tower,0,8,8,0,16,0,4,31,0,35,0,12,39,0,51,24,0,24,75
07/24/2007,ASG,AR,ASW,CE,Federal Contract Tower,0,8,9,0,17,0,9,34,0,43,0,17,43,0,60,14,0,14,74
07/25/2007,ASG,AR,ASW,CE,Federal Contract Tower,0,8,24,0,32,0,6,35,0,41,0,14,59,0,73,24,0,24,97
07/26/2007,ASG,AR,ASW,CE,Federal Contract Tower,0,8,19,0,27,0,6,24,0,30,0,14,43,0,57,28,0,28,85
07/27/2007,ASG,AR,ASW,CE,Federal Contract Tower,0,7,16,0,23,0,5,43,0,48,0,12,59,0,71,16,0,16,87
07/28/2007,ASG,AR,ASW,CE,Federal Contract Tower,0,2,9,0,11,0,7,9,0,16,0,9,18,0,27,0,0,0,27
07/29/2007,ASG,AR,ASW,CE,Federal Contract Tower,0,5,11,0,16,0,9,12,0,21,0,14,23,0,37,12,0,12,49
07/30/2007,ASG,AR,ASW,CE,Federal Contract Tower,0,8,16,0,24,0,9,36,0,45,0,17,52,0,69,44,0,44,113
07/31/2007,ASG,AR,ASW,CE,Federal Contract Tower,0,4,14,0,18,0,6,38,0,44,0,10,52,0,62,12,0,12,74
08/01/2007,ASG,AR,ASW,CE,Federal Contract Tower,0,10,14,0,24,0,6,32,0,38,0,16,46,0,62,24,0,24,86
08/02/2007,ASG,AR,ASW,CE,Federal Contract Tower,0,8,22,0,30,0,0,39,0,39,0,8,61,0,69,2,2,4,73
08/03/2007,ASG,AR,ASW,CE,Federal Contract Tower,0,6,25,0,31,0,0,31,0,31,0,6,56,0,62,10,0,10,72
08/04/2007,ASG,AR,ASW,CE,Federal Contract Tower,0,5,13,0,18,0,3,43,0,46,0,8,56,0,64,4,0,4,68
08/05/2007,ASG,AR,ASW,CE,Federal Contract Tower,0,1,9,0,10,0,2,28,0,30,0,3,37,0,40,18,0,18,58
08/06/2007,ASG,AR,ASW,CE,Federal Contract Tower,0,9,14,0,23,0,9,39,0,48,0,18,53,0,71,10,0,10,81
08/07/2007,ASG,AR,ASW,CE,Federal Contract Tower,0,6,13,0,19,0,3,30,0,33,0,9,43,0,52,38,0,38,90
08/08/2007,ASG,AR,ASW,CE,Federal Contract Tower,0,5,15,0,20,0,9,51,0,60,0,14,66,0,80,44,0,44,124
08/09/2007,ASG,AR,ASW,CE,Federal Contract Tower,0,8,14,0,22,0,0,27,0,27,0,8,41,0,49,16,0,16,65
08/10/2007,ASG,AR,ASW,CE,Federal Contract Tower,0,4,11,0,15,0,10,43,0,53,0,14,54,0,68,16,0,16,84
08/11/2007,ASG,AR,ASW,CE,Federal Contract Tower,0,2,4,0,6,0,8,36,0,44,0,10,40,0,50,52,0,52,102
08/12/2007,ASG,AR,ASW,CE,Federal Contract Tower,0,2,6,0,8,0,3,36,0,39,0,5,42,0,47,26,0,26,73
08/13/2007,ASG,AR,ASW,CE,Federal Contract Tower,0,4,10,0,14,0,6,47,0,53,0,10,57,0,67,52,0,52,119
08/14/2007,ASG,AR,ASW,CE,Federal Contract Tower,0,6,17,0,23,0,6,40,0,46,0,12,57,0,69,26,0,26,95
08/15/2007,ASG,AR,ASW,CE,Federal Contract Tower,0,4,16,0,20,0,4,32,0,36,0,8,48,0,56,14,0,14,70
08/16/2007,ASG,AR,ASW,CE,Federal Contract Tower,0,9,20,0,29,0,3,48,0,51,0,12,68,0,80,20,0,20,100
08/17/2007,ASG,AR,ASW,CE,Federal Contract Tower,0,6,13,0,19,0,9,47,0,56,0,15,60,0,75,26,0,26,101
08/18/2007,ASG,AR,ASW,CE,Federal Contract Tower,0,1,14,0,15,0,3,27,0,30,0,4,41,0,45,36,0,36,81
08/19/2007,ASG,AR,ASW,CE,Federal Contract Tower,0,2,3,0,5,0,3,16,0,19,0,5,19,0,24,12,0,12,36
08/20/2007,ASG,AR,ASW,CE,Federal Contract Tower,0,6,7,0,13,0,1,23,2,26,0,7,30,2,39,6,0,6,45
08/21/2007,ASG,AR,ASW,CE,Federal Contract Tower,0,3,19,0,22,0,5,40,0,45,0,8,59,0,67,24,0,24,91
08/22/2007,ASG,AR,ASW,CE,Federal Contract Tower,0,5,16,0,21,0,7,23,0,30,0,12,39,0,51,6,0,6,57
08/23/2007,ASG,AR,ASW,CE,Federal Contract Tower,0,4,11,0,15,0,5,39,0,44,0,9,50,0,59,38,0,38,97
08/24/2007,ASG,AR,ASW,CE,Federal Contract Tower,0,5,18,0,23,0,3,20,0,23,0,8,38,0,46,4,0,4,50
08/25/2007,ASG,AR,ASW,CE,Federal Contract Tower,0,1,0,0,1,0,5,42,0,47,0,6,42,0,48,30,0,30,78
08/26/2007,ASG,AR,ASW,CE,Federal Contract Tower,0,1,9,0,10,0,9,48,0,57,0,10,57,0,67,12,0,12,79
08/27/2007,ASG,AR,ASW,CE,Federal Contract Tower,0,5,15,0,20,0,4,56,0,60,0,9,71,0,80,22,0,22,102
08/28/2007,ASG,AR,ASW,CE,Federal Contract Tower,0,4,16,0,20,0,8,69,0,77,0,12,85,0,97,38,0,38,135
08/29/2007,ASG,AR,ASW,CE,Federal Contract Tower,0,8,12,0,20,0,3,34,0,37,0,11,46,0,57,20,0,20,77
08/30/2007,ASG,AR,ASW,CE,Federal Contract Tower,0,2,23,0,25,0,6,36,0,42,0,8,59,0,67,14,0,14,81
08/31/2007,ASG,AR,ASW,CE,Federal Contract Tower,0,4,17,2,23,0,9,53,0,62,0,13,70,2,85,42,0,42,127
09/01/2007,ASG,AR,ASW,CE,Federal Contract Tower,0,2,15,0,17,0,4,35,0,39,0,6,50,0,56,28,0,28,84
09/02/2007,ASG,AR,ASW,CE,Federal Contract Tower,0,2,9,0,11,0,7,28,0,35,0,9,37,0,46,16,0,16,62
09/03/2007,ASG,AR,ASW,CE,Federal Contract Tower,0,1,12,0,13,0,2,45,0,47,0,3,57,0,60,40,0,40,100
09/04/2007,ASG,AR,ASW,CE,Federal Contract Tower,0,6,18,0,24,0,5,36,0,41,0,11,54,0,65,46,0,46,111
09/05/2007,ASG,AR,ASW,CE,Federal Contract Tower,0,7,22,0,29,0,2,16,0,18,0,9,38,0,47,8,0,8,55
09/06/2007,ASG,AR,ASW,CE,Federal Contract Tower,0,4,20,0,24,0,6,25,0,31,0,10,45,0,55,30,0,30,85
09/07/2007,ASG,AR,ASW,CE,Federal Contract Tower,0,7,15,0,22,0,5,18,0,23,0,12,33,0,45,0,0,0,45
09/08/2007,ASG,AR,ASW,CE,Federal Contract Tower,0,0,2,0,2,0,0,3,0,3,0,0,5,0,5,10,0,10,15
09/09/2007,ASG,AR,ASW,CE,Federal Contract Tower,0,1,6,0,7,0,7,5,0,12,0,8,11,0,19,16,0,16,35
09/10/2007,ASG,AR,ASW,CE,Federal Contract Tower,0,4,16,0,20,0,1,26,0,27,0,5,42,0,47,42,0,42,89
09/11/2007,ASG,AR,ASW,CE,Federal Contract Tower,0,3,11,0,14,0,5,47,0,52,0,8,58,0,66,18,0,18,84
09/12/2007,ASG,AR,ASW,CE,Federal Contract Tower,0,7,28,0,35,0,12,56,0,68,0,19,84,0,103,24,0,24,127
09/13/2007,ASG,AR,ASW,CE,Federal Contract Tower,0,4,16,0,20,0,1,36,0,37,0,5,52,0,57,18,0,18,75
09/14/2007,ASG,AR,ASW,CE,Federal Contract Tower,0,7,16,0,23,0,3,26,0,29,0,10,42,0,52,42,0,42,94
09/15/2007,ASG,AR,ASW,CE,Federal Contract Tower,0,1,11,0,12,0,7,62,0,69,0,8,73,0,81,24,0,24,105
09/16/2007,ASG,AR,ASW,CE,Federal Contract Tower,0,2,6,0,8,0,2,33,0,35,0,4,39,0,43,12,0,12,55
09/17/2007,ASG,AR,ASW,CE,Federal Contract Tower,0,11,13,0,24,0,6,35,0,41,0,17,48,0,65,26,0,26,91
09/18/2007,ASG,AR,ASW,CE,Federal Contract Tower,0,6,18,0,24,0,3,52,0,55,0,9,70,0,79,34,0,34,113
09/19/2007,ASG,AR,ASW,CE,Federal Contract Tower,0,7,13,0,20,0,1,40,0,41,0,8,53,0,61,24,0,24,85
09/20/2007,ASG,AR,ASW,CE,Federal Contract Tower,0,8,18,0,26,0,8,32,0,40,0,16,50,0,66,8,0,8,74
09/21/2007,ASG,AR,ASW,CE,Federal Contract Tower,0,8,13,0,21,0,3,31,0,34,0,11,44,0,55,24,0,24,79
09/22/2007,ASG,AR,ASW,CE,Federal Contract Tower,0,0,17,0,17,0,4,75,0,79,0,4,92,0,96,40,0,40,136
09/23/2007,ASG,AR,ASW,CE,Federal Contract Tower,0,1,26,0,27,0,5,28,0,33,0,6,54,0,60,20,0,20,80
09/24/2007,ASG,AR,ASW,CE,Federal Contract Tower,0,7,11,0,18,0,5,33,0,38,0,12,44,0,56,16,0,16,72
09/25/2007,ASG,AR,ASW,CE,Federal Contract Tower,0,8,17,0,25,0,4,24,0,28,0,12,41,0,53,20,0,20,73
09/26/2007,ASG,AR,ASW,CE,Federal Contract Tower,0,7,20,0,27,0,4,29,0,33,0,11,49,0,60,14,0,14,74
09/27/2007,ASG,AR,ASW,CE,Federal Contract Tower,0,3,18,0,21,0,2,24,0,26,0,5,42,0,47,4,0,4,51
09/28/2007,ASG,AR,ASW,CE,Federal Contract Tower,0,5,29,0,34,0,3,69,0,72,0,8,98,0,106,18,0,18,124
09/29/2007,ASG,AR,ASW,CE,Federal Contract Tower,0,1,10,0,11,0,2,44,0,46,0,3,54,0,57,0,0,0,57
09/30/2007,ASG,AR,ASW,CE,Federal Contract Tower,0,0,21,0,21,0,0,18,3,21,0,0,39,3,42,2,0,2,44
10/01/2007,ASG,AR,ASW,CE,Federal Contract Tower,0,9,13,0,22,0,6,49,0,55,0,15,62,0,77,34,0,34,111
10/02/2007,ASG,AR,ASW,CE,Federal Contract Tower,0,3,15,0,18,0,5,35,0,40,0,8,50,0,58,6,0,6,64
10/03/2007,ASG,AR,ASW,CE,Federal Contract Tower,0,4,24,0,28,0,8,31,0,39,0,12,55,0,67,54,0,54,121
10/04/2007,ASG,AR,ASW,CE,Federal Contract Tower,0,4,15,0,19,0,7,64,0,71,0,11,79,0,90,104,0,104,194
10/05/2007,ASG,AR,ASW,CE,Federal Contract Tower,0,4,11,0,15,0,12,60,0,72,0,16,71,0,87,58,0,58,145
10/06/2007,ASG,AR,ASW,CE,Federal Contract Tower,0,0,5,0,5,0,9,41,0,50,0,9,46,0,55,24,0,24,79
10/07/2007,ASG,AR,ASW,CE,Federal Contract Tower,0,2,13,0,15,0,0,21,0,21,0,2,34,0,36,2,0,2,38
10/08/2007,ASG,AR,ASW,CE,Federal Contract Tower,0,4,12,0,16,0,0,10,0,10,0,4,22,0,26,14,0,14,40
10/09/2007,ASG,AR,ASW,CE,Federal Contract Tower,0,5,12,0,17,0,8,25,0,33,0,13,37,0,50,4,0,4,54
10/10/2007,ASG,AR,ASW,CE,Federal Contract Tower,0,6,25,0,31,0,3,57,0,60,0,9,82,0,91,36,0,36,127
10/11/2007,ASG,AR,ASW,CE,Federal Contract Tower,0,8,13,0,21,0,7,32,0,39,0,15,45,0,60,4,0,4,64
10/12/2007,ASG,AR,ASW,CE,Federal Contract Tower,0,5,22,0,27,0,2,62,0,64,0,7,84,0,91,46,0,46,137
10/13/2007,ASG,AR,ASW,CE,Federal Contract Tower,0,2,0,0,2,0,0,73,0,73,0,2,73,0,75,26,0,26,101
10/14/2007,ASG,AR,ASW,CE,Federal Contract Tower,0,2,14,0,16,0,6,59,0,65,0,8,73,0,81,38,0,38,119
10/15/2007,ASG,AR,ASW,CE,Federal Contract Tower,0,4,2,0,6,0,4,6,0,10,0,8,8,0,16,0,0,0,16
10/16/2007,ASG,AR,ASW,CE,Federal Contract Tower,0,8,17,0,25,0,4,47,0,51,0,12,64,0,76,40,0,40,116
10/17/2007,ASG,AR,ASW,CE,Federal Contract Tower,0,6,14,0,20,0,3,14,0,17,0,9,28,0,37,8,0,8,45
10/18/2007,ASG,AR,ASW,CE,Federal Contract Tower,0,9,20,0,29,0,2,19,0,21,0,11,39,0,50,4,0,4,54
10/19/2007,ASG,AR,ASW,CE,Federal Contract Tower,0,10,19,0,29,0,11,27,0,38,0,21,46,0,67,14,0,14,81
10/20/2007,ASG,AR,ASW,CE,Federal Contract Tower,0,4,6,0,10,0,12,37,0,49,0,16,43,0,59,2,0,2,61
10/21/2007,ASG,AR,ASW,CE,Federal Contract Tower,0,1,7,0,8,0,2,20,0,22,0,3,27,0,30,6,0,6,36
10/22/2007,ASG,AR,ASW,CE,Federal Contract Tower,0,5,16,0,21,0,0,1,0,1,0,5,17,0,22,0,0,0,22
10/23/2007,ASG,AR,ASW,CE,Federal Contract Tower,0,7,12,0,19,0,4,15,0,19,0,11,27,0,38,16,0,16,54
10/24/2007,ASG,AR,ASW,CE,Federal Contract Tower,0,8,17,0,25,0,5,29,0,34,0,13,46,0,59,12,0,12,71
10/25/2007,ASG,AR,ASW,CE,Federal Contract Tower,0,7,15,0,22,0,4,24,0,28,0,11,39,0,50,0,0,0,50
10/26/2007,ASG,AR,ASW,CE,Federal Contract Tower,0,8,23,0,31,0,1,12,0,13,0,9,35,0,44,8,0,8,52
10/27/2007,ASG,AR,ASW,CE,Federal Contract Tower,0,2,16,0,18,0,5,46,0,51,0,7,62,0,69,16,0,16,85
10/28/2007,ASG,AR,ASW,CE,Federal Contract Tower,0,5,19,0,24,0,3,49,0,52,0,8,68,0,76,48,0,48,124
10/29/2007,ASG,AR,ASW,CE,Federal Contract Tower,0,3,14,0,17,0,11,43,0,54,0,14,57,0,71,24,0,24,95
10/30/2007,ASG,AR,ASW,CE,Federal Contract Tower,0,4,15,0,19,0,3,36,0,39,0,7,51,0,58,30,0,30,88
10/31/2007,ASG,AR,ASW,CE,Federal Contract Tower,0,8,20,0,28,0,12,32,0,44,0,20,52,0,72,18,0,18,90
11/01/2007,ASG,AR,ASW,CE,Federal Contract Tower,0,7,25,0,32,0,0,27,0,27,0,7,52,0,59,12,0,12,71
11/02/2007,ASG,AR,ASW,CE,Federal Contract Tower,0,7,29,0,36,0,8,35,0,43,0,15,64,0,79,6,0,6,85
11/03/2007,ASG,AR,ASW,CE,Federal Contract Tower,0,5,12,0,17,0,3,35,0,38,0,8,47,0,55,2,0,2,57
11/04/2007,ASG,AR,ASW,CE,Federal Contract Tower,0,1,16,0,17,0,1,46,0,47,0,2,62,0,64,0,0,0,64
11/05/2007,ASG,AR,ASW,CE,Federal Contract Tower,0,7,11,0,18,0,3,30,0,33,0,10,41,0,51,8,0,8,59
11/06/2007,ASG,AR,ASW,CE,Federal Contract Tower,0,6,7,0,13,0,2,34,0,36,0,8,41,0,49,26,0,26,75
11/07/2007,ASG,AR,ASW,CE,Federal Contract Tower,0,6,13,0,19,0,7,49,0,56,0,13,62,0,75,48,0,48,123
11/08/2007,ASG,AR,ASW,CE,Federal Contract Tower,0,8,18,0,26,0,6,30,0,36,0,14,48,0,62,16,0,16,78
11/09/2007,ASG,AR,ASW,CE,Federal Contract Tower,0,6,10,0,16,0,3,47,0,50,0,9,57,0,66,50,0,50,116
11/10/2007,ASG,AR,ASW,CE,Federal Contract Tower,0,0,11,0,11,0,1,44,0,45,0,1,55,0,56,8,0,8,64
11/11/2007,ASG,AR,ASW,CE,Federal Contract Tower,0,2,4,0,6,0,0,6,0,6,0,2,10,0,12,0,0,0,12
11/12/2007,ASG,AR,ASW,CE,Federal Contract Tower,0,0,6,0,6,0,2,20,0,22,0,2,26,0,28,4,0,4,32
11/13/2007,ASG,AR,ASW,CE,Federal Contract Tower,0,5,7,0,12,0,5,26,0,31,0,10,33,0,43,24,0,24,67
11/14/2007,ASG,AR,ASW,CE,Federal Contract Tower,0,7,17,0,24,0,3,18,0,21,0,10,35,0,45,16,0,16,61
11/15/2007,ASG,AR,ASW,CE,Federal Contract Tower,0,7,14,0,21,0,1,33,0,34,0,8,47,0,55,16,0,16,71
11/16/2007,ASG,AR,ASW,CE,Federal Contract Tower,0,10,13,0,23,0,12,44,0,56,0,22,57,0,79,26,0,26,105
11/17/2007,ASG,AR,ASW,CE,Federal Contract Tower,0,2,3,0,5,0,6,67,0,73,0,8,70,0,78,34,0,34,112
11/18/2007,ASG,AR,ASW,CE,Federal Contract Tower,0,0,8,0,8,0,3,33,0,36,0,3,41,0,44,12,0,12,56
11/19/2007,ASG,AR,ASW,CE,Federal Contract Tower,0,6,17,0,23,0,5,32,0,37,0,11,49,0,60,20,0,20,80
11/20/2007,ASG,AR,ASW,CE,Federal Contract Tower,0,7,14,0,21,0,5,16,0,21,0,12,30,0,42,0,0,0,42
11/21/2007,ASG,AR,ASW,CE,Federal Contract Tower,0,8,12,0,20,0,0,0,0,0,0,8,12,0,20,2,0,2,22
11/22/2007,ASG,AR,ASW,CE,Federal Contract Tower,0,1,12,0,13,0,3,18,0,21,0,4,30,0,34,8,0,8,42
11/23/2007,ASG,AR,ASW,CE,Federal Contract Tower,0,7,7,0,14,0,5,31,0,36,0,12,38,0,50,16,0,16,66
11/24/2007,ASG,AR,ASW,CE,Federal Contract Tower,0,0,9,0,9,0,3,15,0,18,0,3,24,0,27,6,0,6,33
11/25/2007,ASG,AR,ASW,CE,Federal Contract Tower,0,1,5,0,6,0,0,0,0,0,0,1,5,0,6,0,0,0,6
11/26/2007,ASG,AR,ASW,CE,Federal Contract Tower,0,7,8,0,15,0,0,18,0,18,0,7,26,0,33,6,0,6,39
11/27/2007,ASG,AR,ASW,CE,Federal Contract Tower,0,7,15,0,22,0,3,40,0,43,0,10,55,0,65,38,0,38,103
11/28/2007,ASG,AR,ASW,CE,Federal Contract Tower,0,8,15,0,23,0,7,15,2,24,0,15,30,2,47,0,0,0,47
11/29/2007,ASG,AR,ASW,CE,Federal Contract Tower,0,6,16,0,22,0,1,23,0,24,0,7,39,0,46,24,0,24,70
11/30/2007,ASG,AR,ASW,CE,Federal Contract Tower,0,7,17,0,24,0,3,14,0,17,0,10,31,0,41,10,0,10,51
12/01/2007,ASG,AR,ASW,CE,Federal Contract Tower,0,0,4,0,4,0,5,5,0,10,0,5,9,0,14,2,0,2,16
12/02/2007,ASG,AR,ASW,CE,Federal Contract Tower,0,2,4,0,6,0,5,2,0,7,0,7,6,0,13,8,0,8,21
12/03/2007,ASG,AR,ASW,CE,Federal Contract Tower,0,8,12,0,20,0,5,34,0,39,0,13,46,0,59,2,0,2,61
12/04/2007,ASG,AR,ASW,CE,Federal Contract Tower,0,5,19,0,24,0,18,51,0,69,0,23,70,0,93,48,0,48,141
12/05/2007,ASG,AR,ASW,CE,Federal Contract Tower,0,7,16,0,23,0,3,23,0,26,0,10,39,0,49,32,0,32,81
12/06/2007,ASG,AR,ASW,CE,Federal Contract Tower,0,8,15,0,23,0,1,7,2,10,0,9,22,2,33,2,0,2,35
12/07/2007,ASG,AR,ASW,CE,Federal Contract Tower,0,6,8,0,14,0,0,0,0,0,0,6,8,0,14,2,0,2,16
12/08/2007,ASG,AR,ASW,CE,Federal Contract Tower,0,3,15,0,18,0,0,1,0,1,0,3,16,0,19,0,0,0,19
12/09/2007,ASG,AR,ASW,CE,Federal Contract Tower,0,2,6,0,8,0,0,0,0,0,0,2,6,0,8,0,0,0,8
12/10/2007,ASG,AR,ASW,CE,Federal Contract Tower,0,4,13,0,17,0,0,0,0,0,0,4,13,0,17,0,0,0,17
12/11/2007,ASG,AR,ASW,CE,Federal Contract Tower,0,5,11,0,16,0,1,8,0,9,0,6,19,0,25,0,0,0,25
12/12/2007,ASG,AR,ASW,CE,Federal Contract Tower,0,11,11,0,22,0,0,0,0,0,0,11,11,0,22,0,0,0,22
12/13/2007,ASG,AR,ASW,CE,Federal Contract Tower,0,11,18,0,29,0,1,9,0,10,0,12,27,0,39,0,0,0,39
12/14/2007,ASG,AR,ASW,CE,Federal Contract Tower,0,8,8,0,16,0,2,13,0,15,0,10,21,0,31,6,0,6,37
12/15/2007,ASG,AR,ASW,CE,Federal Contract Tower,0,1,0,0,1,0,0,0,0,0,0,1,0,0,1,0,0,0,1
12/16/2007,ASG,AR,ASW,CE,Federal Contract Tower,0,1,3,0,4,0,2,35,0,37,0,3,38,0,41,0,0,0,41
12/17/2007,ASG,AR,ASW,CE,Federal Contract Tower,0,9,10,0,19,0,4,48,0,52,0,13,58,0,71,54,0,54,125
12/18/2007,ASG,AR,ASW,CE,Federal Contract Tower,0,8,22,0,30,0,5,42,0,47,0,13,64,0,77,42,0,42,119
12/19/2007,ASG,AR,ASW,CE,Federal Contract Tower,0,6,18,0,24,0,12,51,2,65,0,18,69,2,89,96,0,96,185
12/20/2007,ASG,AR,ASW,CE,Federal Contract Tower,0,7,17,0,24,0,11,19,0,30,0,18,36,0,54,20,0,20,74
12/21/2007,ASG,AR,ASW,CE,Federal Contract Tower,0,5,8,0,13,0,10,62,0,72,0,15,70,0,85,86,0,86,171
12/22/2007,ASG,AR,ASW,CE,Federal Contract Tower,0,1,8,0,9,0,0,15,0,15,0,1,23,0,24,16,0,16,40
12/23/2007,ASG,AR,ASW,CE,Federal Contract Tower,0,0,4,0,4,0,0,23,0,23,0,0,27,0,27,12,0,12,39
12/24/2007,ASG,AR,ASW,CE,Federal Contract Tower,0,7,0,0,7,0,3,35,0,38,0,10,35,0,45,44,0,44,89
12/25/2007,ASG,AR,ASW,CE,Federal Contract Tower,0,0,1,0,1,0,2,7,0,9,0,2,8,0,10,10,0,10,20
12/26/2007,ASG,AR,ASW,CE,Federal Contract Tower,0,7,11,0,18,0,2,3,0,5,0,9,14,0,23,0,0,0,23
12/27/2007,ASG,AR,ASW,CE,Federal Contract Tower,0,0,0,0,0,0,0,0,0,0,0,0,0,0,0,0,0,0,0
12/28/2007,ASG,AR,ASW,CE,Federal Contract Tower,0,7,7,0,14,0,2,11,0,13,0,9,18,0,27,0,0,0,27
12/29/2007,ASG,AR,ASW,CE,Federal Contract Tower,0,3,9,0,12,0,5,30,0,35,0,8,39,0,47,20,0,20,67
12/30/2007,ASG,AR,ASW,CE,Federal Contract Tower,0,2,6,0,8,0,3,18,0,21,0,5,24,0,29,8,0,8,37
12/31/2007,ASG,AR,ASW,CE,Federal Contract Tower,0,5,5,0,10,0,6,26,0,32,0,11,31,0,42,14,0,14,56
01/01/2008,ASG,AR,ASW,CE,Federal Contract Tower,0,5,8,0,13,0,2,3,0,5,0,7,11,0,18,2,0,2,20
01/02/2008,ASG,AR,ASW,CE,Federal Contract Tower,0,6,7,0,13,0,3,51,0,54,0,9,58,0,67,36,0,36,103
01/03/2008,ASG,AR,ASW,CE,Federal Contract Tower,0,8,9,0,17,0,2,25,0,27,0,10,34,0,44,0,0,0,44
01/04/2008,ASG,AR,ASW,CE,Federal Contract Tower,0,7,10,0,17,0,3,21,0,24,0,10,31,0,41,6,0,6,47
01/05/2008,ASG,AR,ASW,CE,Federal Contract Tower,0,2,2,0,4,0,0,6,0,6,0,2,8,0,10,2,0,2,12
01/06/2008,ASG,AR,ASW,CE,Federal Contract Tower,0,5,8,0,13,0,2,14,0,16,0,7,22,0,29,0,0,0,29
01/07/2008,ASG,AR,ASW,CE,Federal Contract Tower,0,9,8,0,17,0,5,15,0,20,0,14,23,0,37,18,0,18,55
01/08/2008,ASG,AR,ASW,CE,Federal Contract Tower,0,5,9,0,14,0,8,22,0,30,0,13,31,0,44,4,0,4,48
01/09/2008,ASG,AR,ASW,CE,Federal Contract Tower,0,4,12,0,16,0,8,43,0,51,0,12,55,0,67,30,0,30,97
01/10/2008,ASG,AR,ASW,CE,Federal Contract Tower,0,5,9,0,14,0,1,9,0,10,0,6,18,0,24,0,0,0,24
01/11/2008,ASG,AR,ASW,CE,Federal Contract Tower,0,8,17,0,25,0,6,47,8,61,0,14,64,8,86,36,0,36,122
01/12/2008,ASG,AR,ASW,CE,Federal Contract Tower,0,0,4,0,4,0,0,42,0,42,0,0,46,0,46,12,0,12,58
01/13/2008,ASG,AR,ASW,CE,Federal Contract Tower,0,0,7,0,7,0,5,22,0,27,0,5,29,0,34,2,0,2,36
01/14/2008,ASG,AR,ASW,CE,Federal Contract Tower,0,4,7,0,11,0,6,41,0,47,0,10,48,0,58,26,0,26,84
01/15/2008,ASG,AR,ASW,CE,Federal Contract Tower,0,5,5,0,10,0,5,36,0,41,0,10,41,0,51,38,0,38,89
01/16/2008,ASG,AR,ASW,CE,Federal Contract Tower,0,7,10,0,17,0,2,26,0,28,0,9,36,0,45,14,0,14,59
01/17/2008,ASG,AR,ASW,CE,Federal Contract Tower,0,9,8,0,17,0,5,5,0,10,0,14,13,0,27,8,0,8,35
01/18/2008,ASG,AR,ASW,CE,Federal Contract Tower,0,6,14,0,20,0,1,27,0,28,0,7,41,0,48,6,0,6,54
01/19/2008,ASG,AR,ASW,CE,Federal Contract Tower,0,4,7,0,11,0,3,38,0,41,0,7,45,0,52,8,0,8,60
01/20/2008,ASG,AR,ASW,CE,Federal Contract Tower,0,0,10,0,10,0,3,19,0,22,0,3,29,0,32,0,0,0,32
01/21/2008,ASG,AR,ASW,CE,Federal Contract Tower,0,4,13,0,17,0,3,3,0,6,0,7,16,0,23,6,0,6,29
01/22/2008,ASG,AR,ASW,CE,Federal Contract Tower,0,7,15,0,22,0,4,0,0,4,0,11,15,0,26,4,0,4,30
01/23/2008,ASG,AR,ASW,CE,Federal Contract Tower,0,2,15,0,17,0,6,30,0,36,0,8,45,0,53,56,0,56,109
01/24/2008,ASG,AR,ASW,CE,Federal Contract Tower,0,7,13,0,20,0,8,51,0,59,0,15,64,0,79,100,0,100,179
01/25/2008,ASG,AR,ASW,CE,Federal Contract Tower,0,5,8,0,13,0,5,16,0,21,0,10,24,0,34,14,0,14,48
01/26/2008,ASG,AR,ASW,CE,Federal Contract Tower,0,1,4,0,5,0,0,15,0,15,0,1,19,0,20,6,0,6,26
01/27/2008,ASG,AR,ASW,CE,Federal Contract Tower,0,0,9,0,9,0,1,36,0,37,0,1,45,0,46,14,0,14,60
01/28/2008,ASG,AR,ASW,CE,Federal Contract Tower,0,4,8,0,12,0,1,5,0,6,0,5,13,0,18,2,0,2,20
01/29/2008,ASG,AR,ASW,CE,Federal Contract Tower,0,4,9,0,13,0,4,10,0,14,0,8,19,0,27,0,0,0,27
01/30/2008,ASG,AR,ASW,CE,Federal Contract Tower,0,5,14,0,19,0,8,37,0,45,0,13,51,0,64,22,0,22,86
01/31/2008,ASG,AR,ASW,CE,Federal Contract Tower,0,6,1,0,7,0,0,0,0,0,0,6,1,0,7,0,0,0,7
02/01/2008,ASG,AR,ASW,CE,Federal Contract Tower,0,6,10,0,16,0,2,8,0,10,0,8,18,0,26,0,0,0,26
02/02/2008,ASG,AR,ASW,CE,Federal Contract Tower,0,0,11,0,11,0,4,29,0,33,0,4,40,0,44,18,0,18,62
02/03/2008,ASG,AR,ASW,CE,Federal Contract Tower,0,0,1,0,1,0,0,4,0,4,0,0,5,0,5,12,0,12,17
02/04/2008,ASG,AR,ASW,CE,Federal Contract Tower,0,4,16,0,20,0,4,19,0,23,0,8,35,0,43,20,0,20,63
02/05/2008,ASG,AR,ASW,CE,Federal Contract Tower,0,6,1,0,7,0,0,5,0,5,0,6,6,0,12,8,0,8,20
02/06/2008,ASG,AR,ASW,CE,Federal Contract Tower,0,9,17,0,26,0,2,7,0,9,0,11,24,0,35,0,0,0,35
02/07/2008,ASG,AR,ASW,CE,Federal Contract Tower,0,9,10,0,19,0,3,30,0,33,0,12,40,0,52,6,0,6,58
02/08/2008,ASG,AR,ASW,CE,Federal Contract Tower,0,6,14,0,20,0,4,58,0,62,0,10,72,0,82,68,0,68,150
02/09/2008,ASG,AR,ASW,CE,Federal Contract Tower,0,0,9,0,9,0,6,35,0,41,0,6,44,0,50,26,0,26,76
02/10/2008,ASG,AR,ASW,CE,Federal Contract Tower,0,0,7,0,7,0,9,23,0,32,0,9,30,0,39,16,0,16,55
02/11/2008,ASG,AR,ASW,CE,Federal Contract Tower,0,5,7,0,12,0,1,2,0,3,0,6,9,0,15,2,0,2,17
02/12/2008,ASG,AR,ASW,CE,Federal Contract Tower,0,7,5,0,12,0,3,1,0,4,0,10,6,0,16,0,0,0,16
02/13/2008,ASG,AR,ASW,CE,Federal Contract Tower,0,5,12,0,17,0,9,90,0,99,0,14,102,0,116,108,0,108,224
02/14/2008,ASG,AR,ASW,CE,Federal Contract Tower,0,5,14,0,19,0,3,26,0,29,0,8,40,0,48,0,0,0,48
02/15/2008,ASG,AR,ASW,CE,Federal Contract Tower,0,6,9,0,15,0,3,6,0,9,0,9,15,0,24,0,0,0,24
02/16/2008,ASG,AR,ASW,CE,Federal Contract Tower,0,1,1,0,2,0,0,0,0,0,0,1,1,0,2,0,0,0,2
02/17/2008,ASG,AR,ASW,CE,Federal Contract Tower,0,1,5,0,6,0,2,2,0,4,0,3,7,0,10,0,0,0,10
02/18/2008,ASG,AR,ASW,CE,Federal Contract Tower,0,1,10,0,11,0,4,24,1,29,0,5,34,1,40,18,0,18,58
02/19/2008,ASG,AR,ASW,CE,Federal Contract Tower,0,4,9,0,13,0,6,76,0,82,0,10,85,0,95,74,0,74,169
02/20/2008,ASG,AR,ASW,CE,Federal Contract Tower,0,10,14,0,24,0,7,51,0,58,0,17,65,0,82,18,0,18,100
02/21/2008,ASG,AR,ASW,CE,Federal Contract Tower,0,6,6,0,12,0,0,1,0,1,0,6,7,0,13,0,0,0,13
02/22/2008,ASG,AR,ASW,CE,Federal Contract Tower,0,6,7,0,13,0,0,0,0,0,0,6,7,0,13,0,0,0,13
02/23/2008,ASG,AR,ASW,CE,Federal Contract Tower,0,4,7,0,11,0,4,10,0,14,0,8,17,0,25,2,0,2,27
02/24/2008,ASG,AR,ASW,CE,Federal Contract Tower,0,3,6,0,9,0,1,16,0,17,0,4,22,0,26,0,0,0,26
02/25/2008,ASG,AR,ASW,CE,Federal Contract Tower,0,7,18,0,25,0,1,30,0,31,0,8,48,0,56,26,0,26,82
02/26/2008,ASG,AR,ASW,CE,Federal Contract Tower,0,7,14,0,21,0,5,17,0,22,0,12,31,0,43,0,0,0,43
02/27/2008,ASG,AR,ASW,CE,Federal Contract Tower,0,12,14,0,26,0,6,69,0,75,0,18,83,0,101,78,0,78,179
02/28/2008,ASG,AR,ASW,CE,Federal Contract Tower,0,9,9,0,18,0,4,44,0,48,0,13,53,0,66,52,0,52,118
02/29/2008,ASG,AR,ASW,CE,Federal Contract Tower,0,8,11,0,19,0,6,74,0,80,0,14,85,0,99,56,0,56,155
03/01/2008,ASG,AR,ASW,CE,Federal Contract Tower,0,1,5,0,6,0,8,52,0,60,0,9,57,0,66,68,0,68,134
03/02/2008,ASG,AR,ASW,CE,Federal Contract Tower,0,2,4,0,6,0,6,12,0,18,0,8,16,0,24,2,0,2,26
03/03/2008,ASG,AR,ASW,CE,Federal Contract Tower,0,7,1,0,8,0,0,0,0,0,0,7,1,0,8,0,0,0,8
03/04/2008,ASG,AR,ASW,CE,Federal Contract Tower,0,7,7,0,14,0,2,51,0,53,0,9,58,0,67,36,0,36,103
03/05/2008,ASG,AR,ASW,CE,Federal Contract Tower,0,8,13,0,21,0,9,29,0,38,0,17,42,0,59,32,0,32,91
03/06/2008,ASG,AR,ASW,CE,Federal Contract Tower,0,11,9,0,20,0,5,21,0,26,0,16,30,0,46,18,0,18,64
03/07/2008,ASG,AR,ASW,CE,Federal Contract Tower,0,11,14,0,25,0,1,34,0,35,0,12,48,0,60,60,0,60,120
03/08/2008,ASG,AR,ASW,CE,Federal Contract Tower,0,1,12,0,13,0,3,17,0,20,0,4,29,0,33,10,0,10,43
03/09/2008,ASG,AR,ASW,CE,Federal Contract Tower,0,0,2,0,2,0,1,40,0,41,0,1,42,0,43,6,0,6,49
03/10/2008,ASG,AR,ASW,CE,Federal Contract Tower,0,9,7,0,16,0,3,38,0,41,0,12,45,0,57,30,0,30,87
03/11/2008,ASG,AR,ASW,CE,Federal Contract Tower,0,11,20,0,31,0,3,68,0,71,0,14,88,0,102,62,0,62,164
03/12/2008,ASG,AR,ASW,CE,Federal Contract Tower,0,4,13,0,17,0,8,31,0,39,0,12,44,0,56,22,0,22,78
03/13/2008,ASG,AR,ASW,CE,Federal Contract Tower,0,8,14,0,22,0,3,28,0,31,0,11,42,0,53,34,0,34,87
03/14/2008,ASG,AR,ASW,CE,Federal Contract Tower,0,7,12,0,19,0,9,46,0,55,0,16,58,0,74,50,0,50,124
03/15/2008,ASG,AR,ASW,CE,Federal Contract Tower,0,3,5,0,8,0,1,0,0,1,0,4,5,0,9,0,0,0,9
03/16/2008,ASG,AR,ASW,CE,Federal Contract Tower,0,6,12,0,18,0,0,17,0,17,0,6,29,0,35,6,0,6,41
03/17/2008,ASG,AR,ASW,CE,Federal Contract Tower,0,8,7,0,15,0,0,35,0,35,0,8,42,0,50,38,0,38,88
03/18/2008,ASG,AR,ASW,CE,Federal Contract Tower,0,6,2,0,8,0,0,0,0,0,0,6,2,0,8,0,0,0,8
03/19/2008,ASG,AR,ASW,CE,Federal Contract Tower,0,9,22,0,31,0,3,21,0,24,0,12,43,0,55,24,0,24,79
03/20/2008,ASG,AR,ASW,CE,Federal Contract Tower,0,5,13,0,18,0,5,45,0,50,0,10,58,0,68,8,0,8,76
03/21/2008,ASG,AR,ASW,CE,Federal Contract Tower,0,3,15,0,18,0,8,31,0,39,0,11,46,0,57,0,0,0,57
03/22/2008,ASG,AR,ASW,CE,Federal Contract Tower,0,2,11,0,13,0,9,66,0,75,0,11,77,0,88,38,0,38,126
03/23/2008,ASG,AR,ASW,CE,Federal Contract Tower,0,0,10,0,10,0,8,18,0,26,0,8,28,0,36,12,0,12,48
03/24/2008,ASG,AR,ASW,CE,Federal Contract Tower,0,4,15,0,19,0,7,74,0,81,0,11,89,0,100,64,0,64,164
03/25/2008,ASG,AR,ASW,CE,Federal Contract Tower,0,5,13,0,18,0,7,50,0,57,0,12,63,0,75,16,0,16,91
03/26/2008,ASG,AR,ASW,CE,Federal Contract Tower,0,8,10,0,18,0,8,56,0,64,0,16,66,0,82,48,0,48,130
03/27/2008,ASG,AR,ASW,CE,Federal Contract Tower,0,8,15,0,23,0,5,26,0,31,0,13,41,0,54,6,0,6,60
03/28/2008,ASG,AR,ASW,CE,Federal Contract Tower,0,7,12,0,19,0,7,19,0,26,0,14,31,0,45,14,0,14,59
03/29/2008,ASG,AR,ASW,CE,Federal Contract Tower,0,1,5,0,6,0,0,0,0,0,0,1,5,0,6,0,0,0,6
03/30/2008,ASG,AR,ASW,CE,Federal Contract Tower,0,0,7,0,7,0,5,5,0,10,0,5,12,0,17,0,0,0,17
03/31/2008,ASG,AR,ASW,CE,Federal Contract Tower,0,7,5,0,12,0,3,5,0,8,0,10,10,0,20,0,0,0,20
04/01/2008,ASG,AR,ASW,CE,Federal Contract Tower,0,6,10,0,16,0,8,59,0,67,0,14,69,0,83,58,0,58,141
04/02/2008,ASG,AR,ASW,CE,Federal Contract Tower,0,8,19,0,27,0,3,57,0,60,0,11,76,0,87,68,0,68,155
04/03/2008,ASG,AR,ASW,CE,Federal Contract Tower,0,9,7,0,16,0,0,0,0,0,0,9,7,0,16,0,0,0,16
04/04/2008,ASG,AR,ASW,CE,Federal Contract Tower,0,7,20,0,27,0,2,8,0,10,0,9,28,0,37,0,0,0,37
04/05/2008,ASG,AR,ASW,CE,Federal Contract Tower,0,2,13,0,15,0,10,56,0,66,0,12,69,0,81,40,0,40,121
04/06/2008,ASG,AR,ASW,CE,Federal Contract Tower,0,0,6,0,6,0,8,33,0,41,0,8,39,0,47,34,0,34,81
04/07/2008,ASG,AR,ASW,CE,Federal Contract Tower,0,5,13,0,18,0,4,47,0,51,0,9,60,0,69,16,0,16,85
04/08/2008,ASG,AR,ASW,CE,Federal Contract Tower,0,6,9,0,15,0,0,2,0,2,0,6,11,0,17,0,0,0,17
04/09/2008,ASG,AR,ASW,CE,Federal Contract Tower,0,10,13,0,23,0,0,4,0,4,0,10,17,0,27,0,0,0,27
04/10/2008,ASG,AR,ASW,CE,Federal Contract Tower,0,6,8,0,14,0,0,42,0,42,0,6,50,0,56,48,0,48,104
04/11/2008,ASG,AR,ASW,CE,Federal Contract Tower,0,7,19,0,26,0,2,19,0,21,0,9,38,0,47,0,0,0,47
04/12/2008,ASG,AR,ASW,CE,Federal Contract Tower,0,3,11,0,14,0,7,21,0,28,0,10,32,0,42,0,0,0,42
04/13/2008,ASG,AR,ASW,CE,Federal Contract Tower,0,2,11,0,13,0,5,12,0,17,0,7,23,0,30,0,0,0,30
04/14/2008,ASG,AR,ASW,CE,Federal Contract Tower,0,5,12,0,17,0,4,64,0,68,0,9,76,0,85,34,0,34,119
04/15/2008,ASG,AR,ASW,CE,Federal Contract Tower,0,6,6,0,12,0,5,73,0,78,0,11,79,0,90,56,0,56,146
04/16/2008,ASG,AR,ASW,CE,Federal Contract Tower,0,4,13,0,17,0,11,27,1,39,0,15,40,1,56,16,0,16,72
04/17/2008,ASG,AR,ASW,CE,Federal Contract Tower,0,7,17,0,24,0,3,30,0,33,0,10,47,0,57,14,0,14,71
04/18/2008,ASG,AR,ASW,CE,Federal Contract Tower,0,7,23,0,30,0,6,30,0,36,0,13,53,0,66,12,0,12,78
04/19/2008,ASG,AR,ASW,CE,Federal Contract Tower,0,0,7,0,7,0,5,82,2,89,0,5,89,2,96,40,0,40,136
04/20/2008,ASG,AR,ASW,CE,Federal Contract Tower,0,2,12,0,14,0,1,30,0,31,0,3,42,0,45,0,0,0,45
04/21/2008,ASG,AR,ASW,CE,Federal Contract Tower,0,8,13,0,21,0,4,49,0,53,0,12,62,0,74,34,0,34,108
04/22/2008,ASG,AR,ASW,CE,Federal Contract Tower,0,14,13,0,27,0,2,29,0,31,0,16,42,0,58,26,0,26,84
04/23/2008,ASG,AR,ASW,CE,Federal Contract Tower,0,6,23,0,29,0,5,58,0,63,0,11,81,0,92,68,0,68,160
04/24/2008,ASG,AR,ASW,CE,Federal Contract Tower,0,9,10,0,19,0,5,21,0,26,0,14,31,0,45,20,0,20,65
04/25/2008,ASG,AR,ASW,CE,Federal Contract Tower,0,6,4,0,10,0,0,9,0,9,0,6,13,0,19,0,0,0,19
04/26/2008,ASG,AR,ASW,CE,Federal Contract Tower,0,2,5,0,7,0,7,68,0,75,0,9,73,0,82,28,0,28,110
04/27/2008,ASG,AR,ASW,CE,Federal Contract Tower,0,4,9,0,13,0,6,22,0,28,0,10,31,0,41,10,0,10,51
04/28/2008,ASG,AR,ASW,CE,Federal Contract Tower,0,6,8,0,14,0,3,57,0,60,0,9,65,0,74,44,0,44,118
04/29/2008,ASG,AR,ASW,CE,Federal Contract Tower,0,5,4,0,9,0,5,73,0,78,0,10,77,0,87,48,0,48,135
04/30/2008,ASG,AR,ASW,CE,Federal Contract Tower,0,6,17,0,23,0,3,37,0,40,0,9,54,0,63,32,0,32,95
05/01/2008,ASG,AR,ASW,CE,Federal Contract Tower,0,10,16,0,26,0,4,24,2,30,0,14,40,2,56,12,0,12,68
05/02/2008,ASG,AR,ASW,CE,Federal Contract Tower,0,4,7,0,11,0,7,15,0,22,0,11,22,0,33,2,0,2,35
05/03/2008,ASG,AR,ASW,CE,Federal Contract Tower,0,0,8,0,8,0,4,130,0,134,0,4,138,0,142,84,0,84,226
05/04/2008,ASG,AR,ASW,CE,Federal Contract Tower,0,1,10,0,11,0,3,56,0,59,0,4,66,0,70,26,0,26,96
05/05/2008,ASG,AR,ASW,CE,Federal Contract Tower,0,6,10,0,16,0,9,78,0,87,0,15,88,0,103,116,0,116,219
05/06/2008,ASG,AR,ASW,CE,Federal Contract Tower,0,11,14,0,25,0,7,29,0,36,0,18,43,0,61,19,0,19,80
05/07/2008,ASG,AR,ASW,CE,Federal Contract Tower,0,7,4,0,11,0,0,0,0,0,0,7,4,0,11,0,0,0,11
05/08/2008,ASG,AR,ASW,CE,Federal Contract Tower,0,11,16,0,27,0,1,13,0,14,0,12,29,0,41,12,0,12,53
05/09/2008,ASG,AR,ASW,CE,Federal Contract Tower,0,7,23,0,30,0,7,61,0,68,0,14,84,0,98,76,0,76,174
05/10/2008,ASG,AR,ASW,CE,Federal Contract Tower,0,1,24,0,25,0,0,15,0,15,0,1,39,0,40,18,0,18,58
05/11/2008,ASG,AR,ASW,CE,Federal Contract Tower,0,1,4,0,5,0,1,16,0,17,0,2,20,0,22,0,0,0,22
05/12/2008,ASG,AR,ASW,CE,Federal Contract Tower,0,6,10,0,16,0,7,45,0,52,0,13,55,0,68,54,0,54,122
05/13/2008,ASG,AR,ASW,CE,Federal Contract Tower,0,6,12,0,18,0,1,20,0,21,0,7,32,0,39,56,0,56,95
05/14/2008,ASG,AR,ASW,CE,Federal Contract Tower,0,8,9,0,17,0,2,22,0,24,0,10,31,0,41,42,0,42,83
05/15/2008,ASG,AR,ASW,CE,Federal Contract Tower,0,7,15,0,22,0,1,5,2,8,0,8,20,2,30,4,0,4,34
05/16/2008,ASG,AR,ASW,CE,Federal Contract Tower,0,4,20,0,24,0,4,52,0,56,0,8,72,0,80,42,0,42,122
05/17/2008,ASG,AR,ASW,CE,Federal Contract Tower,0,0,4,0,4,0,10,106,0,116,0,10,110,0,120,44,0,44,164
05/18/2008,ASG,AR,ASW,CE,Federal Contract Tower,0,2,9,0,11,0,3,41,0,44,0,5,50,0,55,12,0,12,67
05/19/2008,ASG,AR,ASW,CE,Federal Contract Tower,0,6,16,0,22,0,2,51,0,53,0,8,67,0,75,0,0,0,75
05/20/2008,ASG,AR,ASW,CE,Federal Contract Tower,0,5,3,0,8,0,5,64,0,69,0,10,67,0,77,54,0,54,131
05/21/2008,ASG,AR,ASW,CE,Federal Contract Tower,0,9,17,0,26,0,13,92,0,105,0,22,109,0,131,66,0,66,197
05/22/2008,ASG,AR,ASW,CE,Federal Contract Tower,0,6,17,0,23,0,4,55,0,59,0,10,72,0,82,32,0,32,114
05/23/2008,ASG,AR,ASW,CE,Federal Contract Tower,0,6,12,0,18,0,7,54,0,61,0,13,66,0,79,70,0,70,149
05/24/2008,ASG,AR,ASW,CE,Federal Contract Tower,0,1,3,0,4,0,5,14,0,19,0,6,17,0,23,4,0,4,27
05/25/2008,ASG,AR,ASW,CE,Federal Contract Tower,0,0,5,0,5,0,0,6,0,6,0,0,11,0,11,2,0,2,13
05/26/2008,ASG,AR,ASW,CE,Federal Contract Tower,0,3,10,0,13,0,1,14,0,15,0,4,24,0,28,0,0,0,28
05/27/2008,ASG,AR,ASW,CE,Federal Contract Tower,0,7,13,0,20,0,4,16,0,20,0,11,29,0,40,8,0,8,48
05/28/2008,ASG,AR,ASW,CE,Federal Contract Tower,0,9,17,0,26,0,10,16,0,26,0,19,33,0,52,10,0,10,62
05/29/2008,ASG,AR,ASW,CE,Federal Contract Tower,0,10,11,0,21,0,5,39,0,44,0,15,50,0,65,54,0,54,119
05/30/2008,ASG,AR,ASW,CE,Federal Contract Tower,0,7,14,0,21,0,9,38,0,47,0,16,52,0,68,44,0,44,112
05/31/2008,ASG,AR,ASW,CE,Federal Contract Tower,0,1,8,0,9,0,4,33,0,37,0,5,41,0,46,6,0,6,52
06/01/2008,ASG,AR,ASW,CE,Federal Contract Tower,0,2,9,0,11,0,2,12,0,14,0,4,21,0,25,0,0,0,25
06/02/2008,ASG,AR,ASW,CE,Federal Contract Tower,0,7,13,0,20,0,3,51,0,54,0,10,64,0,74,42,0,42,116
06/03/2008,ASG,AR,ASW,CE,Federal Contract Tower,0,7,20,0,27,0,5,40,0,45,0,12,60,0,72,34,0,34,106
06/04/2008,ASG,AR,ASW,CE,Federal Contract Tower,0,8,15,0,23,0,7,55,0,62,0,15,70,0,85,34,0,34,119
06/05/2008,ASG,AR,ASW,CE,Federal Contract Tower,0,8,8,0,16,0,6,18,0,24,0,14,26,0,40,8,0,8,48
06/06/2008,ASG,AR,ASW,CE,Federal Contract Tower,0,5,8,0,13,0,4,27,0,31,0,9,35,0,44,46,0,46,90
06/07/2008,ASG,AR,ASW,CE,Federal Contract Tower,0,0,15,0,15,0,5,46,0,51,0,5,61,0,66,12,0,12,78
06/08/2008,ASG,AR,ASW,CE,Federal Contract Tower,0,5,7,0,12,0,5,16,0,21,0,10,23,0,33,4,0,4,37
06/09/2008,ASG,AR,ASW,CE,Federal Contract Tower,0,4,9,0,13,0,0,0,0,0,0,4,9,0,13,0,0,0,13
06/10/2008,ASG,AR,ASW,CE,Federal Contract Tower,0,12,11,0,23,0,19,59,0,78,0,31,70,0,101,164,0,164,265
06/11/2008,ASG,AR,ASW,CE,Federal Contract Tower,0,7,7,0,14,0,7,46,0,53,0,14,53,0,67,20,0,20,87
06/12/2008,ASG,AR,ASW,CE,Federal Contract Tower,0,8,13,0,21,0,3,39,0,42,0,11,52,0,63,36,0,36,99
06/13/2008,ASG,AR,ASW,CE,Federal Contract Tower,0,6,19,0,25,0,6,20,0,26,0,12,39,0,51,18,0,18,69
06/14/2008,ASG,AR,ASW,CE,Federal Contract Tower,0,1,12,0,13,0,2,28,6,36,0,3,40,6,49,42,0,42,91
06/15/2008,ASG,AR,ASW,CE,Federal Contract Tower,0,1,12,0,13,0,2,17,0,19,0,3,29,0,32,2,0,2,34
06/16/2008,ASG,AR,ASW,CE,Federal Contract Tower,0,7,9,0,16,0,3,23,0,26,0,10,32,0,42,10,0,10,52
06/17/2008,ASG,AR,ASW,CE,Federal Contract Tower,0,8,10,0,18,0,7,54,0,61,0,15,64,0,79,98,0,98,177
06/18/2008,ASG,AR,ASW,CE,Federal Contract Tower,0,9,5,0,14,0,4,64,0,68,0,13,69,0,82,58,0,58,140
06/19/2008,ASG,AR,ASW,CE,Federal Contract Tower,0,6,10,0,16,0,7,32,0,39,0,13,42,0,55,14,0,14,69
06/20/2008,ASG,AR,ASW,CE,Federal Contract Tower,0,7,17,0,24,0,7,33,0,40,0,14,50,0,64,36,0,36,100
06/21/2008,ASG,AR,ASW,CE,Federal Contract Tower,0,0,11,0,11,0,4,49,0,53,0,4,60,0,64,62,0,62,126
06/22/2008,ASG,AR,ASW,CE,Federal Contract Tower,0,2,7,0,9,0,8,40,0,48,0,10,47,0,57,16,0,16,73
06/23/2008,ASG,AR,ASW,CE,Federal Contract Tower,0,8,4,0,12,0,1,41,0,42,0,9,45,0,54,46,0,46,100
06/24/2008,ASG,AR,ASW,CE,Federal Contract Tower,0,6,7,0,13,0,7,43,0,50,0,13,50,0,63,4,0,4,67
06/25/2008,ASG,AR,ASW,CE,Federal Contract Tower,0,7,8,0,15,0,11,77,0,88,0,18,85,0,103,46,0,46,149
06/26/2008,ASG,AR,ASW,CE,Federal Contract Tower,0,10,19,0,29,0,7,47,0,54,0,17,66,0,83,76,0,76,159
06/27/2008,ASG,AR,ASW,CE,Federal Contract Tower,0,16,17,0,33,0,8,24,1,33,0,24,41,1,66,18,0,18,84
06/28/2008,ASG,AR,ASW,CE,Federal Contract Tower,0,3,5,0,8,0,5,20,0,25,0,8,25,0,33,0,0,0,33
06/29/2008,ASG,AR,ASW,CE,Federal Contract Tower,0,0,5,0,5,0,5,28,0,33,0,5,33,0,38,54,0,54,92
06/30/2008,ASG,AR,ASW,CE,Federal Contract Tower,0,6,16,0,22,0,12,63,0,75,0,18,79,0,97,42,0,42,139
07/01/2008,ASG,AR,ASW,CE,Federal Contract Tower,0,5,10,0,15,0,2,48,0,50,0,7,58,0,65,16,0,16,81
07/02/2008,ASG,AR,ASW,CE,Federal Contract Tower,0,6,5,0,11,0,4,42,0,46,0,10,47,0,57,18,0,18,75
07/03/2008,ASG,AR,ASW,CE,Federal Contract Tower,0,4,14,0,18,0,2,42,0,44,0,6,56,0,62,20,0,20,82
07/04/2008,ASG,AR,ASW,CE,Federal Contract Tower,0,0,2,0,2,0,8,12,1,21,0,8,14,1,23,10,0,10,33
07/05/2008,ASG,AR,ASW,CE,Federal Contract Tower,0,0,6,0,6,0,2,19,2,23,0,2,25,2,29,26,0,26,55
07/06/2008,ASG,AR,ASW,CE,Federal Contract Tower,0,2,15,0,17,0,6,38,0,44,0,8,53,0,61,12,0,12,73
07/07/2008,ASG,AR,ASW,CE,Federal Contract Tower,0,6,8,0,14,0,6,62,0,68,0,12,70,0,82,34,0,34,116
07/08/2008,ASG,AR,ASW,CE,Federal Contract Tower,0,6,6,0,12,0,0,47,0,47,0,6,53,0,59,74,0,74,133
07/09/2008,ASG,AR,ASW,CE,Federal Contract Tower,0,10,14,0,24,0,1,11,0,12,0,11,25,0,36,18,0,18,54
07/10/2008,ASG,AR,ASW,CE,Federal Contract Tower,0,9,14,0,23,0,10,53,0,63,0,19,67,0,86,46,0,46,132
07/11/2008,ASG,AR,ASW,CE,Federal Contract Tower,0,5,13,0,18,0,12,89,0,101,0,17,102,0,119,58,0,58,177
07/12/2008,ASG,AR,ASW,CE,Federal Contract Tower,0,1,4,0,5,0,11,56,0,67,0,12,60,0,72,60,0,60,132
07/13/2008,ASG,AR,ASW,CE,Federal Contract Tower,0,1,5,0,6,0,5,52,0,57,0,6,57,0,63,38,0,38,101
07/14/2008,ASG,AR,ASW,CE,Federal Contract Tower,0,4,14,0,18,0,8,61,0,69,0,12,75,0,87,54,0,54,141
07/15/2008,ASG,AR,ASW,CE,Federal Contract Tower,0,13,8,0,21,0,10,59,0,69,0,23,67,0,90,32,0,32,122
07/16/2008,ASG,AR,ASW,CE,Federal Contract Tower,0,6,10,0,16,0,14,83,0,97,0,20,93,0,113,70,0,70,183
07/17/2008,ASG,AR,ASW,CE,Federal Contract Tower,0,6,6,0,12,0,7,64,0,71,0,13,70,0,83,36,0,36,119
07/18/2008,ASG,AR,ASW,CE,Federal Contract Tower,0,3,13,0,16,0,14,76,0,90,0,17,89,0,106,50,0,50,156
07/19/2008,ASG,AR,ASW,CE,Federal Contract Tower,0,0,4,0,4,0,10,43,0,53,0,10,47,0,57,44,0,44,101
07/20/2008,ASG,AR,ASW,CE,Federal Contract Tower,0,0,4,0,4,0,0,21,0,21,0,0,25,0,25,20,0,20,45
07/21/2008,ASG,AR,ASW,CE,Federal Contract Tower,0,6,20,0,26,0,4,46,0,50,0,10,66,0,76,38,0,38,114
07/22/2008,ASG,AR,ASW,CE,Federal Contract Tower,0,6,27,0,33,0,10,70,0,80,0,16,97,0,113,50,0,50,163
07/23/2008,ASG,AR,ASW,CE,Federal Contract Tower,0,8,11,0,19,0,5,18,0,23,0,13,29,0,42,20,0,20,62
07/24/2008,ASG,AR,ASW,CE,Federal Contract Tower,0,6,8,0,14,0,3,49,0,52,0,9,57,0,66,62,0,62,128
07/25/2008,ASG,AR,ASW,CE,Federal Contract Tower,0,6,12,0,18,0,4,49,0,53,0,10,61,0,71,26,0,26,97
07/26/2008,ASG,AR,ASW,CE,Federal Contract Tower,0,0,14,0,14,0,9,35,0,44,0,9,49,0,58,64,0,64,122
07/27/2008,ASG,AR,ASW,CE,Federal Contract Tower,0,1,9,0,10,0,4,28,0,32,0,5,37,0,42,12,0,12,54
07/28/2008,ASG,AR,ASW,CE,Federal Contract Tower,0,7,16,0,23,0,8,63,0,71,0,15,79,0,94,58,0,58,152
07/29/2008,ASG,AR,ASW,CE,Federal Contract Tower,0,9,13,0,22,0,14,64,0,78,0,23,77,0,100,30,0,30,130
07/30/2008,ASG,AR,ASW,CE,Federal Contract Tower,0,5,5,0,10,0,6,43,0,49,0,11,48,0,59,14,0,14,73
07/31/2008,ASG,AR,ASW,CE,Federal Contract Tower,0,6,18,0,24,0,8,35,0,43,0,14,53,0,67,24,0,24,91
08/01/2008,ASG,AR,ASW,CE,Federal Contract Tower,0,5,15,0,20,0,9,50,0,59,0,14,65,0,79,28,0,28,107
08/02/2008,ASG,AR,ASW,CE,Federal Contract Tower,0,1,12,0,13,0,7,24,0,31,0,8,36,0,44,24,0,24,68
08/03/2008,ASG,AR,ASW,CE,Federal Contract Tower,0,1,10,0,11,0,9,31,0,40,0,10,41,0,51,50,0,50,101
08/04/2008,ASG,AR,ASW,CE,Federal Contract Tower,0,9,15,0,24,0,16,65,0,81,0,25,80,0,105,32,0,32,137
08/05/2008,ASG,AR,ASW,CE,Federal Contract Tower,0,7,8,0,15,0,7,63,0,70,0,14,71,0,85,34,0,34,119
08/06/2008,ASG,AR,ASW,CE,Federal Contract Tower,0,3,9,0,12,0,5,37,0,42,0,8,46,0,54,6,0,6,60
08/07/2008,ASG,AR,ASW,CE,Federal Contract Tower,0,6,13,0,19,0,3,18,0,21,0,9,31,0,40,0,0,0,40
08/08/2008,ASG,AR,ASW,CE,Federal Contract Tower,0,6,6,0,12,0,4,45,0,49,0,10,51,0,61,36,0,36,97
08/09/2008,ASG,AR,ASW,CE,Federal Contract Tower,0,1,6,0,7,0,2,43,0,45,0,3,49,0,52,90,0,90,142
08/10/2008,ASG,AR,ASW,CE,Federal Contract Tower,0,0,5,0,5,0,0,3,0,3,0,0,8,0,8,0,0,0,8
08/11/2008,ASG,AR,ASW,CE,Federal Contract Tower,0,8,16,0,24,0,1,12,0,13,0,9,28,0,37,0,0,0,37
08/12/2008,ASG,AR,ASW,CE,Federal Contract Tower,0,8,13,0,21,0,4,37,0,41,0,12,50,0,62,42,0,42,104
08/13/2008,ASG,AR,ASW,CE,Federal Contract Tower,0,11,17,0,28,0,9,73,0,82,0,20,90,0,110,54,0,54,164
08/14/2008,ASG,AR,ASW,CE,Federal Contract Tower,0,7,12,0,19,0,14,50,2,66,0,21,62,2,85,42,0,42,127
08/15/2008,ASG,AR,ASW,CE,Federal Contract Tower,0,7,10,0,17,0,5,25,0,30,0,12,35,0,47,6,0,6,53
08/16/2008,ASG,AR,ASW,CE,Federal Contract Tower,0,1,11,0,12,0,7,47,0,54,0,8,58,0,66,36,0,36,102
08/17/2008,ASG,AR,ASW,CE,Federal Contract Tower,0,2,4,0,6,0,7,33,0,40,0,9,37,0,46,4,0,4,50
08/18/2008,ASG,AR,ASW,CE,Federal Contract Tower,0,8,5,0,13,0,8,49,4,61,0,16,54,4,74,24,0,24,98
08/19/2008,ASG,AR,ASW,CE,Federal Contract Tower,0,9,16,0,25,0,10,40,0,50,0,19,56,0,75,36,0,36,111
08/20/2008,ASG,AR,ASW,CE,Federal Contract Tower,0,7,7,0,14,0,1,11,0,12,0,8,18,0,26,14,0,14,40
08/21/2008,ASG,AR,ASW,CE,Federal Contract Tower,0,8,18,0,26,0,5,21,0,26,0,13,39,0,52,26,0,26,78
08/22/2008,ASG,AR,ASW,CE,Federal Contract Tower,0,11,15,0,26,0,8,35,0,43,0,19,50,0,69,34,0,34,103
08/23/2008,ASG,AR,ASW,CE,Federal Contract Tower,0,0,3,0,3,0,3,24,0,27,0,3,27,0,30,12,0,12,42
08/24/2008,ASG,AR,ASW,CE,Federal Contract Tower,0,0,22,0,22,0,4,21,0,25,0,4,43,0,47,20,0,20,67
08/25/2008,ASG,AR,ASW,CE,Federal Contract Tower,0,6,10,0,16,0,8,63,0,71,0,14,73,0,87,38,8,46,133
08/26/2008,ASG,AR,ASW,CE,Federal Contract Tower,0,9,16,0,25,0,14,63,0,77,0,23,79,0,102,64,0,64,166
08/27/2008,ASG,AR,ASW,CE,Federal Contract Tower,0,5,9,0,14,0,14,55,0,69,0,19,64,0,83,72,0,72,155
08/28/2008,ASG,AR,ASW,CE,Federal Contract Tower,0,6,12,0,18,0,8,37,0,45,0,14,49,0,63,102,0,102,165
08/29/2008,ASG,AR,ASW,CE,Federal Contract Tower,0,11,10,0,21,0,6,43,0,49,0,17,53,0,70,42,0,42,112
08/30/2008,ASG,AR,ASW,CE,Federal Contract Tower,0,1,13,0,14,0,4,40,0,44,0,5,53,0,58,30,0,30,88
08/31/2008,ASG,AR,ASW,CE,Federal Contract Tower,0,1,11,0,12,0,5,32,0,37,0,6,43,0,49,2,2,4,53
09/01/2008,ASG,AR,ASW,CE,Federal Contract Tower,0,0,12,0,12,0,3,24,0,27,0,3,36,0,39,8,0,8,47
09/02/2008,ASG,AR,ASW,CE,Federal Contract Tower,0,9,6,0,15,0,0,6,0,6,0,9,12,0,21,0,0,0,21
09/03/2008,ASG,AR,ASW,CE,Federal Contract Tower,0,11,3,0,14,0,0,0,0,0,0,11,3,0,14,0,0,0,14
09/04/2008,ASG,AR,ASW,CE,Federal Contract Tower,0,7,15,0,22,0,0,1,0,1,0,7,16,0,23,0,0,0,23
09/05/2008,ASG,AR,ASW,CE,Federal Contract Tower,0,11,10,0,21,0,7,53,0,60,0,18,63,0,81,70,0,70,151
09/06/2008,ASG,AR,ASW,CE,Federal Contract Tower,0,2,2,0,4,0,4,33,0,37,0,6,35,0,41,32,0,32,73
09/07/2008,ASG,AR,ASW,CE,Federal Contract Tower,0,4,8,0,12,0,2,41,0,43,0,6,49,0,55,26,0,26,81
09/08/2008,ASG,AR,ASW,CE,Federal Contract Tower,0,5,11,0,16,0,6,62,0,68,0,11,73,0,84,134,0,134,218
09/09/2008,ASG,AR,ASW,CE,Federal Contract Tower,0,5,12,0,17,0,4,18,0,22,0,9,30,0,39,42,0,42,81
09/10/2008,ASG,AR,ASW,CE,Federal Contract Tower,0,12,21,0,33,0,0,42,0,42,0,12,63,0,75,68,0,68,143
09/11/2008,ASG,AR,ASW,CE,Federal Contract Tower,0,7,15,0,22,0,0,7,0,7,0,7,22,0,29,0,0,0,29
09/12/2008,ASG,AR,ASW,CE,Federal Contract Tower,0,8,14,0,22,0,0,40,0,40,0,8,54,0,62,8,0,8,70
09/13/2008,ASG,AR,ASW,CE,Federal Contract Tower,0,3,4,0,7,0,2,7,0,9,0,5,11,0,16,22,0,22,38
09/14/2008,ASG,AR,ASW,CE,Federal Contract Tower,0,0,3,0,3,0,2,10,0,12,0,2,13,0,15,22,0,22,37
09/15/2008,ASG,AR,ASW,CE,Federal Contract Tower,0,5,6,0,11,0,8,63,0,71,0,13,69,0,82,56,0,56,138
09/16/2008,ASG,AR,ASW,CE,Federal Contract Tower,0,6,13,0,19,0,6,83,0,89,0,12,96,0,108,42,0,42,150
09/17/2008,ASG,AR,ASW,CE,Federal Contract Tower,0,7,5,0,12,0,6,49,0,55,0,13,54,0,67,20,0,20,87
09/18/2008,ASG,AR,ASW,CE,Federal Contract Tower,0,3,10,0,13,0,4,54,0,58,0,7,64,0,71,56,0,56,127
09/19/2008,ASG,AR,ASW,CE,Federal Contract Tower,0,8,16,0,24,0,2,67,0,69,0,10,83,0,93,76,0,76,169
09/20/2008,ASG,AR,ASW,CE,Federal Contract Tower,0,2,7,0,9,0,8,27,0,35,0,10,34,0,44,0,0,0,44
09/21/2008,ASG,AR,ASW,CE,Federal Contract Tower,0,1,14,0,15,0,11,37,0,48,0,12,51,0,63,22,0,22,85
09/22/2008,ASG,AR,ASW,CE,Federal Contract Tower,0,5,8,0,13,0,3,59,0,62,0,8,67,0,75,48,0,48,123
09/23/2008,ASG,AR,ASW,CE,Federal Contract Tower,0,6,17,0,23,0,7,70,2,79,0,13,87,2,102,58,0,58,160
09/24/2008,ASG,AR,ASW,CE,Federal Contract Tower,0,7,10,0,17,0,5,32,0,37,0,12,42,0,54,30,0,30,84
09/25/2008,ASG,AR,ASW,CE,Federal Contract Tower,0,9,18,0,27,0,2,38,0,40,0,11,56,0,67,30,0,30,97
09/26/2008,ASG,AR,ASW,CE,Federal Contract Tower,0,10,8,0,18,0,6,54,0,60,0,16,62,0,78,58,0,58,136
09/27/2008,ASG,AR,ASW,CE,Federal Contract Tower,0,0,5,0,5,0,12,57,0,69,0,12,62,0,74,22,0,22,96
09/28/2008,ASG,AR,ASW,CE,Federal Contract Tower,0,0,4,0,4,0,0,42,0,42,0,0,46,0,46,20,0,20,66
09/29/2008,ASG,AR,ASW,CE,Federal Contract Tower,0,7,10,0,17,0,7,53,0,60,0,14,63,0,77,30,0,30,107
09/30/2008,ASG,AR,ASW,CE,Federal Contract Tower,0,7,10,0,17,0,6,45,0,51,0,13,55,0,68,48,0,48,116
10/01/2008,ASG,AR,ASW,CE,Federal Contract Tower,0,5,12,0,17,0,3,57,0,60,0,8,69,0,77,18,0,18,95
10/02/2008,ASG,AR,ASW,CE,Federal Contract Tower,0,5,6,0,11,0,13,76,0,89,0,18,82,0,100,66,0,66,166
10/03/2008,ASG,AR,ASW,CE,Federal Contract Tower,0,6,12,0,18,0,4,67,0,71,0,10,79,0,89,20,0,20,109
10/04/2008,ASG,AR,ASW,CE,Federal Contract Tower,0,0,12,0,12,0,2,14,0,16,0,2,26,0,28,0,0,0,28
10/05/2008,ASG,AR,ASW,CE,Federal Contract Tower,0,0,3,0,3,0,4,45,0,49,0,4,48,0,52,20,0,20,72
10/06/2008,ASG,AR,ASW,CE,Federal Contract Tower,0,6,15,0,21,0,0,5,0,5,0,6,20,0,26,22,0,22,48
10/07/2008,ASG,AR,ASW,CE,Federal Contract Tower,0,7,8,0,15,0,0,0,0,0,0,7,8,0,15,0,0,0,15
10/08/2008,ASG,AR,ASW,CE,Federal Contract Tower,0,8,14,0,22,0,6,50,0,56,0,14,64,0,78,48,0,48,126
10/09/2008,ASG,AR,ASW,CE,Federal Contract Tower,0,6,13,0,19,0,7,77,0,84,0,13,90,0,103,94,0,94,197
10/10/2008,ASG,AR,ASW,CE,Federal Contract Tower,0,8,4,0,12,0,3,48,0,51,0,11,52,0,63,40,0,40,103
10/11/2008,ASG,AR,ASW,CE,Federal Contract Tower,0,2,6,0,8,0,5,37,0,42,0,7,43,0,50,42,0,42,92
10/12/2008,ASG,AR,ASW,CE,Federal Contract Tower,0,1,7,0,8,0,0,22,0,22,0,1,29,0,30,32,0,32,62
10/13/2008,ASG,AR,ASW,CE,Federal Contract Tower,0,1,14,0,15,0,8,36,0,44,0,9,50,0,59,42,0,42,101
10/14/2008,ASG,AR,ASW,CE,Federal Contract Tower,0,13,9,0,22,0,7,56,0,63,0,20,65,0,85,48,0,48,133
10/15/2008,ASG,AR,ASW,CE,Federal Contract Tower,0,6,8,0,14,0,2,27,0,29,0,8,35,0,43,24,0,24,67
10/16/2008,ASG,AR,ASW,CE,Federal Contract Tower,0,6,18,0,24,0,6,67,0,73,0,12,85,0,97,58,0,58,155
10/17/2008,ASG,AR,ASW,CE,Federal Contract Tower,0,7,18,0,25,0,6,62,0,68,0,13,80,0,93,8,0,8,101
10/18/2008,ASG,AR,ASW,CE,Federal Contract Tower,0,0,6,0,6,0,7,51,0,58,0,7,57,0,64,16,0,16,80
10/19/2008,ASG,AR,ASW,CE,Federal Contract Tower,0,1,8,0,9,0,4,35,0,39,0,5,43,0,48,20,0,20,68
10/20/2008,ASG,AR,ASW,CE,Federal Contract Tower,0,7,8,0,15,0,13,69,0,82,0,20,77,0,97,82,0,82,179
10/21/2008,ASG,AR,ASW,CE,Federal Contract Tower,0,10,8,0,18,0,10,64,0,74,0,20,72,0,92,66,0,66,158
10/22/2008,ASG,AR,ASW,CE,Federal Contract Tower,0,8,14,0,22,0,5,27,0,32,0,13,41,0,54,10,0,10,64
10/23/2008,ASG,AR,ASW,CE,Federal Contract Tower,0,13,9,0,22,0,3,57,0,60,0,16,66,0,82,50,0,50,132
10/24/2008,ASG,AR,ASW,CE,Federal Contract Tower,0,11,21,0,32,0,2,45,0,47,0,13,66,0,79,56,0,56,135
10/25/2008,ASG,AR,ASW,CE,Federal Contract Tower,0,4,11,0,15,0,2,59,0,61,0,6,70,0,76,104,0,104,180
10/26/2008,ASG,AR,ASW,CE,Federal Contract Tower,0,1,21,0,22,0,9,49,0,58,0,10,70,0,80,44,0,44,124
10/27/2008,ASG,AR,ASW,CE,Federal Contract Tower,0,5,14,0,19,0,5,64,0,69,0,10,78,0,88,54,0,54,142
10/28/2008,ASG,AR,ASW,CE,Federal Contract Tower,0,10,18,0,28,0,13,81,0,94,0,23,99,0,122,64,0,64,186
10/29/2008,ASG,AR,ASW,CE,Federal Contract Tower,0,8,7,0,15,0,6,56,0,62,0,14,63,0,77,10,0,10,87
10/30/2008,ASG,AR,ASW,CE,Federal Contract Tower,0,6,8,0,14,0,3,77,0,80,0,9,85,0,94,76,0,76,170
10/31/2008,ASG,AR,ASW,CE,Federal Contract Tower,0,7,18,0,25,0,8,40,0,48,0,15,58,0,73,38,0,38,111
11/01/2008,ASG,AR,ASW,CE,Federal Contract Tower,0,0,13,0,13,0,10,56,0,66,0,10,69,0,79,20,0,20,99
11/02/2008,ASG,AR,ASW,CE,Federal Contract Tower,0,2,12,0,14,0,5,57,0,62,0,7,69,0,76,14,0,14,90
11/03/2008,ASG,AR,ASW,CE,Federal Contract Tower,0,8,11,0,19,0,11,46,0,57,0,19,57,0,76,34,0,34,110
11/04/2008,ASG,AR,ASW,CE,Federal Contract Tower,0,6,16,0,22,0,13,64,0,77,0,19,80,0,99,24,0,24,123
11/05/2008,ASG,AR,ASW,CE,Federal Contract Tower,0,8,8,0,16,0,9,47,0,56,0,17,55,0,72,36,0,36,108
11/06/2008,ASG,AR,ASW,CE,Federal Contract Tower,0,6,13,0,19,0,2,30,0,32,0,8,43,0,51,16,0,16,67
11/07/2008,ASG,AR,ASW,CE,Federal Contract Tower,0,9,19,0,28,0,8,45,0,53,0,17,64,0,81,14,0,14,95
11/08/2008,ASG,AR,ASW,CE,Federal Contract Tower,0,1,5,0,6,0,2,22,0,24,0,3,27,0,30,16,0,16,46
11/09/2008,ASG,AR,ASW,CE,Federal Contract Tower,0,2,14,0,16,0,1,34,0,35,0,3,48,0,51,26,0,26,77
11/10/2008,ASG,AR,ASW,CE,Federal Contract Tower,0,6,8,0,14,0,4,13,0,17,0,10,21,0,31,14,0,14,45
11/11/2008,ASG,AR,ASW,CE,Federal Contract Tower,0,3,11,0,14,0,0,12,0,12,0,3,23,0,26,16,0,16,42
11/12/2008,ASG,AR,ASW,CE,Federal Contract Tower,0,5,12,0,17,0,3,25,0,28,0,8,37,0,45,24,0,24,69
11/13/2008,ASG,AR,ASW,CE,Federal Contract Tower,0,6,13,0,19,0,7,67,0,74,0,13,80,0,93,112,0,112,205
11/14/2008,ASG,AR,ASW,CE,Federal Contract Tower,0,7,21,0,28,0,2,7,0,9,0,9,28,0,37,0,0,0,37
11/15/2008,ASG,AR,ASW,CE,Federal Contract Tower,0,1,1,0,2,0,3,15,0,18,0,4,16,0,20,18,0,18,38
11/16/2008,ASG,AR,ASW,CE,Federal Contract Tower,0,1,9,0,10,0,10,33,0,43,0,11,42,0,53,22,0,22,75
11/17/2008,ASG,AR,ASW,CE,Federal Contract Tower,0,7,16,0,23,0,5,45,0,50,0,12,61,0,73,24,0,24,97
11/18/2008,ASG,AR,ASW,CE,Federal Contract Tower,0,6,4,0,10,0,3,54,0,57,0,9,58,0,67,34,0,34,101
11/19/2008,ASG,AR,ASW,CE,Federal Contract Tower,0,7,8,0,15,0,5,64,0,69,0,12,72,0,84,44,0,44,128
11/20/2008,ASG,AR,ASW,CE,Federal Contract Tower,0,6,18,0,24,0,7,42,0,49,0,13,60,0,73,34,0,34,107
11/21/2008,ASG,AR,ASW,CE,Federal Contract Tower,0,6,10,0,16,0,3,48,0,51,0,9,58,0,67,66,0,66,133
11/22/2008,ASG,AR,ASW,CE,Federal Contract Tower,0,0,11,0,11,0,6,50,0,56,0,6,61,0,67,48,0,48,115
11/23/2008,ASG,AR,ASW,CE,Federal Contract Tower,0,0,10,0,10,0,2,17,0,19,0,2,27,0,29,60,0,60,89
11/24/2008,ASG,AR,ASW,CE,Federal Contract Tower,0,7,9,0,16,0,2,64,0,66,0,9,73,0,82,62,0,62,144
11/25/2008,ASG,AR,ASW,CE,Federal Contract Tower,0,5,18,2,25,0,4,74,0,78,0,9,92,2,103,94,0,94,197
11/26/2008,ASG,AR,ASW,CE,Federal Contract Tower,0,9,6,0,15,0,4,56,0,60,0,13,62,0,75,42,0,42,117
11/27/2008,ASG,AR,ASW,CE,Federal Contract Tower,0,0,6,0,6,0,7,16,0,23,0,7,22,0,29,6,0,6,35
11/28/2008,ASG,AR,ASW,CE,Federal Contract Tower,0,6,6,0,12,0,7,43,0,50,0,13,49,0,62,30,0,30,92
11/29/2008,ASG,AR,ASW,CE,Federal Contract Tower,0,1,9,0,10,0,2,11,0,13,0,3,20,0,23,12,0,12,35
11/30/2008,ASG,AR,ASW,CE,Federal Contract Tower,0,1,11,0,12,0,1,2,0,3,0,2,13,0,15,0,0,0,15
12/01/2008,ASG,AR,ASW,CE,Federal Contract Tower,0,6,11,0,17,0,5,16,0,21,0,11,27,0,38,0,0,0,38
12/02/2008,ASG,AR,ASW,CE,Federal Contract Tower,0,6,13,0,19,0,9,45,0,54,0,15,58,0,73,38,0,38,111
12/03/2008,ASG,AR,ASW,CE,Federal Contract Tower,0,8,12,0,20,0,5,19,0,24,0,13,31,0,44,12,0,12,56
12/04/2008,ASG,AR,ASW,CE,Federal Contract Tower,0,8,25,0,33,0,6,43,0,49,0,14,68,0,82,42,0,42,124
12/05/2008,ASG,AR,ASW,CE,Federal Contract Tower,0,5,15,0,20,0,7,66,2,75,0,12,81,2,95,28,4,32,127
12/06/2008,ASG,AR,ASW,CE,Federal Contract Tower,0,0,12,0,12,0,1,19,0,20,0,1,31,0,32,20,0,20,52
12/07/2008,ASG,AR,ASW,CE,Federal Contract Tower,0,0,8,0,8,0,6,56,0,62,0,6,64,0,70,52,0,52,122
12/08/2008,ASG,AR,ASW,CE,Federal Contract Tower,0,6,7,0,13,0,1,10,0,11,0,7,17,0,24,0,0,0,24
12/09/2008,ASG,AR,ASW,CE,Federal Contract Tower,0,6,1,0,7,0,0,1,0,1,0,6,2,0,8,2,0,2,10
12/10/2008,ASG,AR,ASW,CE,Federal Contract Tower,0,7,14,0,21,0,0,0,0,0,0,7,14,0,21,0,0,0,21
12/11/2008,ASG,AR,ASW,CE,Federal Contract Tower,0,6,5,0,11,0,2,47,0,49,0,8,52,0,60,56,0,56,116
12/12/2008,ASG,AR,ASW,CE,Federal Contract Tower,0,6,8,0,14,0,8,71,0,79,0,14,79,0,93,72,0,72,165
12/13/2008,ASG,AR,ASW,CE,Federal Contract Tower,0,0,7,0,7,0,3,11,0,14,0,3,18,0,21,2,0,2,23
12/14/2008,ASG,AR,ASW,CE,Federal Contract Tower,0,1,3,0,4,0,2,4,0,6,0,3,7,0,10,0,0,0,10
12/15/2008,ASG,AR,ASW,CE,Federal Contract Tower,0,6,7,0,13,0,1,6,0,7,0,7,13,0,20,16,0,16,36
12/16/2008,ASG,AR,ASW,CE,Federal Contract Tower,0,6,1,0,7,0,0,0,0,0,0,6,1,0,7,0,0,0,7
12/17/2008,ASG,AR,ASW,CE,Federal Contract Tower,0,6,9,0,15,0,0,0,0,0,0,6,9,0,15,0,0,0,15
12/18/2008,ASG,AR,ASW,CE,Federal Contract Tower,0,12,13,0,25,0,0,0,0,0,0,12,13,0,25,0,0,0,25
12/19/2008,ASG,AR,ASW,CE,Federal Contract Tower,0,5,13,0,18,0,7,62,0,69,0,12,75,0,87,44,0,44,131
12/20/2008,ASG,AR,ASW,CE,Federal Contract Tower,0,0,2,0,2,0,2,14,0,16,0,2,16,0,18,4,0,4,22
12/21/2008,ASG,AR,ASW,CE,Federal Contract Tower,0,1,11,0,12,0,2,24,0,26,0,3,35,0,38,8,0,8,46
12/22/2008,ASG,AR,ASW,CE,Federal Contract Tower,0,4,16,0,20,0,2,41,0,43,0,6,57,0,63,14,0,14,77
12/23/2008,ASG,AR,ASW,CE,Federal Contract Tower,0,4,2,0,6,0,0,1,0,1,0,4,3,0,7,0,0,0,7
12/24/2008,ASG,AR,ASW,CE,Federal Contract Tower,0,6,6,0,12,0,2,13,0,15,0,8,19,0,27,6,0,6,33
12/25/2008,ASG,AR,ASW,CE,Federal Contract Tower,0,0,3,0,3,0,3,7,0,10,0,3,10,0,13,0,0,0,13
12/26/2008,ASG,AR,ASW,CE,Federal Contract Tower,0,4,16,0,20,0,4,0,0,4,0,8,16,0,24,0,0,0,24
12/27/2008,ASG,AR,ASW,CE,Federal Contract Tower,0,0,0,0,0,0,0,0,0,0,0,0,0,0,0,0,0,0,0
12/28/2008,ASG,AR,ASW,CE,Federal Contract Tower,0,0,9,0,9,0,1,51,0,52,0,1,60,0,61,56,0,56,117
12/29/2008,ASG,AR,ASW,CE,Federal Contract Tower,0,8,2,0,10,0,5,83,0,88,0,13,85,0,98,76,0,76,174
12/30/2008,ASG,AR,ASW,CE,Federal Contract Tower,0,6,9,0,15,0,3,19,0,22,0,9,28,0,37,32,0,32,69
12/31/2008,ASG,AR,ASW,CE,Federal Contract Tower,0,7,7,0,14,0,10,72,0,82,0,17,79,0,96,98,0,98,194
01/01/2009,ASG,AR,ASW,CE,Federal Contract Tower,0,0,1,0,1,0,7,41,0,48,0,7,42,0,49,10,0,10,59
01/02/2009,ASG,AR,ASW,CE,Federal Contract Tower,0,7,12,0,19,0,3,55,0,58,0,10,67,0,77,50,0,50,127
01/03/2009,ASG,AR,ASW,CE,Federal Contract Tower,0,0,10,0,10,0,4,15,0,19,0,4,25,0,29,6,0,6,35
01/04/2009,ASG,AR,ASW,CE,Federal Contract Tower,0,1,3,0,4,0,3,22,0,25,0,4,25,0,29,46,0,46,75
01/05/2009,ASG,AR,ASW,CE,Federal Contract Tower,0,7,10,0,17,0,0,28,0,28,0,7,38,0,45,0,0,0,45
01/06/2009,ASG,AR,ASW,CE,Federal Contract Tower,0,6,9,0,15,0,4,36,0,40,0,10,45,0,55,34,0,34,89
01/07/2009,ASG,AR,ASW,CE,Federal Contract Tower,0,5,13,0,18,0,8,27,8,43,0,13,40,8,61,16,0,16,77
01/08/2009,ASG,AR,ASW,CE,Federal Contract Tower,0,8,19,0,27,0,4,62,0,66,0,12,81,0,93,40,0,40,133
01/09/2009,ASG,AR,ASW,CE,Federal Contract Tower,0,8,7,1,16,0,2,29,0,31,0,10,36,1,47,38,0,38,85
01/10/2009,ASG,AR,ASW,CE,Federal Contract Tower,0,0,4,0,4,0,2,11,0,13,0,2,15,0,17,40,0,40,57
01/11/2009,ASG,AR,ASW,CE,Federal Contract Tower,0,0,4,0,4,0,4,51,0,55,0,4,55,0,59,68,0,68,127
01/12/2009,ASG,AR,ASW,CE,Federal Contract Tower,0,7,7,0,14,0,21,43,0,64,0,28,50,0,78,50,0,50,128
01/13/2009,ASG,AR,ASW,CE,Federal Contract Tower,0,9,10,0,19,0,6,60,0,66,0,15,70,0,85,84,0,84,169
01/14/2009,ASG,AR,ASW,CE,Federal Contract Tower,0,8,15,0,23,0,4,31,0,35,0,12,46,0,58,0,0,0,58
01/15/2009,ASG,AR,ASW,CE,Federal Contract Tower,0,10,12,2,24,0,1,21,0,22,0,11,33,2,46,0,0,0,46
01/16/2009,ASG,AR,ASW,CE,Federal Contract Tower,0,8,12,0,20,0,5,41,0,46,0,13,53,0,66,54,0,54,120
01/17/2009,ASG,AR,ASW,CE,Federal Contract Tower,0,0,5,0,5,0,0,16,0,16,0,0,21,0,21,24,0,24,45
01/18/2009,ASG,AR,ASW,CE,Federal Contract Tower,0,0,9,0,9,0,5,39,0,44,0,5,48,0,53,18,0,18,71
01/19/2009,ASG,AR,ASW,CE,Federal Contract Tower,0,1,13,0,14,0,4,34,0,38,0,5,47,0,52,0,0,0,52
01/20/2009,ASG,AR,ASW,CE,Federal Contract Tower,0,6,9,0,15,0,0,25,0,25,0,6,34,0,40,112,0,112,152
01/21/2009,ASG,AR,ASW,CE,Federal Contract Tower,0,9,10,0,19,0,8,31,0,39,0,17,41,0,58,4,0,4,62
01/22/2009,ASG,AR,ASW,CE,Federal Contract Tower,0,8,20,0,28,0,5,90,0,95,0,13,110,0,123,74,0,74,197
01/23/2009,ASG,AR,ASW,CE,Federal Contract Tower,0,8,7,0,15,0,4,34,0,38,0,12,41,0,53,20,0,20,73
01/24/2009,ASG,AR,ASW,CE,Federal Contract Tower,0,2,4,0,6,0,7,62,2,71,0,9,66,2,77,84,4,88,165
01/25/2009,ASG,AR,ASW,CE,Federal Contract Tower,0,0,8,0,8,0,5,31,0,36,0,5,39,0,44,104,0,104,148
01/26/2009,ASG,AR,ASW,CE,Federal Contract Tower,0,7,4,0,11,0,0,6,0,6,0,7,10,0,17,0,0,0,17
01/27/2009,ASG,AR,ASW,CE,Federal Contract Tower,0,2,0,0,2,0,0,0,0,0,0,2,0,0,2,0,0,0,2
01/28/2009,ASG,AR,ASW,CE,Federal Contract Tower,0,1,0,0,1,0,4,13,0,17,0,5,13,0,18,0,0,0,18
01/29/2009,ASG,AR,ASW,CE,Federal Contract Tower,0,1,2,0,3,0,0,5,0,5,0,1,7,0,8,0,0,0,8
01/30/2009,ASG,AR,ASW,CE,Federal Contract Tower,0,7,5,0,12,0,7,14,0,21,0,14,19,0,33,24,0,24,57
01/31/2009,ASG,AR,ASW,CE,Federal Contract Tower,0,0,1,0,1,0,4,18,0,22,0,4,19,0,23,20,0,20,43
02/01/2009,ASG,AR,ASW,CE,Federal Contract Tower,0,0,0,0,0,0,4,18,0,22,0,4,18,0,22,0,0,0,22
02/02/2009,ASG,AR,ASW,CE,Federal Contract Tower,0,7,16,0,23,0,4,44,0,48,0,11,60,0,71,30,0,30,101
02/03/2009,ASG,AR,ASW,CE,Federal Contract Tower,0,8,9,0,17,0,2,35,0,37,0,10,44,0,54,14,0,14,68
02/04/2009,ASG,AR,ASW,CE,Federal Contract Tower,0,7,18,0,25,0,0,63,0,63,0,7,81,0,88,56,0,56,144
02/05/2009,ASG,AR,ASW,CE,Federal Contract Tower,0,11,6,0,17,0,7,42,0,49,0,18,48,0,66,58,0,58,124
02/06/2009,ASG,AR,ASW,CE,Federal Contract Tower,0,8,9,0,17,0,8,47,0,55,0,16,56,0,72,38,0,38,110
02/07/2009,ASG,AR,ASW,CE,Federal Contract Tower,0,0,5,0,5,0,4,17,0,21,0,4,22,0,26,0,0,0,26
02/08/2009,ASG,AR,ASW,CE,Federal Contract Tower,0,0,8,0,8,0,2,17,0,19,0,2,25,0,27,12,0,12,39
02/09/2009,ASG,AR,ASW,CE,Federal Contract Tower,0,6,8,0,14,0,3,11,0,14,0,9,19,0,28,0,0,0,28
02/10/2009,ASG,AR,ASW,CE,Federal Contract Tower,0,11,5,0,16,0,2,11,0,13,0,13,16,0,29,14,0,14,43
02/11/2009,ASG,AR,ASW,CE,Federal Contract Tower,0,8,8,0,16,0,3,1,0,4,0,11,9,0,20,0,0,0,20
02/12/2009,ASG,AR,ASW,CE,Federal Contract Tower,0,8,6,0,14,0,7,64,0,71,0,15,70,0,85,62,0,62,147
02/13/2009,ASG,AR,ASW,CE,Federal Contract Tower,0,6,10,0,16,0,8,30,0,38,0,14,40,0,54,10,0,10,64
02/14/2009,ASG,AR,ASW,CE,Federal Contract Tower,0,0,9,0,9,0,11,29,0,40,0,11,38,0,49,18,0,18,67
02/15/2009,ASG,AR,ASW,CE,Federal Contract Tower,0,0,5,0,5,0,0,5,0,5,0,0,10,0,10,24,0,24,34
02/16/2009,ASG,AR,ASW,CE,Federal Contract Tower,0,1,11,0,12,0,4,54,0,58,0,5,65,0,70,72,0,72,142
02/17/2009,ASG,AR,ASW,CE,Federal Contract Tower,0,10,10,0,20,0,0,15,0,15,0,10,25,0,35,0,0,0,35
02/18/2009,ASG,AR,ASW,CE,Federal Contract Tower,0,8,12,0,20,0,0,26,0,26,0,8,38,0,46,74,0,74,120
02/19/2009,ASG,AR,ASW,CE,Federal Contract Tower,0,10,19,0,29,0,1,34,0,35,0,11,53,0,64,20,0,20,84
02/20/2009,ASG,AR,ASW,CE,Federal Contract Tower,0,9,11,0,20,0,0,36,0,36,0,9,47,0,56,32,0,32,88
02/21/2009,ASG,AR,ASW,CE,Federal Contract Tower,0,0,5,0,5,0,2,26,0,28,0,2,31,0,33,34,0,34,67
02/22/2009,ASG,AR,ASW,CE,Federal Contract Tower,0,1,9,0,10,0,2,31,0,33,0,3,40,0,43,14,0,14,57
02/23/2009,ASG,AR,ASW,CE,Federal Contract Tower,0,7,16,0,23,0,8,52,0,60,0,15,68,0,83,86,0,86,169
02/24/2009,ASG,AR,ASW,CE,Federal Contract Tower,0,9,16,0,25,0,6,41,0,47,0,15,57,0,72,54,0,54,126
02/25/2009,ASG,AR,ASW,CE,Federal Contract Tower,0,8,16,0,24,0,3,37,0,40,0,11,53,0,64,58,0,58,122
02/26/2009,ASG,AR,ASW,CE,Federal Contract Tower,0,11,9,0,20,0,2,32,0,34,0,13,41,0,54,16,0,16,70
02/27/2009,ASG,AR,ASW,CE,Federal Contract Tower,0,11,5,0,16,0,3,33,0,36,0,14,38,0,52,28,0,28,80
02/28/2009,ASG,AR,ASW,CE,Federal Contract Tower,0,0,0,0,0,0,0,0,0,0,0,0,0,0,0,0,0,0,0
03/01/2009,ASG,AR,ASW,CE,Federal Contract Tower,0,3,13,0,16,0,6,34,0,40,0,9,47,0,56,16,0,16,72
03/02/2009,ASG,AR,ASW,CE,Federal Contract Tower,0,11,8,0,19,0,6,43,0,49,0,17,51,0,68,74,0,74,142
03/03/2009,ASG,AR,ASW,CE,Federal Contract Tower,0,9,6,0,15,0,4,41,0,45,0,13,47,0,60,24,0,24,84
03/04/2009,ASG,AR,ASW,CE,Federal Contract Tower,0,9,10,0,19,0,2,42,0,44,0,11,52,0,63,70,0,70,133
03/05/2009,ASG,AR,ASW,CE,Federal Contract Tower,0,9,22,0,31,0,6,26,0,32,0,15,48,0,63,10,0,10,73
03/06/2009,ASG,AR,ASW,CE,Federal Contract Tower,0,7,8,0,15,0,6,67,0,73,0,13,75,0,88,58,0,58,146
03/07/2009,ASG,AR,ASW,CE,Federal Contract Tower,0,0,1,0,1,0,6,5,0,11,0,6,6,0,12,10,0,10,22
03/08/2009,ASG,AR,ASW,CE,Federal Contract Tower,0,1,5,0,6,0,2,27,0,29,0,3,32,0,35,80,0,80,115
03/09/2009,ASG,AR,ASW,CE,Federal Contract Tower,0,7,11,0,18,0,4,48,0,52,0,11,59,0,70,116,0,116,186
03/10/2009,ASG,AR,ASW,CE,Federal Contract Tower,0,13,11,0,24,0,4,27,0,31,0,17,38,0,55,14,0,14,69
03/11/2009,ASG,AR,ASW,CE,Federal Contract Tower,0,11,14,0,25,0,8,62,0,70,0,19,76,0,95,66,0,66,161
03/12/2009,ASG,AR,ASW,CE,Federal Contract Tower,0,8,11,0,19,0,3,23,0,26,0,11,34,0,45,14,0,14,59
03/13/2009,ASG,AR,ASW,CE,Federal Contract Tower,0,8,9,0,17,0,6,38,0,44,0,14,47,0,61,62,0,62,123
03/14/2009,ASG,AR,ASW,CE,Federal Contract Tower,0,0,10,0,10,0,2,31,0,33,0,2,41,0,43,20,0,20,63
03/15/2009,ASG,AR,ASW,CE,Federal Contract Tower,0,2,9,0,11,0,3,26,0,29,0,5,35,0,40,54,0,54,94
03/16/2009,ASG,AR,ASW,CE,Federal Contract Tower,0,5,11,0,16,0,2,61,0,63,0,7,72,0,79,70,0,70,149
03/17/2009,ASG,AR,ASW,CE,Federal Contract Tower,0,9,7,0,16,0,1,82,0,83,0,10,89,0,99,56,0,56,155
03/18/2009,ASG,AR,ASW,CE,Federal Contract Tower,0,6,8,0,14,0,3,33,0,36,0,9,41,0,50,18,0,18,68
03/19/2009,ASG,AR,ASW,CE,Federal Contract Tower,0,6,11,0,17,0,2,30,0,32,0,8,41,0,49,50,0,50,99
03/20/2009,ASG,AR,ASW,CE,Federal Contract Tower,0,8,17,0,25,0,8,52,0,60,0,16,69,0,85,98,0,98,183
03/21/2009,ASG,AR,ASW,CE,Federal Contract Tower,0,0,7,0,7,0,6,11,0,17,0,6,18,0,24,6,0,6,30
03/22/2009,ASG,AR,ASW,CE,Federal Contract Tower,0,2,6,0,8,0,4,33,0,37,0,6,39,0,45,42,0,42,87
03/23/2009,ASG,AR,ASW,CE,Federal Contract Tower,0,6,4,0,10,0,4,4,0,8,0,10,8,0,18,0,0,0,18
03/24/2009,ASG,AR,ASW,CE,Federal Contract Tower,0,5,7,0,12,0,6,22,0,28,0,11,29,0,40,40,0,40,80
03/25/2009,ASG,AR,ASW,CE,Federal Contract Tower,0,6,12,0,18,0,8,46,0,54,0,14,58,0,72,18,0,18,90
03/26/2009,ASG,AR,ASW,CE,Federal Contract Tower,0,7,7,0,14,0,5,17,0,22,0,12,24,0,36,12,0,12,48
03/27/2009,ASG,AR,ASW,CE,Federal Contract Tower,0,7,14,0,21,0,1,5,0,6,0,8,19,0,27,10,0,10,37
03/28/2009,ASG,AR,ASW,CE,Federal Contract Tower,0,1,0,0,1,0,0,0,0,0,0,1,0,0,1,0,0,0,1
03/29/2009,ASG,AR,ASW,CE,Federal Contract Tower,0,0,9,0,9,0,1,57,0,58,0,1,66,0,67,54,0,54,121
03/30/2009,ASG,AR,ASW,CE,Federal Contract Tower,0,5,6,0,11,0,3,28,0,31,0,8,34,0,42,14,0,14,56
03/31/2009,ASG,AR,ASW,CE,Federal Contract Tower,0,9,10,0,19,0,8,45,0,53,0,17,55,0,72,26,0,26,98
04/01/2009,ASG,AR,ASW,CE,Federal Contract Tower,0,6,19,0,25,0,8,56,0,64,0,14,75,0,89,42,0,42,131
04/02/2009,ASG,AR,ASW,CE,Federal Contract Tower,0,6,9,0,15,0,0,7,0,7,0,6,16,0,22,0,0,0,22
04/03/2009,ASG,AR,ASW,CE,Federal Contract Tower,0,8,11,0,19,0,6,123,0,129,0,14,134,0,148,122,0,122,270
04/04/2009,ASG,AR,ASW,CE,Federal Contract Tower,0,0,6,0,6,0,8,33,0,41,0,8,39,0,47,24,0,24,71
04/05/2009,ASG,AR,ASW,CE,Federal Contract Tower,0,0,6,0,6,0,1,2,0,3,0,1,8,0,9,0,0,0,9
04/06/2009,ASG,AR,ASW,CE,Federal Contract Tower,0,4,10,0,14,0,5,17,0,22,0,9,27,0,36,0,0,0,36
04/07/2009,ASG,AR,ASW,CE,Federal Contract Tower,0,9,8,0,17,0,3,60,0,63,0,12,68,0,80,94,0,94,174
04/08/2009,ASG,AR,ASW,CE,Federal Contract Tower,0,6,7,0,13,0,8,71,0,79,0,14,78,0,92,114,0,114,206
04/09/2009,ASG,AR,ASW,CE,Federal Contract Tower,0,6,12,0,18,0,0,9,0,9,0,6,21,0,27,2,0,2,29
04/10/2009,ASG,AR,ASW,CE,Federal Contract Tower,0,7,16,0,23,0,2,3,0,5,0,9,19,0,28,6,0,6,34
04/11/2009,ASG,AR,ASW,CE,Federal Contract Tower,0,0,9,0,9,0,9,58,0,67,0,9,67,0,76,48,0,48,124
04/12/2009,ASG,AR,ASW,CE,Federal Contract Tower,0,0,4,0,4,0,2,0,0,2,0,2,4,0,6,0,0,0,6
04/13/2009,ASG,AR,ASW,CE,Federal Contract Tower,0,7,16,0,23,0,0,0,0,0,0,7,16,0,23,0,0,0,23
04/14/2009,ASG,AR,ASW,CE,Federal Contract Tower,0,6,19,0,25,0,0,61,0,61,0,6,80,0,86,60,0,60,146
04/15/2009,ASG,AR,ASW,CE,Federal Contract Tower,0,7,12,0,19,0,7,75,0,82,0,14,87,0,101,52,0,52,153
04/16/2009,ASG,AR,ASW,CE,Federal Contract Tower,0,9,15,0,24,0,2,43,0,45,0,11,58,0,69,42,0,42,111
04/17/2009,ASG,AR,ASW,CE,Federal Contract Tower,0,6,12,0,18,0,2,18,0,20,0,8,30,0,38,4,0,4,42
04/18/2009,ASG,AR,ASW,CE,Federal Contract Tower,0,0,10,0,10,0,3,32,0,35,0,3,42,0,45,16,0,16,61
04/19/2009,ASG,AR,ASW,CE,Federal Contract Tower,0,2,12,0,14,0,0,3,0,3,0,2,15,0,17,6,0,6,23
04/20/2009,ASG,AR,ASW,CE,Federal Contract Tower,0,5,9,0,14,0,2,64,0,66,0,7,73,0,80,50,0,50,130
04/21/2009,ASG,AR,ASW,CE,Federal Contract Tower,0,5,16,0,21,0,2,58,0,60,0,7,74,0,81,92,0,92,173
04/22/2009,ASG,AR,ASW,CE,Federal Contract Tower,0,6,14,0,20,0,1,95,0,96,0,7,109,0,116,100,0,100,216
04/23/2009,ASG,AR,ASW,CE,Federal Contract Tower,0,6,9,0,15,0,4,9,0,13,0,10,18,0,28,2,0,2,30
04/24/2009,ASG,AR,ASW,CE,Federal Contract Tower,0,6,7,0,13,0,15,45,0,60,0,21,52,0,73,34,0,34,107
04/25/2009,ASG,AR,ASW,CE,Federal Contract Tower,0,0,8,0,8,0,7,17,0,24,0,7,25,0,32,8,0,8,40
04/26/2009,ASG,AR,ASW,CE,Federal Contract Tower,0,1,8,0,9,0,1,29,0,30,0,2,37,0,39,4,0,4,43
04/27/2009,ASG,AR,ASW,CE,Federal Contract Tower,0,10,6,0,16,0,7,17,0,24,0,17,23,0,40,12,0,12,52
04/28/2009,ASG,AR,ASW,CE,Federal Contract Tower,0,8,6,0,14,0,3,30,0,33,0,11,36,0,47,18,0,18,65
04/29/2009,ASG,AR,ASW,CE,Federal Contract Tower,0,6,7,0,13,0,1,19,0,20,0,7,26,0,33,14,0,14,47
04/30/2009,ASG,AR,ASW,CE,Federal Contract Tower,0,6,8,0,14,0,5,11,0,16,0,11,19,0,30,18,0,18,48
05/01/2009,ASG,AR,ASW,CE,Federal Contract Tower,0,6,7,0,13,0,0,3,0,3,0,6,10,0,16,2,0,2,18
05/02/2009,ASG,AR,ASW,CE,Federal Contract Tower,0,0,0,0,0,0,0,3,0,3,0,0,3,0,3,8,0,8,11
05/03/2009,ASG,AR,ASW,CE,Federal Contract Tower,0,0,7,0,7,0,0,0,0,0,0,0,7,0,7,0,0,0,7
05/04/2009,ASG,AR,ASW,CE,Federal Contract Tower,0,6,16,0,22,0,0,23,0,23,0,6,39,0,45,10,0,10,55
05/05/2009,ASG,AR,ASW,CE,Federal Contract Tower,0,8,8,0,16,0,0,5,0,5,0,8,13,0,21,0,0,0,21
05/06/2009,ASG,AR,ASW,CE,Federal Contract Tower,0,6,19,0,25,0,4,47,0,51,0,10,66,0,76,24,0,24,100
05/07/2009,ASG,AR,ASW,CE,Federal Contract Tower,0,6,14,0,20,0,5,55,0,60,0,11,69,0,80,50,0,50,130
05/08/2009,ASG,AR,ASW,CE,Federal Contract Tower,0,6,12,0,18,0,0,12,0,12,0,6,24,0,30,24,0,24,54
05/09/2009,ASG,AR,ASW,CE,Federal Contract Tower,0,0,8,0,8,0,5,51,0,56,0,5,59,0,64,74,0,74,138
05/10/2009,ASG,AR,ASW,CE,Federal Contract Tower,0,0,5,0,5,0,3,15,0,18,0,3,20,0,23,22,0,22,45
05/11/2009,ASG,AR,ASW,CE,Federal Contract Tower,0,5,3,0,8,0,1,48,0,49,0,6,51,0,57,50,0,50,107
05/12/2009,ASG,AR,ASW,CE,Federal Contract Tower,0,7,7,0,14,0,2,31,0,33,0,9,38,0,47,26,0,26,73
05/13/2009,ASG,AR,ASW,CE,Federal Contract Tower,0,7,6,0,13,0,4,43,0,47,0,11,49,0,60,76,0,76,136
05/14/2009,ASG,AR,ASW,CE,Federal Contract Tower,0,8,12,0,20,0,9,53,4,66,0,17,65,4,86,56,0,56,142
05/15/2009,ASG,AR,ASW,CE,Federal Contract Tower,0,8,10,0,18,0,2,40,0,42,0,10,50,0,60,46,0,46,106
05/16/2009,ASG,AR,ASW,CE,Federal Contract Tower,0,0,8,0,8,0,2,21,0,23,0,2,29,0,31,34,0,34,65
05/17/2009,ASG,AR,ASW,CE,Federal Contract Tower,0,0,4,0,4,0,4,59,0,63,0,4,63,0,67,28,0,28,95
05/18/2009,ASG,AR,ASW,CE,Federal Contract Tower,0,6,15,0,21,0,10,66,0,76,0,16,81,0,97,58,0,58,155
05/19/2009,ASG,AR,ASW,CE,Federal Contract Tower,0,7,11,0,18,0,4,93,0,97,0,11,104,0,115,170,0,170,285
05/20/2009,ASG,AR,ASW,CE,Federal Contract Tower,0,10,22,0,32,0,6,77,0,83,0,16,99,0,115,90,0,90,205
05/21/2009,ASG,AR,ASW,CE,Federal Contract Tower,0,6,9,0,15,0,2,57,1,60,0,8,66,1,75,60,0,60,135
05/22/2009,ASG,AR,ASW,CE,Federal Contract Tower,0,6,2,0,8,0,7,53,0,60,0,13,55,0,68,24,0,24,92
05/23/2009,ASG,AR,ASW,CE,Federal Contract Tower,0,0,3,0,3,0,10,37,0,47,0,10,40,0,50,20,0,20,70
05/24/2009,ASG,AR,ASW,CE,Federal Contract Tower,0,0,2,0,2,0,3,12,0,15,0,3,14,0,17,0,0,0,17
05/25/2009,ASG,AR,ASW,CE,Federal Contract Tower,0,0,4,0,4,0,4,14,0,18,0,4,18,0,22,14,0,14,36
05/26/2009,ASG,AR,ASW,CE,Federal Contract Tower,0,9,18,0,27,0,10,74,0,84,0,19,92,0,111,106,0,106,217
05/27/2009,ASG,AR,ASW,CE,Federal Contract Tower,0,7,14,0,21,0,3,22,0,25,0,10,36,0,46,36,0,36,82
05/28/2009,ASG,AR,ASW,CE,Federal Contract Tower,0,6,26,0,32,0,13,32,0,45,0,19,58,0,77,58,0,58,135
05/29/2009,ASG,AR,ASW,CE,Federal Contract Tower,0,6,8,0,14,0,11,105,0,116,0,17,113,0,130,66,0,66,196
05/30/2009,ASG,AR,ASW,CE,Federal Contract Tower,0,0,1,0,1,0,8,64,0,72,0,8,65,0,73,160,0,160,233
05/31/2009,ASG,AR,ASW,CE,Federal Contract Tower,0,0,1,0,1,0,9,71,0,80,0,9,72,0,81,160,0,160,241
06/01/2009,ASG,AR,ASW,CE,Federal Contract Tower,0,6,13,0,19,0,3,49,0,52,0,9,62,0,71,34,0,34,105
06/02/2009,ASG,AR,ASW,CE,Federal Contract Tower,0,9,8,0,17,0,5,49,0,54,0,14,57,0,71,28,0,28,99
06/03/2009,ASG,AR,ASW,CE,Federal Contract Tower,0,10,22,0,32,0,0,5,0,5,0,10,27,0,37,2,0,2,39
06/04/2009,ASG,AR,ASW,CE,Federal Contract Tower,0,9,18,0,27,0,2,38,0,40,0,11,56,0,67,14,0,14,81
06/05/2009,ASG,AR,ASW,CE,Federal Contract Tower,0,6,14,0,20,0,5,56,0,61,0,11,70,0,81,56,0,56,137
06/06/2009,ASG,AR,ASW,CE,Federal Contract Tower,0,3,6,0,9,0,9,53,0,62,0,12,59,0,71,46,0,46,117
06/07/2009,ASG,AR,ASW,CE,Federal Contract Tower,0,0,5,0,5,0,5,41,0,46,0,5,46,0,51,76,0,76,127
06/08/2009,ASG,AR,ASW,CE,Federal Contract Tower,0,7,9,0,16,0,4,53,0,57,0,11,62,0,73,68,0,68,141
06/09/2009,ASG,AR,ASW,CE,Federal Contract Tower,0,8,10,0,18,0,7,61,0,68,0,15,71,0,86,36,0,36,122
06/10/2009,ASG,AR,ASW,CE,Federal Contract Tower,0,9,11,0,20,0,7,38,0,45,0,16,49,0,65,90,0,90,155
06/11/2009,ASG,AR,ASW,CE,Federal Contract Tower,0,10,9,0,19,0,5,44,0,49,0,15,53,0,68,70,0,70,138
06/12/2009,ASG,AR,ASW,CE,Federal Contract Tower,0,6,10,0,16,0,4,28,0,32,0,10,38,0,48,40,0,40,88
06/13/2009,ASG,AR,ASW,CE,Federal Contract Tower,0,1,3,0,4,0,6,33,0,39,0,7,36,0,43,0,0,0,43
06/14/2009,ASG,AR,ASW,CE,Federal Contract Tower,0,2,4,0,6,0,0,17,0,17,0,2,21,0,23,10,0,10,33
06/15/2009,ASG,AR,ASW,CE,Federal Contract Tower,0,5,12,0,17,0,12,65,0,77,0,17,77,0,94,78,0,78,172
06/16/2009,ASG,AR,ASW,CE,Federal Contract Tower,0,7,14,0,21,0,5,41,0,46,0,12,55,0,67,46,0,46,113
06/17/2009,ASG,AR,ASW,CE,Federal Contract Tower,0,6,13,0,19,0,11,80,0,91,0,17,93,0,110,86,0,86,196
06/18/2009,ASG,AR,ASW,CE,Federal Contract Tower,0,8,12,0,20,0,11,64,0,75,0,19,76,0,95,80,0,80,175
06/19/2009,ASG,AR,ASW,CE,Federal Contract Tower,0,6,8,0,14,0,4,23,0,27,0,10,31,0,41,0,0,0,41
06/20/2009,ASG,AR,ASW,CE,Federal Contract Tower,0,0,5,0,5,0,0,23,1,24,0,0,28,1,29,22,0,22,51
06/21/2009,ASG,AR,ASW,CE,Federal Contract Tower,0,3,1,0,4,0,3,22,0,25,0,6,23,0,29,6,0,6,35
06/22/2009,ASG,AR,ASW,CE,Federal Contract Tower,0,5,11,0,16,0,7,43,0,50,0,12,54,0,66,38,0,38,104
06/23/2009,ASG,AR,ASW,CE,Federal Contract Tower,0,6,11,0,17,0,8,78,0,86,0,14,89,0,103,114,0,114,217
06/24/2009,ASG,AR,ASW,CE,Federal Contract Tower,0,6,8,0,14,0,6,46,0,52,0,12,54,0,66,60,0,60,126
06/25/2009,ASG,AR,ASW,CE,Federal Contract Tower,0,6,8,0,14,0,9,49,0,58,0,15,57,0,72,78,0,78,150
06/26/2009,ASG,AR,ASW,CE,Federal Contract Tower,0,4,14,0,18,0,15,34,0,49,0,19,48,0,67,50,0,50,117
06/27/2009,ASG,AR,ASW,CE,Federal Contract Tower,0,0,3,0,3,0,3,34,0,37,0,3,37,0,40,38,0,38,78
06/28/2009,ASG,AR,ASW,CE,Federal Contract Tower,0,0,2,0,2,0,5,37,0,42,0,5,39,0,44,36,0,36,80
06/29/2009,ASG,AR,ASW,CE,Federal Contract Tower,0,7,5,0,12,0,9,61,0,70,0,16,66,0,82,64,0,64,146
06/30/2009,ASG,AR,ASW,CE,Federal Contract Tower,0,9,11,0,20,0,8,65,0,73,0,17,76,0,93,92,0,92,185
07/01/2009,ASG,AR,ASW,CE,Federal Contract Tower,0,9,12,0,21,0,5,46,0,51,0,14,58,0,72,50,0,50,122
07/02/2009,ASG,AR,ASW,CE,Federal Contract Tower,0,6,2,0,8,0,0,51,0,51,0,6,53,0,59,40,0,40,99
07/03/2009,ASG,AR,ASW,CE,Federal Contract Tower,0,5,3,0,8,0,5,22,0,27,0,10,25,0,35,4,0,4,39
07/04/2009,ASG,AR,ASW,CE,Federal Contract Tower,0,0,3,0,3,0,1,11,0,12,0,1,14,0,15,2,0,2,17
07/05/2009,ASG,AR,ASW,CE,Federal Contract Tower,0,2,10,0,12,0,6,34,0,40,0,8,44,0,52,56,0,56,108
07/06/2009,ASG,AR,ASW,CE,Federal Contract Tower,0,5,13,0,18,0,4,46,0,50,0,9,59,0,68,56,0,56,124
07/07/2009,ASG,AR,ASW,CE,Federal Contract Tower,0,7,7,0,14,0,7,48,0,55,0,14,55,0,69,78,0,78,147
07/08/2009,ASG,AR,ASW,CE,Federal Contract Tower,0,8,12,0,20,0,4,41,0,45,0,12,53,0,65,56,0,56,121
07/09/2009,ASG,AR,ASW,CE,Federal Contract Tower,0,9,18,0,27,0,8,42,0,50,0,17,60,0,77,40,0,40,117
07/10/2009,ASG,AR,ASW,CE,Federal Contract Tower,0,5,9,0,14,0,7,30,0,37,0,12,39,0,51,28,0,28,79
07/11/2009,ASG,AR,ASW,CE,Federal Contract Tower,0,1,7,0,8,0,7,43,0,50,0,8,50,0,58,18,0,18,76
07/12/2009,ASG,AR,ASW,CE,Federal Contract Tower,0,1,10,0,11,0,5,21,0,26,0,6,31,0,37,40,0,40,77
07/13/2009,ASG,AR,ASW,CE,Federal Contract Tower,0,5,18,0,23,0,6,45,0,51,0,11,63,0,74,28,0,28,102
07/14/2009,ASG,AR,ASW,CE,Federal Contract Tower,0,7,17,0,24,0,7,49,0,56,0,14,66,0,80,42,0,42,122
07/15/2009,ASG,AR,ASW,CE,Federal Contract Tower,0,6,15,0,21,0,2,60,0,62,0,8,75,0,83,84,0,84,167
07/16/2009,ASG,AR,ASW,CE,Federal Contract Tower,0,9,9,0,18,0,1,40,0,41,0,10,49,0,59,20,0,20,79
07/17/2009,ASG,AR,ASW,CE,Federal Contract Tower,0,8,6,0,14,0,10,60,0,70,0,18,66,0,84,52,0,52,136
07/18/2009,ASG,AR,ASW,CE,Federal Contract Tower,0,0,8,0,8,0,5,67,0,72,0,5,75,0,80,134,0,134,214
07/19/2009,ASG,AR,ASW,CE,Federal Contract Tower,0,2,6,0,8,0,3,48,0,51,0,5,54,0,59,42,0,42,101
07/20/2009,ASG,AR,ASW,CE,Federal Contract Tower,0,5,8,0,13,0,4,20,0,24,0,9,28,0,37,28,0,28,65
07/21/2009,ASG,AR,ASW,CE,Federal Contract Tower,0,6,3,0,9,0,1,3,0,4,0,7,6,0,13,0,0,0,13
07/22/2009,ASG,AR,ASW,CE,Federal Contract Tower,0,3,8,0,11,0,3,53,0,56,0,6,61,0,67,54,0,54,121
07/23/2009,ASG,AR,ASW,CE,Federal Contract Tower,0,7,8,0,15,0,5,82,0,87,0,12,90,0,102,78,0,78,180
07/24/2009,ASG,AR,ASW,CE,Federal Contract Tower,0,6,4,0,10,0,5,56,0,61,0,11,60,0,71,78,0,78,149
07/25/2009,ASG,AR,ASW,CE,Federal Contract Tower,0,0,4,0,4,0,7,50,0,57,0,7,54,0,61,50,0,50,111
07/26/2009,ASG,AR,ASW,CE,Federal Contract Tower,0,0,4,0,4,0,4,39,0,43,0,4,43,0,47,28,0,28,75
07/27/2009,ASG,AR,ASW,CE,Federal Contract Tower,0,11,6,0,17,0,2,37,0,39,0,13,43,0,56,22,0,22,78
07/28/2009,ASG,AR,ASW,CE,Federal Contract Tower,0,8,10,0,18,0,0,25,0,25,0,8,35,0,43,42,0,42,85
07/29/2009,ASG,AR,ASW,CE,Federal Contract Tower,0,11,15,0,26,0,10,43,0,53,0,21,58,0,79,20,0,20,99
07/30/2009,ASG,AR,ASW,CE,Federal Contract Tower,0,6,10,0,16,0,3,29,0,32,0,9,39,0,48,10,0,10,58
07/31/2009,ASG,AR,ASW,CE,Federal Contract Tower,0,9,14,0,23,0,4,38,0,42,0,13,52,0,65,58,0,58,123
08/01/2009,ASG,AR,ASW,CE,Federal Contract Tower,0,0,4,0,4,0,0,14,0,14,0,0,18,0,18,2,0,2,20
08/02/2009,ASG,AR,ASW,CE,Federal Contract Tower,0,0,7,0,7,0,5,84,0,89,0,5,91,0,96,76,0,76,172
08/03/2009,ASG,AR,ASW,CE,Federal Contract Tower,0,5,10,0,15,0,10,47,0,57,0,15,57,0,72,56,0,56,128
08/04/2009,ASG,AR,ASW,CE,Federal Contract Tower,0,6,13,0,19,0,7,67,0,74,0,13,80,0,93,68,0,68,161
08/05/2009,ASG,AR,ASW,CE,Federal Contract Tower,0,3,10,0,13,0,2,34,0,36,0,5,44,0,49,48,0,48,97
08/06/2009,ASG,AR,ASW,CE,Federal Contract Tower,0,4,13,0,17,0,0,34,0,34,0,4,47,0,51,18,0,18,69
08/07/2009,ASG,AR,ASW,CE,Federal Contract Tower,0,3,5,0,8,0,8,24,0,32,0,11,29,0,40,14,0,14,54
08/08/2009,ASG,AR,ASW,CE,Federal Contract Tower,0,1,9,0,10,0,2,45,0,47,0,3,54,0,57,18,0,18,75
08/09/2009,ASG,AR,ASW,CE,Federal Contract Tower,0,1,5,0,6,0,6,29,0,35,0,7,34,0,41,12,0,12,53
08/10/2009,ASG,AR,ASW,CE,Federal Contract Tower,0,4,5,0,9,0,7,37,0,44,0,11,42,0,53,42,0,42,95
08/11/2009,ASG,AR,ASW,CE,Federal Contract Tower,0,5,14,0,19,0,8,60,0,68,0,13,74,0,87,88,0,88,175
08/12/2009,ASG,AR,ASW,CE,Federal Contract Tower,0,4,9,0,13,0,3,54,0,57,0,7,63,0,70,76,0,76,146
08/13/2009,ASG,AR,ASW,CE,Federal Contract Tower,0,6,16,0,22,0,2,60,0,62,0,8,76,0,84,18,0,18,102
08/14/2009,ASG,AR,ASW,CE,Federal Contract Tower,0,4,18,0,22,0,10,66,0,76,0,14,84,0,98,78,2,80,178
08/15/2009,ASG,AR,ASW,CE,Federal Contract Tower,0,0,2,0,2,0,5,60,0,65,0,5,62,0,67,16,0,16,83
08/16/2009,ASG,AR,ASW,CE,Federal Contract Tower,0,0,4,0,4,0,5,48,0,53,0,5,52,0,57,62,0,62,119
08/17/2009,ASG,AR,ASW,CE,Federal Contract Tower,0,6,10,0,16,0,8,52,0,60,0,14,62,0,76,80,0,80,156
08/18/2009,ASG,AR,ASW,CE,Federal Contract Tower,0,5,20,0,25,0,7,46,0,53,0,12,66,0,78,44,0,44,122
08/19/2009,ASG,AR,ASW,CE,Federal Contract Tower,0,5,10,0,15,0,4,49,0,53,0,9,59,0,68,68,0,68,136
08/20/2009,ASG,AR,ASW,CE,Federal Contract Tower,0,5,10,0,15,0,2,24,0,26,0,7,34,0,41,18,0,18,59
08/21/2009,ASG,AR,ASW,CE,Federal Contract Tower,0,4,5,0,9,0,8,58,0,66,0,12,63,0,75,50,0,50,125
08/22/2009,ASG,AR,ASW,CE,Federal Contract Tower,0,0,6,0,6,0,22,63,0,85,0,22,69,0,91,44,0,44,135
08/23/2009,ASG,AR,ASW,CE,Federal Contract Tower,0,0,5,0,5,0,14,42,0,56,0,14,47,0,61,52,0,52,113
08/24/2009,ASG,AR,ASW,CE,Federal Contract Tower,0,3,9,0,12,0,3,47,0,50,0,6,56,0,62,34,0,34,96
08/25/2009,ASG,AR,ASW,CE,Federal Contract Tower,0,4,10,0,14,0,7,76,0,83,0,11,86,0,97,94,0,94,191
08/26/2009,ASG,AR,ASW,CE,Federal Contract Tower,0,5,14,0,19,0,5,55,0,60,0,10,69,0,79,56,0,56,135
08/27/2009,ASG,AR,ASW,CE,Federal Contract Tower,0,8,6,0,14,0,0,14,0,14,0,8,20,0,28,0,0,0,28
08/28/2009,ASG,AR,ASW,CE,Federal Contract Tower,0,5,13,0,18,0,7,26,0,33,0,12,39,0,51,4,0,4,55
08/29/2009,ASG,AR,ASW,CE,Federal Contract Tower,0,4,7,0,11,0,7,45,0,52,0,11,52,0,63,40,0,40,103
08/30/2009,ASG,AR,ASW,CE,Federal Contract Tower,0,0,4,0,4,0,10,38,0,48,0,10,42,0,52,52,0,52,104
08/31/2009,ASG,AR,ASW,CE,Federal Contract Tower,0,7,6,0,13,0,14,64,0,78,0,21,70,0,91,60,0,60,151
09/01/2009,ASG,AR,ASW,CE,Federal Contract Tower,0,9,9,0,18,0,3,54,0,57,0,12,63,0,75,50,0,50,125
09/02/2009,ASG,AR,ASW,CE,Federal Contract Tower,0,4,10,0,14,0,3,31,0,34,0,7,41,0,48,18,0,18,66
09/03/2009,ASG,AR,ASW,CE,Federal Contract Tower,0,8,11,0,19,0,10,59,0,69,0,18,70,0,88,88,0,88,176
09/04/2009,ASG,AR,ASW,CE,Federal Contract Tower,0,4,8,0,12,0,4,47,0,51,0,8,55,0,63,44,0,44,107
09/05/2009,ASG,AR,ASW,CE,Federal Contract Tower,0,0,9,0,9,0,5,13,0,18,0,5,22,0,27,0,0,0,27
09/06/2009,ASG,AR,ASW,CE,Federal Contract Tower,0,0,2,0,2,0,2,13,0,15,0,2,15,0,17,0,0,0,17
09/07/2009,ASG,AR,ASW,CE,Federal Contract Tower,0,1,10,0,11,0,5,37,0,42,0,6,47,0,53,22,0,22,75
09/08/2009,ASG,AR,ASW,CE,Federal Contract Tower,0,5,5,0,10,0,6,53,0,59,0,11,58,0,69,36,0,36,105
09/09/2009,ASG,AR,ASW,CE,Federal Contract Tower,0,6,4,0,10,0,1,10,0,11,0,7,14,0,21,4,0,4,25
09/10/2009,ASG,AR,ASW,CE,Federal Contract Tower,0,4,14,0,18,0,3,17,0,20,0,7,31,0,38,6,0,6,44
09/11/2009,ASG,AR,ASW,CE,Federal Contract Tower,0,3,19,0,22,0,0,23,0,23,0,3,42,0,45,20,0,20,65
09/12/2009,ASG,AR,ASW,CE,Federal Contract Tower,0,0,2,0,2,0,3,17,0,20,0,3,19,0,22,14,0,14,36
09/13/2009,ASG,AR,ASW,CE,Federal Contract Tower,0,0,4,0,4,0,2,8,0,10,0,2,12,0,14,12,0,12,26
09/14/2009,ASG,AR,ASW,CE,Federal Contract Tower,0,4,6,0,10,0,0,4,0,4,0,4,10,0,14,2,0,2,16
09/15/2009,ASG,AR,ASW,CE,Federal Contract Tower,0,7,14,0,21,0,0,1,0,1,0,7,15,0,22,0,0,0,22
09/16/2009,ASG,AR,ASW,CE,Federal Contract Tower,0,7,12,0,19,0,0,4,0,4,0,7,16,0,23,0,0,0,23
09/17/2009,ASG,AR,ASW,CE,Federal Contract Tower,0,7,12,0,19,0,6,43,0,49,0,13,55,0,68,46,0,46,114
09/18/2009,ASG,AR,ASW,CE,Federal Contract Tower,0,4,24,0,28,0,6,45,0,51,0,10,69,0,79,56,0,56,135
09/19/2009,ASG,AR,ASW,CE,Federal Contract Tower,0,0,20,0,20,0,0,15,0,15,0,0,35,0,35,30,0,30,65
09/20/2009,ASG,AR,ASW,CE,Federal Contract Tower,0,1,12,0,13,0,2,22,0,24,0,3,34,0,37,18,0,18,55
09/21/2009,ASG,AR,ASW,CE,Federal Contract Tower,0,5,6,0,11,0,10,46,0,56,0,15,52,0,67,74,0,74,141
09/22/2009,ASG,AR,ASW,CE,Federal Contract Tower,0,5,15,0,20,0,0,2,0,2,0,5,17,0,22,0,0,0,22
09/23/2009,ASG,AR,ASW,CE,Federal Contract Tower,0,5,11,0,16,0,4,57,0,61,0,9,68,0,77,66,0,66,143
09/24/2009,ASG,AR,ASW,CE,Federal Contract Tower,0,4,17,0,21,0,8,57,0,65,0,12,74,0,86,56,0,56,142
09/25/2009,ASG,AR,ASW,CE,Federal Contract Tower,0,3,10,0,13,0,7,95,0,102,0,10,105,0,115,72,0,72,187
09/26/2009,ASG,AR,ASW,CE,Federal Contract Tower,0,2,10,0,12,0,4,54,0,58,0,6,64,0,70,10,0,10,80
09/27/2009,ASG,AR,ASW,CE,Federal Contract Tower,0,2,6,0,8,0,11,43,0,54,0,13,49,0,62,54,0,54,116
09/28/2009,ASG,AR,ASW,CE,Federal Contract Tower,0,5,13,0,18,0,3,65,0,68,0,8,78,0,86,76,0,76,162
09/29/2009,ASG,AR,ASW,CE,Federal Contract Tower,0,4,20,0,24,0,5,80,0,85,0,9,100,0,109,100,0,100,209
09/30/2009,ASG,AR,ASW,CE,Federal Contract Tower,0,4,11,0,15,0,2,66,0,68,0,6,77,0,83,48,0,48,131
10/01/2009,ASG,AR,ASW,CE,Federal Contract Tower,0,3,16,0,19,0,2,29,0,31,0,5,45,0,50,44,0,44,94
10/02/2009,ASG,AR,ASW,CE,Federal Contract Tower,0,3,10,0,13,0,8,33,0,41,0,11,43,0,54,8,0,8,62
10/03/2009,ASG,AR,ASW,CE,Federal Contract Tower,0,2,14,0,16,0,8,59,0,67,0,10,73,0,83,68,0,68,151
10/04/2009,ASG,AR,ASW,CE,Federal Contract Tower,0,2,7,0,9,0,4,25,0,29,0,6,32,0,38,0,0,0,38
10/05/2009,ASG,AR,ASW,CE,Federal Contract Tower,0,7,10,0,17,0,0,22,0,22,0,7,32,0,39,16,0,16,55
10/06/2009,ASG,AR,ASW,CE,Federal Contract Tower,0,6,10,0,16,0,1,7,0,8,0,7,17,0,24,0,0,0,24
10/07/2009,ASG,AR,ASW,CE,Federal Contract Tower,0,7,8,0,15,0,3,72,0,75,0,10,80,0,90,70,0,70,160
10/08/2009,ASG,AR,ASW,CE,Federal Contract Tower,0,7,9,0,16,0,0,8,0,8,0,7,17,0,24,6,0,6,30
10/09/2009,ASG,AR,ASW,CE,Federal Contract Tower,0,5,10,0,15,0,0,0,0,0,0,5,10,0,15,0,0,0,15
10/10/2009,ASG,AR,ASW,CE,Federal Contract Tower,0,2,21,0,23,0,8,49,0,57,0,10,70,0,80,56,0,56,136
10/11/2009,ASG,AR,ASW,CE,Federal Contract Tower,0,3,16,0,19,0,0,10,0,10,0,3,26,0,29,14,0,14,43
10/12/2009,ASG,AR,ASW,CE,Federal Contract Tower,0,3,10,0,13,0,0,1,0,1,0,3,11,0,14,0,0,0,14
10/13/2009,ASG,AR,ASW,CE,Federal Contract Tower,0,4,6,0,10,0,0,0,0,0,0,4,6,0,10,0,0,0,10
10/14/2009,ASG,AR,ASW,CE,Federal Contract Tower,0,4,7,0,11,0,0,27,0,27,0,4,34,0,38,30,0,30,68
10/15/2009,ASG,AR,ASW,CE,Federal Contract Tower,0,4,23,0,27,0,0,0,0,0,0,4,23,0,27,0,0,0,27
10/16/2009,ASG,AR,ASW,CE,Federal Contract Tower,0,3,14,0,17,0,16,69,0,85,0,19,83,0,102,56,0,56,158
10/17/2009,ASG,AR,ASW,CE,Federal Contract Tower,0,0,4,0,4,0,3,30,0,33,0,3,34,0,37,18,0,18,55
10/18/2009,ASG,AR,ASW,CE,Federal Contract Tower,0,0,0,0,0,0,0,1,0,1,0,0,1,0,1,0,0,0,1
10/19/2009,ASG,AR,ASW,CE,Federal Contract Tower,0,0,0,0,0,0,1,1,0,2,0,1,1,0,2,0,0,0,2
10/20/2009,ASG,AR,ASW,CE,Federal Contract Tower,0,0,0,0,0,0,5,2,0,7,0,5,2,0,7,0,0,0,7
10/21/2009,ASG,AR,ASW,CE,Federal Contract Tower,0,1,0,0,1,0,3,6,0,9,0,4,6,0,10,0,0,0,10
10/22/2009,ASG,AR,ASW,CE,Federal Contract Tower,0,0,0,0,0,0,2,0,0,2,0,2,0,0,2,0,0,0,2
10/23/2009,ASG,AR,ASW,CE,Federal Contract Tower,0,0,0,0,0,0,0,0,0,0,0,0,0,0,0,0,0,0,0
10/24/2009,ASG,AR,ASW,CE,Federal Contract Tower,0,0,0,0,0,0,4,0,0,4,0,4,0,0,4,0,0,0,4
10/25/2009,ASG,AR,ASW,CE,Federal Contract Tower,0,0,0,0,0,0,5,2,0,7,0,5,2,0,7,0,0,0,7
10/26/2009,ASG,AR,ASW,CE,Federal Contract Tower,0,4,6,0,10,0,0,0,0,0,0,4,6,0,10,2,0,2,12
10/27/2009,ASG,AR,ASW,CE,Federal Contract Tower,0,4,12,2,18,0,2,11,0,13,0,6,23,2,31,0,0,0,31
10/28/2009,ASG,AR,ASW,CE,Federal Contract Tower,0,6,14,0,20,0,10,69,0,79,0,16,83,0,99,34,0,34,133
10/29/2009,ASG,AR,ASW,CE,Federal Contract Tower,0,4,10,0,14,0,4,8,0,12,0,8,18,0,26,6,0,6,32
10/30/2009,ASG,AR,ASW,CE,Federal Contract Tower,0,5,5,0,10,0,10,56,0,66,0,15,61,0,76,30,0,30,106
10/31/2009,ASG,AR,ASW,CE,Federal Contract Tower,0,0,8,0,8,0,5,74,0,79,0,5,82,0,87,28,0,28,115
11/01/2009,ASG,AR,ASW,CE,Federal Contract Tower,0,0,12,0,12,0,4,78,0,82,0,4,90,0,94,24,0,24,118
11/02/2009,ASG,AR,ASW,CE,Federal Contract Tower,0,4,9,0,13,0,8,55,0,63,0,12,64,0,76,56,0,56,132
11/03/2009,ASG,AR,ASW,CE,Federal Contract Tower,0,6,10,0,16,0,10,76,0,86,0,16,86,0,102,128,0,128,230
11/04/2009,ASG,AR,ASW,CE,Federal Contract Tower,0,11,12,0,23,0,9,63,0,72,0,20,75,0,95,80,0,80,175
11/05/2009,ASG,AR,ASW,CE,Federal Contract Tower,0,6,13,0,19,0,13,69,0,82,0,19,82,0,101,42,0,42,143
11/06/2009,ASG,AR,ASW,CE,Federal Contract Tower,0,7,19,0,26,0,7,58,0,65,0,14,77,0,91,32,0,32,123
11/07/2009,ASG,AR,ASW,CE,Federal Contract Tower,0,0,16,0,16,0,2,28,0,30,0,2,44,0,46,34,0,34,80
11/08/2009,ASG,AR,ASW,CE,Federal Contract Tower,0,2,8,0,10,0,8,50,0,58,0,10,58,0,68,42,0,42,110
11/09/2009,ASG,AR,ASW,CE,Federal Contract Tower,0,6,6,0,12,0,4,68,0,72,0,10,74,0,84,88,0,88,172
11/10/2009,ASG,AR,ASW,CE,Federal Contract Tower,0,7,16,0,23,0,5,63,0,68,0,12,79,0,91,110,0,110,201
11/11/2009,ASG,AR,ASW,CE,Federal Contract Tower,0,4,12,0,16,0,0,27,0,27,0,4,39,0,43,30,0,30,73
11/12/2009,ASG,AR,ASW,CE,Federal Contract Tower,0,5,18,0,23,0,3,36,0,39,0,8,54,0,62,6,0,6,68
11/13/2009,ASG,AR,ASW,CE,Federal Contract Tower,0,7,9,0,16,0,6,46,0,52,0,13,55,0,68,52,0,52,120
11/14/2009,ASG,AR,ASW,CE,Federal Contract Tower,0,2,11,0,13,0,6,53,0,59,0,8,64,0,72,56,0,56,128
11/15/2009,ASG,AR,ASW,CE,Federal Contract Tower,0,0,8,0,8,0,0,5,0,5,0,0,13,0,13,6,0,6,19
11/16/2009,ASG,AR,ASW,CE,Federal Contract Tower,0,6,6,0,12,0,2,0,0,2,0,8,6,0,14,0,0,0,14
11/17/2009,ASG,AR,ASW,CE,Federal Contract Tower,0,5,2,0,7,0,0,0,0,0,0,5,2,0,7,0,0,0,7
11/18/2009,ASG,AR,ASW,CE,Federal Contract Tower,0,3,13,0,16,0,0,3,0,3,0,3,16,0,19,8,0,8,27
11/19/2009,ASG,AR,ASW,CE,Federal Contract Tower,0,3,20,0,23,0,4,72,0,76,0,7,92,0,99,82,0,82,181
11/20/2009,ASG,AR,ASW,CE,Federal Contract Tower,0,7,16,0,23,0,4,27,0,31,0,11,43,0,54,6,0,6,60
11/21/2009,ASG,AR,ASW,CE,Federal Contract Tower,0,0,1,0,1,0,0,2,0,2,0,0,3,0,3,0,0,0,3
11/22/2009,ASG,AR,ASW,CE,Federal Contract Tower,0,0,0,0,0,0,2,8,0,10,0,2,8,0,10,0,0,0,10
11/23/2009,ASG,AR,ASW,CE,Federal Contract Tower,0,6,4,0,10,0,3,33,0,36,0,9,37,0,46,2,0,2,48
11/24/2009,ASG,AR,ASW,CE,Federal Contract Tower,0,4,14,0,18,0,2,25,0,27,0,6,39,0,45,22,0,22,67
11/25/2009,ASG,AR,ASW,CE,Federal Contract Tower,0,3,10,0,13,0,6,58,0,64,0,9,68,0,77,52,0,52,129
11/26/2009,ASG,AR,ASW,CE,Federal Contract Tower,0,0,5,0,5,0,6,36,0,42,0,6,41,0,47,38,0,38,85
11/27/2009,ASG,AR,ASW,CE,Federal Contract Tower,0,3,7,0,10,0,8,68,0,76,0,11,75,0,86,42,0,42,128
11/28/2009,ASG,AR,ASW,CE,Federal Contract Tower,0,0,5,0,5,0,2,38,0,40,0,2,43,0,45,4,0,4,49
11/29/2009,ASG,AR,ASW,CE,Federal Contract Tower,0,0,15,0,15,0,0,0,0,0,0,0,15,0,15,0,0,0,15
11/30/2009,ASG,AR,ASW,CE,Federal Contract Tower,0,4,10,0,14,0,6,61,0,67,0,10,71,0,81,68,0,68,149
12/01/2009,ASG,AR,ASW,CE,Federal Contract Tower,0,5,10,0,15,0,4,56,0,60,0,9,66,0,75,72,0,72,147
12/02/2009,ASG,AR,ASW,CE,Federal Contract Tower,0,7,3,0,10,0,2,1,0,3,0,9,4,0,13,0,0,0,13
12/03/2009,ASG,AR,ASW,CE,Federal Contract Tower,0,7,7,0,14,0,6,60,0,66,0,13,67,0,80,78,0,78,158
12/04/2009,ASG,AR,ASW,CE,Federal Contract Tower,0,4,8,0,12,0,5,50,0,55,0,9,58,0,67,88,0,88,155
12/05/2009,ASG,AR,ASW,CE,Federal Contract Tower,0,0,6,0,6,0,5,29,0,34,0,5,35,0,40,56,0,56,96
12/06/2009,ASG,AR,ASW,CE,Federal Contract Tower,0,1,2,0,3,0,2,7,0,9,0,3,9,0,12,0,0,0,12
12/07/2009,ASG,AR,ASW,CE,Federal Contract Tower,0,3,9,0,12,0,3,2,0,5,0,6,11,0,17,0,0,0,17
12/08/2009,ASG,AR,ASW,CE,Federal Contract Tower,0,8,14,0,22,0,0,0,0,0,0,8,14,0,22,0,0,0,22
12/09/2009,ASG,AR,ASW,CE,Federal Contract Tower,0,5,5,0,10,0,0,1,0,1,0,5,6,0,11,0,0,0,11
12/10/2009,ASG,AR,ASW,CE,Federal Contract Tower,0,6,4,0,10,0,0,30,0,30,0,6,34,0,40,20,0,20,60
12/11/2009,ASG,AR,ASW,CE,Federal Contract Tower,0,4,13,0,17,0,4,36,0,40,0,8,49,0,57,40,0,40,97
12/12/2009,ASG,AR,ASW,CE,Federal Contract Tower,0,2,2,0,4,0,0,0,0,0,0,2,2,0,4,0,0,0,4
12/13/2009,ASG,AR,ASW,CE,Federal Contract Tower,0,0,9,0,9,0,4,18,0,22,0,4,27,0,31,14,0,14,45
12/14/2009,ASG,AR,ASW,CE,Federal Contract Tower,0,5,25,0,30,0,2,38,0,40,0,7,63,0,70,36,0,36,106
12/15/2009,ASG,AR,ASW,CE,Federal Contract Tower,0,4,10,0,14,0,8,59,0,67,0,12,69,0,81,112,0,112,193
12/16/2009,ASG,AR,ASW,CE,Federal Contract Tower,0,3,16,0,19,0,7,71,0,78,0,10,87,0,97,80,0,80,177
12/17/2009,ASG,AR,ASW,CE,Federal Contract Tower,0,5,11,0,16,0,2,41,0,43,0,7,52,0,59,36,0,36,95
12/18/2009,ASG,AR,ASW,CE,Federal Contract Tower,0,5,12,0,17,0,8,38,0,46,0,13,50,0,63,6,0,6,69
12/19/2009,ASG,AR,ASW,CE,Federal Contract Tower,0,0,2,0,2,0,1,0,0,1,0,1,2,0,3,0,0,0,3
12/20/2009,ASG,AR,ASW,CE,Federal Contract Tower,0,0,6,0,6,0,5,31,0,36,0,5,37,0,42,22,0,22,64
12/21/2009,ASG,AR,ASW,CE,Federal Contract Tower,0,4,10,0,14,0,8,71,0,79,0,12,81,0,93,86,0,86,179
12/22/2009,ASG,AR,ASW,CE,Federal Contract Tower,0,5,8,0,13,0,3,37,0,40,0,8,45,0,53,56,0,56,109
12/23/2009,ASG,AR,ASW,CE,Federal Contract Tower,0,5,2,0,7,0,0,10,0,10,0,5,12,0,17,10,0,10,27
12/24/2009,ASG,AR,ASW,CE,Federal Contract Tower,0,4,1,0,5,0,0,0,0,0,0,4,1,0,5,0,0,0,5
12/25/2009,ASG,AR,ASW,CE,Federal Contract Tower,0,0,3,0,3,0,6,5,0,11,0,6,8,0,14,0,0,0,14
12/26/2009,ASG,AR,ASW,CE,Federal Contract Tower,0,0,6,0,6,0,4,11,0,15,0,4,17,0,21,0,0,0,21
12/27/2009,ASG,AR,ASW,CE,Federal Contract Tower,0,0,7,0,7,0,6,18,0,24,0,6,25,0,31,22,0,22,53
12/28/2009,ASG,AR,ASW,CE,Federal Contract Tower,0,4,3,0,7,0,2,30,0,32,0,6,33,0,39,58,0,58,97
12/29/2009,ASG,AR,ASW,CE,Federal Contract Tower,0,3,4,0,7,0,6,57,0,63,0,9,61,0,70,72,0,72,142
12/30/2009,ASG,AR,ASW,CE,Federal Contract Tower,0,4,1,0,5,0,0,0,0,0,0,4,1,0,5,0,0,0,5
12/31/2009,ASG,AR,ASW,CE,Federal Contract Tower,0,5,7,0,12,0,1,3,0,4,0,6,10,0,16,2,0,2,18
01/01/2010,ASG,AR,ASW,CE,Federal Contract Tower,0,0,5,0,5,0,5,67,0,72,0,5,72,0,77,90,0,90,167
01/02/2010,ASG,AR,ASW,CE,Federal Contract Tower,0,0,4,0,4,0,5,33,0,38,0,5,37,0,42,20,0,20,62
01/03/2010,ASG,AR,ASW,CE,Federal Contract Tower,0,0,6,0,6,0,0,0,0,0,0,0,6,0,6,0,0,0,6
01/04/2010,ASG,AR,ASW,CE,Federal Contract Tower,0,6,2,0,8,0,1,15,0,16,0,7,17,0,24,0,0,0,24
01/05/2010,ASG,AR,ASW,CE,Federal Contract Tower,0,7,4,0,11,0,5,36,0,41,0,12,40,0,52,22,0,22,74
01/06/2010,ASG,AR,ASW,CE,Federal Contract Tower,0,6,6,0,12,0,2,13,0,15,0,8,19,0,27,2,0,2,29
01/07/2010,ASG,AR,ASW,CE,Federal Contract Tower,0,5,2,0,7,0,4,2,0,6,0,9,4,0,13,0,0,0,13
01/08/2010,ASG,AR,ASW,CE,Federal Contract Tower,0,5,9,0,14,0,2,11,0,13,0,7,20,0,27,0,0,0,27
01/09/2010,ASG,AR,ASW,CE,Federal Contract Tower,0,2,9,0,11,0,1,6,0,7,0,3,15,0,18,6,0,6,24
01/10/2010,ASG,AR,ASW,CE,Federal Contract Tower,0,3,4,0,7,0,2,34,0,36,0,5,38,0,43,34,0,34,77
01/11/2010,ASG,AR,ASW,CE,Federal Contract Tower,0,6,13,0,19,0,5,48,0,53,0,11,61,0,72,88,0,88,160
01/12/2010,ASG,AR,ASW,CE,Federal Contract Tower,0,3,10,0,13,0,2,38,0,40,0,5,48,0,53,58,0,58,111
01/13/2010,ASG,AR,ASW,CE,Federal Contract Tower,0,7,7,0,14,0,8,76,0,84,0,15,83,0,98,108,0,108,206
01/14/2010,ASG,AR,ASW,CE,Federal Contract Tower,0,8,11,0,19,0,6,36,0,42,0,14,47,0,61,54,0,54,115
01/15/2010,ASG,AR,ASW,CE,Federal Contract Tower,0,6,9,0,15,0,0,4,0,4,0,6,13,0,19,0,0,0,19
01/16/2010,ASG,AR,ASW,CE,Federal Contract Tower,0,2,2,0,4,0,0,9,0,9,0,2,11,0,13,4,0,4,17
01/17/2010,ASG,AR,ASW,CE,Federal Contract Tower,0,0,11,0,11,0,2,6,0,8,0,2,17,0,19,14,0,14,33
01/18/2010,ASG,AR,ASW,CE,Federal Contract Tower,0,8,15,0,23,0,5,40,0,45,0,13,55,0,68,18,0,18,86
01/19/2010,ASG,AR,ASW,CE,Federal Contract Tower,0,6,11,0,17,0,4,54,0,58,0,10,65,0,75,62,0,62,137
01/20/2010,ASG,AR,ASW,CE,Federal Contract Tower,0,6,12,0,18,0,8,53,0,61,0,14,65,0,79,68,0,68,147
01/21/2010,ASG,AR,ASW,CE,Federal Contract Tower,0,6,26,0,32,0,0,0,0,0,0,6,26,0,32,0,0,0,32
01/22/2010,ASG,AR,ASW,CE,Federal Contract Tower,0,4,8,0,12,0,1,26,0,27,0,5,34,0,39,14,0,14,53
01/23/2010,ASG,AR,ASW,CE,Federal Contract Tower,0,1,8,0,9,0,0,3,0,3,0,1,11,0,12,2,0,2,14
01/24/2010,ASG,AR,ASW,CE,Federal Contract Tower,0,1,6,0,7,0,0,5,0,5,0,1,11,0,12,6,0,6,18
01/25/2010,ASG,AR,ASW,CE,Federal Contract Tower,0,7,7,0,14,0,4,21,0,25,0,11,28,0,39,28,0,28,67
01/26/2010,ASG,AR,ASW,CE,Federal Contract Tower,0,3,10,0,13,0,7,49,0,56,0,10,59,0,69,58,0,58,127
01/27/2010,ASG,AR,ASW,CE,Federal Contract Tower,0,4,7,0,11,0,6,49,0,55,0,10,56,0,66,48,0,48,114
01/28/2010,ASG,AR,ASW,CE,Federal Contract Tower,0,3,4,0,7,0,5,6,0,11,0,8,10,0,18,6,0,6,24
01/29/2010,ASG,AR,ASW,CE,Federal Contract Tower,0,1,0,0,1,0,0,0,0,0,0,1,0,0,1,0,0,0,1
01/30/2010,ASG,AR,ASW,CE,Federal Contract Tower,0,0,1,0,1,0,4,2,0,6,0,4,3,0,7,0,0,0,7
01/31/2010,ASG,AR,ASW,CE,Federal Contract Tower,0,0,2,0,2,0,0,0,0,0,0,0,2,0,2,0,0,0,2
02/01/2010,ASG,AR,ASW,CE,Federal Contract Tower,0,5,18,0,23,0,6,31,0,37,0,11,49,0,60,24,0,24,84
02/02/2010,ASG,AR,ASW,CE,Federal Contract Tower,0,4,15,0,19,0,1,26,0,27,0,5,41,0,46,18,0,18,64
02/03/2010,ASG,AR,ASW,CE,Federal Contract Tower,0,4,17,0,21,0,3,33,0,36,0,7,50,0,57,24,0,24,81
02/04/2010,ASG,AR,ASW,CE,Federal Contract Tower,0,4,18,0,22,0,0,0,0,0,0,4,18,0,22,0,0,0,22
02/05/2010,ASG,AR,ASW,CE,Federal Contract Tower,0,4,7,0,11,0,0,1,0,1,0,4,8,0,12,0,0,0,12
02/06/2010,ASG,AR,ASW,CE,Federal Contract Tower,0,0,11,0,11,0,0,12,0,12,0,0,23,0,23,26,0,26,49
02/07/2010,ASG,AR,ASW,CE,Federal Contract Tower,0,0,5,0,5,0,0,20,0,20,0,0,25,0,25,0,0,0,25
02/08/2010,ASG,AR,ASW,CE,Federal Contract Tower,0,6,1,0,7,0,0,0,0,0,0,6,1,0,7,0,0,0,7
02/09/2010,ASG,AR,ASW,CE,Federal Contract Tower,0,5,6,0,11,0,10,16,0,26,0,15,22,0,37,8,0,8,45
02/10/2010,ASG,AR,ASW,CE,Federal Contract Tower,0,3,14,0,17,0,2,48,0,50,0,5,62,0,67,16,0,16,83
02/11/2010,ASG,AR,ASW,CE,Federal Contract Tower,0,4,9,0,13,0,5,36,0,41,0,9,45,0,54,70,0,70,124
02/12/2010,ASG,AR,ASW,CE,Federal Contract Tower,0,4,9,0,13,0,2,24,0,26,0,6,33,0,39,4,0,4,43
02/13/2010,ASG,AR,ASW,CE,Federal Contract Tower,0,0,9,0,9,0,1,29,0,30,0,1,38,0,39,38,0,38,77
02/14/2010,ASG,AR,ASW,CE,Federal Contract Tower,0,2,7,0,9,0,1,2,0,3,0,3,9,0,12,0,0,0,12
02/15/2010,ASG,AR,ASW,CE,Federal Contract Tower,0,7,12,0,19,0,4,21,0,25,0,11,33,0,44,18,0,18,62
02/16/2010,ASG,AR,ASW,CE,Federal Contract Tower,0,6,14,0,20,0,13,35,0,48,0,19,49,0,68,48,0,48,116
02/17/2010,ASG,AR,ASW,CE,Federal Contract Tower,0,5,11,0,16,0,4,54,0,58,0,9,65,0,74,46,0,46,120
02/18/2010,ASG,AR,ASW,CE,Federal Contract Tower,0,5,13,0,18,0,8,67,0,75,0,13,80,0,93,118,0,118,211
02/19/2010,ASG,AR,ASW,CE,Federal Contract Tower,0,3,9,0,12,0,7,33,0,40,0,10,42,0,52,20,0,20,72
02/20/2010,ASG,AR,ASW,CE,Federal Contract Tower,0,1,5,0,6,0,3,21,0,24,0,4,26,0,30,28,0,28,58
02/21/2010,ASG,AR,ASW,CE,Federal Contract Tower,0,0,6,0,6,0,5,0,0,5,0,5,6,0,11,2,0,2,13
02/22/2010,ASG,AR,ASW,CE,Federal Contract Tower,0,6,8,0,14,0,3,2,0,5,0,9,10,0,19,0,0,0,19
02/23/2010,ASG,AR,ASW,CE,Federal Contract Tower,0,6,11,0,17,0,8,55,0,63,0,14,66,0,80,58,0,58,138
02/24/2010,ASG,AR,ASW,CE,Federal Contract Tower,0,3,10,0,13,0,4,45,0,49,0,7,55,0,62,48,0,48,110
02/25/2010,ASG,AR,ASW,CE,Federal Contract Tower,0,3,10,0,13,0,3,41,0,44,0,6,51,0,57,22,0,22,79
02/26/2010,ASG,AR,ASW,CE,Federal Contract Tower,0,4,5,0,9,0,0,33,0,33,0,4,38,0,42,30,0,30,72
02/27/2010,ASG,AR,ASW,CE,Federal Contract Tower,0,0,7,0,7,0,5,37,0,42,0,5,44,0,49,22,0,22,71
02/28/2010,ASG,AR,ASW,CE,Federal Contract Tower,0,0,9,0,9,0,2,30,0,32,0,2,39,0,41,28,0,28,69
03/01/2010,ASG,AR,ASW,CE,Federal Contract Tower,0,6,12,0,18,0,2,26,0,28,0,8,38,0,46,2,0,2,48
03/02/2010,ASG,AR,ASW,CE,Federal Contract Tower,0,6,6,0,12,0,1,31,0,32,0,7,37,0,44,56,0,56,100
03/03/2010,ASG,AR,ASW,CE,Federal Contract Tower,0,2,18,0,20,0,5,52,0,57,0,7,70,0,77,38,0,38,115
03/04/2010,ASG,AR,ASW,CE,Federal Contract Tower,0,3,17,0,20,0,5,94,0,99,0,8,111,0,119,68,0,68,187
03/05/2010,ASG,AR,ASW,CE,Federal Contract Tower,0,6,16,0,22,0,2,72,0,74,0,8,88,0,96,58,0,58,154
03/06/2010,ASG,AR,ASW,CE,Federal Contract Tower,0,0,10,0,10,0,7,54,0,61,0,7,64,0,71,52,0,52,123
03/07/2010,ASG,AR,ASW,CE,Federal Contract Tower,0,0,6,0,6,0,1,53,0,54,0,1,59,0,60,36,0,36,96
03/08/2010,ASG,AR,ASW,CE,Federal Contract Tower,0,5,7,0,12,0,2,32,0,34,0,7,39,0,46,40,0,40,86
03/09/2010,ASG,AR,ASW,CE,Federal Contract Tower,0,6,11,0,17,0,6,35,0,41,0,12,46,0,58,36,0,36,94
03/10/2010,ASG,AR,ASW,CE,Federal Contract Tower,0,5,6,0,11,0,1,14,0,15,0,6,20,0,26,6,0,6,32
03/11/2010,ASG,AR,ASW,CE,Federal Contract Tower,0,6,14,0,20,0,4,30,0,34,0,10,44,0,54,28,0,28,82
03/12/2010,ASG,AR,ASW,CE,Federal Contract Tower,0,6,10,0,16,0,5,11,0,16,0,11,21,0,32,4,0,4,36
03/13/2010,ASG,AR,ASW,CE,Federal Contract Tower,0,0,5,0,5,0,2,1,0,3,0,2,6,0,8,0,0,0,8
03/14/2010,ASG,AR,ASW,CE,Federal Contract Tower,0,0,7,0,7,0,4,20,0,24,0,4,27,0,31,0,0,0,31
03/15/2010,ASG,AR,ASW,CE,Federal Contract Tower,0,4,16,0,20,0,2,33,0,35,0,6,49,0,55,22,0,22,77
03/16/2010,ASG,AR,ASW,CE,Federal Contract Tower,0,5,19,0,24,0,2,38,0,40,0,7,57,0,64,48,0,48,112
03/17/2010,ASG,AR,ASW,CE,Federal Contract Tower,0,7,14,0,21,0,2,13,0,15,0,9,27,0,36,8,0,8,44
03/18/2010,ASG,AR,ASW,CE,Federal Contract Tower,0,3,11,0,14,0,11,81,0,92,0,14,92,0,106,74,0,74,180
03/19/2010,ASG,AR,ASW,CE,Federal Contract Tower,0,4,7,0,11,0,2,38,0,40,0,6,45,0,51,20,0,20,71
03/20/2010,ASG,AR,ASW,CE,Federal Contract Tower,0,2,4,0,6,0,0,0,0,0,0,2,4,0,6,0,0,0,6
03/21/2010,ASG,AR,ASW,CE,Federal Contract Tower,0,0,1,0,1,0,0,0,0,0,0,0,1,0,1,0,0,0,1
03/22/2010,ASG,AR,ASW,CE,Federal Contract Tower,0,5,10,0,15,0,4,25,0,29,0,9,35,0,44,14,0,14,58
03/23/2010,ASG,AR,ASW,CE,Federal Contract Tower,0,3,6,0,9,0,4,22,0,26,0,7,28,0,35,0,0,0,35
03/24/2010,ASG,AR,ASW,CE,Federal Contract Tower,0,4,12,0,16,0,0,19,0,19,0,4,31,0,35,8,0,8,43
03/25/2010,ASG,AR,ASW,CE,Federal Contract Tower,0,4,16,0,20,0,2,3,0,5,0,6,19,0,25,0,0,0,25
03/26/2010,ASG,AR,ASW,CE,Federal Contract Tower,0,3,13,0,16,0,2,54,0,56,0,5,67,0,72,34,0,34,106
03/27/2010,ASG,AR,ASW,CE,Federal Contract Tower,0,2,6,0,8,0,5,1,0,6,0,7,7,0,14,0,0,0,14
03/28/2010,ASG,AR,ASW,CE,Federal Contract Tower,0,2,10,0,12,0,1,3,0,4,0,3,13,0,16,0,0,0,16
03/29/2010,ASG,AR,ASW,CE,Federal Contract Tower,0,5,11,0,16,0,0,46,0,46,0,5,57,0,62,50,0,50,112
03/30/2010,ASG,AR,ASW,CE,Federal Contract Tower,0,3,13,0,16,0,6,36,0,42,0,9,49,0,58,62,0,62,120
03/31/2010,ASG,AR,ASW,CE,Federal Contract Tower,0,4,7,0,11,0,3,44,0,47,0,7,51,0,58,20,0,20,78
04/01/2010,ASG,AR,ASW,CE,Federal Contract Tower,0,3,4,0,7,0,4,41,0,45,0,7,45,0,52,36,0,36,88
04/02/2010,ASG,AR,ASW,CE,Federal Contract Tower,0,4,6,0,10,0,2,8,0,10,0,6,14,0,20,0,0,0,20
04/03/2010,ASG,AR,ASW,CE,Federal Contract Tower,0,0,6,0,6,0,10,50,0,60,0,10,56,0,66,24,0,24,90
04/04/2010,ASG,AR,ASW,CE,Federal Contract Tower,0,0,10,0,10,0,3,22,0,25,0,3,32,0,35,4,0,4,39
04/05/2010,ASG,AR,ASW,CE,Federal Contract Tower,0,6,18,0,24,0,6,31,0,37,0,12,49,0,61,24,0,24,85
04/06/2010,ASG,AR,ASW,CE,Federal Contract Tower,0,7,21,0,28,0,7,36,0,43,0,14,57,0,71,40,0,40,111
04/07/2010,ASG,AR,ASW,CE,Federal Contract Tower,0,6,14,0,20,0,8,8,0,16,0,14,22,0,36,6,0,6,42
04/08/2010,ASG,AR,ASW,CE,Federal Contract Tower,0,3,16,0,19,0,13,61,0,74,0,16,77,0,93,52,0,52,145
04/09/2010,ASG,AR,ASW,CE,Federal Contract Tower,0,4,9,0,13,0,0,77,0,77,0,4,86,0,90,70,0,70,160
04/10/2010,ASG,AR,ASW,CE,Federal Contract Tower,0,0,8,0,8,0,2,73,0,75,0,2,81,0,83,46,0,46,129
04/11/2010,ASG,AR,ASW,CE,Federal Contract Tower,0,1,7,0,8,0,3,67,0,70,0,4,74,0,78,78,0,78,156
04/12/2010,ASG,AR,ASW,CE,Federal Contract Tower,0,6,9,0,15,0,8,46,2,56,0,14,55,2,71,56,0,56,127
04/13/2010,ASG,AR,ASW,CE,Federal Contract Tower,0,4,6,0,10,0,4,41,0,45,0,8,47,0,55,86,0,86,141
04/14/2010,ASG,AR,ASW,CE,Federal Contract Tower,0,3,12,0,15,0,4,56,0,60,0,7,68,0,75,68,0,68,143
04/15/2010,ASG,AR,ASW,CE,Federal Contract Tower,0,3,7,0,10,0,2,39,0,41,0,5,46,0,51,16,0,16,67
04/16/2010,ASG,AR,ASW,CE,Federal Contract Tower,0,4,19,0,23,0,6,31,0,37,0,10,50,0,60,18,0,18,78
04/17/2010,ASG,AR,ASW,CE,Federal Contract Tower,0,0,7,0,7,0,3,15,0,18,0,3,22,0,25,10,0,10,35
04/18/2010,ASG,AR,ASW,CE,Federal Contract Tower,0,0,12,0,12,0,1,5,0,6,0,1,17,0,18,0,0,0,18
04/19/2010,ASG,AR,ASW,CE,Federal Contract Tower,0,6,11,0,17,0,3,33,0,36,0,9,44,0,53,6,0,6,59
04/20/2010,ASG,AR,ASW,CE,Federal Contract Tower,0,5,10,0,15,0,1,42,0,43,0,6,52,0,58,112,0,112,170
04/21/2010,ASG,AR,ASW,CE,Federal Contract Tower,0,4,19,0,23,0,3,46,0,49,0,7,65,0,72,28,0,28,100
04/22/2010,ASG,AR,ASW,CE,Federal Contract Tower,0,8,9,0,17,0,10,46,0,56,0,18,55,0,73,78,0,78,151
04/23/2010,ASG,AR,ASW,CE,Federal Contract Tower,0,4,3,0,7,0,0,12,0,12,0,4,15,0,19,0,0,0,19
04/24/2010,ASG,AR,ASW,CE,Federal Contract Tower,0,0,5,0,5,0,0,0,0,0,0,0,5,0,5,0,0,0,5
04/25/2010,ASG,AR,ASW,CE,Federal Contract Tower,0,0,8,0,8,0,3,14,0,17,0,3,22,0,25,6,0,6,31
04/26/2010,ASG,AR,ASW,CE,Federal Contract Tower,0,6,13,0,19,0,2,17,0,19,0,8,30,0,38,0,0,0,38
04/27/2010,ASG,AR,ASW,CE,Federal Contract Tower,0,5,10,0,15,0,5,58,0,63,0,10,68,0,78,58,0,58,136
04/28/2010,ASG,AR,ASW,CE,Federal Contract Tower,0,3,8,0,11,0,5,54,0,59,0,8,62,0,70,40,0,40,110
04/29/2010,ASG,AR,ASW,CE,Federal Contract Tower,0,3,13,0,16,0,6,29,0,35,0,9,42,0,51,38,0,38,89
04/30/2010,ASG,AR,ASW,CE,Federal Contract Tower,0,4,1,0,5,0,2,5,0,7,0,6,6,0,12,8,0,8,20
05/01/2010,ASG,AR,ASW,CE,Federal Contract Tower,0,0,5,0,5,0,3,17,0,20,0,3,22,0,25,6,0,6,31
05/02/2010,ASG,AR,ASW,CE,Federal Contract Tower,0,0,18,0,18,0,5,40,0,45,0,5,58,0,63,24,0,24,87
05/03/2010,ASG,AR,ASW,CE,Federal Contract Tower,0,5,9,0,14,0,5,52,0,57,0,10,61,0,71,36,0,36,107
05/04/2010,ASG,AR,ASW,CE,Federal Contract Tower,0,6,12,0,18,0,9,39,0,48,0,15,51,0,66,56,0,56,122
05/05/2010,ASG,AR,ASW,CE,Federal Contract Tower,0,8,7,0,15,0,5,49,0,54,0,13,56,0,69,20,0,20,89
05/06/2010,ASG,AR,ASW,CE,Federal Contract Tower,0,9,17,0,26,0,1,16,0,17,0,10,33,0,43,6,0,6,49
05/07/2010,ASG,AR,ASW,CE,Federal Contract Tower,0,7,17,0,24,0,3,29,0,32,0,10,46,0,56,26,0,26,82
05/08/2010,ASG,AR,ASW,CE,Federal Contract Tower,0,0,7,0,7,0,3,44,0,47,0,3,51,0,54,26,0,26,80
05/09/2010,ASG,AR,ASW,CE,Federal Contract Tower,0,0,7,0,7,0,2,18,0,20,0,2,25,0,27,18,0,18,45
05/10/2010,ASG,AR,ASW,CE,Federal Contract Tower,0,7,6,0,13,0,1,0,0,1,0,8,6,0,14,0,0,0,14
05/11/2010,ASG,AR,ASW,CE,Federal Contract Tower,0,5,14,0,19,0,4,24,0,28,0,9,38,0,47,30,0,30,77
05/12/2010,ASG,AR,ASW,CE,Federal Contract Tower,0,5,10,0,15,0,3,23,0,26,0,8,33,0,41,28,0,28,69
05/13/2010,ASG,AR,ASW,CE,Federal Contract Tower,0,4,11,0,15,0,2,27,0,29,0,6,38,0,44,32,0,32,76
05/14/2010,ASG,AR,ASW,CE,Federal Contract Tower,0,4,6,0,10,0,5,11,0,16,0,9,17,0,26,2,0,2,28
05/15/2010,ASG,AR,ASW,CE,Federal Contract Tower,0,1,4,0,5,0,4,0,0,4,0,5,4,0,9,0,0,0,9
05/16/2010,ASG,AR,ASW,CE,Federal Contract Tower,0,0,5,0,5,0,1,12,0,13,0,1,17,0,18,24,0,24,42
05/17/2010,ASG,AR,ASW,CE,Federal Contract Tower,0,6,15,0,21,0,1,26,0,27,0,7,41,0,48,16,0,16,64
05/18/2010,ASG,AR,ASW,CE,Federal Contract Tower,0,3,11,0,14,0,4,57,0,61,0,7,68,0,75,86,0,86,161
05/19/2010,ASG,AR,ASW,CE,Federal Contract Tower,0,3,5,0,8,0,9,16,0,25,0,12,21,0,33,4,0,4,37
05/20/2010,ASG,AR,ASW,CE,Federal Contract Tower,0,4,13,0,17,0,5,38,0,43,0,9,51,0,60,36,0,36,96
05/21/2010,ASG,AR,ASW,CE,Federal Contract Tower,0,3,6,0,9,0,2,60,0,62,0,5,66,0,71,26,0,26,97
05/22/2010,ASG,AR,ASW,CE,Federal Contract Tower,0,1,6,0,7,0,6,42,0,48,0,7,48,0,55,24,0,24,79
05/23/2010,ASG,AR,ASW,CE,Federal Contract Tower,0,2,9,0,11,0,2,17,0,19,0,4,26,0,30,10,0,10,40
05/24/2010,ASG,AR,ASW,CE,Federal Contract Tower,0,5,26,0,31,0,11,41,0,52,0,16,67,0,83,44,0,44,127
05/25/2010,ASG,AR,ASW,CE,Federal Contract Tower,0,7,13,0,20,0,5,31,0,36,0,12,44,0,56,54,0,54,110
05/26/2010,ASG,AR,ASW,CE,Federal Contract Tower,0,4,13,0,17,0,5,53,0,58,0,9,66,0,75,68,0,68,143
05/27/2010,ASG,AR,ASW,CE,Federal Contract Tower,0,11,20,0,31,0,5,62,0,67,0,16,82,0,98,76,0,76,174
05/28/2010,ASG,AR,ASW,CE,Federal Contract Tower,0,4,11,0,15,0,3,45,0,48,0,7,56,0,63,16,0,16,79
05/29/2010,ASG,AR,ASW,CE,Federal Contract Tower,0,0,1,0,1,0,9,30,0,39,0,9,31,0,40,42,0,42,82
05/30/2010,ASG,AR,ASW,CE,Federal Contract Tower,0,0,1,0,1,0,1,25,0,26,0,1,26,0,27,16,0,16,43
05/31/2010,ASG,AR,ASW,CE,Federal Contract Tower,0,0,7,0,7,0,2,34,0,36,0,2,41,0,43,26,0,26,69
06/01/2010,ASG,AR,ASW,CE,Federal Contract Tower,0,7,3,0,10,0,9,55,0,64,0,16,58,0,74,58,0,58,132
06/02/2010,ASG,AR,ASW,CE,Federal Contract Tower,0,7,14,0,21,0,4,45,0,49,0,11,59,0,70,16,0,16,86
06/03/2010,ASG,AR,ASW,CE,Federal Contract Tower,0,4,22,0,26,0,5,39,0,44,0,9,61,0,70,32,0,32,102
06/04/2010,ASG,AR,ASW,CE,Federal Contract Tower,0,4,4,0,8,0,12,39,3,54,0,16,43,3,62,18,8,26,88
06/05/2010,ASG,AR,ASW,CE,Federal Contract Tower,0,0,4,0,4,0,4,39,2,45,0,4,43,2,49,24,0,24,73
06/06/2010,ASG,AR,ASW,CE,Federal Contract Tower,0,0,6,0,6,0,1,25,0,26,0,1,31,0,32,22,0,22,54
06/07/2010,ASG,AR,ASW,CE,Federal Contract Tower,0,5,11,0,16,0,5,18,0,23,0,10,29,0,39,0,0,0,39
06/08/2010,ASG,AR,ASW,CE,Federal Contract Tower,0,4,16,0,20,0,5,49,0,54,0,9,65,0,74,74,0,74,148
06/09/2010,ASG,AR,ASW,CE,Federal Contract Tower,0,4,12,0,16,0,5,26,0,31,0,9,38,0,47,18,0,18,65
06/10/2010,ASG,AR,ASW,CE,Federal Contract Tower,0,6,26,0,32,0,2,34,0,36,0,8,60,0,68,56,0,56,124
06/11/2010,ASG,AR,ASW,CE,Federal Contract Tower,0,5,14,0,19,0,11,21,0,32,0,16,35,0,51,18,0,18,69
06/12/2010,ASG,AR,ASW,CE,Federal Contract Tower,0,2,12,0,14,0,3,19,0,22,0,5,31,0,36,6,0,6,42
06/13/2010,ASG,AR,ASW,CE,Federal Contract Tower,0,0,9,0,9,0,2,15,0,17,0,2,24,0,26,30,0,30,56
06/14/2010,ASG,AR,ASW,CE,Federal Contract Tower,0,8,8,0,16,0,0,15,0,15,0,8,23,0,31,20,0,20,51
06/15/2010,ASG,AR,ASW,CE,Federal Contract Tower,0,7,13,0,20,0,2,45,0,47,0,9,58,0,67,60,0,60,127
06/16/2010,ASG,AR,ASW,CE,Federal Contract Tower,0,4,20,0,24,0,3,34,0,37,0,7,54,0,61,24,0,24,85
06/17/2010,ASG,AR,ASW,CE,Federal Contract Tower,0,5,9,0,14,0,3,64,0,67,0,8,73,0,81,36,0,36,117
06/18/2010,ASG,AR,ASW,CE,Federal Contract Tower,0,4,12,0,16,0,8,55,0,63,0,12,67,0,79,48,0,48,127
06/19/2010,ASG,AR,ASW,CE,Federal Contract Tower,0,3,10,0,13,0,4,40,0,44,0,7,50,0,57,14,0,14,71
06/20/2010,ASG,AR,ASW,CE,Federal Contract Tower,0,0,6,0,6,0,4,29,0,33,0,4,35,0,39,0,0,0,39
06/21/2010,ASG,AR,ASW,CE,Federal Contract Tower,0,3,9,0,12,0,1,28,0,29,0,4,37,0,41,22,0,22,63
06/22/2010,ASG,AR,ASW,CE,Federal Contract Tower,0,3,12,0,15,0,3,59,0,62,0,6,71,0,77,76,0,76,153
06/23/2010,ASG,AR,ASW,CE,Federal Contract Tower,0,4,13,0,17,0,4,57,0,61,0,8,70,0,78,54,0,54,132
06/24/2010,ASG,AR,ASW,CE,Federal Contract Tower,0,4,12,0,16,0,7,39,0,46,0,11,51,0,62,52,0,52,114
06/25/2010,ASG,AR,ASW,CE,Federal Contract Tower,0,5,12,0,17,0,6,31,0,37,0,11,43,0,54,50,0,50,104
06/26/2010,ASG,AR,ASW,CE,Federal Contract Tower,0,0,2,0,2,0,6,57,0,63,0,6,59,0,65,72,0,72,137
06/27/2010,ASG,AR,ASW,CE,Federal Contract Tower,0,2,1,0,3,0,4,25,0,29,0,6,26,0,32,22,0,22,54
06/28/2010,ASG,AR,ASW,CE,Federal Contract Tower,0,7,12,0,19,0,3,11,0,14,0,10,23,0,33,8,0,8,41
06/29/2010,ASG,AR,ASW,CE,Federal Contract Tower,0,7,8,0,15,0,3,50,0,53,0,10,58,0,68,66,0,66,134
06/30/2010,ASG,AR,ASW,CE,Federal Contract Tower,0,4,13,0,17,0,7,55,0,62,0,11,68,0,79,22,0,22,101
07/01/2010,ASG,AR,ASW,CE,Federal Contract Tower,0,4,14,0,18,0,4,32,0,36,0,8,46,0,54,52,0,52,106
07/02/2010,ASG,AR,ASW,CE,Federal Contract Tower,0,4,2,0,6,0,2,54,0,56,0,6,56,0,62,74,0,74,136
07/03/2010,ASG,AR,ASW,CE,Federal Contract Tower,0,0,7,0,7,0,2,36,0,38,0,2,43,0,45,44,44,88,133
07/04/2010,ASG,AR,ASW,CE,Federal Contract Tower,0,3,2,0,5,0,3,28,0,31,0,6,30,0,36,40,0,40,76
07/05/2010,ASG,AR,ASW,CE,Federal Contract Tower,0,3,2,0,5,0,10,40,0,50,0,13,42,0,55,38,0,38,93
07/06/2010,ASG,AR,ASW,CE,Federal Contract Tower,0,3,8,0,11,0,7,36,0,43,0,10,44,0,54,48,0,48,102
07/07/2010,ASG,AR,ASW,CE,Federal Contract Tower,0,4,8,0,12,0,0,24,0,24,0,4,32,0,36,46,0,46,82
07/08/2010,ASG,AR,ASW,CE,Federal Contract Tower,0,4,12,0,16,0,0,12,0,12,0,4,24,0,28,10,0,10,38
07/09/2010,ASG,AR,ASW,CE,Federal Contract Tower,0,4,8,0,12,0,0,6,0,6,0,4,14,0,18,0,0,0,18
07/10/2010,ASG,AR,ASW,CE,Federal Contract Tower,0,1,7,0,8,0,6,32,0,38,0,7,39,0,46,16,0,16,62
07/11/2010,ASG,AR,ASW,CE,Federal Contract Tower,0,0,1,0,1,0,5,24,0,29,0,5,25,0,30,32,0,32,62
07/12/2010,ASG,AR,ASW,CE,Federal Contract Tower,0,8,6,0,14,0,0,12,0,12,0,8,18,0,26,0,0,0,26
07/13/2010,ASG,AR,ASW,CE,Federal Contract Tower,0,3,13,0,16,0,4,28,0,32,0,7,41,0,48,28,0,28,76
07/14/2010,ASG,AR,ASW,CE,Federal Contract Tower,0,3,14,0,17,0,6,31,0,37,0,9,45,0,54,4,0,4,58
07/15/2010,ASG,AR,ASW,CE,Federal Contract Tower,0,5,17,0,22,0,9,45,0,54,0,14,62,0,76,44,0,44,120
07/16/2010,ASG,AR,ASW,CE,Federal Contract Tower,0,6,14,0,20,0,3,29,0,32,0,9,43,0,52,22,0,22,74
07/17/2010,ASG,AR,ASW,CE,Federal Contract Tower,0,0,3,0,3,0,2,53,0,55,0,2,56,0,58,26,0,26,84
07/18/2010,ASG,AR,ASW,CE,Federal Contract Tower,0,1,6,0,7,0,2,45,0,47,0,3,51,0,54,28,0,28,82
07/19/2010,ASG,AR,ASW,CE,Federal Contract Tower,0,7,16,0,23,0,3,47,0,50,0,10,63,0,73,28,0,28,101
07/20/2010,ASG,AR,ASW,CE,Federal Contract Tower,0,6,11,0,17,0,8,50,0,58,0,14,61,0,75,36,0,36,111
07/21/2010,ASG,AR,ASW,CE,Federal Contract Tower,0,5,7,0,12,0,5,40,0,45,0,10,47,0,57,22,0,22,79
07/22/2010,ASG,AR,ASW,CE,Federal Contract Tower,0,4,18,0,22,0,5,52,0,57,0,9,70,0,79,80,0,80,159
07/23/2010,ASG,AR,ASW,CE,Federal Contract Tower,0,3,11,0,14,0,3,51,0,54,0,6,62,0,68,38,0,38,106
07/24/2010,ASG,AR,ASW,CE,Federal Contract Tower,0,0,12,0,12,0,9,46,0,55,0,9,58,0,67,14,0,14,81
07/25/2010,ASG,AR,ASW,CE,Federal Contract Tower,0,1,9,0,10,0,1,51,0,52,0,2,60,0,62,40,0,40,102
07/26/2010,ASG,AR,ASW,CE,Federal Contract Tower,0,4,12,0,16,0,5,30,0,35,0,9,42,0,51,32,0,32,83
07/27/2010,ASG,AR,ASW,CE,Federal Contract Tower,0,3,14,0,17,0,5,34,0,39,0,8,48,0,56,46,0,46,102
07/28/2010,ASG,AR,ASW,CE,Federal Contract Tower,0,4,21,0,25,0,5,40,2,47,0,9,61,2,72,30,0,30,102
07/29/2010,ASG,AR,ASW,CE,Federal Contract Tower,0,6,16,0,22,0,4,51,2,57,0,10,67,2,79,30,0,30,109
07/30/2010,ASG,AR,ASW,CE,Federal Contract Tower,0,6,17,0,23,0,4,43,0,47,0,10,60,0,70,16,0,16,86
07/31/2010,ASG,AR,ASW,CE,Federal Contract Tower,0,0,9,0,9,0,8,30,0,38,0,8,39,0,47,6,0,6,53
08/01/2010,ASG,AR,ASW,CE,Federal Contract Tower,0,0,17,0,17,0,13,35,0,48,0,13,52,0,65,10,0,10,75
08/02/2010,ASG,AR,ASW,CE,Federal Contract Tower,0,7,11,0,18,0,3,15,0,18,0,10,26,0,36,8,0,8,44
08/03/2010,ASG,AR,ASW,CE,Federal Contract Tower,0,6,8,0,14,0,4,41,0,45,0,10,49,0,59,22,0,22,81
08/04/2010,ASG,AR,ASW,CE,Federal Contract Tower,0,6,20,0,26,0,3,57,0,60,0,9,77,0,86,52,0,52,138
08/05/2010,ASG,AR,ASW,CE,Federal Contract Tower,0,4,15,0,19,0,4,46,0,50,0,8,61,0,69,14,0,14,83
08/06/2010,ASG,AR,ASW,CE,Federal Contract Tower,0,3,4,0,7,0,1,30,0,31,0,4,34,0,38,18,0,18,56
08/07/2010,ASG,AR,ASW,CE,Federal Contract Tower,0,0,6,0,6,0,3,40,0,43,0,3,46,0,49,36,0,36,85
08/08/2010,ASG,AR,ASW,CE,Federal Contract Tower,0,6,5,0,11,0,4,31,0,35,0,10,36,0,46,16,0,16,62
08/09/2010,ASG,AR,ASW,CE,Federal Contract Tower,0,4,7,0,11,0,1,27,0,28,0,5,34,0,39,32,0,32,71
08/10/2010,ASG,AR,ASW,CE,Federal Contract Tower,0,5,8,0,13,0,3,36,0,39,0,8,44,0,52,32,0,32,84
08/11/2010,ASG,AR,ASW,CE,Federal Contract Tower,0,4,19,0,23,0,2,56,0,58,0,6,75,0,81,42,0,42,123
08/12/2010,ASG,AR,ASW,CE,Federal Contract Tower,0,4,16,0,20,0,5,51,0,56,0,9,67,0,76,62,0,62,138
08/13/2010,ASG,AR,ASW,CE,Federal Contract Tower,0,8,9,0,17,0,2,49,2,53,0,10,58,2,70,60,0,60,130
08/14/2010,ASG,AR,ASW,CE,Federal Contract Tower,0,0,2,0,2,0,4,53,0,57,0,4,55,0,59,22,0,22,81
08/15/2010,ASG,AR,ASW,CE,Federal Contract Tower,0,2,7,0,9,0,1,33,0,34,0,3,40,0,43,14,0,14,57
08/16/2010,ASG,AR,ASW,CE,Federal Contract Tower,0,7,11,0,18,0,2,42,0,44,0,9,53,0,62,18,0,18,80
08/17/2010,ASG,AR,ASW,CE,Federal Contract Tower,0,5,9,0,14,0,13,54,0,67,0,18,63,0,81,74,0,74,155
08/18/2010,ASG,AR,ASW,CE,Federal Contract Tower,0,5,4,0,9,0,4,52,0,56,0,9,56,0,65,64,0,64,129
08/19/2010,ASG,AR,ASW,CE,Federal Contract Tower,0,6,14,0,20,0,7,44,0,51,0,13,58,0,71,82,0,82,153
08/20/2010,ASG,AR,ASW,CE,Federal Contract Tower,0,4,12,0,16,0,5,41,0,46,0,9,53,0,62,56,0,56,118
08/21/2010,ASG,AR,ASW,CE,Federal Contract Tower,0,1,3,0,4,0,3,38,0,41,0,4,41,0,45,16,0,16,61
08/22/2010,ASG,AR,ASW,CE,Federal Contract Tower,0,2,7,0,9,0,2,40,0,42,0,4,47,0,51,20,0,20,71
08/23/2010,ASG,AR,ASW,CE,Federal Contract Tower,0,7,15,0,22,0,0,39,0,39,0,7,54,0,61,24,0,24,85
08/24/2010,ASG,AR,ASW,CE,Federal Contract Tower,0,7,12,0,19,0,3,51,0,54,0,10,63,0,73,30,0,30,103
08/25/2010,ASG,AR,ASW,CE,Federal Contract Tower,0,3,8,0,11,0,3,72,0,75,0,6,80,0,86,62,0,62,148
08/26/2010,ASG,AR,ASW,CE,Federal Contract Tower,0,3,12,0,15,0,8,104,0,112,0,11,116,0,127,100,0,100,227
08/27/2010,ASG,AR,ASW,CE,Federal Contract Tower,0,6,12,0,18,0,3,70,0,73,0,9,82,0,91,86,0,86,177
08/28/2010,ASG,AR,ASW,CE,Federal Contract Tower,0,0,11,0,11,0,3,78,0,81,0,3,89,0,92,62,0,62,154
08/29/2010,ASG,AR,ASW,CE,Federal Contract Tower,0,1,5,0,6,0,2,37,0,39,0,3,42,0,45,10,0,10,55
08/30/2010,ASG,AR,ASW,CE,Federal Contract Tower,0,5,18,0,23,0,0,48,0,48,0,5,66,0,71,60,0,60,131
08/31/2010,ASG,AR,ASW,CE,Federal Contract Tower,0,3,9,0,12,0,1,66,0,67,0,4,75,0,79,76,0,76,155
09/01/2010,ASG,AR,ASW,CE,Federal Contract Tower,0,3,9,0,12,0,1,25,0,26,0,4,34,0,38,18,0,18,56
09/02/2010,ASG,AR,ASW,CE,Federal Contract Tower,0,7,10,0,17,0,2,37,0,39,0,9,47,0,56,30,0,30,86
09/03/2010,ASG,AR,ASW,CE,Federal Contract Tower,0,6,11,0,17,0,0,56,0,56,0,6,67,0,73,60,0,60,133
09/04/2010,ASG,AR,ASW,CE,Federal Contract Tower,0,1,12,0,13,0,7,62,0,69,0,8,74,0,82,30,0,30,112
09/05/2010,ASG,AR,ASW,CE,Federal Contract Tower,0,0,5,0,5,0,4,43,0,47,0,4,48,0,52,6,0,6,58
09/06/2010,ASG,AR,ASW,CE,Federal Contract Tower,0,2,9,0,11,0,6,43,0,49,0,8,52,0,60,36,0,36,96
09/07/2010,ASG,AR,ASW,CE,Federal Contract Tower,0,4,10,0,14,0,2,27,0,29,0,6,37,0,43,36,0,36,79
09/08/2010,ASG,AR,ASW,CE,Federal Contract Tower,0,4,8,0,12,0,0,13,0,13,0,4,21,0,25,8,0,8,33
09/09/2010,ASG,AR,ASW,CE,Federal Contract Tower,0,4,7,0,11,0,0,8,0,8,0,4,15,0,19,2,0,2,21
09/10/2010,ASG,AR,ASW,CE,Federal Contract Tower,0,3,15,0,18,0,4,24,0,28,0,7,39,0,46,30,0,30,76
09/11/2010,ASG,AR,ASW,CE,Federal Contract Tower,0,0,3,0,3,0,2,42,0,44,0,2,45,0,47,40,0,40,87
09/12/2010,ASG,AR,ASW,CE,Federal Contract Tower,0,0,9,0,9,0,4,45,0,49,0,4,54,0,58,54,0,54,112
09/13/2010,ASG,AR,ASW,CE,Federal Contract Tower,0,6,15,0,21,0,4,17,0,21,0,10,32,0,42,32,0,32,74
09/14/2010,ASG,AR,ASW,CE,Federal Contract Tower,0,6,9,0,15,0,2,30,0,32,0,8,39,0,47,0,0,0,47
09/15/2010,ASG,AR,ASW,CE,Federal Contract Tower,0,6,16,0,22,0,3,54,0,57,0,9,70,0,79,86,0,86,165
09/16/2010,ASG,AR,ASW,CE,Federal Contract Tower,0,3,11,0,14,0,7,45,0,52,0,10,56,0,66,28,0,28,94
09/17/2010,ASG,AR,ASW,CE,Federal Contract Tower,0,2,11,0,13,0,6,58,0,64,0,8,69,0,77,38,0,38,115
09/18/2010,ASG,AR,ASW,CE,Federal Contract Tower,0,0,11,0,11,0,4,48,0,52,0,4,59,0,63,10,0,10,73
09/19/2010,ASG,AR,ASW,CE,Federal Contract Tower,0,0,5,0,5,0,5,50,0,55,0,5,55,0,60,42,0,42,102
09/20/2010,ASG,AR,ASW,CE,Federal Contract Tower,0,4,14,0,18,0,4,49,0,53,0,8,63,0,71,58,0,58,129
09/21/2010,ASG,AR,ASW,CE,Federal Contract Tower,0,5,13,0,18,0,3,45,0,48,0,8,58,0,66,66,0,66,132
09/22/2010,ASG,AR,ASW,CE,Federal Contract Tower,0,7,8,0,15,0,2,44,0,46,0,9,52,0,61,42,0,42,103
09/23/2010,ASG,AR,ASW,CE,Federal Contract Tower,0,6,18,0,24,0,5,36,0,41,0,11,54,0,65,14,0,14,79
09/24/2010,ASG,AR,ASW,CE,Federal Contract Tower,0,4,16,0,20,0,2,28,0,30,0,6,44,0,50,10,0,10,60
09/25/2010,ASG,AR,ASW,CE,Federal Contract Tower,0,0,43,0,43,0,3,34,0,37,0,3,77,0,80,8,0,8,88
09/26/2010,ASG,AR,ASW,CE,Federal Contract Tower,0,0,18,0,18,0,7,6,0,13,0,7,24,0,31,0,0,0,31
09/27/2010,ASG,AR,ASW,CE,Federal Contract Tower,0,5,8,0,13,0,0,33,0,33,0,5,41,0,46,34,0,34,80
09/28/2010,ASG,AR,ASW,CE,Federal Contract Tower,0,4,5,0,9,0,5,42,0,47,0,9,47,0,56,42,0,42,98
09/29/2010,ASG,AR,ASW,CE,Federal Contract Tower,0,5,8,0,13,0,2,86,0,88,0,7,94,0,101,82,0,82,183
09/30/2010,ASG,AR,ASW,CE,Federal Contract Tower,0,3,16,0,19,0,10,46,0,56,0,13,62,0,75,40,0,40,115
10/01/2010,ASG,AR,ASW,CE,Federal Contract Tower,0,2,7,0,9,0,9,62,0,71,0,11,69,0,80,60,0,60,140
10/02/2010,ASG,AR,ASW,CE,Federal Contract Tower,0,0,4,0,4,0,9,39,0,48,0,9,43,0,52,12,0,12,64
10/03/2010,ASG,AR,ASW,CE,Federal Contract Tower,0,0,10,0,10,0,0,32,0,32,0,0,42,0,42,32,0,32,74
10/04/2010,ASG,AR,ASW,CE,Federal Contract Tower,0,3,15,0,18,0,3,31,0,34,0,6,46,0,52,0,0,0,52
10/05/2010,ASG,AR,ASW,CE,Federal Contract Tower,0,9,12,0,21,0,6,53,0,59,0,15,65,0,80,30,0,30,110
10/06/2010,ASG,AR,ASW,CE,Federal Contract Tower,0,3,7,0,10,0,5,40,0,45,0,8,47,0,55,18,0,18,73
10/07/2010,ASG,AR,ASW,CE,Federal Contract Tower,0,4,9,0,13,0,5,48,0,53,0,9,57,0,66,46,0,46,112
10/08/2010,ASG,AR,ASW,CE,Federal Contract Tower,0,4,8,0,12,0,1,54,0,55,0,5,62,0,67,18,0,18,85
10/09/2010,ASG,AR,ASW,CE,Federal Contract Tower,0,0,7,0,7,0,6,47,0,53,0,6,54,0,60,16,0,16,76
10/10/2010,ASG,AR,ASW,CE,Federal Contract Tower,0,1,5,0,6,0,5,50,0,55,0,6,55,0,61,18,0,18,79
10/11/2010,ASG,AR,ASW,CE,Federal Contract Tower,0,2,6,0,8,0,5,25,0,30,0,7,31,0,38,62,0,62,100
10/12/2010,ASG,AR,ASW,CE,Federal Contract Tower,0,5,11,0,16,0,1,19,2,22,0,6,30,2,38,18,0,18,56
10/13/2010,ASG,AR,ASW,CE,Federal Contract Tower,0,4,9,0,13,0,2,52,0,54,0,6,61,0,67,66,0,66,133
10/14/2010,ASG,AR,ASW,CE,Federal Contract Tower,0,3,18,0,21,0,6,58,0,64,0,9,76,0,85,56,0,56,141
10/15/2010,ASG,AR,ASW,CE,Federal Contract Tower,0,3,9,0,12,0,7,53,0,60,0,10,62,0,72,8,0,8,80
10/16/2010,ASG,AR,ASW,CE,Federal Contract Tower,0,0,4,0,4,0,4,45,0,49,0,4,49,0,53,24,0,24,77
10/17/2010,ASG,AR,ASW,CE,Federal Contract Tower,0,0,7,0,7,0,3,54,0,57,0,3,61,0,64,10,0,10,74
10/18/2010,ASG,AR,ASW,CE,Federal Contract Tower,0,4,11,0,15,0,2,28,0,30,0,6,39,0,45,20,0,20,65
10/19/2010,ASG,AR,ASW,CE,Federal Contract Tower,0,4,12,0,16,0,0,0,0,0,0,4,12,0,16,0,0,0,16
10/20/2010,ASG,AR,ASW,CE,Federal Contract Tower,0,4,8,0,12,0,3,50,0,53,0,7,58,0,65,50,0,50,115
10/21/2010,ASG,AR,ASW,CE,Federal Contract Tower,0,4,13,0,17,0,0,54,0,54,0,4,67,0,71,46,0,46,117
10/22/2010,ASG,AR,ASW,CE,Federal Contract Tower,0,4,18,0,22,0,2,20,0,22,0,6,38,0,44,8,0,8,52
10/23/2010,ASG,AR,ASW,CE,Federal Contract Tower,0,0,29,0,29,0,0,0,0,0,0,0,29,0,29,0,0,0,29
10/24/2010,ASG,AR,ASW,CE,Federal Contract Tower,0,0,17,0,17,0,0,20,0,20,0,0,37,0,37,46,0,46,83
10/25/2010,ASG,AR,ASW,CE,Federal Contract Tower,0,4,8,0,12,0,4,13,2,19,0,8,21,2,31,16,0,16,47
10/26/2010,ASG,AR,ASW,CE,Federal Contract Tower,0,3,8,0,11,0,2,30,0,32,0,5,38,0,43,0,0,0,43
10/27/2010,ASG,AR,ASW,CE,Federal Contract Tower,0,7,14,0,21,0,7,57,0,64,0,14,71,0,85,46,0,46,131
10/28/2010,ASG,AR,ASW,CE,Federal Contract Tower,0,4,13,0,17,0,3,34,0,37,0,7,47,0,54,24,0,24,78
10/29/2010,ASG,AR,ASW,CE,Federal Contract Tower,0,3,11,0,14,0,8,57,0,65,0,11,68,0,79,28,0,28,107
10/30/2010,ASG,AR,ASW,CE,Federal Contract Tower,0,0,11,0,11,0,1,42,0,43,0,1,53,0,54,6,0,6,60
10/31/2010,ASG,AR,ASW,CE,Federal Contract Tower,0,0,9,0,9,0,4,47,0,51,0,4,56,0,60,44,0,44,104
11/01/2010,ASG,AR,ASW,CE,Federal Contract Tower,0,4,18,0,22,0,0,32,0,32,0,4,50,0,54,20,0,20,74
11/02/2010,ASG,AR,ASW,CE,Federal Contract Tower,0,4,12,0,16,0,1,35,0,36,0,5,47,0,52,24,0,24,76
11/03/2010,ASG,AR,ASW,CE,Federal Contract Tower,0,4,13,0,17,0,4,46,0,50,0,8,59,0,67,66,0,66,133
11/04/2010,ASG,AR,ASW,CE,Federal Contract Tower,0,3,13,0,16,0,0,28,0,28,0,3,41,0,44,16,0,16,60
11/05/2010,ASG,AR,ASW,CE,Federal Contract Tower,0,3,7,0,10,0,1,39,0,40,0,4,46,0,50,20,0,20,70
11/06/2010,ASG,AR,ASW,CE,Federal Contract Tower,0,0,7,0,7,0,3,52,0,55,0,3,59,0,62,30,0,30,92
11/07/2010,ASG,AR,ASW,CE,Federal Contract Tower,0,0,11,0,11,0,6,51,0,57,0,6,62,0,68,52,0,52,120
11/08/2010,ASG,AR,ASW,CE,Federal Contract Tower,0,5,12,0,17,0,5,24,2,31,0,10,36,2,48,12,0,12,60
11/09/2010,ASG,AR,ASW,CE,Federal Contract Tower,0,7,19,0,26,0,5,45,0,50,0,12,64,0,76,30,0,30,106
11/10/2010,ASG,AR,ASW,CE,Federal Contract Tower,0,4,12,0,16,0,1,30,2,33,0,5,42,2,49,24,0,24,73
11/11/2010,ASG,AR,ASW,CE,Federal Contract Tower,0,5,9,0,14,0,2,30,0,32,0,7,39,0,46,22,0,22,68
11/12/2010,ASG,AR,ASW,CE,Federal Contract Tower,0,6,9,0,15,0,2,4,0,6,0,8,13,0,21,8,0,8,29
11/13/2010,ASG,AR,ASW,CE,Federal Contract Tower,0,0,11,0,11,0,7,26,0,33,0,7,37,0,44,6,0,6,50
11/14/2010,ASG,AR,ASW,CE,Federal Contract Tower,0,1,8,0,9,0,0,45,0,45,0,1,53,0,54,60,0,60,114
11/15/2010,ASG,AR,ASW,CE,Federal Contract Tower,0,4,11,0,15,0,7,37,0,44,0,11,48,0,59,38,0,38,97
11/16/2010,ASG,AR,ASW,CE,Federal Contract Tower,0,5,6,0,11,0,1,27,0,28,0,6,33,0,39,14,0,14,53
11/17/2010,ASG,AR,ASW,CE,Federal Contract Tower,0,4,13,0,17,0,1,24,0,25,0,5,37,0,42,28,0,28,70
11/18/2010,ASG,AR,ASW,CE,Federal Contract Tower,0,5,10,0,15,0,0,10,0,10,0,5,20,0,25,6,0,6,31
11/19/2010,ASG,AR,ASW,CE,Federal Contract Tower,0,3,14,0,17,0,1,46,0,47,0,4,60,0,64,10,0,10,74
11/20/2010,ASG,AR,ASW,CE,Federal Contract Tower,0,0,11,0,11,0,7,22,0,29,0,7,33,0,40,12,0,12,52
11/21/2010,ASG,AR,ASW,CE,Federal Contract Tower,0,0,4,0,4,0,6,2,0,8,0,6,6,0,12,0,0,0,12
11/22/2010,ASG,AR,ASW,CE,Federal Contract Tower,0,4,6,0,10,0,5,15,0,20,0,9,21,0,30,10,0,10,40
11/23/2010,ASG,AR,ASW,CE,Federal Contract Tower,0,7,4,0,11,0,0,40,0,40,0,7,44,0,51,20,0,20,71
11/24/2010,ASG,AR,ASW,CE,Federal Contract Tower,0,6,13,0,19,0,0,13,0,13,0,6,26,0,32,12,0,12,44
11/25/2010,ASG,AR,ASW,CE,Federal Contract Tower,0,0,0,0,0,0,0,1,0,1,0,0,1,0,1,0,0,0,1
11/26/2010,ASG,AR,ASW,CE,Federal Contract Tower,0,3,7,0,10,0,6,36,0,42,0,9,43,0,52,18,0,18,70
11/27/2010,ASG,AR,ASW,CE,Federal Contract Tower,0,0,7,0,7,0,5,42,0,47,0,5,49,0,54,18,0,18,72
11/28/2010,ASG,AR,ASW,CE,Federal Contract Tower,0,0,11,0,11,0,3,21,0,24,0,3,32,0,35,36,0,36,71
11/29/2010,ASG,AR,ASW,CE,Federal Contract Tower,0,4,13,0,17,0,2,6,0,8,0,6,19,0,25,0,0,0,25
11/30/2010,ASG,AR,ASW,CE,Federal Contract Tower,0,9,12,0,21,0,3,27,0,30,0,12,39,0,51,14,0,14,65
12/01/2010,ASG,AR,ASW,CE,Federal Contract Tower,0,9,9,0,18,0,4,67,1,72,0,13,76,1,90,90,0,90,180
12/02/2010,ASG,AR,ASW,CE,Federal Contract Tower,0,6,10,0,16,0,7,55,1,63,0,13,65,1,79,12,0,12,91
12/03/2010,ASG,AR,ASW,CE,Federal Contract Tower,0,5,9,0,14,0,7,31,1,39,0,12,40,1,53,32,0,32,85
12/04/2010,ASG,AR,ASW,CE,Federal Contract Tower,0,2,3,1,6,0,7,21,1,29,0,9,24,2,35,0,0,0,35
12/05/2010,ASG,AR,ASW,CE,Federal Contract Tower,0,2,9,0,11,0,2,28,0,30,0,4,37,0,41,34,0,34,75
12/06/2010,ASG,AR,ASW,CE,Federal Contract Tower,0,7,18,0,25,0,1,28,0,29,0,8,46,0,54,4,0,4,58
12/07/2010,ASG,AR,ASW,CE,Federal Contract Tower,0,12,13,0,25,0,5,46,0,51,0,17,59,0,76,32,0,32,108
12/08/2010,ASG,AR,ASW,CE,Federal Contract Tower,0,11,10,0,21,0,2,37,0,39,0,13,47,0,60,30,0,30,90
12/09/2010,ASG,AR,ASW,CE,Federal Contract Tower,0,4,15,0,19,0,2,29,0,31,0,6,44,0,50,8,0,8,58
12/10/2010,ASG,AR,ASW,CE,Federal Contract Tower,0,7,12,0,19,0,1,36,0,37,0,8,48,0,56,16,0,16,72
12/11/2010,ASG,AR,ASW,CE,Federal Contract Tower,0,0,1,0,1,0,2,0,0,2,0,2,1,0,3,0,0,0,3
12/12/2010,ASG,AR,ASW,CE,Federal Contract Tower,0,0,2,0,2,0,5,11,0,16,0,5,13,0,18,0,0,0,18
12/13/2010,ASG,AR,ASW,CE,Federal Contract Tower,0,4,11,0,15,0,5,24,0,29,0,9,35,0,44,2,0,2,46
12/14/2010,ASG,AR,ASW,CE,Federal Contract Tower,0,7,9,0,16,0,3,33,0,36,0,10,42,0,52,40,0,40,92
12/15/2010,ASG,AR,ASW,CE,Federal Contract Tower,0,7,24,0,31,0,1,12,0,13,0,8,36,0,44,4,0,4,48
12/16/2010,ASG,AR,ASW,CE,Federal Contract Tower,0,4,12,0,16,0,2,14,0,16,0,6,26,0,32,8,0,8,40
12/17/2010,ASG,AR,ASW,CE,Federal Contract Tower,0,4,14,0,18,0,3,23,0,26,0,7,37,0,44,2,0,2,46
12/18/2010,ASG,AR,ASW,CE,Federal Contract Tower,0,0,5,0,5,0,0,36,0,36,0,0,41,0,41,44,0,44,85
12/19/2010,ASG,AR,ASW,CE,Federal Contract Tower,0,0,11,0,11,0,3,49,0,52,0,3,60,0,63,46,0,46,109
12/20/2010,ASG,AR,ASW,CE,Federal Contract Tower,0,4,16,0,20,0,9,15,0,24,0,13,31,0,44,0,0,0,44
12/21/2010,ASG,AR,ASW,CE,Federal Contract Tower,0,5,23,0,28,0,1,5,0,6,0,6,28,0,34,4,0,4,38
12/22/2010,ASG,AR,ASW,CE,Federal Contract Tower,0,4,8,0,12,0,3,35,0,38,0,7,43,0,50,28,0,28,78
12/23/2010,ASG,AR,ASW,CE,Federal Contract Tower,0,5,9,0,14,0,0,25,0,25,0,5,34,0,39,8,0,8,47
12/24/2010,ASG,AR,ASW,CE,Federal Contract Tower,0,5,1,0,6,0,0,0,0,0,0,5,1,0,6,0,0,0,6
12/25/2010,ASG,AR,ASW,CE,Federal Contract Tower,0,0,1,0,1,0,1,0,0,1,0,1,1,0,2,0,0,0,2
12/26/2010,ASG,AR,ASW,CE,Federal Contract Tower,0,2,9,0,11,0,0,19,0,19,0,2,28,0,30,0,0,0,30
12/27/2010,ASG,AR,ASW,CE,Federal Contract Tower,0,4,6,0,10,0,0,29,0,29,0,4,35,0,39,20,0,20,59
12/28/2010,ASG,AR,ASW,CE,Federal Contract Tower,0,4,11,0,15,0,0,11,0,11,0,4,22,0,26,18,0,18,44
12/29/2010,ASG,AR,ASW,CE,Federal Contract Tower,0,4,8,0,12,0,2,2,0,4,0,6,10,0,16,0,0,0,16
12/30/2010,ASG,AR,ASW,CE,Federal Contract Tower,0,4,8,0,12,0,6,1,0,7,0,10,9,0,19,0,0,0,19
12/31/2010,ASG,AR,ASW,CE,Federal Contract Tower,0,4,4,0,8,0,7,17,0,24,0,11,21,0,32,4,0,4,36
01/01/2011,ASG,AR,ASW,CE,Federal Contract Tower,0,0,0,0,0,0,5,37,0,42,0,5,37,0,42,12,0,12,54
01/02/2011,ASG,AR,ASW,CE,Federal Contract Tower,0,0,12,0,12,0,3,44,0,47,0,3,56,0,59,60,0,60,119
01/03/2011,ASG,AR,ASW,CE,Federal Contract Tower,0,4,14,0,18,0,6,23,0,29,0,10,37,0,47,32,0,32,79
01/04/2011,ASG,AR,ASW,CE,Federal Contract Tower,0,6,10,0,16,0,7,54,0,61,0,13,64,0,77,70,0,70,147
01/05/2011,ASG,AR,ASW,CE,Federal Contract Tower,0,6,23,0,29,0,0,55,0,55,0,6,78,0,84,70,0,70,154
01/06/2011,ASG,AR,ASW,CE,Federal Contract Tower,0,5,14,0,19,0,4,40,0,44,0,9,54,0,63,12,0,12,75
01/07/2011,ASG,AR,ASW,CE,Federal Contract Tower,0,7,6,0,13,0,0,15,0,15,0,7,21,0,28,26,0,26,54
01/08/2011,ASG,AR,ASW,CE,Federal Contract Tower,0,1,28,0,29,0,0,32,0,32,0,1,60,0,61,24,0,24,85
01/09/2011,ASG,AR,ASW,CE,Federal Contract Tower,0,0,2,0,2,0,4,7,0,11,0,4,9,0,13,18,0,18,31
01/10/2011,ASG,AR,ASW,CE,Federal Contract Tower,0,2,5,0,7,0,0,0,0,0,0,2,5,0,7,0,0,0,7
01/11/2011,ASG,AR,ASW,CE,Federal Contract Tower,0,4,7,0,11,0,0,6,0,6,0,4,13,0,17,0,0,0,17
01/12/2011,ASG,AR,ASW,CE,Federal Contract Tower,0,4,9,0,13,0,2,17,0,19,0,6,26,0,32,0,0,0,32
01/13/2011,ASG,AR,ASW,CE,Federal Contract Tower,0,4,7,0,11,0,7,14,0,21,0,11,21,0,32,0,0,0,32
01/14/2011,ASG,AR,ASW,CE,Federal Contract Tower,0,4,11,0,15,0,12,14,0,26,0,16,25,0,41,8,0,8,49
01/15/2011,ASG,AR,ASW,CE,Federal Contract Tower,0,2,10,0,12,0,7,44,0,51,0,9,54,0,63,38,0,38,101
01/16/2011,ASG,AR,ASW,CE,Federal Contract Tower,0,0,8,0,8,0,3,40,0,43,0,3,48,0,51,102,0,102,153
01/17/2011,ASG,AR,ASW,CE,Federal Contract Tower,0,2,3,0,5,0,2,2,0,4,0,4,5,0,9,0,0,0,9
01/18/2011,ASG,AR,ASW,CE,Federal Contract Tower,0,6,18,0,24,0,0,0,0,0,0,6,18,0,24,0,0,0,24
01/19/2011,ASG,AR,ASW,CE,Federal Contract Tower,0,4,14,0,18,0,4,22,0,26,0,8,36,0,44,12,0,12,56
01/20/2011,ASG,AR,ASW,CE,Federal Contract Tower,0,2,4,0,6,0,2,0,0,2,0,4,4,0,8,0,0,0,8
01/21/2011,ASG,AR,ASW,CE,Federal Contract Tower,0,4,9,2,15,0,4,20,0,24,0,8,29,2,39,0,0,0,39
01/22/2011,ASG,AR,ASW,CE,Federal Contract Tower,0,0,11,0,11,0,0,39,1,40,0,0,50,1,51,14,0,14,65
01/23/2011,ASG,AR,ASW,CE,Federal Contract Tower,0,0,6,0,6,0,4,3,1,8,0,4,9,1,14,0,0,0,14
01/24/2011,ASG,AR,ASW,CE,Federal Contract Tower,0,6,16,0,22,0,0,20,0,20,0,6,36,0,42,20,0,20,62
01/25/2011,ASG,AR,ASW,CE,Federal Contract Tower,0,4,12,0,16,0,4,38,8,50,0,8,50,8,66,54,0,54,120
01/26/2011,ASG,AR,ASW,CE,Federal Contract Tower,0,4,5,0,9,0,2,41,0,43,0,6,46,0,52,46,0,46,98
01/27/2011,ASG,AR,ASW,CE,Federal Contract Tower,0,6,22,0,28,0,3,41,0,44,0,9,63,0,72,42,0,42,114
01/28/2011,ASG,AR,ASW,CE,Federal Contract Tower,0,3,16,0,19,0,9,50,0,59,0,12,66,0,78,40,0,40,118
01/29/2011,ASG,AR,ASW,CE,Federal Contract Tower,0,0,1,0,1,0,3,79,0,82,0,3,80,0,83,78,0,78,161
01/30/2011,ASG,AR,ASW,CE,Federal Contract Tower,0,0,11,0,11,0,0,24,0,24,0,0,35,0,35,50,0,50,85
01/31/2011,ASG,AR,ASW,CE,Federal Contract Tower,0,5,8,0,13,0,0,0,0,0,0,5,8,0,13,0,0,0,13
02/01/2011,ASG,AR,ASW,CE,Federal Contract Tower,0,1,1,0,2,0,0,0,0,0,0,1,1,0,2,0,0,0,2
02/02/2011,ASG,AR,ASW,CE,Federal Contract Tower,0,2,1,0,3,0,8,4,0,12,0,10,5,0,15,2,0,2,17
02/03/2011,ASG,AR,ASW,CE,Federal Contract Tower,0,4,2,0,6,0,8,5,0,13,0,12,7,0,19,0,0,0,19
02/04/2011,ASG,AR,ASW,CE,Federal Contract Tower,0,2,6,0,8,0,0,0,0,0,0,2,6,0,8,0,0,0,8
02/05/2011,ASG,AR,ASW,CE,Federal Contract Tower,0,2,3,0,5,0,3,27,0,30,0,5,30,0,35,36,0,36,71
02/06/2011,ASG,AR,ASW,CE,Federal Contract Tower,0,1,0,0,1,0,2,4,0,6,0,3,4,0,7,26,0,26,33
02/07/2011,ASG,AR,ASW,CE,Federal Contract Tower,0,7,7,0,14,0,1,0,0,1,0,8,7,0,15,0,0,0,15
02/08/2011,ASG,AR,ASW,CE,Federal Contract Tower,0,6,10,0,16,0,6,14,0,20,0,12,24,0,36,20,0,20,56
02/09/2011,ASG,AR,ASW,CE,Federal Contract Tower,0,0,1,0,1,0,0,0,0,0,0,0,1,0,1,0,0,0,1
02/10/2011,ASG,AR,ASW,CE,Federal Contract Tower,0,2,1,0,3,0,2,3,0,5,0,4,4,0,8,0,0,0,8
02/11/2011,ASG,AR,ASW,CE,Federal Contract Tower,0,4,3,0,7,0,7,14,0,21,0,11,17,0,28,0,0,0,28
02/12/2011,ASG,AR,ASW,CE,Federal Contract Tower,0,1,4,0,5,0,0,50,0,50,0,1,54,0,55,32,0,32,87
02/13/2011,ASG,AR,ASW,CE,Federal Contract Tower,0,0,3,2,5,0,0,23,0,23,0,0,26,2,28,14,0,14,42
02/14/2011,ASG,AR,ASW,CE,Federal Contract Tower,0,7,13,8,28,0,2,38,0,40,0,9,51,8,68,32,0,32,100
02/15/2011,ASG,AR,ASW,CE,Federal Contract Tower,0,4,14,0,18,0,0,43,0,43,0,4,57,0,61,24,0,24,85
02/16/2011,ASG,AR,ASW,CE,Federal Contract Tower,0,6,21,0,27,0,3,8,0,11,0,9,29,0,38,2,0,2,40
02/17/2011,ASG,AR,ASW,CE,Federal Contract Tower,0,4,16,0,20,0,0,21,0,21,0,4,37,0,41,2,0,2,43
02/18/2011,ASG,AR,ASW,CE,Federal Contract Tower,0,4,12,0,16,0,3,20,0,23,0,7,32,0,39,8,0,8,47
02/19/2011,ASG,AR,ASW,CE,Federal Contract Tower,0,0,16,0,16,0,4,56,0,60,0,4,72,0,76,84,0,84,160
02/20/2011,ASG,AR,ASW,CE,Federal Contract Tower,0,0,7,0,7,0,1,14,0,15,0,1,21,0,22,14,0,14,36
02/21/2011,ASG,AR,ASW,CE,Federal Contract Tower,0,2,20,0,22,0,1,1,0,2,0,3,21,0,24,0,0,0,24
02/22/2011,ASG,AR,ASW,CE,Federal Contract Tower,0,3,12,0,15,0,9,80,0,89,0,12,92,0,104,34,0,34,138
02/23/2011,ASG,AR,ASW,CE,Federal Contract Tower,0,4,28,0,32,0,4,31,0,35,0,8,59,0,67,22,0,22,89
02/24/2011,ASG,AR,ASW,CE,Federal Contract Tower,0,4,8,0,12,0,0,0,0,0,0,4,8,0,12,0,0,0,12
02/25/2011,ASG,AR,ASW,CE,Federal Contract Tower,0,4,11,0,15,0,0,21,0,21,0,4,32,0,36,26,0,26,62
02/26/2011,ASG,AR,ASW,CE,Federal Contract Tower,0,0,2,0,2,0,4,47,0,51,0,4,49,0,53,80,0,80,133
02/27/2011,ASG,AR,ASW,CE,Federal Contract Tower,0,0,2,0,2,0,4,9,0,13,0,4,11,0,15,54,0,54,69
02/28/2011,ASG,AR,ASW,CE,Federal Contract Tower,0,4,4,0,8,0,1,16,0,17,0,5,20,0,25,44,0,44,69
03/01/2011,ASG,AR,ASW,CE,Federal Contract Tower,0,5,9,0,14,0,6,45,0,51,0,11,54,0,65,38,0,38,103
03/02/2011,ASG,AR,ASW,CE,Federal Contract Tower,0,7,12,0,19,0,2,53,0,55,0,9,65,0,74,44,0,44,118
03/03/2011,ASG,AR,ASW,CE,Federal Contract Tower,0,6,13,0,19,0,1,66,0,67,0,7,79,0,86,62,0,62,148
03/04/2011,ASG,AR,ASW,CE,Federal Contract Tower,0,8,2,0,10,0,3,37,0,40,0,11,39,0,50,30,0,30,80
03/05/2011,ASG,AR,ASW,CE,Federal Contract Tower,0,0,7,0,7,0,0,23,0,23,0,0,30,0,30,26,0,26,56
03/06/2011,ASG,AR,ASW,CE,Federal Contract Tower,0,2,2,0,4,0,3,71,0,74,0,5,73,0,78,122,0,122,200
03/07/2011,ASG,AR,ASW,CE,Federal Contract Tower,0,10,8,0,18,0,3,33,0,36,0,13,41,0,54,52,0,52,106
03/08/2011,ASG,AR,ASW,CE,Federal Contract Tower,0,4,13,0,17,0,2,1,0,3,0,6,14,0,20,0,0,0,20
03/09/2011,ASG,AR,ASW,CE,Federal Contract Tower,0,7,7,0,14,0,2,2,0,4,0,9,9,0,18,12,0,12,30
03/10/2011,ASG,AR,ASW,CE,Federal Contract Tower,0,4,11,0,15,0,1,69,0,70,0,5,80,0,85,60,0,60,145
03/11/2011,ASG,AR,ASW,CE,Federal Contract Tower,0,4,8,0,12,0,7,46,0,53,0,11,54,0,65,64,0,64,129
03/12/2011,ASG,AR,ASW,CE,Federal Contract Tower,0,0,5,0,5,0,11,51,0,62,0,11,56,0,67,26,0,26,93
03/13/2011,ASG,AR,ASW,CE,Federal Contract Tower,0,0,7,0,7,0,1,22,0,23,0,1,29,0,30,8,0,8,38
03/14/2011,ASG,AR,ASW,CE,Federal Contract Tower,0,5,5,0,10,0,0,1,0,1,0,5,6,0,11,0,0,0,11
03/15/2011,ASG,AR,ASW,CE,Federal Contract Tower,0,4,11,0,15,0,5,26,0,31,0,9,37,0,46,30,0,30,76
03/16/2011,ASG,AR,ASW,CE,Federal Contract Tower,0,6,20,0,26,0,10,46,0,56,0,16,66,0,82,26,0,26,108
03/17/2011,ASG,AR,ASW,CE,Federal Contract Tower,0,7,11,0,18,0,0,18,0,18,0,7,29,0,36,2,0,2,38
03/18/2011,ASG,AR,ASW,CE,Federal Contract Tower,0,4,18,0,22,0,1,53,0,54,0,5,71,0,76,62,0,62,138
03/19/2011,ASG,AR,ASW,CE,Federal Contract Tower,0,2,13,0,15,0,3,20,0,23,0,5,33,0,38,20,0,20,58
03/20/2011,ASG,AR,ASW,CE,Federal Contract Tower,0,0,4,0,4,0,0,0,0,0,0,0,4,0,4,38,0,38,42
03/21/2011,ASG,AR,ASW,CE,Federal Contract Tower,0,4,12,0,16,0,1,39,0,40,0,5,51,0,56,76,0,76,132
03/22/2011,ASG,AR,ASW,CE,Federal Contract Tower,0,6,2,0,8,0,0,26,0,26,0,6,28,0,34,18,0,18,52
03/23/2011,ASG,AR,ASW,CE,Federal Contract Tower,0,5,3,0,8,0,3,32,0,35,0,8,35,0,43,10,0,10,53
03/24/2011,ASG,AR,ASW,CE,Federal Contract Tower,0,6,17,0,23,0,3,55,0,58,0,9,72,0,81,30,0,30,111
03/25/2011,ASG,AR,ASW,CE,Federal Contract Tower,0,4,11,0,15,0,4,41,0,45,0,8,52,0,60,30,0,30,90
03/26/2011,ASG,AR,ASW,CE,Federal Contract Tower,0,0,12,0,12,0,0,0,0,0,0,0,12,0,12,0,0,0,12
03/27/2011,ASG,AR,ASW,CE,Federal Contract Tower,0,0,10,0,10,0,0,0,0,0,0,0,10,0,10,0,0,0,10
03/28/2011,ASG,AR,ASW,CE,Federal Contract Tower,0,4,12,0,16,0,2,29,0,31,0,6,41,0,47,38,0,38,85
03/29/2011,ASG,AR,ASW,CE,Federal Contract Tower,0,5,8,0,13,0,0,0,0,0,0,5,8,0,13,0,0,0,13
03/30/2011,ASG,AR,ASW,CE,Federal Contract Tower,0,6,4,0,10,0,3,21,0,24,0,9,25,0,34,44,0,44,78
03/31/2011,ASG,AR,ASW,CE,Federal Contract Tower,0,6,26,0,32,0,0,3,0,3,0,6,29,0,35,4,0,4,39
04/01/2011,ASG,AR,ASW,CE,Federal Contract Tower,0,4,9,0,13,0,2,44,0,46,0,6,53,0,59,34,0,34,93
04/02/2011,ASG,AR,ASW,CE,Federal Contract Tower,0,0,5,0,5,0,5,104,0,109,0,5,109,0,114,84,0,84,198
04/03/2011,ASG,AR,ASW,CE,Federal Contract Tower,0,2,1,0,3,0,4,13,0,17,0,6,14,0,20,0,0,0,20
04/04/2011,ASG,AR,ASW,CE,Federal Contract Tower,0,8,7,2,17,0,0,5,3,8,0,8,12,5,25,0,0,0,25
04/05/2011,ASG,AR,ASW,CE,Federal Contract Tower,0,4,7,0,11,0,7,49,2,58,0,11,56,2,69,80,0,80,149
04/06/2011,ASG,AR,ASW,CE,Federal Contract Tower,0,5,9,0,14,0,2,22,0,24,0,7,31,0,38,6,0,6,44
04/07/2011,ASG,AR,ASW,CE,Federal Contract Tower,0,4,19,0,23,0,9,35,0,44,0,13,54,0,67,40,0,40,107
04/08/2011,ASG,AR,ASW,CE,Federal Contract Tower,0,5,18,0,23,0,0,42,0,42,0,5,60,0,65,34,0,34,99
04/09/2011,ASG,AR,ASW,CE,Federal Contract Tower,0,2,6,0,8,0,7,41,0,48,0,9,47,0,56,18,0,18,74
04/10/2011,ASG,AR,ASW,CE,Federal Contract Tower,0,1,4,0,5,0,0,11,0,11,0,1,15,0,16,8,0,8,24
04/11/2011,ASG,AR,ASW,CE,Federal Contract Tower,0,4,16,0,20,0,4,8,0,12,0,8,24,0,32,22,0,22,54
04/12/2011,ASG,AR,ASW,CE,Federal Contract Tower,0,4,8,0,12,0,6,55,0,61,0,10,63,0,73,80,0,80,153
04/13/2011,ASG,AR,ASW,CE,Federal Contract Tower,0,3,10,0,13,0,2,47,0,49,0,5,57,0,62,26,0,26,88
04/14/2011,ASG,AR,ASW,CE,Federal Contract Tower,0,6,13,0,19,0,1,19,0,20,0,7,32,0,39,12,0,12,51
04/15/2011,ASG,AR,ASW,CE,Federal Contract Tower,0,4,11,0,15,0,6,1,0,7,0,10,12,0,22,0,0,0,22
04/16/2011,ASG,AR,ASW,CE,Federal Contract Tower,0,0,6,0,6,0,4,41,0,45,0,4,47,0,51,44,0,44,95
04/17/2011,ASG,AR,ASW,CE,Federal Contract Tower,0,0,7,0,7,0,3,57,0,60,0,3,64,0,67,46,0,46,113
04/18/2011,ASG,AR,ASW,CE,Federal Contract Tower,0,6,9,0,15,0,3,20,0,23,0,9,29,0,38,8,0,8,46
04/19/2011,ASG,AR,ASW,CE,Federal Contract Tower,0,4,15,0,19,0,2,18,0,20,0,6,33,0,39,2,0,2,41
04/20/2011,ASG,AR,ASW,CE,Federal Contract Tower,0,4,18,0,22,0,4,63,0,67,0,8,81,0,89,72,0,72,161
04/21/2011,ASG,AR,ASW,CE,Federal Contract Tower,0,3,12,0,15,0,4,22,0,26,0,7,34,0,41,26,0,26,67
04/22/2011,ASG,AR,ASW,CE,Federal Contract Tower,0,4,8,0,12,0,1,4,0,5,0,5,12,0,17,0,0,0,17
04/23/2011,ASG,AR,ASW,CE,Federal Contract Tower,0,0,1,0,1,0,1,0,0,1,0,1,1,0,2,0,0,0,2
04/24/2011,ASG,AR,ASW,CE,Federal Contract Tower,0,0,3,0,3,0,0,0,0,0,0,0,3,0,3,0,0,0,3
04/25/2011,ASG,AR,ASW,CE,Federal Contract Tower,0,0,10,0,10,0,0,0,0,0,0,0,10,0,10,0,0,0,10
04/26/2011,ASG,AR,ASW,CE,Federal Contract Tower,0,8,8,0,16,0,6,14,0,20,0,14,22,0,36,0,0,0,36
04/27/2011,ASG,AR,ASW,CE,Federal Contract Tower,0,4,5,0,9,0,0,5,0,5,0,4,10,0,14,4,0,4,18
04/28/2011,ASG,AR,ASW,CE,Federal Contract Tower,0,6,12,0,18,0,4,53,0,57,0,10,65,0,75,30,0,30,105
04/29/2011,ASG,AR,ASW,CE,Federal Contract Tower,0,3,12,0,15,0,1,47,0,48,0,4,59,0,63,32,0,32,95
04/30/2011,ASG,AR,ASW,CE,Federal Contract Tower,0,4,5,0,9,0,2,19,0,21,0,6,24,0,30,10,0,10,40
05/01/2011,ASG,AR,ASW,CE,Federal Contract Tower,0,0,4,0,4,0,0,0,0,0,0,0,4,0,4,0,0,0,4
05/02/2011,ASG,AR,ASW,CE,Federal Contract Tower,0,4,6,0,10,0,0,7,0,7,0,4,13,0,17,0,0,0,17
05/03/2011,ASG,AR,ASW,CE,Federal Contract Tower,0,4,17,0,21,0,2,54,0,56,0,6,71,0,77,56,0,56,133
05/04/2011,ASG,AR,ASW,CE,Federal Contract Tower,0,4,14,0,18,0,0,56,0,56,0,4,70,0,74,40,0,40,114
05/05/2011,ASG,AR,ASW,CE,Federal Contract Tower,0,4,25,0,29,0,2,41,0,43,0,6,66,0,72,36,0,36,108
05/06/2011,ASG,AR,ASW,CE,Federal Contract Tower,0,4,16,0,20,0,13,62,0,75,0,17,78,0,95,68,0,68,163
05/07/2011,ASG,AR,ASW,CE,Federal Contract Tower,0,0,6,0,6,0,8,64,0,72,0,8,70,0,78,18,0,18,96
05/08/2011,ASG,AR,ASW,CE,Federal Contract Tower,0,0,7,0,7,0,2,38,0,40,0,2,45,0,47,34,0,34,81
05/09/2011,ASG,AR,ASW,CE,Federal Contract Tower,0,4,7,0,11,0,4,39,0,43,0,8,46,0,54,50,0,50,104
05/10/2011,ASG,AR,ASW,CE,Federal Contract Tower,0,4,7,1,12,0,2,46,4,52,0,6,53,5,64,10,0,10,74
05/11/2011,ASG,AR,ASW,CE,Federal Contract Tower,0,4,20,0,24,0,2,43,0,45,0,6,63,0,69,2,0,2,71
05/12/2011,ASG,AR,ASW,CE,Federal Contract Tower,0,4,7,0,11,0,1,35,1,37,0,5,42,1,48,8,0,8,56
05/13/2011,ASG,AR,ASW,CE,Federal Contract Tower,0,4,15,0,19,0,0,5,0,5,0,4,20,0,24,4,0,4,28
05/14/2011,ASG,AR,ASW,CE,Federal Contract Tower,0,0,7,0,7,0,4,83,0,87,0,4,90,0,94,6,0,6,100
05/15/2011,ASG,AR,ASW,CE,Federal Contract Tower,0,0,13,0,13,0,4,43,0,47,0,4,56,0,60,52,0,52,112
05/16/2011,ASG,AR,ASW,CE,Federal Contract Tower,0,6,14,0,20,0,3,32,0,35,0,9,46,0,55,38,0,38,93
05/17/2011,ASG,AR,ASW,CE,Federal Contract Tower,0,7,18,2,27,0,14,77,0,91,0,21,95,2,118,80,0,80,198
05/18/2011,ASG,AR,ASW,CE,Federal Contract Tower,0,7,15,0,22,0,3,23,0,26,0,10,38,0,48,24,0,24,72
05/19/2011,ASG,AR,ASW,CE,Federal Contract Tower,0,9,10,0,19,0,0,24,0,24,0,9,34,0,43,16,0,16,59
05/20/2011,ASG,AR,ASW,CE,Federal Contract Tower,0,5,6,0,11,0,0,5,0,5,0,5,11,0,16,6,0,6,22
05/21/2011,ASG,AR,ASW,CE,Federal Contract Tower,0,1,3,0,4,0,0,66,0,66,0,1,69,0,70,90,0,90,160
05/22/2011,ASG,AR,ASW,CE,Federal Contract Tower,0,4,5,0,9,0,0,16,0,16,0,4,21,0,25,28,0,28,53
05/23/2011,ASG,AR,ASW,CE,Federal Contract Tower,0,5,4,0,9,0,2,7,0,9,0,7,11,0,18,0,0,0,18
05/24/2011,ASG,AR,ASW,CE,Federal Contract Tower,0,9,9,0,18,0,10,32,0,42,0,19,41,0,60,14,0,14,74
05/25/2011,ASG,AR,ASW,CE,Federal Contract Tower,0,4,0,0,4,0,7,8,0,15,0,11,8,0,19,0,0,0,19
05/26/2011,ASG,AR,ASW,CE,Federal Contract Tower,0,8,15,0,23,0,2,29,2,33,0,10,44,2,56,30,0,30,86
05/27/2011,ASG,AR,ASW,CE,Federal Contract Tower,0,4,20,0,24,0,14,35,0,49,0,18,55,0,73,2,0,2,75
05/28/2011,ASG,AR,ASW,CE,Federal Contract Tower,0,0,7,0,7,0,12,35,0,47,0,12,42,0,54,28,0,28,82
05/29/2011,ASG,AR,ASW,CE,Federal Contract Tower,0,2,3,0,5,0,8,36,0,44,0,10,39,0,49,44,0,44,93
05/30/2011,ASG,AR,ASW,CE,Federal Contract Tower,0,0,4,0,4,0,0,28,0,28,0,0,32,0,32,38,0,38,70
05/31/2011,ASG,AR,ASW,CE,Federal Contract Tower,0,4,10,0,14,0,5,41,0,46,0,9,51,0,60,44,0,44,104
06/01/2011,ASG,AR,ASW,CE,Federal Contract Tower,0,4,10,0,14,0,4,27,0,31,0,8,37,0,45,6,0,6,51
06/02/2011,ASG,AR,ASW,CE,Federal Contract Tower,0,8,11,0,19,0,5,55,0,60,0,13,66,0,79,38,0,38,117
06/03/2011,ASG,AR,ASW,CE,Federal Contract Tower,0,5,5,0,10,0,8,53,0,61,0,13,58,0,71,24,0,24,95
06/04/2011,ASG,AR,ASW,CE,Federal Contract Tower,0,1,4,0,5,0,5,70,0,75,0,6,74,0,80,24,0,24,104
06/05/2011,ASG,AR,ASW,CE,Federal Contract Tower,0,0,7,0,7,0,5,51,0,56,0,5,58,0,63,50,0,50,113
06/06/2011,ASG,AR,ASW,CE,Federal Contract Tower,0,4,4,0,8,0,4,50,0,54,0,8,54,0,62,58,0,58,120
06/07/2011,ASG,AR,ASW,CE,Federal Contract Tower,0,4,5,0,9,0,2,67,0,69,0,6,72,0,78,60,0,60,138
06/08/2011,ASG,AR,ASW,CE,Federal Contract Tower,0,4,10,0,14,0,5,52,0,57,0,9,62,0,71,36,0,36,107
06/09/2011,ASG,AR,ASW,CE,Federal Contract Tower,0,4,8,0,12,0,12,38,0,50,0,16,46,0,62,38,0,38,100
06/10/2011,ASG,AR,ASW,CE,Federal Contract Tower,0,4,12,0,16,0,11,28,0,39,0,15,40,0,55,30,0,30,85
06/11/2011,ASG,AR,ASW,CE,Federal Contract Tower,0,0,2,0,2,0,0,74,0,74,0,0,76,0,76,20,0,20,96
06/12/2011,ASG,AR,ASW,CE,Federal Contract Tower,0,0,8,0,8,0,3,37,0,40,0,3,45,0,48,0,0,0,48
06/13/2011,ASG,AR,ASW,CE,Federal Contract Tower,0,11,7,0,18,0,2,30,0,32,0,13,37,0,50,22,0,22,72
06/14/2011,ASG,AR,ASW,CE,Federal Contract Tower,0,7,15,0,22,0,3,37,0,40,0,10,52,0,62,16,0,16,78
06/15/2011,ASG,AR,ASW,CE,Federal Contract Tower,0,6,11,0,17,0,2,43,0,45,0,8,54,0,62,36,0,36,98
06/16/2011,ASG,AR,ASW,CE,Federal Contract Tower,0,3,16,0,19,0,1,15,0,16,0,4,31,0,35,0,0,0,35
06/17/2011,ASG,AR,ASW,CE,Federal Contract Tower,0,4,9,0,13,0,6,46,0,52,0,10,55,0,65,34,0,34,99
06/18/2011,ASG,AR,ASW,CE,Federal Contract Tower,0,0,7,0,7,0,7,76,0,83,0,7,83,0,90,26,0,26,116
06/19/2011,ASG,AR,ASW,CE,Federal Contract Tower,0,0,7,0,7,0,14,40,0,54,0,14,47,0,61,6,0,6,67
06/20/2011,ASG,AR,ASW,CE,Federal Contract Tower,0,4,11,0,15,0,4,32,0,36,0,8,43,0,51,8,0,8,59
06/21/2011,ASG,AR,ASW,CE,Federal Contract Tower,0,4,21,0,25,0,4,34,0,38,0,8,55,0,63,0,0,0,63
06/22/2011,ASG,AR,ASW,CE,Federal Contract Tower,0,4,15,0,19,0,5,47,0,52,0,9,62,0,71,6,0,6,77
06/23/2011,ASG,AR,ASW,CE,Federal Contract Tower,0,4,11,0,15,0,12,64,0,76,0,16,75,0,91,58,0,58,149
06/24/2011,ASG,AR,ASW,CE,Federal Contract Tower,0,5,17,0,22,0,8,30,0,38,0,13,47,0,60,10,0,10,70
06/25/2011,ASG,AR,ASW,CE,Federal Contract Tower,0,0,13,0,13,0,4,20,0,24,0,4,33,0,37,0,0,0,37
06/26/2011,ASG,AR,ASW,CE,Federal Contract Tower,0,1,15,0,16,0,3,33,0,36,0,4,48,0,52,14,0,14,66
06/27/2011,ASG,AR,ASW,CE,Federal Contract Tower,0,4,17,0,21,0,3,35,0,38,0,7,52,0,59,4,0,4,63
06/28/2011,ASG,AR,ASW,CE,Federal Contract Tower,0,7,19,0,26,0,3,36,0,39,0,10,55,0,65,0,0,0,65
06/29/2011,ASG,AR,ASW,CE,Federal Contract Tower,0,5,11,4,20,0,4,33,0,37,0,9,44,4,57,26,0,26,83
06/30/2011,ASG,AR,ASW,CE,Federal Contract Tower,0,7,15,0,22,0,2,40,0,42,0,9,55,0,64,8,0,8,72
07/01/2011,ASG,AR,ASW,CE,Federal Contract Tower,0,4,22,0,26,0,2,41,0,43,0,6,63,0,69,20,0,20,89
07/02/2011,ASG,AR,ASW,CE,Federal Contract Tower,0,0,5,0,5,0,5,34,0,39,0,5,39,0,44,8,0,8,52
07/03/2011,ASG,AR,ASW,CE,Federal Contract Tower,0,0,3,0,3,0,1,38,0,39,0,1,41,0,42,14,0,14,56
07/04/2011,ASG,AR,ASW,CE,Federal Contract Tower,0,0,5,0,5,0,1,39,0,40,0,1,44,0,45,0,0,0,45
07/05/2011,ASG,AR,ASW,CE,Federal Contract Tower,0,3,20,4,27,0,14,27,0,41,0,17,47,4,68,2,0,2,70
07/06/2011,ASG,AR,ASW,CE,Federal Contract Tower,0,5,12,0,17,0,3,32,0,35,0,8,44,0,52,22,0,22,74
07/07/2011,ASG,AR,ASW,CE,Federal Contract Tower,0,4,16,0,20,0,2,22,0,24,0,6,38,0,44,10,0,10,54
07/08/2011,ASG,AR,ASW,CE,Federal Contract Tower,0,4,10,0,14,0,3,31,0,34,0,7,41,0,48,18,0,18,66
07/09/2011,ASG,AR,ASW,CE,Federal Contract Tower,0,0,5,0,5,0,2,61,0,63,0,2,66,0,68,14,0,14,82
07/10/2011,ASG,AR,ASW,CE,Federal Contract Tower,0,2,11,2,15,0,1,44,0,45,0,3,55,2,60,8,0,8,68
07/11/2011,ASG,AR,ASW,CE,Federal Contract Tower,0,4,6,0,10,0,5,35,0,40,0,9,41,0,50,22,0,22,72
07/12/2011,ASG,AR,ASW,CE,Federal Contract Tower,0,4,15,0,19,0,1,31,3,35,0,5,46,3,54,10,0,10,64
07/13/2011,ASG,AR,ASW,CE,Federal Contract Tower,0,6,15,0,21,0,4,35,3,42,0,10,50,3,63,4,0,4,67
07/14/2011,ASG,AR,ASW,CE,Federal Contract Tower,0,7,15,0,22,0,1,35,0,36,0,8,50,0,58,28,0,28,86
07/15/2011,ASG,AR,ASW,CE,Federal Contract Tower,0,4,14,0,18,0,0,33,0,33,0,4,47,0,51,12,0,12,63
07/16/2011,ASG,AR,ASW,CE,Federal Contract Tower,0,0,6,0,6,0,3,75,0,78,0,3,81,0,84,18,0,18,102
07/17/2011,ASG,AR,ASW,CE,Federal Contract Tower,0,0,13,0,13,0,4,55,0,59,0,4,68,0,72,50,0,50,122
07/18/2011,ASG,AR,ASW,CE,Federal Contract Tower,0,4,14,0,18,0,2,45,0,47,0,6,59,0,65,12,0,12,77
07/19/2011,ASG,AR,ASW,CE,Federal Contract Tower,0,4,17,0,21,0,5,38,0,43,0,9,55,0,64,12,0,12,76
07/20/2011,ASG,AR,ASW,CE,Federal Contract Tower,0,4,15,0,19,0,4,37,0,41,0,8,52,0,60,38,0,38,98
07/21/2011,ASG,AR,ASW,CE,Federal Contract Tower,0,4,11,0,15,0,3,31,0,34,0,7,42,0,49,8,0,8,57
07/22/2011,ASG,AR,ASW,CE,Federal Contract Tower,0,4,12,0,16,0,4,37,0,41,0,8,49,0,57,12,0,12,69
07/23/2011,ASG,AR,ASW,CE,Federal Contract Tower,0,0,13,0,13,0,5,65,0,70,0,5,78,0,83,12,0,12,95
07/24/2011,ASG,AR,ASW,CE,Federal Contract Tower,0,0,5,0,5,0,5,53,0,58,0,5,58,0,63,26,0,26,89
07/25/2011,ASG,AR,ASW,CE,Federal Contract Tower,0,5,15,0,20,0,1,29,0,30,0,6,44,0,50,18,0,18,68
07/26/2011,ASG,AR,ASW,CE,Federal Contract Tower,0,5,13,0,18,0,3,44,0,47,0,8,57,0,65,32,0,32,97
07/27/2011,ASG,AR,ASW,CE,Federal Contract Tower,0,4,17,0,21,0,0,32,0,32,0,4,49,0,53,8,0,8,61
07/28/2011,ASG,AR,ASW,CE,Federal Contract Tower,0,8,10,0,18,0,5,45,0,50,0,13,55,0,68,20,0,20,88
07/29/2011,ASG,AR,ASW,CE,Federal Contract Tower,0,5,15,0,20,0,3,37,0,40,0,8,52,0,60,20,0,20,80
07/30/2011,ASG,AR,ASW,CE,Federal Contract Tower,0,0,4,0,4,0,6,48,0,54,0,6,52,0,58,0,0,0,58
07/31/2011,ASG,AR,ASW,CE,Federal Contract Tower,0,0,16,0,16,0,8,51,0,59,0,8,67,0,75,54,0,54,129
08/01/2011,ASG,AR,ASW,CE,Federal Contract Tower,0,6,6,0,12,0,4,27,0,31,0,10,33,0,43,28,0,28,71
08/02/2011,ASG,AR,ASW,CE,Federal Contract Tower,0,7,10,0,17,0,6,26,2,34,0,13,36,2,51,8,0,8,59
08/03/2011,ASG,AR,ASW,CE,Federal Contract Tower,0,7,8,0,15,0,6,39,0,45,0,13,47,0,60,8,0,8,68
08/04/2011,ASG,AR,ASW,CE,Federal Contract Tower,0,6,14,2,22,0,3,25,0,28,0,9,39,2,50,4,0,4,54
08/05/2011,ASG,AR,ASW,CE,Federal Contract Tower,0,4,5,0,9,0,3,22,0,25,0,7,27,0,34,22,0,22,56
08/06/2011,ASG,AR,ASW,CE,Federal Contract Tower,0,0,4,0,4,0,0,49,0,49,0,0,53,0,53,18,0,18,71
08/07/2011,ASG,AR,ASW,CE,Federal Contract Tower,0,0,2,0,2,0,6,41,0,47,0,6,43,0,49,0,0,0,49
08/08/2011,ASG,AR,ASW,CE,Federal Contract Tower,0,5,5,0,10,0,8,4,0,12,0,13,9,0,22,2,0,2,24
08/09/2011,ASG,AR,ASW,CE,Federal Contract Tower,0,7,15,0,22,0,2,19,0,21,0,9,34,0,43,14,0,14,57
08/10/2011,ASG,AR,ASW,CE,Federal Contract Tower,0,6,4,0,10,0,0,7,0,7,0,6,11,0,17,0,0,0,17
08/11/2011,ASG,AR,ASW,CE,Federal Contract Tower,0,6,15,0,21,0,2,17,0,19,0,8,32,0,40,2,0,2,42
08/12/2011,ASG,AR,ASW,CE,Federal Contract Tower,0,4,12,0,16,0,2,12,0,14,0,6,24,0,30,6,0,6,36
08/13/2011,ASG,AR,ASW,CE,Federal Contract Tower,0,0,9,0,9,0,7,30,0,37,0,7,39,0,46,10,0,10,56
08/14/2011,ASG,AR,ASW,CE,Federal Contract Tower,0,2,3,0,5,0,4,49,0,53,0,6,52,0,58,14,0,14,72
08/15/2011,ASG,AR,ASW,CE,Federal Contract Tower,0,6,12,0,18,0,3,24,0,27,0,9,36,0,45,18,0,18,63
08/16/2011,ASG,AR,ASW,CE,Federal Contract Tower,0,6,8,0,14,0,0,28,0,28,0,6,36,0,42,32,0,32,74
08/17/2011,ASG,AR,ASW,CE,Federal Contract Tower,0,6,28,0,34,0,3,56,0,59,0,9,84,0,93,22,0,22,115
08/18/2011,ASG,AR,ASW,CE,Federal Contract Tower,0,4,11,0,15,0,2,37,0,39,0,6,48,0,54,14,0,14,68
08/19/2011,ASG,AR,ASW,CE,Federal Contract Tower,0,3,5,0,8,0,1,37,0,38,0,4,42,0,46,24,0,24,70
08/20/2011,ASG,AR,ASW,CE,Federal Contract Tower,0,0,14,0,14,0,5,42,0,47,0,5,56,0,61,44,0,44,105
08/21/2011,ASG,AR,ASW,CE,Federal Contract Tower,0,0,7,0,7,0,9,50,0,59,0,9,57,0,66,0,0,0,66
08/22/2011,ASG,AR,ASW,CE,Federal Contract Tower,0,4,6,0,10,0,5,31,0,36,0,9,37,0,46,14,0,14,60
08/23/2011,ASG,AR,ASW,CE,Federal Contract Tower,0,3,13,0,16,0,3,34,0,37,0,6,47,0,53,32,0,32,85
08/24/2011,ASG,AR,ASW,CE,Federal Contract Tower,0,4,15,0,19,0,1,23,0,24,0,5,38,0,43,0,0,0,43
08/25/2011,ASG,AR,ASW,CE,Federal Contract Tower,0,4,14,0,18,0,3,59,0,62,0,7,73,0,80,32,0,32,112
08/26/2011,ASG,AR,ASW,CE,Federal Contract Tower,0,6,13,0,19,0,3,44,0,47,0,9,57,0,66,30,0,30,96
08/27/2011,ASG,AR,ASW,CE,Federal Contract Tower,0,0,4,0,4,0,3,61,0,64,0,3,65,0,68,34,0,34,102
08/28/2011,ASG,AR,ASW,CE,Federal Contract Tower,0,0,14,0,14,0,5,67,0,72,0,5,81,0,86,0,0,0,86
08/29/2011,ASG,AR,ASW,CE,Federal Contract Tower,0,4,7,0,11,0,1,21,0,22,0,5,28,0,33,0,0,0,33
08/30/2011,ASG,AR,ASW,CE,Federal Contract Tower,0,5,19,0,24,0,3,33,2,38,0,8,52,2,62,22,0,22,84
08/31/2011,ASG,AR,ASW,CE,Federal Contract Tower,0,4,7,0,11,0,0,34,0,34,0,4,41,0,45,32,0,32,77
09/01/2011,ASG,AR,ASW,CE,Federal Contract Tower,0,3,14,0,17,0,3,37,0,40,0,6,51,0,57,12,0,12,69
09/02/2011,ASG,AR,ASW,CE,Federal Contract Tower,0,4,10,0,14,0,2,49,0,51,0,6,59,0,65,36,0,36,101
09/03/2011,ASG,AR,ASW,CE,Federal Contract Tower,0,0,16,0,16,0,2,58,0,60,0,2,74,0,76,32,0,32,108
09/04/2011,ASG,AR,ASW,CE,Federal Contract Tower,0,0,6,0,6,0,2,30,0,32,0,2,36,0,38,0,0,0,38
09/05/2011,ASG,AR,ASW,CE,Federal Contract Tower,0,0,5,0,5,0,4,37,0,41,0,4,42,0,46,0,0,0,46
09/06/2011,ASG,AR,ASW,CE,Federal Contract Tower,0,5,17,0,22,0,3,49,0,52,0,8,66,0,74,28,0,28,102
09/07/2011,ASG,AR,ASW,CE,Federal Contract Tower,0,4,16,0,20,0,5,62,0,67,0,9,78,0,87,48,0,48,135
09/08/2011,ASG,AR,ASW,CE,Federal Contract Tower,0,4,9,0,13,0,0,48,0,48,0,4,57,0,61,16,0,16,77
09/09/2011,ASG,AR,ASW,CE,Federal Contract Tower,0,4,18,0,22,0,4,47,0,51,0,8,65,0,73,4,0,4,77
09/10/2011,ASG,AR,ASW,CE,Federal Contract Tower,0,1,7,0,8,0,4,64,0,68,0,5,71,0,76,14,0,14,90
09/11/2011,ASG,AR,ASW,CE,Federal Contract Tower,0,0,5,0,5,0,6,33,0,39,0,6,38,0,44,28,0,28,72
09/12/2011,ASG,AR,ASW,CE,Federal Contract Tower,0,4,5,0,9,0,1,24,0,25,0,5,29,0,34,0,0,0,34
09/13/2011,ASG,AR,ASW,CE,Federal Contract Tower,0,7,11,0,18,0,1,20,0,21,0,8,31,0,39,4,0,4,43
09/14/2011,ASG,AR,ASW,CE,Federal Contract Tower,0,6,21,0,27,0,0,22,0,22,0,6,43,0,49,12,0,12,61
09/15/2011,ASG,AR,ASW,CE,Federal Contract Tower,0,5,15,0,20,0,2,38,0,40,0,7,53,0,60,32,0,32,92
09/16/2011,ASG,AR,ASW,CE,Federal Contract Tower,0,6,13,0,19,0,5,17,0,22,0,11,30,0,41,43,0,43,84
09/17/2011,ASG,AR,ASW,CE,Federal Contract Tower,0,3,15,0,18,0,2,1,0,3,0,5,16,0,21,0,0,0,21
09/18/2011,ASG,AR,ASW,CE,Federal Contract Tower,0,1,14,0,15,0,0,14,0,14,0,1,28,0,29,20,0,20,49
09/19/2011,ASG,AR,ASW,CE,Federal Contract Tower,0,6,9,0,15,0,5,24,0,29,0,11,33,0,44,4,0,4,48
09/20/2011,ASG,AR,ASW,CE,Federal Contract Tower,0,5,16,0,21,0,7,50,0,57,0,12,66,0,78,34,0,34,112
09/21/2011,ASG,AR,ASW,CE,Federal Contract Tower,0,4,19,0,23,0,4,49,0,53,0,8,68,0,76,64,0,64,140
09/22/2011,ASG,AR,ASW,CE,Federal Contract Tower,0,4,18,0,22,0,0,0,0,0,0,4,18,0,22,0,0,0,22
09/23/2011,ASG,AR,ASW,CE,Federal Contract Tower,0,4,11,0,15,0,1,36,0,37,0,5,47,0,52,30,0,30,82
09/24/2011,ASG,AR,ASW,CE,Federal Contract Tower,0,0,15,0,15,0,2,32,0,34,0,2,47,0,49,22,0,22,71
09/25/2011,ASG,AR,ASW,CE,Federal Contract Tower,0,2,21,0,23,0,3,18,0,21,0,5,39,0,44,0,0,0,44
09/26/2011,ASG,AR,ASW,CE,Federal Contract Tower,0,5,8,0,13,0,5,34,0,39,0,10,42,0,52,26,0,26,78
09/27/2011,ASG,AR,ASW,CE,Federal Contract Tower,0,5,13,0,18,0,5,53,0,58,0,10,66,0,76,58,0,58,134
09/28/2011,ASG,AR,ASW,CE,Federal Contract Tower,0,4,9,0,13,0,3,64,0,67,0,7,73,0,80,60,0,60,140
09/29/2011,ASG,AR,ASW,CE,Federal Contract Tower,0,3,13,0,16,0,5,41,0,46,0,8,54,0,62,24,0,24,86
09/30/2011,ASG,AR,ASW,CE,Federal Contract Tower,0,4,13,0,17,0,4,60,0,64,0,8,73,0,81,42,0,42,123
10/01/2011,ASG,AR,ASW,CE,Federal Contract Tower,0,0,12,0,12,0,8,77,0,85,0,8,89,0,97,6,0,6,103
10/02/2011,ASG,AR,ASW,CE,Federal Contract Tower,0,0,10,0,10,0,0,61,0,61,0,0,71,0,71,40,0,40,111
10/03/2011,ASG,AR,ASW,CE,Federal Contract Tower,0,6,5,0,11,0,2,41,0,43,0,8,46,0,54,34,0,34,88
10/04/2011,ASG,AR,ASW,CE,Federal Contract Tower,0,4,16,0,20,0,6,54,0,60,0,10,70,0,80,22,0,22,102
10/05/2011,ASG,AR,ASW,CE,Federal Contract Tower,0,8,13,0,21,0,5,40,0,45,0,13,53,0,66,30,0,30,96
10/06/2011,ASG,AR,ASW,CE,Federal Contract Tower,0,8,4,0,12,0,1,39,0,40,0,9,43,0,52,22,0,22,74
10/07/2011,ASG,AR,ASW,CE,Federal Contract Tower,0,5,14,0,19,0,7,44,0,51,0,12,58,0,70,8,0,8,78
10/08/2011,ASG,AR,ASW,CE,Federal Contract Tower,0,0,15,0,15,0,2,41,0,43,0,2,56,0,58,6,0,6,64
10/09/2011,ASG,AR,ASW,CE,Federal Contract Tower,0,11,6,0,17,0,6,51,0,57,0,17,57,0,74,6,0,6,80
10/10/2011,ASG,AR,ASW,CE,Federal Contract Tower,0,4,6,0,10,0,2,17,0,19,0,6,23,0,29,14,0,14,43
10/11/2011,ASG,AR,ASW,CE,Federal Contract Tower,0,6,19,0,25,0,2,26,0,28,0,8,45,0,53,0,0,0,53
10/12/2011,ASG,AR,ASW,CE,Federal Contract Tower,0,6,8,0,14,0,1,22,0,23,0,7,30,0,37,4,0,4,41
10/13/2011,ASG,AR,ASW,CE,Federal Contract Tower,0,6,10,0,16,0,4,48,0,52,0,10,58,0,68,26,0,26,94
10/14/2011,ASG,AR,ASW,CE,Federal Contract Tower,0,4,11,0,15,0,4,50,0,54,0,8,61,0,69,28,0,28,97
10/15/2011,ASG,AR,ASW,CE,Federal Contract Tower,0,1,4,0,5,0,9,102,0,111,0,10,106,0,116,16,0,16,132
10/16/2011,ASG,AR,ASW,CE,Federal Contract Tower,0,2,12,0,14,0,3,63,0,66,0,5,75,0,80,44,0,44,124
10/17/2011,ASG,AR,ASW,CE,Federal Contract Tower,0,8,13,0,21,0,4,45,0,49,0,12,58,0,70,22,0,22,92
10/18/2011,ASG,AR,ASW,CE,Federal Contract Tower,0,13,16,0,29,0,6,46,0,52,0,19,62,0,81,28,0,28,109
10/19/2011,ASG,AR,ASW,CE,Federal Contract Tower,0,5,24,0,29,0,2,38,0,40,0,7,62,0,69,20,0,20,89
10/20/2011,ASG,AR,ASW,CE,Federal Contract Tower,0,5,13,0,18,0,2,63,0,65,0,7,76,0,83,32,0,32,115
10/21/2011,ASG,AR,ASW,CE,Federal Contract Tower,0,6,18,0,24,0,6,60,1,67,0,12,78,1,91,10,0,10,101
10/22/2011,ASG,AR,ASW,CE,Federal Contract Tower,0,0,7,0,7,0,3,56,0,59,0,3,63,0,66,30,0,30,96
10/23/2011,ASG,AR,ASW,CE,Federal Contract Tower,0,0,21,0,21,0,0,43,0,43,0,0,64,0,64,32,0,32,96
10/24/2011,ASG,AR,ASW,CE,Federal Contract Tower,0,8,25,0,33,0,7,60,0,67,0,15,85,0,100,84,0,84,184
10/25/2011,ASG,AR,ASW,CE,Federal Contract Tower,0,8,12,0,20,0,6,62,0,68,0,14,74,0,88,14,0,14,102
10/26/2011,ASG,AR,ASW,CE,Federal Contract Tower,0,8,10,0,18,0,0,5,0,5,0,8,15,0,23,0,0,0,23
10/27/2011,ASG,AR,ASW,CE,Federal Contract Tower,0,6,19,0,25,0,0,5,0,5,0,6,24,0,30,0,0,0,30
10/28/2011,ASG,AR,ASW,CE,Federal Contract Tower,0,6,21,0,27,0,2,56,0,58,0,8,77,0,85,42,0,42,127
10/29/2011,ASG,AR,ASW,CE,Federal Contract Tower,0,0,4,0,4,0,5,45,0,50,0,5,49,0,54,50,0,50,104
10/30/2011,ASG,AR,ASW,CE,Federal Contract Tower,0,0,14,0,14,0,5,28,0,33,0,5,42,0,47,10,0,10,57
10/31/2011,ASG,AR,ASW,CE,Federal Contract Tower,0,6,12,0,18,0,2,40,0,42,0,8,52,0,60,50,0,50,110
11/01/2011,ASG,AR,ASW,CE,Federal Contract Tower,0,7,9,0,16,0,0,44,0,44,0,7,53,0,60,32,0,32,92
11/02/2011,ASG,AR,ASW,CE,Federal Contract Tower,0,6,15,0,21,0,5,18,0,23,0,11,33,0,44,4,0,4,48
11/03/2011,ASG,AR,ASW,CE,Federal Contract Tower,0,8,14,0,22,0,2,8,0,10,0,10,22,0,32,6,0,6,38
11/04/2011,ASG,AR,ASW,CE,Federal Contract Tower,0,6,16,0,22,0,1,61,0,62,0,7,77,0,84,56,0,56,140
11/05/2011,ASG,AR,ASW,CE,Federal Contract Tower,0,0,17,0,17,0,6,28,0,34,0,6,45,0,51,26,0,26,77
11/06/2011,ASG,AR,ASW,CE,Federal Contract Tower,0,0,24,0,24,0,0,13,0,13,0,0,37,0,37,0,0,0,37
11/07/2011,ASG,AR,ASW,CE,Federal Contract Tower,0,8,5,0,13,0,0,2,0,2,0,8,7,0,15,0,0,0,15
11/08/2011,ASG,AR,ASW,CE,Federal Contract Tower,0,10,6,0,16,0,0,0,0,0,0,10,6,0,16,0,0,0,16
11/09/2011,ASG,AR,ASW,CE,Federal Contract Tower,0,8,17,0,25,0,5,11,0,16,0,13,28,0,41,10,0,10,51
11/10/2011,ASG,AR,ASW,CE,Federal Contract Tower,0,7,14,0,21,0,7,43,0,50,0,14,57,0,71,50,0,50,121
11/11/2011,ASG,AR,ASW,CE,Federal Contract Tower,0,8,12,0,20,0,7,45,0,52,0,15,57,0,72,6,0,6,78
11/12/2011,ASG,AR,ASW,CE,Federal Contract Tower,0,0,20,0,20,0,5,18,0,23,0,5,38,0,43,4,0,4,47
11/13/2011,ASG,AR,ASW,CE,Federal Contract Tower,0,0,19,0,19,0,3,27,0,30,0,3,46,0,49,0,0,0,49
11/14/2011,ASG,AR,ASW,CE,Federal Contract Tower,0,6,7,0,13,0,2,19,0,21,0,8,26,0,34,6,0,6,40
11/15/2011,ASG,AR,ASW,CE,Federal Contract Tower,0,9,15,0,24,0,0,27,0,27,0,9,42,0,51,32,0,32,83
11/16/2011,ASG,AR,ASW,CE,Federal Contract Tower,0,7,19,0,26,0,4,16,0,20,0,11,35,0,46,0,0,0,46
11/17/2011,ASG,AR,ASW,CE,Federal Contract Tower,0,9,8,0,17,0,7,49,0,56,0,16,57,0,73,16,0,16,89
11/18/2011,ASG,AR,ASW,CE,Federal Contract Tower,0,8,11,0,19,0,8,23,0,31,0,16,34,0,50,32,0,32,82
11/19/2011,ASG,AR,ASW,CE,Federal Contract Tower,0,0,8,0,8,0,4,5,0,9,0,4,13,0,17,0,0,0,17
11/20/2011,ASG,AR,ASW,CE,Federal Contract Tower,0,3,6,0,9,0,0,2,0,2,0,3,8,0,11,0,0,0,11
11/21/2011,ASG,AR,ASW,CE,Federal Contract Tower,0,6,7,0,13,0,0,0,0,0,0,6,7,0,13,0,0,0,13
11/22/2011,ASG,AR,ASW,CE,Federal Contract Tower,0,8,13,0,21,0,0,0,0,0,0,8,13,0,21,0,0,0,21
11/23/2011,ASG,AR,ASW,CE,Federal Contract Tower,0,6,19,0,25,0,3,39,0,42,0,9,58,0,67,48,0,48,115
11/24/2011,ASG,AR,ASW,CE,Federal Contract Tower,0,0,7,0,7,0,3,27,0,30,0,3,34,0,37,52,0,52,89
11/25/2011,ASG,AR,ASW,CE,Federal Contract Tower,0,7,13,0,20,0,1,15,0,16,0,8,28,0,36,8,0,8,44
11/26/2011,ASG,AR,ASW,CE,Federal Contract Tower,0,0,0,0,0,0,0,2,0,2,0,0,2,0,2,0,0,0,2
11/27/2011,ASG,AR,ASW,CE,Federal Contract Tower,0,0,6,0,6,0,2,17,0,19,0,2,23,0,25,28,0,28,53
11/28/2011,ASG,AR,ASW,CE,Federal Contract Tower,0,8,9,0,17,0,4,13,0,17,0,12,22,0,34,12,0,12,46
11/29/2011,ASG,AR,ASW,CE,Federal Contract Tower,0,6,20,0,26,0,3,27,0,30,0,9,47,0,56,14,0,14,70
11/30/2011,ASG,AR,ASW,CE,Federal Contract Tower,0,6,12,0,18,0,4,54,0,58,0,10,66,0,76,32,0,32,108
12/01/2011,ASG,AR,ASW,CE,Federal Contract Tower,0,7,16,0,23,0,3,38,0,41,0,10,54,0,64,16,0,16,80
12/02/2011,ASG,AR,ASW,CE,Federal Contract Tower,0,6,12,0,18,0,5,24,0,29,0,11,36,0,47,4,0,4,51
12/03/2011,ASG,AR,ASW,CE,Federal Contract Tower,0,0,2,0,2,0,0,4,0,4,0,0,6,0,6,2,0,2,8
12/04/2011,ASG,AR,ASW,CE,Federal Contract Tower,0,1,1,0,2,0,0,0,0,0,0,1,1,0,2,0,0,0,2
12/05/2011,ASG,AR,ASW,CE,Federal Contract Tower,0,6,6,0,12,0,3,3,0,6,0,9,9,0,18,10,0,10,28
12/06/2011,ASG,AR,ASW,CE,Federal Contract Tower,0,6,13,0,19,0,5,0,0,5,0,11,13,0,24,0,0,0,24
12/07/2011,ASG,AR,ASW,CE,Federal Contract Tower,0,6,17,0,23,0,1,39,0,40,0,7,56,0,63,52,0,52,115
12/08/2011,ASG,AR,ASW,CE,Federal Contract Tower,0,7,15,0,22,0,3,36,0,39,0,10,51,0,61,24,0,24,85
12/09/2011,ASG,AR,ASW,CE,Federal Contract Tower,0,5,16,0,21,0,7,35,0,42,0,12,51,0,63,32,0,32,95
12/10/2011,ASG,AR,ASW,CE,Federal Contract Tower,0,0,3,0,3,0,7,47,0,54,0,7,50,0,57,32,0,32,89
12/11/2011,ASG,AR,ASW,CE,Federal Contract Tower,0,0,7,0,7,0,1,39,0,40,0,1,46,0,47,32,0,32,79
12/12/2011,ASG,AR,ASW,CE,Federal Contract Tower,0,6,9,0,15,0,6,9,0,15,0,12,18,0,30,0,0,0,30
12/13/2011,ASG,AR,ASW,CE,Federal Contract Tower,0,6,11,0,17,0,2,32,0,34,0,8,43,0,51,56,0,56,107
12/14/2011,ASG,AR,ASW,CE,Federal Contract Tower,0,6,17,0,23,0,0,0,0,0,0,6,17,0,23,0,0,0,23
12/15/2011,ASG,AR,ASW,CE,Federal Contract Tower,0,7,13,0,20,0,2,22,0,24,0,9,35,0,44,30,0,30,74
12/16/2011,ASG,AR,ASW,CE,Federal Contract Tower,0,8,11,0,19,0,1,32,0,33,0,9,43,0,52,16,0,16,68
12/17/2011,ASG,AR,ASW,CE,Federal Contract Tower,0,0,12,0,12,0,2,49,0,51,0,2,61,0,63,18,0,18,81
12/18/2011,ASG,AR,ASW,CE,Federal Contract Tower,0,0,6,0,6,0,5,32,0,37,0,5,38,0,43,2,0,2,45
12/19/2011,ASG,AR,ASW,CE,Federal Contract Tower,0,8,11,0,19,0,5,10,0,15,0,13,21,0,34,0,0,0,34
12/20/2011,ASG,AR,ASW,CE,Federal Contract Tower,0,6,10,0,16,0,2,20,0,22,0,8,30,0,38,10,0,10,48
12/21/2011,ASG,AR,ASW,CE,Federal Contract Tower,0,6,22,0,28,0,0,0,0,0,0,6,22,0,28,0,0,0,28
12/22/2011,ASG,AR,ASW,CE,Federal Contract Tower,0,10,8,0,18,0,0,27,0,27,0,10,35,0,45,8,0,8,53
12/23/2011,ASG,AR,ASW,CE,Federal Contract Tower,0,8,5,0,13,0,2,15,0,17,0,10,20,0,30,14,0,14,44
12/24/2011,ASG,AR,ASW,CE,Federal Contract Tower,0,1,3,0,4,0,4,23,0,27,0,5,26,0,31,2,0,2,33
12/25/2011,ASG,AR,ASW,CE,Federal Contract Tower,0,0,0,0,0,0,2,15,0,17,0,2,15,0,17,12,0,12,29
12/26/2011,ASG,AR,ASW,CE,Federal Contract Tower,0,0,5,0,5,0,0,2,0,2,0,0,7,0,7,0,0,0,7
12/27/2011,ASG,AR,ASW,CE,Federal Contract Tower,0,8,5,0,13,0,7,15,0,22,0,15,20,0,35,0,0,0,35
12/28/2011,ASG,AR,ASW,CE,Federal Contract Tower,0,6,8,0,14,0,5,50,0,55,0,11,58,0,69,18,0,18,87
12/29/2011,ASG,AR,ASW,CE,Federal Contract Tower,0,6,9,0,15,0,12,45,0,57,0,18,54,0,72,20,0,20,92
12/30/2011,ASG,AR,ASW,CE,Federal Contract Tower,0,5,7,0,12,0,9,23,0,32,0,14,30,0,44,34,0,34,78
12/31/2011,ASG,AR,ASW,CE,Federal Contract Tower,0,0,1,0,1,0,0,31,0,31,0,0,32,0,32,12,0,12,44
01/01/2012,ASG,AR,ASW,CE,Federal Contract Tower,0,0,3,0,3,0,6,16,0,22,0,6,19,0,25,6,0,6,31
01/02/2012,ASG,AR,ASW,CE,Federal Contract Tower,0,2,6,0,8,0,5,23,0,28,0,7,29,0,36,0,0,0,36
01/03/2012,ASG,AR,ASW,CE,Federal Contract Tower,0,6,15,0,21,0,9,45,0,54,0,15,60,0,75,0,0,0,75
01/04/2012,ASG,AR,ASW,CE,Federal Contract Tower,0,6,14,0,20,0,6,50,0,56,0,12,64,0,76,4,0,4,80
01/05/2012,ASG,AR,ASW,CE,Federal Contract Tower,0,6,12,0,18,0,4,40,0,44,0,10,52,0,62,0,0,0,62
01/06/2012,ASG,AR,ASW,CE,Federal Contract Tower,0,8,14,0,22,0,3,19,0,22,0,11,33,0,44,6,0,6,50
01/07/2012,ASG,AR,ASW,CE,Federal Contract Tower,0,0,5,0,5,0,2,35,0,37,0,2,40,0,42,6,0,6,48
01/08/2012,ASG,AR,ASW,CE,Federal Contract Tower,0,0,8,0,8,0,5,17,0,22,0,5,25,0,30,30,0,30,60
01/09/2012,ASG,AR,ASW,CE,Federal Contract Tower,0,6,7,0,13,0,1,17,0,18,0,7,24,0,31,0,0,0,31
01/10/2012,ASG,AR,ASW,CE,Federal Contract Tower,0,10,9,0,19,0,5,12,0,17,0,15,21,0,36,6,0,6,42
01/11/2012,ASG,AR,ASW,CE,Federal Contract Tower,0,6,9,0,15,0,1,18,0,19,0,7,27,0,34,6,0,6,40
01/12/2012,ASG,AR,ASW,CE,Federal Contract Tower,0,12,18,0,30,0,0,1,0,1,0,12,19,0,31,0,0,0,31
01/13/2012,ASG,AR,ASW,CE,Federal Contract Tower,0,10,10,0,20,0,3,27,0,30,0,13,37,0,50,10,0,10,60
01/14/2012,ASG,AR,ASW,CE,Federal Contract Tower,0,1,7,0,8,0,2,17,0,19,0,3,24,0,27,4,0,4,31
01/15/2012,ASG,AR,ASW,CE,Federal Contract Tower,0,0,8,0,8,0,7,39,0,46,0,7,47,0,54,20,0,20,74
01/16/2012,ASG,AR,ASW,CE,Federal Contract Tower,0,4,8,0,12,0,3,12,0,15,0,7,20,0,27,0,0,0,27
01/17/2012,ASG,AR,ASW,CE,Federal Contract Tower,0,6,8,0,14,0,0,23,0,23,0,6,31,0,37,16,0,16,53
01/18/2012,ASG,AR,ASW,CE,Federal Contract Tower,0,6,22,0,28,0,3,45,0,48,0,9,67,0,76,22,0,22,98
01/19/2012,ASG,AR,ASW,CE,Federal Contract Tower,0,6,13,0,19,0,2,37,0,39,0,8,50,0,58,6,0,6,64
01/20/2012,ASG,AR,ASW,CE,Federal Contract Tower,0,6,16,0,22,0,2,12,0,14,0,8,28,0,36,8,0,8,44
01/21/2012,ASG,AR,ASW,CE,Federal Contract Tower,0,0,16,0,16,0,3,58,0,61,0,3,74,0,77,66,0,66,143
01/22/2012,ASG,AR,ASW,CE,Federal Contract Tower,0,0,1,0,1,0,0,2,0,2,0,0,3,0,3,0,0,0,3
01/23/2012,ASG,AR,ASW,CE,Federal Contract Tower,0,8,12,0,20,0,4,23,0,27,0,12,35,0,47,12,0,12,59
01/24/2012,ASG,AR,ASW,CE,Federal Contract Tower,0,7,19,0,26,0,0,34,0,34,0,7,53,0,60,10,0,10,70
01/25/2012,ASG,AR,ASW,CE,Federal Contract Tower,0,7,3,0,10,0,0,0,0,0,0,7,3,0,10,0,0,0,10
01/26/2012,ASG,AR,ASW,CE,Federal Contract Tower,0,8,13,0,21,0,2,13,0,15,0,10,26,0,36,4,0,4,40
01/27/2012,ASG,AR,ASW,CE,Federal Contract Tower,0,9,21,0,30,0,0,37,0,37,0,9,58,0,67,34,0,34,101
01/28/2012,ASG,AR,ASW,CE,Federal Contract Tower,0,0,8,0,8,0,4,49,0,53,0,4,57,0,61,56,0,56,117
01/29/2012,ASG,AR,ASW,CE,Federal Contract Tower,0,1,8,0,9,0,2,49,0,51,0,3,57,0,60,42,0,42,102
01/30/2012,ASG,AR,ASW,CE,Federal Contract Tower,0,5,8,0,13,0,1,19,0,20,0,6,27,0,33,0,0,0,33
01/31/2012,ASG,AR,ASW,CE,Federal Contract Tower,0,6,17,0,23,0,7,17,0,24,0,13,34,0,47,0,0,0,47
02/01/2012,ASG,AR,ASW,CE,Federal Contract Tower,0,8,18,0,26,0,3,12,0,15,0,11,30,0,41,2,0,2,43
02/02/2012,ASG,AR,ASW,CE,Federal Contract Tower,0,7,16,0,23,0,0,32,0,32,0,7,48,0,55,0,0,0,55
02/03/2012,ASG,AR,ASW,CE,Federal Contract Tower,0,6,8,0,14,0,0,1,0,1,0,6,9,0,15,2,0,2,17
02/04/2012,ASG,AR,ASW,CE,Federal Contract Tower,0,2,17,0,19,0,5,9,0,14,0,7,26,0,33,4,0,4,37
02/05/2012,ASG,AR,ASW,CE,Federal Contract Tower,0,2,1,0,3,0,0,11,0,11,0,2,12,0,14,26,0,26,40
02/06/2012,ASG,AR,ASW,CE,Federal Contract Tower,0,6,7,0,13,0,2,31,2,35,0,8,38,2,48,26,0,26,74
02/07/2012,ASG,AR,ASW,CE,Federal Contract Tower,0,6,10,0,16,0,6,29,0,35,0,12,39,0,51,42,0,42,93
02/08/2012,ASG,AR,ASW,CE,Federal Contract Tower,0,6,18,0,24,0,8,5,0,13,0,14,23,0,37,0,0,0,37
02/09/2012,ASG,AR,ASW,CE,Federal Contract Tower,0,6,15,0,21,0,0,20,0,20,0,6,35,0,41,14,0,14,55
02/10/2012,ASG,AR,ASW,CE,Federal Contract Tower,0,4,14,0,18,0,0,0,0,0,0,4,14,0,18,0,0,0,18
02/11/2012,ASG,AR,ASW,CE,Federal Contract Tower,0,0,13,0,13,0,5,29,0,34,0,5,42,0,47,30,0,30,77
02/12/2012,ASG,AR,ASW,CE,Federal Contract Tower,0,0,7,0,7,0,0,35,0,35,0,0,42,0,42,36,0,36,78
02/13/2012,ASG,AR,ASW,CE,Federal Contract Tower,0,4,0,0,4,0,0,0,0,0,0,4,0,0,4,0,0,0,4
02/14/2012,ASG,AR,ASW,CE,Federal Contract Tower,0,4,8,0,12,0,4,20,0,24,0,8,28,0,36,36,0,36,72
02/15/2012,ASG,AR,ASW,CE,Federal Contract Tower,0,4,5,0,9,0,3,8,0,11,0,7,13,0,20,18,0,18,38
02/16/2012,ASG,AR,ASW,CE,Federal Contract Tower,0,4,12,0,16,0,0,27,0,27,0,4,39,0,43,16,0,16,59
02/17/2012,ASG,AR,ASW,CE,Federal Contract Tower,0,4,4,0,8,0,0,26,0,26,0,4,30,0,34,26,0,26,60
02/18/2012,ASG,AR,ASW,CE,Federal Contract Tower,0,0,8,0,8,0,0,20,0,20,0,0,28,0,28,52,0,52,80
02/19/2012,ASG,AR,ASW,CE,Federal Contract Tower,0,1,2,0,3,0,5,59,0,64,0,6,61,0,67,40,0,40,107
02/20/2012,ASG,AR,ASW,CE,Federal Contract Tower,2,3,11,0,16,0,2,8,0,10,2,5,19,0,26,0,0,0,26
02/21/2012,ASG,AR,ASW,CE,Federal Contract Tower,0,9,11,0,20,0,0,0,0,0,0,9,11,0,20,4,0,4,24
02/22/2012,ASG,AR,ASW,CE,Federal Contract Tower,0,4,13,0,17,0,2,38,0,40,0,6,51,0,57,16,0,16,73
02/23/2012,ASG,AR,ASW,CE,Federal Contract Tower,0,4,21,0,25,0,5,18,0,23,0,9,39,0,48,2,0,2,50
02/24/2012,ASG,AR,ASW,CE,Federal Contract Tower,0,4,14,0,18,0,0,14,0,14,0,4,28,0,32,0,0,0,32
02/25/2012,ASG,AR,ASW,CE,Federal Contract Tower,0,0,3,0,3,0,5,78,0,83,0,5,81,0,86,36,0,36,122
02/26/2012,ASG,AR,ASW,CE,Federal Contract Tower,0,0,4,0,4,0,2,24,0,26,0,2,28,0,30,18,0,18,48
02/27/2012,ASG,AR,ASW,CE,Federal Contract Tower,0,4,11,0,15,0,6,31,0,37,0,10,42,0,52,0,0,0,52
02/28/2012,ASG,AR,ASW,CE,Federal Contract Tower,0,4,9,0,13,0,1,13,0,14,0,5,22,0,27,0,0,0,27
02/29/2012,ASG,AR,ASW,CE,Federal Contract Tower,0,4,7,0,11,0,5,20,0,25,0,9,27,0,36,0,0,0,36
03/01/2012,ASG,AR,ASW,CE,Federal Contract Tower,0,4,24,0,28,0,5,23,0,28,0,9,47,0,56,0,0,0,56
03/02/2012,ASG,AR,ASW,CE,Federal Contract Tower,0,4,13,0,17,0,2,8,0,10,0,6,21,0,27,0,0,0,27
03/03/2012,ASG,AR,ASW,CE,Federal Contract Tower,0,0,8,0,8,0,2,38,0,40,0,2,46,0,48,42,0,42,90
03/04/2012,ASG,AR,ASW,CE,Federal Contract Tower,0,0,11,0,11,0,2,6,0,8,0,2,17,0,19,4,0,4,23
03/05/2012,ASG,AR,ASW,CE,Federal Contract Tower,0,4,8,0,12,0,2,50,0,52,0,6,58,0,64,30,0,30,94
03/06/2012,ASG,AR,ASW,CE,Federal Contract Tower,0,4,28,0,32,0,0,11,0,11,0,4,39,0,43,0,0,0,43
03/07/2012,ASG,AR,ASW,CE,Federal Contract Tower,0,9,24,0,33,0,3,14,0,17,0,12,38,0,50,0,0,0,50
03/08/2012,ASG,AR,ASW,CE,Federal Contract Tower,0,6,2,0,8,0,2,1,0,3,0,8,3,0,11,0,0,0,11
03/09/2012,ASG,AR,ASW,CE,Federal Contract Tower,0,5,8,0,13,0,3,29,0,32,0,8,37,0,45,22,0,22,67
03/10/2012,ASG,AR,ASW,CE,Federal Contract Tower,0,0,4,0,4,0,7,74,0,81,0,7,78,0,85,120,0,120,205
03/11/2012,ASG,AR,ASW,CE,Federal Contract Tower,0,0,4,0,4,0,0,0,0,0,0,0,4,0,4,0,0,0,4
03/12/2012,ASG,AR,ASW,CE,Federal Contract Tower,0,4,13,0,17,0,1,26,0,27,0,5,39,0,44,4,0,4,48
03/13/2012,ASG,AR,ASW,CE,Federal Contract Tower,0,6,11,0,17,0,0,42,0,42,0,6,53,0,59,48,0,48,107
03/14/2012,ASG,AR,ASW,CE,Federal Contract Tower,0,5,20,0,25,0,6,36,0,42,0,11,56,0,67,32,0,32,99
03/15/2012,ASG,AR,ASW,CE,Federal Contract Tower,0,7,18,0,25,0,12,25,0,37,0,19,43,0,62,30,0,30,92
03/16/2012,ASG,AR,ASW,CE,Federal Contract Tower,0,4,15,0,19,0,5,21,0,26,0,9,36,0,45,28,0,28,73
03/17/2012,ASG,AR,ASW,CE,Federal Contract Tower,0,0,5,0,5,0,6,44,0,50,0,6,49,0,55,58,0,58,113
03/18/2012,ASG,AR,ASW,CE,Federal Contract Tower,0,0,4,0,4,0,7,55,0,62,0,7,59,0,66,72,0,72,138
03/19/2012,ASG,AR,ASW,CE,Federal Contract Tower,0,3,2,0,5,0,5,2,0,7,0,8,4,0,12,0,0,0,12
03/20/2012,ASG,AR,ASW,CE,Federal Contract Tower,0,5,0,0,5,0,0,0,0,0,0,5,0,0,5,0,0,0,5
03/21/2012,ASG,AR,ASW,CE,Federal Contract Tower,0,4,6,0,10,0,0,2,0,2,0,4,8,0,12,0,0,0,12
03/22/2012,ASG,AR,ASW,CE,Federal Contract Tower,0,9,1,0,10,0,0,8,0,8,0,9,9,0,18,2,0,2,20
03/23/2012,ASG,AR,ASW,CE,Federal Contract Tower,0,5,14,0,19,0,0,26,0,26,0,5,40,0,45,32,0,32,77
03/24/2012,ASG,AR,ASW,CE,Federal Contract Tower,0,1,12,0,13,0,4,68,0,72,0,5,80,0,85,68,0,68,153
03/25/2012,ASG,AR,ASW,CE,Federal Contract Tower,0,3,12,0,15,0,6,80,0,86,0,9,92,0,101,44,0,44,145
03/26/2012,ASG,AR,ASW,CE,Federal Contract Tower,0,4,7,0,11,0,3,36,0,39,0,7,43,0,50,24,0,24,74
03/27/2012,ASG,AR,ASW,CE,Federal Contract Tower,0,4,17,0,21,0,4,35,0,39,0,8,52,0,60,10,0,10,70
03/28/2012,ASG,AR,ASW,CE,Federal Contract Tower,0,5,12,0,17,0,2,34,0,36,0,7,46,0,53,12,0,12,65
03/29/2012,ASG,AR,ASW,CE,Federal Contract Tower,0,7,20,0,27,0,3,26,0,29,0,10,46,0,56,14,0,14,70
03/30/2012,ASG,AR,ASW,CE,Federal Contract Tower,0,4,14,0,18,0,3,39,0,42,0,7,53,0,60,20,0,20,80
03/31/2012,ASG,AR,ASW,CE,Federal Contract Tower,0,0,4,0,4,0,8,37,0,45,0,8,41,0,49,0,0,0,49
04/01/2012,ASG,AR,ASW,CE,Federal Contract Tower,0,0,14,0,14,0,0,38,0,38,0,0,52,0,52,24,0,24,76
04/02/2012,ASG,AR,ASW,CE,Federal Contract Tower,0,4,15,0,19,0,2,10,0,12,0,6,25,0,31,12,0,12,43
04/03/2012,ASG,AR,ASW,CE,Federal Contract Tower,0,4,8,0,12,0,0,31,0,31,0,4,39,0,43,2,0,2,45
04/04/2012,ASG,AR,ASW,CE,Federal Contract Tower,0,8,12,0,20,0,1,16,0,17,0,9,28,0,37,2,0,2,39
04/05/2012,ASG,AR,ASW,CE,Federal Contract Tower,0,4,11,0,15,0,6,25,0,31,0,10,36,0,46,50,0,50,96
04/06/2012,ASG,AR,ASW,CE,Federal Contract Tower,0,5,11,0,16,0,4,42,0,46,0,9,53,0,62,38,0,38,100
04/07/2012,ASG,AR,ASW,CE,Federal Contract Tower,0,1,9,0,10,0,1,26,0,27,0,2,35,0,37,22,0,22,59
04/08/2012,ASG,AR,ASW,CE,Federal Contract Tower,0,0,10,0,10,0,2,20,0,22,0,2,30,0,32,16,0,16,48
04/09/2012,ASG,AR,ASW,CE,Federal Contract Tower,0,5,9,0,14,0,0,0,4,4,0,5,9,4,18,18,0,18,36
04/10/2012,ASG,AR,ASW,CE,Federal Contract Tower,0,4,15,2,21,0,1,41,0,42,0,5,56,2,63,0,0,0,63
04/11/2012,ASG,AR,ASW,CE,Federal Contract Tower,0,9,12,0,21,0,1,14,0,15,0,10,26,0,36,0,0,0,36
04/12/2012,ASG,AR,ASW,CE,Federal Contract Tower,0,7,23,0,30,0,5,17,0,22,0,12,40,0,52,4,0,4,56
04/13/2012,ASG,AR,ASW,CE,Federal Contract Tower,0,4,16,0,20,0,4,5,0,9,0,8,21,0,29,0,0,0,29
04/14/2012,ASG,AR,ASW,CE,Federal Contract Tower,0,0,16,0,16,0,0,32,0,32,0,0,48,0,48,34,0,34,82
04/15/2012,ASG,AR,ASW,CE,Federal Contract Tower,0,1,1,0,2,0,0,6,0,6,0,1,7,0,8,14,0,14,22
04/16/2012,ASG,AR,ASW,CE,Federal Contract Tower,0,4,20,0,24,0,1,25,0,26,0,5,45,0,50,0,0,0,50
04/17/2012,ASG,AR,ASW,CE,Federal Contract Tower,0,6,11,0,17,0,0,38,0,38,0,6,49,0,55,28,0,28,83
04/18/2012,ASG,AR,ASW,CE,Federal Contract Tower,0,8,12,0,20,0,2,42,0,44,0,10,54,0,64,0,0,0,64
04/19/2012,ASG,AR,ASW,CE,Federal Contract Tower,0,3,20,0,23,0,1,19,0,20,0,4,39,0,43,8,0,8,51
04/20/2012,ASG,AR,ASW,CE,Federal Contract Tower,0,3,9,0,12,0,1,6,0,7,0,4,15,0,19,0,0,0,19
04/21/2012,ASG,AR,ASW,CE,Federal Contract Tower,0,0,16,0,16,0,4,55,0,59,0,4,71,0,75,34,0,34,109
04/22/2012,ASG,AR,ASW,CE,Federal Contract Tower,0,0,8,0,8,0,0,36,0,36,0,0,44,0,44,20,0,20,64
04/23/2012,ASG,AR,ASW,CE,Federal Contract Tower,0,2,3,0,5,0,0,25,0,25,0,2,28,0,30,0,0,0,30
04/24/2012,ASG,AR,ASW,CE,Federal Contract Tower,0,2,18,0,20,0,2,40,0,42,0,4,58,0,62,22,0,22,84
04/25/2012,ASG,AR,ASW,CE,Federal Contract Tower,0,2,19,0,21,0,0,31,0,31,0,2,50,0,52,14,0,14,66
04/26/2012,ASG,AR,ASW,CE,Federal Contract Tower,0,2,11,0,13,0,9,28,0,37,0,11,39,0,50,14,0,14,64
04/27/2012,ASG,AR,ASW,CE,Federal Contract Tower,0,3,8,0,11,0,0,18,0,18,0,3,26,0,29,0,0,0,29
04/28/2012,ASG,AR,ASW,CE,Federal Contract Tower,0,2,14,0,16,0,2,28,0,30,0,4,42,0,46,8,0,8,54
04/29/2012,ASG,AR,ASW,CE,Federal Contract Tower,0,0,1,0,1,0,6,24,0,30,0,6,25,0,31,4,0,4,35
04/30/2012,ASG,AR,ASW,CE,Federal Contract Tower,0,6,9,0,15,0,0,4,0,4,0,6,13,0,19,12,0,12,31
05/01/2012,ASG,AR,ASW,CE,Federal Contract Tower,0,2,20,0,22,0,3,26,0,29,0,5,46,0,51,10,0,10,61
05/02/2012,ASG,AR,ASW,CE,Federal Contract Tower,0,6,21,0,27,0,6,44,0,50,0,12,65,0,77,48,0,48,125
05/03/2012,ASG,AR,ASW,CE,Federal Contract Tower,0,4,22,0,26,0,4,30,0,34,0,8,52,0,60,18,0,18,78
05/04/2012,ASG,AR,ASW,CE,Federal Contract Tower,0,3,23,0,26,0,0,22,0,22,0,3,45,0,48,20,0,20,68
05/05/2012,ASG,AR,ASW,CE,Federal Contract Tower,0,1,7,0,8,0,4,49,0,53,0,5,56,0,61,56,0,56,117
05/06/2012,ASG,AR,ASW,CE,Federal Contract Tower,0,1,18,0,19,0,3,32,0,35,0,4,50,0,54,6,0,6,60
05/07/2012,ASG,AR,ASW,CE,Federal Contract Tower,0,2,9,0,11,0,0,16,0,16,0,2,25,0,27,6,0,6,33
05/08/2012,ASG,AR,ASW,CE,Federal Contract Tower,0,2,20,0,22,0,5,46,0,51,0,7,66,0,73,62,0,62,135
05/09/2012,ASG,AR,ASW,CE,Federal Contract Tower,0,2,19,0,21,0,5,39,0,44,0,7,58,0,65,14,0,14,79
05/10/2012,ASG,AR,ASW,CE,Federal Contract Tower,0,4,12,0,16,0,5,46,0,51,0,9,58,0,67,24,0,24,91
05/11/2012,ASG,AR,ASW,CE,Federal Contract Tower,0,5,19,0,24,0,0,41,0,41,0,5,60,0,65,16,0,16,81
05/12/2012,ASG,AR,ASW,CE,Federal Contract Tower,0,0,5,0,5,0,9,53,0,62,0,9,58,0,67,26,0,26,93
05/13/2012,ASG,AR,ASW,CE,Federal Contract Tower,0,0,7,0,7,0,0,44,0,44,0,0,51,0,51,2,0,2,53
05/14/2012,ASG,AR,ASW,CE,Federal Contract Tower,0,3,11,0,14,0,1,32,0,33,0,4,43,0,47,12,0,12,59
05/15/2012,ASG,AR,ASW,CE,Federal Contract Tower,0,2,16,0,18,0,0,53,0,53,0,2,69,0,71,16,0,16,87
05/16/2012,ASG,AR,ASW,CE,Federal Contract Tower,0,2,14,0,16,0,10,61,0,71,0,12,75,0,87,30,0,30,117
05/17/2012,ASG,AR,ASW,CE,Federal Contract Tower,0,4,3,0,7,0,0,34,0,34,0,4,37,0,41,0,0,0,41
05/18/2012,ASG,AR,ASW,CE,Federal Contract Tower,0,4,10,0,14,0,4,39,0,43,0,8,49,0,57,30,0,30,87
05/19/2012,ASG,AR,ASW,CE,Federal Contract Tower,0,3,4,0,7,0,3,35,0,38,0,6,39,0,45,18,0,18,63
05/20/2012,ASG,AR,ASW,CE,Federal Contract Tower,0,2,11,0,13,0,2,33,0,35,0,4,44,0,48,14,0,14,62
05/21/2012,ASG,AR,ASW,CE,Federal Contract Tower,0,4,23,0,27,0,0,17,0,17,0,4,40,0,44,6,0,6,50
05/22/2012,ASG,AR,ASW,CE,Federal Contract Tower,0,6,16,0,22,0,5,51,0,56,0,11,67,0,78,58,0,58,136
05/23/2012,ASG,AR,ASW,CE,Federal Contract Tower,0,5,14,0,19,0,7,45,0,52,0,12,59,0,71,30,0,30,101
05/24/2012,ASG,AR,ASW,CE,Federal Contract Tower,0,2,20,4,26,0,9,39,0,48,0,11,59,4,74,8,0,8,82
05/25/2012,ASG,AR,ASW,CE,Federal Contract Tower,0,4,18,0,22,0,4,47,0,51,0,8,65,0,73,50,0,50,123
05/26/2012,ASG,AR,ASW,CE,Federal Contract Tower,0,0,4,0,4,0,3,44,0,47,0,3,48,0,51,6,0,6,57
05/27/2012,ASG,AR,ASW,CE,Federal Contract Tower,0,0,1,0,1,0,3,29,0,32,0,3,30,0,33,8,0,8,41
05/28/2012,ASG,AR,ASW,CE,Federal Contract Tower,0,0,5,0,5,0,4,25,0,29,0,4,30,0,34,16,0,16,50
05/29/2012,ASG,AR,ASW,CE,Federal Contract Tower,0,2,17,0,19,0,5,52,0,57,0,7,69,0,76,66,0,66,142
05/30/2012,ASG,AR,ASW,CE,Federal Contract Tower,0,4,11,0,15,0,8,38,0,46,0,12,49,0,61,36,0,36,97
05/31/2012,ASG,AR,ASW,CE,Federal Contract Tower,0,6,16,0,22,0,0,21,0,21,0,6,37,0,43,34,0,34,77
06/01/2012,ASG,AR,ASW,CE,Federal Contract Tower,0,3,15,0,18,0,0,35,0,35,0,3,50,0,53,48,0,48,101
06/02/2012,ASG,AR,ASW,CE,Federal Contract Tower,0,4,5,0,9,0,1,62,0,63,0,5,67,0,72,14,0,14,86
06/03/2012,ASG,AR,ASW,CE,Federal Contract Tower,0,0,9,0,9,0,10,38,0,48,0,10,47,0,57,48,0,48,105
06/04/2012,ASG,AR,ASW,CE,Federal Contract Tower,0,5,11,0,16,0,2,30,0,32,0,7,41,0,48,10,0,10,58
06/05/2012,ASG,AR,ASW,CE,Federal Contract Tower,0,2,19,0,21,0,5,45,0,50,0,7,64,0,71,40,0,40,111
06/06/2012,ASG,AR,ASW,CE,Federal Contract Tower,0,1,16,0,17,0,6,74,0,80,0,7,90,0,97,44,0,44,141
06/07/2012,ASG,AR,ASW,CE,Federal Contract Tower,0,7,12,0,19,0,4,55,0,59,0,11,67,0,78,20,0,20,98
06/08/2012,ASG,AR,ASW,CE,Federal Contract Tower,0,2,8,0,10,0,0,49,0,49,0,2,57,0,59,14,0,14,73
06/09/2012,ASG,AR,ASW,CE,Federal Contract Tower,0,1,18,0,19,0,3,50,0,53,0,4,68,0,72,42,0,42,114
06/10/2012,ASG,AR,ASW,CE,Federal Contract Tower,0,0,10,0,10,0,0,53,0,53,0,0,63,0,63,38,0,38,101
06/11/2012,ASG,AR,ASW,CE,Federal Contract Tower,0,4,15,0,19,0,1,37,0,38,0,5,52,0,57,24,0,24,81
06/12/2012,ASG,AR,ASW,CE,Federal Contract Tower,0,3,16,0,19,0,5,48,0,53,0,8,64,0,72,28,0,28,100
06/13/2012,ASG,AR,ASW,CE,Federal Contract Tower,0,5,20,0,25,0,4,69,0,73,0,9,89,0,98,50,0,50,148
06/14/2012,ASG,AR,ASW,CE,Federal Contract Tower,0,7,10,0,17,0,4,43,0,47,0,11,53,0,64,0,0,0,64
06/15/2012,ASG,AR,ASW,CE,Federal Contract Tower,0,8,12,0,20,0,3,20,0,23,0,11,32,0,43,10,0,10,53
06/16/2012,ASG,AR,ASW,CE,Federal Contract Tower,0,0,5,0,5,0,3,58,0,61,0,3,63,0,66,30,0,30,96
06/17/2012,ASG,AR,ASW,CE,Federal Contract Tower,0,0,8,0,8,0,9,36,0,45,0,9,44,0,53,46,0,46,99
06/18/2012,ASG,AR,ASW,CE,Federal Contract Tower,0,1,29,0,30,0,0,39,0,39,0,1,68,0,69,12,0,12,81
06/19/2012,ASG,AR,ASW,CE,Federal Contract Tower,0,6,19,0,25,0,0,32,0,32,0,6,51,0,57,36,0,36,93
06/20/2012,ASG,AR,ASW,CE,Federal Contract Tower,0,4,14,0,18,0,0,39,0,39,0,4,53,0,57,20,0,20,77
06/21/2012,ASG,AR,ASW,CE,Federal Contract Tower,0,2,14,0,16,0,2,25,0,27,0,4,39,0,43,26,0,26,69
06/22/2012,ASG,AR,ASW,CE,Federal Contract Tower,0,6,14,0,20,0,0,47,0,47,0,6,61,0,67,6,0,6,73
06/23/2012,ASG,AR,ASW,CE,Federal Contract Tower,0,0,16,0,16,0,5,30,0,35,0,5,46,0,51,6,0,6,57
06/24/2012,ASG,AR,ASW,CE,Federal Contract Tower,0,0,4,0,4,0,4,52,0,56,0,4,56,0,60,64,0,64,124
06/25/2012,ASG,AR,ASW,CE,Federal Contract Tower,0,4,16,0,20,0,2,34,0,36,0,6,50,0,56,6,0,6,62
06/26/2012,ASG,AR,ASW,CE,Federal Contract Tower,0,8,9,0,17,0,4,36,0,40,0,12,45,0,57,36,0,36,93
06/27/2012,ASG,AR,ASW,CE,Federal Contract Tower,0,6,21,0,27,0,2,31,0,33,0,8,52,0,60,10,0,10,70
06/28/2012,ASG,AR,ASW,CE,Federal Contract Tower,0,2,24,0,26,0,6,21,0,27,0,8,45,0,53,16,0,16,69
06/29/2012,ASG,AR,ASW,CE,Federal Contract Tower,0,2,13,0,15,0,0,20,0,20,0,2,33,0,35,0,0,0,35
06/30/2012,ASG,AR,ASW,CE,Federal Contract Tower,0,0,15,0,15,0,7,40,0,47,0,7,55,0,62,14,0,14,76
07/01/2012,ASG,AR,ASW,CE,Federal Contract Tower,0,0,6,0,6,0,5,36,0,41,0,5,42,0,47,36,0,36,83
07/02/2012,ASG,AR,ASW,CE,Federal Contract Tower,0,2,8,0,10,0,0,14,0,14,0,2,22,0,24,18,0,18,42
07/03/2012,ASG,AR,ASW,CE,Federal Contract Tower,0,2,13,0,15,0,2,48,0,50,0,4,61,0,65,0,0,0,65
07/04/2012,ASG,AR,ASW,CE,Federal Contract Tower,0,1,4,0,5,0,2,27,0,29,0,3,31,0,34,10,0,10,44
07/05/2012,ASG,AR,ASW,CE,Federal Contract Tower,0,7,4,0,11,0,7,35,0,42,0,14,39,0,53,0,0,0,53
07/06/2012,ASG,AR,ASW,CE,Federal Contract Tower,0,2,10,0,12,0,3,23,0,26,0,5,33,0,38,12,0,12,50
07/07/2012,ASG,AR,ASW,CE,Federal Contract Tower,0,0,13,0,13,0,0,20,0,20,0,0,33,0,33,2,0,2,35
07/08/2012,ASG,AR,ASW,CE,Federal Contract Tower,0,0,11,0,11,0,4,38,0,42,0,4,49,0,53,12,0,12,65
07/09/2012,ASG,AR,ASW,CE,Federal Contract Tower,0,5,13,0,18,0,0,25,0,25,0,5,38,0,43,0,0,0,43
07/10/2012,ASG,AR,ASW,CE,Federal Contract Tower,0,4,14,0,18,0,6,35,0,41,0,10,49,0,59,26,0,26,85
07/11/2012,ASG,AR,ASW,CE,Federal Contract Tower,0,7,14,0,21,0,1,44,0,45,0,8,58,0,66,22,0,22,88
07/12/2012,ASG,AR,ASW,CE,Federal Contract Tower,0,5,14,0,19,0,0,48,0,48,0,5,62,0,67,8,0,8,75
07/13/2012,ASG,AR,ASW,CE,Federal Contract Tower,0,4,17,0,21,0,2,16,0,18,0,6,33,0,39,6,0,6,45
07/14/2012,ASG,AR,ASW,CE,Federal Contract Tower,0,2,5,0,7,0,1,28,0,29,0,3,33,0,36,2,0,2,38
07/15/2012,ASG,AR,ASW,CE,Federal Contract Tower,0,0,15,0,15,0,8,66,0,74,0,8,81,0,89,36,0,36,125
07/16/2012,ASG,AR,ASW,CE,Federal Contract Tower,0,3,12,0,15,0,0,37,0,37,0,3,49,0,52,8,0,8,60
07/17/2012,ASG,AR,ASW,CE,Federal Contract Tower,0,2,10,0,12,0,6,39,0,45,0,8,49,0,57,18,0,18,75
07/18/2012,ASG,AR,ASW,CE,Federal Contract Tower,0,2,18,0,20,0,4,33,0,37,0,6,51,0,57,10,0,10,67
07/19/2012,ASG,AR,ASW,CE,Federal Contract Tower,0,2,12,0,14,0,0,29,0,29,0,2,41,0,43,6,0,6,49
07/20/2012,ASG,AR,ASW,CE,Federal Contract Tower,0,3,7,0,10,0,2,19,0,21,0,5,26,0,31,20,0,20,51
07/21/2012,ASG,AR,ASW,CE,Federal Contract Tower,0,0,6,0,6,0,2,24,0,26,0,2,30,0,32,0,0,0,32
07/22/2012,ASG,AR,ASW,CE,Federal Contract Tower,0,2,1,0,3,0,8,33,0,41,0,10,34,0,44,20,0,20,64
07/23/2012,ASG,AR,ASW,CE,Federal Contract Tower,0,2,13,0,15,0,2,17,0,19,0,4,30,0,34,12,0,12,46
07/24/2012,ASG,AR,ASW,CE,Federal Contract Tower,0,6,10,0,16,0,2,36,0,38,0,8,46,0,54,36,0,36,90
07/25/2012,ASG,AR,ASW,CE,Federal Contract Tower,0,2,20,0,22,0,3,16,0,19,0,5,36,0,41,0,0,0,41
07/26/2012,ASG,AR,ASW,CE,Federal Contract Tower,0,2,10,0,12,0,2,7,0,9,0,4,17,0,21,4,0,4,25
07/27/2012,ASG,AR,ASW,CE,Federal Contract Tower,0,4,13,0,17,0,0,13,0,13,0,4,26,0,30,10,0,10,40
07/28/2012,ASG,AR,ASW,CE,Federal Contract Tower,0,0,11,0,11,0,3,27,0,30,0,3,38,0,41,24,0,24,65
07/29/2012,ASG,AR,ASW,CE,Federal Contract Tower,0,0,13,0,13,0,9,31,0,40,0,9,44,0,53,34,0,34,87
07/30/2012,ASG,AR,ASW,CE,Federal Contract Tower,0,6,6,0,12,0,0,19,0,19,0,6,25,0,31,2,0,2,33
07/31/2012,ASG,AR,ASW,CE,Federal Contract Tower,0,5,7,0,12,0,2,35,0,37,0,7,42,0,49,64,0,64,113
08/01/2012,ASG,AR,ASW,CE,Federal Contract Tower,0,2,20,0,22,0,9,40,0,49,0,11,60,0,71,14,0,14,85
08/02/2012,ASG,AR,ASW,CE,Federal Contract Tower,0,4,13,0,17,0,4,36,0,40,0,8,49,0,57,26,0,26,83
08/03/2012,ASG,AR,ASW,CE,Federal Contract Tower,0,2,14,0,16,0,0,21,0,21,0,2,35,0,37,28,0,28,65
08/04/2012,ASG,AR,ASW,CE,Federal Contract Tower,0,2,2,0,4,0,3,34,0,37,0,5,36,0,41,8,0,8,49
08/05/2012,ASG,AR,ASW,CE,Federal Contract Tower,0,0,10,0,10,0,6,42,0,48,0,6,52,0,58,6,0,6,64
08/06/2012,ASG,AR,ASW,CE,Federal Contract Tower,0,4,10,0,14,0,2,32,0,34,0,6,42,0,48,16,0,16,64
08/07/2012,ASG,AR,ASW,CE,Federal Contract Tower,0,2,18,0,20,0,0,42,0,42,0,2,60,0,62,50,0,50,112
08/08/2012,ASG,AR,ASW,CE,Federal Contract Tower,0,3,5,0,8,0,0,29,0,29,0,3,34,0,37,38,0,38,75
08/09/2012,ASG,AR,ASW,CE,Federal Contract Tower,0,4,16,0,20,0,0,34,0,34,0,4,50,0,54,18,0,18,72
08/10/2012,ASG,AR,ASW,CE,Federal Contract Tower,0,2,18,0,20,0,2,32,0,34,0,4,50,0,54,18,0,18,72
08/11/2012,ASG,AR,ASW,CE,Federal Contract Tower,0,1,11,0,12,0,4,69,0,73,0,5,80,0,85,34,0,34,119
08/12/2012,ASG,AR,ASW,CE,Federal Contract Tower,0,1,14,0,15,0,5,50,0,55,0,6,64,0,70,34,0,34,104
08/13/2012,ASG,AR,ASW,CE,Federal Contract Tower,0,3,11,0,14,0,2,30,0,32,0,5,41,0,46,12,0,12,58
08/14/2012,ASG,AR,ASW,CE,Federal Contract Tower,0,3,10,0,13,0,1,51,0,52,0,4,61,0,65,46,0,46,111
08/15/2012,ASG,AR,ASW,CE,Federal Contract Tower,0,1,18,0,19,0,4,31,0,35,0,5,49,0,54,20,0,20,74
08/16/2012,ASG,AR,ASW,CE,Federal Contract Tower,0,2,10,0,12,0,0,14,0,14,0,2,24,0,26,0,0,0,26
08/17/2012,ASG,AR,ASW,CE,Federal Contract Tower,0,3,10,0,13,0,0,36,0,36,0,3,46,0,49,26,0,26,75
08/18/2012,ASG,AR,ASW,CE,Federal Contract Tower,0,0,12,0,12,0,5,65,0,70,0,5,77,0,82,38,0,38,120
08/19/2012,ASG,AR,ASW,CE,Federal Contract Tower,0,0,7,0,7,0,0,47,0,47,0,0,54,0,54,44,0,44,98
08/20/2012,ASG,AR,ASW,CE,Federal Contract Tower,0,2,19,0,21,0,0,37,0,37,0,2,56,0,58,40,0,40,98
08/21/2012,ASG,AR,ASW,CE,Federal Contract Tower,0,2,16,0,18,0,0,50,0,50,0,2,66,0,68,32,0,32,100
08/22/2012,ASG,AR,ASW,CE,Federal Contract Tower,0,4,7,0,11,0,4,42,0,46,0,8,49,0,57,34,0,34,91
08/23/2012,ASG,AR,ASW,CE,Federal Contract Tower,0,4,10,0,14,0,3,31,2,36,0,7,41,2,50,16,2,18,68
08/24/2012,ASG,AR,ASW,CE,Federal Contract Tower,0,3,17,0,20,0,3,34,0,37,0,6,51,0,57,12,0,12,69
08/25/2012,ASG,AR,ASW,CE,Federal Contract Tower,0,0,10,0,10,0,0,15,0,15,0,0,25,0,25,50,0,50,75
08/26/2012,ASG,AR,ASW,CE,Federal Contract Tower,0,1,9,0,10,0,2,24,0,26,0,3,33,0,36,4,0,4,40
08/27/2012,ASG,AR,ASW,CE,Federal Contract Tower,0,4,10,0,14,0,0,11,0,11,0,4,21,0,25,0,0,0,25
08/28/2012,ASG,AR,ASW,CE,Federal Contract Tower,0,2,13,0,15,0,0,38,0,38,0,2,51,0,53,44,0,44,97
08/29/2012,ASG,AR,ASW,CE,Federal Contract Tower,0,4,11,0,15,0,8,56,0,64,0,12,67,0,79,46,0,46,125
08/30/2012,ASG,AR,ASW,CE,Federal Contract Tower,0,2,5,0,7,0,0,22,0,22,0,2,27,0,29,14,0,14,43
08/31/2012,ASG,AR,ASW,CE,Federal Contract Tower,0,4,24,0,28,0,0,0,0,0,0,4,24,0,28,0,0,0,28
09/01/2012,ASG,AR,ASW,CE,Federal Contract Tower,0,0,11,0,11,0,0,16,0,16,0,0,27,0,27,12,0,12,39
09/02/2012,ASG,AR,ASW,CE,Federal Contract Tower,0,0,3,0,3,0,4,43,0,47,0,4,46,0,50,48,0,48,98
09/03/2012,ASG,AR,ASW,CE,Federal Contract Tower,0,0,8,0,8,0,7,34,0,41,0,7,42,0,49,46,0,46,95
09/04/2012,ASG,AR,ASW,CE,Federal Contract Tower,0,3,12,8,23,0,1,25,0,26,0,4,37,8,49,12,0,12,61
09/05/2012,ASG,AR,ASW,CE,Federal Contract Tower,0,5,15,0,20,0,3,37,0,40,0,8,52,0,60,54,0,54,114
09/06/2012,ASG,AR,ASW,CE,Federal Contract Tower,0,4,18,0,22,0,2,31,0,33,0,6,49,0,55,26,0,26,81
09/07/2012,ASG,AR,ASW,CE,Federal Contract Tower,0,1,8,0,9,0,0,22,0,22,0,1,30,0,31,18,0,18,49
09/08/2012,ASG,AR,ASW,CE,Federal Contract Tower,0,0,10,0,10,0,2,53,0,55,0,2,63,0,65,30,0,30,95
09/09/2012,ASG,AR,ASW,CE,Federal Contract Tower,0,0,13,0,13,0,6,44,0,50,0,6,57,0,63,14,0,14,77
09/10/2012,ASG,AR,ASW,CE,Federal Contract Tower,0,2,13,0,15,0,1,25,0,26,0,3,38,0,41,28,0,28,69
09/11/2012,ASG,AR,ASW,CE,Federal Contract Tower,0,3,3,0,6,0,1,28,0,29,0,4,31,0,35,4,0,4,39
09/12/2012,ASG,AR,ASW,CE,Federal Contract Tower,0,4,18,0,22,0,3,46,0,49,0,7,64,0,71,44,0,44,115
09/13/2012,ASG,AR,ASW,CE,Federal Contract Tower,0,4,19,0,23,0,3,18,0,21,0,7,37,0,44,24,0,24,68
09/14/2012,ASG,AR,ASW,CE,Federal Contract Tower,0,2,30,0,32,0,0,0,0,0,0,2,30,0,32,0,0,0,32
09/15/2012,ASG,AR,ASW,CE,Federal Contract Tower,0,2,17,0,19,0,0,2,0,2,0,2,19,0,21,0,0,0,21
09/16/2012,ASG,AR,ASW,CE,Federal Contract Tower,0,0,19,0,19,0,4,20,0,24,0,4,39,0,43,0,0,0,43
09/17/2012,ASG,AR,ASW,CE,Federal Contract Tower,0,2,8,0,10,0,0,9,0,9,0,2,17,0,19,12,0,12,31
09/18/2012,ASG,AR,ASW,CE,Federal Contract Tower,0,4,10,0,14,0,5,30,0,35,0,9,40,0,49,18,0,18,67
09/19/2012,ASG,AR,ASW,CE,Federal Contract Tower,0,2,12,0,14,0,6,48,0,54,0,8,60,0,68,10,0,10,78
09/20/2012,ASG,AR,ASW,CE,Federal Contract Tower,0,2,19,0,21,0,2,36,0,38,0,4,55,0,59,14,0,14,73
09/21/2012,ASG,AR,ASW,CE,Federal Contract Tower,0,3,29,0,32,0,1,40,0,41,0,4,69,0,73,24,0,24,97
09/22/2012,ASG,AR,ASW,CE,Federal Contract Tower,0,0,12,0,12,0,2,68,0,70,0,2,80,0,82,18,0,18,100
09/23/2012,ASG,AR,ASW,CE,Federal Contract Tower,0,0,23,0,23,0,2,44,0,46,0,2,67,0,69,18,0,18,87
09/24/2012,ASG,AR,ASW,CE,Federal Contract Tower,0,2,11,0,13,0,0,21,0,21,0,2,32,0,34,4,0,4,38
09/25/2012,ASG,AR,ASW,CE,Federal Contract Tower,0,2,22,0,24,0,2,30,0,32,0,4,52,0,56,4,0,4,60
09/26/2012,ASG,AR,ASW,CE,Federal Contract Tower,0,6,13,0,19,0,2,43,0,45,0,8,56,0,64,22,0,22,86
09/27/2012,ASG,AR,ASW,CE,Federal Contract Tower,0,4,9,0,13,0,6,25,0,31,0,10,34,0,44,0,0,0,44
09/28/2012,ASG,AR,ASW,CE,Federal Contract Tower,0,2,23,0,25,0,12,31,0,43,0,14,54,0,68,14,0,14,82
09/29/2012,ASG,AR,ASW,CE,Federal Contract Tower,0,0,6,0,6,0,0,8,0,8,0,0,14,0,14,6,0,6,20
09/30/2012,ASG,AR,ASW,CE,Federal Contract Tower,0,1,6,4,11,0,7,31,0,38,0,8,37,4,49,0,0,0,49
10/01/2012,ASG,AR,ASW,CE,Federal Contract Tower,0,5,16,0,21,0,1,22,0,23,0,6,38,0,44,20,0,20,64
10/02/2012,ASG,AR,ASW,CE,Federal Contract Tower,0,3,11,0,14,0,6,33,0,39,0,9,44,0,53,4,0,4,57
10/03/2012,ASG,AR,ASW,CE,Federal Contract Tower,0,2,21,0,23,0,6,46,0,52,0,8,67,0,75,54,0,54,129
10/04/2012,ASG,AR,ASW,CE,Federal Contract Tower,0,4,15,0,19,0,0,54,0,54,0,4,69,0,73,56,0,56,129
10/05/2012,ASG,AR,ASW,CE,Federal Contract Tower,0,2,11,0,13,0,0,1,0,1,0,2,12,0,14,0,0,0,14
10/06/2012,ASG,AR,ASW,CE,Federal Contract Tower,0,0,10,0,10,0,4,19,0,23,0,4,29,0,33,0,0,0,33
10/07/2012,ASG,AR,ASW,CE,Federal Contract Tower,0,0,6,0,6,0,4,49,0,53,0,4,55,0,59,34,0,34,93
10/08/2012,ASG,AR,ASW,CE,Federal Contract Tower,0,4,17,0,21,0,0,25,0,25,0,4,42,0,46,34,0,34,80
10/09/2012,ASG,AR,ASW,CE,Federal Contract Tower,0,4,26,0,30,0,2,48,0,50,0,6,74,0,80,14,0,14,94
10/10/2012,ASG,AR,ASW,CE,Federal Contract Tower,0,6,7,0,13,0,0,42,0,42,0,6,49,0,55,38,0,38,93
10/11/2012,ASG,AR,ASW,CE,Federal Contract Tower,0,2,21,0,23,0,0,13,0,13,0,2,34,0,36,20,0,20,56
10/12/2012,ASG,AR,ASW,CE,Federal Contract Tower,0,2,11,0,13,0,0,5,0,5,0,2,16,0,18,0,0,0,18
10/13/2012,ASG,AR,ASW,CE,Federal Contract Tower,0,0,13,0,13,0,0,11,0,11,0,0,24,0,24,4,0,4,28
10/14/2012,ASG,AR,ASW,CE,Federal Contract Tower,0,2,9,0,11,0,0,23,0,23,0,2,32,0,34,2,0,2,36
10/15/2012,ASG,AR,ASW,CE,Federal Contract Tower,0,4,16,0,20,0,0,54,2,56,0,4,70,2,76,20,0,20,96
10/16/2012,ASG,AR,ASW,CE,Federal Contract Tower,0,2,6,0,8,0,4,35,0,39,0,6,41,0,47,40,0,40,87
10/17/2012,ASG,AR,ASW,CE,Federal Contract Tower,0,3,17,0,20,0,3,33,0,36,0,6,50,0,56,58,0,58,114
10/18/2012,ASG,AR,ASW,CE,Federal Contract Tower,0,6,10,0,16,0,2,30,0,32,0,8,40,0,48,12,0,12,60
10/19/2012,ASG,AR,ASW,CE,Federal Contract Tower,0,5,11,0,16,0,2,20,0,22,0,7,31,0,38,16,0,16,54
10/20/2012,ASG,AR,ASW,CE,Federal Contract Tower,0,0,5,0,5,0,5,118,0,123,0,5,123,0,128,64,0,64,192
10/21/2012,ASG,AR,ASW,CE,Federal Contract Tower,0,8,12,0,20,0,2,34,0,36,0,10,46,0,56,18,0,18,74
10/22/2012,ASG,AR,ASW,CE,Federal Contract Tower,0,2,15,0,17,0,2,17,0,19,0,4,32,0,36,40,0,40,76
10/23/2012,ASG,AR,ASW,CE,Federal Contract Tower,0,2,16,0,18,0,2,28,0,30,0,4,44,0,48,30,0,30,78
10/24/2012,ASG,AR,ASW,CE,Federal Contract Tower,0,3,19,0,22,0,4,48,0,52,0,7,67,0,74,58,0,58,132
10/25/2012,ASG,AR,ASW,CE,Federal Contract Tower,0,5,26,0,31,0,2,7,0,9,0,7,33,0,40,0,0,0,40
10/26/2012,ASG,AR,ASW,CE,Federal Contract Tower,0,2,13,0,15,0,1,31,0,32,0,3,44,0,47,48,0,48,95
10/27/2012,ASG,AR,ASW,CE,Federal Contract Tower,0,0,11,0,11,0,1,39,0,40,0,1,50,0,51,6,0,6,57
10/28/2012,ASG,AR,ASW,CE,Federal Contract Tower,0,0,11,0,11,0,3,49,0,52,0,3,60,0,63,10,0,10,73
10/29/2012,ASG,AR,ASW,CE,Federal Contract Tower,0,2,20,0,22,0,5,40,0,45,0,7,60,0,67,40,0,40,107
10/30/2012,ASG,AR,ASW,CE,Federal Contract Tower,0,2,17,0,19,0,7,46,0,53,0,9,63,0,72,56,0,56,128
10/31/2012,ASG,AR,ASW,CE,Federal Contract Tower,0,2,12,0,14,0,0,52,0,52,0,2,64,0,66,72,0,72,138
11/01/2012,ASG,AR,ASW,CE,Federal Contract Tower,0,2,18,0,20,0,5,51,0,56,0,7,69,0,76,20,0,20,96
11/02/2012,ASG,AR,ASW,CE,Federal Contract Tower,0,2,17,0,19,0,2,38,0,40,0,4,55,0,59,26,0,26,85
11/03/2012,ASG,AR,ASW,CE,Federal Contract Tower,0,2,14,0,16,0,2,48,0,50,0,4,62,0,66,8,0,8,74
11/04/2012,ASG,AR,ASW,CE,Federal Contract Tower,0,2,10,0,12,0,2,31,0,33,0,4,41,0,45,17,0,17,62
11/05/2012,ASG,AR,ASW,CE,Federal Contract Tower,0,4,23,0,27,0,1,18,0,19,0,5,41,0,46,2,0,2,48
11/06/2012,ASG,AR,ASW,CE,Federal Contract Tower,0,4,15,0,19,0,0,31,0,31,0,4,46,0,50,58,0,58,108
11/07/2012,ASG,AR,ASW,CE,Federal Contract Tower,0,4,16,0,20,0,0,51,0,51,0,4,67,0,71,62,0,62,133
11/08/2012,ASG,AR,ASW,CE,Federal Contract Tower,0,2,13,0,15,0,2,41,0,43,0,4,54,0,58,32,0,32,90
11/09/2012,ASG,AR,ASW,CE,Federal Contract Tower,0,2,9,0,11,0,2,17,0,19,0,4,26,0,30,18,0,18,48
11/10/2012,ASG,AR,ASW,CE,Federal Contract Tower,0,0,2,0,2,0,5,16,0,21,0,5,18,0,23,10,0,10,33
11/11/2012,ASG,AR,ASW,CE,Federal Contract Tower,0,0,11,0,11,0,1,0,0,1,0,1,11,0,12,0,0,0,12
11/12/2012,ASG,AR,ASW,CE,Federal Contract Tower,0,2,22,0,24,0,0,24,0,24,0,2,46,0,48,26,0,26,74
11/13/2012,ASG,AR,ASW,CE,Federal Contract Tower,0,4,12,0,16,0,1,33,0,34,0,5,45,0,50,26,0,26,76
11/14/2012,ASG,AR,ASW,CE,Federal Contract Tower,0,6,15,0,21,0,1,44,0,45,0,7,59,0,66,42,0,42,108
11/15/2012,ASG,AR,ASW,CE,Federal Contract Tower,0,4,17,0,21,0,0,38,0,38,0,4,55,0,59,6,0,6,65
11/16/2012,ASG,AR,ASW,CE,Federal Contract Tower,0,4,17,0,21,0,1,45,2,48,0,5,62,2,69,34,0,34,103
11/17/2012,ASG,AR,ASW,CE,Federal Contract Tower,0,0,8,0,8,0,2,32,0,34,0,2,40,0,42,0,0,0,42
11/18/2012,ASG,AR,ASW,CE,Federal Contract Tower,0,4,15,0,19,0,0,23,0,23,0,4,38,0,42,0,0,0,42
11/19/2012,ASG,AR,ASW,CE,Federal Contract Tower,0,5,10,0,15,0,1,16,0,17,0,6,26,0,32,24,0,24,56
11/20/2012,ASG,AR,ASW,CE,Federal Contract Tower,0,4,23,0,27,0,0,33,0,33,0,4,56,0,60,8,0,8,68
11/21/2012,ASG,AR,ASW,CE,Federal Contract Tower,0,2,21,0,23,0,6,57,0,63,0,8,78,0,86,24,0,24,110
11/22/2012,ASG,AR,ASW,CE,Federal Contract Tower,0,0,6,0,6,0,2,7,0,9,0,2,13,0,15,0,0,0,15
11/23/2012,ASG,AR,ASW,CE,Federal Contract Tower,0,5,17,0,22,0,3,27,0,30,0,8,44,0,52,0,0,0,52
11/24/2012,ASG,AR,ASW,CE,Federal Contract Tower,0,2,8,0,10,0,1,53,0,54,0,3,61,0,64,26,0,26,90
11/25/2012,ASG,AR,ASW,CE,Federal Contract Tower,0,0,10,0,10,0,1,48,0,49,0,1,58,0,59,52,0,52,111
11/26/2012,ASG,AR,ASW,CE,Federal Contract Tower,0,9,14,0,23,0,1,6,0,7,0,10,20,0,30,6,0,6,36
11/27/2012,ASG,AR,ASW,CE,Federal Contract Tower,0,2,19,0,21,0,6,38,0,44,0,8,57,0,65,48,0,48,113
11/28/2012,ASG,AR,ASW,CE,Federal Contract Tower,0,2,19,0,21,0,7,40,0,47,0,9,59,0,68,18,0,18,86
11/29/2012,ASG,AR,ASW,CE,Federal Contract Tower,0,2,20,0,22,0,2,16,0,18,0,4,36,0,40,10,0,10,50
11/30/2012,ASG,AR,ASW,CE,Federal Contract Tower,0,2,13,0,15,0,7,39,0,46,0,9,52,0,61,94,0,94,155
12/01/2012,ASG,AR,ASW,CE,Federal Contract Tower,0,0,6,0,6,0,3,5,0,8,0,3,11,0,14,2,0,2,16
12/02/2012,ASG,AR,ASW,CE,Federal Contract Tower,0,0,7,0,7,0,3,22,0,25,0,3,29,0,32,20,0,20,52
12/03/2012,ASG,AR,ASW,CE,Federal Contract Tower,0,4,12,0,16,0,0,6,0,6,0,4,18,0,22,0,0,0,22
12/04/2012,ASG,AR,ASW,CE,Federal Contract Tower,0,4,14,0,18,0,2,6,0,8,0,6,20,0,26,2,0,2,28
12/05/2012,ASG,AR,ASW,CE,Federal Contract Tower,0,2,26,0,28,0,2,43,0,45,0,4,69,0,73,28,0,28,101
12/06/2012,ASG,AR,ASW,CE,Federal Contract Tower,0,2,14,0,16,0,2,19,0,21,0,4,33,0,37,4,0,4,41
12/07/2012,ASG,AR,ASW,CE,Federal Contract Tower,0,2,23,0,25,0,0,5,0,5,0,2,28,0,30,0,0,0,30
12/08/2012,ASG,AR,ASW,CE,Federal Contract Tower,0,0,14,0,14,0,0,7,0,7,0,0,21,0,21,16,0,16,37
12/09/2012,ASG,AR,ASW,CE,Federal Contract Tower,0,2,11,0,13,0,0,0,0,0,0,2,11,0,13,0,0,0,13
12/10/2012,ASG,AR,ASW,CE,Federal Contract Tower,0,2,5,0,7,0,0,18,0,18,0,2,23,0,25,48,0,48,73
12/11/2012,ASG,AR,ASW,CE,Federal Contract Tower,0,2,14,0,16,0,4,15,0,19,0,6,29,0,35,16,0,16,51
12/12/2012,ASG,AR,ASW,CE,Federal Contract Tower,0,2,11,0,13,0,2,34,0,36,0,4,45,0,49,32,0,32,81
12/13/2012,ASG,AR,ASW,CE,Federal Contract Tower,0,2,20,0,22,0,3,42,0,45,0,5,62,0,67,32,0,32,99
12/14/2012,ASG,AR,ASW,CE,Federal Contract Tower,0,1,22,0,23,0,8,36,0,44,0,9,58,0,67,16,0,16,83
12/15/2012,ASG,AR,ASW,CE,Federal Contract Tower,0,0,10,0,10,0,5,25,0,30,0,5,35,0,40,24,0,24,64
12/16/2012,ASG,AR,ASW,CE,Federal Contract Tower,0,1,11,0,12,0,1,24,0,25,0,2,35,0,37,20,0,20,57
12/17/2012,ASG,AR,ASW,CE,Federal Contract Tower,0,2,10,0,12,0,0,10,0,10,0,2,20,0,22,8,0,8,30
12/18/2012,ASG,AR,ASW,CE,Federal Contract Tower,0,2,19,0,21,0,2,40,0,42,0,4,59,0,63,42,0,42,105
12/19/2012,ASG,AR,ASW,CE,Federal Contract Tower,0,5,26,0,31,0,0,22,0,22,0,5,48,0,53,34,0,34,87
12/20/2012,ASG,AR,ASW,CE,Federal Contract Tower,0,2,3,0,5,0,0,2,0,2,0,2,5,0,7,0,0,0,7
12/21/2012,ASG,AR,ASW,CE,Federal Contract Tower,0,3,17,0,20,0,5,38,0,43,0,8,55,0,63,12,0,12,75
12/22/2012,ASG,AR,ASW,CE,Federal Contract Tower,0,4,14,0,18,0,1,56,0,57,0,5,70,0,75,2,0,2,77
12/23/2012,ASG,AR,ASW,CE,Federal Contract Tower,0,1,12,0,13,0,0,22,0,22,0,1,34,0,35,12,0,12,47
12/24/2012,ASG,AR,ASW,CE,Federal Contract Tower,0,2,5,0,7,0,3,29,0,32,0,5,34,0,39,32,0,32,71
12/25/2012,ASG,AR,ASW,CE,Federal Contract Tower,0,1,2,0,3,0,0,0,0,0,0,1,2,0,3,0,0,0,3
12/26/2012,ASG,AR,ASW,CE,Federal Contract Tower,0,1,7,0,8,0,2,22,0,24,0,3,29,0,32,4,0,4,36
12/27/2012,ASG,AR,ASW,CE,Federal Contract Tower,0,2,15,0,17,0,2,24,0,26,0,4,39,0,43,24,0,24,67
12/28/2012,ASG,AR,ASW,CE,Federal Contract Tower,0,2,3,0,5,0,0,0,0,0,0,2,3,0,5,0,0,0,5
12/29/2012,ASG,AR,ASW,CE,Federal Contract Tower,0,2,19,0,21,0,2,14,0,16,0,4,33,0,37,2,0,2,39
12/30/2012,ASG,AR,ASW,CE,Federal Contract Tower,0,0,23,0,23,0,0,28,0,28,0,0,51,0,51,20,0,20,71
12/31/2012,ASG,AR,ASW,CE,Federal Contract Tower,0,1,2,0,3,0,0,0,0,0,0,1,2,0,3,0,0,0,3
01/01/2013,ASG,AR,ASW,CE,Federal Contract Tower,0,0,3,0,3,0,0,0,0,0,0,0,3,0,3,0,0,0,3
01/02/2013,ASG,AR,ASW,CE,Federal Contract Tower,0,1,14,0,15,0,4,27,0,31,0,5,41,0,46,8,0,8,54
01/03/2013,ASG,AR,ASW,CE,Federal Contract Tower,0,6,12,0,18,0,0,30,0,30,0,6,42,0,48,20,0,20,68
01/04/2013,ASG,AR,ASW,CE,Federal Contract Tower,0,2,20,0,22,0,4,38,0,42,0,6,58,0,64,24,0,24,88
01/05/2013,ASG,AR,ASW,CE,Federal Contract Tower,0,3,19,0,22,0,0,34,0,34,0,3,53,0,56,8,0,8,64
01/06/2013,ASG,AR,ASW,CE,Federal Contract Tower,0,1,6,0,7,0,5,29,0,34,0,6,35,0,41,10,0,10,51
01/07/2013,ASG,AR,ASW,CE,Federal Contract Tower,0,4,8,0,12,0,0,14,0,14,0,4,22,0,26,0,0,0,26
01/08/2013,ASG,AR,ASW,CE,Federal Contract Tower,0,2,16,0,18,0,0,24,0,24,0,2,40,0,42,6,0,6,48
01/09/2013,ASG,AR,ASW,CE,Federal Contract Tower,0,2,9,0,11,0,0,3,0,3,0,2,12,0,14,0,0,0,14
01/10/2013,ASG,AR,ASW,CE,Federal Contract Tower,0,2,18,0,20,0,2,3,0,5,0,4,21,0,25,0,0,0,25
01/11/2013,ASG,AR,ASW,CE,Federal Contract Tower,0,2,20,0,22,0,3,36,0,39,0,5,56,0,61,0,0,0,61
01/12/2013,ASG,AR,ASW,CE,Federal Contract Tower,0,0,10,0,10,0,0,7,0,7,0,0,17,0,17,12,0,12,29
01/13/2013,ASG,AR,ASW,CE,Federal Contract Tower,0,0,6,0,6,0,0,23,0,23,0,0,29,0,29,44,0,44,73
01/14/2013,ASG,AR,ASW,CE,Federal Contract Tower,0,4,5,0,9,0,0,18,0,18,0,4,23,0,27,10,0,10,37
01/15/2013,ASG,AR,ASW,CE,Federal Contract Tower,0,3,9,0,12,0,3,17,0,20,0,6,26,0,32,10,0,10,42
01/16/2013,ASG,AR,ASW,CE,Federal Contract Tower,0,2,25,0,27,0,3,44,0,47,0,5,69,0,74,18,0,18,92
01/17/2013,ASG,AR,ASW,CE,Federal Contract Tower,0,2,22,0,24,0,7,31,0,38,0,9,53,0,62,8,0,8,70
01/18/2013,ASG,AR,ASW,CE,Federal Contract Tower,0,2,13,0,15,0,2,34,0,36,0,4,47,0,51,30,0,30,81
01/19/2013,ASG,AR,ASW,CE,Federal Contract Tower,0,0,9,0,9,0,3,55,0,58,0,3,64,0,67,18,0,18,85
01/20/2013,ASG,AR,ASW,CE,Federal Contract Tower,0,0,11,0,11,0,2,51,0,53,0,2,62,0,64,42,0,42,106
01/21/2013,ASG,AR,ASW,CE,Federal Contract Tower,0,2,11,0,13,0,0,21,0,21,0,2,32,0,34,10,0,10,44
01/22/2013,ASG,AR,ASW,CE,Federal Contract Tower,0,2,12,0,14,0,0,21,0,21,0,2,33,0,35,26,0,26,61
01/23/2013,ASG,AR,ASW,CE,Federal Contract Tower,0,2,13,0,15,0,5,30,0,35,0,7,43,0,50,22,0,22,72
01/24/2013,ASG,AR,ASW,CE,Federal Contract Tower,0,2,17,0,19,0,1,3,0,4,0,3,20,0,23,10,0,10,33
01/25/2013,ASG,AR,ASW,CE,Federal Contract Tower,0,2,11,0,13,0,0,19,0,19,0,2,30,0,32,54,0,54,86
01/26/2013,ASG,AR,ASW,CE,Federal Contract Tower,0,0,11,0,11,0,3,39,0,42,0,3,50,0,53,8,0,8,61
01/27/2013,ASG,AR,ASW,CE,Federal Contract Tower,0,0,10,0,10,0,1,4,0,5,0,1,14,0,15,6,0,6,21
01/28/2013,ASG,AR,ASW,CE,Federal Contract Tower,0,2,9,0,11,0,1,7,0,8,0,3,16,0,19,0,0,0,19
01/29/2013,ASG,AR,ASW,CE,Federal Contract Tower,0,2,1,0,3,0,0,0,0,0,0,2,1,0,3,0,0,0,3
01/30/2013,ASG,AR,ASW,CE,Federal Contract Tower,0,2,14,0,16,0,0,3,0,3,0,2,17,0,19,0,0,0,19
01/31/2013,ASG,AR,ASW,CE,Federal Contract Tower,0,2,15,0,17,0,1,27,0,28,0,3,42,0,45,54,0,54,99
02/01/2013,ASG,AR,ASW,CE,Federal Contract Tower,0,6,28,0,34,0,0,38,0,38,0,6,66,0,72,30,0,30,102
02/02/2013,ASG,AR,ASW,CE,Federal Contract Tower,0,0,8,0,8,0,0,72,0,72,0,0,80,0,80,48,0,48,128
02/03/2013,ASG,AR,ASW,CE,Federal Contract Tower,0,0,6,0,6,0,0,46,0,46,0,0,52,0,52,44,0,44,96
02/04/2013,ASG,AR,ASW,CE,Federal Contract Tower,0,2,14,0,16,0,0,18,0,18,0,2,32,0,34,56,0,56,90
02/05/2013,ASG,AR,ASW,CE,Federal Contract Tower,0,2,14,0,16,0,5,50,0,55,0,7,64,0,71,50,0,50,121
02/06/2013,ASG,AR,ASW,CE,Federal Contract Tower,0,4,39,0,43,0,4,34,0,38,0,8,73,0,81,20,0,20,101
02/07/2013,ASG,AR,ASW,CE,Federal Contract Tower,0,4,15,0,19,0,0,10,0,10,0,4,25,0,29,6,0,6,35
02/08/2013,ASG,AR,ASW,CE,Federal Contract Tower,0,5,12,0,17,0,0,40,0,40,0,5,52,0,57,50,0,50,107
02/09/2013,ASG,AR,ASW,CE,Federal Contract Tower,0,1,7,0,8,0,4,28,0,32,0,5,35,0,40,80,0,80,120
02/10/2013,ASG,AR,ASW,CE,Federal Contract Tower,0,1,3,0,4,0,2,8,0,10,0,3,11,0,14,0,0,0,14
02/11/2013,ASG,AR,ASW,CE,Federal Contract Tower,0,3,13,0,16,0,3,31,0,34,0,6,44,0,50,52,0,52,102
02/12/2013,ASG,AR,ASW,CE,Federal Contract Tower,0,2,8,0,10,0,3,3,0,6,0,5,11,0,16,34,0,34,50
02/13/2013,ASG,AR,ASW,CE,Federal Contract Tower,0,2,17,0,19,0,3,14,0,17,0,5,31,0,36,12,0,12,48
02/14/2013,ASG,AR,ASW,CE,Federal Contract Tower,0,3,19,0,22,0,0,43,0,43,0,3,62,0,65,44,0,44,109
02/15/2013,ASG,AR,ASW,CE,Federal Contract Tower,0,6,21,0,27,0,6,37,0,43,0,12,58,0,70,20,0,20,90
02/16/2013,ASG,AR,ASW,CE,Federal Contract Tower,0,0,12,0,12,0,3,45,0,48,0,3,57,0,60,18,0,18,78
02/17/2013,ASG,AR,ASW,CE,Federal Contract Tower,0,0,17,0,17,0,0,43,0,43,0,0,60,0,60,40,0,40,100
02/18/2013,ASG,AR,ASW,CE,Federal Contract Tower,0,3,13,0,16,0,3,5,0,8,0,6,18,0,24,0,0,0,24
02/19/2013,ASG,AR,ASW,CE,Federal Contract Tower,0,2,26,0,28,0,0,40,0,40,0,2,66,0,68,42,0,42,110
02/20/2013,ASG,AR,ASW,CE,Federal Contract Tower,0,2,5,0,7,0,0,0,0,0,0,2,5,0,7,0,0,0,7
02/21/2013,ASG,AR,ASW,CE,Federal Contract Tower,0,2,1,0,3,0,0,0,0,0,0,2,1,0,3,0,0,0,3
02/22/2013,ASG,AR,ASW,CE,Federal Contract Tower,0,3,16,0,19,0,8,33,0,41,0,11,49,0,60,40,0,40,100
02/23/2013,ASG,AR,ASW,CE,Federal Contract Tower,0,0,14,0,14,0,4,55,0,59,0,4,69,0,73,34,0,34,107
02/24/2013,ASG,AR,ASW,CE,Federal Contract Tower,0,0,3,0,3,0,3,55,0,58,0,3,58,0,61,40,0,40,101
02/25/2013,ASG,AR,ASW,CE,Federal Contract Tower,0,2,10,0,12,0,2,6,0,8,0,4,16,0,20,14,0,14,34
02/26/2013,ASG,AR,ASW,CE,Federal Contract Tower,0,2,9,0,11,0,0,0,0,0,0,2,9,0,11,0,0,0,11
02/27/2013,ASG,AR,ASW,CE,Federal Contract Tower,0,2,23,0,25,0,3,8,0,11,0,5,31,0,36,0,0,0,36
02/28/2013,ASG,AR,ASW,CE,Federal Contract Tower,0,2,11,0,13,0,2,23,0,25,0,4,34,0,38,22,0,22,60
03/01/2013,ASG,AR,ASW,CE,Federal Contract Tower,0,4,13,0,17,0,0,17,0,17,0,4,30,0,34,46,0,46,80
03/02/2013,ASG,AR,ASW,CE,Federal Contract Tower,0,0,18,0,18,0,3,42,0,45,0,3,60,0,63,50,0,50,113
03/03/2013,ASG,AR,ASW,CE,Federal Contract Tower,0,0,11,0,11,0,2,55,0,57,0,2,66,0,68,32,0,32,100
03/04/2013,ASG,AR,ASW,CE,Federal Contract Tower,0,4,8,0,12,0,2,20,0,22,0,6,28,0,34,26,0,26,60
03/05/2013,ASG,AR,ASW,CE,Federal Contract Tower,0,4,3,0,7,0,1,10,0,11,0,5,13,0,18,0,0,0,18
03/06/2013,ASG,AR,ASW,CE,Federal Contract Tower,0,2,15,0,17,0,5,55,0,60,0,7,70,0,77,6,0,6,83
03/07/2013,ASG,AR,ASW,CE,Federal Contract Tower,0,2,18,0,20,0,7,41,0,48,0,9,59,0,68,4,0,4,72
03/08/2013,ASG,AR,ASW,CE,Federal Contract Tower,0,2,21,0,23,0,4,49,0,53,0,6,70,0,76,26,0,26,102
03/09/2013,ASG,AR,ASW,CE,Federal Contract Tower,0,0,9,0,9,0,0,22,0,22,0,0,31,0,31,34,0,34,65
03/10/2013,ASG,AR,ASW,CE,Federal Contract Tower,0,0,7,0,7,0,0,0,0,0,0,0,7,0,7,0,0,0,7
03/11/2013,ASG,AR,ASW,CE,Federal Contract Tower,0,4,9,0,13,0,1,27,0,28,0,5,36,0,41,4,0,4,45
03/12/2013,ASG,AR,ASW,CE,Federal Contract Tower,0,6,17,0,23,0,3,33,0,36,0,9,50,0,59,40,0,40,99
03/13/2013,ASG,AR,ASW,CE,Federal Contract Tower,0,3,17,0,20,0,2,34,0,36,0,5,51,0,56,14,0,14,70
03/14/2013,ASG,AR,ASW,CE,Federal Contract Tower,0,2,16,0,18,0,1,30,0,31,0,3,46,0,49,16,0,16,65
03/15/2013,ASG,AR,ASW,CE,Federal Contract Tower,0,2,19,0,21,0,1,45,0,46,0,3,64,0,67,8,0,8,75
03/16/2013,ASG,AR,ASW,CE,Federal Contract Tower,0,0,16,0,16,0,4,73,0,77,0,4,89,0,93,72,0,72,165
03/17/2013,ASG,AR,ASW,CE,Federal Contract Tower,0,0,5,0,5,0,0,0,0,0,0,0,5,0,5,0,0,0,5
03/18/2013,ASG,AR,ASW,CE,Federal Contract Tower,0,4,10,0,14,0,0,17,0,17,0,4,27,0,31,80,0,80,111
03/19/2013,ASG,AR,ASW,CE,Federal Contract Tower,0,2,18,0,20,0,4,54,0,58,0,6,72,0,78,86,0,86,164
03/20/2013,ASG,AR,ASW,CE,Federal Contract Tower,0,2,16,0,18,0,0,31,0,31,0,2,47,0,49,8,0,8,57
03/21/2013,ASG,AR,ASW,CE,Federal Contract Tower,0,4,9,0,13,0,0,3,0,3,0,4,12,0,16,0,0,0,16
03/22/2013,ASG,AR,ASW,CE,Federal Contract Tower,0,6,11,0,17,0,0,0,0,0,0,6,11,0,17,0,0,0,17
03/23/2013,ASG,AR,ASW,CE,Federal Contract Tower,0,2,4,0,6,0,0,0,0,0,0,2,4,0,6,0,0,0,6
03/24/2013,ASG,AR,ASW,CE,Federal Contract Tower,0,0,7,0,7,0,0,1,0,1,0,0,8,0,8,0,0,0,8
03/25/2013,ASG,AR,ASW,CE,Federal Contract Tower,0,1,27,0,28,0,8,7,0,15,0,9,34,0,43,36,0,36,79
03/26/2013,ASG,AR,ASW,CE,Federal Contract Tower,0,2,11,0,13,0,0,37,0,37,0,2,48,0,50,16,0,16,66
03/27/2013,ASG,AR,ASW,CE,Federal Contract Tower,0,2,21,0,23,0,4,54,0,58,0,6,75,0,81,38,0,38,119
03/28/2013,ASG,AR,ASW,CE,Federal Contract Tower,0,2,23,0,25,0,2,33,0,35,0,4,56,0,60,18,0,18,78
03/29/2013,ASG,AR,ASW,CE,Federal Contract Tower,0,2,7,0,9,0,1,19,0,20,0,3,26,0,29,4,0,4,33
03/30/2013,ASG,AR,ASW,CE,Federal Contract Tower,0,0,7,0,7,0,1,18,0,19,0,1,25,0,26,16,0,16,42
03/31/2013,ASG,AR,ASW,CE,Federal Contract Tower,0,1,11,0,12,0,3,39,0,42,0,4,50,0,54,6,0,6,60
04/01/2013,ASG,AR,ASW,CE,Federal Contract Tower,0,2,25,0,27,0,2,31,0,33,0,4,56,0,60,40,0,40,100
04/02/2013,ASG,AR,ASW,CE,Federal Contract Tower,0,2,7,0,9,0,0,0,0,0,0,2,7,0,9,0,0,0,9
04/03/2013,ASG,AR,ASW,CE,Federal Contract Tower,0,2,8,0,10,0,0,4,0,4,0,2,12,0,14,8,0,8,22
04/04/2013,ASG,AR,ASW,CE,Federal Contract Tower,0,4,13,0,17,0,3,17,0,20,0,7,30,0,37,40,0,40,77
04/05/2013,ASG,AR,ASW,CE,Federal Contract Tower,0,2,18,0,20,0,6,71,0,77,0,8,89,0,97,58,0,58,155
04/06/2013,ASG,AR,ASW,CE,Federal Contract Tower,0,0,7,0,7,0,3,34,0,37,0,3,41,0,44,2,0,2,46
04/07/2013,ASG,AR,ASW,CE,Federal Contract Tower,0,0,11,0,11,0,3,20,0,23,0,3,31,0,34,26,0,26,60
04/08/2013,ASG,AR,ASW,CE,Federal Contract Tower,0,2,14,0,16,0,2,8,0,10,0,4,22,0,26,8,0,8,34
04/09/2013,ASG,AR,ASW,CE,Federal Contract Tower,0,4,18,0,22,0,2,14,0,16,0,6,32,0,38,8,0,8,46
04/10/2013,ASG,AR,ASW,CE,Federal Contract Tower,0,3,3,0,6,0,0,0,0,0,0,3,3,0,6,0,0,0,6
04/11/2013,ASG,AR,ASW,CE,Federal Contract Tower,0,2,11,0,13,0,0,35,0,35,0,2,46,0,48,10,0,10,58
04/12/2013,ASG,AR,ASW,CE,Federal Contract Tower,0,4,12,0,16,0,3,57,0,60,0,7,69,0,76,74,0,74,150
04/13/2013,ASG,AR,ASW,CE,Federal Contract Tower,0,0,11,0,11,0,8,33,0,41,0,8,44,0,52,24,0,24,76
04/14/2013,ASG,AR,ASW,CE,Federal Contract Tower,0,0,10,0,10,0,0,22,0,22,0,0,32,0,32,10,0,10,42
04/15/2013,ASG,AR,ASW,CE,Federal Contract Tower,0,2,23,0,25,0,1,21,0,22,0,3,44,0,47,30,0,30,77
04/16/2013,ASG,AR,ASW,CE,Federal Contract Tower,0,4,26,0,30,0,0,29,0,29,0,4,55,0,59,16,0,16,75
04/17/2013,ASG,AR,ASW,CE,Federal Contract Tower,0,2,14,0,16,0,3,20,0,23,0,5,34,0,39,16,0,16,55
04/18/2013,ASG,AR,ASW,CE,Federal Contract Tower,0,2,4,0,6,0,0,1,0,1,0,2,5,0,7,0,0,0,7
04/19/2013,ASG,AR,ASW,CE,Federal Contract Tower,0,4,29,0,33,0,0,21,0,21,0,4,50,0,54,4,0,4,58
04/20/2013,ASG,AR,ASW,CE,Federal Contract Tower,0,1,7,0,8,0,16,63,0,79,0,17,70,0,87,72,0,72,159
04/21/2013,ASG,AR,ASW,CE,Federal Contract Tower,0,0,16,0,16,0,2,36,0,38,0,2,52,0,54,36,0,36,90
04/22/2013,ASG,AR,ASW,CE,Federal Contract Tower,0,4,12,0,16,0,5,28,0,33,0,9,40,0,49,26,0,26,75
04/23/2013,ASG,AR,ASW,CE,Federal Contract Tower,0,4,12,0,16,0,2,5,0,7,0,6,17,0,23,16,0,16,39
04/24/2013,ASG,AR,ASW,CE,Federal Contract Tower,0,5,13,0,18,0,10,32,0,42,0,15,45,0,60,50,0,50,110
04/25/2013,ASG,AR,ASW,CE,Federal Contract Tower,0,3,12,0,15,0,5,52,0,57,0,8,64,0,72,36,0,36,108
04/26/2013,ASG,AR,ASW,CE,Federal Contract Tower,0,2,6,0,8,0,0,0,0,0,0,2,6,0,8,0,0,0,8
04/27/2013,ASG,AR,ASW,CE,Federal Contract Tower,0,0,3,0,3,0,0,2,0,2,0,0,5,0,5,0,0,0,5
04/28/2013,ASG,AR,ASW,CE,Federal Contract Tower,0,1,10,0,11,0,5,41,0,46,0,6,51,0,57,76,0,76,133
04/29/2013,ASG,AR,ASW,CE,Federal Contract Tower,0,2,18,0,20,0,7,34,0,41,0,9,52,0,61,34,0,34,95
04/30/2013,ASG,AR,ASW,CE,Federal Contract Tower,0,2,19,0,21,0,10,48,0,58,0,12,67,0,79,6,0,6,85
05/01/2013,ASG,AR,ASW,CE,Federal Contract Tower,0,3,21,0,24,0,4,47,0,51,0,7,68,0,75,22,0,22,97
05/02/2013,ASG,AR,ASW,CE,Federal Contract Tower,0,2,3,0,5,0,0,2,0,2,0,2,5,0,7,0,0,0,7
05/03/2013,ASG,AR,ASW,CE,Federal Contract Tower,0,3,8,0,11,0,4,1,0,5,0,7,9,0,16,0,0,0,16
05/04/2013,ASG,AR,ASW,CE,Federal Contract Tower,0,0,7,0,7,0,8,4,0,12,0,8,11,0,19,10,0,10,29
05/05/2013,ASG,AR,ASW,CE,Federal Contract Tower,0,1,5,0,6,0,0,23,0,23,0,1,28,0,29,2,0,2,31
05/06/2013,ASG,AR,ASW,CE,Federal Contract Tower,0,3,18,0,21,0,1,16,0,17,0,4,34,0,38,48,0,48,86
05/07/2013,ASG,AR,ASW,CE,Federal Contract Tower,0,4,15,0,19,0,1,52,0,53,0,5,67,0,72,52,0,52,124
05/08/2013,ASG,AR,ASW,CE,Federal Contract Tower,0,3,10,0,13,0,3,42,0,45,0,6,52,0,58,18,0,18,76
05/09/2013,ASG,AR,ASW,CE,Federal Contract Tower,0,5,11,0,16,0,1,15,0,16,0,6,26,0,32,38,0,38,70
05/10/2013,ASG,AR,ASW,CE,Federal Contract Tower,0,2,12,0,14,0,4,24,0,28,0,6,36,0,42,38,0,38,80
05/11/2013,ASG,AR,ASW,CE,Federal Contract Tower,0,2,10,0,12,0,1,28,0,29,0,3,38,0,41,20,0,20,61
05/12/2013,ASG,AR,ASW,CE,Federal Contract Tower,0,1,12,0,13,0,6,37,0,43,0,7,49,0,56,22,0,22,78
05/13/2013,ASG,AR,ASW,CE,Federal Contract Tower,0,2,9,0,11,0,3,42,0,45,0,5,51,0,56,48,0,48,104
05/14/2013,ASG,AR,ASW,CE,Federal Contract Tower,0,2,22,0,24,0,5,41,0,46,0,7,63,0,70,20,0,20,90
05/15/2013,ASG,AR,ASW,CE,Federal Contract Tower,0,2,8,0,10,0,4,26,0,30,0,6,34,0,40,6,0,6,46
05/16/2013,ASG,AR,ASW,CE,Federal Contract Tower,0,2,12,0,14,0,6,0,0,6,0,8,12,0,20,30,0,30,50
05/17/2013,ASG,AR,ASW,CE,Federal Contract Tower,0,3,17,0,20,0,5,52,0,57,0,8,69,0,77,42,0,42,119
05/18/2013,ASG,AR,ASW,CE,Federal Contract Tower,0,0,10,0,10,0,6,48,0,54,0,6,58,0,64,100,0,100,164
05/19/2013,ASG,AR,ASW,CE,Federal Contract Tower,0,0,7,0,7,0,4,29,0,33,0,4,36,0,40,12,0,12,52
05/20/2013,ASG,AR,ASW,CE,Federal Contract Tower,0,2,8,0,10,0,3,4,0,7,0,5,12,0,17,0,0,0,17
05/21/2013,ASG,AR,ASW,CE,Federal Contract Tower,0,2,2,0,4,0,1,0,0,1,0,3,2,0,5,0,0,0,5
05/22/2013,ASG,AR,ASW,CE,Federal Contract Tower,0,6,9,0,15,0,2,34,0,36,0,8,43,0,51,12,0,12,63
05/23/2013,ASG,AR,ASW,CE,Federal Contract Tower,0,4,16,0,20,0,30,0,0,30,0,34,16,0,50,44,0,44,94
05/24/2013,ASG,AR,ASW,CE,Federal Contract Tower,0,2,13,0,15,0,0,45,0,45,0,2,58,0,60,44,0,44,104
05/25/2013,ASG,AR,ASW,CE,Federal Contract Tower,0,0,6,0,6,0,1,51,0,52,0,1,57,0,58,104,0,104,162
05/26/2013,ASG,AR,ASW,CE,Federal Contract Tower,0,0,8,0,8,0,1,12,0,13,0,1,20,0,21,0,0,0,21
05/27/2013,ASG,AR,ASW,CE,Federal Contract Tower,0,1,7,0,8,0,2,10,0,12,0,3,17,0,20,0,0,0,20
05/28/2013,ASG,AR,ASW,CE,Federal Contract Tower,0,3,15,0,18,0,3,15,0,18,0,6,30,0,36,4,0,4,40
05/29/2013,ASG,AR,ASW,CE,Federal Contract Tower,0,4,19,0,23,0,2,28,0,30,0,6,47,0,53,4,0,4,57
05/30/2013,ASG,AR,ASW,CE,Federal Contract Tower,0,2,18,0,20,0,0,14,0,14,0,2,32,0,34,18,0,18,52
05/31/2013,ASG,AR,ASW,CE,Federal Contract Tower,0,2,14,0,16,0,4,15,0,19,0,6,29,0,35,4,0,4,39
06/01/2013,ASG,AR,ASW,CE,Federal Contract Tower,0,0,5,0,5,0,4,7,0,11,0,4,12,0,16,0,0,0,16
06/02/2013,ASG,AR,ASW,CE,Federal Contract Tower,0,0,13,0,13,0,6,27,0,33,0,6,40,0,46,58,0,58,104
06/03/2013,ASG,AR,ASW,CE,Federal Contract Tower,0,4,13,0,17,0,3,45,0,48,0,7,58,0,65,56,0,56,121
06/04/2013,ASG,AR,ASW,CE,Federal Contract Tower,0,2,25,0,27,0,2,32,0,34,0,4,57,0,61,16,0,16,77
06/05/2013,ASG,AR,ASW,CE,Federal Contract Tower,0,4,19,0,23,0,5,22,0,27,0,9,41,0,50,2,0,2,52
06/06/2013,ASG,AR,ASW,CE,Federal Contract Tower,0,7,23,0,30,0,0,26,0,26,0,7,49,0,56,26,0,26,82
06/07/2013,ASG,AR,ASW,CE,Federal Contract Tower,0,3,25,0,28,0,2,45,0,47,0,5,70,0,75,26,0,26,101
06/08/2013,ASG,AR,ASW,CE,Federal Contract Tower,0,0,6,0,6,0,2,109,0,111,0,2,115,0,117,84,0,84,201
06/09/2013,ASG,AR,ASW,CE,Federal Contract Tower,0,0,15,0,15,0,0,15,0,15,0,0,30,0,30,6,0,6,36
06/10/2013,ASG,AR,ASW,CE,Federal Contract Tower,0,4,7,0,11,0,7,11,0,18,0,11,18,0,29,4,0,4,33
06/11/2013,ASG,AR,ASW,CE,Federal Contract Tower,0,2,16,0,18,0,4,49,0,53,0,6,65,0,71,54,0,54,125
06/12/2013,ASG,AR,ASW,CE,Federal Contract Tower,0,3,16,0,19,0,5,29,0,34,0,8,45,0,53,0,0,0,53
06/13/2013,ASG,AR,ASW,CE,Federal Contract Tower,0,2,12,0,14,0,7,42,0,49,0,9,54,0,63,60,0,60,123
06/14/2013,ASG,AR,ASW,CE,Federal Contract Tower,0,4,19,0,23,0,2,53,0,55,0,6,72,0,78,32,0,32,110
06/15/2013,ASG,AR,ASW,CE,Federal Contract Tower,0,3,11,0,14,0,4,46,0,50,0,7,57,0,64,24,0,24,88
06/16/2013,ASG,AR,ASW,CE,Federal Contract Tower,0,0,7,0,7,0,0,11,0,11,0,0,18,0,18,16,0,16,34
06/17/2013,ASG,AR,ASW,CE,Federal Contract Tower,0,2,15,0,17,0,0,1,0,1,0,2,16,0,18,0,0,0,18
06/18/2013,ASG,AR,ASW,CE,Federal Contract Tower,0,3,11,0,14,0,3,42,0,45,0,6,53,0,59,44,0,44,103
06/19/2013,ASG,AR,ASW,CE,Federal Contract Tower,0,8,22,0,30,0,6,59,0,65,0,14,81,0,95,44,0,44,139
06/20/2013,ASG,AR,ASW,CE,Federal Contract Tower,0,2,17,0,19,0,7,39,0,46,0,9,56,0,65,54,0,54,119
06/21/2013,ASG,AR,ASW,CE,Federal Contract Tower,0,2,23,0,25,0,2,40,0,42,0,4,63,0,67,46,0,46,113
06/22/2013,ASG,AR,ASW,CE,Federal Contract Tower,0,2,5,0,7,0,9,50,0,59,0,11,55,0,66,54,0,54,120
06/23/2013,ASG,AR,ASW,CE,Federal Contract Tower,0,0,12,0,12,0,7,34,0,41,0,7,46,0,53,24,0,24,77
06/24/2013,ASG,AR,ASW,CE,Federal Contract Tower,0,2,7,0,9,0,2,30,0,32,0,4,37,0,41,8,0,8,49
06/25/2013,ASG,AR,ASW,CE,Federal Contract Tower,0,1,17,0,18,0,3,44,0,47,0,4,61,0,65,38,0,38,103
06/26/2013,ASG,AR,ASW,CE,Federal Contract Tower,0,2,15,0,17,0,4,41,0,45,0,6,56,0,62,6,0,6,68
06/27/2013,ASG,AR,ASW,CE,Federal Contract Tower,0,4,28,0,32,0,0,49,0,49,0,4,77,0,81,36,0,36,117
06/28/2013,ASG,AR,ASW,CE,Federal Contract Tower,0,2,30,0,32,0,1,51,0,52,0,3,81,0,84,8,0,8,92
06/29/2013,ASG,AR,ASW,CE,Federal Contract Tower,0,0,3,0,3,0,7,42,0,49,0,7,45,0,52,10,0,10,62
06/30/2013,ASG,AR,ASW,CE,Federal Contract Tower,0,2,10,0,12,0,1,24,0,25,0,3,34,0,37,14,0,14,51
07/01/2013,ASG,AR,ASW,CE,Federal Contract Tower,0,1,21,0,22,0,4,17,0,21,0,5,38,0,43,0,0,0,43
07/02/2013,ASG,AR,ASW,CE,Federal Contract Tower,0,2,21,0,23,0,0,34,0,34,0,2,55,0,57,14,0,14,71
07/03/2013,ASG,AR,ASW,CE,Federal Contract Tower,0,3,20,0,23,0,3,54,0,57,0,6,74,0,80,38,0,38,118
07/04/2013,ASG,AR,ASW,CE,Federal Contract Tower,0,1,4,0,5,0,4,27,0,31,0,5,31,0,36,22,0,22,58
07/05/2013,ASG,AR,ASW,CE,Federal Contract Tower,0,2,9,0,11,0,2,36,0,38,0,4,45,0,49,30,0,30,79
07/06/2013,ASG,AR,ASW,CE,Federal Contract Tower,0,0,15,0,15,0,0,41,0,41,0,0,56,0,56,68,0,68,124
07/07/2013,ASG,AR,ASW,CE,Federal Contract Tower,0,1,6,0,7,0,2,34,0,36,0,3,40,0,43,0,0,0,43
07/08/2013,ASG,AR,ASW,CE,Federal Contract Tower,0,3,21,0,24,0,1,25,0,26,0,4,46,0,50,12,0,12,62
07/09/2013,ASG,AR,ASW,CE,Federal Contract Tower,0,3,16,0,19,0,2,35,0,37,0,5,51,0,56,34,0,34,90
07/10/2013,ASG,AR,ASW,CE,Federal Contract Tower,0,1,15,0,16,0,3,36,0,39,0,4,51,0,55,42,0,42,97
07/11/2013,ASG,AR,ASW,CE,Federal Contract Tower,0,2,16,0,18,0,1,33,0,34,0,3,49,0,52,32,0,32,84
07/12/2013,ASG,AR,ASW,CE,Federal Contract Tower,0,3,20,0,23,0,5,26,0,31,0,8,46,0,54,10,0,10,64
07/13/2013,ASG,AR,ASW,CE,Federal Contract Tower,0,0,9,0,9,0,8,49,0,57,0,8,58,0,66,46,0,46,112
07/14/2013,ASG,AR,ASW,CE,Federal Contract Tower,0,0,10,0,10,0,6,36,0,42,0,6,46,0,52,8,0,8,60
07/15/2013,ASG,AR,ASW,CE,Federal Contract Tower,0,6,18,0,24,0,2,27,0,29,0,8,45,0,53,28,0,28,81
07/16/2013,ASG,AR,ASW,CE,Federal Contract Tower,0,2,9,0,11,0,4,22,0,26,0,6,31,0,37,52,0,52,89
07/17/2013,ASG,AR,ASW,CE,Federal Contract Tower,0,1,20,0,21,0,10,52,0,62,0,11,72,0,83,32,0,32,115
07/18/2013,ASG,AR,ASW,CE,Federal Contract Tower,0,4,15,0,19,0,3,40,0,43,0,7,55,0,62,16,0,16,78
07/19/2013,ASG,AR,ASW,CE,Federal Contract Tower,0,2,16,0,18,0,0,36,0,36,0,2,52,0,54,40,0,40,94
07/20/2013,ASG,AR,ASW,CE,Federal Contract Tower,0,0,9,0,9,0,7,71,0,78,0,7,80,0,87,30,0,30,117
07/21/2013,ASG,AR,ASW,CE,Federal Contract Tower,0,2,13,0,15,0,2,13,0,15,0,4,26,0,30,0,0,0,30
07/22/2013,ASG,AR,ASW,CE,Federal Contract Tower,0,4,11,0,15,0,1,9,0,10,0,5,20,0,25,0,0,0,25
07/23/2013,ASG,AR,ASW,CE,Federal Contract Tower,0,4,22,0,26,0,2,29,0,31,0,6,51,0,57,26,0,26,83
07/24/2013,ASG,AR,ASW,CE,Federal Contract Tower,0,8,24,0,32,0,2,26,1,29,0,10,50,1,61,12,0,12,73
07/25/2013,ASG,AR,ASW,CE,Federal Contract Tower,0,6,19,0,25,0,5,30,0,35,0,11,49,0,60,28,0,28,88
07/26/2013,ASG,AR,ASW,CE,Federal Contract Tower,0,5,8,0,13,0,0,2,0,2,0,5,10,0,15,20,0,20,35
07/27/2013,ASG,AR,ASW,CE,Federal Contract Tower,0,0,16,0,16,0,0,27,0,27,0,0,43,0,43,28,0,28,71
07/28/2013,ASG,AR,ASW,CE,Federal Contract Tower,0,0,6,0,6,0,6,23,0,29,0,6,29,0,35,16,0,16,51
07/29/2013,ASG,AR,ASW,CE,Federal Contract Tower,0,2,11,0,13,0,2,16,0,18,0,4,27,0,31,50,0,50,81
07/30/2013,ASG,AR,ASW,CE,Federal Contract Tower,0,4,19,0,23,0,2,16,0,18,0,6,35,0,41,8,0,8,49
07/31/2013,ASG,AR,ASW,CE,Federal Contract Tower,0,3,16,0,19,0,0,40,0,40,0,3,56,0,59,26,0,26,85
08/01/2013,ASG,AR,ASW,CE,Federal Contract Tower,0,2,26,0,28,0,0,20,0,20,0,2,46,0,48,0,0,0,48
08/02/2013,ASG,AR,ASW,CE,Federal Contract Tower,0,5,17,0,22,0,4,44,0,48,0,9,61,0,70,100,0,100,170
08/03/2013,ASG,AR,ASW,CE,Federal Contract Tower,0,2,11,0,13,0,13,27,0,40,0,15,38,0,53,38,0,38,91
08/04/2013,ASG,AR,ASW,CE,Federal Contract Tower,0,3,7,0,10,0,1,20,0,21,0,4,27,0,31,40,0,40,71
08/05/2013,ASG,AR,ASW,CE,Federal Contract Tower,0,2,13,0,15,0,2,14,0,16,0,4,27,0,31,0,0,0,31
08/06/2013,ASG,AR,ASW,CE,Federal Contract Tower,0,3,20,0,23,0,1,16,0,17,0,4,36,0,40,44,0,44,84
08/07/2013,ASG,AR,ASW,CE,Federal Contract Tower,0,4,19,0,23,0,3,28,0,31,0,7,47,0,54,42,0,42,96
08/08/2013,ASG,AR,ASW,CE,Federal Contract Tower,0,3,13,0,16,0,0,14,0,14,0,3,27,0,30,18,0,18,48
08/09/2013,ASG,AR,ASW,CE,Federal Contract Tower,0,2,10,0,12,0,2,24,0,26,0,4,34,0,38,22,0,22,60
08/10/2013,ASG,AR,ASW,CE,Federal Contract Tower,0,0,5,0,5,0,1,15,0,16,0,1,20,0,21,10,0,10,31
08/11/2013,ASG,AR,ASW,CE,Federal Contract Tower,0,0,16,0,16,0,3,5,0,8,0,3,21,0,24,2,0,2,26
08/12/2013,ASG,AR,ASW,CE,Federal Contract Tower,0,2,17,0,19,0,3,14,0,17,0,5,31,0,36,16,0,16,52
08/13/2013,ASG,AR,ASW,CE,Federal Contract Tower,0,6,14,0,20,0,0,14,0,14,0,6,28,0,34,20,0,20,54
08/14/2013,ASG,AR,ASW,CE,Federal Contract Tower,0,2,15,0,17,0,1,37,0,38,0,3,52,0,55,18,0,18,73
08/15/2013,ASG,AR,ASW,CE,Federal Contract Tower,0,2,20,0,22,0,5,40,0,45,0,7,60,0,67,18,0,18,85
08/16/2013,ASG,AR,ASW,CE,Federal Contract Tower,0,5,15,0,20,0,1,63,0,64,0,6,78,0,84,42,0,42,126
08/17/2013,ASG,AR,ASW,CE,Federal Contract Tower,0,4,10,0,14,0,6,53,0,59,0,10,63,0,73,40,0,40,113
08/18/2013,ASG,AR,ASW,CE,Federal Contract Tower,0,0,7,0,7,0,7,18,0,25,0,7,25,0,32,30,0,30,62
08/19/2013,ASG,AR,ASW,CE,Federal Contract Tower,0,2,11,0,13,0,2,21,0,23,0,4,32,0,36,22,0,22,58
08/20/2013,ASG,AR,ASW,CE,Federal Contract Tower,0,2,19,0,21,0,1,37,0,38,0,3,56,0,59,70,0,70,129
08/21/2013,ASG,AR,ASW,CE,Federal Contract Tower,0,4,23,0,27,0,2,29,0,31,0,6,52,0,58,0,0,0,58
08/22/2013,ASG,AR,ASW,CE,Federal Contract Tower,0,2,15,0,17,0,2,26,0,28,0,4,41,0,45,6,0,6,51
08/23/2013,ASG,AR,ASW,CE,Federal Contract Tower,0,1,9,0,10,0,1,33,0,34,0,2,42,0,44,66,0,66,110
08/24/2013,ASG,AR,ASW,CE,Federal Contract Tower,0,0,9,0,9,0,5,63,0,68,0,5,72,0,77,28,0,28,105
08/25/2013,ASG,AR,ASW,CE,Federal Contract Tower,0,0,16,0,16,0,4,37,0,41,0,4,53,0,57,20,0,20,77
08/26/2013,ASG,AR,ASW,CE,Federal Contract Tower,0,2,23,0,25,0,2,31,0,33,0,4,54,0,58,6,0,6,64
08/27/2013,ASG,AR,ASW,CE,Federal Contract Tower,0,1,18,0,19,0,5,39,0,44,0,6,57,0,63,26,0,26,89
08/28/2013,ASG,AR,ASW,CE,Federal Contract Tower,0,1,20,0,21,0,8,70,2,80,0,9,90,2,101,56,0,56,157
08/29/2013,ASG,AR,ASW,CE,Federal Contract Tower,0,1,14,0,15,0,1,51,0,52,0,2,65,0,67,26,0,26,93
08/30/2013,ASG,AR,ASW,CE,Federal Contract Tower,0,1,28,0,29,0,3,41,0,44,0,4,69,0,73,22,0,22,95
08/31/2013,ASG,AR,ASW,CE,Federal Contract Tower,0,0,27,0,27,0,3,51,0,54,0,3,78,0,81,44,0,44,125
09/01/2013,ASG,AR,ASW,CE,Federal Contract Tower,0,2,14,0,16,0,12,22,0,34,0,14,36,0,50,18,0,18,68
09/02/2013,ASG,AR,ASW,CE,Federal Contract Tower,0,2,8,0,10,0,0,34,0,34,0,2,42,0,44,22,0,22,66
09/03/2013,ASG,AR,ASW,CE,Federal Contract Tower,0,3,16,0,19,0,0,48,0,48,0,3,64,0,67,74,0,74,141
09/04/2013,ASG,AR,ASW,CE,Federal Contract Tower,0,4,19,0,23,0,1,46,0,47,0,5,65,0,70,28,0,28,98
09/05/2013,ASG,AR,ASW,CE,Federal Contract Tower,0,2,22,0,24,0,2,37,0,39,0,4,59,0,63,16,0,16,79
09/06/2013,ASG,AR,ASW,CE,Federal Contract Tower,0,2,15,0,17,0,0,21,0,21,0,2,36,0,38,0,0,0,38
09/07/2013,ASG,AR,ASW,CE,Federal Contract Tower,0,0,22,0,22,0,4,38,0,42,0,4,60,0,64,24,0,24,88
09/08/2013,ASG,AR,ASW,CE,Federal Contract Tower,0,0,12,0,12,0,1,31,0,32,0,1,43,0,44,34,0,34,78
09/09/2013,ASG,AR,ASW,CE,Federal Contract Tower,0,1,26,0,27,0,2,17,0,19,0,3,43,0,46,30,0,30,76
09/10/2013,ASG,AR,ASW,CE,Federal Contract Tower,0,4,11,0,15,0,1,20,0,21,0,5,31,0,36,52,0,52,88
09/11/2013,ASG,AR,ASW,CE,Federal Contract Tower,0,4,14,0,18,0,7,30,0,37,0,11,44,0,55,42,0,42,97
09/12/2013,ASG,AR,ASW,CE,Federal Contract Tower,0,4,9,0,13,0,1,37,0,38,0,5,46,0,51,18,0,18,69
09/13/2013,ASG,AR,ASW,CE,Federal Contract Tower,0,1,9,0,10,0,2,53,0,55,0,3,62,0,65,36,0,36,101
09/14/2013,ASG,AR,ASW,CE,Federal Contract Tower,0,1,22,0,23,0,4,52,0,56,0,5,74,0,79,36,0,36,115
09/15/2013,ASG,AR,ASW,CE,Federal Contract Tower,0,3,4,0,7,0,6,54,0,60,0,9,58,0,67,64,0,64,131
09/16/2013,ASG,AR,ASW,CE,Federal Contract Tower,0,5,22,0,27,0,2,13,0,15,0,7,35,0,42,0,0,0,42
09/17/2013,ASG,AR,ASW,CE,Federal Contract Tower,0,3,15,0,18,0,4,32,0,36,0,7,47,0,54,14,0,14,68
09/18/2013,ASG,AR,ASW,CE,Federal Contract Tower,0,4,17,0,21,0,4,46,0,50,0,8,63,0,71,52,0,52,123
09/19/2013,ASG,AR,ASW,CE,Federal Contract Tower,0,3,5,0,8,0,0,17,0,17,0,3,22,0,25,0,0,0,25
09/20/2013,ASG,AR,ASW,CE,Federal Contract Tower,0,4,11,0,15,0,5,13,0,18,0,9,24,0,33,0,0,0,33
09/21/2013,ASG,AR,ASW,CE,Federal Contract Tower,0,0,8,0,8,0,9,52,0,61,0,9,60,0,69,42,0,42,111
09/22/2013,ASG,AR,ASW,CE,Federal Contract Tower,0,2,11,0,13,0,2,39,0,41,0,4,50,0,54,56,0,56,110
09/23/2013,ASG,AR,ASW,CE,Federal Contract Tower,0,1,22,0,23,0,1,28,0,29,0,2,50,0,52,30,0,30,82
09/24/2013,ASG,AR,ASW,CE,Federal Contract Tower,0,2,15,0,17,0,4,35,0,39,0,6,50,0,56,20,0,20,76
09/25/2013,ASG,AR,ASW,CE,Federal Contract Tower,0,5,23,0,28,0,1,46,0,47,0,6,69,0,75,82,0,82,157
09/26/2013,ASG,AR,ASW,CE,Federal Contract Tower,0,4,21,0,25,0,2,36,2,40,0,6,57,2,65,4,0,4,69
09/27/2013,ASG,AR,ASW,CE,Federal Contract Tower,0,3,31,0,34,0,4,42,0,46,0,7,73,0,80,44,0,44,124
09/28/2013,ASG,AR,ASW,CE,Federal Contract Tower,0,1,21,0,22,0,1,22,0,23,0,2,43,0,45,58,0,58,103
09/29/2013,ASG,AR,ASW,CE,Federal Contract Tower,0,1,29,0,30,0,3,37,0,40,0,4,66,0,70,72,0,72,142
09/30/2013,ASG,AR,ASW,CE,Federal Contract Tower,0,2,17,0,19,0,3,11,0,14,0,5,28,0,33,16,0,16,49
10/01/2013,ASG,AR,ASW,CE,Federal Contract Tower,0,1,17,0,18,0,2,35,0,37,0,3,52,0,55,38,0,38,93
10/02/2013,ASG,AR,ASW,CE,Federal Contract Tower,0,2,11,0,13,0,8,38,0,46,0,10,49,0,59,54,0,54,113
10/03/2013,ASG,AR,ASW,CE,Federal Contract Tower,0,1,15,0,16,0,3,21,0,24,0,4,36,0,40,10,0,10,50
10/04/2013,ASG,AR,ASW,CE,Federal Contract Tower,0,1,11,0,12,0,3,26,0,29,0,4,37,0,41,28,0,28,69
10/05/2013,ASG,AR,ASW,CE,Federal Contract Tower,0,0,4,0,4,0,0,1,0,1,0,0,5,0,5,0,0,0,5
10/06/2013,ASG,AR,ASW,CE,Federal Contract Tower,0,3,11,0,14,0,0,44,0,44,0,3,55,0,58,30,0,30,88
10/07/2013,ASG,AR,ASW,CE,Federal Contract Tower,0,2,8,0,10,0,0,17,0,17,0,2,25,0,27,34,0,34,61
10/08/2013,ASG,AR,ASW,CE,Federal Contract Tower,0,6,7,0,13,0,11,44,0,55,0,17,51,0,68,52,0,52,120
10/09/2013,ASG,AR,ASW,CE,Federal Contract Tower,0,5,9,0,14,0,0,78,0,78,0,5,87,0,92,52,0,52,144
10/10/2013,ASG,AR,ASW,CE,Federal Contract Tower,0,2,17,0,19,0,0,33,0,33,0,2,50,0,52,12,0,12,64
10/11/2013,ASG,AR,ASW,CE,Federal Contract Tower,0,4,23,0,27,0,2,20,0,22,0,6,43,0,49,28,0,28,77
10/12/2013,ASG,AR,ASW,CE,Federal Contract Tower,0,0,24,0,24,0,2,6,0,8,0,2,30,0,32,2,0,2,34
10/13/2013,ASG,AR,ASW,CE,Federal Contract Tower,0,1,12,0,13,0,0,19,0,19,0,1,31,0,32,20,0,20,52
10/14/2013,ASG,AR,ASW,CE,Federal Contract Tower,0,4,8,0,12,0,2,5,0,7,0,6,13,0,19,12,0,12,31
10/15/2013,ASG,AR,ASW,CE,Federal Contract Tower,0,2,10,0,12,0,0,4,0,4,0,2,14,0,16,0,0,0,16
10/16/2013,ASG,AR,ASW,CE,Federal Contract Tower,0,3,26,0,29,0,2,47,0,49,0,5,73,0,78,20,0,20,98
10/17/2013,ASG,AR,ASW,CE,Federal Contract Tower,0,6,17,0,23,0,3,42,0,45,0,9,59,0,68,20,0,20,88
10/18/2013,ASG,AR,ASW,CE,Federal Contract Tower,0,10,16,0,26,0,9,30,0,39,0,19,46,0,65,12,0,12,77
10/19/2013,ASG,AR,ASW,CE,Federal Contract Tower,0,3,11,0,14,0,5,40,0,45,0,8,51,0,59,42,0,42,101
10/20/2013,ASG,AR,ASW,CE,Federal Contract Tower,0,1,20,0,21,0,0,44,0,44,0,1,64,0,65,14,0,14,79
10/21/2013,ASG,AR,ASW,CE,Federal Contract Tower,0,6,17,0,23,0,4,3,0,7,0,10,20,0,30,0,0,0,30
10/22/2013,ASG,AR,ASW,CE,Federal Contract Tower,0,5,17,0,22,0,2,33,0,35,0,7,50,0,57,16,0,16,73
10/23/2013,ASG,AR,ASW,CE,Federal Contract Tower,0,7,23,0,30,0,5,44,0,49,0,12,67,0,79,26,0,26,105
10/24/2013,ASG,AR,ASW,CE,Federal Contract Tower,0,6,20,0,26,0,4,28,0,32,0,10,48,0,58,10,0,10,68
10/25/2013,ASG,AR,ASW,CE,Federal Contract Tower,0,4,12,0,16,0,2,30,0,32,0,6,42,0,48,14,0,14,62
10/26/2013,ASG,AR,ASW,CE,Federal Contract Tower,0,2,14,0,16,0,6,36,0,42,0,8,50,0,58,14,0,14,72
10/27/2013,ASG,AR,ASW,CE,Federal Contract Tower,0,0,10,0,10,0,6,52,0,58,0,6,62,0,68,38,0,38,106
10/28/2013,ASG,AR,ASW,CE,Federal Contract Tower,0,2,16,0,18,0,4,21,0,25,0,6,37,0,43,20,0,20,63
10/29/2013,ASG,AR,ASW,CE,Federal Contract Tower,0,2,23,0,25,0,4,4,0,8,0,6,27,0,33,10,0,10,43
10/30/2013,ASG,AR,ASW,CE,Federal Contract Tower,0,5,10,0,15,0,0,2,0,2,0,5,12,0,17,4,0,4,21
10/31/2013,ASG,AR,ASW,CE,Federal Contract Tower,0,4,13,0,17,0,3,4,0,7,0,7,17,0,24,0,0,0,24
11/01/2013,ASG,AR,ASW,CE,Federal Contract Tower,0,3,24,0,27,0,5,61,0,66,0,8,85,0,93,14,0,14,107
11/02/2013,ASG,AR,ASW,CE,Federal Contract Tower,0,0,13,0,13,0,1,33,0,34,0,1,46,0,47,8,0,8,55
11/03/2013,ASG,AR,ASW,CE,Federal Contract Tower,0,1,14,0,15,0,0,28,0,28,0,1,42,0,43,6,0,6,49
11/04/2013,ASG,AR,ASW,CE,Federal Contract Tower,0,4,13,0,17,0,0,7,0,7,0,4,20,0,24,2,0,2,26
11/05/2013,ASG,AR,ASW,CE,Federal Contract Tower,0,4,12,0,16,0,0,0,0,0,0,4,12,0,16,0,0,0,16
11/06/2013,ASG,AR,ASW,CE,Federal Contract Tower,0,4,9,0,13,0,0,2,0,2,0,4,11,0,15,0,0,0,15
11/07/2013,ASG,AR,ASW,CE,Federal Contract Tower,0,2,26,0,28,0,2,33,0,35,0,4,59,0,63,10,0,10,73
11/08/2013,ASG,AR,ASW,CE,Federal Contract Tower,0,4,16,0,20,0,1,16,0,17,0,5,32,0,37,4,0,4,41
11/09/2013,ASG,AR,ASW,CE,Federal Contract Tower,0,2,22,0,24,0,5,54,0,59,0,7,76,0,83,40,0,40,123
11/10/2013,ASG,AR,ASW,CE,Federal Contract Tower,0,0,8,0,8,0,1,41,0,42,0,1,49,0,50,8,0,8,58
11/11/2013,ASG,AR,ASW,CE,Federal Contract Tower,0,2,17,0,19,0,0,22,0,22,0,2,39,0,41,16,0,16,57
11/12/2013,ASG,AR,ASW,CE,Federal Contract Tower,0,6,15,0,21,0,4,4,0,8,0,10,19,0,29,0,0,0,29
11/13/2013,ASG,AR,ASW,CE,Federal Contract Tower,0,5,27,0,32,0,4,33,0,37,0,9,60,0,69,26,0,26,95
11/14/2013,ASG,AR,ASW,CE,Federal Contract Tower,0,6,29,0,35,0,1,30,0,31,0,7,59,0,66,4,0,4,70
11/15/2013,ASG,AR,ASW,CE,Federal Contract Tower,0,2,16,0,18,0,0,20,0,20,0,2,36,0,38,0,0,0,38
11/16/2013,ASG,AR,ASW,CE,Federal Contract Tower,0,0,5,0,5,0,0,2,0,2,0,0,7,0,7,0,0,0,7
11/17/2013,ASG,AR,ASW,CE,Federal Contract Tower,0,2,3,0,5,0,0,5,0,5,0,2,8,0,10,0,0,0,10
11/18/2013,ASG,AR,ASW,CE,Federal Contract Tower,0,2,13,0,15,0,0,19,0,19,0,2,32,0,34,34,0,34,68
11/19/2013,ASG,AR,ASW,CE,Federal Contract Tower,0,4,16,0,20,0,2,30,0,32,0,6,46,0,52,38,0,38,90
11/20/2013,ASG,AR,ASW,CE,Federal Contract Tower,0,6,18,0,24,0,0,20,0,20,0,6,38,0,44,4,0,4,48
11/21/2013,ASG,AR,ASW,CE,Federal Contract Tower,0,2,15,0,17,0,0,0,0,0,0,2,15,0,17,0,0,0,17
11/22/2013,ASG,AR,ASW,CE,Federal Contract Tower,0,6,15,0,21,0,0,1,0,1,0,6,16,0,22,0,0,0,22
11/23/2013,ASG,AR,ASW,CE,Federal Contract Tower,0,0,5,0,5,0,0,21,0,21,0,0,26,0,26,0,0,0,26
11/24/2013,ASG,AR,ASW,CE,Federal Contract Tower,0,0,12,0,12,0,6,23,0,29,0,6,35,0,41,0,0,0,41
11/25/2013,ASG,AR,ASW,CE,Federal Contract Tower,0,4,6,0,10,0,0,2,0,2,0,4,8,0,12,0,0,0,12
11/26/2013,ASG,AR,ASW,CE,Federal Contract Tower,0,2,9,0,11,0,0,13,0,13,0,2,22,0,24,18,0,18,42
11/27/2013,ASG,AR,ASW,CE,Federal Contract Tower,0,4,15,0,19,0,0,32,0,32,0,4,47,0,51,8,0,8,59
11/28/2013,ASG,AR,ASW,CE,Federal Contract Tower,0,0,2,0,2,0,0,13,0,13,0,0,15,0,15,8,0,8,23
11/29/2013,ASG,AR,ASW,CE,Federal Contract Tower,0,3,6,0,9,0,0,18,0,18,0,3,24,0,27,24,0,24,51
11/30/2013,ASG,AR,ASW,CE,Federal Contract Tower,0,1,8,0,9,0,1,28,0,29,0,2,36,0,38,2,0,2,40
12/01/2013,ASG,AR,ASW,CE,Federal Contract Tower,0,0,18,0,18,0,2,1,0,3,0,2,19,0,21,0,0,0,21
12/02/2013,ASG,AR,ASW,CE,Federal Contract Tower,0,5,7,0,12,0,0,17,0,17,0,5,24,0,29,18,0,18,47
12/03/2013,ASG,AR,ASW,CE,Federal Contract Tower,0,3,21,0,24,0,0,29,0,29,0,3,50,0,53,16,0,16,69
12/04/2013,ASG,AR,ASW,CE,Federal Contract Tower,0,3,33,0,36,0,3,6,0,9,0,6,39,0,45,16,0,16,61
12/05/2013,ASG,AR,ASW,CE,Federal Contract Tower,0,0,1,0,1,0,0,0,0,0,0,0,1,0,1,0,0,0,1
12/06/2013,ASG,AR,ASW,CE,Federal Contract Tower,0,0,0,0,0,0,0,0,0,0,0,0,0,0,0,0,0,0,0
12/07/2013,ASG,AR,ASW,CE,Federal Contract Tower,0,0,3,0,3,0,9,1,0,10,0,9,4,0,13,0,0,0,13
12/08/2013,ASG,AR,ASW,CE,Federal Contract Tower,0,0,7,0,7,0,0,0,0,0,0,0,7,0,7,0,0,0,7
12/09/2013,ASG,AR,ASW,CE,Federal Contract Tower,0,2,2,0,4,0,1,2,0,3,0,3,4,0,7,20,0,20,27
12/10/2013,ASG,AR,ASW,CE,Federal Contract Tower,0,2,11,0,13,0,0,11,6,17,0,2,22,6,30,20,0,20,50
12/11/2013,ASG,AR,ASW,CE,Federal Contract Tower,0,2,18,0,20,0,0,29,0,29,0,2,47,0,49,56,0,56,105
12/12/2013,ASG,AR,ASW,CE,Federal Contract Tower,0,4,27,0,31,0,3,18,0,21,0,7,45,0,52,14,0,14,66
12/13/2013,ASG,AR,ASW,CE,Federal Contract Tower,0,2,11,0,13,0,0,0,0,0,0,2,11,0,13,0,0,0,13
12/14/2013,ASG,AR,ASW,CE,Federal Contract Tower,0,0,7,0,7,0,0,0,0,0,0,0,7,0,7,0,0,0,7
12/15/2013,ASG,AR,ASW,CE,Federal Contract Tower,0,2,7,0,9,0,0,21,0,21,0,2,28,0,30,18,0,18,48
12/16/2013,ASG,AR,ASW,CE,Federal Contract Tower,0,4,11,0,15,0,0,30,0,30,0,4,41,0,45,24,0,24,69
12/17/2013,ASG,AR,ASW,CE,Federal Contract Tower,0,5,27,0,32,0,2,38,0,40,0,7,65,0,72,16,0,16,88
12/18/2013,ASG,AR,ASW,CE,Federal Contract Tower,0,5,13,0,18,0,7,36,0,43,0,12,49,0,61,20,0,20,81
12/19/2013,ASG,AR,ASW,CE,Federal Contract Tower,0,3,20,0,23,0,0,4,0,4,0,3,24,0,27,0,0,0,27
12/20/2013,ASG,AR,ASW,CE,Federal Contract Tower,0,4,6,0,10,0,0,0,0,0,0,4,6,0,10,0,0,0,10
12/21/2013,ASG,AR,ASW,CE,Federal Contract Tower,0,0,4,0,4,0,0,0,0,0,0,0,4,0,4,0,0,0,4
12/22/2013,ASG,AR,ASW,CE,Federal Contract Tower,0,2,7,0,9,0,0,0,0,0,0,2,7,0,9,0,0,0,9
12/23/2013,ASG,AR,ASW,CE,Federal Contract Tower,0,4,17,0,21,0,0,1,0,1,0,4,18,0,22,0,0,0,22
12/24/2013,ASG,AR,ASW,CE,Federal Contract Tower,0,1,3,0,4,0,1,15,0,16,0,2,18,0,20,0,0,0,20
12/25/2013,ASG,AR,ASW,CE,Federal Contract Tower,0,2,3,0,5,0,5,14,0,19,0,7,17,0,24,0,0,0,24
12/26/2013,ASG,AR,ASW,CE,Federal Contract Tower,0,2,4,0,6,0,3,25,0,28,0,5,29,0,34,0,0,0,34
12/27/2013,ASG,AR,ASW,CE,Federal Contract Tower,0,2,8,0,10,0,6,37,0,43,0,8,45,0,53,32,0,32,85
12/28/2013,ASG,AR,ASW,CE,Federal Contract Tower,0,2,12,0,14,0,5,50,0,55,0,7,62,0,69,18,0,18,87
12/29/2013,ASG,AR,ASW,CE,Federal Contract Tower,0,0,8,0,8,0,0,4,0,4,0,0,12,0,12,6,0,6,18
12/30/2013,ASG,AR,ASW,CE,Federal Contract Tower,0,4,10,0,14,0,0,26,0,26,0,4,36,0,40,14,0,14,54
12/31/2013,ASG,AR,ASW,CE,Federal Contract Tower,0,2,9,0,11,0,2,30,0,32,0,4,39,0,43,32,0,32,75
01/01/2014,ASG,AR,ASW,CE,Federal Contract Tower,0,0,3,0,3,0,4,33,0,37,0,4,36,0,40,22,0,22,62
01/02/2014,ASG,AR,ASW,CE,Federal Contract Tower,0,2,22,0,24,0,0,19,0,19,0,2,41,0,43,10,0,10,53
01/03/2014,ASG,AR,ASW,CE,Federal Contract Tower,0,6,20,0,26,0,12,27,0,39,0,18,47,0,65,16,0,16,81
01/04/2014,ASG,AR,ASW,CE,Federal Contract Tower,0,0,5,0,5,0,0,8,0,8,0,0,13,0,13,18,0,18,31
01/05/2014,ASG,AR,ASW,CE,Federal Contract Tower,0,0,1,0,1,0,0,0,0,0,0,0,1,0,1,0,0,0,1
01/06/2014,ASG,AR,ASW,CE,Federal Contract Tower,0,2,5,0,7,0,4,4,0,8,0,6,9,0,15,0,0,0,15
01/07/2014,ASG,AR,ASW,CE,Federal Contract Tower,0,2,16,0,18,0,2,17,0,19,0,4,33,0,37,6,0,6,43
01/08/2014,ASG,AR,ASW,CE,Federal Contract Tower,0,2,4,0,6,0,0,4,0,4,0,2,8,0,10,0,0,0,10
01/09/2014,ASG,AR,ASW,CE,Federal Contract Tower,0,2,9,0,11,0,0,1,0,1,0,2,10,0,12,0,0,0,12
01/10/2014,ASG,AR,ASW,CE,Federal Contract Tower,0,2,4,0,6,0,4,1,0,5,0,6,5,0,11,0,0,0,11
01/11/2014,ASG,AR,ASW,CE,Federal Contract Tower,0,1,11,0,12,0,4,35,0,39,0,5,46,0,51,54,0,54,105
01/12/2014,ASG,AR,ASW,CE,Federal Contract Tower,0,0,12,0,12,0,2,12,0,14,0,2,24,0,26,0,0,0,26
01/13/2014,ASG,AR,ASW,CE,Federal Contract Tower,0,4,7,0,11,0,2,11,0,13,0,6,18,0,24,48,0,48,72
01/14/2014,ASG,AR,ASW,CE,Federal Contract Tower,0,4,12,0,16,0,0,3,0,3,0,4,15,0,19,16,0,16,35
01/15/2014,ASG,AR,ASW,CE,Federal Contract Tower,0,4,16,0,20,0,0,23,0,23,0,4,39,0,43,34,0,34,77
01/16/2014,ASG,AR,ASW,CE,Federal Contract Tower,0,6,16,0,22,0,4,10,3,17,0,10,26,3,39,0,0,0,39
01/17/2014,ASG,AR,ASW,CE,Federal Contract Tower,0,2,7,0,9,0,6,13,0,19,0,8,20,0,28,46,0,46,74
01/18/2014,ASG,AR,ASW,CE,Federal Contract Tower,0,0,4,0,4,0,0,12,0,12,0,0,16,0,16,6,0,6,22
01/19/2014,ASG,AR,ASW,CE,Federal Contract Tower,0,1,3,0,4,0,0,22,0,22,0,1,25,0,26,50,0,50,76
01/20/2014,ASG,AR,ASW,CE,Federal Contract Tower,0,6,14,0,20,0,0,35,0,35,0,6,49,0,55,56,0,56,111
01/21/2014,ASG,AR,ASW,CE,Federal Contract Tower,0,3,10,0,13,0,0,19,0,19,0,3,29,0,32,34,0,34,66
01/22/2014,ASG,AR,ASW,CE,Federal Contract Tower,0,4,16,0,20,0,0,29,0,29,0,4,45,0,49,30,0,30,79
01/23/2014,ASG,AR,ASW,CE,Federal Contract Tower,0,2,10,0,12,0,2,12,0,14,0,4,22,0,26,2,0,2,28
01/24/2014,ASG,AR,ASW,CE,Federal Contract Tower,0,4,13,0,17,0,2,17,0,19,0,6,30,0,36,16,0,16,52
01/25/2014,ASG,AR,ASW,CE,Federal Contract Tower,0,1,8,0,9,0,10,44,0,54,0,11,52,0,63,22,0,22,85
01/26/2014,ASG,AR,ASW,CE,Federal Contract Tower,0,0,8,0,8,0,6,23,0,29,0,6,31,0,37,14,0,14,51
01/27/2014,ASG,AR,ASW,CE,Federal Contract Tower,0,2,11,0,13,0,0,5,0,5,0,2,16,0,18,0,0,0,18
01/28/2014,ASG,AR,ASW,CE,Federal Contract Tower,0,6,12,0,18,0,3,14,0,17,0,9,26,0,35,22,0,22,57
01/29/2014,ASG,AR,ASW,CE,Federal Contract Tower,0,5,17,0,22,0,1,16,0,17,0,6,33,0,39,20,0,20,59
01/30/2014,ASG,AR,ASW,CE,Federal Contract Tower,0,3,20,0,23,0,1,7,2,10,0,4,27,2,33,0,0,0,33
01/31/2014,ASG,AR,ASW,CE,Federal Contract Tower,0,2,17,0,19,0,0,0,0,0,0,2,17,0,19,0,0,0,19
02/01/2014,ASG,AR,ASW,CE,Federal Contract Tower,0,0,2,0,2,0,0,0,0,0,0,0,2,0,2,0,0,0,2
02/02/2014,ASG,AR,ASW,CE,Federal Contract Tower,0,0,1,0,1,0,0,0,0,0,0,0,1,0,1,0,0,0,1
02/03/2014,ASG,AR,ASW,CE,Federal Contract Tower,0,2,12,0,14,0,6,12,0,18,0,8,24,0,32,0,0,0,32
02/04/2014,ASG,AR,ASW,CE,Federal Contract Tower,0,2,1,0,3,0,0,0,0,0,0,2,1,0,3,0,0,0,3
02/05/2014,ASG,AR,ASW,CE,Federal Contract Tower,0,3,6,0,9,0,3,2,0,5,0,6,8,0,14,2,0,2,16
02/06/2014,ASG,AR,ASW,CE,Federal Contract Tower,0,4,12,0,16,0,2,6,0,8,0,6,18,0,24,10,0,10,34
02/07/2014,ASG,AR,ASW,CE,Federal Contract Tower,0,2,7,0,9,0,2,5,0,7,0,4,12,0,16,2,0,2,18
02/08/2014,ASG,AR,ASW,CE,Federal Contract Tower,0,1,0,0,1,0,0,1,0,1,0,1,1,0,2,0,0,0,2
02/09/2014,ASG,AR,ASW,CE,Federal Contract Tower,0,0,7,0,7,0,0,4,0,4,0,0,11,0,11,16,0,16,27
02/10/2014,ASG,AR,ASW,CE,Federal Contract Tower,0,3,9,0,12,0,4,3,0,7,0,7,12,0,19,0,0,0,19
02/11/2014,ASG,AR,ASW,CE,Federal Contract Tower,0,3,10,0,13,0,0,26,0,26,0,3,36,0,39,6,0,6,45
02/12/2014,ASG,AR,ASW,CE,Federal Contract Tower,0,5,22,0,27,0,4,31,0,35,0,9,53,0,62,34,0,34,96
02/13/2014,ASG,AR,ASW,CE,Federal Contract Tower,0,2,19,0,21,0,5,31,0,36,0,7,50,0,57,20,0,20,77
02/14/2014,ASG,AR,ASW,CE,Federal Contract Tower,0,2,12,0,14,0,0,19,0,19,0,2,31,0,33,0,0,0,33
02/15/2014,ASG,AR,ASW,CE,Federal Contract Tower,0,0,14,1,15,0,1,67,0,68,0,1,81,1,83,34,0,34,117
02/16/2014,ASG,AR,ASW,CE,Federal Contract Tower,0,0,14,0,14,0,6,37,0,43,0,6,51,0,57,0,0,0,57
02/17/2014,ASG,AR,ASW,CE,Federal Contract Tower,0,6,16,0,22,0,0,9,0,9,0,6,25,0,31,0,0,0,31
02/18/2014,ASG,AR,ASW,CE,Federal Contract Tower,0,4,22,0,26,0,1,28,1,30,0,5,50,1,56,12,0,12,68
02/19/2014,ASG,AR,ASW,CE,Federal Contract Tower,0,4,26,0,30,0,1,22,0,23,0,5,48,0,53,18,0,18,71
02/20/2014,ASG,AR,ASW,CE,Federal Contract Tower,0,2,6,0,8,0,2,1,0,3,0,4,7,0,11,0,0,0,11
02/21/2014,ASG,AR,ASW,CE,Federal Contract Tower,0,10,18,0,28,0,5,30,0,35,0,15,48,0,63,34,0,34,97
02/22/2014,ASG,AR,ASW,CE,Federal Contract Tower,0,2,15,0,17,0,1,41,0,42,0,3,56,0,59,10,0,10,69
02/23/2014,ASG,AR,ASW,CE,Federal Contract Tower,0,0,6,0,6,0,7,16,0,23,0,7,22,0,29,14,0,14,43
02/24/2014,ASG,AR,ASW,CE,Federal Contract Tower,0,2,9,0,11,0,2,23,0,25,0,4,32,0,36,6,0,6,42
02/25/2014,ASG,AR,ASW,CE,Federal Contract Tower,0,4,14,0,18,0,0,22,0,22,0,4,36,0,40,46,0,46,86
02/26/2014,ASG,AR,ASW,CE,Federal Contract Tower,0,2,12,0,14,0,0,18,0,18,0,2,30,0,32,28,0,28,60
02/27/2014,ASG,AR,ASW,CE,Federal Contract Tower,0,3,21,0,24,0,3,44,0,47,0,6,65,0,71,48,0,48,119
02/28/2014,ASG,AR,ASW,CE,Federal Contract Tower,0,8,12,0,20,0,0,16,0,16,0,8,28,0,36,0,0,0,36
03/01/2014,ASG,AR,ASW,CE,Federal Contract Tower,0,0,23,0,23,0,7,27,0,34,0,7,50,0,57,58,0,58,115
03/02/2014,ASG,AR,ASW,CE,Federal Contract Tower,0,0,3,0,3,0,0,0,0,0,0,0,3,0,3,0,0,0,3
03/03/2014,ASG,AR,ASW,CE,Federal Contract Tower,0,0,3,0,3,0,1,0,0,1,0,1,3,0,4,10,0,10,14
03/04/2014,ASG,AR,ASW,CE,Federal Contract Tower,0,2,4,0,6,0,0,6,0,6,0,2,10,0,12,0,0,0,12
03/05/2014,ASG,AR,ASW,CE,Federal Contract Tower,0,3,20,0,23,0,0,20,0,20,0,3,40,0,43,10,0,10,53
03/06/2014,ASG,AR,ASW,CE,Federal Contract Tower,0,2,21,0,23,0,3,47,0,50,0,5,68,0,73,10,0,10,83
03/07/2014,ASG,AR,ASW,CE,Federal Contract Tower,0,2,25,0,27,0,4,28,0,32,0,6,53,0,59,30,0,30,89
03/08/2014,ASG,AR,ASW,CE,Federal Contract Tower,0,2,6,0,8,0,3,5,0,8,0,5,11,0,16,6,0,6,22
03/09/2014,ASG,AR,ASW,CE,Federal Contract Tower,0,5,7,0,12,0,2,33,0,35,0,7,40,0,47,24,0,24,71
03/10/2014,ASG,AR,ASW,CE,Federal Contract Tower,0,6,3,0,9,0,3,12,0,15,0,9,15,0,24,6,0,6,30
03/11/2014,ASG,AR,ASW,CE,Federal Contract Tower,0,2,10,0,12,0,4,27,0,31,0,6,37,0,43,34,0,34,77
03/12/2014,ASG,AR,ASW,CE,Federal Contract Tower,0,2,22,0,24,0,2,21,0,23,0,4,43,0,47,20,0,20,67
03/13/2014,ASG,AR,ASW,CE,Federal Contract Tower,0,6,30,0,36,0,3,28,0,31,0,9,58,0,67,46,0,46,113
03/14/2014,ASG,AR,ASW,CE,Federal Contract Tower,0,4,17,0,21,0,1,33,0,34,0,5,50,0,55,76,0,76,131
03/15/2014,ASG,AR,ASW,CE,Federal Contract Tower,0,0,10,0,10,0,9,21,0,30,0,9,31,0,40,30,0,30,70
03/16/2014,ASG,AR,ASW,CE,Federal Contract Tower,0,0,6,0,6,0,0,0,0,0,0,0,6,0,6,0,0,0,6
03/17/2014,ASG,AR,ASW,CE,Federal Contract Tower,0,3,14,0,17,0,0,32,0,32,0,3,46,0,49,100,0,100,149
03/18/2014,ASG,AR,ASW,CE,Federal Contract Tower,0,2,7,0,9,0,1,10,0,11,0,3,17,0,20,2,0,2,22
03/19/2014,ASG,AR,ASW,CE,Federal Contract Tower,0,2,27,0,29,0,0,33,0,33,0,2,60,0,62,40,0,40,102
03/20/2014,ASG,AR,ASW,CE,Federal Contract Tower,0,2,15,0,17,0,0,50,0,50,0,2,65,0,67,68,0,68,135
03/21/2014,ASG,AR,ASW,CE,Federal Contract Tower,0,2,16,0,18,0,2,27,0,29,0,4,43,0,47,24,0,24,71
03/22/2014,ASG,AR,ASW,CE,Federal Contract Tower,0,2,12,0,14,0,4,24,0,28,0,6,36,0,42,28,0,28,70
03/23/2014,ASG,AR,ASW,CE,Federal Contract Tower,0,1,11,0,12,0,6,11,0,17,0,7,22,0,29,34,0,34,63
03/24/2014,ASG,AR,ASW,CE,Federal Contract Tower,0,2,9,0,11,0,0,28,0,28,0,2,37,0,39,46,0,46,85
03/25/2014,ASG,AR,ASW,CE,Federal Contract Tower,0,2,13,0,15,0,2,33,0,35,0,4,46,0,50,34,0,34,84
03/26/2014,ASG,AR,ASW,CE,Federal Contract Tower,0,10,19,0,29,0,2,9,0,11,0,12,28,0,40,12,0,12,52
03/27/2014,ASG,AR,ASW,CE,Federal Contract Tower,0,3,14,0,17,0,0,0,0,0,0,3,14,0,17,0,0,0,17
03/28/2014,ASG,AR,ASW,CE,Federal Contract Tower,0,4,16,0,20,0,2,8,0,10,0,6,24,0,30,0,0,0,30
03/29/2014,ASG,AR,ASW,CE,Federal Contract Tower,0,0,22,0,22,0,3,61,0,64,0,3,83,0,86,60,0,60,146
03/30/2014,ASG,AR,ASW,CE,Federal Contract Tower,0,0,13,0,13,0,4,26,0,30,0,4,39,0,43,0,0,0,43
03/31/2014,ASG,AR,ASW,CE,Federal Contract Tower,0,3,7,0,10,0,1,6,0,7,0,4,13,0,17,4,0,4,21
04/01/2014,ASG,AR,ASW,CE,Federal Contract Tower,0,3,22,0,25,0,0,19,0,19,0,3,41,0,44,40,0,40,84
04/02/2014,ASG,AR,ASW,CE,Federal Contract Tower,0,1,8,0,9,0,1,14,0,15,0,2,22,0,24,32,0,32,56
04/03/2014,ASG,AR,ASW,CE,Federal Contract Tower,0,3,8,0,11,0,4,3,0,7,0,7,11,0,18,16,0,16,34
04/04/2014,ASG,AR,ASW,CE,Federal Contract Tower,0,0,21,0,21,0,1,31,0,32,0,1,52,0,53,0,0,0,53
04/05/2014,ASG,AR,ASW,CE,Federal Contract Tower,0,1,9,0,10,0,0,57,0,57,0,1,66,0,67,74,0,74,141
04/06/2014,ASG,AR,ASW,CE,Federal Contract Tower,0,1,12,0,13,0,0,15,0,15,0,1,27,0,28,28,0,28,56
04/07/2014,ASG,AR,ASW,CE,Federal Contract Tower,0,3,7,0,10,0,1,7,0,8,0,4,14,0,18,0,0,0,18
04/08/2014,ASG,AR,ASW,CE,Federal Contract Tower,0,6,11,0,17,0,4,18,0,22,0,10,29,0,39,10,0,10,49
04/09/2014,ASG,AR,ASW,CE,Federal Contract Tower,0,4,27,0,31,0,2,48,0,50,0,6,75,0,81,66,0,66,147
04/10/2014,ASG,AR,ASW,CE,Federal Contract Tower,0,3,13,0,16,0,8,22,0,30,0,11,35,0,46,0,0,0,46
04/11/2014,ASG,AR,ASW,CE,Federal Contract Tower,0,6,27,0,33,0,0,49,0,49,0,6,76,0,82,30,0,30,112
04/12/2014,ASG,AR,ASW,CE,Federal Contract Tower,0,0,22,0,22,0,0,36,0,36,0,0,58,0,58,18,0,18,76
04/13/2014,ASG,AR,ASW,CE,Federal Contract Tower,0,3,7,0,10,0,2,0,0,2,0,5,7,0,12,0,0,0,12
04/14/2014,ASG,AR,ASW,CE,Federal Contract Tower,0,2,12,0,14,0,0,4,0,4,0,2,16,0,18,0,0,0,18
04/15/2014,ASG,AR,ASW,CE,Federal Contract Tower,0,2,19,0,21,0,0,38,0,38,0,2,57,0,59,38,0,38,97
04/16/2014,ASG,AR,ASW,CE,Federal Contract Tower,0,2,20,0,22,0,9,28,2,39,0,11,48,2,61,20,2,22,83
04/17/2014,ASG,AR,ASW,CE,Federal Contract Tower,0,3,15,0,18,0,0,22,0,22,0,3,37,0,40,0,0,0,40
04/18/2014,ASG,AR,ASW,CE,Federal Contract Tower,0,4,25,0,29,0,4,65,0,69,0,8,90,0,98,24,0,24,122
04/19/2014,ASG,AR,ASW,CE,Federal Contract Tower,0,0,17,0,17,0,0,39,0,39,0,0,56,0,56,18,0,18,74
04/20/2014,ASG,AR,ASW,CE,Federal Contract Tower,0,2,21,0,23,0,0,16,0,16,0,2,37,0,39,2,0,2,41
04/21/2014,ASG,AR,ASW,CE,Federal Contract Tower,0,3,15,0,18,0,1,2,0,3,0,4,17,0,21,0,0,0,21
04/22/2014,ASG,AR,ASW,CE,Federal Contract Tower,0,2,15,0,17,0,2,40,0,42,0,4,55,0,59,66,0,66,125
04/23/2014,ASG,AR,ASW,CE,Federal Contract Tower,0,4,32,0,36,0,6,47,0,53,0,10,79,0,89,24,0,24,113
04/24/2014,ASG,AR,ASW,CE,Federal Contract Tower,0,2,15,0,17,0,2,6,0,8,0,4,21,0,25,0,0,0,25
04/25/2014,ASG,AR,ASW,CE,Federal Contract Tower,0,2,12,0,14,0,2,60,0,62,0,4,72,0,76,30,0,30,106
04/26/2014,ASG,AR,ASW,CE,Federal Contract Tower,0,0,8,0,8,0,2,43,0,45,0,2,51,0,53,28,0,28,81
04/27/2014,ASG,AR,ASW,CE,Federal Contract Tower,0,0,7,0,7,0,1,0,0,1,0,1,7,0,8,0,0,0,8
04/28/2014,ASG,AR,ASW,CE,Federal Contract Tower,0,2,15,0,17,0,1,10,0,11,0,3,25,0,28,4,0,4,32
04/29/2014,ASG,AR,ASW,CE,Federal Contract Tower,0,2,30,0,32,0,0,16,0,16,0,2,46,0,48,0,0,0,48
04/30/2014,ASG,AR,ASW,CE,Federal Contract Tower,0,6,20,0,26,0,0,11,0,11,0,6,31,0,37,12,0,12,49
05/01/2014,ASG,AR,ASW,CE,Federal Contract Tower,0,4,22,0,26,0,2,44,0,46,0,6,66,0,72,62,0,62,134
05/02/2014,ASG,AR,ASW,CE,Federal Contract Tower,0,5,4,0,9,0,4,32,0,36,0,9,36,0,45,6,0,6,51
05/03/2014,ASG,AR,ASW,CE,Federal Contract Tower,0,2,14,0,16,0,3,55,0,58,0,5,69,0,74,50,0,50,124
05/04/2014,ASG,AR,ASW,CE,Federal Contract Tower,0,0,4,0,4,0,2,20,0,22,0,2,24,0,26,38,0,38,64
05/05/2014,ASG,AR,ASW,CE,Federal Contract Tower,0,2,19,0,21,0,0,27,0,27,0,2,46,0,48,26,0,26,74
05/06/2014,ASG,AR,ASW,CE,Federal Contract Tower,0,4,14,0,18,0,1,20,0,21,0,5,34,0,39,22,0,22,61
05/07/2014,ASG,AR,ASW,CE,Federal Contract Tower,0,2,23,0,25,0,9,40,0,49,0,11,63,0,74,32,0,32,106
05/08/2014,ASG,AR,ASW,CE,Federal Contract Tower,0,4,16,0,20,0,4,8,0,12,0,8,24,0,32,8,0,8,40
05/09/2014,ASG,AR,ASW,CE,Federal Contract Tower,0,8,28,0,36,0,2,26,0,28,0,10,54,0,64,46,0,46,110
05/10/2014,ASG,AR,ASW,CE,Federal Contract Tower,0,3,7,0,10,0,0,55,0,55,0,3,62,0,65,40,0,40,105
05/11/2014,ASG,AR,ASW,CE,Federal Contract Tower,0,2,4,0,6,0,4,11,0,15,0,6,15,0,21,6,0,6,27
05/12/2014,ASG,AR,ASW,CE,Federal Contract Tower,0,2,15,0,17,0,0,16,0,16,0,2,31,0,33,28,0,28,61
05/13/2014,ASG,AR,ASW,CE,Federal Contract Tower,0,2,18,0,20,0,1,9,0,10,0,3,27,0,30,40,0,40,70
05/14/2014,ASG,AR,ASW,CE,Federal Contract Tower,0,6,9,0,15,0,0,2,0,2,0,6,11,0,17,24,0,24,41
05/15/2014,ASG,AR,ASW,CE,Federal Contract Tower,0,2,25,0,27,0,2,46,0,48,0,4,71,0,75,28,0,28,103
05/16/2014,ASG,AR,ASW,CE,Federal Contract Tower,0,7,12,0,19,0,1,40,0,41,0,8,52,0,60,36,0,36,96
05/17/2014,ASG,AR,ASW,CE,Federal Contract Tower,0,2,11,0,13,0,0,16,0,16,0,2,27,0,29,12,0,12,41
05/18/2014,ASG,AR,ASW,CE,Federal Contract Tower,0,2,12,0,14,0,4,31,0,35,0,6,43,0,49,30,0,30,79
05/19/2014,ASG,AR,ASW,CE,Federal Contract Tower,0,5,17,0,22,0,0,23,0,23,0,5,40,0,45,15,0,15,60
05/20/2014,ASG,AR,ASW,CE,Federal Contract Tower,0,2,19,0,21,0,2,39,0,41,0,4,58,0,62,20,0,20,82
05/21/2014,ASG,AR,ASW,CE,Federal Contract Tower,0,7,17,0,24,0,2,33,0,35,0,9,50,0,59,30,0,30,89
05/22/2014,ASG,AR,ASW,CE,Federal Contract Tower,0,4,27,0,31,0,2,41,0,43,0,6,68,0,74,28,0,28,102
05/23/2014,ASG,AR,ASW,CE,Federal Contract Tower,0,2,14,0,16,0,0,31,0,31,0,2,45,0,47,28,0,28,75
05/24/2014,ASG,AR,ASW,CE,Federal Contract Tower,0,2,11,0,13,0,7,42,0,49,0,9,53,0,62,38,0,38,100
05/25/2014,ASG,AR,ASW,CE,Federal Contract Tower,0,0,6,0,6,0,4,22,0,26,0,4,28,0,32,2,0,2,34
05/26/2014,ASG,AR,ASW,CE,Federal Contract Tower,0,0,8,0,8,0,0,27,0,27,0,0,35,0,35,26,0,26,61
05/27/2014,ASG,AR,ASW,CE,Federal Contract Tower,0,2,16,0,18,0,1,19,0,20,0,3,35,0,38,18,0,18,56
05/28/2014,ASG,AR,ASW,CE,Federal Contract Tower,0,2,29,0,31,0,2,26,2,30,0,4,55,2,61,18,0,18,79
05/29/2014,ASG,AR,ASW,CE,Federal Contract Tower,0,2,18,0,20,0,3,12,0,15,0,5,30,0,35,6,0,6,41
05/30/2014,ASG,AR,ASW,CE,Federal Contract Tower,0,3,16,1,20,0,2,15,1,18,0,5,31,2,38,28,0,28,66
05/31/2014,ASG,AR,ASW,CE,Federal Contract Tower,0,0,2,0,2,0,5,23,0,28,0,5,25,0,30,54,0,54,84
06/01/2014,ASG,AR,ASW,CE,Federal Contract Tower,0,0,3,0,3,0,2,16,0,18,0,2,19,0,21,2,0,2,23
06/02/2014,ASG,AR,ASW,CE,Federal Contract Tower,0,3,19,0,22,0,1,10,0,11,0,4,29,0,33,42,0,42,75
06/03/2014,ASG,AR,ASW,CE,Federal Contract Tower,0,2,19,0,21,0,4,33,0,37,0,6,52,0,58,58,0,58,116
06/04/2014,ASG,AR,ASW,CE,Federal Contract Tower,0,6,31,0,37,0,4,45,0,49,0,10,76,0,86,22,0,22,108
06/05/2014,ASG,AR,ASW,CE,Federal Contract Tower,0,4,14,0,18,0,0,27,0,27,0,4,41,0,45,62,0,62,107
06/06/2014,ASG,AR,ASW,CE,Federal Contract Tower,0,2,8,0,10,0,3,11,0,14,0,5,19,0,24,12,0,12,36
06/07/2014,ASG,AR,ASW,CE,Federal Contract Tower,0,0,20,0,20,0,1,3,0,4,0,1,23,0,24,0,0,0,24
06/08/2014,ASG,AR,ASW,CE,Federal Contract Tower,0,0,8,0,8,0,2,7,0,9,0,2,15,0,17,12,0,12,29
06/09/2014,ASG,AR,ASW,CE,Federal Contract Tower,0,2,13,0,15,0,1,0,0,1,0,3,13,0,16,0,0,0,16
06/10/2014,ASG,AR,ASW,CE,Federal Contract Tower,0,2,17,0,19,0,2,9,0,11,0,4,26,0,30,0,0,0,30
06/11/2014,ASG,AR,ASW,CE,Federal Contract Tower,0,4,25,0,29,0,13,63,0,76,0,17,88,0,105,84,0,84,189
06/12/2014,ASG,AR,ASW,CE,Federal Contract Tower,0,4,17,0,21,0,3,21,0,24,0,7,38,0,45,52,0,52,97
06/13/2014,ASG,AR,ASW,CE,Federal Contract Tower,0,3,21,0,24,0,0,52,0,52,0,3,73,0,76,86,0,86,162
06/14/2014,ASG,AR,ASW,CE,Federal Contract Tower,0,2,12,0,14,0,5,22,0,27,0,7,34,0,41,0,0,0,41
06/15/2014,ASG,AR,ASW,CE,Federal Contract Tower,0,2,12,0,14,0,1,12,0,13,0,3,24,0,27,0,0,0,27
06/16/2014,ASG,AR,ASW,CE,Federal Contract Tower,0,2,27,0,29,0,0,34,0,34,0,2,61,0,63,72,0,72,135
06/17/2014,ASG,AR,ASW,CE,Federal Contract Tower,0,2,22,0,24,0,4,17,0,21,0,6,39,0,45,18,0,18,63
06/18/2014,ASG,AR,ASW,CE,Federal Contract Tower,0,4,26,0,30,0,5,21,0,26,0,9,47,0,56,4,0,4,60
06/19/2014,ASG,AR,ASW,CE,Federal Contract Tower,0,2,25,0,27,0,4,29,0,33,0,6,54,0,60,6,0,6,66
06/20/2014,ASG,AR,ASW,CE,Federal Contract Tower,0,2,23,0,25,0,1,25,0,26,0,3,48,0,51,22,0,22,73
06/21/2014,ASG,AR,ASW,CE,Federal Contract Tower,0,0,11,0,11,0,2,44,0,46,0,2,55,0,57,58,0,58,115
06/22/2014,ASG,AR,ASW,CE,Federal Contract Tower,0,0,19,0,19,0,4,31,0,35,0,4,50,0,54,12,0,12,66
06/23/2014,ASG,AR,ASW,CE,Federal Contract Tower,0,3,19,0,22,0,2,6,0,8,0,5,25,0,30,8,0,8,38
06/24/2014,ASG,AR,ASW,CE,Federal Contract Tower,0,5,23,0,28,0,2,36,0,38,0,7,59,0,66,32,0,32,98
06/25/2014,ASG,AR,ASW,CE,Federal Contract Tower,0,4,19,0,23,0,2,19,0,21,0,6,38,0,44,2,0,2,46
06/26/2014,ASG,AR,ASW,CE,Federal Contract Tower,0,2,25,0,27,0,3,29,0,32,0,5,54,0,59,56,0,56,115
06/27/2014,ASG,AR,ASW,CE,Federal Contract Tower,0,3,17,0,20,0,6,31,0,37,0,9,48,0,57,62,0,62,119
06/28/2014,ASG,AR,ASW,CE,Federal Contract Tower,0,0,22,0,22,0,6,17,0,23,0,6,39,0,45,0,0,0,45
06/29/2014,ASG,AR,ASW,CE,Federal Contract Tower,0,0,16,0,16,0,0,36,0,36,0,0,52,0,52,14,0,14,66
06/30/2014,ASG,AR,ASW,CE,Federal Contract Tower,0,3,23,0,26,0,0,22,0,22,0,3,45,0,48,4,0,4,52
07/01/2014,ASG,AR,ASW,CE,Federal Contract Tower,0,2,22,0,24,0,4,29,0,33,0,6,51,0,57,44,0,44,101
07/02/2014,ASG,AR,ASW,CE,Federal Contract Tower,0,2,19,0,21,0,0,50,0,50,0,2,69,0,71,14,0,14,85
07/03/2014,ASG,AR,ASW,CE,Federal Contract Tower,0,2,20,0,22,0,4,80,0,84,0,6,100,0,106,84,0,84,190
07/04/2014,ASG,AR,ASW,CE,Federal Contract Tower,0,0,3,0,3,0,2,28,0,30,0,2,31,0,33,30,0,30,63
07/05/2014,ASG,AR,ASW,CE,Federal Contract Tower,0,0,25,0,25,0,1,25,0,26,0,1,50,0,51,16,0,16,67
07/06/2014,ASG,AR,ASW,CE,Federal Contract Tower,0,2,19,0,21,0,0,39,0,39,0,2,58,0,60,28,0,28,88
07/07/2014,ASG,AR,ASW,CE,Federal Contract Tower,0,2,23,0,25,0,0,31,0,31,0,2,54,0,56,20,0,20,76
07/08/2014,ASG,AR,ASW,CE,Federal Contract Tower,0,2,13,0,15,0,1,34,0,35,0,3,47,0,50,16,0,16,66
07/09/2014,ASG,AR,ASW,CE,Federal Contract Tower,0,6,17,0,23,0,8,39,0,47,0,14,56,0,70,20,0,20,90
07/10/2014,ASG,AR,ASW,CE,Federal Contract Tower,0,2,21,0,23,0,7,34,0,41,0,9,55,0,64,22,0,22,86
07/11/2014,ASG,AR,ASW,CE,Federal Contract Tower,0,2,22,0,24,0,2,33,0,35,0,4,55,0,59,30,0,30,89
07/12/2014,ASG,AR,ASW,CE,Federal Contract Tower,0,1,15,0,16,0,4,47,0,51,0,5,62,0,67,28,0,28,95
07/13/2014,ASG,AR,ASW,CE,Federal Contract Tower,0,1,11,0,12,0,0,17,0,17,0,1,28,0,29,0,0,0,29
07/14/2014,ASG,AR,ASW,CE,Federal Contract Tower,0,2,24,0,26,0,3,20,0,23,0,5,44,0,49,12,0,12,61
07/15/2014,ASG,AR,ASW,CE,Federal Contract Tower,0,2,26,0,28,0,0,39,0,39,0,2,65,0,67,44,0,44,111
07/16/2014,ASG,AR,ASW,CE,Federal Contract Tower,0,2,29,0,31,0,4,52,0,56,0,6,81,0,87,46,0,46,133
07/17/2014,ASG,AR,ASW,CE,Federal Contract Tower,0,3,29,0,32,0,2,16,0,18,0,5,45,0,50,6,0,6,56
07/18/2014,ASG,AR,ASW,CE,Federal Contract Tower,0,3,25,4,32,0,2,38,0,40,0,5,63,4,72,46,0,46,118
07/19/2014,ASG,AR,ASW,CE,Federal Contract Tower,0,0,13,0,13,0,3,44,0,47,0,3,57,0,60,38,0,38,98
07/20/2014,ASG,AR,ASW,CE,Federal Contract Tower,0,0,22,0,22,0,1,50,0,51,0,1,72,0,73,46,0,46,119
07/21/2014,ASG,AR,ASW,CE,Federal Contract Tower,0,2,13,0,15,0,1,38,0,39,0,3,51,0,54,56,0,56,110
07/22/2014,ASG,AR,ASW,CE,Federal Contract Tower,0,3,21,0,24,0,4,43,0,47,0,7,64,0,71,4,0,4,75
07/23/2014,ASG,AR,ASW,CE,Federal Contract Tower,0,3,13,0,16,0,4,16,0,20,0,7,29,0,36,26,0,26,62
07/24/2014,ASG,AR,ASW,CE,Federal Contract Tower,0,2,22,0,24,0,11,41,0,52,0,13,63,0,76,34,0,34,110
07/25/2014,ASG,AR,ASW,CE,Federal Contract Tower,0,2,14,0,16,0,4,32,0,36,0,6,46,0,52,22,0,22,74
07/26/2014,ASG,AR,ASW,CE,Federal Contract Tower,0,2,13,0,15,0,2,28,0,30,0,4,41,0,45,6,0,6,51
07/27/2014,ASG,AR,ASW,CE,Federal Contract Tower,0,1,13,0,14,0,5,21,0,26,0,6,34,0,40,4,0,4,44
07/28/2014,ASG,AR,ASW,CE,Federal Contract Tower,0,5,30,0,35,0,0,31,0,31,0,5,61,0,66,12,0,12,78
07/29/2014,ASG,AR,ASW,CE,Federal Contract Tower,0,4,16,0,20,0,6,36,0,42,0,10,52,0,62,44,0,44,106
07/30/2014,ASG,AR,ASW,CE,Federal Contract Tower,0,3,20,0,23,0,0,1,0,1,0,3,21,0,24,0,0,0,24
07/31/2014,ASG,AR,ASW,CE,Federal Contract Tower,0,2,20,0,22,0,0,3,0,3,0,2,23,0,25,0,0,0,25
08/01/2014,ASG,AR,ASW,CE,Federal Contract Tower,0,2,22,0,24,0,0,43,0,43,0,2,65,0,67,6,0,6,73
08/02/2014,ASG,AR,ASW,CE,Federal Contract Tower,0,3,9,0,12,0,0,28,0,28,0,3,37,0,40,42,0,42,82
08/03/2014,ASG,AR,ASW,CE,Federal Contract Tower,0,1,17,0,18,0,0,63,0,63,0,1,80,0,81,42,0,42,123
08/04/2014,ASG,AR,ASW,CE,Federal Contract Tower,0,3,22,0,25,0,2,36,0,38,0,5,58,0,63,4,0,4,67
08/05/2014,ASG,AR,ASW,CE,Federal Contract Tower,0,4,21,0,25,0,1,58,0,59,0,5,79,0,84,54,0,54,138
08/06/2014,ASG,AR,ASW,CE,Federal Contract Tower,0,2,16,0,18,0,5,28,0,33,0,7,44,0,51,0,0,0,51
08/07/2014,ASG,AR,ASW,CE,Federal Contract Tower,0,7,16,0,23,0,7,20,0,27,0,14,36,0,50,2,0,2,52
08/08/2014,ASG,AR,ASW,CE,Federal Contract Tower,0,2,14,0,16,0,4,18,0,22,0,6,32,0,38,32,0,32,70
08/09/2014,ASG,AR,ASW,CE,Federal Contract Tower,0,0,4,0,4,0,2,16,0,18,0,2,20,0,22,18,0,18,40
08/10/2014,ASG,AR,ASW,CE,Federal Contract Tower,0,2,8,0,10,0,0,39,0,39,0,2,47,0,49,78,0,78,127
08/11/2014,ASG,AR,ASW,CE,Federal Contract Tower,0,3,23,0,26,0,4,16,0,20,0,7,39,0,46,18,0,18,64
08/12/2014,ASG,AR,ASW,CE,Federal Contract Tower,0,7,26,0,33,0,0,52,0,52,0,7,78,0,85,30,0,30,115
08/13/2014,ASG,AR,ASW,CE,Federal Contract Tower,0,6,20,0,26,0,3,57,0,60,0,9,77,0,86,74,0,74,160
08/14/2014,ASG,AR,ASW,CE,Federal Contract Tower,0,5,22,2,29,0,6,50,0,56,0,11,72,2,85,28,0,28,113
08/15/2014,ASG,AR,ASW,CE,Federal Contract Tower,0,5,17,0,22,0,5,30,0,35,0,10,47,0,57,76,0,76,133
08/16/2014,ASG,AR,ASW,CE,Federal Contract Tower,0,0,7,0,7,0,3,36,0,39,0,3,43,0,46,32,0,32,78
08/17/2014,ASG,AR,ASW,CE,Federal Contract Tower,0,4,5,0,9,0,1,36,0,37,0,5,41,0,46,8,0,8,54
08/18/2014,ASG,AR,ASW,CE,Federal Contract Tower,0,3,8,0,11,0,0,16,0,16,0,3,24,0,27,16,0,16,43
08/19/2014,ASG,AR,ASW,CE,Federal Contract Tower,0,4,16,0,20,0,3,47,0,50,0,7,63,0,70,18,0,18,88
08/20/2014,ASG,AR,ASW,CE,Federal Contract Tower,0,2,18,0,20,0,6,39,0,45,0,8,57,0,65,46,0,46,111
08/21/2014,ASG,AR,ASW,CE,Federal Contract Tower,0,2,32,0,34,0,7,47,0,54,0,9,79,0,88,84,0,84,172
08/22/2014,ASG,AR,ASW,CE,Federal Contract Tower,0,2,33,0,35,0,4,53,0,57,0,6,86,0,92,28,0,28,120
08/23/2014,ASG,AR,ASW,CE,Federal Contract Tower,0,0,24,0,24,0,2,46,0,48,0,2,70,0,72,46,0,46,118
08/24/2014,ASG,AR,ASW,CE,Federal Contract Tower,0,0,8,0,8,0,1,26,0,27,0,1,34,0,35,24,0,24,59
08/25/2014,ASG,AR,ASW,CE,Federal Contract Tower,0,2,13,0,15,0,0,18,0,18,0,2,31,0,33,38,0,38,71
08/26/2014,ASG,AR,ASW,CE,Federal Contract Tower,0,3,23,0,26,0,3,32,0,35,0,6,55,0,61,34,0,34,95
08/27/2014,ASG,AR,ASW,CE,Federal Contract Tower,0,2,13,0,15,0,2,40,0,42,0,4,53,0,57,54,0,54,111
08/28/2014,ASG,AR,ASW,CE,Federal Contract Tower,0,2,17,0,19,0,2,51,0,53,0,4,68,0,72,48,0,48,120
08/29/2014,ASG,AR,ASW,CE,Federal Contract Tower,0,4,29,0,33,0,0,13,0,13,0,4,42,0,46,8,0,8,54
08/30/2014,ASG,AR,ASW,CE,Federal Contract Tower,0,0,8,0,8,0,4,2,0,6,0,4,10,0,14,0,0,0,14
08/31/2014,ASG,AR,ASW,CE,Federal Contract Tower,0,1,14,0,15,0,4,18,0,22,0,5,32,0,37,0,0,0,37
09/01/2014,ASG,AR,ASW,CE,Federal Contract Tower,0,0,13,0,13,0,3,19,0,22,0,3,32,0,35,10,0,10,45
09/02/2014,ASG,AR,ASW,CE,Federal Contract Tower,0,3,10,0,13,0,3,15,0,18,0,6,25,0,31,10,0,10,41
09/03/2014,ASG,AR,ASW,CE,Federal Contract Tower,0,3,28,0,31,0,2,37,0,39,0,5,65,0,70,44,0,44,114
09/04/2014,ASG,AR,ASW,CE,Federal Contract Tower,0,2,29,0,31,0,2,53,0,55,0,4,82,0,86,46,0,46,132
09/05/2014,ASG,AR,ASW,CE,Federal Contract Tower,0,3,19,0,22,0,2,41,0,43,0,5,60,0,65,66,0,66,131
09/06/2014,ASG,AR,ASW,CE,Federal Contract Tower,0,3,22,0,25,0,0,0,0,0,0,3,22,0,25,0,0,0,25
09/07/2014,ASG,AR,ASW,CE,Federal Contract Tower,0,1,13,0,14,0,2,29,0,31,0,3,42,0,45,46,0,46,91
09/08/2014,ASG,AR,ASW,CE,Federal Contract Tower,0,2,15,0,17,0,0,8,0,8,0,2,23,0,25,14,0,14,39
09/09/2014,ASG,AR,ASW,CE,Federal Contract Tower,0,3,8,0,11,0,3,35,2,40,0,6,43,2,51,12,0,12,63
09/10/2014,ASG,AR,ASW,CE,Federal Contract Tower,0,4,18,0,22,0,4,19,2,25,0,8,37,2,47,8,0,8,55
09/11/2014,ASG,AR,ASW,CE,Federal Contract Tower,0,2,26,0,28,0,4,2,0,6,0,6,28,0,34,8,0,8,42
09/12/2014,ASG,AR,ASW,CE,Federal Contract Tower,0,2,22,0,24,0,0,5,0,5,0,2,27,0,29,0,0,0,29
09/13/2014,ASG,AR,ASW,CE,Federal Contract Tower,0,0,7,0,7,0,0,48,0,48,0,0,55,0,55,60,0,60,115
09/14/2014,ASG,AR,ASW,CE,Federal Contract Tower,0,0,9,0,9,0,1,39,0,40,0,1,48,0,49,60,0,60,109
09/15/2014,ASG,AR,ASW,CE,Federal Contract Tower,0,2,21,0,23,0,3,21,0,24,0,5,42,0,47,18,0,18,65
09/16/2014,ASG,AR,ASW,CE,Federal Contract Tower,0,2,24,0,26,0,0,2,0,2,0,2,26,0,28,16,0,16,44
09/17/2014,ASG,AR,ASW,CE,Federal Contract Tower,0,4,13,0,17,0,5,11,0,16,0,9,24,0,33,12,0,12,45
09/18/2014,ASG,AR,ASW,CE,Federal Contract Tower,0,4,26,0,30,0,1,19,0,20,0,5,45,0,50,26,0,26,76
09/19/2014,ASG,AR,ASW,CE,Federal Contract Tower,0,5,31,0,36,0,1,35,0,36,0,6,66,0,72,54,0,54,126
09/20/2014,ASG,AR,ASW,CE,Federal Contract Tower,0,0,17,0,17,0,1,36,0,37,0,1,53,0,54,26,0,26,80
09/21/2014,ASG,AR,ASW,CE,Federal Contract Tower,0,1,19,0,20,0,1,29,0,30,0,2,48,0,50,60,0,60,110
09/22/2014,ASG,AR,ASW,CE,Federal Contract Tower,0,4,15,0,19,0,4,21,0,25,0,8,36,0,44,16,0,16,60
09/23/2014,ASG,AR,ASW,CE,Federal Contract Tower,0,3,7,0,10,0,0,40,0,40,0,3,47,0,50,40,0,40,90
09/24/2014,ASG,AR,ASW,CE,Federal Contract Tower,0,4,34,0,38,0,7,51,0,58,0,11,85,0,96,50,0,50,146
09/25/2014,ASG,AR,ASW,CE,Federal Contract Tower,0,2,25,0,27,0,3,41,0,44,0,5,66,0,71,0,0,0,71
09/26/2014,ASG,AR,ASW,CE,Federal Contract Tower,0,2,14,0,16,0,9,37,0,46,0,11,51,0,62,18,0,18,80
09/27/2014,ASG,AR,ASW,CE,Federal Contract Tower,0,0,11,0,11,0,8,29,0,37,0,8,40,0,48,12,0,12,60
09/28/2014,ASG,AR,ASW,CE,Federal Contract Tower,0,0,7,7,14,0,4,36,0,40,0,4,43,7,54,32,6,38,92
09/29/2014,ASG,AR,ASW,CE,Federal Contract Tower,0,4,23,0,27,0,4,22,0,26,0,8,45,0,53,28,0,28,81
09/30/2014,ASG,AR,ASW,CE,Federal Contract Tower,0,4,19,0,23,0,0,38,0,38,0,4,57,0,61,12,0,12,73
10/01/2014,ASG,AR,ASW,CE,Federal Contract Tower,0,2,23,0,25,0,6,27,0,33,0,8,50,0,58,10,0,10,68
10/02/2014,ASG,AR,ASW,CE,Federal Contract Tower,0,2,6,0,8,0,1,4,0,5,0,3,10,0,13,2,0,2,15
10/03/2014,ASG,AR,ASW,CE,Federal Contract Tower,0,4,21,0,25,0,0,29,0,29,0,4,50,0,54,30,0,30,84
10/04/2014,ASG,AR,ASW,CE,Federal Contract Tower,0,4,5,0,9,0,5,35,0,40,0,9,40,0,49,60,0,60,109
10/05/2014,ASG,AR,ASW,CE,Federal Contract Tower,0,3,14,0,17,0,0,37,0,37,0,3,51,0,54,24,0,24,78
10/06/2014,ASG,AR,ASW,CE,Federal Contract Tower,0,12,20,0,32,0,5,21,0,26,0,17,41,0,58,20,0,20,78
10/07/2014,ASG,AR,ASW,CE,Federal Contract Tower,0,5,19,0,24,0,3,47,0,50,0,8,66,0,74,42,0,42,116
10/08/2014,ASG,AR,ASW,CE,Federal Contract Tower,0,3,24,0,27,0,5,23,0,28,0,8,47,0,55,46,0,46,101
10/09/2014,ASG,AR,ASW,CE,Federal Contract Tower,0,3,14,0,17,0,3,12,0,15,0,6,26,0,32,42,0,42,74
10/10/2014,ASG,AR,ASW,CE,Federal Contract Tower,0,4,8,0,12,0,0,1,0,1,0,4,9,0,13,0,0,0,13
10/11/2014,ASG,AR,ASW,CE,Federal Contract Tower,0,0,15,0,15,0,0,0,0,0,0,0,15,0,15,0,0,0,15
10/12/2014,ASG,AR,ASW,CE,Federal Contract Tower,0,0,7,0,7,0,3,10,0,13,0,3,17,0,20,2,0,2,22
10/13/2014,ASG,AR,ASW,CE,Federal Contract Tower,0,2,6,0,8,0,1,0,0,1,0,3,6,0,9,0,0,0,9
10/14/2014,ASG,AR,ASW,CE,Federal Contract Tower,0,6,10,0,16,0,3,11,1,15,0,9,21,1,31,8,0,8,39
10/15/2014,ASG,AR,ASW,CE,Federal Contract Tower,0,6,28,0,34,0,3,36,0,39,0,9,64,0,73,42,0,42,115
10/16/2014,ASG,AR,ASW,CE,Federal Contract Tower,0,5,22,0,27,0,4,47,0,51,0,9,69,0,78,4,0,4,82
10/17/2014,ASG,AR,ASW,CE,Federal Contract Tower,0,8,15,0,23,0,2,49,2,53,0,10,64,2,76,34,0,34,110
10/18/2014,ASG,AR,ASW,CE,Federal Contract Tower,0,0,11,0,11,0,0,58,0,58,0,0,69,0,69,52,0,52,121
10/19/2014,ASG,AR,ASW,CE,Federal Contract Tower,0,0,16,0,16,0,1,27,0,28,0,1,43,0,44,8,0,8,52
10/20/2014,ASG,AR,ASW,CE,Federal Contract Tower,0,6,15,0,21,0,0,25,0,25,0,6,40,0,46,30,0,30,76
10/21/2014,ASG,AR,ASW,CE,Federal Contract Tower,0,2,28,0,30,0,2,37,0,39,0,4,65,0,69,2,0,2,71
10/22/2014,ASG,AR,ASW,CE,Federal Contract Tower,0,4,19,0,23,0,5,41,0,46,0,9,60,0,69,20,0,20,89
10/23/2014,ASG,AR,ASW,CE,Federal Contract Tower,0,4,15,0,19,0,3,26,0,29,0,7,41,0,48,8,0,8,56
10/24/2014,ASG,AR,ASW,CE,Federal Contract Tower,0,4,14,0,18,0,4,57,0,61,0,8,71,0,79,12,0,12,91
10/25/2014,ASG,AR,ASW,CE,Federal Contract Tower,0,0,22,0,22,0,0,53,0,53,0,0,75,0,75,4,0,4,79
10/26/2014,ASG,AR,ASW,CE,Federal Contract Tower,0,2,15,0,17,0,0,42,0,42,0,2,57,0,59,32,0,32,91
10/27/2014,ASG,AR,ASW,CE,Federal Contract Tower,0,7,10,0,17,0,0,6,0,6,0,7,16,0,23,0,0,0,23
10/28/2014,ASG,AR,ASW,CE,Federal Contract Tower,0,2,10,0,12,0,1,30,0,31,0,3,40,0,43,40,0,40,83
10/29/2014,ASG,AR,ASW,CE,Federal Contract Tower,0,5,24,0,29,0,3,56,0,59,0,8,80,0,88,82,0,82,170
10/30/2014,ASG,AR,ASW,CE,Federal Contract Tower,0,6,20,0,26,0,4,35,0,39,0,10,55,0,65,46,0,46,111
10/31/2014,ASG,AR,ASW,CE,Federal Contract Tower,0,4,19,0,23,0,2,30,0,32,0,6,49,0,55,22,0,22,77
11/01/2014,ASG,AR,ASW,CE,Federal Contract Tower,0,0,7,0,7,0,0,54,0,54,0,0,61,0,61,46,0,46,107
11/02/2014,ASG,AR,ASW,CE,Federal Contract Tower,0,1,9,0,10,0,2,34,0,36,0,3,43,0,46,22,0,22,68
11/03/2014,ASG,AR,ASW,CE,Federal Contract Tower,0,2,13,0,15,0,0,19,0,19,0,2,32,0,34,0,0,0,34
11/04/2014,ASG,AR,ASW,CE,Federal Contract Tower,0,3,13,0,16,0,0,0,0,0,0,3,13,0,16,0,0,0,16
11/05/2014,ASG,AR,ASW,CE,Federal Contract Tower,0,3,15,0,18,0,0,15,0,15,0,3,30,0,33,6,0,6,39
11/06/2014,ASG,AR,ASW,CE,Federal Contract Tower,0,2,22,0,24,0,3,48,0,51,0,5,70,0,75,14,0,14,89
11/07/2014,ASG,AR,ASW,CE,Federal Contract Tower,0,4,11,0,15,0,11,47,0,58,0,15,58,0,73,54,0,54,127
11/08/2014,ASG,AR,ASW,CE,Federal Contract Tower,0,0,12,0,12,0,0,26,0,26,0,0,38,0,38,22,0,22,60
11/09/2014,ASG,AR,ASW,CE,Federal Contract Tower,0,0,9,0,9,0,0,33,0,33,0,0,42,0,42,18,0,18,60
11/10/2014,ASG,AR,ASW,CE,Federal Contract Tower,0,2,11,0,13,0,1,12,0,13,0,3,23,0,26,0,0,0,26
11/11/2014,ASG,AR,ASW,CE,Federal Contract Tower,0,6,7,0,13,0,2,25,0,27,0,8,32,0,40,78,0,78,118
11/12/2014,ASG,AR,ASW,CE,Federal Contract Tower,0,2,19,0,21,0,2,26,0,28,0,4,45,0,49,26,0,26,75
11/13/2014,ASG,AR,ASW,CE,Federal Contract Tower,0,3,19,0,22,0,1,21,0,22,0,4,40,0,44,68,0,68,112
11/14/2014,ASG,AR,ASW,CE,Federal Contract Tower,0,4,25,0,29,0,2,46,0,48,0,6,71,0,77,72,0,72,149
11/15/2014,ASG,AR,ASW,CE,Federal Contract Tower,0,0,4,0,4,0,1,17,0,18,0,1,21,0,22,6,0,6,28
11/16/2014,ASG,AR,ASW,CE,Federal Contract Tower,0,0,16,0,16,0,2,3,0,5,0,2,19,0,21,8,0,8,29
11/17/2014,ASG,AR,ASW,CE,Federal Contract Tower,0,2,17,0,19,0,2,9,0,11,0,4,26,0,30,4,0,4,34
11/18/2014,ASG,AR,ASW,CE,Federal Contract Tower,0,4,17,0,21,0,3,32,0,35,0,7,49,0,56,26,0,26,82
11/19/2014,ASG,AR,ASW,CE,Federal Contract Tower,0,4,23,0,27,0,2,37,0,39,0,6,60,0,66,24,0,24,90
11/20/2014,ASG,AR,ASW,CE,Federal Contract Tower,0,4,32,0,36,0,0,46,0,46,0,4,78,0,82,60,0,60,142
11/21/2014,ASG,AR,ASW,CE,Federal Contract Tower,0,8,24,0,32,0,0,1,0,1,0,8,25,0,33,0,0,0,33
11/22/2014,ASG,AR,ASW,CE,Federal Contract Tower,0,2,8,0,10,0,0,0,0,0,0,2,8,0,10,0,0,0,10
11/23/2014,ASG,AR,ASW,CE,Federal Contract Tower,0,0,12,0,12,0,5,12,0,17,0,5,24,0,29,10,0,10,39
11/24/2014,ASG,AR,ASW,CE,Federal Contract Tower,0,2,7,0,9,0,0,18,0,18,0,2,25,0,27,8,0,8,35
11/25/2014,ASG,AR,ASW,CE,Federal Contract Tower,0,4,24,0,28,0,3,53,0,56,0,7,77,0,84,30,0,30,114
11/26/2014,ASG,AR,ASW,CE,Federal Contract Tower,0,7,14,0,21,0,2,12,0,14,0,9,26,0,35,0,0,0,35
11/27/2014,ASG,AR,ASW,CE,Federal Contract Tower,0,1,5,0,6,0,5,19,0,24,0,6,24,0,30,10,0,10,40
11/28/2014,ASG,AR,ASW,CE,Federal Contract Tower,0,2,17,0,19,0,0,17,0,17,0,2,34,0,36,0,0,0,36
11/29/2014,ASG,AR,ASW,CE,Federal Contract Tower,0,4,10,0,14,0,1,9,0,10,0,5,19,0,24,0,0,0,24
11/30/2014,ASG,AR,ASW,CE,Federal Contract Tower,0,0,13,0,13,0,1,5,0,6,0,1,18,0,19,0,0,0,19
12/01/2014,ASG,AR,ASW,CE,Federal Contract Tower,0,2,8,0,10,0,0,2,0,2,0,2,10,0,12,0,0,0,12
12/02/2014,ASG,AR,ASW,CE,Federal Contract Tower,0,2,21,0,23,0,0,6,0,6,0,2,27,0,29,0,0,0,29
12/03/2014,ASG,AR,ASW,CE,Federal Contract Tower,0,6,25,0,31,0,4,14,0,18,0,10,39,0,49,18,0,18,67
12/04/2014,ASG,AR,ASW,CE,Federal Contract Tower,0,2,12,0,14,0,0,0,0,0,0,2,12,0,14,0,0,0,14
12/05/2014,ASG,AR,ASW,CE,Federal Contract Tower,0,3,11,0,14,0,0,0,0,0,0,3,11,0,14,0,0,0,14
12/06/2014,ASG,AR,ASW,CE,Federal Contract Tower,0,3,13,0,16,0,0,0,0,0,0,3,13,0,16,0,0,0,16
12/07/2014,ASG,AR,ASW,CE,Federal Contract Tower,0,0,7,0,7,0,4,32,0,36,0,4,39,0,43,50,0,50,93
12/08/2014,ASG,AR,ASW,CE,Federal Contract Tower,0,4,27,0,31,0,0,12,0,12,0,4,39,0,43,0,0,0,43
12/09/2014,ASG,AR,ASW,CE,Federal Contract Tower,0,3,15,0,18,0,3,36,0,39,0,6,51,0,57,32,0,32,89
12/10/2014,ASG,AR,ASW,CE,Federal Contract Tower,0,6,18,0,24,0,0,34,0,34,0,6,52,0,58,36,0,36,94
12/11/2014,ASG,AR,ASW,CE,Federal Contract Tower,0,6,39,0,45,0,0,10,0,10,0,6,49,0,55,14,0,14,69
12/12/2014,ASG,AR,ASW,CE,Federal Contract Tower,0,2,25,0,27,0,0,14,0,14,0,2,39,0,41,82,0,82,123
12/13/2014,ASG,AR,ASW,CE,Federal Contract Tower,0,0,16,0,16,0,0,30,0,30,0,0,46,0,46,96,0,96,142
12/14/2014,ASG,AR,ASW,CE,Federal Contract Tower,0,0,6,0,6,0,4,7,0,11,0,4,13,0,17,16,0,16,33
12/15/2014,ASG,AR,ASW,CE,Federal Contract Tower,0,5,11,0,16,0,2,8,0,10,0,7,19,0,26,0,0,0,26
12/16/2014,ASG,AR,ASW,CE,Federal Contract Tower,0,2,27,0,29,0,2,14,0,16,0,4,41,0,45,16,0,16,61
12/17/2014,ASG,AR,ASW,CE,Federal Contract Tower,0,4,21,0,25,0,0,9,0,9,0,4,30,0,34,0,0,0,34
12/18/2014,ASG,AR,ASW,CE,Federal Contract Tower,0,2,18,0,20,0,0,0,0,0,0,2,18,0,20,0,0,0,20
12/19/2014,ASG,AR,ASW,CE,Federal Contract Tower,0,6,13,0,19,0,0,0,0,0,0,6,13,0,19,0,0,0,19
12/20/2014,ASG,AR,ASW,CE,Federal Contract Tower,0,2,18,0,20,0,1,36,0,37,0,3,54,0,57,48,0,48,105
12/21/2014,ASG,AR,ASW,CE,Federal Contract Tower,0,0,8,0,8,0,3,4,0,7,0,3,12,0,15,8,0,8,23
12/22/2014,ASG,AR,ASW,CE,Federal Contract Tower,0,4,12,0,16,0,0,0,0,0,0,4,12,0,16,0,0,0,16
12/23/2014,ASG,AR,ASW,CE,Federal Contract Tower,0,3,23,0,26,0,11,26,0,37,0,14,49,0,63,42,0,42,105
12/24/2014,ASG,AR,ASW,CE,Federal Contract Tower,0,6,8,0,14,0,0,5,0,5,0,6,13,0,19,2,0,2,21
12/25/2014,ASG,AR,ASW,CE,Federal Contract Tower,0,2,3,0,5,0,3,9,0,12,0,5,12,0,17,0,0,0,17
12/26/2014,ASG,AR,ASW,CE,Federal Contract Tower,0,2,16,0,18,0,0,6,0,6,0,2,22,0,24,0,0,0,24
12/27/2014,ASG,AR,ASW,CE,Federal Contract Tower,0,0,9,0,9,0,0,1,0,1,0,0,10,0,10,0,0,0,10
12/28/2014,ASG,AR,ASW,CE,Federal Contract Tower,0,0,7,0,7,0,4,31,0,35,0,4,38,0,42,34,0,34,76
12/29/2014,ASG,AR,ASW,CE,Federal Contract Tower,0,2,11,0,13,0,0,17,0,17,0,2,28,0,30,28,0,28,58
12/30/2014,ASG,AR,ASW,CE,Federal Contract Tower,0,5,9,0,14,0,3,26,0,29,0,8,35,0,43,38,0,38,81
12/31/2014,ASG,AR,ASW,CE,Federal Contract Tower,0,2,5,0,7,0,2,0,0,2,0,4,5,0,9,36,0,36,45
01/01/2015,ASG,AR,ASW,CE,Federal Contract Tower,0,0,1,0,1,0,0,0,0,0,0,0,1,0,1,0,0,0,1
01/02/2015,ASG,AR,ASW,CE,Federal Contract Tower,0,2,7,0,9,0,0,0,0,0,0,2,7,0,9,0,0,0,9
01/03/2015,ASG,AR,ASW,CE,Federal Contract Tower,0,0,4,0,4,0,0,2,0,2,0,0,6,0,6,8,0,8,14
01/04/2015,ASG,AR,ASW,CE,Federal Contract Tower,0,0,11,0,11,0,0,8,0,8,0,0,19,0,19,6,0,6,25
01/05/2015,ASG,AR,ASW,CE,Federal Contract Tower,0,6,13,0,19,0,3,26,0,29,0,9,39,0,48,2,0,2,50
01/06/2015,ASG,AR,ASW,CE,Federal Contract Tower,0,2,8,0,10,0,3,41,0,44,0,5,49,0,54,24,0,24,78
01/07/2015,ASG,AR,ASW,CE,Federal Contract Tower,0,2,7,0,9,0,0,8,0,8,0,2,15,0,17,0,0,0,17
01/08/2015,ASG,AR,ASW,CE,Federal Contract Tower,0,3,9,0,12,0,4,35,0,39,0,7,44,0,51,34,0,34,85
01/09/2015,ASG,AR,ASW,CE,Federal Contract Tower,0,4,13,0,17,0,3,33,0,36,0,7,46,0,53,16,0,16,69
01/10/2015,ASG,AR,ASW,CE,Federal Contract Tower,0,0,12,0,12,0,0,38,0,38,0,0,50,0,50,78,0,78,128
01/11/2015,ASG,AR,ASW,CE,Federal Contract Tower,0,0,4,0,4,0,0,0,0,0,0,0,4,0,4,0,0,0,4
01/12/2015,ASG,AR,ASW,CE,Federal Contract Tower,0,2,10,0,12,0,0,0,0,0,0,2,10,0,12,0,0,0,12
01/13/2015,ASG,AR,ASW,CE,Federal Contract Tower,0,2,8,0,10,0,2,41,0,43,0,4,49,0,53,56,0,56,109
01/14/2015,ASG,AR,ASW,CE,Federal Contract Tower,0,10,10,0,20,0,1,28,0,29,0,11,38,0,49,40,0,40,89
01/15/2015,ASG,AR,ASW,CE,Federal Contract Tower,0,5,11,0,16,0,5,45,0,50,0,10,56,0,66,18,0,18,84
01/16/2015,ASG,AR,ASW,CE,Federal Contract Tower,0,8,12,0,20,0,2,56,0,58,0,10,68,0,78,42,0,42,120
01/17/2015,ASG,AR,ASW,CE,Federal Contract Tower,0,0,7,0,7,0,3,36,0,39,0,3,43,0,46,24,0,24,70
01/18/2015,ASG,AR,ASW,CE,Federal Contract Tower,0,2,10,0,12,0,3,38,0,41,0,5,48,0,53,6,0,6,59
01/19/2015,ASG,AR,ASW,CE,Federal Contract Tower,0,3,17,0,20,0,2,42,0,44,0,5,59,0,64,46,0,46,110
01/20/2015,ASG,AR,ASW,CE,Federal Contract Tower,0,6,23,2,31,0,4,12,0,16,0,10,35,2,47,14,0,14,61
01/21/2015,ASG,AR,ASW,CE,Federal Contract Tower,0,2,33,0,35,0,7,35,0,42,0,9,68,0,77,50,0,50,127
01/22/2015,ASG,AR,ASW,CE,Federal Contract Tower,0,5,21,0,26,0,4,33,0,37,0,9,54,0,63,88,0,88,151
01/23/2015,ASG,AR,ASW,CE,Federal Contract Tower,0,4,10,0,14,0,2,31,0,33,0,6,41,0,47,40,0,40,87
01/24/2015,ASG,AR,ASW,CE,Federal Contract Tower,0,0,15,0,15,0,0,44,0,44,0,0,59,0,59,40,0,40,99
01/25/2015,ASG,AR,ASW,CE,Federal Contract Tower,0,0,6,0,6,0,4,1,0,5,0,4,7,0,11,0,0,0,11
01/26/2015,ASG,AR,ASW,CE,Federal Contract Tower,0,5,12,0,17,0,2,11,0,13,0,7,23,0,30,14,0,14,44
01/27/2015,ASG,AR,ASW,CE,Federal Contract Tower,0,2,18,0,20,0,2,61,0,63,0,4,79,0,83,32,0,32,115
01/28/2015,ASG,AR,ASW,CE,Federal Contract Tower,0,2,22,0,24,0,5,32,0,37,0,7,54,0,61,12,0,12,73
01/29/2015,ASG,AR,ASW,CE,Federal Contract Tower,0,2,25,0,27,0,2,13,0,15,0,4,38,0,42,8,0,8,50
01/30/2015,ASG,AR,ASW,CE,Federal Contract Tower,0,4,20,0,24,0,1,38,0,39,0,5,58,0,63,48,0,48,111
01/31/2015,ASG,AR,ASW,CE,Federal Contract Tower,0,0,10,0,10,0,1,16,0,17,0,1,26,0,27,18,0,18,45
02/01/2015,ASG,AR,ASW,CE,Federal Contract Tower,0,0,2,0,2,0,0,0,0,0,0,0,2,0,2,0,0,0,2
02/02/2015,ASG,AR,ASW,CE,Federal Contract Tower,0,8,14,0,22,0,0,21,0,21,0,8,35,0,43,24,0,24,67
02/03/2015,ASG,AR,ASW,CE,Federal Contract Tower,0,12,14,0,26,0,3,26,0,29,0,15,40,0,55,20,0,20,75
02/04/2015,ASG,AR,ASW,CE,Federal Contract Tower,0,5,8,0,13,0,2,24,0,26,0,7,32,0,39,42,0,42,81
02/05/2015,ASG,AR,ASW,CE,Federal Contract Tower,0,6,15,0,21,0,3,22,0,25,0,9,37,0,46,0,0,0,46
02/06/2015,ASG,AR,ASW,CE,Federal Contract Tower,0,7,20,0,27,0,3,24,0,27,0,10,44,0,54,32,0,32,86
02/07/2015,ASG,AR,ASW,CE,Federal Contract Tower,0,0,12,0,12,0,1,21,0,22,0,1,33,0,34,12,0,12,46
02/08/2015,ASG,AR,ASW,CE,Federal Contract Tower,0,2,6,0,8,0,0,37,0,37,0,2,43,0,45,40,0,40,85
02/09/2015,ASG,AR,ASW,CE,Federal Contract Tower,0,7,12,0,19,0,0,15,0,15,0,7,27,0,34,40,0,40,74
02/10/2015,ASG,AR,ASW,CE,Federal Contract Tower,0,5,15,0,20,0,6,19,0,25,0,11,34,0,45,48,0,48,93
02/11/2015,ASG,AR,ASW,CE,Federal Contract Tower,0,11,18,0,29,0,4,19,0,23,0,15,37,0,52,16,0,16,68
02/12/2015,ASG,AR,ASW,CE,Federal Contract Tower,0,6,25,0,31,0,3,24,0,27,0,9,49,0,58,8,0,8,66
02/13/2015,ASG,AR,ASW,CE,Federal Contract Tower,0,2,14,0,16,0,1,43,0,44,0,3,57,0,60,12,0,12,72
02/14/2015,ASG,AR,ASW,CE,Federal Contract Tower,0,0,10,0,10,0,0,74,0,74,0,0,84,0,84,16,0,16,100
02/15/2015,ASG,AR,ASW,CE,Federal Contract Tower,0,0,8,0,8,0,1,10,0,11,0,1,18,0,19,0,0,0,19
02/16/2015,ASG,AR,ASW,CE,Federal Contract Tower,0,0,1,0,1,0,2,0,0,2,0,2,1,0,3,0,0,0,3
02/17/2015,ASG,AR,ASW,CE,Federal Contract Tower,0,2,4,0,6,0,5,4,0,9,0,7,8,0,15,28,0,28,43
02/18/2015,ASG,AR,ASW,CE,Federal Contract Tower,0,4,4,0,8,0,4,17,0,21,0,8,21,0,29,2,0,2,31
02/19/2015,ASG,AR,ASW,CE,Federal Contract Tower,0,4,17,0,21,0,5,40,0,45,0,9,57,0,66,30,0,30,96
02/20/2015,ASG,AR,ASW,CE,Federal Contract Tower,0,2,5,0,7,0,0,1,0,1,0,2,6,0,8,0,0,0,8
02/21/2015,ASG,AR,ASW,CE,Federal Contract Tower,0,0,4,0,4,0,0,17,0,17,0,0,21,0,21,4,0,4,25
02/22/2015,ASG,AR,ASW,CE,Federal Contract Tower,0,0,10,0,10,0,0,3,0,3,0,0,13,0,13,4,0,4,17
02/23/2015,ASG,AR,ASW,CE,Federal Contract Tower,0,2,9,0,11,0,1,6,0,7,0,3,15,0,18,40,0,40,58
02/24/2015,ASG,AR,ASW,CE,Federal Contract Tower,0,4,22,0,26,0,2,23,0,25,0,6,45,0,51,8,0,8,59
02/25/2015,ASG,AR,ASW,CE,Federal Contract Tower,0,3,16,0,19,0,3,44,0,47,0,6,60,0,66,52,0,52,118
02/26/2015,ASG,AR,ASW,CE,Federal Contract Tower,0,6,22,0,28,0,5,13,0,18,0,11,35,0,46,22,0,22,68
02/27/2015,ASG,AR,ASW,CE,Federal Contract Tower,0,4,19,0,23,0,6,9,0,15,0,10,28,0,38,2,0,2,40
02/28/2015,ASG,AR,ASW,CE,Federal Contract Tower,0,0,0,0,0,0,0,0,0,0,0,0,0,0,0,0,0,0,0
03/01/2015,ASG,AR,ASW,CE,Federal Contract Tower,0,2,1,0,3,0,0,0,0,0,0,2,1,0,3,0,0,0,3
03/02/2015,ASG,AR,ASW,CE,Federal Contract Tower,0,9,10,0,19,0,0,4,0,4,0,9,14,0,23,4,0,4,27
03/03/2015,ASG,AR,ASW,CE,Federal Contract Tower,0,6,9,0,15,0,0,0,0,0,0,6,9,0,15,0,0,0,15
03/04/2015,ASG,AR,ASW,CE,Federal Contract Tower,0,0,0,0,0,0,0,0,0,0,0,0,0,0,0,0,0,0,0
03/05/2015,ASG,AR,ASW,CE,Federal Contract Tower,0,6,8,0,14,0,2,21,0,23,0,8,29,0,37,62,0,62,99
03/06/2015,ASG,AR,ASW,CE,Federal Contract Tower,0,2,17,0,19,0,0,42,0,42,0,2,59,0,61,10,0,10,71
03/07/2015,ASG,AR,ASW,CE,Federal Contract Tower,0,0,19,0,19,0,2,46,0,48,0,2,65,0,67,18,0,18,85
03/08/2015,ASG,AR,ASW,CE,Federal Contract Tower,0,0,20,0,20,0,5,13,0,18,0,5,33,0,38,30,0,30,68
03/09/2015,ASG,AR,ASW,CE,Federal Contract Tower,0,4,15,0,19,0,0,12,0,12,0,4,27,0,31,6,0,6,37
03/10/2015,ASG,AR,ASW,CE,Federal Contract Tower,0,2,17,0,19,0,0,4,0,4,0,2,21,0,23,0,0,0,23
03/11/2015,ASG,AR,ASW,CE,Federal Contract Tower,0,2,19,0,21,0,0,39,0,39,0,2,58,0,60,32,0,32,92
03/12/2015,ASG,AR,ASW,CE,Federal Contract Tower,0,2,16,0,18,0,5,13,0,18,0,7,29,0,36,6,0,6,42
03/13/2015,ASG,AR,ASW,CE,Federal Contract Tower,0,3,15,0,18,0,0,0,0,0,0,3,15,0,18,0,0,0,18
03/14/2015,ASG,AR,ASW,CE,Federal Contract Tower,0,0,16,0,16,0,0,21,0,21,0,0,37,0,37,32,0,32,69
03/15/2015,ASG,AR,ASW,CE,Federal Contract Tower,0,0,12,0,12,0,3,59,0,62,0,3,71,0,74,80,0,80,154
03/16/2015,ASG,AR,ASW,CE,Federal Contract Tower,0,3,11,0,14,0,4,50,0,54,0,7,61,0,68,56,0,56,124
03/17/2015,ASG,AR,ASW,CE,Federal Contract Tower,0,6,25,0,31,0,1,37,0,38,0,7,62,0,69,34,0,34,103
03/18/2015,ASG,AR,ASW,CE,Federal Contract Tower,0,4,13,0,17,0,0,3,0,3,0,4,16,0,20,2,0,2,22
03/19/2015,ASG,AR,ASW,CE,Federal Contract Tower,0,4,22,0,26,0,0,0,0,0,0,4,22,0,26,0,0,0,26
03/20/2015,ASG,AR,ASW,CE,Federal Contract Tower,0,8,31,0,39,0,0,46,0,46,0,8,77,0,85,72,0,72,157
03/21/2015,ASG,AR,ASW,CE,Federal Contract Tower,0,1,11,0,12,0,4,50,0,54,0,5,61,0,66,94,0,94,160
03/22/2015,ASG,AR,ASW,CE,Federal Contract Tower,0,0,18,0,18,0,3,29,0,32,0,3,47,0,50,58,0,58,108
03/23/2015,ASG,AR,ASW,CE,Federal Contract Tower,0,4,9,0,13,0,0,61,0,61,0,4,70,0,74,82,0,82,156
03/24/2015,ASG,AR,ASW,CE,Federal Contract Tower,0,4,14,0,18,0,0,26,0,26,0,4,40,0,44,34,0,34,78
03/25/2015,ASG,AR,ASW,CE,Federal Contract Tower,0,2,9,0,11,0,1,21,0,22,0,3,30,0,33,36,0,36,69
03/26/2015,ASG,AR,ASW,CE,Federal Contract Tower,0,6,26,1,33,0,2,26,1,29,0,8,52,2,62,18,2,20,82
03/27/2015,ASG,AR,ASW,CE,Federal Contract Tower,0,5,20,0,25,0,0,32,0,32,0,5,52,0,57,64,0,64,121
03/28/2015,ASG,AR,ASW,CE,Federal Contract Tower,0,0,15,0,15,0,1,48,0,49,0,1,63,0,64,90,0,90,154
03/29/2015,ASG,AR,ASW,CE,Federal Contract Tower,0,3,11,0,14,0,1,44,0,45,0,4,55,0,59,80,0,80,139
03/30/2015,ASG,AR,ASW,CE,Federal Contract Tower,0,3,10,0,13,0,3,40,0,43,0,6,50,0,56,20,0,20,76
03/31/2015,ASG,AR,ASW,CE,Federal Contract Tower,0,7,16,0,23,0,1,40,0,41,0,8,56,0,64,96,0,96,160
04/01/2015,ASG,AR,ASW,CE,Federal Contract Tower,0,5,9,0,14,0,0,26,0,26,0,5,35,0,40,68,0,68,108
04/02/2015,ASG,AR,ASW,CE,Federal Contract Tower,0,7,15,0,22,0,0,20,0,20,0,7,35,0,42,84,0,84,126
04/03/2015,ASG,AR,ASW,CE,Federal Contract Tower,0,3,8,0,11,0,0,15,0,15,0,3,23,0,26,36,0,36,62
04/04/2015,ASG,AR,ASW,CE,Federal Contract Tower,0,0,5,0,5,0,1,62,0,63,0,1,67,0,68,50,0,50,118
04/05/2015,ASG,AR,ASW,CE,Federal Contract Tower,0,2,6,0,8,0,0,2,0,2,0,2,8,0,10,0,0,0,10
04/06/2015,ASG,AR,ASW,CE,Federal Contract Tower,0,4,16,0,20,0,0,3,0,3,0,4,19,0,23,38,0,38,61
04/07/2015,ASG,AR,ASW,CE,Federal Contract Tower,0,3,21,0,24,0,3,22,0,25,0,6,43,0,49,16,0,16,65
04/08/2015,ASG,AR,ASW,CE,Federal Contract Tower,0,4,21,0,25,0,1,23,0,24,0,5,44,0,49,8,0,8,57
04/09/2015,ASG,AR,ASW,CE,Federal Contract Tower,0,4,15,0,19,0,1,9,0,10,0,5,24,0,29,20,0,20,49
04/10/2015,ASG,AR,ASW,CE,Federal Contract Tower,0,5,14,0,19,0,1,49,0,50,0,6,63,0,69,94,0,94,163
04/11/2015,ASG,AR,ASW,CE,Federal Contract Tower,0,0,17,0,17,0,0,39,0,39,0,0,56,0,56,88,0,88,144
04/12/2015,ASG,AR,ASW,CE,Federal Contract Tower,0,0,17,0,17,0,1,15,0,16,0,1,32,0,33,44,0,44,77
04/13/2015,ASG,AR,ASW,CE,Federal Contract Tower,0,4,5,0,9,0,0,2,0,2,0,4,7,0,11,0,0,0,11
04/14/2015,ASG,AR,ASW,CE,Federal Contract Tower,0,5,22,0,27,0,1,16,0,17,0,6,38,0,44,14,0,14,58
04/15/2015,ASG,AR,ASW,CE,Federal Contract Tower,0,4,22,0,26,0,4,9,0,13,0,8,31,0,39,20,0,20,59
04/16/2015,ASG,AR,ASW,CE,Federal Contract Tower,0,3,16,0,19,0,7,36,0,43,0,10,52,0,62,70,0,70,132
04/17/2015,ASG,AR,ASW,CE,Federal Contract Tower,0,11,11,0,22,0,0,22,0,22,0,11,33,0,44,32,0,32,76
04/18/2015,ASG,AR,ASW,CE,Federal Contract Tower,0,2,4,0,6,0,0,16,0,16,0,2,20,0,22,2,0,2,24
04/19/2015,ASG,AR,ASW,CE,Federal Contract Tower,0,4,7,0,11,0,4,21,0,25,0,8,28,0,36,26,0,26,62
04/20/2015,ASG,AR,ASW,CE,Federal Contract Tower,0,4,17,0,21,0,3,13,0,16,0,7,30,0,37,6,0,6,43
04/21/2015,ASG,AR,ASW,CE,Federal Contract Tower,0,3,18,0,21,0,1,25,0,26,0,4,43,0,47,14,0,14,61
04/22/2015,ASG,AR,ASW,CE,Federal Contract Tower,0,3,27,0,30,0,2,26,0,28,0,5,53,0,58,26,0,26,84
04/23/2015,ASG,AR,ASW,CE,Federal Contract Tower,0,5,19,0,24,0,2,19,0,21,0,7,38,0,45,8,0,8,53
04/24/2015,ASG,AR,ASW,CE,Federal Contract Tower,0,2,12,0,14,0,1,12,1,14,0,3,24,1,28,42,0,42,70
04/25/2015,ASG,AR,ASW,CE,Federal Contract Tower,0,2,8,0,10,0,6,32,0,38,0,8,40,0,48,16,0,16,64
04/26/2015,ASG,AR,ASW,CE,Federal Contract Tower,0,1,11,0,12,0,5,28,0,33,0,6,39,0,45,64,0,64,109
04/27/2015,ASG,AR,ASW,CE,Federal Contract Tower,0,4,10,0,14,0,2,9,0,11,0,6,19,0,25,0,0,0,25
04/28/2015,ASG,AR,ASW,CE,Federal Contract Tower,0,3,14,0,17,0,1,30,0,31,0,4,44,0,48,48,0,48,96
04/29/2015,ASG,AR,ASW,CE,Federal Contract Tower,0,2,10,0,12,0,7,36,0,43,0,9,46,0,55,80,0,80,135
04/30/2015,ASG,AR,ASW,CE,Federal Contract Tower,0,2,21,0,23,0,7,50,0,57,0,9,71,0,80,26,0,26,106
05/01/2015,ASG,AR,ASW,CE,Federal Contract Tower,0,4,8,0,12,0,0,34,0,34,0,4,42,0,46,46,0,46,92
05/02/2015,ASG,AR,ASW,CE,Federal Contract Tower,0,0,6,0,6,0,4,35,0,39,0,4,41,0,45,20,0,20,65
05/03/2015,ASG,AR,ASW,CE,Federal Contract Tower,0,1,13,0,14,0,8,24,0,32,0,9,37,0,46,6,0,6,52
05/04/2015,ASG,AR,ASW,CE,Federal Contract Tower,0,3,16,0,19,0,1,35,0,36,0,4,51,0,55,84,0,84,139
05/05/2015,ASG,AR,ASW,CE,Federal Contract Tower,0,2,13,0,15,0,2,33,0,35,0,4,46,0,50,48,0,48,98
05/06/2015,ASG,AR,ASW,CE,Federal Contract Tower,0,5,18,0,23,0,2,10,0,12,0,7,28,0,35,8,0,8,43
05/07/2015,ASG,AR,ASW,CE,Federal Contract Tower,0,2,25,0,27,0,4,23,0,27,0,6,48,0,54,80,0,80,134
05/08/2015,ASG,AR,ASW,CE,Federal Contract Tower,0,3,14,0,17,0,0,5,0,5,0,3,19,0,22,22,0,22,44
05/09/2015,ASG,AR,ASW,CE,Federal Contract Tower,0,0,10,0,10,0,3,12,0,15,0,3,22,0,25,16,0,16,41
05/10/2015,ASG,AR,ASW,CE,Federal Contract Tower,0,1,3,0,4,0,1,4,0,5,0,2,7,0,9,0,0,0,9
05/11/2015,ASG,AR,ASW,CE,Federal Contract Tower,0,3,15,0,18,0,0,36,0,36,0,3,51,0,54,46,0,46,100
05/12/2015,ASG,AR,ASW,CE,Federal Contract Tower,0,2,16,0,18,0,2,54,0,56,0,4,70,0,74,66,0,66,140
05/13/2015,ASG,AR,ASW,CE,Federal Contract Tower,0,4,17,0,21,0,5,17,0,22,0,9,34,0,43,28,0,28,71
05/14/2015,ASG,AR,ASW,CE,Federal Contract Tower,0,4,17,0,21,0,2,14,0,16,0,6,31,0,37,20,0,20,57
05/15/2015,ASG,AR,ASW,CE,Federal Contract Tower,0,3,21,0,24,0,3,19,0,22,0,6,40,0,46,12,0,12,58
05/16/2015,ASG,AR,ASW,CE,Federal Contract Tower,0,0,13,0,13,0,5,9,0,14,0,5,22,0,27,8,0,8,35
05/17/2015,ASG,AR,ASW,CE,Federal Contract Tower,0,1,6,0,7,0,1,14,0,15,0,2,20,0,22,28,0,28,50
05/18/2015,ASG,AR,ASW,CE,Federal Contract Tower,0,3,20,0,23,0,0,12,0,12,0,3,32,0,35,60,0,60,95
05/19/2015,ASG,AR,ASW,CE,Federal Contract Tower,0,3,13,0,16,0,3,58,0,61,0,6,71,0,77,70,0,70,147
05/20/2015,ASG,AR,ASW,CE,Federal Contract Tower,0,3,5,0,8,0,1,19,0,20,0,4,24,0,28,38,0,38,66
05/21/2015,ASG,AR,ASW,CE,Federal Contract Tower,0,2,24,0,26,0,4,44,0,48,0,6,68,0,74,100,0,100,174
05/22/2015,ASG,AR,ASW,CE,Federal Contract Tower,0,4,21,0,25,0,1,37,0,38,0,5,58,0,63,100,0,100,163
05/23/2015,ASG,AR,ASW,CE,Federal Contract Tower,0,1,14,0,15,0,2,10,0,12,0,3,24,0,27,46,0,46,73
05/24/2015,ASG,AR,ASW,CE,Federal Contract Tower,0,1,5,0,6,0,0,0,0,0,0,1,5,0,6,0,0,0,6
05/25/2015,ASG,AR,ASW,CE,Federal Contract Tower,0,0,18,0,18,0,1,19,0,20,0,1,37,0,38,48,0,48,86
05/26/2015,ASG,AR,ASW,CE,Federal Contract Tower,0,3,26,0,29,0,0,42,0,42,0,3,68,0,71,112,0,112,183
05/27/2015,ASG,AR,ASW,CE,Federal Contract Tower,0,7,16,0,23,0,3,33,0,36,0,10,49,0,59,54,0,54,113
05/28/2015,ASG,AR,ASW,CE,Federal Contract Tower,0,4,18,2,24,0,2,25,0,27,0,6,43,2,51,52,0,52,103
05/29/2015,ASG,AR,ASW,CE,Federal Contract Tower,0,2,15,0,17,0,1,5,0,6,0,3,20,0,23,0,0,0,23
05/30/2015,ASG,AR,ASW,CE,Federal Contract Tower,0,0,11,0,11,0,0,6,0,6,0,0,17,0,17,0,0,0,17
05/31/2015,ASG,AR,ASW,CE,Federal Contract Tower,0,0,14,0,14,0,0,8,0,8,0,0,22,0,22,62,0,62,84
06/01/2015,ASG,AR,ASW,CE,Federal Contract Tower,0,3,8,1,12,0,0,26,0,26,0,3,34,1,38,46,0,46,84
06/02/2015,ASG,AR,ASW,CE,Federal Contract Tower,0,2,19,0,21,0,1,28,0,29,0,3,47,0,50,52,0,52,102
06/03/2015,ASG,AR,ASW,CE,Federal Contract Tower,0,6,25,0,31,0,4,32,0,36,0,10,57,0,67,46,0,46,113
06/04/2015,ASG,AR,ASW,CE,Federal Contract Tower,0,4,23,0,27,0,2,53,0,55,0,6,76,0,82,88,0,88,170
06/05/2015,ASG,AR,ASW,CE,Federal Contract Tower,0,2,18,0,20,0,0,39,0,39,0,2,57,0,59,34,0,34,93
06/06/2015,ASG,AR,ASW,CE,Federal Contract Tower,0,1,15,0,16,0,1,30,0,31,0,2,45,0,47,24,0,24,71
06/07/2015,ASG,AR,ASW,CE,Federal Contract Tower,0,4,18,0,22,0,0,21,0,21,0,4,39,0,43,30,0,30,73
06/08/2015,ASG,AR,ASW,CE,Federal Contract Tower,0,4,11,0,15,0,0,21,0,21,0,4,32,0,36,8,0,8,44
06/09/2015,ASG,AR,ASW,CE,Federal Contract Tower,0,3,11,0,14,0,4,34,0,38,0,7,45,0,52,0,0,0,52
06/10/2015,ASG,AR,ASW,CE,Federal Contract Tower,0,4,22,0,26,0,6,34,0,40,0,10,56,0,66,22,0,22,88
06/11/2015,ASG,AR,ASW,CE,Federal Contract Tower,0,4,19,0,23,0,3,25,0,28,0,7,44,0,51,32,0,32,83
06/12/2015,ASG,AR,ASW,CE,Federal Contract Tower,0,2,11,0,13,0,0,23,0,23,0,2,34,0,36,4,0,4,40
06/13/2015,ASG,AR,ASW,CE,Federal Contract Tower,0,0,6,0,6,0,1,30,0,31,0,1,36,0,37,22,0,22,59
06/14/2015,ASG,AR,ASW,CE,Federal Contract Tower,0,0,11,0,11,0,2,4,0,6,0,2,15,0,17,0,0,0,17
06/15/2015,ASG,AR,ASW,CE,Federal Contract Tower,0,6,16,0,22,0,0,12,0,12,0,6,28,0,34,48,0,48,82
06/16/2015,ASG,AR,ASW,CE,Federal Contract Tower,0,2,27,0,29,0,2,7,0,9,0,4,34,0,38,12,0,12,50
06/17/2015,ASG,AR,ASW,CE,Federal Contract Tower,0,2,19,0,21,0,2,19,0,21,0,4,38,0,42,28,0,28,70
06/18/2015,ASG,AR,ASW,CE,Federal Contract Tower,0,2,10,0,12,0,0,4,0,4,0,2,14,0,16,24,0,24,40
06/19/2015,ASG,AR,ASW,CE,Federal Contract Tower,0,6,19,0,25,0,0,13,0,13,0,6,32,0,38,0,0,0,38
06/20/2015,ASG,AR,ASW,CE,Federal Contract Tower,0,0,10,0,10,0,2,51,0,53,0,2,61,0,63,18,0,18,81
06/21/2015,ASG,AR,ASW,CE,Federal Contract Tower,0,0,8,0,8,0,1,29,0,30,0,1,37,0,38,14,0,14,52
06/22/2015,ASG,AR,ASW,CE,Federal Contract Tower,0,3,14,0,17,0,2,9,0,11,0,5,23,0,28,0,0,0,28
06/23/2015,ASG,AR,ASW,CE,Federal Contract Tower,0,4,16,0,20,0,1,24,0,25,0,5,40,0,45,14,0,14,59
06/24/2015,ASG,AR,ASW,CE,Federal Contract Tower,0,3,18,0,21,0,6,41,0,47,0,9,59,0,68,58,0,58,126
06/25/2015,ASG,AR,ASW,CE,Federal Contract Tower,0,5,13,0,18,0,1,44,0,45,0,6,57,0,63,56,0,56,119
06/26/2015,ASG,AR,ASW,CE,Federal Contract Tower,0,2,18,0,20,0,0,21,0,21,0,2,39,0,41,36,0,36,77
06/27/2015,ASG,AR,ASW,CE,Federal Contract Tower,0,0,11,0,11,0,1,31,0,32,0,1,42,0,43,28,0,28,71
06/28/2015,ASG,AR,ASW,CE,Federal Contract Tower,0,1,16,0,17,0,2,33,0,35,0,3,49,0,52,46,0,46,98
06/29/2015,ASG,AR,ASW,CE,Federal Contract Tower,0,2,9,0,11,0,1,31,0,32,0,3,40,0,43,66,0,66,109
06/30/2015,ASG,AR,ASW,CE,Federal Contract Tower,0,8,16,0,24,0,1,12,0,13,0,9,28,0,37,74,0,74,111
07/01/2015,ASG,AR,ASW,CE,Federal Contract Tower,0,6,24,0,30,0,0,20,0,20,0,6,44,0,50,48,0,48,98
07/02/2015,ASG,AR,ASW,CE,Federal Contract Tower,0,3,20,0,23,0,0,17,0,17,0,3,37,0,40,30,0,30,70
07/03/2015,ASG,AR,ASW,CE,Federal Contract Tower,0,2,14,0,16,0,3,10,0,13,0,5,24,0,29,10,0,10,39
07/04/2015,ASG,AR,ASW,CE,Federal Contract Tower,0,1,8,0,9,0,2,4,0,6,0,3,12,0,15,12,0,12,27
07/05/2015,ASG,AR,ASW,CE,Federal Contract Tower,0,0,21,0,21,0,0,30,0,30,0,0,51,0,51,24,0,24,75
07/06/2015,ASG,AR,ASW,CE,Federal Contract Tower,0,5,14,0,19,0,0,20,0,20,0,5,34,0,39,4,0,4,43
07/07/2015,ASG,AR,ASW,CE,Federal Contract Tower,0,3,13,0,16,0,0,1,0,1,0,3,14,0,17,0,0,0,17
07/08/2015,ASG,AR,ASW,CE,Federal Contract Tower,0,3,19,0,22,0,0,2,0,2,0,3,21,0,24,0,0,0,24
07/09/2015,ASG,AR,ASW,CE,Federal Contract Tower,0,4,17,0,21,0,0,8,0,8,0,4,25,0,29,8,0,8,37
07/10/2015,ASG,AR,ASW,CE,Federal Contract Tower,0,3,17,0,20,0,4,48,0,52,0,7,65,0,72,54,0,54,126
07/11/2015,ASG,AR,ASW,CE,Federal Contract Tower,0,1,14,4,19,0,5,32,0,37,0,6,46,4,56,16,0,16,72
07/12/2015,ASG,AR,ASW,CE,Federal Contract Tower,0,0,8,0,8,0,2,48,0,50,0,2,56,0,58,64,0,64,122
07/13/2015,ASG,AR,ASW,CE,Federal Contract Tower,0,2,17,0,19,0,0,16,0,16,0,2,33,0,35,40,0,40,75
07/14/2015,ASG,AR,ASW,CE,Federal Contract Tower,0,2,17,0,19,0,7,42,0,49,0,9,59,0,68,56,0,56,124
07/15/2015,ASG,AR,ASW,CE,Federal Contract Tower,0,5,23,0,28,0,2,37,0,39,0,7,60,0,67,28,0,28,95
07/16/2015,ASG,AR,ASW,CE,Federal Contract Tower,0,2,22,0,24,0,5,45,0,50,0,7,67,0,74,38,0,38,112
07/17/2015,ASG,AR,ASW,CE,Federal Contract Tower,0,6,13,0,19,0,1,34,0,35,0,7,47,0,54,42,0,42,96
07/18/2015,ASG,AR,ASW,CE,Federal Contract Tower,0,1,5,2,8,0,0,35,0,35,0,1,40,2,43,58,0,58,101
07/19/2015,ASG,AR,ASW,CE,Federal Contract Tower,0,2,10,0,12,0,1,29,0,30,0,3,39,0,42,42,0,42,84
07/20/2015,ASG,AR,ASW,CE,Federal Contract Tower,0,3,20,0,23,0,0,21,0,21,0,3,41,0,44,68,0,68,112
07/21/2015,ASG,AR,ASW,CE,Federal Contract Tower,0,2,17,0,19,0,0,16,0,16,0,2,33,0,35,18,0,18,53
07/22/2015,ASG,AR,ASW,CE,Federal Contract Tower,0,5,16,0,21,0,0,13,0,13,0,5,29,0,34,14,0,14,48
07/23/2015,ASG,AR,ASW,CE,Federal Contract Tower,0,4,18,0,22,0,1,44,0,45,0,5,62,0,67,78,0,78,145
07/24/2015,ASG,AR,ASW,CE,Federal Contract Tower,0,4,7,0,11,0,2,26,0,28,0,6,33,0,39,46,0,46,85
07/25/2015,ASG,AR,ASW,CE,Federal Contract Tower,0,0,8,0,8,0,5,32,0,37,0,5,40,0,45,28,0,28,73
07/26/2015,ASG,AR,ASW,CE,Federal Contract Tower,0,1,12,0,13,0,0,31,0,31,0,1,43,0,44,12,0,12,56
07/27/2015,ASG,AR,ASW,CE,Federal Contract Tower,0,3,19,0,22,0,0,35,0,35,0,3,54,0,57,74,0,74,131
07/28/2015,ASG,AR,ASW,CE,Federal Contract Tower,0,2,10,0,12,0,0,33,0,33,0,2,43,0,45,32,0,32,77
07/29/2015,ASG,AR,ASW,CE,Federal Contract Tower,0,2,17,0,19,0,2,38,0,40,0,4,55,0,59,58,0,58,117
07/30/2015,ASG,AR,ASW,CE,Federal Contract Tower,0,4,29,0,33,0,2,34,0,36,0,6,63,0,69,66,0,66,135
07/31/2015,ASG,AR,ASW,CE,Federal Contract Tower,0,4,23,0,27,0,3,35,0,38,0,7,58,0,65,70,0,70,135
08/01/2015,ASG,AR,ASW,CE,Federal Contract Tower,0,0,13,0,13,0,3,32,0,35,0,3,45,0,48,20,0,20,68
08/02/2015,ASG,AR,ASW,CE,Federal Contract Tower,0,2,7,0,9,0,0,47,0,47,0,2,54,0,56,26,0,26,82
08/03/2015,ASG,AR,ASW,CE,Federal Contract Tower,0,2,17,0,19,0,0,21,0,21,0,2,38,0,40,34,0,34,74
08/04/2015,ASG,AR,ASW,CE,Federal Contract Tower,0,2,16,0,18,0,2,32,2,36,0,4,48,2,54,10,0,10,64
08/05/2015,ASG,AR,ASW,CE,Federal Contract Tower,0,4,19,0,23,0,1,25,0,26,0,5,44,0,49,38,0,38,87
08/06/2015,ASG,AR,ASW,CE,Federal Contract Tower,0,2,19,0,21,0,4,38,0,42,0,6,57,0,63,50,0,50,113
08/07/2015,ASG,AR,ASW,CE,Federal Contract Tower,0,3,18,0,21,0,2,38,0,40,0,5,56,0,61,24,0,24,85
08/08/2015,ASG,AR,ASW,CE,Federal Contract Tower,0,0,12,0,12,0,4,23,0,27,0,4,35,0,39,64,0,64,103
08/09/2015,ASG,AR,ASW,CE,Federal Contract Tower,0,0,8,0,8,0,1,25,0,26,0,1,33,0,34,6,0,6,40
08/10/2015,ASG,AR,ASW,CE,Federal Contract Tower,0,3,17,0,20,0,0,32,0,32,0,3,49,0,52,24,0,24,76
08/11/2015,ASG,AR,ASW,CE,Federal Contract Tower,0,4,20,0,24,0,1,22,0,23,0,5,42,0,47,34,0,34,81
08/12/2015,ASG,AR,ASW,CE,Federal Contract Tower,0,5,23,0,28,0,1,60,1,62,0,6,83,1,90,42,0,42,132
08/13/2015,ASG,AR,ASW,CE,Federal Contract Tower,0,11,22,0,33,0,4,59,0,63,0,15,81,0,96,48,0,48,144
08/14/2015,ASG,AR,ASW,CE,Federal Contract Tower,0,5,15,0,20,0,1,63,0,64,0,6,78,0,84,66,0,66,150
08/15/2015,ASG,AR,ASW,CE,Federal Contract Tower,0,1,6,0,7,0,2,61,0,63,0,3,67,0,70,66,0,66,136
08/16/2015,ASG,AR,ASW,CE,Federal Contract Tower,0,3,15,0,18,0,2,52,0,54,0,5,67,0,72,32,0,32,104
08/17/2015,ASG,AR,ASW,CE,Federal Contract Tower,0,3,17,0,20,0,0,29,0,29,0,3,46,0,49,14,0,14,63
08/18/2015,ASG,AR,ASW,CE,Federal Contract Tower,0,2,16,0,18,0,1,27,1,29,0,3,43,1,47,24,0,24,71
08/19/2015,ASG,AR,ASW,CE,Federal Contract Tower,0,6,12,0,18,0,0,12,0,12,0,6,24,0,30,50,0,50,80
08/20/2015,ASG,AR,ASW,CE,Federal Contract Tower,0,4,14,0,18,0,4,42,1,47,0,8,56,1,65,34,0,34,99
08/21/2015,ASG,AR,ASW,CE,Federal Contract Tower,0,2,36,0,38,0,0,24,0,24,0,2,60,0,62,26,0,26,88
08/22/2015,ASG,AR,ASW,CE,Federal Contract Tower,0,0,11,0,11,0,4,20,0,24,0,4,31,0,35,76,0,76,111
08/23/2015,ASG,AR,ASW,CE,Federal Contract Tower,0,0,11,0,11,0,0,14,0,14,0,0,25,0,25,6,0,6,31
08/24/2015,ASG,AR,ASW,CE,Federal Contract Tower,0,4,9,0,13,0,0,26,0,26,0,4,35,0,39,34,0,34,73
08/25/2015,ASG,AR,ASW,CE,Federal Contract Tower,0,2,20,0,22,0,0,34,0,34,0,2,54,0,56,24,0,24,80
08/26/2015,ASG,AR,ASW,CE,Federal Contract Tower,0,4,26,0,30,0,2,24,0,26,0,6,50,0,56,18,0,18,74
08/27/2015,ASG,AR,ASW,CE,Federal Contract Tower,0,8,29,0,37,0,6,31,0,37,0,14,60,0,74,26,0,26,100
08/28/2015,ASG,AR,ASW,CE,Federal Contract Tower,0,5,19,0,24,0,0,39,0,39,0,5,58,0,63,56,0,56,119
08/29/2015,ASG,AR,ASW,CE,Federal Contract Tower,0,0,10,0,10,0,3,31,0,34,0,3,41,0,44,34,0,34,78
08/30/2015,ASG,AR,ASW,CE,Federal Contract Tower,0,1,5,0,6,0,0,20,0,20,0,1,25,0,26,24,0,24,50
08/31/2015,ASG,AR,ASW,CE,Federal Contract Tower,0,4,18,0,22,0,1,55,0,56,0,5,73,0,78,38,0,38,116
09/01/2015,ASG,AR,ASW,CE,Federal Contract Tower,0,5,21,0,26,0,1,42,0,43,0,6,63,0,69,22,0,22,91
09/02/2015,ASG,AR,ASW,CE,Federal Contract Tower,0,3,25,0,28,0,2,41,0,43,0,5,66,0,71,34,0,34,105
09/03/2015,ASG,AR,ASW,CE,Federal Contract Tower,0,6,17,0,23,0,3,42,0,45,0,9,59,0,68,12,0,12,80
09/04/2015,ASG,AR,ASW,CE,Federal Contract Tower,0,3,26,0,29,0,0,50,0,50,0,3,76,0,79,24,0,24,103
09/05/2015,ASG,AR,ASW,CE,Federal Contract Tower,0,0,20,0,20,0,2,27,0,29,0,2,47,0,49,78,0,78,127
09/06/2015,ASG,AR,ASW,CE,Federal Contract Tower,0,0,23,0,23,0,5,24,0,29,0,5,47,0,52,4,0,4,56
09/07/2015,ASG,AR,ASW,CE,Federal Contract Tower,0,1,11,0,12,0,2,21,0,23,0,3,32,0,35,16,0,16,51
09/08/2015,ASG,AR,ASW,CE,Federal Contract Tower,0,2,11,0,13,0,0,25,0,25,0,2,36,0,38,0,0,0,38
09/09/2015,ASG,AR,ASW,CE,Federal Contract Tower,0,2,11,0,13,0,0,19,0,19,0,2,30,0,32,22,0,22,54
09/10/2015,ASG,AR,ASW,CE,Federal Contract Tower,0,2,18,0,20,0,2,29,0,31,0,4,47,0,51,32,0,32,83
09/11/2015,ASG,AR,ASW,CE,Federal Contract Tower,0,4,26,0,30,0,0,16,0,16,0,4,42,0,46,28,0,28,74
09/12/2015,ASG,AR,ASW,CE,Federal Contract Tower,0,0,12,0,12,0,0,36,0,36,0,0,48,0,48,18,0,18,66
09/13/2015,ASG,AR,ASW,CE,Federal Contract Tower,0,1,11,0,12,0,3,15,0,18,0,4,26,0,30,2,0,2,32
09/14/2015,ASG,AR,ASW,CE,Federal Contract Tower,0,4,35,0,39,0,6,44,0,50,0,10,79,0,89,32,0,32,121
09/15/2015,ASG,AR,ASW,CE,Federal Contract Tower,0,5,41,0,46,0,4,20,0,24,0,9,61,0,70,0,0,0,70
09/16/2015,ASG,AR,ASW,CE,Federal Contract Tower,0,2,16,0,18,0,2,31,0,33,0,4,47,0,51,0,0,0,51
09/17/2015,ASG,AR,ASW,CE,Federal Contract Tower,0,4,28,0,32,0,0,37,0,37,0,4,65,0,69,28,0,28,97
09/18/2015,ASG,AR,ASW,CE,Federal Contract Tower,0,9,29,0,38,0,0,20,0,20,0,9,49,0,58,24,0,24,82
09/19/2015,ASG,AR,ASW,CE,Federal Contract Tower,0,0,15,0,15,0,0,23,0,23,0,0,38,0,38,30,0,30,68
09/20/2015,ASG,AR,ASW,CE,Federal Contract Tower,0,4,29,0,33,0,2,31,0,33,0,6,60,0,66,56,0,56,122
09/21/2015,ASG,AR,ASW,CE,Federal Contract Tower,0,3,20,0,23,0,2,26,1,29,0,5,46,1,52,16,0,16,68
09/22/2015,ASG,AR,ASW,CE,Federal Contract Tower,0,2,12,0,14,0,6,44,0,50,0,8,56,0,64,40,0,40,104
09/23/2015,ASG,AR,ASW,CE,Federal Contract Tower,0,3,23,0,26,0,1,40,0,41,0,4,63,0,67,36,0,36,103
09/24/2015,ASG,AR,ASW,CE,Federal Contract Tower,0,3,16,0,19,0,4,34,0,38,0,7,50,0,57,10,0,10,67
09/25/2015,ASG,AR,ASW,CE,Federal Contract Tower,0,4,17,0,21,0,0,46,0,46,0,4,63,0,67,24,0,24,91
09/26/2015,ASG,AR,ASW,CE,Federal Contract Tower,0,1,5,0,6,0,4,37,0,41,0,5,42,0,47,24,0,24,71
09/27/2015,ASG,AR,ASW,CE,Federal Contract Tower,0,3,15,0,18,0,2,23,0,25,0,5,38,0,43,32,0,32,75
09/28/2015,ASG,AR,ASW,CE,Federal Contract Tower,0,3,17,0,20,0,6,25,0,31,0,9,42,0,51,46,0,46,97
09/29/2015,ASG,AR,ASW,CE,Federal Contract Tower,0,3,29,0,32,0,3,32,0,35,0,6,61,0,67,24,0,24,91
09/30/2015,ASG,AR,ASW,CE,Federal Contract Tower,0,9,32,0,41,0,0,9,0,9,0,9,41,0,50,0,0,0,50
10/01/2015,ASG,AR,ASW,CE,Federal Contract Tower,0,6,28,0,34,0,0,33,0,33,0,6,61,0,67,12,0,12,79
10/02/2015,ASG,AR,ASW,CE,Federal Contract Tower,0,3,27,3,33,0,0,45,0,45,0,3,72,3,78,28,0,28,106
10/03/2015,ASG,AR,ASW,CE,Federal Contract Tower,0,0,17,0,17,0,0,52,0,52,0,0,69,0,69,34,0,34,103
10/04/2015,ASG,AR,ASW,CE,Federal Contract Tower,0,3,10,0,13,0,1,30,0,31,0,4,40,0,44,62,0,62,106
10/05/2015,ASG,AR,ASW,CE,Federal Contract Tower,0,2,13,0,15,0,0,4,0,4,0,2,17,0,19,10,0,10,29
10/06/2015,ASG,AR,ASW,CE,Federal Contract Tower,0,5,27,0,32,0,3,17,0,20,0,8,44,0,52,24,0,24,76
10/07/2015,ASG,AR,ASW,CE,Federal Contract Tower,0,2,34,0,36,0,0,18,0,18,0,2,52,0,54,34,0,34,88
10/08/2015,ASG,AR,ASW,CE,Federal Contract Tower,0,2,10,0,12,0,1,22,0,23,0,3,32,0,35,76,0,76,111
10/09/2015,ASG,AR,ASW,CE,Federal Contract Tower,0,2,19,0,21,0,0,14,0,14,0,2,33,0,35,66,0,66,101
10/10/2015,ASG,AR,ASW,CE,Federal Contract Tower,0,2,8,0,10,0,0,75,0,75,0,2,83,0,85,102,0,102,187
10/11/2015,ASG,AR,ASW,CE,Federal Contract Tower,0,3,10,0,13,0,0,20,0,20,0,3,30,0,33,92,0,92,125
10/12/2015,ASG,AR,ASW,CE,Federal Contract Tower,0,1,9,0,10,0,0,21,0,21,0,1,30,0,31,4,0,4,35
10/13/2015,ASG,AR,ASW,CE,Federal Contract Tower,0,2,25,0,27,0,1,50,0,51,0,3,75,0,78,36,0,36,114
10/14/2015,ASG,AR,ASW,CE,Federal Contract Tower,0,2,31,0,33,0,2,38,0,40,0,4,69,0,73,36,0,36,109
10/15/2015,ASG,AR,ASW,CE,Federal Contract Tower,0,3,25,0,28,0,0,37,0,37,0,3,62,0,65,52,0,52,117
10/16/2015,ASG,AR,ASW,CE,Federal Contract Tower,0,8,21,0,29,0,1,30,0,31,0,9,51,0,60,12,0,12,72
10/17/2015,ASG,AR,ASW,CE,Federal Contract Tower,0,0,8,0,8,0,0,33,0,33,0,0,41,0,41,6,0,6,47
10/18/2015,ASG,AR,ASW,CE,Federal Contract Tower,0,1,14,0,15,0,0,45,0,45,0,1,59,0,60,22,0,22,82
10/19/2015,ASG,AR,ASW,CE,Federal Contract Tower,0,6,17,0,23,0,0,26,0,26,0,6,43,0,49,68,0,68,117
10/20/2015,ASG,AR,ASW,CE,Federal Contract Tower,0,6,18,0,24,0,0,35,0,35,0,6,53,0,59,28,0,28,87
10/21/2015,ASG,AR,ASW,CE,Federal Contract Tower,0,7,21,0,28,0,0,36,0,36,0,7,57,0,64,78,0,78,142
10/22/2015,ASG,AR,ASW,CE,Federal Contract Tower,0,2,20,0,22,0,4,31,0,35,0,6,51,0,57,70,0,70,127
10/23/2015,ASG,AR,ASW,CE,Federal Contract Tower,0,5,19,0,24,0,2,10,0,12,0,7,29,0,36,40,0,40,76
10/24/2015,ASG,AR,ASW,CE,Federal Contract Tower,0,0,19,0,19,0,0,23,0,23,0,0,42,0,42,32,0,32,74
10/25/2015,ASG,AR,ASW,CE,Federal Contract Tower,0,2,14,0,16,0,0,20,0,20,0,2,34,0,36,4,0,4,40
10/26/2015,ASG,AR,ASW,CE,Federal Contract Tower,0,4,13,0,17,0,0,20,0,20,0,4,33,0,37,0,0,0,37
10/27/2015,ASG,AR,ASW,CE,Federal Contract Tower,0,2,8,0,10,0,0,1,0,1,0,2,9,0,11,0,0,0,11
10/28/2015,ASG,AR,ASW,CE,Federal Contract Tower,0,6,16,0,22,0,0,7,0,7,0,6,23,0,29,52,0,52,81
10/29/2015,ASG,AR,ASW,CE,Federal Contract Tower,0,3,20,0,23,0,0,57,0,57,0,3,77,0,80,78,0,78,158
10/30/2015,ASG,AR,ASW,CE,Federal Contract Tower,0,5,14,0,19,0,2,15,0,17,0,7,29,0,36,26,0,26,62
10/31/2015,ASG,AR,ASW,CE,Federal Contract Tower,0,0,6,0,6,0,0,1,0,1,0,0,7,0,7,0,0,0,7
11/01/2015,ASG,AR,ASW,CE,Federal Contract Tower,0,1,18,0,19,0,0,45,0,45,0,1,63,0,64,32,0,32,96
11/02/2015,ASG,AR,ASW,CE,Federal Contract Tower,0,6,16,0,22,0,1,25,0,26,0,7,41,0,48,42,0,42,90
11/03/2015,ASG,AR,ASW,CE,Federal Contract Tower,0,9,18,0,27,0,2,23,0,25,0,11,41,0,52,8,0,8,60
11/04/2015,ASG,AR,ASW,CE,Federal Contract Tower,0,2,30,0,32,0,1,19,0,20,0,3,49,0,52,12,0,12,64
11/05/2015,ASG,AR,ASW,CE,Federal Contract Tower,0,2,13,0,15,0,0,2,0,2,0,2,15,0,17,2,0,2,19
11/06/2015,ASG,AR,ASW,CE,Federal Contract Tower,0,5,20,0,25,0,1,31,0,32,0,6,51,0,57,58,0,58,115
11/07/2015,ASG,AR,ASW,CE,Federal Contract Tower,0,1,13,0,14,0,0,42,0,42,0,1,55,0,56,54,0,54,110
11/08/2015,ASG,AR,ASW,CE,Federal Contract Tower,0,1,13,0,14,0,1,33,0,34,0,2,46,0,48,34,0,34,82
11/09/2015,ASG,AR,ASW,CE,Federal Contract Tower,0,5,18,0,23,0,1,36,0,37,0,6,54,0,60,60,0,60,120
11/10/2015,ASG,AR,ASW,CE,Federal Contract Tower,0,2,18,0,20,0,0,68,0,68,0,2,86,0,88,50,0,50,138
11/11/2015,ASG,AR,ASW,CE,Federal Contract Tower,0,3,9,0,12,0,0,5,0,5,0,3,14,0,17,0,0,0,17
11/12/2015,ASG,AR,ASW,CE,Federal Contract Tower,0,10,25,0,35,0,0,29,0,29,0,10,54,0,64,98,0,98,162
11/13/2015,ASG,AR,ASW,CE,Federal Contract Tower,0,5,23,0,28,0,0,43,0,43,0,5,66,0,71,76,0,76,147
11/14/2015,ASG,AR,ASW,CE,Federal Contract Tower,0,0,8,0,8,0,0,47,4,51,0,0,55,4,59,80,0,80,139
11/15/2015,ASG,AR,ASW,CE,Federal Contract Tower,0,3,12,0,15,0,0,16,0,16,0,3,28,0,31,8,0,8,39
11/16/2015,ASG,AR,ASW,CE,Federal Contract Tower,0,4,12,0,16,0,0,8,0,8,0,4,20,0,24,18,0,18,42
11/17/2015,ASG,AR,ASW,CE,Federal Contract Tower,0,3,2,0,5,0,0,1,0,1,0,3,3,0,6,0,0,0,6
11/18/2015,ASG,AR,ASW,CE,Federal Contract Tower,0,2,15,0,17,0,0,11,0,11,0,2,26,0,28,0,0,0,28
11/19/2015,ASG,AR,ASW,CE,Federal Contract Tower,0,3,26,0,29,0,0,38,0,38,0,3,64,0,67,68,0,68,135
11/20/2015,ASG,AR,ASW,CE,Federal Contract Tower,0,2,32,0,34,0,2,32,0,34,0,4,64,0,68,26,0,26,94
11/21/2015,ASG,AR,ASW,CE,Federal Contract Tower,0,0,16,0,16,0,0,10,2,12,0,0,26,2,28,0,0,0,28
11/22/2015,ASG,AR,ASW,CE,Federal Contract Tower,0,2,23,0,25,0,0,44,0,44,0,2,67,0,69,8,0,8,77
11/23/2015,ASG,AR,ASW,CE,Federal Contract Tower,0,4,15,0,19,0,0,55,0,55,0,4,70,0,74,86,0,86,160
11/24/2015,ASG,AR,ASW,CE,Federal Contract Tower,0,2,15,0,17,0,0,39,0,39,0,2,54,0,56,52,0,52,108
11/25/2015,ASG,AR,ASW,CE,Federal Contract Tower,0,2,28,0,30,0,0,26,0,26,0,2,54,0,56,92,0,92,148
11/26/2015,ASG,AR,ASW,CE,Federal Contract Tower,0,1,5,0,6,0,1,0,0,1,0,2,5,0,7,0,0,0,7
11/27/2015,ASG,AR,ASW,CE,Federal Contract Tower,0,4,13,0,17,0,0,0,0,0,0,4,13,0,17,0,0,0,17
11/28/2015,ASG,AR,ASW,CE,Federal Contract Tower,0,1,4,0,5,0,0,0,0,0,0,1,4,0,5,0,0,0,5
11/29/2015,ASG,AR,ASW,CE,Federal Contract Tower,0,2,7,0,9,0,0,0,0,0,0,2,7,0,9,0,0,0,9
11/30/2015,ASG,AR,ASW,CE,Federal Contract Tower,0,5,18,0,23,0,0,0,0,0,0,5,18,0,23,0,0,0,23
12/01/2015,ASG,AR,ASW,CE,Federal Contract Tower,0,4,28,0,32,0,3,46,0,49,0,7,74,0,81,92,0,92,173
12/02/2015,ASG,AR,ASW,CE,Federal Contract Tower,0,6,28,0,34,0,2,32,0,34,0,8,60,0,68,70,0,70,138
12/03/2015,ASG,AR,ASW,CE,Federal Contract Tower,0,6,24,0,30,0,3,39,0,42,0,9,63,0,72,84,0,84,156
12/04/2015,ASG,AR,ASW,CE,Federal Contract Tower,0,2,32,0,34,0,0,49,0,49,0,2,81,0,83,32,0,32,115
12/05/2015,ASG,AR,ASW,CE,Federal Contract Tower,0,1,15,0,16,0,0,43,0,43,0,1,58,0,59,20,0,20,79
12/06/2015,ASG,AR,ASW,CE,Federal Contract Tower,0,1,9,0,10,0,1,18,0,19,0,2,27,0,29,6,0,6,35
12/07/2015,ASG,AR,ASW,CE,Federal Contract Tower,0,2,20,0,22,0,7,41,0,48,0,9,61,0,70,88,0,88,158
12/08/2015,ASG,AR,ASW,CE,Federal Contract Tower,0,6,20,0,26,0,0,42,0,42,0,6,62,0,68,20,0,20,88
12/09/2015,ASG,AR,ASW,CE,Federal Contract Tower,0,2,28,0,30,0,3,63,0,66,0,5,91,0,96,44,0,44,140
12/10/2015,ASG,AR,ASW,CE,Federal Contract Tower,0,7,17,0,24,0,0,47,0,47,0,7,64,0,71,48,0,48,119
12/11/2015,ASG,AR,ASW,CE,Federal Contract Tower,0,6,24,0,30,0,2,28,0,30,0,8,52,0,60,0,0,0,60
12/12/2015,ASG,AR,ASW,CE,Federal Contract Tower,0,0,3,0,3,0,0,19,0,19,0,0,22,0,22,60,0,60,82
12/13/2015,ASG,AR,ASW,CE,Federal Contract Tower,0,0,3,0,3,0,0,0,0,0,0,0,3,0,3,0,0,0,3
12/14/2015,ASG,AR,ASW,CE,Federal Contract Tower,0,4,15,0,19,0,0,20,0,20,0,4,35,0,39,20,0,20,59
12/15/2015,ASG,AR,ASW,CE,Federal Contract Tower,0,5,18,0,23,0,2,51,0,53,0,7,69,0,76,62,0,62,138
12/16/2015,ASG,AR,ASW,CE,Federal Contract Tower,0,6,18,0,24,0,0,53,0,53,0,6,71,0,77,18,0,18,95
12/17/2015,ASG,AR,ASW,CE,Federal Contract Tower,0,2,25,0,27,0,1,63,0,64,0,3,88,0,91,68,0,68,159
12/18/2015,ASG,AR,ASW,CE,Federal Contract Tower,0,2,18,0,20,0,0,36,0,36,0,2,54,0,56,32,0,32,88
12/19/2015,ASG,AR,ASW,CE,Federal Contract Tower,0,0,11,0,11,0,0,57,0,57,0,0,68,0,68,32,0,32,100
12/20/2015,ASG,AR,ASW,CE,Federal Contract Tower,0,0,9,0,9,0,2,36,0,38,0,2,45,0,47,4,0,4,51
12/21/2015,ASG,AR,ASW,CE,Federal Contract Tower,0,1,11,0,12,0,3,20,0,23,0,4,31,0,35,8,0,8,43
12/22/2015,ASG,AR,ASW,CE,Federal Contract Tower,0,4,16,0,20,0,3,40,0,43,0,7,56,0,63,36,0,36,99
12/23/2015,ASG,AR,ASW,CE,Federal Contract Tower,0,2,5,0,7,0,1,39,0,40,0,3,44,0,47,6,0,6,53
12/24/2015,ASG,AR,ASW,CE,Federal Contract Tower,0,6,8,0,14,0,1,29,0,30,0,7,37,0,44,30,0,30,74
12/25/2015,ASG,AR,ASW,CE,Federal Contract Tower,0,2,4,0,6,0,0,15,0,15,0,2,19,0,21,0,0,0,21
12/26/2015,ASG,AR,ASW,CE,Federal Contract Tower,0,0,2,0,2,0,0,0,0,0,0,0,2,0,2,0,0,0,2
12/27/2015,ASG,AR,ASW,CE,Federal Contract Tower,0,0,2,0,2,0,0,0,0,0,0,0,2,0,2,0,0,0,2
12/28/2015,ASG,AR,ASW,CE,Federal Contract Tower,0,2,3,0,5,0,0,0,0,0,0,2,3,0,5,0,0,0,5
12/29/2015,ASG,AR,ASW,CE,Federal Contract Tower,0,2,18,0,20,0,0,3,0,3,0,2,21,0,23,8,0,8,31
12/30/2015,ASG,AR,ASW,CE,Federal Contract Tower,0,2,8,0,10,0,0,22,0,22,0,2,30,0,32,44,0,44,76
12/31/2015,ASG,AR,ASW,CE,Federal Contract Tower,0,2,11,0,13,0,0,48,0,48,0,2,59,0,61,74,0,74,135
01/01/2016,ASG,AR,ASW,CE,Federal Contract Tower,0,0,8,0,8,0,0,23,0,23,0,0,31,0,31,8,0,8,39
01/02/2016,ASG,AR,ASW,CE,Federal Contract Tower,0,0,22,0,22,0,0,35,0,35,0,0,57,0,57,26,0,26,83
01/03/2016,ASG,AR,ASW,CE,Federal Contract Tower,0,3,12,0,15,0,0,23,0,23,0,3,35,0,38,26,0,26,64
01/04/2016,ASG,AR,ASW,CE,Federal Contract Tower,0,9,10,0,19,0,3,20,0,23,0,12,30,0,42,22,0,22,64
01/05/2016,ASG,AR,ASW,CE,Federal Contract Tower,0,2,15,0,17,0,3,33,0,36,0,5,48,0,53,78,0,78,131
01/06/2016,ASG,AR,ASW,CE,Federal Contract Tower,0,2,11,0,13,0,2,20,0,22,0,4,31,0,35,12,0,12,47
01/07/2016,ASG,AR,ASW,CE,Federal Contract Tower,0,3,9,0,12,0,0,2,0,2,0,3,11,0,14,0,0,0,14
01/08/2016,ASG,AR,ASW,CE,Federal Contract Tower,0,4,18,0,22,0,0,12,0,12,0,4,30,0,34,80,0,80,114
01/09/2016,ASG,AR,ASW,CE,Federal Contract Tower,0,0,4,0,4,0,0,0,0,0,0,0,4,0,4,0,0,0,4
01/10/2016,ASG,AR,ASW,CE,Federal Contract Tower,0,0,13,0,13,0,0,24,0,24,0,0,37,0,37,16,0,16,53
01/11/2016,ASG,AR,ASW,CE,Federal Contract Tower,0,4,7,0,11,0,1,23,0,24,0,5,30,0,35,2,0,2,37
01/12/2016,ASG,AR,ASW,CE,Federal Contract Tower,0,3,9,0,12,0,5,45,0,50,0,8,54,0,62,42,0,42,104
01/13/2016,ASG,AR,ASW,CE,Federal Contract Tower,0,5,22,0,27,0,3,35,0,38,0,8,57,0,65,54,0,54,119
01/14/2016,ASG,AR,ASW,CE,Federal Contract Tower,0,2,13,0,15,0,2,27,0,29,0,4,40,0,44,14,0,14,58
01/15/2016,ASG,AR,ASW,CE,Federal Contract Tower,0,5,12,0,17,0,0,21,0,21,0,5,33,0,38,44,0,44,82
01/16/2016,ASG,AR,ASW,CE,Federal Contract Tower,0,0,8,0,8,0,0,40,0,40,0,0,48,0,48,32,0,32,80
01/17/2016,ASG,AR,ASW,CE,Federal Contract Tower,0,0,4,0,4,0,0,17,0,17,0,0,21,0,21,26,0,26,47
01/18/2016,ASG,AR,ASW,CE,Federal Contract Tower,0,4,28,0,32,0,5,19,0,24,0,9,47,0,56,14,0,14,70
01/19/2016,ASG,AR,ASW,CE,Federal Contract Tower,0,4,23,0,27,0,0,9,0,9,0,4,32,0,36,30,0,30,66
01/20/2016,ASG,AR,ASW,CE,Federal Contract Tower,0,2,11,0,13,0,0,0,0,0,0,2,11,0,13,0,0,0,13
01/21/2016,ASG,AR,ASW,CE,Federal Contract Tower,0,2,4,0,6,0,0,0,0,0,0,2,4,0,6,0,0,0,6
01/22/2016,ASG,AR,ASW,CE,Federal Contract Tower,0,2,12,0,14,0,0,22,2,24,0,2,34,2,38,12,0,12,50
01/23/2016,ASG,AR,ASW,CE,Federal Contract Tower,0,0,16,0,16,0,0,30,0,30,0,0,46,0,46,38,0,38,84
01/24/2016,ASG,AR,ASW,CE,Federal Contract Tower,0,0,5,0,5,0,3,11,0,14,0,3,16,0,19,22,0,22,41
01/25/2016,ASG,AR,ASW,CE,Federal Contract Tower,0,6,21,0,27,0,6,5,0,11,0,12,26,0,38,0,0,0,38
01/26/2016,ASG,AR,ASW,CE,Federal Contract Tower,0,2,20,0,22,0,4,26,0,30,0,6,46,0,52,34,0,34,86
01/27/2016,ASG,AR,ASW,CE,Federal Contract Tower,0,2,22,0,24,0,8,31,0,39,0,10,53,0,63,18,0,18,81
01/28/2016,ASG,AR,ASW,CE,Federal Contract Tower,0,4,31,0,35,0,1,56,0,57,0,5,87,0,92,40,0,40,132
01/29/2016,ASG,AR,ASW,CE,Federal Contract Tower,0,6,15,0,21,0,0,45,0,45,0,6,60,0,66,56,0,56,122
01/30/2016,ASG,AR,ASW,CE,Federal Contract Tower,0,1,14,0,15,0,0,61,0,61,0,1,75,0,76,36,0,36,112
01/31/2016,ASG,AR,ASW,CE,Federal Contract Tower,0,0,7,0,7,0,0,22,0,22,0,0,29,0,29,16,0,16,45
02/01/2016,ASG,AR,ASW,CE,Federal Contract Tower,0,2,9,0,11,0,0,16,0,16,0,2,25,0,27,4,0,4,31
02/02/2016,ASG,AR,ASW,CE,Federal Contract Tower,0,5,8,0,13,0,2,4,0,6,0,7,12,0,19,0,0,0,19
02/03/2016,ASG,AR,ASW,CE,Federal Contract Tower,0,2,17,0,19,0,5,18,0,23,0,7,35,0,42,18,0,18,60
02/04/2016,ASG,AR,ASW,CE,Federal Contract Tower,0,5,30,0,35,0,1,35,0,36,0,6,65,0,71,30,0,30,101
02/05/2016,ASG,AR,ASW,CE,Federal Contract Tower,0,8,17,0,25,0,0,22,0,22,0,8,39,0,47,10,0,10,57
02/06/2016,ASG,AR,ASW,CE,Federal Contract Tower,0,0,18,0,18,0,0,49,0,49,0,0,67,0,67,42,0,42,109
02/07/2016,ASG,AR,ASW,CE,Federal Contract Tower,0,1,6,0,7,0,3,23,0,26,0,4,29,0,33,12,0,12,45
02/08/2016,ASG,AR,ASW,CE,Federal Contract Tower,0,9,6,0,15,0,3,2,0,5,0,12,8,0,20,0,0,0,20
02/09/2016,ASG,AR,ASW,CE,Federal Contract Tower,0,2,18,0,20,0,0,10,0,10,0,2,28,0,30,2,0,2,32
02/10/2016,ASG,AR,ASW,CE,Federal Contract Tower,0,2,10,0,12,0,0,33,0,33,0,2,43,0,45,10,0,10,55
02/11/2016,ASG,AR,ASW,CE,Federal Contract Tower,0,2,22,0,24,0,0,55,0,55,0,2,77,0,79,22,0,22,101
02/12/2016,ASG,AR,ASW,CE,Federal Contract Tower,0,2,20,0,22,0,0,65,0,65,0,2,85,0,87,40,0,40,127
02/13/2016,ASG,AR,ASW,CE,Federal Contract Tower,0,0,10,0,10,0,0,94,0,94,0,0,104,0,104,24,0,24,128
02/14/2016,ASG,AR,ASW,CE,Federal Contract Tower,0,0,5,0,5,0,0,0,0,0,0,0,5,0,5,0,0,0,5
02/15/2016,ASG,AR,ASW,CE,Federal Contract Tower,0,3,9,0,12,0,0,14,0,14,0,3,23,0,26,18,0,18,44
02/16/2016,ASG,AR,ASW,CE,Federal Contract Tower,0,5,17,0,22,0,0,22,0,22,0,5,39,0,44,12,0,12,56
02/17/2016,ASG,AR,ASW,CE,Federal Contract Tower,0,8,23,0,31,0,1,65,0,66,0,9,88,0,97,58,0,58,155
02/18/2016,ASG,AR,ASW,CE,Federal Contract Tower,0,4,13,0,17,0,2,17,0,19,0,6,30,0,36,4,0,4,40
02/19/2016,ASG,AR,ASW,CE,Federal Contract Tower,0,4,13,0,17,0,0,44,0,44,0,4,57,0,61,70,0,70,131
02/20/2016,ASG,AR,ASW,CE,Federal Contract Tower,0,0,15,0,15,0,0,37,0,37,0,0,52,0,52,6,0,6,58
02/21/2016,ASG,AR,ASW,CE,Federal Contract Tower,0,0,11,0,11,0,0,12,0,12,0,0,23,0,23,16,0,16,39
02/22/2016,ASG,AR,ASW,CE,Federal Contract Tower,0,5,8,0,13,0,7,38,0,45,0,12,46,0,58,46,0,46,104
02/23/2016,ASG,AR,ASW,CE,Federal Contract Tower,0,2,15,0,17,0,0,2,0,2,0,2,17,0,19,2,0,2,21
02/24/2016,ASG,AR,ASW,CE,Federal Contract Tower,0,2,9,0,11,0,0,15,0,15,0,2,24,0,26,26,0,26,52
02/25/2016,ASG,AR,ASW,CE,Federal Contract Tower,0,2,16,0,18,0,6,21,0,27,0,8,37,0,45,20,0,20,65
02/26/2016,ASG,AR,ASW,CE,Federal Contract Tower,0,4,33,0,37,0,0,33,0,33,0,4,66,0,70,26,0,26,96
02/27/2016,ASG,AR,ASW,CE,Federal Contract Tower,0,2,16,0,18,0,0,46,0,46,0,2,62,0,64,20,0,20,84
02/28/2016,ASG,AR,ASW,CE,Federal Contract Tower,0,1,12,0,13,0,0,8,0,8,0,1,20,0,21,12,0,12,33
02/29/2016,ASG,AR,ASW,CE,Federal Contract Tower,0,2,26,0,28,0,0,34,0,34,0,2,60,0,62,30,0,30,92
03/01/2016,ASG,AR,ASW,CE,Federal Contract Tower,0,2,23,0,25,0,2,22,0,24,0,4,45,0,49,0,0,0,49
03/02/2016,ASG,AR,ASW,CE,Federal Contract Tower,0,5,20,0,25,0,0,4,0,4,0,5,24,0,29,42,0,42,71
03/03/2016,ASG,AR,ASW,CE,Federal Contract Tower,0,6,17,0,23,0,0,16,0,16,0,6,33,0,39,12,0,12,51
03/04/2016,ASG,AR,ASW,CE,Federal Contract Tower,0,2,39,0,41,0,0,51,0,51,0,2,90,0,92,38,0,38,130
03/05/2016,ASG,AR,ASW,CE,Federal Contract Tower,0,0,12,0,12,0,0,33,0,33,0,0,45,0,45,46,0,46,91
03/06/2016,ASG,AR,ASW,CE,Federal Contract Tower,0,0,12,0,12,0,3,15,0,18,0,3,27,0,30,0,0,0,30
03/07/2016,ASG,AR,ASW,CE,Federal Contract Tower,0,6,10,0,16,0,0,1,0,1,0,6,11,0,17,0,0,0,17
03/08/2016,ASG,AR,ASW,CE,Federal Contract Tower,0,2,13,0,15,0,2,3,0,5,0,4,16,0,20,0,0,0,20
03/09/2016,ASG,AR,ASW,CE,Federal Contract Tower,0,2,14,0,16,0,0,3,0,3,0,2,17,0,19,48,0,48,67
03/10/2016,ASG,AR,ASW,CE,Federal Contract Tower,0,2,17,0,19,0,0,2,0,2,0,2,19,0,21,32,0,32,53
03/11/2016,ASG,AR,ASW,CE,Federal Contract Tower,0,5,23,0,28,0,0,9,0,9,0,5,32,0,37,4,0,4,41
03/12/2016,ASG,AR,ASW,CE,Federal Contract Tower,0,0,8,0,8,0,0,2,0,2,0,0,10,0,10,0,0,0,10
03/13/2016,ASG,AR,ASW,CE,Federal Contract Tower,0,0,4,0,4,0,0,5,0,5,0,0,9,0,9,0,0,0,9
03/14/2016,ASG,AR,ASW,CE,Federal Contract Tower,0,2,18,0,20,0,1,53,0,54,0,3,71,0,74,48,0,48,122
03/15/2016,ASG,AR,ASW,CE,Federal Contract Tower,0,2,16,0,18,0,1,37,0,38,0,3,53,0,56,20,0,20,76
03/16/2016,ASG,AR,ASW,CE,Federal Contract Tower,0,2,24,0,26,0,0,36,0,36,0,2,60,0,62,40,0,40,102
03/17/2016,ASG,AR,ASW,CE,Federal Contract Tower,0,2,17,0,19,0,0,51,0,51,0,2,68,0,70,54,0,54,124
03/18/2016,ASG,AR,ASW,CE,Federal Contract Tower,0,2,16,0,18,0,0,11,0,11,0,2,27,0,29,32,0,32,61
03/19/2016,ASG,AR,ASW,CE,Federal Contract Tower,0,0,21,0,21,0,0,41,0,41,0,0,62,0,62,26,0,26,88
03/20/2016,ASG,AR,ASW,CE,Federal Contract Tower,0,0,16,0,16,0,0,22,0,22,0,0,38,0,38,38,0,38,76
03/22/2016,ASG,AR,ASW,CE,Federal Contract Tower,0,4,17,0,21,0,3,8,0,11,0,7,25,0,32,0,0,0,32
03/23/2016,ASG,AR,ASW,CE,Federal Contract Tower,0,6,8,0,14,0,0,1,0,1,0,6,9,0,15,0,0,0,15
03/24/2016,ASG,AR,ASW,CE,Federal Contract Tower,0,5,13,0,18,0,0,6,0,6,0,5,19,0,24,12,0,12,36
03/25/2016,ASG,AR,ASW,CE,Federal Contract Tower,0,3,10,0,13,0,0,36,0,36,0,3,46,0,49,44,0,44,93
03/26/2016,ASG,AR,ASW,CE,Federal Contract Tower,0,0,7,0,7,0,0,58,2,60,0,0,65,2,67,104,0,104,171
03/27/2016,ASG,AR,ASW,CE,Federal Contract Tower,0,2,11,0,13,0,0,7,0,7,0,2,18,0,20,0,0,0,20
03/28/2016,ASG,AR,ASW,CE,Federal Contract Tower,0,5,20,0,25,0,7,56,0,63,0,12,76,0,88,12,0,12,100
03/29/2016,ASG,AR,ASW,CE,Federal Contract Tower,0,2,15,0,17,0,2,42,0,44,0,4,57,0,61,10,0,10,71
03/30/2016,ASG,AR,ASW,CE,Federal Contract Tower,0,8,8,0,16,0,0,6,0,6,0,8,14,0,22,16,0,16,38
03/31/2016,ASG,AR,ASW,CE,Federal Contract Tower,0,5,15,0,20,0,0,21,0,21,0,5,36,0,41,0,0,0,41
04/01/2016,ASG,AR,ASW,CE,Federal Contract Tower,0,7,20,0,27,0,0,28,0,28,0,7,48,0,55,40,0,40,95
04/02/2016,ASG,AR,ASW,CE,Federal Contract Tower,0,0,9,0,9,0,0,38,0,38,0,0,47,0,47,4,0,4,51
04/03/2016,ASG,AR,ASW,CE,Federal Contract Tower,0,1,7,0,8,0,5,26,0,31,0,6,33,0,39,0,0,0,39
04/04/2016,ASG,AR,ASW,CE,Federal Contract Tower,0,5,21,0,26,0,0,31,0,31,0,5,52,0,57,20,0,20,77
04/05/2016,ASG,AR,ASW,CE,Federal Contract Tower,0,2,19,0,21,0,4,28,0,32,0,6,47,0,53,22,0,22,75
04/06/2016,ASG,AR,ASW,CE,Federal Contract Tower,0,4,16,0,20,0,3,13,0,16,0,7,29,0,36,0,0,0,36
04/07/2016,ASG,AR,ASW,CE,Federal Contract Tower,0,2,18,0,20,0,3,32,0,35,0,5,50,0,55,18,0,18,73
04/08/2016,ASG,AR,ASW,CE,Federal Contract Tower,0,5,23,0,28,0,0,33,0,33,0,5,56,0,61,36,0,36,97
04/09/2016,ASG,AR,ASW,CE,Federal Contract Tower,0,2,7,0,9,0,0,40,0,40,0,2,47,0,49,18,0,18,67
04/10/2016,ASG,AR,ASW,CE,Federal Contract Tower,0,0,5,0,5,0,0,0,0,0,0,0,5,0,5,0,0,0,5
04/11/2016,ASG,AR,ASW,CE,Federal Contract Tower,0,2,18,0,20,0,0,6,0,6,0,2,24,0,26,10,0,10,36
04/12/2016,ASG,AR,ASW,CE,Federal Contract Tower,0,2,31,0,33,0,4,44,0,48,0,6,75,0,81,20,0,20,101
04/13/2016,ASG,AR,ASW,CE,Federal Contract Tower,0,2,16,0,18,0,2,31,0,33,0,4,47,0,51,80,0,80,131
04/14/2016,ASG,AR,ASW,CE,Federal Contract Tower,0,3,19,0,22,0,5,35,0,40,0,8,54,0,62,46,0,46,108
04/15/2016,ASG,AR,ASW,CE,Federal Contract Tower,0,6,27,0,33,0,9,19,0,28,0,15,46,0,61,50,0,50,111
04/16/2016,ASG,AR,ASW,CE,Federal Contract Tower,0,1,19,0,20,0,0,6,0,6,0,1,25,0,26,40,0,40,66
04/17/2016,ASG,AR,ASW,CE,Federal Contract Tower,0,2,13,0,15,0,0,4,0,4,0,2,17,0,19,0,0,0,19
04/18/2016,ASG,AR,ASW,CE,Federal Contract Tower,0,4,12,0,16,0,2,8,0,10,0,6,20,0,26,26,0,26,52
04/19/2016,ASG,AR,ASW,CE,Federal Contract Tower,0,5,14,0,19,0,4,16,0,20,0,9,30,0,39,64,0,64,103
04/20/2016,ASG,AR,ASW,CE,Federal Contract Tower,0,3,24,0,27,0,0,10,0,10,0,3,34,0,37,4,0,4,41
04/21/2016,ASG,AR,ASW,CE,Federal Contract Tower,0,6,16,0,22,0,3,12,0,15,0,9,28,0,37,18,0,18,55
04/22/2016,ASG,AR,ASW,CE,Federal Contract Tower,0,3,27,0,30,0,0,39,0,39,0,3,66,0,69,16,0,16,85
04/23/2016,ASG,AR,ASW,CE,Federal Contract Tower,0,1,5,0,6,0,0,65,0,65,0,1,70,0,71,42,0,42,113
04/24/2016,ASG,AR,ASW,CE,Federal Contract Tower,0,2,12,0,14,0,0,30,0,30,0,2,42,0,44,2,0,2,46
04/25/2016,ASG,AR,ASW,CE,Federal Contract Tower,0,2,15,0,17,0,1,17,0,18,0,3,32,0,35,18,0,18,53
04/26/2016,ASG,AR,ASW,CE,Federal Contract Tower,0,2,24,0,26,0,2,9,0,11,0,4,33,0,37,6,0,6,43
04/27/2016,ASG,AR,ASW,CE,Federal Contract Tower,0,2,15,0,17,0,1,17,0,18,0,3,32,0,35,30,0,30,65
04/28/2016,ASG,AR,ASW,CE,Federal Contract Tower,0,3,18,0,21,0,3,49,0,52,0,6,67,0,73,30,0,30,103
04/29/2016,ASG,AR,ASW,CE,Federal Contract Tower,0,2,7,0,9,0,0,11,0,11,0,2,18,0,20,12,0,12,32
04/30/2016,ASG,AR,ASW,CE,Federal Contract Tower,0,0,16,0,16,0,0,17,0,17,0,0,33,0,33,20,0,20,53
05/01/2016,ASG,AR,ASW,CE,Federal Contract Tower,0,0,17,0,17,0,0,45,0,45,0,0,62,0,62,20,0,20,82
05/02/2016,ASG,AR,ASW,CE,Federal Contract Tower,0,2,15,0,17,0,0,28,0,28,0,2,43,0,45,68,0,68,113
05/03/2016,ASG,AR,ASW,CE,Federal Contract Tower,0,2,34,0,36,0,2,42,0,44,0,4,76,0,80,10,0,10,90
05/04/2016,ASG,AR,ASW,CE,Federal Contract Tower,0,8,16,0,24,0,2,40,0,42,0,10,56,0,66,24,0,24,90
05/05/2016,ASG,AR,ASW,CE,Federal Contract Tower,0,2,27,0,29,0,2,43,0,45,0,4,70,0,74,42,0,42,116
05/06/2016,ASG,AR,ASW,CE,Federal Contract Tower,0,4,21,0,25,0,0,63,0,63,0,4,84,0,88,62,0,62,150
05/07/2016,ASG,AR,ASW,CE,Federal Contract Tower,0,2,8,0,10,0,0,53,0,53,0,2,61,0,63,14,0,14,77
05/08/2016,ASG,AR,ASW,CE,Federal Contract Tower,0,0,17,0,17,0,0,11,0,11,0,0,28,0,28,10,0,10,38
05/10/2016,ASG,AR,ASW,CE,Federal Contract Tower,0,3,25,0,28,0,2,30,0,32,0,5,55,0,60,24,0,24,84
05/11/2016,ASG,AR,ASW,CE,Federal Contract Tower,5,21,0,0,26,0,1,25,0,26,5,22,25,0,52,28,0,28,80
05/12/2016,ASG,AR,ASW,CE,Federal Contract Tower,0,2,10,0,12,0,0,20,0,20,0,2,30,0,32,0,0,0,32
05/13/2016,ASG,AR,ASW,CE,Federal Contract Tower,0,3,16,0,19,0,0,46,2,48,0,3,62,2,67,18,0,18,85
05/14/2016,ASG,AR,ASW,CE,Federal Contract Tower,0,1,7,0,8,0,0,36,0,36,0,1,43,0,44,2,0,2,46
05/15/2016,ASG,AR,ASW,CE,Federal Contract Tower,0,1,9,0,10,0,0,33,0,33,0,1,42,0,43,76,0,76,119
05/16/2016,ASG,AR,ASW,CE,Federal Contract Tower,0,5,23,0,28,0,1,10,0,11,0,6,33,0,39,0,0,0,39
05/17/2016,ASG,AR,ASW,CE,Federal Contract Tower,0,2,28,0,30,0,0,9,0,9,0,2,37,0,39,0,0,0,39
05/18/2016,ASG,AR,ASW,CE,Federal Contract Tower,0,3,21,0,24,0,3,33,0,36,0,6,54,0,60,22,0,22,82
05/19/2016,ASG,AR,ASW,CE,Federal Contract Tower,0,6,26,0,32,0,0,21,0,21,0,6,47,0,53,40,0,40,93
05/20/2016,ASG,AR,ASW,CE,Federal Contract Tower,0,4,18,0,22,0,0,24,0,24,0,4,42,0,46,10,0,10,56
05/21/2016,ASG,AR,ASW,CE,Federal Contract Tower,0,0,16,0,16,0,0,48,0,48,0,0,64,0,64,80,0,80,144
05/22/2016,ASG,AR,ASW,CE,Federal Contract Tower,0,0,7,0,7,0,0,43,0,43,0,0,50,0,50,24,0,24,74
05/23/2016,ASG,AR,ASW,CE,Federal Contract Tower,0,7,13,0,20,0,0,28,0,28,0,7,41,0,48,30,0,30,78
05/24/2016,ASG,AR,ASW,CE,Federal Contract Tower,0,2,17,0,19,0,2,22,0,24,0,4,39,0,43,10,0,10,53
05/25/2016,ASG,AR,ASW,CE,Federal Contract Tower,0,7,19,0,26,0,5,23,0,28,0,12,42,0,54,6,0,6,60
05/26/2016,ASG,AR,ASW,CE,Federal Contract Tower,0,2,14,0,16,0,2,13,0,15,0,4,27,0,31,24,0,24,55
05/27/2016,ASG,AR,ASW,CE,Federal Contract Tower,0,2,13,0,15,0,0,17,0,17,0,2,30,0,32,18,0,18,50
05/28/2016,ASG,AR,ASW,CE,Federal Contract Tower,0,0,13,0,13,0,0,33,0,33,0,0,46,0,46,20,0,20,66
05/29/2016,ASG,AR,ASW,CE,Federal Contract Tower,0,0,2,0,2,0,1,38,0,39,0,1,40,0,41,20,0,20,61
05/30/2016,ASG,AR,ASW,CE,Federal Contract Tower,0,4,6,0,10,0,0,14,0,14,0,4,20,0,24,18,0,18,42
05/31/2016,ASG,AR,ASW,CE,Federal Contract Tower,0,4,7,0,11,0,7,35,0,42,0,11,42,0,53,28,0,28,81
06/01/2016,ASG,AR,ASW,CE,Federal Contract Tower,0,3,13,0,16,0,1,13,0,14,0,4,26,0,30,18,0,18,48
06/02/2016,ASG,AR,ASW,CE,Federal Contract Tower,0,4,9,0,13,0,0,20,0,20,0,4,29,0,33,2,0,2,35
06/03/2016,ASG,AR,ASW,CE,Federal Contract Tower,0,4,19,0,23,0,2,5,0,7,0,6,24,0,30,48,0,48,78
06/04/2016,ASG,AR,ASW,CE,Federal Contract Tower,0,0,5,0,5,0,0,13,0,13,0,0,18,0,18,10,0,10,28
06/05/2016,ASG,AR,ASW,CE,Federal Contract Tower,0,0,8,0,8,0,0,61,0,61,0,0,69,0,69,54,0,54,123
06/06/2016,ASG,AR,ASW,CE,Federal Contract Tower,0,2,19,0,21,0,1,47,0,48,0,3,66,0,69,14,0,14,83
06/07/2016,ASG,AR,ASW,CE,Federal Contract Tower,0,6,13,0,19,0,3,45,0,48,0,9,58,0,67,6,0,6,73
06/08/2016,ASG,AR,ASW,CE,Federal Contract Tower,0,8,34,0,42,0,5,46,0,51,0,13,80,0,93,32,0,32,125
06/09/2016,ASG,AR,ASW,CE,Federal Contract Tower,0,6,31,0,37,0,0,45,0,45,0,6,76,0,82,78,0,78,160
06/10/2016,ASG,AR,ASW,CE,Federal Contract Tower,0,3,17,0,20,0,1,59,2,62,0,4,76,2,82,76,0,76,158
06/11/2016,ASG,AR,ASW,CE,Federal Contract Tower,0,0,3,0,3,0,0,121,0,121,0,0,124,0,124,26,0,26,150
06/12/2016,ASG,AR,ASW,CE,Federal Contract Tower,0,2,7,0,9,0,5,9,0,14,0,7,16,0,23,0,0,0,23
06/13/2016,ASG,AR,ASW,CE,Federal Contract Tower,0,3,11,0,14,0,3,19,0,22,0,6,30,0,36,22,0,22,58
06/14/2016,ASG,AR,ASW,CE,Federal Contract Tower,0,2,32,0,34,0,0,21,0,21,0,2,53,0,55,48,0,48,103
06/15/2016,ASG,AR,ASW,CE,Federal Contract Tower,0,4,23,0,27,0,3,33,7,43,0,7,56,7,70,6,0,6,76
06/16/2016,ASG,AR,ASW,CE,Federal Contract Tower,0,3,19,0,22,0,0,29,0,29,0,3,48,0,51,46,0,46,97
06/17/2016,ASG,AR,ASW,CE,Federal Contract Tower,0,5,17,0,22,0,0,21,0,21,0,5,38,0,43,26,0,26,69
06/18/2016,ASG,AR,ASW,CE,Federal Contract Tower,0,0,12,0,12,0,0,29,0,29,0,0,41,0,41,24,0,24,65
06/19/2016,ASG,AR,ASW,CE,Federal Contract Tower,0,0,13,0,13,0,0,23,0,23,0,0,36,0,36,0,0,0,36
06/20/2016,ASG,AR,ASW,CE,Federal Contract Tower,0,6,10,0,16,0,0,10,0,10,0,6,20,0,26,36,0,36,62
06/21/2016,ASG,AR,ASW,CE,Federal Contract Tower,0,2,19,0,21,0,7,25,0,32,0,9,44,0,53,40,0,40,93
06/22/2016,ASG,AR,ASW,CE,Federal Contract Tower,0,5,17,0,22,0,1,19,0,20,0,6,36,0,42,6,0,6,48
06/23/2016,ASG,AR,ASW,CE,Federal Contract Tower,0,6,20,0,26,0,3,31,0,34,0,9,51,0,60,10,0,10,70
06/24/2016,ASG,AR,ASW,CE,Federal Contract Tower,0,4,13,0,17,0,4,28,0,32,0,8,41,0,49,32,0,32,81
06/25/2016,ASG,AR,ASW,CE,Federal Contract Tower,0,0,14,0,14,0,0,31,0,31,0,0,45,0,45,8,0,8,53
06/26/2016,ASG,AR,ASW,CE,Federal Contract Tower,0,1,9,0,10,0,3,17,0,20,0,4,26,0,30,16,0,16,46
06/28/2016,ASG,AR,ASW,CE,Federal Contract Tower,0,2,23,0,25,0,3,46,0,49,0,5,69,0,74,14,0,14,88
06/29/2016,ASG,AR,ASW,CE,Federal Contract Tower,0,4,11,0,15,0,2,31,0,33,0,6,42,0,48,24,0,24,72
06/30/2016,ASG,AR,ASW,CE,Federal Contract Tower,0,4,16,0,20,0,1,48,0,49,0,5,64,0,69,14,0,14,83
07/01/2016,ASG,AR,ASW,CE,Federal Contract Tower,0,4,13,0,17,0,0,15,0,15,0,4,28,0,32,12,0,12,44
07/02/2016,ASG,AR,ASW,CE,Federal Contract Tower,0,0,11,0,11,0,0,26,0,26,0,0,37,0,37,0,0,0,37
07/03/2016,ASG,AR,ASW,CE,Federal Contract Tower,0,1,5,0,6,0,0,5,0,5,0,1,10,0,11,0,0,0,11
07/05/2016,ASG,AR,ASW,CE,Federal Contract Tower,0,4,12,0,16,0,3,36,0,39,0,7,48,0,55,40,0,40,95
07/06/2016,ASG,AR,ASW,CE,Federal Contract Tower,0,4,20,0,24,0,0,23,0,23,0,4,43,0,47,12,0,12,59
07/07/2016,ASG,AR,ASW,CE,Federal Contract Tower,0,5,22,0,27,0,2,22,0,24,0,7,44,0,51,4,0,4,55
07/08/2016,ASG,AR,ASW,CE,Federal Contract Tower,0,3,14,0,17,0,0,26,0,26,0,3,40,0,43,14,0,14,57
07/09/2016,ASG,AR,ASW,CE,Federal Contract Tower,0,1,10,0,11,0,0,19,0,19,0,1,29,0,30,4,0,4,34
07/10/2016,ASG,AR,ASW,CE,Federal Contract Tower,0,0,4,0,4,0,0,24,0,24,0,0,28,0,28,6,0,6,34
07/11/2016,ASG,AR,ASW,CE,Federal Contract Tower,0,2,29,0,31,0,2,20,0,22,0,4,49,0,53,6,0,6,59
07/12/2016,ASG,AR,ASW,CE,Federal Contract Tower,0,2,23,0,25,0,0,15,0,15,0,2,38,0,40,20,0,20,60
07/13/2016,ASG,AR,ASW,CE,Federal Contract Tower,0,4,19,0,23,0,0,34,0,34,0,4,53,0,57,14,0,14,71
07/14/2016,ASG,AR,ASW,CE,Federal Contract Tower,0,3,18,0,21,0,0,21,0,21,0,3,39,0,42,2,0,2,44
07/15/2016,ASG,AR,ASW,CE,Federal Contract Tower,0,4,25,0,29,0,0,18,0,18,0,4,43,0,47,20,0,20,67
07/16/2016,ASG,AR,ASW,CE,Federal Contract Tower,0,0,11,0,11,0,0,32,0,32,0,0,43,0,43,24,0,24,67
07/17/2016,ASG,AR,ASW,CE,Federal Contract Tower,0,0,8,0,8,0,0,40,0,40,0,0,48,0,48,6,0,6,54
07/18/2016,ASG,AR,ASW,CE,Federal Contract Tower,0,2,25,0,27,0,0,34,0,34,0,2,59,0,61,54,0,54,115
07/19/2016,ASG,AR,ASW,CE,Federal Contract Tower,0,4,29,0,33,0,0,38,0,38,0,4,67,0,71,36,0,36,107
07/20/2016,ASG,AR,ASW,CE,Federal Contract Tower,0,2,7,0,9,0,2,34,0,36,0,4,41,0,45,24,0,24,69
07/21/2016,ASG,AR,ASW,CE,Federal Contract Tower,0,3,17,0,20,0,2,38,0,40,0,5,55,0,60,34,0,34,94
07/22/2016,ASG,AR,ASW,CE,Federal Contract Tower,0,2,21,0,23,0,3,51,0,54,0,5,72,0,77,58,0,58,135
07/23/2016,ASG,AR,ASW,CE,Federal Contract Tower,0,0,12,0,12,0,0,34,0,34,0,0,46,0,46,16,0,16,62
07/24/2016,ASG,AR,ASW,CE,Federal Contract Tower,0,0,10,0,10,0,0,26,0,26,0,0,36,0,36,8,0,8,44
07/25/2016,ASG,AR,ASW,CE,Federal Contract Tower,0,3,23,0,26,0,4,15,0,19,0,7,38,0,45,16,0,16,61
07/26/2016,ASG,AR,ASW,CE,Federal Contract Tower,0,5,21,0,26,0,0,17,0,17,0,5,38,0,43,16,0,16,59
07/27/2016,ASG,AR,ASW,CE,Federal Contract Tower,0,3,19,0,22,0,0,29,0,29,0,3,48,0,51,22,0,22,73
07/28/2016,ASG,AR,ASW,CE,Federal Contract Tower,0,7,15,0,22,0,1,27,0,28,0,8,42,0,50,24,0,24,74
07/29/2016,ASG,AR,ASW,CE,Federal Contract Tower,0,3,10,0,13,0,0,23,0,23,0,3,33,0,36,8,0,8,44
07/30/2016,ASG,AR,ASW,CE,Federal Contract Tower,0,0,7,0,7,0,0,12,0,12,0,0,19,0,19,8,0,8,27
07/31/2016,ASG,AR,ASW,CE,Federal Contract Tower,0,0,10,0,10,0,2,27,0,29,0,2,37,0,39,4,0,4,43
08/01/2016,ASG,AR,ASW,CE,Federal Contract Tower,0,2,15,0,17,0,0,38,0,38,0,2,53,0,55,14,0,14,69
08/02/2016,ASG,AR,ASW,CE,Federal Contract Tower,0,6,17,0,23,0,1,22,0,23,0,7,39,0,46,8,0,8,54
08/03/2016,ASG,AR,ASW,CE,Federal Contract Tower,0,2,14,0,16,0,1,40,0,41,0,3,54,0,57,22,0,22,79
08/04/2016,ASG,AR,ASW,CE,Federal Contract Tower,0,2,7,0,9,0,0,25,2,27,0,2,32,2,36,8,0,8,44
08/05/2016,ASG,AR,ASW,CE,Federal Contract Tower,0,4,15,0,19,0,0,24,0,24,0,4,39,0,43,6,0,6,49
08/06/2016,ASG,AR,ASW,CE,Federal Contract Tower,0,1,10,0,11,0,0,22,0,22,0,1,32,0,33,46,0,46,79
08/07/2016,ASG,AR,ASW,CE,Federal Contract Tower,0,2,20,0,22,0,2,11,0,13,0,4,31,0,35,22,0,22,57
08/08/2016,ASG,AR,ASW,CE,Federal Contract Tower,0,3,14,0,17,0,2,18,0,20,0,5,32,0,37,28,0,28,65
08/09/2016,ASG,AR,ASW,CE,Federal Contract Tower,0,2,14,0,16,0,0,43,0,43,0,2,57,0,59,50,0,50,109
08/10/2016,ASG,AR,ASW,CE,Federal Contract Tower,0,2,6,0,8,0,8,32,0,40,0,10,38,0,48,58,0,58,106
08/11/2016,ASG,AR,ASW,CE,Federal Contract Tower,0,6,24,0,30,0,3,49,0,52,0,9,73,0,82,16,0,16,98
08/12/2016,ASG,AR,ASW,CE,Federal Contract Tower,0,3,16,0,19,0,0,40,0,40,0,3,56,0,59,16,0,16,75
08/13/2016,ASG,AR,ASW,CE,Federal Contract Tower,0,1,20,0,21,0,0,7,0,7,0,1,27,0,28,2,0,2,30
08/14/2016,ASG,AR,ASW,CE,Federal Contract Tower,0,0,3,0,3,0,3,6,0,9,0,3,9,0,12,18,0,18,30
08/15/2016,ASG,AR,ASW,CE,Federal Contract Tower,0,4,18,0,22,0,0,9,0,9,0,4,27,0,31,14,0,14,45
08/16/2016,ASG,AR,ASW,CE,Federal Contract Tower,0,2,17,0,19,0,3,32,0,35,0,5,49,0,54,76,0,76,130
08/17/2016,ASG,AR,ASW,CE,Federal Contract Tower,0,2,20,0,22,0,0,35,1,36,0,2,55,1,58,52,0,52,110
08/18/2016,ASG,AR,ASW,CE,Federal Contract Tower,0,2,13,0,15,0,0,6,0,6,0,2,19,0,21,8,0,8,29
08/19/2016,ASG,AR,ASW,CE,Federal Contract Tower,0,5,14,0,19,0,0,19,0,19,0,5,33,0,38,18,0,18,56
08/20/2016,ASG,AR,ASW,CE,Federal Contract Tower,0,1,13,0,14,0,0,7,0,7,0,1,20,0,21,34,0,34,55
08/21/2016,ASG,AR,ASW,CE,Federal Contract Tower,0,0,8,0,8,0,2,46,0,48,0,2,54,0,56,132,0,132,188
08/22/2016,ASG,AR,ASW,CE,Federal Contract Tower,0,3,19,0,22,0,0,30,0,30,0,3,49,0,52,36,0,36,88
08/23/2016,ASG,AR,ASW,CE,Federal Contract Tower,0,5,22,0,27,0,2,3,0,5,0,7,25,0,32,0,0,0,32
08/24/2016,ASG,AR,ASW,CE,Federal Contract Tower,0,3,18,0,21,0,1,39,0,40,0,4,57,0,61,20,0,20,81
08/25/2016,ASG,AR,ASW,CE,Federal Contract Tower,0,5,13,0,18,0,1,33,0,34,0,6,46,0,52,12,0,12,64
08/26/2016,ASG,AR,ASW,CE,Federal Contract Tower,0,2,15,0,17,0,0,14,0,14,0,2,29,0,31,0,0,0,31
08/27/2016,ASG,AR,ASW,CE,Federal Contract Tower,0,0,4,0,4,0,0,27,0,27,0,0,31,0,31,30,0,30,61
08/28/2016,ASG,AR,ASW,CE,Federal Contract Tower,0,2,18,0,20,0,0,21,0,21,0,2,39,0,41,16,0,16,57
08/29/2016,ASG,AR,ASW,CE,Federal Contract Tower,0,2,12,0,14,0,2,19,0,21,0,4,31,0,35,8,0,8,43
08/30/2016,ASG,AR,ASW,CE,Federal Contract Tower,0,6,24,0,30,0,0,34,0,34,0,6,58,0,64,28,0,28,92
08/31/2016,ASG,AR,ASW,CE,Federal Contract Tower,0,6,20,0,26,0,0,49,0,49,0,6,69,0,75,36,0,36,111
09/01/2016,ASG,AR,ASW,CE,Federal Contract Tower,0,4,19,0,23,0,0,11,0,11,0,4,30,0,34,6,0,6,40
09/02/2016,ASG,AR,ASW,CE,Federal Contract Tower,0,3,19,0,22,0,0,48,0,48,0,3,67,0,70,30,0,30,100
09/03/2016,ASG,AR,ASW,CE,Federal Contract Tower,0,1,25,0,26,0,0,27,0,27,0,1,52,0,53,22,0,22,75
09/04/2016,ASG,AR,ASW,CE,Federal Contract Tower,0,0,6,0,6,0,3,36,0,39,0,3,42,0,45,8,0,8,53
09/05/2016,ASG,AR,ASW,CE,Federal Contract Tower,0,0,14,0,14,0,0,34,0,34,0,0,48,0,48,20,0,20,68
09/06/2016,ASG,AR,ASW,CE,Federal Contract Tower,0,5,13,0,18,0,1,35,0,36,0,6,48,0,54,44,0,44,98
09/07/2016,ASG,AR,ASW,CE,Federal Contract Tower,0,4,15,0,19,0,0,28,0,28,0,4,43,0,47,34,0,34,81
09/08/2016,ASG,AR,ASW,CE,Federal Contract Tower,0,4,18,0,22,0,0,22,0,22,0,4,40,0,44,30,0,30,74
09/09/2016,ASG,AR,ASW,CE,Federal Contract Tower,0,3,17,2,22,0,0,32,0,32,0,3,49,2,54,0,0,0,54
09/10/2016,ASG,AR,ASW,CE,Federal Contract Tower,0,0,16,0,16,0,0,31,0,31,0,0,47,0,47,18,0,18,65
09/11/2016,ASG,AR,ASW,CE,Federal Contract Tower,0,3,9,0,12,0,0,29,0,29,0,3,38,0,41,0,0,0,41
09/12/2016,ASG,AR,ASW,CE,Federal Contract Tower,0,5,15,0,20,0,0,37,0,37,0,5,52,0,57,60,0,60,117
09/13/2016,ASG,AR,ASW,CE,Federal Contract Tower,0,3,12,0,15,0,0,19,0,19,0,3,31,0,34,14,0,14,48
09/14/2016,ASG,AR,ASW,CE,Federal Contract Tower,0,2,25,0,27,0,0,32,0,32,0,2,57,0,59,94,0,94,153
09/15/2016,ASG,AR,ASW,CE,Federal Contract Tower,0,5,18,0,23,0,0,38,0,38,0,5,56,0,61,80,0,80,141
09/16/2016,ASG,AR,ASW,CE,Federal Contract Tower,0,2,27,0,29,0,0,18,0,18,0,2,45,0,47,8,0,8,55
09/17/2016,ASG,AR,ASW,CE,Federal Contract Tower,0,4,12,0,16,0,2,25,0,27,0,6,37,0,43,32,0,32,75
09/18/2016,ASG,AR,ASW,CE,Federal Contract Tower,0,2,17,0,19,0,0,32,0,32,0,2,49,0,51,24,0,24,75
09/19/2016,ASG,AR,ASW,CE,Federal Contract Tower,0,9,12,0,21,0,0,46,0,46,0,9,58,0,67,62,0,62,129
09/20/2016,ASG,AR,ASW,CE,Federal Contract Tower,0,4,20,0,24,0,2,37,0,39,0,6,57,0,63,70,0,70,133
09/21/2016,ASG,AR,ASW,CE,Federal Contract Tower,0,4,27,0,31,0,1,36,0,37,0,5,63,0,68,56,0,56,124
09/22/2016,ASG,AR,ASW,CE,Federal Contract Tower,0,2,19,0,21,0,0,56,0,56,0,2,75,0,77,22,0,22,99
09/23/2016,ASG,AR,ASW,CE,Federal Contract Tower,0,8,22,0,30,0,0,56,0,56,0,8,78,0,86,34,0,34,120
09/24/2016,ASG,AR,ASW,CE,Federal Contract Tower,0,0,9,0,9,0,0,45,0,45,0,0,54,0,54,42,0,42,96
09/25/2016,ASG,AR,ASW,CE,Federal Contract Tower,0,0,20,0,20,0,0,18,0,18,0,0,38,0,38,6,0,6,44
09/26/2016,ASG,AR,ASW,CE,Federal Contract Tower,0,5,26,0,31,0,4,47,0,51,0,9,73,0,82,78,0,78,160
09/27/2016,ASG,AR,ASW,CE,Federal Contract Tower,0,5,22,0,27,0,0,35,0,35,0,5,57,0,62,52,0,52,114
09/28/2016,ASG,AR,ASW,CE,Federal Contract Tower,0,8,21,0,29,0,5,36,0,41,0,13,57,0,70,62,0,62,132
09/29/2016,ASG,AR,ASW,CE,Federal Contract Tower,0,4,26,0,30,0,4,52,0,56,0,8,78,0,86,62,0,62,148
09/30/2016,ASG,AR,ASW,CE,Federal Contract Tower,0,3,17,0,20,0,0,41,0,41,0,3,58,0,61,22,0,22,83
10/01/2016,ASG,AR,ASW,CE,Federal Contract Tower,0,2,4,0,6,0,0,44,0,44,0,2,48,0,50,38,0,38,88
10/02/2016,ASG,AR,ASW,CE,Federal Contract Tower,0,2,9,0,11,0,0,31,0,31,0,2,40,0,42,10,0,10,52
10/03/2016,ASG,AR,ASW,CE,Federal Contract Tower,0,2,9,0,11,0,1,37,0,38,0,3,46,0,49,32,0,32,81
10/04/2016,ASG,AR,ASW,CE,Federal Contract Tower,0,4,12,0,16,0,4,30,0,34,0,8,42,0,50,24,0,24,74
10/05/2016,ASG,AR,ASW,CE,Federal Contract Tower,0,3,20,0,23,0,3,35,0,38,0,6,55,0,61,60,0,60,121
10/06/2016,ASG,AR,ASW,CE,Federal Contract Tower,0,4,24,0,28,0,0,35,0,35,0,4,59,0,63,112,0,112,175
10/07/2016,ASG,AR,ASW,CE,Federal Contract Tower,0,9,42,0,51,0,0,13,0,13,0,9,55,0,64,22,0,22,86
10/08/2016,ASG,AR,ASW,CE,Federal Contract Tower,0,1,22,0,23,0,0,57,0,57,0,1,79,0,80,22,0,22,102
10/09/2016,ASG,AR,ASW,CE,Federal Contract Tower,0,3,20,0,23,0,2,26,0,28,0,5,46,0,51,12,0,12,63
10/10/2016,ASG,AR,ASW,CE,Federal Contract Tower,0,2,13,0,15,0,1,33,0,34,0,3,46,0,49,72,0,72,121
10/11/2016,ASG,AR,ASW,CE,Federal Contract Tower,0,2,29,0,31,0,0,34,2,36,0,2,63,2,67,12,0,12,79
10/12/2016,ASG,AR,ASW,CE,Federal Contract Tower,0,3,13,0,16,0,0,7,0,7,0,3,20,0,23,0,0,0,23
10/13/2016,ASG,AR,ASW,CE,Federal Contract Tower,0,5,22,0,27,0,0,0,0,0,0,5,22,0,27,0,0,0,27
10/14/2016,ASG,AR,ASW,CE,Federal Contract Tower,0,6,22,0,28,0,0,3,0,3,0,6,25,0,31,4,0,4,35
10/15/2016,ASG,AR,ASW,CE,Federal Contract Tower,0,0,12,0,12,0,0,19,0,19,0,0,31,0,31,0,0,0,31
10/16/2016,ASG,AR,ASW,CE,Federal Contract Tower,0,2,18,0,20,0,0,21,0,21,0,2,39,0,41,14,0,14,55
10/17/2016,ASG,AR,ASW,CE,Federal Contract Tower,0,6,14,0,20,0,4,15,0,19,0,10,29,0,39,2,0,2,41
10/18/2016,ASG,AR,ASW,CE,Federal Contract Tower,0,2,31,0,33,0,2,23,0,25,0,4,54,0,58,28,0,28,86
10/19/2016,ASG,AR,ASW,CE,Federal Contract Tower,0,4,19,0,23,0,1,34,0,35,0,5,53,0,58,44,0,44,102
10/20/2016,ASG,AR,ASW,CE,Federal Contract Tower,0,7,30,0,37,0,0,20,0,20,0,7,50,0,57,22,0,22,79
10/21/2016,ASG,AR,ASW,CE,Federal Contract Tower,0,2,34,0,36,0,0,51,0,51,0,2,85,0,87,44,0,44,131
10/22/2016,ASG,AR,ASW,CE,Federal Contract Tower,0,0,9,0,9,0,0,53,0,53,0,0,62,0,62,110,0,110,172
10/23/2016,ASG,AR,ASW,CE,Federal Contract Tower,0,2,8,0,10,0,6,26,0,32,0,8,34,0,42,4,0,4,46
10/24/2016,ASG,AR,ASW,CE,Federal Contract Tower,0,3,22,0,25,0,0,52,0,52,0,3,74,0,77,44,0,44,121
10/25/2016,ASG,AR,ASW,CE,Federal Contract Tower,0,3,14,0,17,0,4,42,0,46,0,7,56,0,63,16,0,16,79
10/26/2016,ASG,AR,ASW,CE,Federal Contract Tower,0,4,26,0,30,0,0,25,0,25,0,4,51,0,55,34,0,34,89
10/27/2016,ASG,AR,ASW,CE,Federal Contract Tower,0,7,19,0,26,0,0,39,0,39,0,7,58,0,65,12,0,12,77
10/28/2016,ASG,AR,ASW,CE,Federal Contract Tower,0,3,8,0,11,0,2,45,0,47,0,5,53,0,58,26,0,26,84
10/29/2016,ASG,AR,ASW,CE,Federal Contract Tower,0,2,8,0,10,0,0,40,0,40,0,2,48,0,50,24,0,24,74
10/30/2016,ASG,AR,ASW,CE,Federal Contract Tower,0,1,13,0,14,0,2,25,0,27,0,3,38,0,41,6,0,6,47
10/31/2016,ASG,AR,ASW,CE,Federal Contract Tower,0,7,18,0,25,0,1,45,0,46,0,8,63,0,71,74,0,74,145
11/01/2016,ASG,AR,ASW,CE,Federal Contract Tower,0,3,23,0,26,0,0,19,0,19,0,3,42,0,45,12,0,12,57
11/02/2016,ASG,AR,ASW,CE,Federal Contract Tower,0,2,13,0,15,0,3,25,0,28,0,5,38,0,43,70,0,70,113
11/03/2016,ASG,AR,ASW,CE,Federal Contract Tower,0,5,35,0,40,0,2,22,0,24,0,7,57,0,64,8,0,8,72
11/04/2016,ASG,AR,ASW,CE,Federal Contract Tower,0,4,30,0,34,0,4,48,0,52,0,8,78,0,86,16,0,16,102
11/05/2016,ASG,AR,ASW,CE,Federal Contract Tower,0,2,17,0,19,0,0,45,0,45,0,2,62,0,64,42,0,42,106
11/07/2016,ASG,AR,ASW,CE,Federal Contract Tower,0,5,151,0,156,0,1,27,0,28,0,6,178,0,184,4,0,4,188
11/08/2016,ASG,AR,ASW,CE,Federal Contract Tower,0,6,18,0,24,0,0,0,0,0,0,6,18,0,24,0,0,0,24
11/09/2016,ASG,AR,ASW,CE,Federal Contract Tower,0,5,26,0,31,0,2,47,0,49,0,7,73,0,80,50,0,50,130
11/10/2016,ASG,AR,ASW,CE,Federal Contract Tower,0,8,23,0,31,0,5,51,0,56,0,13,74,0,87,22,0,22,109
11/11/2016,ASG,AR,ASW,CE,Federal Contract Tower,0,11,21,0,32,0,2,47,0,49,0,13,68,0,81,42,0,42,123
11/12/2016,ASG,AR,ASW,CE,Federal Contract Tower,0,3,13,0,16,0,0,48,0,48,0,3,61,0,64,32,0,32,96
11/13/2016,ASG,AR,ASW,CE,Federal Contract Tower,2,9,15,0,26,0,1,36,0,37,2,10,51,0,63,30,0,30,93
11/14/2016,ASG,AR,ASW,CE,Federal Contract Tower,0,4,15,0,19,0,2,46,0,48,0,6,61,0,67,62,0,62,129
11/15/2016,ASG,AR,ASW,CE,Federal Contract Tower,0,4,13,0,17,0,2,39,0,41,0,6,52,0,58,10,0,10,68
11/16/2016,ASG,AR,ASW,CE,Federal Contract Tower,0,5,21,0,26,0,2,45,0,47,0,7,66,0,73,54,0,54,127
11/17/2016,ASG,AR,ASW,CE,Federal Contract Tower,0,5,16,0,21,0,1,19,0,20,0,6,35,0,41,0,0,0,41
11/18/2016,ASG,AR,ASW,CE,Federal Contract Tower,0,4,9,0,13,0,0,10,0,10,0,4,19,0,23,0,0,0,23
11/19/2016,ASG,AR,ASW,CE,Federal Contract Tower,0,1,4,0,5,0,0,32,0,32,0,1,36,0,37,60,0,60,97
11/20/2016,ASG,AR,ASW,CE,Federal Contract Tower,0,3,34,0,37,0,2,24,0,26,0,5,58,0,63,46,0,46,109
11/22/2016,ASG,AR,ASW,CE,Federal Contract Tower,0,6,21,0,27,0,0,1,0,1,0,6,22,0,28,0,0,0,28
11/23/2016,ASG,AR,ASW,CE,Federal Contract Tower,0,5,18,0,23,0,0,1,0,1,0,5,19,0,24,0,0,0,24
11/24/2016,ASG,AR,ASW,CE,Federal Contract Tower,0,0,2,0,2,0,0,10,0,10,0,0,12,0,12,10,0,10,22
11/25/2016,ASG,AR,ASW,CE,Federal Contract Tower,0,6,10,0,16,0,0,37,0,37,0,6,47,0,53,18,0,18,71
11/26/2016,ASG,AR,ASW,CE,Federal Contract Tower,0,8,7,0,15,0,0,15,0,15,0,8,22,0,30,0,0,0,30
11/27/2016,ASG,AR,ASW,CE,Federal Contract Tower,0,0,17,0,17,0,0,1,0,1,0,0,18,0,18,0,0,0,18
11/28/2016,ASG,AR,ASW,CE,Federal Contract Tower,0,2,6,0,8,0,0,10,0,10,0,2,16,0,18,6,0,6,24
11/29/2016,ASG,AR,ASW,CE,Federal Contract Tower,0,8,15,0,23,0,5,31,0,36,0,13,46,0,59,16,0,16,75
11/30/2016,ASG,AR,ASW,CE,Federal Contract Tower,0,5,18,0,23,0,0,29,0,29,0,5,47,0,52,24,0,24,76
12/01/2016,ASG,AR,ASW,CE,Federal Contract Tower,0,8,25,0,33,0,3,52,0,55,0,11,77,0,88,62,0,62,150
12/02/2016,ASG,AR,ASW,CE,Federal Contract Tower,0,5,20,0,25,0,1,31,0,32,0,6,51,0,57,6,0,6,63
12/03/2016,ASG,AR,ASW,CE,Federal Contract Tower,0,0,8,0,8,0,0,2,0,2,0,0,10,0,10,0,0,0,10
12/04/2016,ASG,AR,ASW,CE,Federal Contract Tower,0,0,7,0,7,0,0,4,0,4,0,0,11,0,11,0,0,0,11
12/05/2016,ASG,AR,ASW,CE,Federal Contract Tower,0,4,17,0,21,0,0,18,0,18,0,4,35,0,39,44,0,44,83
12/06/2016,ASG,AR,ASW,CE,Federal Contract Tower,0,4,19,0,23,0,0,16,0,16,0,4,35,0,39,2,0,2,41
12/07/2016,ASG,AR,ASW,CE,Federal Contract Tower,0,5,13,0,18,0,0,13,0,13,0,5,26,0,31,54,0,54,85
12/08/2016,ASG,AR,ASW,CE,Federal Contract Tower,0,6,22,0,28,0,3,33,0,36,0,9,55,0,64,78,0,78,142
12/09/2016,ASG,AR,ASW,CE,Federal Contract Tower,0,4,16,0,20,0,4,55,0,59,0,8,71,0,79,64,0,64,143
12/10/2016,ASG,AR,ASW,CE,Federal Contract Tower,0,0,11,0,11,0,0,38,0,38,0,0,49,0,49,26,0,26,75
12/11/2016,ASG,AR,ASW,CE,Federal Contract Tower,0,2,9,0,11,0,0,0,0,0,0,2,9,0,11,0,0,0,11
12/12/2016,ASG,AR,ASW,CE,Federal Contract Tower,0,2,18,0,20,0,0,24,0,24,0,2,42,0,44,38,0,38,82
12/13/2016,ASG,AR,ASW,CE,Federal Contract Tower,0,4,17,0,21,0,0,2,0,2,0,4,19,0,23,0,0,0,23
12/14/2016,ASG,AR,ASW,CE,Federal Contract Tower,0,5,19,0,24,0,0,2,0,2,0,5,21,0,26,0,0,0,26
12/15/2016,ASG,AR,ASW,CE,Federal Contract Tower,0,4,16,0,20,0,2,38,0,40,0,6,54,0,60,4,0,4,64
12/16/2016,ASG,AR,ASW,CE,Federal Contract Tower,0,4,17,0,21,0,0,0,0,0,0,4,17,0,21,0,0,0,21
12/17/2016,ASG,AR,ASW,CE,Federal Contract Tower,0,1,3,0,4,0,0,0,0,0,0,1,3,0,4,0,0,0,4
12/18/2016,ASG,AR,ASW,CE,Federal Contract Tower,0,0,7,0,7,0,0,23,0,23,0,0,30,0,30,0,0,0,30
12/19/2016,ASG,AR,ASW,CE,Federal Contract Tower,0,4,13,0,17,0,7,2,0,9,0,11,15,0,26,52,0,52,78
12/20/2016,ASG,AR,ASW,CE,Federal Contract Tower,0,4,11,0,15,0,0,34,0,34,0,4,45,0,49,0,0,0,49
12/21/2016,ASG,AR,ASW,CE,Federal Contract Tower,0,4,19,0,23,0,0,58,0,58,0,4,77,0,81,46,0,46,127
12/22/2016,ASG,AR,ASW,CE,Federal Contract Tower,0,10,15,0,25,0,0,44,0,44,0,10,59,0,69,70,0,70,139
12/23/2016,ASG,AR,ASW,CE,Federal Contract Tower,0,4,9,0,13,0,0,6,0,6,0,4,15,0,19,18,0,18,37
12/24/2016,ASG,AR,ASW,CE,Federal Contract Tower,0,4,5,0,9,0,0,29,0,29,0,4,34,0,38,16,0,16,54
12/25/2016,ASG,AR,ASW,CE,Federal Contract Tower,0,0,2,0,2,0,1,0,0,1,0,1,2,0,3,0,0,0,3
12/26/2016,ASG,AR,ASW,CE,Federal Contract Tower,0,2,13,0,15,0,2,29,0,31,0,4,42,0,46,10,0,10,56
12/27/2016,ASG,AR,ASW,CE,Federal Contract Tower,0,3,16,0,19,0,2,42,0,44,0,5,58,0,63,36,0,36,99
12/28/2016,ASG,AR,ASW,CE,Federal Contract Tower,0,2,14,0,16,0,4,21,0,25,0,6,35,0,41,48,0,48,89
12/29/2016,ASG,AR,ASW,CE,Federal Contract Tower,0,2,14,0,16,0,3,20,0,23,0,5,34,0,39,2,0,2,41
12/30/2016,ASG,AR,ASW,CE,Federal Contract Tower,0,3,19,0,22,0,0,43,0,43,0,3,62,0,65,4,0,4,69
12/31/2016,ASG,AR,ASW,CE,Federal Contract Tower,0,2,6,0,8,0,0,21,0,21,0,2,27,0,29,44,0,44,73
01/01/2017,ASG,AR,ASW,CE,Federal Contract Tower,0,0,7,0,7,0,0,11,0,11,0,0,18,0,18,10,0,10,28
01/02/2017,ASG,AR,ASW,CE,Federal Contract Tower,0,0,8,0,8,0,0,3,0,3,0,0,11,0,11,0,0,0,11
01/03/2017,ASG,AR,ASW,CE,Federal Contract Tower,0,4,14,0,18,0,0,0,0,0,0,4,14,0,18,0,0,0,18
01/04/2017,ASG,AR,ASW,CE,Federal Contract Tower,0,3,24,0,27,0,0,36,0,36,0,3,60,0,63,36,0,36,99
01/05/2017,ASG,AR,ASW,CE,Federal Contract Tower,0,2,16,0,18,0,0,12,0,12,0,2,28,0,30,26,0,26,56
01/06/2017,ASG,AR,ASW,CE,Federal Contract Tower,0,1,10,0,11,0,0,26,1,27,0,1,36,1,38,16,0,16,54
01/07/2017,ASG,AR,ASW,CE,Federal Contract Tower,0,0,11,0,11,0,0,36,0,36,0,0,47,0,47,50,0,50,97
01/08/2017,ASG,AR,ASW,CE,Federal Contract Tower,0,2,9,0,11,0,2,44,0,46,0,4,53,0,57,60,0,60,117
01/09/2017,ASG,AR,ASW,CE,Federal Contract Tower,0,6,14,0,20,0,10,4,0,14,0,16,18,0,34,24,0,24,58
01/10/2017,ASG,AR,ASW,CE,Federal Contract Tower,0,2,16,0,18,0,2,11,0,13,0,4,27,0,31,0,0,0,31
01/11/2017,ASG,AR,ASW,CE,Federal Contract Tower,0,6,15,0,21,0,0,1,0,1,0,6,16,0,22,0,0,0,22
01/12/2017,ASG,AR,ASW,CE,Federal Contract Tower,0,7,25,0,32,0,0,7,0,7,0,7,32,0,39,26,0,26,65
01/13/2017,ASG,AR,ASW,CE,Federal Contract Tower,0,0,7,0,7,0,0,0,0,0,0,0,7,0,7,0,0,0,7
01/14/2017,ASG,AR,ASW,CE,Federal Contract Tower,0,0,6,0,6,0,0,0,0,0,0,0,6,0,6,0,0,0,6
01/15/2017,ASG,AR,ASW,CE,Federal Contract Tower,0,0,5,0,5,0,0,0,0,0,0,0,5,0,5,0,0,0,5
01/16/2017,ASG,AR,ASW,CE,Federal Contract Tower,0,5,11,0,16,0,1,13,0,14,0,6,24,0,30,2,0,2,32
01/17/2017,ASG,AR,ASW,CE,Federal Contract Tower,0,7,18,0,25,0,0,1,0,1,0,7,19,0,26,0,0,0,26
01/18/2017,ASG,AR,ASW,CE,Federal Contract Tower,0,4,29,0,33,0,0,7,0,7,0,4,36,0,40,16,0,16,56
01/19/2017,ASG,AR,ASW,CE,Federal Contract Tower,0,1,19,0,20,0,0,14,0,14,0,1,33,0,34,8,0,8,42
01/20/2017,ASG,AR,ASW,CE,Federal Contract Tower,0,2,20,0,22,0,0,28,0,28,0,2,48,0,50,24,0,24,74
01/21/2017,ASG,AR,ASW,CE,Federal Contract Tower,0,0,9,0,9,0,0,48,0,48,0,0,57,0,57,34,0,34,91
01/22/2017,ASG,AR,ASW,CE,Federal Contract Tower,0,1,9,0,10,0,0,0,0,0,0,1,9,0,10,0,0,0,10
01/23/2017,ASG,AR,ASW,CE,Federal Contract Tower,0,2,19,0,21,0,0,27,0,27,0,2,46,0,48,14,0,14,62
01/24/2017,ASG,AR,ASW,CE,Federal Contract Tower,0,2,18,0,20,0,0,22,0,22,0,2,40,0,42,18,0,18,60
01/25/2017,ASG,AR,ASW,CE,Federal Contract Tower,0,2,25,0,27,0,3,33,0,36,0,5,58,0,63,6,0,6,69
01/26/2017,ASG,AR,ASW,CE,Federal Contract Tower,0,5,27,0,32,0,0,27,0,27,0,5,54,0,59,4,0,4,63
01/27/2017,ASG,AR,ASW,CE,Federal Contract Tower,0,3,17,0,20,0,0,34,0,34,0,3,51,0,54,14,0,14,68
01/28/2017,ASG,AR,ASW,CE,Federal Contract Tower,0,2,9,0,11,0,0,47,0,47,0,2,56,0,58,20,0,20,78
01/29/2017,ASG,AR,ASW,CE,Federal Contract Tower,0,2,1,0,3,0,0,31,0,31,0,2,32,0,34,0,0,0,34
01/30/2017,ASG,AR,ASW,CE,Federal Contract Tower,0,6,17,0,23,0,0,43,0,43,0,6,60,0,66,62,0,62,128
01/31/2017,ASG,AR,ASW,CE,Federal Contract Tower,0,5,21,0,26,0,5,58,0,63,0,10,79,0,89,20,0,20,109
02/01/2017,ASG,AR,ASW,CE,Federal Contract Tower,0,5,23,0,28,0,4,42,2,48,0,9,65,2,76,128,0,128,204
02/02/2017,ASG,AR,ASW,CE,Federal Contract Tower,0,4,15,0,19,0,1,29,0,30,0,5,44,0,49,24,0,24,73
02/03/2017,ASG,AR,ASW,CE,Federal Contract Tower,0,4,17,0,21,0,0,33,0,33,0,4,50,0,54,8,0,8,62
02/04/2017,ASG,AR,ASW,CE,Federal Contract Tower,0,0,15,0,15,0,3,27,0,30,0,3,42,0,45,78,0,78,123
02/05/2017,ASG,AR,ASW,CE,Federal Contract Tower,0,1,12,0,13,0,4,41,0,45,0,5,53,0,58,68,0,68,126
02/06/2017,ASG,AR,ASW,CE,Federal Contract Tower,0,5,17,0,22,0,0,5,0,5,0,5,22,0,27,0,0,0,27
02/07/2017,ASG,AR,ASW,CE,Federal Contract Tower,0,4,25,0,29,0,5,45,0,50,0,9,70,0,79,28,0,28,107
02/08/2017,ASG,AR,ASW,CE,Federal Contract Tower,0,4,18,0,22,0,0,33,0,33,0,4,51,0,55,52,0,52,107
02/09/2017,ASG,AR,ASW,CE,Federal Contract Tower,0,9,29,0,38,0,0,44,0,44,0,9,73,0,82,52,0,52,134
02/10/2017,ASG,AR,ASW,CE,Federal Contract Tower,0,4,18,0,22,0,0,26,0,26,0,4,44,0,48,0,0,0,48
02/11/2017,ASG,AR,ASW,CE,Federal Contract Tower,0,7,4,0,11,0,3,20,0,23,0,10,24,0,34,12,0,12,46
02/12/2017,ASG,AR,ASW,CE,Federal Contract Tower,0,0,10,0,10,0,0,13,0,13,0,0,23,0,23,0,0,0,23
02/13/2017,ASG,AR,ASW,CE,Federal Contract Tower,0,2,13,0,15,0,5,34,0,39,0,7,47,0,54,94,0,94,148
02/14/2017,ASG,AR,ASW,CE,Federal Contract Tower,0,2,14,0,16,0,0,1,0,1,0,2,15,0,17,0,0,0,17
02/15/2017,ASG,AR,ASW,CE,Federal Contract Tower,0,4,24,0,28,0,0,66,0,66,0,4,90,0,94,150,0,150,244
02/16/2017,ASG,AR,ASW,CE,Federal Contract Tower,0,2,19,0,21,0,0,37,0,37,0,2,56,0,58,32,0,32,90
02/17/2017,ASG,AR,ASW,CE,Federal Contract Tower,0,6,13,0,19,0,4,35,0,39,0,10,48,0,58,18,0,18,76
02/18/2017,ASG,AR,ASW,CE,Federal Contract Tower,0,6,18,0,24,0,0,72,0,72,0,6,90,0,96,102,0,102,198
02/19/2017,ASG,AR,ASW,CE,Federal Contract Tower,0,1,22,0,23,0,0,36,0,36,0,1,58,0,59,66,0,66,125
02/20/2017,ASG,AR,ASW,CE,Federal Contract Tower,0,6,21,0,27,0,0,13,0,13,0,6,34,0,40,26,0,26,66
02/21/2017,ASG,AR,ASW,CE,Federal Contract Tower,0,3,26,0,29,0,2,19,0,21,0,5,45,0,50,20,0,20,70
02/22/2017,ASG,AR,ASW,CE,Federal Contract Tower,0,5,29,0,34,0,2,51,0,53,0,7,80,0,87,96,0,96,183
02/23/2017,ASG,AR,ASW,CE,Federal Contract Tower,0,4,23,0,27,0,2,35,0,37,0,6,58,0,64,34,0,34,98
02/24/2017,ASG,AR,ASW,CE,Federal Contract Tower,0,4,23,0,27,0,0,16,0,16,0,4,39,0,43,0,0,0,43
02/25/2017,ASG,AR,ASW,CE,Federal Contract Tower,0,0,9,0,9,0,0,68,0,68,0,0,77,0,77,130,0,130,207
02/26/2017,ASG,AR,ASW,CE,Federal Contract Tower,0,0,14,0,14,0,0,34,0,34,0,0,48,0,48,34,0,34,82
02/27/2017,ASG,AR,ASW,CE,Federal Contract Tower,0,2,16,0,18,0,1,29,0,30,0,3,45,0,48,60,0,60,108
02/28/2017,ASG,AR,ASW,CE,Federal Contract Tower,0,2,13,0,15,0,0,3,0,3,0,2,16,0,18,0,0,0,18
03/01/2017,ASG,AR,ASW,CE,Federal Contract Tower,0,5,19,0,24,0,3,24,0,27,0,8,43,0,51,4,0,4,55
03/02/2017,ASG,AR,ASW,CE,Federal Contract Tower,0,7,33,0,40,0,7,57,0,64,0,14,90,0,104,60,0,60,164
03/03/2017,ASG,AR,ASW,CE,Federal Contract Tower,0,4,17,0,21,0,0,27,0,27,0,4,44,0,48,36,0,36,84
03/04/2017,ASG,AR,ASW,CE,Federal Contract Tower,0,1,11,0,12,0,2,53,0,55,0,3,64,0,67,52,0,52,119
03/05/2017,ASG,AR,ASW,CE,Federal Contract Tower,0,3,14,0,17,0,0,2,0,2,0,3,16,0,19,0,0,0,19
03/06/2017,ASG,AR,ASW,CE,Federal Contract Tower,0,4,10,0,14,0,5,2,0,7,0,9,12,0,21,2,0,2,23
03/07/2017,ASG,AR,ASW,CE,Federal Contract Tower,0,4,11,0,15,0,7,30,0,37,0,11,41,0,52,28,0,28,80
03/08/2017,ASG,AR,ASW,CE,Federal Contract Tower,0,2,18,0,20,0,0,42,0,42,0,2,60,0,62,66,0,66,128
03/09/2017,ASG,AR,ASW,CE,Federal Contract Tower,0,4,25,0,29,0,1,34,0,35,0,5,59,0,64,86,0,86,150
03/10/2017,ASG,AR,ASW,CE,Federal Contract Tower,0,5,18,0,23,0,1,39,0,40,0,6,57,0,63,18,0,18,81
03/11/2017,ASG,AR,ASW,CE,Federal Contract Tower,0,1,0,0,1,0,0,1,0,1,0,1,1,0,2,0,0,0,2
03/12/2017,ASG,AR,ASW,CE,Federal Contract Tower,0,2,8,0,10,0,0,26,0,26,0,2,34,0,36,34,0,34,70
03/13/2017,ASG,AR,ASW,CE,Federal Contract Tower,0,2,8,0,10,0,0,0,0,0,0,2,8,0,10,0,0,0,10
03/14/2017,ASG,AR,ASW,CE,Federal Contract Tower,0,9,31,0,40,0,0,14,0,14,0,9,45,0,54,78,0,78,132
03/15/2017,ASG,AR,ASW,CE,Federal Contract Tower,0,4,23,0,27,0,1,49,0,50,0,5,72,0,77,230,0,230,307
03/16/2017,ASG,AR,ASW,CE,Federal Contract Tower,0,9,11,0,20,0,1,22,0,23,0,10,33,0,43,132,0,132,175
03/17/2017,ASG,AR,ASW,CE,Federal Contract Tower,0,6,22,0,28,0,0,8,0,8,0,6,30,0,36,6,0,6,42
03/18/2017,ASG,AR,ASW,CE,Federal Contract Tower,0,0,16,0,16,0,0,63,0,63,0,0,79,0,79,88,0,88,167
03/19/2017,ASG,AR,ASW,CE,Federal Contract Tower,0,0,10,0,10,0,1,16,0,17,0,1,26,0,27,22,0,22,49
03/20/2017,ASG,AR,ASW,CE,Federal Contract Tower,0,6,3,0,9,0,5,36,2,43,0,11,39,2,52,54,0,54,106
03/21/2017,ASG,AR,ASW,CE,Federal Contract Tower,0,2,15,0,17,0,3,42,0,45,0,5,57,0,62,98,0,98,160
03/22/2017,ASG,AR,ASW,CE,Federal Contract Tower,0,5,12,0,17,0,0,7,0,7,0,5,19,0,24,0,0,0,24
03/23/2017,ASG,AR,ASW,CE,Federal Contract Tower,0,8,14,0,22,0,0,41,0,41,0,8,55,0,63,104,0,104,167
03/24/2017,ASG,AR,ASW,CE,Federal Contract Tower,0,7,3,0,10,0,0,3,0,3,0,7,6,0,13,0,0,0,13
03/25/2017,ASG,AR,ASW,CE,Federal Contract Tower,0,3,7,0,10,0,0,2,0,2,0,3,9,0,12,6,0,6,18
03/26/2017,ASG,AR,ASW,CE,Federal Contract Tower,0,3,11,0,14,0,0,49,0,49,0,3,60,0,63,64,0,64,127
03/27/2017,ASG,AR,ASW,CE,Federal Contract Tower,0,2,20,0,22,0,0,5,0,5,0,2,25,0,27,14,0,14,41
03/28/2017,ASG,AR,ASW,CE,Federal Contract Tower,0,2,12,0,14,0,4,25,0,29,0,6,37,0,43,66,0,66,109
03/29/2017,ASG,AR,ASW,CE,Federal Contract Tower,0,2,4,0,6,0,2,4,0,6,0,4,8,0,12,0,0,0,12
03/30/2017,ASG,AR,ASW,CE,Federal Contract Tower,0,2,14,0,16,0,0,3,0,3,0,2,17,0,19,0,0,0,19
03/31/2017,ASG,AR,ASW,CE,Federal Contract Tower,0,6,27,0,33,0,0,29,0,29,0,6,56,0,62,54,0,54,116
04/01/2017,ASG,AR,ASW,CE,Federal Contract Tower,0,0,9,0,9,0,2,52,0,54,0,2,61,0,63,16,0,16,79
04/02/2017,ASG,AR,ASW,CE,Federal Contract Tower,0,2,10,0,12,0,0,22,0,22,0,2,32,0,34,46,0,46,80
04/03/2017,ASG,AR,ASW,CE,Federal Contract Tower,0,5,7,0,12,0,1,13,0,14,0,6,20,0,26,6,0,6,32
04/04/2017,ASG,AR,ASW,CE,Federal Contract Tower,0,4,16,0,20,0,0,24,0,24,0,4,40,0,44,14,0,14,58
04/05/2017,ASG,AR,ASW,CE,Federal Contract Tower,0,3,20,0,23,0,0,2,0,2,0,3,22,0,25,0,0,0,25
04/06/2017,ASG,AR,ASW,CE,Federal Contract Tower,0,15,16,0,31,0,2,50,0,52,0,17,66,0,83,32,0,32,115
04/07/2017,ASG,AR,ASW,CE,Federal Contract Tower,0,6,13,0,19,0,2,58,0,60,0,8,71,0,79,38,0,38,117
04/08/2017,ASG,AR,ASW,CE,Federal Contract Tower,0,2,11,0,13,0,3,36,0,39,0,5,47,0,52,30,0,30,82
04/09/2017,ASG,AR,ASW,CE,Federal Contract Tower,0,2,15,0,17,0,4,10,0,14,0,6,25,0,31,0,0,0,31
04/10/2017,ASG,AR,ASW,CE,Federal Contract Tower,0,4,16,0,20,0,2,21,0,23,0,6,37,0,43,64,0,64,107
04/11/2017,ASG,AR,ASW,CE,Federal Contract Tower,0,2,27,0,29,0,3,55,0,58,0,5,82,0,87,98,0,98,185
04/12/2017,ASG,AR,ASW,CE,Federal Contract Tower,0,4,26,0,30,0,1,47,0,48,0,5,73,0,78,98,0,98,176
04/13/2017,ASG,AR,ASW,CE,Federal Contract Tower,0,3,14,0,17,0,1,31,0,32,0,4,45,0,49,60,0,60,109
04/14/2017,ASG,AR,ASW,CE,Federal Contract Tower,0,6,16,0,22,0,0,31,0,31,0,6,47,0,53,58,0,58,111
04/15/2017,ASG,AR,ASW,CE,Federal Contract Tower,0,0,12,0,12,0,0,28,0,28,0,0,40,0,40,20,0,20,60
04/16/2017,ASG,AR,ASW,CE,Federal Contract Tower,0,1,7,0,8,0,0,10,0,10,0,1,17,0,18,8,0,8,26
04/17/2017,ASG,AR,ASW,CE,Federal Contract Tower,0,3,10,0,13,0,8,23,0,31,0,11,33,0,44,86,0,86,130
04/18/2017,ASG,AR,ASW,CE,Federal Contract Tower,0,6,17,0,23,0,3,64,0,67,0,9,81,0,90,100,0,100,190
04/19/2017,ASG,AR,ASW,CE,Federal Contract Tower,0,2,32,0,34,0,2,56,0,58,0,4,88,0,92,82,0,82,174
04/20/2017,ASG,AR,ASW,CE,Federal Contract Tower,0,4,25,0,29,0,1,6,0,7,0,5,31,0,36,6,0,6,42
04/21/2017,ASG,AR,ASW,CE,Federal Contract Tower,0,2,10,0,12,0,0,0,0,0,0,2,10,0,12,0,0,0,12
04/22/2017,ASG,AR,ASW,CE,Federal Contract Tower,0,0,2,0,2,0,0,2,0,2,0,0,4,0,4,0,0,0,4
04/23/2017,ASG,AR,ASW,CE,Federal Contract Tower,0,1,12,0,13,0,4,69,0,73,0,5,81,0,86,38,0,38,124
04/24/2017,ASG,AR,ASW,CE,Federal Contract Tower,0,7,17,0,24,0,4,43,0,47,0,11,60,0,71,82,0,82,153
04/25/2017,ASG,AR,ASW,CE,Federal Contract Tower,0,4,30,0,34,0,2,41,0,43,0,6,71,0,77,6,0,6,83
04/26/2017,ASG,AR,ASW,CE,Federal Contract Tower,0,3,10,0,13,0,0,0,0,0,0,3,10,0,13,0,0,0,13
04/27/2017,ASG,AR,ASW,CE,Federal Contract Tower,0,2,38,0,40,0,0,50,0,50,0,2,88,0,90,104,0,104,194
04/28/2017,ASG,AR,ASW,CE,Federal Contract Tower,0,7,25,0,32,0,0,10,0,10,0,7,35,0,42,42,0,42,84
04/29/2017,ASG,AR,ASW,CE,Federal Contract Tower,0,0,2,0,2,0,0,0,0,0,0,0,2,0,2,0,0,0,2
04/30/2017,ASG,AR,ASW,CE,Federal Contract Tower,0,0,10,0,10,0,0,5,0,5,0,0,15,0,15,0,0,0,15
05/01/2017,ASG,AR,ASW,CE,Federal Contract Tower,0,4,10,0,14,0,0,9,0,9,0,4,19,0,23,0,0,0,23
05/02/2017,ASG,AR,ASW,CE,Federal Contract Tower,0,5,22,0,27,0,6,85,0,91,0,11,107,0,118,166,0,166,284
05/03/2017,ASG,AR,ASW,CE,Federal Contract Tower,0,2,8,0,10,0,2,1,0,3,0,4,9,0,13,0,0,0,13
05/04/2017,ASG,AR,ASW,CE,Federal Contract Tower,0,8,25,0,33,0,0,27,0,27,0,8,52,0,60,16,0,16,76
05/05/2017,ASG,AR,ASW,CE,Federal Contract Tower,0,3,15,0,18,0,0,60,0,60,0,3,75,0,78,114,0,114,192
05/06/2017,ASG,AR,ASW,CE,Federal Contract Tower,0,0,7,0,7,0,2,61,0,63,0,2,68,0,70,104,0,104,174
05/07/2017,ASG,AR,ASW,CE,Federal Contract Tower,0,1,12,0,13,0,0,38,0,38,0,1,50,0,51,42,0,42,93
05/08/2017,ASG,AR,ASW,CE,Federal Contract Tower,0,10,12,0,22,0,7,50,0,57,0,17,62,0,79,92,0,92,171
05/09/2017,ASG,AR,ASW,CE,Federal Contract Tower,0,4,19,0,23,0,6,52,0,58,0,10,71,0,81,72,0,72,153
05/10/2017,ASG,AR,ASW,CE,Federal Contract Tower,0,4,22,0,26,0,1,19,0,20,0,5,41,0,46,100,0,100,146
05/11/2017,ASG,AR,ASW,CE,Federal Contract Tower,0,9,16,0,25,0,2,20,0,22,0,11,36,0,47,48,0,48,95
05/12/2017,ASG,AR,ASW,CE,Federal Contract Tower,0,4,7,0,11,0,0,6,0,6,0,4,13,0,17,0,0,0,17
05/13/2017,ASG,AR,ASW,CE,Federal Contract Tower,0,0,13,0,13,0,0,49,0,49,0,0,62,0,62,50,0,50,112
05/14/2017,ASG,AR,ASW,CE,Federal Contract Tower,0,0,19,0,19,0,2,46,0,48,0,2,65,0,67,10,0,10,77
05/15/2017,ASG,AR,ASW,CE,Federal Contract Tower,0,3,26,0,29,0,3,28,0,31,0,6,54,0,60,20,0,20,80
05/16/2017,ASG,AR,ASW,CE,Federal Contract Tower,0,2,25,0,27,0,0,42,0,42,0,2,67,0,69,86,0,86,155
05/17/2017,ASG,AR,ASW,CE,Federal Contract Tower,0,2,20,0,22,0,0,4,0,4,0,2,24,0,26,0,0,0,26
05/18/2017,ASG,AR,ASW,CE,Federal Contract Tower,0,3,29,0,32,0,3,34,0,37,0,6,63,0,69,78,0,78,147
05/19/2017,ASG,AR,ASW,CE,Federal Contract Tower,0,3,13,0,16,0,0,9,0,9,0,3,22,0,25,30,0,30,55
05/20/2017,ASG,AR,ASW,CE,Federal Contract Tower,0,0,17,0,17,0,7,0,0,7,0,7,17,0,24,0,0,0,24
05/21/2017,ASG,AR,ASW,CE,Federal Contract Tower,0,0,15,0,15,0,0,42,0,42,0,0,57,0,57,40,0,40,97
05/22/2017,ASG,AR,ASW,CE,Federal Contract Tower,0,4,22,0,26,0,5,61,0,66,0,9,83,0,92,62,0,62,154
05/23/2017,ASG,AR,ASW,CE,Federal Contract Tower,0,4,29,0,33,0,1,23,0,24,0,5,52,0,57,70,0,70,127
05/24/2017,ASG,AR,ASW,CE,Federal Contract Tower,0,8,27,0,35,0,2,32,0,34,0,10,59,0,69,118,0,118,187
05/26/2017,ASG,AR,ASW,CE,Federal Contract Tower,0,2,12,0,14,0,0,30,0,30,0,2,42,0,44,44,0,44,88
05/27/2017,ASG,AR,ASW,CE,Federal Contract Tower,0,0,9,0,9,0,4,16,0,20,0,4,25,0,29,26,0,26,55
05/28/2017,ASG,AR,ASW,CE,Federal Contract Tower,0,0,3,0,3,0,0,18,0,18,0,0,21,0,21,36,0,36,57
05/29/2017,ASG,AR,ASW,CE,Federal Contract Tower,0,0,13,0,13,0,5,55,0,60,0,5,68,0,73,42,0,42,115
05/30/2017,ASG,AR,ASW,CE,Federal Contract Tower,0,6,11,0,17,0,7,49,0,56,0,13,60,0,73,42,0,42,115
05/31/2017,ASG,AR,ASW,CE,Federal Contract Tower,0,4,21,0,25,0,0,33,0,33,0,4,54,0,58,114,0,114,172
06/01/2017,ASG,AR,ASW,CE,Federal Contract Tower,0,6,25,0,31,0,0,23,0,23,0,6,48,0,54,44,0,44,98
06/02/2017,ASG,AR,ASW,CE,Federal Contract Tower,0,6,8,0,14,0,0,33,0,33,0,6,41,0,47,14,0,14,61
06/03/2017,ASG,AR,ASW,CE,Federal Contract Tower,0,2,6,0,8,0,0,14,0,14,0,2,20,0,22,54,0,54,76
06/04/2017,ASG,AR,ASW,CE,Federal Contract Tower,0,2,10,0,12,0,0,0,0,0,0,2,10,0,12,0,0,0,12
06/05/2017,ASG,AR,ASW,CE,Federal Contract Tower,0,2,21,0,23,0,0,8,0,8,0,2,29,0,31,52,0,52,83
06/06/2017,ASG,AR,ASW,CE,Federal Contract Tower,0,5,25,0,30,0,2,36,0,38,0,7,61,0,68,52,0,52,120
06/07/2017,ASG,AR,ASW,CE,Federal Contract Tower,0,4,22,2,28,0,2,47,0,49,0,6,69,2,77,80,0,80,157
06/08/2017,ASG,AR,ASW,CE,Federal Contract Tower,0,6,20,2,28,0,1,49,0,50,0,7,69,2,78,30,0,30,108
06/09/2017,ASG,AR,ASW,CE,Federal Contract Tower,0,2,17,0,19,0,2,54,0,56,0,4,71,0,75,56,0,56,131
06/10/2017,ASG,AR,ASW,CE,Federal Contract Tower,0,0,10,0,10,0,0,29,0,29,0,0,39,0,39,42,0,42,81
06/11/2017,ASG,AR,ASW,CE,Federal Contract Tower,0,0,15,0,15,0,4,26,0,30,0,4,41,0,45,6,0,6,51
06/12/2017,ASG,AR,ASW,CE,Federal Contract Tower,0,3,10,0,13,0,5,38,0,43,0,8,48,0,56,62,0,62,118
06/13/2017,ASG,AR,ASW,CE,Federal Contract Tower,0,3,22,0,25,0,2,24,0,26,0,5,46,0,51,24,0,24,75
06/14/2017,ASG,AR,ASW,CE,Federal Contract Tower,0,3,27,0,30,0,2,26,0,28,0,5,53,0,58,36,0,36,94
06/15/2017,ASG,AR,ASW,CE,Federal Contract Tower,0,5,23,0,28,0,1,38,0,39,0,6,61,0,67,44,0,44,111
06/16/2017,ASG,AR,ASW,CE,Federal Contract Tower,0,9,16,0,25,0,0,39,0,39,0,9,55,0,64,28,0,28,92
06/17/2017,ASG,AR,ASW,CE,Federal Contract Tower,0,0,12,0,12,0,0,14,0,14,0,0,26,0,26,0,0,0,26
06/18/2017,ASG,AR,ASW,CE,Federal Contract Tower,0,2,16,0,18,0,0,6,0,6,0,2,22,0,24,0,0,0,24
06/19/2017,ASG,AR,ASW,CE,Federal Contract Tower,0,2,8,0,10,0,1,36,0,37,0,3,44,0,47,56,0,56,103
06/20/2017,ASG,AR,ASW,CE,Federal Contract Tower,0,5,18,0,23,0,2,42,0,44,0,7,60,0,67,50,0,50,117
06/21/2017,ASG,AR,ASW,CE,Federal Contract Tower,0,3,21,0,24,0,4,37,0,41,0,7,58,0,65,66,0,66,131
06/22/2017,ASG,AR,ASW,CE,Federal Contract Tower,0,4,21,0,25,0,0,24,0,24,0,4,45,0,49,72,0,72,121
06/23/2017,ASG,AR,ASW,CE,Federal Contract Tower,0,1,18,0,19,0,2,11,0,13,0,3,29,0,32,26,0,26,58
06/24/2017,ASG,AR,ASW,CE,Federal Contract Tower,0,4,13,0,17,0,0,48,0,48,0,4,61,0,65,84,0,84,149
06/25/2017,ASG,AR,ASW,CE,Federal Contract Tower,0,1,10,0,11,0,0,61,0,61,0,1,71,0,72,46,0,46,118
06/26/2017,ASG,AR,ASW,CE,Federal Contract Tower,0,3,18,0,21,0,5,32,0,37,0,8,50,0,58,36,0,36,94
06/27/2017,ASG,AR,ASW,CE,Federal Contract Tower,0,4,15,0,19,0,1,43,0,44,0,5,58,0,63,60,0,60,123
06/28/2017,ASG,AR,ASW,CE,Federal Contract Tower,0,4,28,0,32,0,2,36,0,38,0,6,64,0,70,46,0,46,116
06/29/2017,ASG,AR,ASW,CE,Federal Contract Tower,0,3,32,0,35,0,0,34,0,34,0,3,66,0,69,30,0,30,99
06/30/2017,ASG,AR,ASW,CE,Federal Contract Tower,0,3,9,0,12,0,0,9,0,9,0,3,18,0,21,6,0,6,27
07/01/2017,ASG,AR,ASW,CE,Federal Contract Tower,0,6,18,0,24,0,0,13,0,13,0,6,31,0,37,10,0,10,47
07/02/2017,ASG,AR,ASW,CE,Federal Contract Tower,0,1,12,0,13,0,1,13,0,14,0,2,25,0,27,0,0,0,27
07/03/2017,ASG,AR,ASW,CE,Federal Contract Tower,0,4,6,0,10,0,3,8,0,11,0,7,14,0,21,0,0,0,21
07/04/2017,ASG,AR,ASW,CE,Federal Contract Tower,0,1,4,0,5,0,0,15,0,15,0,1,19,0,20,18,0,18,38
07/05/2017,ASG,AR,ASW,CE,Federal Contract Tower,0,2,25,0,27,0,0,18,0,18,0,2,43,0,45,16,0,16,61
07/06/2017,ASG,AR,ASW,CE,Federal Contract Tower,0,2,15,0,17,0,0,36,0,36,0,2,51,0,53,34,0,34,87
07/07/2017,ASG,AR,ASW,CE,Federal Contract Tower,0,3,25,0,28,0,0,49,0,49,0,3,74,0,77,48,0,48,125
07/08/2017,ASG,AR,ASW,CE,Federal Contract Tower,0,0,9,0,9,0,0,49,0,49,0,0,58,0,58,166,0,166,224
07/09/2017,ASG,AR,ASW,CE,Federal Contract Tower,0,2,16,0,18,0,0,20,0,20,0,2,36,0,38,28,0,28,66
07/10/2017,ASG,AR,ASW,CE,Federal Contract Tower,0,2,6,0,8,0,3,37,0,40,0,5,43,0,48,52,0,52,100
07/11/2017,ASG,AR,ASW,CE,Federal Contract Tower,0,5,15,0,20,0,8,49,0,57,0,13,64,0,77,42,0,42,119
07/12/2017,ASG,AR,ASW,CE,Federal Contract Tower,0,12,18,0,30,0,0,48,0,48,0,12,66,0,78,50,0,50,128
07/13/2017,ASG,AR,ASW,CE,Federal Contract Tower,0,5,28,0,33,0,3,48,0,51,0,8,76,0,84,28,0,28,112
07/14/2017,ASG,AR,ASW,CE,Federal Contract Tower,0,2,19,0,21,0,0,16,0,16,0,2,35,0,37,4,0,4,41
07/15/2017,ASG,AR,ASW,CE,Federal Contract Tower,0,0,7,0,7,0,0,48,0,48,0,0,55,0,55,70,0,70,125
07/16/2017,ASG,AR,ASW,CE,Federal Contract Tower,0,0,9,0,9,0,0,44,0,44,0,0,53,0,53,28,0,28,81
07/17/2017,ASG,AR,ASW,CE,Federal Contract Tower,0,2,12,0,14,0,1,40,0,41,0,3,52,0,55,64,0,64,119
07/18/2017,ASG,AR,ASW,CE,Federal Contract Tower,0,2,26,0,28,0,4,60,0,64,0,6,86,0,92,96,0,96,188
07/19/2017,ASG,AR,ASW,CE,Federal Contract Tower,0,6,13,0,19,0,1,54,0,55,0,7,67,0,74,122,0,122,196
07/20/2017,ASG,AR,ASW,CE,Federal Contract Tower,0,2,21,0,23,0,4,46,0,50,0,6,67,0,73,36,0,36,109
07/21/2017,ASG,AR,ASW,CE,Federal Contract Tower,0,2,23,0,25,0,0,29,0,29,0,2,52,0,54,36,0,36,90
07/22/2017,ASG,AR,ASW,CE,Federal Contract Tower,0,0,12,0,12,0,2,19,0,21,0,2,31,0,33,10,0,10,43
07/23/2017,ASG,AR,ASW,CE,Federal Contract Tower,0,0,6,0,6,0,1,35,0,36,0,1,41,0,42,40,0,40,82
07/24/2017,ASG,AR,ASW,CE,Federal Contract Tower,0,2,12,0,14,0,2,53,0,55,0,4,65,0,69,98,0,98,167
07/25/2017,ASG,AR,ASW,CE,Federal Contract Tower,0,5,24,0,29,0,4,40,0,44,0,9,64,0,73,66,0,66,139
07/26/2017,ASG,AR,ASW,CE,Federal Contract Tower,0,5,27,0,32,0,0,36,0,36,0,5,63,0,68,62,0,62,130
07/27/2017,ASG,AR,ASW,CE,Federal Contract Tower,0,2,34,0,36,0,3,47,0,50,0,5,81,0,86,74,0,74,160
07/28/2017,ASG,AR,ASW,CE,Federal Contract Tower,0,2,17,0,19,0,0,20,0,20,0,2,37,0,39,18,0,18,57
07/29/2017,ASG,AR,ASW,CE,Federal Contract Tower,0,0,17,0,17,0,0,37,0,37,0,0,54,0,54,36,0,36,90
07/30/2017,ASG,AR,ASW,CE,Federal Contract Tower,0,0,12,0,12,0,1,37,0,38,0,1,49,0,50,26,0,26,76
07/31/2017,ASG,AR,ASW,CE,Federal Contract Tower,0,5,16,0,21,0,0,49,0,49,0,5,65,0,70,64,0,64,134
08/01/2017,ASG,AR,ASW,CE,Federal Contract Tower,0,3,9,0,12,0,1,20,0,21,0,4,29,0,33,48,0,48,81
08/02/2017,ASG,AR,ASW,CE,Federal Contract Tower,0,3,16,0,19,0,3,37,0,40,0,6,53,0,59,46,0,46,105
08/03/2017,ASG,AR,ASW,CE,Federal Contract Tower,0,4,16,0,20,0,2,49,0,51,0,6,65,0,71,138,0,138,209
08/04/2017,ASG,AR,ASW,CE,Federal Contract Tower,0,2,21,0,23,0,0,32,0,32,0,2,53,0,55,24,0,24,79
08/05/2017,ASG,AR,ASW,CE,Federal Contract Tower,0,4,5,0,9,0,1,39,0,40,0,5,44,0,49,58,0,58,107
08/06/2017,ASG,AR,ASW,CE,Federal Contract Tower,0,4,10,0,14,0,0,2,0,2,0,4,12,0,16,0,0,0,16
08/07/2017,ASG,AR,ASW,CE,Federal Contract Tower,0,5,26,0,31,0,0,21,0,21,0,5,47,0,52,74,0,74,126
08/08/2017,ASG,AR,ASW,CE,Federal Contract Tower,0,5,22,0,27,0,0,25,0,25,0,5,47,0,52,90,0,90,142
08/09/2017,ASG,AR,ASW,CE,Federal Contract Tower,0,2,32,0,34,0,5,55,0,60,0,7,87,0,94,120,0,120,214
08/10/2017,ASG,AR,ASW,CE,Federal Contract Tower,0,4,16,0,20,0,3,36,0,39,0,7,52,0,59,22,0,22,81
08/11/2017,ASG,AR,ASW,CE,Federal Contract Tower,0,3,19,0,22,0,0,16,0,16,0,3,35,0,38,12,0,12,50
08/12/2017,ASG,AR,ASW,CE,Federal Contract Tower,0,2,12,0,14,0,0,31,0,31,0,2,43,0,45,70,0,70,115
08/13/2017,ASG,AR,ASW,CE,Federal Contract Tower,0,0,7,0,7,0,0,3,0,3,0,0,10,0,10,46,0,46,56
08/14/2017,ASG,AR,ASW,CE,Federal Contract Tower,0,3,10,0,13,0,3,18,0,21,0,6,28,0,34,0,0,0,34
08/15/2017,ASG,AR,ASW,CE,Federal Contract Tower,0,4,14,0,18,0,0,19,0,19,0,4,33,0,37,40,0,40,77
08/16/2017,ASG,AR,ASW,CE,Federal Contract Tower,0,4,29,0,33,0,0,27,0,27,0,4,56,0,60,40,0,40,100
08/17/2017,ASG,AR,ASW,CE,Federal Contract Tower,0,3,16,0,19,0,0,24,0,24,0,3,40,0,43,74,0,74,117
08/18/2017,ASG,AR,ASW,CE,Federal Contract Tower,0,3,31,0,34,0,0,16,0,16,0,3,47,0,50,8,0,8,58
08/19/2017,ASG,AR,ASW,CE,Federal Contract Tower,0,4,10,0,14,0,0,30,0,30,0,4,40,0,44,22,0,22,66
08/20/2017,ASG,AR,ASW,CE,Federal Contract Tower,0,1,14,0,15,0,3,47,0,50,0,4,61,0,65,8,0,8,73
08/21/2017,ASG,AR,ASW,CE,Federal Contract Tower,0,5,16,0,21,0,4,54,0,58,0,9,70,0,79,56,0,56,135
08/22/2017,ASG,AR,ASW,CE,Federal Contract Tower,0,3,19,0,22,0,2,33,0,35,0,5,52,0,57,60,0,60,117
08/23/2017,ASG,AR,ASW,CE,Federal Contract Tower,0,4,45,0,49,0,1,32,0,33,0,5,77,0,82,110,0,110,192
08/24/2017,ASG,AR,ASW,CE,Federal Contract Tower,0,6,20,0,26,0,0,52,0,52,0,6,72,0,78,76,0,76,154
08/25/2017,ASG,AR,ASW,CE,Federal Contract Tower,0,9,15,0,24,0,0,43,0,43,0,9,58,0,67,66,0,66,133
08/26/2017,ASG,AR,ASW,CE,Federal Contract Tower,0,0,12,0,12,0,0,39,0,39,0,0,51,0,51,56,0,56,107
08/27/2017,ASG,AR,ASW,CE,Federal Contract Tower,0,1,6,0,7,0,0,27,0,27,0,1,33,0,34,150,0,150,184
08/28/2017,ASG,AR,ASW,CE,Federal Contract Tower,0,3,16,0,19,0,0,20,0,20,0,3,36,0,39,54,0,54,93
08/29/2017,ASG,AR,ASW,CE,Federal Contract Tower,0,6,21,0,27,0,5,38,0,43,0,11,59,0,70,24,0,24,94
08/30/2017,ASG,AR,ASW,CE,Federal Contract Tower,0,8,22,0,30,0,0,40,0,40,0,8,62,0,70,70,0,70,140
08/31/2017,ASG,AR,ASW,CE,Federal Contract Tower,0,6,10,0,16,0,0,12,0,12,0,6,22,0,28,20,0,20,48
09/01/2017,ASG,AR,ASW,CE,Federal Contract Tower,0,2,23,0,25,0,0,27,0,27,0,2,50,0,52,76,0,76,128
09/02/2017,ASG,AR,ASW,CE,Federal Contract Tower,0,4,7,0,11,0,0,38,0,38,0,4,45,0,49,18,0,18,67
09/03/2017,ASG,AR,ASW,CE,Federal Contract Tower,0,1,6,0,7,0,1,38,0,39,0,2,44,0,46,60,0,60,106
09/04/2017,ASG,AR,ASW,CE,Federal Contract Tower,0,0,30,0,30,0,0,40,0,40,0,0,70,0,70,50,0,50,120
09/05/2017,ASG,AR,ASW,CE,Federal Contract Tower,0,1,13,0,14,0,2,23,0,25,0,3,36,0,39,0,0,0,39
09/06/2017,ASG,AR,ASW,CE,Federal Contract Tower,0,3,19,0,22,0,2,52,0,54,0,5,71,0,76,94,0,94,170
09/07/2017,ASG,AR,ASW,CE,Federal Contract Tower,0,5,28,0,33,0,2,49,0,51,0,7,77,0,84,70,0,70,154
09/08/2017,ASG,AR,ASW,CE,Federal Contract Tower,0,2,32,0,34,0,0,59,0,59,0,2,91,0,93,48,0,48,141
09/09/2017,ASG,AR,ASW,CE,Federal Contract Tower,0,2,18,0,20,0,0,43,0,43,0,2,61,0,63,12,0,12,75
09/10/2017,ASG,AR,ASW,CE,Federal Contract Tower,0,5,23,0,28,0,4,42,0,46,0,9,65,0,74,22,0,22,96
09/11/2017,ASG,AR,ASW,CE,Federal Contract Tower,0,0,21,0,21,0,2,36,0,38,0,2,57,0,59,34,0,34,93
09/12/2017,ASG,AR,ASW,CE,Federal Contract Tower,0,0,16,0,16,0,4,48,0,52,0,4,64,0,68,48,0,48,116
09/13/2017,ASG,AR,ASW,CE,Federal Contract Tower,0,1,18,0,19,0,4,69,0,73,0,5,87,0,92,74,0,74,166
09/14/2017,ASG,AR,ASW,CE,Federal Contract Tower,0,0,30,0,30,0,2,70,2,74,0,2,100,2,104,84,0,84,188
09/15/2017,ASG,AR,ASW,CE,Federal Contract Tower,0,0,22,0,22,0,3,40,0,43,0,3,62,0,65,66,0,66,131
09/16/2017,ASG,AR,ASW,CE,Federal Contract Tower,0,0,4,0,4,0,4,59,0,63,0,4,63,0,67,36,0,36,103
09/17/2017,ASG,AR,ASW,CE,Federal Contract Tower,0,0,3,0,3,0,0,11,0,11,0,0,14,0,14,10,0,10,24
09/18/2017,ASG,AR,ASW,CE,Federal Contract Tower,0,0,25,0,25,0,3,20,0,23,0,3,45,0,48,48,0,48,96
09/20/2017,ASG,AR,ASW,CE,Federal Contract Tower,0,1,23,0,24,0,8,31,0,39,0,9,54,0,63,24,0,24,87
09/21/2017,ASG,AR,ASW,CE,Federal Contract Tower,0,0,32,0,32,0,12,40,0,52,0,12,72,0,84,14,0,14,98
09/22/2017,ASG,AR,ASW,CE,Federal Contract Tower,0,0,20,0,20,0,10,8,0,18,0,10,28,0,38,16,0,16,54
09/23/2017,ASG,AR,ASW,CE,Federal Contract Tower,0,0,4,0,4,0,4,37,0,41,0,4,41,0,45,16,0,16,61
09/24/2017,ASG,AR,ASW,CE,Federal Contract Tower,0,0,21,0,21,0,5,31,0,36,0,5,52,0,57,2,0,2,59
09/25/2017,ASG,AR,ASW,CE,Federal Contract Tower,0,1,6,0,7,0,2,53,0,55,0,3,59,0,62,82,0,82,144
09/26/2017,ASG,AR,ASW,CE,Federal Contract Tower,0,3,25,0,28,0,0,21,0,21,0,3,46,0,49,46,0,46,95
09/27/2017,ASG,AR,ASW,CE,Federal Contract Tower,0,4,28,0,32,0,0,12,0,12,0,4,40,0,44,42,0,42,86
09/28/2017,ASG,AR,ASW,CE,Federal Contract Tower,0,4,25,0,29,0,5,45,0,50,0,9,70,0,79,50,0,50,129
09/29/2017,ASG,AR,ASW,CE,Federal Contract Tower,0,1,23,0,24,0,2,44,0,46,0,3,67,0,70,34,0,34,104
09/30/2017,ASG,AR,ASW,CE,Federal Contract Tower,0,0,13,0,13,0,0,26,0,26,0,0,39,0,39,26,0,26,65
10/01/2017,ASG,AR,ASW,CE,Federal Contract Tower,0,3,14,0,17,0,2,47,0,49,0,5,61,0,66,18,0,18,84
10/02/2017,ASG,AR,ASW,CE,Federal Contract Tower,0,3,15,0,18,0,8,30,0,38,0,11,45,0,56,42,0,42,98
10/03/2017,ASG,AR,ASW,CE,Federal Contract Tower,0,1,14,0,15,0,0,4,0,4,0,1,18,0,19,4,0,4,23
10/04/2017,ASG,AR,ASW,CE,Federal Contract Tower,0,4,36,0,40,0,0,2,0,2,0,4,38,0,42,0,0,0,42
10/05/2017,ASG,AR,ASW,CE,Federal Contract Tower,0,1,17,0,18,0,0,40,0,40,0,1,57,0,58,68,0,68,126
10/06/2017,ASG,AR,ASW,CE,Federal Contract Tower,0,0,21,0,21,0,0,33,0,33,0,0,54,0,54,46,0,46,100
10/07/2017,ASG,AR,ASW,CE,Federal Contract Tower,0,0,12,0,12,0,0,15,0,15,0,0,27,0,27,2,0,2,29
10/08/2017,ASG,AR,ASW,CE,Federal Contract Tower,0,4,20,0,24,0,1,38,0,39,0,5,58,0,63,36,0,36,99
10/09/2017,ASG,AR,ASW,CE,Federal Contract Tower,0,2,14,0,16,0,7,39,0,46,0,9,53,0,62,44,0,44,106
10/10/2017,ASG,AR,ASW,CE,Federal Contract Tower,0,3,24,0,27,0,0,1,0,1,0,3,25,0,28,0,0,0,28
10/11/2017,ASG,AR,ASW,CE,Federal Contract Tower,0,2,29,0,31,0,0,19,0,19,0,2,48,0,50,108,0,108,158
10/12/2017,ASG,AR,ASW,CE,Federal Contract Tower,0,4,19,0,23,0,1,44,0,45,0,5,63,0,68,70,0,70,138
10/13/2017,ASG,AR,ASW,CE,Federal Contract Tower,0,2,32,2,36,0,2,32,0,34,0,4,64,2,70,60,0,60,130
10/14/2017,ASG,AR,ASW,CE,Federal Contract Tower,0,2,11,0,13,0,2,40,0,42,0,4,51,0,55,138,0,138,193
10/15/2017,ASG,AR,ASW,CE,Federal Contract Tower,0,3,14,0,17,0,1,11,0,12,0,4,25,0,29,30,0,30,59
10/16/2017,ASG,AR,ASW,CE,Federal Contract Tower,0,4,18,0,22,0,0,44,0,44,0,4,62,0,66,160,0,160,226
10/17/2017,ASG,AR,ASW,CE,Federal Contract Tower,0,0,22,0,22,0,5,50,0,55,0,5,72,0,77,74,0,74,151
10/18/2017,ASG,AR,ASW,CE,Federal Contract Tower,0,0,19,0,19,0,0,62,0,62,0,0,81,0,81,88,0,88,169
10/20/2017,ASG,AR,ASW,CE,Federal Contract Tower,0,3,28,0,31,0,0,48,0,48,0,3,76,0,79,26,0,26,105
10/21/2017,ASG,AR,ASW,CE,Federal Contract Tower,0,4,17,0,21,0,0,9,0,9,0,4,26,0,30,0,0,0,30
10/22/2017,ASG,AR,ASW,CE,Federal Contract Tower,0,4,20,0,24,0,0,7,0,7,0,4,27,0,31,0,0,0,31
10/23/2017,ASG,AR,ASW,CE,Federal Contract Tower,0,0,27,0,27,0,4,26,0,30,0,4,53,0,57,2,0,2,59
10/24/2017,ASG,AR,ASW,CE,Federal Contract Tower,0,2,14,0,16,0,2,18,0,20,0,4,32,0,36,0,0,0,36
10/25/2017,ASG,AR,ASW,CE,Federal Contract Tower,0,0,27,0,27,0,1,35,0,36,0,1,62,0,63,12,0,12,75
10/26/2017,ASG,AR,ASW,CE,Federal Contract Tower,0,0,32,0,32,0,9,38,0,47,0,9,70,0,79,22,0,22,101
10/27/2017,ASG,AR,ASW,CE,Federal Contract Tower,0,0,17,0,17,0,0,15,0,15,0,0,32,0,32,20,0,20,52
10/28/2017,ASG,AR,ASW,CE,Federal Contract Tower,0,0,15,0,15,0,5,35,0,40,0,5,50,0,55,14,0,14,69
10/29/2017,ASG,AR,ASW,CE,Federal Contract Tower,0,1,9,0,10,0,2,44,0,46,0,3,53,0,56,30,0,30,86
10/30/2017,ASG,AR,ASW,CE,Federal Contract Tower,0,3,11,0,14,0,7,24,0,31,0,10,35,0,45,20,0,20,65
10/31/2017,ASG,AR,ASW,CE,Federal Contract Tower,0,2,17,0,19,0,4,40,0,44,0,6,57,0,63,78,0,78,141
11/01/2017,ASG,AR,ASW,CE,Federal Contract Tower,0,0,21,0,21,0,0,5,0,5,0,0,26,0,26,10,0,10,36
11/02/2017,ASG,AR,ASW,CE,Federal Contract Tower,0,1,13,0,14,0,2,17,0,19,0,3,30,0,33,2,0,2,35
11/03/2017,ASG,AR,ASW,CE,Federal Contract Tower,0,1,24,0,25,0,2,11,0,13,0,3,35,0,38,56,0,56,94
11/04/2017,ASG,AR,ASW,CE,Federal Contract Tower,0,0,7,0,7,0,4,4,0,8,0,4,11,0,15,0,0,0,15
11/05/2017,ASG,AR,ASW,CE,Federal Contract Tower,0,0,28,0,28,0,4,21,0,25,0,4,49,0,53,2,0,2,55
11/06/2017,ASG,AR,ASW,CE,Federal Contract Tower,0,3,19,0,22,0,0,3,0,3,0,3,22,0,25,2,0,2,27
11/07/2017,ASG,AR,ASW,CE,Federal Contract Tower,0,2,12,0,14,0,0,0,0,0,0,2,12,0,14,0,0,0,14
11/08/2017,ASG,AR,ASW,CE,Federal Contract Tower,0,3,28,0,31,0,5,27,0,32,0,8,55,0,63,46,0,46,109
11/09/2017,ASG,AR,ASW,CE,Federal Contract Tower,0,4,25,0,29,0,0,64,0,64,0,4,89,0,93,50,0,50,143
11/10/2017,ASG,AR,ASW,CE,Federal Contract Tower,0,3,19,0,22,0,0,61,0,61,0,3,80,0,83,46,0,46,129
11/11/2017,ASG,AR,ASW,CE,Federal Contract Tower,0,0,20,0,20,0,2,49,0,51,0,2,69,0,71,68,0,68,139
11/12/2017,ASG,AR,ASW,CE,Federal Contract Tower,0,5,10,0,15,0,4,17,0,21,0,9,27,0,36,32,0,32,68
11/13/2017,ASG,AR,ASW,CE,Federal Contract Tower,0,0,26,0,26,0,2,17,0,19,0,2,43,0,45,34,0,34,79
11/14/2017,ASG,AR,ASW,CE,Federal Contract Tower,0,4,24,0,28,0,3,6,0,9,0,7,30,0,37,0,0,0,37
11/15/2017,ASG,AR,ASW,CE,Federal Contract Tower,0,0,21,0,21,0,2,12,0,14,0,2,33,0,35,12,0,12,47
11/16/2017,ASG,AR,ASW,CE,Federal Contract Tower,0,3,25,0,28,0,4,40,0,44,0,7,65,0,72,78,0,78,150
11/17/2017,ASG,AR,ASW,CE,Federal Contract Tower,0,3,30,0,33,0,0,0,0,0,0,3,30,0,33,0,0,0,33
11/18/2017,ASG,AR,ASW,CE,Federal Contract Tower,0,1,10,0,11,0,1,7,0,8,0,2,17,0,19,16,0,16,35
11/19/2017,ASG,AR,ASW,CE,Federal Contract Tower,0,1,14,0,15,0,0,61,0,61,0,1,75,0,76,26,0,26,102
11/20/2017,ASG,AR,ASW,CE,Federal Contract Tower,0,2,23,0,25,0,1,37,0,38,0,3,60,0,63,42,0,42,105
11/21/2017,ASG,AR,ASW,CE,Federal Contract Tower,0,5,23,0,28,0,2,52,0,54,0,7,75,0,82,60,0,60,142
11/22/2017,ASG,AR,ASW,CE,Federal Contract Tower,0,0,24,0,24,0,1,42,0,43,0,1,66,0,67,76,0,76,143
11/23/2017,ASG,AR,ASW,CE,Federal Contract Tower,0,0,9,0,9,0,5,19,0,24,0,5,28,0,33,14,0,14,47
11/24/2017,ASG,AR,ASW,CE,Federal Contract Tower,0,0,13,0,13,0,0,17,0,17,0,0,30,0,30,16,0,16,46
11/25/2017,ASG,AR,ASW,CE,Federal Contract Tower,0,0,5,0,5,0,0,27,0,27,0,0,32,0,32,14,0,14,46
11/26/2017,ASG,AR,ASW,CE,Federal Contract Tower,0,1,12,0,13,0,0,35,0,35,0,1,47,0,48,20,0,20,68
11/27/2017,ASG,AR,ASW,CE,Federal Contract Tower,0,3,8,0,11,0,7,26,0,33,0,10,34,0,44,38,0,38,82
11/28/2017,ASG,AR,ASW,CE,Federal Contract Tower,0,5,12,0,17,0,0,26,0,26,0,5,38,0,43,6,0,6,49
11/29/2017,ASG,AR,ASW,CE,Federal Contract Tower,0,7,12,0,19,0,5,10,0,15,0,12,22,0,34,18,0,18,52
11/30/2017,ASG,AR,ASW,CE,Federal Contract Tower,0,4,18,0,22,0,0,35,0,35,0,4,53,0,57,48,0,48,105
12/01/2017,ASG,AR,ASW,CE,Federal Contract Tower,0,1,9,4,14,0,3,1,0,4,0,4,10,4,18,20,0,20,38
12/02/2017,ASG,AR,ASW,CE,Federal Contract Tower,0,0,11,0,11,0,2,53,0,55,0,2,64,0,66,64,0,64,130
12/03/2017,ASG,AR,ASW,CE,Federal Contract Tower,0,1,15,0,16,0,0,35,0,35,0,1,50,0,51,20,0,20,71
12/04/2017,ASG,AR,ASW,CE,Federal Contract Tower,0,0,13,0,13,0,6,0,0,6,0,6,13,0,19,0,0,0,19
12/05/2017,ASG,AR,ASW,CE,Federal Contract Tower,0,3,20,0,23,0,5,37,0,42,0,8,57,0,65,58,0,58,123
12/06/2017,ASG,AR,ASW,CE,Federal Contract Tower,0,4,20,0,24,0,2,43,0,45,0,6,63,0,69,78,0,78,147
12/07/2017,ASG,AR,ASW,CE,Federal Contract Tower,0,6,21,0,27,0,2,42,0,44,0,8,63,0,71,76,0,76,147
12/08/2017,ASG,AR,ASW,CE,Federal Contract Tower,0,1,7,0,8,0,2,36,0,38,0,3,43,0,46,46,0,46,92
12/09/2017,ASG,AR,ASW,CE,Federal Contract Tower,0,1,6,0,7,0,7,43,0,50,0,8,49,0,57,62,0,62,119
12/10/2017,ASG,AR,ASW,CE,Federal Contract Tower,0,0,13,0,13,0,1,34,0,35,0,1,47,0,48,24,0,24,72
12/11/2017,ASG,AR,ASW,CE,Federal Contract Tower,0,0,18,0,18,0,5,44,0,49,0,5,62,0,67,28,0,28,95
12/12/2017,ASG,AR,ASW,CE,Federal Contract Tower,0,0,20,0,20,0,2,27,0,29,0,2,47,0,49,22,0,22,71
12/13/2017,ASG,AR,ASW,CE,Federal Contract Tower,0,0,12,0,12,0,3,47,0,50,0,3,59,0,62,64,0,64,126
12/14/2017,ASG,AR,ASW,CE,Federal Contract Tower,0,4,17,0,21,0,1,49,0,50,0,5,66,0,71,52,0,52,123
12/15/2017,ASG,AR,ASW,CE,Federal Contract Tower,0,0,14,0,14,0,0,33,0,33,0,0,47,0,47,14,0,14,61
12/16/2017,ASG,AR,ASW,CE,Federal Contract Tower,0,0,20,0,20,0,0,46,0,46,0,0,66,0,66,24,0,24,90
12/17/2017,ASG,AR,ASW,CE,Federal Contract Tower,0,4,2,0,6,0,0,0,0,0,0,4,2,0,6,0,0,0,6
12/18/2017,ASG,AR,ASW,CE,Federal Contract Tower,0,3,9,0,12,0,0,19,0,19,0,3,28,0,31,2,0,2,33
12/19/2017,ASG,AR,ASW,CE,Federal Contract Tower,0,2,12,0,14,0,0,1,0,1,0,2,13,0,15,0,0,0,15
12/20/2017,ASG,AR,ASW,CE,Federal Contract Tower,0,0,16,0,16,0,0,0,0,0,0,0,16,0,16,0,0,0,16
12/21/2017,ASG,AR,ASW,CE,Federal Contract Tower,0,0,23,0,23,0,0,46,0,46,0,0,69,0,69,34,0,34,103
12/22/2017,ASG,AR,ASW,CE,Federal Contract Tower,0,0,5,0,5,0,0,0,0,0,0,0,5,0,5,0,0,0,5
12/23/2017,ASG,AR,ASW,CE,Federal Contract Tower,0,0,13,0,13,0,0,6,0,6,0,0,19,0,19,10,0,10,29
12/24/2017,ASG,AR,ASW,CE,Federal Contract Tower,0,0,10,0,10,0,0,17,0,17,0,0,27,0,27,2,0,2,29
12/25/2017,ASG,AR,ASW,CE,Federal Contract Tower,0,2,5,0,7,0,0,4,0,4,0,2,9,0,11,0,0,0,11
12/26/2017,ASG,AR,ASW,CE,Federal Contract Tower,0,4,20,0,24,0,2,51,0,53,0,6,71,0,77,14,0,14,91
12/27/2017,ASG,AR,ASW,CE,Federal Contract Tower,0,0,10,0,10,0,2,33,0,35,0,2,43,0,45,8,0,8,53
12/28/2017,ASG,AR,ASW,CE,Federal Contract Tower,0,1,16,0,17,0,0,36,0,36,0,1,52,0,53,82,0,82,135
12/29/2017,ASG,AR,ASW,CE,Federal Contract Tower,0,2,22,0,24,0,0,25,0,25,0,2,47,0,49,28,0,28,77
12/30/2017,ASG,AR,ASW,CE,Federal Contract Tower,0,0,9,0,9,0,0,0,0,0,0,0,9,0,9,0,0,0,9
12/31/2017,ASG,AR,ASW,CE,Federal Contract Tower,0,0,7,0,7,0,3,10,0,13,0,3,17,0,20,0,0,0,20
01/01/2018,ASG,AR,ASW,CE,Federal Contract Tower,0,0,4,0,4,0,0,5,0,5,0,0,9,0,9,6,0,6,15
01/02/2018,ASG,AR,ASW,CE,Federal Contract Tower,0,3,19,0,22,0,0,28,0,28,0,3,47,0,50,54,0,54,104
01/03/2018,ASG,AR,ASW,CE,Federal Contract Tower,0,1,15,0,16,0,5,33,0,38,0,6,48,0,54,56,0,56,110
01/04/2018,ASG,AR,ASW,CE,Federal Contract Tower,0,0,16,0,16,0,0,32,0,32,0,0,48,0,48,36,0,36,84
01/05/2018,ASG,AR,ASW,CE,Federal Contract Tower,0,9,14,0,23,0,4,48,2,54,0,13,62,2,77,58,0,58,135
01/06/2018,ASG,AR,ASW,CE,Federal Contract Tower,0,1,10,0,11,0,0,71,0,71,0,1,81,0,82,84,0,84,166
01/07/2018,ASG,AR,ASW,CE,Federal Contract Tower,0,3,6,0,9,0,4,0,0,4,0,7,6,0,13,0,0,0,13
01/08/2018,ASG,AR,ASW,CE,Federal Contract Tower,0,0,12,2,14,0,0,19,0,19,0,0,31,2,33,58,0,58,91
01/09/2018,ASG,AR,ASW,CE,Federal Contract Tower,0,2,12,0,14,0,0,18,0,18,0,2,30,0,32,54,0,54,86
01/10/2018,ASG,AR,ASW,CE,Federal Contract Tower,0,0,18,0,18,0,1,27,0,28,0,1,45,0,46,78,0,78,124
01/11/2018,ASG,AR,ASW,CE,Federal Contract Tower,0,0,12,0,12,0,1,7,0,8,0,1,19,0,20,0,0,0,20
01/12/2018,ASG,AR,ASW,CE,Federal Contract Tower,0,2,12,0,14,0,0,27,0,27,0,2,39,0,41,54,0,54,95
01/13/2018,ASG,AR,ASW,CE,Federal Contract Tower,0,0,8,0,8,0,0,31,0,31,0,0,39,0,39,94,0,94,133
01/14/2018,ASG,AR,ASW,CE,Federal Contract Tower,0,4,8,0,12,0,0,15,0,15,0,4,23,0,27,26,0,26,53
01/15/2018,ASG,AR,ASW,CE,Federal Contract Tower,0,0,5,0,5,0,0,10,0,10,0,0,15,0,15,24,0,24,39
01/16/2018,ASG,AR,ASW,CE,Federal Contract Tower,0,2,10,0,12,0,0,10,2,12,0,2,20,2,24,22,0,22,46
01/17/2018,ASG,AR,ASW,CE,Federal Contract Tower,0,0,21,0,21,0,2,49,4,55,0,2,70,4,76,158,0,158,234
01/18/2018,ASG,AR,ASW,CE,Federal Contract Tower,0,1,29,0,30,0,1,38,0,39,0,2,67,0,69,22,0,22,91
01/19/2018,ASG,AR,ASW,CE,Federal Contract Tower,0,4,22,0,26,0,0,32,0,32,0,4,54,0,58,46,0,46,104
01/20/2018,ASG,AR,ASW,CE,Federal Contract Tower,0,0,11,0,11,0,2,14,0,16,0,2,25,0,27,0,0,0,27
01/21/2018,ASG,AR,ASW,CE,Federal Contract Tower,0,1,10,0,11,0,1,7,0,8,0,2,17,0,19,4,0,4,23
01/22/2018,ASG,AR,ASW,CE,Federal Contract Tower,0,1,11,0,12,0,2,4,0,6,0,3,15,0,18,0,0,0,18
01/23/2018,ASG,AR,ASW,CE,Federal Contract Tower,0,2,22,0,24,0,0,39,0,39,0,2,61,0,63,48,0,48,111
01/24/2018,ASG,AR,ASW,CE,Federal Contract Tower,0,2,23,0,25,0,3,42,0,45,0,5,65,0,70,96,0,96,166
01/25/2018,ASG,AR,ASW,CE,Federal Contract Tower,0,0,19,0,19,0,2,47,0,49,0,2,66,0,68,52,0,52,120
01/26/2018,ASG,AR,ASW,CE,Federal Contract Tower,0,3,18,0,21,0,0,13,0,13,0,3,31,0,34,2,0,2,36
01/27/2018,ASG,AR,ASW,CE,Federal Contract Tower,0,3,12,0,15,0,0,50,0,50,0,3,62,0,65,66,0,66,131
01/28/2018,ASG,AR,ASW,CE,Federal Contract Tower,0,0,12,1,13,0,4,69,2,75,0,4,81,3,88,70,0,70,158
01/29/2018,ASG,AR,ASW,CE,Federal Contract Tower,0,2,14,0,16,0,0,27,0,27,0,2,41,0,43,2,0,2,45
01/30/2018,ASG,AR,ASW,CE,Federal Contract Tower,0,5,22,0,27,0,1,33,0,34,0,6,55,0,61,84,0,84,145
01/31/2018,ASG,AR,ASW,CE,Federal Contract Tower,0,1,17,0,18,0,4,24,0,28,0,5,41,0,46,26,0,26,72
02/01/2018,ASG,AR,ASW,CE,Federal Contract Tower,0,0,28,0,28,0,1,23,0,24,0,1,51,0,52,22,0,22,74
02/02/2018,ASG,AR,ASW,CE,Federal Contract Tower,0,0,28,0,28,0,0,35,0,35,0,0,63,0,63,38,0,38,101
02/03/2018,ASG,AR,ASW,CE,Federal Contract Tower,0,3,21,0,24,0,2,30,0,32,0,5,51,0,56,0,0,0,56
02/04/2018,ASG,AR,ASW,CE,Federal Contract Tower,0,0,8,0,8,0,0,6,0,6,0,0,14,0,14,8,0,8,22
02/05/2018,ASG,AR,ASW,CE,Federal Contract Tower,0,2,19,0,21,0,0,21,0,21,0,2,40,0,42,8,0,8,50
02/06/2018,ASG,AR,ASW,CE,Federal Contract Tower,0,0,18,0,18,0,0,4,0,4,0,0,22,0,22,0,0,0,22
02/07/2018,ASG,AR,ASW,CE,Federal Contract Tower,0,0,20,1,21,0,0,24,1,25,0,0,44,2,46,66,0,66,112
02/08/2018,ASG,AR,ASW,CE,Federal Contract Tower,0,4,20,0,24,0,0,53,0,53,0,4,73,0,77,52,0,52,129
02/09/2018,ASG,AR,ASW,CE,Federal Contract Tower,0,4,23,0,27,0,1,27,0,28,0,5,50,0,55,74,0,74,129
02/10/2018,ASG,AR,ASW,CE,Federal Contract Tower,0,1,0,0,1,0,0,0,0,0,0,1,0,0,1,0,0,0,1
02/11/2018,ASG,AR,ASW,CE,Federal Contract Tower,0,2,3,0,5,0,0,0,0,0,0,2,3,0,5,0,0,0,5
02/12/2018,ASG,AR,ASW,CE,Federal Contract Tower,0,4,15,0,19,0,1,34,0,35,0,5,49,0,54,16,0,16,70
02/13/2018,ASG,AR,ASW,CE,Federal Contract Tower,0,0,23,0,23,0,0,26,0,26,0,0,49,0,49,38,0,38,87
02/14/2018,ASG,AR,ASW,CE,Federal Contract Tower,0,0,23,0,23,0,0,12,0,12,0,0,35,0,35,0,0,0,35
02/15/2018,ASG,AR,ASW,CE,Federal Contract Tower,0,0,29,0,29,0,2,7,0,9,0,2,36,0,38,4,0,4,42
02/16/2018,ASG,AR,ASW,CE,Federal Contract Tower,0,2,28,0,30,0,0,25,0,25,0,2,53,0,55,44,0,44,99
02/17/2018,ASG,AR,ASW,CE,Federal Contract Tower,0,3,15,0,18,0,0,17,0,17,0,3,32,0,35,16,0,16,51
02/18/2018,ASG,AR,ASW,CE,Federal Contract Tower,0,1,17,0,18,0,5,26,0,31,0,6,43,0,49,42,0,42,91
02/19/2018,ASG,AR,ASW,CE,Federal Contract Tower,0,4,12,0,16,0,0,0,0,0,0,4,12,0,16,0,0,0,16
02/20/2018,ASG,AR,ASW,CE,Federal Contract Tower,0,0,5,0,5,0,0,1,0,1,0,0,6,0,6,0,0,0,6
02/21/2018,ASG,AR,ASW,CE,Federal Contract Tower,0,6,9,0,15,0,0,0,0,0,0,6,9,0,15,0,0,0,15
02/22/2018,ASG,AR,ASW,CE,Federal Contract Tower,0,2,9,0,11,0,0,6,0,6,0,2,15,0,17,32,0,32,49
02/23/2018,ASG,AR,ASW,CE,Federal Contract Tower,4,2,3,0,9,0,0,0,0,0,4,2,3,0,9,0,0,0,9
02/24/2018,ASG,AR,ASW,CE,Federal Contract Tower,0,1,6,0,7,0,0,0,0,0,0,1,6,0,7,0,0,0,7
02/25/2018,ASG,AR,ASW,CE,Federal Contract Tower,0,2,12,0,14,0,0,62,0,62,0,2,74,0,76,86,0,86,162
02/26/2018,ASG,AR,ASW,CE,Federal Contract Tower,0,8,32,0,40,0,1,58,0,59,0,9,90,0,99,28,0,28,127
02/27/2018,ASG,AR,ASW,CE,Federal Contract Tower,0,0,14,0,14,0,0,23,0,23,0,0,37,0,37,22,0,22,59
02/28/2018,ASG,AR,ASW,CE,Federal Contract Tower,0,2,23,0,25,0,1,2,0,3,0,3,25,0,28,0,0,0,28
03/01/2018,ASG,AR,ASW,CE,Federal Contract Tower,0,6,37,0,43,0,0,28,0,28,0,6,65,0,71,26,0,26,97
03/02/2018,ASG,AR,ASW,CE,Federal Contract Tower,0,4,22,0,26,0,1,62,0,63,0,5,84,0,89,182,0,182,271
03/03/2018,ASG,AR,ASW,CE,Federal Contract Tower,0,0,16,0,16,0,0,70,0,70,0,0,86,0,86,72,0,72,158
03/04/2018,ASG,AR,ASW,CE,Federal Contract Tower,0,1,11,0,12,0,0,19,0,19,0,1,30,0,31,16,0,16,47
03/05/2018,ASG,AR,ASW,CE,Federal Contract Tower,0,5,16,0,21,0,0,6,0,6,0,5,22,0,27,0,0,0,27
03/06/2018,ASG,AR,ASW,CE,Federal Contract Tower,0,5,13,0,18,0,2,10,0,12,0,7,23,0,30,2,0,2,32
03/07/2018,ASG,AR,ASW,CE,Federal Contract Tower,0,4,38,0,42,0,2,32,0,34,0,6,70,0,76,52,0,52,128
03/08/2018,ASG,AR,ASW,CE,Federal Contract Tower,0,1,19,0,20,0,1,58,0,59,0,2,77,0,79,130,0,130,209
03/09/2018,ASG,AR,ASW,CE,Federal Contract Tower,0,1,26,4,31,0,0,36,0,36,0,1,62,4,67,46,0,46,113
03/10/2018,ASG,AR,ASW,CE,Federal Contract Tower,0,1,7,0,8,0,4,50,0,54,0,5,57,0,62,98,0,98,160
03/11/2018,ASG,AR,ASW,CE,Federal Contract Tower,0,1,9,0,10,0,2,15,0,17,0,3,24,0,27,8,0,8,35
03/12/2018,ASG,AR,ASW,CE,Federal Contract Tower,0,5,20,0,25,0,0,24,0,24,0,5,44,0,49,26,0,26,75
03/13/2018,ASG,AR,ASW,CE,Federal Contract Tower,0,1,30,0,31,0,1,45,0,46,0,2,75,0,77,38,0,38,115
03/14/2018,ASG,AR,ASW,CE,Federal Contract Tower,0,1,31,0,32,0,0,35,0,35,0,1,66,0,67,12,0,12,79
03/15/2018,ASG,AR,ASW,CE,Federal Contract Tower,0,2,23,0,25,0,2,40,0,42,0,4,63,0,67,8,0,8,75
03/16/2018,ASG,AR,ASW,CE,Federal Contract Tower,0,4,7,0,11,0,2,6,0,8,0,6,13,0,19,8,0,8,27
03/17/2018,ASG,AR,ASW,CE,Federal Contract Tower,0,0,12,0,12,0,0,55,0,55,0,0,67,0,67,170,0,170,237
03/18/2018,ASG,AR,ASW,CE,Federal Contract Tower,0,4,9,0,13,0,0,13,0,13,0,4,22,0,26,20,0,20,46
03/19/2018,ASG,AR,ASW,CE,Federal Contract Tower,0,1,13,0,14,0,0,5,0,5,0,1,18,0,19,2,0,2,21
03/20/2018,ASG,AR,ASW,CE,Federal Contract Tower,0,1,12,0,13,0,2,15,0,17,0,3,27,0,30,6,0,6,36
03/21/2018,ASG,AR,ASW,CE,Federal Contract Tower,0,0,22,0,22,0,0,45,0,45,0,0,67,0,67,40,0,40,107
03/22/2018,ASG,AR,ASW,CE,Federal Contract Tower,0,0,25,0,25,0,1,46,0,47,0,1,71,0,72,26,0,26,98
03/23/2018,ASG,AR,ASW,CE,Federal Contract Tower,0,0,10,0,10,0,0,38,0,38,0,0,48,0,48,22,0,22,70
03/24/2018,ASG,AR,ASW,CE,Federal Contract Tower,0,2,17,0,19,0,0,20,0,20,0,2,37,0,39,14,0,14,53
03/25/2018,ASG,AR,ASW,CE,Federal Contract Tower,0,1,19,0,20,0,2,15,0,17,0,3,34,0,37,36,0,36,73
03/26/2018,ASG,AR,ASW,CE,Federal Contract Tower,0,2,15,0,17,0,0,2,0,2,0,2,17,0,19,0,0,0,19
03/27/2018,ASG,AR,ASW,CE,Federal Contract Tower,0,1,5,0,6,0,0,0,0,0,0,1,5,0,6,0,0,0,6
03/28/2018,ASG,AR,ASW,CE,Federal Contract Tower,0,4,19,0,23,0,0,0,0,0,0,4,19,0,23,0,0,0,23
03/29/2018,ASG,AR,ASW,CE,Federal Contract Tower,0,2,26,0,28,0,0,0,0,0,0,2,26,0,28,30,0,30,58
03/31/2018,ASG,AR,ASW,CE,Federal Contract Tower,0,2,5,0,7,0,0,30,0,30,0,2,35,0,37,6,0,6,43
04/01/2018,ASG,AR,ASW,CE,Federal Contract Tower,0,1,12,0,13,0,0,2,0,2,0,1,14,0,15,0,0,0,15
04/02/2018,ASG,AR,ASW,CE,Federal Contract Tower,0,3,17,0,20,0,0,2,0,2,0,3,19,0,22,0,0,0,22
04/03/2018,ASG,AR,ASW,CE,Federal Contract Tower,0,1,12,0,13,0,0,2,0,2,0,1,14,0,15,0,0,0,15
04/04/2018,ASG,AR,ASW,CE,Federal Contract Tower,0,2,28,0,30,0,2,78,0,80,0,4,106,0,110,56,0,56,166
04/05/2018,ASG,AR,ASW,CE,Federal Contract Tower,0,1,35,0,36,0,6,52,0,58,0,7,87,0,94,46,0,46,140
04/06/2018,ASG,AR,ASW,CE,Federal Contract Tower,0,0,9,0,9,0,0,8,0,8,0,0,17,0,17,48,0,48,65
04/07/2018,ASG,AR,ASW,CE,Federal Contract Tower,0,1,7,0,8,0,0,12,0,12,0,1,19,0,20,26,0,26,46
04/08/2018,ASG,AR,ASW,CE,Federal Contract Tower,0,0,9,0,9,0,0,21,0,21,0,0,30,0,30,8,0,8,38
04/09/2018,ASG,AR,ASW,CE,Federal Contract Tower,0,0,19,0,19,0,4,33,0,37,0,4,52,0,56,28,0,28,84
04/10/2018,ASG,AR,ASW,CE,Federal Contract Tower,0,1,29,0,30,0,2,49,0,51,0,3,78,0,81,44,0,44,125
04/11/2018,ASG,AR,ASW,CE,Federal Contract Tower,0,0,31,0,31,0,2,20,0,22,0,2,51,0,53,14,0,14,67
04/12/2018,ASG,AR,ASW,CE,Federal Contract Tower,0,3,27,0,30,0,2,14,0,16,0,5,41,0,46,0,0,0,46
04/13/2018,ASG,AR,ASW,CE,Federal Contract Tower,0,0,9,0,9,0,0,2,0,2,0,0,11,0,11,0,0,0,11
04/14/2018,ASG,AR,ASW,CE,Federal Contract Tower,0,0,6,0,6,0,0,5,0,5,0,0,11,0,11,0,0,0,11
04/15/2018,ASG,AR,ASW,CE,Federal Contract Tower,0,0,18,0,18,0,0,9,0,9,0,0,27,0,27,0,0,0,27
04/16/2018,ASG,AR,ASW,CE,Federal Contract Tower,0,0,19,0,19,0,4,50,0,54,0,4,69,0,73,36,0,36,109
04/17/2018,ASG,AR,ASW,CE,Federal Contract Tower,0,0,30,0,30,0,1,38,0,39,0,1,68,0,69,18,0,18,87
04/18/2018,ASG,AR,ASW,CE,Federal Contract Tower,0,1,20,0,21,0,0,17,0,17,0,1,37,0,38,0,0,0,38
04/19/2018,ASG,AR,ASW,CE,Federal Contract Tower,0,3,19,0,22,0,2,39,0,41,0,5,58,0,63,40,0,40,103
04/20/2018,ASG,AR,ASW,CE,Federal Contract Tower,0,0,24,0,24,0,0,50,0,50,0,0,74,0,74,18,0,18,92
04/21/2018,ASG,AR,ASW,CE,Federal Contract Tower,0,1,6,0,7,0,0,17,0,17,0,1,23,0,24,14,0,14,38
04/22/2018,ASG,AR,ASW,CE,Federal Contract Tower,0,0,10,0,10,0,0,0,0,0,0,0,10,0,10,0,0,0,10
04/23/2018,ASG,AR,ASW,CE,Federal Contract Tower,0,0,14,0,14,0,0,23,0,23,0,0,37,0,37,0,0,0,37
04/24/2018,ASG,AR,ASW,CE,Federal Contract Tower,0,8,15,0,23,0,1,63,0,64,0,9,78,0,87,38,0,38,125
04/25/2018,ASG,AR,ASW,CE,Federal Contract Tower,0,4,12,0,16,0,0,3,0,3,0,4,15,0,19,16,0,16,35
04/26/2018,ASG,AR,ASW,CE,Federal Contract Tower,0,4,29,0,33,0,0,26,0,26,0,4,55,0,59,54,0,54,113
04/27/2018,ASG,AR,ASW,CE,Federal Contract Tower,0,3,25,0,28,0,0,71,0,71,0,3,96,0,99,92,0,92,191
04/28/2018,ASG,AR,ASW,CE,Federal Contract Tower,0,0,4,0,4,0,0,70,0,70,0,0,74,0,74,122,0,122,196
04/29/2018,ASG,AR,ASW,CE,Federal Contract Tower,0,3,10,2,15,0,2,28,0,30,0,5,38,2,45,2,0,2,47
05/01/2018,ASG,AR,ASW,CE,Federal Contract Tower,0,0,14,1,15,0,0,27,0,27,0,0,41,1,42,26,0,26,68
05/02/2018,ASG,AR,ASW,CE,Federal Contract Tower,0,1,45,0,46,0,0,14,0,14,0,1,59,0,60,8,0,8,68
05/03/2018,ASG,AR,ASW,CE,Federal Contract Tower,0,0,7,0,7,0,0,2,0,2,0,0,9,0,9,0,0,0,9
05/04/2018,ASG,AR,ASW,CE,Federal Contract Tower,0,2,16,0,18,0,4,29,0,33,0,6,45,0,51,22,0,22,73
05/05/2018,ASG,AR,ASW,CE,Federal Contract Tower,0,2,11,0,13,0,0,50,0,50,0,2,61,0,63,40,0,40,103
05/06/2018,ASG,AR,ASW,CE,Federal Contract Tower,0,1,17,0,18,0,4,25,0,29,0,5,42,0,47,6,0,6,53
05/07/2018,ASG,AR,ASW,CE,Federal Contract Tower,0,0,20,0,20,0,4,58,0,62,0,4,78,0,82,44,0,44,126
05/08/2018,ASG,AR,ASW,CE,Federal Contract Tower,0,2,14,0,16,0,4,49,0,53,0,6,63,0,69,38,0,38,107
05/09/2018,ASG,AR,ASW,CE,Federal Contract Tower,0,0,14,0,14,0,4,18,0,22,0,4,32,0,36,56,0,56,92
05/10/2018,ASG,AR,ASW,CE,Federal Contract Tower,0,1,24,2,27,0,10,34,0,44,0,11,58,2,71,82,0,82,153
05/11/2018,ASG,AR,ASW,CE,Federal Contract Tower,0,4,21,0,25,0,1,13,0,14,0,5,34,0,39,0,0,0,39
05/12/2018,ASG,AR,ASW,CE,Federal Contract Tower,0,3,12,0,15,0,0,21,0,21,0,3,33,0,36,8,0,8,44
05/13/2018,ASG,AR,ASW,CE,Federal Contract Tower,0,2,20,0,22,0,0,25,0,25,0,2,45,0,47,0,0,0,47
05/14/2018,ASG,AR,ASW,CE,Federal Contract Tower,0,2,25,0,27,0,5,34,0,39,0,7,59,0,66,96,0,96,162
05/15/2018,ASG,AR,ASW,CE,Federal Contract Tower,0,3,24,0,27,0,4,23,0,27,0,7,47,0,54,62,0,62,116
05/16/2018,ASG,AR,ASW,CE,Federal Contract Tower,0,2,28,0,30,0,2,20,0,22,0,4,48,0,52,50,0,50,102
05/17/2018,ASG,AR,ASW,CE,Federal Contract Tower,0,3,22,0,25,0,0,30,0,30,0,3,52,0,55,100,0,100,155
05/18/2018,ASG,AR,ASW,CE,Federal Contract Tower,0,4,32,0,36,0,2,54,0,56,0,6,86,0,92,44,0,44,136
05/19/2018,ASG,AR,ASW,CE,Federal Contract Tower,0,2,18,0,20,0,0,37,0,37,0,2,55,0,57,28,0,28,85
05/20/2018,ASG,AR,ASW,CE,Federal Contract Tower,0,1,14,0,15,0,0,27,0,27,0,1,41,0,42,12,0,12,54
05/21/2018,ASG,AR,ASW,CE,Federal Contract Tower,0,6,23,0,29,0,4,15,0,19,0,10,38,0,48,12,0,12,60
05/22/2018,ASG,AR,ASW,CE,Federal Contract Tower,0,4,19,0,23,0,4,28,0,32,0,8,47,0,55,50,0,50,105
05/23/2018,ASG,AR,ASW,CE,Federal Contract Tower,0,0,25,0,25,0,0,17,0,17,0,0,42,0,42,0,0,0,42
05/24/2018,ASG,AR,ASW,CE,Federal Contract Tower,0,7,14,0,21,0,0,23,0,23,0,7,37,0,44,32,0,32,76
05/25/2018,ASG,AR,ASW,CE,Federal Contract Tower,0,5,16,0,21,0,0,32,0,32,0,5,48,0,53,26,0,26,79
05/26/2018,ASG,AR,ASW,CE,Federal Contract Tower,0,3,11,0,14,0,0,44,0,44,0,3,55,0,58,38,0,38,96
05/27/2018,ASG,AR,ASW,CE,Federal Contract Tower,0,0,4,0,4,0,1,39,0,40,0,1,43,0,44,84,0,84,128
05/28/2018,ASG,AR,ASW,CE,Federal Contract Tower,0,1,13,0,14,0,3,13,0,16,0,4,26,0,30,14,0,14,44
05/29/2018,ASG,AR,ASW,CE,Federal Contract Tower,0,2,18,0,20,0,3,32,0,35,0,5,50,0,55,56,0,56,111
05/30/2018,ASG,AR,ASW,CE,Federal Contract Tower,0,0,10,0,10,0,4,51,0,55,0,4,61,0,65,50,0,50,115
05/31/2018,ASG,AR,ASW,CE,Federal Contract Tower,0,1,16,0,17,0,2,23,0,25,0,3,39,0,42,30,0,30,72
06/01/2018,ASG,AR,ASW,CE,Federal Contract Tower,0,5,30,0,35,0,3,48,0,51,0,8,78,0,86,78,0,78,164
06/02/2018,ASG,AR,ASW,CE,Federal Contract Tower,0,0,8,0,8,0,0,23,0,23,0,0,31,0,31,34,0,34,65
06/03/2018,ASG,AR,ASW,CE,Federal Contract Tower,0,1,21,0,22,0,2,32,0,34,0,3,53,0,56,26,0,26,82
06/04/2018,ASG,AR,ASW,CE,Federal Contract Tower,0,0,18,0,18,0,0,48,2,50,0,0,66,2,68,74,0,74,142
06/05/2018,ASG,AR,ASW,CE,Federal Contract Tower,0,2,26,0,28,0,5,52,0,57,0,7,78,0,85,14,0,14,99
06/06/2018,ASG,AR,ASW,CE,Federal Contract Tower,0,3,26,0,29,0,4,49,0,53,0,7,75,0,82,108,0,108,190
06/07/2018,ASG,AR,ASW,CE,Federal Contract Tower,0,3,23,0,26,0,2,36,0,38,0,5,59,0,64,42,0,42,106
06/08/2018,ASG,AR,ASW,CE,Federal Contract Tower,0,0,15,0,15,0,0,43,0,43,0,0,58,0,58,62,0,62,120
06/09/2018,ASG,AR,ASW,CE,Federal Contract Tower,0,2,11,0,13,0,0,36,0,36,0,2,47,0,49,48,0,48,97
06/10/2018,ASG,AR,ASW,CE,Federal Contract Tower,0,4,24,0,28,0,0,40,0,40,0,4,64,0,68,22,0,22,90
06/11/2018,ASG,AR,ASW,CE,Federal Contract Tower,0,7,41,0,48,0,7,51,0,58,0,14,92,0,106,78,0,78,184
06/12/2018,ASG,AR,ASW,CE,Federal Contract Tower,0,3,13,0,16,0,2,46,0,48,0,5,59,0,64,82,0,82,146
06/13/2018,ASG,AR,ASW,CE,Federal Contract Tower,0,3,28,0,31,0,0,59,0,59,0,3,87,0,90,94,0,94,184
06/15/2018,ASG,AR,ASW,CE,Federal Contract Tower,0,4,28,0,32,0,0,57,0,57,0,4,85,0,89,34,0,34,123
06/16/2018,ASG,AR,ASW,CE,Federal Contract Tower,0,0,10,0,10,0,0,29,0,29,0,0,39,0,39,18,0,18,57
06/17/2018,ASG,AR,ASW,CE,Federal Contract Tower,0,0,19,0,19,0,0,50,0,50,0,0,69,0,69,24,0,24,93
06/18/2018,ASG,AR,ASW,CE,Federal Contract Tower,0,5,10,0,15,0,6,44,0,50,0,11,54,0,65,30,0,30,95
06/19/2018,ASG,AR,ASW,CE,Federal Contract Tower,0,3,18,0,21,0,5,41,0,46,0,8,59,0,67,52,0,52,119
06/20/2018,ASG,AR,ASW,CE,Federal Contract Tower,0,2,15,0,17,0,0,12,0,12,0,2,27,0,29,0,0,0,29
06/21/2018,ASG,AR,ASW,CE,Federal Contract Tower,0,0,20,0,20,0,0,20,0,20,0,0,40,0,40,22,0,22,62
06/22/2018,ASG,AR,ASW,CE,Federal Contract Tower,0,0,20,0,20,0,0,49,0,49,0,0,69,0,69,110,0,110,179
06/23/2018,ASG,AR,ASW,CE,Federal Contract Tower,0,4,10,0,14,0,0,24,0,24,0,4,34,0,38,94,0,94,132
06/24/2018,ASG,AR,ASW,CE,Federal Contract Tower,0,0,13,0,13,0,0,7,0,7,0,0,20,0,20,28,0,28,48
06/25/2018,ASG,AR,ASW,CE,Federal Contract Tower,0,2,12,0,14,0,1,33,0,34,0,3,45,0,48,44,0,44,92
06/26/2018,ASG,AR,ASW,CE,Federal Contract Tower,0,4,19,0,23,0,1,18,0,19,0,5,37,0,42,4,0,4,46
06/27/2018,ASG,AR,ASW,CE,Federal Contract Tower,0,3,29,0,32,0,1,40,0,41,0,4,69,0,73,22,0,22,95
06/28/2018,ASG,AR,ASW,CE,Federal Contract Tower,0,1,34,0,35,0,3,48,0,51,0,4,82,0,86,40,0,40,126
06/29/2018,ASG,AR,ASW,CE,Federal Contract Tower,0,1,27,0,28,0,0,39,0,39,0,1,66,0,67,2,0,2,69
06/30/2018,ASG,AR,ASW,CE,Federal Contract Tower,0,1,6,0,7,0,0,34,0,34,0,1,40,0,41,6,0,6,47
07/01/2018,ASG,AR,ASW,CE,Federal Contract Tower,0,2,12,0,14,0,0,25,0,25,0,2,37,0,39,0,0,0,39
07/02/2018,ASG,AR,ASW,CE,Federal Contract Tower,0,0,23,0,23,0,0,43,0,43,0,0,66,0,66,46,0,46,112
07/03/2018,ASG,AR,ASW,CE,Federal Contract Tower,0,0,22,0,22,0,1,63,0,64,0,1,85,0,86,28,0,28,114
07/04/2018,ASG,AR,ASW,CE,Federal Contract Tower,0,0,12,0,12,0,2,47,0,49,0,2,59,0,61,34,0,34,95
07/05/2018,ASG,AR,ASW,CE,Federal Contract Tower,0,0,9,0,9,0,1,42,0,43,0,1,51,0,52,46,0,46,98
07/06/2018,ASG,AR,ASW,CE,Federal Contract Tower,0,0,11,0,11,0,0,38,0,38,0,0,49,0,49,100,0,100,149
07/07/2018,ASG,AR,ASW,CE,Federal Contract Tower,0,0,10,0,10,0,0,59,0,59,0,0,69,0,69,64,0,64,133
07/08/2018,ASG,AR,ASW,CE,Federal Contract Tower,0,3,6,0,9,0,0,21,0,21,0,3,27,0,30,0,0,0,30
07/09/2018,ASG,AR,ASW,CE,Federal Contract Tower,0,2,13,0,15,0,2,38,0,40,0,4,51,0,55,48,0,48,103
07/10/2018,ASG,AR,ASW,CE,Federal Contract Tower,0,4,29,0,33,0,0,41,0,41,0,4,70,0,74,86,0,86,160
07/11/2018,ASG,AR,ASW,CE,Federal Contract Tower,0,4,18,1,23,0,2,52,1,55,0,6,70,2,78,64,0,64,142
07/12/2018,ASG,AR,ASW,CE,Federal Contract Tower,0,4,31,0,35,0,0,41,0,41,0,4,72,0,76,110,0,110,186
07/13/2018,ASG,AR,ASW,CE,Federal Contract Tower,0,0,25,0,25,0,1,59,0,60,0,1,84,0,85,82,0,82,167
07/14/2018,ASG,AR,ASW,CE,Federal Contract Tower,0,1,11,0,12,0,2,86,1,89,0,3,97,1,101,10,0,10,111
07/15/2018,ASG,AR,ASW,CE,Federal Contract Tower,0,0,12,0,12,0,0,31,0,31,0,0,43,0,43,4,0,4,47
07/16/2018,ASG,AR,ASW,CE,Federal Contract Tower,0,0,18,0,18,0,1,30,0,31,0,1,48,0,49,24,0,24,73
07/17/2018,ASG,AR,ASW,CE,Federal Contract Tower,0,0,16,0,16,0,3,56,0,59,0,3,72,0,75,58,0,58,133
07/18/2018,ASG,AR,ASW,CE,Federal Contract Tower,0,0,24,0,24,0,3,48,0,51,0,3,72,0,75,108,0,108,183
07/19/2018,ASG,AR,ASW,CE,Federal Contract Tower,0,0,23,0,23,0,0,50,0,50,0,0,73,0,73,94,0,94,167
07/20/2018,ASG,AR,ASW,CE,Federal Contract Tower,0,3,16,0,19,0,1,66,0,67,0,4,82,0,86,126,0,126,212
07/21/2018,ASG,AR,ASW,CE,Federal Contract Tower,0,0,13,0,13,0,1,47,0,48,0,1,60,0,61,54,0,54,115
07/22/2018,ASG,AR,ASW,CE,Federal Contract Tower,0,1,14,0,15,0,0,34,0,34,0,1,48,0,49,8,0,8,57
07/23/2018,ASG,AR,ASW,CE,Federal Contract Tower,0,1,10,0,11,0,7,39,0,46,0,8,49,0,57,26,0,26,83
07/24/2018,ASG,AR,ASW,CE,Federal Contract Tower,0,0,21,0,21,0,11,67,0,78,0,11,88,0,99,104,0,104,203
07/25/2018,ASG,AR,ASW,CE,Federal Contract Tower,0,0,22,0,22,0,2,52,0,54,0,2,74,0,76,84,0,84,160
07/26/2018,ASG,AR,ASW,CE,Federal Contract Tower,0,2,25,0,27,0,5,50,0,55,0,7,75,0,82,96,0,96,178
07/27/2018,ASG,AR,ASW,CE,Federal Contract Tower,0,0,27,0,27,0,0,39,0,39,0,0,66,0,66,24,0,24,90
07/28/2018,ASG,AR,ASW,CE,Federal Contract Tower,0,0,13,0,13,0,1,25,0,26,0,1,38,0,39,42,0,42,81
07/29/2018,ASG,AR,ASW,CE,Federal Contract Tower,0,0,15,0,15,0,2,6,0,8,0,2,21,0,23,4,0,4,27
07/30/2018,ASG,AR,ASW,CE,Federal Contract Tower,0,1,16,0,17,0,4,18,0,22,0,5,34,0,39,22,0,22,61
07/31/2018,ASG,AR,ASW,CE,Federal Contract Tower,0,6,9,0,15,0,9,46,0,55,0,15,55,0,70,118,0,118,188
08/01/2018,ASG,AR,ASW,CE,Federal Contract Tower,0,0,23,2,25,0,2,65,0,67,0,2,88,2,92,100,0,100,192
08/02/2018,ASG,AR,ASW,CE,Federal Contract Tower,0,2,23,0,25,0,3,73,0,76,0,5,96,0,101,106,0,106,207
08/03/2018,ASG,AR,ASW,CE,Federal Contract Tower,0,1,19,1,21,0,0,58,1,59,0,1,77,2,80,114,0,114,194
08/04/2018,ASG,AR,ASW,CE,Federal Contract Tower,0,1,10,0,11,0,0,54,0,54,0,1,64,0,65,84,0,84,149
08/05/2018,ASG,AR,ASW,CE,Federal Contract Tower,0,0,11,0,11,0,1,39,0,40,0,1,50,0,51,50,0,50,101
08/07/2018,ASG,AR,ASW,CE,Federal Contract Tower,0,2,12,0,14,0,2,17,0,19,0,4,29,0,33,8,0,8,41
08/08/2018,ASG,AR,ASW,CE,Federal Contract Tower,0,2,24,0,26,0,0,28,0,28,0,2,52,0,54,38,0,38,92
08/09/2018,ASG,AR,ASW,CE,Federal Contract Tower,0,3,16,0,19,0,4,46,0,50,0,7,62,0,69,72,0,72,141
08/10/2018,ASG,AR,ASW,CE,Federal Contract Tower,0,3,28,0,31,0,0,59,0,59,0,3,87,0,90,72,0,72,162
08/11/2018,ASG,AR,ASW,CE,Federal Contract Tower,0,1,10,0,11,0,1,46,0,47,0,2,56,0,58,30,0,30,88
08/12/2018,ASG,AR,ASW,CE,Federal Contract Tower,0,2,7,0,9,0,3,18,0,21,0,5,25,0,30,34,0,34,64
08/13/2018,ASG,AR,ASW,CE,Federal Contract Tower,0,2,22,0,24,0,7,36,0,43,0,9,58,0,67,38,0,38,105
08/14/2018,ASG,AR,ASW,CE,Federal Contract Tower,0,0,15,0,15,0,0,8,0,8,0,0,23,0,23,20,0,20,43
08/15/2018,ASG,AR,ASW,CE,Federal Contract Tower,0,0,16,0,16,0,1,12,0,13,0,1,28,0,29,76,0,76,105
08/16/2018,ASG,AR,ASW,CE,Federal Contract Tower,0,2,40,0,42,0,2,62,0,64,0,4,102,0,106,126,0,126,232
08/17/2018,ASG,AR,ASW,CE,Federal Contract Tower,0,0,15,0,15,0,1,20,0,21,0,1,35,0,36,32,0,32,68
08/18/2018,ASG,AR,ASW,CE,Federal Contract Tower,0,0,13,0,13,0,0,56,0,56,0,0,69,0,69,96,0,96,165
08/19/2018,ASG,AR,ASW,CE,Federal Contract Tower,0,0,4,0,4,0,7,7,0,14,0,7,11,0,18,6,0,6,24
08/20/2018,ASG,AR,ASW,CE,Federal Contract Tower,0,2,15,0,17,0,3,24,0,27,0,5,39,0,44,68,0,68,112
08/21/2018,ASG,AR,ASW,CE,Federal Contract Tower,0,5,20,0,25,0,5,51,0,56,0,10,71,0,81,144,0,144,225
08/22/2018,ASG,AR,ASW,CE,Federal Contract Tower,0,2,29,0,31,0,4,44,0,48,0,6,73,0,79,84,0,84,163
08/23/2018,ASG,AR,ASW,CE,Federal Contract Tower,0,2,17,0,19,0,1,39,3,43,0,3,56,3,62,118,0,118,180
08/24/2018,ASG,AR,ASW,CE,Federal Contract Tower,0,6,14,0,20,0,0,90,0,90,0,6,104,0,110,84,0,84,194
08/25/2018,ASG,AR,ASW,CE,Federal Contract Tower,0,0,0,0,0,0,0,6,0,6,0,0,6,0,6,4,0,4,10
08/26/2018,ASG,AR,ASW,CE,Federal Contract Tower,0,0,3,0,3,0,1,4,0,5,0,1,7,0,8,24,0,24,32
08/27/2018,ASG,AR,ASW,CE,Federal Contract Tower,0,2,21,0,23,0,9,49,0,58,0,11,70,0,81,68,0,68,149
08/28/2018,ASG,AR,ASW,CE,Federal Contract Tower,0,1,16,0,17,0,0,52,0,52,0,1,68,0,69,48,0,48,117
08/29/2018,ASG,AR,ASW,CE,Federal Contract Tower,0,5,27,0,32,0,0,29,0,29,0,5,56,0,61,36,0,36,97
08/30/2018,ASG,AR,ASW,CE,Federal Contract Tower,0,5,21,0,26,0,1,33,0,34,0,6,54,0,60,14,0,14,74
08/31/2018,ASG,AR,ASW,CE,Federal Contract Tower,0,1,12,0,13,0,1,63,0,64,0,2,75,0,77,84,0,84,161
09/01/2018,ASG,AR,ASW,CE,Federal Contract Tower,0,4,15,0,19,0,0,58,0,58,0,4,73,0,77,54,0,54,131
09/02/2018,ASG,AR,ASW,CE,Federal Contract Tower,0,0,10,0,10,0,4,15,0,19,0,4,25,0,29,2,0,2,31
09/03/2018,ASG,AR,ASW,CE,Federal Contract Tower,0,2,6,0,8,0,0,23,0,23,0,2,29,0,31,40,0,40,71
09/04/2018,ASG,AR,ASW,CE,Federal Contract Tower,0,7,13,0,20,0,1,47,0,48,0,8,60,0,68,78,0,78,146
09/05/2018,ASG,AR,ASW,CE,Federal Contract Tower,0,3,32,0,35,0,8,63,0,71,0,11,95,0,106,118,0,118,224
09/06/2018,ASG,AR,ASW,CE,Federal Contract Tower,0,6,25,0,31,0,0,26,0,26,0,6,51,0,57,26,0,26,83
09/07/2018,ASG,AR,ASW,CE,Federal Contract Tower,0,3,19,0,22,0,0,3,0,3,0,3,22,0,25,0,0,0,25
09/08/2018,ASG,AR,ASW,CE,Federal Contract Tower,0,1,8,0,9,0,0,0,0,0,0,1,8,0,9,0,0,0,9
09/09/2018,ASG,AR,ASW,CE,Federal Contract Tower,0,1,9,0,10,0,0,4,0,4,0,1,13,0,14,48,0,48,62
09/10/2018,ASG,AR,ASW,CE,Federal Contract Tower,0,0,14,0,14,0,4,38,0,42,0,4,52,0,56,96,0,96,152
09/11/2018,ASG,AR,ASW,CE,Federal Contract Tower,0,1,21,0,22,0,0,43,0,43,0,1,64,0,65,106,0,106,171
09/12/2018,ASG,AR,ASW,CE,Federal Contract Tower,0,4,21,0,25,0,0,42,0,42,0,4,63,0,67,84,0,84,151
09/13/2018,ASG,AR,ASW,CE,Federal Contract Tower,0,4,20,0,24,0,3,60,0,63,0,7,80,0,87,124,0,124,211
09/14/2018,ASG,AR,ASW,CE,Federal Contract Tower,0,2,25,0,27,0,1,52,0,53,0,3,77,0,80,48,0,48,128
09/15/2018,ASG,AR,ASW,CE,Federal Contract Tower,0,3,9,0,12,0,0,45,0,45,0,3,54,0,57,54,0,54,111
09/16/2018,ASG,AR,ASW,CE,Federal Contract Tower,0,3,14,0,17,0,2,42,0,44,0,5,56,0,61,4,0,4,65
09/17/2018,ASG,AR,ASW,CE,Federal Contract Tower,0,0,0,0,0,0,0,0,0,0,0,0,0,0,0,0,0,0,0
09/18/2018,ASG,AR,ASW,CE,Federal Contract Tower,0,0,0,0,0,0,1,2,0,3,0,1,2,0,3,0,0,0,3
09/19/2018,ASG,AR,ASW,CE,Federal Contract Tower,0,0,2,0,2,0,0,4,0,4,0,0,6,0,6,0,0,0,6
09/20/2018,ASG,AR,ASW,CE,Federal Contract Tower,0,0,0,0,0,0,0,4,0,4,0,0,4,0,4,0,0,0,4
09/21/2018,ASG,AR,ASW,CE,Federal Contract Tower,0,0,0,0,0,0,1,0,0,1,0,1,0,0,1,0,0,0,1
09/22/2018,ASG,AR,ASW,CE,Federal Contract Tower,0,0,0,0,0,0,1,0,0,1,0,1,0,0,1,0,0,0,1
09/23/2018,ASG,AR,ASW,CE,Federal Contract Tower,0,0,0,0,0,0,0,0,0,0,0,0,0,0,0,0,0,0,0
09/24/2018,ASG,AR,ASW,CE,Federal Contract Tower,0,0,0,0,0,0,0,4,0,4,0,0,4,0,4,0,0,0,4
09/25/2018,ASG,AR,ASW,CE,Federal Contract Tower,0,0,0,0,0,0,0,5,0,5,0,0,5,0,5,0,0,0,5
09/26/2018,ASG,AR,ASW,CE,Federal Contract Tower,0,0,0,0,0,0,0,0,0,0,0,0,0,0,0,0,0,0,0
09/27/2018,ASG,AR,ASW,CE,Federal Contract Tower,0,0,0,0,0,0,0,4,0,4,0,0,4,0,4,0,0,0,4
09/28/2018,ASG,AR,ASW,CE,Federal Contract Tower,0,0,0,0,0,0,0,4,0,4,0,0,4,0,4,0,0,0,4
09/29/2018,ASG,AR,ASW,CE,Federal Contract Tower,0,0,0,0,0,0,0,2,0,2,0,0,2,0,2,0,0,0,2
09/30/2018,ASG,AR,ASW,CE,Federal Contract Tower,0,0,0,0,0,0,0,2,0,2,0,0,2,0,2,0,0,0,2
10/01/2018,ASG,AR,ASW,CE,Federal Contract Tower,0,0,0,0,0,0,0,2,0,2,0,0,2,0,2,0,0,0,2
10/02/2018,ASG,AR,ASW,CE,Federal Contract Tower,0,0,4,0,4,0,1,11,0,12,0,1,15,0,16,10,0,10,26
10/03/2018,ASG,AR,ASW,CE,Federal Contract Tower,0,0,10,1,11,0,0,35,1,36,0,0,45,2,47,6,0,6,53
10/04/2018,ASG,AR,ASW,CE,Federal Contract Tower,0,1,21,0,22,0,0,32,0,32,0,1,53,0,54,56,0,56,110
10/05/2018,ASG,AR,ASW,CE,Federal Contract Tower,0,2,15,0,17,0,0,47,0,47,0,2,62,0,64,22,0,22,86
10/06/2018,ASG,AR,ASW,CE,Federal Contract Tower,0,1,15,0,16,0,0,24,0,24,0,1,39,0,40,44,0,44,84
10/07/2018,ASG,AR,ASW,CE,Federal Contract Tower,0,1,13,0,14,0,2,15,0,17,0,3,28,0,31,2,0,2,33
10/08/2018,ASG,AR,ASW,CE,Federal Contract Tower,0,4,16,0,20,0,0,40,0,40,0,4,56,0,60,60,0,60,120
10/09/2018,ASG,AR,ASW,CE,Federal Contract Tower,0,0,13,0,13,0,1,19,0,20,0,1,32,0,33,80,0,80,113
10/10/2018,ASG,AR,ASW,CE,Federal Contract Tower,0,2,13,0,15,0,1,21,0,22,0,3,34,0,37,74,0,74,111
10/11/2018,ASG,AR,ASW,CE,Federal Contract Tower,0,2,21,0,23,0,2,63,0,65,0,4,84,0,88,72,0,72,160
10/12/2018,ASG,AR,ASW,CE,Federal Contract Tower,0,2,15,0,17,0,2,14,0,16,0,4,29,0,33,0,0,0,33
10/13/2018,ASG,AR,ASW,CE,Federal Contract Tower,0,2,10,0,12,0,1,1,0,2,0,3,11,0,14,0,0,0,14
10/14/2018,ASG,AR,ASW,CE,Federal Contract Tower,0,0,15,0,15,0,2,3,0,5,0,2,18,0,20,6,0,6,26
10/15/2018,ASG,AR,ASW,CE,Federal Contract Tower,0,1,14,0,15,0,0,7,0,7,0,1,21,0,22,18,0,18,40
10/16/2018,ASG,AR,ASW,CE,Federal Contract Tower,0,2,12,0,14,0,0,35,0,35,0,2,47,0,49,72,0,72,121
10/17/2018,ASG,AR,ASW,CE,Federal Contract Tower,0,1,25,0,26,0,6,67,0,73,0,7,92,0,99,100,0,100,199
10/18/2018,ASG,AR,ASW,CE,Federal Contract Tower,0,3,19,0,22,0,6,46,0,52,0,9,65,0,74,80,0,80,154
10/19/2018,ASG,AR,ASW,CE,Federal Contract Tower,0,2,12,0,14,0,0,0,0,0,0,2,12,0,14,0,0,0,14
10/20/2018,ASG,AR,ASW,CE,Federal Contract Tower,0,1,11,0,12,0,0,38,0,38,0,1,49,0,50,58,0,58,108
10/21/2018,ASG,AR,ASW,CE,Federal Contract Tower,0,3,17,0,20,0,0,68,0,68,0,3,85,0,88,62,0,62,150
10/22/2018,ASG,AR,ASW,CE,Federal Contract Tower,0,3,9,0,12,0,4,65,0,69,0,7,74,0,81,74,0,74,155
10/23/2018,ASG,AR,ASW,CE,Federal Contract Tower,0,8,31,0,39,0,2,51,0,53,0,10,82,0,92,54,0,54,146
10/24/2018,ASG,AR,ASW,CE,Federal Contract Tower,0,8,23,0,31,0,1,31,0,32,0,9,54,0,63,78,0,78,141
10/25/2018,ASG,AR,ASW,CE,Federal Contract Tower,0,7,9,0,16,0,0,0,0,0,0,7,9,0,16,0,0,0,16
10/26/2018,ASG,AR,ASW,CE,Federal Contract Tower,0,5,19,0,24,0,0,13,0,13,0,5,32,0,37,56,0,56,93
10/27/2018,ASG,AR,ASW,CE,Federal Contract Tower,0,3,9,0,12,0,5,61,0,66,0,8,70,0,78,60,0,60,138
10/28/2018,ASG,AR,ASW,CE,Federal Contract Tower,0,2,14,0,16,0,1,55,0,56,0,3,69,0,72,78,0,78,150
10/29/2018,ASG,AR,ASW,CE,Federal Contract Tower,0,4,6,0,10,0,2,77,0,79,0,6,83,0,89,58,0,58,147
10/30/2018,ASG,AR,ASW,CE,Federal Contract Tower,0,8,28,0,36,0,5,14,0,19,0,13,42,0,55,6,0,6,61
10/31/2018,ASG,AR,ASW,CE,Federal Contract Tower,0,2,12,0,14,0,0,0,0,0,0,2,12,0,14,0,0,0,14
11/01/2018,ASG,AR,ASW,CE,Federal Contract Tower,0,2,13,0,15,0,0,13,0,13,0,2,26,0,28,20,0,20,48
11/02/2018,ASG,AR,ASW,CE,Federal Contract Tower,0,2,14,0,16,0,0,59,0,59,0,2,73,0,75,62,0,62,137
11/03/2018,ASG,AR,ASW,CE,Federal Contract Tower,0,0,0,0,0,0,0,12,0,12,0,0,12,0,12,0,0,0,12
11/04/2018,ASG,AR,ASW,CE,Federal Contract Tower,0,0,0,0,0,0,0,2,0,2,0,0,2,0,2,0,0,0,2
11/05/2018,ASG,AR,ASW,CE,Federal Contract Tower,0,6,8,0,14,0,2,15,0,17,0,8,23,0,31,10,0,10,41
11/06/2018,ASG,AR,ASW,CE,Federal Contract Tower,0,1,15,0,16,0,1,42,0,43,0,2,57,0,59,132,0,132,191
11/07/2018,ASG,AR,ASW,CE,Federal Contract Tower,0,7,13,0,20,0,3,31,0,34,0,10,44,0,54,30,0,30,84
11/08/2018,ASG,AR,ASW,CE,Federal Contract Tower,0,3,21,0,24,0,0,15,0,15,0,3,36,0,39,14,0,14,53
11/09/2018,ASG,AR,ASW,CE,Federal Contract Tower,0,2,25,0,27,0,0,29,0,29,0,2,54,0,56,86,0,86,142
11/10/2018,ASG,AR,ASW,CE,Federal Contract Tower,0,0,8,0,8,0,0,45,0,45,0,0,53,0,53,58,0,58,111
11/11/2018,ASG,AR,ASW,CE,Federal Contract Tower,0,0,25,0,25,0,7,56,0,63,0,7,81,0,88,106,0,106,194
11/12/2018,ASG,AR,ASW,CE,Federal Contract Tower,0,2,5,0,7,0,0,0,0,0,0,2,5,0,7,0,0,0,7
11/13/2018,ASG,AR,ASW,CE,Federal Contract Tower,0,1,13,0,14,0,0,22,0,22,0,1,35,0,36,66,0,66,102
11/14/2018,ASG,AR,ASW,CE,Federal Contract Tower,0,2,23,0,25,0,0,32,0,32,0,2,55,0,57,46,0,46,103
11/15/2018,ASG,AR,ASW,CE,Federal Contract Tower,0,0,20,0,20,0,1,53,0,54,0,1,73,0,74,88,0,88,162
11/16/2018,ASG,AR,ASW,CE,Federal Contract Tower,0,5,22,0,27,0,2,77,0,79,0,7,99,0,106,126,0,126,232
11/17/2018,ASG,AR,ASW,CE,Federal Contract Tower,0,0,18,0,18,0,0,42,0,42,0,0,60,0,60,20,0,20,80
11/18/2018,ASG,AR,ASW,CE,Federal Contract Tower,0,10,3,0,13,0,0,1,0,1,0,10,4,0,14,0,0,0,14
11/19/2018,ASG,AR,ASW,CE,Federal Contract Tower,0,0,19,0,19,0,2,33,0,35,0,2,52,0,54,30,0,30,84
11/20/2018,ASG,AR,ASW,CE,Federal Contract Tower,0,2,13,0,15,0,2,35,0,37,0,4,48,0,52,8,0,8,60
11/21/2018,ASG,AR,ASW,CE,Federal Contract Tower,0,0,10,0,10,0,0,50,0,50,0,0,60,0,60,106,0,106,166
11/22/2018,ASG,AR,ASW,CE,Federal Contract Tower,0,1,8,0,9,0,0,29,0,29,0,1,37,0,38,4,0,4,42
11/23/2018,ASG,AR,ASW,CE,Federal Contract Tower,0,2,13,0,15,0,0,3,0,3,0,2,16,0,18,4,0,4,22
11/24/2018,ASG,AR,ASW,CE,Federal Contract Tower,0,1,11,0,12,0,0,33,0,33,0,1,44,0,45,34,0,34,79
11/25/2018,ASG,AR,ASW,CE,Federal Contract Tower,0,1,10,0,11,0,0,4,0,4,0,1,14,0,15,0,0,0,15
11/26/2018,ASG,AR,ASW,CE,Federal Contract Tower,0,0,12,0,12,0,0,31,0,31,0,0,43,0,43,100,0,100,143
11/27/2018,ASG,AR,ASW,CE,Federal Contract Tower,0,2,21,0,23,0,2,44,0,46,0,4,65,0,69,102,0,102,171
11/28/2018,ASG,AR,ASW,CE,Federal Contract Tower,0,6,28,0,34,0,0,49,0,49,0,6,77,0,83,88,0,88,171
11/29/2018,ASG,AR,ASW,CE,Federal Contract Tower,0,2,33,0,35,0,0,35,0,35,0,2,68,0,70,80,0,80,150
11/30/2018,ASG,AR,ASW,CE,Federal Contract Tower,0,0,11,0,11,0,0,15,0,15,0,0,26,0,26,22,0,22,48
12/01/2018,ASG,AR,ASW,CE,Federal Contract Tower,0,2,6,0,8,0,0,14,0,14,0,2,20,0,22,0,0,0,22
12/02/2018,ASG,AR,ASW,CE,Federal Contract Tower,0,2,14,0,16,0,0,9,0,9,0,2,23,0,25,10,0,10,35
12/03/2018,ASG,AR,ASW,CE,Federal Contract Tower,0,0,16,0,16,0,0,20,0,20,0,0,36,0,36,64,0,64,100
12/04/2018,ASG,AR,ASW,CE,Federal Contract Tower,0,1,15,0,16,0,0,31,0,31,0,1,46,0,47,106,0,106,153
12/05/2018,ASG,AR,ASW,CE,Federal Contract Tower,0,3,14,0,17,0,0,88,0,88,0,3,102,0,105,120,0,120,225
12/06/2018,ASG,AR,ASW,CE,Federal Contract Tower,0,3,30,0,33,0,0,14,0,14,0,3,44,0,47,16,0,16,63
12/07/2018,ASG,AR,ASW,CE,Federal Contract Tower,0,0,6,0,6,0,0,0,0,0,0,0,6,0,6,0,0,0,6
12/08/2018,ASG,AR,ASW,CE,Federal Contract Tower,0,0,4,0,4,0,0,0,0,0,0,0,4,0,4,0,0,0,4
12/09/2018,ASG,AR,ASW,CE,Federal Contract Tower,0,0,13,0,13,0,1,48,0,49,0,1,61,0,62,82,0,82,144
12/10/2018,ASG,AR,ASW,CE,Federal Contract Tower,0,2,17,0,19,0,1,49,1,51,0,3,66,1,70,76,0,76,146
12/11/2018,ASG,AR,ASW,CE,Federal Contract Tower,0,3,38,0,41,0,0,44,0,44,0,3,82,0,85,82,0,82,167
12/12/2018,ASG,AR,ASW,CE,Federal Contract Tower,0,2,23,1,26,0,1,30,0,31,0,3,53,1,57,74,0,74,131
12/13/2018,ASG,AR,ASW,CE,Federal Contract Tower,0,2,14,0,16,0,0,2,0,2,0,2,16,0,18,0,0,0,18
12/14/2018,ASG,AR,ASW,CE,Federal Contract Tower,0,0,13,1,14,0,0,0,0,0,0,0,13,1,14,0,0,0,14
12/15/2018,ASG,AR,ASW,CE,Federal Contract Tower,0,0,15,0,15,0,0,65,0,65,0,0,80,0,80,66,0,66,146
12/16/2018,ASG,AR,ASW,CE,Federal Contract Tower,0,1,19,0,20,0,5,59,0,64,0,6,78,0,84,78,0,78,162
12/17/2018,ASG,AR,ASW,CE,Federal Contract Tower,0,3,16,0,19,0,5,80,0,85,0,8,96,0,104,102,0,102,206
12/18/2018,ASG,AR,ASW,CE,Federal Contract Tower,0,2,18,0,20,0,2,44,0,46,0,4,62,0,66,90,0,90,156
12/19/2018,ASG,AR,ASW,CE,Federal Contract Tower,0,0,23,0,23,0,1,22,0,23,0,1,45,0,46,36,0,36,82
12/20/2018,ASG,AR,ASW,CE,Federal Contract Tower,0,4,14,0,18,0,4,17,0,21,0,8,31,0,39,30,0,30,69
12/21/2018,ASG,AR,ASW,CE,Federal Contract Tower,0,0,25,0,25,0,0,65,0,65,0,0,90,0,90,122,0,122,212
12/22/2018,ASG,AR,ASW,CE,Federal Contract Tower,0,0,19,0,19,0,4,72,0,76,0,4,91,0,95,76,0,76,171
12/23/2018,ASG,AR,ASW,CE,Federal Contract Tower,0,0,15,0,15,0,0,52,0,52,0,0,67,0,67,56,0,56,123
12/24/2018,ASG,AR,ASW,CE,Federal Contract Tower,0,0,7,0,7,0,2,30,0,32,0,2,37,0,39,12,0,12,51
12/25/2018,ASG,AR,ASW,CE,Federal Contract Tower,0,2,2,0,4,0,0,3,0,3,0,2,5,0,7,0,0,0,7
12/26/2018,ASG,AR,ASW,CE,Federal Contract Tower,0,7,17,0,24,0,1,0,0,1,0,8,17,0,25,0,0,0,25
12/27/2018,ASG,AR,ASW,CE,Federal Contract Tower,0,2,18,0,20,0,3,4,0,7,0,5,22,0,27,0,0,0,27
12/28/2018,ASG,AR,ASW,CE,Federal Contract Tower,0,3,19,0,22,0,0,39,0,39,0,3,58,0,61,50,0,50,111
12/29/2018,ASG,AR,ASW,CE,Federal Contract Tower,0,1,13,0,14,0,0,38,0,38,0,1,51,0,52,62,0,62,114
12/30/2018,ASG,AR,ASW,CE,Federal Contract Tower,0,2,10,0,12,0,0,36,0,36,0,2,46,0,48,16,0,16,64
12/31/2018,ASG,AR,ASW,CE,Federal Contract Tower,0,0,6,0,6,0,0,8,0,8,0,0,14,0,14,0,0,0,14
01/01/2019,ASG,AR,ASW,CE,Federal Contract Tower,0,0,5,0,5,0,0,0,0,0,0,0,5,0,5,0,0,0,5
01/02/2019,ASG,AR,ASW,CE,Federal Contract Tower,0,3,9,0,12,0,0,0,0,0,0,3,9,0,12,0,0,0,12
01/03/2019,ASG,AR,ASW,CE,Federal Contract Tower,0,1,13,0,14,0,1,1,0,2,0,2,14,0,16,0,0,0,16
01/04/2019,ASG,AR,ASW,CE,Federal Contract Tower,0,2,21,0,23,0,1,20,0,21,0,3,41,0,44,38,0,38,82
01/05/2019,ASG,AR,ASW,CE,Federal Contract Tower,0,1,20,0,21,0,0,63,0,63,0,1,83,0,84,14,0,14,98
01/06/2019,ASG,AR,ASW,CE,Federal Contract Tower,0,0,7,0,7,0,0,23,0,23,0,0,30,0,30,34,0,34,64
01/07/2019,ASG,AR,ASW,CE,Federal Contract Tower,0,0,19,0,19,0,0,24,0,24,0,0,43,0,43,14,0,14,57
01/08/2019,ASG,AR,ASW,CE,Federal Contract Tower,0,0,27,0,27,0,0,57,0,57,0,0,84,0,84,36,0,36,120
01/09/2019,ASG,AR,ASW,CE,Federal Contract Tower,0,2,19,0,21,0,1,55,0,56,0,3,74,0,77,36,0,36,113
01/10/2019,ASG,AR,ASW,CE,Federal Contract Tower,0,0,20,0,20,0,1,65,0,66,0,1,85,0,86,120,0,120,206
01/11/2019,ASG,AR,ASW,CE,Federal Contract Tower,0,0,10,0,10,0,0,2,0,2,0,0,12,0,12,2,0,2,14
01/12/2019,ASG,AR,ASW,CE,Federal Contract Tower,0,0,13,0,13,0,0,0,0,0,0,0,13,0,13,0,0,0,13
01/13/2019,ASG,AR,ASW,CE,Federal Contract Tower,0,0,13,0,13,0,0,0,0,0,0,0,13,0,13,0,0,0,13
01/14/2019,ASG,AR,ASW,CE,Federal Contract Tower,0,0,8,0,8,0,0,0,0,0,0,0,8,0,8,0,0,0,8
01/15/2019,ASG,AR,ASW,CE,Federal Contract Tower,0,0,15,0,15,0,2,46,0,48,0,2,61,0,63,50,0,50,113
01/16/2019,ASG,AR,ASW,CE,Federal Contract Tower,0,6,20,0,26,0,0,14,0,14,0,6,34,0,40,54,0,54,94
01/17/2019,ASG,AR,ASW,CE,Federal Contract Tower,0,10,28,0,38,0,0,0,0,0,0,10,28,0,38,0,0,0,38
01/18/2019,ASG,AR,ASW,CE,Federal Contract Tower,0,1,16,0,17,0,0,26,0,26,0,1,42,0,43,18,0,18,61
01/19/2019,ASG,AR,ASW,CE,Federal Contract Tower,0,0,2,0,2,0,0,0,0,0,0,0,2,0,2,0,0,0,2
01/20/2019,ASG,AR,ASW,CE,Federal Contract Tower,0,0,17,0,17,0,1,36,0,37,0,1,53,0,54,66,0,66,120
01/21/2019,ASG,AR,ASW,CE,Federal Contract Tower,0,2,16,0,18,0,1,38,0,39,0,3,54,0,57,12,0,12,69
01/22/2019,ASG,AR,ASW,CE,Federal Contract Tower,0,1,15,0,16,0,2,0,0,2,0,3,15,0,18,0,0,0,18
01/23/2019,ASG,AR,ASW,CE,Federal Contract Tower,0,6,16,0,22,0,1,7,0,8,0,7,23,0,30,0,0,0,30
01/24/2019,ASG,AR,ASW,CE,Federal Contract Tower,0,2,14,0,16,0,0,69,0,69,0,2,83,0,85,40,0,40,125
01/25/2019,ASG,AR,ASW,CE,Federal Contract Tower,0,3,21,0,24,0,3,38,0,41,0,6,59,0,65,46,0,46,111
01/26/2019,ASG,AR,ASW,CE,Federal Contract Tower,0,0,21,0,21,0,0,38,0,38,0,0,59,0,59,4,0,4,63
01/27/2019,ASG,AR,ASW,CE,Federal Contract Tower,0,1,26,0,27,0,1,55,0,56,0,2,81,0,83,16,0,16,99
01/28/2019,ASG,AR,ASW,CE,Federal Contract Tower,0,3,7,0,10,0,1,9,0,10,0,4,16,0,20,6,0,6,26
01/29/2019,ASG,AR,ASW,CE,Federal Contract Tower,0,3,16,0,19,0,0,40,0,40,0,3,56,0,59,40,0,40,99
01/30/2019,ASG,AR,ASW,CE,Federal Contract Tower,0,3,16,0,19,0,2,48,0,50,0,5,64,0,69,26,0,26,95
01/31/2019,ASG,AR,ASW,CE,Federal Contract Tower,0,3,19,0,22,0,0,36,0,36,0,3,55,0,58,54,0,54,112
02/01/2019,ASG,AR,ASW,CE,Federal Contract Tower,0,2,16,0,18,0,0,0,0,0,0,2,16,0,18,0,0,0,18
02/02/2019,ASG,AR,ASW,CE,Federal Contract Tower,0,0,8,0,8,0,0,25,0,25,0,0,33,0,33,22,0,22,55
02/03/2019,ASG,AR,ASW,CE,Federal Contract Tower,0,1,15,0,16,0,0,5,0,5,0,1,20,0,21,0,0,0,21
02/04/2019,ASG,AR,ASW,CE,Federal Contract Tower,0,2,20,0,22,0,0,34,0,34,0,2,54,0,56,30,0,30,86
02/05/2019,ASG,AR,ASW,CE,Federal Contract Tower,0,1,22,0,23,0,1,11,0,12,0,2,33,0,35,24,0,24,59
02/06/2019,ASG,AR,ASW,CE,Federal Contract Tower,0,0,21,0,21,0,0,6,0,6,0,0,27,0,27,12,0,12,39
02/07/2019,ASG,AR,ASW,CE,Federal Contract Tower,0,0,13,0,13,0,0,2,0,2,0,0,15,0,15,0,0,0,15
02/08/2019,ASG,AR,ASW,CE,Federal Contract Tower,0,0,17,0,17,0,0,65,0,65,0,0,82,0,82,26,0,26,108
02/09/2019,ASG,AR,ASW,CE,Federal Contract Tower,0,2,9,0,11,0,0,61,0,61,0,2,70,0,72,46,0,46,118
02/10/2019,ASG,AR,ASW,CE,Federal Contract Tower,0,2,11,0,13,0,0,0,0,0,0,2,11,0,13,0,0,0,13
02/11/2019,ASG,AR,ASW,CE,Federal Contract Tower,0,0,15,0,15,0,0,0,0,0,0,0,15,0,15,0,0,0,15
02/12/2019,ASG,AR,ASW,CE,Federal Contract Tower,0,1,22,0,23,0,0,36,0,36,0,1,58,0,59,0,0,0,59
02/13/2019,ASG,AR,ASW,CE,Federal Contract Tower,0,0,17,0,17,0,5,21,0,26,0,5,38,0,43,12,0,12,55
02/14/2019,ASG,AR,ASW,CE,Federal Contract Tower,0,4,18,0,22,0,2,15,0,17,0,6,33,0,39,10,0,10,49
02/15/2019,ASG,AR,ASW,CE,Federal Contract Tower,0,0,4,0,4,0,0,0,0,0,0,0,4,0,4,0,0,0,4
02/16/2019,ASG,AR,ASW,CE,Federal Contract Tower,0,1,5,0,6,0,2,5,1,8,0,3,10,1,14,0,0,0,14
02/17/2019,ASG,AR,ASW,CE,Federal Contract Tower,0,1,15,0,16,0,1,19,0,20,0,2,34,0,36,2,0,2,38
02/18/2019,ASG,AR,ASW,CE,Federal Contract Tower,0,0,27,0,27,0,1,48,0,49,0,1,75,0,76,72,0,72,148
02/19/2019,ASG,AR,ASW,CE,Federal Contract Tower,0,0,10,0,10,0,1,10,0,11,0,1,20,0,21,0,0,0,21
02/20/2019,ASG,AR,ASW,CE,Federal Contract Tower,0,5,29,0,34,0,2,13,0,15,0,7,42,0,49,36,0,36,85
02/21/2019,ASG,AR,ASW,CE,Federal Contract Tower,0,0,19,0,19,0,1,38,0,39,0,1,57,0,58,92,0,92,150
02/22/2019,ASG,AR,ASW,CE,Federal Contract Tower,0,8,6,0,14,0,0,0,0,0,0,8,6,0,14,0,0,0,14
02/23/2019,ASG,AR,ASW,CE,Federal Contract Tower,0,0,0,0,0,0,0,4,0,4,0,0,4,0,4,8,0,8,12
02/24/2019,ASG,AR,ASW,CE,Federal Contract Tower,0,1,4,0,5,0,1,33,0,34,0,2,37,0,39,34,0,34,73
02/25/2019,ASG,AR,ASW,CE,Federal Contract Tower,0,0,19,0,19,0,1,56,0,57,0,1,75,0,76,40,0,40,116
02/26/2019,ASG,AR,ASW,CE,Federal Contract Tower,0,6,24,0,30,0,0,50,0,50,0,6,74,0,80,60,0,60,140
02/27/2019,ASG,AR,ASW,CE,Federal Contract Tower,0,0,8,0,8,0,0,0,0,0,0,0,8,0,8,0,0,0,8
02/28/2019,ASG,AR,ASW,CE,Federal Contract Tower,0,0,13,0,13,0,0,0,0,0,0,0,13,0,13,0,0,0,13
03/01/2019,ASG,AR,ASW,CE,Federal Contract Tower,0,2,13,0,15,0,1,12,0,13,0,3,25,0,28,12,0,12,40
03/02/2019,ASG,AR,ASW,CE,Federal Contract Tower,0,1,5,0,6,0,1,5,0,6,0,2,10,0,12,10,0,10,22
03/03/2019,ASG,AR,ASW,CE,Federal Contract Tower,0,0,9,0,9,0,0,0,0,0,0,0,9,0,9,0,0,0,9
03/04/2019,ASG,AR,ASW,CE,Federal Contract Tower,0,0,12,0,12,0,1,30,0,31,0,1,42,0,43,12,0,12,55
03/05/2019,ASG,AR,ASW,CE,Federal Contract Tower,0,3,20,0,23,0,1,34,0,35,0,4,54,0,58,40,0,40,98
03/06/2019,ASG,AR,ASW,CE,Federal Contract Tower,0,0,22,0,22,0,2,59,0,61,0,2,81,0,83,104,0,104,187
03/07/2019,ASG,AR,ASW,CE,Federal Contract Tower,0,1,34,0,35,0,0,7,0,7,0,1,41,0,42,28,0,28,70
03/08/2019,ASG,AR,ASW,CE,Federal Contract Tower,0,1,12,0,13,0,0,5,0,5,0,1,17,0,18,28,0,28,46
03/09/2019,ASG,AR,ASW,CE,Federal Contract Tower,0,0,1,0,1,0,1,0,0,1,0,1,1,0,2,0,0,0,2
03/10/2019,ASG,AR,ASW,CE,Federal Contract Tower,0,0,8,0,8,0,0,37,0,37,0,0,45,0,45,74,0,74,119
03/11/2019,ASG,AR,ASW,CE,Federal Contract Tower,0,2,18,0,20,0,1,52,0,53,0,3,70,0,73,68,0,68,141
03/12/2019,ASG,AR,ASW,CE,Federal Contract Tower,0,0,10,0,10,0,0,3,0,3,0,0,13,0,13,0,0,0,13
03/13/2019,ASG,AR,ASW,CE,Federal Contract Tower,0,0,15,0,15,0,1,3,0,4,0,1,18,0,19,2,0,2,21
03/14/2019,ASG,AR,ASW,CE,Federal Contract Tower,0,5,22,0,27,0,1,10,0,11,0,6,32,0,38,0,0,0,38
03/15/2019,ASG,AR,ASW,CE,Federal Contract Tower,0,1,16,0,17,0,0,36,0,36,0,1,52,0,53,100,0,100,153
03/16/2019,ASG,AR,ASW,CE,Federal Contract Tower,0,1,10,0,11,0,0,73,0,73,0,1,83,0,84,98,0,98,182
03/17/2019,ASG,AR,ASW,CE,Federal Contract Tower,0,0,17,0,17,0,0,53,0,53,0,0,70,0,70,72,0,72,142
03/18/2019,ASG,AR,ASW,CE,Federal Contract Tower,0,0,13,0,13,0,0,44,0,44,0,0,57,0,57,44,0,44,101
03/19/2019,ASG,AR,ASW,CE,Federal Contract Tower,0,2,17,0,19,0,0,36,0,36,0,2,53,0,55,64,0,64,119
03/20/2019,ASG,AR,ASW,CE,Federal Contract Tower,0,3,18,0,21,0,1,14,0,15,0,4,32,0,36,20,0,20,56
03/21/2019,ASG,AR,ASW,CE,Federal Contract Tower,0,3,20,0,23,0,0,45,0,45,0,3,65,0,68,50,0,50,118
03/22/2019,ASG,AR,ASW,CE,Federal Contract Tower,0,0,12,0,12,0,0,51,0,51,0,0,63,0,63,90,0,90,153
03/23/2019,ASG,AR,ASW,CE,Federal Contract Tower,0,0,11,0,11,0,1,14,0,15,0,1,25,0,26,0,0,0,26
03/24/2019,ASG,AR,ASW,CE,Federal Contract Tower,0,1,10,0,11,0,3,5,0,8,0,4,15,0,19,0,0,0,19
03/25/2019,ASG,AR,ASW,CE,Federal Contract Tower,0,1,13,0,14,0,1,8,0,9,0,2,21,0,23,22,0,22,45
03/26/2019,ASG,AR,ASW,CE,Federal Contract Tower,0,1,24,0,25,0,0,66,0,66,0,1,90,0,91,102,0,102,193
03/27/2019,ASG,AR,ASW,CE,Federal Contract Tower,0,0,20,0,20,0,0,38,0,38,0,0,58,0,58,28,0,28,86
03/28/2019,ASG,AR,ASW,CE,Federal Contract Tower,0,2,25,0,27,0,1,24,0,25,0,3,49,0,52,32,0,32,84
03/29/2019,ASG,AR,ASW,CE,Federal Contract Tower,0,2,9,0,11,0,4,10,0,14,0,6,19,0,25,20,0,20,45
03/30/2019,ASG,AR,ASW,CE,Federal Contract Tower,0,1,4,0,5,0,1,0,0,1,0,2,4,0,6,0,0,0,6
03/31/2019,ASG,AR,ASW,CE,Federal Contract Tower,0,0,10,0,10,0,1,64,0,65,0,1,74,0,75,122,0,122,197
04/01/2019,ASG,AR,ASW,CE,Federal Contract Tower,0,2,18,0,20,0,0,37,0,37,0,2,55,0,57,74,0,74,131
04/02/2019,ASG,AR,ASW,CE,Federal Contract Tower,0,1,23,0,24,0,1,52,0,53,0,2,75,0,77,30,0,30,107
04/03/2019,ASG,AR,ASW,CE,Federal Contract Tower,0,2,17,0,19,0,0,34,0,34,0,2,51,0,53,54,0,54,107
04/04/2019,ASG,AR,ASW,CE,Federal Contract Tower,0,0,10,0,10,0,0,12,0,12,0,0,22,0,22,84,0,84,106
04/05/2019,ASG,AR,ASW,CE,Federal Contract Tower,0,0,25,0,25,0,0,47,0,47,0,0,72,0,72,106,0,106,178
04/07/2019,ASG,AR,ASW,CE,Federal Contract Tower,0,4,8,0,12,0,1,15,0,16,0,5,23,0,28,16,0,16,44
04/08/2019,ASG,AR,ASW,CE,Federal Contract Tower,0,0,22,0,22,0,0,43,0,43,0,0,65,0,65,112,0,112,177
04/09/2019,ASG,AR,ASW,CE,Federal Contract Tower,0,2,31,0,33,0,0,49,2,51,0,2,80,2,84,64,0,64,148
04/10/2019,ASG,AR,ASW,CE,Federal Contract Tower,0,1,18,0,19,0,2,10,0,12,0,3,28,0,31,0,0,0,31
04/11/2019,ASG,AR,ASW,CE,Federal Contract Tower,0,1,12,0,13,0,0,4,0,4,0,1,16,0,17,16,0,16,33
04/12/2019,ASG,AR,ASW,CE,Federal Contract Tower,0,1,27,0,28,0,0,50,0,50,0,1,77,0,78,56,0,56,134
04/13/2019,ASG,AR,ASW,CE,Federal Contract Tower,0,1,4,0,5,0,0,5,0,5,0,1,9,0,10,6,0,6,16
04/14/2019,ASG,AR,ASW,CE,Federal Contract Tower,0,0,8,0,8,0,1,13,1,15,0,1,21,1,23,32,0,32,55
04/15/2019,ASG,AR,ASW,CE,Federal Contract Tower,0,3,20,0,23,0,0,19,0,19,0,3,39,0,42,14,0,14,56
04/16/2019,ASG,AR,ASW,CE,Federal Contract Tower,0,1,20,0,21,0,0,27,0,27,0,1,47,0,48,30,0,30,78
04/17/2019,ASG,AR,ASW,CE,Federal Contract Tower,0,1,13,0,14,0,0,7,0,7,0,1,20,0,21,0,0,0,21
04/18/2019,ASG,AR,ASW,CE,Federal Contract Tower,0,3,18,0,21,0,0,2,0,2,0,3,20,0,23,0,0,0,23
04/19/2019,ASG,AR,ASW,CE,Federal Contract Tower,0,0,12,0,12,0,0,22,0,22,0,0,34,0,34,2,0,2,36
04/20/2019,ASG,AR,ASW,CE,Federal Contract Tower,0,1,6,0,7,0,0,77,0,77,0,1,83,0,84,76,0,76,160
04/21/2019,ASG,AR,ASW,CE,Federal Contract Tower,0,3,9,0,12,0,0,22,0,22,0,3,31,0,34,0,0,0,34
04/22/2019,ASG,AR,ASW,CE,Federal Contract Tower,0,0,28,0,28,0,0,42,0,42,0,0,70,0,70,104,0,104,174
04/23/2019,ASG,AR,ASW,CE,Federal Contract Tower,0,0,39,0,39,0,0,28,0,28,0,0,67,0,67,34,0,34,101
04/24/2019,ASG,AR,ASW,CE,Federal Contract Tower,0,8,38,0,46,0,0,7,0,7,0,8,45,0,53,30,0,30,83
04/25/2019,ASG,AR,ASW,CE,Federal Contract Tower,0,1,13,0,14,0,0,5,0,5,0,1,18,0,19,40,0,40,59
04/26/2019,ASG,AR,ASW,CE,Federal Contract Tower,0,1,31,0,32,0,0,71,0,71,0,1,102,0,103,90,0,90,193
04/27/2019,ASG,AR,ASW,CE,Federal Contract Tower,0,0,8,0,8,0,1,10,0,11,0,1,18,0,19,10,0,10,29
04/28/2019,ASG,AR,ASW,CE,Federal Contract Tower,0,0,10,0,10,0,1,25,0,26,0,1,35,0,36,4,0,4,40
04/29/2019,ASG,AR,ASW,CE,Federal Contract Tower,0,0,21,0,21,0,0,31,0,31,0,0,52,0,52,30,0,30,82
04/30/2019,ASG,AR,ASW,CE,Federal Contract Tower,0,0,19,0,19,0,0,4,0,4,0,0,23,0,23,8,0,8,31
05/01/2019,ASG,AR,ASW,CE,Federal Contract Tower,0,4,14,0,18,0,0,18,0,18,0,4,32,0,36,36,0,36,72
05/02/2019,ASG,AR,ASW,CE,Federal Contract Tower,0,2,21,0,23,0,0,10,0,10,0,2,31,0,33,32,0,32,65
05/03/2019,ASG,AR,ASW,CE,Federal Contract Tower,0,2,7,0,9,0,0,1,0,1,0,2,8,0,10,0,0,0,10
05/04/2019,ASG,AR,ASW,CE,Federal Contract Tower,0,2,14,0,16,0,0,9,0,9,0,2,23,0,25,40,0,40,65
05/05/2019,ASG,AR,ASW,CE,Federal Contract Tower,0,6,13,0,19,0,0,51,0,51,0,6,64,0,70,28,0,28,98
05/06/2019,ASG,AR,ASW,CE,Federal Contract Tower,0,3,26,0,29,0,0,25,0,25,0,3,51,0,54,60,0,60,114
05/07/2019,ASG,AR,ASW,CE,Federal Contract Tower,0,3,23,0,26,0,0,53,0,53,0,3,76,0,79,44,0,44,123
05/08/2019,ASG,AR,ASW,CE,Federal Contract Tower,0,2,11,0,13,0,0,3,0,3,0,2,14,0,16,8,0,8,24
05/09/2019,ASG,AR,ASW,CE,Federal Contract Tower,0,3,22,0,25,0,0,0,0,0,0,3,22,0,25,0,0,0,25
05/10/2019,ASG,AR,ASW,CE,Federal Contract Tower,0,2,21,0,23,0,0,30,0,30,0,2,51,0,53,26,0,26,79
05/11/2019,ASG,AR,ASW,CE,Federal Contract Tower,0,3,14,0,17,0,0,4,0,4,0,3,18,0,21,12,0,12,33
05/12/2019,ASG,AR,ASW,CE,Federal Contract Tower,0,3,5,0,8,0,0,15,0,15,0,3,20,0,23,8,0,8,31
05/13/2019,ASG,AR,ASW,CE,Federal Contract Tower,0,3,19,0,22,0,0,57,0,57,0,3,76,0,79,76,0,76,155
05/14/2019,ASG,AR,ASW,CE,Federal Contract Tower,0,0,29,0,29,0,0,56,0,56,0,0,85,0,85,98,0,98,183
05/15/2019,ASG,AR,ASW,CE,Federal Contract Tower,0,4,40,0,44,0,0,52,2,54,0,4,92,2,98,48,0,48,146
05/16/2019,ASG,AR,ASW,CE,Federal Contract Tower,0,0,24,0,24,0,0,53,0,53,0,0,77,0,77,84,0,84,161
05/17/2019,ASG,AR,ASW,CE,Federal Contract Tower,0,1,21,0,22,0,0,33,0,33,0,1,54,0,55,36,0,36,91
05/18/2019,ASG,AR,ASW,CE,Federal Contract Tower,0,1,6,0,7,0,0,4,0,4,0,1,10,0,11,0,0,0,11
05/19/2019,ASG,AR,ASW,CE,Federal Contract Tower,0,0,17,0,17,0,0,30,0,30,0,0,47,0,47,10,0,10,57
05/20/2019,ASG,AR,ASW,CE,Federal Contract Tower,0,5,15,0,20,0,0,14,0,14,0,5,29,0,34,10,0,10,44
05/21/2019,ASG,AR,ASW,CE,Federal Contract Tower,0,5,10,0,15,0,0,5,0,5,0,5,15,0,20,0,0,0,20
05/22/2019,ASG,AR,ASW,CE,Federal Contract Tower,0,4,28,0,32,0,0,14,0,14,0,4,42,0,46,0,0,0,46
05/23/2019,ASG,AR,ASW,CE,Federal Contract Tower,0,0,19,0,19,0,0,40,0,40,0,0,59,0,59,30,0,30,89
05/24/2019,ASG,AR,ASW,CE,Federal Contract Tower,0,0,17,0,17,0,0,50,0,50,0,0,67,0,67,54,0,54,121
05/25/2019,ASG,AR,ASW,CE,Federal Contract Tower,0,0,6,0,6,0,0,33,0,33,0,0,39,0,39,28,0,28,67
05/26/2019,ASG,AR,ASW,CE,Federal Contract Tower,0,0,8,0,8,0,0,10,0,10,0,0,18,0,18,16,0,16,34
05/27/2019,ASG,AR,ASW,CE,Federal Contract Tower,0,2,12,0,14,0,0,12,0,12,0,2,24,0,26,8,0,8,34
05/28/2019,ASG,AR,ASW,CE,Federal Contract Tower,0,0,23,0,23,0,0,22,0,22,0,0,45,0,45,14,0,14,59
05/29/2019,ASG,AR,ASW,CE,Federal Contract Tower,0,2,9,0,11,0,0,7,0,7,0,2,16,0,18,16,0,16,34
05/30/2019,ASG,AR,ASW,CE,Federal Contract Tower,0,3,30,0,33,0,0,51,0,51,0,3,81,0,84,98,0,98,182
05/31/2019,ASG,AR,ASW,CE,Federal Contract Tower,0,4,16,0,20,0,0,65,0,65,0,4,81,0,85,68,0,68,153
06/01/2019,ASG,AR,ASW,CE,Federal Contract Tower,0,3,22,0,25,0,1,56,0,57,0,4,78,0,82,22,0,22,104
06/02/2019,ASG,AR,ASW,CE,Federal Contract Tower,0,0,7,0,7,0,0,16,0,16,0,0,23,0,23,6,0,6,29
06/03/2019,ASG,AR,ASW,CE,Federal Contract Tower,0,0,15,0,15,0,0,23,0,23,0,0,38,0,38,8,0,8,46
06/04/2019,ASG,AR,ASW,CE,Federal Contract Tower,0,2,16,0,18,0,0,29,0,29,0,2,45,0,47,80,0,80,127
06/05/2019,ASG,AR,ASW,CE,Federal Contract Tower,0,6,15,0,21,0,0,32,0,32,0,6,47,0,53,74,0,74,127
06/06/2019,ASG,AR,ASW,CE,Federal Contract Tower,0,4,17,15,36,0,0,35,1,36,0,4,52,16,72,36,0,36,108
06/07/2019,ASG,AR,ASW,CE,Federal Contract Tower,0,6,12,0,18,0,0,7,0,7,0,6,19,0,25,22,0,22,47
06/08/2019,ASG,AR,ASW,CE,Federal Contract Tower,0,0,5,0,5,0,0,39,0,39,0,0,44,0,44,76,0,76,120
06/09/2019,ASG,AR,ASW,CE,Federal Contract Tower,0,2,11,0,13,0,0,26,0,26,0,2,37,0,39,26,0,26,65
06/10/2019,ASG,AR,ASW,CE,Federal Contract Tower,0,1,20,0,21,0,0,41,0,41,0,1,61,0,62,46,0,46,108
06/11/2019,ASG,AR,ASW,CE,Federal Contract Tower,0,0,29,0,29,0,0,57,0,57,0,0,86,0,86,92,0,92,178
06/12/2019,ASG,AR,ASW,CE,Federal Contract Tower,0,2,20,0,22,0,0,13,0,13,0,2,33,0,35,32,0,32,67
06/13/2019,ASG,AR,ASW,CE,Federal Contract Tower,0,2,27,0,29,0,0,69,0,69,0,2,96,0,98,110,0,110,208
06/14/2019,ASG,AR,ASW,CE,Federal Contract Tower,0,0,23,0,23,0,0,31,0,31,0,0,54,0,54,28,0,28,82
06/15/2019,ASG,AR,ASW,CE,Federal Contract Tower,0,0,12,0,12,0,0,17,0,17,0,0,29,0,29,12,0,12,41
06/16/2019,ASG,AR,ASW,CE,Federal Contract Tower,0,2,17,0,19,0,0,15,0,15,0,2,32,0,34,10,0,10,44
06/17/2019,ASG,AR,ASW,CE,Federal Contract Tower,0,0,25,0,25,0,0,10,0,10,0,0,35,0,35,8,0,8,43
06/18/2019,ASG,AR,ASW,CE,Federal Contract Tower,0,4,20,0,24,0,0,50,0,50,0,4,70,0,74,86,0,86,160
06/19/2019,ASG,AR,ASW,CE,Federal Contract Tower,0,1,14,0,15,0,0,28,0,28,0,1,42,0,43,56,0,56,99
06/20/2019,ASG,AR,ASW,CE,Federal Contract Tower,0,3,20,0,23,0,0,43,0,43,0,3,63,0,66,144,0,144,210
06/21/2019,ASG,AR,ASW,CE,Federal Contract Tower,0,2,18,0,20,0,0,24,0,24,0,2,42,0,44,10,0,10,54
06/22/2019,ASG,AR,ASW,CE,Federal Contract Tower,0,3,21,0,24,0,0,27,0,27,0,3,48,0,51,38,0,38,89
06/23/2019,ASG,AR,ASW,CE,Federal Contract Tower,0,0,3,0,3,0,0,0,0,0,0,0,3,0,3,0,0,0,3
06/25/2019,ASG,AR,ASW,CE,Federal Contract Tower,0,4,24,0,28,0,0,48,0,48,0,4,72,0,76,160,0,160,236
06/26/2019,ASG,AR,ASW,CE,Federal Contract Tower,0,8,28,0,36,0,0,38,0,38,0,8,66,0,74,94,0,94,168
06/27/2019,ASG,AR,ASW,CE,Federal Contract Tower,0,0,17,0,17,0,0,60,0,60,0,0,77,0,77,100,0,100,177
06/28/2019,ASG,AR,ASW,CE,Federal Contract Tower,0,0,28,0,28,0,0,50,0,50,0,0,78,0,78,112,0,112,190
06/29/2019,ASG,AR,ASW,CE,Federal Contract Tower,0,2,11,0,13,0,0,35,0,35,0,2,46,0,48,54,0,54,102
06/30/2019,ASG,AR,ASW,CE,Federal Contract Tower,0,0,10,0,10,0,0,28,0,28,0,0,38,0,38,28,0,28,66
07/01/2019,ASG,AR,ASW,CE,Federal Contract Tower,0,4,20,0,24,0,0,35,0,35,0,4,55,0,59,60,0,60,119
07/02/2019,ASG,AR,ASW,CE,Federal Contract Tower,0,2,19,0,21,0,0,14,0,14,0,2,33,0,35,30,0,30,65
07/03/2019,ASG,AR,ASW,CE,Federal Contract Tower,0,2,28,0,30,0,0,42,0,42,0,2,70,0,72,54,0,54,126
07/04/2019,ASG,AR,ASW,CE,Federal Contract Tower,0,0,8,0,8,0,0,5,0,5,0,0,13,0,13,2,0,2,15
07/05/2019,ASG,AR,ASW,CE,Federal Contract Tower,0,2,9,0,11,0,0,16,0,16,0,2,25,0,27,28,0,28,55
07/06/2019,ASG,AR,ASW,CE,Federal Contract Tower,0,4,16,0,20,0,0,37,0,37,0,4,53,0,57,30,0,30,87
07/07/2019,ASG,AR,ASW,CE,Federal Contract Tower,0,3,13,0,16,0,0,17,0,17,0,3,30,0,33,8,0,8,41
07/08/2019,ASG,AR,ASW,CE,Federal Contract Tower,0,1,14,0,15,0,0,24,0,24,0,1,38,0,39,54,0,54,93
07/09/2019,ASG,AR,ASW,CE,Federal Contract Tower,0,0,21,0,21,0,0,29,0,29,0,0,50,0,50,58,0,58,108
07/10/2019,ASG,AR,ASW,CE,Federal Contract Tower,0,3,14,0,17,0,0,28,0,28,0,3,42,0,45,100,0,100,145
07/11/2019,ASG,AR,ASW,CE,Federal Contract Tower,0,5,27,0,32,0,0,56,0,56,0,5,83,0,88,112,0,112,200
07/12/2019,ASG,AR,ASW,CE,Federal Contract Tower,0,0,27,0,27,0,0,53,0,53,0,0,80,0,80,56,0,56,136
07/13/2019,ASG,AR,ASW,CE,Federal Contract Tower,0,2,10,0,12,0,0,31,0,31,0,2,41,0,43,40,0,40,83
07/14/2019,ASG,AR,ASW,CE,Federal Contract Tower,0,0,14,0,14,0,0,10,0,10,0,0,24,0,24,14,0,14,38
07/15/2019,ASG,AR,ASW,CE,Federal Contract Tower,0,0,23,0,23,0,0,11,0,11,0,0,34,0,34,36,0,36,70
07/16/2019,ASG,AR,ASW,CE,Federal Contract Tower,0,0,16,0,16,0,0,32,0,32,0,0,48,0,48,78,0,78,126
07/17/2019,ASG,AR,ASW,CE,Federal Contract Tower,0,2,16,0,18,0,0,36,0,36,0,2,52,0,54,38,0,38,92
07/18/2019,ASG,AR,ASW,CE,Federal Contract Tower,0,0,27,0,27,0,0,32,0,32,0,0,59,0,59,58,0,58,117
07/19/2019,ASG,AR,ASW,CE,Federal Contract Tower,0,1,22,0,23,0,0,37,0,37,0,1,59,0,60,30,0,30,90
07/20/2019,ASG,AR,ASW,CE,Federal Contract Tower,0,1,18,0,19,0,0,31,0,31,0,1,49,0,50,34,0,34,84
07/21/2019,ASG,AR,ASW,CE,Federal Contract Tower,0,0,12,0,12,0,0,23,0,23,0,0,35,0,35,32,0,32,67
07/22/2019,ASG,AR,ASW,CE,Federal Contract Tower,0,4,29,0,33,0,0,11,0,11,0,4,40,0,44,6,0,6,50
07/23/2019,ASG,AR,ASW,CE,Federal Contract Tower,0,4,29,0,33,0,0,57,0,57,0,4,86,0,90,88,0,88,178
07/24/2019,ASG,AR,ASW,CE,Federal Contract Tower,0,0,26,0,26,0,0,44,0,44,0,0,70,0,70,56,0,56,126
07/25/2019,ASG,AR,ASW,CE,Federal Contract Tower,0,0,23,0,23,0,0,54,0,54,0,0,77,0,77,28,0,28,105
07/26/2019,ASG,AR,ASW,CE,Federal Contract Tower,0,4,12,0,16,0,0,40,0,40,0,4,52,0,56,70,0,70,126
07/27/2019,ASG,AR,ASW,CE,Federal Contract Tower,0,0,7,0,7,0,4,37,0,41,0,4,44,0,48,36,0,36,84
07/28/2019,ASG,AR,ASW,CE,Federal Contract Tower,0,2,17,0,19,0,2,27,0,29,0,4,44,0,48,12,0,12,60
07/29/2019,ASG,AR,ASW,CE,Federal Contract Tower,0,3,17,0,20,0,0,8,0,8,0,3,25,0,28,0,0,0,28
07/30/2019,ASG,AR,ASW,CE,Federal Contract Tower,0,3,18,0,21,0,0,60,0,60,0,3,78,0,81,38,0,38,119
07/31/2019,ASG,AR,ASW,CE,Federal Contract Tower,0,4,18,0,22,0,0,39,0,39,0,4,57,0,61,72,0,72,133
08/01/2019,ASG,AR,ASW,CE,Federal Contract Tower,0,0,29,0,29,0,0,14,0,14,0,0,43,0,43,4,0,4,47
08/02/2019,ASG,AR,ASW,CE,Federal Contract Tower,0,0,12,0,12,0,0,16,0,16,0,0,28,0,28,26,0,26,54
08/03/2019,ASG,AR,ASW,CE,Federal Contract Tower,0,2,8,0,10,0,0,7,0,7,0,2,15,0,17,4,0,4,21
08/04/2019,ASG,AR,ASW,CE,Federal Contract Tower,0,1,10,0,11,0,0,27,0,27,0,1,37,0,38,20,0,20,58
08/05/2019,ASG,AR,ASW,CE,Federal Contract Tower,0,0,25,0,25,0,0,53,0,53,0,0,78,0,78,150,0,150,228
08/06/2019,ASG,AR,ASW,CE,Federal Contract Tower,0,0,21,0,21,0,0,38,0,38,0,0,59,0,59,62,0,62,121
08/07/2019,ASG,AR,ASW,CE,Federal Contract Tower,0,0,17,0,17,0,0,27,0,27,0,0,44,0,44,72,0,72,116
08/08/2019,ASG,AR,ASW,CE,Federal Contract Tower,0,0,18,0,18,0,0,3,0,3,0,0,21,0,21,4,0,4,25
08/09/2019,ASG,AR,ASW,CE,Federal Contract Tower,0,1,20,0,21,0,0,14,0,14,0,1,34,0,35,8,0,8,43
08/10/2019,ASG,AR,ASW,CE,Federal Contract Tower,0,2,15,0,17,0,0,35,0,35,0,2,50,0,52,74,0,74,126
08/11/2019,ASG,AR,ASW,CE,Federal Contract Tower,0,0,14,0,14,0,0,50,0,50,0,0,64,0,64,80,0,80,144
08/12/2019,ASG,AR,ASW,CE,Federal Contract Tower,0,0,16,0,16,0,0,49,0,49,0,0,65,0,65,46,0,46,111
08/13/2019,ASG,AR,ASW,CE,Federal Contract Tower,0,0,32,0,32,0,0,48,0,48,0,0,80,0,80,64,0,64,144
08/14/2019,ASG,AR,ASW,CE,Federal Contract Tower,0,0,12,0,12,0,0,43,0,43,0,0,55,0,55,150,0,150,205
08/15/2019,ASG,AR,ASW,CE,Federal Contract Tower,0,2,28,0,30,0,0,54,0,54,0,2,82,0,84,130,0,130,214
08/16/2019,ASG,AR,ASW,CE,Federal Contract Tower,0,2,24,0,26,0,0,46,0,46,0,2,70,0,72,48,0,48,120
08/17/2019,ASG,AR,ASW,CE,Federal Contract Tower,0,0,11,0,11,0,0,38,0,38,0,0,49,0,49,12,0,12,61
08/18/2019,ASG,AR,ASW,CE,Federal Contract Tower,0,1,16,0,17,0,0,31,0,31,0,1,47,0,48,54,0,54,102
08/19/2019,ASG,AR,ASW,CE,Federal Contract Tower,0,3,18,0,21,0,0,59,0,59,0,3,77,0,80,64,0,64,144
08/20/2019,ASG,AR,ASW,CE,Federal Contract Tower,0,0,32,0,32,0,0,54,0,54,0,0,86,0,86,18,0,18,104
08/21/2019,ASG,AR,ASW,CE,Federal Contract Tower,0,1,29,0,30,0,0,39,0,39,0,1,68,0,69,38,0,38,107
08/22/2019,ASG,AR,ASW,CE,Federal Contract Tower,0,0,22,0,22,0,0,34,0,34,0,0,56,0,56,50,0,50,106
08/23/2019,ASG,AR,ASW,CE,Federal Contract Tower,0,2,22,0,24,0,0,8,0,8,0,2,30,0,32,26,0,26,58
08/24/2019,ASG,AR,ASW,CE,Federal Contract Tower,0,0,7,0,7,0,0,7,0,7,0,0,14,0,14,0,0,0,14
08/25/2019,ASG,AR,ASW,CE,Federal Contract Tower,0,0,17,0,17,0,0,9,0,9,0,0,26,0,26,18,0,18,44
08/26/2019,ASG,AR,ASW,CE,Federal Contract Tower,0,2,24,0,26,0,0,49,0,49,0,2,73,0,75,36,0,36,111
08/27/2019,ASG,AR,ASW,CE,Federal Contract Tower,0,2,38,0,40,0,0,26,0,26,0,2,64,0,66,40,0,40,106
08/28/2019,ASG,AR,ASW,CE,Federal Contract Tower,0,4,28,0,32,0,0,51,0,51,0,4,79,0,83,76,0,76,159
08/29/2019,ASG,AR,ASW,CE,Federal Contract Tower,0,3,28,0,31,0,0,53,0,53,0,3,81,0,84,28,0,28,112
08/30/2019,ASG,AR,ASW,CE,Federal Contract Tower,0,4,23,0,27,0,0,7,0,7,0,4,30,0,34,2,0,2,36
08/31/2019,ASG,AR,ASW,CE,Federal Contract Tower,0,2,21,0,23,0,0,23,0,23,0,2,44,0,46,40,0,40,86
09/01/2019,ASG,AR,ASW,CE,Federal Contract Tower,0,2,12,0,14,0,0,23,0,23,0,2,35,0,37,30,0,30,67
09/02/2019,ASG,AR,ASW,CE,Federal Contract Tower,0,2,11,0,13,0,0,59,0,59,0,2,70,0,72,36,0,36,108
09/03/2019,ASG,AR,ASW,CE,Federal Contract Tower,0,2,22,0,24,0,0,37,0,37,0,2,59,0,61,20,0,20,81
09/04/2019,ASG,AR,ASW,CE,Federal Contract Tower,0,2,29,0,31,0,0,55,0,55,0,2,84,0,86,48,0,48,134
09/05/2019,ASG,AR,ASW,CE,Federal Contract Tower,0,5,19,0,24,0,0,38,0,38,0,5,57,0,62,40,0,40,102
09/06/2019,ASG,AR,ASW,CE,Federal Contract Tower,0,3,17,0,20,0,0,37,0,37,0,3,54,0,57,8,0,8,65
09/07/2019,ASG,AR,ASW,CE,Federal Contract Tower,0,2,19,0,21,0,1,41,0,42,0,3,60,0,63,30,0,30,93
09/08/2019,ASG,AR,ASW,CE,Federal Contract Tower,0,6,14,0,20,0,1,19,0,20,0,7,33,0,40,38,0,38,78
09/09/2019,ASG,AR,ASW,CE,Federal Contract Tower,0,1,13,0,14,0,0,36,0,36,0,1,49,0,50,30,0,30,80
09/10/2019,ASG,AR,ASW,CE,Federal Contract Tower,0,3,31,0,34,0,1,42,0,43,0,4,73,0,77,32,0,32,109
09/11/2019,ASG,AR,ASW,CE,Federal Contract Tower,0,2,26,0,28,0,0,50,0,50,0,2,76,0,78,82,0,82,160
09/13/2019,ASG,AR,ASW,CE,Federal Contract Tower,0,2,30,0,32,0,0,14,0,14,0,2,44,0,46,18,0,18,64
09/14/2019,ASG,AR,ASW,CE,Federal Contract Tower,0,2,11,0,13,0,0,37,0,37,0,2,48,0,50,4,0,4,54
09/15/2019,ASG,AR,ASW,CE,Federal Contract Tower,0,0,18,0,18,0,0,38,0,38,0,0,56,0,56,34,0,34,90
09/16/2019,ASG,AR,ASW,CE,Federal Contract Tower,0,3,26,0,29,0,0,32,0,32,0,3,58,0,61,22,0,22,83
09/17/2019,ASG,AR,ASW,CE,Federal Contract Tower,0,0,30,0,30,0,0,48,0,48,0,0,78,0,78,62,0,62,140
09/18/2019,ASG,AR,ASW,CE,Federal Contract Tower,0,3,19,0,22,0,0,31,0,31,0,3,50,0,53,40,0,40,93
09/19/2019,ASG,AR,ASW,CE,Federal Contract Tower,0,1,26,0,27,0,0,54,0,54,0,1,80,0,81,42,0,42,123
09/20/2019,ASG,AR,ASW,CE,Federal Contract Tower,0,0,11,0,11,0,0,10,0,10,0,0,21,0,21,24,0,24,45
09/21/2019,ASG,AR,ASW,CE,Federal Contract Tower,0,2,6,1,9,0,0,20,0,20,0,2,26,1,29,2,0,2,31
09/22/2019,ASG,AR,ASW,CE,Federal Contract Tower,0,0,16,0,16,0,0,6,0,6,0,0,22,0,22,0,0,0,22
09/23/2019,ASG,AR,ASW,CE,Federal Contract Tower,0,0,39,0,39,0,0,28,0,28,0,0,67,0,67,22,0,22,89
09/24/2019,ASG,AR,ASW,CE,Federal Contract Tower,0,0,11,0,11,0,0,6,0,6,0,0,17,0,17,4,0,4,21
09/25/2019,ASG,AR,ASW,CE,Federal Contract Tower,0,2,15,0,17,0,0,22,0,22,0,2,37,0,39,72,0,72,111
09/26/2019,ASG,AR,ASW,CE,Federal Contract Tower,0,4,19,0,23,0,0,26,0,26,0,4,45,0,49,28,0,28,77
09/28/2019,ASG,AR,ASW,CE,Federal Contract Tower,0,3,7,0,10,0,0,23,0,23,0,3,30,0,33,20,0,20,53
09/29/2019,ASG,AR,ASW,CE,Federal Contract Tower,0,1,19,0,20,0,0,38,0,38,0,1,57,0,58,2,0,2,60
09/30/2019,ASG,AR,ASW,CE,Federal Contract Tower,0,0,30,0,30,0,0,34,0,34,0,0,64,0,64,14,0,14,78
10/01/2019,ASG,AR,ASW,CE,Federal Contract Tower,0,1,30,0,31,0,0,39,0,39,0,1,69,0,70,74,0,74,144
10/02/2019,ASG,AR,ASW,CE,Federal Contract Tower,0,9,16,0,25,0,0,36,0,36,0,9,52,0,61,24,0,24,85
10/03/2019,ASG,AR,ASW,CE,Federal Contract Tower,0,1,29,0,30,0,0,27,0,27,0,1,56,0,57,4,0,4,61
10/04/2019,ASG,AR,ASW,CE,Federal Contract Tower,0,2,20,0,22,0,0,31,0,31,0,2,51,0,53,68,0,68,121
10/06/2019,ASG,AR,ASW,CE,Federal Contract Tower,0,3,10,0,13,0,0,0,0,0,0,3,10,0,13,0,0,0,13
10/07/2019,ASG,AR,ASW,CE,Federal Contract Tower,0,1,18,0,19,0,0,34,0,34,0,1,52,0,53,46,0,46,99
10/08/2019,ASG,AR,ASW,CE,Federal Contract Tower,0,2,33,0,35,0,0,56,0,56,0,2,89,0,91,92,0,92,183
10/09/2019,ASG,AR,ASW,CE,Federal Contract Tower,0,3,27,0,30,0,0,63,0,63,0,3,90,0,93,108,0,108,201
10/10/2019,ASG,AR,ASW,CE,Federal Contract Tower,0,1,10,0,11,0,0,5,0,5,0,1,15,0,16,8,0,8,24
10/11/2019,ASG,AR,ASW,CE,Federal Contract Tower,0,4,20,0,24,0,0,19,0,19,0,4,39,0,43,0,0,0,43
10/12/2019,ASG,AR,ASW,CE,Federal Contract Tower,0,0,18,0,18,0,0,47,0,47,0,0,65,0,65,75,0,75,140
10/13/2019,ASG,AR,ASW,CE,Federal Contract Tower,0,0,22,0,22,0,0,37,0,37,0,0,59,0,59,30,0,30,89
10/14/2019,ASG,AR,ASW,CE,Federal Contract Tower,0,0,22,0,22,0,0,37,0,37,0,0,59,0,59,30,0,30,89
10/15/2019,ASG,AR,ASW,CE,Federal Contract Tower,0,2,24,0,26,0,0,15,0,15,0,2,39,0,41,46,0,46,87
10/16/2019,ASG,AR,ASW,CE,Federal Contract Tower,0,0,30,0,30,0,0,43,0,43,0,0,73,0,73,60,0,60,133
10/17/2019,ASG,AR,ASW,CE,Federal Contract Tower,0,0,31,0,31,0,0,56,0,56,0,0,87,0,87,92,0,92,179
10/18/2019,ASG,AR,ASW,CE,Federal Contract Tower,0,4,32,0,36,0,0,60,0,60,0,4,92,0,96,50,0,50,146
10/19/2019,ASG,AR,ASW,CE,Federal Contract Tower,0,2,17,0,19,0,0,19,0,19,0,2,36,0,38,30,0,30,68
10/20/2019,ASG,AR,ASW,CE,Federal Contract Tower,0,0,17,0,17,0,0,28,0,28,0,0,45,0,45,60,0,60,105
10/21/2019,ASG,AR,ASW,CE,Federal Contract Tower,0,2,11,0,13,0,0,6,0,6,0,2,17,0,19,0,0,0,19
10/22/2019,ASG,AR,ASW,CE,Federal Contract Tower,0,6,15,0,21,0,0,23,0,23,0,6,38,0,44,14,0,14,58
10/23/2019,ASG,AR,ASW,CE,Federal Contract Tower,0,6,25,0,31,0,0,28,0,28,0,6,53,0,59,12,0,12,71
10/24/2019,ASG,AR,ASW,CE,Federal Contract Tower,0,3,26,0,29,0,0,0,0,0,0,3,26,0,29,0,0,0,29
10/25/2019,ASG,AR,ASW,CE,Federal Contract Tower,0,0,16,0,16,0,0,0,0,0,0,0,16,0,16,0,0,0,16
10/26/2019,ASG,AR,ASW,CE,Federal Contract Tower,0,2,3,0,5,0,0,10,0,10,0,2,13,0,15,6,0,6,21
10/27/2019,ASG,AR,ASW,CE,Federal Contract Tower,0,1,20,0,21,0,0,49,0,49,0,1,69,0,70,62,0,62,132
10/28/2019,ASG,AR,ASW,CE,Federal Contract Tower,0,0,30,0,30,0,0,20,0,20,0,0,50,0,50,72,0,72,122
10/29/2019,ASG,AR,ASW,CE,Federal Contract Tower,0,0,22,0,22,0,0,0,0,0,0,0,22,0,22,0,0,0,22
10/30/2019,ASG,AR,ASW,CE,Federal Contract Tower,0,0,17,0,17,0,0,0,0,0,0,0,17,0,17,0,0,0,17
10/31/2019,ASG,AR,ASW,CE,Federal Contract Tower,0,2,19,0,21,0,0,25,0,25,0,2,44,0,46,20,0,20,66
11/01/2019,ASG,AR,ASW,CE,Federal Contract Tower,0,0,22,0,22,0,0,45,0,45,0,0,67,0,67,120,0,120,187
11/02/2019,ASG,AR,ASW,CE,Federal Contract Tower,0,0,18,0,18,0,0,63,0,63,0,0,81,0,81,64,0,64,145
11/03/2019,ASG,AR,ASW,CE,Federal Contract Tower,0,1,19,0,20,0,0,34,0,34,0,1,53,0,54,38,0,38,92
11/04/2019,ASG,AR,ASW,CE,Federal Contract Tower,0,4,18,0,22,0,0,54,0,54,0,4,72,0,76,58,0,58,134
11/05/2019,ASG,AR,ASW,CE,Federal Contract Tower,0,4,16,0,20,0,0,53,0,53,0,4,69,0,73,72,0,72,145
11/06/2019,ASG,AR,ASW,CE,Federal Contract Tower,0,2,13,0,15,0,0,0,0,0,0,2,13,0,15,0,0,0,15
11/07/2019,ASG,AR,ASW,CE,Federal Contract Tower,0,0,15,0,15,0,0,5,0,5,0,0,20,0,20,0,0,0,20
11/08/2019,ASG,AR,ASW,CE,Federal Contract Tower,0,0,18,0,18,0,0,32,0,32,0,0,50,0,50,32,0,32,82
11/09/2019,ASG,AR,ASW,CE,Federal Contract Tower,0,0,4,0,4,0,0,30,0,30,0,0,34,0,34,28,0,28,62
11/10/2019,ASG,AR,ASW,CE,Federal Contract Tower,0,0,11,0,11,0,0,39,0,39,0,0,50,0,50,56,0,56,106
11/11/2019,ASG,AR,ASW,CE,Federal Contract Tower,0,2,5,0,7,0,0,1,0,1,0,2,6,0,8,0,0,0,8
11/12/2019,ASG,AR,ASW,CE,Federal Contract Tower,0,2,18,0,20,0,0,28,0,28,0,2,46,0,48,76,0,76,124
11/13/2019,ASG,AR,ASW,CE,Federal Contract Tower,0,4,41,0,45,0,0,32,0,32,0,4,73,0,77,22,0,22,99
11/14/2019,ASG,AR,ASW,CE,Federal Contract Tower,0,1,22,0,23,0,0,52,0,52,0,1,74,0,75,116,0,116,191
11/15/2019,ASG,AR,ASW,CE,Federal Contract Tower,0,8,10,0,18,0,0,49,0,49,0,8,59,0,67,48,0,48,115
11/16/2019,ASG,AR,ASW,CE,Federal Contract Tower,0,0,14,0,14,0,0,67,0,67,0,0,81,0,81,44,0,44,125
11/17/2019,ASG,AR,ASW,CE,Federal Contract Tower,0,0,3,0,3,0,0,29,0,29,0,0,32,0,32,42,0,42,74
11/18/2019,ASG,AR,ASW,CE,Federal Contract Tower,0,2,16,0,18,0,0,33,0,33,0,2,49,0,51,30,0,30,81
11/19/2019,ASG,AR,ASW,CE,Federal Contract Tower,0,2,19,0,21,0,2,78,0,80,0,4,97,0,101,174,0,174,275
11/20/2019,ASG,AR,ASW,CE,Federal Contract Tower,0,2,19,0,21,0,0,21,0,21,0,2,40,0,42,32,0,32,74
11/21/2019,ASG,AR,ASW,CE,Federal Contract Tower,0,0,18,0,18,0,0,0,0,0,0,0,18,0,18,0,0,0,18
11/22/2019,ASG,AR,ASW,CE,Federal Contract Tower,0,0,22,0,22,0,0,0,0,0,0,0,22,0,22,0,0,0,22
11/23/2019,ASG,AR,ASW,CE,Federal Contract Tower,0,2,16,0,18,0,0,36,0,36,0,2,52,0,54,48,0,48,102
11/24/2019,ASG,AR,ASW,CE,Federal Contract Tower,0,0,17,0,17,0,0,36,0,36,0,0,53,0,53,18,0,18,71
11/25/2019,ASG,AR,ASW,CE,Federal Contract Tower,0,0,22,0,22,0,0,54,0,54,0,0,76,0,76,40,0,40,116
11/26/2019,ASG,AR,ASW,CE,Federal Contract Tower,0,4,8,0,12,0,0,6,0,6,0,4,14,0,18,0,0,0,18
11/27/2019,ASG,AR,ASW,CE,Federal Contract Tower,0,3,15,0,18,0,0,12,0,12,0,3,27,0,30,2,0,2,32
11/28/2019,ASG,AR,ASW,CE,Federal Contract Tower,0,0,8,0,8,0,0,0,0,0,0,0,8,0,8,0,0,0,8
11/29/2019,ASG,AR,ASW,CE,Federal Contract Tower,0,2,10,0,12,0,0,0,0,0,0,2,10,0,12,0,0,0,12
11/30/2019,ASG,AR,ASW,CE,Federal Contract Tower,0,1,15,0,16,0,0,8,0,8,0,1,23,0,24,0,0,0,24
12/01/2019,ASG,AR,ASW,CE,Federal Contract Tower,0,4,15,0,19,0,0,2,0,2,0,4,17,0,21,0,0,0,21
12/02/2019,ASG,AR,ASW,CE,Federal Contract Tower,0,4,27,0,31,0,0,32,0,32,0,4,59,0,63,42,0,42,105
12/03/2019,ASG,AR,ASW,CE,Federal Contract Tower,0,3,20,0,23,0,0,33,0,33,0,3,53,0,56,74,0,74,130
12/04/2019,ASG,AR,ASW,CE,Federal Contract Tower,0,1,17,0,18,0,0,66,0,66,0,1,83,0,84,106,0,106,190
12/05/2019,ASG,AR,ASW,CE,Federal Contract Tower,0,4,25,0,29,0,0,33,0,33,0,4,58,0,62,106,0,106,168
12/06/2019,ASG,AR,ASW,CE,Federal Contract Tower,0,4,11,0,15,0,0,41,0,41,0,4,52,0,56,136,0,136,192
12/07/2019,ASG,AR,ASW,CE,Federal Contract Tower,0,0,11,0,11,0,0,79,0,79,0,0,90,0,90,84,0,84,174
12/08/2019,ASG,AR,ASW,CE,Federal Contract Tower,0,5,15,0,20,0,0,27,0,27,0,5,42,0,47,42,0,42,89
12/09/2019,ASG,AR,ASW,CE,Federal Contract Tower,0,13,12,0,25,0,0,5,0,5,0,13,17,0,30,0,0,0,30
12/10/2019,ASG,AR,ASW,CE,Federal Contract Tower,0,0,30,0,30,0,0,61,0,61,0,0,91,0,91,102,0,102,193
12/11/2019,ASG,AR,ASW,CE,Federal Contract Tower,0,1,26,0,27,0,0,50,0,50,0,1,76,0,77,66,0,66,143
12/12/2019,ASG,AR,ASW,CE,Federal Contract Tower,0,0,24,0,24,0,0,41,0,41,0,0,65,0,65,60,0,60,125
12/13/2019,ASG,AR,ASW,CE,Federal Contract Tower,0,0,30,0,30,0,0,60,0,60,0,0,90,0,90,60,0,60,150
12/14/2019,ASG,AR,ASW,CE,Federal Contract Tower,0,4,8,0,12,0,0,15,0,15,0,4,23,0,27,0,0,0,27
12/15/2019,ASG,AR,ASW,CE,Federal Contract Tower,0,2,8,0,10,0,0,0,0,0,0,2,8,0,10,0,0,0,10
12/16/2019,ASG,AR,ASW,CE,Federal Contract Tower,0,0,4,0,4,0,0,0,0,0,0,0,4,0,4,0,0,0,4
12/17/2019,ASG,AR,ASW,CE,Federal Contract Tower,0,1,19,0,20,0,1,8,0,9,0,2,27,0,29,0,0,0,29
12/18/2019,ASG,AR,ASW,CE,Federal Contract Tower,0,3,25,0,28,0,0,43,0,43,0,3,68,0,71,110,0,110,181
12/19/2019,ASG,AR,ASW,CE,Federal Contract Tower,0,2,18,0,20,0,0,59,0,59,0,2,77,0,79,116,0,116,195
12/20/2019,ASG,AR,ASW,CE,Federal Contract Tower,0,3,15,0,18,0,0,35,0,35,0,3,50,0,53,28,0,28,81
12/21/2019,ASG,AR,ASW,CE,Federal Contract Tower,0,0,5,0,5,0,0,76,0,76,0,0,81,0,81,44,0,44,125
12/22/2019,ASG,AR,ASW,CE,Federal Contract Tower,0,0,20,0,20,0,0,46,0,46,0,0,66,0,66,22,0,22,88
12/23/2019,ASG,AR,ASW,CE,Federal Contract Tower,0,2,12,0,14,0,0,73,0,73,0,2,85,0,87,62,0,62,149
12/24/2019,ASG,AR,ASW,CE,Federal Contract Tower,0,0,6,0,6,0,0,18,0,18,0,0,24,0,24,30,0,30,54
12/25/2019,ASG,AR,ASW,CE,Federal Contract Tower,0,2,3,0,5,0,0,13,0,13,0,2,16,0,18,0,0,0,18
12/26/2019,ASG,AR,ASW,CE,Federal Contract Tower,0,8,14,0,22,0,0,16,0,16,0,8,30,0,38,24,0,24,62
12/27/2019,ASG,AR,ASW,CE,Federal Contract Tower,0,0,13,0,13,0,0,9,0,9,0,0,22,0,22,2,0,2,24
12/28/2019,ASG,AR,ASW,CE,Federal Contract Tower,0,3,4,0,7,0,0,0,0,0,0,3,4,0,7,0,0,0,7
12/29/2019,ASG,AR,ASW,CE,Federal Contract Tower,0,9,7,0,16,0,0,5,0,5,0,9,12,0,21,0,0,0,21
12/31/2019,ASG,AR,ASW,CE,Federal Contract Tower,0,2,24,0,26,0,2,40,0,42,0,4,64,0,68,62,0,62,130
01/01/2020,ASG,AR,ASW,CE,Federal Contract Tower,0,1,5,0,6,0,0,13,0,13,0,1,18,0,19,22,0,22,41
01/02/2020,ASG,AR,ASW,CE,Federal Contract Tower,0,0,7,0,7,0,0,21,0,21,0,0,28,0,28,52,0,52,80
01/03/2020,ASG,AR,ASW,CE,Federal Contract Tower,0,2,18,0,20,0,1,7,0,8,0,3,25,0,28,10,0,10,38
01/04/2020,ASG,AR,ASW,CE,Federal Contract Tower,0,1,11,0,12,0,0,36,0,36,0,1,47,0,48,48,0,48,96
01/05/2020,ASG,AR,ASW,CE,Federal Contract Tower,0,0,10,0,10,0,0,43,0,43,0,0,53,0,53,64,0,64,117
01/06/2020,ASG,AR,ASW,CE,Federal Contract Tower,0,0,13,0,13,0,0,34,0,34,0,0,47,0,47,34,0,34,81
01/07/2020,ASG,AR,ASW,CE,Federal Contract Tower,0,2,17,0,19,0,0,41,0,41,0,2,58,0,60,32,0,32,92
01/08/2020,ASG,AR,ASW,CE,Federal Contract Tower,0,0,16,0,16,0,0,21,0,21,0,0,37,0,37,54,0,54,91
01/09/2020,ASG,AR,ASW,CE,Federal Contract Tower,0,1,20,0,21,0,0,3,0,3,0,1,23,0,24,0,0,0,24
01/10/2020,ASG,AR,ASW,CE,Federal Contract Tower,0,1,4,0,5,0,0,2,0,2,0,1,6,0,7,14,0,14,21
01/11/2020,ASG,AR,ASW,CE,Federal Contract Tower,0,2,2,0,4,0,0,0,0,0,0,2,2,0,4,0,0,0,4
01/12/2020,ASG,AR,ASW,CE,Federal Contract Tower,0,4,11,0,15,0,0,8,0,8,0,4,19,0,23,2,0,2,25
01/13/2020,ASG,AR,ASW,CE,Federal Contract Tower,0,0,13,0,13,0,0,42,0,42,0,0,55,0,55,68,0,68,123
01/14/2020,ASG,AR,ASW,CE,Federal Contract Tower,0,0,10,0,10,0,0,9,0,9,0,0,19,0,19,24,0,24,43
01/15/2020,ASG,AR,ASW,CE,Federal Contract Tower,0,2,8,0,10,0,1,11,0,12,0,3,19,0,22,26,0,26,48
01/16/2020,ASG,AR,ASW,CE,Federal Contract Tower,0,6,17,0,23,0,0,20,0,20,0,6,37,0,43,30,0,30,73
01/17/2020,ASG,AR,ASW,CE,Federal Contract Tower,0,3,20,0,23,0,0,0,0,0,0,3,20,0,23,0,0,0,23
01/18/2020,ASG,AR,ASW,CE,Federal Contract Tower,0,0,23,0,23,0,0,13,0,13,0,0,36,0,36,16,0,16,52
01/19/2020,ASG,AR,ASW,CE,Federal Contract Tower,0,0,18,0,18,0,0,47,0,47,0,0,65,0,65,68,0,68,133
01/20/2020,ASG,AR,ASW,CE,Federal Contract Tower,0,0,15,0,15,0,0,61,0,61,0,0,76,0,76,64,0,64,140
01/21/2020,ASG,AR,ASW,CE,Federal Contract Tower,0,0,32,0,32,0,0,52,0,52,0,0,84,0,84,64,0,64,148
01/22/2020,ASG,AR,ASW,CE,Federal Contract Tower,0,4,8,0,12,0,0,1,0,1,0,4,9,0,13,0,0,0,13
01/23/2020,ASG,AR,ASW,CE,Federal Contract Tower,0,2,19,0,21,0,0,0,0,0,0,2,19,0,21,0,0,0,21
01/24/2020,ASG,AR,ASW,CE,Federal Contract Tower,0,2,11,0,13,0,0,3,0,3,0,2,14,0,16,0,0,0,16
01/25/2020,ASG,AR,ASW,CE,Federal Contract Tower,0,1,18,0,19,0,0,53,2,55,0,1,71,2,74,106,0,106,180
01/26/2020,ASG,AR,ASW,CE,Federal Contract Tower,0,2,11,0,13,0,0,30,0,30,0,2,41,0,43,112,0,112,155
01/27/2020,ASG,AR,ASW,CE,Federal Contract Tower,0,1,32,0,33,0,0,65,0,65,0,1,97,0,98,62,0,62,160
01/28/2020,ASG,AR,ASW,CE,Federal Contract Tower,0,4,15,0,19,0,0,6,0,6,0,4,21,0,25,40,0,40,65
01/29/2020,ASG,AR,ASW,CE,Federal Contract Tower,0,2,10,0,12,0,0,0,0,0,0,2,10,0,12,0,0,0,12
01/30/2020,ASG,AR,ASW,CE,Federal Contract Tower,0,2,24,0,26,0,0,0,0,0,0,2,24,0,26,0,0,0,26
01/31/2020,ASG,AR,ASW,CE,Federal Contract Tower,0,5,24,0,29,0,0,8,0,8,0,5,32,0,37,60,0,60,97
02/01/2020,ASG,AR,ASW,ES,Federal Contract Tower,0,0,11,0,11,0,0,59,0,59,0,0,70,0,70,72,0,72,142
02/02/2020,ASG,AR,ASW,ES,Federal Contract Tower,0,3,22,0,25,0,0,57,0,57,0,3,79,0,82,88,0,88,170
02/03/2020,ASG,AR,ASW,ES,Federal Contract Tower,0,2,14,0,16,0,0,16,0,16,0,2,30,0,32,0,0,0,32
02/04/2020,ASG,AR,ASW,ES,Federal Contract Tower,0,2,15,0,17,0,0,0,0,0,0,2,15,0,17,0,0,0,17
02/05/2020,ASG,AR,ASW,ES,Federal Contract Tower,0,0,0,0,0,0,0,0,0,0,0,0,0,0,0,0,0,0,0
02/06/2020,ASG,AR,ASW,ES,Federal Contract Tower,0,1,10,0,11,0,1,12,0,13,0,2,22,0,24,4,0,4,28
02/07/2020,ASG,AR,ASW,ES,Federal Contract Tower,0,0,30,0,30,0,0,65,0,65,0,0,95,0,95,76,0,76,171
02/08/2020,ASG,AR,ASW,ES,Federal Contract Tower,0,0,5,0,5,0,2,77,0,79,0,2,82,0,84,112,0,112,196
02/09/2020,ASG,AR,ASW,ES,Federal Contract Tower,0,1,8,0,9,0,0,3,0,3,0,1,11,0,12,4,0,4,16
02/10/2020,ASG,AR,ASW,ES,Federal Contract Tower,0,2,17,0,19,0,0,0,0,0,0,2,17,0,19,0,0,0,19
02/11/2020,ASG,AR,ASW,ES,Federal Contract Tower,0,0,18,0,18,0,1,32,0,33,0,1,50,0,51,96,0,96,147
02/12/2020,ASG,AR,ASW,ES,Federal Contract Tower,0,0,8,0,8,0,0,1,0,1,0,0,9,0,9,10,0,10,19
02/13/2020,ASG,AR,ASW,ES,Federal Contract Tower,0,0,18,0,18,0,0,42,0,42,0,0,60,0,60,50,0,50,110
02/14/2020,ASG,AR,ASW,ES,Federal Contract Tower,0,0,17,0,17,0,0,77,0,77,0,0,94,0,94,134,0,134,228
02/15/2020,ASG,AR,ASW,ES,Federal Contract Tower,0,2,13,0,15,0,0,38,0,38,0,2,51,0,53,28,0,28,81
02/16/2020,ASG,AR,ASW,ES,Federal Contract Tower,0,2,3,0,5,0,0,29,0,29,0,2,32,0,34,118,0,118,152
02/17/2020,ASG,AR,ASW,ES,Federal Contract Tower,0,2,12,0,14,0,0,18,0,18,0,2,30,0,32,92,0,92,124
02/18/2020,ASG,AR,ASW,ES,Federal Contract Tower,0,0,24,1,25,0,0,35,0,35,0,0,59,1,60,132,0,132,192
02/19/2020,ASG,AR,ASW,ES,Federal Contract Tower,0,2,18,0,20,0,0,53,0,53,0,2,71,0,73,32,0,32,105
02/20/2020,ASG,AR,ASW,ES,Federal Contract Tower,0,2,31,0,33,0,0,30,0,30,0,2,61,0,63,62,0,62,125
02/21/2020,ASG,AR,ASW,ES,Federal Contract Tower,0,3,22,0,25,0,0,61,0,61,0,3,83,0,86,68,0,68,154
02/22/2020,ASG,AR,ASW,ES,Federal Contract Tower,0,1,22,0,23,0,0,86,0,86,0,1,108,0,109,126,0,126,235
02/23/2020,ASG,AR,ASW,ES,Federal Contract Tower,0,0,7,0,7,0,0,7,0,7,0,0,14,0,14,40,0,40,54
02/24/2020,ASG,AR,ASW,ES,Federal Contract Tower,0,0,27,0,27,0,0,2,0,2,0,0,29,0,29,0,0,0,29
02/25/2020,ASG,AR,ASW,ES,Federal Contract Tower,0,1,20,0,21,0,0,5,0,5,0,1,25,0,26,16,0,16,42
02/26/2020,ASG,AR,ASW,ES,Federal Contract Tower,0,0,18,0,18,0,0,21,0,21,0,0,39,0,39,16,0,16,55
02/27/2020,ASG,AR,ASW,ES,Federal Contract Tower,0,1,25,0,26,0,0,50,0,50,0,1,75,0,76,52,0,52,128
02/28/2020,ASG,AR,ASW,ES,Federal Contract Tower,0,1,12,0,13,0,0,32,0,32,0,1,44,0,45,2,0,2,47
02/29/2020,ASG,AR,ASW,ES,Federal Contract Tower,0,0,14,0,14,0,0,71,0,71,0,0,85,0,85,58,0,58,143
03/01/2020,ASG,AR,ASW,ES,Federal Contract Tower,0,1,14,0,15,0,0,2,0,2,0,1,16,0,17,0,0,0,17
03/02/2020,ASG,AR,ASW,ES,Federal Contract Tower,0,0,10,0,10,0,0,22,0,22,0,0,32,0,32,66,0,66,98
03/03/2020,ASG,AR,ASW,ES,Federal Contract Tower,0,0,14,0,14,0,0,75,0,75,0,0,89,0,89,64,0,64,153
03/04/2020,ASG,AR,ASW,ES,Federal Contract Tower,0,0,21,0,21,0,0,58,0,58,0,0,79,0,79,88,0,88,167
03/05/2020,ASG,AR,ASW,ES,Federal Contract Tower,0,0,22,0,22,0,0,47,0,47,0,0,69,0,69,16,0,16,85
03/06/2020,ASG,AR,ASW,ES,Federal Contract Tower,0,2,27,0,29,0,0,75,0,75,0,2,102,0,104,102,0,102,206
03/07/2020,ASG,AR,ASW,ES,Federal Contract Tower,0,3,8,0,11,0,0,45,0,45,0,3,53,0,56,56,0,56,112
03/08/2020,ASG,AR,ASW,ES,Federal Contract Tower,0,0,9,0,9,0,0,29,0,29,0,0,38,0,38,40,0,40,78
03/09/2020,ASG,AR,ASW,ES,Federal Contract Tower,0,0,26,0,26,0,0,0,0,0,0,0,26,0,26,0,0,0,26
03/10/2020,ASG,AR,ASW,ES,Federal Contract Tower,0,0,29,0,29,0,0,51,0,51,0,0,80,0,80,114,0,114,194
03/11/2020,ASG,AR,ASW,ES,Federal Contract Tower,0,3,17,0,20,0,0,40,0,40,0,3,57,0,60,82,0,82,142
03/12/2020,ASG,AR,ASW,ES,Federal Contract Tower,0,3,18,0,21,0,0,10,0,10,0,3,28,0,31,0,0,0,31
03/13/2020,ASG,AR,ASW,ES,Federal Contract Tower,0,1,11,0,12,0,0,3,0,3,0,1,14,0,15,0,0,0,15
03/14/2020,ASG,AR,ASW,ES,Federal Contract Tower,0,0,4,0,4,0,0,0,0,0,0,0,4,0,4,0,0,0,4
03/15/2020,ASG,AR,ASW,ES,Federal Contract Tower,0,2,11,0,13,0,0,0,0,0,0,2,11,0,13,0,0,0,13
03/16/2020,ASG,AR,ASW,ES,Federal Contract Tower,0,0,16,0,16,0,0,0,0,0,0,0,16,0,16,0,0,0,16
03/17/2020,ASG,AR,ASW,ES,Federal Contract Tower,0,0,20,0,20,0,0,13,0,13,0,0,33,0,33,12,0,12,45
03/18/2020,ASG,AR,ASW,ES,Federal Contract Tower,0,0,8,0,8,0,0,9,0,9,0,0,17,0,17,0,0,0,17
03/19/2020,ASG,AR,ASW,ES,Federal Contract Tower,0,0,2,0,2,0,0,0,0,0,0,0,2,0,2,0,0,0,2
03/20/2020,ASG,AR,ASW,ES,Federal Contract Tower,0,0,7,0,7,0,0,5,0,5,0,0,12,0,12,6,0,6,18
03/21/2020,ASG,AR,ASW,ES,Federal Contract Tower,0,0,5,0,5,0,0,49,0,49,0,0,54,0,54,88,0,88,142
03/22/2020,ASG,AR,ASW,ES,Federal Contract Tower,0,0,10,0,10,0,0,0,0,0,0,0,10,0,10,40,0,40,50
03/23/2020,ASG,AR,ASW,ES,Federal Contract Tower,0,0,11,0,11,0,0,31,0,31,0,0,42,0,42,84,0,84,126
03/24/2020,ASG,AR,ASW,ES,Federal Contract Tower,0,0,4,0,4,0,0,19,0,19,0,0,23,0,23,24,0,24,47
03/25/2020,ASG,AR,ASW,ES,Federal Contract Tower,0,1,4,0,5,0,1,55,0,56,0,2,59,0,61,138,0,138,199
03/26/2020,ASG,AR,ASW,ES,Federal Contract Tower,0,0,9,0,9,0,0,32,0,32,0,0,41,0,41,24,0,24,65
03/27/2020,ASG,AR,ASW,ES,Federal Contract Tower,0,0,9,0,9,0,0,18,0,18,0,0,27,0,27,46,0,46,73
03/28/2020,ASG,AR,ASW,ES,Federal Contract Tower,0,0,2,0,2,0,0,0,0,0,0,0,2,0,2,0,0,0,2
03/29/2020,ASG,AR,ASW,ES,Federal Contract Tower,0,0,10,0,10,0,0,50,0,50,0,0,60,0,60,84,0,84,144
03/30/2020,ASG,AR,ASW,ES,Federal Contract Tower,0,0,5,0,5,0,0,13,0,13,0,0,18,0,18,24,0,24,42
03/31/2020,ASG,AR,ASW,ES,Federal Contract Tower,0,0,9,0,9,0,0,39,0,39,0,0,48,0,48,26,0,26,74
04/01/2020,ASG,AR,ASW,ES,Federal Contract Tower,0,0,2,0,2,0,0,61,0,61,0,0,63,0,63,86,0,86,149
04/02/2020,ASG,AR,ASW,ES,Federal Contract Tower,0,0,8,0,8,0,0,20,0,20,0,0,28,0,28,10,0,10,38
04/03/2020,ASG,AR,ASW,ES,Federal Contract Tower,0,0,10,0,10,0,0,0,0,0,0,0,10,0,10,0,0,0,10
04/04/2020,ASG,AR,ASW,ES,Federal Contract Tower,0,0,2,0,2,0,0,2,0,2,0,0,4,0,4,8,0,8,12
04/05/2020,ASG,AR,ASW,ES,Federal Contract Tower,0,0,0,0,0,0,0,0,0,0,0,0,0,0,0,34,0,34,34
04/06/2020,ASG,AR,ASW,ES,Federal Contract Tower,0,1,20,0,21,0,0,23,0,23,0,1,43,0,44,22,0,22,66
04/07/2020,ASG,AR,ASW,ES,Federal Contract Tower,0,0,12,0,12,0,0,77,0,77,0,0,89,0,89,86,0,86,175
04/08/2020,ASG,AR,ASW,ES,Federal Contract Tower,0,0,8,0,8,0,0,74,0,74,0,0,82,0,82,90,0,90,172
04/09/2020,ASG,AR,ASW,ES,Federal Contract Tower,0,0,10,0,10,0,0,41,5,46,0,0,51,5,56,74,0,74,130
04/10/2020,ASG,AR,ASW,ES,Federal Contract Tower,0,0,6,0,6,0,0,67,0,67,0,0,73,0,73,100,0,100,173
04/11/2020,ASG,AR,ASW,ES,Federal Contract Tower,0,0,7,0,7,0,0,12,0,12,0,0,19,0,19,24,0,24,43
04/12/2020,ASG,AR,ASW,ES,Federal Contract Tower,0,0,0,0,0,0,0,2,0,2,0,0,2,0,2,0,0,0,2
04/13/2020,ASG,AR,ASW,ES,Federal Contract Tower,0,0,6,0,6,0,0,28,0,28,0,0,34,0,34,40,0,40,74
04/14/2020,ASG,AR,ASW,ES,Federal Contract Tower,0,0,5,0,5,0,0,29,0,29,0,0,34,0,34,90,0,90,124
04/15/2020,ASG,AR,ASW,ES,Federal Contract Tower,0,0,8,0,8,0,0,51,0,51,0,0,59,0,59,108,0,108,167
04/16/2020,ASG,AR,ASW,ES,Federal Contract Tower,0,0,10,0,10,0,0,30,0,30,0,0,40,0,40,16,0,16,56
04/17/2020,ASG,AR,ASW,ES,Federal Contract Tower,0,0,3,0,3,0,0,4,0,4,0,0,7,0,7,18,0,18,25
04/18/2020,ASG,AR,ASW,ES,Federal Contract Tower,0,0,21,0,21,0,0,70,0,70,0,0,91,0,91,68,0,68,159
04/19/2020,ASG,AR,ASW,ES,Federal Contract Tower,0,0,1,0,1,0,0,1,0,1,0,0,2,0,2,12,0,12,14
04/20/2020,ASG,AR,ASW,ES,Federal Contract Tower,0,0,4,0,4,0,0,34,0,34,0,0,38,0,38,16,0,16,54
04/21/2020,ASG,AR,ASW,ES,Federal Contract Tower,0,0,17,0,17,0,0,70,0,70,0,0,87,0,87,82,0,82,169
04/22/2020,ASG,AR,ASW,ES,Federal Contract Tower,0,0,2,0,2,0,0,0,0,0,0,0,2,0,2,0,0,0,2
04/23/2020,ASG,AR,ASW,ES,Federal Contract Tower,0,2,15,0,17,0,0,13,0,13,0,2,28,0,30,28,0,28,58
04/24/2020,ASG,AR,ASW,ES,Federal Contract Tower,0,0,8,0,8,0,0,19,0,19,0,0,27,0,27,12,0,12,39
04/25/2020,ASG,AR,ASW,ES,Federal Contract Tower,0,0,3,0,3,0,0,4,0,4,0,0,7,0,7,0,0,0,7
04/26/2020,ASG,AR,ASW,ES,Federal Contract Tower,0,0,2,0,2,0,0,59,0,59,0,0,61,0,61,66,0,66,127
04/27/2020,ASG,AR,ASW,ES,Federal Contract Tower,0,0,5,0,5,0,0,17,0,17,0,0,22,0,22,20,0,20,42
04/28/2020,ASG,AR,ASW,ES,Federal Contract Tower,0,0,7,0,7,0,0,10,0,10,0,0,17,0,17,2,0,2,19
04/29/2020,ASG,AR,ASW,ES,Federal Contract Tower,0,0,5,0,5,0,0,13,0,13,0,0,18,0,18,10,0,10,28
04/30/2020,ASG,AR,ASW,ES,Federal Contract Tower,0,0,22,0,22,0,0,58,0,58,0,0,80,0,80,66,0,66,146
05/01/2020,ASG,AR,ASW,ES,Federal Contract Tower,0,0,9,0,9,0,0,26,0,26,0,0,35,0,35,16,0,16,51
05/02/2020,ASG,AR,ASW,ES,Federal Contract Tower,0,0,9,0,9,0,0,56,0,56,0,0,65,0,65,88,0,88,153
05/03/2020,ASG,AR,ASW,ES,Federal Contract Tower,0,1,11,0,12,0,0,5,0,5,0,1,16,0,17,4,0,4,21
05/04/2020,ASG,AR,ASW,ES,Federal Contract Tower,0,3,7,0,10,0,0,3,0,3,0,3,10,0,13,12,0,12,25
05/05/2020,ASG,AR,ASW,ES,Federal Contract Tower,0,0,6,0,6,0,0,37,0,37,0,0,43,0,43,54,0,54,97
05/06/2020,ASG,AR,ASW,ES,Federal Contract Tower,0,0,13,0,13,0,0,59,0,59,0,0,72,0,72,80,0,80,152
05/07/2020,ASG,AR,ASW,ES,Federal Contract Tower,0,4,9,0,13,0,0,35,0,35,0,4,44,0,48,52,0,52,100
05/08/2020,ASG,AR,ASW,ES,Federal Contract Tower,0,0,11,0,11,0,0,9,0,9,0,0,20,0,20,0,0,0,20
05/09/2020,ASG,AR,ASW,ES,Federal Contract Tower,0,0,11,0,11,0,0,51,0,51,0,0,62,0,62,84,0,84,146
05/10/2020,ASG,AR,ASW,ES,Federal Contract Tower,0,0,3,0,3,0,0,25,0,25,0,0,28,0,28,38,0,38,66
05/11/2020,ASG,AR,ASW,ES,Federal Contract Tower,0,0,13,0,13,0,0,33,0,33,0,0,46,0,46,28,0,28,74
05/12/2020,ASG,AR,ASW,ES,Federal Contract Tower,0,0,8,0,8,0,0,0,0,0,0,0,8,0,8,0,0,0,8
05/13/2020,ASG,AR,ASW,ES,Federal Contract Tower,0,0,23,0,23,0,0,14,0,14,0,0,37,0,37,24,0,24,61
05/14/2020,ASG,AR,ASW,ES,Federal Contract Tower,0,2,25,0,27,0,0,20,0,20,0,2,45,0,47,14,0,14,61
05/15/2020,ASG,AR,ASW,ES,Federal Contract Tower,0,0,2,0,2,0,0,1,0,1,0,0,3,0,3,0,0,0,3
05/16/2020,ASG,AR,ASW,ES,Federal Contract Tower,0,0,0,0,0,0,0,18,0,18,0,0,18,0,18,88,0,88,106
05/17/2020,ASG,AR,ASW,ES,Federal Contract Tower,0,0,7,0,7,0,0,19,0,19,0,0,26,0,26,16,0,16,42
05/18/2020,ASG,AR,ASW,ES,Federal Contract Tower,0,0,13,0,13,0,2,49,0,51,0,2,62,0,64,88,0,88,152
05/19/2020,ASG,AR,ASW,ES,Federal Contract Tower,0,0,22,0,22,0,0,60,0,60,0,0,82,0,82,74,0,74,156
05/20/2020,ASG,AR,ASW,ES,Federal Contract Tower,0,0,13,0,13,0,0,39,0,39,0,0,52,0,52,54,0,54,106
05/21/2020,ASG,AR,ASW,ES,Federal Contract Tower,0,2,23,0,25,0,0,48,0,48,0,2,71,0,73,92,0,92,165
05/22/2020,ASG,AR,ASW,ES,Federal Contract Tower,0,0,9,0,9,0,0,11,0,11,0,0,20,0,20,48,0,48,68
05/23/2020,ASG,AR,ASW,ES,Federal Contract Tower,0,0,10,0,10,0,0,35,0,35,0,0,45,0,45,74,0,74,119
05/24/2020,ASG,AR,ASW,ES,Federal Contract Tower,0,0,4,0,4,0,0,18,0,18,0,0,22,0,22,48,0,48,70
05/25/2020,ASG,AR,ASW,ES,Federal Contract Tower,0,0,1,0,1,0,0,8,0,8,0,0,9,0,9,26,0,26,35
05/26/2020,ASG,AR,ASW,ES,Federal Contract Tower,0,0,23,0,23,0,0,12,0,12,0,0,35,0,35,22,0,22,57
05/27/2020,ASG,AR,ASW,ES,Federal Contract Tower,0,0,18,0,18,0,0,5,0,5,0,0,23,0,23,8,0,8,31
05/28/2020,ASG,AR,ASW,ES,Federal Contract Tower,0,3,12,0,15,0,0,5,0,5,0,3,17,0,20,24,0,24,44
05/29/2020,ASG,AR,ASW,ES,Federal Contract Tower,0,1,13,0,14,0,0,61,0,61,0,1,74,0,75,46,0,46,121
05/30/2020,ASG,AR,ASW,ES,Federal Contract Tower,0,1,4,0,5,0,0,39,0,39,0,1,43,0,44,48,0,48,92
05/31/2020,ASG,AR,ASW,ES,Federal Contract Tower,0,1,16,0,17,0,0,42,0,42,0,1,58,0,59,16,0,16,75
06/01/2020,ASG,AR,ASW,ES,Federal Contract Tower,0,0,12,0,12,0,0,76,0,76,0,0,88,0,88,86,0,86,174
06/02/2020,ASG,AR,ASW,ES,Federal Contract Tower,0,0,17,0,17,0,0,52,0,52,0,0,69,0,69,68,0,68,137
06/03/2020,ASG,AR,ASW,ES,Federal Contract Tower,0,0,18,0,18,0,0,33,0,33,0,0,51,0,51,54,0,54,105
06/04/2020,ASG,AR,ASW,ES,Federal Contract Tower,0,1,24,0,25,0,0,25,0,25,0,1,49,0,50,56,0,56,106
06/05/2020,ASG,AR,ASW,ES,Federal Contract Tower,0,1,25,0,26,0,0,50,0,50,0,1,75,0,76,50,0,50,126
06/06/2020,ASG,AR,ASW,ES,Federal Contract Tower,0,0,13,0,13,0,0,76,0,76,0,0,89,0,89,164,0,164,253
06/07/2020,ASG,AR,ASW,ES,Federal Contract Tower,0,1,7,0,8,0,0,31,0,31,0,1,38,0,39,28,0,28,67
06/08/2020,ASG,AR,ASW,ES,Federal Contract Tower,0,0,17,0,17,0,0,35,0,35,0,0,52,0,52,38,0,38,90
06/09/2020,ASG,AR,ASW,ES,Federal Contract Tower,0,0,14,0,14,0,0,13,0,13,0,0,27,0,27,0,0,0,27
06/10/2020,ASG,AR,ASW,ES,Federal Contract Tower,0,1,17,0,18,0,0,17,0,17,0,1,34,0,35,2,0,2,37
06/11/2020,ASG,AR,ASW,ES,Federal Contract Tower,0,2,15,0,17,0,1,61,0,62,0,3,76,0,79,88,0,88,167
06/12/2020,ASG,AR,ASW,ES,Federal Contract Tower,0,0,12,0,12,0,0,53,0,53,0,0,65,0,65,36,0,36,101
06/13/2020,ASG,AR,ASW,ES,Federal Contract Tower,0,0,4,0,4,0,0,44,0,44,0,0,48,0,48,94,0,94,142
06/14/2020,ASG,AR,ASW,ES,Federal Contract Tower,0,0,10,0,10,0,0,52,0,52,0,0,62,0,62,80,0,80,142
06/15/2020,ASG,AR,ASW,ES,Federal Contract Tower,0,1,12,0,13,0,0,59,0,59,0,1,71,0,72,66,0,66,138
06/16/2020,ASG,AR,ASW,ES,Federal Contract Tower,0,6,16,0,22,0,0,29,0,29,0,6,45,0,51,54,0,54,105
06/17/2020,ASG,AR,ASW,ES,Federal Contract Tower,0,4,14,0,18,0,0,52,0,52,0,4,66,0,70,80,0,80,150
06/18/2020,ASG,AR,ASW,ES,Federal Contract Tower,0,2,9,0,11,0,0,42,0,42,0,2,51,0,53,52,0,52,105
06/19/2020,ASG,AR,ASW,ES,Federal Contract Tower,0,3,25,0,28,0,0,27,0,27,0,3,52,0,55,38,0,38,93
06/20/2020,ASG,AR,ASW,ES,Federal Contract Tower,0,1,16,0,17,0,0,26,0,26,0,1,42,0,43,22,0,22,65
06/21/2020,ASG,AR,ASW,ES,Federal Contract Tower,0,0,5,0,5,0,0,20,0,20,0,0,25,0,25,6,0,6,31
06/22/2020,ASG,AR,ASW,ES,Federal Contract Tower,0,0,25,0,25,0,1,50,0,51,0,1,75,0,76,42,0,42,118
06/23/2020,ASG,AR,ASW,ES,Federal Contract Tower,0,0,13,0,13,0,0,44,0,44,0,0,57,0,57,44,0,44,101
06/24/2020,ASG,AR,ASW,ES,Federal Contract Tower,0,2,20,0,22,0,1,45,0,46,0,3,65,0,68,48,0,48,116
06/25/2020,ASG,AR,ASW,ES,Federal Contract Tower,0,0,28,0,28,0,0,37,0,37,0,0,65,0,65,70,0,70,135
06/26/2020,ASG,AR,ASW,ES,Federal Contract Tower,0,5,19,0,24,0,0,15,0,15,0,5,34,0,39,40,0,40,79
06/27/2020,ASG,AR,ASW,ES,Federal Contract Tower,0,3,13,0,16,0,0,4,0,4,0,3,17,0,20,10,0,10,30
06/28/2020,ASG,AR,ASW,ES,Federal Contract Tower,0,0,10,0,10,0,0,16,0,16,0,0,26,0,26,12,0,12,38
06/29/2020,ASG,AR,ASW,ES,Federal Contract Tower,0,0,18,0,18,0,0,32,0,32,0,0,50,0,50,10,0,10,60
06/30/2020,ASG,AR,ASW,ES,Federal Contract Tower,0,8,25,0,33,0,0,19,0,19,0,8,44,0,52,30,0,30,82
07/01/2020,ASG,AR,ASW,ES,Federal Contract Tower,0,0,15,0,15,0,2,32,0,34,0,2,47,0,49,64,0,64,113
07/02/2020,ASG,AR,ASW,ES,Federal Contract Tower,0,1,22,0,23,0,0,38,0,38,0,1,60,0,61,80,0,80,141
07/03/2020,ASG,AR,ASW,ES,Federal Contract Tower,0,2,9,0,11,0,0,40,0,40,0,2,49,0,51,30,0,30,81
07/04/2020,ASG,AR,ASW,ES,Federal Contract Tower,0,0,5,0,5,0,0,3,0,3,0,0,8,0,8,0,0,0,8
07/05/2020,ASG,AR,ASW,ES,Federal Contract Tower,0,3,11,0,14,0,0,18,0,18,0,3,29,0,32,18,0,18,50
07/06/2020,ASG,AR,ASW,ES,Federal Contract Tower,0,3,12,0,15,0,0,17,0,17,0,3,29,0,32,20,0,20,52
07/07/2020,ASG,AR,ASW,ES,Federal Contract Tower,0,0,10,0,10,0,1,41,0,42,0,1,51,0,52,22,0,22,74
07/08/2020,ASG,AR,ASW,ES,Federal Contract Tower,0,0,24,0,24,0,1,54,0,55,0,1,78,0,79,162,0,162,241
07/09/2020,ASG,AR,ASW,ES,Federal Contract Tower,0,0,7,0,7,0,0,12,0,12,0,0,19,0,19,16,0,16,35
07/10/2020,ASG,AR,ASW,ES,Federal Contract Tower,0,2,12,0,14,0,0,59,0,59,0,2,71,0,73,72,0,72,145
07/11/2020,ASG,AR,ASW,ES,Federal Contract Tower,0,0,11,0,11,0,0,36,0,36,0,0,47,0,47,88,0,88,135
07/12/2020,ASG,AR,ASW,ES,Federal Contract Tower,0,0,2,0,2,0,0,39,0,39,0,0,41,0,41,44,0,44,85
07/13/2020,ASG,AR,ASW,ES,Federal Contract Tower,0,0,5,0,5,0,0,32,0,32,0,0,37,0,37,56,0,56,93
07/14/2020,ASG,AR,ASW,ES,Federal Contract Tower,0,0,22,0,22,0,0,44,0,44,0,0,66,0,66,42,0,42,108
07/15/2020,ASG,AR,ASW,ES,Federal Contract Tower,0,3,18,0,21,0,0,42,0,42,0,3,60,0,63,50,0,50,113
07/16/2020,ASG,AR,ASW,ES,Federal Contract Tower,0,0,15,0,15,0,0,60,0,60,0,0,75,0,75,78,0,78,153
07/17/2020,ASG,AR,ASW,ES,Federal Contract Tower,0,2,16,0,18,0,0,37,0,37,0,2,53,0,55,38,0,38,93
07/18/2020,ASG,AR,ASW,ES,Federal Contract Tower,0,0,7,0,7,0,0,24,0,24,0,0,31,0,31,40,0,40,71
07/19/2020,ASG,AR,ASW,ES,Federal Contract Tower,0,1,11,0,12,0,0,38,0,38,0,1,49,0,50,26,0,26,76
07/20/2020,ASG,AR,ASW,ES,Federal Contract Tower,0,4,23,0,27,0,0,49,0,49,0,4,72,0,76,112,0,112,188
07/21/2020,ASG,AR,ASW,ES,Federal Contract Tower,0,0,27,0,27,0,0,52,0,52,0,0,79,0,79,132,0,132,211
07/22/2020,ASG,AR,ASW,ES,Federal Contract Tower,0,0,18,0,18,0,0,48,0,48,0,0,66,0,66,88,0,88,154
07/23/2020,ASG,AR,ASW,ES,Federal Contract Tower,0,2,24,0,26,0,0,66,0,66,0,2,90,0,92,142,0,142,234
07/24/2020,ASG,AR,ASW,ES,Federal Contract Tower,0,0,20,0,20,0,0,43,0,43,0,0,63,0,63,64,0,64,127
07/25/2020,ASG,AR,ASW,ES,Federal Contract Tower,0,0,10,0,10,0,0,40,0,40,0,0,50,0,50,70,0,70,120
07/26/2020,ASG,AR,ASW,ES,Federal Contract Tower,0,0,11,0,11,0,0,17,0,17,0,0,28,0,28,18,0,18,46
07/27/2020,ASG,AR,ASW,ES,Federal Contract Tower,0,0,15,0,15,0,0,29,0,29,0,0,44,0,44,32,0,32,76
07/28/2020,ASG,AR,ASW,ES,Federal Contract Tower,0,0,19,0,19,0,0,11,0,11,0,0,30,0,30,26,0,26,56
07/29/2020,ASG,AR,ASW,ES,Federal Contract Tower,0,2,4,0,6,0,0,5,0,5,0,2,9,0,11,0,0,0,11
07/30/2020,ASG,AR,ASW,ES,Federal Contract Tower,0,0,11,0,11,0,0,30,0,30,0,0,41,0,41,44,0,44,85
07/31/2020,ASG,AR,ASW,ES,Federal Contract Tower,0,0,20,0,20,0,0,0,0,0,0,0,20,0,20,0,0,0,20
08/01/2020,ASG,AR,ASW,ES,Federal Contract Tower,0,4,15,0,19,0,0,47,0,47,0,4,62,0,66,112,0,112,178
08/02/2020,ASG,AR,ASW,ES,Federal Contract Tower,0,3,14,0,17,0,0,28,0,28,0,3,42,0,45,40,0,40,85
08/03/2020,ASG,AR,ASW,ES,Federal Contract Tower,0,0,13,0,13,0,0,60,0,60,0,0,73,0,73,68,0,68,141
08/04/2020,ASG,AR,ASW,ES,Federal Contract Tower,0,0,16,0,16,0,0,74,0,74,0,0,90,0,90,110,0,110,200
08/05/2020,ASG,AR,ASW,ES,Federal Contract Tower,0,0,13,0,13,0,0,45,0,45,0,0,58,0,58,76,0,76,134
08/06/2020,ASG,AR,ASW,ES,Federal Contract Tower,0,2,32,0,34,0,0,24,0,24,0,2,56,0,58,54,0,54,112
08/07/2020,ASG,AR,ASW,ES,Federal Contract Tower,0,1,13,0,14,0,0,11,0,11,0,1,24,0,25,6,0,6,31
08/09/2020,ASG,AR,ASW,ES,Federal Contract Tower,0,0,7,0,7,0,0,40,0,40,0,0,47,0,47,52,0,52,99
08/11/2020,ASG,AR,ASW,ES,Federal Contract Tower,0,2,7,0,9,0,0,5,0,5,0,2,12,0,14,0,0,0,14
08/12/2020,ASG,AR,ASW,ES,Federal Contract Tower,0,0,25,0,25,0,0,52,0,52,0,0,77,0,77,114,0,114,191
08/13/2020,ASG,AR,ASW,ES,Federal Contract Tower,0,0,18,0,18,0,0,46,0,46,0,0,64,0,64,76,0,76,140
08/14/2020,ASG,AR,ASW,ES,Federal Contract Tower,0,0,11,0,11,0,0,28,0,28,0,0,39,0,39,84,0,84,123
08/15/2020,ASG,AR,ASW,ES,Federal Contract Tower,0,0,10,0,10,0,0,34,0,34,0,0,44,0,44,32,0,32,76
08/16/2020,ASG,AR,ASW,ES,Federal Contract Tower,0,4,11,0,15,0,0,32,0,32,0,4,43,0,47,28,0,28,75
08/17/2020,ASG,AR,ASW,ES,Federal Contract Tower,0,3,19,0,22,0,4,34,0,38,0,7,53,0,60,58,0,58,118
08/18/2020,ASG,AR,ASW,ES,Federal Contract Tower,0,0,16,0,16,0,0,49,0,49,0,0,65,0,65,60,0,60,125
08/19/2020,ASG,AR,ASW,ES,Federal Contract Tower,0,0,16,0,16,0,0,37,0,37,0,0,53,0,53,54,0,54,107
08/20/2020,ASG,AR,ASW,ES,Federal Contract Tower,0,2,20,0,22,0,0,61,0,61,0,2,81,0,83,52,0,52,135
08/22/2020,ASG,AR,ASW,ES,Federal Contract Tower,0,2,10,0,12,0,0,39,0,39,0,2,49,0,51,28,0,28,79
08/23/2020,ASG,AR,ASW,ES,Federal Contract Tower,0,1,13,0,14,0,0,36,0,36,0,1,49,0,50,30,0,30,80
08/24/2020,ASG,AR,ASW,ES,Federal Contract Tower,0,2,5,0,7,0,0,34,0,34,0,2,39,0,41,20,0,20,61
08/25/2020,ASG,AR,ASW,ES,Federal Contract Tower,0,2,20,0,22,0,0,37,0,37,0,2,57,0,59,36,0,36,95
08/26/2020,ASG,AR,ASW,ES,Federal Contract Tower,0,1,19,0,20,0,0,22,0,22,0,1,41,0,42,24,0,24,66
08/27/2020,ASG,AR,ASW,ES,Federal Contract Tower,0,0,8,0,8,0,0,5,0,5,0,0,13,0,13,0,0,0,13
08/28/2020,ASG,AR,ASW,ES,Federal Contract Tower,0,0,7,0,7,0,0,11,0,11,0,0,18,0,18,0,0,0,18
08/29/2020,ASG,AR,ASW,ES,Federal Contract Tower,0,0,4,0,4,0,0,16,0,16,0,0,20,0,20,20,0,20,40
08/30/2020,ASG,AR,ASW,ES,Federal Contract Tower,0,0,8,0,8,0,0,5,0,5,0,0,13,0,13,12,0,12,25
08/31/2020,ASG,AR,ASW,ES,Federal Contract Tower,0,0,10,0,10,0,0,17,0,17,0,0,27,0,27,12,0,12,39
09/01/2020,ASG,AR,ASW,ES,Federal Contract Tower,0,0,3,0,3,0,0,9,0,9,0,0,12,0,12,16,0,16,28
09/02/2020,ASG,AR,ASW,ES,Federal Contract Tower,0,2,21,0,23,0,0,3,0,3,0,2,24,0,26,4,0,4,30
09/03/2020,ASG,AR,ASW,ES,Federal Contract Tower,0,2,39,0,41,0,0,31,0,31,0,2,70,0,72,62,0,62,134
09/04/2020,ASG,AR,ASW,ES,Federal Contract Tower,0,0,28,0,28,0,0,28,0,28,0,0,56,0,56,30,0,30,86
09/05/2020,ASG,AR,ASW,ES,Federal Contract Tower,0,2,11,0,13,0,0,62,0,62,0,2,73,0,75,58,0,58,133
09/06/2020,ASG,AR,ASW,ES,Federal Contract Tower,0,1,9,0,10,0,0,26,0,26,0,1,35,0,36,30,0,30,66
09/07/2020,ASG,AR,ASW,ES,Federal Contract Tower,0,2,17,0,19,0,0,54,0,54,0,2,71,0,73,38,0,38,111
09/08/2020,ASG,AR,ASW,ES,Federal Contract Tower,0,2,23,0,25,0,0,36,0,36,0,2,59,0,61,64,0,64,125
09/09/2020,ASG,AR,ASW,ES,Federal Contract Tower,0,3,25,0,28,0,0,39,0,39,0,3,64,0,67,24,0,24,91
09/10/2020,ASG,AR,ASW,ES,Federal Contract Tower,0,0,20,0,20,0,0,3,0,3,0,0,23,0,23,6,0,6,29
09/11/2020,ASG,AR,ASW,ES,Federal Contract Tower,0,2,15,0,17,0,0,8,0,8,0,2,23,0,25,56,0,56,81
09/12/2020,ASG,AR,ASW,ES,Federal Contract Tower,0,0,18,0,18,0,0,17,0,17,0,0,35,0,35,20,0,20,55
09/13/2020,ASG,AR,ASW,ES,Federal Contract Tower,0,0,7,0,7,0,0,27,0,27,0,0,34,0,34,54,0,54,88
09/14/2020,ASG,AR,ASW,ES,Federal Contract Tower,0,5,14,0,19,0,0,51,0,51,0,5,65,0,70,60,0,60,130
09/15/2020,ASG,AR,ASW,ES,Federal Contract Tower,0,0,19,0,19,0,0,56,0,56,0,0,75,0,75,66,0,66,141
09/16/2020,ASG,AR,ASW,ES,Federal Contract Tower,0,1,24,0,25,0,0,31,0,31,0,1,55,0,56,42,0,42,98
09/17/2020,ASG,AR,ASW,ES,Federal Contract Tower,0,0,24,0,24,0,0,42,0,42,0,0,66,0,66,50,0,50,116
09/18/2020,ASG,AR,ASW,ES,Federal Contract Tower,0,3,17,0,20,0,0,44,0,44,0,3,61,0,64,146,0,146,210
09/19/2020,ASG,AR,ASW,ES,Federal Contract Tower,0,1,8,0,9,0,0,59,0,59,0,1,67,0,68,36,0,36,104
09/20/2020,ASG,AR,ASW,ES,Federal Contract Tower,0,5,26,0,31,0,0,40,0,40,0,5,66,0,71,118,0,118,189
09/21/2020,ASG,AR,ASW,ES,Federal Contract Tower,0,0,17,0,17,0,0,33,0,33,0,0,50,0,50,18,0,18,68
09/22/2020,ASG,AR,ASW,ES,Federal Contract Tower,0,0,8,0,8,0,0,2,0,2,0,0,10,0,10,0,0,0,10
09/23/2020,ASG,AR,ASW,ES,Federal Contract Tower,0,0,21,0,21,0,0,16,0,16,0,0,37,0,37,24,0,24,61
09/24/2020,ASG,AR,ASW,ES,Federal Contract Tower,0,6,14,0,20,0,0,40,0,40,0,6,54,0,60,128,0,128,188
09/25/2020,ASG,AR,ASW,ES,Federal Contract Tower,0,0,14,0,14,0,0,31,0,31,0,0,45,0,45,56,0,56,101
09/26/2020,ASG,AR,ASW,ES,Federal Contract Tower,0,0,19,0,19,0,0,38,0,38,0,0,57,0,57,38,0,38,95
09/27/2020,ASG,AR,ASW,ES,Federal Contract Tower,0,0,18,0,18,0,0,18,0,18,0,0,36,0,36,18,0,18,54
09/28/2020,ASG,AR,ASW,ES,Federal Contract Tower,0,0,14,0,14,0,0,27,0,27,0,0,41,0,41,26,0,26,67
09/29/2020,ASG,AR,ASW,ES,Federal Contract Tower,0,0,17,0,17,0,0,57,0,57,0,0,74,0,74,44,0,44,118
09/30/2020,ASG,AR,ASW,ES,Federal Contract Tower,0,0,16,0,16,0,0,42,0,42,0,0,58,0,58,62,0,62,120
10/01/2020,ASG,AR,ASW,ES,Federal Contract Tower,0,1,12,0,13,0,3,25,0,28,0,4,37,0,41,26,0,26,67
10/02/2020,ASG,AR,ASW,ES,Federal Contract Tower,0,4,13,0,17,0,1,38,0,39,0,5,51,0,56,66,0,66,122
10/03/2020,ASG,AR,ASW,ES,Federal Contract Tower,0,2,8,0,10,0,0,28,0,28,0,2,36,0,38,54,0,54,92
10/04/2020,ASG,AR,ASW,ES,Federal Contract Tower,0,1,13,0,14,0,0,45,0,45,0,1,58,0,59,28,0,28,87
10/05/2020,ASG,AR,ASW,ES,Federal Contract Tower,0,0,21,0,21,0,0,48,0,48,0,0,69,0,69,70,0,70,139
10/06/2020,ASG,AR,ASW,ES,Federal Contract Tower,0,0,9,0,9,0,0,28,0,28,0,0,37,0,37,18,0,18,55
10/07/2020,ASG,AR,ASW,ES,Federal Contract Tower,0,0,19,0,19,0,0,51,0,51,0,0,70,0,70,26,0,26,96
10/08/2020,ASG,AR,ASW,ES,Federal Contract Tower,0,0,21,0,21,0,0,51,0,51,0,0,72,0,72,70,0,70,142
10/09/2020,ASG,AR,ASW,ES,Federal Contract Tower,0,0,26,0,26,0,0,39,0,39,0,0,65,0,65,18,0,18,83
10/10/2020,ASG,AR,ASW,ES,Federal Contract Tower,0,3,10,0,13,0,0,34,0,34,0,3,44,0,47,54,0,54,101
10/11/2020,ASG,AR,ASW,ES,Federal Contract Tower,0,1,16,0,17,0,0,30,0,30,0,1,46,0,47,50,0,50,97
10/12/2020,ASG,AR,ASW,ES,Federal Contract Tower,0,1,16,0,17,0,0,33,0,33,0,1,49,0,50,46,0,46,96
10/13/2020,ASG,AR,ASW,ES,Federal Contract Tower,0,0,14,0,14,0,0,52,0,52,0,0,66,0,66,74,0,74,140
10/14/2020,ASG,AR,ASW,ES,Federal Contract Tower,0,4,15,0,19,0,0,20,0,20,0,4,35,0,39,24,0,24,63
10/15/2020,ASG,AR,ASW,ES,Federal Contract Tower,0,2,18,0,20,0,0,27,0,27,0,2,45,0,47,38,0,38,85
10/16/2020,ASG,AR,ASW,ES,Federal Contract Tower,0,2,14,0,16,0,0,48,2,50,0,2,62,2,66,24,0,24,90
10/17/2020,ASG,AR,ASW,ES,Federal Contract Tower,0,0,17,0,17,0,0,19,0,19,0,0,36,0,36,6,0,6,42
10/18/2020,ASG,AR,ASW,ES,Federal Contract Tower,0,4,13,0,17,0,0,6,0,6,0,4,19,0,23,0,0,0,23
10/19/2020,ASG,AR,ASW,ES,Federal Contract Tower,0,3,19,0,22,0,0,0,0,0,0,3,19,0,22,0,0,0,22
10/20/2020,ASG,AR,ASW,ES,Federal Contract Tower,0,0,25,0,25,0,0,3,0,3,0,0,28,0,28,12,0,12,40
10/21/2020,ASG,AR,ASW,ES,Federal Contract Tower,0,2,12,0,14,0,0,36,0,36,0,2,48,0,50,88,0,88,138
10/22/2020,ASG,AR,ASW,ES,Federal Contract Tower,0,4,19,0,23,0,0,21,0,21,0,4,40,0,44,6,0,6,50
10/23/2020,ASG,AR,ASW,ES,Federal Contract Tower,0,1,15,0,16,0,0,0,0,0,0,1,15,0,16,0,0,0,16
10/24/2020,ASG,AR,ASW,ES,Federal Contract Tower,0,1,13,0,14,0,0,38,0,38,0,1,51,0,52,12,0,12,64
10/25/2020,ASG,AR,ASW,ES,Federal Contract Tower,0,4,12,0,16,0,1,7,0,8,0,5,19,0,24,6,0,6,30
10/26/2020,ASG,AR,ASW,ES,Federal Contract Tower,0,0,7,0,7,0,0,0,0,0,0,0,7,0,7,0,0,0,7
10/27/2020,ASG,AR,ASW,ES,Federal Contract Tower,0,0,9,0,9,0,0,0,0,0,0,0,9,0,9,0,0,0,9
10/28/2020,ASG,AR,ASW,ES,Federal Contract Tower,0,0,6,0,6,0,0,0,0,0,0,0,6,0,6,0,0,0,6
10/29/2020,ASG,AR,ASW,ES,Federal Contract Tower,2,4,12,0,18,0,0,4,0,4,2,4,16,0,22,12,0,12,34
10/30/2020,ASG,AR,ASW,ES,Federal Contract Tower,0,0,22,0,22,0,0,50,0,50,0,0,72,0,72,88,0,88,160
10/31/2020,ASG,AR,ASW,ES,Federal Contract Tower,0,0,9,0,9,0,0,49,0,49,0,0,58,0,58,52,0,52,110
11/01/2020,ASG,AR,ASW,ES,Federal Contract Tower,0,3,12,0,15,0,0,32,0,32,0,3,44,0,47,78,0,78,125
11/02/2020,ASG,AR,ASW,ES,Federal Contract Tower,0,0,18,0,18,0,0,47,0,47,0,0,65,0,65,36,0,36,101
11/03/2020,ASG,AR,ASW,ES,Federal Contract Tower,0,1,12,0,13,0,0,36,0,36,0,1,48,0,49,74,0,74,123
11/04/2020,ASG,AR,ASW,ES,Federal Contract Tower,0,2,21,0,23,0,0,39,0,39,0,2,60,0,62,106,0,106,168
11/05/2020,ASG,AR,ASW,ES,Federal Contract Tower,0,4,24,0,28,0,0,84,0,84,0,4,108,0,112,102,0,102,214
11/06/2020,ASG,AR,ASW,ES,Federal Contract Tower,0,1,18,0,19,0,0,60,0,60,0,1,78,0,79,94,2,96,175
11/07/2020,ASG,AR,ASW,ES,Federal Contract Tower,0,0,14,0,14,0,0,48,0,48,0,0,62,0,62,72,0,72,134
11/08/2020,ASG,AR,ASW,ES,Federal Contract Tower,0,0,10,0,10,0,0,17,0,17,0,0,27,0,27,20,0,20,47
11/09/2020,ASG,AR,ASW,ES,Federal Contract Tower,0,3,4,0,7,0,0,23,0,23,0,3,27,0,30,0,0,0,30
11/10/2020,ASG,AR,ASW,ES,Federal Contract Tower,0,3,14,0,17,0,0,14,0,14,0,3,28,0,31,0,0,0,31
11/11/2020,ASG,AR,ASW,ES,Federal Contract Tower,0,0,15,0,15,0,0,74,0,74,0,0,89,0,89,112,0,112,201
11/12/2020,ASG,AR,ASW,ES,Federal Contract Tower,0,0,19,0,19,0,0,54,0,54,0,0,73,0,73,56,0,56,129
11/13/2020,ASG,AR,ASW,ES,Federal Contract Tower,0,0,19,0,19,0,0,32,0,32,0,0,51,0,51,62,0,62,113
11/14/2020,ASG,AR,ASW,ES,Federal Contract Tower,0,0,9,0,9,0,0,1,0,1,0,0,10,0,10,0,0,0,10
11/15/2020,ASG,AR,ASW,ES,Federal Contract Tower,0,0,9,0,9,0,0,16,0,16,0,0,25,0,25,20,0,20,45
11/16/2020,ASG,AR,ASW,ES,Federal Contract Tower,0,4,20,0,24,0,0,42,0,42,0,4,62,0,66,20,0,20,86
11/17/2020,ASG,AR,ASW,ES,Federal Contract Tower,0,8,17,0,25,0,0,57,0,57,0,8,74,0,82,92,0,92,174
11/18/2020,ASG,AR,ASW,ES,Federal Contract Tower,0,0,13,0,13,0,1,29,0,30,0,1,42,0,43,0,0,0,43
11/19/2020,ASG,AR,ASW,ES,Federal Contract Tower,0,0,19,0,19,0,2,14,0,16,0,2,33,0,35,0,0,0,35
11/20/2020,ASG,AR,ASW,ES,Federal Contract Tower,0,0,23,0,23,0,0,24,0,24,0,0,47,0,47,66,0,66,113
11/21/2020,ASG,AR,ASW,ES,Federal Contract Tower,0,0,10,0,10,0,0,3,0,3,0,0,13,0,13,0,0,0,13
11/22/2020,ASG,AR,ASW,ES,Federal Contract Tower,0,1,13,0,14,0,0,4,0,4,0,1,17,0,18,14,0,14,32
11/23/2020,ASG,AR,ASW,ES,Federal Contract Tower,0,0,28,0,28,0,0,53,0,53,0,0,81,0,81,12,0,12,93
11/24/2020,ASG,AR,ASW,ES,Federal Contract Tower,0,1,12,0,13,0,0,4,0,4,0,1,16,0,17,0,0,0,17
11/25/2020,ASG,AR,ASW,ES,Federal Contract Tower,0,0,12,0,12,0,0,0,0,0,0,0,12,0,12,0,0,0,12
11/26/2020,ASG,AR,ASW,ES,Federal Contract Tower,0,2,10,0,12,0,0,12,0,12,0,2,22,0,24,4,0,4,28
11/27/2020,ASG,AR,ASW,ES,Federal Contract Tower,0,2,11,0,13,0,0,33,0,33,0,2,44,0,46,48,0,48,94
11/28/2020,ASG,AR,ASW,ES,Federal Contract Tower,0,0,14,0,14,0,0,50,0,50,0,0,64,0,64,64,0,64,128
11/29/2020,ASG,AR,ASW,ES,Federal Contract Tower,0,1,21,0,22,0,0,1,0,1,0,1,22,0,23,12,0,12,35
11/30/2020,ASG,AR,ASW,ES,Federal Contract Tower,0,1,10,0,11,0,0,33,0,33,0,1,43,0,44,12,0,12,56
12/01/2020,ASG,AR,ASW,ES,Federal Contract Tower,0,0,18,0,18,0,0,49,0,49,0,0,67,0,67,92,0,92,159
12/02/2020,ASG,AR,ASW,ES,Federal Contract Tower,0,2,11,0,13,0,0,4,0,4,0,2,15,0,17,0,0,0,17
12/03/2020,ASG,AR,ASW,ES,Federal Contract Tower,0,0,13,0,13,0,0,0,0,0,0,0,13,0,13,0,0,0,13
12/04/2020,ASG,AR,ASW,ES,Federal Contract Tower,0,2,18,0,20,0,0,20,0,20,0,2,38,0,40,20,0,20,60
12/05/2020,ASG,AR,ASW,ES,Federal Contract Tower,0,0,15,0,15,0,0,42,0,42,0,0,57,0,57,96,0,96,153
12/06/2020,ASG,AR,ASW,ES,Federal Contract Tower,0,1,11,0,12,0,0,48,0,48,0,1,59,0,60,60,0,60,120
12/07/2020,ASG,AR,ASW,ES,Federal Contract Tower,0,4,11,0,15,0,0,41,0,41,0,4,52,0,56,54,0,54,110
12/08/2020,ASG,AR,ASW,ES,Federal Contract Tower,0,0,14,0,14,0,0,64,0,64,0,0,78,0,78,114,0,114,192
12/09/2020,ASG,AR,ASW,ES,Federal Contract Tower,0,1,18,0,19,0,0,58,0,58,0,1,76,0,77,78,0,78,155
12/10/2020,ASG,AR,ASW,ES,Federal Contract Tower,0,3,29,0,32,0,0,48,0,48,0,3,77,0,80,117,0,117,197
12/11/2020,ASG,AR,ASW,ES,Federal Contract Tower,0,0,21,0,21,0,0,0,0,0,0,0,21,0,21,0,0,0,21
12/12/2020,ASG,AR,ASW,ES,Federal Contract Tower,0,0,7,0,7,0,0,22,0,22,0,0,29,0,29,56,0,56,85
12/13/2020,ASG,AR,ASW,ES,Federal Contract Tower,0,0,3,0,3,0,0,0,0,0,0,0,3,0,3,0,0,0,3
12/14/2020,ASG,AR,ASW,ES,Federal Contract Tower,0,0,12,0,12,0,2,39,0,41,0,2,51,0,53,94,0,94,147
12/15/2020,ASG,AR,ASW,ES,Federal Contract Tower,0,0,6,0,6,0,0,15,0,15,0,0,21,0,21,66,0,66,87
12/16/2020,ASG,AR,ASW,ES,Federal Contract Tower,0,0,9,0,9,0,0,14,0,14,0,0,23,0,23,74,0,74,97
12/17/2020,ASG,AR,ASW,ES,Federal Contract Tower,0,0,10,0,10,0,0,74,0,74,0,0,84,0,84,98,0,98,182
12/18/2020,ASG,AR,ASW,ES,Federal Contract Tower,0,2,20,0,22,0,0,11,0,11,0,2,31,0,33,8,0,8,41
12/19/2020,ASG,AR,ASW,ES,Federal Contract Tower,0,0,12,0,12,0,0,33,0,33,0,0,45,0,45,102,0,102,147
12/20/2020,ASG,AR,ASW,ES,Federal Contract Tower,0,4,3,0,7,0,0,27,0,27,0,4,30,0,34,8,0,8,42
12/21/2020,ASG,AR,ASW,ES,Federal Contract Tower,0,0,10,0,10,0,1,70,0,71,0,1,80,0,81,60,0,60,141
12/22/2020,ASG,AR,ASW,ES,Federal Contract Tower,0,1,20,0,21,0,0,24,0,24,0,1,44,0,45,31,0,31,76
12/23/2020,ASG,AR,ASW,ES,Federal Contract Tower,0,0,9,0,9,0,0,2,0,2,0,0,11,0,11,0,0,0,11
12/24/2020,ASG,AR,ASW,ES,Federal Contract Tower,0,0,2,0,2,0,0,24,0,24,0,0,26,0,26,6,0,6,32
12/25/2020,ASG,AR,ASW,ES,Federal Contract Tower,0,0,3,0,3,0,0,5,0,5,0,0,8,0,8,0,0,0,8
12/26/2020,ASG,AR,ASW,ES,Federal Contract Tower,0,2,20,0,22,0,0,31,0,31,0,2,51,0,53,48,0,48,101
12/27/2020,ASG,AR,ASW,ES,Federal Contract Tower,0,0,12,0,12,0,0,5,0,5,0,0,17,0,17,0,0,0,17
12/28/2020,ASG,AR,ASW,ES,Federal Contract Tower,0,4,12,0,16,0,0,44,0,44,0,4,56,0,60,44,0,44,104
12/29/2020,ASG,AR,ASW,ES,Federal Contract Tower,0,5,10,0,15,0,0,9,0,9,0,5,19,0,24,0,0,0,24
12/30/2020,ASG,AR,ASW,ES,Federal Contract Tower,0,3,11,0,14,0,0,0,0,0,0,3,11,0,14,0,0,0,14
12/31/2020,ASG,AR,ASW,ES,Federal Contract Tower,0,2,4,0,6,0,0,5,0,5,0,2,9,0,11,0,0,0,11
01/01/2021,ASG,AR,ASW,ES,Federal Contract Tower,0,1,5,0,6,0,0,0,0,0,0,1,5,0,6,0,0,0,6
01/02/2021,ASG,AR,ASW,ES,Federal Contract Tower,0,1,12,0,13,0,0,1,0,1,0,1,13,0,14,0,0,0,14
01/03/2021,ASG,AR,ASW,ES,Federal Contract Tower,0,2,10,0,12,0,0,40,0,40,0,2,50,0,52,70,0,70,122
01/04/2021,ASG,AR,ASW,ES,Federal Contract Tower,0,0,15,0,15,0,0,39,0,39,0,0,54,0,54,30,0,30,84
01/05/2021,ASG,AR,ASW,ES,Federal Contract Tower,0,0,17,0,17,0,0,70,0,70,0,0,87,0,87,46,0,46,133
01/06/2021,ASG,AR,ASW,ES,Federal Contract Tower,0,2,12,0,14,0,0,3,0,3,0,2,15,0,17,0,0,0,17
01/07/2021,ASG,AR,ASW,ES,Federal Contract Tower,0,0,14,0,14,0,0,1,0,1,0,0,15,0,15,0,0,0,15
01/08/2021,ASG,AR,ASW,ES,Federal Contract Tower,0,2,15,0,17,0,0,24,0,24,0,2,39,0,41,74,0,74,115
01/09/2021,ASG,AR,ASW,ES,Federal Contract Tower,0,1,6,0,7,0,0,26,0,26,0,1,32,0,33,40,0,40,73
01/10/2021,ASG,AR,ASW,ES,Federal Contract Tower,0,5,14,0,19,0,0,15,0,15,0,5,29,0,34,70,0,70,104
01/11/2021,ASG,AR,ASW,ES,Federal Contract Tower,0,2,8,0,10,0,0,24,0,24,0,2,32,0,34,40,0,40,74
01/12/2021,ASG,AR,ASW,ES,Federal Contract Tower,0,10,26,0,36,0,0,43,0,43,0,10,69,0,79,42,0,42,121
01/13/2021,ASG,AR,ASW,ES,Federal Contract Tower,0,7,10,0,17,0,0,25,0,25,0,7,35,0,42,24,0,24,66
01/14/2021,ASG,AR,ASW,ES,Federal Contract Tower,0,3,20,0,23,0,0,11,0,11,0,3,31,0,34,4,0,4,38
01/15/2021,ASG,AR,ASW,ES,Federal Contract Tower,0,2,12,0,14,0,0,3,0,3,0,2,15,0,17,0,0,0,17
01/16/2021,ASG,AR,ASW,ES,Federal Contract Tower,0,2,9,0,11,0,0,17,0,17,0,2,26,0,28,54,0,54,82
01/17/2021,ASG,AR,ASW,ES,Federal Contract Tower,0,0,11,0,11,0,0,15,0,15,0,0,26,0,26,26,0,26,52
01/18/2021,ASG,AR,ASW,ES,Federal Contract Tower,0,0,14,0,14,0,0,39,0,39,0,0,53,0,53,86,0,86,139
01/19/2021,ASG,AR,ASW,ES,Federal Contract Tower,0,1,23,0,24,0,0,38,0,38,0,1,61,0,62,82,0,82,144
01/20/2021,ASG,AR,ASW,ES,Federal Contract Tower,0,4,18,0,22,0,0,20,0,20,0,4,38,0,42,0,0,0,42
01/21/2021,ASG,AR,ASW,ES,Federal Contract Tower,0,0,20,0,20,0,0,42,0,42,0,0,62,0,62,82,0,82,144
01/22/2021,ASG,AR,ASW,ES,Federal Contract Tower,0,0,19,0,19,0,0,30,0,30,0,0,49,0,49,32,0,32,81
01/23/2021,ASG,AR,ASW,ES,Federal Contract Tower,0,2,4,0,6,0,0,23,0,23,0,2,27,0,29,6,0,6,35
01/24/2021,ASG,AR,ASW,ES,Federal Contract Tower,0,3,10,0,13,0,0,0,0,0,0,3,10,0,13,0,0,0,13
01/25/2021,ASG,AR,ASW,ES,Federal Contract Tower,0,0,16,0,16,0,0,8,0,8,0,0,24,0,24,16,0,16,40
01/26/2021,ASG,AR,ASW,ES,Federal Contract Tower,0,0,19,0,19,0,0,24,0,24,0,0,43,0,43,86,0,86,129
01/27/2021,ASG,AR,ASW,ES,Federal Contract Tower,0,2,13,0,15,0,0,6,0,6,0,2,19,0,21,38,0,38,59
01/28/2021,ASG,AR,ASW,ES,Federal Contract Tower,0,0,12,0,12,0,0,61,0,61,0,0,73,0,73,134,0,134,207
01/29/2021,ASG,AR,ASW,ES,Federal Contract Tower,0,0,11,0,11,0,0,33,0,33,0,0,44,0,44,48,0,48,92
01/30/2021,ASG,AR,ASW,ES,Federal Contract Tower,0,0,2,0,2,0,0,0,0,0,0,0,2,0,2,0,0,0,2
01/31/2021,ASG,AR,ASW,ES,Federal Contract Tower,0,2,11,0,13,0,0,0,0,0,0,2,11,0,13,0,0,0,13
02/01/2021,ASG,AR,ASW,ES,Federal Contract Tower,0,0,12,0,12,0,0,52,0,52,0,0,64,0,64,38,0,38,102
02/02/2021,ASG,AR,ASW,ES,Federal Contract Tower,0,0,19,0,19,0,0,77,0,77,0,0,96,0,96,192,0,192,288
02/03/2021,ASG,AR,ASW,ES,Federal Contract Tower,0,2,13,0,15,0,0,48,0,48,0,2,61,0,63,56,0,56,119
02/04/2021,ASG,AR,ASW,ES,Federal Contract Tower,0,0,10,0,10,0,0,2,0,2,0,0,12,0,12,0,0,0,12
02/05/2021,ASG,AR,ASW,ES,Federal Contract Tower,0,0,16,0,16,0,0,48,0,48,0,0,64,0,64,78,0,78,142
02/06/2021,ASG,AR,ASW,ES,Federal Contract Tower,0,2,3,0,5,0,0,7,0,7,0,2,10,0,12,42,0,42,54
02/07/2021,ASG,AR,ASW,ES,Federal Contract Tower,0,0,5,0,5,0,0,0,0,0,0,0,5,0,5,0,0,0,5
02/08/2021,ASG,AR,ASW,ES,Federal Contract Tower,0,3,15,0,18,0,0,0,0,0,0,3,15,0,18,0,0,0,18
02/09/2021,ASG,AR,ASW,ES,Federal Contract Tower,0,1,6,0,7,0,0,0,0,0,0,1,6,0,7,0,0,0,7
02/10/2021,ASG,AR,ASW,ES,Federal Contract Tower,0,0,0,0,0,0,0,0,0,0,0,0,0,0,0,0,0,0,0
02/11/2021,ASG,AR,ASW,ES,Federal Contract Tower,0,0,7,0,7,0,0,0,0,0,0,0,7,0,7,0,0,0,7
02/12/2021,ASG,AR,ASW,ES,Federal Contract Tower,0,0,14,0,14,0,0,3,0,3,0,0,17,0,17,0,0,0,17
02/13/2021,ASG,AR,ASW,ES,Federal Contract Tower,0,0,3,0,3,0,0,36,0,36,0,0,39,0,39,0,0,0,39
02/14/2021,ASG,AR,ASW,ES,Federal Contract Tower,0,0,1,0,1,0,0,0,0,0,0,0,1,0,1,0,0,0,1
02/15/2021,ASG,AR,ASW,ES,Federal Contract Tower,0,0,1,0,1,0,0,0,0,0,0,0,1,0,1,0,0,0,1
02/16/2021,ASG,AR,ASW,ES,Federal Contract Tower,0,2,3,0,5,0,0,2,0,2,0,2,5,0,7,0,0,0,7
02/17/2021,ASG,AR,ASW,ES,Federal Contract Tower,0,0,2,0,2,0,0,4,0,4,0,0,6,0,6,0,0,0,6
02/18/2021,ASG,AR,ASW,ES,Federal Contract Tower,1,3,0,0,4,0,0,15,0,15,1,3,15,0,19,16,0,16,35
02/19/2021,ASG,AR,ASW,ES,Federal Contract Tower,0,1,12,0,13,0,0,39,0,39,0,1,51,0,52,66,0,66,118
02/20/2021,ASG,AR,ASW,ES,Federal Contract Tower,0,1,2,0,3,0,0,33,0,33,0,1,35,0,36,96,0,96,132
02/21/2021,ASG,AR,ASW,ES,Federal Contract Tower,0,0,1,0,1,0,0,0,0,0,0,0,1,0,1,0,0,0,1
02/22/2021,ASG,AR,ASW,ES,Federal Contract Tower,0,0,16,0,16,0,0,33,0,33,0,0,49,0,49,46,0,46,95
02/23/2021,ASG,AR,ASW,ES,Federal Contract Tower,0,2,16,0,18,0,0,62,0,62,0,2,78,0,80,108,0,108,188
02/24/2021,ASG,AR,ASW,ES,Federal Contract Tower,0,1,20,0,21,0,0,44,0,44,0,1,64,0,65,100,0,100,165
02/25/2021,ASG,AR,ASW,ES,Federal Contract Tower,0,2,17,0,19,0,0,43,0,43,0,2,60,0,62,68,0,68,130
02/26/2021,ASG,AR,ASW,ES,Federal Contract Tower,0,3,13,0,16,0,0,5,0,5,0,3,18,0,21,0,0,0,21
02/27/2021,ASG,AR,ASW,ES,Federal Contract Tower,0,1,7,0,8,0,0,11,0,11,0,1,18,0,19,34,0,34,53
02/28/2021,ASG,AR,ASW,ES,Federal Contract Tower,0,2,11,0,13,0,0,1,0,1,0,2,12,0,14,0,0,0,14
03/01/2021,ASG,AR,ASW,ES,Federal Contract Tower,0,3,23,0,26,0,0,54,0,54,0,3,77,0,80,94,0,94,174
03/02/2021,ASG,AR,ASW,ES,Federal Contract Tower,0,0,16,0,16,0,1,49,0,50,0,1,65,0,66,62,0,62,128
03/03/2021,ASG,AR,ASW,ES,Federal Contract Tower,0,2,31,0,33,0,0,48,0,48,0,2,79,0,81,92,0,92,173
03/04/2021,ASG,AR,ASW,ES,Federal Contract Tower,0,4,20,0,24,0,0,68,0,68,0,4,88,0,92,138,0,138,230
03/05/2021,ASG,AR,ASW,ES,Federal Contract Tower,0,1,26,0,27,0,0,10,0,10,0,1,36,0,37,10,0,10,47
03/06/2021,ASG,AR,ASW,ES,Federal Contract Tower,0,2,14,0,16,0,0,55,0,55,0,2,69,0,71,84,0,84,155
03/07/2021,ASG,AR,ASW,ES,Federal Contract Tower,0,2,14,0,16,0,1,24,0,25,0,3,38,0,41,14,0,14,55
03/08/2021,ASG,AR,ASW,ES,Federal Contract Tower,0,4,24,0,28,0,3,30,0,33,0,7,54,0,61,36,0,36,97
03/09/2021,ASG,AR,ASW,ES,Federal Contract Tower,0,2,10,0,12,0,0,15,0,15,0,2,25,0,27,4,0,4,31
03/10/2021,ASG,AR,ASW,ES,Federal Contract Tower,0,2,17,0,19,0,0,3,0,3,0,2,20,0,22,0,0,0,22
03/11/2021,ASG,AR,ASW,ES,Federal Contract Tower,0,5,17,0,22,0,0,2,0,2,0,5,19,0,24,8,0,8,32
03/12/2021,ASG,AR,ASW,ES,Federal Contract Tower,0,3,15,0,18,0,0,10,0,10,0,3,25,0,28,32,0,32,60
03/13/2021,ASG,AR,ASW,ES,Federal Contract Tower,0,0,12,0,12,0,0,16,0,16,0,0,28,0,28,54,0,54,82
03/14/2021,ASG,AR,ASW,ES,Federal Contract Tower,0,3,8,0,11,0,0,2,0,2,0,3,10,0,13,0,0,0,13
03/15/2021,ASG,AR,ASW,ES,Federal Contract Tower,0,6,25,0,31,0,0,27,0,27,0,6,52,0,58,14,0,14,72
03/16/2021,ASG,AR,ASW,ES,Federal Contract Tower,0,3,7,0,10,0,0,74,0,74,0,3,81,0,84,160,0,160,244
03/17/2021,ASG,AR,ASW,ES,Federal Contract Tower,0,3,3,0,6,0,0,7,0,7,0,3,10,0,13,10,0,10,23
03/18/2021,ASG,AR,ASW,ES,Federal Contract Tower,0,4,19,0,23,0,0,0,0,0,0,4,19,0,23,0,0,0,23
03/19/2021,ASG,AR,ASW,ES,Federal Contract Tower,0,6,23,0,29,0,0,64,0,64,0,6,87,0,93,84,0,84,177
03/20/2021,ASG,AR,ASW,ES,Federal Contract Tower,0,1,23,0,24,0,0,57,0,57,0,1,80,0,81,64,0,64,145
03/21/2021,ASG,AR,ASW,ES,Federal Contract Tower,0,3,13,0,16,0,0,28,0,28,0,3,41,0,44,28,0,28,72
03/22/2021,ASG,AR,ASW,ES,Federal Contract Tower,0,2,10,0,12,0,0,18,0,18,0,2,28,0,30,16,0,16,46
03/23/2021,ASG,AR,ASW,ES,Federal Contract Tower,0,3,10,0,13,0,0,5,0,5,0,3,15,0,18,4,0,4,22
03/24/2021,ASG,AR,ASW,ES,Federal Contract Tower,0,1,15,0,16,0,0,69,0,69,0,1,84,0,85,126,0,126,211
03/25/2021,ASG,AR,ASW,ES,Federal Contract Tower,0,2,15,0,17,0,0,1,0,1,0,2,16,0,18,6,0,6,24
03/26/2021,ASG,AR,ASW,ES,Federal Contract Tower,0,3,19,0,22,0,0,62,0,62,0,3,81,0,84,124,0,124,208
03/27/2021,ASG,AR,ASW,ES,Federal Contract Tower,0,1,11,0,12,0,0,34,0,34,0,1,45,0,46,32,0,32,78
03/28/2021,ASG,AR,ASW,ES,Federal Contract Tower,0,2,13,0,15,0,0,44,0,44,0,2,57,0,59,154,0,154,213
03/29/2021,ASG,AR,ASW,ES,Federal Contract Tower,0,3,18,0,21,0,0,57,0,57,0,3,75,0,78,152,0,152,230
03/30/2021,ASG,AR,ASW,ES,Federal Contract Tower,0,5,18,0,23,0,0,23,0,23,0,5,41,0,46,84,0,84,130
03/31/2021,ASG,AR,ASW,ES,Federal Contract Tower,0,2,19,0,21,0,0,35,0,35,0,2,54,0,56,88,0,88,144
04/01/2021,ASG,AR,ASW,ES,Federal Contract Tower,0,0,16,0,16,0,0,82,0,82,0,0,98,0,98,152,0,152,250
04/02/2021,ASG,AR,ASW,ES,Federal Contract Tower,0,0,17,0,17,0,0,59,0,59,0,0,76,0,76,170,0,170,246
04/03/2021,ASG,AR,ASW,ES,Federal Contract Tower,0,1,7,0,8,0,0,69,0,69,0,1,76,0,77,58,0,58,135
04/04/2021,ASG,AR,ASW,ES,Federal Contract Tower,0,3,4,0,7,0,0,39,0,39,0,3,43,0,46,40,0,40,86
04/05/2021,ASG,AR,ASW,ES,Federal Contract Tower,0,0,16,0,16,0,0,41,0,41,0,0,57,0,57,38,0,38,95
04/06/2021,ASG,AR,ASW,ES,Federal Contract Tower,0,1,17,0,18,0,0,21,0,21,0,1,38,0,39,6,0,6,45
04/07/2021,ASG,AR,ASW,ES,Federal Contract Tower,0,0,14,0,14,0,0,9,0,9,0,0,23,0,23,8,0,8,31
04/08/2021,ASG,AR,ASW,ES,Federal Contract Tower,0,0,11,0,11,0,0,19,0,19,0,0,30,0,30,6,0,6,36
04/09/2021,ASG,AR,ASW,ES,Federal Contract Tower,0,0,9,0,9,0,0,43,0,43,0,0,52,0,52,124,0,124,176
04/10/2021,ASG,AR,ASW,ES,Federal Contract Tower,0,0,13,0,13,0,0,9,0,9,0,0,22,0,22,6,0,6,28
04/11/2021,ASG,AR,ASW,ES,Federal Contract Tower,0,2,10,0,12,0,0,52,0,52,0,2,62,0,64,74,0,74,138
04/12/2021,ASG,AR,ASW,ES,Federal Contract Tower,0,0,11,0,11,0,0,52,0,52,0,0,63,0,63,44,0,44,107
04/13/2021,ASG,AR,ASW,ES,Federal Contract Tower,0,4,14,0,18,0,0,54,0,54,0,4,68,0,72,72,0,72,144
04/14/2021,ASG,AR,ASW,ES,Federal Contract Tower,0,0,14,0,14,0,0,47,0,47,0,0,61,0,61,148,0,148,209
04/15/2021,ASG,AR,ASW,ES,Federal Contract Tower,0,2,23,0,25,0,0,45,0,45,0,2,68,0,70,126,0,126,196
04/16/2021,ASG,AR,ASW,ES,Federal Contract Tower,0,0,12,0,12,0,0,10,0,10,0,0,22,0,22,2,0,2,24
04/17/2021,ASG,AR,ASW,ES,Federal Contract Tower,0,2,13,0,15,0,0,12,0,12,0,2,25,0,27,0,0,0,27
04/18/2021,ASG,AR,ASW,ES,Federal Contract Tower,0,3,11,2,16,0,0,34,0,34,0,3,45,2,50,50,0,50,100
04/19/2021,ASG,AR,ASW,ES,Federal Contract Tower,0,5,24,0,29,0,0,71,0,71,0,5,95,0,100,118,0,118,218
04/20/2021,ASG,AR,ASW,ES,Federal Contract Tower,0,2,17,0,19,0,0,29,0,29,0,2,46,0,48,10,0,10,58
04/21/2021,ASG,AR,ASW,ES,Federal Contract Tower,0,1,28,0,29,0,0,44,0,44,0,1,72,0,73,94,0,94,167
04/22/2021,ASG,AR,ASW,ES,Federal Contract Tower,0,0,31,0,31,0,0,88,0,88,0,0,119,0,119,202,0,202,321
04/23/2021,ASG,AR,ASW,ES,Federal Contract Tower,0,3,15,0,18,0,0,30,0,30,0,3,45,0,48,58,0,58,106
04/24/2021,ASG,AR,ASW,ES,Federal Contract Tower,0,1,15,0,16,0,0,13,0,13,0,1,28,0,29,2,0,2,31
04/25/2021,ASG,AR,ASW,ES,Federal Contract Tower,0,2,16,0,18,0,0,51,0,51,0,2,67,0,69,62,0,62,131
04/26/2021,ASG,AR,ASW,ES,Federal Contract Tower,0,0,19,0,19,0,0,37,0,37,0,0,56,0,56,22,0,22,78
04/27/2021,ASG,AR,ASW,ES,Federal Contract Tower,0,0,23,0,23,0,0,30,0,30,0,0,53,0,53,86,0,86,139
04/28/2021,ASG,AR,ASW,ES,Federal Contract Tower,0,2,3,0,5,0,0,0,0,0,0,2,3,0,5,4,0,4,9
04/29/2021,ASG,AR,ASW,ES,Federal Contract Tower,0,4,23,0,27,0,0,28,0,28,0,4,51,0,55,180,0,180,235
04/30/2021,ASG,AR,ASW,ES,Federal Contract Tower,0,2,19,0,21,0,0,80,0,80,0,2,99,0,101,142,0,142,243
05/01/2021,ASG,AR,ASW,ES,Federal Contract Tower,0,4,10,0,14,0,0,44,0,44,0,4,54,0,58,58,0,58,116
05/02/2021,ASG,AR,ASW,ES,Federal Contract Tower,0,6,7,0,13,0,0,3,0,3,0,6,10,0,16,0,0,0,16
05/03/2021,ASG,AR,ASW,ES,Federal Contract Tower,0,1,21,0,22,0,0,36,0,36,0,1,57,0,58,98,0,98,156
05/04/2021,ASG,AR,ASW,ES,Federal Contract Tower,0,3,19,0,22,0,0,2,0,2,0,3,21,0,24,4,0,4,28
05/05/2021,ASG,AR,ASW,ES,Federal Contract Tower,0,2,15,0,17,0,0,82,0,82,0,2,97,0,99,210,0,210,309
05/06/2021,ASG,AR,ASW,ES,Federal Contract Tower,0,3,31,0,34,0,0,59,0,59,0,3,90,0,93,24,0,24,117
05/07/2021,ASG,AR,ASW,ES,Federal Contract Tower,0,2,13,0,15,0,0,37,0,37,0,2,50,0,52,52,0,52,104
05/08/2021,ASG,AR,ASW,ES,Federal Contract Tower,0,3,16,0,19,0,0,21,0,21,0,3,37,0,40,4,0,4,44
05/09/2021,ASG,AR,ASW,ES,Federal Contract Tower,0,0,10,0,10,0,0,0,0,0,0,0,10,0,10,0,0,0,10
05/10/2021,ASG,AR,ASW,ES,Federal Contract Tower,0,4,15,0,19,0,0,36,0,36,0,4,51,0,55,90,0,90,145
05/11/2021,ASG,AR,ASW,ES,Federal Contract Tower,0,1,31,0,32,0,0,11,0,11,0,1,42,0,43,28,0,28,71
05/12/2021,ASG,AR,ASW,ES,Federal Contract Tower,0,4,23,0,27,0,0,46,0,46,0,4,69,0,73,122,0,122,195
05/13/2021,ASG,AR,ASW,ES,Federal Contract Tower,0,1,23,0,24,0,0,91,0,91,0,1,114,0,115,172,0,172,287
05/14/2021,ASG,AR,ASW,ES,Federal Contract Tower,0,1,25,0,26,0,0,64,0,64,0,1,89,0,90,90,0,90,180
05/15/2021,ASG,AR,ASW,ES,Federal Contract Tower,0,2,6,0,8,0,0,22,0,22,0,2,28,0,30,64,0,64,94
05/16/2021,ASG,AR,ASW,ES,Federal Contract Tower,0,3,17,0,20,0,2,24,0,26,0,5,41,0,46,30,0,30,76
05/17/2021,ASG,AR,ASW,ES,Federal Contract Tower,0,8,23,0,31,0,0,11,0,11,0,8,34,0,42,42,0,42,84
05/18/2021,ASG,AR,ASW,ES,Federal Contract Tower,0,0,22,0,22,0,0,48,0,48,0,0,70,0,70,72,0,72,142
05/19/2021,ASG,AR,ASW,ES,Federal Contract Tower,0,3,21,0,24,0,0,2,0,2,0,3,23,0,26,2,0,2,28
05/20/2021,ASG,AR,ASW,ES,Federal Contract Tower,0,3,18,0,21,0,0,3,0,3,0,3,21,0,24,2,0,2,26
05/21/2021,ASG,AR,ASW,ES,Federal Contract Tower,0,4,16,0,20,0,0,5,0,5,0,4,21,0,25,26,0,26,51
05/22/2021,ASG,AR,ASW,ES,Federal Contract Tower,0,3,7,0,10,0,0,59,0,59,0,3,66,0,69,126,0,126,195
05/23/2021,ASG,AR,ASW,ES,Federal Contract Tower,0,1,20,0,21,0,0,48,0,48,0,1,68,0,69,68,0,68,137
05/24/2021,ASG,AR,ASW,ES,Federal Contract Tower,0,6,17,0,23,0,0,68,0,68,0,6,85,0,91,74,0,74,165
05/25/2021,ASG,AR,ASW,ES,Federal Contract Tower,0,1,19,0,20,0,0,13,0,13,0,1,32,0,33,20,0,20,53
05/26/2021,ASG,AR,ASW,ES,Federal Contract Tower,0,5,18,0,23,0,0,31,0,31,0,5,49,0,54,62,0,62,116
05/27/2021,ASG,AR,ASW,ES,Federal Contract Tower,0,1,18,0,19,0,0,15,0,15,0,1,33,0,34,0,0,0,34
05/28/2021,ASG,AR,ASW,ES,Federal Contract Tower,0,1,27,0,28,0,0,32,0,32,0,1,59,0,60,18,0,18,78
05/29/2021,ASG,AR,ASW,ES,Federal Contract Tower,0,6,13,0,19,0,0,31,0,31,0,6,44,0,50,14,0,14,64
05/30/2021,ASG,AR,ASW,ES,Federal Contract Tower,0,1,13,0,14,0,0,42,0,42,0,1,55,0,56,48,0,48,104
05/31/2021,ASG,AR,ASW,ES,Federal Contract Tower,0,2,16,0,18,0,0,58,0,58,0,2,74,0,76,78,0,78,154
06/01/2021,ASG,AR,ASW,ES,Federal Contract Tower,0,3,18,0,21,0,0,0,0,0,0,3,18,0,21,0,0,0,21
06/02/2021,ASG,AR,ASW,ES,Federal Contract Tower,0,1,25,0,26,0,0,14,0,14,0,1,39,0,40,86,0,86,126
06/03/2021,ASG,AR,ASW,ES,Federal Contract Tower,0,3,26,0,29,0,0,87,0,87,0,3,113,0,116,112,0,112,228
06/04/2021,ASG,AR,ASW,ES,Federal Contract Tower,0,1,18,0,19,0,0,57,0,57,0,1,75,0,76,132,0,132,208
06/05/2021,ASG,AR,ASW,ES,Federal Contract Tower,0,5,8,0,13,0,0,24,0,24,0,5,32,0,37,54,0,54,91
06/06/2021,ASG,AR,ASW,ES,Federal Contract Tower,0,2,14,0,16,0,1,11,0,12,0,3,25,0,28,0,0,0,28
06/07/2021,ASG,AR,ASW,ES,Federal Contract Tower,0,0,22,0,22,0,0,3,0,3,0,0,25,0,25,0,0,0,25
06/08/2021,ASG,AR,ASW,ES,Federal Contract Tower,0,1,19,0,20,0,0,24,0,24,0,1,43,0,44,48,0,48,92
06/09/2021,ASG,AR,ASW,ES,Federal Contract Tower,0,1,15,0,16,0,0,26,0,26,0,1,41,0,42,38,0,38,80
06/10/2021,ASG,AR,ASW,ES,Federal Contract Tower,0,1,28,0,29,0,0,64,0,64,0,1,92,0,93,68,0,68,161
06/11/2021,ASG,AR,ASW,ES,Federal Contract Tower,0,1,11,0,12,0,0,40,0,40,0,1,51,0,52,30,0,30,82
06/12/2021,ASG,AR,ASW,ES,Federal Contract Tower,0,4,8,0,12,0,0,29,0,29,0,4,37,0,41,78,0,78,119
06/13/2021,ASG,AR,ASW,ES,Federal Contract Tower,0,0,10,0,10,0,0,41,0,41,0,0,51,0,51,14,0,14,65
06/14/2021,ASG,AR,ASW,ES,Federal Contract Tower,0,4,5,0,9,0,0,47,0,47,0,4,52,0,56,60,0,60,116
06/15/2021,ASG,AR,ASW,ES,Federal Contract Tower,0,2,12,0,14,0,0,67,0,67,0,2,79,0,81,66,0,66,147
06/16/2021,ASG,AR,ASW,ES,Federal Contract Tower,0,3,17,0,20,0,2,50,0,52,0,5,67,0,72,86,0,86,158
06/17/2021,ASG,AR,ASW,ES,Federal Contract Tower,0,1,12,0,13,0,0,51,0,51,0,1,63,0,64,48,0,48,112
06/18/2021,ASG,AR,ASW,ES,Federal Contract Tower,0,1,15,0,16,0,2,66,0,68,0,3,81,0,84,96,0,96,180
06/19/2021,ASG,AR,ASW,ES,Federal Contract Tower,0,1,4,0,5,0,0,52,0,52,0,1,56,0,57,40,0,40,97
06/20/2021,ASG,AR,ASW,ES,Federal Contract Tower,0,4,15,0,19,0,0,28,0,28,0,4,43,0,47,22,0,22,69
06/21/2021,ASG,AR,ASW,ES,Federal Contract Tower,0,2,14,0,16,0,0,24,0,24,0,2,38,0,40,32,0,32,72
06/22/2021,ASG,AR,ASW,ES,Federal Contract Tower,0,4,18,0,22,0,2,79,0,81,0,6,97,0,103,88,0,88,191
06/23/2021,ASG,AR,ASW,ES,Federal Contract Tower,0,1,17,0,18,0,0,66,0,66,0,1,83,0,84,144,0,144,228
06/24/2021,ASG,AR,ASW,ES,Federal Contract Tower,0,0,19,0,19,0,0,36,0,36,0,0,55,0,55,32,0,32,87
06/25/2021,ASG,AR,ASW,ES,Federal Contract Tower,0,4,17,0,21,0,0,42,0,42,0,4,59,0,63,44,0,44,107
06/26/2021,ASG,AR,ASW,ES,Federal Contract Tower,0,2,12,0,14,0,0,16,0,16,0,2,28,0,30,18,0,18,48
06/27/2021,ASG,AR,ASW,ES,Federal Contract Tower,0,1,19,0,20,0,0,18,0,18,0,1,37,0,38,22,0,22,60
06/28/2021,ASG,AR,ASW,ES,Federal Contract Tower,0,2,18,0,20,0,0,43,0,43,0,2,61,0,63,44,0,44,107
06/29/2021,ASG,AR,ASW,ES,Federal Contract Tower,0,2,14,0,16,0,0,47,0,47,0,2,61,0,63,134,0,134,197
06/30/2021,ASG,AR,ASW,ES,Federal Contract Tower,0,4,17,0,21,0,0,29,0,29,0,4,46,0,50,56,0,56,106
07/01/2021,ASG,AR,ASW,ES,Federal Contract Tower,0,2,13,0,15,0,0,14,0,14,0,2,27,0,29,36,0,36,65
07/02/2021,ASG,AR,ASW,ES,Federal Contract Tower,0,1,26,0,27,0,0,33,0,33,0,1,59,0,60,20,0,20,80
07/03/2021,ASG,AR,ASW,ES,Federal Contract Tower,0,0,8,0,8,0,0,50,0,50,0,0,58,0,58,54,0,54,112
07/04/2021,ASG,AR,ASW,ES,Federal Contract Tower,0,3,1,0,4,0,0,24,0,24,0,3,25,0,28,44,0,44,72
07/05/2021,ASG,AR,ASW,ES,Federal Contract Tower,0,7,16,0,23,0,0,68,0,68,0,7,84,0,91,106,0,106,197
07/06/2021,ASG,AR,ASW,ES,Federal Contract Tower,0,2,12,0,14,0,0,76,0,76,0,2,88,0,90,144,0,144,234
07/07/2021,ASG,AR,ASW,ES,Federal Contract Tower,0,1,17,0,18,0,0,47,0,47,0,1,64,0,65,102,0,102,167
07/08/2021,ASG,AR,ASW,ES,Federal Contract Tower,0,1,25,0,26,0,0,55,0,55,0,1,80,0,81,152,0,152,233
07/09/2021,ASG,AR,ASW,ES,Federal Contract Tower,0,3,11,0,14,0,0,39,0,39,0,3,50,0,53,66,0,66,119
07/10/2021,ASG,AR,ASW,ES,Federal Contract Tower,0,0,19,0,19,0,0,14,0,14,0,0,33,0,33,8,0,8,41
07/11/2021,ASG,AR,ASW,ES,Federal Contract Tower,0,1,15,0,16,0,0,4,0,4,0,1,19,0,20,24,0,24,44
07/12/2021,ASG,AR,ASW,ES,Federal Contract Tower,0,5,23,0,28,0,0,22,0,22,0,5,45,0,50,86,0,86,136
07/13/2021,ASG,AR,ASW,ES,Federal Contract Tower,0,2,25,0,27,0,0,92,0,92,0,2,117,0,119,134,0,134,253
07/14/2021,ASG,AR,ASW,ES,Federal Contract Tower,0,0,13,0,13,0,0,41,0,41,0,0,54,0,54,92,0,92,146
07/15/2021,ASG,AR,ASW,ES,Federal Contract Tower,0,2,25,0,27,0,0,42,0,42,0,2,67,0,69,80,0,80,149
07/16/2021,ASG,AR,ASW,ES,Federal Contract Tower,0,4,18,0,22,0,0,22,0,22,0,4,40,0,44,50,0,50,94
07/17/2021,ASG,AR,ASW,ES,Federal Contract Tower,0,1,15,0,16,0,0,15,0,15,0,1,30,0,31,8,0,8,39
07/18/2021,ASG,AR,ASW,ES,Federal Contract Tower,0,2,14,0,16,0,0,14,0,14,0,2,28,0,30,66,0,66,96
07/19/2021,ASG,AR,ASW,ES,Federal Contract Tower,0,2,16,0,18,0,0,26,0,26,0,2,42,0,44,50,0,50,94
07/20/2021,ASG,AR,ASW,ES,Federal Contract Tower,0,1,19,0,20,0,0,59,0,59,0,1,78,0,79,52,0,52,131
07/21/2021,ASG,AR,ASW,ES,Federal Contract Tower,0,5,17,0,22,0,0,49,0,49,0,5,66,0,71,80,0,80,151
07/22/2021,ASG,AR,ASW,ES,Federal Contract Tower,0,4,26,0,30,0,0,50,0,50,0,4,76,0,80,102,0,102,182
07/23/2021,ASG,AR,ASW,ES,Federal Contract Tower,0,11,18,0,29,0,0,70,0,70,0,11,88,0,99,82,0,82,181
07/24/2021,ASG,AR,ASW,ES,Federal Contract Tower,0,7,14,0,21,0,2,43,0,45,0,9,57,0,66,28,0,28,94
07/25/2021,ASG,AR,ASW,ES,Federal Contract Tower,0,4,8,0,12,0,0,31,0,31,0,4,39,0,43,56,0,56,99
07/26/2021,ASG,AR,ASW,ES,Federal Contract Tower,0,5,15,0,20,0,0,34,0,34,0,5,49,0,54,46,0,46,100
07/27/2021,ASG,AR,ASW,ES,Federal Contract Tower,0,4,24,0,28,0,0,46,0,46,0,4,70,0,74,58,0,58,132
07/28/2021,ASG,AR,ASW,ES,Federal Contract Tower,0,4,14,0,18,0,0,65,0,65,0,4,79,0,83,96,0,96,179
07/29/2021,ASG,AR,ASW,ES,Federal Contract Tower,0,3,22,0,25,0,0,50,0,50,0,3,72,0,75,114,0,114,189
07/30/2021,ASG,AR,ASW,ES,Federal Contract Tower,0,2,15,0,17,0,0,40,0,40,0,2,55,0,57,108,0,108,165
07/31/2021,ASG,AR,ASW,ES,Federal Contract Tower,0,2,13,0,15,0,0,45,0,45,0,2,58,0,60,50,0,50,110
08/01/2021,ASG,AR,ASW,ES,Federal Contract Tower,0,5,12,0,17,0,1,26,0,27,0,6,38,0,44,50,0,50,94
08/02/2021,ASG,AR,ASW,ES,Federal Contract Tower,0,4,21,0,25,0,0,70,0,70,0,4,91,0,95,144,0,144,239
08/03/2021,ASG,AR,ASW,ES,Federal Contract Tower,0,0,16,0,16,0,0,78,0,78,0,0,94,0,94,130,0,130,224
08/04/2021,ASG,AR,ASW,ES,Federal Contract Tower,0,1,24,0,25,0,0,72,0,72,0,1,96,0,97,154,0,154,251
08/05/2021,ASG,AR,ASW,ES,Federal Contract Tower,0,4,22,0,26,0,0,56,0,56,0,4,78,0,82,102,0,102,184
08/06/2021,ASG,AR,ASW,ES,Federal Contract Tower,0,2,23,0,25,0,0,40,0,40,0,2,63,0,65,28,0,28,93
08/07/2021,ASG,AR,ASW,ES,Federal Contract Tower,0,2,9,0,11,0,0,46,0,46,0,2,55,0,57,24,0,24,81
08/08/2021,ASG,AR,ASW,ES,Federal Contract Tower,0,2,10,0,12,0,0,12,0,12,0,2,22,0,24,4,0,4,28
08/09/2021,ASG,AR,ASW,ES,Federal Contract Tower,0,1,17,0,18,0,0,45,0,45,0,1,62,0,63,42,0,42,105
08/10/2021,ASG,AR,ASW,ES,Federal Contract Tower,0,2,11,0,13,0,0,26,0,26,0,2,37,0,39,26,0,26,65
08/11/2021,ASG,AR,ASW,ES,Federal Contract Tower,0,4,16,0,20,0,0,38,0,38,0,4,54,0,58,16,0,16,74
08/12/2021,ASG,AR,ASW,ES,Federal Contract Tower,0,1,20,0,21,0,0,31,0,31,0,1,51,0,52,22,0,22,74
08/13/2021,ASG,AR,ASW,ES,Federal Contract Tower,0,5,18,0,23,0,0,30,0,30,0,5,48,0,53,46,0,46,99
08/14/2021,ASG,AR,ASW,ES,Federal Contract Tower,0,7,17,0,24,0,0,33,0,33,0,7,50,0,57,64,0,64,121
08/15/2021,ASG,AR,ASW,ES,Federal Contract Tower,0,5,16,0,21,0,1,28,0,29,0,6,44,0,50,46,0,46,96
08/16/2021,ASG,AR,ASW,ES,Federal Contract Tower,0,5,10,0,15,0,0,38,0,38,0,5,48,0,53,92,0,92,145
08/17/2021,ASG,AR,ASW,ES,Federal Contract Tower,0,1,22,0,23,0,0,19,0,19,0,1,41,0,42,62,0,62,104
08/18/2021,ASG,AR,ASW,ES,Federal Contract Tower,0,3,16,0,19,0,0,13,0,13,0,3,29,0,32,46,0,46,78
08/19/2021,ASG,AR,ASW,ES,Federal Contract Tower,0,0,13,0,13,0,0,26,0,26,0,0,39,0,39,98,0,98,137
08/20/2021,ASG,AR,ASW,ES,Federal Contract Tower,0,2,28,0,30,0,0,33,0,33,0,2,61,0,63,54,0,54,117
08/21/2021,ASG,AR,ASW,ES,Federal Contract Tower,0,6,3,0,9,0,0,28,0,28,0,6,31,0,37,48,0,48,85
08/22/2021,ASG,AR,ASW,ES,Federal Contract Tower,0,3,15,0,18,0,0,46,0,46,0,3,61,0,64,70,0,70,134
08/23/2021,ASG,AR,ASW,ES,Federal Contract Tower,0,2,12,0,14,0,0,49,0,49,0,2,61,0,63,12,0,12,75
08/24/2021,ASG,AR,ASW,ES,Federal Contract Tower,0,6,16,0,22,0,0,26,0,26,0,6,42,0,48,26,0,26,74
08/25/2021,ASG,AR,ASW,ES,Federal Contract Tower,0,2,19,0,21,0,0,40,0,40,0,2,59,0,61,58,0,58,119
08/26/2021,ASG,AR,ASW,ES,Federal Contract Tower,0,4,14,0,18,0,0,46,0,46,0,4,60,0,64,80,0,80,144
08/27/2021,ASG,AR,ASW,ES,Federal Contract Tower,0,5,19,0,24,0,0,53,0,53,0,5,72,0,77,44,0,44,121
08/28/2021,ASG,AR,ASW,ES,Federal Contract Tower,0,3,17,0,20,0,0,51,0,51,0,3,68,0,71,40,0,40,111
08/29/2021,ASG,AR,ASW,ES,Federal Contract Tower,0,5,13,0,18,0,0,31,0,31,0,5,44,0,49,72,0,72,121
08/30/2021,ASG,AR,ASW,ES,Federal Contract Tower,0,1,15,0,16,0,0,47,0,47,0,1,62,0,63,46,0,46,109
08/31/2021,ASG,AR,ASW,ES,Federal Contract Tower,0,0,19,0,19,0,0,37,0,37,0,0,56,0,56,18,0,18,74
09/01/2021,ASG,AR,ASW,ES,Federal Contract Tower,0,3,23,0,26,0,0,41,0,41,0,3,64,0,67,22,0,22,89
09/02/2021,ASG,AR,ASW,ES,Federal Contract Tower,0,3,20,0,23,0,0,32,0,32,0,3,52,0,55,36,0,36,91
09/03/2021,ASG,AR,ASW,ES,Federal Contract Tower,0,2,17,0,19,0,0,24,0,24,0,2,41,0,43,36,0,36,79
09/04/2021,ASG,AR,ASW,ES,Federal Contract Tower,0,0,15,0,15,0,0,34,0,34,0,0,49,0,49,14,0,14,63
09/05/2021,ASG,AR,ASW,ES,Federal Contract Tower,0,0,8,0,8,0,0,28,0,28,0,0,36,0,36,28,0,28,64
09/06/2021,ASG,AR,ASW,ES,Federal Contract Tower,0,0,15,0,15,0,1,53,2,56,0,1,68,2,71,62,0,62,133
09/07/2021,ASG,AR,ASW,ES,Federal Contract Tower,0,3,19,0,22,0,0,55,0,55,0,3,74,0,77,64,0,64,141
09/08/2021,ASG,AR,ASW,ES,Federal Contract Tower,0,1,16,0,17,0,0,34,0,34,0,1,50,0,51,58,0,58,109
09/09/2021,ASG,AR,ASW,ES,Federal Contract Tower,0,3,37,0,40,0,0,60,0,60,0,3,97,0,100,108,0,108,208
09/10/2021,ASG,AR,ASW,ES,Federal Contract Tower,0,0,21,0,21,0,0,50,0,50,0,0,71,0,71,114,0,114,185
09/11/2021,ASG,AR,ASW,ES,Federal Contract Tower,0,8,16,0,24,0,0,45,0,45,0,8,61,0,69,42,0,42,111
09/12/2021,ASG,AR,ASW,ES,Federal Contract Tower,0,3,25,0,28,0,0,51,0,51,0,3,76,0,79,70,0,70,149
09/13/2021,ASG,AR,ASW,ES,Federal Contract Tower,0,1,13,0,14,0,0,36,0,36,0,1,49,0,50,36,0,36,86
09/14/2021,ASG,AR,ASW,ES,Federal Contract Tower,0,3,18,0,21,0,0,61,0,61,0,3,79,0,82,82,0,82,164
09/15/2021,ASG,AR,ASW,ES,Federal Contract Tower,0,3,9,0,12,0,0,33,0,33,0,3,42,0,45,44,0,44,89
09/16/2021,ASG,AR,ASW,ES,Federal Contract Tower,0,0,20,0,20,0,0,48,0,48,0,0,68,0,68,82,0,82,150
09/17/2021,ASG,AR,ASW,ES,Federal Contract Tower,0,2,19,0,21,0,0,58,0,58,0,2,77,0,79,28,0,28,107
09/19/2021,ASG,AR,ASW,ES,Federal Contract Tower,0,7,19,0,26,0,0,31,0,31,0,7,50,0,57,24,0,24,81
09/20/2021,ASG,AR,ASW,ES,Federal Contract Tower,0,4,12,0,16,0,0,53,0,53,0,4,65,0,69,96,0,96,165
09/21/2021,ASG,AR,ASW,ES,Federal Contract Tower,0,6,17,0,23,0,0,10,0,10,0,6,27,0,33,24,0,24,57
09/22/2021,ASG,AR,ASW,ES,Federal Contract Tower,0,2,24,0,26,0,0,47,0,47,0,2,71,0,73,66,0,66,139
09/23/2021,ASG,AR,ASW,ES,Federal Contract Tower,0,5,26,0,31,0,0,67,0,67,0,5,93,0,98,110,0,110,208
09/24/2021,ASG,AR,ASW,ES,Federal Contract Tower,0,3,17,0,20,0,2,43,0,45,0,5,60,0,65,158,0,158,223
09/25/2021,ASG,AR,ASW,ES,Federal Contract Tower,0,2,7,0,9,0,0,33,0,33,0,2,40,0,42,80,0,80,122
09/26/2021,ASG,AR,ASW,ES,Federal Contract Tower,0,1,21,0,22,0,0,43,0,43,0,1,64,0,65,38,0,38,103
09/27/2021,ASG,AR,ASW,ES,Federal Contract Tower,0,1,11,0,12,0,0,46,0,46,0,1,57,0,58,74,0,74,132
09/28/2021,ASG,AR,ASW,ES,Federal Contract Tower,0,1,24,0,25,0,2,61,0,63,0,3,85,0,88,80,0,80,168
09/29/2021,ASG,AR,ASW,ES,Federal Contract Tower,0,2,21,0,23,0,0,28,0,28,0,2,49,0,51,64,0,64,115
09/30/2021,ASG,AR,ASW,ES,Federal Contract Tower,0,2,16,0,18,0,0,16,0,16,0,2,32,0,34,22,0,22,56
10/01/2021,ASG,AR,ASW,ES,Federal Contract Tower,0,7,15,0,22,0,0,7,0,7,0,7,22,0,29,24,0,24,53
10/02/2021,ASG,AR,ASW,ES,Federal Contract Tower,0,4,2,0,6,0,0,0,0,0,0,4,2,0,6,0,0,0,6
10/03/2021,ASG,AR,ASW,ES,Federal Contract Tower,0,1,18,0,19,0,0,25,0,25,0,1,43,0,44,40,0,40,84
10/04/2021,ASG,AR,ASW,ES,Federal Contract Tower,0,4,9,0,13,0,0,46,0,46,0,4,55,0,59,66,0,66,125
10/05/2021,ASG,AR,ASW,ES,Federal Contract Tower,0,8,27,0,35,0,0,61,0,61,0,8,88,0,96,42,0,42,138
10/06/2021,ASG,AR,ASW,ES,Federal Contract Tower,0,8,31,0,39,0,0,46,0,46,0,8,77,0,85,82,0,82,167
10/07/2021,ASG,AR,ASW,ES,Federal Contract Tower,0,3,34,0,37,0,0,76,0,76,0,3,110,0,113,114,0,114,227
10/08/2021,ASG,AR,ASW,ES,Federal Contract Tower,0,6,24,0,30,0,0,42,0,42,0,6,66,0,72,52,0,52,124
10/09/2021,ASG,AR,ASW,ES,Federal Contract Tower,0,5,8,0,13,0,0,18,0,18,0,5,26,0,31,52,0,52,83
10/10/2021,ASG,AR,ASW,ES,Federal Contract Tower,0,4,11,0,15,0,0,14,0,14,0,4,25,0,29,6,0,6,35
10/11/2021,ASG,AR,ASW,ES,Federal Contract Tower,0,0,22,0,22,0,0,3,0,3,0,0,25,0,25,0,0,0,25
10/12/2021,ASG,AR,ASW,ES,Federal Contract Tower,0,11,29,0,40,0,0,72,0,72,0,11,101,0,112,86,0,86,198
10/13/2021,ASG,AR,ASW,ES,Federal Contract Tower,0,2,14,0,16,0,0,1,0,1,0,2,15,0,17,0,0,0,17
10/14/2021,ASG,AR,ASW,ES,Federal Contract Tower,0,4,57,0,61,0,0,3,0,3,0,4,60,0,64,16,0,16,80
10/15/2021,ASG,AR,ASW,ES,Federal Contract Tower,0,5,21,0,26,0,0,2,0,2,0,5,23,0,28,0,0,0,28
10/16/2021,ASG,AR,ASW,ES,Federal Contract Tower,0,1,20,0,21,0,0,63,0,63,0,1,83,0,84,58,0,58,142
10/19/2021,ASG,AR,ASW,ES,Federal Contract Tower,0,1,20,0,21,0,0,30,0,30,0,1,50,0,51,54,0,54,105
10/20/2021,ASG,AR,ASW,ES,Federal Contract Tower,0,3,20,0,23,0,0,27,0,27,0,3,47,0,50,2,0,2,52
10/21/2021,ASG,AR,ASW,ES,Federal Contract Tower,0,7,10,0,17,0,0,60,0,60,0,7,70,0,77,126,0,126,203
10/22/2021,ASG,AR,ASW,ES,Federal Contract Tower,0,9,19,0,28,0,0,53,0,53,0,9,72,0,81,82,0,82,163
10/23/2021,ASG,AR,ASW,ES,Federal Contract Tower,0,2,6,0,8,0,0,26,0,26,0,2,32,0,34,0,0,0,34
10/24/2021,ASG,AR,ASW,ES,Federal Contract Tower,0,6,9,0,15,0,0,2,0,2,0,6,11,0,17,0,0,0,17
10/25/2021,ASG,AR,ASW,ES,Federal Contract Tower,0,6,25,0,31,0,0,47,0,47,0,6,72,0,78,86,0,86,164
10/26/2021,ASG,AR,ASW,ES,Federal Contract Tower,0,2,21,0,23,0,1,40,0,41,0,3,61,0,64,106,0,106,170
10/27/2021,ASG,AR,ASW,ES,Federal Contract Tower,0,3,14,0,17,0,0,0,0,0,0,3,14,0,17,0,0,0,17
10/28/2021,ASG,AR,ASW,ES,Federal Contract Tower,0,4,16,0,20,0,0,0,0,0,0,4,16,0,20,0,0,0,20
10/29/2021,ASG,AR,ASW,ES,Federal Contract Tower,0,3,9,0,12,0,0,5,0,5,0,3,14,0,17,0,0,0,17
10/30/2021,ASG,AR,ASW,ES,Federal Contract Tower,0,1,10,0,11,0,0,43,0,43,0,1,53,0,54,30,0,30,84
10/31/2021,ASG,AR,ASW,ES,Federal Contract Tower,0,1,8,0,9,0,0,31,0,31,0,1,39,0,40,118,0,118,158
11/01/2021,ASG,AR,ASW,ES,Federal Contract Tower,0,5,19,0,24,0,0,11,0,11,0,5,30,0,35,0,0,0,35
11/02/2021,ASG,AR,ASW,ES,Federal Contract Tower,0,3,19,0,22,0,0,3,0,3,0,3,22,0,25,0,0,0,25
11/03/2021,ASG,AR,ASW,ES,Federal Contract Tower,0,2,15,0,17,0,0,16,0,16,0,2,31,0,33,8,0,8,41
11/04/2021,ASG,AR,ASW,ES,Federal Contract Tower,0,1,28,0,29,0,2,30,0,32,0,3,58,0,61,74,0,74,135
11/05/2021,ASG,AR,ASW,ES,Federal Contract Tower,0,0,32,0,32,0,0,54,0,54,0,0,86,0,86,96,0,96,182
11/06/2021,ASG,AR,ASW,ES,Federal Contract Tower,0,2,20,0,22,0,0,66,0,66,0,2,86,0,88,58,0,58,146
11/07/2021,ASG,AR,ASW,ES,Federal Contract Tower,0,1,21,0,22,0,0,57,0,57,0,1,78,0,79,18,0,18,97
11/08/2021,ASG,AR,ASW,ES,Federal Contract Tower,0,3,14,0,17,0,0,39,0,39,0,3,53,0,56,46,0,46,102
11/09/2021,ASG,AR,ASW,ES,Federal Contract Tower,0,2,23,0,25,0,0,43,4,47,0,2,66,4,72,68,0,68,140
11/10/2021,ASG,AR,ASW,ES,Federal Contract Tower,0,4,24,0,28,0,0,10,0,10,0,4,34,0,38,20,0,20,58
11/11/2021,ASG,AR,ASW,ES,Federal Contract Tower,0,0,26,0,26,0,0,51,0,51,0,0,77,0,77,56,0,56,133
11/12/2021,ASG,AR,ASW,ES,Federal Contract Tower,0,2,13,0,15,0,0,14,0,14,0,2,27,0,29,12,0,12,41
11/13/2021,ASG,AR,ASW,ES,Federal Contract Tower,0,1,6,0,7,0,0,43,0,43,0,1,49,0,50,44,0,44,94
11/14/2021,ASG,AR,ASW,ES,Federal Contract Tower,0,2,12,0,14,0,0,42,0,42,0,2,54,0,56,44,0,44,100
11/15/2021,ASG,AR,ASW,ES,Federal Contract Tower,0,2,15,0,17,0,0,43,0,43,0,2,58,0,60,48,0,48,108
11/16/2021,ASG,AR,ASW,ES,Federal Contract Tower,0,3,13,0,16,0,2,23,0,25,0,5,36,0,41,18,0,18,59
11/17/2021,ASG,AR,ASW,ES,Federal Contract Tower,0,2,24,0,26,0,0,3,0,3,0,2,27,0,29,12,0,12,41
11/18/2021,ASG,AR,ASW,ES,Federal Contract Tower,0,2,22,0,24,0,0,71,0,71,0,2,93,0,95,44,0,44,139
11/19/2021,ASG,AR,ASW,ES,Federal Contract Tower,0,0,20,0,20,0,0,73,0,73,0,0,93,0,93,82,0,82,175
11/20/2021,ASG,AR,ASW,ES,Federal Contract Tower,0,5,18,0,23,0,0,63,0,63,0,5,81,0,86,16,0,16,102
11/21/2021,ASG,AR,ASW,ES,Federal Contract Tower,0,1,13,0,14,0,0,11,0,11,0,1,24,0,25,6,0,6,31
11/22/2021,ASG,AR,ASW,ES,Federal Contract Tower,0,1,13,0,14,0,0,36,0,36,0,1,49,0,50,20,0,20,70
11/23/2021,ASG,AR,ASW,ES,Federal Contract Tower,0,5,18,0,23,0,0,48,0,48,0,5,66,0,71,20,0,20,91
11/24/2021,ASG,AR,ASW,ES,Federal Contract Tower,0,0,14,0,14,0,0,5,0,5,0,0,19,0,19,0,0,0,19
11/25/2021,ASG,AR,ASW,ES,Federal Contract Tower,0,0,7,0,7,0,0,3,0,3,0,0,10,0,10,0,0,0,10
11/26/2021,ASG,AR,ASW,ES,Federal Contract Tower,0,5,12,0,17,0,0,16,0,16,0,5,28,0,33,2,0,2,35
11/27/2021,ASG,AR,ASW,ES,Federal Contract Tower,0,2,5,0,7,0,0,30,0,30,0,2,35,0,37,12,0,12,49
11/28/2021,ASG,AR,ASW,ES,Federal Contract Tower,0,4,10,0,14,0,0,39,0,39,0,4,49,0,53,48,0,48,101
11/29/2021,ASG,AR,ASW,ES,Federal Contract Tower,0,5,14,0,19,0,1,30,0,31,0,6,44,0,50,20,0,20,70
11/30/2021,ASG,AR,ASW,ES,Federal Contract Tower,0,5,8,0,13,0,0,74,0,74,0,5,82,0,87,138,0,138,225
12/01/2021,ASG,AR,ASW,ES,Federal Contract Tower,0,10,10,0,20,0,0,39,0,39,0,10,49,0,59,38,0,38,97
12/02/2021,ASG,AR,ASW,ES,Federal Contract Tower,0,3,17,0,20,0,1,92,0,93,0,4,109,0,113,56,0,56,169
12/03/2021,ASG,AR,ASW,ES,Federal Contract Tower,0,3,20,0,23,0,0,68,0,68,0,3,88,0,91,106,0,106,197
12/04/2021,ASG,AR,ASW,ES,Federal Contract Tower,0,0,16,0,16,0,0,35,0,35,0,0,51,0,51,6,0,6,57
12/05/2021,ASG,AR,ASW,ES,Federal Contract Tower,0,9,2,0,11,0,0,7,0,7,0,9,9,0,18,2,0,2,20
12/06/2021,ASG,AR,ASW,ES,Federal Contract Tower,0,0,16,0,16,0,0,34,1,35,0,0,50,1,51,32,0,32,83
12/07/2021,ASG,AR,ASW,ES,Federal Contract Tower,0,5,14,0,19,0,0,47,0,47,0,5,61,0,66,58,0,58,124
12/08/2021,ASG,AR,ASW,ES,Federal Contract Tower,0,4,17,0,21,0,0,71,0,71,0,4,88,0,92,44,0,44,136
12/09/2021,ASG,AR,ASW,ES,Federal Contract Tower,0,1,13,0,14,0,0,40,0,40,0,1,53,0,54,24,0,24,78
12/10/2021,ASG,AR,ASW,ES,Federal Contract Tower,0,2,7,0,9,0,0,10,0,10,0,2,17,0,19,54,0,54,73
12/11/2021,ASG,AR,ASW,ES,Federal Contract Tower,0,2,8,0,10,0,0,39,0,39,0,2,47,0,49,58,0,58,107
12/12/2021,ASG,AR,ASW,ES,Federal Contract Tower,0,6,17,0,23,0,0,50,0,50,0,6,67,0,73,54,0,54,127
12/13/2021,ASG,AR,ASW,ES,Federal Contract Tower,0,1,19,0,20,0,2,86,0,88,0,3,105,0,108,124,0,124,232
12/14/2021,ASG,AR,ASW,ES,Federal Contract Tower,0,1,15,0,16,0,0,3,0,3,0,1,18,0,19,2,0,2,21
12/15/2021,ASG,AR,ASW,ES,Federal Contract Tower,0,4,15,0,19,0,2,7,0,9,0,6,22,0,28,4,0,4,32
12/16/2021,ASG,AR,ASW,ES,Federal Contract Tower,0,0,11,0,11,0,0,64,2,66,0,0,75,2,77,84,0,84,161
12/17/2021,ASG,AR,ASW,ES,Federal Contract Tower,0,2,6,0,8,0,0,0,0,0,0,2,6,0,8,0,0,0,8
12/18/2021,ASG,AR,ASW,ES,Federal Contract Tower,0,4,8,0,12,0,0,40,0,40,0,4,48,0,52,88,0,88,140
12/19/2021,ASG,AR,ASW,ES,Federal Contract Tower,0,12,0,0,12,0,0,50,0,50,0,12,50,0,62,98,0,98,160
12/20/2021,ASG,AR,ASW,ES,Federal Contract Tower,0,3,14,0,17,0,0,60,0,60,0,3,74,0,77,86,0,86,163
12/21/2021,ASG,AR,ASW,ES,Federal Contract Tower,0,3,15,0,18,0,0,52,2,54,0,3,67,2,72,42,0,42,114
12/22/2021,ASG,AR,ASW,ES,Federal Contract Tower,0,1,13,0,14,0,0,78,0,78,0,1,91,0,92,100,0,100,192
12/23/2021,ASG,AR,ASW,ES,Federal Contract Tower,0,2,11,0,13,0,0,33,0,33,0,2,44,0,46,0,0,0,46
12/24/2021,ASG,AR,ASW,ES,Federal Contract Tower,0,1,2,0,3,0,0,2,0,2,0,1,4,0,5,0,0,0,5
12/25/2021,ASG,AR,ASW,ES,Federal Contract Tower,0,0,5,0,5,0,0,7,0,7,0,0,12,0,12,0,0,0,12
12/26/2021,ASG,AR,ASW,ES,Federal Contract Tower,0,3,4,0,7,0,0,20,0,20,0,3,24,0,27,14,0,14,41
12/28/2021,ASG,AR,ASW,ES,Federal Contract Tower,0,2,10,0,12,0,0,19,0,19,0,2,29,0,31,2,0,2,33
12/29/2021,ASG,AR,ASW,ES,Federal Contract Tower,0,2,14,0,16,0,0,19,0,19,0,2,33,0,35,58,0,58,93
12/30/2021,ASG,AR,ASW,ES,Federal Contract Tower,0,6,10,0,16,0,0,59,0,59,0,6,69,0,75,34,0,34,109
12/31/2021,ASG,AR,ASW,ES,Federal Contract Tower,0,9,8,0,17,0,2,33,0,35,0,11,41,0,52,14,0,14,66
01/01/2022,ASG,AR,ASW,ES,Federal Contract Tower,0,3,2,0,5,0,0,0,0,0,0,3,2,0,5,0,0,0,5
01/02/2022,ASG,AR,ASW,ES,Federal Contract Tower,0,2,16,0,18,0,0,1,0,1,0,2,17,0,19,0,0,0,19
01/03/2022,ASG,AR,ASW,ES,Federal Contract Tower,0,4,18,0,22,0,0,54,0,54,0,4,72,0,76,4,0,4,80
01/04/2022,ASG,AR,ASW,ES,Federal Contract Tower,0,2,17,0,19,0,0,16,0,16,0,2,33,0,35,6,0,6,41
01/05/2022,ASG,AR,ASW,ES,Federal Contract Tower,0,5,12,0,17,0,2,51,0,53,0,7,63,0,70,86,0,86,156
01/06/2022,ASG,AR,ASW,ES,Federal Contract Tower,0,3,9,0,12,0,0,10,0,10,0,3,19,0,22,30,0,30,52
01/07/2022,ASG,AR,ASW,ES,Federal Contract Tower,0,0,16,0,16,0,0,38,1,39,0,0,54,1,55,100,0,100,155
01/08/2022,ASG,AR,ASW,ES,Federal Contract Tower,0,6,4,0,10,0,0,2,0,2,0,6,6,0,12,0,0,0,12
01/09/2022,ASG,AR,ASW,ES,Federal Contract Tower,0,4,15,0,19,0,0,16,0,16,0,4,31,0,35,0,0,0,35
01/10/2022,ASG,AR,ASW,ES,Federal Contract Tower,0,2,7,0,9,0,0,59,0,59,0,2,66,0,68,74,0,74,142
01/11/2022,ASG,AR,ASW,ES,Federal Contract Tower,0,0,13,0,13,0,0,45,0,45,0,0,58,0,58,60,0,60,118
01/12/2022,ASG,AR,ASW,ES,Federal Contract Tower,0,1,20,0,21,0,0,46,0,46,0,1,66,0,67,58,0,58,125
01/13/2022,ASG,AR,ASW,ES,Federal Contract Tower,0,1,14,0,15,0,0,57,0,57,0,1,71,0,72,58,0,58,130
01/14/2022,ASG,AR,ASW,ES,Federal Contract Tower,0,3,43,0,46,0,0,33,0,33,0,3,76,0,79,86,0,86,165
01/15/2022,ASG,AR,ASW,ES,Federal Contract Tower,0,0,2,0,2,0,0,0,0,0,0,0,2,0,2,0,0,0,2
01/16/2022,ASG,AR,ASW,ES,Federal Contract Tower,0,5,4,0,9,0,0,0,0,0,0,5,4,0,9,0,0,0,9
01/17/2022,ASG,AR,ASW,ES,Federal Contract Tower,0,4,8,0,12,0,0,43,0,43,0,4,51,0,55,18,0,18,73
01/18/2022,ASG,AR,ASW,ES,Federal Contract Tower,0,3,16,0,19,0,0,58,0,58,0,3,74,0,77,26,0,26,103
01/19/2022,ASG,AR,ASW,ES,Federal Contract Tower,0,1,14,0,15,0,0,5,0,5,0,1,19,0,20,10,0,10,30
01/20/2022,ASG,AR,ASW,ES,Federal Contract Tower,0,6,13,0,19,0,0,23,0,23,0,6,36,0,42,16,0,16,58
01/21/2022,ASG,AR,ASW,ES,Federal Contract Tower,0,0,21,0,21,0,0,75,0,75,0,0,96,0,96,80,0,80,176
01/22/2022,ASG,AR,ASW,ES,Federal Contract Tower,0,0,14,0,14,0,0,47,0,47,0,0,61,0,61,70,0,70,131
01/23/2022,ASG,AR,ASW,ES,Federal Contract Tower,0,0,19,0,19,0,0,57,0,57,0,0,76,0,76,86,0,86,162
01/24/2022,ASG,AR,ASW,ES,Federal Contract Tower,0,4,16,0,20,0,0,35,0,35,0,4,51,0,55,42,0,42,97
01/25/2022,ASG,AR,ASW,ES,Federal Contract Tower,0,2,18,0,20,0,0,41,0,41,0,2,59,0,61,60,0,60,121
01/26/2022,ASG,AR,ASW,ES,Federal Contract Tower,0,5,18,0,23,0,0,23,0,23,0,5,41,0,46,48,0,48,94
01/27/2022,ASG,AR,ASW,ES,Federal Contract Tower,0,1,10,0,11,0,2,16,0,18,0,3,26,0,29,58,0,58,87
01/28/2022,ASG,AR,ASW,ES,Federal Contract Tower,0,0,12,0,12,0,0,36,0,36,0,0,48,0,48,68,0,68,116
01/29/2022,ASG,AR,ASW,ES,Federal Contract Tower,0,0,10,0,10,0,0,44,0,44,0,0,54,0,54,46,0,46,100
01/30/2022,ASG,AR,ASW,ES,Federal Contract Tower,0,0,22,0,22,0,0,47,0,47,0,0,69,0,69,180,0,180,249
01/31/2022,ASG,AR,ASW,ES,Federal Contract Tower,0,0,8,0,8,0,0,74,0,74,0,0,82,0,82,90,0,90,172
02/01/2022,ASG,AR,ASW,ES,Federal Contract Tower,0,4,12,0,16,0,0,41,0,41,0,4,53,0,57,38,0,38,95
02/02/2022,ASG,AR,ASW,ES,Federal Contract Tower,0,0,2,0,2,0,0,0,0,0,0,0,2,0,2,0,0,0,2
02/03/2022,ASG,AR,ASW,ES,Federal Contract Tower,0,0,1,0,1,0,0,0,0,0,0,0,1,0,1,0,0,0,1
02/04/2022,ASG,AR,ASW,ES,Federal Contract Tower,0,0,0,0,0,0,0,2,0,2,0,0,2,0,2,0,0,0,2
02/05/2022,ASG,AR,ASW,ES,Federal Contract Tower,0,0,5,0,5,0,0,19,0,19,0,0,24,0,24,6,0,6,30
02/06/2022,ASG,AR,ASW,ES,Federal Contract Tower,0,0,4,0,4,0,0,23,0,23,0,0,27,0,27,40,0,40,67
02/07/2022,ASG,AR,ASW,ES,Federal Contract Tower,0,1,11,0,12,0,0,48,0,48,0,1,59,0,60,140,0,140,200
02/08/2022,ASG,AR,ASW,ES,Federal Contract Tower,0,3,21,0,24,0,0,47,0,47,0,3,68,0,71,50,0,50,121
02/09/2022,ASG,AR,ASW,ES,Federal Contract Tower,0,8,28,0,36,0,0,62,0,62,0,8,90,0,98,40,0,40,138
02/10/2022,ASG,AR,ASW,ES,Federal Contract Tower,0,9,12,0,21,0,0,98,0,98,0,9,110,0,119,100,0,100,219
02/11/2022,ASG,AR,ASW,ES,Federal Contract Tower,0,3,15,0,18,0,0,38,0,38,0,3,53,0,56,30,0,30,86
02/12/2022,ASG,AR,ASW,ES,Federal Contract Tower,0,4,7,0,11,0,0,50,0,50,0,4,57,0,61,50,0,50,111
02/13/2022,ASG,AR,ASW,ES,Federal Contract Tower,0,0,2,0,2,0,0,35,0,35,0,0,37,0,37,32,0,32,69
02/14/2022,ASG,AR,ASW,ES,Federal Contract Tower,0,6,16,0,22,0,0,84,0,84,0,6,100,0,106,64,0,64,170
02/15/2022,ASG,AR,ASW,ES,Federal Contract Tower,0,4,28,0,32,0,0,21,0,21,0,4,49,0,53,4,0,4,57
02/16/2022,ASG,AR,ASW,ES,Federal Contract Tower,0,0,12,0,12,0,0,3,0,3,0,0,15,0,15,0,0,0,15
02/17/2022,ASG,AR,ASW,ES,Federal Contract Tower,0,2,5,0,7,0,0,1,0,1,0,2,6,0,8,0,0,0,8
02/18/2022,ASG,AR,ASW,ES,Federal Contract Tower,0,4,11,0,15,0,0,51,0,51,0,4,62,0,66,66,0,66,132
02/19/2022,ASG,AR,ASW,ES,Federal Contract Tower,0,2,12,0,14,0,0,60,0,60,0,2,72,0,74,106,0,106,180
02/20/2022,ASG,AR,ASW,ES,Federal Contract Tower,0,2,5,0,7,0,0,27,0,27,0,2,32,0,34,12,0,12,46
02/21/2022,ASG,AR,ASW,ES,Federal Contract Tower,0,0,4,0,4,0,0,8,0,8,0,0,12,0,12,18,0,18,30
02/22/2022,ASG,AR,ASW,ES,Federal Contract Tower,0,0,15,0,15,0,0,0,0,0,0,0,15,0,15,0,0,0,15
02/23/2022,ASG,AR,ASW,ES,Federal Contract Tower,0,2,2,0,4,0,0,1,0,1,0,2,3,0,5,0,0,0,5
02/24/2022,ASG,AR,ASW,ES,Federal Contract Tower,0,0,0,0,0,0,0,0,0,0,0,0,0,0,0,0,0,0,0
02/25/2022,ASG,AR,ASW,ES,Federal Contract Tower,0,2,18,0,20,0,0,7,0,7,0,2,25,0,27,0,0,0,27
02/26/2022,ASG,AR,ASW,ES,Federal Contract Tower,0,4,9,0,13,0,0,44,0,44,0,4,53,0,57,64,0,64,121
02/27/2022,ASG,AR,ASW,ES,Federal Contract Tower,0,1,9,0,10,0,0,58,0,58,0,1,67,0,68,104,0,104,172
02/28/2022,ASG,AR,ASW,ES,Federal Contract Tower,0,0,16,0,16,0,0,57,0,57,0,0,73,0,73,76,0,76,149
03/01/2022,ASG,AR,ASW,ES,Federal Contract Tower,0,9,17,0,26,0,0,50,0,50,0,9,67,0,76,18,0,18,94
03/02/2022,ASG,AR,ASW,ES,Federal Contract Tower,0,3,31,0,34,0,0,73,0,73,0,3,104,0,107,116,0,116,223
03/03/2022,ASG,AR,ASW,ES,Federal Contract Tower,0,3,28,0,31,0,0,73,0,73,0,3,101,0,104,104,0,104,208
03/04/2022,ASG,AR,ASW,ES,Federal Contract Tower,0,4,18,0,22,0,0,24,0,24,0,4,42,0,46,22,0,22,68
03/05/2022,ASG,AR,ASW,ES,Federal Contract Tower,0,9,4,0,13,0,0,0,0,0,0,9,4,0,13,0,0,0,13
03/06/2022,ASG,AR,ASW,ES,Federal Contract Tower,0,3,10,0,13,0,0,2,0,2,0,3,12,0,15,0,0,0,15
03/07/2022,ASG,AR,ASW,ES,Federal Contract Tower,0,3,10,0,13,0,0,4,0,4,0,3,14,0,17,20,0,20,37
03/08/2022,ASG,AR,ASW,ES,Federal Contract Tower,0,2,17,0,19,0,0,54,0,54,0,2,71,0,73,82,0,82,155
03/09/2022,ASG,AR,ASW,ES,Federal Contract Tower,0,4,9,0,13,0,0,71,0,71,0,4,80,0,84,60,0,60,144
03/10/2022,ASG,AR,ASW,ES,Federal Contract Tower,0,6,14,0,20,0,0,53,0,53,0,6,67,0,73,66,0,66,139
03/11/2022,ASG,AR,ASW,ES,Federal Contract Tower,0,0,0,0,0,0,0,0,0,0,0,0,0,0,0,0,0,0,0
03/12/2022,ASG,AR,ASW,ES,Federal Contract Tower,0,0,4,0,4,0,0,33,0,33,0,0,37,0,37,72,0,72,109
03/13/2022,ASG,AR,ASW,ES,Federal Contract Tower,0,4,6,0,10,0,0,9,0,9,0,4,15,0,19,0,0,0,19
03/14/2022,ASG,AR,ASW,ES,Federal Contract Tower,0,5,21,0,26,0,0,5,0,5,0,5,26,0,31,36,0,36,67
03/15/2022,ASG,AR,ASW,ES,Federal Contract Tower,0,3,17,0,20,0,0,41,0,41,0,3,58,0,61,48,0,48,109
03/16/2022,ASG,AR,ASW,ES,Federal Contract Tower,0,1,25,0,26,0,1,81,0,82,0,2,106,0,108,132,0,132,240
03/17/2022,ASG,AR,ASW,ES,Federal Contract Tower,0,7,24,0,31,0,0,42,0,42,0,7,66,0,73,158,0,158,231
03/18/2022,ASG,AR,ASW,ES,Federal Contract Tower,0,4,13,0,17,0,0,0,0,0,0,4,13,0,17,0,0,0,17
03/19/2022,ASG,AR,ASW,ES,Federal Contract Tower,0,4,11,0,15,0,0,52,0,52,0,4,63,0,67,82,0,82,149
03/20/2022,ASG,AR,ASW,ES,Federal Contract Tower,0,2,11,0,13,0,0,31,0,31,0,2,42,0,44,32,0,32,76
03/21/2022,ASG,AR,ASW,ES,Federal Contract Tower,0,4,11,0,15,0,0,12,0,12,0,4,23,0,27,0,0,0,27
03/22/2022,ASG,AR,ASW,ES,Federal Contract Tower,0,15,12,0,27,0,0,2,0,2,0,15,14,0,29,0,0,0,29
03/23/2022,ASG,AR,ASW,ES,Federal Contract Tower,0,6,9,0,15,0,0,0,0,0,0,6,9,0,15,0,0,0,15
03/24/2022,ASG,AR,ASW,ES,Federal Contract Tower,0,4,6,0,10,0,0,5,0,5,0,4,11,0,15,6,0,6,21
03/25/2022,ASG,AR,ASW,ES,Federal Contract Tower,0,2,16,0,18,0,0,77,0,77,0,2,93,0,95,66,0,66,161
03/26/2022,ASG,AR,ASW,ES,Federal Contract Tower,0,2,7,0,9,0,2,80,0,82,0,4,87,0,91,70,0,70,161
03/27/2022,ASG,AR,ASW,ES,Federal Contract Tower,0,3,10,0,13,0,0,28,0,28,0,3,38,0,41,20,0,20,61
03/28/2022,ASG,AR,ASW,ES,Federal Contract Tower,0,2,14,0,16,0,0,51,0,51,0,2,65,0,67,52,0,52,119
03/29/2022,ASG,AR,ASW,ES,Federal Contract Tower,0,5,14,0,19,0,2,7,0,9,0,7,21,0,28,2,0,2,30
03/30/2022,ASG,AR,ASW,ES,Federal Contract Tower,0,0,0,0,0,0,0,0,0,0,0,0,0,0,0,0,0,0,0
03/31/2022,ASG,AR,ASW,ES,Federal Contract Tower,0,4,9,0,13,0,0,13,0,13,0,4,22,0,26,20,0,20,46
04/01/2022,ASG,AR,ASW,ES,Federal Contract Tower,0,2,16,0,18,0,1,54,0,55,0,3,70,0,73,136,0,136,209
04/02/2022,ASG,AR,ASW,ES,Federal Contract Tower,0,5,7,0,12,0,0,42,0,42,0,5,49,0,54,16,0,16,70
04/03/2022,ASG,AR,ASW,ES,Federal Contract Tower,0,2,13,0,15,0,0,29,0,29,0,2,42,0,44,40,0,40,84
04/04/2022,ASG,AR,ASW,ES,Federal Contract Tower,0,6,11,0,17,0,0,6,0,6,0,6,17,0,23,6,0,6,29
04/05/2022,ASG,AR,ASW,ES,Federal Contract Tower,0,2,17,0,19,0,0,26,0,26,0,2,43,0,45,56,0,56,101
04/06/2022,ASG,AR,ASW,ES,Federal Contract Tower,0,4,20,0,24,0,0,36,0,36,0,4,56,0,60,40,0,40,100
04/07/2022,ASG,AR,ASW,ES,Federal Contract Tower,0,1,15,0,16,0,0,7,0,7,0,1,22,0,23,2,0,2,25
04/08/2022,ASG,AR,ASW,ES,Federal Contract Tower,0,3,17,0,20,0,0,8,0,8,0,3,25,0,28,0,0,0,28
04/09/2022,ASG,AR,ASW,ES,Federal Contract Tower,0,1,15,0,16,0,0,95,0,95,0,1,110,0,111,74,0,74,185
04/10/2022,ASG,AR,ASW,ES,Federal Contract Tower,0,3,12,0,15,0,0,6,0,6,0,3,18,0,21,0,0,0,21
04/11/2022,ASG,AR,ASW,ES,Federal Contract Tower,0,6,7,0,13,0,0,0,0,0,0,6,7,0,13,0,0,0,13
04/12/2022,ASG,AR,ASW,ES,Federal Contract Tower,0,2,15,0,17,0,0,2,0,2,0,2,17,0,19,0,0,0,19
04/13/2022,ASG,AR,ASW,ES,Federal Contract Tower,0,2,14,0,16,0,0,0,0,0,0,2,14,0,16,0,0,0,16
04/14/2022,ASG,AR,ASW,ES,Federal Contract Tower,0,13,14,0,27,0,0,57,0,57,0,13,71,0,84,76,0,76,160
04/15/2022,ASG,AR,ASW,ES,Federal Contract Tower,0,0,26,0,26,0,0,11,0,11,0,0,37,0,37,4,0,4,41
04/16/2022,ASG,AR,ASW,ES,Federal Contract Tower,0,0,3,0,3,0,0,14,0,14,0,0,17,0,17,4,0,4,21
04/17/2022,ASG,AR,ASW,ES,Federal Contract Tower,0,2,5,0,7,0,0,3,0,3,0,2,8,0,10,30,0,30,40
04/18/2022,ASG,AR,ASW,ES,Federal Contract Tower,0,4,12,0,16,0,0,61,0,61,0,4,73,0,77,90,0,90,167
04/19/2022,ASG,AR,ASW,ES,Federal Contract Tower,0,7,25,0,32,0,0,68,2,70,0,7,93,2,102,92,0,92,194
04/20/2022,ASG,AR,ASW,ES,Federal Contract Tower,0,16,12,0,28,0,0,6,0,6,0,16,18,0,34,56,0,56,90
04/21/2022,ASG,AR,ASW,ES,Federal Contract Tower,0,5,21,0,26,0,0,11,0,11,0,5,32,0,37,62,0,62,99
04/22/2022,ASG,AR,ASW,ES,Federal Contract Tower,0,1,18,0,19,0,0,12,0,12,0,1,30,0,31,134,0,134,165
04/23/2022,ASG,AR,ASW,ES,Federal Contract Tower,0,2,12,0,14,0,0,10,0,10,0,2,22,0,24,10,0,10,34
04/24/2022,ASG,AR,ASW,ES,Federal Contract Tower,0,0,10,0,10,0,0,7,0,7,0,0,17,0,17,40,0,40,57
04/25/2022,ASG,AR,ASW,ES,Federal Contract Tower,0,1,25,0,26,0,1,81,0,82,0,2,106,0,108,148,0,148,256
04/26/2022,ASG,AR,ASW,ES,Federal Contract Tower,0,2,23,0,25,0,0,100,0,100,0,2,123,0,125,142,0,142,267
04/27/2022,ASG,AR,ASW,ES,Federal Contract Tower,0,2,14,0,16,0,0,68,0,68,0,2,82,0,84,196,0,196,280
04/28/2022,ASG,AR,ASW,ES,Federal Contract Tower,0,3,12,0,15,0,0,8,0,8,0,3,20,0,23,18,0,18,41
04/29/2022,ASG,AR,ASW,ES,Federal Contract Tower,0,4,26,0,30,0,0,14,0,14,0,4,40,0,44,32,0,32,76
04/30/2022,ASG,AR,ASW,ES,Federal Contract Tower,0,3,16,0,19,0,0,18,0,18,0,3,34,0,37,22,0,22,59
05/01/2022,ASG,AR,ASW,ES,Federal Contract Tower,0,0,12,0,12,0,2,80,0,82,0,2,92,0,94,140,0,140,234
05/02/2022,ASG,AR,ASW,ES,Federal Contract Tower,0,0,7,0,7,0,0,0,0,0,0,0,7,0,7,0,0,0,7
05/03/2022,ASG,AR,ASW,ES,Federal Contract Tower,0,1,22,0,23,0,0,29,0,29,0,1,51,0,52,42,0,42,94
05/04/2022,ASG,AR,ASW,ES,Federal Contract Tower,0,4,15,0,19,0,0,2,0,2,0,4,17,0,21,0,0,0,21
05/05/2022,ASG,AR,ASW,ES,Federal Contract Tower,0,4,14,0,18,0,0,0,0,0,0,4,14,0,18,0,0,0,18
05/06/2022,ASG,AR,ASW,ES,Federal Contract Tower,0,2,26,0,28,0,0,21,0,21,0,2,47,0,49,102,0,102,151
05/07/2022,ASG,AR,ASW,ES,Federal Contract Tower,0,3,8,0,11,0,0,73,0,73,0,3,81,0,84,190,0,190,274
05/08/2022,ASG,AR,ASW,ES,Federal Contract Tower,0,5,14,0,19,0,0,4,0,4,0,5,18,0,23,20,0,20,43
05/09/2022,ASG,AR,ASW,ES,Federal Contract Tower,0,6,16,0,22,0,0,11,0,11,0,6,27,0,33,14,0,14,47
05/10/2022,ASG,AR,ASW,ES,Federal Contract Tower,0,5,23,1,29,0,0,31,1,32,0,5,54,2,61,24,0,24,85
05/11/2022,ASG,AR,ASW,ES,Federal Contract Tower,0,2,23,0,25,0,0,65,0,65,0,2,88,0,90,152,0,152,242
05/12/2022,ASG,AR,ASW,ES,Federal Contract Tower,0,1,24,0,25,0,0,58,0,58,0,1,82,0,83,192,0,192,275
05/13/2022,ASG,AR,ASW,ES,Federal Contract Tower,0,2,21,0,23,0,0,23,0,23,0,2,44,0,46,106,0,106,152
05/14/2022,ASG,AR,ASW,ES,Federal Contract Tower,0,1,11,0,12,0,0,60,0,60,0,1,71,0,72,114,0,114,186
05/15/2022,ASG,AR,ASW,ES,Federal Contract Tower,0,2,14,0,16,0,0,13,0,13,0,2,27,0,29,0,0,0,29
05/16/2022,ASG,AR,ASW,ES,Federal Contract Tower,0,2,17,0,19,0,3,74,0,77,0,5,91,0,96,60,0,60,156
05/17/2022,ASG,AR,ASW,ES,Federal Contract Tower,0,4,11,0,15,0,0,24,0,24,0,4,35,0,39,52,0,52,91
05/18/2022,ASG,AR,ASW,ES,Federal Contract Tower,0,5,19,0,24,0,1,36,0,37,0,6,55,0,61,28,0,28,89
05/19/2022,ASG,AR,ASW,ES,Federal Contract Tower,0,1,19,0,20,0,0,14,0,14,0,1,33,0,34,0,0,0,34
05/20/2022,ASG,AR,ASW,ES,Federal Contract Tower,0,10,21,0,31,0,0,13,0,13,0,10,34,0,44,12,0,12,56
05/21/2022,ASG,AR,ASW,ES,Federal Contract Tower,0,3,13,0,16,0,0,1,0,1,0,3,14,0,17,0,0,0,17
05/22/2022,ASG,AR,ASW,ES,Federal Contract Tower,0,0,15,0,15,0,0,33,0,33,0,0,48,0,48,36,0,36,84
05/23/2022,ASG,AR,ASW,ES,Federal Contract Tower,0,2,18,0,20,0,0,11,0,11,0,2,29,0,31,8,0,8,39
05/24/2022,ASG,AR,ASW,ES,Federal Contract Tower,0,1,13,0,14,0,0,0,0,0,0,1,13,0,14,0,0,0,14
05/25/2022,ASG,AR,ASW,ES,Federal Contract Tower,0,0,11,0,11,0,0,3,0,3,0,0,14,0,14,22,0,22,36
05/26/2022,ASG,AR,ASW,ES,Federal Contract Tower,0,7,16,0,23,0,0,0,0,0,0,7,16,0,23,6,0,6,29
05/27/2022,ASG,AR,ASW,ES,Federal Contract Tower,0,3,27,0,30,0,0,48,0,48,0,3,75,0,78,90,0,90,168
05/28/2022,ASG,AR,ASW,ES,Federal Contract Tower,0,1,5,0,6,0,1,41,0,42,0,2,46,0,48,58,0,58,106
05/29/2022,ASG,AR,ASW,ES,Federal Contract Tower,1,1,8,0,10,0,0,14,0,14,1,1,22,0,24,20,0,20,44
05/30/2022,ASG,AR,ASW,ES,Federal Contract Tower,0,5,12,0,17,0,0,17,0,17,0,5,29,0,34,14,0,14,48
05/31/2022,ASG,AR,ASW,ES,Federal Contract Tower,0,3,19,0,22,0,0,38,0,38,0,3,57,0,60,34,0,34,94
06/01/2022,ASG,AR,ASW,ES,Federal Contract Tower,0,6,13,0,19,0,0,10,0,10,0,6,23,0,29,14,0,14,43
06/02/2022,ASG,AR,ASW,ES,Federal Contract Tower,0,5,14,0,19,0,0,33,0,33,0,5,47,0,52,72,0,72,124
06/03/2022,ASG,AR,ASW,ES,Federal Contract Tower,0,2,24,0,26,0,0,52,0,52,0,2,76,0,78,136,0,136,214
06/04/2022,ASG,AR,ASW,ES,Federal Contract Tower,0,5,7,0,12,0,0,44,0,44,0,5,51,0,56,52,0,52,108
06/05/2022,ASG,AR,ASW,ES,Federal Contract Tower,0,1,9,0,10,0,0,33,0,33,0,1,42,0,43,66,0,66,109
06/06/2022,ASG,AR,ASW,ES,Federal Contract Tower,0,4,16,2,22,0,2,40,0,42,0,6,56,2,64,78,0,78,142
06/07/2022,ASG,AR,ASW,ES,Federal Contract Tower,0,6,19,0,25,0,0,29,0,29,0,6,48,0,54,66,0,66,120
06/08/2022,ASG,AR,ASW,ES,Federal Contract Tower,0,2,21,0,23,0,0,10,0,10,0,2,31,0,33,10,0,10,43
06/09/2022,ASG,AR,ASW,ES,Federal Contract Tower,0,6,28,0,34,0,0,71,0,71,0,6,99,0,105,96,0,96,201
06/10/2022,ASG,AR,ASW,ES,Federal Contract Tower,0,7,20,0,27,0,0,26,0,26,0,7,46,0,53,120,0,120,173
06/11/2022,ASG,AR,ASW,ES,Federal Contract Tower,0,0,12,0,12,0,0,62,0,62,0,0,74,0,74,81,0,81,155
06/12/2022,ASG,AR,ASW,ES,Federal Contract Tower,0,1,21,0,22,0,0,21,0,21,0,1,42,0,43,26,0,26,69
06/13/2022,ASG,AR,ASW,ES,Federal Contract Tower,0,2,27,0,29,0,0,66,0,66,0,2,93,0,95,34,0,34,129
06/14/2022,ASG,AR,ASW,ES,Federal Contract Tower,0,5,22,0,27,0,0,41,0,41,0,5,63,0,68,0,0,0,68
06/15/2022,ASG,AR,ASW,ES,Federal Contract Tower,0,2,26,0,28,0,0,26,0,26,0,2,52,0,54,18,0,18,72
06/16/2022,ASG,AR,ASW,ES,Federal Contract Tower,0,1,29,0,30,0,0,47,0,47,0,1,76,0,77,52,0,52,129
06/17/2022,ASG,AR,ASW,ES,Federal Contract Tower,0,7,19,0,26,0,0,83,1,84,0,7,102,1,110,76,0,76,186
06/18/2022,ASG,AR,ASW,ES,Federal Contract Tower,0,1,22,0,23,0,0,45,0,45,0,1,67,0,68,42,0,42,110
06/19/2022,ASG,AR,ASW,ES,Federal Contract Tower,0,3,10,0,13,0,0,63,1,64,0,3,73,1,77,50,0,50,127
06/20/2022,ASG,AR,ASW,ES,Federal Contract Tower,0,3,22,0,25,0,0,61,0,61,0,3,83,0,86,74,0,74,160
06/21/2022,ASG,AR,ASW,ES,Federal Contract Tower,0,5,22,0,27,0,0,56,0,56,0,5,78,0,83,100,0,100,183
06/22/2022,ASG,AR,ASW,ES,Federal Contract Tower,0,7,23,0,30,0,0,58,0,58,0,7,81,0,88,56,0,56,144
06/23/2022,ASG,AR,ASW,ES,Federal Contract Tower,0,5,15,0,20,0,0,65,0,65,0,5,80,0,85,16,0,16,101
06/24/2022,ASG,AR,ASW,ES,Federal Contract Tower,0,3,9,0,12,0,0,51,0,51,0,3,60,0,63,38,0,38,101
06/25/2022,ASG,AR,ASW,ES,Federal Contract Tower,0,6,10,0,16,0,0,36,0,36,0,6,46,0,52,60,0,60,112
06/26/2022,ASG,AR,ASW,ES,Federal Contract Tower,0,3,15,5,23,0,0,19,0,19,0,3,34,5,42,36,0,36,78
06/27/2022,ASG,AR,ASW,ES,Federal Contract Tower,0,3,10,0,13,0,0,74,0,74,0,3,84,0,87,12,0,12,99
06/28/2022,ASG,AR,ASW,ES,Federal Contract Tower,0,1,13,0,14,0,0,54,0,54,0,1,67,0,68,132,0,132,200
06/29/2022,ASG,AR,ASW,ES,Federal Contract Tower,0,3,10,0,13,0,0,79,0,79,0,3,89,0,92,62,0,62,154
06/30/2022,ASG,AR,ASW,ES,Federal Contract Tower,0,1,14,0,15,0,0,43,0,43,0,1,57,0,58,66,0,66,124
07/01/2022,ASG,AR,ASW,ES,Federal Contract Tower,0,0,15,0,15,0,2,51,0,53,0,2,66,0,68,128,0,128,196
07/02/2022,ASG,AR,ASW,ES,Federal Contract Tower,0,2,18,0,20,0,0,28,0,28,0,2,46,0,48,24,0,24,72
07/03/2022,ASG,AR,ASW,ES,Federal Contract Tower,0,0,5,0,5,0,0,16,0,16,0,0,21,0,21,38,0,38,59
07/04/2022,ASG,AR,ASW,ES,Federal Contract Tower,0,0,5,0,5,0,0,22,0,22,0,0,27,0,27,24,0,24,51
07/05/2022,ASG,AR,ASW,ES,Federal Contract Tower,0,1,15,0,16,0,0,22,0,22,0,1,37,0,38,18,0,18,56
07/06/2022,ASG,AR,ASW,ES,Federal Contract Tower,0,0,11,0,11,0,0,50,0,50,0,0,61,0,61,30,0,30,91
07/07/2022,ASG,AR,ASW,ES,Federal Contract Tower,0,5,18,0,23,0,0,37,0,37,0,5,55,0,60,72,0,72,132
07/08/2022,ASG,AR,ASW,ES,Federal Contract Tower,0,3,13,0,16,0,0,48,0,48,0,3,61,0,64,26,0,26,90
07/09/2022,ASG,AR,ASW,ES,Federal Contract Tower,0,0,5,0,5,0,0,27,0,27,0,0,32,0,32,64,0,64,96
07/10/2022,ASG,AR,ASW,ES,Federal Contract Tower,0,0,16,0,16,0,0,19,0,19,0,0,35,0,35,32,0,32,67
07/11/2022,ASG,AR,ASW,ES,Federal Contract Tower,0,0,23,0,23,0,0,56,0,56,0,0,79,0,79,50,0,50,129
07/12/2022,ASG,AR,ASW,ES,Federal Contract Tower,0,2,15,0,17,0,0,48,0,48,0,2,63,0,65,80,0,80,145
07/13/2022,ASG,AR,ASW,ES,Federal Contract Tower,0,4,17,0,21,0,0,50,0,50,0,4,67,0,71,86,0,86,157
07/14/2022,ASG,AR,ASW,ES,Federal Contract Tower,0,0,33,0,33,0,0,55,0,55,0,0,88,0,88,64,0,64,152
07/15/2022,ASG,AR,ASW,ES,Federal Contract Tower,0,4,14,0,18,0,0,57,0,57,0,4,71,0,75,108,0,108,183
07/16/2022,ASG,AR,ASW,ES,Federal Contract Tower,0,2,3,0,5,0,0,42,0,42,0,2,45,0,47,28,0,28,75
07/17/2022,ASG,AR,ASW,ES,Federal Contract Tower,0,1,13,0,14,0,0,23,0,23,0,1,36,0,37,28,0,28,65
07/18/2022,ASG,AR,ASW,ES,Federal Contract Tower,0,2,21,0,23,0,0,46,0,46,0,2,67,0,69,94,0,94,163
07/19/2022,ASG,AR,ASW,ES,Federal Contract Tower,0,6,16,0,22,0,0,36,0,36,0,6,52,0,58,122,0,122,180
07/20/2022,ASG,AR,ASW,ES,Federal Contract Tower,0,3,13,0,16,0,0,26,0,26,0,3,39,0,42,40,0,40,82
07/21/2022,ASG,AR,ASW,ES,Federal Contract Tower,0,1,16,0,17,0,1,54,0,55,0,2,70,0,72,94,0,94,166
07/22/2022,ASG,AR,ASW,ES,Federal Contract Tower,0,6,25,0,31,0,0,53,0,53,0,6,78,0,84,100,0,100,184
07/23/2022,ASG,AR,ASW,ES,Federal Contract Tower,0,11,10,0,21,0,0,43,0,43,0,11,53,0,64,106,0,106,170
07/24/2022,ASG,AR,ASW,ES,Federal Contract Tower,0,4,18,0,22,0,38,0,0,38,0,42,18,0,60,32,0,32,92
07/25/2022,ASG,AR,ASW,ES,Federal Contract Tower,0,2,31,0,33,0,0,29,0,29,0,2,60,0,62,118,0,118,180
07/26/2022,ASG,AR,ASW,ES,Federal Contract Tower,0,0,26,0,26,0,0,32,0,32,0,0,58,0,58,8,0,8,66
07/27/2022,ASG,AR,ASW,ES,Federal Contract Tower,0,5,34,0,39,0,0,68,0,68,0,5,102,0,107,30,0,30,137
07/28/2022,ASG,AR,ASW,ES,Federal Contract Tower,0,6,24,0,30,0,0,24,0,24,0,6,48,0,54,108,0,108,162
07/29/2022,ASG,AR,ASW,ES,Federal Contract Tower,0,1,17,0,18,0,0,16,0,16,0,1,33,0,34,2,0,2,36
07/30/2022,ASG,AR,ASW,ES,Federal Contract Tower,0,2,8,0,10,0,0,4,0,4,0,2,12,0,14,0,0,0,14
07/31/2022,ASG,AR,ASW,ES,Federal Contract Tower,0,9,18,0,27,0,0,11,0,11,0,9,29,0,38,52,0,52,90
08/01/2022,ASG,AR,ASW,ES,Federal Contract Tower,0,5,23,0,28,0,0,41,0,41,0,5,64,0,69,64,0,64,133
08/02/2022,ASG,AR,ASW,ES,Federal Contract Tower,0,1,26,0,27,0,0,45,0,45,0,1,71,0,72,94,0,94,166
08/03/2022,ASG,AR,ASW,ES,Federal Contract Tower,0,6,28,0,34,0,0,40,0,40,0,6,68,0,74,72,0,72,146
08/04/2022,ASG,AR,ASW,ES,Federal Contract Tower,0,7,26,0,33,0,0,14,0,14,0,7,40,0,47,12,0,12,59
08/05/2022,ASG,AR,ASW,ES,Federal Contract Tower,0,4,18,0,22,0,0,43,0,43,0,4,61,0,65,72,0,72,137
08/06/2022,ASG,AR,ASW,ES,Federal Contract Tower,0,3,9,0,12,0,0,34,0,34,0,3,43,0,46,14,0,14,60
08/07/2022,ASG,AR,ASW,ES,Federal Contract Tower,0,1,17,0,18,0,0,24,0,24,0,1,41,0,42,22,0,22,64
08/08/2022,ASG,AR,ASW,ES,Federal Contract Tower,0,7,22,0,29,0,0,26,0,26,0,7,48,0,55,52,0,52,107
08/09/2022,ASG,AR,ASW,ES,Federal Contract Tower,0,3,23,0,26,0,0,38,0,38,0,3,61,0,64,72,0,72,136
08/10/2022,ASG,AR,ASW,ES,Federal Contract Tower,0,1,21,0,22,0,75,0,0,75,0,76,21,0,97,94,0,94,191
08/11/2022,ASG,AR,ASW,ES,Federal Contract Tower,0,7,24,0,31,0,0,86,0,86,0,7,110,0,117,42,0,42,159
08/12/2022,ASG,AR,ASW,ES,Federal Contract Tower,0,0,12,0,12,0,2,61,0,63,0,2,73,0,75,74,0,74,149
08/13/2022,ASG,AR,ASW,ES,Federal Contract Tower,0,0,10,0,10,0,0,37,0,37,0,0,47,0,47,122,0,122,169
08/14/2022,ASG,AR,ASW,ES,Federal Contract Tower,0,0,2,0,2,0,0,34,0,34,0,0,36,0,36,64,0,64,100
08/15/2022,ASG,AR,ASW,ES,Federal Contract Tower,0,2,12,0,14,0,0,56,0,56,0,2,68,0,70,76,0,76,146
08/16/2022,ASG,AR,ASW,ES,Federal Contract Tower,0,2,14,0,16,0,0,17,0,17,0,2,31,0,33,42,0,42,75
08/17/2022,ASG,AR,ASW,ES,Federal Contract Tower,0,4,29,0,33,0,0,2,0,2,0,4,31,0,35,0,0,0,35
08/18/2022,ASG,AR,ASW,ES,Federal Contract Tower,0,11,18,0,29,0,0,92,0,92,0,11,110,0,121,114,0,114,235
08/19/2022,ASG,AR,ASW,ES,Federal Contract Tower,0,4,15,0,19,0,0,76,0,76,0,4,91,0,95,80,0,80,175
08/20/2022,ASG,AR,ASW,ES,Federal Contract Tower,0,2,10,0,12,0,0,49,0,49,0,2,59,0,61,86,0,86,147
08/21/2022,ASG,AR,ASW,ES,Federal Contract Tower,0,3,7,0,10,0,0,27,0,27,0,3,34,0,37,120,0,120,157
08/22/2022,ASG,AR,ASW,ES,Federal Contract Tower,0,4,13,0,17,0,0,47,0,47,0,4,60,0,64,50,0,50,114
08/23/2022,ASG,AR,ASW,ES,Federal Contract Tower,0,5,19,0,24,0,1,50,0,51,0,6,69,0,75,80,0,80,155
08/24/2022,ASG,AR,ASW,ES,Federal Contract Tower,0,6,25,0,31,0,0,64,0,64,0,6,89,0,95,128,0,128,223
08/25/2022,ASG,AR,ASW,ES,Federal Contract Tower,0,3,21,0,24,0,0,57,0,57,0,3,78,0,81,154,0,154,235
08/26/2022,ASG,AR,ASW,ES,Federal Contract Tower,0,5,24,0,29,0,0,45,0,45,0,5,69,0,74,96,0,96,170
08/27/2022,ASG,AR,ASW,ES,Federal Contract Tower,0,0,10,0,10,0,0,45,0,45,0,0,55,0,55,46,0,46,101
08/28/2022,ASG,AR,ASW,ES,Federal Contract Tower,0,6,13,0,19,0,2,11,0,13,0,8,24,0,32,32,0,32,64
08/29/2022,ASG,AR,ASW,ES,Federal Contract Tower,0,2,17,0,19,0,0,22,0,22,0,2,39,0,41,70,0,70,111
08/30/2022,ASG,AR,ASW,ES,Federal Contract Tower,0,3,18,0,21,0,0,51,0,51,0,3,69,0,72,76,0,76,148
08/31/2022,ASG,AR,ASW,ES,Federal Contract Tower,0,5,14,0,19,0,0,70,0,70,0,5,84,0,89,70,0,70,159
09/01/2022,ASG,AR,ASW,ES,Federal Contract Tower,0,9,34,0,43,0,0,66,0,66,0,9,100,0,109,26,0,26,135
09/02/2022,ASG,AR,ASW,ES,Federal Contract Tower,0,8,21,0,29,0,0,5,0,5,0,8,26,0,34,30,0,30,64
09/03/2022,ASG,AR,ASW,ES,Federal Contract Tower,0,0,20,0,20,0,0,24,0,24,0,0,44,0,44,8,0,8,52
09/04/2022,ASG,AR,ASW,ES,Federal Contract Tower,0,3,7,0,10,0,0,15,0,15,0,3,22,0,25,22,0,22,47
09/05/2022,ASG,AR,ASW,ES,Federal Contract Tower,0,3,5,0,8,0,0,59,0,59,0,3,64,0,67,62,0,62,129
09/06/2022,ASG,AR,ASW,ES,Federal Contract Tower,0,5,17,0,22,0,0,63,0,63,0,5,80,0,85,70,0,70,155
09/07/2022,ASG,AR,ASW,ES,Federal Contract Tower,0,2,13,0,15,0,0,35,0,35,0,2,48,0,50,6,0,6,56
09/08/2022,ASG,AR,ASW,ES,Federal Contract Tower,0,4,23,0,27,0,0,68,0,68,0,4,91,0,95,76,0,76,171
09/09/2022,ASG,AR,ASW,ES,Federal Contract Tower,0,3,12,0,15,0,0,66,0,66,0,3,78,0,81,62,0,62,143
09/10/2022,ASG,AR,ASW,ES,Federal Contract Tower,0,3,8,0,11,0,0,42,0,42,0,3,50,0,53,74,0,74,127
09/11/2022,ASG,AR,ASW,ES,Federal Contract Tower,0,8,22,0,30,0,0,17,0,17,0,8,39,0,47,52,0,52,99
09/12/2022,ASG,AR,ASW,ES,Federal Contract Tower,0,5,13,0,18,0,1,60,0,61,0,6,73,0,79,56,0,56,135
09/13/2022,ASG,AR,ASW,ES,Federal Contract Tower,0,1,10,0,11,0,0,38,0,38,0,1,48,0,49,38,0,38,87
09/14/2022,ASG,AR,ASW,ES,Federal Contract Tower,0,6,23,0,29,0,0,67,0,67,0,6,90,0,96,106,0,106,202
09/15/2022,ASG,AR,ASW,ES,Federal Contract Tower,0,9,15,0,24,0,0,60,0,60,0,9,75,0,84,106,0,106,190
09/16/2022,ASG,AR,ASW,ES,Federal Contract Tower,0,5,28,0,33,0,0,52,0,52,0,5,80,0,85,144,0,144,229
09/17/2022,ASG,AR,ASW,ES,Federal Contract Tower,0,0,11,0,11,0,0,36,0,36,0,0,47,0,47,90,0,90,137
09/18/2022,ASG,AR,ASW,ES,Federal Contract Tower,0,2,10,0,12,0,0,26,2,28,0,2,36,2,40,22,0,22,62
09/19/2022,ASG,AR,ASW,ES,Federal Contract Tower,0,1,16,0,17,0,0,60,0,60,0,1,76,0,77,108,0,108,185
09/20/2022,ASG,AR,ASW,ES,Federal Contract Tower,0,2,12,0,14,0,0,65,0,65,0,2,77,0,79,56,0,56,135
09/21/2022,ASG,AR,ASW,ES,Federal Contract Tower,0,2,12,0,14,0,0,60,0,60,0,2,72,0,74,88,0,88,162
09/22/2022,ASG,AR,ASW,ES,Federal Contract Tower,0,2,23,0,25,1,0,13,0,14,1,2,36,0,39,28,0,28,67
09/23/2022,ASG,AR,ASW,ES,Federal Contract Tower,0,2,26,0,28,0,0,58,0,58,0,2,84,0,86,114,0,114,200
09/24/2022,ASG,AR,ASW,ES,Federal Contract Tower,0,4,10,0,14,0,0,54,0,54,0,4,64,0,68,22,0,22,90
09/25/2022,ASG,AR,ASW,ES,Federal Contract Tower,0,1,11,0,12,0,0,36,0,36,0,1,47,0,48,26,0,26,74
09/26/2022,ASG,AR,ASW,ES,Federal Contract Tower,0,3,23,0,26,0,0,57,0,57,0,3,80,0,83,92,0,92,175
09/27/2022,ASG,AR,ASW,ES,Federal Contract Tower,0,7,20,0,27,0,2,54,0,56,0,9,74,0,83,92,0,92,175
09/28/2022,ASG,AR,ASW,ES,Federal Contract Tower,0,2,23,0,25,0,0,39,0,39,0,2,62,0,64,108,0,108,172
09/29/2022,ASG,AR,ASW,ES,Federal Contract Tower,0,0,19,0,19,0,1,51,0,52,0,1,70,0,71,96,0,96,167
09/30/2022,ASG,AR,ASW,ES,Federal Contract Tower,0,1,17,0,18,0,0,59,0,59,0,1,76,0,77,52,0,52,129
10/01/2022,ASG,AR,ASW,ES,Federal Contract Tower,0,3,19,0,22,0,0,40,0,40,0,3,59,0,62,54,0,54,116
10/02/2022,ASG,AR,ASW,ES,Federal Contract Tower,0,2,14,0,16,0,0,38,0,38,0,2,52,0,54,50,0,50,104
10/03/2022,ASG,AR,ASW,ES,Federal Contract Tower,0,8,23,0,31,0,2,56,0,58,0,10,79,0,89,64,0,64,153
10/04/2022,ASG,AR,ASW,ES,Federal Contract Tower,0,5,15,0,20,0,1,61,0,62,0,6,76,0,82,86,0,86,168
10/05/2022,ASG,AR,ASW,ES,Federal Contract Tower,0,3,24,0,27,0,0,60,0,60,0,3,84,0,87,72,0,72,159
10/06/2022,ASG,AR,ASW,ES,Federal Contract Tower,0,1,17,0,18,0,0,65,0,65,0,1,82,0,83,62,0,62,145
10/07/2022,ASG,AR,ASW,ES,Federal Contract Tower,0,0,10,0,10,0,1,90,8,99,0,1,100,8,109,62,0,62,171
10/08/2022,ASG,AR,ASW,ES,Federal Contract Tower,0,0,12,0,12,0,0,48,0,48,0,0,60,0,60,74,0,74,134
10/09/2022,ASG,AR,ASW,ES,Federal Contract Tower,0,0,11,0,11,0,0,33,6,39,0,0,44,6,50,20,0,20,70
10/10/2022,ASG,AR,ASW,ES,Federal Contract Tower,0,1,7,0,8,0,0,46,0,46,0,1,53,0,54,104,0,104,158
10/11/2022,ASG,AR,ASW,ES,Federal Contract Tower,0,2,9,0,11,0,0,26,0,26,0,2,35,0,37,14,0,14,51
10/12/2022,ASG,AR,ASW,ES,Federal Contract Tower,0,2,21,0,23,0,0,19,0,19,0,2,40,0,42,54,0,54,96
10/13/2022,ASG,AR,ASW,ES,Federal Contract Tower,0,8,33,0,41,0,0,35,0,35,0,8,68,0,76,54,0,54,130
10/14/2022,ASG,AR,ASW,ES,Federal Contract Tower,0,2,27,0,29,0,0,42,0,42,0,2,69,0,71,28,0,28,99
10/15/2022,ASG,AR,ASW,ES,Federal Contract Tower,0,0,8,0,8,0,0,64,0,64,0,0,72,0,72,58,0,58,130
10/16/2022,ASG,AR,ASW,ES,Federal Contract Tower,0,1,4,0,5,0,0,36,0,36,0,1,40,0,41,50,0,50,91
10/17/2022,ASG,AR,ASW,ES,Federal Contract Tower,0,2,12,0,14,0,1,64,2,67,0,3,76,2,81,52,0,52,133
10/18/2022,ASG,AR,ASW,ES,Federal Contract Tower,0,2,16,0,18,0,0,75,0,75,0,2,91,0,93,64,0,64,157
10/19/2022,ASG,AR,ASW,ES,Federal Contract Tower,0,3,20,0,23,0,0,46,0,46,0,3,66,0,69,36,0,36,105
10/20/2022,ASG,AR,ASW,ES,Federal Contract Tower,0,10,22,0,32,0,0,45,0,45,0,10,67,0,77,130,0,130,207
10/21/2022,ASG,AR,ASW,ES,Federal Contract Tower,0,1,14,2,17,0,3,72,0,75,0,4,86,2,92,56,0,56,148
10/22/2022,ASG,AR,ASW,ES,Federal Contract Tower,0,4,7,0,11,0,0,18,0,18,0,4,25,0,29,0,0,0,29
10/23/2022,ASG,AR,ASW,ES,Federal Contract Tower,0,4,5,0,9,0,0,4,0,4,0,4,9,0,13,0,0,0,13
10/24/2022,ASG,AR,ASW,ES,Federal Contract Tower,0,5,10,0,15,0,0,1,0,1,0,5,11,0,16,0,0,0,16
10/25/2022,ASG,AR,ASW,ES,Federal Contract Tower,0,3,14,0,17,0,0,5,0,5,0,3,19,0,22,24,0,24,46
10/26/2022,ASG,AR,ASW,ES,Federal Contract Tower,0,5,26,0,31,0,0,94,0,94,0,5,120,0,125,110,0,110,235
10/27/2022,ASG,AR,ASW,ES,Federal Contract Tower,0,2,12,0,14,0,2,76,0,78,0,4,88,0,92,52,0,52,144
10/28/2022,ASG,AR,ASW,ES,Federal Contract Tower,0,3,15,0,18,0,0,53,0,53,0,3,68,0,71,46,0,46,117
10/29/2022,ASG,AR,ASW,ES,Federal Contract Tower,0,4,1,0,5,0,0,7,0,7,0,4,8,0,12,0,0,0,12
10/30/2022,ASG,AR,ASW,ES,Federal Contract Tower,0,3,18,0,21,0,0,1,0,1,0,3,19,0,22,0,0,0,22
10/31/2022,ASG,AR,ASW,ES,Federal Contract Tower,0,7,5,0,12,0,0,50,0,50,0,7,55,0,62,52,0,52,114
11/01/2022,ASG,AR,ASW,ES,Federal Contract Tower,0,1,18,0,19,0,0,82,0,82,0,1,100,0,101,76,0,76,177
11/02/2022,ASG,AR,ASW,ES,Federal Contract Tower,0,1,11,0,12,0,0,52,0,52,0,1,63,0,64,86,0,86,150
11/03/2022,ASG,AR,ASW,ES,Federal Contract Tower,0,3,26,0,29,0,0,38,0,38,0,3,64,0,67,50,0,50,117
11/04/2022,ASG,AR,ASW,ES,Federal Contract Tower,0,2,17,0,19,0,0,3,0,3,0,2,20,0,22,0,0,0,22
11/05/2022,ASG,AR,ASW,ES,Federal Contract Tower,0,0,16,0,16,0,0,35,0,35,0,0,51,0,51,56,0,56,107
11/06/2022,ASG,AR,ASW,ES,Federal Contract Tower,0,1,11,0,12,0,0,41,0,41,0,1,52,0,53,52,0,52,105
11/07/2022,ASG,AR,ASW,ES,Federal Contract Tower,0,7,13,0,20,0,0,20,0,20,0,7,33,0,40,10,0,10,50
11/08/2022,ASG,AR,ASW,ES,Federal Contract Tower,0,4,22,0,26,0,0,19,0,19,0,4,41,0,45,42,0,42,87
11/09/2022,ASG,AR,ASW,ES,Federal Contract Tower,0,0,22,0,22,0,0,43,0,43,0,0,65,0,65,54,0,54,119
11/10/2022,ASG,AR,ASW,ES,Federal Contract Tower,0,7,16,0,23,0,0,39,0,39,0,7,55,0,62,62,0,62,124
11/11/2022,ASG,AR,ASW,ES,Federal Contract Tower,0,4,16,0,20,0,0,15,0,15,0,4,31,0,35,6,0,6,41
11/12/2022,ASG,AR,ASW,ES,Federal Contract Tower,0,3,11,0,14,0,0,29,0,29,0,3,40,0,43,14,0,14,57
11/13/2022,ASG,AR,ASW,ES,Federal Contract Tower,0,2,10,0,12,0,3,49,0,52,0,5,59,0,64,52,0,52,116
11/14/2022,ASG,AR,ASW,ES,Federal Contract Tower,0,6,7,0,13,0,0,24,0,24,0,6,31,0,37,52,0,52,89
11/15/2022,ASG,AR,ASW,ES,Federal Contract Tower,0,8,23,0,31,0,1,3,0,4,0,9,26,0,35,10,0,10,45
11/16/2022,ASG,AR,ASW,ES,Federal Contract Tower,0,5,18,0,23,0,2,23,0,25,0,7,41,0,48,14,0,14,62
11/17/2022,ASG,AR,ASW,ES,Federal Contract Tower,0,5,24,0,29,0,2,84,0,86,0,7,108,0,115,98,0,98,213
11/18/2022,ASG,AR,ASW,ES,Federal Contract Tower,0,1,28,0,29,0,0,35,0,35,0,1,63,0,64,92,0,92,156
11/19/2022,ASG,AR,ASW,ES,Federal Contract Tower,0,0,8,0,8,0,1,52,0,53,0,1,60,0,61,12,0,12,73
11/20/2022,ASG,AR,ASW,ES,Federal Contract Tower,0,7,18,0,25,0,0,28,0,28,0,7,46,0,53,64,0,64,117
11/21/2022,ASG,AR,ASW,ES,Federal Contract Tower,0,4,14,0,18,0,1,29,0,30,0,5,43,0,48,38,0,38,86
11/22/2022,ASG,AR,ASW,ES,Federal Contract Tower,0,7,21,0,28,0,0,50,0,50,0,7,71,0,78,40,0,40,118
11/23/2022,ASG,AR,ASW,ES,Federal Contract Tower,0,4,16,0,20,0,0,28,0,28,0,4,44,0,48,48,0,48,96
11/24/2022,ASG,AR,ASW,ES,Federal Contract Tower,0,0,1,0,1,0,0,0,0,0,0,0,1,0,1,0,0,0,1
11/25/2022,ASG,AR,ASW,ES,Federal Contract Tower,0,7,18,0,25,0,0,21,0,21,0,7,39,0,46,18,0,18,64
11/26/2022,ASG,AR,ASW,ES,Federal Contract Tower,0,0,6,0,6,0,0,0,0,0,0,0,6,0,6,0,0,0,6
11/27/2022,ASG,AR,ASW,ES,Federal Contract Tower,0,1,23,0,24,0,0,7,0,7,0,1,30,0,31,0,0,0,31
11/28/2022,ASG,AR,ASW,ES,Federal Contract Tower,0,6,21,0,27,0,0,40,0,40,0,6,61,0,67,60,0,60,127
11/29/2022,ASG,AR,ASW,ES,Federal Contract Tower,0,6,10,1,17,0,0,3,0,3,0,6,13,1,20,0,0,0,20
11/30/2022,ASG,AR,ASW,ES,Federal Contract Tower,0,9,21,0,30,0,0,46,0,46,0,9,67,0,76,74,0,74,150
12/01/2022,ASG,AR,ASW,ES,Federal Contract Tower,0,5,14,0,19,0,0,49,0,49,0,5,63,0,68,64,0,64,132
12/02/2022,ASG,AR,ASW,ES,Federal Contract Tower,0,8,15,0,23,0,0,0,0,0,0,8,15,0,23,0,0,0,23
12/03/2022,ASG,AR,ASW,ES,Federal Contract Tower,0,7,3,0,10,0,0,52,0,52,0,7,55,0,62,76,0,76,138
12/04/2022,ASG,AR,ASW,ES,Federal Contract Tower,0,3,7,0,10,0,0,5,0,5,0,3,12,0,15,0,0,0,15
12/05/2022,ASG,AR,ASW,ES,Federal Contract Tower,0,6,9,0,15,0,0,0,0,0,0,6,9,0,15,0,0,0,15
12/06/2022,ASG,AR,ASW,ES,Federal Contract Tower,0,8,11,0,19,0,0,4,0,4,0,8,15,0,23,0,0,0,23
12/07/2022,ASG,AR,ASW,ES,Federal Contract Tower,0,6,12,0,18,0,0,0,0,0,0,6,12,0,18,0,0,0,18
12/08/2022,ASG,AR,ASW,ES,Federal Contract Tower,0,2,18,0,20,0,1,5,0,6,0,3,23,0,26,20,0,20,46
12/09/2022,ASG,AR,ASW,ES,Federal Contract Tower,0,2,22,0,24,0,0,80,0,80,0,2,102,0,104,72,0,72,176
12/10/2022,ASG,AR,ASW,ES,Federal Contract Tower,0,0,3,0,3,0,0,0,0,0,0,0,3,0,3,0,0,0,3
12/11/2022,ASG,AR,ASW,ES,Federal Contract Tower,0,0,18,0,18,0,0,0,0,0,0,0,18,0,18,0,0,0,18
12/12/2022,ASG,AR,ASW,ES,Federal Contract Tower,0,2,20,0,22,0,1,2,0,3,0,3,22,0,25,6,0,6,31
12/13/2022,ASG,AR,ASW,ES,Federal Contract Tower,0,0,14,0,14,0,0,6,0,6,0,0,20,0,20,30,0,30,50
12/14/2022,ASG,AR,ASW,ES,Federal Contract Tower,0,0,20,0,20,0,0,69,0,69,0,0,89,0,89,124,0,124,213
12/15/2022,ASG,AR,ASW,ES,Federal Contract Tower,0,0,15,0,15,0,0,39,0,39,0,0,54,0,54,16,0,16,70
12/16/2022,ASG,AR,ASW,ES,Federal Contract Tower,0,2,12,0,14,0,0,29,0,29,0,2,41,0,43,6,0,6,49
12/17/2022,ASG,AR,ASW,ES,Federal Contract Tower,0,4,13,0,17,0,0,49,0,49,0,4,62,0,66,18,0,18,84
12/18/2022,ASG,AR,ASW,ES,Federal Contract Tower,0,1,11,0,12,0,0,52,0,52,0,1,63,0,64,108,0,108,172
12/19/2022,ASG,AR,ASW,ES,Federal Contract Tower,0,1,22,0,23,0,0,36,0,36,0,1,58,0,59,42,0,42,101
12/20/2022,ASG,AR,ASW,ES,Federal Contract Tower,0,1,26,0,27,0,0,55,0,55,0,1,81,0,82,18,0,18,100
12/21/2022,ASG,AR,ASW,ES,Federal Contract Tower,0,8,13,0,21,0,0,33,0,33,0,8,46,0,54,14,0,14,68
12/22/2022,ASG,AR,ASW,ES,Federal Contract Tower,0,2,0,0,2,0,0,0,0,0,0,2,0,0,2,0,0,0,2
12/23/2022,ASG,AR,ASW,ES,Federal Contract Tower,0,2,2,0,4,0,0,2,0,2,0,2,4,0,6,0,0,0,6
12/24/2022,ASG,AR,ASW,ES,Federal Contract Tower,0,0,1,0,1,0,0,7,0,7,0,0,8,0,8,8,0,8,16
12/25/2022,ASG,AR,ASW,ES,Federal Contract Tower,0,0,1,0,1,0,1,7,0,8,0,1,8,0,9,4,0,4,13
12/26/2022,ASG,AR,ASW,ES,Federal Contract Tower,0,2,12,0,14,0,0,8,0,8,0,2,20,0,22,22,0,22,44
12/27/2022,ASG,AR,ASW,ES,Federal Contract Tower,0,3,18,0,21,0,0,59,0,59,0,3,77,0,80,60,0,60,140
12/28/2022,ASG,AR,ASW,ES,Federal Contract Tower,0,4,13,0,17,0,0,0,0,0,0,4,13,0,17,0,0,0,17
12/29/2022,ASG,AR,ASW,ES,Federal Contract Tower,0,5,17,0,22,0,0,14,0,14,0,5,31,0,36,0,0,0,36
12/30/2022,ASG,AR,ASW,ES,Federal Contract Tower,0,2,16,0,18,0,0,43,0,43,0,2,59,0,61,112,0,112,173
12/31/2022,ASG,AR,ASW,ES,Federal Contract Tower,0,0,9,0,9,0,0,39,0,39,0,0,48,0,48,38,0,38,86
01/01/2023,ASG,AR,ASW,ES,Federal Contract Tower,0,0,6,0,6,0,0,22,0,22,0,0,28,0,28,24,0,24,52
01/02/2023,ASG,AR,ASW,ES,Federal Contract Tower,0,2,6,0,8,0,0,12,0,12,0,2,18,0,20,22,0,22,42
01/03/2023,ASG,AR,ASW,ES,Federal Contract Tower,0,5,17,0,22,0,0,26,0,26,0,5,43,0,48,10,0,10,58
01/04/2023,ASG,AR,ASW,ES,Federal Contract Tower,0,4,12,0,16,0,1,48,0,49,0,5,60,0,65,86,0,86,151
01/05/2023,ASG,AR,ASW,ES,Federal Contract Tower,0,3,28,0,31,0,0,30,0,30,0,3,58,0,61,14,0,14,75
01/06/2023,ASG,AR,ASW,ES,Federal Contract Tower,0,3,18,0,21,0,0,44,0,44,0,3,62,0,65,64,0,64,129
01/07/2023,ASG,AR,ASW,ES,Federal Contract Tower,0,1,10,0,11,0,0,19,0,19,0,1,29,0,30,28,0,28,58
01/08/2023,ASG,AR,ASW,ES,Federal Contract Tower,0,3,6,0,9,0,0,60,0,60,0,3,66,0,69,76,0,76,145
01/09/2023,ASG,AR,ASW,ES,Federal Contract Tower,0,2,17,0,19,0,0,28,0,28,0,2,45,0,47,40,0,40,87
01/10/2023,ASG,AR,ASW,ES,Federal Contract Tower,0,0,12,0,12,0,0,55,0,55,0,0,67,0,67,40,0,40,107
01/11/2023,ASG,AR,ASW,ES,Federal Contract Tower,0,4,19,0,23,0,0,37,0,37,0,4,56,0,60,66,0,66,126
01/12/2023,ASG,AR,ASW,ES,Federal Contract Tower,0,0,11,0,11,0,0,0,0,0,0,0,11,0,11,0,0,0,11
01/13/2023,ASG,AR,ASW,ES,Federal Contract Tower,0,0,27,0,27,0,0,42,0,42,0,0,69,0,69,28,0,28,97
01/14/2023,ASG,AR,ASW,ES,Federal Contract Tower,0,4,6,0,10,0,0,62,0,62,0,4,68,0,72,150,0,150,222
01/15/2023,ASG,AR,ASW,ES,Federal Contract Tower,0,4,7,0,11,0,0,6,0,6,0,4,13,0,17,0,0,0,17
01/16/2023,ASG,AR,ASW,ES,Federal Contract Tower,0,4,14,0,18,0,0,5,0,5,0,4,19,0,23,0,0,0,23
01/17/2023,ASG,AR,ASW,ES,Federal Contract Tower,0,3,20,0,23,0,0,70,0,70,0,3,90,0,93,98,0,98,191
01/18/2023,ASG,AR,ASW,ES,Federal Contract Tower,0,2,6,0,8,0,0,7,0,7,0,2,13,0,15,0,0,0,15
01/19/2023,ASG,AR,ASW,ES,Federal Contract Tower,0,2,20,0,22,0,0,12,0,12,0,2,32,0,34,2,0,2,36
01/20/2023,ASG,AR,ASW,ES,Federal Contract Tower,0,7,25,0,32,0,0,73,0,73,0,7,98,0,105,106,0,106,211
01/21/2023,ASG,AR,ASW,ES,Federal Contract Tower,0,0,7,0,7,0,0,30,0,30,0,0,37,0,37,40,0,40,77
01/22/2023,ASG,AR,ASW,ES,Federal Contract Tower,0,0,3,0,3,0,0,0,0,0,0,0,3,0,3,0,0,0,3
01/23/2023,ASG,AR,ASW,ES,Federal Contract Tower,0,2,20,0,22,0,0,54,0,54,0,2,74,0,76,128,0,128,204
01/24/2023,ASG,AR,ASW,ES,Federal Contract Tower,0,0,6,0,6,0,0,6,0,6,0,0,12,0,12,8,0,8,20
01/25/2023,ASG,AR,ASW,ES,Federal Contract Tower,0,0,11,0,11,0,0,0,0,0,0,0,11,0,11,0,0,0,11
01/26/2023,ASG,AR,ASW,ES,Federal Contract Tower,0,2,19,0,21,0,0,30,0,30,0,2,49,0,51,58,0,58,109
01/27/2023,ASG,AR,ASW,ES,Federal Contract Tower,0,7,20,0,27,0,0,27,0,27,0,7,47,0,54,38,0,38,92
01/28/2023,ASG,AR,ASW,ES,Federal Contract Tower,0,3,6,0,9,0,0,2,0,2,0,3,8,0,11,10,0,10,21
01/29/2023,ASG,AR,ASW,ES,Federal Contract Tower,0,2,5,0,7,0,0,0,0,0,0,2,5,0,7,0,0,0,7
01/30/2023,ASG,AR,ASW,ES,Federal Contract Tower,0,1,0,0,1,0,0,0,0,0,0,1,0,0,1,0,0,0,1
01/31/2023,ASG,AR,ASW,ES,Federal Contract Tower,0,0,0,0,0,0,0,0,0,0,0,0,0,0,0,0,0,0,0
02/01/2023,ASG,AR,ASW,ES,Federal Contract Tower,0,0,0,0,0,0,1,1,0,2,0,1,1,0,2,0,0,0,2
02/02/2023,ASG,AR,ASW,ES,Federal Contract Tower,0,0,2,0,2,0,0,7,0,7,0,0,9,0,9,30,0,30,39
02/03/2023,ASG,AR,ASW,ES,Federal Contract Tower,0,4,19,0,23,0,0,45,0,45,0,4,64,0,68,208,0,208,276
02/04/2023,ASG,AR,ASW,ES,Federal Contract Tower,0,2,11,0,13,0,0,36,0,36,0,2,47,0,49,18,0,18,67
02/05/2023,ASG,AR,ASW,ES,Federal Contract Tower,0,1,13,0,14,0,0,81,0,81,0,1,94,0,95,198,0,198,293
02/06/2023,ASG,AR,ASW,ES,Federal Contract Tower,0,2,17,0,19,0,0,13,0,13,0,2,30,0,32,12,0,12,44
02/07/2023,ASG,AR,ASW,ES,Federal Contract Tower,0,0,36,0,36,0,0,25,0,25,0,0,61,0,61,46,0,46,107
02/08/2023,ASG,AR,ASW,ES,Federal Contract Tower,0,0,17,0,17,0,0,0,0,0,0,0,17,0,17,0,0,0,17
02/09/2023,ASG,AR,ASW,ES,Federal Contract Tower,0,1,25,0,26,0,0,88,0,88,0,1,113,0,114,150,0,150,264
02/10/2023,ASG,AR,ASW,ES,Federal Contract Tower,0,2,19,0,21,0,0,6,0,6,0,2,25,0,27,18,0,18,45
02/11/2023,ASG,AR,ASW,ES,Federal Contract Tower,0,2,4,0,6,0,0,91,0,91,0,2,95,0,97,149,0,149,246
02/12/2023,ASG,AR,ASW,ES,Federal Contract Tower,0,2,23,0,25,0,0,69,0,69,0,2,92,0,94,158,0,158,252
02/13/2023,ASG,AR,ASW,ES,Federal Contract Tower,0,4,16,0,20,0,0,91,0,91,0,4,107,0,111,76,0,76,187
02/14/2023,ASG,AR,ASW,ES,Federal Contract Tower,0,0,11,0,11,0,0,3,0,3,0,0,14,0,14,4,0,4,18
02/15/2023,ASG,AR,ASW,ES,Federal Contract Tower,0,4,18,0,22,0,0,67,0,67,0,4,85,0,89,130,0,130,219
02/16/2023,ASG,AR,ASW,ES,Federal Contract Tower,0,3,23,0,26,0,0,2,0,2,0,3,25,0,28,0,0,0,28
02/17/2023,ASG,AR,ASW,ES,Federal Contract Tower,0,2,35,0,37,0,0,89,0,89,0,2,124,0,126,124,0,124,250
02/18/2023,ASG,AR,ASW,ES,Federal Contract Tower,0,0,13,0,13,0,0,54,0,54,0,0,67,0,67,64,0,64,131
02/19/2023,ASG,AR,ASW,ES,Federal Contract Tower,0,4,16,0,20,0,0,26,0,26,0,4,42,0,46,10,0,10,56
02/20/2023,ASG,AR,ASW,ES,Federal Contract Tower,0,2,18,0,20,0,0,68,0,68,0,2,86,0,88,92,0,92,180
02/21/2023,ASG,AR,ASW,ES,Federal Contract Tower,0,2,31,0,33,0,0,41,0,41,0,2,72,0,74,40,0,40,114
02/22/2023,ASG,AR,ASW,ES,Federal Contract Tower,0,1,11,0,12,0,0,1,0,1,0,1,12,0,13,0,0,0,13
02/23/2023,ASG,AR,ASW,ES,Federal Contract Tower,0,4,28,0,32,0,0,73,0,73,0,4,101,0,105,182,0,182,287
02/24/2023,ASG,AR,ASW,ES,Federal Contract Tower,0,11,26,0,37,0,0,57,0,57,0,11,83,0,94,66,0,66,160
02/25/2023,ASG,AR,ASW,ES,Federal Contract Tower,0,3,9,0,12,0,0,43,0,43,0,3,52,0,55,142,0,142,197
02/26/2023,ASG,AR,ASW,ES,Federal Contract Tower,0,2,13,0,15,0,0,0,0,0,0,2,13,0,15,0,0,0,15
02/27/2023,ASG,AR,ASW,ES,Federal Contract Tower,0,2,13,0,15,0,0,18,0,18,0,2,31,0,33,2,0,2,35
02/28/2023,ASG,AR,ASW,ES,Federal Contract Tower,0,7,18,0,25,0,0,48,0,48,0,7,66,0,73,32,0,32,105
03/01/2023,ASG,AR,ASW,ES,Federal Contract Tower,0,4,21,0,25,0,0,42,0,42,0,4,63,0,67,132,0,132,199
03/02/2023,ASG,AR,ASW,ES,Federal Contract Tower,0,4,9,0,13,0,0,3,0,3,0,4,12,0,16,0,0,0,16
03/03/2023,ASG,AR,ASW,ES,Federal Contract Tower,0,3,14,0,17,0,0,4,0,4,0,3,18,0,21,14,0,14,35
03/04/2023,ASG,AR,ASW,ES,Federal Contract Tower,0,6,18,0,24,0,0,98,0,98,0,6,116,0,122,112,0,112,234
03/05/2023,ASG,AR,ASW,ES,Federal Contract Tower,0,1,16,0,17,0,0,26,0,26,0,1,42,0,43,20,0,20,63
03/06/2023,ASG,AR,ASW,ES,Federal Contract Tower,0,6,15,0,21,0,0,0,0,0,0,6,15,0,21,100,0,100,121
03/07/2023,ASG,AR,ASW,ES,Federal Contract Tower,0,1,30,0,31,0,0,15,0,15,0,1,45,0,46,8,0,8,54
03/08/2023,ASG,AR,ASW,ES,Federal Contract Tower,0,2,30,0,32,0,0,1,0,1,0,2,31,0,33,12,0,12,45
03/09/2023,ASG,AR,ASW,ES,Federal Contract Tower,0,2,8,0,10,0,0,0,0,0,0,2,8,0,10,0,0,0,10
03/10/2023,ASG,AR,ASW,ES,Federal Contract Tower,0,5,30,0,35,0,0,113,0,113,0,5,143,0,148,130,0,130,278
03/11/2023,ASG,AR,ASW,ES,Federal Contract Tower,0,0,6,0,6,0,0,6,0,6,0,0,12,0,12,0,0,0,12
03/12/2023,ASG,AR,ASW,ES,Federal Contract Tower,0,1,17,0,18,0,0,25,0,25,0,1,42,0,43,84,0,84,127
03/13/2023,ASG,AR,ASW,ES,Federal Contract Tower,0,1,26,0,27,0,0,66,0,66,0,1,92,0,93,112,0,112,205
03/14/2023,ASG,AR,ASW,ES,Federal Contract Tower,0,0,13,0,13,0,0,75,0,75,0,0,88,0,88,158,0,158,246
03/15/2023,ASG,AR,ASW,ES,Federal Contract Tower,0,8,26,0,34,0,0,46,0,46,0,8,72,0,80,40,0,40,120
03/16/2023,ASG,AR,ASW,ES,Federal Contract Tower,0,3,8,0,11,0,0,6,0,6,0,3,14,0,17,0,0,0,17
03/17/2023,ASG,AR,ASW,ES,Federal Contract Tower,0,2,22,0,24,0,0,55,0,55,0,2,77,0,79,58,0,58,137
03/18/2023,ASG,AR,ASW,ES,Federal Contract Tower,0,2,12,0,14,0,0,37,0,37,0,2,49,0,51,30,0,30,81
03/19/2023,ASG,AR,ASW,ES,Federal Contract Tower,0,3,16,0,19,0,0,52,0,52,0,3,68,0,71,143,0,143,214
03/20/2023,ASG,AR,ASW,ES,Federal Contract Tower,0,1,16,2,19,0,0,39,0,39,0,1,55,2,58,10,0,10,68
03/21/2023,ASG,AR,ASW,ES,Federal Contract Tower,0,3,15,0,18,0,0,2,0,2,0,3,17,0,20,0,0,0,20
03/22/2023,ASG,AR,ASW,ES,Federal Contract Tower,0,7,20,0,27,0,0,12,0,12,0,7,32,0,39,2,0,2,41
03/23/2023,ASG,AR,ASW,ES,Federal Contract Tower,0,4,8,0,12,0,0,14,0,14,0,4,22,0,26,0,0,0,26
03/24/2023,ASG,AR,ASW,ES,Federal Contract Tower,0,0,7,0,7,0,0,0,0,0,0,0,7,0,7,0,0,0,7
03/25/2023,ASG,AR,ASW,ES,Federal Contract Tower,0,5,37,0,42,0,0,65,0,65,0,5,102,0,107,74,0,74,181
03/26/2023,ASG,AR,ASW,ES,Federal Contract Tower,0,5,9,0,14,0,0,79,0,79,0,5,88,0,93,50,0,50,143
03/27/2023,ASG,AR,ASW,ES,Federal Contract Tower,0,2,12,0,14,0,0,54,0,54,0,2,66,0,68,160,0,160,228
03/28/2023,ASG,AR,ASW,ES,Federal Contract Tower,0,6,18,0,24,0,0,63,0,63,0,6,81,0,87,106,0,106,193
03/29/2023,ASG,AR,ASW,ES,Federal Contract Tower,0,0,24,0,24,0,1,74,0,75,0,1,98,0,99,60,0,60,159
03/30/2023,ASG,AR,ASW,ES,Federal Contract Tower,0,0,29,0,29,0,0,20,0,20,0,0,49,0,49,50,0,50,99
03/31/2023,ASG,AR,ASW,ES,Federal Contract Tower,0,5,11,0,16,0,0,5,0,5,0,5,16,0,21,4,0,4,25
04/01/2023,ASG,AR,ASW,ES,Federal Contract Tower,0,2,4,0,6,0,0,58,0,58,0,2,62,0,64,78,0,78,142
04/02/2023,ASG,AR,ASW,ES,Federal Contract Tower,0,2,11,0,13,0,0,28,0,28,0,2,39,0,41,42,0,42,83
04/03/2023,ASG,AR,ASW,ES,Federal Contract Tower,0,3,19,0,22,0,0,24,0,24,0,3,43,0,46,38,0,38,84
04/04/2023,ASG,AR,ASW,ES,Federal Contract Tower,0,5,12,0,17,0,1,1,0,2,0,6,13,0,19,0,0,0,19
04/05/2023,ASG,AR,ASW,ES,Federal Contract Tower,0,2,17,0,19,0,0,28,0,28,0,2,45,0,47,66,0,66,113
04/06/2023,ASG,AR,ASW,ES,Federal Contract Tower,0,1,24,0,25,0,1,45,0,46,0,2,69,0,71,78,0,78,149
04/07/2023,ASG,AR,ASW,ES,Federal Contract Tower,0,3,19,0,22,0,0,62,0,62,0,3,81,0,84,28,0,28,112
04/08/2023,ASG,AR,ASW,ES,Federal Contract Tower,0,0,12,0,12,0,0,109,0,109,0,0,121,0,121,76,0,76,197
04/09/2023,ASG,AR,ASW,ES,Federal Contract Tower,0,1,8,0,9,0,0,37,0,37,0,1,45,0,46,92,0,92,138
04/10/2023,ASG,AR,ASW,ES,Federal Contract Tower,0,3,23,0,26,0,0,72,0,72,0,3,95,0,98,70,0,70,168
04/11/2023,ASG,AR,ASW,ES,Federal Contract Tower,0,4,15,0,19,0,0,72,0,72,0,4,87,0,91,62,0,62,153
04/12/2023,ASG,AR,ASW,ES,Federal Contract Tower,0,1,17,0,18,0,0,55,0,55,0,1,72,0,73,76,0,76,149
04/13/2023,ASG,AR,ASW,ES,Federal Contract Tower,0,2,34,0,36,0,0,82,0,82,0,2,116,0,118,82,0,82,200
04/14/2023,ASG,AR,ASW,ES,Federal Contract Tower,0,2,24,0,26,0,0,66,0,66,0,2,90,0,92,40,0,40,132
04/15/2023,ASG,AR,ASW,ES,Federal Contract Tower,0,2,7,0,9,0,0,44,0,44,0,2,51,0,53,2,0,2,55
04/16/2023,ASG,AR,ASW,ES,Federal Contract Tower,0,1,10,0,11,0,0,9,0,9,0,1,19,0,20,0,0,0,20
04/17/2023,ASG,AR,ASW,ES,Federal Contract Tower,0,4,19,0,23,0,0,42,0,42,0,4,61,0,65,4,0,4,69
04/18/2023,ASG,AR,ASW,ES,Federal Contract Tower,0,5,13,0,18,0,0,20,0,20,0,5,33,0,38,24,0,24,62
04/19/2023,ASG,AR,ASW,ES,Federal Contract Tower,0,6,14,0,20,0,0,11,0,11,0,6,25,0,31,12,0,12,43
04/20/2023,ASG,AR,ASW,ES,Federal Contract Tower,0,7,13,0,20,0,0,2,0,2,0,7,15,0,22,0,0,0,22
04/21/2023,ASG,AR,ASW,ES,Federal Contract Tower,0,3,19,0,22,0,0,90,0,90,0,3,109,0,112,58,0,58,170
04/22/2023,ASG,AR,ASW,ES,Federal Contract Tower,0,2,6,0,8,0,0,63,0,63,0,2,69,0,71,30,0,30,101
04/23/2023,ASG,AR,ASW,ES,Federal Contract Tower,0,0,14,0,14,0,0,65,0,65,0,0,79,0,79,48,0,48,127
04/24/2023,ASG,AR,ASW,ES,Federal Contract Tower,0,7,27,0,34,0,0,59,0,59,0,7,86,0,93,110,0,110,203
04/25/2023,ASG,AR,ASW,ES,Federal Contract Tower,0,15,9,0,24,0,0,26,0,26,0,15,35,0,50,78,0,78,128
04/26/2023,ASG,AR,ASW,ES,Federal Contract Tower,0,8,42,0,50,0,0,19,0,19,0,8,61,0,69,4,0,4,73
04/27/2023,ASG,AR,ASW,ES,Federal Contract Tower,0,6,35,0,41,0,0,4,0,4,0,6,39,0,45,10,0,10,55
04/28/2023,ASG,AR,ASW,ES,Federal Contract Tower,0,8,27,0,35,0,0,31,0,31,0,8,58,0,66,106,0,106,172
04/29/2023,ASG,AR,ASW,ES,Federal Contract Tower,0,3,16,0,19,0,0,30,0,30,0,3,46,0,49,12,0,12,61
04/30/2023,ASG,AR,ASW,ES,Federal Contract Tower,0,2,9,0,11,0,0,22,0,22,0,2,31,0,33,8,0,8,41
05/01/2023,ASG,AR,ASW,ES,Federal Contract Tower,0,3,24,0,27,0,1,48,0,49,0,4,72,0,76,28,0,28,104
05/02/2023,ASG,AR,ASW,ES,Federal Contract Tower,0,3,18,0,21,0,1,67,0,68,0,4,85,0,89,42,0,42,131
05/03/2023,ASG,AR,ASW,ES,Federal Contract Tower,0,0,16,0,16,0,0,90,0,90,0,0,106,0,106,122,0,122,228
05/04/2023,ASG,AR,ASW,ES,Federal Contract Tower,0,6,16,0,22,0,0,23,0,23,0,6,39,0,45,78,0,78,123
05/05/2023,ASG,AR,ASW,ES,Federal Contract Tower,0,3,29,0,32,0,0,12,0,12,0,3,41,0,44,48,0,48,92
05/06/2023,ASG,AR,ASW,ES,Federal Contract Tower,0,3,20,0,23,0,0,27,0,27,0,3,47,0,50,18,0,18,68
05/07/2023,ASG,AR,ASW,ES,Federal Contract Tower,0,5,18,0,23,0,0,15,0,15,0,5,33,0,38,0,0,0,38
05/08/2023,ASG,AR,ASW,ES,Federal Contract Tower,0,3,13,0,16,0,0,27,0,27,0,3,40,0,43,42,0,42,85
05/09/2023,ASG,AR,ASW,ES,Federal Contract Tower,0,2,34,0,36,0,0,38,0,38,0,2,72,0,74,56,0,56,130
05/10/2023,ASG,AR,ASW,ES,Federal Contract Tower,0,3,21,0,24,0,0,34,0,34,0,3,55,0,58,62,0,62,120
05/11/2023,ASG,AR,ASW,ES,Federal Contract Tower,0,5,22,0,27,0,0,20,0,20,0,5,42,0,47,26,0,26,73
05/12/2023,ASG,AR,ASW,ES,Federal Contract Tower,0,4,25,0,29,0,0,47,0,47,0,4,72,0,76,24,0,24,100
05/13/2023,ASG,AR,ASW,ES,Federal Contract Tower,0,0,1,0,1,0,0,32,0,32,0,0,33,0,33,54,0,54,87
05/14/2023,ASG,AR,ASW,ES,Federal Contract Tower,0,0,13,0,13,0,0,14,0,14,0,0,27,0,27,40,0,40,67
05/15/2023,ASG,AR,ASW,ES,Federal Contract Tower,0,8,19,0,27,0,0,21,0,21,0,8,40,0,48,4,0,4,52
05/16/2023,ASG,AR,ASW,ES,Federal Contract Tower,0,3,32,0,35,0,0,4,0,4,0,3,36,0,39,0,0,0,39
05/17/2023,ASG,AR,ASW,ES,Federal Contract Tower,0,6,23,0,29,0,0,40,0,40,0,6,63,0,69,46,0,46,115
05/18/2023,ASG,AR,ASW,ES,Federal Contract Tower,0,3,31,0,34,0,0,77,0,77,0,3,108,0,111,158,0,158,269
05/19/2023,ASG,AR,ASW,ES,Federal Contract Tower,0,18,6,0,24,0,0,1,0,1,0,18,7,0,25,4,0,4,29
05/20/2023,ASG,AR,ASW,ES,Federal Contract Tower,0,2,10,0,12,0,0,59,0,59,0,2,69,0,71,76,0,76,147
05/21/2023,ASG,AR,ASW,ES,Federal Contract Tower,0,0,4,0,4,0,0,59,0,59,0,0,63,0,63,16,0,16,79
05/22/2023,ASG,AR,ASW,ES,Federal Contract Tower,0,3,17,0,20,0,0,66,0,66,0,3,83,0,86,40,0,40,126
05/23/2023,ASG,AR,ASW,ES,Federal Contract Tower,0,3,26,0,29,0,0,77,0,77,0,3,103,0,106,116,0,116,222
05/24/2023,ASG,AR,ASW,ES,Federal Contract Tower,0,4,25,0,29,0,0,42,0,42,0,4,67,0,71,54,0,54,125
05/25/2023,ASG,AR,ASW,ES,Federal Contract Tower,0,5,36,0,41,0,0,85,0,85,0,5,121,0,126,104,0,104,230
05/26/2023,ASG,AR,ASW,ES,Federal Contract Tower,0,1,24,0,25,0,3,66,0,69,0,4,90,0,94,166,0,166,260
05/27/2023,ASG,AR,ASW,ES,Federal Contract Tower,0,3,7,0,10,0,0,80,0,80,0,3,87,0,90,52,0,52,142
05/28/2023,ASG,AR,ASW,ES,Federal Contract Tower,0,0,6,0,6,0,0,37,0,37,0,0,43,0,43,34,0,34,77
05/29/2023,ASG,AR,ASW,ES,Federal Contract Tower,0,2,9,0,11,0,0,56,0,56,0,2,65,0,67,32,0,32,99
05/30/2023,ASG,AR,ASW,ES,Federal Contract Tower,0,3,18,0,21,0,0,57,0,57,0,3,75,0,78,30,0,30,108
05/31/2023,ASG,AR,ASW,ES,Federal Contract Tower,0,4,27,0,31,0,0,78,0,78,0,4,105,0,109,150,0,150,259
06/01/2023,ASG,AR,ASW,ES,Federal Contract Tower,0,5,30,0,35,0,0,86,0,86,0,5,116,0,121,128,0,128,249
06/02/2023,ASG,AR,ASW,ES,Federal Contract Tower,0,5,26,0,31,0,0,95,0,95,0,5,121,0,126,30,0,30,156
06/03/2023,ASG,AR,ASW,ES,Federal Contract Tower,0,4,8,0,12,0,0,60,0,60,0,4,68,0,72,46,0,46,118
06/04/2023,ASG,AR,ASW,ES,Federal Contract Tower,0,6,16,0,22,0,0,59,0,59,0,6,75,0,81,84,0,84,165
06/05/2023,ASG,AR,ASW,ES,Federal Contract Tower,0,7,22,0,29,0,0,46,0,46,0,7,68,0,75,58,0,58,133
06/06/2023,ASG,AR,ASW,ES,Federal Contract Tower,0,1,32,0,33,0,0,79,0,79,0,1,111,0,112,84,0,84,196
06/07/2023,ASG,AR,ASW,ES,Federal Contract Tower,0,3,39,0,42,0,0,79,0,79,0,3,118,0,121,90,0,90,211
06/08/2023,ASG,AR,ASW,ES,Federal Contract Tower,0,1,22,0,23,0,0,48,0,48,0,1,70,0,71,40,0,40,111
06/09/2023,ASG,AR,ASW,ES,Federal Contract Tower,0,4,10,0,14,0,0,39,0,39,0,4,49,0,53,58,0,58,111
06/10/2023,ASG,AR,ASW,ES,Federal Contract Tower,0,8,5,0,13,0,0,17,0,17,0,8,22,0,30,68,0,68,98
06/11/2023,ASG,AR,ASW,ES,Federal Contract Tower,0,5,3,0,8,0,0,21,0,21,0,5,24,0,29,32,0,32,61
06/12/2023,ASG,AR,ASW,ES,Federal Contract Tower,0,6,35,0,41,0,0,59,0,59,0,6,94,0,100,152,0,152,252
06/13/2023,ASG,AR,ASW,ES,Federal Contract Tower,0,0,35,0,35,0,0,81,0,81,0,0,116,0,116,130,0,130,246
06/14/2023,ASG,AR,ASW,ES,Federal Contract Tower,0,0,26,0,26,0,0,49,0,49,0,0,75,0,75,120,0,120,195
06/15/2023,ASG,AR,ASW,ES,Federal Contract Tower,0,2,27,0,29,0,0,124,0,124,0,2,151,0,153,112,0,112,265
06/16/2023,ASG,AR,ASW,ES,Federal Contract Tower,0,2,18,0,20,0,0,65,0,65,0,2,83,0,85,36,0,36,121
06/17/2023,ASG,AR,ASW,ES,Federal Contract Tower,0,4,4,0,8,0,78,0,0,78,0,82,4,0,86,94,0,94,180
06/18/2023,ASG,AR,ASW,ES,Federal Contract Tower,0,0,9,0,9,0,0,4,0,4,0,0,13,0,13,2,0,2,15
06/19/2023,ASG,AR,ASW,ES,Federal Contract Tower,0,3,14,0,17,0,1,85,0,86,0,4,99,0,103,102,0,102,205
06/20/2023,ASG,AR,ASW,ES,Federal Contract Tower,0,2,20,0,22,0,0,68,0,68,0,2,88,0,90,82,0,82,172
06/21/2023,ASG,AR,ASW,ES,Federal Contract Tower,0,1,19,0,20,0,0,43,0,43,0,1,62,0,63,94,0,94,157
06/22/2023,ASG,AR,ASW,ES,Federal Contract Tower,0,2,19,0,21,0,0,104,0,104,0,2,123,0,125,96,0,96,221
06/23/2023,ASG,AR,ASW,ES,Federal Contract Tower,0,2,16,0,18,0,0,72,0,72,0,2,88,0,90,82,0,82,172
06/24/2023,ASG,AR,ASW,ES,Federal Contract Tower,0,2,5,0,7,0,0,32,0,32,0,2,37,0,39,14,0,14,53
06/25/2023,ASG,AR,ASW,ES,Federal Contract Tower,0,4,23,0,27,0,0,56,0,56,0,4,79,0,83,10,0,10,93
06/27/2023,ASG,AR,ASW,ES,Federal Contract Tower,0,3,31,0,34,0,0,81,0,81,0,3,112,0,115,46,0,46,161
06/28/2023,ASG,AR,ASW,ES,Federal Contract Tower,0,6,27,0,33,0,0,43,0,43,0,6,70,0,76,86,0,86,162
06/29/2023,ASG,AR,ASW,ES,Federal Contract Tower,0,3,17,0,20,0,0,47,0,47,0,3,64,0,67,62,0,62,129
06/30/2023,ASG,AR,ASW,ES,Federal Contract Tower,0,7,21,0,28,0,0,58,0,58,0,7,79,0,86,78,0,78,164
07/01/2023,ASG,AR,ASW,ES,Federal Contract Tower,0,1,14,0,15,0,0,22,0,22,0,1,36,0,37,30,0,30,67
07/02/2023,ASG,AR,ASW,ES,Federal Contract Tower,0,2,12,2,16,0,0,13,0,13,0,2,25,2,29,28,0,28,57
07/03/2023,ASG,AR,ASW,ES,Federal Contract Tower,0,0,14,0,14,0,1,55,0,56,0,1,69,0,70,4,0,4,74
07/04/2023,ASG,AR,ASW,ES,Federal Contract Tower,0,1,8,0,9,0,0,71,0,71,0,1,79,0,80,94,0,94,174
07/05/2023,ASG,AR,ASW,ES,Federal Contract Tower,0,1,27,0,28,0,0,33,0,33,0,1,60,0,61,56,0,56,117
07/06/2023,ASG,AR,ASW,ES,Federal Contract Tower,0,0,18,0,18,0,0,12,0,12,0,0,30,0,30,2,0,2,32
07/07/2023,ASG,AR,ASW,ES,Federal Contract Tower,0,4,21,0,25,0,0,57,0,57,0,4,78,0,82,56,0,56,138
07/08/2023,ASG,AR,ASW,ES,Federal Contract Tower,0,1,14,0,15,0,0,28,0,28,0,1,42,0,43,24,0,24,67
07/09/2023,ASG,AR,ASW,ES,Federal Contract Tower,0,4,13,0,17,0,0,10,0,10,0,4,23,0,27,10,0,10,37
07/10/2023,ASG,AR,ASW,ES,Federal Contract Tower,0,6,17,0,23,0,0,70,0,70,0,6,87,0,93,96,0,96,189
07/11/2023,ASG,AR,ASW,ES,Federal Contract Tower,0,1,20,0,21,0,1,80,0,81,0,2,100,0,102,112,0,112,214
07/12/2023,ASG,AR,ASW,ES,Federal Contract Tower,0,1,25,0,26,0,0,70,0,70,0,1,95,0,96,160,0,160,256
07/13/2023,ASG,AR,ASW,ES,Federal Contract Tower,1,1,30,0,32,0,0,42,0,42,1,1,72,0,74,126,0,126,200
07/14/2023,ASG,AR,ASW,ES,Federal Contract Tower,0,1,12,0,13,0,0,22,0,22,0,1,34,0,35,12,0,12,47
07/15/2023,ASG,AR,ASW,ES,Federal Contract Tower,0,3,11,0,14,0,0,79,0,79,0,3,90,0,93,68,0,68,161
07/16/2023,ASG,AR,ASW,ES,Federal Contract Tower,0,3,23,0,26,0,0,48,0,48,0,3,71,0,74,46,0,46,120
07/17/2023,ASG,AR,ASW,ES,Federal Contract Tower,0,5,25,0,30,0,0,72,0,72,0,5,97,0,102,58,0,58,160
07/18/2023,ASG,AR,ASW,ES,Federal Contract Tower,0,6,28,0,34,0,0,46,0,46,0,6,74,0,80,22,0,22,102
07/19/2023,ASG,AR,ASW,ES,Federal Contract Tower,0,6,16,0,22,0,0,18,0,18,0,6,34,0,40,4,0,4,44
07/20/2023,ASG,AR,ASW,ES,Federal Contract Tower,0,2,24,0,26,0,0,85,0,85,0,2,109,0,111,138,0,138,249
07/21/2023,ASG,AR,ASW,ES,Federal Contract Tower,0,5,24,0,29,0,0,24,0,24,0,5,48,0,53,66,0,66,119
07/22/2023,ASG,AR,ASW,ES,Federal Contract Tower,0,1,6,0,7,0,0,124,0,124,0,1,130,0,131,68,0,68,199
07/23/2023,ASG,AR,ASW,ES,Federal Contract Tower,0,2,9,0,11,0,0,73,0,73,0,2,82,0,84,32,0,32,116
07/24/2023,ASG,AR,ASW,ES,Federal Contract Tower,0,3,26,0,29,0,0,56,0,56,0,3,82,0,85,60,0,60,145
07/25/2023,ASG,AR,ASW,ES,Federal Contract Tower,0,7,27,0,34,0,0,94,0,94,0,7,121,0,128,24,0,24,152
07/26/2023,ASG,AR,ASW,ES,Federal Contract Tower,0,5,28,0,33,0,0,31,0,31,0,5,59,0,64,8,0,8,72
07/27/2023,ASG,AR,ASW,ES,Federal Contract Tower,0,2,27,0,29,0,0,57,0,57,0,2,84,0,86,20,0,20,106
07/28/2023,ASG,AR,ASW,ES,Federal Contract Tower,0,8,20,0,28,0,0,57,0,57,0,8,77,0,85,32,0,32,117
07/29/2023,ASG,AR,ASW,ES,Federal Contract Tower,0,6,6,0,12,0,0,49,0,49,0,6,55,0,61,48,0,48,109
07/30/2023,ASG,AR,ASW,ES,Federal Contract Tower,0,3,11,0,14,0,0,37,0,37,0,3,48,0,51,38,0,38,89
07/31/2023,ASG,AR,ASW,ES,Federal Contract Tower,0,1,17,0,18,0,0,52,0,52,0,1,69,0,70,54,0,54,124
08/01/2023,ASG,AR,ASW,ES,Federal Contract Tower,0,2,21,0,23,0,0,57,0,57,0,2,78,0,80,56,0,56,136
08/02/2023,ASG,AR,ASW,ES,Federal Contract Tower,0,4,33,0,37,0,0,62,0,62,0,4,95,0,99,38,0,38,137
08/03/2023,ASG,AR,ASW,ES,Federal Contract Tower,0,7,23,0,30,0,0,37,0,37,0,7,60,0,67,30,0,30,97
08/04/2023,ASG,AR,ASW,ES,Federal Contract Tower,0,5,28,0,33,0,0,67,0,67,0,5,95,0,100,24,0,24,124
08/05/2023,ASG,AR,ASW,ES,Federal Contract Tower,0,0,4,0,4,0,0,23,0,23,0,0,27,0,27,4,0,4,31
08/06/2023,ASG,AR,ASW,ES,Federal Contract Tower,0,6,14,0,20,0,0,7,0,7,0,6,21,0,27,18,0,18,45
08/07/2023,ASG,AR,ASW,ES,Federal Contract Tower,0,2,20,0,22,0,0,67,0,67,0,2,87,0,89,94,0,94,183
08/08/2023,ASG,AR,ASW,ES,Federal Contract Tower,0,5,9,0,14,0,0,40,0,40,0,5,49,0,54,68,0,68,122
08/09/2023,ASG,AR,ASW,ES,Federal Contract Tower,0,8,9,0,17,0,0,4,0,4,0,8,13,0,21,0,0,0,21
08/10/2023,ASG,AR,ASW,ES,Federal Contract Tower,0,4,18,0,22,0,0,87,0,87,0,4,105,0,109,146,0,146,255
08/11/2023,ASG,AR,ASW,ES,Federal Contract Tower,0,1,18,0,19,0,0,80,0,80,0,1,98,0,99,100,0,100,199
08/12/2023,ASG,AR,ASW,ES,Federal Contract Tower,0,3,9,0,12,0,0,75,0,75,0,3,84,0,87,66,0,66,153
08/13/2023,ASG,AR,ASW,ES,Federal Contract Tower,0,2,7,0,9,0,0,44,0,44,0,2,51,0,53,82,0,82,135
08/14/2023,ASG,AR,ASW,ES,Federal Contract Tower,0,5,12,0,17,0,0,28,0,28,0,5,40,0,45,12,0,12,57
08/15/2023,ASG,AR,ASW,ES,Federal Contract Tower,0,2,37,0,39,0,0,54,0,54,0,2,91,0,93,98,0,98,191
08/16/2023,ASG,AR,ASW,ES,Federal Contract Tower,0,4,24,0,28,0,0,100,0,100,0,4,124,0,128,120,0,120,248
08/17/2023,ASG,AR,ASW,ES,Federal Contract Tower,0,7,23,0,30,0,0,99,0,99,0,7,122,0,129,164,0,164,293
08/18/2023,ASG,AR,ASW,ES,Federal Contract Tower,0,1,25,0,26,0,0,95,0,95,0,1,120,0,121,50,0,50,171
08/19/2023,ASG,AR,ASW,ES,Federal Contract Tower,0,0,4,0,4,0,0,47,0,47,0,0,51,0,51,2,0,2,53
08/20/2023,ASG,AR,ASW,ES,Federal Contract Tower,0,4,13,0,17,0,0,29,0,29,0,4,42,0,46,2,0,2,48
08/21/2023,ASG,AR,ASW,ES,Federal Contract Tower,0,5,21,0,26,0,0,44,0,44,0,5,65,0,70,30,0,30,100
08/22/2023,ASG,AR,ASW,ES,Federal Contract Tower,0,4,21,0,25,0,0,46,0,46,0,4,67,0,71,92,0,92,163
08/23/2023,ASG,AR,ASW,ES,Federal Contract Tower,0,6,24,0,30,0,0,38,0,38,0,6,62,0,68,46,0,46,114
08/24/2023,ASG,AR,ASW,ES,Federal Contract Tower,0,9,24,0,33,0,0,61,0,61,0,9,85,0,94,108,0,108,202
08/25/2023,ASG,AR,ASW,ES,Federal Contract Tower,0,2,21,0,23,0,0,78,0,78,0,2,99,0,101,40,0,40,141
08/26/2023,ASG,AR,ASW,ES,Federal Contract Tower,0,3,15,0,18,0,0,44,0,44,0,3,59,0,62,102,0,102,164
08/27/2023,ASG,AR,ASW,ES,Federal Contract Tower,0,3,15,0,18,0,0,21,0,21,0,3,36,0,39,40,0,40,79
08/28/2023,ASG,AR,ASW,ES,Federal Contract Tower,0,4,27,0,31,0,0,37,0,37,0,4,64,0,68,80,0,80,148
08/29/2023,ASG,AR,ASW,ES,Federal Contract Tower,0,5,27,0,32,0,0,57,0,57,0,5,84,0,89,124,0,124,213
08/30/2023,ASG,AR,ASW,ES,Federal Contract Tower,0,1,20,0,21,0,0,79,0,79,0,1,99,0,100,156,0,156,256
08/31/2023,ASG,AR,ASW,ES,Federal Contract Tower,0,5,20,0,25,0,0,63,0,63,0,5,83,0,88,112,0,112,200
