01/01/2000,ATL,GA,ASO,ES,Towers with Radar,1155,350,24,5,1534,163,15,0,0,178,1318,365,24,5,1712,1,0,1,1713
01/02/2000,ATL,GA,ASO,ES,Towers with Radar,1660,444,26,9,2139,134,0,0,7,141,1794,444,26,16,2280,1,0,1,2281
01/03/2000,ATL,GA,ASO,ES,Towers with Radar,1698,514,47,7,2266,174,7,0,0,181,1872,521,47,7,2447,3,0,3,2450
01/04/2000,ATL,GA,ASO,ES,Towers with Radar,1826,561,46,9,2442,0,40,0,0,40,1826,601,46,9,2482,11,0,11,2493
01/05/2000,ATL,GA,ASO,ES,Towers with Radar,1948,602,77,8,2635,0,46,5,0,51,1948,648,82,8,2686,0,0,0,2686
01/06/2000,ATL,GA,ASO,ES,Towers with Radar,1900,596,57,8,2561,0,48,0,0,48,1900,644,57,8,2609,0,0,0,2609
01/07/2000,ATL,GA,ASO,ES,Towers with Radar,1910,604,71,10,2595,0,54,0,3,57,1910,658,71,13,2652,11,0,11,2663
01/08/2000,ATL,GA,ASO,ES,Towers with Radar,1652,500,31,5,2188,187,5,0,0,192,1839,505,31,5,2380,5,0,5,2385
01/09/2000,ATL,GA,ASO,ES,Towers with Radar,1567,453,36,8,2064,239,0,0,11,250,1806,453,36,19,2314,4,0,4,2318
01/10/2000,ATL,GA,ASO,ES,Towers with Radar,1838,522,54,9,2423,53,0,0,3,56,1891,522,54,12,2479,4,0,4,2483
01/11/2000,ATL,GA,ASO,ES,Towers with Radar,1890,596,76,10,2572,0,30,13,0,43,1890,626,89,10,2615,6,0,6,2621
01/12/2000,ATL,GA,ASO,ES,Towers with Radar,1902,614,70,10,2596,0,42,0,2,44,1902,656,70,12,2640,0,0,0,2640
01/13/2000,ATL,GA,ASO,ES,Towers with Radar,1868,626,80,4,2578,0,12,20,0,32,1868,638,100,4,2610,0,0,0,2610
01/14/2000,ATL,GA,ASO,ES,Towers with Radar,1914,614,77,3,2608,0,38,0,0,38,1914,652,77,3,2646,0,0,0,2646
01/15/2000,ATL,GA,ASO,ES,Towers with Radar,1683,508,26,9,2226,210,12,0,7,229,1893,520,26,16,2455,8,0,8,2463
01/16/2000,ATL,GA,ASO,ES,Towers with Radar,1660,464,34,9,2167,155,0,0,3,158,1815,464,34,12,2325,5,1,6,2331
01/17/2000,ATL,GA,ASO,ES,Towers with Radar,1806,530,51,9,2396,85,0,0,3,88,1891,530,51,12,2484,9,0,9,2493
01/18/2000,ATL,GA,ASO,ES,Towers with Radar,1921,531,66,10,2528,18,0,0,1,19,1939,531,66,11,2547,0,0,0,2547
01/19/2000,ATL,GA,ASO,ES,Towers with Radar,1860,607,79,4,2550,0,26,18,0,44,1860,633,97,4,2594,0,0,0,2594
01/20/2000,ATL,GA,ASO,ES,Towers with Radar,1790,597,77,2,2466,0,63,17,0,80,1790,660,94,2,2546,0,0,0,2546
01/21/2000,ATL,GA,ASO,ES,Towers with Radar,1877,614,80,9,2580,0,32,2,2,36,1877,646,82,11,2616,10,0,10,2626
01/22/2000,ATL,GA,ASO,ES,Towers with Radar,1487,449,30,7,1973,200,28,0,0,228,1687,477,30,7,2201,5,0,5,2206
01/23/2000,ATL,GA,ASO,ES,Towers with Radar,1365,412,24,6,1807,209,29,0,0,238,1574,441,24,6,2045,0,0,0,2045
01/24/2000,ATL,GA,ASO,ES,Towers with Radar,1663,467,60,8,2198,173,0,0,7,180,1836,467,60,15,2378,1,0,1,2379
01/25/2000,ATL,GA,ASO,ES,Towers with Radar,1550,574,74,4,2202,0,3,13,0,16,1550,577,87,4,2218,9,0,9,2227
01/26/2000,ATL,GA,ASO,ES,Towers with Radar,1782,540,70,2,2394,0,48,34,0,82,1782,588,104,2,2476,0,0,0,2476
01/27/2000,ATL,GA,ASO,ES,Towers with Radar,1947,620,80,9,2656,0,10,54,0,64,1947,630,134,9,2720,0,0,0,2720
01/28/2000,ATL,GA,ASO,ES,Towers with Radar,1284,312,52,2,1650,0,0,52,0,52,1284,312,104,2,1702,0,0,0,1702
01/29/2000,ATL,GA,ASO,ES,Towers with Radar,706,143,27,1,877,180,0,17,0,197,886,143,44,1,1074,0,0,0,1074
01/30/2000,ATL,GA,ASO,ES,Towers with Radar,1307,260,50,2,1619,62,0,39,0,101,1369,260,89,2,1720,0,0,0,1720
01/31/2000,ATL,GA,ASO,ES,Towers with Radar,1902,540,86,9,2537,0,0,80,0,80,1902,540,166,9,2617,6,0,6,2623
02/01/2000,ATL,GA,ASO,ES,Towers with Radar,1940,594,71,6,2611,0,36,4,0,40,1940,630,75,6,2651,5,0,5,2656
02/02/2000,ATL,GA,ASO,ES,Towers with Radar,1902,605,72,4,2583,0,48,17,0,65,1902,653,89,4,2648,6,0,6,2654
02/03/2000,ATL,GA,ASO,ES,Towers with Radar,1875,603,71,6,2555,0,53,11,0,64,1875,656,82,6,2619,0,0,0,2619
02/04/2000,ATL,GA,ASO,ES,Towers with Radar,1909,619,63,9,2600,0,42,0,8,50,1909,661,63,17,2650,7,0,7,2657
02/05/2000,ATL,GA,ASO,ES,Towers with Radar,1665,511,16,7,2199,173,26,0,8,207,1838,537,16,15,2406,0,1,1,2407
02/06/2000,ATL,GA,ASO,ES,Towers with Radar,1686,517,38,6,2247,214,0,0,0,214,1900,517,38,6,2461,0,0,0,2461
02/07/2000,ATL,GA,ASO,ES,Towers with Radar,1886,556,68,7,2517,16,0,1,0,17,1902,556,69,7,2534,0,0,0,2534
02/08/2000,ATL,GA,ASO,ES,Towers with Radar,1928,602,70,2,2602,0,46,13,0,59,1928,648,83,2,2661,9,0,9,2670
02/09/2000,ATL,GA,ASO,ES,Towers with Radar,1894,609,71,5,2579,0,39,18,0,57,1894,648,89,5,2636,6,0,6,2642
02/10/2000,ATL,GA,ASO,ES,Towers with Radar,1921,624,72,7,2624,0,45,28,0,73,1921,669,100,7,2697,0,0,0,2697
02/11/2000,ATL,GA,ASO,ES,Towers with Radar,1923,633,74,9,2639,0,14,12,1,27,1923,647,86,10,2666,1,0,1,2667
02/12/2000,ATL,GA,ASO,ES,Towers with Radar,1415,434,43,6,1898,407,84,0,4,495,1822,518,43,10,2393,3,0,3,2396
02/13/2000,ATL,GA,ASO,ES,Towers with Radar,1661,402,26,8,2097,0,0,0,4,4,1661,402,26,12,2101,0,0,0,2101
02/14/2000,ATL,GA,ASO,ES,Towers with Radar,1678,499,60,7,2244,305,0,10,2,317,1983,499,70,9,2561,0,0,0,2561
02/15/2000,ATL,GA,ASO,ES,Towers with Radar,1945,619,73,8,2645,0,9,34,0,43,1945,628,107,8,2688,0,0,0,2688
02/16/2000,ATL,GA,ASO,ES,Towers with Radar,1873,613,71,9,2566,0,19,36,1,56,1873,632,107,10,2622,0,0,0,2622
02/17/2000,ATL,GA,ASO,ES,Towers with Radar,1923,627,74,3,2627,0,10,21,0,31,1923,637,95,3,2658,0,0,0,2658
02/18/2000,ATL,GA,ASO,ES,Towers with Radar,1777,569,68,7,2421,0,18,23,0,41,1777,587,91,7,2462,0,0,0,2462
02/19/2000,ATL,GA,ASO,ES,Towers with Radar,1715,503,42,6,2266,153,0,0,0,153,1868,503,42,6,2419,0,0,0,2419
02/20/2000,ATL,GA,ASO,ES,Towers with Radar,1797,485,35,7,2324,117,0,0,5,122,1914,485,35,12,2446,0,0,0,2446
02/21/2000,ATL,GA,ASO,ES,Towers with Radar,1852,508,63,7,2430,93,0,0,3,96,1945,508,63,10,2526,0,0,0,2526
02/22/2000,ATL,GA,ASO,ES,Towers with Radar,1911,547,71,6,2535,0,0,3,0,3,1911,547,74,6,2538,14,0,14,2552
02/23/2000,ATL,GA,ASO,ES,Towers with Radar,1914,635,76,6,2631,0,39,22,0,61,1914,674,98,6,2692,7,0,7,2699
02/24/2000,ATL,GA,ASO,ES,Towers with Radar,1925,623,74,6,2628,0,2,18,0,20,1925,625,92,6,2648,0,0,0,2648
02/25/2000,ATL,GA,ASO,ES,Towers with Radar,1694,518,61,6,2279,212,123,13,2,350,1906,641,74,8,2629,12,0,12,2641
02/26/2000,ATL,GA,ASO,ES,Towers with Radar,1698,500,25,4,2227,154,0,0,0,154,1852,500,25,4,2381,5,0,5,2386
02/27/2000,ATL,GA,ASO,ES,Towers with Radar,1876,457,44,7,2384,0,0,0,2,2,1876,457,44,9,2386,6,1,7,2393
02/28/2000,ATL,GA,ASO,ES,Towers with Radar,1937,535,63,5,2540,0,0,0,0,0,1937,535,63,5,2540,0,0,0,2540
02/29/2000,ATL,GA,ASO,ES,Towers with Radar,1901,602,71,3,2577,0,49,24,0,73,1901,651,95,3,2650,0,0,0,2650
03/01/2000,ATL,GA,ASO,ES,Towers with Radar,1914,635,92,12,2653,0,16,35,9,60,1914,651,127,21,2713,14,0,14,2727
03/02/2000,ATL,GA,ASO,ES,Towers with Radar,1916,627,90,11,2644,0,58,3,0,61,1916,685,93,11,2705,0,0,0,2705
03/03/2000,ATL,GA,ASO,ES,Towers with Radar,1930,626,78,6,2640,0,18,0,0,18,1930,644,78,6,2658,0,0,0,2658
03/04/2000,ATL,GA,ASO,ES,Towers with Radar,1727,509,40,10,2286,191,0,0,8,199,1918,509,40,18,2485,3,0,3,2488
03/05/2000,ATL,GA,ASO,ES,Towers with Radar,1716,471,47,8,2242,183,0,0,0,183,1899,471,47,8,2425,0,0,0,2425
03/06/2000,ATL,GA,ASO,ES,Towers with Radar,1939,511,66,12,2528,0,0,0,2,2,1939,511,66,14,2530,0,0,0,2530
03/07/2000,ATL,GA,ASO,ES,Towers with Radar,1840,564,72,3,2479,74,80,0,0,154,1914,644,72,3,2633,9,0,9,2642
03/08/2000,ATL,GA,ASO,ES,Towers with Radar,1919,605,86,8,2618,0,61,16,0,77,1919,666,102,8,2695,11,0,11,2706
03/09/2000,ATL,GA,ASO,ES,Towers with Radar,1930,607,87,9,2633,0,56,104,0,160,1930,663,191,9,2793,0,0,0,2793
03/10/2000,ATL,GA,ASO,ES,Towers with Radar,1908,635,92,11,2646,0,0,33,0,33,1908,635,125,11,2679,0,0,0,2679
03/11/2000,ATL,GA,ASO,ES,Towers with Radar,1829,486,63,7,2385,0,0,0,0,0,1829,486,63,7,2385,0,0,0,2385
03/12/2000,ATL,GA,ASO,ES,Towers with Radar,1568,479,69,9,2125,390,0,230,14,634,1958,479,299,23,2759,0,0,0,2759
03/13/2000,ATL,GA,ASO,ES,Towers with Radar,1954,527,41,12,2534,28,0,0,1,29,1982,527,41,13,2563,0,0,0,2563
03/14/2000,ATL,GA,ASO,ES,Towers with Radar,1850,568,69,10,2497,119,58,0,3,180,1969,626,69,13,2677,12,1,13,2690
03/15/2000,ATL,GA,ASO,ES,Towers with Radar,1920,594,78,7,2599,0,65,0,0,65,1920,659,78,7,2664,6,0,6,2670
03/16/2000,ATL,GA,ASO,ES,Towers with Radar,1922,630,74,7,2633,0,12,0,0,12,1922,642,74,7,2645,0,0,0,2645
03/17/2000,ATL,GA,ASO,ES,Towers with Radar,1943,597,85,9,2634,0,52,6,0,58,1943,649,91,9,2692,0,0,0,2692
03/18/2000,ATL,GA,ASO,ES,Towers with Radar,1959,498,36,8,2501,0,0,0,0,0,1959,498,36,8,2501,0,0,0,2501
03/19/2000,ATL,GA,ASO,ES,Towers with Radar,1671,424,35,6,2136,89,0,0,0,89,1760,424,35,6,2225,0,0,0,2225
03/20/2000,ATL,GA,ASO,ES,Towers with Radar,1590,487,71,8,2156,421,28,1,4,454,2011,515,72,12,2610,23,2,25,2635
03/21/2000,ATL,GA,ASO,ES,Towers with Radar,1903,584,85,10,2582,0,52,2,1,55,1903,636,87,11,2637,14,0,14,2651
03/22/2000,ATL,GA,ASO,ES,Towers with Radar,1969,603,87,10,2669,8,42,17,0,67,1977,645,104,10,2736,0,0,0,2736
03/23/2000,ATL,GA,ASO,ES,Towers with Radar,1964,642,92,10,2708,0,28,0,0,28,1964,670,92,10,2736,12,0,12,2748
03/24/2000,ATL,GA,ASO,ES,Towers with Radar,1950,630,73,11,2664,0,18,0,1,19,1950,648,73,12,2683,25,0,25,2708
03/25/2000,ATL,GA,ASO,ES,Towers with Radar,1890,515,34,11,2450,0,0,0,0,0,1890,515,34,11,2450,6,0,6,2456
03/26/2000,ATL,GA,ASO,ES,Towers with Radar,1697,471,45,9,2222,213,0,0,12,225,1910,471,45,21,2447,2,0,2,2449
03/27/2000,ATL,GA,ASO,ES,Towers with Radar,1738,513,47,9,2307,222,0,0,4,226,1960,513,47,13,2533,5,0,5,2538
03/28/2000,ATL,GA,ASO,ES,Towers with Radar,1874,574,83,5,2536,72,81,1,0,154,1946,655,84,5,2690,7,0,7,2697
03/29/2000,ATL,GA,ASO,ES,Towers with Radar,1951,613,89,3,2656,0,22,7,0,29,1951,635,96,3,2685,11,0,11,2696
03/30/2000,ATL,GA,ASO,ES,Towers with Radar,1962,613,77,6,2658,0,19,0,0,19,1962,632,77,6,2677,0,0,0,2677
03/31/2000,ATL,GA,ASO,ES,Towers with Radar,1982,646,89,11,2728,0,4,0,0,4,1982,650,89,11,2732,0,0,0,2732
04/01/2000,ATL,GA,ASO,ES,Towers with Radar,1749,501,36,9,2295,110,7,0,0,117,1859,508,36,9,2412,9,0,9,2421
04/02/2000,ATL,GA,ASO,ES,Towers with Radar,1800,448,45,11,2304,96,0,0,1,97,1896,448,45,12,2401,2,0,2,2403
04/03/2000,ATL,GA,ASO,ES,Towers with Radar,1649,412,39,6,2106,115,0,0,0,115,1764,412,39,6,2221,5,0,5,2226
04/04/2000,ATL,GA,ASO,ES,Towers with Radar,2004,596,80,8,2688,0,6,26,0,32,2004,602,106,8,2720,2,0,2,2722
04/05/2000,ATL,GA,ASO,ES,Towers with Radar,2005,603,81,6,2695,0,10,45,0,55,2005,613,126,6,2750,6,1,7,2757
04/06/2000,ATL,GA,ASO,ES,Towers with Radar,1988,597,81,6,2672,0,0,44,0,44,1988,597,125,6,2716,0,0,0,2716
04/07/2000,ATL,GA,ASO,ES,Towers with Radar,1716,492,66,6,2280,231,114,74,0,419,1947,606,140,6,2699,0,0,0,2699
04/08/2000,ATL,GA,ASO,ES,Towers with Radar,1816,498,70,11,2395,65,0,1,2,68,1881,498,71,13,2463,6,0,6,2469
04/09/2000,ATL,GA,ASO,ES,Towers with Radar,1887,480,70,11,2448,0,0,0,6,6,1887,480,70,17,2454,0,0,0,2454
04/10/2000,ATL,GA,ASO,ES,Towers with Radar,1982,507,55,6,2550,0,0,0,0,0,1982,507,55,6,2550,7,0,7,2557
04/11/2000,ATL,GA,ASO,ES,Towers with Radar,2041,590,79,9,2719,0,56,13,0,69,2041,646,92,9,2788,0,0,0,2788
04/12/2000,ATL,GA,ASO,ES,Towers with Radar,1958,594,80,7,2639,0,17,13,0,30,1958,611,93,7,2669,6,0,6,2675
04/13/2000,ATL,GA,ASO,ES,Towers with Radar,1929,582,79,8,2598,0,13,35,0,48,1929,595,114,8,2646,0,0,0,2646
04/14/2000,ATL,GA,ASO,ES,Towers with Radar,1763,505,69,11,2348,218,101,0,4,323,1981,606,69,15,2671,0,0,0,2671
04/15/2000,ATL,GA,ASO,ES,Towers with Radar,1745,492,37,10,2284,203,0,0,3,206,1948,492,37,13,2490,0,0,0,2490
04/16/2000,ATL,GA,ASO,ES,Towers with Radar,1882,452,59,10,2403,10,0,0,0,10,1892,452,59,10,2413,5,2,7,2420
04/17/2000,ATL,GA,ASO,ES,Towers with Radar,1941,503,61,8,2513,0,0,0,0,0,1941,503,61,8,2513,1,0,1,2514
04/18/2000,ATL,GA,ASO,ES,Towers with Radar,1942,607,83,12,2644,0,4,9,2,15,1942,611,92,14,2659,3,2,5,2664
04/19/2000,ATL,GA,ASO,ES,Towers with Radar,1938,579,79,11,2607,0,48,21,6,75,1938,627,100,17,2682,10,0,10,2692
04/20/2000,ATL,GA,ASO,ES,Towers with Radar,1897,557,76,6,2536,0,28,12,0,40,1897,585,88,6,2576,0,0,0,2576
04/21/2000,ATL,GA,ASO,ES,Towers with Radar,1659,475,65,9,2208,243,158,14,0,415,1902,633,79,9,2623,0,0,0,2623
04/22/2000,ATL,GA,ASO,ES,Towers with Radar,1702,487,24,9,2222,189,1,0,5,195,1891,488,24,14,2417,4,0,4,2421
04/23/2000,ATL,GA,ASO,ES,Towers with Radar,1838,473,28,8,2347,37,0,0,0,37,1875,473,28,8,2384,0,0,0,2384
04/24/2000,ATL,GA,ASO,ES,Towers with Radar,1904,495,60,11,2470,0,0,0,0,0,1904,495,60,11,2470,0,0,0,2470
04/25/2000,ATL,GA,ASO,ES,Towers with Radar,1989,604,82,12,2687,0,33,5,1,39,1989,637,87,13,2726,2,0,2,2728
04/26/2000,ATL,GA,ASO,ES,Towers with Radar,1957,586,80,10,2633,0,40,28,0,68,1957,626,108,10,2701,12,0,12,2713
04/27/2000,ATL,GA,ASO,ES,Towers with Radar,1940,594,81,11,2626,0,38,5,2,45,1940,632,86,13,2671,0,0,0,2671
04/28/2000,ATL,GA,ASO,ES,Towers with Radar,1745,499,68,9,2321,222,133,18,4,377,1967,632,86,13,2698,0,0,0,2698
04/29/2000,ATL,GA,ASO,ES,Towers with Radar,1785,482,29,10,2306,106,0,0,14,120,1891,482,29,24,2426,9,1,10,2436
04/30/2000,ATL,GA,ASO,ES,Towers with Radar,1890,464,26,11,2391,0,0,0,5,5,1890,464,26,16,2396,5,0,5,2401
05/01/2000,ATL,GA,ASO,ES,Towers with Radar,1835,478,49,7,2369,84,0,0,0,84,1919,478,49,7,2453,1,0,1,2454
05/02/2000,ATL,GA,ASO,ES,Towers with Radar,1737,556,57,10,2360,0,0,0,0,0,1737,556,57,10,2360,11,0,11,2371
05/03/2000,ATL,GA,ASO,ES,Towers with Radar,1934,574,69,6,2583,5,28,18,0,51,1939,602,87,6,2634,0,0,0,2634
05/04/2000,ATL,GA,ASO,ES,Towers with Radar,1959,620,75,7,2661,0,0,12,0,12,1959,620,87,7,2673,0,0,0,2673
05/05/2000,ATL,GA,ASO,ES,Towers with Radar,1975,579,72,11,2637,0,0,6,0,6,1975,579,78,11,2643,0,0,0,2643
05/06/2000,ATL,GA,ASO,ES,Towers with Radar,1664,494,25,10,2193,212,0,0,0,212,1876,494,25,10,2405,5,0,5,2410
05/07/2000,ATL,GA,ASO,ES,Towers with Radar,1751,472,31,11,2265,126,0,0,4,130,1877,472,31,15,2395,1,0,1,2396
05/08/2000,ATL,GA,ASO,ES,Towers with Radar,1789,530,64,11,2394,132,0,10,8,150,1921,530,74,19,2544,4,0,4,2548
05/09/2000,ATL,GA,ASO,ES,Towers with Radar,1910,585,70,2,2567,0,23,33,0,56,1910,608,103,2,2623,9,0,9,2632
05/10/2000,ATL,GA,ASO,ES,Towers with Radar,1814,584,70,8,2476,0,32,34,0,66,1814,616,104,8,2542,0,0,0,2542
05/11/2000,ATL,GA,ASO,ES,Towers with Radar,1814,616,75,8,2513,0,0,29,0,29,1814,616,104,8,2542,17,0,17,2559
05/12/2000,ATL,GA,ASO,ES,Towers with Radar,1828,543,65,11,2447,105,85,31,5,226,1933,628,96,16,2673,0,0,0,2673
05/13/2000,ATL,GA,ASO,ES,Towers with Radar,1651,490,32,10,2183,163,19,0,5,187,1814,509,32,15,2370,0,0,0,2370
05/14/2000,ATL,GA,ASO,ES,Towers with Radar,1719,474,42,10,2245,142,0,0,7,149,1861,474,42,17,2394,0,0,0,2394
05/15/2000,ATL,GA,ASO,ES,Towers with Radar,1892,509,51,6,2458,34,0,0,0,34,1926,509,51,6,2492,11,0,11,2503
05/16/2000,ATL,GA,ASO,ES,Towers with Radar,1934,604,74,10,2622,0,21,2,0,23,1934,625,76,10,2645,0,0,0,2645
05/17/2000,ATL,GA,ASO,ES,Towers with Radar,1946,592,65,11,2614,0,14,0,0,14,1946,606,65,11,2628,7,1,8,2636
05/18/2000,ATL,GA,ASO,ES,Towers with Radar,1857,596,73,10,2536,0,41,23,0,64,1857,637,96,10,2600,0,0,0,2600
05/19/2000,ATL,GA,ASO,ES,Towers with Radar,1868,583,71,10,2532,0,44,18,0,62,1868,627,89,10,2594,8,0,8,2602
05/20/2000,ATL,GA,ASO,ES,Towers with Radar,1709,506,30,10,2255,185,3,0,1,189,1894,509,30,11,2444,13,0,13,2457
05/21/2000,ATL,GA,ASO,ES,Towers with Radar,1588,402,43,6,2039,126,0,0,0,126,1714,402,43,6,2165,4,0,4,2169
05/22/2000,ATL,GA,ASO,ES,Towers with Radar,1975,537,60,11,2583,58,0,0,3,61,2033,537,60,14,2644,5,0,5,2649
05/23/2000,ATL,GA,ASO,ES,Towers with Radar,1889,581,71,11,2552,0,44,25,47,116,1889,625,96,58,2668,6,0,6,2674
05/24/2000,ATL,GA,ASO,ES,Towers with Radar,1842,590,72,11,2515,0,50,11,3,64,1842,640,83,14,2579,10,0,10,2589
05/25/2000,ATL,GA,ASO,ES,Towers with Radar,1817,588,72,11,2488,0,21,10,1,32,1817,609,82,12,2520,0,0,0,2520
05/26/2000,ATL,GA,ASO,ES,Towers with Radar,2011,618,76,12,2717,0,8,16,3,27,2011,626,92,15,2744,0,0,0,2744
05/27/2000,ATL,GA,ASO,ES,Towers with Radar,1660,491,41,9,2201,235,0,0,7,242,1895,491,41,16,2443,0,0,0,2443
05/28/2000,ATL,GA,ASO,ES,Towers with Radar,1442,427,25,7,1901,259,30,0,0,289,1701,457,25,7,2190,0,0,0,2190
05/29/2000,ATL,GA,ASO,ES,Towers with Radar,1743,478,29,6,2256,106,0,0,0,106,1849,478,29,6,2362,3,0,3,2365
05/30/2000,ATL,GA,ASO,ES,Towers with Radar,1899,524,51,8,2482,0,0,0,0,0,1899,524,51,8,2482,7,0,7,2489
05/31/2000,ATL,GA,ASO,ES,Towers with Radar,1879,558,67,8,2512,18,66,12,0,96,1897,624,79,8,2608,0,0,0,2608
06/01/2000,ATL,GA,ASO,ES,Towers with Radar,1951,604,67,7,2629,0,17,21,3,41,1951,621,88,10,2670,0,0,0,2670
06/02/2000,ATL,GA,ASO,ES,Towers with Radar,1893,587,65,7,2552,0,26,5,16,47,1893,613,70,23,2599,0,0,0,2599
06/03/2000,ATL,GA,ASO,ES,Towers with Radar,1749,492,32,6,2279,129,0,0,5,134,1878,492,32,11,2413,4,0,4,2417
06/04/2000,ATL,GA,ASO,ES,Towers with Radar,1676,479,37,6,2198,236,0,0,4,240,1912,479,37,10,2438,0,0,0,2438
06/05/2000,ATL,GA,ASO,ES,Towers with Radar,1830,492,62,6,2390,101,0,9,1,111,1931,492,71,7,2501,0,0,0,2501
06/06/2000,ATL,GA,ASO,ES,Towers with Radar,1940,604,67,7,2618,0,0,4,10,14,1940,604,71,17,2632,0,0,0,2632
06/07/2000,ATL,GA,ASO,ES,Towers with Radar,1945,615,68,3,2631,0,12,32,0,44,1945,627,100,3,2675,12,1,13,2688
06/08/2000,ATL,GA,ASO,ES,Towers with Radar,1947,628,69,2,2646,0,11,8,0,19,1947,639,77,2,2665,0,0,0,2665
06/09/2000,ATL,GA,ASO,ES,Towers with Radar,1684,510,56,1,2251,243,96,6,0,345,1927,606,62,1,2596,0,0,0,2596
06/10/2000,ATL,GA,ASO,ES,Towers with Radar,1671,502,22,0,2195,199,0,0,0,199,1870,502,22,0,2394,0,0,0,2394
06/11/2000,ATL,GA,ASO,ES,Towers with Radar,1822,472,30,7,2331,44,0,0,10,54,1866,472,30,17,2385,4,0,4,2389
06/12/2000,ATL,GA,ASO,ES,Towers with Radar,1882,499,67,8,2456,0,0,0,0,0,1882,499,67,8,2456,0,0,0,2456
06/13/2000,ATL,GA,ASO,ES,Towers with Radar,1898,578,63,5,2544,0,59,3,0,62,1898,637,66,5,2606,0,0,0,2606
06/14/2000,ATL,GA,ASO,ES,Towers with Radar,1804,583,64,1,2452,0,31,23,0,54,1804,614,87,1,2506,13,0,13,2519
06/15/2000,ATL,GA,ASO,ES,Towers with Radar,1883,593,65,7,2548,0,30,14,0,44,1883,623,79,7,2592,9,0,9,2601
06/16/2000,ATL,GA,ASO,ES,Towers with Radar,1884,597,66,7,2554,0,41,23,3,67,1884,638,89,10,2621,0,0,0,2621
06/17/2000,ATL,GA,ASO,ES,Towers with Radar,1702,508,35,6,2251,168,0,0,5,173,1870,508,35,11,2424,0,0,0,2424
06/18/2000,ATL,GA,ASO,ES,Towers with Radar,1707,474,22,4,2207,222,0,0,0,222,1929,474,22,4,2429,1,0,1,2430
06/19/2000,ATL,GA,ASO,ES,Towers with Radar,1849,493,52,1,2395,52,0,0,0,52,1901,493,52,1,2447,3,0,3,2450
06/20/2000,ATL,GA,ASO,ES,Towers with Radar,1934,607,67,2,2610,0,14,28,0,42,1934,621,95,2,2652,9,0,9,2661
06/21/2000,ATL,GA,ASO,ES,Towers with Radar,1900,597,66,2,2565,0,0,10,0,10,1900,597,76,2,2575,0,0,0,2575
06/22/2000,ATL,GA,ASO,ES,Towers with Radar,1948,608,67,4,2627,0,16,20,0,36,1948,624,87,4,2663,0,0,0,2663
06/23/2000,ATL,GA,ASO,ES,Towers with Radar,1952,611,67,4,2634,0,17,10,0,27,1952,628,77,4,2661,0,0,0,2661
06/24/2000,ATL,GA,ASO,ES,Towers with Radar,1709,517,34,1,2261,198,2,0,0,200,1907,519,34,1,2461,6,0,6,2467
06/25/2000,ATL,GA,ASO,ES,Towers with Radar,1843,466,37,13,2359,5,0,0,0,5,1848,466,37,13,2364,2,0,2,2366
06/26/2000,ATL,GA,ASO,ES,Towers with Radar,1845,520,61,6,2432,25,0,6,8,39,1870,520,67,14,2471,0,0,0,2471
06/27/2000,ATL,GA,ASO,ES,Towers with Radar,1863,587,52,7,2509,0,23,0,7,30,1863,610,52,14,2539,0,0,0,2539
06/28/2000,ATL,GA,ASO,ES,Towers with Radar,1882,608,67,1,2558,0,13,6,0,19,1882,621,73,1,2577,0,0,0,2577
06/29/2000,ATL,GA,ASO,ES,Towers with Radar,1977,619,54,2,2652,0,2,0,0,2,1977,621,54,2,2654,0,0,0,2654
06/30/2000,ATL,GA,ASO,ES,Towers with Radar,2027,625,62,2,2716,0,0,0,0,0,2027,625,62,2,2716,0,0,0,2716
07/01/2000,ATL,GA,ASO,ES,Towers with Radar,1719,507,23,0,2249,184,0,0,0,184,1903,507,23,0,2433,0,0,0,2433
07/02/2000,ATL,GA,ASO,ES,Towers with Radar,1563,466,16,0,2045,209,7,0,0,216,1772,473,16,0,2261,0,0,0,2261
07/03/2000,ATL,GA,ASO,ES,Towers with Radar,1414,421,30,0,1865,79,40,0,0,119,1493,461,30,0,1984,3,0,3,1987
07/04/2000,ATL,GA,ASO,ES,Towers with Radar,1346,402,10,2,1760,111,82,0,4,197,1457,484,10,6,1957,8,0,8,1965
07/05/2000,ATL,GA,ASO,ES,Towers with Radar,1702,511,43,2,2258,0,0,1,0,1,1702,511,44,2,2259,0,0,0,2259
07/06/2000,ATL,GA,ASO,ES,Towers with Radar,1898,579,42,2,2521,0,25,0,2,27,1898,604,42,4,2548,0,0,0,2548
07/07/2000,ATL,GA,ASO,ES,Towers with Radar,2000,613,50,2,2665,0,46,10,2,58,2000,659,60,4,2723,0,0,0,2723
07/08/2000,ATL,GA,ASO,ES,Towers with Radar,1622,484,40,0,2146,262,26,4,0,292,1884,510,44,0,2438,0,0,0,2438
07/09/2000,ATL,GA,ASO,ES,Towers with Radar,1758,473,23,2,2256,126,0,0,1,127,1884,473,23,3,2383,3,1,4,2387
07/10/2000,ATL,GA,ASO,ES,Towers with Radar,1810,512,45,0,2367,0,0,5,0,5,1810,512,50,0,2372,12,0,12,2384
07/11/2000,ATL,GA,ASO,ES,Towers with Radar,1885,599,49,1,2534,0,16,18,0,34,1885,615,67,1,2568,0,0,0,2568
07/12/2000,ATL,GA,ASO,ES,Towers with Radar,1876,603,49,2,2530,0,15,24,1,40,1876,618,73,3,2570,0,0,0,2570
07/13/2000,ATL,GA,ASO,ES,Towers with Radar,1963,625,52,2,2642,0,0,24,1,25,1963,625,76,3,2667,0,0,0,2667
07/14/2000,ATL,GA,ASO,ES,Towers with Radar,1814,576,47,2,2439,0,28,16,1,45,1814,604,63,3,2484,0,0,0,2484
07/15/2000,ATL,GA,ASO,ES,Towers with Radar,1706,509,18,2,2235,202,5,0,2,209,1908,514,18,4,2444,0,0,0,2444
07/16/2000,ATL,GA,ASO,ES,Towers with Radar,1734,469,26,1,2230,124,0,0,0,124,1858,469,26,1,2354,3,0,3,2357
07/17/2000,ATL,GA,ASO,ES,Towers with Radar,1939,534,47,2,2522,13,0,0,1,14,1952,534,47,3,2536,0,0,0,2536
07/18/2000,ATL,GA,ASO,ES,Towers with Radar,1870,574,46,0,2490,0,31,0,0,31,1870,605,46,0,2521,0,0,0,2521
07/19/2000,ATL,GA,ASO,ES,Towers with Radar,1903,594,50,0,2547,0,27,18,0,45,1903,621,68,0,2592,15,1,16,2608
07/20/2000,ATL,GA,ASO,ES,Towers with Radar,1840,592,50,1,2483,0,33,30,2,65,1840,625,80,3,2548,14,0,14,2562
07/21/2000,ATL,GA,ASO,ES,Towers with Radar,1925,585,52,0,2562,0,0,18,0,18,1925,585,70,0,2580,0,0,0,2580
07/22/2000,ATL,GA,ASO,ES,Towers with Radar,1704,504,22,0,2230,168,0,0,0,168,1872,504,22,0,2398,0,0,0,2398
07/23/2000,ATL,GA,ASO,ES,Towers with Radar,1596,447,21,0,2064,104,0,0,0,104,1700,447,21,0,2168,0,0,0,2168
07/24/2000,ATL,GA,ASO,ES,Towers with Radar,2043,537,51,1,2632,14,0,3,1,18,2057,537,54,2,2650,2,0,2,2652
07/25/2000,ATL,GA,ASO,ES,Towers with Radar,1933,619,52,1,2605,0,0,12,1,13,1933,619,64,2,2618,0,0,0,2618
07/26/2000,ATL,GA,ASO,ES,Towers with Radar,1921,617,52,1,2591,0,0,17,0,17,1921,617,69,1,2608,9,0,9,2617
07/27/2000,ATL,GA,ASO,ES,Towers with Radar,1924,613,51,0,2588,0,22,4,0,26,1924,635,55,0,2614,0,0,0,2614
07/28/2000,ATL,GA,ASO,ES,Towers with Radar,1861,554,46,1,2462,14,27,28,5,74,1875,581,74,6,2536,0,0,0,2536
07/29/2000,ATL,GA,ASO,ES,Towers with Radar,1694,504,23,1,2222,214,0,0,0,214,1908,504,23,1,2436,0,0,0,2436
07/30/2000,ATL,GA,ASO,ES,Towers with Radar,1624,459,19,0,2102,138,0,0,0,138,1762,459,19,0,2240,0,0,0,2240
07/31/2000,ATL,GA,ASO,ES,Towers with Radar,1836,505,46,1,2388,0,0,7,0,7,1836,505,53,1,2395,2,0,2,2397
08/01/2000,ATL,GA,ASO,ES,Towers with Radar,1866,582,48,1,2497,0,35,4,0,39,1866,617,52,1,2536,9,1,10,2546
08/02/2000,ATL,GA,ASO,ES,Towers with Radar,1867,589,49,3,2508,0,37,2,1,40,1867,626,51,4,2548,9,0,9,2557
08/03/2000,ATL,GA,ASO,ES,Towers with Radar,1859,617,51,3,2530,0,10,14,1,25,1859,627,65,4,2555,12,0,12,2567
08/04/2000,ATL,GA,ASO,ES,Towers with Radar,1767,534,44,2,2347,135,57,10,0,202,1902,591,54,2,2549,0,0,0,2549
08/05/2000,ATL,GA,ASO,ES,Towers with Radar,1949,512,25,0,2486,14,0,0,0,14,1963,512,25,0,2500,0,0,0,2500
08/06/2000,ATL,GA,ASO,ES,Towers with Radar,1683,466,20,0,2169,140,0,0,0,140,1823,466,20,0,2309,0,0,0,2309
08/07/2000,ATL,GA,ASO,ES,Towers with Radar,1834,502,41,0,2377,37,0,0,0,37,1871,502,41,0,2414,6,0,6,2420
08/08/2000,ATL,GA,ASO,ES,Towers with Radar,1901,595,51,2,2549,0,21,9,0,30,1901,616,60,2,2579,4,4,8,2587
08/09/2000,ATL,GA,ASO,ES,Towers with Radar,1846,586,50,0,2482,0,33,21,0,54,1846,619,71,0,2536,6,0,6,2542
08/10/2000,ATL,GA,ASO,ES,Towers with Radar,1925,604,51,3,2583,0,20,12,0,32,1925,624,63,3,2615,0,0,0,2615
08/11/2000,ATL,GA,ASO,ES,Towers with Radar,1934,604,51,3,2592,0,22,8,0,30,1934,626,59,3,2622,0,0,0,2622
08/12/2000,ATL,GA,ASO,ES,Towers with Radar,1637,493,21,0,2151,210,19,0,0,229,1847,512,21,0,2380,0,0,0,2380
08/13/2000,ATL,GA,ASO,ES,Towers with Radar,1703,476,21,1,2201,202,0,0,0,202,1905,476,21,1,2403,2,0,2,2405
08/14/2000,ATL,GA,ASO,ES,Towers with Radar,1799,515,35,0,2349,84,0,0,0,84,1883,515,35,0,2433,5,0,5,2438
08/15/2000,ATL,GA,ASO,ES,Towers with Radar,1940,592,50,0,2582,0,13,19,0,32,1940,605,69,0,2614,7,0,7,2621
08/16/2000,ATL,GA,ASO,ES,Towers with Radar,1936,600,51,2,2589,0,18,5,2,25,1936,618,56,4,2614,0,0,0,2614
08/17/2000,ATL,GA,ASO,ES,Towers with Radar,1915,604,51,2,2572,0,9,12,0,21,1915,613,63,2,2593,0,0,0,2593
08/18/2000,ATL,GA,ASO,ES,Towers with Radar,1938,594,50,2,2584,0,35,6,4,45,1938,629,56,6,2629,0,0,0,2629
08/19/2000,ATL,GA,ASO,ES,Towers with Radar,1689,500,16,2,2207,223,0,0,4,227,1912,500,16,6,2434,0,0,0,2434
08/20/2000,ATL,GA,ASO,ES,Towers with Radar,1734,464,18,2,2218,170,0,0,1,171,1904,464,18,3,2389,1,0,1,2390
08/21/2000,ATL,GA,ASO,ES,Towers with Radar,1901,505,49,0,2455,0,0,3,0,3,1901,505,52,0,2458,4,0,4,2462
08/22/2000,ATL,GA,ASO,ES,Towers with Radar,1905,595,51,2,2553,0,29,22,2,53,1905,624,73,4,2606,0,0,0,2606
08/23/2000,ATL,GA,ASO,ES,Towers with Radar,1892,601,0,0,2493,0,46,0,0,46,1892,647,0,0,2539,0,0,0,2539
08/24/2000,ATL,GA,ASO,ES,Towers with Radar,1843,608,52,2,2505,0,4,14,5,23,1843,612,66,7,2528,6,0,6,2534
08/25/2000,ATL,GA,ASO,ES,Towers with Radar,2003,648,55,2,2708,0,17,19,6,42,2003,665,74,8,2750,0,0,0,2750
08/26/2000,ATL,GA,ASO,ES,Towers with Radar,1674,485,15,2,2176,209,0,0,2,211,1883,485,15,4,2387,0,0,0,2387
08/27/2000,ATL,GA,ASO,ES,Towers with Radar,1672,472,28,2,2174,207,0,0,4,211,1879,472,28,6,2385,3,0,3,2388
08/28/2000,ATL,GA,ASO,ES,Towers with Radar,1913,512,39,0,2464,32,0,0,0,32,1945,512,39,0,2496,1,0,1,2497
08/29/2000,ATL,GA,ASO,ES,Towers with Radar,1938,597,50,1,2586,0,18,5,0,23,1938,615,55,1,2609,0,0,0,2609
08/30/2000,ATL,GA,ASO,ES,Towers with Radar,1947,613,51,1,2612,0,11,13,0,24,1947,624,64,1,2636,7,0,7,2643
08/31/2000,ATL,GA,ASO,ES,Towers with Radar,1837,602,50,1,2490,0,10,0,0,10,1837,612,50,1,2500,0,0,0,2500
09/01/2000,ATL,GA,ASO,ES,Towers with Radar,1961,600,43,0,2604,0,38,11,0,49,1961,638,54,0,2653,0,0,0,2653
09/02/2000,ATL,GA,ASO,ES,Towers with Radar,1548,459,15,1,2023,103,36,0,0,139,1651,495,15,1,2162,0,0,0,2162
09/03/2000,ATL,GA,ASO,ES,Towers with Radar,1248,368,26,2,1644,165,0,170,10,345,1413,368,196,12,1989,0,0,0,1989
09/04/2000,ATL,GA,ASO,ES,Towers with Radar,1571,438,15,0,2024,88,0,0,0,88,1659,438,15,0,2112,1,0,1,2113
09/05/2000,ATL,GA,ASO,ES,Towers with Radar,1890,503,39,1,2433,0,0,5,0,5,1890,503,44,1,2438,0,0,0,2438
09/06/2000,ATL,GA,ASO,ES,Towers with Radar,1818,567,40,0,2425,0,4,28,0,32,1818,571,68,0,2457,0,0,0,2457
09/07/2000,ATL,GA,ASO,ES,Towers with Radar,1913,621,44,1,2579,0,29,4,0,33,1913,650,48,1,2612,0,0,0,2612
09/08/2000,ATL,GA,ASO,ES,Towers with Radar,2002,643,46,2,2693,0,16,0,2,18,2002,659,46,4,2711,0,0,0,2711
09/09/2000,ATL,GA,ASO,ES,Towers with Radar,1733,513,18,2,2266,116,0,0,3,119,1849,513,18,5,2385,0,0,0,2385
09/10/2000,ATL,GA,ASO,ES,Towers with Radar,1754,469,17,2,2242,93,0,0,2,95,1847,469,17,4,2337,5,0,5,2342
09/11/2000,ATL,GA,ASO,ES,Towers with Radar,1856,494,39,0,2389,50,0,4,0,54,1906,494,43,0,2443,1,0,1,2444
09/12/2000,ATL,GA,ASO,ES,Towers with Radar,1877,577,29,1,2484,0,21,0,0,21,1877,598,29,1,2505,0,0,0,2505
09/13/2000,ATL,GA,ASO,ES,Towers with Radar,1938,601,44,2,2585,0,23,10,1,34,1938,624,54,3,2619,17,1,18,2637
09/14/2000,ATL,GA,ASO,ES,Towers with Radar,1918,608,44,1,2571,0,23,8,1,32,1918,631,52,2,2603,0,0,0,2603
09/15/2000,ATL,GA,ASO,ES,Towers with Radar,1960,606,44,1,2611,0,7,6,1,14,1960,613,50,2,2625,0,0,0,2625
09/16/2000,ATL,GA,ASO,ES,Towers with Radar,1611,476,25,0,2112,264,3,0,0,267,1875,479,25,0,2379,0,0,0,2379
09/17/2000,ATL,GA,ASO,ES,Towers with Radar,1872,461,42,1,2376,0,0,0,0,0,1872,461,42,1,2376,0,0,0,2376
09/18/2000,ATL,GA,ASO,ES,Towers with Radar,1921,504,45,0,2470,0,0,6,0,6,1921,504,51,0,2476,1,0,1,2477
09/19/2000,ATL,GA,ASO,ES,Towers with Radar,1840,544,38,1,2423,65,56,0,6,127,1905,600,38,7,2550,10,0,10,2560
09/20/2000,ATL,GA,ASO,ES,Towers with Radar,1834,542,40,1,2417,85,81,9,2,177,1919,623,49,3,2594,17,1,18,2612
09/21/2000,ATL,GA,ASO,ES,Towers with Radar,1711,506,37,0,2254,123,66,4,0,193,1834,572,41,0,2447,0,0,0,2447
09/22/2000,ATL,GA,ASO,ES,Towers with Radar,1690,499,31,0,2220,154,98,0,0,252,1844,597,31,0,2472,0,0,0,2472
09/23/2000,ATL,GA,ASO,ES,Towers with Radar,1771,512,10,0,2293,135,0,0,0,135,1906,512,10,0,2428,0,0,0,2428
09/24/2000,ATL,GA,ASO,ES,Towers with Radar,1876,445,29,0,2350,0,0,0,0,0,1876,445,29,0,2350,0,0,0,2350
09/25/2000,ATL,GA,ASO,ES,Towers with Radar,1830,448,22,1,2301,0,0,0,0,0,1830,448,22,1,2301,1,1,2,2303
09/26/2000,ATL,GA,ASO,ES,Towers with Radar,1725,510,37,0,2272,257,132,43,0,432,1982,642,80,0,2704,9,1,10,2714
09/27/2000,ATL,GA,ASO,ES,Towers with Radar,1885,558,39,1,2483,56,58,20,0,134,1941,616,59,1,2617,0,0,0,2617
09/28/2000,ATL,GA,ASO,ES,Towers with Radar,1939,601,43,1,2584,0,47,14,3,64,1939,648,57,4,2648,0,0,0,2648
09/29/2000,ATL,GA,ASO,ES,Towers with Radar,1952,590,42,1,2585,0,24,9,1,34,1952,614,51,2,2619,8,0,8,2627
09/30/2000,ATL,GA,ASO,ES,Towers with Radar,1751,509,33,0,2293,111,0,0,0,111,1862,509,33,0,2404,0,0,0,2404
10/01/2000,ATL,GA,ASO,ES,Towers with Radar,1722,442,24,2,2190,187,0,0,0,187,1909,442,24,2,2377,9,0,9,2386
10/02/2000,ATL,GA,ASO,ES,Towers with Radar,1742,487,39,1,2269,184,0,0,0,184,1926,487,39,1,2453,3,0,3,2456
10/03/2000,ATL,GA,ASO,ES,Towers with Radar,1858,534,41,2,2435,78,68,9,0,155,1936,602,50,2,2590,0,0,0,2590
10/04/2000,ATL,GA,ASO,ES,Towers with Radar,1858,534,41,2,2435,47,100,13,2,162,1905,634,54,4,2597,7,0,7,2604
10/05/2000,ATL,GA,ASO,ES,Towers with Radar,1926,575,45,2,2548,0,40,34,2,76,1926,615,79,4,2624,10,1,11,2635
10/06/2000,ATL,GA,ASO,ES,Towers with Radar,1883,583,40,1,2507,0,30,0,0,30,1883,613,40,1,2537,0,0,0,2537
10/07/2000,ATL,GA,ASO,ES,Towers with Radar,1915,484,15,0,2414,0,0,0,0,0,1915,484,15,0,2414,0,0,0,2414
10/08/2000,ATL,GA,ASO,ES,Towers with Radar,1895,464,17,1,2377,0,0,0,0,0,1895,464,17,1,2377,1,0,1,2378
10/09/2000,ATL,GA,ASO,ES,Towers with Radar,1705,490,38,0,2233,242,1,0,0,243,1947,491,38,0,2476,1,0,1,2477
10/10/2000,ATL,GA,ASO,ES,Towers with Radar,1604,461,36,2,2103,338,72,25,4,439,1942,533,61,6,2542,0,0,0,2542
10/11/2000,ATL,GA,ASO,ES,Towers with Radar,1854,533,41,2,2430,85,105,9,0,199,1939,638,50,2,2629,3,0,3,2632
10/12/2000,ATL,GA,ASO,ES,Towers with Radar,1927,558,43,2,2530,0,68,12,2,82,1927,626,55,4,2612,10,0,10,2622
10/13/2000,ATL,GA,ASO,ES,Towers with Radar,1936,576,45,0,2557,0,42,13,0,55,1936,618,58,0,2612,0,0,0,2612
10/14/2000,ATL,GA,ASO,ES,Towers with Radar,1837,490,23,2,2352,0,0,0,0,0,1837,490,23,2,2352,0,0,0,2352
10/15/2000,ATL,GA,ASO,ES,Towers with Radar,1889,459,19,2,2369,0,0,0,1,1,1889,459,19,3,2370,5,0,5,2375
10/16/2000,ATL,GA,ASO,ES,Towers with Radar,1668,480,38,2,2188,256,28,11,0,295,1924,508,49,2,2483,4,0,4,2487
10/17/2000,ATL,GA,ASO,ES,Towers with Radar,1915,549,44,0,2508,31,66,27,0,124,1946,615,71,0,2632,0,0,0,2632
10/18/2000,ATL,GA,ASO,ES,Towers with Radar,1905,580,46,0,2531,0,43,8,0,51,1905,623,54,0,2582,0,0,0,2582
10/19/2000,ATL,GA,ASO,ES,Towers with Radar,1937,583,46,2,2568,0,44,4,2,50,1937,627,50,4,2618,0,0,0,2618
10/20/2000,ATL,GA,ASO,ES,Towers with Radar,1983,589,47,0,2619,0,19,6,0,25,1983,608,53,0,2644,0,0,0,2644
10/21/2000,ATL,GA,ASO,ES,Towers with Radar,1875,482,23,0,2380,0,0,0,0,0,1875,482,23,0,2380,4,0,4,2384
10/22/2000,ATL,GA,ASO,ES,Towers with Radar,1674,457,21,0,2152,230,0,0,0,230,1904,457,21,0,2382,6,0,6,2388
10/23/2000,ATL,GA,ASO,ES,Towers with Radar,1790,485,41,2,2318,185,0,0,0,185,1975,485,41,2,2503,5,0,5,2508
10/24/2000,ATL,GA,ASO,ES,Towers with Radar,1945,558,44,2,2549,8,62,7,0,77,1953,620,51,2,2626,0,0,0,2626
10/25/2000,ATL,GA,ASO,ES,Towers with Radar,1930,580,46,2,2558,0,46,24,0,70,1930,626,70,2,2628,0,0,0,2628
10/26/2000,ATL,GA,ASO,ES,Towers with Radar,1948,598,47,2,2595,0,31,4,2,37,1948,629,51,4,2632,0,0,0,2632
10/27/2000,ATL,GA,ASO,ES,Towers with Radar,1707,490,39,1,2237,257,132,10,3,402,1964,622,49,4,2639,0,0,0,2639
10/28/2000,ATL,GA,ASO,ES,Towers with Radar,1691,485,17,1,2194,187,13,0,3,203,1878,498,17,4,2397,0,0,0,2397
10/29/2000,ATL,GA,ASO,ES,Towers with Radar,1883,464,27,0,2374,0,0,0,0,0,1883,464,27,0,2374,3,0,3,2377
10/30/2000,ATL,GA,ASO,ES,Towers with Radar,1930,498,46,1,2475,0,0,5,1,6,1930,498,51,2,2481,14,0,14,2495
10/31/2000,ATL,GA,ASO,ES,Towers with Radar,1881,541,40,1,2463,19,52,0,1,72,1900,593,40,2,2535,0,0,0,2535
11/01/2000,ATL,GA,ASO,ES,Towers with Radar,1933,602,49,2,2586,0,36,3,0,39,1933,638,52,2,2625,0,0,0,2625
11/02/2000,ATL,GA,ASO,ES,Towers with Radar,1928,637,52,2,2619,0,18,9,3,30,1928,655,61,5,2649,0,0,0,2649
11/03/2000,ATL,GA,ASO,ES,Towers with Radar,1964,623,51,2,2640,0,6,0,0,6,1964,629,51,2,2646,0,0,0,2646
11/04/2000,ATL,GA,ASO,ES,Towers with Radar,1720,487,18,2,2227,161,0,0,3,164,1881,487,18,5,2391,0,0,0,2391
11/05/2000,ATL,GA,ASO,ES,Towers with Radar,1845,475,37,2,2359,32,0,0,3,35,1877,475,37,5,2394,2,0,2,2396
11/06/2000,ATL,GA,ASO,ES,Towers with Radar,1824,481,45,2,2352,66,0,10,2,78,1890,481,55,4,2430,3,0,3,2433
11/07/2000,ATL,GA,ASO,ES,Towers with Radar,1901,568,47,0,2516,27,34,2,0,63,1928,602,49,0,2579,0,0,0,2579
11/08/2000,ATL,GA,ASO,ES,Towers with Radar,1884,568,47,0,2499,0,25,3,0,28,1884,593,50,0,2527,0,0,0,2527
11/09/2000,ATL,GA,ASO,ES,Towers with Radar,1878,561,46,0,2485,173,55,15,0,243,2051,616,61,0,2728,0,0,0,2728
11/10/2000,ATL,GA,ASO,ES,Towers with Radar,1951,594,50,0,2595,0,0,17,0,17,1951,594,67,0,2612,0,0,0,2612
11/11/2000,ATL,GA,ASO,ES,Towers with Radar,1646,492,21,0,2159,205,0,0,0,205,1851,492,21,0,2364,0,0,0,2364
11/12/2000,ATL,GA,ASO,ES,Towers with Radar,1720,455,37,0,2212,137,0,0,0,137,1857,455,37,0,2349,2,0,2,2351
11/13/2000,ATL,GA,ASO,ES,Towers with Radar,1873,505,30,1,2409,63,0,0,0,63,1936,505,30,1,2472,3,1,4,2476
11/14/2000,ATL,GA,ASO,ES,Towers with Radar,1936,593,50,0,2579,0,32,19,0,51,1936,625,69,0,2630,0,0,0,2630
11/15/2000,ATL,GA,ASO,ES,Towers with Radar,1904,594,50,2,2550,0,37,1,0,38,1904,631,51,2,2588,5,0,5,2593
11/16/2000,ATL,GA,ASO,ES,Towers with Radar,1700,506,43,1,2250,194,104,13,0,311,1894,610,56,1,2561,0,0,0,2561
11/17/2000,ATL,GA,ASO,ES,Towers with Radar,1954,587,40,2,2583,0,71,0,0,71,1954,658,40,2,2654,0,0,0,2654
11/18/2000,ATL,GA,ASO,ES,Towers with Radar,1813,494,25,2,2334,0,0,0,3,3,1813,494,25,5,2337,0,0,0,2337
11/19/2000,ATL,GA,ASO,ES,Towers with Radar,1850,471,27,0,2348,0,0,0,0,0,1850,471,27,0,2348,0,0,0,2348
11/20/2000,ATL,GA,ASO,ES,Towers with Radar,1403,418,35,1,1857,520,79,33,0,632,1923,497,68,1,2489,7,0,7,2496
11/21/2000,ATL,GA,ASO,ES,Towers with Radar,1260,375,31,1,1667,684,253,44,0,981,1944,628,75,1,2648,0,0,0,2648
11/22/2000,ATL,GA,ASO,ES,Towers with Radar,1471,438,25,0,1934,494,200,0,0,694,1965,638,25,0,2628,0,0,0,2628
11/23/2000,ATL,GA,ASO,ES,Towers with Radar,1544,530,12,0,2086,0,0,0,0,0,1544,530,12,0,2086,0,0,0,2086
11/24/2000,ATL,GA,ASO,ES,Towers with Radar,1374,386,21,1,1782,0,0,0,0,0,1374,386,21,1,1782,0,0,0,1782
11/25/2000,ATL,GA,ASO,ES,Towers with Radar,1689,448,20,0,2157,0,0,0,0,0,1689,448,20,0,2157,0,0,0,2157
11/26/2000,ATL,GA,ASO,ES,Towers with Radar,1832,483,37,0,2352,54,0,0,0,54,1886,483,37,0,2406,1,0,1,2407
11/27/2000,ATL,GA,ASO,ES,Towers with Radar,1936,502,48,1,2487,3,0,9,0,12,1939,502,57,1,2499,6,0,6,2505
11/28/2000,ATL,GA,ASO,ES,Towers with Radar,1959,597,50,0,2606,0,21,4,0,25,1959,618,54,0,2631,5,1,6,2637
11/29/2000,ATL,GA,ASO,ES,Towers with Radar,1864,585,49,1,2499,0,51,2,1,54,1864,636,51,2,2553,0,0,0,2553
11/30/2000,ATL,GA,ASO,ES,Towers with Radar,1966,630,53,1,2650,0,18,27,6,51,1966,648,80,7,2701,0,0,0,2701
12/01/2000,ATL,GA,ASO,ES,Towers with Radar,1916,641,43,1,2601,0,0,44,0,44,1916,641,87,1,2645,11,0,11,2656
12/02/2000,ATL,GA,ASO,ES,Towers with Radar,1697,496,31,0,2224,56,0,0,0,56,1753,496,31,0,2280,0,0,0,2280
12/03/2000,ATL,GA,ASO,ES,Towers with Radar,1647,484,22,1,2154,86,0,0,0,86,1733,484,22,1,2240,0,0,0,2240
12/04/2000,ATL,GA,ASO,ES,Towers with Radar,1896,517,39,2,2454,0,0,16,0,16,1896,517,55,2,2470,7,0,7,2477
12/05/2000,ATL,GA,ASO,ES,Towers with Radar,1859,501,37,0,2397,0,0,0,0,0,1859,501,37,0,2397,0,0,0,2397
12/06/2000,ATL,GA,ASO,ES,Towers with Radar,1872,628,41,2,2543,0,23,13,0,36,1872,651,54,2,2579,0,0,0,2579
12/07/2000,ATL,GA,ASO,ES,Towers with Radar,1908,626,41,0,2575,0,8,18,0,26,1908,634,59,0,2601,0,0,0,2601
12/08/2000,ATL,GA,ASO,ES,Towers with Radar,1889,595,39,0,2523,0,4,13,0,17,1889,599,52,0,2540,16,0,16,2556
12/09/2000,ATL,GA,ASO,ES,Towers with Radar,1699,513,27,0,2239,65,0,0,0,65,1764,513,27,0,2304,0,0,0,2304
12/10/2000,ATL,GA,ASO,ES,Towers with Radar,1706,469,17,0,2192,60,0,0,0,60,1766,469,17,0,2252,1,0,1,2253
12/11/2000,ATL,GA,ASO,ES,Towers with Radar,1757,499,37,0,2293,0,0,10,0,10,1757,499,47,0,2303,0,1,1,2304
12/12/2000,ATL,GA,ASO,ES,Towers with Radar,1800,575,39,1,2415,0,0,10,1,11,1800,575,49,2,2426,9,0,9,2435
12/13/2000,ATL,GA,ASO,ES,Towers with Radar,1502,510,34,0,2046,0,0,5,0,5,1502,510,39,0,2051,0,0,0,2051
12/14/2000,ATL,GA,ASO,ES,Towers with Radar,1900,617,42,1,2560,0,17,4,4,25,1900,634,46,5,2585,0,0,0,2585
12/15/2000,ATL,GA,ASO,ES,Towers with Radar,1775,573,35,1,2384,0,9,0,0,9,1775,582,35,1,2393,0,0,0,2393
12/16/2000,ATL,GA,ASO,ES,Towers with Radar,1458,422,17,0,1897,180,0,0,2,182,1638,422,17,2,2079,0,0,0,2079
12/17/2000,ATL,GA,ASO,ES,Towers with Radar,1576,360,18,0,1954,0,0,0,0,0,1576,360,18,0,1954,0,0,0,1954
12/18/2000,ATL,GA,ASO,ES,Towers with Radar,1657,488,34,1,2180,193,0,5,5,203,1850,488,39,6,2383,5,0,5,2388
12/19/2000,ATL,GA,ASO,ES,Towers with Radar,1692,546,42,0,2280,0,0,0,0,0,1692,546,42,0,2280,0,0,0,2280
12/20/2000,ATL,GA,ASO,ES,Towers with Radar,1542,472,32,0,2046,407,149,22,4,582,1949,621,54,4,2628,0,0,0,2628
12/21/2000,ATL,GA,ASO,ES,Towers with Radar,1674,561,39,1,2275,0,0,2,1,3,1674,561,41,2,2278,0,0,0,2278
12/22/2000,ATL,GA,ASO,ES,Towers with Radar,1679,513,27,1,2220,310,95,0,1,406,1989,608,27,2,2626,10,1,11,2637
12/23/2000,ATL,GA,ASO,ES,Towers with Radar,1324,405,23,0,1752,512,103,0,0,615,1836,508,23,0,2367,4,0,4,2371
12/24/2000,ATL,GA,ASO,ES,Towers with Radar,1171,358,6,0,1535,334,78,0,0,412,1505,436,6,0,1947,0,0,0,1947
12/25/2000,ATL,GA,ASO,ES,Towers with Radar,1330,384,12,0,1726,0,0,0,0,0,1330,384,12,0,1726,0,0,0,1726
12/26/2000,ATL,GA,ASO,ES,Towers with Radar,1641,479,37,1,2158,0,0,0,1,1,1641,479,37,2,2159,5,1,6,2165
12/27/2000,ATL,GA,ASO,ES,Towers with Radar,1792,548,26,1,2367,18,54,0,1,73,1810,602,26,2,2440,0,0,0,2440
12/28/2000,ATL,GA,ASO,ES,Towers with Radar,1856,568,20,0,2444,25,27,0,0,52,1881,595,20,0,2496,4,0,4,2500
12/29/2000,ATL,GA,ASO,ES,Towers with Radar,1507,461,31,0,1999,360,176,9,1,546,1867,637,40,1,2545,0,0,0,2545
12/30/2000,ATL,GA,ASO,ES,Towers with Radar,1367,418,19,0,1804,268,72,0,0,340,1635,490,19,0,2144,0,0,0,2144
12/31/2000,ATL,GA,ASO,ES,Towers with Radar,1504,409,12,0,1925,0,0,0,0,0,1504,409,12,0,1925,2,3,5,1930
01/01/2001,ATL,GA,ASO,ES,Towers with Radar,1341,399,25,0,1765,139,0,0,0,139,1480,399,25,0,1904,0,0,0,1904
01/02/2001,ATL,GA,ASO,ES,Towers with Radar,1733,499,25,0,2257,53,0,0,0,53,1786,499,25,0,2310,0,0,0,2310
01/03/2001,ATL,GA,ASO,ES,Towers with Radar,1879,569,37,1,2486,0,76,12,0,88,1879,645,49,1,2574,0,0,0,2574
01/04/2001,ATL,GA,ASO,ES,Towers with Radar,1919,585,38,3,2545,0,44,14,0,58,1919,629,52,3,2603,0,0,0,2603
01/05/2001,ATL,GA,ASO,ES,Towers with Radar,1696,505,34,2,2237,193,118,20,4,335,1889,623,54,6,2572,12,0,12,2584
01/06/2001,ATL,GA,ASO,ES,Towers with Radar,1858,515,12,3,2388,0,0,0,2,2,1858,515,12,5,2390,0,0,0,2390
01/07/2001,ATL,GA,ASO,ES,Towers with Radar,1687,458,28,2,2175,153,0,0,7,160,1840,458,28,9,2335,5,1,6,2341
01/08/2001,ATL,GA,ASO,ES,Towers with Radar,1793,500,30,2,2325,37,0,0,0,37,1830,500,30,2,2362,1,0,1,2363
01/09/2001,ATL,GA,ASO,ES,Towers with Radar,1941,597,37,2,2577,0,52,0,0,52,1941,649,37,2,2629,0,0,0,2629
01/10/2001,ATL,GA,ASO,ES,Towers with Radar,1904,602,40,3,2549,0,38,1,2,41,1904,640,41,5,2590,0,0,0,2590
01/11/2001,ATL,GA,ASO,ES,Towers with Radar,1899,595,39,2,2535,0,12,14,0,26,1899,607,53,2,2561,0,0,0,2561
01/12/2001,ATL,GA,ASO,ES,Towers with Radar,1885,562,24,2,2473,67,80,0,0,147,1952,642,24,2,2620,0,0,0,2620
01/13/2001,ATL,GA,ASO,ES,Towers with Radar,1755,505,30,1,2291,108,0,0,0,108,1863,505,30,1,2399,0,0,0,2399
01/14/2001,ATL,GA,ASO,ES,Towers with Radar,1714,468,16,2,2200,125,0,0,0,125,1839,468,16,2,2325,1,0,1,2326
01/15/2001,ATL,GA,ASO,ES,Towers with Radar,1857,504,22,1,2384,27,0,0,0,27,1884,504,22,1,2411,5,0,5,2416
01/16/2001,ATL,GA,ASO,ES,Towers with Radar,1902,546,40,3,2491,0,0,29,0,29,1902,546,69,3,2520,0,0,0,2520
01/17/2001,ATL,GA,ASO,ES,Towers with Radar,1806,538,36,0,2380,43,93,10,0,146,1849,631,46,0,2526,0,0,0,2526
01/18/2001,ATL,GA,ASO,ES,Towers with Radar,1731,485,36,1,2253,0,0,0,3,3,1731,485,36,4,2256,0,0,0,2256
01/19/2001,ATL,GA,ASO,ES,Towers with Radar,1634,487,33,1,2155,198,23,6,1,228,1832,510,39,2,2383,0,0,0,2383
01/20/2001,ATL,GA,ASO,ES,Towers with Radar,1647,491,13,0,2151,205,6,0,0,211,1852,497,13,0,2362,0,0,0,2362
01/21/2001,ATL,GA,ASO,ES,Towers with Radar,1768,465,25,2,2260,0,0,0,2,2,1768,465,25,4,2262,1,0,1,2263
01/22/2001,ATL,GA,ASO,ES,Towers with Radar,1898,522,38,0,2458,0,0,0,0,0,1898,522,38,0,2458,3,0,3,2461
01/23/2001,ATL,GA,ASO,ES,Towers with Radar,1946,595,38,0,2579,0,56,0,0,56,1946,651,38,0,2635,0,0,0,2635
01/24/2001,ATL,GA,ASO,ES,Towers with Radar,1905,592,39,0,2536,0,22,2,0,24,1905,614,41,0,2560,12,0,12,2572
01/25/2001,ATL,GA,ASO,ES,Towers with Radar,1918,603,39,0,2560,0,15,11,0,26,1918,618,50,0,2586,0,0,0,2586
01/26/2001,ATL,GA,ASO,ES,Towers with Radar,1878,593,39,0,2510,0,23,1,0,24,1878,616,40,0,2534,0,0,0,2534
01/27/2001,ATL,GA,ASO,ES,Towers with Radar,1714,507,29,1,2251,138,0,0,1,139,1852,507,29,2,2390,9,1,10,2400
01/28/2001,ATL,GA,ASO,ES,Towers with Radar,1707,474,20,1,2202,154,0,0,1,155,1861,474,20,2,2357,0,0,0,2357
01/29/2001,ATL,GA,ASO,ES,Towers with Radar,1872,487,36,2,2397,0,0,6,3,9,1872,487,42,5,2406,2,1,3,2409
01/30/2001,ATL,GA,ASO,ES,Towers with Radar,1881,609,40,0,2530,0,19,16,0,35,1881,628,56,0,2565,0,0,0,2565
01/31/2001,ATL,GA,ASO,ES,Towers with Radar,1912,581,38,2,2533,0,38,16,2,56,1912,619,54,4,2589,0,0,0,2589
02/01/2001,ATL,GA,ASO,ES,Towers with Radar,1883,613,41,2,2539,0,38,10,0,48,1883,651,51,2,2587,0,0,0,2587
02/02/2001,ATL,GA,ASO,ES,Towers with Radar,1881,603,40,1,2525,0,58,0,0,58,1881,661,40,1,2583,0,0,0,2583
02/03/2001,ATL,GA,ASO,ES,Towers with Radar,1599,501,16,2,2118,221,33,0,2,256,1820,534,16,4,2374,3,0,3,2377
02/04/2001,ATL,GA,ASO,ES,Towers with Radar,1660,490,19,0,2169,152,0,0,0,152,1812,490,19,0,2321,5,0,5,2326
02/05/2001,ATL,GA,ASO,ES,Towers with Radar,1640,480,31,2,2153,0,0,0,1,1,1640,480,31,3,2154,5,0,5,2159
02/06/2001,ATL,GA,ASO,ES,Towers with Radar,1863,592,41,1,2497,0,53,18,0,71,1863,645,59,1,2568,10,1,11,2579
02/07/2001,ATL,GA,ASO,ES,Towers with Radar,1875,604,36,2,2517,0,2,0,0,2,1875,606,36,2,2519,0,0,0,2519
02/08/2001,ATL,GA,ASO,ES,Towers with Radar,1895,642,42,2,2581,0,0,0,0,0,1895,642,42,2,2581,0,0,0,2581
02/09/2001,ATL,GA,ASO,ES,Towers with Radar,1880,626,42,1,2549,0,16,6,0,22,1880,642,48,1,2571,7,0,7,2578
02/10/2001,ATL,GA,ASO,ES,Towers with Radar,1755,528,28,2,2313,45,0,0,0,45,1800,528,28,2,2358,0,0,0,2358
02/11/2001,ATL,GA,ASO,ES,Towers with Radar,1750,513,36,2,2301,75,0,0,1,76,1825,513,36,3,2377,0,0,0,2377
02/12/2001,ATL,GA,ASO,ES,Towers with Radar,1783,486,30,0,2299,0,0,0,0,0,1783,486,30,0,2299,0,0,0,2299
02/13/2001,ATL,GA,ASO,ES,Towers with Radar,1806,568,39,2,2415,0,30,3,2,35,1806,598,42,4,2450,0,0,0,2450
02/14/2001,ATL,GA,ASO,ES,Towers with Radar,1828,565,42,1,2436,0,0,6,0,6,1828,565,48,1,2442,4,0,4,2446
02/15/2001,ATL,GA,ASO,ES,Towers with Radar,1814,567,39,2,2422,40,67,11,1,119,1854,634,50,3,2541,0,0,0,2541
02/16/2001,ATL,GA,ASO,ES,Towers with Radar,1714,545,27,0,2286,0,56,0,0,56,1714,601,27,0,2342,3,1,4,2346
02/17/2001,ATL,GA,ASO,ES,Towers with Radar,1646,514,31,0,2191,276,63,0,0,339,1922,577,31,0,2530,4,0,4,2534
02/18/2001,ATL,GA,ASO,ES,Towers with Radar,1807,505,17,2,2331,4,0,0,1,5,1811,505,17,3,2336,0,0,0,2336
02/19/2001,ATL,GA,ASO,ES,Towers with Radar,1858,536,42,1,2437,0,0,0,0,0,1858,536,42,1,2437,0,0,0,2437
02/20/2001,ATL,GA,ASO,ES,Towers with Radar,1677,524,36,0,2237,249,40,1,0,290,1926,564,37,0,2527,5,0,5,2532
02/21/2001,ATL,GA,ASO,ES,Towers with Radar,1909,648,39,0,2596,0,22,0,0,22,1909,670,39,0,2618,0,0,0,2618
02/22/2001,ATL,GA,ASO,ES,Towers with Radar,1775,584,39,2,2400,0,31,8,4,43,1775,615,47,6,2443,0,0,0,2443
02/23/2001,ATL,GA,ASO,ES,Towers with Radar,1903,626,41,2,2572,0,9,22,4,35,1903,635,63,6,2607,0,0,0,2607
02/24/2001,ATL,GA,ASO,ES,Towers with Radar,1667,522,17,1,2207,110,1,0,7,118,1777,523,17,8,2325,0,0,0,2325
02/25/2001,ATL,GA,ASO,ES,Towers with Radar,1619,497,22,0,2138,121,0,0,0,121,1740,497,22,0,2259,0,0,0,2259
02/26/2001,ATL,GA,ASO,ES,Towers with Radar,1707,389,36,1,2133,163,0,8,5,176,1870,389,44,6,2309,0,0,0,2309
02/27/2001,ATL,GA,ASO,ES,Towers with Radar,1845,607,42,1,2495,0,45,26,0,71,1845,652,68,1,2566,4,0,4,2570
02/28/2001,ATL,GA,ASO,ES,Towers with Radar,1898,631,43,2,2574,0,37,0,0,37,1898,668,43,2,2611,10,0,10,2621
03/01/2001,ATL,GA,ASO,ES,Towers with Radar,1918,664,43,3,2628,0,12,4,1,17,1918,676,47,4,2645,0,0,0,2645
03/02/2001,ATL,GA,ASO,ES,Towers with Radar,1853,615,38,2,2508,0,0,0,0,0,1853,615,38,2,2508,0,0,0,2508
03/03/2001,ATL,GA,ASO,ES,Towers with Radar,1568,520,27,0,2115,207,22,0,0,229,1775,542,27,0,2344,0,0,0,2344
03/04/2001,ATL,GA,ASO,ES,Towers with Radar,1639,506,32,3,2180,200,0,0,2,202,1839,506,32,5,2382,0,0,0,2382
03/05/2001,ATL,GA,ASO,ES,Towers with Radar,1686,528,35,2,2251,87,0,6,0,93,1773,528,41,2,2344,5,0,5,2349
03/06/2001,ATL,GA,ASO,ES,Towers with Radar,1744,580,35,0,2359,0,34,6,0,40,1744,614,41,0,2399,0,0,0,2399
03/07/2001,ATL,GA,ASO,ES,Towers with Radar,1905,662,41,0,2608,0,23,30,0,53,1905,685,71,0,2661,0,0,0,2661
03/08/2001,ATL,GA,ASO,ES,Towers with Radar,1879,687,43,1,2610,0,2,24,0,26,1879,689,67,1,2636,0,0,0,2636
03/09/2001,ATL,GA,ASO,ES,Towers with Radar,1897,643,41,0,2581,0,0,15,0,15,1897,643,56,0,2596,16,0,16,2612
03/10/2001,ATL,GA,ASO,ES,Towers with Radar,1730,556,23,0,2309,115,0,0,0,115,1845,556,23,0,2424,0,0,0,2424
03/11/2001,ATL,GA,ASO,ES,Towers with Radar,1848,523,41,2,2414,0,0,21,20,41,1848,523,62,22,2455,27,28,55,2510
03/12/2001,ATL,GA,ASO,ES,Towers with Radar,1594,498,33,1,2126,139,0,0,0,139,1733,498,33,1,2265,0,0,0,2265
03/13/2001,ATL,GA,ASO,ES,Towers with Radar,1891,645,28,2,2566,0,25,0,0,25,1891,670,28,2,2591,0,0,0,2591
03/14/2001,ATL,GA,ASO,ES,Towers with Radar,1868,644,41,0,2553,0,16,0,0,16,1868,660,41,0,2569,0,0,0,2569
03/15/2001,ATL,GA,ASO,ES,Towers with Radar,1875,543,33,1,2452,0,0,0,0,0,1875,543,33,1,2452,0,0,0,2452
03/16/2001,ATL,GA,ASO,ES,Towers with Radar,1886,652,42,0,2580,0,33,5,0,38,1886,685,47,0,2618,14,1,15,2633
03/17/2001,ATL,GA,ASO,ES,Towers with Radar,1635,542,11,0,2188,178,1,0,0,179,1813,543,11,0,2367,0,0,0,2367
03/18/2001,ATL,GA,ASO,ES,Towers with Radar,1737,534,20,0,2291,119,0,0,0,119,1856,534,20,0,2410,14,0,14,2424
03/19/2001,ATL,GA,ASO,ES,Towers with Radar,1721,509,32,0,2262,80,0,0,0,80,1801,509,32,0,2342,2,0,2,2344
03/20/2001,ATL,GA,ASO,ES,Towers with Radar,1671,554,22,2,2249,52,52,0,0,104,1723,606,22,2,2353,0,0,0,2353
03/21/2001,ATL,GA,ASO,ES,Towers with Radar,1895,660,42,2,2599,0,26,16,9,51,1895,686,58,11,2650,0,0,0,2650
03/22/2001,ATL,GA,ASO,ES,Towers with Radar,1671,554,36,2,2263,270,137,4,0,411,1941,691,40,2,2674,0,0,0,2674
03/23/2001,ATL,GA,ASO,ES,Towers with Radar,1713,568,36,2,2319,168,122,4,1,295,1881,690,40,3,2614,0,0,0,2614
03/24/2001,ATL,GA,ASO,ES,Towers with Radar,1821,581,25,1,2428,0,0,0,0,0,1821,581,25,1,2428,0,0,0,2428
03/25/2001,ATL,GA,ASO,ES,Towers with Radar,1832,524,17,0,2373,0,0,0,0,0,1832,524,17,0,2373,0,0,0,2373
03/26/2001,ATL,GA,ASO,ES,Towers with Radar,1883,574,43,0,2500,0,0,3,0,3,1883,574,46,0,2503,3,1,4,2507
03/27/2001,ATL,GA,ASO,ES,Towers with Radar,1825,605,39,2,2471,59,69,10,2,140,1884,674,49,4,2611,0,0,0,2611
03/28/2001,ATL,GA,ASO,ES,Towers with Radar,1891,667,43,2,2603,0,18,8,1,27,1891,685,51,3,2630,0,0,0,2630
03/29/2001,ATL,GA,ASO,ES,Towers with Radar,1774,588,29,2,2393,31,49,0,0,80,1805,637,29,2,2473,0,0,0,2473
03/30/2001,ATL,GA,ASO,ES,Towers with Radar,1886,659,42,2,2589,0,35,4,0,39,1886,694,46,2,2628,4,0,4,2632
03/31/2001,ATL,GA,ASO,ES,Towers with Radar,1843,561,29,0,2433,0,0,0,0,0,1843,561,29,0,2433,0,0,0,2433
04/01/2001,ATL,GA,ASO,ES,Combined TRACON& Tower with Radar,0,0,0,0,0,1782,551,24,1,2358,1782,551,24,1,2358,2,0,2,2360
04/02/2001,ATL,GA,ASO,ES,Combined TRACON& Tower with Radar,0,0,0,0,0,1864,621,43,5,2533,1864,621,43,5,2533,4,0,4,2537
04/03/2001,ATL,GA,ASO,ES,Combined TRACON& Tower with Radar,0,0,0,0,0,1750,636,22,0,2408,1750,636,22,0,2408,2,0,2,2410
04/04/2001,ATL,GA,ASO,ES,Combined TRACON& Tower with Radar,0,0,0,0,0,1879,748,52,0,2679,1879,748,52,0,2679,4,0,4,2683
04/05/2001,ATL,GA,ASO,ES,Combined TRACON& Tower with Radar,0,0,0,0,0,1883,714,52,3,2652,1883,714,52,3,2652,0,0,0,2652
04/06/2001,ATL,GA,ASO,ES,Combined TRACON& Tower with Radar,0,0,0,0,0,1906,690,68,3,2667,1906,690,68,3,2667,0,0,0,2667
04/07/2001,ATL,GA,ASO,ES,Combined TRACON& Tower with Radar,0,0,0,0,0,1879,463,31,3,2376,1879,463,31,3,2376,4,3,7,2383
04/08/2001,ATL,GA,ASO,ES,Combined TRACON& Tower with Radar,0,0,0,0,0,1897,481,39,2,2419,1897,481,39,2,2419,13,0,13,2432
04/09/2001,ATL,GA,ASO,ES,Combined TRACON& Tower with Radar,0,0,0,0,0,1954,492,25,2,2473,1954,492,25,2,2473,19,0,19,2492
04/10/2001,ATL,GA,ASO,ES,Combined TRACON& Tower with Radar,0,0,0,0,0,1984,585,44,4,2617,1984,585,44,4,2617,14,3,17,2634
04/11/2001,ATL,GA,ASO,ES,Combined TRACON& Tower with Radar,0,0,0,0,0,1964,536,30,4,2534,1964,536,30,4,2534,0,0,0,2534
04/12/2001,ATL,GA,ASO,ES,Combined TRACON& Tower with Radar,0,0,0,0,0,1963,549,39,0,2551,1963,549,39,0,2551,0,0,0,2551
04/13/2001,ATL,GA,ASO,ES,Combined TRACON& Tower with Radar,0,0,0,0,0,2048,534,28,2,2612,2048,534,28,2,2612,0,0,0,2612
04/14/2001,ATL,GA,ASO,ES,Combined TRACON& Tower with Radar,0,0,0,0,0,1938,450,5,0,2393,1938,450,5,0,2393,0,0,0,2393
04/15/2001,ATL,GA,ASO,ES,Combined TRACON& Tower with Radar,0,0,0,0,0,1903,420,15,0,2338,1903,420,15,0,2338,5,0,5,2343
04/16/2001,ATL,GA,ASO,ES,Combined TRACON& Tower with Radar,0,0,0,0,0,1988,485,41,2,2516,1988,485,41,2,2516,7,0,7,2523
04/17/2001,ATL,GA,ASO,ES,Combined TRACON& Tower with Radar,0,0,0,0,0,2016,567,47,2,2632,2016,567,47,2,2632,5,1,6,2638
04/18/2001,ATL,GA,ASO,ES,Combined TRACON& Tower with Radar,0,0,0,0,0,2042,566,41,2,2651,2042,566,41,2,2651,26,4,30,2681
04/19/2001,ATL,GA,ASO,ES,Combined TRACON& Tower with Radar,0,0,0,0,0,2030,555,34,0,2619,2030,555,34,0,2619,0,0,0,2619
04/20/2001,ATL,GA,ASO,ES,Combined TRACON& Tower with Radar,0,0,0,0,0,2054,541,35,2,2632,2054,541,35,2,2632,0,24,24,2656
04/21/2001,ATL,GA,ASO,ES,Combined TRACON& Tower with Radar,0,0,0,0,0,1969,454,17,2,2442,1969,454,17,2,2442,24,6,30,2472
04/22/2001,ATL,GA,ASO,ES,Combined TRACON& Tower with Radar,0,0,0,0,0,1985,434,22,2,2443,1985,434,22,2,2443,14,0,14,2457
04/23/2001,ATL,GA,ASO,ES,Combined TRACON& Tower with Radar,0,0,0,0,0,2017,481,35,2,2535,2017,481,35,2,2535,21,3,24,2559
04/24/2001,ATL,GA,ASO,ES,Combined TRACON& Tower with Radar,0,0,0,0,0,1996,559,56,0,2611,1996,559,56,0,2611,14,3,17,2628
04/25/2001,ATL,GA,ASO,ES,Combined TRACON& Tower with Radar,0,0,0,0,0,2070,568,44,2,2684,2070,568,44,2,2684,1,7,8,2692
04/26/2001,ATL,GA,ASO,ES,Combined TRACON& Tower with Radar,0,0,0,0,0,2052,563,59,2,2676,2052,563,59,2,2676,26,2,28,2704
04/27/2001,ATL,GA,ASO,ES,Combined TRACON& Tower with Radar,0,0,0,0,0,2045,557,64,6,2672,2045,557,64,6,2672,22,4,26,2698
04/28/2001,ATL,GA,ASO,ES,Combined TRACON& Tower with Radar,0,0,0,0,0,1961,436,12,0,2409,1961,436,12,0,2409,15,2,17,2426
04/29/2001,ATL,GA,ASO,ES,Combined TRACON& Tower with Radar,0,0,0,0,0,1954,437,23,2,2416,1954,437,23,2,2416,6,2,8,2424
04/30/2001,ATL,GA,ASO,ES,Combined TRACON& Tower with Radar,0,0,0,0,0,2024,485,38,0,2547,2024,485,38,0,2547,10,2,12,2559
05/01/2001,ATL,GA,ASO,ES,Combined TRACON& Tower with Radar,0,0,0,0,0,2014,555,37,0,2606,2014,555,37,0,2606,0,0,0,2606
05/02/2001,ATL,GA,ASO,ES,Combined TRACON& Tower with Radar,0,0,0,0,0,2052,574,51,2,2679,2052,574,51,2,2679,0,0,0,2679
05/03/2001,ATL,GA,ASO,ES,Combined TRACON& Tower with Radar,0,0,0,0,0,2032,570,42,4,2648,2032,570,42,4,2648,8,2,10,2658
05/04/2001,ATL,GA,ASO,ES,Combined TRACON& Tower with Radar,0,0,0,0,0,2040,561,27,0,2628,2040,561,27,0,2628,17,2,19,2647
05/05/2001,ATL,GA,ASO,ES,Combined TRACON& Tower with Radar,0,0,0,0,0,1924,451,26,3,2404,1924,451,26,3,2404,8,3,11,2415
05/06/2001,ATL,GA,ASO,ES,Combined TRACON& Tower with Radar,0,0,0,0,0,1942,456,38,0,2436,1942,456,38,0,2436,11,0,11,2447
05/07/2001,ATL,GA,ASO,ES,Combined TRACON& Tower with Radar,0,0,0,0,0,2002,483,33,0,2518,2002,483,33,0,2518,13,2,15,2533
05/08/2001,ATL,GA,ASO,ES,Combined TRACON& Tower with Radar,0,0,0,0,0,2025,559,28,2,2614,2025,559,28,2,2614,4,2,6,2620
05/09/2001,ATL,GA,ASO,ES,Combined TRACON& Tower with Radar,0,0,0,0,0,2015,571,36,0,2622,2015,571,36,0,2622,13,2,15,2637
05/10/2001,ATL,GA,ASO,ES,Combined TRACON& Tower with Radar,0,0,0,0,0,2004,577,60,5,2646,2004,577,60,5,2646,15,3,18,2664
05/11/2001,ATL,GA,ASO,ES,Combined TRACON& Tower with Radar,0,0,0,0,0,2039,569,38,5,2651,2039,569,38,5,2651,75,2,77,2728
05/12/2001,ATL,GA,ASO,ES,Combined TRACON& Tower with Radar,0,0,0,0,0,1926,464,14,0,2404,1926,464,14,0,2404,12,0,12,2416
05/13/2001,ATL,GA,ASO,ES,Combined TRACON& Tower with Radar,0,0,0,0,0,1941,459,20,0,2420,1941,459,20,0,2420,6,2,8,2428
05/14/2001,ATL,GA,ASO,ES,Combined TRACON& Tower with Radar,0,0,0,0,0,1990,506,41,4,2541,1990,506,41,4,2541,22,3,25,2566
05/15/2001,ATL,GA,ASO,ES,Combined TRACON& Tower with Radar,0,0,0,0,0,1977,570,37,0,2584,1977,570,37,0,2584,22,4,26,2610
05/16/2001,ATL,GA,ASO,ES,Combined TRACON& Tower with Radar,0,0,0,0,0,2062,574,69,3,2708,2062,574,69,3,2708,16,2,18,2726
05/17/2001,ATL,GA,ASO,ES,Combined TRACON& Tower with Radar,0,0,0,0,0,2009,568,59,9,2645,2009,568,59,9,2645,0,0,0,2645
05/18/2001,ATL,GA,ASO,ES,Combined TRACON& Tower with Radar,0,0,0,0,0,2046,543,50,14,2653,2046,543,50,14,2653,19,0,19,2672
05/19/2001,ATL,GA,ASO,ES,Combined TRACON& Tower with Radar,0,0,0,0,0,1871,456,13,0,2340,1871,456,13,0,2340,3,5,8,2348
05/20/2001,ATL,GA,ASO,ES,Combined TRACON& Tower with Radar,0,0,0,0,0,1946,463,20,3,2432,1946,463,20,3,2432,2,1,3,2435
05/21/2001,ATL,GA,ASO,ES,Combined TRACON& Tower with Radar,0,0,0,0,0,1941,480,31,2,2454,1941,480,31,2,2454,4,1,5,2459
05/22/2001,ATL,GA,ASO,ES,Combined TRACON& Tower with Radar,0,0,0,0,0,1862,516,28,4,2410,1862,516,28,4,2410,11,3,14,2424
05/23/2001,ATL,GA,ASO,ES,Combined TRACON& Tower with Radar,0,0,0,0,0,2072,577,28,0,2677,2072,577,28,0,2677,0,0,0,2677
05/24/2001,ATL,GA,ASO,ES,Combined TRACON& Tower with Radar,0,0,0,0,0,2006,560,46,2,2614,2006,560,46,2,2614,6,3,9,2623
05/25/2001,ATL,GA,ASO,ES,Combined TRACON& Tower with Radar,0,0,0,0,0,2042,575,39,1,2657,2042,575,39,1,2657,67,3,70,2727
05/26/2001,ATL,GA,ASO,ES,Combined TRACON& Tower with Radar,0,0,0,0,0,1925,459,14,0,2398,1925,459,14,0,2398,15,1,16,2414
05/27/2001,ATL,GA,ASO,ES,Combined TRACON& Tower with Radar,0,0,0,0,0,1961,436,12,0,2409,1961,436,12,0,2409,15,2,17,2426
05/28/2001,ATL,GA,ASO,ES,Combined TRACON& Tower with Radar,0,0,0,0,0,1828,16,145,0,1989,1828,16,145,0,1989,0,0,0,1989
05/29/2001,ATL,GA,ASO,ES,Combined TRACON& Tower with Radar,0,0,0,0,0,1970,493,37,2,2502,1970,493,37,2,2502,0,0,0,2502
05/30/2001,ATL,GA,ASO,ES,Combined TRACON& Tower with Radar,0,0,0,0,0,2017,570,58,5,2650,2017,570,58,5,2650,0,0,0,2650
05/31/2001,ATL,GA,ASO,ES,Combined TRACON& Tower with Radar,0,0,0,0,0,1957,563,42,1,2563,1957,563,42,1,2563,0,0,0,2563
06/01/2001,ATL,GA,ASO,ES,Combined TRACON& Tower with Radar,0,0,0,0,0,1902,491,27,1,2421,1902,491,27,1,2421,4,0,4,2425
06/02/2001,ATL,GA,ASO,ES,Combined TRACON& Tower with Radar,0,0,0,0,0,2026,468,21,1,2516,2026,468,21,1,2516,12,0,12,2528
06/03/2001,ATL,GA,ASO,ES,Combined TRACON& Tower with Radar,0,0,0,0,0,1659,364,24,0,2047,1659,364,24,0,2047,3,0,3,2050
06/04/2001,ATL,GA,ASO,ES,Combined TRACON& Tower with Radar,0,0,0,0,0,2059,465,41,4,2569,2059,465,41,4,2569,14,2,16,2585
06/05/2001,ATL,GA,ASO,ES,Combined TRACON& Tower with Radar,0,0,0,0,0,2075,560,45,0,2680,2075,560,45,0,2680,0,0,0,2680
06/06/2001,ATL,GA,ASO,ES,Combined TRACON& Tower with Radar,0,0,0,0,0,1994,563,45,1,2603,1994,563,45,1,2603,9,1,10,2613
06/07/2001,ATL,GA,ASO,ES,Combined TRACON& Tower with Radar,0,0,0,0,0,2049,581,36,0,2666,2049,581,36,0,2666,12,1,13,2679
06/08/2001,ATL,GA,ASO,ES,Combined TRACON& Tower with Radar,0,0,0,0,0,2049,554,38,3,2644,2049,554,38,3,2644,28,1,29,2673
06/09/2001,ATL,GA,ASO,ES,Combined TRACON& Tower with Radar,0,0,0,0,0,1989,451,30,0,2470,1989,451,30,0,2470,5,0,5,2475
06/10/2001,ATL,GA,ASO,ES,Combined TRACON& Tower with Radar,0,0,0,0,0,1959,457,21,0,2437,1959,457,21,0,2437,8,1,9,2446
06/11/2001,ATL,GA,ASO,ES,Combined TRACON& Tower with Radar,0,0,0,0,0,1992,489,37,2,2520,1992,489,37,2,2520,9,0,9,2529
06/12/2001,ATL,GA,ASO,ES,Combined TRACON& Tower with Radar,0,0,0,0,0,1921,502,24,0,2447,1921,502,24,0,2447,6,2,8,2455
06/13/2001,ATL,GA,ASO,ES,Combined TRACON& Tower with Radar,0,0,0,0,0,2003,587,39,4,2633,2003,587,39,4,2633,5,4,9,2642
06/14/2001,ATL,GA,ASO,ES,Combined TRACON& Tower with Radar,0,0,0,0,0,1913,544,41,8,2506,1913,544,41,8,2506,14,2,16,2522
06/15/2001,ATL,GA,ASO,ES,Combined TRACON& Tower with Radar,0,0,0,0,0,1932,566,35,0,2533,1932,566,35,0,2533,10,3,13,2546
06/16/2001,ATL,GA,ASO,ES,Combined TRACON& Tower with Radar,0,0,0,0,0,1994,464,28,0,2486,1994,464,28,0,2486,6,4,10,2496
06/17/2001,ATL,GA,ASO,ES,Combined TRACON& Tower with Radar,0,0,0,0,0,1995,459,13,0,2467,1995,459,13,0,2467,3,0,3,2470
06/18/2001,ATL,GA,ASO,ES,Combined TRACON& Tower with Radar,0,0,0,0,0,2032,477,41,0,2550,2032,477,41,0,2550,12,2,14,2564
06/19/2001,ATL,GA,ASO,ES,Combined TRACON& Tower with Radar,0,0,0,0,0,2032,631,56,6,2725,2032,631,56,6,2725,0,0,0,2725
06/20/2001,ATL,GA,ASO,ES,Combined TRACON& Tower with Radar,0,0,0,0,0,1992,542,45,2,2581,1992,542,45,2,2581,28,5,33,2614
06/21/2001,ATL,GA,ASO,ES,Combined TRACON& Tower with Radar,0,0,0,0,0,2027,550,41,4,2622,2027,550,41,4,2622,0,0,0,2622
06/22/2001,ATL,GA,ASO,ES,Combined TRACON& Tower with Radar,0,0,0,0,0,1823,499,26,2,2350,1823,499,26,2,2350,21,0,21,2371
06/23/2001,ATL,GA,ASO,ES,Combined TRACON& Tower with Radar,0,0,0,0,0,2003,479,24,1,2507,2003,479,24,1,2507,7,1,8,2515
06/24/2001,ATL,GA,ASO,ES,Combined TRACON& Tower with Radar,0,0,0,0,0,1997,470,18,0,2485,1997,470,18,0,2485,0,0,0,2485
06/25/2001,ATL,GA,ASO,ES,Combined TRACON& Tower with Radar,0,0,0,0,0,1715,405,25,1,2146,1715,405,25,1,2146,7,0,7,2153
06/26/2001,ATL,GA,ASO,ES,Combined TRACON& Tower with Radar,0,0,0,0,0,2132,585,30,2,2749,2132,585,30,2,2749,4,1,5,2754
06/27/2001,ATL,GA,ASO,ES,Combined TRACON& Tower with Radar,0,0,0,0,0,2062,566,43,0,2671,2062,566,43,0,2671,0,0,0,2671
06/28/2001,ATL,GA,ASO,ES,Combined TRACON& Tower with Radar,0,0,0,0,0,2064,564,43,3,2674,2064,564,43,3,2674,9,3,12,2686
06/29/2001,ATL,GA,ASO,ES,Combined TRACON& Tower with Radar,0,0,0,0,0,2101,560,42,0,2703,2101,560,42,0,2703,4,0,4,2707
06/30/2001,ATL,GA,ASO,ES,Combined TRACON& Tower with Radar,0,0,0,0,0,1904,436,20,0,2360,1904,436,20,0,2360,8,1,9,2369
07/01/2001,ATL,GA,ASO,ES,Combined TRACON& Tower with Radar,0,0,0,0,0,1794,407,12,1,2214,1794,407,12,1,2214,0,0,0,2214
07/02/2001,ATL,GA,ASO,ES,Combined TRACON& Tower with Radar,0,0,0,0,0,2037,473,38,3,2551,2037,473,38,3,2551,0,0,0,2551
07/03/2001,ATL,GA,ASO,ES,Combined TRACON& Tower with Radar,0,0,0,0,0,2060,465,41,4,2570,2060,465,41,4,2570,13,2,15,2585
07/04/2001,ATL,GA,ASO,ES,Combined TRACON& Tower with Radar,0,0,0,0,0,2060,465,41,4,2570,2060,465,41,4,2570,14,2,16,2586
07/05/2001,ATL,GA,ASO,ES,Combined TRACON& Tower with Radar,0,0,0,0,0,2112,568,61,1,2742,2112,568,61,1,2742,13,1,14,2756
07/06/2001,ATL,GA,ASO,ES,Combined TRACON& Tower with Radar,0,0,0,0,0,2132,574,14,0,2720,2132,574,14,0,2720,13,8,21,2741
07/07/2001,ATL,GA,ASO,ES,Combined TRACON& Tower with Radar,0,0,0,0,0,2005,435,26,0,2466,2005,435,26,0,2466,2,136,138,2604
07/08/2001,ATL,GA,ASO,ES,Combined TRACON& Tower with Radar,0,0,0,0,0,1992,452,13,0,2457,1992,452,13,0,2457,8,0,8,2465
07/09/2001,ATL,GA,ASO,ES,Combined TRACON& Tower with Radar,0,0,0,0,0,2022,471,29,0,2522,2022,471,29,0,2522,11,3,14,2536
07/10/2001,ATL,GA,ASO,ES,Combined TRACON& Tower with Radar,0,0,0,0,0,1996,575,35,0,2606,1996,575,35,0,2606,3,3,6,2612
07/11/2001,ATL,GA,ASO,ES,Combined TRACON& Tower with Radar,0,0,0,0,0,2060,565,43,0,2668,2060,565,43,0,2668,14,1,15,2683
07/12/2001,ATL,GA,ASO,ES,Combined TRACON& Tower with Radar,0,0,0,0,0,2049,542,33,15,2639,2049,542,33,15,2639,13,4,17,2656
07/13/2001,ATL,GA,ASO,ES,Combined TRACON& Tower with Radar,0,0,0,0,0,2078,575,43,1,2697,2078,575,43,1,2697,12,0,12,2709
07/14/2001,ATL,GA,ASO,ES,Combined TRACON& Tower with Radar,0,0,0,0,0,2001,456,32,3,2492,2001,456,32,3,2492,14,3,17,2509
07/15/2001,ATL,GA,ASO,ES,Combined TRACON& Tower with Radar,0,0,0,0,0,2002,456,23,0,2481,2002,456,23,0,2481,19,4,23,2504
07/16/2001,ATL,GA,ASO,ES,Combined TRACON& Tower with Radar,0,0,0,0,0,2010,498,38,3,2549,2010,498,38,3,2549,0,0,0,2549
07/17/2001,ATL,GA,ASO,ES,Combined TRACON& Tower with Radar,0,0,0,0,0,2021,562,34,1,2618,2021,562,34,1,2618,5,2,7,2625
07/18/2001,ATL,GA,ASO,ES,Combined TRACON& Tower with Radar,0,0,0,0,0,1986,617,57,0,2660,1986,617,57,0,2660,13,3,16,2676
07/19/2001,ATL,GA,ASO,ES,Combined TRACON& Tower with Radar,0,0,0,0,0,2014,625,36,1,2676,2014,625,36,1,2676,11,1,12,2688
07/20/2001,ATL,GA,ASO,ES,Combined TRACON& Tower with Radar,0,0,0,0,0,1953,579,29,0,2561,1953,579,29,0,2561,7,3,10,2571
07/21/2001,ATL,GA,ASO,ES,Combined TRACON& Tower with Radar,0,0,0,0,0,2037,460,25,2,2524,2037,460,25,2,2524,9,1,10,2534
07/22/2001,ATL,GA,ASO,ES,Combined TRACON& Tower with Radar,0,0,0,0,0,1940,510,18,2,2470,1940,510,18,2,2470,6,0,6,2476
07/23/2001,ATL,GA,ASO,ES,Combined TRACON& Tower with Radar,0,0,0,0,0,1906,538,31,5,2480,1906,538,31,5,2480,0,0,0,2480
07/24/2001,ATL,GA,ASO,ES,Combined TRACON& Tower with Radar,0,0,0,0,0,2010,618,29,0,2657,2010,618,29,0,2657,19,2,21,2678
07/25/2001,ATL,GA,ASO,ES,Combined TRACON& Tower with Radar,0,0,0,0,0,1911,599,37,1,2548,1911,599,37,1,2548,3,1,4,2552
07/26/2001,ATL,GA,ASO,ES,Combined TRACON& Tower with Radar,0,0,0,0,0,2031,620,49,1,2701,2031,620,49,1,2701,4,1,5,2706
07/27/2001,ATL,GA,ASO,ES,Combined TRACON& Tower with Radar,0,0,0,0,0,2037,612,40,4,2693,2037,612,40,4,2693,20,4,24,2717
07/28/2001,ATL,GA,ASO,ES,Combined TRACON& Tower with Radar,0,0,0,0,0,1964,498,12,0,2474,1964,498,12,0,2474,2,0,2,2476
07/29/2001,ATL,GA,ASO,ES,Combined TRACON& Tower with Radar,0,0,0,0,0,1828,452,14,0,2294,1828,452,14,0,2294,1,1,2,2296
07/30/2001,ATL,GA,ASO,ES,Combined TRACON& Tower with Radar,0,0,0,0,0,2071,551,39,0,2661,2071,551,39,0,2661,0,11,11,2672
07/31/2001,ATL,GA,ASO,ES,Combined TRACON& Tower with Radar,0,0,0,0,0,1808,552,30,1,2391,1808,552,30,1,2391,13,1,14,2405
08/01/2001,ATL,GA,ASO,ES,Combined TRACON& Tower with Radar,0,0,0,0,0,2014,601,38,0,2653,2014,601,38,0,2653,11,2,13,2666
08/02/2001,ATL,GA,ASO,ES,Combined TRACON& Tower with Radar,0,0,0,0,0,1990,633,33,0,2656,1990,633,33,0,2656,8,5,13,2669
08/03/2001,ATL,GA,ASO,ES,Combined TRACON& Tower with Radar,0,0,0,0,0,2004,591,26,2,2623,2004,591,26,2,2623,16,5,21,2644
08/04/2001,ATL,GA,ASO,ES,Combined TRACON& Tower with Radar,0,0,0,0,0,1590,444,10,5,2049,1590,444,10,5,2049,2,1,3,2052
08/05/2001,ATL,GA,ASO,ES,Combined TRACON& Tower with Radar,0,0,0,0,0,1805,493,12,2,2312,1805,493,12,2,2312,3,0,3,2315
08/06/2001,ATL,GA,ASO,ES,Combined TRACON& Tower with Radar,0,0,0,0,0,1714,461,28,0,2203,1714,461,28,0,2203,7,0,7,2210
08/07/2001,ATL,GA,ASO,ES,Combined TRACON& Tower with Radar,0,0,0,0,0,1755,557,29,2,2343,1755,557,29,2,2343,3,2,5,2348
08/08/2001,ATL,GA,ASO,ES,Combined TRACON& Tower with Radar,0,0,0,0,0,1736,564,51,0,2351,1736,564,51,0,2351,0,0,0,2351
08/09/2001,ATL,GA,ASO,ES,Combined TRACON& Tower with Radar,0,0,0,0,0,1717,552,38,2,2309,1717,552,38,2,2309,0,0,0,2309
08/10/2001,ATL,GA,ASO,ES,Combined TRACON& Tower with Radar,0,0,0,0,0,1718,583,32,1,2334,1718,583,32,1,2334,0,0,0,2334
08/11/2001,ATL,GA,ASO,ES,Combined TRACON& Tower with Radar,0,0,0,0,0,1974,466,15,0,2455,1974,466,15,0,2455,4,0,4,2459
08/12/2001,ATL,GA,ASO,ES,Combined TRACON& Tower with Radar,0,0,0,0,0,1981,463,23,0,2467,1981,463,23,0,2467,5,0,5,2472
08/13/2001,ATL,GA,ASO,ES,Combined TRACON& Tower with Radar,0,0,0,0,0,1952,491,26,1,2470,1952,491,26,1,2470,7,1,8,2478
08/14/2001,ATL,GA,ASO,ES,Combined TRACON& Tower with Radar,0,0,0,0,0,2063,639,26,0,2728,2063,639,26,0,2728,0,0,0,2728
08/15/2001,ATL,GA,ASO,ES,Combined TRACON& Tower with Radar,0,0,0,0,0,1735,585,64,1,2385,1735,585,64,1,2385,0,0,0,2385
08/16/2001,ATL,GA,ASO,ES,Combined TRACON& Tower with Radar,0,0,0,0,0,1819,560,39,5,2423,1819,560,39,5,2423,0,0,0,2423
08/17/2001,ATL,GA,ASO,ES,Combined TRACON& Tower with Radar,0,0,0,0,0,1745,534,45,1,2325,1745,534,45,1,2325,7,0,7,2332
08/18/2001,ATL,GA,ASO,ES,Combined TRACON& Tower with Radar,0,0,0,0,0,1691,463,15,0,2169,1691,463,15,0,2169,7,2,9,2178
08/19/2001,ATL,GA,ASO,ES,Combined TRACON& Tower with Radar,0,0,0,0,0,1988,479,14,0,2481,1988,479,14,0,2481,8,0,8,2489
08/20/2001,ATL,GA,ASO,ES,Combined TRACON& Tower with Radar,0,0,0,0,0,1987,547,39,4,2577,1987,547,39,4,2577,8,0,8,2585
08/21/2001,ATL,GA,ASO,ES,Combined TRACON& Tower with Radar,0,0,0,0,0,2003,624,52,2,2681,2003,624,52,2,2681,18,4,22,2703
08/22/2001,ATL,GA,ASO,ES,Combined TRACON& Tower with Radar,0,0,0,0,0,2009,633,41,0,2683,2009,633,41,0,2683,0,0,0,2683
08/23/2001,ATL,GA,ASO,ES,Combined TRACON& Tower with Radar,0,0,0,0,0,1992,624,27,4,2647,1992,624,27,4,2647,19,2,21,2668
08/24/2001,ATL,GA,ASO,ES,Combined TRACON& Tower with Radar,0,0,0,0,0,2062,621,27,0,2710,2062,621,27,0,2710,6,4,10,2720
08/25/2001,ATL,GA,ASO,ES,Combined TRACON& Tower with Radar,0,0,0,0,0,2007,465,14,0,2486,2007,465,14,0,2486,2,0,2,2488
08/26/2001,ATL,GA,ASO,ES,Combined TRACON& Tower with Radar,0,0,0,0,0,2014,617,50,0,2681,2014,617,50,0,2681,4,1,5,2686
08/27/2001,ATL,GA,ASO,ES,Combined TRACON& Tower with Radar,0,0,0,0,0,1922,541,27,0,2490,1922,541,27,0,2490,0,0,0,2490
08/28/2001,ATL,GA,ASO,ES,Combined TRACON& Tower with Radar,0,0,0,0,0,2010,619,22,1,2652,2010,619,22,1,2652,9,0,9,2661
08/29/2001,ATL,GA,ASO,ES,Combined TRACON& Tower with Radar,0,0,0,0,0,2003,642,31,0,2676,2003,642,31,0,2676,10,1,11,2687
08/30/2001,ATL,GA,ASO,ES,Combined TRACON& Tower with Radar,0,0,0,0,0,1972,606,47,2,2627,1972,606,47,2,2627,4,2,6,2633
08/31/2001,ATL,GA,ASO,ES,Combined TRACON& Tower with Radar,0,0,0,0,0,1760,553,50,3,2366,1760,553,50,3,2366,0,0,0,2366
09/01/2001,ATL,GA,ASO,ES,Combined TRACON& Tower with Radar,0,0,0,0,0,1873,476,10,0,2359,1873,476,10,0,2359,5,0,5,2364
09/02/2001,ATL,GA,ASO,ES,Combined TRACON& Tower with Radar,0,0,0,0,0,1539,410,13,1,1963,1539,410,13,1,1963,0,0,0,1963
09/03/2001,ATL,GA,ASO,ES,Combined TRACON& Tower with Radar,0,0,0,0,0,1722,451,12,0,2185,1722,451,12,0,2185,3,1,4,2189
09/04/2001,ATL,GA,ASO,ES,Combined TRACON& Tower with Radar,0,0,0,0,0,1950,549,21,1,2521,1950,549,21,1,2521,0,0,0,2521
09/05/2001,ATL,GA,ASO,ES,Combined TRACON& Tower with Radar,0,0,0,0,0,2039,629,35,0,2703,2039,629,35,0,2703,0,0,0,2703
09/06/2001,ATL,GA,ASO,ES,Combined TRACON& Tower with Radar,0,0,0,0,0,1970,667,51,4,2692,1970,667,51,4,2692,0,0,0,2692
09/07/2001,ATL,GA,ASO,ES,Combined TRACON& Tower with Radar,0,0,0,0,0,1950,656,20,0,2626,1950,656,20,0,2626,13,1,14,2640
09/08/2001,ATL,GA,ASO,ES,Combined TRACON& Tower with Radar,0,0,0,0,0,1921,542,14,1,2478,1921,542,14,1,2478,11,1,12,2490
09/09/2001,ATL,GA,ASO,ES,Combined TRACON& Tower with Radar,0,0,0,0,0,1855,543,28,5,2431,1855,543,28,5,2431,0,0,0,2431
09/10/2001,ATL,GA,ASO,ES,Combined TRACON& Tower with Radar,0,0,0,0,0,1912,580,43,0,2535,1912,580,43,0,2535,9,0,9,2544
09/11/2001,ATL,GA,ASO,ES,Combined TRACON& Tower with Radar,0,0,0,0,0,610,227,16,2,855,610,227,16,2,855,2,5,7,862
09/12/2001,ATL,GA,ASO,ES,Combined TRACON& Tower with Radar,0,0,0,0,0,0,4,1,17,22,0,4,1,17,22,5,3,8,30
09/13/2001,ATL,GA,ASO,ES,Combined TRACON& Tower with Radar,0,0,0,0,0,265,137,3,49,454,265,137,3,49,454,0,1,1,455
09/14/2001,ATL,GA,ASO,ES,Combined TRACON& Tower with Radar,0,0,0,0,0,1084,514,7,2,1607,1084,514,7,2,1607,0,1,1,1608
09/15/2001,ATL,GA,ASO,ES,Combined TRACON& Tower with Radar,0,0,0,0,0,1311,480,19,1,1811,1311,480,19,1,1811,5,3,8,1819
09/16/2001,ATL,GA,ASO,ES,Combined TRACON& Tower with Radar,0,0,0,0,0,1600,537,15,4,2156,1600,537,15,4,2156,0,0,0,2156
09/17/2001,ATL,GA,ASO,ES,Combined TRACON& Tower with Radar,0,0,0,0,0,1606,542,24,0,2172,1606,542,24,0,2172,0,0,0,2172
09/18/2001,ATL,GA,ASO,ES,Combined TRACON& Tower with Radar,0,0,0,0,0,1643,632,17,2,2294,1643,632,17,2,2294,0,1,1,2295
09/19/2001,ATL,GA,ASO,ES,Combined TRACON& Tower with Radar,0,0,0,0,0,1666,625,25,1,2317,1666,625,25,1,2317,19,7,26,2343
09/20/2001,ATL,GA,ASO,ES,Combined TRACON& Tower with Radar,0,0,0,0,0,1683,632,27,1,2343,1683,632,27,1,2343,10,2,12,2355
09/21/2001,ATL,GA,ASO,ES,Combined TRACON& Tower with Radar,0,0,0,0,0,1698,628,33,5,2364,1698,628,33,5,2364,2,1,3,2367
09/22/2001,ATL,GA,ASO,ES,Combined TRACON& Tower with Radar,0,0,0,0,0,1620,514,19,1,2154,1620,514,19,1,2154,10,1,11,2165
09/23/2001,ATL,GA,ASO,ES,Combined TRACON& Tower with Radar,0,0,0,0,0,1597,502,18,0,2117,1597,502,18,0,2117,0,3,3,2120
09/24/2001,ATL,GA,ASO,ES,Combined TRACON& Tower with Radar,0,0,0,0,0,1673,547,17,2,2239,1673,547,17,2,2239,0,0,0,2239
09/25/2001,ATL,GA,ASO,ES,Combined TRACON& Tower with Radar,0,0,0,0,0,1681,646,21,2,2350,1681,646,21,2,2350,2,6,8,2358
09/26/2001,ATL,GA,ASO,ES,Combined TRACON& Tower with Radar,0,0,0,0,0,1660,613,31,7,2311,1660,613,31,7,2311,4,3,7,2318
09/27/2001,ATL,GA,ASO,ES,Combined TRACON& Tower with Radar,0,0,0,0,0,1685,631,25,1,2342,1685,631,25,1,2342,0,0,0,2342
09/28/2001,ATL,GA,ASO,ES,Combined TRACON& Tower with Radar,0,0,0,0,0,1706,632,49,7,2394,1706,632,49,7,2394,2,1,3,2397
09/29/2001,ATL,GA,ASO,ES,Combined TRACON& Tower with Radar,0,0,0,0,0,1646,528,18,0,2192,1646,528,18,0,2192,2,2,4,2196
09/30/2001,ATL,GA,ASO,ES,Combined TRACON& Tower with Radar,0,0,0,0,0,1414,463,24,0,1901,1414,463,24,0,1901,3,1,4,1905
10/01/2001,ATL,GA,ASO,ES,Combined TRACON& Tower with Radar,0,0,0,0,0,1746,584,53,7,2390,1746,584,53,7,2390,9,5,14,2404
10/02/2001,ATL,GA,ASO,ES,Combined TRACON& Tower with Radar,0,0,0,0,0,1693,583,38,5,2319,1693,583,38,5,2319,14,2,16,2335
10/03/2001,ATL,GA,ASO,ES,Combined TRACON& Tower with Radar,0,0,0,0,0,1713,579,33,0,2325,1713,579,33,0,2325,8,3,11,2336
10/04/2001,ATL,GA,ASO,ES,Combined TRACON& Tower with Radar,0,0,0,0,0,1952,543,16,1,2512,1952,543,16,1,2512,11,0,11,2523
10/05/2001,ATL,GA,ASO,ES,Combined TRACON& Tower with Radar,0,0,0,0,0,2039,629,35,0,2703,2039,629,35,0,2703,15,3,18,2721
10/06/2001,ATL,GA,ASO,ES,Combined TRACON& Tower with Radar,0,0,0,0,0,1971,658,39,3,2671,1971,658,39,3,2671,21,1,22,2693
10/07/2001,ATL,GA,ASO,ES,Combined TRACON& Tower with Radar,0,0,0,0,0,1951,658,20,0,2629,1951,658,20,0,2629,13,1,14,2643
10/08/2001,ATL,GA,ASO,ES,Combined TRACON& Tower with Radar,0,0,0,0,0,1921,542,14,1,2478,1921,542,14,1,2478,11,1,12,2490
10/09/2001,ATL,GA,ASO,ES,Combined TRACON& Tower with Radar,0,0,0,0,0,1819,543,20,5,2387,1819,543,20,5,2387,10,1,11,2398
10/10/2001,ATL,GA,ASO,ES,Combined TRACON& Tower with Radar,0,0,0,0,0,1683,617,45,0,2345,1683,617,45,0,2345,8,5,13,2358
10/11/2001,ATL,GA,ASO,ES,Combined TRACON& Tower with Radar,0,0,0,0,0,1672,612,68,4,2356,1672,612,68,4,2356,12,2,14,2370
10/12/2001,ATL,GA,ASO,ES,Combined TRACON& Tower with Radar,0,0,0,0,0,1704,601,28,0,2333,1704,601,28,0,2333,3,5,8,2341
10/13/2001,ATL,GA,ASO,ES,Combined TRACON& Tower with Radar,0,0,0,0,0,1633,479,8,0,2120,1633,479,8,0,2120,3,4,7,2127
10/14/2001,ATL,GA,ASO,ES,Combined TRACON& Tower with Radar,0,0,0,0,0,1638,490,21,0,2149,1638,490,21,0,2149,1,0,1,2150
10/15/2001,ATL,GA,ASO,ES,Combined TRACON& Tower with Radar,0,0,0,0,0,1678,537,48,0,2263,1678,537,48,0,2263,5,2,7,2270
10/16/2001,ATL,GA,ASO,ES,Combined TRACON& Tower with Radar,0,0,0,0,0,1656,613,43,3,2315,1656,613,43,3,2315,4,0,4,2319
10/17/2001,ATL,GA,ASO,ES,Combined TRACON& Tower with Radar,0,0,0,0,0,1674,622,62,1,2359,1674,622,62,1,2359,6,0,6,2365
10/18/2001,ATL,GA,ASO,ES,Combined TRACON& Tower with Radar,0,0,0,0,0,1713,615,36,1,2365,1713,615,36,1,2365,4,7,11,2376
10/19/2001,ATL,GA,ASO,ES,Combined TRACON& Tower with Radar,0,0,0,0,0,1699,592,40,4,2335,1699,592,40,4,2335,4,1,5,2340
10/20/2001,ATL,GA,ASO,ES,Combined TRACON& Tower with Radar,0,0,0,0,0,1660,516,23,1,2200,1660,516,23,1,2200,6,1,7,2207
10/21/2001,ATL,GA,ASO,ES,Combined TRACON& Tower with Radar,0,0,0,0,0,1657,493,24,2,2176,1657,493,24,2,2176,4,1,5,2181
10/22/2001,ATL,GA,ASO,ES,Combined TRACON& Tower with Radar,0,0,0,0,0,1669,534,46,6,2255,1669,534,46,6,2255,10,2,12,2267
10/23/2001,ATL,GA,ASO,ES,Combined TRACON& Tower with Radar,0,0,0,0,0,1669,601,50,8,2328,1669,601,50,8,2328,11,1,12,2340
10/24/2001,ATL,GA,ASO,ES,Combined TRACON& Tower with Radar,0,0,0,0,0,1648,557,59,5,2269,1648,557,59,5,2269,12,2,14,2283
10/25/2001,ATL,GA,ASO,ES,Combined TRACON& Tower with Radar,0,0,0,0,0,1690,608,48,2,2348,1690,608,48,2,2348,5,2,7,2355
10/26/2001,ATL,GA,ASO,ES,Combined TRACON& Tower with Radar,0,0,0,0,0,1689,585,37,0,2311,1689,585,37,0,2311,2,1,3,2314
10/27/2001,ATL,GA,ASO,ES,Combined TRACON& Tower with Radar,0,0,0,0,0,1665,490,16,2,2173,1665,490,16,2,2173,10,0,10,2183
10/28/2001,ATL,GA,ASO,ES,Combined TRACON& Tower with Radar,0,0,0,0,0,1686,592,51,0,2329,1686,592,51,0,2329,10,2,12,2341
10/29/2001,ATL,GA,ASO,ES,Combined TRACON& Tower with Radar,0,0,0,0,0,1680,517,25,4,2226,1680,517,25,4,2226,7,2,9,2235
10/30/2001,ATL,GA,ASO,ES,Combined TRACON& Tower with Radar,0,0,0,0,0,1686,592,51,0,2329,1686,592,51,0,2329,10,2,12,2341
10/31/2001,ATL,GA,ASO,ES,Combined TRACON& Tower with Radar,0,0,0,0,0,1710,586,17,4,2317,1710,586,17,4,2317,4,0,4,2321
11/01/2001,ATL,GA,ASO,ES,Combined TRACON& Tower with Radar,0,0,0,0,0,1703,502,26,1,2232,1703,502,26,1,2232,11,2,13,2245
11/02/2001,ATL,GA,ASO,ES,Combined TRACON& Tower with Radar,0,0,0,0,0,1675,483,18,0,2176,1675,483,18,0,2176,8,3,11,2187
11/03/2001,ATL,GA,ASO,ES,Combined TRACON& Tower with Radar,0,0,0,0,0,1690,491,16,7,2204,1690,491,16,7,2204,8,4,12,2216
11/04/2001,ATL,GA,ASO,ES,Combined TRACON& Tower with Radar,0,0,0,0,0,1687,495,23,4,2209,1687,495,23,4,2209,5,2,7,2216
11/05/2001,ATL,GA,ASO,ES,Combined TRACON& Tower with Radar,0,0,0,0,0,1697,547,38,0,2282,1697,547,38,0,2282,11,2,13,2295
11/06/2001,ATL,GA,ASO,ES,Combined TRACON& Tower with Radar,0,0,0,0,0,1750,628,29,2,2409,1750,628,29,2,2409,10,2,12,2421
11/07/2001,ATL,GA,ASO,ES,Combined TRACON& Tower with Radar,0,0,0,0,0,1780,612,39,1,2432,1780,612,39,1,2432,11,3,14,2446
11/08/2001,ATL,GA,ASO,ES,Combined TRACON& Tower with Radar,0,0,0,0,0,1780,595,51,0,2426,1780,595,51,0,2426,24,4,28,2454
11/09/2001,ATL,GA,ASO,ES,Combined TRACON& Tower with Radar,0,0,0,0,0,1764,637,40,3,2444,1764,637,40,3,2444,2,7,9,2453
11/10/2001,ATL,GA,ASO,ES,Combined TRACON& Tower with Radar,0,0,0,0,0,1716,511,18,0,2245,1716,511,18,0,2245,12,0,12,2257
11/11/2001,ATL,GA,ASO,ES,Combined TRACON& Tower with Radar,0,0,0,0,0,1693,510,23,0,2226,1693,510,23,0,2226,7,1,8,2234
11/12/2001,ATL,GA,ASO,ES,Combined TRACON& Tower with Radar,0,0,0,0,0,1708,543,31,0,2282,1708,543,31,0,2282,7,5,12,2294
11/13/2001,ATL,GA,ASO,ES,Combined TRACON& Tower with Radar,0,0,0,0,0,1767,579,51,2,2399,1767,579,51,2,2399,12,3,15,2414
11/14/2001,ATL,GA,ASO,ES,Combined TRACON& Tower with Radar,0,0,0,0,0,1792,614,57,5,2468,1792,614,57,5,2468,13,0,13,2481
11/15/2001,ATL,GA,ASO,ES,Combined TRACON& Tower with Radar,0,0,0,0,0,1794,633,35,0,2462,1794,633,35,0,2462,11,5,16,2478
11/16/2001,ATL,GA,ASO,ES,Combined TRACON& Tower with Radar,0,0,0,0,0,1251,455,30,2,1738,1251,455,30,2,1738,8,5,13,1751
11/17/2001,ATL,GA,ASO,ES,Combined TRACON& Tower with Radar,0,0,0,0,0,1748,518,17,4,2287,1748,518,17,4,2287,14,2,16,2303
11/18/2001,ATL,GA,ASO,ES,Combined TRACON& Tower with Radar,0,0,0,0,0,1754,495,28,4,2281,1754,495,28,4,2281,68,5,73,2354
11/19/2001,ATL,GA,ASO,ES,Combined TRACON& Tower with Radar,0,0,0,0,0,1745,533,21,6,2305,1745,533,21,6,2305,11,3,14,2319
11/20/2001,ATL,GA,ASO,ES,Combined TRACON& Tower with Radar,0,0,0,0,0,1781,624,23,2,2430,1781,624,23,2,2430,6,3,9,2439
11/21/2001,ATL,GA,ASO,ES,Combined TRACON& Tower with Radar,0,0,0,0,0,1806,626,33,0,2465,1806,626,33,0,2465,19,0,19,2484
11/22/2001,ATL,GA,ASO,ES,Combined TRACON& Tower with Radar,0,0,0,0,0,1386,513,9,0,1908,1386,513,9,0,1908,5,0,5,1913
11/23/2001,ATL,GA,ASO,ES,Combined TRACON& Tower with Radar,0,0,0,0,0,1216,395,17,1,1629,1216,395,17,1,1629,1,0,1,1630
11/24/2001,ATL,GA,ASO,ES,Combined TRACON& Tower with Radar,0,0,0,0,0,1594,470,4,0,2068,1594,470,4,0,2068,0,0,0,2068
11/25/2001,ATL,GA,ASO,ES,Combined TRACON& Tower with Radar,0,0,0,0,0,1737,501,25,0,2263,1737,501,25,0,2263,2,1,3,2266
11/26/2001,ATL,GA,ASO,ES,Combined TRACON& Tower with Radar,0,0,0,0,0,1783,532,18,0,2333,1783,532,18,0,2333,7,1,8,2341
11/27/2001,ATL,GA,ASO,ES,Combined TRACON& Tower with Radar,0,0,0,0,0,1784,618,34,0,2436,1784,618,34,0,2436,8,2,10,2446
11/28/2001,ATL,GA,ASO,ES,Combined TRACON& Tower with Radar,0,0,0,0,0,1761,619,32,0,2412,1761,619,32,0,2412,15,8,23,2435
11/29/2001,ATL,GA,ASO,ES,Combined TRACON& Tower with Radar,0,0,0,0,0,1771,609,28,0,2408,1771,609,28,0,2408,15,4,19,2427
11/30/2001,ATL,GA,ASO,ES,Combined TRACON& Tower with Radar,0,0,0,0,0,1768,632,28,3,2431,1768,632,28,3,2431,18,3,21,2452
12/01/2001,ATL,GA,ASO,ES,Combined TRACON& Tower with Radar,0,0,0,0,0,1703,502,26,1,2232,1703,502,26,1,2232,11,2,13,2245
12/02/2001,ATL,GA,ASO,ES,Combined TRACON& Tower with Radar,0,0,0,0,0,1668,484,15,0,2167,1668,484,15,0,2167,6,1,7,2174
12/03/2001,ATL,GA,ASO,ES,Combined TRACON& Tower with Radar,0,0,0,0,0,1747,540,32,0,2319,1747,540,32,0,2319,17,1,18,2337
12/04/2001,ATL,GA,ASO,ES,Combined TRACON& Tower with Radar,0,0,0,0,0,1757,630,34,0,2421,1757,630,34,0,2421,17,3,20,2441
12/05/2001,ATL,GA,ASO,ES,Combined TRACON& Tower with Radar,0,0,0,0,0,1785,626,36,2,2449,1785,626,36,2,2449,14,2,16,2465
12/06/2001,ATL,GA,ASO,ES,Combined TRACON& Tower with Radar,0,0,0,0,0,1773,616,32,3,2424,1773,616,32,3,2424,18,5,23,2447
12/07/2001,ATL,GA,ASO,ES,Combined TRACON& Tower with Radar,0,0,0,0,0,1789,622,41,0,2452,1789,622,41,0,2452,26,3,29,2481
12/08/2001,ATL,GA,ASO,ES,Combined TRACON& Tower with Radar,0,0,0,0,0,1681,537,34,1,2253,1681,537,34,1,2253,8,0,8,2261
12/09/2001,ATL,GA,ASO,ES,Combined TRACON& Tower with Radar,0,0,0,0,0,1677,537,41,1,2256,1677,537,41,1,2256,0,0,0,2256
12/10/2001,ATL,GA,ASO,ES,Combined TRACON& Tower with Radar,0,0,0,0,0,1576,498,24,0,2098,1576,498,24,0,2098,0,0,0,2098
12/11/2001,ATL,GA,ASO,ES,Combined TRACON& Tower with Radar,0,0,0,0,0,1796,639,34,0,2469,1796,639,34,0,2469,9,0,9,2478
12/12/2001,ATL,GA,ASO,ES,Combined TRACON& Tower with Radar,0,0,0,0,0,1704,587,41,4,2336,1704,587,41,4,2336,0,0,0,2336
12/13/2001,ATL,GA,ASO,ES,Combined TRACON& Tower with Radar,0,0,0,0,0,1847,613,35,0,2495,1847,613,35,0,2495,5,0,5,2500
12/14/2001,ATL,GA,ASO,ES,Combined TRACON& Tower with Radar,0,0,0,0,0,1810,628,19,0,2457,1810,628,19,0,2457,2,6,8,2465
12/15/2001,ATL,GA,ASO,ES,Combined TRACON& Tower with Radar,0,0,0,0,0,1755,520,11,0,2286,1755,520,11,0,2286,15,0,15,2301
12/16/2001,ATL,GA,ASO,ES,Combined TRACON& Tower with Radar,0,0,0,0,0,1700,492,10,2,2204,1700,492,10,2,2204,6,0,6,2210
12/17/2001,ATL,GA,ASO,ES,Combined TRACON& Tower with Radar,0,0,0,0,0,1593,487,19,0,2099,1593,487,19,0,2099,2,0,2,2101
12/18/2001,ATL,GA,ASO,ES,Combined TRACON& Tower with Radar,0,0,0,0,0,1881,630,22,0,2533,1881,630,22,0,2533,21,3,24,2557
12/19/2001,ATL,GA,ASO,ES,Combined TRACON& Tower with Radar,0,0,0,0,0,1811,603,30,4,2448,1811,603,30,4,2448,26,3,29,2477
12/20/2001,ATL,GA,ASO,ES,Combined TRACON& Tower with Radar,0,0,0,0,0,1831,629,25,0,2485,1831,629,25,0,2485,19,4,23,2508
12/21/2001,ATL,GA,ASO,ES,Combined TRACON& Tower with Radar,0,0,0,0,0,1822,628,17,0,2467,1822,628,17,0,2467,19,2,21,2488
12/22/2001,ATL,GA,ASO,ES,Combined TRACON& Tower with Radar,0,0,0,0,0,1759,520,24,1,2304,1759,520,24,1,2304,8,1,9,2313
12/23/2001,ATL,GA,ASO,ES,Combined TRACON& Tower with Radar,0,0,0,0,0,1703,469,11,0,2183,1703,469,11,0,2183,2,1,3,2186
12/24/2001,ATL,GA,ASO,ES,Combined TRACON& Tower with Radar,0,0,0,0,0,1436,510,8,0,1954,1436,510,8,0,1954,7,0,7,1961
12/25/2001,ATL,GA,ASO,ES,Combined TRACON& Tower with Radar,0,0,0,0,0,1321,434,2,0,1757,1321,434,2,0,1757,3,0,3,1760
12/26/2001,ATL,GA,ASO,ES,Combined TRACON& Tower with Radar,0,0,0,0,0,1706,541,22,0,2269,1706,541,22,0,2269,12,3,15,2284
12/27/2001,ATL,GA,ASO,ES,Combined TRACON& Tower with Radar,0,0,0,0,0,1790,599,33,1,2423,1790,599,33,1,2423,14,2,16,2439
12/28/2001,ATL,GA,ASO,ES,Combined TRACON& Tower with Radar,0,0,0,0,0,1789,611,13,1,2414,1789,611,13,1,2414,12,1,13,2427
12/29/2001,ATL,GA,ASO,ES,Combined TRACON& Tower with Radar,0,0,0,0,0,1709,498,6,0,2213,1709,498,6,0,2213,6,3,9,2222
12/30/2001,ATL,GA,ASO,ES,Combined TRACON& Tower with Radar,0,0,0,0,0,1680,501,15,0,2196,1680,501,15,0,2196,18,2,20,2216
12/31/2001,ATL,GA,ASO,ES,Combined TRACON& Tower with Radar,0,0,0,0,0,1704,504,14,0,2222,1704,504,14,0,2222,8,1,9,2231
01/01/2002,ATL,GA,ASO,ES,Combined TRACON& Tower with Radar,0,0,0,0,0,1859,512,26,1,2398,1859,512,26,1,2398,0,0,0,2398
01/02/2002,ATL,GA,ASO,ES,Combined TRACON& Tower with Radar,0,0,0,0,0,1000,200,20,3,1223,1000,200,20,3,1223,5,1,6,1229
01/03/2002,ATL,GA,ASO,ES,Combined TRACON& Tower with Radar,0,0,0,0,0,1053,360,11,0,1424,1053,360,11,0,1424,0,0,0,1424
01/04/2002,ATL,GA,ASO,ES,Combined TRACON& Tower with Radar,0,0,0,0,0,1787,560,45,1,2393,1787,560,45,1,2393,0,0,0,2393
01/05/2002,ATL,GA,ASO,ES,Combined TRACON& Tower with Radar,0,0,0,0,0,1710,467,28,0,2205,1710,467,28,0,2205,0,0,0,2205
01/06/2002,ATL,GA,ASO,ES,Combined TRACON& Tower with Radar,0,0,0,0,0,1693,447,6,0,2146,1693,447,6,0,2146,0,0,0,2146
01/07/2002,ATL,GA,ASO,ES,Combined TRACON& Tower with Radar,0,0,0,0,0,1773,545,34,6,2358,1773,545,34,6,2358,0,0,0,2358
01/08/2002,ATL,GA,ASO,ES,Combined TRACON& Tower with Radar,0,0,0,0,0,1783,616,67,4,2470,1783,616,67,4,2470,0,0,0,2470
01/09/2002,ATL,GA,ASO,ES,Combined TRACON& Tower with Radar,0,0,0,0,0,1776,630,37,0,2443,1776,630,37,0,2443,26,14,40,2483
01/10/2002,ATL,GA,ASO,ES,Combined TRACON& Tower with Radar,0,0,0,0,0,1792,640,44,8,2484,1792,640,44,8,2484,9,1,10,2494
01/11/2002,ATL,GA,ASO,ES,Combined TRACON& Tower with Radar,0,0,0,0,0,1777,634,19,0,2430,1777,634,19,0,2430,22,7,29,2459
01/12/2002,ATL,GA,ASO,ES,Combined TRACON& Tower with Radar,0,0,0,0,0,1596,499,21,0,2116,1596,499,21,0,2116,0,0,0,2116
01/13/2002,ATL,GA,ASO,ES,Combined TRACON& Tower with Radar,0,0,0,0,0,1715,510,23,20,2268,1715,510,23,20,2268,6,0,6,2274
01/14/2002,ATL,GA,ASO,ES,Combined TRACON& Tower with Radar,0,0,0,0,0,1769,586,34,3,2392,1769,586,34,3,2392,22,2,24,2416
01/15/2002,ATL,GA,ASO,ES,Combined TRACON& Tower with Radar,0,0,0,0,0,1786,657,65,3,2511,1786,657,65,3,2511,0,0,0,2511
01/16/2002,ATL,GA,ASO,ES,Combined TRACON& Tower with Radar,0,0,0,0,0,1760,648,57,0,2465,1760,648,57,0,2465,20,2,22,2487
01/17/2002,ATL,GA,ASO,ES,Combined TRACON& Tower with Radar,0,0,0,0,0,1796,655,63,9,2523,1796,655,63,9,2523,15,8,23,2546
01/18/2002,ATL,GA,ASO,ES,Combined TRACON& Tower with Radar,0,0,0,0,0,1816,1300,474,39,3629,1816,1300,474,39,3629,3,0,3,3632
01/19/2002,ATL,GA,ASO,ES,Combined TRACON& Tower with Radar,0,0,0,0,0,1785,620,45,0,2450,1785,620,45,0,2450,0,0,0,2450
01/20/2002,ATL,GA,ASO,ES,Combined TRACON& Tower with Radar,0,0,0,0,0,1938,584,25,0,2547,1938,584,25,0,2547,0,0,0,2547
01/21/2002,ATL,GA,ASO,ES,Combined TRACON& Tower with Radar,0,0,0,0,0,1804,484,24,1,2313,1804,484,24,1,2313,2,3,5,2318
01/22/2002,ATL,GA,ASO,ES,Combined TRACON& Tower with Radar,0,0,0,0,0,1790,450,11,0,2251,1790,450,11,0,2251,2,1,3,2254
01/23/2002,ATL,GA,ASO,ES,Combined TRACON& Tower with Radar,0,0,0,0,0,1759,621,42,7,2429,1759,621,42,7,2429,5,5,10,2439
01/24/2002,ATL,GA,ASO,ES,Combined TRACON& Tower with Radar,0,0,0,0,0,1761,596,45,7,2409,1761,596,45,7,2409,7,2,9,2418
01/25/2002,ATL,GA,ASO,ES,Combined TRACON& Tower with Radar,0,0,0,0,0,1782,613,36,0,2431,1782,613,36,0,2431,0,0,0,2431
01/26/2002,ATL,GA,ASO,ES,Combined TRACON& Tower with Radar,0,0,0,0,0,1611,495,15,2,2123,1611,495,15,2,2123,257,28,285,2408
01/27/2002,ATL,GA,ASO,ES,Combined TRACON& Tower with Radar,0,0,0,0,0,1717,511,29,3,2260,1717,511,29,3,2260,5,3,8,2268
01/28/2002,ATL,GA,ASO,ES,Combined TRACON& Tower with Radar,0,0,0,0,0,1712,446,5,0,2163,1712,446,5,0,2163,6,3,9,2172
01/29/2002,ATL,GA,ASO,ES,Combined TRACON& Tower with Radar,0,0,0,0,0,1670,488,5,0,2163,1670,488,5,0,2163,6,3,9,2172
01/30/2002,ATL,GA,ASO,ES,Combined TRACON& Tower with Radar,0,0,0,0,0,1706,504,15,0,2225,1706,504,15,0,2225,10,2,12,2237
01/31/2002,ATL,GA,ASO,ES,Combined TRACON& Tower with Radar,0,0,0,0,0,1734,609,40,8,2391,1734,609,40,8,2391,0,0,0,2391
02/01/2002,ATL,GA,ASO,ES,Combined TRACON& Tower with Radar,0,0,0,0,0,1767,614,40,1,2422,1767,614,40,1,2422,11,1,12,2434
02/02/2002,ATL,GA,ASO,ES,Combined TRACON& Tower with Radar,0,0,0,0,0,1697,509,15,2,2223,1697,509,15,2,2223,0,0,0,2223
02/03/2002,ATL,GA,ASO,ES,Combined TRACON& Tower with Radar,0,0,0,0,0,1724,509,19,2,2254,1724,509,19,2,2254,0,0,0,2254
02/04/2002,ATL,GA,ASO,ES,Combined TRACON& Tower with Radar,0,0,0,0,0,1824,483,40,4,2351,1824,483,40,4,2351,0,0,0,2351
02/05/2002,ATL,GA,ASO,ES,Combined TRACON& Tower with Radar,0,0,0,0,0,1726,606,28,1,2361,1726,606,28,1,2361,14,2,16,2377
02/06/2002,ATL,GA,ASO,ES,Combined TRACON& Tower with Radar,0,0,0,0,0,1326,436,30,3,1795,1326,436,30,3,1795,1,0,1,1796
02/07/2002,ATL,GA,ASO,ES,Combined TRACON& Tower with Radar,0,0,0,0,0,1775,609,42,3,2429,1775,609,42,3,2429,5,3,8,2437
02/08/2002,ATL,GA,ASO,ES,Combined TRACON& Tower with Radar,0,0,0,0,0,1815,620,88,5,2528,1815,620,88,5,2528,0,0,0,2528
02/09/2002,ATL,GA,ASO,ES,Combined TRACON& Tower with Radar,0,0,0,0,0,1637,522,28,4,2191,1637,522,28,4,2191,0,0,0,2191
02/10/2002,ATL,GA,ASO,ES,Combined TRACON& Tower with Radar,0,0,0,0,0,1737,507,24,3,2271,1737,507,24,3,2271,0,0,0,2271
02/11/2002,ATL,GA,ASO,ES,Combined TRACON& Tower with Radar,0,0,0,0,0,1782,571,44,2,2399,1782,571,44,2,2399,13,0,13,2412
02/12/2002,ATL,GA,ASO,ES,Combined TRACON& Tower with Radar,0,0,0,0,0,1773,630,42,4,2449,1773,630,42,4,2449,0,0,0,2449
02/13/2002,ATL,GA,ASO,ES,Combined TRACON& Tower with Radar,0,0,0,0,0,1794,652,50,6,2502,1794,652,50,6,2502,0,0,0,2502
02/14/2002,ATL,GA,ASO,ES,Combined TRACON& Tower with Radar,0,0,0,0,0,1867,610,54,2,2533,1867,610,54,2,2533,0,0,0,2533
02/15/2002,ATL,GA,ASO,ES,Combined TRACON& Tower with Radar,0,0,0,0,0,1815,633,46,5,2499,1815,633,46,5,2499,29,5,34,2533
02/16/2002,ATL,GA,ASO,ES,Combined TRACON& Tower with Radar,0,0,0,0,0,1702,507,32,3,2244,1702,507,32,3,2244,11,3,14,2258
02/17/2002,ATL,GA,ASO,ES,Combined TRACON& Tower with Radar,0,0,0,0,0,1756,518,19,0,2293,1756,518,19,0,2293,6,3,9,2302
02/18/2002,ATL,GA,ASO,ES,Combined TRACON& Tower with Radar,0,0,0,0,0,1643,476,30,0,2149,1643,476,30,0,2149,13,1,14,2163
02/19/2002,ATL,GA,ASO,ES,Combined TRACON& Tower with Radar,0,0,0,0,0,1791,572,54,3,2420,1791,572,54,3,2420,0,0,0,2420
02/20/2002,ATL,GA,ASO,ES,Combined TRACON& Tower with Radar,0,0,0,0,0,1799,626,31,6,2462,1799,626,31,6,2462,0,0,0,2462
02/21/2002,ATL,GA,ASO,ES,Combined TRACON& Tower with Radar,0,0,0,0,0,1815,640,75,9,2539,1815,640,75,9,2539,0,0,0,2539
02/22/2002,ATL,GA,ASO,ES,Combined TRACON& Tower with Radar,0,0,0,0,0,1811,636,90,20,2557,1811,636,90,20,2557,0,0,0,2557
02/23/2002,ATL,GA,ASO,ES,Combined TRACON& Tower with Radar,0,0,0,0,0,1799,578,40,2,2419,1799,578,40,2,2419,5,5,10,2429
02/24/2002,ATL,GA,ASO,ES,Combined TRACON& Tower with Radar,0,0,0,0,0,1806,544,45,5,2400,1806,544,45,5,2400,7,20,27,2427
02/25/2002,ATL,GA,ASO,ES,Combined TRACON& Tower with Radar,0,0,0,0,0,1803,573,63,3,2442,1803,573,63,3,2442,36,5,41,2483
02/26/2002,ATL,GA,ASO,ES,Combined TRACON& Tower with Radar,0,0,0,0,0,1785,620,79,11,2495,1785,620,79,11,2495,11,3,14,2509
02/27/2002,ATL,GA,ASO,ES,Combined TRACON& Tower with Radar,0,0,0,0,0,1801,641,99,22,2563,1801,641,99,22,2563,0,0,0,2563
02/28/2002,ATL,GA,ASO,ES,Combined TRACON& Tower with Radar,0,0,0,0,0,1818,635,93,3,2549,1818,635,93,3,2549,27,6,33,2582
03/01/2002,ATL,GA,ASO,ES,Combined TRACON& Tower with Radar,0,0,0,0,0,1820,610,80,14,2524,1820,610,80,14,2524,0,0,0,2524
03/02/2002,ATL,GA,ASO,ES,Combined TRACON& Tower with Radar,0,0,0,0,0,1678,484,33,6,2201,1678,484,33,6,2201,0,0,0,2201
03/03/2002,ATL,GA,ASO,ES,Combined TRACON& Tower with Radar,0,0,0,0,0,1750,524,32,7,2313,1750,524,32,7,2313,0,0,0,2313
03/04/2002,ATL,GA,ASO,ES,Combined TRACON& Tower with Radar,0,0,0,0,0,1778,575,72,5,2430,1778,575,72,5,2430,0,0,0,2430
03/05/2002,ATL,GA,ASO,ES,Combined TRACON& Tower with Radar,0,0,0,0,0,1804,686,69,7,2566,1804,686,69,7,2566,0,0,0,2566
03/06/2002,ATL,GA,ASO,ES,Combined TRACON& Tower with Radar,0,0,0,0,0,1814,644,72,14,2544,1814,644,72,14,2544,0,0,0,2544
03/07/2002,ATL,GA,ASO,ES,Combined TRACON& Tower with Radar,0,0,0,0,0,1841,656,90,9,2596,1841,656,90,9,2596,0,0,0,2596
03/08/2002,ATL,GA,ASO,ES,Combined TRACON& Tower with Radar,0,0,0,0,0,1827,623,102,16,2568,1827,623,102,16,2568,0,0,0,2568
03/09/2002,ATL,GA,ASO,ES,Combined TRACON& Tower with Radar,0,0,0,0,0,1733,514,74,8,2329,1733,514,74,8,2329,0,0,0,2329
03/10/2002,ATL,GA,ASO,ES,Combined TRACON& Tower with Radar,0,0,0,0,0,1778,532,82,9,2401,1778,532,82,9,2401,0,0,0,2401
03/11/2002,ATL,GA,ASO,ES,Combined TRACON& Tower with Radar,0,0,0,0,0,1806,574,85,10,2475,1806,574,85,10,2475,0,0,0,2475
03/12/2002,ATL,GA,ASO,ES,Combined TRACON& Tower with Radar,0,0,0,0,0,1660,583,56,7,2306,1660,583,56,7,2306,0,0,0,2306
03/13/2002,ATL,GA,ASO,ES,Combined TRACON& Tower with Radar,0,0,0,0,0,1875,666,99,20,2660,1875,666,99,20,2660,0,0,0,2660
03/14/2002,ATL,GA,ASO,ES,Combined TRACON& Tower with Radar,0,0,0,0,0,1840,661,111,16,2628,1840,661,111,16,2628,0,0,0,2628
03/15/2002,ATL,GA,ASO,ES,Combined TRACON& Tower with Radar,0,0,0,0,0,1809,616,81,6,2512,1809,616,81,6,2512,0,0,0,2512
03/16/2002,ATL,GA,ASO,ES,Combined TRACON& Tower with Radar,0,0,0,0,0,1762,496,40,8,2306,1762,496,40,8,2306,0,0,0,2306
03/17/2002,ATL,GA,ASO,ES,Combined TRACON& Tower with Radar,0,0,0,0,0,1747,541,77,6,2371,1747,541,77,6,2371,0,0,0,2371
03/18/2002,ATL,GA,ASO,ES,Combined TRACON& Tower with Radar,0,0,0,0,0,1807,612,75,15,2509,1807,612,75,15,2509,0,0,0,2509
03/19/2002,ATL,GA,ASO,ES,Combined TRACON& Tower with Radar,0,0,0,0,0,1800,664,92,15,2571,1800,664,92,15,2571,0,0,0,2571
03/20/2002,ATL,GA,ASO,ES,Combined TRACON& Tower with Radar,0,0,0,0,0,1836,658,72,17,2583,1836,658,72,17,2583,0,0,0,2583
03/21/2002,ATL,GA,ASO,ES,Combined TRACON& Tower with Radar,0,0,0,0,0,1861,668,80,18,2627,1861,668,80,18,2627,0,0,0,2627
03/22/2002,ATL,GA,ASO,ES,Combined TRACON& Tower with Radar,0,0,0,0,0,1835,649,90,18,2592,1835,649,90,18,2592,0,0,0,2592
03/23/2002,ATL,GA,ASO,ES,Combined TRACON& Tower with Radar,0,0,0,0,0,1777,520,75,20,2392,1777,520,75,20,2392,0,0,0,2392
03/24/2002,ATL,GA,ASO,ES,Combined TRACON& Tower with Radar,0,0,0,0,0,1773,532,86,9,2400,1773,532,86,9,2400,0,0,0,2400
03/25/2002,ATL,GA,ASO,ES,Combined TRACON& Tower with Radar,0,0,0,0,0,1809,594,81,9,2493,1809,594,81,9,2493,0,0,0,2493
03/26/2002,ATL,GA,ASO,ES,Combined TRACON& Tower with Radar,0,0,0,0,0,1769,636,46,19,2470,1769,636,46,19,2470,0,0,0,2470
03/27/2002,ATL,GA,ASO,ES,Combined TRACON& Tower with Radar,0,0,0,0,0,1857,694,113,18,2682,1857,694,113,18,2682,0,0,0,2682
03/28/2002,ATL,GA,ASO,ES,Combined TRACON& Tower with Radar,0,0,0,0,0,1848,660,86,8,2602,1848,660,86,8,2602,0,0,0,2602
03/29/2002,ATL,GA,ASO,ES,Combined TRACON& Tower with Radar,0,0,0,0,0,1839,652,109,5,2605,1839,652,109,5,2605,0,0,0,2605
03/30/2002,ATL,GA,ASO,ES,Combined TRACON& Tower with Radar,0,0,0,0,0,1688,507,78,8,2281,1688,507,78,8,2281,0,0,0,2281
03/31/2002,ATL,GA,ASO,ES,Combined TRACON& Tower with Radar,0,0,0,0,0,1817,553,33,5,2408,1817,553,33,5,2408,0,0,0,2408
04/01/2002,ATL,GA,ASO,ES,Combined TRACON& Tower with Radar,0,0,0,0,0,1829,625,136,14,2604,1829,625,136,14,2604,0,0,0,2604
04/02/2002,ATL,GA,ASO,ES,Combined TRACON& Tower with Radar,0,0,0,0,0,1828,703,106,8,2645,1828,703,106,8,2645,0,0,0,2645
04/03/2002,ATL,GA,ASO,ES,Combined TRACON& Tower with Radar,0,0,0,0,0,1817,657,70,7,2551,1817,657,70,7,2551,0,0,0,2551
04/04/2002,ATL,GA,ASO,ES,Combined TRACON& Tower with Radar,0,0,0,0,0,1805,652,75,11,2543,1805,652,75,11,2543,0,0,0,2543
04/05/2002,ATL,GA,ASO,ES,Combined TRACON& Tower with Radar,0,0,0,0,0,1832,653,98,13,2596,1832,653,98,13,2596,0,0,0,2596
04/06/2002,ATL,GA,ASO,ES,Combined TRACON& Tower with Radar,0,0,0,0,0,1730,574,121,11,2436,1730,574,121,11,2436,0,0,0,2436
04/07/2002,ATL,GA,ASO,ES,Combined TRACON& Tower with Radar,0,0,0,0,0,1787,562,44,7,2400,1787,562,44,7,2400,23,3,26,2426
04/08/2002,ATL,GA,ASO,ES,Combined TRACON& Tower with Radar,0,0,0,0,0,1811,607,105,16,2539,1811,607,105,16,2539,0,0,0,2539
04/09/2002,ATL,GA,ASO,ES,Combined TRACON& Tower with Radar,0,0,0,0,0,1815,677,74,14,2580,1815,677,74,14,2580,5,0,5,2585
04/10/2002,ATL,GA,ASO,ES,Combined TRACON& Tower with Radar,0,0,0,0,0,1837,676,128,12,2653,1837,676,128,12,2653,0,0,0,2653
04/11/2002,ATL,GA,ASO,ES,Combined TRACON& Tower with Radar,0,0,0,0,0,1829,672,114,13,2628,1829,672,114,13,2628,0,0,0,2628
04/12/2002,ATL,GA,ASO,ES,Combined TRACON& Tower with Radar,0,0,0,0,0,1825,650,104,7,2586,1825,650,104,7,2586,0,0,0,2586
04/13/2002,ATL,GA,ASO,ES,Combined TRACON& Tower with Radar,0,0,0,0,0,1485,462,60,4,2011,1485,462,60,4,2011,0,0,0,2011
04/14/2002,ATL,GA,ASO,ES,Combined TRACON& Tower with Radar,0,0,0,0,0,2084,697,87,10,2878,2084,697,87,10,2878,0,0,0,2878
04/15/2002,ATL,GA,ASO,ES,Combined TRACON& Tower with Radar,0,0,0,0,0,1811,619,91,14,2535,1811,619,91,14,2535,0,0,0,2535
04/16/2002,ATL,GA,ASO,ES,Combined TRACON& Tower with Radar,0,0,0,0,0,1761,627,77,9,2474,1761,627,77,9,2474,48,6,54,2528
04/17/2002,ATL,GA,ASO,ES,Combined TRACON& Tower with Radar,0,0,0,0,0,1833,672,121,11,2637,1833,672,121,11,2637,0,0,0,2637
04/18/2002,ATL,GA,ASO,ES,Combined TRACON& Tower with Radar,0,0,0,0,0,1807,658,98,16,2579,1807,658,98,16,2579,0,0,0,2579
04/19/2002,ATL,GA,ASO,ES,Combined TRACON& Tower with Radar,0,0,0,0,0,1792,664,60,9,2525,1792,664,60,9,2525,36,5,41,2566
04/20/2002,ATL,GA,ASO,ES,Combined TRACON& Tower with Radar,0,0,0,0,0,1774,560,84,5,2423,1774,560,84,5,2423,0,0,0,2423
04/21/2002,ATL,GA,ASO,ES,Combined TRACON& Tower with Radar,0,0,0,0,0,1784,576,93,13,2466,1784,576,93,13,2466,0,0,0,2466
04/22/2002,ATL,GA,ASO,ES,Combined TRACON& Tower with Radar,0,0,0,0,0,1809,606,56,6,2477,1809,606,56,6,2477,12,5,17,2494
04/23/2002,ATL,GA,ASO,ES,Combined TRACON& Tower with Radar,0,0,0,0,0,1821,681,109,13,2624,1821,681,109,13,2624,0,0,0,2624
04/24/2002,ATL,GA,ASO,ES,Combined TRACON& Tower with Radar,0,0,0,0,0,1816,699,84,14,2613,1816,699,84,14,2613,0,0,0,2613
04/25/2002,ATL,GA,ASO,ES,Combined TRACON& Tower with Radar,0,0,0,0,0,1835,693,104,18,2650,1835,693,104,18,2650,0,0,0,2650
04/26/2002,ATL,GA,ASO,ES,Combined TRACON& Tower with Radar,0,0,0,0,0,1835,683,90,9,2617,1835,683,90,9,2617,0,0,0,2617
04/27/2002,ATL,GA,ASO,ES,Combined TRACON& Tower with Radar,0,0,0,0,0,1754,562,48,8,2372,1754,562,48,8,2372,0,0,0,2372
04/28/2002,ATL,GA,ASO,ES,Combined TRACON& Tower with Radar,0,0,0,0,0,1732,579,81,5,2397,1732,579,81,5,2397,0,0,0,2397
04/29/2002,ATL,GA,ASO,ES,Combined TRACON& Tower with Radar,0,0,0,0,0,1777,615,97,8,2497,1777,615,97,8,2497,0,0,0,2497
04/30/2002,ATL,GA,ASO,ES,Combined TRACON& Tower with Radar,0,0,0,0,0,1840,705,140,15,2700,1840,705,140,15,2700,0,0,0,2700
05/01/2002,ATL,GA,ASO,ES,Combined TRACON& Tower with Radar,0,0,0,0,0,1840,665,61,6,2572,1840,665,61,6,2572,0,0,0,2572
05/02/2002,ATL,GA,ASO,ES,Combined TRACON& Tower with Radar,0,0,0,0,0,1686,622,58,4,2370,1686,622,58,4,2370,0,0,0,2370
05/03/2002,ATL,GA,ASO,ES,Combined TRACON& Tower with Radar,0,0,0,0,0,1774,578,64,8,2424,1774,578,64,8,2424,0,0,0,2424
05/04/2002,ATL,GA,ASO,ES,Combined TRACON& Tower with Radar,0,0,0,0,0,1698,510,35,0,2243,1698,510,35,0,2243,0,0,0,2243
05/05/2002,ATL,GA,ASO,ES,Combined TRACON& Tower with Radar,0,0,0,0,0,1772,556,42,6,2376,1772,556,42,6,2376,0,0,0,2376
05/06/2002,ATL,GA,ASO,ES,Combined TRACON& Tower with Radar,0,0,0,0,0,1810,589,62,0,2461,1810,589,62,0,2461,0,0,0,2461
05/07/2002,ATL,GA,ASO,ES,Combined TRACON& Tower with Radar,0,0,0,0,0,1801,656,60,2,2519,1801,656,60,2,2519,0,0,0,2519
05/08/2002,ATL,GA,ASO,ES,Combined TRACON& Tower with Radar,0,0,0,0,0,1819,644,66,2,2531,1819,644,66,2,2531,0,0,0,2531
05/09/2002,ATL,GA,ASO,ES,Combined TRACON& Tower with Radar,0,0,0,0,0,1812,629,56,14,2511,1812,629,56,14,2511,0,0,0,2511
05/10/2002,ATL,GA,ASO,ES,Combined TRACON& Tower with Radar,0,0,0,0,0,1846,654,59,6,2565,1846,654,59,6,2565,0,0,0,2565
05/11/2002,ATL,GA,ASO,ES,Combined TRACON& Tower with Radar,0,0,0,0,0,1721,525,30,2,2278,1721,525,30,2,2278,0,0,0,2278
05/12/2002,ATL,GA,ASO,ES,Combined TRACON& Tower with Radar,0,0,0,0,0,1758,533,38,1,2330,1758,533,38,1,2330,0,0,0,2330
05/13/2002,ATL,GA,ASO,ES,Combined TRACON& Tower with Radar,0,0,0,0,0,1755,576,51,1,2383,1755,576,51,1,2383,0,0,0,2383
05/14/2002,ATL,GA,ASO,ES,Combined TRACON& Tower with Radar,0,0,0,0,0,1838,690,77,12,2617,1838,690,77,12,2617,28,6,34,2651
05/15/2002,ATL,GA,ASO,ES,Combined TRACON& Tower with Radar,0,0,0,0,0,1816,671,60,8,2555,1816,671,60,8,2555,0,0,0,2555
05/16/2002,ATL,GA,ASO,ES,Combined TRACON& Tower with Radar,0,0,0,0,0,1830,666,53,8,2557,1830,666,53,8,2557,0,0,0,2557
05/17/2002,ATL,GA,ASO,ES,Combined TRACON& Tower with Radar,0,0,0,0,0,1822,629,57,12,2520,1822,629,57,12,2520,0,0,0,2520
05/18/2002,ATL,GA,ASO,ES,Combined TRACON& Tower with Radar,0,0,0,0,0,1723,548,20,4,2295,1723,548,20,4,2295,0,0,0,2295
05/19/2002,ATL,GA,ASO,ES,Combined TRACON& Tower with Radar,0,0,0,0,0,1773,557,21,4,2355,1773,557,21,4,2355,0,0,0,2355
05/20/2002,ATL,GA,ASO,ES,Combined TRACON& Tower with Radar,0,0,0,0,0,1807,605,54,2,2468,1807,605,54,2,2468,0,0,0,2468
05/21/2002,ATL,GA,ASO,ES,Combined TRACON& Tower with Radar,0,0,0,0,0,1807,687,61,4,2559,1807,687,61,4,2559,0,0,0,2559
05/22/2002,ATL,GA,ASO,ES,Combined TRACON& Tower with Radar,0,0,0,0,0,1827,699,52,6,2584,1827,699,52,6,2584,0,0,0,2584
05/23/2002,ATL,GA,ASO,ES,Combined TRACON& Tower with Radar,0,0,0,0,0,1839,651,70,9,2569,1839,651,70,9,2569,0,0,0,2569
05/24/2002,ATL,GA,ASO,ES,Combined TRACON& Tower with Radar,0,0,0,0,0,1836,637,36,9,2518,1836,637,36,9,2518,0,0,0,2518
05/25/2002,ATL,GA,ASO,ES,Combined TRACON& Tower with Radar,0,0,0,0,0,1709,539,12,3,2263,1709,539,12,3,2263,0,0,0,2263
05/26/2002,ATL,GA,ASO,ES,Combined TRACON& Tower with Radar,0,0,0,0,0,1745,537,10,1,2293,1745,537,10,1,2293,0,0,0,2293
05/27/2002,ATL,GA,ASO,ES,Combined TRACON& Tower with Radar,0,0,0,0,0,1781,557,15,1,2354,1781,557,15,1,2354,0,0,0,2354
05/28/2002,ATL,GA,ASO,ES,Combined TRACON& Tower with Radar,0,0,0,0,0,1799,610,45,7,2461,1799,610,45,7,2461,0,0,0,2461
05/29/2002,ATL,GA,ASO,ES,Combined TRACON& Tower with Radar,0,0,0,0,0,1852,695,55,6,2608,1852,695,55,6,2608,0,0,0,2608
05/30/2002,ATL,GA,ASO,ES,Combined TRACON& Tower with Radar,0,0,0,0,0,1822,675,41,6,2544,1822,675,41,6,2544,0,0,0,2544
05/31/2002,ATL,GA,ASO,ES,Combined TRACON& Tower with Radar,0,0,0,0,0,1833,651,37,4,2525,1833,651,37,4,2525,0,0,0,2525
06/01/2002,ATL,GA,ASO,ES,Combined TRACON& Tower with Radar,0,0,0,0,0,1819,508,27,2,2356,1819,508,27,2,2356,0,0,0,2356
06/02/2002,ATL,GA,ASO,ES,Combined TRACON& Tower with Radar,0,0,0,0,0,1790,571,26,0,2387,1790,571,26,0,2387,9,0,9,2396
06/03/2002,ATL,GA,ASO,ES,Combined TRACON& Tower with Radar,0,0,0,0,0,1810,635,22,0,2467,1810,635,22,0,2467,13,2,15,2482
06/04/2002,ATL,GA,ASO,ES,Combined TRACON& Tower with Radar,0,0,0,0,0,1624,595,30,0,2249,1624,595,30,0,2249,0,0,0,2249
06/05/2002,ATL,GA,ASO,ES,Combined TRACON& Tower with Radar,0,0,0,0,0,1943,722,55,5,2725,1943,722,55,5,2725,14,5,19,2744
06/06/2002,ATL,GA,ASO,ES,Combined TRACON& Tower with Radar,0,0,0,0,0,1778,652,32,4,2466,1778,652,32,4,2466,0,0,0,2466
06/07/2002,ATL,GA,ASO,ES,Combined TRACON& Tower with Radar,0,0,0,0,0,1924,710,48,3,2685,1924,710,48,3,2685,0,0,0,2685
06/08/2002,ATL,GA,ASO,ES,Combined TRACON& Tower with Radar,0,0,0,0,0,1852,519,20,3,2394,1852,519,20,3,2394,0,0,0,2394
06/09/2002,ATL,GA,ASO,ES,Combined TRACON& Tower with Radar,0,0,0,0,0,1803,584,32,0,2419,1803,584,32,0,2419,0,0,0,2419
06/10/2002,ATL,GA,ASO,ES,Combined TRACON& Tower with Radar,0,0,0,0,0,1815,644,39,0,2498,1815,644,39,0,2498,0,0,0,2498
06/11/2002,ATL,GA,ASO,ES,Combined TRACON& Tower with Radar,0,0,0,0,0,1843,674,42,3,2562,1843,674,42,3,2562,0,0,0,2562
06/12/2002,ATL,GA,ASO,ES,Combined TRACON& Tower with Radar,0,0,0,0,0,1819,696,46,0,2561,1819,696,46,0,2561,0,0,0,2561
06/13/2002,ATL,GA,ASO,ES,Combined TRACON& Tower with Radar,0,0,0,0,0,1842,685,57,5,2589,1842,685,57,5,2589,0,0,0,2589
06/14/2002,ATL,GA,ASO,ES,Combined TRACON& Tower with Radar,0,0,0,0,0,1824,655,28,0,2507,1824,655,28,0,2507,13,6,19,2526
06/15/2002,ATL,GA,ASO,ES,Combined TRACON& Tower with Radar,0,0,0,0,0,1824,655,43,6,2528,1824,655,43,6,2528,0,0,0,2528
06/16/2002,ATL,GA,ASO,ES,Combined TRACON& Tower with Radar,0,0,0,0,0,1802,577,19,3,2401,1802,577,19,3,2401,5,0,5,2406
06/17/2002,ATL,GA,ASO,ES,Combined TRACON& Tower with Radar,0,0,0,0,0,1827,643,33,5,2508,1827,643,33,5,2508,14,5,19,2527
06/18/2002,ATL,GA,ASO,ES,Combined TRACON& Tower with Radar,0,0,0,0,0,1848,700,44,4,2596,1848,700,44,4,2596,0,0,0,2596
06/19/2002,ATL,GA,ASO,ES,Combined TRACON& Tower with Radar,0,0,0,0,0,1817,710,45,9,2581,1817,710,45,9,2581,0,0,0,2581
06/20/2002,ATL,GA,ASO,ES,Combined TRACON& Tower with Radar,0,0,0,0,0,1844,732,52,6,2634,1844,732,52,6,2634,0,0,0,2634
06/21/2002,ATL,GA,ASO,ES,Combined TRACON& Tower with Radar,0,0,0,0,0,1856,694,61,2,2613,1856,694,61,2,2613,0,0,0,2613
06/22/2002,ATL,GA,ASO,ES,Combined TRACON& Tower with Radar,0,0,0,0,0,1779,592,16,1,2388,1779,592,16,1,2388,0,0,0,2388
06/23/2002,ATL,GA,ASO,ES,Combined TRACON& Tower with Radar,0,0,0,0,0,1790,578,18,0,2386,1790,578,18,0,2386,0,0,0,2386
06/24/2002,ATL,GA,ASO,ES,Combined TRACON& Tower with Radar,0,0,0,0,0,1897,602,41,8,2548,1897,602,41,8,2548,0,0,0,2548
06/25/2002,ATL,GA,ASO,ES,Combined TRACON& Tower with Radar,0,0,0,0,0,1824,695,37,1,2557,1824,695,37,1,2557,0,0,0,2557
06/26/2002,ATL,GA,ASO,ES,Combined TRACON& Tower with Radar,0,0,0,0,0,1813,691,56,4,2564,1813,691,56,4,2564,0,0,0,2564
06/27/2002,ATL,GA,ASO,ES,Combined TRACON& Tower with Radar,0,0,0,0,0,1763,665,36,4,2468,1763,665,36,4,2468,0,0,0,2468
06/28/2002,ATL,GA,ASO,ES,Combined TRACON& Tower with Radar,0,0,0,0,0,1946,725,46,3,2720,1946,725,46,3,2720,0,0,0,2720
06/29/2002,ATL,GA,ASO,ES,Combined TRACON& Tower with Radar,0,0,0,0,0,1787,582,29,2,2400,1787,582,29,2,2400,0,0,0,2400
06/30/2002,ATL,GA,ASO,ES,Combined TRACON& Tower with Radar,0,0,0,0,0,1415,472,12,2,1901,1415,472,12,2,1901,1,7,8,1909
07/01/2002,ATL,GA,ASO,ES,Combined TRACON& Tower with Radar,0,0,0,0,0,1415,475,13,9,1912,1415,475,13,9,1912,0,0,0,1912
07/02/2002,ATL,GA,ASO,ES,Combined TRACON& Tower with Radar,0,0,0,0,0,1877,606,29,6,2518,1877,606,29,6,2518,0,0,0,2518
07/03/2002,ATL,GA,ASO,ES,Combined TRACON& Tower with Radar,0,0,0,0,0,1867,728,27,2,2624,1867,728,27,2,2624,0,0,0,2624
07/04/2002,ATL,GA,ASO,ES,Combined TRACON& Tower with Radar,0,0,0,0,0,1465,560,13,10,2048,1465,560,13,10,2048,0,0,0,2048
07/05/2002,ATL,GA,ASO,ES,Combined TRACON& Tower with Radar,0,0,0,0,0,1537,537,14,0,2088,1537,537,14,0,2088,3,5,8,2096
07/06/2002,ATL,GA,ASO,ES,Combined TRACON& Tower with Radar,0,0,0,0,0,1748,565,22,0,2335,1748,565,22,0,2335,0,0,0,2335
07/07/2002,ATL,GA,ASO,ES,Combined TRACON& Tower with Radar,0,0,0,0,0,1794,592,24,1,2411,1794,592,24,1,2411,0,0,0,2411
07/08/2002,ATL,GA,ASO,ES,Combined TRACON& Tower with Radar,0,0,0,0,0,1827,659,54,6,2546,1827,659,54,6,2546,0,0,0,2546
07/09/2002,ATL,GA,ASO,ES,Combined TRACON& Tower with Radar,0,0,0,0,0,1823,720,59,2,2604,1823,720,59,2,2604,0,0,0,2604
07/10/2002,ATL,GA,ASO,ES,Combined TRACON& Tower with Radar,0,0,0,0,0,1844,727,33,0,2604,1844,727,33,0,2604,0,0,0,2604
07/11/2002,ATL,GA,ASO,ES,Combined TRACON& Tower with Radar,0,0,0,0,0,1842,720,36,3,2601,1842,720,36,3,2601,0,0,0,2601
07/12/2002,ATL,GA,ASO,ES,Combined TRACON& Tower with Radar,0,0,0,0,0,1849,714,37,4,2604,1849,714,37,4,2604,0,0,0,2604
07/13/2002,ATL,GA,ASO,ES,Combined TRACON& Tower with Radar,0,0,0,0,0,1759,567,10,1,2337,1759,567,10,1,2337,0,0,0,2337
07/14/2002,ATL,GA,ASO,ES,Combined TRACON& Tower with Radar,0,0,0,0,0,1872,530,33,0,2435,1872,530,33,0,2435,0,0,0,2435
07/15/2002,ATL,GA,ASO,ES,Combined TRACON& Tower with Radar,0,0,0,0,0,1816,665,60,1,2542,1816,665,60,1,2542,0,0,0,2542
07/16/2002,ATL,GA,ASO,ES,Combined TRACON& Tower with Radar,0,0,0,0,0,1857,713,43,7,2620,1857,713,43,7,2620,0,0,0,2620
07/17/2002,ATL,GA,ASO,ES,Combined TRACON& Tower with Radar,0,0,0,0,0,1847,729,36,6,2618,1847,729,36,6,2618,0,0,0,2618
07/18/2002,ATL,GA,ASO,ES,Combined TRACON& Tower with Radar,0,0,0,0,0,1858,717,43,5,2623,1858,717,43,5,2623,0,0,0,2623
07/19/2002,ATL,GA,ASO,ES,Combined TRACON& Tower with Radar,0,0,0,0,0,1804,680,52,5,2541,1804,680,52,5,2541,0,0,0,2541
07/20/2002,ATL,GA,ASO,ES,Combined TRACON& Tower with Radar,0,0,0,0,0,1779,583,23,2,2387,1779,583,23,2,2387,0,0,0,2387
07/21/2002,ATL,GA,ASO,ES,Combined TRACON& Tower with Radar,0,0,0,0,0,1791,591,10,3,2395,1791,591,10,3,2395,0,0,0,2395
07/22/2002,ATL,GA,ASO,ES,Combined TRACON& Tower with Radar,0,0,0,0,0,1724,632,41,4,2401,1724,632,41,4,2401,0,0,0,2401
07/23/2002,ATL,GA,ASO,ES,Combined TRACON& Tower with Radar,0,0,0,0,0,1662,636,34,5,2337,1662,636,34,5,2337,0,0,0,2337
07/24/2002,ATL,GA,ASO,ES,Combined TRACON& Tower with Radar,0,0,0,0,0,1938,780,63,3,2784,1938,780,63,3,2784,0,0,0,2784
07/25/2002,ATL,GA,ASO,ES,Combined TRACON& Tower with Radar,0,0,0,0,0,1717,640,36,8,2401,1717,640,36,8,2401,0,0,0,2401
07/26/2002,ATL,GA,ASO,ES,Combined TRACON& Tower with Radar,0,0,0,0,0,1828,691,38,3,2560,1828,691,38,3,2560,0,0,0,2560
07/27/2002,ATL,GA,ASO,ES,Combined TRACON& Tower with Radar,0,0,0,0,0,1791,577,20,0,2388,1791,577,20,0,2388,0,0,0,2388
07/28/2002,ATL,GA,ASO,ES,Combined TRACON& Tower with Radar,0,0,0,0,0,1792,605,28,1,2426,1792,605,28,1,2426,0,0,0,2426
07/29/2002,ATL,GA,ASO,ES,Combined TRACON& Tower with Radar,0,0,0,0,0,1822,650,31,0,2503,1822,650,31,0,2503,26,3,29,2532
07/30/2002,ATL,GA,ASO,ES,Combined TRACON& Tower with Radar,0,0,0,0,0,1815,693,17,6,2531,1815,693,17,6,2531,0,0,0,2531
07/31/2002,ATL,GA,ASO,ES,Combined TRACON& Tower with Radar,0,0,0,0,0,1425,565,45,5,2040,1425,565,45,5,2040,0,0,0,2040
08/01/2002,ATL,GA,ASO,ES,Combined TRACON& Tower with Radar,0,0,0,0,0,1851,731,35,6,2623,1851,731,35,6,2623,0,0,0,2623
08/02/2002,ATL,GA,ASO,ES,Combined TRACON& Tower with Radar,0,0,0,0,0,1829,695,51,0,2575,1829,695,51,0,2575,0,0,0,2575
08/03/2002,ATL,GA,ASO,ES,Combined TRACON& Tower with Radar,0,0,0,0,0,1766,581,25,2,2374,1766,581,25,2,2374,0,0,0,2374
08/04/2002,ATL,GA,ASO,ES,Combined TRACON& Tower with Radar,0,0,0,0,0,1785,621,18,1,2425,1785,621,18,1,2425,0,0,0,2425
08/05/2002,ATL,GA,ASO,ES,Combined TRACON& Tower with Radar,0,0,0,0,0,1797,675,24,1,2497,1797,675,24,1,2497,0,0,0,2497
08/06/2002,ATL,GA,ASO,ES,Combined TRACON& Tower with Radar,0,0,0,0,0,1836,745,47,4,2632,1836,745,47,4,2632,0,0,0,2632
08/07/2002,ATL,GA,ASO,ES,Combined TRACON& Tower with Radar,0,0,0,0,0,1828,746,27,0,2601,1828,746,27,0,2601,14,4,18,2619
08/08/2002,ATL,GA,ASO,ES,Combined TRACON& Tower with Radar,0,0,0,0,0,1841,726,24,4,2595,1841,726,24,4,2595,16,4,20,2615
08/09/2002,ATL,GA,ASO,ES,Combined TRACON& Tower with Radar,0,0,0,0,0,1843,719,38,4,2604,1843,719,38,4,2604,0,0,0,2604
08/10/2002,ATL,GA,ASO,ES,Combined TRACON& Tower with Radar,0,0,0,0,0,1675,556,20,0,2251,1675,556,20,0,2251,0,0,0,2251
08/11/2002,ATL,GA,ASO,ES,Combined TRACON& Tower with Radar,0,0,0,0,0,1804,604,17,0,2425,1804,604,17,0,2425,0,0,0,2425
08/12/2002,ATL,GA,ASO,ES,Combined TRACON& Tower with Radar,0,0,0,0,0,1842,668,29,3,2542,1842,668,29,3,2542,0,0,0,2542
08/13/2002,ATL,GA,ASO,ES,Combined TRACON& Tower with Radar,0,0,0,0,0,1799,720,40,3,2562,1799,720,40,3,2562,0,0,0,2562
08/14/2002,ATL,GA,ASO,ES,Combined TRACON& Tower with Radar,0,0,0,0,0,1825,721,46,8,2600,1825,721,46,8,2600,0,0,0,2600
08/15/2002,ATL,GA,ASO,ES,Combined TRACON& Tower with Radar,0,0,0,0,0,1801,689,34,6,2530,1801,689,34,6,2530,0,0,0,2530
08/16/2002,ATL,GA,ASO,ES,Combined TRACON& Tower with Radar,0,0,0,0,0,1857,724,47,2,2630,1857,724,47,2,2630,0,0,0,2630
08/17/2002,ATL,GA,ASO,ES,Combined TRACON& Tower with Radar,0,0,0,0,0,1768,590,22,4,2384,1768,590,22,4,2384,0,0,0,2384
08/18/2002,ATL,GA,ASO,ES,Combined TRACON& Tower with Radar,0,0,0,0,0,1767,577,23,1,2368,1767,577,23,1,2368,0,0,0,2368
08/19/2002,ATL,GA,ASO,ES,Combined TRACON& Tower with Radar,0,0,0,0,0,1810,671,59,2,2542,1810,671,59,2,2542,0,0,0,2542
08/20/2002,ATL,GA,ASO,ES,Combined TRACON& Tower with Radar,0,0,0,0,0,1848,743,48,1,2640,1848,743,48,1,2640,0,0,0,2640
08/21/2002,ATL,GA,ASO,ES,Combined TRACON& Tower with Radar,0,0,0,0,0,1832,721,49,1,2603,1832,721,49,1,2603,22,6,28,2631
08/22/2002,ATL,GA,ASO,ES,Combined TRACON& Tower with Radar,0,0,0,0,0,1834,714,31,2,2581,1834,714,31,2,2581,0,0,0,2581
08/23/2002,ATL,GA,ASO,ES,Combined TRACON& Tower with Radar,0,0,0,0,0,1834,720,36,5,2595,1834,720,36,5,2595,0,0,0,2595
08/24/2002,ATL,GA,ASO,ES,Combined TRACON& Tower with Radar,0,0,0,0,0,1758,591,24,3,2376,1758,591,24,3,2376,0,0,0,2376
08/25/2002,ATL,GA,ASO,ES,Combined TRACON& Tower with Radar,0,0,0,0,0,1799,605,19,0,2423,1799,605,19,0,2423,0,0,0,2423
08/26/2002,ATL,GA,ASO,ES,Combined TRACON& Tower with Radar,0,0,0,0,0,1829,646,42,3,2520,1829,646,42,3,2520,0,0,0,2520
08/27/2002,ATL,GA,ASO,ES,Combined TRACON& Tower with Radar,0,0,0,0,0,1837,727,26,7,2597,1837,727,26,7,2597,0,0,0,2597
08/28/2002,ATL,GA,ASO,ES,Combined TRACON& Tower with Radar,0,0,0,0,0,1831,741,35,2,2609,1831,741,35,2,2609,18,5,23,2632
08/29/2002,ATL,GA,ASO,ES,Combined TRACON& Tower with Radar,0,0,0,0,0,1845,725,35,17,2622,1845,725,35,17,2622,0,0,0,2622
08/30/2002,ATL,GA,ASO,ES,Combined TRACON& Tower with Radar,0,0,0,0,0,1849,730,25,0,2604,1849,730,25,0,2604,0,0,0,2604
08/31/2002,ATL,GA,ASO,ES,Combined TRACON& Tower with Radar,0,0,0,0,0,1849,736,32,3,2620,1849,736,32,3,2620,0,0,0,2620
09/01/2002,ATL,GA,ASO,ES,Combined TRACON& Tower with Radar,0,0,0,0,0,1457,441,8,2,1908,1457,441,8,2,1908,0,0,0,1908
09/02/2002,ATL,GA,ASO,ES,Combined TRACON& Tower with Radar,0,0,0,0,0,1677,507,20,2,2206,1677,507,20,2,2206,0,0,0,2206
09/03/2002,ATL,GA,ASO,ES,Combined TRACON& Tower with Radar,0,0,0,0,0,1807,601,40,0,2448,1807,601,40,0,2448,0,0,0,2448
09/04/2002,ATL,GA,ASO,ES,Combined TRACON& Tower with Radar,0,0,0,0,0,1812,653,50,6,2521,1812,653,50,6,2521,0,0,0,2521
09/05/2002,ATL,GA,ASO,ES,Combined TRACON& Tower with Radar,0,0,0,0,0,1812,621,36,9,2478,1812,621,36,9,2478,0,0,0,2478
09/06/2002,ATL,GA,ASO,ES,Combined TRACON& Tower with Radar,0,0,0,0,0,1823,642,38,10,2513,1823,642,38,10,2513,0,0,0,2513
09/07/2002,ATL,GA,ASO,ES,Combined TRACON& Tower with Radar,0,0,0,0,0,1669,528,18,3,2218,1669,528,18,3,2218,0,0,0,2218
09/08/2002,ATL,GA,ASO,ES,Combined TRACON& Tower with Radar,0,0,0,0,0,1768,535,30,3,2336,1768,535,30,3,2336,0,0,0,2336
09/09/2002,ATL,GA,ASO,ES,Combined TRACON& Tower with Radar,0,0,0,0,0,1786,594,39,8,2427,1786,594,39,8,2427,0,0,0,2427
09/10/2002,ATL,GA,ASO,ES,Combined TRACON& Tower with Radar,0,0,0,0,0,1458,562,43,4,2067,1458,562,43,4,2067,0,0,0,2067
09/11/2002,ATL,GA,ASO,ES,Combined TRACON& Tower with Radar,0,0,0,0,0,1411,560,43,5,2019,1411,560,43,5,2019,0,0,0,2019
09/12/2002,ATL,GA,ASO,ES,Combined TRACON& Tower with Radar,0,0,0,0,0,1619,589,67,6,2281,1619,589,67,6,2281,0,0,0,2281
09/13/2002,ATL,GA,ASO,ES,Combined TRACON& Tower with Radar,0,0,0,0,0,1813,653,47,1,2514,1813,653,47,1,2514,0,0,0,2514
09/14/2002,ATL,GA,ASO,ES,Combined TRACON& Tower with Radar,0,0,0,0,0,1626,515,4,2,2147,1626,515,4,2,2147,0,0,0,2147
09/15/2002,ATL,GA,ASO,ES,Combined TRACON& Tower with Radar,0,0,0,0,0,1756,515,16,4,2291,1756,515,16,4,2291,0,0,0,2291
09/16/2002,ATL,GA,ASO,ES,Combined TRACON& Tower with Radar,0,0,0,0,0,1798,607,30,5,2440,1798,607,30,5,2440,0,0,0,2440
09/17/2002,ATL,GA,ASO,ES,Combined TRACON& Tower with Radar,0,0,0,0,0,1821,646,33,5,2505,1821,646,33,5,2505,0,0,0,2505
09/18/2002,ATL,GA,ASO,ES,Combined TRACON& Tower with Radar,0,0,0,0,0,1812,669,62,3,2546,1812,669,62,3,2546,0,0,0,2546
09/19/2002,ATL,GA,ASO,ES,Combined TRACON& Tower with Radar,0,0,0,0,0,1834,653,31,3,2521,1834,653,31,3,2521,0,0,0,2521
09/20/2002,ATL,GA,ASO,ES,Combined TRACON& Tower with Radar,0,0,0,0,0,1845,650,34,4,2533,1845,650,34,4,2533,0,0,0,2533
09/21/2002,ATL,GA,ASO,ES,Combined TRACON& Tower with Radar,0,0,0,0,0,1648,510,18,1,2177,1648,510,18,1,2177,0,0,0,2177
09/22/2002,ATL,GA,ASO,ES,Combined TRACON& Tower with Radar,0,0,0,0,0,1803,565,16,1,2385,1803,565,16,1,2385,0,0,0,2385
09/23/2002,ATL,GA,ASO,ES,Combined TRACON& Tower with Radar,0,0,0,0,0,1797,608,55,2,2462,1797,608,55,2,2462,0,0,0,2462
09/24/2002,ATL,GA,ASO,ES,Combined TRACON& Tower with Radar,0,0,0,0,0,1802,641,41,3,2487,1802,641,41,3,2487,0,0,0,2487
09/25/2002,ATL,GA,ASO,ES,Combined TRACON& Tower with Radar,0,0,0,0,0,1706,597,37,0,2340,1706,597,37,0,2340,0,0,0,2340
09/26/2002,ATL,GA,ASO,ES,Combined TRACON& Tower with Radar,0,0,0,0,0,1780,639,36,0,2455,1780,639,36,0,2455,0,0,0,2455
09/27/2002,ATL,GA,ASO,ES,Combined TRACON& Tower with Radar,0,0,0,0,0,1840,685,41,4,2570,1840,685,41,4,2570,0,0,0,2570
09/28/2002,ATL,GA,ASO,ES,Combined TRACON& Tower with Radar,0,0,0,0,0,1674,535,25,3,2237,1674,535,25,3,2237,0,0,0,2237
09/29/2002,ATL,GA,ASO,ES,Combined TRACON& Tower with Radar,0,0,0,0,0,1773,537,22,1,2333,1773,537,22,1,2333,0,0,0,2333
09/30/2002,ATL,GA,ASO,ES,Combined TRACON& Tower with Radar,0,0,0,0,0,1798,593,47,4,2442,1798,593,47,4,2442,0,0,0,2442
10/01/2002,ATL,GA,ASO,ES,Combined TRACON& Tower with Radar,0,0,0,0,0,1851,639,45,0,2535,1851,639,45,0,2535,0,0,0,2535
10/02/2002,ATL,GA,ASO,ES,Combined TRACON& Tower with Radar,0,0,0,0,0,1852,630,45,4,2531,1852,630,45,4,2531,0,0,0,2531
10/03/2002,ATL,GA,ASO,ES,Combined TRACON& Tower with Radar,0,0,0,0,0,1806,579,47,5,2437,1806,579,47,5,2437,0,0,0,2437
10/04/2002,ATL,GA,ASO,ES,Combined TRACON& Tower with Radar,0,0,0,0,0,1857,579,48,6,2490,1857,579,48,6,2490,0,0,0,2490
10/05/2002,ATL,GA,ASO,ES,Combined TRACON& Tower with Radar,0,0,0,0,0,1720,500,15,6,2241,1720,500,15,6,2241,0,0,0,2241
10/06/2002,ATL,GA,ASO,ES,Combined TRACON& Tower with Radar,0,0,0,0,0,1798,505,32,1,2336,1798,505,32,1,2336,0,0,0,2336
10/07/2002,ATL,GA,ASO,ES,Combined TRACON& Tower with Radar,0,0,0,0,0,1852,567,29,4,2452,1852,567,29,4,2452,0,0,0,2452
10/08/2002,ATL,GA,ASO,ES,Combined TRACON& Tower with Radar,0,0,0,0,0,1854,615,52,2,2523,1854,615,52,2,2523,0,0,0,2523
10/09/2002,ATL,GA,ASO,ES,Combined TRACON& Tower with Radar,0,0,0,0,0,1869,624,49,1,2543,1869,624,49,1,2543,0,0,0,2543
10/10/2002,ATL,GA,ASO,ES,Combined TRACON& Tower with Radar,0,0,0,0,0,1887,598,24,1,2510,1887,598,24,1,2510,0,0,0,2510
10/11/2002,ATL,GA,ASO,ES,Combined TRACON& Tower with Radar,0,0,0,0,0,1900,618,38,0,2556,1900,618,38,0,2556,0,0,0,2556
10/12/2002,ATL,GA,ASO,ES,Combined TRACON& Tower with Radar,0,0,0,0,0,1749,520,19,3,2291,1749,520,19,3,2291,0,0,0,2291
10/13/2002,ATL,GA,ASO,ES,Combined TRACON& Tower with Radar,0,0,0,0,0,1807,518,32,2,2359,1807,518,32,2,2359,0,0,0,2359
10/14/2002,ATL,GA,ASO,ES,Combined TRACON& Tower with Radar,0,0,0,0,0,1845,525,55,2,2427,1845,525,55,2,2427,0,0,0,2427
10/15/2002,ATL,GA,ASO,ES,Combined TRACON& Tower with Radar,0,0,0,0,0,1734,502,25,2,2263,1734,502,25,2,2263,0,0,0,2263
10/16/2002,ATL,GA,ASO,ES,Combined TRACON& Tower with Radar,0,0,0,0,0,1889,653,57,2,2601,1889,653,57,2,2601,0,0,0,2601
10/17/2002,ATL,GA,ASO,ES,Combined TRACON& Tower with Radar,0,0,0,0,0,1879,614,51,3,2547,1879,614,51,3,2547,0,0,0,2547
10/18/2002,ATL,GA,ASO,ES,Combined TRACON& Tower with Radar,0,0,0,0,0,1868,595,56,4,2523,1868,595,56,4,2523,0,0,0,2523
10/19/2002,ATL,GA,ASO,ES,Combined TRACON& Tower with Radar,0,0,0,0,0,1739,500,26,4,2269,1739,500,26,4,2269,0,0,0,2269
10/20/2002,ATL,GA,ASO,ES,Combined TRACON& Tower with Radar,0,0,0,0,0,1812,509,28,3,2352,1812,509,28,3,2352,0,0,0,2352
10/21/2002,ATL,GA,ASO,ES,Combined TRACON& Tower with Radar,0,0,0,0,0,1848,554,40,1,2443,1848,554,40,1,2443,0,0,0,2443
10/22/2002,ATL,GA,ASO,ES,Combined TRACON& Tower with Radar,0,0,0,0,0,1860,623,52,0,2535,1860,623,52,0,2535,0,0,0,2535
10/23/2002,ATL,GA,ASO,ES,Combined TRACON& Tower with Radar,0,0,0,0,0,1849,608,42,1,2500,1849,608,42,1,2500,0,0,0,2500
10/24/2002,ATL,GA,ASO,ES,Combined TRACON& Tower with Radar,0,0,0,0,0,1885,615,72,4,2576,1885,615,72,4,2576,0,0,0,2576
10/25/2002,ATL,GA,ASO,ES,Combined TRACON& Tower with Radar,0,0,0,0,0,1799,582,45,0,2426,1799,582,45,0,2426,0,0,0,2426
10/26/2002,ATL,GA,ASO,ES,Combined TRACON& Tower with Radar,0,0,0,0,0,1750,538,44,0,2332,1750,538,44,0,2332,0,0,0,2332
10/27/2002,ATL,GA,ASO,ES,Combined TRACON& Tower with Radar,0,0,0,0,0,1827,527,53,23,2430,1827,527,53,23,2430,0,0,0,2430
10/28/2002,ATL,GA,ASO,ES,Combined TRACON& Tower with Radar,0,0,0,0,0,1771,510,33,2,2316,1771,510,33,2,2316,0,0,0,2316
10/29/2002,ATL,GA,ASO,ES,Combined TRACON& Tower with Radar,0,0,0,0,0,1891,625,50,1,2567,1891,625,50,1,2567,0,0,0,2567
10/30/2002,ATL,GA,ASO,ES,Combined TRACON& Tower with Radar,0,0,0,0,0,1866,629,52,2,2549,1866,629,52,2,2549,0,0,0,2549
10/31/2002,ATL,GA,ASO,ES,Combined TRACON& Tower with Radar,0,0,0,0,0,1867,625,56,3,2551,1867,625,56,3,2551,0,0,0,2551
11/01/2002,ATL,GA,ASO,ES,Combined TRACON& Tower with Radar,0,0,0,0,0,1886,599,43,2,2530,1886,599,43,2,2530,0,0,0,2530
11/02/2002,ATL,GA,ASO,ES,Combined TRACON& Tower with Radar,0,0,0,0,0,1734,507,19,5,2265,1734,507,19,5,2265,0,0,0,2265
11/03/2002,ATL,GA,ASO,ES,Combined TRACON& Tower with Radar,0,0,0,0,0,1811,520,15,4,2350,1811,520,15,4,2350,0,0,0,2350
11/04/2002,ATL,GA,ASO,ES,Combined TRACON& Tower with Radar,0,0,0,0,0,1843,559,27,2,2431,1843,559,27,2,2431,0,0,0,2431
11/05/2002,ATL,GA,ASO,ES,Combined TRACON& Tower with Radar,0,0,0,0,0,1677,531,31,3,2242,1677,531,31,3,2242,0,0,0,2242
11/06/2002,ATL,GA,ASO,ES,Combined TRACON& Tower with Radar,0,0,0,0,0,1918,666,28,8,2620,1918,666,28,8,2620,0,0,0,2620
11/07/2002,ATL,GA,ASO,ES,Combined TRACON& Tower with Radar,0,0,0,0,0,1867,632,63,9,2571,1867,632,63,9,2571,0,0,0,2571
11/08/2002,ATL,GA,ASO,ES,Combined TRACON& Tower with Radar,0,0,0,0,0,1859,638,70,9,2576,1859,638,70,9,2576,0,0,0,2576
11/09/2002,ATL,GA,ASO,ES,Combined TRACON& Tower with Radar,0,0,0,0,0,1731,515,30,1,2277,1731,515,30,1,2277,0,0,0,2277
11/10/2002,ATL,GA,ASO,ES,Combined TRACON& Tower with Radar,0,0,0,0,0,1785,514,15,0,2314,1785,514,15,0,2314,0,0,0,2314
11/11/2002,ATL,GA,ASO,ES,Combined TRACON& Tower with Radar,0,0,0,0,0,1837,477,22,0,2336,1837,477,22,0,2336,0,0,0,2336
11/12/2002,ATL,GA,ASO,ES,Combined TRACON& Tower with Radar,0,0,0,0,0,1840,575,39,2,2456,1840,575,39,2,2456,0,0,0,2456
11/13/2002,ATL,GA,ASO,ES,Combined TRACON& Tower with Radar,0,0,0,0,0,1848,660,40,7,2555,1848,660,40,7,2555,0,0,0,2555
11/14/2002,ATL,GA,ASO,ES,Combined TRACON& Tower with Radar,0,0,0,0,0,1872,662,45,3,2582,1872,662,45,3,2582,0,0,0,2582
11/15/2002,ATL,GA,ASO,ES,Combined TRACON& Tower with Radar,0,0,0,0,0,1870,650,31,4,2555,1870,650,31,4,2555,0,0,0,2555
11/16/2002,ATL,GA,ASO,ES,Combined TRACON& Tower with Radar,0,0,0,0,0,1727,531,11,1,2270,1727,531,11,1,2270,0,0,0,2270
11/17/2002,ATL,GA,ASO,ES,Combined TRACON& Tower with Radar,0,0,0,0,0,1805,549,15,0,2369,1805,549,15,0,2369,0,0,0,2369
11/18/2002,ATL,GA,ASO,ES,Combined TRACON& Tower with Radar,0,0,0,0,0,1829,594,41,1,2465,1829,594,41,1,2465,0,0,0,2465
11/19/2002,ATL,GA,ASO,ES,Combined TRACON& Tower with Radar,0,0,0,0,0,1840,637,41,2,2520,1840,637,41,2,2520,0,0,0,2520
11/20/2002,ATL,GA,ASO,ES,Combined TRACON& Tower with Radar,0,0,0,0,0,1822,636,48,7,2513,1822,636,48,7,2513,0,0,0,2513
11/21/2002,ATL,GA,ASO,ES,Combined TRACON& Tower with Radar,0,0,0,0,0,1854,641,37,4,2536,1854,641,37,4,2536,0,0,0,2536
11/22/2002,ATL,GA,ASO,ES,Combined TRACON& Tower with Radar,0,0,0,0,0,1860,642,50,4,2556,1860,642,50,4,2556,0,0,0,2556
11/23/2002,ATL,GA,ASO,ES,Combined TRACON& Tower with Radar,0,0,0,0,0,1710,560,13,3,2286,1710,560,13,3,2286,0,0,0,2286
11/24/2002,ATL,GA,ASO,ES,Combined TRACON& Tower with Radar,0,0,0,0,0,1805,539,22,0,2366,1805,539,22,0,2366,0,0,0,2366
11/25/2002,ATL,GA,ASO,ES,Combined TRACON& Tower with Radar,0,0,0,0,0,1844,584,31,1,2460,1844,584,31,1,2460,0,0,0,2460
11/26/2002,ATL,GA,ASO,ES,Combined TRACON& Tower with Radar,0,0,0,0,0,1848,641,36,2,2527,1848,641,36,2,2527,0,0,0,2527
11/27/2002,ATL,GA,ASO,ES,Combined TRACON& Tower with Radar,0,0,0,0,0,1865,658,34,3,2560,1865,658,34,3,2560,0,0,0,2560
11/28/2002,ATL,GA,ASO,ES,Combined TRACON& Tower with Radar,0,0,0,0,0,1334,512,8,7,1861,1334,512,8,7,1861,0,0,0,1861
11/29/2002,ATL,GA,ASO,ES,Combined TRACON& Tower with Radar,0,0,0,0,0,1284,513,24,0,1821,1284,513,24,0,1821,0,0,0,1821
11/30/2002,ATL,GA,ASO,ES,Combined TRACON& Tower with Radar,0,0,0,0,0,1611,520,15,2,2148,1611,520,15,2,2148,0,0,0,2148
12/01/2002,ATL,GA,ASO,ES,Combined TRACON& Tower with Radar,0,0,0,0,0,1851,562,23,3,2439,1851,562,23,3,2439,0,0,0,2439
12/02/2002,ATL,GA,ASO,ES,Combined TRACON& Tower with Radar,0,0,0,0,0,1826,582,44,0,2452,1826,582,44,0,2452,0,0,0,2452
12/03/2002,ATL,GA,ASO,ES,Combined TRACON& Tower with Radar,0,0,0,0,0,1880,652,49,7,2588,1880,652,49,7,2588,0,0,0,2588
12/04/2002,ATL,GA,ASO,ES,Combined TRACON& Tower with Radar,0,0,0,0,0,1618,563,21,0,2202,1618,563,21,0,2202,0,0,0,2202
12/05/2002,ATL,GA,ASO,ES,Combined TRACON& Tower with Radar,0,0,0,0,0,1781,586,30,1,2398,1781,586,30,1,2398,0,0,0,2398
12/06/2002,ATL,GA,ASO,ES,Combined TRACON& Tower with Radar,0,0,0,0,0,1908,650,46,10,2614,1908,650,46,10,2614,0,0,0,2614
12/07/2002,ATL,GA,ASO,ES,Combined TRACON& Tower with Radar,0,0,0,0,0,1666,543,31,9,2249,1666,543,31,9,2249,0,0,0,2249
12/08/2002,ATL,GA,ASO,ES,Combined TRACON& Tower with Radar,0,0,0,0,0,1785,537,33,3,2358,1785,537,33,3,2358,0,0,0,2358
12/09/2002,ATL,GA,ASO,ES,Combined TRACON& Tower with Radar,0,0,0,0,0,1833,580,30,3,2446,1833,580,30,3,2446,0,0,0,2446
12/10/2002,ATL,GA,ASO,ES,Combined TRACON& Tower with Radar,0,0,0,0,0,1690,588,25,0,2303,1690,588,25,0,2303,0,0,0,2303
12/11/2002,ATL,GA,ASO,ES,Combined TRACON& Tower with Radar,0,0,0,0,0,1859,653,25,0,2537,1859,653,25,0,2537,0,0,0,2537
12/12/2002,ATL,GA,ASO,ES,Combined TRACON& Tower with Radar,0,0,0,0,0,1905,664,30,2,2601,1905,664,30,2,2601,0,0,0,2601
12/13/2002,ATL,GA,ASO,ES,Combined TRACON& Tower with Radar,0,0,0,0,0,1707,585,32,0,2324,1707,585,32,0,2324,0,0,0,2324
12/14/2002,ATL,GA,ASO,ES,Combined TRACON& Tower with Radar,0,0,0,0,0,1713,565,13,2,2293,1713,565,13,2,2293,0,0,0,2293
12/15/2002,ATL,GA,ASO,ES,Combined TRACON& Tower with Radar,0,0,0,0,0,1782,552,16,4,2354,1782,552,16,4,2354,0,0,0,2354
12/16/2002,ATL,GA,ASO,ES,Combined TRACON& Tower with Radar,0,0,0,0,0,1833,582,30,4,2449,1833,582,30,4,2449,0,0,0,2449
12/17/2002,ATL,GA,ASO,ES,Combined TRACON& Tower with Radar,0,0,0,0,0,1857,655,49,3,2564,1857,655,49,3,2564,0,0,0,2564
12/18/2002,ATL,GA,ASO,ES,Combined TRACON& Tower with Radar,0,0,0,0,0,1853,636,48,4,2541,1853,636,48,4,2541,0,0,0,2541
12/19/2002,ATL,GA,ASO,ES,Combined TRACON& Tower with Radar,0,0,0,0,0,1860,624,32,6,2522,1860,624,32,6,2522,0,0,0,2522
12/20/2002,ATL,GA,ASO,ES,Combined TRACON& Tower with Radar,0,0,0,0,0,1944,677,38,3,2662,1944,677,38,3,2662,0,0,0,2662
12/21/2002,ATL,GA,ASO,ES,Combined TRACON& Tower with Radar,0,0,0,0,0,1676,556,23,0,2255,1676,556,23,0,2255,0,0,0,2255
12/22/2002,ATL,GA,ASO,ES,Combined TRACON& Tower with Radar,0,0,0,0,0,1795,541,12,1,2349,1795,541,12,1,2349,0,0,0,2349
12/23/2002,ATL,GA,ASO,ES,Combined TRACON& Tower with Radar,0,0,0,0,0,1815,581,27,3,2426,1815,581,27,3,2426,0,0,0,2426
12/24/2002,ATL,GA,ASO,ES,Combined TRACON& Tower with Radar,0,0,0,0,0,1470,554,10,0,2034,1470,554,10,0,2034,0,0,0,2034
12/25/2002,ATL,GA,ASO,ES,Combined TRACON& Tower with Radar,0,0,0,0,0,1451,490,3,0,1944,1451,490,3,0,1944,0,0,0,1944
12/26/2002,ATL,GA,ASO,ES,Combined TRACON& Tower with Radar,0,0,0,0,0,1724,559,27,6,2316,1724,559,27,6,2316,0,0,0,2316
12/27/2002,ATL,GA,ASO,ES,Combined TRACON& Tower with Radar,0,0,0,0,0,1864,647,27,4,2542,1864,647,27,4,2542,0,0,0,2542
12/28/2002,ATL,GA,ASO,ES,Combined TRACON& Tower with Radar,0,0,0,0,0,1650,550,11,4,2215,1650,550,11,4,2215,0,0,0,2215
12/29/2002,ATL,GA,ASO,ES,Combined TRACON& Tower with Radar,0,0,0,0,0,1786,559,21,0,2366,1786,559,21,0,2366,0,0,0,2366
12/30/2002,ATL,GA,ASO,ES,Combined TRACON& Tower with Radar,0,0,0,0,0,1812,583,22,2,2419,1812,583,22,2,2419,0,0,0,2419
12/31/2002,ATL,GA,ASO,ES,Combined TRACON& Tower with Radar,0,0,0,0,0,1573,543,19,1,2136,1573,543,19,1,2136,0,0,0,2136
01/01/2003,ATL,GA,ASO,ES,Combined TRACON& Tower with Radar,0,0,0,0,0,1543,513,9,0,2065,1543,513,9,0,2065,0,0,0,2065
01/02/2003,ATL,GA,ASO,ES,Combined TRACON& Tower with Radar,0,0,0,0,0,1723,558,21,6,2308,1723,558,21,6,2308,0,0,0,2308
01/03/2003,ATL,GA,ASO,ES,Combined TRACON& Tower with Radar,0,0,0,0,0,1815,628,18,11,2472,1815,628,18,11,2472,0,0,0,2472
01/04/2003,ATL,GA,ASO,ES,Combined TRACON& Tower with Radar,0,0,0,0,0,1630,557,26,1,2214,1630,557,26,1,2214,0,0,0,2214
01/05/2003,ATL,GA,ASO,ES,Combined TRACON& Tower with Radar,0,0,0,0,0,1761,539,29,0,2329,1761,539,29,0,2329,0,0,0,2329
01/06/2003,ATL,GA,ASO,ES,Combined TRACON& Tower with Radar,0,0,0,0,0,1826,608,30,0,2464,1826,608,30,0,2464,0,0,0,2464
01/07/2003,ATL,GA,ASO,ES,Combined TRACON& Tower with Radar,0,0,0,0,0,1840,678,36,3,2557,1840,678,36,3,2557,0,0,0,2557
01/08/2003,ATL,GA,ASO,ES,Combined TRACON& Tower with Radar,0,0,0,0,0,1837,679,42,4,2562,1837,679,42,4,2562,0,0,0,2562
01/09/2003,ATL,GA,ASO,ES,Combined TRACON& Tower with Radar,0,0,0,0,0,1837,658,34,3,2532,1837,658,34,3,2532,0,0,0,2532
01/10/2003,ATL,GA,ASO,ES,Combined TRACON& Tower with Radar,0,0,0,0,0,1838,662,42,2,2544,1838,662,42,2,2544,0,0,0,2544
01/11/2003,ATL,GA,ASO,ES,Combined TRACON& Tower with Radar,0,0,0,0,0,1638,547,27,0,2212,1638,547,27,0,2212,0,0,0,2212
01/12/2003,ATL,GA,ASO,ES,Combined TRACON& Tower with Radar,0,0,0,0,0,1768,552,25,2,2347,1768,552,25,2,2347,0,0,0,2347
01/13/2003,ATL,GA,ASO,ES,Combined TRACON& Tower with Radar,0,0,0,0,0,1825,606,28,7,2466,1825,606,28,7,2466,0,0,0,2466
01/14/2003,ATL,GA,ASO,ES,Combined TRACON& Tower with Radar,0,0,0,0,0,1849,674,34,3,2560,1849,674,34,3,2560,0,0,0,2560
01/15/2003,ATL,GA,ASO,ES,Combined TRACON& Tower with Radar,0,0,0,0,0,1819,690,60,7,2576,1819,690,60,7,2576,0,0,0,2576
01/16/2003,ATL,GA,ASO,ES,Combined TRACON& Tower with Radar,0,0,0,0,0,1815,647,40,12,2514,1815,647,40,12,2514,0,0,0,2514
01/17/2003,ATL,GA,ASO,ES,Combined TRACON& Tower with Radar,0,0,0,0,0,1855,663,32,0,2550,1855,663,32,0,2550,0,0,0,2550
01/18/2003,ATL,GA,ASO,ES,Combined TRACON& Tower with Radar,0,0,0,0,0,1653,546,19,1,2219,1653,546,19,1,2219,0,0,0,2219
01/19/2003,ATL,GA,ASO,ES,Combined TRACON& Tower with Radar,0,0,0,0,0,1773,559,19,1,2352,1773,559,19,1,2352,0,0,0,2352
01/20/2003,ATL,GA,ASO,ES,Combined TRACON& Tower with Radar,0,0,0,0,0,1810,577,17,3,2407,1810,577,17,3,2407,0,0,0,2407
01/21/2003,ATL,GA,ASO,ES,Combined TRACON& Tower with Radar,0,0,0,0,0,1822,620,46,5,2493,1822,620,46,5,2493,0,0,0,2493
01/22/2003,ATL,GA,ASO,ES,Combined TRACON& Tower with Radar,0,0,0,0,0,1815,667,46,0,2528,1815,667,46,0,2528,0,0,0,2528
01/23/2003,ATL,GA,ASO,ES,Combined TRACON& Tower with Radar,0,0,0,0,0,1817,665,54,5,2541,1817,665,54,5,2541,0,0,0,2541
01/24/2003,ATL,GA,ASO,ES,Combined TRACON& Tower with Radar,0,0,0,0,0,1842,679,42,5,2568,1842,679,42,5,2568,0,0,0,2568
01/25/2003,ATL,GA,ASO,ES,Combined TRACON& Tower with Radar,0,0,0,0,0,1643,555,13,5,2216,1643,555,13,5,2216,0,0,0,2216
01/26/2003,ATL,GA,ASO,ES,Combined TRACON& Tower with Radar,0,0,0,0,0,1755,541,12,0,2308,1755,541,12,0,2308,0,0,0,2308
01/27/2003,ATL,GA,ASO,ES,Combined TRACON& Tower with Radar,0,0,0,0,0,1819,604,39,12,2474,1819,604,39,12,2474,0,0,0,2474
01/28/2003,ATL,GA,ASO,ES,Combined TRACON& Tower with Radar,0,0,0,0,0,1807,684,43,1,2535,1807,684,43,1,2535,0,0,0,2535
01/29/2003,ATL,GA,ASO,ES,Combined TRACON& Tower with Radar,0,0,0,0,0,1790,645,31,5,2471,1790,645,31,5,2471,0,0,0,2471
01/30/2003,ATL,GA,ASO,ES,Combined TRACON& Tower with Radar,0,0,0,0,0,1843,681,24,5,2553,1843,681,24,5,2553,0,0,0,2553
01/31/2003,ATL,GA,ASO,ES,Combined TRACON& Tower with Radar,0,0,0,0,0,1841,660,50,3,2554,1841,660,50,3,2554,0,0,0,2554
02/01/2003,ATL,GA,ASO,ES,Combined TRACON& Tower with Radar,0,0,0,0,0,1554,546,19,2,2121,1554,546,19,2,2121,0,0,0,2121
02/02/2003,ATL,GA,ASO,ES,Combined TRACON& Tower with Radar,0,0,0,0,0,1753,548,30,0,2331,1753,548,30,0,2331,0,0,0,2331
02/03/2003,ATL,GA,ASO,ES,Combined TRACON& Tower with Radar,0,0,0,0,0,1767,600,18,1,2386,1767,600,18,1,2386,0,0,0,2386
02/04/2003,ATL,GA,ASO,ES,Combined TRACON& Tower with Radar,0,0,0,0,0,1723,650,28,8,2409,1723,650,28,8,2409,0,0,0,2409
02/05/2003,ATL,GA,ASO,ES,Combined TRACON& Tower with Radar,0,0,0,0,0,1760,660,46,4,2470,1760,660,46,4,2470,0,0,0,2470
02/06/2003,ATL,GA,ASO,ES,Combined TRACON& Tower with Radar,0,0,0,0,0,1798,622,44,3,2467,1798,622,44,3,2467,0,0,0,2467
02/07/2003,ATL,GA,ASO,ES,Combined TRACON& Tower with Radar,0,0,0,0,0,1825,677,46,8,2556,1825,677,46,8,2556,0,0,0,2556
02/08/2003,ATL,GA,ASO,ES,Combined TRACON& Tower with Radar,0,0,0,0,0,1548,589,36,7,2180,1548,589,36,7,2180,0,0,0,2180
02/09/2003,ATL,GA,ASO,ES,Combined TRACON& Tower with Radar,0,0,0,0,0,1761,568,32,8,2369,1761,568,32,8,2369,0,0,0,2369
02/10/2003,ATL,GA,ASO,ES,Combined TRACON& Tower with Radar,0,0,0,0,0,1802,609,66,7,2484,1802,609,66,7,2484,0,0,0,2484
02/11/2003,ATL,GA,ASO,ES,Combined TRACON& Tower with Radar,0,0,0,0,0,1749,671,47,5,2472,1749,671,47,5,2472,0,0,0,2472
02/12/2003,ATL,GA,ASO,ES,Combined TRACON& Tower with Radar,0,0,0,0,0,1793,664,54,3,2514,1793,664,54,3,2514,0,0,0,2514
02/13/2003,ATL,GA,ASO,ES,Combined TRACON& Tower with Radar,0,0,0,0,0,1849,675,55,7,2586,1849,675,55,7,2586,0,0,0,2586
02/14/2003,ATL,GA,ASO,ES,Combined TRACON& Tower with Radar,0,0,0,0,0,1864,662,35,4,2565,1864,662,35,4,2565,0,0,0,2565
02/15/2003,ATL,GA,ASO,ES,Combined TRACON& Tower with Radar,0,0,0,0,0,1593,518,24,4,2139,1593,518,24,4,2139,0,0,0,2139
02/16/2003,ATL,GA,ASO,ES,Combined TRACON& Tower with Radar,0,0,0,0,0,1563,418,17,2,2000,1563,418,17,2,2000,0,0,0,2000
02/17/2003,ATL,GA,ASO,ES,Combined TRACON& Tower with Radar,0,0,0,0,0,1587,485,18,0,2090,1587,485,18,0,2090,0,0,0,2090
02/18/2003,ATL,GA,ASO,ES,Combined TRACON& Tower with Radar,0,0,0,0,0,1742,594,36,6,2378,1742,594,36,6,2378,0,0,0,2378
02/19/2003,ATL,GA,ASO,ES,Combined TRACON& Tower with Radar,0,0,0,0,0,1830,661,44,0,2535,1830,661,44,0,2535,0,0,0,2535
02/20/2003,ATL,GA,ASO,ES,Combined TRACON& Tower with Radar,0,0,0,0,0,1864,662,54,2,2582,1864,662,54,2,2582,0,0,0,2582
02/21/2003,ATL,GA,ASO,ES,Combined TRACON& Tower with Radar,0,0,0,0,0,1781,590,34,1,2406,1781,590,34,1,2406,0,0,0,2406
02/22/2003,ATL,GA,ASO,ES,Combined TRACON& Tower with Radar,0,0,0,0,0,1660,489,12,0,2161,1660,489,12,0,2161,0,0,0,2161
02/23/2003,ATL,GA,ASO,ES,Combined TRACON& Tower with Radar,0,0,0,0,0,1760,513,36,0,2309,1760,513,36,0,2309,0,0,0,2309
02/24/2003,ATL,GA,ASO,ES,Combined TRACON& Tower with Radar,0,0,0,0,0,1801,569,40,2,2412,1801,569,40,2,2412,0,0,0,2412
02/25/2003,ATL,GA,ASO,ES,Combined TRACON& Tower with Radar,0,0,0,0,0,1771,632,39,4,2446,1771,632,39,4,2446,0,0,0,2446
02/26/2003,ATL,GA,ASO,ES,Combined TRACON& Tower with Radar,0,0,0,0,0,1753,633,32,0,2418,1753,633,32,0,2418,0,0,0,2418
02/27/2003,ATL,GA,ASO,ES,Combined TRACON& Tower with Radar,0,0,0,0,0,1849,625,42,0,2516,1849,625,42,0,2516,0,0,0,2516
02/28/2003,ATL,GA,ASO,ES,Combined TRACON& Tower with Radar,0,0,0,0,0,1883,646,29,5,2563,1883,646,29,5,2563,0,0,0,2563
03/01/2003,ATL,GA,ASO,ES,Combined TRACON& Tower with Radar,0,0,0,0,0,1648,499,24,1,2172,1648,499,24,1,2172,0,0,0,2172
03/02/2003,ATL,GA,ASO,ES,Combined TRACON& Tower with Radar,0,0,0,0,0,1788,539,25,1,2353,1788,539,25,1,2353,0,0,0,2353
03/03/2003,ATL,GA,ASO,ES,Combined TRACON& Tower with Radar,0,0,0,0,0,1848,582,27,8,2465,1848,582,27,8,2465,0,0,0,2465
03/04/2003,ATL,GA,ASO,ES,Combined TRACON& Tower with Radar,0,0,0,0,0,1772,672,42,9,2495,1772,672,42,9,2495,0,0,0,2495
03/05/2003,ATL,GA,ASO,ES,Combined TRACON& Tower with Radar,0,0,0,0,0,1739,591,32,7,2369,1739,591,32,7,2369,0,0,0,2369
03/06/2003,ATL,GA,ASO,ES,Combined TRACON& Tower with Radar,0,0,0,0,0,1912,709,35,6,2662,1912,709,35,6,2662,0,0,0,2662
03/07/2003,ATL,GA,ASO,ES,Combined TRACON& Tower with Radar,0,0,0,0,0,1892,679,50,5,2626,1892,679,50,5,2626,0,0,0,2626
03/08/2003,ATL,GA,ASO,ES,Combined TRACON& Tower with Radar,0,0,0,0,0,1634,489,22,3,2148,1634,489,22,3,2148,0,0,0,2148
03/09/2003,ATL,GA,ASO,ES,Combined TRACON& Tower with Radar,0,0,0,0,0,1816,555,44,6,2421,1816,555,44,6,2421,0,0,0,2421
03/10/2003,ATL,GA,ASO,ES,Combined TRACON& Tower with Radar,0,0,0,0,0,1843,604,25,0,2472,1843,604,25,0,2472,0,0,0,2472
03/11/2003,ATL,GA,ASO,ES,Combined TRACON& Tower with Radar,0,0,0,0,0,1814,670,43,5,2532,1814,670,43,5,2532,0,0,0,2532
03/12/2003,ATL,GA,ASO,ES,Combined TRACON& Tower with Radar,0,0,0,0,0,1836,669,48,3,2556,1836,669,48,3,2556,0,0,0,2556
03/13/2003,ATL,GA,ASO,ES,Combined TRACON& Tower with Radar,0,0,0,0,0,1845,643,41,16,2545,1845,643,41,16,2545,0,0,0,2545
03/14/2003,ATL,GA,ASO,ES,Combined TRACON& Tower with Radar,0,0,0,0,0,1871,634,40,4,2549,1871,634,40,4,2549,0,0,0,2549
03/15/2003,ATL,GA,ASO,ES,Combined TRACON& Tower with Radar,0,0,0,0,0,1659,559,8,4,2230,1659,559,8,4,2230,0,0,0,2230
03/16/2003,ATL,GA,ASO,ES,Combined TRACON& Tower with Radar,0,0,0,0,0,1794,557,25,1,2377,1794,557,25,1,2377,0,0,0,2377
03/17/2003,ATL,GA,ASO,ES,Combined TRACON& Tower with Radar,0,0,0,0,0,1805,581,18,1,2405,1805,581,18,1,2405,0,0,0,2405
03/18/2003,ATL,GA,ASO,ES,Combined TRACON& Tower with Radar,0,0,0,0,0,1824,687,41,4,2556,1824,687,41,4,2556,0,0,0,2556
03/19/2003,ATL,GA,ASO,ES,Combined TRACON& Tower with Radar,0,0,0,0,0,1682,588,30,1,2301,1682,588,30,1,2301,0,0,0,2301
03/20/2003,ATL,GA,ASO,ES,Combined TRACON& Tower with Radar,0,0,0,0,0,1967,700,52,5,2724,1967,700,52,5,2724,0,0,0,2724
03/21/2003,ATL,GA,ASO,ES,Combined TRACON& Tower with Radar,0,0,0,0,0,1874,669,54,6,2603,1874,669,54,6,2603,0,0,0,2603
03/22/2003,ATL,GA,ASO,ES,Combined TRACON& Tower with Radar,0,0,0,0,0,1666,577,22,4,2269,1666,577,22,4,2269,0,0,0,2269
03/23/2003,ATL,GA,ASO,ES,Combined TRACON& Tower with Radar,0,0,0,0,0,1806,570,14,1,2391,1806,570,14,1,2391,0,0,0,2391
03/24/2003,ATL,GA,ASO,ES,Combined TRACON& Tower with Radar,0,0,0,0,0,1841,622,34,8,2505,1841,622,34,8,2505,0,0,0,2505
03/25/2003,ATL,GA,ASO,ES,Combined TRACON& Tower with Radar,0,0,0,0,0,1800,690,34,8,2532,1800,690,34,8,2532,0,0,0,2532
03/26/2003,ATL,GA,ASO,ES,Combined TRACON& Tower with Radar,0,0,0,0,0,1831,701,50,7,2589,1831,701,50,7,2589,0,0,0,2589
03/27/2003,ATL,GA,ASO,ES,Combined TRACON& Tower with Radar,0,0,0,0,0,1805,679,26,2,2512,1805,679,26,2,2512,0,0,0,2512
03/28/2003,ATL,GA,ASO,ES,Combined TRACON& Tower with Radar,0,0,0,0,0,1835,655,26,5,2521,1835,655,26,5,2521,0,0,0,2521
03/29/2003,ATL,GA,ASO,ES,Combined TRACON& Tower with Radar,0,0,0,0,0,1603,565,11,2,2181,1603,565,11,2,2181,0,0,0,2181
03/30/2003,ATL,GA,ASO,ES,Combined TRACON& Tower with Radar,0,0,0,0,0,1715,578,16,2,2311,1715,578,16,2,2311,0,0,0,2311
03/31/2003,ATL,GA,ASO,ES,Combined TRACON& Tower with Radar,0,0,0,0,0,1768,617,28,2,2415,1768,617,28,2,2415,0,0,0,2415
04/01/2003,ATL,GA,ASO,ES,Combined TRACON& Tower with Radar,0,0,0,0,0,1758,696,37,0,2491,1758,696,37,0,2491,0,0,0,2491
04/02/2003,ATL,GA,ASO,ES,Combined TRACON& Tower with Radar,0,0,0,0,0,1777,676,39,4,2496,1777,676,39,4,2496,0,0,0,2496
04/03/2003,ATL,GA,ASO,ES,Combined TRACON& Tower with Radar,0,0,0,0,0,1810,665,36,3,2514,1810,665,36,3,2514,0,0,0,2514
04/04/2003,ATL,GA,ASO,ES,Combined TRACON& Tower with Radar,0,0,0,0,0,1811,659,37,9,2516,1811,659,37,9,2516,0,0,0,2516
04/05/2003,ATL,GA,ASO,ES,Combined TRACON& Tower with Radar,0,0,0,0,0,1622,565,18,5,2210,1622,565,18,5,2210,0,0,0,2210
04/06/2003,ATL,GA,ASO,ES,Combined TRACON& Tower with Radar,0,0,0,0,0,1720,550,18,4,2292,1720,550,18,4,2292,0,0,0,2292
04/07/2003,ATL,GA,ASO,ES,Combined TRACON& Tower with Radar,0,0,0,0,0,1743,583,31,0,2357,1743,583,31,0,2357,0,0,0,2357
04/08/2003,ATL,GA,ASO,ES,Combined TRACON& Tower with Radar,0,0,0,0,0,1769,642,33,0,2444,1769,642,33,0,2444,0,0,0,2444
04/09/2003,ATL,GA,ASO,ES,Combined TRACON& Tower with Radar,0,0,0,0,0,1774,654,46,4,2478,1774,654,46,4,2478,0,0,0,2478
04/10/2003,ATL,GA,ASO,ES,Combined TRACON& Tower with Radar,0,0,0,0,0,1796,652,41,7,2496,1796,652,41,7,2496,0,0,0,2496
04/11/2003,ATL,GA,ASO,ES,Combined TRACON& Tower with Radar,0,0,0,0,0,1809,659,60,7,2535,1809,659,60,7,2535,0,0,0,2535
04/12/2003,ATL,GA,ASO,ES,Combined TRACON& Tower with Radar,0,0,0,0,0,1589,548,27,4,2168,1589,548,27,4,2168,0,0,0,2168
04/13/2003,ATL,GA,ASO,ES,Combined TRACON& Tower with Radar,0,0,0,0,0,1720,555,34,1,2310,1720,555,34,1,2310,0,0,0,2310
04/14/2003,ATL,GA,ASO,ES,Combined TRACON& Tower with Radar,0,0,0,0,0,1777,593,31,9,2410,1777,593,31,9,2410,0,0,0,2410
04/15/2003,ATL,GA,ASO,ES,Combined TRACON& Tower with Radar,0,0,0,0,0,1758,651,47,3,2459,1758,651,47,3,2459,0,0,0,2459
04/16/2003,ATL,GA,ASO,ES,Combined TRACON& Tower with Radar,0,0,0,0,0,1766,658,40,7,2471,1766,658,40,7,2471,0,0,0,2471
04/17/2003,ATL,GA,ASO,ES,Combined TRACON& Tower with Radar,0,0,0,0,0,1783,663,34,5,2485,1783,663,34,5,2485,0,0,0,2485
04/18/2003,ATL,GA,ASO,ES,Combined TRACON& Tower with Radar,0,0,0,0,0,1786,657,20,4,2467,1786,657,20,4,2467,0,0,0,2467
04/19/2003,ATL,GA,ASO,ES,Combined TRACON& Tower with Radar,0,0,0,0,0,1572,549,9,6,2136,1572,549,9,6,2136,0,0,0,2136
04/20/2003,ATL,GA,ASO,ES,Combined TRACON& Tower with Radar,0,0,0,0,0,1712,549,12,1,2274,1712,549,12,1,2274,0,0,0,2274
04/21/2003,ATL,GA,ASO,ES,Combined TRACON& Tower with Radar,0,0,0,0,0,1770,582,35,4,2391,1770,582,35,4,2391,0,0,0,2391
04/22/2003,ATL,GA,ASO,ES,Combined TRACON& Tower with Radar,0,0,0,0,0,1757,648,49,5,2459,1757,648,49,5,2459,0,0,0,2459
04/23/2003,ATL,GA,ASO,ES,Combined TRACON& Tower with Radar,0,0,0,0,0,1740,662,60,10,2472,1740,662,60,10,2472,0,0,0,2472
04/24/2003,ATL,GA,ASO,ES,Combined TRACON& Tower with Radar,0,0,0,0,0,1780,666,48,11,2505,1780,666,48,11,2505,0,0,0,2505
04/25/2003,ATL,GA,ASO,ES,Combined TRACON& Tower with Radar,0,0,0,0,0,1780,663,39,5,2487,1780,663,39,5,2487,0,0,0,2487
04/26/2003,ATL,GA,ASO,ES,Combined TRACON& Tower with Radar,0,0,0,0,0,1586,554,18,7,2165,1586,554,18,7,2165,0,0,0,2165
04/27/2003,ATL,GA,ASO,ES,Combined TRACON& Tower with Radar,0,0,0,0,0,1722,558,25,2,2307,1722,558,25,2,2307,0,0,0,2307
04/28/2003,ATL,GA,ASO,ES,Combined TRACON& Tower with Radar,0,0,0,0,0,1779,600,24,5,2408,1779,600,24,5,2408,0,0,0,2408
04/29/2003,ATL,GA,ASO,ES,Combined TRACON& Tower with Radar,0,0,0,0,0,1744,666,41,9,2460,1744,666,41,9,2460,0,0,0,2460
04/30/2003,ATL,GA,ASO,ES,Combined TRACON& Tower with Radar,0,0,0,0,0,1743,697,43,10,2493,1743,697,43,10,2493,0,0,0,2493
05/01/2003,ATL,GA,ASO,ES,Combined TRACON& Tower with Radar,0,0,0,0,0,1813,669,42,4,2528,1813,669,42,4,2528,0,0,0,2528
05/02/2003,ATL,GA,ASO,ES,Combined TRACON& Tower with Radar,0,0,0,0,0,1685,591,29,13,2318,1685,591,29,13,2318,0,0,0,2318
05/03/2003,ATL,GA,ASO,ES,Combined TRACON& Tower with Radar,0,0,0,0,0,1675,557,14,6,2252,1675,557,14,6,2252,0,0,0,2252
05/04/2003,ATL,GA,ASO,ES,Combined TRACON& Tower with Radar,0,0,0,0,0,1751,554,36,2,2343,1751,554,36,2,2343,0,0,0,2343
05/05/2003,ATL,GA,ASO,ES,Combined TRACON& Tower with Radar,0,0,0,0,0,1714,513,25,0,2252,1714,513,25,0,2252,0,0,0,2252
05/06/2003,ATL,GA,ASO,ES,Combined TRACON& Tower with Radar,0,0,0,0,0,1587,533,34,4,2158,1587,533,34,4,2158,0,0,0,2158
05/07/2003,ATL,GA,ASO,ES,Combined TRACON& Tower with Radar,0,0,0,0,0,1779,667,28,1,2475,1779,667,28,1,2475,0,0,0,2475
05/08/2003,ATL,GA,ASO,ES,Combined TRACON& Tower with Radar,0,0,0,0,0,1808,666,55,3,2532,1808,666,55,3,2532,0,0,0,2532
05/09/2003,ATL,GA,ASO,ES,Combined TRACON& Tower with Radar,0,0,0,0,0,1829,649,43,13,2534,1829,649,43,13,2534,0,0,0,2534
05/10/2003,ATL,GA,ASO,ES,Combined TRACON& Tower with Radar,0,0,0,0,0,1595,540,11,1,2147,1595,540,11,1,2147,0,0,0,2147
05/11/2003,ATL,GA,ASO,ES,Combined TRACON& Tower with Radar,0,0,0,0,0,1720,518,18,2,2258,1720,518,18,2,2258,0,0,0,2258
05/12/2003,ATL,GA,ASO,ES,Combined TRACON& Tower with Radar,0,0,0,0,0,1809,597,60,1,2467,1809,597,60,1,2467,0,0,0,2467
05/13/2003,ATL,GA,ASO,ES,Combined TRACON& Tower with Radar,0,0,0,0,0,1726,663,41,1,2431,1726,663,41,1,2431,0,0,0,2431
05/14/2003,ATL,GA,ASO,ES,Combined TRACON& Tower with Radar,0,0,0,0,0,1737,651,39,5,2432,1737,651,39,5,2432,0,0,0,2432
05/15/2003,ATL,GA,ASO,ES,Combined TRACON& Tower with Radar,0,0,0,0,0,1821,656,28,7,2512,1821,656,28,7,2512,0,0,0,2512
05/16/2003,ATL,GA,ASO,ES,Combined TRACON& Tower with Radar,0,0,0,0,0,1818,649,36,8,2511,1818,649,36,8,2511,0,0,0,2511
05/17/2003,ATL,GA,ASO,ES,Combined TRACON& Tower with Radar,0,0,0,0,0,1603,559,13,1,2176,1603,559,13,1,2176,0,0,0,2176
05/18/2003,ATL,GA,ASO,ES,Combined TRACON& Tower with Radar,0,0,0,0,0,1691,523,20,2,2236,1691,523,20,2,2236,0,0,0,2236
05/19/2003,ATL,GA,ASO,ES,Combined TRACON& Tower with Radar,0,0,0,0,0,1806,592,31,1,2430,1806,592,31,1,2430,0,0,0,2430
05/20/2003,ATL,GA,ASO,ES,Combined TRACON& Tower with Radar,0,0,0,0,0,1748,669,29,1,2447,1748,669,29,1,2447,0,0,0,2447
05/21/2003,ATL,GA,ASO,ES,Combined TRACON& Tower with Radar,0,0,0,0,0,1791,669,62,1,2523,1791,669,62,1,2523,0,0,0,2523
05/22/2003,ATL,GA,ASO,ES,Combined TRACON& Tower with Radar,0,0,0,0,0,1814,648,53,5,2520,1814,648,53,5,2520,0,0,0,2520
05/23/2003,ATL,GA,ASO,ES,Combined TRACON& Tower with Radar,0,0,0,0,0,1807,649,46,6,2508,1807,649,46,6,2508,0,0,0,2508
05/24/2003,ATL,GA,ASO,ES,Combined TRACON& Tower with Radar,0,0,0,0,0,1577,540,15,3,2135,1577,540,15,3,2135,0,0,0,2135
05/25/2003,ATL,GA,ASO,ES,Combined TRACON& Tower with Radar,0,0,0,0,0,1658,537,21,0,2216,1658,537,21,0,2216,0,0,0,2216
05/26/2003,ATL,GA,ASO,ES,Combined TRACON& Tower with Radar,0,0,0,0,0,1769,557,17,0,2343,1769,557,17,0,2343,0,0,0,2343
05/27/2003,ATL,GA,ASO,ES,Combined TRACON& Tower with Radar,0,0,0,0,0,1769,607,41,2,2419,1769,607,41,2,2419,0,0,0,2419
05/28/2003,ATL,GA,ASO,ES,Combined TRACON& Tower with Radar,0,0,0,0,0,1799,671,38,3,2511,1799,671,38,3,2511,0,0,0,2511
05/29/2003,ATL,GA,ASO,ES,Combined TRACON& Tower with Radar,0,0,0,0,0,1837,664,44,4,2549,1837,664,44,4,2549,0,0,0,2549
05/30/2003,ATL,GA,ASO,ES,Combined TRACON& Tower with Radar,0,0,0,0,0,1817,660,46,1,2524,1817,660,46,1,2524,0,0,0,2524
05/31/2003,ATL,GA,ASO,ES,Combined TRACON& Tower with Radar,0,0,0,0,0,1611,557,33,6,2207,1611,557,33,6,2207,0,0,0,2207
06/01/2003,ATL,GA,ASO,ES,Combined TRACON& Tower with Radar,0,0,0,0,0,1797,561,22,0,2380,1797,561,22,0,2380,0,0,0,2380
06/02/2003,ATL,GA,ASO,ES,Combined TRACON& Tower with Radar,0,0,0,0,0,1870,595,44,3,2512,1870,595,44,3,2512,0,0,0,2512
06/03/2003,ATL,GA,ASO,ES,Combined TRACON& Tower with Radar,0,0,0,0,0,1838,642,33,0,2513,1838,642,33,0,2513,0,0,0,2513
06/04/2003,ATL,GA,ASO,ES,Combined TRACON& Tower with Radar,0,0,0,0,0,1856,674,29,4,2563,1856,674,29,4,2563,0,0,0,2563
06/05/2003,ATL,GA,ASO,ES,Combined TRACON& Tower with Radar,0,0,0,0,0,1888,672,27,6,2593,1888,672,27,6,2593,0,0,0,2593
06/06/2003,ATL,GA,ASO,ES,Combined TRACON& Tower with Radar,0,0,0,0,0,1897,650,34,1,2582,1897,650,34,1,2582,0,0,0,2582
06/07/2003,ATL,GA,ASO,ES,Combined TRACON& Tower with Radar,0,0,0,0,0,1695,562,11,0,2268,1695,562,11,0,2268,0,0,0,2268
06/08/2003,ATL,GA,ASO,ES,Combined TRACON& Tower with Radar,0,0,0,0,0,1813,561,23,0,2397,1813,561,23,0,2397,0,0,0,2397
06/09/2003,ATL,GA,ASO,ES,Combined TRACON& Tower with Radar,0,0,0,0,0,1854,638,24,2,2518,1854,638,24,2,2518,0,0,0,2518
06/10/2003,ATL,GA,ASO,ES,Combined TRACON& Tower with Radar,0,0,0,0,0,1822,676,35,8,2541,1822,676,35,8,2541,0,0,0,2541
06/11/2003,ATL,GA,ASO,ES,Combined TRACON& Tower with Radar,0,0,0,0,0,1849,673,26,4,2552,1849,673,26,4,2552,0,0,0,2552
06/12/2003,ATL,GA,ASO,ES,Combined TRACON& Tower with Radar,0,0,0,0,0,1861,675,30,0,2566,1861,675,30,0,2566,0,0,0,2566
06/13/2003,ATL,GA,ASO,ES,Combined TRACON& Tower with Radar,0,0,0,0,0,1848,628,25,5,2506,1848,628,25,5,2506,0,0,0,2506
06/14/2003,ATL,GA,ASO,ES,Combined TRACON& Tower with Radar,0,0,0,0,0,1717,586,14,5,2322,1717,586,14,5,2322,0,0,0,2322
06/15/2003,ATL,GA,ASO,ES,Combined TRACON& Tower with Radar,0,0,0,0,0,1689,519,16,1,2225,1689,519,16,1,2225,0,0,0,2225
06/16/2003,ATL,GA,ASO,ES,Combined TRACON& Tower with Radar,0,0,0,0,0,1835,611,40,2,2488,1835,611,40,2,2488,0,0,0,2488
06/17/2003,ATL,GA,ASO,ES,Combined TRACON& Tower with Radar,0,0,0,0,0,1849,708,40,5,2602,1849,708,40,5,2602,0,0,0,2602
06/18/2003,ATL,GA,ASO,ES,Combined TRACON& Tower with Radar,0,0,0,0,0,1817,701,26,0,2544,1817,701,26,0,2544,0,0,0,2544
06/19/2003,ATL,GA,ASO,ES,Combined TRACON& Tower with Radar,0,0,0,0,0,1893,707,42,4,2646,1893,707,42,4,2646,0,0,0,2646
06/20/2003,ATL,GA,ASO,ES,Combined TRACON& Tower with Radar,0,0,0,0,0,1872,687,35,6,2600,1872,687,35,6,2600,0,0,0,2600
06/21/2003,ATL,GA,ASO,ES,Combined TRACON& Tower with Radar,0,0,0,0,0,1705,608,24,5,2342,1705,608,24,5,2342,0,0,0,2342
06/22/2003,ATL,GA,ASO,ES,Combined TRACON& Tower with Radar,0,0,0,0,0,1829,604,22,5,2460,1829,604,22,5,2460,0,0,0,2460
06/23/2003,ATL,GA,ASO,ES,Combined TRACON& Tower with Radar,0,0,0,0,0,1853,631,42,1,2527,1853,631,42,1,2527,0,0,0,2527
06/24/2003,ATL,GA,ASO,ES,Combined TRACON& Tower with Radar,0,0,0,0,0,1849,713,44,5,2611,1849,713,44,5,2611,0,0,0,2611
06/25/2003,ATL,GA,ASO,ES,Combined TRACON& Tower with Radar,0,0,0,0,0,1847,682,57,8,2594,1847,682,57,8,2594,0,0,0,2594
06/26/2003,ATL,GA,ASO,ES,Combined TRACON& Tower with Radar,0,0,0,0,0,1861,705,36,8,2610,1861,705,36,8,2610,0,0,0,2610
06/27/2003,ATL,GA,ASO,ES,Combined TRACON& Tower with Radar,0,0,0,0,0,1879,666,23,4,2572,1879,666,23,4,2572,0,0,0,2572
06/28/2003,ATL,GA,ASO,ES,Combined TRACON& Tower with Radar,0,0,0,0,0,1715,596,15,1,2327,1715,596,15,1,2327,0,0,0,2327
06/29/2003,ATL,GA,ASO,ES,Combined TRACON& Tower with Radar,0,0,0,0,0,1813,600,14,0,2427,1813,600,14,0,2427,0,0,0,2427
06/30/2003,ATL,GA,ASO,ES,Combined TRACON& Tower with Radar,0,0,0,0,0,1849,602,24,1,2476,1849,602,24,1,2476,0,0,0,2476
07/01/2003,ATL,GA,ASO,ES,Combined TRACON& Tower with Radar,0,0,0,0,0,1830,697,12,0,2539,1830,697,12,0,2539,0,0,0,2539
07/02/2003,ATL,GA,ASO,ES,Combined TRACON& Tower with Radar,0,0,0,0,0,1848,732,19,2,2601,1848,732,19,2,2601,0,0,0,2601
07/03/2003,ATL,GA,ASO,ES,Combined TRACON& Tower with Radar,0,0,0,0,0,1892,704,39,5,2640,1892,704,39,5,2640,0,0,0,2640
07/04/2003,ATL,GA,ASO,ES,Combined TRACON& Tower with Radar,0,0,0,0,0,1420,549,12,4,1985,1420,549,12,4,1985,0,0,0,1985
07/05/2003,ATL,GA,ASO,ES,Combined TRACON& Tower with Radar,0,0,0,0,0,1446,582,13,1,2042,1446,582,13,1,2042,0,0,0,2042
07/06/2003,ATL,GA,ASO,ES,Combined TRACON& Tower with Radar,0,0,0,0,0,1827,604,14,0,2445,1827,604,14,0,2445,0,0,0,2445
07/07/2003,ATL,GA,ASO,ES,Combined TRACON& Tower with Radar,0,0,0,0,0,1870,637,34,2,2543,1870,637,34,2,2543,0,0,0,2543
07/08/2003,ATL,GA,ASO,ES,Combined TRACON& Tower with Radar,0,0,0,0,0,1831,704,26,4,2565,1831,704,26,4,2565,0,0,0,2565
07/09/2003,ATL,GA,ASO,ES,Combined TRACON& Tower with Radar,0,0,0,0,0,1833,722,34,0,2589,1833,722,34,0,2589,0,0,0,2589
07/10/2003,ATL,GA,ASO,ES,Combined TRACON& Tower with Radar,0,0,0,0,0,1629,588,26,2,2245,1629,588,26,2,2245,0,0,0,2245
07/11/2003,ATL,GA,ASO,ES,Combined TRACON& Tower with Radar,0,0,0,0,0,1979,736,36,1,2752,1979,736,36,1,2752,0,0,0,2752
07/12/2003,ATL,GA,ASO,ES,Combined TRACON& Tower with Radar,0,0,0,0,0,1727,611,15,4,2357,1727,611,15,4,2357,0,0,0,2357
07/13/2003,ATL,GA,ASO,ES,Combined TRACON& Tower with Radar,0,0,0,0,0,1821,612,16,9,2458,1821,612,16,9,2458,0,0,0,2458
07/14/2003,ATL,GA,ASO,ES,Combined TRACON& Tower with Radar,0,0,0,0,0,1859,652,39,0,2550,1859,652,39,0,2550,0,0,0,2550
07/15/2003,ATL,GA,ASO,ES,Combined TRACON& Tower with Radar,0,0,0,0,0,1851,735,28,8,2622,1851,735,28,8,2622,0,0,0,2622
07/16/2003,ATL,GA,ASO,ES,Combined TRACON& Tower with Radar,0,0,0,0,0,1827,696,42,5,2570,1827,696,42,5,2570,0,0,0,2570
07/17/2003,ATL,GA,ASO,ES,Combined TRACON& Tower with Radar,0,0,0,0,0,1869,738,53,5,2665,1869,738,53,5,2665,0,0,0,2665
07/18/2003,ATL,GA,ASO,ES,Combined TRACON& Tower with Radar,0,0,0,0,0,1888,697,31,2,2618,1888,697,31,2,2618,0,0,0,2618
07/19/2003,ATL,GA,ASO,ES,Combined TRACON& Tower with Radar,0,0,0,0,0,1729,611,11,4,2355,1729,611,11,4,2355,0,0,0,2355
07/20/2003,ATL,GA,ASO,ES,Combined TRACON& Tower with Radar,0,0,0,0,0,1832,625,19,4,2480,1832,625,19,4,2480,0,0,0,2480
07/21/2003,ATL,GA,ASO,ES,Combined TRACON& Tower with Radar,0,0,0,0,0,1873,637,25,10,2545,1873,637,25,10,2545,0,0,0,2545
07/22/2003,ATL,GA,ASO,ES,Combined TRACON& Tower with Radar,0,0,0,0,0,1674,631,33,6,2344,1674,631,33,6,2344,0,0,0,2344
07/23/2003,ATL,GA,ASO,ES,Combined TRACON& Tower with Radar,0,0,0,0,0,1916,730,43,9,2698,1916,730,43,9,2698,0,0,0,2698
07/24/2003,ATL,GA,ASO,ES,Combined TRACON& Tower with Radar,0,0,0,0,0,1896,727,46,0,2669,1896,727,46,0,2669,0,0,0,2669
07/25/2003,ATL,GA,ASO,ES,Combined TRACON& Tower with Radar,0,0,0,0,0,1895,713,40,4,2652,1895,713,40,4,2652,0,0,0,2652
07/26/2003,ATL,GA,ASO,ES,Combined TRACON& Tower with Radar,0,0,0,0,0,1711,619,29,7,2366,1711,619,29,7,2366,0,0,0,2366
07/27/2003,ATL,GA,ASO,ES,Combined TRACON& Tower with Radar,0,0,0,0,0,1824,618,21,0,2463,1824,618,21,0,2463,0,0,0,2463
07/28/2003,ATL,GA,ASO,ES,Combined TRACON& Tower with Radar,0,0,0,0,0,1870,662,33,4,2569,1870,662,33,4,2569,0,0,0,2569
07/29/2003,ATL,GA,ASO,ES,Combined TRACON& Tower with Radar,0,0,0,0,0,1850,737,45,16,2648,1850,737,45,16,2648,0,0,0,2648
07/30/2003,ATL,GA,ASO,ES,Combined TRACON& Tower with Radar,0,0,0,0,0,1846,731,47,9,2633,1846,731,47,9,2633,0,0,0,2633
07/31/2003,ATL,GA,ASO,ES,Combined TRACON& Tower with Radar,0,0,0,0,0,1841,717,33,5,2596,1841,717,33,5,2596,0,0,0,2596
08/01/2003,ATL,GA,ASO,ES,Combined TRACON& Tower with Radar,0,0,0,0,0,1874,728,32,3,2637,1874,728,32,3,2637,0,0,0,2637
08/02/2003,ATL,GA,ASO,ES,Combined TRACON& Tower with Radar,0,0,0,0,0,1737,624,15,4,2380,1737,624,15,4,2380,0,0,0,2380
08/03/2003,ATL,GA,ASO,ES,Combined TRACON& Tower with Radar,0,0,0,0,0,1815,596,17,6,2434,1815,596,17,6,2434,0,0,0,2434
08/04/2003,ATL,GA,ASO,ES,Combined TRACON& Tower with Radar,0,0,0,0,0,1858,646,28,2,2534,1858,646,28,2,2534,0,0,0,2534
08/05/2003,ATL,GA,ASO,ES,Combined TRACON& Tower with Radar,0,0,0,0,0,1868,737,30,9,2644,1868,737,30,9,2644,0,0,0,2644
08/06/2003,ATL,GA,ASO,ES,Combined TRACON& Tower with Radar,0,0,0,0,0,1847,720,30,3,2600,1847,720,30,3,2600,0,0,0,2600
08/07/2003,ATL,GA,ASO,ES,Combined TRACON& Tower with Radar,0,0,0,0,0,1882,727,33,7,2649,1882,727,33,7,2649,0,0,0,2649
08/08/2003,ATL,GA,ASO,ES,Combined TRACON& Tower with Radar,0,0,0,0,0,1916,724,33,4,2677,1916,724,33,4,2677,0,0,0,2677
08/09/2003,ATL,GA,ASO,ES,Combined TRACON& Tower with Radar,0,0,0,0,0,1724,647,22,5,2398,1724,647,22,5,2398,0,0,0,2398
08/10/2003,ATL,GA,ASO,ES,Combined TRACON& Tower with Radar,0,0,0,0,0,1835,650,15,2,2502,1835,650,15,2,2502,0,0,0,2502
08/11/2003,ATL,GA,ASO,ES,Combined TRACON& Tower with Radar,0,0,0,0,0,1880,674,44,3,2601,1880,674,44,3,2601,0,0,0,2601
08/12/2003,ATL,GA,ASO,ES,Combined TRACON& Tower with Radar,0,0,0,0,0,1884,760,46,4,2694,1884,760,46,4,2694,0,0,0,2694
08/13/2003,ATL,GA,ASO,ES,Combined TRACON& Tower with Radar,0,0,0,0,0,1873,738,56,1,2668,1873,738,56,1,2668,0,0,0,2668
08/14/2003,ATL,GA,ASO,ES,Combined TRACON& Tower with Radar,0,0,0,0,0,1871,749,36,10,2666,1871,749,36,10,2666,0,0,0,2666
08/15/2003,ATL,GA,ASO,ES,Combined TRACON& Tower with Radar,0,0,0,0,0,1864,721,28,0,2613,1864,721,28,0,2613,0,0,0,2613
08/16/2003,ATL,GA,ASO,ES,Combined TRACON& Tower with Radar,0,0,0,0,0,1702,633,13,4,2352,1702,633,13,4,2352,0,0,0,2352
08/17/2003,ATL,GA,ASO,ES,Combined TRACON& Tower with Radar,0,0,0,0,0,1838,676,27,0,2541,1838,676,27,0,2541,0,0,0,2541
08/18/2003,ATL,GA,ASO,ES,Combined TRACON& Tower with Radar,0,0,0,0,0,1873,673,19,3,2568,1873,673,19,3,2568,0,0,0,2568
08/19/2003,ATL,GA,ASO,ES,Combined TRACON& Tower with Radar,0,0,0,0,0,1861,757,18,10,2646,1861,757,18,10,2646,0,0,0,2646
08/20/2003,ATL,GA,ASO,ES,Combined TRACON& Tower with Radar,0,0,0,0,0,1847,762,24,4,2637,1847,762,24,4,2637,0,0,0,2637
08/21/2003,ATL,GA,ASO,ES,Combined TRACON& Tower with Radar,0,0,0,0,0,1885,760,39,3,2687,1885,760,39,3,2687,0,0,0,2687
08/22/2003,ATL,GA,ASO,ES,Combined TRACON& Tower with Radar,0,0,0,0,0,1864,742,28,9,2643,1864,742,28,9,2643,0,0,0,2643
08/23/2003,ATL,GA,ASO,ES,Combined TRACON& Tower with Radar,0,0,0,0,0,1722,649,16,8,2395,1722,649,16,8,2395,0,0,0,2395
08/24/2003,ATL,GA,ASO,ES,Combined TRACON& Tower with Radar,0,0,0,0,0,1837,652,27,4,2520,1837,652,27,4,2520,0,0,0,2520
08/25/2003,ATL,GA,ASO,ES,Combined TRACON& Tower with Radar,0,0,0,0,0,1865,697,42,2,2606,1865,697,42,2,2606,0,0,0,2606
08/26/2003,ATL,GA,ASO,ES,Combined TRACON& Tower with Radar,0,0,0,0,0,1831,736,35,5,2607,1831,736,35,5,2607,0,0,0,2607
08/27/2003,ATL,GA,ASO,ES,Combined TRACON& Tower with Radar,0,0,0,0,0,1848,751,42,1,2642,1848,751,42,1,2642,0,0,0,2642
08/28/2003,ATL,GA,ASO,ES,Combined TRACON& Tower with Radar,0,0,0,0,0,1858,733,26,5,2622,1858,733,26,5,2622,0,0,0,2622
08/29/2003,ATL,GA,ASO,ES,Combined TRACON& Tower with Radar,0,0,0,0,0,1923,752,24,2,2701,1923,752,24,2,2701,0,0,0,2701
08/30/2003,ATL,GA,ASO,ES,Combined TRACON& Tower with Radar,0,0,0,0,0,1681,636,7,1,2325,1681,636,7,1,2325,0,0,0,2325
08/31/2003,ATL,GA,ASO,ES,Combined TRACON& Tower with Radar,0,0,0,0,0,1658,600,12,0,2270,1658,600,12,0,2270,0,0,0,2270
09/01/2003,ATL,GA,ASO,ES,Combined TRACON& Tower with Radar,0,0,0,0,0,1739,659,13,0,2411,1739,659,13,0,2411,0,0,0,2411
09/02/2003,ATL,GA,ASO,ES,Combined TRACON& Tower with Radar,0,0,0,0,0,1831,703,26,7,2567,1831,703,26,7,2567,0,0,0,2567
09/03/2003,ATL,GA,ASO,ES,Combined TRACON& Tower with Radar,0,0,0,0,0,1845,748,35,1,2629,1845,748,35,1,2629,0,0,0,2629
09/04/2003,ATL,GA,ASO,ES,Combined TRACON& Tower with Radar,0,0,0,0,0,1885,727,17,4,2633,1885,727,17,4,2633,0,0,0,2633
09/05/2003,ATL,GA,ASO,ES,Combined TRACON& Tower with Radar,0,0,0,0,0,1917,742,29,6,2694,1917,742,29,6,2694,0,0,0,2694
09/06/2003,ATL,GA,ASO,ES,Combined TRACON& Tower with Radar,0,0,0,0,0,1686,646,20,3,2355,1686,646,20,3,2355,0,0,0,2355
09/07/2003,ATL,GA,ASO,ES,Combined TRACON& Tower with Radar,0,0,0,0,0,1836,657,20,2,2515,1836,657,20,2,2515,0,0,0,2515
09/08/2003,ATL,GA,ASO,ES,Combined TRACON& Tower with Radar,0,0,0,0,0,1852,686,46,0,2584,1852,686,46,0,2584,0,0,0,2584
09/09/2003,ATL,GA,ASO,ES,Combined TRACON& Tower with Radar,0,0,0,0,0,1874,752,43,1,2670,1874,752,43,1,2670,0,0,0,2670
09/10/2003,ATL,GA,ASO,ES,Combined TRACON& Tower with Radar,0,0,0,0,0,1874,738,30,9,2651,1874,738,30,9,2651,0,0,0,2651
09/11/2003,ATL,GA,ASO,ES,Combined TRACON& Tower with Radar,0,0,0,0,0,1869,753,26,6,2654,1869,753,26,6,2654,0,0,0,2654
09/12/2003,ATL,GA,ASO,ES,Combined TRACON& Tower with Radar,0,0,0,0,0,1913,754,39,2,2708,1913,754,39,2,2708,0,0,0,2708
09/13/2003,ATL,GA,ASO,ES,Combined TRACON& Tower with Radar,0,0,0,0,0,1693,657,24,3,2377,1693,657,24,3,2377,0,0,0,2377
09/14/2003,ATL,GA,ASO,ES,Combined TRACON& Tower with Radar,0,0,0,0,0,1836,638,20,11,2505,1836,638,20,11,2505,0,0,0,2505
09/15/2003,ATL,GA,ASO,ES,Combined TRACON& Tower with Radar,0,0,0,0,0,1874,671,48,2,2595,1874,671,48,2,2595,0,0,0,2595
09/16/2003,ATL,GA,ASO,ES,Combined TRACON& Tower with Radar,0,0,0,0,0,1861,737,42,0,2640,1861,737,42,0,2640,0,0,0,2640
09/17/2003,ATL,GA,ASO,ES,Combined TRACON& Tower with Radar,0,0,0,0,0,1860,743,38,6,2647,1860,743,38,6,2647,0,0,0,2647
09/18/2003,ATL,GA,ASO,ES,Combined TRACON& Tower with Radar,0,0,0,0,0,1757,690,41,5,2493,1757,690,41,5,2493,0,0,0,2493
09/19/2003,ATL,GA,ASO,ES,Combined TRACON& Tower with Radar,0,0,0,0,0,1842,740,33,3,2618,1842,740,33,3,2618,0,0,0,2618
09/20/2003,ATL,GA,ASO,ES,Combined TRACON& Tower with Radar,0,0,0,0,0,1697,661,19,5,2382,1697,661,19,5,2382,0,0,0,2382
09/21/2003,ATL,GA,ASO,ES,Combined TRACON& Tower with Radar,0,0,0,0,0,1856,650,28,0,2534,1856,650,28,0,2534,0,0,0,2534
09/22/2003,ATL,GA,ASO,ES,Combined TRACON& Tower with Radar,0,0,0,0,0,1846,667,26,1,2540,1846,667,26,1,2540,0,0,0,2540
09/23/2003,ATL,GA,ASO,ES,Combined TRACON& Tower with Radar,0,0,0,0,0,1860,773,63,1,2697,1860,773,63,1,2697,0,0,0,2697
09/24/2003,ATL,GA,ASO,ES,Combined TRACON& Tower with Radar,0,0,0,0,0,1852,769,49,4,2674,1852,769,49,4,2674,0,0,0,2674
09/25/2003,ATL,GA,ASO,ES,Combined TRACON& Tower with Radar,0,0,0,0,0,1890,753,36,12,2691,1890,753,36,12,2691,0,0,0,2691
09/26/2003,ATL,GA,ASO,ES,Combined TRACON& Tower with Radar,0,0,0,0,0,1900,737,42,3,2682,1900,737,42,3,2682,0,0,0,2682
09/27/2003,ATL,GA,ASO,ES,Combined TRACON& Tower with Radar,0,0,0,0,0,1666,638,11,4,2319,1666,638,11,4,2319,0,0,0,2319
09/28/2003,ATL,GA,ASO,ES,Combined TRACON& Tower with Radar,0,0,0,0,0,1822,674,28,0,2524,1822,674,28,0,2524,0,0,0,2524
09/29/2003,ATL,GA,ASO,ES,Combined TRACON& Tower with Radar,0,0,0,0,0,1851,698,48,8,2605,1851,698,48,8,2605,0,0,0,2605
09/30/2003,ATL,GA,ASO,ES,Combined TRACON& Tower with Radar,0,0,0,0,0,1854,746,32,10,2642,1854,746,32,10,2642,0,0,0,2642
10/01/2003,ATL,GA,ASO,ES,Combined TRACON& Tower with Radar,0,0,0,0,0,1864,764,64,4,2696,1864,764,64,4,2696,0,0,0,2696
10/02/2003,ATL,GA,ASO,ES,Combined TRACON& Tower with Radar,0,0,0,0,0,1902,765,53,0,2720,1902,765,53,0,2720,0,0,0,2720
10/03/2003,ATL,GA,ASO,ES,Combined TRACON& Tower with Radar,0,0,0,0,0,1891,753,55,1,2700,1891,753,55,1,2700,0,0,0,2700
10/04/2003,ATL,GA,ASO,ES,Combined TRACON& Tower with Radar,0,0,0,0,0,1702,667,10,1,2380,1702,667,10,1,2380,0,0,0,2380
10/05/2003,ATL,GA,ASO,ES,Combined TRACON& Tower with Radar,0,0,0,0,0,1851,672,24,3,2550,1851,672,24,3,2550,0,0,0,2550
10/06/2003,ATL,GA,ASO,ES,Combined TRACON& Tower with Radar,0,0,0,0,0,1875,696,37,2,2610,1875,696,37,2,2610,0,0,0,2610
10/07/2003,ATL,GA,ASO,ES,Combined TRACON& Tower with Radar,0,0,0,0,0,1853,755,31,1,2640,1853,755,31,1,2640,0,0,0,2640
10/08/2003,ATL,GA,ASO,ES,Combined TRACON& Tower with Radar,0,0,0,0,0,1880,761,29,0,2670,1880,761,29,0,2670,0,0,0,2670
10/09/2003,ATL,GA,ASO,ES,Combined TRACON& Tower with Radar,0,0,0,0,0,1915,783,44,2,2744,1915,783,44,2,2744,0,0,0,2744
10/10/2003,ATL,GA,ASO,ES,Combined TRACON& Tower with Radar,0,0,0,0,0,1924,751,31,3,2709,1924,751,31,3,2709,0,0,0,2709
10/11/2003,ATL,GA,ASO,ES,Combined TRACON& Tower with Radar,0,0,0,0,0,1732,673,21,0,2426,1732,673,21,0,2426,0,0,0,2426
10/12/2003,ATL,GA,ASO,ES,Combined TRACON& Tower with Radar,0,0,0,0,0,1839,665,30,0,2534,1839,665,30,0,2534,0,0,0,2534
10/13/2003,ATL,GA,ASO,ES,Combined TRACON& Tower with Radar,0,0,0,0,0,1889,690,44,2,2625,1889,690,44,2,2625,0,0,0,2625
10/14/2003,ATL,GA,ASO,ES,Combined TRACON& Tower with Radar,0,0,0,0,0,1849,670,53,2,2574,1849,670,53,2,2574,0,0,0,2574
10/15/2003,ATL,GA,ASO,ES,Combined TRACON& Tower with Radar,0,0,0,0,0,1879,792,67,4,2742,1879,792,67,4,2742,0,0,0,2742
10/16/2003,ATL,GA,ASO,ES,Combined TRACON& Tower with Radar,0,0,0,0,0,1868,771,56,4,2699,1868,771,56,4,2699,0,0,0,2699
10/17/2003,ATL,GA,ASO,ES,Combined TRACON& Tower with Radar,0,0,0,0,0,1903,744,48,5,2700,1903,744,48,5,2700,0,0,0,2700
10/18/2003,ATL,GA,ASO,ES,Combined TRACON& Tower with Radar,0,0,0,0,0,1719,668,30,2,2419,1719,668,30,2,2419,0,0,0,2419
10/19/2003,ATL,GA,ASO,ES,Combined TRACON& Tower with Radar,0,0,0,0,0,1855,679,40,3,2577,1855,679,40,3,2577,0,0,0,2577
10/20/2003,ATL,GA,ASO,ES,Combined TRACON& Tower with Radar,0,0,0,0,0,1886,706,26,1,2619,1886,706,26,1,2619,0,0,0,2619
10/21/2003,ATL,GA,ASO,ES,Combined TRACON& Tower with Radar,0,0,0,0,0,1864,764,43,2,2673,1864,764,43,2,2673,0,0,0,2673
10/22/2003,ATL,GA,ASO,ES,Combined TRACON& Tower with Radar,0,0,0,0,0,1874,768,40,10,2692,1874,768,40,10,2692,0,0,0,2692
10/23/2003,ATL,GA,ASO,ES,Combined TRACON& Tower with Radar,0,0,0,0,0,1911,766,78,3,2758,1911,766,78,3,2758,0,0,0,2758
10/24/2003,ATL,GA,ASO,ES,Combined TRACON& Tower with Radar,0,0,0,0,0,1899,757,56,5,2717,1899,757,56,5,2717,0,0,0,2717
10/25/2003,ATL,GA,ASO,ES,Combined TRACON& Tower with Radar,0,0,0,0,0,1709,666,41,2,2418,1709,666,41,2,2418,0,0,0,2418
10/26/2003,ATL,GA,ASO,ES,Combined TRACON& Tower with Radar,0,0,0,0,0,1833,659,43,2,2537,1833,659,43,2,2537,0,0,0,2537
10/27/2003,ATL,GA,ASO,ES,Combined TRACON& Tower with Radar,0,0,0,0,0,1876,711,48,2,2637,1876,711,48,2,2637,0,0,0,2637
10/28/2003,ATL,GA,ASO,ES,Combined TRACON& Tower with Radar,0,0,0,0,0,1877,778,45,9,2709,1877,778,45,9,2709,0,0,0,2709
10/29/2003,ATL,GA,ASO,ES,Combined TRACON& Tower with Radar,0,0,0,0,0,1864,775,62,1,2702,1864,775,62,1,2702,0,0,0,2702
10/30/2003,ATL,GA,ASO,ES,Combined TRACON& Tower with Radar,0,0,0,0,0,1894,765,55,3,2717,1894,765,55,3,2717,0,0,0,2717
10/31/2003,ATL,GA,ASO,ES,Combined TRACON& Tower with Radar,0,0,0,0,0,1919,748,40,5,2712,1919,748,40,5,2712,0,0,0,2712
11/01/2003,ATL,GA,ASO,ES,Combined TRACON& Tower with Radar,0,0,0,0,0,1719,680,36,2,2437,1719,680,36,2,2437,0,0,0,2437
11/02/2003,ATL,GA,ASO,ES,Combined TRACON& Tower with Radar,0,0,0,0,0,1842,687,26,2,2557,1842,687,26,2,2557,0,0,0,2557
11/03/2003,ATL,GA,ASO,ES,Combined TRACON& Tower with Radar,0,0,0,0,0,1866,724,39,8,2637,1866,724,39,8,2637,0,0,0,2637
11/04/2003,ATL,GA,ASO,ES,Combined TRACON& Tower with Radar,0,0,0,0,0,1850,738,30,0,2618,1850,738,30,0,2618,0,0,0,2618
11/05/2003,ATL,GA,ASO,ES,Combined TRACON& Tower with Radar,0,0,0,0,0,1855,724,35,6,2620,1855,724,35,6,2620,0,0,0,2620
11/06/2003,ATL,GA,ASO,ES,Combined TRACON& Tower with Radar,0,0,0,0,0,1890,735,34,0,2659,1890,735,34,0,2659,0,0,0,2659
11/07/2003,ATL,GA,ASO,ES,Combined TRACON& Tower with Radar,0,0,0,0,0,1891,727,38,1,2657,1891,727,38,1,2657,0,0,0,2657
11/08/2003,ATL,GA,ASO,ES,Combined TRACON& Tower with Radar,0,0,0,0,0,1707,688,18,7,2420,1707,688,18,7,2420,0,0,0,2420
11/09/2003,ATL,GA,ASO,ES,Combined TRACON& Tower with Radar,0,0,0,0,0,1833,699,22,1,2555,1833,699,22,1,2555,0,0,0,2555
11/10/2003,ATL,GA,ASO,ES,Combined TRACON& Tower with Radar,0,0,0,0,0,1878,711,37,4,2630,1878,711,37,4,2630,0,0,0,2630
11/11/2003,ATL,GA,ASO,ES,Combined TRACON& Tower with Radar,0,0,0,0,0,1856,723,48,2,2629,1856,723,48,2,2629,0,0,0,2629
11/12/2003,ATL,GA,ASO,ES,Combined TRACON& Tower with Radar,0,0,0,0,0,1845,713,56,6,2620,1845,713,56,6,2620,0,0,0,2620
11/13/2003,ATL,GA,ASO,ES,Combined TRACON& Tower with Radar,0,0,0,0,0,1868,736,56,4,2664,1868,736,56,4,2664,0,0,0,2664
11/14/2003,ATL,GA,ASO,ES,Combined TRACON& Tower with Radar,0,0,0,0,0,1891,745,27,2,2665,1891,745,27,2,2665,0,0,0,2665
11/15/2003,ATL,GA,ASO,ES,Combined TRACON& Tower with Radar,0,0,0,0,0,1721,689,10,2,2422,1721,689,10,2,2422,0,0,0,2422
11/16/2003,ATL,GA,ASO,ES,Combined TRACON& Tower with Radar,0,0,0,0,0,1825,695,18,3,2541,1825,695,18,3,2541,0,0,0,2541
11/17/2003,ATL,GA,ASO,ES,Combined TRACON& Tower with Radar,0,0,0,0,0,1841,698,36,1,2576,1841,698,36,1,2576,0,0,0,2576
11/18/2003,ATL,GA,ASO,ES,Combined TRACON& Tower with Radar,0,0,0,0,0,1855,695,24,2,2576,1855,695,24,2,2576,0,0,0,2576
11/19/2003,ATL,GA,ASO,ES,Combined TRACON& Tower with Radar,0,0,0,0,0,1854,737,51,5,2647,1854,737,51,5,2647,0,0,0,2647
11/20/2003,ATL,GA,ASO,ES,Combined TRACON& Tower with Radar,0,0,0,0,0,1901,740,30,5,2676,1901,740,30,5,2676,0,0,0,2676
11/21/2003,ATL,GA,ASO,ES,Combined TRACON& Tower with Radar,0,0,0,0,0,1911,743,60,7,2721,1911,743,60,7,2721,0,0,0,2721
11/22/2003,ATL,GA,ASO,ES,Combined TRACON& Tower with Radar,0,0,0,0,0,1718,694,25,9,2446,1718,694,25,9,2446,0,0,0,2446
11/23/2003,ATL,GA,ASO,ES,Combined TRACON& Tower with Radar,0,0,0,0,0,1850,688,23,0,2561,1850,688,23,0,2561,0,0,0,2561
11/24/2003,ATL,GA,ASO,ES,Combined TRACON& Tower with Radar,0,0,0,0,0,1875,704,41,1,2621,1875,704,41,1,2621,0,0,0,2621
11/25/2003,ATL,GA,ASO,ES,Combined TRACON& Tower with Radar,0,0,0,0,0,1889,744,52,4,2689,1889,744,52,4,2689,0,0,0,2689
11/26/2003,ATL,GA,ASO,ES,Combined TRACON& Tower with Radar,0,0,0,0,0,1891,748,37,2,2678,1891,748,37,2,2678,0,0,0,2678
11/27/2003,ATL,GA,ASO,ES,Combined TRACON& Tower with Radar,0,0,0,0,0,1490,627,3,0,2120,1490,627,3,0,2120,0,0,0,2120
11/28/2003,ATL,GA,ASO,ES,Combined TRACON& Tower with Radar,0,0,0,0,0,1569,657,9,0,2235,1569,657,9,0,2235,0,0,0,2235
11/29/2003,ATL,GA,ASO,ES,Combined TRACON& Tower with Radar,0,0,0,0,0,1683,694,18,2,2397,1683,694,18,2,2397,0,0,0,2397
11/30/2003,ATL,GA,ASO,ES,Combined TRACON& Tower with Radar,0,0,0,0,0,1911,727,17,0,2655,1911,727,17,0,2655,0,0,0,2655
12/01/2003,ATL,GA,ASO,ES,Combined TRACON& Tower with Radar,0,0,0,0,0,1888,731,29,2,2650,1888,731,29,2,2650,0,0,0,2650
12/02/2003,ATL,GA,ASO,ES,Combined TRACON& Tower with Radar,0,0,0,0,0,1919,755,36,5,2715,1919,755,36,5,2715,0,0,0,2715
12/03/2003,ATL,GA,ASO,ES,Combined TRACON& Tower with Radar,0,0,0,0,0,1884,742,59,2,2687,1884,742,59,2,2687,0,0,0,2687
12/04/2003,ATL,GA,ASO,ES,Combined TRACON& Tower with Radar,0,0,0,0,0,1615,567,23,2,2207,1615,567,23,2,2207,0,0,0,2207
12/05/2003,ATL,GA,ASO,ES,Combined TRACON& Tower with Radar,0,0,0,0,0,1912,705,32,3,2652,1912,705,32,3,2652,0,0,0,2652
12/06/2003,ATL,GA,ASO,ES,Combined TRACON& Tower with Radar,0,0,0,0,0,1670,707,27,7,2411,1670,707,27,7,2411,0,0,0,2411
12/07/2003,ATL,GA,ASO,ES,Combined TRACON& Tower with Radar,0,0,0,0,0,1799,687,31,2,2519,1799,687,31,2,2519,0,0,0,2519
12/08/2003,ATL,GA,ASO,ES,Combined TRACON& Tower with Radar,0,0,0,0,0,1891,713,51,4,2659,1891,713,51,4,2659,0,0,0,2659
12/09/2003,ATL,GA,ASO,ES,Combined TRACON& Tower with Radar,0,0,0,0,0,1868,726,35,4,2633,1868,726,35,4,2633,0,0,0,2633
12/10/2003,ATL,GA,ASO,ES,Combined TRACON& Tower with Radar,0,0,0,0,0,1767,633,27,7,2434,1767,633,27,7,2434,0,0,0,2434
12/11/2003,ATL,GA,ASO,ES,Combined TRACON& Tower with Radar,0,0,0,0,0,1956,778,56,5,2795,1956,778,56,5,2795,0,0,0,2795
12/12/2003,ATL,GA,ASO,ES,Combined TRACON& Tower with Radar,0,0,0,0,0,1902,718,39,5,2664,1902,718,39,5,2664,0,0,0,2664
12/13/2003,ATL,GA,ASO,ES,Combined TRACON& Tower with Radar,0,0,0,0,0,1716,667,11,1,2395,1716,667,11,1,2395,0,0,0,2395
12/14/2003,ATL,GA,ASO,ES,Combined TRACON& Tower with Radar,0,0,0,0,0,1815,662,8,0,2485,1815,662,8,0,2485,0,0,0,2485
12/15/2003,ATL,GA,ASO,ES,Combined TRACON& Tower with Radar,0,0,0,0,0,1880,713,38,4,2635,1880,713,38,4,2635,0,0,0,2635
12/16/2003,ATL,GA,ASO,ES,Combined TRACON& Tower with Radar,0,0,0,0,0,1903,725,49,1,2678,1903,725,49,1,2678,0,0,0,2678
12/17/2003,ATL,GA,ASO,ES,Combined TRACON& Tower with Radar,0,0,0,0,0,1912,719,35,7,2673,1912,719,35,7,2673,0,0,0,2673
12/18/2003,ATL,GA,ASO,ES,Combined TRACON& Tower with Radar,0,0,0,0,0,1926,728,55,4,2713,1926,728,55,4,2713,0,0,0,2713
12/19/2003,ATL,GA,ASO,ES,Combined TRACON& Tower with Radar,0,0,0,0,0,1948,728,37,5,2718,1948,728,37,5,2718,0,0,0,2718
12/20/2003,ATL,GA,ASO,ES,Combined TRACON& Tower with Radar,0,0,0,0,0,1824,699,20,1,2544,1824,699,20,1,2544,0,0,0,2544
12/21/2003,ATL,GA,ASO,ES,Combined TRACON& Tower with Radar,0,0,0,0,0,1847,689,17,0,2553,1847,689,17,0,2553,0,0,0,2553
12/22/2003,ATL,GA,ASO,ES,Combined TRACON& Tower with Radar,0,0,0,0,0,1909,705,20,1,2635,1909,705,20,1,2635,0,0,0,2635
12/23/2003,ATL,GA,ASO,ES,Combined TRACON& Tower with Radar,0,0,0,0,0,1918,736,22,3,2679,1918,736,22,3,2679,0,0,0,2679
12/24/2003,ATL,GA,ASO,ES,Combined TRACON& Tower with Radar,0,0,0,0,0,1838,698,14,0,2550,1838,698,14,0,2550,0,0,0,2550
12/25/2003,ATL,GA,ASO,ES,Combined TRACON& Tower with Radar,0,0,0,0,0,1570,667,5,0,2242,1570,667,5,0,2242,0,0,0,2242
12/26/2003,ATL,GA,ASO,ES,Combined TRACON& Tower with Radar,0,0,0,0,0,1768,694,37,2,2501,1768,694,37,2,2501,0,0,0,2501
12/27/2003,ATL,GA,ASO,ES,Combined TRACON& Tower with Radar,0,0,0,0,0,1708,684,12,0,2404,1708,684,12,0,2404,0,0,0,2404
12/28/2003,ATL,GA,ASO,ES,Combined TRACON& Tower with Radar,0,0,0,0,0,1862,682,19,1,2564,1862,682,19,1,2564,0,0,0,2564
12/29/2003,ATL,GA,ASO,ES,Combined TRACON& Tower with Radar,0,0,0,0,0,1898,697,13,1,2609,1898,697,13,1,2609,0,0,0,2609
12/30/2003,ATL,GA,ASO,ES,Combined TRACON& Tower with Radar,0,0,0,0,0,1921,729,34,1,2685,1921,729,34,1,2685,0,0,0,2685
12/31/2003,ATL,GA,ASO,ES,Combined TRACON& Tower with Radar,0,0,0,0,0,1672,710,23,3,2408,1672,710,23,3,2408,0,0,0,2408
01/01/2004,ATL,GA,ASO,ES,Combined TRACON& Tower with Radar,0,0,0,0,0,1650,659,16,0,2325,1650,659,16,0,2325,0,0,0,2325
01/02/2004,ATL,GA,ASO,ES,Combined TRACON& Tower with Radar,0,0,0,0,0,1742,687,18,4,2451,1742,687,18,4,2451,0,0,0,2451
01/03/2004,ATL,GA,ASO,ES,Combined TRACON& Tower with Radar,0,0,0,0,0,1723,651,18,4,2396,1723,651,18,4,2396,0,0,0,2396
01/04/2004,ATL,GA,ASO,ES,Combined TRACON& Tower with Radar,0,0,0,0,0,1829,686,18,3,2536,1829,686,18,3,2536,0,0,0,2536
01/05/2004,ATL,GA,ASO,ES,Combined TRACON& Tower with Radar,0,0,0,0,0,1855,657,14,1,2527,1855,657,14,1,2527,0,0,0,2527
01/06/2004,ATL,GA,ASO,ES,Combined TRACON& Tower with Radar,0,0,0,0,0,1932,772,32,2,2738,1932,772,32,2,2738,0,0,0,2738
01/07/2004,ATL,GA,ASO,ES,Combined TRACON& Tower with Radar,0,0,0,0,0,1883,729,43,3,2658,1883,729,43,3,2658,0,0,0,2658
01/08/2004,ATL,GA,ASO,ES,Combined TRACON& Tower with Radar,0,0,0,0,0,1903,712,40,1,2656,1903,712,40,1,2656,0,0,0,2656
01/09/2004,ATL,GA,ASO,ES,Combined TRACON& Tower with Radar,0,0,0,0,0,1882,700,19,6,2607,1882,700,19,6,2607,0,0,0,2607
01/10/2004,ATL,GA,ASO,ES,Combined TRACON& Tower with Radar,0,0,0,0,0,1786,672,20,2,2480,1786,672,20,2,2480,0,0,0,2480
01/11/2004,ATL,GA,ASO,ES,Combined TRACON& Tower with Radar,0,0,0,0,0,1641,613,29,7,2290,1641,613,29,7,2290,0,0,0,2290
01/12/2004,ATL,GA,ASO,ES,Combined TRACON& Tower with Radar,0,0,0,0,0,1902,703,16,3,2624,1902,703,16,3,2624,0,0,0,2624
01/13/2004,ATL,GA,ASO,ES,Combined TRACON& Tower with Radar,0,0,0,0,0,1894,730,63,5,2692,1894,730,63,5,2692,0,0,0,2692
01/14/2004,ATL,GA,ASO,ES,Combined TRACON& Tower with Radar,0,0,0,0,0,1879,729,29,6,2643,1879,729,29,6,2643,0,0,0,2643
01/15/2004,ATL,GA,ASO,ES,Combined TRACON& Tower with Radar,0,0,0,0,0,1917,735,47,4,2703,1917,735,47,4,2703,0,0,0,2703
01/16/2004,ATL,GA,ASO,ES,Combined TRACON& Tower with Radar,0,0,0,0,0,1935,715,48,6,2704,1935,715,48,6,2704,0,0,0,2704
01/17/2004,ATL,GA,ASO,ES,Combined TRACON& Tower with Radar,0,0,0,0,0,1778,661,11,2,2452,1778,661,11,2,2452,0,0,0,2452
01/18/2004,ATL,GA,ASO,ES,Combined TRACON& Tower with Radar,0,0,0,0,0,1836,673,20,0,2529,1836,673,20,0,2529,0,0,0,2529
01/19/2004,ATL,GA,ASO,ES,Combined TRACON& Tower with Radar,0,0,0,0,0,1899,694,32,1,2626,1899,694,32,1,2626,0,0,0,2626
01/20/2004,ATL,GA,ASO,ES,Combined TRACON& Tower with Radar,0,0,0,0,0,1889,712,50,4,2655,1889,712,50,4,2655,0,0,0,2655
01/21/2004,ATL,GA,ASO,ES,Combined TRACON& Tower with Radar,0,0,0,0,0,1880,731,54,2,2667,1880,731,54,2,2667,0,0,0,2667
01/22/2004,ATL,GA,ASO,ES,Combined TRACON& Tower with Radar,0,0,0,0,0,1933,734,40,6,2713,1933,734,40,6,2713,0,0,0,2713
01/23/2004,ATL,GA,ASO,ES,Combined TRACON& Tower with Radar,0,0,0,0,0,1896,720,42,2,2660,1896,720,42,2,2660,0,0,0,2660
01/24/2004,ATL,GA,ASO,ES,Combined TRACON& Tower with Radar,0,0,0,0,0,1781,664,19,1,2465,1781,664,19,1,2465,0,0,0,2465
01/25/2004,ATL,GA,ASO,ES,Combined TRACON& Tower with Radar,0,0,0,0,0,1680,551,11,0,2242,1680,551,11,0,2242,0,0,0,2242
01/26/2004,ATL,GA,ASO,ES,Combined TRACON& Tower with Radar,0,0,0,0,0,1527,501,14,1,2043,1527,501,14,1,2043,0,0,0,2043
01/27/2004,ATL,GA,ASO,ES,Combined TRACON& Tower with Radar,0,0,0,0,0,1818,653,46,0,2517,1818,653,46,0,2517,0,0,0,2517
01/28/2004,ATL,GA,ASO,ES,Combined TRACON& Tower with Radar,0,0,0,0,0,1863,739,40,4,2646,1863,739,40,4,2646,0,0,0,2646
01/29/2004,ATL,GA,ASO,ES,Combined TRACON& Tower with Radar,0,0,0,0,0,1870,714,49,5,2638,1870,714,49,5,2638,0,0,0,2638
01/30/2004,ATL,GA,ASO,ES,Combined TRACON& Tower with Radar,0,0,0,0,0,1913,726,34,5,2678,1913,726,34,5,2678,0,0,0,2678
01/31/2004,ATL,GA,ASO,ES,Combined TRACON& Tower with Radar,0,0,0,0,0,1769,676,25,3,2473,1769,676,25,3,2473,0,0,0,2473
02/01/2004,ATL,GA,ASO,ES,Combined TRACON& Tower with Radar,0,0,0,0,0,1860,679,13,0,2552,1860,679,13,0,2552,0,0,0,2552
02/02/2004,ATL,GA,ASO,ES,Combined TRACON& Tower with Radar,0,0,0,0,0,1718,583,17,1,2319,1718,583,17,1,2319,0,0,0,2319
02/03/2004,ATL,GA,ASO,ES,Combined TRACON& Tower with Radar,0,0,0,0,0,1924,754,46,5,2729,1924,754,46,5,2729,0,0,0,2729
02/04/2004,ATL,GA,ASO,ES,Combined TRACON& Tower with Radar,0,0,0,0,0,1906,748,22,7,2683,1906,748,22,7,2683,0,0,0,2683
02/05/2004,ATL,GA,ASO,ES,Combined TRACON& Tower with Radar,0,0,0,0,0,1719,592,18,4,2333,1719,592,18,4,2333,0,0,0,2333
02/06/2004,ATL,GA,ASO,ES,Combined TRACON& Tower with Radar,0,0,0,0,0,1912,648,20,0,2580,1912,648,20,0,2580,0,0,0,2580
02/07/2004,ATL,GA,ASO,ES,Combined TRACON& Tower with Radar,0,0,0,0,0,1826,690,20,7,2543,1826,690,20,7,2543,0,0,0,2543
02/08/2004,ATL,GA,ASO,ES,Combined TRACON& Tower with Radar,0,0,0,0,0,1865,684,21,2,2572,1865,684,21,2,2572,0,0,0,2572
02/09/2004,ATL,GA,ASO,ES,Combined TRACON& Tower with Radar,0,0,0,0,0,1917,708,33,6,2664,1917,708,33,6,2664,0,0,0,2664
02/10/2004,ATL,GA,ASO,ES,Combined TRACON& Tower with Radar,0,0,0,0,0,1817,702,39,3,2561,1817,702,39,3,2561,0,0,0,2561
02/11/2004,ATL,GA,ASO,ES,Combined TRACON& Tower with Radar,0,0,0,0,0,1913,740,44,1,2698,1913,740,44,1,2698,0,0,0,2698
02/12/2004,ATL,GA,ASO,ES,Combined TRACON& Tower with Radar,0,0,0,0,0,1859,644,21,3,2527,1859,644,21,3,2527,0,0,0,2527
02/13/2004,ATL,GA,ASO,ES,Combined TRACON& Tower with Radar,0,0,0,0,0,2027,760,35,5,2827,2027,760,35,5,2827,0,0,0,2827
02/14/2004,ATL,GA,ASO,ES,Combined TRACON& Tower with Radar,0,0,0,0,0,1795,672,11,1,2479,1795,672,11,1,2479,0,0,0,2479
02/15/2004,ATL,GA,ASO,ES,Combined TRACON& Tower with Radar,0,0,0,0,0,1829,656,22,0,2507,1829,656,22,0,2507,0,0,0,2507
02/16/2004,ATL,GA,ASO,ES,Combined TRACON& Tower with Radar,0,0,0,0,0,1939,709,22,0,2670,1939,709,22,0,2670,0,0,0,2670
02/17/2004,ATL,GA,ASO,ES,Combined TRACON& Tower with Radar,0,0,0,0,0,1914,726,26,3,2669,1914,726,26,3,2669,0,0,0,2669
02/18/2004,ATL,GA,ASO,ES,Combined TRACON& Tower with Radar,0,0,0,0,0,1916,744,31,2,2693,1916,744,31,2,2693,0,0,0,2693
02/19/2004,ATL,GA,ASO,ES,Combined TRACON& Tower with Radar,0,0,0,0,0,1945,742,48,5,2740,1945,742,48,5,2740,0,0,0,2740
02/20/2004,ATL,GA,ASO,ES,Combined TRACON& Tower with Radar,0,0,0,0,0,1942,740,39,5,2726,1942,740,39,5,2726,0,0,0,2726
02/21/2004,ATL,GA,ASO,ES,Combined TRACON& Tower with Radar,0,0,0,0,0,1816,704,16,4,2540,1816,704,16,4,2540,0,0,0,2540
02/22/2004,ATL,GA,ASO,ES,Combined TRACON& Tower with Radar,0,0,0,0,0,1883,697,21,2,2603,1883,697,21,2,2603,0,0,0,2603
02/23/2004,ATL,GA,ASO,ES,Combined TRACON& Tower with Radar,0,0,0,0,0,1928,700,37,4,2669,1928,700,37,4,2669,0,0,0,2669
02/24/2004,ATL,GA,ASO,ES,Combined TRACON& Tower with Radar,0,0,0,0,0,1899,717,26,0,2642,1899,717,26,0,2642,0,0,0,2642
02/25/2004,ATL,GA,ASO,ES,Combined TRACON& Tower with Radar,0,0,0,0,0,1847,716,31,1,2595,1847,716,31,1,2595,0,0,0,2595
02/26/2004,ATL,GA,ASO,ES,Combined TRACON& Tower with Radar,0,0,0,0,0,1634,648,21,2,2305,1634,648,21,2,2305,0,0,0,2305
02/27/2004,ATL,GA,ASO,ES,Combined TRACON& Tower with Radar,0,0,0,0,0,1964,730,33,5,2732,1964,730,33,5,2732,0,0,0,2732
02/28/2004,ATL,GA,ASO,ES,Combined TRACON& Tower with Radar,0,0,0,0,0,1813,697,30,1,2541,1813,697,30,1,2541,0,0,0,2541
02/29/2004,ATL,GA,ASO,ES,Combined TRACON& Tower with Radar,0,0,0,0,0,1882,702,23,0,2607,1882,702,23,0,2607,0,0,0,2607
03/01/2004,ATL,GA,ASO,ES,Combined TRACON& Tower with Radar,0,0,0,0,0,1927,711,30,2,2670,1927,711,30,2,2670,0,0,0,2670
03/02/2004,ATL,GA,ASO,ES,Combined TRACON& Tower with Radar,0,0,0,0,0,1927,739,29,2,2697,1927,739,29,2,2697,0,0,0,2697
03/03/2004,ATL,GA,ASO,ES,Combined TRACON& Tower with Radar,0,0,0,0,0,1928,736,36,1,2701,1928,736,36,1,2701,0,0,0,2701
03/04/2004,ATL,GA,ASO,ES,Combined TRACON& Tower with Radar,0,0,0,0,0,1942,734,35,8,2719,1942,734,35,8,2719,0,0,0,2719
03/05/2004,ATL,GA,ASO,ES,Combined TRACON& Tower with Radar,0,0,0,0,0,1947,698,31,8,2684,1947,698,31,8,2684,0,0,0,2684
03/06/2004,ATL,GA,ASO,ES,Combined TRACON& Tower with Radar,0,0,0,0,0,1826,701,21,2,2550,1826,701,21,2,2550,0,0,0,2550
03/07/2004,ATL,GA,ASO,ES,Combined TRACON& Tower with Radar,0,0,0,0,0,1897,678,11,0,2586,1897,678,11,0,2586,0,0,0,2586
03/08/2004,ATL,GA,ASO,ES,Combined TRACON& Tower with Radar,0,0,0,0,0,1929,715,23,1,2668,1929,715,23,1,2668,0,0,0,2668
03/09/2004,ATL,GA,ASO,ES,Combined TRACON& Tower with Radar,0,0,0,0,0,1946,732,35,2,2715,1946,732,35,2,2715,0,0,0,2715
03/10/2004,ATL,GA,ASO,ES,Combined TRACON& Tower with Radar,0,0,0,0,0,1930,752,34,2,2718,1930,752,34,2,2718,0,0,0,2718
03/11/2004,ATL,GA,ASO,ES,Combined TRACON& Tower with Radar,0,0,0,0,0,1961,743,65,7,2776,1961,743,65,7,2776,0,0,0,2776
03/12/2004,ATL,GA,ASO,ES,Combined TRACON& Tower with Radar,0,0,0,0,0,1957,724,58,6,2745,1957,724,58,6,2745,0,0,0,2745
03/13/2004,ATL,GA,ASO,ES,Combined TRACON& Tower with Radar,0,0,0,0,0,1826,696,34,4,2560,1826,696,34,4,2560,0,0,0,2560
03/14/2004,ATL,GA,ASO,ES,Combined TRACON& Tower with Radar,0,0,0,0,0,1911,695,48,16,2670,1911,695,48,16,2670,0,0,0,2670
03/15/2004,ATL,GA,ASO,ES,Combined TRACON& Tower with Radar,0,0,0,0,0,1950,717,37,1,2705,1950,717,37,1,2705,0,0,0,2705
03/16/2004,ATL,GA,ASO,ES,Combined TRACON& Tower with Radar,0,0,0,0,0,1901,725,39,6,2671,1901,725,39,6,2671,0,0,0,2671
03/17/2004,ATL,GA,ASO,ES,Combined TRACON& Tower with Radar,0,0,0,0,0,1945,752,38,5,2740,1945,752,38,5,2740,0,0,0,2740
03/18/2004,ATL,GA,ASO,ES,Combined TRACON& Tower with Radar,0,0,0,0,0,1975,741,42,1,2759,1975,741,42,1,2759,0,0,0,2759
03/19/2004,ATL,GA,ASO,ES,Combined TRACON& Tower with Radar,0,0,0,0,0,1996,732,38,2,2768,1996,732,38,2,2768,0,0,0,2768
03/20/2004,ATL,GA,ASO,ES,Combined TRACON& Tower with Radar,0,0,0,0,0,1826,684,23,1,2534,1826,684,23,1,2534,0,0,0,2534
03/21/2004,ATL,GA,ASO,ES,Combined TRACON& Tower with Radar,0,0,0,0,0,1924,686,35,0,2645,1924,686,35,0,2645,0,0,0,2645
03/22/2004,ATL,GA,ASO,ES,Combined TRACON& Tower with Radar,0,0,0,0,0,1954,712,44,2,2712,1954,712,44,2,2712,0,0,0,2712
03/23/2004,ATL,GA,ASO,ES,Combined TRACON& Tower with Radar,0,0,0,0,0,1940,747,58,4,2749,1940,747,58,4,2749,0,0,0,2749
03/24/2004,ATL,GA,ASO,ES,Combined TRACON& Tower with Radar,0,0,0,0,0,1941,753,35,7,2736,1941,753,35,7,2736,0,0,0,2736
03/25/2004,ATL,GA,ASO,ES,Combined TRACON& Tower with Radar,0,0,0,0,0,1965,746,56,5,2772,1965,746,56,5,2772,0,0,0,2772
03/26/2004,ATL,GA,ASO,ES,Combined TRACON& Tower with Radar,0,0,0,0,0,1982,744,42,9,2777,1982,744,42,9,2777,0,0,0,2777
03/27/2004,ATL,GA,ASO,ES,Combined TRACON& Tower with Radar,0,0,0,0,0,1823,688,19,8,2538,1823,688,19,8,2538,0,0,0,2538
03/28/2004,ATL,GA,ASO,ES,Combined TRACON& Tower with Radar,0,0,0,0,0,1903,709,27,4,2643,1903,709,27,4,2643,0,0,0,2643
03/29/2004,ATL,GA,ASO,ES,Combined TRACON& Tower with Radar,0,0,0,0,0,1953,735,29,8,2725,1953,735,29,8,2725,0,0,0,2725
03/30/2004,ATL,GA,ASO,ES,Combined TRACON& Tower with Radar,0,0,0,0,0,1922,730,26,6,2684,1922,730,26,6,2684,0,0,0,2684
03/31/2004,ATL,GA,ASO,ES,Combined TRACON& Tower with Radar,0,0,0,0,0,1914,708,36,7,2665,1914,708,36,7,2665,0,0,0,2665
04/01/2004,ATL,GA,ASO,ES,Combined TRACON& Tower with Radar,0,0,0,0,0,1966,753,39,13,2771,1966,753,39,13,2771,0,0,0,2771
04/02/2004,ATL,GA,ASO,ES,Combined TRACON& Tower with Radar,0,0,0,0,0,1978,733,46,6,2763,1978,733,46,6,2763,0,0,0,2763
04/03/2004,ATL,GA,ASO,ES,Combined TRACON& Tower with Radar,0,0,0,0,0,1833,699,11,4,2547,1833,699,11,4,2547,0,0,0,2547
04/04/2004,ATL,GA,ASO,ES,Combined TRACON& Tower with Radar,0,0,0,0,0,1891,697,31,6,2625,1891,697,31,6,2625,0,0,0,2625
04/05/2004,ATL,GA,ASO,ES,Combined TRACON& Tower with Radar,0,0,0,0,0,1965,746,37,4,2752,1965,746,37,4,2752,0,0,0,2752
04/06/2004,ATL,GA,ASO,ES,Combined TRACON& Tower with Radar,0,0,0,0,0,1951,750,67,7,2775,1951,750,67,7,2775,0,0,0,2775
04/07/2004,ATL,GA,ASO,ES,Combined TRACON& Tower with Radar,0,0,0,0,0,1956,744,53,6,2759,1956,744,53,6,2759,0,0,0,2759
04/08/2004,ATL,GA,ASO,ES,Combined TRACON& Tower with Radar,0,0,0,0,0,1977,746,48,6,2777,1977,746,48,6,2777,0,0,0,2777
04/09/2004,ATL,GA,ASO,ES,Combined TRACON& Tower with Radar,0,0,0,0,0,1989,741,44,5,2779,1989,741,44,5,2779,0,0,0,2779
04/10/2004,ATL,GA,ASO,ES,Combined TRACON& Tower with Radar,0,0,0,0,0,1849,689,23,2,2563,1849,689,23,2,2563,0,0,0,2563
04/11/2004,ATL,GA,ASO,ES,Combined TRACON& Tower with Radar,0,0,0,0,0,1900,686,17,1,2604,1900,686,17,1,2604,0,0,0,2604
04/12/2004,ATL,GA,ASO,ES,Combined TRACON& Tower with Radar,0,0,0,0,0,1862,658,23,3,2546,1862,658,23,3,2546,0,0,0,2546
04/13/2004,ATL,GA,ASO,ES,Combined TRACON& Tower with Radar,0,0,0,0,0,1966,746,21,1,2734,1966,746,21,1,2734,0,0,0,2734
04/14/2004,ATL,GA,ASO,ES,Combined TRACON& Tower with Radar,0,0,0,0,0,1973,756,35,3,2767,1973,756,35,3,2767,0,0,0,2767
04/15/2004,ATL,GA,ASO,ES,Combined TRACON& Tower with Radar,0,0,0,0,0,1948,748,67,2,2765,1948,748,67,2,2765,0,0,0,2765
04/16/2004,ATL,GA,ASO,ES,Combined TRACON& Tower with Radar,0,0,0,0,0,1977,734,43,5,2759,1977,734,43,5,2759,0,0,0,2759
04/17/2004,ATL,GA,ASO,ES,Combined TRACON& Tower with Radar,0,0,0,0,0,1842,680,25,3,2550,1842,680,25,3,2550,0,0,0,2550
04/18/2004,ATL,GA,ASO,ES,Combined TRACON& Tower with Radar,0,0,0,0,0,1900,701,27,0,2628,1900,701,27,0,2628,0,0,0,2628
04/19/2004,ATL,GA,ASO,ES,Combined TRACON& Tower with Radar,0,0,0,0,0,1950,722,47,6,2725,1950,722,47,6,2725,0,0,0,2725
04/20/2004,ATL,GA,ASO,ES,Combined TRACON& Tower with Radar,0,0,0,0,0,1945,738,51,2,2736,1945,738,51,2,2736,0,0,0,2736
04/21/2004,ATL,GA,ASO,ES,Combined TRACON& Tower with Radar,0,0,0,0,0,1941,729,52,10,2732,1941,729,52,10,2732,0,0,0,2732
04/22/2004,ATL,GA,ASO,ES,Combined TRACON& Tower with Radar,0,0,0,0,0,1984,726,56,14,2780,1984,726,56,14,2780,0,0,0,2780
04/23/2004,ATL,GA,ASO,ES,Combined TRACON& Tower with Radar,0,0,0,0,0,1972,725,60,1,2758,1972,725,60,1,2758,0,0,0,2758
04/24/2004,ATL,GA,ASO,ES,Combined TRACON& Tower with Radar,0,0,0,0,0,1846,661,24,3,2534,1846,661,24,3,2534,0,0,0,2534
04/25/2004,ATL,GA,ASO,ES,Combined TRACON& Tower with Radar,0,0,0,0,0,1896,668,17,1,2582,1896,668,17,1,2582,0,0,0,2582
04/26/2004,ATL,GA,ASO,ES,Combined TRACON& Tower with Radar,0,0,0,0,0,1945,701,30,5,2681,1945,701,30,5,2681,0,0,0,2681
04/27/2004,ATL,GA,ASO,ES,Combined TRACON& Tower with Radar,0,0,0,0,0,1951,735,55,15,2756,1951,735,55,15,2756,0,0,0,2756
04/28/2004,ATL,GA,ASO,ES,Combined TRACON& Tower with Radar,0,0,0,0,0,1941,736,53,7,2737,1941,736,53,7,2737,0,0,0,2737
04/29/2004,ATL,GA,ASO,ES,Combined TRACON& Tower with Radar,0,0,0,0,0,1966,729,35,9,2739,1966,729,35,9,2739,0,0,0,2739
04/30/2004,ATL,GA,ASO,ES,Combined TRACON& Tower with Radar,0,0,0,0,0,1952,717,36,9,2714,1952,717,36,9,2714,0,0,0,2714
05/01/2004,ATL,GA,ASO,ES,Combined TRACON& Tower with Radar,0,0,0,0,0,1757,661,21,3,2442,1757,661,21,3,2442,0,0,0,2442
05/02/2004,ATL,GA,ASO,ES,Combined TRACON& Tower with Radar,0,0,0,0,0,1910,680,11,0,2601,1910,680,11,0,2601,0,0,0,2601
05/03/2004,ATL,GA,ASO,ES,Combined TRACON& Tower with Radar,0,0,0,0,0,1946,718,31,2,2697,1946,718,31,2,2697,0,0,0,2697
05/04/2004,ATL,GA,ASO,ES,Combined TRACON& Tower with Radar,0,0,0,0,0,1927,743,47,3,2720,1927,743,47,3,2720,0,0,0,2720
05/05/2004,ATL,GA,ASO,ES,Combined TRACON& Tower with Radar,0,0,0,0,0,1961,731,42,8,2742,1961,731,42,8,2742,0,0,0,2742
05/06/2004,ATL,GA,ASO,ES,Combined TRACON& Tower with Radar,0,0,0,0,0,1974,719,40,12,2745,1974,719,40,12,2745,0,0,0,2745
05/07/2004,ATL,GA,ASO,ES,Combined TRACON& Tower with Radar,0,0,0,0,0,1964,717,30,16,2727,1964,717,30,16,2727,0,0,0,2727
05/08/2004,ATL,GA,ASO,ES,Combined TRACON& Tower with Radar,0,0,0,0,0,1830,683,25,3,2541,1830,683,25,3,2541,0,0,0,2541
05/09/2004,ATL,GA,ASO,ES,Combined TRACON& Tower with Radar,0,0,0,0,0,1876,663,14,0,2553,1876,663,14,0,2553,0,0,0,2553
05/10/2004,ATL,GA,ASO,ES,Combined TRACON& Tower with Radar,0,0,0,0,0,1972,728,30,6,2736,1972,728,30,6,2736,0,0,0,2736
05/11/2004,ATL,GA,ASO,ES,Combined TRACON& Tower with Radar,0,0,0,0,0,1931,746,41,4,2722,1931,746,41,4,2722,0,0,0,2722
05/12/2004,ATL,GA,ASO,ES,Combined TRACON& Tower with Radar,0,0,0,0,0,1936,717,40,3,2696,1936,717,40,3,2696,0,0,0,2696
05/13/2004,ATL,GA,ASO,ES,Combined TRACON& Tower with Radar,0,0,0,0,0,1940,698,38,6,2682,1940,698,38,6,2682,0,0,0,2682
05/14/2004,ATL,GA,ASO,ES,Combined TRACON& Tower with Radar,0,0,0,0,0,1966,727,33,4,2730,1966,727,33,4,2730,0,0,0,2730
05/15/2004,ATL,GA,ASO,ES,Combined TRACON& Tower with Radar,0,0,0,0,0,1850,673,24,0,2547,1850,673,24,0,2547,0,0,0,2547
05/16/2004,ATL,GA,ASO,ES,Combined TRACON& Tower with Radar,0,0,0,0,0,1897,682,18,1,2598,1897,682,18,1,2598,0,0,0,2598
05/17/2004,ATL,GA,ASO,ES,Combined TRACON& Tower with Radar,0,0,0,0,0,1939,708,45,3,2695,1939,708,45,3,2695,0,0,0,2695
05/18/2004,ATL,GA,ASO,ES,Combined TRACON& Tower with Radar,0,0,0,0,0,1916,715,52,3,2686,1916,715,52,3,2686,0,0,0,2686
05/19/2004,ATL,GA,ASO,ES,Combined TRACON& Tower with Radar,0,0,0,0,0,1977,745,45,23,2790,1977,745,45,23,2790,0,0,0,2790
05/20/2004,ATL,GA,ASO,ES,Combined TRACON& Tower with Radar,0,0,0,0,0,1967,742,54,17,2780,1967,742,54,17,2780,0,0,0,2780
05/21/2004,ATL,GA,ASO,ES,Combined TRACON& Tower with Radar,0,0,0,0,0,1960,701,47,1,2709,1960,701,47,1,2709,0,0,0,2709
05/22/2004,ATL,GA,ASO,ES,Combined TRACON& Tower with Radar,0,0,0,0,0,1821,672,26,0,2519,1821,672,26,0,2519,0,0,0,2519
05/23/2004,ATL,GA,ASO,ES,Combined TRACON& Tower with Radar,0,0,0,0,0,1915,673,18,1,2607,1915,673,18,1,2607,0,0,0,2607
05/24/2004,ATL,GA,ASO,ES,Combined TRACON& Tower with Radar,0,0,0,0,0,1942,710,43,8,2703,1942,710,43,8,2703,0,0,0,2703
05/25/2004,ATL,GA,ASO,ES,Combined TRACON& Tower with Radar,0,0,0,0,0,1959,724,35,2,2720,1959,724,35,2,2720,0,0,0,2720
05/26/2004,ATL,GA,ASO,ES,Combined TRACON& Tower with Radar,0,0,0,0,0,1943,723,43,6,2715,1943,723,43,6,2715,0,0,0,2715
05/27/2004,ATL,GA,ASO,ES,Combined TRACON& Tower with Radar,0,0,0,0,0,1972,717,29,1,2719,1972,717,29,1,2719,0,0,0,2719
05/28/2004,ATL,GA,ASO,ES,Combined TRACON& Tower with Radar,0,0,0,0,0,1965,720,32,3,2720,1965,720,32,3,2720,0,0,0,2720
05/29/2004,ATL,GA,ASO,ES,Combined TRACON& Tower with Radar,0,0,0,0,0,1826,671,17,4,2518,1826,671,17,4,2518,0,0,0,2518
05/30/2004,ATL,GA,ASO,ES,Combined TRACON& Tower with Radar,0,0,0,0,0,1809,642,5,1,2457,1809,642,5,1,2457,0,0,0,2457
05/31/2004,ATL,GA,ASO,ES,Combined TRACON& Tower with Radar,0,0,0,0,0,1830,602,7,1,2440,1830,602,7,1,2440,0,0,0,2440
06/01/2004,ATL,GA,ASO,ES,Combined TRACON& Tower with Radar,0,0,0,0,0,1977,732,24,5,2738,1977,732,24,5,2738,0,0,0,2738
06/02/2004,ATL,GA,ASO,ES,Combined TRACON& Tower with Radar,0,0,0,0,0,1972,753,39,3,2767,1972,753,39,3,2767,0,0,0,2767
06/03/2004,ATL,GA,ASO,ES,Combined TRACON& Tower with Radar,0,0,0,0,0,2010,749,27,3,2789,2010,749,27,3,2789,0,0,0,2789
06/04/2004,ATL,GA,ASO,ES,Combined TRACON& Tower with Radar,0,0,0,0,0,1981,729,34,4,2748,1981,729,34,4,2748,0,0,0,2748
06/05/2004,ATL,GA,ASO,ES,Combined TRACON& Tower with Radar,0,0,0,0,0,1877,672,14,4,2567,1877,672,14,4,2567,0,0,0,2567
06/06/2004,ATL,GA,ASO,ES,Combined TRACON& Tower with Radar,0,0,0,0,0,1924,674,22,1,2621,1924,674,22,1,2621,0,0,0,2621
06/07/2004,ATL,GA,ASO,ES,Combined TRACON& Tower with Radar,0,0,0,0,0,1916,654,20,1,2591,1916,654,20,1,2591,0,0,0,2591
06/08/2004,ATL,GA,ASO,ES,Combined TRACON& Tower with Radar,0,0,0,0,0,1980,731,42,0,2753,1980,731,42,0,2753,0,0,0,2753
06/09/2004,ATL,GA,ASO,ES,Combined TRACON& Tower with Radar,0,0,0,0,0,1946,711,40,3,2700,1946,711,40,3,2700,0,0,0,2700
06/10/2004,ATL,GA,ASO,ES,Combined TRACON& Tower with Radar,0,0,0,0,0,2013,723,38,10,2784,2013,723,38,10,2784,0,0,0,2784
06/11/2004,ATL,GA,ASO,ES,Combined TRACON& Tower with Radar,0,0,0,0,0,1966,704,39,10,2719,1966,704,39,10,2719,0,0,0,2719
06/12/2004,ATL,GA,ASO,ES,Combined TRACON& Tower with Radar,0,0,0,0,0,1883,658,19,1,2561,1883,658,19,1,2561,0,0,0,2561
06/13/2004,ATL,GA,ASO,ES,Combined TRACON& Tower with Radar,0,0,0,0,0,1862,610,18,4,2494,1862,610,18,4,2494,0,0,0,2494
06/14/2004,ATL,GA,ASO,ES,Combined TRACON& Tower with Radar,0,0,0,0,0,1992,689,18,3,2702,1992,689,18,3,2702,0,0,0,2702
06/15/2004,ATL,GA,ASO,ES,Combined TRACON& Tower with Radar,0,0,0,0,0,1937,705,22,3,2667,1937,705,22,3,2667,0,0,0,2667
06/16/2004,ATL,GA,ASO,ES,Combined TRACON& Tower with Radar,0,0,0,0,0,1903,728,36,6,2673,1903,728,36,6,2673,0,0,0,2673
06/17/2004,ATL,GA,ASO,ES,Combined TRACON& Tower with Radar,0,0,0,0,0,1987,780,34,2,2803,1987,780,34,2,2803,0,0,0,2803
06/18/2004,ATL,GA,ASO,ES,Combined TRACON& Tower with Radar,0,0,0,0,0,2000,754,39,5,2798,2000,754,39,5,2798,0,0,0,2798
06/19/2004,ATL,GA,ASO,ES,Combined TRACON& Tower with Radar,0,0,0,0,0,1900,685,14,0,2599,1900,685,14,0,2599,0,0,0,2599
06/20/2004,ATL,GA,ASO,ES,Combined TRACON& Tower with Radar,0,0,0,0,0,1936,701,18,2,2657,1936,701,18,2,2657,0,0,0,2657
06/21/2004,ATL,GA,ASO,ES,Combined TRACON& Tower with Radar,0,0,0,0,0,1783,619,35,2,2439,1783,619,35,2,2439,0,0,0,2439
06/22/2004,ATL,GA,ASO,ES,Combined TRACON& Tower with Radar,0,0,0,0,0,1956,710,28,3,2697,1956,710,28,3,2697,0,0,0,2697
06/23/2004,ATL,GA,ASO,ES,Combined TRACON& Tower with Radar,0,0,0,0,0,1937,736,43,5,2721,1937,736,43,5,2721,0,0,0,2721
06/24/2004,ATL,GA,ASO,ES,Combined TRACON& Tower with Radar,0,0,0,0,0,2063,774,30,7,2874,2063,774,30,7,2874,0,0,0,2874
06/25/2004,ATL,GA,ASO,ES,Combined TRACON& Tower with Radar,0,0,0,0,0,1945,732,18,6,2701,1945,732,18,6,2701,0,0,0,2701
06/26/2004,ATL,GA,ASO,ES,Combined TRACON& Tower with Radar,0,0,0,0,0,1921,700,16,5,2642,1921,700,16,5,2642,0,0,0,2642
06/27/2004,ATL,GA,ASO,ES,Combined TRACON& Tower with Radar,0,0,0,0,0,1718,573,12,2,2305,1718,573,12,2,2305,0,0,0,2305
06/28/2004,ATL,GA,ASO,ES,Combined TRACON& Tower with Radar,0,0,0,0,0,2090,766,29,2,2887,2090,766,29,2,2887,0,0,0,2887
06/29/2004,ATL,GA,ASO,ES,Combined TRACON& Tower with Radar,0,0,0,0,0,2017,787,52,6,2862,2017,787,52,6,2862,0,0,0,2862
06/30/2004,ATL,GA,ASO,ES,Combined TRACON& Tower with Radar,0,0,0,0,0,1939,733,33,9,2714,1939,733,33,9,2714,0,0,0,2714
07/01/2004,ATL,GA,ASO,ES,Combined TRACON& Tower with Radar,0,0,0,0,0,2023,738,30,3,2794,2023,738,30,3,2794,0,0,0,2794
07/02/2004,ATL,GA,ASO,ES,Combined TRACON& Tower with Radar,0,0,0,0,0,2018,696,32,4,2750,2018,696,32,4,2750,0,0,0,2750
07/03/2004,ATL,GA,ASO,ES,Combined TRACON& Tower with Radar,0,0,0,0,0,1859,645,16,1,2521,1859,645,16,1,2521,0,0,0,2521
07/04/2004,ATL,GA,ASO,ES,Combined TRACON& Tower with Radar,0,0,0,0,0,1830,635,8,5,2478,1830,635,8,5,2478,0,0,0,2478
07/05/2004,ATL,GA,ASO,ES,Combined TRACON& Tower with Radar,0,0,0,0,0,1954,654,28,0,2636,1954,654,28,0,2636,0,0,0,2636
07/06/2004,ATL,GA,ASO,ES,Combined TRACON& Tower with Radar,0,0,0,0,0,1956,669,23,5,2653,1956,669,23,5,2653,0,0,0,2653
07/07/2004,ATL,GA,ASO,ES,Combined TRACON& Tower with Radar,0,0,0,0,0,1969,683,30,0,2682,1969,683,30,0,2682,0,0,0,2682
07/08/2004,ATL,GA,ASO,ES,Combined TRACON& Tower with Radar,0,0,0,0,0,2056,706,31,7,2800,2056,706,31,7,2800,0,0,0,2800
07/09/2004,ATL,GA,ASO,ES,Combined TRACON& Tower with Radar,0,0,0,0,0,1997,703,14,5,2719,1997,703,14,5,2719,0,0,0,2719
07/10/2004,ATL,GA,ASO,ES,Combined TRACON& Tower with Radar,0,0,0,0,0,1853,634,21,5,2513,1853,634,21,5,2513,0,0,0,2513
07/11/2004,ATL,GA,ASO,ES,Combined TRACON& Tower with Radar,0,0,0,0,0,1929,644,18,0,2591,1929,644,18,0,2591,0,0,0,2591
07/12/2004,ATL,GA,ASO,ES,Combined TRACON& Tower with Radar,0,0,0,0,0,1893,657,35,1,2586,1893,657,35,1,2586,0,0,0,2586
07/13/2004,ATL,GA,ASO,ES,Combined TRACON& Tower with Radar,0,0,0,0,0,2004,738,45,2,2789,2004,738,45,2,2789,0,0,0,2789
07/14/2004,ATL,GA,ASO,ES,Combined TRACON& Tower with Radar,0,0,0,0,0,1921,676,36,3,2636,1921,676,36,3,2636,0,0,0,2636
07/15/2004,ATL,GA,ASO,ES,Combined TRACON& Tower with Radar,0,0,0,0,0,2072,735,56,13,2876,2072,735,56,13,2876,0,0,0,2876
07/16/2004,ATL,GA,ASO,ES,Combined TRACON& Tower with Radar,0,0,0,0,0,1988,701,37,5,2731,1988,701,37,5,2731,0,0,0,2731
07/17/2004,ATL,GA,ASO,ES,Combined TRACON& Tower with Radar,0,0,0,0,0,1856,653,18,1,2528,1856,653,18,1,2528,0,0,0,2528
07/18/2004,ATL,GA,ASO,ES,Combined TRACON& Tower with Radar,0,0,0,0,0,1928,661,27,2,2618,1928,661,27,2,2618,0,0,0,2618
07/19/2004,ATL,GA,ASO,ES,Combined TRACON& Tower with Radar,0,0,0,0,0,2005,699,36,1,2741,2005,699,36,1,2741,0,0,0,2741
07/20/2004,ATL,GA,ASO,ES,Combined TRACON& Tower with Radar,0,0,0,0,0,1984,717,32,2,2735,1984,717,32,2,2735,0,0,0,2735
07/21/2004,ATL,GA,ASO,ES,Combined TRACON& Tower with Radar,0,0,0,0,0,1990,714,30,0,2734,1990,714,30,0,2734,0,0,0,2734
07/22/2004,ATL,GA,ASO,ES,Combined TRACON& Tower with Radar,0,0,0,0,0,1999,721,37,6,2763,1999,721,37,6,2763,0,0,0,2763
07/23/2004,ATL,GA,ASO,ES,Combined TRACON& Tower with Radar,0,0,0,0,0,1997,710,30,3,2740,1997,710,30,3,2740,0,0,0,2740
07/24/2004,ATL,GA,ASO,ES,Combined TRACON& Tower with Radar,0,0,0,0,0,1887,652,14,0,2553,1887,652,14,0,2553,0,0,0,2553
07/25/2004,ATL,GA,ASO,ES,Combined TRACON& Tower with Radar,0,0,0,0,0,1781,593,8,2,2384,1781,593,8,2,2384,0,0,0,2384
07/26/2004,ATL,GA,ASO,ES,Combined TRACON& Tower with Radar,0,0,0,0,0,2120,722,24,9,2875,2120,722,24,9,2875,0,0,0,2875
07/27/2004,ATL,GA,ASO,ES,Combined TRACON& Tower with Radar,0,0,0,0,0,1944,714,26,4,2688,1944,714,26,4,2688,0,0,0,2688
07/28/2004,ATL,GA,ASO,ES,Combined TRACON& Tower with Radar,0,0,0,0,0,1990,722,34,0,2746,1990,722,34,0,2746,0,0,0,2746
07/29/2004,ATL,GA,ASO,ES,Combined TRACON& Tower with Radar,0,0,0,0,0,2032,702,38,4,2776,2032,702,38,4,2776,0,0,0,2776
07/30/2004,ATL,GA,ASO,ES,Combined TRACON& Tower with Radar,0,0,0,0,0,1981,720,41,5,2747,1981,720,41,5,2747,0,0,0,2747
07/31/2004,ATL,GA,ASO,ES,Combined TRACON& Tower with Radar,0,0,0,0,0,1861,653,18,10,2542,1861,653,18,10,2542,0,0,0,2542
08/01/2004,ATL,GA,ASO,ES,Combined TRACON& Tower with Radar,0,0,0,0,0,1926,662,16,2,2606,1926,662,16,2,2606,0,0,0,2606
08/02/2004,ATL,GA,ASO,ES,Combined TRACON& Tower with Radar,0,0,0,0,0,1991,704,35,5,2735,1991,704,35,5,2735,0,0,0,2735
08/03/2004,ATL,GA,ASO,ES,Combined TRACON& Tower with Radar,0,0,0,0,0,2011,734,49,8,2802,2011,734,49,8,2802,0,0,0,2802
08/04/2004,ATL,GA,ASO,ES,Combined TRACON& Tower with Radar,0,0,0,0,0,1978,715,30,3,2726,1978,715,30,3,2726,0,0,0,2726
08/05/2004,ATL,GA,ASO,ES,Combined TRACON& Tower with Radar,0,0,0,0,0,1987,694,31,4,2716,1987,694,31,4,2716,0,0,0,2716
08/06/2004,ATL,GA,ASO,ES,Combined TRACON& Tower with Radar,0,0,0,0,0,2043,750,32,12,2837,2043,750,32,12,2837,0,0,0,2837
08/07/2004,ATL,GA,ASO,ES,Combined TRACON& Tower with Radar,0,0,0,0,0,1872,646,24,0,2542,1872,646,24,0,2542,0,0,0,2542
08/08/2004,ATL,GA,ASO,ES,Combined TRACON& Tower with Radar,0,0,0,0,0,1967,671,13,2,2653,1967,671,13,2,2653,0,0,0,2653
08/09/2004,ATL,GA,ASO,ES,Combined TRACON& Tower with Radar,0,0,0,0,0,2006,704,39,0,2749,2006,704,39,0,2749,0,0,0,2749
08/10/2004,ATL,GA,ASO,ES,Combined TRACON& Tower with Radar,0,0,0,0,0,1981,705,32,2,2720,1981,705,32,2,2720,0,0,0,2720
08/11/2004,ATL,GA,ASO,ES,Combined TRACON& Tower with Radar,0,0,0,0,0,1962,733,27,4,2726,1962,733,27,4,2726,0,0,0,2726
08/12/2004,ATL,GA,ASO,ES,Combined TRACON& Tower with Radar,0,0,0,0,0,2014,715,27,1,2757,2014,715,27,1,2757,0,0,0,2757
08/13/2004,ATL,GA,ASO,ES,Combined TRACON& Tower with Radar,0,0,0,0,0,1946,711,25,4,2686,1946,711,25,4,2686,0,0,0,2686
08/14/2004,ATL,GA,ASO,ES,Combined TRACON& Tower with Radar,0,0,0,0,0,1809,627,20,4,2460,1809,627,20,4,2460,0,0,0,2460
08/15/2004,ATL,GA,ASO,ES,Combined TRACON& Tower with Radar,0,0,0,0,0,1963,683,11,8,2665,1963,683,11,8,2665,0,0,0,2665
08/16/2004,ATL,GA,ASO,ES,Combined TRACON& Tower with Radar,0,0,0,0,0,2008,717,43,2,2770,2008,717,43,2,2770,0,0,0,2770
08/17/2004,ATL,GA,ASO,ES,Combined TRACON& Tower with Radar,0,0,0,0,0,1981,732,29,4,2746,1981,732,29,4,2746,0,0,0,2746
08/18/2004,ATL,GA,ASO,ES,Combined TRACON& Tower with Radar,0,0,0,0,0,1993,729,37,7,2766,1993,729,37,7,2766,0,0,0,2766
08/19/2004,ATL,GA,ASO,ES,Combined TRACON& Tower with Radar,0,0,0,0,0,1999,722,49,10,2780,1999,722,49,10,2780,0,0,0,2780
08/20/2004,ATL,GA,ASO,ES,Combined TRACON& Tower with Radar,0,0,0,0,0,1951,690,15,9,2665,1951,690,15,9,2665,0,0,0,2665
08/21/2004,ATL,GA,ASO,ES,Combined TRACON& Tower with Radar,0,0,0,0,0,1911,663,16,3,2593,1911,663,16,3,2593,0,0,0,2593
08/22/2004,ATL,GA,ASO,ES,Combined TRACON& Tower with Radar,0,0,0,0,0,1956,695,13,1,2665,1956,695,13,1,2665,0,0,0,2665
08/23/2004,ATL,GA,ASO,ES,Combined TRACON& Tower with Radar,0,0,0,0,0,1992,704,30,2,2728,1992,704,30,2,2728,0,0,0,2728
08/24/2004,ATL,GA,ASO,ES,Combined TRACON& Tower with Radar,0,0,0,0,0,1972,749,30,4,2755,1972,749,30,4,2755,0,0,0,2755
08/25/2004,ATL,GA,ASO,ES,Combined TRACON& Tower with Radar,0,0,0,0,0,1983,730,35,8,2756,1983,730,35,8,2756,0,0,0,2756
08/26/2004,ATL,GA,ASO,ES,Combined TRACON& Tower with Radar,0,0,0,0,0,2043,739,35,7,2824,2043,739,35,7,2824,0,0,0,2824
08/27/2004,ATL,GA,ASO,ES,Combined TRACON& Tower with Radar,0,0,0,0,0,2004,728,25,9,2766,2004,728,25,9,2766,0,0,0,2766
08/28/2004,ATL,GA,ASO,ES,Combined TRACON& Tower with Radar,0,0,0,0,0,1849,636,11,1,2497,1849,636,11,1,2497,0,0,0,2497
08/29/2004,ATL,GA,ASO,ES,Combined TRACON& Tower with Radar,0,0,0,0,0,1923,648,15,0,2586,1923,648,15,0,2586,0,0,0,2586
08/30/2004,ATL,GA,ASO,ES,Combined TRACON& Tower with Radar,0,0,0,0,0,1975,695,39,2,2711,1975,695,39,2,2711,0,0,0,2711
08/31/2004,ATL,GA,ASO,ES,Combined TRACON& Tower with Radar,0,0,0,0,0,1981,723,34,2,2740,1981,723,34,2,2740,0,0,0,2740
09/01/2004,ATL,GA,ASO,ES,Combined TRACON& Tower with Radar,0,0,0,0,0,1998,721,51,5,2775,1998,721,51,5,2775,0,0,0,2775
09/02/2004,ATL,GA,ASO,ES,Combined TRACON& Tower with Radar,0,0,0,0,0,2026,692,60,2,2780,2026,692,60,2,2780,0,0,0,2780
09/03/2004,ATL,GA,ASO,ES,Combined TRACON& Tower with Radar,0,0,0,0,0,1955,740,48,9,2752,1955,740,48,9,2752,0,0,0,2752
09/04/2004,ATL,GA,ASO,ES,Combined TRACON& Tower with Radar,0,0,0,0,0,1589,633,15,2,2239,1589,633,15,2,2239,0,0,0,2239
09/05/2004,ATL,GA,ASO,ES,Combined TRACON& Tower with Radar,0,0,0,0,0,1512,572,13,1,2098,1512,572,13,1,2098,0,0,0,2098
09/06/2004,ATL,GA,ASO,ES,Combined TRACON& Tower with Radar,0,0,0,0,0,1757,587,13,4,2361,1757,587,13,4,2361,0,0,0,2361
09/07/2004,ATL,GA,ASO,ES,Combined TRACON& Tower with Radar,0,0,0,0,0,1863,641,23,0,2527,1863,641,23,0,2527,0,0,0,2527
09/08/2004,ATL,GA,ASO,ES,Combined TRACON& Tower with Radar,0,0,0,0,0,1973,716,20,6,2715,1973,716,20,6,2715,0,0,0,2715
09/09/2004,ATL,GA,ASO,ES,Combined TRACON& Tower with Radar,0,0,0,0,0,2003,732,40,0,2775,2003,732,40,0,2775,0,0,0,2775
09/10/2004,ATL,GA,ASO,ES,Combined TRACON& Tower with Radar,0,0,0,0,0,2005,727,48,6,2786,2005,727,48,6,2786,0,0,0,2786
09/11/2004,ATL,GA,ASO,ES,Combined TRACON& Tower with Radar,0,0,0,0,0,1792,636,14,2,2444,1792,636,14,2,2444,0,0,0,2444
09/12/2004,ATL,GA,ASO,ES,Combined TRACON& Tower with Radar,0,0,0,0,0,1904,659,32,3,2598,1904,659,32,3,2598,0,0,0,2598
09/13/2004,ATL,GA,ASO,ES,Combined TRACON& Tower with Radar,0,0,0,0,0,1948,701,27,1,2677,1948,701,27,1,2677,0,0,0,2677
09/14/2004,ATL,GA,ASO,ES,Combined TRACON& Tower with Radar,0,0,0,0,0,1954,713,31,7,2705,1954,713,31,7,2705,0,0,0,2705
09/15/2004,ATL,GA,ASO,ES,Combined TRACON& Tower with Radar,0,0,0,0,0,1837,679,34,0,2550,1837,679,34,0,2550,0,0,0,2550
09/16/2004,ATL,GA,ASO,ES,Combined TRACON& Tower with Radar,0,0,0,0,0,1265,384,6,2,1657,1265,384,6,2,1657,0,0,0,1657
09/17/2004,ATL,GA,ASO,ES,Combined TRACON& Tower with Radar,0,0,0,0,0,1977,639,19,7,2642,1977,639,19,7,2642,0,0,0,2642
09/18/2004,ATL,GA,ASO,ES,Combined TRACON& Tower with Radar,0,0,0,0,0,1737,639,11,8,2395,1737,639,11,8,2395,0,0,0,2395
09/19/2004,ATL,GA,ASO,ES,Combined TRACON& Tower with Radar,0,0,0,0,0,1891,665,18,6,2580,1891,665,18,6,2580,0,0,0,2580
09/20/2004,ATL,GA,ASO,ES,Combined TRACON& Tower with Radar,0,0,0,0,0,1939,704,38,10,2691,1939,704,38,10,2691,0,0,0,2691
09/21/2004,ATL,GA,ASO,ES,Combined TRACON& Tower with Radar,0,0,0,0,0,1934,730,36,5,2705,1934,730,36,5,2705,0,0,0,2705
09/22/2004,ATL,GA,ASO,ES,Combined TRACON& Tower with Radar,0,0,0,0,0,1952,717,30,7,2706,1952,717,30,7,2706,0,0,0,2706
09/23/2004,ATL,GA,ASO,ES,Combined TRACON& Tower with Radar,0,0,0,0,0,1986,731,37,3,2757,1986,731,37,3,2757,0,0,0,2757
09/24/2004,ATL,GA,ASO,ES,Combined TRACON& Tower with Radar,0,0,0,0,0,1973,721,44,9,2747,1973,721,44,9,2747,0,0,0,2747
09/25/2004,ATL,GA,ASO,ES,Combined TRACON& Tower with Radar,0,0,0,0,0,1706,647,33,3,2389,1706,647,33,3,2389,0,0,0,2389
09/26/2004,ATL,GA,ASO,ES,Combined TRACON& Tower with Radar,0,0,0,0,0,1717,635,25,2,2379,1717,635,25,2,2379,0,0,0,2379
09/27/2004,ATL,GA,ASO,ES,Combined TRACON& Tower with Radar,0,0,0,0,0,1335,422,17,1,1775,1335,422,17,1,1775,0,0,0,1775
09/28/2004,ATL,GA,ASO,ES,Combined TRACON& Tower with Radar,0,0,0,0,0,2033,712,36,7,2788,2033,712,36,7,2788,0,0,0,2788
09/29/2004,ATL,GA,ASO,ES,Combined TRACON& Tower with Radar,0,0,0,0,0,1966,741,40,2,2749,1966,741,40,2,2749,0,0,0,2749
09/30/2004,ATL,GA,ASO,ES,Combined TRACON& Tower with Radar,0,0,0,0,0,1979,734,45,7,2765,1979,734,45,7,2765,0,0,0,2765
10/01/2004,ATL,GA,ASO,ES,Combined TRACON& Tower with Radar,0,0,0,0,0,1974,707,42,10,2733,1974,707,42,10,2733,0,0,0,2733
10/02/2004,ATL,GA,ASO,ES,Combined TRACON& Tower with Radar,0,0,0,0,0,1763,658,17,2,2440,1763,658,17,2,2440,0,0,0,2440
10/03/2004,ATL,GA,ASO,ES,Combined TRACON& Tower with Radar,0,0,0,0,0,1890,665,26,2,2583,1890,665,26,2,2583,0,0,0,2583
10/04/2004,ATL,GA,ASO,ES,Combined TRACON& Tower with Radar,0,0,0,0,0,1933,722,33,2,2690,1933,722,33,2,2690,0,0,0,2690
10/05/2004,ATL,GA,ASO,ES,Combined TRACON& Tower with Radar,0,0,0,0,0,1949,744,43,11,2747,1949,744,43,11,2747,0,0,0,2747
10/06/2004,ATL,GA,ASO,ES,Combined TRACON& Tower with Radar,0,0,0,0,0,1945,733,41,7,2726,1945,733,41,7,2726,0,0,0,2726
10/07/2004,ATL,GA,ASO,ES,Combined TRACON& Tower with Radar,0,0,0,0,0,1980,737,41,4,2762,1980,737,41,4,2762,0,0,0,2762
10/08/2004,ATL,GA,ASO,ES,Combined TRACON& Tower with Radar,0,0,0,0,0,1963,743,47,5,2758,1963,743,47,5,2758,0,0,0,2758
10/09/2004,ATL,GA,ASO,ES,Combined TRACON& Tower with Radar,0,0,0,0,0,1779,651,12,6,2448,1779,651,12,6,2448,0,0,0,2448
10/10/2004,ATL,GA,ASO,ES,Combined TRACON& Tower with Radar,0,0,0,0,0,1902,682,20,1,2605,1902,682,20,1,2605,0,0,0,2605
10/11/2004,ATL,GA,ASO,ES,Combined TRACON& Tower with Radar,0,0,0,0,0,1941,709,46,5,2701,1941,709,46,5,2701,0,0,0,2701
10/12/2004,ATL,GA,ASO,ES,Combined TRACON& Tower with Radar,0,0,0,0,0,1940,695,34,4,2673,1940,695,34,4,2673,0,0,0,2673
10/13/2004,ATL,GA,ASO,ES,Combined TRACON& Tower with Radar,0,0,0,0,0,1935,744,40,3,2722,1935,744,40,3,2722,0,0,0,2722
10/14/2004,ATL,GA,ASO,ES,Combined TRACON& Tower with Radar,0,0,0,0,0,1973,734,30,5,2742,1973,734,30,5,2742,0,0,0,2742
10/15/2004,ATL,GA,ASO,ES,Combined TRACON& Tower with Radar,0,0,0,0,0,1961,714,38,6,2719,1961,714,38,6,2719,0,0,0,2719
10/16/2004,ATL,GA,ASO,ES,Combined TRACON& Tower with Radar,0,0,0,0,0,1763,644,17,2,2426,1763,644,17,2,2426,0,0,0,2426
10/17/2004,ATL,GA,ASO,ES,Combined TRACON& Tower with Radar,0,0,0,0,0,1902,668,16,0,2586,1902,668,16,0,2586,0,0,0,2586
10/18/2004,ATL,GA,ASO,ES,Combined TRACON& Tower with Radar,0,0,0,0,0,1930,673,37,6,2646,1930,673,37,6,2646,0,0,0,2646
10/19/2004,ATL,GA,ASO,ES,Combined TRACON& Tower with Radar,0,0,0,0,0,1849,677,16,4,2546,1849,677,16,4,2546,0,0,0,2546
10/20/2004,ATL,GA,ASO,ES,Combined TRACON& Tower with Radar,0,0,0,0,0,1952,747,38,5,2742,1952,747,38,5,2742,0,0,0,2742
10/21/2004,ATL,GA,ASO,ES,Combined TRACON& Tower with Radar,0,0,0,0,0,1960,714,31,3,2708,1960,714,31,3,2708,0,0,0,2708
10/22/2004,ATL,GA,ASO,ES,Combined TRACON& Tower with Radar,0,0,0,0,0,1956,721,29,2,2708,1956,721,29,2,2708,0,0,0,2708
10/23/2004,ATL,GA,ASO,ES,Combined TRACON& Tower with Radar,0,0,0,0,0,1777,629,19,3,2428,1777,629,19,3,2428,0,0,0,2428
10/24/2004,ATL,GA,ASO,ES,Combined TRACON& Tower with Radar,0,0,0,0,0,1906,659,31,2,2598,1906,659,31,2,2598,0,0,0,2598
10/25/2004,ATL,GA,ASO,ES,Combined TRACON& Tower with Radar,0,0,0,0,0,1948,735,31,2,2716,1948,735,31,2,2716,0,0,0,2716
10/26/2004,ATL,GA,ASO,ES,Combined TRACON& Tower with Radar,0,0,0,0,0,1942,727,42,2,2713,1942,727,42,2,2713,0,0,0,2713
10/27/2004,ATL,GA,ASO,ES,Combined TRACON& Tower with Radar,0,0,0,0,0,1954,725,49,10,2738,1954,725,49,10,2738,0,0,0,2738
10/28/2004,ATL,GA,ASO,ES,Combined TRACON& Tower with Radar,0,0,0,0,0,1943,676,58,5,2682,1943,676,58,5,2682,0,0,0,2682
10/29/2004,ATL,GA,ASO,ES,Combined TRACON& Tower with Radar,0,0,0,0,0,1994,688,44,3,2729,1994,688,44,3,2729,0,0,0,2729
10/30/2004,ATL,GA,ASO,ES,Combined TRACON& Tower with Radar,0,0,0,0,0,1766,656,29,4,2455,1766,656,29,4,2455,0,0,0,2455
10/31/2004,ATL,GA,ASO,ES,Combined TRACON& Tower with Radar,0,0,0,0,0,1913,680,45,1,2639,1913,680,45,1,2639,0,0,0,2639
11/01/2004,ATL,GA,ASO,ES,Towers with Radar,0,0,0,0,0,1952,697,30,8,2687,1952,697,30,8,2687,0,0,0,2687
11/02/2004,ATL,GA,ASO,ES,Towers with Radar,0,0,0,0,0,1846,654,20,7,2527,1846,654,20,7,2527,0,0,0,2527
11/03/2004,ATL,GA,ASO,ES,Towers with Radar,0,0,0,0,0,2018,734,27,5,2784,2018,734,27,5,2784,0,0,0,2784
11/04/2004,ATL,GA,ASO,ES,Towers with Radar,0,0,0,0,0,1956,714,24,3,2697,1956,714,24,3,2697,0,0,0,2697
11/05/2004,ATL,GA,ASO,ES,Towers with Radar,0,0,0,0,0,1974,682,44,4,2704,1974,682,44,4,2704,0,0,0,2704
11/06/2004,ATL,GA,ASO,ES,Towers with Radar,0,0,0,0,0,1808,640,22,4,2474,1808,640,22,4,2474,0,0,0,2474
11/07/2004,ATL,GA,ASO,ES,Towers with Radar,0,0,0,0,0,1885,658,26,5,2574,1885,658,26,5,2574,0,0,0,2574
11/08/2004,ATL,GA,ASO,ES,Towers with Radar,0,0,0,0,0,1928,686,46,3,2663,1928,686,46,3,2663,0,0,0,2663
11/09/2004,ATL,GA,ASO,ES,Towers with Radar,0,0,0,0,0,1931,714,50,8,2703,1931,714,50,8,2703,0,0,0,2703
11/10/2004,ATL,GA,ASO,ES,Towers with Radar,0,0,0,0,0,1942,704,28,3,2677,1942,704,28,3,2677,0,0,0,2677
11/11/2004,ATL,GA,ASO,ES,Towers with Radar,0,0,0,0,0,1795,570,30,5,2400,1795,570,30,5,2400,0,0,0,2400
11/12/2004,ATL,GA,ASO,ES,Towers with Radar,0,0,0,0,0,1991,667,43,2,2703,1991,667,43,2,2703,0,0,0,2703
11/13/2004,ATL,GA,ASO,ES,Towers with Radar,0,0,0,0,0,1817,634,15,3,2469,1817,634,15,3,2469,0,0,0,2469
11/14/2004,ATL,GA,ASO,ES,Towers with Radar,0,0,0,0,0,1889,664,25,5,2583,1889,664,25,5,2583,0,0,0,2583
11/15/2004,ATL,GA,ASO,ES,Towers with Radar,0,0,0,0,0,1930,696,30,10,2666,1930,696,30,10,2666,0,0,0,2666
11/16/2004,ATL,GA,ASO,ES,Towers with Radar,0,0,0,0,0,1940,707,39,2,2688,1940,707,39,2,2688,0,0,0,2688
11/17/2004,ATL,GA,ASO,ES,Towers with Radar,0,0,0,0,0,1939,700,45,17,2701,1939,700,45,17,2701,0,0,0,2701
11/18/2004,ATL,GA,ASO,ES,Towers with Radar,0,0,0,0,0,1954,695,44,9,2702,1954,695,44,9,2702,0,0,0,2702
11/19/2004,ATL,GA,ASO,ES,Towers with Radar,0,0,0,0,0,1961,682,37,5,2685,1961,682,37,5,2685,0,0,0,2685
11/20/2004,ATL,GA,ASO,ES,Towers with Radar,0,0,0,0,0,1811,662,12,3,2488,1811,662,12,3,2488,0,0,0,2488
11/21/2004,ATL,GA,ASO,ES,Towers with Radar,0,0,0,0,0,1883,654,20,1,2558,1883,654,20,1,2558,0,0,0,2558
11/22/2004,ATL,GA,ASO,ES,Towers with Radar,0,0,0,0,0,1814,618,20,0,2452,1814,618,20,0,2452,0,0,0,2452
11/23/2004,ATL,GA,ASO,ES,Towers with Radar,0,0,0,0,0,1976,682,14,4,2676,1976,682,14,4,2676,0,0,0,2676
11/24/2004,ATL,GA,ASO,ES,Towers with Radar,0,0,0,0,0,1886,641,13,3,2543,1886,641,13,3,2543,0,0,0,2543
11/25/2004,ATL,GA,ASO,ES,Towers with Radar,0,0,0,0,0,1647,665,7,5,2324,1647,665,7,5,2324,0,0,0,2324
11/26/2004,ATL,GA,ASO,ES,Towers with Radar,0,0,0,0,0,1664,645,16,1,2326,1664,645,16,1,2326,0,0,0,2326
11/27/2004,ATL,GA,ASO,ES,Towers with Radar,0,0,0,0,0,1760,639,13,2,2414,1760,639,13,2,2414,0,0,0,2414
11/28/2004,ATL,GA,ASO,ES,Towers with Radar,0,0,0,0,0,1902,685,13,1,2601,1902,685,13,1,2601,0,0,0,2601
11/29/2004,ATL,GA,ASO,ES,Towers with Radar,0,0,0,0,0,1963,702,31,4,2700,1963,702,31,4,2700,0,0,0,2700
11/30/2004,ATL,GA,ASO,ES,Towers with Radar,0,0,0,0,0,1893,684,18,3,2598,1893,684,18,3,2598,0,0,0,2598
12/01/2004,ATL,GA,ASO,ES,Towers with Radar,0,0,0,0,0,1924,708,28,7,2667,1924,708,28,7,2667,0,0,0,2667
12/02/2004,ATL,GA,ASO,ES,Towers with Radar,0,0,0,0,0,1940,714,45,10,2709,1940,714,45,10,2709,0,0,0,2709
12/03/2004,ATL,GA,ASO,ES,Towers with Radar,0,0,0,0,0,1937,728,41,7,2713,1937,728,41,7,2713,0,0,0,2713
12/04/2004,ATL,GA,ASO,ES,Towers with Radar,0,0,0,0,0,1766,653,19,2,2440,1766,653,19,2,2440,0,0,0,2440
12/05/2004,ATL,GA,ASO,ES,Towers with Radar,0,0,0,0,0,1856,660,18,2,2536,1856,660,18,2,2536,0,0,0,2536
12/06/2004,ATL,GA,ASO,ES,Towers with Radar,0,0,0,0,0,1805,624,20,0,2449,1805,624,20,0,2449,0,0,0,2449
12/07/2004,ATL,GA,ASO,ES,Towers with Radar,0,0,0,0,0,1927,691,22,7,2647,1927,691,22,7,2647,0,0,0,2647
12/08/2004,ATL,GA,ASO,ES,Towers with Radar,0,0,0,0,0,1949,726,60,7,2742,1949,726,60,7,2742,0,0,0,2742
12/09/2004,ATL,GA,ASO,ES,Towers with Radar,0,0,0,0,0,1672,574,33,4,2283,1672,574,33,4,2283,0,0,0,2283
12/10/2004,ATL,GA,ASO,ES,Towers with Radar,0,0,0,0,0,2065,715,28,7,2815,2065,715,28,7,2815,0,0,0,2815
12/11/2004,ATL,GA,ASO,ES,Towers with Radar,0,0,0,0,0,1780,675,26,3,2484,1780,675,26,3,2484,0,0,0,2484
12/12/2004,ATL,GA,ASO,ES,Towers with Radar,0,0,0,0,0,1880,667,13,4,2564,1880,667,13,4,2564,0,0,0,2564
12/13/2004,ATL,GA,ASO,ES,Towers with Radar,0,0,0,0,0,1908,695,29,4,2636,1908,695,29,4,2636,0,0,0,2636
12/14/2004,ATL,GA,ASO,ES,Towers with Radar,0,0,0,0,0,1932,719,38,6,2695,1932,719,38,6,2695,0,0,0,2695
12/15/2004,ATL,GA,ASO,ES,Towers with Radar,0,0,0,0,0,1946,727,27,4,2704,1946,727,27,4,2704,0,0,0,2704
12/16/2004,ATL,GA,ASO,ES,Towers with Radar,0,0,0,0,0,1960,719,45,11,2735,1960,719,45,11,2735,0,0,0,2735
12/17/2004,ATL,GA,ASO,ES,Towers with Radar,0,0,0,0,0,1974,710,44,5,2733,1974,710,44,5,2733,0,0,0,2733
12/18/2004,ATL,GA,ASO,ES,Towers with Radar,0,0,0,0,0,1820,650,27,5,2502,1820,650,27,5,2502,0,0,0,2502
12/19/2004,ATL,GA,ASO,ES,Towers with Radar,0,0,0,0,0,1885,628,11,4,2528,1885,628,11,4,2528,0,0,0,2528
12/20/2004,ATL,GA,ASO,ES,Towers with Radar,0,0,0,0,0,1925,671,30,7,2633,1925,671,30,7,2633,0,0,0,2633
12/21/2004,ATL,GA,ASO,ES,Towers with Radar,0,0,0,0,0,1968,706,20,17,2711,1968,706,20,17,2711,0,0,0,2711
12/22/2004,ATL,GA,ASO,ES,Towers with Radar,0,0,0,0,0,1903,640,20,4,2567,1903,640,20,4,2567,0,0,0,2567
12/23/2004,ATL,GA,ASO,ES,Towers with Radar,0,0,0,0,0,1876,622,17,2,2517,1876,622,17,2,2517,0,0,0,2517
12/24/2004,ATL,GA,ASO,ES,Towers with Radar,0,0,0,0,0,1852,602,19,1,2474,1852,602,19,1,2474,0,0,0,2474
12/25/2004,ATL,GA,ASO,ES,Towers with Radar,0,0,0,0,0,1638,529,8,1,2176,1638,529,8,1,2176,0,0,0,2176
12/26/2004,ATL,GA,ASO,ES,Towers with Radar,0,0,0,0,0,1862,553,34,1,2450,1862,553,34,1,2450,0,0,0,2450
12/27/2004,ATL,GA,ASO,ES,Towers with Radar,0,0,0,0,0,1943,645,25,5,2618,1943,645,25,5,2618,0,0,0,2618
12/28/2004,ATL,GA,ASO,ES,Towers with Radar,0,0,0,0,0,1945,718,30,2,2695,1945,718,30,2,2695,0,0,0,2695
12/29/2004,ATL,GA,ASO,ES,Towers with Radar,0,0,0,0,0,1959,714,23,6,2702,1959,714,23,6,2702,0,0,0,2702
12/30/2004,ATL,GA,ASO,ES,Towers with Radar,0,0,0,0,0,1969,723,27,4,2723,1969,723,27,4,2723,0,0,0,2723
12/31/2004,ATL,GA,ASO,ES,Towers with Radar,0,0,0,0,0,1819,687,6,7,2519,1819,687,6,7,2519,0,0,0,2519
01/01/2005,ATL,GA,ASO,ES,Towers with Radar,0,0,0,0,0,1640,649,18,0,2307,1640,649,18,0,2307,0,0,0,2307
01/02/2005,ATL,GA,ASO,ES,Towers with Radar,0,0,0,0,0,1899,676,12,1,2588,1899,676,12,1,2588,0,0,0,2588
01/03/2005,ATL,GA,ASO,ES,Towers with Radar,0,0,0,0,0,1938,716,21,10,2685,1938,716,21,10,2685,0,0,0,2685
01/04/2005,ATL,GA,ASO,ES,Towers with Radar,0,0,0,0,0,1933,761,31,14,2739,1933,761,31,14,2739,0,0,0,2739
01/05/2005,ATL,GA,ASO,ES,Towers with Radar,0,0,0,0,0,1874,721,35,7,2637,1874,721,35,7,2637,0,0,0,2637
01/06/2005,ATL,GA,ASO,ES,Towers with Radar,0,0,0,0,0,1897,706,27,3,2633,1897,706,27,3,2633,0,0,0,2633
01/07/2005,ATL,GA,ASO,ES,Towers with Radar,0,0,0,0,0,1930,750,28,1,2709,1930,750,28,1,2709,0,0,0,2709
01/08/2005,ATL,GA,ASO,ES,Towers with Radar,0,0,0,0,0,1752,644,13,2,2411,1752,644,13,2,2411,0,0,0,2411
01/09/2005,ATL,GA,ASO,ES,Towers with Radar,0,0,0,0,0,1869,672,19,3,2563,1869,672,19,3,2563,0,0,0,2563
01/10/2005,ATL,GA,ASO,ES,Towers with Radar,0,0,0,0,0,1899,689,25,6,2619,1899,689,25,6,2619,0,0,0,2619
01/11/2005,ATL,GA,ASO,ES,Towers with Radar,0,0,0,0,0,1888,746,35,2,2671,1888,746,35,2,2671,0,0,0,2671
01/12/2005,ATL,GA,ASO,ES,Towers with Radar,0,0,0,0,0,1901,754,40,1,2696,1901,754,40,1,2696,0,0,0,2696
01/13/2005,ATL,GA,ASO,ES,Towers with Radar,0,0,0,0,0,1720,636,49,4,2409,1720,636,49,4,2409,0,0,0,2409
01/14/2005,ATL,GA,ASO,ES,Towers with Radar,0,0,0,0,0,2046,796,38,5,2885,2046,796,38,5,2885,0,0,0,2885
01/15/2005,ATL,GA,ASO,ES,Towers with Radar,0,0,0,0,0,1778,680,15,1,2474,1778,680,15,1,2474,0,0,0,2474
01/16/2005,ATL,GA,ASO,ES,Towers with Radar,0,0,0,0,0,1854,676,28,0,2558,1854,676,28,0,2558,0,0,0,2558
01/17/2005,ATL,GA,ASO,ES,Towers with Radar,0,0,0,0,0,1866,725,33,4,2628,1866,725,33,4,2628,0,0,0,2628
01/18/2005,ATL,GA,ASO,ES,Towers with Radar,0,0,0,0,0,1876,731,38,3,2648,1876,731,38,3,2648,0,0,0,2648
01/19/2005,ATL,GA,ASO,ES,Towers with Radar,0,0,0,0,0,1889,773,41,10,2713,1889,773,41,10,2713,0,0,0,2713
01/20/2005,ATL,GA,ASO,ES,Towers with Radar,0,0,0,0,0,1926,750,40,9,2725,1926,750,40,9,2725,0,0,0,2725
01/21/2005,ATL,GA,ASO,ES,Towers with Radar,0,0,0,0,0,1912,767,42,10,2731,1912,767,42,10,2731,0,0,0,2731
01/22/2005,ATL,GA,ASO,ES,Towers with Radar,0,0,0,0,0,1617,574,16,4,2211,1617,574,16,4,2211,0,0,0,2211
01/23/2005,ATL,GA,ASO,ES,Towers with Radar,0,0,0,0,0,1750,652,20,0,2422,1750,652,20,0,2422,0,0,0,2422
01/24/2005,ATL,GA,ASO,ES,Towers with Radar,0,0,0,0,0,1894,718,36,4,2652,1894,718,36,4,2652,0,0,0,2652
01/25/2005,ATL,GA,ASO,ES,Towers with Radar,0,0,0,0,0,1915,798,49,6,2768,1915,798,49,6,2768,0,0,0,2768
01/26/2005,ATL,GA,ASO,ES,Towers with Radar,0,0,0,0,0,1872,768,56,4,2700,1872,768,56,4,2700,0,0,0,2700
01/27/2005,ATL,GA,ASO,ES,Towers with Radar,0,0,0,0,0,1926,771,58,4,2759,1926,771,58,4,2759,0,0,0,2759
01/28/2005,ATL,GA,ASO,ES,Towers with Radar,0,0,0,0,0,1737,686,49,0,2472,1737,686,49,0,2472,0,0,0,2472
01/29/2005,ATL,GA,ASO,ES,Towers with Radar,0,0,0,0,0,292,35,10,0,337,292,35,10,0,337,0,0,0,337
01/30/2005,ATL,GA,ASO,ES,Towers with Radar,0,0,0,0,0,1330,383,35,1,1749,1330,383,35,1,1749,0,0,0,1749
01/31/2005,ATL,GA,ASO,ES,Towers with Radar,0,0,0,0,0,1981,643,34,2,2660,1981,643,34,2,2660,0,0,0,2660
02/01/2005,ATL,GA,ASO,ES,Towers with Radar,0,0,0,0,0,1992,772,20,4,2788,1992,772,20,4,2788,0,0,0,2788
02/02/2005,ATL,GA,ASO,ES,Towers with Radar,0,0,0,0,0,1771,658,13,2,2444,1771,658,13,2,2444,0,0,0,2444
02/03/2005,ATL,GA,ASO,ES,Towers with Radar,0,0,0,0,0,2097,789,21,5,2912,2097,789,21,5,2912,0,0,0,2912
02/04/2005,ATL,GA,ASO,ES,Towers with Radar,0,0,0,0,0,2085,793,44,6,2928,2085,793,44,6,2928,0,0,0,2928
02/05/2005,ATL,GA,ASO,ES,Towers with Radar,0,0,0,0,0,1911,669,12,4,2596,1911,669,12,4,2596,0,0,0,2596
02/06/2005,ATL,GA,ASO,ES,Towers with Radar,0,0,0,0,0,1952,699,8,0,2659,1952,699,8,0,2659,0,0,0,2659
02/07/2005,ATL,GA,ASO,ES,Towers with Radar,0,0,0,0,0,2059,741,42,6,2848,2059,741,42,6,2848,0,0,0,2848
02/08/2005,ATL,GA,ASO,ES,Towers with Radar,0,0,0,0,0,1967,733,45,1,2746,1967,733,45,1,2746,0,0,0,2746
02/09/2005,ATL,GA,ASO,ES,Towers with Radar,0,0,0,0,0,1937,775,23,1,2736,1937,775,23,1,2736,0,0,0,2736
02/10/2005,ATL,GA,ASO,ES,Towers with Radar,0,0,0,0,0,2052,811,27,6,2896,2052,811,27,6,2896,0,0,0,2896
02/11/2005,ATL,GA,ASO,ES,Towers with Radar,0,0,0,0,0,2053,797,56,7,2913,2053,797,56,7,2913,0,0,0,2913
02/12/2005,ATL,GA,ASO,ES,Towers with Radar,0,0,0,0,0,1917,695,15,6,2633,1917,695,15,6,2633,0,0,0,2633
02/13/2005,ATL,GA,ASO,ES,Towers with Radar,0,0,0,0,0,1987,707,20,1,2715,1987,707,20,1,2715,0,0,0,2715
02/14/2005,ATL,GA,ASO,ES,Towers with Radar,0,0,0,0,0,1882,552,19,1,2454,1882,552,19,1,2454,0,0,0,2454
02/15/2005,ATL,GA,ASO,ES,Towers with Radar,0,0,0,0,0,1995,530,36,6,2567,1995,530,36,6,2567,0,0,0,2567
02/16/2005,ATL,GA,ASO,ES,Towers with Radar,0,0,0,0,0,1991,778,29,4,2802,1991,778,29,4,2802,0,0,0,2802
02/17/2005,ATL,GA,ASO,ES,Towers with Radar,0,0,0,0,0,2082,824,41,1,2948,2082,824,41,1,2948,0,0,0,2948
02/18/2005,ATL,GA,ASO,ES,Towers with Radar,0,0,0,0,0,2042,804,39,8,2893,2042,804,39,8,2893,0,0,0,2893
02/19/2005,ATL,GA,ASO,ES,Towers with Radar,0,0,0,0,0,1910,693,21,4,2628,1910,693,21,4,2628,0,0,0,2628
02/20/2005,ATL,GA,ASO,ES,Towers with Radar,0,0,0,0,0,1945,699,17,2,2663,1945,699,17,2,2663,0,0,0,2663
02/21/2005,ATL,GA,ASO,ES,Towers with Radar,0,0,0,0,0,1793,605,19,3,2420,1793,605,19,3,2420,0,0,0,2420
02/22/2005,ATL,GA,ASO,ES,Towers with Radar,0,0,0,0,0,2213,815,34,4,3066,2213,815,34,4,3066,0,0,0,3066
02/23/2005,ATL,GA,ASO,ES,Towers with Radar,0,0,0,0,0,2027,785,52,6,2870,2027,785,52,6,2870,0,0,0,2870
02/24/2005,ATL,GA,ASO,ES,Towers with Radar,0,0,0,0,0,1946,780,40,6,2772,1946,780,40,6,2772,0,0,0,2772
02/25/2005,ATL,GA,ASO,ES,Towers with Radar,0,0,0,0,0,2060,788,32,2,2882,2060,788,32,2,2882,0,0,0,2882
02/26/2005,ATL,GA,ASO,ES,Towers with Radar,0,0,0,0,0,1922,679,13,7,2621,1922,679,13,7,2621,0,0,0,2621
02/27/2005,ATL,GA,ASO,ES,Towers with Radar,0,0,0,0,0,1775,620,2,3,2400,1775,620,2,3,2400,0,0,0,2400
02/28/2005,ATL,GA,ASO,ES,Towers with Radar,0,0,0,0,0,1988,718,18,3,2727,1988,718,18,3,2727,0,0,0,2727
03/01/2005,ATL,GA,ASO,ES,Towers with Radar,0,0,0,0,0,2018,802,26,3,2849,2018,802,26,3,2849,0,0,0,2849
03/02/2005,ATL,GA,ASO,ES,Towers with Radar,0,0,0,0,0,2019,779,49,5,2852,2019,779,49,5,2852,0,0,0,2852
03/03/2005,ATL,GA,ASO,ES,Towers with Radar,0,0,0,0,0,2050,795,32,2,2879,2050,795,32,2,2879,0,0,0,2879
03/04/2005,ATL,GA,ASO,ES,Towers with Radar,0,0,0,0,0,2051,772,33,6,2862,2051,772,33,6,2862,0,0,0,2862
03/05/2005,ATL,GA,ASO,ES,Towers with Radar,0,0,0,0,0,1909,689,19,8,2625,1909,689,19,8,2625,0,0,0,2625
03/06/2005,ATL,GA,ASO,ES,Towers with Radar,0,0,0,0,0,1961,700,21,0,2682,1961,700,21,0,2682,0,0,0,2682
03/07/2005,ATL,GA,ASO,ES,Towers with Radar,0,0,0,0,0,1986,716,20,2,2724,1986,716,20,2,2724,0,0,0,2724
03/08/2005,ATL,GA,ASO,ES,Towers with Radar,0,0,0,0,0,1946,788,42,6,2782,1946,788,42,6,2782,0,0,0,2782
03/09/2005,ATL,GA,ASO,ES,Towers with Radar,0,0,0,0,0,2023,800,38,3,2864,2023,800,38,3,2864,0,0,0,2864
03/10/2005,ATL,GA,ASO,ES,Towers with Radar,0,0,0,0,0,2066,799,36,10,2911,2066,799,36,10,2911,0,0,0,2911
03/11/2005,ATL,GA,ASO,ES,Towers with Radar,0,0,0,0,0,2048,772,47,10,2877,2048,772,47,10,2877,0,0,0,2877
03/12/2005,ATL,GA,ASO,ES,Towers with Radar,0,0,0,0,0,1937,673,29,5,2644,1937,673,29,5,2644,0,0,0,2644
03/13/2005,ATL,GA,ASO,ES,Towers with Radar,0,0,0,0,0,1992,702,23,1,2718,1992,702,23,1,2718,0,0,0,2718
03/14/2005,ATL,GA,ASO,ES,Towers with Radar,0,0,0,0,0,2047,742,34,9,2832,2047,742,34,9,2832,0,0,0,2832
03/15/2005,ATL,GA,ASO,ES,Towers with Radar,0,0,0,0,0,2052,807,43,5,2907,2052,807,43,5,2907,0,0,0,2907
03/16/2005,ATL,GA,ASO,ES,Towers with Radar,0,0,0,0,0,1825,668,24,0,2517,1825,668,24,0,2517,0,0,0,2517
03/17/2005,ATL,GA,ASO,ES,Towers with Radar,0,0,0,0,0,2104,761,55,6,2926,2104,761,55,6,2926,0,0,0,2926
03/18/2005,ATL,GA,ASO,ES,Towers with Radar,0,0,0,0,0,2153,833,65,11,3062,2153,833,65,11,3062,0,0,0,3062
03/19/2005,ATL,GA,ASO,ES,Towers with Radar,0,0,0,0,0,1942,697,26,6,2671,1942,697,26,6,2671,0,0,0,2671
03/20/2005,ATL,GA,ASO,ES,Towers with Radar,0,0,0,0,0,2010,714,58,11,2793,2010,714,58,11,2793,0,0,0,2793
03/21/2005,ATL,GA,ASO,ES,Towers with Radar,0,0,0,0,0,2053,756,34,8,2851,2053,756,34,8,2851,0,0,0,2851
03/22/2005,ATL,GA,ASO,ES,Towers with Radar,0,0,0,0,0,1739,667,20,1,2427,1739,667,20,1,2427,0,0,0,2427
03/23/2005,ATL,GA,ASO,ES,Towers with Radar,0,0,0,0,0,2151,795,26,4,2976,2151,795,26,4,2976,0,0,0,2976
03/24/2005,ATL,GA,ASO,ES,Towers with Radar,0,0,0,0,0,2088,815,37,4,2944,2088,815,37,4,2944,0,0,0,2944
03/25/2005,ATL,GA,ASO,ES,Towers with Radar,0,0,0,0,0,2023,769,37,4,2833,2023,769,37,4,2833,0,0,0,2833
03/26/2005,ATL,GA,ASO,ES,Towers with Radar,0,0,0,0,0,1909,690,12,3,2614,1909,690,12,3,2614,0,0,0,2614
03/27/2005,ATL,GA,ASO,ES,Towers with Radar,0,0,0,0,0,1566,531,6,0,2103,1566,531,6,0,2103,0,0,0,2103
03/28/2005,ATL,GA,ASO,ES,Towers with Radar,0,0,0,0,0,2034,730,26,3,2793,2034,730,26,3,2793,0,0,0,2793
03/29/2005,ATL,GA,ASO,ES,Towers with Radar,0,0,0,0,0,2176,842,44,4,3066,2176,842,44,4,3066,0,0,0,3066
03/30/2005,ATL,GA,ASO,ES,Towers with Radar,0,0,0,0,0,2027,796,62,8,2893,2027,796,62,8,2893,0,0,0,2893
03/31/2005,ATL,GA,ASO,ES,Towers with Radar,0,0,0,0,0,1812,629,28,1,2470,1812,629,28,1,2470,0,0,0,2470
04/01/2005,ATL,GA,ASO,ES,Towers with Radar,0,0,0,0,0,1960,751,30,4,2745,1960,751,30,4,2745,0,0,0,2745
04/02/2005,ATL,GA,ASO,ES,Towers with Radar,0,0,0,0,0,1894,692,31,4,2621,1894,692,31,4,2621,0,0,0,2621
04/03/2005,ATL,GA,ASO,ES,Towers with Radar,0,0,0,0,0,2019,707,29,7,2762,2019,707,29,7,2762,0,0,0,2762
04/04/2005,ATL,GA,ASO,ES,Towers with Radar,0,0,0,0,0,2040,767,46,14,2867,2040,767,46,14,2867,0,0,0,2867
04/05/2005,ATL,GA,ASO,ES,Towers with Radar,0,0,0,0,0,2044,815,52,8,2919,2044,815,52,8,2919,0,0,0,2919
04/06/2005,ATL,GA,ASO,ES,Towers with Radar,0,0,0,0,0,2027,817,33,1,2878,2027,817,33,1,2878,0,0,0,2878
04/07/2005,ATL,GA,ASO,ES,Towers with Radar,0,0,0,0,0,1926,713,42,9,2690,1926,713,42,9,2690,0,0,0,2690
04/08/2005,ATL,GA,ASO,ES,Towers with Radar,0,0,0,0,0,2121,851,50,7,3029,2121,851,50,7,3029,0,0,0,3029
04/09/2005,ATL,GA,ASO,ES,Towers with Radar,0,0,0,0,0,1929,708,28,9,2674,1929,708,28,9,2674,0,0,0,2674
04/10/2005,ATL,GA,ASO,ES,Towers with Radar,0,0,0,0,0,1982,754,32,4,2772,1982,754,32,4,2772,0,0,0,2772
04/11/2005,ATL,GA,ASO,ES,Towers with Radar,0,0,0,0,0,2054,778,32,6,2870,2054,778,32,6,2870,0,0,0,2870
04/12/2005,ATL,GA,ASO,ES,Towers with Radar,0,0,0,0,0,1966,821,28,7,2822,1966,821,28,7,2822,0,0,0,2822
04/13/2005,ATL,GA,ASO,ES,Towers with Radar,0,0,0,0,0,2045,836,33,6,2920,2045,836,33,6,2920,0,0,0,2920
04/14/2005,ATL,GA,ASO,ES,Towers with Radar,0,0,0,0,0,2083,824,38,4,2949,2083,824,38,4,2949,0,0,0,2949
04/15/2005,ATL,GA,ASO,ES,Towers with Radar,0,0,0,0,0,2058,820,42,3,2923,2058,820,42,3,2923,0,0,0,2923
04/16/2005,ATL,GA,ASO,ES,Towers with Radar,0,0,0,0,0,1895,711,24,5,2635,1895,711,24,5,2635,0,0,0,2635
04/17/2005,ATL,GA,ASO,ES,Towers with Radar,0,0,0,0,0,2013,757,34,5,2809,2013,757,34,5,2809,0,0,0,2809
04/18/2005,ATL,GA,ASO,ES,Towers with Radar,0,0,0,0,0,2049,795,42,4,2890,2049,795,42,4,2890,0,0,0,2890
04/19/2005,ATL,GA,ASO,ES,Towers with Radar,0,0,0,0,0,2035,829,60,5,2929,2035,829,60,5,2929,0,0,0,2929
04/20/2005,ATL,GA,ASO,ES,Towers with Radar,0,0,0,0,0,2053,820,33,10,2916,2053,820,33,10,2916,0,0,0,2916
04/21/2005,ATL,GA,ASO,ES,Towers with Radar,0,0,0,0,0,2085,838,47,8,2978,2085,838,47,8,2978,0,0,0,2978
04/22/2005,ATL,GA,ASO,ES,Towers with Radar,0,0,0,0,0,1783,664,22,5,2474,1783,664,22,5,2474,0,0,0,2474
04/23/2005,ATL,GA,ASO,ES,Towers with Radar,0,0,0,0,0,2081,794,21,8,2904,2081,794,21,8,2904,0,0,0,2904
04/24/2005,ATL,GA,ASO,ES,Towers with Radar,0,0,0,0,0,2008,719,25,1,2753,2008,719,25,1,2753,0,0,0,2753
04/25/2005,ATL,GA,ASO,ES,Towers with Radar,0,0,0,0,0,2031,792,39,8,2870,2031,792,39,8,2870,0,0,0,2870
04/26/2005,ATL,GA,ASO,ES,Towers with Radar,0,0,0,0,0,1968,775,32,4,2779,1968,775,32,4,2779,0,0,0,2779
04/27/2005,ATL,GA,ASO,ES,Towers with Radar,0,0,0,0,0,2082,839,46,1,2968,2082,839,46,1,2968,0,0,0,2968
04/28/2005,ATL,GA,ASO,ES,Towers with Radar,0,0,0,0,0,2068,828,47,10,2953,2068,828,47,10,2953,0,0,0,2953
04/29/2005,ATL,GA,ASO,ES,Towers with Radar,0,0,0,0,0,2080,830,41,5,2956,2080,830,41,5,2956,0,0,0,2956
04/30/2005,ATL,GA,ASO,ES,Towers with Radar,0,0,0,0,0,1725,596,18,1,2340,1725,596,18,1,2340,0,0,0,2340
05/01/2005,ATL,GA,ASO,ES,Towers with Radar,0,0,0,0,0,2041,794,24,4,2863,2041,794,24,4,2863,0,0,0,2863
05/02/2005,ATL,GA,ASO,ES,Towers with Radar,0,0,0,0,0,2028,784,27,6,2845,2028,784,27,6,2845,0,0,0,2845
05/03/2005,ATL,GA,ASO,ES,Towers with Radar,0,0,0,0,0,2022,850,47,6,2925,2022,850,47,6,2925,0,0,0,2925
05/04/2005,ATL,GA,ASO,ES,Towers with Radar,0,0,0,0,0,2040,848,55,4,2947,2040,848,55,4,2947,0,0,0,2947
05/05/2005,ATL,GA,ASO,ES,Towers with Radar,0,0,0,0,0,1996,836,30,3,2865,1996,836,30,3,2865,0,0,0,2865
05/06/2005,ATL,GA,ASO,ES,Towers with Radar,0,0,0,0,0,2073,834,47,15,2969,2073,834,47,15,2969,0,0,0,2969
05/07/2005,ATL,GA,ASO,ES,Towers with Radar,0,0,0,0,0,1920,731,23,5,2679,1920,731,23,5,2679,0,0,0,2679
05/08/2005,ATL,GA,ASO,ES,Towers with Radar,0,0,0,0,0,1994,766,24,2,2786,1994,766,24,2,2786,0,0,0,2786
05/09/2005,ATL,GA,ASO,ES,Towers with Radar,0,0,0,0,0,2029,806,26,3,2864,2029,806,26,3,2864,0,0,0,2864
05/10/2005,ATL,GA,ASO,ES,Towers with Radar,0,0,0,0,0,2005,841,37,11,2894,2005,841,37,11,2894,0,0,0,2894
05/11/2005,ATL,GA,ASO,ES,Towers with Radar,0,0,0,0,0,2046,842,37,9,2934,2046,842,37,9,2934,0,0,0,2934
05/12/2005,ATL,GA,ASO,ES,Towers with Radar,0,0,0,0,0,2080,846,41,6,2973,2080,846,41,6,2973,0,0,0,2973
05/13/2005,ATL,GA,ASO,ES,Towers with Radar,0,0,0,0,0,2063,839,40,6,2948,2063,839,40,6,2948,0,0,0,2948
05/14/2005,ATL,GA,ASO,ES,Towers with Radar,0,0,0,0,0,1905,736,20,9,2670,1905,736,20,9,2670,0,0,0,2670
05/15/2005,ATL,GA,ASO,ES,Towers with Radar,0,0,0,0,0,1988,761,15,0,2764,1988,761,15,0,2764,0,0,0,2764
05/16/2005,ATL,GA,ASO,ES,Towers with Radar,0,0,0,0,0,2041,812,31,7,2891,2041,812,31,7,2891,0,0,0,2891
05/17/2005,ATL,GA,ASO,ES,Towers with Radar,0,0,0,0,0,2034,839,48,4,2925,2034,839,48,4,2925,0,0,0,2925
05/18/2005,ATL,GA,ASO,ES,Towers with Radar,0,0,0,0,0,2030,807,44,8,2889,2030,807,44,8,2889,0,0,0,2889
05/19/2005,ATL,GA,ASO,ES,Towers with Radar,0,0,0,0,0,2056,828,54,10,2948,2056,828,54,10,2948,0,0,0,2948
05/20/2005,ATL,GA,ASO,ES,Towers with Radar,0,0,0,0,0,1805,701,33,3,2542,1805,701,33,3,2542,0,0,0,2542
05/21/2005,ATL,GA,ASO,ES,Towers with Radar,0,0,0,0,0,2012,741,21,3,2777,2012,741,21,3,2777,0,0,0,2777
05/22/2005,ATL,GA,ASO,ES,Towers with Radar,0,0,0,0,0,1997,772,28,4,2801,1997,772,28,4,2801,0,0,0,2801
05/23/2005,ATL,GA,ASO,ES,Towers with Radar,0,0,0,0,0,2024,816,35,7,2882,2024,816,35,7,2882,0,0,0,2882
05/24/2005,ATL,GA,ASO,ES,Towers with Radar,0,0,0,0,0,2022,860,32,7,2921,2022,860,32,7,2921,0,0,0,2921
05/25/2005,ATL,GA,ASO,ES,Towers with Radar,0,0,0,0,0,2049,859,34,2,2944,2049,859,34,2,2944,0,0,0,2944
05/26/2005,ATL,GA,ASO,ES,Towers with Radar,0,0,0,0,0,2078,846,28,4,2956,2078,846,28,4,2956,0,0,0,2956
05/27/2005,ATL,GA,ASO,ES,Towers with Radar,0,0,0,0,0,2075,836,21,14,2946,2075,836,21,14,2946,0,0,0,2946
05/28/2005,ATL,GA,ASO,ES,Towers with Radar,0,0,0,0,0,1930,738,9,10,2687,1930,738,9,10,2687,0,0,0,2687
05/29/2005,ATL,GA,ASO,ES,Towers with Radar,0,0,0,0,0,1887,745,17,0,2649,1887,745,17,0,2649,0,0,0,2649
05/30/2005,ATL,GA,ASO,ES,Towers with Radar,0,0,0,0,0,1873,730,8,2,2613,1873,730,8,2,2613,0,0,0,2613
05/31/2005,ATL,GA,ASO,ES,Towers with Radar,0,0,0,0,0,1899,709,15,6,2629,1899,709,15,6,2629,0,0,0,2629
06/01/2005,ATL,GA,ASO,ES,Towers with Radar,0,0,0,0,0,1941,775,14,0,2730,1941,775,14,0,2730,0,0,0,2730
06/02/2005,ATL,GA,ASO,ES,Towers with Radar,0,0,0,0,0,2012,810,28,2,2852,2012,810,28,2,2852,0,0,0,2852
06/03/2005,ATL,GA,ASO,ES,Towers with Radar,0,0,0,0,0,2012,807,34,6,2859,2012,807,34,6,2859,0,0,0,2859
06/04/2005,ATL,GA,ASO,ES,Towers with Radar,0,0,0,0,0,1948,720,17,8,2693,1948,720,17,8,2693,0,0,0,2693
06/05/2005,ATL,GA,ASO,ES,Towers with Radar,0,0,0,0,0,1887,704,22,2,2615,1887,704,22,2,2615,0,0,0,2615
06/06/2005,ATL,GA,ASO,ES,Towers with Radar,0,0,0,0,0,1881,702,36,1,2620,1881,702,36,1,2620,0,0,0,2620
06/07/2005,ATL,GA,ASO,ES,Towers with Radar,0,0,0,0,0,2027,785,37,6,2855,2027,785,37,6,2855,0,0,0,2855
06/08/2005,ATL,GA,ASO,ES,Towers with Radar,0,0,0,0,0,2008,825,35,2,2870,2008,825,35,2,2870,0,0,0,2870
06/09/2005,ATL,GA,ASO,ES,Towers with Radar,0,0,0,0,0,2035,835,40,10,2920,2035,835,40,10,2920,0,0,0,2920
06/10/2005,ATL,GA,ASO,ES,Towers with Radar,0,0,0,0,0,1986,826,26,11,2849,1986,826,26,11,2849,0,0,0,2849
06/11/2005,ATL,GA,ASO,ES,Towers with Radar,0,0,0,0,0,1853,676,16,9,2554,1853,676,16,9,2554,0,0,0,2554
06/12/2005,ATL,GA,ASO,ES,Towers with Radar,0,0,0,0,0,1919,717,7,2,2645,1919,717,7,2,2645,0,0,0,2645
06/13/2005,ATL,GA,ASO,ES,Towers with Radar,0,0,0,0,0,2060,820,35,6,2921,2060,820,35,6,2921,0,0,0,2921
06/14/2005,ATL,GA,ASO,ES,Towers with Radar,0,0,0,0,0,2031,827,31,10,2899,2031,827,31,10,2899,0,0,0,2899
06/15/2005,ATL,GA,ASO,ES,Towers with Radar,0,0,0,0,0,2067,847,41,2,2957,2067,847,41,2,2957,0,0,0,2957
06/16/2005,ATL,GA,ASO,ES,Towers with Radar,0,0,0,0,0,2048,829,45,2,2924,2048,829,45,2,2924,0,0,0,2924
06/17/2005,ATL,GA,ASO,ES,Towers with Radar,0,0,0,0,0,2084,817,59,4,2964,2084,817,59,4,2964,0,0,0,2964
06/18/2005,ATL,GA,ASO,ES,Towers with Radar,0,0,0,0,0,1938,714,17,17,2686,1938,714,17,17,2686,0,0,0,2686
06/19/2005,ATL,GA,ASO,ES,Towers with Radar,0,0,0,0,0,1999,744,21,4,2768,1999,744,21,4,2768,0,0,0,2768
06/20/2005,ATL,GA,ASO,ES,Towers with Radar,0,0,0,0,0,2000,760,28,7,2795,2000,760,28,7,2795,0,0,0,2795
06/21/2005,ATL,GA,ASO,ES,Towers with Radar,0,0,0,0,0,2003,798,33,6,2840,2003,798,33,6,2840,0,0,0,2840
06/22/2005,ATL,GA,ASO,ES,Towers with Radar,0,0,0,0,0,2030,846,48,6,2930,2030,846,48,6,2930,0,0,0,2930
06/23/2005,ATL,GA,ASO,ES,Towers with Radar,0,0,0,0,0,2080,860,46,8,2994,2080,860,46,8,2994,0,0,0,2994
06/24/2005,ATL,GA,ASO,ES,Towers with Radar,0,0,0,0,0,2072,825,47,6,2950,2072,825,47,6,2950,0,0,0,2950
06/25/2005,ATL,GA,ASO,ES,Towers with Radar,0,0,0,0,0,1925,726,14,3,2668,1925,726,14,3,2668,0,0,0,2668
06/26/2005,ATL,GA,ASO,ES,Towers with Radar,0,0,0,0,0,1938,735,10,3,2686,1938,735,10,3,2686,0,0,0,2686
06/27/2005,ATL,GA,ASO,ES,Towers with Radar,0,0,0,0,0,2007,794,26,4,2831,2007,794,26,4,2831,0,0,0,2831
06/28/2005,ATL,GA,ASO,ES,Towers with Radar,0,0,0,0,0,1999,819,40,13,2871,1999,819,40,13,2871,0,0,0,2871
06/29/2005,ATL,GA,ASO,ES,Towers with Radar,0,0,0,0,0,2014,838,37,8,2897,2014,838,37,8,2897,0,0,0,2897
06/30/2005,ATL,GA,ASO,ES,Towers with Radar,0,0,0,0,0,2066,831,31,5,2933,2066,831,31,5,2933,0,0,0,2933
07/01/2005,ATL,GA,ASO,ES,Towers with Radar,1972,724,21,1,2718,0,1,15,1,17,1972,725,36,2,2735,0,0,0,2735
07/02/2005,ATL,GA,ASO,ES,Towers with Radar,1995,728,11,1,2735,0,7,8,5,20,1995,735,19,6,2755,0,0,0,2755
07/03/2005,ATL,GA,ASO,ES,Towers with Radar,1875,706,12,0,2593,0,1,0,1,2,1875,707,12,1,2595,0,0,0,2595
07/04/2005,ATL,GA,ASO,ES,Towers with Radar,1990,722,1,1,2714,0,7,2,12,21,1990,729,3,13,2735,0,0,0,2735
07/05/2005,ATL,GA,ASO,ES,Towers with Radar,1968,717,22,0,2707,0,7,11,1,19,1968,724,33,1,2726,0,0,0,2726
07/06/2005,ATL,GA,ASO,ES,Towers with Radar,1800,705,11,0,2516,0,3,10,2,15,1800,708,21,2,2531,0,0,0,2531
07/07/2005,ATL,GA,ASO,ES,Towers with Radar,2192,818,22,0,3032,0,5,6,6,17,2192,823,28,6,3049,0,0,0,3049
07/08/2005,ATL,GA,ASO,ES,Towers with Radar,2049,782,28,0,2859,0,8,23,8,39,2049,790,51,8,2898,0,0,0,2898
07/09/2005,ATL,GA,ASO,ES,Towers with Radar,1839,642,14,0,2495,0,1,5,0,6,1839,643,19,0,2501,0,0,0,2501
07/10/2005,ATL,GA,ASO,ES,Towers with Radar,1779,605,1,1,2386,0,0,2,0,2,1779,605,3,1,2388,0,0,0,2388
07/11/2005,ATL,GA,ASO,ES,Towers with Radar,1951,649,7,0,2607,0,1,2,0,3,1951,650,9,0,2610,0,0,0,2610
07/12/2005,ATL,GA,ASO,ES,Towers with Radar,1996,729,31,0,2756,0,5,7,3,15,1996,734,38,3,2771,0,0,0,2771
07/13/2005,ATL,GA,ASO,ES,Towers with Radar,1983,728,21,1,2733,0,7,3,4,14,1983,735,24,5,2747,0,0,0,2747
07/14/2005,ATL,GA,ASO,ES,Towers with Radar,2029,754,13,0,2796,0,7,5,14,26,2029,761,18,14,2822,0,0,0,2822
07/15/2005,ATL,GA,ASO,ES,Towers with Radar,1805,675,12,0,2492,0,3,9,7,19,1805,678,21,7,2511,0,0,0,2511
07/16/2005,ATL,GA,ASO,ES,Towers with Radar,2015,733,12,1,2761,0,5,3,4,12,2015,738,15,5,2773,0,0,0,2773
07/17/2005,ATL,GA,ASO,ES,Towers with Radar,1972,729,17,0,2718,0,3,10,2,15,1972,732,27,2,2733,0,0,0,2733
07/18/2005,ATL,GA,ASO,ES,Towers with Radar,2027,758,25,6,2816,0,4,9,3,16,2027,762,34,9,2832,0,0,0,2832
07/19/2005,ATL,GA,ASO,ES,Towers with Radar,1833,706,36,4,2579,0,2,10,2,14,1833,708,46,6,2593,0,0,0,2593
07/20/2005,ATL,GA,ASO,ES,Towers with Radar,2082,798,22,4,2906,0,8,2,6,16,2082,806,24,10,2922,0,0,0,2922
07/21/2005,ATL,GA,ASO,ES,Towers with Radar,1967,773,27,4,2771,0,3,7,2,12,1967,776,34,6,2783,0,0,0,2783
07/22/2005,ATL,GA,ASO,ES,Towers with Radar,2087,806,23,4,2920,0,7,3,7,17,2087,813,26,11,2937,0,0,0,2937
07/23/2005,ATL,GA,ASO,ES,Towers with Radar,1947,699,10,0,2656,0,2,11,4,17,1947,701,21,4,2673,0,0,0,2673
07/24/2005,ATL,GA,ASO,ES,Towers with Radar,1994,720,27,1,2742,0,5,2,7,14,1994,725,29,8,2756,0,0,0,2756
07/25/2005,ATL,GA,ASO,ES,Towers with Radar,1985,741,26,0,2752,0,5,9,12,26,1985,746,35,12,2778,0,0,0,2778
07/26/2005,ATL,GA,ASO,ES,Towers with Radar,2012,807,38,0,2857,0,5,12,7,24,2012,812,50,7,2881,0,0,0,2881
07/27/2005,ATL,GA,ASO,ES,Towers with Radar,1829,700,21,0,2550,0,4,10,8,22,1829,704,31,8,2572,0,0,0,2572
07/28/2005,ATL,GA,ASO,ES,Towers with Radar,2106,801,31,0,2938,0,4,5,5,14,2106,805,36,5,2952,0,0,0,2952
07/29/2005,ATL,GA,ASO,ES,Towers with Radar,1994,758,36,0,2788,0,10,0,4,14,1994,768,36,4,2802,0,0,0,2802
07/30/2005,ATL,GA,ASO,ES,Towers with Radar,1974,715,14,0,2703,0,2,2,2,6,1974,717,16,2,2709,0,0,0,2709
07/31/2005,ATL,GA,ASO,ES,Towers with Radar,1960,722,10,0,2692,0,1,0,0,1,1960,723,10,0,2693,0,0,0,2693
08/01/2005,ATL,GA,ASO,ES,Towers with Radar,2015,757,19,1,2792,0,1,6,3,10,2015,758,25,4,2802,0,0,0,2802
08/02/2005,ATL,GA,ASO,ES,Towers with Radar,2034,792,39,1,2866,0,4,11,5,20,2034,796,50,6,2886,0,0,0,2886
08/03/2005,ATL,GA,ASO,ES,Towers with Radar,2058,797,35,3,2893,0,21,9,3,33,2058,818,44,6,2926,0,0,0,2926
08/04/2005,ATL,GA,ASO,ES,Towers with Radar,2010,773,42,6,2831,0,7,11,5,23,2010,780,53,11,2854,0,0,0,2854
08/05/2005,ATL,GA,ASO,ES,Towers with Radar,2044,759,25,0,2828,0,10,5,9,24,2044,769,30,9,2852,0,0,0,2852
08/06/2005,ATL,GA,ASO,ES,Towers with Radar,1949,683,15,0,2647,0,3,2,8,13,1949,686,17,8,2660,0,0,0,2660
08/07/2005,ATL,GA,ASO,ES,Towers with Radar,1902,668,8,2,2580,0,0,0,0,0,1902,668,8,2,2580,0,0,0,2580
08/08/2005,ATL,GA,ASO,ES,Towers with Radar,2025,719,18,1,2763,0,7,2,3,12,2025,726,20,4,2775,0,0,0,2775
08/09/2005,ATL,GA,ASO,ES,Towers with Radar,2053,781,36,1,2871,0,8,5,2,15,2053,789,41,3,2886,0,0,0,2886
08/10/2005,ATL,GA,ASO,ES,Towers with Radar,1941,725,22,3,2691,0,9,15,5,29,1941,734,37,8,2720,0,0,0,2720
08/11/2005,ATL,GA,ASO,ES,Towers with Radar,2109,789,20,0,2918,0,5,8,6,19,2109,794,28,6,2937,0,0,0,2937
08/12/2005,ATL,GA,ASO,ES,Towers with Radar,2001,751,24,0,2776,0,2,11,6,19,2001,753,35,6,2795,0,0,0,2795
08/13/2005,ATL,GA,ASO,ES,Towers with Radar,1954,710,13,0,2677,0,7,8,3,18,1954,717,21,3,2695,0,0,0,2695
08/14/2005,ATL,GA,ASO,ES,Towers with Radar,1708,634,8,3,2353,0,0,2,0,2,1708,634,10,3,2355,0,0,0,2355
08/15/2005,ATL,GA,ASO,ES,Towers with Radar,2115,813,22,0,2950,0,5,17,2,24,2115,818,39,2,2974,0,0,0,2974
08/16/2005,ATL,GA,ASO,ES,Towers with Radar,1877,718,19,0,2614,0,6,10,3,19,1877,724,29,3,2633,0,0,0,2633
08/17/2005,ATL,GA,ASO,ES,Towers with Radar,2074,803,28,0,2905,0,4,13,2,19,2074,807,41,2,2924,0,0,0,2924
08/18/2005,ATL,GA,ASO,ES,Towers with Radar,1976,766,18,0,2760,0,9,19,11,39,1976,775,37,11,2799,0,0,0,2799
08/19/2005,ATL,GA,ASO,ES,Towers with Radar,2052,777,24,5,2858,0,9,7,7,23,2052,786,31,12,2881,0,0,0,2881
08/20/2005,ATL,GA,ASO,ES,Towers with Radar,1931,682,15,2,2630,0,6,6,5,17,1931,688,21,7,2647,0,0,0,2647
08/21/2005,ATL,GA,ASO,ES,Towers with Radar,1982,716,12,2,2712,0,3,0,1,4,1982,719,12,3,2716,0,0,0,2716
08/22/2005,ATL,GA,ASO,ES,Towers with Radar,2001,745,18,1,2765,0,7,6,3,16,2001,752,24,4,2781,0,0,0,2781
08/23/2005,ATL,GA,ASO,ES,Towers with Radar,1786,637,25,2,2450,0,3,2,1,6,1786,640,27,3,2456,0,0,0,2456
08/24/2005,ATL,GA,ASO,ES,Towers with Radar,2118,809,16,5,2948,0,4,1,4,9,2118,813,17,9,2957,0,0,0,2957
08/25/2005,ATL,GA,ASO,ES,Towers with Radar,2007,803,33,1,2844,0,2,7,1,10,2007,805,40,2,2854,0,0,0,2854
08/26/2005,ATL,GA,ASO,ES,Towers with Radar,2022,769,25,2,2818,0,12,12,8,32,2022,781,37,10,2850,0,0,0,2850
08/27/2005,ATL,GA,ASO,ES,Towers with Radar,1895,663,18,1,2577,0,2,7,7,16,1895,665,25,8,2593,0,0,0,2593
08/28/2005,ATL,GA,ASO,ES,Towers with Radar,1926,718,18,0,2662,0,2,3,2,7,1926,720,21,2,2669,0,0,0,2669
08/29/2005,ATL,GA,ASO,ES,Towers with Radar,1781,577,16,4,2378,0,1,0,0,1,1781,578,16,4,2379,0,0,0,2379
08/30/2005,ATL,GA,ASO,ES,Towers with Radar,1931,726,19,0,2676,0,5,1,5,11,1931,731,20,5,2687,0,0,0,2687
08/31/2005,ATL,GA,ASO,ES,Towers with Radar,1954,752,19,0,2725,0,5,12,4,21,1954,757,31,4,2746,0,0,0,2746
09/01/2005,ATL,GA,ASO,ES,Towers with Radar,1876,776,29,1,2682,0,9,1,12,22,1876,785,30,13,2704,0,0,0,2704
09/02/2005,ATL,GA,ASO,ES,Towers with Radar,1870,771,25,4,2670,0,9,9,11,29,1870,780,34,15,2699,0,0,0,2699
09/03/2005,ATL,GA,ASO,ES,Towers with Radar,1555,637,10,0,2202,0,2,4,8,14,1555,639,14,8,2216,0,0,0,2216
09/04/2005,ATL,GA,ASO,ES,Towers with Radar,1557,641,8,0,2206,0,4,1,1,6,1557,645,9,1,2212,0,0,0,2212
09/05/2005,ATL,GA,ASO,ES,Towers with Radar,1836,718,13,0,2567,0,4,4,0,8,1836,722,17,0,2575,0,0,0,2575
09/06/2005,ATL,GA,ASO,ES,Towers with Radar,1797,733,21,0,2551,0,6,7,4,17,1797,739,28,4,2568,0,0,0,2568
09/07/2005,ATL,GA,ASO,ES,Towers with Radar,1781,789,39,0,2609,0,9,11,4,24,1781,798,50,4,2633,0,0,0,2633
09/08/2005,ATL,GA,ASO,ES,Towers with Radar,1835,767,20,2,2624,0,3,17,4,24,1835,770,37,6,2648,0,0,0,2648
09/09/2005,ATL,GA,ASO,ES,Towers with Radar,1874,769,27,4,2674,0,5,5,9,19,1874,774,32,13,2693,0,0,0,2693
09/10/2005,ATL,GA,ASO,ES,Towers with Radar,1599,647,13,0,2259,0,2,8,12,22,1599,649,21,12,2281,0,0,0,2281
09/11/2005,ATL,GA,ASO,ES,Towers with Radar,1775,726,18,1,2520,0,0,3,0,3,1775,726,21,1,2523,0,0,0,2523
09/12/2005,ATL,GA,ASO,ES,Towers with Radar,1812,745,21,2,2580,0,1,25,4,30,1812,746,46,6,2610,0,0,0,2610
09/13/2005,ATL,GA,ASO,ES,Towers with Radar,1765,778,25,0,2568,0,4,5,6,15,1765,782,30,6,2583,0,0,0,2583
09/14/2005,ATL,GA,ASO,ES,Towers with Radar,1764,764,39,4,2571,0,8,4,6,18,1764,772,43,10,2589,0,0,0,2589
09/15/2005,ATL,GA,ASO,ES,Towers with Radar,1816,789,26,3,2634,0,3,8,12,23,1816,792,34,15,2657,0,0,0,2657
09/16/2005,ATL,GA,ASO,ES,Towers with Radar,1853,775,28,0,2656,0,6,8,5,19,1853,781,36,5,2675,0,0,0,2675
09/17/2005,ATL,GA,ASO,ES,Towers with Radar,1628,657,16,0,2301,0,4,0,5,9,1628,661,16,5,2310,0,0,0,2310
09/18/2005,ATL,GA,ASO,ES,Towers with Radar,1819,739,8,2,2568,0,0,2,1,3,1819,739,10,3,2571,0,0,0,2571
09/19/2005,ATL,GA,ASO,ES,Towers with Radar,1842,765,22,0,2629,0,3,5,3,11,1842,768,27,3,2640,0,0,0,2640
09/20/2005,ATL,GA,ASO,ES,Towers with Radar,1788,791,28,0,2607,0,3,12,4,19,1788,794,40,4,2626,0,0,0,2626
09/21/2005,ATL,GA,ASO,ES,Towers with Radar,1772,796,16,3,2587,0,4,9,10,23,1772,800,25,13,2610,0,0,0,2610
09/22/2005,ATL,GA,ASO,ES,Towers with Radar,1831,788,26,0,2645,0,10,9,4,23,1831,798,35,4,2668,0,0,0,2668
09/23/2005,ATL,GA,ASO,ES,Towers with Radar,1856,763,44,4,2667,0,2,5,10,17,1856,765,49,14,2684,0,0,0,2684
09/24/2005,ATL,GA,ASO,ES,Towers with Radar,1534,617,23,0,2174,0,3,5,3,11,1534,620,28,3,2185,0,0,0,2185
09/25/2005,ATL,GA,ASO,ES,Towers with Radar,1800,724,28,1,2553,0,2,5,8,15,1800,726,33,9,2568,0,0,0,2568
09/26/2005,ATL,GA,ASO,ES,Towers with Radar,1832,746,25,1,2604,0,1,11,2,14,1832,747,36,3,2618,0,0,0,2618
09/27/2005,ATL,GA,ASO,ES,Towers with Radar,1721,796,21,2,2540,0,4,9,4,17,1721,800,30,6,2557,0,0,0,2557
09/28/2005,ATL,GA,ASO,ES,Towers with Radar,1731,801,21,2,2555,0,4,12,9,25,1731,805,33,11,2580,0,0,0,2580
09/29/2005,ATL,GA,ASO,ES,Towers with Radar,1790,781,30,3,2604,0,2,5,2,9,1790,783,35,5,2613,0,0,0,2613
09/30/2005,ATL,GA,ASO,ES,Towers with Radar,1856,782,26,2,2666,0,7,6,10,23,1856,789,32,12,2689,0,0,0,2689
10/01/2005,ATL,GA,ASO,ES,Towers with Radar,1536,671,24,0,2231,0,4,9,3,16,1536,675,33,3,2247,0,0,0,2247
10/02/2005,ATL,GA,ASO,ES,Towers with Radar,1761,735,10,0,2506,0,8,2,6,16,1761,743,12,6,2522,0,0,0,2522
10/03/2005,ATL,GA,ASO,ES,Towers with Radar,1817,760,13,2,2592,0,0,13,1,14,1817,760,26,3,2606,0,0,0,2606
10/04/2005,ATL,GA,ASO,ES,Towers with Radar,1717,792,19,2,2530,0,4,12,3,19,1717,796,31,5,2549,0,0,0,2549
10/05/2005,ATL,GA,ASO,ES,Towers with Radar,1803,792,30,0,2625,0,3,8,5,16,1803,795,38,5,2641,0,0,0,2641
10/06/2005,ATL,GA,ASO,ES,Towers with Radar,1772,746,22,0,2540,0,5,0,1,6,1772,751,22,1,2546,0,0,0,2546
10/07/2005,ATL,GA,ASO,ES,Towers with Radar,1892,776,33,0,2701,0,0,0,0,0,1892,776,33,0,2701,0,0,0,2701
10/08/2005,ATL,GA,ASO,ES,Towers with Radar,1697,683,15,1,2396,0,3,7,5,15,1697,686,22,6,2411,0,0,0,2411
10/09/2005,ATL,GA,ASO,ES,Towers with Radar,1823,725,10,0,2558,0,1,0,0,1,1823,726,10,0,2559,0,0,0,2559
10/10/2005,ATL,GA,ASO,ES,Towers with Radar,1838,736,31,0,2605,0,2,0,6,8,1838,738,31,6,2613,0,0,0,2613
10/11/2005,ATL,GA,ASO,ES,Towers with Radar,1860,752,35,0,2647,0,4,6,14,24,1860,756,41,14,2671,0,0,0,2671
10/12/2005,ATL,GA,ASO,ES,Towers with Radar,1830,793,17,2,2642,0,6,3,5,14,1830,799,20,7,2656,0,0,0,2656
10/13/2005,ATL,GA,ASO,ES,Towers with Radar,1852,814,35,5,2706,0,4,10,10,24,1852,818,45,15,2730,0,0,0,2730
10/14/2005,ATL,GA,ASO,ES,Towers with Radar,1890,779,38,2,2709,0,2,8,8,18,1890,781,46,10,2727,0,0,0,2727
10/15/2005,ATL,GA,ASO,ES,Towers with Radar,1681,664,7,1,2353,0,3,12,7,22,1681,667,19,8,2375,0,0,0,2375
10/16/2005,ATL,GA,ASO,ES,Towers with Radar,1827,744,10,0,2581,0,4,4,1,9,1827,748,14,1,2590,0,0,0,2590
10/17/2005,ATL,GA,ASO,ES,Towers with Radar,1862,752,22,0,2636,0,3,18,2,23,1862,755,40,2,2659,0,0,0,2659
10/18/2005,ATL,GA,ASO,ES,Towers with Radar,1871,794,48,0,2713,0,7,10,12,29,1871,801,58,12,2742,0,0,0,2742
10/19/2005,ATL,GA,ASO,ES,Towers with Radar,1879,806,32,0,2717,0,3,5,4,12,1879,809,37,4,2729,0,0,0,2729
10/20/2005,ATL,GA,ASO,ES,Towers with Radar,1873,809,40,0,2722,0,11,13,4,28,1873,820,53,4,2750,0,0,0,2750
10/21/2005,ATL,GA,ASO,ES,Towers with Radar,1909,814,39,0,2762,0,6,4,4,14,1909,820,43,4,2776,0,0,0,2776
10/22/2005,ATL,GA,ASO,ES,Towers with Radar,1682,658,16,0,2356,0,4,9,5,18,1682,662,25,5,2374,0,0,0,2374
10/23/2005,ATL,GA,ASO,ES,Towers with Radar,1824,719,23,0,2566,0,5,2,1,8,1824,724,25,1,2574,0,0,0,2574
10/24/2005,ATL,GA,ASO,ES,Towers with Radar,1712,731,30,0,2473,0,2,4,0,6,1712,733,34,0,2479,0,0,0,2479
10/25/2005,ATL,GA,ASO,ES,Towers with Radar,1745,791,30,0,2566,0,7,11,2,20,1745,798,41,2,2586,0,0,0,2586
10/26/2005,ATL,GA,ASO,ES,Towers with Radar,1846,800,34,0,2680,0,11,18,5,34,1846,811,52,5,2714,0,0,0,2714
10/27/2005,ATL,GA,ASO,ES,Towers with Radar,1885,800,46,0,2731,0,12,8,0,20,1885,812,54,0,2751,0,0,0,2751
10/28/2005,ATL,GA,ASO,ES,Towers with Radar,1874,792,29,1,2696,0,8,12,11,31,1874,800,41,12,2727,0,0,0,2727
10/29/2005,ATL,GA,ASO,ES,Towers with Radar,1656,663,27,1,2347,0,9,14,8,31,1656,672,41,9,2378,0,0,0,2378
10/30/2005,ATL,GA,ASO,ES,Towers with Radar,1795,734,39,5,2573,0,4,5,6,15,1795,738,44,11,2588,0,0,0,2588
10/31/2005,ATL,GA,ASO,ES,Towers with Radar,1848,767,22,1,2638,0,2,13,1,16,1848,769,35,2,2654,0,0,0,2654
11/01/2005,ATL,GA,ASO,ES,Towers with Radar,0,0,0,0,0,1770,789,27,8,2594,1770,789,27,8,2594,0,0,0,2594
11/02/2005,ATL,GA,ASO,ES,Towers with Radar,0,0,0,0,0,1788,813,28,5,2634,1788,813,28,5,2634,0,0,0,2634
11/03/2005,ATL,GA,ASO,ES,Towers with Radar,0,0,0,0,0,1817,852,32,8,2709,1817,852,32,8,2709,0,0,0,2709
11/04/2005,ATL,GA,ASO,ES,Towers with Radar,0,0,0,0,0,1833,782,24,3,2642,1833,782,24,3,2642,0,0,0,2642
11/05/2005,ATL,GA,ASO,ES,Towers with Radar,0,0,0,0,0,1634,683,18,12,2347,1634,683,18,12,2347,0,0,0,2347
11/06/2005,ATL,GA,ASO,ES,Towers with Radar,0,0,0,0,0,1761,737,26,0,2524,1761,737,26,0,2524,0,0,0,2524
11/07/2005,ATL,GA,ASO,ES,Towers with Radar,0,0,0,0,0,1826,772,35,1,2634,1826,772,35,1,2634,0,0,0,2634
11/08/2005,ATL,GA,ASO,ES,Towers with Radar,0,0,0,0,0,1744,799,38,6,2587,1744,799,38,6,2587,0,0,0,2587
11/09/2005,ATL,GA,ASO,ES,Towers with Radar,0,0,0,0,0,1740,816,29,13,2598,1740,816,29,13,2598,0,0,0,2598
11/10/2005,ATL,GA,ASO,ES,Towers with Radar,0,0,0,0,0,1817,852,32,8,2709,1817,852,32,8,2709,0,0,0,2709
11/11/2005,ATL,GA,ASO,ES,Towers with Radar,0,0,0,0,0,1819,785,22,4,2630,1819,785,22,4,2630,0,0,0,2630
11/12/2005,ATL,GA,ASO,ES,Towers with Radar,0,0,0,0,0,1580,661,15,1,2257,1580,661,15,1,2257,0,0,0,2257
11/13/2005,ATL,GA,ASO,ES,Towers with Radar,0,0,0,0,0,1759,762,16,2,2539,1759,762,16,2,2539,0,0,0,2539
11/14/2005,ATL,GA,ASO,ES,Towers with Radar,0,0,0,0,0,1761,786,24,5,2576,1761,786,24,5,2576,0,0,0,2576
11/15/2005,ATL,GA,ASO,ES,Towers with Radar,0,0,0,0,0,1677,758,20,9,2464,1677,758,20,9,2464,0,0,0,2464
11/16/2005,ATL,GA,ASO,ES,Towers with Radar,0,0,0,0,0,1717,803,39,1,2560,1717,803,39,1,2560,0,0,0,2560
11/17/2005,ATL,GA,ASO,ES,Towers with Radar,0,0,0,0,0,1870,860,43,7,2780,1870,860,43,7,2780,0,0,0,2780
11/18/2005,ATL,GA,ASO,ES,Towers with Radar,0,0,0,0,0,1886,855,36,9,2786,1886,855,36,9,2786,0,0,0,2786
11/19/2005,ATL,GA,ASO,ES,Towers with Radar,0,0,0,0,0,1651,680,10,5,2346,1651,680,10,5,2346,0,0,0,2346
11/20/2005,ATL,GA,ASO,ES,Towers with Radar,0,0,0,0,0,1750,749,11,6,2516,1750,749,11,6,2516,0,0,0,2516
11/21/2005,ATL,GA,ASO,ES,Towers with Radar,0,0,0,0,0,1600,670,13,1,2284,1600,670,13,1,2284,0,0,0,2284
11/22/2005,ATL,GA,ASO,ES,Towers with Radar,0,0,0,0,0,2030,907,31,5,2973,2030,907,31,5,2973,0,0,0,2973
11/23/2005,ATL,GA,ASO,ES,Towers with Radar,0,0,0,0,0,1905,858,18,10,2791,1905,858,18,10,2791,0,0,0,2791
11/24/2005,ATL,GA,ASO,ES,Towers with Radar,0,0,0,0,0,1433,718,6,4,2161,1433,718,6,4,2161,0,0,0,2161
11/25/2005,ATL,GA,ASO,ES,Towers with Radar,0,0,0,0,0,1608,740,9,5,2362,1608,740,9,5,2362,0,0,0,2362
11/26/2005,ATL,GA,ASO,ES,Towers with Radar,0,0,0,0,0,1628,687,9,5,2329,1628,687,9,5,2329,0,0,0,2329
11/27/2005,ATL,GA,ASO,ES,Towers with Radar,0,0,0,0,0,1766,758,12,0,2536,1766,758,12,0,2536,0,0,0,2536
11/28/2005,ATL,GA,ASO,ES,Towers with Radar,0,0,0,0,0,1752,725,14,1,2492,1752,725,14,1,2492,0,0,0,2492
11/29/2005,ATL,GA,ASO,ES,Towers with Radar,0,0,0,0,0,1896,856,27,3,2782,1896,856,27,3,2782,0,0,0,2782
11/30/2005,ATL,GA,ASO,ES,Towers with Radar,0,0,0,0,0,1762,823,40,4,2629,1762,823,40,4,2629,0,0,0,2629
12/01/2005,ATL,GA,ASO,ES,Towers with Radar,0,0,0,0,0,1807,866,35,7,2715,1807,866,35,7,2715,0,0,0,2715
12/02/2005,ATL,GA,ASO,ES,Towers with Radar,0,0,0,0,0,1831,865,34,3,2733,1831,865,34,3,2733,0,0,0,2733
12/03/2005,ATL,GA,ASO,ES,Towers with Radar,0,0,0,0,0,1510,662,27,2,2201,1510,662,27,2,2201,0,0,0,2201
12/04/2005,ATL,GA,ASO,ES,Towers with Radar,0,0,0,0,0,1694,763,12,1,2470,1694,763,12,1,2470,0,0,0,2470
12/05/2005,ATL,GA,ASO,ES,Towers with Radar,0,0,0,0,0,1711,762,25,3,2501,1711,762,25,3,2501,0,0,0,2501
12/06/2005,ATL,GA,ASO,ES,Towers with Radar,0,0,0,0,0,1710,816,31,4,2561,1710,816,31,4,2561,0,0,0,2561
12/07/2005,ATL,GA,ASO,ES,Towers with Radar,0,0,0,0,0,1663,828,36,0,2527,1663,828,36,0,2527,0,0,0,2527
12/08/2005,ATL,GA,ASO,ES,Towers with Radar,0,0,0,0,0,1627,730,19,1,2377,1627,730,19,1,2377,0,0,0,2377
12/09/2005,ATL,GA,ASO,ES,Towers with Radar,0,0,0,0,0,1876,844,46,12,2778,1876,844,46,12,2778,0,0,0,2778
12/10/2005,ATL,GA,ASO,ES,Towers with Radar,0,0,0,0,0,1532,650,16,9,2207,1532,650,16,9,2207,0,0,0,2207
12/11/2005,ATL,GA,ASO,ES,Towers with Radar,0,0,0,0,0,1770,813,17,3,2603,1770,813,17,3,2603,0,0,0,2603
12/12/2005,ATL,GA,ASO,ES,Towers with Radar,0,0,0,0,0,1776,803,31,1,2611,1776,803,31,1,2611,0,0,0,2611
12/13/2005,ATL,GA,ASO,ES,Towers with Radar,0,0,0,0,0,1682,839,43,6,2570,1682,839,43,6,2570,0,0,0,2570
12/14/2005,ATL,GA,ASO,ES,Towers with Radar,0,0,0,0,0,1627,779,18,6,2430,1627,779,18,6,2430,0,0,0,2430
12/15/2005,ATL,GA,ASO,ES,Towers with Radar,0,0,0,0,0,1665,727,30,0,2422,1665,727,30,0,2422,0,0,0,2422
12/16/2005,ATL,GA,ASO,ES,Towers with Radar,0,0,0,0,0,1847,871,32,8,2758,1847,871,32,8,2758,0,0,0,2758
12/17/2005,ATL,GA,ASO,ES,Towers with Radar,0,0,0,0,0,1551,694,16,2,2263,1551,694,16,2,2263,0,0,0,2263
12/18/2005,ATL,GA,ASO,ES,Towers with Radar,0,0,0,0,0,1770,797,8,0,2575,1770,797,8,0,2575,0,0,0,2575
12/19/2005,ATL,GA,ASO,ES,Towers with Radar,0,0,0,0,0,1804,815,12,3,2634,1804,815,12,3,2634,0,0,0,2634
12/20/2005,ATL,GA,ASO,ES,Towers with Radar,0,0,0,0,0,1742,812,16,3,2573,1742,812,16,3,2573,0,0,0,2573
12/21/2005,ATL,GA,ASO,ES,Towers with Radar,0,0,0,0,0,1849,857,10,0,2716,1849,857,10,0,2716,0,0,0,2716
12/22/2005,ATL,GA,ASO,ES,Towers with Radar,0,0,0,0,0,1896,864,17,2,2779,1896,864,17,2,2779,0,0,0,2779
12/23/2005,ATL,GA,ASO,ES,Towers with Radar,0,0,0,0,0,1892,863,12,8,2775,1892,863,12,8,2775,0,0,0,2775
12/24/2005,ATL,GA,ASO,ES,Towers with Radar,0,0,0,0,0,1535,657,4,3,2199,1535,657,4,3,2199,0,0,0,2199
12/25/2005,ATL,GA,ASO,ES,Towers with Radar,0,0,0,0,0,1563,638,6,1,2208,1563,638,6,1,2208,0,0,0,2208
12/26/2005,ATL,GA,ASO,ES,Towers with Radar,0,0,0,0,0,1834,800,16,3,2653,1834,800,16,3,2653,0,0,0,2653
12/27/2005,ATL,GA,ASO,ES,Towers with Radar,0,0,0,0,0,1831,820,23,2,2676,1831,820,23,2,2676,0,0,0,2676
12/28/2005,ATL,GA,ASO,ES,Towers with Radar,0,0,0,0,0,1789,813,10,2,2614,1789,813,10,2,2614,0,0,0,2614
12/29/2005,ATL,GA,ASO,ES,Towers with Radar,0,0,0,0,0,1851,870,18,4,2743,1851,870,18,4,2743,0,0,0,2743
12/30/2005,ATL,GA,ASO,ES,Towers with Radar,0,0,0,0,0,1871,871,12,7,2761,1871,871,12,7,2761,0,0,0,2761
12/31/2005,ATL,GA,ASO,ES,Towers with Radar,0,0,0,0,0,1534,655,12,9,2210,1534,655,12,9,2210,0,0,0,2210
01/01/2006,ATL,GA,ASO,ES,Towers with Radar,1561,637,11,0,2209,0,3,2,1,6,1561,640,13,1,2215,0,0,0,2215
01/02/2006,ATL,GA,ASO,ES,Towers with Radar,1633,675,8,0,2316,0,4,0,2,6,1633,679,8,2,2322,0,0,0,2322
01/03/2006,ATL,GA,ASO,ES,Towers with Radar,1889,841,33,2,2765,0,5,9,7,21,1889,846,42,9,2786,0,0,0,2786
01/04/2006,ATL,GA,ASO,ES,Towers with Radar,1741,823,15,2,2581,0,1,8,9,18,1741,824,23,11,2599,0,0,0,2599
01/05/2006,ATL,GA,ASO,ES,Towers with Radar,1794,873,18,1,2686,0,1,3,5,9,1794,874,21,6,2695,0,0,0,2695
01/06/2006,ATL,GA,ASO,ES,Towers with Radar,1789,849,15,0,2653,0,6,9,10,25,1789,855,24,10,2678,0,0,0,2678
01/07/2006,ATL,GA,ASO,ES,Towers with Radar,1515,660,2,0,2177,0,3,5,5,13,1515,663,7,5,2190,0,0,0,2190
01/08/2006,ATL,GA,ASO,ES,Towers with Radar,1765,791,5,0,2561,0,0,2,1,3,1765,791,7,1,2564,0,0,0,2564
01/09/2006,ATL,GA,ASO,ES,Towers with Radar,1762,784,27,1,2574,0,3,4,3,10,1762,787,31,4,2584,0,0,0,2584
01/10/2006,ATL,GA,ASO,ES,Towers with Radar,1632,778,31,3,2444,0,6,2,6,14,1632,784,33,9,2458,0,0,0,2458
01/11/2006,ATL,GA,ASO,ES,Towers with Radar,1657,791,24,0,2472,0,6,2,4,12,1657,797,26,4,2484,0,0,0,2484
01/12/2006,ATL,GA,ASO,ES,Towers with Radar,1792,848,22,1,2663,0,9,5,6,20,1792,857,27,7,2683,0,0,0,2683
01/13/2006,ATL,GA,ASO,ES,Towers with Radar,1751,793,20,0,2564,0,3,12,5,20,1751,796,32,5,2584,0,0,0,2584
01/14/2006,ATL,GA,ASO,ES,Towers with Radar,1542,686,19,2,2249,0,1,2,1,4,1542,687,21,3,2253,0,0,0,2253
01/15/2006,ATL,GA,ASO,ES,Towers with Radar,1728,788,16,0,2532,0,1,6,1,8,1728,789,22,1,2540,0,0,0,2540
01/16/2006,ATL,GA,ASO,ES,Towers with Radar,1759,796,14,0,2569,0,5,8,1,14,1759,801,22,1,2583,0,0,0,2583
01/17/2006,ATL,GA,ASO,ES,Towers with Radar,1595,731,14,3,2343,0,4,0,0,4,1595,735,14,3,2347,0,0,0,2347
01/18/2006,ATL,GA,ASO,ES,Towers with Radar,1641,826,20,3,2490,0,6,16,6,28,1641,832,36,9,2518,0,0,0,2518
01/19/2006,ATL,GA,ASO,ES,Towers with Radar,1794,881,32,4,2711,0,3,11,12,26,1794,884,43,16,2737,0,0,0,2737
01/20/2006,ATL,GA,ASO,ES,Towers with Radar,1801,858,29,0,2688,0,7,14,9,30,1801,865,43,9,2718,0,0,0,2718
01/21/2006,ATL,GA,ASO,ES,Towers with Radar,1500,648,8,0,2156,0,2,1,2,5,1500,650,9,2,2161,0,0,0,2161
01/22/2006,ATL,GA,ASO,ES,Towers with Radar,1550,687,8,0,2245,0,0,0,1,1,1550,687,8,1,2246,0,0,0,2246
01/23/2006,ATL,GA,ASO,ES,Towers with Radar,1763,724,14,1,2502,0,2,0,0,2,1763,726,14,1,2504,0,0,0,2504
01/24/2006,ATL,GA,ASO,ES,Towers with Radar,1706,826,36,0,2568,0,4,6,1,11,1706,830,42,1,2579,0,0,0,2579
01/25/2006,ATL,GA,ASO,ES,Towers with Radar,1646,842,39,1,2528,0,10,10,2,22,1646,852,49,3,2550,0,0,0,2550
01/26/2006,ATL,GA,ASO,ES,Towers with Radar,1780,856,34,0,2670,0,2,12,4,18,1780,858,46,4,2688,0,0,0,2688
01/27/2006,ATL,GA,ASO,ES,Towers with Radar,1801,857,26,1,2685,0,8,5,7,20,1801,865,31,8,2705,0,0,0,2705
01/28/2006,ATL,GA,ASO,ES,Towers with Radar,1501,645,10,0,2156,0,7,4,6,17,1501,652,14,6,2173,0,0,0,2173
01/29/2006,ATL,GA,ASO,ES,Towers with Radar,1714,762,12,2,2490,0,3,6,0,9,1714,765,18,2,2499,0,0,0,2499
01/30/2006,ATL,GA,ASO,ES,Towers with Radar,1741,775,23,2,2541,0,1,8,7,16,1741,776,31,9,2557,0,0,0,2557
01/31/2006,ATL,GA,ASO,ES,Towers with Radar,1645,803,16,2,2466,0,9,8,1,18,1645,812,24,3,2484,0,0,0,2484
02/01/2006,ATL,GA,ASO,ES,Towers with Radar,1659,825,29,0,2513,0,7,6,6,19,1659,832,35,6,2532,0,0,0,2532
02/02/2006,ATL,GA,ASO,ES,Towers with Radar,1713,830,18,0,2561,0,9,1,2,12,1713,839,19,2,2573,0,0,0,2573
02/03/2006,ATL,GA,ASO,ES,Towers with Radar,1778,836,25,2,2641,0,7,6,8,21,1778,843,31,10,2662,0,0,0,2662
02/04/2006,ATL,GA,ASO,ES,Towers with Radar,1541,680,5,0,2226,0,4,1,8,13,1541,684,6,8,2239,0,0,0,2239
02/05/2006,ATL,GA,ASO,ES,Towers with Radar,1721,791,7,0,2519,0,2,4,2,8,1721,793,11,2,2527,0,0,0,2527
02/06/2006,ATL,GA,ASO,ES,Towers with Radar,1672,735,13,7,2427,0,0,0,1,1,1672,735,13,8,2428,0,0,0,2428
02/07/2006,ATL,GA,ASO,ES,Towers with Radar,1687,825,19,3,2534,0,4,1,5,10,1687,829,20,8,2544,0,0,0,2544
02/08/2006,ATL,GA,ASO,ES,Towers with Radar,1666,815,21,2,2504,0,9,6,11,26,1666,824,27,13,2530,0,0,0,2530
02/09/2006,ATL,GA,ASO,ES,Towers with Radar,1758,887,36,2,2683,0,3,10,8,21,1758,890,46,10,2704,0,0,0,2704
02/10/2006,ATL,GA,ASO,ES,Towers with Radar,1791,860,22,0,2673,0,9,9,8,26,1791,869,31,8,2699,0,0,0,2699
02/11/2006,ATL,GA,ASO,ES,Towers with Radar,1489,679,10,0,2178,0,0,0,3,3,1489,679,10,3,2181,0,0,0,2181
02/12/2006,ATL,GA,ASO,ES,Towers with Radar,1553,765,19,0,2337,0,0,1,0,1,1553,765,20,0,2338,0,0,0,2338
02/13/2006,ATL,GA,ASO,ES,Towers with Radar,1744,808,24,0,2576,0,1,13,3,17,1744,809,37,3,2593,0,0,0,2593
02/14/2006,ATL,GA,ASO,ES,Towers with Radar,1646,819,32,0,2497,0,7,17,9,33,1646,826,49,9,2530,0,0,0,2530
02/15/2006,ATL,GA,ASO,ES,Towers with Radar,1678,833,24,0,2535,0,1,1,9,11,1678,834,25,9,2546,0,0,0,2546
02/16/2006,ATL,GA,ASO,ES,Towers with Radar,1805,855,26,0,2686,0,2,9,5,16,1805,857,35,5,2702,0,0,0,2702
02/17/2006,ATL,GA,ASO,ES,Towers with Radar,1817,886,28,2,2733,0,11,18,4,33,1817,897,46,6,2766,0,0,0,2766
02/18/2006,ATL,GA,ASO,ES,Towers with Radar,1596,705,11,0,2312,0,1,2,0,3,1596,706,13,0,2315,0,0,0,2315
02/19/2006,ATL,GA,ASO,ES,Towers with Radar,1670,775,17,0,2462,0,1,1,0,2,1670,776,18,0,2464,0,0,0,2464
02/20/2006,ATL,GA,ASO,ES,Towers with Radar,1728,747,15,0,2490,0,0,0,0,0,1728,747,15,0,2490,0,0,0,2490
02/21/2006,ATL,GA,ASO,ES,Towers with Radar,1732,794,32,0,2558,0,0,9,6,15,1732,794,41,6,2573,0,0,0,2573
02/22/2006,ATL,GA,ASO,ES,Towers with Radar,1644,803,34,4,2485,0,1,0,1,2,1644,804,34,5,2487,0,0,0,2487
02/23/2006,ATL,GA,ASO,ES,Towers with Radar,1818,889,44,0,2751,0,13,6,6,25,1818,902,50,6,2776,0,0,0,2776
02/24/2006,ATL,GA,ASO,ES,Towers with Radar,1799,865,33,3,2700,0,8,13,7,28,1799,873,46,10,2728,0,0,0,2728
02/25/2006,ATL,GA,ASO,ES,Towers with Radar,1579,689,6,0,2274,0,0,0,1,1,1579,689,6,1,2275,0,0,0,2275
02/26/2006,ATL,GA,ASO,ES,Towers with Radar,1782,812,13,2,2609,0,4,3,3,10,1782,816,16,5,2619,0,0,0,2619
02/27/2006,ATL,GA,ASO,ES,Towers with Radar,1793,832,17,2,2644,0,5,9,2,16,1793,837,26,4,2660,0,0,0,2660
02/28/2006,ATL,GA,ASO,ES,Towers with Radar,1691,825,39,1,2556,0,4,3,5,12,1691,829,42,6,2568,0,0,0,2568
03/01/2006,ATL,GA,ASO,ES,Towers with Radar,1717,837,36,3,2593,0,1,16,10,27,1717,838,52,13,2620,0,0,0,2620
03/02/2006,ATL,GA,ASO,ES,Towers with Radar,1774,874,28,2,2678,0,1,3,2,6,1774,875,31,4,2684,0,0,0,2684
03/03/2006,ATL,GA,ASO,ES,Towers with Radar,1847,889,26,0,2762,0,5,6,5,16,1847,894,32,5,2778,0,0,0,2778
03/04/2006,ATL,GA,ASO,ES,Towers with Radar,1600,745,23,3,2371,0,9,7,3,19,1600,754,30,6,2390,0,0,0,2390
03/05/2006,ATL,GA,ASO,ES,Towers with Radar,1739,826,18,0,2583,0,0,1,2,3,1739,826,19,2,2586,0,0,0,2586
03/06/2006,ATL,GA,ASO,ES,Towers with Radar,1819,852,22,0,2693,0,7,5,12,24,1819,859,27,12,2717,0,0,0,2717
03/07/2006,ATL,GA,ASO,ES,Towers with Radar,1732,865,41,0,2638,0,5,11,8,24,1732,870,52,8,2662,0,0,0,2662
03/08/2006,ATL,GA,ASO,ES,Towers with Radar,1779,908,24,1,2712,0,4,14,2,20,1779,912,38,3,2732,0,0,0,2732
03/09/2006,ATL,GA,ASO,ES,Towers with Radar,1809,871,9,2,2691,0,12,4,3,19,1809,883,13,5,2710,0,0,0,2710
03/10/2006,ATL,GA,ASO,ES,Towers with Radar,1824,911,33,2,2770,0,1,6,7,14,1824,912,39,9,2784,0,0,0,2784
03/11/2006,ATL,GA,ASO,ES,Towers with Radar,1610,757,12,0,2379,0,3,3,9,15,1610,760,15,9,2394,0,0,0,2394
03/12/2006,ATL,GA,ASO,ES,Towers with Radar,1740,832,14,2,2588,0,5,4,3,12,1740,837,18,5,2600,0,0,0,2600
03/13/2006,ATL,GA,ASO,ES,Towers with Radar,1785,825,27,1,2638,0,3,4,9,16,1785,828,31,10,2654,0,0,0,2654
03/14/2006,ATL,GA,ASO,ES,Towers with Radar,1725,890,22,1,2638,0,11,10,4,25,1725,901,32,5,2663,0,0,0,2663
03/15/2006,ATL,GA,ASO,ES,Towers with Radar,1788,913,18,0,2719,0,4,5,4,13,1788,917,23,4,2732,0,0,0,2732
03/16/2006,ATL,GA,ASO,ES,Towers with Radar,1811,894,52,3,2760,0,5,18,9,32,1811,899,70,12,2792,0,0,0,2792
03/17/2006,ATL,GA,ASO,ES,Towers with Radar,1808,909,35,2,2754,0,4,9,12,25,1808,913,44,14,2779,0,0,0,2779
03/18/2006,ATL,GA,ASO,ES,Towers with Radar,1628,766,32,1,2427,0,7,13,7,27,1628,773,45,8,2454,0,0,0,2454
03/19/2006,ATL,GA,ASO,ES,Towers with Radar,1751,838,19,1,2609,0,3,13,3,19,1751,841,32,4,2628,0,0,0,2628
03/20/2006,ATL,GA,ASO,ES,Towers with Radar,1730,797,29,1,2557,0,4,5,2,11,1730,801,34,3,2568,0,0,0,2568
03/21/2006,ATL,GA,ASO,ES,Towers with Radar,1788,894,16,2,2700,0,1,6,6,13,1788,895,22,8,2713,0,0,0,2713
03/22/2006,ATL,GA,ASO,ES,Towers with Radar,1780,915,15,2,2712,0,19,10,5,34,1780,934,25,7,2746,0,0,0,2746
03/23/2006,ATL,GA,ASO,ES,Towers with Radar,1784,894,24,0,2702,0,3,14,5,22,1784,897,38,5,2724,0,0,0,2724
03/24/2006,ATL,GA,ASO,ES,Towers with Radar,1872,910,26,0,2808,0,5,7,7,19,1872,915,33,7,2827,0,0,0,2827
03/25/2006,ATL,GA,ASO,ES,Towers with Radar,1624,776,15,1,2416,0,7,7,5,19,1624,783,22,6,2435,0,0,0,2435
03/26/2006,ATL,GA,ASO,ES,Towers with Radar,1755,853,14,0,2622,0,0,0,2,2,1755,853,14,2,2624,0,0,0,2624
03/27/2006,ATL,GA,ASO,ES,Towers with Radar,1812,854,16,1,2683,0,2,9,2,13,1812,856,25,3,2696,0,0,0,2696
03/28/2006,ATL,GA,ASO,ES,Towers with Radar,1731,877,29,0,2637,0,13,8,6,27,1731,890,37,6,2664,0,0,0,2664
03/29/2006,ATL,GA,ASO,ES,Towers with Radar,1793,905,42,7,2747,0,1,9,3,13,1793,906,51,10,2760,0,0,0,2760
03/30/2006,ATL,GA,ASO,ES,Towers with Radar,1829,905,31,3,2768,0,9,16,6,31,1829,914,47,9,2799,0,0,0,2799
03/31/2006,ATL,GA,ASO,ES,Towers with Radar,1808,891,26,0,2725,0,7,11,10,28,1808,898,37,10,2753,0,0,0,2753
04/01/2006,ATL,GA,ASO,ES,Towers with Radar,1628,790,17,0,2435,0,0,2,2,4,1628,790,19,2,2439,0,0,0,2439
04/02/2006,ATL,GA,ASO,ES,Towers with Radar,1737,851,12,0,2600,0,2,2,2,6,1737,853,14,2,2606,0,0,0,2606
04/03/2006,ATL,GA,ASO,ES,Towers with Radar,1766,822,21,0,2609,0,8,3,4,15,1766,830,24,4,2624,0,0,0,2624
04/04/2006,ATL,GA,ASO,ES,Towers with Radar,1671,890,23,0,2584,0,11,11,1,23,1671,901,34,1,2607,0,0,0,2607
04/05/2006,ATL,GA,ASO,ES,Towers with Radar,1778,910,37,2,2727,0,4,9,10,23,1778,914,46,12,2750,0,0,0,2750
04/06/2006,ATL,GA,ASO,ES,Towers with Radar,1804,940,52,2,2798,0,10,11,9,30,1804,950,63,11,2828,0,0,0,2828
04/07/2006,ATL,GA,ASO,ES,Towers with Radar,1805,924,46,1,2776,0,4,1,7,12,1805,928,47,8,2788,0,0,0,2788
04/08/2006,ATL,GA,ASO,ES,Towers with Radar,1624,773,22,1,2420,0,2,3,3,8,1624,775,25,4,2428,0,0,0,2428
04/09/2006,ATL,GA,ASO,ES,Towers with Radar,1756,883,29,1,2669,0,0,2,1,3,1756,883,31,2,2672,0,0,0,2672
04/10/2006,ATL,GA,ASO,ES,Towers with Radar,1815,885,22,3,2725,0,2,5,2,9,1815,887,27,5,2734,0,0,0,2734
04/11/2006,ATL,GA,ASO,ES,Towers with Radar,1711,896,20,1,2628,0,3,8,5,16,1711,899,28,6,2644,0,0,0,2644
04/12/2006,ATL,GA,ASO,ES,Towers with Radar,1775,927,32,2,2736,0,5,5,2,12,1775,932,37,4,2748,0,0,0,2748
04/13/2006,ATL,GA,ASO,ES,Towers with Radar,1798,912,22,0,2732,0,7,7,2,16,1798,919,29,2,2748,0,0,0,2748
04/14/2006,ATL,GA,ASO,ES,Towers with Radar,1805,915,19,1,2740,0,7,10,9,26,1805,922,29,10,2766,0,0,0,2766
04/15/2006,ATL,GA,ASO,ES,Towers with Radar,1577,761,2,1,2341,0,12,9,11,32,1577,773,11,12,2373,0,0,0,2373
04/16/2006,ATL,GA,ASO,ES,Towers with Radar,1730,843,10,1,2584,0,0,5,3,8,1730,843,15,4,2592,0,0,0,2592
04/17/2006,ATL,GA,ASO,ES,Towers with Radar,1779,881,21,0,2681,0,2,7,4,13,1779,883,28,4,2694,0,0,0,2694
04/18/2006,ATL,GA,ASO,ES,Towers with Radar,1688,909,26,1,2624,0,10,22,8,40,1688,919,48,9,2664,0,0,0,2664
04/19/2006,ATL,GA,ASO,ES,Towers with Radar,1580,804,8,0,2392,0,1,1,4,6,1580,805,9,4,2398,0,0,0,2398
04/20/2006,ATL,GA,ASO,ES,Towers with Radar,1736,894,23,0,2653,0,2,17,1,20,1736,896,40,1,2673,0,0,0,2673
04/21/2006,ATL,GA,ASO,ES,Towers with Radar,1829,920,17,1,2767,0,3,8,2,13,1829,923,25,3,2780,0,0,0,2780
04/22/2006,ATL,GA,ASO,ES,Towers with Radar,1631,789,11,0,2431,0,2,2,3,7,1631,791,13,3,2438,0,0,0,2438
04/23/2006,ATL,GA,ASO,ES,Towers with Radar,1752,880,18,0,2650,0,2,2,4,8,1752,882,20,4,2658,0,0,0,2658
04/24/2006,ATL,GA,ASO,ES,Towers with Radar,1775,886,22,1,2684,0,1,4,4,9,1775,887,26,5,2693,0,0,0,2693
04/25/2006,ATL,GA,ASO,ES,Towers with Radar,1713,891,29,7,2640,0,3,6,5,14,1713,894,35,12,2654,0,0,0,2654
04/26/2006,ATL,GA,ASO,ES,Towers with Radar,1731,883,17,0,2631,0,0,4,2,6,1731,883,21,2,2637,0,0,0,2637
04/27/2006,ATL,GA,ASO,ES,Towers with Radar,1818,935,15,1,2769,0,2,11,5,18,1818,937,26,6,2787,0,0,0,2787
04/28/2006,ATL,GA,ASO,ES,Towers with Radar,1808,925,15,2,2750,0,4,7,4,15,1808,929,22,6,2765,0,0,0,2765
04/29/2006,ATL,GA,ASO,ES,Towers with Radar,1584,761,18,1,2364,0,9,12,3,24,1584,770,30,4,2388,0,0,0,2388
04/30/2006,ATL,GA,ASO,ES,Towers with Radar,1724,827,8,1,2560,0,3,4,3,10,1724,830,12,4,2570,0,0,0,2570
05/01/2006,ATL,GA,ASO,ES,Towers with Radar,1729,906,22,3,2660,0,5,3,10,18,1729,911,25,13,2678,0,0,0,2678
05/02/2006,ATL,GA,ASO,ES,Towers with Radar,1641,907,16,0,2564,0,15,10,10,35,1641,922,26,10,2599,0,0,0,2599
05/03/2006,ATL,GA,ASO,ES,Towers with Radar,1737,927,16,0,2680,0,2,5,6,13,1737,929,21,6,2693,0,0,0,2693
05/04/2006,ATL,GA,ASO,ES,Towers with Radar,1792,966,27,2,2787,0,9,6,9,24,1792,975,33,11,2811,0,0,0,2811
05/05/2006,ATL,GA,ASO,ES,Towers with Radar,1767,958,21,1,2747,0,7,9,2,18,1767,965,30,3,2765,0,0,0,2765
05/06/2006,ATL,GA,ASO,ES,Towers with Radar,1484,732,5,0,2221,0,4,4,0,8,1484,736,9,0,2229,0,0,0,2229
05/07/2006,ATL,GA,ASO,ES,Towers with Radar,1665,812,15,0,2492,0,0,0,0,0,1665,812,15,0,2492,0,0,0,2492
05/08/2006,ATL,GA,ASO,ES,Towers with Radar,1753,898,17,1,2669,0,0,12,0,12,1753,898,29,1,2681,0,0,0,2681
05/09/2006,ATL,GA,ASO,ES,Towers with Radar,1639,897,18,0,2554,0,2,2,3,7,1639,899,20,3,2561,0,0,0,2561
05/10/2006,ATL,GA,ASO,ES,Towers with Radar,1682,874,20,0,2576,0,2,0,3,5,1682,876,20,3,2581,0,0,0,2581
05/11/2006,ATL,GA,ASO,ES,Towers with Radar,1796,952,17,0,2765,0,9,17,3,29,1796,961,34,3,2794,0,0,0,2794
05/12/2006,ATL,GA,ASO,ES,Towers with Radar,1806,949,27,2,2784,0,1,16,7,24,1806,950,43,9,2808,0,0,0,2808
05/13/2006,ATL,GA,ASO,ES,Towers with Radar,1522,720,10,0,2252,0,3,5,3,11,1522,723,15,3,2263,0,0,0,2263
05/14/2006,ATL,GA,ASO,ES,Towers with Radar,1703,849,16,0,2568,0,2,5,0,7,1703,851,21,0,2575,0,0,0,2575
05/15/2006,ATL,GA,ASO,ES,Towers with Radar,1735,916,18,1,2670,0,5,14,15,34,1735,921,32,16,2704,0,0,0,2704
05/16/2006,ATL,GA,ASO,ES,Towers with Radar,1656,909,19,2,2586,0,6,6,7,19,1656,915,25,9,2605,0,0,0,2605
05/17/2006,ATL,GA,ASO,ES,Towers with Radar,1720,922,26,0,2668,0,7,8,7,22,1720,929,34,7,2690,0,0,0,2690
05/18/2006,ATL,GA,ASO,ES,Towers with Radar,1799,959,34,1,2793,0,11,14,2,27,1799,970,48,3,2820,0,0,0,2820
05/19/2006,ATL,GA,ASO,ES,Towers with Radar,1777,936,19,3,2735,0,9,9,7,25,1777,945,28,10,2760,0,0,0,2760
05/20/2006,ATL,GA,ASO,ES,Towers with Radar,1508,715,16,3,2242,0,6,1,6,13,1508,721,17,9,2255,0,0,0,2255
05/21/2006,ATL,GA,ASO,ES,Towers with Radar,1727,859,14,0,2600,0,2,2,4,8,1727,861,16,4,2608,0,0,0,2608
05/22/2006,ATL,GA,ASO,ES,Towers with Radar,1740,922,14,0,2676,0,6,13,5,24,1740,928,27,5,2700,0,0,0,2700
05/23/2006,ATL,GA,ASO,ES,Towers with Radar,1653,910,28,0,2591,0,6,19,8,33,1653,916,47,8,2624,0,0,0,2624
05/24/2006,ATL,GA,ASO,ES,Towers with Radar,1725,919,27,1,2672,0,3,12,4,19,1725,922,39,5,2691,0,0,0,2691
05/25/2006,ATL,GA,ASO,ES,Towers with Radar,1798,936,31,0,2765,0,8,17,6,31,1798,944,48,6,2796,0,0,0,2796
05/26/2006,ATL,GA,ASO,ES,Towers with Radar,1818,949,28,0,2795,0,2,16,4,22,1818,951,44,4,2817,0,0,0,2817
05/27/2006,ATL,GA,ASO,ES,Towers with Radar,1488,729,7,0,2224,0,2,3,7,12,1488,731,10,7,2236,0,0,0,2236
05/28/2006,ATL,GA,ASO,ES,Towers with Radar,1630,838,8,1,2477,0,2,2,6,10,1630,840,10,7,2487,0,0,0,2487
05/29/2006,ATL,GA,ASO,ES,Towers with Radar,1716,891,0,0,2607,0,2,0,3,5,1716,893,0,3,2612,0,0,0,2612
05/30/2006,ATL,GA,ASO,ES,Towers with Radar,1642,866,28,0,2536,0,4,8,6,18,1642,870,36,6,2554,0,0,0,2554
05/31/2006,ATL,GA,ASO,ES,Towers with Radar,1735,911,21,3,2670,0,3,2,2,7,1735,914,23,5,2677,0,0,0,2677
06/01/2006,ATL,GA,ASO,ES,Towers with Radar,1984,737,12,0,2733,0,3,7,6,16,1984,740,19,6,2749,0,0,0,2749
06/02/2006,ATL,GA,ASO,ES,Towers with Radar,1840,669,19,1,2529,0,2,6,6,14,1840,671,25,7,2543,0,0,0,2543
06/03/2006,ATL,GA,ASO,ES,Towers with Radar,1693,568,16,2,2279,0,2,7,2,11,1693,570,23,4,2290,0,0,0,2290
06/04/2006,ATL,GA,ASO,ES,Towers with Radar,1905,688,16,1,2610,0,1,5,0,6,1905,689,21,1,2616,0,0,0,2616
06/05/2006,ATL,GA,ASO,ES,Towers with Radar,1975,712,28,0,2715,0,2,7,12,21,1975,714,35,12,2736,0,0,0,2736
06/06/2006,ATL,GA,ASO,ES,Towers with Radar,1878,703,31,0,2612,0,5,5,3,13,1878,708,36,3,2625,0,0,0,2625
06/07/2006,ATL,GA,ASO,ES,Towers with Radar,1941,744,17,2,2704,0,3,3,11,17,1941,747,20,13,2721,0,0,0,2721
06/08/2006,ATL,GA,ASO,ES,Towers with Radar,2008,814,33,0,2855,0,3,13,8,24,2008,817,46,8,2879,0,0,0,2879
06/09/2006,ATL,GA,ASO,ES,Towers with Radar,1995,814,19,0,2828,0,5,5,8,18,1995,819,24,8,2846,0,0,0,2846
06/10/2006,ATL,GA,ASO,ES,Towers with Radar,1812,686,17,0,2515,0,4,0,10,14,1812,690,17,10,2529,0,0,0,2529
06/11/2006,ATL,GA,ASO,ES,Towers with Radar,1931,769,17,0,2717,0,3,3,1,7,1931,772,20,1,2724,0,0,0,2724
06/12/2006,ATL,GA,ASO,ES,Towers with Radar,1942,728,11,2,2683,0,4,6,1,11,1942,732,17,3,2694,0,0,0,2694
06/13/2006,ATL,GA,ASO,ES,Towers with Radar,2002,847,18,0,2867,0,3,4,2,9,2002,850,22,2,2876,0,0,0,2876
06/14/2006,ATL,GA,ASO,ES,Towers with Radar,2009,840,30,4,2883,0,5,3,0,8,2009,845,33,4,2891,0,0,0,2891
06/15/2006,ATL,GA,ASO,ES,Towers with Radar,2009,845,30,0,2884,0,2,6,2,10,2009,847,36,2,2894,0,0,0,2894
06/16/2006,ATL,GA,ASO,ES,Towers with Radar,2010,828,21,0,2859,0,6,7,4,17,2010,834,28,4,2876,0,0,0,2876
06/17/2006,ATL,GA,ASO,ES,Towers with Radar,1788,690,11,0,2489,0,5,1,6,12,1788,695,12,6,2501,0,0,0,2501
06/18/2006,ATL,GA,ASO,ES,Towers with Radar,1944,739,18,0,2701,0,1,8,0,9,1944,740,26,0,2710,0,0,0,2710
06/19/2006,ATL,GA,ASO,ES,Towers with Radar,1992,774,15,2,2783,0,7,1,5,13,1992,781,16,7,2796,0,0,0,2796
06/20/2006,ATL,GA,ASO,ES,Towers with Radar,1987,831,23,1,2842,0,3,12,5,20,1987,834,35,6,2862,0,0,0,2862
06/21/2006,ATL,GA,ASO,ES,Towers with Radar,1964,820,28,4,2816,0,5,3,5,13,1964,825,31,9,2829,0,0,0,2829
06/22/2006,ATL,GA,ASO,ES,Towers with Radar,1984,824,13,0,2821,0,3,21,7,31,1984,827,34,7,2852,0,0,0,2852
06/23/2006,ATL,GA,ASO,ES,Towers with Radar,1981,779,27,0,2787,0,5,10,4,19,1981,784,37,4,2806,0,0,0,2806
06/24/2006,ATL,GA,ASO,ES,Towers with Radar,1772,682,8,0,2462,0,2,5,4,11,1772,684,13,4,2473,0,0,0,2473
06/25/2006,ATL,GA,ASO,ES,Towers with Radar,1871,683,14,0,2568,0,7,1,1,9,1871,690,15,1,2577,0,0,0,2577
06/26/2006,ATL,GA,ASO,ES,Towers with Radar,1946,753,25,1,2725,0,0,2,3,5,1946,753,27,4,2730,0,0,0,2730
06/27/2006,ATL,GA,ASO,ES,Towers with Radar,1619,690,33,0,2342,0,3,7,5,15,1619,693,40,5,2357,0,0,0,2357
06/28/2006,ATL,GA,ASO,ES,Towers with Radar,2019,845,23,0,2887,0,1,5,1,7,2019,846,28,1,2894,0,0,0,2894
06/29/2006,ATL,GA,ASO,ES,Towers with Radar,2032,850,22,0,2904,0,5,11,1,17,2032,855,33,1,2921,0,0,0,2921
06/30/2006,ATL,GA,ASO,ES,Towers with Radar,2009,843,21,0,2873,0,4,11,5,20,2009,847,32,5,2893,0,0,0,2893
07/01/2006,ATL,GA,ASO,ES,Towers with Radar,1776,729,18,0,2523,0,6,12,5,23,1776,735,30,5,2546,0,0,0,2546
07/02/2006,ATL,GA,ASO,ES,Towers with Radar,1906,788,5,0,2699,0,0,6,1,7,1906,788,11,1,2706,0,0,0,2706
07/03/2006,ATL,GA,ASO,ES,Towers with Radar,1816,711,8,0,2535,0,0,2,2,4,1816,711,10,2,2539,0,0,0,2539
07/04/2006,ATL,GA,ASO,ES,Towers with Radar,1808,701,10,0,2519,0,7,1,5,13,1808,708,11,5,2532,0,0,0,2532
07/05/2006,ATL,GA,ASO,ES,Towers with Radar,1880,725,18,0,2623,0,8,2,7,17,1880,733,20,7,2640,0,0,0,2640
07/06/2006,ATL,GA,ASO,ES,Towers with Radar,2084,863,16,0,2963,0,7,3,3,13,2084,870,19,3,2976,0,0,0,2976
07/07/2006,ATL,GA,ASO,ES,Towers with Radar,2014,861,20,0,2895,0,12,11,8,31,2014,873,31,8,2926,0,0,0,2926
07/08/2006,ATL,GA,ASO,ES,Towers with Radar,1791,711,11,0,2513,0,5,2,5,12,1791,716,13,5,2525,0,0,0,2525
07/09/2006,ATL,GA,ASO,ES,Towers with Radar,1931,780,16,0,2727,0,6,1,6,13,1931,786,17,6,2740,0,0,0,2740
07/10/2006,ATL,GA,ASO,ES,Towers with Radar,1999,815,17,0,2831,0,7,5,5,17,1999,822,22,5,2848,0,0,0,2848
07/11/2006,ATL,GA,ASO,ES,Towers with Radar,1991,854,24,1,2870,0,5,7,3,15,1991,859,31,4,2885,0,0,0,2885
07/12/2006,ATL,GA,ASO,ES,Towers with Radar,1961,851,21,0,2833,0,3,5,8,16,1961,854,26,8,2849,0,0,0,2849
07/13/2006,ATL,GA,ASO,ES,Towers with Radar,2022,860,18,0,2900,0,10,11,4,25,2022,870,29,4,2925,0,0,0,2925
07/14/2006,ATL,GA,ASO,ES,Towers with Radar,2006,856,17,0,2879,0,3,9,14,26,2006,859,26,14,2905,0,0,0,2905
07/15/2006,ATL,GA,ASO,ES,Towers with Radar,1791,695,13,1,2500,0,3,0,5,8,1791,698,13,6,2508,0,0,0,2508
07/16/2006,ATL,GA,ASO,ES,Towers with Radar,1950,777,8,0,2735,0,11,3,4,18,1950,788,11,4,2753,0,0,0,2753
07/17/2006,ATL,GA,ASO,ES,Towers with Radar,2005,818,20,2,2845,0,3,12,6,21,2005,821,32,8,2866,0,0,0,2866
07/18/2006,ATL,GA,ASO,ES,Towers with Radar,1991,852,23,0,2866,0,10,6,4,20,1991,862,29,4,2886,0,0,0,2886
07/19/2006,ATL,GA,ASO,ES,Towers with Radar,1994,852,28,4,2878,0,12,13,7,32,1994,864,41,11,2910,0,0,0,2910
07/20/2006,ATL,GA,ASO,ES,Towers with Radar,1973,859,24,0,2856,0,4,10,1,15,1973,863,34,1,2871,0,0,0,2871
07/21/2006,ATL,GA,ASO,ES,Towers with Radar,1958,844,15,0,2817,0,8,2,4,14,1958,852,17,4,2831,0,0,0,2831
07/22/2006,ATL,GA,ASO,ES,Towers with Radar,1789,716,15,1,2521,0,1,2,9,12,1789,717,17,10,2533,0,0,0,2533
07/23/2006,ATL,GA,ASO,ES,Towers with Radar,1962,800,12,0,2774,0,0,0,0,0,1962,800,12,0,2774,0,0,0,2774
07/24/2006,ATL,GA,ASO,ES,Towers with Radar,1990,828,13,0,2831,0,4,12,1,17,1990,832,25,1,2848,0,0,0,2848
07/25/2006,ATL,GA,ASO,ES,Towers with Radar,1996,848,20,0,2864,0,2,2,6,10,1996,850,22,6,2874,0,0,0,2874
07/26/2006,ATL,GA,ASO,ES,Towers with Radar,1997,851,21,1,2870,0,6,12,7,25,1997,857,33,8,2895,0,0,0,2895
07/27/2006,ATL,GA,ASO,ES,Towers with Radar,1999,843,38,0,2880,0,2,4,5,11,1999,845,42,5,2891,0,0,0,2891
07/28/2006,ATL,GA,ASO,ES,Towers with Radar,2002,818,15,0,2835,0,0,3,3,6,2002,818,18,3,2841,0,0,0,2841
07/29/2006,ATL,GA,ASO,ES,Towers with Radar,1828,707,12,0,2547,0,3,1,5,9,1828,710,13,5,2556,0,0,0,2556
07/30/2006,ATL,GA,ASO,ES,Towers with Radar,1950,772,19,0,2741,0,2,3,0,5,1950,774,22,0,2746,0,0,0,2746
07/31/2006,ATL,GA,ASO,ES,Towers with Radar,1991,835,22,0,2848,0,5,6,5,16,1991,840,28,5,2864,0,0,0,2864
08/01/2006,ATL,GA,ASO,ES,Towers with Radar,1944,833,24,3,2804,0,2,4,5,11,1944,835,28,8,2815,0,0,0,2815
08/02/2006,ATL,GA,ASO,ES,Towers with Radar,2006,862,22,0,2890,0,3,12,6,21,2006,865,34,6,2911,0,0,0,2911
08/03/2006,ATL,GA,ASO,ES,Towers with Radar,2012,860,15,2,2889,0,7,10,6,23,2012,867,25,8,2912,0,0,0,2912
08/04/2006,ATL,GA,ASO,ES,Towers with Radar,2029,869,17,0,2915,0,1,10,8,19,2029,870,27,8,2934,0,0,0,2934
08/05/2006,ATL,GA,ASO,ES,Towers with Radar,1778,714,3,0,2495,0,7,0,3,10,1778,721,3,3,2505,0,0,0,2505
08/06/2006,ATL,GA,ASO,ES,Towers with Radar,1930,798,15,1,2744,0,2,3,4,9,1930,800,18,5,2753,0,0,0,2753
08/07/2006,ATL,GA,ASO,ES,Towers with Radar,1995,827,12,0,2834,0,3,5,3,11,1995,830,17,3,2845,0,0,0,2845
08/08/2006,ATL,GA,ASO,ES,Towers with Radar,1999,880,11,1,2891,0,4,11,6,21,1999,884,22,7,2912,0,0,0,2912
08/09/2006,ATL,GA,ASO,ES,Towers with Radar,1961,847,29,0,2837,0,2,12,8,22,1961,849,41,8,2859,0,0,0,2859
08/10/2006,ATL,GA,ASO,ES,Towers with Radar,1776,765,20,3,2564,0,8,8,6,22,1776,773,28,9,2586,0,0,0,2586
08/11/2006,ATL,GA,ASO,ES,Towers with Radar,2091,893,29,0,3013,0,7,7,3,17,2091,900,36,3,3030,0,0,0,3030
08/12/2006,ATL,GA,ASO,ES,Towers with Radar,1788,741,9,0,2538,0,5,0,2,7,1788,746,9,2,2545,0,0,0,2545
08/13/2006,ATL,GA,ASO,ES,Towers with Radar,1968,822,12,0,2802,0,0,1,2,3,1968,822,13,2,2805,0,0,0,2805
08/14/2006,ATL,GA,ASO,ES,Towers with Radar,2002,835,12,0,2849,0,5,9,0,14,2002,840,21,0,2863,0,0,0,2863
08/15/2006,ATL,GA,ASO,ES,Towers with Radar,1989,869,14,0,2872,0,2,7,2,11,1989,871,21,2,2883,0,0,0,2883
08/16/2006,ATL,GA,ASO,ES,Towers with Radar,2023,871,15,0,2909,0,6,2,3,11,2023,877,17,3,2920,0,0,0,2920
08/17/2006,ATL,GA,ASO,ES,Towers with Radar,2032,893,14,0,2939,0,2,7,3,12,2032,895,21,3,2951,0,0,0,2951
08/18/2006,ATL,GA,ASO,ES,Towers with Radar,2017,880,14,1,2912,0,9,5,10,24,2017,889,19,11,2936,0,0,0,2936
08/19/2006,ATL,GA,ASO,ES,Towers with Radar,1788,727,8,0,2523,0,12,2,3,17,1788,739,10,3,2540,0,0,0,2540
08/20/2006,ATL,GA,ASO,ES,Towers with Radar,1892,752,8,2,2654,0,2,0,2,4,1892,754,8,4,2658,0,0,0,2658
08/21/2006,ATL,GA,ASO,ES,Towers with Radar,2008,846,22,2,2878,0,2,12,3,17,2008,848,34,5,2895,0,0,0,2895
08/22/2006,ATL,GA,ASO,ES,Towers with Radar,1979,845,24,2,2850,0,3,2,2,7,1979,848,26,4,2857,0,0,0,2857
08/23/2006,ATL,GA,ASO,ES,Towers with Radar,2018,879,22,3,2922,0,6,2,3,11,2018,885,24,6,2933,0,0,0,2933
08/24/2006,ATL,GA,ASO,ES,Towers with Radar,1990,857,24,0,2871,0,2,1,4,7,1990,859,25,4,2878,0,0,0,2878
08/25/2006,ATL,GA,ASO,ES,Towers with Radar,2014,882,9,2,2907,0,11,9,6,26,2014,893,18,8,2933,0,0,0,2933
08/26/2006,ATL,GA,ASO,ES,Towers with Radar,1787,732,6,1,2526,0,1,5,4,10,1787,733,11,5,2536,0,0,0,2536
08/27/2006,ATL,GA,ASO,ES,Towers with Radar,1954,807,10,1,2772,0,2,5,6,13,1954,809,15,7,2785,0,0,0,2785
08/28/2006,ATL,GA,ASO,ES,Towers with Radar,1981,828,13,0,2822,0,6,7,6,19,1981,834,20,6,2841,0,0,0,2841
08/29/2006,ATL,GA,ASO,ES,Towers with Radar,1895,834,13,2,2744,0,0,6,3,9,1895,834,19,5,2753,0,0,0,2753
08/30/2006,ATL,GA,ASO,ES,Towers with Radar,1930,851,17,0,2798,0,3,12,7,22,1930,854,29,7,2820,0,0,0,2820
08/31/2006,ATL,GA,ASO,ES,Towers with Radar,1984,834,15,0,2833,0,2,4,1,7,1984,836,19,1,2840,0,0,0,2840
09/01/2006,ATL,GA,ASO,ES,Towers with Radar,2004,853,27,0,2884,0,4,3,2,9,2004,857,30,2,2893,0,0,0,2893
09/02/2006,ATL,GA,ASO,ES,Towers with Radar,1659,682,9,0,2350,0,4,2,0,6,1659,686,11,0,2356,0,0,0,2356
09/03/2006,ATL,GA,ASO,ES,Towers with Radar,1702,672,5,0,2379,0,0,1,0,1,1702,672,6,0,2380,0,0,0,2380
09/04/2006,ATL,GA,ASO,ES,Towers with Radar,1874,810,15,0,2699,0,0,2,0,2,1874,810,17,0,2701,0,0,0,2701
09/05/2006,ATL,GA,ASO,ES,Towers with Radar,1893,790,9,2,2694,0,0,4,0,4,1893,790,13,2,2698,0,0,0,2698
09/06/2006,ATL,GA,ASO,ES,Towers with Radar,1905,832,11,4,2752,0,0,18,2,20,1905,832,29,6,2772,0,0,0,2772
09/07/2006,ATL,GA,ASO,ES,Towers with Radar,2027,860,28,2,2917,0,1,6,0,7,2027,861,34,2,2924,0,0,0,2924
09/08/2006,ATL,GA,ASO,ES,Towers with Radar,2023,824,16,3,2866,0,2,2,0,4,2023,826,18,3,2870,0,0,0,2870
09/09/2006,ATL,GA,ASO,ES,Towers with Radar,1682,639,6,3,2330,0,0,2,1,3,1682,639,8,4,2333,0,0,0,2333
09/10/2006,ATL,GA,ASO,ES,Towers with Radar,1927,739,14,0,2680,0,0,1,0,1,1927,739,15,0,2681,0,0,0,2681
09/11/2006,ATL,GA,ASO,ES,Towers with Radar,1916,762,3,0,2681,0,3,1,0,4,1916,765,4,0,2685,0,0,0,2685
09/12/2006,ATL,GA,ASO,ES,Towers with Radar,1824,779,13,1,2617,0,0,3,0,3,1824,779,16,1,2620,0,0,0,2620
09/13/2006,ATL,GA,ASO,ES,Towers with Radar,1791,764,13,1,2569,0,0,0,0,0,1791,764,13,1,2569,0,0,0,2569
09/14/2006,ATL,GA,ASO,ES,Towers with Radar,2008,841,29,0,2878,0,0,11,0,11,2008,841,40,0,2889,0,0,0,2889
09/15/2006,ATL,GA,ASO,ES,Towers with Radar,2004,845,24,0,2873,0,1,7,2,10,2004,846,31,2,2883,0,0,0,2883
09/16/2006,ATL,GA,ASO,ES,Towers with Radar,1681,637,17,0,2335,0,1,4,2,7,1681,638,21,2,2342,0,0,0,2342
09/17/2006,ATL,GA,ASO,ES,Towers with Radar,1925,748,15,0,2688,0,0,3,1,4,1925,748,18,1,2692,0,0,0,2692
09/18/2006,ATL,GA,ASO,ES,Towers with Radar,1864,743,16,0,2623,0,0,3,0,3,1864,743,19,0,2626,0,0,0,2626
09/19/2006,ATL,GA,ASO,ES,Towers with Radar,1932,823,27,1,2783,0,0,0,0,0,1932,823,27,1,2783,0,0,0,2783
09/20/2006,ATL,GA,ASO,ES,Towers with Radar,1903,831,32,0,2766,0,1,10,1,12,1903,832,42,1,2778,0,0,0,2778
09/21/2006,ATL,GA,ASO,ES,Towers with Radar,2021,872,30,0,2923,0,1,11,1,13,2021,873,41,1,2936,0,0,0,2936
09/22/2006,ATL,GA,ASO,ES,Towers with Radar,1978,816,21,0,2815,0,0,4,0,4,1978,816,25,0,2819,0,0,0,2819
09/23/2006,ATL,GA,ASO,ES,Towers with Radar,1693,609,5,2,2309,0,2,4,0,6,1693,611,9,2,2315,0,0,0,2315
09/24/2006,ATL,GA,ASO,ES,Towers with Radar,1701,632,12,1,2346,0,0,0,0,0,1701,632,12,1,2346,0,0,0,2346
09/25/2006,ATL,GA,ASO,ES,Towers with Radar,2112,794,17,2,2925,0,4,9,0,13,2112,798,26,2,2938,0,0,0,2938
09/26/2006,ATL,GA,ASO,ES,Towers with Radar,1882,825,34,2,2743,0,3,15,12,30,1882,828,49,14,2773,0,0,0,2773
09/27/2006,ATL,GA,ASO,ES,Towers with Radar,1913,843,16,5,2777,0,2,7,0,9,1913,845,23,5,2786,0,0,0,2786
09/28/2006,ATL,GA,ASO,ES,Towers with Radar,2011,834,37,0,2882,0,3,9,0,12,2011,837,46,0,2894,0,0,0,2894
09/29/2006,ATL,GA,ASO,ES,Towers with Radar,2023,849,15,0,2887,0,1,9,1,11,2023,850,24,1,2898,0,0,0,2898
09/30/2006,ATL,GA,ASO,ES,Towers with Radar,1683,652,7,0,2342,0,3,9,1,13,1683,655,16,1,2355,0,0,0,2355
10/01/2006,ATL,GA,ASO,ES,Towers with Radar,1969,759,22,0,2750,0,0,9,2,11,1969,759,31,2,2761,0,0,0,2761
10/02/2006,ATL,GA,ASO,ES,Towers with Radar,2012,776,13,0,2801,0,4,7,1,12,2012,780,20,1,2813,0,0,0,2813
10/03/2006,ATL,GA,ASO,ES,Towers with Radar,1928,795,15,1,2739,0,0,5,2,7,1928,795,20,3,2746,0,0,0,2746
10/04/2006,ATL,GA,ASO,ES,Towers with Radar,1935,808,30,2,2775,0,0,10,1,11,1935,808,40,3,2786,0,0,0,2786
10/05/2006,ATL,GA,ASO,ES,Towers with Radar,2081,830,28,0,2939,0,2,7,0,9,2081,832,35,0,2948,0,0,0,2948
10/06/2006,ATL,GA,ASO,ES,Towers with Radar,2042,797,28,0,2867,0,1,11,0,12,2042,798,39,0,2879,0,0,0,2879
10/07/2006,ATL,GA,ASO,ES,Towers with Radar,1734,661,9,2,2406,0,3,3,1,7,1734,664,12,3,2413,0,0,0,2413
10/08/2006,ATL,GA,ASO,ES,Towers with Radar,2003,733,20,0,2756,0,2,4,1,7,2003,735,24,1,2763,0,0,0,2763
10/09/2006,ATL,GA,ASO,ES,Towers with Radar,2041,768,23,0,2832,0,0,2,0,2,2041,768,25,0,2834,0,0,0,2834
10/10/2006,ATL,GA,ASO,ES,Towers with Radar,1938,754,15,0,2707,0,0,6,1,7,1938,754,21,1,2714,0,0,0,2714
10/11/2006,ATL,GA,ASO,ES,Towers with Radar,1934,803,31,1,2769,0,1,11,0,12,1934,804,42,1,2781,0,0,0,2781
10/12/2006,ATL,GA,ASO,ES,Towers with Radar,2066,819,40,0,2925,0,5,13,0,18,2066,824,53,0,2943,0,0,0,2943
10/13/2006,ATL,GA,ASO,ES,Towers with Radar,2037,805,29,0,2871,0,0,13,2,15,2037,805,42,2,2886,0,0,0,2886
10/14/2006,ATL,GA,ASO,ES,Towers with Radar,1734,649,11,0,2394,0,0,3,0,3,1734,649,14,0,2397,0,0,0,2397
10/15/2006,ATL,GA,ASO,ES,Towers with Radar,1996,730,14,2,2742,0,0,2,0,2,1996,730,16,2,2744,0,0,0,2744
10/16/2006,ATL,GA,ASO,ES,Towers with Radar,2006,746,20,0,2772,0,0,3,1,4,2006,746,23,1,2776,0,0,0,2776
10/17/2006,ATL,GA,ASO,ES,Towers with Radar,1836,713,18,1,2568,0,0,0,0,0,1836,713,18,1,2568,0,0,0,2568
10/18/2006,ATL,GA,ASO,ES,Towers with Radar,1923,747,34,0,2704,0,0,15,0,15,1923,747,49,0,2719,0,0,0,2719
10/19/2006,ATL,GA,ASO,ES,Towers with Radar,1980,741,31,2,2754,0,0,2,0,2,1980,741,33,2,2756,0,0,0,2756
10/20/2006,ATL,GA,ASO,ES,Towers with Radar,2126,798,21,1,2946,0,1,6,2,9,2126,799,27,3,2955,0,0,0,2955
10/21/2006,ATL,GA,ASO,ES,Towers with Radar,1733,658,13,1,2405,0,1,2,2,5,1733,659,15,3,2410,0,0,0,2410
10/22/2006,ATL,GA,ASO,ES,Towers with Radar,1976,689,12,0,2677,0,0,1,1,2,1976,689,13,1,2679,0,0,0,2679
10/23/2006,ATL,GA,ASO,ES,Towers with Radar,2061,742,16,4,2823,0,0,8,0,8,2061,742,24,4,2831,0,0,0,2831
10/24/2006,ATL,GA,ASO,ES,Towers with Radar,1941,788,21,2,2752,0,2,11,1,14,1941,790,32,3,2766,0,0,0,2766
10/25/2006,ATL,GA,ASO,ES,Towers with Radar,1964,805,19,0,2788,0,0,4,0,4,1964,805,23,0,2792,0,0,0,2792
10/26/2006,ATL,GA,ASO,ES,Towers with Radar,2038,803,30,2,2873,0,1,9,1,11,2038,804,39,3,2884,0,0,0,2884
10/27/2006,ATL,GA,ASO,ES,Towers with Radar,1753,668,26,1,2448,0,0,0,0,0,1753,668,26,1,2448,0,0,0,2448
10/28/2006,ATL,GA,ASO,ES,Towers with Radar,1850,636,20,1,2507,0,5,8,1,14,1850,641,28,2,2521,0,0,0,2521
10/29/2006,ATL,GA,ASO,ES,Towers with Radar,2010,728,23,0,2761,0,1,15,1,17,2010,729,38,1,2778,0,0,0,2778
10/30/2006,ATL,GA,ASO,ES,Towers with Radar,2049,766,14,0,2829,0,0,12,0,12,2049,766,26,0,2841,0,0,0,2841
10/31/2006,ATL,GA,ASO,ES,Towers with Radar,1929,787,27,1,2744,0,2,2,1,5,1929,789,29,2,2749,0,0,0,2749
11/01/2006,ATL,GA,ASO,ES,Towers with Radar,1993,798,36,0,2827,0,0,17,1,18,1993,798,53,1,2845,0,0,0,2845
11/02/2006,ATL,GA,ASO,ES,Towers with Radar,2071,785,29,3,2888,0,3,7,0,10,2071,788,36,3,2898,0,0,0,2898
11/03/2006,ATL,GA,ASO,ES,Towers with Radar,2101,776,17,2,2896,0,1,17,4,22,2101,777,34,6,2918,0,0,0,2918
11/04/2006,ATL,GA,ASO,ES,Towers with Radar,1743,637,17,0,2397,0,4,5,3,12,1743,641,22,3,2409,0,0,0,2409
11/05/2006,ATL,GA,ASO,ES,Towers with Radar,0,0,0,0,0,2026,715,22,2,2765,2026,715,22,2,2765,0,0,0,2765
11/06/2006,ATL,GA,ASO,ES,Towers with Radar,2081,740,32,0,2853,0,0,7,0,7,2081,740,39,0,2860,0,0,0,2860
11/07/2006,ATL,GA,ASO,ES,Towers with Radar,1943,706,14,1,2664,0,0,0,0,0,1943,706,14,1,2664,0,0,0,2664
11/08/2006,ATL,GA,ASO,ES,Towers with Radar,2020,769,24,1,2814,0,2,2,2,6,2020,771,26,3,2820,0,0,0,2820
11/09/2006,ATL,GA,ASO,ES,Towers with Radar,2097,784,26,0,2907,0,1,15,3,19,2097,785,41,3,2926,0,0,0,2926
11/10/2006,ATL,GA,ASO,ES,Towers with Radar,2052,788,14,0,2854,0,1,8,3,12,2052,789,22,3,2866,0,0,0,2866
11/11/2006,ATL,GA,ASO,ES,Towers with Radar,1788,646,11,1,2446,0,0,1,0,1,1788,646,12,1,2447,0,0,0,2447
11/12/2006,ATL,GA,ASO,ES,Towers with Radar,1991,719,21,0,2731,0,0,5,0,5,1991,719,26,0,2736,0,0,0,2736
11/13/2006,ATL,GA,ASO,ES,Towers with Radar,2061,757,31,0,2849,0,0,6,0,6,2061,757,37,0,2855,0,0,0,2855
11/14/2006,ATL,GA,ASO,ES,Towers with Radar,1997,766,37,0,2800,0,1,17,1,19,1997,767,54,1,2819,0,0,0,2819
11/15/2006,ATL,GA,ASO,ES,Towers with Radar,1922,704,25,2,2653,0,0,0,0,0,1922,704,25,2,2653,0,0,0,2653
11/16/2006,ATL,GA,ASO,ES,Towers with Radar,2044,790,32,0,2866,0,1,3,0,4,2044,791,35,0,2870,0,0,0,2870
11/17/2006,ATL,GA,ASO,ES,Towers with Radar,2110,780,20,8,2918,0,1,11,1,13,2110,781,31,9,2931,0,0,0,2931
11/18/2006,ATL,GA,ASO,ES,Towers with Radar,1893,683,15,0,2591,0,3,2,1,6,1893,686,17,1,2597,0,0,0,2597
11/19/2006,ATL,GA,ASO,ES,Towers with Radar,2022,727,13,0,2762,0,1,4,1,6,2022,728,17,1,2768,0,0,0,2768
11/20/2006,ATL,GA,ASO,ES,Towers with Radar,1983,679,18,0,2680,0,1,5,6,12,1983,680,23,6,2692,0,0,0,2692
11/21/2006,ATL,GA,ASO,ES,Towers with Radar,2073,786,15,1,2875,0,1,10,1,12,2073,787,25,2,2887,0,0,0,2887
11/22/2006,ATL,GA,ASO,ES,Towers with Radar,2091,811,10,0,2912,0,0,9,2,11,2091,811,19,2,2923,0,0,0,2923
11/23/2006,ATL,GA,ASO,ES,Towers with Radar,1677,586,2,0,2265,0,1,3,0,4,1677,587,5,0,2269,0,0,0,2269
11/24/2006,ATL,GA,ASO,ES,Towers with Radar,1725,529,8,0,2262,0,0,7,0,7,1725,529,15,0,2269,0,0,0,2269
11/25/2006,ATL,GA,ASO,ES,Towers with Radar,1940,709,4,0,2653,0,1,1,2,4,1940,710,5,2,2657,0,0,0,2657
11/26/2006,ATL,GA,ASO,ES,Towers with Radar,2047,764,29,0,2840,0,1,1,1,3,2047,765,30,1,2843,0,0,0,2843
11/27/2006,ATL,GA,ASO,ES,Towers with Radar,2079,767,10,0,2856,0,0,8,2,10,2079,767,18,2,2866,0,0,0,2866
11/28/2006,ATL,GA,ASO,ES,Towers with Radar,2063,787,11,1,2862,0,0,30,0,30,2063,787,41,1,2892,0,0,0,2892
11/29/2006,ATL,GA,ASO,ES,Towers with Radar,2067,779,30,0,2876,0,2,6,2,10,2067,781,36,2,2886,0,0,0,2886
11/30/2006,ATL,GA,ASO,ES,Towers with Radar,2034,766,23,0,2823,0,1,3,0,4,2034,767,26,0,2827,0,0,0,2827
12/01/2006,ATL,GA,ASO,ES,Towers with Radar,1973,739,36,0,2748,0,4,4,0,8,1973,743,40,0,2756,0,0,0,2756
12/02/2006,ATL,GA,ASO,ES,Towers with Radar,1808,587,23,1,2419,0,1,10,1,12,1808,588,33,2,2431,0,0,0,2431
12/03/2006,ATL,GA,ASO,ES,Towers with Radar,1965,702,26,0,2693,0,2,12,0,14,1965,704,38,0,2707,0,0,0,2707
12/04/2006,ATL,GA,ASO,ES,Towers with Radar,2041,719,29,2,2791,0,0,5,1,6,2041,719,34,3,2797,0,0,0,2797
12/05/2006,ATL,GA,ASO,ES,Towers with Radar,1994,775,28,0,2797,0,1,7,2,10,1994,776,35,2,2807,0,0,0,2807
12/06/2006,ATL,GA,ASO,ES,Towers with Radar,2015,777,20,0,2812,0,3,5,2,10,2015,780,25,2,2822,0,0,0,2822
12/07/2006,ATL,GA,ASO,ES,Towers with Radar,2061,799,11,2,2873,0,1,6,0,7,2061,800,17,2,2880,0,0,0,2880
12/08/2006,ATL,GA,ASO,ES,Towers with Radar,2016,778,23,2,2819,0,3,3,4,10,2016,781,26,6,2829,0,0,0,2829
12/09/2006,ATL,GA,ASO,ES,Towers with Radar,1783,586,13,1,2383,0,0,6,1,7,1783,586,19,2,2390,0,0,0,2390
12/10/2006,ATL,GA,ASO,ES,Towers with Radar,1955,706,17,0,2678,0,0,3,1,4,1955,706,20,1,2682,0,0,0,2682
12/11/2006,ATL,GA,ASO,ES,Towers with Radar,2009,739,17,1,2766,0,3,6,0,9,2009,742,23,1,2775,0,0,0,2775
12/12/2006,ATL,GA,ASO,ES,Towers with Radar,1989,763,15,2,2769,0,0,4,0,4,1989,763,19,2,2773,0,0,0,2773
12/13/2006,ATL,GA,ASO,ES,Towers with Radar,1997,788,23,0,2808,0,0,9,2,11,1997,788,32,2,2819,0,0,0,2819
12/14/2006,ATL,GA,ASO,ES,Towers with Radar,1988,696,19,1,2704,0,3,3,0,6,1988,699,22,1,2710,0,0,0,2710
12/15/2006,ATL,GA,ASO,ES,Towers with Radar,1967,764,29,0,2760,0,1,3,2,6,1967,765,32,2,2766,0,0,0,2766
12/16/2006,ATL,GA,ASO,ES,Towers with Radar,1707,580,10,0,2297,0,0,3,1,4,1707,580,13,1,2301,0,0,0,2301
12/17/2006,ATL,GA,ASO,ES,Towers with Radar,1892,692,9,1,2594,0,1,4,2,7,1892,693,13,3,2601,0,0,0,2601
12/18/2006,ATL,GA,ASO,ES,Towers with Radar,1929,739,17,3,2688,0,1,2,2,5,1929,740,19,5,2693,0,0,0,2693
12/19/2006,ATL,GA,ASO,ES,Towers with Radar,1936,760,16,1,2713,0,2,10,4,16,1936,762,26,5,2729,0,0,0,2729
12/20/2006,ATL,GA,ASO,ES,Towers with Radar,1966,768,18,1,2753,0,1,6,1,8,1966,769,24,2,2761,0,0,0,2761
12/21/2006,ATL,GA,ASO,ES,Towers with Radar,1970,788,15,0,2773,0,0,0,5,5,1970,788,15,5,2778,0,0,0,2778
12/22/2006,ATL,GA,ASO,ES,Towers with Radar,1947,764,16,0,2727,0,1,2,0,3,1947,765,18,0,2730,0,0,0,2730
12/23/2006,ATL,GA,ASO,ES,Towers with Radar,1741,592,12,0,2345,0,1,4,2,7,1741,593,16,2,2352,0,0,0,2352
12/24/2006,ATL,GA,ASO,ES,Towers with Radar,1673,581,10,0,2264,0,1,3,0,4,1673,582,13,0,2268,0,0,0,2268
12/25/2006,ATL,GA,ASO,ES,Towers with Radar,1582,517,2,0,2101,0,0,0,0,0,1582,517,2,0,2101,0,0,0,2101
12/26/2006,ATL,GA,ASO,ES,Towers with Radar,1934,706,6,0,2646,0,0,1,0,1,1934,706,7,0,2647,0,0,0,2647
12/27/2006,ATL,GA,ASO,ES,Towers with Radar,1957,781,4,0,2742,0,2,8,1,11,1957,783,12,1,2753,0,0,0,2753
12/28/2006,ATL,GA,ASO,ES,Towers with Radar,1969,760,14,0,2743,0,4,8,2,14,1969,764,22,2,2757,0,0,0,2757
12/29/2006,ATL,GA,ASO,ES,Towers with Radar,1932,740,8,0,2680,0,3,11,0,14,1932,743,19,0,2694,0,0,0,2694
12/30/2006,ATL,GA,ASO,ES,Towers with Radar,1753,613,9,0,2375,0,1,1,1,3,1753,614,10,1,2378,0,0,0,2378
12/31/2006,ATL,GA,ASO,ES,Towers with Radar,1671,582,7,0,2260,0,0,0,0,0,1671,582,7,0,2260,0,0,0,2260
01/01/2007,ATL,GA,ASO,ES,Towers with Radar,1675,543,4,0,2222,0,0,0,0,0,1675,543,4,0,2222,0,0,0,2222
01/02/2007,ATL,GA,ASO,ES,Towers with Radar,1944,731,22,0,2697,0,1,3,0,4,1944,732,25,0,2701,0,0,0,2701
01/03/2007,ATL,GA,ASO,ES,Towers with Radar,1945,787,10,0,2742,0,1,5,1,7,1945,788,15,1,2749,0,0,0,2749
01/04/2007,ATL,GA,ASO,ES,Towers with Radar,1890,725,12,0,2627,0,0,6,3,9,1890,725,18,3,2636,0,0,0,2636
01/05/2007,ATL,GA,ASO,ES,Towers with Radar,1798,661,9,1,2469,0,0,1,1,2,1798,661,10,2,2471,0,0,0,2471
01/06/2007,ATL,GA,ASO,ES,Towers with Radar,1653,594,5,0,2252,0,2,1,0,3,1653,596,6,0,2255,0,0,0,2255
01/07/2007,ATL,GA,ASO,ES,Towers with Radar,1825,628,6,2,2461,0,0,0,0,0,1825,628,6,2,2461,0,0,0,2461
01/08/2007,ATL,GA,ASO,ES,Towers with Radar,1971,673,9,6,2659,0,1,4,1,6,1971,674,13,7,2665,0,0,0,2665
01/09/2007,ATL,GA,ASO,ES,Towers with Radar,1837,721,12,8,2578,0,3,8,1,12,1837,724,20,9,2590,0,0,0,2590
01/10/2007,ATL,GA,ASO,ES,Towers with Radar,1883,748,18,3,2652,0,0,12,0,12,1883,748,30,3,2664,0,0,0,2664
01/11/2007,ATL,GA,ASO,ES,Towers with Radar,1984,739,12,0,2735,0,0,8,3,11,1984,739,20,3,2746,0,0,0,2746
01/12/2007,ATL,GA,ASO,ES,Towers with Radar,1954,723,27,3,2707,0,4,18,1,23,1954,727,45,4,2730,0,0,0,2730
01/13/2007,ATL,GA,ASO,ES,Towers with Radar,1638,550,11,0,2199,0,1,4,0,5,1638,551,15,0,2204,0,0,0,2204
01/14/2007,ATL,GA,ASO,ES,Towers with Radar,1868,613,8,0,2489,0,7,1,3,11,1868,620,9,3,2500,0,0,0,2500
01/15/2007,ATL,GA,ASO,ES,Towers with Radar,1924,667,11,0,2602,0,1,3,0,4,1924,668,14,0,2606,0,0,0,2606
01/16/2007,ATL,GA,ASO,ES,Towers with Radar,1827,672,25,1,2525,0,1,0,0,1,1827,673,25,1,2526,0,0,0,2526
01/17/2007,ATL,GA,ASO,ES,Towers with Radar,1798,697,38,0,2533,0,1,9,5,15,1798,698,47,5,2548,0,0,0,2548
01/18/2007,ATL,GA,ASO,ES,Towers with Radar,1777,637,15,0,2429,0,0,0,0,0,1777,637,15,0,2429,0,0,0,2429
01/19/2007,ATL,GA,ASO,ES,Towers with Radar,1998,766,22,0,2786,0,3,13,2,18,1998,769,35,2,2804,0,0,0,2804
01/20/2007,ATL,GA,ASO,ES,Towers with Radar,1648,565,13,0,2226,0,1,3,1,5,1648,566,16,1,2231,0,0,0,2231
01/21/2007,ATL,GA,ASO,ES,Towers with Radar,1853,627,16,0,2496,0,0,2,0,2,1853,627,18,0,2498,0,0,0,2498
01/22/2007,ATL,GA,ASO,ES,Towers with Radar,1960,674,26,0,2660,0,0,1,1,2,1960,674,27,1,2662,0,0,0,2662
01/23/2007,ATL,GA,ASO,ES,Towers with Radar,1845,715,20,0,2580,0,2,5,0,7,1845,717,25,0,2587,0,0,0,2587
01/24/2007,ATL,GA,ASO,ES,Towers with Radar,1887,741,19,0,2647,0,1,9,4,14,1887,742,28,4,2661,0,0,0,2661
01/25/2007,ATL,GA,ASO,ES,Towers with Radar,1965,748,35,1,2749,0,3,13,0,16,1965,751,48,1,2765,0,0,0,2765
01/26/2007,ATL,GA,ASO,ES,Towers with Radar,1968,730,28,0,2726,0,3,11,2,16,1968,733,39,2,2742,0,0,0,2742
01/27/2007,ATL,GA,ASO,ES,Towers with Radar,1635,580,21,2,2238,0,3,5,2,10,1635,583,26,4,2248,0,0,0,2248
01/28/2007,ATL,GA,ASO,ES,Towers with Radar,1898,676,5,2,2581,0,2,2,0,4,1898,678,7,2,2585,0,0,0,2585
01/29/2007,ATL,GA,ASO,ES,Towers with Radar,1944,688,16,2,2650,0,0,3,0,3,1944,688,19,2,2653,0,0,0,2653
01/30/2007,ATL,GA,ASO,ES,Towers with Radar,1852,725,29,2,2608,0,2,1,0,3,1852,727,30,2,2611,0,0,0,2611
01/31/2007,ATL,GA,ASO,ES,Towers with Radar,1857,715,25,2,2599,0,4,7,0,11,1857,719,32,2,2610,0,0,0,2610
02/01/2007,ATL,GA,ASO,ES,Towers with Radar,1669,558,17,0,2244,0,0,0,0,0,1669,558,17,0,2244,0,0,0,2244
02/02/2007,ATL,GA,ASO,ES,Towers with Radar,1944,721,23,0,2688,0,1,1,1,3,1944,722,24,1,2691,0,0,0,2691
02/03/2007,ATL,GA,ASO,ES,Towers with Radar,1640,588,6,1,2235,0,4,5,0,9,1640,592,11,1,2244,0,0,0,2244
02/04/2007,ATL,GA,ASO,ES,Towers with Radar,1851,640,18,0,2509,0,1,1,0,2,1851,641,19,0,2511,0,0,0,2511
02/05/2007,ATL,GA,ASO,ES,Towers with Radar,1896,670,22,0,2588,0,4,4,0,8,1896,674,26,0,2596,0,0,0,2596
02/06/2007,ATL,GA,ASO,ES,Towers with Radar,1806,702,29,0,2537,0,0,8,1,9,1806,702,37,1,2546,0,0,0,2546
02/07/2007,ATL,GA,ASO,ES,Towers with Radar,1867,722,26,0,2615,0,1,3,7,11,1867,723,29,7,2626,0,0,0,2626
02/08/2007,ATL,GA,ASO,ES,Towers with Radar,1961,739,38,0,2738,0,1,7,1,9,1961,740,45,1,2747,0,0,0,2747
02/09/2007,ATL,GA,ASO,ES,Towers with Radar,1930,744,18,2,2694,0,0,8,0,8,1930,744,26,2,2702,0,0,0,2702
02/10/2007,ATL,GA,ASO,ES,Towers with Radar,1631,591,14,0,2236,0,5,4,1,10,1631,596,18,1,2246,0,0,0,2246
02/11/2007,ATL,GA,ASO,ES,Towers with Radar,1876,678,14,0,2568,0,0,4,0,4,1876,678,18,0,2572,0,0,0,2572
02/12/2007,ATL,GA,ASO,ES,Towers with Radar,1923,691,20,0,2634,0,1,3,0,4,1923,692,23,0,2638,0,0,0,2638
02/13/2007,ATL,GA,ASO,ES,Towers with Radar,1681,624,16,1,2322,0,1,0,0,1,1681,625,16,1,2323,2,0,2,2325
02/14/2007,ATL,GA,ASO,ES,Towers with Radar,1707,658,22,0,2387,0,0,1,2,3,1707,658,23,2,2390,0,0,0,2390
02/15/2007,ATL,GA,ASO,ES,Towers with Radar,1971,718,31,0,2720,0,0,5,1,6,1971,718,36,1,2726,0,0,0,2726
02/16/2007,ATL,GA,ASO,ES,Towers with Radar,2012,728,21,0,2761,0,3,9,0,12,2012,731,30,0,2773,0,0,0,2773
02/17/2007,ATL,GA,ASO,ES,Towers with Radar,1802,629,5,0,2436,0,1,2,0,3,1802,630,7,0,2439,0,0,0,2439
02/18/2007,ATL,GA,ASO,ES,Towers with Radar,1923,673,16,0,2612,0,0,2,0,2,1923,673,18,0,2614,0,0,0,2614
02/19/2007,ATL,GA,ASO,ES,Towers with Radar,1977,687,22,1,2687,0,0,2,0,2,1977,687,24,1,2689,0,0,0,2689
02/20/2007,ATL,GA,ASO,ES,Towers with Radar,1935,702,23,0,2660,0,1,5,1,7,1935,703,28,1,2667,0,0,0,2667
02/21/2007,ATL,GA,ASO,ES,Towers with Radar,1962,738,23,0,2723,0,2,2,0,4,1962,740,25,0,2727,0,0,0,2727
02/22/2007,ATL,GA,ASO,ES,Towers with Radar,2000,752,30,0,2782,0,1,10,0,11,2000,753,40,0,2793,0,0,0,2793
02/23/2007,ATL,GA,ASO,ES,Towers with Radar,1974,762,15,2,2753,0,1,16,0,17,1974,763,31,2,2770,0,0,0,2770
02/24/2007,ATL,GA,ASO,ES,Towers with Radar,1735,614,10,0,2359,0,1,4,1,6,1735,615,14,1,2365,0,0,0,2365
02/25/2007,ATL,GA,ASO,ES,Towers with Radar,1866,657,15,2,2540,0,2,3,1,6,1866,659,18,3,2546,0,0,0,2546
02/26/2007,ATL,GA,ASO,ES,Towers with Radar,1967,710,21,6,2704,0,1,6,0,7,1967,711,27,6,2711,0,0,0,2711
02/27/2007,ATL,GA,ASO,ES,Towers with Radar,1940,751,16,0,2707,0,5,22,3,30,1940,756,38,3,2737,0,0,0,2737
02/28/2007,ATL,GA,ASO,ES,Towers with Radar,1984,774,38,5,2801,0,3,12,0,15,1984,777,50,5,2816,0,0,0,2816
03/01/2007,ATL,GA,ASO,ES,Towers with Radar,1585,651,12,0,2248,0,190,0,0,190,1585,841,12,0,2438,0,0,0,2438
03/02/2007,ATL,GA,ASO,ES,Towers with Radar,1800,747,29,1,2577,0,212,1,5,218,1800,959,30,6,2795,0,0,0,2795
03/03/2007,ATL,GA,ASO,ES,Towers with Radar,1571,627,2,1,2201,0,165,5,1,171,1571,792,7,2,2372,0,0,0,2372
03/04/2007,ATL,GA,ASO,ES,Towers with Radar,1711,702,18,1,2432,0,204,3,0,207,1711,906,21,1,2639,0,0,0,2639
03/05/2007,ATL,GA,ASO,ES,Towers with Radar,1739,725,18,6,2488,0,209,6,0,215,1739,934,24,6,2703,0,0,0,2703
03/06/2007,ATL,GA,ASO,ES,Towers with Radar,1696,761,24,0,2481,0,211,3,2,216,1696,972,27,2,2697,0,0,0,2697
03/07/2007,ATL,GA,ASO,ES,Towers with Radar,1736,789,13,0,2538,0,210,10,2,222,1736,999,23,2,2760,0,0,0,2760
03/08/2007,ATL,GA,ASO,ES,Towers with Radar,1961,740,21,1,2723,0,0,24,0,24,1961,740,45,1,2747,0,0,0,2747
03/09/2007,ATL,GA,ASO,ES,Towers with Radar,1751,790,21,1,2563,0,194,9,5,208,1751,984,30,6,2771,0,0,0,2771
03/10/2007,ATL,GA,ASO,ES,Towers with Radar,1564,639,11,0,2214,0,190,1,0,191,1564,829,12,0,2405,0,0,0,2405
03/11/2007,ATL,GA,ASO,ES,Towers with Radar,1704,721,19,0,2444,0,208,3,0,211,1704,929,22,0,2655,0,0,0,2655
03/12/2007,ATL,GA,ASO,ES,Towers with Radar,1370,740,13,0,2123,0,19,5,0,24,1370,759,18,0,2147,0,0,0,2147
03/13/2007,ATL,GA,ASO,ES,Towers with Radar,1702,775,17,0,2494,0,212,3,4,219,1702,987,20,4,2713,0,0,0,2713
03/14/2007,ATL,GA,ASO,ES,Towers with Radar,1761,808,24,2,2595,0,208,9,4,221,1761,1016,33,6,2816,0,0,0,2816
03/15/2007,ATL,GA,ASO,ES,Towers with Radar,1777,809,37,0,2623,0,204,10,0,214,1777,1013,47,0,2837,0,0,0,2837
03/16/2007,ATL,GA,ASO,ES,Towers with Radar,1606,738,30,0,2374,0,195,14,0,209,1606,933,44,0,2583,0,0,0,2583
03/17/2007,ATL,GA,ASO,ES,Towers with Radar,1534,628,32,0,2194,0,159,9,3,171,1534,787,41,3,2365,0,0,0,2365
03/18/2007,ATL,GA,ASO,ES,Towers with Radar,1742,722,55,2,2521,0,197,32,4,233,1742,919,87,6,2754,0,0,0,2754
03/19/2007,ATL,GA,ASO,ES,Towers with Radar,1778,740,25,0,2543,0,206,7,0,213,1778,946,32,0,2756,0,0,0,2756
03/20/2007,ATL,GA,ASO,ES,Towers with Radar,1731,790,27,0,2548,0,183,0,0,183,1731,973,27,0,2731,8,0,8,2739
03/21/2007,ATL,GA,ASO,ES,Towers with Radar,1769,778,16,0,2563,0,193,0,1,194,1769,971,16,1,2757,0,0,0,2757
03/22/2007,ATL,GA,ASO,ES,Towers with Radar,1783,785,35,2,2605,0,197,7,0,204,1783,982,42,2,2809,0,0,0,2809
03/23/2007,ATL,GA,ASO,ES,Towers with Radar,1786,788,22,0,2596,0,207,16,0,223,1786,995,38,0,2819,0,0,0,2819
03/24/2007,ATL,GA,ASO,ES,Towers with Radar,1583,660,16,0,2259,0,175,3,0,178,1583,835,19,0,2437,0,0,0,2437
03/25/2007,ATL,GA,ASO,ES,Towers with Radar,1713,730,12,0,2455,0,196,2,0,198,1713,926,14,0,2653,0,0,0,2653
03/26/2007,ATL,GA,ASO,ES,Towers with Radar,1755,740,8,2,2505,0,202,1,1,204,1755,942,9,3,2709,0,0,0,2709
03/27/2007,ATL,GA,ASO,ES,Towers with Radar,1727,772,17,0,2516,0,201,4,0,205,1727,973,21,0,2721,0,0,0,2721
03/28/2007,ATL,GA,ASO,ES,Towers with Radar,1756,800,15,0,2571,0,201,8,2,211,1756,1001,23,2,2782,0,0,0,2782
03/29/2007,ATL,GA,ASO,ES,Towers with Radar,1796,799,25,1,2621,0,218,19,0,237,1796,1017,44,1,2858,0,0,0,2858
03/30/2007,ATL,GA,ASO,ES,Towers with Radar,1776,793,27,0,2596,0,222,10,4,236,1776,1015,37,4,2832,0,0,0,2832
03/31/2007,ATL,GA,ASO,ES,Towers with Radar,1586,669,37,2,2294,0,182,3,0,185,1586,851,40,2,2479,0,0,0,2479
04/01/2007,ATL,GA,ASO,ES,Towers with Radar,1899,729,32,1,2661,0,0,2,1,3,1899,729,34,2,2664,0,0,0,2664
04/02/2007,ATL,GA,ASO,ES,Towers with Radar,1937,753,35,3,2728,0,0,7,1,8,1937,753,42,4,2736,0,0,0,2736
04/03/2007,ATL,GA,ASO,ES,Towers with Radar,1931,754,39,2,2726,0,1,6,1,8,1931,755,45,3,2734,0,0,0,2734
04/04/2007,ATL,GA,ASO,ES,Towers with Radar,1967,773,19,0,2759,0,0,8,0,8,1967,773,27,0,2767,0,0,0,2767
04/05/2007,ATL,GA,ASO,ES,Towers with Radar,2002,798,50,0,2850,0,4,13,0,17,2002,802,63,0,2867,0,0,0,2867
04/06/2007,ATL,GA,ASO,ES,Towers with Radar,1974,782,36,0,2792,0,0,15,0,15,1974,782,51,0,2807,0,0,0,2807
04/07/2007,ATL,GA,ASO,ES,Towers with Radar,1752,648,13,0,2413,0,0,3,0,3,1752,648,16,0,2416,0,0,0,2416
04/08/2007,ATL,GA,ASO,ES,Towers with Radar,1907,739,19,0,2665,0,0,3,0,3,1907,739,22,0,2668,0,0,0,2668
04/09/2007,ATL,GA,ASO,ES,Towers with Radar,1978,758,21,1,2758,0,0,16,0,16,1978,758,37,1,2774,0,0,0,2774
04/10/2007,ATL,GA,ASO,ES,Towers with Radar,1910,755,18,2,2685,0,2,21,0,23,1910,757,39,2,2708,0,0,0,2708
04/11/2007,ATL,GA,ASO,ES,Towers with Radar,1945,755,18,5,2723,0,0,0,0,0,1945,755,18,5,2723,0,0,0,2723
04/12/2007,ATL,GA,ASO,ES,Towers with Radar,1977,786,37,1,2801,0,1,5,0,6,1977,787,42,1,2807,0,0,0,2807
04/13/2007,ATL,GA,ASO,ES,Towers with Radar,1970,787,25,1,2783,0,2,12,1,15,1970,789,37,2,2798,0,0,0,2798
04/14/2007,ATL,GA,ASO,ES,Towers with Radar,1755,635,6,0,2396,0,0,3,0,3,1755,635,9,0,2399,0,0,0,2399
04/15/2007,ATL,GA,ASO,ES,Towers with Radar,1878,709,7,0,2594,0,1,0,0,1,1878,710,7,0,2595,0,0,0,2595
04/16/2007,ATL,GA,ASO,ES,Towers with Radar,1924,726,14,1,2665,0,2,7,0,9,1924,728,21,1,2674,0,0,0,2674
04/17/2007,ATL,GA,ASO,ES,Towers with Radar,1878,730,28,0,2636,0,1,11,5,17,1878,731,39,5,2653,0,0,0,2653
04/18/2007,ATL,GA,ASO,ES,Towers with Radar,1913,743,27,0,2683,0,2,3,1,6,1913,745,30,1,2689,0,0,0,2689
04/19/2007,ATL,GA,ASO,ES,Towers with Radar,1992,766,39,0,2797,0,2,20,3,25,1992,768,59,3,2822,0,0,0,2822
04/20/2007,ATL,GA,ASO,ES,Towers with Radar,1978,749,30,0,2757,0,2,6,0,8,1978,751,36,0,2765,0,0,0,2765
04/21/2007,ATL,GA,ASO,ES,Towers with Radar,1702,603,13,0,2318,0,2,9,0,11,1702,605,22,0,2329,0,0,0,2329
04/22/2007,ATL,GA,ASO,ES,Towers with Radar,1909,713,8,1,2631,0,2,7,1,10,1909,715,15,2,2641,0,0,0,2641
04/23/2007,ATL,GA,ASO,ES,Towers with Radar,1952,714,18,1,2685,0,3,4,0,7,1952,717,22,1,2692,0,0,0,2692
04/24/2007,ATL,GA,ASO,ES,Towers with Radar,1870,725,29,2,2626,0,9,13,0,22,1870,734,42,2,2648,0,0,0,2648
04/25/2007,ATL,GA,ASO,ES,Towers with Radar,1889,747,37,0,2673,0,1,3,0,4,1889,748,40,0,2677,0,0,0,2677
04/26/2007,ATL,GA,ASO,ES,Towers with Radar,1972,755,14,2,2743,0,2,2,1,5,1972,757,16,3,2748,0,0,0,2748
04/27/2007,ATL,GA,ASO,ES,Towers with Radar,1969,761,24,0,2754,0,1,5,2,8,1969,762,29,2,2762,0,0,0,2762
04/28/2007,ATL,GA,ASO,ES,Towers with Radar,1686,604,6,4,2300,0,2,8,3,13,1686,606,14,7,2313,0,0,0,2313
04/29/2007,ATL,GA,ASO,ES,Towers with Radar,1878,709,16,1,2604,0,1,9,0,10,1878,710,25,1,2614,0,0,0,2614
04/30/2007,ATL,GA,ASO,ES,Towers with Radar,1951,718,34,0,2703,0,0,11,1,12,1951,718,45,1,2715,0,0,0,2715
05/01/2007,ATL,GA,ASO,ES,Towers with Radar,1990,682,20,3,2695,1,2,17,0,20,1991,684,37,3,2715,0,0,0,2715
05/02/2007,ATL,GA,ASO,ES,Towers with Radar,2008,700,19,4,2731,2,1,19,1,23,2010,701,38,5,2754,0,0,0,2754
05/03/2007,ATL,GA,ASO,ES,Towers with Radar,2090,716,19,1,2826,1,4,14,0,19,2091,720,33,1,2845,0,0,0,2845
05/04/2007,ATL,GA,ASO,ES,Towers with Radar,2071,706,14,2,2793,1,0,24,0,25,2072,706,38,2,2818,0,0,0,2818
05/05/2007,ATL,GA,ASO,ES,Towers with Radar,1775,529,10,2,2316,1,0,4,0,5,1776,529,14,2,2321,0,0,0,2321
05/06/2007,ATL,GA,ASO,ES,Towers with Radar,1997,626,24,2,2649,1,1,9,0,11,1998,627,33,2,2660,0,0,0,2660
05/07/2007,ATL,GA,ASO,ES,Towers with Radar,1752,648,13,0,2413,0,0,3,0,3,1752,648,16,0,2416,0,0,0,2416
05/08/2007,ATL,GA,ASO,ES,Towers with Radar,1907,739,19,0,2665,0,0,3,0,3,1907,739,22,0,2668,0,0,0,2668
05/09/2007,ATL,GA,ASO,ES,Towers with Radar,2041,692,24,1,2758,1,2,25,2,30,2042,694,49,3,2788,0,0,0,2788
05/10/2007,ATL,GA,ASO,ES,Towers with Radar,2093,709,30,6,2838,1,0,16,0,17,2094,709,46,6,2855,0,0,0,2855
05/11/2007,ATL,GA,ASO,ES,Towers with Radar,2053,670,25,2,2750,1,0,12,0,13,2054,670,37,2,2763,0,0,0,2763
05/12/2007,ATL,GA,ASO,ES,Towers with Radar,1857,535,5,3,2400,1,1,17,3,22,1858,536,22,6,2422,0,0,0,2422
05/13/2007,ATL,GA,ASO,ES,Towers with Radar,2009,628,11,4,2652,1,0,6,1,8,2010,628,17,5,2660,0,0,0,2660
05/14/2007,ATL,GA,ASO,ES,Towers with Radar,2091,669,19,2,2781,1,0,13,0,14,2092,669,32,2,2795,0,0,0,2795
05/15/2007,ATL,GA,ASO,ES,Towers with Radar,1977,681,22,1,2681,1,0,18,0,19,1978,681,40,1,2700,0,0,0,2700
05/16/2007,ATL,GA,ASO,ES,Towers with Radar,2035,692,22,3,2752,1,0,15,0,16,2036,692,37,3,2768,0,0,0,2768
05/17/2007,ATL,GA,ASO,ES,Towers with Radar,2126,701,10,1,2838,1,1,30,0,32,2127,702,40,1,2870,0,0,0,2870
05/18/2007,ATL,GA,ASO,ES,Towers with Radar,2095,695,21,2,2813,1,0,22,0,23,2096,695,43,2,2836,0,0,0,2836
05/19/2007,ATL,GA,ASO,ES,Towers with Radar,1833,519,17,1,2370,1,0,19,0,20,1834,519,36,1,2390,0,0,0,2390
05/20/2007,ATL,GA,ASO,ES,Towers with Radar,2023,641,13,2,2679,2,0,13,0,15,2025,641,26,2,2694,0,0,0,2694
05/21/2007,ATL,GA,ASO,ES,Towers with Radar,2074,664,15,2,2755,1,3,16,0,20,2075,667,31,2,2775,0,0,0,2775
05/22/2007,ATL,GA,ASO,ES,Towers with Radar,2010,676,29,2,2717,1,0,10,0,11,2011,676,39,2,2728,0,0,0,2728
05/23/2007,ATL,GA,ASO,ES,Towers with Radar,2055,685,19,1,2760,3,1,17,0,21,2058,686,36,1,2781,0,0,0,2781
05/24/2007,ATL,GA,ASO,ES,Towers with Radar,2120,694,27,2,2843,0,1,21,0,22,2120,695,48,2,2865,0,0,0,2865
05/25/2007,ATL,GA,ASO,ES,Towers with Radar,2126,700,14,3,2843,1,2,12,0,15,2127,702,26,3,2858,0,0,0,2858
05/26/2007,ATL,GA,ASO,ES,Towers with Radar,1709,444,10,6,2169,1,0,27,0,28,1710,444,37,6,2197,0,0,0,2197
05/27/2007,ATL,GA,ASO,ES,Towers with Radar,1683,440,9,1,2133,1,0,12,0,13,1684,440,21,1,2146,0,0,0,2146
05/28/2007,ATL,GA,ASO,ES,Towers with Radar,1996,548,7,3,2554,1,0,15,0,16,1997,548,22,3,2570,0,0,0,2570
05/29/2007,ATL,GA,ASO,ES,Towers with Radar,2003,644,15,1,2663,1,0,22,0,23,2004,644,37,1,2686,0,0,0,2686
05/30/2007,ATL,GA,ASO,ES,Towers with Radar,2056,692,20,2,2770,1,0,16,0,17,2057,692,36,2,2787,0,0,0,2787
05/31/2007,ATL,GA,ASO,ES,Towers with Radar,2123,686,18,1,2828,1,0,17,0,18,2124,686,35,1,2846,0,0,0,2846
06/01/2007,ATL,GA,ASO,ES,Towers with Radar,2126,697,23,2,2848,1,0,16,0,17,2127,697,39,2,2865,0,0,0,2865
06/02/2007,ATL,GA,ASO,ES,Towers with Radar,1830,526,13,1,2370,1,0,4,0,5,1831,526,17,1,2375,0,0,0,2375
06/03/2007,ATL,GA,ASO,ES,Towers with Radar,2015,636,24,2,2677,1,1,8,0,10,2016,637,32,2,2687,0,0,0,2687
06/04/2007,ATL,GA,ASO,ES,Towers with Radar,2079,641,8,1,2729,1,4,16,0,21,2080,645,24,1,2750,0,0,0,2750
06/05/2007,ATL,GA,ASO,ES,Towers with Radar,2024,672,17,7,2720,0,1,18,0,19,2024,673,35,7,2739,0,0,0,2739
06/06/2007,ATL,GA,ASO,ES,Towers with Radar,2097,685,18,5,2805,1,2,27,0,30,2098,687,45,5,2835,0,0,0,2835
06/07/2007,ATL,GA,ASO,ES,Towers with Radar,2168,795,30,2,2995,2,3,13,0,18,2170,798,43,2,3013,0,0,0,3013
06/08/2007,ATL,GA,ASO,ES,Towers with Radar,2030,694,20,4,2748,1,0,16,0,17,2031,694,36,4,2765,0,0,0,2765
06/09/2007,ATL,GA,ASO,ES,Towers with Radar,2018,641,16,2,2677,2,0,20,0,22,2020,641,36,2,2699,0,0,0,2699
06/10/2007,ATL,GA,ASO,ES,Towers with Radar,2096,732,9,2,2839,1,0,19,0,20,2097,732,28,2,2859,0,0,0,2859
06/11/2007,ATL,GA,ASO,ES,Towers with Radar,2078,703,24,3,2808,1,0,14,0,15,2079,703,38,3,2823,0,0,0,2823
06/12/2007,ATL,GA,ASO,ES,Towers with Radar,2104,758,35,1,2898,2,0,19,0,21,2106,758,54,1,2919,0,0,0,2919
06/13/2007,ATL,GA,ASO,ES,Towers with Radar,2195,806,26,3,3030,1,1,12,0,14,2196,807,38,3,3044,0,0,0,3044
06/14/2007,ATL,GA,ASO,ES,Towers with Radar,2178,799,31,1,3009,2,0,6,0,8,2180,799,37,1,3017,0,0,0,3017
06/15/2007,ATL,GA,ASO,ES,Towers with Radar,2192,815,13,2,3022,1,1,16,0,18,2193,816,29,2,3040,0,0,0,3040
06/16/2007,ATL,GA,ASO,ES,Towers with Radar,1969,685,10,6,2670,2,0,22,0,24,1971,685,32,6,2694,0,0,0,2694
06/17/2007,ATL,GA,ASO,ES,Towers with Radar,2115,735,17,2,2869,1,0,3,0,4,2116,735,20,2,2873,0,0,0,2873
06/18/2007,ATL,GA,ASO,ES,Towers with Radar,2130,774,17,1,2922,1,1,16,0,18,2131,775,33,1,2940,0,0,0,2940
06/19/2007,ATL,GA,ASO,ES,Towers with Radar,2048,713,30,3,2794,1,0,6,0,7,2049,713,36,3,2801,0,0,0,2801
06/20/2007,ATL,GA,ASO,ES,Towers with Radar,2245,810,27,1,3083,1,3,9,0,13,2246,813,36,1,3096,0,0,0,3096
06/21/2007,ATL,GA,ASO,ES,Towers with Radar,2190,815,24,2,3031,2,1,18,0,21,2192,816,42,2,3052,0,0,0,3052
06/22/2007,ATL,GA,ASO,ES,Towers with Radar,2168,799,22,1,2990,0,1,15,0,16,2168,800,37,1,3006,0,0,0,3006
06/23/2007,ATL,GA,ASO,ES,Towers with Radar,1989,688,14,3,2694,2,1,17,0,20,1991,689,31,3,2714,0,0,0,2714
06/24/2007,ATL,GA,ASO,ES,Towers with Radar,2106,754,10,2,2872,0,1,16,0,17,2106,755,26,2,2889,0,0,0,2889
06/25/2007,ATL,GA,ASO,ES,Towers with Radar,1956,688,13,2,2659,1,0,9,0,10,1957,688,22,2,2669,0,0,0,2669
06/26/2007,ATL,GA,ASO,ES,Towers with Radar,2222,828,18,4,3072,1,2,22,2,27,2223,830,40,6,3099,0,0,0,3099
06/27/2007,ATL,GA,ASO,ES,Towers with Radar,2092,778,32,3,2905,1,0,19,4,24,2093,778,51,7,2929,0,0,0,2929
06/28/2007,ATL,GA,ASO,ES,Towers with Radar,2036,738,29,1,2804,2,0,18,0,20,2038,738,47,1,2824,0,0,0,2824
06/29/2007,ATL,GA,ASO,ES,Towers with Radar,2217,783,25,4,3029,0,0,15,0,15,2217,783,40,4,3044,0,0,0,3044
06/30/2007,ATL,GA,ASO,ES,Towers with Radar,1918,654,11,1,2584,2,0,14,0,16,1920,654,25,1,2600,0,0,0,2600
07/01/2007,ATL,GA,ASO,ES,Towers with Radar,2043,670,4,3,2720,1,0,10,0,11,2044,670,14,3,2731,0,0,0,2731
07/02/2007,ATL,GA,ASO,ES,Towers with Radar,2079,619,10,2,2710,1,0,6,0,7,2080,619,16,2,2717,0,0,0,2717
07/03/2007,ATL,GA,ASO,ES,Towers with Radar,1897,580,15,3,2495,3,0,11,0,14,1900,580,26,3,2509,0,0,0,2509
07/04/2007,ATL,GA,ASO,ES,Towers with Radar,1765,497,6,2,2270,1,0,19,0,20,1766,497,25,2,2290,0,0,0,2290
07/05/2007,ATL,GA,ASO,ES,Towers with Radar,1964,587,19,3,2573,3,0,15,0,18,1967,587,34,3,2591,0,0,0,2591
07/06/2007,ATL,GA,ASO,ES,Towers with Radar,2131,720,14,1,2866,1,1,13,1,16,2132,721,27,2,2882,0,0,0,2882
07/07/2007,ATL,GA,ASO,ES,Towers with Radar,1983,651,5,3,2642,2,0,12,0,14,1985,651,17,3,2656,0,0,0,2656
07/08/2007,ATL,GA,ASO,ES,Towers with Radar,2081,729,17,3,2830,1,0,7,0,8,2082,729,24,3,2838,0,0,0,2838
07/09/2007,ATL,GA,ASO,ES,Towers with Radar,2141,736,17,2,2896,1,0,13,0,14,2142,736,30,2,2910,0,0,0,2910
07/10/2007,ATL,GA,ASO,ES,Towers with Radar,2045,729,24,3,2801,2,1,10,0,13,2047,730,34,3,2814,0,0,0,2814
07/11/2007,ATL,GA,ASO,ES,Towers with Radar,2162,747,14,2,2925,1,1,9,0,11,2163,748,23,2,2936,0,0,0,2936
07/12/2007,ATL,GA,ASO,ES,Towers with Radar,2219,783,14,2,3018,2,0,17,0,19,2221,783,31,2,3037,0,0,0,3037
07/13/2007,ATL,GA,ASO,ES,Towers with Radar,2159,775,20,6,2960,1,0,26,0,27,2160,775,46,6,2987,0,0,0,2987
07/14/2007,ATL,GA,ASO,ES,Towers with Radar,1941,622,17,3,2583,1,0,7,0,8,1942,622,24,3,2591,0,0,0,2591
07/15/2007,ATL,GA,ASO,ES,Towers with Radar,2107,734,14,2,2857,3,3,7,0,13,2110,737,21,2,2870,0,0,0,2870
07/16/2007,ATL,GA,ASO,ES,Towers with Radar,2163,769,12,1,2945,1,0,13,0,14,2164,769,25,1,2959,0,0,0,2959
07/17/2007,ATL,GA,ASO,ES,Towers with Radar,2181,803,13,4,3001,2,0,15,0,17,2183,803,28,4,3018,0,0,0,3018
07/18/2007,ATL,GA,ASO,ES,Towers with Radar,2152,793,29,1,2975,1,0,17,0,18,2153,793,46,1,2993,0,0,0,2993
07/19/2007,ATL,GA,ASO,ES,Towers with Radar,2062,716,31,2,2811,2,1,15,0,18,2064,717,46,2,2829,0,0,0,2829
07/20/2007,ATL,GA,ASO,ES,Towers with Radar,2230,724,13,2,2969,1,0,14,0,15,2231,724,27,2,2984,0,0,0,2984
07/21/2007,ATL,GA,ASO,ES,Towers with Radar,1961,635,9,5,2610,2,1,17,0,20,1963,636,26,5,2630,0,0,0,2630
07/22/2007,ATL,GA,ASO,ES,Towers with Radar,2095,751,22,6,2874,3,0,10,0,13,2098,751,32,6,2887,0,0,0,2887
07/23/2007,ATL,GA,ASO,ES,Towers with Radar,2158,779,8,2,2947,1,1,15,0,17,2159,780,23,2,2964,0,0,0,2964
07/24/2007,ATL,GA,ASO,ES,Towers with Radar,2178,798,22,1,2999,2,0,13,0,15,2180,798,35,1,3014,0,0,0,3014
07/25/2007,ATL,GA,ASO,ES,Towers with Radar,2185,794,24,4,3007,1,0,11,0,12,2186,794,35,4,3019,0,0,0,3019
07/26/2007,ATL,GA,ASO,ES,Towers with Radar,2186,798,24,1,3009,1,0,22,0,23,2187,798,46,1,3032,0,0,0,3032
07/27/2007,ATL,GA,ASO,ES,Towers with Radar,2140,776,15,2,2933,1,0,12,0,13,2141,776,27,2,2946,0,0,0,2946
07/28/2007,ATL,GA,ASO,ES,Towers with Radar,1970,630,15,2,2617,2,0,19,0,21,1972,630,34,2,2638,0,0,0,2638
07/29/2007,ATL,GA,ASO,ES,Towers with Radar,1932,700,17,4,2653,2,1,8,0,11,1934,701,25,4,2664,0,0,0,2664
07/30/2007,ATL,GA,ASO,ES,Towers with Radar,2176,772,23,1,2972,1,0,17,0,18,2177,772,40,1,2990,0,0,0,2990
07/31/2007,ATL,GA,ASO,ES,Towers with Radar,2178,791,16,3,2988,2,0,20,0,22,2180,791,36,3,3010,0,0,0,3010
08/01/2007,ATL,GA,ASO,ES,Towers with Radar,2170,819,20,5,3014,1,0,16,0,17,2171,819,36,5,3031,0,0,0,3031
08/02/2007,ATL,GA,ASO,ES,Towers with Radar,2183,798,18,2,3001,2,0,20,0,22,2185,798,38,2,3023,0,0,0,3023
08/03/2007,ATL,GA,ASO,ES,Towers with Radar,2156,786,17,2,2961,1,1,13,0,15,2157,787,30,2,2976,0,0,0,2976
08/04/2007,ATL,GA,ASO,ES,Towers with Radar,1933,617,8,3,2561,3,0,15,0,18,1936,617,23,3,2579,0,0,0,2579
08/05/2007,ATL,GA,ASO,ES,Towers with Radar,2082,746,17,3,2848,2,0,8,0,10,2084,746,25,3,2858,0,0,0,2858
08/06/2007,ATL,GA,ASO,ES,Towers with Radar,2136,753,18,2,2909,1,1,19,0,21,2137,754,37,2,2930,0,0,0,2930
08/07/2007,ATL,GA,ASO,ES,Towers with Radar,2170,795,17,2,2984,2,0,10,0,12,2172,795,27,2,2996,0,0,0,2996
08/08/2007,ATL,GA,ASO,ES,Towers with Radar,2147,801,26,3,2977,1,0,16,0,17,2148,801,42,3,2994,0,0,0,2994
08/09/2007,ATL,GA,ASO,ES,Towers with Radar,2101,772,30,1,2904,2,0,18,0,20,2103,772,48,1,2924,0,0,0,2924
08/10/2007,ATL,GA,ASO,ES,Towers with Radar,2198,796,20,2,3016,1,0,22,0,23,2199,796,42,2,3039,0,0,0,3039
08/11/2007,ATL,GA,ASO,ES,Towers with Radar,1953,620,11,3,2587,3,0,13,0,16,1956,620,24,3,2603,0,0,0,2603
08/12/2007,ATL,GA,ASO,ES,Towers with Radar,2118,757,19,4,2898,2,1,8,0,11,2120,758,27,4,2909,0,0,0,2909
08/13/2007,ATL,GA,ASO,ES,Towers with Radar,2165,764,15,1,2945,1,0,19,0,20,2166,764,34,1,2965,0,0,0,2965
08/14/2007,ATL,GA,ASO,ES,Towers with Radar,2175,790,16,3,2984,2,0,12,0,14,2177,790,28,3,2998,0,0,0,2998
08/15/2007,ATL,GA,ASO,ES,Towers with Radar,2164,795,30,1,2990,1,0,10,0,11,2165,795,40,1,3001,0,0,0,3001
08/16/2007,ATL,GA,ASO,ES,Towers with Radar,2100,775,11,4,2890,2,0,24,0,26,2102,775,35,4,2916,0,0,0,2916
08/17/2007,ATL,GA,ASO,ES,Towers with Radar,2103,756,30,1,2890,2,0,17,0,19,2105,756,47,1,2909,0,0,0,2909
08/18/2007,ATL,GA,ASO,ES,Towers with Radar,1953,629,13,4,2599,2,2,17,0,21,1955,631,30,4,2620,0,0,0,2620
08/19/2007,ATL,GA,ASO,ES,Towers with Radar,2046,771,18,1,2836,2,1,10,0,13,2048,772,28,1,2849,0,0,0,2849
08/20/2007,ATL,GA,ASO,ES,Towers with Radar,2121,788,11,2,2922,1,0,11,0,12,2122,788,22,2,2934,0,0,0,2934
08/21/2007,ATL,GA,ASO,ES,Towers with Radar,2013,684,18,1,2716,1,1,19,0,21,2014,685,37,1,2737,0,0,0,2737
08/22/2007,ATL,GA,ASO,ES,Towers with Radar,2035,704,18,2,2759,1,0,19,0,20,2036,704,37,2,2779,0,0,0,2779
08/23/2007,ATL,GA,ASO,ES,Towers with Radar,1963,712,21,1,2697,0,0,16,0,16,1963,712,37,1,2713,0,0,0,2713
08/24/2007,ATL,GA,ASO,ES,Towers with Radar,2030,693,29,1,2753,1,0,11,0,12,2031,693,40,1,2765,0,0,0,2765
08/25/2007,ATL,GA,ASO,ES,Towers with Radar,1916,523,17,3,2459,1,0,11,0,12,1917,523,28,3,2471,0,0,0,2471
08/26/2007,ATL,GA,ASO,ES,Towers with Radar,1986,651,9,2,2648,1,1,3,0,5,1987,652,12,2,2653,0,0,0,2653
08/27/2007,ATL,GA,ASO,ES,Towers with Radar,2131,703,18,1,2853,1,0,8,0,9,2132,703,26,1,2862,0,0,0,2862
08/28/2007,ATL,GA,ASO,ES,Towers with Radar,2013,685,18,3,2719,1,2,18,0,21,2014,687,36,3,2740,0,0,0,2740
08/29/2007,ATL,GA,ASO,ES,Towers with Radar,1972,667,24,2,2665,3,2,7,0,12,1975,669,31,2,2677,0,0,0,2677
08/30/2007,ATL,GA,ASO,ES,Towers with Radar,2077,720,13,3,2813,3,0,13,0,16,2080,720,26,3,2829,0,0,0,2829
08/31/2007,ATL,GA,ASO,ES,Towers with Radar,2175,718,21,1,2915,1,1,8,0,10,2176,719,29,1,2925,0,0,0,2925
09/01/2007,ATL,GA,ASO,ES,Towers with Radar,1687,478,17,7,2189,1,0,11,0,12,1688,478,28,7,2201,0,0,0,2201
09/02/2007,ATL,GA,ASO,ES,Towers with Radar,1672,455,2,3,2132,1,0,9,0,10,1673,455,11,3,2142,0,0,0,2142
09/03/2007,ATL,GA,ASO,ES,Towers with Radar,2006,652,5,3,2666,1,0,15,1,17,2007,652,20,4,2683,0,0,0,2683
09/04/2007,ATL,GA,ASO,ES,Towers with Radar,2014,645,18,5,2682,0,0,22,0,22,2014,645,40,5,2704,0,0,0,2704
09/05/2007,ATL,GA,ASO,ES,Towers with Radar,1991,682,23,3,2699,1,0,26,0,27,1992,682,49,3,2726,0,0,0,2726
09/06/2007,ATL,GA,ASO,ES,Towers with Radar,2162,694,14,4,2874,1,2,18,1,22,2163,696,32,5,2896,0,0,0,2896
09/07/2007,ATL,GA,ASO,ES,Towers with Radar,2163,709,31,2,2905,1,1,15,0,17,2164,710,46,2,2922,0,0,0,2922
09/08/2007,ATL,GA,ASO,ES,Towers with Radar,1787,480,18,1,2286,1,1,17,0,19,1788,481,35,1,2305,0,0,0,2305
09/09/2007,ATL,GA,ASO,ES,Towers with Radar,2044,636,26,7,2713,1,0,10,0,11,2045,636,36,7,2724,0,0,0,2724
09/10/2007,ATL,GA,ASO,ES,Towers with Radar,2120,652,26,3,2801,1,0,16,0,17,2121,652,42,3,2818,0,0,0,2818
09/11/2007,ATL,GA,ASO,ES,Towers with Radar,2007,653,22,3,2685,1,0,6,0,7,2008,653,28,3,2692,0,0,0,2692
09/12/2007,ATL,GA,ASO,ES,Towers with Radar,2061,686,11,2,2760,1,2,10,1,14,2062,688,21,3,2774,0,0,0,2774
09/13/2007,ATL,GA,ASO,ES,Towers with Radar,2085,654,23,2,2764,1,0,14,0,15,2086,654,37,2,2779,0,0,0,2779
09/14/2007,ATL,GA,ASO,ES,Towers with Radar,2043,647,16,3,2709,2,0,9,0,11,2045,647,25,3,2720,0,0,0,2720
09/15/2007,ATL,GA,ASO,ES,Towers with Radar,1872,500,9,2,2383,2,0,14,0,16,1874,500,23,2,2399,0,0,0,2399
09/16/2007,ATL,GA,ASO,ES,Towers with Radar,2027,668,12,1,2708,1,0,5,0,6,2028,668,17,1,2714,0,0,0,2714
09/17/2007,ATL,GA,ASO,ES,Towers with Radar,2124,658,25,3,2810,1,0,16,0,17,2125,658,41,3,2827,0,0,0,2827
09/18/2007,ATL,GA,ASO,ES,Towers with Radar,2028,653,10,1,2692,1,0,28,0,29,2029,653,38,1,2721,0,0,0,2721
09/19/2007,ATL,GA,ASO,ES,Towers with Radar,2061,677,25,2,2765,0,0,13,0,13,2061,677,38,2,2778,0,0,0,2778
09/20/2007,ATL,GA,ASO,ES,Towers with Radar,2153,695,23,1,2872,1,1,11,0,13,2154,696,34,1,2885,0,0,0,2885
09/21/2007,ATL,GA,ASO,ES,Towers with Radar,2144,700,22,3,2869,1,0,21,0,22,2145,700,43,3,2891,0,0,0,2891
09/22/2007,ATL,GA,ASO,ES,Towers with Radar,1800,490,11,1,2302,1,3,21,0,25,1801,493,32,1,2327,0,0,0,2327
09/23/2007,ATL,GA,ASO,ES,Towers with Radar,2037,658,21,6,2722,1,0,10,1,12,2038,658,31,7,2734,0,0,0,2734
09/24/2007,ATL,GA,ASO,ES,Towers with Radar,2158,664,18,2,2842,1,0,14,0,15,2159,664,32,2,2857,0,0,0,2857
09/25/2007,ATL,GA,ASO,ES,Towers with Radar,2023,641,27,4,2695,0,0,22,1,23,2023,641,49,5,2718,0,0,0,2718
09/26/2007,ATL,GA,ASO,ES,Towers with Radar,2079,676,35,1,2791,1,2,24,0,27,2080,678,59,1,2818,0,0,0,2818
09/27/2007,ATL,GA,ASO,ES,Towers with Radar,2154,707,36,2,2899,1,0,23,0,24,2155,707,59,2,2923,0,0,0,2923
09/28/2007,ATL,GA,ASO,ES,Towers with Radar,2180,705,19,3,2907,1,2,23,0,26,2181,707,42,3,2933,0,0,0,2933
09/29/2007,ATL,GA,ASO,ES,Towers with Radar,1803,486,11,5,2305,1,1,18,0,20,1804,487,29,5,2325,0,0,0,2325
09/30/2007,ATL,GA,ASO,ES,Towers with Radar,2075,651,6,1,2733,1,2,5,0,8,2076,653,11,1,2741,0,0,0,2741
10/01/2007,ATL,GA,ASO,ES,Towers with Radar,2136,714,16,3,2869,2,0,23,0,25,2140,715,39,3,2897,0,0,0,2900
10/02/2007,ATL,GA,ASO,ES,Towers with Radar,2038,721,14,1,2774,1,2,15,0,18,2039,725,29,1,2794,0,0,0,2803
10/03/2007,ATL,GA,ASO,ES,Towers with Radar,2061,725,30,1,2817,1,0,10,0,11,2062,725,40,1,2828,0,0,0,2838
10/04/2007,ATL,GA,ASO,ES,Towers with Radar,2156,727,15,1,2899,1,1,10,0,12,2158,729,25,1,2913,0,0,0,2916
10/05/2007,ATL,GA,ASO,ES,Towers with Radar,2172,737,15,3,2927,1,0,23,0,24,2174,739,38,3,2954,0,0,0,2956
10/06/2007,ATL,GA,ASO,ES,Towers with Radar,1837,500,15,0,2352,1,1,16,0,18,1838,501,31,0,2370,0,0,0,2373
10/07/2007,ATL,GA,ASO,ES,Towers with Radar,2063,685,15,2,2765,1,0,16,0,17,2065,686,31,2,2784,0,0,0,2785
10/08/2007,ATL,GA,ASO,ES,Towers with Radar,2154,679,21,1,2855,1,0,8,0,9,2159,679,29,1,2868,0,0,0,2873
10/09/2007,ATL,GA,ASO,ES,Towers with Radar,2031,691,14,2,2738,1,0,19,0,20,2032,693,33,2,2760,0,0,0,2765
10/10/2007,ATL,GA,ASO,ES,Towers with Radar,2080,731,27,1,2839,1,2,27,0,30,2081,737,54,1,2873,0,0,0,2885
10/11/2007,ATL,GA,ASO,ES,Towers with Radar,2151,746,28,2,2927,1,0,8,0,9,2152,746,36,2,2936,0,0,0,2940
10/12/2007,ATL,GA,ASO,ES,Towers with Radar,2184,743,26,1,2954,1,0,10,0,11,2185,745,36,1,2967,0,0,0,2972
10/13/2007,ATL,GA,ASO,ES,Towers with Radar,1823,520,11,3,2357,1,0,10,0,11,1824,523,21,3,2371,0,0,0,2375
10/14/2007,ATL,GA,ASO,ES,Towers with Radar,2083,713,14,0,2810,1,0,7,2,10,2084,713,21,2,2820,0,0,0,2826
10/15/2007,ATL,GA,ASO,ES,Towers with Radar,2144,714,13,3,2874,1,0,12,0,13,2145,716,25,3,2889,0,0,0,2894
10/16/2007,ATL,GA,ASO,ES,Towers with Radar,2037,700,12,1,2750,1,0,12,0,13,2040,701,24,1,2766,0,0,0,2771
10/17/2007,ATL,GA,ASO,ES,Towers with Radar,2062,709,19,4,2794,1,1,29,0,31,2063,710,48,4,2825,0,0,0,2827
10/18/2007,ATL,GA,ASO,ES,Towers with Radar,2138,719,23,1,2881,1,0,16,0,17,2139,719,39,1,2898,0,0,0,2899
10/19/2007,ATL,GA,ASO,ES,Towers with Radar,2148,721,13,2,2884,0,0,18,0,18,2148,722,31,2,2903,0,0,0,2907
10/20/2007,ATL,GA,ASO,ES,Towers with Radar,1832,506,25,1,2364,1,1,22,0,24,1833,507,47,1,2388,0,0,0,2389
10/21/2007,ATL,GA,ASO,ES,Towers with Radar,2051,687,3,2,2743,1,0,5,0,6,2052,688,8,2,2750,0,0,0,2754
10/22/2007,ATL,GA,ASO,ES,Towers with Radar,2104,669,13,2,2788,1,0,3,0,4,2109,672,16,2,2799,0,0,0,2799
10/23/2007,ATL,GA,ASO,ES,Towers with Radar,2018,679,25,2,2724,1,0,6,0,7,2021,681,31,2,2735,0,0,0,2738
10/24/2007,ATL,GA,ASO,ES,Towers with Radar,2090,708,37,5,2840,1,0,0,0,1,2092,708,37,5,2842,0,0,0,2842
10/25/2007,ATL,GA,ASO,ES,Towers with Radar,2158,748,30,6,2942,3,0,26,0,29,2161,749,56,6,2972,0,0,0,2979
10/26/2007,ATL,GA,ASO,ES,Towers with Radar,2160,732,29,1,2922,1,2,22,0,25,2161,734,51,1,2947,0,0,0,2956
10/27/2007,ATL,GA,ASO,ES,Towers with Radar,1834,504,15,3,2356,1,2,13,0,16,1835,507,28,3,2373,0,0,0,2377
10/28/2007,ATL,GA,ASO,ES,Towers with Radar,2041,683,39,2,2765,2,9,57,0,68,2043,701,96,2,2842,0,0,0,2875
10/29/2007,ATL,GA,ASO,ES,Towers with Radar,2166,703,24,3,2896,1,2,10,0,13,2167,706,34,3,2910,0,0,0,2910
10/30/2007,ATL,GA,ASO,ES,Towers with Radar,2030,712,40,1,2783,0,2,13,0,15,2031,716,53,1,2801,0,0,0,2804
10/31/2007,ATL,GA,ASO,ES,Towers with Radar,1987,636,22,4,2649,1,1,26,0,28,1988,638,48,4,2678,0,0,0,2679
11/01/2007,ATL,GA,ASO,ES,Towers with Radar,2183,724,25,3,2935,1,1,15,0,17,2184,729,40,3,2956,0,0,0,2963
11/02/2007,ATL,GA,ASO,ES,Towers with Radar,2171,718,29,3,2921,1,0,14,3,18,2172,721,43,6,2942,0,0,0,2949
11/03/2007,ATL,GA,ASO,ES,Towers with Radar,1819,491,18,5,2333,1,3,8,0,12,1820,495,26,5,2346,0,0,0,2348
11/04/2007,ATL,GA,ASO,ES,Towers with Radar,2097,666,16,2,2781,1,1,7,0,9,2098,668,23,2,2791,0,0,0,2794
11/05/2007,ATL,GA,ASO,ES,Towers with Radar,2163,699,22,7,2891,1,0,27,0,28,2164,700,49,7,2920,0,0,0,2931
11/06/2007,ATL,GA,ASO,ES,Towers with Radar,2062,678,25,4,2769,1,1,15,0,17,2063,681,40,4,2788,0,0,0,2793
11/07/2007,ATL,GA,ASO,ES,Towers with Radar,2138,692,32,2,2864,1,1,15,0,17,2140,694,47,2,2883,0,0,0,2888
11/08/2007,ATL,GA,ASO,ES,Towers with Radar,2172,723,24,5,2924,1,2,11,0,14,2174,725,35,5,2939,0,0,0,2946
11/09/2007,ATL,GA,ASO,ES,Towers with Radar,2119,698,30,5,2852,1,0,16,2,19,2121,698,46,7,2872,0,0,0,2873
11/10/2007,ATL,GA,ASO,ES,Towers with Radar,1855,495,12,4,2366,2,2,13,0,17,1857,497,25,4,2383,0,0,0,2384
11/11/2007,ATL,GA,ASO,ES,Towers with Radar,2087,668,15,1,2771,1,1,9,0,11,2088,677,24,1,2790,0,0,0,2792
11/12/2007,ATL,GA,ASO,ES,Towers with Radar,2146,676,11,2,2835,0,0,2,0,2,2146,678,13,2,2839,0,0,0,2842
11/13/2007,ATL,GA,ASO,ES,Towers with Radar,2098,662,22,2,2784,1,1,8,0,10,2099,665,30,2,2796,0,0,0,2802
11/14/2007,ATL,GA,ASO,ES,Towers with Radar,2127,704,20,2,2853,1,0,28,0,29,2128,705,48,2,2883,0,0,0,2889
11/15/2007,ATL,GA,ASO,ES,Towers with Radar,2175,728,16,1,2920,0,1,13,0,14,2175,731,29,1,2936,0,0,0,2938
11/16/2007,ATL,GA,ASO,ES,Towers with Radar,2169,728,8,2,2907,0,1,18,0,19,2169,732,26,2,2929,0,0,0,2935
11/17/2007,ATL,GA,ASO,ES,Towers with Radar,1851,502,8,1,2362,1,1,21,0,23,1852,505,29,1,2387,0,0,0,2397
11/18/2007,ATL,GA,ASO,ES,Towers with Radar,2070,666,15,3,2754,1,0,4,0,5,2071,668,19,3,2761,0,0,0,2763
11/19/2007,ATL,GA,ASO,ES,Towers with Radar,2106,610,9,1,2726,1,2,45,0,48,2109,617,54,1,2781,0,0,0,2784
11/20/2007,ATL,GA,ASO,ES,Towers with Radar,2195,713,24,2,2934,1,2,11,0,14,2196,717,35,2,2950,0,0,0,2955
11/21/2007,ATL,GA,ASO,ES,Towers with Radar,2184,729,12,2,2927,1,0,6,0,7,2186,733,18,2,2939,0,0,0,2941
11/22/2007,ATL,GA,ASO,ES,Towers with Radar,1552,429,1,2,1984,1,0,5,0,6,1553,429,6,2,1990,0,0,0,1992
11/23/2007,ATL,GA,ASO,ES,Towers with Radar,1693,404,7,1,2105,2,1,10,0,13,1695,405,17,1,2118,0,0,0,2119
11/24/2007,ATL,GA,ASO,ES,Towers with Radar,1957,607,7,2,2573,2,0,8,0,10,1960,607,15,2,2584,0,0,0,2590
11/25/2007,ATL,GA,ASO,ES,Towers with Radar,2049,687,16,1,2753,1,0,2,0,3,2056,687,18,1,2762,0,0,0,2763
11/26/2007,ATL,GA,ASO,ES,Towers with Radar,2226,713,23,2,2964,1,0,0,0,1,2227,714,23,2,2966,0,0,0,2966
11/27/2007,ATL,GA,ASO,ES,Towers with Radar,2178,692,25,3,2898,1,0,24,0,25,2179,694,49,3,2925,0,0,0,2937
11/28/2007,ATL,GA,ASO,ES,Towers with Radar,2158,704,21,2,2885,1,0,16,0,17,2159,708,37,2,2906,0,0,0,2910
11/29/2007,ATL,GA,ASO,ES,Towers with Radar,2169,730,13,3,2915,2,2,26,1,31,2171,732,39,4,2946,0,0,0,2953
11/30/2007,ATL,GA,ASO,ES,Towers with Radar,2144,720,28,2,2894,1,1,11,0,13,2145,725,39,2,2911,0,0,0,2920
12/01/2007,ATL,GA,ASO,ES,Towers with Radar,1809,499,19,1,2328,1,2,13,0,16,1810,502,32,1,2345,0,0,0,2352
12/02/2007,ATL,GA,ASO,ES,Towers with Radar,2009,653,11,2,2675,1,0,7,0,8,2010,654,18,2,2684,0,0,0,2684
12/03/2007,ATL,GA,ASO,ES,Towers with Radar,2093,700,13,6,2812,2,1,14,0,17,2095,703,27,6,2831,0,0,0,2837
12/04/2007,ATL,GA,ASO,ES,Towers with Radar,2070,648,14,1,2733,1,1,7,0,9,2071,651,21,1,2744,0,0,0,2748
12/05/2007,ATL,GA,ASO,ES,Towers with Radar,2076,660,23,2,2761,1,0,17,0,18,2078,664,40,2,2784,0,0,0,2791
12/06/2007,ATL,GA,ASO,ES,Towers with Radar,2139,717,19,1,2876,2,0,20,0,22,2142,718,39,1,2900,0,0,0,2904
12/07/2007,ATL,GA,ASO,ES,Towers with Radar,2138,706,20,4,2868,0,0,18,0,18,2139,706,38,4,2887,0,0,0,2890
12/08/2007,ATL,GA,ASO,ES,Towers with Radar,1834,524,9,2,2369,1,0,10,1,12,1836,527,19,3,2385,0,0,0,2387
12/09/2007,ATL,GA,ASO,ES,Towers with Radar,2027,632,10,4,2673,1,0,3,0,4,2028,635,13,4,2680,0,0,0,2680
12/10/2007,ATL,GA,ASO,ES,Towers with Radar,2100,666,20,1,2787,1,1,17,0,19,2101,669,37,1,2808,0,0,0,2814
12/11/2007,ATL,GA,ASO,ES,Towers with Radar,2010,618,15,2,2645,1,1,10,0,12,2011,620,25,2,2658,0,0,0,2663
12/12/2007,ATL,GA,ASO,ES,Towers with Radar,2081,660,23,1,2765,1,1,13,0,15,2083,661,36,1,2781,0,0,0,2786
12/13/2007,ATL,GA,ASO,ES,Towers with Radar,2124,697,17,2,2840,1,0,9,0,10,2125,698,26,2,2851,0,0,0,2860
12/14/2007,ATL,GA,ASO,ES,Towers with Radar,2137,730,14,3,2884,2,0,17,0,19,2139,730,31,3,2903,0,0,0,2905
12/15/2007,ATL,GA,ASO,ES,Towers with Radar,1822,548,12,2,2384,2,0,8,0,10,1826,548,20,2,2396,0,0,0,2396
12/16/2007,ATL,GA,ASO,ES,Towers with Radar,1949,616,17,1,2583,1,0,2,0,3,1950,616,19,1,2586,0,0,0,2588
12/17/2007,ATL,GA,ASO,ES,Towers with Radar,2089,622,12,2,2725,1,0,10,0,11,2091,626,22,2,2741,0,0,0,2746
12/18/2007,ATL,GA,ASO,ES,Towers with Radar,2116,612,22,1,2751,1,2,19,0,22,2117,619,41,1,2778,0,0,0,2780
12/19/2007,ATL,GA,ASO,ES,Towers with Radar,2138,675,26,3,2842,2,0,19,1,22,2140,676,45,4,2865,0,0,0,2868
12/20/2007,ATL,GA,ASO,ES,Towers with Radar,2132,733,28,1,2894,1,0,9,0,10,2134,736,37,1,2908,0,0,0,2909
12/21/2007,ATL,GA,ASO,ES,Towers with Radar,2133,716,12,2,2863,1,0,4,0,5,2134,716,16,2,2868,0,0,0,2868
12/22/2007,ATL,GA,ASO,ES,Towers with Radar,1955,634,14,2,2605,1,0,6,0,7,1957,635,20,2,2614,0,0,0,2614
12/23/2007,ATL,GA,ASO,ES,Towers with Radar,2001,681,5,3,2690,3,0,1,0,4,2004,681,6,3,2694,0,0,0,2695
12/24/2007,ATL,GA,ASO,ES,Towers with Radar,1660,460,1,1,2122,1,1,11,0,13,1661,462,12,1,2136,0,0,0,2139
12/25/2007,ATL,GA,ASO,ES,Towers with Radar,1453,336,1,2,1792,1,0,2,0,3,1454,339,3,2,1798,0,0,0,1798
12/26/2007,ATL,GA,ASO,ES,Towers with Radar,2079,680,4,2,2765,1,0,19,0,20,2081,681,23,2,2787,0,0,0,2789
12/27/2007,ATL,GA,ASO,ES,Towers with Radar,2107,712,19,2,2840,1,0,4,0,5,2109,712,23,2,2846,0,0,0,2847
12/28/2007,ATL,GA,ASO,ES,Towers with Radar,2024,634,9,1,2668,1,0,0,0,1,2029,634,9,1,2673,0,0,0,2673
12/29/2007,ATL,GA,ASO,ES,Towers with Radar,1926,644,16,2,2588,1,0,8,0,9,1928,644,24,2,2598,0,0,0,2600
12/30/2007,ATL,GA,ASO,ES,Towers with Radar,1980,662,5,1,2648,2,0,5,0,7,1983,663,10,1,2657,0,0,0,2659
12/31/2007,ATL,GA,ASO,ES,Towers with Radar,1730,486,4,3,2223,1,0,17,0,18,1734,490,21,3,2248,0,0,0,2249
01/01/2008,ATL,GA,ASO,ES,Towers with Radar,1781,461,3,1,2246,1,0,6,0,7,1782,463,9,1,2255,0,0,0,2257
01/02/2008,ATL,GA,ASO,ES,Towers with Radar,2068,687,13,3,2771,1,0,7,1,9,2069,687,20,4,2780,0,0,0,2780
01/03/2008,ATL,GA,ASO,ES,Towers with Radar,2056,740,19,1,2816,1,1,11,0,13,2058,745,30,1,2834,0,0,0,2839
01/04/2008,ATL,GA,ASO,ES,Towers with Radar,2044,736,10,2,2792,1,1,20,0,22,2045,743,30,2,2820,0,0,0,2827
01/05/2008,ATL,GA,ASO,ES,Towers with Radar,1812,532,7,2,2353,1,1,6,0,8,1813,536,13,2,2364,0,0,0,2365
01/06/2008,ATL,GA,ASO,ES,Towers with Radar,2007,665,6,1,2679,1,0,1,0,2,2008,665,7,1,2681,0,0,0,2682
01/07/2008,ATL,GA,ASO,ES,Towers with Radar,2040,684,19,1,2744,2,1,16,0,19,2042,685,35,1,2763,0,0,0,2766
01/08/2008,ATL,GA,ASO,ES,Towers with Radar,1981,658,19,2,2660,2,0,8,0,10,1985,660,27,2,2674,0,0,0,2679
01/09/2008,ATL,GA,ASO,ES,Towers with Radar,1983,680,14,1,2678,1,1,8,0,10,1984,681,22,1,2688,0,0,0,2690
01/10/2008,ATL,GA,ASO,ES,Towers with Radar,2001,712,17,3,2733,1,0,6,0,7,2003,712,23,3,2741,0,0,0,2741
01/11/2008,ATL,GA,ASO,ES,Towers with Radar,2008,700,26,7,2741,2,0,23,0,25,2010,702,49,7,2768,0,0,0,2776
01/12/2008,ATL,GA,ASO,ES,Towers with Radar,1726,510,13,1,2250,2,0,14,0,16,1728,510,27,1,2266,0,0,0,2268
01/13/2008,ATL,GA,ASO,ES,Towers with Radar,1939,677,12,2,2630,1,0,8,0,9,1940,677,20,2,2639,0,0,0,2639
01/14/2008,ATL,GA,ASO,ES,Towers with Radar,1963,676,12,4,2655,2,0,11,0,13,1965,679,23,4,2671,0,0,0,2675
01/15/2008,ATL,GA,ASO,ES,Towers with Radar,1950,682,21,3,2656,1,1,11,0,13,1951,684,32,3,2670,0,0,0,2679
01/16/2008,ATL,GA,ASO,ES,Towers with Radar,1592,546,11,1,2150,1,0,8,2,11,1593,546,19,3,2161,0,0,0,2162
01/17/2008,ATL,GA,ASO,ES,Towers with Radar,1968,553,23,2,2546,1,0,4,0,5,1971,553,27,2,2553,0,0,0,2553
01/18/2008,ATL,GA,ASO,ES,Towers with Radar,2006,727,26,1,2760,3,1,16,0,20,2009,731,42,1,2783,0,0,0,2785
01/19/2008,ATL,GA,ASO,ES,Towers with Radar,1130,252,5,2,1389,2,0,0,0,2,1132,252,5,2,1391,0,0,0,1391
01/20/2008,ATL,GA,ASO,ES,Towers with Radar,1817,536,8,7,2368,2,0,8,0,10,1819,536,16,7,2378,0,0,0,2382
01/21/2008,ATL,GA,ASO,ES,Towers with Radar,1975,664,16,2,2657,1,0,9,0,10,1976,664,25,2,2667,0,0,0,2668
01/22/2008,ATL,GA,ASO,ES,Towers with Radar,1825,548,19,3,2395,0,0,5,0,5,1826,550,24,3,2403,0,0,0,2403
01/23/2008,ATL,GA,ASO,ES,Towers with Radar,1985,693,24,3,2705,1,1,13,2,17,1987,695,37,5,2724,0,0,0,2728
01/24/2008,ATL,GA,ASO,ES,Towers with Radar,1996,703,18,2,2719,1,0,10,1,12,1997,703,28,3,2731,0,0,0,2734
01/25/2008,ATL,GA,ASO,ES,Towers with Radar,2009,703,33,3,2748,1,0,16,0,17,2010,705,49,3,2767,0,0,0,2771
01/26/2008,ATL,GA,ASO,ES,Towers with Radar,1579,450,12,2,2043,2,0,6,0,8,1581,450,18,2,2051,0,0,0,2051
01/27/2008,ATL,GA,ASO,ES,Towers with Radar,1964,657,21,1,2643,1,0,4,0,5,1965,659,25,1,2650,0,0,0,2651
01/28/2008,ATL,GA,ASO,ES,Towers with Radar,1979,685,24,3,2691,1,0,10,0,11,1980,685,34,3,2702,0,0,0,2702
01/29/2008,ATL,GA,ASO,ES,Towers with Radar,1955,690,18,3,2666,3,0,9,0,12,1958,691,27,3,2679,0,0,0,2681
01/30/2008,ATL,GA,ASO,ES,Towers with Radar,1945,697,25,5,2672,1,0,12,0,13,1946,697,37,5,2685,0,0,0,2686
01/31/2008,ATL,GA,ASO,ES,Towers with Radar,1990,693,26,3,2712,1,1,4,0,6,1991,694,30,3,2718,0,0,0,2718
02/01/2008,ATL,GA,ASO,ES,Towers with Radar,1973,665,16,5,2659,2,1,6,0,9,1976,666,22,5,2669,0,0,0,2671
02/02/2008,ATL,GA,ASO,ES,Towers with Radar,1737,512,8,2,2259,2,4,10,0,16,1739,517,18,2,2276,0,0,0,2276
02/03/2008,ATL,GA,ASO,ES,Towers with Radar,1933,647,14,3,2597,2,0,4,0,6,1935,648,18,3,2604,0,0,0,2606
02/04/2008,ATL,GA,ASO,ES,Towers with Radar,1955,664,19,1,2639,2,0,8,0,10,1957,664,27,1,2649,0,0,0,2649
02/05/2008,ATL,GA,ASO,ES,Towers with Radar,1910,653,16,3,2582,1,0,7,0,8,1911,654,23,3,2591,0,0,0,2592
02/06/2008,ATL,GA,ASO,ES,Towers with Radar,1928,661,12,2,2603,1,0,8,2,11,1929,662,20,4,2615,0,0,0,2618
02/07/2008,ATL,GA,ASO,ES,Towers with Radar,2012,700,19,3,2734,3,0,18,0,21,2015,701,37,3,2756,0,0,0,2767
02/08/2008,ATL,GA,ASO,ES,Towers with Radar,2006,699,27,1,2733,2,2,19,0,23,2008,704,46,1,2759,0,0,0,2762
02/09/2008,ATL,GA,ASO,ES,Towers with Radar,1735,503,20,6,2264,2,0,8,0,10,1737,503,28,6,2274,0,0,0,2277
02/10/2008,ATL,GA,ASO,ES,Towers with Radar,1938,649,20,1,2608,0,0,2,0,2,1938,652,22,1,2613,0,0,0,2614
02/11/2008,ATL,GA,ASO,ES,Towers with Radar,1975,665,19,5,2664,1,0,13,0,14,1976,667,32,5,2680,0,0,0,2683
02/12/2008,ATL,GA,ASO,ES,Towers with Radar,1899,630,17,1,2547,1,0,14,0,15,1900,635,31,1,2567,0,0,0,2572
02/13/2008,ATL,GA,ASO,ES,Towers with Radar,1969,674,28,2,2673,1,0,8,0,9,1971,674,36,2,2683,0,0,0,2683
02/14/2008,ATL,GA,ASO,ES,Towers with Radar,2091,716,26,1,2834,1,1,6,0,8,2093,718,32,1,2844,0,0,0,2845
02/15/2008,ATL,GA,ASO,ES,Towers with Radar,2088,697,27,2,2814,1,2,15,6,24,2089,702,42,8,2841,0,0,0,2854
02/16/2008,ATL,GA,ASO,ES,Towers with Radar,1852,605,19,6,2482,1,3,8,0,12,1853,612,27,6,2498,0,0,0,2499
02/17/2008,ATL,GA,ASO,ES,Towers with Radar,1680,486,10,2,2178,2,0,0,0,2,1682,489,10,2,2183,0,0,0,2183
02/18/2008,ATL,GA,ASO,ES,Towers with Radar,2128,686,18,1,2833,2,0,3,0,5,2130,686,21,1,2838,0,0,0,2843
02/19/2008,ATL,GA,ASO,ES,Towers with Radar,2046,663,27,2,2738,2,0,13,2,17,2048,664,40,4,2756,0,0,0,2758
02/20/2008,ATL,GA,ASO,ES,Towers with Radar,2048,714,27,1,2790,2,3,8,0,13,2051,719,35,1,2806,0,0,0,2810
02/21/2008,ATL,GA,ASO,ES,Towers with Radar,2020,676,25,2,2723,1,0,5,0,6,2021,676,30,2,2729,0,0,0,2730
02/22/2008,ATL,GA,ASO,ES,Towers with Radar,1967,646,17,1,2631,1,0,0,0,1,1971,647,17,1,2636,0,0,0,2636
02/23/2008,ATL,GA,ASO,ES,Towers with Radar,1865,588,22,2,2477,1,0,14,0,15,1868,590,36,2,2496,0,0,0,2496
02/24/2008,ATL,GA,ASO,ES,Towers with Radar,2009,683,10,1,2703,2,0,4,0,6,2011,684,14,1,2710,0,0,0,2711
02/25/2008,ATL,GA,ASO,ES,Towers with Radar,2069,671,15,2,2757,2,4,20,4,30,2071,675,35,6,2787,0,0,0,2791
02/26/2008,ATL,GA,ASO,ES,Towers with Radar,1979,667,12,1,2659,2,0,3,0,5,1981,668,15,1,2665,0,0,0,2665
02/27/2008,ATL,GA,ASO,ES,Towers with Radar,2072,700,22,2,2796,1,0,12,0,13,2073,701,34,2,2810,0,0,0,2812
02/28/2008,ATL,GA,ASO,ES,Towers with Radar,2079,708,10,1,2798,0,0,13,3,16,2079,711,23,4,2817,0,0,0,2826
02/29/2008,ATL,GA,ASO,ES,Towers with Radar,2070,697,28,2,2797,1,1,7,2,11,2071,701,35,4,2811,0,0,0,2814
03/01/2008,ATL,GA,ASO,ES,Towers with Radar,1858,592,9,1,2460,1,1,7,0,9,1859,596,16,1,2472,0,0,0,2475
03/02/2008,ATL,GA,ASO,ES,Towers with Radar,2044,672,9,4,2729,2,2,5,0,9,2046,675,14,4,2739,0,0,0,2739
03/03/2008,ATL,GA,ASO,ES,Towers with Radar,2112,653,13,7,2785,1,0,8,0,9,2113,655,21,7,2796,0,0,0,2797
03/04/2008,ATL,GA,ASO,ES,Towers with Radar,1945,592,15,3,2555,1,1,2,0,4,1949,594,17,3,2563,0,0,0,2565
03/05/2008,ATL,GA,ASO,ES,Towers with Radar,2148,682,22,1,2853,1,0,6,4,11,2149,685,28,5,2867,0,0,0,2872
03/06/2008,ATL,GA,ASO,ES,Towers with Radar,2108,705,37,4,2854,1,0,15,0,16,2109,705,52,4,2870,0,0,0,2873
03/07/2008,ATL,GA,ASO,ES,Towers with Radar,2077,654,25,1,2757,2,1,14,0,17,2083,655,39,1,2778,0,0,0,2782
03/08/2008,ATL,GA,ASO,ES,Towers with Radar,1686,491,37,2,2216,2,0,8,0,10,1688,491,45,2,2226,0,0,0,2231
03/09/2008,ATL,GA,ASO,ES,Towers with Radar,2057,661,29,1,2748,2,0,16,0,18,2059,662,45,1,2767,0,0,0,2774
03/10/2008,ATL,GA,ASO,ES,Towers with Radar,2141,660,17,4,2822,1,1,15,0,17,2142,662,32,4,2840,0,0,0,2846
03/11/2008,ATL,GA,ASO,ES,Towers with Radar,2058,679,16,2,2755,1,1,14,1,17,2059,681,30,3,2773,0,0,0,2776
03/12/2008,ATL,GA,ASO,ES,Towers with Radar,2100,699,10,2,2811,1,1,18,2,22,2101,702,28,4,2835,0,0,0,2841
03/13/2008,ATL,GA,ASO,ES,Towers with Radar,2129,703,26,1,2859,2,1,12,0,15,2131,706,38,1,2876,0,0,0,2884
03/14/2008,ATL,GA,ASO,ES,Towers with Radar,2119,707,17,2,2845,1,0,8,0,9,2120,709,25,2,2856,0,0,0,2857
03/15/2008,ATL,GA,ASO,ES,Towers with Radar,1769,547,10,1,2327,1,0,19,0,20,1772,549,29,1,2351,0,0,0,2353
03/16/2008,ATL,GA,ASO,ES,Towers with Radar,2126,678,18,2,2824,1,1,10,0,12,2127,682,28,2,2839,0,0,0,2840
03/17/2008,ATL,GA,ASO,ES,Towers with Radar,2133,661,12,1,2807,1,1,16,0,18,2134,664,28,1,2827,0,0,0,2831
03/18/2008,ATL,GA,ASO,ES,Towers with Radar,2052,650,15,2,2719,1,0,21,2,24,2054,650,36,4,2744,0,0,0,2745
03/19/2008,ATL,GA,ASO,ES,Towers with Radar,2097,652,9,2,2760,3,0,5,0,8,2102,652,14,2,2770,0,0,0,2770
03/20/2008,ATL,GA,ASO,ES,Towers with Radar,2188,701,21,2,2912,1,1,10,1,13,2189,702,31,3,2925,0,0,0,2927
03/21/2008,ATL,GA,ASO,ES,Towers with Radar,2113,693,24,2,2832,2,1,17,1,21,2115,697,41,3,2856,0,0,0,2861
03/22/2008,ATL,GA,ASO,ES,Towers with Radar,1866,564,16,2,2448,1,0,11,0,12,1867,564,27,2,2460,0,0,0,2464
03/23/2008,ATL,GA,ASO,ES,Towers with Radar,2011,609,15,1,2636,2,2,7,0,11,2013,612,22,1,2648,0,0,0,2648
03/24/2008,ATL,GA,ASO,ES,Towers with Radar,2138,637,19,2,2796,2,0,11,0,13,2140,639,30,2,2811,0,0,0,2811
03/25/2008,ATL,GA,ASO,ES,Towers with Radar,2097,645,12,1,2755,3,1,8,2,14,2100,649,20,3,2772,0,0,0,2774
03/26/2008,ATL,GA,ASO,ES,Towers with Radar,2013,678,10,2,2703,1,1,12,0,14,2014,680,22,2,2718,0,0,0,2722
03/27/2008,ATL,GA,ASO,ES,Towers with Radar,1980,719,18,3,2720,1,0,16,2,19,1981,720,34,5,2740,0,0,0,2752
03/28/2008,ATL,GA,ASO,ES,Towers with Radar,2148,694,15,6,2863,2,0,13,0,15,2150,696,28,6,2880,0,0,0,2886
03/29/2008,ATL,GA,ASO,ES,Towers with Radar,1870,572,5,2,2449,2,2,8,2,14,1873,575,13,4,2465,0,0,0,2465
03/30/2008,ATL,GA,ASO,ES,Towers with Radar,2056,681,13,2,2752,1,0,2,0,3,2059,681,15,2,2757,0,0,0,2757
03/31/2008,ATL,GA,ASO,ES,Towers with Radar,2110,672,17,4,2803,1,1,4,0,6,2111,674,21,4,2810,0,0,0,2810
04/01/2008,ATL,GA,ASO,ES,Towers with Radar,2068,654,21,3,2746,1,0,10,0,11,2071,654,31,3,2759,0,0,0,2763
04/02/2008,ATL,GA,ASO,ES,Towers with Radar,2123,677,12,1,2813,1,1,14,0,16,2126,679,26,1,2832,0,0,0,2836
04/03/2008,ATL,GA,ASO,ES,Towers with Radar,2122,684,7,2,2815,1,0,0,0,1,2126,685,7,2,2820,0,0,0,2821
04/04/2008,ATL,GA,ASO,ES,Towers with Radar,1915,579,9,4,2507,1,0,2,0,3,1919,582,11,4,2516,0,0,0,2516
04/05/2008,ATL,GA,ASO,ES,Towers with Radar,1956,595,12,2,2565,1,0,3,0,4,1958,596,15,2,2571,0,0,0,2571
04/06/2008,ATL,GA,ASO,ES,Towers with Radar,2068,654,9,1,2732,2,0,9,0,11,2071,657,18,1,2747,0,0,0,2748
04/07/2008,ATL,GA,ASO,ES,Towers with Radar,2159,667,9,2,2837,1,0,4,0,5,2161,668,13,2,2844,0,0,0,2845
04/08/2008,ATL,GA,ASO,ES,Towers with Radar,2065,612,21,1,2699,1,0,10,0,11,2066,612,31,1,2710,0,0,0,2713
04/09/2008,ATL,GA,ASO,ES,Towers with Radar,2057,636,19,4,2716,1,0,12,0,13,2058,637,31,4,2730,0,0,0,2742
04/10/2008,ATL,GA,ASO,ES,Towers with Radar,2129,656,25,2,2812,2,0,22,2,26,2131,658,47,4,2840,0,0,0,2848
04/11/2008,ATL,GA,ASO,ES,Towers with Radar,2095,668,26,2,2791,1,0,25,0,26,2096,669,51,2,2818,0,0,0,2825
04/12/2008,ATL,GA,ASO,ES,Towers with Radar,1837,483,12,3,2335,2,0,12,0,14,1839,483,24,3,2349,0,0,0,2352
04/13/2008,ATL,GA,ASO,ES,Towers with Radar,2068,624,19,2,2713,2,0,21,0,23,2071,624,40,2,2737,0,0,0,2737
04/14/2008,ATL,GA,ASO,ES,Towers with Radar,2151,630,14,2,2797,2,0,8,1,11,2153,631,22,3,2809,0,0,0,2817
04/15/2008,ATL,GA,ASO,ES,Towers with Radar,2096,601,14,4,2715,2,0,17,1,20,2098,604,31,5,2738,0,0,0,2744
04/16/2008,ATL,GA,ASO,ES,Towers with Radar,2113,645,31,1,2790,1,0,22,1,24,2114,645,53,2,2814,0,0,0,2815
04/17/2008,ATL,GA,ASO,ES,Towers with Radar,2165,657,23,2,2847,1,0,11,0,12,2166,660,34,2,2862,0,0,0,2867
04/18/2008,ATL,GA,ASO,ES,Towers with Radar,2173,650,24,1,2848,2,0,24,0,26,2175,651,48,1,2875,0,0,0,2884
04/19/2008,ATL,GA,ASO,ES,Towers with Radar,1819,464,15,3,2301,1,2,13,0,16,1820,468,28,3,2319,0,0,0,2323
04/20/2008,ATL,GA,ASO,ES,Towers with Radar,2091,621,5,3,2720,1,2,3,0,6,2092,623,8,3,2726,0,0,0,2726
04/21/2008,ATL,GA,ASO,ES,Towers with Radar,2152,644,8,2,2806,2,1,12,4,19,2155,646,20,6,2827,0,0,0,2829
04/22/2008,ATL,GA,ASO,ES,Towers with Radar,2086,611,5,2,2704,1,1,9,2,13,2087,613,14,4,2718,0,0,0,2723
04/23/2008,ATL,GA,ASO,ES,Towers with Radar,2127,636,14,4,2781,1,1,12,0,14,2128,639,26,4,2797,0,0,0,2801
04/24/2008,ATL,GA,ASO,ES,Towers with Radar,2165,650,19,1,2835,1,1,9,0,11,2166,656,28,1,2851,0,0,0,2856
04/25/2008,ATL,GA,ASO,ES,Towers with Radar,2137,673,19,2,2831,1,0,14,0,15,2138,675,33,2,2848,0,0,0,2856
04/26/2008,ATL,GA,ASO,ES,Towers with Radar,1832,450,9,1,2292,2,0,12,0,14,1834,451,21,1,2307,0,0,0,2308
04/27/2008,ATL,GA,ASO,ES,Towers with Radar,2088,622,20,2,2732,1,0,6,0,7,2090,626,26,2,2744,0,0,0,2745
04/28/2008,ATL,GA,ASO,ES,Towers with Radar,2142,627,22,1,2792,2,0,8,0,10,2144,632,30,1,2807,0,0,0,2807
04/29/2008,ATL,GA,ASO,ES,Towers with Radar,2094,614,16,5,2729,0,1,13,2,16,2096,615,29,7,2747,0,0,0,2754
04/30/2008,ATL,GA,ASO,ES,Towers with Radar,2131,643,22,1,2797,1,3,18,0,22,2133,647,40,1,2821,0,0,0,2830
05/01/2008,ATL,GA,ASO,ES,Towers with Radar,2165,616,22,2,2805,1,1,22,1,25,2166,617,44,3,2830,0,0,0,2837
05/02/2008,ATL,GA,ASO,ES,Towers with Radar,2155,607,11,1,2774,2,0,14,2,18,2157,610,25,3,2795,0,0,0,2800
05/03/2008,ATL,GA,ASO,ES,Towers with Radar,1795,455,4,2,2256,1,0,7,0,8,1798,456,11,2,2267,0,0,0,2267
05/04/2008,ATL,GA,ASO,ES,Towers with Radar,2085,549,28,1,2663,2,0,4,0,6,2087,551,32,1,2671,0,0,0,2672
05/05/2008,ATL,GA,ASO,ES,Towers with Radar,2124,591,10,2,2727,2,0,18,0,20,2126,592,28,2,2748,0,0,0,2755
05/06/2008,ATL,GA,ASO,ES,Towers with Radar,2092,567,21,1,2681,1,0,13,2,16,2093,568,34,3,2698,0,0,0,2706
05/07/2008,ATL,GA,ASO,ES,Towers with Radar,2085,607,30,2,2724,1,1,20,0,22,2086,610,50,2,2748,0,0,0,2752
05/08/2008,ATL,GA,ASO,ES,Towers with Radar,2163,610,15,4,2792,1,0,16,0,17,2164,611,31,4,2810,0,0,0,2815
05/09/2008,ATL,GA,ASO,ES,Towers with Radar,2168,601,10,5,2784,1,0,17,0,18,2170,601,27,5,2803,0,0,0,2808
05/10/2008,ATL,GA,ASO,ES,Towers with Radar,1805,443,16,0,2264,2,1,8,0,11,1807,444,24,0,2275,0,0,0,2275
05/11/2008,ATL,GA,ASO,ES,Towers with Radar,2084,559,11,3,2657,1,1,6,0,8,2085,561,17,3,2666,0,0,0,2673
05/12/2008,ATL,GA,ASO,ES,Towers with Radar,2135,583,23,2,2743,1,0,6,2,9,2136,585,29,4,2754,0,0,0,2755
05/13/2008,ATL,GA,ASO,ES,Towers with Radar,2076,567,20,3,2666,1,1,18,0,20,2077,569,38,3,2687,0,0,0,2691
05/14/2008,ATL,GA,ASO,ES,Towers with Radar,2110,593,16,1,2720,1,0,9,0,10,2111,598,25,1,2735,0,0,0,2737
05/15/2008,ATL,GA,ASO,ES,Towers with Radar,2147,621,13,4,2785,1,0,8,0,9,2149,622,21,4,2796,0,0,0,2797
05/16/2008,ATL,GA,ASO,ES,Towers with Radar,2162,592,26,4,2784,1,2,18,0,21,2163,594,44,4,2805,0,0,0,2806
05/17/2008,ATL,GA,ASO,ES,Towers with Radar,1819,445,7,4,2275,1,1,7,1,10,1820,450,14,5,2289,0,0,0,2290
05/18/2008,ATL,GA,ASO,ES,Towers with Radar,2067,547,26,1,2641,1,3,4,1,9,2068,551,30,2,2651,0,0,0,2653
05/19/2008,ATL,GA,ASO,ES,Towers with Radar,2155,593,19,2,2769,2,0,22,2,26,2158,594,41,4,2797,0,0,0,2801
05/20/2008,ATL,GA,ASO,ES,Towers with Radar,2027,567,17,3,2614,2,2,24,0,28,2029,572,41,3,2645,0,0,0,2648
05/21/2008,ATL,GA,ASO,ES,Towers with Radar,2141,603,25,4,2773,1,2,14,2,19,2142,606,39,6,2793,0,0,0,2795
05/22/2008,ATL,GA,ASO,ES,Towers with Radar,2194,597,25,1,2817,1,1,40,0,42,2195,598,65,1,2859,0,0,0,2864
05/23/2008,ATL,GA,ASO,ES,Towers with Radar,2196,604,17,3,2820,1,2,10,0,13,2197,606,27,3,2833,0,0,0,2837
05/24/2008,ATL,GA,ASO,ES,Towers with Radar,1732,430,18,1,2181,2,0,10,0,12,1734,430,28,1,2193,0,0,0,2194
05/25/2008,ATL,GA,ASO,ES,Towers with Radar,1696,410,4,3,2113,1,1,7,0,9,1697,416,11,3,2127,0,0,0,2128
05/26/2008,ATL,GA,ASO,ES,Towers with Radar,2068,539,6,1,2614,2,2,6,0,10,2070,542,12,1,2625,0,0,0,2626
05/27/2008,ATL,GA,ASO,ES,Towers with Radar,2102,574,10,5,2691,2,1,24,0,27,2104,577,34,5,2720,0,0,0,2726
05/28/2008,ATL,GA,ASO,ES,Towers with Radar,2142,593,13,1,2749,1,0,11,0,12,2144,595,24,1,2764,0,0,0,2765
05/29/2008,ATL,GA,ASO,ES,Towers with Radar,2159,613,16,3,2791,0,0,10,0,10,2162,613,26,3,2804,0,0,0,2804
05/30/2008,ATL,GA,ASO,ES,Towers with Radar,2172,613,19,1,2805,2,1,6,1,10,2174,619,25,2,2820,0,0,0,2824
05/31/2008,ATL,GA,ASO,ES,Towers with Radar,1813,439,15,3,2270,2,0,16,0,18,1815,443,31,3,2292,0,0,0,2297
06/01/2008,ATL,GA,ASO,ES,Towers with Radar,2093,551,9,1,2654,1,0,2,0,3,2094,552,11,1,2658,0,0,0,2660
06/02/2008,ATL,GA,ASO,ES,Towers with Radar,2163,583,9,1,2756,1,2,16,0,19,2164,587,25,1,2777,0,0,0,2784
06/03/2008,ATL,GA,ASO,ES,Towers with Radar,2092,551,20,2,2665,2,1,23,2,28,2094,553,43,4,2694,0,0,0,2698
06/04/2008,ATL,GA,ASO,ES,Towers with Radar,2081,584,21,1,2687,1,1,24,1,27,2082,590,45,2,2719,0,0,0,2720
06/05/2008,ATL,GA,ASO,ES,Towers with Radar,2203,637,20,3,2863,1,0,11,1,13,2204,640,31,4,2879,0,0,0,2881
06/06/2008,ATL,GA,ASO,ES,Towers with Radar,2178,633,10,2,2823,1,2,24,0,27,2179,637,34,2,2852,0,0,0,2855
06/07/2008,ATL,GA,ASO,ES,Towers with Radar,1937,534,22,1,2494,2,0,7,1,10,1939,536,29,2,2506,0,0,0,2507
06/08/2008,ATL,GA,ASO,ES,Towers with Radar,2088,607,11,2,2708,1,0,5,1,7,2089,607,16,3,2715,0,0,0,2719
06/09/2008,ATL,GA,ASO,ES,Towers with Radar,2167,606,28,1,2802,0,0,10,0,10,2167,608,38,1,2814,0,0,0,2816
06/10/2008,ATL,GA,ASO,ES,Towers with Radar,2147,603,14,2,2766,1,1,15,0,17,2148,606,29,2,2785,0,0,0,2796
06/11/2008,ATL,GA,ASO,ES,Towers with Radar,2114,623,18,2,2757,1,1,11,0,13,2121,629,29,2,2781,0,0,0,2786
06/12/2008,ATL,GA,ASO,ES,Towers with Radar,2336,633,16,1,2986,1,0,2,5,8,2337,635,18,6,2996,0,0,0,2997
06/13/2008,ATL,GA,ASO,ES,Towers with Radar,2222,636,22,3,2883,1,0,9,0,10,2223,637,31,3,2894,0,0,0,2894
06/14/2008,ATL,GA,ASO,ES,Towers with Radar,1958,552,14,6,2530,1,0,14,0,15,1964,552,28,6,2550,0,0,0,2551
06/15/2008,ATL,GA,ASO,ES,Towers with Radar,2139,606,13,1,2759,1,2,6,0,9,2140,611,19,1,2771,0,0,0,2772
06/16/2008,ATL,GA,ASO,ES,Towers with Radar,2193,612,11,5,2821,1,1,7,0,9,2194,614,18,5,2831,0,0,0,2833
06/17/2008,ATL,GA,ASO,ES,Towers with Radar,2219,598,13,2,2832,1,0,11,1,13,2220,600,24,3,2847,0,0,0,2850
06/18/2008,ATL,GA,ASO,ES,Towers with Radar,2197,631,9,1,2838,1,2,15,2,20,2198,636,24,3,2861,0,0,0,2866
06/19/2008,ATL,GA,ASO,ES,Towers with Radar,2242,639,26,2,2909,2,2,18,0,22,2244,643,44,2,2933,0,0,0,2937
06/20/2008,ATL,GA,ASO,ES,Towers with Radar,2228,651,22,2,2903,1,1,13,0,15,2229,652,35,2,2918,0,0,0,2919
06/21/2008,ATL,GA,ASO,ES,Towers with Radar,1987,539,10,1,2537,1,0,15,0,16,1988,542,25,1,2556,0,0,0,2557
06/22/2008,ATL,GA,ASO,ES,Towers with Radar,2119,584,11,2,2716,1,2,5,0,8,2120,590,16,2,2728,0,0,0,2728
06/23/2008,ATL,GA,ASO,ES,Towers with Radar,2213,608,10,1,2832,1,2,30,2,35,2214,612,40,3,2869,0,0,0,2869
06/24/2008,ATL,GA,ASO,ES,Towers with Radar,2205,618,13,2,2838,1,0,11,0,12,2206,622,24,2,2854,0,0,0,2855
06/25/2008,ATL,GA,ASO,ES,Towers with Radar,2218,634,17,1,2870,2,3,10,0,15,2220,646,27,1,2894,0,0,0,2896
06/26/2008,ATL,GA,ASO,ES,Towers with Radar,2204,646,8,7,2865,2,2,22,0,26,2206,648,30,7,2891,0,0,0,2897
06/27/2008,ATL,GA,ASO,ES,Towers with Radar,2238,650,23,2,2913,3,1,9,0,13,2241,653,32,2,2928,0,0,0,2934
06/28/2008,ATL,GA,ASO,ES,Towers with Radar,2004,542,8,3,2557,1,1,8,1,11,2005,549,16,4,2574,0,0,0,2579
06/29/2008,ATL,GA,ASO,ES,Towers with Radar,2067,605,12,1,2685,2,3,6,0,11,2069,608,18,1,2696,0,0,0,2697
06/30/2008,ATL,GA,ASO,ES,Towers with Radar,2279,620,14,3,2916,2,0,14,0,16,2281,620,28,3,2932,0,0,0,2936
07/01/2008,ATL,GA,ASO,ES,Towers with Radar,2217,604,13,5,2839,1,0,18,4,23,2218,604,31,9,2862,0,0,0,2862
07/02/2008,ATL,GA,ASO,ES,Towers with Radar,2237,607,18,3,2865,3,1,4,2,10,2240,608,22,5,2875,0,0,0,2875
07/03/2008,ATL,GA,ASO,ES,Towers with Radar,2245,619,12,1,2877,3,1,12,0,16,2248,620,24,1,2893,0,0,0,2893
07/04/2008,ATL,GA,ASO,ES,Towers with Radar,1746,356,9,2,2113,2,2,8,0,12,1748,358,17,2,2125,0,0,0,2125
07/05/2008,ATL,GA,ASO,ES,Towers with Radar,1888,492,5,2,2387,1,0,7,0,8,1889,492,12,2,2395,0,0,0,2395
07/06/2008,ATL,GA,ASO,ES,Towers with Radar,1969,546,11,2,2528,3,1,5,0,9,1972,547,16,2,2537,0,0,0,2537
07/07/2008,ATL,GA,ASO,ES,Towers with Radar,2313,618,17,1,2949,2,2,12,0,16,2315,620,29,1,2965,0,0,0,2965
07/08/2008,ATL,GA,ASO,ES,Towers with Radar,2175,594,22,2,2793,1,0,7,2,10,2176,594,29,4,2803,0,0,0,2803
07/09/2008,ATL,GA,ASO,ES,Towers with Radar,2221,603,16,5,2845,1,0,9,1,11,2222,603,25,6,2856,0,0,0,2856
07/10/2008,ATL,GA,ASO,ES,Towers with Radar,2069,576,12,3,2660,2,0,7,0,9,2071,576,19,3,2669,0,0,0,2669
07/11/2008,ATL,GA,ASO,ES,Towers with Radar,2372,638,22,1,3033,1,0,4,0,5,2373,638,26,1,3038,0,0,0,3038
07/12/2008,ATL,GA,ASO,ES,Towers with Radar,1979,539,8,3,2529,1,0,6,0,7,1980,539,14,3,2536,0,0,0,2536
07/13/2008,ATL,GA,ASO,ES,Towers with Radar,1654,430,12,2,2098,3,0,0,0,3,1657,430,12,2,2101,0,0,0,2101
07/14/2008,ATL,GA,ASO,ES,Towers with Radar,2329,612,16,2,2959,2,1,12,0,15,2331,613,28,2,2974,0,0,0,2974
07/15/2008,ATL,GA,ASO,ES,Towers with Radar,2211,599,21,3,2834,1,0,23,0,24,2212,599,44,3,2858,0,0,0,2858
07/16/2008,ATL,GA,ASO,ES,Towers with Radar,2252,623,18,3,2896,1,1,22,16,40,2253,624,40,19,2936,0,0,0,2936
07/17/2008,ATL,GA,ASO,ES,Towers with Radar,2248,620,27,5,2900,3,1,15,3,22,2251,621,42,8,2922,0,0,0,2922
07/18/2008,ATL,GA,ASO,ES,Towers with Radar,2242,632,16,4,2894,2,2,19,2,25,2244,634,35,6,2919,0,0,0,2919
07/19/2008,ATL,GA,ASO,ES,Towers with Radar,1980,549,6,3,2538,2,2,2,2,8,1982,551,8,5,2546,0,0,0,2546
07/20/2008,ATL,GA,ASO,ES,Towers with Radar,2129,592,9,2,2732,3,0,2,0,5,2132,592,11,2,2737,0,0,0,2737
07/21/2008,ATL,GA,ASO,ES,Towers with Radar,2190,610,20,2,2822,3,1,4,0,8,2193,611,24,2,2830,0,0,0,2830
07/22/2008,ATL,GA,ASO,ES,Towers with Radar,2086,557,27,1,2671,1,0,5,6,12,2087,557,32,7,2683,0,0,0,2683
07/23/2008,ATL,GA,ASO,ES,Towers with Radar,2217,632,20,2,2871,2,1,10,2,15,2219,633,30,4,2886,0,0,0,2886
07/24/2008,ATL,GA,ASO,ES,Towers with Radar,2294,637,18,3,2952,1,1,15,2,19,2295,638,33,5,2971,0,0,0,2971
07/25/2008,ATL,GA,ASO,ES,Towers with Radar,2263,623,24,2,2912,3,0,10,0,13,2266,623,34,2,2925,0,0,0,2925
07/26/2008,ATL,GA,ASO,ES,Towers with Radar,1969,521,12,2,2504,1,0,2,1,4,1970,521,14,3,2508,0,0,0,2508
07/27/2008,ATL,GA,ASO,ES,Towers with Radar,2115,584,13,1,2713,3,1,9,0,13,2118,585,22,1,2726,0,0,0,2726
07/28/2008,ATL,GA,ASO,ES,Towers with Radar,2241,616,20,2,2879,1,0,6,0,7,2242,616,26,2,2886,0,0,0,2886
07/29/2008,ATL,GA,ASO,ES,Towers with Radar,2153,595,12,2,2762,3,0,16,0,19,2156,595,28,2,2781,0,0,0,2781
07/30/2008,ATL,GA,ASO,ES,Towers with Radar,2276,638,12,2,2928,2,1,33,0,36,2278,639,45,2,2964,0,0,0,2964
07/31/2008,ATL,GA,ASO,ES,Towers with Radar,2001,563,26,1,2591,3,0,16,0,19,2004,563,42,1,2610,0,0,0,2610
08/01/2008,ATL,GA,ASO,ES,Towers with Radar,2396,651,10,2,3059,2,0,12,2,16,2398,651,22,4,3075,0,0,0,3075
08/02/2008,ATL,GA,ASO,ES,Towers with Radar,1936,512,8,2,2458,0,0,13,0,13,1936,512,21,2,2471,0,0,0,2471
08/03/2008,ATL,GA,ASO,ES,Towers with Radar,2159,602,8,2,2771,1,0,6,1,8,2160,602,14,3,2779,0,0,0,2779
08/04/2008,ATL,GA,ASO,ES,Towers with Radar,2211,619,24,1,2855,2,0,8,0,10,2213,619,32,1,2865,0,0,0,2865
08/05/2008,ATL,GA,ASO,ES,Towers with Radar,2188,591,14,2,2795,2,0,17,0,19,2190,591,31,2,2814,0,0,0,2814
08/06/2008,ATL,GA,ASO,ES,Towers with Radar,2205,620,12,4,2841,1,3,15,2,21,2206,623,27,6,2862,0,0,0,2862
08/07/2008,ATL,GA,ASO,ES,Towers with Radar,2189,594,14,2,2799,2,0,10,1,13,2191,594,24,3,2812,0,0,0,2812
08/08/2008,ATL,GA,ASO,ES,Towers with Radar,2262,631,11,1,2905,2,0,16,0,18,2264,631,27,1,2923,0,0,0,2923
08/09/2008,ATL,GA,ASO,ES,Towers with Radar,1957,530,10,2,2499,2,0,4,0,6,1959,530,14,2,2505,0,0,0,2505
08/10/2008,ATL,GA,ASO,ES,Towers with Radar,2090,591,9,0,2690,2,0,5,0,7,2092,591,14,0,2697,0,0,0,2697
08/11/2008,ATL,GA,ASO,ES,Towers with Radar,2200,615,11,3,2829,3,0,12,0,15,2203,615,23,3,2844,0,0,0,2844
08/12/2008,ATL,GA,ASO,ES,Towers with Radar,2189,592,22,2,2805,1,0,14,2,17,2190,592,36,4,2822,0,0,0,2822
08/13/2008,ATL,GA,ASO,ES,Towers with Radar,2223,611,9,3,2846,1,0,9,1,11,2224,611,18,4,2857,0,0,0,2857
08/14/2008,ATL,GA,ASO,ES,Towers with Radar,2210,612,15,1,2838,3,0,12,4,19,2213,612,27,5,2857,0,0,0,2857
08/15/2008,ATL,GA,ASO,ES,Towers with Radar,2232,627,24,3,2886,1,1,14,1,17,2233,628,38,4,2903,0,0,0,2903
08/16/2008,ATL,GA,ASO,ES,Towers with Radar,1979,531,5,1,2516,0,0,8,0,8,1979,531,13,1,2524,0,0,0,2524
08/17/2008,ATL,GA,ASO,ES,Towers with Radar,2138,595,15,3,2751,3,2,4,0,9,2141,597,19,3,2760,0,0,0,2760
08/18/2008,ATL,GA,ASO,ES,Towers with Radar,2202,617,11,5,2835,2,0,15,2,19,2204,617,26,7,2854,0,0,0,2854
08/19/2008,ATL,GA,ASO,ES,Towers with Radar,2099,555,17,3,2674,2,1,6,6,15,2101,556,23,9,2689,0,0,0,2689
08/20/2008,ATL,GA,ASO,ES,Towers with Radar,2152,568,12,3,2735,1,0,29,0,30,2153,568,41,3,2765,0,0,0,2765
08/21/2008,ATL,GA,ASO,ES,Towers with Radar,2181,605,24,2,2812,1,1,17,0,19,2182,606,41,2,2831,0,0,0,2831
08/22/2008,ATL,GA,ASO,ES,Towers with Radar,2160,619,28,4,2811,1,1,13,0,15,2161,620,41,4,2826,0,0,0,2826
08/23/2008,ATL,GA,ASO,ES,Towers with Radar,1857,467,16,4,2344,0,0,2,0,2,1857,467,18,4,2346,0,0,0,2346
08/24/2008,ATL,GA,ASO,ES,Towers with Radar,2067,561,13,2,2643,2,0,0,0,2,2069,561,13,2,2645,0,0,0,2645
08/25/2008,ATL,GA,ASO,ES,Towers with Radar,2078,540,7,4,2629,1,0,2,0,3,2079,540,9,4,2632,0,0,0,2632
08/26/2008,ATL,GA,ASO,ES,Towers with Radar,1985,510,16,1,2512,1,0,7,0,8,1986,510,23,1,2520,0,0,0,2520
08/27/2008,ATL,GA,ASO,ES,Towers with Radar,2195,570,23,3,2791,2,1,10,2,15,2197,571,33,5,2806,0,0,0,2806
08/28/2008,ATL,GA,ASO,ES,Towers with Radar,2190,609,20,2,2821,1,0,11,0,12,2191,609,31,2,2833,0,0,0,2833
08/29/2008,ATL,GA,ASO,ES,Towers with Radar,2204,614,5,5,2828,2,1,4,2,9,2206,615,9,7,2837,0,0,0,2837
08/30/2008,ATL,GA,ASO,ES,Towers with Radar,1750,412,1,2,2165,2,2,5,0,9,1752,414,6,2,2174,0,0,0,2174
08/31/2008,ATL,GA,ASO,ES,Towers with Radar,1712,372,14,7,2105,1,0,3,0,4,1713,372,17,7,2109,0,0,0,2109
09/01/2008,ATL,GA,ASO,ES,Towers with Radar,2016,508,13,2,2539,1,0,4,0,5,2017,508,17,2,2544,0,0,0,2544
09/02/2008,ATL,GA,ASO,ES,Towers with Radar,2153,521,16,4,2694,1,0,16,2,19,2154,521,32,6,2713,0,0,0,2713
09/03/2008,ATL,GA,ASO,ES,Towers with Radar,2165,530,18,4,2717,1,4,19,0,24,2166,534,37,4,2741,0,0,0,2741
09/04/2008,ATL,GA,ASO,ES,Towers with Radar,2142,554,26,4,2726,1,1,16,0,18,2143,555,42,4,2744,0,0,0,2744
09/05/2008,ATL,GA,ASO,ES,Towers with Radar,2156,547,12,1,2716,2,0,14,4,20,2158,547,26,5,2736,0,0,0,2736
09/06/2008,ATL,GA,ASO,ES,Towers with Radar,1758,343,8,3,2112,1,0,11,0,12,1759,343,19,3,2124,0,0,0,2124
09/07/2008,ATL,GA,ASO,ES,Towers with Radar,2039,527,3,2,2571,2,1,8,1,12,2041,528,11,3,2583,0,0,0,2583
09/08/2008,ATL,GA,ASO,ES,Towers with Radar,2117,517,12,7,2653,1,0,5,0,6,2118,517,17,7,2659,0,0,0,2659
09/09/2008,ATL,GA,ASO,ES,Towers with Radar,2050,511,20,3,2584,2,1,12,0,15,2052,512,32,3,2599,0,0,0,2599
09/10/2008,ATL,GA,ASO,ES,Towers with Radar,2087,533,13,2,2635,2,3,11,0,16,2089,536,24,2,2651,0,0,0,2651
09/11/2008,ATL,GA,ASO,ES,Towers with Radar,2147,566,16,6,2735,1,0,9,3,13,2148,566,25,9,2748,0,0,0,2748
09/12/2008,ATL,GA,ASO,ES,Towers with Radar,2114,551,11,6,2682,1,0,12,0,13,2115,551,23,6,2695,0,0,0,2695
09/13/2008,ATL,GA,ASO,ES,Towers with Radar,1737,370,21,2,2130,1,0,6,0,7,1738,370,27,2,2137,0,0,0,2137
09/14/2008,ATL,GA,ASO,ES,Towers with Radar,1973,509,20,5,2507,1,3,6,0,10,1974,512,26,5,2517,0,0,0,2517
09/15/2008,ATL,GA,ASO,ES,Towers with Radar,2109,544,21,1,2675,1,0,4,2,7,2110,544,25,3,2682,0,0,0,2682
09/16/2008,ATL,GA,ASO,ES,Towers with Radar,2054,506,26,4,2590,3,0,14,0,17,2057,506,40,4,2607,0,0,0,2607
09/17/2008,ATL,GA,ASO,ES,Towers with Radar,2080,537,19,7,2643,1,0,3,0,4,2081,537,22,7,2647,0,0,0,2647
09/18/2008,ATL,GA,ASO,ES,Towers with Radar,2139,565,16,4,2724,1,0,15,2,18,2140,565,31,6,2742,0,0,0,2742
09/19/2008,ATL,GA,ASO,ES,Towers with Radar,2155,561,20,2,2738,1,0,13,0,14,2156,561,33,2,2752,0,0,0,2752
09/20/2008,ATL,GA,ASO,ES,Towers with Radar,1781,363,10,2,2156,2,1,1,0,4,1783,364,11,2,2160,0,0,0,2160
09/21/2008,ATL,GA,ASO,ES,Towers with Radar,2035,522,17,1,2575,2,0,3,0,5,2037,522,20,1,2580,0,0,0,2580
09/22/2008,ATL,GA,ASO,ES,Towers with Radar,2126,541,22,2,2691,1,2,8,0,11,2127,543,30,2,2702,0,0,0,2702
09/23/2008,ATL,GA,ASO,ES,Towers with Radar,2067,520,17,1,2605,1,3,18,0,22,2068,523,35,1,2627,0,0,0,2627
09/24/2008,ATL,GA,ASO,ES,Towers with Radar,2098,543,19,2,2662,1,0,8,0,9,2099,543,27,2,2671,0,0,0,2671
09/25/2008,ATL,GA,ASO,ES,Towers with Radar,2142,568,11,1,2722,1,0,4,1,6,2143,568,15,2,2728,0,0,0,2728
09/26/2008,ATL,GA,ASO,ES,Towers with Radar,2155,548,26,3,2732,1,2,13,0,16,2156,550,39,3,2748,0,0,0,2748
09/27/2008,ATL,GA,ASO,ES,Towers with Radar,1795,364,12,1,2172,1,0,5,0,6,1796,364,17,1,2178,0,0,0,2178
09/28/2008,ATL,GA,ASO,ES,Towers with Radar,2054,501,13,2,2570,1,1,2,0,4,2055,502,15,2,2574,0,0,0,2574
09/29/2008,ATL,GA,ASO,ES,Towers with Radar,2135,553,11,1,2700,1,0,9,0,10,2136,553,20,1,2710,0,0,0,2710
09/30/2008,ATL,GA,ASO,ES,Towers with Radar,2064,508,18,5,2595,1,2,7,0,10,2065,510,25,5,2605,0,0,0,2605
10/01/2008,ATL,GA,ASO,ES,Towers with Radar,2126,570,21,1,2718,2,1,9,0,12,2128,571,30,1,2730,0,0,0,2730
10/02/2008,ATL,GA,ASO,ES,Towers with Radar,2167,577,32,2,2778,1,0,8,0,9,2168,577,40,2,2787,0,0,0,2787
10/03/2008,ATL,GA,ASO,ES,Towers with Radar,2194,587,16,1,2798,0,0,8,0,8,2194,587,24,1,2806,0,0,0,2806
10/04/2008,ATL,GA,ASO,ES,Towers with Radar,1794,386,11,2,2193,1,0,0,1,2,1795,386,11,3,2195,0,0,0,2195
10/05/2008,ATL,GA,ASO,ES,Towers with Radar,2042,521,28,1,2592,1,0,0,0,1,2043,521,28,1,2593,0,0,0,2593
10/06/2008,ATL,GA,ASO,ES,Towers with Radar,2161,560,18,2,2741,1,1,6,0,8,2162,561,24,2,2749,0,0,0,2749
10/07/2008,ATL,GA,ASO,ES,Towers with Radar,2113,559,18,1,2691,0,1,10,0,11,2113,560,28,1,2702,0,0,0,2702
10/08/2008,ATL,GA,ASO,ES,Towers with Radar,2112,552,18,2,2684,1,0,0,0,1,2113,552,18,2,2685,0,0,0,2685
10/09/2008,ATL,GA,ASO,ES,Towers with Radar,2196,600,18,1,2815,1,0,6,1,8,2197,600,24,2,2823,0,0,0,2823
10/10/2008,ATL,GA,ASO,ES,Towers with Radar,2202,578,18,2,2800,2,1,8,2,13,2204,579,26,4,2813,0,0,0,2813
10/11/2008,ATL,GA,ASO,ES,Towers with Radar,1812,389,9,1,2211,1,0,3,1,5,1813,389,12,2,2216,0,0,0,2216
10/12/2008,ATL,GA,ASO,ES,Towers with Radar,2061,524,19,2,2606,2,0,0,0,2,2063,524,19,2,2608,0,0,0,2608
10/13/2008,ATL,GA,ASO,ES,Towers with Radar,2183,563,20,1,2767,2,0,3,0,5,2185,563,23,1,2772,0,0,0,2772
10/14/2008,ATL,GA,ASO,ES,Towers with Radar,2123,524,16,2,2665,2,1,5,1,9,2125,525,21,3,2674,0,0,0,2674
10/15/2008,ATL,GA,ASO,ES,Towers with Radar,2141,558,19,2,2720,2,0,5,2,9,2143,558,24,4,2729,0,0,0,2729
10/16/2008,ATL,GA,ASO,ES,Towers with Radar,2179,598,21,3,2801,1,0,19,3,23,2180,598,40,6,2824,0,0,0,2824
10/17/2008,ATL,GA,ASO,ES,Towers with Radar,2169,598,14,1,2782,2,0,2,0,4,2171,598,16,1,2786,0,0,0,2786
10/18/2008,ATL,GA,ASO,ES,Towers with Radar,1805,388,12,2,2207,2,0,3,0,5,1807,388,15,2,2212,0,0,0,2212
10/19/2008,ATL,GA,ASO,ES,Towers with Radar,2052,528,12,2,2594,2,2,4,0,8,2054,530,16,2,2602,0,0,0,2602
10/20/2008,ATL,GA,ASO,ES,Towers with Radar,2172,577,13,2,2764,0,1,4,0,5,2172,578,17,2,2769,0,0,0,2769
10/21/2008,ATL,GA,ASO,ES,Towers with Radar,2121,538,24,1,2684,1,0,8,0,9,2122,538,32,1,2693,0,0,0,2693
10/22/2008,ATL,GA,ASO,ES,Towers with Radar,2145,562,22,5,2734,1,0,7,0,8,2146,562,29,5,2742,0,0,0,2742
10/23/2008,ATL,GA,ASO,ES,Towers with Radar,2168,596,29,2,2795,2,0,10,1,13,2170,596,39,3,2808,0,0,0,2808
10/24/2008,ATL,GA,ASO,ES,Towers with Radar,2099,565,30,2,2696,2,0,0,0,2,2101,565,30,2,2698,0,0,0,2698
10/25/2008,ATL,GA,ASO,ES,Towers with Radar,1871,392,15,2,2280,1,0,4,0,5,1872,392,19,2,2285,0,0,0,2285
10/26/2008,ATL,GA,ASO,ES,Towers with Radar,2046,538,31,4,2619,0,1,11,0,12,2046,539,42,4,2631,0,0,0,2631
10/27/2008,ATL,GA,ASO,ES,Towers with Radar,2154,577,20,1,2752,1,0,3,0,4,2155,577,23,1,2756,0,0,0,2756
10/28/2008,ATL,GA,ASO,ES,Towers with Radar,2079,573,22,2,2676,2,0,6,0,8,2081,573,28,2,2684,0,0,0,2684
10/29/2008,ATL,GA,ASO,ES,Towers with Radar,2108,585,18,3,2714,1,2,11,1,15,2109,587,29,4,2729,0,0,0,2729
10/30/2008,ATL,GA,ASO,ES,Towers with Radar,2142,607,22,2,2773,2,0,10,1,13,2144,607,32,3,2786,0,0,0,2786
10/31/2008,ATL,GA,ASO,ES,Towers with Radar,2074,543,13,1,2631,1,0,9,0,10,2075,543,22,1,2641,0,0,0,2641
11/01/2008,ATL,GA,ASO,ES,Towers with Radar,1843,486,4,2,2335,1,0,3,0,4,1844,486,7,2,2339,0,0,0,2339
11/02/2008,ATL,GA,ASO,ES,Towers with Radar,2028,615,11,2,2656,1,1,5,0,7,2029,616,16,2,2663,0,0,0,2663
11/03/2008,ATL,GA,ASO,ES,Towers with Radar,2128,647,23,2,2800,1,0,7,0,8,2129,647,30,2,2808,0,0,0,2808
11/04/2008,ATL,GA,ASO,ES,Towers with Radar,2084,618,15,3,2720,2,0,8,4,14,2086,618,23,7,2734,0,0,0,2734
11/05/2008,ATL,GA,ASO,ES,Towers with Radar,2115,656,10,2,2783,1,0,6,0,7,2116,656,16,2,2790,0,0,0,2790
11/06/2008,ATL,GA,ASO,ES,Towers with Radar,2159,665,20,1,2845,1,0,6,2,9,2160,665,26,3,2854,0,0,0,2854
11/07/2008,ATL,GA,ASO,ES,Towers with Radar,2140,672,14,2,2828,2,0,11,0,13,2142,672,25,2,2841,0,0,0,2841
11/08/2008,ATL,GA,ASO,ES,Towers with Radar,1852,468,6,2,2328,1,0,4,0,5,1853,468,10,2,2333,0,0,0,2333
11/09/2008,ATL,GA,ASO,ES,Towers with Radar,2031,616,15,2,2664,1,0,0,0,1,2032,616,15,2,2665,0,0,0,2665
11/10/2008,ATL,GA,ASO,ES,Towers with Radar,2146,630,22,1,2799,1,0,3,0,4,2147,630,25,1,2803,0,0,0,2803
11/11/2008,ATL,GA,ASO,ES,Towers with Radar,2110,611,29,2,2752,1,1,6,0,8,2111,612,35,2,2760,0,0,0,2760
11/12/2008,ATL,GA,ASO,ES,Towers with Radar,2122,618,22,1,2763,1,0,17,0,18,2123,618,39,1,2781,0,0,0,2781
11/13/2008,ATL,GA,ASO,ES,Towers with Radar,2119,641,4,2,2766,1,0,0,0,1,2120,641,4,2,2767,0,0,0,2767
11/14/2008,ATL,GA,ASO,ES,Towers with Radar,2024,597,12,3,2636,1,1,0,0,2,2025,598,12,3,2638,0,0,0,2638
11/15/2008,ATL,GA,ASO,ES,Towers with Radar,1896,478,9,4,2387,2,0,0,0,2,1898,478,9,4,2389,0,0,0,2389
11/16/2008,ATL,GA,ASO,ES,Towers with Radar,2038,608,7,1,2654,1,0,2,0,3,2039,608,9,1,2657,0,0,0,2657
11/17/2008,ATL,GA,ASO,ES,Towers with Radar,2142,627,17,4,2790,1,0,7,0,8,2143,627,24,4,2798,0,0,0,2798
11/18/2008,ATL,GA,ASO,ES,Towers with Radar,2100,601,8,2,2711,2,0,8,0,10,2102,601,16,2,2721,0,0,0,2721
11/19/2008,ATL,GA,ASO,ES,Towers with Radar,2140,630,24,2,2796,1,0,13,0,14,2141,630,37,2,2810,0,0,0,2810
11/20/2008,ATL,GA,ASO,ES,Towers with Radar,2159,651,15,4,2829,1,0,3,1,5,2160,651,18,5,2834,0,0,0,2834
11/21/2008,ATL,GA,ASO,ES,Towers with Radar,2165,652,17,4,2838,0,0,6,0,6,2165,652,23,4,2844,0,0,0,2844
11/22/2008,ATL,GA,ASO,ES,Towers with Radar,1854,479,16,2,2351,1,0,13,0,14,1855,479,29,2,2365,0,0,0,2365
11/23/2008,ATL,GA,ASO,ES,Towers with Radar,2044,617,9,2,2672,1,0,2,0,3,2045,617,11,2,2675,0,0,0,2675
11/24/2008,ATL,GA,ASO,ES,Towers with Radar,2118,571,4,2,2695,1,0,2,0,3,2119,571,6,2,2698,0,0,0,2698
11/25/2008,ATL,GA,ASO,ES,Towers with Radar,2145,641,8,4,2798,2,1,7,0,10,2147,642,15,4,2808,0,0,0,2808
11/26/2008,ATL,GA,ASO,ES,Towers with Radar,2161,653,7,3,2824,2,1,14,1,18,2163,654,21,4,2842,0,0,0,2842
11/27/2008,ATL,GA,ASO,ES,Towers with Radar,1451,357,4,2,1814,0,0,5,0,5,1451,357,9,2,1819,0,0,0,1819
11/28/2008,ATL,GA,ASO,ES,Towers with Radar,1575,379,3,2,1959,1,0,2,0,3,1576,379,5,2,1962,0,0,0,1962
11/29/2008,ATL,GA,ASO,ES,Towers with Radar,1945,564,3,5,2517,0,0,0,0,0,1945,564,3,5,2517,0,0,0,2517
11/30/2008,ATL,GA,ASO,ES,Towers with Radar,2084,654,7,1,2746,2,1,0,0,3,2086,655,7,1,2749,0,0,0,2749
12/01/2008,ATL,GA,ASO,ES,Towers with Radar,2172,684,10,2,2868,1,1,5,0,7,2173,685,15,2,2875,0,0,0,2875
12/02/2008,ATL,GA,ASO,ES,Towers with Radar,2107,638,14,1,2760,1,0,4,0,5,2108,638,18,1,2765,0,0,0,2765
12/03/2008,ATL,GA,ASO,ES,Towers with Radar,2105,613,14,2,2734,1,1,8,0,10,2106,614,22,2,2744,0,0,0,2744
12/04/2008,ATL,GA,ASO,ES,Towers with Radar,2103,649,28,1,2781,0,0,2,0,2,2103,649,30,1,2783,0,0,0,2783
12/05/2008,ATL,GA,ASO,ES,Towers with Radar,2107,642,12,3,2764,1,0,6,0,7,2108,642,18,3,2771,0,0,0,2771
12/06/2008,ATL,GA,ASO,ES,Towers with Radar,1789,494,10,1,2294,0,1,2,0,3,1789,495,12,1,2297,0,0,0,2297
12/07/2008,ATL,GA,ASO,ES,Towers with Radar,1988,606,15,2,2611,1,0,1,0,2,1989,606,16,2,2613,0,0,0,2613
12/08/2008,ATL,GA,ASO,ES,Towers with Radar,2097,629,9,1,2736,1,0,8,0,9,2098,629,17,1,2745,0,0,0,2745
12/09/2008,ATL,GA,ASO,ES,Towers with Radar,2032,608,11,2,2653,1,0,24,0,25,2033,608,35,2,2678,0,0,0,2678
12/10/2008,ATL,GA,ASO,ES,Towers with Radar,1940,564,15,2,2521,1,0,0,0,1,1941,564,15,2,2522,0,0,0,2522
12/11/2008,ATL,GA,ASO,ES,Towers with Radar,2036,628,14,2,2680,1,1,0,0,2,2037,629,14,2,2682,0,0,0,2682
12/12/2008,ATL,GA,ASO,ES,Towers with Radar,2088,655,11,1,2755,1,0,3,2,6,2089,655,14,3,2761,0,0,0,2761
12/13/2008,ATL,GA,ASO,ES,Towers with Radar,1767,507,7,3,2284,2,0,8,0,10,1769,507,15,3,2294,0,0,0,2294
12/14/2008,ATL,GA,ASO,ES,Towers with Radar,1970,613,9,2,2594,1,0,0,0,1,1971,613,9,2,2595,0,0,0,2595
12/15/2008,ATL,GA,ASO,ES,Towers with Radar,2049,627,16,2,2694,1,0,2,0,3,2050,627,18,2,2697,0,0,0,2697
12/16/2008,ATL,GA,ASO,ES,Towers with Radar,2016,609,15,1,2641,1,0,8,2,11,2017,609,23,3,2652,0,0,0,2652
12/17/2008,ATL,GA,ASO,ES,Towers with Radar,2062,671,12,2,2747,1,0,4,2,7,2063,671,16,4,2754,0,0,0,2754
12/18/2008,ATL,GA,ASO,ES,Towers with Radar,2039,693,24,1,2757,2,0,10,0,12,2041,693,34,1,2769,0,0,0,2769
12/19/2008,ATL,GA,ASO,ES,Towers with Radar,1943,644,20,3,2610,1,0,6,0,7,1944,644,26,3,2617,0,0,0,2617
12/20/2008,ATL,GA,ASO,ES,Towers with Radar,1866,617,12,2,2497,2,0,5,0,7,1868,617,17,2,2504,0,0,0,2504
12/21/2008,ATL,GA,ASO,ES,Towers with Radar,1940,620,14,2,2576,1,2,2,0,5,1941,622,16,2,2581,0,0,0,2581
12/22/2008,ATL,GA,ASO,ES,Towers with Radar,2028,639,9,4,2680,2,2,7,0,11,2030,641,16,4,2691,0,0,0,2691
12/23/2008,ATL,GA,ASO,ES,Towers with Radar,2056,639,7,2,2704,1,1,9,0,11,2057,640,16,2,2715,0,0,0,2715
12/24/2008,ATL,GA,ASO,ES,Towers with Radar,1624,455,4,1,2084,1,0,0,0,1,1625,455,4,1,2085,0,0,0,2085
12/25/2008,ATL,GA,ASO,ES,Towers with Radar,1425,356,1,3,1785,1,0,0,0,1,1426,356,1,3,1786,0,0,0,1786
12/26/2008,ATL,GA,ASO,ES,Towers with Radar,1849,571,10,2,2432,1,0,0,0,1,1850,571,10,2,2433,0,0,0,2433
12/27/2008,ATL,GA,ASO,ES,Towers with Radar,1910,573,7,2,2492,2,0,0,0,2,1912,573,7,2,2494,0,0,0,2494
12/28/2008,ATL,GA,ASO,ES,Towers with Radar,1975,628,6,1,2610,2,0,0,0,2,1977,628,6,1,2612,0,0,0,2612
12/29/2008,ATL,GA,ASO,ES,Towers with Radar,2028,654,4,2,2688,1,0,5,0,6,2029,654,9,2,2694,0,0,0,2694
12/30/2008,ATL,GA,ASO,ES,Towers with Radar,2042,647,3,1,2693,1,1,13,0,15,2043,648,16,1,2708,0,0,0,2708
12/31/2008,ATL,GA,ASO,ES,Towers with Radar,1648,457,9,2,2116,1,6,12,0,19,1649,463,21,2,2135,0,0,0,2135
01/01/2009,ATL,GA,ASO,ES,Towers with Radar,1653,416,2,1,2072,1,2,2,0,5,1654,418,4,1,2077,0,0,0,2077
01/02/2009,ATL,GA,ASO,ES,Towers with Radar,2021,714,3,3,2741,2,0,0,0,2,2023,714,3,3,2743,0,0,0,2743
01/03/2009,ATL,GA,ASO,ES,Towers with Radar,1764,569,6,1,2340,2,0,0,0,2,1766,569,6,1,2342,0,0,0,2342
01/04/2009,ATL,GA,ASO,ES,Towers with Radar,1989,637,11,2,2639,3,0,0,0,3,1992,637,11,2,2642,0,0,0,2642
01/05/2009,ATL,GA,ASO,ES,Towers with Radar,1999,670,13,1,2683,3,0,4,0,7,2002,670,17,1,2690,0,0,0,2690
01/06/2009,ATL,GA,ASO,ES,Towers with Radar,1933,607,14,1,2555,3,0,8,0,11,1936,607,22,1,2566,0,0,0,2566
01/07/2009,ATL,GA,ASO,ES,Towers with Radar,1916,631,10,2,2559,2,0,2,0,4,1918,631,12,2,2563,0,0,0,2563
01/08/2009,ATL,GA,ASO,ES,Towers with Radar,1980,658,14,2,2654,1,0,9,4,14,1981,658,23,6,2668,0,0,0,2668
01/09/2009,ATL,GA,ASO,ES,Towers with Radar,2008,672,11,1,2692,1,1,2,0,4,2009,673,13,1,2696,0,0,0,2696
01/10/2009,ATL,GA,ASO,ES,Towers with Radar,1720,472,4,3,2199,1,0,2,0,3,1721,472,6,3,2202,0,0,0,2202
01/11/2009,ATL,GA,ASO,ES,Towers with Radar,1921,631,2,1,2555,2,0,1,0,3,1923,631,3,1,2558,0,0,0,2558
01/12/2009,ATL,GA,ASO,ES,Towers with Radar,1959,650,2,6,2617,1,0,6,6,13,1960,650,8,12,2630,0,0,0,2630
01/13/2009,ATL,GA,ASO,ES,Towers with Radar,1907,607,15,1,2530,1,0,7,0,8,1908,607,22,1,2538,0,0,0,2538
01/14/2009,ATL,GA,ASO,ES,Towers with Radar,1896,649,7,3,2555,0,1,11,0,12,1896,650,18,3,2567,0,0,0,2567
01/15/2009,ATL,GA,ASO,ES,Towers with Radar,1968,672,15,2,2657,2,1,4,0,7,1970,673,19,2,2664,0,0,0,2664
01/16/2009,ATL,GA,ASO,ES,Towers with Radar,1993,638,18,5,2654,1,2,3,0,6,1994,640,21,5,2660,0,0,0,2660
01/17/2009,ATL,GA,ASO,ES,Towers with Radar,1725,472,11,2,2210,1,11,1,0,13,1726,483,12,2,2223,0,0,0,2223
01/18/2009,ATL,GA,ASO,ES,Towers with Radar,1807,520,12,2,2341,2,0,1,0,3,1809,520,13,2,2344,0,0,0,2344
01/19/2009,ATL,GA,ASO,ES,Towers with Radar,1935,653,9,1,2598,1,10,6,0,17,1936,663,15,1,2615,0,0,0,2615
01/20/2009,ATL,GA,ASO,ES,Towers with Radar,1912,605,10,5,2532,2,10,2,2,16,1914,615,12,7,2548,0,0,0,2548
01/21/2009,ATL,GA,ASO,ES,Towers with Radar,1923,622,8,1,2554,1,10,3,4,18,1924,632,11,5,2572,0,0,0,2572
01/22/2009,ATL,GA,ASO,ES,Towers with Radar,1966,674,17,2,2659,1,9,4,0,14,1967,683,21,2,2673,0,0,0,2673
01/23/2009,ATL,GA,ASO,ES,Towers with Radar,1994,680,9,1,2684,1,0,2,0,3,1995,680,11,1,2687,0,0,0,2687
01/24/2009,ATL,GA,ASO,ES,Towers with Radar,1716,474,5,2,2197,2,0,2,0,4,1718,474,7,2,2201,0,0,0,2201
01/25/2009,ATL,GA,ASO,ES,Towers with Radar,1912,620,13,2,2547,1,0,1,0,2,1913,620,14,2,2549,0,0,0,2549
01/26/2009,ATL,GA,ASO,ES,Towers with Radar,1960,627,15,2,2604,1,0,0,0,1,1961,627,15,2,2605,0,0,0,2605
01/27/2009,ATL,GA,ASO,ES,Towers with Radar,1838,526,9,2,2375,1,0,0,1,2,1839,526,9,3,2377,0,0,0,2377
01/28/2009,ATL,GA,ASO,ES,Towers with Radar,1793,590,14,3,2400,3,0,0,0,3,1796,590,14,3,2403,0,0,0,2403
01/29/2009,ATL,GA,ASO,ES,Towers with Radar,1991,650,18,3,2662,2,0,14,2,18,1993,650,32,5,2680,0,0,0,2680
01/30/2009,ATL,GA,ASO,ES,Towers with Radar,1994,683,14,2,2693,1,1,15,0,17,1995,684,29,2,2710,0,0,0,2710
01/31/2009,ATL,GA,ASO,ES,Towers with Radar,1692,473,14,1,2180,1,6,2,0,9,1693,479,16,1,2189,0,0,0,2189
02/01/2009,ATL,GA,ASO,ES,Towers with Radar,1883,630,10,2,2525,2,0,0,0,2,1885,630,10,2,2527,0,0,0,2527
02/02/2009,ATL,GA,ASO,ES,Towers with Radar,1940,648,17,3,2608,1,0,2,0,3,1941,648,19,3,2611,0,0,0,2611
02/03/2009,ATL,GA,ASO,ES,Towers with Radar,1851,605,13,2,2471,2,0,0,0,2,1853,605,13,2,2473,0,0,0,2473
02/04/2009,ATL,GA,ASO,ES,Towers with Radar,1887,640,10,2,2539,1,1,6,1,9,1888,641,16,3,2548,0,0,0,2548
02/05/2009,ATL,GA,ASO,ES,Towers with Radar,1969,664,16,4,2653,2,0,7,3,12,1971,664,23,7,2665,0,0,0,2665
02/06/2009,ATL,GA,ASO,ES,Towers with Radar,2004,672,14,2,2692,0,1,10,1,12,2004,673,24,3,2704,0,0,0,2704
02/07/2009,ATL,GA,ASO,ES,Towers with Radar,1705,457,5,2,2169,1,0,0,0,1,1706,457,5,2,2170,0,0,0,2170
02/08/2009,ATL,GA,ASO,ES,Towers with Radar,1907,617,7,1,2532,1,1,1,0,3,1908,618,8,1,2535,0,0,0,2535
02/09/2009,ATL,GA,ASO,ES,Towers with Radar,1941,636,15,6,2598,1,1,4,6,12,1942,637,19,12,2610,0,0,0,2610
02/10/2009,ATL,GA,ASO,ES,Towers with Radar,1883,594,25,1,2503,1,0,11,3,15,1884,594,36,4,2518,0,0,0,2518
02/11/2009,ATL,GA,ASO,ES,Towers with Radar,1900,631,16,2,2549,1,0,7,1,9,1901,631,23,3,2558,0,0,0,2558
02/12/2009,ATL,GA,ASO,ES,Towers with Radar,1995,679,11,2,2687,1,0,7,1,9,1996,679,18,3,2696,0,0,0,2696
02/13/2009,ATL,GA,ASO,ES,Towers with Radar,2027,687,17,2,2733,2,1,11,2,16,2029,688,28,4,2749,0,0,0,2749
02/14/2009,ATL,GA,ASO,ES,Towers with Radar,1768,538,16,1,2323,1,0,5,0,6,1769,538,21,1,2329,0,0,0,2329
02/15/2009,ATL,GA,ASO,ES,Towers with Radar,1862,560,9,2,2433,1,0,5,0,6,1863,560,14,2,2439,0,0,0,2439
02/16/2009,ATL,GA,ASO,ES,Towers with Radar,1979,651,13,2,2645,1,0,4,0,5,1980,651,17,2,2650,0,0,0,2650
02/17/2009,ATL,GA,ASO,ES,Towers with Radar,1943,617,10,3,2573,2,0,6,0,8,1945,617,16,3,2581,0,0,0,2581
02/18/2009,ATL,GA,ASO,ES,Towers with Radar,1814,620,0,1,2435,1,0,0,0,1,1815,620,0,1,2436,0,0,0,2436
02/19/2009,ATL,GA,ASO,ES,Towers with Radar,2105,714,8,3,2830,1,1,2,0,4,2106,715,10,3,2834,0,0,0,2834
02/20/2009,ATL,GA,ASO,ES,Towers with Radar,2022,687,18,1,2728,2,0,10,0,12,2024,687,28,1,2740,0,0,0,2740
02/21/2009,ATL,GA,ASO,ES,Towers with Radar,1777,531,8,2,2318,2,0,7,0,9,1779,531,15,2,2327,0,0,0,2327
02/22/2009,ATL,GA,ASO,ES,Towers with Radar,1970,671,10,2,2653,2,0,0,0,2,1972,671,10,2,2655,0,0,0,2655
02/23/2009,ATL,GA,ASO,ES,Towers with Radar,1982,675,11,3,2671,1,1,3,0,5,1983,676,14,3,2676,0,0,0,2676
02/24/2009,ATL,GA,ASO,ES,Towers with Radar,1953,632,14,3,2602,1,0,7,0,8,1954,632,21,3,2610,0,0,0,2610
02/25/2009,ATL,GA,ASO,ES,Towers with Radar,1971,667,7,3,2648,1,1,7,0,9,1972,668,14,3,2657,0,0,0,2657
02/26/2009,ATL,GA,ASO,ES,Towers with Radar,2016,688,34,2,2740,1,0,1,2,4,2017,688,35,4,2744,0,0,0,2744
02/27/2009,ATL,GA,ASO,ES,Towers with Radar,2032,642,12,3,2689,1,0,0,0,1,2033,642,12,3,2690,0,0,0,2690
02/28/2009,ATL,GA,ASO,ES,Towers with Radar,1779,514,12,3,2308,1,0,0,0,1,1780,514,12,3,2309,0,0,0,2309
03/01/2009,ATL,GA,ASO,ES,Towers with Radar,909,198,12,4,1123,2,0,0,0,2,911,198,12,4,1125,0,0,0,1125
03/02/2009,ATL,GA,ASO,ES,Towers with Radar,1740,661,22,4,2427,1,0,8,5,14,1741,661,30,9,2441,0,0,0,2441
03/03/2009,ATL,GA,ASO,ES,Towers with Radar,1975,658,7,7,2647,1,0,9,0,10,1976,658,16,7,2657,0,0,0,2657
03/04/2009,ATL,GA,ASO,ES,Towers with Radar,1970,693,17,4,2684,1,1,0,2,4,1971,694,17,6,2688,0,0,0,2688
03/05/2009,ATL,GA,ASO,ES,Towers with Radar,2026,729,15,2,2772,2,0,8,3,13,2028,729,23,5,2785,0,0,0,2785
03/06/2009,ATL,GA,ASO,ES,Towers with Radar,2027,744,12,1,2784,1,0,12,0,13,2028,744,24,1,2797,0,0,0,2797
03/07/2009,ATL,GA,ASO,ES,Towers with Radar,1795,554,7,4,2360,1,2,12,0,15,1796,556,19,4,2375,0,0,0,2375
03/08/2009,ATL,GA,ASO,ES,Towers with Radar,1951,693,33,1,2678,1,0,8,0,9,1952,693,41,1,2687,0,0,0,2687
03/09/2009,ATL,GA,ASO,ES,Towers with Radar,2008,717,16,3,2744,2,0,6,0,8,2010,717,22,3,2752,0,0,0,2752
03/10/2009,ATL,GA,ASO,ES,Towers with Radar,1954,677,13,1,2645,1,1,9,0,11,1955,678,22,1,2656,0,0,0,2656
03/11/2009,ATL,GA,ASO,ES,Towers with Radar,1975,702,17,2,2696,1,1,7,0,9,1976,703,24,2,2705,0,0,0,2705
03/12/2009,ATL,GA,ASO,ES,Towers with Radar,2061,722,16,3,2802,1,2,11,0,14,2062,724,27,3,2816,0,0,0,2816
03/13/2009,ATL,GA,ASO,ES,Towers with Radar,2069,731,15,2,2817,1,0,11,0,12,2070,731,26,2,2829,0,0,0,2829
03/14/2009,ATL,GA,ASO,ES,Towers with Radar,1754,549,11,1,2315,1,0,0,0,1,1755,549,11,1,2316,0,0,0,2316
03/15/2009,ATL,GA,ASO,ES,Towers with Radar,1977,674,13,4,2668,2,0,0,0,2,1979,674,13,4,2670,0,0,0,2670
03/16/2009,ATL,GA,ASO,ES,Towers with Radar,2025,684,20,1,2730,1,0,0,0,1,2026,684,20,1,2731,0,0,0,2731
03/17/2009,ATL,GA,ASO,ES,Towers with Radar,1996,674,13,2,2685,1,0,8,1,10,1997,674,21,3,2695,0,0,0,2695
03/18/2009,ATL,GA,ASO,ES,Towers with Radar,1971,705,25,1,2702,0,0,5,0,5,1971,705,30,1,2707,0,0,0,2707
03/19/2009,ATL,GA,ASO,ES,Towers with Radar,2060,719,20,2,2801,1,2,8,1,12,2061,721,28,3,2813,0,0,0,2813
03/20/2009,ATL,GA,ASO,ES,Towers with Radar,2057,743,19,1,2820,1,1,5,0,7,2058,744,24,1,2827,0,0,0,2827
03/21/2009,ATL,GA,ASO,ES,Towers with Radar,1807,575,20,2,2404,1,0,4,0,5,1808,575,24,2,2409,0,0,0,2409
03/22/2009,ATL,GA,ASO,ES,Towers with Radar,1974,727,19,1,2721,2,1,3,0,6,1976,728,22,1,2727,0,0,0,2727
03/23/2009,ATL,GA,ASO,ES,Towers with Radar,2032,720,6,4,2762,0,1,6,2,9,2032,721,12,6,2771,0,0,0,2771
03/24/2009,ATL,GA,ASO,ES,Towers with Radar,1973,663,5,2,2643,0,0,17,0,17,1973,663,22,2,2660,0,0,0,2660
03/25/2009,ATL,GA,ASO,ES,Towers with Radar,2019,719,9,3,2750,2,0,15,0,17,2021,719,24,3,2767,0,0,0,2767
03/26/2009,ATL,GA,ASO,ES,Towers with Radar,2009,704,7,1,2721,1,0,3,2,6,2010,704,10,3,2727,0,0,0,2727
03/27/2009,ATL,GA,ASO,ES,Towers with Radar,2025,677,5,2,2709,0,0,2,0,2,2025,677,7,2,2711,0,0,0,2711
03/28/2009,ATL,GA,ASO,ES,Towers with Radar,1788,554,12,1,2355,2,0,0,0,2,1790,554,12,1,2357,0,0,0,2357
03/29/2009,ATL,GA,ASO,ES,Towers with Radar,1929,719,6,4,2658,1,1,0,0,2,1930,720,6,4,2660,0,0,0,2660
03/30/2009,ATL,GA,ASO,ES,Towers with Radar,2053,711,10,1,2775,2,2,10,0,14,2055,713,20,1,2789,0,0,0,2789
03/31/2009,ATL,GA,ASO,ES,Towers with Radar,1979,607,13,6,2605,2,0,3,0,5,1981,607,16,6,2610,0,0,0,2610
04/01/2009,ATL,GA,ASO,ES,Towers with Radar,2031,517,18,3,2569,1,0,9,0,10,2032,517,27,3,2579,0,0,0,2579
04/02/2009,ATL,GA,ASO,ES,Towers with Radar,1911,628,15,3,2557,1,0,0,0,1,1912,628,15,3,2558,0,0,0,2558
04/03/2009,ATL,GA,ASO,ES,Towers with Radar,2099,745,20,3,2867,1,0,5,0,6,2100,745,25,3,2873,0,0,0,2873
04/04/2009,ATL,GA,ASO,ES,Towers with Radar,1832,523,8,2,2365,1,1,8,0,10,1833,524,16,2,2375,0,0,0,2375
04/05/2009,ATL,GA,ASO,ES,Towers with Radar,1948,671,7,1,2627,1,0,0,0,1,1949,671,7,1,2628,0,0,0,2628
04/06/2009,ATL,GA,ASO,ES,Towers with Radar,2035,681,11,2,2729,1,3,0,1,5,2036,684,11,3,2734,0,0,0,2734
04/07/2009,ATL,GA,ASO,ES,Towers with Radar,1968,699,18,1,2686,2,3,3,0,8,1970,702,21,1,2694,0,0,0,2694
04/08/2009,ATL,GA,ASO,ES,Towers with Radar,2003,710,10,3,2726,2,0,9,0,11,2005,710,19,3,2737,0,0,0,2737
04/09/2009,ATL,GA,ASO,ES,Towers with Radar,2061,707,15,1,2784,1,0,19,1,21,2062,707,34,2,2805,0,0,0,2805
04/10/2009,ATL,GA,ASO,ES,Towers with Radar,1760,624,24,2,2410,2,0,1,0,3,1762,624,25,2,2413,0,0,0,2413
04/11/2009,ATL,GA,ASO,ES,Towers with Radar,1986,557,22,2,2567,1,0,4,0,5,1987,557,26,2,2572,0,0,0,2572
04/12/2009,ATL,GA,ASO,ES,Towers with Radar,1968,668,9,2,2647,1,0,5,1,7,1969,668,14,3,2654,0,0,0,2654
04/13/2009,ATL,GA,ASO,ES,Towers with Radar,1916,618,11,1,2546,2,0,6,0,8,1918,618,17,1,2554,0,0,0,2554
04/14/2009,ATL,GA,ASO,ES,Towers with Radar,2014,708,18,2,2742,2,0,9,3,14,2016,708,27,5,2756,0,0,0,2756
04/15/2009,ATL,GA,ASO,ES,Towers with Radar,2002,710,25,2,2739,1,0,18,0,19,2003,710,43,2,2758,0,0,0,2758
04/16/2009,ATL,GA,ASO,ES,Towers with Radar,2046,727,22,3,2798,1,0,7,2,10,2047,727,29,5,2808,0,0,0,2808
04/17/2009,ATL,GA,ASO,ES,Towers with Radar,2054,729,21,2,2806,1,0,18,3,22,2055,729,39,5,2828,0,0,0,2828
04/18/2009,ATL,GA,ASO,ES,Towers with Radar,1841,504,17,2,2364,1,0,36,3,40,1842,504,53,5,2404,0,0,0,2404
04/19/2009,ATL,GA,ASO,ES,Towers with Radar,1979,675,8,2,2664,2,0,2,0,4,1981,675,10,2,2668,0,0,0,2668
04/20/2009,ATL,GA,ASO,ES,Towers with Radar,2039,695,12,6,2752,1,8,4,0,13,2040,703,16,6,2765,0,0,0,2765
04/21/2009,ATL,GA,ASO,ES,Towers with Radar,1994,683,6,1,2684,1,5,0,0,6,1995,688,6,1,2690,0,0,0,2690
04/22/2009,ATL,GA,ASO,ES,Towers with Radar,2006,702,17,2,2727,2,0,8,3,13,2008,702,25,5,2740,0,0,0,2740
04/23/2009,ATL,GA,ASO,ES,Towers with Radar,1687,623,13,1,2324,2,0,7,2,11,1689,623,20,3,2335,0,0,0,2335
04/24/2009,ATL,GA,ASO,ES,Towers with Radar,2235,735,8,2,2980,1,0,19,0,20,2236,735,27,2,3000,0,0,0,3000
04/25/2009,ATL,GA,ASO,ES,Towers with Radar,1797,495,10,1,2303,1,0,3,0,4,1798,495,13,1,2307,0,0,0,2307
04/26/2009,ATL,GA,ASO,ES,Towers with Radar,1977,673,13,3,2666,1,1,1,1,4,1978,674,14,4,2670,0,0,0,2670
04/27/2009,ATL,GA,ASO,ES,Towers with Radar,2027,710,5,2,2744,1,0,5,0,6,2028,710,10,2,2750,0,0,0,2750
04/28/2009,ATL,GA,ASO,ES,Towers with Radar,1987,694,15,2,2698,2,0,7,0,9,1989,694,22,2,2707,0,0,0,2707
04/29/2009,ATL,GA,ASO,ES,Towers with Radar,1997,704,23,3,2727,1,0,10,0,11,1998,704,33,3,2738,0,0,0,2738
04/30/2009,ATL,GA,ASO,ES,Towers with Radar,2055,719,15,2,2791,1,1,16,3,21,2056,720,31,5,2812,0,0,0,2812
05/01/2009,ATL,GA,ASO,ES,Towers with Radar,2047,707,19,1,2774,1,0,10,3,14,2048,707,29,4,2788,0,0,0,2788
05/02/2009,ATL,GA,ASO,ES,Towers with Radar,1803,493,6,5,2307,2,0,0,0,2,1805,493,6,5,2309,0,0,0,2309
05/03/2009,ATL,GA,ASO,ES,Towers with Radar,1950,646,14,2,2612,1,0,0,0,1,1951,646,14,2,2613,0,0,0,2613
05/04/2009,ATL,GA,ASO,ES,Towers with Radar,2026,689,5,7,2727,1,0,0,0,1,2027,689,5,7,2728,0,0,0,2728
05/05/2009,ATL,GA,ASO,ES,Towers with Radar,1977,689,13,4,2683,1,1,5,0,7,1978,690,18,4,2690,0,0,0,2690
05/06/2009,ATL,GA,ASO,ES,Towers with Radar,1968,666,14,3,2651,1,0,3,0,4,1969,666,17,3,2655,0,0,0,2655
05/07/2009,ATL,GA,ASO,ES,Towers with Radar,2034,718,21,3,2776,1,1,2,2,6,2035,719,23,5,2782,0,0,0,2782
05/08/2009,ATL,GA,ASO,ES,Towers with Radar,2067,704,24,2,2797,1,0,8,4,13,2068,704,32,6,2810,0,0,0,2810
05/09/2009,ATL,GA,ASO,ES,Towers with Radar,1789,493,8,2,2292,1,0,2,0,3,1790,493,10,2,2295,0,0,0,2295
05/10/2009,ATL,GA,ASO,ES,Towers with Radar,1955,648,7,2,2612,2,0,1,0,3,1957,648,8,2,2615,0,0,0,2615
05/11/2009,ATL,GA,ASO,ES,Towers with Radar,2026,697,12,1,2736,1,0,4,0,5,2027,697,16,1,2741,0,0,0,2741
05/12/2009,ATL,GA,ASO,ES,Towers with Radar,1972,683,26,2,2683,1,2,11,0,14,1973,685,37,2,2697,0,0,0,2697
05/13/2009,ATL,GA,ASO,ES,Towers with Radar,1991,696,8,1,2696,1,0,4,0,5,1992,696,12,1,2701,0,0,0,2701
05/14/2009,ATL,GA,ASO,ES,Towers with Radar,2028,701,15,3,2747,1,0,18,1,20,2029,701,33,4,2767,0,0,0,2767
05/15/2009,ATL,GA,ASO,ES,Towers with Radar,2063,697,13,2,2775,1,0,13,0,14,2064,697,26,2,2789,0,0,0,2789
05/16/2009,ATL,GA,ASO,ES,Towers with Radar,1778,495,4,2,2279,2,0,0,0,2,1780,495,4,2,2281,0,0,0,2281
05/17/2009,ATL,GA,ASO,ES,Towers with Radar,1984,632,17,1,2634,1,0,0,0,1,1985,632,17,1,2635,0,0,0,2635
05/18/2009,ATL,GA,ASO,ES,Towers with Radar,2035,692,16,2,2745,1,0,12,2,15,2036,692,28,4,2760,0,0,0,2760
05/19/2009,ATL,GA,ASO,ES,Towers with Radar,1989,676,23,1,2689,1,0,10,0,11,1990,676,33,1,2700,0,0,0,2700
05/20/2009,ATL,GA,ASO,ES,Towers with Radar,2010,696,15,2,2723,2,0,8,0,10,2012,696,23,2,2733,0,0,0,2733
05/21/2009,ATL,GA,ASO,ES,Towers with Radar,2069,699,26,2,2796,1,1,3,0,5,2070,700,29,2,2801,0,0,0,2801
05/22/2009,ATL,GA,ASO,ES,Towers with Radar,2080,691,19,2,2792,1,0,5,1,7,2081,691,24,3,2799,0,0,0,2799
05/23/2009,ATL,GA,ASO,ES,Towers with Radar,1761,492,4,1,2258,1,0,2,0,3,1762,492,6,1,2261,0,0,0,2261
05/24/2009,ATL,GA,ASO,ES,Towers with Radar,1660,425,1,4,2090,1,0,0,0,1,1661,425,1,4,2091,0,0,0,2091
05/25/2009,ATL,GA,ASO,ES,Towers with Radar,1991,650,3,1,2645,2,0,4,0,6,1993,650,7,1,2651,0,0,0,2651
05/26/2009,ATL,GA,ASO,ES,Towers with Radar,1987,648,14,2,2651,1,0,1,0,2,1988,648,15,2,2653,0,0,0,2653
05/27/2009,ATL,GA,ASO,ES,Towers with Radar,2029,701,10,2,2742,2,0,13,4,19,2031,701,23,6,2761,0,0,0,2761
05/28/2009,ATL,GA,ASO,ES,Towers with Radar,2055,688,13,2,2758,1,1,4,0,6,2056,689,17,2,2764,0,0,0,2764
05/29/2009,ATL,GA,ASO,ES,Towers with Radar,2073,697,10,2,2782,1,1,10,0,12,2074,698,20,2,2794,0,0,0,2794
05/30/2009,ATL,GA,ASO,ES,Towers with Radar,1819,490,9,2,2320,0,0,8,0,8,1819,490,17,2,2328,0,0,0,2328
05/31/2009,ATL,GA,ASO,ES,Towers with Radar,2003,639,15,3,2660,1,0,6,0,7,2004,639,21,3,2667,0,0,0,2667
06/01/2009,ATL,GA,ASO,ES,Towers with Radar,2078,692,6,2,2778,1,4,6,0,11,2079,696,12,2,2789,0,0,0,2789
06/02/2009,ATL,GA,ASO,ES,Towers with Radar,2004,683,20,1,2708,2,0,15,0,17,2006,683,35,1,2725,0,0,0,2725
06/03/2009,ATL,GA,ASO,ES,Towers with Radar,2018,665,18,3,2704,1,0,20,0,21,2019,665,38,3,2725,0,0,0,2725
06/04/2009,ATL,GA,ASO,ES,Towers with Radar,2116,783,7,3,2909,1,0,6,0,7,2117,783,13,3,2916,0,0,0,2916
06/05/2009,ATL,GA,ASO,ES,Towers with Radar,2123,760,12,2,2897,1,0,10,0,11,2124,760,22,2,2908,0,0,0,2908
06/06/2009,ATL,GA,ASO,ES,Towers with Radar,1914,608,8,1,2531,1,0,4,0,5,1915,608,12,1,2536,0,0,0,2536
06/07/2009,ATL,GA,ASO,ES,Towers with Radar,2056,702,9,4,2771,1,0,2,0,3,2057,702,11,4,2774,0,0,0,2774
06/08/2009,ATL,GA,ASO,ES,Towers with Radar,2101,761,11,1,2874,1,0,4,0,5,2102,761,15,1,2879,0,0,0,2879
06/09/2009,ATL,GA,ASO,ES,Towers with Radar,1989,740,12,2,2743,2,1,8,1,12,1991,741,20,3,2755,0,0,0,2755
06/10/2009,ATL,GA,ASO,ES,Towers with Radar,2067,722,11,1,2801,1,0,10,0,11,2068,722,21,1,2812,0,0,0,2812
06/11/2009,ATL,GA,ASO,ES,Towers with Radar,2076,736,14,2,2828,2,0,12,2,16,2078,736,26,4,2844,0,0,0,2844
06/12/2009,ATL,GA,ASO,ES,Towers with Radar,2020,697,12,1,2730,2,0,8,0,10,2022,697,20,1,2740,0,0,0,2740
06/13/2009,ATL,GA,ASO,ES,Towers with Radar,2026,625,7,2,2660,1,0,3,0,4,2027,625,10,2,2664,0,0,0,2664
06/14/2009,ATL,GA,ASO,ES,Towers with Radar,2055,689,6,5,2755,1,6,6,0,13,2056,695,12,5,2768,0,0,0,2768
06/15/2009,ATL,GA,ASO,ES,Towers with Radar,2078,741,12,3,2834,2,0,7,2,11,2080,741,19,5,2845,0,0,0,2845
06/16/2009,ATL,GA,ASO,ES,Towers with Radar,2114,754,13,5,2886,1,0,12,0,13,2115,754,25,5,2899,0,0,0,2899
06/17/2009,ATL,GA,ASO,ES,Towers with Radar,2111,759,23,5,2898,0,0,9,0,9,2111,759,32,5,2907,0,0,0,2907
06/18/2009,ATL,GA,ASO,ES,Towers with Radar,2116,754,27,1,2898,1,0,13,2,16,2117,754,40,3,2914,0,0,0,2914
06/19/2009,ATL,GA,ASO,ES,Towers with Radar,2151,751,16,2,2920,1,0,9,4,14,2152,751,25,6,2934,0,0,0,2934
06/20/2009,ATL,GA,ASO,ES,Towers with Radar,1917,599,3,2,2521,1,0,6,0,7,1918,599,9,2,2528,0,0,0,2528
06/21/2009,ATL,GA,ASO,ES,Towers with Radar,2045,679,13,4,2741,1,0,2,0,3,2046,679,15,4,2744,0,0,0,2744
06/22/2009,ATL,GA,ASO,ES,Towers with Radar,2027,715,5,5,2752,3,0,2,2,7,2030,715,7,7,2759,0,0,0,2759
06/23/2009,ATL,GA,ASO,ES,Towers with Radar,2151,744,13,3,2911,2,0,15,0,17,2153,744,28,3,2928,0,0,0,2928
06/24/2009,ATL,GA,ASO,ES,Towers with Radar,2111,744,15,4,2874,2,0,6,0,8,2113,744,21,4,2882,0,0,0,2882
06/25/2009,ATL,GA,ASO,ES,Towers with Radar,2127,777,24,2,2930,2,0,13,0,15,2129,777,37,2,2945,0,0,0,2945
06/26/2009,ATL,GA,ASO,ES,Towers with Radar,2114,752,20,1,2887,1,2,9,4,16,2115,754,29,5,2903,0,0,0,2903
06/27/2009,ATL,GA,ASO,ES,Towers with Radar,1918,620,8,2,2548,1,0,4,0,5,1919,620,12,2,2553,0,0,0,2553
06/28/2009,ATL,GA,ASO,ES,Towers with Radar,2053,706,8,2,2769,1,2,0,0,3,2054,708,8,2,2772,0,0,0,2772
06/29/2009,ATL,GA,ASO,ES,Towers with Radar,2122,757,2,2,2883,1,0,14,4,19,2123,757,16,6,2902,0,0,0,2902
06/30/2009,ATL,GA,ASO,ES,Towers with Radar,2090,739,8,2,2839,3,1,6,2,12,2093,740,14,4,2851,0,0,0,2851
07/01/2009,ATL,GA,ASO,ES,Towers with Radar,2126,775,16,2,2919,1,0,6,0,7,2127,775,22,2,2926,0,0,0,2926
07/02/2009,ATL,GA,ASO,ES,Towers with Radar,2160,799,16,2,2977,1,3,10,0,14,2161,802,26,2,2991,0,0,0,2991
07/03/2009,ATL,GA,ASO,ES,Towers with Radar,2135,803,9,2,2949,0,1,4,1,6,2135,804,13,3,2955,0,0,0,2955
07/04/2009,ATL,GA,ASO,ES,Towers with Radar,1662,501,5,1,2169,0,1,9,0,10,1662,502,14,1,2179,0,0,0,2179
07/05/2009,ATL,GA,ASO,ES,Towers with Radar,2034,735,12,3,2784,0,0,1,0,1,2034,735,13,3,2785,0,0,0,2785
07/06/2009,ATL,GA,ASO,ES,Towers with Radar,2088,782,11,2,2883,0,0,2,0,2,2088,782,13,2,2885,0,0,0,2885
07/07/2009,ATL,GA,ASO,ES,Towers with Radar,2116,796,11,2,2925,0,0,8,0,8,2116,796,19,2,2933,0,0,0,2933
07/08/2009,ATL,GA,ASO,ES,Towers with Radar,2082,779,14,1,2876,0,2,5,0,7,2082,781,19,1,2883,0,0,0,2883
07/09/2009,ATL,GA,ASO,ES,Towers with Radar,2166,799,16,3,2984,0,0,10,0,10,2166,799,26,3,2994,0,0,0,2994
07/10/2009,ATL,GA,ASO,ES,Towers with Radar,2144,802,11,4,2961,0,1,13,4,18,2144,803,24,8,2979,0,0,0,2979
07/11/2009,ATL,GA,ASO,ES,Towers with Radar,1908,655,5,4,2572,0,0,3,0,3,1908,655,8,4,2575,0,0,0,2575
07/12/2009,ATL,GA,ASO,ES,Towers with Radar,1849,643,8,2,2502,0,1,5,0,6,1849,644,13,2,2508,0,0,0,2508
07/13/2009,ATL,GA,ASO,ES,Towers with Radar,2298,784,26,7,3115,0,2,8,0,10,2298,786,34,7,3125,0,0,0,3125
07/14/2009,ATL,GA,ASO,ES,Towers with Radar,2104,780,10,1,2895,0,0,15,2,17,2104,780,25,3,2912,0,0,0,2912
07/15/2009,ATL,GA,ASO,ES,Towers with Radar,2104,811,16,3,2934,0,0,5,0,5,2104,811,21,3,2939,0,0,0,2939
07/16/2009,ATL,GA,ASO,ES,Towers with Radar,2150,793,13,4,2960,0,0,8,0,8,2150,793,21,4,2968,0,0,0,2968
07/17/2009,ATL,GA,ASO,ES,Towers with Radar,2141,798,9,2,2950,0,2,8,0,10,2141,800,17,2,2960,0,0,0,2960
07/18/2009,ATL,GA,ASO,ES,Towers with Radar,1919,648,6,1,2574,0,0,5,0,5,1919,648,11,1,2579,0,0,0,2579
07/19/2009,ATL,GA,ASO,ES,Towers with Radar,2066,746,0,3,2815,0,0,1,0,1,2066,746,1,3,2816,0,0,0,2816
07/20/2009,ATL,GA,ASO,ES,Towers with Radar,2127,803,15,0,2945,0,0,10,0,10,2127,803,25,0,2955,0,0,0,2955
07/21/2009,ATL,GA,ASO,ES,Towers with Radar,2098,800,6,3,2907,0,0,10,0,10,2098,800,16,3,2917,0,0,0,2917
07/22/2009,ATL,GA,ASO,ES,Towers with Radar,2144,820,12,1,2977,0,2,12,2,16,2144,822,24,3,2993,0,0,0,2993
07/23/2009,ATL,GA,ASO,ES,Towers with Radar,2115,816,15,3,2949,0,0,8,0,8,2115,816,23,3,2957,0,0,0,2957
07/24/2009,ATL,GA,ASO,ES,Towers with Radar,2181,810,15,1,3007,0,0,8,0,8,2181,810,23,1,3015,0,0,0,3015
07/25/2009,ATL,GA,ASO,ES,Towers with Radar,1923,647,2,2,2574,0,0,5,0,5,1923,647,7,2,2579,0,0,0,2579
07/26/2009,ATL,GA,ASO,ES,Towers with Radar,2040,729,7,1,2777,0,0,0,0,0,2040,729,7,1,2777,0,0,0,2777
07/27/2009,ATL,GA,ASO,ES,Towers with Radar,2147,792,5,3,2947,0,0,7,2,9,2147,792,12,5,2956,0,0,0,2956
07/28/2009,ATL,GA,ASO,ES,Towers with Radar,2098,773,22,4,2897,1,1,7,0,9,2099,774,29,4,2906,0,0,0,2906
07/29/2009,ATL,GA,ASO,ES,Towers with Radar,2107,804,14,4,2929,0,0,5,2,7,2107,804,19,6,2936,0,0,0,2936
07/30/2009,ATL,GA,ASO,ES,Towers with Radar,2071,724,17,1,2813,0,0,2,0,2,2071,724,19,1,2815,0,0,0,2815
07/31/2009,ATL,GA,ASO,ES,Towers with Radar,1980,710,13,2,2705,0,0,5,0,5,1980,710,18,2,2710,0,0,0,2710
08/01/2009,ATL,GA,ASO,ES,Towers with Radar,2019,655,21,2,2697,0,0,8,0,8,2019,655,29,2,2705,0,0,0,2705
08/02/2009,ATL,GA,ASO,ES,Towers with Radar,2003,693,7,2,2705,0,0,4,0,4,2003,693,11,2,2709,0,0,0,2709
08/03/2009,ATL,GA,ASO,ES,Towers with Radar,2158,783,12,1,2954,0,0,6,1,7,2158,783,18,2,2961,0,0,0,2961
08/04/2009,ATL,GA,ASO,ES,Towers with Radar,2105,757,5,3,2870,0,1,5,0,6,2105,758,10,3,2876,0,0,0,2876
08/05/2009,ATL,GA,ASO,ES,Towers with Radar,2129,806,7,1,2943,0,0,6,6,12,2129,806,13,7,2955,0,0,0,2955
08/06/2009,ATL,GA,ASO,ES,Towers with Radar,2159,795,15,4,2973,0,2,14,2,18,2159,797,29,6,2991,0,0,0,2991
08/07/2009,ATL,GA,ASO,ES,Towers with Radar,2153,794,8,1,2956,0,0,20,0,20,2153,794,28,1,2976,0,0,0,2976
08/08/2009,ATL,GA,ASO,ES,Towers with Radar,1913,648,10,2,2573,0,0,4,0,4,1913,648,14,2,2577,0,0,0,2577
08/09/2009,ATL,GA,ASO,ES,Towers with Radar,2061,721,10,0,2792,0,1,0,0,1,2061,722,10,0,2793,0,0,0,2793
08/10/2009,ATL,GA,ASO,ES,Towers with Radar,2130,791,14,2,2937,0,0,6,2,8,2130,791,20,4,2945,0,0,0,2945
08/11/2009,ATL,GA,ASO,ES,Towers with Radar,2118,765,18,2,2903,0,1,7,0,8,2118,766,25,2,2911,0,0,0,2911
08/12/2009,ATL,GA,ASO,ES,Towers with Radar,2119,761,14,3,2897,0,0,9,2,11,2119,761,23,5,2908,0,0,0,2908
08/13/2009,ATL,GA,ASO,ES,Towers with Radar,2152,782,17,2,2953,0,0,12,0,12,2152,782,29,2,2965,0,0,0,2965
08/14/2009,ATL,GA,ASO,ES,Towers with Radar,2147,782,14,3,2946,0,0,10,0,10,2147,782,24,3,2956,0,0,0,2956
08/15/2009,ATL,GA,ASO,ES,Towers with Radar,1899,644,5,2,2550,0,0,2,0,2,1899,644,7,2,2552,0,0,0,2552
08/16/2009,ATL,GA,ASO,ES,Towers with Radar,2040,727,13,2,2782,0,0,0,0,0,2040,727,13,2,2782,0,0,0,2782
08/17/2009,ATL,GA,ASO,ES,Towers with Radar,2105,767,5,1,2878,0,0,1,2,3,2105,767,6,3,2881,0,0,0,2881
08/18/2009,ATL,GA,ASO,ES,Towers with Radar,2045,725,12,3,2785,0,0,8,4,12,2045,725,20,7,2797,0,0,0,2797
08/19/2009,ATL,GA,ASO,ES,Towers with Radar,2063,744,7,6,2820,0,0,10,0,10,2063,744,17,6,2830,0,0,0,2830
08/20/2009,ATL,GA,ASO,ES,Towers with Radar,2076,771,12,7,2866,0,0,8,2,10,2076,771,20,9,2876,0,0,0,2876
08/21/2009,ATL,GA,ASO,ES,Towers with Radar,2073,733,12,2,2820,0,0,13,0,13,2073,733,25,2,2833,0,0,0,2833
08/22/2009,ATL,GA,ASO,ES,Towers with Radar,1870,529,13,2,2414,0,0,4,0,4,1870,529,17,2,2418,0,0,0,2418
08/23/2009,ATL,GA,ASO,ES,Towers with Radar,2039,679,4,1,2723,0,1,2,0,3,2039,680,6,1,2726,0,0,0,2726
08/24/2009,ATL,GA,ASO,ES,Towers with Radar,2075,746,12,6,2839,0,0,1,0,1,2075,746,13,6,2840,0,0,0,2840
08/25/2009,ATL,GA,ASO,ES,Towers with Radar,2041,737,11,0,2789,0,0,15,2,17,2041,737,26,2,2806,0,0,0,2806
08/26/2009,ATL,GA,ASO,ES,Towers with Radar,2015,745,13,2,2775,0,0,4,6,10,2015,745,17,8,2785,0,0,0,2785
08/27/2009,ATL,GA,ASO,ES,Towers with Radar,2119,766,3,1,2889,0,0,6,2,8,2119,766,9,3,2897,0,0,0,2897
08/28/2009,ATL,GA,ASO,ES,Towers with Radar,2067,750,5,2,2824,0,0,6,4,10,2067,750,11,6,2834,0,0,0,2834
08/29/2009,ATL,GA,ASO,ES,Towers with Radar,1804,542,4,2,2352,0,0,5,4,9,1804,542,9,6,2361,0,0,0,2361
08/30/2009,ATL,GA,ASO,ES,Towers with Radar,1907,638,11,3,2559,0,0,1,0,1,1907,638,12,3,2560,0,0,0,2560
08/31/2009,ATL,GA,ASO,ES,Towers with Radar,2067,761,2,3,2833,0,0,6,4,10,2067,761,8,7,2843,0,0,0,2843
09/01/2009,ATL,GA,ASO,ES,Towers with Radar,1960,662,9,2,2633,0,0,6,4,10,1960,662,15,6,2643,0,0,0,2643
09/02/2009,ATL,GA,ASO,ES,Towers with Radar,2029,674,15,1,2719,0,0,9,0,9,2029,674,24,1,2728,0,0,0,2728
09/03/2009,ATL,GA,ASO,ES,Towers with Radar,2083,688,13,1,2785,0,0,15,2,17,2083,688,28,3,2802,0,0,0,2802
09/04/2009,ATL,GA,ASO,ES,Towers with Radar,2089,717,19,1,2826,0,0,13,0,13,2089,717,32,1,2839,0,0,0,2839
09/05/2009,ATL,GA,ASO,ES,Towers with Radar,1635,461,16,4,2116,0,0,9,1,10,1635,461,25,5,2126,0,0,0,2126
09/06/2009,ATL,GA,ASO,ES,Towers with Radar,1642,451,13,3,2109,0,0,19,2,21,1642,451,32,5,2130,0,0,0,2130
09/07/2009,ATL,GA,ASO,ES,Towers with Radar,1965,613,24,3,2605,0,0,7,0,7,1965,613,31,3,2612,0,0,0,2612
09/08/2009,ATL,GA,ASO,ES,Towers with Radar,1958,656,16,1,2631,0,1,12,1,14,1958,657,28,2,2645,0,0,0,2645
09/09/2009,ATL,GA,ASO,ES,Towers with Radar,2002,702,11,2,2717,0,0,11,2,13,2002,702,22,4,2730,0,0,0,2730
09/10/2009,ATL,GA,ASO,ES,Towers with Radar,2057,700,15,1,2773,0,0,15,0,15,2057,700,30,1,2788,0,0,0,2788
09/11/2009,ATL,GA,ASO,ES,Towers with Radar,2061,685,13,4,2763,0,0,6,0,6,2061,685,19,4,2769,0,0,0,2769
09/12/2009,ATL,GA,ASO,ES,Towers with Radar,1727,452,10,1,2190,0,0,5,0,5,1727,452,15,1,2195,0,0,0,2195
09/13/2009,ATL,GA,ASO,ES,Towers with Radar,1968,630,9,3,2610,0,0,4,0,4,1968,630,13,3,2614,0,0,0,2614
09/14/2009,ATL,GA,ASO,ES,Towers with Radar,2030,703,11,2,2746,0,0,6,4,10,2030,703,17,6,2756,0,0,0,2756
09/15/2009,ATL,GA,ASO,ES,Towers with Radar,1925,664,11,2,2602,0,0,6,0,6,1925,664,17,2,2608,0,0,0,2608
09/16/2009,ATL,GA,ASO,ES,Towers with Radar,1968,679,8,1,2656,0,0,2,0,2,1968,679,10,1,2658,0,0,0,2658
09/17/2009,ATL,GA,ASO,ES,Towers with Radar,2065,696,23,3,2787,0,0,2,0,2,2065,696,25,3,2789,0,0,0,2789
09/18/2009,ATL,GA,ASO,ES,Towers with Radar,2076,713,13,1,2803,0,0,6,0,6,2076,713,19,1,2809,0,0,0,2809
09/19/2009,ATL,GA,ASO,ES,Towers with Radar,1710,456,8,2,2176,0,0,0,0,0,1710,456,8,2,2176,0,0,0,2176
09/20/2009,ATL,GA,ASO,ES,Towers with Radar,1942,607,11,4,2564,0,0,1,0,1,1942,607,12,4,2565,0,0,0,2565
09/21/2009,ATL,GA,ASO,ES,Towers with Radar,1776,573,8,4,2361,0,0,2,0,2,1776,573,10,4,2363,0,0,0,2363
09/22/2009,ATL,GA,ASO,ES,Towers with Radar,2037,662,17,5,2721,0,0,11,1,12,2037,662,28,6,2733,0,0,0,2733
09/23/2009,ATL,GA,ASO,ES,Towers with Radar,1978,695,24,3,2700,0,0,15,0,15,1978,695,39,3,2715,0,0,0,2715
09/24/2009,ATL,GA,ASO,ES,Towers with Radar,2065,690,17,3,2775,0,0,27,2,29,2065,690,44,5,2804,0,0,0,2804
09/25/2009,ATL,GA,ASO,ES,Towers with Radar,2092,694,31,4,2821,0,2,19,0,21,2092,696,50,4,2842,0,0,0,2842
09/26/2009,ATL,GA,ASO,ES,Towers with Radar,1718,458,3,2,2181,0,0,2,0,2,1718,458,5,2,2183,0,0,0,2183
09/27/2009,ATL,GA,ASO,ES,Towers with Radar,1955,651,12,3,2621,0,0,0,0,0,1955,651,12,3,2621,0,0,0,2621
09/28/2009,ATL,GA,ASO,ES,Towers with Radar,2038,685,17,1,2741,0,0,0,0,0,2038,685,17,1,2741,0,0,0,2741
09/29/2009,ATL,GA,ASO,ES,Towers with Radar,1916,678,11,3,2608,0,0,8,7,15,1916,678,19,10,2623,0,0,0,2623
09/30/2009,ATL,GA,ASO,ES,Towers with Radar,1981,698,22,2,2703,0,0,4,1,5,1981,698,26,3,2708,0,0,0,2708
10/01/2009,ATL,GA,ASO,ES,Towers with Radar,2088,695,9,3,2795,0,0,12,0,12,2088,695,21,3,2807,0,0,0,2807
10/02/2009,ATL,GA,ASO,ES,Towers with Radar,2121,700,7,1,2829,0,0,19,8,27,2121,700,26,9,2856,0,0,0,2856
10/03/2009,ATL,GA,ASO,ES,Towers with Radar,1755,465,14,2,2236,0,1,1,0,2,1755,466,15,2,2238,0,0,0,2238
10/04/2009,ATL,GA,ASO,ES,Towers with Radar,1993,641,14,2,2650,0,0,1,0,1,1993,641,15,2,2651,0,0,0,2651
10/05/2009,ATL,GA,ASO,ES,Towers with Radar,2073,670,5,1,2749,0,0,4,0,4,2073,670,9,1,2753,0,0,0,2753
10/06/2009,ATL,GA,ASO,ES,Towers with Radar,1966,644,13,2,2625,0,0,2,0,2,1966,644,15,2,2627,0,0,0,2627
10/07/2009,ATL,GA,ASO,ES,Towers with Radar,2039,655,21,1,2716,0,0,4,0,4,2039,655,25,1,2720,0,0,0,2720
10/08/2009,ATL,GA,ASO,ES,Towers with Radar,2100,678,16,2,2796,0,0,12,2,14,2100,678,28,4,2810,0,0,0,2810
10/09/2009,ATL,GA,ASO,ES,Towers with Radar,2102,689,12,1,2804,0,0,14,2,16,2102,689,26,3,2820,0,0,0,2820
10/10/2009,ATL,GA,ASO,ES,Towers with Radar,1790,468,10,5,2273,0,0,3,0,3,1790,468,13,5,2276,0,0,0,2276
10/11/2009,ATL,GA,ASO,ES,Towers with Radar,1982,638,13,0,2633,0,0,5,0,5,1982,638,18,0,2638,0,0,0,2638
10/12/2009,ATL,GA,ASO,ES,Towers with Radar,2043,643,10,4,2700,0,0,0,0,0,2043,643,10,4,2700,0,0,0,2700
10/13/2009,ATL,GA,ASO,ES,Towers with Radar,1967,639,10,1,2617,1,0,13,2,16,1968,639,23,3,2633,0,0,0,2633
10/14/2009,ATL,GA,ASO,ES,Towers with Radar,2049,653,13,2,2717,0,0,0,0,0,2049,653,13,2,2717,0,0,0,2717
10/15/2009,ATL,GA,ASO,ES,Towers with Radar,2019,639,9,1,2668,0,0,0,0,0,2019,639,9,1,2668,0,0,0,2668
10/16/2009,ATL,GA,ASO,ES,Towers with Radar,2173,692,25,2,2892,0,0,4,0,4,2173,692,29,2,2896,0,0,0,2896
10/17/2009,ATL,GA,ASO,ES,Towers with Radar,1772,464,8,3,2247,1,0,4,0,5,1773,464,12,3,2252,0,0,0,2252
10/18/2009,ATL,GA,ASO,ES,Towers with Radar,1983,642,5,3,2633,0,0,4,0,4,1983,642,9,3,2637,0,0,0,2637
10/19/2009,ATL,GA,ASO,ES,Towers with Radar,2078,686,17,5,2786,0,0,8,3,11,2078,686,25,8,2797,0,0,0,2797
10/20/2009,ATL,GA,ASO,ES,Towers with Radar,1966,644,15,2,2627,0,0,9,5,14,1966,644,24,7,2641,0,0,0,2641
10/21/2009,ATL,GA,ASO,ES,Towers with Radar,2059,655,14,2,2730,1,0,10,0,11,2060,655,24,2,2741,0,0,0,2741
10/22/2009,ATL,GA,ASO,ES,Towers with Radar,2090,685,21,4,2800,0,0,12,2,14,2090,685,33,6,2814,0,0,0,2814
10/23/2009,ATL,GA,ASO,ES,Towers with Radar,2099,718,18,3,2838,0,0,5,5,10,2099,718,23,8,2848,0,0,0,2848
10/24/2009,ATL,GA,ASO,ES,Towers with Radar,1788,453,13,1,2255,0,0,5,0,5,1788,453,18,1,2260,0,0,0,2260
10/25/2009,ATL,GA,ASO,ES,Towers with Radar,1985,638,16,1,2640,0,0,3,1,4,1985,638,19,2,2644,0,0,0,2644
10/26/2009,ATL,GA,ASO,ES,Towers with Radar,2084,668,14,3,2769,0,0,7,0,7,2084,668,21,3,2776,0,0,0,2776
10/27/2009,ATL,GA,ASO,ES,Towers with Radar,1941,620,20,1,2582,0,0,0,0,0,1941,620,20,1,2582,0,0,0,2582
10/28/2009,ATL,GA,ASO,ES,Towers with Radar,2035,649,13,1,2698,0,0,8,2,10,2035,649,21,3,2708,0,0,0,2708
10/29/2009,ATL,GA,ASO,ES,Towers with Radar,2065,684,16,1,2766,0,0,13,2,15,2065,684,29,3,2781,0,0,0,2781
10/30/2009,ATL,GA,ASO,ES,Towers with Radar,2054,675,5,4,2738,0,0,0,0,0,2054,675,5,4,2738,0,0,0,2738
10/31/2009,ATL,GA,ASO,ES,Towers with Radar,1804,482,5,3,2294,0,0,1,0,1,1804,482,6,3,2295,0,0,0,2295
11/01/2009,ATL,GA,ASO,ES,Towers with Radar,1991,651,9,1,2652,0,0,9,0,9,1991,651,18,1,2661,0,0,0,2661
11/02/2009,ATL,GA,ASO,ES,Towers with Radar,2076,680,11,1,2768,0,0,11,0,11,2076,680,22,1,2779,0,0,0,2779
11/03/2009,ATL,GA,ASO,ES,Towers with Radar,1957,650,17,2,2626,0,6,8,2,16,1957,656,25,4,2642,0,0,0,2642
11/04/2009,ATL,GA,ASO,ES,Towers with Radar,2048,652,24,5,2729,0,3,10,0,13,2048,655,34,5,2742,0,0,0,2742
11/05/2009,ATL,GA,ASO,ES,Towers with Radar,2056,679,20,3,2758,0,2,12,4,18,2056,681,32,7,2776,0,0,0,2776
11/06/2009,ATL,GA,ASO,ES,Towers with Radar,2104,672,19,1,2796,0,2,10,0,12,2104,674,29,1,2808,0,0,0,2808
11/07/2009,ATL,GA,ASO,ES,Towers with Radar,1752,459,10,2,2223,0,0,18,0,18,1752,459,28,2,2241,0,0,0,2241
11/08/2009,ATL,GA,ASO,ES,Towers with Radar,1985,633,5,1,2624,0,1,0,0,1,1985,634,5,1,2625,0,0,0,2625
11/09/2009,ATL,GA,ASO,ES,Towers with Radar,2054,672,18,5,2749,0,0,8,0,8,2054,672,26,5,2757,0,0,0,2757
11/10/2009,ATL,GA,ASO,ES,Towers with Radar,1929,600,28,2,2559,0,0,0,0,0,1929,600,28,2,2559,0,0,0,2559
11/11/2009,ATL,GA,ASO,ES,Towers with Radar,2060,638,23,4,2725,0,0,0,1,1,2060,638,23,5,2726,0,0,0,2726
11/12/2009,ATL,GA,ASO,ES,Towers with Radar,2056,677,26,4,2763,0,1,17,0,18,2056,678,43,4,2781,0,0,0,2781
11/13/2009,ATL,GA,ASO,ES,Towers with Radar,2062,685,29,6,2782,0,0,12,0,12,2062,685,41,6,2794,0,0,0,2794
11/14/2009,ATL,GA,ASO,ES,Towers with Radar,1743,462,12,3,2220,0,0,6,0,6,1743,462,18,3,2226,0,0,0,2226
11/15/2009,ATL,GA,ASO,ES,Towers with Radar,1971,630,13,3,2617,0,0,3,0,3,1971,630,16,3,2620,0,0,0,2620
11/16/2009,ATL,GA,ASO,ES,Towers with Radar,2058,682,7,0,2747,0,0,6,0,6,2058,682,13,0,2753,0,0,0,2753
11/17/2009,ATL,GA,ASO,ES,Towers with Radar,1959,645,15,2,2621,0,0,5,0,5,1959,645,20,2,2626,0,0,0,2626
11/18/2009,ATL,GA,ASO,ES,Towers with Radar,2046,673,9,5,2733,0,0,2,0,2,2046,673,11,5,2735,0,0,0,2735
11/19/2009,ATL,GA,ASO,ES,Towers with Radar,1986,678,18,5,2687,0,2,29,3,34,1986,680,47,8,2721,0,0,0,2721
11/20/2009,ATL,GA,ASO,ES,Towers with Radar,2096,688,22,2,2808,0,0,12,5,17,2096,688,34,7,2825,0,0,0,2825
11/21/2009,ATL,GA,ASO,ES,Towers with Radar,1751,473,8,1,2233,0,0,2,0,2,1751,473,10,1,2235,0,0,0,2235
11/22/2009,ATL,GA,ASO,ES,Towers with Radar,1940,623,8,1,2572,0,0,0,0,0,1940,623,8,1,2572,0,0,0,2572
11/23/2009,ATL,GA,ASO,ES,Towers with Radar,1979,575,10,2,2566,1,0,2,0,3,1980,575,12,2,2569,0,0,0,2569
11/24/2009,ATL,GA,ASO,ES,Towers with Radar,2040,671,4,1,2716,0,0,6,0,6,2040,671,10,1,2722,0,0,0,2722
11/25/2009,ATL,GA,ASO,ES,Towers with Radar,2066,686,11,2,2765,0,1,4,0,5,2066,687,15,2,2770,0,0,0,2770
11/26/2009,ATL,GA,ASO,ES,Towers with Radar,1358,359,2,3,1722,0,0,0,0,0,1358,359,2,3,1722,0,0,0,1722
11/27/2009,ATL,GA,ASO,ES,Towers with Radar,1605,381,5,2,1993,0,0,5,0,5,1605,381,10,2,1998,0,0,0,1998
11/28/2009,ATL,GA,ASO,ES,Towers with Radar,1937,617,4,1,2559,0,1,7,0,8,1937,618,11,1,2567,0,0,0,2567
11/29/2009,ATL,GA,ASO,ES,Towers with Radar,2083,704,7,1,2795,0,0,9,0,9,2083,704,16,1,2804,0,0,0,2804
11/30/2009,ATL,GA,ASO,ES,Towers with Radar,2094,686,15,6,2801,0,0,3,0,3,2094,686,18,6,2804,0,0,0,2804
12/01/2009,ATL,GA,ASO,ES,Towers with Radar,1991,654,27,1,2673,0,2,5,0,7,1991,656,32,1,2680,0,0,0,2680
12/02/2009,ATL,GA,ASO,ES,Towers with Radar,1967,628,18,2,2615,0,0,0,0,0,1967,628,18,2,2615,0,0,0,2615
12/03/2009,ATL,GA,ASO,ES,Towers with Radar,2065,716,35,3,2819,0,0,9,0,9,2065,716,44,3,2828,0,0,0,2828
12/04/2009,ATL,GA,ASO,ES,Towers with Radar,2040,694,32,3,2769,0,1,16,0,17,2040,695,48,3,2786,0,0,0,2786
12/05/2009,ATL,GA,ASO,ES,Towers with Radar,1685,459,35,1,2180,0,0,10,0,10,1685,459,45,1,2190,0,0,0,2190
12/06/2009,ATL,GA,ASO,ES,Towers with Radar,1928,641,15,3,2587,0,0,1,1,2,1928,641,16,4,2589,0,0,0,2589
12/07/2009,ATL,GA,ASO,ES,Towers with Radar,2020,684,28,1,2733,0,0,14,4,18,2020,684,42,5,2751,0,0,0,2751
12/08/2009,ATL,GA,ASO,ES,Towers with Radar,1875,608,17,3,2503,0,0,0,0,0,1875,608,17,3,2503,0,0,0,2503
12/09/2009,ATL,GA,ASO,ES,Towers with Radar,1970,646,36,2,2654,0,0,1,0,1,1970,646,37,2,2655,0,0,0,2655
12/10/2009,ATL,GA,ASO,ES,Towers with Radar,2022,693,26,5,2746,0,5,11,0,16,2022,698,37,5,2762,0,0,0,2762
12/11/2009,ATL,GA,ASO,ES,Towers with Radar,2054,707,28,4,2793,0,2,8,2,12,2054,709,36,6,2805,0,0,0,2805
12/12/2009,ATL,GA,ASO,ES,Towers with Radar,1706,442,2,2,2152,0,0,0,0,0,1706,442,2,2,2152,0,0,0,2152
12/13/2009,ATL,GA,ASO,ES,Towers with Radar,1894,592,14,1,2501,0,0,0,0,0,1894,592,14,1,2501,0,0,0,2501
12/14/2009,ATL,GA,ASO,ES,Towers with Radar,1912,602,28,2,2544,0,0,0,0,0,1912,602,28,2,2544,0,0,0,2544
12/15/2009,ATL,GA,ASO,ES,Towers with Radar,1951,630,28,1,2610,0,0,4,0,4,1951,630,32,1,2614,0,0,0,2614
12/16/2009,ATL,GA,ASO,ES,Towers with Radar,2043,670,25,1,2739,0,0,7,1,8,2043,670,32,2,2747,0,0,0,2747
12/17/2009,ATL,GA,ASO,ES,Towers with Radar,1985,695,21,2,2703,0,2,11,0,13,1985,697,32,2,2716,0,0,0,2716
12/18/2009,ATL,GA,ASO,ES,Towers with Radar,1911,620,8,1,2540,0,0,0,0,0,1911,620,8,1,2540,0,0,0,2540
12/19/2009,ATL,GA,ASO,ES,Towers with Radar,1679,596,1,5,2281,1,0,4,0,5,1680,596,5,5,2286,0,0,0,2286
12/20/2009,ATL,GA,ASO,ES,Towers with Radar,1782,664,26,3,2475,1,6,0,0,7,1783,670,26,3,2482,0,0,0,2482
12/21/2009,ATL,GA,ASO,ES,Towers with Radar,1992,690,17,3,2702,1,0,5,0,6,1993,690,22,3,2708,0,0,0,2708
12/22/2009,ATL,GA,ASO,ES,Towers with Radar,2005,684,16,3,2708,0,0,10,0,10,2005,684,26,3,2718,0,0,0,2718
12/23/2009,ATL,GA,ASO,ES,Towers with Radar,2011,680,16,1,2708,0,0,13,3,16,2011,680,29,4,2724,0,0,0,2724
12/24/2009,ATL,GA,ASO,ES,Towers with Radar,1658,434,4,4,2100,0,0,2,0,2,1658,434,6,4,2102,0,0,0,2102
12/25/2009,ATL,GA,ASO,ES,Towers with Radar,1566,383,3,1,1953,0,0,0,0,0,1566,383,3,1,1953,0,0,0,1953
12/26/2009,ATL,GA,ASO,ES,Towers with Radar,1775,659,11,1,2446,0,0,3,0,3,1775,659,14,1,2449,0,0,0,2449
12/27/2009,ATL,GA,ASO,ES,Towers with Radar,1918,682,11,2,2613,0,1,2,0,3,1918,683,13,2,2616,0,0,0,2616
12/28/2009,ATL,GA,ASO,ES,Towers with Radar,1962,676,1,1,2640,0,1,9,0,10,1962,677,10,1,2650,0,0,0,2650
12/29/2009,ATL,GA,ASO,ES,Towers with Radar,1966,667,5,1,2639,0,6,7,0,13,1966,673,12,1,2652,0,0,0,2652
12/30/2009,ATL,GA,ASO,ES,Towers with Radar,1968,689,8,1,2666,0,5,4,0,9,1968,694,12,1,2675,0,0,0,2675
12/31/2009,ATL,GA,ASO,ES,Towers with Radar,1614,433,5,2,2054,0,0,0,0,0,1614,433,5,2,2054,0,0,0,2054
01/01/2010,ATL,GA,ASO,ES,Towers with Radar,1619,408,5,0,2032,0,1,0,0,1,1619,409,5,0,2033,0,0,0,2033
01/02/2010,ATL,GA,ASO,ES,Towers with Radar,1776,661,6,2,2445,0,0,0,0,0,1776,661,6,2,2445,0,0,0,2445
01/03/2010,ATL,GA,ASO,ES,Towers with Radar,1899,703,13,2,2617,0,0,2,0,2,1899,703,15,2,2619,0,0,0,2619
01/04/2010,ATL,GA,ASO,ES,Towers with Radar,1955,679,16,4,2654,0,0,7,0,7,1955,679,23,4,2661,0,0,0,2661
01/05/2010,ATL,GA,ASO,ES,Towers with Radar,1889,671,16,4,2580,0,1,13,0,14,1889,672,29,4,2594,0,0,0,2594
01/06/2010,ATL,GA,ASO,ES,Towers with Radar,1925,695,18,4,2642,0,0,17,2,19,1925,695,35,6,2661,0,0,0,2661
01/07/2010,ATL,GA,ASO,ES,Towers with Radar,1598,518,15,2,2133,0,3,2,0,5,1598,521,17,2,2138,0,0,0,2138
01/08/2010,ATL,GA,ASO,ES,Towers with Radar,1846,656,18,3,2523,0,0,1,0,1,1846,656,19,3,2524,0,0,0,2524
01/09/2010,ATL,GA,ASO,ES,Towers with Radar,1661,461,4,3,2129,0,0,4,0,4,1661,461,8,3,2133,0,0,0,2133
01/10/2010,ATL,GA,ASO,ES,Towers with Radar,1880,627,13,1,2521,0,0,3,0,3,1880,627,16,1,2524,0,0,0,2524
01/11/2010,ATL,GA,ASO,ES,Towers with Radar,1958,693,8,4,2663,0,0,7,0,7,1958,693,15,4,2670,0,0,0,2670
01/12/2010,ATL,GA,ASO,ES,Towers with Radar,1866,653,19,2,2540,0,0,11,0,11,1866,653,30,2,2551,0,0,0,2551
01/13/2010,ATL,GA,ASO,ES,Towers with Radar,1939,669,18,3,2629,0,1,9,4,14,1939,670,27,7,2643,0,0,0,2643
01/14/2010,ATL,GA,ASO,ES,Towers with Radar,1990,709,19,1,2719,0,1,10,0,11,1990,710,29,1,2730,0,0,0,2730
01/15/2010,ATL,GA,ASO,ES,Towers with Radar,2000,703,16,6,2725,0,0,2,0,2,2000,703,18,6,2727,0,0,0,2727
01/16/2010,ATL,GA,ASO,ES,Towers with Radar,1648,465,22,3,2138,0,0,0,0,0,1648,465,22,3,2138,0,0,0,2138
01/17/2010,ATL,GA,ASO,ES,Towers with Radar,1790,561,11,2,2364,0,0,2,0,2,1790,561,13,2,2366,0,0,0,2366
01/18/2010,ATL,GA,ASO,ES,Towers with Radar,1942,685,12,3,2642,0,3,6,0,9,1942,688,18,3,2651,0,0,0,2651
01/19/2010,ATL,GA,ASO,ES,Towers with Radar,1857,646,16,4,2523,0,1,19,2,22,1857,647,35,6,2545,0,0,0,2545
01/20/2010,ATL,GA,ASO,ES,Towers with Radar,1907,662,7,3,2579,0,1,0,6,7,1907,663,7,9,2586,0,0,0,2586
01/21/2010,ATL,GA,ASO,ES,Towers with Radar,1959,677,17,7,2660,0,0,0,0,0,1959,677,17,7,2660,0,0,0,2660
01/22/2010,ATL,GA,ASO,ES,Towers with Radar,2026,690,12,3,2731,0,0,4,0,4,2026,690,16,3,2735,0,0,0,2735
01/23/2010,ATL,GA,ASO,ES,Towers with Radar,1665,470,6,3,2144,0,0,0,0,0,1665,470,6,3,2144,0,0,0,2144
01/24/2010,ATL,GA,ASO,ES,Towers with Radar,1459,457,8,5,1929,0,0,0,0,0,1459,457,8,5,1929,0,0,0,1929
01/25/2010,ATL,GA,ASO,ES,Towers with Radar,2057,683,23,3,2766,0,4,4,0,8,2057,687,27,3,2774,0,0,0,2774
01/26/2010,ATL,GA,ASO,ES,Towers with Radar,1862,657,24,2,2545,0,4,11,0,15,1862,661,35,2,2560,0,0,0,2560
01/27/2010,ATL,GA,ASO,ES,Towers with Radar,1931,688,25,3,2647,0,1,17,5,23,1931,689,42,8,2670,0,0,0,2670
01/28/2010,ATL,GA,ASO,ES,Towers with Radar,1959,699,40,1,2699,0,1,12,4,17,1959,700,52,5,2716,0,0,0,2716
01/29/2010,ATL,GA,ASO,ES,Towers with Radar,1942,624,12,2,2580,0,0,5,2,7,1942,624,17,4,2587,0,0,0,2587
01/30/2010,ATL,GA,ASO,ES,Towers with Radar,1553,349,18,1,1921,0,0,0,0,0,1553,349,18,1,1921,0,0,0,1921
01/31/2010,ATL,GA,ASO,ES,Towers with Radar,1842,615,8,2,2467,0,0,0,0,0,1842,615,8,2,2467,0,0,0,2467
02/01/2010,ATL,GA,ASO,ES,Towers with Radar,1951,698,20,2,2671,0,0,5,0,5,1951,698,25,2,2676,0,0,0,2676
02/02/2010,ATL,GA,ASO,ES,Towers with Radar,1868,648,10,3,2529,0,0,2,0,2,1868,648,12,3,2531,0,0,0,2531
02/03/2010,ATL,GA,ASO,ES,Towers with Radar,1933,673,13,1,2620,0,1,11,0,12,1933,674,24,1,2632,0,0,0,2632
02/04/2010,ATL,GA,ASO,ES,Towers with Radar,1994,696,25,2,2717,0,0,8,0,8,1994,696,33,2,2725,0,0,0,2725
02/05/2010,ATL,GA,ASO,ES,Towers with Radar,1903,660,17,1,2581,0,0,0,0,0,1903,660,17,1,2581,0,0,0,2581
02/06/2010,ATL,GA,ASO,ES,Towers with Radar,1518,443,15,2,1978,0,0,1,2,3,1518,443,16,4,1981,0,0,0,1981
02/07/2010,ATL,GA,ASO,ES,Towers with Radar,1774,642,11,2,2429,0,0,2,1,3,1774,642,13,3,2432,0,0,0,2432
02/08/2010,ATL,GA,ASO,ES,Towers with Radar,1952,691,12,1,2656,0,0,2,2,4,1952,691,14,3,2660,0,0,0,2660
02/09/2010,ATL,GA,ASO,ES,Towers with Radar,1750,640,13,1,2404,0,0,2,2,4,1750,640,15,3,2408,0,0,0,2408
02/10/2010,ATL,GA,ASO,ES,Towers with Radar,1664,684,10,3,2361,0,2,7,0,9,1664,686,17,3,2370,0,0,0,2370
02/11/2010,ATL,GA,ASO,ES,Towers with Radar,1870,692,13,4,2579,0,1,12,0,13,1870,693,25,4,2592,0,0,0,2592
02/12/2010,ATL,GA,ASO,ES,Towers with Radar,952,185,14,1,1152,0,2,0,0,2,952,187,14,1,1154,0,0,0,1154
02/13/2010,ATL,GA,ASO,ES,Towers with Radar,1229,316,48,5,1598,0,1,4,0,5,1229,317,52,5,1603,0,0,0,1603
02/14/2010,ATL,GA,ASO,ES,Towers with Radar,1826,587,18,2,2433,0,1,0,0,1,1826,588,18,2,2434,0,0,0,2434
02/15/2010,ATL,GA,ASO,ES,Towers with Radar,1584,534,13,1,2132,0,2,6,2,10,1584,536,19,3,2142,0,0,0,2142
02/16/2010,ATL,GA,ASO,ES,Towers with Radar,1948,665,6,4,2623,0,0,8,0,8,1948,665,14,4,2631,0,0,0,2631
02/17/2010,ATL,GA,ASO,ES,Towers with Radar,1977,720,9,1,2707,1,5,4,1,11,1978,725,13,2,2718,0,0,0,2718
02/18/2010,ATL,GA,ASO,ES,Towers with Radar,1989,731,24,2,2746,0,1,10,4,15,1989,732,34,6,2761,0,0,0,2761
02/19/2010,ATL,GA,ASO,ES,Towers with Radar,1999,724,19,1,2743,0,1,11,0,12,1999,725,30,1,2755,0,0,0,2755
02/20/2010,ATL,GA,ASO,ES,Towers with Radar,1733,545,7,1,2286,0,0,7,0,7,1733,545,14,1,2293,0,0,0,2293
02/21/2010,ATL,GA,ASO,ES,Towers with Radar,1904,681,13,4,2602,0,0,0,0,0,1904,681,13,4,2602,0,0,0,2602
02/22/2010,ATL,GA,ASO,ES,Towers with Radar,1964,700,20,1,2685,0,1,3,0,4,1964,701,23,1,2689,0,0,0,2689
02/23/2010,ATL,GA,ASO,ES,Towers with Radar,1924,664,15,1,2604,0,0,10,0,10,1924,664,25,1,2614,0,0,0,2614
02/24/2010,ATL,GA,ASO,ES,Towers with Radar,1856,668,18,1,2543,0,1,7,0,8,1856,669,25,1,2551,0,0,0,2551
02/25/2010,ATL,GA,ASO,ES,Towers with Radar,1966,721,27,3,2717,0,1,12,2,15,1966,722,39,5,2732,0,0,0,2732
02/26/2010,ATL,GA,ASO,ES,Towers with Radar,1962,701,18,1,2682,0,2,7,2,11,1962,703,25,3,2693,0,0,0,2693
02/27/2010,ATL,GA,ASO,ES,Towers with Radar,1748,548,10,1,2307,0,0,2,0,2,1748,548,12,1,2309,0,0,0,2309
02/28/2010,ATL,GA,ASO,ES,Towers with Radar,1901,681,11,1,2594,0,1,4,0,5,1901,682,15,1,2599,0,0,0,2599
03/01/2010,ATL,GA,ASO,ES,Towers with Radar,1976,722,11,3,2712,0,0,4,0,4,1976,722,15,3,2716,0,0,0,2716
03/02/2010,ATL,GA,ASO,ES,Towers with Radar,1371,381,25,1,1778,0,0,0,0,0,1371,381,25,1,1778,0,0,0,1778
03/03/2010,ATL,GA,ASO,ES,Towers with Radar,1975,704,21,3,2703,0,1,14,2,17,1975,705,35,5,2720,0,0,0,2720
03/04/2010,ATL,GA,ASO,ES,Towers with Radar,1984,751,18,1,2754,0,0,11,0,11,1984,751,29,1,2765,0,0,0,2765
03/05/2010,ATL,GA,ASO,ES,Towers with Radar,2041,727,13,3,2784,0,3,7,8,18,2041,730,20,11,2802,0,0,0,2802
03/06/2010,ATL,GA,ASO,ES,Towers with Radar,1735,569,9,1,2314,0,1,6,1,8,1735,570,15,2,2322,0,0,0,2322
03/07/2010,ATL,GA,ASO,ES,Towers with Radar,1910,701,33,4,2648,0,0,22,1,23,1910,701,55,5,2671,0,0,0,2671
03/08/2010,ATL,GA,ASO,ES,Towers with Radar,1968,724,9,13,2714,0,2,0,0,2,1968,726,9,13,2716,0,0,0,2716
03/09/2010,ATL,GA,ASO,ES,Towers with Radar,1932,705,14,5,2656,0,0,5,0,5,1932,705,19,5,2661,0,0,0,2661
03/10/2010,ATL,GA,ASO,ES,Towers with Radar,1950,698,10,1,2659,0,1,0,0,1,1950,699,10,1,2660,0,0,0,2660
03/11/2010,ATL,GA,ASO,ES,Towers with Radar,1923,700,19,3,2645,0,0,2,0,2,1923,700,21,3,2647,0,0,0,2647
03/12/2010,ATL,GA,ASO,ES,Towers with Radar,1804,590,6,3,2403,0,0,0,0,0,1804,590,6,3,2403,0,0,0,2403
03/13/2010,ATL,GA,ASO,ES,Towers with Radar,1815,581,12,2,2410,0,1,6,0,7,1815,582,18,2,2417,0,0,0,2417
03/14/2010,ATL,GA,ASO,ES,Towers with Radar,1891,687,14,1,2593,0,0,1,0,1,1891,687,15,1,2594,0,0,0,2594
03/15/2010,ATL,GA,ASO,ES,Towers with Radar,1977,724,17,3,2721,0,0,0,0,0,1977,724,17,3,2721,0,0,0,2721
03/16/2010,ATL,GA,ASO,ES,Towers with Radar,1966,704,24,1,2695,0,0,6,0,6,1966,704,30,1,2701,0,0,0,2701
03/17/2010,ATL,GA,ASO,ES,Towers with Radar,1978,730,8,3,2719,0,0,5,0,5,1978,730,13,3,2724,0,0,0,2724
03/18/2010,ATL,GA,ASO,ES,Towers with Radar,1994,750,15,1,2760,0,0,10,2,12,1994,750,25,3,2772,0,0,0,2772
03/19/2010,ATL,GA,ASO,ES,Towers with Radar,2001,742,10,2,2755,0,4,14,0,18,2001,746,24,2,2773,0,0,0,2773
03/20/2010,ATL,GA,ASO,ES,Towers with Radar,1758,570,10,2,2340,0,0,5,0,5,1758,570,15,2,2345,0,0,0,2345
03/21/2010,ATL,GA,ASO,ES,Towers with Radar,1832,661,18,2,2513,0,0,0,0,0,1832,661,18,2,2513,0,0,0,2513
03/22/2010,ATL,GA,ASO,ES,Towers with Radar,2077,728,18,3,2826,0,0,0,0,0,2077,728,18,3,2826,0,0,0,2826
03/23/2010,ATL,GA,ASO,ES,Towers with Radar,1975,704,14,2,2695,0,1,8,0,9,1975,705,22,2,2704,0,0,0,2704
03/24/2010,ATL,GA,ASO,ES,Towers with Radar,1997,729,21,1,2748,0,0,10,1,11,1997,729,31,2,2759,0,0,0,2759
03/25/2010,ATL,GA,ASO,ES,Towers with Radar,2006,756,10,3,2775,0,0,7,0,7,2006,756,17,3,2782,0,0,0,2782
03/26/2010,ATL,GA,ASO,ES,Towers with Radar,2023,752,15,0,2790,0,0,9,0,9,2023,752,24,0,2799,0,0,0,2799
03/27/2010,ATL,GA,ASO,ES,Towers with Radar,1747,572,14,3,2336,0,0,3,0,3,1747,572,17,3,2339,0,0,0,2339
03/28/2010,ATL,GA,ASO,ES,Towers with Radar,1911,698,9,1,2619,0,0,2,0,2,1911,698,11,1,2621,0,0,0,2621
03/29/2010,ATL,GA,ASO,ES,Towers with Radar,1988,741,4,3,2736,0,0,3,1,4,1988,741,7,4,2740,0,0,0,2740
03/30/2010,ATL,GA,ASO,ES,Towers with Radar,1962,702,10,4,2678,0,2,4,0,6,1962,704,14,4,2684,0,0,0,2684
03/31/2010,ATL,GA,ASO,ES,Towers with Radar,1989,729,15,3,2736,0,1,15,1,17,1989,730,30,4,2753,0,0,0,2753
04/01/2010,ATL,GA,ASO,ES,Towers with Radar,2004,735,10,0,2749,0,3,14,0,17,2004,738,24,0,2766,0,0,0,2766
04/02/2010,ATL,GA,ASO,ES,Towers with Radar,1998,758,17,2,2775,0,1,5,2,8,1998,759,22,4,2783,0,0,0,2783
04/03/2010,ATL,GA,ASO,ES,Towers with Radar,1704,563,8,1,2276,0,0,1,1,2,1704,563,9,2,2278,0,0,0,2278
04/04/2010,ATL,GA,ASO,ES,Towers with Radar,1890,691,4,2,2587,0,0,2,0,2,1890,691,6,2,2589,0,0,0,2589
04/05/2010,ATL,GA,ASO,ES,Towers with Radar,1994,725,20,2,2741,0,1,3,0,4,1994,726,23,2,2745,0,0,0,2745
04/06/2010,ATL,GA,ASO,ES,Towers with Radar,2053,623,14,2,2692,0,1,6,2,9,2053,624,20,4,2701,0,0,0,2701
04/07/2010,ATL,GA,ASO,ES,Towers with Radar,2078,620,23,1,2722,0,2,2,0,4,2078,622,25,1,2726,0,0,0,2726
04/08/2010,ATL,GA,ASO,ES,Towers with Radar,2046,597,13,2,2658,0,0,0,0,0,2046,597,13,2,2658,0,0,0,2658
04/09/2010,ATL,GA,ASO,ES,Towers with Radar,2162,643,23,1,2829,0,1,8,0,9,2162,644,31,1,2838,0,0,0,2838
04/10/2010,ATL,GA,ASO,ES,Towers with Radar,1823,464,9,4,2300,0,0,6,0,6,1823,464,15,4,2306,0,0,0,2306
04/11/2010,ATL,GA,ASO,ES,Towers with Radar,2027,614,9,1,2651,0,0,0,0,0,2027,614,9,1,2651,0,0,0,2651
04/12/2010,ATL,GA,ASO,ES,Towers with Radar,2117,624,14,4,2759,0,0,10,0,10,2117,624,24,4,2769,0,0,0,2769
04/13/2010,ATL,GA,ASO,ES,Towers with Radar,2041,610,11,2,2664,0,1,6,0,7,2041,611,17,2,2671,0,0,0,2671
04/14/2010,ATL,GA,ASO,ES,Towers with Radar,2083,629,26,2,2740,0,0,12,2,14,2083,629,38,4,2754,0,0,0,2754
04/15/2010,ATL,GA,ASO,ES,Towers with Radar,2092,652,18,3,2765,0,2,14,4,20,2092,654,32,7,2785,0,0,0,2785
04/16/2010,ATL,GA,ASO,ES,Towers with Radar,2065,653,15,0,2733,0,1,22,2,25,2065,654,37,2,2758,0,0,0,2758
04/17/2010,ATL,GA,ASO,ES,Towers with Radar,1754,478,13,2,2247,0,0,28,6,34,1754,478,41,8,2281,0,0,0,2281
04/18/2010,ATL,GA,ASO,ES,Towers with Radar,1977,622,12,3,2614,0,0,10,3,13,1977,622,22,6,2627,0,0,0,2627
04/19/2010,ATL,GA,ASO,ES,Towers with Radar,2063,641,10,2,2716,0,1,9,3,13,2063,642,19,5,2729,0,0,0,2729
04/20/2010,ATL,GA,ASO,ES,Towers with Radar,2018,616,15,4,2653,0,0,4,0,4,2018,616,19,4,2657,0,0,0,2657
04/21/2010,ATL,GA,ASO,ES,Towers with Radar,2087,647,20,11,2765,0,0,14,2,16,2087,647,34,13,2781,0,0,0,2781
04/22/2010,ATL,GA,ASO,ES,Towers with Radar,2121,642,16,3,2782,0,0,15,4,19,2121,642,31,7,2801,0,0,0,2801
04/23/2010,ATL,GA,ASO,ES,Towers with Radar,2125,645,14,6,2790,0,0,11,0,11,2125,645,25,6,2801,0,0,0,2801
04/24/2010,ATL,GA,ASO,ES,Towers with Radar,1665,446,5,9,2125,0,0,0,0,0,1665,446,5,9,2125,0,0,0,2125
04/25/2010,ATL,GA,ASO,ES,Towers with Radar,2033,623,8,3,2667,0,1,2,1,4,2033,624,10,4,2671,0,0,0,2671
04/26/2010,ATL,GA,ASO,ES,Towers with Radar,2097,646,10,4,2757,0,0,7,0,7,2097,646,17,4,2764,0,0,0,2764
04/27/2010,ATL,GA,ASO,ES,Towers with Radar,2043,633,11,2,2689,0,1,0,0,1,2043,634,11,2,2690,0,0,0,2690
04/28/2010,ATL,GA,ASO,ES,Towers with Radar,2073,637,23,5,2738,0,1,10,0,11,2073,638,33,5,2749,0,0,0,2749
04/29/2010,ATL,GA,ASO,ES,Towers with Radar,2110,655,10,1,2776,0,3,2,1,6,2110,658,12,2,2782,0,0,0,2782
04/30/2010,ATL,GA,ASO,ES,Towers with Radar,2107,652,14,1,2774,0,2,11,1,14,2107,654,25,2,2788,0,0,0,2788
05/01/2010,ATL,GA,ASO,ES,Towers with Radar,1800,468,10,3,2281,0,0,0,0,0,1800,468,10,3,2281,0,0,0,2281
05/02/2010,ATL,GA,ASO,ES,Towers with Radar,1999,617,13,2,2631,0,0,2,0,2,1999,617,15,2,2633,0,0,0,2633
05/03/2010,ATL,GA,ASO,ES,Towers with Radar,2012,642,10,4,2668,0,0,2,0,2,2012,642,12,4,2670,0,0,0,2670
05/04/2010,ATL,GA,ASO,ES,Towers with Radar,2026,652,18,0,2696,0,1,12,0,13,2026,653,30,0,2709,0,0,0,2709
05/05/2010,ATL,GA,ASO,ES,Towers with Radar,2057,669,26,3,2755,0,1,17,0,18,2057,670,43,3,2773,0,0,0,2773
05/06/2010,ATL,GA,ASO,ES,Towers with Radar,2072,679,10,2,2763,0,1,12,0,13,2072,680,22,2,2776,0,0,0,2776
05/07/2010,ATL,GA,ASO,ES,Towers with Radar,2065,683,10,0,2758,0,1,10,1,12,2065,684,20,1,2770,0,0,0,2770
05/08/2010,ATL,GA,ASO,ES,Towers with Radar,1807,487,4,1,2299,1,0,2,0,3,1808,487,6,1,2302,0,0,0,2302
05/09/2010,ATL,GA,ASO,ES,Towers with Radar,2000,635,7,2,2644,0,1,0,0,1,2000,636,7,2,2645,0,0,0,2645
05/10/2010,ATL,GA,ASO,ES,Towers with Radar,2069,667,11,2,2749,0,0,2,0,2,2069,667,13,2,2751,0,0,0,2751
05/11/2010,ATL,GA,ASO,ES,Towers with Radar,2027,649,22,0,2698,0,1,5,0,6,2027,650,27,0,2704,0,0,0,2704
05/12/2010,ATL,GA,ASO,ES,Towers with Radar,2028,653,15,2,2698,0,1,4,0,5,2028,654,19,2,2703,0,0,0,2703
05/13/2010,ATL,GA,ASO,ES,Towers with Radar,2068,681,19,2,2770,0,2,7,10,19,2068,683,26,12,2789,0,0,0,2789
05/14/2010,ATL,GA,ASO,ES,Towers with Radar,2032,665,14,5,2716,0,0,6,0,6,2032,665,20,5,2722,0,0,0,2722
05/15/2010,ATL,GA,ASO,ES,Towers with Radar,1814,497,18,2,2331,0,0,3,0,3,1814,497,21,2,2334,0,0,0,2334
05/16/2010,ATL,GA,ASO,ES,Towers with Radar,1997,643,8,3,2651,0,0,3,0,3,1997,643,11,3,2654,0,0,0,2654
05/17/2010,ATL,GA,ASO,ES,Towers with Radar,2061,639,16,2,2718,0,0,4,3,7,2061,639,20,5,2725,0,0,0,2725
05/18/2010,ATL,GA,ASO,ES,Towers with Radar,2052,640,21,3,2716,0,2,16,0,18,2052,642,37,3,2734,0,0,0,2734
05/19/2010,ATL,GA,ASO,ES,Towers with Radar,2050,671,34,1,2756,0,0,8,0,8,2050,671,42,1,2764,0,0,0,2764
05/20/2010,ATL,GA,ASO,ES,Towers with Radar,2070,670,30,1,2771,0,1,12,0,13,2070,671,42,1,2784,0,0,0,2784
05/21/2010,ATL,GA,ASO,ES,Towers with Radar,1855,615,18,3,2491,0,0,3,0,3,1855,615,21,3,2494,0,0,0,2494
05/22/2010,ATL,GA,ASO,ES,Towers with Radar,1903,489,4,0,2396,0,0,1,1,2,1903,489,5,1,2398,0,0,0,2398
05/23/2010,ATL,GA,ASO,ES,Towers with Radar,1980,640,6,4,2630,0,0,6,0,6,1980,640,12,4,2636,0,0,0,2636
05/24/2010,ATL,GA,ASO,ES,Towers with Radar,2058,668,12,1,2739,0,1,0,2,3,2058,669,12,3,2742,0,0,0,2742
05/25/2010,ATL,GA,ASO,ES,Towers with Radar,2063,641,18,3,2725,0,1,14,2,17,2063,642,32,5,2742,0,0,0,2742
05/26/2010,ATL,GA,ASO,ES,Towers with Radar,2036,659,26,2,2723,0,1,13,8,22,2036,660,39,10,2745,0,0,0,2745
05/27/2010,ATL,GA,ASO,ES,Towers with Radar,2070,671,16,1,2758,0,1,25,0,26,2070,672,41,1,2784,0,0,0,2784
05/28/2010,ATL,GA,ASO,ES,Towers with Radar,1843,612,8,3,2466,0,1,18,2,21,1843,613,26,5,2487,0,0,0,2487
05/29/2010,ATL,GA,ASO,ES,Towers with Radar,1894,503,8,0,2405,0,0,6,0,6,1894,503,14,0,2411,0,0,0,2411
05/30/2010,ATL,GA,ASO,ES,Towers with Radar,1749,461,8,4,2222,0,0,5,1,6,1749,461,13,5,2228,0,0,0,2228
05/31/2010,ATL,GA,ASO,ES,Towers with Radar,1984,638,9,1,2632,0,0,2,0,2,1984,638,11,1,2634,0,0,0,2634
06/01/2010,ATL,GA,ASO,ES,Towers with Radar,1996,656,10,2,2664,0,0,6,2,8,1996,656,16,4,2672,0,0,0,2672
06/02/2010,ATL,GA,ASO,ES,Towers with Radar,2033,635,7,0,2675,0,0,9,0,9,2033,635,16,0,2684,0,0,0,2684
06/03/2010,ATL,GA,ASO,ES,Towers with Radar,2122,696,12,2,2832,0,0,4,3,7,2122,696,16,5,2839,0,0,0,2839
06/04/2010,ATL,GA,ASO,ES,Towers with Radar,2075,661,11,4,2751,0,0,14,0,14,2075,661,25,4,2765,0,0,0,2765
06/05/2010,ATL,GA,ASO,ES,Towers with Radar,1832,478,7,2,2319,0,0,6,2,8,1832,478,13,4,2327,0,0,0,2327
06/06/2010,ATL,GA,ASO,ES,Towers with Radar,2020,628,9,3,2660,0,0,9,0,9,2020,628,18,3,2669,0,0,0,2669
06/07/2010,ATL,GA,ASO,ES,Towers with Radar,2103,660,7,1,2771,0,0,3,2,5,2103,660,10,3,2776,0,0,0,2776
06/08/2010,ATL,GA,ASO,ES,Towers with Radar,2066,646,8,2,2722,0,1,2,0,3,2066,647,10,2,2725,0,0,0,2725
06/09/2010,ATL,GA,ASO,ES,Towers with Radar,2099,649,19,1,2768,0,0,2,2,4,2099,649,21,3,2772,0,0,0,2772
06/10/2010,ATL,GA,ASO,ES,Towers with Radar,2091,678,16,3,2788,0,2,3,2,7,2091,680,19,5,2795,0,0,0,2795
06/11/2010,ATL,GA,ASO,ES,Towers with Radar,2112,691,13,1,2817,0,1,3,2,6,2112,692,16,3,2823,0,0,0,2823
06/12/2010,ATL,GA,ASO,ES,Towers with Radar,1925,534,4,2,2465,0,0,2,0,2,1925,534,6,2,2467,0,0,0,2467
06/13/2010,ATL,GA,ASO,ES,Towers with Radar,2039,607,6,2,2654,0,0,5,0,5,2039,607,11,2,2659,0,0,0,2659
06/14/2010,ATL,GA,ASO,ES,Towers with Radar,2118,670,7,3,2798,0,0,2,4,6,2118,670,9,7,2804,0,0,0,2804
06/15/2010,ATL,GA,ASO,ES,Towers with Radar,1796,591,14,3,2404,0,2,4,0,6,1796,593,18,3,2410,0,0,0,2410
06/16/2010,ATL,GA,ASO,ES,Towers with Radar,2251,697,26,2,2976,0,0,11,2,13,2251,697,37,4,2989,0,0,0,2989
06/17/2010,ATL,GA,ASO,ES,Towers with Radar,2121,676,12,2,2811,0,1,9,0,10,2121,677,21,2,2821,0,0,0,2821
06/18/2010,ATL,GA,ASO,ES,Towers with Radar,2125,671,14,2,2812,0,1,9,0,10,2125,672,23,2,2822,0,0,0,2822
06/19/2010,ATL,GA,ASO,ES,Towers with Radar,1965,551,9,2,2527,0,0,4,0,4,1965,551,13,2,2531,0,0,0,2531
06/20/2010,ATL,GA,ASO,ES,Towers with Radar,2051,620,8,2,2681,0,0,2,0,2,2051,620,10,2,2683,0,0,0,2683
06/21/2010,ATL,GA,ASO,ES,Towers with Radar,2117,674,10,1,2802,0,0,3,1,4,2117,674,13,2,2806,0,0,0,2806
06/22/2010,ATL,GA,ASO,ES,Towers with Radar,2119,666,15,1,2801,0,1,8,0,9,2119,667,23,1,2810,0,0,0,2810
06/23/2010,ATL,GA,ASO,ES,Towers with Radar,2129,682,15,1,2827,0,2,2,0,4,2129,684,17,1,2831,0,0,0,2831
06/24/2010,ATL,GA,ASO,ES,Towers with Radar,2130,674,17,2,2823,0,1,8,0,9,2130,675,25,2,2832,0,0,0,2832
06/25/2010,ATL,GA,ASO,ES,Towers with Radar,2113,670,5,1,2789,0,1,2,0,3,2113,671,7,1,2792,0,0,0,2792
06/26/2010,ATL,GA,ASO,ES,Towers with Radar,1976,557,7,1,2541,0,0,2,0,2,1976,557,9,1,2543,0,0,0,2543
06/27/2010,ATL,GA,ASO,ES,Towers with Radar,2042,634,13,1,2690,0,0,3,0,3,2042,634,16,1,2693,0,0,0,2693
06/28/2010,ATL,GA,ASO,ES,Towers with Radar,2102,673,20,1,2796,0,0,8,0,8,2102,673,28,1,2804,0,0,0,2804
06/29/2010,ATL,GA,ASO,ES,Towers with Radar,1959,644,16,0,2619,0,2,8,2,12,1959,646,24,2,2631,0,0,0,2631
06/30/2010,ATL,GA,ASO,ES,Towers with Radar,2298,690,21,2,3011,0,1,6,0,7,2298,691,27,2,3018,0,0,0,3018
07/01/2010,ATL,GA,ASO,ES,Towers with Radar,2129,679,16,0,2824,0,0,5,0,5,2129,679,21,0,2829,0,0,0,2829
07/02/2010,ATL,GA,ASO,ES,Towers with Radar,2142,651,16,0,2809,0,0,5,0,5,2142,651,21,0,2814,0,0,0,2814
07/03/2010,ATL,GA,ASO,ES,Towers with Radar,1949,537,7,0,2493,0,0,4,0,4,1949,537,11,0,2497,0,0,0,2497
07/04/2010,ATL,GA,ASO,ES,Towers with Radar,1744,459,3,0,2206,0,0,13,0,13,1744,459,16,0,2219,0,0,0,2219
07/05/2010,ATL,GA,ASO,ES,Towers with Radar,2118,638,7,0,2763,0,1,0,0,1,2118,639,7,0,2764,0,0,0,2764
07/06/2010,ATL,GA,ASO,ES,Towers with Radar,2102,646,7,0,2755,0,6,9,5,20,2102,652,16,5,2775,0,0,0,2775
07/07/2010,ATL,GA,ASO,ES,Towers with Radar,2152,671,11,0,2834,0,0,6,1,7,2152,671,17,1,2841,0,0,0,2841
07/08/2010,ATL,GA,ASO,ES,Towers with Radar,2127,671,10,0,2808,0,1,11,7,19,2127,672,21,7,2827,0,0,0,2827
07/09/2010,ATL,GA,ASO,ES,Towers with Radar,2101,677,13,0,2791,0,0,6,0,6,2101,677,19,0,2797,0,0,0,2797
07/10/2010,ATL,GA,ASO,ES,Towers with Radar,2007,550,8,0,2565,0,2,4,0,6,2007,552,12,0,2571,0,0,0,2571
07/11/2010,ATL,GA,ASO,ES,Towers with Radar,2053,622,5,0,2680,0,0,2,0,2,2053,622,7,0,2682,0,0,0,2682
07/12/2010,ATL,GA,ASO,ES,Towers with Radar,1871,573,9,2,2455,0,0,4,0,4,1871,573,13,2,2459,0,0,0,2459
07/13/2010,ATL,GA,ASO,ES,Towers with Radar,1987,613,22,1,2623,0,1,6,0,7,1987,614,28,1,2630,0,0,0,2630
07/14/2010,ATL,GA,ASO,ES,Towers with Radar,2262,685,17,0,2964,0,0,6,0,6,2262,685,23,0,2970,0,0,0,2970
07/15/2010,ATL,GA,ASO,ES,Towers with Radar,2132,666,17,2,2817,0,1,5,2,8,2132,667,22,4,2825,0,0,0,2825
07/16/2010,ATL,GA,ASO,ES,Towers with Radar,2122,650,19,2,2793,0,0,6,0,6,2122,650,25,2,2799,0,0,0,2799
07/17/2010,ATL,GA,ASO,ES,Towers with Radar,1974,540,13,0,2527,0,0,4,0,4,1974,540,17,0,2531,0,0,0,2531
07/18/2010,ATL,GA,ASO,ES,Towers with Radar,2050,604,4,0,2658,0,1,2,0,3,2050,605,6,0,2661,0,0,0,2661
07/19/2010,ATL,GA,ASO,ES,Towers with Radar,2107,644,14,0,2765,0,2,7,2,11,2107,646,21,2,2776,0,0,0,2776
07/20/2010,ATL,GA,ASO,ES,Towers with Radar,2153,643,5,0,2801,0,2,9,3,14,2153,645,14,3,2815,0,0,0,2815
07/21/2010,ATL,GA,ASO,ES,Towers with Radar,2138,646,17,0,2801,0,0,4,2,6,2138,646,21,2,2807,0,0,0,2807
07/22/2010,ATL,GA,ASO,ES,Towers with Radar,2156,658,23,0,2837,0,1,8,1,10,2156,659,31,1,2847,0,0,0,2847
07/23/2010,ATL,GA,ASO,ES,Towers with Radar,2082,669,17,0,2768,0,0,7,2,9,2082,669,24,2,2777,0,0,0,2777
07/24/2010,ATL,GA,ASO,ES,Towers with Radar,2006,532,13,0,2551,0,0,4,0,4,2006,532,17,0,2555,0,0,0,2555
07/25/2010,ATL,GA,ASO,ES,Towers with Radar,2059,609,17,0,2685,0,0,2,0,2,2059,609,19,0,2687,0,0,0,2687
07/26/2010,ATL,GA,ASO,ES,Towers with Radar,1946,571,11,0,2528,0,0,5,2,7,1946,571,16,2,2535,0,0,0,2535
07/27/2010,ATL,GA,ASO,ES,Towers with Radar,2264,649,16,1,2930,0,0,2,0,2,2264,649,18,1,2932,0,0,0,2932
07/28/2010,ATL,GA,ASO,ES,Towers with Radar,2135,653,15,0,2803,0,0,7,2,9,2135,653,22,2,2812,0,0,0,2812
07/29/2010,ATL,GA,ASO,ES,Towers with Radar,2102,663,15,0,2780,0,0,8,0,8,2102,663,23,0,2788,0,0,0,2788
07/30/2010,ATL,GA,ASO,ES,Towers with Radar,2170,663,17,0,2850,0,3,5,5,13,2170,666,22,5,2863,0,0,0,2863
07/31/2010,ATL,GA,ASO,ES,Towers with Radar,1974,544,14,1,2533,0,0,5,0,5,1974,544,19,1,2538,0,0,0,2538
08/01/2010,ATL,GA,ASO,ES,Towers with Radar,2067,606,13,1,2687,0,0,4,0,4,2067,606,17,1,2691,0,0,0,2691
08/02/2010,ATL,GA,ASO,ES,Towers with Radar,2161,645,11,0,2817,0,0,0,0,0,2161,645,11,0,2817,0,0,0,2817
08/03/2010,ATL,GA,ASO,ES,Towers with Radar,2137,630,7,0,2774,0,0,12,10,22,2137,630,19,10,2796,0,0,0,2796
08/04/2010,ATL,GA,ASO,ES,Towers with Radar,2135,651,14,0,2800,0,1,8,0,9,2135,652,22,0,2809,0,0,0,2809
08/05/2010,ATL,GA,ASO,ES,Towers with Radar,2020,624,23,0,2667,0,0,10,0,10,2020,624,33,0,2677,0,0,0,2677
08/06/2010,ATL,GA,ASO,ES,Towers with Radar,2049,594,3,0,2646,0,0,2,0,2,2049,594,5,0,2648,0,0,0,2648
08/07/2010,ATL,GA,ASO,ES,Towers with Radar,2052,534,5,0,2591,0,0,2,0,2,2052,534,7,0,2593,0,0,0,2593
08/08/2010,ATL,GA,ASO,ES,Towers with Radar,2088,607,5,1,2701,0,0,2,0,2,2088,607,7,1,2703,0,0,0,2703
08/09/2010,ATL,GA,ASO,ES,Towers with Radar,2132,646,11,0,2789,0,0,2,6,8,2132,646,13,6,2797,0,0,0,2797
08/10/2010,ATL,GA,ASO,ES,Towers with Radar,2115,638,21,1,2775,0,0,5,0,5,2115,638,26,1,2780,0,0,0,2780
08/11/2010,ATL,GA,ASO,ES,Towers with Radar,2149,645,17,0,2811,0,0,23,1,24,2149,645,40,1,2835,0,0,0,2835
08/12/2010,ATL,GA,ASO,ES,Towers with Radar,2099,638,19,0,2756,0,0,21,2,23,2099,638,40,2,2779,0,0,0,2779
08/13/2010,ATL,GA,ASO,ES,Towers with Radar,2117,637,24,3,2781,0,1,10,0,11,2117,638,34,3,2792,0,0,0,2792
08/14/2010,ATL,GA,ASO,ES,Towers with Radar,2012,508,4,0,2524,0,2,0,0,2,2012,510,4,0,2526,0,0,0,2526
08/15/2010,ATL,GA,ASO,ES,Towers with Radar,2093,595,21,0,2709,0,0,0,0,0,2093,595,21,0,2709,0,0,0,2709
08/16/2010,ATL,GA,ASO,ES,Towers with Radar,2137,652,21,0,2810,0,0,3,0,3,2137,652,24,0,2813,0,0,0,2813
08/17/2010,ATL,GA,ASO,ES,Towers with Radar,2160,567,20,0,2747,0,0,0,4,4,2160,567,20,4,2751,0,0,0,2751
08/18/2010,ATL,GA,ASO,ES,Towers with Radar,2173,583,26,2,2784,0,0,6,0,6,2173,583,32,2,2790,0,0,0,2790
08/19/2010,ATL,GA,ASO,ES,Towers with Radar,2176,579,15,0,2770,0,0,11,5,16,2176,579,26,5,2786,0,0,0,2786
08/20/2010,ATL,GA,ASO,ES,Towers with Radar,2024,558,7,0,2589,1,0,9,0,10,2025,558,16,0,2599,0,0,0,2599
08/21/2010,ATL,GA,ASO,ES,Towers with Radar,2005,451,4,0,2460,0,0,5,0,5,2005,451,9,0,2465,0,0,0,2465
08/22/2010,ATL,GA,ASO,ES,Towers with Radar,2044,541,9,0,2594,0,1,2,0,3,2044,542,11,0,2597,0,0,0,2597
08/23/2010,ATL,GA,ASO,ES,Towers with Radar,2176,570,11,1,2758,0,4,2,2,8,2176,574,13,3,2766,0,0,0,2766
08/24/2010,ATL,GA,ASO,ES,Towers with Radar,2135,567,20,0,2722,0,3,13,0,16,2135,570,33,0,2738,0,0,0,2738
08/25/2010,ATL,GA,ASO,ES,Towers with Radar,2155,580,13,1,2749,0,0,8,3,11,2155,580,21,4,2760,0,0,0,2760
08/26/2010,ATL,GA,ASO,ES,Towers with Radar,2168,585,25,0,2778,0,2,9,0,11,2168,587,34,0,2789,0,0,0,2789
08/27/2010,ATL,GA,ASO,ES,Towers with Radar,2161,589,9,1,2760,0,0,8,0,8,2161,589,17,1,2768,0,0,0,2768
08/28/2010,ATL,GA,ASO,ES,Towers with Radar,1895,416,4,0,2315,0,0,5,0,5,1895,416,9,0,2320,0,0,0,2320
08/29/2010,ATL,GA,ASO,ES,Towers with Radar,2046,544,11,0,2601,0,0,5,0,5,2046,544,16,0,2606,0,0,0,2606
08/30/2010,ATL,GA,ASO,ES,Towers with Radar,2145,592,20,2,2759,0,0,6,10,16,2145,592,26,12,2775,0,0,0,2775
08/31/2010,ATL,GA,ASO,ES,Towers with Radar,2119,573,6,0,2698,0,0,7,2,9,2119,573,13,2,2707,0,0,0,2707
09/01/2010,ATL,GA,ASO,ES,Towers with Radar,2158,572,12,1,2743,0,1,5,0,6,2158,573,17,1,2749,0,0,0,2749
09/02/2010,ATL,GA,ASO,ES,Towers with Radar,2148,554,9,0,2711,0,0,2,1,3,2148,554,11,1,2714,0,0,0,2714
09/03/2010,ATL,GA,ASO,ES,Towers with Radar,2132,580,28,1,2741,0,0,15,10,25,2132,580,43,11,2766,0,0,0,2766
09/04/2010,ATL,GA,ASO,ES,Towers with Radar,1761,397,13,1,2172,0,0,11,0,11,1761,397,24,1,2183,0,0,0,2183
09/05/2010,ATL,GA,ASO,ES,Towers with Radar,1765,395,13,1,2174,0,3,11,3,17,1765,398,24,4,2191,0,0,0,2191
09/06/2010,ATL,GA,ASO,ES,Towers with Radar,2077,535,13,2,2627,0,5,6,0,11,2077,540,19,2,2638,0,0,0,2638
09/07/2010,ATL,GA,ASO,ES,Towers with Radar,2050,600,14,0,2664,0,2,11,10,23,2050,602,25,10,2687,0,0,0,2687
09/08/2010,ATL,GA,ASO,ES,Towers with Radar,2008,589,7,0,2604,0,1,20,0,21,2008,590,27,0,2625,0,0,0,2625
09/09/2010,ATL,GA,ASO,ES,Towers with Radar,2079,605,8,0,2692,0,2,10,1,13,2079,607,18,1,2705,0,0,0,2705
09/10/2010,ATL,GA,ASO,ES,Towers with Radar,2082,599,18,1,2700,0,1,10,0,11,2082,600,28,1,2711,0,0,0,2711
09/11/2010,ATL,GA,ASO,ES,Towers with Radar,1828,436,10,1,2275,0,1,8,1,10,1828,437,18,2,2285,0,0,0,2285
09/12/2010,ATL,GA,ASO,ES,Towers with Radar,2002,560,16,0,2578,0,0,1,0,1,2002,560,17,0,2579,0,0,0,2579
09/13/2010,ATL,GA,ASO,ES,Towers with Radar,2066,605,10,0,2681,0,2,6,3,11,2066,607,16,3,2692,0,0,0,2692
09/14/2010,ATL,GA,ASO,ES,Towers with Radar,2019,593,22,0,2634,0,0,14,0,14,2019,593,36,0,2648,0,0,0,2648
09/15/2010,ATL,GA,ASO,ES,Towers with Radar,2037,588,11,0,2636,0,0,8,3,11,2037,588,19,3,2647,0,0,0,2647
09/16/2010,ATL,GA,ASO,ES,Towers with Radar,2075,600,16,0,2691,0,0,6,0,6,2075,600,22,0,2697,0,0,0,2697
09/17/2010,ATL,GA,ASO,ES,Towers with Radar,2088,600,13,0,2701,0,0,10,0,10,2088,600,23,0,2711,0,0,0,2711
09/18/2010,ATL,GA,ASO,ES,Towers with Radar,1821,444,10,0,2275,0,0,4,0,4,1821,444,14,0,2279,0,0,0,2279
09/19/2010,ATL,GA,ASO,ES,Towers with Radar,2009,551,5,0,2565,0,2,8,0,10,2009,553,13,0,2575,0,0,0,2575
09/20/2010,ATL,GA,ASO,ES,Towers with Radar,2084,600,15,1,2700,0,0,2,0,2,2084,600,17,1,2702,0,0,0,2702
09/21/2010,ATL,GA,ASO,ES,Towers with Radar,2013,579,18,0,2610,0,2,4,10,16,2013,581,22,10,2626,0,0,0,2626
09/22/2010,ATL,GA,ASO,ES,Towers with Radar,2036,596,26,2,2660,0,0,8,5,13,2036,596,34,7,2673,0,0,0,2673
09/23/2010,ATL,GA,ASO,ES,Towers with Radar,2110,600,17,2,2729,0,0,12,6,18,2110,600,29,8,2747,0,0,0,2747
09/24/2010,ATL,GA,ASO,ES,Towers with Radar,2097,600,22,0,2719,0,3,6,7,16,2097,603,28,7,2735,0,0,0,2735
09/25/2010,ATL,GA,ASO,ES,Towers with Radar,1814,432,12,1,2259,0,0,4,0,4,1814,432,16,1,2263,0,0,0,2263
09/26/2010,ATL,GA,ASO,ES,Towers with Radar,1976,546,18,2,2542,0,0,0,0,0,1976,546,18,2,2542,0,0,0,2542
09/27/2010,ATL,GA,ASO,ES,Towers with Radar,2062,572,23,1,2658,0,0,0,4,4,2062,572,23,5,2662,0,0,0,2662
09/28/2010,ATL,GA,ASO,ES,Towers with Radar,2050,587,22,4,2663,0,0,9,0,9,2050,587,31,4,2672,0,0,0,2672
09/29/2010,ATL,GA,ASO,ES,Towers with Radar,2043,589,19,0,2651,0,0,9,0,9,2043,589,28,0,2660,0,0,0,2660
09/30/2010,ATL,GA,ASO,ES,Towers with Radar,2073,606,17,1,2697,0,0,6,4,10,2073,606,23,5,2707,0,0,0,2707
10/01/2010,ATL,GA,ASO,ES,Towers with Radar,2072,618,21,0,2711,0,0,8,6,14,2072,618,29,6,2725,0,0,0,2725
10/02/2010,ATL,GA,ASO,ES,Towers with Radar,1815,453,5,0,2273,0,0,2,0,2,1815,453,7,0,2275,0,0,0,2275
10/03/2010,ATL,GA,ASO,ES,Towers with Radar,2012,585,9,0,2606,0,5,2,0,7,2012,590,11,0,2613,0,0,0,2613
10/04/2010,ATL,GA,ASO,ES,Towers with Radar,2068,607,10,0,2685,0,7,1,0,8,2068,614,11,0,2693,0,0,0,2693
10/05/2010,ATL,GA,ASO,ES,Towers with Radar,2009,598,35,1,2643,0,7,3,0,10,2009,605,38,1,2653,0,0,0,2653
10/06/2010,ATL,GA,ASO,ES,Towers with Radar,2037,596,17,0,2650,0,5,6,6,17,2037,601,23,6,2667,0,0,0,2667
10/07/2010,ATL,GA,ASO,ES,Towers with Radar,2086,610,16,0,2712,0,6,17,2,25,2086,616,33,2,2737,0,0,0,2737
10/08/2010,ATL,GA,ASO,ES,Towers with Radar,2075,619,25,0,2719,0,4,11,0,15,2075,623,36,0,2734,0,0,0,2734
10/09/2010,ATL,GA,ASO,ES,Towers with Radar,1831,439,9,1,2280,0,6,0,0,6,1831,445,9,1,2286,0,0,0,2286
10/10/2010,ATL,GA,ASO,ES,Towers with Radar,2001,560,18,0,2579,0,12,10,0,22,2001,572,28,0,2601,0,0,0,2601
10/11/2010,ATL,GA,ASO,ES,Towers with Radar,2079,604,22,0,2705,0,6,7,0,13,2079,610,29,0,2718,0,0,0,2718
10/12/2010,ATL,GA,ASO,ES,Towers with Radar,2015,599,15,3,2632,0,6,11,0,17,2015,605,26,3,2649,0,0,0,2649
10/13/2010,ATL,GA,ASO,ES,Towers with Radar,2042,594,24,0,2660,0,6,8,4,18,2042,600,32,4,2678,0,0,0,2678
10/14/2010,ATL,GA,ASO,ES,Towers with Radar,2090,615,12,2,2719,0,9,15,2,26,2090,624,27,4,2745,0,0,0,2745
10/15/2010,ATL,GA,ASO,ES,Towers with Radar,2076,617,7,0,2700,1,5,6,0,12,2077,622,13,0,2712,0,0,0,2712
10/16/2010,ATL,GA,ASO,ES,Towers with Radar,1797,452,13,0,2262,0,8,4,0,12,1797,460,17,0,2274,0,0,0,2274
10/17/2010,ATL,GA,ASO,ES,Towers with Radar,1995,576,25,0,2596,1,12,3,0,16,1996,588,28,0,2612,0,0,0,2612
10/18/2010,ATL,GA,ASO,ES,Towers with Radar,2076,614,17,2,2709,0,0,4,0,4,2076,614,21,2,2713,0,0,0,2713
10/19/2010,ATL,GA,ASO,ES,Towers with Radar,2012,608,24,0,2644,0,0,6,0,6,2012,608,30,0,2650,0,0,0,2650
10/20/2010,ATL,GA,ASO,ES,Towers with Radar,2049,590,41,0,2680,0,7,9,0,16,2049,597,50,0,2696,0,0,0,2696
10/21/2010,ATL,GA,ASO,ES,Towers with Radar,2083,624,16,2,2725,0,3,11,4,18,2083,627,27,6,2743,0,0,0,2743
10/22/2010,ATL,GA,ASO,ES,Towers with Radar,2090,621,17,0,2728,0,7,7,0,14,2090,628,24,0,2742,0,0,0,2742
10/23/2010,ATL,GA,ASO,ES,Towers with Radar,1800,453,6,1,2260,0,6,7,0,13,1800,459,13,1,2273,0,0,0,2273
10/24/2010,ATL,GA,ASO,ES,Towers with Radar,1992,583,22,0,2597,0,5,10,0,15,1992,588,32,0,2612,0,0,0,2612
10/25/2010,ATL,GA,ASO,ES,Towers with Radar,2052,617,23,0,2692,0,0,0,0,0,2052,617,23,0,2692,0,0,0,2692
10/26/2010,ATL,GA,ASO,ES,Towers with Radar,2017,592,11,0,2620,0,0,6,2,8,2017,592,17,2,2628,0,0,0,2628
10/27/2010,ATL,GA,ASO,ES,Towers with Radar,1549,423,8,0,1980,0,0,4,0,4,1549,423,12,0,1984,0,0,0,1984
10/28/2010,ATL,GA,ASO,ES,Towers with Radar,2154,608,24,2,2788,0,0,7,0,7,2154,608,31,2,2795,0,0,0,2795
10/29/2010,ATL,GA,ASO,ES,Towers with Radar,2072,612,13,0,2697,0,1,11,0,12,2072,613,24,0,2709,0,0,0,2709
10/30/2010,ATL,GA,ASO,ES,Towers with Radar,1821,461,5,0,2287,0,6,5,0,11,1821,467,10,0,2298,0,0,0,2298
10/31/2010,ATL,GA,ASO,ES,Towers with Radar,1928,606,11,0,2545,0,5,3,0,8,1928,611,14,0,2553,0,0,0,2553
11/01/2010,ATL,GA,ASO,ES,Towers with Radar,2045,633,15,0,2693,0,0,8,0,8,2045,633,23,0,2701,0,0,0,2701
11/02/2010,ATL,GA,ASO,ES,Towers with Radar,1978,628,20,0,2626,0,0,6,2,8,1978,628,26,2,2634,0,0,0,2634
11/03/2010,ATL,GA,ASO,ES,Towers with Radar,1997,612,13,0,2622,0,0,1,0,1,1997,612,14,0,2623,0,0,0,2623
11/04/2010,ATL,GA,ASO,ES,Towers with Radar,2018,629,18,2,2667,0,0,7,0,7,2018,629,25,2,2674,0,0,0,2674
11/05/2010,ATL,GA,ASO,ES,Towers with Radar,2043,614,23,0,2680,0,7,8,2,17,2043,621,31,2,2697,0,0,0,2697
11/06/2010,ATL,GA,ASO,ES,Towers with Radar,1759,451,4,0,2214,0,6,3,0,9,1759,457,7,0,2223,0,0,0,2223
11/07/2010,ATL,GA,ASO,ES,Towers with Radar,1964,586,5,0,2555,0,9,6,0,15,1964,595,11,0,2570,0,0,0,2570
11/08/2010,ATL,GA,ASO,ES,Towers with Radar,2033,635,7,0,2675,0,4,6,0,10,2033,639,13,0,2685,0,0,0,2685
11/09/2010,ATL,GA,ASO,ES,Towers with Radar,1998,617,18,0,2633,0,1,12,0,13,1998,618,30,0,2646,0,0,0,2646
11/10/2010,ATL,GA,ASO,ES,Towers with Radar,2036,620,25,0,2681,0,0,11,0,11,2036,620,36,0,2692,0,0,0,2692
11/11/2010,ATL,GA,ASO,ES,Towers with Radar,2044,628,13,2,2687,0,4,11,2,17,2044,632,24,4,2704,0,0,0,2704
11/12/2010,ATL,GA,ASO,ES,Towers with Radar,2060,621,14,0,2695,0,4,13,0,17,2060,625,27,0,2712,0,0,0,2712
11/13/2010,ATL,GA,ASO,ES,Towers with Radar,1770,444,2,1,2217,0,8,2,0,10,1770,452,4,1,2227,0,0,0,2227
11/14/2010,ATL,GA,ASO,ES,Towers with Radar,1943,589,12,1,2545,0,5,3,1,9,1943,594,15,2,2554,0,0,0,2554
11/15/2010,ATL,GA,ASO,ES,Towers with Radar,2020,622,11,0,2653,0,0,0,0,0,2020,622,11,0,2653,0,0,0,2653
11/16/2010,ATL,GA,ASO,ES,Towers with Radar,2005,615,10,0,2630,0,0,5,0,5,2005,615,15,0,2635,0,0,0,2635
11/17/2010,ATL,GA,ASO,ES,Towers with Radar,2020,609,6,0,2635,0,8,8,0,16,2020,617,14,0,2651,0,0,0,2651
11/18/2010,ATL,GA,ASO,ES,Towers with Radar,2036,615,14,0,2665,0,5,10,4,19,2036,620,24,4,2684,0,0,0,2684
11/19/2010,ATL,GA,ASO,ES,Towers with Radar,2042,632,15,0,2689,0,5,6,0,11,2042,637,21,0,2700,0,0,0,2700
11/20/2010,ATL,GA,ASO,ES,Towers with Radar,1782,441,11,1,2235,0,7,3,0,10,1782,448,14,1,2245,0,0,0,2245
11/21/2010,ATL,GA,ASO,ES,Towers with Radar,1939,595,7,0,2541,0,6,4,0,10,1939,601,11,0,2551,0,0,0,2551
11/22/2010,ATL,GA,ASO,ES,Towers with Radar,2011,630,4,0,2645,0,8,4,4,16,2011,638,8,4,2661,0,0,0,2661
11/23/2010,ATL,GA,ASO,ES,Towers with Radar,2000,635,6,0,2641,0,0,7,2,9,2000,635,13,2,2650,0,0,0,2650
11/24/2010,ATL,GA,ASO,ES,Towers with Radar,2041,633,11,0,2685,0,0,3,0,3,2041,633,14,0,2688,0,0,0,2688
11/25/2010,ATL,GA,ASO,ES,Towers with Radar,1370,349,3,2,1724,0,0,2,0,2,1370,349,5,2,1726,0,0,0,1726
11/26/2010,ATL,GA,ASO,ES,Towers with Radar,1554,349,4,0,1907,0,0,2,0,2,1554,349,6,0,1909,0,0,0,1909
11/27/2010,ATL,GA,ASO,ES,Towers with Radar,1906,588,8,0,2502,0,0,1,2,3,1906,588,9,2,2505,0,0,0,2505
11/28/2010,ATL,GA,ASO,ES,Towers with Radar,2005,627,14,2,2648,0,0,1,0,1,2005,627,15,2,2649,0,0,0,2649
11/29/2010,ATL,GA,ASO,ES,Towers with Radar,2007,624,18,0,2649,0,0,4,0,4,2007,624,22,0,2653,0,0,0,2653
11/30/2010,ATL,GA,ASO,ES,Towers with Radar,1839,528,16,0,2383,0,0,0,0,0,1839,528,16,0,2383,0,0,0,2383
12/01/2010,ATL,GA,ASO,ES,Towers with Radar,2017,621,13,0,2651,0,9,5,2,16,2017,630,18,2,2667,0,0,0,2667
12/02/2010,ATL,GA,ASO,ES,Towers with Radar,2007,635,13,0,2655,0,8,13,7,28,2007,643,26,7,2683,0,0,0,2683
12/03/2010,ATL,GA,ASO,ES,Towers with Radar,2021,609,15,0,2645,0,9,11,1,21,2021,618,26,1,2666,0,0,0,2666
12/04/2010,ATL,GA,ASO,ES,Towers with Radar,1716,456,7,0,2179,0,2,6,0,8,1716,458,13,0,2187,0,0,0,2187
12/05/2010,ATL,GA,ASO,ES,Towers with Radar,1908,584,6,0,2498,0,1,1,0,2,1908,585,7,0,2500,0,0,0,2500
12/06/2010,ATL,GA,ASO,ES,Towers with Radar,1984,605,14,0,2603,0,0,6,0,6,1984,605,20,0,2609,0,0,0,2609
12/07/2010,ATL,GA,ASO,ES,Towers with Radar,1952,612,15,0,2579,0,0,2,2,4,1952,612,17,2,2583,0,0,0,2583
12/08/2010,ATL,GA,ASO,ES,Towers with Radar,1969,611,19,0,2599,0,1,5,0,6,1969,612,24,0,2605,0,0,0,2605
12/09/2010,ATL,GA,ASO,ES,Towers with Radar,2022,618,14,0,2654,0,3,8,4,15,2022,621,22,4,2669,0,0,0,2669
12/10/2010,ATL,GA,ASO,ES,Towers with Radar,2031,622,12,0,2665,1,2,4,0,7,2032,624,16,0,2672,0,0,0,2672
12/11/2010,ATL,GA,ASO,ES,Towers with Radar,1701,443,2,0,2146,0,1,2,0,3,1701,444,4,0,2149,0,0,0,2149
12/12/2010,ATL,GA,ASO,ES,Towers with Radar,1649,456,19,0,2124,0,0,1,0,1,1649,456,20,0,2125,0,0,0,2125
12/13/2010,ATL,GA,ASO,ES,Towers with Radar,2026,588,15,1,2630,0,2,2,1,5,2026,590,17,2,2635,0,0,0,2635
12/14/2010,ATL,GA,ASO,ES,Towers with Radar,1946,609,13,0,2568,0,1,5,0,6,1946,610,18,0,2574,0,0,0,2574
12/15/2010,ATL,GA,ASO,ES,Towers with Radar,1758,502,9,1,2270,0,0,2,4,6,1758,502,11,5,2276,0,0,0,2276
12/16/2010,ATL,GA,ASO,ES,Towers with Radar,1989,614,15,0,2618,0,1,0,4,5,1989,615,15,4,2623,0,0,0,2623
12/17/2010,ATL,GA,ASO,ES,Towers with Radar,2054,618,17,1,2690,0,3,3,0,6,2054,621,20,1,2696,0,0,0,2696
12/18/2010,ATL,GA,ASO,ES,Towers with Radar,1834,557,6,0,2397,0,0,0,0,0,1834,557,6,0,2397,0,0,0,2397
12/19/2010,ATL,GA,ASO,ES,Towers with Radar,1940,579,9,0,2528,0,3,0,0,3,1940,582,9,0,2531,0,0,0,2531
12/20/2010,ATL,GA,ASO,ES,Towers with Radar,1986,617,5,0,2608,0,1,8,4,13,1986,618,13,4,2621,0,0,0,2621
12/21/2010,ATL,GA,ASO,ES,Towers with Radar,2002,604,17,0,2623,0,2,6,0,8,2002,606,23,0,2631,0,0,0,2631
12/22/2010,ATL,GA,ASO,ES,Towers with Radar,2013,614,7,0,2634,0,1,8,0,9,2013,615,15,0,2643,0,0,0,2643
12/23/2010,ATL,GA,ASO,ES,Towers with Radar,2048,612,6,0,2666,0,1,6,0,7,2048,613,12,0,2673,0,0,0,2673
12/24/2010,ATL,GA,ASO,ES,Towers with Radar,1790,471,2,0,2263,0,7,3,0,10,1790,478,5,0,2273,0,0,0,2273
12/25/2010,ATL,GA,ASO,ES,Towers with Radar,897,123,5,0,1025,0,0,0,0,0,897,123,5,0,1025,0,0,0,1025
12/26/2010,ATL,GA,ASO,ES,Towers with Radar,1642,415,18,0,2075,0,0,0,0,0,1642,415,18,0,2075,0,0,0,2075
12/27/2010,ATL,GA,ASO,ES,Towers with Radar,1823,557,11,0,2391,0,1,4,3,8,1823,558,15,3,2399,0,0,0,2399
12/28/2010,ATL,GA,ASO,ES,Towers with Radar,1989,592,11,0,2592,0,2,6,7,15,1989,594,17,7,2607,0,0,0,2607
12/29/2010,ATL,GA,ASO,ES,Towers with Radar,2001,614,13,0,2628,0,0,10,0,10,2001,614,23,0,2638,0,0,0,2638
12/30/2010,ATL,GA,ASO,ES,Towers with Radar,2007,615,6,0,2628,0,1,4,0,5,2007,616,10,0,2633,0,0,0,2633
12/31/2010,ATL,GA,ASO,ES,Towers with Radar,1805,470,4,0,2279,0,2,11,2,15,1805,472,15,2,2294,0,0,0,2294
01/01/2011,ATL,GA,ASO,ES,Towers with Radar,1685,409,3,1,2098,0,0,3,0,3,1685,409,6,1,2101,0,0,0,2101
01/02/2011,ATL,GA,ASO,ES,Towers with Radar,1903,629,10,0,2542,0,1,2,0,3,1903,630,12,0,2545,0,0,0,2545
01/03/2011,ATL,GA,ASO,ES,Towers with Radar,1983,617,9,0,2609,0,1,1,0,2,1983,618,10,0,2611,0,0,0,2611
01/04/2011,ATL,GA,ASO,ES,Towers with Radar,1950,630,8,0,2588,0,0,3,1,4,1950,630,11,1,2592,0,0,0,2592
01/05/2011,ATL,GA,ASO,ES,Towers with Radar,1922,642,16,0,2580,0,1,1,0,2,1922,643,17,0,2582,0,0,0,2582
01/06/2011,ATL,GA,ASO,ES,Towers with Radar,1915,632,20,0,2567,0,0,4,0,4,1915,632,24,0,2571,0,0,0,2571
01/07/2011,ATL,GA,ASO,ES,Towers with Radar,1917,629,12,0,2558,0,1,3,2,6,1917,630,15,2,2564,0,0,0,2564
01/08/2011,ATL,GA,ASO,ES,Towers with Radar,1656,459,8,0,2123,0,1,2,0,3,1656,460,10,0,2126,0,0,0,2126
01/09/2011,ATL,GA,ASO,ES,Towers with Radar,1472,516,16,0,2004,0,0,1,0,1,1472,516,17,0,2005,0,0,0,2005
01/10/2011,ATL,GA,ASO,ES,Towers with Radar,246,45,2,0,293,0,0,0,0,0,246,45,2,0,293,0,0,0,293
01/11/2011,ATL,GA,ASO,ES,Towers with Radar,614,140,1,0,755,0,0,0,0,0,614,140,1,0,755,0,0,0,755
01/12/2011,ATL,GA,ASO,ES,Towers with Radar,1551,441,12,0,2004,0,0,5,2,7,1551,441,17,2,2011,0,0,0,2011
01/13/2011,ATL,GA,ASO,ES,Towers with Radar,1949,591,34,0,2574,0,2,4,0,6,1949,593,38,0,2580,0,0,0,2580
01/14/2011,ATL,GA,ASO,ES,Towers with Radar,1956,646,24,0,2626,0,4,7,3,14,1956,650,31,3,2640,0,0,0,2640
01/15/2011,ATL,GA,ASO,ES,Towers with Radar,1662,457,16,0,2135,0,4,3,0,7,1662,461,19,0,2142,0,0,0,2142
01/16/2011,ATL,GA,ASO,ES,Towers with Radar,1789,514,13,0,2316,0,3,1,0,4,1789,517,14,0,2320,0,0,0,2320
01/17/2011,ATL,GA,ASO,ES,Towers with Radar,1928,614,21,0,2563,0,2,4,0,6,1928,616,25,0,2569,0,0,0,2569
01/18/2011,ATL,GA,ASO,ES,Towers with Radar,1879,622,42,0,2543,0,0,0,0,0,1879,622,42,0,2543,0,0,0,2543
01/19/2011,ATL,GA,ASO,ES,Towers with Radar,1924,638,23,0,2585,0,0,7,4,11,1924,638,30,4,2596,0,0,0,2596
01/20/2011,ATL,GA,ASO,ES,Towers with Radar,1924,640,16,3,2583,0,0,2,0,2,1924,640,18,3,2585,0,0,0,2585
01/21/2011,ATL,GA,ASO,ES,Towers with Radar,1928,629,22,0,2579,0,4,5,6,15,1928,633,27,6,2594,0,0,0,2594
01/22/2011,ATL,GA,ASO,ES,Towers with Radar,1654,457,19,0,2130,0,3,0,0,3,1654,460,19,0,2133,0,0,0,2133
01/23/2011,ATL,GA,ASO,ES,Towers with Radar,1817,593,8,0,2418,0,4,0,0,4,1817,597,8,0,2422,0,0,0,2422
01/24/2011,ATL,GA,ASO,ES,Towers with Radar,1932,625,22,2,2581,0,7,7,5,19,1932,632,29,7,2600,0,0,0,2600
01/25/2011,ATL,GA,ASO,ES,Towers with Radar,1905,610,19,0,2534,0,0,0,0,0,1905,610,19,0,2534,0,0,0,2534
01/26/2011,ATL,GA,ASO,ES,Towers with Radar,1799,611,21,0,2431,0,1,2,0,3,1799,612,23,0,2434,0,0,0,2434
01/27/2011,ATL,GA,ASO,ES,Towers with Radar,1839,632,25,3,2499,0,2,4,4,10,1839,634,29,7,2509,0,0,0,2509
01/28/2011,ATL,GA,ASO,ES,Towers with Radar,1928,638,32,0,2598,0,2,8,0,10,1928,640,40,0,2608,0,0,0,2608
01/29/2011,ATL,GA,ASO,ES,Towers with Radar,1626,452,18,0,2096,0,6,2,0,8,1626,458,20,0,2104,0,0,0,2104
01/30/2011,ATL,GA,ASO,ES,Towers with Radar,1819,591,17,0,2427,0,3,3,1,7,1819,594,20,1,2434,0,0,0,2434
01/31/2011,ATL,GA,ASO,ES,Towers with Radar,1873,632,13,0,2518,0,0,0,2,2,1873,632,13,2,2520,0,0,0,2520
02/01/2011,ATL,GA,ASO,ES,Towers with Radar,1571,582,18,0,2171,0,0,0,0,0,1571,582,18,0,2171,0,0,0,2171
02/02/2011,ATL,GA,ASO,ES,Towers with Radar,1675,590,26,0,2291,0,3,5,2,10,1675,593,31,2,2301,0,0,0,2301
02/03/2011,ATL,GA,ASO,ES,Towers with Radar,1893,594,16,0,2503,0,2,2,0,4,1893,596,18,0,2507,0,0,0,2507
02/04/2011,ATL,GA,ASO,ES,Towers with Radar,1887,596,16,0,2499,0,0,0,0,0,1887,596,16,0,2499,0,0,0,2499
02/05/2011,ATL,GA,ASO,ES,Towers with Radar,1648,460,7,0,2115,0,1,3,0,4,1648,461,10,0,2119,0,0,0,2119
02/06/2011,ATL,GA,ASO,ES,Towers with Radar,1810,595,7,0,2412,0,3,5,0,8,1810,598,12,0,2420,0,0,0,2420
02/07/2011,ATL,GA,ASO,ES,Towers with Radar,1936,629,10,0,2575,0,3,8,0,11,1936,632,18,0,2586,0,0,0,2586
02/08/2011,ATL,GA,ASO,ES,Towers with Radar,1875,631,13,0,2519,0,0,2,0,2,1875,631,15,0,2521,0,0,0,2521
02/09/2011,ATL,GA,ASO,ES,Towers with Radar,1839,609,26,0,2474,0,0,11,2,13,1839,609,37,2,2487,0,0,0,2487
02/10/2011,ATL,GA,ASO,ES,Towers with Radar,1878,635,11,0,2524,0,0,10,4,14,1878,635,21,4,2538,0,0,0,2538
02/11/2011,ATL,GA,ASO,ES,Towers with Radar,1922,636,16,0,2574,0,3,3,0,6,1922,639,19,0,2580,0,0,0,2580
02/12/2011,ATL,GA,ASO,ES,Towers with Radar,1647,453,8,0,2108,0,0,0,0,0,1647,453,8,0,2108,0,0,0,2108
02/13/2011,ATL,GA,ASO,ES,Towers with Radar,1825,592,7,0,2424,0,0,3,0,3,1825,592,10,0,2427,0,0,0,2427
02/14/2011,ATL,GA,ASO,ES,Towers with Radar,1869,628,10,0,2507,0,2,2,0,4,1869,630,12,0,2511,0,0,0,2511
02/15/2011,ATL,GA,ASO,ES,Towers with Radar,1898,630,21,2,2551,0,1,6,0,7,1898,631,27,2,2558,0,0,0,2558
02/16/2011,ATL,GA,ASO,ES,Towers with Radar,1912,630,12,1,2555,0,0,8,0,8,1912,630,20,1,2563,0,0,0,2563
02/17/2011,ATL,GA,ASO,ES,Towers with Radar,1951,617,14,0,2582,0,0,7,0,7,1951,617,21,0,2589,0,0,0,2589
02/18/2011,ATL,GA,ASO,ES,Towers with Radar,2004,603,14,0,2621,0,1,11,0,12,2004,604,25,0,2633,0,0,0,2633
02/19/2011,ATL,GA,ASO,ES,Towers with Radar,1699,450,22,1,2172,0,0,3,0,3,1699,450,25,1,2175,0,0,0,2175
02/20/2011,ATL,GA,ASO,ES,Towers with Radar,1730,441,10,1,2182,0,1,2,0,3,1730,442,12,1,2185,0,0,0,2185
02/21/2011,ATL,GA,ASO,ES,Towers with Radar,1917,563,25,0,2505,0,1,4,0,5,1917,564,29,0,2510,0,0,0,2510
02/22/2011,ATL,GA,ASO,ES,Towers with Radar,1995,608,5,0,2608,0,3,4,7,14,1995,611,9,7,2622,0,0,0,2622
02/23/2011,ATL,GA,ASO,ES,Towers with Radar,2003,598,29,1,2631,0,2,4,0,6,2003,600,33,1,2637,0,0,0,2637
02/24/2011,ATL,GA,ASO,ES,Towers with Radar,1983,611,9,0,2603,0,0,6,2,8,1983,611,15,2,2611,0,0,0,2611
02/25/2011,ATL,GA,ASO,ES,Towers with Radar,1945,605,20,2,2572,0,2,8,0,10,1945,607,28,2,2582,0,0,0,2582
02/26/2011,ATL,GA,ASO,ES,Towers with Radar,1735,441,9,2,2187,0,2,2,0,4,1735,443,11,2,2191,0,0,0,2191
02/27/2011,ATL,GA,ASO,ES,Towers with Radar,1891,563,19,1,2474,0,0,0,0,0,1891,563,19,1,2474,0,0,0,2474
02/28/2011,ATL,GA,ASO,ES,Towers with Radar,1837,550,16,0,2403,0,0,1,0,1,1837,550,17,0,2404,0,0,0,2404
03/01/2011,ATL,GA,ASO,ES,Towers with Radar,2052,607,27,0,2686,0,3,6,2,11,2052,610,33,2,2697,0,0,0,2697
03/02/2011,ATL,GA,ASO,ES,Towers with Radar,2021,629,17,3,2670,0,5,12,4,21,2021,634,29,7,2691,0,0,0,2691
03/03/2011,ATL,GA,ASO,ES,Towers with Radar,2046,644,22,0,2712,0,3,14,4,21,2046,647,36,4,2733,0,0,0,2733
03/04/2011,ATL,GA,ASO,ES,Towers with Radar,2024,641,16,0,2681,0,0,6,0,6,2024,641,22,0,2687,0,0,0,2687
03/05/2011,ATL,GA,ASO,ES,Towers with Radar,1784,492,8,0,2284,0,0,0,0,0,1784,492,8,0,2284,0,0,0,2284
03/06/2011,ATL,GA,ASO,ES,Towers with Radar,1927,599,15,0,2541,0,0,0,0,0,1927,599,15,0,2541,0,0,0,2541
03/07/2011,ATL,GA,ASO,ES,Towers with Radar,2010,650,10,0,2670,0,0,3,0,3,2010,650,13,0,2673,0,0,0,2673
03/08/2011,ATL,GA,ASO,ES,Towers with Radar,2029,636,13,0,2678,0,1,5,0,6,2029,637,18,0,2684,0,0,0,2684
03/09/2011,ATL,GA,ASO,ES,Towers with Radar,2011,602,6,0,2619,0,0,0,0,0,2011,602,6,0,2619,0,0,0,2619
03/10/2011,ATL,GA,ASO,ES,Towers with Radar,2040,629,16,0,2685,0,2,0,0,2,2040,631,16,0,2687,0,0,0,2687
03/11/2011,ATL,GA,ASO,ES,Towers with Radar,2046,635,25,0,2706,0,0,7,0,7,2046,635,32,0,2713,0,0,0,2713
03/12/2011,ATL,GA,ASO,ES,Towers with Radar,1814,503,15,0,2332,0,0,8,0,8,1814,503,23,0,2340,0,0,0,2340
03/13/2011,ATL,GA,ASO,ES,Towers with Radar,1943,606,14,0,2563,0,0,2,0,2,1943,606,16,0,2565,0,0,0,2565
03/14/2011,ATL,GA,ASO,ES,Towers with Radar,2024,640,16,1,2681,0,0,7,0,7,2024,640,23,1,2688,0,0,0,2688
03/15/2011,ATL,GA,ASO,ES,Towers with Radar,2014,651,42,0,2707,0,0,0,0,0,2014,651,42,0,2707,0,0,0,2707
03/16/2011,ATL,GA,ASO,ES,Towers with Radar,2044,641,19,0,2704,0,0,15,2,17,2044,641,34,2,2721,0,0,0,2721
03/17/2011,ATL,GA,ASO,ES,Towers with Radar,2050,642,12,1,2705,0,0,10,0,10,2050,642,22,1,2715,0,0,0,2715
03/18/2011,ATL,GA,ASO,ES,Towers with Radar,2053,641,21,0,2715,0,0,6,0,6,2053,641,27,0,2721,0,0,0,2721
03/19/2011,ATL,GA,ASO,ES,Towers with Radar,1816,501,16,0,2333,0,0,6,0,6,1816,501,22,0,2339,0,0,0,2339
03/20/2011,ATL,GA,ASO,ES,Towers with Radar,1947,604,18,1,2570,0,0,0,0,0,1947,604,18,1,2570,0,0,0,2570
03/21/2011,ATL,GA,ASO,ES,Towers with Radar,2041,624,7,0,2672,0,0,12,2,14,2041,624,19,2,2686,0,0,0,2686
03/22/2011,ATL,GA,ASO,ES,Towers with Radar,2033,633,12,1,2679,0,0,13,0,13,2033,633,25,1,2692,0,0,0,2692
03/23/2011,ATL,GA,ASO,ES,Towers with Radar,1993,629,14,1,2637,0,0,3,0,3,1993,629,17,1,2640,0,0,0,2640
03/24/2011,ATL,GA,ASO,ES,Towers with Radar,2082,634,15,0,2731,0,2,0,0,2,2082,636,15,0,2733,0,0,0,2733
03/25/2011,ATL,GA,ASO,ES,Towers with Radar,2061,639,17,0,2717,0,0,5,0,5,2061,639,22,0,2722,0,0,0,2722
03/26/2011,ATL,GA,ASO,ES,Towers with Radar,1716,480,18,0,2214,0,0,0,0,0,1716,480,18,0,2214,0,0,0,2214
03/27/2011,ATL,GA,ASO,ES,Towers with Radar,2017,598,8,2,2625,0,0,0,0,0,2017,598,8,2,2625,0,0,0,2625
03/28/2011,ATL,GA,ASO,ES,Towers with Radar,2037,642,10,2,2691,0,0,0,0,0,2037,642,10,2,2691,0,0,0,2691
03/29/2011,ATL,GA,ASO,ES,Towers with Radar,2020,639,11,1,2671,0,0,0,2,2,2020,639,11,3,2673,0,0,0,2673
03/30/2011,ATL,GA,ASO,ES,Towers with Radar,2027,629,9,1,2666,0,0,0,0,0,2027,629,9,1,2666,0,0,0,2666
03/31/2011,ATL,GA,ASO,ES,Towers with Radar,2014,618,12,0,2644,0,0,4,8,12,2014,618,16,8,2656,0,0,0,2656
04/01/2011,ATL,GA,ASO,ES,Towers with Radar,2105,591,9,5,2710,0,0,4,3,7,2105,591,13,8,2717,0,0,0,2717
04/02/2011,ATL,GA,ASO,ES,Towers with Radar,1786,419,15,0,2220,0,0,6,3,9,1786,419,21,3,2229,0,0,0,2229
04/03/2011,ATL,GA,ASO,ES,Towers with Radar,1966,538,15,0,2519,0,0,3,0,3,1966,538,18,0,2522,0,0,0,2522
04/04/2011,ATL,GA,ASO,ES,Towers with Radar,2004,510,15,0,2529,0,0,1,0,1,2004,510,16,0,2530,0,0,0,2530
04/05/2011,ATL,GA,ASO,ES,Towers with Radar,2096,533,21,2,2652,0,1,4,0,5,2096,534,25,2,2657,0,0,0,2657
04/06/2011,ATL,GA,ASO,ES,Towers with Radar,2049,571,28,2,2650,0,0,4,0,4,2049,571,32,2,2654,0,0,0,2654
04/07/2011,ATL,GA,ASO,ES,Towers with Radar,2083,586,13,0,2682,0,0,7,2,9,2083,586,20,2,2691,0,0,0,2691
04/08/2011,ATL,GA,ASO,ES,Towers with Radar,2070,573,22,0,2665,0,0,6,1,7,2070,573,28,1,2672,0,0,0,2672
04/09/2011,ATL,GA,ASO,ES,Towers with Radar,1794,399,24,0,2217,0,0,4,1,5,1794,399,28,1,2222,0,0,0,2222
04/10/2011,ATL,GA,ASO,ES,Towers with Radar,1976,563,17,0,2556,0,0,3,0,3,1976,563,20,0,2559,0,0,0,2559
04/11/2011,ATL,GA,ASO,ES,Towers with Radar,2060,568,15,0,2643,0,0,0,0,0,2060,568,15,0,2643,0,0,0,2643
04/12/2011,ATL,GA,ASO,ES,Towers with Radar,2042,534,17,0,2593,0,0,1,0,1,2042,534,18,0,2594,0,0,0,2594
04/13/2011,ATL,GA,ASO,ES,Towers with Radar,2057,563,14,0,2634,0,0,9,0,9,2057,563,23,0,2643,0,0,0,2643
04/14/2011,ATL,GA,ASO,ES,Towers with Radar,2103,558,22,1,2684,0,0,16,2,18,2103,558,38,3,2702,0,0,0,2702
04/15/2011,ATL,GA,ASO,ES,Towers with Radar,2029,533,18,0,2580,0,0,0,0,0,2029,533,18,0,2580,0,0,0,2580
04/16/2011,ATL,GA,ASO,ES,Towers with Radar,1828,388,9,0,2225,0,0,8,0,8,1828,388,17,0,2233,0,0,0,2233
04/17/2011,ATL,GA,ASO,ES,Towers with Radar,1961,542,13,0,2516,0,0,8,0,8,1961,542,21,0,2524,0,0,0,2524
04/18/2011,ATL,GA,ASO,ES,Towers with Radar,2094,579,19,0,2692,0,2,2,7,11,2094,581,21,7,2703,0,0,0,2703
04/19/2011,ATL,GA,ASO,ES,Towers with Radar,2000,532,19,0,2551,0,2,4,9,15,2000,534,23,9,2566,0,0,0,2566
04/20/2011,ATL,GA,ASO,ES,Towers with Radar,2088,554,5,0,2647,0,0,9,0,9,2088,554,14,0,2656,0,0,0,2656
04/21/2011,ATL,GA,ASO,ES,Towers with Radar,2118,570,16,0,2704,0,0,9,8,17,2118,570,25,8,2721,0,0,0,2721
04/22/2011,ATL,GA,ASO,ES,Towers with Radar,2093,569,8,0,2670,0,0,4,2,6,2093,569,12,2,2676,0,0,0,2676
04/23/2011,ATL,GA,ASO,ES,Towers with Radar,1756,380,8,0,2144,0,0,4,0,4,1756,380,12,0,2148,0,0,0,2148
04/24/2011,ATL,GA,ASO,ES,Towers with Radar,1946,520,9,0,2475,0,0,0,0,0,1946,520,9,0,2475,0,0,0,2475
04/25/2011,ATL,GA,ASO,ES,Towers with Radar,2062,569,19,0,2650,0,1,9,0,10,2062,570,28,0,2660,0,0,0,2660
04/26/2011,ATL,GA,ASO,ES,Towers with Radar,2064,536,12,2,2614,0,0,4,2,6,2064,536,16,4,2620,0,0,0,2620
04/27/2011,ATL,GA,ASO,ES,Towers with Radar,1906,477,9,0,2392,0,0,2,0,2,1906,477,11,0,2394,0,0,0,2394
04/28/2011,ATL,GA,ASO,ES,Towers with Radar,2143,517,26,0,2686,0,0,10,2,12,2143,517,36,2,2698,0,0,0,2698
04/29/2011,ATL,GA,ASO,ES,Towers with Radar,2137,556,28,5,2726,0,0,3,0,3,2137,556,31,5,2729,0,0,0,2729
04/30/2011,ATL,GA,ASO,ES,Towers with Radar,1785,377,11,0,2173,0,0,5,0,5,1785,377,16,0,2178,0,0,0,2178
05/01/2011,ATL,GA,ASO,ES,Towers with Radar,1987,507,8,0,2502,0,0,2,0,2,1987,507,10,0,2504,0,0,0,2504
05/02/2011,ATL,GA,ASO,ES,Towers with Radar,2122,531,19,2,2674,0,2,3,0,5,2122,533,22,2,2679,0,0,0,2679
05/03/2011,ATL,GA,ASO,ES,Towers with Radar,2052,528,15,2,2597,0,4,7,0,11,2052,532,22,2,2608,0,0,0,2608
05/04/2011,ATL,GA,ASO,ES,Towers with Radar,2127,531,15,0,2673,0,0,4,0,4,2127,531,19,0,2677,0,0,0,2677
05/05/2011,ATL,GA,ASO,ES,Towers with Radar,2134,536,35,0,2705,0,0,11,4,15,2134,536,46,4,2720,0,0,0,2720
05/06/2011,ATL,GA,ASO,ES,Towers with Radar,2160,523,15,0,2698,0,0,1,0,1,2160,523,16,0,2699,0,0,0,2699
05/07/2011,ATL,GA,ASO,ES,Towers with Radar,1855,391,12,0,2258,0,0,2,0,2,1855,391,14,0,2260,0,0,0,2260
05/08/2011,ATL,GA,ASO,ES,Towers with Radar,2033,517,21,0,2571,0,0,0,0,0,2033,517,21,0,2571,0,0,0,2571
05/09/2011,ATL,GA,ASO,ES,Towers with Radar,2124,531,18,0,2673,0,0,7,4,11,2124,531,25,4,2684,0,0,0,2684
05/10/2011,ATL,GA,ASO,ES,Towers with Radar,2098,526,11,0,2635,0,0,6,0,6,2098,526,17,0,2641,0,0,0,2641
05/11/2011,ATL,GA,ASO,ES,Towers with Radar,2118,520,18,0,2656,0,0,2,3,5,2118,520,20,3,2661,0,0,0,2661
05/12/2011,ATL,GA,ASO,ES,Towers with Radar,2165,529,20,0,2714,0,0,5,0,5,2165,529,25,0,2719,0,0,0,2719
05/13/2011,ATL,GA,ASO,ES,Towers with Radar,2147,505,23,0,2675,0,0,15,0,15,2147,505,38,0,2690,0,0,0,2690
05/14/2011,ATL,GA,ASO,ES,Towers with Radar,1841,383,5,0,2229,0,0,6,0,6,1841,383,11,0,2235,0,0,0,2235
05/15/2011,ATL,GA,ASO,ES,Towers with Radar,2028,508,22,2,2560,0,0,6,0,6,2028,508,28,2,2566,0,0,0,2566
05/16/2011,ATL,GA,ASO,ES,Towers with Radar,2146,536,11,1,2694,0,0,3,0,3,2146,536,14,1,2697,0,0,0,2697
05/17/2011,ATL,GA,ASO,ES,Towers with Radar,2098,528,19,2,2647,1,0,5,2,8,2099,528,24,4,2655,0,0,0,2655
05/18/2011,ATL,GA,ASO,ES,Towers with Radar,2123,536,8,0,2667,0,0,2,4,6,2123,536,10,4,2673,0,0,0,2673
05/19/2011,ATL,GA,ASO,ES,Towers with Radar,2142,533,13,1,2689,0,0,5,0,5,2142,533,18,1,2694,0,0,0,2694
05/20/2011,ATL,GA,ASO,ES,Towers with Radar,2150,534,9,0,2693,0,0,4,0,4,2150,534,13,0,2697,0,0,0,2697
05/21/2011,ATL,GA,ASO,ES,Towers with Radar,1845,401,9,0,2255,0,0,3,0,3,1845,401,12,0,2258,0,0,0,2258
05/22/2011,ATL,GA,ASO,ES,Towers with Radar,2017,494,10,0,2521,0,0,0,0,0,2017,494,10,0,2521,0,0,0,2521
05/23/2011,ATL,GA,ASO,ES,Towers with Radar,2097,526,15,0,2638,0,0,4,0,4,2097,526,19,0,2642,0,0,0,2642
05/24/2011,ATL,GA,ASO,ES,Towers with Radar,2089,530,22,0,2641,0,0,10,0,10,2089,530,32,0,2651,0,0,0,2651
05/25/2011,ATL,GA,ASO,ES,Towers with Radar,2071,518,19,0,2608,0,0,7,0,7,2071,518,26,0,2615,0,0,0,2615
05/26/2011,ATL,GA,ASO,ES,Towers with Radar,1864,446,16,0,2326,0,0,5,0,5,1864,446,21,0,2331,0,0,0,2331
05/27/2011,ATL,GA,ASO,ES,Towers with Radar,2324,531,18,0,2873,0,0,9,0,9,2324,531,27,0,2882,0,0,0,2882
05/28/2011,ATL,GA,ASO,ES,Towers with Radar,1867,397,4,0,2268,0,0,2,0,2,1867,397,6,0,2270,0,0,0,2270
05/29/2011,ATL,GA,ASO,ES,Towers with Radar,1840,380,2,0,2222,0,0,4,4,8,1840,380,6,4,2230,0,0,0,2230
05/30/2011,ATL,GA,ASO,ES,Towers with Radar,2077,487,6,0,2570,0,0,4,1,5,2077,487,10,1,2575,0,0,0,2575
05/31/2011,ATL,GA,ASO,ES,Towers with Radar,2106,540,18,0,2664,0,0,5,2,7,2106,540,23,2,2671,0,0,0,2671
06/01/2011,ATL,GA,ASO,ES,Towers with Radar,2175,513,14,1,2703,0,2,4,0,6,2175,515,18,1,2709,0,0,0,2709
06/02/2011,ATL,GA,ASO,ES,Towers with Radar,2189,528,10,0,2727,0,0,18,2,20,2189,528,28,2,2747,0,0,0,2747
06/03/2011,ATL,GA,ASO,ES,Towers with Radar,2188,527,7,0,2722,0,0,3,0,3,2188,527,10,0,2725,0,0,0,2725
06/04/2011,ATL,GA,ASO,ES,Towers with Radar,1888,406,10,0,2304,0,0,0,0,0,1888,406,10,0,2304,0,0,0,2304
06/05/2011,ATL,GA,ASO,ES,Towers with Radar,2092,518,12,0,2622,0,2,0,0,2,2092,520,12,0,2624,0,0,0,2624
06/06/2011,ATL,GA,ASO,ES,Towers with Radar,2168,524,22,1,2715,0,2,2,0,4,2168,526,24,1,2719,0,0,0,2719
06/07/2011,ATL,GA,ASO,ES,Towers with Radar,2133,535,13,2,2683,0,1,2,2,5,2133,536,15,4,2688,0,0,0,2688
06/08/2011,ATL,GA,ASO,ES,Towers with Radar,2163,528,11,0,2702,0,1,8,0,9,2163,529,19,0,2711,0,0,0,2711
06/09/2011,ATL,GA,ASO,ES,Towers with Radar,2132,528,15,0,2675,0,0,8,0,8,2132,528,23,0,2683,0,0,0,2683
06/10/2011,ATL,GA,ASO,ES,Towers with Radar,2220,521,14,0,2755,0,0,11,0,11,2220,521,25,0,2766,0,0,0,2766
06/11/2011,ATL,GA,ASO,ES,Towers with Radar,1931,448,13,0,2392,0,0,0,0,0,1931,448,13,0,2392,0,0,0,2392
06/12/2011,ATL,GA,ASO,ES,Towers with Radar,2092,506,9,0,2607,0,0,0,0,0,2092,506,9,0,2607,0,0,0,2607
06/13/2011,ATL,GA,ASO,ES,Towers with Radar,2187,543,13,0,2743,0,1,4,0,5,2187,544,17,0,2748,0,0,0,2748
06/14/2011,ATL,GA,ASO,ES,Towers with Radar,2179,513,19,0,2711,0,2,8,0,10,2179,515,27,0,2721,0,0,0,2721
06/15/2011,ATL,GA,ASO,ES,Towers with Radar,1909,479,17,0,2405,0,1,3,0,4,1909,480,20,0,2409,0,0,0,2409
06/16/2011,ATL,GA,ASO,ES,Towers with Radar,2270,507,19,3,2799,0,1,5,2,8,2270,508,24,5,2807,0,0,0,2807
06/17/2011,ATL,GA,ASO,ES,Towers with Radar,2168,522,11,0,2701,0,4,2,1,7,2168,526,13,1,2708,0,0,0,2708
06/18/2011,ATL,GA,ASO,ES,Towers with Radar,1853,449,14,1,2317,0,2,2,0,4,1853,451,16,1,2321,0,0,0,2321
06/19/2011,ATL,GA,ASO,ES,Towers with Radar,2157,528,13,0,2698,0,0,0,0,0,2157,528,13,0,2698,0,0,0,2698
06/20/2011,ATL,GA,ASO,ES,Towers with Radar,2181,535,8,0,2724,0,1,2,0,3,2181,536,10,0,2727,0,0,0,2727
06/21/2011,ATL,GA,ASO,ES,Towers with Radar,2169,535,14,0,2718,0,1,6,0,7,2169,536,20,0,2725,0,0,0,2725
06/22/2011,ATL,GA,ASO,ES,Towers with Radar,2083,499,12,0,2594,0,0,6,0,6,2083,499,18,0,2600,0,0,0,2600
06/23/2011,ATL,GA,ASO,ES,Towers with Radar,2222,547,11,0,2780,0,2,6,0,8,2222,549,17,0,2788,0,0,0,2788
06/24/2011,ATL,GA,ASO,ES,Towers with Radar,2010,496,13,0,2519,0,0,4,0,4,2010,496,17,0,2523,0,0,0,2523
06/25/2011,ATL,GA,ASO,ES,Towers with Radar,2062,478,13,0,2553,0,0,5,0,5,2062,478,18,0,2558,0,0,0,2558
06/26/2011,ATL,GA,ASO,ES,Towers with Radar,2011,496,7,0,2514,0,2,0,0,2,2011,498,7,0,2516,0,0,0,2516
06/27/2011,ATL,GA,ASO,ES,Towers with Radar,2261,524,23,0,2808,0,1,6,0,7,2261,525,29,0,2815,0,0,0,2815
06/28/2011,ATL,GA,ASO,ES,Towers with Radar,2178,542,16,0,2736,0,0,10,0,10,2178,542,26,0,2746,0,0,0,2746
06/29/2011,ATL,GA,ASO,ES,Towers with Radar,2208,549,19,2,2778,0,0,2,0,2,2208,549,21,2,2780,0,0,0,2780
06/30/2011,ATL,GA,ASO,ES,Towers with Radar,2204,546,28,0,2778,0,0,4,0,4,2204,546,32,0,2782,0,0,0,2782
07/01/2011,ATL,GA,ASO,ES,Towers with Radar,2203,537,20,0,2760,0,0,7,0,7,2203,537,27,0,2767,0,0,0,2767
07/02/2011,ATL,GA,ASO,ES,Towers with Radar,1921,458,3,0,2382,0,0,2,0,2,1921,458,5,0,2384,0,0,0,2384
07/03/2011,ATL,GA,ASO,ES,Towers with Radar,1825,337,5,0,2167,0,0,0,4,4,1825,337,5,4,2171,0,0,0,2171
07/04/2011,ATL,GA,ASO,ES,Towers with Radar,1874,433,11,0,2318,0,1,7,0,8,1874,434,18,0,2326,0,0,0,2326
07/05/2011,ATL,GA,ASO,ES,Towers with Radar,2299,556,2,1,2858,0,0,4,1,5,2299,556,6,2,2863,0,0,0,2863
07/06/2011,ATL,GA,ASO,ES,Towers with Radar,2189,556,11,0,2756,0,0,6,2,8,2189,556,17,2,2764,0,0,0,2764
07/07/2011,ATL,GA,ASO,ES,Towers with Radar,2168,549,15,0,2732,0,0,5,0,5,2168,549,20,0,2737,0,0,0,2737
07/08/2011,ATL,GA,ASO,ES,Towers with Radar,2135,560,10,0,2705,0,3,2,0,5,2135,563,12,0,2710,0,0,0,2710
07/09/2011,ATL,GA,ASO,ES,Towers with Radar,1967,451,12,0,2430,0,2,0,0,2,1967,453,12,0,2432,0,0,0,2432
07/10/2011,ATL,GA,ASO,ES,Towers with Radar,2111,531,9,0,2651,0,0,6,0,6,2111,531,15,0,2657,0,0,0,2657
07/11/2011,ATL,GA,ASO,ES,Towers with Radar,2182,547,16,1,2746,0,0,0,0,0,2182,547,16,1,2746,0,0,0,2746
07/12/2011,ATL,GA,ASO,ES,Towers with Radar,2134,507,12,0,2653,0,0,6,0,6,2134,507,18,0,2659,0,0,0,2659
07/13/2011,ATL,GA,ASO,ES,Towers with Radar,2180,549,9,0,2738,0,0,5,0,5,2180,549,14,0,2743,0,0,0,2743
07/14/2011,ATL,GA,ASO,ES,Towers with Radar,2134,542,15,0,2691,0,0,10,0,10,2134,542,25,0,2701,0,0,0,2701
07/15/2011,ATL,GA,ASO,ES,Towers with Radar,2228,547,5,1,2781,0,0,0,0,0,2228,547,5,1,2781,0,0,0,2781
07/16/2011,ATL,GA,ASO,ES,Towers with Radar,1963,468,2,0,2433,0,0,4,0,4,1963,468,6,0,2437,0,0,0,2437
07/17/2011,ATL,GA,ASO,ES,Towers with Radar,2086,541,8,1,2636,0,0,4,0,4,2086,541,12,1,2640,0,0,0,2640
07/18/2011,ATL,GA,ASO,ES,Towers with Radar,2184,553,11,0,2748,0,2,5,0,7,2184,555,16,0,2755,0,0,0,2755
07/19/2011,ATL,GA,ASO,ES,Towers with Radar,2170,544,16,0,2730,0,1,6,0,7,2170,545,22,0,2737,0,0,0,2737
07/20/2011,ATL,GA,ASO,ES,Towers with Radar,2136,532,21,0,2689,0,1,9,3,13,2136,533,30,3,2702,0,0,0,2702
07/21/2011,ATL,GA,ASO,ES,Towers with Radar,2204,570,42,4,2820,0,2,12,0,14,2204,572,54,4,2834,0,0,0,2834
07/22/2011,ATL,GA,ASO,ES,Towers with Radar,2183,554,20,0,2757,0,10,6,1,17,2183,564,26,1,2774,0,0,0,2774
07/23/2011,ATL,GA,ASO,ES,Towers with Radar,1942,466,13,0,2421,0,8,2,0,10,1942,474,15,0,2431,0,0,0,2431
07/24/2011,ATL,GA,ASO,ES,Towers with Radar,2089,527,6,0,2622,0,3,1,0,4,2089,530,7,0,2626,0,0,0,2626
07/25/2011,ATL,GA,ASO,ES,Towers with Radar,1926,505,18,0,2449,0,0,10,0,10,1926,505,28,0,2459,0,0,0,2459
07/26/2011,ATL,GA,ASO,ES,Towers with Radar,2330,564,15,2,2911,0,0,4,0,4,2330,564,19,2,2915,0,0,0,2915
07/27/2011,ATL,GA,ASO,ES,Towers with Radar,2203,549,7,0,2759,0,1,5,7,13,2203,550,12,7,2772,0,0,0,2772
07/28/2011,ATL,GA,ASO,ES,Towers with Radar,2202,558,9,0,2769,0,1,3,2,6,2202,559,12,2,2775,0,0,0,2775
07/29/2011,ATL,GA,ASO,ES,Towers with Radar,2180,561,4,0,2745,0,0,5,0,5,2180,561,9,0,2750,0,0,0,2750
07/30/2011,ATL,GA,ASO,ES,Towers with Radar,1941,464,12,3,2420,1,2,0,0,3,1942,466,12,3,2423,0,0,0,2423
07/31/2011,ATL,GA,ASO,ES,Towers with Radar,2085,526,12,3,2626,0,2,0,0,2,2085,528,12,3,2628,0,0,0,2628
08/01/2011,ATL,GA,ASO,ES,Towers with Radar,2131,547,22,1,2701,0,0,6,0,6,2131,547,28,1,2707,0,0,0,2707
08/02/2011,ATL,GA,ASO,ES,Towers with Radar,2221,538,10,2,2771,0,4,36,9,49,2221,542,46,11,2820,0,0,0,2820
08/03/2011,ATL,GA,ASO,ES,Towers with Radar,2157,556,12,0,2725,0,2,7,0,9,2157,558,19,0,2734,0,0,0,2734
08/04/2011,ATL,GA,ASO,ES,Towers with Radar,2199,560,10,0,2769,0,5,2,0,7,2199,565,12,0,2776,0,0,0,2776
08/05/2011,ATL,GA,ASO,ES,Towers with Radar,2198,549,7,2,2756,0,3,4,0,7,2198,552,11,2,2763,0,0,0,2763
08/06/2011,ATL,GA,ASO,ES,Towers with Radar,1944,447,4,3,2398,0,3,0,0,3,1944,450,4,3,2401,0,0,0,2401
08/07/2011,ATL,GA,ASO,ES,Towers with Radar,2111,525,8,0,2644,0,5,0,0,5,2111,530,8,0,2649,0,0,0,2649
08/08/2011,ATL,GA,ASO,ES,Towers with Radar,2100,532,16,1,2649,0,0,2,0,2,2100,532,18,1,2651,0,0,0,2651
08/09/2011,ATL,GA,ASO,ES,Towers with Radar,2245,569,12,0,2826,0,2,2,0,4,2245,571,14,0,2830,0,0,0,2830
08/10/2011,ATL,GA,ASO,ES,Towers with Radar,2198,554,15,0,2767,0,3,9,0,12,2198,557,24,0,2779,0,0,0,2779
08/11/2011,ATL,GA,ASO,ES,Towers with Radar,2211,552,19,1,2783,0,8,10,0,18,2211,560,29,1,2801,0,0,0,2801
08/12/2011,ATL,GA,ASO,ES,Towers with Radar,2200,554,16,0,2770,0,6,8,0,14,2200,560,24,0,2784,0,0,0,2784
08/13/2011,ATL,GA,ASO,ES,Towers with Radar,1936,450,2,0,2388,0,7,2,1,10,1936,457,4,1,2398,0,0,0,2398
08/14/2011,ATL,GA,ASO,ES,Towers with Radar,2093,527,18,0,2638,0,7,1,0,8,2093,534,19,0,2646,0,0,0,2646
08/15/2011,ATL,GA,ASO,ES,Towers with Radar,2187,562,12,1,2762,0,1,2,0,3,2187,563,14,1,2765,0,0,0,2765
08/16/2011,ATL,GA,ASO,ES,Towers with Radar,2142,503,9,0,2654,0,3,4,0,7,2142,506,13,0,2661,0,0,0,2661
08/17/2011,ATL,GA,ASO,ES,Towers with Radar,2138,496,16,0,2650,1,1,12,0,14,2139,497,28,0,2664,0,0,0,2664
08/18/2011,ATL,GA,ASO,ES,Towers with Radar,2139,511,11,0,2661,0,1,8,0,9,2139,512,19,0,2670,0,0,0,2670
08/19/2011,ATL,GA,ASO,ES,Towers with Radar,2135,521,9,3,2668,0,0,6,0,6,2135,521,15,3,2674,0,0,0,2674
08/20/2011,ATL,GA,ASO,ES,Towers with Radar,1836,378,9,0,2223,0,4,0,0,4,1836,382,9,0,2227,0,0,0,2227
08/21/2011,ATL,GA,ASO,ES,Towers with Radar,1993,475,11,1,2480,0,0,0,0,0,1993,475,11,1,2480,0,0,0,2480
08/22/2011,ATL,GA,ASO,ES,Towers with Radar,2193,520,14,3,2730,0,1,15,0,16,2193,521,29,3,2746,0,0,0,2746
08/23/2011,ATL,GA,ASO,ES,Towers with Radar,2118,504,8,0,2630,0,1,18,0,19,2118,505,26,0,2649,0,0,0,2649
08/24/2011,ATL,GA,ASO,ES,Towers with Radar,2135,501,28,4,2668,0,1,37,0,38,2135,502,65,4,2706,0,0,0,2706
08/25/2011,ATL,GA,ASO,ES,Towers with Radar,2141,517,35,0,2693,0,1,2,0,3,2141,518,37,0,2696,0,0,0,2696
08/26/2011,ATL,GA,ASO,ES,Towers with Radar,2154,511,8,0,2673,0,0,8,0,8,2154,511,16,0,2681,0,0,0,2681
08/27/2011,ATL,GA,ASO,ES,Towers with Radar,1686,345,8,1,2040,0,0,3,0,3,1686,345,11,1,2043,0,0,0,2043
08/28/2011,ATL,GA,ASO,ES,Towers with Radar,1778,455,7,1,2241,0,0,6,0,6,1778,455,13,1,2247,0,0,0,2247
08/29/2011,ATL,GA,ASO,ES,Towers with Radar,2089,513,8,0,2610,0,1,1,0,2,2089,514,9,0,2612,0,0,0,2612
08/30/2011,ATL,GA,ASO,ES,Towers with Radar,2117,494,15,0,2626,0,1,6,0,7,2117,495,21,0,2633,0,0,0,2633
08/31/2011,ATL,GA,ASO,ES,Towers with Radar,2130,508,18,0,2656,0,1,3,1,5,2130,509,21,1,2661,0,0,0,2661
09/01/2011,ATL,GA,ASO,ES,Towers with Radar,2162,517,10,1,2690,0,1,10,0,11,2162,518,20,1,2701,0,0,0,2701
09/02/2011,ATL,GA,ASO,ES,Towers with Radar,2169,514,19,1,2703,0,0,7,0,7,2169,514,26,1,2710,0,0,0,2710
09/03/2011,ATL,GA,ASO,ES,Towers with Radar,1786,346,11,1,2144,0,0,11,1,12,1786,346,22,2,2156,0,0,0,2156
09/04/2011,ATL,GA,ASO,ES,Towers with Radar,1740,294,26,2,2062,0,0,5,0,5,1740,294,31,2,2067,0,0,0,2067
09/05/2011,ATL,GA,ASO,ES,Towers with Radar,1995,446,20,1,2462,0,0,0,0,0,1995,446,20,1,2462,0,0,0,2462
09/06/2011,ATL,GA,ASO,ES,Towers with Radar,2108,506,34,0,2648,0,0,0,0,0,2108,506,34,0,2648,0,0,0,2648
09/07/2011,ATL,GA,ASO,ES,Towers with Radar,1997,499,11,0,2507,0,0,2,0,2,1997,499,13,0,2509,0,0,0,2509
09/08/2011,ATL,GA,ASO,ES,Towers with Radar,2082,532,15,0,2629,0,2,6,0,8,2082,534,21,0,2637,0,0,0,2637
09/09/2011,ATL,GA,ASO,ES,Towers with Radar,2091,524,13,0,2628,0,8,7,0,15,2091,532,20,0,2643,0,0,0,2643
09/10/2011,ATL,GA,ASO,ES,Towers with Radar,1747,393,5,0,2145,0,1,6,0,7,1747,394,11,0,2152,0,0,0,2152
09/11/2011,ATL,GA,ASO,ES,Towers with Radar,2007,499,18,0,2524,0,1,4,0,5,2007,500,22,0,2529,0,0,0,2529
09/12/2011,ATL,GA,ASO,ES,Towers with Radar,2076,528,23,1,2628,0,9,13,1,23,2076,537,36,2,2651,0,0,0,2651
09/13/2011,ATL,GA,ASO,ES,Towers with Radar,1975,474,15,2,2466,0,1,7,4,12,1975,475,22,6,2478,0,0,0,2478
09/14/2011,ATL,GA,ASO,ES,Towers with Radar,2006,485,20,0,2511,0,5,11,3,19,2006,490,31,3,2530,0,0,0,2530
09/15/2011,ATL,GA,ASO,ES,Towers with Radar,2097,545,22,0,2664,0,1,4,0,5,2097,546,26,0,2669,0,0,0,2669
09/16/2011,ATL,GA,ASO,ES,Towers with Radar,2100,535,16,1,2652,0,6,4,0,10,2100,541,20,1,2662,0,0,0,2662
09/17/2011,ATL,GA,ASO,ES,Towers with Radar,1769,374,3,0,2146,0,1,0,0,1,1769,375,3,0,2147,0,0,0,2147
09/18/2011,ATL,GA,ASO,ES,Towers with Radar,2003,503,9,0,2515,0,2,2,0,4,2003,505,11,0,2519,0,0,0,2519
09/19/2011,ATL,GA,ASO,ES,Towers with Radar,2081,524,16,1,2622,1,4,0,0,5,2082,528,16,1,2627,0,0,0,2627
09/20/2011,ATL,GA,ASO,ES,Towers with Radar,1975,477,12,0,2464,0,0,0,0,0,1975,477,12,0,2464,0,0,0,2464
09/21/2011,ATL,GA,ASO,ES,Towers with Radar,2013,496,2,0,2511,0,1,4,0,5,2013,497,6,0,2516,0,0,0,2516
09/22/2011,ATL,GA,ASO,ES,Towers with Radar,2077,538,5,0,2620,0,1,4,0,5,2077,539,9,0,2625,0,0,0,2625
09/23/2011,ATL,GA,ASO,ES,Towers with Radar,2103,540,10,0,2653,0,4,2,0,6,2103,544,12,0,2659,0,0,0,2659
09/24/2011,ATL,GA,ASO,ES,Towers with Radar,1775,399,19,0,2193,0,0,7,0,7,1775,399,26,0,2200,0,0,0,2200
09/25/2011,ATL,GA,ASO,ES,Towers with Radar,2001,499,11,2,2513,0,0,1,0,1,2001,499,12,2,2514,0,0,0,2514
09/26/2011,ATL,GA,ASO,ES,Towers with Radar,2073,537,8,0,2618,0,1,1,0,2,2073,538,9,0,2620,0,0,0,2620
09/27/2011,ATL,GA,ASO,ES,Towers with Radar,1966,478,12,0,2456,0,1,7,0,8,1966,479,19,0,2464,0,0,0,2464
09/28/2011,ATL,GA,ASO,ES,Towers with Radar,1997,494,23,0,2514,0,1,5,0,6,1997,495,28,0,2520,0,0,0,2520
09/29/2011,ATL,GA,ASO,ES,Towers with Radar,2083,535,7,0,2625,0,2,5,2,9,2083,537,12,2,2634,0,0,0,2634
09/30/2011,ATL,GA,ASO,ES,Towers with Radar,2092,538,18,2,2650,0,4,12,0,16,2092,542,30,2,2666,0,0,0,2666
10/01/2011,ATL,GA,ASO,ES,Towers with Radar,1791,394,5,0,2190,0,0,5,0,5,1791,394,10,0,2195,0,0,0,2195
10/02/2011,ATL,GA,ASO,ES,Towers with Radar,2012,511,9,0,2532,0,0,2,0,2,2012,511,11,0,2534,0,0,0,2534
10/03/2011,ATL,GA,ASO,ES,Towers with Radar,2077,536,11,0,2624,0,4,4,0,8,2077,540,15,0,2632,0,0,0,2632
10/04/2011,ATL,GA,ASO,ES,Towers with Radar,1998,477,21,1,2497,0,0,2,0,2,1998,477,23,1,2499,0,0,0,2499
10/05/2011,ATL,GA,ASO,ES,Towers with Radar,2032,497,8,2,2539,0,0,12,0,12,2032,497,20,2,2551,0,0,0,2551
10/06/2011,ATL,GA,ASO,ES,Towers with Radar,2094,535,8,0,2637,0,0,19,0,19,2094,535,27,0,2656,0,0,0,2656
10/07/2011,ATL,GA,ASO,ES,Towers with Radar,2102,549,13,0,2664,0,1,8,11,20,2102,550,21,11,2684,0,0,0,2684
10/08/2011,ATL,GA,ASO,ES,Towers with Radar,1762,398,8,0,2168,0,0,2,0,2,1762,398,10,0,2170,0,0,0,2170
10/09/2011,ATL,GA,ASO,ES,Towers with Radar,2009,491,23,0,2523,0,0,5,0,5,2009,491,28,0,2528,0,0,0,2528
10/10/2011,ATL,GA,ASO,ES,Towers with Radar,2078,543,23,0,2644,0,0,0,0,0,2078,543,23,0,2644,0,0,0,2644
10/11/2011,ATL,GA,ASO,ES,Towers with Radar,2021,488,6,0,2515,0,0,0,0,0,2021,488,6,0,2515,0,0,0,2515
10/12/2011,ATL,GA,ASO,ES,Towers with Radar,2050,496,5,0,2551,0,0,6,0,6,2050,496,11,0,2557,0,0,0,2557
10/13/2011,ATL,GA,ASO,ES,Towers with Radar,2088,534,22,0,2644,0,0,8,0,8,2088,534,30,0,2652,0,0,0,2652
10/14/2011,ATL,GA,ASO,ES,Towers with Radar,2096,551,13,0,2660,0,10,12,0,22,2096,561,25,0,2682,0,0,0,2682
10/15/2011,ATL,GA,ASO,ES,Towers with Radar,1809,410,5,0,2224,0,2,8,0,10,1809,412,13,0,2234,0,0,0,2234
10/16/2011,ATL,GA,ASO,ES,Towers with Radar,2014,526,7,0,2547,0,0,4,0,4,2014,526,11,0,2551,0,0,0,2551
10/17/2011,ATL,GA,ASO,ES,Towers with Radar,2081,543,8,0,2632,0,4,2,0,6,2081,547,10,0,2638,0,0,0,2638
10/18/2011,ATL,GA,ASO,ES,Towers with Radar,2007,496,21,0,2524,0,0,4,2,6,2007,496,25,2,2530,0,0,0,2530
10/19/2011,ATL,GA,ASO,ES,Towers with Radar,2033,490,23,0,2546,0,0,7,0,7,2033,490,30,0,2553,0,0,0,2553
10/20/2011,ATL,GA,ASO,ES,Towers with Radar,2106,550,17,0,2673,0,0,3,0,3,2106,550,20,0,2676,0,0,0,2676
10/21/2011,ATL,GA,ASO,ES,Towers with Radar,2099,545,12,0,2656,0,4,7,0,11,2099,549,19,0,2667,0,0,0,2667
10/22/2011,ATL,GA,ASO,ES,Towers with Radar,1813,401,5,0,2219,0,0,15,0,15,1813,401,20,0,2234,0,0,0,2234
10/23/2011,ATL,GA,ASO,ES,Towers with Radar,1996,501,8,1,2506,0,5,2,0,7,1996,506,10,1,2513,0,0,0,2513
10/24/2011,ATL,GA,ASO,ES,Towers with Radar,2092,541,15,0,2648,0,4,12,0,16,2092,545,27,0,2664,0,0,0,2664
10/25/2011,ATL,GA,ASO,ES,Towers with Radar,2003,491,11,1,2506,0,2,13,0,15,2003,493,24,1,2521,0,0,0,2521
10/26/2011,ATL,GA,ASO,ES,Towers with Radar,2054,506,16,0,2576,0,3,18,0,21,2054,509,34,0,2597,0,0,0,2597
10/27/2011,ATL,GA,ASO,ES,Towers with Radar,2084,534,26,0,2644,0,0,6,0,6,2084,534,32,0,2650,0,0,0,2650
10/28/2011,ATL,GA,ASO,ES,Towers with Radar,2082,550,16,0,2648,0,4,6,1,11,2082,554,22,1,2659,0,0,0,2659
10/29/2011,ATL,GA,ASO,ES,Towers with Radar,1757,394,5,0,2156,0,0,4,0,4,1757,394,9,0,2160,0,0,0,2160
10/30/2011,ATL,GA,ASO,ES,Towers with Radar,2007,507,11,0,2525,0,1,1,0,2,2007,508,12,0,2527,0,0,0,2527
10/31/2011,ATL,GA,ASO,ES,Towers with Radar,2041,517,16,0,2574,0,10,3,2,15,2041,527,19,2,2589,0,0,0,2589
11/01/2011,ATL,GA,ASO,ES,Towers with Radar,2003,474,24,0,2501,0,6,4,0,10,2003,480,28,0,2511,0,0,0,2511
11/02/2011,ATL,GA,ASO,ES,Towers with Radar,2041,500,28,0,2569,0,6,9,0,15,2041,506,37,0,2584,0,0,0,2584
11/03/2011,ATL,GA,ASO,ES,Towers with Radar,2092,540,9,0,2641,0,3,10,0,13,2092,543,19,0,2654,0,0,0,2654
11/04/2011,ATL,GA,ASO,ES,Towers with Radar,2113,534,13,1,2661,0,8,2,0,10,2113,542,15,1,2671,0,0,0,2671
11/05/2011,ATL,GA,ASO,ES,Towers with Radar,1786,390,1,0,2177,0,14,5,2,21,1786,404,6,2,2198,0,0,0,2198
11/06/2011,ATL,GA,ASO,ES,Towers with Radar,2009,510,11,1,2531,0,7,3,0,10,2009,517,14,1,2541,0,0,0,2541
11/07/2011,ATL,GA,ASO,ES,Towers with Radar,2061,548,20,6,2635,0,1,7,0,8,2061,549,27,6,2643,0,0,0,2643
11/08/2011,ATL,GA,ASO,ES,Towers with Radar,1975,482,28,4,2489,0,4,4,0,8,1975,486,32,4,2497,0,0,0,2497
11/09/2011,ATL,GA,ASO,ES,Towers with Radar,2009,501,15,2,2527,0,2,2,0,4,2009,503,17,2,2531,0,0,0,2531
11/10/2011,ATL,GA,ASO,ES,Towers with Radar,2071,532,28,0,2631,0,1,2,0,3,2071,533,30,0,2634,0,0,0,2634
11/11/2011,ATL,GA,ASO,ES,Towers with Radar,2072,550,25,0,2647,0,2,5,0,7,2072,552,30,0,2654,0,0,0,2654
11/12/2011,ATL,GA,ASO,ES,Towers with Radar,1727,389,3,0,2119,0,0,2,0,2,1727,389,5,0,2121,0,0,0,2121
11/13/2011,ATL,GA,ASO,ES,Towers with Radar,1958,506,12,0,2476,0,5,2,0,7,1958,511,14,0,2483,0,0,0,2483
11/14/2011,ATL,GA,ASO,ES,Towers with Radar,2055,530,21,0,2606,0,7,2,0,9,2055,537,23,0,2615,0,0,0,2615
11/15/2011,ATL,GA,ASO,ES,Towers with Radar,2002,482,18,0,2502,0,0,3,0,3,2002,482,21,0,2505,0,0,0,2505
11/16/2011,ATL,GA,ASO,ES,Towers with Radar,2009,502,10,0,2521,0,0,0,0,0,2009,502,10,0,2521,0,0,0,2521
11/17/2011,ATL,GA,ASO,ES,Towers with Radar,2087,528,19,0,2634,0,8,9,0,17,2087,536,28,0,2651,0,0,0,2651
11/18/2011,ATL,GA,ASO,ES,Towers with Radar,2080,547,18,1,2646,0,2,11,1,14,2080,549,29,2,2660,0,0,0,2660
11/19/2011,ATL,GA,ASO,ES,Towers with Radar,1741,411,5,0,2157,0,0,1,0,1,1741,411,6,0,2158,0,0,0,2158
11/20/2011,ATL,GA,ASO,ES,Towers with Radar,1948,480,9,0,2437,0,4,0,0,4,1948,484,9,0,2441,0,0,0,2441
11/21/2011,ATL,GA,ASO,ES,Towers with Radar,1995,467,15,0,2477,0,3,1,0,4,1995,470,16,0,2481,0,0,0,2481
11/22/2011,ATL,GA,ASO,ES,Towers with Radar,2038,503,17,0,2558,0,8,5,0,13,2038,511,22,0,2571,0,0,0,2571
11/23/2011,ATL,GA,ASO,ES,Towers with Radar,2077,538,10,0,2625,0,4,4,0,8,2077,542,14,0,2633,0,0,0,2633
11/24/2011,ATL,GA,ASO,ES,Towers with Radar,1413,263,2,0,1678,0,6,2,0,8,1413,269,4,0,1686,0,0,0,1686
11/25/2011,ATL,GA,ASO,ES,Towers with Radar,1563,259,6,0,1828,0,2,2,0,4,1563,261,8,0,1832,0,0,0,1832
11/26/2011,ATL,GA,ASO,ES,Towers with Radar,1965,484,6,0,2455,0,0,0,0,0,1965,484,6,0,2455,0,0,0,2455
11/27/2011,ATL,GA,ASO,ES,Towers with Radar,2063,530,10,0,2603,0,10,2,0,12,2063,540,12,0,2615,0,0,0,2615
11/28/2011,ATL,GA,ASO,ES,Towers with Radar,2102,533,11,1,2647,0,0,0,0,0,2102,533,11,1,2647,0,0,0,2647
11/29/2011,ATL,GA,ASO,ES,Towers with Radar,1995,501,13,1,2510,0,0,1,0,1,1995,501,14,1,2511,0,0,0,2511
11/30/2011,ATL,GA,ASO,ES,Towers with Radar,2014,508,19,0,2541,0,7,8,0,15,2014,515,27,0,2556,0,0,0,2556
12/01/2011,ATL,GA,ASO,ES,Towers with Radar,2037,500,20,0,2557,0,6,7,2,15,2037,506,27,2,2572,0,0,0,2572
12/02/2011,ATL,GA,ASO,ES,Towers with Radar,2040,522,13,0,2575,0,4,11,2,17,2040,526,24,2,2592,0,0,0,2592
12/03/2011,ATL,GA,ASO,ES,Towers with Radar,1706,372,3,2,2083,0,6,2,0,8,1706,378,5,2,2091,0,0,0,2091
12/04/2011,ATL,GA,ASO,ES,Towers with Radar,1906,472,13,1,2392,0,11,2,0,13,1906,483,15,1,2405,0,0,0,2405
12/05/2011,ATL,GA,ASO,ES,Towers with Radar,2007,502,19,0,2528,0,7,4,0,11,2007,509,23,0,2539,0,0,0,2539
12/06/2011,ATL,GA,ASO,ES,Towers with Radar,1923,485,10,0,2418,0,0,2,0,2,1923,485,12,0,2420,0,0,0,2420
12/07/2011,ATL,GA,ASO,ES,Towers with Radar,1938,485,11,1,2435,0,0,0,0,0,1938,485,11,1,2435,0,0,0,2435
12/08/2011,ATL,GA,ASO,ES,Towers with Radar,1999,514,7,0,2520,1,6,9,0,16,2000,520,16,0,2536,0,0,0,2536
12/09/2011,ATL,GA,ASO,ES,Towers with Radar,2015,520,16,0,2551,0,5,1,2,8,2015,525,17,2,2559,0,0,0,2559
12/10/2011,ATL,GA,ASO,ES,Towers with Radar,1708,371,5,0,2084,0,2,0,0,2,1708,373,5,0,2086,0,0,0,2086
12/11/2011,ATL,GA,ASO,ES,Towers with Radar,1905,477,10,0,2392,0,0,2,0,2,1905,477,12,0,2394,0,0,0,2394
12/12/2011,ATL,GA,ASO,ES,Towers with Radar,2005,518,20,0,2543,0,0,2,0,2,2005,518,22,0,2545,0,0,0,2545
12/13/2011,ATL,GA,ASO,ES,Towers with Radar,1943,471,11,0,2425,0,3,2,2,7,1943,474,13,2,2432,0,0,0,2432
12/14/2011,ATL,GA,ASO,ES,Towers with Radar,1968,476,8,0,2452,0,8,9,0,17,1968,484,17,0,2469,0,0,0,2469
12/15/2011,ATL,GA,ASO,ES,Towers with Radar,2016,510,18,1,2545,0,6,5,0,11,2016,516,23,1,2556,0,0,0,2556
12/16/2011,ATL,GA,ASO,ES,Towers with Radar,2017,523,2,2,2544,0,2,5,0,7,2017,525,7,2,2551,0,0,0,2551
12/17/2011,ATL,GA,ASO,ES,Towers with Radar,1777,456,2,0,2235,1,0,2,2,5,1778,456,4,2,2240,0,0,0,2240
12/18/2011,ATL,GA,ASO,ES,Towers with Radar,1928,481,4,2,2415,0,5,4,0,9,1928,486,8,2,2424,0,0,0,2424
12/19/2011,ATL,GA,ASO,ES,Towers with Radar,2010,507,8,1,2526,0,1,5,0,6,2010,508,13,1,2532,0,0,0,2532
12/20/2011,ATL,GA,ASO,ES,Towers with Radar,2025,496,3,0,2524,0,0,2,0,2,2025,496,5,0,2526,0,0,0,2526
12/21/2011,ATL,GA,ASO,ES,Towers with Radar,2024,520,7,0,2551,0,0,0,0,0,2024,520,7,0,2551,0,0,0,2551
12/22/2011,ATL,GA,ASO,ES,Towers with Radar,2019,506,8,0,2533,0,0,0,0,0,2019,506,8,0,2533,0,0,0,2533
12/23/2011,ATL,GA,ASO,ES,Towers with Radar,2051,516,6,0,2573,0,0,10,0,10,2051,516,16,0,2583,0,0,0,2583
12/24/2011,ATL,GA,ASO,ES,Towers with Radar,1511,338,4,0,1853,0,0,0,0,0,1511,338,4,0,1853,0,0,0,1853
12/25/2011,ATL,GA,ASO,ES,Towers with Radar,1420,250,6,0,1676,0,0,0,0,0,1420,250,6,0,1676,0,0,0,1676
12/26/2011,ATL,GA,ASO,ES,Towers with Radar,1950,485,5,0,2440,0,6,8,0,14,1950,491,13,0,2454,0,0,0,2454
12/27/2011,ATL,GA,ASO,ES,Towers with Radar,1976,487,15,0,2478,0,1,3,0,4,1976,488,18,0,2482,0,0,0,2482
12/28/2011,ATL,GA,ASO,ES,Towers with Radar,2009,506,9,0,2524,0,12,11,0,23,2009,518,20,0,2547,0,0,0,2547
12/29/2011,ATL,GA,ASO,ES,Towers with Radar,2015,509,2,0,2526,0,11,3,0,14,2015,520,5,0,2540,0,0,0,2540
12/30/2011,ATL,GA,ASO,ES,Towers with Radar,2001,513,8,0,2522,0,0,5,2,7,2001,513,13,2,2529,0,0,0,2529
12/31/2011,ATL,GA,ASO,ES,Towers with Radar,1483,356,10,0,1849,0,2,10,0,12,1483,358,20,0,1861,0,0,0,1861
01/01/2012,ATL,GA,ASO,ES,Towers with Radar,1472,295,3,0,1770,0,1,3,0,4,1472,296,6,0,1774,0,0,0,1774
01/02/2012,ATL,GA,ASO,ES,Towers with Radar,1957,501,17,0,2475,0,0,0,0,0,1957,501,17,0,2475,0,0,0,2475
01/03/2012,ATL,GA,ASO,ES,Towers with Radar,2002,503,5,0,2510,0,4,4,0,8,2002,507,9,0,2518,0,0,0,2518
01/04/2012,ATL,GA,ASO,ES,Towers with Radar,2024,493,10,0,2527,0,4,10,0,14,2024,497,20,0,2541,0,0,0,2541
01/05/2012,ATL,GA,ASO,ES,Towers with Radar,2022,508,10,0,2540,0,4,8,0,12,2022,512,18,0,2552,0,0,0,2552
01/06/2012,ATL,GA,ASO,ES,Towers with Radar,2030,510,9,2,2551,0,2,14,0,16,2030,512,23,2,2567,0,0,0,2567
01/07/2012,ATL,GA,ASO,ES,Towers with Radar,1739,357,13,0,2109,0,2,0,0,2,1739,359,13,0,2111,0,0,0,2111
01/08/2012,ATL,GA,ASO,ES,Towers with Radar,1935,481,9,1,2426,0,0,0,0,0,1935,481,9,1,2426,0,0,0,2426
01/09/2012,ATL,GA,ASO,ES,Towers with Radar,2004,511,6,2,2523,0,2,2,0,4,2004,513,8,2,2527,0,0,0,2527
01/10/2012,ATL,GA,ASO,ES,Towers with Radar,1964,473,25,0,2462,0,0,2,0,2,1964,473,27,0,2464,0,0,0,2464
01/11/2012,ATL,GA,ASO,ES,Towers with Radar,1984,500,6,1,2491,0,6,0,0,6,1984,506,6,1,2497,0,0,0,2497
01/12/2012,ATL,GA,ASO,ES,Towers with Radar,2016,511,9,0,2536,0,2,6,0,8,2016,513,15,0,2544,0,0,0,2544
01/13/2012,ATL,GA,ASO,ES,Towers with Radar,2008,504,15,0,2527,0,4,6,0,10,2008,508,21,0,2537,0,0,0,2537
01/14/2012,ATL,GA,ASO,ES,Towers with Radar,1696,350,14,0,2060,0,2,1,0,3,1696,352,15,0,2063,0,0,0,2063
01/15/2012,ATL,GA,ASO,ES,Towers with Radar,1806,381,12,2,2201,0,0,1,0,1,1806,381,13,2,2202,0,0,0,2202
01/16/2012,ATL,GA,ASO,ES,Towers with Radar,1984,470,15,0,2469,0,0,2,0,2,1984,470,17,0,2471,0,0,0,2471
01/17/2012,ATL,GA,ASO,ES,Towers with Radar,1943,470,14,2,2429,0,0,11,0,11,1943,470,25,2,2440,0,0,0,2440
01/18/2012,ATL,GA,ASO,ES,Towers with Radar,1980,479,12,0,2471,0,8,12,0,20,1980,487,24,0,2491,0,0,0,2491
01/19/2012,ATL,GA,ASO,ES,Towers with Radar,2000,514,14,0,2528,0,0,15,0,15,2000,514,29,0,2543,0,0,0,2543
01/20/2012,ATL,GA,ASO,ES,Towers with Radar,1994,509,24,2,2529,0,0,11,0,11,1994,509,35,2,2540,0,0,0,2540
01/21/2012,ATL,GA,ASO,ES,Towers with Radar,1612,350,11,1,1974,0,0,4,0,4,1612,350,15,1,1978,0,0,0,1978
01/22/2012,ATL,GA,ASO,ES,Towers with Radar,1898,473,8,0,2379,0,0,0,0,0,1898,473,8,0,2379,0,0,0,2379
01/23/2012,ATL,GA,ASO,ES,Towers with Radar,1996,493,23,0,2512,0,0,2,0,2,1996,493,25,0,2514,0,0,0,2514
01/24/2012,ATL,GA,ASO,ES,Towers with Radar,1955,472,28,0,2455,0,5,9,2,16,1955,477,37,2,2471,0,0,0,2471
01/25/2012,ATL,GA,ASO,ES,Towers with Radar,1958,499,22,0,2479,0,1,8,0,9,1958,500,30,0,2488,0,0,0,2488
01/26/2012,ATL,GA,ASO,ES,Towers with Radar,2020,507,26,0,2553,0,0,2,0,2,2020,507,28,0,2555,0,0,0,2555
01/27/2012,ATL,GA,ASO,ES,Towers with Radar,2003,514,16,0,2533,0,2,12,0,14,2003,516,28,0,2547,0,0,0,2547
01/28/2012,ATL,GA,ASO,ES,Towers with Radar,1725,374,3,0,2102,0,0,4,0,4,1725,374,7,0,2106,0,0,0,2106
01/29/2012,ATL,GA,ASO,ES,Towers with Radar,1910,483,22,0,2415,0,2,2,2,6,1910,485,24,2,2421,0,0,0,2421
01/30/2012,ATL,GA,ASO,ES,Towers with Radar,2010,504,16,0,2530,0,0,5,2,7,2010,504,21,2,2537,0,0,0,2537
01/31/2012,ATL,GA,ASO,ES,Towers with Radar,1945,475,8,0,2428,0,0,8,0,8,1945,475,16,0,2436,0,0,0,2436
02/01/2012,ATL,GA,ASO,ES,Towers with Radar,1980,504,18,0,2502,0,0,2,0,2,1980,504,20,0,2504,0,0,0,2504
02/02/2012,ATL,GA,ASO,ES,Towers with Radar,2013,512,8,0,2533,0,2,14,2,18,2013,514,22,2,2551,0,0,0,2551
02/03/2012,ATL,GA,ASO,ES,Towers with Radar,2020,511,20,0,2551,0,0,10,2,12,2020,511,30,2,2563,0,0,0,2563
02/04/2012,ATL,GA,ASO,ES,Towers with Radar,1734,360,11,0,2105,0,1,2,0,3,1734,361,13,0,2108,0,0,0,2108
02/05/2012,ATL,GA,ASO,ES,Towers with Radar,1910,472,10,0,2392,0,0,0,0,0,1910,472,10,0,2392,0,0,0,2392
02/06/2012,ATL,GA,ASO,ES,Towers with Radar,2026,505,18,0,2549,0,0,6,0,6,2026,505,24,0,2555,0,0,0,2555
02/07/2012,ATL,GA,ASO,ES,Towers with Radar,1949,467,29,0,2445,0,3,10,0,13,1949,470,39,0,2458,0,0,0,2458
02/08/2012,ATL,GA,ASO,ES,Towers with Radar,1996,490,11,0,2497,0,2,6,0,8,1996,492,17,0,2505,0,0,0,2505
02/09/2012,ATL,GA,ASO,ES,Towers with Radar,2024,525,17,0,2566,0,4,4,0,8,2024,529,21,0,2574,0,0,0,2574
02/10/2012,ATL,GA,ASO,ES,Towers with Radar,2017,511,9,0,2537,0,0,5,2,7,2017,511,14,2,2544,0,0,0,2544
02/11/2012,ATL,GA,ASO,ES,Towers with Radar,1735,368,7,0,2110,0,0,2,0,2,1735,368,9,0,2112,0,0,0,2112
02/12/2012,ATL,GA,ASO,ES,Towers with Radar,1917,481,5,0,2403,0,0,11,0,11,1917,481,16,0,2414,0,0,0,2414
02/13/2012,ATL,GA,ASO,ES,Towers with Radar,2012,506,1,0,2519,0,2,0,2,4,2012,508,1,2,2523,0,0,0,2523
02/14/2012,ATL,GA,ASO,ES,Towers with Radar,1974,469,8,0,2451,0,0,1,0,1,1974,469,9,0,2452,0,0,0,2452
02/15/2012,ATL,GA,ASO,ES,Towers with Radar,2010,479,18,0,2507,0,0,12,0,12,2010,479,30,0,2519,0,0,0,2519
02/16/2012,ATL,GA,ASO,ES,Towers with Radar,2054,524,19,0,2597,0,0,0,0,0,2054,524,19,0,2597,0,0,0,2597
02/17/2012,ATL,GA,ASO,ES,Towers with Radar,2061,530,12,0,2603,0,0,9,0,9,2061,530,21,0,2612,0,0,0,2612
02/18/2012,ATL,GA,ASO,ES,Towers with Radar,1721,403,3,0,2127,0,2,1,0,3,1721,405,4,0,2130,0,0,0,2130
02/19/2012,ATL,GA,ASO,ES,Towers with Radar,1812,404,17,0,2233,0,0,0,0,0,1812,404,17,0,2233,0,0,0,2233
02/20/2012,ATL,GA,ASO,ES,Towers with Radar,2011,496,15,0,2522,0,1,3,0,4,2011,497,18,0,2526,0,0,0,2526
02/21/2012,ATL,GA,ASO,ES,Towers with Radar,2012,481,16,0,2509,0,0,4,0,4,2012,481,20,0,2513,0,0,0,2513
02/22/2012,ATL,GA,ASO,ES,Towers with Radar,2020,493,18,0,2531,0,5,9,0,14,2020,498,27,0,2545,0,0,0,2545
02/23/2012,ATL,GA,ASO,ES,Towers with Radar,2062,532,23,0,2617,0,0,2,0,2,2062,532,25,0,2619,0,0,0,2619
02/24/2012,ATL,GA,ASO,ES,Towers with Radar,2023,503,18,1,2545,0,2,2,0,4,2023,505,20,1,2549,0,0,0,2549
02/25/2012,ATL,GA,ASO,ES,Towers with Radar,1763,401,10,0,2174,0,0,3,0,3,1763,401,13,0,2177,0,0,0,2177
02/26/2012,ATL,GA,ASO,ES,Towers with Radar,1962,512,9,0,2483,0,0,1,0,1,1962,512,10,0,2484,0,0,0,2484
02/27/2012,ATL,GA,ASO,ES,Towers with Radar,2063,524,6,1,2594,0,0,7,0,7,2063,524,13,1,2601,0,0,0,2601
02/28/2012,ATL,GA,ASO,ES,Towers with Radar,2003,487,18,2,2510,0,0,6,0,6,2003,487,24,2,2516,0,0,0,2516
02/29/2012,ATL,GA,ASO,ES,Towers with Radar,2013,518,15,0,2546,0,0,4,2,6,2013,518,19,2,2552,0,0,0,2552
03/01/2012,ATL,GA,ASO,ES,Towers with Radar,2093,537,34,0,2664,0,0,15,3,18,2093,537,49,3,2682,0,0,0,2682
03/02/2012,ATL,GA,ASO,ES,Towers with Radar,2069,562,19,0,2650,0,0,2,2,4,2069,562,21,2,2654,0,0,0,2654
03/03/2012,ATL,GA,ASO,ES,Towers with Radar,1875,443,9,0,2327,0,0,5,0,5,1875,443,14,0,2332,0,0,0,2332
03/04/2012,ATL,GA,ASO,ES,Towers with Radar,2041,538,18,10,2607,0,0,1,0,1,2041,538,19,10,2608,0,0,0,2608
03/05/2012,ATL,GA,ASO,ES,Towers with Radar,2105,562,21,0,2688,0,0,0,0,0,2105,562,21,0,2688,0,0,0,2688
03/06/2012,ATL,GA,ASO,ES,Towers with Radar,2050,547,14,0,2611,0,2,8,4,14,2050,549,22,4,2625,0,0,0,2625
03/07/2012,ATL,GA,ASO,ES,Towers with Radar,2077,571,14,3,2665,0,0,8,9,17,2077,571,22,12,2682,0,0,0,2682
03/08/2012,ATL,GA,ASO,ES,Towers with Radar,2123,570,10,3,2706,0,0,14,2,16,2123,570,24,5,2722,0,0,0,2722
03/09/2012,ATL,GA,ASO,ES,Towers with Radar,2115,558,22,0,2695,0,2,5,0,7,2115,560,27,0,2702,0,0,0,2702
03/10/2012,ATL,GA,ASO,ES,Towers with Radar,1881,435,14,2,2332,0,0,4,0,4,1881,435,18,2,2336,0,0,0,2336
03/11/2012,ATL,GA,ASO,ES,Towers with Radar,2011,549,10,2,2572,0,1,1,0,2,2011,550,11,2,2574,0,0,0,2574
03/12/2012,ATL,GA,ASO,ES,Towers with Radar,2077,556,5,0,2638,0,2,5,0,7,2077,558,10,0,2645,0,0,0,2645
03/13/2012,ATL,GA,ASO,ES,Towers with Radar,2031,544,20,0,2595,0,0,4,0,4,2031,544,24,0,2599,0,0,0,2599
03/14/2012,ATL,GA,ASO,ES,Towers with Radar,2068,561,13,0,2642,0,4,9,0,13,2068,565,22,0,2655,0,0,0,2655
03/15/2012,ATL,GA,ASO,ES,Towers with Radar,2098,573,15,1,2687,0,0,8,7,15,2098,573,23,8,2702,0,0,0,2702
03/16/2012,ATL,GA,ASO,ES,Towers with Radar,2097,566,26,4,2693,0,0,11,3,14,2097,566,37,7,2707,0,0,0,2707
03/17/2012,ATL,GA,ASO,ES,Towers with Radar,1869,429,13,1,2312,0,0,4,0,4,1869,429,17,1,2316,0,0,0,2316
03/18/2012,ATL,GA,ASO,ES,Towers with Radar,2039,547,3,0,2589,0,0,0,2,2,2039,547,3,2,2591,0,0,0,2591
03/19/2012,ATL,GA,ASO,ES,Towers with Radar,2096,564,13,0,2673,0,5,15,0,20,2096,569,28,0,2693,0,0,0,2693
03/20/2012,ATL,GA,ASO,ES,Towers with Radar,2026,541,13,0,2580,0,0,5,2,7,2026,541,18,2,2587,0,0,0,2587
03/21/2012,ATL,GA,ASO,ES,Towers with Radar,2064,563,25,0,2652,0,4,14,6,24,2064,567,39,6,2676,0,0,0,2676
03/22/2012,ATL,GA,ASO,ES,Towers with Radar,2107,575,25,0,2707,0,2,0,0,2,2107,577,25,0,2709,0,0,0,2709
03/23/2012,ATL,GA,ASO,ES,Towers with Radar,2102,567,16,0,2685,0,2,8,0,10,2102,569,24,0,2695,0,0,0,2695
03/24/2012,ATL,GA,ASO,ES,Towers with Radar,1864,440,13,0,2317,0,1,9,0,10,1864,441,22,0,2327,0,0,0,2327
03/25/2012,ATL,GA,ASO,ES,Towers with Radar,2014,553,8,0,2575,0,2,0,1,3,2014,555,8,1,2578,0,0,0,2578
03/26/2012,ATL,GA,ASO,ES,Towers with Radar,2081,561,10,0,2652,0,2,5,0,7,2081,563,15,0,2659,0,0,0,2659
03/27/2012,ATL,GA,ASO,ES,Towers with Radar,2030,529,13,1,2573,0,4,5,20,29,2030,533,18,21,2602,0,0,0,2602
03/28/2012,ATL,GA,ASO,ES,Towers with Radar,2052,562,27,0,2641,0,2,14,0,16,2052,564,41,0,2657,0,0,0,2657
03/29/2012,ATL,GA,ASO,ES,Towers with Radar,2087,575,11,0,2673,0,2,7,2,11,2087,577,18,2,2684,0,0,0,2684
03/30/2012,ATL,GA,ASO,ES,Towers with Radar,2072,572,15,1,2660,0,4,11,5,20,2072,576,26,6,2680,0,0,0,2680
03/31/2012,ATL,GA,ASO,ES,Towers with Radar,1845,447,10,0,2302,0,4,4,0,8,1845,451,14,0,2310,0,0,0,2310
04/01/2012,ATL,GA,ASO,ES,Towers with Radar,1991,558,15,0,2564,0,0,6,0,6,1991,558,21,0,2570,0,0,0,2570
04/02/2012,ATL,GA,ASO,ES,Towers with Radar,2053,567,6,0,2626,0,2,7,3,12,2053,569,13,3,2638,0,0,0,2638
04/03/2012,ATL,GA,ASO,ES,Towers with Radar,1993,555,11,1,2560,0,0,4,0,4,1993,555,15,1,2564,0,0,0,2564
04/04/2012,ATL,GA,ASO,ES,Towers with Radar,2019,574,21,0,2614,0,2,6,0,8,2019,576,27,0,2622,0,0,0,2622
04/05/2012,ATL,GA,ASO,ES,Towers with Radar,2072,588,23,0,2683,0,0,13,0,13,2072,588,36,0,2696,0,0,0,2696
04/06/2012,ATL,GA,ASO,ES,Towers with Radar,2042,588,27,0,2657,0,2,12,3,17,2042,590,39,3,2674,0,0,0,2674
04/07/2012,ATL,GA,ASO,ES,Towers with Radar,1756,422,9,0,2187,0,1,4,0,5,1756,423,13,0,2192,0,0,0,2192
04/08/2012,ATL,GA,ASO,ES,Towers with Radar,1886,498,7,0,2391,0,0,0,0,0,1886,498,7,0,2391,0,0,0,2391
04/09/2012,ATL,GA,ASO,ES,Towers with Radar,2043,571,14,0,2628,0,0,2,0,2,2043,571,16,0,2630,0,0,0,2630
04/10/2012,ATL,GA,ASO,ES,Towers with Radar,2041,539,16,0,2596,0,6,6,0,12,2041,545,22,0,2608,0,0,0,2608
04/11/2012,ATL,GA,ASO,ES,Towers with Radar,2090,536,11,0,2637,0,4,2,0,6,2090,540,13,0,2643,0,0,0,2643
04/12/2012,ATL,GA,ASO,ES,Towers with Radar,2115,560,29,0,2704,0,0,6,0,6,2115,560,35,0,2710,0,0,0,2710
04/13/2012,ATL,GA,ASO,ES,Towers with Radar,2128,555,14,0,2697,0,4,8,0,12,2128,559,22,0,2709,0,0,0,2709
04/14/2012,ATL,GA,ASO,ES,Towers with Radar,1832,404,13,1,2250,0,3,4,0,7,1832,407,17,1,2257,0,0,0,2257
04/15/2012,ATL,GA,ASO,ES,Towers with Radar,2055,537,5,0,2597,0,4,3,0,7,2055,541,8,0,2604,0,0,0,2604
04/16/2012,ATL,GA,ASO,ES,Towers with Radar,2115,550,7,2,2674,0,0,5,4,9,2115,550,12,6,2683,0,0,0,2683
04/17/2012,ATL,GA,ASO,ES,Towers with Radar,2029,522,18,0,2569,0,3,2,0,5,2029,525,20,0,2574,0,0,0,2574
04/18/2012,ATL,GA,ASO,ES,Towers with Radar,2076,551,14,0,2641,0,2,4,0,6,2076,553,18,0,2647,0,0,0,2647
04/19/2012,ATL,GA,ASO,ES,Towers with Radar,2128,554,24,0,2706,0,0,20,0,20,2128,554,44,0,2726,0,0,0,2726
04/20/2012,ATL,GA,ASO,ES,Towers with Radar,2111,556,23,0,2690,0,0,5,2,7,2111,556,28,2,2697,0,0,0,2697
04/21/2012,ATL,GA,ASO,ES,Towers with Radar,1813,393,15,0,2221,0,0,4,0,4,1813,393,19,0,2225,0,0,0,2225
04/22/2012,ATL,GA,ASO,ES,Towers with Radar,2054,536,16,0,2606,0,0,2,0,2,2054,536,18,0,2608,0,0,0,2608
04/23/2012,ATL,GA,ASO,ES,Towers with Radar,2109,562,11,0,2682,0,0,0,0,0,2109,562,11,0,2682,0,0,0,2682
04/24/2012,ATL,GA,ASO,ES,Towers with Radar,2014,540,22,0,2576,0,0,4,0,4,2014,540,26,0,2580,0,0,0,2580
04/25/2012,ATL,GA,ASO,ES,Towers with Radar,2077,551,21,0,2649,0,0,6,2,8,2077,551,27,2,2657,0,0,0,2657
04/26/2012,ATL,GA,ASO,ES,Towers with Radar,2114,568,24,2,2708,0,0,6,0,6,2114,568,30,2,2714,0,0,0,2714
04/27/2012,ATL,GA,ASO,ES,Towers with Radar,2134,562,11,0,2707,0,1,11,2,14,2134,563,22,2,2721,0,0,0,2721
04/28/2012,ATL,GA,ASO,ES,Towers with Radar,1822,393,10,0,2225,0,0,17,5,22,1822,393,27,5,2247,0,0,0,2247
04/29/2012,ATL,GA,ASO,ES,Towers with Radar,2055,539,9,0,2603,0,0,0,0,0,2055,539,9,0,2603,0,0,0,2603
04/30/2012,ATL,GA,ASO,ES,Towers with Radar,2108,553,11,0,2672,0,4,2,0,6,2108,557,13,0,2678,0,0,0,2678
05/01/2012,ATL,GA,ASO,ES,Towers with Radar,2050,511,15,0,2576,0,4,6,4,14,2050,515,21,4,2590,0,0,0,2590
05/02/2012,ATL,GA,ASO,ES,Towers with Radar,2079,533,15,0,2627,0,2,4,0,6,2079,535,19,0,2633,0,0,0,2633
05/03/2012,ATL,GA,ASO,ES,Towers with Radar,2129,544,19,0,2692,0,1,15,0,16,2129,545,34,0,2708,0,0,0,2708
05/04/2012,ATL,GA,ASO,ES,Towers with Radar,2108,553,24,0,2685,0,0,15,3,18,2108,553,39,3,2703,0,0,0,2703
05/05/2012,ATL,GA,ASO,ES,Towers with Radar,1799,402,4,1,2206,0,0,6,1,7,1799,402,10,2,2213,0,0,0,2213
05/06/2012,ATL,GA,ASO,ES,Towers with Radar,2023,522,9,2,2556,0,0,5,4,9,2023,522,14,6,2565,0,0,0,2565
05/07/2012,ATL,GA,ASO,ES,Towers with Radar,2118,550,16,1,2685,0,0,13,0,13,2118,550,29,1,2698,0,0,0,2698
05/08/2012,ATL,GA,ASO,ES,Towers with Radar,2045,517,26,2,2590,0,2,8,0,10,2045,519,34,2,2600,0,0,0,2600
05/09/2012,ATL,GA,ASO,ES,Towers with Radar,2108,535,17,5,2665,0,0,2,6,8,2108,535,19,11,2673,0,0,0,2673
05/10/2012,ATL,GA,ASO,ES,Towers with Radar,2128,546,23,0,2697,0,0,9,0,9,2128,546,32,0,2706,0,0,0,2706
05/11/2012,ATL,GA,ASO,ES,Towers with Radar,2125,551,29,0,2705,0,4,14,0,18,2125,555,43,0,2723,0,0,0,2723
05/12/2012,ATL,GA,ASO,ES,Towers with Radar,1778,389,10,3,2180,0,0,4,0,4,1778,389,14,3,2184,0,0,0,2184
05/13/2012,ATL,GA,ASO,ES,Towers with Radar,2000,511,12,3,2526,0,0,0,0,0,2000,511,12,3,2526,0,0,0,2526
05/14/2012,ATL,GA,ASO,ES,Towers with Radar,2119,546,10,4,2679,0,0,4,0,4,2119,546,14,4,2683,0,0,0,2683
05/15/2012,ATL,GA,ASO,ES,Towers with Radar,2060,507,27,0,2594,0,1,6,0,7,2060,508,33,0,2601,0,0,0,2601
05/16/2012,ATL,GA,ASO,ES,Towers with Radar,2119,533,19,0,2671,0,5,6,0,11,2119,538,25,0,2682,0,0,0,2682
05/17/2012,ATL,GA,ASO,ES,Towers with Radar,2147,536,15,6,2704,0,5,7,0,12,2147,541,22,6,2716,0,0,0,2716
05/18/2012,ATL,GA,ASO,ES,Towers with Radar,2148,547,14,2,2711,0,7,8,0,15,2148,554,22,2,2726,0,0,0,2726
05/19/2012,ATL,GA,ASO,ES,Towers with Radar,1819,398,13,1,2231,0,2,4,2,8,1819,400,17,3,2239,0,0,0,2239
05/20/2012,ATL,GA,ASO,ES,Towers with Radar,2056,525,11,0,2592,0,1,2,2,5,2056,526,13,2,2597,0,0,0,2597
05/21/2012,ATL,GA,ASO,ES,Towers with Radar,2140,535,14,0,2689,0,2,8,0,10,2140,537,22,0,2699,0,0,0,2699
05/22/2012,ATL,GA,ASO,ES,Towers with Radar,2078,508,10,0,2596,0,5,11,0,16,2078,513,21,0,2612,0,0,0,2612
05/23/2012,ATL,GA,ASO,ES,Towers with Radar,2119,540,20,0,2679,0,4,19,1,24,2119,544,39,1,2703,0,0,0,2703
05/24/2012,ATL,GA,ASO,ES,Towers with Radar,2155,552,13,0,2720,0,2,16,0,18,2155,554,29,0,2738,0,0,0,2738
05/25/2012,ATL,GA,ASO,ES,Towers with Radar,2156,545,10,0,2711,0,0,14,0,14,2156,545,24,0,2725,0,0,0,2725
05/26/2012,ATL,GA,ASO,ES,Towers with Radar,1793,393,9,0,2195,0,0,9,0,9,1793,393,18,0,2204,0,0,0,2204
05/27/2012,ATL,GA,ASO,ES,Towers with Radar,1888,378,4,0,2270,0,0,6,0,6,1888,378,10,0,2276,0,0,0,2276
05/28/2012,ATL,GA,ASO,ES,Towers with Radar,2041,487,3,0,2531,0,2,0,0,2,2041,489,3,0,2533,0,0,0,2533
05/29/2012,ATL,GA,ASO,ES,Towers with Radar,2025,508,17,0,2550,0,0,4,2,6,2025,508,21,2,2556,0,0,0,2556
05/30/2012,ATL,GA,ASO,ES,Towers with Radar,2136,531,14,0,2681,0,4,7,0,11,2136,535,21,0,2692,0,0,0,2692
05/31/2012,ATL,GA,ASO,ES,Towers with Radar,2133,546,16,0,2695,0,2,6,0,8,2133,548,22,0,2703,0,0,0,2703
06/01/2012,ATL,GA,ASO,ES,Towers with Radar,2135,544,9,0,2688,0,2,12,0,14,2135,546,21,0,2702,0,0,0,2702
06/02/2012,ATL,GA,ASO,ES,Towers with Radar,1832,388,16,0,2236,0,0,10,0,10,1832,388,26,0,2246,0,0,0,2246
06/03/2012,ATL,GA,ASO,ES,Towers with Radar,2074,511,21,0,2606,0,0,2,0,2,2074,511,23,0,2608,0,0,0,2608
06/04/2012,ATL,GA,ASO,ES,Towers with Radar,2146,537,16,0,2699,0,2,4,0,6,2146,539,20,0,2705,0,0,0,2705
06/05/2012,ATL,GA,ASO,ES,Towers with Radar,2055,510,18,0,2583,0,2,6,0,8,2055,512,24,0,2591,0,0,0,2591
06/06/2012,ATL,GA,ASO,ES,Towers with Radar,2118,527,18,0,2663,0,2,6,0,8,2118,529,24,0,2671,0,0,0,2671
06/07/2012,ATL,GA,ASO,ES,Towers with Radar,2172,573,5,0,2750,0,2,8,2,12,2172,575,13,2,2762,0,0,0,2762
06/08/2012,ATL,GA,ASO,ES,Towers with Radar,2179,576,19,0,2774,0,2,16,1,19,2179,578,35,1,2793,0,0,0,2793
06/09/2012,ATL,GA,ASO,ES,Towers with Radar,1965,475,7,0,2447,0,0,4,0,4,1965,475,11,0,2451,0,0,0,2451
06/10/2012,ATL,GA,ASO,ES,Towers with Radar,2071,526,10,0,2607,0,0,0,0,0,2071,526,10,0,2607,0,0,0,2607
06/11/2012,ATL,GA,ASO,ES,Towers with Radar,2188,573,23,0,2784,0,2,0,0,2,2188,575,23,0,2786,0,0,0,2786
06/12/2012,ATL,GA,ASO,ES,Towers with Radar,2146,555,23,1,2725,0,6,6,0,12,2146,561,29,1,2737,0,0,0,2737
06/13/2012,ATL,GA,ASO,ES,Towers with Radar,2113,547,12,0,2672,0,0,12,0,12,2113,547,24,0,2684,0,0,0,2684
06/14/2012,ATL,GA,ASO,ES,Towers with Radar,2213,569,19,0,2801,0,0,10,2,12,2213,569,29,2,2813,0,0,0,2813
06/15/2012,ATL,GA,ASO,ES,Towers with Radar,2211,556,19,0,2786,0,4,20,2,26,2211,560,39,2,2812,0,0,0,2812
06/16/2012,ATL,GA,ASO,ES,Towers with Radar,1980,461,10,0,2451,0,0,9,1,10,1980,461,19,1,2461,0,0,0,2461
06/17/2012,ATL,GA,ASO,ES,Towers with Radar,2159,560,20,1,2740,0,0,0,0,0,2159,560,20,1,2740,0,0,0,2740
06/18/2012,ATL,GA,ASO,ES,Towers with Radar,2194,566,12,0,2772,0,1,6,2,9,2194,567,18,2,2781,0,0,0,2781
06/19/2012,ATL,GA,ASO,ES,Towers with Radar,2189,576,11,1,2777,0,1,3,0,4,2189,577,14,1,2781,0,0,0,2781
06/20/2012,ATL,GA,ASO,ES,Towers with Radar,2181,569,19,0,2769,0,3,10,0,13,2181,572,29,0,2782,0,0,0,2782
06/21/2012,ATL,GA,ASO,ES,Towers with Radar,2198,568,11,0,2777,0,2,13,0,15,2198,570,24,0,2792,0,0,0,2792
06/22/2012,ATL,GA,ASO,ES,Towers with Radar,2139,574,11,0,2724,0,1,7,2,10,2139,575,18,2,2734,0,0,0,2734
06/23/2012,ATL,GA,ASO,ES,Towers with Radar,2031,479,15,0,2525,0,2,3,0,5,2031,481,18,0,2530,0,0,0,2530
06/24/2012,ATL,GA,ASO,ES,Towers with Radar,2140,557,8,0,2705,0,2,4,0,6,2140,559,12,0,2711,0,0,0,2711
06/25/2012,ATL,GA,ASO,ES,Towers with Radar,2180,562,9,1,2752,0,0,6,2,8,2180,562,15,3,2760,0,0,0,2760
06/26/2012,ATL,GA,ASO,ES,Towers with Radar,2175,567,12,3,2757,0,7,11,0,18,2175,574,23,3,2775,0,0,0,2775
06/27/2012,ATL,GA,ASO,ES,Towers with Radar,2196,569,28,0,2793,0,2,13,2,17,2196,571,41,2,2810,0,0,0,2810
06/28/2012,ATL,GA,ASO,ES,Towers with Radar,2206,575,13,0,2794,0,2,6,0,8,2206,577,19,0,2802,0,0,0,2802
06/29/2012,ATL,GA,ASO,ES,Towers with Radar,2184,566,23,0,2773,0,4,14,0,18,2184,570,37,0,2791,0,0,0,2791
06/30/2012,ATL,GA,ASO,ES,Towers with Radar,1991,469,23,0,2483,0,2,2,0,4,1991,471,25,0,2487,0,0,0,2487
07/01/2012,ATL,GA,ASO,ES,Towers with Radar,2138,537,13,0,2688,0,0,0,0,0,2138,537,13,0,2688,0,0,0,2688
07/02/2012,ATL,GA,ASO,ES,Towers with Radar,2119,458,14,0,2591,0,0,5,0,5,2119,458,19,0,2596,0,0,0,2596
07/03/2012,ATL,GA,ASO,ES,Towers with Radar,1897,380,7,1,2285,0,2,17,0,19,1897,382,24,1,2304,0,0,0,2304
07/04/2012,ATL,GA,ASO,ES,Towers with Radar,1716,277,8,0,2001,0,0,6,0,6,1716,277,14,0,2007,0,0,0,2007
07/05/2012,ATL,GA,ASO,ES,Towers with Radar,1925,384,5,0,2314,0,0,6,0,6,1925,384,11,0,2320,0,0,0,2320
07/06/2012,ATL,GA,ASO,ES,Towers with Radar,2086,480,5,0,2571,0,0,18,2,20,2086,480,23,2,2591,0,0,0,2591
07/07/2012,ATL,GA,ASO,ES,Towers with Radar,1976,468,9,0,2453,0,0,4,0,4,1976,468,13,0,2457,0,0,0,2457
07/08/2012,ATL,GA,ASO,ES,Towers with Radar,2132,547,12,0,2691,0,2,0,0,2,2132,549,12,0,2693,0,0,0,2693
07/09/2012,ATL,GA,ASO,ES,Towers with Radar,2193,530,17,1,2741,0,6,9,0,15,2193,536,26,1,2756,0,0,0,2756
07/10/2012,ATL,GA,ASO,ES,Towers with Radar,2033,509,14,0,2556,0,2,12,0,14,2033,511,26,0,2570,0,0,0,2570
07/11/2012,ATL,GA,ASO,ES,Towers with Radar,2312,593,16,0,2921,0,0,5,0,5,2312,593,21,0,2926,0,0,0,2926
07/12/2012,ATL,GA,ASO,ES,Towers with Radar,2219,567,8,0,2794,0,0,6,0,6,2219,567,14,0,2800,0,0,0,2800
07/13/2012,ATL,GA,ASO,ES,Towers with Radar,2145,551,13,0,2709,0,0,6,0,6,2145,551,19,0,2715,0,0,0,2715
07/14/2012,ATL,GA,ASO,ES,Towers with Radar,2023,486,10,0,2519,0,2,7,0,9,2023,488,17,0,2528,0,0,0,2528
07/15/2012,ATL,GA,ASO,ES,Towers with Radar,2120,569,21,0,2710,0,0,0,0,0,2120,569,21,0,2710,0,0,0,2710
07/16/2012,ATL,GA,ASO,ES,Towers with Radar,2180,542,16,0,2738,0,4,4,0,8,2180,546,20,0,2746,0,0,0,2746
07/17/2012,ATL,GA,ASO,ES,Towers with Radar,2195,562,24,0,2781,0,4,6,0,10,2195,566,30,0,2791,0,0,0,2791
07/18/2012,ATL,GA,ASO,ES,Towers with Radar,2064,537,16,0,2617,0,0,7,0,7,2064,537,23,0,2624,0,0,0,2624
07/19/2012,ATL,GA,ASO,ES,Towers with Radar,2223,567,19,1,2810,0,0,9,2,11,2223,567,28,3,2821,0,0,0,2821
07/20/2012,ATL,GA,ASO,ES,Towers with Radar,2199,573,16,0,2788,0,0,13,0,13,2199,573,29,0,2801,0,0,0,2801
07/21/2012,ATL,GA,ASO,ES,Towers with Radar,2002,483,9,0,2494,0,0,5,1,6,2002,483,14,1,2500,0,0,0,2500
07/22/2012,ATL,GA,ASO,ES,Towers with Radar,2131,559,14,2,2706,0,0,3,1,4,2131,559,17,3,2710,0,0,0,2710
07/23/2012,ATL,GA,ASO,ES,Towers with Radar,2172,557,23,5,2757,0,2,3,2,7,2172,559,26,7,2764,0,0,0,2764
07/24/2012,ATL,GA,ASO,ES,Towers with Radar,2172,571,14,3,2760,0,0,7,0,7,2172,571,21,3,2767,0,0,0,2767
07/25/2012,ATL,GA,ASO,ES,Towers with Radar,2162,582,30,0,2774,0,2,11,0,13,2162,584,41,0,2787,0,0,0,2787
07/26/2012,ATL,GA,ASO,ES,Towers with Radar,2156,572,10,2,2740,0,2,11,0,13,2156,574,21,2,2753,0,0,0,2753
07/27/2012,ATL,GA,ASO,ES,Towers with Radar,2182,572,15,2,2771,0,0,8,2,10,2182,572,23,4,2781,0,0,0,2781
07/28/2012,ATL,GA,ASO,ES,Towers with Radar,1999,474,21,0,2494,0,6,7,0,13,1999,480,28,0,2507,0,0,0,2507
07/29/2012,ATL,GA,ASO,ES,Towers with Radar,2118,573,25,0,2716,0,0,1,0,1,2118,573,26,0,2717,0,0,0,2717
07/30/2012,ATL,GA,ASO,ES,Towers with Radar,2186,575,12,0,2773,0,0,10,2,12,2186,575,22,2,2785,0,0,0,2785
07/31/2012,ATL,GA,ASO,ES,Towers with Radar,2134,565,16,0,2715,0,3,7,0,10,2134,568,23,0,2725,0,0,0,2725
08/01/2012,ATL,GA,ASO,ES,Towers with Radar,2164,580,9,0,2753,0,0,9,2,11,2164,580,18,2,2764,0,0,0,2764
08/02/2012,ATL,GA,ASO,ES,Towers with Radar,2198,591,14,0,2803,0,0,7,0,7,2198,591,21,0,2810,0,0,0,2810
08/03/2012,ATL,GA,ASO,ES,Towers with Radar,2179,566,10,0,2755,0,0,15,0,15,2179,566,25,0,2770,0,0,0,2770
08/04/2012,ATL,GA,ASO,ES,Towers with Radar,1978,480,12,0,2470,0,1,1,0,2,1978,481,13,0,2472,0,0,0,2472
08/05/2012,ATL,GA,ASO,ES,Towers with Radar,2107,566,3,0,2676,0,2,1,0,3,2107,568,4,0,2679,0,0,0,2679
08/06/2012,ATL,GA,ASO,ES,Towers with Radar,2190,570,18,0,2778,0,0,5,0,5,2190,570,23,0,2783,0,0,0,2783
08/07/2012,ATL,GA,ASO,ES,Towers with Radar,2171,581,13,0,2765,0,0,10,0,10,2171,581,23,0,2775,0,0,0,2775
08/08/2012,ATL,GA,ASO,ES,Towers with Radar,2167,587,21,1,2776,0,2,8,0,10,2167,589,29,1,2786,0,0,0,2786
08/09/2012,ATL,GA,ASO,ES,Towers with Radar,1983,523,25,0,2531,0,2,5,0,7,1983,525,30,0,2538,0,0,0,2538
08/10/2012,ATL,GA,ASO,ES,Towers with Radar,2240,580,19,1,2840,0,2,7,4,13,2240,582,26,5,2853,0,0,0,2853
08/11/2012,ATL,GA,ASO,ES,Towers with Radar,1971,480,6,0,2457,0,0,3,0,3,1971,480,9,0,2460,0,0,0,2460
08/12/2012,ATL,GA,ASO,ES,Towers with Radar,2140,555,10,0,2705,0,0,2,0,2,2140,555,12,0,2707,0,0,0,2707
08/13/2012,ATL,GA,ASO,ES,Towers with Radar,2151,550,8,0,2709,0,2,14,2,18,2151,552,22,2,2727,0,0,0,2727
08/14/2012,ATL,GA,ASO,ES,Towers with Radar,2066,539,9,2,2616,0,2,6,0,8,2066,541,15,2,2624,0,0,0,2624
08/15/2012,ATL,GA,ASO,ES,Towers with Radar,2105,513,17,0,2635,0,3,5,0,8,2105,516,22,0,2643,0,0,0,2643
08/16/2012,ATL,GA,ASO,ES,Towers with Radar,2132,528,17,0,2677,0,2,10,2,14,2132,530,27,2,2691,0,0,0,2691
08/17/2012,ATL,GA,ASO,ES,Towers with Radar,2132,517,11,4,2664,0,5,17,2,24,2132,522,28,6,2688,0,0,0,2688
08/18/2012,ATL,GA,ASO,ES,Towers with Radar,1833,401,9,0,2243,0,1,0,0,1,1833,402,9,0,2244,0,0,0,2244
08/19/2012,ATL,GA,ASO,ES,Towers with Radar,2053,513,8,0,2574,0,2,2,0,4,2053,515,10,0,2578,0,0,0,2578
08/20/2012,ATL,GA,ASO,ES,Towers with Radar,2116,514,10,0,2640,0,0,5,0,5,2116,514,15,0,2645,0,0,0,2645
08/21/2012,ATL,GA,ASO,ES,Towers with Radar,2078,522,14,0,2614,0,4,4,0,8,2078,526,18,0,2622,0,0,0,2622
08/22/2012,ATL,GA,ASO,ES,Towers with Radar,2091,523,13,0,2627,0,2,16,1,19,2091,525,29,1,2646,0,0,0,2646
08/23/2012,ATL,GA,ASO,ES,Towers with Radar,2132,529,24,0,2685,0,0,11,0,11,2132,529,35,0,2696,0,0,0,2696
08/24/2012,ATL,GA,ASO,ES,Towers with Radar,2133,538,20,0,2691,0,4,8,0,12,2133,542,28,0,2703,0,0,0,2703
08/25/2012,ATL,GA,ASO,ES,Towers with Radar,1838,407,11,0,2256,0,0,9,0,9,1838,407,20,0,2265,0,0,0,2265
08/26/2012,ATL,GA,ASO,ES,Towers with Radar,2017,515,5,0,2537,0,0,6,0,6,2017,515,11,0,2543,0,0,0,2543
08/27/2012,ATL,GA,ASO,ES,Towers with Radar,2108,522,24,1,2655,0,2,2,0,4,2108,524,26,1,2659,0,0,0,2659
08/28/2012,ATL,GA,ASO,ES,Towers with Radar,2006,505,21,0,2532,0,1,3,0,4,2006,506,24,0,2536,0,0,0,2536
08/29/2012,ATL,GA,ASO,ES,Towers with Radar,2035,496,10,0,2541,0,0,8,0,8,2035,496,18,0,2549,0,0,0,2549
08/30/2012,ATL,GA,ASO,ES,Towers with Radar,2082,477,22,0,2581,0,2,12,0,14,2082,479,34,0,2595,0,0,0,2595
08/31/2012,ATL,GA,ASO,ES,Towers with Radar,2106,542,33,1,2682,0,0,15,2,17,2106,542,48,3,2699,0,0,0,2699
09/01/2012,ATL,GA,ASO,ES,Towers with Radar,1714,359,17,2,2092,0,0,6,0,6,1714,359,23,2,2098,0,0,0,2098
09/02/2012,ATL,GA,ASO,ES,Towers with Radar,1709,328,21,0,2058,0,0,11,0,11,1709,328,32,0,2069,0,0,0,2069
09/03/2012,ATL,GA,ASO,ES,Towers with Radar,1994,474,29,2,2499,0,0,13,0,13,1994,474,42,2,2512,0,0,0,2512
09/04/2012,ATL,GA,ASO,ES,Towers with Radar,2033,514,14,0,2561,0,0,3,0,3,2033,514,17,0,2564,0,0,0,2564
09/05/2012,ATL,GA,ASO,ES,Towers with Radar,2078,479,9,0,2566,0,0,6,0,6,2078,479,15,0,2572,0,0,0,2572
09/06/2012,ATL,GA,ASO,ES,Towers with Radar,2115,470,15,0,2600,0,0,16,0,16,2115,470,31,0,2616,0,0,0,2616
09/07/2012,ATL,GA,ASO,ES,Towers with Radar,2121,484,14,0,2619,0,0,24,2,26,2121,484,38,2,2645,0,0,0,2645
09/08/2012,ATL,GA,ASO,ES,Towers with Radar,1800,341,7,1,2149,0,2,6,2,10,1800,343,13,3,2159,0,0,0,2159
09/09/2012,ATL,GA,ASO,ES,Towers with Radar,2058,467,7,1,2533,0,6,0,0,6,2058,473,7,1,2539,0,0,0,2539
09/10/2012,ATL,GA,ASO,ES,Towers with Radar,2090,486,20,0,2596,0,0,7,0,7,2090,486,27,0,2603,0,0,0,2603
09/11/2012,ATL,GA,ASO,ES,Towers with Radar,2001,455,13,0,2469,0,3,20,0,23,2001,458,33,0,2492,0,0,0,2492
09/12/2012,ATL,GA,ASO,ES,Towers with Radar,2082,465,19,0,2566,0,1,14,0,15,2082,466,33,0,2581,0,0,0,2581
09/13/2012,ATL,GA,ASO,ES,Towers with Radar,2123,498,21,0,2642,0,1,10,0,11,2123,499,31,0,2653,0,0,0,2653
09/14/2012,ATL,GA,ASO,ES,Towers with Radar,2149,490,9,0,2648,0,0,5,0,5,2149,490,14,0,2653,0,0,0,2653
09/15/2012,ATL,GA,ASO,ES,Towers with Radar,1789,354,8,0,2151,0,2,10,0,12,1789,356,18,0,2163,0,0,0,2163
09/16/2012,ATL,GA,ASO,ES,Towers with Radar,2079,471,13,0,2563,0,2,0,0,2,2079,473,13,0,2565,0,0,0,2565
09/17/2012,ATL,GA,ASO,ES,Towers with Radar,2107,497,17,0,2621,0,0,0,0,0,2107,497,17,0,2621,0,0,0,2621
09/18/2012,ATL,GA,ASO,ES,Towers with Radar,1982,450,16,0,2448,0,0,2,0,2,1982,450,18,0,2450,0,0,0,2450
09/19/2012,ATL,GA,ASO,ES,Towers with Radar,2101,483,27,0,2611,0,2,15,0,17,2101,485,42,0,2628,0,0,0,2628
09/20/2012,ATL,GA,ASO,ES,Towers with Radar,2135,481,17,0,2633,0,0,12,0,12,2135,481,29,0,2645,0,0,0,2645
09/21/2012,ATL,GA,ASO,ES,Towers with Radar,2109,490,18,0,2617,0,0,10,2,12,2109,490,28,2,2629,0,0,0,2629
09/22/2012,ATL,GA,ASO,ES,Towers with Radar,1797,350,10,0,2157,0,0,10,0,10,1797,350,20,0,2167,0,0,0,2167
09/23/2012,ATL,GA,ASO,ES,Towers with Radar,2073,473,23,0,2569,0,1,4,0,5,2073,474,27,0,2574,0,0,0,2574
09/24/2012,ATL,GA,ASO,ES,Towers with Radar,2094,503,22,0,2619,0,3,3,2,8,2094,506,25,2,2627,0,0,0,2627
09/25/2012,ATL,GA,ASO,ES,Towers with Radar,2001,462,26,0,2489,0,2,2,0,4,2001,464,28,0,2493,0,0,0,2493
09/26/2012,ATL,GA,ASO,ES,Towers with Radar,2087,492,21,2,2602,0,4,6,0,10,2087,496,27,2,2612,0,0,0,2612
09/27/2012,ATL,GA,ASO,ES,Towers with Radar,2134,499,16,0,2649,0,2,10,0,12,2134,501,26,0,2661,0,0,0,2661
09/28/2012,ATL,GA,ASO,ES,Towers with Radar,2115,495,33,3,2646,0,8,11,1,20,2115,503,44,4,2666,0,0,0,2666
09/29/2012,ATL,GA,ASO,ES,Towers with Radar,1780,352,20,0,2152,0,0,5,0,5,1780,352,25,0,2157,0,0,0,2157
09/30/2012,ATL,GA,ASO,ES,Towers with Radar,2057,468,10,0,2535,1,0,1,0,2,2058,468,11,0,2537,0,0,0,2537
10/01/2012,ATL,GA,ASO,ES,Towers with Radar,2131,475,15,2,2623,0,0,0,0,0,2131,475,15,2,2623,0,0,0,2623
10/02/2012,ATL,GA,ASO,ES,Towers with Radar,2058,476,26,1,2561,0,2,14,0,16,2058,478,40,1,2577,0,0,0,2577
10/03/2012,ATL,GA,ASO,ES,Towers with Radar,2084,491,23,0,2598,0,6,23,0,29,2084,497,46,0,2627,0,0,0,2627
10/04/2012,ATL,GA,ASO,ES,Towers with Radar,2130,507,31,3,2671,0,0,22,2,24,2130,507,53,5,2695,0,0,0,2695
10/05/2012,ATL,GA,ASO,ES,Towers with Radar,2132,489,17,0,2638,0,13,13,4,30,2132,502,30,4,2668,0,0,0,2668
10/06/2012,ATL,GA,ASO,ES,Towers with Radar,1831,351,9,0,2191,0,6,7,0,13,1831,357,16,0,2204,0,0,0,2204
10/07/2012,ATL,GA,ASO,ES,Towers with Radar,2050,466,15,0,2531,0,7,6,0,13,2050,473,21,0,2544,0,0,0,2544
10/08/2012,ATL,GA,ASO,ES,Towers with Radar,2120,479,18,0,2617,0,0,10,0,10,2120,479,28,0,2627,0,0,0,2627
10/09/2012,ATL,GA,ASO,ES,Towers with Radar,2054,471,14,1,2540,0,3,11,0,14,2054,474,25,1,2554,0,0,0,2554
10/10/2012,ATL,GA,ASO,ES,Towers with Radar,2116,463,17,0,2596,0,0,5,0,5,2116,463,22,0,2601,0,0,0,2601
10/11/2012,ATL,GA,ASO,ES,Towers with Radar,2148,490,19,0,2657,0,0,9,0,9,2148,490,28,0,2666,0,0,0,2666
10/12/2012,ATL,GA,ASO,ES,Towers with Radar,2124,500,22,0,2646,0,7,14,4,25,2124,507,36,4,2671,0,0,0,2671
10/13/2012,ATL,GA,ASO,ES,Towers with Radar,1833,349,10,0,2192,0,8,3,0,11,1833,357,13,0,2203,0,0,0,2203
10/14/2012,ATL,GA,ASO,ES,Towers with Radar,2065,458,8,0,2531,0,7,2,0,9,2065,465,10,0,2540,0,0,0,2540
10/15/2012,ATL,GA,ASO,ES,Towers with Radar,2137,477,5,0,2619,0,3,4,2,9,2137,480,9,2,2628,0,0,0,2628
10/16/2012,ATL,GA,ASO,ES,Towers with Radar,2047,466,12,3,2528,0,10,9,0,19,2047,476,21,3,2547,0,0,0,2547
10/17/2012,ATL,GA,ASO,ES,Towers with Radar,2115,469,20,0,2604,0,10,13,2,25,2115,479,33,2,2629,0,0,0,2629
10/18/2012,ATL,GA,ASO,ES,Towers with Radar,2138,493,22,0,2653,0,1,9,0,10,2138,494,31,0,2663,0,0,0,2663
10/19/2012,ATL,GA,ASO,ES,Towers with Radar,1889,676,50,26,2641,0,8,6,0,14,1889,684,56,26,2655,0,0,0,2655
10/20/2012,ATL,GA,ASO,ES,Towers with Radar,1831,363,10,0,2204,0,8,3,0,11,1831,371,13,0,2215,0,0,0,2215
10/21/2012,ATL,GA,ASO,ES,Towers with Radar,2065,450,12,0,2527,0,6,3,0,9,2065,456,15,0,2536,0,0,0,2536
10/22/2012,ATL,GA,ASO,ES,Towers with Radar,2121,470,10,1,2602,0,10,15,0,25,2121,480,25,1,2627,0,0,0,2627
10/23/2012,ATL,GA,ASO,ES,Towers with Radar,2059,453,19,5,2536,0,8,4,0,12,2059,461,23,5,2548,0,0,0,2548
10/24/2012,ATL,GA,ASO,ES,Towers with Radar,2118,459,19,2,2598,0,8,19,5,32,2118,467,38,7,2630,0,0,0,2630
10/25/2012,ATL,GA,ASO,ES,Towers with Radar,2140,477,22,2,2641,0,9,10,0,19,2140,486,32,2,2660,0,0,0,2660
10/26/2012,ATL,GA,ASO,ES,Towers with Radar,2146,489,9,1,2645,0,0,12,0,12,2146,489,21,1,2657,0,0,0,2657
10/27/2012,ATL,GA,ASO,ES,Towers with Radar,1824,358,2,0,2184,0,7,6,0,13,1824,365,8,0,2197,0,0,0,2197
10/28/2012,ATL,GA,ASO,ES,Towers with Radar,2031,445,20,1,2497,0,0,0,0,0,2031,445,20,1,2497,0,0,0,2497
10/29/2012,ATL,GA,ASO,ES,Towers with Radar,1713,474,18,1,2206,0,3,2,0,5,1713,477,20,1,2211,0,0,0,2211
10/30/2012,ATL,GA,ASO,ES,Towers with Radar,1805,425,6,0,2236,0,2,4,0,6,1805,427,10,0,2242,0,0,0,2242
10/31/2012,ATL,GA,ASO,ES,Towers with Radar,1834,409,16,1,2260,0,2,6,0,8,1834,411,22,1,2268,0,0,0,2268
11/01/2012,ATL,GA,ASO,ES,Towers with Radar,2090,465,24,0,2579,0,7,6,0,13,2090,472,30,0,2592,0,0,0,2592
11/02/2012,ATL,GA,ASO,ES,Towers with Radar,2131,493,20,0,2644,0,8,7,0,15,2131,501,27,0,2659,0,0,0,2659
11/03/2012,ATL,GA,ASO,ES,Towers with Radar,1814,349,18,0,2181,0,10,1,0,11,1814,359,19,0,2192,0,0,0,2192
11/04/2012,ATL,GA,ASO,ES,Towers with Radar,2008,467,18,0,2493,0,7,2,0,9,2008,474,20,0,2502,0,0,0,2502
11/05/2012,ATL,GA,ASO,ES,Towers with Radar,2083,502,24,0,2609,0,6,0,0,6,2083,508,24,0,2615,0,0,0,2615
11/06/2012,ATL,GA,ASO,ES,Towers with Radar,2000,454,16,0,2470,0,0,0,0,0,2000,454,16,0,2470,0,0,0,2470
11/07/2012,ATL,GA,ASO,ES,Towers with Radar,2010,473,15,0,2498,0,0,0,0,0,2010,473,15,0,2498,0,0,0,2498
11/08/2012,ATL,GA,ASO,ES,Towers with Radar,2102,498,10,0,2610,0,1,2,4,7,2102,499,12,4,2617,0,0,0,2617
11/09/2012,ATL,GA,ASO,ES,Towers with Radar,2073,500,16,0,2589,0,4,3,4,11,2073,504,19,4,2600,0,0,0,2600
11/10/2012,ATL,GA,ASO,ES,Towers with Radar,1792,349,10,0,2151,0,4,0,0,4,1792,353,10,0,2155,0,0,0,2155
11/11/2012,ATL,GA,ASO,ES,Towers with Radar,2001,458,19,0,2478,0,0,1,0,1,2001,458,20,0,2479,0,0,0,2479
11/12/2012,ATL,GA,ASO,ES,Towers with Radar,2086,488,11,0,2585,0,0,0,1,1,2086,488,11,1,2586,0,0,0,2586
11/13/2012,ATL,GA,ASO,ES,Towers with Radar,2019,473,15,0,2507,0,8,3,0,11,2019,481,18,0,2518,0,0,0,2518
11/14/2012,ATL,GA,ASO,ES,Towers with Radar,2060,491,14,0,2565,0,0,4,0,4,2060,491,18,0,2569,0,0,0,2569
11/15/2012,ATL,GA,ASO,ES,Towers with Radar,2103,503,18,0,2624,1,2,5,0,8,2104,505,23,0,2632,0,0,0,2632
11/16/2012,ATL,GA,ASO,ES,Towers with Radar,2087,507,20,1,2615,0,3,0,2,5,2087,510,20,3,2620,0,0,0,2620
11/17/2012,ATL,GA,ASO,ES,Towers with Radar,1809,350,12,2,2173,0,2,1,0,3,1809,352,13,2,2176,0,0,0,2176
11/18/2012,ATL,GA,ASO,ES,Towers with Radar,1930,417,5,0,2352,0,0,2,0,2,1930,417,7,0,2354,0,0,0,2354
11/19/2012,ATL,GA,ASO,ES,Towers with Radar,1986,411,9,3,2409,0,1,8,0,9,1986,412,17,3,2418,0,0,0,2418
11/20/2012,ATL,GA,ASO,ES,Towers with Radar,2079,462,25,0,2566,0,2,10,4,16,2079,464,35,4,2582,0,0,0,2582
11/21/2012,ATL,GA,ASO,ES,Towers with Radar,2129,503,12,0,2644,0,2,3,0,5,2129,505,15,0,2649,0,0,0,2649
11/22/2012,ATL,GA,ASO,ES,Towers with Radar,1383,287,2,0,1672,0,0,2,0,2,1383,287,4,0,1674,0,0,0,1674
11/23/2012,ATL,GA,ASO,ES,Towers with Radar,1506,264,3,0,1773,0,8,1,2,11,1506,272,4,2,1784,0,0,0,1784
11/24/2012,ATL,GA,ASO,ES,Towers with Radar,2016,464,9,0,2489,0,0,0,0,0,2016,464,9,0,2489,0,0,0,2489
11/25/2012,ATL,GA,ASO,ES,Towers with Radar,2105,481,15,0,2601,0,1,4,0,5,2105,482,19,0,2606,0,0,0,2606
11/26/2012,ATL,GA,ASO,ES,Towers with Radar,2136,490,12,0,2638,0,1,4,0,5,2136,491,16,0,2643,0,0,0,2643
11/27/2012,ATL,GA,ASO,ES,Towers with Radar,1985,459,19,0,2463,0,1,0,0,1,1985,460,19,0,2464,0,0,0,2464
11/28/2012,ATL,GA,ASO,ES,Towers with Radar,2016,472,10,1,2499,0,0,3,0,3,2016,472,13,1,2502,0,0,0,2502
11/29/2012,ATL,GA,ASO,ES,Towers with Radar,2066,489,15,1,2571,0,0,1,0,1,2066,489,16,1,2572,0,0,0,2572
11/30/2012,ATL,GA,ASO,ES,Towers with Radar,2053,469,18,0,2540,0,0,8,3,11,2053,469,26,3,2551,0,0,0,2551
12/01/2012,ATL,GA,ASO,ES,Towers with Radar,1754,350,8,0,2112,0,2,9,0,11,1754,352,17,0,2123,0,0,0,2123
12/02/2012,ATL,GA,ASO,ES,Towers with Radar,1942,460,21,0,2423,0,0,4,0,4,1942,460,25,0,2427,0,0,0,2427
12/03/2012,ATL,GA,ASO,ES,Towers with Radar,2035,470,23,0,2528,0,0,5,0,5,2035,470,28,0,2533,0,0,0,2533
12/04/2012,ATL,GA,ASO,ES,Towers with Radar,1965,449,19,0,2433,0,0,34,0,34,1965,449,53,0,2467,0,0,0,2467
12/05/2012,ATL,GA,ASO,ES,Towers with Radar,2002,475,16,0,2493,0,0,2,0,2,2002,475,18,0,2495,0,0,0,2495
12/06/2012,ATL,GA,ASO,ES,Towers with Radar,2049,484,13,1,2547,0,2,6,1,9,2049,486,19,2,2556,0,0,0,2556
12/07/2012,ATL,GA,ASO,ES,Towers with Radar,2037,496,15,0,2548,0,0,7,0,7,2037,496,22,0,2555,0,0,0,2555
12/08/2012,ATL,GA,ASO,ES,Towers with Radar,1740,343,12,0,2095,0,0,0,0,0,1740,343,12,0,2095,0,0,0,2095
12/09/2012,ATL,GA,ASO,ES,Towers with Radar,1932,455,5,0,2392,0,0,0,0,0,1932,455,5,0,2392,0,0,0,2392
12/10/2012,ATL,GA,ASO,ES,Towers with Radar,2005,466,8,0,2479,0,0,0,0,0,2005,466,8,0,2479,0,0,0,2479
12/11/2012,ATL,GA,ASO,ES,Towers with Radar,1976,455,8,4,2443,1,2,10,0,13,1977,457,18,4,2456,0,0,0,2456
12/12/2012,ATL,GA,ASO,ES,Towers with Radar,2011,474,10,0,2495,0,0,8,4,12,2011,474,18,4,2507,0,0,0,2507
12/13/2012,ATL,GA,ASO,ES,Towers with Radar,2071,486,20,2,2579,0,0,14,0,14,2071,486,34,2,2593,0,0,0,2593
12/14/2012,ATL,GA,ASO,ES,Towers with Radar,2049,482,10,3,2544,0,0,6,0,6,2049,482,16,3,2550,0,0,0,2550
12/15/2012,ATL,GA,ASO,ES,Towers with Radar,1739,376,4,0,2119,0,0,4,0,4,1739,376,8,0,2123,0,0,0,2123
12/16/2012,ATL,GA,ASO,ES,Towers with Radar,1926,476,15,0,2417,0,0,0,0,0,1926,476,15,0,2417,0,0,0,2417
12/17/2012,ATL,GA,ASO,ES,Towers with Radar,1982,508,27,0,2517,0,0,0,0,0,1982,508,27,0,2517,0,0,0,2517
12/18/2012,ATL,GA,ASO,ES,Towers with Radar,1932,483,15,0,2430,0,2,2,0,4,1932,485,17,0,2434,0,0,0,2434
12/19/2012,ATL,GA,ASO,ES,Towers with Radar,1989,509,13,0,2511,0,2,16,0,18,1989,511,29,0,2529,0,0,0,2529
12/20/2012,ATL,GA,ASO,ES,Towers with Radar,1999,514,14,1,2528,0,0,0,0,0,1999,514,14,1,2528,0,0,0,2528
12/21/2012,ATL,GA,ASO,ES,Towers with Radar,2007,533,20,2,2562,0,1,0,0,1,2007,534,20,2,2563,0,0,0,2563
12/22/2012,ATL,GA,ASO,ES,Towers with Radar,1811,415,18,0,2244,0,0,2,2,4,1811,415,20,2,2248,0,0,0,2248
12/23/2012,ATL,GA,ASO,ES,Towers with Radar,1867,459,3,0,2329,0,0,0,0,0,1867,459,3,0,2329,0,0,0,2329
12/24/2012,ATL,GA,ASO,ES,Towers with Radar,1710,397,8,0,2115,0,0,0,0,0,1710,397,8,0,2115,0,0,0,2115
12/25/2012,ATL,GA,ASO,ES,Towers with Radar,1431,248,17,0,1696,0,0,0,0,0,1431,248,17,0,1696,0,0,0,1696
12/26/2012,ATL,GA,ASO,ES,Towers with Radar,1910,496,13,0,2419,0,0,0,0,0,1910,496,13,0,2419,0,0,0,2419
12/27/2012,ATL,GA,ASO,ES,Towers with Radar,1999,545,12,3,2559,0,4,5,0,9,1999,549,17,3,2568,0,0,0,2568
12/28/2012,ATL,GA,ASO,ES,Towers with Radar,2015,532,5,0,2552,0,2,8,0,10,2015,534,13,0,2562,0,0,0,2562
12/29/2012,ATL,GA,ASO,ES,Towers with Radar,1751,424,6,0,2181,0,0,0,0,0,1751,424,6,0,2181,0,0,0,2181
12/30/2012,ATL,GA,ASO,ES,Towers with Radar,1848,464,6,0,2318,0,0,4,0,4,1848,464,10,0,2322,0,0,0,2322
12/31/2012,ATL,GA,ASO,ES,Towers with Radar,1693,399,8,0,2100,0,0,18,0,18,1693,399,26,0,2118,0,0,0,2118
01/01/2013,ATL,GA,ASO,ES,Towers with Radar,1496,265,20,0,1781,0,0,2,0,2,1496,265,22,0,1783,0,0,0,1783
01/02/2013,ATL,GA,ASO,ES,Towers with Radar,2010,537,9,0,2556,0,2,8,0,10,2010,539,17,0,2566,0,0,0,2566
01/03/2013,ATL,GA,ASO,ES,Towers with Radar,2009,559,13,0,2581,0,4,6,0,10,2009,563,19,0,2591,0,0,0,2591
01/04/2013,ATL,GA,ASO,ES,Towers with Radar,2003,527,5,0,2535,0,2,4,0,6,2003,529,9,0,2541,0,0,0,2541
01/05/2013,ATL,GA,ASO,ES,Towers with Radar,1671,346,12,0,2029,0,0,13,0,13,1671,346,25,0,2042,0,0,0,2042
01/06/2013,ATL,GA,ASO,ES,Towers with Radar,1892,509,8,0,2409,0,0,4,0,4,1892,509,12,0,2413,0,0,0,2413
01/07/2013,ATL,GA,ASO,ES,Towers with Radar,1996,485,7,0,2488,0,0,16,0,16,1996,485,23,0,2504,0,0,0,2504
01/08/2013,ATL,GA,ASO,ES,Towers with Radar,1928,474,14,0,2416,0,2,17,0,19,1928,476,31,0,2435,0,0,0,2435
01/09/2013,ATL,GA,ASO,ES,Towers with Radar,1943,483,13,0,2439,0,10,8,0,18,1943,493,21,0,2457,0,0,0,2457
01/10/2013,ATL,GA,ASO,ES,Towers with Radar,1993,494,19,0,2506,0,0,0,0,0,1993,494,19,0,2506,0,0,0,2506
01/11/2013,ATL,GA,ASO,ES,Towers with Radar,1994,506,19,2,2521,0,0,7,0,7,1994,506,26,2,2528,0,0,0,2528
01/12/2013,ATL,GA,ASO,ES,Towers with Radar,1671,342,9,0,2022,0,0,2,0,2,1671,342,11,0,2024,0,0,0,2024
01/13/2013,ATL,GA,ASO,ES,Towers with Radar,1878,473,16,0,2367,0,0,0,0,0,1878,473,16,0,2367,0,0,0,2367
01/14/2013,ATL,GA,ASO,ES,Towers with Radar,1992,499,14,0,2505,0,0,0,0,0,1992,499,14,0,2505,0,0,0,2505
01/15/2013,ATL,GA,ASO,ES,Towers with Radar,1906,441,20,0,2367,0,0,0,0,0,1906,441,20,0,2367,0,0,0,2367
01/16/2013,ATL,GA,ASO,ES,Towers with Radar,1911,504,22,0,2437,0,0,0,0,0,1911,504,22,0,2437,0,0,0,2437
01/17/2013,ATL,GA,ASO,ES,Towers with Radar,1923,480,21,1,2425,0,0,2,0,2,1923,480,23,1,2427,0,0,0,2427
01/18/2013,ATL,GA,ASO,ES,Towers with Radar,1969,506,18,0,2493,0,6,18,0,24,1969,512,36,0,2517,0,0,0,2517
01/19/2013,ATL,GA,ASO,ES,Towers with Radar,1612,340,10,0,1962,0,4,8,0,12,1612,344,18,0,1974,0,0,0,1974
01/20/2013,ATL,GA,ASO,ES,Towers with Radar,1738,384,14,0,2136,0,6,7,0,13,1738,390,21,0,2149,0,0,0,2149
01/21/2013,ATL,GA,ASO,ES,Towers with Radar,1950,492,20,1,2463,0,6,4,0,10,1950,498,24,1,2473,0,0,0,2473
01/22/2013,ATL,GA,ASO,ES,Towers with Radar,1908,479,7,0,2394,0,2,4,0,6,1908,481,11,0,2400,0,0,0,2400
01/23/2013,ATL,GA,ASO,ES,Towers with Radar,1945,486,6,1,2438,0,5,6,0,11,1945,491,12,1,2449,0,0,0,2449
01/24/2013,ATL,GA,ASO,ES,Towers with Radar,1981,512,7,0,2500,0,1,8,0,9,1981,513,15,0,2509,0,0,0,2509
01/25/2013,ATL,GA,ASO,ES,Towers with Radar,1969,490,20,2,2481,0,2,4,6,12,1969,492,24,8,2493,0,0,0,2493
01/26/2013,ATL,GA,ASO,ES,Towers with Radar,1678,348,8,0,2034,0,0,3,0,3,1678,348,11,0,2037,0,0,0,2037
01/27/2013,ATL,GA,ASO,ES,Towers with Radar,1898,484,12,2,2396,0,0,0,0,0,1898,484,12,2,2396,0,0,0,2396
01/28/2013,ATL,GA,ASO,ES,Towers with Radar,1978,493,13,2,2486,0,1,5,0,6,1978,494,18,2,2492,0,0,0,2492
01/29/2013,ATL,GA,ASO,ES,Towers with Radar,1902,475,27,0,2404,0,0,4,0,4,1902,475,31,0,2408,0,0,0,2408
01/30/2013,ATL,GA,ASO,ES,Towers with Radar,1836,395,18,0,2249,0,0,0,0,0,1836,395,18,0,2249,0,0,0,2249
01/31/2013,ATL,GA,ASO,ES,Towers with Radar,2053,499,28,0,2580,0,2,8,0,10,2053,501,36,0,2590,0,0,0,2590
02/01/2013,ATL,GA,ASO,ES,Towers with Radar,2007,491,14,0,2512,0,2,12,4,18,2007,493,26,4,2530,0,0,0,2530
02/02/2013,ATL,GA,ASO,ES,Towers with Radar,1651,349,5,0,2005,0,0,6,0,6,1651,349,11,0,2011,0,0,0,2011
02/03/2013,ATL,GA,ASO,ES,Towers with Radar,1812,445,9,0,2266,0,0,2,0,2,1812,445,11,0,2268,0,0,0,2268
02/04/2013,ATL,GA,ASO,ES,Towers with Radar,2003,488,15,0,2506,0,4,7,2,13,2003,492,22,2,2519,0,0,0,2519
02/05/2013,ATL,GA,ASO,ES,Towers with Radar,1912,482,16,0,2410,0,0,9,0,9,1912,482,25,0,2419,0,0,0,2419
02/06/2013,ATL,GA,ASO,ES,Towers with Radar,1982,477,17,0,2476,0,0,13,0,13,1982,477,30,0,2489,0,0,0,2489
02/07/2013,ATL,GA,ASO,ES,Towers with Radar,2003,489,27,0,2519,0,2,5,0,7,2003,491,32,0,2526,0,0,0,2526
02/08/2013,ATL,GA,ASO,ES,Towers with Radar,1863,502,24,0,2389,0,0,16,0,16,1863,502,40,0,2405,0,0,0,2405
02/09/2013,ATL,GA,ASO,ES,Towers with Radar,1602,352,10,0,1964,0,8,7,0,15,1602,360,17,0,1979,0,0,0,1979
02/10/2013,ATL,GA,ASO,ES,Towers with Radar,1876,485,13,0,2374,0,0,2,0,2,1876,485,15,0,2376,0,0,0,2376
02/11/2013,ATL,GA,ASO,ES,Towers with Radar,1977,482,6,0,2465,0,0,0,0,0,1977,482,6,0,2465,0,0,0,2465
02/12/2013,ATL,GA,ASO,ES,Towers with Radar,1920,466,16,0,2402,0,0,4,0,4,1920,466,20,0,2406,0,0,0,2406
02/13/2013,ATL,GA,ASO,ES,Towers with Radar,1968,494,13,0,2475,0,0,0,0,0,1968,494,13,0,2475,0,0,0,2475
02/14/2013,ATL,GA,ASO,ES,Towers with Radar,2010,507,16,0,2533,0,0,4,0,4,2010,507,20,0,2537,0,0,0,2537
02/15/2013,ATL,GA,ASO,ES,Towers with Radar,2035,489,14,2,2540,0,2,8,0,10,2035,491,22,2,2550,0,0,0,2550
02/16/2013,ATL,GA,ASO,ES,Towers with Radar,1682,348,6,2,2038,0,2,1,0,3,1682,350,7,2,2041,0,0,0,2041
02/17/2013,ATL,GA,ASO,ES,Towers with Radar,1754,345,8,3,2110,0,0,0,0,0,1754,345,8,3,2110,0,0,0,2110
02/18/2013,ATL,GA,ASO,ES,Towers with Radar,2016,488,9,0,2513,0,0,7,0,7,2016,488,16,0,2520,0,0,0,2520
02/19/2013,ATL,GA,ASO,ES,Towers with Radar,1978,482,21,0,2481,0,3,4,0,7,1978,485,25,0,2488,0,0,0,2488
02/20/2013,ATL,GA,ASO,ES,Towers with Radar,2015,476,19,0,2510,0,0,5,1,6,2015,476,24,1,2516,0,0,0,2516
02/21/2013,ATL,GA,ASO,ES,Towers with Radar,1987,498,25,0,2510,0,2,12,0,14,1987,500,37,0,2524,0,0,0,2524
02/22/2013,ATL,GA,ASO,ES,Towers with Radar,1992,500,11,0,2503,0,0,0,0,0,1992,500,11,0,2503,0,0,0,2503
02/23/2013,ATL,GA,ASO,ES,Towers with Radar,1732,362,14,0,2108,0,0,0,0,0,1732,362,14,0,2108,0,0,0,2108
02/24/2013,ATL,GA,ASO,ES,Towers with Radar,1950,482,12,0,2444,0,0,4,0,4,1950,482,16,0,2448,0,0,0,2448
02/25/2013,ATL,GA,ASO,ES,Towers with Radar,2008,497,13,0,2518,0,0,3,0,3,2008,497,16,0,2521,0,0,0,2521
02/26/2013,ATL,GA,ASO,ES,Towers with Radar,1934,482,20,0,2436,0,0,0,0,0,1934,482,20,0,2436,0,0,0,2436
02/27/2013,ATL,GA,ASO,ES,Towers with Radar,2007,502,10,1,2520,0,6,11,0,17,2007,508,21,1,2537,0,0,0,2537
02/28/2013,ATL,GA,ASO,ES,Towers with Radar,2043,511,8,0,2562,0,1,10,0,11,2043,512,18,0,2573,0,0,0,2573
03/01/2013,ATL,GA,ASO,ES,Towers with Radar,2034,517,10,0,2561,0,3,7,0,10,2034,520,17,0,2571,0,0,0,2571
03/02/2013,ATL,GA,ASO,ES,Towers with Radar,1863,434,8,0,2305,0,1,5,0,6,1863,435,13,0,2311,0,0,0,2311
03/03/2013,ATL,GA,ASO,ES,Towers with Radar,2008,507,7,0,2522,0,6,0,0,6,2008,513,7,0,2528,0,0,0,2528
03/04/2013,ATL,GA,ASO,ES,Towers with Radar,2080,514,21,0,2615,0,4,8,0,12,2080,518,29,0,2627,0,0,0,2627
03/05/2013,ATL,GA,ASO,ES,Towers with Radar,2001,520,16,0,2537,0,0,2,0,2,2001,520,18,0,2539,0,0,0,2539
03/06/2013,ATL,GA,ASO,ES,Towers with Radar,1971,524,22,0,2517,0,4,7,2,13,1971,528,29,2,2530,0,0,0,2530
03/07/2013,ATL,GA,ASO,ES,Towers with Radar,2098,532,30,0,2660,0,5,20,0,25,2098,537,50,0,2685,0,0,0,2685
03/08/2013,ATL,GA,ASO,ES,Towers with Radar,2065,523,18,0,2606,0,6,10,2,18,2065,529,28,2,2624,0,0,0,2624
03/09/2013,ATL,GA,ASO,ES,Towers with Radar,1870,436,11,0,2317,0,4,4,0,8,1870,440,15,0,2325,0,0,0,2325
03/10/2013,ATL,GA,ASO,ES,Towers with Radar,2007,498,17,0,2522,0,4,0,0,4,2007,502,17,0,2526,0,0,0,2526
03/11/2013,ATL,GA,ASO,ES,Towers with Radar,2089,522,5,0,2616,0,1,0,0,1,2089,523,5,0,2617,0,0,0,2617
03/12/2013,ATL,GA,ASO,ES,Towers with Radar,2053,529,15,0,2597,0,4,3,0,7,2053,533,18,0,2604,0,0,0,2604
03/13/2013,ATL,GA,ASO,ES,Towers with Radar,2092,525,16,0,2633,0,7,13,0,20,2092,532,29,0,2653,0,0,0,2653
03/14/2013,ATL,GA,ASO,ES,Towers with Radar,2117,526,13,0,2656,0,5,3,0,8,2117,531,16,0,2664,0,0,0,2664
03/15/2013,ATL,GA,ASO,ES,Towers with Radar,2113,527,14,0,2654,0,9,15,2,26,2113,536,29,2,2680,0,0,0,2680
03/16/2013,ATL,GA,ASO,ES,Towers with Radar,1877,429,10,0,2316,0,4,2,0,6,1877,433,12,0,2322,0,0,0,2322
03/17/2013,ATL,GA,ASO,ES,Towers with Radar,2023,494,12,0,2529,0,6,6,0,12,2023,500,18,0,2541,0,0,0,2541
03/18/2013,ATL,GA,ASO,ES,Towers with Radar,1766,441,8,0,2215,0,0,2,0,2,1766,441,10,0,2217,0,0,0,2217
03/19/2013,ATL,GA,ASO,ES,Towers with Radar,2178,488,18,0,2684,0,2,12,0,14,2178,490,30,0,2698,0,0,0,2698
03/20/2013,ATL,GA,ASO,ES,Towers with Radar,2098,524,23,0,2645,0,9,13,0,22,2098,533,36,0,2667,0,0,0,2667
03/21/2013,ATL,GA,ASO,ES,Towers with Radar,2115,512,17,0,2644,0,6,3,0,9,2115,518,20,0,2653,0,0,0,2653
03/22/2013,ATL,GA,ASO,ES,Towers with Radar,2105,522,20,0,2647,0,5,6,0,11,2105,527,26,0,2658,0,0,0,2658
03/23/2013,ATL,GA,ASO,ES,Towers with Radar,1850,440,13,0,2303,0,0,0,0,0,1850,440,13,0,2303,0,0,0,2303
03/24/2013,ATL,GA,ASO,ES,Towers with Radar,1986,492,16,0,2494,0,0,0,0,0,1986,492,16,0,2494,0,0,0,2494
03/25/2013,ATL,GA,ASO,ES,Towers with Radar,2119,530,5,0,2654,0,5,0,0,5,2119,535,5,0,2659,0,0,0,2659
03/26/2013,ATL,GA,ASO,ES,Towers with Radar,2064,532,13,0,2609,0,1,6,0,7,2064,533,19,0,2616,0,0,0,2616
03/27/2013,ATL,GA,ASO,ES,Towers with Radar,2098,530,18,0,2646,0,9,20,0,29,2098,539,38,0,2675,0,0,0,2675
03/28/2013,ATL,GA,ASO,ES,Towers with Radar,2095,524,23,0,2642,0,3,7,0,10,2095,527,30,0,2652,0,0,0,2652
03/29/2013,ATL,GA,ASO,ES,Towers with Radar,2097,515,4,0,2616,0,2,9,1,12,2097,517,13,1,2628,0,0,0,2628
03/30/2013,ATL,GA,ASO,ES,Towers with Radar,1887,435,6,2,2330,0,2,2,0,4,1887,437,8,2,2334,0,0,0,2334
03/31/2013,ATL,GA,ASO,ES,Towers with Radar,1999,493,16,2,2510,0,2,4,0,6,1999,495,20,2,2516,0,0,0,2516
04/01/2013,ATL,GA,ASO,ES,Towers with Radar,2091,518,12,2,2623,0,0,4,0,4,2091,518,16,2,2627,0,0,0,2627
04/02/2013,ATL,GA,ASO,ES,Towers with Radar,2055,531,9,1,2596,0,2,15,0,17,2055,533,24,1,2613,0,0,0,2613
04/03/2013,ATL,GA,ASO,ES,Towers with Radar,2100,521,18,0,2639,0,0,2,0,2,2100,521,20,0,2641,0,0,0,2641
04/04/2013,ATL,GA,ASO,ES,Towers with Radar,2098,522,18,0,2638,0,0,0,0,0,2098,522,18,0,2638,0,0,0,2638
04/05/2013,ATL,GA,ASO,ES,Towers with Radar,2123,534,19,0,2676,0,0,14,0,14,2123,534,33,0,2690,0,0,0,2690
04/06/2013,ATL,GA,ASO,ES,Towers with Radar,1838,443,31,0,2312,0,0,20,0,20,1838,443,51,0,2332,0,0,0,2332
04/07/2013,ATL,GA,ASO,ES,Towers with Radar,2010,504,21,0,2535,0,2,13,0,15,2010,506,34,0,2550,0,0,0,2550
04/08/2013,ATL,GA,ASO,ES,Towers with Radar,2118,515,17,0,2650,0,0,7,0,7,2118,515,24,0,2657,0,0,0,2657
04/09/2013,ATL,GA,ASO,ES,Towers with Radar,2082,529,47,2,2660,0,3,10,0,13,2082,532,57,2,2673,0,0,0,2673
04/10/2013,ATL,GA,ASO,ES,Towers with Radar,2051,509,20,0,2580,0,2,11,0,13,2051,511,31,0,2593,0,0,0,2593
04/11/2013,ATL,GA,ASO,ES,Towers with Radar,2014,466,21,0,2501,0,2,11,0,13,2014,468,32,0,2514,0,0,0,2514
04/12/2013,ATL,GA,ASO,ES,Towers with Radar,2164,520,36,2,2722,0,2,12,0,14,2164,522,48,2,2736,0,0,0,2736
04/13/2013,ATL,GA,ASO,ES,Towers with Radar,1830,394,19,0,2243,0,0,4,0,4,1830,394,23,0,2247,0,0,0,2247
04/14/2013,ATL,GA,ASO,ES,Towers with Radar,2010,505,17,0,2532,0,0,0,0,0,2010,505,17,0,2532,0,0,0,2532
04/15/2013,ATL,GA,ASO,ES,Towers with Radar,2111,527,9,0,2647,0,0,6,0,6,2111,527,15,0,2653,0,0,0,2653
04/16/2013,ATL,GA,ASO,ES,Towers with Radar,2013,510,5,0,2528,0,2,14,0,16,2013,512,19,0,2544,0,0,0,2544
04/17/2013,ATL,GA,ASO,ES,Towers with Radar,2045,509,9,0,2563,0,2,13,0,15,2045,511,22,0,2578,0,0,0,2578
04/18/2013,ATL,GA,ASO,ES,Towers with Radar,2070,511,24,0,2605,0,0,3,0,3,2070,511,27,0,2608,0,0,0,2608
04/19/2013,ATL,GA,ASO,ES,Towers with Radar,2057,514,18,0,2589,0,0,0,0,0,2057,514,18,0,2589,0,0,0,2589
04/20/2013,ATL,GA,ASO,ES,Towers with Radar,1826,409,12,0,2247,0,0,9,0,9,1826,409,21,0,2256,0,0,0,2256
04/21/2013,ATL,GA,ASO,ES,Towers with Radar,2004,507,13,0,2524,0,0,3,0,3,2004,507,16,0,2527,0,0,0,2527
04/22/2013,ATL,GA,ASO,ES,Towers with Radar,2087,519,14,0,2620,0,0,6,0,6,2087,519,20,0,2626,0,0,0,2626
04/23/2013,ATL,GA,ASO,ES,Towers with Radar,2033,514,7,0,2554,0,0,8,0,8,2033,514,15,0,2562,0,0,0,2562
04/24/2013,ATL,GA,ASO,ES,Towers with Radar,2070,520,22,1,2613,0,0,9,0,9,2070,520,31,1,2622,0,0,0,2622
04/25/2013,ATL,GA,ASO,ES,Towers with Radar,2099,529,12,0,2640,0,0,7,0,7,2099,529,19,0,2647,0,0,0,2647
04/26/2013,ATL,GA,ASO,ES,Towers with Radar,2083,529,7,0,2619,0,4,6,0,10,2083,533,13,0,2629,0,0,0,2629
04/27/2013,ATL,GA,ASO,ES,Towers with Radar,1786,404,10,0,2200,0,2,8,0,10,1786,406,18,0,2210,0,0,0,2210
04/28/2013,ATL,GA,ASO,ES,Towers with Radar,2012,503,4,2,2521,0,0,0,0,0,2012,503,4,2,2521,0,0,0,2521
04/29/2013,ATL,GA,ASO,ES,Towers with Radar,2089,530,12,1,2632,0,0,4,0,4,2089,530,16,1,2636,0,0,0,2636
04/30/2013,ATL,GA,ASO,ES,Towers with Radar,2046,508,12,3,2569,0,0,9,0,9,2046,508,21,3,2578,0,0,0,2578
05/01/2013,ATL,GA,ASO,ES,Towers with Radar,2078,520,18,0,2616,0,1,9,0,10,2078,521,27,0,2626,0,0,0,2626
05/02/2013,ATL,GA,ASO,ES,Towers with Radar,2109,512,12,0,2633,0,0,6,0,6,2109,512,18,0,2639,0,0,0,2639
05/03/2013,ATL,GA,ASO,ES,Towers with Radar,2091,513,13,0,2617,0,6,2,1,9,2091,519,15,1,2626,0,0,0,2626
05/04/2013,ATL,GA,ASO,ES,Towers with Radar,1810,411,2,0,2223,0,0,0,0,0,1810,411,2,0,2223,0,0,0,2223
05/05/2013,ATL,GA,ASO,ES,Towers with Radar,2014,514,15,0,2543,0,0,2,0,2,2014,514,17,0,2545,0,0,0,2545
05/06/2013,ATL,GA,ASO,ES,Towers with Radar,2082,527,5,0,2614,0,0,0,0,0,2082,527,5,0,2614,0,0,0,2614
05/07/2013,ATL,GA,ASO,ES,Towers with Radar,2041,529,28,0,2598,0,2,4,0,6,2041,531,32,0,2604,0,0,0,2604
05/08/2013,ATL,GA,ASO,ES,Towers with Radar,2067,531,17,0,2615,0,0,9,0,9,2067,531,26,0,2624,0,0,0,2624
05/09/2013,ATL,GA,ASO,ES,Towers with Radar,2111,531,21,0,2663,0,2,3,0,5,2111,533,24,0,2668,0,0,0,2668
05/10/2013,ATL,GA,ASO,ES,Towers with Radar,2085,524,14,0,2623,0,4,4,2,10,2085,528,18,2,2633,0,0,0,2633
05/11/2013,ATL,GA,ASO,ES,Towers with Radar,1777,388,7,0,2172,0,0,0,0,0,1777,388,7,0,2172,0,0,0,2172
05/12/2013,ATL,GA,ASO,ES,Towers with Radar,1956,480,17,0,2453,0,2,2,2,6,1956,482,19,2,2459,0,0,0,2459
05/13/2013,ATL,GA,ASO,ES,Towers with Radar,2077,528,17,0,2622,0,1,0,0,1,2077,529,17,0,2623,0,0,0,2623
05/14/2013,ATL,GA,ASO,ES,Towers with Radar,2040,524,13,0,2577,0,3,2,1,6,2040,527,15,1,2583,0,0,0,2583
05/15/2013,ATL,GA,ASO,ES,Towers with Radar,2073,521,13,0,2607,0,4,11,2,17,2073,525,24,2,2624,0,0,0,2624
05/16/2013,ATL,GA,ASO,ES,Towers with Radar,2124,522,21,0,2667,0,5,8,1,14,2124,527,29,1,2681,0,0,0,2681
05/17/2013,ATL,GA,ASO,ES,Towers with Radar,2105,519,19,0,2643,0,0,6,2,8,2105,519,25,2,2651,0,0,0,2651
05/18/2013,ATL,GA,ASO,ES,Towers with Radar,1839,413,12,2,2266,0,0,2,0,2,1839,413,14,2,2268,0,0,0,2268
05/19/2013,ATL,GA,ASO,ES,Towers with Radar,1973,467,11,4,2455,0,0,4,0,4,1973,467,15,4,2459,0,0,0,2459
05/20/2013,ATL,GA,ASO,ES,Towers with Radar,2121,500,16,0,2637,0,0,2,0,2,2121,500,18,0,2639,0,0,0,2639
05/21/2013,ATL,GA,ASO,ES,Towers with Radar,2054,510,16,0,2580,0,4,10,0,14,2054,514,26,0,2594,0,0,0,2594
05/22/2013,ATL,GA,ASO,ES,Towers with Radar,2081,519,24,2,2626,0,2,15,0,17,2081,521,39,2,2643,0,0,0,2643
05/23/2013,ATL,GA,ASO,ES,Towers with Radar,2089,515,29,0,2633,0,2,15,0,17,2089,517,44,0,2650,0,0,0,2650
05/24/2013,ATL,GA,ASO,ES,Towers with Radar,2119,522,19,2,2662,0,2,7,0,9,2119,524,26,2,2671,0,0,0,2671
05/25/2013,ATL,GA,ASO,ES,Towers with Radar,1726,379,3,0,2108,0,2,10,0,12,1726,381,13,0,2120,0,0,0,2120
05/26/2013,ATL,GA,ASO,ES,Towers with Radar,1714,357,8,0,2079,0,0,2,0,2,1714,357,10,0,2081,0,0,0,2081
05/27/2013,ATL,GA,ASO,ES,Towers with Radar,1969,471,2,0,2442,0,0,4,0,4,1969,471,6,0,2446,0,0,0,2446
05/28/2013,ATL,GA,ASO,ES,Towers with Radar,2059,520,11,1,2591,0,0,5,0,5,2059,520,16,1,2596,0,0,0,2596
05/29/2013,ATL,GA,ASO,ES,Towers with Radar,2089,519,11,3,2622,0,2,19,0,21,2089,521,30,3,2643,0,0,0,2643
05/30/2013,ATL,GA,ASO,ES,Towers with Radar,2122,516,12,1,2651,0,0,11,0,11,2122,516,23,1,2662,0,0,0,2662
05/31/2013,ATL,GA,ASO,ES,Towers with Radar,2108,515,3,0,2626,0,0,8,0,8,2108,515,11,0,2634,0,0,0,2634
06/01/2013,ATL,GA,ASO,ES,Towers with Radar,1839,426,6,2,2273,0,2,2,0,4,1839,428,8,2,2277,0,0,0,2277
06/02/2013,ATL,GA,ASO,ES,Towers with Radar,1974,457,7,1,2439,0,0,0,0,0,1974,457,7,1,2439,0,0,0,2439
06/03/2013,ATL,GA,ASO,ES,Towers with Radar,2149,515,9,0,2673,0,0,6,0,6,2149,515,15,0,2679,0,0,0,2679
06/04/2013,ATL,GA,ASO,ES,Towers with Radar,2079,511,13,1,2604,0,0,6,0,6,2079,511,19,1,2610,0,0,0,2610
06/05/2013,ATL,GA,ASO,ES,Towers with Radar,1906,447,4,0,2357,0,0,7,0,7,1906,447,11,0,2364,0,0,0,2364
06/06/2013,ATL,GA,ASO,ES,Towers with Radar,2260,511,12,0,2783,0,0,8,0,8,2260,511,20,0,2791,0,0,0,2791
06/07/2013,ATL,GA,ASO,ES,Towers with Radar,2082,516,16,1,2615,0,0,5,0,5,2082,516,21,1,2620,0,0,0,2620
06/08/2013,ATL,GA,ASO,ES,Towers with Radar,1854,437,10,0,2301,0,0,3,0,3,1854,437,13,0,2304,0,0,0,2304
06/09/2013,ATL,GA,ASO,ES,Towers with Radar,2039,507,10,0,2556,0,0,3,0,3,2039,507,13,0,2559,0,0,0,2559
06/10/2013,ATL,GA,ASO,ES,Towers with Radar,2104,517,13,0,2634,0,0,0,0,0,2104,517,13,0,2634,0,0,0,2634
06/11/2013,ATL,GA,ASO,ES,Towers with Radar,2134,524,16,0,2674,0,0,5,0,5,2134,524,21,0,2679,0,0,0,2679
06/12/2013,ATL,GA,ASO,ES,Towers with Radar,2128,531,20,0,2679,0,0,5,2,7,2128,531,25,2,2686,0,0,0,2686
06/13/2013,ATL,GA,ASO,ES,Towers with Radar,1949,457,16,0,2422,0,0,3,0,3,1949,457,19,0,2425,0,0,0,2425
06/14/2013,ATL,GA,ASO,ES,Towers with Radar,2285,542,25,1,2853,0,0,10,2,12,2285,542,35,3,2865,0,0,0,2865
06/15/2013,ATL,GA,ASO,ES,Towers with Radar,1978,492,12,0,2482,0,4,6,0,10,1978,496,18,0,2492,0,0,0,2492
06/16/2013,ATL,GA,ASO,ES,Towers with Radar,2090,534,16,0,2640,0,0,2,3,5,2090,534,18,3,2645,0,0,0,2645
06/17/2013,ATL,GA,ASO,ES,Towers with Radar,2048,524,12,0,2584,0,0,0,0,0,2048,524,12,0,2584,0,0,0,2584
06/18/2013,ATL,GA,ASO,ES,Towers with Radar,2137,513,11,1,2662,0,2,6,0,8,2137,515,17,1,2670,0,0,0,2670
06/19/2013,ATL,GA,ASO,ES,Towers with Radar,2176,550,10,2,2738,0,0,8,0,8,2176,550,18,2,2746,0,0,0,2746
06/20/2013,ATL,GA,ASO,ES,Towers with Radar,2160,548,19,0,2727,0,3,4,0,7,2160,551,23,0,2734,0,0,0,2734
06/21/2013,ATL,GA,ASO,ES,Towers with Radar,2157,548,19,0,2724,0,3,21,2,26,2157,551,40,2,2750,0,0,0,2750
06/22/2013,ATL,GA,ASO,ES,Towers with Radar,1959,492,11,0,2462,0,0,6,0,6,1959,492,17,0,2468,0,0,0,2468
06/23/2013,ATL,GA,ASO,ES,Towers with Radar,2087,530,20,0,2637,0,2,2,0,4,2087,532,22,0,2641,0,0,0,2641
06/24/2013,ATL,GA,ASO,ES,Towers with Radar,2106,540,17,0,2663,0,4,4,0,8,2106,544,21,0,2671,0,0,0,2671
06/25/2013,ATL,GA,ASO,ES,Towers with Radar,2127,540,16,0,2683,0,6,6,0,12,2127,546,22,0,2695,0,0,0,2695
06/26/2013,ATL,GA,ASO,ES,Towers with Radar,2139,537,20,0,2696,0,0,10,0,10,2139,537,30,0,2706,0,0,0,2706
06/27/2013,ATL,GA,ASO,ES,Towers with Radar,2071,539,26,0,2636,0,1,4,0,5,2071,540,30,0,2641,0,0,0,2641
06/28/2013,ATL,GA,ASO,ES,Towers with Radar,2167,516,23,0,2706,0,2,8,0,10,2167,518,31,0,2716,0,0,0,2716
06/29/2013,ATL,GA,ASO,ES,Towers with Radar,2036,495,13,0,2544,0,0,2,0,2,2036,495,15,0,2546,0,0,0,2546
06/30/2013,ATL,GA,ASO,ES,Towers with Radar,2010,517,7,0,2534,0,0,2,0,2,2010,517,9,0,2536,0,0,0,2536
07/01/2013,ATL,GA,ASO,ES,Towers with Radar,2045,490,21,0,2556,0,0,0,0,0,2045,490,21,0,2556,0,0,0,2556
07/02/2013,ATL,GA,ASO,ES,Towers with Radar,2055,474,11,0,2540,0,0,8,1,9,2055,474,19,1,2549,0,0,0,2549
07/03/2013,ATL,GA,ASO,ES,Towers with Radar,2073,530,9,1,2613,0,0,0,0,0,2073,530,9,1,2613,0,0,0,2613
07/04/2013,ATL,GA,ASO,ES,Towers with Radar,1596,301,2,0,1899,0,0,0,0,0,1596,301,2,0,1899,0,0,0,1899
07/05/2013,ATL,GA,ASO,ES,Towers with Radar,1927,424,5,0,2356,0,0,4,0,4,1927,424,9,0,2360,0,0,0,2360
07/06/2013,ATL,GA,ASO,ES,Towers with Radar,1939,520,15,0,2474,0,0,2,0,2,1939,520,17,0,2476,0,0,0,2476
07/07/2013,ATL,GA,ASO,ES,Towers with Radar,2071,519,9,0,2599,0,0,0,0,0,2071,519,9,0,2599,0,0,0,2599
07/08/2013,ATL,GA,ASO,ES,Towers with Radar,2144,536,18,0,2698,0,0,2,0,2,2144,536,20,0,2700,0,0,0,2700
07/09/2013,ATL,GA,ASO,ES,Towers with Radar,2097,524,22,0,2643,0,0,4,0,4,2097,524,26,0,2647,0,0,0,2647
07/10/2013,ATL,GA,ASO,ES,Towers with Radar,2035,510,18,1,2564,0,0,4,0,4,2035,510,22,1,2568,0,0,0,2568
07/11/2013,ATL,GA,ASO,ES,Towers with Radar,2205,526,13,0,2744,0,0,4,0,4,2205,526,17,0,2748,0,0,0,2748
07/12/2013,ATL,GA,ASO,ES,Towers with Radar,2081,526,11,1,2619,0,1,2,1,4,2081,527,13,2,2623,0,0,0,2623
07/13/2013,ATL,GA,ASO,ES,Towers with Radar,1991,515,6,0,2512,0,0,2,0,2,1991,515,8,0,2514,0,0,0,2514
07/14/2013,ATL,GA,ASO,ES,Towers with Radar,2094,547,11,0,2652,0,0,0,0,0,2094,547,11,0,2652,0,0,0,2652
07/15/2013,ATL,GA,ASO,ES,Towers with Radar,2142,553,18,0,2713,0,0,4,0,4,2142,553,22,0,2717,0,0,0,2717
07/16/2013,ATL,GA,ASO,ES,Towers with Radar,2121,536,16,0,2673,0,0,13,0,13,2121,536,29,0,2686,0,0,0,2686
07/17/2013,ATL,GA,ASO,ES,Towers with Radar,1999,483,28,0,2510,0,0,17,0,17,1999,483,45,0,2527,0,0,0,2527
07/18/2013,ATL,GA,ASO,ES,Towers with Radar,2249,558,13,1,2821,0,0,4,0,4,2249,558,17,1,2825,0,0,0,2825
07/19/2013,ATL,GA,ASO,ES,Towers with Radar,2162,557,13,0,2732,0,0,11,0,11,2162,557,24,0,2743,0,0,0,2743
07/20/2013,ATL,GA,ASO,ES,Towers with Radar,1845,498,3,0,2346,0,0,4,0,4,1845,498,7,0,2350,0,0,0,2350
07/21/2013,ATL,GA,ASO,ES,Towers with Radar,2022,488,5,0,2515,0,0,2,0,2,2022,488,7,0,2517,0,0,0,2517
07/22/2013,ATL,GA,ASO,ES,Towers with Radar,2203,547,11,0,2761,0,0,2,0,2,2203,547,13,0,2763,0,0,0,2763
07/23/2013,ATL,GA,ASO,ES,Towers with Radar,2114,538,14,0,2666,0,0,10,0,10,2114,538,24,0,2676,0,0,0,2676
07/24/2013,ATL,GA,ASO,ES,Towers with Radar,2150,558,13,0,2721,0,0,17,0,17,2150,558,30,0,2738,0,0,0,2738
07/25/2013,ATL,GA,ASO,ES,Towers with Radar,2146,569,20,0,2735,0,0,14,0,14,2146,569,34,0,2749,0,0,0,2749
07/26/2013,ATL,GA,ASO,ES,Towers with Radar,2136,558,15,0,2709,0,0,6,2,8,2136,558,21,2,2717,0,0,0,2717
07/27/2013,ATL,GA,ASO,ES,Towers with Radar,1957,545,7,0,2509,0,0,0,0,0,1957,545,7,0,2509,0,0,0,2509
07/28/2013,ATL,GA,ASO,ES,Towers with Radar,2033,549,10,0,2592,0,0,2,0,2,2033,549,12,0,2594,0,0,0,2594
07/29/2013,ATL,GA,ASO,ES,Towers with Radar,2147,579,18,0,2744,0,0,2,0,2,2147,579,20,0,2746,0,0,0,2746
07/30/2013,ATL,GA,ASO,ES,Towers with Radar,2108,560,13,0,2681,0,0,4,0,4,2108,560,17,0,2685,0,0,0,2685
07/31/2013,ATL,GA,ASO,ES,Towers with Radar,2128,570,11,0,2709,0,0,0,0,0,2128,570,11,0,2709,0,0,0,2709
08/01/2013,ATL,GA,ASO,ES,Towers with Radar,2130,557,15,0,2702,0,0,10,0,10,2130,557,25,0,2712,0,0,0,2712
08/02/2013,ATL,GA,ASO,ES,Towers with Radar,2170,553,10,0,2733,0,0,4,0,4,2170,553,14,0,2737,0,0,0,2737
08/03/2013,ATL,GA,ASO,ES,Towers with Radar,1950,519,7,0,2476,0,2,4,0,6,1950,521,11,0,2482,0,0,0,2482
08/04/2013,ATL,GA,ASO,ES,Towers with Radar,2069,535,12,0,2616,0,0,2,0,2,2069,535,14,0,2618,0,0,0,2618
08/05/2013,ATL,GA,ASO,ES,Towers with Radar,2135,554,16,0,2705,0,0,6,0,6,2135,554,22,0,2711,0,0,0,2711
08/06/2013,ATL,GA,ASO,ES,Towers with Radar,2106,545,25,0,2676,0,0,4,0,4,2106,545,29,0,2680,0,0,0,2680
08/07/2013,ATL,GA,ASO,ES,Towers with Radar,2132,536,25,1,2694,0,0,0,0,0,2132,536,25,1,2694,0,0,0,2694
08/08/2013,ATL,GA,ASO,ES,Towers with Radar,2124,563,17,1,2705,0,0,5,0,5,2124,563,22,1,2710,0,0,0,2710
08/09/2013,ATL,GA,ASO,ES,Towers with Radar,2156,550,16,1,2723,0,0,4,0,4,2156,550,20,1,2727,0,0,0,2727
08/10/2013,ATL,GA,ASO,ES,Towers with Radar,1943,526,8,0,2477,0,0,4,0,4,1943,526,12,0,2481,0,0,0,2481
08/11/2013,ATL,GA,ASO,ES,Towers with Radar,2061,551,18,0,2630,0,0,4,2,6,2061,551,22,2,2636,0,0,0,2636
08/12/2013,ATL,GA,ASO,ES,Towers with Radar,2028,530,13,0,2571,0,0,10,0,10,2028,530,23,0,2581,0,0,0,2581
08/13/2013,ATL,GA,ASO,ES,Towers with Radar,2109,548,18,0,2675,0,0,6,0,6,2109,548,24,0,2681,0,0,0,2681
08/14/2013,ATL,GA,ASO,ES,Towers with Radar,2091,538,11,0,2640,0,0,0,0,0,2091,538,11,0,2640,0,0,0,2640
08/15/2013,ATL,GA,ASO,ES,Towers with Radar,2138,569,14,0,2721,0,0,6,0,6,2138,569,20,0,2727,0,0,0,2727
08/16/2013,ATL,GA,ASO,ES,Towers with Radar,2122,546,16,0,2684,0,0,4,0,4,2122,546,20,0,2688,0,0,0,2688
08/17/2013,ATL,GA,ASO,ES,Towers with Radar,1925,518,16,0,2459,0,0,0,0,0,1925,518,16,0,2459,0,0,0,2459
08/18/2013,ATL,GA,ASO,ES,Towers with Radar,2036,549,6,0,2591,0,0,0,0,0,2036,549,6,0,2591,0,0,0,2591
08/19/2013,ATL,GA,ASO,ES,Towers with Radar,2098,538,19,0,2655,0,0,2,0,2,2098,538,21,0,2657,0,0,0,2657
08/20/2013,ATL,GA,ASO,ES,Towers with Radar,2030,507,9,0,2546,0,0,6,0,6,2030,507,15,0,2552,0,0,0,2552
08/21/2013,ATL,GA,ASO,ES,Towers with Radar,2057,527,19,0,2603,0,3,8,0,11,2057,530,27,0,2614,0,0,0,2614
08/22/2013,ATL,GA,ASO,ES,Towers with Radar,2090,516,12,0,2618,0,2,10,0,12,2090,518,22,0,2630,0,0,0,2630
08/23/2013,ATL,GA,ASO,ES,Towers with Radar,2076,523,23,0,2622,0,0,10,0,10,2076,523,33,0,2632,0,0,0,2632
08/24/2013,ATL,GA,ASO,ES,Towers with Radar,1810,419,4,0,2233,0,0,6,0,6,1810,419,10,0,2239,0,0,0,2239
08/25/2013,ATL,GA,ASO,ES,Towers with Radar,1983,499,6,0,2488,0,0,0,0,0,1983,499,6,0,2488,0,0,0,2488
08/26/2013,ATL,GA,ASO,ES,Towers with Radar,2056,514,10,0,2580,0,0,2,0,2,2056,514,12,0,2582,0,0,0,2582
08/27/2013,ATL,GA,ASO,ES,Towers with Radar,2009,500,18,0,2527,0,0,11,0,11,2009,500,29,0,2538,0,0,0,2538
08/28/2013,ATL,GA,ASO,ES,Towers with Radar,2047,504,25,1,2577,0,0,10,2,12,2047,504,35,3,2589,0,0,0,2589
08/29/2013,ATL,GA,ASO,ES,Towers with Radar,2072,532,17,0,2621,0,0,16,0,16,2072,532,33,0,2637,0,0,0,2637
08/30/2013,ATL,GA,ASO,ES,Towers with Radar,2058,523,22,0,2603,0,0,6,0,6,2058,523,28,0,2609,0,0,0,2609
08/31/2013,ATL,GA,ASO,ES,Towers with Radar,1662,359,12,0,2033,0,0,7,0,7,1662,359,19,0,2040,0,0,0,2040
09/01/2013,ATL,GA,ASO,ES,Towers with Radar,1670,351,17,0,2038,0,0,4,0,4,1670,351,21,0,2042,0,0,0,2042
09/02/2013,ATL,GA,ASO,ES,Towers with Radar,1943,475,25,0,2443,0,0,6,0,6,1943,475,31,0,2449,0,0,0,2449
09/03/2013,ATL,GA,ASO,ES,Towers with Radar,1970,508,27,0,2505,0,0,11,0,11,1970,508,38,0,2516,0,0,0,2516
09/04/2013,ATL,GA,ASO,ES,Towers with Radar,2019,509,12,0,2540,0,0,13,0,13,2019,509,25,0,2553,0,0,0,2553
09/05/2013,ATL,GA,ASO,ES,Towers with Radar,2026,514,16,0,2556,0,0,8,2,10,2026,514,24,2,2566,0,0,0,2566
09/06/2013,ATL,GA,ASO,ES,Towers with Radar,2042,524,9,1,2576,0,0,7,2,9,2042,524,16,3,2585,0,0,0,2585
09/07/2013,ATL,GA,ASO,ES,Towers with Radar,1680,347,3,1,2031,0,0,7,0,7,1680,347,10,1,2038,0,0,0,2038
09/08/2013,ATL,GA,ASO,ES,Towers with Radar,1956,496,6,2,2460,0,0,1,0,1,1956,496,7,2,2461,0,0,0,2461
09/09/2013,ATL,GA,ASO,ES,Towers with Radar,2020,518,7,0,2545,0,0,4,0,4,2020,518,11,0,2549,0,0,0,2549
09/10/2013,ATL,GA,ASO,ES,Towers with Radar,1936,493,18,3,2450,0,0,8,0,8,1936,493,26,3,2458,0,0,0,2458
09/11/2013,ATL,GA,ASO,ES,Towers with Radar,1934,474,6,2,2416,0,0,8,0,8,1934,474,14,2,2424,0,0,0,2424
09/12/2013,ATL,GA,ASO,ES,Towers with Radar,1989,514,13,1,2517,0,0,13,0,13,1989,514,26,1,2530,0,0,0,2530
09/13/2013,ATL,GA,ASO,ES,Towers with Radar,2072,530,14,1,2617,0,0,10,0,10,2072,530,24,1,2627,0,0,0,2627
09/14/2013,ATL,GA,ASO,ES,Towers with Radar,1689,326,15,0,2030,0,0,2,2,4,1689,326,17,2,2034,0,0,0,2034
09/15/2013,ATL,GA,ASO,ES,Towers with Radar,1973,479,8,1,2461,0,0,0,0,0,1973,479,8,1,2461,0,0,0,2461
09/16/2013,ATL,GA,ASO,ES,Towers with Radar,2018,508,22,0,2548,0,0,7,0,7,2018,508,29,0,2555,0,0,0,2555
09/17/2013,ATL,GA,ASO,ES,Towers with Radar,1936,494,17,0,2447,0,0,4,0,4,1936,494,21,0,2451,0,0,0,2451
09/18/2013,ATL,GA,ASO,ES,Towers with Radar,1993,510,9,0,2512,0,0,6,2,8,1993,510,15,2,2520,0,0,0,2520
09/19/2013,ATL,GA,ASO,ES,Towers with Radar,2035,514,19,0,2568,0,0,10,0,10,2035,514,29,0,2578,0,0,0,2578
09/20/2013,ATL,GA,ASO,ES,Towers with Radar,2033,521,10,0,2564,0,2,6,0,8,2033,523,16,0,2572,0,0,0,2572
09/21/2013,ATL,GA,ASO,ES,Towers with Radar,1712,343,6,0,2061,0,0,0,0,0,1712,343,6,0,2061,0,0,0,2061
09/22/2013,ATL,GA,ASO,ES,Towers with Radar,1969,488,16,0,2473,0,0,2,0,2,1969,488,18,0,2475,0,0,0,2475
09/23/2013,ATL,GA,ASO,ES,Towers with Radar,2019,517,11,0,2547,0,0,6,0,6,2019,517,17,0,2553,0,0,0,2553
09/24/2013,ATL,GA,ASO,ES,Towers with Radar,1939,491,16,0,2446,0,0,2,0,2,1939,491,18,0,2448,0,0,0,2448
09/25/2013,ATL,GA,ASO,ES,Towers with Radar,1994,510,24,0,2528,1,0,0,0,1,1995,510,24,0,2529,0,0,0,2529
09/26/2013,ATL,GA,ASO,ES,Towers with Radar,2056,514,32,0,2602,0,0,9,2,11,2056,514,41,2,2613,0,0,0,2613
09/27/2013,ATL,GA,ASO,ES,Towers with Radar,2031,526,39,1,2597,0,0,2,0,2,2031,526,41,1,2599,0,0,0,2599
09/28/2013,ATL,GA,ASO,ES,Towers with Radar,1699,352,8,1,2060,0,0,5,0,5,1699,352,13,1,2065,0,0,0,2065
09/29/2013,ATL,GA,ASO,ES,Towers with Radar,1968,503,18,0,2489,0,0,7,0,7,1968,503,25,0,2496,0,0,0,2496
09/30/2013,ATL,GA,ASO,ES,Towers with Radar,2043,515,18,0,2576,0,0,2,0,2,2043,515,20,0,2578,0,0,0,2578
10/01/2013,ATL,GA,ASO,ES,Towers with Radar,1967,486,17,0,2470,0,1,5,0,6,1967,487,22,0,2476,0,0,0,2476
10/02/2013,ATL,GA,ASO,ES,Towers with Radar,2005,521,22,0,2548,0,1,3,0,4,2005,522,25,0,2552,0,0,0,2552
10/03/2013,ATL,GA,ASO,ES,Towers with Radar,2064,498,20,0,2582,0,2,13,0,15,2064,500,33,0,2597,0,0,0,2597
10/04/2013,ATL,GA,ASO,ES,Towers with Radar,2051,519,14,0,2584,0,0,13,0,13,2051,519,27,0,2597,0,0,0,2597
10/05/2013,ATL,GA,ASO,ES,Towers with Radar,1715,367,7,0,2089,0,0,3,0,3,1715,367,10,0,2092,0,0,0,2092
10/06/2013,ATL,GA,ASO,ES,Towers with Radar,1979,480,8,1,2468,0,1,3,0,4,1979,481,11,1,2472,0,0,0,2472
10/07/2013,ATL,GA,ASO,ES,Towers with Radar,2058,515,9,0,2582,0,0,4,0,4,2058,515,13,0,2586,0,0,0,2586
10/08/2013,ATL,GA,ASO,ES,Towers with Radar,1976,492,8,2,2478,0,0,6,0,6,1976,492,14,2,2484,0,0,0,2484
10/09/2013,ATL,GA,ASO,ES,Towers with Radar,2018,509,16,0,2543,0,0,6,0,6,2018,509,22,0,2549,0,0,0,2549
10/10/2013,ATL,GA,ASO,ES,Towers with Radar,2064,512,21,0,2597,0,0,10,0,10,2064,512,31,0,2607,0,0,0,2607
10/11/2013,ATL,GA,ASO,ES,Towers with Radar,2027,517,11,1,2556,0,1,8,0,9,2027,518,19,1,2565,0,0,0,2565
10/12/2013,ATL,GA,ASO,ES,Towers with Radar,1716,333,13,0,2062,0,2,3,0,5,1716,335,16,0,2067,0,0,0,2067
10/13/2013,ATL,GA,ASO,ES,Towers with Radar,1971,478,22,0,2471,0,0,6,0,6,1971,478,28,0,2477,0,0,0,2477
10/14/2013,ATL,GA,ASO,ES,Towers with Radar,2043,524,25,0,2592,0,2,7,0,9,2043,526,32,0,2601,0,0,0,2601
10/15/2013,ATL,GA,ASO,ES,Towers with Radar,1970,501,29,0,2500,0,0,5,0,5,1970,501,34,0,2505,0,0,0,2505
10/16/2013,ATL,GA,ASO,ES,Towers with Radar,2031,519,14,2,2566,0,0,7,0,7,2031,519,21,2,2573,0,0,0,2573
10/17/2013,ATL,GA,ASO,ES,Towers with Radar,2069,520,18,3,2610,0,0,5,0,5,2069,520,23,3,2615,0,0,0,2615
10/18/2013,ATL,GA,ASO,ES,Towers with Radar,2072,528,16,0,2616,0,0,3,0,3,2072,528,19,0,2619,0,0,0,2619
10/19/2013,ATL,GA,ASO,ES,Towers with Radar,1738,359,9,0,2106,0,0,4,0,4,1738,359,13,0,2110,0,0,0,2110
10/20/2013,ATL,GA,ASO,ES,Towers with Radar,1998,491,7,0,2496,0,0,1,0,1,1998,491,8,0,2497,0,0,0,2497
10/21/2013,ATL,GA,ASO,ES,Towers with Radar,2045,521,14,0,2580,0,0,11,0,11,2045,521,25,0,2591,0,0,0,2591
10/22/2013,ATL,GA,ASO,ES,Towers with Radar,1995,493,14,0,2502,0,0,11,0,11,1995,493,25,0,2513,0,0,0,2513
10/23/2013,ATL,GA,ASO,ES,Towers with Radar,2027,521,22,1,2571,0,3,8,0,11,2027,524,30,1,2582,0,0,0,2582
10/24/2013,ATL,GA,ASO,ES,Towers with Radar,2073,518,22,0,2613,0,0,6,0,6,2073,518,28,0,2619,0,0,0,2619
10/25/2013,ATL,GA,ASO,ES,Towers with Radar,2053,529,18,1,2601,0,1,4,0,5,2053,530,22,1,2606,0,0,0,2606
10/26/2013,ATL,GA,ASO,ES,Towers with Radar,1726,361,11,0,2098,0,0,3,0,3,1726,361,14,0,2101,0,0,0,2101
10/27/2013,ATL,GA,ASO,ES,Towers with Radar,1993,499,9,0,2501,0,0,2,0,2,1993,499,11,0,2503,0,0,0,2503
10/28/2013,ATL,GA,ASO,ES,Towers with Radar,2049,523,18,0,2590,0,0,2,0,2,2049,523,20,0,2592,0,0,0,2592
10/29/2013,ATL,GA,ASO,ES,Towers with Radar,1973,490,11,1,2475,0,0,18,0,18,1973,490,29,1,2493,0,0,0,2493
10/30/2013,ATL,GA,ASO,ES,Towers with Radar,2017,508,24,0,2549,0,2,7,3,12,2017,510,31,3,2561,0,0,0,2561
10/31/2013,ATL,GA,ASO,ES,Towers with Radar,1921,465,10,0,2396,0,0,4,0,4,1921,465,14,0,2400,0,0,0,2400
11/01/2013,ATL,GA,ASO,ES,Towers with Radar,2039,512,9,1,2561,0,0,4,0,4,2039,512,13,1,2565,0,0,0,2565
11/02/2013,ATL,GA,ASO,ES,Towers with Radar,1692,370,9,0,2071,0,0,2,1,3,1692,370,11,1,2074,0,0,0,2074
11/03/2013,ATL,GA,ASO,ES,Towers with Radar,1939,481,14,0,2434,0,2,0,2,4,1939,483,14,2,2438,0,0,0,2438
11/04/2013,ATL,GA,ASO,ES,Towers with Radar,2017,519,17,0,2553,0,0,7,0,7,2017,519,24,0,2560,0,0,0,2560
11/05/2013,ATL,GA,ASO,ES,Towers with Radar,1951,499,13,1,2464,0,2,2,0,4,1951,501,15,1,2468,0,0,0,2468
11/06/2013,ATL,GA,ASO,ES,Towers with Radar,1999,501,15,0,2515,0,0,0,0,0,1999,501,15,0,2515,0,0,0,2515
11/07/2013,ATL,GA,ASO,ES,Towers with Radar,2028,525,11,0,2564,0,0,2,2,4,2028,525,13,2,2568,0,0,0,2568
11/08/2013,ATL,GA,ASO,ES,Towers with Radar,2042,523,22,0,2587,0,0,6,0,6,2042,523,28,0,2593,0,0,0,2593
11/09/2013,ATL,GA,ASO,ES,Towers with Radar,1704,363,10,2,2079,0,0,6,0,6,1704,363,16,2,2085,0,0,0,2085
11/10/2013,ATL,GA,ASO,ES,Towers with Radar,1928,504,19,0,2451,0,0,4,0,4,1928,504,23,0,2455,0,0,0,2455
11/11/2013,ATL,GA,ASO,ES,Towers with Radar,2007,522,10,2,2541,0,0,8,0,8,2007,522,18,2,2549,0,0,0,2549
11/12/2013,ATL,GA,ASO,ES,Towers with Radar,1952,492,28,2,2474,0,0,2,2,4,1952,492,30,4,2478,0,0,0,2478
11/13/2013,ATL,GA,ASO,ES,Towers with Radar,2010,519,20,1,2550,0,0,12,0,12,2010,519,32,1,2562,0,0,0,2562
11/14/2013,ATL,GA,ASO,ES,Towers with Radar,2031,531,19,4,2585,0,0,12,0,12,2031,531,31,4,2597,0,0,0,2597
11/15/2013,ATL,GA,ASO,ES,Towers with Radar,2048,523,11,0,2582,0,0,2,0,2,2048,523,13,0,2584,0,0,0,2584
11/16/2013,ATL,GA,ASO,ES,Towers with Radar,1708,341,2,0,2051,0,0,4,0,4,1708,341,6,0,2055,0,0,0,2055
11/17/2013,ATL,GA,ASO,ES,Towers with Radar,1938,477,8,0,2423,0,0,0,0,0,1938,477,8,0,2423,0,0,0,2423
11/18/2013,ATL,GA,ASO,ES,Towers with Radar,2051,512,11,0,2574,0,1,4,0,5,2051,513,15,0,2579,0,0,0,2579
11/19/2013,ATL,GA,ASO,ES,Towers with Radar,1974,489,11,1,2475,0,2,6,0,8,1974,491,17,1,2483,0,0,0,2483
11/20/2013,ATL,GA,ASO,ES,Towers with Radar,2021,507,20,1,2549,0,0,10,0,10,2021,507,30,1,2559,0,0,0,2559
11/21/2013,ATL,GA,ASO,ES,Towers with Radar,2065,507,17,0,2589,0,0,4,0,4,2065,507,21,0,2593,0,0,0,2593
11/22/2013,ATL,GA,ASO,ES,Towers with Radar,2095,506,15,0,2616,0,0,2,0,2,2095,506,17,0,2618,0,0,0,2618
11/23/2013,ATL,GA,ASO,ES,Towers with Radar,1731,356,14,0,2101,0,0,2,0,2,1731,356,16,0,2103,0,0,0,2103
11/24/2013,ATL,GA,ASO,ES,Towers with Radar,1835,423,7,0,2265,0,0,0,0,0,1835,423,7,0,2265,0,0,0,2265
11/25/2013,ATL,GA,ASO,ES,Towers with Radar,1898,432,13,1,2344,0,0,15,0,15,1898,432,28,1,2359,0,0,0,2359
11/26/2013,ATL,GA,ASO,ES,Towers with Radar,2047,482,4,0,2533,0,0,0,0,0,2047,482,4,0,2533,0,0,0,2533
11/27/2013,ATL,GA,ASO,ES,Towers with Radar,2125,503,7,0,2635,0,1,0,0,1,2125,504,7,0,2636,0,0,0,2636
11/28/2013,ATL,GA,ASO,ES,Towers with Radar,1362,267,6,0,1635,0,0,3,0,3,1362,267,9,0,1638,0,0,0,1638
11/29/2013,ATL,GA,ASO,ES,Towers with Radar,1468,272,7,0,1747,0,0,2,0,2,1468,272,9,0,1749,0,0,0,1749
11/30/2013,ATL,GA,ASO,ES,Towers with Radar,1988,498,9,0,2495,0,0,5,2,7,1988,498,14,2,2502,0,0,0,2502
12/01/2013,ATL,GA,ASO,ES,Towers with Radar,2136,523,12,0,2671,0,0,6,0,6,2136,523,18,0,2677,0,0,0,2677
12/02/2013,ATL,GA,ASO,ES,Towers with Radar,2107,508,12,0,2627,0,0,2,0,2,2107,508,14,0,2629,0,0,0,2629
12/03/2013,ATL,GA,ASO,ES,Towers with Radar,1949,455,9,0,2413,0,0,0,0,0,1949,455,9,0,2413,0,0,0,2413
12/04/2013,ATL,GA,ASO,ES,Towers with Radar,1979,450,13,0,2442,0,0,4,0,4,1979,450,17,0,2446,0,0,0,2446
12/05/2013,ATL,GA,ASO,ES,Towers with Radar,1991,444,25,0,2460,0,1,0,0,1,1991,445,25,0,2461,0,0,0,2461
12/06/2013,ATL,GA,ASO,ES,Towers with Radar,1986,418,16,0,2420,0,0,3,0,3,1986,418,19,0,2423,0,0,0,2423
12/07/2013,ATL,GA,ASO,ES,Towers with Radar,1635,330,22,2,1989,0,0,2,0,2,1635,330,24,2,1991,0,0,0,1991
12/08/2013,ATL,GA,ASO,ES,Towers with Radar,1790,391,24,0,2205,0,0,0,0,0,1790,391,24,0,2205,0,0,0,2205
12/09/2013,ATL,GA,ASO,ES,Towers with Radar,1991,451,20,0,2462,0,0,0,0,0,1991,451,20,0,2462,0,0,0,2462
12/10/2013,ATL,GA,ASO,ES,Towers with Radar,1930,433,27,1,2391,0,0,3,0,3,1930,433,30,1,2394,0,0,0,2394
12/11/2013,ATL,GA,ASO,ES,Towers with Radar,1977,446,21,0,2444,0,0,9,0,9,1977,446,30,0,2453,0,0,0,2453
12/12/2013,ATL,GA,ASO,ES,Towers with Radar,2042,455,19,0,2516,0,1,5,0,6,2042,456,24,0,2522,0,0,0,2522
12/13/2013,ATL,GA,ASO,ES,Towers with Radar,2041,444,20,0,2505,0,0,24,0,24,2041,444,44,0,2529,0,0,0,2529
12/14/2013,ATL,GA,ASO,ES,Towers with Radar,1630,326,10,0,1966,0,0,0,0,0,1630,326,10,0,1966,0,0,0,1966
12/15/2013,ATL,GA,ASO,ES,Towers with Radar,1895,417,8,0,2320,0,0,0,0,0,1895,417,8,0,2320,0,0,0,2320
12/16/2013,ATL,GA,ASO,ES,Towers with Radar,2007,452,25,2,2486,0,1,6,4,11,2007,453,31,6,2497,0,0,0,2497
12/17/2013,ATL,GA,ASO,ES,Towers with Radar,1934,437,11,3,2385,0,2,16,0,18,1934,439,27,3,2403,0,0,0,2403
12/18/2013,ATL,GA,ASO,ES,Towers with Radar,2005,462,18,0,2485,0,0,16,0,16,2005,462,34,0,2501,0,0,0,2501
12/19/2013,ATL,GA,ASO,ES,Towers with Radar,2004,511,11,0,2526,0,1,9,0,10,2004,512,20,0,2536,0,0,0,2536
12/20/2013,ATL,GA,ASO,ES,Towers with Radar,2050,507,8,0,2565,0,0,6,0,6,2050,507,14,0,2571,0,0,0,2571
12/21/2013,ATL,GA,ASO,ES,Towers with Radar,1887,501,2,0,2390,0,0,2,0,2,1887,501,4,0,2392,0,0,0,2392
12/22/2013,ATL,GA,ASO,ES,Towers with Radar,1877,451,5,0,2333,0,0,2,0,2,1877,451,7,0,2335,0,0,0,2335
12/23/2013,ATL,GA,ASO,ES,Towers with Radar,1892,466,15,0,2373,0,0,5,0,5,1892,466,20,0,2378,0,0,0,2378
12/24/2013,ATL,GA,ASO,ES,Towers with Radar,1620,361,6,0,1987,0,3,0,0,3,1620,364,6,0,1990,0,0,0,1990
12/25/2013,ATL,GA,ASO,ES,Towers with Radar,1414,257,1,0,1672,0,0,0,0,0,1414,257,1,0,1672,0,0,0,1672
12/26/2013,ATL,GA,ASO,ES,Towers with Radar,2030,527,12,0,2569,0,0,5,0,5,2030,527,17,0,2574,0,0,0,2574
12/27/2013,ATL,GA,ASO,ES,Towers with Radar,2027,537,11,0,2575,0,0,5,2,7,2027,537,16,2,2582,0,0,0,2582
12/28/2013,ATL,GA,ASO,ES,Towers with Radar,1905,513,9,0,2427,0,0,2,0,2,1905,513,11,0,2429,0,0,0,2429
12/29/2013,ATL,GA,ASO,ES,Towers with Radar,1851,472,1,0,2324,0,1,1,0,2,1851,473,2,0,2326,0,0,0,2326
12/30/2013,ATL,GA,ASO,ES,Towers with Radar,1897,466,4,0,2367,0,0,5,0,5,1897,466,9,0,2372,0,0,0,2372
12/31/2013,ATL,GA,ASO,ES,Towers with Radar,1642,349,9,0,2000,0,0,5,0,5,1642,349,14,0,2005,0,0,0,2005
01/01/2014,ATL,GA,ASO,ES,Towers with Radar,1481,255,5,1,1742,0,0,1,0,1,1481,255,6,1,1743,0,0,0,1743
01/02/2014,ATL,GA,ASO,ES,Towers with Radar,1926,487,11,0,2424,0,0,0,0,0,1926,487,11,0,2424,0,0,0,2424
01/03/2014,ATL,GA,ASO,ES,Towers with Radar,1953,524,9,0,2486,0,0,6,0,6,1953,524,15,0,2492,0,0,0,2492
01/04/2014,ATL,GA,ASO,ES,Towers with Radar,1801,512,13,1,2327,0,1,9,0,10,1801,513,22,1,2337,0,0,0,2337
01/05/2014,ATL,GA,ASO,ES,Towers with Radar,1802,478,14,0,2294,0,0,0,0,0,1802,478,14,0,2294,0,0,0,2294
01/06/2014,ATL,GA,ASO,ES,Towers with Radar,1858,357,21,0,2236,0,0,0,0,0,1858,357,21,0,2236,0,0,0,2236
01/07/2014,ATL,GA,ASO,ES,Towers with Radar,1840,383,24,1,2248,0,0,3,0,3,1840,383,27,1,2251,0,0,0,2251
01/08/2014,ATL,GA,ASO,ES,Towers with Radar,1956,445,25,0,2426,0,0,6,0,6,1956,445,31,0,2432,0,0,0,2432
01/09/2014,ATL,GA,ASO,ES,Towers with Radar,1984,471,26,1,2482,0,2,6,0,8,1984,473,32,1,2490,0,0,0,2490
01/10/2014,ATL,GA,ASO,ES,Towers with Radar,1973,458,10,0,2441,0,0,0,0,0,1973,458,10,0,2441,0,0,0,2441
01/11/2014,ATL,GA,ASO,ES,Towers with Radar,1637,312,8,1,1958,0,0,4,0,4,1637,312,12,1,1962,0,0,0,1962
01/12/2014,ATL,GA,ASO,ES,Towers with Radar,1858,441,9,0,2308,0,0,1,0,1,1858,441,10,0,2309,0,0,0,2309
01/13/2014,ATL,GA,ASO,ES,Towers with Radar,1983,467,13,0,2463,0,0,2,0,2,1983,467,15,0,2465,0,0,0,2465
01/14/2014,ATL,GA,ASO,ES,Towers with Radar,1906,461,12,0,2379,0,0,11,0,11,1906,461,23,0,2390,0,0,0,2390
01/15/2014,ATL,GA,ASO,ES,Towers with Radar,1944,471,10,0,2425,0,0,4,0,4,1944,471,14,0,2429,0,0,0,2429
01/16/2014,ATL,GA,ASO,ES,Towers with Radar,1999,485,27,0,2511,0,0,8,0,8,1999,485,35,0,2519,0,0,0,2519
01/17/2014,ATL,GA,ASO,ES,Towers with Radar,1992,486,15,1,2494,0,0,4,0,4,1992,486,19,1,2498,0,0,0,2498
01/18/2014,ATL,GA,ASO,ES,Towers with Radar,1593,298,5,0,1896,0,0,5,0,5,1593,298,10,0,1901,0,0,0,1901
01/19/2014,ATL,GA,ASO,ES,Towers with Radar,1689,369,13,0,2071,0,0,4,0,4,1689,369,17,0,2075,0,0,0,2075
01/20/2014,ATL,GA,ASO,ES,Towers with Radar,1934,455,13,0,2402,0,0,12,0,12,1934,455,25,0,2414,0,0,0,2414
01/21/2014,ATL,GA,ASO,ES,Towers with Radar,1827,438,19,1,2285,0,0,5,0,5,1827,438,24,1,2290,0,0,0,2290
01/22/2014,ATL,GA,ASO,ES,Towers with Radar,1899,464,19,0,2382,0,0,8,2,10,1899,464,27,2,2392,0,0,0,2392
01/23/2014,ATL,GA,ASO,ES,Towers with Radar,2002,472,15,0,2489,0,0,9,0,9,2002,472,24,0,2498,0,0,0,2498
01/24/2014,ATL,GA,ASO,ES,Towers with Radar,1968,448,16,0,2432,0,0,11,0,11,1968,448,27,0,2443,0,0,0,2443
01/25/2014,ATL,GA,ASO,ES,Towers with Radar,1645,318,12,1,1976,0,0,1,2,3,1645,318,13,3,1979,0,0,0,1979
01/26/2014,ATL,GA,ASO,ES,Towers with Radar,1860,435,6,3,2304,0,0,3,0,3,1860,435,9,3,2307,0,0,0,2307
01/27/2014,ATL,GA,ASO,ES,Towers with Radar,1966,453,17,0,2436,0,0,6,0,6,1966,453,23,0,2442,0,0,0,2442
01/28/2014,ATL,GA,ASO,ES,Towers with Radar,853,192,15,0,1060,0,0,2,0,2,853,192,17,0,1062,0,0,0,1062
01/29/2014,ATL,GA,ASO,ES,Towers with Radar,643,67,22,0,732,0,4,17,6,27,643,71,39,6,759,0,0,0,759
01/30/2014,ATL,GA,ASO,ES,Towers with Radar,1298,357,46,2,1703,0,0,6,2,8,1298,357,52,4,1711,0,0,0,1711
01/31/2014,ATL,GA,ASO,ES,Towers with Radar,1867,442,40,0,2349,0,0,9,0,9,1867,442,49,0,2358,0,0,0,2358
02/01/2014,ATL,GA,ASO,ES,Towers with Radar,1551,279,9,0,1839,0,0,6,0,6,1551,279,15,0,1845,0,0,0,1845
02/02/2014,ATL,GA,ASO,ES,Towers with Radar,1670,343,5,0,2018,0,0,3,0,3,1670,343,8,0,2021,0,0,0,2021
02/03/2014,ATL,GA,ASO,ES,Towers with Radar,1913,446,7,0,2366,0,0,6,0,6,1913,446,13,0,2372,0,0,0,2372
02/04/2014,ATL,GA,ASO,ES,Towers with Radar,1866,426,25,0,2317,0,0,0,0,0,1866,426,25,0,2317,0,0,0,2317
02/05/2014,ATL,GA,ASO,ES,Towers with Radar,1839,419,33,0,2291,0,0,2,0,2,1839,419,35,0,2293,0,0,0,2293
02/06/2014,ATL,GA,ASO,ES,Towers with Radar,1971,469,18,1,2459,0,0,8,0,8,1971,469,26,1,2467,0,0,0,2467
02/07/2014,ATL,GA,ASO,ES,Towers with Radar,1991,474,14,3,2482,0,1,10,0,11,1991,475,24,3,2493,0,0,0,2493
02/08/2014,ATL,GA,ASO,ES,Towers with Radar,1640,306,8,2,1956,0,0,4,0,4,1640,306,12,2,1960,0,0,0,1960
02/09/2014,ATL,GA,ASO,ES,Towers with Radar,1873,439,9,3,2324,0,0,2,2,4,1873,439,11,5,2328,0,0,0,2328
02/10/2014,ATL,GA,ASO,ES,Towers with Radar,1969,462,14,0,2445,0,0,4,1,5,1969,462,18,1,2450,0,0,0,2450
02/11/2014,ATL,GA,ASO,ES,Towers with Radar,1469,279,6,0,1754,0,0,0,0,0,1469,279,6,0,1754,0,0,0,1754
02/12/2014,ATL,GA,ASO,ES,Towers with Radar,104,28,0,0,132,0,0,0,0,0,104,28,0,0,132,0,0,0,132
02/13/2014,ATL,GA,ASO,ES,Towers with Radar,1054,211,37,1,1303,0,2,11,0,13,1054,213,48,1,1316,0,0,0,1316
02/14/2014,ATL,GA,ASO,ES,Towers with Radar,1987,435,25,2,2449,0,0,0,0,0,1987,435,25,2,2449,0,0,0,2449
02/15/2014,ATL,GA,ASO,ES,Towers with Radar,1678,297,14,1,1990,0,0,4,0,4,1678,297,18,1,1994,0,0,0,1994
02/16/2014,ATL,GA,ASO,ES,Towers with Radar,1787,365,19,0,2171,0,2,1,0,3,1787,367,20,0,2174,0,0,0,2174
02/17/2014,ATL,GA,ASO,ES,Towers with Radar,1975,470,19,0,2464,0,0,2,0,2,1975,470,21,0,2466,0,0,0,2466
02/18/2014,ATL,GA,ASO,ES,Towers with Radar,1995,459,18,0,2472,0,0,4,0,4,1995,459,22,0,2476,0,0,0,2476
02/19/2014,ATL,GA,ASO,ES,Towers with Radar,2021,471,14,0,2506,0,2,10,0,12,2021,473,24,0,2518,0,0,0,2518
02/20/2014,ATL,GA,ASO,ES,Towers with Radar,2019,464,15,0,2498,0,0,12,0,12,2019,464,27,0,2510,0,0,0,2510
02/21/2014,ATL,GA,ASO,ES,Towers with Radar,1995,462,15,0,2472,0,0,8,0,8,1995,462,23,0,2480,0,0,0,2480
02/22/2014,ATL,GA,ASO,ES,Towers with Radar,1731,322,17,0,2070,0,0,2,0,2,1731,322,19,0,2072,0,0,0,2072
02/23/2014,ATL,GA,ASO,ES,Towers with Radar,1927,447,9,0,2383,0,0,1,0,1,1927,447,10,0,2384,0,0,0,2384
02/24/2014,ATL,GA,ASO,ES,Towers with Radar,2028,470,16,0,2514,0,2,3,0,5,2028,472,19,0,2519,0,0,0,2519
02/25/2014,ATL,GA,ASO,ES,Towers with Radar,1974,451,31,1,2457,0,0,2,0,2,1974,451,33,1,2459,0,0,0,2459
02/26/2014,ATL,GA,ASO,ES,Towers with Radar,2010,483,17,0,2510,0,0,0,0,0,2010,483,17,0,2510,0,0,0,2510
02/27/2014,ATL,GA,ASO,ES,Towers with Radar,2047,471,20,0,2538,0,0,9,0,9,2047,471,29,0,2547,0,0,0,2547
02/28/2014,ATL,GA,ASO,ES,Towers with Radar,2040,487,11,0,2538,0,0,10,0,10,2040,487,21,0,2548,0,0,0,2548
03/01/2014,ATL,GA,ASO,ES,Towers with Radar,1719,318,10,0,2047,0,0,7,0,7,1719,318,17,0,2054,0,0,0,2054
03/02/2014,ATL,GA,ASO,ES,Towers with Radar,1937,417,5,1,2360,0,0,0,0,0,1937,417,5,1,2360,0,0,0,2360
03/03/2014,ATL,GA,ASO,ES,Towers with Radar,1998,436,8,0,2442,0,0,10,0,10,1998,436,18,0,2452,0,0,0,2452
03/04/2014,ATL,GA,ASO,ES,Towers with Radar,2024,435,20,3,2482,0,0,12,0,12,2024,435,32,3,2494,0,0,0,2494
03/05/2014,ATL,GA,ASO,ES,Towers with Radar,2047,478,12,0,2537,0,0,19,0,19,2047,478,31,0,2556,0,0,0,2556
03/06/2014,ATL,GA,ASO,ES,Towers with Radar,2081,469,22,0,2572,0,0,8,0,8,2081,469,30,0,2580,0,0,0,2580
03/07/2014,ATL,GA,ASO,ES,Towers with Radar,2057,448,6,0,2511,0,0,13,0,13,2057,448,19,0,2524,0,0,0,2524
03/08/2014,ATL,GA,ASO,ES,Towers with Radar,1907,372,15,0,2294,0,0,6,0,6,1907,372,21,0,2300,0,0,0,2300
03/09/2014,ATL,GA,ASO,ES,Towers with Radar,2004,451,22,0,2477,0,0,0,0,0,2004,451,22,0,2477,0,0,0,2477
03/10/2014,ATL,GA,ASO,ES,Towers with Radar,2089,468,26,1,2584,0,0,8,0,8,2089,468,34,1,2592,0,0,0,2592
03/11/2014,ATL,GA,ASO,ES,Towers with Radar,2042,465,15,0,2522,0,0,1,0,1,2042,465,16,0,2523,0,0,0,2523
03/12/2014,ATL,GA,ASO,ES,Towers with Radar,2020,466,26,0,2512,0,0,0,0,0,2020,466,26,0,2512,0,0,0,2512
03/13/2014,ATL,GA,ASO,ES,Towers with Radar,2103,482,26,0,2611,0,2,10,0,12,2103,484,36,0,2623,0,0,0,2623
03/14/2014,ATL,GA,ASO,ES,Towers with Radar,2077,480,13,0,2570,0,1,7,0,8,2077,481,20,0,2578,0,0,0,2578
03/15/2014,ATL,GA,ASO,ES,Towers with Radar,1896,401,17,0,2314,0,0,4,0,4,1896,401,21,0,2318,0,0,0,2318
03/16/2014,ATL,GA,ASO,ES,Towers with Radar,2001,447,19,0,2467,0,0,0,0,0,2001,447,19,0,2467,0,0,0,2467
03/17/2014,ATL,GA,ASO,ES,Towers with Radar,2084,442,23,2,2551,0,0,0,0,0,2084,442,23,2,2551,0,0,0,2551
03/18/2014,ATL,GA,ASO,ES,Towers with Radar,2077,439,28,0,2544,0,0,4,2,6,2077,439,32,2,2550,0,0,0,2550
03/19/2014,ATL,GA,ASO,ES,Towers with Radar,2089,458,25,1,2573,0,2,2,0,4,2089,460,27,1,2577,0,0,0,2577
03/20/2014,ATL,GA,ASO,ES,Towers with Radar,2109,467,32,0,2608,0,0,8,2,10,2109,467,40,2,2618,0,0,0,2618
03/21/2014,ATL,GA,ASO,ES,Towers with Radar,2088,460,22,0,2570,0,0,8,0,8,2088,460,30,0,2578,0,0,0,2578
03/22/2014,ATL,GA,ASO,ES,Towers with Radar,1910,387,9,0,2306,0,0,4,0,4,1910,387,13,0,2310,0,0,0,2310
03/23/2014,ATL,GA,ASO,ES,Towers with Radar,2031,442,18,0,2491,0,0,0,0,0,2031,442,18,0,2491,0,0,0,2491
03/24/2014,ATL,GA,ASO,ES,Towers with Radar,2100,458,23,1,2582,0,2,4,2,8,2100,460,27,3,2590,0,0,0,2590
03/25/2014,ATL,GA,ASO,ES,Towers with Radar,2068,459,15,0,2542,0,0,1,0,1,2068,459,16,0,2543,0,0,0,2543
03/26/2014,ATL,GA,ASO,ES,Towers with Radar,2081,449,19,0,2549,0,1,10,0,11,2081,450,29,0,2560,0,0,0,2560
03/27/2014,ATL,GA,ASO,ES,Towers with Radar,2092,445,32,4,2573,0,0,6,2,8,2092,445,38,6,2581,0,0,0,2581
03/28/2014,ATL,GA,ASO,ES,Towers with Radar,2091,461,12,0,2564,0,0,0,0,0,2091,461,12,0,2564,0,0,0,2564
03/29/2014,ATL,GA,ASO,ES,Towers with Radar,1884,386,19,6,2295,0,0,0,0,0,1884,386,19,6,2295,0,0,0,2295
03/30/2014,ATL,GA,ASO,ES,Towers with Radar,2027,447,10,0,2484,0,2,2,0,4,2027,449,12,0,2488,0,0,0,2488
03/31/2014,ATL,GA,ASO,ES,Towers with Radar,2075,454,18,1,2548,1,0,5,0,6,2076,454,23,1,2554,0,0,0,2554
04/01/2014,ATL,GA,ASO,ES,Towers with Radar,2092,375,10,0,2477,0,1,4,2,7,2092,376,14,2,2484,0,0,0,2484
04/02/2014,ATL,GA,ASO,ES,Towers with Radar,2104,384,16,0,2504,0,0,10,0,10,2104,384,26,0,2514,0,0,0,2514
04/03/2014,ATL,GA,ASO,ES,Towers with Radar,2109,396,22,0,2527,0,0,3,0,3,2109,396,25,0,2530,0,0,0,2530
04/04/2014,ATL,GA,ASO,ES,Towers with Radar,2124,396,16,0,2536,0,2,5,0,7,2124,398,21,0,2543,0,0,0,2543
04/05/2014,ATL,GA,ASO,ES,Towers with Radar,1870,297,15,0,2182,0,0,2,0,2,1870,297,17,0,2184,0,0,0,2184
04/06/2014,ATL,GA,ASO,ES,Towers with Radar,2045,354,9,0,2408,0,0,0,0,0,2045,354,9,0,2408,0,0,0,2408
04/07/2014,ATL,GA,ASO,ES,Towers with Radar,2105,372,18,0,2495,0,0,0,0,0,2105,372,18,0,2495,0,0,0,2495
04/08/2014,ATL,GA,ASO,ES,Towers with Radar,2114,384,16,0,2514,0,0,7,0,7,2114,384,23,0,2521,0,0,0,2521
04/09/2014,ATL,GA,ASO,ES,Towers with Radar,2116,399,25,0,2540,0,0,8,0,8,2116,399,33,0,2548,0,0,0,2548
04/10/2014,ATL,GA,ASO,ES,Towers with Radar,2125,399,29,0,2553,0,0,8,0,8,2125,399,37,0,2561,0,0,0,2561
04/11/2014,ATL,GA,ASO,ES,Towers with Radar,2122,390,41,0,2553,0,0,14,0,14,2122,390,55,0,2567,0,0,0,2567
04/12/2014,ATL,GA,ASO,ES,Towers with Radar,1855,293,18,2,2168,0,0,6,0,6,1855,293,24,2,2174,0,0,0,2174
04/13/2014,ATL,GA,ASO,ES,Towers with Radar,2042,358,17,0,2417,0,0,8,0,8,2042,358,25,0,2425,0,0,0,2425
04/14/2014,ATL,GA,ASO,ES,Towers with Radar,2110,392,11,0,2513,0,0,3,0,3,2110,392,14,0,2516,0,0,0,2516
04/15/2014,ATL,GA,ASO,ES,Towers with Radar,2099,380,15,1,2495,0,0,0,0,0,2099,380,15,1,2495,0,0,0,2495
04/16/2014,ATL,GA,ASO,ES,Towers with Radar,2119,394,17,0,2530,0,0,5,0,5,2119,394,22,0,2535,0,0,0,2535
04/17/2014,ATL,GA,ASO,ES,Towers with Radar,2134,388,18,0,2540,0,0,6,0,6,2134,388,24,0,2546,0,0,0,2546
04/18/2014,ATL,GA,ASO,ES,Towers with Radar,2021,378,12,1,2412,0,0,0,0,0,2021,378,12,1,2412,0,0,0,2412
04/19/2014,ATL,GA,ASO,ES,Towers with Radar,1725,289,4,0,2018,0,0,2,0,2,1725,289,6,0,2020,0,0,0,2020
04/20/2014,ATL,GA,ASO,ES,Towers with Radar,1912,348,6,0,2266,0,0,5,0,5,1912,348,11,0,2271,0,0,0,2271
04/21/2014,ATL,GA,ASO,ES,Towers with Radar,2118,397,19,4,2538,0,0,9,0,9,2118,397,28,4,2547,0,0,0,2547
04/22/2014,ATL,GA,ASO,ES,Towers with Radar,2086,388,5,2,2481,0,0,7,0,7,2086,388,12,2,2488,0,0,0,2488
04/23/2014,ATL,GA,ASO,ES,Towers with Radar,2114,395,9,0,2518,0,0,10,0,10,2114,395,19,0,2528,0,0,0,2528
04/24/2014,ATL,GA,ASO,ES,Towers with Radar,2122,394,11,0,2527,0,0,11,0,11,2122,394,22,0,2538,0,0,0,2538
04/25/2014,ATL,GA,ASO,ES,Towers with Radar,2112,396,20,0,2528,0,0,10,0,10,2112,396,30,0,2538,0,0,0,2538
04/26/2014,ATL,GA,ASO,ES,Towers with Radar,1842,291,9,0,2142,0,1,7,0,8,1842,292,16,0,2150,0,0,0,2150
04/27/2014,ATL,GA,ASO,ES,Towers with Radar,2042,358,27,0,2427,0,0,4,0,4,2042,358,31,0,2431,0,0,0,2431
04/28/2014,ATL,GA,ASO,ES,Towers with Radar,2122,374,12,0,2508,0,2,6,0,8,2122,376,18,0,2516,0,0,0,2516
04/29/2014,ATL,GA,ASO,ES,Towers with Radar,2086,391,15,0,2492,0,0,0,1,1,2086,391,15,1,2493,0,0,0,2493
04/30/2014,ATL,GA,ASO,ES,Towers with Radar,2097,393,17,0,2507,0,0,0,0,0,2097,393,17,0,2507,0,0,0,2507
05/01/2014,ATL,GA,ASO,ES,Towers with Radar,2149,387,22,0,2558,0,2,9,0,11,2149,389,31,0,2569,0,0,0,2569
05/02/2014,ATL,GA,ASO,ES,Towers with Radar,2134,381,15,2,2532,0,0,4,0,4,2134,381,19,2,2536,0,0,0,2536
05/03/2014,ATL,GA,ASO,ES,Towers with Radar,1865,273,12,0,2150,0,0,13,0,13,1865,273,25,0,2163,0,0,0,2163
05/04/2014,ATL,GA,ASO,ES,Towers with Radar,2075,356,12,0,2443,0,0,4,0,4,2075,356,16,0,2447,0,0,0,2447
05/05/2014,ATL,GA,ASO,ES,Towers with Radar,2124,374,19,0,2517,0,1,8,0,9,2124,375,27,0,2526,0,0,0,2526
05/06/2014,ATL,GA,ASO,ES,Towers with Radar,2116,377,12,0,2505,0,0,2,0,2,2116,377,14,0,2507,0,0,0,2507
05/07/2014,ATL,GA,ASO,ES,Towers with Radar,2142,388,14,1,2545,0,0,12,0,12,2142,388,26,1,2557,0,0,0,2557
05/08/2014,ATL,GA,ASO,ES,Towers with Radar,2129,379,10,0,2518,0,0,6,0,6,2129,379,16,0,2524,0,0,0,2524
05/09/2014,ATL,GA,ASO,ES,Towers with Radar,2132,374,15,0,2521,0,1,4,0,5,2132,375,19,0,2526,0,0,0,2526
05/10/2014,ATL,GA,ASO,ES,Towers with Radar,1795,262,9,0,2066,0,0,2,0,2,1795,262,11,0,2068,0,0,0,2068
05/11/2014,ATL,GA,ASO,ES,Towers with Radar,1997,344,6,0,2347,0,0,2,0,2,1997,344,8,0,2349,0,0,0,2349
05/12/2014,ATL,GA,ASO,ES,Towers with Radar,2108,378,19,0,2505,0,0,8,2,10,2108,378,27,2,2515,0,0,0,2515
05/13/2014,ATL,GA,ASO,ES,Towers with Radar,2084,383,31,3,2501,0,2,12,0,14,2084,385,43,3,2515,0,0,0,2515
05/14/2014,ATL,GA,ASO,ES,Towers with Radar,2124,383,19,0,2526,0,0,6,0,6,2124,383,25,0,2532,0,0,0,2532
05/15/2014,ATL,GA,ASO,ES,Towers with Radar,2153,377,16,0,2546,0,0,3,0,3,2153,377,19,0,2549,0,0,0,2549
05/16/2014,ATL,GA,ASO,ES,Towers with Radar,2122,378,19,3,2522,0,0,16,0,16,2122,378,35,3,2538,0,0,0,2538
05/17/2014,ATL,GA,ASO,ES,Towers with Radar,1865,265,1,0,2131,0,0,9,0,9,1865,265,10,0,2140,0,0,0,2140
05/18/2014,ATL,GA,ASO,ES,Towers with Radar,2080,356,12,1,2449,0,0,2,1,3,2080,356,14,2,2452,0,0,0,2452
05/19/2014,ATL,GA,ASO,ES,Towers with Radar,2143,384,9,0,2536,0,0,7,2,9,2143,384,16,2,2545,0,0,0,2545
05/20/2014,ATL,GA,ASO,ES,Towers with Radar,2111,386,21,0,2518,0,0,10,0,10,2111,386,31,0,2528,0,0,0,2528
05/21/2014,ATL,GA,ASO,ES,Towers with Radar,2140,381,26,0,2547,0,0,18,0,18,2140,381,44,0,2565,0,0,0,2565
05/22/2014,ATL,GA,ASO,ES,Towers with Radar,2137,378,24,0,2539,0,0,3,8,11,2137,378,27,8,2550,0,0,0,2550
05/23/2014,ATL,GA,ASO,ES,Towers with Radar,2154,384,15,0,2553,0,0,17,0,17,2154,384,32,0,2570,0,0,0,2570
05/24/2014,ATL,GA,ASO,ES,Towers with Radar,1778,255,8,0,2041,0,0,11,0,11,1778,255,19,0,2052,0,0,0,2052
05/25/2014,ATL,GA,ASO,ES,Towers with Radar,1747,274,8,0,2029,0,0,2,0,2,1747,274,10,0,2031,0,0,0,2031
05/26/2014,ATL,GA,ASO,ES,Towers with Radar,1992,325,11,0,2328,0,0,2,0,2,1992,325,13,0,2330,0,0,0,2330
05/27/2014,ATL,GA,ASO,ES,Towers with Radar,2098,375,13,0,2486,0,0,4,0,4,2098,375,17,0,2490,0,0,0,2490
05/28/2014,ATL,GA,ASO,ES,Towers with Radar,2155,376,14,0,2545,0,0,2,0,2,2155,376,16,0,2547,0,0,0,2547
05/29/2014,ATL,GA,ASO,ES,Towers with Radar,2151,383,9,1,2544,0,0,6,2,8,2151,383,15,3,2552,0,0,0,2552
05/30/2014,ATL,GA,ASO,ES,Towers with Radar,2139,371,7,1,2518,0,1,0,0,1,2139,372,7,1,2519,0,0,0,2519
05/31/2014,ATL,GA,ASO,ES,Towers with Radar,1858,273,3,0,2134,0,0,0,0,0,1858,273,3,0,2134,0,0,0,2134
06/01/2014,ATL,GA,ASO,ES,Towers with Radar,2084,353,11,1,2449,0,2,0,0,2,2084,355,11,1,2451,0,0,0,2451
06/02/2014,ATL,GA,ASO,ES,Towers with Radar,2145,387,15,1,2548,0,0,8,0,8,2145,387,23,1,2556,0,0,0,2556
06/03/2014,ATL,GA,ASO,ES,Towers with Radar,2150,367,21,0,2538,0,0,4,0,4,2150,367,25,0,2542,0,0,0,2542
06/04/2014,ATL,GA,ASO,ES,Towers with Radar,2165,369,17,0,2551,0,2,6,0,8,2165,371,23,0,2559,0,0,0,2559
06/05/2014,ATL,GA,ASO,ES,Towers with Radar,2130,389,14,0,2533,0,0,10,0,10,2130,389,24,0,2543,0,0,0,2543
06/06/2014,ATL,GA,ASO,ES,Towers with Radar,2149,380,10,0,2539,0,0,2,2,4,2149,380,12,2,2543,0,0,0,2543
06/07/2014,ATL,GA,ASO,ES,Towers with Radar,1863,319,4,0,2186,0,0,11,0,11,1863,319,15,0,2197,0,0,0,2197
06/08/2014,ATL,GA,ASO,ES,Towers with Radar,2036,363,4,1,2404,0,0,0,0,0,2036,363,4,1,2404,0,0,0,2404
06/09/2014,ATL,GA,ASO,ES,Towers with Radar,2117,385,9,0,2511,0,0,8,0,8,2117,385,17,0,2519,0,0,0,2519
06/10/2014,ATL,GA,ASO,ES,Towers with Radar,2100,389,10,0,2499,0,0,4,0,4,2100,389,14,0,2503,0,0,0,2503
06/11/2014,ATL,GA,ASO,ES,Towers with Radar,2125,387,13,0,2525,0,0,8,0,8,2125,387,21,0,2533,0,0,0,2533
06/12/2014,ATL,GA,ASO,ES,Towers with Radar,2151,378,16,2,2547,0,0,5,2,7,2151,378,21,4,2554,0,0,0,2554
06/13/2014,ATL,GA,ASO,ES,Towers with Radar,2083,386,16,2,2487,0,2,5,0,7,2083,388,21,2,2494,0,0,0,2494
06/14/2014,ATL,GA,ASO,ES,Towers with Radar,1906,334,16,0,2256,0,1,11,0,12,1906,335,27,0,2268,0,0,0,2268
06/15/2014,ATL,GA,ASO,ES,Towers with Radar,2042,358,12,0,2412,0,0,4,0,4,2042,358,16,0,2416,0,0,0,2416
06/16/2014,ATL,GA,ASO,ES,Towers with Radar,2146,396,24,1,2567,0,0,0,0,0,2146,396,24,1,2567,0,0,0,2567
06/17/2014,ATL,GA,ASO,ES,Towers with Radar,2126,390,18,0,2534,0,2,5,0,7,2126,392,23,0,2541,0,0,0,2541
06/18/2014,ATL,GA,ASO,ES,Towers with Radar,2120,397,18,0,2535,0,0,2,0,2,2120,397,20,0,2537,0,0,0,2537
06/19/2014,ATL,GA,ASO,ES,Towers with Radar,2144,387,18,0,2549,0,0,5,0,5,2144,387,23,0,2554,0,0,0,2554
06/20/2014,ATL,GA,ASO,ES,Towers with Radar,2162,387,16,1,2566,0,0,10,2,12,2162,387,26,3,2578,0,0,0,2578
06/21/2014,ATL,GA,ASO,ES,Towers with Radar,1891,328,3,0,2222,0,0,0,0,0,1891,328,3,0,2222,0,0,0,2222
06/22/2014,ATL,GA,ASO,ES,Towers with Radar,2074,359,28,1,2462,0,0,5,0,5,2074,359,33,1,2467,0,0,0,2467
06/23/2014,ATL,GA,ASO,ES,Towers with Radar,2133,342,14,2,2491,0,0,2,0,2,2133,342,16,2,2493,0,0,0,2493
06/24/2014,ATL,GA,ASO,ES,Towers with Radar,2133,382,12,0,2527,0,0,1,0,1,2133,382,13,0,2528,0,0,0,2528
06/25/2014,ATL,GA,ASO,ES,Towers with Radar,2135,381,26,0,2542,0,0,16,0,16,2135,381,42,0,2558,0,0,0,2558
06/26/2014,ATL,GA,ASO,ES,Towers with Radar,2175,391,22,0,2588,0,0,8,0,8,2175,391,30,0,2596,0,0,0,2596
06/27/2014,ATL,GA,ASO,ES,Towers with Radar,2146,384,22,5,2557,0,0,7,0,7,2146,384,29,5,2564,0,0,0,2564
06/28/2014,ATL,GA,ASO,ES,Towers with Radar,1910,336,7,0,2253,0,0,12,0,12,1910,336,19,0,2265,0,0,0,2265
06/29/2014,ATL,GA,ASO,ES,Towers with Radar,2001,341,20,0,2362,0,0,0,0,0,2001,341,20,0,2362,0,0,0,2362
06/30/2014,ATL,GA,ASO,ES,Towers with Radar,2010,361,8,3,2382,0,0,5,0,5,2010,361,13,3,2387,0,0,0,2387
07/01/2014,ATL,GA,ASO,ES,Towers with Radar,2038,338,13,0,2389,0,0,6,2,8,2038,338,19,2,2397,0,0,0,2397
07/02/2014,ATL,GA,ASO,ES,Towers with Radar,2114,346,16,0,2476,0,0,6,0,6,2114,346,22,0,2482,0,0,0,2482
07/03/2014,ATL,GA,ASO,ES,Towers with Radar,2130,347,8,2,2487,0,0,12,0,12,2130,347,20,2,2499,0,0,0,2499
07/04/2014,ATL,GA,ASO,ES,Towers with Radar,1627,200,1,0,1828,0,0,9,4,13,1627,200,10,4,1841,0,0,0,1841
07/05/2014,ATL,GA,ASO,ES,Towers with Radar,1821,255,8,0,2084,0,0,7,0,7,1821,255,15,0,2091,0,0,0,2091
07/06/2014,ATL,GA,ASO,ES,Towers with Radar,2108,344,11,0,2463,0,0,0,0,0,2108,344,11,0,2463,0,0,0,2463
07/07/2014,ATL,GA,ASO,ES,Towers with Radar,2164,350,18,0,2532,0,0,1,0,1,2164,350,19,0,2533,0,0,0,2533
07/08/2014,ATL,GA,ASO,ES,Towers with Radar,2150,353,32,0,2535,0,2,10,0,12,2150,355,42,0,2547,0,0,0,2547
07/09/2014,ATL,GA,ASO,ES,Towers with Radar,2165,365,37,1,2568,0,1,7,0,8,2165,366,44,1,2576,0,0,0,2576
07/10/2014,ATL,GA,ASO,ES,Towers with Radar,2182,370,20,0,2572,0,0,10,0,10,2182,370,30,0,2582,0,0,0,2582
07/11/2014,ATL,GA,ASO,ES,Towers with Radar,2175,350,7,0,2532,0,0,0,0,0,2175,350,7,0,2532,0,0,0,2532
07/12/2014,ATL,GA,ASO,ES,Towers with Radar,1883,299,6,0,2188,0,0,4,0,4,1883,299,10,0,2192,0,0,0,2192
07/13/2014,ATL,GA,ASO,ES,Towers with Radar,2099,334,20,0,2453,0,0,7,0,7,2099,334,27,0,2460,0,0,0,2460
07/14/2014,ATL,GA,ASO,ES,Towers with Radar,2154,349,7,0,2510,0,0,6,0,6,2154,349,13,0,2516,0,0,0,2516
07/15/2014,ATL,GA,ASO,ES,Towers with Radar,2154,356,13,0,2523,0,0,8,1,9,2154,356,21,1,2532,0,0,0,2532
07/16/2014,ATL,GA,ASO,ES,Towers with Radar,2191,360,15,2,2568,0,0,5,1,6,2191,360,20,3,2574,0,0,0,2574
07/17/2014,ATL,GA,ASO,ES,Towers with Radar,2164,364,25,1,2554,0,0,8,0,8,2164,364,33,1,2562,0,0,0,2562
07/18/2014,ATL,GA,ASO,ES,Towers with Radar,2185,370,13,0,2568,0,0,2,0,2,2185,370,15,0,2570,0,0,0,2570
07/19/2014,ATL,GA,ASO,ES,Towers with Radar,1891,288,21,0,2200,0,0,0,0,0,1891,288,21,0,2200,0,0,0,2200
07/20/2014,ATL,GA,ASO,ES,Towers with Radar,2085,350,13,0,2448,0,0,0,0,0,2085,350,13,0,2448,0,0,0,2448
07/21/2014,ATL,GA,ASO,ES,Towers with Radar,2161,361,16,0,2538,0,0,0,0,0,2161,361,16,0,2538,0,0,0,2538
07/22/2014,ATL,GA,ASO,ES,Towers with Radar,2153,367,10,0,2530,0,0,6,0,6,2153,367,16,0,2536,0,0,0,2536
07/23/2014,ATL,GA,ASO,ES,Towers with Radar,2157,367,15,0,2539,0,0,3,0,3,2157,367,18,0,2542,0,0,0,2542
07/24/2014,ATL,GA,ASO,ES,Towers with Radar,2154,343,11,0,2508,0,0,5,0,5,2154,343,16,0,2513,0,0,0,2513
07/25/2014,ATL,GA,ASO,ES,Towers with Radar,2238,362,18,2,2620,0,0,9,1,10,2238,362,27,3,2630,0,0,0,2630
07/26/2014,ATL,GA,ASO,ES,Towers with Radar,1882,291,3,0,2176,0,2,6,0,8,1882,293,9,0,2184,0,0,0,2184
07/27/2014,ATL,GA,ASO,ES,Towers with Radar,2067,329,9,2,2407,0,0,0,0,0,2067,329,9,2,2407,0,0,0,2407
07/28/2014,ATL,GA,ASO,ES,Towers with Radar,2195,362,22,0,2579,0,0,6,0,6,2195,362,28,0,2585,0,0,0,2585
07/29/2014,ATL,GA,ASO,ES,Towers with Radar,2163,363,23,2,2551,0,0,13,0,13,2163,363,36,2,2564,0,0,0,2564
07/30/2014,ATL,GA,ASO,ES,Towers with Radar,2175,364,20,0,2559,0,0,6,0,6,2175,364,26,0,2565,0,0,0,2565
07/31/2014,ATL,GA,ASO,ES,Towers with Radar,2187,353,15,0,2555,0,0,6,0,6,2187,353,21,0,2561,0,0,0,2561
08/01/2014,ATL,GA,ASO,ES,Towers with Radar,2183,353,13,0,2549,0,2,4,0,6,2183,355,17,0,2555,0,0,0,2555
08/02/2014,ATL,GA,ASO,ES,Towers with Radar,1913,287,8,0,2208,0,0,4,2,6,1913,287,12,2,2214,0,0,0,2214
08/03/2014,ATL,GA,ASO,ES,Towers with Radar,2093,336,13,0,2442,0,0,12,0,12,2093,336,25,0,2454,0,0,0,2454
08/04/2014,ATL,GA,ASO,ES,Towers with Radar,2197,346,13,0,2556,0,0,0,0,0,2197,346,13,0,2556,0,0,0,2556
08/05/2014,ATL,GA,ASO,ES,Towers with Radar,2169,352,18,0,2539,0,0,14,0,14,2169,352,32,0,2553,0,0,0,2553
08/06/2014,ATL,GA,ASO,ES,Towers with Radar,2196,350,22,0,2568,0,0,8,0,8,2196,350,30,0,2576,0,0,0,2576
08/07/2014,ATL,GA,ASO,ES,Towers with Radar,2197,352,8,0,2557,0,1,3,0,4,2197,353,11,0,2561,0,0,0,2561
08/08/2014,ATL,GA,ASO,ES,Towers with Radar,1846,284,18,0,2148,0,2,2,0,4,1846,286,20,0,2152,0,0,0,2152
08/09/2014,ATL,GA,ASO,ES,Towers with Radar,1937,292,16,2,2247,0,0,3,0,3,1937,292,19,2,2250,0,0,0,2250
08/10/2014,ATL,GA,ASO,ES,Towers with Radar,2122,329,14,0,2465,0,0,0,0,0,2122,329,14,0,2465,0,0,0,2465
08/11/2014,ATL,GA,ASO,ES,Towers with Radar,2181,350,16,1,2548,0,0,4,0,4,2181,350,20,1,2552,0,0,0,2552
08/12/2014,ATL,GA,ASO,ES,Towers with Radar,2149,340,12,1,2502,0,0,5,0,5,2149,340,17,1,2507,0,0,0,2507
08/13/2014,ATL,GA,ASO,ES,Towers with Radar,2189,356,14,0,2559,0,1,5,0,6,2189,357,19,0,2565,0,0,0,2565
08/14/2014,ATL,GA,ASO,ES,Towers with Radar,2211,346,19,2,2578,0,0,4,0,4,2211,346,23,2,2582,0,0,0,2582
08/15/2014,ATL,GA,ASO,ES,Towers with Radar,2186,352,7,0,2545,0,0,3,0,3,2186,352,10,0,2548,0,0,0,2548
08/16/2014,ATL,GA,ASO,ES,Towers with Radar,1869,286,6,0,2161,0,0,2,0,2,1869,286,8,0,2163,0,0,0,2163
08/17/2014,ATL,GA,ASO,ES,Towers with Radar,2066,328,10,0,2404,0,0,4,0,4,2066,328,14,0,2408,0,0,0,2408
08/18/2014,ATL,GA,ASO,ES,Towers with Radar,2165,349,13,0,2527,0,0,1,0,1,2165,349,14,0,2528,0,0,0,2528
08/19/2014,ATL,GA,ASO,ES,Towers with Radar,2144,338,10,0,2492,0,0,2,0,2,2144,338,12,0,2494,0,0,0,2494
08/20/2014,ATL,GA,ASO,ES,Towers with Radar,2086,303,11,1,2401,0,1,3,0,4,2086,304,14,1,2405,0,0,0,2405
08/21/2014,ATL,GA,ASO,ES,Towers with Radar,2205,341,18,0,2564,0,0,5,0,5,2205,341,23,0,2569,0,0,0,2569
08/22/2014,ATL,GA,ASO,ES,Towers with Radar,2162,344,14,0,2520,0,0,12,0,12,2162,344,26,0,2532,0,0,0,2532
08/23/2014,ATL,GA,ASO,ES,Towers with Radar,1837,247,8,0,2092,0,0,7,0,7,1837,247,15,0,2099,0,0,0,2099
08/24/2014,ATL,GA,ASO,ES,Towers with Radar,2092,312,10,0,2414,0,0,0,0,0,2092,312,10,0,2414,0,0,0,2414
08/25/2014,ATL,GA,ASO,ES,Towers with Radar,2140,339,14,0,2493,0,0,7,2,9,2140,339,21,2,2502,0,0,0,2502
08/26/2014,ATL,GA,ASO,ES,Towers with Radar,2146,325,12,1,2484,0,0,2,2,4,2146,325,14,3,2488,0,0,0,2488
08/27/2014,ATL,GA,ASO,ES,Towers with Radar,2157,346,22,0,2525,0,0,8,0,8,2157,346,30,0,2533,0,0,0,2533
08/28/2014,ATL,GA,ASO,ES,Towers with Radar,2174,357,27,0,2558,0,1,9,0,10,2174,358,36,0,2568,0,0,0,2568
08/29/2014,ATL,GA,ASO,ES,Towers with Radar,2168,356,29,0,2553,0,0,12,0,12,2168,356,41,0,2565,0,0,0,2565
08/30/2014,ATL,GA,ASO,ES,Towers with Radar,1713,214,14,0,1941,0,0,4,0,4,1713,214,18,0,1945,0,0,0,1945
08/31/2014,ATL,GA,ASO,ES,Towers with Radar,1708,212,17,0,1937,0,0,7,0,7,1708,212,24,0,1944,0,0,0,1944
09/01/2014,ATL,GA,ASO,ES,Towers with Radar,1999,290,16,0,2305,0,0,5,2,7,1999,290,21,2,2312,0,0,0,2312
09/02/2014,ATL,GA,ASO,ES,Towers with Radar,2085,323,8,0,2416,0,0,14,0,14,2085,323,22,0,2430,0,0,0,2430
09/03/2014,ATL,GA,ASO,ES,Towers with Radar,1986,320,16,0,2322,0,1,2,0,3,1986,321,18,0,2325,0,0,0,2325
09/04/2014,ATL,GA,ASO,ES,Towers with Radar,2030,314,22,1,2367,0,0,6,0,6,2030,314,28,1,2373,0,0,0,2373
09/05/2014,ATL,GA,ASO,ES,Towers with Radar,2001,304,14,1,2320,0,2,8,0,10,2001,306,22,1,2330,0,0,0,2330
09/06/2014,ATL,GA,ASO,ES,Towers with Radar,1690,231,2,0,1923,0,1,3,0,4,1690,232,5,0,1927,0,0,0,1927
09/07/2014,ATL,GA,ASO,ES,Towers with Radar,2065,297,17,0,2379,0,0,2,0,2,2065,297,19,0,2381,0,0,0,2381
09/08/2014,ATL,GA,ASO,ES,Towers with Radar,2136,326,15,2,2479,0,0,12,0,12,2136,326,27,2,2491,0,0,0,2491
09/09/2014,ATL,GA,ASO,ES,Towers with Radar,2084,335,28,0,2447,0,0,7,0,7,2084,335,35,0,2454,0,0,0,2454
09/10/2014,ATL,GA,ASO,ES,Towers with Radar,2108,327,28,0,2463,0,0,5,0,5,2108,327,33,0,2468,0,0,0,2468
09/11/2014,ATL,GA,ASO,ES,Towers with Radar,2139,343,19,0,2501,0,0,11,0,11,2139,343,30,0,2512,0,0,0,2512
09/12/2014,ATL,GA,ASO,ES,Towers with Radar,2129,325,18,0,2472,0,0,5,0,5,2129,325,23,0,2477,0,0,0,2477
09/13/2014,ATL,GA,ASO,ES,Towers with Radar,1740,246,9,3,1998,0,0,4,0,4,1740,246,13,3,2002,0,0,0,2002
09/14/2014,ATL,GA,ASO,ES,Towers with Radar,2081,312,11,0,2404,0,0,0,0,0,2081,312,11,0,2404,0,0,0,2404
09/15/2014,ATL,GA,ASO,ES,Towers with Radar,2134,332,15,1,2482,0,0,5,0,5,2134,332,20,1,2487,0,0,0,2487
09/16/2014,ATL,GA,ASO,ES,Towers with Radar,2079,323,13,4,2419,0,1,8,2,11,2079,324,21,6,2430,0,0,0,2430
09/17/2014,ATL,GA,ASO,ES,Towers with Radar,2123,340,17,0,2480,0,0,6,0,6,2123,340,23,0,2486,0,0,0,2486
09/18/2014,ATL,GA,ASO,ES,Towers with Radar,2155,341,13,2,2511,0,0,8,0,8,2155,341,21,2,2519,0,0,0,2519
09/19/2014,ATL,GA,ASO,ES,Towers with Radar,2118,357,15,0,2490,0,0,7,0,7,2118,357,22,0,2497,0,0,0,2497
09/20/2014,ATL,GA,ASO,ES,Towers with Radar,1727,242,12,0,1981,0,0,6,0,6,1727,242,18,0,1987,0,0,0,1987
09/21/2014,ATL,GA,ASO,ES,Towers with Radar,2067,330,18,0,2415,0,2,4,0,6,2067,332,22,0,2421,0,0,0,2421
09/22/2014,ATL,GA,ASO,ES,Towers with Radar,2121,335,23,0,2479,0,0,12,3,15,2121,335,35,3,2494,0,0,0,2494
09/23/2014,ATL,GA,ASO,ES,Towers with Radar,2088,326,16,0,2430,0,0,4,0,4,2088,326,20,0,2434,0,0,0,2434
09/24/2014,ATL,GA,ASO,ES,Towers with Radar,2117,330,14,0,2461,0,0,9,0,9,2117,330,23,0,2470,0,0,0,2470
09/25/2014,ATL,GA,ASO,ES,Towers with Radar,2154,328,17,0,2499,0,0,8,0,8,2154,328,25,0,2507,0,0,0,2507
09/26/2014,ATL,GA,ASO,ES,Towers with Radar,2034,321,28,0,2383,0,2,4,0,6,2034,323,32,0,2389,0,0,0,2389
09/27/2014,ATL,GA,ASO,ES,Towers with Radar,1720,231,2,0,1953,0,0,1,0,1,1720,231,3,0,1954,0,0,0,1954
09/28/2014,ATL,GA,ASO,ES,Towers with Radar,2062,318,17,0,2397,0,0,2,0,2,2062,318,19,0,2399,0,0,0,2399
09/29/2014,ATL,GA,ASO,ES,Towers with Radar,2121,355,11,0,2487,0,0,0,0,0,2121,355,11,0,2487,0,0,0,2487
09/30/2014,ATL,GA,ASO,ES,Towers with Radar,2082,315,35,0,2432,0,0,9,0,9,2082,315,44,0,2441,0,0,0,2441
10/01/2014,ATL,GA,ASO,ES,Towers with Radar,2153,311,16,0,2480,0,1,10,0,11,2153,312,26,0,2491,0,0,0,2491
10/02/2014,ATL,GA,ASO,ES,Towers with Radar,2163,300,19,2,2484,0,1,23,0,24,2163,301,42,2,2508,0,0,0,2508
10/03/2014,ATL,GA,ASO,ES,Towers with Radar,2194,282,25,0,2501,0,0,4,1,5,2194,282,29,1,2506,0,0,0,2506
10/04/2014,ATL,GA,ASO,ES,Towers with Radar,1770,206,8,3,1987,0,2,6,0,8,1770,208,14,3,1995,0,0,0,1995
10/05/2014,ATL,GA,ASO,ES,Towers with Radar,2116,281,12,0,2409,0,0,6,0,6,2116,281,18,0,2415,0,0,0,2415
10/06/2014,ATL,GA,ASO,ES,Towers with Radar,2165,298,14,1,2478,0,0,7,0,7,2165,298,21,1,2485,0,0,0,2485
10/07/2014,ATL,GA,ASO,ES,Towers with Radar,2135,296,16,1,2448,0,0,9,0,9,2135,296,25,1,2457,0,0,0,2457
10/08/2014,ATL,GA,ASO,ES,Towers with Radar,2150,297,20,0,2467,0,0,13,0,13,2150,297,33,0,2480,0,0,0,2480
10/09/2014,ATL,GA,ASO,ES,Towers with Radar,2194,299,25,0,2518,0,0,6,0,6,2194,299,31,0,2524,0,0,0,2524
10/10/2014,ATL,GA,ASO,ES,Towers with Radar,2188,298,45,2,2533,0,0,8,0,8,2188,298,53,2,2541,0,0,0,2541
10/11/2014,ATL,GA,ASO,ES,Towers with Radar,1773,201,10,0,1984,0,0,0,0,0,1773,201,10,0,1984,0,0,0,1984
10/12/2014,ATL,GA,ASO,ES,Towers with Radar,2116,270,26,0,2412,1,0,5,0,6,2117,270,31,0,2418,0,0,0,2418
10/13/2014,ATL,GA,ASO,ES,Towers with Radar,2152,293,20,0,2465,0,0,0,0,0,2152,293,20,0,2465,0,0,0,2465
10/14/2014,ATL,GA,ASO,ES,Towers with Radar,2159,284,12,1,2456,0,0,3,0,3,2159,284,15,1,2459,0,0,0,2459
10/15/2014,ATL,GA,ASO,ES,Towers with Radar,2159,292,24,1,2476,0,0,24,0,24,2159,292,48,1,2500,0,0,0,2500
10/16/2014,ATL,GA,ASO,ES,Towers with Radar,2186,294,15,0,2495,0,0,13,0,13,2186,294,28,0,2508,0,0,0,2508
10/17/2014,ATL,GA,ASO,ES,Towers with Radar,2155,296,12,1,2464,1,1,11,2,15,2156,297,23,3,2479,0,0,0,2479
10/18/2014,ATL,GA,ASO,ES,Towers with Radar,1768,195,14,0,1977,0,0,10,0,10,1768,195,24,0,1987,0,0,0,1987
10/19/2014,ATL,GA,ASO,ES,Towers with Radar,2118,277,13,1,2409,0,0,8,0,8,2118,277,21,1,2417,0,0,0,2417
10/20/2014,ATL,GA,ASO,ES,Towers with Radar,2160,294,23,0,2477,0,0,5,0,5,2160,294,28,0,2482,0,0,0,2482
10/21/2014,ATL,GA,ASO,ES,Towers with Radar,2154,288,25,2,2469,0,1,9,0,10,2154,289,34,2,2479,0,0,0,2479
10/22/2014,ATL,GA,ASO,ES,Towers with Radar,2159,295,13,0,2467,0,2,7,0,9,2159,297,20,0,2476,0,0,0,2476
10/23/2014,ATL,GA,ASO,ES,Towers with Radar,2201,301,33,0,2535,0,0,17,0,17,2201,301,50,0,2552,0,0,0,2552
10/24/2014,ATL,GA,ASO,ES,Towers with Radar,2187,299,18,1,2505,0,0,15,0,15,2187,299,33,1,2520,0,0,0,2520
10/25/2014,ATL,GA,ASO,ES,Towers with Radar,1764,213,8,0,1985,0,0,6,0,6,1764,213,14,0,1991,0,0,0,1991
10/26/2014,ATL,GA,ASO,ES,Towers with Radar,2090,277,13,0,2380,0,0,2,0,2,2090,277,15,0,2382,0,0,0,2382
10/27/2014,ATL,GA,ASO,ES,Towers with Radar,2182,284,16,0,2482,0,0,14,0,14,2182,284,30,0,2496,0,0,0,2496
10/28/2014,ATL,GA,ASO,ES,Towers with Radar,2018,270,28,0,2316,0,1,8,0,9,2018,271,36,0,2325,0,0,0,2325
10/29/2014,ATL,GA,ASO,ES,Towers with Radar,2045,268,14,2,2329,0,0,10,0,10,2045,268,24,2,2339,0,0,0,2339
10/30/2014,ATL,GA,ASO,ES,Towers with Radar,2084,262,14,1,2361,0,0,13,0,13,2084,262,27,1,2374,0,0,0,2374
10/31/2014,ATL,GA,ASO,ES,Towers with Radar,2007,270,13,1,2291,0,0,4,0,4,2007,270,17,1,2295,0,0,0,2295
11/01/2014,ATL,GA,ASO,ES,Towers with Radar,1722,207,3,0,1932,0,0,2,0,2,1722,207,5,0,1934,0,0,0,1934
11/02/2014,ATL,GA,ASO,ES,Towers with Radar,2065,288,7,0,2360,0,0,0,0,0,2065,288,7,0,2360,0,0,0,2360
11/03/2014,ATL,GA,ASO,ES,Towers with Radar,2164,297,15,0,2476,0,3,7,0,10,2164,300,22,0,2486,0,0,0,2486
11/04/2014,ATL,GA,ASO,ES,Towers with Radar,2014,271,34,0,2319,0,2,7,0,9,2014,273,41,0,2328,0,0,0,2328
11/05/2014,ATL,GA,ASO,ES,Towers with Radar,2144,321,21,0,2486,0,0,2,2,4,2144,321,23,2,2490,0,0,0,2490
11/06/2014,ATL,GA,ASO,ES,Towers with Radar,2178,296,25,1,2500,0,0,0,2,2,2178,296,25,3,2502,0,0,0,2502
11/07/2014,ATL,GA,ASO,ES,Towers with Radar,2169,273,15,0,2457,0,0,2,0,2,2169,273,17,0,2459,0,0,0,2459
11/08/2014,ATL,GA,ASO,ES,Towers with Radar,1777,196,12,0,1985,0,0,7,0,7,1777,196,19,0,1992,0,0,0,1992
11/09/2014,ATL,GA,ASO,ES,Towers with Radar,2074,279,12,0,2365,0,0,8,0,8,2074,279,20,0,2373,0,0,0,2373
11/10/2014,ATL,GA,ASO,ES,Towers with Radar,2143,273,12,0,2428,0,1,14,0,15,2143,274,26,0,2443,0,0,0,2443
11/11/2014,ATL,GA,ASO,ES,Towers with Radar,2132,281,17,0,2430,0,0,5,0,5,2132,281,22,0,2435,0,0,0,2435
11/12/2014,ATL,GA,ASO,ES,Towers with Radar,2158,287,22,0,2467,0,0,5,0,5,2158,287,27,0,2472,0,0,0,2472
11/13/2014,ATL,GA,ASO,ES,Towers with Radar,2175,286,27,0,2488,0,0,7,0,7,2175,286,34,0,2495,0,0,0,2495
11/14/2014,ATL,GA,ASO,ES,Towers with Radar,2159,287,14,0,2460,0,0,9,0,9,2159,287,23,0,2469,0,0,0,2469
11/15/2014,ATL,GA,ASO,ES,Towers with Radar,1761,198,8,0,1967,0,0,3,0,3,1761,198,11,0,1970,0,0,0,1970
11/16/2014,ATL,GA,ASO,ES,Towers with Radar,2076,277,4,0,2357,0,0,0,0,0,2076,277,4,0,2357,0,0,0,2357
11/17/2014,ATL,GA,ASO,ES,Towers with Radar,2154,274,13,1,2442,0,0,1,0,1,2154,274,14,1,2443,0,0,0,2443
11/18/2014,ATL,GA,ASO,ES,Towers with Radar,2144,286,22,0,2452,0,0,6,0,6,2144,286,28,0,2458,0,0,0,2458
11/19/2014,ATL,GA,ASO,ES,Towers with Radar,2153,286,16,1,2456,0,0,15,0,15,2153,286,31,1,2471,0,0,0,2471
11/20/2014,ATL,GA,ASO,ES,Towers with Radar,2182,284,18,0,2484,0,0,10,1,11,2182,284,28,1,2495,0,0,0,2495
11/21/2014,ATL,GA,ASO,ES,Towers with Radar,2170,279,14,2,2465,0,0,15,0,15,2170,279,29,2,2480,0,0,0,2480
11/22/2014,ATL,GA,ASO,ES,Towers with Radar,1764,205,10,0,1979,0,0,8,0,8,1764,205,18,0,1987,0,0,0,1987
11/23/2014,ATL,GA,ASO,ES,Towers with Radar,1840,217,13,0,2070,0,0,0,0,0,1840,217,13,0,2070,0,0,0,2070
11/24/2014,ATL,GA,ASO,ES,Towers with Radar,1825,208,17,0,2050,0,0,11,0,11,1825,208,28,0,2061,0,0,0,2061
11/25/2014,ATL,GA,ASO,ES,Towers with Radar,2141,284,13,1,2439,1,1,24,0,26,2142,285,37,1,2465,0,0,0,2465
11/26/2014,ATL,GA,ASO,ES,Towers with Radar,2144,278,8,0,2430,0,0,12,0,12,2144,278,20,0,2442,0,0,0,2442
11/27/2014,ATL,GA,ASO,ES,Towers with Radar,1387,129,3,0,1519,0,0,4,0,4,1387,129,7,0,1523,0,0,0,1523
11/28/2014,ATL,GA,ASO,ES,Towers with Radar,1606,150,3,0,1759,0,0,6,0,6,1606,150,9,0,1765,0,0,0,1765
11/29/2014,ATL,GA,ASO,ES,Towers with Radar,2071,276,10,0,2357,0,0,5,0,5,2071,276,15,0,2362,0,0,0,2362
11/30/2014,ATL,GA,ASO,ES,Towers with Radar,2282,321,12,0,2615,0,0,9,0,9,2282,321,21,0,2624,0,0,0,2624
12/01/2014,ATL,GA,ASO,ES,Towers with Radar,2190,272,5,0,2467,0,0,20,0,20,2190,272,25,0,2487,0,0,0,2487
12/02/2014,ATL,GA,ASO,ES,Towers with Radar,2093,266,11,1,2371,0,6,3,0,9,2093,272,14,1,2380,0,0,0,2380
12/03/2014,ATL,GA,ASO,ES,Towers with Radar,2109,272,13,1,2395,0,0,4,1,5,2109,272,17,2,2400,0,0,0,2400
12/04/2014,ATL,GA,ASO,ES,Towers with Radar,2148,268,18,0,2434,0,0,10,0,10,2148,268,28,0,2444,0,0,0,2444
12/05/2014,ATL,GA,ASO,ES,Towers with Radar,2142,267,12,0,2421,0,0,0,0,0,2142,267,12,0,2421,0,0,0,2421
12/06/2014,ATL,GA,ASO,ES,Towers with Radar,1665,186,17,0,1868,0,0,0,0,0,1665,186,17,0,1868,0,0,0,1868
12/07/2014,ATL,GA,ASO,ES,Towers with Radar,1988,252,14,0,2254,0,0,4,0,4,1988,252,18,0,2258,0,0,0,2258
12/08/2014,ATL,GA,ASO,ES,Towers with Radar,2129,259,23,0,2411,0,0,0,0,0,2129,259,23,0,2411,0,0,0,2411
12/09/2014,ATL,GA,ASO,ES,Towers with Radar,2086,266,21,0,2373,0,0,11,2,13,2086,266,32,2,2386,0,0,0,2386
12/10/2014,ATL,GA,ASO,ES,Towers with Radar,2098,278,20,0,2396,0,0,12,0,12,2098,278,32,0,2408,0,0,0,2408
12/11/2014,ATL,GA,ASO,ES,Towers with Radar,2146,273,16,1,2436,0,0,12,0,12,2146,273,28,1,2448,0,0,0,2448
12/12/2014,ATL,GA,ASO,ES,Towers with Radar,2144,273,19,0,2436,0,0,11,0,11,2144,273,30,0,2447,0,0,0,2447
12/13/2014,ATL,GA,ASO,ES,Towers with Radar,1644,181,3,1,1829,0,0,7,0,7,1644,181,10,1,1836,0,0,0,1836
12/14/2014,ATL,GA,ASO,ES,Towers with Radar,1976,249,7,0,2232,0,0,11,0,11,1976,249,18,0,2243,0,0,0,2243
12/15/2014,ATL,GA,ASO,ES,Towers with Radar,2115,262,16,1,2394,0,0,2,2,4,2115,262,18,3,2398,0,0,0,2398
12/16/2014,ATL,GA,ASO,ES,Towers with Radar,2102,267,16,0,2385,0,0,10,0,10,2102,267,26,0,2395,0,0,0,2395
12/17/2014,ATL,GA,ASO,ES,Towers with Radar,2128,271,12,0,2411,0,0,8,0,8,2128,271,20,0,2419,0,0,0,2419
12/18/2014,ATL,GA,ASO,ES,Towers with Radar,2163,279,19,0,2461,0,0,3,0,3,2163,279,22,0,2464,0,0,0,2464
12/19/2014,ATL,GA,ASO,ES,Towers with Radar,2149,264,16,2,2431,0,0,8,0,8,2149,264,24,2,2439,0,0,0,2439
12/20/2014,ATL,GA,ASO,ES,Towers with Radar,1936,347,6,0,2289,0,2,2,0,4,1936,349,8,0,2293,0,0,0,2293
12/21/2014,ATL,GA,ASO,ES,Towers with Radar,2043,338,8,0,2389,0,0,5,0,5,2043,338,13,0,2394,0,0,0,2394
12/22/2014,ATL,GA,ASO,ES,Towers with Radar,2043,306,10,0,2359,0,0,0,0,0,2043,306,10,0,2359,0,0,0,2359
12/23/2014,ATL,GA,ASO,ES,Towers with Radar,2030,318,11,0,2359,0,0,0,0,0,2030,318,11,0,2359,0,0,0,2359
12/24/2014,ATL,GA,ASO,ES,Towers with Radar,1719,230,7,0,1956,0,0,0,0,0,1719,230,7,0,1956,0,0,0,1956
12/25/2014,ATL,GA,ASO,ES,Towers with Radar,1515,175,1,0,1691,0,0,2,0,2,1515,175,3,0,1693,0,0,0,1693
12/26/2014,ATL,GA,ASO,ES,Towers with Radar,2070,336,12,0,2418,0,0,2,0,2,2070,336,14,0,2420,0,0,0,2420
12/27/2014,ATL,GA,ASO,ES,Towers with Radar,1926,345,4,0,2275,0,0,0,0,0,1926,345,4,0,2275,0,0,0,2275
12/28/2014,ATL,GA,ASO,ES,Towers with Radar,2048,338,10,0,2396,0,0,0,0,0,2048,338,10,0,2396,0,0,0,2396
12/29/2014,ATL,GA,ASO,ES,Towers with Radar,2037,307,6,0,2350,0,0,6,0,6,2037,307,12,0,2356,0,0,0,2356
12/30/2014,ATL,GA,ASO,ES,Towers with Radar,2051,314,17,0,2382,0,2,8,0,10,2051,316,25,0,2392,0,0,0,2392
12/31/2014,ATL,GA,ASO,ES,Towers with Radar,1666,238,14,0,1918,0,1,28,0,29,1666,239,42,0,1947,0,0,0,1947
01/01/2015,ATL,GA,ASO,ES,Towers with Radar,1550,182,4,0,1736,0,0,3,0,3,1550,182,7,0,1739,0,0,0,1739
01/02/2015,ATL,GA,ASO,ES,Towers with Radar,2098,323,14,0,2435,0,0,0,0,0,2098,323,14,0,2435,0,0,0,2435
01/03/2015,ATL,GA,ASO,ES,Towers with Radar,1929,345,14,0,2288,1,0,0,0,1,1930,345,14,0,2289,0,0,0,2289
01/04/2015,ATL,GA,ASO,ES,Towers with Radar,2056,331,10,0,2397,0,0,0,0,0,2056,331,10,0,2397,0,0,0,2397
01/05/2015,ATL,GA,ASO,ES,Towers with Radar,2069,292,8,0,2369,0,0,3,0,3,2069,292,11,0,2372,0,0,0,2372
01/06/2015,ATL,GA,ASO,ES,Towers with Radar,1963,298,4,0,2265,0,0,7,2,9,1963,298,11,2,2274,0,0,0,2274
01/07/2015,ATL,GA,ASO,ES,Towers with Radar,2027,305,14,0,2346,0,0,2,0,2,2027,305,16,0,2348,0,0,0,2348
01/08/2015,ATL,GA,ASO,ES,Towers with Radar,2064,311,8,0,2383,0,0,3,0,3,2064,311,11,0,2386,0,0,0,2386
01/09/2015,ATL,GA,ASO,ES,Towers with Radar,2072,311,7,1,2391,0,0,10,0,10,2072,311,17,1,2401,0,0,0,2401
01/10/2015,ATL,GA,ASO,ES,Towers with Radar,1649,223,8,0,1880,0,0,2,0,2,1649,223,10,0,1882,0,0,0,1882
01/11/2015,ATL,GA,ASO,ES,Towers with Radar,1922,276,5,0,2203,0,0,0,0,0,1922,276,5,0,2203,0,0,0,2203
01/12/2015,ATL,GA,ASO,ES,Towers with Radar,2016,295,21,0,2332,0,0,0,0,0,2016,295,21,0,2332,0,0,0,2332
01/13/2015,ATL,GA,ASO,ES,Towers with Radar,1969,304,35,0,2308,0,0,0,0,0,1969,304,35,0,2308,0,0,0,2308
01/14/2015,ATL,GA,ASO,ES,Towers with Radar,2019,298,8,0,2325,0,0,2,0,2,2019,298,10,0,2327,0,0,0,2327
01/15/2015,ATL,GA,ASO,ES,Towers with Radar,2087,302,24,0,2413,0,0,2,0,2,2087,302,26,0,2415,0,0,0,2415
01/16/2015,ATL,GA,ASO,ES,Towers with Radar,2106,304,11,0,2421,0,0,6,0,6,2106,304,17,0,2427,0,0,0,2427
01/17/2015,ATL,GA,ASO,ES,Towers with Radar,1550,194,9,0,1753,0,0,7,0,7,1550,194,16,0,1760,0,0,0,1760
01/18/2015,ATL,GA,ASO,ES,Towers with Radar,1707,205,10,0,1922,0,0,3,0,3,1707,205,13,0,1925,0,0,0,1925
01/19/2015,ATL,GA,ASO,ES,Towers with Radar,2080,298,18,0,2396,0,0,4,0,4,2080,298,22,0,2400,0,0,0,2400
01/20/2015,ATL,GA,ASO,ES,Towers with Radar,1946,296,15,0,2257,0,0,8,0,8,1946,296,23,0,2265,0,0,0,2265
01/21/2015,ATL,GA,ASO,ES,Towers with Radar,2025,312,19,1,2357,0,0,11,2,13,2025,312,30,3,2370,0,0,0,2370
01/22/2015,ATL,GA,ASO,ES,Towers with Radar,2100,313,14,1,2428,0,0,5,0,5,2100,313,19,1,2433,0,0,0,2433
01/23/2015,ATL,GA,ASO,ES,Towers with Radar,2080,322,28,0,2430,0,0,0,0,0,2080,322,28,0,2430,0,0,0,2430
01/24/2015,ATL,GA,ASO,ES,Towers with Radar,1607,214,4,4,1829,0,0,4,0,4,1607,214,8,4,1833,0,0,0,1833
01/25/2015,ATL,GA,ASO,ES,Towers with Radar,1916,276,9,0,2201,0,0,0,0,0,1916,276,9,0,2201,0,0,0,2201
01/26/2015,ATL,GA,ASO,ES,Towers with Radar,2016,307,28,0,2351,0,0,5,0,5,2016,307,33,0,2356,0,0,0,2356
01/27/2015,ATL,GA,ASO,ES,Towers with Radar,1782,304,22,0,2108,0,0,11,0,11,1782,304,33,0,2119,0,0,0,2119
01/28/2015,ATL,GA,ASO,ES,Towers with Radar,2008,315,33,0,2356,0,0,13,0,13,2008,315,46,0,2369,0,0,0,2369
01/29/2015,ATL,GA,ASO,ES,Towers with Radar,2108,306,33,4,2451,0,0,15,0,15,2108,306,48,4,2466,0,0,0,2466
01/30/2015,ATL,GA,ASO,ES,Towers with Radar,2100,305,23,0,2428,0,0,6,0,6,2100,305,29,0,2434,0,0,0,2434
01/31/2015,ATL,GA,ASO,ES,Towers with Radar,1513,189,14,0,1716,0,0,5,0,5,1513,189,19,0,1721,0,0,0,1721
02/01/2015,ATL,GA,ASO,ES,Towers with Radar,1613,173,20,1,1807,0,0,4,0,4,1613,173,24,1,1811,0,0,0,1811
02/02/2015,ATL,GA,ASO,ES,Towers with Radar,1987,294,27,1,2309,0,0,2,0,2,1987,294,29,1,2311,0,0,0,2311
02/03/2015,ATL,GA,ASO,ES,Towers with Radar,1950,294,15,0,2259,0,0,6,0,6,1950,294,21,0,2265,0,0,0,2265
02/04/2015,ATL,GA,ASO,ES,Towers with Radar,2034,286,20,0,2340,0,0,17,0,17,2034,286,37,0,2357,0,0,0,2357
02/05/2015,ATL,GA,ASO,ES,Towers with Radar,2113,286,15,0,2414,0,0,8,2,10,2113,286,23,2,2424,0,0,0,2424
02/06/2015,ATL,GA,ASO,ES,Towers with Radar,2106,289,13,0,2408,0,0,10,2,12,2106,289,23,2,2420,0,0,0,2420
02/07/2015,ATL,GA,ASO,ES,Towers with Radar,1619,208,14,0,1841,0,0,2,0,2,1619,208,16,0,1843,0,0,0,1843
02/08/2015,ATL,GA,ASO,ES,Towers with Radar,1918,257,14,2,2191,0,0,4,0,4,1918,257,18,2,2195,0,0,0,2195
02/09/2015,ATL,GA,ASO,ES,Towers with Radar,2056,282,24,0,2362,0,0,3,0,3,2056,282,27,0,2365,0,0,0,2365
02/10/2015,ATL,GA,ASO,ES,Towers with Radar,1941,284,27,0,2252,0,0,6,0,6,1941,284,33,0,2258,0,0,0,2258
02/11/2015,ATL,GA,ASO,ES,Towers with Radar,2033,286,25,2,2346,0,0,11,0,11,2033,286,36,2,2357,0,0,0,2357
02/12/2015,ATL,GA,ASO,ES,Towers with Radar,2114,297,13,0,2424,0,0,8,0,8,2114,297,21,0,2432,0,0,0,2432
02/13/2015,ATL,GA,ASO,ES,Towers with Radar,2154,297,13,0,2464,0,0,13,0,13,2154,297,26,0,2477,0,0,0,2477
02/14/2015,ATL,GA,ASO,ES,Towers with Radar,1581,186,6,0,1773,0,0,3,0,3,1581,186,9,0,1776,0,0,0,1776
02/15/2015,ATL,GA,ASO,ES,Towers with Radar,1725,201,9,0,1935,0,0,6,0,6,1725,201,15,0,1941,0,0,0,1941
02/16/2015,ATL,GA,ASO,ES,Towers with Radar,2035,257,16,1,2309,0,0,2,0,2,2035,257,18,1,2311,0,0,0,2311
02/17/2015,ATL,GA,ASO,ES,Towers with Radar,2114,276,26,0,2416,0,0,4,0,4,2114,276,30,0,2420,0,0,0,2420
02/18/2015,ATL,GA,ASO,ES,Towers with Radar,2134,288,16,0,2438,0,0,6,0,6,2134,288,22,0,2444,0,0,0,2444
02/19/2015,ATL,GA,ASO,ES,Towers with Radar,2145,294,18,0,2457,0,1,7,2,10,2145,295,25,2,2467,0,0,0,2467
02/20/2015,ATL,GA,ASO,ES,Towers with Radar,2151,284,17,0,2452,0,0,1,0,1,2151,284,18,0,2453,0,0,0,2453
02/21/2015,ATL,GA,ASO,ES,Towers with Radar,1664,210,13,0,1887,0,0,3,0,3,1664,210,16,0,1890,0,0,0,1890
02/22/2015,ATL,GA,ASO,ES,Towers with Radar,1997,256,19,0,2272,0,0,0,0,0,1997,256,19,0,2272,0,0,0,2272
02/23/2015,ATL,GA,ASO,ES,Towers with Radar,2118,271,16,0,2405,0,0,2,0,2,2118,271,18,0,2407,0,0,0,2407
02/24/2015,ATL,GA,ASO,ES,Towers with Radar,1869,234,27,0,2130,0,0,0,0,0,1869,234,27,0,2130,0,0,0,2130
02/25/2015,ATL,GA,ASO,ES,Towers with Radar,1635,232,28,0,1895,0,0,0,0,0,1635,232,28,0,1895,0,0,0,1895
02/26/2015,ATL,GA,ASO,ES,Towers with Radar,2031,265,29,0,2325,0,0,13,0,13,2031,265,42,0,2338,0,0,0,2338
02/27/2015,ATL,GA,ASO,ES,Towers with Radar,2160,287,25,0,2472,0,0,12,0,12,2160,287,37,0,2484,0,0,0,2484
02/28/2015,ATL,GA,ASO,ES,Towers with Radar,1678,241,32,0,1951,0,2,8,0,10,1678,243,40,0,1961,0,0,0,1961
03/01/2015,ATL,GA,ASO,ES,Towers with Radar,1944,269,29,0,2242,0,0,0,0,0,1944,269,29,0,2242,0,0,0,2242
03/02/2015,ATL,GA,ASO,ES,Towers with Radar,2177,292,15,0,2484,0,0,0,0,0,2177,292,15,0,2484,0,0,0,2484
03/03/2015,ATL,GA,ASO,ES,Towers with Radar,2142,283,8,1,2434,0,0,0,0,0,2142,283,8,1,2434,0,0,0,2434
03/04/2015,ATL,GA,ASO,ES,Towers with Radar,2157,302,21,0,2480,0,0,4,0,4,2157,302,25,0,2484,0,0,0,2484
03/05/2015,ATL,GA,ASO,ES,Towers with Radar,2055,264,38,1,2358,0,0,0,0,0,2055,264,38,1,2358,0,0,0,2358
03/06/2015,ATL,GA,ASO,ES,Towers with Radar,2224,300,12,1,2537,0,0,13,1,14,2224,300,25,2,2551,0,0,0,2551
03/07/2015,ATL,GA,ASO,ES,Towers with Radar,1941,267,9,0,2217,0,0,3,0,3,1941,267,12,0,2220,0,0,0,2220
03/08/2015,ATL,GA,ASO,ES,Towers with Radar,2124,284,4,0,2412,0,2,4,0,6,2124,286,8,0,2418,0,0,0,2418
03/09/2015,ATL,GA,ASO,ES,Towers with Radar,2216,284,14,1,2515,0,0,7,0,7,2216,284,21,1,2522,0,0,0,2522
03/10/2015,ATL,GA,ASO,ES,Towers with Radar,2182,290,5,3,2480,0,0,12,0,12,2182,290,17,3,2492,0,0,0,2492
03/11/2015,ATL,GA,ASO,ES,Towers with Radar,2202,298,17,0,2517,0,0,6,0,6,2202,298,23,0,2523,0,0,0,2523
03/12/2015,ATL,GA,ASO,ES,Towers with Radar,2220,303,20,0,2543,0,0,2,0,2,2220,303,22,0,2545,0,0,0,2545
03/13/2015,ATL,GA,ASO,ES,Towers with Radar,2216,286,10,0,2512,0,0,0,0,0,2216,286,10,0,2512,0,0,0,2512
03/14/2015,ATL,GA,ASO,ES,Towers with Radar,1947,264,19,0,2230,0,0,0,0,0,1947,264,19,0,2230,0,0,0,2230
03/15/2015,ATL,GA,ASO,ES,Towers with Radar,2114,299,6,0,2419,0,0,5,0,5,2114,299,11,0,2424,0,0,0,2424
03/16/2015,ATL,GA,ASO,ES,Towers with Radar,2233,295,26,0,2554,0,0,7,0,7,2233,295,33,0,2561,0,0,0,2561
03/17/2015,ATL,GA,ASO,ES,Towers with Radar,2177,291,27,0,2495,0,0,6,0,6,2177,291,33,0,2501,0,0,0,2501
03/18/2015,ATL,GA,ASO,ES,Towers with Radar,2189,291,29,0,2509,0,0,10,0,10,2189,291,39,0,2519,0,0,0,2519
03/19/2015,ATL,GA,ASO,ES,Towers with Radar,2220,298,28,2,2548,0,0,0,0,0,2220,298,28,2,2548,0,0,0,2548
03/20/2015,ATL,GA,ASO,ES,Towers with Radar,2182,303,10,1,2496,0,0,9,2,11,2182,303,19,3,2507,0,0,0,2507
03/21/2015,ATL,GA,ASO,ES,Towers with Radar,1968,264,17,0,2249,0,0,7,0,7,1968,264,24,0,2256,0,0,0,2256
03/22/2015,ATL,GA,ASO,ES,Towers with Radar,2132,293,10,0,2435,0,1,0,0,1,2132,294,10,0,2436,0,0,0,2436
03/23/2015,ATL,GA,ASO,ES,Towers with Radar,2191,293,21,0,2505,0,0,8,0,8,2191,293,29,0,2513,0,0,0,2513
03/24/2015,ATL,GA,ASO,ES,Towers with Radar,2193,278,21,0,2492,0,0,6,0,6,2193,278,27,0,2498,0,0,0,2498
03/25/2015,ATL,GA,ASO,ES,Towers with Radar,2189,293,23,0,2505,0,0,6,0,6,2189,293,29,0,2511,0,0,0,2511
03/26/2015,ATL,GA,ASO,ES,Towers with Radar,2219,298,10,1,2528,0,0,6,0,6,2219,298,16,1,2534,0,0,0,2534
03/27/2015,ATL,GA,ASO,ES,Towers with Radar,2224,304,3,0,2531,0,0,10,0,10,2224,304,13,0,2541,0,0,0,2541
03/28/2015,ATL,GA,ASO,ES,Towers with Radar,1967,261,17,0,2245,0,3,3,0,6,1967,264,20,0,2251,0,0,0,2251
03/29/2015,ATL,GA,ASO,ES,Towers with Radar,2145,291,4,0,2440,0,0,7,0,7,2145,291,11,0,2447,0,0,0,2447
03/30/2015,ATL,GA,ASO,ES,Towers with Radar,2215,294,19,0,2528,0,0,4,0,4,2215,294,23,0,2532,0,0,0,2532
03/31/2015,ATL,GA,ASO,ES,Towers with Radar,2176,288,19,0,2483,0,0,13,0,13,2176,288,32,0,2496,0,0,0,2496
04/01/2015,ATL,GA,ASO,ES,Towers with Radar,2197,292,10,2,2501,0,0,3,4,7,2197,292,13,6,2508,0,0,0,2508
04/02/2015,ATL,GA,ASO,ES,Towers with Radar,2223,291,16,1,2531,0,0,0,0,0,2223,291,16,1,2531,0,0,0,2531
04/03/2015,ATL,GA,ASO,ES,Towers with Radar,2223,269,11,0,2503,0,0,2,2,4,2223,269,13,2,2507,0,0,0,2507
04/04/2015,ATL,GA,ASO,ES,Towers with Radar,1796,206,3,0,2005,0,0,0,4,4,1796,206,3,4,2009,0,0,0,2009
04/05/2015,ATL,GA,ASO,ES,Towers with Radar,2007,224,17,0,2248,0,0,7,6,13,2007,224,24,6,2261,0,0,0,2261
04/06/2015,ATL,GA,ASO,ES,Towers with Radar,2221,278,24,1,2524,0,0,2,4,6,2221,278,26,5,2530,0,0,0,2530
04/07/2015,ATL,GA,ASO,ES,Towers with Radar,2203,274,28,0,2505,0,0,0,6,6,2203,274,28,6,2511,0,0,0,2511
04/08/2015,ATL,GA,ASO,ES,Towers with Radar,2211,283,35,0,2529,0,0,0,2,2,2211,283,35,2,2531,0,0,0,2531
04/09/2015,ATL,GA,ASO,ES,Towers with Radar,2221,285,24,0,2530,0,1,3,6,10,2221,286,27,6,2540,0,0,0,2540
04/10/2015,ATL,GA,ASO,ES,Towers with Radar,2059,270,23,0,2352,0,0,2,0,2,2059,270,25,0,2354,0,0,0,2354
04/11/2015,ATL,GA,ASO,ES,Towers with Radar,1973,223,19,0,2215,0,0,4,4,8,1973,223,23,4,2223,0,0,0,2223
04/12/2015,ATL,GA,ASO,ES,Towers with Radar,2139,275,17,0,2431,0,0,0,0,0,2139,275,17,0,2431,0,0,0,2431
04/13/2015,ATL,GA,ASO,ES,Towers with Radar,2235,283,13,0,2531,0,0,0,0,0,2235,283,13,0,2531,0,0,0,2531
04/14/2015,ATL,GA,ASO,ES,Towers with Radar,2220,275,19,0,2514,0,0,1,4,5,2220,275,20,4,2519,0,0,0,2519
04/15/2015,ATL,GA,ASO,ES,Towers with Radar,2225,272,22,1,2520,0,0,2,1,3,2225,272,24,2,2523,0,0,0,2523
04/16/2015,ATL,GA,ASO,ES,Towers with Radar,2234,288,21,0,2543,0,0,0,0,0,2234,288,21,0,2543,0,0,0,2543
04/17/2015,ATL,GA,ASO,ES,Towers with Radar,2221,276,13,0,2510,0,0,0,0,0,2221,276,13,0,2510,0,0,0,2510
04/18/2015,ATL,GA,ASO,ES,Towers with Radar,1902,220,17,0,2139,0,0,0,4,4,1902,220,17,4,2143,0,0,0,2143
04/19/2015,ATL,GA,ASO,ES,Towers with Radar,2132,276,13,0,2421,0,0,0,0,0,2132,276,13,0,2421,0,0,0,2421
04/20/2015,ATL,GA,ASO,ES,Towers with Radar,2199,276,9,0,2484,0,0,0,0,0,2199,276,9,0,2484,0,0,0,2484
04/21/2015,ATL,GA,ASO,ES,Towers with Radar,2210,280,16,0,2506,0,2,4,8,14,2210,282,20,8,2520,0,0,0,2520
04/22/2015,ATL,GA,ASO,ES,Towers with Radar,2212,279,21,0,2512,0,0,4,2,6,2212,279,25,2,2518,0,0,0,2518
04/23/2015,ATL,GA,ASO,ES,Towers with Radar,2229,279,12,0,2520,0,0,2,11,13,2229,279,14,11,2533,0,0,0,2533
04/24/2015,ATL,GA,ASO,ES,Towers with Radar,2217,280,7,0,2504,0,0,9,5,14,2217,280,16,5,2518,0,0,0,2518
04/25/2015,ATL,GA,ASO,ES,Towers with Radar,1894,223,9,0,2126,0,0,0,4,4,1894,223,9,4,2130,0,0,0,2130
04/26/2015,ATL,GA,ASO,ES,Towers with Radar,2140,273,8,0,2421,0,0,4,2,6,2140,273,12,2,2427,0,0,0,2427
04/27/2015,ATL,GA,ASO,ES,Towers with Radar,2225,277,14,0,2516,0,0,15,4,19,2225,277,29,4,2535,0,0,0,2535
04/28/2015,ATL,GA,ASO,ES,Towers with Radar,2210,277,18,0,2505,0,0,0,6,6,2210,277,18,6,2511,0,0,0,2511
04/29/2015,ATL,GA,ASO,ES,Towers with Radar,2217,276,14,0,2507,0,0,0,5,5,2217,276,14,5,2512,0,0,0,2512
04/30/2015,ATL,GA,ASO,ES,Towers with Radar,2234,282,15,2,2533,1,0,4,8,13,2235,282,19,10,2546,0,0,0,2546
05/01/2015,ATL,GA,ASO,ES,Towers with Radar,2251,280,2,0,2533,0,0,13,2,15,2251,280,15,2,2548,0,0,0,2548
05/02/2015,ATL,GA,ASO,ES,Towers with Radar,1932,194,4,0,2130,0,0,4,8,12,1932,194,8,8,2142,0,0,0,2142
05/03/2015,ATL,GA,ASO,ES,Towers with Radar,2148,262,8,0,2418,0,0,2,2,4,2148,262,10,2,2422,0,0,0,2422
05/04/2015,ATL,GA,ASO,ES,Towers with Radar,2249,280,27,0,2556,0,0,16,0,16,2249,280,43,0,2572,0,0,0,2572
05/05/2015,ATL,GA,ASO,ES,Towers with Radar,2223,262,12,0,2497,0,0,9,12,21,2223,262,21,12,2518,0,0,0,2518
05/06/2015,ATL,GA,ASO,ES,Towers with Radar,2235,274,15,0,2524,0,0,2,14,16,2235,274,17,14,2540,0,0,0,2540
05/07/2015,ATL,GA,ASO,ES,Towers with Radar,2277,293,24,0,2594,0,0,2,10,12,2277,293,26,10,2606,0,0,0,2606
05/08/2015,ATL,GA,ASO,ES,Towers with Radar,2258,279,9,0,2546,0,0,4,4,8,2258,279,13,4,2554,0,0,0,2554
05/09/2015,ATL,GA,ASO,ES,Towers with Radar,1852,169,6,0,2027,0,0,0,2,2,1852,169,6,2,2029,0,0,0,2029
05/10/2015,ATL,GA,ASO,ES,Towers with Radar,2066,238,11,0,2315,0,4,0,2,6,2066,242,11,2,2321,0,0,0,2321
05/11/2015,ATL,GA,ASO,ES,Towers with Radar,2268,279,24,0,2571,0,2,0,2,4,2268,281,24,2,2575,0,0,0,2575
05/12/2015,ATL,GA,ASO,ES,Towers with Radar,2231,250,20,0,2501,0,0,0,2,2,2231,250,20,2,2503,0,0,0,2503
05/13/2015,ATL,GA,ASO,ES,Towers with Radar,2254,269,17,0,2540,0,0,4,6,10,2254,269,21,6,2550,0,0,0,2550
05/14/2015,ATL,GA,ASO,ES,Towers with Radar,2275,297,16,2,2590,0,0,6,14,20,2275,297,22,16,2610,0,0,0,2610
05/15/2015,ATL,GA,ASO,ES,Towers with Radar,2276,279,30,0,2585,0,3,4,0,7,2276,282,34,0,2592,0,0,0,2592
05/16/2015,ATL,GA,ASO,ES,Towers with Radar,1941,191,8,0,2140,0,0,1,2,3,1941,191,9,2,2143,0,0,0,2143
05/17/2015,ATL,GA,ASO,ES,Towers with Radar,2151,261,14,0,2426,0,0,3,0,3,2151,261,17,0,2429,0,0,0,2429
05/18/2015,ATL,GA,ASO,ES,Towers with Radar,2185,282,23,0,2490,0,0,1,1,2,2185,282,24,1,2492,0,0,0,2492
05/19/2015,ATL,GA,ASO,ES,Towers with Radar,2283,276,15,0,2574,0,0,4,3,7,2283,276,19,3,2581,0,0,0,2581
05/20/2015,ATL,GA,ASO,ES,Towers with Radar,2245,263,28,0,2536,0,0,9,7,16,2245,263,37,7,2552,0,0,0,2552
05/21/2015,ATL,GA,ASO,ES,Towers with Radar,2274,282,5,0,2561,0,0,3,5,8,2274,282,8,5,2569,0,0,0,2569
05/22/2015,ATL,GA,ASO,ES,Towers with Radar,2274,283,10,0,2567,0,0,2,3,5,2274,283,12,3,2572,0,0,0,2572
05/23/2015,ATL,GA,ASO,ES,Towers with Radar,1868,175,9,0,2052,0,1,0,8,9,1868,176,9,8,2061,0,0,0,2061
05/24/2015,ATL,GA,ASO,ES,Towers with Radar,1797,168,0,0,1965,1,0,0,0,1,1798,168,0,0,1966,0,0,0,1966
05/25/2015,ATL,GA,ASO,ES,Towers with Radar,2044,230,4,0,2278,0,0,0,0,0,2044,230,4,0,2278,0,0,0,2278
05/26/2015,ATL,GA,ASO,ES,Towers with Radar,1985,223,17,0,2225,0,0,0,2,2,1985,223,17,2,2227,0,0,0,2227
05/27/2015,ATL,GA,ASO,ES,Towers with Radar,2335,277,20,0,2632,0,0,0,6,6,2335,277,20,6,2638,0,0,0,2638
05/28/2015,ATL,GA,ASO,ES,Towers with Radar,2277,275,22,1,2575,0,0,1,3,4,2277,275,23,4,2579,0,0,0,2579
05/29/2015,ATL,GA,ASO,ES,Towers with Radar,2272,284,25,0,2581,0,0,5,10,15,2272,284,30,10,2596,0,0,0,2596
05/30/2015,ATL,GA,ASO,ES,Towers with Radar,1934,189,5,0,2128,0,0,6,2,8,1934,189,11,2,2136,0,0,0,2136
05/31/2015,ATL,GA,ASO,ES,Towers with Radar,2099,251,16,0,2366,0,0,0,0,0,2099,251,16,0,2366,0,0,0,2366
06/01/2015,ATL,GA,ASO,ES,Towers with Radar,2295,272,12,0,2579,0,0,0,4,4,2295,272,12,4,2583,0,0,0,2583
06/02/2015,ATL,GA,ASO,ES,Towers with Radar,2260,246,10,0,2516,0,0,0,9,9,2260,246,10,9,2525,0,0,0,2525
06/03/2015,ATL,GA,ASO,ES,Towers with Radar,2265,263,16,0,2544,0,0,4,6,10,2265,263,20,6,2554,0,0,0,2554
06/04/2015,ATL,GA,ASO,ES,Towers with Radar,2294,290,12,0,2596,0,1,3,10,14,2294,291,15,10,2610,0,0,0,2610
06/05/2015,ATL,GA,ASO,ES,Towers with Radar,2310,282,15,0,2607,0,0,2,4,6,2310,282,17,4,2613,0,0,0,2613
06/06/2015,ATL,GA,ASO,ES,Towers with Radar,1989,203,7,0,2199,0,0,6,6,12,1989,203,13,6,2211,0,0,0,2211
06/07/2015,ATL,GA,ASO,ES,Towers with Radar,2209,268,12,0,2489,0,0,2,2,4,2209,268,14,2,2493,0,0,0,2493
06/08/2015,ATL,GA,ASO,ES,Towers with Radar,2297,288,28,0,2613,0,0,0,0,0,2297,288,28,0,2613,0,0,0,2613
06/09/2015,ATL,GA,ASO,ES,Towers with Radar,2094,253,22,1,2370,0,0,0,2,2,2094,253,22,3,2372,0,0,0,2372
06/10/2015,ATL,GA,ASO,ES,Towers with Radar,2387,267,14,0,2668,0,2,0,5,7,2387,269,14,5,2675,0,0,0,2675
06/11/2015,ATL,GA,ASO,ES,Towers with Radar,2303,294,18,0,2615,0,0,0,7,7,2303,294,18,7,2622,0,0,0,2622
06/12/2015,ATL,GA,ASO,ES,Towers with Radar,2300,299,9,0,2608,0,0,7,4,11,2300,299,16,4,2619,0,0,0,2619
06/13/2015,ATL,GA,ASO,ES,Towers with Radar,2011,213,12,2,2238,0,0,5,2,7,2011,213,17,4,2245,0,0,0,2245
06/14/2015,ATL,GA,ASO,ES,Towers with Radar,2205,266,15,1,2487,0,0,7,2,9,2205,266,22,3,2496,0,0,0,2496
06/15/2015,ATL,GA,ASO,ES,Towers with Radar,2242,290,15,0,2547,0,0,1,2,3,2242,290,16,2,2550,0,0,0,2550
06/16/2015,ATL,GA,ASO,ES,Towers with Radar,2273,271,15,2,2561,0,0,8,7,15,2273,271,23,9,2576,0,0,0,2576
06/17/2015,ATL,GA,ASO,ES,Towers with Radar,2282,269,17,0,2568,0,0,6,10,16,2282,269,23,10,2584,0,0,0,2584
06/18/2015,ATL,GA,ASO,ES,Towers with Radar,2270,287,17,0,2574,0,0,0,6,6,2270,287,17,6,2580,0,0,0,2580
06/19/2015,ATL,GA,ASO,ES,Towers with Radar,2379,293,20,0,2692,0,0,7,4,11,2379,293,27,4,2703,0,0,0,2703
06/20/2015,ATL,GA,ASO,ES,Towers with Radar,2020,204,18,0,2242,0,0,2,6,8,2020,204,20,6,2250,0,0,0,2250
06/21/2015,ATL,GA,ASO,ES,Towers with Radar,2202,261,9,1,2473,0,0,0,6,6,2202,261,9,7,2479,0,0,0,2479
06/22/2015,ATL,GA,ASO,ES,Towers with Radar,2302,298,23,2,2625,0,0,0,0,0,2302,298,23,2,2625,0,0,0,2625
06/23/2015,ATL,GA,ASO,ES,Towers with Radar,2249,260,14,1,2524,0,0,0,2,2,2249,260,14,3,2526,0,0,0,2526
06/24/2015,ATL,GA,ASO,ES,Towers with Radar,2059,228,24,0,2311,0,0,0,0,0,2059,228,24,0,2311,0,0,0,2311
06/25/2015,ATL,GA,ASO,ES,Towers with Radar,2448,287,22,0,2757,0,0,9,4,13,2448,287,31,4,2770,0,0,0,2770
06/26/2015,ATL,GA,ASO,ES,Towers with Radar,2307,289,21,0,2617,0,0,1,2,3,2307,289,22,2,2620,0,0,0,2620
06/27/2015,ATL,GA,ASO,ES,Towers with Radar,2021,210,15,0,2246,0,0,3,0,3,2021,210,18,0,2249,0,0,0,2249
06/28/2015,ATL,GA,ASO,ES,Towers with Radar,2216,254,6,1,2477,0,0,3,8,11,2216,254,9,9,2488,0,0,0,2488
06/29/2015,ATL,GA,ASO,ES,Towers with Radar,2306,277,12,0,2595,0,0,0,3,3,2306,277,12,3,2598,0,0,0,2598
06/30/2015,ATL,GA,ASO,ES,Towers with Radar,2235,263,9,0,2507,0,0,0,6,6,2235,263,9,6,2513,0,0,0,2513
07/01/2015,ATL,GA,ASO,ES,Towers with Radar,2230,268,15,0,2513,0,1,0,4,5,2230,269,15,4,2518,0,0,0,2518
07/02/2015,ATL,GA,ASO,ES,Towers with Radar,2376,287,13,0,2676,0,0,0,4,4,2376,287,13,4,2680,0,0,0,2680
07/03/2015,ATL,GA,ASO,ES,Towers with Radar,1891,191,7,0,2089,0,2,0,5,7,1891,193,7,5,2096,0,0,0,2096
07/04/2015,ATL,GA,ASO,ES,Towers with Radar,1719,147,6,0,1872,0,0,0,3,3,1719,147,6,3,1875,0,0,0,1875
07/05/2015,ATL,GA,ASO,ES,Towers with Radar,2220,268,14,0,2502,0,0,0,0,0,2220,268,14,0,2502,0,0,0,2502
07/06/2015,ATL,GA,ASO,ES,Towers with Radar,2329,278,9,0,2616,0,0,2,2,4,2329,278,11,2,2620,0,0,0,2620
07/07/2015,ATL,GA,ASO,ES,Towers with Radar,2308,260,16,0,2584,0,0,7,5,12,2308,260,23,5,2596,0,0,0,2596
07/08/2015,ATL,GA,ASO,ES,Towers with Radar,2310,262,22,0,2594,0,0,5,7,12,2310,262,27,7,2606,0,0,0,2606
07/09/2015,ATL,GA,ASO,ES,Towers with Radar,2348,280,21,0,2649,0,0,5,14,19,2348,280,26,14,2668,0,0,0,2668
07/10/2015,ATL,GA,ASO,ES,Towers with Radar,2310,285,15,0,2610,0,0,0,3,3,2310,285,15,3,2613,0,0,0,2613
07/11/2015,ATL,GA,ASO,ES,Towers with Radar,2041,212,14,0,2267,0,0,1,4,5,2041,212,15,4,2272,0,0,0,2272
07/12/2015,ATL,GA,ASO,ES,Towers with Radar,2251,260,19,0,2530,0,0,2,0,2,2251,260,21,0,2532,0,0,0,2532
07/13/2015,ATL,GA,ASO,ES,Towers with Radar,2301,272,20,0,2593,1,0,3,5,9,2302,272,23,5,2602,0,0,0,2602
07/14/2015,ATL,GA,ASO,ES,Towers with Radar,2160,247,11,0,2418,0,0,3,1,4,2160,247,14,1,2422,0,0,0,2422
07/15/2015,ATL,GA,ASO,ES,Towers with Radar,2470,269,38,0,2777,0,0,4,9,13,2470,269,42,9,2790,0,0,0,2790
07/16/2015,ATL,GA,ASO,ES,Towers with Radar,2342,285,22,0,2649,0,0,2,16,18,2342,285,24,16,2667,0,0,0,2667
07/17/2015,ATL,GA,ASO,ES,Towers with Radar,2326,280,7,4,2617,0,0,4,4,8,2326,280,11,8,2625,0,0,0,2625
07/18/2015,ATL,GA,ASO,ES,Towers with Radar,2037,206,12,2,2257,0,0,0,4,4,2037,206,12,6,2261,0,0,0,2261
07/19/2015,ATL,GA,ASO,ES,Towers with Radar,2243,255,8,0,2506,0,0,6,2,8,2243,255,14,2,2514,0,0,0,2514
07/20/2015,ATL,GA,ASO,ES,Towers with Radar,2349,278,25,0,2652,0,0,6,2,8,2349,278,31,2,2660,0,0,0,2660
07/21/2015,ATL,GA,ASO,ES,Towers with Radar,2288,268,10,0,2566,0,0,5,5,10,2288,268,15,5,2576,0,0,0,2576
07/22/2015,ATL,GA,ASO,ES,Towers with Radar,2333,277,24,0,2634,0,1,1,2,4,2333,278,25,2,2638,0,0,0,2638
07/23/2015,ATL,GA,ASO,ES,Towers with Radar,2322,275,13,0,2610,0,0,15,0,15,2322,275,28,0,2625,0,0,0,2625
07/24/2015,ATL,GA,ASO,ES,Towers with Radar,2337,274,23,0,2634,0,0,3,2,5,2337,274,26,2,2639,0,0,0,2639
07/25/2015,ATL,GA,ASO,ES,Towers with Radar,2044,213,15,0,2272,0,0,1,4,5,2044,213,16,4,2277,0,0,0,2277
07/26/2015,ATL,GA,ASO,ES,Towers with Radar,2242,259,8,0,2509,0,0,1,2,3,2242,259,9,2,2512,0,0,0,2512
07/27/2015,ATL,GA,ASO,ES,Towers with Radar,2349,272,13,0,2634,0,0,2,4,6,2349,272,15,4,2640,0,0,0,2640
07/28/2015,ATL,GA,ASO,ES,Towers with Radar,2296,266,8,0,2570,0,0,0,6,6,2296,266,8,6,2576,0,0,0,2576
07/29/2015,ATL,GA,ASO,ES,Towers with Radar,2325,262,13,1,2601,0,2,1,6,9,2325,264,14,7,2610,0,0,0,2610
07/30/2015,ATL,GA,ASO,ES,Towers with Radar,2332,273,10,0,2615,0,0,0,12,12,2332,273,10,12,2627,0,0,0,2627
07/31/2015,ATL,GA,ASO,ES,Towers with Radar,2309,272,22,0,2603,0,0,6,2,8,2309,272,28,2,2611,0,0,0,2611
08/01/2015,ATL,GA,ASO,ES,Towers with Radar,2067,219,6,0,2292,0,0,1,2,3,2067,219,7,2,2295,0,0,0,2295
08/02/2015,ATL,GA,ASO,ES,Towers with Radar,2230,253,8,0,2491,0,0,4,0,4,2230,253,12,0,2495,0,0,0,2495
08/03/2015,ATL,GA,ASO,ES,Towers with Radar,2342,284,9,2,2637,0,0,6,0,6,2342,284,15,2,2643,0,0,0,2643
08/04/2015,ATL,GA,ASO,ES,Towers with Radar,2310,265,20,0,2595,0,1,9,0,10,2310,266,29,0,2605,0,0,0,2605
08/05/2015,ATL,GA,ASO,ES,Towers with Radar,2330,266,18,0,2614,0,0,16,0,16,2330,266,34,0,2630,0,0,0,2630
08/06/2015,ATL,GA,ASO,ES,Towers with Radar,2318,277,17,0,2612,0,0,6,0,6,2318,277,23,0,2618,0,0,0,2618
08/07/2015,ATL,GA,ASO,ES,Towers with Radar,2355,289,13,0,2657,0,0,4,0,4,2355,289,17,0,2661,0,0,0,2661
08/08/2015,ATL,GA,ASO,ES,Towers with Radar,2025,209,9,2,2245,0,0,4,0,4,2025,209,13,2,2249,0,0,0,2249
08/09/2015,ATL,GA,ASO,ES,Towers with Radar,2245,265,13,0,2523,0,0,4,0,4,2245,265,17,0,2527,0,0,0,2527
08/10/2015,ATL,GA,ASO,ES,Towers with Radar,2243,266,14,0,2523,0,0,5,0,5,2243,266,19,0,2528,0,0,0,2528
08/11/2015,ATL,GA,ASO,ES,Towers with Radar,2362,271,31,0,2664,0,2,6,0,8,2362,273,37,0,2672,0,0,0,2672
08/12/2015,ATL,GA,ASO,ES,Towers with Radar,2328,275,6,3,2612,0,0,4,2,6,2328,275,10,5,2618,0,0,0,2618
08/13/2015,ATL,GA,ASO,ES,Towers with Radar,2354,287,15,0,2656,0,0,7,0,7,2354,287,22,0,2663,0,0,0,2663
08/14/2015,ATL,GA,ASO,ES,Towers with Radar,2323,275,11,0,2609,0,0,4,0,4,2323,275,15,0,2613,0,0,0,2613
08/15/2015,ATL,GA,ASO,ES,Towers with Radar,1995,213,8,0,2216,0,2,4,0,6,1995,215,12,0,2222,0,0,0,2222
08/16/2015,ATL,GA,ASO,ES,Towers with Radar,2241,263,12,0,2516,0,0,1,0,1,2241,263,13,0,2517,0,0,0,2517
08/17/2015,ATL,GA,ASO,ES,Towers with Radar,2273,271,15,3,2562,0,0,0,1,1,2273,271,15,4,2563,0,0,0,2563
08/18/2015,ATL,GA,ASO,ES,Towers with Radar,2282,239,19,0,2540,0,0,4,0,4,2282,239,23,0,2544,0,0,0,2544
08/19/2015,ATL,GA,ASO,ES,Towers with Radar,2342,266,13,0,2621,0,0,9,0,9,2342,266,22,0,2630,0,0,0,2630
08/20/2015,ATL,GA,ASO,ES,Towers with Radar,2303,264,14,0,2581,0,0,4,1,5,2303,264,18,1,2586,0,0,0,2586
08/21/2015,ATL,GA,ASO,ES,Towers with Radar,2363,267,11,0,2641,0,2,9,0,11,2363,269,20,0,2652,0,0,0,2652
08/22/2015,ATL,GA,ASO,ES,Towers with Radar,1911,180,6,0,2097,0,0,3,0,3,1911,180,9,0,2100,0,0,0,2100
08/23/2015,ATL,GA,ASO,ES,Towers with Radar,2220,240,20,0,2480,0,0,2,2,4,2220,240,22,2,2484,0,0,0,2484
08/24/2015,ATL,GA,ASO,ES,Towers with Radar,2343,263,12,0,2618,0,0,10,0,10,2343,263,22,0,2628,0,0,0,2628
08/25/2015,ATL,GA,ASO,ES,Towers with Radar,2301,242,20,0,2563,0,2,13,3,18,2301,244,33,3,2581,0,0,0,2581
08/26/2015,ATL,GA,ASO,ES,Towers with Radar,2315,262,22,0,2599,0,0,6,0,6,2315,262,28,0,2605,0,0,0,2605
08/27/2015,ATL,GA,ASO,ES,Towers with Radar,2347,272,24,0,2643,0,0,7,2,9,2347,272,31,2,2652,0,0,0,2652
08/28/2015,ATL,GA,ASO,ES,Towers with Radar,2326,271,15,0,2612,0,0,13,0,13,2326,271,28,0,2625,0,0,0,2625
08/29/2015,ATL,GA,ASO,ES,Towers with Radar,1838,169,10,0,2017,0,0,4,0,4,1838,169,14,0,2021,0,0,0,2021
08/30/2015,ATL,GA,ASO,ES,Towers with Radar,2174,240,9,0,2423,0,0,2,0,2,2174,240,11,0,2425,0,0,0,2425
08/31/2015,ATL,GA,ASO,ES,Towers with Radar,2318,252,22,0,2592,0,0,0,0,0,2318,252,22,0,2592,0,0,0,2592
09/01/2015,ATL,GA,ASO,ES,Towers with Radar,2256,260,12,0,2528,0,0,12,2,14,2256,260,24,2,2542,0,0,0,2542
09/02/2015,ATL,GA,ASO,ES,Towers with Radar,2293,265,7,1,2566,0,0,27,0,27,2293,265,34,1,2593,0,0,0,2593
09/03/2015,ATL,GA,ASO,ES,Towers with Radar,2290,246,8,3,2547,0,0,14,0,14,2290,246,22,3,2561,0,0,0,2561
09/04/2015,ATL,GA,ASO,ES,Towers with Radar,2297,276,12,1,2586,0,0,19,0,19,2297,276,31,1,2605,0,0,0,2605
09/05/2015,ATL,GA,ASO,ES,Towers with Radar,1706,149,11,0,1866,0,1,13,0,14,1706,150,24,0,1880,0,0,0,1880
09/06/2015,ATL,GA,ASO,ES,Towers with Radar,1781,161,6,0,1948,0,0,8,0,8,1781,161,14,0,1956,0,0,0,1956
09/07/2015,ATL,GA,ASO,ES,Towers with Radar,2115,240,7,0,2362,0,0,0,0,0,2115,240,7,0,2362,0,0,0,2362
09/08/2015,ATL,GA,ASO,ES,Towers with Radar,2125,231,4,0,2360,0,0,4,0,4,2125,231,8,0,2364,0,0,0,2364
09/09/2015,ATL,GA,ASO,ES,Towers with Radar,2045,196,9,0,2250,0,0,4,0,4,2045,196,13,0,2254,0,0,0,2254
09/10/2015,ATL,GA,ASO,ES,Towers with Radar,2105,217,22,1,2345,0,0,3,0,3,2105,217,25,1,2348,0,0,0,2348
09/11/2015,ATL,GA,ASO,ES,Towers with Radar,2229,249,12,1,2491,0,0,4,0,4,2229,249,16,1,2495,0,0,0,2495
09/12/2015,ATL,GA,ASO,ES,Towers with Radar,1701,151,13,0,1865,0,0,2,0,2,1701,151,15,0,1867,0,0,0,1867
09/13/2015,ATL,GA,ASO,ES,Towers with Radar,2194,252,5,0,2451,0,0,3,0,3,2194,252,8,0,2454,0,0,0,2454
09/14/2015,ATL,GA,ASO,ES,Towers with Radar,2271,267,12,0,2550,0,0,10,0,10,2271,267,22,0,2560,0,0,0,2560
09/15/2015,ATL,GA,ASO,ES,Towers with Radar,2247,268,22,0,2537,0,1,17,0,18,2247,269,39,0,2555,0,0,0,2555
09/16/2015,ATL,GA,ASO,ES,Towers with Radar,2262,261,13,0,2536,0,0,22,0,22,2262,261,35,0,2558,0,0,0,2558
09/17/2015,ATL,GA,ASO,ES,Towers with Radar,2285,260,10,0,2555,0,0,18,0,18,2285,260,28,0,2573,0,0,0,2573
09/18/2015,ATL,GA,ASO,ES,Towers with Radar,2282,259,14,0,2555,0,0,6,0,6,2282,259,20,0,2561,0,0,0,2561
09/19/2015,ATL,GA,ASO,ES,Towers with Radar,1824,167,9,0,2000,0,4,4,0,8,1824,171,13,0,2008,0,0,0,2008
09/20/2015,ATL,GA,ASO,ES,Towers with Radar,2199,248,7,0,2454,0,0,4,0,4,2199,248,11,0,2458,0,0,0,2458
09/21/2015,ATL,GA,ASO,ES,Towers with Radar,2296,253,24,0,2573,0,0,6,0,6,2296,253,30,0,2579,0,0,0,2579
09/22/2015,ATL,GA,ASO,ES,Towers with Radar,2234,275,19,0,2528,0,0,6,0,6,2234,275,25,0,2534,0,0,0,2534
09/23/2015,ATL,GA,ASO,ES,Towers with Radar,2261,273,10,0,2544,0,0,6,0,6,2261,273,16,0,2550,0,0,0,2550
09/24/2015,ATL,GA,ASO,ES,Towers with Radar,2286,260,17,1,2564,0,0,0,0,0,2286,260,17,1,2564,0,0,0,2564
09/25/2015,ATL,GA,ASO,ES,Towers with Radar,2269,273,9,0,2551,0,0,0,0,0,2269,273,9,0,2551,0,0,0,2551
09/26/2015,ATL,GA,ASO,ES,Towers with Radar,1839,175,5,0,2019,0,0,0,0,0,1839,175,5,0,2019,0,0,0,2019
09/27/2015,ATL,GA,ASO,ES,Towers with Radar,2202,250,12,2,2466,0,0,2,0,2,2202,250,14,2,2468,0,0,0,2468
09/28/2015,ATL,GA,ASO,ES,Towers with Radar,2286,264,15,0,2565,0,0,0,0,0,2286,264,15,0,2565,0,0,0,2565
09/29/2015,ATL,GA,ASO,ES,Towers with Radar,2240,282,15,0,2537,0,0,2,0,2,2240,282,17,0,2539,0,0,0,2539
09/30/2015,ATL,GA,ASO,ES,Towers with Radar,2263,267,8,0,2538,0,0,6,0,6,2263,267,14,0,2544,0,0,0,2544
10/01/2015,ATL,GA,ASO,ES,Towers with Radar,2288,268,12,0,2568,0,0,0,0,0,2288,268,12,0,2568,0,0,0,2568
10/02/2015,ATL,GA,ASO,ES,Towers with Radar,2281,255,14,0,2550,0,0,0,0,0,2281,255,14,0,2550,0,0,0,2550
10/03/2015,ATL,GA,ASO,ES,Towers with Radar,1829,171,10,1,2011,0,0,0,0,0,1829,171,10,1,2011,0,0,0,2011
10/04/2015,ATL,GA,ASO,ES,Towers with Radar,2177,251,18,1,2447,0,0,0,0,0,2177,251,18,1,2447,0,0,0,2447
10/05/2015,ATL,GA,ASO,ES,Towers with Radar,2283,246,13,1,2543,0,0,2,0,2,2283,246,15,1,2545,0,0,0,2545
10/06/2015,ATL,GA,ASO,ES,Towers with Radar,2262,264,28,0,2554,0,0,18,0,18,2262,264,46,0,2572,0,0,0,2572
10/07/2015,ATL,GA,ASO,ES,Towers with Radar,2276,268,22,0,2566,0,2,10,0,12,2276,270,32,0,2578,0,0,0,2578
10/08/2015,ATL,GA,ASO,ES,Towers with Radar,2291,266,15,0,2572,0,0,28,0,28,2291,266,43,0,2600,0,0,0,2600
10/09/2015,ATL,GA,ASO,ES,Towers with Radar,2262,269,13,0,2544,0,0,16,0,16,2262,269,29,0,2560,0,0,0,2560
10/10/2015,ATL,GA,ASO,ES,Towers with Radar,1868,171,10,0,2049,0,0,6,0,6,1868,171,16,0,2055,0,0,0,2055
10/11/2015,ATL,GA,ASO,ES,Towers with Radar,2191,249,19,0,2459,0,0,6,0,6,2191,249,25,0,2465,0,0,0,2465
10/12/2015,ATL,GA,ASO,ES,Towers with Radar,2290,254,22,0,2566,0,0,3,0,3,2290,254,25,0,2569,0,0,0,2569
10/13/2015,ATL,GA,ASO,ES,Towers with Radar,2278,253,13,0,2544,1,0,10,1,12,2279,253,23,1,2556,0,0,0,2556
10/14/2015,ATL,GA,ASO,ES,Towers with Radar,2283,258,22,0,2563,0,1,34,0,35,2283,259,56,0,2598,0,0,0,2598
10/15/2015,ATL,GA,ASO,ES,Towers with Radar,2301,249,15,0,2565,0,0,8,0,8,2301,249,23,0,2573,0,0,0,2573
10/16/2015,ATL,GA,ASO,ES,Towers with Radar,2299,247,16,1,2563,0,0,12,0,12,2299,247,28,1,2575,0,0,0,2575
10/17/2015,ATL,GA,ASO,ES,Towers with Radar,1834,158,5,0,1997,0,0,7,0,7,1834,158,12,0,2004,0,0,0,2004
10/18/2015,ATL,GA,ASO,ES,Towers with Radar,2196,233,9,0,2438,0,0,3,0,3,2196,233,12,0,2441,0,0,0,2441
10/19/2015,ATL,GA,ASO,ES,Towers with Radar,2289,245,19,0,2553,0,0,2,0,2,2289,245,21,0,2555,0,0,0,2555
10/20/2015,ATL,GA,ASO,ES,Towers with Radar,2268,259,13,0,2540,0,0,10,0,10,2268,259,23,0,2550,0,0,0,2550
10/21/2015,ATL,GA,ASO,ES,Towers with Radar,2279,255,20,0,2554,0,0,6,0,6,2279,255,26,0,2560,0,0,0,2560
10/22/2015,ATL,GA,ASO,ES,Towers with Radar,2305,265,11,0,2581,0,2,10,0,12,2305,267,21,0,2593,0,0,0,2593
10/23/2015,ATL,GA,ASO,ES,Towers with Radar,2273,265,23,0,2561,0,0,15,0,15,2273,265,38,0,2576,0,0,0,2576
10/24/2015,ATL,GA,ASO,ES,Towers with Radar,1830,166,13,0,2009,0,0,2,0,2,1830,166,15,0,2011,0,0,0,2011
10/25/2015,ATL,GA,ASO,ES,Towers with Radar,2200,234,13,0,2447,0,0,0,0,0,2200,234,13,0,2447,0,0,0,2447
10/26/2015,ATL,GA,ASO,ES,Towers with Radar,2285,257,38,0,2580,0,0,0,0,0,2285,257,38,0,2580,0,0,0,2580
10/27/2015,ATL,GA,ASO,ES,Towers with Radar,2078,216,22,0,2316,0,0,0,0,0,2078,216,22,0,2316,0,0,0,2316
10/28/2015,ATL,GA,ASO,ES,Towers with Radar,2094,224,23,0,2341,0,1,1,0,2,2094,225,24,0,2343,0,0,0,2343
10/29/2015,ATL,GA,ASO,ES,Towers with Radar,2297,264,23,0,2584,0,0,3,0,3,2297,264,26,0,2587,0,0,0,2587
10/30/2015,ATL,GA,ASO,ES,Towers with Radar,2188,240,15,0,2443,0,1,8,0,9,2188,241,23,0,2452,0,0,0,2452
10/31/2015,ATL,GA,ASO,ES,Towers with Radar,1612,156,1,0,1769,0,1,4,0,5,1612,157,5,0,1774,0,0,0,1774
11/01/2015,ATL,GA,ASO,ES,Towers with Radar,2188,243,12,0,2443,0,0,0,0,0,2188,243,12,0,2443,0,0,0,2443
11/02/2015,ATL,GA,ASO,ES,Towers with Radar,2295,256,14,0,2565,0,0,0,0,0,2295,256,14,0,2565,0,0,0,2565
11/03/2015,ATL,GA,ASO,ES,Towers with Radar,2179,264,20,0,2463,0,0,0,0,0,2179,264,20,0,2463,0,0,0,2463
11/04/2015,ATL,GA,ASO,ES,Towers with Radar,2290,262,21,0,2573,0,0,1,0,1,2290,262,22,0,2574,0,0,0,2574
11/05/2015,ATL,GA,ASO,ES,Towers with Radar,2308,259,30,0,2597,0,0,0,0,0,2308,259,30,0,2597,0,0,0,2597
11/06/2015,ATL,GA,ASO,ES,Towers with Radar,2289,258,18,1,2566,0,0,1,0,1,2289,258,19,1,2567,0,0,0,2567
11/07/2015,ATL,GA,ASO,ES,Towers with Radar,1818,153,8,2,1981,0,0,4,0,4,1818,153,12,2,1985,0,0,0,1985
11/08/2015,ATL,GA,ASO,ES,Towers with Radar,2179,231,10,1,2421,0,0,0,0,0,2179,231,10,1,2421,0,0,0,2421
11/09/2015,ATL,GA,ASO,ES,Towers with Radar,2276,258,21,1,2556,0,0,0,0,0,2276,258,21,1,2556,0,0,0,2556
11/10/2015,ATL,GA,ASO,ES,Towers with Radar,2241,257,23,4,2525,0,1,2,1,4,2241,258,25,5,2529,0,0,0,2529
11/11/2015,ATL,GA,ASO,ES,Towers with Radar,2245,256,24,0,2525,0,0,13,3,16,2245,256,37,3,2541,0,0,0,2541
11/12/2015,ATL,GA,ASO,ES,Towers with Radar,2294,255,26,0,2575,0,0,6,0,6,2294,255,32,0,2581,0,0,0,2581
11/13/2015,ATL,GA,ASO,ES,Towers with Radar,2280,255,30,0,2565,0,0,7,0,7,2280,255,37,0,2572,0,0,0,2572
11/14/2015,ATL,GA,ASO,ES,Towers with Radar,1786,152,3,0,1941,0,1,4,0,5,1786,153,7,0,1946,0,0,0,1946
11/15/2015,ATL,GA,ASO,ES,Towers with Radar,2181,239,11,0,2431,0,0,0,0,0,2181,239,11,0,2431,0,0,0,2431
11/16/2015,ATL,GA,ASO,ES,Towers with Radar,2281,247,17,2,2547,0,0,6,0,6,2281,247,23,2,2553,0,0,0,2553
11/17/2015,ATL,GA,ASO,ES,Towers with Radar,2247,255,21,0,2523,0,0,3,0,3,2247,255,24,0,2526,0,0,0,2526
11/18/2015,ATL,GA,ASO,ES,Towers with Radar,2240,245,18,0,2503,0,0,0,0,0,2240,245,18,0,2503,0,0,0,2503
11/19/2015,ATL,GA,ASO,ES,Towers with Radar,2317,259,26,0,2602,0,1,9,0,10,2317,260,35,0,2612,0,0,0,2612
11/20/2015,ATL,GA,ASO,ES,Towers with Radar,2294,268,17,0,2579,0,0,7,0,7,2294,268,24,0,2586,0,0,0,2586
11/21/2015,ATL,GA,ASO,ES,Towers with Radar,1784,155,15,0,1954,0,0,3,0,3,1784,155,18,0,1957,0,0,0,1957
11/22/2015,ATL,GA,ASO,ES,Towers with Radar,1960,174,12,0,2146,0,0,8,0,8,1960,174,20,0,2154,0,0,0,2154
11/23/2015,ATL,GA,ASO,ES,Towers with Radar,2030,184,18,0,2232,0,0,2,2,4,2030,184,20,2,2236,0,0,0,2236
11/24/2015,ATL,GA,ASO,ES,Towers with Radar,2149,243,18,0,2410,0,0,2,0,2,2149,243,20,0,2412,0,0,0,2412
11/25/2015,ATL,GA,ASO,ES,Towers with Radar,2283,248,12,1,2544,0,0,4,0,4,2283,248,16,1,2548,0,0,0,2548
11/26/2015,ATL,GA,ASO,ES,Towers with Radar,1443,103,6,2,1554,0,1,0,0,1,1443,104,6,2,1555,0,0,0,1555
11/27/2015,ATL,GA,ASO,ES,Towers with Radar,1735,155,3,0,1893,0,0,4,0,4,1735,155,7,0,1897,0,0,0,1897
11/28/2015,ATL,GA,ASO,ES,Towers with Radar,2150,244,12,0,2406,0,0,5,0,5,2150,244,17,0,2411,0,0,0,2411
11/29/2015,ATL,GA,ASO,ES,Towers with Radar,2376,289,14,0,2679,0,0,1,0,1,2376,289,15,0,2680,0,0,0,2680
11/30/2015,ATL,GA,ASO,ES,Towers with Radar,2300,242,19,0,2561,0,0,5,0,5,2300,242,24,0,2566,0,0,0,2566
12/01/2015,ATL,GA,ASO,ES,Towers with Radar,2237,258,17,0,2512,0,0,4,0,4,2237,258,21,0,2516,0,0,0,2516
12/02/2015,ATL,GA,ASO,ES,Towers with Radar,2213,255,25,2,2495,0,0,3,2,5,2213,255,28,4,2500,0,0,0,2500
12/03/2015,ATL,GA,ASO,ES,Towers with Radar,2262,264,18,0,2544,0,0,5,2,7,2262,264,23,2,2551,0,0,0,2551
12/04/2015,ATL,GA,ASO,ES,Towers with Radar,2240,260,20,1,2521,0,0,8,0,8,2240,260,28,1,2529,0,0,0,2529
12/05/2015,ATL,GA,ASO,ES,Towers with Radar,1717,153,24,0,1894,0,0,7,0,7,1717,153,31,0,1901,0,0,0,1901
12/06/2015,ATL,GA,ASO,ES,Towers with Radar,2079,234,21,0,2334,0,0,2,0,2,2079,234,23,0,2336,0,0,0,2336
12/07/2015,ATL,GA,ASO,ES,Towers with Radar,2214,244,14,0,2472,0,0,9,0,9,2214,244,23,0,2481,0,0,0,2481
12/08/2015,ATL,GA,ASO,ES,Towers with Radar,2179,262,27,0,2468,0,1,5,0,6,2179,263,32,0,2474,0,0,0,2474
12/09/2015,ATL,GA,ASO,ES,Towers with Radar,2213,256,19,0,2488,0,2,8,2,12,2213,258,27,2,2500,0,0,0,2500
12/10/2015,ATL,GA,ASO,ES,Towers with Radar,2260,266,22,0,2548,0,0,26,0,26,2260,266,48,0,2574,0,0,0,2574
12/11/2015,ATL,GA,ASO,ES,Towers with Radar,2242,277,18,1,2538,0,0,10,0,10,2242,277,28,1,2548,0,0,0,2548
12/12/2015,ATL,GA,ASO,ES,Towers with Radar,1734,132,4,3,1873,0,0,4,0,4,1734,132,8,3,1877,0,0,0,1877
12/13/2015,ATL,GA,ASO,ES,Towers with Radar,2083,241,13,0,2337,0,0,8,2,10,2083,241,21,2,2347,0,0,0,2347
12/14/2015,ATL,GA,ASO,ES,Towers with Radar,2210,254,25,0,2489,0,0,2,0,2,2210,254,27,0,2491,0,0,0,2491
12/15/2015,ATL,GA,ASO,ES,Towers with Radar,2192,259,16,0,2467,0,0,14,0,14,2192,259,30,0,2481,0,0,0,2481
12/16/2015,ATL,GA,ASO,ES,Towers with Radar,2238,263,17,2,2520,0,0,2,0,2,2238,263,19,2,2522,0,0,0,2522
12/17/2015,ATL,GA,ASO,ES,Towers with Radar,2271,273,11,0,2555,0,1,4,0,5,2271,274,15,0,2560,0,0,0,2560
12/18/2015,ATL,GA,ASO,ES,Towers with Radar,2228,264,5,0,2497,0,0,9,0,9,2228,264,14,0,2506,0,0,0,2506
12/19/2015,ATL,GA,ASO,ES,Towers with Radar,1978,309,10,0,2297,0,1,2,0,3,1978,310,12,0,2300,0,0,0,2300
12/20/2015,ATL,GA,ASO,ES,Towers with Radar,2124,317,9,0,2450,0,1,1,0,2,2124,318,10,0,2452,0,0,0,2452
12/21/2015,ATL,GA,ASO,ES,Towers with Radar,2126,290,18,3,2437,0,0,5,0,5,2126,290,23,3,2442,0,0,0,2442
12/22/2015,ATL,GA,ASO,ES,Towers with Radar,2143,293,19,3,2458,0,0,0,0,0,2143,293,19,3,2458,0,0,0,2458
12/23/2015,ATL,GA,ASO,ES,Towers with Radar,2145,287,8,0,2440,0,0,0,0,0,2145,287,8,0,2440,0,0,0,2440
12/24/2015,ATL,GA,ASO,ES,Towers with Radar,1585,143,9,0,1737,0,0,0,0,0,1585,143,9,0,1737,0,0,0,1737
12/25/2015,ATL,GA,ASO,ES,Towers with Radar,1531,149,9,0,1689,0,0,0,0,0,1531,149,9,0,1689,0,0,0,1689
12/26/2015,ATL,GA,ASO,ES,Towers with Radar,1977,316,12,0,2305,0,0,2,0,2,1977,316,14,0,2307,0,0,0,2307
12/27/2015,ATL,GA,ASO,ES,Towers with Radar,2077,320,7,0,2404,0,1,0,0,1,2077,321,7,0,2405,0,0,0,2405
12/28/2015,ATL,GA,ASO,ES,Towers with Radar,2071,276,6,0,2353,0,0,0,0,0,2071,276,6,0,2353,0,0,0,2353
12/29/2015,ATL,GA,ASO,ES,Towers with Radar,2105,293,13,1,2412,0,0,3,0,3,2105,293,16,1,2415,0,0,0,2415
12/30/2015,ATL,GA,ASO,ES,Towers with Radar,2082,284,14,1,2381,0,0,0,0,0,2082,284,14,1,2381,0,0,0,2381
12/31/2015,ATL,GA,ASO,ES,Towers with Radar,1787,197,4,0,1988,0,0,6,0,6,1787,197,10,0,1994,0,0,0,1994
01/01/2016,ATL,GA,ASO,ES,Towers with Radar,1671,215,14,0,1900,0,0,1,0,1,1671,215,15,0,1901,0,0,0,1901
01/02/2016,ATL,GA,ASO,ES,Towers with Radar,1997,313,19,0,2329,0,2,6,0,8,1997,315,25,0,2337,0,0,0,2337
01/03/2016,ATL,GA,ASO,ES,Towers with Radar,2124,302,16,0,2442,0,0,0,0,0,2124,302,16,0,2442,0,0,0,2442
01/04/2016,ATL,GA,ASO,ES,Towers with Radar,2106,283,15,1,2405,0,0,3,0,3,2106,283,18,1,2408,0,0,0,2408
01/05/2016,ATL,GA,ASO,ES,Towers with Radar,2056,253,11,0,2320,0,0,4,0,4,2056,253,15,0,2324,0,0,0,2324
01/06/2016,ATL,GA,ASO,ES,Towers with Radar,2077,250,17,0,2344,0,0,3,0,3,2077,250,20,0,2347,0,0,0,2347
01/07/2016,ATL,GA,ASO,ES,Towers with Radar,2141,263,14,1,2419,0,0,8,2,10,2141,263,22,3,2429,0,0,0,2429
01/08/2016,ATL,GA,ASO,ES,Towers with Radar,2152,258,14,2,2426,1,0,0,0,1,2153,258,14,2,2427,0,0,0,2427
01/09/2016,ATL,GA,ASO,ES,Towers with Radar,1698,172,24,0,1894,0,0,0,0,0,1698,172,24,0,1894,0,0,0,1894
01/10/2016,ATL,GA,ASO,ES,Towers with Radar,1997,227,1,2,2227,0,1,0,0,1,1997,228,1,2,2228,0,0,0,2228
01/11/2016,ATL,GA,ASO,ES,Towers with Radar,2179,265,17,0,2461,0,0,0,2,2,2179,265,17,2,2463,0,0,0,2463
01/12/2016,ATL,GA,ASO,ES,Towers with Radar,2100,270,28,0,2398,0,0,1,2,3,2100,270,29,2,2401,0,0,0,2401
01/13/2016,ATL,GA,ASO,ES,Towers with Radar,2130,262,18,1,2411,0,0,1,0,1,2130,262,19,1,2412,0,0,0,2412
01/14/2016,ATL,GA,ASO,ES,Towers with Radar,2196,267,30,2,2495,0,0,2,0,2,2196,267,32,2,2497,0,0,0,2497
01/15/2016,ATL,GA,ASO,ES,Towers with Radar,2193,255,20,1,2469,0,0,0,0,0,2193,255,20,1,2469,0,0,0,2469
01/16/2016,ATL,GA,ASO,ES,Towers with Radar,1606,181,9,0,1796,0,0,5,0,5,1606,181,14,0,1801,0,0,0,1801
01/17/2016,ATL,GA,ASO,ES,Towers with Radar,1730,169,4,0,1903,0,0,0,0,0,1730,169,4,0,1903,0,0,0,1903
01/18/2016,ATL,GA,ASO,ES,Towers with Radar,2163,261,8,0,2432,0,0,1,0,1,2163,261,9,0,2433,0,0,0,2433
01/19/2016,ATL,GA,ASO,ES,Towers with Radar,2105,277,14,0,2396,0,0,6,0,6,2105,277,20,0,2402,0,0,0,2402
01/20/2016,ATL,GA,ASO,ES,Towers with Radar,2123,269,16,0,2408,1,0,2,0,3,2124,269,18,0,2411,0,0,0,2411
01/21/2016,ATL,GA,ASO,ES,Towers with Radar,2191,285,22,0,2498,0,0,3,0,3,2191,285,25,0,2501,0,0,0,2501
01/22/2016,ATL,GA,ASO,ES,Towers with Radar,1876,213,24,0,2113,0,0,0,0,0,1876,213,24,0,2113,0,0,0,2113
01/23/2016,ATL,GA,ASO,ES,Towers with Radar,1511,158,5,0,1674,0,0,0,0,0,1511,158,5,0,1674,0,0,0,1674
01/24/2016,ATL,GA,ASO,ES,Towers with Radar,1843,241,15,0,2099,0,0,0,0,0,1843,241,15,0,2099,0,0,0,2099
01/25/2016,ATL,GA,ASO,ES,Towers with Radar,2165,270,28,1,2464,0,0,1,0,1,2165,270,29,1,2465,0,0,0,2465
01/26/2016,ATL,GA,ASO,ES,Towers with Radar,2089,266,25,1,2381,0,0,1,0,1,2089,266,26,1,2382,0,0,0,2382
01/27/2016,ATL,GA,ASO,ES,Towers with Radar,2129,267,11,0,2407,0,0,4,0,4,2129,267,15,0,2411,0,0,0,2411
01/28/2016,ATL,GA,ASO,ES,Towers with Radar,2188,270,27,0,2485,0,2,9,0,11,2188,272,36,0,2496,0,0,0,2496
01/29/2016,ATL,GA,ASO,ES,Towers with Radar,2197,262,16,0,2475,0,0,7,0,7,2197,262,23,0,2482,0,0,0,2482
01/30/2016,ATL,GA,ASO,ES,Towers with Radar,1660,169,10,2,1841,0,0,2,2,4,1660,169,12,4,1845,0,0,0,1845
01/31/2016,ATL,GA,ASO,ES,Towers with Radar,1893,232,16,0,2141,0,0,15,0,15,1893,232,31,0,2156,0,0,0,2156
02/01/2016,ATL,GA,ASO,ES,Towers with Radar,2203,253,16,0,2472,0,0,4,0,4,2203,253,20,0,2476,0,0,0,2476
02/02/2016,ATL,GA,ASO,ES,Towers with Radar,2089,264,23,0,2376,0,0,1,0,1,2089,264,24,0,2377,0,0,0,2377
02/03/2016,ATL,GA,ASO,ES,Towers with Radar,2113,263,13,0,2389,0,0,0,0,0,2113,263,13,0,2389,0,0,0,2389
02/04/2016,ATL,GA,ASO,ES,Towers with Radar,2202,260,12,0,2474,0,0,17,0,17,2202,260,29,0,2491,0,0,0,2491
02/05/2016,ATL,GA,ASO,ES,Towers with Radar,2187,259,12,0,2458,0,0,9,0,9,2187,259,21,0,2467,0,0,0,2467
02/06/2016,ATL,GA,ASO,ES,Towers with Radar,1665,144,12,0,1821,0,0,2,0,2,1665,144,14,0,1823,0,0,0,1823
02/07/2016,ATL,GA,ASO,ES,Towers with Radar,1765,158,10,0,1933,0,1,0,0,1,1765,159,10,0,1934,0,0,0,1934
02/08/2016,ATL,GA,ASO,ES,Towers with Radar,2181,272,15,0,2468,0,0,6,0,6,2181,272,21,0,2474,0,0,0,2474
02/09/2016,ATL,GA,ASO,ES,Towers with Radar,2095,274,10,0,2379,0,0,2,0,2,2095,274,12,0,2381,0,0,0,2381
02/10/2016,ATL,GA,ASO,ES,Towers with Radar,2132,265,28,0,2425,0,0,6,0,6,2132,265,34,0,2431,0,0,0,2431
02/11/2016,ATL,GA,ASO,ES,Towers with Radar,2195,274,21,0,2490,0,0,12,2,14,2195,274,33,2,2504,0,0,0,2504
02/12/2016,ATL,GA,ASO,ES,Towers with Radar,2224,261,18,0,2503,0,0,9,0,9,2224,261,27,0,2512,0,0,0,2512
02/13/2016,ATL,GA,ASO,ES,Towers with Radar,1693,175,4,0,1872,0,0,2,0,2,1693,175,6,0,1874,0,0,0,1874
02/14/2016,ATL,GA,ASO,ES,Towers with Radar,1933,185,9,0,2127,0,0,1,0,1,1933,185,10,0,2128,0,0,0,2128
02/15/2016,ATL,GA,ASO,ES,Towers with Radar,2113,233,20,0,2366,0,1,0,0,1,2113,234,20,0,2367,0,0,0,2367
02/16/2016,ATL,GA,ASO,ES,Towers with Radar,2223,265,26,0,2514,0,1,13,0,14,2223,266,39,0,2528,0,0,0,2528
02/17/2016,ATL,GA,ASO,ES,Towers with Radar,2233,270,18,0,2521,0,2,4,0,6,2233,272,22,0,2527,0,0,0,2527
02/18/2016,ATL,GA,ASO,ES,Towers with Radar,2241,261,29,2,2533,0,0,9,0,9,2241,261,38,2,2542,0,0,0,2542
02/19/2016,ATL,GA,ASO,ES,Towers with Radar,2237,265,15,2,2519,0,0,5,0,5,2237,265,20,2,2524,0,0,0,2524
02/20/2016,ATL,GA,ASO,ES,Towers with Radar,1759,187,6,3,1955,0,0,7,0,7,1759,187,13,3,1962,0,0,0,1962
02/21/2016,ATL,GA,ASO,ES,Towers with Radar,2076,236,18,0,2330,0,0,2,0,2,2076,236,20,0,2332,0,0,0,2332
02/22/2016,ATL,GA,ASO,ES,Towers with Radar,2233,255,16,1,2505,0,0,0,0,0,2233,255,16,1,2505,0,0,0,2505
02/23/2016,ATL,GA,ASO,ES,Towers with Radar,2209,270,12,0,2491,0,0,0,0,0,2209,270,12,0,2491,0,0,0,2491
02/24/2016,ATL,GA,ASO,ES,Towers with Radar,2170,261,24,0,2455,0,0,0,0,0,2170,261,24,0,2455,0,0,0,2455
02/25/2016,ATL,GA,ASO,ES,Towers with Radar,2249,273,45,0,2567,0,0,3,0,3,2249,273,48,0,2570,0,0,0,2570
02/26/2016,ATL,GA,ASO,ES,Towers with Radar,2230,257,21,2,2510,0,0,10,0,10,2230,257,31,2,2520,0,0,0,2520
02/27/2016,ATL,GA,ASO,ES,Towers with Radar,1754,184,23,3,1964,0,0,11,0,11,1754,184,34,3,1975,0,0,0,1975
02/28/2016,ATL,GA,ASO,ES,Towers with Radar,2075,245,34,0,2354,0,0,6,0,6,2075,245,40,0,2360,0,0,0,2360
02/29/2016,ATL,GA,ASO,ES,Towers with Radar,2228,265,12,3,2508,0,0,4,0,4,2228,265,16,3,2512,0,0,0,2512
03/01/2016,ATL,GA,ASO,ES,Towers with Radar,2145,253,18,0,2416,0,0,3,0,3,2145,253,21,0,2419,0,0,0,2419
03/02/2016,ATL,GA,ASO,ES,Towers with Radar,2262,269,10,0,2541,0,0,1,0,1,2262,269,11,0,2542,0,0,0,2542
03/03/2016,ATL,GA,ASO,ES,Towers with Radar,2281,267,14,0,2562,0,0,1,0,1,2281,267,15,0,2563,0,0,0,2563
03/04/2016,ATL,GA,ASO,ES,Towers with Radar,2265,280,18,2,2565,0,1,10,0,11,2265,281,28,2,2576,0,0,0,2576
03/05/2016,ATL,GA,ASO,ES,Towers with Radar,1981,228,9,1,2219,0,0,5,0,5,1981,228,14,1,2224,0,0,0,2224
03/06/2016,ATL,GA,ASO,ES,Towers with Radar,2146,264,8,0,2418,0,1,4,0,5,2146,265,12,0,2423,0,0,0,2423
03/07/2016,ATL,GA,ASO,ES,Towers with Radar,2268,278,18,2,2566,0,0,1,2,3,2268,278,19,4,2569,0,0,0,2569
03/08/2016,ATL,GA,ASO,ES,Towers with Radar,2223,278,9,5,2515,0,1,0,0,1,2223,279,9,5,2516,0,0,0,2516
03/09/2016,ATL,GA,ASO,ES,Towers with Radar,2231,275,15,0,2521,0,1,3,0,4,2231,276,18,0,2525,0,0,0,2525
03/10/2016,ATL,GA,ASO,ES,Towers with Radar,2272,272,21,0,2565,0,0,5,0,5,2272,272,26,0,2570,0,0,0,2570
03/11/2016,ATL,GA,ASO,ES,Towers with Radar,2255,281,15,0,2551,0,0,3,0,3,2255,281,18,0,2554,0,0,0,2554
03/12/2016,ATL,GA,ASO,ES,Towers with Radar,1976,231,7,0,2214,0,0,4,0,4,1976,231,11,0,2218,0,0,0,2218
03/13/2016,ATL,GA,ASO,ES,Towers with Radar,2174,272,6,0,2452,0,0,3,0,3,2174,272,9,0,2455,0,0,0,2455
03/14/2016,ATL,GA,ASO,ES,Towers with Radar,2252,267,21,2,2542,0,1,6,2,9,2252,268,27,4,2551,0,0,0,2551
03/15/2016,ATL,GA,ASO,ES,Towers with Radar,2229,268,16,0,2513,0,1,3,0,4,2229,269,19,0,2517,0,0,0,2517
03/16/2016,ATL,GA,ASO,ES,Towers with Radar,2246,270,11,1,2528,0,0,3,0,3,2246,270,14,1,2531,0,0,0,2531
03/17/2016,ATL,GA,ASO,ES,Towers with Radar,2285,283,12,0,2580,0,0,6,0,6,2285,283,18,0,2586,0,0,0,2586
03/18/2016,ATL,GA,ASO,ES,Towers with Radar,2278,269,12,0,2559,0,0,10,0,10,2278,269,22,0,2569,0,0,0,2569
03/19/2016,ATL,GA,ASO,ES,Towers with Radar,1990,235,16,0,2241,0,0,6,0,6,1990,235,22,0,2247,0,0,0,2247
03/20/2016,ATL,GA,ASO,ES,Towers with Radar,2201,254,7,0,2462,0,0,2,0,2,2201,254,9,0,2464,0,0,0,2464
03/21/2016,ATL,GA,ASO,ES,Towers with Radar,2277,270,16,2,2565,0,0,4,0,4,2277,270,20,2,2569,0,0,0,2569
03/22/2016,ATL,GA,ASO,ES,Towers with Radar,2239,268,15,2,2524,0,0,3,0,3,2239,268,18,2,2527,0,0,0,2527
03/23/2016,ATL,GA,ASO,ES,Towers with Radar,2229,276,12,0,2517,0,0,14,0,14,2229,276,26,0,2531,0,0,0,2531
03/24/2016,ATL,GA,ASO,ES,Towers with Radar,2182,270,15,0,2467,0,0,4,0,4,2182,270,19,0,2471,0,0,0,2471
03/25/2016,ATL,GA,ASO,ES,Towers with Radar,2385,281,18,0,2684,0,0,5,0,5,2385,281,23,0,2689,0,0,0,2689
03/26/2016,ATL,GA,ASO,ES,Towers with Radar,1975,239,17,0,2231,0,0,0,0,0,1975,239,17,0,2231,0,0,0,2231
03/27/2016,ATL,GA,ASO,ES,Towers with Radar,2178,273,21,0,2472,0,0,0,0,0,2178,273,21,0,2472,0,0,0,2472
03/28/2016,ATL,GA,ASO,ES,Towers with Radar,2289,274,28,1,2592,0,1,6,0,7,2289,275,34,1,2599,0,0,0,2599
03/29/2016,ATL,GA,ASO,ES,Towers with Radar,2267,276,23,3,2569,0,0,5,0,5,2267,276,28,3,2574,0,0,0,2574
03/30/2016,ATL,GA,ASO,ES,Towers with Radar,2242,269,18,2,2531,0,0,12,0,12,2242,269,30,2,2543,0,0,0,2543
03/31/2016,ATL,GA,ASO,ES,Towers with Radar,2281,273,33,0,2587,0,0,4,0,4,2281,273,37,0,2591,0,0,0,2591
04/01/2016,ATL,GA,ASO,ES,Towers with Radar,2233,279,7,0,2519,0,0,1,0,1,2233,279,8,0,2520,0,0,0,2520
04/02/2016,ATL,GA,ASO,ES,Towers with Radar,1952,239,26,0,2217,0,1,2,0,3,1952,240,28,0,2220,0,0,0,2220
04/03/2016,ATL,GA,ASO,ES,Towers with Radar,2187,265,9,0,2461,0,1,2,0,3,2187,266,11,0,2464,0,0,0,2464
04/04/2016,ATL,GA,ASO,ES,Towers with Radar,2288,276,27,2,2593,0,0,5,0,5,2288,276,32,2,2598,0,0,0,2598
04/05/2016,ATL,GA,ASO,ES,Towers with Radar,2290,278,19,0,2587,0,0,10,0,10,2290,278,29,0,2597,0,0,0,2597
04/06/2016,ATL,GA,ASO,ES,Towers with Radar,2297,282,29,0,2608,0,0,14,2,16,2297,282,43,2,2624,0,0,0,2624
04/07/2016,ATL,GA,ASO,ES,Towers with Radar,2324,279,30,0,2633,0,0,4,0,4,2324,279,34,0,2637,0,0,0,2637
04/08/2016,ATL,GA,ASO,ES,Towers with Radar,2324,274,40,0,2638,0,0,12,0,12,2324,274,52,0,2650,0,0,0,2650
04/09/2016,ATL,GA,ASO,ES,Towers with Radar,1973,209,32,0,2214,0,0,4,0,4,1973,209,36,0,2218,0,0,0,2218
04/10/2016,ATL,GA,ASO,ES,Towers with Radar,2227,252,9,0,2488,0,0,6,0,6,2227,252,15,0,2494,0,0,0,2494
04/11/2016,ATL,GA,ASO,ES,Towers with Radar,2289,256,27,0,2572,0,0,4,0,4,2289,256,31,0,2576,0,0,0,2576
04/12/2016,ATL,GA,ASO,ES,Towers with Radar,2274,266,25,0,2565,0,1,6,1,8,2274,267,31,1,2573,0,0,0,2573
04/13/2016,ATL,GA,ASO,ES,Towers with Radar,2294,264,18,0,2576,0,0,1,2,3,2294,264,19,2,2579,0,0,0,2579
04/14/2016,ATL,GA,ASO,ES,Towers with Radar,2352,264,17,0,2633,0,0,9,0,9,2352,264,26,0,2642,0,0,0,2642
04/15/2016,ATL,GA,ASO,ES,Towers with Radar,2333,259,12,0,2604,0,0,5,0,5,2333,259,17,0,2609,0,0,0,2609
04/16/2016,ATL,GA,ASO,ES,Towers with Radar,1949,210,12,0,2171,0,0,6,0,6,1949,210,18,0,2177,0,0,0,2177
04/17/2016,ATL,GA,ASO,ES,Towers with Radar,2193,251,5,0,2449,0,0,3,0,3,2193,251,8,0,2452,0,0,0,2452
04/18/2016,ATL,GA,ASO,ES,Towers with Radar,2340,264,14,0,2618,0,1,0,0,1,2340,265,14,0,2619,0,0,0,2619
04/19/2016,ATL,GA,ASO,ES,Towers with Radar,2294,265,9,0,2568,0,1,9,0,10,2294,266,18,0,2578,0,0,0,2578
04/20/2016,ATL,GA,ASO,ES,Towers with Radar,2306,276,20,0,2602,0,1,5,0,6,2306,277,25,0,2608,0,0,0,2608
04/21/2016,ATL,GA,ASO,ES,Towers with Radar,2352,275,19,0,2646,0,0,5,0,5,2352,275,24,0,2651,0,0,0,2651
04/22/2016,ATL,GA,ASO,ES,Towers with Radar,2343,268,12,0,2623,0,4,5,0,9,2343,272,17,0,2632,0,0,0,2632
04/23/2016,ATL,GA,ASO,ES,Towers with Radar,1958,208,15,0,2181,0,0,4,0,4,1958,208,19,0,2185,0,0,0,2185
04/24/2016,ATL,GA,ASO,ES,Towers with Radar,2221,248,15,0,2484,0,0,5,0,5,2221,248,20,0,2489,0,0,0,2489
04/25/2016,ATL,GA,ASO,ES,Towers with Radar,2337,265,9,1,2612,0,0,4,0,4,2337,265,13,1,2616,0,0,0,2616
04/26/2016,ATL,GA,ASO,ES,Towers with Radar,2295,280,15,0,2590,0,0,6,0,6,2295,280,21,0,2596,0,0,0,2596
04/27/2016,ATL,GA,ASO,ES,Towers with Radar,2316,275,23,2,2616,0,0,4,0,4,2316,275,27,2,2620,0,0,0,2620
04/28/2016,ATL,GA,ASO,ES,Towers with Radar,2332,279,12,2,2625,0,0,5,0,5,2332,279,17,2,2630,0,0,0,2630
04/29/2016,ATL,GA,ASO,ES,Towers with Radar,2318,275,28,2,2623,0,0,13,0,13,2318,275,41,2,2636,0,0,0,2636
04/30/2016,ATL,GA,ASO,ES,Towers with Radar,1979,215,5,0,2199,0,0,0,0,0,1979,215,5,0,2199,0,0,0,2199
05/01/2016,ATL,GA,ASO,ES,Towers with Radar,2214,241,14,0,2469,0,0,0,0,0,2214,241,14,0,2469,0,0,0,2469
05/02/2016,ATL,GA,ASO,ES,Towers with Radar,2319,257,13,1,2590,0,0,4,0,4,2319,257,17,1,2594,0,0,0,2594
05/03/2016,ATL,GA,ASO,ES,Towers with Radar,2338,254,6,3,2601,0,0,6,0,6,2338,254,12,3,2607,0,0,0,2607
05/04/2016,ATL,GA,ASO,ES,Towers with Radar,2310,255,10,0,2575,0,0,6,0,6,2310,255,16,0,2581,0,0,0,2581
05/05/2016,ATL,GA,ASO,ES,Towers with Radar,2367,253,8,0,2628,0,1,7,0,8,2367,254,15,0,2636,0,0,0,2636
05/06/2016,ATL,GA,ASO,ES,Towers with Radar,2363,260,13,0,2636,0,1,6,1,8,2363,261,19,1,2644,0,0,0,2644
05/07/2016,ATL,GA,ASO,ES,Towers with Radar,1856,165,14,0,2035,0,0,7,0,7,1856,165,21,0,2042,0,0,0,2042
05/08/2016,ATL,GA,ASO,ES,Towers with Radar,2139,209,17,0,2365,0,0,4,0,4,2139,209,21,0,2369,0,0,0,2369
05/09/2016,ATL,GA,ASO,ES,Towers with Radar,2343,254,14,1,2612,0,0,3,0,3,2343,254,17,1,2615,0,0,0,2615
05/10/2016,ATL,GA,ASO,ES,Towers with Radar,2305,255,16,0,2576,0,0,9,0,9,2305,255,25,0,2585,0,0,0,2585
05/11/2016,ATL,GA,ASO,ES,Towers with Radar,2315,260,17,0,2592,0,0,7,0,7,2315,260,24,0,2599,0,0,0,2599
05/12/2016,ATL,GA,ASO,ES,Towers with Radar,2354,255,21,3,2633,0,0,4,0,4,2354,255,25,3,2637,0,0,0,2637
05/13/2016,ATL,GA,ASO,ES,Towers with Radar,2363,262,29,1,2655,0,0,14,0,14,2363,262,43,1,2669,0,0,0,2669
05/14/2016,ATL,GA,ASO,ES,Towers with Radar,1949,196,14,0,2159,0,0,5,0,5,1949,196,19,0,2164,0,0,0,2164
05/15/2016,ATL,GA,ASO,ES,Towers with Radar,2246,234,15,0,2495,0,0,2,2,4,2246,234,17,2,2499,0,0,0,2499
05/16/2016,ATL,GA,ASO,ES,Towers with Radar,2353,259,13,0,2625,0,0,5,0,5,2353,259,18,0,2630,0,0,0,2630
05/17/2016,ATL,GA,ASO,ES,Towers with Radar,2314,250,13,0,2577,0,0,26,0,26,2314,250,39,0,2603,0,0,0,2603
05/18/2016,ATL,GA,ASO,ES,Towers with Radar,2328,262,20,0,2610,0,0,6,0,6,2328,262,26,0,2616,0,0,0,2616
05/19/2016,ATL,GA,ASO,ES,Towers with Radar,2359,259,31,0,2649,0,0,13,0,13,2359,259,44,0,2662,0,0,0,2662
05/20/2016,ATL,GA,ASO,ES,Towers with Radar,2373,253,20,0,2646,0,0,0,0,0,2373,253,20,0,2646,0,0,0,2646
05/21/2016,ATL,GA,ASO,ES,Towers with Radar,1972,181,10,0,2163,0,0,1,0,1,1972,181,11,0,2164,0,0,0,2164
05/22/2016,ATL,GA,ASO,ES,Towers with Radar,2253,240,8,0,2501,0,1,3,0,4,2253,241,11,0,2505,0,0,0,2505
05/23/2016,ATL,GA,ASO,ES,Towers with Radar,2357,257,15,0,2629,0,0,4,2,6,2357,257,19,2,2635,0,0,0,2635
05/24/2016,ATL,GA,ASO,ES,Towers with Radar,2333,260,29,0,2622,0,0,10,0,10,2333,260,39,0,2632,0,0,0,2632
05/25/2016,ATL,GA,ASO,ES,Towers with Radar,2333,260,16,0,2609,0,0,2,0,2,2333,260,18,0,2611,0,0,0,2611
05/26/2016,ATL,GA,ASO,ES,Towers with Radar,2362,257,16,0,2635,0,4,16,0,20,2362,261,32,0,2655,0,0,0,2655
05/27/2016,ATL,GA,ASO,ES,Towers with Radar,2351,253,26,0,2630,0,0,11,1,12,2351,253,37,1,2642,0,0,0,2642
05/28/2016,ATL,GA,ASO,ES,Towers with Radar,1941,186,8,0,2135,0,0,10,0,10,1941,186,18,0,2145,0,0,0,2145
05/29/2016,ATL,GA,ASO,ES,Towers with Radar,1859,169,4,0,2032,0,1,4,0,5,1859,170,8,0,2037,0,0,0,2037
05/30/2016,ATL,GA,ASO,ES,Towers with Radar,2188,210,6,0,2404,0,0,1,0,1,2188,210,7,0,2405,0,0,0,2405
05/31/2016,ATL,GA,ASO,ES,Towers with Radar,2299,248,20,0,2567,0,0,6,0,6,2299,248,26,0,2573,0,0,0,2573
06/01/2016,ATL,GA,ASO,ES,Towers with Radar,2343,256,15,0,2614,0,0,12,2,14,2343,256,27,2,2628,0,0,0,2628
06/02/2016,ATL,GA,ASO,ES,Towers with Radar,2352,248,16,0,2616,0,0,2,0,2,2352,248,18,0,2618,0,0,0,2618
06/03/2016,ATL,GA,ASO,ES,Towers with Radar,2378,242,7,0,2627,0,0,8,0,8,2378,242,15,0,2635,0,0,0,2635
06/04/2016,ATL,GA,ASO,ES,Towers with Radar,1977,181,12,0,2170,0,0,4,0,4,1977,181,16,0,2174,0,0,0,2174
06/05/2016,ATL,GA,ASO,ES,Towers with Radar,2251,238,6,0,2495,0,2,0,0,2,2251,240,6,0,2497,0,0,0,2497
06/06/2016,ATL,GA,ASO,ES,Towers with Radar,2353,261,21,0,2635,0,0,1,0,1,2353,261,22,0,2636,0,0,0,2636
06/07/2016,ATL,GA,ASO,ES,Towers with Radar,2331,266,6,0,2603,0,0,8,0,8,2331,266,14,0,2611,0,0,0,2611
06/08/2016,ATL,GA,ASO,ES,Towers with Radar,2338,253,25,1,2617,0,0,15,0,15,2338,253,40,1,2632,0,0,0,2632
06/09/2016,ATL,GA,ASO,ES,Towers with Radar,2376,273,31,3,2683,0,0,12,0,12,2376,273,43,3,2695,0,0,0,2695
06/10/2016,ATL,GA,ASO,ES,Towers with Radar,2372,272,15,0,2659,0,0,12,2,14,2372,272,27,2,2673,0,0,0,2673
06/11/2016,ATL,GA,ASO,ES,Towers with Radar,2045,210,11,0,2266,0,0,4,0,4,2045,210,15,0,2270,0,0,0,2270
06/12/2016,ATL,GA,ASO,ES,Towers with Radar,2254,253,20,0,2527,0,0,2,0,2,2254,253,22,0,2529,0,0,0,2529
06/13/2016,ATL,GA,ASO,ES,Towers with Radar,2381,273,17,1,2672,0,0,2,1,3,2381,273,19,2,2675,0,0,0,2675
06/14/2016,ATL,GA,ASO,ES,Towers with Radar,2226,234,22,0,2482,0,0,5,0,5,2226,234,27,0,2487,0,0,0,2487
06/15/2016,ATL,GA,ASO,ES,Towers with Radar,2465,275,9,0,2749,0,0,11,0,11,2465,275,20,0,2760,0,0,0,2760
06/16/2016,ATL,GA,ASO,ES,Towers with Radar,2387,274,17,0,2678,0,0,6,0,6,2387,274,23,0,2684,0,0,0,2684
06/17/2016,ATL,GA,ASO,ES,Towers with Radar,2362,237,16,0,2615,0,0,6,0,6,2362,237,22,0,2621,0,0,0,2621
06/18/2016,ATL,GA,ASO,ES,Towers with Radar,2106,222,18,0,2346,0,0,10,0,10,2106,222,28,0,2356,0,0,0,2356
06/19/2016,ATL,GA,ASO,ES,Towers with Radar,2292,252,14,0,2558,0,0,11,0,11,2292,252,25,0,2569,0,0,0,2569
06/20/2016,ATL,GA,ASO,ES,Towers with Radar,2404,270,15,1,2690,0,0,3,0,3,2404,270,18,1,2693,0,0,0,2693
06/21/2016,ATL,GA,ASO,ES,Towers with Radar,2337,269,19,0,2625,0,0,10,0,10,2337,269,29,0,2635,0,0,0,2635
06/22/2016,ATL,GA,ASO,ES,Towers with Radar,2388,282,20,0,2690,0,0,4,0,4,2388,282,24,0,2694,0,0,0,2694
06/23/2016,ATL,GA,ASO,ES,Towers with Radar,2359,273,21,0,2653,0,2,7,0,9,2359,275,28,0,2662,0,0,0,2662
06/24/2016,ATL,GA,ASO,ES,Towers with Radar,2428,279,20,0,2727,0,0,8,1,9,2428,279,28,1,2736,0,0,0,2736
06/25/2016,ATL,GA,ASO,ES,Towers with Radar,2090,212,11,0,2313,0,0,0,0,0,2090,212,11,0,2313,0,0,0,2313
06/26/2016,ATL,GA,ASO,ES,Towers with Radar,2240,237,19,1,2497,0,0,4,0,4,2240,237,23,1,2501,0,0,0,2501
06/27/2016,ATL,GA,ASO,ES,Towers with Radar,2382,283,18,0,2683,0,0,3,0,3,2382,283,21,0,2686,0,0,0,2686
06/28/2016,ATL,GA,ASO,ES,Towers with Radar,2314,264,17,2,2597,0,0,2,0,2,2314,264,19,2,2599,0,0,0,2599
06/29/2016,ATL,GA,ASO,ES,Towers with Radar,2421,286,10,0,2717,0,0,9,0,9,2421,286,19,0,2726,0,0,0,2726
06/30/2016,ATL,GA,ASO,ES,Towers with Radar,2406,277,27,1,2711,0,0,9,2,11,2406,277,36,3,2722,0,0,0,2722
07/01/2016,ATL,GA,ASO,ES,Towers with Radar,2362,276,17,0,2655,0,0,12,0,12,2362,276,29,0,2667,0,0,0,2667
07/02/2016,ATL,GA,ASO,ES,Towers with Radar,2120,182,7,0,2309,0,0,1,0,1,2120,182,8,0,2310,0,0,0,2310
07/03/2016,ATL,GA,ASO,ES,Towers with Radar,1890,130,7,0,2027,0,0,2,0,2,1890,130,9,0,2029,0,0,0,2029
07/04/2016,ATL,GA,ASO,ES,Towers with Radar,1884,116,7,0,2007,0,0,12,0,12,1884,116,19,0,2019,0,0,0,2019
07/05/2016,ATL,GA,ASO,ES,Towers with Radar,2252,221,21,0,2494,0,0,0,0,0,2252,221,21,0,2494,0,0,0,2494
07/06/2016,ATL,GA,ASO,ES,Towers with Radar,2323,245,6,3,2577,0,0,5,0,5,2323,245,11,3,2582,0,0,0,2582
07/07/2016,ATL,GA,ASO,ES,Towers with Radar,2458,261,16,0,2735,0,3,12,1,16,2458,264,28,1,2751,0,0,0,2751
07/08/2016,ATL,GA,ASO,ES,Towers with Radar,2323,257,14,0,2594,0,0,14,0,14,2323,257,28,0,2608,0,0,0,2608
07/09/2016,ATL,GA,ASO,ES,Towers with Radar,2106,195,8,0,2309,0,0,9,0,9,2106,195,17,0,2318,0,0,0,2318
07/10/2016,ATL,GA,ASO,ES,Towers with Radar,2313,250,14,0,2577,0,0,10,0,10,2313,250,24,0,2587,0,0,0,2587
07/11/2016,ATL,GA,ASO,ES,Towers with Radar,2364,267,21,0,2652,0,0,5,0,5,2364,267,26,0,2657,0,0,0,2657
07/12/2016,ATL,GA,ASO,ES,Towers with Radar,2427,260,23,0,2710,0,0,6,0,6,2427,260,29,0,2716,0,0,0,2716
07/13/2016,ATL,GA,ASO,ES,Towers with Radar,2369,262,18,0,2649,0,0,8,0,8,2369,262,26,0,2657,0,0,0,2657
07/14/2016,ATL,GA,ASO,ES,Towers with Radar,2423,263,16,1,2703,0,0,11,0,11,2423,263,27,1,2714,0,0,0,2714
07/15/2016,ATL,GA,ASO,ES,Towers with Radar,2436,272,22,0,2730,0,1,4,0,5,2436,273,26,0,2735,0,0,0,2735
07/16/2016,ATL,GA,ASO,ES,Towers with Radar,2077,201,21,0,2299,0,0,2,0,2,2077,201,23,0,2301,0,0,0,2301
07/17/2016,ATL,GA,ASO,ES,Towers with Radar,2298,245,13,0,2556,0,0,0,0,0,2298,245,13,0,2556,0,0,0,2556
07/18/2016,ATL,GA,ASO,ES,Towers with Radar,2335,263,11,0,2609,0,0,34,0,34,2335,263,45,0,2643,0,0,0,2643
07/19/2016,ATL,GA,ASO,ES,Towers with Radar,2370,254,23,0,2647,1,0,6,0,7,2371,254,29,0,2654,0,0,0,2654
07/20/2016,ATL,GA,ASO,ES,Towers with Radar,2401,271,10,1,2683,0,2,23,0,25,2401,273,33,1,2708,0,0,0,2708
07/21/2016,ATL,GA,ASO,ES,Towers with Radar,2206,258,24,1,2489,0,0,7,0,7,2206,258,31,1,2496,0,0,0,2496
07/22/2016,ATL,GA,ASO,ES,Towers with Radar,2478,285,20,0,2783,0,0,8,0,8,2478,285,28,0,2791,0,0,0,2791
07/23/2016,ATL,GA,ASO,ES,Towers with Radar,2058,214,21,0,2293,0,0,2,0,2,2058,214,23,0,2295,0,0,0,2295
07/24/2016,ATL,GA,ASO,ES,Towers with Radar,2287,254,17,0,2558,0,0,2,0,2,2287,254,19,0,2560,0,0,0,2560
07/25/2016,ATL,GA,ASO,ES,Towers with Radar,2344,276,12,0,2632,0,0,5,0,5,2344,276,17,0,2637,0,0,0,2637
07/26/2016,ATL,GA,ASO,ES,Towers with Radar,2412,270,1,0,2683,0,0,5,2,7,2412,270,6,2,2690,0,0,0,2690
07/27/2016,ATL,GA,ASO,ES,Towers with Radar,2392,281,31,0,2704,0,0,7,0,7,2392,281,38,0,2711,0,0,0,2711
07/28/2016,ATL,GA,ASO,ES,Towers with Radar,2333,279,15,0,2627,0,0,10,0,10,2333,279,25,0,2637,0,0,0,2637
07/29/2016,ATL,GA,ASO,ES,Towers with Radar,2431,284,19,0,2734,0,0,13,0,13,2431,284,32,0,2747,0,0,0,2747
07/30/2016,ATL,GA,ASO,ES,Towers with Radar,2045,217,11,0,2273,0,1,2,1,4,2045,218,13,1,2277,0,0,0,2277
07/31/2016,ATL,GA,ASO,ES,Towers with Radar,2259,232,13,1,2505,0,0,1,0,1,2259,232,14,1,2506,0,0,0,2506
08/01/2016,ATL,GA,ASO,ES,Towers with Radar,2429,282,15,3,2729,0,0,7,0,7,2429,282,22,3,2736,0,0,0,2736
08/02/2016,ATL,GA,ASO,ES,Towers with Radar,2309,251,8,1,2569,0,0,12,0,12,2309,251,20,1,2581,0,0,0,2581
08/03/2016,ATL,GA,ASO,ES,Towers with Radar,2423,267,21,3,2714,0,0,7,0,7,2423,267,28,3,2721,0,0,0,2721
08/04/2016,ATL,GA,ASO,ES,Towers with Radar,2392,285,13,0,2690,0,0,10,0,10,2392,285,23,0,2700,0,0,0,2700
08/05/2016,ATL,GA,ASO,ES,Towers with Radar,2396,286,12,0,2694,0,0,6,0,6,2396,286,18,0,2700,0,0,0,2700
08/06/2016,ATL,GA,ASO,ES,Towers with Radar,2045,207,9,0,2261,0,0,7,0,7,2045,207,16,0,2268,0,0,0,2268
08/07/2016,ATL,GA,ASO,ES,Towers with Radar,2288,250,14,0,2552,0,0,2,0,2,2288,250,16,0,2554,0,0,0,2554
08/08/2016,ATL,GA,ASO,ES,Towers with Radar,1692,214,13,0,1919,0,0,8,0,8,1692,214,21,0,1927,0,0,0,1927
08/09/2016,ATL,GA,ASO,ES,Towers with Radar,1839,284,26,0,2149,0,0,0,0,0,1839,284,26,0,2149,0,0,0,2149
08/10/2016,ATL,GA,ASO,ES,Towers with Radar,2287,274,26,0,2587,0,0,8,0,8,2287,274,34,0,2595,0,0,0,2595
08/11/2016,ATL,GA,ASO,ES,Towers with Radar,2388,284,25,0,2697,0,0,8,0,8,2388,284,33,0,2705,0,0,0,2705
08/12/2016,ATL,GA,ASO,ES,Towers with Radar,2357,279,23,0,2659,0,0,4,0,4,2357,279,27,0,2663,0,0,0,2663
08/13/2016,ATL,GA,ASO,ES,Towers with Radar,2068,210,14,0,2292,0,0,2,0,2,2068,210,16,0,2294,0,0,0,2294
08/14/2016,ATL,GA,ASO,ES,Towers with Radar,2267,240,15,2,2524,0,0,1,0,1,2267,240,16,2,2525,0,0,0,2525
08/15/2016,ATL,GA,ASO,ES,Towers with Radar,2355,268,14,0,2637,0,0,2,0,2,2355,268,16,0,2639,0,0,0,2639
08/16/2016,ATL,GA,ASO,ES,Towers with Radar,2326,241,19,0,2586,0,0,10,0,10,2326,241,29,0,2596,0,0,0,2596
08/17/2016,ATL,GA,ASO,ES,Towers with Radar,2342,261,11,0,2614,0,0,8,0,8,2342,261,19,0,2622,0,0,0,2622
08/18/2016,ATL,GA,ASO,ES,Towers with Radar,2354,285,16,0,2655,0,0,2,0,2,2354,285,18,0,2657,0,0,0,2657
08/19/2016,ATL,GA,ASO,ES,Towers with Radar,2320,293,11,1,2625,0,0,6,1,7,2320,293,17,2,2632,0,0,0,2632
08/20/2016,ATL,GA,ASO,ES,Towers with Radar,1952,222,10,1,2185,0,0,2,0,2,1952,222,12,1,2187,0,0,0,2187
08/21/2016,ATL,GA,ASO,ES,Towers with Radar,2200,271,17,0,2488,0,0,2,0,2,2200,271,19,0,2490,0,0,0,2490
08/22/2016,ATL,GA,ASO,ES,Towers with Radar,2351,311,11,0,2673,0,0,4,0,4,2351,311,15,0,2677,0,0,0,2677
08/23/2016,ATL,GA,ASO,ES,Towers with Radar,2297,275,21,0,2593,0,0,2,0,2,2297,275,23,0,2595,0,0,0,2595
08/24/2016,ATL,GA,ASO,ES,Towers with Radar,2304,279,37,0,2620,0,0,2,0,2,2304,279,39,0,2622,0,0,0,2622
08/25/2016,ATL,GA,ASO,ES,Towers with Radar,2348,283,27,2,2660,0,0,15,0,15,2348,283,42,2,2675,0,0,0,2675
08/26/2016,ATL,GA,ASO,ES,Towers with Radar,2326,292,17,0,2635,0,0,4,0,4,2326,292,21,0,2639,0,0,0,2639
08/27/2016,ATL,GA,ASO,ES,Towers with Radar,1826,211,12,0,2049,0,0,6,0,6,1826,211,18,0,2055,0,0,0,2055
08/28/2016,ATL,GA,ASO,ES,Towers with Radar,2154,266,12,0,2432,0,0,2,0,2,2154,266,14,0,2434,0,0,0,2434
08/29/2016,ATL,GA,ASO,ES,Towers with Radar,2248,290,12,0,2550,0,2,2,0,4,2248,292,14,0,2554,0,0,0,2554
08/30/2016,ATL,GA,ASO,ES,Towers with Radar,2241,292,24,0,2557,0,0,7,0,7,2241,292,31,0,2564,0,0,0,2564
08/31/2016,ATL,GA,ASO,ES,Towers with Radar,2279,260,20,1,2560,0,0,8,0,8,2279,260,28,1,2568,0,0,0,2568
09/01/2016,ATL,GA,ASO,ES,Towers with Radar,2295,273,17,0,2585,0,0,8,2,10,2295,273,25,2,2595,0,0,0,2595
09/02/2016,ATL,GA,ASO,ES,Towers with Radar,2352,284,13,1,2650,0,0,0,0,0,2352,284,13,1,2650,0,0,0,2650
09/03/2016,ATL,GA,ASO,ES,Towers with Radar,1674,165,14,0,1853,0,0,12,0,12,1674,165,26,0,1865,0,0,0,1865
09/04/2016,ATL,GA,ASO,ES,Towers with Radar,1709,172,8,0,1889,0,0,6,0,6,1709,172,14,0,1895,0,0,0,1895
09/05/2016,ATL,GA,ASO,ES,Towers with Radar,2096,247,13,0,2356,0,0,2,4,6,2096,247,15,4,2362,0,0,0,2362
09/06/2016,ATL,GA,ASO,ES,Towers with Radar,2180,261,27,0,2468,0,0,10,0,10,2180,261,37,0,2478,0,0,0,2478
09/07/2016,ATL,GA,ASO,ES,Towers with Radar,2177,262,18,0,2457,0,0,8,0,8,2177,262,26,0,2465,0,0,0,2465
09/08/2016,ATL,GA,ASO,ES,Towers with Radar,2202,275,26,0,2503,0,0,6,0,6,2202,275,32,0,2509,0,0,0,2509
09/09/2016,ATL,GA,ASO,ES,Towers with Radar,2185,266,15,0,2466,0,1,11,0,12,2185,267,26,0,2478,0,0,0,2478
09/10/2016,ATL,GA,ASO,ES,Towers with Radar,1678,166,17,0,1861,0,2,7,0,9,1678,168,24,0,1870,0,0,0,1870
09/11/2016,ATL,GA,ASO,ES,Towers with Radar,2180,266,19,0,2465,0,0,3,0,3,2180,266,22,0,2468,0,0,0,2468
09/12/2016,ATL,GA,ASO,ES,Towers with Radar,2285,278,16,1,2580,0,0,4,0,4,2285,278,20,1,2584,0,0,0,2584
09/13/2016,ATL,GA,ASO,ES,Towers with Radar,2246,282,22,1,2551,0,0,6,0,6,2246,282,28,1,2557,0,0,0,2557
09/14/2016,ATL,GA,ASO,ES,Towers with Radar,2268,282,21,0,2571,0,0,11,0,11,2268,282,32,0,2582,0,0,0,2582
09/15/2016,ATL,GA,ASO,ES,Towers with Radar,2318,282,19,2,2621,0,2,10,0,12,2318,284,29,2,2633,0,0,0,2633
09/16/2016,ATL,GA,ASO,ES,Towers with Radar,2299,276,8,2,2585,0,0,14,0,14,2299,276,22,2,2599,0,0,0,2599
09/17/2016,ATL,GA,ASO,ES,Towers with Radar,1790,174,12,0,1976,0,0,4,0,4,1790,174,16,0,1980,0,0,0,1980
09/18/2016,ATL,GA,ASO,ES,Towers with Radar,2171,253,16,0,2440,0,0,0,0,0,2171,253,16,0,2440,0,0,0,2440
09/19/2016,ATL,GA,ASO,ES,Towers with Radar,2292,281,20,0,2593,0,0,4,0,4,2292,281,24,0,2597,0,0,0,2597
09/20/2016,ATL,GA,ASO,ES,Towers with Radar,2247,289,15,0,2551,0,0,7,0,7,2247,289,22,0,2558,0,0,0,2558
09/21/2016,ATL,GA,ASO,ES,Towers with Radar,2261,284,18,0,2563,0,0,4,0,4,2261,284,22,0,2567,0,0,0,2567
09/22/2016,ATL,GA,ASO,ES,Towers with Radar,2301,288,19,0,2608,0,0,6,0,6,2301,288,25,0,2614,0,0,0,2614
09/23/2016,ATL,GA,ASO,ES,Towers with Radar,2293,286,31,0,2610,0,0,14,0,14,2293,286,45,0,2624,0,0,0,2624
09/24/2016,ATL,GA,ASO,ES,Towers with Radar,1782,185,13,0,1980,0,0,7,0,7,1782,185,20,0,1987,0,0,0,1987
09/25/2016,ATL,GA,ASO,ES,Towers with Radar,2184,262,14,0,2460,0,0,0,0,0,2184,262,14,0,2460,0,0,0,2460
09/26/2016,ATL,GA,ASO,ES,Towers with Radar,2290,284,6,0,2580,0,0,2,0,2,2290,284,8,0,2582,0,0,0,2582
09/27/2016,ATL,GA,ASO,ES,Towers with Radar,2261,285,4,0,2550,0,0,4,0,4,2261,285,8,0,2554,0,0,0,2554
09/28/2016,ATL,GA,ASO,ES,Towers with Radar,2260,283,27,0,2570,0,0,7,0,7,2260,283,34,0,2577,0,0,0,2577
09/29/2016,ATL,GA,ASO,ES,Towers with Radar,2289,289,23,3,2604,0,2,10,3,15,2289,291,33,6,2619,0,0,0,2619
09/30/2016,ATL,GA,ASO,ES,Towers with Radar,2272,291,22,0,2585,0,1,4,2,7,2272,292,26,2,2592,0,0,0,2592
10/01/2016,ATL,GA,ASO,ES,Towers with Radar,1833,168,6,0,2007,0,0,4,0,4,1833,168,10,0,2011,0,0,0,2011
10/02/2016,ATL,GA,ASO,ES,Towers with Radar,2188,244,20,0,2452,0,0,6,0,6,2188,244,26,0,2458,0,0,0,2458
10/03/2016,ATL,GA,ASO,ES,Towers with Radar,2315,260,10,0,2585,0,0,0,0,0,2315,260,10,0,2585,0,0,0,2585
10/04/2016,ATL,GA,ASO,ES,Towers with Radar,2263,264,16,0,2543,0,0,2,0,2,2263,264,18,0,2545,0,0,0,2545
10/05/2016,ATL,GA,ASO,ES,Towers with Radar,2271,275,25,0,2571,0,2,5,0,7,2271,277,30,0,2578,0,0,0,2578
10/06/2016,ATL,GA,ASO,ES,Towers with Radar,2221,261,21,0,2503,0,0,7,0,7,2221,261,28,0,2510,0,0,0,2510
10/07/2016,ATL,GA,ASO,ES,Towers with Radar,2129,261,15,0,2405,0,0,5,0,5,2129,261,20,0,2410,0,0,0,2410
10/08/2016,ATL,GA,ASO,ES,Towers with Radar,1740,142,4,0,1886,0,1,0,0,1,1740,143,4,0,1887,0,0,0,1887
10/09/2016,ATL,GA,ASO,ES,Towers with Radar,2171,227,20,0,2418,0,0,4,0,4,2171,227,24,0,2422,0,0,0,2422
10/10/2016,ATL,GA,ASO,ES,Towers with Radar,2320,263,26,0,2609,0,0,0,0,0,2320,263,26,0,2609,0,0,0,2609
10/11/2016,ATL,GA,ASO,ES,Towers with Radar,2274,266,10,0,2550,0,2,4,0,6,2274,268,14,0,2556,0,0,0,2556
10/12/2016,ATL,GA,ASO,ES,Towers with Radar,2270,272,14,2,2558,0,2,7,0,9,2270,274,21,2,2567,0,0,0,2567
10/13/2016,ATL,GA,ASO,ES,Towers with Radar,2306,275,26,0,2607,0,0,8,0,8,2306,275,34,0,2615,0,0,0,2615
10/14/2016,ATL,GA,ASO,ES,Towers with Radar,2322,274,15,1,2612,0,2,5,0,7,2322,276,20,1,2619,0,0,0,2619
10/15/2016,ATL,GA,ASO,ES,Towers with Radar,1823,164,8,0,1995,0,0,9,2,11,1823,164,17,2,2006,0,0,0,2006
10/16/2016,ATL,GA,ASO,ES,Towers with Radar,2194,249,15,4,2462,0,0,2,0,2,2194,249,17,4,2464,0,0,0,2464
10/17/2016,ATL,GA,ASO,ES,Towers with Radar,2315,271,20,0,2606,0,0,4,0,4,2315,271,24,0,2610,0,0,0,2610
10/18/2016,ATL,GA,ASO,ES,Towers with Radar,2274,276,23,2,2575,0,0,18,0,18,2274,276,41,2,2593,0,0,0,2593
10/19/2016,ATL,GA,ASO,ES,Towers with Radar,2271,276,22,1,2570,0,0,11,0,11,2271,276,33,1,2581,0,0,0,2581
10/20/2016,ATL,GA,ASO,ES,Towers with Radar,2324,271,26,0,2621,0,0,13,0,13,2324,271,39,0,2634,0,0,0,2634
10/21/2016,ATL,GA,ASO,ES,Towers with Radar,2341,270,16,1,2628,0,0,0,0,0,2341,270,16,1,2628,0,0,0,2628
10/22/2016,ATL,GA,ASO,ES,Towers with Radar,1819,169,11,0,1999,0,1,4,0,5,1819,170,15,0,2004,0,0,0,2004
10/23/2016,ATL,GA,ASO,ES,Towers with Radar,2184,246,17,0,2447,0,0,2,0,2,2184,246,19,0,2449,0,0,0,2449
10/24/2016,ATL,GA,ASO,ES,Towers with Radar,2288,274,23,0,2585,0,0,5,0,5,2288,274,28,0,2590,0,0,0,2590
10/25/2016,ATL,GA,ASO,ES,Towers with Radar,2188,252,30,0,2470,0,0,9,0,9,2188,252,39,0,2479,0,0,0,2479
10/26/2016,ATL,GA,ASO,ES,Towers with Radar,2170,261,12,0,2443,1,0,4,0,5,2171,261,16,0,2448,0,0,0,2448
10/27/2016,ATL,GA,ASO,ES,Towers with Radar,2283,275,26,0,2584,0,1,6,0,7,2283,276,32,0,2591,0,0,0,2591
10/28/2016,ATL,GA,ASO,ES,Towers with Radar,2275,287,17,0,2579,0,1,24,1,26,2275,288,41,1,2605,0,0,0,2605
10/29/2016,ATL,GA,ASO,ES,Towers with Radar,1801,163,12,0,1976,0,0,8,0,8,1801,163,20,0,1984,0,0,0,1984
10/30/2016,ATL,GA,ASO,ES,Towers with Radar,2080,222,24,0,2326,0,0,0,0,0,2080,222,24,0,2326,0,0,0,2326
10/31/2016,ATL,GA,ASO,ES,Towers with Radar,2129,259,15,2,2405,0,0,5,0,5,2129,259,20,2,2410,0,0,0,2410
11/01/2016,ATL,GA,ASO,ES,Towers with Radar,2161,266,15,2,2444,0,0,6,0,6,2161,266,21,2,2450,0,0,0,2450
11/02/2016,ATL,GA,ASO,ES,Towers with Radar,2175,261,21,0,2457,0,0,5,0,5,2175,261,26,0,2462,0,0,0,2462
11/03/2016,ATL,GA,ASO,ES,Towers with Radar,2217,266,24,0,2507,0,0,7,0,7,2217,266,31,0,2514,0,0,0,2514
11/04/2016,ATL,GA,ASO,ES,Towers with Radar,2281,265,12,0,2558,0,2,4,0,6,2281,267,16,0,2564,0,0,0,2564
11/05/2016,ATL,GA,ASO,ES,Towers with Radar,1788,168,10,0,1966,0,0,2,0,2,1788,168,12,0,1968,0,0,0,1968
11/06/2016,ATL,GA,ASO,ES,Towers with Radar,2111,237,15,0,2363,0,0,0,2,2,2111,237,15,2,2365,0,0,0,2365
11/07/2016,ATL,GA,ASO,ES,Towers with Radar,2164,226,22,0,2412,0,4,4,0,8,2164,230,26,0,2420,0,0,0,2420
11/08/2016,ATL,GA,ASO,ES,Towers with Radar,2053,237,20,0,2310,0,4,11,0,15,2053,241,31,0,2325,0,0,0,2325
11/09/2016,ATL,GA,ASO,ES,Towers with Radar,2255,282,15,1,2553,0,2,8,0,10,2255,284,23,1,2563,0,0,0,2563
11/10/2016,ATL,GA,ASO,ES,Towers with Radar,2288,280,18,0,2586,0,0,9,1,10,2288,280,27,1,2596,0,0,0,2596
11/11/2016,ATL,GA,ASO,ES,Towers with Radar,2285,272,16,1,2574,0,0,12,0,12,2285,272,28,1,2586,0,0,0,2586
11/12/2016,ATL,GA,ASO,ES,Towers with Radar,1756,154,0,0,1910,0,0,5,0,5,1756,154,5,0,1915,0,0,0,1915
11/13/2016,ATL,GA,ASO,ES,Towers with Radar,2165,242,10,0,2417,0,0,0,0,0,2165,242,10,0,2417,0,0,0,2417
11/14/2016,ATL,GA,ASO,ES,Towers with Radar,2275,277,25,0,2577,0,0,0,0,0,2275,277,25,0,2577,0,0,0,2577
11/15/2016,ATL,GA,ASO,ES,Towers with Radar,2241,286,17,0,2544,0,0,0,1,1,2241,286,17,1,2545,0,0,0,2545
11/16/2016,ATL,GA,ASO,ES,Towers with Radar,2254,284,18,0,2556,0,1,3,0,4,2254,285,21,0,2560,0,0,0,2560
11/17/2016,ATL,GA,ASO,ES,Towers with Radar,2296,279,26,0,2601,0,0,8,0,8,2296,279,34,0,2609,0,0,0,2609
11/18/2016,ATL,GA,ASO,ES,Towers with Radar,2276,292,17,0,2585,0,0,5,2,7,2276,292,22,2,2592,0,0,0,2592
11/19/2016,ATL,GA,ASO,ES,Towers with Radar,1824,156,9,0,1989,0,0,0,0,0,1824,156,9,0,1989,0,0,0,1989
11/20/2016,ATL,GA,ASO,ES,Towers with Radar,2007,207,4,0,2218,0,0,2,0,2,2007,207,6,0,2220,0,0,0,2220
11/21/2016,ATL,GA,ASO,ES,Towers with Radar,2085,220,6,0,2311,0,0,0,0,0,2085,220,6,0,2311,0,0,0,2311
11/22/2016,ATL,GA,ASO,ES,Towers with Radar,2189,277,13,0,2479,0,0,7,0,7,2189,277,20,0,2486,0,0,0,2486
11/23/2016,ATL,GA,ASO,ES,Towers with Radar,2265,280,23,0,2568,0,0,4,0,4,2265,280,27,0,2572,0,0,0,2572
11/24/2016,ATL,GA,ASO,ES,Towers with Radar,1387,129,4,0,1520,0,2,0,0,2,1387,131,4,0,1522,0,0,0,1522
11/25/2016,ATL,GA,ASO,ES,Towers with Radar,1704,155,8,0,1867,0,1,2,0,3,1704,156,10,0,1870,0,0,0,1870
11/26/2016,ATL,GA,ASO,ES,Towers with Radar,2215,276,11,0,2502,0,0,2,0,2,2215,276,13,0,2504,0,0,0,2504
11/27/2016,ATL,GA,ASO,ES,Towers with Radar,2341,282,11,0,2634,0,0,1,0,1,2341,282,12,0,2635,0,0,0,2635
11/28/2016,ATL,GA,ASO,ES,Towers with Radar,2299,279,14,0,2592,0,1,0,0,1,2299,280,14,0,2593,0,0,0,2593
11/29/2016,ATL,GA,ASO,ES,Towers with Radar,2180,259,21,2,2462,0,0,1,0,1,2180,259,22,2,2463,0,0,0,2463
11/30/2016,ATL,GA,ASO,ES,Towers with Radar,2161,254,11,0,2426,0,0,4,0,4,2161,254,15,0,2430,0,0,0,2430
12/01/2016,ATL,GA,ASO,ES,Towers with Radar,2221,259,18,2,2500,0,0,14,0,14,2221,259,32,2,2514,0,0,0,2514
12/02/2016,ATL,GA,ASO,ES,Towers with Radar,2218,263,16,2,2499,0,0,5,0,5,2218,263,21,2,2504,0,0,0,2504
12/03/2016,ATL,GA,ASO,ES,Towers with Radar,1634,138,15,0,1787,0,0,6,0,6,1634,138,21,0,1793,0,0,0,1793
12/04/2016,ATL,GA,ASO,ES,Towers with Radar,2036,230,14,0,2280,0,0,0,0,0,2036,230,14,0,2280,0,0,0,2280
12/05/2016,ATL,GA,ASO,ES,Towers with Radar,2206,265,13,0,2484,0,0,0,0,0,2206,265,13,0,2484,0,0,0,2484
12/06/2016,ATL,GA,ASO,ES,Towers with Radar,2159,248,19,0,2426,0,0,2,0,2,2159,248,21,0,2428,0,0,0,2428
12/07/2016,ATL,GA,ASO,ES,Towers with Radar,2170,260,30,0,2460,0,0,6,0,6,2170,260,36,0,2466,0,0,0,2466
12/08/2016,ATL,GA,ASO,ES,Towers with Radar,2214,264,18,0,2496,0,0,10,0,10,2214,264,28,0,2506,0,0,0,2506
12/09/2016,ATL,GA,ASO,ES,Towers with Radar,2202,256,10,1,2469,0,0,11,0,11,2202,256,21,1,2480,0,0,0,2480
12/10/2016,ATL,GA,ASO,ES,Towers with Radar,1636,151,9,0,1796,0,2,1,0,3,1636,153,10,0,1799,0,0,0,1799
12/11/2016,ATL,GA,ASO,ES,Towers with Radar,1995,223,11,2,2231,0,0,1,0,1,1995,223,12,2,2232,0,0,0,2232
12/12/2016,ATL,GA,ASO,ES,Towers with Radar,2223,241,18,5,2487,0,0,0,0,0,2223,241,18,5,2487,0,0,0,2487
12/13/2016,ATL,GA,ASO,ES,Towers with Radar,2176,273,23,0,2472,0,0,0,0,0,2176,273,23,0,2472,0,0,0,2472
12/14/2016,ATL,GA,ASO,ES,Towers with Radar,2182,268,21,2,2473,0,1,8,0,9,2182,269,29,2,2482,0,0,0,2482
12/15/2016,ATL,GA,ASO,ES,Towers with Radar,2219,264,19,6,2508,0,0,6,0,6,2219,264,25,6,2514,0,0,0,2514
12/16/2016,ATL,GA,ASO,ES,Towers with Radar,2208,261,16,2,2487,0,0,9,0,9,2208,261,25,2,2496,0,0,0,2496
12/17/2016,ATL,GA,ASO,ES,Towers with Radar,1917,228,10,1,2156,0,0,0,0,0,1917,228,10,1,2156,0,0,0,2156
12/18/2016,ATL,GA,ASO,ES,Towers with Radar,2095,278,14,2,2389,0,0,0,0,0,2095,278,14,2,2389,0,0,0,2389
12/19/2016,ATL,GA,ASO,ES,Towers with Radar,2171,278,6,0,2455,0,0,2,0,2,2171,278,8,0,2457,0,0,0,2457
12/20/2016,ATL,GA,ASO,ES,Towers with Radar,2176,289,11,4,2480,0,0,4,0,4,2176,289,15,4,2484,0,0,0,2484
12/21/2016,ATL,GA,ASO,ES,Towers with Radar,2191,282,19,0,2492,0,0,8,0,8,2191,282,27,0,2500,0,0,0,2500
12/22/2016,ATL,GA,ASO,ES,Towers with Radar,2225,277,20,0,2522,0,0,4,0,4,2225,277,24,0,2526,0,0,0,2526
12/23/2016,ATL,GA,ASO,ES,Towers with Radar,2224,286,18,0,2528,0,0,2,0,2,2224,286,20,0,2530,0,0,0,2530
12/24/2016,ATL,GA,ASO,ES,Towers with Radar,1568,153,10,0,1731,0,0,0,0,0,1568,153,10,0,1731,0,0,0,1731
12/25/2016,ATL,GA,ASO,ES,Towers with Radar,1519,142,6,0,1667,0,0,0,0,0,1519,142,6,0,1667,0,0,0,1667
12/26/2016,ATL,GA,ASO,ES,Towers with Radar,2125,281,9,0,2415,0,0,0,0,0,2125,281,9,0,2415,0,0,0,2415
12/27/2016,ATL,GA,ASO,ES,Towers with Radar,2228,269,15,3,2515,0,0,6,0,6,2228,269,21,3,2521,0,0,0,2521
12/28/2016,ATL,GA,ASO,ES,Towers with Radar,2214,293,9,0,2516,0,0,8,0,8,2214,293,17,0,2524,0,0,0,2524
12/29/2016,ATL,GA,ASO,ES,Towers with Radar,2184,286,9,0,2479,0,0,6,0,6,2184,286,15,0,2485,0,0,0,2485
12/30/2016,ATL,GA,ASO,ES,Towers with Radar,2172,286,6,0,2464,0,0,6,0,6,2172,286,12,0,2470,0,0,0,2470
12/31/2016,ATL,GA,ASO,ES,Towers with Radar,1613,147,10,0,1770,0,0,2,0,2,1613,147,12,0,1772,0,0,0,1772
01/01/2017,ATL,GA,ASO,ES,Towers with Radar,1801,184,15,0,2000,0,0,0,0,0,1801,184,15,0,2000,0,0,0,2000
01/02/2017,ATL,GA,ASO,ES,Towers with Radar,2111,256,19,0,2386,0,0,0,0,0,2111,256,19,0,2386,0,0,0,2386
01/03/2017,ATL,GA,ASO,ES,Towers with Radar,2173,265,12,0,2450,0,0,2,0,2,2173,265,14,0,2452,0,0,0,2452
01/04/2017,ATL,GA,ASO,ES,Towers with Radar,2086,250,8,1,2345,0,0,2,0,2,2086,250,10,1,2347,0,0,0,2347
01/05/2017,ATL,GA,ASO,ES,Towers with Radar,2134,249,11,0,2394,0,0,11,0,11,2134,249,22,0,2405,0,0,0,2405
01/06/2017,ATL,GA,ASO,ES,Towers with Radar,1718,163,11,1,1893,0,0,0,0,0,1718,163,11,1,1893,0,0,0,1893
01/07/2017,ATL,GA,ASO,ES,Towers with Radar,1328,108,12,1,1449,0,0,2,0,2,1328,108,14,1,1451,0,0,0,1451
01/08/2017,ATL,GA,ASO,ES,Towers with Radar,2038,223,21,0,2282,0,0,0,0,0,2038,223,21,0,2282,0,0,0,2282
01/09/2017,ATL,GA,ASO,ES,Towers with Radar,2195,266,18,0,2479,0,0,3,0,3,2195,266,21,0,2482,0,0,0,2482
01/10/2017,ATL,GA,ASO,ES,Towers with Radar,2103,273,27,0,2403,0,0,2,0,2,2103,273,29,0,2405,0,0,0,2405
01/11/2017,ATL,GA,ASO,ES,Towers with Radar,2094,261,19,0,2374,0,0,4,0,4,2094,261,23,0,2378,0,0,0,2378
01/12/2017,ATL,GA,ASO,ES,Towers with Radar,2190,264,32,1,2487,0,0,8,0,8,2190,264,40,1,2495,0,0,0,2495
01/13/2017,ATL,GA,ASO,ES,Towers with Radar,2184,280,13,0,2477,0,0,8,0,8,2184,280,21,0,2485,0,0,0,2485
01/14/2017,ATL,GA,ASO,ES,Towers with Radar,1589,147,22,0,1758,0,0,3,0,3,1589,147,25,0,1761,0,0,0,1761
01/15/2017,ATL,GA,ASO,ES,Towers with Radar,1827,175,12,0,2014,0,0,2,1,3,1827,175,14,1,2017,0,0,0,2017
01/16/2017,ATL,GA,ASO,ES,Towers with Radar,2166,270,9,0,2445,0,0,2,0,2,2166,270,11,0,2447,0,0,0,2447
01/17/2017,ATL,GA,ASO,ES,Towers with Radar,2080,265,23,0,2368,0,1,6,0,7,2080,266,29,0,2375,0,0,0,2375
01/18/2017,ATL,GA,ASO,ES,Towers with Radar,2119,265,19,0,2403,0,0,4,2,6,2119,265,23,2,2409,0,0,0,2409
01/19/2017,ATL,GA,ASO,ES,Towers with Radar,2193,265,17,0,2475,0,0,2,0,2,2193,265,19,0,2477,0,0,0,2477
01/20/2017,ATL,GA,ASO,ES,Towers with Radar,2181,270,15,0,2466,0,0,8,0,8,2181,270,23,0,2474,0,0,0,2474
01/21/2017,ATL,GA,ASO,ES,Towers with Radar,1713,154,10,0,1877,0,0,4,0,4,1713,154,14,0,1881,0,0,0,1881
01/22/2017,ATL,GA,ASO,ES,Towers with Radar,1858,214,10,0,2082,0,0,0,0,0,1858,214,10,0,2082,0,0,0,2082
01/23/2017,ATL,GA,ASO,ES,Towers with Radar,2257,261,15,0,2533,0,0,0,0,0,2257,261,15,0,2533,0,0,0,2533
01/24/2017,ATL,GA,ASO,ES,Towers with Radar,2095,262,7,0,2364,0,0,7,0,7,2095,262,14,0,2371,0,0,0,2371
01/25/2017,ATL,GA,ASO,ES,Towers with Radar,2110,276,18,2,2406,0,0,7,0,7,2110,276,25,2,2413,0,0,0,2413
01/26/2017,ATL,GA,ASO,ES,Towers with Radar,2198,277,21,0,2496,0,0,6,0,6,2198,277,27,0,2502,0,0,0,2502
01/27/2017,ATL,GA,ASO,ES,Towers with Radar,2198,279,12,0,2489,0,0,2,0,2,2198,279,14,0,2491,0,0,0,2491
01/28/2017,ATL,GA,ASO,ES,Towers with Radar,1678,151,16,1,1846,0,0,2,0,2,1678,151,18,1,1848,0,0,0,1848
01/29/2017,ATL,GA,ASO,ES,Towers with Radar,1766,212,15,0,1993,0,0,0,0,0,1766,212,15,0,1993,0,0,0,1993
01/30/2017,ATL,GA,ASO,ES,Towers with Radar,2298,269,31,0,2598,0,0,1,0,1,2298,269,32,0,2599,0,0,0,2599
01/31/2017,ATL,GA,ASO,ES,Towers with Radar,2071,274,30,1,2376,0,1,7,0,8,2071,275,37,1,2384,0,0,0,2384
02/01/2017,ATL,GA,ASO,ES,Towers with Radar,2095,265,26,2,2388,0,0,1,0,1,2095,265,27,2,2389,0,0,0,2389
02/02/2017,ATL,GA,ASO,ES,Towers with Radar,2185,277,28,1,2491,0,0,5,0,5,2185,277,33,1,2496,0,0,0,2496
02/03/2017,ATL,GA,ASO,ES,Towers with Radar,2210,282,30,0,2522,0,0,2,0,2,2210,282,32,0,2524,0,0,0,2524
02/04/2017,ATL,GA,ASO,ES,Towers with Radar,1608,150,15,1,1774,0,0,2,0,2,1608,150,17,1,1776,0,0,0,1776
02/05/2017,ATL,GA,ASO,ES,Towers with Radar,1739,161,17,0,1917,0,0,0,0,0,1739,161,17,0,1917,0,0,0,1917
02/06/2017,ATL,GA,ASO,ES,Towers with Radar,2202,275,12,0,2489,0,0,2,0,2,2202,275,14,0,2491,0,0,0,2491
02/07/2017,ATL,GA,ASO,ES,Towers with Radar,2088,271,12,0,2371,0,0,4,0,4,2088,271,16,0,2375,0,0,0,2375
02/08/2017,ATL,GA,ASO,ES,Towers with Radar,2128,294,25,0,2447,0,0,0,0,0,2128,294,25,0,2447,0,0,0,2447
02/09/2017,ATL,GA,ASO,ES,Towers with Radar,2092,291,24,0,2407,0,0,3,0,3,2092,291,27,0,2410,0,0,0,2410
02/10/2017,ATL,GA,ASO,ES,Towers with Radar,2202,268,28,0,2498,1,0,23,0,24,2203,268,51,0,2522,0,0,0,2522
02/11/2017,ATL,GA,ASO,ES,Towers with Radar,1670,152,11,0,1833,0,0,2,0,2,1670,152,13,0,1835,0,0,0,1835
02/12/2017,ATL,GA,ASO,ES,Towers with Radar,2011,234,7,0,2252,0,0,0,0,0,2011,234,7,0,2252,0,0,0,2252
02/13/2017,ATL,GA,ASO,ES,Towers with Radar,2168,266,7,1,2442,0,0,1,0,1,2168,266,8,1,2443,0,0,0,2443
02/14/2017,ATL,GA,ASO,ES,Towers with Radar,2044,263,9,1,2317,0,2,3,0,5,2044,265,12,1,2322,0,0,0,2322
02/15/2017,ATL,GA,ASO,ES,Towers with Radar,2122,270,14,0,2406,0,1,2,0,3,2122,271,16,0,2409,0,0,0,2409
02/16/2017,ATL,GA,ASO,ES,Towers with Radar,2201,269,19,1,2490,0,4,10,0,14,2201,273,29,1,2504,0,0,0,2504
02/17/2017,ATL,GA,ASO,ES,Towers with Radar,2201,286,11,0,2498,0,0,6,0,6,2201,286,17,0,2504,0,0,0,2504
02/18/2017,ATL,GA,ASO,ES,Towers with Radar,1653,165,16,0,1834,0,1,5,0,6,1653,166,21,0,1840,0,0,0,1840
02/19/2017,ATL,GA,ASO,ES,Towers with Radar,1875,159,12,0,2046,0,0,0,0,0,1875,159,12,0,2046,0,0,0,2046
02/20/2017,ATL,GA,ASO,ES,Towers with Radar,2193,273,7,0,2473,0,0,1,0,1,2193,273,8,0,2474,0,0,0,2474
02/21/2017,ATL,GA,ASO,ES,Towers with Radar,2167,272,10,0,2449,0,2,2,0,4,2167,274,12,0,2453,0,0,0,2453
02/22/2017,ATL,GA,ASO,ES,Towers with Radar,2184,287,19,1,2491,0,0,4,0,4,2184,287,23,1,2495,0,0,0,2495
02/23/2017,ATL,GA,ASO,ES,Towers with Radar,2214,277,17,0,2508,0,0,11,0,11,2214,277,28,0,2519,0,0,0,2519
02/24/2017,ATL,GA,ASO,ES,Towers with Radar,2212,275,11,0,2498,0,0,11,0,11,2212,275,22,0,2509,0,0,0,2509
02/25/2017,ATL,GA,ASO,ES,Towers with Radar,1736,182,3,1,1922,0,0,0,0,0,1736,182,3,1,1922,0,0,0,1922
02/26/2017,ATL,GA,ASO,ES,Towers with Radar,2108,245,14,0,2367,0,1,4,0,5,2108,246,18,0,2372,0,0,0,2372
02/27/2017,ATL,GA,ASO,ES,Towers with Radar,2208,289,9,0,2506,0,0,0,0,0,2208,289,9,0,2506,0,0,0,2506
02/28/2017,ATL,GA,ASO,ES,Towers with Radar,2166,279,17,0,2462,0,0,6,0,6,2166,279,23,0,2468,0,0,0,2468
03/01/2017,ATL,GA,ASO,ES,Towers with Radar,2134,277,15,0,2426,0,0,0,0,0,2134,277,15,0,2426,0,0,0,2426
03/02/2017,ATL,GA,ASO,ES,Towers with Radar,2270,281,38,0,2589,0,1,6,0,7,2270,282,44,0,2596,0,0,0,2596
03/03/2017,ATL,GA,ASO,ES,Towers with Radar,2235,279,19,0,2533,0,0,2,0,2,2235,279,21,0,2535,0,0,0,2535
03/04/2017,ATL,GA,ASO,ES,Towers with Radar,1754,190,24,0,1968,0,0,8,1,9,1754,190,32,1,1977,0,0,0,1977
03/05/2017,ATL,GA,ASO,ES,Towers with Radar,2107,258,43,0,2408,0,0,3,0,3,2107,258,46,0,2411,0,0,0,2411
03/06/2017,ATL,GA,ASO,ES,Towers with Radar,2195,271,18,0,2484,0,0,5,0,5,2195,271,23,0,2489,0,0,0,2489
03/07/2017,ATL,GA,ASO,ES,Towers with Radar,2172,282,18,0,2472,0,0,0,0,0,2172,282,18,0,2472,0,0,0,2472
03/08/2017,ATL,GA,ASO,ES,Towers with Radar,2200,275,17,0,2492,0,0,6,0,6,2200,275,23,0,2498,0,0,0,2498
03/09/2017,ATL,GA,ASO,ES,Towers with Radar,2249,300,17,0,2566,0,0,11,0,11,2249,300,28,0,2577,0,0,0,2577
03/10/2017,ATL,GA,ASO,ES,Towers with Radar,2258,298,20,0,2576,0,1,6,0,7,2258,299,26,0,2583,0,0,0,2583
03/11/2017,ATL,GA,ASO,ES,Towers with Radar,1942,229,19,0,2190,0,0,6,0,6,1942,229,25,0,2196,0,0,0,2196
03/12/2017,ATL,GA,ASO,ES,Towers with Radar,2173,255,15,0,2443,0,0,0,0,0,2173,255,15,0,2443,0,0,0,2443
03/13/2017,ATL,GA,ASO,ES,Towers with Radar,2214,279,27,0,2520,0,0,0,0,0,2214,279,27,0,2520,0,0,0,2520
03/14/2017,ATL,GA,ASO,ES,Towers with Radar,1968,299,7,0,2274,0,0,0,0,0,1968,299,7,0,2274,0,0,0,2274
03/15/2017,ATL,GA,ASO,ES,Towers with Radar,2185,290,23,0,2498,0,0,4,0,4,2185,290,27,0,2502,0,0,0,2502
03/16/2017,ATL,GA,ASO,ES,Towers with Radar,2259,303,21,0,2583,0,0,5,0,5,2259,303,26,0,2588,0,0,0,2588
03/17/2017,ATL,GA,ASO,ES,Towers with Radar,2249,299,15,0,2563,0,0,4,2,6,2249,299,19,2,2569,0,0,0,2569
03/18/2017,ATL,GA,ASO,ES,Towers with Radar,1949,221,11,0,2181,0,0,2,0,2,1949,221,13,0,2183,0,0,0,2183
03/19/2017,ATL,GA,ASO,ES,Towers with Radar,2161,252,6,1,2420,0,2,0,0,2,2161,254,6,1,2422,0,0,0,2422
03/20/2017,ATL,GA,ASO,ES,Towers with Radar,2229,295,8,0,2532,0,0,1,0,1,2229,295,9,0,2533,0,0,0,2533
03/21/2017,ATL,GA,ASO,ES,Towers with Radar,2140,290,19,0,2449,0,0,0,0,0,2140,290,19,0,2449,0,0,0,2449
03/22/2017,ATL,GA,ASO,ES,Towers with Radar,2234,304,28,0,2566,0,0,13,0,13,2234,304,41,0,2579,0,0,0,2579
03/23/2017,ATL,GA,ASO,ES,Towers with Radar,2246,295,25,3,2569,0,0,27,0,27,2246,295,52,3,2596,0,0,0,2596
03/24/2017,ATL,GA,ASO,ES,Towers with Radar,2259,295,14,1,2569,0,0,4,0,4,2259,295,18,1,2573,0,0,0,2573
03/25/2017,ATL,GA,ASO,ES,Towers with Radar,1941,216,18,0,2175,0,0,0,0,0,1941,216,18,0,2175,0,0,0,2175
03/26/2017,ATL,GA,ASO,ES,Towers with Radar,2170,267,13,2,2452,0,0,0,0,0,2170,267,13,2,2452,0,0,0,2452
03/27/2017,ATL,GA,ASO,ES,Towers with Radar,2239,297,18,0,2554,0,0,3,0,3,2239,297,21,0,2557,0,0,0,2557
03/28/2017,ATL,GA,ASO,ES,Towers with Radar,2188,295,17,1,2501,0,0,5,0,5,2188,295,22,1,2506,0,0,0,2506
03/29/2017,ATL,GA,ASO,ES,Towers with Radar,2204,293,19,3,2519,0,1,9,0,10,2204,294,28,3,2529,0,0,0,2529
03/30/2017,ATL,GA,ASO,ES,Towers with Radar,2253,297,9,0,2559,0,0,2,0,2,2253,297,11,0,2561,0,0,0,2561
03/31/2017,ATL,GA,ASO,ES,Towers with Radar,2258,304,12,0,2574,0,0,12,0,12,2258,304,24,0,2586,0,0,0,2586
04/01/2017,ATL,GA,ASO,ES,Towers with Radar,1957,215,15,0,2187,0,0,11,0,11,1957,215,26,0,2198,0,0,0,2198
04/02/2017,ATL,GA,ASO,ES,Towers with Radar,2194,263,10,0,2467,0,0,0,0,0,2194,263,10,0,2467,0,0,0,2467
04/03/2017,ATL,GA,ASO,ES,Towers with Radar,2063,215,14,0,2292,0,0,0,0,0,2063,215,14,0,2292,0,0,0,2292
04/04/2017,ATL,GA,ASO,ES,Towers with Radar,2356,303,29,0,2688,1,0,14,4,19,2357,303,43,4,2707,0,0,0,2707
04/05/2017,ATL,GA,ASO,ES,Towers with Radar,1177,132,16,0,1325,0,0,0,0,0,1177,132,16,0,1325,0,0,0,1325
04/06/2017,ATL,GA,ASO,ES,Towers with Radar,1533,220,51,0,1804,0,2,10,0,12,1533,222,61,0,1816,0,0,0,1816
04/07/2017,ATL,GA,ASO,ES,Towers with Radar,1732,307,66,0,2105,0,0,5,0,5,1732,307,71,0,2110,0,0,0,2110
04/08/2017,ATL,GA,ASO,ES,Towers with Radar,1755,216,44,0,2015,0,0,7,0,7,1755,216,51,0,2022,0,0,0,2022
04/09/2017,ATL,GA,ASO,ES,Towers with Radar,2147,283,29,1,2460,0,2,1,0,3,2147,285,30,1,2463,0,0,0,2463
04/10/2017,ATL,GA,ASO,ES,Towers with Radar,2315,294,17,0,2626,0,0,10,0,10,2315,294,27,0,2636,0,0,0,2636
04/11/2017,ATL,GA,ASO,ES,Towers with Radar,2253,286,18,1,2558,0,0,10,0,10,2253,286,28,1,2568,0,0,0,2568
04/12/2017,ATL,GA,ASO,ES,Towers with Radar,2234,289,25,0,2548,0,0,10,0,10,2234,289,35,0,2558,0,0,0,2558
04/13/2017,ATL,GA,ASO,ES,Towers with Radar,2289,286,27,0,2602,0,0,13,0,13,2289,286,40,0,2615,0,0,0,2615
04/14/2017,ATL,GA,ASO,ES,Towers with Radar,2257,279,15,1,2552,0,1,8,0,9,2257,280,23,1,2561,0,0,0,2561
04/15/2017,ATL,GA,ASO,ES,Towers with Radar,1815,180,12,0,2007,0,0,2,0,2,1815,180,14,0,2009,0,0,0,2009
04/16/2017,ATL,GA,ASO,ES,Towers with Radar,2096,218,13,0,2327,0,0,0,0,0,2096,218,13,0,2327,0,0,0,2327
04/17/2017,ATL,GA,ASO,ES,Towers with Radar,2276,271,16,0,2563,0,0,5,0,5,2276,271,21,0,2568,0,0,0,2568
04/18/2017,ATL,GA,ASO,ES,Towers with Radar,2231,283,12,4,2530,0,0,5,0,5,2231,283,17,4,2535,0,0,0,2535
04/19/2017,ATL,GA,ASO,ES,Towers with Radar,2235,277,18,0,2530,0,2,3,0,5,2235,279,21,0,2535,0,0,0,2535
04/20/2017,ATL,GA,ASO,ES,Towers with Radar,2271,292,35,1,2599,0,0,11,0,11,2271,292,46,1,2610,0,0,0,2610
04/21/2017,ATL,GA,ASO,ES,Towers with Radar,2313,282,21,3,2619,0,2,8,0,10,2313,284,29,3,2629,0,0,0,2629
04/22/2017,ATL,GA,ASO,ES,Towers with Radar,1910,211,14,0,2135,0,0,4,0,4,1910,211,18,0,2139,0,0,0,2139
04/23/2017,ATL,GA,ASO,ES,Towers with Radar,2198,257,20,0,2475,0,0,0,0,0,2198,257,20,0,2475,0,0,0,2475
04/24/2017,ATL,GA,ASO,ES,Towers with Radar,2293,284,24,1,2602,0,0,0,0,0,2293,284,24,1,2602,0,0,0,2602
04/25/2017,ATL,GA,ASO,ES,Towers with Radar,2234,280,22,0,2536,0,0,6,0,6,2234,280,28,0,2542,0,0,0,2542
04/26/2017,ATL,GA,ASO,ES,Towers with Radar,2224,301,23,0,2548,0,1,8,3,12,2224,302,31,3,2560,0,0,0,2560
04/27/2017,ATL,GA,ASO,ES,Towers with Radar,2302,282,26,1,2611,0,0,0,0,0,2302,282,26,1,2611,0,0,0,2611
04/28/2017,ATL,GA,ASO,ES,Towers with Radar,2297,286,9,3,2595,0,0,12,0,12,2297,286,21,3,2607,0,0,0,2607
04/29/2017,ATL,GA,ASO,ES,Towers with Radar,1885,215,13,0,2113,0,0,0,0,0,1885,215,13,0,2113,0,0,0,2113
04/30/2017,ATL,GA,ASO,ES,Towers with Radar,2179,254,16,0,2449,0,0,0,0,0,2179,254,16,0,2449,0,0,0,2449
05/01/2017,ATL,GA,ASO,ES,Towers with Radar,2296,295,20,0,2611,0,0,9,0,9,2296,295,29,0,2620,0,0,0,2620
05/02/2017,ATL,GA,ASO,ES,Towers with Radar,2267,291,16,0,2574,0,0,26,0,26,2267,291,42,0,2600,0,0,0,2600
05/03/2017,ATL,GA,ASO,ES,Towers with Radar,2247,302,19,0,2568,0,0,13,0,13,2247,302,32,0,2581,0,0,0,2581
05/04/2017,ATL,GA,ASO,ES,Towers with Radar,2306,293,24,1,2624,0,0,3,0,3,2306,293,27,1,2627,0,0,0,2627
05/05/2017,ATL,GA,ASO,ES,Towers with Radar,2293,288,13,0,2594,0,0,2,0,2,2293,288,15,0,2596,0,0,0,2596
05/06/2017,ATL,GA,ASO,ES,Towers with Radar,1914,197,16,0,2127,0,1,2,0,3,1914,198,18,0,2130,0,0,0,2130
05/07/2017,ATL,GA,ASO,ES,Towers with Radar,2181,270,9,0,2460,0,0,11,0,11,2181,270,20,0,2471,0,0,0,2471
05/08/2017,ATL,GA,ASO,ES,Towers with Radar,2289,288,14,0,2591,0,1,7,0,8,2289,289,21,0,2599,0,0,0,2599
05/09/2017,ATL,GA,ASO,ES,Towers with Radar,2250,288,16,0,2554,0,0,12,0,12,2250,288,28,0,2566,0,0,0,2566
05/10/2017,ATL,GA,ASO,ES,Towers with Radar,2258,292,17,0,2567,0,0,10,0,10,2258,292,27,0,2577,0,0,0,2577
05/11/2017,ATL,GA,ASO,ES,Towers with Radar,2304,293,21,0,2618,0,0,8,0,8,2304,293,29,0,2626,0,0,0,2626
05/12/2017,ATL,GA,ASO,ES,Towers with Radar,2315,297,15,0,2627,0,0,12,0,12,2315,297,27,0,2639,0,0,0,2639
05/13/2017,ATL,GA,ASO,ES,Towers with Radar,1819,176,7,0,2002,0,0,5,0,5,1819,176,12,0,2007,0,0,0,2007
05/14/2017,ATL,GA,ASO,ES,Towers with Radar,2117,227,10,0,2354,0,0,0,0,0,2117,227,10,0,2354,0,0,0,2354
05/15/2017,ATL,GA,ASO,ES,Towers with Radar,2308,290,24,0,2622,0,1,9,1,11,2308,291,33,1,2633,0,0,0,2633
05/16/2017,ATL,GA,ASO,ES,Towers with Radar,2259,283,23,0,2565,0,2,6,0,8,2259,285,29,0,2573,0,0,0,2573
05/17/2017,ATL,GA,ASO,ES,Towers with Radar,2258,291,7,0,2556,0,2,2,0,4,2258,293,9,0,2560,0,0,0,2560
05/18/2017,ATL,GA,ASO,ES,Towers with Radar,2317,288,10,1,2616,0,0,8,0,8,2317,288,18,1,2624,0,0,0,2624
05/19/2017,ATL,GA,ASO,ES,Towers with Radar,2298,299,28,0,2625,0,0,6,0,6,2298,299,34,0,2631,0,0,0,2631
05/20/2017,ATL,GA,ASO,ES,Towers with Radar,1929,200,4,0,2133,0,0,2,0,2,1929,200,6,0,2135,0,0,0,2135
05/21/2017,ATL,GA,ASO,ES,Towers with Radar,2208,272,13,0,2493,0,0,0,0,0,2208,272,13,0,2493,0,0,0,2493
05/22/2017,ATL,GA,ASO,ES,Towers with Radar,2295,299,10,0,2604,0,0,1,0,1,2295,299,11,0,2605,0,0,0,2605
05/23/2017,ATL,GA,ASO,ES,Towers with Radar,2274,297,16,0,2587,0,0,4,0,4,2274,297,20,0,2591,0,0,0,2591
05/24/2017,ATL,GA,ASO,ES,Towers with Radar,2262,289,24,0,2575,0,0,0,0,0,2262,289,24,0,2575,0,0,0,2575
05/25/2017,ATL,GA,ASO,ES,Towers with Radar,2309,303,24,0,2636,0,0,6,0,6,2309,303,30,0,2642,0,0,0,2642
05/26/2017,ATL,GA,ASO,ES,Towers with Radar,2359,295,6,0,2660,0,1,12,0,13,2359,296,18,0,2673,0,0,0,2673
05/27/2017,ATL,GA,ASO,ES,Towers with Radar,1876,186,15,0,2077,0,0,5,0,5,1876,186,20,0,2082,0,0,0,2082
05/28/2017,ATL,GA,ASO,ES,Towers with Radar,1840,182,7,0,2029,0,0,0,2,2,1840,182,7,2,2031,0,0,0,2031
05/29/2017,ATL,GA,ASO,ES,Towers with Radar,2105,229,16,1,2351,0,0,0,0,0,2105,229,16,1,2351,0,0,0,2351
05/30/2017,ATL,GA,ASO,ES,Towers with Radar,2267,284,15,0,2566,0,0,2,0,2,2267,284,17,0,2568,0,0,0,2568
05/31/2017,ATL,GA,ASO,ES,Towers with Radar,2297,305,12,0,2614,0,0,10,0,10,2297,305,22,0,2624,0,0,0,2624
06/01/2017,ATL,GA,ASO,ES,Towers with Radar,2315,290,21,0,2626,0,0,2,0,2,2315,290,23,0,2628,0,0,0,2628
06/02/2017,ATL,GA,ASO,ES,Towers with Radar,2316,295,18,0,2629,0,0,9,0,9,2316,295,27,0,2638,0,0,0,2638
06/03/2017,ATL,GA,ASO,ES,Towers with Radar,1932,197,16,0,2145,0,0,2,0,2,1932,197,18,0,2147,0,0,0,2147
06/04/2017,ATL,GA,ASO,ES,Towers with Radar,2208,266,22,0,2496,0,0,0,0,0,2208,266,22,0,2496,0,0,0,2496
06/05/2017,ATL,GA,ASO,ES,Towers with Radar,2311,280,13,0,2604,0,0,2,0,2,2311,280,15,0,2606,0,0,0,2606
06/06/2017,ATL,GA,ASO,ES,Towers with Radar,2258,299,20,0,2577,0,2,8,0,10,2258,301,28,0,2587,0,0,0,2587
06/07/2017,ATL,GA,ASO,ES,Towers with Radar,2306,282,18,0,2606,0,0,14,0,14,2306,282,32,0,2620,0,0,0,2620
06/08/2017,ATL,GA,ASO,ES,Towers with Radar,2350,300,18,0,2668,0,1,10,1,12,2350,301,28,1,2680,0,0,0,2680
06/09/2017,ATL,GA,ASO,ES,Towers with Radar,2335,300,12,0,2647,0,0,7,0,7,2335,300,19,0,2654,0,0,0,2654
06/10/2017,ATL,GA,ASO,ES,Towers with Radar,1968,197,17,0,2182,0,0,6,1,7,1968,197,23,1,2189,0,0,0,2189
06/11/2017,ATL,GA,ASO,ES,Towers with Radar,2237,267,13,0,2517,0,0,0,1,1,2237,267,13,1,2518,0,0,0,2518
06/12/2017,ATL,GA,ASO,ES,Towers with Radar,2357,303,12,0,2672,0,0,4,0,4,2357,303,16,0,2676,0,0,0,2676
06/13/2017,ATL,GA,ASO,ES,Towers with Radar,2331,286,17,0,2634,0,0,10,0,10,2331,286,27,0,2644,0,0,0,2644
06/14/2017,ATL,GA,ASO,ES,Towers with Radar,2316,283,11,0,2610,0,0,1,0,1,2316,283,12,0,2611,0,0,0,2611
06/15/2017,ATL,GA,ASO,ES,Towers with Radar,2253,281,21,0,2555,0,0,2,0,2,2253,281,23,0,2557,0,0,0,2557
06/16/2017,ATL,GA,ASO,ES,Towers with Radar,2479,294,25,0,2798,0,0,7,0,7,2479,294,32,0,2805,0,0,0,2805
06/17/2017,ATL,GA,ASO,ES,Towers with Radar,2037,227,13,0,2277,0,0,4,0,4,2037,227,17,0,2281,0,0,0,2281
06/18/2017,ATL,GA,ASO,ES,Towers with Radar,2231,252,11,0,2494,0,0,2,0,2,2231,252,13,0,2496,0,0,0,2496
06/19/2017,ATL,GA,ASO,ES,Towers with Radar,2289,292,19,0,2600,0,0,0,0,0,2289,292,19,0,2600,0,0,0,2600
06/20/2017,ATL,GA,ASO,ES,Towers with Radar,2375,285,24,0,2684,0,0,0,0,0,2375,285,24,0,2684,0,0,0,2684
06/21/2017,ATL,GA,ASO,ES,Towers with Radar,2356,291,18,0,2665,0,0,2,0,2,2356,291,20,0,2667,0,0,0,2667
06/22/2017,ATL,GA,ASO,ES,Towers with Radar,2383,288,22,0,2693,0,0,2,0,2,2383,288,24,0,2695,0,0,0,2695
06/23/2017,ATL,GA,ASO,ES,Towers with Radar,2360,285,13,0,2658,0,0,7,0,7,2360,285,20,0,2665,0,0,0,2665
06/24/2017,ATL,GA,ASO,ES,Towers with Radar,2068,223,5,1,2297,0,0,4,0,4,2068,223,9,1,2301,0,0,0,2301
06/25/2017,ATL,GA,ASO,ES,Towers with Radar,2251,262,7,0,2520,0,1,0,1,2,2251,263,7,1,2522,0,0,0,2522
06/26/2017,ATL,GA,ASO,ES,Towers with Radar,2372,289,11,0,2672,0,1,4,0,5,2372,290,15,0,2677,0,0,0,2677
06/27/2017,ATL,GA,ASO,ES,Towers with Radar,2328,278,19,1,2626,0,0,6,1,7,2328,278,25,2,2633,0,0,0,2633
06/28/2017,ATL,GA,ASO,ES,Towers with Radar,2376,283,24,0,2683,0,0,10,0,10,2376,283,34,0,2693,0,0,0,2693
06/29/2017,ATL,GA,ASO,ES,Towers with Radar,2383,293,20,0,2696,0,2,6,0,8,2383,295,26,0,2704,0,0,0,2704
06/30/2017,ATL,GA,ASO,ES,Towers with Radar,2398,292,33,1,2724,0,0,0,0,0,2398,292,33,1,2724,0,0,0,2724
07/01/2017,ATL,GA,ASO,ES,Towers with Radar,2041,207,14,3,2265,0,1,3,0,4,2041,208,17,3,2269,0,0,0,2269
07/02/2017,ATL,GA,ASO,ES,Towers with Radar,2019,178,14,0,2211,0,0,8,0,8,2019,178,22,0,2219,0,0,0,2219
07/03/2017,ATL,GA,ASO,ES,Towers with Radar,1999,179,4,0,2182,0,0,2,0,2,1999,179,6,0,2184,0,0,0,2184
07/04/2017,ATL,GA,ASO,ES,Towers with Radar,1959,177,12,0,2148,0,2,8,0,10,1959,179,20,0,2158,0,0,0,2158
07/05/2017,ATL,GA,ASO,ES,Towers with Radar,2236,250,25,0,2511,0,0,9,0,9,2236,250,34,0,2520,0,0,0,2520
07/06/2017,ATL,GA,ASO,ES,Towers with Radar,2281,256,9,1,2547,0,0,6,0,6,2281,256,15,1,2553,0,0,0,2553
07/07/2017,ATL,GA,ASO,ES,Towers with Radar,2254,245,11,0,2510,0,0,6,0,6,2254,245,17,0,2516,0,0,0,2516
07/08/2017,ATL,GA,ASO,ES,Towers with Radar,2067,199,10,0,2276,0,0,2,0,2,2067,199,12,0,2278,0,0,0,2278
07/09/2017,ATL,GA,ASO,ES,Towers with Radar,2301,227,9,0,2537,0,0,6,0,6,2301,227,15,0,2543,0,0,0,2543
07/10/2017,ATL,GA,ASO,ES,Towers with Radar,2387,259,17,1,2664,0,0,2,0,2,2387,259,19,1,2666,0,0,0,2666
07/11/2017,ATL,GA,ASO,ES,Towers with Radar,2388,251,19,3,2661,0,0,9,0,9,2388,251,28,3,2670,0,0,0,2670
07/12/2017,ATL,GA,ASO,ES,Towers with Radar,2430,261,21,1,2713,0,0,7,0,7,2430,261,28,1,2720,0,0,0,2720
07/13/2017,ATL,GA,ASO,ES,Towers with Radar,2416,258,18,0,2692,0,1,17,0,18,2416,259,35,0,2710,0,0,0,2710
07/14/2017,ATL,GA,ASO,ES,Towers with Radar,2388,252,9,0,2649,0,0,6,0,6,2388,252,15,0,2655,0,0,0,2655
07/15/2017,ATL,GA,ASO,ES,Towers with Radar,2124,190,15,0,2329,0,0,1,0,1,2124,190,16,0,2330,0,0,0,2330
07/16/2017,ATL,GA,ASO,ES,Towers with Radar,2301,230,7,0,2538,0,0,0,0,0,2301,230,7,0,2538,0,0,0,2538
07/17/2017,ATL,GA,ASO,ES,Towers with Radar,2354,243,15,0,2612,0,0,4,0,4,2354,243,19,0,2616,0,0,0,2616
07/18/2017,ATL,GA,ASO,ES,Towers with Radar,2477,252,7,0,2736,0,0,6,0,6,2477,252,13,0,2742,0,0,0,2742
07/19/2017,ATL,GA,ASO,ES,Towers with Radar,2407,265,27,0,2699,0,0,17,2,19,2407,265,44,2,2718,0,0,0,2718
07/20/2017,ATL,GA,ASO,ES,Towers with Radar,2427,260,22,0,2709,0,2,5,0,7,2427,262,27,0,2716,0,0,0,2716
07/21/2017,ATL,GA,ASO,ES,Towers with Radar,2422,258,13,0,2693,0,0,15,0,15,2422,258,28,0,2708,0,0,0,2708
07/22/2017,ATL,GA,ASO,ES,Towers with Radar,2086,190,13,0,2289,0,0,2,0,2,2086,190,15,0,2291,0,0,0,2291
07/23/2017,ATL,GA,ASO,ES,Towers with Radar,2249,225,12,0,2486,0,0,6,0,6,2249,225,18,0,2492,0,0,0,2492
07/24/2017,ATL,GA,ASO,ES,Towers with Radar,2432,262,22,0,2716,0,0,2,0,2,2432,262,24,0,2718,0,0,0,2718
07/25/2017,ATL,GA,ASO,ES,Towers with Radar,2442,247,15,2,2706,0,0,2,0,2,2442,247,17,2,2708,0,0,0,2708
07/26/2017,ATL,GA,ASO,ES,Towers with Radar,2420,265,21,0,2706,0,0,6,0,6,2420,265,27,0,2712,0,0,0,2712
07/27/2017,ATL,GA,ASO,ES,Towers with Radar,2415,249,26,0,2690,0,0,9,0,9,2415,249,35,0,2699,0,0,0,2699
07/28/2017,ATL,GA,ASO,ES,Towers with Radar,2411,259,11,0,2681,0,0,6,0,6,2411,259,17,0,2687,0,0,0,2687
07/29/2017,ATL,GA,ASO,ES,Towers with Radar,2080,201,8,0,2289,0,0,7,0,7,2080,201,15,0,2296,0,0,0,2296
07/30/2017,ATL,GA,ASO,ES,Towers with Radar,2285,233,12,1,2531,0,1,1,1,3,2285,234,13,2,2534,0,0,0,2534
07/31/2017,ATL,GA,ASO,ES,Towers with Radar,2409,256,6,0,2671,0,0,6,0,6,2409,256,12,0,2677,0,0,0,2677
08/01/2017,ATL,GA,ASO,ES,Towers with Radar,2387,261,15,1,2664,0,0,13,0,13,2387,261,28,1,2677,0,0,0,2677
08/02/2017,ATL,GA,ASO,ES,Towers with Radar,2322,266,14,0,2602,0,0,13,0,13,2322,266,27,0,2615,0,0,0,2615
08/03/2017,ATL,GA,ASO,ES,Towers with Radar,2415,268,5,0,2688,0,0,12,0,12,2415,268,17,0,2700,0,0,0,2700
08/04/2017,ATL,GA,ASO,ES,Towers with Radar,2391,255,13,0,2659,0,0,7,0,7,2391,255,20,0,2666,0,0,0,2666
08/05/2017,ATL,GA,ASO,ES,Towers with Radar,2085,193,4,0,2282,0,2,6,0,8,2085,195,10,0,2290,0,0,0,2290
08/06/2017,ATL,GA,ASO,ES,Towers with Radar,2263,238,9,0,2510,0,0,0,0,0,2263,238,9,0,2510,0,0,0,2510
08/07/2017,ATL,GA,ASO,ES,Towers with Radar,2413,257,9,0,2679,0,0,6,0,6,2413,257,15,0,2685,0,0,0,2685
08/08/2017,ATL,GA,ASO,ES,Towers with Radar,2408,269,11,0,2688,0,0,2,0,2,2408,269,13,0,2690,0,0,0,2690
08/09/2017,ATL,GA,ASO,ES,Towers with Radar,2389,271,18,0,2678,0,0,4,0,4,2389,271,22,0,2682,0,0,0,2682
08/10/2017,ATL,GA,ASO,ES,Towers with Radar,2391,269,19,0,2679,0,0,2,0,2,2391,269,21,0,2681,0,0,0,2681
08/11/2017,ATL,GA,ASO,ES,Towers with Radar,2437,267,11,0,2715,0,0,7,0,7,2437,267,18,0,2722,0,0,0,2722
08/12/2017,ATL,GA,ASO,ES,Towers with Radar,2067,195,11,0,2273,0,0,4,0,4,2067,195,15,0,2277,0,0,0,2277
08/13/2017,ATL,GA,ASO,ES,Towers with Radar,2279,234,9,0,2522,0,0,0,0,0,2279,234,9,0,2522,0,0,0,2522
08/14/2017,ATL,GA,ASO,ES,Towers with Radar,2390,257,11,0,2658,0,0,8,0,8,2390,257,19,0,2666,0,0,0,2666
08/15/2017,ATL,GA,ASO,ES,Towers with Radar,2281,239,14,0,2534,0,0,0,0,0,2281,239,14,0,2534,0,0,0,2534
08/16/2017,ATL,GA,ASO,ES,Towers with Radar,2282,251,17,0,2550,0,0,10,0,10,2282,251,27,0,2560,0,0,0,2560
08/17/2017,ATL,GA,ASO,ES,Towers with Radar,2366,257,15,0,2638,0,0,8,0,8,2366,257,23,0,2646,0,0,0,2646
08/18/2017,ATL,GA,ASO,ES,Towers with Radar,2309,251,11,0,2571,0,0,7,0,7,2309,251,18,0,2578,0,0,0,2578
08/19/2017,ATL,GA,ASO,ES,Towers with Radar,1982,167,7,0,2156,0,1,4,0,5,1982,168,11,0,2161,0,0,0,2161
08/20/2017,ATL,GA,ASO,ES,Towers with Radar,2203,223,14,0,2440,0,0,2,0,2,2203,223,16,0,2442,0,0,0,2442
08/21/2017,ATL,GA,ASO,ES,Towers with Radar,2302,244,28,0,2574,0,1,3,0,4,2302,245,31,0,2578,0,0,0,2578
08/22/2017,ATL,GA,ASO,ES,Towers with Radar,2258,240,12,0,2510,0,2,10,0,12,2258,242,22,0,2522,0,0,0,2522
08/23/2017,ATL,GA,ASO,ES,Towers with Radar,2303,247,28,0,2578,0,0,12,0,12,2303,247,40,0,2590,0,0,0,2590
08/24/2017,ATL,GA,ASO,ES,Towers with Radar,2365,254,43,0,2662,0,0,8,0,8,2365,254,51,0,2670,0,0,0,2670
08/25/2017,ATL,GA,ASO,ES,Towers with Radar,2338,255,11,0,2604,0,0,2,0,2,2338,255,13,0,2606,0,0,0,2606
08/26/2017,ATL,GA,ASO,ES,Towers with Radar,1753,178,10,0,1941,0,0,2,0,2,1753,178,12,0,1943,0,0,0,1943
08/27/2017,ATL,GA,ASO,ES,Towers with Radar,2080,214,10,0,2304,0,0,0,0,0,2080,214,10,0,2304,0,0,0,2304
08/28/2017,ATL,GA,ASO,ES,Towers with Radar,2182,250,15,0,2447,0,0,6,0,6,2182,250,21,0,2453,0,0,0,2453
08/29/2017,ATL,GA,ASO,ES,Towers with Radar,2153,251,26,0,2430,0,0,6,0,6,2153,251,32,0,2436,0,0,0,2436
08/30/2017,ATL,GA,ASO,ES,Towers with Radar,2170,243,9,2,2424,0,0,0,0,0,2170,243,9,2,2424,0,0,0,2424
08/31/2017,ATL,GA,ASO,ES,Towers with Radar,2273,263,16,0,2552,0,0,0,0,0,2273,263,16,0,2552,0,0,0,2552
09/01/2017,ATL,GA,ASO,ES,Towers with Radar,2273,262,22,0,2557,0,0,2,0,2,2273,262,24,0,2559,0,0,0,2559
09/02/2017,ATL,GA,ASO,ES,Towers with Radar,1692,144,7,0,1843,0,0,9,0,9,1692,144,16,0,1852,0,0,0,1852
09/03/2017,ATL,GA,ASO,ES,Towers with Radar,1713,150,12,1,1876,0,0,3,0,3,1713,150,15,1,1879,0,0,0,1879
09/04/2017,ATL,GA,ASO,ES,Towers with Radar,2099,215,13,0,2327,0,0,10,0,10,2099,215,23,0,2337,0,0,0,2337
09/05/2017,ATL,GA,ASO,ES,Towers with Radar,2120,225,12,2,2359,0,0,2,0,2,2120,225,14,2,2361,0,0,0,2361
09/06/2017,ATL,GA,ASO,ES,Towers with Radar,2119,242,28,0,2389,0,1,1,0,2,2119,243,29,0,2391,0,0,0,2391
09/07/2017,ATL,GA,ASO,ES,Towers with Radar,2118,256,48,0,2422,0,5,5,0,10,2118,261,53,0,2432,0,0,0,2432
09/08/2017,ATL,GA,ASO,ES,Towers with Radar,2124,268,39,0,2431,0,1,19,0,20,2124,269,58,0,2451,0,0,0,2451
09/09/2017,ATL,GA,ASO,ES,Towers with Radar,1531,158,9,0,1698,0,3,1,0,4,1531,161,10,0,1702,0,0,0,1702
09/10/2017,ATL,GA,ASO,ES,Towers with Radar,1866,214,10,0,2090,0,1,0,0,1,1866,215,10,0,2091,0,0,0,2091
09/11/2017,ATL,GA,ASO,ES,Towers with Radar,1190,24,0,0,1214,0,0,0,0,0,1190,24,0,0,1214,0,0,0,1214
09/12/2017,ATL,GA,ASO,ES,Towers with Radar,2061,246,10,2,2319,0,0,0,0,0,2061,246,10,2,2319,0,0,0,2319
09/13/2017,ATL,GA,ASO,ES,Towers with Radar,2181,270,28,0,2479,0,1,6,0,7,2181,271,34,0,2486,0,0,0,2486
09/14/2017,ATL,GA,ASO,ES,Towers with Radar,2252,271,23,0,2546,0,1,2,0,3,2252,272,25,0,2549,0,0,0,2549
09/15/2017,ATL,GA,ASO,ES,Towers with Radar,2308,267,14,0,2589,0,1,3,0,4,2308,268,17,0,2593,0,0,0,2593
09/16/2017,ATL,GA,ASO,ES,Towers with Radar,1732,169,9,0,1910,0,0,6,0,6,1732,169,15,0,1916,0,0,0,1916
09/17/2017,ATL,GA,ASO,ES,Towers with Radar,2133,220,8,0,2361,0,1,2,0,3,2133,221,10,0,2364,0,0,0,2364
09/18/2017,ATL,GA,ASO,ES,Towers with Radar,2285,249,20,0,2554,0,2,6,0,8,2285,251,26,0,2562,0,0,0,2562
09/19/2017,ATL,GA,ASO,ES,Towers with Radar,2187,249,23,0,2459,0,1,4,0,5,2187,250,27,0,2464,0,0,0,2464
09/20/2017,ATL,GA,ASO,ES,Towers with Radar,2205,243,24,0,2472,0,0,10,0,10,2205,243,34,0,2482,0,0,0,2482
09/21/2017,ATL,GA,ASO,ES,Towers with Radar,2281,254,12,0,2547,0,1,7,0,8,2281,255,19,0,2555,0,0,0,2555
09/22/2017,ATL,GA,ASO,ES,Towers with Radar,2273,249,18,2,2542,0,0,5,0,5,2273,249,23,2,2547,0,0,0,2547
09/23/2017,ATL,GA,ASO,ES,Towers with Radar,1740,173,8,0,1921,0,0,2,0,2,1740,173,10,0,1923,0,0,0,1923
09/24/2017,ATL,GA,ASO,ES,Towers with Radar,2138,222,17,3,2380,0,0,0,0,0,2138,222,17,3,2380,0,0,0,2380
09/25/2017,ATL,GA,ASO,ES,Towers with Radar,2275,253,22,0,2550,0,0,9,0,9,2275,253,31,0,2559,0,0,0,2559
09/26/2017,ATL,GA,ASO,ES,Towers with Radar,2200,249,13,1,2463,0,2,3,0,5,2200,251,16,1,2468,0,0,0,2468
09/27/2017,ATL,GA,ASO,ES,Towers with Radar,2203,251,25,0,2479,0,0,7,2,9,2203,251,32,2,2488,0,0,0,2488
09/28/2017,ATL,GA,ASO,ES,Towers with Radar,2326,253,22,0,2601,0,0,14,0,14,2326,253,36,0,2615,0,0,0,2615
09/29/2017,ATL,GA,ASO,ES,Towers with Radar,2297,259,12,2,2570,0,1,4,0,5,2297,260,16,2,2575,0,0,0,2575
09/30/2017,ATL,GA,ASO,ES,Towers with Radar,1736,161,8,2,1907,0,1,0,0,1,1736,162,8,2,1908,0,0,0,1908
10/01/2017,ATL,GA,ASO,ES,Towers with Radar,2179,210,15,2,2406,0,2,0,0,2,2179,212,15,2,2408,0,0,0,2408
10/02/2017,ATL,GA,ASO,ES,Towers with Radar,2296,249,24,0,2569,0,1,3,0,4,2296,250,27,0,2573,0,0,0,2573
10/03/2017,ATL,GA,ASO,ES,Towers with Radar,2207,245,19,0,2471,0,0,7,0,7,2207,245,26,0,2478,0,0,0,2478
10/04/2017,ATL,GA,ASO,ES,Towers with Radar,2239,250,24,0,2513,0,0,6,0,6,2239,250,30,0,2519,0,0,0,2519
10/05/2017,ATL,GA,ASO,ES,Towers with Radar,2316,251,15,0,2582,0,0,5,0,5,2316,251,20,0,2587,0,0,0,2587
10/06/2017,ATL,GA,ASO,ES,Towers with Radar,2321,243,19,1,2584,0,0,5,0,5,2321,243,24,1,2589,0,0,0,2589
10/07/2017,ATL,GA,ASO,ES,Towers with Radar,1727,158,9,1,1895,0,1,2,1,4,1727,159,11,2,1899,0,0,0,1899
10/08/2017,ATL,GA,ASO,ES,Towers with Radar,2100,209,9,0,2318,0,0,0,0,0,2100,209,9,0,2318,0,0,0,2318
10/09/2017,ATL,GA,ASO,ES,Towers with Radar,2281,250,18,0,2549,0,0,0,0,0,2281,250,18,0,2549,0,0,0,2549
10/10/2017,ATL,GA,ASO,ES,Towers with Radar,2225,250,14,0,2489,0,0,0,0,0,2225,250,14,0,2489,0,0,0,2489
10/11/2017,ATL,GA,ASO,ES,Towers with Radar,2220,246,20,0,2486,0,0,6,0,6,2220,246,26,0,2492,0,0,0,2492
10/12/2017,ATL,GA,ASO,ES,Towers with Radar,2306,259,33,0,2598,0,1,8,0,9,2306,260,41,0,2607,0,0,0,2607
10/13/2017,ATL,GA,ASO,ES,Towers with Radar,2325,263,21,1,2610,0,0,3,0,3,2325,263,24,1,2613,0,0,0,2613
10/14/2017,ATL,GA,ASO,ES,Towers with Radar,1741,169,12,0,1922,1,2,2,0,5,1742,171,14,0,1927,0,0,0,1927
10/15/2017,ATL,GA,ASO,ES,Towers with Radar,2163,215,21,0,2399,0,1,6,0,7,2163,216,27,0,2406,0,0,0,2406
10/16/2017,ATL,GA,ASO,ES,Towers with Radar,2309,245,23,0,2577,0,0,0,0,0,2309,245,23,0,2577,0,0,0,2577
10/17/2017,ATL,GA,ASO,ES,Towers with Radar,2227,242,28,0,2497,0,1,6,0,7,2227,243,34,0,2504,0,0,0,2504
10/18/2017,ATL,GA,ASO,ES,Towers with Radar,2227,247,14,0,2488,0,0,7,0,7,2227,247,21,0,2495,0,0,0,2495
10/19/2017,ATL,GA,ASO,ES,Towers with Radar,2315,246,26,1,2588,1,0,4,0,5,2316,246,30,1,2593,0,0,0,2593
10/20/2017,ATL,GA,ASO,ES,Towers with Radar,2303,255,19,0,2577,0,0,8,0,8,2303,255,27,0,2585,0,0,0,2585
10/21/2017,ATL,GA,ASO,ES,Towers with Radar,1728,160,21,0,1909,1,3,4,0,8,1729,163,25,0,1917,0,0,0,1917
10/22/2017,ATL,GA,ASO,ES,Towers with Radar,2152,213,25,0,2390,0,0,2,0,2,2152,213,27,0,2392,0,0,0,2392
10/23/2017,ATL,GA,ASO,ES,Towers with Radar,2290,262,15,0,2567,0,0,0,0,0,2290,262,15,0,2567,0,0,0,2567
10/24/2017,ATL,GA,ASO,ES,Towers with Radar,2100,234,15,4,2353,0,0,13,0,13,2100,234,28,4,2366,0,0,0,2366
10/25/2017,ATL,GA,ASO,ES,Towers with Radar,2137,223,12,0,2372,0,0,6,0,6,2137,223,18,0,2378,0,0,0,2378
10/26/2017,ATL,GA,ASO,ES,Towers with Radar,2322,244,18,0,2584,0,0,8,0,8,2322,244,26,0,2592,0,0,0,2592
10/27/2017,ATL,GA,ASO,ES,Towers with Radar,2295,252,13,0,2560,0,0,15,0,15,2295,252,28,0,2575,0,0,0,2575
10/28/2017,ATL,GA,ASO,ES,Towers with Radar,1720,169,11,0,1900,0,0,0,0,0,1720,169,11,0,1900,0,0,0,1900
10/29/2017,ATL,GA,ASO,ES,Towers with Radar,2009,191,10,0,2210,0,0,0,0,0,2009,191,10,0,2210,0,0,0,2210
10/30/2017,ATL,GA,ASO,ES,Towers with Radar,2091,222,21,0,2334,0,0,10,0,10,2091,222,31,0,2344,0,0,0,2344
10/31/2017,ATL,GA,ASO,ES,Towers with Radar,2031,222,6,0,2259,0,0,12,0,12,2031,222,18,0,2271,0,0,0,2271
11/01/2017,ATL,GA,ASO,ES,Towers with Radar,2120,222,7,0,2349,0,0,12,0,12,2120,222,19,0,2361,0,0,0,2361
11/02/2017,ATL,GA,ASO,ES,Towers with Radar,2182,223,18,0,2423,0,0,7,0,7,2182,223,25,0,2430,0,0,0,2430
11/03/2017,ATL,GA,ASO,ES,Towers with Radar,2160,225,15,2,2402,0,1,8,0,9,2160,226,23,2,2411,0,0,0,2411
11/04/2017,ATL,GA,ASO,ES,Towers with Radar,1737,153,9,0,1899,0,1,2,0,3,1737,154,11,0,1902,0,0,0,1902
11/05/2017,ATL,GA,ASO,ES,Towers with Radar,2058,186,16,0,2260,0,1,4,0,5,2058,187,20,0,2265,0,0,0,2265
11/06/2017,ATL,GA,ASO,ES,Towers with Radar,2182,221,21,0,2424,0,0,8,0,8,2182,221,29,0,2432,0,0,0,2432
11/07/2017,ATL,GA,ASO,ES,Towers with Radar,2133,204,13,2,2352,0,0,4,1,5,2133,204,17,3,2357,0,0,0,2357
11/08/2017,ATL,GA,ASO,ES,Towers with Radar,2241,236,11,0,2488,0,0,2,0,2,2241,236,13,0,2490,0,0,0,2490
11/09/2017,ATL,GA,ASO,ES,Towers with Radar,2327,232,23,3,2585,0,0,0,0,0,2327,232,23,3,2585,0,0,0,2585
11/10/2017,ATL,GA,ASO,ES,Towers with Radar,2315,239,8,3,2565,0,0,10,1,11,2315,239,18,4,2576,0,0,0,2576
11/11/2017,ATL,GA,ASO,ES,Towers with Radar,1740,149,8,3,1900,0,0,4,0,4,1740,149,12,3,1904,0,0,0,1904
11/12/2017,ATL,GA,ASO,ES,Towers with Radar,2157,206,7,0,2370,0,0,0,0,0,2157,206,7,0,2370,0,0,0,2370
11/13/2017,ATL,GA,ASO,ES,Towers with Radar,2308,236,26,0,2570,0,0,2,0,2,2308,236,28,0,2572,0,0,0,2572
11/14/2017,ATL,GA,ASO,ES,Towers with Radar,2231,230,13,0,2474,0,0,12,0,12,2231,230,25,0,2486,0,0,0,2486
11/15/2017,ATL,GA,ASO,ES,Towers with Radar,2244,235,15,0,2494,0,0,8,0,8,2244,235,23,0,2502,0,0,0,2502
11/16/2017,ATL,GA,ASO,ES,Towers with Radar,2320,233,23,0,2576,0,0,2,0,2,2320,233,25,0,2578,0,0,0,2578
11/17/2017,ATL,GA,ASO,ES,Towers with Radar,2334,236,16,3,2589,0,0,4,0,4,2334,236,20,3,2593,0,0,0,2593
11/18/2017,ATL,GA,ASO,ES,Towers with Radar,1815,148,7,0,1970,0,0,1,0,1,1815,148,8,0,1971,0,0,0,1971
11/19/2017,ATL,GA,ASO,ES,Towers with Radar,2060,167,9,0,2236,0,0,3,0,3,2060,167,12,0,2239,0,0,0,2239
11/20/2017,ATL,GA,ASO,ES,Towers with Radar,2089,190,13,0,2292,0,0,4,0,4,2089,190,17,0,2296,0,0,0,2296
11/21/2017,ATL,GA,ASO,ES,Towers with Radar,2134,213,12,0,2359,0,0,9,0,9,2134,213,21,0,2368,0,0,0,2368
11/22/2017,ATL,GA,ASO,ES,Towers with Radar,2227,231,10,2,2470,0,0,0,0,0,2227,231,10,2,2470,0,0,0,2470
11/23/2017,ATL,GA,ASO,ES,Towers with Radar,1355,105,1,0,1461,0,0,0,0,0,1355,105,1,0,1461,0,0,0,1461
11/24/2017,ATL,GA,ASO,ES,Towers with Radar,1689,155,3,0,1847,0,0,4,0,4,1689,155,7,0,1851,0,0,0,1851
11/25/2017,ATL,GA,ASO,ES,Towers with Radar,2191,219,11,0,2421,0,0,2,0,2,2191,219,13,0,2423,0,0,0,2423
11/26/2017,ATL,GA,ASO,ES,Towers with Radar,2419,221,19,0,2659,0,1,0,0,1,2419,222,19,0,2660,0,0,0,2660
11/27/2017,ATL,GA,ASO,ES,Towers with Radar,2362,229,13,0,2604,0,1,3,0,4,2362,230,16,0,2608,0,0,0,2608
11/28/2017,ATL,GA,ASO,ES,Towers with Radar,2161,230,15,0,2406,0,0,12,0,12,2161,230,27,0,2418,0,0,0,2418
11/29/2017,ATL,GA,ASO,ES,Towers with Radar,2199,248,26,3,2476,0,0,0,0,0,2199,248,26,3,2476,0,0,0,2476
11/30/2017,ATL,GA,ASO,ES,Towers with Radar,2258,245,15,2,2520,0,0,2,0,2,2258,245,17,2,2522,0,0,0,2522
12/01/2017,ATL,GA,ASO,ES,Towers with Radar,2276,244,21,2,2543,0,0,4,0,4,2276,244,25,2,2547,0,0,0,2547
12/02/2017,ATL,GA,ASO,ES,Towers with Radar,1629,161,16,0,1806,0,0,4,0,4,1629,161,20,0,1810,0,0,0,1810
12/03/2017,ATL,GA,ASO,ES,Towers with Radar,2039,210,20,0,2269,0,0,0,0,0,2039,210,20,0,2269,0,0,0,2269
12/04/2017,ATL,GA,ASO,ES,Towers with Radar,2233,234,14,0,2481,0,0,4,0,4,2233,234,18,0,2485,0,0,0,2485
12/05/2017,ATL,GA,ASO,ES,Towers with Radar,2180,228,13,1,2422,0,0,2,0,2,2180,228,15,1,2424,0,0,0,2424
12/06/2017,ATL,GA,ASO,ES,Towers with Radar,2217,244,19,0,2480,0,0,2,1,3,2217,244,21,1,2483,0,0,0,2483
12/07/2017,ATL,GA,ASO,ES,Towers with Radar,2261,250,30,0,2541,0,0,26,0,26,2261,250,56,0,2567,0,0,0,2567
12/08/2017,ATL,GA,ASO,ES,Towers with Radar,1104,89,18,0,1211,0,0,4,0,4,1104,89,22,0,1215,0,0,0,1215
12/09/2017,ATL,GA,ASO,ES,Towers with Radar,1295,137,29,2,1463,0,0,0,0,0,1295,137,29,2,1463,0,0,0,1463
12/10/2017,ATL,GA,ASO,ES,Towers with Radar,2069,205,15,0,2289,0,0,0,0,0,2069,205,15,0,2289,0,0,0,2289
12/11/2017,ATL,GA,ASO,ES,Towers with Radar,2240,260,26,0,2526,0,0,6,2,8,2240,260,32,2,2534,0,0,0,2534
12/12/2017,ATL,GA,ASO,ES,Towers with Radar,2184,240,20,0,2444,0,0,4,0,4,2184,240,24,0,2448,0,0,0,2448
12/13/2017,ATL,GA,ASO,ES,Towers with Radar,2200,247,13,6,2466,0,0,6,0,6,2200,247,19,6,2472,0,0,0,2472
12/14/2017,ATL,GA,ASO,ES,Towers with Radar,2269,249,17,8,2543,0,0,6,0,6,2269,249,23,8,2549,0,0,0,2549
12/15/2017,ATL,GA,ASO,ES,Towers with Radar,2226,246,8,0,2480,0,0,8,0,8,2226,246,16,0,2488,0,0,0,2488
12/16/2017,ATL,GA,ASO,ES,Towers with Radar,1657,153,10,0,1820,0,0,5,0,5,1657,153,15,0,1825,0,0,0,1825
12/17/2017,ATL,GA,ASO,ES,Towers with Radar,814,95,4,0,913,0,0,0,0,0,814,95,4,0,913,0,0,0,913
12/18/2017,ATL,GA,ASO,ES,Towers with Radar,1908,224,34,1,2167,0,0,9,0,9,1908,224,43,1,2176,0,0,0,2176
12/19/2017,ATL,GA,ASO,ES,Towers with Radar,2218,246,25,1,2490,0,0,6,0,6,2218,246,31,1,2496,0,0,0,2496
12/20/2017,ATL,GA,ASO,ES,Towers with Radar,2237,259,4,1,2501,0,0,0,0,0,2237,259,4,1,2501,0,0,0,2501
12/21/2017,ATL,GA,ASO,ES,Towers with Radar,2279,268,4,0,2551,0,0,0,0,0,2279,268,4,0,2551,0,0,0,2551
12/22/2017,ATL,GA,ASO,ES,Towers with Radar,2293,279,11,0,2583,0,0,0,0,0,2293,279,11,0,2583,0,0,0,2583
12/23/2017,ATL,GA,ASO,ES,Towers with Radar,2150,273,9,0,2432,0,0,0,0,0,2150,273,9,0,2432,0,0,0,2432
12/24/2017,ATL,GA,ASO,ES,Towers with Radar,1669,142,6,0,1817,0,0,0,0,0,1669,142,6,0,1817,0,0,0,1817
12/25/2017,ATL,GA,ASO,ES,Towers with Radar,1581,147,0,0,1728,0,0,0,0,0,1581,147,0,0,1728,0,0,0,1728
12/26/2017,ATL,GA,ASO,ES,Towers with Radar,2214,274,0,0,2488,0,0,4,0,4,2214,274,4,0,2492,0,0,0,2492
12/27/2017,ATL,GA,ASO,ES,Towers with Radar,2256,265,11,0,2532,0,0,4,0,4,2256,265,15,0,2536,0,0,0,2536
12/28/2017,ATL,GA,ASO,ES,Towers with Radar,2243,271,9,0,2523,0,0,10,0,10,2243,271,19,0,2533,0,0,0,2533
12/29/2017,ATL,GA,ASO,ES,Towers with Radar,2221,262,5,0,2488,0,0,12,0,12,2221,262,17,0,2500,0,0,0,2500
12/30/2017,ATL,GA,ASO,ES,Towers with Radar,2161,269,11,0,2441,0,0,6,0,6,2161,269,17,0,2447,0,0,0,2447
12/31/2017,ATL,GA,ASO,ES,Towers with Radar,1705,139,6,0,1850,0,0,5,0,5,1705,139,11,0,1855,0,0,0,1855
01/01/2018,ATL,GA,ASO,ES,Towers with Radar,1709,138,4,0,1851,0,1,5,0,6,1709,139,9,0,1857,0,0,0,1857
01/02/2018,ATL,GA,ASO,ES,Towers with Radar,2191,258,12,2,2463,0,1,4,0,5,2191,259,16,2,2468,0,0,0,2468
01/03/2018,ATL,GA,ASO,ES,Towers with Radar,2055,233,22,0,2310,0,0,10,0,10,2055,233,32,0,2320,0,0,0,2320
01/04/2018,ATL,GA,ASO,ES,Towers with Radar,1894,230,9,0,2133,0,0,6,0,6,1894,230,15,0,2139,0,0,0,2139
01/05/2018,ATL,GA,ASO,ES,Towers with Radar,2020,244,5,0,2269,0,0,20,0,20,2020,244,25,0,2289,0,0,0,2289
01/06/2018,ATL,GA,ASO,ES,Towers with Radar,1672,148,20,0,1840,0,0,6,0,6,1672,148,26,0,1846,0,0,0,1846
01/07/2018,ATL,GA,ASO,ES,Towers with Radar,2024,227,13,0,2264,0,0,9,0,9,2024,227,22,0,2273,0,0,0,2273
01/08/2018,ATL,GA,ASO,ES,Towers with Radar,2145,266,19,0,2430,0,0,5,0,5,2145,266,24,0,2435,0,0,0,2435
01/09/2018,ATL,GA,ASO,ES,Towers with Radar,2114,264,25,0,2403,0,0,2,0,2,2114,264,27,0,2405,0,0,0,2405
01/10/2018,ATL,GA,ASO,ES,Towers with Radar,2110,253,15,0,2378,0,0,9,0,9,2110,253,24,0,2387,0,0,0,2387
01/11/2018,ATL,GA,ASO,ES,Towers with Radar,2161,280,12,0,2453,0,0,0,0,0,2161,280,12,0,2453,0,0,0,2453
01/12/2018,ATL,GA,ASO,ES,Towers with Radar,2141,274,24,0,2439,0,0,0,0,0,2141,274,24,0,2439,0,0,0,2439
01/13/2018,ATL,GA,ASO,ES,Towers with Radar,1672,171,12,0,1855,0,0,2,0,2,1672,171,14,0,1857,0,0,0,1857
01/14/2018,ATL,GA,ASO,ES,Towers with Radar,1756,165,5,0,1926,0,0,4,0,4,1756,165,9,0,1930,0,0,0,1930
01/15/2018,ATL,GA,ASO,ES,Towers with Radar,2143,263,20,0,2426,0,0,5,0,5,2143,263,25,0,2431,0,0,0,2431
01/16/2018,ATL,GA,ASO,ES,Towers with Radar,1858,201,28,0,2087,0,0,8,0,8,1858,201,36,0,2095,0,0,0,2095
01/17/2018,ATL,GA,ASO,ES,Towers with Radar,1377,174,35,0,1586,0,0,8,0,8,1377,174,43,0,1594,0,0,0,1594
01/18/2018,ATL,GA,ASO,ES,Towers with Radar,2116,270,38,0,2424,0,0,6,0,6,2116,270,44,0,2430,0,0,0,2430
01/19/2018,ATL,GA,ASO,ES,Towers with Radar,2222,257,11,0,2490,1,0,4,0,5,2223,257,15,0,2495,0,0,0,2495
01/20/2018,ATL,GA,ASO,ES,Towers with Radar,1649,157,9,0,1815,0,2,6,0,8,1649,159,15,0,1823,0,0,0,1823
01/21/2018,ATL,GA,ASO,ES,Towers with Radar,1990,224,8,1,2223,0,0,4,0,4,1990,224,12,1,2227,0,0,0,2227
01/22/2018,ATL,GA,ASO,ES,Towers with Radar,2193,256,12,0,2461,0,1,2,1,4,2193,257,14,1,2465,0,0,0,2465
01/23/2018,ATL,GA,ASO,ES,Towers with Radar,2111,250,12,1,2374,0,0,7,0,7,2111,250,19,1,2381,0,0,0,2381
01/24/2018,ATL,GA,ASO,ES,Towers with Radar,2133,267,19,0,2419,0,1,3,0,4,2133,268,22,0,2423,0,0,0,2423
01/25/2018,ATL,GA,ASO,ES,Towers with Radar,2212,264,14,0,2490,0,0,9,0,9,2212,264,23,0,2499,0,0,0,2499
01/26/2018,ATL,GA,ASO,ES,Towers with Radar,2205,254,9,0,2468,0,0,7,0,7,2205,254,16,0,2475,0,0,0,2475
01/27/2018,ATL,GA,ASO,ES,Towers with Radar,1646,150,10,0,1806,0,0,2,0,2,1646,150,12,0,1808,0,0,0,1808
01/28/2018,ATL,GA,ASO,ES,Towers with Radar,2010,235,28,0,2273,0,0,0,0,0,2010,235,28,0,2273,0,0,0,2273
01/29/2018,ATL,GA,ASO,ES,Towers with Radar,2196,262,26,0,2484,0,0,2,0,2,2196,262,28,0,2486,0,0,0,2486
01/30/2018,ATL,GA,ASO,ES,Towers with Radar,2104,259,23,0,2386,0,0,6,0,6,2104,259,29,0,2392,0,0,0,2392
01/31/2018,ATL,GA,ASO,ES,Towers with Radar,2136,266,23,1,2426,0,0,7,0,7,2136,266,30,1,2433,0,0,0,2433
02/01/2018,ATL,GA,ASO,ES,Towers with Radar,2204,262,31,1,2498,0,0,6,0,6,2204,262,37,1,2504,0,0,0,2504
02/02/2018,ATL,GA,ASO,ES,Towers with Radar,2210,263,11,0,2484,0,0,0,0,0,2210,263,11,0,2484,0,0,0,2484
02/03/2018,ATL,GA,ASO,ES,Towers with Radar,1596,162,8,0,1766,0,2,2,0,4,1596,164,10,0,1770,0,0,0,1770
02/04/2018,ATL,GA,ASO,ES,Towers with Radar,1705,155,10,1,1871,0,0,0,0,0,1705,155,10,1,1871,0,0,0,1871
02/05/2018,ATL,GA,ASO,ES,Towers with Radar,2207,275,16,1,2499,0,0,4,0,4,2207,275,20,1,2503,0,0,0,2503
02/06/2018,ATL,GA,ASO,ES,Towers with Radar,2092,252,16,2,2362,0,0,8,0,8,2092,252,24,2,2370,0,0,0,2370
02/07/2018,ATL,GA,ASO,ES,Towers with Radar,2087,249,26,0,2362,0,0,0,0,0,2087,249,26,0,2362,0,0,0,2362
02/08/2018,ATL,GA,ASO,ES,Towers with Radar,2222,267,21,0,2510,0,0,9,0,9,2222,267,30,0,2519,0,0,0,2519
02/09/2018,ATL,GA,ASO,ES,Towers with Radar,2175,259,10,0,2444,0,1,10,1,12,2175,260,20,1,2456,0,0,0,2456
02/10/2018,ATL,GA,ASO,ES,Towers with Radar,1666,172,5,0,1843,0,0,0,0,0,1666,172,5,0,1843,0,0,0,1843
02/11/2018,ATL,GA,ASO,ES,Towers with Radar,1981,227,20,0,2228,0,0,0,0,0,1981,227,20,0,2228,0,0,0,2228
02/12/2018,ATL,GA,ASO,ES,Towers with Radar,2210,265,13,0,2488,0,0,2,0,2,2210,265,15,0,2490,0,0,0,2490
02/13/2018,ATL,GA,ASO,ES,Towers with Radar,2084,246,10,0,2340,0,0,6,0,6,2084,246,16,0,2346,0,0,0,2346
02/14/2018,ATL,GA,ASO,ES,Towers with Radar,1974,236,10,0,2220,0,0,0,0,0,1974,236,10,0,2220,0,0,0,2220
02/15/2018,ATL,GA,ASO,ES,Towers with Radar,2206,260,27,0,2493,0,0,0,0,0,2206,260,27,0,2493,0,0,0,2493
02/16/2018,ATL,GA,ASO,ES,Towers with Radar,2241,277,13,0,2531,0,0,4,0,4,2241,277,17,0,2535,0,0,0,2535
02/17/2018,ATL,GA,ASO,ES,Towers with Radar,1661,147,9,0,1817,0,0,0,0,0,1661,147,9,0,1817,0,0,0,1817
02/18/2018,ATL,GA,ASO,ES,Towers with Radar,1785,165,8,0,1958,0,0,0,0,0,1785,165,8,0,1958,0,0,0,1958
02/19/2018,ATL,GA,ASO,ES,Towers with Radar,2234,258,24,0,2516,0,0,1,0,1,2234,258,25,0,2517,0,0,0,2517
02/20/2018,ATL,GA,ASO,ES,Towers with Radar,2152,255,19,0,2426,0,0,6,0,6,2152,255,25,0,2432,0,0,0,2432
02/21/2018,ATL,GA,ASO,ES,Towers with Radar,2185,259,12,0,2456,0,0,15,0,15,2185,259,27,0,2471,0,0,0,2471
02/22/2018,ATL,GA,ASO,ES,Towers with Radar,2252,261,39,0,2552,0,0,47,0,47,2252,261,86,0,2599,0,0,0,2599
02/23/2018,ATL,GA,ASO,ES,Towers with Radar,2261,267,35,0,2563,0,0,16,0,16,2261,267,51,0,2579,0,0,0,2579
02/24/2018,ATL,GA,ASO,ES,Towers with Radar,1764,174,17,0,1955,0,0,9,0,9,1764,174,26,0,1964,0,0,0,1964
02/25/2018,ATL,GA,ASO,ES,Towers with Radar,2111,238,29,0,2378,0,0,0,0,0,2111,238,29,0,2378,0,0,0,2378
02/26/2018,ATL,GA,ASO,ES,Towers with Radar,2240,262,12,0,2514,0,0,4,0,4,2240,262,16,0,2518,0,0,0,2518
02/27/2018,ATL,GA,ASO,ES,Towers with Radar,2183,272,25,0,2480,0,0,11,0,11,2183,272,36,0,2491,0,0,0,2491
02/28/2018,ATL,GA,ASO,ES,Towers with Radar,2201,271,15,0,2487,0,0,0,0,0,2201,271,15,0,2487,0,0,0,2487
03/01/2018,ATL,GA,ASO,ES,Towers with Radar,2236,257,3,0,2496,0,0,2,0,2,2236,257,5,0,2498,0,0,0,2498
03/02/2018,ATL,GA,ASO,ES,Towers with Radar,2143,259,19,0,2421,0,0,9,0,9,2143,259,28,0,2430,0,0,0,2430
03/03/2018,ATL,GA,ASO,ES,Towers with Radar,1821,162,9,0,1992,0,1,2,1,4,1821,163,11,1,1996,0,0,0,1996
03/04/2018,ATL,GA,ASO,ES,Towers with Radar,2125,230,13,0,2368,0,0,1,0,1,2125,230,14,0,2369,0,0,0,2369
03/05/2018,ATL,GA,ASO,ES,Towers with Radar,2316,258,5,0,2579,0,0,2,0,2,2316,258,7,0,2581,0,0,0,2581
03/06/2018,ATL,GA,ASO,ES,Towers with Radar,2249,256,15,0,2520,0,0,5,1,6,2249,256,20,1,2526,0,0,0,2526
03/07/2018,ATL,GA,ASO,ES,Towers with Radar,2213,281,19,0,2513,0,0,0,0,0,2213,281,19,0,2513,0,0,0,2513
03/08/2018,ATL,GA,ASO,ES,Towers with Radar,2342,255,24,1,2622,0,2,8,1,11,2342,257,32,2,2633,0,0,0,2633
03/09/2018,ATL,GA,ASO,ES,Towers with Radar,2318,261,27,1,2607,0,0,10,0,10,2318,261,37,1,2617,0,0,0,2617
03/10/2018,ATL,GA,ASO,ES,Towers with Radar,1959,184,9,0,2152,0,0,2,0,2,1959,184,11,0,2154,0,0,0,2154
03/11/2018,ATL,GA,ASO,ES,Towers with Radar,2233,239,13,0,2485,0,0,0,0,0,2233,239,13,0,2485,0,0,0,2485
03/12/2018,ATL,GA,ASO,ES,Towers with Radar,2339,263,13,1,2616,0,0,0,0,0,2339,263,13,1,2616,0,0,0,2616
03/13/2018,ATL,GA,ASO,ES,Towers with Radar,2241,254,15,1,2511,0,2,7,0,9,2241,256,22,1,2520,0,0,0,2520
03/14/2018,ATL,GA,ASO,ES,Towers with Radar,2311,253,4,0,2568,0,0,5,0,5,2311,253,9,0,2573,0,0,0,2573
03/15/2018,ATL,GA,ASO,ES,Towers with Radar,2331,257,15,0,2603,0,0,2,0,2,2331,257,17,0,2605,0,0,0,2605
03/16/2018,ATL,GA,ASO,ES,Towers with Radar,2332,262,21,0,2615,0,0,2,0,2,2332,262,23,0,2617,0,0,0,2617
03/17/2018,ATL,GA,ASO,ES,Towers with Radar,1982,177,12,0,2171,0,0,4,0,4,1982,177,16,0,2175,0,0,0,2175
03/18/2018,ATL,GA,ASO,ES,Towers with Radar,2236,238,18,0,2492,0,0,1,0,1,2236,238,19,0,2493,0,0,0,2493
03/19/2018,ATL,GA,ASO,ES,Towers with Radar,2281,259,13,0,2553,0,0,0,0,0,2281,259,13,0,2553,0,0,0,2553
03/20/2018,ATL,GA,ASO,ES,Towers with Radar,2287,259,27,1,2574,0,0,4,0,4,2287,259,31,1,2578,0,0,0,2578
03/21/2018,ATL,GA,ASO,ES,Towers with Radar,2183,263,20,1,2467,0,1,4,0,5,2183,264,24,1,2472,0,0,0,2472
03/22/2018,ATL,GA,ASO,ES,Towers with Radar,2338,258,19,1,2616,0,0,5,0,5,2338,258,24,1,2621,0,0,0,2621
03/23/2018,ATL,GA,ASO,ES,Towers with Radar,2338,252,18,5,2613,0,1,5,0,6,2338,253,23,5,2619,0,0,0,2619
03/24/2018,ATL,GA,ASO,ES,Towers with Radar,1997,182,17,0,2196,0,0,6,0,6,1997,182,23,0,2202,0,0,0,2202
03/25/2018,ATL,GA,ASO,ES,Towers with Radar,2269,242,12,0,2523,0,0,0,0,0,2269,242,12,0,2523,0,0,0,2523
03/26/2018,ATL,GA,ASO,ES,Towers with Radar,2331,259,12,0,2602,0,0,6,0,6,2331,259,18,0,2608,0,0,0,2608
03/27/2018,ATL,GA,ASO,ES,Towers with Radar,2288,257,13,0,2558,0,0,2,0,2,2288,257,15,0,2560,0,0,0,2560
03/28/2018,ATL,GA,ASO,ES,Towers with Radar,2286,265,16,3,2570,0,2,3,0,5,2286,267,19,3,2575,0,0,0,2575
03/29/2018,ATL,GA,ASO,ES,Towers with Radar,2351,256,22,0,2629,0,2,3,0,5,2351,258,25,0,2634,0,0,0,2634
03/30/2018,ATL,GA,ASO,ES,Towers with Radar,2367,260,15,1,2643,0,0,15,0,15,2367,260,30,1,2658,0,0,0,2658
03/31/2018,ATL,GA,ASO,ES,Towers with Radar,1994,177,8,0,2179,0,0,5,0,5,1994,177,13,0,2184,0,0,0,2184
04/01/2018,ATL,GA,ASO,ES,Towers with Radar,2245,239,10,0,2494,0,0,2,0,2,2245,239,12,0,2496,0,0,0,2496
04/02/2018,ATL,GA,ASO,ES,Towers with Radar,2329,278,12,0,2619,0,0,4,0,4,2329,278,16,0,2623,0,0,0,2623
04/03/2018,ATL,GA,ASO,ES,Towers with Radar,2275,240,19,0,2534,0,0,6,0,6,2275,240,25,0,2540,0,0,0,2540
04/04/2018,ATL,GA,ASO,ES,Towers with Radar,2296,258,33,1,2588,0,0,1,0,1,2296,258,34,1,2589,0,0,0,2589
04/05/2018,ATL,GA,ASO,ES,Towers with Radar,2338,260,28,0,2626,0,0,9,0,9,2338,260,37,0,2635,0,0,0,2635
04/06/2018,ATL,GA,ASO,ES,Towers with Radar,2299,250,42,0,2591,0,1,7,0,8,2299,251,49,0,2599,0,0,0,2599
04/07/2018,ATL,GA,ASO,ES,Towers with Radar,1937,176,30,0,2143,0,0,4,0,4,1937,176,34,0,2147,0,0,0,2147
04/08/2018,ATL,GA,ASO,ES,Towers with Radar,2234,238,13,0,2485,0,0,0,0,0,2234,238,13,0,2485,0,0,0,2485
04/09/2018,ATL,GA,ASO,ES,Towers with Radar,2331,242,23,0,2596,0,0,0,0,0,2331,242,23,0,2596,0,0,0,2596
04/10/2018,ATL,GA,ASO,ES,Towers with Radar,2254,238,18,0,2510,0,0,2,0,2,2254,238,20,0,2512,0,0,0,2512
04/11/2018,ATL,GA,ASO,ES,Towers with Radar,2305,241,15,0,2561,0,0,10,0,10,2305,241,25,0,2571,0,0,0,2571
04/12/2018,ATL,GA,ASO,ES,Towers with Radar,2360,237,21,0,2618,0,0,12,0,12,2360,237,33,0,2630,0,0,0,2630
04/13/2018,ATL,GA,ASO,ES,Towers with Radar,2336,236,27,0,2599,0,0,5,0,5,2336,236,32,0,2604,0,0,0,2604
04/14/2018,ATL,GA,ASO,ES,Towers with Radar,1856,182,10,0,2048,0,0,0,0,0,1856,182,10,0,2048,0,0,0,2048
04/15/2018,ATL,GA,ASO,ES,Towers with Radar,2160,214,8,0,2382,0,0,0,0,0,2160,214,8,0,2382,0,0,0,2382
04/16/2018,ATL,GA,ASO,ES,Towers with Radar,2360,243,10,0,2613,0,0,5,0,5,2360,243,15,0,2618,0,0,0,2618
04/17/2018,ATL,GA,ASO,ES,Towers with Radar,2272,246,17,0,2535,0,0,4,0,4,2272,246,21,0,2539,0,0,0,2539
04/18/2018,ATL,GA,ASO,ES,Towers with Radar,2281,256,12,1,2550,0,0,2,1,3,2281,256,14,2,2553,0,0,0,2553
04/19/2018,ATL,GA,ASO,ES,Towers with Radar,2366,234,27,0,2627,0,0,2,0,2,2366,234,29,0,2629,0,0,0,2629
04/20/2018,ATL,GA,ASO,ES,Towers with Radar,2358,244,21,0,2623,0,0,8,0,8,2358,244,29,0,2631,0,0,0,2631
04/21/2018,ATL,GA,ASO,ES,Towers with Radar,1893,170,5,0,2068,0,0,6,0,6,1893,170,11,0,2074,0,0,0,2074
04/22/2018,ATL,GA,ASO,ES,Towers with Radar,2239,226,8,0,2473,0,2,0,0,2,2239,228,8,0,2475,0,0,0,2475
04/23/2018,ATL,GA,ASO,ES,Towers with Radar,2296,244,19,0,2559,0,0,0,0,0,2296,244,19,0,2559,0,0,0,2559
04/24/2018,ATL,GA,ASO,ES,Towers with Radar,2354,238,15,0,2607,0,0,4,0,4,2354,238,19,0,2611,0,0,0,2611
04/25/2018,ATL,GA,ASO,ES,Towers with Radar,2299,244,27,0,2570,0,0,2,0,2,2299,244,29,0,2572,0,0,0,2572
04/26/2018,ATL,GA,ASO,ES,Towers with Radar,2377,242,17,3,2639,0,0,7,0,7,2377,242,24,3,2646,0,0,0,2646
04/27/2018,ATL,GA,ASO,ES,Towers with Radar,2357,248,22,0,2627,0,0,10,0,10,2357,248,32,0,2637,0,0,0,2637
04/28/2018,ATL,GA,ASO,ES,Towers with Radar,1911,170,7,0,2088,0,2,7,1,10,1911,172,14,1,2098,0,0,0,2098
04/29/2018,ATL,GA,ASO,ES,Towers with Radar,2267,218,7,0,2492,0,2,2,0,4,2267,220,9,0,2496,0,0,0,2496
04/30/2018,ATL,GA,ASO,ES,Towers with Radar,2350,236,7,2,2595,0,0,3,0,3,2350,236,10,2,2598,0,0,0,2598
05/01/2018,ATL,GA,ASO,ES,Towers with Radar,2314,235,18,0,2567,0,0,8,0,8,2314,235,26,0,2575,0,0,0,2575
05/02/2018,ATL,GA,ASO,ES,Towers with Radar,2305,246,24,0,2575,0,0,5,0,5,2305,246,29,0,2580,0,0,0,2580
05/03/2018,ATL,GA,ASO,ES,Towers with Radar,2349,235,15,1,2600,0,0,12,0,12,2349,235,27,1,2612,0,0,0,2612
05/04/2018,ATL,GA,ASO,ES,Towers with Radar,2370,237,13,2,2622,0,0,8,0,8,2370,237,21,2,2630,0,0,0,2630
05/05/2018,ATL,GA,ASO,ES,Towers with Radar,1899,169,9,0,2077,0,0,0,0,0,1899,169,9,0,2077,0,0,0,2077
05/06/2018,ATL,GA,ASO,ES,Towers with Radar,2263,217,14,0,2494,0,0,0,0,0,2263,217,14,0,2494,0,0,0,2494
05/07/2018,ATL,GA,ASO,ES,Towers with Radar,2363,236,17,0,2616,0,1,11,1,13,2363,237,28,1,2629,0,0,0,2629
05/08/2018,ATL,GA,ASO,ES,Towers with Radar,2357,253,11,0,2621,0,0,5,0,5,2357,253,16,0,2626,0,0,0,2626
05/09/2018,ATL,GA,ASO,ES,Towers with Radar,2332,247,23,0,2602,0,2,7,0,9,2332,249,30,0,2611,0,0,0,2611
05/10/2018,ATL,GA,ASO,ES,Towers with Radar,2390,242,20,2,2654,0,0,2,0,2,2390,242,22,2,2656,0,0,0,2656
05/11/2018,ATL,GA,ASO,ES,Towers with Radar,2396,240,18,1,2655,0,0,4,0,4,2396,240,22,1,2659,0,0,0,2659
05/12/2018,ATL,GA,ASO,ES,Towers with Radar,1825,147,4,0,1976,0,0,1,0,1,1825,147,5,0,1977,0,0,0,1977
05/13/2018,ATL,GA,ASO,ES,Towers with Radar,2180,210,7,0,2397,0,2,1,0,3,2180,212,8,0,2400,0,0,0,2400
05/14/2018,ATL,GA,ASO,ES,Towers with Radar,2344,240,11,0,2595,0,1,8,0,9,2344,241,19,0,2604,0,0,0,2604
05/15/2018,ATL,GA,ASO,ES,Towers with Radar,2247,244,27,0,2518,0,0,7,0,7,2247,244,34,0,2525,0,0,0,2525
05/16/2018,ATL,GA,ASO,ES,Towers with Radar,2399,247,25,2,2673,0,0,4,0,4,2399,247,29,2,2677,0,0,0,2677
05/17/2018,ATL,GA,ASO,ES,Towers with Radar,2385,245,24,2,2656,0,0,6,0,6,2385,245,30,2,2662,0,0,0,2662
05/18/2018,ATL,GA,ASO,ES,Towers with Radar,2412,245,15,1,2673,0,0,4,0,4,2412,245,19,1,2677,0,0,0,2677
05/19/2018,ATL,GA,ASO,ES,Towers with Radar,1906,174,9,0,2089,0,1,3,0,4,1906,175,12,0,2093,0,0,0,2093
05/20/2018,ATL,GA,ASO,ES,Towers with Radar,2237,223,19,0,2479,0,0,3,0,3,2237,223,22,0,2482,0,0,0,2482
05/21/2018,ATL,GA,ASO,ES,Towers with Radar,2429,241,9,1,2680,0,0,2,0,2,2429,241,11,1,2682,0,0,0,2682
05/22/2018,ATL,GA,ASO,ES,Towers with Radar,2330,237,19,0,2586,0,0,4,0,4,2330,237,23,0,2590,0,0,0,2590
05/23/2018,ATL,GA,ASO,ES,Towers with Radar,2370,242,27,0,2639,0,1,4,0,5,2370,243,31,0,2644,0,0,0,2644
05/24/2018,ATL,GA,ASO,ES,Towers with Radar,2406,241,19,2,2668,0,0,4,0,4,2406,241,23,2,2672,0,0,0,2672
05/25/2018,ATL,GA,ASO,ES,Towers with Radar,2395,244,18,3,2660,0,0,3,0,3,2395,244,21,3,2663,0,0,0,2663
05/26/2018,ATL,GA,ASO,ES,Towers with Radar,1871,165,6,0,2042,0,0,4,0,4,1871,165,10,0,2046,0,0,0,2046
05/27/2018,ATL,GA,ASO,ES,Towers with Radar,1828,148,8,0,1984,0,0,0,0,0,1828,148,8,0,1984,0,0,0,1984
05/28/2018,ATL,GA,ASO,ES,Towers with Radar,2209,220,10,0,2439,0,0,0,0,0,2209,220,10,0,2439,0,0,0,2439
05/29/2018,ATL,GA,ASO,ES,Towers with Radar,2352,246,16,0,2614,0,0,0,0,0,2352,246,16,0,2614,0,0,0,2614
05/30/2018,ATL,GA,ASO,ES,Towers with Radar,2347,238,13,0,2598,0,0,2,0,2,2347,238,15,0,2600,0,0,0,2600
05/31/2018,ATL,GA,ASO,ES,Towers with Radar,2392,234,17,0,2643,1,0,6,0,7,2393,234,23,0,2650,0,0,0,2650
06/01/2018,ATL,GA,ASO,ES,Towers with Radar,2197,212,8,0,2417,0,0,7,0,7,2197,212,15,0,2424,0,0,0,2424
06/02/2018,ATL,GA,ASO,ES,Towers with Radar,2090,190,14,2,2296,0,0,2,0,2,2090,190,16,2,2298,0,0,0,2298
06/03/2018,ATL,GA,ASO,ES,Towers with Radar,2295,223,14,1,2533,0,2,0,1,3,2295,225,14,2,2536,0,0,0,2536
06/04/2018,ATL,GA,ASO,ES,Towers with Radar,2397,232,24,1,2654,0,0,4,0,4,2397,232,28,1,2658,0,0,0,2658
06/05/2018,ATL,GA,ASO,ES,Towers with Radar,2372,233,20,0,2625,0,2,5,0,7,2372,235,25,0,2632,0,0,0,2632
06/06/2018,ATL,GA,ASO,ES,Towers with Radar,2368,234,16,0,2618,0,0,10,0,10,2368,234,26,0,2628,0,0,0,2628
06/07/2018,ATL,GA,ASO,ES,Towers with Radar,2391,241,16,1,2649,0,0,5,0,5,2391,241,21,1,2654,0,0,0,2654
06/08/2018,ATL,GA,ASO,ES,Towers with Radar,2421,265,23,0,2709,0,0,8,0,8,2421,265,31,0,2717,0,0,0,2717
06/09/2018,ATL,GA,ASO,ES,Towers with Radar,2010,193,11,0,2214,0,2,0,0,2,2010,195,11,0,2216,0,0,0,2216
06/10/2018,ATL,GA,ASO,ES,Towers with Radar,2290,248,10,0,2548,0,1,1,0,2,2290,249,11,0,2550,0,0,0,2550
06/11/2018,ATL,GA,ASO,ES,Towers with Radar,2333,260,10,1,2604,0,1,5,1,7,2333,261,15,2,2611,0,0,0,2611
06/12/2018,ATL,GA,ASO,ES,Towers with Radar,2480,280,9,0,2769,0,2,7,0,9,2480,282,16,0,2778,0,0,0,2778
06/13/2018,ATL,GA,ASO,ES,Towers with Radar,2373,275,13,0,2661,0,0,8,0,8,2373,275,21,0,2669,0,0,0,2669
06/14/2018,ATL,GA,ASO,ES,Towers with Radar,2461,271,11,0,2743,0,0,4,0,4,2461,271,15,0,2747,0,0,0,2747
06/15/2018,ATL,GA,ASO,ES,Towers with Radar,2426,265,17,0,2708,0,0,6,0,6,2426,265,23,0,2714,0,0,0,2714
06/16/2018,ATL,GA,ASO,ES,Towers with Radar,2038,199,15,0,2252,0,0,1,0,1,2038,199,16,0,2253,0,0,0,2253
06/17/2018,ATL,GA,ASO,ES,Towers with Radar,2305,252,14,0,2571,0,0,4,0,4,2305,252,18,0,2575,0,0,0,2575
06/18/2018,ATL,GA,ASO,ES,Towers with Radar,2418,265,20,0,2703,0,0,8,0,8,2418,265,28,0,2711,0,0,0,2711
06/19/2018,ATL,GA,ASO,ES,Towers with Radar,2358,267,17,0,2642,0,0,8,0,8,2358,267,25,0,2650,0,0,0,2650
06/20/2018,ATL,GA,ASO,ES,Towers with Radar,2423,278,7,0,2708,0,0,3,1,4,2423,278,10,1,2712,0,0,0,2712
06/21/2018,ATL,GA,ASO,ES,Towers with Radar,2429,265,13,3,2710,0,0,3,0,3,2429,265,16,3,2713,0,0,0,2713
06/22/2018,ATL,GA,ASO,ES,Towers with Radar,2361,264,16,0,2641,0,0,8,0,8,2361,264,24,0,2649,0,0,0,2649
06/23/2018,ATL,GA,ASO,ES,Towers with Radar,2100,206,14,0,2320,0,0,0,0,0,2100,206,14,0,2320,0,0,0,2320
06/24/2018,ATL,GA,ASO,ES,Towers with Radar,2273,245,16,0,2534,0,0,2,0,2,2273,245,18,0,2536,0,0,0,2536
06/25/2018,ATL,GA,ASO,ES,Towers with Radar,2240,230,13,0,2483,0,0,3,0,3,2240,230,16,0,2486,0,0,0,2486
06/26/2018,ATL,GA,ASO,ES,Towers with Radar,2552,295,19,0,2866,0,0,4,0,4,2552,295,23,0,2870,0,0,0,2870
06/27/2018,ATL,GA,ASO,ES,Towers with Radar,2418,269,18,0,2705,0,0,5,0,5,2418,269,23,0,2710,0,0,0,2710
06/28/2018,ATL,GA,ASO,ES,Towers with Radar,2174,244,19,0,2437,0,0,4,0,4,2174,244,23,0,2441,0,0,0,2441
06/29/2018,ATL,GA,ASO,ES,Towers with Radar,2571,288,18,0,2877,0,1,9,0,10,2571,289,27,0,2887,0,0,0,2887
06/30/2018,ATL,GA,ASO,ES,Towers with Radar,2130,229,7,0,2366,0,0,0,0,0,2130,229,7,0,2366,0,0,0,2366
07/01/2018,ATL,GA,ASO,ES,Towers with Radar,2137,200,7,0,2344,0,1,5,0,6,2137,201,12,0,2350,0,0,0,2350
07/02/2018,ATL,GA,ASO,ES,Towers with Radar,2078,205,7,0,2290,0,0,7,0,7,2078,205,14,0,2297,0,0,0,2297
07/03/2018,ATL,GA,ASO,ES,Towers with Radar,2028,202,3,0,2233,0,1,5,0,6,2028,203,8,0,2239,0,0,0,2239
07/04/2018,ATL,GA,ASO,ES,Towers with Radar,1909,190,5,0,2104,0,0,16,0,16,1909,190,21,0,2120,0,0,0,2120
07/05/2018,ATL,GA,ASO,ES,Towers with Radar,2144,219,10,0,2373,0,0,0,0,0,2144,219,10,0,2373,0,0,0,2373
07/06/2018,ATL,GA,ASO,ES,Towers with Radar,2177,222,15,1,2415,0,0,2,0,2,2177,222,17,1,2417,0,0,0,2417
07/07/2018,ATL,GA,ASO,ES,Towers with Radar,2141,213,8,0,2362,0,0,0,0,0,2141,213,8,0,2362,0,0,0,2362
07/08/2018,ATL,GA,ASO,ES,Towers with Radar,2362,239,8,0,2609,0,0,5,0,5,2362,239,13,0,2614,0,0,0,2614
07/09/2018,ATL,GA,ASO,ES,Towers with Radar,2429,268,12,0,2709,0,0,6,0,6,2429,268,18,0,2715,0,0,0,2715
07/10/2018,ATL,GA,ASO,ES,Towers with Radar,2434,267,8,0,2709,0,0,12,0,12,2434,267,20,0,2721,0,0,0,2721
07/11/2018,ATL,GA,ASO,ES,Towers with Radar,2441,266,17,0,2724,0,0,3,1,4,2441,266,20,1,2728,0,0,0,2728
07/12/2018,ATL,GA,ASO,ES,Towers with Radar,2454,261,13,0,2728,0,1,6,0,7,2454,262,19,0,2735,0,0,0,2735
07/13/2018,ATL,GA,ASO,ES,Towers with Radar,2489,262,20,0,2771,0,0,2,0,2,2489,262,22,0,2773,0,0,0,2773
07/14/2018,ATL,GA,ASO,ES,Towers with Radar,2103,206,15,0,2324,0,0,0,0,0,2103,206,15,0,2324,0,0,0,2324
07/15/2018,ATL,GA,ASO,ES,Towers with Radar,2318,251,18,1,2588,0,0,10,0,10,2318,251,28,1,2598,0,0,0,2598
07/16/2018,ATL,GA,ASO,ES,Towers with Radar,2365,265,14,0,2644,0,0,2,0,2,2365,265,16,0,2646,0,0,0,2646
07/17/2018,ATL,GA,ASO,ES,Towers with Radar,2472,265,11,1,2749,0,0,4,0,4,2472,265,15,1,2753,0,0,0,2753
07/18/2018,ATL,GA,ASO,ES,Towers with Radar,2457,263,16,0,2736,0,0,8,0,8,2457,263,24,0,2744,0,0,0,2744
07/19/2018,ATL,GA,ASO,ES,Towers with Radar,2468,264,11,0,2743,0,0,2,0,2,2468,264,13,0,2745,0,0,0,2745
07/20/2018,ATL,GA,ASO,ES,Towers with Radar,2435,259,11,1,2706,0,0,6,0,6,2435,259,17,1,2712,0,0,0,2712
07/21/2018,ATL,GA,ASO,ES,Towers with Radar,2092,197,6,0,2295,0,0,4,0,4,2092,197,10,0,2299,0,0,0,2299
07/22/2018,ATL,GA,ASO,ES,Towers with Radar,2292,241,12,0,2545,0,0,2,0,2,2292,241,14,0,2547,0,0,0,2547
07/23/2018,ATL,GA,ASO,ES,Towers with Radar,2455,266,11,0,2732,0,0,3,0,3,2455,266,14,0,2735,0,0,0,2735
07/24/2018,ATL,GA,ASO,ES,Towers with Radar,2458,263,22,0,2743,0,0,4,0,4,2458,263,26,0,2747,0,0,0,2747
07/25/2018,ATL,GA,ASO,ES,Towers with Radar,2437,257,8,0,2702,0,0,6,0,6,2437,257,14,0,2708,0,0,0,2708
07/26/2018,ATL,GA,ASO,ES,Towers with Radar,2482,261,28,0,2771,0,0,8,0,8,2482,261,36,0,2779,0,0,0,2779
07/27/2018,ATL,GA,ASO,ES,Towers with Radar,2397,267,21,0,2685,0,0,10,0,10,2397,267,31,0,2695,0,0,0,2695
07/28/2018,ATL,GA,ASO,ES,Towers with Radar,2111,203,8,0,2322,0,0,3,0,3,2111,203,11,0,2325,0,0,0,2325
07/29/2018,ATL,GA,ASO,ES,Towers with Radar,2371,250,21,0,2642,0,0,3,0,3,2371,250,24,0,2645,0,0,0,2645
07/30/2018,ATL,GA,ASO,ES,Towers with Radar,2439,268,14,0,2721,0,0,2,0,2,2439,268,16,0,2723,0,0,0,2723
07/31/2018,ATL,GA,ASO,ES,Towers with Radar,2132,205,22,1,2360,0,0,2,0,2,2132,205,24,1,2362,0,0,0,2362
08/01/2018,ATL,GA,ASO,ES,Towers with Radar,2626,274,23,0,2923,0,0,0,0,0,2626,274,23,0,2923,0,0,0,2923
08/02/2018,ATL,GA,ASO,ES,Towers with Radar,2437,266,30,0,2733,0,0,2,0,2,2437,266,32,0,2735,0,0,0,2735
08/03/2018,ATL,GA,ASO,ES,Towers with Radar,2426,269,11,0,2706,0,1,5,0,6,2426,270,16,0,2712,0,0,0,2712
08/04/2018,ATL,GA,ASO,ES,Towers with Radar,2112,200,12,0,2324,0,0,4,0,4,2112,200,16,0,2328,0,0,0,2328
08/05/2018,ATL,GA,ASO,ES,Towers with Radar,2355,252,18,0,2625,0,0,4,0,4,2355,252,22,0,2629,0,0,0,2629
08/06/2018,ATL,GA,ASO,ES,Towers with Radar,2440,259,13,0,2712,0,0,2,0,2,2440,259,15,0,2714,0,0,0,2714
08/07/2018,ATL,GA,ASO,ES,Towers with Radar,2408,263,11,0,2682,0,0,2,0,2,2408,263,13,0,2684,0,0,0,2684
08/08/2018,ATL,GA,ASO,ES,Towers with Radar,2356,261,21,0,2638,0,1,4,1,6,2356,262,25,1,2644,0,0,0,2644
08/09/2018,ATL,GA,ASO,ES,Towers with Radar,2434,254,17,4,2709,0,0,5,1,6,2434,254,22,5,2715,0,0,0,2715
08/10/2018,ATL,GA,ASO,ES,Towers with Radar,2565,276,7,0,2848,0,1,7,0,8,2565,277,14,0,2856,0,0,0,2856
08/11/2018,ATL,GA,ASO,ES,Towers with Radar,2052,197,11,0,2260,0,0,9,0,9,2052,197,20,0,2269,0,0,0,2269
08/12/2018,ATL,GA,ASO,ES,Towers with Radar,2330,247,13,0,2590,0,0,2,0,2,2330,247,15,0,2592,0,0,0,2592
08/13/2018,ATL,GA,ASO,ES,Towers with Radar,2394,248,7,0,2649,0,0,2,0,2,2394,248,9,0,2651,0,0,0,2651
08/14/2018,ATL,GA,ASO,ES,Towers with Radar,2374,265,14,2,2655,0,1,4,0,5,2374,266,18,2,2660,0,0,0,2660
08/15/2018,ATL,GA,ASO,ES,Towers with Radar,2415,266,18,2,2701,0,0,4,0,4,2415,266,22,2,2705,0,0,0,2705
08/16/2018,ATL,GA,ASO,ES,Towers with Radar,2419,247,14,0,2680,0,0,9,0,9,2419,247,23,0,2689,0,0,0,2689
08/17/2018,ATL,GA,ASO,ES,Towers with Radar,2361,251,15,0,2627,0,0,5,0,5,2361,251,20,0,2632,0,0,0,2632
08/18/2018,ATL,GA,ASO,ES,Towers with Radar,1955,171,11,0,2137,0,0,4,0,4,1955,171,15,0,2141,0,0,0,2141
08/19/2018,ATL,GA,ASO,ES,Towers with Radar,2291,237,3,0,2531,0,0,0,0,0,2291,237,3,0,2531,0,0,0,2531
08/20/2018,ATL,GA,ASO,ES,Towers with Radar,2381,258,9,0,2648,0,1,4,0,5,2381,259,13,0,2653,0,0,0,2653
08/21/2018,ATL,GA,ASO,ES,Towers with Radar,2330,259,20,1,2610,0,1,8,0,9,2330,260,28,1,2619,0,0,0,2619
08/22/2018,ATL,GA,ASO,ES,Towers with Radar,2371,257,22,0,2650,0,0,8,0,8,2371,257,30,0,2658,0,0,0,2658
08/23/2018,ATL,GA,ASO,ES,Towers with Radar,2388,252,11,0,2651,0,2,4,0,6,2388,254,15,0,2657,0,0,0,2657
08/24/2018,ATL,GA,ASO,ES,Towers with Radar,2361,253,18,1,2633,0,0,3,0,3,2361,253,21,1,2636,0,0,0,2636
08/25/2018,ATL,GA,ASO,ES,Towers with Radar,1861,150,6,0,2017,0,0,7,0,7,1861,150,13,0,2024,0,0,0,2024
08/26/2018,ATL,GA,ASO,ES,Towers with Radar,2223,228,7,0,2458,0,0,0,0,0,2223,228,7,0,2458,0,0,0,2458
08/27/2018,ATL,GA,ASO,ES,Towers with Radar,2343,239,5,0,2587,0,0,8,0,8,2343,239,13,0,2595,0,0,0,2595
08/28/2018,ATL,GA,ASO,ES,Towers with Radar,2305,248,19,0,2572,0,0,13,0,13,2305,248,32,0,2585,0,0,0,2585
08/29/2018,ATL,GA,ASO,ES,Towers with Radar,2324,244,19,2,2589,0,0,12,1,13,2324,244,31,3,2602,0,0,0,2602
08/30/2018,ATL,GA,ASO,ES,Towers with Radar,2361,258,7,0,2626,0,0,12,0,12,2361,258,19,0,2638,0,0,0,2638
08/31/2018,ATL,GA,ASO,ES,Towers with Radar,2361,250,25,0,2636,0,0,4,0,4,2361,250,29,0,2640,0,0,0,2640
09/01/2018,ATL,GA,ASO,ES,Towers with Radar,1694,135,16,0,1845,0,0,7,0,7,1694,135,23,0,1852,0,0,0,1852
09/02/2018,ATL,GA,ASO,ES,Towers with Radar,1691,132,3,0,1826,0,0,6,0,6,1691,132,9,0,1832,0,0,0,1832
09/03/2018,ATL,GA,ASO,ES,Towers with Radar,2144,204,12,0,2360,0,0,0,0,0,2144,204,12,0,2360,0,0,0,2360
09/04/2018,ATL,GA,ASO,ES,Towers with Radar,2147,214,14,0,2375,0,0,2,0,2,2147,214,16,0,2377,0,0,0,2377
09/05/2018,ATL,GA,ASO,ES,Towers with Radar,2134,218,11,0,2363,0,0,2,0,2,2134,218,13,0,2365,0,0,0,2365
09/06/2018,ATL,GA,ASO,ES,Towers with Radar,2137,209,18,0,2364,0,0,0,0,0,2137,209,18,0,2364,0,0,0,2364
09/07/2018,ATL,GA,ASO,ES,Towers with Radar,2171,212,26,0,2409,0,1,2,0,3,2171,213,28,0,2412,0,0,0,2412
09/08/2018,ATL,GA,ASO,ES,Towers with Radar,1725,137,4,0,1866,0,0,7,0,7,1725,137,11,0,1873,0,0,0,1873
09/09/2018,ATL,GA,ASO,ES,Towers with Radar,2186,216,13,0,2415,0,0,2,0,2,2186,216,15,0,2417,0,0,0,2417
09/10/2018,ATL,GA,ASO,ES,Towers with Radar,2349,249,23,0,2621,0,0,10,0,10,2349,249,33,0,2631,0,0,0,2631
09/11/2018,ATL,GA,ASO,ES,Towers with Radar,2252,251,23,2,2528,0,0,8,0,8,2252,251,31,2,2536,0,0,0,2536
09/12/2018,ATL,GA,ASO,ES,Towers with Radar,2319,257,15,3,2594,0,2,12,0,14,2319,259,27,3,2608,0,0,0,2608
09/13/2018,ATL,GA,ASO,ES,Towers with Radar,2320,227,22,2,2571,0,0,5,0,5,2320,227,27,2,2576,0,0,0,2576
09/14/2018,ATL,GA,ASO,ES,Towers with Radar,2304,229,12,0,2545,0,0,2,0,2,2304,229,14,0,2547,0,0,0,2547
09/15/2018,ATL,GA,ASO,ES,Towers with Radar,1778,141,20,0,1939,0,0,7,0,7,1778,141,27,0,1946,0,0,0,1946
09/16/2018,ATL,GA,ASO,ES,Towers with Radar,2189,202,9,0,2400,0,0,2,0,2,2189,202,11,0,2402,0,0,0,2402
09/17/2018,ATL,GA,ASO,ES,Towers with Radar,2344,228,11,0,2583,0,0,0,0,0,2344,228,11,0,2583,0,0,0,2583
09/18/2018,ATL,GA,ASO,ES,Towers with Radar,2274,254,10,0,2538,0,0,6,0,6,2274,254,16,0,2544,0,0,0,2544
09/19/2018,ATL,GA,ASO,ES,Towers with Radar,2308,251,29,0,2588,0,2,3,0,5,2308,253,32,0,2593,0,0,0,2593
09/20/2018,ATL,GA,ASO,ES,Towers with Radar,2358,262,22,0,2642,0,0,8,0,8,2358,262,30,0,2650,0,0,0,2650
09/21/2018,ATL,GA,ASO,ES,Towers with Radar,2340,248,17,0,2605,0,0,7,0,7,2340,248,24,0,2612,0,0,0,2612
09/22/2018,ATL,GA,ASO,ES,Towers with Radar,1814,161,10,0,1985,0,0,5,0,5,1814,161,15,0,1990,0,0,0,1990
09/23/2018,ATL,GA,ASO,ES,Towers with Radar,2188,244,8,0,2440,0,0,4,0,4,2188,244,12,0,2444,0,0,0,2444
09/24/2018,ATL,GA,ASO,ES,Towers with Radar,2331,253,12,0,2596,0,0,10,0,10,2331,253,22,0,2606,0,0,0,2606
09/25/2018,ATL,GA,ASO,ES,Towers with Radar,2244,257,10,3,2514,0,0,13,0,13,2244,257,23,3,2527,0,0,0,2527
09/26/2018,ATL,GA,ASO,ES,Towers with Radar,2298,244,17,0,2559,0,0,1,0,1,2298,244,18,0,2560,0,0,0,2560
09/27/2018,ATL,GA,ASO,ES,Towers with Radar,2380,256,21,1,2658,0,0,4,0,4,2380,256,25,1,2662,0,0,0,2662
09/28/2018,ATL,GA,ASO,ES,Towers with Radar,2360,251,21,0,2632,0,0,2,0,2,2360,251,23,0,2634,0,0,0,2634
09/29/2018,ATL,GA,ASO,ES,Towers with Radar,1808,161,8,0,1977,0,0,8,0,8,1808,161,16,0,1985,0,0,0,1985
09/30/2018,ATL,GA,ASO,ES,Towers with Radar,2195,228,21,1,2445,0,1,2,2,5,2195,229,23,3,2450,0,0,0,2450
10/01/2018,ATL,GA,ASO,ES,Towers with Radar,2360,258,25,0,2643,0,2,4,0,6,2360,260,29,0,2649,0,0,0,2649
10/02/2018,ATL,GA,ASO,ES,Towers with Radar,2269,243,10,1,2523,0,0,4,0,4,2269,243,14,1,2527,0,0,0,2527
10/03/2018,ATL,GA,ASO,ES,Towers with Radar,2284,241,20,1,2546,0,0,4,0,4,2284,241,24,1,2550,0,0,0,2550
10/04/2018,ATL,GA,ASO,ES,Towers with Radar,2357,243,21,0,2621,0,0,17,0,17,2357,243,38,0,2638,0,0,0,2638
10/05/2018,ATL,GA,ASO,ES,Towers with Radar,2348,248,18,0,2614,0,0,7,0,7,2348,248,25,0,2621,0,0,0,2621
10/06/2018,ATL,GA,ASO,ES,Towers with Radar,1794,165,16,0,1975,0,0,6,0,6,1794,165,22,0,1981,0,0,0,1981
10/07/2018,ATL,GA,ASO,ES,Towers with Radar,2133,216,17,0,2366,0,0,6,0,6,2133,216,23,0,2372,0,0,0,2372
10/08/2018,ATL,GA,ASO,ES,Towers with Radar,2331,242,25,0,2598,0,0,6,2,8,2331,242,31,2,2606,0,0,0,2606
10/09/2018,ATL,GA,ASO,ES,Towers with Radar,2254,245,20,0,2519,0,0,6,0,6,2254,245,26,0,2525,0,0,0,2525
10/10/2018,ATL,GA,ASO,ES,Towers with Radar,2242,226,20,1,2489,0,0,0,0,0,2242,226,20,1,2489,0,0,0,2489
10/11/2018,ATL,GA,ASO,ES,Towers with Radar,2333,238,11,2,2584,0,0,2,1,3,2333,238,13,3,2587,0,0,0,2587
10/12/2018,ATL,GA,ASO,ES,Towers with Radar,2384,253,8,2,2647,0,2,8,0,10,2384,255,16,2,2657,0,0,0,2657
10/13/2018,ATL,GA,ASO,ES,Towers with Radar,1797,154,3,0,1954,0,0,0,0,0,1797,154,3,0,1954,0,0,0,1954
10/14/2018,ATL,GA,ASO,ES,Towers with Radar,2192,220,7,0,2419,0,1,2,0,3,2192,221,9,0,2422,0,0,0,2422
10/15/2018,ATL,GA,ASO,ES,Towers with Radar,2369,249,18,0,2636,0,0,3,0,3,2369,249,21,0,2639,0,0,0,2639
10/16/2018,ATL,GA,ASO,ES,Towers with Radar,2315,235,14,0,2564,0,0,3,0,3,2315,235,17,0,2567,0,0,0,2567
10/17/2018,ATL,GA,ASO,ES,Towers with Radar,2304,240,14,0,2558,0,1,7,0,8,2304,241,21,0,2566,0,0,0,2566
10/18/2018,ATL,GA,ASO,ES,Towers with Radar,2369,238,13,0,2620,0,0,5,0,5,2369,238,18,0,2625,0,0,0,2625
10/19/2018,ATL,GA,ASO,ES,Towers with Radar,2370,245,37,0,2652,0,0,31,0,31,2370,245,68,0,2683,0,0,0,2683
10/20/2018,ATL,GA,ASO,ES,Towers with Radar,1792,155,8,0,1955,0,0,4,0,4,1792,155,12,0,1959,0,0,0,1959
10/21/2018,ATL,GA,ASO,ES,Towers with Radar,2196,214,11,0,2421,0,0,3,0,3,2196,214,14,0,2424,0,0,0,2424
10/22/2018,ATL,GA,ASO,ES,Towers with Radar,2364,249,16,0,2629,0,0,4,0,4,2364,249,20,0,2633,0,0,0,2633
10/23/2018,ATL,GA,ASO,ES,Towers with Radar,2312,247,13,0,2572,0,0,10,0,10,2312,247,23,0,2582,0,0,0,2582
10/24/2018,ATL,GA,ASO,ES,Towers with Radar,2301,243,19,0,2563,0,0,12,0,12,2301,243,31,0,2575,0,0,0,2575
10/25/2018,ATL,GA,ASO,ES,Towers with Radar,2367,249,14,0,2630,0,0,7,0,7,2367,249,21,0,2637,0,0,0,2637
10/26/2018,ATL,GA,ASO,ES,Towers with Radar,2366,247,23,0,2636,0,0,0,0,0,2366,247,23,0,2636,0,0,0,2636
10/27/2018,ATL,GA,ASO,ES,Towers with Radar,1748,156,13,0,1917,0,0,8,0,8,1748,156,21,0,1925,0,0,0,1925
10/28/2018,ATL,GA,ASO,ES,Towers with Radar,2012,192,12,0,2216,0,0,2,0,2,2012,192,14,0,2218,0,0,0,2218
10/29/2018,ATL,GA,ASO,ES,Towers with Radar,2075,234,28,0,2337,0,0,10,0,10,2075,234,38,0,2347,0,0,0,2347
10/30/2018,ATL,GA,ASO,ES,Towers with Radar,1925,216,23,0,2164,0,0,11,0,11,1925,216,34,0,2175,0,0,0,2175
10/31/2018,ATL,GA,ASO,ES,Towers with Radar,1809,197,31,0,2037,0,0,8,0,8,1809,197,39,0,2045,0,0,0,2045
11/01/2018,ATL,GA,ASO,ES,Towers with Radar,2124,215,19,0,2358,0,0,2,0,2,2124,215,21,0,2360,0,0,0,2360
11/02/2018,ATL,GA,ASO,ES,Towers with Radar,2152,226,21,0,2399,0,1,2,0,3,2152,227,23,0,2402,0,0,0,2402
11/03/2018,ATL,GA,ASO,ES,Towers with Radar,1723,164,6,1,1894,0,0,2,0,2,1723,164,8,1,1896,0,0,0,1896
11/04/2018,ATL,GA,ASO,ES,Towers with Radar,2117,222,21,1,2361,0,1,0,0,1,2117,223,21,1,2362,0,0,0,2362
11/05/2018,ATL,GA,ASO,ES,Towers with Radar,2250,235,20,0,2505,0,0,0,0,0,2250,235,20,0,2505,0,0,0,2505
11/06/2018,ATL,GA,ASO,ES,Towers with Radar,2109,261,22,0,2392,0,0,5,0,5,2109,261,27,0,2397,0,0,0,2397
11/07/2018,ATL,GA,ASO,ES,Towers with Radar,2230,261,22,1,2514,0,0,5,2,7,2230,261,27,3,2521,0,0,0,2521
11/08/2018,ATL,GA,ASO,ES,Towers with Radar,2360,275,36,6,2677,0,0,3,0,3,2360,275,39,6,2680,0,0,0,2680
11/09/2018,ATL,GA,ASO,ES,Towers with Radar,2333,246,33,7,2619,0,0,0,0,0,2333,246,33,7,2619,0,0,0,2619
11/10/2018,ATL,GA,ASO,ES,Towers with Radar,1806,179,22,2,2009,0,1,15,1,17,1806,180,37,3,2026,0,0,0,2026
11/11/2018,ATL,GA,ASO,ES,Towers with Radar,2186,228,23,0,2437,0,0,2,0,2,2186,228,25,0,2439,0,0,0,2439
11/12/2018,ATL,GA,ASO,ES,Towers with Radar,2335,240,31,0,2606,0,0,0,0,0,2335,240,31,0,2606,0,0,0,2606
11/13/2018,ATL,GA,ASO,ES,Towers with Radar,2342,249,25,0,2616,0,0,0,0,0,2342,249,25,0,2616,0,0,0,2616
11/14/2018,ATL,GA,ASO,ES,Towers with Radar,2318,252,21,0,2591,0,0,0,0,0,2318,252,21,0,2591,0,0,0,2591
11/15/2018,ATL,GA,ASO,ES,Towers with Radar,2303,248,42,2,2595,0,0,0,0,0,2303,248,42,2,2595,0,0,0,2595
11/16/2018,ATL,GA,ASO,ES,Towers with Radar,2360,238,34,0,2632,0,0,6,0,6,2360,238,40,0,2638,0,0,0,2638
11/17/2018,ATL,GA,ASO,ES,Towers with Radar,1855,157,17,0,2029,0,0,2,0,2,1855,157,19,0,2031,0,0,0,2031
11/18/2018,ATL,GA,ASO,ES,Towers with Radar,2051,194,18,0,2263,0,0,5,0,5,2051,194,23,0,2268,0,0,0,2268
11/19/2018,ATL,GA,ASO,ES,Towers with Radar,2043,196,12,0,2251,0,0,3,0,3,2043,196,15,0,2254,0,0,0,2254
11/20/2018,ATL,GA,ASO,ES,Towers with Radar,2145,233,11,0,2389,0,0,10,0,10,2145,233,21,0,2399,0,0,0,2399
11/21/2018,ATL,GA,ASO,ES,Towers with Radar,2291,245,14,0,2550,0,0,12,0,12,2291,245,26,0,2562,0,0,0,2562
11/22/2018,ATL,GA,ASO,ES,Towers with Radar,1401,124,1,0,1526,0,0,1,0,1,1401,124,2,0,1527,0,0,0,1527
11/23/2018,ATL,GA,ASO,ES,Towers with Radar,1667,166,8,0,1841,0,0,2,0,2,1667,166,10,0,1843,0,0,0,1843
11/24/2018,ATL,GA,ASO,ES,Towers with Radar,2233,233,4,0,2470,0,0,0,0,0,2233,233,4,0,2470,0,0,0,2470
11/25/2018,ATL,GA,ASO,ES,Towers with Radar,2440,260,20,0,2720,0,0,6,0,6,2440,260,26,0,2726,0,0,0,2726
11/26/2018,ATL,GA,ASO,ES,Towers with Radar,2362,257,14,0,2633,0,0,0,0,0,2362,257,14,0,2633,0,0,0,2633
11/27/2018,ATL,GA,ASO,ES,Towers with Radar,2226,248,18,0,2492,0,0,2,0,2,2226,248,20,0,2494,0,0,0,2494
11/28/2018,ATL,GA,ASO,ES,Towers with Radar,2186,227,23,0,2436,0,0,5,0,5,2186,227,28,0,2441,0,0,0,2441
11/29/2018,ATL,GA,ASO,ES,Towers with Radar,2254,247,28,0,2529,0,0,2,0,2,2254,247,30,0,2531,0,0,0,2531
11/30/2018,ATL,GA,ASO,ES,Towers with Radar,2255,246,14,0,2515,0,0,3,0,3,2255,246,17,0,2518,0,0,0,2518
12/01/2018,ATL,GA,ASO,ES,Towers with Radar,1663,162,11,0,1836,0,0,0,0,0,1663,162,11,0,1836,0,0,0,1836
12/02/2018,ATL,GA,ASO,ES,Towers with Radar,2032,222,15,0,2269,0,1,3,0,4,2032,223,18,0,2273,0,0,0,2273
12/03/2018,ATL,GA,ASO,ES,Towers with Radar,2228,238,17,0,2483,0,0,2,0,2,2228,238,19,0,2485,0,0,0,2485
12/04/2018,ATL,GA,ASO,ES,Towers with Radar,2169,241,24,0,2434,0,0,8,0,8,2169,241,32,0,2442,0,0,0,2442
12/05/2018,ATL,GA,ASO,ES,Towers with Radar,2224,254,23,0,2501,0,1,10,0,11,2224,255,33,0,2512,0,0,0,2512
12/06/2018,ATL,GA,ASO,ES,Towers with Radar,2277,247,13,0,2537,0,0,6,0,6,2277,247,19,0,2543,0,0,0,2543
12/07/2018,ATL,GA,ASO,ES,Towers with Radar,2249,234,15,1,2499,0,0,4,0,4,2249,234,19,1,2503,0,0,0,2503
12/08/2018,ATL,GA,ASO,ES,Towers with Radar,1653,153,15,2,1823,0,0,0,0,0,1653,153,15,2,1823,0,0,0,1823
12/09/2018,ATL,GA,ASO,ES,Towers with Radar,1964,211,11,0,2186,0,0,0,0,0,1964,211,11,0,2186,0,0,0,2186
12/10/2018,ATL,GA,ASO,ES,Towers with Radar,2248,245,21,1,2515,0,0,0,0,0,2248,245,21,1,2515,0,0,0,2515
12/11/2018,ATL,GA,ASO,ES,Towers with Radar,2190,249,20,0,2459,0,2,6,0,8,2190,251,26,0,2467,0,0,0,2467
12/12/2018,ATL,GA,ASO,ES,Towers with Radar,2208,253,7,2,2470,0,0,8,0,8,2208,253,15,2,2478,0,0,0,2478
12/13/2018,ATL,GA,ASO,ES,Towers with Radar,2288,249,21,2,2560,0,0,13,0,13,2288,249,34,2,2573,0,0,0,2573
12/14/2018,ATL,GA,ASO,ES,Towers with Radar,2272,229,20,3,2524,0,0,0,0,0,2272,229,20,3,2524,0,0,0,2524
12/15/2018,ATL,GA,ASO,ES,Towers with Radar,1685,162,18,2,1867,0,0,4,0,4,1685,162,22,2,1871,0,0,0,1871
12/16/2018,ATL,GA,ASO,ES,Towers with Radar,2048,212,5,1,2266,0,0,0,0,0,2048,212,5,1,2266,0,0,0,2266
12/17/2018,ATL,GA,ASO,ES,Towers with Radar,2257,234,9,0,2500,0,0,3,0,3,2257,234,12,0,2503,0,0,0,2503
12/18/2018,ATL,GA,ASO,ES,Towers with Radar,2223,239,17,0,2479,0,0,7,0,7,2223,239,24,0,2486,0,0,0,2486
12/19/2018,ATL,GA,ASO,ES,Towers with Radar,2252,234,14,0,2500,0,0,7,0,7,2252,234,21,0,2507,0,0,0,2507
12/20/2018,ATL,GA,ASO,ES,Towers with Radar,2263,235,8,0,2506,0,0,0,0,0,2263,235,8,0,2506,0,0,0,2506
12/21/2018,ATL,GA,ASO,ES,Towers with Radar,2229,246,13,1,2489,0,0,0,0,0,2229,246,13,1,2489,0,0,0,2489
12/22/2018,ATL,GA,ASO,ES,Towers with Radar,2191,245,5,0,2441,0,0,3,0,3,2191,245,8,0,2444,0,0,0,2444
12/23/2018,ATL,GA,ASO,ES,Towers with Radar,2201,233,10,1,2445,0,0,2,0,2,2201,233,12,1,2447,0,0,0,2447
12/24/2018,ATL,GA,ASO,ES,Towers with Radar,1686,138,3,2,1829,0,2,0,0,2,1686,140,3,2,1831,0,0,0,1831
12/25/2018,ATL,GA,ASO,ES,Towers with Radar,1584,142,3,0,1729,0,0,2,0,2,1584,142,5,0,1731,0,0,0,1731
12/26/2018,ATL,GA,ASO,ES,Towers with Radar,2242,259,12,0,2513,0,0,10,1,11,2242,259,22,1,2524,0,0,0,2524
12/27/2018,ATL,GA,ASO,ES,Towers with Radar,2252,251,11,0,2514,0,0,0,0,0,2252,251,11,0,2514,0,0,0,2514
12/28/2018,ATL,GA,ASO,ES,Towers with Radar,2289,253,8,0,2550,0,0,0,0,0,2289,253,8,0,2550,0,0,0,2550
12/29/2018,ATL,GA,ASO,ES,Towers with Radar,2189,266,8,0,2463,0,0,4,0,4,2189,266,12,0,2467,0,0,0,2467
12/30/2018,ATL,GA,ASO,ES,Towers with Radar,2257,251,8,1,2517,0,0,0,0,0,2257,251,8,1,2517,0,0,0,2517
12/31/2018,ATL,GA,ASO,ES,Towers with Radar,1755,155,10,4,1924,0,0,2,0,2,1755,155,12,4,1926,0,0,0,1926
01/01/2019,ATL,GA,ASO,ES,Towers with Radar,1748,138,8,0,1894,0,0,0,0,0,1748,138,8,0,1894,0,0,0,1894
01/02/2019,ATL,GA,ASO,ES,Towers with Radar,2187,252,19,0,2458,0,0,0,0,0,2187,252,19,0,2458,0,0,0,2458
01/03/2019,ATL,GA,ASO,ES,Towers with Radar,2091,252,8,0,2351,0,0,0,0,0,2091,252,8,0,2351,0,0,0,2351
01/04/2019,ATL,GA,ASO,ES,Towers with Radar,2101,246,17,0,2364,0,0,0,0,0,2101,246,17,0,2364,0,0,0,2364
01/05/2019,ATL,GA,ASO,ES,Towers with Radar,1749,149,14,0,1912,0,0,8,0,8,1749,149,22,0,1920,0,0,0,1920
01/06/2019,ATL,GA,ASO,ES,Towers with Radar,2068,197,7,0,2272,0,2,0,0,2,2068,199,7,0,2274,0,0,0,2274
01/07/2019,ATL,GA,ASO,ES,Towers with Radar,2248,229,12,2,2491,0,0,9,0,9,2248,229,21,2,2500,0,0,0,2500
01/08/2019,ATL,GA,ASO,ES,Towers with Radar,2194,230,8,2,2434,0,0,0,0,0,2194,230,8,2,2434,0,0,0,2434
01/09/2019,ATL,GA,ASO,ES,Towers with Radar,2204,240,12,1,2457,0,0,4,0,4,2204,240,16,1,2461,0,0,0,2461
01/10/2019,ATL,GA,ASO,ES,Towers with Radar,2266,235,5,0,2506,0,0,4,3,7,2266,235,9,3,2513,0,0,0,2513
01/11/2019,ATL,GA,ASO,ES,Towers with Radar,2244,233,13,4,2494,0,0,2,0,2,2244,233,15,4,2496,0,0,0,2496
01/12/2019,ATL,GA,ASO,ES,Towers with Radar,1689,140,10,0,1839,0,0,5,0,5,1689,140,15,0,1844,0,0,0,1844
01/13/2019,ATL,GA,ASO,ES,Towers with Radar,2057,190,10,1,2258,0,0,2,0,2,2057,190,12,1,2260,0,0,0,2260
01/14/2019,ATL,GA,ASO,ES,Towers with Radar,2279,230,22,1,2532,0,0,2,0,2,2279,230,24,1,2534,0,0,0,2534
01/15/2019,ATL,GA,ASO,ES,Towers with Radar,2184,233,18,0,2435,0,0,6,0,6,2184,233,24,0,2441,0,0,0,2441
01/16/2019,ATL,GA,ASO,ES,Towers with Radar,2214,230,25,1,2470,0,0,9,0,9,2214,230,34,1,2479,0,0,0,2479
01/17/2019,ATL,GA,ASO,ES,Towers with Radar,2259,233,29,0,2521,0,0,2,0,2,2259,233,31,0,2523,0,0,0,2523
01/18/2019,ATL,GA,ASO,ES,Towers with Radar,2252,232,25,0,2509,0,0,6,0,6,2252,232,31,0,2515,0,0,0,2515
01/19/2019,ATL,GA,ASO,ES,Towers with Radar,1637,134,9,0,1780,0,0,0,0,0,1637,134,9,0,1780,0,0,0,1780
01/20/2019,ATL,GA,ASO,ES,Towers with Radar,1723,136,12,0,1871,0,0,0,0,0,1723,136,12,0,1871,0,0,0,1871
01/21/2019,ATL,GA,ASO,ES,Towers with Radar,2185,230,11,0,2426,0,0,5,0,5,2185,230,16,0,2431,0,0,0,2431
01/22/2019,ATL,GA,ASO,ES,Towers with Radar,2158,229,17,0,2404,0,0,20,0,20,2158,229,37,0,2424,0,0,0,2424
01/23/2019,ATL,GA,ASO,ES,Towers with Radar,2168,226,14,0,2408,0,0,0,0,0,2168,226,14,0,2408,0,0,0,2408
01/24/2019,ATL,GA,ASO,ES,Towers with Radar,2303,236,20,0,2559,0,0,11,0,11,2303,236,31,0,2570,0,0,0,2570
01/25/2019,ATL,GA,ASO,ES,Towers with Radar,2261,229,10,1,2501,0,3,8,0,11,2261,232,18,1,2512,0,0,0,2512
01/26/2019,ATL,GA,ASO,ES,Towers with Radar,1696,136,9,0,1841,0,0,5,0,5,1696,136,14,0,1846,0,0,0,1846
01/27/2019,ATL,GA,ASO,ES,Towers with Radar,2038,201,11,0,2250,0,0,15,0,15,2038,201,26,0,2265,0,0,0,2265
01/28/2019,ATL,GA,ASO,ES,Towers with Radar,2209,231,9,0,2449,0,0,15,0,15,2209,231,24,0,2464,0,0,0,2464
01/29/2019,ATL,GA,ASO,ES,Towers with Radar,1985,172,16,0,2173,0,0,7,0,7,1985,172,23,0,2180,0,0,0,2180
01/30/2019,ATL,GA,ASO,ES,Towers with Radar,2137,230,14,2,2383,0,0,13,0,13,2137,230,27,2,2396,0,0,0,2396
01/31/2019,ATL,GA,ASO,ES,Towers with Radar,2258,238,23,0,2519,0,0,25,0,25,2258,238,48,0,2544,0,0,0,2544
02/01/2019,ATL,GA,ASO,ES,Towers with Radar,2298,258,31,0,2587,0,0,15,0,15,2298,258,46,0,2602,0,0,0,2602
02/02/2019,ATL,GA,ASO,ES,Towers with Radar,1653,153,32,0,1838,0,0,20,0,20,1653,153,52,0,1858,0,0,0,1858
02/03/2019,ATL,GA,ASO,ES,Towers with Radar,1719,150,37,1,1907,0,0,16,0,16,1719,150,53,1,1923,0,0,0,1923
02/04/2019,ATL,GA,ASO,ES,Towers with Radar,2320,284,49,0,2653,0,1,4,0,5,2320,285,53,0,2658,0,0,0,2658
02/05/2019,ATL,GA,ASO,ES,Towers with Radar,2189,222,21,0,2432,0,0,4,0,4,2189,222,25,0,2436,0,0,0,2436
02/06/2019,ATL,GA,ASO,ES,Towers with Radar,2203,238,19,0,2460,0,0,9,0,9,2203,238,28,0,2469,0,0,0,2469
02/07/2019,ATL,GA,ASO,ES,Towers with Radar,2230,238,25,0,2493,0,0,8,0,8,2230,238,33,0,2501,0,0,0,2501
02/08/2019,ATL,GA,ASO,ES,Towers with Radar,2254,236,17,0,2507,0,0,10,0,10,2254,236,27,0,2517,0,0,0,2517
02/09/2019,ATL,GA,ASO,ES,Towers with Radar,1658,150,9,0,1817,0,0,3,0,3,1658,150,12,0,1820,0,0,0,1820
02/10/2019,ATL,GA,ASO,ES,Towers with Radar,2029,190,17,0,2236,0,0,2,0,2,2029,190,19,0,2238,0,0,0,2238
02/11/2019,ATL,GA,ASO,ES,Towers with Radar,2254,240,33,0,2527,0,0,0,0,0,2254,240,33,0,2527,0,0,0,2527
02/12/2019,ATL,GA,ASO,ES,Towers with Radar,2138,221,24,0,2383,0,0,0,0,0,2138,221,24,0,2383,0,0,0,2383
02/13/2019,ATL,GA,ASO,ES,Towers with Radar,2179,241,27,0,2447,0,0,10,0,10,2179,241,37,0,2457,0,0,0,2457
02/14/2019,ATL,GA,ASO,ES,Towers with Radar,2260,231,15,0,2506,0,3,8,0,11,2260,234,23,0,2517,0,0,0,2517
02/15/2019,ATL,GA,ASO,ES,Towers with Radar,2251,231,8,0,2490,0,0,0,0,0,2251,231,8,0,2490,0,0,0,2490
02/16/2019,ATL,GA,ASO,ES,Towers with Radar,1631,130,8,0,1769,0,0,6,0,6,1631,130,14,0,1775,0,0,0,1775
02/17/2019,ATL,GA,ASO,ES,Towers with Radar,1764,135,13,0,1912,0,1,0,0,1,1764,136,13,0,1913,0,0,0,1913
02/18/2019,ATL,GA,ASO,ES,Towers with Radar,2183,225,18,0,2426,0,0,2,0,2,2183,225,20,0,2428,0,0,0,2428
02/19/2019,ATL,GA,ASO,ES,Towers with Radar,2165,238,6,0,2409,0,0,0,0,0,2165,238,6,0,2409,0,0,0,2409
02/20/2019,ATL,GA,ASO,ES,Towers with Radar,2111,246,26,0,2383,0,0,0,0,0,2111,246,26,0,2383,0,0,0,2383
02/21/2019,ATL,GA,ASO,ES,Towers with Radar,2366,269,47,0,2682,0,0,0,0,0,2366,269,47,0,2682,0,0,0,2682
02/22/2019,ATL,GA,ASO,ES,Towers with Radar,2279,251,33,0,2563,0,0,0,0,0,2279,251,33,0,2563,0,0,0,2563
02/23/2019,ATL,GA,ASO,ES,Towers with Radar,1738,147,30,0,1915,0,0,0,0,0,1738,147,30,0,1915,0,0,0,1915
02/24/2019,ATL,GA,ASO,ES,Towers with Radar,2044,194,37,0,2275,0,0,0,0,0,2044,194,37,0,2275,0,0,0,2275
02/25/2019,ATL,GA,ASO,ES,Towers with Radar,2246,229,7,2,2484,0,0,10,0,10,2246,229,17,2,2494,0,0,0,2494
02/26/2019,ATL,GA,ASO,ES,Towers with Radar,2208,235,29,2,2474,0,3,30,0,33,2208,238,59,2,2507,0,0,0,2507
02/27/2019,ATL,GA,ASO,ES,Towers with Radar,2197,234,12,1,2444,0,0,13,2,15,2197,234,25,3,2459,0,0,0,2459
02/28/2019,ATL,GA,ASO,ES,Towers with Radar,2253,233,8,0,2494,0,0,6,0,6,2253,233,14,0,2500,0,0,0,2500
03/01/2019,ATL,GA,ASO,ES,Towers with Radar,2270,240,16,0,2526,0,0,2,0,2,2270,240,18,0,2528,0,0,0,2528
03/02/2019,ATL,GA,ASO,ES,Towers with Radar,1919,180,13,0,2112,0,0,6,0,6,1919,180,19,0,2118,0,0,0,2118
03/03/2019,ATL,GA,ASO,ES,Towers with Radar,2202,215,5,0,2422,0,0,0,0,0,2202,215,5,0,2422,0,0,0,2422
03/04/2019,ATL,GA,ASO,ES,Towers with Radar,2338,247,14,0,2599,0,2,0,0,2,2338,249,14,0,2601,0,0,0,2601
03/05/2019,ATL,GA,ASO,ES,Towers with Radar,2332,252,17,0,2601,0,0,2,0,2,2332,252,19,0,2603,0,0,0,2603
03/06/2019,ATL,GA,ASO,ES,Towers with Radar,2321,249,19,0,2589,0,0,9,0,9,2321,249,28,0,2598,0,0,0,2598
03/07/2019,ATL,GA,ASO,ES,Towers with Radar,2365,246,20,1,2632,0,0,12,0,12,2365,246,32,1,2644,0,0,0,2644
03/08/2019,ATL,GA,ASO,ES,Towers with Radar,2338,252,17,0,2607,0,3,5,0,8,2338,255,22,0,2615,0,0,0,2615
03/09/2019,ATL,GA,ASO,ES,Towers with Radar,1977,184,6,0,2167,0,0,6,0,6,1977,184,12,0,2173,0,0,0,2173
03/10/2019,ATL,GA,ASO,ES,Towers with Radar,2225,218,10,0,2453,0,0,2,0,2,2225,218,12,0,2455,0,0,0,2455
03/11/2019,ATL,GA,ASO,ES,Towers with Radar,2372,241,14,0,2627,0,0,3,0,3,2372,241,17,0,2630,0,0,0,2630
03/12/2019,ATL,GA,ASO,ES,Towers with Radar,2345,253,13,3,2614,0,0,4,0,4,2345,253,17,3,2618,0,0,0,2618
03/13/2019,ATL,GA,ASO,ES,Towers with Radar,2288,252,18,0,2558,0,1,10,0,11,2288,253,28,0,2569,0,0,0,2569
03/14/2019,ATL,GA,ASO,ES,Towers with Radar,2353,253,26,0,2632,0,0,4,0,4,2353,253,30,0,2636,0,0,0,2636
03/15/2019,ATL,GA,ASO,ES,Towers with Radar,2381,247,12,1,2641,0,0,6,0,6,2381,247,18,1,2647,0,0,0,2647
03/16/2019,ATL,GA,ASO,ES,Towers with Radar,1982,181,27,0,2190,0,0,4,0,4,1982,181,31,0,2194,0,0,0,2194
03/17/2019,ATL,GA,ASO,ES,Towers with Radar,2255,225,6,0,2486,0,0,2,0,2,2255,225,8,0,2488,0,0,0,2488
03/18/2019,ATL,GA,ASO,ES,Towers with Radar,2360,252,16,0,2628,0,0,4,0,4,2360,252,20,0,2632,0,0,0,2632
03/19/2019,ATL,GA,ASO,ES,Towers with Radar,2303,249,17,0,2569,0,0,14,0,14,2303,249,31,0,2583,0,0,0,2583
03/20/2019,ATL,GA,ASO,ES,Towers with Radar,2331,246,23,1,2601,0,0,10,0,10,2331,246,33,1,2611,0,0,0,2611
03/21/2019,ATL,GA,ASO,ES,Towers with Radar,2364,248,13,3,2628,0,0,8,0,8,2364,248,21,3,2636,0,0,0,2636
03/22/2019,ATL,GA,ASO,ES,Towers with Radar,2357,258,17,1,2633,0,0,12,0,12,2357,258,29,1,2645,0,0,0,2645
03/23/2019,ATL,GA,ASO,ES,Towers with Radar,1979,177,12,0,2168,0,0,2,0,2,1979,177,14,0,2170,0,0,0,2170
03/24/2019,ATL,GA,ASO,ES,Towers with Radar,2269,225,14,1,2509,0,0,6,0,6,2269,225,20,1,2515,0,0,0,2515
03/25/2019,ATL,GA,ASO,ES,Towers with Radar,2316,241,9,0,2566,0,0,3,0,3,2316,241,12,0,2569,0,0,0,2569
03/26/2019,ATL,GA,ASO,ES,Towers with Radar,2375,257,10,0,2642,0,0,1,0,1,2375,257,11,0,2643,0,0,0,2643
03/27/2019,ATL,GA,ASO,ES,Towers with Radar,2310,257,25,0,2592,0,0,11,0,11,2310,257,36,0,2603,0,0,0,2603
03/28/2019,ATL,GA,ASO,ES,Towers with Radar,2368,244,8,2,2622,0,0,10,1,11,2368,244,18,3,2633,0,0,0,2633
03/29/2019,ATL,GA,ASO,ES,Towers with Radar,2358,250,15,1,2624,0,1,5,0,6,2358,251,20,1,2630,0,0,0,2630
03/30/2019,ATL,GA,ASO,ES,Towers with Radar,1997,182,7,0,2186,0,0,7,0,7,1997,182,14,0,2193,0,0,0,2193
03/31/2019,ATL,GA,ASO,ES,Towers with Radar,2256,243,10,0,2509,0,0,0,0,0,2256,243,10,0,2509,0,0,0,2509
04/01/2019,ATL,GA,ASO,ES,Towers with Radar,2325,267,20,0,2612,0,0,0,0,0,2325,267,20,0,2612,0,0,0,2612
04/02/2019,ATL,GA,ASO,ES,Towers with Radar,2338,250,13,0,2601,0,0,7,0,7,2338,250,20,0,2608,0,0,0,2608
04/03/2019,ATL,GA,ASO,ES,Towers with Radar,2313,248,16,0,2577,0,1,11,0,12,2313,249,27,0,2589,0,0,0,2589
04/04/2019,ATL,GA,ASO,ES,Towers with Radar,2369,249,10,0,2628,0,0,2,0,2,2369,249,12,0,2630,0,0,0,2630
04/05/2019,ATL,GA,ASO,ES,Towers with Radar,2341,256,17,0,2614,0,0,2,0,2,2341,256,19,0,2616,0,0,0,2616
04/06/2019,ATL,GA,ASO,ES,Towers with Radar,1906,162,9,0,2077,0,0,5,0,5,1906,162,14,0,2082,0,0,0,2082
04/07/2019,ATL,GA,ASO,ES,Towers with Radar,2238,222,9,0,2469,0,2,4,0,6,2238,224,13,0,2475,0,0,0,2475
04/08/2019,ATL,GA,ASO,ES,Towers with Radar,2357,255,18,0,2630,0,0,0,0,0,2357,255,18,0,2630,0,0,0,2630
04/09/2019,ATL,GA,ASO,ES,Towers with Radar,2315,266,32,0,2613,0,0,3,0,3,2315,266,35,0,2616,0,0,0,2616
04/10/2019,ATL,GA,ASO,ES,Towers with Radar,2334,266,35,0,2635,0,0,9,0,9,2334,266,44,0,2644,0,0,0,2644
04/11/2019,ATL,GA,ASO,ES,Towers with Radar,2369,262,30,0,2661,0,0,11,0,11,2369,262,41,0,2672,0,0,0,2672
04/12/2019,ATL,GA,ASO,ES,Towers with Radar,2352,265,36,1,2654,0,0,6,0,6,2352,265,42,1,2660,0,0,0,2660
04/13/2019,ATL,GA,ASO,ES,Towers with Radar,1891,172,20,0,2083,0,0,5,0,5,1891,172,25,0,2088,0,0,0,2088
04/14/2019,ATL,GA,ASO,ES,Towers with Radar,2121,202,20,0,2343,0,0,0,0,0,2121,202,20,0,2343,0,0,0,2343
04/15/2019,ATL,GA,ASO,ES,Towers with Radar,2428,266,7,0,2701,0,0,8,0,8,2428,266,15,0,2709,0,0,0,2709
04/16/2019,ATL,GA,ASO,ES,Towers with Radar,2342,247,25,0,2614,0,0,7,0,7,2342,247,32,0,2621,0,0,0,2621
04/17/2019,ATL,GA,ASO,ES,Towers with Radar,2318,247,17,0,2582,0,0,10,0,10,2318,247,27,0,2592,0,0,0,2592
04/18/2019,ATL,GA,ASO,ES,Towers with Radar,2370,251,22,0,2643,0,3,6,0,9,2370,254,28,0,2652,0,0,0,2652
04/19/2019,ATL,GA,ASO,ES,Towers with Radar,2154,244,8,0,2406,0,0,0,0,0,2154,244,8,0,2406,0,0,0,2406
04/20/2019,ATL,GA,ASO,ES,Towers with Radar,1932,173,14,1,2120,0,0,4,0,4,1932,173,18,1,2124,0,0,0,2124
04/21/2019,ATL,GA,ASO,ES,Towers with Radar,2173,207,11,4,2395,0,0,2,0,2,2173,207,13,4,2397,0,0,0,2397
04/22/2019,ATL,GA,ASO,ES,Towers with Radar,2356,244,19,1,2620,0,0,4,0,4,2356,244,23,1,2624,0,0,0,2624
04/23/2019,ATL,GA,ASO,ES,Towers with Radar,2319,256,9,3,2587,0,0,10,0,10,2319,256,19,3,2597,0,0,0,2597
04/24/2019,ATL,GA,ASO,ES,Towers with Radar,2334,252,18,5,2609,0,1,9,1,11,2334,253,27,6,2620,0,0,0,2620
04/25/2019,ATL,GA,ASO,ES,Towers with Radar,2369,242,11,1,2623,0,0,6,1,7,2369,242,17,2,2630,0,0,0,2630
04/26/2019,ATL,GA,ASO,ES,Towers with Radar,2364,265,17,0,2646,0,0,4,0,4,2364,265,21,0,2650,0,0,0,2650
04/27/2019,ATL,GA,ASO,ES,Towers with Radar,1899,164,4,0,2067,0,1,10,1,12,1899,165,14,1,2079,0,0,0,2079
04/28/2019,ATL,GA,ASO,ES,Towers with Radar,2242,234,16,0,2492,0,3,4,0,7,2242,237,20,0,2499,0,0,0,2499
04/29/2019,ATL,GA,ASO,ES,Towers with Radar,2354,245,7,2,2608,0,0,2,0,2,2354,245,9,2,2610,0,0,0,2610
04/30/2019,ATL,GA,ASO,ES,Towers with Radar,2327,249,8,0,2584,0,2,8,0,10,2327,251,16,0,2594,0,0,0,2594
05/01/2019,ATL,GA,ASO,ES,Towers with Radar,2345,262,9,0,2616,0,0,8,0,8,2345,262,17,0,2624,0,0,0,2624
05/02/2019,ATL,GA,ASO,ES,Towers with Radar,2374,280,15,4,2673,0,0,7,1,8,2374,280,22,5,2681,0,0,0,2681
05/03/2019,ATL,GA,ASO,ES,Towers with Radar,2373,265,17,3,2658,0,0,0,0,0,2373,265,17,3,2658,0,0,0,2658
05/04/2019,ATL,GA,ASO,ES,Towers with Radar,1923,158,7,2,2090,0,2,2,0,4,1923,160,9,2,2094,0,0,0,2094
05/05/2019,ATL,GA,ASO,ES,Towers with Radar,2228,235,4,0,2467,0,2,1,0,3,2228,237,5,0,2470,0,0,0,2470
05/06/2019,ATL,GA,ASO,ES,Towers with Radar,2404,263,17,0,2684,0,0,5,0,5,2404,263,22,0,2689,0,0,0,2689
05/07/2019,ATL,GA,ASO,ES,Towers with Radar,2355,256,17,0,2628,0,0,8,3,11,2355,256,25,3,2639,0,0,0,2639
05/08/2019,ATL,GA,ASO,ES,Towers with Radar,2352,257,17,0,2626,0,0,6,0,6,2352,257,23,0,2632,0,0,0,2632
05/09/2019,ATL,GA,ASO,ES,Towers with Radar,2393,255,16,0,2664,0,0,8,0,8,2393,255,24,0,2672,0,0,0,2672
05/10/2019,ATL,GA,ASO,ES,Towers with Radar,2425,263,21,0,2709,0,0,2,0,2,2425,263,23,0,2711,0,0,0,2711
05/11/2019,ATL,GA,ASO,ES,Towers with Radar,1834,157,7,0,1998,0,0,4,0,4,1834,157,11,0,2002,0,0,0,2002
05/12/2019,ATL,GA,ASO,ES,Towers with Radar,2172,223,5,0,2400,0,0,0,0,0,2172,223,5,0,2400,0,0,0,2400
05/13/2019,ATL,GA,ASO,ES,Towers with Radar,2394,261,14,0,2669,0,0,3,0,3,2394,261,17,0,2672,0,0,0,2672
05/14/2019,ATL,GA,ASO,ES,Towers with Radar,2379,254,17,0,2650,0,0,8,1,9,2379,254,25,1,2659,0,0,0,2659
05/15/2019,ATL,GA,ASO,ES,Towers with Radar,2354,260,15,0,2629,0,0,12,0,12,2354,260,27,0,2641,0,0,0,2641
05/16/2019,ATL,GA,ASO,ES,Towers with Radar,2412,267,15,0,2694,0,0,4,0,4,2412,267,19,0,2698,0,0,0,2698
05/17/2019,ATL,GA,ASO,ES,Towers with Radar,2406,267,14,0,2687,0,0,4,0,4,2406,267,18,0,2691,0,0,0,2691
05/18/2019,ATL,GA,ASO,ES,Towers with Radar,1936,175,12,0,2123,0,0,7,0,7,1936,175,19,0,2130,0,0,0,2130
05/19/2019,ATL,GA,ASO,ES,Towers with Radar,2236,240,13,0,2489,0,1,5,0,6,2236,241,18,0,2495,0,0,0,2495
05/20/2019,ATL,GA,ASO,ES,Towers with Radar,2398,271,17,0,2686,0,0,4,0,4,2398,271,21,0,2690,0,0,0,2690
05/21/2019,ATL,GA,ASO,ES,Towers with Radar,2368,264,22,0,2654,0,0,10,1,11,2368,264,32,1,2665,0,0,0,2665
05/22/2019,ATL,GA,ASO,ES,Towers with Radar,2380,256,11,0,2647,0,0,7,0,7,2380,256,18,0,2654,0,0,0,2654
05/23/2019,ATL,GA,ASO,ES,Towers with Radar,2422,269,9,0,2700,0,2,8,0,10,2422,271,17,0,2710,0,0,0,2710
05/24/2019,ATL,GA,ASO,ES,Towers with Radar,2425,261,14,0,2700,0,0,4,0,4,2425,261,18,0,2704,0,0,0,2704
05/25/2019,ATL,GA,ASO,ES,Towers with Radar,1854,154,8,0,2016,0,0,6,1,7,1854,154,14,1,2023,0,0,0,2023
05/26/2019,ATL,GA,ASO,ES,Towers with Radar,1821,151,7,0,1979,0,0,4,0,4,1821,151,11,0,1983,0,0,0,1983
05/27/2019,ATL,GA,ASO,ES,Towers with Radar,2239,234,7,0,2480,0,0,3,0,3,2239,234,10,0,2483,0,0,0,2483
05/28/2019,ATL,GA,ASO,ES,Towers with Radar,2354,249,14,0,2617,0,0,3,0,3,2354,249,17,0,2620,0,0,0,2620
05/29/2019,ATL,GA,ASO,ES,Towers with Radar,2349,260,14,0,2623,0,0,2,0,2,2349,260,16,0,2625,0,0,0,2625
05/30/2019,ATL,GA,ASO,ES,Towers with Radar,2442,262,23,0,2727,0,0,2,0,2,2442,262,25,0,2729,0,0,0,2729
05/31/2019,ATL,GA,ASO,ES,Towers with Radar,2423,264,12,0,2699,0,0,2,0,2,2423,264,14,0,2701,0,0,0,2701
06/01/2019,ATL,GA,ASO,ES,Towers with Radar,1943,163,8,0,2114,0,0,1,1,2,1943,163,9,1,2116,0,0,0,2116
06/02/2019,ATL,GA,ASO,ES,Towers with Radar,2282,232,13,0,2527,0,0,2,0,2,2282,232,15,0,2529,0,0,0,2529
06/03/2019,ATL,GA,ASO,ES,Towers with Radar,2426,270,11,0,2707,0,0,2,0,2,2426,270,13,0,2709,0,0,0,2709
06/04/2019,ATL,GA,ASO,ES,Towers with Radar,2373,261,13,0,2647,0,0,2,0,2,2373,261,15,0,2649,0,0,0,2649
06/05/2019,ATL,GA,ASO,ES,Towers with Radar,2362,256,20,0,2638,0,0,5,0,5,2362,256,25,0,2643,0,0,0,2643
06/06/2019,ATL,GA,ASO,ES,Towers with Radar,2442,278,11,0,2731,0,0,10,0,10,2442,278,21,0,2741,0,0,0,2741
06/07/2019,ATL,GA,ASO,ES,Towers with Radar,2385,268,5,0,2658,0,0,6,0,6,2385,268,11,0,2664,0,0,0,2664
06/08/2019,ATL,GA,ASO,ES,Towers with Radar,1754,174,9,0,1937,0,0,0,0,0,1754,174,9,0,1937,0,0,0,1937
06/09/2019,ATL,GA,ASO,ES,Towers with Radar,2309,223,13,1,2546,0,0,1,0,1,2309,223,14,1,2547,0,0,0,2547
06/10/2019,ATL,GA,ASO,ES,Towers with Radar,2413,254,18,0,2685,0,3,2,0,5,2413,257,20,0,2690,0,0,0,2690
06/11/2019,ATL,GA,ASO,ES,Towers with Radar,2451,278,15,2,2746,0,2,11,0,13,2451,280,26,2,2759,0,0,0,2759
06/12/2019,ATL,GA,ASO,ES,Towers with Radar,2463,273,18,0,2754,0,2,4,0,6,2463,275,22,0,2760,0,0,0,2760
06/13/2019,ATL,GA,ASO,ES,Towers with Radar,2482,280,16,0,2778,0,0,5,0,5,2482,280,21,0,2783,0,0,0,2783
06/14/2019,ATL,GA,ASO,ES,Towers with Radar,2469,267,13,0,2749,0,0,11,0,11,2469,267,24,0,2760,0,0,0,2760
06/15/2019,ATL,GA,ASO,ES,Towers with Radar,2069,185,9,0,2263,0,0,9,0,9,2069,185,18,0,2272,0,0,0,2272
06/16/2019,ATL,GA,ASO,ES,Towers with Radar,2324,244,13,0,2581,0,0,2,0,2,2324,244,15,0,2583,0,0,0,2583
06/17/2019,ATL,GA,ASO,ES,Towers with Radar,2422,267,6,0,2695,0,1,5,1,7,2422,268,11,1,2702,0,0,0,2702
06/18/2019,ATL,GA,ASO,ES,Towers with Radar,2443,255,13,0,2711,0,0,2,0,2,2443,255,15,0,2713,0,0,0,2713
06/19/2019,ATL,GA,ASO,ES,Towers with Radar,2409,254,18,0,2681,0,0,12,0,12,2409,254,30,0,2693,0,0,0,2693
06/20/2019,ATL,GA,ASO,ES,Towers with Radar,2517,261,13,0,2791,0,0,9,0,9,2517,261,22,0,2800,0,0,0,2800
06/21/2019,ATL,GA,ASO,ES,Towers with Radar,2494,272,7,0,2773,0,2,8,0,10,2494,274,15,0,2783,0,0,0,2783
06/22/2019,ATL,GA,ASO,ES,Towers with Radar,2084,193,5,0,2282,0,0,10,0,10,2084,193,15,0,2292,0,0,0,2292
06/23/2019,ATL,GA,ASO,ES,Towers with Radar,2300,231,17,0,2548,0,0,0,0,0,2300,231,17,0,2548,0,0,0,2548
06/24/2019,ATL,GA,ASO,ES,Towers with Radar,2521,263,17,0,2801,0,0,5,0,5,2521,263,22,0,2806,0,0,0,2806
06/25/2019,ATL,GA,ASO,ES,Towers with Radar,2496,266,17,0,2779,0,0,12,0,12,2496,266,29,0,2791,0,0,0,2791
06/26/2019,ATL,GA,ASO,ES,Towers with Radar,2480,262,19,0,2761,0,0,5,0,5,2480,262,24,0,2766,0,0,0,2766
06/27/2019,ATL,GA,ASO,ES,Towers with Radar,2487,272,20,3,2782,0,0,4,1,5,2487,272,24,4,2787,0,0,0,2787
06/28/2019,ATL,GA,ASO,ES,Towers with Radar,2491,270,10,0,2771,0,0,11,0,11,2491,270,21,0,2782,0,0,0,2782
06/29/2019,ATL,GA,ASO,ES,Towers with Radar,2073,201,9,0,2283,0,2,6,0,8,2073,203,15,0,2291,0,0,0,2291
06/30/2019,ATL,GA,ASO,ES,Towers with Radar,2159,207,13,0,2379,0,1,4,0,5,2159,208,17,0,2384,0,0,0,2384
07/01/2019,ATL,GA,ASO,ES,Towers with Radar,2127,204,10,0,2341,0,0,1,0,1,2127,204,11,0,2342,0,0,0,2342
07/02/2019,ATL,GA,ASO,ES,Towers with Radar,2094,201,6,2,2303,0,0,8,0,8,2094,201,14,2,2311,0,0,0,2311
07/03/2019,ATL,GA,ASO,ES,Towers with Radar,2198,204,6,3,2411,0,0,12,0,12,2198,204,18,3,2423,0,0,0,2423
07/04/2019,ATL,GA,ASO,ES,Towers with Radar,1830,155,4,0,1989,0,0,16,0,16,1830,155,20,0,2005,0,0,0,2005
07/05/2019,ATL,GA,ASO,ES,Towers with Radar,1827,174,10,1,2012,0,0,3,0,3,1827,174,13,1,2015,0,0,0,2015
07/06/2019,ATL,GA,ASO,ES,Towers with Radar,2034,194,12,0,2240,0,0,5,0,5,2034,194,17,0,2245,0,0,0,2245
07/07/2019,ATL,GA,ASO,ES,Towers with Radar,2384,255,10,0,2649,0,0,0,0,0,2384,255,10,0,2649,0,0,0,2649
07/08/2019,ATL,GA,ASO,ES,Towers with Radar,2490,281,15,1,2787,0,2,2,0,4,2490,283,17,1,2791,0,0,0,2791
07/09/2019,ATL,GA,ASO,ES,Towers with Radar,2494,275,16,0,2785,0,0,10,0,10,2494,275,26,0,2795,0,0,0,2795
07/10/2019,ATL,GA,ASO,ES,Towers with Radar,2482,284,26,0,2792,0,0,6,0,6,2482,284,32,0,2798,0,0,0,2798
07/11/2019,ATL,GA,ASO,ES,Towers with Radar,2439,270,12,0,2721,0,0,10,0,10,2439,270,22,0,2731,0,0,0,2731
07/12/2019,ATL,GA,ASO,ES,Towers with Radar,2512,280,21,0,2813,0,0,8,0,8,2512,280,29,0,2821,0,0,0,2821
07/13/2019,ATL,GA,ASO,ES,Towers with Radar,2098,187,4,0,2289,0,0,3,0,3,2098,187,7,0,2292,0,0,0,2292
07/14/2019,ATL,GA,ASO,ES,Towers with Radar,2363,243,3,0,2609,0,0,1,0,1,2363,243,4,0,2610,0,0,0,2610
07/15/2019,ATL,GA,ASO,ES,Towers with Radar,2484,262,13,0,2759,0,0,6,0,6,2484,262,19,0,2765,0,0,0,2765
07/16/2019,ATL,GA,ASO,ES,Towers with Radar,2475,267,15,0,2757,0,2,10,2,14,2475,269,25,2,2771,0,0,0,2771
07/17/2019,ATL,GA,ASO,ES,Towers with Radar,2380,259,10,0,2649,0,0,30,0,30,2380,259,40,0,2679,0,0,0,2679
07/18/2019,ATL,GA,ASO,ES,Towers with Radar,2476,263,20,0,2759,0,0,5,0,5,2476,263,25,0,2764,0,0,0,2764
07/19/2019,ATL,GA,ASO,ES,Towers with Radar,2329,238,11,1,2579,0,1,27,0,28,2329,239,38,1,2607,0,0,0,2607
07/20/2019,ATL,GA,ASO,ES,Towers with Radar,2206,202,8,1,2417,0,0,2,0,2,2206,202,10,1,2419,0,0,0,2419
07/21/2019,ATL,GA,ASO,ES,Towers with Radar,2370,245,10,0,2625,0,0,4,0,4,2370,245,14,0,2629,0,0,0,2629
07/22/2019,ATL,GA,ASO,ES,Towers with Radar,2462,274,5,0,2741,0,0,4,0,4,2462,274,9,0,2745,0,0,0,2745
07/23/2019,ATL,GA,ASO,ES,Towers with Radar,2484,267,12,0,2763,0,0,7,0,7,2484,267,19,0,2770,0,0,0,2770
07/24/2019,ATL,GA,ASO,ES,Towers with Radar,2510,279,7,0,2796,0,0,12,0,12,2510,279,19,0,2808,0,0,0,2808
07/25/2019,ATL,GA,ASO,ES,Towers with Radar,2517,268,23,0,2808,0,0,10,0,10,2517,268,33,0,2818,0,0,0,2818
07/26/2019,ATL,GA,ASO,ES,Towers with Radar,2483,273,12,0,2768,0,0,7,0,7,2483,273,19,0,2775,0,0,0,2775
07/27/2019,ATL,GA,ASO,ES,Towers with Radar,2096,189,11,0,2296,0,0,8,0,8,2096,189,19,0,2304,0,0,0,2304
07/28/2019,ATL,GA,ASO,ES,Towers with Radar,2381,247,14,0,2642,0,0,4,1,5,2381,247,18,1,2647,0,0,0,2647
07/29/2019,ATL,GA,ASO,ES,Towers with Radar,2478,269,9,0,2756,0,0,0,0,0,2478,269,9,0,2756,0,0,0,2756
07/30/2019,ATL,GA,ASO,ES,Towers with Radar,2481,258,11,0,2750,0,0,11,0,11,2481,258,22,0,2761,0,0,0,2761
07/31/2019,ATL,GA,ASO,ES,Towers with Radar,2440,275,12,0,2727,0,1,9,0,10,2440,276,21,0,2737,0,0,0,2737
08/01/2019,ATL,GA,ASO,ES,Towers with Radar,2449,267,13,0,2729,0,0,1,0,1,2449,267,14,0,2730,0,0,0,2730
08/02/2019,ATL,GA,ASO,ES,Towers with Radar,2578,280,10,0,2868,0,2,7,0,9,2578,282,17,0,2877,0,0,0,2877
08/03/2019,ATL,GA,ASO,ES,Towers with Radar,2092,196,6,1,2295,0,0,4,0,4,2092,196,10,1,2299,0,0,0,2299
08/04/2019,ATL,GA,ASO,ES,Towers with Radar,2384,248,6,0,2638,0,0,2,0,2,2384,248,8,0,2640,0,0,0,2640
08/05/2019,ATL,GA,ASO,ES,Towers with Radar,2492,261,10,0,2763,0,0,4,0,4,2492,261,14,0,2767,0,0,0,2767
08/06/2019,ATL,GA,ASO,ES,Towers with Radar,2489,278,14,0,2781,0,0,2,0,2,2489,278,16,0,2783,0,0,0,2783
08/07/2019,ATL,GA,ASO,ES,Towers with Radar,2393,284,33,0,2710,0,0,2,0,2,2393,284,35,0,2712,0,0,0,2712
08/08/2019,ATL,GA,ASO,ES,Towers with Radar,2502,280,17,0,2799,0,0,5,0,5,2502,280,22,0,2804,0,0,0,2804
08/09/2019,ATL,GA,ASO,ES,Towers with Radar,2503,276,8,0,2787,0,0,6,0,6,2503,276,14,0,2793,0,0,0,2793
08/10/2019,ATL,GA,ASO,ES,Towers with Radar,2077,202,7,0,2286,0,1,6,1,8,2077,203,13,1,2294,0,0,0,2294
08/11/2019,ATL,GA,ASO,ES,Towers with Radar,2375,261,11,0,2647,0,0,1,0,1,2375,261,12,0,2648,0,0,0,2648
08/12/2019,ATL,GA,ASO,ES,Towers with Radar,2419,261,15,2,2697,0,0,3,0,3,2419,261,18,2,2700,0,0,0,2700
08/13/2019,ATL,GA,ASO,ES,Towers with Radar,2385,262,15,1,2663,0,1,5,0,6,2385,263,20,1,2669,0,0,0,2669
08/14/2019,ATL,GA,ASO,ES,Towers with Radar,2420,276,13,2,2711,0,0,9,0,9,2420,276,22,2,2720,0,0,0,2720
08/15/2019,ATL,GA,ASO,ES,Towers with Radar,2424,269,9,0,2702,0,0,11,0,11,2424,269,20,0,2713,0,0,0,2713
08/16/2019,ATL,GA,ASO,ES,Towers with Radar,2439,279,12,2,2732,0,0,6,0,6,2439,279,18,2,2738,0,0,0,2738
08/17/2019,ATL,GA,ASO,ES,Towers with Radar,1961,187,8,0,2156,0,0,8,0,8,1961,187,16,0,2164,0,0,0,2164
08/18/2019,ATL,GA,ASO,ES,Towers with Radar,2288,249,7,2,2546,0,0,4,0,4,2288,249,11,2,2550,0,0,0,2550
08/19/2019,ATL,GA,ASO,ES,Towers with Radar,2374,260,11,2,2647,0,1,5,0,6,2374,261,16,2,2653,0,0,0,2653
08/20/2019,ATL,GA,ASO,ES,Towers with Radar,2351,254,16,0,2621,0,0,6,2,8,2351,254,22,2,2629,0,0,0,2629
08/21/2019,ATL,GA,ASO,ES,Towers with Radar,2379,255,13,0,2647,0,0,5,0,5,2379,255,18,0,2652,0,0,0,2652
08/22/2019,ATL,GA,ASO,ES,Towers with Radar,2437,261,16,0,2714,0,0,8,0,8,2437,261,24,0,2722,0,0,0,2722
08/23/2019,ATL,GA,ASO,ES,Towers with Radar,2414,261,15,0,2690,0,0,7,0,7,2414,261,22,0,2697,0,0,0,2697
08/24/2019,ATL,GA,ASO,ES,Towers with Radar,1978,168,12,0,2158,0,0,2,0,2,1978,168,14,0,2160,0,0,0,2160
08/25/2019,ATL,GA,ASO,ES,Towers with Radar,2281,240,19,0,2540,0,0,2,0,2,2281,240,21,0,2542,0,0,0,2542
08/26/2019,ATL,GA,ASO,ES,Towers with Radar,2389,263,12,2,2666,0,0,5,0,5,2389,263,17,2,2671,0,0,0,2671
08/27/2019,ATL,GA,ASO,ES,Towers with Radar,2357,279,12,0,2648,0,0,6,0,6,2357,279,18,0,2654,0,0,0,2654
08/28/2019,ATL,GA,ASO,ES,Towers with Radar,2354,281,10,4,2649,0,0,11,0,11,2354,281,21,4,2660,0,0,0,2660
08/29/2019,ATL,GA,ASO,ES,Towers with Radar,2428,277,7,2,2714,0,0,10,0,10,2428,277,17,2,2724,0,0,0,2724
08/30/2019,ATL,GA,ASO,ES,Towers with Radar,2401,265,13,0,2679,0,0,4,0,4,2401,265,17,0,2683,0,0,0,2683
08/31/2019,ATL,GA,ASO,ES,Towers with Radar,1778,145,9,0,1932,0,1,9,0,10,1778,146,18,0,1942,0,0,0,1942
09/01/2019,ATL,GA,ASO,ES,Towers with Radar,1708,134,15,0,1857,0,0,4,0,4,1708,134,19,0,1861,0,0,0,1861
09/02/2019,ATL,GA,ASO,ES,Towers with Radar,2038,191,9,0,2238,0,0,2,0,2,2038,191,11,0,2240,0,0,0,2240
09/03/2019,ATL,GA,ASO,ES,Towers with Radar,2051,196,14,0,2261,0,0,8,0,8,2051,196,22,0,2269,0,0,0,2269
09/04/2019,ATL,GA,ASO,ES,Towers with Radar,2050,191,13,0,2254,0,0,8,0,8,2050,191,21,0,2262,0,0,0,2262
09/05/2019,ATL,GA,ASO,ES,Towers with Radar,2119,178,7,0,2304,0,0,9,0,9,2119,178,16,0,2313,0,0,0,2313
09/06/2019,ATL,GA,ASO,ES,Towers with Radar,2141,196,19,0,2356,0,0,7,1,8,2141,196,26,1,2364,0,0,0,2364
09/07/2019,ATL,GA,ASO,ES,Towers with Radar,1729,128,10,0,1867,0,0,7,0,7,1729,128,17,0,1874,0,0,0,1874
09/08/2019,ATL,GA,ASO,ES,Towers with Radar,2201,214,13,0,2428,0,0,5,1,6,2201,214,18,1,2434,0,0,0,2434
09/09/2019,ATL,GA,ASO,ES,Towers with Radar,2349,235,13,1,2598,0,0,4,0,4,2349,235,17,1,2602,0,0,0,2602
09/10/2019,ATL,GA,ASO,ES,Towers with Radar,2188,233,11,0,2432,0,0,6,0,6,2188,233,17,0,2438,0,0,0,2438
09/11/2019,ATL,GA,ASO,ES,Towers with Radar,2414,240,22,0,2676,0,0,5,0,5,2414,240,27,0,2681,0,0,0,2681
09/12/2019,ATL,GA,ASO,ES,Towers with Radar,2374,245,14,0,2633,0,0,8,0,8,2374,245,22,0,2641,0,0,0,2641
09/13/2019,ATL,GA,ASO,ES,Towers with Radar,2359,225,13,0,2597,0,0,4,0,4,2359,225,17,0,2601,0,0,0,2601
09/14/2019,ATL,GA,ASO,ES,Towers with Radar,1821,145,7,0,1973,0,0,7,2,9,1821,145,14,2,1982,0,0,0,1982
09/15/2019,ATL,GA,ASO,ES,Towers with Radar,2209,223,9,0,2441,0,0,3,2,5,2209,223,12,2,2446,0,0,0,2446
09/16/2019,ATL,GA,ASO,ES,Towers with Radar,2379,240,9,0,2628,0,1,0,2,3,2379,241,9,2,2631,0,0,0,2631
09/17/2019,ATL,GA,ASO,ES,Towers with Radar,2263,236,18,0,2517,0,0,8,0,8,2263,236,26,0,2525,0,0,0,2525
09/18/2019,ATL,GA,ASO,ES,Towers with Radar,2332,245,17,0,2594,0,0,6,0,6,2332,245,23,0,2600,0,0,0,2600
09/19/2019,ATL,GA,ASO,ES,Towers with Radar,2336,245,24,0,2605,0,0,12,0,12,2336,245,36,0,2617,0,0,0,2617
09/20/2019,ATL,GA,ASO,ES,Towers with Radar,2373,252,18,0,2643,0,1,7,0,8,2373,253,25,0,2651,0,0,0,2651
09/21/2019,ATL,GA,ASO,ES,Towers with Radar,1812,147,10,0,1969,0,0,8,0,8,1812,147,18,0,1977,0,0,0,1977
09/22/2019,ATL,GA,ASO,ES,Towers with Radar,2210,211,10,0,2431,0,0,5,4,9,2210,211,15,4,2440,0,0,0,2440
09/23/2019,ATL,GA,ASO,ES,Towers with Radar,2363,240,7,2,2612,0,0,4,0,4,2363,240,11,2,2616,0,0,0,2616
09/24/2019,ATL,GA,ASO,ES,Towers with Radar,2311,240,26,0,2577,0,0,5,0,5,2311,240,31,0,2582,0,0,0,2582
09/25/2019,ATL,GA,ASO,ES,Towers with Radar,2293,231,9,1,2534,0,0,18,0,18,2293,231,27,1,2552,0,0,0,2552
09/26/2019,ATL,GA,ASO,ES,Towers with Radar,2388,236,15,0,2639,0,0,8,0,8,2388,236,23,0,2647,0,0,0,2647
09/27/2019,ATL,GA,ASO,ES,Towers with Radar,2333,235,17,0,2585,0,2,12,0,14,2333,237,29,0,2599,0,0,0,2599
09/28/2019,ATL,GA,ASO,ES,Towers with Radar,1824,150,2,2,1978,0,0,5,0,5,1824,150,7,2,1983,0,0,0,1983
09/29/2019,ATL,GA,ASO,ES,Towers with Radar,2215,210,13,0,2438,0,0,3,0,3,2215,210,16,0,2441,0,0,0,2441
09/30/2019,ATL,GA,ASO,ES,Towers with Radar,2362,247,16,0,2625,0,0,7,2,9,2362,247,23,2,2634,0,0,0,2634
10/01/2019,ATL,GA,ASO,ES,Towers with Radar,2316,238,13,0,2567,0,0,13,0,13,2316,238,26,0,2580,0,0,0,2580
10/02/2019,ATL,GA,ASO,ES,Towers with Radar,2307,249,12,0,2568,0,0,3,0,3,2307,249,15,0,2571,0,0,0,2571
10/03/2019,ATL,GA,ASO,ES,Towers with Radar,2363,241,25,0,2629,0,0,11,0,11,2363,241,36,0,2640,0,0,0,2640
10/04/2019,ATL,GA,ASO,ES,Towers with Radar,2367,250,14,0,2631,1,0,12,0,13,2368,250,26,0,2644,0,0,0,2644
10/05/2019,ATL,GA,ASO,ES,Towers with Radar,1813,172,13,0,1998,0,0,0,0,0,1813,172,13,0,1998,0,0,0,1998
10/06/2019,ATL,GA,ASO,ES,Towers with Radar,2223,213,9,0,2445,0,0,6,2,8,2223,213,15,2,2453,0,0,0,2453
10/07/2019,ATL,GA,ASO,ES,Towers with Radar,2351,245,17,0,2613,0,0,8,2,10,2351,245,25,2,2623,0,0,0,2623
10/08/2019,ATL,GA,ASO,ES,Towers with Radar,2331,252,4,2,2589,0,0,4,0,4,2331,252,8,2,2593,0,0,0,2593
10/09/2019,ATL,GA,ASO,ES,Towers with Radar,2329,243,9,0,2581,0,0,8,0,8,2329,243,17,0,2589,0,0,0,2589
10/10/2019,ATL,GA,ASO,ES,Towers with Radar,2367,246,12,0,2625,0,0,4,0,4,2367,246,16,0,2629,0,0,0,2629
10/11/2019,ATL,GA,ASO,ES,Towers with Radar,2363,242,7,0,2612,0,0,6,0,6,2363,242,13,0,2618,0,0,0,2618
10/12/2019,ATL,GA,ASO,ES,Towers with Radar,1837,168,10,0,2015,0,1,4,0,5,1837,169,14,0,2020,0,0,0,2020
10/13/2019,ATL,GA,ASO,ES,Towers with Radar,2233,216,8,0,2457,0,0,0,0,0,2233,216,8,0,2457,0,0,0,2457
10/14/2019,ATL,GA,ASO,ES,Towers with Radar,2353,242,10,0,2605,0,0,2,2,4,2353,242,12,2,2609,0,0,0,2609
10/15/2019,ATL,GA,ASO,ES,Towers with Radar,2318,240,7,0,2565,0,0,4,0,4,2318,240,11,0,2569,0,0,0,2569
10/16/2019,ATL,GA,ASO,ES,Towers with Radar,2331,240,16,0,2587,0,0,6,0,6,2331,240,22,0,2593,0,0,0,2593
10/17/2019,ATL,GA,ASO,ES,Towers with Radar,2371,248,6,0,2625,0,0,5,0,5,2371,248,11,0,2630,0,0,0,2630
10/18/2019,ATL,GA,ASO,ES,Towers with Radar,2375,251,16,1,2643,0,0,13,0,13,2375,251,29,1,2656,0,0,0,2656
10/19/2019,ATL,GA,ASO,ES,Towers with Radar,1835,182,4,0,2021,0,0,0,0,0,1835,182,4,0,2021,0,0,0,2021
10/20/2019,ATL,GA,ASO,ES,Towers with Radar,2230,223,18,0,2471,0,0,0,0,0,2230,223,18,0,2471,0,0,0,2471
10/21/2019,ATL,GA,ASO,ES,Towers with Radar,2363,250,26,4,2643,0,0,2,0,2,2363,250,28,4,2645,0,0,0,2645
10/22/2019,ATL,GA,ASO,ES,Towers with Radar,2321,251,11,0,2583,0,0,4,0,4,2321,251,15,0,2587,0,0,0,2587
10/23/2019,ATL,GA,ASO,ES,Towers with Radar,2327,249,23,2,2601,0,0,9,0,9,2327,249,32,2,2610,0,0,0,2610
10/24/2019,ATL,GA,ASO,ES,Towers with Radar,2367,249,15,1,2632,0,0,10,0,10,2367,249,25,1,2642,0,0,0,2642
10/25/2019,ATL,GA,ASO,ES,Towers with Radar,2353,229,12,0,2594,0,0,2,0,2,2353,229,14,0,2596,0,0,0,2596
10/26/2019,ATL,GA,ASO,ES,Towers with Radar,1781,167,6,0,1954,0,0,0,0,0,1781,167,6,0,1954,0,0,0,1954
10/27/2019,ATL,GA,ASO,ES,Towers with Radar,2114,203,11,2,2330,0,1,0,0,1,2114,204,11,2,2331,0,0,0,2331
10/28/2019,ATL,GA,ASO,ES,Towers with Radar,2160,238,28,2,2428,0,0,5,0,5,2160,238,33,2,2433,0,0,0,2433
10/29/2019,ATL,GA,ASO,ES,Towers with Radar,2078,224,18,0,2320,0,0,4,0,4,2078,224,22,0,2324,0,0,0,2324
10/30/2019,ATL,GA,ASO,ES,Towers with Radar,2079,221,27,0,2327,0,0,0,0,0,2079,221,27,0,2327,0,0,0,2327
10/31/2019,ATL,GA,ASO,ES,Towers with Radar,1893,174,9,0,2076,0,0,2,0,2,1893,174,11,0,2078,0,0,0,2078
11/01/2019,ATL,GA,ASO,ES,Towers with Radar,2020,201,15,0,2236,0,0,6,0,6,2020,201,21,0,2242,0,0,0,2242
11/02/2019,ATL,GA,ASO,ES,Towers with Radar,1757,165,11,0,1933,0,0,0,0,0,1757,165,11,0,1933,0,0,0,1933
11/03/2019,ATL,GA,ASO,ES,Towers with Radar,2154,224,9,0,2387,0,0,3,0,3,2154,224,12,0,2390,0,0,0,2390
11/04/2019,ATL,GA,ASO,ES,Towers with Radar,2301,242,14,0,2557,0,2,2,0,4,2301,244,16,0,2561,0,0,0,2561
11/05/2019,ATL,GA,ASO,ES,Towers with Radar,2104,236,12,0,2352,0,0,30,0,30,2104,236,42,0,2382,0,0,0,2382
11/06/2019,ATL,GA,ASO,ES,Towers with Radar,2177,247,21,2,2447,0,2,34,1,37,2177,249,55,3,2484,0,0,0,2484
11/07/2019,ATL,GA,ASO,ES,Towers with Radar,2309,246,29,13,2597,0,0,13,1,14,2309,246,42,14,2611,0,0,0,2611
11/08/2019,ATL,GA,ASO,ES,Towers with Radar,2333,255,7,12,2607,0,1,5,0,6,2333,256,12,12,2613,0,0,0,2613
11/09/2019,ATL,GA,ASO,ES,Towers with Radar,1802,177,7,0,1986,0,0,10,1,11,1802,177,17,1,1997,0,0,0,1997
11/10/2019,ATL,GA,ASO,ES,Towers with Radar,2192,221,2,0,2415,0,0,4,2,6,2192,221,6,2,2421,0,0,0,2421
11/11/2019,ATL,GA,ASO,ES,Towers with Radar,2283,247,5,0,2535,1,0,0,2,3,2284,247,5,2,2538,0,0,0,2538
11/12/2019,ATL,GA,ASO,ES,Towers with Radar,2292,243,10,0,2545,0,0,0,0,0,2292,243,10,0,2545,0,0,0,2545
11/13/2019,ATL,GA,ASO,ES,Towers with Radar,2284,239,13,3,2539,0,0,3,1,4,2284,239,16,4,2543,0,0,0,2543
11/14/2019,ATL,GA,ASO,ES,Towers with Radar,2319,248,9,0,2576,0,0,6,1,7,2319,248,15,1,2583,0,0,0,2583
11/15/2019,ATL,GA,ASO,ES,Towers with Radar,2326,246,10,0,2582,0,0,0,0,0,2326,246,10,0,2582,0,0,0,2582
11/16/2019,ATL,GA,ASO,ES,Towers with Radar,1800,170,10,0,1980,0,0,6,0,6,1800,170,16,0,1986,0,0,0,1986
11/17/2019,ATL,GA,ASO,ES,Towers with Radar,2186,220,7,0,2413,0,0,5,0,5,2186,220,12,0,2418,0,0,0,2418
11/18/2019,ATL,GA,ASO,ES,Towers with Radar,2320,243,12,0,2575,0,0,4,2,6,2320,243,16,2,2581,0,0,0,2581
11/19/2019,ATL,GA,ASO,ES,Towers with Radar,2280,239,20,0,2539,0,0,7,0,7,2280,239,27,0,2546,0,0,0,2546
11/20/2019,ATL,GA,ASO,ES,Towers with Radar,2288,248,23,0,2559,0,0,8,2,10,2288,248,31,2,2569,0,0,0,2569
11/21/2019,ATL,GA,ASO,ES,Towers with Radar,2325,246,12,0,2583,0,0,5,0,5,2325,246,17,0,2588,0,0,0,2588
11/22/2019,ATL,GA,ASO,ES,Towers with Radar,2323,256,12,0,2591,0,0,5,2,7,2323,256,17,2,2598,0,0,0,2598
11/23/2019,ATL,GA,ASO,ES,Towers with Radar,1859,165,2,0,2026,0,0,2,0,2,1859,165,4,0,2028,0,0,0,2028
11/24/2019,ATL,GA,ASO,ES,Towers with Radar,2063,201,9,2,2275,0,0,0,0,0,2063,201,9,2,2275,0,0,0,2275
11/25/2019,ATL,GA,ASO,ES,Towers with Radar,2026,202,5,1,2234,0,0,6,0,6,2026,202,11,1,2240,0,0,0,2240
11/26/2019,ATL,GA,ASO,ES,Towers with Radar,2155,221,3,1,2380,0,2,4,2,8,2155,223,7,3,2388,0,0,0,2388
11/27/2019,ATL,GA,ASO,ES,Towers with Radar,2293,244,11,0,2548,0,1,10,0,11,2293,245,21,0,2559,0,0,0,2559
11/28/2019,ATL,GA,ASO,ES,Towers with Radar,1409,126,4,0,1539,0,1,3,0,4,1409,127,7,0,1543,0,0,0,1543
11/29/2019,ATL,GA,ASO,ES,Towers with Radar,1644,163,8,0,1815,0,0,0,0,0,1644,163,8,0,1815,0,0,0,1815
11/30/2019,ATL,GA,ASO,ES,Towers with Radar,2205,238,11,0,2454,0,0,2,0,2,2205,238,13,0,2456,0,0,0,2456
12/01/2019,ATL,GA,ASO,ES,Towers with Radar,2389,271,14,0,2674,0,0,2,0,2,2389,271,16,0,2676,0,0,0,2676
12/02/2019,ATL,GA,ASO,ES,Towers with Radar,2383,254,16,0,2653,0,0,2,0,2,2383,254,18,0,2655,0,0,0,2655
12/03/2019,ATL,GA,ASO,ES,Towers with Radar,2232,251,22,0,2505,0,0,8,0,8,2232,251,30,0,2513,0,0,0,2513
12/04/2019,ATL,GA,ASO,ES,Towers with Radar,2194,251,18,0,2463,0,0,15,0,15,2194,251,33,0,2478,0,0,0,2478
12/05/2019,ATL,GA,ASO,ES,Towers with Radar,2249,247,14,0,2510,0,1,6,2,9,2249,248,20,2,2519,0,0,0,2519
12/06/2019,ATL,GA,ASO,ES,Towers with Radar,2234,244,11,0,2489,0,0,2,0,2,2234,244,13,0,2491,0,0,0,2491
12/07/2019,ATL,GA,ASO,ES,Towers with Radar,1677,164,17,2,1860,0,0,6,0,6,1677,164,23,2,1866,0,0,0,1866
12/08/2019,ATL,GA,ASO,ES,Towers with Radar,2071,211,10,2,2294,0,1,5,0,6,2071,212,15,2,2300,0,0,0,2300
12/09/2019,ATL,GA,ASO,ES,Towers with Radar,2215,252,14,0,2481,0,0,2,0,2,2215,252,16,0,2483,0,0,0,2483
12/10/2019,ATL,GA,ASO,ES,Towers with Radar,2193,250,7,0,2450,0,0,0,0,0,2193,250,7,0,2450,0,0,0,2450
12/11/2019,ATL,GA,ASO,ES,Towers with Radar,2198,245,15,4,2462,0,0,4,0,4,2198,245,19,4,2466,0,0,0,2466
12/12/2019,ATL,GA,ASO,ES,Towers with Radar,2254,253,7,2,2516,0,0,6,0,6,2254,253,13,2,2522,0,0,0,2522
12/13/2019,ATL,GA,ASO,ES,Towers with Radar,2248,245,13,0,2506,0,0,0,0,0,2248,245,13,0,2506,0,0,0,2506
12/14/2019,ATL,GA,ASO,ES,Towers with Radar,1698,161,12,0,1871,0,0,4,2,6,1698,161,16,2,1877,0,0,0,1877
12/15/2019,ATL,GA,ASO,ES,Towers with Radar,2072,212,5,0,2289,0,0,2,0,2,2072,212,7,0,2291,0,0,0,2291
12/16/2019,ATL,GA,ASO,ES,Towers with Radar,2229,240,11,0,2480,0,0,7,0,7,2229,240,18,0,2487,0,0,0,2487
12/17/2019,ATL,GA,ASO,ES,Towers with Radar,2207,248,9,0,2464,0,0,0,0,0,2207,248,9,0,2464,0,0,0,2464
12/18/2019,ATL,GA,ASO,ES,Towers with Radar,2204,245,12,1,2462,0,0,12,0,12,2204,245,24,1,2474,0,0,0,2474
12/19/2019,ATL,GA,ASO,ES,Towers with Radar,2271,257,15,0,2543,0,0,5,0,5,2271,257,20,0,2548,0,0,0,2548
12/20/2019,ATL,GA,ASO,ES,Towers with Radar,2244,238,19,0,2501,0,0,6,0,6,2244,238,25,0,2507,0,0,0,2507
12/21/2019,ATL,GA,ASO,ES,Towers with Radar,2177,256,5,0,2438,0,1,2,0,3,2177,257,7,0,2441,0,0,0,2441
12/22/2019,ATL,GA,ASO,ES,Towers with Radar,2259,266,7,0,2532,0,0,0,0,0,2259,266,7,0,2532,0,0,0,2532
12/23/2019,ATL,GA,ASO,ES,Towers with Radar,2300,275,9,0,2584,0,0,0,0,0,2300,275,9,0,2584,0,0,0,2584
12/24/2019,ATL,GA,ASO,ES,Towers with Radar,1661,147,1,0,1809,0,0,5,0,5,1661,147,6,0,1814,0,0,0,1814
12/25/2019,ATL,GA,ASO,ES,Towers with Radar,1600,129,2,0,1731,0,0,0,0,0,1600,129,2,0,1731,0,0,0,1731
12/26/2019,ATL,GA,ASO,ES,Towers with Radar,2253,281,13,0,2547,0,0,8,2,10,2253,281,21,2,2557,0,0,0,2557
12/27/2019,ATL,GA,ASO,ES,Towers with Radar,2268,287,16,0,2571,0,0,4,2,6,2268,287,20,2,2577,0,0,0,2577
12/28/2019,ATL,GA,ASO,ES,Towers with Radar,2136,276,23,0,2435,0,0,2,0,2,2136,276,25,0,2437,0,0,0,2437
12/29/2019,ATL,GA,ASO,ES,Towers with Radar,2255,270,8,0,2533,0,0,0,0,0,2255,270,8,0,2533,0,0,0,2533
12/30/2019,ATL,GA,ASO,ES,Towers with Radar,2251,272,3,0,2526,0,0,0,0,0,2251,272,3,0,2526,0,0,0,2526
12/31/2019,ATL,GA,ASO,ES,Towers with Radar,1697,152,1,0,1850,0,2,6,0,8,1697,154,7,0,1858,0,0,0,1858
01/01/2020,ATL,GA,ASO,ES,Towers with Radar,1687,141,7,0,1835,0,0,2,0,2,1687,141,9,0,1837,0,0,0,1837
01/02/2020,ATL,GA,ASO,ES,Towers with Radar,2101,241,11,0,2353,0,0,2,0,2,2101,241,13,0,2355,0,0,0,2355
01/03/2020,ATL,GA,ASO,ES,Towers with Radar,2110,244,7,1,2362,0,0,0,0,0,2110,244,7,1,2362,0,0,0,2362
01/04/2020,ATL,GA,ASO,ES,Towers with Radar,1815,213,11,0,2039,0,0,0,0,0,1815,213,11,0,2039,0,0,0,2039
01/05/2020,ATL,GA,ASO,ES,Towers with Radar,2161,250,11,0,2422,0,0,4,0,4,2161,250,15,0,2426,0,0,0,2426
01/06/2020,ATL,GA,ASO,ES,Towers with Radar,2276,235,12,0,2523,0,0,1,0,1,2276,235,13,0,2524,0,0,0,2524
01/07/2020,ATL,GA,ASO,ES,Towers with Radar,2227,240,9,0,2476,0,0,6,0,6,2227,240,15,0,2482,0,0,0,2482
01/08/2020,ATL,GA,ASO,ES,Towers with Radar,2242,244,5,0,2491,0,0,8,0,8,2242,244,13,0,2499,0,0,0,2499
01/09/2020,ATL,GA,ASO,ES,Towers with Radar,2299,261,2,0,2562,0,0,6,0,6,2299,261,8,0,2568,0,0,0,2568
01/10/2020,ATL,GA,ASO,ES,Towers with Radar,2253,248,9,0,2510,0,0,3,0,3,2253,248,12,0,2513,0,0,0,2513
01/11/2020,ATL,GA,ASO,ES,Towers with Radar,1679,148,2,0,1829,0,0,0,0,0,1679,148,2,0,1829,0,0,0,1829
01/12/2020,ATL,GA,ASO,ES,Towers with Radar,2141,220,3,0,2364,0,0,3,0,3,2141,220,6,0,2367,0,0,0,2367
01/13/2020,ATL,GA,ASO,ES,Towers with Radar,2296,240,8,0,2544,0,0,0,0,0,2296,240,8,0,2544,0,0,0,2544
01/14/2020,ATL,GA,ASO,ES,Towers with Radar,2247,246,5,0,2498,0,0,0,0,0,2247,246,5,0,2498,0,0,0,2498
01/15/2020,ATL,GA,ASO,ES,Towers with Radar,2251,251,15,0,2517,0,0,5,0,5,2251,251,20,0,2522,0,0,0,2522
01/16/2020,ATL,GA,ASO,ES,Towers with Radar,2282,252,19,0,2553,0,0,10,0,10,2282,252,29,0,2563,0,0,0,2563
01/17/2020,ATL,GA,ASO,ES,Towers with Radar,2250,245,19,0,2514,0,0,0,2,2,2250,245,19,2,2516,0,0,0,2516
01/18/2020,ATL,GA,ASO,ES,Towers with Radar,1637,139,2,0,1778,0,0,0,0,0,1637,139,2,0,1778,0,0,0,1778
01/19/2020,ATL,GA,ASO,ES,Towers with Radar,1735,153,14,0,1902,0,2,2,0,4,1735,155,16,0,1906,0,0,0,1906
01/20/2020,ATL,GA,ASO,ES,Towers with Radar,2195,247,3,0,2445,0,0,2,2,4,2195,247,5,2,2449,0,0,0,2449
01/21/2020,ATL,GA,ASO,ES,Towers with Radar,2227,251,7,0,2485,0,1,6,0,7,2227,252,13,0,2492,0,0,0,2492
01/22/2020,ATL,GA,ASO,ES,Towers with Radar,2224,250,12,0,2486,0,1,10,0,11,2224,251,22,0,2497,0,0,0,2497
01/23/2020,ATL,GA,ASO,ES,Towers with Radar,2275,241,5,0,2521,0,0,10,0,10,2275,241,15,0,2531,0,0,0,2531
01/24/2020,ATL,GA,ASO,ES,Towers with Radar,2278,250,5,1,2534,0,0,4,2,6,2278,250,9,3,2540,0,0,0,2540
01/25/2020,ATL,GA,ASO,ES,Towers with Radar,1726,162,8,0,1896,0,1,4,2,7,1726,163,12,2,1903,0,0,0,1903
01/26/2020,ATL,GA,ASO,ES,Towers with Radar,2120,210,5,0,2335,0,0,2,0,2,2120,210,7,0,2337,0,0,0,2337
01/27/2020,ATL,GA,ASO,ES,Towers with Radar,2270,245,11,0,2526,0,0,2,2,4,2270,245,13,2,2530,0,0,0,2530
01/28/2020,ATL,GA,ASO,ES,Towers with Radar,2216,252,9,0,2477,0,0,15,2,17,2216,252,24,2,2494,0,0,0,2494
01/29/2020,ATL,GA,ASO,ES,Towers with Radar,2228,244,18,0,2490,0,1,6,0,7,2228,245,24,0,2497,0,0,0,2497
01/30/2020,ATL,GA,ASO,ES,Towers with Radar,2272,253,22,0,2547,0,0,10,0,10,2272,253,32,0,2557,0,0,0,2557
01/31/2020,ATL,GA,ASO,ES,Towers with Radar,2277,248,13,0,2538,0,0,0,0,0,2277,248,13,0,2538,0,0,0,2538
02/01/2020,ATL,GA,ASO,ES,Towers with Radar,1682,130,6,0,1818,0,0,2,0,2,1682,130,8,0,1820,0,0,0,1820
02/02/2020,ATL,GA,ASO,ES,Towers with Radar,1837,151,2,0,1990,0,0,2,0,2,1837,151,4,0,1992,0,0,0,1992
02/03/2020,ATL,GA,ASO,ES,Towers with Radar,2259,250,15,0,2524,0,0,4,0,4,2259,250,19,0,2528,0,0,0,2528
02/04/2020,ATL,GA,ASO,ES,Towers with Radar,2228,240,27,0,2495,0,0,6,0,6,2228,240,33,0,2501,0,0,0,2501
02/05/2020,ATL,GA,ASO,ES,Towers with Radar,2209,243,21,0,2473,0,0,0,0,0,2209,243,21,0,2473,0,0,0,2473
02/06/2020,ATL,GA,ASO,ES,Towers with Radar,2094,190,17,0,2301,0,0,0,0,0,2094,190,17,0,2301,0,0,0,2301
02/07/2020,ATL,GA,ASO,ES,Towers with Radar,2407,257,14,0,2678,0,0,11,0,11,2407,257,25,0,2689,0,0,0,2689
02/08/2020,ATL,GA,ASO,ES,Towers with Radar,1746,154,14,0,1914,0,0,0,0,0,1746,154,14,0,1914,0,0,0,1914
02/09/2020,ATL,GA,ASO,ES,Towers with Radar,2088,222,10,0,2320,0,0,2,0,2,2088,222,12,0,2322,0,0,0,2322
02/10/2020,ATL,GA,ASO,ES,Towers with Radar,2293,251,20,0,2564,0,0,2,0,2,2293,251,22,0,2566,0,0,0,2566
02/11/2020,ATL,GA,ASO,ES,Towers with Radar,2230,262,18,0,2510,0,0,0,0,0,2230,262,18,0,2510,0,0,0,2510
02/12/2020,ATL,GA,ASO,ES,Towers with Radar,2222,246,5,0,2473,0,0,4,0,4,2222,246,9,0,2477,0,0,0,2477
02/13/2020,ATL,GA,ASO,ES,Towers with Radar,2277,244,7,0,2528,0,0,2,0,2,2277,244,9,0,2530,0,0,0,2530
02/14/2020,ATL,GA,ASO,ES,Towers with Radar,2281,247,15,0,2543,0,0,2,0,2,2281,247,17,0,2545,0,0,0,2545
02/15/2020,ATL,GA,ASO,ES,Towers with Radar,1672,137,6,0,1815,0,0,7,0,7,1672,137,13,0,1822,0,0,0,1822
02/16/2020,ATL,GA,ASO,ES,Towers with Radar,1773,142,15,0,1930,0,0,0,0,0,1773,142,15,0,1930,0,0,0,1930
02/17/2020,ATL,GA,ASO,ES,Towers with Radar,2222,236,12,0,2470,0,0,0,0,0,2222,236,12,0,2470,0,0,0,2470
02/18/2020,ATL,GA,ASO,ES,Towers with Radar,2248,240,17,0,2505,0,0,0,0,0,2248,240,17,0,2505,0,0,0,2505
02/19/2020,ATL,GA,ASO,ES,Towers with Radar,2255,265,16,0,2536,0,0,4,0,4,2255,265,20,0,2540,0,0,0,2540
02/20/2020,ATL,GA,ASO,ES,Towers with Radar,2276,252,11,0,2539,0,0,0,0,0,2276,252,11,0,2539,0,0,0,2539
02/21/2020,ATL,GA,ASO,ES,Towers with Radar,2267,258,18,1,2544,0,0,12,2,14,2267,258,30,3,2558,0,0,0,2558
02/22/2020,ATL,GA,ASO,ES,Towers with Radar,1741,151,8,0,1900,0,0,0,2,2,1741,151,8,2,1902,0,0,0,1902
02/23/2020,ATL,GA,ASO,ES,Towers with Radar,2109,228,12,0,2349,0,0,2,2,4,2109,228,14,2,2353,0,0,0,2353
02/24/2020,ATL,GA,ASO,ES,Towers with Radar,2296,245,8,0,2549,0,0,2,0,2,2296,245,10,0,2551,0,0,0,2551
02/25/2020,ATL,GA,ASO,ES,Towers with Radar,2263,250,16,0,2529,0,3,6,0,9,2263,253,22,0,2538,0,0,0,2538
02/26/2020,ATL,GA,ASO,ES,Towers with Radar,2254,262,11,0,2527,0,0,3,0,3,2254,262,14,0,2530,0,0,0,2530
02/27/2020,ATL,GA,ASO,ES,Towers with Radar,2276,255,10,0,2541,0,0,5,0,5,2276,255,15,0,2546,0,0,0,2546
02/28/2020,ATL,GA,ASO,ES,Towers with Radar,2293,245,14,0,2552,0,0,2,0,2,2293,245,16,0,2554,0,0,0,2554
02/29/2020,ATL,GA,ASO,ES,Towers with Radar,1749,151,11,0,1911,0,0,0,0,0,1749,151,11,0,1911,0,0,0,1911
03/01/2020,ATL,GA,ASO,ES,Towers with Radar,2117,230,7,0,2354,0,0,4,0,4,2117,230,11,0,2358,0,0,0,2358
03/02/2020,ATL,GA,ASO,ES,Towers with Radar,2286,237,7,0,2530,0,0,2,0,2,2286,237,9,0,2532,0,0,0,2532
03/03/2020,ATL,GA,ASO,ES,Towers with Radar,2265,249,13,0,2527,0,0,7,0,7,2265,249,20,0,2534,0,0,0,2534
03/04/2020,ATL,GA,ASO,ES,Towers with Radar,2247,246,20,0,2513,0,0,0,0,0,2247,246,20,0,2513,0,0,0,2513
03/05/2020,ATL,GA,ASO,ES,Towers with Radar,2302,248,11,1,2562,0,0,2,0,2,2302,248,13,1,2564,0,0,0,2564
03/06/2020,ATL,GA,ASO,ES,Towers with Radar,2305,257,11,1,2574,0,0,0,0,0,2305,257,11,1,2574,0,0,0,2574
03/07/2020,ATL,GA,ASO,ES,Towers with Radar,1793,153,5,1,1952,0,0,7,0,7,1793,153,12,1,1959,0,0,0,1959
03/08/2020,ATL,GA,ASO,ES,Towers with Radar,2122,221,9,0,2352,0,0,6,0,6,2122,221,15,0,2358,0,0,0,2358
03/09/2020,ATL,GA,ASO,ES,Towers with Radar,2293,246,11,0,2550,0,0,5,0,5,2293,246,16,0,2555,0,0,0,2555
03/10/2020,ATL,GA,ASO,ES,Towers with Radar,2255,245,13,0,2513,0,0,6,0,6,2255,245,19,0,2519,0,0,0,2519
03/11/2020,ATL,GA,ASO,ES,Towers with Radar,2275,242,21,0,2538,0,0,8,0,8,2275,242,29,0,2546,0,0,0,2546
03/12/2020,ATL,GA,ASO,ES,Towers with Radar,2390,250,6,0,2646,0,0,4,0,4,2390,250,10,0,2650,0,0,0,2650
03/13/2020,ATL,GA,ASO,ES,Towers with Radar,2368,241,25,0,2634,0,0,11,2,13,2368,241,36,2,2647,0,0,0,2647
03/14/2020,ATL,GA,ASO,ES,Towers with Radar,2021,176,9,0,2206,0,0,5,2,7,2021,176,14,2,2213,0,0,0,2213
03/15/2020,ATL,GA,ASO,ES,Towers with Radar,2271,232,6,0,2509,0,0,7,0,7,2271,232,13,0,2516,0,0,0,2516
03/16/2020,ATL,GA,ASO,ES,Towers with Radar,2371,238,8,0,2617,0,0,0,0,0,2371,238,8,0,2617,0,0,0,2617
03/17/2020,ATL,GA,ASO,ES,Towers with Radar,2234,237,8,0,2479,0,0,6,0,6,2234,237,14,0,2485,0,0,0,2485
03/18/2020,ATL,GA,ASO,ES,Towers with Radar,2165,234,12,0,2411,0,0,17,0,17,2165,234,29,0,2428,0,0,0,2428
03/19/2020,ATL,GA,ASO,ES,Towers with Radar,1917,228,6,0,2151,0,0,9,0,9,1917,228,15,0,2160,0,0,0,2160
03/20/2020,ATL,GA,ASO,ES,Towers with Radar,1510,149,8,0,1667,0,0,2,0,2,1510,149,10,0,1669,0,0,0,1669
03/21/2020,ATL,GA,ASO,ES,Towers with Radar,1497,167,6,0,1670,0,0,4,0,4,1497,167,10,0,1674,0,0,0,1674
03/22/2020,ATL,GA,ASO,ES,Towers with Radar,1341,201,2,0,1544,0,0,5,0,5,1341,201,7,0,1549,0,0,0,1549
03/23/2020,ATL,GA,ASO,ES,Towers with Radar,1109,188,0,0,1297,0,0,0,0,0,1109,188,0,0,1297,0,0,0,1297
03/24/2020,ATL,GA,ASO,ES,Towers with Radar,1118,160,2,0,1280,0,0,6,0,6,1118,160,8,0,1286,0,0,0,1286
03/25/2020,ATL,GA,ASO,ES,Towers with Radar,1074,138,1,0,1213,0,0,6,0,6,1074,138,7,0,1219,0,0,0,1219
03/26/2020,ATL,GA,ASO,ES,Towers with Radar,1091,121,1,0,1213,0,0,12,0,12,1091,121,13,0,1225,0,0,0,1225
03/27/2020,ATL,GA,ASO,ES,Towers with Radar,941,134,4,0,1079,0,0,6,0,6,941,134,10,0,1085,0,0,0,1085
03/28/2020,ATL,GA,ASO,ES,Towers with Radar,885,135,0,0,1020,0,0,8,0,8,885,135,8,0,1028,0,0,0,1028
03/29/2020,ATL,GA,ASO,ES,Towers with Radar,900,158,10,0,1068,0,0,4,2,6,900,158,14,2,1074,0,0,0,1074
03/30/2020,ATL,GA,ASO,ES,Towers with Radar,965,158,5,0,1128,0,0,4,0,4,965,158,9,0,1132,0,0,0,1132
03/31/2020,ATL,GA,ASO,ES,Towers with Radar,846,140,0,0,986,0,0,5,0,5,846,140,5,0,991,0,0,0,991
04/01/2020,ATL,GA,ASO,ES,Towers with Radar,818,144,1,0,963,0,0,13,0,13,818,144,14,0,976,0,0,0,976
04/02/2020,ATL,GA,ASO,ES,Towers with Radar,767,111,0,0,878,0,2,10,0,12,767,113,10,0,890,0,0,0,890
04/03/2020,ATL,GA,ASO,ES,Towers with Radar,681,117,0,0,798,0,0,4,0,4,681,117,4,0,802,0,0,0,802
04/04/2020,ATL,GA,ASO,ES,Towers with Radar,583,91,0,0,674,0,0,8,0,8,583,91,8,0,682,0,0,0,682
04/05/2020,ATL,GA,ASO,ES,Towers with Radar,631,93,1,2,727,0,0,6,0,6,631,93,7,2,733,0,0,0,733
04/06/2020,ATL,GA,ASO,ES,Towers with Radar,691,84,2,0,777,0,0,7,0,7,691,84,9,0,784,0,0,0,784
04/07/2020,ATL,GA,ASO,ES,Towers with Radar,651,114,2,0,767,0,0,1,0,1,651,114,3,0,768,0,0,0,768
04/08/2020,ATL,GA,ASO,ES,Towers with Radar,664,107,0,0,771,0,0,8,0,8,664,107,8,0,779,0,0,0,779
04/09/2020,ATL,GA,ASO,ES,Towers with Radar,695,110,0,0,805,0,0,6,2,8,695,110,6,2,813,0,0,0,813
04/10/2020,ATL,GA,ASO,ES,Towers with Radar,677,115,0,3,795,0,0,3,0,3,677,115,3,3,798,0,0,0,798
04/11/2020,ATL,GA,ASO,ES,Towers with Radar,566,84,5,0,655,0,0,16,0,16,566,84,21,0,671,0,0,0,671
04/12/2020,ATL,GA,ASO,ES,Towers with Radar,628,81,0,0,709,0,0,0,0,0,628,81,0,0,709,0,0,0,709
04/13/2020,ATL,GA,ASO,ES,Towers with Radar,634,99,6,0,739,0,0,2,0,2,634,99,8,0,741,0,0,0,741
04/14/2020,ATL,GA,ASO,ES,Towers with Radar,597,99,3,0,699,0,0,13,0,13,597,99,16,0,712,0,0,0,712
04/15/2020,ATL,GA,ASO,ES,Towers with Radar,564,86,1,0,651,0,0,11,0,11,564,86,12,0,662,0,0,0,662
04/16/2020,ATL,GA,ASO,ES,Towers with Radar,548,81,9,0,638,0,0,9,0,9,548,81,18,0,647,0,0,0,647
04/17/2020,ATL,GA,ASO,ES,Towers with Radar,536,80,2,0,618,0,0,4,0,4,536,80,6,0,622,0,0,0,622
04/18/2020,ATL,GA,ASO,ES,Towers with Radar,464,63,2,0,529,0,0,6,0,6,464,63,8,0,535,0,0,0,535
04/19/2020,ATL,GA,ASO,ES,Towers with Radar,500,64,0,0,564,0,0,0,0,0,500,64,0,0,564,0,0,0,564
04/20/2020,ATL,GA,ASO,ES,Towers with Radar,525,79,4,0,608,0,0,2,0,2,525,79,6,0,610,0,0,0,610
04/21/2020,ATL,GA,ASO,ES,Towers with Radar,514,83,1,2,600,0,0,12,0,12,514,83,13,2,612,0,0,0,612
04/22/2020,ATL,GA,ASO,ES,Towers with Radar,510,90,1,0,601,0,0,2,0,2,510,90,3,0,603,0,0,0,603
04/23/2020,ATL,GA,ASO,ES,Towers with Radar,532,85,2,0,619,0,0,6,0,6,532,85,8,0,625,0,0,0,625
04/24/2020,ATL,GA,ASO,ES,Towers with Radar,523,81,4,0,608,0,0,8,0,8,523,81,12,0,616,0,0,0,616
04/25/2020,ATL,GA,ASO,ES,Towers with Radar,449,53,4,2,508,0,0,11,0,11,449,53,15,2,519,0,0,0,519
04/26/2020,ATL,GA,ASO,ES,Towers with Radar,493,62,4,0,559,0,0,3,0,3,493,62,7,0,562,0,0,0,562
04/27/2020,ATL,GA,ASO,ES,Towers with Radar,489,57,4,0,550,0,0,6,0,6,489,57,10,0,556,0,0,0,556
04/28/2020,ATL,GA,ASO,ES,Towers with Radar,498,77,5,0,580,0,0,7,0,7,498,77,12,0,587,0,0,0,587
04/29/2020,ATL,GA,ASO,ES,Towers with Radar,528,81,5,0,614,0,0,1,0,1,528,81,6,0,615,0,0,0,615
04/30/2020,ATL,GA,ASO,ES,Towers with Radar,514,83,7,0,604,0,0,9,0,9,514,83,16,0,613,0,0,0,613
05/01/2020,ATL,GA,ASO,ES,Towers with Radar,533,83,12,0,628,0,0,6,0,6,533,83,18,0,634,0,0,0,634
05/02/2020,ATL,GA,ASO,ES,Towers with Radar,466,57,2,0,525,0,0,4,0,4,466,57,6,0,529,0,0,0,529
05/03/2020,ATL,GA,ASO,ES,Towers with Radar,531,52,1,0,584,0,0,16,0,16,531,52,17,0,600,0,0,0,600
05/04/2020,ATL,GA,ASO,ES,Towers with Radar,539,68,4,0,611,0,0,4,2,6,539,68,8,2,617,0,0,0,617
05/05/2020,ATL,GA,ASO,ES,Towers with Radar,517,69,4,0,590,0,0,5,0,5,517,69,9,0,595,0,0,0,595
05/06/2020,ATL,GA,ASO,ES,Towers with Radar,521,62,4,0,587,0,0,4,0,4,521,62,8,0,591,0,0,0,591
05/07/2020,ATL,GA,ASO,ES,Towers with Radar,546,71,0,0,617,0,0,20,0,20,546,71,20,0,637,0,0,0,637
05/08/2020,ATL,GA,ASO,ES,Towers with Radar,533,67,2,0,602,0,0,0,0,0,533,67,2,0,602,0,0,0,602
05/09/2020,ATL,GA,ASO,ES,Towers with Radar,485,50,4,0,539,0,1,12,0,13,485,51,16,0,552,0,0,0,552
05/10/2020,ATL,GA,ASO,ES,Towers with Radar,524,55,1,0,580,0,0,10,0,10,524,55,11,0,590,0,0,0,590
05/11/2020,ATL,GA,ASO,ES,Towers with Radar,524,67,2,3,596,0,0,5,0,5,524,67,7,3,601,0,0,0,601
05/12/2020,ATL,GA,ASO,ES,Towers with Radar,521,62,2,2,587,0,0,2,0,2,521,62,4,2,589,0,0,0,589
05/13/2020,ATL,GA,ASO,ES,Towers with Radar,521,53,10,4,588,0,0,6,2,8,521,53,16,6,596,0,0,0,596
05/14/2020,ATL,GA,ASO,ES,Towers with Radar,554,64,6,0,624,0,2,2,0,4,554,66,8,0,628,0,0,0,628
05/15/2020,ATL,GA,ASO,ES,Towers with Radar,531,58,4,0,593,0,0,7,2,9,531,58,11,2,602,0,0,0,602
05/16/2020,ATL,GA,ASO,ES,Towers with Radar,477,41,0,0,518,0,0,8,0,8,477,41,8,0,526,0,0,0,526
05/17/2020,ATL,GA,ASO,ES,Towers with Radar,519,58,11,0,588,0,0,13,2,15,519,58,24,2,603,0,0,0,603
05/18/2020,ATL,GA,ASO,ES,Towers with Radar,525,59,4,0,588,0,0,2,0,2,525,59,6,0,590,0,0,0,590
05/19/2020,ATL,GA,ASO,ES,Towers with Radar,500,63,7,2,572,0,0,11,0,11,500,63,18,2,583,0,0,0,583
05/20/2020,ATL,GA,ASO,ES,Towers with Radar,523,66,9,2,600,0,0,3,0,3,523,66,12,2,603,0,0,0,603
05/21/2020,ATL,GA,ASO,ES,Towers with Radar,588,70,9,0,667,0,0,6,0,6,588,70,15,0,673,0,0,0,673
05/22/2020,ATL,GA,ASO,ES,Towers with Radar,577,76,12,0,665,0,0,0,0,0,577,76,12,0,665,0,0,0,665
05/23/2020,ATL,GA,ASO,ES,Towers with Radar,525,48,6,0,579,0,0,9,0,9,525,48,15,0,588,0,0,0,588
05/24/2020,ATL,GA,ASO,ES,Towers with Radar,542,57,7,0,606,0,0,5,0,5,542,57,12,0,611,0,0,0,611
05/25/2020,ATL,GA,ASO,ES,Towers with Radar,561,65,2,0,628,0,0,6,0,6,561,65,8,0,634,0,0,0,634
05/26/2020,ATL,GA,ASO,ES,Towers with Radar,521,71,2,2,596,0,0,3,1,4,521,71,5,3,600,0,0,0,600
05/27/2020,ATL,GA,ASO,ES,Towers with Radar,550,78,2,0,630,0,0,2,0,2,550,78,4,0,632,0,0,0,632
05/28/2020,ATL,GA,ASO,ES,Towers with Radar,579,70,4,0,653,0,0,2,1,3,579,70,6,1,656,0,0,0,656
05/29/2020,ATL,GA,ASO,ES,Towers with Radar,558,78,10,0,646,0,0,14,1,15,558,78,24,1,661,0,0,0,661
05/30/2020,ATL,GA,ASO,ES,Towers with Radar,512,55,0,2,569,0,0,16,4,20,512,55,16,6,589,0,0,0,589
05/31/2020,ATL,GA,ASO,ES,Towers with Radar,564,69,6,0,639,0,0,25,0,25,564,69,31,0,664,0,0,0,664
06/01/2020,ATL,GA,ASO,ES,Towers with Radar,569,66,4,2,641,0,0,11,0,11,569,66,15,2,652,0,0,0,652
06/02/2020,ATL,GA,ASO,ES,Towers with Radar,624,72,2,0,698,0,2,13,2,17,624,74,15,2,715,0,0,0,715
06/03/2020,ATL,GA,ASO,ES,Towers with Radar,635,77,4,0,716,0,2,10,0,12,635,79,14,0,728,0,0,0,728
06/04/2020,ATL,GA,ASO,ES,Towers with Radar,670,75,8,0,753,0,2,6,0,8,670,77,14,0,761,0,0,0,761
06/05/2020,ATL,GA,ASO,ES,Towers with Radar,669,79,8,0,756,0,0,6,0,6,669,79,14,0,762,0,0,0,762
06/06/2020,ATL,GA,ASO,ES,Towers with Radar,644,55,11,0,710,0,0,5,0,5,644,55,16,0,715,0,0,0,715
06/07/2020,ATL,GA,ASO,ES,Towers with Radar,697,72,12,0,781,0,0,8,0,8,697,72,20,0,789,0,0,0,789
06/08/2020,ATL,GA,ASO,ES,Towers with Radar,704,70,6,0,780,0,0,3,0,3,704,70,9,0,783,0,0,0,783
06/09/2020,ATL,GA,ASO,ES,Towers with Radar,670,68,4,0,742,0,0,0,0,0,670,68,4,0,742,0,0,0,742
06/10/2020,ATL,GA,ASO,ES,Towers with Radar,698,71,2,0,771,0,0,4,0,4,698,71,6,0,775,0,0,0,775
06/11/2020,ATL,GA,ASO,ES,Towers with Radar,735,82,11,0,828,0,0,3,0,3,735,82,14,0,831,0,0,0,831
06/12/2020,ATL,GA,ASO,ES,Towers with Radar,727,72,6,0,805,0,0,5,0,5,727,72,11,0,810,0,0,0,810
06/13/2020,ATL,GA,ASO,ES,Towers with Radar,715,63,6,0,784,0,0,13,0,13,715,63,19,0,797,0,0,0,797
06/14/2020,ATL,GA,ASO,ES,Towers with Radar,737,71,4,0,812,0,5,4,0,9,737,76,8,0,821,0,0,0,821
06/15/2020,ATL,GA,ASO,ES,Towers with Radar,725,75,1,3,804,0,1,9,0,10,725,76,10,3,814,0,0,0,814
06/16/2020,ATL,GA,ASO,ES,Towers with Radar,715,77,4,0,796,0,0,6,0,6,715,77,10,0,802,0,0,0,802
06/17/2020,ATL,GA,ASO,ES,Towers with Radar,706,73,9,0,788,0,0,2,1,3,706,73,11,1,791,0,0,0,791
06/18/2020,ATL,GA,ASO,ES,Towers with Radar,762,77,3,0,842,0,0,2,0,2,762,77,5,0,844,0,0,0,844
06/19/2020,ATL,GA,ASO,ES,Towers with Radar,756,76,6,0,838,0,0,6,2,8,756,76,12,2,846,0,0,0,846
06/20/2020,ATL,GA,ASO,ES,Towers with Radar,734,63,5,0,802,0,0,8,0,8,734,63,13,0,810,0,0,0,810
06/21/2020,ATL,GA,ASO,ES,Towers with Radar,774,61,12,1,848,0,0,0,0,0,774,61,12,1,848,0,0,0,848
06/22/2020,ATL,GA,ASO,ES,Towers with Radar,791,74,4,4,873,0,0,2,0,2,791,74,6,4,875,0,0,0,875
06/23/2020,ATL,GA,ASO,ES,Towers with Radar,760,69,5,0,834,0,0,0,0,0,760,69,5,0,834,0,0,0,834
06/24/2020,ATL,GA,ASO,ES,Towers with Radar,773,74,4,3,854,0,0,2,0,2,773,74,6,3,856,0,0,0,856
06/25/2020,ATL,GA,ASO,ES,Towers with Radar,826,77,5,0,908,0,0,5,0,5,826,77,10,0,913,0,0,0,913
06/26/2020,ATL,GA,ASO,ES,Towers with Radar,831,73,5,5,914,0,0,2,0,2,831,73,7,5,916,0,0,0,916
06/27/2020,ATL,GA,ASO,ES,Towers with Radar,818,57,5,0,880,0,0,0,0,0,818,57,5,0,880,0,0,0,880
06/28/2020,ATL,GA,ASO,ES,Towers with Radar,821,68,4,0,893,0,0,0,0,0,821,68,4,0,893,0,0,0,893
06/29/2020,ATL,GA,ASO,ES,Towers with Radar,865,78,3,0,946,0,0,9,0,9,865,78,12,0,955,0,0,0,955
06/30/2020,ATL,GA,ASO,ES,Towers with Radar,819,71,9,0,899,0,0,1,0,1,819,71,10,0,900,0,0,0,900
07/01/2020,ATL,GA,ASO,ES,Towers with Radar,891,75,7,0,973,0,0,2,0,2,891,75,9,0,975,0,0,0,975
07/02/2020,ATL,GA,ASO,ES,Towers with Radar,1200,105,16,0,1321,0,0,9,0,9,1200,105,25,0,1330,0,0,0,1330
07/03/2020,ATL,GA,ASO,ES,Towers with Radar,1181,115,5,0,1301,0,0,3,0,3,1181,115,8,0,1304,0,0,0,1304
07/04/2020,ATL,GA,ASO,ES,Towers with Radar,1059,97,0,0,1156,0,0,3,0,3,1059,97,3,0,1159,0,0,0,1159
07/05/2020,ATL,GA,ASO,ES,Towers with Radar,1153,108,8,0,1269,0,0,10,0,10,1153,108,18,0,1279,0,0,0,1279
07/06/2020,ATL,GA,ASO,ES,Towers with Radar,1167,114,2,0,1283,0,0,1,0,1,1167,114,3,0,1284,0,0,0,1284
07/07/2020,ATL,GA,ASO,ES,Towers with Radar,1138,124,8,0,1270,0,0,2,0,2,1138,124,10,0,1272,0,0,0,1272
07/08/2020,ATL,GA,ASO,ES,Towers with Radar,1145,112,4,0,1261,0,0,4,0,4,1145,112,8,0,1265,0,0,0,1265
07/09/2020,ATL,GA,ASO,ES,Towers with Radar,1184,110,3,0,1297,0,0,2,0,2,1184,110,5,0,1299,0,0,0,1299
07/10/2020,ATL,GA,ASO,ES,Towers with Radar,1207,112,6,2,1327,0,0,4,0,4,1207,112,10,2,1331,0,0,0,1331
07/11/2020,ATL,GA,ASO,ES,Towers with Radar,1165,94,2,2,1263,0,0,7,0,7,1165,94,9,2,1270,0,0,0,1270
07/12/2020,ATL,GA,ASO,ES,Towers with Radar,1186,104,3,2,1295,0,0,4,2,6,1186,104,7,4,1301,0,0,0,1301
07/13/2020,ATL,GA,ASO,ES,Towers with Radar,1200,110,4,0,1314,0,0,4,0,4,1200,110,8,0,1318,0,0,0,1318
07/14/2020,ATL,GA,ASO,ES,Towers with Radar,1146,110,7,4,1267,0,0,7,0,7,1146,110,14,4,1274,0,0,0,1274
07/15/2020,ATL,GA,ASO,ES,Towers with Radar,1153,110,13,4,1280,0,0,2,0,2,1153,110,15,4,1282,0,0,0,1282
07/16/2020,ATL,GA,ASO,ES,Towers with Radar,1227,115,4,4,1350,0,0,4,1,5,1227,115,8,5,1355,0,0,0,1355
07/17/2020,ATL,GA,ASO,ES,Towers with Radar,1236,118,4,0,1358,0,0,3,0,3,1236,118,7,0,1361,0,0,0,1361
07/18/2020,ATL,GA,ASO,ES,Towers with Radar,1206,106,2,0,1314,0,2,2,0,4,1206,108,4,0,1318,0,0,0,1318
07/19/2020,ATL,GA,ASO,ES,Towers with Radar,1193,113,8,0,1314,0,0,5,0,5,1193,113,13,0,1319,0,0,0,1319
07/20/2020,ATL,GA,ASO,ES,Towers with Radar,1241,117,3,0,1361,0,0,5,0,5,1241,117,8,0,1366,0,0,0,1366
07/21/2020,ATL,GA,ASO,ES,Towers with Radar,1157,119,0,0,1276,0,0,5,2,7,1157,119,5,2,1283,0,0,0,1283
07/22/2020,ATL,GA,ASO,ES,Towers with Radar,1158,113,2,0,1273,0,0,8,0,8,1158,113,10,0,1281,0,0,0,1281
07/23/2020,ATL,GA,ASO,ES,Towers with Radar,1222,116,2,0,1340,0,0,2,0,2,1222,116,4,0,1342,0,0,0,1342
07/24/2020,ATL,GA,ASO,ES,Towers with Radar,1230,116,3,0,1349,0,0,5,0,5,1230,116,8,0,1354,0,0,0,1354
07/25/2020,ATL,GA,ASO,ES,Towers with Radar,1200,106,1,0,1307,0,0,4,0,4,1200,106,5,0,1311,0,0,0,1311
07/26/2020,ATL,GA,ASO,ES,Towers with Radar,1180,117,4,0,1301,0,0,3,0,3,1180,117,7,0,1304,0,0,0,1304
07/27/2020,ATL,GA,ASO,ES,Towers with Radar,1200,122,0,0,1322,0,0,3,0,3,1200,122,3,0,1325,0,0,0,1325
07/28/2020,ATL,GA,ASO,ES,Towers with Radar,1144,121,2,0,1267,0,0,0,0,0,1144,121,2,0,1267,0,0,0,1267
07/29/2020,ATL,GA,ASO,ES,Towers with Radar,1151,114,3,0,1268,0,0,4,0,4,1151,114,7,0,1272,0,0,0,1272
07/30/2020,ATL,GA,ASO,ES,Towers with Radar,1224,131,10,0,1365,0,0,6,0,6,1224,131,16,0,1371,0,0,0,1371
07/31/2020,ATL,GA,ASO,ES,Towers with Radar,1237,117,5,0,1359,0,0,4,0,4,1237,117,9,0,1363,0,0,0,1363
08/01/2020,ATL,GA,ASO,ES,Towers with Radar,1371,133,2,0,1506,0,0,4,0,4,1371,133,6,0,1510,0,0,0,1510
08/02/2020,ATL,GA,ASO,ES,Towers with Radar,1423,125,0,0,1548,0,0,5,0,5,1423,125,5,0,1553,0,0,0,1553
08/03/2020,ATL,GA,ASO,ES,Towers with Radar,1465,141,4,3,1613,0,0,2,0,2,1465,141,6,3,1615,0,0,0,1615
08/04/2020,ATL,GA,ASO,ES,Towers with Radar,1275,124,3,0,1402,0,0,5,0,5,1275,124,8,0,1407,0,0,0,1407
08/05/2020,ATL,GA,ASO,ES,Towers with Radar,1267,126,3,0,1396,0,0,0,0,0,1267,126,3,0,1396,0,0,0,1396
08/06/2020,ATL,GA,ASO,ES,Towers with Radar,1452,138,5,2,1597,0,0,7,0,7,1452,138,12,2,1604,0,0,0,1604
08/07/2020,ATL,GA,ASO,ES,Towers with Radar,1467,137,2,0,1606,0,0,2,0,2,1467,137,4,0,1608,0,0,0,1608
08/08/2020,ATL,GA,ASO,ES,Towers with Radar,1405,122,2,0,1529,0,0,4,0,4,1405,122,6,0,1533,0,0,0,1533
08/09/2020,ATL,GA,ASO,ES,Towers with Radar,1410,133,0,0,1543,0,0,0,0,0,1410,133,0,0,1543,0,0,0,1543
08/10/2020,ATL,GA,ASO,ES,Towers with Radar,1431,132,5,0,1568,0,0,2,0,2,1431,132,7,0,1570,0,0,0,1570
08/11/2020,ATL,GA,ASO,ES,Towers with Radar,1298,125,9,0,1432,0,0,8,0,8,1298,125,17,0,1440,0,0,0,1440
08/12/2020,ATL,GA,ASO,ES,Towers with Radar,1283,124,7,0,1414,0,0,0,1,1,1283,124,7,1,1415,0,0,0,1415
08/13/2020,ATL,GA,ASO,ES,Towers with Radar,1463,138,9,0,1610,0,0,8,0,8,1463,138,17,0,1618,0,0,0,1618
08/14/2020,ATL,GA,ASO,ES,Towers with Radar,1474,136,9,0,1619,0,0,1,0,1,1474,136,10,0,1620,0,0,0,1620
08/15/2020,ATL,GA,ASO,ES,Towers with Radar,1399,130,5,0,1534,0,0,4,0,4,1399,130,9,0,1538,0,0,0,1538
08/16/2020,ATL,GA,ASO,ES,Towers with Radar,1455,129,6,0,1590,0,2,5,0,7,1455,131,11,0,1597,0,0,0,1597
08/17/2020,ATL,GA,ASO,ES,Towers with Radar,1426,137,5,0,1568,0,0,0,0,0,1426,137,5,0,1568,0,0,0,1568
08/18/2020,ATL,GA,ASO,ES,Towers with Radar,1254,131,6,0,1391,0,0,4,0,4,1254,131,10,0,1395,0,0,0,1395
08/19/2020,ATL,GA,ASO,ES,Towers with Radar,1270,130,4,0,1404,0,0,7,0,7,1270,130,11,0,1411,0,0,0,1411
08/20/2020,ATL,GA,ASO,ES,Towers with Radar,1470,133,5,0,1608,0,0,0,0,0,1470,133,5,0,1608,0,0,0,1608
08/21/2020,ATL,GA,ASO,ES,Towers with Radar,1455,138,6,2,1601,0,0,4,0,4,1455,138,10,2,1605,0,0,0,1605
08/22/2020,ATL,GA,ASO,ES,Towers with Radar,1404,120,3,0,1527,0,1,4,0,5,1404,121,7,0,1532,0,0,0,1532
08/23/2020,ATL,GA,ASO,ES,Towers with Radar,1439,123,1,0,1563,0,0,0,0,0,1439,123,1,0,1563,0,0,0,1563
08/24/2020,ATL,GA,ASO,ES,Towers with Radar,1445,128,0,1,1574,0,0,0,0,0,1445,128,0,1,1574,0,0,0,1574
08/25/2020,ATL,GA,ASO,ES,Towers with Radar,1260,123,12,0,1395,0,0,0,0,0,1260,123,12,0,1395,0,0,0,1395
08/26/2020,ATL,GA,ASO,ES,Towers with Radar,1244,121,6,0,1371,0,0,0,0,0,1244,121,6,0,1371,0,0,0,1371
08/27/2020,ATL,GA,ASO,ES,Towers with Radar,1454,117,4,3,1578,0,0,6,0,6,1454,117,10,3,1584,0,0,0,1584
08/28/2020,ATL,GA,ASO,ES,Towers with Radar,1458,123,2,3,1586,0,0,0,0,0,1458,123,2,3,1586,0,0,0,1586
08/29/2020,ATL,GA,ASO,ES,Towers with Radar,1386,117,4,0,1507,0,0,7,0,7,1386,117,11,0,1514,0,0,0,1514
08/30/2020,ATL,GA,ASO,ES,Towers with Radar,1410,103,5,0,1518,0,0,3,0,3,1410,103,8,0,1521,0,0,0,1521
08/31/2020,ATL,GA,ASO,ES,Towers with Radar,1460,132,5,0,1597,0,0,0,0,0,1460,132,5,0,1597,0,0,0,1597
09/01/2020,ATL,GA,ASO,ES,Towers with Radar,1264,116,9,0,1389,0,0,7,0,7,1264,116,16,0,1396,0,0,0,1396
09/02/2020,ATL,GA,ASO,ES,Towers with Radar,1265,121,12,0,1398,0,0,5,0,5,1265,121,17,0,1403,0,0,0,1403
09/03/2020,ATL,GA,ASO,ES,Towers with Radar,1461,134,7,0,1602,0,0,5,1,6,1461,134,12,1,1608,0,0,0,1608
09/04/2020,ATL,GA,ASO,ES,Towers with Radar,1456,130,3,0,1589,0,0,3,0,3,1456,130,6,0,1592,0,0,0,1592
09/05/2020,ATL,GA,ASO,ES,Towers with Radar,1333,119,1,0,1453,0,2,0,0,2,1333,121,1,0,1455,0,0,0,1455
09/06/2020,ATL,GA,ASO,ES,Towers with Radar,1315,122,3,0,1440,0,0,2,0,2,1315,122,5,0,1442,0,0,0,1442
09/07/2020,ATL,GA,ASO,ES,Towers with Radar,1398,133,5,2,1538,0,1,0,1,2,1398,134,5,3,1540,0,0,0,1540
09/08/2020,ATL,GA,ASO,ES,Towers with Radar,1203,122,11,0,1336,0,0,0,2,2,1203,122,11,2,1338,0,0,0,1338
09/09/2020,ATL,GA,ASO,ES,Towers with Radar,1228,116,4,3,1351,0,0,4,2,6,1228,116,8,5,1357,0,0,0,1357
09/10/2020,ATL,GA,ASO,ES,Towers with Radar,1415,133,3,0,1551,0,0,0,0,0,1415,133,3,0,1551,0,0,0,1551
09/11/2020,ATL,GA,ASO,ES,Towers with Radar,1410,133,6,0,1549,0,0,5,0,5,1410,133,11,0,1554,0,0,0,1554
09/12/2020,ATL,GA,ASO,ES,Towers with Radar,1354,117,7,0,1478,0,0,1,0,1,1354,117,8,0,1479,0,0,0,1479
09/13/2020,ATL,GA,ASO,ES,Towers with Radar,1390,121,0,0,1511,1,0,7,0,8,1391,121,7,0,1519,0,0,0,1519
09/14/2020,ATL,GA,ASO,ES,Towers with Radar,1364,124,6,0,1494,0,0,0,0,0,1364,124,6,0,1494,0,0,0,1494
09/15/2020,ATL,GA,ASO,ES,Towers with Radar,1175,121,12,0,1308,0,0,0,0,0,1175,121,12,0,1308,0,0,0,1308
09/16/2020,ATL,GA,ASO,ES,Towers with Radar,1200,109,20,0,1329,0,0,0,0,0,1200,109,20,0,1329,0,0,0,1329
09/17/2020,ATL,GA,ASO,ES,Towers with Radar,1411,143,6,0,1560,0,0,2,0,2,1411,143,8,0,1562,0,0,0,1562
09/18/2020,ATL,GA,ASO,ES,Towers with Radar,1418,135,5,0,1558,0,0,4,0,4,1418,135,9,0,1562,0,0,0,1562
09/19/2020,ATL,GA,ASO,ES,Towers with Radar,1374,128,7,0,1509,0,0,2,0,2,1374,128,9,0,1511,0,0,0,1511
09/20/2020,ATL,GA,ASO,ES,Towers with Radar,1400,124,9,2,1535,0,0,0,2,2,1400,124,9,4,1537,0,0,0,1537
09/21/2020,ATL,GA,ASO,ES,Towers with Radar,1388,129,3,5,1525,0,0,0,0,0,1388,129,3,5,1525,0,0,0,1525
09/22/2020,ATL,GA,ASO,ES,Towers with Radar,1207,114,11,3,1335,0,0,4,0,4,1207,114,15,3,1339,0,0,0,1339
09/23/2020,ATL,GA,ASO,ES,Towers with Radar,1241,117,8,0,1366,0,0,4,0,4,1241,117,12,0,1370,0,0,0,1370
09/24/2020,ATL,GA,ASO,ES,Towers with Radar,1427,134,5,0,1566,0,1,0,0,1,1427,135,5,0,1567,0,0,0,1567
09/25/2020,ATL,GA,ASO,ES,Towers with Radar,1427,149,10,3,1589,0,0,2,0,2,1427,149,12,3,1591,0,0,0,1591
09/26/2020,ATL,GA,ASO,ES,Towers with Radar,1368,121,3,0,1492,0,0,4,0,4,1368,121,7,0,1496,0,0,0,1496
09/27/2020,ATL,GA,ASO,ES,Towers with Radar,1424,126,3,0,1553,0,0,2,0,2,1424,126,5,0,1555,0,0,0,1555
09/28/2020,ATL,GA,ASO,ES,Towers with Radar,1399,131,9,0,1539,0,0,2,2,4,1399,131,11,2,1543,0,0,0,1543
09/29/2020,ATL,GA,ASO,ES,Towers with Radar,1219,120,10,1,1350,0,0,0,0,0,1219,120,10,1,1350,0,0,0,1350
09/30/2020,ATL,GA,ASO,ES,Towers with Radar,1245,117,8,0,1370,0,0,2,0,2,1245,117,10,0,1372,0,0,0,1372
10/01/2020,ATL,GA,ASO,ES,Towers with Radar,1455,150,4,0,1609,0,0,2,0,2,1455,150,6,0,1611,0,0,0,1611
10/02/2020,ATL,GA,ASO,ES,Towers with Radar,1466,139,5,3,1613,1,0,6,0,7,1467,139,11,3,1620,0,0,0,1620
10/03/2020,ATL,GA,ASO,ES,Towers with Radar,1401,128,11,0,1540,0,0,4,0,4,1401,128,15,0,1544,0,0,0,1544
10/04/2020,ATL,GA,ASO,ES,Towers with Radar,1451,136,9,0,1596,0,1,4,2,7,1451,137,13,2,1603,0,0,0,1603
10/05/2020,ATL,GA,ASO,ES,Towers with Radar,1416,135,8,0,1559,0,0,2,0,2,1416,135,10,0,1561,0,0,0,1561
10/06/2020,ATL,GA,ASO,ES,Towers with Radar,1260,125,6,0,1391,0,0,4,0,4,1260,125,10,0,1395,0,0,0,1395
10/07/2020,ATL,GA,ASO,ES,Towers with Radar,1272,123,4,0,1399,0,0,2,0,2,1272,123,6,0,1401,0,0,0,1401
10/08/2020,ATL,GA,ASO,ES,Towers with Radar,1503,138,7,0,1648,0,0,11,0,11,1503,138,18,0,1659,0,0,0,1659
10/09/2020,ATL,GA,ASO,ES,Towers with Radar,1516,139,8,0,1663,0,0,1,0,1,1516,139,9,0,1664,0,0,0,1664
10/10/2020,ATL,GA,ASO,ES,Towers with Radar,1416,134,8,2,1560,0,0,0,0,0,1416,134,8,2,1560,0,0,0,1560
10/11/2020,ATL,GA,ASO,ES,Towers with Radar,1531,131,12,0,1674,0,0,0,0,0,1531,131,12,0,1674,0,0,0,1674
10/12/2020,ATL,GA,ASO,ES,Towers with Radar,1466,145,7,0,1618,0,0,1,2,3,1466,145,8,2,1621,0,0,0,1621
10/13/2020,ATL,GA,ASO,ES,Towers with Radar,1286,127,11,0,1424,0,0,6,0,6,1286,127,17,0,1430,0,0,0,1430
10/14/2020,ATL,GA,ASO,ES,Towers with Radar,1293,129,12,0,1434,0,1,3,0,4,1293,130,15,0,1438,0,0,0,1438
10/15/2020,ATL,GA,ASO,ES,Towers with Radar,1515,144,14,0,1673,0,0,6,0,6,1515,144,20,0,1679,0,0,0,1679
10/16/2020,ATL,GA,ASO,ES,Towers with Radar,1500,140,9,0,1649,0,1,3,0,4,1500,141,12,0,1653,0,0,0,1653
10/17/2020,ATL,GA,ASO,ES,Towers with Radar,1430,130,4,0,1564,0,0,2,0,2,1430,130,6,0,1566,0,0,0,1566
10/18/2020,ATL,GA,ASO,ES,Towers with Radar,1516,137,7,0,1660,0,0,8,0,8,1516,137,15,0,1668,0,0,0,1668
10/19/2020,ATL,GA,ASO,ES,Towers with Radar,1488,145,7,0,1640,0,0,2,2,4,1488,145,9,2,1644,0,0,0,1644
10/20/2020,ATL,GA,ASO,ES,Towers with Radar,1303,133,2,0,1438,0,0,0,0,0,1303,133,2,0,1438,0,0,0,1438
10/21/2020,ATL,GA,ASO,ES,Towers with Radar,1318,134,6,0,1458,0,0,8,0,8,1318,134,14,0,1466,0,0,0,1466
10/22/2020,ATL,GA,ASO,ES,Towers with Radar,1516,147,11,1,1675,0,0,3,0,3,1516,147,14,1,1678,0,0,0,1678
10/23/2020,ATL,GA,ASO,ES,Towers with Radar,1514,144,13,0,1671,0,0,2,0,2,1514,144,15,0,1673,0,0,0,1673
10/24/2020,ATL,GA,ASO,ES,Towers with Radar,1289,121,3,0,1413,0,0,0,0,0,1289,121,3,0,1413,0,0,0,1413
10/25/2020,ATL,GA,ASO,ES,Towers with Radar,1295,121,12,0,1428,0,0,2,0,2,1295,121,14,0,1430,0,0,0,1430
10/26/2020,ATL,GA,ASO,ES,Towers with Radar,1299,125,11,0,1435,0,0,0,0,0,1299,125,11,0,1435,0,0,0,1435
10/27/2020,ATL,GA,ASO,ES,Towers with Radar,1216,133,13,0,1362,0,0,0,0,0,1216,133,13,0,1362,0,0,0,1362
10/28/2020,ATL,GA,ASO,ES,Towers with Radar,1213,135,16,0,1364,0,0,0,0,0,1213,135,16,0,1364,0,0,0,1364
10/29/2020,ATL,GA,ASO,ES,Towers with Radar,1293,132,5,0,1430,0,0,0,0,0,1293,132,5,0,1430,0,0,0,1430
10/30/2020,ATL,GA,ASO,ES,Towers with Radar,1330,128,6,0,1464,0,2,8,0,10,1330,130,14,0,1474,0,0,0,1474
10/31/2020,ATL,GA,ASO,ES,Towers with Radar,1098,105,0,0,1203,0,0,2,0,2,1098,105,2,0,1205,0,0,0,1205
11/01/2020,ATL,GA,ASO,ES,Towers with Radar,1278,130,1,0,1409,0,0,0,0,0,1278,130,1,0,1409,0,0,0,1409
11/02/2020,ATL,GA,ASO,ES,Towers with Radar,1240,117,7,0,1364,0,0,2,0,2,1240,117,9,0,1366,0,0,0,1366
11/03/2020,ATL,GA,ASO,ES,Towers with Radar,1066,93,3,0,1162,0,0,5,0,5,1066,93,8,0,1167,0,0,0,1167
11/04/2020,ATL,GA,ASO,ES,Towers with Radar,1162,108,4,0,1274,0,0,2,0,2,1162,108,6,0,1276,0,0,0,1276
11/05/2020,ATL,GA,ASO,ES,Towers with Radar,1374,134,5,0,1513,0,0,5,0,5,1374,134,10,0,1518,0,0,0,1518
11/06/2020,ATL,GA,ASO,ES,Towers with Radar,1368,129,6,0,1503,0,0,3,0,3,1368,129,9,0,1506,0,0,0,1506
11/07/2020,ATL,GA,ASO,ES,Towers with Radar,1253,117,4,0,1374,0,0,4,0,4,1253,117,8,0,1378,0,0,0,1378
11/08/2020,ATL,GA,ASO,ES,Towers with Radar,1523,147,4,2,1676,0,0,1,0,1,1523,147,5,2,1677,0,0,0,1677
11/09/2020,ATL,GA,ASO,ES,Towers with Radar,1530,158,2,0,1690,0,2,3,0,5,1530,160,5,0,1695,0,0,0,1695
11/10/2020,ATL,GA,ASO,ES,Towers with Radar,1345,148,9,3,1505,0,0,0,0,0,1345,148,9,3,1505,0,0,0,1505
11/11/2020,ATL,GA,ASO,ES,Towers with Radar,1341,145,6,0,1492,0,0,0,0,0,1341,145,6,0,1492,0,0,0,1492
11/12/2020,ATL,GA,ASO,ES,Towers with Radar,1565,167,7,2,1741,0,0,2,0,2,1565,167,9,2,1743,0,0,0,1743
11/13/2020,ATL,GA,ASO,ES,Towers with Radar,1572,156,5,3,1736,0,0,2,0,2,1572,156,7,3,1738,0,0,0,1738
11/14/2020,ATL,GA,ASO,ES,Towers with Radar,1422,143,4,0,1569,0,0,4,0,4,1422,143,8,0,1573,0,0,0,1573
11/15/2020,ATL,GA,ASO,ES,Towers with Radar,1563,148,6,0,1717,0,0,3,2,5,1563,148,9,2,1722,0,0,0,1722
11/16/2020,ATL,GA,ASO,ES,Towers with Radar,1535,159,5,0,1699,0,0,0,3,3,1535,159,5,3,1702,0,0,0,1702
11/17/2020,ATL,GA,ASO,ES,Towers with Radar,1343,145,6,0,1494,0,0,2,2,4,1343,145,8,2,1498,0,0,0,1498
11/18/2020,ATL,GA,ASO,ES,Towers with Radar,1347,144,5,0,1496,0,0,6,0,6,1347,144,11,0,1502,0,0,0,1502
11/19/2020,ATL,GA,ASO,ES,Towers with Radar,1574,157,7,0,1738,0,0,4,0,4,1574,157,11,0,1742,0,0,0,1742
11/20/2020,ATL,GA,ASO,ES,Towers with Radar,1742,186,9,0,1937,0,0,2,0,2,1742,186,11,0,1939,0,0,0,1939
11/21/2020,ATL,GA,ASO,ES,Towers with Radar,1688,161,2,0,1851,0,0,1,0,1,1688,161,3,0,1852,0,0,0,1852
11/22/2020,ATL,GA,ASO,ES,Towers with Radar,1750,164,5,0,1919,0,0,6,0,6,1750,164,11,0,1925,0,0,0,1925
11/23/2020,ATL,GA,ASO,ES,Towers with Radar,1723,177,7,0,1907,0,0,2,2,4,1723,177,9,2,1911,0,0,0,1911
11/24/2020,ATL,GA,ASO,ES,Towers with Radar,1736,174,1,0,1911,0,0,2,2,4,1736,174,3,2,1915,0,0,0,1915
11/25/2020,ATL,GA,ASO,ES,Towers with Radar,1703,182,6,0,1891,0,0,3,0,3,1703,182,9,0,1894,0,0,0,1894
11/26/2020,ATL,GA,ASO,ES,Towers with Radar,1062,105,2,0,1169,0,0,0,0,0,1062,105,2,0,1169,0,0,0,1169
11/27/2020,ATL,GA,ASO,ES,Towers with Radar,1369,140,0,0,1509,0,0,0,0,0,1369,140,0,0,1509,0,0,0,1509
11/28/2020,ATL,GA,ASO,ES,Towers with Radar,1675,164,2,0,1841,0,0,0,0,0,1675,164,2,0,1841,0,0,0,1841
11/29/2020,ATL,GA,ASO,ES,Towers with Radar,1770,171,11,0,1952,0,0,2,0,2,1770,171,13,0,1954,0,0,0,1954
11/30/2020,ATL,GA,ASO,ES,Towers with Radar,1756,177,10,0,1943,0,0,0,0,0,1756,177,10,0,1943,0,0,0,1943
12/01/2020,ATL,GA,ASO,ES,Towers with Radar,1759,176,5,0,1940,0,0,10,0,10,1759,176,15,0,1950,0,0,0,1950
12/02/2020,ATL,GA,ASO,ES,Towers with Radar,1437,134,4,0,1575,0,0,12,0,12,1437,134,16,0,1587,0,0,0,1587
12/03/2020,ATL,GA,ASO,ES,Towers with Radar,1556,141,7,0,1704,0,0,9,0,9,1556,141,16,0,1713,0,0,0,1713
12/04/2020,ATL,GA,ASO,ES,Towers with Radar,1581,144,4,0,1729,0,0,0,0,0,1581,144,4,0,1729,0,0,0,1729
12/05/2020,ATL,GA,ASO,ES,Towers with Radar,1386,116,7,0,1509,0,0,1,0,1,1386,116,8,0,1510,0,0,0,1510
12/06/2020,ATL,GA,ASO,ES,Towers with Radar,1553,128,7,0,1688,0,0,5,0,5,1553,128,12,0,1693,0,0,0,1693
12/07/2020,ATL,GA,ASO,ES,Towers with Radar,1542,136,2,0,1680,0,1,4,0,5,1542,137,6,0,1685,0,0,0,1685
12/08/2020,ATL,GA,ASO,ES,Towers with Radar,1389,118,3,3,1513,0,1,6,0,7,1389,119,9,3,1520,0,0,0,1520
12/09/2020,ATL,GA,ASO,ES,Towers with Radar,1418,116,2,2,1538,0,0,4,0,4,1418,116,6,2,1542,0,0,0,1542
12/10/2020,ATL,GA,ASO,ES,Towers with Radar,1581,135,6,0,1722,0,0,4,0,4,1581,135,10,0,1726,0,0,0,1726
12/11/2020,ATL,GA,ASO,ES,Towers with Radar,1590,138,9,0,1737,0,2,4,0,6,1590,140,13,0,1743,0,0,0,1743
12/12/2020,ATL,GA,ASO,ES,Towers with Radar,1383,111,2,0,1496,0,0,7,0,7,1383,111,9,0,1503,0,0,0,1503
12/13/2020,ATL,GA,ASO,ES,Towers with Radar,1552,133,5,0,1690,0,1,1,0,2,1552,134,6,0,1692,0,0,0,1692
12/14/2020,ATL,GA,ASO,ES,Towers with Radar,1564,138,8,2,1712,0,0,0,2,2,1564,138,8,4,1714,0,0,0,1714
12/15/2020,ATL,GA,ASO,ES,Towers with Radar,1403,121,10,3,1537,0,0,6,4,10,1403,121,16,7,1547,0,0,0,1547
12/16/2020,ATL,GA,ASO,ES,Towers with Radar,1417,114,3,1,1535,0,0,0,0,0,1417,114,3,1,1535,0,0,0,1535
12/17/2020,ATL,GA,ASO,ES,Towers with Radar,1634,140,10,0,1784,0,0,3,0,3,1634,140,13,0,1787,0,0,0,1787
12/18/2020,ATL,GA,ASO,ES,Towers with Radar,1728,148,9,3,1888,0,0,3,0,3,1728,148,12,3,1891,0,0,0,1891
12/19/2020,ATL,GA,ASO,ES,Towers with Radar,1716,142,17,0,1875,0,0,5,0,5,1716,142,22,0,1880,0,0,0,1880
12/20/2020,ATL,GA,ASO,ES,Towers with Radar,1759,154,2,0,1915,0,0,2,0,2,1759,154,4,0,1917,0,0,0,1917
12/21/2020,ATL,GA,ASO,ES,Towers with Radar,1721,145,1,2,1869,0,0,0,0,0,1721,145,1,2,1869,0,0,0,1869
12/22/2020,ATL,GA,ASO,ES,Towers with Radar,1724,148,8,0,1880,0,0,6,0,6,1724,148,14,0,1886,0,0,0,1886
12/23/2020,ATL,GA,ASO,ES,Towers with Radar,1675,153,2,0,1830,0,0,2,0,2,1675,153,4,0,1832,0,0,0,1832
12/24/2020,ATL,GA,ASO,ES,Towers with Radar,1203,98,6,0,1307,0,0,0,0,0,1203,98,6,0,1307,0,0,0,1307
12/25/2020,ATL,GA,ASO,ES,Towers with Radar,1003,91,0,0,1094,0,0,0,2,2,1003,91,0,2,1096,0,0,0,1096
12/26/2020,ATL,GA,ASO,ES,Towers with Radar,1549,151,13,0,1713,0,2,3,0,5,1549,153,16,0,1718,0,0,0,1718
12/27/2020,ATL,GA,ASO,ES,Towers with Radar,1658,147,5,0,1810,0,2,1,4,7,1658,149,6,4,1817,0,0,0,1817
12/28/2020,ATL,GA,ASO,ES,Towers with Radar,1679,154,2,1,1836,0,0,0,0,0,1679,154,2,1,1836,0,0,0,1836
12/29/2020,ATL,GA,ASO,ES,Towers with Radar,1688,157,10,0,1855,0,0,8,0,8,1688,157,18,0,1863,0,0,0,1863
12/30/2020,ATL,GA,ASO,ES,Towers with Radar,1662,160,5,0,1827,0,0,5,0,5,1662,160,10,0,1832,0,0,0,1832
12/31/2020,ATL,GA,ASO,ES,Towers with Radar,1225,104,4,0,1333,0,0,0,0,0,1225,104,4,0,1333,0,0,0,1333
01/01/2021,ATL,GA,ASO,ES,Towers with Radar,1226,95,9,0,1330,0,0,0,0,0,1226,95,9,0,1330,0,0,0,1330
01/02/2021,ATL,GA,ASO,ES,Towers with Radar,1651,160,7,0,1818,0,0,3,0,3,1651,160,10,0,1821,0,0,0,1821
01/03/2021,ATL,GA,ASO,ES,Towers with Radar,1733,161,2,0,1896,0,0,3,0,3,1733,161,5,0,1899,0,0,0,1899
01/04/2021,ATL,GA,ASO,ES,Towers with Radar,1700,173,6,1,1880,1,0,5,0,6,1701,173,11,1,1886,0,0,0,1886
01/05/2021,ATL,GA,ASO,ES,Towers with Radar,1496,101,2,1,1600,0,2,7,0,9,1496,103,9,1,1609,0,0,0,1609
01/06/2021,ATL,GA,ASO,ES,Towers with Radar,1478,93,4,0,1575,0,0,4,0,4,1478,93,8,0,1579,0,0,0,1579
01/07/2021,ATL,GA,ASO,ES,Towers with Radar,1647,107,5,0,1759,0,0,0,0,0,1647,107,5,0,1759,0,0,0,1759
01/08/2021,ATL,GA,ASO,ES,Towers with Radar,1638,105,1,0,1744,0,0,0,0,0,1638,105,1,0,1744,0,0,0,1744
01/09/2021,ATL,GA,ASO,ES,Towers with Radar,1355,69,6,0,1430,0,0,0,0,0,1355,69,6,0,1430,0,0,0,1430
01/10/2021,ATL,GA,ASO,ES,Towers with Radar,1622,91,4,1,1718,0,0,6,0,6,1622,91,10,1,1724,0,0,0,1724
01/11/2021,ATL,GA,ASO,ES,Towers with Radar,1593,96,5,0,1694,0,0,0,0,0,1593,96,5,0,1694,0,0,0,1694
01/12/2021,ATL,GA,ASO,ES,Towers with Radar,1405,92,3,0,1500,0,0,4,0,4,1405,92,7,0,1504,0,0,0,1504
01/13/2021,ATL,GA,ASO,ES,Towers with Radar,1416,90,5,0,1511,0,0,6,0,6,1416,90,11,0,1517,0,0,0,1517
01/14/2021,ATL,GA,ASO,ES,Towers with Radar,1649,108,7,0,1764,0,0,4,0,4,1649,108,11,0,1768,0,0,0,1768
01/15/2021,ATL,GA,ASO,ES,Towers with Radar,1637,105,6,3,1751,0,0,6,0,6,1637,105,12,3,1757,0,0,0,1757
01/16/2021,ATL,GA,ASO,ES,Towers with Radar,1361,66,2,0,1429,0,0,2,0,2,1361,66,4,0,1431,0,0,0,1431
01/17/2021,ATL,GA,ASO,ES,Towers with Radar,1429,72,2,0,1503,0,1,4,2,7,1429,73,6,2,1510,0,0,0,1510
01/18/2021,ATL,GA,ASO,ES,Towers with Radar,1598,100,8,0,1706,0,0,8,0,8,1598,100,16,0,1714,0,0,0,1714
01/19/2021,ATL,GA,ASO,ES,Towers with Radar,1401,88,4,0,1493,0,0,6,0,6,1401,88,10,0,1499,0,0,0,1499
01/20/2021,ATL,GA,ASO,ES,Towers with Radar,1426,93,6,0,1525,0,0,9,0,9,1426,93,15,0,1534,0,0,0,1534
01/21/2021,ATL,GA,ASO,ES,Towers with Radar,1637,112,3,0,1752,0,0,0,0,0,1637,112,3,0,1752,0,0,0,1752
01/22/2021,ATL,GA,ASO,ES,Towers with Radar,1638,109,1,0,1748,0,0,5,2,7,1638,109,6,2,1755,0,0,0,1755
01/23/2021,ATL,GA,ASO,ES,Towers with Radar,1359,73,1,0,1433,0,0,8,2,10,1359,73,9,2,1443,0,0,0,1443
01/24/2021,ATL,GA,ASO,ES,Towers with Radar,1611,95,1,0,1707,0,0,1,0,1,1611,95,2,0,1708,0,0,0,1708
01/25/2021,ATL,GA,ASO,ES,Towers with Radar,1608,99,3,3,1713,0,0,0,0,0,1608,99,3,3,1713,0,0,0,1713
01/26/2021,ATL,GA,ASO,ES,Towers with Radar,1390,89,6,0,1485,0,0,8,0,8,1390,89,14,0,1493,0,0,0,1493
01/27/2021,ATL,GA,ASO,ES,Towers with Radar,1440,90,3,0,1533,0,1,2,0,3,1440,91,5,0,1536,0,0,0,1536
01/28/2021,ATL,GA,ASO,ES,Towers with Radar,1626,115,3,3,1747,0,0,2,1,3,1626,115,5,4,1750,0,0,0,1750
01/29/2021,ATL,GA,ASO,ES,Towers with Radar,1640,100,8,0,1748,0,0,5,0,5,1640,100,13,0,1753,0,0,0,1753
01/30/2021,ATL,GA,ASO,ES,Towers with Radar,1355,70,3,0,1428,0,0,13,0,13,1355,70,16,0,1441,0,0,0,1441
01/31/2021,ATL,GA,ASO,ES,Towers with Radar,1618,105,6,0,1729,0,0,0,0,0,1618,105,6,0,1729,0,0,0,1729
02/01/2021,ATL,GA,ASO,ES,Towers with Radar,1567,112,2,0,1681,0,0,0,0,0,1567,112,2,0,1681,0,0,0,1681
02/02/2021,ATL,GA,ASO,ES,Towers with Radar,1414,88,6,0,1508,0,0,0,4,4,1414,88,6,4,1512,0,0,0,1512
02/03/2021,ATL,GA,ASO,ES,Towers with Radar,1451,92,7,0,1550,0,0,8,0,8,1451,92,15,0,1558,0,0,0,1558
02/04/2021,ATL,GA,ASO,ES,Towers with Radar,1651,109,12,0,1772,0,1,4,0,5,1651,110,16,0,1777,0,0,0,1777
02/05/2021,ATL,GA,ASO,ES,Towers with Radar,1657,109,11,0,1777,0,0,3,0,3,1657,109,14,0,1780,0,0,0,1780
02/06/2021,ATL,GA,ASO,ES,Towers with Radar,1394,70,1,0,1465,0,0,3,0,3,1394,70,4,0,1468,0,0,0,1468
02/07/2021,ATL,GA,ASO,ES,Towers with Radar,1447,72,0,0,1519,0,0,0,0,0,1447,72,0,0,1519,0,0,0,1519
02/08/2021,ATL,GA,ASO,ES,Towers with Radar,1624,102,2,0,1728,0,0,1,0,1,1624,102,3,0,1729,0,0,0,1729
02/09/2021,ATL,GA,ASO,ES,Towers with Radar,1433,95,3,0,1531,0,0,6,0,6,1433,95,9,0,1537,0,0,0,1537
02/10/2021,ATL,GA,ASO,ES,Towers with Radar,1438,87,13,0,1538,0,0,9,0,9,1438,87,22,0,1547,0,0,0,1547
02/11/2021,ATL,GA,ASO,ES,Towers with Radar,1669,115,4,0,1788,0,0,0,0,0,1669,115,4,0,1788,0,0,0,1788
02/12/2021,ATL,GA,ASO,ES,Towers with Radar,1686,121,11,0,1818,0,0,0,0,0,1686,121,11,0,1818,0,0,0,1818
02/13/2021,ATL,GA,ASO,ES,Towers with Radar,1398,64,4,0,1466,0,0,0,0,0,1398,64,4,0,1466,0,0,0,1466
02/14/2021,ATL,GA,ASO,ES,Towers with Radar,1408,62,3,0,1473,0,0,0,0,0,1408,62,3,0,1473,0,0,0,1473
02/15/2021,ATL,GA,ASO,ES,Towers with Radar,1432,88,8,0,1528,0,0,0,0,0,1432,88,8,0,1528,0,0,0,1528
02/16/2021,ATL,GA,ASO,ES,Towers with Radar,1309,81,8,1,1399,0,0,6,0,6,1309,81,14,1,1405,0,0,0,1405
02/17/2021,ATL,GA,ASO,ES,Towers with Radar,1356,79,12,0,1447,0,0,4,0,4,1356,79,16,0,1451,0,0,0,1451
02/18/2021,ATL,GA,ASO,ES,Towers with Radar,1534,97,7,0,1638,0,0,0,0,0,1534,97,7,0,1638,0,0,0,1638
02/19/2021,ATL,GA,ASO,ES,Towers with Radar,1627,97,6,1,1731,0,0,4,0,4,1627,97,10,1,1735,0,0,0,1735
02/20/2021,ATL,GA,ASO,ES,Towers with Radar,1419,74,5,0,1498,0,0,6,0,6,1419,74,11,0,1504,0,0,0,1504
02/21/2021,ATL,GA,ASO,ES,Towers with Radar,1649,106,7,0,1762,0,2,2,0,4,1649,108,9,0,1766,0,0,0,1766
02/22/2021,ATL,GA,ASO,ES,Towers with Radar,1632,109,12,0,1753,0,0,17,2,19,1632,109,29,2,1772,0,0,0,1772
02/23/2021,ATL,GA,ASO,ES,Towers with Radar,1457,94,9,0,1560,0,0,22,0,22,1457,94,31,0,1582,0,0,0,1582
02/24/2021,ATL,GA,ASO,ES,Towers with Radar,1466,110,9,0,1585,0,0,24,0,24,1466,110,33,0,1609,0,0,0,1609
02/25/2021,ATL,GA,ASO,ES,Towers with Radar,1675,115,0,0,1790,0,0,2,0,2,1675,115,2,0,1792,0,0,0,1792
02/26/2021,ATL,GA,ASO,ES,Towers with Radar,1685,124,10,3,1822,0,0,0,0,0,1685,124,10,3,1822,0,0,0,1822
02/27/2021,ATL,GA,ASO,ES,Towers with Radar,1434,79,9,0,1522,0,0,3,0,3,1434,79,12,0,1525,0,0,0,1525
02/28/2021,ATL,GA,ASO,ES,Towers with Radar,1635,101,8,1,1745,0,1,9,0,10,1635,102,17,1,1755,0,0,0,1755
03/01/2021,ATL,GA,ASO,ES,Towers with Radar,1665,112,4,0,1781,0,2,0,0,2,1665,114,4,0,1783,0,0,0,1783
03/02/2021,ATL,GA,ASO,ES,Towers with Radar,1550,82,8,0,1640,0,0,0,0,0,1550,82,8,0,1640,0,0,0,1640
03/03/2021,ATL,GA,ASO,ES,Towers with Radar,1603,86,5,0,1694,0,2,5,0,7,1603,88,10,0,1701,0,0,0,1701
03/04/2021,ATL,GA,ASO,ES,Towers with Radar,1835,96,4,0,1935,0,0,10,1,11,1835,96,14,1,1946,0,0,0,1946
03/05/2021,ATL,GA,ASO,ES,Towers with Radar,1826,99,8,0,1933,0,0,2,4,6,1826,99,10,4,1939,0,0,0,1939
03/06/2021,ATL,GA,ASO,ES,Towers with Radar,1595,96,11,0,1702,0,0,9,0,9,1595,96,20,0,1711,0,0,0,1711
03/07/2021,ATL,GA,ASO,ES,Towers with Radar,1857,104,11,0,1972,0,1,11,0,12,1857,105,22,0,1984,0,0,0,1984
03/08/2021,ATL,GA,ASO,ES,Towers with Radar,1844,124,15,0,1983,0,1,5,0,6,1844,125,20,0,1989,0,0,0,1989
03/09/2021,ATL,GA,ASO,ES,Towers with Radar,1604,80,10,0,1694,0,0,9,2,11,1604,80,19,2,1705,0,0,0,1705
03/10/2021,ATL,GA,ASO,ES,Towers with Radar,1642,87,7,0,1736,0,0,10,0,10,1642,87,17,0,1746,0,0,0,1746
03/11/2021,ATL,GA,ASO,ES,Towers with Radar,1915,92,9,0,2016,0,0,5,0,5,1915,92,14,0,2021,0,0,0,2021
03/12/2021,ATL,GA,ASO,ES,Towers with Radar,1912,93,7,0,2012,0,0,6,0,6,1912,93,13,0,2018,0,0,0,2018
03/13/2021,ATL,GA,ASO,ES,Towers with Radar,1676,69,6,0,1751,0,0,1,0,1,1676,69,7,0,1752,0,0,0,1752
03/14/2021,ATL,GA,ASO,ES,Towers with Radar,1887,86,7,0,1980,0,0,9,0,9,1887,86,16,0,1989,0,0,0,1989
03/15/2021,ATL,GA,ASO,ES,Towers with Radar,1845,95,6,0,1946,0,0,1,0,1,1845,95,7,0,1947,0,0,0,1947
03/16/2021,ATL,GA,ASO,ES,Towers with Radar,1725,81,7,1,1814,0,0,0,0,0,1725,81,7,1,1814,0,0,0,1814
03/17/2021,ATL,GA,ASO,ES,Towers with Radar,1719,82,25,0,1826,0,0,0,0,0,1719,82,25,0,1826,0,0,0,1826
03/18/2021,ATL,GA,ASO,ES,Towers with Radar,1954,98,12,0,2064,0,0,0,0,0,1954,98,12,0,2064,0,0,0,2064
03/19/2021,ATL,GA,ASO,ES,Towers with Radar,1935,108,16,2,2061,0,0,0,0,0,1935,108,16,2,2061,0,0,0,2061
03/20/2021,ATL,GA,ASO,ES,Towers with Radar,1707,70,16,0,1793,0,0,3,3,6,1707,70,19,3,1799,0,0,0,1799
03/21/2021,ATL,GA,ASO,ES,Towers with Radar,1910,92,17,1,2020,0,0,4,0,4,1910,92,21,1,2024,0,0,0,2024
03/22/2021,ATL,GA,ASO,ES,Towers with Radar,1885,88,8,0,1981,0,0,0,0,0,1885,88,8,0,1981,0,0,0,1981
03/23/2021,ATL,GA,ASO,ES,Towers with Radar,1690,79,9,0,1778,0,1,1,0,2,1690,80,10,0,1780,0,0,0,1780
03/24/2021,ATL,GA,ASO,ES,Towers with Radar,1711,79,13,1,1804,0,0,0,0,0,1711,79,13,1,1804,0,0,0,1804
03/25/2021,ATL,GA,ASO,ES,Towers with Radar,1883,91,11,1,1986,0,0,0,0,0,1883,91,11,1,1986,0,0,0,1986
03/26/2021,ATL,GA,ASO,ES,Towers with Radar,1981,99,7,0,2087,0,0,2,0,2,1981,99,9,0,2089,0,0,0,2089
03/27/2021,ATL,GA,ASO,ES,Towers with Radar,1729,70,13,2,1814,0,0,2,0,2,1729,70,15,2,1816,0,0,0,1816
03/28/2021,ATL,GA,ASO,ES,Towers with Radar,1919,86,8,0,2013,0,0,2,0,2,1919,86,10,0,2015,0,0,0,2015
03/29/2021,ATL,GA,ASO,ES,Towers with Radar,1887,97,2,0,1986,0,0,4,0,4,1887,97,6,0,1990,0,0,0,1990
03/30/2021,ATL,GA,ASO,ES,Towers with Radar,1702,79,4,1,1786,0,0,0,0,0,1702,79,4,1,1786,0,0,0,1786
03/31/2021,ATL,GA,ASO,ES,Towers with Radar,1737,91,11,0,1839,0,0,0,0,0,1737,91,11,0,1839,0,0,0,1839
04/01/2021,ATL,GA,ASO,ES,Towers with Radar,1979,108,9,0,2096,0,0,0,0,0,1979,108,9,0,2096,0,0,0,2096
04/02/2021,ATL,GA,ASO,ES,Towers with Radar,1939,94,13,0,2046,0,0,2,0,2,1939,94,15,0,2048,0,0,0,2048
04/03/2021,ATL,GA,ASO,ES,Towers with Radar,1734,69,2,0,1805,0,0,2,0,2,1734,69,4,0,1807,0,0,0,1807
04/04/2021,ATL,GA,ASO,ES,Towers with Radar,1861,86,3,0,1950,0,0,2,0,2,1861,86,5,0,1952,0,0,0,1952
04/05/2021,ATL,GA,ASO,ES,Towers with Radar,1894,88,6,0,1988,0,0,0,0,0,1894,88,6,0,1988,0,0,0,1988
04/06/2021,ATL,GA,ASO,ES,Towers with Radar,1693,85,8,0,1786,0,0,8,2,10,1693,85,16,2,1796,0,0,0,1796
04/07/2021,ATL,GA,ASO,ES,Towers with Radar,1715,98,10,0,1823,0,1,6,0,7,1715,99,16,0,1830,0,0,0,1830
04/08/2021,ATL,GA,ASO,ES,Towers with Radar,1938,96,13,0,2047,0,0,2,0,2,1938,96,15,0,2049,0,0,0,2049
04/09/2021,ATL,GA,ASO,ES,Towers with Radar,1934,100,14,0,2048,0,0,2,0,2,1934,100,16,0,2050,0,0,0,2050
04/10/2021,ATL,GA,ASO,ES,Towers with Radar,1731,72,21,0,1824,0,1,3,0,4,1731,73,24,0,1828,0,0,0,1828
04/11/2021,ATL,GA,ASO,ES,Towers with Radar,1818,95,10,0,1923,0,0,4,0,4,1818,95,14,0,1927,0,0,0,1927
04/12/2021,ATL,GA,ASO,ES,Towers with Radar,1887,101,20,0,2008,0,0,0,2,2,1887,101,20,2,2010,0,0,0,2010
04/13/2021,ATL,GA,ASO,ES,Towers with Radar,1685,98,4,2,1789,0,0,1,0,1,1685,98,5,2,1790,0,0,0,1790
04/14/2021,ATL,GA,ASO,ES,Towers with Radar,1724,107,11,2,1844,0,0,4,0,4,1724,107,15,2,1848,0,0,0,1848
04/15/2021,ATL,GA,ASO,ES,Towers with Radar,1924,110,8,2,2044,0,0,0,2,2,1924,110,8,4,2046,0,0,0,2046
04/16/2021,ATL,GA,ASO,ES,Towers with Radar,1917,104,10,0,2031,0,0,0,0,0,1917,104,10,0,2031,0,0,0,2031
04/17/2021,ATL,GA,ASO,ES,Towers with Radar,1698,73,7,0,1778,0,0,0,0,0,1698,73,7,0,1778,0,0,0,1778
04/18/2021,ATL,GA,ASO,ES,Towers with Radar,1891,101,11,0,2003,0,0,4,0,4,1891,101,15,0,2007,0,0,0,2007
04/19/2021,ATL,GA,ASO,ES,Towers with Radar,1887,93,12,0,1992,0,0,3,0,3,1887,93,15,0,1995,0,0,0,1995
04/20/2021,ATL,GA,ASO,ES,Towers with Radar,1679,103,8,0,1790,0,0,3,0,3,1679,103,11,0,1793,0,0,0,1793
04/21/2021,ATL,GA,ASO,ES,Towers with Radar,1720,92,12,2,1826,0,0,0,0,0,1720,92,12,2,1826,0,0,0,1826
04/22/2021,ATL,GA,ASO,ES,Towers with Radar,1927,98,9,0,2034,0,1,2,0,3,1927,99,11,0,2037,0,0,0,2037
04/23/2021,ATL,GA,ASO,ES,Towers with Radar,1907,99,4,0,2010,0,0,1,0,1,1907,99,5,0,2011,0,0,0,2011
04/24/2021,ATL,GA,ASO,ES,Towers with Radar,1652,63,9,0,1724,0,0,2,0,2,1652,63,11,0,1726,0,0,0,1726
04/25/2021,ATL,GA,ASO,ES,Towers with Radar,1934,99,3,0,2036,0,0,5,0,5,1934,99,8,0,2041,0,0,0,2041
04/26/2021,ATL,GA,ASO,ES,Towers with Radar,1872,109,6,3,1990,0,0,2,0,2,1872,109,8,3,1992,0,0,0,1992
04/27/2021,ATL,GA,ASO,ES,Towers with Radar,1664,116,8,0,1788,0,0,5,0,5,1664,116,13,0,1793,0,0,0,1793
04/28/2021,ATL,GA,ASO,ES,Towers with Radar,1703,106,7,2,1818,0,0,6,0,6,1703,106,13,2,1824,0,0,0,1824
04/29/2021,ATL,GA,ASO,ES,Towers with Radar,1903,109,6,0,2018,0,2,12,0,14,1903,111,18,0,2032,0,0,0,2032
04/30/2021,ATL,GA,ASO,ES,Towers with Radar,1903,106,4,1,2014,0,0,8,0,8,1903,106,12,1,2022,0,0,0,2022
05/01/2021,ATL,GA,ASO,ES,Towers with Radar,1710,69,10,0,1789,0,0,6,4,10,1710,69,16,4,1799,0,0,0,1799
05/02/2021,ATL,GA,ASO,ES,Towers with Radar,1873,93,9,0,1975,0,0,9,0,9,1873,93,18,0,1984,0,0,0,1984
05/03/2021,ATL,GA,ASO,ES,Towers with Radar,1779,106,10,0,1895,0,0,0,0,0,1779,106,10,0,1895,0,0,0,1895
05/04/2021,ATL,GA,ASO,ES,Towers with Radar,1702,110,4,0,1816,0,0,1,0,1,1702,110,5,0,1817,0,0,0,1817
05/05/2021,ATL,GA,ASO,ES,Towers with Radar,1801,120,8,0,1929,0,0,6,0,6,1801,120,14,0,1935,0,0,0,1935
05/06/2021,ATL,GA,ASO,ES,Towers with Radar,1914,116,15,0,2045,0,0,7,2,9,1914,116,22,2,2054,0,0,0,2054
05/07/2021,ATL,GA,ASO,ES,Towers with Radar,1942,118,7,0,2067,0,1,7,0,8,1942,119,14,0,2075,0,0,0,2075
05/08/2021,ATL,GA,ASO,ES,Towers with Radar,1746,86,5,0,1837,0,0,5,0,5,1746,86,10,0,1842,0,0,0,1842
05/09/2021,ATL,GA,ASO,ES,Towers with Radar,1905,109,5,0,2019,0,0,8,0,8,1905,109,13,0,2027,0,0,0,2027
05/10/2021,ATL,GA,ASO,ES,Towers with Radar,1908,113,11,0,2032,0,0,6,2,8,1908,113,17,2,2040,0,0,0,2040
05/11/2021,ATL,GA,ASO,ES,Towers with Radar,1774,118,14,0,1906,0,0,4,0,4,1774,118,18,0,1910,0,0,0,1910
05/12/2021,ATL,GA,ASO,ES,Towers with Radar,1810,127,11,0,1948,0,0,2,0,2,1810,127,13,0,1950,0,0,0,1950
05/13/2021,ATL,GA,ASO,ES,Towers with Radar,1955,127,8,0,2090,0,0,6,0,6,1955,127,14,0,2096,0,0,0,2096
05/14/2021,ATL,GA,ASO,ES,Towers with Radar,1944,118,4,2,2068,0,0,8,0,8,1944,118,12,2,2076,0,0,0,2076
05/15/2021,ATL,GA,ASO,ES,Towers with Radar,1736,87,3,0,1826,0,1,4,0,5,1736,88,7,0,1831,0,0,0,1831
05/16/2021,ATL,GA,ASO,ES,Towers with Radar,1920,109,10,0,2039,0,0,4,2,6,1920,109,14,2,2045,0,0,0,2045
05/17/2021,ATL,GA,ASO,ES,Towers with Radar,1928,112,9,0,2049,0,0,6,1,7,1928,112,15,1,2056,0,0,0,2056
05/18/2021,ATL,GA,ASO,ES,Towers with Radar,1791,119,4,0,1914,0,0,6,0,6,1791,119,10,0,1920,0,0,0,1920
05/19/2021,ATL,GA,ASO,ES,Towers with Radar,1800,119,15,0,1934,0,0,6,2,8,1800,119,21,2,1942,0,0,0,1942
05/20/2021,ATL,GA,ASO,ES,Towers with Radar,1951,115,10,2,2078,0,0,7,2,9,1951,115,17,4,2087,0,0,0,2087
05/21/2021,ATL,GA,ASO,ES,Towers with Radar,1941,116,5,0,2062,0,0,5,1,6,1941,116,10,1,2068,0,0,0,2068
05/22/2021,ATL,GA,ASO,ES,Towers with Radar,1742,85,12,0,1839,0,0,8,4,12,1742,85,20,4,1851,0,0,0,1851
05/23/2021,ATL,GA,ASO,ES,Towers with Radar,1914,100,7,0,2021,0,0,5,0,5,1914,100,12,0,2026,0,0,0,2026
05/24/2021,ATL,GA,ASO,ES,Towers with Radar,1918,107,16,0,2041,0,0,7,2,9,1918,107,23,2,2050,0,0,0,2050
05/25/2021,ATL,GA,ASO,ES,Towers with Radar,1795,109,5,0,1909,0,0,7,0,7,1795,109,12,0,1916,0,0,0,1916
05/26/2021,ATL,GA,ASO,ES,Towers with Radar,1819,107,10,0,1936,0,1,27,0,28,1819,108,37,0,1964,0,0,0,1964
05/27/2021,ATL,GA,ASO,ES,Towers with Radar,1957,114,14,0,2085,0,0,6,2,8,1957,114,20,2,2093,0,0,0,2093
05/28/2021,ATL,GA,ASO,ES,Towers with Radar,1947,116,15,2,2080,0,0,0,0,0,1947,116,15,2,2080,0,0,0,2080
05/29/2021,ATL,GA,ASO,ES,Towers with Radar,1755,91,1,2,1849,0,0,6,1,7,1755,91,7,3,1856,0,0,0,1856
05/30/2021,ATL,GA,ASO,ES,Towers with Radar,1779,84,3,0,1866,0,0,12,2,14,1779,84,15,2,1880,0,0,0,1880
05/31/2021,ATL,GA,ASO,ES,Towers with Radar,1889,105,9,0,2003,0,0,0,0,0,1889,105,9,0,2003,0,0,0,2003
06/01/2021,ATL,GA,ASO,ES,Towers with Radar,1802,106,12,0,1920,0,1,5,0,6,1802,107,17,0,1926,0,0,0,1926
06/02/2021,ATL,GA,ASO,ES,Towers with Radar,1841,109,10,0,1960,0,0,4,2,6,1841,109,14,2,1966,0,0,0,1966
06/03/2021,ATL,GA,ASO,ES,Towers with Radar,1955,118,8,1,2082,0,2,2,0,4,1955,120,10,1,2086,0,0,0,2086
06/04/2021,ATL,GA,ASO,ES,Towers with Radar,1966,111,7,0,2084,0,0,3,0,3,1966,111,10,0,2087,0,0,0,2087
06/05/2021,ATL,GA,ASO,ES,Towers with Radar,1765,132,7,0,1904,0,0,6,0,6,1765,132,13,0,1910,0,0,0,1910
06/06/2021,ATL,GA,ASO,ES,Towers with Radar,1952,124,6,0,2082,0,0,5,0,5,1952,124,11,0,2087,0,0,0,2087
06/07/2021,ATL,GA,ASO,ES,Towers with Radar,1939,131,7,0,2077,0,0,2,2,4,1939,131,9,2,2081,0,0,0,2081
06/08/2021,ATL,GA,ASO,ES,Towers with Radar,1874,137,22,0,2033,0,0,0,0,0,1874,137,22,0,2033,0,0,0,2033
06/09/2021,ATL,GA,ASO,ES,Towers with Radar,1886,138,15,2,2041,0,0,4,0,4,1886,138,19,2,2045,0,0,0,2045
06/10/2021,ATL,GA,ASO,ES,Towers with Radar,1994,144,7,0,2145,0,1,2,0,3,1994,145,9,0,2148,0,0,0,2148
06/11/2021,ATL,GA,ASO,ES,Towers with Radar,1991,146,15,1,2153,0,0,2,0,2,1991,146,17,1,2155,0,0,0,2155
06/12/2021,ATL,GA,ASO,ES,Towers with Radar,1781,131,2,0,1914,0,0,6,0,6,1781,131,8,0,1920,0,0,0,1920
06/13/2021,ATL,GA,ASO,ES,Towers with Radar,1947,127,4,0,2078,0,0,6,2,8,1947,127,10,2,2086,0,0,0,2086
06/14/2021,ATL,GA,ASO,ES,Towers with Radar,1942,133,8,0,2083,0,0,4,0,4,1942,133,12,0,2087,0,0,0,2087
06/15/2021,ATL,GA,ASO,ES,Towers with Radar,1850,139,16,0,2005,0,0,4,0,4,1850,139,20,0,2009,0,0,0,2009
06/16/2021,ATL,GA,ASO,ES,Towers with Radar,1908,140,9,2,2059,0,0,8,0,8,1908,140,17,2,2067,0,0,0,2067
06/17/2021,ATL,GA,ASO,ES,Towers with Radar,1985,156,21,1,2163,0,0,6,0,6,1985,156,27,1,2169,0,0,0,2169
06/18/2021,ATL,GA,ASO,ES,Towers with Radar,1979,156,10,3,2148,0,0,10,1,11,1979,156,20,4,2159,0,0,0,2159
06/19/2021,ATL,GA,ASO,ES,Towers with Radar,1775,152,10,0,1937,0,0,0,0,0,1775,152,10,0,1937,0,0,0,1937
06/20/2021,ATL,GA,ASO,ES,Towers with Radar,1951,143,14,0,2108,0,0,10,0,10,1951,143,24,0,2118,0,0,0,2118
06/21/2021,ATL,GA,ASO,ES,Towers with Radar,1937,130,12,0,2079,0,0,2,0,2,1937,130,14,0,2081,0,0,0,2081
06/22/2021,ATL,GA,ASO,ES,Towers with Radar,1914,128,18,1,2061,0,0,2,0,2,1914,128,20,1,2063,0,0,0,2063
06/23/2021,ATL,GA,ASO,ES,Towers with Radar,1930,139,10,2,2081,0,0,10,0,10,1930,139,20,2,2091,0,0,0,2091
06/24/2021,ATL,GA,ASO,ES,Towers with Radar,1954,135,14,1,2104,0,0,8,2,10,1954,135,22,3,2114,0,0,0,2114
06/25/2021,ATL,GA,ASO,ES,Towers with Radar,1988,149,8,2,2147,0,0,6,4,10,1988,149,14,6,2157,0,0,0,2157
06/26/2021,ATL,GA,ASO,ES,Towers with Radar,1795,140,15,0,1950,0,0,6,2,8,1795,140,21,2,1958,0,0,0,1958
06/27/2021,ATL,GA,ASO,ES,Towers with Radar,1955,147,21,0,2123,0,0,9,0,9,1955,147,30,0,2132,0,0,0,2132
06/28/2021,ATL,GA,ASO,ES,Towers with Radar,1969,142,13,0,2124,0,0,2,0,2,1969,142,15,0,2126,0,0,0,2126
06/29/2021,ATL,GA,ASO,ES,Towers with Radar,1877,145,15,0,2037,0,0,4,0,4,1877,145,19,0,2041,0,0,0,2041
06/30/2021,ATL,GA,ASO,ES,Towers with Radar,1914,135,7,0,2056,0,0,11,0,11,1914,135,18,0,2067,0,0,0,2067
07/01/2021,ATL,GA,ASO,ES,Towers with Radar,1982,147,10,0,2139,0,0,8,0,8,1982,147,18,0,2147,0,0,0,2147
07/02/2021,ATL,GA,ASO,ES,Towers with Radar,1965,134,7,0,2106,0,0,3,0,3,1965,134,10,0,2109,0,0,0,2109
07/03/2021,ATL,GA,ASO,ES,Towers with Radar,1779,139,8,0,1926,0,0,11,0,11,1779,139,19,0,1937,0,0,0,1937
07/04/2021,ATL,GA,ASO,ES,Towers with Radar,1767,124,10,0,1901,0,0,8,0,8,1767,124,18,0,1909,0,0,0,1909
07/05/2021,ATL,GA,ASO,ES,Towers with Radar,1928,134,9,0,2071,0,0,0,0,0,1928,134,9,0,2071,0,0,0,2071
07/06/2021,ATL,GA,ASO,ES,Towers with Radar,1846,140,13,0,1999,0,0,6,0,6,1846,140,19,0,2005,0,0,0,2005
07/07/2021,ATL,GA,ASO,ES,Towers with Radar,1918,108,5,0,2031,0,0,4,0,4,1918,108,9,0,2035,0,0,0,2035
07/08/2021,ATL,GA,ASO,ES,Towers with Radar,2019,107,17,0,2143,0,0,4,0,4,2019,107,21,0,2147,0,0,0,2147
07/09/2021,ATL,GA,ASO,ES,Towers with Radar,1987,110,10,0,2107,0,0,9,0,9,1987,110,19,0,2116,0,0,0,2116
07/10/2021,ATL,GA,ASO,ES,Towers with Radar,1879,101,15,0,1995,0,0,3,0,3,1879,101,18,0,1998,0,0,0,1998
07/11/2021,ATL,GA,ASO,ES,Towers with Radar,1987,102,19,0,2108,0,0,5,2,7,1987,102,24,2,2115,0,0,0,2115
07/12/2021,ATL,GA,ASO,ES,Towers with Radar,1990,98,5,0,2093,0,0,4,0,4,1990,98,9,0,2097,0,0,0,2097
07/13/2021,ATL,GA,ASO,ES,Towers with Radar,1946,94,16,0,2056,0,0,7,0,7,1946,94,23,0,2063,0,0,0,2063
07/14/2021,ATL,GA,ASO,ES,Towers with Radar,1933,99,14,0,2046,0,0,6,0,6,1933,99,20,0,2052,0,0,0,2052
07/15/2021,ATL,GA,ASO,ES,Towers with Radar,2041,102,14,0,2157,0,0,6,2,8,2041,102,20,2,2165,0,0,0,2165
07/16/2021,ATL,GA,ASO,ES,Towers with Radar,2016,112,14,0,2142,0,0,5,0,5,2016,112,19,0,2147,0,0,0,2147
07/17/2021,ATL,GA,ASO,ES,Towers with Radar,1818,96,9,0,1923,0,0,3,2,5,1818,96,12,2,1928,0,0,0,1928
07/18/2021,ATL,GA,ASO,ES,Towers with Radar,2003,99,11,0,2113,0,0,8,0,8,2003,99,19,0,2121,0,0,0,2121
07/19/2021,ATL,GA,ASO,ES,Towers with Radar,1995,117,8,0,2120,0,0,2,0,2,1995,117,10,0,2122,0,0,0,2122
07/20/2021,ATL,GA,ASO,ES,Towers with Radar,1934,98,9,0,2041,0,0,2,0,2,1934,98,11,0,2043,0,0,0,2043
07/21/2021,ATL,GA,ASO,ES,Towers with Radar,1955,85,16,0,2056,0,0,4,0,4,1955,85,20,0,2060,0,0,0,2060
07/22/2021,ATL,GA,ASO,ES,Towers with Radar,2049,107,15,0,2171,0,0,7,0,7,2049,107,22,0,2178,0,0,0,2178
07/23/2021,ATL,GA,ASO,ES,Towers with Radar,2020,99,10,0,2129,0,0,0,0,0,2020,99,10,0,2129,0,0,0,2129
07/24/2021,ATL,GA,ASO,ES,Towers with Radar,1866,99,6,0,1971,0,0,5,0,5,1866,99,11,0,1976,0,0,0,1976
07/25/2021,ATL,GA,ASO,ES,Towers with Radar,2017,98,2,0,2117,0,0,9,2,11,2017,98,11,2,2128,0,0,0,2128
07/26/2021,ATL,GA,ASO,ES,Towers with Radar,1893,101,9,1,2004,0,0,0,0,0,1893,101,9,1,2004,0,0,0,2004
07/27/2021,ATL,GA,ASO,ES,Towers with Radar,1995,103,7,0,2105,0,0,5,0,5,1995,103,12,0,2110,0,0,0,2110
07/28/2021,ATL,GA,ASO,ES,Towers with Radar,2024,92,14,0,2130,0,0,5,2,7,2024,92,19,2,2137,0,0,0,2137
07/29/2021,ATL,GA,ASO,ES,Towers with Radar,2038,114,10,0,2162,0,0,9,1,10,2038,114,19,1,2172,0,0,0,2172
07/30/2021,ATL,GA,ASO,ES,Towers with Radar,2045,100,9,3,2157,0,0,4,0,4,2045,100,13,3,2161,0,0,0,2161
07/31/2021,ATL,GA,ASO,ES,Towers with Radar,1839,92,10,0,1941,0,2,7,0,9,1839,94,17,0,1950,0,0,0,1950
08/01/2021,ATL,GA,ASO,ES,Towers with Radar,1966,95,17,0,2078,0,1,12,0,13,1966,96,29,0,2091,0,0,0,2091
08/02/2021,ATL,GA,ASO,ES,Towers with Radar,1952,100,14,0,2066,0,0,2,0,2,1952,100,16,0,2068,0,0,0,2068
08/03/2021,ATL,GA,ASO,ES,Towers with Radar,1858,91,11,0,1960,1,1,9,1,12,1859,92,20,1,1972,0,0,0,1972
08/04/2021,ATL,GA,ASO,ES,Towers with Radar,1894,92,4,0,1990,0,0,7,2,9,1894,92,11,2,1999,0,0,0,1999
08/05/2021,ATL,GA,ASO,ES,Towers with Radar,1969,110,3,2,2084,0,0,8,4,12,1969,110,11,6,2096,0,0,0,2096
08/06/2021,ATL,GA,ASO,ES,Towers with Radar,1990,113,3,0,2106,0,0,2,0,2,1990,113,5,0,2108,0,0,0,2108
08/07/2021,ATL,GA,ASO,ES,Towers with Radar,1788,93,5,0,1886,1,0,5,0,6,1789,93,10,0,1892,0,0,0,1892
08/08/2021,ATL,GA,ASO,ES,Towers with Radar,1981,94,9,0,2084,0,0,5,4,9,1981,94,14,4,2093,0,0,0,2093
08/09/2021,ATL,GA,ASO,ES,Towers with Radar,1970,94,5,0,2069,0,0,5,5,10,1970,94,10,5,2079,0,0,0,2079
08/10/2021,ATL,GA,ASO,ES,Towers with Radar,1859,95,5,0,1959,0,0,9,0,9,1859,95,14,0,1968,0,0,0,1968
08/11/2021,ATL,GA,ASO,ES,Towers with Radar,1877,100,5,2,1984,0,0,0,0,0,1877,100,5,2,1984,0,0,0,1984
08/12/2021,ATL,GA,ASO,ES,Towers with Radar,1964,103,4,0,2071,0,0,5,0,5,1964,103,9,0,2076,0,0,0,2076
08/13/2021,ATL,GA,ASO,ES,Towers with Radar,2049,111,3,0,2163,0,0,7,0,7,2049,111,10,0,2170,0,0,0,2170
08/14/2021,ATL,GA,ASO,ES,Towers with Radar,1779,94,10,0,1883,0,1,2,0,3,1779,95,12,0,1886,0,0,0,1886
08/15/2021,ATL,GA,ASO,ES,Towers with Radar,1983,109,5,1,2098,0,0,4,0,4,1983,109,9,1,2102,0,0,0,2102
08/16/2021,ATL,GA,ASO,ES,Towers with Radar,1971,109,9,0,2089,0,0,2,0,2,1971,109,11,0,2091,0,0,0,2091
08/17/2021,ATL,GA,ASO,ES,Towers with Radar,1878,108,16,0,2002,0,0,1,0,1,1878,108,17,0,2003,0,0,0,2003
08/18/2021,ATL,GA,ASO,ES,Towers with Radar,1872,106,18,4,2000,0,0,14,2,16,1872,106,32,6,2016,0,0,0,2016
08/19/2021,ATL,GA,ASO,ES,Towers with Radar,1986,103,8,0,2097,0,0,9,0,9,1986,103,17,0,2106,0,0,0,2106
08/20/2021,ATL,GA,ASO,ES,Towers with Radar,2016,107,14,0,2137,0,0,3,0,3,2016,107,17,0,2140,0,0,0,2140
08/21/2021,ATL,GA,ASO,ES,Towers with Radar,1767,89,2,0,1858,0,0,3,0,3,1767,89,5,0,1861,0,0,0,1861
08/22/2021,ATL,GA,ASO,ES,Towers with Radar,1952,101,13,1,2067,0,0,8,0,8,1952,101,21,1,2075,0,0,0,2075
08/23/2021,ATL,GA,ASO,ES,Towers with Radar,1987,104,18,0,2109,0,0,6,0,6,1987,104,24,0,2115,0,0,0,2115
08/24/2021,ATL,GA,ASO,ES,Towers with Radar,1844,100,12,0,1956,0,0,10,2,12,1844,100,22,2,1968,0,0,0,1968
08/25/2021,ATL,GA,ASO,ES,Towers with Radar,1839,105,18,0,1962,0,0,7,0,7,1839,105,25,0,1969,0,0,0,1969
08/26/2021,ATL,GA,ASO,ES,Towers with Radar,2037,108,13,0,2158,0,1,8,0,9,2037,109,21,0,2167,0,0,0,2167
08/27/2021,ATL,GA,ASO,ES,Towers with Radar,2014,111,4,0,2129,0,0,9,2,11,2014,111,13,2,2140,0,0,0,2140
08/28/2021,ATL,GA,ASO,ES,Towers with Radar,1782,96,4,0,1882,0,0,5,0,5,1782,96,9,0,1887,0,0,0,1887
08/29/2021,ATL,GA,ASO,ES,Towers with Radar,1922,103,10,0,2035,0,0,4,2,6,1922,103,14,2,2041,0,0,0,2041
08/30/2021,ATL,GA,ASO,ES,Towers with Radar,1928,110,15,1,2054,0,0,2,0,2,1928,110,17,1,2056,0,0,0,2056
08/31/2021,ATL,GA,ASO,ES,Towers with Radar,1836,99,8,3,1946,0,0,0,0,0,1836,99,8,3,1946,0,0,0,1946
09/01/2021,ATL,GA,ASO,ES,Towers with Radar,1844,107,5,1,1957,0,0,4,0,4,1844,107,9,1,1961,0,0,0,1961
09/02/2021,ATL,GA,ASO,ES,Towers with Radar,1987,116,7,0,2110,0,0,10,0,10,1987,116,17,0,2120,0,0,0,2120
09/03/2021,ATL,GA,ASO,ES,Towers with Radar,2010,113,8,0,2131,0,0,5,3,8,2010,113,13,3,2139,0,0,0,2139
09/04/2021,ATL,GA,ASO,ES,Towers with Radar,1741,98,8,1,1848,0,2,8,1,11,1741,100,16,2,1859,0,0,0,1859
09/05/2021,ATL,GA,ASO,ES,Towers with Radar,1752,98,10,0,1860,1,0,3,2,6,1753,98,13,2,1866,0,0,0,1866
09/06/2021,ATL,GA,ASO,ES,Towers with Radar,1848,99,11,0,1958,0,0,0,2,2,1848,99,11,2,1960,0,0,0,1960
09/07/2021,ATL,GA,ASO,ES,Towers with Radar,1738,97,15,0,1850,0,0,4,0,4,1738,97,19,0,1854,0,0,0,1854
09/08/2021,ATL,GA,ASO,ES,Towers with Radar,1789,101,15,3,1908,0,0,9,2,11,1789,101,24,5,1919,0,0,0,1919
09/09/2021,ATL,GA,ASO,ES,Towers with Radar,1875,99,13,0,1987,0,0,4,0,4,1875,99,17,0,1991,0,0,0,1991
09/10/2021,ATL,GA,ASO,ES,Towers with Radar,1885,96,11,0,1992,0,0,8,0,8,1885,96,19,0,2000,0,0,0,2000
09/11/2021,ATL,GA,ASO,ES,Towers with Radar,1701,78,8,0,1787,0,0,6,0,6,1701,78,14,0,1793,0,0,0,1793
09/12/2021,ATL,GA,ASO,ES,Towers with Radar,1904,91,11,0,2006,0,0,6,0,6,1904,91,17,0,2012,0,0,0,2012
09/13/2021,ATL,GA,ASO,ES,Towers with Radar,2002,120,14,0,2136,0,0,7,0,7,2002,120,21,0,2143,0,0,0,2143
09/14/2021,ATL,GA,ASO,ES,Towers with Radar,1820,108,11,0,1939,0,0,8,0,8,1820,108,19,0,1947,0,0,0,1947
09/15/2021,ATL,GA,ASO,ES,Towers with Radar,1844,109,16,0,1969,0,0,2,0,2,1844,109,18,0,1971,0,0,0,1971
09/16/2021,ATL,GA,ASO,ES,Towers with Radar,2045,114,6,0,2165,0,0,0,0,0,2045,114,6,0,2165,0,0,0,2165
09/17/2021,ATL,GA,ASO,ES,Towers with Radar,2030,108,5,0,2143,0,1,6,0,7,2030,109,11,0,2150,0,0,0,2150
09/18/2021,ATL,GA,ASO,ES,Towers with Radar,1752,81,9,0,1842,0,0,2,0,2,1752,81,11,0,1844,0,0,0,1844
09/19/2021,ATL,GA,ASO,ES,Towers with Radar,2005,105,11,0,2121,0,0,2,0,2,2005,105,13,0,2123,0,0,0,2123
09/20/2021,ATL,GA,ASO,ES,Towers with Radar,2011,111,12,0,2134,0,0,0,0,0,2011,111,12,0,2134,0,0,0,2134
09/21/2021,ATL,GA,ASO,ES,Towers with Radar,1824,103,24,0,1951,0,0,2,0,2,1824,103,26,0,1953,0,0,0,1953
09/22/2021,ATL,GA,ASO,ES,Towers with Radar,1854,117,12,0,1983,0,0,8,0,8,1854,117,20,0,1991,0,0,0,1991
09/23/2021,ATL,GA,ASO,ES,Towers with Radar,2000,119,18,0,2137,0,0,9,0,9,2000,119,27,0,2146,0,0,0,2146
09/24/2021,ATL,GA,ASO,ES,Towers with Radar,2057,117,14,1,2189,0,0,3,0,3,2057,117,17,1,2192,0,0,0,2192
09/25/2021,ATL,GA,ASO,ES,Towers with Radar,1736,82,7,1,1826,0,0,0,0,0,1736,82,7,1,1826,0,0,0,1826
09/26/2021,ATL,GA,ASO,ES,Towers with Radar,2016,99,12,0,2127,0,2,0,2,4,2016,101,12,2,2131,0,0,0,2131
09/27/2021,ATL,GA,ASO,ES,Towers with Radar,2021,112,8,0,2141,0,0,0,0,0,2021,112,8,0,2141,0,0,0,2141
09/28/2021,ATL,GA,ASO,ES,Towers with Radar,1819,100,25,0,1944,0,0,7,4,11,1819,100,32,4,1955,0,0,0,1955
09/29/2021,ATL,GA,ASO,ES,Towers with Radar,1842,108,13,0,1963,0,0,6,0,6,1842,108,19,0,1969,0,0,0,1969
09/30/2021,ATL,GA,ASO,ES,Towers with Radar,2030,124,13,0,2167,0,0,6,0,6,2030,124,19,0,2173,0,0,0,2173
10/01/2021,ATL,GA,ASO,ES,Towers with Radar,2049,116,24,0,2189,0,0,7,0,7,2049,116,31,0,2196,0,0,0,2196
10/02/2021,ATL,GA,ASO,ES,Towers with Radar,1729,88,4,0,1821,0,0,6,0,6,1729,88,10,0,1827,0,0,0,1827
10/03/2021,ATL,GA,ASO,ES,Towers with Radar,2005,98,12,0,2115,0,0,2,0,2,2005,98,14,0,2117,0,0,0,2117
10/04/2021,ATL,GA,ASO,ES,Towers with Radar,1989,110,9,2,2110,0,0,0,0,0,1989,110,9,2,2110,0,0,0,2110
10/05/2021,ATL,GA,ASO,ES,Towers with Radar,1830,102,5,0,1937,0,0,0,0,0,1830,102,5,0,1937,0,0,0,1937
10/06/2021,ATL,GA,ASO,ES,Towers with Radar,1855,104,7,0,1966,0,0,2,0,2,1855,104,9,0,1968,0,0,0,1968
10/07/2021,ATL,GA,ASO,ES,Towers with Radar,2040,113,19,0,2172,0,0,4,0,4,2040,113,23,0,2176,0,0,0,2176
10/08/2021,ATL,GA,ASO,ES,Towers with Radar,2004,118,15,0,2137,0,0,2,0,2,2004,118,17,0,2139,0,0,0,2139
10/09/2021,ATL,GA,ASO,ES,Towers with Radar,1723,89,12,0,1824,0,0,1,0,1,1723,89,13,0,1825,0,0,0,1825
10/10/2021,ATL,GA,ASO,ES,Towers with Radar,1949,110,10,0,2069,0,0,1,0,1,1949,110,11,0,2070,0,0,0,2070
10/11/2021,ATL,GA,ASO,ES,Towers with Radar,1955,148,5,0,2108,0,0,5,2,7,1955,148,10,2,2115,0,0,0,2115
10/12/2021,ATL,GA,ASO,ES,Towers with Radar,1815,147,17,0,1979,0,0,1,2,3,1815,147,18,2,1982,0,0,0,1982
10/13/2021,ATL,GA,ASO,ES,Towers with Radar,1808,152,7,0,1967,0,1,4,0,5,1808,153,11,0,1972,0,0,0,1972
10/14/2021,ATL,GA,ASO,ES,Towers with Radar,1990,148,16,0,2154,0,0,6,0,6,1990,148,22,0,2160,0,0,0,2160
10/15/2021,ATL,GA,ASO,ES,Towers with Radar,2019,153,9,0,2181,0,1,5,2,8,2019,154,14,2,2189,0,0,0,2189
10/16/2021,ATL,GA,ASO,ES,Towers with Radar,1720,112,6,0,1838,0,0,5,0,5,1720,112,11,0,1843,0,0,0,1843
10/17/2021,ATL,GA,ASO,ES,Towers with Radar,1960,148,8,0,2116,0,0,5,3,8,1960,148,13,3,2124,0,0,0,2124
10/18/2021,ATL,GA,ASO,ES,Towers with Radar,1992,148,2,0,2142,0,1,4,0,5,1992,149,6,0,2147,0,0,0,2147
10/19/2021,ATL,GA,ASO,ES,Towers with Radar,1790,138,9,0,1937,0,0,6,0,6,1790,138,15,0,1943,0,0,0,1943
10/20/2021,ATL,GA,ASO,ES,Towers with Radar,1808,144,26,0,1978,0,0,17,0,17,1808,144,43,0,1995,0,0,0,1995
10/21/2021,ATL,GA,ASO,ES,Towers with Radar,2008,158,13,0,2179,0,1,9,0,10,2008,159,22,0,2189,0,0,0,2189
10/22/2021,ATL,GA,ASO,ES,Towers with Radar,2021,161,5,0,2187,0,0,6,0,6,2021,161,11,0,2193,0,0,0,2193
10/23/2021,ATL,GA,ASO,ES,Towers with Radar,1701,126,3,0,1830,0,1,9,0,10,1701,127,12,0,1840,0,0,0,1840
10/24/2021,ATL,GA,ASO,ES,Towers with Radar,1960,147,12,0,2119,0,2,9,0,11,1960,149,21,0,2130,0,0,0,2130
10/25/2021,ATL,GA,ASO,ES,Towers with Radar,1997,163,14,0,2174,0,0,8,0,8,1997,163,22,0,2182,0,0,0,2182
10/26/2021,ATL,GA,ASO,ES,Towers with Radar,1796,151,16,0,1963,0,0,13,0,13,1796,151,29,0,1976,0,0,0,1976
10/27/2021,ATL,GA,ASO,ES,Towers with Radar,1817,149,13,0,1979,0,0,9,0,9,1817,149,22,0,1988,0,0,0,1988
10/28/2021,ATL,GA,ASO,ES,Towers with Radar,2000,156,15,0,2171,0,0,0,0,0,2000,156,15,0,2171,0,0,0,2171
10/29/2021,ATL,GA,ASO,ES,Towers with Radar,2020,165,26,0,2211,0,0,0,0,0,2020,165,26,0,2211,0,0,0,2211
10/30/2021,ATL,GA,ASO,ES,Towers with Radar,1683,126,10,0,1819,0,0,0,0,0,1683,126,10,0,1819,0,0,0,1819
10/31/2021,ATL,GA,ASO,ES,Towers with Radar,1645,123,9,1,1778,0,0,4,2,6,1645,123,13,3,1784,0,0,0,1784
11/01/2021,ATL,GA,ASO,ES,Towers with Radar,1971,161,6,0,2138,0,0,7,0,7,1971,161,13,0,2145,0,0,0,2145
11/02/2021,ATL,GA,ASO,ES,Towers with Radar,1799,140,9,0,1948,0,1,5,0,6,1799,141,14,0,1954,0,0,0,1954
11/03/2021,ATL,GA,ASO,ES,Towers with Radar,1821,145,14,5,1985,0,1,9,2,12,1821,146,23,7,1997,0,0,0,1997
11/04/2021,ATL,GA,ASO,ES,Towers with Radar,1996,164,11,7,2178,0,0,0,1,1,1996,164,11,8,2179,0,0,0,2179
11/05/2021,ATL,GA,ASO,ES,Towers with Radar,2005,162,13,8,2188,0,0,12,2,14,2005,162,25,10,2202,0,0,0,2202
11/06/2021,ATL,GA,ASO,ES,Towers with Radar,1691,121,7,1,1820,0,0,5,0,5,1691,121,12,1,1825,0,0,0,1825
11/07/2021,ATL,GA,ASO,ES,Towers with Radar,1933,135,12,0,2080,0,0,2,0,2,1933,135,14,0,2082,0,0,0,2082
11/08/2021,ATL,GA,ASO,ES,Towers with Radar,1971,139,6,1,2117,0,0,4,0,4,1971,139,10,1,2121,0,0,0,2121
11/09/2021,ATL,GA,ASO,ES,Towers with Radar,1790,134,15,5,1944,0,0,3,0,3,1790,134,18,5,1947,0,0,0,1947
11/10/2021,ATL,GA,ASO,ES,Towers with Radar,1821,135,18,0,1974,0,0,4,0,4,1821,135,22,0,1978,0,0,0,1978
11/11/2021,ATL,GA,ASO,ES,Towers with Radar,1990,152,18,0,2160,0,0,0,0,0,1990,152,18,0,2160,0,0,0,2160
11/12/2021,ATL,GA,ASO,ES,Towers with Radar,1984,140,24,0,2148,0,0,5,2,7,1984,140,29,2,2155,0,0,0,2155
11/13/2021,ATL,GA,ASO,ES,Towers with Radar,1660,101,2,0,1763,0,2,2,0,4,1660,103,4,0,1767,0,0,0,1767
11/14/2021,ATL,GA,ASO,ES,Towers with Radar,1944,123,20,0,2087,0,0,5,0,5,1944,123,25,0,2092,0,0,0,2092
11/15/2021,ATL,GA,ASO,ES,Towers with Radar,1960,141,14,0,2115,0,0,6,0,6,1960,141,20,0,2121,0,0,0,2121
11/16/2021,ATL,GA,ASO,ES,Towers with Radar,1797,124,14,0,1935,0,0,6,0,6,1797,124,20,0,1941,0,0,0,1941
11/17/2021,ATL,GA,ASO,ES,Towers with Radar,1842,130,40,0,2012,0,1,10,0,11,1842,131,50,0,2023,0,0,0,2023
11/18/2021,ATL,GA,ASO,ES,Towers with Radar,1987,155,39,0,2181,0,1,6,4,11,1987,156,45,4,2192,0,0,0,2192
11/19/2021,ATL,GA,ASO,ES,Towers with Radar,2007,135,18,0,2160,0,0,6,0,6,2007,135,24,0,2166,0,0,0,2166
11/20/2021,ATL,GA,ASO,ES,Towers with Radar,1697,90,16,0,1803,0,3,8,0,11,1697,93,24,0,1814,0,0,0,1814
11/21/2021,ATL,GA,ASO,ES,Towers with Radar,1908,126,9,0,2043,0,0,5,0,5,1908,126,14,0,2048,0,0,0,2048
11/22/2021,ATL,GA,ASO,ES,Towers with Radar,1839,107,13,0,1959,0,0,1,0,1,1839,107,14,0,1960,0,0,0,1960
11/23/2021,ATL,GA,ASO,ES,Towers with Radar,1871,117,16,0,2004,0,0,6,0,6,1871,117,22,0,2010,0,0,0,2010
11/24/2021,ATL,GA,ASO,ES,Towers with Radar,2019,135,7,0,2161,0,0,6,0,6,2019,135,13,0,2167,0,0,0,2167
11/25/2021,ATL,GA,ASO,ES,Towers with Radar,1380,78,7,0,1465,0,0,2,0,2,1380,78,9,0,1467,0,0,0,1467
11/26/2021,ATL,GA,ASO,ES,Towers with Radar,1587,102,4,0,1693,0,0,2,0,2,1587,102,6,0,1695,0,0,0,1695
11/27/2021,ATL,GA,ASO,ES,Towers with Radar,1913,133,7,0,2053,0,0,6,0,6,1913,133,13,0,2059,0,0,0,2059
11/28/2021,ATL,GA,ASO,ES,Towers with Radar,1995,122,13,0,2130,0,0,8,0,8,1995,122,21,0,2138,0,0,0,2138
11/29/2021,ATL,GA,ASO,ES,Towers with Radar,2001,133,9,0,2143,0,1,1,2,4,2001,134,10,2,2147,0,0,0,2147
11/30/2021,ATL,GA,ASO,ES,Towers with Radar,1881,127,12,0,2020,0,0,6,0,6,1881,127,18,0,2026,0,0,0,2026
12/01/2021,ATL,GA,ASO,ES,Towers with Radar,1830,117,16,0,1963,0,1,10,6,17,1830,118,26,6,1980,0,0,0,1980
12/02/2021,ATL,GA,ASO,ES,Towers with Radar,1938,145,10,0,2093,1,0,12,0,13,1939,145,22,0,2106,0,0,0,2106
12/03/2021,ATL,GA,ASO,ES,Towers with Radar,1943,127,15,0,2085,0,1,4,0,5,1943,128,19,0,2090,0,0,0,2090
12/04/2021,ATL,GA,ASO,ES,Towers with Radar,1597,102,27,0,1726,0,0,9,0,9,1597,102,36,0,1735,0,0,0,1735
12/05/2021,ATL,GA,ASO,ES,Towers with Radar,1882,129,12,0,2023,0,0,2,0,2,1882,129,14,0,2025,0,0,0,2025
12/06/2021,ATL,GA,ASO,ES,Towers with Radar,1894,132,12,1,2039,0,0,0,0,0,1894,132,12,1,2039,0,0,0,2039
12/07/2021,ATL,GA,ASO,ES,Towers with Radar,1746,122,18,0,1886,0,0,6,0,6,1746,122,24,0,1892,0,0,0,1892
12/08/2021,ATL,GA,ASO,ES,Towers with Radar,1747,121,17,0,1885,0,0,2,0,2,1747,121,19,0,1887,0,0,0,1887
12/09/2021,ATL,GA,ASO,ES,Towers with Radar,1904,150,10,0,2064,0,0,8,0,8,1904,150,18,0,2072,0,0,0,2072
12/10/2021,ATL,GA,ASO,ES,Towers with Radar,1930,154,19,0,2103,0,0,0,0,0,1930,154,19,0,2103,0,0,0,2103
12/11/2021,ATL,GA,ASO,ES,Towers with Radar,1565,110,12,0,1687,0,0,0,0,0,1565,110,12,0,1687,0,0,0,1687
12/12/2021,ATL,GA,ASO,ES,Towers with Radar,1877,131,12,0,2020,0,1,2,0,3,1877,132,14,0,2023,0,0,0,2023
12/13/2021,ATL,GA,ASO,ES,Towers with Radar,1887,136,18,0,2041,0,0,2,0,2,1887,136,20,0,2043,0,0,0,2043
12/14/2021,ATL,GA,ASO,ES,Towers with Radar,1756,117,16,0,1889,0,0,3,0,3,1756,117,19,0,1892,0,0,0,1892
12/15/2021,ATL,GA,ASO,ES,Towers with Radar,1762,119,22,0,1903,0,0,7,1,8,1762,119,29,1,1911,0,0,0,1911
12/16/2021,ATL,GA,ASO,ES,Towers with Radar,1917,136,17,2,2072,0,0,9,2,11,1917,136,26,4,2083,0,0,0,2083
12/17/2021,ATL,GA,ASO,ES,Towers with Radar,1931,136,10,3,2080,0,0,2,0,2,1931,136,12,3,2082,0,0,0,2082
12/18/2021,ATL,GA,ASO,ES,Towers with Radar,1721,107,13,0,1841,0,0,2,0,2,1721,107,15,0,1843,0,0,0,1843
12/19/2021,ATL,GA,ASO,ES,Towers with Radar,1834,137,20,0,1991,0,0,4,0,4,1834,137,24,0,1995,0,0,0,1995
12/20/2021,ATL,GA,ASO,ES,Towers with Radar,1842,137,10,3,1992,0,0,5,2,7,1842,137,15,5,1999,0,0,0,1999
12/21/2021,ATL,GA,ASO,ES,Towers with Radar,1925,137,16,0,2078,0,0,2,0,2,1925,137,18,0,2080,0,0,0,2080
12/22/2021,ATL,GA,ASO,ES,Towers with Radar,1932,150,8,1,2091,0,0,2,0,2,1932,150,10,1,2093,0,0,0,2093
12/23/2021,ATL,GA,ASO,ES,Towers with Radar,1884,152,5,0,2041,0,0,4,0,4,1884,152,9,0,2045,0,0,0,2045
12/24/2021,ATL,GA,ASO,ES,Towers with Radar,1415,97,8,1,1521,0,0,0,0,0,1415,97,8,1,1521,0,0,0,1521
12/25/2021,ATL,GA,ASO,ES,Towers with Radar,1226,89,3,0,1318,0,0,0,0,0,1226,89,3,0,1318,0,0,0,1318
12/26/2021,ATL,GA,ASO,ES,Towers with Radar,1708,146,4,0,1858,0,0,2,0,2,1708,146,6,0,1860,0,0,0,1860
12/27/2021,ATL,GA,ASO,ES,Towers with Radar,1831,146,5,0,1982,0,0,2,0,2,1831,146,7,0,1984,0,0,0,1984
12/28/2021,ATL,GA,ASO,ES,Towers with Radar,1856,135,12,0,2003,0,0,0,5,5,1856,135,12,5,2008,0,0,0,2008
12/29/2021,ATL,GA,ASO,ES,Towers with Radar,1868,140,8,0,2016,0,0,0,0,0,1868,140,8,0,2016,0,0,0,2016
12/30/2021,ATL,GA,ASO,ES,Towers with Radar,1781,133,16,0,1930,0,0,0,0,0,1781,133,16,0,1930,0,0,0,1930
12/31/2021,ATL,GA,ASO,ES,Towers with Radar,1479,99,9,0,1587,0,0,0,0,0,1479,99,9,0,1587,0,0,0,1587
01/01/2022,ATL,GA,ASO,ES,Towers with Radar,1378,92,9,0,1479,0,0,0,0,0,1378,92,9,0,1479,0,0,0,1479
01/02/2022,ATL,GA,ASO,ES,Towers with Radar,1660,128,13,0,1801,0,0,0,0,0,1660,128,13,0,1801,0,0,0,1801
01/03/2022,ATL,GA,ASO,ES,Towers with Radar,1760,124,12,0,1896,0,0,3,2,5,1760,124,15,2,1901,0,0,0,1901
01/04/2022,ATL,GA,ASO,ES,Towers with Radar,1822,134,10,0,1966,0,0,3,2,5,1822,134,13,2,1971,0,0,0,1971
01/05/2022,ATL,GA,ASO,ES,Towers with Radar,1676,117,8,0,1801,0,0,4,0,4,1676,117,12,0,1805,0,0,0,1805
01/06/2022,ATL,GA,ASO,ES,Towers with Radar,1714,123,11,3,1851,0,0,2,0,2,1714,123,13,3,1853,0,0,0,1853
01/07/2022,ATL,GA,ASO,ES,Towers with Radar,1705,132,9,0,1846,0,1,11,4,16,1705,133,20,4,1862,0,0,0,1862
01/08/2022,ATL,GA,ASO,ES,Towers with Radar,1534,100,16,2,1652,0,0,8,0,8,1534,100,24,2,1660,0,0,0,1660
01/09/2022,ATL,GA,ASO,ES,Towers with Radar,1753,122,10,2,1887,0,0,0,2,2,1753,122,10,4,1889,0,0,0,1889
01/10/2022,ATL,GA,ASO,ES,Towers with Radar,1803,140,11,4,1958,0,0,8,2,10,1803,140,19,6,1968,0,0,0,1968
01/11/2022,ATL,GA,ASO,ES,Towers with Radar,1717,112,5,8,1842,0,0,14,0,14,1717,112,19,8,1856,0,0,0,1856
01/12/2022,ATL,GA,ASO,ES,Towers with Radar,1699,125,15,4,1843,0,2,10,0,12,1699,127,25,4,1855,0,0,0,1855
01/13/2022,ATL,GA,ASO,ES,Towers with Radar,1829,139,4,1,1973,0,1,11,2,14,1829,140,15,3,1987,0,0,0,1987
01/14/2022,ATL,GA,ASO,ES,Towers with Radar,1859,146,12,0,2017,0,0,3,0,3,1859,146,15,0,2020,0,0,0,2020
01/15/2022,ATL,GA,ASO,ES,Towers with Radar,1480,92,9,0,1581,0,0,2,0,2,1480,92,11,0,1583,0,0,0,1583
01/16/2022,ATL,GA,ASO,ES,Towers with Radar,1085,78,14,0,1177,0,0,0,0,0,1085,78,14,0,1177,0,0,0,1177
01/17/2022,ATL,GA,ASO,ES,Towers with Radar,1769,147,20,0,1936,0,0,4,0,4,1769,147,24,0,1940,0,0,0,1940
01/18/2022,ATL,GA,ASO,ES,Towers with Radar,1724,122,11,0,1857,0,0,8,0,8,1724,122,19,0,1865,0,0,0,1865
01/19/2022,ATL,GA,ASO,ES,Towers with Radar,1712,126,10,1,1849,0,1,13,0,14,1712,127,23,1,1863,0,0,0,1863
01/20/2022,ATL,GA,ASO,ES,Towers with Radar,1867,152,6,0,2025,0,0,0,0,0,1867,152,6,0,2025,0,0,0,2025
01/21/2022,ATL,GA,ASO,ES,Towers with Radar,1861,136,11,0,2008,0,0,0,0,0,1861,136,11,0,2008,0,0,0,2008
01/22/2022,ATL,GA,ASO,ES,Towers with Radar,1512,80,4,0,1596,0,0,4,1,5,1512,80,8,1,1601,0,0,0,1601
01/23/2022,ATL,GA,ASO,ES,Towers with Radar,1810,125,8,0,1943,0,4,5,3,12,1810,129,13,3,1955,0,0,0,1955
01/24/2022,ATL,GA,ASO,ES,Towers with Radar,1845,129,11,0,1985,0,0,2,4,6,1845,129,13,4,1991,0,0,0,1991
01/25/2022,ATL,GA,ASO,ES,Towers with Radar,1737,110,11,0,1858,0,1,7,0,8,1737,111,18,0,1866,0,0,0,1866
01/26/2022,ATL,GA,ASO,ES,Towers with Radar,1737,117,10,0,1864,0,0,6,0,6,1737,117,16,0,1870,0,0,0,1870
01/27/2022,ATL,GA,ASO,ES,Towers with Radar,1868,142,12,0,2022,0,1,16,0,17,1868,143,28,0,2039,0,0,0,2039
01/28/2022,ATL,GA,ASO,ES,Towers with Radar,1675,121,12,0,1808,0,0,0,0,0,1675,121,12,0,1808,0,0,0,1808
01/29/2022,ATL,GA,ASO,ES,Towers with Radar,1369,83,8,0,1460,0,0,4,0,4,1369,83,12,0,1464,0,0,0,1464
01/30/2022,ATL,GA,ASO,ES,Towers with Radar,1790,127,13,0,1930,0,1,4,4,9,1790,128,17,4,1939,0,0,0,1939
01/31/2022,ATL,GA,ASO,ES,Towers with Radar,1842,135,9,0,1986,0,0,4,0,4,1842,135,13,0,1990,0,0,0,1990
02/01/2022,ATL,GA,ASO,ES,Towers with Radar,1712,136,8,0,1856,0,1,6,0,7,1712,137,14,0,1863,0,0,0,1863
02/02/2022,ATL,GA,ASO,ES,Towers with Radar,1637,121,12,0,1770,0,0,3,2,5,1637,121,15,2,1775,0,0,0,1775
02/03/2022,ATL,GA,ASO,ES,Towers with Radar,1618,142,18,0,1778,0,0,0,0,0,1618,142,18,0,1778,0,0,0,1778
02/04/2022,ATL,GA,ASO,ES,Towers with Radar,1741,154,10,0,1905,0,0,2,0,2,1741,154,12,0,1907,0,0,0,1907
02/05/2022,ATL,GA,ASO,ES,Towers with Radar,1503,115,9,0,1627,0,0,11,2,13,1503,115,20,2,1640,0,0,0,1640
02/06/2022,ATL,GA,ASO,ES,Towers with Radar,1781,140,7,0,1928,0,0,3,2,5,1781,140,10,2,1933,0,0,0,1933
02/07/2022,ATL,GA,ASO,ES,Towers with Radar,1811,153,8,0,1972,0,0,4,0,4,1811,153,12,0,1976,0,0,0,1976
02/08/2022,ATL,GA,ASO,ES,Towers with Radar,1717,132,10,0,1859,0,0,11,0,11,1717,132,21,0,1870,0,0,0,1870
02/09/2022,ATL,GA,ASO,ES,Towers with Radar,1697,122,8,0,1827,0,0,4,2,6,1697,122,12,2,1833,0,0,0,1833
02/10/2022,ATL,GA,ASO,ES,Towers with Radar,1863,153,14,0,2030,0,0,6,0,6,1863,153,20,0,2036,0,0,0,2036
02/11/2022,ATL,GA,ASO,ES,Towers with Radar,1856,147,16,0,2019,0,0,5,1,6,1856,147,21,1,2025,0,0,0,2025
02/12/2022,ATL,GA,ASO,ES,Towers with Radar,1486,97,5,0,1588,0,0,5,5,10,1486,97,10,5,1598,0,0,0,1598
02/13/2022,ATL,GA,ASO,ES,Towers with Radar,1515,102,8,0,1625,0,0,7,0,7,1515,102,15,0,1632,0,0,0,1632
02/14/2022,ATL,GA,ASO,ES,Towers with Radar,1819,149,10,1,1979,0,1,8,0,9,1819,150,18,1,1988,0,0,0,1988
02/15/2022,ATL,GA,ASO,ES,Towers with Radar,1726,117,1,0,1844,0,1,6,2,9,1726,118,7,2,1853,0,0,0,1853
02/16/2022,ATL,GA,ASO,ES,Towers with Radar,1708,127,22,0,1857,0,0,6,0,6,1708,127,28,0,1863,0,0,0,1863
02/17/2022,ATL,GA,ASO,ES,Towers with Radar,1789,157,22,0,1968,0,0,0,0,0,1789,157,22,0,1968,0,0,0,1968
02/18/2022,ATL,GA,ASO,ES,Towers with Radar,1894,152,14,0,2060,0,3,6,0,9,1894,155,20,0,2069,0,0,0,2069
02/19/2022,ATL,GA,ASO,ES,Towers with Radar,1504,102,16,0,1622,0,3,8,0,11,1504,105,24,0,1633,0,0,0,1633
02/20/2022,ATL,GA,ASO,ES,Towers with Radar,1547,106,9,0,1662,0,4,9,0,13,1547,110,18,0,1675,0,0,0,1675
02/21/2022,ATL,GA,ASO,ES,Towers with Radar,1811,162,17,0,1990,0,1,4,0,5,1811,163,21,0,1995,0,0,0,1995
02/22/2022,ATL,GA,ASO,ES,Towers with Radar,1756,136,10,0,1902,0,0,13,0,13,1756,136,23,0,1915,0,0,0,1915
02/23/2022,ATL,GA,ASO,ES,Towers with Radar,1687,139,14,0,1840,0,0,8,0,8,1687,139,22,0,1848,0,0,0,1848
02/24/2022,ATL,GA,ASO,ES,Towers with Radar,1810,143,8,2,1963,0,0,5,0,5,1810,143,13,2,1968,0,0,0,1968
02/25/2022,ATL,GA,ASO,ES,Towers with Radar,1839,159,9,0,2007,0,0,5,0,5,1839,159,14,0,2012,0,0,0,2012
02/26/2022,ATL,GA,ASO,ES,Towers with Radar,1541,109,7,0,1657,0,0,4,0,4,1541,109,11,0,1661,0,0,0,1661
02/27/2022,ATL,GA,ASO,ES,Towers with Radar,1802,143,8,0,1953,0,0,5,0,5,1802,143,13,0,1958,0,0,0,1958
02/28/2022,ATL,GA,ASO,ES,Towers with Radar,1857,154,14,0,2025,0,0,4,0,4,1857,154,18,0,2029,0,0,0,2029
03/01/2022,ATL,GA,ASO,ES,Towers with Radar,1758,131,8,0,1897,0,1,9,0,10,1758,132,17,0,1907,0,0,0,1907
03/02/2022,ATL,GA,ASO,ES,Towers with Radar,1717,129,16,1,1863,0,0,11,0,11,1717,129,27,1,1874,0,0,0,1874
03/03/2022,ATL,GA,ASO,ES,Towers with Radar,1849,166,13,0,2028,0,0,8,0,8,1849,166,21,0,2036,0,0,0,2036
03/04/2022,ATL,GA,ASO,ES,Towers with Radar,1827,164,12,0,2003,0,0,5,0,5,1827,164,17,0,2008,0,0,0,2008
03/05/2022,ATL,GA,ASO,ES,Towers with Radar,1512,108,7,0,1627,0,0,7,0,7,1512,108,14,0,1634,0,0,0,1634
03/06/2022,ATL,GA,ASO,ES,Towers with Radar,1778,150,9,0,1937,0,0,5,0,5,1778,150,14,0,1942,0,0,0,1942
03/07/2022,ATL,GA,ASO,ES,Towers with Radar,1814,158,9,0,1981,0,0,0,0,0,1814,158,9,0,1981,0,0,0,1981
03/08/2022,ATL,GA,ASO,ES,Towers with Radar,1770,139,13,2,1924,0,0,0,0,0,1770,139,13,2,1924,0,0,0,1924
03/09/2022,ATL,GA,ASO,ES,Towers with Radar,1752,132,7,0,1891,0,1,9,3,13,1752,133,16,3,1904,0,0,0,1904
03/10/2022,ATL,GA,ASO,ES,Towers with Radar,1890,155,7,1,2053,0,0,11,1,12,1890,155,18,2,2065,0,0,0,2065
03/11/2022,ATL,GA,ASO,ES,Towers with Radar,1889,155,20,0,2064,0,0,0,0,0,1889,155,20,0,2064,0,0,0,2064
03/12/2022,ATL,GA,ASO,ES,Towers with Radar,1673,115,12,0,1800,0,0,4,2,6,1673,115,16,2,1806,0,0,0,1806
03/13/2022,ATL,GA,ASO,ES,Towers with Radar,1810,142,25,0,1977,0,0,3,0,3,1810,142,28,0,1980,0,0,0,1980
03/14/2022,ATL,GA,ASO,ES,Towers with Radar,1873,155,10,1,2039,0,0,8,2,10,1873,155,18,3,2049,0,0,0,2049
03/15/2022,ATL,GA,ASO,ES,Towers with Radar,1826,131,6,0,1963,0,2,4,0,6,1826,133,10,0,1969,0,0,0,1969
03/16/2022,ATL,GA,ASO,ES,Towers with Radar,1798,127,18,0,1943,0,0,0,0,0,1798,127,18,0,1943,0,0,0,1943
03/17/2022,ATL,GA,ASO,ES,Towers with Radar,1882,154,13,5,2054,0,0,10,0,10,1882,154,23,5,2064,0,0,0,2064
03/18/2022,ATL,GA,ASO,ES,Towers with Radar,1781,155,24,0,1960,0,0,0,0,0,1781,155,24,0,1960,0,0,0,1960
03/19/2022,ATL,GA,ASO,ES,Towers with Radar,1687,117,15,0,1819,0,1,4,2,7,1687,118,19,2,1826,0,0,0,1826
03/20/2022,ATL,GA,ASO,ES,Towers with Radar,1888,140,28,0,2056,0,1,2,0,3,1888,141,30,0,2059,0,0,0,2059
03/21/2022,ATL,GA,ASO,ES,Towers with Radar,1857,150,13,0,2020,0,0,3,0,3,1857,150,16,0,2023,0,0,0,2023
03/22/2022,ATL,GA,ASO,ES,Towers with Radar,1807,124,20,0,1951,0,0,0,2,2,1807,124,20,2,1953,0,0,0,1953
03/23/2022,ATL,GA,ASO,ES,Towers with Radar,1804,129,18,0,1951,0,0,0,0,0,1804,129,18,0,1951,0,0,0,1951
03/24/2022,ATL,GA,ASO,ES,Towers with Radar,1905,149,2,0,2056,1,1,6,0,8,1906,150,8,0,2064,0,0,0,2064
03/25/2022,ATL,GA,ASO,ES,Towers with Radar,1914,149,18,1,2082,0,0,5,0,5,1914,149,23,1,2087,0,0,0,2087
03/26/2022,ATL,GA,ASO,ES,Towers with Radar,1706,108,9,0,1823,0,0,5,2,7,1706,108,14,2,1830,0,0,0,1830
03/27/2022,ATL,GA,ASO,ES,Towers with Radar,1880,136,13,0,2029,0,2,1,0,3,1880,138,14,0,2032,0,0,0,2032
03/28/2022,ATL,GA,ASO,ES,Towers with Radar,1903,148,7,0,2058,0,0,4,0,4,1903,148,11,0,2062,0,0,0,2062
03/29/2022,ATL,GA,ASO,ES,Towers with Radar,1803,128,9,0,1940,0,0,11,0,11,1803,128,20,0,1951,0,0,0,1951
03/30/2022,ATL,GA,ASO,ES,Towers with Radar,1788,132,10,0,1930,0,0,2,0,2,1788,132,12,0,1932,0,0,0,1932
03/31/2022,ATL,GA,ASO,ES,Towers with Radar,1883,141,7,0,2031,0,0,2,0,2,1883,141,9,0,2033,0,0,0,2033
04/01/2022,ATL,GA,ASO,ES,Towers with Radar,1908,142,20,1,2071,0,3,1,0,4,1908,145,21,1,2075,0,0,0,2075
04/02/2022,ATL,GA,ASO,ES,Towers with Radar,1559,106,10,0,1675,1,0,4,4,9,1560,106,14,4,1684,0,0,0,1684
04/03/2022,ATL,GA,ASO,ES,Towers with Radar,1842,147,30,0,2019,0,0,3,2,5,1842,147,33,2,2024,0,0,0,2024
04/04/2022,ATL,GA,ASO,ES,Towers with Radar,1916,156,13,0,2085,0,0,1,0,1,1916,156,14,0,2086,0,0,0,2086
04/05/2022,ATL,GA,ASO,ES,Towers with Radar,1784,132,12,0,1928,0,0,1,0,1,1784,132,13,0,1929,0,0,0,1929
04/06/2022,ATL,GA,ASO,ES,Towers with Radar,1737,144,25,0,1906,0,0,0,0,0,1737,144,25,0,1906,0,0,0,1906
04/07/2022,ATL,GA,ASO,ES,Towers with Radar,1911,153,26,0,2090,0,0,0,0,0,1911,153,26,0,2090,0,0,0,2090
04/08/2022,ATL,GA,ASO,ES,Towers with Radar,1846,170,30,0,2046,0,0,1,0,1,1846,170,31,0,2047,0,0,0,2047
04/09/2022,ATL,GA,ASO,ES,Towers with Radar,1665,107,12,2,1786,0,0,2,0,2,1665,107,14,2,1788,0,0,0,1788
04/10/2022,ATL,GA,ASO,ES,Towers with Radar,1869,143,12,0,2024,0,0,0,2,2,1869,143,12,2,2026,0,0,0,2026
04/11/2022,ATL,GA,ASO,ES,Towers with Radar,1887,175,17,0,2079,0,0,0,0,0,1887,175,17,0,2079,0,0,0,2079
04/12/2022,ATL,GA,ASO,ES,Towers with Radar,1783,167,17,0,1967,0,0,2,0,2,1783,167,19,0,1969,0,0,0,1969
04/13/2022,ATL,GA,ASO,ES,Towers with Radar,1786,164,8,0,1958,0,0,4,0,4,1786,164,12,0,1962,0,0,0,1962
04/14/2022,ATL,GA,ASO,ES,Towers with Radar,1920,145,17,0,2082,0,0,9,0,9,1920,145,26,0,2091,0,0,0,2091
04/15/2022,ATL,GA,ASO,ES,Towers with Radar,1913,150,3,0,2066,0,0,4,2,6,1913,150,7,2,2072,0,0,0,2072
04/16/2022,ATL,GA,ASO,ES,Towers with Radar,1639,132,6,0,1777,0,0,10,0,10,1639,132,16,0,1787,0,0,0,1787
04/17/2022,ATL,GA,ASO,ES,Towers with Radar,1846,148,8,0,2002,0,0,1,0,1,1846,148,9,0,2003,0,0,0,2003
04/18/2022,ATL,GA,ASO,ES,Towers with Radar,1898,162,20,0,2080,0,0,2,0,2,1898,162,22,0,2082,0,0,0,2082
04/19/2022,ATL,GA,ASO,ES,Towers with Radar,1811,150,19,0,1980,0,0,9,0,9,1811,150,28,0,1989,0,0,0,1989
04/20/2022,ATL,GA,ASO,ES,Towers with Radar,1794,151,21,0,1966,0,2,10,0,12,1794,153,31,0,1978,0,0,0,1978
04/21/2022,ATL,GA,ASO,ES,Towers with Radar,1926,145,20,0,2091,0,3,8,1,12,1926,148,28,1,2103,0,0,0,2103
04/22/2022,ATL,GA,ASO,ES,Towers with Radar,1935,152,20,0,2107,0,0,5,0,5,1935,152,25,0,2112,0,0,0,2112
04/23/2022,ATL,GA,ASO,ES,Towers with Radar,1671,127,5,0,1803,0,0,4,0,4,1671,127,9,0,1807,0,0,0,1807
04/24/2022,ATL,GA,ASO,ES,Towers with Radar,1875,145,5,0,2025,0,0,1,0,1,1875,145,6,0,2026,0,0,0,2026
04/25/2022,ATL,GA,ASO,ES,Towers with Radar,1879,152,16,0,2047,0,0,5,0,5,1879,152,21,0,2052,0,0,0,2052
04/26/2022,ATL,GA,ASO,ES,Towers with Radar,1818,154,17,0,1989,0,0,6,0,6,1818,154,23,0,1995,0,0,0,1995
04/27/2022,ATL,GA,ASO,ES,Towers with Radar,1817,159,8,0,1984,0,1,15,0,16,1817,160,23,0,2000,0,0,0,2000
04/28/2022,ATL,GA,ASO,ES,Towers with Radar,1964,149,16,0,2129,0,1,11,0,12,1964,150,27,0,2141,0,0,0,2141
04/29/2022,ATL,GA,ASO,ES,Towers with Radar,1957,147,21,0,2125,0,0,7,2,9,1957,147,28,2,2134,0,0,0,2134
04/30/2022,ATL,GA,ASO,ES,Towers with Radar,1692,127,12,0,1831,0,0,4,0,4,1692,127,16,0,1835,0,0,0,1835
05/01/2022,ATL,GA,ASO,ES,Towers with Radar,1873,138,13,1,2025,0,0,5,0,5,1873,138,18,1,2030,0,0,0,2030
05/02/2022,ATL,GA,ASO,ES,Towers with Radar,1919,162,5,0,2086,0,0,0,0,0,1919,162,5,0,2086,0,0,0,2086
05/03/2022,ATL,GA,ASO,ES,Towers with Radar,1837,141,13,1,1992,0,0,8,0,8,1837,141,21,1,2000,0,0,0,2000
05/04/2022,ATL,GA,ASO,ES,Towers with Radar,1835,154,24,0,2013,0,0,5,0,5,1835,154,29,0,2018,0,0,0,2018
05/05/2022,ATL,GA,ASO,ES,Towers with Radar,1984,140,20,0,2144,0,0,10,0,10,1984,140,30,0,2154,0,0,0,2154
05/06/2022,ATL,GA,ASO,ES,Towers with Radar,2017,148,10,0,2175,0,0,4,0,4,2017,148,14,0,2179,0,0,0,2179
05/07/2022,ATL,GA,ASO,ES,Towers with Radar,1725,122,11,1,1859,1,0,3,0,4,1726,122,14,1,1863,0,0,0,1863
05/08/2022,ATL,GA,ASO,ES,Towers with Radar,1901,139,15,0,2055,0,1,4,2,7,1901,140,19,2,2062,0,0,0,2062
05/09/2022,ATL,GA,ASO,ES,Towers with Radar,1980,153,11,0,2144,0,0,6,0,6,1980,153,17,0,2150,0,0,0,2150
05/10/2022,ATL,GA,ASO,ES,Towers with Radar,1856,140,10,2,2008,0,0,8,0,8,1856,140,18,2,2016,0,0,0,2016
05/11/2022,ATL,GA,ASO,ES,Towers with Radar,1855,146,14,0,2015,0,0,12,0,12,1855,146,26,0,2027,0,0,0,2027
05/12/2022,ATL,GA,ASO,ES,Towers with Radar,1990,156,24,0,2170,0,0,9,0,9,1990,156,33,0,2179,0,0,0,2179
05/13/2022,ATL,GA,ASO,ES,Towers with Radar,1945,148,17,0,2110,0,0,5,0,5,1945,148,22,0,2115,0,0,0,2115
05/14/2022,ATL,GA,ASO,ES,Towers with Radar,1698,127,13,1,1839,0,0,6,4,10,1698,127,19,5,1849,0,0,0,1849
05/15/2022,ATL,GA,ASO,ES,Towers with Radar,1873,142,18,1,2034,0,0,5,0,5,1873,142,23,1,2039,0,0,0,2039
05/16/2022,ATL,GA,ASO,ES,Towers with Radar,1943,150,19,0,2112,0,0,9,0,9,1943,150,28,0,2121,0,0,0,2121
05/17/2022,ATL,GA,ASO,ES,Towers with Radar,1877,129,19,0,2025,0,0,8,0,8,1877,129,27,0,2033,0,0,0,2033
05/18/2022,ATL,GA,ASO,ES,Towers with Radar,1878,148,13,0,2039,0,0,11,0,11,1878,148,24,0,2050,0,0,0,2050
05/19/2022,ATL,GA,ASO,ES,Towers with Radar,1991,155,22,0,2168,0,0,4,0,4,1991,155,26,0,2172,0,0,0,2172
05/20/2022,ATL,GA,ASO,ES,Towers with Radar,1881,146,20,1,2048,0,0,2,0,2,1881,146,22,1,2050,0,0,0,2050
05/21/2022,ATL,GA,ASO,ES,Towers with Radar,1646,133,15,0,1794,0,0,6,0,6,1646,133,21,0,1800,0,0,0,1800
05/22/2022,ATL,GA,ASO,ES,Towers with Radar,1823,143,15,0,1981,0,0,2,0,2,1823,143,17,0,1983,0,0,0,1983
05/23/2022,ATL,GA,ASO,ES,Towers with Radar,1945,161,16,1,2123,0,0,0,0,0,1945,161,16,1,2123,0,0,0,2123
05/24/2022,ATL,GA,ASO,ES,Towers with Radar,1857,138,17,0,2012,0,1,12,1,14,1857,139,29,1,2026,0,0,0,2026
05/25/2022,ATL,GA,ASO,ES,Towers with Radar,1840,136,11,0,1987,0,0,4,0,4,1840,136,15,0,1991,0,0,0,1991
05/26/2022,ATL,GA,ASO,ES,Towers with Radar,1959,156,20,0,2135,0,0,2,0,2,1959,156,22,0,2137,0,0,0,2137
05/27/2022,ATL,GA,ASO,ES,Towers with Radar,1893,142,19,0,2054,0,0,8,0,8,1893,142,27,0,2062,0,0,0,2062
05/28/2022,ATL,GA,ASO,ES,Towers with Radar,1634,103,5,0,1742,0,0,4,0,4,1634,103,9,0,1746,0,0,0,1746
05/29/2022,ATL,GA,ASO,ES,Towers with Radar,1671,101,10,0,1782,0,0,7,0,7,1671,101,17,0,1789,0,0,0,1789
05/30/2022,ATL,GA,ASO,ES,Towers with Radar,1889,145,2,0,2036,0,0,0,0,0,1889,145,2,0,2036,0,0,0,2036
05/31/2022,ATL,GA,ASO,ES,Towers with Radar,1843,137,14,0,1994,0,0,6,0,6,1843,137,20,0,2000,0,0,0,2000
06/01/2022,ATL,GA,ASO,ES,Towers with Radar,1808,134,6,0,1948,0,0,15,0,15,1808,134,21,0,1963,0,0,0,1963
06/02/2022,ATL,GA,ASO,ES,Towers with Radar,1935,153,9,0,2097,0,0,11,0,11,1935,153,20,0,2108,0,0,0,2108
06/03/2022,ATL,GA,ASO,ES,Towers with Radar,1926,162,12,1,2101,0,0,4,0,4,1926,162,16,1,2105,0,0,0,2105
06/04/2022,ATL,GA,ASO,ES,Towers with Radar,1690,119,6,1,1816,0,0,3,0,3,1690,119,9,1,1819,0,0,0,1819
06/05/2022,ATL,GA,ASO,ES,Towers with Radar,1876,148,25,0,2049,0,0,5,0,5,1876,148,30,0,2054,0,0,0,2054
06/06/2022,ATL,GA,ASO,ES,Towers with Radar,1876,159,21,0,2056,0,0,3,0,3,1876,159,24,0,2059,0,0,0,2059
06/07/2022,ATL,GA,ASO,ES,Towers with Radar,1853,155,18,2,2028,0,0,6,0,6,1853,155,24,2,2034,0,0,0,2034
06/08/2022,ATL,GA,ASO,ES,Towers with Radar,1825,153,13,0,1991,0,0,4,0,4,1825,153,17,0,1995,0,0,0,1995
06/09/2022,ATL,GA,ASO,ES,Towers with Radar,2001,172,7,1,2181,0,0,6,0,6,2001,172,13,1,2187,0,0,0,2187
06/10/2022,ATL,GA,ASO,ES,Towers with Radar,1933,166,9,0,2108,0,0,7,0,7,1933,166,16,0,2115,0,0,0,2115
06/11/2022,ATL,GA,ASO,ES,Towers with Radar,1756,130,11,0,1897,0,0,8,0,8,1756,130,19,0,1905,0,0,0,1905
06/12/2022,ATL,GA,ASO,ES,Towers with Radar,1862,159,6,0,2027,0,1,6,0,7,1862,160,12,0,2034,0,0,0,2034
06/13/2022,ATL,GA,ASO,ES,Towers with Radar,1944,164,18,0,2126,0,0,3,0,3,1944,164,21,0,2129,0,0,0,2129
06/14/2022,ATL,GA,ASO,ES,Towers with Radar,1850,145,17,0,2012,0,0,2,0,2,1850,145,19,0,2014,0,0,0,2014
06/15/2022,ATL,GA,ASO,ES,Towers with Radar,1869,147,10,1,2027,0,0,6,0,6,1869,147,16,1,2033,0,0,0,2033
06/16/2022,ATL,GA,ASO,ES,Towers with Radar,1873,164,22,0,2059,0,0,10,0,10,1873,164,32,0,2069,0,0,0,2069
06/17/2022,ATL,GA,ASO,ES,Towers with Radar,1874,168,19,0,2061,0,0,9,0,9,1874,168,28,0,2070,0,0,0,2070
06/18/2022,ATL,GA,ASO,ES,Towers with Radar,1685,129,12,0,1826,0,0,5,0,5,1685,129,17,0,1831,0,0,0,1831
06/19/2022,ATL,GA,ASO,ES,Towers with Radar,1801,148,15,0,1964,0,0,3,2,5,1801,148,18,2,1969,0,0,0,1969
06/20/2022,ATL,GA,ASO,ES,Towers with Radar,1920,169,8,0,2097,0,0,5,0,5,1920,169,13,0,2102,0,0,0,2102
06/21/2022,ATL,GA,ASO,ES,Towers with Radar,1873,146,15,0,2034,0,0,9,0,9,1873,146,24,0,2043,0,0,0,2043
06/22/2022,ATL,GA,ASO,ES,Towers with Radar,1799,160,17,0,1976,0,0,4,0,4,1799,160,21,0,1980,0,0,0,1980
06/23/2022,ATL,GA,ASO,ES,Towers with Radar,1991,164,15,0,2170,0,1,5,0,6,1991,165,20,0,2176,0,0,0,2176
06/24/2022,ATL,GA,ASO,ES,Towers with Radar,1889,162,18,0,2069,0,0,2,2,4,1889,162,20,2,2073,0,0,0,2073
06/25/2022,ATL,GA,ASO,ES,Towers with Radar,1705,124,8,0,1837,0,0,2,0,2,1705,124,10,0,1839,0,0,0,1839
06/26/2022,ATL,GA,ASO,ES,Towers with Radar,1790,142,7,0,1939,0,2,3,0,5,1790,144,10,0,1944,0,0,0,1944
06/27/2022,ATL,GA,ASO,ES,Towers with Radar,1826,161,10,0,1997,0,0,0,0,0,1826,161,10,0,1997,0,0,0,1997
06/28/2022,ATL,GA,ASO,ES,Towers with Radar,1892,150,13,0,2055,0,0,0,0,0,1892,150,13,0,2055,0,0,0,2055
06/29/2022,ATL,GA,ASO,ES,Towers with Radar,1874,155,18,0,2047,0,0,4,0,4,1874,155,22,0,2051,0,0,0,2051
06/30/2022,ATL,GA,ASO,ES,Towers with Radar,1944,166,24,0,2134,0,1,7,0,8,1944,167,31,0,2142,0,0,0,2142
07/01/2022,ATL,GA,ASO,ES,Towers with Radar,1898,166,10,0,2074,0,0,3,0,3,1898,166,13,0,2077,0,0,0,2077
07/02/2022,ATL,GA,ASO,ES,Towers with Radar,1768,136,8,0,1912,0,0,4,0,4,1768,136,12,0,1916,0,0,0,1916
07/03/2022,ATL,GA,ASO,ES,Towers with Radar,1713,110,6,0,1829,0,0,4,0,4,1713,110,10,0,1833,0,0,0,1833
07/04/2022,ATL,GA,ASO,ES,Towers with Radar,1682,117,1,0,1800,0,0,6,0,6,1682,117,7,0,1806,0,0,0,1806
07/05/2022,ATL,GA,ASO,ES,Towers with Radar,1842,149,6,0,1997,0,0,7,0,7,1842,149,13,0,2004,0,0,0,2004
07/06/2022,ATL,GA,ASO,ES,Towers with Radar,1820,111,6,0,1937,0,0,7,0,7,1820,111,13,0,1944,0,0,0,1944
07/07/2022,ATL,GA,ASO,ES,Towers with Radar,1826,120,3,0,1949,0,0,8,0,8,1826,120,11,0,1957,0,0,0,1957
07/08/2022,ATL,GA,ASO,ES,Towers with Radar,1777,116,33,0,1926,0,0,2,0,2,1777,116,35,0,1928,0,0,0,1928
07/09/2022,ATL,GA,ASO,ES,Towers with Radar,1797,116,17,1,1931,0,0,4,0,4,1797,116,21,1,1935,0,0,0,1935
07/10/2022,ATL,GA,ASO,ES,Towers with Radar,1905,151,24,1,2081,0,0,2,0,2,1905,151,26,1,2083,0,0,0,2083
07/11/2022,ATL,GA,ASO,ES,Towers with Radar,1969,153,14,0,2136,0,0,0,0,0,1969,153,14,0,2136,0,0,0,2136
07/12/2022,ATL,GA,ASO,ES,Towers with Radar,1918,143,7,4,2072,0,0,6,0,6,1918,143,13,4,2078,0,0,0,2078
07/13/2022,ATL,GA,ASO,ES,Towers with Radar,1946,163,6,2,2117,0,0,13,0,13,1946,163,19,2,2130,0,0,0,2130
07/14/2022,ATL,GA,ASO,ES,Towers with Radar,2002,150,16,2,2170,0,0,11,0,11,2002,150,27,2,2181,0,0,0,2181
07/15/2022,ATL,GA,ASO,ES,Towers with Radar,1990,151,11,0,2152,0,0,3,0,3,1990,151,14,0,2155,0,0,0,2155
07/16/2022,ATL,GA,ASO,ES,Towers with Radar,1790,127,7,0,1924,0,2,4,0,6,1790,129,11,0,1930,0,0,0,1930
07/17/2022,ATL,GA,ASO,ES,Towers with Radar,1859,136,11,0,2006,0,1,6,0,7,1859,137,17,0,2013,0,0,0,2013
07/18/2022,ATL,GA,ASO,ES,Towers with Radar,1941,148,19,3,2111,0,0,1,0,1,1941,148,20,3,2112,0,0,0,2112
07/19/2022,ATL,GA,ASO,ES,Towers with Radar,1932,149,7,0,2088,0,0,4,0,4,1932,149,11,0,2092,0,0,0,2092
07/20/2022,ATL,GA,ASO,ES,Towers with Radar,1919,143,6,3,2071,0,0,9,0,9,1919,143,15,3,2080,0,0,0,2080
07/21/2022,ATL,GA,ASO,ES,Towers with Radar,1947,148,20,0,2115,0,0,2,0,2,1947,148,22,0,2117,0,0,0,2117
07/22/2022,ATL,GA,ASO,ES,Towers with Radar,1989,144,21,0,2154,0,0,5,0,5,1989,144,26,0,2159,0,0,0,2159
07/23/2022,ATL,GA,ASO,ES,Towers with Radar,1697,119,18,0,1834,0,0,5,0,5,1697,119,23,0,1839,0,0,0,1839
07/24/2022,ATL,GA,ASO,ES,Towers with Radar,1834,145,9,0,1988,0,0,5,1,6,1834,145,14,1,1994,0,0,0,1994
07/25/2022,ATL,GA,ASO,ES,Towers with Radar,1952,159,12,0,2123,0,0,3,0,3,1952,159,15,0,2126,0,0,0,2126
07/26/2022,ATL,GA,ASO,ES,Towers with Radar,1910,149,8,0,2067,0,0,7,0,7,1910,149,15,0,2074,0,0,0,2074
07/27/2022,ATL,GA,ASO,ES,Towers with Radar,1916,147,10,0,2073,0,0,10,0,10,1916,147,20,0,2083,0,0,0,2083
07/28/2022,ATL,GA,ASO,ES,Towers with Radar,1977,152,10,0,2139,0,0,8,0,8,1977,152,18,0,2147,0,0,0,2147
07/29/2022,ATL,GA,ASO,ES,Towers with Radar,1966,153,14,0,2133,0,0,3,0,3,1966,153,17,0,2136,0,0,0,2136
07/30/2022,ATL,GA,ASO,ES,Towers with Radar,1778,117,10,1,1906,0,0,2,0,2,1778,117,12,1,1908,0,0,0,1908
07/31/2022,ATL,GA,ASO,ES,Towers with Radar,1850,139,17,0,2006,0,0,2,0,2,1850,139,19,0,2008,0,0,0,2008
08/01/2022,ATL,GA,ASO,ES,Towers with Radar,1965,136,13,1,2115,0,0,2,0,2,1965,136,15,1,2117,0,0,0,2117
08/02/2022,ATL,GA,ASO,ES,Towers with Radar,1916,141,10,0,2067,0,0,8,0,8,1916,141,18,0,2075,0,0,0,2075
08/03/2022,ATL,GA,ASO,ES,Towers with Radar,1882,140,6,0,2028,0,0,6,0,6,1882,140,12,0,2034,0,0,0,2034
08/04/2022,ATL,GA,ASO,ES,Towers with Radar,1946,141,20,0,2107,0,0,6,0,6,1946,141,26,0,2113,0,0,0,2113
08/05/2022,ATL,GA,ASO,ES,Towers with Radar,1886,147,15,1,2049,0,0,5,0,5,1886,147,20,1,2054,0,0,0,2054
08/06/2022,ATL,GA,ASO,ES,Towers with Radar,1734,115,12,0,1861,0,0,5,0,5,1734,115,17,0,1866,0,0,0,1866
08/07/2022,ATL,GA,ASO,ES,Towers with Radar,1870,134,8,0,2012,0,1,4,0,5,1870,135,12,0,2017,0,0,0,2017
08/08/2022,ATL,GA,ASO,ES,Towers with Radar,1956,145,4,0,2105,0,0,0,0,0,1956,145,4,0,2105,0,0,0,2105
08/09/2022,ATL,GA,ASO,ES,Towers with Radar,1893,154,9,0,2056,0,0,0,0,0,1893,154,9,0,2056,0,0,0,2056
08/10/2022,ATL,GA,ASO,ES,Towers with Radar,1882,135,11,0,2028,0,0,6,0,6,1882,135,17,0,2034,0,0,0,2034
08/11/2022,ATL,GA,ASO,ES,Towers with Radar,1976,142,11,0,2129,0,1,10,0,11,1976,143,21,0,2140,0,0,0,2140
08/12/2022,ATL,GA,ASO,ES,Towers with Radar,1948,141,7,0,2096,0,0,6,0,6,1948,141,13,0,2102,0,0,0,2102
08/13/2022,ATL,GA,ASO,ES,Towers with Radar,1774,120,6,0,1900,0,0,5,0,5,1774,120,11,0,1905,0,0,0,1905
08/14/2022,ATL,GA,ASO,ES,Towers with Radar,1860,146,4,2,2012,0,0,7,0,7,1860,146,11,2,2019,0,0,0,2019
08/15/2022,ATL,GA,ASO,ES,Towers with Radar,1887,144,10,0,2041,0,0,2,0,2,1887,144,12,0,2043,0,0,0,2043
08/16/2022,ATL,GA,ASO,ES,Towers with Radar,1863,145,9,2,2019,0,1,9,0,10,1863,146,18,2,2029,0,0,0,2029
08/17/2022,ATL,GA,ASO,ES,Towers with Radar,1848,149,10,1,2008,0,0,2,0,2,1848,149,12,1,2010,0,0,0,2010
08/18/2022,ATL,GA,ASO,ES,Towers with Radar,1915,148,11,0,2074,0,0,8,0,8,1915,148,19,0,2082,0,0,0,2082
08/19/2022,ATL,GA,ASO,ES,Towers with Radar,1887,162,10,0,2059,0,0,5,0,5,1887,162,15,0,2064,0,0,0,2064
08/20/2022,ATL,GA,ASO,ES,Towers with Radar,1771,117,12,0,1900,0,0,9,0,9,1771,117,21,0,1909,0,0,0,1909
08/21/2022,ATL,GA,ASO,ES,Towers with Radar,1824,137,9,1,1971,0,0,7,0,7,1824,137,16,1,1978,0,0,0,1978
08/22/2022,ATL,GA,ASO,ES,Towers with Radar,1855,156,16,0,2027,0,0,2,0,2,1855,156,18,0,2029,0,0,0,2029
08/23/2022,ATL,GA,ASO,ES,Towers with Radar,1867,149,14,2,2032,0,0,5,0,5,1867,149,19,2,2037,0,0,0,2037
08/24/2022,ATL,GA,ASO,ES,Towers with Radar,1881,146,21,0,2048,0,0,4,0,4,1881,146,25,0,2052,0,0,0,2052
08/25/2022,ATL,GA,ASO,ES,Towers with Radar,1928,145,15,0,2088,0,1,6,0,7,1928,146,21,0,2095,0,0,0,2095
08/26/2022,ATL,GA,ASO,ES,Towers with Radar,1889,144,16,0,2049,0,0,4,0,4,1889,144,20,0,2053,0,0,0,2053
08/27/2022,ATL,GA,ASO,ES,Towers with Radar,1756,120,6,2,1884,0,0,5,0,5,1756,120,11,2,1889,0,0,0,1889
08/28/2022,ATL,GA,ASO,ES,Towers with Radar,1830,137,16,0,1983,0,0,6,0,6,1830,137,22,0,1989,0,0,0,1989
08/29/2022,ATL,GA,ASO,ES,Towers with Radar,1896,148,19,1,2064,0,0,1,0,1,1896,148,20,1,2065,0,0,0,2065
08/30/2022,ATL,GA,ASO,ES,Towers with Radar,1831,143,15,0,1989,0,1,4,0,5,1831,144,19,0,1994,0,0,0,1994
08/31/2022,ATL,GA,ASO,ES,Towers with Radar,1872,145,18,0,2035,0,0,4,0,4,1872,145,22,0,2039,0,0,0,2039
09/01/2022,ATL,GA,ASO,ES,Towers with Radar,1922,147,14,0,2083,0,0,8,0,8,1922,147,22,0,2091,0,0,0,2091
09/02/2022,ATL,GA,ASO,ES,Towers with Radar,1903,149,13,0,2065,0,0,7,0,7,1903,149,20,0,2072,0,0,0,2072
09/03/2022,ATL,GA,ASO,ES,Towers with Radar,1675,95,8,0,1778,0,0,5,0,5,1675,95,13,0,1783,0,0,0,1783
09/04/2022,ATL,GA,ASO,ES,Towers with Radar,1617,100,4,0,1721,0,0,4,0,4,1617,100,8,0,1725,0,0,0,1725
09/05/2022,ATL,GA,ASO,ES,Towers with Radar,1879,158,9,0,2046,0,0,4,0,4,1879,158,13,0,2050,0,0,0,2050
09/06/2022,ATL,GA,ASO,ES,Towers with Radar,1793,96,10,0,1899,0,0,9,0,9,1793,96,19,0,1908,0,0,0,1908
09/07/2022,ATL,GA,ASO,ES,Towers with Radar,1810,89,28,0,1927,0,1,7,0,8,1810,90,35,0,1935,0,0,0,1935
09/08/2022,ATL,GA,ASO,ES,Towers with Radar,1857,83,10,1,1951,0,0,12,0,12,1857,83,22,1,1963,0,0,0,1963
09/09/2022,ATL,GA,ASO,ES,Towers with Radar,1875,87,14,1,1977,0,0,3,0,3,1875,87,17,1,1980,0,0,0,1980
09/10/2022,ATL,GA,ASO,ES,Towers with Radar,1760,77,10,0,1847,0,0,0,0,0,1760,77,10,0,1847,0,0,0,1847
09/11/2022,ATL,GA,ASO,ES,Towers with Radar,1951,100,13,0,2064,0,0,6,0,6,1951,100,19,0,2070,0,0,0,2070
09/12/2022,ATL,GA,ASO,ES,Towers with Radar,2043,91,15,2,2151,0,0,4,0,4,2043,91,19,2,2155,0,0,0,2155
09/13/2022,ATL,GA,ASO,ES,Towers with Radar,1916,94,21,2,2033,0,0,32,0,32,1916,94,53,2,2065,0,0,0,2065
09/14/2022,ATL,GA,ASO,ES,Towers with Radar,1930,102,11,2,2045,0,1,12,0,13,1930,103,23,2,2058,0,0,0,2058
09/15/2022,ATL,GA,ASO,ES,Towers with Radar,2059,92,31,0,2182,0,0,7,2,9,2059,92,38,2,2191,0,0,0,2191
09/16/2022,ATL,GA,ASO,ES,Towers with Radar,2047,89,18,0,2154,0,0,5,0,5,2047,89,23,0,2159,0,0,0,2159
09/17/2022,ATL,GA,ASO,ES,Towers with Radar,1776,57,7,0,1840,0,0,6,0,6,1776,57,13,0,1846,0,0,0,1846
09/18/2022,ATL,GA,ASO,ES,Towers with Radar,2012,83,27,0,2122,0,0,3,0,3,2012,83,30,0,2125,0,0,0,2125
09/19/2022,ATL,GA,ASO,ES,Towers with Radar,2028,101,7,0,2136,0,0,6,0,6,2028,101,13,0,2142,0,0,0,2142
09/20/2022,ATL,GA,ASO,ES,Towers with Radar,1924,96,11,0,2031,0,1,5,0,6,1924,97,16,0,2037,0,0,0,2037
09/21/2022,ATL,GA,ASO,ES,Towers with Radar,1938,89,14,0,2041,0,0,10,0,10,1938,89,24,0,2051,0,0,0,2051
09/22/2022,ATL,GA,ASO,ES,Towers with Radar,2055,81,16,0,2152,0,0,11,0,11,2055,81,27,0,2163,0,0,0,2163
09/23/2022,ATL,GA,ASO,ES,Towers with Radar,2053,94,13,0,2160,0,0,3,0,3,2053,94,16,0,2163,0,0,0,2163
09/24/2022,ATL,GA,ASO,ES,Towers with Radar,1782,59,11,0,1852,0,0,3,0,3,1782,59,14,0,1855,0,0,0,1855
09/25/2022,ATL,GA,ASO,ES,Towers with Radar,1986,72,3,2,2063,0,0,4,2,6,1986,72,7,4,2069,0,0,0,2069
09/26/2022,ATL,GA,ASO,ES,Towers with Radar,2063,89,26,1,2179,0,0,7,0,7,2063,89,33,1,2186,0,0,0,2186
09/27/2022,ATL,GA,ASO,ES,Towers with Radar,1931,92,17,1,2041,1,0,10,0,11,1932,92,27,1,2052,0,0,0,2052
09/28/2022,ATL,GA,ASO,ES,Towers with Radar,1810,94,7,0,1911,0,0,6,0,6,1810,94,13,0,1917,0,0,0,1917
09/29/2022,ATL,GA,ASO,ES,Towers with Radar,1892,96,19,0,2007,0,0,4,0,4,1892,96,23,0,2011,0,0,0,2011
09/30/2022,ATL,GA,ASO,ES,Towers with Radar,1899,72,23,0,1994,0,2,3,0,5,1899,74,26,0,1999,0,0,0,1999
10/01/2022,ATL,GA,ASO,ES,Towers with Radar,1729,70,14,0,1813,0,0,1,0,1,1729,70,15,0,1814,0,0,0,1814
10/02/2022,ATL,GA,ASO,ES,Towers with Radar,1969,75,10,0,2054,0,0,2,0,2,1969,75,12,0,2056,0,0,0,2056
10/03/2022,ATL,GA,ASO,ES,Towers with Radar,2011,90,13,0,2114,0,0,5,0,5,2011,90,18,0,2119,0,0,0,2119
10/04/2022,ATL,GA,ASO,ES,Towers with Radar,1882,77,19,0,1978,0,0,6,0,6,1882,77,25,0,1984,0,0,0,1984
10/05/2022,ATL,GA,ASO,ES,Towers with Radar,1902,86,10,0,1998,0,0,10,1,11,1902,86,20,1,2009,0,0,0,2009
10/06/2022,ATL,GA,ASO,ES,Towers with Radar,2018,83,16,0,2117,0,1,3,1,5,2018,84,19,1,2122,0,0,0,2122
10/07/2022,ATL,GA,ASO,ES,Towers with Radar,1997,76,18,0,2091,0,0,8,2,10,1997,76,26,2,2101,0,0,0,2101
10/08/2022,ATL,GA,ASO,ES,Towers with Radar,1759,69,15,0,1843,0,1,5,0,6,1759,70,20,0,1849,0,0,0,1849
10/09/2022,ATL,GA,ASO,ES,Towers with Radar,1972,83,13,0,2068,0,0,5,1,6,1972,83,18,1,2074,0,0,0,2074
10/10/2022,ATL,GA,ASO,ES,Towers with Radar,2001,87,18,0,2106,0,0,2,0,2,2001,87,20,0,2108,0,0,0,2108
10/11/2022,ATL,GA,ASO,ES,Towers with Radar,1916,76,14,0,2006,0,0,2,0,2,1916,76,16,0,2008,0,0,0,2008
10/12/2022,ATL,GA,ASO,ES,Towers with Radar,1914,84,24,0,2022,0,0,2,0,2,1914,84,26,0,2024,0,0,0,2024
10/13/2022,ATL,GA,ASO,ES,Towers with Radar,2014,85,33,0,2132,0,0,2,0,2,2014,85,35,0,2134,0,0,0,2134
10/14/2022,ATL,GA,ASO,ES,Towers with Radar,2011,90,8,3,2112,0,0,5,0,5,2011,90,13,3,2117,0,0,0,2117
10/15/2022,ATL,GA,ASO,ES,Towers with Radar,1765,72,12,0,1849,0,0,1,0,1,1765,72,13,0,1850,0,0,0,1850
10/16/2022,ATL,GA,ASO,ES,Towers with Radar,1962,73,10,0,2045,0,0,0,0,0,1962,73,10,0,2045,0,0,0,2045
10/17/2022,ATL,GA,ASO,ES,Towers with Radar,1990,81,14,0,2085,0,0,0,0,0,1990,81,14,0,2085,0,0,0,2085
10/18/2022,ATL,GA,ASO,ES,Towers with Radar,1908,75,14,0,1997,0,0,1,0,1,1908,75,15,0,1998,0,0,0,1998
10/19/2022,ATL,GA,ASO,ES,Towers with Radar,1916,86,10,0,2012,0,2,3,0,5,1916,88,13,0,2017,0,0,0,2017
10/20/2022,ATL,GA,ASO,ES,Towers with Radar,2013,93,14,0,2120,0,0,4,0,4,2013,93,18,0,2124,0,0,0,2124
10/21/2022,ATL,GA,ASO,ES,Towers with Radar,2011,91,15,0,2117,0,0,6,0,6,2011,91,21,0,2123,0,0,0,2123
10/22/2022,ATL,GA,ASO,ES,Towers with Radar,1758,78,8,0,1844,0,0,2,2,4,1758,78,10,2,1848,0,0,0,1848
10/23/2022,ATL,GA,ASO,ES,Towers with Radar,1967,80,9,0,2056,0,0,4,0,4,1967,80,13,0,2060,0,0,0,2060
10/24/2022,ATL,GA,ASO,ES,Towers with Radar,1998,81,31,0,2110,0,0,5,0,5,1998,81,36,0,2115,0,0,0,2115
10/25/2022,ATL,GA,ASO,ES,Towers with Radar,1892,93,11,0,1996,0,0,10,1,11,1892,93,21,1,2007,0,0,0,2007
10/26/2022,ATL,GA,ASO,ES,Towers with Radar,1900,83,25,0,2008,0,0,4,0,4,1900,83,29,0,2012,0,0,0,2012
10/27/2022,ATL,GA,ASO,ES,Towers with Radar,1993,86,18,0,2097,0,0,8,0,8,1993,86,26,0,2105,0,0,0,2105
10/28/2022,ATL,GA,ASO,ES,Towers with Radar,2004,84,22,0,2110,0,0,4,0,4,2004,84,26,0,2114,0,0,0,2114
10/29/2022,ATL,GA,ASO,ES,Towers with Radar,1718,57,17,0,1792,0,0,4,0,4,1718,57,21,0,1796,0,0,0,1796
10/30/2022,ATL,GA,ASO,ES,Towers with Radar,1778,67,17,2,1864,0,0,0,0,0,1778,67,17,2,1864,0,0,0,1864
10/31/2022,ATL,GA,ASO,ES,Towers with Radar,1718,82,14,0,1814,0,0,2,0,2,1718,82,16,0,1816,0,0,0,1816
11/01/2022,ATL,GA,ASO,ES,Towers with Radar,1890,84,20,0,1994,0,0,4,0,4,1890,84,24,0,1998,0,0,0,1998
11/02/2022,ATL,GA,ASO,ES,Towers with Radar,1912,79,15,5,2011,0,1,14,6,21,1912,80,29,11,2032,0,0,0,2032
11/03/2022,ATL,GA,ASO,ES,Towers with Radar,2021,79,7,8,2115,0,0,9,0,9,2021,79,16,8,2124,0,0,0,2124
11/04/2022,ATL,GA,ASO,ES,Towers with Radar,2001,79,9,9,2098,0,0,20,4,24,2001,79,29,13,2122,0,0,0,2122
11/05/2022,ATL,GA,ASO,ES,Towers with Radar,1760,62,6,4,1832,0,0,0,1,1,1760,62,6,5,1833,0,0,0,1833
11/06/2022,ATL,GA,ASO,ES,Towers with Radar,1793,63,7,1,1864,0,2,0,0,2,1793,65,7,1,1866,0,0,0,1866
11/07/2022,ATL,GA,ASO,ES,Towers with Radar,1794,77,12,1,1884,0,0,2,0,2,1794,77,14,1,1886,0,0,0,1886
11/08/2022,ATL,GA,ASO,ES,Towers with Radar,1817,93,5,0,1915,0,0,4,0,4,1817,93,9,0,1919,0,0,0,1919
11/09/2022,ATL,GA,ASO,ES,Towers with Radar,1945,85,26,0,2056,0,0,0,0,0,1945,85,26,0,2056,0,0,0,2056
11/10/2022,ATL,GA,ASO,ES,Towers with Radar,1977,84,16,0,2077,0,1,0,0,1,1977,85,16,0,2078,0,0,0,2078
11/11/2022,ATL,GA,ASO,ES,Towers with Radar,2044,108,28,0,2180,0,0,2,0,2,2044,108,30,0,2182,0,0,0,2182
11/12/2022,ATL,GA,ASO,ES,Towers with Radar,1822,62,8,0,1892,0,0,1,0,1,1822,62,9,0,1893,0,0,0,1893
11/13/2022,ATL,GA,ASO,ES,Towers with Radar,2017,65,16,0,2098,0,0,2,0,2,2017,65,18,0,2100,0,0,0,2100
11/14/2022,ATL,GA,ASO,ES,Towers with Radar,2033,74,16,0,2123,0,0,0,0,0,2033,74,16,0,2123,0,0,0,2123
11/15/2022,ATL,GA,ASO,ES,Towers with Radar,2016,84,27,0,2127,0,0,2,0,2,2016,84,29,0,2129,0,0,0,2129
11/16/2022,ATL,GA,ASO,ES,Towers with Radar,2009,73,18,0,2100,0,1,2,0,3,2009,74,20,0,2103,0,0,0,2103
11/17/2022,ATL,GA,ASO,ES,Towers with Radar,2049,83,20,0,2152,0,1,24,0,25,2049,84,44,0,2177,0,0,0,2177
11/18/2022,ATL,GA,ASO,ES,Towers with Radar,2051,83,17,4,2155,0,0,29,0,29,2051,83,46,4,2184,0,0,0,2184
11/19/2022,ATL,GA,ASO,ES,Towers with Radar,1823,52,6,0,1881,0,0,7,0,7,1823,52,13,0,1888,0,0,0,1888
11/20/2022,ATL,GA,ASO,ES,Towers with Radar,2023,70,7,0,2100,0,0,3,0,3,2023,70,10,0,2103,0,0,0,2103
11/21/2022,ATL,GA,ASO,ES,Towers with Radar,1967,78,12,0,2057,0,0,8,0,8,1967,78,20,0,2065,0,0,0,2065
11/22/2022,ATL,GA,ASO,ES,Towers with Radar,1953,75,8,0,2036,0,0,4,0,4,1953,75,12,0,2040,0,0,0,2040
11/23/2022,ATL,GA,ASO,ES,Towers with Radar,2047,90,7,0,2144,0,0,10,0,10,2047,90,17,0,2154,0,0,0,2154
11/24/2022,ATL,GA,ASO,ES,Towers with Radar,1481,35,0,0,1516,0,0,0,0,0,1481,35,0,0,1516,0,0,0,1516
11/25/2022,ATL,GA,ASO,ES,Towers with Radar,1715,53,7,0,1775,0,0,2,0,2,1715,53,9,0,1777,0,0,0,1777
11/26/2022,ATL,GA,ASO,ES,Towers with Radar,1987,56,14,0,2057,0,0,1,0,1,1987,56,15,0,2058,0,0,0,2058
11/27/2022,ATL,GA,ASO,ES,Towers with Radar,2048,72,5,0,2125,0,0,2,0,2,2048,72,7,0,2127,0,0,0,2127
11/28/2022,ATL,GA,ASO,ES,Towers with Radar,2062,71,7,0,2140,0,0,6,0,6,2062,71,13,0,2146,0,0,0,2146
11/29/2022,ATL,GA,ASO,ES,Towers with Radar,1929,69,9,0,2007,0,0,6,0,6,1929,69,15,0,2013,0,0,0,2013
11/30/2022,ATL,GA,ASO,ES,Towers with Radar,1943,71,4,0,2018,0,0,4,0,4,1943,71,8,0,2022,0,0,0,2022
12/01/2022,ATL,GA,ASO,ES,Towers with Radar,2021,82,10,1,2114,0,0,11,3,14,2021,82,21,4,2128,0,0,0,2128
12/02/2022,ATL,GA,ASO,ES,Towers with Radar,1997,78,18,0,2093,0,0,4,0,4,1997,78,22,0,2097,0,0,0,2097
12/03/2022,ATL,GA,ASO,ES,Towers with Radar,1754,49,19,0,1822,0,0,2,0,2,1754,49,21,0,1824,0,0,0,1824
12/04/2022,ATL,GA,ASO,ES,Towers with Radar,1975,64,20,0,2059,0,0,3,0,3,1975,64,23,0,2062,0,0,0,2062
12/05/2022,ATL,GA,ASO,ES,Towers with Radar,2010,74,15,2,2101,0,0,0,0,0,2010,74,15,2,2101,0,0,0,2101
12/06/2022,ATL,GA,ASO,ES,Towers with Radar,1971,95,29,0,2095,0,0,0,0,0,1971,95,29,0,2095,0,0,0,2095
12/07/2022,ATL,GA,ASO,ES,Towers with Radar,1945,93,28,1,2067,0,1,5,0,6,1945,94,33,1,2073,0,0,0,2073
12/08/2022,ATL,GA,ASO,ES,Towers with Radar,2033,72,20,0,2125,0,0,10,0,10,2033,72,30,0,2135,0,0,0,2135
12/09/2022,ATL,GA,ASO,ES,Towers with Radar,1993,100,11,0,2104,0,0,0,0,0,1993,100,11,0,2104,0,0,0,2104
12/10/2022,ATL,GA,ASO,ES,Towers with Radar,1766,50,8,0,1824,0,0,0,0,0,1766,50,8,0,1824,0,0,0,1824
12/11/2022,ATL,GA,ASO,ES,Towers with Radar,1960,92,16,0,2068,0,0,0,0,0,1960,92,16,0,2068,0,0,0,2068
12/12/2022,ATL,GA,ASO,ES,Towers with Radar,1990,85,19,0,2094,0,0,2,0,2,1990,85,21,0,2096,0,0,0,2096
12/13/2022,ATL,GA,ASO,ES,Towers with Radar,1941,77,9,0,2027,0,1,9,2,12,1941,78,18,2,2039,0,0,0,2039
12/14/2022,ATL,GA,ASO,ES,Towers with Radar,1961,80,16,0,2057,0,0,1,0,1,1961,80,17,0,2058,0,0,0,2058
12/15/2022,ATL,GA,ASO,ES,Towers with Radar,2001,73,15,0,2089,0,0,14,0,14,2001,73,29,0,2103,0,0,0,2103
12/16/2022,ATL,GA,ASO,ES,Towers with Radar,2010,78,22,1,2111,0,0,7,0,7,2010,78,29,1,2118,0,0,0,2118
12/17/2022,ATL,GA,ASO,ES,Towers with Radar,1822,60,6,3,1891,0,0,6,0,6,1822,60,12,3,1897,0,0,0,1897
12/18/2022,ATL,GA,ASO,ES,Towers with Radar,1925,62,11,0,1998,0,0,3,0,3,1925,62,14,0,2001,0,0,0,2001
12/19/2022,ATL,GA,ASO,ES,Towers with Radar,1939,75,15,0,2029,0,0,3,0,3,1939,75,18,0,2032,0,0,0,2032
12/20/2022,ATL,GA,ASO,ES,Towers with Radar,1970,70,4,0,2044,0,0,1,0,1,1970,70,5,0,2045,0,0,0,2045
12/21/2022,ATL,GA,ASO,ES,Towers with Radar,1937,75,4,0,2016,0,0,2,0,2,1937,75,6,0,2018,0,0,0,2018
12/22/2022,ATL,GA,ASO,ES,Towers with Radar,1850,87,8,0,1945,0,0,0,0,0,1850,87,8,0,1945,0,0,0,1945
12/23/2022,ATL,GA,ASO,ES,Towers with Radar,1721,88,9,0,1818,0,0,0,0,0,1721,88,9,0,1818,0,0,0,1818
12/24/2022,ATL,GA,ASO,ES,Towers with Radar,1339,55,5,0,1399,0,0,0,0,0,1339,55,5,0,1399,0,0,0,1399
12/25/2022,ATL,GA,ASO,ES,Towers with Radar,1239,51,1,0,1291,0,1,0,0,1,1239,52,1,0,1292,0,0,0,1292
12/26/2022,ATL,GA,ASO,ES,Towers with Radar,1565,77,21,0,1663,0,0,0,0,0,1565,77,21,0,1663,0,0,0,1663
12/27/2022,ATL,GA,ASO,ES,Towers with Radar,1851,76,12,0,1939,0,0,5,0,5,1851,76,17,0,1944,0,0,0,1944
12/28/2022,ATL,GA,ASO,ES,Towers with Radar,1851,82,6,0,1939,0,1,6,0,7,1851,83,12,0,1946,0,0,0,1946
12/29/2022,ATL,GA,ASO,ES,Towers with Radar,1888,79,8,0,1975,0,0,4,0,4,1888,79,12,0,1979,0,0,0,1979
12/30/2022,ATL,GA,ASO,ES,Towers with Radar,1919,75,7,0,2001,0,0,2,0,2,1919,75,9,0,2003,0,0,0,2003
12/31/2022,ATL,GA,ASO,ES,Towers with Radar,1536,65,20,0,1621,0,0,4,0,4,1536,65,24,0,1625,0,0,0,1625
01/01/2023,ATL,GA,ASO,ES,Towers with Radar,1565,75,10,0,1650,0,0,0,0,0,1565,75,10,0,1650,0,0,0,1650
01/02/2023,ATL,GA,ASO,ES,Towers with Radar,1847,73,18,0,1938,0,0,0,0,0,1847,73,18,0,1938,0,0,0,1938
01/03/2023,ATL,GA,ASO,ES,Towers with Radar,1824,82,12,0,1918,0,0,0,0,0,1824,82,12,0,1918,0,0,0,1918
01/04/2023,ATL,GA,ASO,ES,Towers with Radar,1839,84,12,0,1935,0,0,2,0,2,1839,84,14,0,1937,0,0,0,1937
01/05/2023,ATL,GA,ASO,ES,Towers with Radar,1860,79,10,0,1949,0,0,9,0,9,1860,79,19,0,1958,0,0,0,1958
01/06/2023,ATL,GA,ASO,ES,Towers with Radar,1842,69,5,0,1916,0,0,9,0,9,1842,69,14,0,1925,0,0,0,1925
01/07/2023,ATL,GA,ASO,ES,Towers with Radar,1757,67,12,0,1836,0,0,4,0,4,1757,67,16,0,1840,0,0,0,1840
01/08/2023,ATL,GA,ASO,ES,Towers with Radar,1840,74,11,0,1925,0,0,2,0,2,1840,74,13,0,1927,0,0,0,1927
01/09/2023,ATL,GA,ASO,ES,Towers with Radar,1926,79,7,1,2013,0,0,0,0,0,1926,79,7,1,2013,0,0,0,2013
01/10/2023,ATL,GA,ASO,ES,Towers with Radar,1890,75,11,1,1977,0,0,4,0,4,1890,75,15,1,1981,0,0,0,1981
01/11/2023,ATL,GA,ASO,ES,Towers with Radar,1821,85,16,0,1922,0,0,10,0,10,1821,85,26,0,1932,0,0,0,1932
01/12/2023,ATL,GA,ASO,ES,Towers with Radar,1859,90,16,3,1968,0,0,2,1,3,1859,90,18,4,1971,0,0,0,1971
01/13/2023,ATL,GA,ASO,ES,Towers with Radar,2002,87,12,2,2103,0,1,0,0,1,2002,88,12,2,2104,0,0,0,2104
01/14/2023,ATL,GA,ASO,ES,Towers with Radar,1737,53,6,1,1797,0,0,3,0,3,1737,53,9,1,1800,0,0,0,1800
01/15/2023,ATL,GA,ASO,ES,Towers with Radar,1755,68,11,3,1837,0,0,7,0,7,1755,68,18,3,1844,0,0,0,1844
01/16/2023,ATL,GA,ASO,ES,Towers with Radar,1982,70,3,2,2057,0,1,3,0,4,1982,71,6,2,2061,0,0,0,2061
01/17/2023,ATL,GA,ASO,ES,Towers with Radar,1906,98,13,0,2017,0,0,0,0,0,1906,98,13,0,2017,0,0,0,2017
01/18/2023,ATL,GA,ASO,ES,Towers with Radar,1906,101,14,1,2022,0,0,0,0,0,1906,101,14,1,2022,0,0,0,2022
01/19/2023,ATL,GA,ASO,ES,Towers with Radar,2021,85,17,0,2123,1,0,2,0,3,2022,85,19,0,2126,0,0,0,2126
01/20/2023,ATL,GA,ASO,ES,Towers with Radar,2043,73,6,0,2122,0,0,7,0,7,2043,73,13,0,2129,0,0,0,2129
01/21/2023,ATL,GA,ASO,ES,Towers with Radar,1759,48,6,0,1813,0,0,9,0,9,1759,48,15,0,1822,0,0,0,1822
01/22/2023,ATL,GA,ASO,ES,Towers with Radar,1993,80,13,0,2086,0,0,0,0,0,1993,80,13,0,2086,0,0,0,2086
01/23/2023,ATL,GA,ASO,ES,Towers with Radar,2005,87,14,0,2106,0,1,0,0,1,2005,88,14,0,2107,0,0,0,2107
01/24/2023,ATL,GA,ASO,ES,Towers with Radar,1923,82,17,0,2022,0,0,3,0,3,1923,82,20,0,2025,0,0,0,2025
01/25/2023,ATL,GA,ASO,ES,Towers with Radar,1895,86,20,1,2002,0,0,0,0,0,1895,86,20,1,2002,0,0,0,2002
01/26/2023,ATL,GA,ASO,ES,Towers with Radar,2018,79,27,0,2124,0,0,6,0,6,2018,79,33,0,2130,0,0,0,2130
01/27/2023,ATL,GA,ASO,ES,Towers with Radar,2031,86,11,1,2129,0,0,10,1,11,2031,86,21,2,2140,0,0,0,2140
01/28/2023,ATL,GA,ASO,ES,Towers with Radar,1780,52,3,0,1835,0,0,3,0,3,1780,52,6,0,1838,0,0,0,1838
01/29/2023,ATL,GA,ASO,ES,Towers with Radar,1982,75,2,1,2060,0,0,2,0,2,1982,75,4,1,2062,0,0,0,2062
01/30/2023,ATL,GA,ASO,ES,Towers with Radar,1970,71,11,0,2052,0,0,0,0,0,1970,71,11,0,2052,0,0,0,2052
01/31/2023,ATL,GA,ASO,ES,Towers with Radar,1889,74,27,0,1990,0,0,0,0,0,1889,74,27,0,1990,0,0,0,1990
02/01/2023,ATL,GA,ASO,ES,Towers with Radar,1853,71,7,0,1931,0,0,0,0,0,1853,71,7,0,1931,0,0,0,1931
02/02/2023,ATL,GA,ASO,ES,Towers with Radar,2004,83,12,0,2099,0,0,0,0,0,2004,83,12,0,2099,0,0,0,2099
02/03/2023,ATL,GA,ASO,ES,Towers with Radar,2000,81,18,0,2099,0,0,2,0,2,2000,81,20,0,2101,0,0,0,2101
02/04/2023,ATL,GA,ASO,ES,Towers with Radar,1773,53,9,0,1835,0,1,7,0,8,1773,54,16,0,1843,0,0,0,1843
02/05/2023,ATL,GA,ASO,ES,Towers with Radar,1954,65,12,2,2033,0,1,4,0,5,1954,66,16,2,2038,0,0,0,2038
02/06/2023,ATL,GA,ASO,ES,Towers with Radar,1957,68,10,1,2036,0,2,6,0,8,1957,70,16,1,2044,0,0,0,2044
02/07/2023,ATL,GA,ASO,ES,Towers with Radar,1887,86,18,1,1992,0,0,14,1,15,1887,86,32,2,2007,0,0,0,2007
02/08/2023,ATL,GA,ASO,ES,Towers with Radar,1862,64,27,4,1957,0,0,11,0,11,1862,64,38,4,1968,0,0,0,1968
02/09/2023,ATL,GA,ASO,ES,Towers with Radar,1978,56,18,0,2052,0,0,0,0,0,1978,56,18,0,2052,0,0,0,2052
02/10/2023,ATL,GA,ASO,ES,Towers with Radar,1966,64,18,0,2048,0,0,5,0,5,1966,64,23,0,2053,0,0,0,2053
02/11/2023,ATL,GA,ASO,ES,Towers with Radar,1778,56,8,0,1842,0,1,3,0,4,1778,57,11,0,1846,0,0,0,1846
02/12/2023,ATL,GA,ASO,ES,Towers with Radar,1772,61,7,0,1840,0,0,0,0,0,1772,61,7,0,1840,0,0,0,1840
02/13/2023,ATL,GA,ASO,ES,Towers with Radar,1801,69,11,0,1881,0,0,2,0,2,1801,69,13,0,1883,0,0,0,1883
02/14/2023,ATL,GA,ASO,ES,Towers with Radar,1806,62,7,0,1875,0,0,4,0,4,1806,62,11,0,1879,0,0,0,1879
02/15/2023,ATL,GA,ASO,ES,Towers with Radar,1895,70,17,2,1984,0,0,1,2,3,1895,70,18,4,1987,0,0,0,1987
02/16/2023,ATL,GA,ASO,ES,Towers with Radar,1980,76,14,4,2074,0,0,5,0,5,1980,76,19,4,2079,0,0,0,2079
02/17/2023,ATL,GA,ASO,ES,Towers with Radar,2014,66,18,0,2098,0,0,2,0,2,2014,66,20,0,2100,0,0,0,2100
02/18/2023,ATL,GA,ASO,ES,Towers with Radar,1793,57,7,0,1857,0,0,1,0,1,1793,57,8,0,1858,0,0,0,1858
02/19/2023,ATL,GA,ASO,ES,Towers with Radar,1793,54,2,0,1849,0,0,6,0,6,1793,54,8,0,1855,0,0,0,1855
02/20/2023,ATL,GA,ASO,ES,Towers with Radar,2001,73,13,0,2087,0,0,0,1,1,2001,73,13,1,2088,0,0,0,2088
02/21/2023,ATL,GA,ASO,ES,Towers with Radar,1913,70,10,0,1993,0,0,4,0,4,1913,70,14,0,1997,0,0,0,1997
02/22/2023,ATL,GA,ASO,ES,Towers with Radar,1858,57,18,0,1933,0,0,7,0,7,1858,57,25,0,1940,0,0,0,1940
02/23/2023,ATL,GA,ASO,ES,Towers with Radar,2028,67,9,0,2104,0,0,4,0,4,2028,67,13,0,2108,0,0,0,2108
02/24/2023,ATL,GA,ASO,ES,Towers with Radar,1995,80,15,2,2092,0,0,2,0,2,1995,80,17,2,2094,0,0,0,2094
02/25/2023,ATL,GA,ASO,ES,Towers with Radar,1814,59,4,0,1877,0,0,0,0,0,1814,59,4,0,1877,0,0,0,1877
02/26/2023,ATL,GA,ASO,ES,Towers with Radar,1981,56,16,0,2053,0,0,4,0,4,1981,56,20,0,2057,0,0,0,2057
02/27/2023,ATL,GA,ASO,ES,Towers with Radar,2034,69,17,0,2120,0,0,0,0,0,2034,69,17,0,2120,0,0,0,2120
02/28/2023,ATL,GA,ASO,ES,Towers with Radar,1926,74,23,0,2023,0,0,9,0,9,1926,74,32,0,2032,0,0,0,2032
03/01/2023,ATL,GA,ASO,ES,Towers with Radar,1924,65,12,0,2001,0,0,2,0,2,1924,65,14,0,2003,0,0,0,2003
03/02/2023,ATL,GA,ASO,ES,Towers with Radar,2024,74,16,0,2114,0,0,0,0,0,2024,74,16,0,2114,0,0,0,2114
03/03/2023,ATL,GA,ASO,ES,Towers with Radar,1955,60,12,0,2027,0,0,4,0,4,1955,60,16,0,2031,0,0,0,2031
03/04/2023,ATL,GA,ASO,ES,Towers with Radar,1798,57,10,0,1865,0,1,4,0,5,1798,58,14,0,1870,0,0,0,1870
03/05/2023,ATL,GA,ASO,ES,Towers with Radar,2004,62,5,0,2071,0,2,6,0,8,2004,64,11,0,2079,0,0,0,2079
03/06/2023,ATL,GA,ASO,ES,Towers with Radar,2048,68,14,0,2130,0,0,8,0,8,2048,68,22,0,2138,0,0,0,2138
03/07/2023,ATL,GA,ASO,ES,Towers with Radar,1896,71,13,3,1983,0,0,10,0,10,1896,71,23,3,1993,0,0,0,1993
03/08/2023,ATL,GA,ASO,ES,Towers with Radar,1905,62,11,0,1978,0,1,2,0,3,1905,63,13,0,1981,0,0,0,1981
03/09/2023,ATL,GA,ASO,ES,Towers with Radar,2079,74,12,0,2165,0,0,5,0,5,2079,74,17,0,2170,0,0,0,2170
03/10/2023,ATL,GA,ASO,ES,Towers with Radar,2092,65,24,1,2182,0,0,5,0,5,2092,65,29,1,2187,0,0,0,2187
03/11/2023,ATL,GA,ASO,ES,Towers with Radar,1894,44,12,0,1950,0,0,13,0,13,1894,44,25,0,1963,0,0,0,1963
03/12/2023,ATL,GA,ASO,ES,Towers with Radar,1977,71,21,0,2069,0,0,0,0,0,1977,71,21,0,2069,0,0,0,2069
03/13/2023,ATL,GA,ASO,ES,Towers with Radar,2133,59,4,0,2196,0,0,4,0,4,2133,59,8,0,2200,0,0,0,2200
03/14/2023,ATL,GA,ASO,ES,Towers with Radar,1996,60,20,0,2076,0,0,10,0,10,1996,60,30,0,2086,0,0,0,2086
03/15/2023,ATL,GA,ASO,ES,Towers with Radar,1999,59,11,0,2069,0,0,7,1,8,1999,59,18,1,2077,0,0,0,2077
03/16/2023,ATL,GA,ASO,ES,Towers with Radar,2096,67,5,0,2168,0,0,6,0,6,2096,67,11,0,2174,0,0,0,2174
03/17/2023,ATL,GA,ASO,ES,Towers with Radar,2080,88,20,0,2188,0,0,0,0,0,2080,88,20,0,2188,0,0,0,2188
03/18/2023,ATL,GA,ASO,ES,Towers with Radar,1888,49,19,0,1956,0,0,4,0,4,1888,49,23,0,1960,0,0,0,1960
03/19/2023,ATL,GA,ASO,ES,Towers with Radar,2044,58,23,2,2127,0,0,6,0,6,2044,58,29,2,2133,0,0,0,2133
03/20/2023,ATL,GA,ASO,ES,Towers with Radar,2135,63,24,0,2222,0,2,6,0,8,2135,65,30,0,2230,0,0,0,2230
03/21/2023,ATL,GA,ASO,ES,Towers with Radar,2015,67,12,0,2094,0,0,9,0,9,2015,67,21,0,2103,0,0,0,2103
03/22/2023,ATL,GA,ASO,ES,Towers with Radar,2017,73,17,0,2107,0,0,5,0,5,2017,73,22,0,2112,0,0,0,2112
03/23/2023,ATL,GA,ASO,ES,Towers with Radar,2135,67,19,0,2221,0,0,8,0,8,2135,67,27,0,2229,0,0,0,2229
03/24/2023,ATL,GA,ASO,ES,Towers with Radar,2114,67,13,2,2196,0,0,6,2,8,2114,67,19,4,2204,0,0,0,2204
03/25/2023,ATL,GA,ASO,ES,Towers with Radar,1872,46,18,0,1936,0,0,8,0,8,1872,46,26,0,1944,0,0,0,1944
03/26/2023,ATL,GA,ASO,ES,Towers with Radar,1863,58,18,0,1939,0,0,0,0,0,1863,58,18,0,1939,0,0,0,1939
03/27/2023,ATL,GA,ASO,ES,Towers with Radar,2162,74,22,0,2258,0,0,3,0,3,2162,74,25,0,2261,0,0,0,2261
03/28/2023,ATL,GA,ASO,ES,Towers with Radar,2016,63,22,0,2101,0,0,2,0,2,2016,63,24,0,2103,0,0,0,2103
03/29/2023,ATL,GA,ASO,ES,Towers with Radar,2009,64,18,0,2091,0,0,10,0,10,2009,64,28,0,2101,0,0,0,2101
03/30/2023,ATL,GA,ASO,ES,Towers with Radar,2130,68,8,0,2206,0,0,10,0,10,2130,68,18,0,2216,0,0,0,2216
03/31/2023,ATL,GA,ASO,ES,Towers with Radar,2078,67,11,0,2156,0,1,6,0,7,2078,68,17,0,2163,0,0,0,2163
04/01/2023,ATL,GA,ASO,ES,Towers with Radar,1766,46,17,0,1829,1,0,3,0,4,1767,46,20,0,1833,0,0,0,1833
04/02/2023,ATL,GA,ASO,ES,Towers with Radar,1954,67,13,0,2034,0,0,1,0,1,1954,67,14,0,2035,0,0,0,2035
04/03/2023,ATL,GA,ASO,ES,Towers with Radar,2060,76,12,0,2148,0,0,0,0,0,2060,76,12,0,2148,0,0,0,2148
04/04/2023,ATL,GA,ASO,ES,Towers with Radar,2027,71,10,0,2108,0,0,4,0,4,2027,71,14,0,2112,0,0,0,2112
04/05/2023,ATL,GA,ASO,ES,Towers with Radar,1979,86,22,0,2087,0,0,4,0,4,1979,86,26,0,2091,0,0,0,2091
04/06/2023,ATL,GA,ASO,ES,Towers with Radar,2101,66,38,0,2205,0,0,3,0,3,2101,66,41,0,2208,0,0,0,2208
04/07/2023,ATL,GA,ASO,ES,Towers with Radar,2111,77,28,0,2216,0,0,2,0,2,2111,77,30,0,2218,0,0,0,2218
04/08/2023,ATL,GA,ASO,ES,Towers with Radar,1842,64,18,0,1924,0,0,0,0,0,1842,64,18,0,1924,0,0,0,1924
04/09/2023,ATL,GA,ASO,ES,Towers with Radar,2029,55,13,0,2097,0,0,2,0,2,2029,55,15,0,2099,0,0,0,2099
04/10/2023,ATL,GA,ASO,ES,Towers with Radar,2148,59,10,1,2218,0,1,2,0,3,2148,60,12,1,2221,0,0,0,2221
04/11/2023,ATL,GA,ASO,ES,Towers with Radar,2022,44,12,0,2078,0,0,6,0,6,2022,44,18,0,2084,0,0,0,2084
04/12/2023,ATL,GA,ASO,ES,Towers with Radar,2000,42,8,0,2050,0,0,16,0,16,2000,42,24,0,2066,0,0,0,2066
04/13/2023,ATL,GA,ASO,ES,Towers with Radar,2089,53,16,0,2158,0,0,1,0,1,2089,53,17,0,2159,0,0,0,2159
04/14/2023,ATL,GA,ASO,ES,Towers with Radar,2130,52,12,0,2194,0,0,3,0,3,2130,52,15,0,2197,0,0,0,2197
04/15/2023,ATL,GA,ASO,ES,Towers with Radar,1859,33,4,0,1896,0,0,4,0,4,1859,33,8,0,1900,0,0,0,1900
04/16/2023,ATL,GA,ASO,ES,Towers with Radar,2083,45,12,0,2140,0,0,0,0,0,2083,45,12,0,2140,0,0,0,2140
04/17/2023,ATL,GA,ASO,ES,Towers with Radar,2125,51,13,0,2189,0,0,3,0,3,2125,51,16,0,2192,0,0,0,2192
04/18/2023,ATL,GA,ASO,ES,Towers with Radar,2020,50,14,2,2086,0,1,7,0,8,2020,51,21,2,2094,0,0,0,2094
04/19/2023,ATL,GA,ASO,ES,Towers with Radar,2008,48,23,0,2079,0,0,11,0,11,2008,48,34,0,2090,0,0,0,2090
04/20/2023,ATL,GA,ASO,ES,Towers with Radar,2140,56,19,0,2215,0,0,7,0,7,2140,56,26,0,2222,0,0,0,2222
04/21/2023,ATL,GA,ASO,ES,Towers with Radar,2165,53,18,0,2236,0,0,4,0,4,2165,53,22,0,2240,0,0,0,2240
04/22/2023,ATL,GA,ASO,ES,Towers with Radar,1886,33,19,2,1940,0,2,4,0,6,1886,35,23,2,1946,0,0,0,1946
04/23/2023,ATL,GA,ASO,ES,Towers with Radar,2112,38,21,0,2171,0,0,0,0,0,2112,38,21,0,2171,0,0,0,2171
04/24/2023,ATL,GA,ASO,ES,Towers with Radar,2154,45,8,0,2207,0,0,6,0,6,2154,45,14,0,2213,0,0,0,2213
04/25/2023,ATL,GA,ASO,ES,Towers with Radar,2029,52,11,0,2092,0,0,7,0,7,2029,52,18,0,2099,0,0,0,2099
04/26/2023,ATL,GA,ASO,ES,Towers with Radar,2019,35,12,0,2066,0,0,2,0,2,2019,35,14,0,2068,0,0,0,2068
04/27/2023,ATL,GA,ASO,ES,Towers with Radar,2133,49,12,0,2194,0,0,0,0,0,2133,49,12,0,2194,0,0,0,2194
04/28/2023,ATL,GA,ASO,ES,Towers with Radar,2179,47,18,0,2244,0,0,0,0,0,2179,47,18,0,2244,0,0,0,2244
04/29/2023,ATL,GA,ASO,ES,Towers with Radar,1907,28,14,0,1949,0,0,5,0,5,1907,28,19,0,1954,0,0,0,1954
04/30/2023,ATL,GA,ASO,ES,Towers with Radar,2036,44,21,4,2105,0,0,1,0,1,2036,44,22,4,2106,0,0,0,2106
05/01/2023,ATL,GA,ASO,ES,Towers with Radar,2161,37,29,1,2228,0,0,1,0,1,2161,37,30,1,2229,0,0,0,2229
05/02/2023,ATL,GA,ASO,ES,Towers with Radar,2061,32,13,0,2106,0,1,4,0,5,2061,33,17,0,2111,0,0,0,2111
05/03/2023,ATL,GA,ASO,ES,Towers with Radar,2046,24,6,0,2076,0,0,4,0,4,2046,24,10,0,2080,0,0,0,2080
05/04/2023,ATL,GA,ASO,ES,Towers with Radar,2166,30,10,0,2206,0,0,7,0,7,2166,30,17,0,2213,0,0,0,2213
05/05/2023,ATL,GA,ASO,ES,Towers with Radar,2180,37,20,2,2239,0,0,0,0,0,2180,37,20,2,2239,0,0,0,2239
05/06/2023,ATL,GA,ASO,ES,Towers with Radar,1918,10,7,1,1936,0,0,4,0,4,1918,10,11,1,1940,0,0,0,1940
05/07/2023,ATL,GA,ASO,ES,Towers with Radar,2123,27,17,0,2167,0,1,2,0,3,2123,28,19,0,2170,0,0,0,2170
05/08/2023,ATL,GA,ASO,ES,Towers with Radar,2177,26,9,0,2212,0,0,0,0,0,2177,26,9,0,2212,0,0,0,2212
05/09/2023,ATL,GA,ASO,ES,Towers with Radar,2059,26,11,0,2096,0,0,2,0,2,2059,26,13,0,2098,0,0,0,2098
05/10/2023,ATL,GA,ASO,ES,Towers with Radar,2053,23,28,0,2104,0,0,1,0,1,2053,23,29,0,2105,0,0,0,2105
05/11/2023,ATL,GA,ASO,ES,Towers with Radar,2195,26,13,3,2237,0,0,6,0,6,2195,26,19,3,2243,0,0,0,2243
05/12/2023,ATL,GA,ASO,ES,Towers with Radar,2205,31,10,4,2250,0,0,2,0,2,2205,31,12,4,2252,0,0,0,2252
05/13/2023,ATL,GA,ASO,ES,Towers with Radar,1928,12,11,0,1951,0,0,7,0,7,1928,12,18,0,1958,0,0,0,1958
05/14/2023,ATL,GA,ASO,ES,Towers with Radar,2138,17,9,0,2164,0,0,2,0,2,2138,17,11,0,2166,0,0,0,2166
05/15/2023,ATL,GA,ASO,ES,Towers with Radar,2189,26,11,0,2226,0,1,3,0,4,2189,27,14,0,2230,0,0,0,2230
05/16/2023,ATL,GA,ASO,ES,Towers with Radar,2085,35,12,1,2133,0,0,0,0,0,2085,35,12,1,2133,0,0,0,2133
05/17/2023,ATL,GA,ASO,ES,Towers with Radar,2076,24,12,0,2112,0,1,2,0,3,2076,25,14,0,2115,0,0,0,2115
05/18/2023,ATL,GA,ASO,ES,Towers with Radar,2233,31,14,0,2278,0,0,2,0,2,2233,31,16,0,2280,0,0,0,2280
05/19/2023,ATL,GA,ASO,ES,Towers with Radar,2195,26,11,0,2232,0,0,2,0,2,2195,26,13,0,2234,0,0,0,2234
05/20/2023,ATL,GA,ASO,ES,Towers with Radar,1940,15,9,0,1964,0,0,1,0,1,1940,15,10,0,1965,0,0,0,1965
05/21/2023,ATL,GA,ASO,ES,Towers with Radar,2180,20,7,0,2207,0,0,0,0,0,2180,20,7,0,2207,0,0,0,2207
05/22/2023,ATL,GA,ASO,ES,Towers with Radar,2193,29,13,0,2235,0,0,0,0,0,2193,29,13,0,2235,0,0,0,2235
05/23/2023,ATL,GA,ASO,ES,Towers with Radar,2080,25,10,0,2115,0,0,1,0,1,2080,25,11,0,2116,0,0,0,2116
05/24/2023,ATL,GA,ASO,ES,Towers with Radar,2056,25,12,4,2097,0,0,15,0,15,2056,25,27,4,2112,0,0,0,2112
05/25/2023,ATL,GA,ASO,ES,Towers with Radar,2223,28,18,0,2269,0,0,4,0,4,2223,28,22,0,2273,0,0,0,2273
05/26/2023,ATL,GA,ASO,ES,Towers with Radar,2220,28,15,0,2263,0,2,6,0,8,2220,30,21,0,2271,0,0,0,2271
05/27/2023,ATL,GA,ASO,ES,Towers with Radar,1894,9,9,0,1912,0,0,5,1,6,1894,9,14,1,1918,0,0,0,1918
05/28/2023,ATL,GA,ASO,ES,Towers with Radar,1915,9,4,0,1928,0,2,9,0,11,1915,11,13,0,1939,0,0,0,1939
05/29/2023,ATL,GA,ASO,ES,Towers with Radar,2179,8,6,0,2193,0,0,5,0,5,2179,8,11,0,2198,0,0,0,2198
05/30/2023,ATL,GA,ASO,ES,Towers with Radar,2056,23,17,0,2096,0,1,7,0,8,2056,24,24,0,2104,0,0,0,2104
05/31/2023,ATL,GA,ASO,ES,Towers with Radar,2073,30,14,0,2117,0,0,4,0,4,2073,30,18,0,2121,0,0,0,2121
06/01/2023,ATL,GA,ASO,ES,Towers with Radar,2201,27,27,0,2255,0,0,4,0,4,2201,27,31,0,2259,0,0,0,2259
06/02/2023,ATL,GA,ASO,ES,Towers with Radar,2220,24,19,0,2263,0,0,4,0,4,2220,24,23,0,2267,0,0,0,2267
06/03/2023,ATL,GA,ASO,ES,Towers with Radar,1953,19,25,0,1997,0,0,3,0,3,1953,19,28,0,2000,0,0,0,2000
06/04/2023,ATL,GA,ASO,ES,Towers with Radar,2164,16,17,0,2197,0,0,1,0,1,2164,16,18,0,2198,0,0,0,2198
06/05/2023,ATL,GA,ASO,ES,Towers with Radar,2288,20,10,0,2318,0,0,3,0,3,2288,20,13,0,2321,0,0,0,2321
06/06/2023,ATL,GA,ASO,ES,Towers with Radar,2150,24,16,0,2190,0,2,1,0,3,2150,26,17,0,2193,0,0,0,2193
06/07/2023,ATL,GA,ASO,ES,Towers with Radar,2121,29,14,0,2164,0,0,4,0,4,2121,29,18,0,2168,0,0,0,2168
06/08/2023,ATL,GA,ASO,ES,Towers with Radar,2268,29,16,0,2313,0,0,2,0,2,2268,29,18,0,2315,0,0,0,2315
06/09/2023,ATL,GA,ASO,ES,Towers with Radar,2300,23,19,1,2343,0,0,3,0,3,2300,23,22,1,2346,0,0,0,2346
06/10/2023,ATL,GA,ASO,ES,Towers with Radar,1965,23,12,0,2000,0,0,4,0,4,1965,23,16,0,2004,0,0,0,2004
06/11/2023,ATL,GA,ASO,ES,Towers with Radar,2117,17,19,0,2153,0,0,2,0,2,2117,17,21,0,2155,0,0,0,2155
06/12/2023,ATL,GA,ASO,ES,Towers with Radar,2267,18,19,0,2304,0,0,0,0,0,2267,18,19,0,2304,0,0,0,2304
06/13/2023,ATL,GA,ASO,ES,Towers with Radar,2184,22,21,2,2229,0,0,4,0,4,2184,22,25,2,2233,0,0,0,2233
06/14/2023,ATL,GA,ASO,ES,Towers with Radar,2056,23,14,0,2093,0,0,0,0,0,2056,23,14,0,2093,0,0,0,2093
06/15/2023,ATL,GA,ASO,ES,Towers with Radar,2260,22,10,0,2292,0,0,6,0,6,2260,22,16,0,2298,0,0,0,2298
06/16/2023,ATL,GA,ASO,ES,Towers with Radar,2260,24,10,0,2294,0,0,2,0,2,2260,24,12,0,2296,0,0,0,2296
06/17/2023,ATL,GA,ASO,ES,Towers with Radar,1945,12,14,0,1971,0,0,7,0,7,1945,12,21,0,1978,0,0,0,1978
06/18/2023,ATL,GA,ASO,ES,Towers with Radar,2163,18,11,0,2192,0,2,6,0,8,2163,20,17,0,2200,0,0,0,2200
06/19/2023,ATL,GA,ASO,ES,Towers with Radar,2231,24,3,0,2258,0,0,0,0,0,2231,24,3,0,2258,0,0,0,2258
06/20/2023,ATL,GA,ASO,ES,Towers with Radar,2148,25,9,4,2186,0,0,2,0,2,2148,25,11,4,2188,0,0,0,2188
06/21/2023,ATL,GA,ASO,ES,Towers with Radar,2120,33,20,0,2173,0,0,0,0,0,2120,33,20,0,2173,0,0,0,2173
06/22/2023,ATL,GA,ASO,ES,Towers with Radar,2221,27,21,0,2269,0,0,2,0,2,2221,27,23,0,2271,0,0,0,2271
06/23/2023,ATL,GA,ASO,ES,Towers with Radar,2304,31,19,3,2357,0,0,6,0,6,2304,31,25,3,2363,0,0,0,2363
06/24/2023,ATL,GA,ASO,ES,Towers with Radar,1971,23,12,0,2006,0,0,3,0,3,1971,23,15,0,2009,0,0,0,2009
06/25/2023,ATL,GA,ASO,ES,Towers with Radar,1952,10,5,0,1967,0,0,3,0,3,1952,10,8,0,1970,0,0,0,1970
06/26/2023,ATL,GA,ASO,ES,Towers with Radar,2198,29,22,0,2249,0,0,2,0,2,2198,29,24,0,2251,0,0,0,2251
06/27/2023,ATL,GA,ASO,ES,Towers with Radar,2101,32,15,1,2149,0,0,7,0,7,2101,32,22,1,2156,0,0,0,2156
06/28/2023,ATL,GA,ASO,ES,Towers with Radar,2131,23,13,0,2167,0,0,10,0,10,2131,23,23,0,2177,0,0,0,2177
06/29/2023,ATL,GA,ASO,ES,Towers with Radar,2239,34,15,0,2288,0,0,3,0,3,2239,34,18,0,2291,0,0,0,2291
06/30/2023,ATL,GA,ASO,ES,Towers with Radar,2267,35,15,0,2317,0,0,3,0,3,2267,35,18,0,2320,0,0,0,2320
07/01/2023,ATL,GA,ASO,ES,Towers with Radar,2062,14,25,0,2101,0,1,2,0,3,2062,15,27,0,2104,0,0,0,2104
07/02/2023,ATL,GA,ASO,ES,Towers with Radar,1965,12,12,0,1989,0,0,2,0,2,1965,12,14,0,1991,0,0,0,1991
07/03/2023,ATL,GA,ASO,ES,Towers with Radar,1927,21,12,0,1960,1,0,6,0,7,1928,21,18,0,1967,0,0,0,1967
07/04/2023,ATL,GA,ASO,ES,Towers with Radar,1840,9,6,0,1855,0,0,7,0,7,1840,9,13,0,1862,0,0,0,1862
07/05/2023,ATL,GA,ASO,ES,Towers with Radar,2112,23,22,0,2157,0,0,0,0,0,2112,23,22,0,2157,0,0,0,2157
07/06/2023,ATL,GA,ASO,ES,Towers with Radar,2072,15,6,0,2093,0,0,9,0,9,2072,15,15,0,2102,0,0,0,2102
07/07/2023,ATL,GA,ASO,ES,Towers with Radar,2030,25,9,0,2064,0,0,2,0,2,2030,25,11,0,2066,0,0,0,2066
07/08/2023,ATL,GA,ASO,ES,Towers with Radar,2029,34,19,0,2082,0,0,2,0,2,2029,34,21,0,2084,0,0,0,2084
07/09/2023,ATL,GA,ASO,ES,Towers with Radar,2169,20,22,1,2212,0,0,0,0,0,2169,20,22,1,2212,0,0,0,2212
07/10/2023,ATL,GA,ASO,ES,Towers with Radar,2263,45,23,0,2331,0,1,0,0,1,2263,46,23,0,2332,0,0,0,2332
07/11/2023,ATL,GA,ASO,ES,Towers with Radar,2276,26,16,0,2318,0,0,2,0,2,2276,26,18,0,2320,0,0,0,2320
07/12/2023,ATL,GA,ASO,ES,Towers with Radar,2244,19,8,0,2271,0,0,2,0,2,2244,19,10,0,2273,0,0,0,2273
07/13/2023,ATL,GA,ASO,ES,Towers with Radar,2313,28,14,0,2355,0,0,6,0,6,2313,28,20,0,2361,0,0,0,2361
07/14/2023,ATL,GA,ASO,ES,Towers with Radar,2237,22,19,0,2278,0,1,1,0,2,2237,23,20,0,2280,0,0,0,2280
07/15/2023,ATL,GA,ASO,ES,Towers with Radar,2124,16,17,0,2157,0,1,3,0,4,2124,17,20,0,2161,0,0,0,2161
07/16/2023,ATL,GA,ASO,ES,Towers with Radar,2153,15,16,0,2184,0,0,3,1,4,2153,15,19,1,2188,0,0,0,2188
07/17/2023,ATL,GA,ASO,ES,Towers with Radar,2288,21,16,0,2325,0,0,0,0,0,2288,21,16,0,2325,0,0,0,2325
07/18/2023,ATL,GA,ASO,ES,Towers with Radar,2260,21,11,3,2295,0,0,4,0,4,2260,21,15,3,2299,0,0,0,2299
07/19/2023,ATL,GA,ASO,ES,Towers with Radar,2264,24,12,1,2301,0,0,2,0,2,2264,24,14,1,2303,0,0,0,2303
07/20/2023,ATL,GA,ASO,ES,Towers with Radar,2129,24,17,0,2170,0,0,2,0,2,2129,24,19,0,2172,0,0,0,2172
07/21/2023,ATL,GA,ASO,ES,Towers with Radar,2187,20,12,0,2219,0,0,1,0,1,2187,20,13,0,2220,0,0,0,2220
07/22/2023,ATL,GA,ASO,ES,Towers with Radar,2201,10,14,0,2225,0,0,2,0,2,2201,10,16,0,2227,0,0,0,2227
07/23/2023,ATL,GA,ASO,ES,Towers with Radar,2222,12,10,0,2244,0,0,6,0,6,2222,12,16,0,2250,0,0,0,2250
07/24/2023,ATL,GA,ASO,ES,Towers with Radar,2349,31,9,0,2389,0,0,2,0,2,2349,31,11,0,2391,0,0,0,2391
07/25/2023,ATL,GA,ASO,ES,Towers with Radar,2223,31,12,0,2266,0,0,3,0,3,2223,31,15,0,2269,0,0,0,2269
07/26/2023,ATL,GA,ASO,ES,Towers with Radar,2276,30,10,1,2317,0,0,5,0,5,2276,30,15,1,2322,0,0,0,2322
07/27/2023,ATL,GA,ASO,ES,Towers with Radar,2285,20,18,0,2323,0,0,6,0,6,2285,20,24,0,2329,0,0,0,2329
07/28/2023,ATL,GA,ASO,ES,Towers with Radar,2235,26,11,0,2272,0,0,2,0,2,2235,26,13,0,2274,0,0,0,2274
07/29/2023,ATL,GA,ASO,ES,Towers with Radar,2141,13,16,0,2170,0,0,1,0,1,2141,13,17,0,2171,0,0,0,2171
07/30/2023,ATL,GA,ASO,ES,Towers with Radar,2232,20,6,0,2258,0,0,6,0,6,2232,20,12,0,2264,0,0,0,2264
07/31/2023,ATL,GA,ASO,ES,Towers with Radar,2319,20,18,2,2359,0,0,0,0,0,2319,20,18,2,2359,0,0,0,2359
08/01/2023,ATL,GA,ASO,ES,Towers with Radar,2182,21,21,2,2226,0,1,3,0,4,2182,22,24,2,2230,0,0,0,2230
08/02/2023,ATL,GA,ASO,ES,Towers with Radar,2151,22,13,0,2186,0,1,1,0,2,2151,23,14,0,2188,0,0,0,2188
08/03/2023,ATL,GA,ASO,ES,Towers with Radar,2237,22,22,2,2283,0,0,11,0,11,2237,22,33,2,2294,0,0,0,2294
08/04/2023,ATL,GA,ASO,ES,Towers with Radar,2312,30,11,0,2353,0,0,4,0,4,2312,30,15,0,2357,0,0,0,2357
08/05/2023,ATL,GA,ASO,ES,Towers with Radar,2004,14,12,0,2030,0,0,3,0,3,2004,14,15,0,2033,0,0,0,2033
08/06/2023,ATL,GA,ASO,ES,Towers with Radar,1716,12,9,0,1737,0,0,1,0,1,1716,12,10,0,1738,0,0,0,1738
08/07/2023,ATL,GA,ASO,ES,Towers with Radar,1860,34,30,1,1925,0,0,0,0,0,1860,34,30,1,1925,0,0,0,1925
08/08/2023,ATL,GA,ASO,ES,Towers with Radar,2157,27,21,0,2205,0,0,4,0,4,2157,27,25,0,2209,0,0,0,2209
08/09/2023,ATL,GA,ASO,ES,Towers with Radar,2110,39,13,0,2162,0,0,5,0,5,2110,39,18,0,2167,0,0,0,2167
08/10/2023,ATL,GA,ASO,ES,Towers with Radar,2208,42,26,0,2276,0,0,8,0,8,2208,42,34,0,2284,0,0,0,2284
08/11/2023,ATL,GA,ASO,ES,Towers with Radar,2301,46,17,1,2365,0,0,2,0,2,2301,46,19,1,2367,0,0,0,2367
08/12/2023,ATL,GA,ASO,ES,Towers with Radar,1844,25,10,0,1879,0,0,4,0,4,1844,25,14,0,1883,0,0,0,1883
08/13/2023,ATL,GA,ASO,ES,Towers with Radar,2239,30,7,0,2276,0,0,2,0,2,2239,30,9,0,2278,0,0,0,2278
08/14/2023,ATL,GA,ASO,ES,Towers with Radar,2219,33,21,3,2276,0,0,2,0,2,2219,33,23,3,2278,0,0,0,2278
08/15/2023,ATL,GA,ASO,ES,Towers with Radar,2125,43,15,0,2183,0,0,0,0,0,2125,43,15,0,2183,0,0,0,2183
08/16/2023,ATL,GA,ASO,ES,Towers with Radar,2106,30,20,0,2156,0,0,6,0,6,2106,30,26,0,2162,0,0,0,2162
08/17/2023,ATL,GA,ASO,ES,Towers with Radar,2224,38,18,0,2280,0,0,4,0,4,2224,38,22,0,2284,0,0,0,2284
08/18/2023,ATL,GA,ASO,ES,Towers with Radar,2243,45,10,0,2298,0,0,9,0,9,2243,45,19,0,2307,0,0,0,2307
08/19/2023,ATL,GA,ASO,ES,Towers with Radar,1973,17,14,0,2004,0,0,8,1,9,1973,17,22,1,2013,0,0,0,2013
08/20/2023,ATL,GA,ASO,ES,Towers with Radar,2165,17,12,0,2194,0,0,1,0,1,2165,17,13,0,2195,0,0,0,2195
08/21/2023,ATL,GA,ASO,ES,Towers with Radar,2240,30,14,0,2284,0,0,2,0,2,2240,30,16,0,2286,0,0,0,2286
08/22/2023,ATL,GA,ASO,ES,Towers with Radar,2078,25,11,1,2115,0,0,7,0,7,2078,25,18,1,2122,0,0,0,2122
08/23/2023,ATL,GA,ASO,ES,Towers with Radar,2085,22,19,0,2126,0,0,2,0,2,2085,22,21,0,2128,0,0,0,2128
08/24/2023,ATL,GA,ASO,ES,Towers with Radar,2156,24,10,0,2190,0,1,7,0,8,2156,25,17,0,2198,0,0,0,2198
08/25/2023,ATL,GA,ASO,ES,Towers with Radar,2197,24,13,0,2234,0,2,0,0,2,2197,26,13,0,2236,0,0,0,2236
08/26/2023,ATL,GA,ASO,ES,Towers with Radar,1973,12,6,0,1991,0,0,5,0,5,1973,12,11,0,1996,0,0,0,1996
08/27/2023,ATL,GA,ASO,ES,Towers with Radar,2131,11,13,0,2155,0,0,2,0,2,2131,11,15,0,2157,0,0,0,2157
08/28/2023,ATL,GA,ASO,ES,Towers with Radar,2093,23,10,0,2126,0,0,4,0,4,2093,23,14,0,2130,0,0,0,2130
08/29/2023,ATL,GA,ASO,ES,Towers with Radar,2046,23,19,0,2088,0,0,2,0,2,2046,23,21,0,2090,0,0,0,2090
08/30/2023,ATL,GA,ASO,ES,Towers with Radar,1954,17,12,2,1985,0,0,0,0,0,1954,17,12,2,1985,0,0,0,1985
08/31/2023,ATL,GA,ASO,ES,Towers with Radar,2202,21,14,0,2237,0,1,4,0,5,2202,22,18,0,2242,0,0,0,2242
