01/01/2000,AUS,TX,ASW,CE,Towers with Radar,156,4,53,0,213,2,0,40,0,42,158,4,93,0,255,12,0,12,267
01/02/2000,AUS,TX,ASW,CE,Towers with Radar,223,17,89,2,331,2,0,54,0,56,225,17,143,2,387,20,0,20,407
01/03/2000,AUS,TX,ASW,CE,Towers with Radar,276,37,69,1,383,0,0,33,2,35,276,37,102,3,418,14,0,14,432
01/04/2000,AUS,TX,ASW,CE,Towers with Radar,301,32,96,19,448,2,0,27,0,29,303,32,123,19,477,62,0,62,539
01/05/2000,AUS,TX,ASW,CE,Towers with Radar,276,46,24,12,358,2,0,0,1,3,278,46,24,13,361,18,0,18,379
01/06/2000,AUS,TX,ASW,CE,Towers with Radar,285,43,120,25,473,2,0,65,0,67,287,43,185,25,540,12,0,12,552
01/07/2000,AUS,TX,ASW,CE,Towers with Radar,273,52,133,8,466,1,12,45,0,58,274,64,178,8,524,0,0,0,524
01/08/2000,AUS,TX,ASW,CE,Towers with Radar,198,27,71,9,305,1,5,32,0,38,199,32,103,9,343,64,0,64,407
01/09/2000,AUS,TX,ASW,CE,Towers with Radar,220,15,38,5,278,2,0,33,0,35,222,15,71,5,313,30,0,30,343
01/10/2000,AUS,TX,ASW,CE,Towers with Radar,276,35,87,11,409,2,0,13,3,18,278,35,100,14,427,34,0,34,461
01/11/2000,AUS,TX,ASW,CE,Towers with Radar,290,52,110,20,472,1,9,43,0,53,291,61,153,20,525,26,0,26,551
01/12/2000,AUS,TX,ASW,CE,Towers with Radar,272,44,117,11,444,0,13,82,4,99,272,57,199,15,543,58,0,58,601
01/13/2000,AUS,TX,ASW,CE,Towers with Radar,291,46,105,20,462,1,7,47,2,57,292,53,152,22,519,22,0,22,541
01/14/2000,AUS,TX,ASW,CE,Towers with Radar,293,46,120,18,477,2,0,37,2,41,295,46,157,20,518,160,0,160,678
01/15/2000,AUS,TX,ASW,CE,Towers with Radar,208,25,77,1,311,1,0,52,0,53,209,25,129,1,364,42,0,42,406
01/16/2000,AUS,TX,ASW,CE,Towers with Radar,227,16,87,0,330,0,9,30,1,40,227,25,117,1,370,0,0,0,370
01/17/2000,AUS,TX,ASW,CE,Towers with Radar,280,25,104,8,417,0,7,44,0,51,280,32,148,8,468,30,0,30,498
01/18/2000,AUS,TX,ASW,CE,Towers with Radar,295,37,105,6,443,0,4,37,0,41,295,41,142,6,484,34,0,34,518
01/19/2000,AUS,TX,ASW,CE,Towers with Radar,294,42,115,7,458,0,1,28,3,32,294,43,143,10,490,42,0,42,532
01/20/2000,AUS,TX,ASW,CE,Towers with Radar,275,49,91,9,424,1,6,149,0,156,276,55,240,9,580,18,0,18,598
01/21/2000,AUS,TX,ASW,CE,Towers with Radar,292,49,133,23,497,1,25,72,5,103,293,74,205,28,600,12,0,12,612
01/22/2000,AUS,TX,ASW,CE,Towers with Radar,196,23,98,5,322,1,2,60,2,65,197,25,158,7,387,52,0,52,439
01/23/2000,AUS,TX,ASW,CE,Towers with Radar,222,29,83,6,340,6,0,42,0,48,228,29,125,6,388,6,0,6,394
01/24/2000,AUS,TX,ASW,CE,Towers with Radar,267,33,79,6,385,1,2,23,0,26,268,35,102,6,411,28,0,28,439
01/25/2000,AUS,TX,ASW,CE,Towers with Radar,266,34,99,10,409,2,0,65,4,71,268,34,164,14,480,22,0,22,502
01/26/2000,AUS,TX,ASW,CE,Towers with Radar,271,55,140,17,483,1,9,53,2,65,272,64,193,19,548,18,0,18,566
01/27/2000,AUS,TX,ASW,CE,Towers with Radar,291,45,121,6,463,1,10,63,0,74,292,55,184,6,537,0,0,0,537
01/28/2000,AUS,TX,ASW,CE,Towers with Radar,283,61,139,12,495,1,8,44,1,54,284,69,183,13,549,28,0,28,577
01/29/2000,AUS,TX,ASW,CE,Towers with Radar,189,23,69,2,283,1,8,29,0,38,190,31,98,2,321,34,0,34,355
01/30/2000,AUS,TX,ASW,CE,Towers with Radar,216,18,76,6,316,1,0,27,0,28,217,18,103,6,344,24,0,24,368
01/31/2000,AUS,TX,ASW,CE,Towers with Radar,278,38,83,7,406,1,3,65,2,71,279,41,148,9,477,22,0,22,499
02/01/2000,AUS,TX,ASW,CE,Towers with Radar,272,45,128,3,448,0,22,68,0,90,272,67,196,3,538,12,0,12,550
02/02/2000,AUS,TX,ASW,CE,Towers with Radar,288,41,138,62,529,0,1,62,0,63,288,42,200,62,592,80,0,80,672
02/03/2000,AUS,TX,ASW,CE,Towers with Radar,286,47,116,20,469,0,2,90,1,93,286,49,206,21,562,46,0,46,608
02/04/2000,AUS,TX,ASW,CE,Towers with Radar,285,54,96,9,444,0,30,29,0,59,285,84,125,9,503,78,0,78,581
02/05/2000,AUS,TX,ASW,CE,Towers with Radar,220,18,64,10,312,0,2,25,0,27,220,20,89,10,339,74,0,74,413
02/06/2000,AUS,TX,ASW,CE,Towers with Radar,220,26,103,13,362,7,0,42,2,51,227,26,145,15,413,16,0,16,429
02/07/2000,AUS,TX,ASW,CE,Towers with Radar,257,49,90,7,403,0,2,34,0,36,257,51,124,7,439,18,0,18,457
02/08/2000,AUS,TX,ASW,CE,Towers with Radar,317,36,124,12,489,0,8,52,2,62,317,44,176,14,551,22,0,22,573
02/09/2000,AUS,TX,ASW,CE,Towers with Radar,280,45,131,12,468,8,8,46,0,62,288,53,177,12,530,52,0,52,582
02/10/2000,AUS,TX,ASW,CE,Towers with Radar,52,43,125,15,235,0,18,22,3,43,52,61,147,18,278,24,0,24,302
02/11/2000,AUS,TX,ASW,CE,Towers with Radar,252,55,128,15,450,0,1,69,1,71,252,56,197,16,521,42,0,42,563
02/12/2000,AUS,TX,ASW,CE,Towers with Radar,202,30,118,18,368,0,2,101,1,104,202,32,219,19,472,28,0,28,500
02/13/2000,AUS,TX,ASW,CE,Towers with Radar,182,20,86,9,297,42,0,8,10,60,224,20,94,19,357,20,0,20,377
02/14/2000,AUS,TX,ASW,CE,Towers with Radar,267,26,80,3,376,0,1,19,3,23,267,27,99,6,399,30,0,30,429
02/15/2000,AUS,TX,ASW,CE,Towers with Radar,268,47,133,7,455,0,0,39,6,45,268,47,172,13,500,32,0,32,532
02/16/2000,AUS,TX,ASW,CE,Towers with Radar,269,60,189,25,543,0,0,67,3,70,269,60,256,28,613,12,0,12,625
02/17/2000,AUS,TX,ASW,CE,Towers with Radar,281,49,139,15,484,0,4,67,5,76,281,53,206,20,560,48,0,48,608
02/18/2000,AUS,TX,ASW,CE,Towers with Radar,253,59,160,11,483,0,3,58,1,62,253,62,218,12,545,44,0,44,589
02/19/2000,AUS,TX,ASW,CE,Towers with Radar,197,35,89,0,321,0,0,45,0,45,197,35,134,0,366,14,0,14,380
02/20/2000,AUS,TX,ASW,CE,Towers with Radar,208,30,96,4,338,0,0,53,0,53,208,30,149,4,391,24,0,24,415
02/21/2000,AUS,TX,ASW,CE,Towers with Radar,247,42,155,5,449,0,0,88,1,89,247,42,243,6,538,38,0,38,576
02/22/2000,AUS,TX,ASW,CE,Towers with Radar,296,55,148,27,526,0,11,78,1,90,296,66,226,28,616,30,0,30,646
02/23/2000,AUS,TX,ASW,CE,Towers with Radar,302,58,104,27,491,0,18,47,8,73,302,76,151,35,564,28,0,28,592
02/24/2000,AUS,TX,ASW,CE,Towers with Radar,292,57,175,25,549,0,21,68,0,89,292,78,243,25,638,0,0,0,638
02/25/2000,AUS,TX,ASW,CE,Towers with Radar,307,55,155,19,536,0,18,65,0,83,307,73,220,19,619,12,0,12,631
02/26/2000,AUS,TX,ASW,CE,Towers with Radar,203,33,97,1,334,0,3,31,0,34,203,36,128,1,368,48,0,48,416
02/27/2000,AUS,TX,ASW,CE,Towers with Radar,261,20,91,7,379,0,0,47,0,47,261,20,138,7,426,70,0,70,496
02/28/2000,AUS,TX,ASW,CE,Towers with Radar,275,43,111,7,436,0,3,34,4,41,275,46,145,11,477,8,0,8,485
02/29/2000,AUS,TX,ASW,CE,Towers with Radar,278,51,164,13,506,0,10,54,0,64,278,61,218,13,570,24,0,24,594
03/01/2000,AUS,TX,ASW,CE,Towers with Radar,290,54,152,8,504,0,0,113,0,113,290,54,265,8,617,32,0,32,649
03/02/2000,AUS,TX,ASW,CE,Towers with Radar,342,52,146,10,550,0,13,48,0,61,342,65,194,10,611,10,0,10,621
03/03/2000,AUS,TX,ASW,CE,Towers with Radar,275,62,127,34,498,0,0,41,6,47,275,62,168,40,545,14,0,14,559
03/04/2000,AUS,TX,ASW,CE,Towers with Radar,201,29,63,6,299,0,9,35,0,44,201,38,98,6,343,18,0,18,361
03/05/2000,AUS,TX,ASW,CE,Towers with Radar,230,25,97,5,357,0,1,64,0,65,230,26,161,5,422,46,0,46,468
03/06/2000,AUS,TX,ASW,CE,Towers with Radar,282,42,149,5,478,0,8,10,0,18,282,50,159,5,496,0,0,0,496
03/07/2000,AUS,TX,ASW,CE,Towers with Radar,275,43,122,12,452,0,0,44,1,45,275,43,166,13,497,42,0,42,539
03/08/2000,AUS,TX,ASW,CE,Towers with Radar,291,51,156,7,505,0,0,75,4,79,291,51,231,11,584,28,0,28,612
03/09/2000,AUS,TX,ASW,CE,Towers with Radar,298,52,155,7,512,0,3,98,0,101,298,55,253,7,613,48,0,48,661
03/10/2000,AUS,TX,ASW,CE,Towers with Radar,307,59,162,10,538,0,14,65,0,79,307,73,227,10,617,0,0,0,617
03/11/2000,AUS,TX,ASW,CE,Towers with Radar,214,29,109,4,356,0,3,130,0,133,214,32,239,4,489,0,0,0,489
03/12/2000,AUS,TX,ASW,CE,Towers with Radar,190,28,91,6,315,42,0,22,3,67,232,28,113,9,382,114,0,114,496
03/13/2000,AUS,TX,ASW,CE,Towers with Radar,262,44,114,13,433,0,1,52,2,55,262,45,166,15,488,24,0,24,512
03/14/2000,AUS,TX,ASW,CE,Towers with Radar,253,43,121,9,426,26,9,21,3,59,279,52,142,12,485,16,0,16,501
03/15/2000,AUS,TX,ASW,CE,Towers with Radar,281,49,137,10,477,0,6,50,9,65,281,55,187,19,542,70,0,70,612
03/16/2000,AUS,TX,ASW,CE,Towers with Radar,262,45,126,8,441,28,15,20,0,63,290,60,146,8,504,6,0,6,510
03/17/2000,AUS,TX,ASW,CE,Towers with Radar,273,52,111,3,439,0,4,42,0,46,273,56,153,3,485,0,0,0,485
03/18/2000,AUS,TX,ASW,CE,Towers with Radar,202,32,112,8,354,0,0,87,0,87,202,32,199,8,441,0,0,0,441
03/19/2000,AUS,TX,ASW,CE,Towers with Radar,227,8,82,2,319,0,1,66,0,67,227,9,148,2,386,38,0,38,424
03/20/2000,AUS,TX,ASW,CE,Towers with Radar,266,49,88,6,409,0,0,36,1,37,266,49,124,7,446,10,0,10,456
03/21/2000,AUS,TX,ASW,CE,Towers with Radar,305,53,149,10,517,0,40,81,5,126,305,93,230,15,643,2,0,2,645
03/22/2000,AUS,TX,ASW,CE,Towers with Radar,301,60,189,9,559,0,3,76,1,80,301,63,265,10,639,16,0,16,655
03/23/2000,AUS,TX,ASW,CE,Towers with Radar,295,63,170,10,538,0,5,67,2,74,295,68,237,12,612,20,0,20,632
03/24/2000,AUS,TX,ASW,CE,Towers with Radar,281,59,210,17,567,0,5,70,4,79,281,64,280,21,646,28,0,28,674
03/25/2000,AUS,TX,ASW,CE,Towers with Radar,217,31,109,0,357,0,0,63,0,63,217,31,172,0,420,38,0,38,458
03/26/2000,AUS,TX,ASW,CE,Towers with Radar,245,30,132,3,410,0,18,72,0,90,245,48,204,3,500,20,0,20,520
03/27/2000,AUS,TX,ASW,CE,Towers with Radar,241,36,116,8,401,27,0,27,10,64,268,36,143,18,465,14,0,14,479
03/28/2000,AUS,TX,ASW,CE,Towers with Radar,288,51,146,11,496,0,16,76,0,92,288,67,222,11,588,22,0,22,610
03/29/2000,AUS,TX,ASW,CE,Towers with Radar,299,54,125,13,491,0,4,63,6,73,299,58,188,19,564,30,0,30,594
03/30/2000,AUS,TX,ASW,CE,Towers with Radar,293,58,138,9,498,0,3,47,3,53,293,61,185,12,551,54,0,54,605
03/31/2000,AUS,TX,ASW,CE,Towers with Radar,284,75,179,37,575,0,4,91,2,97,284,79,270,39,672,136,0,136,808
04/01/2000,AUS,TX,ASW,CE,Towers with Radar,201,24,91,1,317,3,2,57,0,62,204,26,148,1,379,0,0,0,379
04/02/2000,AUS,TX,ASW,CE,Towers with Radar,219,21,83,6,329,2,4,60,0,66,221,25,143,6,395,0,0,0,395
04/03/2000,AUS,TX,ASW,CE,Towers with Radar,274,53,103,43,473,2,2,50,2,56,276,55,153,45,529,46,0,46,575
04/04/2000,AUS,TX,ASW,CE,Towers with Radar,301,64,109,13,487,2,6,26,10,44,303,70,135,23,531,52,0,52,583
04/05/2000,AUS,TX,ASW,CE,Towers with Radar,284,62,139,4,489,2,2,23,5,32,286,64,162,9,521,24,0,24,545
04/06/2000,AUS,TX,ASW,CE,Towers with Radar,279,53,155,15,502,2,3,51,2,58,281,56,206,17,560,12,0,12,572
04/07/2000,AUS,TX,ASW,CE,Towers with Radar,295,57,146,9,507,2,11,57,0,70,297,68,203,9,577,10,0,10,587
04/08/2000,AUS,TX,ASW,CE,Towers with Radar,201,14,83,9,307,2,0,32,4,38,203,14,115,13,345,52,0,52,397
04/09/2000,AUS,TX,ASW,CE,Towers with Radar,221,21,83,1,326,2,2,15,0,19,223,23,98,1,345,24,0,24,369
04/10/2000,AUS,TX,ASW,CE,Towers with Radar,279,49,147,4,479,3,0,89,0,92,282,49,236,4,571,16,0,16,587
04/11/2000,AUS,TX,ASW,CE,Towers with Radar,311,56,154,1,522,3,3,81,2,89,314,59,235,3,611,18,0,18,629
04/12/2000,AUS,TX,ASW,CE,Towers with Radar,282,61,173,1,517,3,5,63,0,71,285,66,236,1,588,38,0,38,626
04/13/2000,AUS,TX,ASW,CE,Towers with Radar,284,61,191,4,540,3,1,77,1,82,287,62,268,5,622,28,0,28,650
04/14/2000,AUS,TX,ASW,CE,Towers with Radar,273,65,215,22,575,3,5,102,0,110,276,70,317,22,685,20,0,20,705
04/15/2000,AUS,TX,ASW,CE,Towers with Radar,206,22,107,14,349,3,2,81,0,86,209,24,188,14,435,10,0,10,445
04/16/2000,AUS,TX,ASW,CE,Towers with Radar,216,18,97,18,349,103,0,65,0,168,319,18,162,18,517,60,0,60,577
04/17/2000,AUS,TX,ASW,CE,Towers with Radar,265,46,143,10,464,3,2,60,3,68,268,48,203,13,532,42,0,42,574
04/18/2000,AUS,TX,ASW,CE,Towers with Radar,292,54,158,10,514,2,14,87,0,103,294,68,245,10,617,34,0,34,651
04/19/2000,AUS,TX,ASW,CE,Towers with Radar,296,57,162,14,529,0,13,101,20,134,296,70,263,34,663,88,0,88,751
04/20/2000,AUS,TX,ASW,CE,Towers with Radar,291,56,151,13,511,2,4,49,1,56,293,60,200,14,567,70,0,70,637
04/21/2000,AUS,TX,ASW,CE,Towers with Radar,286,42,83,13,424,2,0,39,14,55,288,42,122,27,479,36,0,36,515
04/22/2000,AUS,TX,ASW,CE,Towers with Radar,217,32,53,0,302,2,3,51,0,56,219,35,104,0,358,12,0,12,370
04/23/2000,AUS,TX,ASW,CE,Towers with Radar,238,16,80,0,334,2,2,33,0,37,240,18,113,0,371,26,0,26,397
04/24/2000,AUS,TX,ASW,CE,Towers with Radar,274,51,125,6,456,2,6,19,0,27,276,57,144,6,483,54,0,54,537
04/25/2000,AUS,TX,ASW,CE,Towers with Radar,318,43,98,20,479,2,0,55,3,60,320,43,153,23,539,24,0,24,563
04/26/2000,AUS,TX,ASW,CE,Towers with Radar,297,62,117,6,482,2,3,84,2,91,299,65,201,8,573,66,0,66,639
04/27/2000,AUS,TX,ASW,CE,Towers with Radar,308,51,166,20,545,2,1,72,0,75,310,52,238,20,620,32,0,32,652
04/28/2000,AUS,TX,ASW,CE,Towers with Radar,297,61,141,14,513,2,0,67,0,69,299,61,208,14,582,28,0,28,610
04/29/2000,AUS,TX,ASW,CE,Towers with Radar,209,27,102,6,344,2,13,70,0,85,211,40,172,6,429,72,0,72,501
04/30/2000,AUS,TX,ASW,CE,Towers with Radar,215,33,112,7,367,0,0,76,0,76,215,33,188,7,443,0,0,0,443
05/01/2000,AUS,TX,ASW,CE,Towers with Radar,272,45,90,3,410,6,0,28,0,34,278,45,118,3,444,4,0,4,448
05/02/2000,AUS,TX,ASW,CE,Towers with Radar,285,46,139,3,473,10,5,95,0,110,295,51,234,3,583,22,0,22,605
05/03/2000,AUS,TX,ASW,CE,Towers with Radar,274,46,138,9,467,0,4,105,1,110,274,50,243,10,577,56,0,56,633
05/04/2000,AUS,TX,ASW,CE,Towers with Radar,308,51,151,5,515,0,9,71,0,80,308,60,222,5,595,10,0,10,605
05/05/2000,AUS,TX,ASW,CE,Towers with Radar,281,61,172,12,526,3,4,90,6,103,284,65,262,18,629,0,0,0,629
05/06/2000,AUS,TX,ASW,CE,Towers with Radar,195,28,97,5,325,13,0,50,0,63,208,28,147,5,388,10,0,10,398
05/07/2000,AUS,TX,ASW,CE,Towers with Radar,198,31,98,7,334,23,0,35,1,59,221,31,133,8,393,16,0,16,409
05/08/2000,AUS,TX,ASW,CE,Towers with Radar,264,37,128,17,446,3,7,64,4,78,267,44,192,21,524,44,0,44,568
05/09/2000,AUS,TX,ASW,CE,Towers with Radar,298,52,172,17,539,3,5,92,3,103,301,57,264,20,642,14,0,14,656
05/10/2000,AUS,TX,ASW,CE,Towers with Radar,275,48,142,10,475,0,10,93,9,112,275,58,235,19,587,10,0,10,597
05/11/2000,AUS,TX,ASW,CE,Towers with Radar,295,55,165,11,526,0,13,118,6,137,295,68,283,17,663,12,0,12,675
05/12/2000,AUS,TX,ASW,CE,Towers with Radar,293,52,156,11,512,0,8,107,11,126,293,60,263,22,638,4,0,4,642
05/13/2000,AUS,TX,ASW,CE,Towers with Radar,201,23,85,14,323,3,1,29,0,33,204,24,114,14,356,14,0,14,370
05/14/2000,AUS,TX,ASW,CE,Towers with Radar,227,20,69,12,328,4,0,44,0,48,231,20,113,12,376,82,0,82,458
05/15/2000,AUS,TX,ASW,CE,Towers with Radar,245,53,98,10,406,2,11,33,3,49,247,64,131,13,455,16,0,16,471
05/16/2000,AUS,TX,ASW,CE,Towers with Radar,293,53,190,12,548,2,12,65,1,80,295,65,255,13,628,44,0,44,672
05/17/2000,AUS,TX,ASW,CE,Towers with Radar,239,39,120,8,406,0,18,53,6,77,239,57,173,14,483,28,0,28,511
05/18/2000,AUS,TX,ASW,CE,Towers with Radar,288,51,173,12,524,2,25,101,0,128,290,76,274,12,652,28,0,28,680
05/19/2000,AUS,TX,ASW,CE,Towers with Radar,287,50,154,8,499,3,2,39,0,44,290,52,193,8,543,16,0,16,559
05/20/2000,AUS,TX,ASW,CE,Towers with Radar,210,32,153,10,405,2,33,83,1,119,212,65,236,11,524,46,0,46,570
05/21/2000,AUS,TX,ASW,CE,Towers with Radar,231,18,93,5,347,2,8,59,0,69,233,26,152,5,416,16,0,16,432
05/22/2000,AUS,TX,ASW,CE,Towers with Radar,269,44,95,8,416,2,2,46,9,59,271,46,141,17,475,40,0,40,515
05/23/2000,AUS,TX,ASW,CE,Towers with Radar,287,43,141,14,485,2,0,30,6,38,289,43,171,20,523,34,0,34,557
05/24/2000,AUS,TX,ASW,CE,Towers with Radar,312,56,141,13,522,2,1,58,1,62,314,57,199,14,584,52,0,52,636
05/25/2000,AUS,TX,ASW,CE,Towers with Radar,301,53,160,13,527,0,16,75,2,93,301,69,235,15,620,50,0,50,670
05/26/2000,AUS,TX,ASW,CE,Towers with Radar,281,47,150,3,481,2,43,110,0,155,283,90,260,3,636,34,0,34,670
05/27/2000,AUS,TX,ASW,CE,Towers with Radar,204,21,79,0,304,3,1,85,9,98,207,22,164,9,402,4,0,4,406
05/28/2000,AUS,TX,ASW,CE,Towers with Radar,158,15,78,1,252,36,0,24,0,60,194,15,102,1,312,26,0,26,338
05/29/2000,AUS,TX,ASW,CE,Towers with Radar,240,15,67,0,322,2,6,85,0,93,242,21,152,0,415,84,0,84,499
05/30/2000,AUS,TX,ASW,CE,Towers with Radar,279,48,109,5,441,2,4,49,4,59,281,52,158,9,500,28,0,28,528
05/31/2000,AUS,TX,ASW,CE,Towers with Radar,223,36,111,8,378,0,0,65,0,65,223,36,176,8,443,16,0,16,459
06/01/2000,AUS,TX,ASW,CE,Towers with Radar,292,50,142,10,494,0,5,105,17,127,292,55,247,27,621,50,0,50,671
06/02/2000,AUS,TX,ASW,CE,Towers with Radar,302,44,118,12,476,0,6,47,3,56,302,50,165,15,532,50,0,50,582
06/03/2000,AUS,TX,ASW,CE,Towers with Radar,194,30,47,0,271,0,0,29,0,29,194,30,76,0,300,30,0,30,330
06/04/2000,AUS,TX,ASW,CE,Towers with Radar,249,20,73,0,342,0,0,67,0,67,249,20,140,0,409,8,0,8,417
06/05/2000,AUS,TX,ASW,CE,Towers with Radar,282,37,89,11,419,0,2,39,0,41,282,39,128,11,460,30,0,30,490
06/06/2000,AUS,TX,ASW,CE,Towers with Radar,272,41,115,4,432,28,4,41,0,73,300,45,156,4,505,48,0,48,553
06/07/2000,AUS,TX,ASW,CE,Towers with Radar,285,43,121,8,457,17,9,54,0,80,302,52,175,8,537,28,0,28,565
06/08/2000,AUS,TX,ASW,CE,Towers with Radar,303,56,160,6,525,0,1,128,0,129,303,57,288,6,654,38,0,38,692
06/09/2000,AUS,TX,ASW,CE,Towers with Radar,295,61,94,8,458,0,1,41,0,42,295,62,135,8,500,4,0,4,504
06/10/2000,AUS,TX,ASW,CE,Towers with Radar,210,22,60,5,297,0,7,61,0,68,210,29,121,5,365,16,0,16,381
06/11/2000,AUS,TX,ASW,CE,Towers with Radar,247,25,105,9,386,0,1,119,0,120,247,26,224,9,506,36,0,36,542
06/12/2000,AUS,TX,ASW,CE,Towers with Radar,291,39,156,2,488,0,0,67,0,67,291,39,223,2,555,16,0,16,571
06/13/2000,AUS,TX,ASW,CE,Towers with Radar,309,54,137,13,513,0,2,81,0,83,309,56,218,13,596,68,0,68,664
06/14/2000,AUS,TX,ASW,CE,Towers with Radar,300,43,155,14,512,0,4,132,1,137,300,47,287,15,649,20,0,20,669
06/15/2000,AUS,TX,ASW,CE,Towers with Radar,333,42,204,6,585,0,3,121,1,125,333,45,325,7,710,76,0,76,786
06/16/2000,AUS,TX,ASW,CE,Towers with Radar,282,45,126,7,460,0,1,61,1,63,282,46,187,8,523,4,0,4,527
06/17/2000,AUS,TX,ASW,CE,Towers with Radar,225,20,77,9,331,0,0,58,0,58,225,20,135,9,389,66,0,66,455
06/18/2000,AUS,TX,ASW,CE,Towers with Radar,255,28,109,4,396,11,0,65,0,76,266,28,174,4,472,52,0,52,524
06/19/2000,AUS,TX,ASW,CE,Towers with Radar,284,40,132,4,460,0,1,56,0,57,284,41,188,4,517,66,0,66,583
06/20/2000,AUS,TX,ASW,CE,Towers with Radar,312,45,144,15,516,0,2,53,0,55,312,47,197,15,571,16,0,16,587
06/21/2000,AUS,TX,ASW,CE,Towers with Radar,361,65,180,10,616,0,11,73,0,84,361,76,253,10,700,26,0,26,726
06/22/2000,AUS,TX,ASW,CE,Towers with Radar,310,39,154,17,520,0,2,76,4,82,310,41,230,21,602,18,0,18,620
06/23/2000,AUS,TX,ASW,CE,Towers with Radar,0,56,124,22,202,0,3,62,0,65,0,59,186,22,267,38,0,38,305
06/24/2000,AUS,TX,ASW,CE,Towers with Radar,212,32,91,7,342,4,4,45,3,56,216,36,136,10,398,26,0,26,424
06/25/2000,AUS,TX,ASW,CE,Towers with Radar,213,29,91,6,339,2,0,47,0,49,215,29,138,6,388,52,0,52,440
06/26/2000,AUS,TX,ASW,CE,Towers with Radar,281,51,130,11,473,0,6,39,0,45,281,57,169,11,518,60,0,60,578
06/27/2000,AUS,TX,ASW,CE,Towers with Radar,321,48,138,11,518,17,20,40,3,80,338,68,178,14,598,60,0,60,658
06/28/2000,AUS,TX,ASW,CE,Towers with Radar,302,50,100,8,460,0,0,42,3,45,302,50,142,11,505,26,0,26,531
06/29/2000,AUS,TX,ASW,CE,Towers with Radar,291,43,180,6,520,0,0,46,0,46,291,43,226,6,566,48,0,48,614
06/30/2000,AUS,TX,ASW,CE,Towers with Radar,296,60,123,11,490,0,3,64,1,68,296,63,187,12,558,30,0,30,588
07/01/2000,AUS,TX,ASW,CE,Towers with Radar,223,31,103,7,364,2,1,60,0,63,225,32,163,7,427,52,0,52,479
07/02/2000,AUS,TX,ASW,CE,Towers with Radar,217,10,76,0,303,0,0,74,0,74,217,10,150,0,377,68,0,68,445
07/03/2000,AUS,TX,ASW,CE,Towers with Radar,203,20,68,0,291,0,4,55,1,60,203,24,123,1,351,32,0,32,383
07/04/2000,AUS,TX,ASW,CE,Towers with Radar,243,24,41,0,308,0,2,28,1,31,243,26,69,1,339,16,0,16,355
07/05/2000,AUS,TX,ASW,CE,Towers with Radar,280,59,103,26,468,0,2,42,3,47,280,61,145,29,515,34,0,34,549
07/06/2000,AUS,TX,ASW,CE,Towers with Radar,316,48,151,22,537,0,6,108,3,117,316,54,259,25,654,108,0,108,762
07/07/2000,AUS,TX,ASW,CE,Towers with Radar,293,51,102,27,473,0,6,33,4,43,293,57,135,31,516,126,0,126,642
07/08/2000,AUS,TX,ASW,CE,Towers with Radar,227,20,53,27,327,0,2,43,7,52,227,22,96,34,379,86,0,86,465
07/09/2000,AUS,TX,ASW,CE,Towers with Radar,230,10,79,9,328,12,0,58,0,70,242,10,137,9,398,82,0,82,480
07/10/2000,AUS,TX,ASW,CE,Towers with Radar,303,37,117,26,483,0,4,56,2,62,303,41,173,28,545,92,0,92,637
07/11/2000,AUS,TX,ASW,CE,Towers with Radar,314,48,113,13,488,0,10,83,0,93,314,58,196,13,581,52,0,52,633
07/12/2000,AUS,TX,ASW,CE,Towers with Radar,316,45,145,28,534,0,2,60,1,63,316,47,205,29,597,68,0,68,665
07/13/2000,AUS,TX,ASW,CE,Towers with Radar,318,62,98,4,482,0,6,54,5,65,318,68,152,9,547,100,0,100,647
07/14/2000,AUS,TX,ASW,CE,Towers with Radar,303,55,114,23,495,0,4,36,0,40,303,59,150,23,535,106,0,106,641
07/15/2000,AUS,TX,ASW,CE,Towers with Radar,228,21,82,21,352,0,3,76,4,83,228,24,158,25,435,40,0,40,475
07/16/2000,AUS,TX,ASW,CE,Towers with Radar,214,19,67,11,311,19,0,0,4,23,233,19,67,15,334,72,0,72,406
07/17/2000,AUS,TX,ASW,CE,Towers with Radar,279,41,81,13,414,0,2,42,0,44,279,43,123,13,458,26,0,26,484
07/18/2000,AUS,TX,ASW,CE,Towers with Radar,302,60,96,12,470,0,11,60,0,71,302,71,156,12,541,24,0,24,565
07/19/2000,AUS,TX,ASW,CE,Towers with Radar,321,68,141,14,544,0,5,34,0,39,321,73,175,14,583,80,0,80,663
07/20/2000,AUS,TX,ASW,CE,Towers with Radar,339,71,108,11,529,0,4,64,0,68,339,75,172,11,597,58,0,58,655
07/21/2000,AUS,TX,ASW,CE,Towers with Radar,289,63,86,14,452,0,8,50,2,60,289,71,136,16,512,54,0,54,566
07/22/2000,AUS,TX,ASW,CE,Towers with Radar,231,30,77,22,360,0,2,48,0,50,231,32,125,22,410,60,0,60,470
07/23/2000,AUS,TX,ASW,CE,Towers with Radar,252,14,72,7,345,0,2,50,0,52,252,16,122,7,397,46,0,46,443
07/24/2000,AUS,TX,ASW,CE,Towers with Radar,284,35,76,3,398,0,2,51,1,54,284,37,127,4,452,40,0,40,492
07/25/2000,AUS,TX,ASW,CE,Towers with Radar,319,46,93,21,479,0,9,43,0,52,319,55,136,21,531,40,0,40,571
07/26/2000,AUS,TX,ASW,CE,Towers with Radar,318,44,91,18,471,0,10,42,1,53,318,54,133,19,524,38,0,38,562
07/27/2000,AUS,TX,ASW,CE,Towers with Radar,329,50,145,12,536,0,2,59,4,65,329,52,204,16,601,76,0,76,677
07/28/2000,AUS,TX,ASW,CE,Towers with Radar,300,73,117,16,506,0,3,43,2,48,300,76,160,18,554,58,0,58,612
07/29/2000,AUS,TX,ASW,CE,Towers with Radar,215,26,53,2,296,0,2,36,0,38,215,28,89,2,334,80,0,80,414
07/30/2000,AUS,TX,ASW,CE,Towers with Radar,243,22,98,3,366,0,2,56,0,58,243,24,154,3,424,94,0,94,518
07/31/2000,AUS,TX,ASW,CE,Towers with Radar,273,51,71,9,404,0,4,37,0,41,273,55,108,9,445,22,0,22,467
08/01/2000,AUS,TX,ASW,CE,Towers with Radar,283,53,112,15,463,0,5,170,0,175,283,58,282,15,638,44,0,44,682
08/02/2000,AUS,TX,ASW,CE,Towers with Radar,338,57,79,16,490,0,14,180,6,200,338,71,259,22,690,58,0,58,748
08/03/2000,AUS,TX,ASW,CE,Towers with Radar,318,51,107,10,486,0,13,219,9,241,318,64,326,19,727,44,0,44,771
08/04/2000,AUS,TX,ASW,CE,Towers with Radar,293,64,131,20,508,0,7,160,8,175,293,71,291,28,683,30,0,30,713
08/05/2000,AUS,TX,ASW,CE,Towers with Radar,222,34,78,6,340,1,2,189,8,200,223,36,267,14,540,34,0,34,574
08/06/2000,AUS,TX,ASW,CE,Towers with Radar,249,22,92,7,370,0,0,168,15,183,249,22,260,22,553,20,0,20,573
08/07/2000,AUS,TX,ASW,CE,Towers with Radar,268,50,67,6,391,0,2,177,6,185,268,52,244,12,576,12,0,12,588
08/08/2000,AUS,TX,ASW,CE,Towers with Radar,333,57,121,18,529,16,17,91,1,125,349,74,212,19,654,52,0,52,706
08/09/2000,AUS,TX,ASW,CE,Towers with Radar,293,53,157,11,514,0,16,139,13,168,293,69,296,24,682,46,0,46,728
08/10/2000,AUS,TX,ASW,CE,Towers with Radar,324,55,112,20,511,0,10,158,11,179,324,65,270,31,690,80,0,80,770
08/11/2000,AUS,TX,ASW,CE,Towers with Radar,317,59,86,28,490,0,13,221,7,241,317,72,307,35,731,110,0,110,841
08/12/2000,AUS,TX,ASW,CE,Towers with Radar,219,19,64,3,305,1,3,170,7,181,220,22,234,10,486,24,0,24,510
08/13/2000,AUS,TX,ASW,CE,Towers with Radar,224,25,82,12,343,19,0,138,2,159,243,25,220,14,502,24,0,24,526
08/14/2000,AUS,TX,ASW,CE,Towers with Radar,269,61,71,26,427,1,9,182,8,200,270,70,253,34,627,30,0,30,657
08/15/2000,AUS,TX,ASW,CE,Towers with Radar,304,63,135,37,539,1,13,140,12,166,305,76,275,49,705,54,0,54,759
08/16/2000,AUS,TX,ASW,CE,Towers with Radar,327,68,130,10,535,1,13,229,16,259,328,81,359,26,794,70,0,70,864
08/17/2000,AUS,TX,ASW,CE,Towers with Radar,302,58,109,15,484,1,11,205,4,221,303,69,314,19,705,34,0,34,739
08/18/2000,AUS,TX,ASW,CE,Towers with Radar,300,55,91,11,457,0,11,161,8,180,300,66,252,19,637,0,0,0,637
08/19/2000,AUS,TX,ASW,CE,Towers with Radar,209,21,81,15,326,0,4,203,0,207,209,25,284,15,533,1,0,1,534
08/20/2000,AUS,TX,ASW,CE,Towers with Radar,238,14,69,2,323,0,2,151,16,169,238,16,220,18,492,72,0,72,564
08/21/2000,AUS,TX,ASW,CE,Towers with Radar,278,47,114,16,455,0,13,158,3,174,278,60,272,19,629,36,0,36,665
08/22/2000,AUS,TX,ASW,CE,Towers with Radar,335,70,135,8,548,0,6,123,7,136,335,76,258,15,684,28,0,28,712
08/23/2000,AUS,TX,ASW,CE,Towers with Radar,302,54,117,16,489,0,18,188,13,219,302,72,305,29,708,20,0,20,728
08/24/2000,AUS,TX,ASW,CE,Towers with Radar,330,52,148,27,557,0,19,205,13,237,330,71,353,40,794,42,0,42,836
08/25/2000,AUS,TX,ASW,CE,Towers with Radar,289,61,109,23,482,0,20,184,12,216,289,81,293,35,698,132,0,132,830
08/26/2000,AUS,TX,ASW,CE,Towers with Radar,212,25,62,16,315,0,9,135,55,199,212,34,197,71,514,96,0,96,610
08/27/2000,AUS,TX,ASW,CE,Towers with Radar,237,12,65,4,318,0,3,161,13,177,237,15,226,17,495,110,0,110,605
08/28/2000,AUS,TX,ASW,CE,Towers with Radar,256,44,95,14,409,8,13,199,4,224,264,57,294,18,633,44,0,44,677
08/29/2000,AUS,TX,ASW,CE,Towers with Radar,315,48,137,14,514,0,8,227,6,241,315,56,364,20,755,120,0,120,875
08/30/2000,AUS,TX,ASW,CE,Towers with Radar,307,68,111,10,496,0,13,171,15,199,307,81,282,25,695,26,0,26,721
08/31/2000,AUS,TX,ASW,CE,Towers with Radar,322,55,120,17,514,0,22,270,14,306,322,77,390,31,820,72,0,72,892
09/01/2000,AUS,TX,ASW,CE,Towers with Radar,319,57,105,6,487,1,7,156,12,176,320,64,261,18,663,134,0,134,797
09/02/2000,AUS,TX,ASW,CE,Towers with Radar,201,22,57,0,280,0,1,158,2,161,201,23,215,2,441,30,0,30,471
09/03/2000,AUS,TX,ASW,CE,Towers with Radar,151,8,58,4,221,36,0,115,0,151,187,8,173,4,372,28,0,28,400
09/04/2000,AUS,TX,ASW,CE,Towers with Radar,242,47,106,0,395,0,0,176,5,181,242,47,282,5,576,34,0,34,610
09/05/2000,AUS,TX,ASW,CE,Towers with Radar,257,42,99,12,410,25,27,135,21,208,282,69,234,33,618,22,0,22,640
09/06/2000,AUS,TX,ASW,CE,Towers with Radar,314,58,105,17,494,0,8,197,13,218,314,66,302,30,712,24,0,24,736
09/07/2000,AUS,TX,ASW,CE,Towers with Radar,328,62,148,12,550,0,12,190,15,217,328,74,338,27,767,102,0,102,869
09/08/2000,AUS,TX,ASW,CE,Towers with Radar,299,57,117,10,483,0,7,145,13,165,299,64,262,23,648,42,0,42,690
09/09/2000,AUS,TX,ASW,CE,Towers with Radar,226,29,114,54,423,0,4,123,11,138,226,33,237,65,561,22,0,22,583
09/10/2000,AUS,TX,ASW,CE,Towers with Radar,251,19,85,13,368,0,0,160,14,174,251,19,245,27,542,62,0,62,604
09/11/2000,AUS,TX,ASW,CE,Towers with Radar,270,49,69,7,395,0,4,175,1,180,270,53,244,8,575,40,0,40,615
09/12/2000,AUS,TX,ASW,CE,Towers with Radar,340,52,131,13,536,2,33,154,0,189,342,85,285,13,725,24,0,24,749
09/13/2000,AUS,TX,ASW,CE,Towers with Radar,341,57,141,12,551,0,22,102,0,124,341,79,243,12,675,30,0,30,705
09/14/2000,AUS,TX,ASW,CE,Towers with Radar,324,54,118,5,501,0,8,150,5,163,324,62,268,10,664,6,0,6,670
09/15/2000,AUS,TX,ASW,CE,Towers with Radar,298,52,83,37,470,0,7,176,7,190,298,59,259,44,660,16,0,16,676
09/16/2000,AUS,TX,ASW,CE,Towers with Radar,223,21,47,38,329,0,2,227,12,241,223,23,274,50,570,90,0,90,660
09/17/2000,AUS,TX,ASW,CE,Towers with Radar,264,10,80,6,360,0,1,170,1,172,264,11,250,7,532,72,0,72,604
09/18/2000,AUS,TX,ASW,CE,Towers with Radar,277,38,109,16,440,0,18,199,1,218,277,56,308,17,658,0,0,0,658
09/19/2000,AUS,TX,ASW,CE,Towers with Radar,324,54,100,10,488,0,18,251,6,275,324,72,351,16,763,24,0,24,787
09/20/2000,AUS,TX,ASW,CE,Towers with Radar,319,53,129,18,519,0,8,203,13,224,319,61,332,31,743,16,0,16,759
09/21/2000,AUS,TX,ASW,CE,Towers with Radar,347,73,183,20,623,0,6,99,0,105,347,79,282,20,728,54,0,54,782
09/22/2000,AUS,TX,ASW,CE,Towers with Radar,295,42,163,21,521,0,9,148,5,162,295,51,311,26,683,118,0,118,801
09/23/2000,AUS,TX,ASW,CE,Towers with Radar,234,28,113,11,386,0,0,121,2,123,234,28,234,13,509,44,0,44,553
09/24/2000,AUS,TX,ASW,CE,Towers with Radar,254,20,108,9,391,0,0,78,0,78,254,20,186,9,469,16,0,16,485
09/25/2000,AUS,TX,ASW,CE,Towers with Radar,279,44,119,7,449,0,3,183,2,188,279,47,302,9,637,44,0,44,681
09/26/2000,AUS,TX,ASW,CE,Towers with Radar,305,48,117,15,485,12,30,225,8,275,317,78,342,23,760,34,0,34,794
09/27/2000,AUS,TX,ASW,CE,Towers with Radar,317,55,124,16,512,0,16,207,4,227,317,71,331,20,739,58,0,58,797
09/28/2000,AUS,TX,ASW,CE,Towers with Radar,308,66,113,16,503,14,31,257,11,313,322,97,370,27,816,56,0,56,872
09/29/2000,AUS,TX,ASW,CE,Towers with Radar,304,48,122,7,481,0,4,276,3,283,304,52,398,10,764,40,0,40,804
09/30/2000,AUS,TX,ASW,CE,Towers with Radar,219,23,96,2,340,0,5,234,0,239,219,28,330,2,579,36,0,36,615
10/01/2000,AUS,TX,ASW,CE,Towers with Radar,250,30,69,1,350,2,0,161,0,163,252,30,230,1,513,50,0,50,563
10/02/2000,AUS,TX,ASW,CE,Towers with Radar,278,40,130,16,464,2,0,217,1,220,280,40,347,17,684,72,0,72,756
10/03/2000,AUS,TX,ASW,CE,Towers with Radar,281,51,126,9,467,37,14,174,0,225,318,65,300,9,692,42,0,42,734
10/04/2000,AUS,TX,ASW,CE,Towers with Radar,310,56,139,12,517,3,3,158,2,166,313,59,297,14,683,18,0,18,701
10/05/2000,AUS,TX,ASW,CE,Towers with Radar,337,79,141,14,571,1,6,151,0,158,338,85,292,14,729,14,0,14,743
10/06/2000,AUS,TX,ASW,CE,Towers with Radar,301,71,147,9,528,1,0,28,0,29,302,71,175,9,557,16,0,16,573
10/07/2000,AUS,TX,ASW,CE,Towers with Radar,230,28,119,2,379,1,0,24,0,25,231,28,143,2,404,38,0,38,442
10/08/2000,AUS,TX,ASW,CE,Towers with Radar,254,18,70,5,347,7,0,21,0,28,261,18,91,5,375,0,0,0,375
10/09/2000,AUS,TX,ASW,CE,Towers with Radar,282,45,126,2,455,1,1,94,0,96,283,46,220,2,551,0,0,0,551
10/10/2000,AUS,TX,ASW,CE,Towers with Radar,306,55,138,12,511,11,7,143,9,170,317,62,281,21,681,56,0,56,737
10/11/2000,AUS,TX,ASW,CE,Towers with Radar,324,54,156,24,558,1,4,171,2,178,325,58,327,26,736,68,0,68,804
10/12/2000,AUS,TX,ASW,CE,Towers with Radar,319,80,181,29,609,1,8,253,5,267,320,88,434,34,876,58,0,58,934
10/13/2000,AUS,TX,ASW,CE,Towers with Radar,302,60,151,13,526,0,3,176,19,198,302,63,327,32,724,22,0,22,746
10/14/2000,AUS,TX,ASW,CE,Towers with Radar,249,39,100,9,397,1,0,171,12,184,250,39,271,21,581,32,0,32,613
10/15/2000,AUS,TX,ASW,CE,Towers with Radar,276,22,88,3,389,1,0,72,1,74,277,22,160,4,463,0,0,0,463
10/16/2000,AUS,TX,ASW,CE,Towers with Radar,281,46,112,9,448,1,6,134,3,144,282,52,246,12,592,76,0,76,668
10/17/2000,AUS,TX,ASW,CE,Towers with Radar,332,58,137,8,535,1,10,31,1,43,333,68,168,9,578,48,0,48,626
10/18/2000,AUS,TX,ASW,CE,Towers with Radar,309,58,145,12,524,0,3,211,19,233,309,61,356,31,757,86,0,86,843
10/19/2000,AUS,TX,ASW,CE,Towers with Radar,308,65,170,35,578,1,0,207,8,216,309,65,377,43,794,42,0,42,836
10/20/2000,AUS,TX,ASW,CE,Towers with Radar,308,73,148,22,551,1,8,138,12,159,309,81,286,34,710,54,0,54,764
10/21/2000,AUS,TX,ASW,CE,Towers with Radar,218,41,84,3,346,1,0,29,0,30,219,41,113,3,376,14,0,14,390
10/22/2000,AUS,TX,ASW,CE,Towers with Radar,249,24,153,0,426,1,0,15,0,16,250,24,168,0,442,6,0,6,448
10/23/2000,AUS,TX,ASW,CE,Towers with Radar,307,51,107,0,465,1,3,6,0,10,308,54,113,0,475,0,0,0,475
10/24/2000,AUS,TX,ASW,CE,Towers with Radar,314,59,160,11,544,1,2,52,2,57,315,61,212,13,601,72,0,72,673
10/25/2000,AUS,TX,ASW,CE,Towers with Radar,318,62,158,10,548,0,13,105,0,118,318,75,263,10,666,6,0,6,672
10/26/2000,AUS,TX,ASW,CE,Towers with Radar,330,73,192,16,611,1,0,149,3,153,331,73,341,19,764,16,0,16,780
10/27/2000,AUS,TX,ASW,CE,Towers with Radar,304,63,175,16,558,1,5,94,6,106,305,68,269,22,664,18,0,18,682
10/28/2000,AUS,TX,ASW,CE,Towers with Radar,242,40,130,10,422,1,0,89,0,90,243,40,219,10,512,26,0,26,538
10/29/2000,AUS,TX,ASW,CE,Towers with Radar,250,30,132,3,415,1,0,101,1,103,251,30,233,4,518,58,0,58,576
10/30/2000,AUS,TX,ASW,CE,Towers with Radar,277,42,97,0,416,1,1,182,0,184,278,43,279,0,600,10,0,10,610
10/31/2000,AUS,TX,ASW,CE,Towers with Radar,312,70,106,12,500,1,0,124,0,125,313,70,230,12,625,46,0,46,671
11/01/2000,AUS,TX,ASW,CE,Towers with Radar,308,76,138,11,533,1,4,59,1,65,309,80,197,12,598,40,0,40,638
11/02/2000,AUS,TX,ASW,CE,Towers with Radar,292,54,121,1,468,28,11,27,0,66,320,65,148,1,534,4,0,4,538
11/03/2000,AUS,TX,ASW,CE,Towers with Radar,311,77,121,1,510,0,0,11,1,12,311,77,132,2,522,8,0,8,530
11/04/2000,AUS,TX,ASW,CE,Towers with Radar,251,31,74,16,372,0,0,10,2,12,251,31,84,18,384,0,0,0,384
11/05/2000,AUS,TX,ASW,CE,Towers with Radar,273,30,94,11,408,0,0,16,10,26,273,30,110,21,434,18,0,18,452
11/06/2000,AUS,TX,ASW,CE,Towers with Radar,279,37,101,10,427,0,0,248,2,250,279,37,349,12,677,54,0,54,731
11/07/2000,AUS,TX,ASW,CE,Towers with Radar,301,80,137,16,534,0,2,73,8,83,301,82,210,24,617,20,0,20,637
11/08/2000,AUS,TX,ASW,CE,Towers with Radar,328,63,147,9,547,0,5,36,1,42,328,68,183,10,589,46,0,46,635
11/09/2000,AUS,TX,ASW,CE,Towers with Radar,308,63,126,17,514,0,34,252,13,299,308,97,378,30,813,38,0,38,851
11/10/2000,AUS,TX,ASW,CE,Towers with Radar,295,52,116,8,471,0,11,254,4,269,295,63,370,12,740,0,0,0,740
11/11/2000,AUS,TX,ASW,CE,Towers with Radar,222,29,116,9,376,1,0,95,2,98,223,29,211,11,474,8,0,8,482
11/12/2000,AUS,TX,ASW,CE,Towers with Radar,266,21,93,4,384,1,0,12,1,14,267,21,105,5,398,0,0,0,398
11/13/2000,AUS,TX,ASW,CE,Towers with Radar,290,66,86,21,463,1,10,184,0,195,291,76,270,21,658,36,0,36,694
11/14/2000,AUS,TX,ASW,CE,Towers with Radar,305,56,125,11,497,20,18,272,13,323,325,74,397,24,820,70,0,70,890
11/15/2000,AUS,TX,ASW,CE,Towers with Radar,321,69,151,15,556,0,3,80,3,86,321,72,231,18,642,22,0,22,664
11/16/2000,AUS,TX,ASW,CE,Towers with Radar,319,70,172,11,572,0,5,84,5,94,319,75,256,16,666,2,0,2,668
11/17/2000,AUS,TX,ASW,CE,Towers with Radar,314,59,153,27,553,0,5,131,21,157,314,64,284,48,710,0,0,0,710
11/18/2000,AUS,TX,ASW,CE,Towers with Radar,210,28,75,0,313,0,0,0,0,0,210,28,75,0,313,100,0,100,413
11/19/2000,AUS,TX,ASW,CE,Towers with Radar,260,28,110,5,403,0,5,212,7,224,260,33,322,12,627,52,0,52,679
11/20/2000,AUS,TX,ASW,CE,Towers with Radar,277,45,67,15,404,0,6,209,18,233,277,51,276,33,637,48,0,48,685
11/21/2000,AUS,TX,ASW,CE,Towers with Radar,312,74,119,12,517,0,6,260,24,290,312,80,379,36,807,88,0,88,895
11/22/2000,AUS,TX,ASW,CE,Towers with Radar,302,64,147,8,521,0,13,117,0,130,302,77,264,8,651,0,0,0,651
11/23/2000,AUS,TX,ASW,CE,Towers with Radar,180,14,30,0,224,0,2,3,0,5,180,16,33,0,229,0,0,0,229
11/24/2000,AUS,TX,ASW,CE,Towers with Radar,198,42,143,3,386,0,5,85,1,91,198,47,228,4,477,50,0,50,527
11/25/2000,AUS,TX,ASW,CE,Towers with Radar,207,40,91,0,338,0,0,125,0,125,207,40,216,0,463,28,0,28,491
11/26/2000,AUS,TX,ASW,CE,Towers with Radar,254,23,104,0,381,0,2,187,1,190,254,25,291,1,571,0,0,0,571
11/27/2000,AUS,TX,ASW,CE,Towers with Radar,295,44,104,29,472,12,11,175,4,202,307,55,279,33,674,76,0,76,750
11/28/2000,AUS,TX,ASW,CE,Towers with Radar,299,53,124,9,485,15,0,136,0,151,314,53,260,9,636,22,0,22,658
11/29/2000,AUS,TX,ASW,CE,Towers with Radar,305,58,150,13,526,0,10,203,2,215,305,68,353,15,741,78,0,78,819
11/30/2000,AUS,TX,ASW,CE,Towers with Radar,321,75,142,17,555,0,14,216,11,241,321,89,358,28,796,64,0,64,860
12/01/2000,AUS,TX,ASW,CE,Towers with Radar,296,48,161,9,514,2,0,48,6,56,298,48,209,15,570,0,0,0,570
12/02/2000,AUS,TX,ASW,CE,Towers with Radar,229,33,85,10,357,1,2,145,7,155,230,35,230,17,512,24,0,24,536
12/03/2000,AUS,TX,ASW,CE,Towers with Radar,242,12,89,1,344,1,0,37,8,46,243,12,126,9,390,0,0,0,390
12/04/2000,AUS,TX,ASW,CE,Towers with Radar,275,37,157,49,518,1,7,98,1,107,276,44,255,50,625,74,0,74,699
12/05/2000,AUS,TX,ASW,CE,Towers with Radar,334,67,176,26,603,1,6,122,2,131,335,73,298,28,734,56,0,56,790
12/06/2000,AUS,TX,ASW,CE,Towers with Radar,307,55,137,21,520,0,17,155,5,177,307,72,292,26,697,12,0,12,709
12/07/2000,AUS,TX,ASW,CE,Towers with Radar,304,59,105,39,507,1,14,229,7,251,305,73,334,46,758,52,0,52,810
12/08/2000,AUS,TX,ASW,CE,Towers with Radar,322,61,104,47,534,2,5,230,13,250,324,66,334,60,784,88,0,88,872
12/09/2000,AUS,TX,ASW,CE,Towers with Radar,227,39,121,19,406,2,0,104,3,109,229,39,225,22,515,18,0,18,533
12/10/2000,AUS,TX,ASW,CE,Towers with Radar,248,16,94,16,374,2,0,75,0,77,250,16,169,16,451,58,0,58,509
12/11/2000,AUS,TX,ASW,CE,Towers with Radar,257,46,118,18,439,0,2,62,11,75,257,48,180,29,514,18,0,18,532
12/12/2000,AUS,TX,ASW,CE,Towers with Radar,235,31,63,6,335,2,0,14,0,16,237,31,77,6,351,6,0,6,357
12/13/2000,AUS,TX,ASW,CE,Towers with Radar,264,57,98,4,423,2,2,17,0,21,266,59,115,4,444,10,0,10,454
12/14/2000,AUS,TX,ASW,CE,Towers with Radar,324,52,172,32,580,2,2,185,3,192,326,54,357,35,772,40,0,40,812
12/15/2000,AUS,TX,ASW,CE,Towers with Radar,281,50,144,5,480,1,0,1,1,3,282,50,145,6,483,0,0,0,483
12/16/2000,AUS,TX,ASW,CE,Towers with Radar,212,23,76,71,382,1,1,154,1,157,213,24,230,72,539,56,0,56,595
12/17/2000,AUS,TX,ASW,CE,Towers with Radar,248,22,48,3,321,1,0,199,4,204,249,22,247,7,525,0,0,0,525
12/18/2000,AUS,TX,ASW,CE,Towers with Radar,273,45,107,19,444,1,1,164,3,169,274,46,271,22,613,10,0,10,623
12/19/2000,AUS,TX,ASW,CE,Towers with Radar,319,66,102,26,513,1,9,190,7,207,320,75,292,33,720,20,0,20,740
12/20/2000,AUS,TX,ASW,CE,Towers with Radar,306,47,119,18,490,19,16,252,1,288,325,63,371,19,778,32,0,32,810
12/21/2000,AUS,TX,ASW,CE,Towers with Radar,310,51,157,26,544,1,7,175,8,191,311,58,332,34,735,16,0,16,751
12/22/2000,AUS,TX,ASW,CE,Towers with Radar,341,53,143,3,540,1,1,186,3,191,342,54,329,6,731,0,0,0,731
12/23/2000,AUS,TX,ASW,CE,Towers with Radar,233,41,89,2,365,1,0,11,3,15,234,41,100,5,380,12,0,12,392
12/24/2000,AUS,TX,ASW,CE,Towers with Radar,173,4,33,0,210,1,0,0,0,1,174,4,33,0,211,0,0,0,211
12/25/2000,AUS,TX,ASW,CE,Towers with Radar,161,7,15,0,183,1,0,0,0,1,162,7,15,0,184,0,0,0,184
12/26/2000,AUS,TX,ASW,CE,Towers with Radar,259,51,95,1,406,1,0,1,0,2,260,51,96,1,408,4,0,4,412
12/27/2000,AUS,TX,ASW,CE,Towers with Radar,307,50,88,0,445,1,1,44,0,46,308,51,132,0,491,36,0,36,527
12/28/2000,AUS,TX,ASW,CE,Towers with Radar,313,39,76,15,443,1,3,189,1,194,314,42,265,16,637,20,0,20,657
12/29/2000,AUS,TX,ASW,CE,Towers with Radar,251,30,97,5,383,27,0,113,0,140,278,30,210,5,523,24,0,24,547
12/30/2000,AUS,TX,ASW,CE,Towers with Radar,224,27,64,1,316,1,2,168,0,171,225,29,232,1,487,64,0,64,551
12/31/2000,AUS,TX,ASW,CE,Towers with Radar,167,11,65,0,243,15,0,19,0,34,182,11,84,0,277,20,0,20,297
01/01/2001,AUS,TX,ASW,CE,Towers with Radar,202,56,50,0,308,2,1,1,0,4,204,57,51,0,312,0,0,0,312
01/02/2001,AUS,TX,ASW,CE,Towers with Radar,279,47,94,0,420,1,0,71,2,74,280,47,165,2,494,14,0,14,508
01/03/2001,AUS,TX,ASW,CE,Towers with Radar,320,41,167,7,535,1,10,136,2,149,321,51,303,9,684,12,0,12,696
01/04/2001,AUS,TX,ASW,CE,Towers with Radar,307,34,115,18,474,1,7,213,11,232,308,41,328,29,706,168,0,168,874
01/05/2001,AUS,TX,ASW,CE,Towers with Radar,285,34,81,10,410,0,3,174,8,185,285,37,255,18,595,64,0,64,659
01/06/2001,AUS,TX,ASW,CE,Towers with Radar,204,44,89,14,351,1,3,227,31,262,205,47,316,45,613,80,0,80,693
01/07/2001,AUS,TX,ASW,CE,Towers with Radar,243,12,77,16,348,0,0,52,5,57,243,12,129,21,405,0,0,0,405
01/08/2001,AUS,TX,ASW,CE,Towers with Radar,283,22,86,18,409,1,7,202,3,213,284,29,288,21,622,36,0,36,658
01/09/2001,AUS,TX,ASW,CE,Towers with Radar,311,42,127,13,493,1,6,224,5,236,312,48,351,18,729,66,0,66,795
01/10/2001,AUS,TX,ASW,CE,Towers with Radar,313,48,119,1,481,1,1,2,0,4,314,49,121,1,485,0,0,0,485
01/11/2001,AUS,TX,ASW,CE,Towers with Radar,293,34,143,35,505,1,6,154,5,166,294,40,297,40,671,58,0,58,729
01/12/2001,AUS,TX,ASW,CE,Towers with Radar,312,42,166,10,530,1,0,2,0,3,313,42,168,10,533,0,0,0,533
01/13/2001,AUS,TX,ASW,CE,Towers with Radar,221,28,62,7,318,1,0,0,0,1,222,28,62,7,319,0,0,0,319
01/14/2001,AUS,TX,ASW,CE,Towers with Radar,254,16,87,5,362,1,1,182,5,189,255,17,269,10,551,18,0,18,569
01/15/2001,AUS,TX,ASW,CE,Towers with Radar,277,38,98,10,423,1,2,221,0,224,278,40,319,10,647,46,0,46,693
01/16/2001,AUS,TX,ASW,CE,Towers with Radar,295,45,129,3,472,1,3,8,0,12,296,48,137,3,484,2,0,2,486
01/17/2001,AUS,TX,ASW,CE,Towers with Radar,297,40,116,10,463,12,10,9,0,31,309,50,125,10,494,36,0,36,530
01/18/2001,AUS,TX,ASW,CE,Towers with Radar,301,35,111,10,457,1,0,8,0,9,302,35,119,10,466,68,0,68,534
01/19/2001,AUS,TX,ASW,CE,Towers with Radar,293,36,118,39,486,1,7,130,12,150,294,43,248,51,636,36,0,36,672
01/20/2001,AUS,TX,ASW,CE,Towers with Radar,205,29,59,12,305,1,0,235,15,251,206,29,294,27,556,50,0,50,606
01/21/2001,AUS,TX,ASW,CE,Towers with Radar,250,14,109,16,389,1,1,136,12,150,251,15,245,28,539,44,0,44,583
01/22/2001,AUS,TX,ASW,CE,Towers with Radar,285,37,78,15,415,1,9,194,0,204,286,46,272,15,619,42,0,42,661
01/23/2001,AUS,TX,ASW,CE,Towers with Radar,319,51,156,11,537,1,2,129,1,133,320,53,285,12,670,46,0,46,716
01/24/2001,AUS,TX,ASW,CE,Towers with Radar,311,73,158,9,551,1,11,151,3,166,312,84,309,12,717,14,0,14,731
01/25/2001,AUS,TX,ASW,CE,Towers with Radar,292,45,129,14,480,0,9,119,20,148,292,54,248,34,628,70,0,70,698
01/26/2001,AUS,TX,ASW,CE,Towers with Radar,288,50,145,20,503,1,0,98,3,102,289,50,243,23,605,12,0,12,617
01/27/2001,AUS,TX,ASW,CE,Towers with Radar,202,25,58,3,288,1,0,0,0,1,203,25,58,3,289,0,0,0,289
01/28/2001,AUS,TX,ASW,CE,Towers with Radar,234,18,52,11,315,1,0,14,0,15,235,18,66,11,330,32,0,32,362
01/29/2001,AUS,TX,ASW,CE,Towers with Radar,259,22,91,11,383,1,0,160,0,161,260,22,251,11,544,38,0,38,582
01/30/2001,AUS,TX,ASW,CE,Towers with Radar,302,29,107,7,445,1,4,245,3,253,303,33,352,10,698,54,0,54,752
01/31/2001,AUS,TX,ASW,CE,Towers with Radar,307,51,154,7,519,1,6,214,6,227,308,57,368,13,746,18,0,18,764
02/01/2001,AUS,TX,ASW,CE,Towers with Radar,303,56,133,41,533,0,15,202,22,239,303,71,335,63,772,80,0,80,852
02/02/2001,AUS,TX,ASW,CE,Towers with Radar,290,32,80,82,484,0,13,182,7,202,290,45,262,89,686,64,0,64,750
02/03/2001,AUS,TX,ASW,CE,Towers with Radar,199,25,86,7,317,27,1,183,0,211,226,26,269,7,528,144,0,144,672
02/04/2001,AUS,TX,ASW,CE,Towers with Radar,239,22,73,17,351,0,1,198,3,202,239,23,271,20,553,58,0,58,611
02/05/2001,AUS,TX,ASW,CE,Towers with Radar,281,31,99,9,420,0,10,175,2,187,281,41,274,11,607,60,0,60,667
02/06/2001,AUS,TX,ASW,CE,Towers with Radar,299,42,97,9,447,0,7,184,3,194,299,49,281,12,641,12,0,12,653
02/07/2001,AUS,TX,ASW,CE,Towers with Radar,297,52,157,41,547,0,2,50,2,54,297,54,207,43,601,46,0,46,647
02/08/2001,AUS,TX,ASW,CE,Towers with Radar,301,38,146,36,521,0,1,20,16,37,301,39,166,52,558,26,0,26,584
02/09/2001,AUS,TX,ASW,CE,Towers with Radar,302,42,122,21,487,0,13,158,13,184,302,55,280,34,671,72,0,72,743
02/10/2001,AUS,TX,ASW,CE,Towers with Radar,204,23,56,9,292,0,3,148,10,161,204,26,204,19,453,22,0,22,475
02/11/2001,AUS,TX,ASW,CE,Towers with Radar,240,19,88,5,352,0,1,50,2,53,240,20,138,7,405,38,0,38,443
02/12/2001,AUS,TX,ASW,CE,Towers with Radar,214,16,71,1,302,77,0,0,0,77,291,16,71,1,379,0,0,0,379
02/13/2001,AUS,TX,ASW,CE,Towers with Radar,307,37,141,9,494,0,1,24,1,26,307,38,165,10,520,0,0,0,520
02/14/2001,AUS,TX,ASW,CE,Towers with Radar,298,45,189,26,558,0,1,58,4,63,298,46,247,30,621,34,0,34,655
02/15/2001,AUS,TX,ASW,CE,Towers with Radar,343,41,155,20,559,0,0,22,2,24,343,41,177,22,583,124,0,124,707
02/16/2001,AUS,TX,ASW,CE,Towers with Radar,292,77,137,20,526,0,6,104,3,113,292,83,241,23,639,463,0,463,1102
02/17/2001,AUS,TX,ASW,CE,Towers with Radar,205,27,87,17,336,0,1,475,5,481,205,28,562,22,817,0,0,0,817
02/18/2001,AUS,TX,ASW,CE,Towers with Radar,191,19,84,9,303,41,0,218,0,259,232,19,302,9,562,60,0,60,622
02/19/2001,AUS,TX,ASW,CE,Towers with Radar,258,31,123,9,421,0,1,159,2,162,258,32,282,11,583,32,0,32,615
02/20/2001,AUS,TX,ASW,CE,Towers with Radar,303,35,185,20,543,0,2,134,9,145,303,37,319,29,688,26,0,26,714
02/21/2001,AUS,TX,ASW,CE,Towers with Radar,307,48,250,4,609,0,1,55,2,58,307,49,305,6,667,0,0,0,667
02/22/2001,AUS,TX,ASW,CE,Towers with Radar,311,44,198,12,565,0,1,38,10,49,311,45,236,22,614,0,0,0,614
02/23/2001,AUS,TX,ASW,CE,Towers with Radar,303,51,147,4,505,0,1,5,4,10,303,52,152,8,515,4,0,4,519
02/24/2001,AUS,TX,ASW,CE,Towers with Radar,231,31,100,7,369,0,0,81,10,91,231,31,181,17,460,58,0,58,518
02/25/2001,AUS,TX,ASW,CE,Towers with Radar,250,18,104,0,372,0,0,287,11,298,250,18,391,11,670,48,0,48,718
02/26/2001,AUS,TX,ASW,CE,Towers with Radar,303,38,153,13,507,0,0,4,46,50,303,38,157,59,557,16,0,16,573
02/27/2001,AUS,TX,ASW,CE,Towers with Radar,351,49,151,10,561,0,0,41,1,42,351,49,192,11,603,6,0,6,609
02/28/2001,AUS,TX,ASW,CE,Towers with Radar,288,38,127,7,460,29,11,12,0,52,317,49,139,7,512,8,0,8,520
03/01/2001,AUS,TX,ASW,CE,Towers with Radar,304,53,143,12,512,2,0,0,1,3,306,53,143,13,515,0,0,0,515
03/02/2001,AUS,TX,ASW,CE,Towers with Radar,297,47,129,30,503,0,0,42,5,47,297,47,171,35,550,34,0,34,584
03/03/2001,AUS,TX,ASW,CE,Towers with Radar,197,29,122,11,359,0,0,33,6,39,197,29,155,17,398,30,0,30,428
03/04/2001,AUS,TX,ASW,CE,Towers with Radar,252,13,88,4,357,0,2,217,0,219,252,15,305,4,576,24,0,24,600
03/05/2001,AUS,TX,ASW,CE,Towers with Radar,282,33,105,6,426,0,5,223,1,229,282,38,328,7,655,32,0,32,687
03/06/2001,AUS,TX,ASW,CE,Towers with Radar,303,30,125,11,469,0,21,230,7,258,303,51,355,18,727,66,0,66,793
03/07/2001,AUS,TX,ASW,CE,Towers with Radar,303,41,151,14,509,0,2,220,5,227,303,43,371,19,736,68,0,68,804
03/08/2001,AUS,TX,ASW,CE,Towers with Radar,309,55,134,9,507,0,0,36,1,37,309,55,170,10,544,8,0,8,552
03/09/2001,AUS,TX,ASW,CE,Towers with Radar,298,54,130,18,500,0,2,162,9,173,298,56,292,27,673,10,0,10,683
03/10/2001,AUS,TX,ASW,CE,Towers with Radar,204,28,88,5,325,0,0,153,13,166,204,28,241,18,491,21,0,21,512
03/11/2001,AUS,TX,ASW,CE,Towers with Radar,249,21,86,15,371,0,5,2,0,7,249,26,88,15,378,6,0,6,384
03/12/2001,AUS,TX,ASW,CE,Towers with Radar,286,34,88,14,422,1,2,225,0,228,287,36,313,14,650,32,0,32,682
03/13/2001,AUS,TX,ASW,CE,Towers with Radar,313,55,96,8,472,0,8,229,9,246,313,63,325,17,718,20,0,20,738
03/14/2001,AUS,TX,ASW,CE,Towers with Radar,338,47,143,12,540,18,34,7,0,59,356,81,150,12,599,0,0,0,599
03/15/2001,AUS,TX,ASW,CE,Towers with Radar,300,54,148,26,528,0,3,187,2,192,300,57,335,28,720,104,0,104,824
03/16/2001,AUS,TX,ASW,CE,Towers with Radar,326,47,98,4,475,0,0,344,2,346,326,47,442,6,821,28,0,28,849
03/17/2001,AUS,TX,ASW,CE,Towers with Radar,217,34,107,1,359,0,1,88,1,90,217,35,195,2,449,14,0,14,463
03/18/2001,AUS,TX,ASW,CE,Towers with Radar,247,34,97,2,380,0,0,17,1,18,247,34,114,3,398,2,0,2,400
03/19/2001,AUS,TX,ASW,CE,Towers with Radar,276,41,127,7,451,0,1,160,3,164,276,42,287,10,615,28,0,28,643
03/20/2001,AUS,TX,ASW,CE,Towers with Radar,307,31,106,7,451,0,8,243,7,258,307,39,349,14,709,52,0,52,761
03/21/2001,AUS,TX,ASW,CE,Towers with Radar,294,41,125,12,472,16,23,222,7,268,310,64,347,19,740,14,0,14,754
03/22/2001,AUS,TX,ASW,CE,Towers with Radar,305,52,97,30,484,0,3,236,7,246,305,55,333,37,730,16,0,16,746
03/23/2001,AUS,TX,ASW,CE,Towers with Radar,306,37,159,16,518,1,1,135,1,138,307,38,294,17,656,0,0,0,656
03/24/2001,AUS,TX,ASW,CE,Towers with Radar,204,18,74,10,306,1,0,52,1,54,205,18,126,11,360,44,0,44,404
03/25/2001,AUS,TX,ASW,CE,Towers with Radar,246,15,107,1,369,0,2,177,3,182,246,17,284,4,551,14,0,14,565
03/26/2001,AUS,TX,ASW,CE,Towers with Radar,278,24,152,18,472,0,4,155,1,160,278,28,307,19,632,32,0,32,664
03/27/2001,AUS,TX,ASW,CE,Towers with Radar,310,34,115,2,461,0,3,4,0,7,310,37,119,2,468,0,0,0,468
03/28/2001,AUS,TX,ASW,CE,Towers with Radar,312,45,187,1,545,0,0,3,0,3,312,45,190,1,548,4,0,4,552
03/29/2001,AUS,TX,ASW,CE,Towers with Radar,307,42,202,20,571,0,3,96,9,108,307,45,298,29,679,52,0,52,731
03/30/2001,AUS,TX,ASW,CE,Towers with Radar,306,45,128,10,489,0,4,100,5,109,306,49,228,15,598,6,0,6,604
03/31/2001,AUS,TX,ASW,CE,Towers with Radar,210,29,90,35,364,0,0,153,2,155,210,29,243,37,519,56,0,56,575
04/01/2001,AUS,TX,ASW,CE,Towers with Radar,249,12,103,12,376,0,2,135,0,137,249,14,238,12,513,72,0,72,585
04/02/2001,AUS,TX,ASW,CE,Towers with Radar,285,36,156,13,490,0,1,40,0,41,285,37,196,13,531,18,0,18,549
04/03/2001,AUS,TX,ASW,CE,Towers with Radar,314,43,180,21,558,0,4,33,0,37,314,47,213,21,595,14,0,14,609
04/04/2001,AUS,TX,ASW,CE,Towers with Radar,321,52,213,5,591,0,1,33,1,35,321,53,246,6,626,14,0,14,640
04/05/2001,AUS,TX,ASW,CE,Towers with Radar,313,40,164,15,532,0,2,121,4,127,313,42,285,19,659,28,0,28,687
04/06/2001,AUS,TX,ASW,CE,Towers with Radar,307,56,170,39,572,0,7,108,5,120,307,63,278,44,692,18,0,18,710
04/07/2001,AUS,TX,ASW,CE,Towers with Radar,200,22,98,8,328,0,2,82,11,95,200,24,180,19,423,42,0,42,465
04/08/2001,AUS,TX,ASW,CE,Towers with Radar,232,24,104,11,371,26,0,183,10,219,258,24,287,21,590,20,0,20,610
04/09/2001,AUS,TX,ASW,CE,Towers with Radar,309,22,136,9,476,0,0,134,0,134,309,22,270,9,610,60,0,60,670
04/10/2001,AUS,TX,ASW,CE,Towers with Radar,312,38,150,10,510,0,4,95,2,101,312,42,245,12,611,8,0,8,619
04/11/2001,AUS,TX,ASW,CE,Towers with Radar,307,39,138,14,498,19,0,204,22,245,326,39,342,36,743,6,0,6,749
04/12/2001,AUS,TX,ASW,CE,Towers with Radar,305,54,173,14,546,0,3,17,1,21,305,57,190,15,567,0,0,0,567
04/13/2001,AUS,TX,ASW,CE,Towers with Radar,321,45,147,9,522,0,7,82,3,92,321,52,229,12,614,50,0,50,664
04/14/2001,AUS,TX,ASW,CE,Towers with Radar,215,23,65,1,304,0,0,66,1,67,215,23,131,2,371,6,0,6,377
04/15/2001,AUS,TX,ASW,CE,Towers with Radar,251,33,76,1,361,0,0,93,0,93,251,33,169,1,454,6,0,6,460
04/16/2001,AUS,TX,ASW,CE,Towers with Radar,313,27,107,6,453,0,0,4,91,95,313,27,111,97,548,0,0,0,548
04/17/2001,AUS,TX,ASW,CE,Towers with Radar,305,47,115,6,473,0,2,53,2,57,305,49,168,8,530,0,0,0,530
04/18/2001,AUS,TX,ASW,CE,Towers with Radar,312,45,153,12,522,0,8,215,13,236,312,53,368,25,758,90,0,90,848
04/19/2001,AUS,TX,ASW,CE,Towers with Radar,337,48,168,16,569,0,9,107,11,127,337,57,275,27,696,52,0,52,748
04/20/2001,AUS,TX,ASW,CE,Towers with Radar,301,48,155,7,511,0,7,72,7,86,301,55,227,14,597,16,0,16,613
04/21/2001,AUS,TX,ASW,CE,Towers with Radar,211,27,95,2,335,0,0,97,18,115,211,27,192,20,450,18,0,18,468
04/22/2001,AUS,TX,ASW,CE,Towers with Radar,249,17,91,10,367,0,2,73,4,79,249,19,164,14,446,22,0,22,468
04/23/2001,AUS,TX,ASW,CE,Towers with Radar,295,35,100,9,439,0,2,29,3,34,295,37,129,12,473,24,0,24,497
04/24/2001,AUS,TX,ASW,CE,Towers with Radar,315,40,147,10,512,0,2,220,16,238,315,42,367,26,750,30,0,30,780
04/25/2001,AUS,TX,ASW,CE,Towers with Radar,318,61,104,21,504,0,8,235,21,264,318,69,339,42,768,56,0,56,824
04/26/2001,AUS,TX,ASW,CE,Towers with Radar,318,40,133,38,529,0,14,233,7,254,318,54,366,45,783,64,0,64,847
04/27/2001,AUS,TX,ASW,CE,Towers with Radar,312,45,134,37,528,0,1,257,12,270,312,46,391,49,798,52,0,52,850
04/28/2001,AUS,TX,ASW,CE,Towers with Radar,213,23,44,9,289,0,0,223,0,223,213,23,267,9,512,14,0,14,526
04/29/2001,AUS,TX,ASW,CE,Towers with Radar,250,21,88,7,366,0,2,195,0,197,250,23,283,7,563,40,0,40,603
04/30/2001,AUS,TX,ASW,CE,Towers with Radar,290,27,115,3,435,0,1,134,0,135,290,28,249,3,570,44,0,44,614
05/01/2001,AUS,TX,ASW,CE,Towers with Radar,317,40,108,14,479,1,3,146,3,153,318,43,254,17,632,20,0,20,652
05/02/2001,AUS,TX,ASW,CE,Towers with Radar,316,57,160,13,546,0,3,127,5,135,316,60,287,18,681,138,0,138,819
05/03/2001,AUS,TX,ASW,CE,Towers with Radar,313,53,178,15,559,0,4,99,4,107,313,57,277,19,666,38,0,38,704
05/04/2001,AUS,TX,ASW,CE,Towers with Radar,323,32,128,21,504,0,0,75,11,86,323,32,203,32,590,12,0,12,602
05/05/2001,AUS,TX,ASW,CE,Towers with Radar,233,24,80,15,352,0,1,63,8,72,233,25,143,23,424,0,0,0,424
05/06/2001,AUS,TX,ASW,CE,Towers with Radar,285,27,74,9,395,0,2,55,4,61,285,29,129,13,456,20,0,20,476
05/07/2001,AUS,TX,ASW,CE,Towers with Radar,330,24,86,5,445,13,2,118,1,134,343,26,204,6,579,12,0,12,591
05/08/2001,AUS,TX,ASW,CE,Towers with Radar,314,43,173,15,545,1,1,113,2,117,315,44,286,17,662,32,0,32,694
05/09/2001,AUS,TX,ASW,CE,Towers with Radar,324,40,138,23,525,1,2,182,10,195,325,42,320,33,720,22,0,22,742
05/10/2001,AUS,TX,ASW,CE,Towers with Radar,315,43,136,13,507,1,3,171,19,194,316,46,307,32,701,12,0,12,713
05/11/2001,AUS,TX,ASW,CE,Towers with Radar,334,25,139,32,530,1,3,165,12,181,335,28,304,44,711,142,0,142,853
05/12/2001,AUS,TX,ASW,CE,Towers with Radar,220,22,77,12,331,1,0,88,4,93,221,22,165,16,424,28,0,28,452
05/13/2001,AUS,TX,ASW,CE,Towers with Radar,241,13,81,11,346,1,0,156,1,158,242,13,237,12,504,40,0,40,544
05/14/2001,AUS,TX,ASW,CE,Towers with Radar,281,25,107,17,430,1,2,199,12,214,282,27,306,29,644,96,0,96,740
05/15/2001,AUS,TX,ASW,CE,Towers with Radar,307,36,119,39,501,1,3,193,12,209,308,39,312,51,710,82,0,82,792
05/16/2001,AUS,TX,ASW,CE,Towers with Radar,332,48,100,47,527,14,3,177,4,198,346,51,277,51,725,84,0,84,809
05/17/2001,AUS,TX,ASW,CE,Towers with Radar,323,56,137,16,532,1,5,178,6,190,324,61,315,22,722,32,0,32,754
05/18/2001,AUS,TX,ASW,CE,Towers with Radar,339,39,136,27,541,1,7,153,9,170,340,46,289,36,711,60,0,60,771
05/19/2001,AUS,TX,ASW,CE,Towers with Radar,206,17,110,22,355,1,0,102,6,109,207,17,212,28,464,72,0,72,536
05/20/2001,AUS,TX,ASW,CE,Towers with Radar,262,24,103,16,405,0,0,58,3,61,262,24,161,19,466,40,0,40,506
05/21/2001,AUS,TX,ASW,CE,Towers with Radar,292,31,86,13,422,1,1,110,3,115,293,32,196,16,537,32,0,32,569
05/22/2001,AUS,TX,ASW,CE,Towers with Radar,323,47,109,11,490,1,6,226,3,236,324,53,335,14,726,44,0,44,770
05/23/2001,AUS,TX,ASW,CE,Towers with Radar,331,43,91,35,500,1,2,244,3,250,332,45,335,38,750,26,0,26,776
05/24/2001,AUS,TX,ASW,CE,Towers with Radar,306,41,112,10,469,1,3,169,2,175,307,44,281,12,644,36,0,36,680
05/25/2001,AUS,TX,ASW,CE,Towers with Radar,321,38,127,5,491,1,8,173,1,183,322,46,300,6,674,12,0,12,686
05/26/2001,AUS,TX,ASW,CE,Towers with Radar,223,27,84,9,343,10,4,73,0,87,233,31,157,9,430,4,0,4,434
05/27/2001,AUS,TX,ASW,CE,Towers with Radar,207,15,57,1,280,1,0,71,0,72,208,15,128,1,352,16,0,16,368
05/28/2001,AUS,TX,ASW,CE,Towers with Radar,239,22,69,5,335,0,1,105,0,106,239,23,174,5,441,86,0,86,527
05/29/2001,AUS,TX,ASW,CE,Towers with Radar,300,33,87,23,443,0,6,118,5,129,300,39,205,28,572,0,0,0,572
05/30/2001,AUS,TX,ASW,CE,Towers with Radar,319,44,130,9,502,6,5,163,4,178,325,49,293,13,680,30,0,30,710
05/31/2001,AUS,TX,ASW,CE,Towers with Radar,327,49,101,18,495,0,7,123,5,135,327,56,224,23,630,72,0,72,702
06/01/2001,AUS,TX,ASW,CE,Towers with Radar,333,47,110,25,515,0,8,125,35,168,333,55,235,60,683,80,0,80,763
06/02/2001,AUS,TX,ASW,CE,Towers with Radar,241,28,70,17,356,1,0,124,2,127,242,28,194,19,483,42,0,42,525
06/03/2001,AUS,TX,ASW,CE,Towers with Radar,266,21,69,68,424,1,0,116,11,128,267,21,185,79,552,20,0,20,572
06/04/2001,AUS,TX,ASW,CE,Towers with Radar,304,25,86,40,455,1,0,101,1,103,305,25,187,41,558,34,0,34,592
06/05/2001,AUS,TX,ASW,CE,Towers with Radar,345,43,122,13,523,1,5,111,3,120,346,48,233,16,643,28,0,28,671
06/06/2001,AUS,TX,ASW,CE,Towers with Radar,329,41,130,28,528,1,2,115,3,121,330,43,245,31,649,92,0,92,741
06/07/2001,AUS,TX,ASW,CE,Towers with Radar,323,59,98,9,489,1,2,109,8,120,324,61,207,17,609,56,0,56,665
06/08/2001,AUS,TX,ASW,CE,Towers with Radar,345,37,88,12,482,1,0,30,4,35,346,37,118,16,517,8,0,8,525
06/09/2001,AUS,TX,ASW,CE,Towers with Radar,233,40,63,6,342,1,0,39,8,48,234,40,102,14,390,10,0,10,400
06/10/2001,AUS,TX,ASW,CE,Towers with Radar,252,31,92,7,382,1,0,96,4,101,253,31,188,11,483,60,0,60,543
06/11/2001,AUS,TX,ASW,CE,Towers with Radar,296,38,72,10,416,0,8,181,1,190,296,46,253,11,606,44,0,44,650
06/12/2001,AUS,TX,ASW,CE,Towers with Radar,307,42,114,18,481,0,3,158,5,166,307,45,272,23,647,4,0,4,651
06/13/2001,AUS,TX,ASW,CE,Towers with Radar,312,49,140,20,521,0,6,155,8,169,312,55,295,28,690,14,0,14,704
06/14/2001,AUS,TX,ASW,CE,Towers with Radar,320,70,125,12,527,0,4,99,7,110,320,74,224,19,637,68,0,68,705
06/15/2001,AUS,TX,ASW,CE,Towers with Radar,310,45,96,27,478,0,1,166,5,172,310,46,262,32,650,84,0,84,734
06/16/2001,AUS,TX,ASW,CE,Towers with Radar,232,26,79,37,374,0,0,136,14,150,232,26,215,51,524,16,0,16,540
06/17/2001,AUS,TX,ASW,CE,Towers with Radar,263,16,56,7,342,0,0,204,8,212,263,16,260,15,554,42,0,42,596
06/18/2001,AUS,TX,ASW,CE,Towers with Radar,296,26,66,15,403,0,3,153,9,165,296,29,219,24,568,68,0,68,636
06/19/2001,AUS,TX,ASW,CE,Towers with Radar,306,45,109,12,472,0,1,198,6,205,306,46,307,18,677,28,0,28,705
06/20/2001,AUS,TX,ASW,CE,Towers with Radar,287,49,113,21,470,15,4,187,15,221,302,53,300,36,691,98,0,98,789
06/21/2001,AUS,TX,ASW,CE,Towers with Radar,337,57,101,33,528,0,5,122,3,130,337,62,223,36,658,118,0,118,776
06/22/2001,AUS,TX,ASW,CE,Towers with Radar,297,40,116,49,502,0,9,144,6,159,297,49,260,55,661,52,0,52,713
06/23/2001,AUS,TX,ASW,CE,Towers with Radar,246,29,71,1,347,0,0,146,8,154,246,29,217,9,501,74,0,74,575
06/24/2001,AUS,TX,ASW,CE,Towers with Radar,255,21,66,1,343,0,0,123,6,129,255,21,189,7,472,38,0,38,510
06/25/2001,AUS,TX,ASW,CE,Towers with Radar,287,29,86,5,407,0,1,159,4,164,287,30,245,9,571,30,0,30,601
06/26/2001,AUS,TX,ASW,CE,Towers with Radar,316,61,120,13,510,0,8,122,11,141,316,69,242,24,651,14,0,14,665
06/27/2001,AUS,TX,ASW,CE,Towers with Radar,320,50,120,49,539,0,9,142,15,166,320,59,262,64,705,52,0,52,757
06/28/2001,AUS,TX,ASW,CE,Towers with Radar,338,49,127,33,547,0,3,141,16,160,338,52,268,49,707,56,0,56,763
06/29/2001,AUS,TX,ASW,CE,Towers with Radar,310,42,69,28,449,0,0,130,7,137,310,42,199,35,586,112,0,112,698
06/30/2001,AUS,TX,ASW,CE,Towers with Radar,260,29,72,9,370,0,2,113,1,116,260,31,185,10,486,36,0,36,522
07/01/2001,AUS,TX,ASW,CE,Towers with Radar,252,18,42,3,315,0,0,35,1,36,252,18,77,4,351,6,0,6,357
07/02/2001,AUS,TX,ASW,CE,Towers with Radar,289,25,77,11,402,0,12,80,1,93,289,37,157,12,495,30,0,30,525
07/03/2001,AUS,TX,ASW,CE,Towers with Radar,278,38,78,20,414,0,3,171,6,180,278,41,249,26,594,68,0,68,662
07/04/2001,AUS,TX,ASW,CE,Towers with Radar,232,16,23,5,276,0,0,117,0,117,232,16,140,5,393,20,0,20,413
07/05/2001,AUS,TX,ASW,CE,Towers with Radar,280,43,110,3,436,0,5,167,11,183,280,48,277,14,619,20,0,20,639
07/06/2001,AUS,TX,ASW,CE,Towers with Radar,293,39,89,59,480,0,7,205,3,215,293,46,294,62,695,78,0,78,773
07/07/2001,AUS,TX,ASW,CE,Towers with Radar,227,21,47,12,307,0,0,125,0,125,227,21,172,12,432,38,0,38,470
07/08/2001,AUS,TX,ASW,CE,Towers with Radar,258,26,78,1,363,0,2,129,0,131,258,28,207,1,494,22,0,22,516
07/09/2001,AUS,TX,ASW,CE,Towers with Radar,276,42,88,12,418,0,2,180,10,192,276,44,268,22,610,42,0,42,652
07/10/2001,AUS,TX,ASW,CE,Towers with Radar,299,44,108,27,478,0,7,181,3,191,299,51,289,30,669,44,0,44,713
07/11/2001,AUS,TX,ASW,CE,Towers with Radar,295,45,78,18,436,0,11,175,17,203,295,56,253,35,639,26,0,26,665
07/12/2001,AUS,TX,ASW,CE,Towers with Radar,293,47,106,18,464,2,4,203,8,217,295,51,309,26,681,44,0,44,725
07/13/2001,AUS,TX,ASW,CE,Towers with Radar,306,39,66,36,447,0,4,195,11,210,306,43,261,47,657,74,0,74,731
07/14/2001,AUS,TX,ASW,CE,Towers with Radar,227,23,79,47,376,0,2,157,2,161,227,25,236,49,537,74,0,74,611
07/15/2001,AUS,TX,ASW,CE,Towers with Radar,268,36,66,8,378,0,2,139,5,146,268,38,205,13,524,82,0,82,606
07/16/2001,AUS,TX,ASW,CE,Towers with Radar,293,21,63,4,381,9,6,120,3,138,302,27,183,7,519,20,0,20,539
07/17/2001,AUS,TX,ASW,CE,Towers with Radar,298,44,101,13,456,0,16,123,2,141,298,60,224,15,597,16,0,16,613
07/18/2001,AUS,TX,ASW,CE,Towers with Radar,327,46,87,32,492,0,3,198,3,204,327,49,285,35,696,34,0,34,730
07/19/2001,AUS,TX,ASW,CE,Towers with Radar,306,41,114,34,495,0,3,171,11,185,306,44,285,45,680,50,0,50,730
07/20/2001,AUS,TX,ASW,CE,Towers with Radar,296,41,67,24,428,0,5,172,8,185,296,46,239,32,613,118,0,118,731
07/21/2001,AUS,TX,ASW,CE,Towers with Radar,239,28,56,27,350,0,4,155,7,166,239,32,211,34,516,56,0,56,572
07/22/2001,AUS,TX,ASW,CE,Towers with Radar,247,25,58,12,342,0,2,112,8,122,247,27,170,20,464,44,0,44,508
07/23/2001,AUS,TX,ASW,CE,Towers with Radar,283,29,63,24,399,0,5,146,8,159,283,34,209,32,558,150,0,150,708
07/24/2001,AUS,TX,ASW,CE,Towers with Radar,303,41,87,21,452,0,5,180,1,186,303,46,267,22,638,46,0,46,684
07/25/2001,AUS,TX,ASW,CE,Towers with Radar,314,38,121,54,527,0,6,201,13,220,314,44,322,67,747,86,0,86,833
07/26/2001,AUS,TX,ASW,CE,Towers with Radar,311,51,137,68,567,0,3,143,6,152,311,54,280,74,719,92,0,92,811
07/27/2001,AUS,TX,ASW,CE,Towers with Radar,302,41,79,71,493,0,5,151,3,159,302,46,230,74,652,48,0,48,700
07/28/2001,AUS,TX,ASW,CE,Towers with Radar,240,27,63,7,337,12,4,108,6,130,252,31,171,13,467,66,0,66,533
07/29/2001,AUS,TX,ASW,CE,Towers with Radar,249,19,54,13,335,0,0,123,6,129,249,19,177,19,464,40,0,40,504
07/30/2001,AUS,TX,ASW,CE,Towers with Radar,292,25,57,36,410,0,8,160,3,171,292,33,217,39,581,36,0,36,617
07/31/2001,AUS,TX,ASW,CE,Towers with Radar,309,40,108,42,499,0,8,140,4,152,309,48,248,46,651,50,0,50,701
08/01/2001,AUS,TX,ASW,CE,Towers with Radar,323,36,67,24,450,1,0,187,9,197,324,36,254,33,647,66,0,66,713
08/02/2001,AUS,TX,ASW,CE,Towers with Radar,300,42,107,24,473,1,7,162,14,184,301,49,269,38,657,48,0,48,705
08/03/2001,AUS,TX,ASW,CE,Towers with Radar,308,55,85,8,456,1,1,146,8,156,309,56,231,16,612,28,0,28,640
08/04/2001,AUS,TX,ASW,CE,Towers with Radar,226,20,73,22,341,1,5,172,7,185,227,25,245,29,526,64,0,64,590
08/05/2001,AUS,TX,ASW,CE,Towers with Radar,257,19,60,16,352,1,1,170,12,184,258,20,230,28,536,16,0,16,552
08/06/2001,AUS,TX,ASW,CE,Towers with Radar,314,25,87,20,446,1,4,151,5,161,315,29,238,25,607,50,0,50,657
08/07/2001,AUS,TX,ASW,CE,Towers with Radar,315,49,96,18,478,1,6,124,2,133,316,55,220,20,611,32,0,32,643
08/08/2001,AUS,TX,ASW,CE,Towers with Radar,331,42,108,24,505,0,5,152,0,157,331,47,260,24,662,128,0,128,790
08/09/2001,AUS,TX,ASW,CE,Towers with Radar,317,47,118,15,497,0,3,156,16,175,317,50,274,31,672,26,0,26,698
08/10/2001,AUS,TX,ASW,CE,Towers with Radar,327,36,110,9,482,0,1,193,17,211,327,37,303,26,693,66,0,66,759
08/11/2001,AUS,TX,ASW,CE,Towers with Radar,230,21,44,36,331,0,1,138,30,169,230,22,182,66,500,64,0,64,564
08/12/2001,AUS,TX,ASW,CE,Towers with Radar,254,21,60,14,349,0,0,137,9,146,254,21,197,23,495,18,0,18,513
08/13/2001,AUS,TX,ASW,CE,Towers with Radar,291,28,74,33,426,0,2,113,9,124,291,30,187,42,550,68,0,68,618
08/14/2001,AUS,TX,ASW,CE,Towers with Radar,311,41,102,14,468,0,6,104,4,114,311,47,206,18,582,14,0,14,596
08/15/2001,AUS,TX,ASW,CE,Towers with Radar,302,38,100,49,489,0,6,196,8,210,302,44,296,57,699,62,0,62,761
08/16/2001,AUS,TX,ASW,CE,Towers with Radar,309,52,85,46,492,0,8,94,7,109,309,60,179,53,601,0,0,0,601
08/17/2001,AUS,TX,ASW,CE,Towers with Radar,310,42,79,58,489,0,5,153,4,162,310,47,232,62,651,62,0,62,713
08/18/2001,AUS,TX,ASW,CE,Towers with Radar,224,26,51,9,310,0,3,151,7,161,224,29,202,16,471,42,0,42,513
08/19/2001,AUS,TX,ASW,CE,Towers with Radar,258,13,46,7,324,0,0,61,16,77,258,13,107,23,401,14,0,14,415
08/20/2001,AUS,TX,ASW,CE,Towers with Radar,288,35,72,5,400,0,3,134,1,138,288,38,206,6,538,14,0,14,552
08/21/2001,AUS,TX,ASW,CE,Towers with Radar,322,47,147,28,544,0,7,174,3,184,322,54,321,31,728,88,0,88,816
08/22/2001,AUS,TX,ASW,CE,Towers with Radar,316,47,143,37,543,0,5,159,10,174,316,52,302,47,717,72,0,72,789
08/23/2001,AUS,TX,ASW,CE,Towers with Radar,316,39,94,6,455,0,0,122,11,133,316,39,216,17,588,100,0,100,688
08/24/2001,AUS,TX,ASW,CE,Towers with Radar,315,41,112,50,518,0,0,169,7,176,315,41,281,57,694,112,0,112,806
08/25/2001,AUS,TX,ASW,CE,Towers with Radar,233,21,74,24,352,0,4,161,3,168,233,25,235,27,520,56,0,56,576
08/26/2001,AUS,TX,ASW,CE,Towers with Radar,286,27,60,8,381,0,0,63,10,73,286,27,123,18,454,34,0,34,488
08/27/2001,AUS,TX,ASW,CE,Towers with Radar,296,38,93,17,444,0,2,47,3,52,296,40,140,20,496,18,0,18,514
08/28/2001,AUS,TX,ASW,CE,Towers with Radar,315,52,151,17,535,0,2,28,2,32,315,54,179,19,567,30,0,30,597
08/29/2001,AUS,TX,ASW,CE,Towers with Radar,311,46,161,4,522,0,0,16,3,19,311,46,177,7,541,26,0,26,567
08/30/2001,AUS,TX,ASW,CE,Towers with Radar,308,44,133,6,491,0,0,5,0,5,308,44,138,6,496,0,0,0,496
08/31/2001,AUS,TX,ASW,CE,Towers with Radar,311,40,110,14,475,0,3,19,0,22,311,43,129,14,497,4,0,4,501
09/01/2001,AUS,TX,ASW,CE,Towers with Radar,194,26,98,2,320,2,3,55,0,60,196,29,153,2,380,28,0,28,408
09/02/2001,AUS,TX,ASW,CE,Towers with Radar,142,7,63,1,213,51,0,55,0,106,193,7,118,1,319,28,0,28,347
09/03/2001,AUS,TX,ASW,CE,Towers with Radar,315,29,100,1,445,0,0,100,3,103,315,29,200,4,548,6,0,6,554
09/04/2001,AUS,TX,ASW,CE,Towers with Radar,309,31,128,28,496,4,1,76,2,83,313,32,204,30,579,50,0,50,629
09/05/2001,AUS,TX,ASW,CE,Towers with Radar,326,58,114,3,501,0,2,39,1,42,326,60,153,4,543,8,0,8,551
09/06/2001,AUS,TX,ASW,CE,Towers with Radar,313,51,115,9,488,0,4,121,9,134,313,55,236,18,622,64,0,64,686
09/07/2001,AUS,TX,ASW,CE,Towers with Radar,325,49,141,24,539,0,6,169,8,183,325,55,310,32,722,62,0,62,784
09/08/2001,AUS,TX,ASW,CE,Towers with Radar,253,28,155,40,476,0,1,150,23,174,253,29,305,63,650,66,0,66,716
09/09/2001,AUS,TX,ASW,CE,Towers with Radar,262,21,111,13,407,0,0,47,6,53,262,21,158,19,460,24,0,24,484
09/10/2001,AUS,TX,ASW,CE,Towers with Radar,278,28,90,23,419,0,1,111,2,114,278,29,201,25,533,56,0,56,589
09/11/2001,AUS,TX,ASW,CE,Towers with Radar,68,14,14,0,96,0,4,14,0,18,68,18,28,0,114,0,0,0,114
09/12/2001,AUS,TX,ASW,CE,Towers with Radar,0,0,0,0,0,0,0,0,2,2,0,0,0,2,2,0,0,0,2
09/13/2001,AUS,TX,ASW,CE,Towers with Radar,41,42,0,6,89,0,6,0,5,11,41,48,0,11,100,0,0,0,100
09/14/2001,AUS,TX,ASW,CE,Towers with Radar,157,63,29,24,273,0,6,2,10,18,157,69,31,34,291,48,0,48,339
09/15/2001,AUS,TX,ASW,CE,Towers with Radar,172,20,85,35,312,0,1,3,10,14,172,21,88,45,326,0,0,0,326
09/16/2001,AUS,TX,ASW,CE,Towers with Radar,219,20,62,15,316,0,4,1,10,15,219,24,63,25,331,48,0,48,379
09/17/2001,AUS,TX,ASW,CE,Towers with Radar,244,31,137,23,435,0,1,2,1,4,244,32,139,24,439,52,0,52,491
09/18/2001,AUS,TX,ASW,CE,Towers with Radar,299,67,198,12,576,0,5,2,2,9,299,72,200,14,585,22,0,22,607
09/19/2001,AUS,TX,ASW,CE,Towers with Radar,306,65,159,22,552,0,27,22,7,56,306,92,181,29,608,6,0,6,614
09/20/2001,AUS,TX,ASW,CE,Towers with Radar,305,79,157,23,564,0,4,36,10,50,305,83,193,33,614,78,0,78,692
09/21/2001,AUS,TX,ASW,CE,Towers with Radar,279,128,136,26,569,0,0,45,2,47,279,128,181,28,616,44,0,44,660
09/22/2001,AUS,TX,ASW,CE,Towers with Radar,210,15,53,0,278,0,0,36,2,38,210,15,89,2,316,10,0,10,326
09/23/2001,AUS,TX,ASW,CE,Towers with Radar,227,20,93,8,348,0,0,80,0,80,227,20,173,8,428,34,0,34,462
09/24/2001,AUS,TX,ASW,CE,Towers with Radar,249,41,104,32,426,0,0,84,1,85,249,41,188,33,511,54,0,54,565
09/25/2001,AUS,TX,ASW,CE,Towers with Radar,274,56,127,36,493,0,5,154,2,161,274,61,281,38,654,48,0,48,702
09/26/2001,AUS,TX,ASW,CE,Towers with Radar,282,50,126,12,470,0,27,183,0,210,282,77,309,12,680,40,0,40,720
09/27/2001,AUS,TX,ASW,CE,Towers with Radar,286,63,110,13,472,0,3,147,3,153,286,66,257,16,625,60,0,60,685
09/28/2001,AUS,TX,ASW,CE,Towers with Radar,269,72,170,12,523,0,2,183,1,186,269,74,353,13,709,14,0,14,723
09/29/2001,AUS,TX,ASW,CE,Towers with Radar,202,26,134,4,366,1,0,136,0,137,203,26,270,4,503,52,0,52,555
09/30/2001,AUS,TX,ASW,CE,Towers with Radar,229,37,161,2,429,0,0,176,0,176,229,37,337,2,605,14,0,14,619
10/01/2001,AUS,TX,ASW,CE,Towers with Radar,254,46,81,30,411,0,6,127,5,138,254,52,208,35,549,36,0,36,585
10/02/2001,AUS,TX,ASW,CE,Towers with Radar,273,64,107,18,462,0,9,151,6,166,273,73,258,24,628,48,0,48,676
10/03/2001,AUS,TX,ASW,CE,Towers with Radar,278,63,124,18,483,0,7,113,24,144,278,70,237,42,627,168,0,168,795
10/04/2001,AUS,TX,ASW,CE,Towers with Radar,282,60,143,33,518,0,1,102,12,115,282,61,245,45,633,50,0,50,683
10/05/2001,AUS,TX,ASW,CE,Towers with Radar,295,58,143,27,523,0,16,31,22,69,295,74,174,49,592,78,0,78,670
10/06/2001,AUS,TX,ASW,CE,Towers with Radar,202,33,80,10,325,0,0,121,3,124,202,33,201,13,449,44,0,44,493
10/07/2001,AUS,TX,ASW,CE,Towers with Radar,201,22,87,6,316,31,0,156,0,187,232,22,243,6,503,40,0,40,543
10/08/2001,AUS,TX,ASW,CE,Towers with Radar,258,40,173,9,480,0,1,69,3,73,258,41,242,12,553,34,0,34,587
10/09/2001,AUS,TX,ASW,CE,Towers with Radar,286,55,140,60,541,0,1,58,18,77,286,56,198,78,618,90,0,90,708
10/10/2001,AUS,TX,ASW,CE,Towers with Radar,288,58,95,29,470,0,4,46,10,60,288,62,141,39,530,34,0,34,564
10/11/2001,AUS,TX,ASW,CE,Towers with Radar,315,59,131,6,511,0,5,74,9,88,315,64,205,15,599,52,0,52,651
10/12/2001,AUS,TX,ASW,CE,Towers with Radar,315,53,128,11,507,0,0,28,5,33,315,53,156,16,540,0,0,0,540
10/13/2001,AUS,TX,ASW,CE,Towers with Radar,219,26,76,23,344,0,2,78,9,89,219,28,154,32,433,28,0,28,461
10/14/2001,AUS,TX,ASW,CE,Towers with Radar,229,38,99,8,374,5,0,144,0,149,234,38,243,8,523,22,0,22,545
10/15/2001,AUS,TX,ASW,CE,Towers with Radar,249,41,123,26,439,0,2,131,2,135,249,43,254,28,574,40,0,40,614
10/16/2001,AUS,TX,ASW,CE,Towers with Radar,276,38,140,23,477,0,0,160,3,163,276,38,300,26,640,36,0,36,676
10/17/2001,AUS,TX,ASW,CE,Towers with Radar,276,48,120,23,467,12,9,144,11,176,288,57,264,34,643,62,0,62,705
10/18/2001,AUS,TX,ASW,CE,Towers with Radar,288,59,135,35,517,0,12,153,17,182,288,71,288,52,699,74,0,74,773
10/19/2001,AUS,TX,ASW,CE,Towers with Radar,285,60,122,49,516,0,6,162,3,171,285,66,284,52,687,12,0,12,699
10/20/2001,AUS,TX,ASW,CE,Towers with Radar,217,30,120,0,367,0,1,143,7,151,217,31,263,7,518,26,0,26,544
10/21/2001,AUS,TX,ASW,CE,Towers with Radar,230,43,115,12,400,0,1,114,0,115,230,44,229,12,515,28,0,28,543
10/22/2001,AUS,TX,ASW,CE,Towers with Radar,268,30,128,7,433,0,4,122,0,126,268,34,250,7,559,28,0,28,587
10/23/2001,AUS,TX,ASW,CE,Towers with Radar,289,49,139,12,489,0,4,136,6,146,289,53,275,18,635,52,0,52,687
10/24/2001,AUS,TX,ASW,CE,Towers with Radar,289,53,114,47,503,0,15,119,4,138,289,68,233,51,641,82,0,82,723
10/25/2001,AUS,TX,ASW,CE,Towers with Radar,288,49,144,6,487,0,10,189,12,211,288,59,333,18,698,14,0,14,712
10/26/2001,AUS,TX,ASW,CE,Towers with Radar,288,52,128,33,501,0,1,204,8,213,288,53,332,41,714,118,0,118,832
10/27/2001,AUS,TX,ASW,CE,Towers with Radar,214,26,71,6,317,0,0,184,12,196,214,26,255,18,513,32,0,32,545
10/28/2001,AUS,TX,ASW,CE,Towers with Radar,212,26,78,7,323,0,1,168,6,175,212,27,246,13,498,52,0,52,550
10/29/2001,AUS,TX,ASW,CE,Towers with Radar,256,31,76,41,404,0,2,144,8,154,256,33,220,49,558,100,0,100,658
10/30/2001,AUS,TX,ASW,CE,Towers with Radar,280,56,154,31,521,0,3,156,10,169,280,59,310,41,690,74,0,74,764
10/31/2001,AUS,TX,ASW,CE,Towers with Radar,295,55,128,25,503,0,2,116,4,122,295,57,244,29,625,14,0,14,639
11/01/2001,AUS,TX,ASW,CE,Towers with Radar,278,49,162,23,512,0,7,103,4,114,278,56,265,27,626,4,0,4,630
11/02/2001,AUS,TX,ASW,CE,Towers with Radar,268,46,126,18,458,0,4,89,11,104,268,50,215,29,562,40,0,40,602
11/03/2001,AUS,TX,ASW,CE,Towers with Radar,194,30,56,0,280,0,2,102,3,107,194,32,158,3,387,34,0,34,421
11/04/2001,AUS,TX,ASW,CE,Towers with Radar,218,17,85,4,324,0,4,129,15,148,218,21,214,19,472,48,0,48,520
11/05/2001,AUS,TX,ASW,CE,Towers with Radar,247,55,88,16,406,0,8,130,2,140,247,63,218,18,546,38,0,38,584
11/06/2001,AUS,TX,ASW,CE,Towers with Radar,284,57,126,37,504,0,5,189,6,200,284,62,315,43,704,96,0,96,800
11/07/2001,AUS,TX,ASW,CE,Towers with Radar,274,62,118,21,475,0,8,180,3,191,274,70,298,24,666,52,0,52,718
11/08/2001,AUS,TX,ASW,CE,Towers with Radar,279,71,136,93,579,0,4,108,12,124,279,75,244,105,703,56,0,56,759
11/09/2001,AUS,TX,ASW,CE,Towers with Radar,286,62,176,40,564,0,2,81,4,87,286,64,257,44,651,104,0,104,755
11/10/2001,AUS,TX,ASW,CE,Towers with Radar,185,39,140,3,367,0,0,126,1,127,185,39,266,4,494,16,0,16,510
11/11/2001,AUS,TX,ASW,CE,Towers with Radar,221,20,110,1,352,0,0,65,0,65,221,20,175,1,417,14,0,14,431
11/12/2001,AUS,TX,ASW,CE,Towers with Radar,232,48,113,9,402,0,0,42,0,42,232,48,155,9,444,4,0,4,448
11/13/2001,AUS,TX,ASW,CE,Towers with Radar,269,54,128,16,467,0,1,81,0,82,269,55,209,16,549,80,0,80,629
11/14/2001,AUS,TX,ASW,CE,Towers with Radar,311,68,154,16,549,0,9,46,2,57,311,77,200,18,606,2,0,2,608
11/15/2001,AUS,TX,ASW,CE,Towers with Radar,279,52,111,0,442,0,0,6,3,9,279,52,117,3,451,0,0,0,451
11/16/2001,AUS,TX,ASW,CE,Towers with Radar,275,68,126,15,484,0,5,37,9,51,275,73,163,24,535,6,0,6,541
11/17/2001,AUS,TX,ASW,CE,Towers with Radar,187,27,88,3,305,0,0,71,19,90,187,27,159,22,395,4,0,4,399
11/18/2001,AUS,TX,ASW,CE,Towers with Radar,212,17,82,11,322,0,0,89,5,94,212,17,171,16,416,26,0,26,442
11/19/2001,AUS,TX,ASW,CE,Towers with Radar,232,58,88,13,391,0,0,26,0,26,232,58,114,13,417,0,0,0,417
11/20/2001,AUS,TX,ASW,CE,Towers with Radar,270,71,121,39,501,0,12,209,12,233,270,83,330,51,734,130,0,130,864
11/21/2001,AUS,TX,ASW,CE,Towers with Radar,267,63,128,7,465,0,5,159,2,166,267,68,287,9,631,18,0,18,649
11/22/2001,AUS,TX,ASW,CE,Towers with Radar,139,25,61,0,225,32,0,28,0,60,171,25,89,0,285,24,0,24,309
11/23/2001,AUS,TX,ASW,CE,Towers with Radar,183,39,73,0,295,0,6,122,1,129,183,45,195,1,424,0,0,0,424
11/24/2001,AUS,TX,ASW,CE,Towers with Radar,176,30,57,0,263,0,2,115,1,118,176,32,172,1,381,36,0,36,417
11/25/2001,AUS,TX,ASW,CE,Towers with Radar,204,44,115,0,363,0,0,150,0,150,204,44,265,0,513,36,0,36,549
11/26/2001,AUS,TX,ASW,CE,Towers with Radar,256,61,98,22,437,0,4,71,3,78,256,65,169,25,515,28,0,28,543
11/27/2001,AUS,TX,ASW,CE,Towers with Radar,280,64,99,12,455,0,6,51,1,58,280,70,150,13,513,28,0,28,541
11/28/2001,AUS,TX,ASW,CE,Towers with Radar,263,55,88,1,407,0,0,8,1,9,263,55,96,2,416,0,0,0,416
11/29/2001,AUS,TX,ASW,CE,Towers with Radar,285,73,99,42,499,0,2,137,15,154,285,75,236,57,653,64,0,64,717
11/30/2001,AUS,TX,ASW,CE,Towers with Radar,286,49,136,14,485,0,13,189,20,222,286,62,325,34,707,20,0,20,727
12/01/2001,AUS,TX,ASW,CE,Towers with Radar,187,30,78,4,299,0,3,94,5,102,187,33,172,9,401,20,0,20,421
12/02/2001,AUS,TX,ASW,CE,Towers with Radar,203,35,97,13,348,0,0,2,2,4,203,35,99,15,352,0,0,0,352
12/03/2001,AUS,TX,ASW,CE,Towers with Radar,247,34,109,0,390,0,0,3,2,5,247,34,112,2,395,0,0,0,395
12/04/2001,AUS,TX,ASW,CE,Towers with Radar,280,68,166,23,537,0,5,47,11,63,280,73,213,34,600,38,0,38,638
12/05/2001,AUS,TX,ASW,CE,Towers with Radar,290,80,169,54,593,0,8,107,10,125,290,88,276,64,718,170,0,170,888
12/06/2001,AUS,TX,ASW,CE,Towers with Radar,278,56,156,29,519,0,6,85,13,104,278,62,241,42,623,50,0,50,673
12/07/2001,AUS,TX,ASW,CE,Towers with Radar,286,63,128,23,500,0,5,39,0,44,286,68,167,23,544,20,0,20,564
12/08/2001,AUS,TX,ASW,CE,Towers with Radar,195,37,58,13,303,0,3,55,1,59,195,40,113,14,362,4,0,4,366
12/09/2001,AUS,TX,ASW,CE,Towers with Radar,218,24,68,1,311,0,4,131,1,136,218,28,199,2,447,8,0,8,455
12/10/2001,AUS,TX,ASW,CE,Towers with Radar,249,48,87,19,403,0,5,162,0,167,249,53,249,19,570,48,0,48,618
12/11/2001,AUS,TX,ASW,CE,Towers with Radar,281,78,112,2,473,0,1,10,1,12,281,79,122,3,485,6,0,6,491
12/12/2001,AUS,TX,ASW,CE,Towers with Radar,262,62,123,25,472,0,8,44,12,64,262,70,167,37,536,0,0,0,536
12/13/2001,AUS,TX,ASW,CE,Towers with Radar,288,60,126,38,512,0,5,71,10,86,288,65,197,48,598,49,0,49,647
12/14/2001,AUS,TX,ASW,CE,Towers with Radar,272,44,108,27,451,0,12,180,6,198,272,56,288,33,649,50,0,50,699
12/15/2001,AUS,TX,ASW,CE,Towers with Radar,192,24,82,1,299,0,0,10,0,10,192,24,92,1,309,4,0,4,313
12/16/2001,AUS,TX,ASW,CE,Towers with Radar,230,19,53,13,315,0,0,6,4,10,230,19,59,17,325,14,0,14,339
12/17/2001,AUS,TX,ASW,CE,Towers with Radar,251,34,80,11,376,0,0,175,8,183,251,34,255,19,559,82,0,82,641
12/18/2001,AUS,TX,ASW,CE,Towers with Radar,292,55,123,33,503,0,2,181,4,187,292,57,304,37,690,26,0,26,716
12/19/2001,AUS,TX,ASW,CE,Towers with Radar,280,50,89,39,458,0,1,187,7,195,280,51,276,46,653,26,0,26,679
12/20/2001,AUS,TX,ASW,CE,Towers with Radar,285,43,71,6,405,0,15,190,3,208,285,58,261,9,613,32,0,32,645
12/21/2001,AUS,TX,ASW,CE,Towers with Radar,273,58,115,12,458,0,4,112,1,117,273,62,227,13,575,4,0,4,579
12/22/2001,AUS,TX,ASW,CE,Towers with Radar,202,33,58,0,293,0,0,64,0,64,202,33,122,0,357,0,0,0,357
12/23/2001,AUS,TX,ASW,CE,Towers with Radar,188,16,47,0,251,0,0,146,0,146,188,16,193,0,397,16,0,16,413
12/24/2001,AUS,TX,ASW,CE,Towers with Radar,134,23,47,1,205,49,4,72,0,125,183,27,119,1,330,6,0,6,336
12/25/2001,AUS,TX,ASW,CE,Towers with Radar,173,9,10,0,192,0,0,70,0,70,173,9,80,0,262,14,0,14,276
12/26/2001,AUS,TX,ASW,CE,Towers with Radar,272,41,70,2,385,0,7,110,1,118,272,48,180,3,503,20,0,20,523
12/27/2001,AUS,TX,ASW,CE,Towers with Radar,256,49,68,21,394,0,4,113,9,126,256,53,181,30,520,26,0,26,546
12/28/2001,AUS,TX,ASW,CE,Towers with Radar,261,34,57,16,368,0,2,110,5,117,261,36,167,21,485,66,0,66,551
12/29/2001,AUS,TX,ASW,CE,Towers with Radar,196,25,32,0,253,0,12,102,2,116,196,37,134,2,369,0,0,0,369
12/30/2001,AUS,TX,ASW,CE,Towers with Radar,195,23,36,0,254,0,2,96,0,98,195,25,132,0,352,42,0,42,394
12/31/2001,AUS,TX,ASW,CE,Towers with Radar,191,24,34,0,249,0,15,59,0,74,191,39,93,0,323,14,0,14,337
01/01/2002,AUS,TX,ASW,CE,Towers with Radar,172,21,23,0,216,0,0,8,0,8,172,21,31,0,224,0,0,0,224
01/02/2002,AUS,TX,ASW,CE,Towers with Radar,259,52,88,6,405,0,6,90,4,100,259,58,178,10,505,4,0,4,509
01/03/2002,AUS,TX,ASW,CE,Towers with Radar,263,51,64,24,402,0,11,140,4,155,263,62,204,28,557,76,0,76,633
01/04/2002,AUS,TX,ASW,CE,Towers with Radar,269,55,96,30,450,0,2,74,8,84,269,57,170,38,534,60,0,60,594
01/05/2002,AUS,TX,ASW,CE,Towers with Radar,196,30,52,3,281,0,3,31,3,37,196,33,83,6,318,12,0,12,330
01/06/2002,AUS,TX,ASW,CE,Towers with Radar,210,28,74,0,312,0,3,102,16,121,210,31,176,16,433,38,0,38,471
01/07/2002,AUS,TX,ASW,CE,Towers with Radar,257,45,73,1,376,0,5,140,1,146,257,50,213,2,522,26,0,26,548
01/08/2002,AUS,TX,ASW,CE,Towers with Radar,266,34,72,19,391,0,7,156,15,178,266,41,228,34,569,18,0,18,587
01/09/2002,AUS,TX,ASW,CE,Towers with Radar,275,46,108,16,445,0,1,151,18,170,275,47,259,34,615,24,0,24,639
01/10/2002,AUS,TX,ASW,CE,Towers with Radar,266,66,161,38,531,0,3,102,13,118,266,69,263,51,649,94,0,94,743
01/11/2002,AUS,TX,ASW,CE,Towers with Radar,259,47,106,33,445,0,3,140,19,162,259,50,246,52,607,70,0,70,677
01/12/2002,AUS,TX,ASW,CE,Towers with Radar,182,28,69,9,288,0,2,164,11,177,182,30,233,20,465,70,0,70,535
01/13/2002,AUS,TX,ASW,CE,Towers with Radar,203,30,62,11,306,0,0,136,19,155,203,30,198,30,461,12,0,12,473
01/14/2002,AUS,TX,ASW,CE,Towers with Radar,247,28,84,24,383,0,4,150,10,164,247,32,234,34,547,84,0,84,631
01/15/2002,AUS,TX,ASW,CE,Towers with Radar,257,40,75,31,403,0,3,194,4,201,257,43,269,35,604,64,0,64,668
01/16/2002,AUS,TX,ASW,CE,Towers with Radar,269,56,127,16,468,0,0,122,11,133,269,56,249,27,601,40,0,40,641
01/17/2002,AUS,TX,ASW,CE,Towers with Radar,278,52,169,36,535,0,3,39,2,44,278,55,208,38,579,34,0,34,613
01/18/2002,AUS,TX,ASW,CE,Towers with Radar,266,71,232,67,636,0,0,24,0,24,266,71,256,67,660,22,0,22,682
01/19/2002,AUS,TX,ASW,CE,Towers with Radar,205,28,75,0,308,6,3,135,0,144,211,31,210,0,452,30,0,30,482
01/20/2002,AUS,TX,ASW,CE,Towers with Radar,217,22,70,0,309,14,1,105,2,122,231,23,175,2,431,52,0,52,483
01/21/2002,AUS,TX,ASW,CE,Towers with Radar,271,34,69,6,380,0,3,189,0,192,271,37,258,6,572,34,0,34,606
01/22/2002,AUS,TX,ASW,CE,Towers with Radar,268,41,131,8,448,0,0,9,0,9,268,41,140,8,457,12,0,12,469
01/23/2002,AUS,TX,ASW,CE,Towers with Radar,282,48,156,52,538,0,2,73,5,80,282,50,229,57,618,76,0,76,694
01/24/2002,AUS,TX,ASW,CE,Towers with Radar,280,57,123,4,464,0,3,45,5,53,280,60,168,9,517,2,0,2,519
01/25/2002,AUS,TX,ASW,CE,Towers with Radar,266,54,125,19,464,0,13,240,4,257,266,67,365,23,721,94,0,94,815
01/26/2002,AUS,TX,ASW,CE,Towers with Radar,192,15,81,27,315,0,0,236,0,236,192,15,317,27,551,38,0,38,589
01/27/2002,AUS,TX,ASW,CE,Towers with Radar,220,26,67,10,323,0,168,168,1,337,220,194,235,11,660,24,0,24,684
01/28/2002,AUS,TX,ASW,CE,Towers with Radar,248,35,126,20,429,0,9,29,6,44,248,44,155,26,473,4,0,4,477
01/29/2002,AUS,TX,ASW,CE,Towers with Radar,274,43,110,43,470,0,3,75,10,88,274,46,185,53,558,60,0,60,618
01/30/2002,AUS,TX,ASW,CE,Towers with Radar,267,49,102,58,476,0,0,86,4,90,267,49,188,62,566,38,0,38,604
01/31/2002,AUS,TX,ASW,CE,Towers with Radar,274,46,93,13,426,0,8,80,4,92,274,54,173,17,518,14,0,14,532
02/01/2002,AUS,TX,ASW,CE,Towers with Radar,266,37,117,20,440,0,9,159,10,178,266,46,276,30,618,4,0,4,622
02/02/2002,AUS,TX,ASW,CE,Towers with Radar,189,17,47,2,255,0,2,186,16,204,189,19,233,18,459,32,0,32,491
02/03/2002,AUS,TX,ASW,CE,Towers with Radar,211,21,59,7,298,0,1,136,10,147,211,22,195,17,445,38,0,38,483
02/04/2002,AUS,TX,ASW,CE,Towers with Radar,248,43,104,41,436,0,6,98,7,111,248,49,202,48,547,38,0,38,585
02/05/2002,AUS,TX,ASW,CE,Towers with Radar,245,60,99,2,406,0,1,4,1,6,245,61,103,3,412,6,0,6,418
02/06/2002,AUS,TX,ASW,CE,Towers with Radar,276,45,117,21,459,0,4,75,1,80,276,49,192,22,539,2,0,2,541
02/07/2002,AUS,TX,ASW,CE,Towers with Radar,281,48,102,21,452,0,4,199,2,205,281,52,301,23,657,10,0,10,667
02/08/2002,AUS,TX,ASW,CE,Towers with Radar,276,48,153,10,487,0,4,236,5,245,276,52,389,15,732,12,0,12,744
02/09/2002,AUS,TX,ASW,CE,Towers with Radar,203,23,64,1,291,0,4,170,8,182,203,27,234,9,473,60,0,60,533
02/10/2002,AUS,TX,ASW,CE,Towers with Radar,231,24,72,3,330,0,1,78,1,80,231,25,150,4,410,44,0,44,454
02/11/2002,AUS,TX,ASW,CE,Towers with Radar,259,40,120,5,424,0,8,174,0,182,259,48,294,5,606,6,0,6,612
02/12/2002,AUS,TX,ASW,CE,Towers with Radar,268,45,128,32,473,0,7,206,5,218,268,52,334,37,691,38,0,38,729
02/13/2002,AUS,TX,ASW,CE,Towers with Radar,276,48,102,14,440,0,4,186,7,197,276,52,288,21,637,44,0,44,681
02/14/2002,AUS,TX,ASW,CE,Towers with Radar,268,37,87,37,429,0,4,175,13,192,268,41,262,50,621,60,0,60,681
02/15/2002,AUS,TX,ASW,CE,Towers with Radar,270,42,134,20,466,0,4,188,3,195,270,46,322,23,661,0,0,0,661
02/16/2002,AUS,TX,ASW,CE,Towers with Radar,218,17,76,8,319,0,3,157,1,161,218,20,233,9,480,34,0,34,514
02/17/2002,AUS,TX,ASW,CE,Towers with Radar,215,23,81,4,323,0,7,199,3,209,215,30,280,7,532,88,0,88,620
02/18/2002,AUS,TX,ASW,CE,Towers with Radar,256,51,87,1,395,0,0,46,1,47,256,51,133,2,442,20,0,20,462
02/19/2002,AUS,TX,ASW,CE,Towers with Radar,259,52,122,17,450,0,1,92,1,94,259,53,214,18,544,22,0,22,566
02/20/2002,AUS,TX,ASW,CE,Towers with Radar,274,60,94,2,430,0,7,190,11,208,274,67,284,13,638,56,0,56,694
02/21/2002,AUS,TX,ASW,CE,Towers with Radar,299,58,121,19,497,0,5,189,7,201,299,63,310,26,698,24,0,24,722
02/22/2002,AUS,TX,ASW,CE,Towers with Radar,255,44,106,45,450,0,9,197,3,209,255,53,303,48,659,66,0,66,725
02/23/2002,AUS,TX,ASW,CE,Towers with Radar,201,34,79,23,337,0,2,180,4,186,201,36,259,27,523,46,0,46,569
02/24/2002,AUS,TX,ASW,CE,Towers with Radar,202,25,82,9,318,18,0,155,0,173,220,25,237,9,491,36,0,36,527
02/25/2002,AUS,TX,ASW,CE,Towers with Radar,246,50,94,12,402,0,6,104,5,115,246,56,198,17,517,20,0,20,537
02/26/2002,AUS,TX,ASW,CE,Towers with Radar,268,48,122,16,454,0,3,86,7,96,268,51,208,23,550,4,0,4,554
02/27/2002,AUS,TX,ASW,CE,Towers with Radar,268,40,105,19,432,0,6,194,7,207,268,46,299,26,639,62,0,62,701
02/28/2002,AUS,TX,ASW,CE,Towers with Radar,257,48,156,32,493,0,5,119,5,129,257,53,275,37,622,14,0,14,636
03/01/2002,AUS,TX,ASW,CE,Towers with Radar,294,40,110,13,457,0,1,2,0,3,294,41,112,13,460,0,0,0,460
03/02/2002,AUS,TX,ASW,CE,Towers with Radar,179,31,75,5,290,0,2,70,10,82,179,33,145,15,372,50,0,50,422
03/03/2002,AUS,TX,ASW,CE,Towers with Radar,228,30,58,8,324,0,2,167,4,173,228,32,225,12,497,0,0,0,497
03/04/2002,AUS,TX,ASW,CE,Towers with Radar,250,27,79,29,385,0,15,153,4,172,250,42,232,33,557,24,0,24,581
03/05/2002,AUS,TX,ASW,CE,Towers with Radar,281,56,84,40,461,0,3,176,5,184,281,59,260,45,645,50,0,50,695
03/06/2002,AUS,TX,ASW,CE,Towers with Radar,278,50,121,46,495,0,6,74,2,82,278,56,195,48,577,58,0,58,635
03/07/2002,AUS,TX,ASW,CE,Towers with Radar,273,64,161,38,536,0,11,86,6,103,273,75,247,44,639,20,0,20,659
03/08/2002,AUS,TX,ASW,CE,Towers with Radar,269,63,157,39,528,0,3,33,4,40,269,66,190,43,568,58,0,58,626
03/09/2002,AUS,TX,ASW,CE,Towers with Radar,209,57,80,7,353,0,2,92,6,100,209,59,172,13,453,18,0,18,471
03/10/2002,AUS,TX,ASW,CE,Towers with Radar,226,37,80,3,346,0,4,107,0,111,226,41,187,3,457,18,0,18,475
03/11/2002,AUS,TX,ASW,CE,Towers with Radar,259,46,135,23,463,0,1,27,0,28,259,47,162,23,491,14,0,14,505
03/12/2002,AUS,TX,ASW,CE,Towers with Radar,268,39,91,14,412,0,8,199,1,208,268,47,290,15,620,104,0,104,724
03/13/2002,AUS,TX,ASW,CE,Towers with Radar,280,45,76,32,433,0,9,191,20,220,280,54,267,52,653,118,0,118,771
03/14/2002,AUS,TX,ASW,CE,Towers with Radar,276,57,101,33,467,0,7,137,9,153,276,64,238,42,620,56,0,56,676
03/15/2002,AUS,TX,ASW,CE,Towers with Radar,272,61,127,27,487,0,4,96,6,106,272,65,223,33,593,42,0,42,635
03/16/2002,AUS,TX,ASW,CE,Towers with Radar,200,61,122,18,401,0,4,87,14,105,200,65,209,32,506,64,0,64,570
03/17/2002,AUS,TX,ASW,CE,Towers with Radar,227,37,122,6,392,0,1,6,0,7,227,38,128,6,399,4,0,4,403
03/18/2002,AUS,TX,ASW,CE,Towers with Radar,257,38,110,12,417,0,0,70,2,72,257,38,180,14,489,12,0,12,501
03/19/2002,AUS,TX,ASW,CE,Towers with Radar,293,40,112,5,450,0,1,20,2,23,293,41,132,7,473,50,0,50,523
03/20/2002,AUS,TX,ASW,CE,Towers with Radar,278,63,180,32,553,0,8,84,10,102,278,71,264,42,655,30,0,30,685
03/21/2002,AUS,TX,ASW,CE,Towers with Radar,258,51,118,20,447,0,8,238,10,256,258,59,356,30,703,80,0,80,783
03/22/2002,AUS,TX,ASW,CE,Towers with Radar,264,45,97,7,413,0,4,196,11,211,264,49,293,18,624,16,0,16,640
03/23/2002,AUS,TX,ASW,CE,Towers with Radar,193,35,107,1,336,0,1,199,2,202,193,36,306,3,538,6,0,6,544
03/24/2002,AUS,TX,ASW,CE,Towers with Radar,197,18,85,5,305,22,0,83,0,105,219,18,168,5,410,10,0,10,420
03/25/2002,AUS,TX,ASW,CE,Towers with Radar,258,35,130,32,455,0,2,24,1,27,258,37,154,33,482,14,0,14,496
03/26/2002,AUS,TX,ASW,CE,Towers with Radar,269,56,124,26,475,0,10,207,10,227,269,66,331,36,702,76,0,76,778
03/27/2002,AUS,TX,ASW,CE,Towers with Radar,282,57,120,14,473,0,3,197,6,206,282,60,317,20,679,20,0,20,699
03/28/2002,AUS,TX,ASW,CE,Towers with Radar,270,66,161,20,517,0,0,137,1,138,270,66,298,21,655,26,0,26,681
03/29/2002,AUS,TX,ASW,CE,Towers with Radar,262,37,92,22,413,0,3,56,1,60,262,40,148,23,473,110,0,110,583
03/30/2002,AUS,TX,ASW,CE,Towers with Radar,215,21,53,0,289,0,0,59,0,59,215,21,112,0,348,26,0,26,374
03/31/2002,AUS,TX,ASW,CE,Towers with Radar,221,25,80,0,326,0,2,92,0,94,221,27,172,0,420,12,0,12,432
04/01/2002,AUS,TX,ASW,CE,Towers with Radar,246,41,113,20,420,2,2,159,6,169,248,43,272,26,589,30,0,30,619
04/02/2002,AUS,TX,ASW,CE,Towers with Radar,268,51,130,25,474,0,1,163,3,167,268,52,293,28,641,44,0,44,685
04/03/2002,AUS,TX,ASW,CE,Towers with Radar,268,61,158,29,516,0,8,105,5,118,268,69,263,34,634,20,0,20,654
04/04/2002,AUS,TX,ASW,CE,Towers with Radar,277,73,145,32,527,0,1,179,2,182,277,74,324,34,709,78,0,78,787
04/05/2002,AUS,TX,ASW,CE,Towers with Radar,276,50,169,36,531,0,3,140,7,150,276,53,309,43,681,32,0,32,713
04/06/2002,AUS,TX,ASW,CE,Towers with Radar,191,31,97,13,332,17,0,77,0,94,208,31,174,13,426,82,0,82,508
04/07/2002,AUS,TX,ASW,CE,Towers with Radar,234,30,78,3,345,0,2,8,1,11,234,32,86,4,356,4,0,4,360
04/08/2002,AUS,TX,ASW,CE,Towers with Radar,266,44,140,22,472,0,2,157,4,163,266,46,297,26,635,46,0,46,681
04/09/2002,AUS,TX,ASW,CE,Towers with Radar,277,57,85,18,437,1,4,204,2,211,278,61,289,20,648,16,0,16,664
04/10/2002,AUS,TX,ASW,CE,Towers with Radar,276,57,160,27,520,1,5,87,8,101,277,62,247,35,621,32,0,32,653
04/11/2002,AUS,TX,ASW,CE,Towers with Radar,292,60,174,15,541,1,0,197,5,203,293,60,371,20,744,38,0,38,782
04/12/2002,AUS,TX,ASW,CE,Towers with Radar,265,43,149,33,490,1,3,168,4,176,266,46,317,37,666,56,0,56,722
04/13/2002,AUS,TX,ASW,CE,Towers with Radar,217,33,140,3,393,1,0,135,3,139,218,33,275,6,532,94,0,94,626
04/14/2002,AUS,TX,ASW,CE,Towers with Radar,229,17,97,6,349,1,0,124,3,128,230,17,221,9,477,42,0,42,519
04/15/2002,AUS,TX,ASW,CE,Towers with Radar,255,47,110,25,437,1,0,91,7,99,256,47,201,32,536,34,0,34,570
04/16/2002,AUS,TX,ASW,CE,Towers with Radar,293,49,164,11,517,1,0,64,2,67,294,49,228,13,584,20,0,20,604
04/17/2002,AUS,TX,ASW,CE,Towers with Radar,281,74,179,21,555,1,4,122,5,132,282,78,301,26,687,26,0,26,713
04/18/2002,AUS,TX,ASW,CE,Towers with Radar,295,53,154,37,539,1,3,152,12,168,296,56,306,49,707,24,0,24,731
04/19/2002,AUS,TX,ASW,CE,Towers with Radar,269,54,157,29,509,0,0,103,28,131,269,54,260,57,640,68,0,68,708
04/20/2002,AUS,TX,ASW,CE,Towers with Radar,193,15,82,10,300,1,0,104,6,111,194,15,186,16,411,76,0,76,487
04/21/2002,AUS,TX,ASW,CE,Towers with Radar,217,27,125,1,370,1,0,58,0,59,218,27,183,1,429,42,0,42,471
04/22/2002,AUS,TX,ASW,CE,Towers with Radar,269,51,134,13,467,1,1,82,2,86,270,52,216,15,553,58,0,58,611
04/23/2002,AUS,TX,ASW,CE,Towers with Radar,287,60,159,40,546,1,2,160,2,165,288,62,319,42,711,74,0,74,785
04/24/2002,AUS,TX,ASW,CE,Towers with Radar,269,73,109,20,471,1,4,157,2,164,270,77,266,22,635,112,0,112,747
04/25/2002,AUS,TX,ASW,CE,Towers with Radar,283,59,204,78,624,1,0,64,6,71,284,59,268,84,695,46,0,46,741
04/26/2002,AUS,TX,ASW,CE,Towers with Radar,280,56,130,84,550,1,6,125,18,150,281,62,255,102,700,82,0,82,782
04/27/2002,AUS,TX,ASW,CE,Towers with Radar,211,32,92,14,349,1,0,78,3,82,212,32,170,17,431,28,0,28,459
04/28/2002,AUS,TX,ASW,CE,Towers with Radar,223,24,99,20,366,1,0,143,5,149,224,24,242,25,515,46,0,46,561
04/29/2002,AUS,TX,ASW,CE,Towers with Radar,269,40,122,12,443,1,1,102,4,108,270,41,224,16,551,0,0,0,551
04/30/2002,AUS,TX,ASW,CE,Towers with Radar,271,56,101,21,449,1,1,154,10,166,272,57,255,31,615,38,0,38,653
05/01/2002,AUS,TX,ASW,CE,Towers with Radar,260,55,105,54,474,1,1,140,2,144,261,56,245,56,618,74,0,74,692
05/02/2002,AUS,TX,ASW,CE,Towers with Radar,275,49,151,27,502,1,0,104,3,108,276,49,255,30,610,32,0,32,642
05/03/2002,AUS,TX,ASW,CE,Towers with Radar,284,48,169,12,513,1,3,93,7,104,285,51,262,19,617,46,0,46,663
05/04/2002,AUS,TX,ASW,CE,Towers with Radar,197,17,107,10,331,1,1,89,13,104,198,18,196,23,435,60,0,60,495
05/05/2002,AUS,TX,ASW,CE,Towers with Radar,224,31,86,2,343,1,1,68,12,82,225,32,154,14,425,22,0,22,447
05/06/2002,AUS,TX,ASW,CE,Towers with Radar,249,37,123,7,416,1,1,114,4,120,250,38,237,11,536,14,0,14,550
05/07/2002,AUS,TX,ASW,CE,Towers with Radar,278,43,145,18,484,1,1,108,2,112,279,44,253,20,596,60,0,60,656
05/08/2002,AUS,TX,ASW,CE,Towers with Radar,284,48,215,24,571,1,0,145,11,157,285,48,360,35,728,20,0,20,748
05/09/2002,AUS,TX,ASW,CE,Towers with Radar,275,60,172,30,537,1,0,124,19,144,276,60,296,49,681,76,0,76,757
05/10/2002,AUS,TX,ASW,CE,Towers with Radar,284,47,162,10,503,1,3,122,9,135,285,50,284,19,638,56,0,56,694
05/11/2002,AUS,TX,ASW,CE,Towers with Radar,203,31,121,1,356,0,1,125,3,129,203,32,246,4,485,32,0,32,517
05/12/2002,AUS,TX,ASW,CE,Towers with Radar,239,19,59,14,331,0,3,80,1,84,239,22,139,15,415,12,0,12,427
05/13/2002,AUS,TX,ASW,CE,Towers with Radar,251,56,89,17,413,0,2,122,2,126,251,58,211,19,539,32,0,32,571
05/14/2002,AUS,TX,ASW,CE,Towers with Radar,300,59,124,21,504,0,3,237,5,245,300,62,361,26,749,16,0,16,765
05/15/2002,AUS,TX,ASW,CE,Towers with Radar,275,48,121,45,489,0,3,201,1,205,275,51,322,46,694,114,0,114,808
05/16/2002,AUS,TX,ASW,CE,Towers with Radar,288,60,128,24,500,0,2,147,6,155,288,62,275,30,655,0,0,0,655
05/17/2002,AUS,TX,ASW,CE,Towers with Radar,291,58,128,8,485,0,1,103,5,109,291,59,231,13,594,4,0,4,598
05/18/2002,AUS,TX,ASW,CE,Towers with Radar,192,21,53,10,276,0,2,117,0,119,192,23,170,10,395,82,0,82,477
05/19/2002,AUS,TX,ASW,CE,Towers with Radar,227,22,55,9,313,0,2,217,1,220,227,24,272,10,533,50,0,50,583
05/20/2002,AUS,TX,ASW,CE,Towers with Radar,254,37,83,19,393,3,7,178,5,193,257,44,261,24,586,58,0,58,644
05/21/2002,AUS,TX,ASW,CE,Towers with Radar,275,50,91,8,424,0,11,199,6,216,275,61,290,14,640,72,0,72,712
05/22/2002,AUS,TX,ASW,CE,Towers with Radar,279,60,137,19,495,0,10,151,6,167,279,70,288,25,662,78,0,78,740
05/23/2002,AUS,TX,ASW,CE,Towers with Radar,285,57,151,2,495,0,5,125,18,148,285,62,276,20,643,142,0,142,785
05/24/2002,AUS,TX,ASW,CE,Towers with Radar,278,56,146,12,492,0,3,138,0,141,278,59,284,12,633,20,0,20,653
05/25/2002,AUS,TX,ASW,CE,Towers with Radar,206,24,96,0,326,0,0,105,0,105,206,24,201,0,431,22,0,22,453
05/26/2002,AUS,TX,ASW,CE,Towers with Radar,198,20,59,0,277,0,0,65,0,65,198,20,124,0,342,60,0,60,402
05/27/2002,AUS,TX,ASW,CE,Towers with Radar,242,25,85,6,358,0,0,124,2,126,242,25,209,8,484,4,0,4,488
05/28/2002,AUS,TX,ASW,CE,Towers with Radar,262,49,88,9,408,0,3,109,1,113,262,52,197,10,521,12,0,12,533
05/29/2002,AUS,TX,ASW,CE,Towers with Radar,297,54,114,13,478,0,4,114,1,119,297,58,228,14,597,30,0,30,627
05/30/2002,AUS,TX,ASW,CE,Towers with Radar,302,71,145,12,530,0,2,208,9,219,302,73,353,21,749,52,0,52,801
05/31/2002,AUS,TX,ASW,CE,Towers with Radar,276,34,97,9,416,0,20,164,5,189,276,54,261,14,605,44,0,44,649
06/01/2002,AUS,TX,ASW,CE,Towers with Radar,224,33,78,6,341,0,1,140,2,143,224,34,218,8,484,22,0,22,506
06/02/2002,AUS,TX,ASW,CE,Towers with Radar,228,23,74,6,331,0,0,130,2,132,228,23,204,8,463,70,0,70,533
06/03/2002,AUS,TX,ASW,CE,Towers with Radar,266,47,145,9,467,0,5,119,4,128,266,52,264,13,595,28,0,28,623
06/04/2002,AUS,TX,ASW,CE,Towers with Radar,282,52,148,4,486,0,3,136,13,152,282,55,284,17,638,10,0,10,648
06/05/2002,AUS,TX,ASW,CE,Towers with Radar,295,52,155,8,510,0,3,122,7,132,295,55,277,15,642,34,0,34,676
06/06/2002,AUS,TX,ASW,CE,Towers with Radar,266,55,139,19,479,0,2,192,11,205,266,57,331,30,684,38,0,38,722
06/07/2002,AUS,TX,ASW,CE,Towers with Radar,285,49,119,7,460,0,2,166,5,173,285,51,285,12,633,12,0,12,645
06/08/2002,AUS,TX,ASW,CE,Towers with Radar,210,58,56,4,328,0,0,141,0,141,210,58,197,4,469,0,0,0,469
06/09/2002,AUS,TX,ASW,CE,Towers with Radar,250,31,78,5,364,0,1,77,0,78,250,32,155,5,442,30,0,30,472
06/10/2002,AUS,TX,ASW,CE,Towers with Radar,262,36,125,10,433,0,4,143,6,153,262,40,268,16,586,32,0,32,618
06/11/2002,AUS,TX,ASW,CE,Towers with Radar,290,57,135,14,496,4,6,147,5,162,294,63,282,19,658,46,0,46,704
06/12/2002,AUS,TX,ASW,CE,Towers with Radar,276,45,107,25,453,0,1,110,7,118,276,46,217,32,571,56,0,56,627
06/13/2002,AUS,TX,ASW,CE,Towers with Radar,310,50,133,22,515,0,1,127,4,132,310,51,260,26,647,46,0,46,693
06/14/2002,AUS,TX,ASW,CE,Towers with Radar,266,50,94,8,418,0,2,114,3,119,266,52,208,11,537,24,0,24,561
06/15/2002,AUS,TX,ASW,CE,Towers with Radar,211,41,63,1,316,0,4,108,0,112,211,45,171,1,428,32,0,32,460
06/16/2002,AUS,TX,ASW,CE,Towers with Radar,230,20,58,8,316,0,6,128,1,135,230,26,186,9,451,30,0,30,481
06/17/2002,AUS,TX,ASW,CE,Towers with Radar,276,27,85,9,397,0,2,154,5,161,276,29,239,14,558,44,0,44,602
06/18/2002,AUS,TX,ASW,CE,Towers with Radar,287,55,96,6,444,0,0,200,2,202,287,55,296,8,646,12,0,12,658
06/19/2002,AUS,TX,ASW,CE,Towers with Radar,278,61,140,53,532,0,14,231,8,253,278,75,371,61,785,16,0,16,801
06/20/2002,AUS,TX,ASW,CE,Towers with Radar,307,52,131,15,505,0,2,103,3,108,307,54,234,18,613,16,0,16,629
06/21/2002,AUS,TX,ASW,CE,Towers with Radar,278,44,107,29,458,0,0,165,3,168,278,44,272,32,626,22,0,22,648
06/22/2002,AUS,TX,ASW,CE,Towers with Radar,224,34,78,12,348,0,0,149,6,155,224,34,227,18,503,0,0,0,503
06/23/2002,AUS,TX,ASW,CE,Towers with Radar,227,29,87,2,345,0,0,164,0,164,227,29,251,2,509,40,0,40,549
06/24/2002,AUS,TX,ASW,CE,Towers with Radar,266,42,94,7,409,0,4,159,0,163,266,46,253,7,572,8,0,8,580
06/25/2002,AUS,TX,ASW,CE,Towers with Radar,288,67,100,12,467,0,3,117,2,122,288,70,217,14,589,50,0,50,639
06/26/2002,AUS,TX,ASW,CE,Towers with Radar,302,63,120,4,489,0,2,140,3,145,302,65,260,7,634,10,0,10,644
06/27/2002,AUS,TX,ASW,CE,Towers with Radar,296,66,134,8,504,0,1,140,9,150,296,67,274,17,654,30,0,30,684
06/28/2002,AUS,TX,ASW,CE,Towers with Radar,292,61,117,30,500,0,1,107,6,114,292,62,224,36,614,30,0,30,644
06/29/2002,AUS,TX,ASW,CE,Towers with Radar,234,43,57,4,338,0,0,25,1,26,234,43,82,5,364,0,0,0,364
06/30/2002,AUS,TX,ASW,CE,Towers with Radar,235,23,53,1,312,0,1,2,5,8,235,24,55,6,320,12,0,12,332
07/01/2002,AUS,TX,ASW,CE,Towers with Radar,292,32,94,3,421,0,0,8,1,9,292,32,102,4,430,20,0,20,450
07/02/2002,AUS,TX,ASW,CE,Towers with Radar,276,50,83,1,410,0,1,18,1,20,276,51,101,2,430,8,0,8,438
07/03/2002,AUS,TX,ASW,CE,Towers with Radar,322,65,90,5,482,0,4,65,0,69,322,69,155,5,551,6,0,6,557
07/04/2002,AUS,TX,ASW,CE,Towers with Radar,204,28,44,1,277,0,0,43,0,43,204,28,87,1,320,0,0,0,320
07/05/2002,AUS,TX,ASW,CE,Towers with Radar,230,36,56,1,323,0,2,63,0,65,230,38,119,1,388,30,0,30,418
07/06/2002,AUS,TX,ASW,CE,Towers with Radar,236,36,79,2,353,0,0,124,0,124,236,36,203,2,477,16,0,16,493
07/07/2002,AUS,TX,ASW,CE,Towers with Radar,233,40,83,5,361,0,2,141,5,148,233,42,224,10,509,54,0,54,563
07/08/2002,AUS,TX,ASW,CE,Towers with Radar,255,39,96,7,397,0,2,131,1,134,255,41,227,8,531,38,0,38,569
07/09/2002,AUS,TX,ASW,CE,Towers with Radar,280,49,90,11,430,0,4,139,1,144,280,53,229,12,574,6,0,6,580
07/10/2002,AUS,TX,ASW,CE,Towers with Radar,294,50,126,4,474,0,5,95,7,107,294,55,221,11,581,24,0,24,605
07/11/2002,AUS,TX,ASW,CE,Towers with Radar,322,58,157,16,553,0,2,210,6,218,322,60,367,22,771,96,0,96,867
07/12/2002,AUS,TX,ASW,CE,Towers with Radar,290,43,96,17,446,0,1,153,20,174,290,44,249,37,620,40,0,40,660
07/13/2002,AUS,TX,ASW,CE,Towers with Radar,235,28,54,38,355,0,0,77,13,90,235,28,131,51,445,58,0,58,503
07/14/2002,AUS,TX,ASW,CE,Towers with Radar,226,33,48,7,314,0,0,40,2,42,226,33,88,9,356,16,0,16,372
07/15/2002,AUS,TX,ASW,CE,Towers with Radar,261,47,97,15,420,0,7,48,12,67,261,54,145,27,487,14,0,14,501
07/16/2002,AUS,TX,ASW,CE,Towers with Radar,280,50,103,1,434,0,7,14,0,21,280,57,117,1,455,12,0,12,467
07/17/2002,AUS,TX,ASW,CE,Towers with Radar,276,56,119,3,454,0,1,57,0,58,276,57,176,3,512,34,0,34,546
07/18/2002,AUS,TX,ASW,CE,Towers with Radar,280,62,127,11,480,0,2,109,2,113,280,64,236,13,593,8,0,8,601
07/19/2002,AUS,TX,ASW,CE,Towers with Radar,276,45,123,27,471,0,7,179,1,187,276,52,302,28,658,182,0,182,840
07/20/2002,AUS,TX,ASW,CE,Towers with Radar,216,23,67,29,335,0,3,201,3,207,216,26,268,32,542,46,0,46,588
07/21/2002,AUS,TX,ASW,CE,Towers with Radar,239,27,90,13,369,0,0,120,1,121,239,27,210,14,490,78,0,78,568
07/22/2002,AUS,TX,ASW,CE,Towers with Radar,282,51,138,30,501,0,4,201,17,222,282,55,339,47,723,12,0,12,735
07/23/2002,AUS,TX,ASW,CE,Towers with Radar,282,61,114,44,501,0,5,152,0,157,282,66,266,44,658,82,0,82,740
07/24/2002,AUS,TX,ASW,CE,Towers with Radar,286,49,127,14,476,0,5,222,3,230,286,54,349,17,706,12,0,12,718
07/25/2002,AUS,TX,ASW,CE,Towers with Radar,284,51,89,30,454,0,2,173,7,182,284,53,262,37,636,84,0,84,720
07/26/2002,AUS,TX,ASW,CE,Towers with Radar,281,47,97,18,443,0,3,189,3,195,281,50,286,21,638,16,0,16,654
07/27/2002,AUS,TX,ASW,CE,Towers with Radar,210,37,80,5,332,0,6,115,3,124,210,43,195,8,456,46,0,46,502
07/28/2002,AUS,TX,ASW,CE,Towers with Radar,248,20,74,8,350,0,4,111,4,119,248,24,185,12,469,6,0,6,475
07/29/2002,AUS,TX,ASW,CE,Towers with Radar,275,40,111,20,446,0,4,121,6,131,275,44,232,26,577,48,0,48,625
07/30/2002,AUS,TX,ASW,CE,Towers with Radar,281,45,105,17,448,0,1,139,0,140,281,46,244,17,588,14,0,14,602
07/31/2002,AUS,TX,ASW,CE,Towers with Radar,282,59,120,41,502,0,5,160,6,171,282,64,280,47,673,8,0,8,681
08/01/2002,AUS,TX,ASW,CE,Towers with Radar,264,47,118,11,440,0,5,174,1,180,264,52,292,12,620,16,0,16,636
08/02/2002,AUS,TX,ASW,CE,Towers with Radar,266,51,115,24,456,0,4,159,8,171,266,55,274,32,627,40,0,40,667
08/03/2002,AUS,TX,ASW,CE,Towers with Radar,244,27,63,20,354,0,7,187,6,200,244,34,250,26,554,68,0,68,622
08/04/2002,AUS,TX,ASW,CE,Towers with Radar,224,36,64,4,328,0,5,125,1,131,224,41,189,5,459,54,0,54,513
08/05/2002,AUS,TX,ASW,CE,Towers with Radar,256,39,100,2,397,0,5,125,0,130,256,44,225,2,527,20,0,20,547
08/06/2002,AUS,TX,ASW,CE,Towers with Radar,283,42,72,12,409,0,1,127,2,130,283,43,199,14,539,60,0,60,599
08/07/2002,AUS,TX,ASW,CE,Towers with Radar,292,53,121,15,481,0,0,170,5,175,292,53,291,20,656,32,0,32,688
08/08/2002,AUS,TX,ASW,CE,Towers with Radar,284,52,111,16,463,0,1,98,3,102,284,53,209,19,565,6,0,6,571
08/09/2002,AUS,TX,ASW,CE,Towers with Radar,284,36,117,17,454,0,2,129,3,134,284,38,246,20,588,40,0,40,628
08/10/2002,AUS,TX,ASW,CE,Towers with Radar,228,29,74,6,337,0,0,82,7,89,228,29,156,13,426,28,0,28,454
08/11/2002,AUS,TX,ASW,CE,Towers with Radar,195,29,78,13,315,21,0,100,0,121,216,29,178,13,436,18,0,18,454
08/12/2002,AUS,TX,ASW,CE,Towers with Radar,264,40,108,6,418,0,3,100,2,105,264,43,208,8,523,20,0,20,543
08/13/2002,AUS,TX,ASW,CE,Towers with Radar,302,61,114,19,496,0,6,124,3,133,302,67,238,22,629,36,0,36,665
08/14/2002,AUS,TX,ASW,CE,Towers with Radar,274,46,147,16,483,0,8,125,1,134,274,54,272,17,617,2,0,2,619
08/15/2002,AUS,TX,ASW,CE,Towers with Radar,308,73,136,15,532,0,2,112,4,118,308,75,248,19,650,0,0,0,650
08/16/2002,AUS,TX,ASW,CE,Towers with Radar,263,44,101,32,440,0,3,155,5,163,263,47,256,37,603,52,0,52,655
08/17/2002,AUS,TX,ASW,CE,Towers with Radar,219,33,104,37,393,0,1,152,11,164,219,34,256,48,557,60,0,60,617
08/18/2002,AUS,TX,ASW,CE,Towers with Radar,224,20,65,13,322,11,7,139,6,163,235,27,204,19,485,12,0,12,497
08/19/2002,AUS,TX,ASW,CE,Towers with Radar,261,50,103,36,450,0,4,103,7,114,261,54,206,43,564,70,0,70,634
08/20/2002,AUS,TX,ASW,CE,Towers with Radar,274,67,111,18,470,0,7,178,6,191,274,74,289,24,661,90,0,90,751
08/21/2002,AUS,TX,ASW,CE,Towers with Radar,274,52,158,21,505,0,1,132,9,142,274,53,290,30,647,0,0,0,647
08/22/2002,AUS,TX,ASW,CE,Towers with Radar,290,60,138,14,502,0,1,147,1,149,290,61,285,15,651,32,0,32,683
08/23/2002,AUS,TX,ASW,CE,Towers with Radar,273,48,125,40,486,0,3,198,4,205,273,51,323,44,691,54,0,54,745
08/24/2002,AUS,TX,ASW,CE,Towers with Radar,208,24,87,15,334,0,0,142,0,142,208,24,229,15,476,24,0,24,500
08/25/2002,AUS,TX,ASW,CE,Towers with Radar,244,26,83,7,360,0,4,155,11,170,244,30,238,18,530,16,0,16,546
08/26/2002,AUS,TX,ASW,CE,Towers with Radar,256,43,84,17,400,0,2,118,1,121,256,45,202,18,521,46,0,46,567
08/27/2002,AUS,TX,ASW,CE,Towers with Radar,293,58,88,20,459,0,4,175,15,194,293,62,263,35,653,23,0,23,676
08/28/2002,AUS,TX,ASW,CE,Towers with Radar,297,49,163,14,523,0,5,163,9,177,297,54,326,23,700,22,0,22,722
08/29/2002,AUS,TX,ASW,CE,Towers with Radar,282,69,117,7,475,0,4,139,10,153,282,73,256,17,628,0,0,0,628
08/30/2002,AUS,TX,ASW,CE,Towers with Radar,264,58,107,22,451,0,1,216,2,219,264,59,323,24,670,10,0,10,680
08/31/2002,AUS,TX,ASW,CE,Towers with Radar,208,25,104,0,337,0,4,202,0,206,208,29,306,0,543,32,0,32,575
09/01/2002,AUS,TX,ASW,CE,Towers with Radar,200,15,63,2,280,0,0,121,0,121,200,15,184,2,401,46,0,46,447
09/02/2002,AUS,TX,ASW,CE,Towers with Radar,217,36,95,14,362,0,1,170,1,172,217,37,265,15,534,16,0,16,550
09/03/2002,AUS,TX,ASW,CE,Towers with Radar,248,41,89,11,389,0,2,111,13,126,248,43,200,24,515,74,0,74,589
09/04/2002,AUS,TX,ASW,CE,Towers with Radar,281,60,112,20,473,0,5,147,10,162,281,65,259,30,635,12,0,12,647
09/05/2002,AUS,TX,ASW,CE,Towers with Radar,274,61,146,53,534,0,5,178,3,186,274,66,324,56,720,26,0,26,746
09/06/2002,AUS,TX,ASW,CE,Towers with Radar,260,45,85,33,423,0,8,106,21,135,260,53,191,54,558,74,0,74,632
09/07/2002,AUS,TX,ASW,CE,Towers with Radar,207,28,40,11,286,0,1,7,1,9,207,29,47,12,295,28,0,28,323
09/08/2002,AUS,TX,ASW,CE,Towers with Radar,233,22,68,10,333,0,4,8,7,19,233,26,76,17,352,20,0,20,372
09/09/2002,AUS,TX,ASW,CE,Towers with Radar,221,40,97,8,366,46,8,22,0,76,267,48,119,8,442,0,0,0,442
09/10/2002,AUS,TX,ASW,CE,Towers with Radar,250,61,114,13,438,0,11,134,4,149,250,72,248,17,587,20,0,20,607
09/11/2002,AUS,TX,ASW,CE,Towers with Radar,253,56,107,36,452,0,14,221,8,243,253,70,328,44,695,18,0,18,713
09/12/2002,AUS,TX,ASW,CE,Towers with Radar,256,59,145,13,473,0,4,125,9,138,256,63,270,22,611,14,0,14,625
09/13/2002,AUS,TX,ASW,CE,Towers with Radar,269,44,145,58,516,3,3,128,8,142,272,47,273,66,658,104,0,104,762
09/14/2002,AUS,TX,ASW,CE,Towers with Radar,207,31,87,59,384,0,2,172,27,201,207,33,259,86,585,66,0,66,651
09/15/2002,AUS,TX,ASW,CE,Towers with Radar,229,33,92,15,369,0,1,40,3,44,229,34,132,18,413,52,0,52,465
09/16/2002,AUS,TX,ASW,CE,Towers with Radar,257,43,125,18,443,0,3,32,1,36,257,46,157,19,479,0,0,0,479
09/17/2002,AUS,TX,ASW,CE,Towers with Radar,286,62,151,5,504,0,7,100,8,115,286,69,251,13,619,38,0,38,657
09/18/2002,AUS,TX,ASW,CE,Towers with Radar,269,63,177,13,522,0,3,120,2,125,269,66,297,15,647,34,0,34,681
09/19/2002,AUS,TX,ASW,CE,Towers with Radar,285,61,158,1,505,0,0,42,1,43,285,61,200,2,548,10,0,10,558
09/20/2002,AUS,TX,ASW,CE,Towers with Radar,262,49,160,117,588,0,6,239,8,253,262,55,399,125,841,128,0,128,969
09/21/2002,AUS,TX,ASW,CE,Towers with Radar,213,43,99,42,397,0,3,241,7,251,213,46,340,49,648,90,0,90,738
09/22/2002,AUS,TX,ASW,CE,Towers with Radar,225,38,106,21,390,0,3,217,4,224,225,41,323,25,614,28,0,28,642
09/23/2002,AUS,TX,ASW,CE,Towers with Radar,260,40,85,26,411,0,4,174,2,180,260,44,259,28,591,64,0,64,655
09/24/2002,AUS,TX,ASW,CE,Towers with Radar,283,59,107,22,471,0,1,190,10,201,283,60,297,32,672,40,0,40,712
09/25/2002,AUS,TX,ASW,CE,Towers with Radar,272,82,132,65,551,0,5,215,12,232,272,87,347,77,783,40,0,40,823
09/26/2002,AUS,TX,ASW,CE,Towers with Radar,279,51,136,30,496,0,9,244,0,253,279,60,380,30,749,38,0,38,787
09/27/2002,AUS,TX,ASW,CE,Towers with Radar,278,44,149,26,497,0,7,184,2,193,278,51,333,28,690,76,0,76,766
09/28/2002,AUS,TX,ASW,CE,Towers with Radar,199,29,95,3,326,0,2,221,3,226,199,31,316,6,552,50,0,50,602
09/29/2002,AUS,TX,ASW,CE,Towers with Radar,222,34,107,4,367,0,2,193,2,197,222,36,300,6,564,52,0,52,616
09/30/2002,AUS,TX,ASW,CE,Towers with Radar,263,42,90,2,397,0,4,136,0,140,263,46,226,2,537,21,0,21,558
10/01/2002,AUS,TX,ASW,CE,Towers with Radar,280,58,110,28,476,1,120,7,0,128,281,178,117,28,604,22,0,22,626
10/02/2002,AUS,TX,ASW,CE,Towers with Radar,285,61,140,37,523,0,1,147,7,155,285,62,287,44,678,0,0,0,678
10/03/2002,AUS,TX,ASW,CE,Towers with Radar,274,56,113,8,451,0,0,139,3,142,274,56,252,11,593,50,0,50,643
10/04/2002,AUS,TX,ASW,CE,Towers with Radar,268,58,125,24,475,0,4,163,5,172,268,62,288,29,647,0,0,0,647
10/05/2002,AUS,TX,ASW,CE,Towers with Radar,214,43,119,19,395,0,0,218,9,227,214,43,337,28,622,0,0,0,622
10/06/2002,AUS,TX,ASW,CE,Towers with Radar,239,52,139,27,457,0,2,99,1,102,239,54,238,28,559,18,0,18,577
10/07/2002,AUS,TX,ASW,CE,Towers with Radar,267,34,137,16,454,0,0,37,0,37,267,34,174,16,491,30,0,30,521
10/08/2002,AUS,TX,ASW,CE,Towers with Radar,297,48,143,1,489,0,0,9,0,9,297,48,152,1,498,22,0,22,520
10/09/2002,AUS,TX,ASW,CE,Towers with Radar,284,59,145,22,510,0,21,57,16,94,284,80,202,38,604,68,0,68,672
10/10/2002,AUS,TX,ASW,CE,Towers with Radar,279,58,177,38,552,0,0,92,7,99,279,58,269,45,651,66,0,66,717
10/11/2002,AUS,TX,ASW,CE,Towers with Radar,284,64,159,8,515,0,1,226,1,228,284,65,385,9,743,64,0,64,807
10/12/2002,AUS,TX,ASW,CE,Towers with Radar,216,46,123,3,388,0,1,100,0,101,216,47,223,3,489,24,0,24,513
10/13/2002,AUS,TX,ASW,CE,Towers with Radar,232,30,120,6,388,0,0,38,2,40,232,30,158,8,428,6,0,6,434
10/14/2002,AUS,TX,ASW,CE,Towers with Radar,259,52,138,37,486,0,0,41,9,50,259,52,179,46,536,48,0,48,584
10/15/2002,AUS,TX,ASW,CE,Towers with Radar,250,50,128,18,446,36,26,192,15,269,286,76,320,33,715,42,0,42,757
10/16/2002,AUS,TX,ASW,CE,Towers with Radar,268,59,109,11,447,0,3,197,17,217,268,62,306,28,664,50,0,50,714
10/17/2002,AUS,TX,ASW,CE,Towers with Radar,286,49,122,40,497,0,2,207,7,216,286,51,329,47,713,76,0,76,789
10/18/2002,AUS,TX,ASW,CE,Towers with Radar,279,61,154,27,521,0,10,74,6,90,279,71,228,33,611,52,0,52,663
10/19/2002,AUS,TX,ASW,CE,Towers with Radar,214,25,90,10,339,0,1,8,0,9,214,26,98,10,348,54,0,54,402
10/20/2002,AUS,TX,ASW,CE,Towers with Radar,235,34,132,14,415,0,0,65,1,66,235,34,197,15,481,64,0,64,545
10/21/2002,AUS,TX,ASW,CE,Towers with Radar,260,40,122,26,448,0,0,6,0,6,260,40,128,26,454,20,0,20,474
10/22/2002,AUS,TX,ASW,CE,Towers with Radar,283,55,125,13,476,0,0,8,0,8,283,55,133,13,484,10,0,10,494
10/23/2002,AUS,TX,ASW,CE,Towers with Radar,285,84,186,17,572,0,2,37,0,39,285,86,223,17,611,8,0,8,619
10/24/2002,AUS,TX,ASW,CE,Towers with Radar,283,83,126,3,495,0,0,10,0,10,283,83,136,3,505,0,0,0,505
10/25/2002,AUS,TX,ASW,CE,Towers with Radar,298,66,207,21,592,0,0,1,0,1,298,66,208,21,593,18,0,18,611
10/26/2002,AUS,TX,ASW,CE,Towers with Radar,210,42,108,18,378,0,0,0,0,0,210,42,108,18,378,0,0,0,378
10/27/2002,AUS,TX,ASW,CE,Towers with Radar,212,35,126,7,380,0,0,0,0,0,212,35,126,7,380,0,0,0,380
10/28/2002,AUS,TX,ASW,CE,Towers with Radar,207,43,97,16,363,59,11,0,1,71,266,54,97,17,434,2,0,2,436
10/29/2002,AUS,TX,ASW,CE,Towers with Radar,284,60,129,22,495,0,11,211,5,227,284,71,340,27,722,110,0,110,832
10/30/2002,AUS,TX,ASW,CE,Towers with Radar,270,70,173,33,546,0,6,149,7,162,270,76,322,40,708,42,0,42,750
10/31/2002,AUS,TX,ASW,CE,Towers with Radar,279,56,157,23,515,0,0,90,9,99,279,56,247,32,614,32,0,32,646
11/01/2002,AUS,TX,ASW,CE,Towers with Radar,284,70,151,15,520,1,4,68,3,76,285,74,219,18,596,40,0,40,636
11/02/2002,AUS,TX,ASW,CE,Towers with Radar,203,54,112,7,376,1,1,6,0,8,204,55,118,7,384,22,0,22,406
11/03/2002,AUS,TX,ASW,CE,Towers with Radar,225,32,135,13,405,1,2,1,0,4,226,34,136,13,409,2,0,2,411
11/04/2002,AUS,TX,ASW,CE,Towers with Radar,263,36,123,4,426,1,0,1,0,2,264,36,124,4,428,0,0,0,428
11/05/2002,AUS,TX,ASW,CE,Towers with Radar,282,57,124,35,498,0,9,171,2,182,282,66,295,37,680,30,0,30,710
11/06/2002,AUS,TX,ASW,CE,Towers with Radar,286,72,152,45,555,0,0,237,7,244,286,72,389,52,799,64,0,64,863
11/07/2002,AUS,TX,ASW,CE,Towers with Radar,291,63,154,19,527,1,0,247,5,253,292,63,401,24,780,16,0,16,796
11/08/2002,AUS,TX,ASW,CE,Towers with Radar,265,44,149,6,464,1,2,178,8,189,266,46,327,14,653,6,0,6,659
11/09/2002,AUS,TX,ASW,CE,Towers with Radar,216,28,105,15,364,1,2,135,6,144,217,30,240,21,508,30,0,30,538
11/10/2002,AUS,TX,ASW,CE,Towers with Radar,215,35,91,3,344,1,10,145,2,158,216,45,236,5,502,34,0,34,536
11/11/2002,AUS,TX,ASW,CE,Towers with Radar,259,40,107,2,408,1,4,114,2,121,260,44,221,4,529,0,0,0,529
11/12/2002,AUS,TX,ASW,CE,Towers with Radar,272,58,128,18,476,9,9,126,6,150,281,67,254,24,626,42,0,42,668
11/13/2002,AUS,TX,ASW,CE,Towers with Radar,286,54,82,23,445,1,8,186,8,203,287,62,268,31,648,40,0,40,688
11/14/2002,AUS,TX,ASW,CE,Towers with Radar,301,69,140,8,518,1,3,194,7,205,302,72,334,15,723,0,0,0,723
11/15/2002,AUS,TX,ASW,CE,Towers with Radar,267,62,144,21,494,0,0,206,11,217,267,62,350,32,711,12,0,12,723
11/16/2002,AUS,TX,ASW,CE,Towers with Radar,202,63,63,50,378,1,1,229,3,234,203,64,292,53,612,58,0,58,670
11/17/2002,AUS,TX,ASW,CE,Towers with Radar,227,62,107,18,414,20,2,196,3,221,247,64,303,21,635,52,0,52,687
11/18/2002,AUS,TX,ASW,CE,Towers with Radar,265,35,100,8,408,1,12,110,2,125,266,47,210,10,533,12,0,12,545
11/19/2002,AUS,TX,ASW,CE,Towers with Radar,281,64,124,17,486,1,5,176,1,183,282,69,300,18,669,20,0,20,689
11/20/2002,AUS,TX,ASW,CE,Towers with Radar,263,54,115,9,441,1,3,179,6,189,264,57,294,15,630,23,0,23,653
11/21/2002,AUS,TX,ASW,CE,Towers with Radar,268,56,126,19,469,26,10,189,6,231,294,66,315,25,700,20,0,20,720
11/22/2002,AUS,TX,ASW,CE,Towers with Radar,270,56,122,54,502,0,9,213,3,225,270,65,335,57,727,54,0,54,781
11/23/2002,AUS,TX,ASW,CE,Towers with Radar,200,48,71,24,343,0,1,217,6,224,200,49,288,30,567,20,0,20,587
11/24/2002,AUS,TX,ASW,CE,Towers with Radar,217,24,87,12,340,0,1,118,1,120,217,25,205,13,460,44,0,44,504
11/25/2002,AUS,TX,ASW,CE,Towers with Radar,260,54,161,52,527,0,1,30,2,33,260,55,191,54,560,22,0,22,582
11/26/2002,AUS,TX,ASW,CE,Towers with Radar,276,78,129,8,491,0,2,29,6,37,276,80,158,14,528,24,0,24,552
11/27/2002,AUS,TX,ASW,CE,Towers with Radar,294,72,133,14,513,0,6,141,2,149,294,78,274,16,662,8,0,8,670
11/28/2002,AUS,TX,ASW,CE,Towers with Radar,141,24,48,0,213,0,0,51,0,51,141,24,99,0,264,12,0,12,276
11/29/2002,AUS,TX,ASW,CE,Towers with Radar,183,60,172,3,418,0,2,143,0,145,183,62,315,3,563,4,0,4,567
11/30/2002,AUS,TX,ASW,CE,Towers with Radar,197,43,62,4,306,0,1,115,0,116,197,44,177,4,422,22,0,22,444
12/01/2002,AUS,TX,ASW,CE,Towers with Radar,225,58,103,4,390,6,1,163,0,170,231,59,266,4,560,0,0,0,560
12/02/2002,AUS,TX,ASW,CE,Towers with Radar,245,41,99,12,397,6,5,77,3,91,251,46,176,15,488,16,0,16,504
12/03/2002,AUS,TX,ASW,CE,Towers with Radar,261,72,107,1,441,6,0,6,1,13,267,72,113,2,454,6,0,6,460
12/04/2002,AUS,TX,ASW,CE,Towers with Radar,257,65,214,32,568,6,0,19,2,27,263,65,233,34,595,42,0,42,637
12/05/2002,AUS,TX,ASW,CE,Towers with Radar,254,55,179,16,504,6,1,97,6,110,260,56,276,22,614,16,0,16,630
12/06/2002,AUS,TX,ASW,CE,Towers with Radar,259,56,122,17,454,0,11,157,51,219,259,67,279,68,673,64,0,64,737
12/07/2002,AUS,TX,ASW,CE,Towers with Radar,187,41,99,37,364,5,2,133,7,147,192,43,232,44,511,28,0,28,539
12/08/2002,AUS,TX,ASW,CE,Towers with Radar,201,30,105,8,344,5,1,0,0,6,206,31,105,8,350,2,0,2,352
12/09/2002,AUS,TX,ASW,CE,Towers with Radar,251,49,147,5,452,5,5,0,0,10,256,54,147,5,462,0,0,0,462
12/10/2002,AUS,TX,ASW,CE,Towers with Radar,271,63,164,20,518,5,2,45,1,53,276,65,209,21,571,12,0,12,583
12/11/2002,AUS,TX,ASW,CE,Towers with Radar,281,56,146,13,496,0,0,90,0,90,281,56,236,13,586,18,0,18,604
12/12/2002,AUS,TX,ASW,CE,Towers with Radar,289,68,99,15,471,5,2,61,2,70,294,70,160,17,541,6,0,6,547
12/13/2002,AUS,TX,ASW,CE,Towers with Radar,272,56,111,39,478,5,8,226,2,241,277,64,337,41,719,86,0,86,805
12/14/2002,AUS,TX,ASW,CE,Towers with Radar,192,28,64,38,322,5,2,183,6,196,197,30,247,44,518,20,0,20,538
12/15/2002,AUS,TX,ASW,CE,Towers with Radar,216,33,90,28,367,5,1,184,7,197,221,34,274,35,564,72,0,72,636
12/16/2002,AUS,TX,ASW,CE,Towers with Radar,243,47,105,2,397,3,0,80,0,83,246,47,185,2,480,38,0,38,518
12/17/2002,AUS,TX,ASW,CE,Towers with Radar,281,58,124,17,480,0,1,53,12,66,281,59,177,29,546,20,0,20,566
12/18/2002,AUS,TX,ASW,CE,Towers with Radar,259,60,129,18,466,0,12,96,49,157,259,72,225,67,623,40,0,40,663
12/19/2002,AUS,TX,ASW,CE,Towers with Radar,266,54,120,11,451,5,3,150,6,164,271,57,270,17,615,28,0,28,643
12/20/2002,AUS,TX,ASW,CE,Towers with Radar,266,60,91,22,439,5,6,181,6,198,271,66,272,28,637,44,0,44,681
12/21/2002,AUS,TX,ASW,CE,Towers with Radar,181,39,70,2,292,5,4,155,0,164,186,43,225,2,456,14,0,14,470
12/22/2002,AUS,TX,ASW,CE,Towers with Radar,200,35,81,0,316,5,1,80,0,86,205,36,161,0,402,16,0,16,418
12/23/2002,AUS,TX,ASW,CE,Towers with Radar,272,42,90,2,406,5,0,8,0,13,277,42,98,2,419,18,0,18,437
12/24/2002,AUS,TX,ASW,CE,Towers with Radar,197,44,50,1,292,5,0,31,0,36,202,44,81,1,328,6,0,6,334
12/25/2002,AUS,TX,ASW,CE,Towers with Radar,173,14,27,0,214,5,0,69,0,74,178,14,96,0,288,0,0,0,288
12/26/2002,AUS,TX,ASW,CE,Towers with Radar,252,45,76,3,376,5,0,73,2,80,257,45,149,5,456,0,0,0,456
12/27/2002,AUS,TX,ASW,CE,Towers with Radar,257,48,112,8,425,5,2,155,0,162,262,50,267,8,587,0,0,0,587
12/28/2002,AUS,TX,ASW,CE,Towers with Radar,203,38,60,5,306,5,4,155,0,164,208,42,215,5,470,0,0,0,470
12/29/2002,AUS,TX,ASW,CE,Towers with Radar,203,29,71,2,305,5,0,17,0,22,208,29,88,2,327,0,0,0,327
12/30/2002,AUS,TX,ASW,CE,Towers with Radar,295,37,55,0,387,5,0,9,0,14,300,37,64,0,401,2,0,2,403
12/31/2002,AUS,TX,ASW,CE,Towers with Radar,226,49,48,2,325,5,0,2,79,86,231,49,50,81,411,8,0,8,419
01/01/2003,AUS,TX,ASW,CE,Towers with Radar,151,13,65,0,229,35,0,79,0,114,186,13,144,0,343,0,0,0,343
01/02/2003,AUS,TX,ASW,CE,Towers with Radar,247,58,65,0,370,0,3,101,2,106,247,61,166,2,476,6,18,24,500
01/03/2003,AUS,TX,ASW,CE,Towers with Radar,269,47,95,3,414,0,7,197,4,208,269,54,292,7,622,38,26,64,686
01/04/2003,AUS,TX,ASW,CE,Towers with Radar,192,34,70,13,309,0,4,194,3,201,192,38,264,16,510,50,18,68,578
01/05/2003,AUS,TX,ASW,CE,Towers with Radar,198,37,85,1,321,23,2,154,0,179,221,39,239,1,500,16,0,16,516
01/06/2003,AUS,TX,ASW,CE,Towers with Radar,266,46,108,4,424,0,5,68,3,76,266,51,176,7,500,0,0,0,500
01/07/2003,AUS,TX,ASW,CE,Towers with Radar,268,40,121,18,447,0,17,155,7,179,268,57,276,25,626,18,40,58,684
01/08/2003,AUS,TX,ASW,CE,Towers with Radar,269,60,94,25,448,0,7,156,4,167,269,67,250,29,615,16,0,16,631
01/09/2003,AUS,TX,ASW,CE,Towers with Radar,270,51,118,18,457,1,1,181,0,183,271,52,299,18,640,0,0,0,640
01/10/2003,AUS,TX,ASW,CE,Towers with Radar,274,52,120,20,466,15,9,133,46,203,289,61,253,66,669,12,52,64,733
01/11/2003,AUS,TX,ASW,CE,Towers with Radar,186,27,82,29,324,0,2,40,7,49,186,29,122,36,373,6,24,30,403
01/12/2003,AUS,TX,ASW,CE,Towers with Radar,201,34,49,14,298,0,1,0,0,1,201,35,49,14,299,0,0,0,299
01/13/2003,AUS,TX,ASW,CE,Towers with Radar,256,38,174,31,499,0,3,22,0,25,256,41,196,31,524,14,6,20,544
01/14/2003,AUS,TX,ASW,CE,Towers with Radar,273,59,172,31,535,0,5,61,2,68,273,64,233,33,603,12,8,20,623
01/15/2003,AUS,TX,ASW,CE,Towers with Radar,264,55,123,10,452,0,2,15,2,19,264,57,138,12,471,0,0,0,471
01/16/2003,AUS,TX,ASW,CE,Towers with Radar,253,47,94,10,404,0,8,155,5,168,253,55,249,15,572,5,1,6,578
01/17/2003,AUS,TX,ASW,CE,Towers with Radar,269,54,89,21,433,0,6,188,5,199,269,60,277,26,632,2,116,118,750
01/18/2003,AUS,TX,ASW,CE,Towers with Radar,182,21,51,35,289,0,6,149,6,161,182,27,200,41,450,24,22,46,496
01/19/2003,AUS,TX,ASW,CE,Towers with Radar,221,30,71,26,348,0,4,162,5,171,221,34,233,31,519,8,70,78,597
01/20/2003,AUS,TX,ASW,CE,Towers with Radar,248,50,147,27,472,0,5,127,2,134,248,55,274,29,606,10,10,20,626
01/21/2003,AUS,TX,ASW,CE,Towers with Radar,266,55,141,33,495,0,5,139,13,157,266,60,280,46,652,22,30,52,704
01/22/2003,AUS,TX,ASW,CE,Towers with Radar,272,75,178,34,559,0,7,88,5,100,272,82,266,39,659,5,3,8,667
01/23/2003,AUS,TX,ASW,CE,Towers with Radar,264,50,116,19,449,14,1,128,6,149,278,51,244,25,598,0,0,0,598
01/24/2003,AUS,TX,ASW,CE,Towers with Radar,267,41,106,14,428,0,2,138,7,147,267,43,244,21,575,4,14,18,593
01/25/2003,AUS,TX,ASW,CE,Towers with Radar,187,32,86,12,317,0,1,2,1,4,187,33,88,13,321,4,4,8,329
01/26/2003,AUS,TX,ASW,CE,Towers with Radar,224,38,75,14,351,0,1,5,2,8,224,39,80,16,359,8,10,18,377
01/27/2003,AUS,TX,ASW,CE,Towers with Radar,238,67,101,27,433,3,1,29,7,40,241,68,130,34,473,0,34,34,507
01/28/2003,AUS,TX,ASW,CE,Towers with Radar,276,64,124,33,497,0,3,32,9,44,276,67,156,42,541,0,38,38,579
01/29/2003,AUS,TX,ASW,CE,Towers with Radar,276,63,154,7,500,0,7,91,11,109,276,70,245,18,609,14,4,18,627
01/30/2003,AUS,TX,ASW,CE,Towers with Radar,265,65,184,8,522,0,0,64,4,68,265,65,248,12,590,12,6,18,608
01/31/2003,AUS,TX,ASW,CE,Towers with Radar,261,54,119,14,448,0,8,133,9,150,261,62,252,23,598,20,32,52,650
02/01/2003,AUS,TX,ASW,CE,Towers with Radar,181,36,73,18,308,4,9,201,30,244,185,45,274,48,552,14,30,44,596
02/02/2003,AUS,TX,ASW,CE,Towers with Radar,204,37,126,20,387,1,1,27,3,32,205,38,153,23,419,58,22,80,499
02/03/2003,AUS,TX,ASW,CE,Towers with Radar,249,45,71,35,400,1,11,78,7,97,250,56,149,42,497,16,44,60,557
02/04/2003,AUS,TX,ASW,CE,Towers with Radar,260,62,105,4,431,0,7,134,14,155,260,69,239,18,586,4,22,26,612
02/05/2003,AUS,TX,ASW,CE,Towers with Radar,248,67,164,4,483,1,1,36,6,44,249,68,200,10,527,0,2,2,529
02/06/2003,AUS,TX,ASW,CE,Towers with Radar,259,54,140,17,470,0,1,6,33,40,259,55,146,50,510,20,14,34,544
02/07/2003,AUS,TX,ASW,CE,Towers with Radar,261,45,97,9,412,0,4,31,3,38,261,49,128,12,450,6,10,16,466
02/08/2003,AUS,TX,ASW,CE,Towers with Radar,184,34,29,0,247,1,0,0,0,1,185,34,29,0,248,0,0,0,248
02/09/2003,AUS,TX,ASW,CE,Towers with Radar,213,34,103,2,352,12,0,140,0,152,225,34,243,2,504,66,0,66,570
02/10/2003,AUS,TX,ASW,CE,Towers with Radar,260,55,110,47,472,0,7,199,9,215,260,62,309,56,687,4,48,52,739
02/11/2003,AUS,TX,ASW,CE,Towers with Radar,244,70,125,14,453,0,4,136,8,148,244,74,261,22,601,32,16,48,649
02/12/2003,AUS,TX,ASW,CE,Towers with Radar,262,65,143,10,480,0,14,6,0,20,262,79,149,10,500,8,10,18,518
02/13/2003,AUS,TX,ASW,CE,Towers with Radar,266,61,139,5,471,0,0,36,0,36,266,61,175,5,507,10,50,60,567
02/14/2003,AUS,TX,ASW,CE,Towers with Radar,264,55,100,17,436,0,0,30,5,35,264,55,130,22,471,0,26,26,497
02/15/2003,AUS,TX,ASW,CE,Towers with Radar,185,48,97,13,343,0,2,57,4,63,185,50,154,17,406,92,10,102,508
02/16/2003,AUS,TX,ASW,CE,Towers with Radar,209,39,92,9,349,1,5,102,4,112,210,44,194,13,461,38,2,40,501
02/17/2003,AUS,TX,ASW,CE,Towers with Radar,244,55,126,0,425,1,8,183,4,196,245,63,309,4,621,24,0,24,645
02/18/2003,AUS,TX,ASW,CE,Towers with Radar,281,57,209,23,570,0,2,53,5,60,281,59,262,28,630,26,22,48,678
02/19/2003,AUS,TX,ASW,CE,Towers with Radar,279,65,143,10,497,0,2,14,11,27,279,67,157,21,524,14,14,28,552
02/20/2003,AUS,TX,ASW,CE,Towers with Radar,280,68,89,0,437,0,0,0,0,0,280,68,89,0,437,0,0,0,437
02/21/2003,AUS,TX,ASW,CE,Towers with Radar,292,70,100,1,463,0,0,1,4,5,292,70,101,5,468,0,0,0,468
02/22/2003,AUS,TX,ASW,CE,Towers with Radar,191,27,109,9,336,0,0,11,231,242,191,27,120,240,578,60,14,74,652
02/23/2003,AUS,TX,ASW,CE,Towers with Radar,210,40,85,15,350,0,4,142,6,152,210,44,227,21,502,0,16,16,518
02/24/2003,AUS,TX,ASW,CE,Towers with Radar,193,40,93,7,333,22,0,13,0,35,215,40,106,7,368,0,4,4,372
02/25/2003,AUS,TX,ASW,CE,Towers with Radar,171,30,35,2,238,1,0,0,2,3,172,30,35,4,241,0,11,11,252
02/26/2003,AUS,TX,ASW,CE,Towers with Radar,224,49,108,3,384,27,5,14,0,46,251,54,122,3,430,0,1,1,431
02/27/2003,AUS,TX,ASW,CE,Towers with Radar,274,66,168,12,520,0,3,104,8,115,274,69,272,20,635,0,18,18,653
02/28/2003,AUS,TX,ASW,CE,Towers with Radar,264,64,174,39,541,0,0,42,3,45,264,64,216,42,586,22,38,60,646
03/01/2003,AUS,TX,ASW,CE,Towers with Radar,191,44,105,5,345,0,0,3,0,3,191,44,108,5,348,0,10,10,358
03/02/2003,AUS,TX,ASW,CE,Towers with Radar,216,48,92,13,369,0,0,2,1,3,216,48,94,14,372,0,2,2,374
03/03/2003,AUS,TX,ASW,CE,Towers with Radar,263,54,131,2,450,0,4,26,2,32,263,58,157,4,482,8,0,8,490
03/04/2003,AUS,TX,ASW,CE,Towers with Radar,265,64,171,38,538,0,4,61,3,68,265,68,232,41,606,40,2,42,648
03/05/2003,AUS,TX,ASW,CE,Towers with Radar,265,62,173,4,504,0,3,23,1,27,265,65,196,5,531,0,14,14,545
03/06/2003,AUS,TX,ASW,CE,Towers with Radar,289,59,148,9,505,0,5,237,6,248,289,64,385,15,753,8,6,14,767
03/07/2003,AUS,TX,ASW,CE,Towers with Radar,282,70,130,10,492,0,3,219,5,227,282,73,349,15,719,48,30,78,797
03/08/2003,AUS,TX,ASW,CE,Towers with Radar,192,54,121,12,379,0,4,97,5,106,192,58,218,17,485,12,34,46,531
03/09/2003,AUS,TX,ASW,CE,Towers with Radar,224,38,99,13,374,0,2,119,2,123,224,40,218,15,497,72,16,88,585
03/10/2003,AUS,TX,ASW,CE,Towers with Radar,231,62,134,27,454,0,4,114,12,130,231,66,248,39,584,16,44,60,644
03/11/2003,AUS,TX,ASW,CE,Towers with Radar,265,53,114,9,441,1,0,24,2,27,266,53,138,11,468,20,16,36,504
03/12/2003,AUS,TX,ASW,CE,Towers with Radar,269,67,152,33,521,0,1,15,1,17,269,68,167,34,538,10,90,100,638
03/13/2003,AUS,TX,ASW,CE,Towers with Radar,270,83,99,6,458,0,2,83,7,92,270,85,182,13,550,10,12,22,572
03/14/2003,AUS,TX,ASW,CE,Towers with Radar,275,49,95,36,455,0,9,196,6,211,275,58,291,42,666,16,17,33,699
03/15/2003,AUS,TX,ASW,CE,Towers with Radar,181,58,148,65,452,0,1,72,2,75,181,59,220,67,527,37,34,71,598
03/16/2003,AUS,TX,ASW,CE,Towers with Radar,227,51,112,22,412,0,2,104,9,115,227,53,216,31,527,22,3,25,552
03/17/2003,AUS,TX,ASW,CE,Towers with Radar,250,52,135,17,454,0,0,39,0,39,250,52,174,17,493,6,2,8,501
03/18/2003,AUS,TX,ASW,CE,Towers with Radar,283,62,118,11,474,0,9,88,12,109,283,71,206,23,583,0,23,23,606
03/19/2003,AUS,TX,ASW,CE,Towers with Radar,253,73,132,14,472,0,3,145,4,152,253,76,277,18,624,15,2,17,641
03/20/2003,AUS,TX,ASW,CE,Towers with Radar,270,63,147,22,502,0,3,175,11,189,270,66,322,33,691,6,0,6,697
03/21/2003,AUS,TX,ASW,CE,Towers with Radar,256,54,131,69,510,15,1,247,3,266,271,55,378,72,776,7,30,37,813
03/22/2003,AUS,TX,ASW,CE,Towers with Radar,184,34,62,41,321,0,2,46,0,48,184,36,108,41,369,6,0,6,375
03/23/2003,AUS,TX,ASW,CE,Towers with Radar,243,41,83,47,414,0,13,191,7,211,243,54,274,54,625,4,12,16,641
03/24/2003,AUS,TX,ASW,CE,Towers with Radar,252,41,97,16,406,0,5,85,5,95,252,46,182,21,501,2,2,4,505
03/25/2003,AUS,TX,ASW,CE,Towers with Radar,278,72,145,2,497,0,1,5,0,6,278,73,150,2,503,2,0,2,505
03/26/2003,AUS,TX,ASW,CE,Towers with Radar,247,55,121,18,441,23,5,154,0,182,270,60,275,18,623,18,4,22,645
03/27/2003,AUS,TX,ASW,CE,Towers with Radar,267,63,150,20,500,0,7,119,2,128,267,70,269,22,628,4,0,4,632
03/28/2003,AUS,TX,ASW,CE,Towers with Radar,268,52,143,23,486,0,2,87,1,90,268,54,230,24,576,4,11,15,591
03/29/2003,AUS,TX,ASW,CE,Towers with Radar,189,40,83,8,320,1,4,104,1,110,190,44,187,9,430,6,3,9,439
03/30/2003,AUS,TX,ASW,CE,Towers with Radar,236,42,65,30,373,0,3,163,2,168,236,45,228,32,541,25,13,38,579
03/31/2003,AUS,TX,ASW,CE,Towers with Radar,267,49,101,34,451,0,7,151,4,162,267,56,252,38,613,0,42,42,655
04/01/2003,AUS,TX,ASW,CE,Towers with Radar,277,71,115,5,468,0,7,158,3,168,277,78,273,8,636,32,12,44,680
04/02/2003,AUS,TX,ASW,CE,Towers with Radar,265,63,169,15,512,0,5,101,4,110,265,68,270,19,622,0,12,12,634
04/03/2003,AUS,TX,ASW,CE,Towers with Radar,275,64,159,18,516,0,3,117,6,126,275,67,276,24,642,0,14,14,656
04/04/2003,AUS,TX,ASW,CE,Towers with Radar,286,68,165,37,556,0,10,152,7,169,286,78,317,44,725,42,34,76,801
04/05/2003,AUS,TX,ASW,CE,Towers with Radar,195,53,123,47,418,0,0,111,7,118,195,53,234,54,536,46,54,100,636
04/06/2003,AUS,TX,ASW,CE,Towers with Radar,218,61,111,17,407,0,5,66,7,78,218,66,177,24,485,20,14,34,519
04/07/2003,AUS,TX,ASW,CE,Towers with Radar,257,53,119,0,429,0,3,54,4,61,257,56,173,4,490,0,0,0,490
04/08/2003,AUS,TX,ASW,CE,Towers with Radar,263,69,95,17,444,0,8,86,18,112,263,77,181,35,556,10,34,44,600
04/09/2003,AUS,TX,ASW,CE,Towers with Radar,267,70,135,19,491,0,4,220,6,230,267,74,355,25,721,32,46,78,799
04/10/2003,AUS,TX,ASW,CE,Towers with Radar,266,76,114,11,467,0,8,204,19,231,266,84,318,30,698,66,20,86,784
04/11/2003,AUS,TX,ASW,CE,Towers with Radar,251,60,143,8,462,0,8,181,13,202,251,68,324,21,664,50,6,56,720
04/12/2003,AUS,TX,ASW,CE,Towers with Radar,206,51,129,5,391,0,3,229,6,238,206,54,358,11,629,24,16,40,669
04/13/2003,AUS,TX,ASW,CE,Towers with Radar,227,43,102,1,373,0,2,186,5,193,227,45,288,6,566,72,12,84,650
04/14/2003,AUS,TX,ASW,CE,Towers with Radar,255,61,92,18,426,0,18,165,6,189,255,79,257,24,615,40,52,92,707
04/15/2003,AUS,TX,ASW,CE,Towers with Radar,272,63,153,13,501,1,2,100,9,112,273,65,253,22,613,38,4,42,655
04/16/2003,AUS,TX,ASW,CE,Towers with Radar,269,79,148,22,518,0,4,102,0,106,269,83,250,22,624,1,20,21,645
04/17/2003,AUS,TX,ASW,CE,Towers with Radar,285,94,214,7,600,0,1,108,3,112,285,95,322,10,712,58,8,66,778
04/18/2003,AUS,TX,ASW,CE,Towers with Radar,259,67,120,23,469,0,0,91,4,95,259,67,211,27,564,40,26,66,630
04/19/2003,AUS,TX,ASW,CE,Towers with Radar,241,41,102,1,385,0,0,30,2,32,241,41,132,3,417,38,0,38,455
04/20/2003,AUS,TX,ASW,CE,Towers with Radar,219,76,81,10,386,0,1,87,3,91,219,77,168,13,477,24,10,34,511
04/21/2003,AUS,TX,ASW,CE,Towers with Radar,253,53,112,12,430,0,3,159,2,164,253,56,271,14,594,26,12,38,632
04/22/2003,AUS,TX,ASW,CE,Towers with Radar,280,71,139,8,498,0,2,9,2,13,280,73,148,10,511,6,6,12,523
04/23/2003,AUS,TX,ASW,CE,Towers with Radar,265,90,148,18,521,0,4,20,8,32,265,94,168,26,553,20,42,62,615
04/24/2003,AUS,TX,ASW,CE,Towers with Radar,266,85,150,27,528,0,5,154,14,173,266,90,304,41,701,34,30,64,765
04/25/2003,AUS,TX,ASW,CE,Towers with Radar,274,59,142,33,508,0,11,197,3,211,274,70,339,36,719,14,46,60,779
04/26/2003,AUS,TX,ASW,CE,Towers with Radar,177,65,79,16,337,0,7,237,0,244,177,72,316,16,581,50,18,68,649
04/27/2003,AUS,TX,ASW,CE,Towers with Radar,211,46,115,4,376,0,4,221,2,227,211,50,336,6,603,42,2,44,647
04/28/2003,AUS,TX,ASW,CE,Towers with Radar,255,49,108,17,429,0,4,96,2,102,255,53,204,19,531,10,38,48,579
04/29/2003,AUS,TX,ASW,CE,Towers with Radar,249,70,170,10,499,0,2,75,5,82,249,72,245,15,581,46,30,76,657
04/30/2003,AUS,TX,ASW,CE,Towers with Radar,266,93,135,13,507,0,3,74,4,81,266,96,209,17,588,0,12,12,600
05/01/2003,AUS,TX,ASW,CE,Towers with Radar,284,84,182,11,561,0,3,88,2,93,284,87,270,13,654,12,10,22,676
05/02/2003,AUS,TX,ASW,CE,Towers with Radar,257,82,164,14,517,0,5,112,9,126,257,87,276,23,643,56,38,94,737
05/03/2003,AUS,TX,ASW,CE,Towers with Radar,190,51,93,27,361,0,0,31,0,31,190,51,124,27,392,4,22,26,418
05/04/2003,AUS,TX,ASW,CE,Towers with Radar,213,65,102,16,396,0,0,52,3,55,213,65,154,19,451,56,12,68,519
05/05/2003,AUS,TX,ASW,CE,Towers with Radar,254,67,172,4,497,0,2,90,8,100,254,69,262,12,597,46,4,50,647
05/06/2003,AUS,TX,ASW,CE,Towers with Radar,262,80,149,0,491,0,3,31,4,38,262,83,180,4,529,6,0,6,535
05/07/2003,AUS,TX,ASW,CE,Towers with Radar,256,97,177,9,539,0,1,68,2,71,256,98,245,11,610,12,6,18,628
05/08/2003,AUS,TX,ASW,CE,Towers with Radar,285,76,157,12,530,0,5,96,9,110,285,81,253,21,640,10,12,22,662
05/09/2003,AUS,TX,ASW,CE,Towers with Radar,262,67,168,28,525,0,6,137,9,152,262,73,305,37,677,18,66,84,761
05/10/2003,AUS,TX,ASW,CE,Towers with Radar,200,44,127,23,394,0,2,102,2,106,200,46,229,25,500,0,20,20,520
05/11/2003,AUS,TX,ASW,CE,Towers with Radar,224,82,94,3,403,0,6,84,0,90,224,88,178,3,493,8,2,10,503
05/12/2003,AUS,TX,ASW,CE,Towers with Radar,267,57,126,0,450,0,4,84,0,88,267,61,210,0,538,56,10,66,604
05/13/2003,AUS,TX,ASW,CE,Towers with Radar,266,66,116,10,458,0,4,80,2,86,266,70,196,12,544,20,8,28,572
05/14/2003,AUS,TX,ASW,CE,Towers with Radar,271,57,164,14,506,0,7,116,6,129,271,64,280,20,635,20,12,32,667
05/15/2003,AUS,TX,ASW,CE,Towers with Radar,265,85,124,2,476,0,6,104,1,111,265,91,228,3,587,0,0,0,587
05/16/2003,AUS,TX,ASW,CE,Towers with Radar,294,82,133,17,526,0,2,141,10,153,294,84,274,27,679,6,18,24,703
05/17/2003,AUS,TX,ASW,CE,Towers with Radar,187,35,81,17,320,0,0,200,2,202,187,35,281,19,522,18,34,52,574
05/18/2003,AUS,TX,ASW,CE,Towers with Radar,217,48,72,8,345,0,5,183,2,190,217,53,255,10,535,26,0,26,561
05/19/2003,AUS,TX,ASW,CE,Towers with Radar,256,57,95,7,415,0,5,110,3,118,256,62,205,10,533,0,12,12,545
05/20/2003,AUS,TX,ASW,CE,Towers with Radar,274,79,116,9,478,0,12,67,0,79,274,91,183,9,557,18,34,52,609
05/21/2003,AUS,TX,ASW,CE,Towers with Radar,264,82,146,7,499,0,2,86,2,90,264,84,232,9,589,20,2,22,611
05/22/2003,AUS,TX,ASW,CE,Towers with Radar,261,86,133,15,495,0,1,118,6,125,261,87,251,21,620,20,20,40,660
05/23/2003,AUS,TX,ASW,CE,Towers with Radar,259,80,145,13,497,0,3,175,7,185,259,83,320,20,682,16,58,74,756
05/24/2003,AUS,TX,ASW,CE,Towers with Radar,183,39,79,4,305,0,3,118,0,121,183,42,197,4,426,24,4,28,454
05/25/2003,AUS,TX,ASW,CE,Towers with Radar,196,50,51,3,300,0,2,80,1,83,196,52,131,4,383,38,2,40,423
05/26/2003,AUS,TX,ASW,CE,Towers with Radar,234,42,79,3,358,0,3,71,5,79,234,45,150,8,437,2,2,4,441
05/27/2003,AUS,TX,ASW,CE,Towers with Radar,248,79,104,12,443,0,1,62,5,68,248,80,166,17,511,4,44,48,559
05/28/2003,AUS,TX,ASW,CE,Towers with Radar,259,88,119,8,474,0,6,164,5,175,259,94,283,13,649,8,12,20,669
05/29/2003,AUS,TX,ASW,CE,Towers with Radar,275,67,104,23,469,0,7,213,16,236,275,74,317,39,705,20,56,76,781
05/30/2003,AUS,TX,ASW,CE,Towers with Radar,257,67,101,7,432,0,3,205,6,214,257,70,306,13,646,14,6,20,666
05/31/2003,AUS,TX,ASW,CE,Towers with Radar,189,59,94,14,356,0,2,172,3,177,189,61,266,17,533,10,10,20,553
06/01/2003,AUS,TX,ASW,CE,Towers with Radar,220,54,90,27,391,0,3,106,2,111,220,57,196,29,502,26,24,50,552
06/02/2003,AUS,TX,ASW,CE,Towers with Radar,258,62,108,66,494,0,2,59,3,64,258,64,167,69,558,30,66,96,654
06/03/2003,AUS,TX,ASW,CE,Towers with Radar,271,63,109,32,475,0,9,88,9,106,271,72,197,41,581,18,32,50,631
06/04/2003,AUS,TX,ASW,CE,Towers with Radar,272,77,145,35,529,0,6,113,10,129,272,83,258,45,658,40,40,80,738
06/05/2003,AUS,TX,ASW,CE,Towers with Radar,299,79,124,3,505,0,2,66,6,74,299,81,190,9,579,8,2,10,589
06/06/2003,AUS,TX,ASW,CE,Towers with Radar,276,71,120,34,501,0,0,154,1,155,276,71,274,35,656,20,38,58,714
06/07/2003,AUS,TX,ASW,CE,Towers with Radar,178,46,66,12,302,0,2,181,2,185,178,48,247,14,487,16,12,28,515
06/08/2003,AUS,TX,ASW,CE,Towers with Radar,224,59,73,17,373,0,0,69,13,82,224,59,142,30,455,0,16,16,471
06/09/2003,AUS,TX,ASW,CE,Towers with Radar,245,57,72,1,375,0,5,86,1,92,245,62,158,2,467,20,18,38,505
06/10/2003,AUS,TX,ASW,CE,Towers with Radar,268,68,109,15,460,0,5,103,11,119,268,73,212,26,579,30,8,38,617
06/11/2003,AUS,TX,ASW,CE,Towers with Radar,257,85,129,11,482,0,2,117,8,127,257,87,246,19,609,0,0,0,609
06/12/2003,AUS,TX,ASW,CE,Towers with Radar,307,91,147,3,548,0,4,147,11,162,307,95,294,14,710,32,2,34,744
06/13/2003,AUS,TX,ASW,CE,Towers with Radar,318,78,122,24,542,0,3,36,3,42,318,81,158,27,584,10,40,50,634
06/14/2003,AUS,TX,ASW,CE,Towers with Radar,204,52,61,2,319,0,1,126,2,129,204,53,187,4,448,0,0,0,448
06/15/2003,AUS,TX,ASW,CE,Towers with Radar,235,44,95,0,374,0,0,77,1,78,235,44,172,1,452,16,0,16,468
06/16/2003,AUS,TX,ASW,CE,Towers with Radar,302,45,152,11,510,0,4,158,6,168,302,49,310,17,678,0,0,0,678
06/17/2003,AUS,TX,ASW,CE,Towers with Radar,273,87,112,44,516,0,2,139,8,149,273,89,251,52,665,0,0,0,665
06/18/2003,AUS,TX,ASW,CE,Towers with Radar,280,81,103,19,483,0,5,156,7,168,280,86,259,26,651,54,40,94,745
06/19/2003,AUS,TX,ASW,CE,Towers with Radar,275,70,121,10,476,0,4,179,2,185,275,74,300,12,661,24,10,34,695
06/20/2003,AUS,TX,ASW,CE,Towers with Radar,281,55,98,29,463,0,6,173,17,196,281,61,271,46,659,16,50,66,725
06/21/2003,AUS,TX,ASW,CE,Towers with Radar,197,55,79,0,331,0,4,110,0,114,197,59,189,0,445,26,0,26,471
06/22/2003,AUS,TX,ASW,CE,Towers with Radar,237,37,69,8,351,0,2,110,0,112,237,39,179,8,463,24,10,34,497
06/23/2003,AUS,TX,ASW,CE,Towers with Radar,282,59,106,6,453,0,7,111,1,119,282,66,217,7,572,12,6,18,590
06/24/2003,AUS,TX,ASW,CE,Towers with Radar,292,71,120,9,492,0,3,108,0,111,292,74,228,9,603,10,14,24,627
06/25/2003,AUS,TX,ASW,CE,Towers with Radar,301,67,146,10,524,0,2,101,1,104,301,69,247,11,628,32,14,46,674
06/26/2003,AUS,TX,ASW,CE,Towers with Radar,293,82,110,6,491,0,2,139,5,146,293,84,249,11,637,2,34,36,673
06/27/2003,AUS,TX,ASW,CE,Towers with Radar,268,80,110,19,477,0,0,178,11,189,268,80,288,30,666,22,42,64,730
06/28/2003,AUS,TX,ASW,CE,Towers with Radar,206,49,84,3,342,0,6,151,0,157,206,55,235,3,499,68,2,70,569
06/29/2003,AUS,TX,ASW,CE,Towers with Radar,248,65,89,17,419,0,2,168,9,179,248,67,257,26,598,8,32,40,638
06/30/2003,AUS,TX,ASW,CE,Towers with Radar,260,55,107,13,435,0,7,115,0,122,260,62,222,13,557,24,18,42,599
07/01/2003,AUS,TX,ASW,CE,Towers with Radar,285,65,81,23,454,0,5,117,3,125,285,70,198,26,579,26,20,46,625
07/02/2003,AUS,TX,ASW,CE,Towers with Radar,293,59,101,16,469,0,8,158,6,172,293,67,259,22,641,70,12,82,723
07/03/2003,AUS,TX,ASW,CE,Towers with Radar,286,80,99,4,469,0,3,162,4,169,286,83,261,8,638,2,4,6,644
07/04/2003,AUS,TX,ASW,CE,Towers with Radar,184,34,59,0,277,0,3,27,0,30,184,37,86,0,307,0,0,0,307
07/05/2003,AUS,TX,ASW,CE,Towers with Radar,188,54,34,0,276,0,0,24,0,24,188,54,58,0,300,0,0,0,300
07/06/2003,AUS,TX,ASW,CE,Towers with Radar,236,44,73,1,354,0,9,72,0,81,236,53,145,1,435,20,0,20,455
07/07/2003,AUS,TX,ASW,CE,Towers with Radar,273,53,96,14,436,0,2,51,2,55,273,55,147,16,491,2,18,20,511
07/08/2003,AUS,TX,ASW,CE,Towers with Radar,282,75,120,2,479,0,0,25,2,27,282,75,145,4,506,6,0,6,512
07/09/2003,AUS,TX,ASW,CE,Towers with Radar,314,61,113,4,492,0,0,56,3,59,314,61,169,7,551,30,4,34,585
07/10/2003,AUS,TX,ASW,CE,Towers with Radar,277,70,117,9,473,0,8,161,5,174,277,78,278,14,647,14,6,20,667
07/11/2003,AUS,TX,ASW,CE,Towers with Radar,274,62,89,9,434,0,7,166,9,182,274,69,255,18,616,84,8,92,708
07/12/2003,AUS,TX,ASW,CE,Towers with Radar,219,53,58,34,364,0,5,134,9,148,219,58,192,43,512,6,56,62,574
07/13/2003,AUS,TX,ASW,CE,Towers with Radar,224,57,88,15,384,12,2,145,6,165,236,59,233,21,549,32,14,46,595
07/14/2003,AUS,TX,ASW,CE,Towers with Radar,270,62,74,6,412,0,8,132,3,143,270,70,206,9,555,8,6,14,569
07/15/2003,AUS,TX,ASW,CE,Towers with Radar,285,47,86,5,423,0,5,51,0,56,285,52,137,5,479,41,12,53,532
07/16/2003,AUS,TX,ASW,CE,Towers with Radar,275,60,92,1,428,0,1,37,2,40,275,61,129,3,468,10,0,10,478
07/17/2003,AUS,TX,ASW,CE,Towers with Radar,291,65,155,18,529,0,2,109,8,119,291,67,264,26,648,6,18,24,672
07/18/2003,AUS,TX,ASW,CE,Towers with Radar,273,57,113,36,479,0,3,212,4,219,273,60,325,40,698,8,40,48,746
07/19/2003,AUS,TX,ASW,CE,Towers with Radar,221,30,61,36,348,0,3,167,3,173,221,33,228,39,521,40,34,74,595
07/20/2003,AUS,TX,ASW,CE,Towers with Radar,241,40,72,8,361,0,0,165,0,165,241,40,237,8,526,28,8,36,562
07/21/2003,AUS,TX,ASW,CE,Towers with Radar,252,69,59,31,411,0,6,189,8,203,252,75,248,39,614,14,28,42,656
07/22/2003,AUS,TX,ASW,CE,Towers with Radar,261,69,104,11,445,0,8,107,11,126,261,77,211,22,571,20,12,32,603
07/23/2003,AUS,TX,ASW,CE,Towers with Radar,293,83,97,6,479,0,6,131,8,145,293,89,228,14,624,54,6,60,684
07/24/2003,AUS,TX,ASW,CE,Towers with Radar,270,88,133,15,506,0,5,122,9,136,270,93,255,24,642,54,22,76,718
07/25/2003,AUS,TX,ASW,CE,Towers with Radar,259,72,112,47,490,0,1,162,8,171,259,73,274,55,661,58,88,146,807
07/26/2003,AUS,TX,ASW,CE,Towers with Radar,219,37,91,5,352,0,1,154,3,158,219,38,245,8,510,44,6,50,560
07/27/2003,AUS,TX,ASW,CE,Towers with Radar,234,51,73,17,375,0,7,141,2,150,234,58,214,19,525,14,26,40,565
07/28/2003,AUS,TX,ASW,CE,Towers with Radar,275,50,110,2,437,2,4,110,8,124,277,54,220,10,561,10,18,28,589
07/29/2003,AUS,TX,ASW,CE,Towers with Radar,255,62,94,10,421,0,7,146,12,165,255,69,240,22,586,40,18,58,644
07/30/2003,AUS,TX,ASW,CE,Towers with Radar,285,61,144,7,497,0,10,126,9,145,285,71,270,16,642,8,6,14,656
07/31/2003,AUS,TX,ASW,CE,Towers with Radar,278,73,116,5,472,0,7,122,6,135,278,80,238,11,607,3,0,3,610
08/01/2003,AUS,TX,ASW,CE,Towers with Radar,267,54,112,34,467,0,0,162,7,169,267,54,274,41,636,18,44,62,698
08/02/2003,AUS,TX,ASW,CE,Towers with Radar,204,51,70,16,341,0,6,119,2,127,204,57,189,18,468,36,24,60,528
08/03/2003,AUS,TX,ASW,CE,Towers with Radar,221,53,74,5,353,0,0,119,0,119,221,53,193,5,472,48,8,56,528
08/04/2003,AUS,TX,ASW,CE,Towers with Radar,273,50,125,8,456,0,2,155,5,162,273,52,280,13,618,30,16,46,664
08/05/2003,AUS,TX,ASW,CE,Towers with Radar,274,61,87,10,432,0,4,160,6,170,274,65,247,16,602,56,12,68,670
08/06/2003,AUS,TX,ASW,CE,Towers with Radar,292,60,126,9,487,0,1,130,4,135,292,61,256,13,622,34,34,68,690
08/07/2003,AUS,TX,ASW,CE,Towers with Radar,284,48,96,20,448,0,6,155,4,165,284,54,251,24,613,42,18,60,673
08/08/2003,AUS,TX,ASW,CE,Towers with Radar,283,54,99,35,471,0,6,145,11,162,283,60,244,46,633,56,34,90,723
08/09/2003,AUS,TX,ASW,CE,Towers with Radar,235,40,79,4,358,0,1,129,1,131,235,41,208,5,489,14,4,18,507
08/10/2003,AUS,TX,ASW,CE,Towers with Radar,226,45,63,7,341,0,1,79,2,82,226,46,142,9,423,0,4,4,427
08/11/2003,AUS,TX,ASW,CE,Towers with Radar,277,36,71,3,387,0,3,87,0,90,277,39,158,3,477,10,4,14,491
08/12/2003,AUS,TX,ASW,CE,Towers with Radar,286,71,118,33,508,0,4,83,3,90,286,75,201,36,598,22,44,66,664
08/13/2003,AUS,TX,ASW,CE,Towers with Radar,273,82,92,25,472,0,4,93,4,101,273,86,185,29,573,40,36,76,649
08/14/2003,AUS,TX,ASW,CE,Towers with Radar,295,51,110,4,460,0,2,58,4,64,295,53,168,8,524,30,0,30,554
08/15/2003,AUS,TX,ASW,CE,Towers with Radar,274,67,118,15,474,0,4,172,6,182,274,71,290,21,656,56,34,90,746
08/16/2003,AUS,TX,ASW,CE,Towers with Radar,213,50,76,30,369,0,2,130,1,133,213,52,206,31,502,58,16,74,576
08/17/2003,AUS,TX,ASW,CE,Towers with Radar,236,42,80,16,374,0,7,160,0,167,236,49,240,16,541,20,12,32,573
08/18/2003,AUS,TX,ASW,CE,Towers with Radar,280,51,91,12,434,0,5,125,4,134,280,56,216,16,568,20,8,28,596
08/19/2003,AUS,TX,ASW,CE,Towers with Radar,275,68,149,8,500,0,10,164,1,175,275,78,313,9,675,54,0,54,729
08/20/2003,AUS,TX,ASW,CE,Towers with Radar,271,65,145,42,523,0,6,161,4,171,271,71,306,46,694,16,64,80,774
08/21/2003,AUS,TX,ASW,CE,Towers with Radar,295,65,151,15,526,0,2,164,4,170,295,67,315,19,696,32,12,44,740
08/22/2003,AUS,TX,ASW,CE,Towers with Radar,291,48,130,64,533,0,4,171,4,179,291,52,301,68,712,40,32,72,784
08/23/2003,AUS,TX,ASW,CE,Towers with Radar,229,38,77,32,376,0,2,159,4,165,229,40,236,36,541,30,34,64,605
08/24/2003,AUS,TX,ASW,CE,Towers with Radar,238,29,81,13,361,0,0,113,10,123,238,29,194,23,484,12,14,26,510
08/25/2003,AUS,TX,ASW,CE,Towers with Radar,270,45,69,27,411,0,4,109,1,114,270,49,178,28,525,24,60,84,609
08/26/2003,AUS,TX,ASW,CE,Towers with Radar,316,78,101,40,535,0,2,139,9,150,316,80,240,49,685,8,80,88,773
08/27/2003,AUS,TX,ASW,CE,Towers with Radar,306,53,147,11,517,0,2,179,3,184,306,55,326,14,701,12,10,22,723
08/28/2003,AUS,TX,ASW,CE,Towers with Radar,297,71,146,12,526,0,3,141,7,151,297,74,287,19,677,42,14,56,733
08/29/2003,AUS,TX,ASW,CE,Towers with Radar,283,69,128,9,489,0,1,120,3,124,283,70,248,12,613,28,8,36,649
08/30/2003,AUS,TX,ASW,CE,Towers with Radar,201,36,64,14,315,0,0,94,4,98,201,36,158,18,413,34,70,104,517
08/31/2003,AUS,TX,ASW,CE,Towers with Radar,186,35,99,3,323,0,5,39,0,44,186,40,138,3,367,34,2,36,403
09/01/2003,AUS,TX,ASW,CE,Towers with Radar,219,46,98,14,377,0,0,52,9,61,219,46,150,23,438,6,18,24,462
09/02/2003,AUS,TX,ASW,CE,Towers with Radar,270,64,101,11,446,0,3,96,2,101,270,67,197,13,547,14,18,32,579
09/03/2003,AUS,TX,ASW,CE,Towers with Radar,278,66,122,18,484,0,3,79,2,84,278,69,201,20,568,28,18,46,614
09/04/2003,AUS,TX,ASW,CE,Towers with Radar,302,70,102,36,510,0,3,116,5,124,302,73,218,41,634,0,32,32,666
09/05/2003,AUS,TX,ASW,CE,Towers with Radar,285,49,115,30,479,0,10,150,8,168,285,59,265,38,647,0,48,48,695
09/06/2003,AUS,TX,ASW,CE,Towers with Radar,222,27,72,26,347,0,4,177,8,189,222,31,249,34,536,6,40,46,582
09/07/2003,AUS,TX,ASW,CE,Towers with Radar,235,19,65,35,354,18,3,153,6,180,253,22,218,41,534,0,48,48,582
09/08/2003,AUS,TX,ASW,CE,Towers with Radar,278,36,107,34,455,0,10,95,1,106,278,46,202,35,561,0,54,54,615
09/09/2003,AUS,TX,ASW,CE,Towers with Radar,276,61,107,22,466,0,4,127,14,145,276,65,234,36,611,10,38,48,659
09/10/2003,AUS,TX,ASW,CE,Towers with Radar,268,87,119,29,503,0,5,97,3,105,268,92,216,32,608,18,44,62,670
09/11/2003,AUS,TX,ASW,CE,Towers with Radar,329,87,125,16,557,0,2,52,7,61,329,89,177,23,618,4,20,24,642
09/12/2003,AUS,TX,ASW,CE,Towers with Radar,312,74,172,74,632,0,7,68,3,78,312,81,240,77,710,16,98,114,824
09/13/2003,AUS,TX,ASW,CE,Towers with Radar,220,52,180,31,483,0,7,211,18,236,220,59,391,49,719,16,46,62,781
09/14/2003,AUS,TX,ASW,CE,Towers with Radar,252,37,118,17,424,0,4,46,1,51,252,41,164,18,475,0,18,18,493
09/15/2003,AUS,TX,ASW,CE,Towers with Radar,277,51,76,12,416,0,8,134,4,146,277,59,210,16,562,10,16,26,588
09/16/2003,AUS,TX,ASW,CE,Towers with Radar,268,70,130,59,527,0,6,106,6,118,268,76,236,65,645,22,90,112,757
09/17/2003,AUS,TX,ASW,CE,Towers with Radar,263,75,175,58,571,0,4,115,4,123,263,79,290,62,694,32,64,96,790
09/18/2003,AUS,TX,ASW,CE,Towers with Radar,272,73,152,15,512,0,5,58,1,64,272,78,210,16,576,24,18,42,618
09/19/2003,AUS,TX,ASW,CE,Towers with Radar,287,66,155,66,574,0,4,134,10,148,287,70,289,76,722,2,104,106,828
09/20/2003,AUS,TX,ASW,CE,Towers with Radar,216,43,85,32,376,0,0,73,0,73,216,43,158,32,449,0,46,46,495
09/21/2003,AUS,TX,ASW,CE,Towers with Radar,246,45,127,15,433,0,4,33,0,37,246,49,160,15,470,14,20,34,504
09/22/2003,AUS,TX,ASW,CE,Towers with Radar,265,73,122,51,511,0,6,178,10,194,265,79,300,61,705,30,38,68,773
09/23/2003,AUS,TX,ASW,CE,Towers with Radar,297,72,125,78,572,0,3,111,9,123,297,75,236,87,695,19,96,115,810
09/24/2003,AUS,TX,ASW,CE,Towers with Radar,270,76,167,4,517,0,5,105,2,112,270,81,272,6,629,2,0,2,631
09/25/2003,AUS,TX,ASW,CE,Towers with Radar,297,70,144,21,532,0,3,133,4,140,297,73,277,25,672,0,26,26,698
09/26/2003,AUS,TX,ASW,CE,Towers with Radar,288,63,175,25,551,0,3,120,3,126,288,66,295,28,677,28,24,52,729
09/27/2003,AUS,TX,ASW,CE,Towers with Radar,235,39,84,2,360,0,6,157,2,165,235,45,241,4,525,0,0,0,525
09/28/2003,AUS,TX,ASW,CE,Towers with Radar,251,38,92,9,390,0,3,163,1,167,251,41,255,10,557,14,10,24,581
09/29/2003,AUS,TX,ASW,CE,Towers with Radar,265,61,126,8,460,0,5,137,1,143,265,66,263,9,603,22,12,34,637
09/30/2003,AUS,TX,ASW,CE,Towers with Radar,283,57,103,0,443,0,6,163,1,170,283,63,266,1,613,10,0,10,623
10/01/2003,AUS,TX,ASW,CE,Towers with Radar,274,79,165,3,521,0,10,169,7,186,274,89,334,10,707,36,0,36,743
10/02/2003,AUS,TX,ASW,CE,Towers with Radar,300,51,118,21,490,0,7,159,10,176,300,58,277,31,666,34,18,52,718
10/03/2003,AUS,TX,ASW,CE,Towers with Radar,288,60,147,13,508,0,3,224,11,238,288,63,371,24,746,14,46,60,806
10/04/2003,AUS,TX,ASW,CE,Towers with Radar,216,50,161,33,460,0,0,156,6,162,216,50,317,39,622,489,30,519,1141
10/05/2003,AUS,TX,ASW,CE,Towers with Radar,270,54,107,12,443,0,5,108,8,121,270,59,215,20,564,0,8,8,572
10/06/2003,AUS,TX,ASW,CE,Towers with Radar,265,46,126,31,468,0,3,69,3,75,265,49,195,34,543,16,46,62,605
10/07/2003,AUS,TX,ASW,CE,Towers with Radar,276,55,159,21,511,0,4,62,7,73,276,59,221,28,584,12,26,38,622
10/08/2003,AUS,TX,ASW,CE,Towers with Radar,271,67,126,36,500,0,0,63,13,76,271,67,189,49,576,14,100,114,690
10/09/2003,AUS,TX,ASW,CE,Towers with Radar,310,68,175,17,570,0,0,34,3,37,310,68,209,20,607,12,24,36,643
10/10/2003,AUS,TX,ASW,CE,Towers with Radar,273,69,170,11,523,0,1,25,0,26,273,70,195,11,549,0,14,14,563
10/11/2003,AUS,TX,ASW,CE,Towers with Radar,219,39,124,2,384,0,1,42,0,43,219,40,166,2,427,24,2,26,453
10/12/2003,AUS,TX,ASW,CE,Towers with Radar,250,44,121,17,432,0,1,56,0,57,250,45,177,17,489,18,32,50,539
10/13/2003,AUS,TX,ASW,CE,Towers with Radar,283,52,157,12,504,0,4,85,2,91,283,56,242,14,595,58,8,66,661
10/14/2003,AUS,TX,ASW,CE,Towers with Radar,283,65,109,12,469,0,3,129,9,141,283,68,238,21,610,14,10,24,634
10/15/2003,AUS,TX,ASW,CE,Towers with Radar,293,61,118,10,482,0,8,201,6,215,293,69,319,16,697,0,6,6,703
10/16/2003,AUS,TX,ASW,CE,Towers with Radar,286,62,114,20,482,0,4,152,5,161,286,66,266,25,643,24,24,48,691
10/17/2003,AUS,TX,ASW,CE,Towers with Radar,270,68,156,27,521,7,9,180,15,211,277,77,336,42,732,56,28,84,816
10/18/2003,AUS,TX,ASW,CE,Towers with Radar,233,40,83,12,368,0,3,198,7,208,233,43,281,19,576,56,12,68,644
10/19/2003,AUS,TX,ASW,CE,Towers with Radar,247,56,93,6,402,0,5,217,2,224,247,61,310,8,626,66,6,72,698
10/20/2003,AUS,TX,ASW,CE,Towers with Radar,268,52,106,11,437,0,8,150,7,165,268,60,256,18,602,20,2,22,624
10/21/2003,AUS,TX,ASW,CE,Towers with Radar,275,54,135,16,480,0,2,185,4,191,275,56,320,20,671,36,50,86,757
10/22/2003,AUS,TX,ASW,CE,Towers with Radar,305,72,120,51,548,0,11,215,8,234,305,83,335,59,782,6,74,80,862
10/23/2003,AUS,TX,ASW,CE,Towers with Radar,292,59,120,19,490,0,6,189,11,206,292,65,309,30,696,12,6,18,714
10/24/2003,AUS,TX,ASW,CE,Towers with Radar,301,48,146,18,513,0,9,211,4,224,301,57,357,22,737,40,16,56,793
10/25/2003,AUS,TX,ASW,CE,Towers with Radar,208,44,82,42,376,0,2,110,3,115,208,46,192,45,491,6,56,62,553
10/26/2003,AUS,TX,ASW,CE,Towers with Radar,254,43,112,2,411,0,4,60,8,72,254,47,172,10,483,4,0,4,487
10/27/2003,AUS,TX,ASW,CE,Towers with Radar,264,67,119,10,460,0,6,153,10,169,264,73,272,20,629,12,24,36,665
10/28/2003,AUS,TX,ASW,CE,Towers with Radar,284,41,115,6,446,0,8,166,2,176,284,49,281,8,622,14,6,20,642
10/29/2003,AUS,TX,ASW,CE,Towers with Radar,259,66,128,17,470,0,4,134,11,149,259,70,262,28,619,20,41,61,680
10/30/2003,AUS,TX,ASW,CE,Towers with Radar,298,66,214,19,597,0,0,91,4,95,298,66,305,23,692,10,22,32,724
10/31/2003,AUS,TX,ASW,CE,Towers with Radar,280,67,183,28,558,0,3,104,4,111,280,70,287,32,669,26,40,66,735
11/01/2003,AUS,TX,ASW,CE,Towers with Radar,213,53,173,16,455,0,0,79,0,79,213,53,252,16,534,32,18,50,584
11/02/2003,AUS,TX,ASW,CE,Towers with Radar,245,51,181,24,501,0,0,75,3,78,245,51,256,27,579,36,28,64,643
11/03/2003,AUS,TX,ASW,CE,Towers with Radar,283,48,127,5,463,0,1,69,1,71,283,49,196,6,534,10,4,14,548
11/04/2003,AUS,TX,ASW,CE,Towers with Radar,282,53,125,12,472,0,2,90,0,92,282,55,215,12,564,48,4,52,616
11/05/2003,AUS,TX,ASW,CE,Towers with Radar,257,87,159,13,516,0,1,46,6,53,257,88,205,19,569,12,16,28,597
11/06/2003,AUS,TX,ASW,CE,Towers with Radar,296,66,212,14,588,0,1,22,0,23,296,67,234,14,611,4,16,20,631
11/07/2003,AUS,TX,ASW,CE,Towers with Radar,308,75,148,15,546,0,1,4,0,5,308,76,152,15,551,0,16,16,567
11/08/2003,AUS,TX,ASW,CE,Towers with Radar,209,63,127,31,430,0,0,5,3,8,209,63,132,34,438,16,38,54,492
11/09/2003,AUS,TX,ASW,CE,Towers with Radar,250,48,103,8,409,0,0,1,0,1,250,48,104,8,410,0,6,6,416
11/10/2003,AUS,TX,ASW,CE,Towers with Radar,285,56,125,17,483,0,1,120,1,122,285,57,245,18,605,18,16,34,639
11/11/2003,AUS,TX,ASW,CE,Towers with Radar,270,61,136,3,470,0,2,72,3,77,270,63,208,6,547,4,2,6,553
11/12/2003,AUS,TX,ASW,CE,Towers with Radar,260,69,158,34,521,19,12,89,0,120,279,81,247,34,641,20,38,58,699
11/13/2003,AUS,TX,ASW,CE,Towers with Radar,281,61,168,37,547,0,9,88,13,110,281,70,256,50,657,0,40,40,697
11/14/2003,AUS,TX,ASW,CE,Towers with Radar,271,57,199,105,632,0,4,119,8,131,271,61,318,113,763,8,108,116,879
11/15/2003,AUS,TX,ASW,CE,Towers with Radar,212,38,184,29,463,0,8,52,19,79,212,46,236,48,542,8,44,52,594
11/16/2003,AUS,TX,ASW,CE,Towers with Radar,236,63,198,18,515,0,0,54,3,57,236,63,252,21,572,10,22,32,604
11/17/2003,AUS,TX,ASW,CE,Towers with Radar,305,50,72,5,432,0,1,14,0,15,305,51,86,5,447,10,2,12,459
11/18/2003,AUS,TX,ASW,CE,Towers with Radar,285,68,108,30,491,0,16,103,3,122,285,84,211,33,613,0,26,26,639
11/19/2003,AUS,TX,ASW,CE,Towers with Radar,276,73,154,14,517,0,11,235,10,256,276,84,389,24,773,24,30,54,827
11/20/2003,AUS,TX,ASW,CE,Towers with Radar,266,73,129,7,475,0,9,154,3,166,266,82,283,10,641,30,0,30,671
11/21/2003,AUS,TX,ASW,CE,Towers with Radar,290,42,126,59,517,0,7,234,5,246,290,49,360,64,763,14,66,80,843
11/22/2003,AUS,TX,ASW,CE,Towers with Radar,223,42,81,32,378,0,10,123,13,146,223,52,204,45,524,0,28,28,552
11/23/2003,AUS,TX,ASW,CE,Towers with Radar,249,34,90,38,411,0,0,58,8,66,249,34,148,46,477,0,32,32,509
11/24/2003,AUS,TX,ASW,CE,Towers with Radar,270,43,96,22,431,0,4,144,3,151,270,47,240,25,582,32,46,78,660
11/25/2003,AUS,TX,ASW,CE,Towers with Radar,261,75,149,30,515,0,7,154,7,168,261,82,303,37,683,0,58,58,741
11/26/2003,AUS,TX,ASW,CE,Towers with Radar,283,83,167,17,550,0,12,83,3,98,283,95,250,20,648,52,12,64,712
11/27/2003,AUS,TX,ASW,CE,Towers with Radar,183,5,49,0,237,0,1,41,0,42,183,6,90,0,279,4,0,4,283
11/28/2003,AUS,TX,ASW,CE,Towers with Radar,207,40,50,1,298,0,6,105,6,117,207,46,155,7,415,20,0,20,435
11/29/2003,AUS,TX,ASW,CE,Towers with Radar,212,44,75,0,331,0,1,170,1,172,212,45,245,1,503,20,0,20,523
11/30/2003,AUS,TX,ASW,CE,Towers with Radar,253,48,158,1,460,0,11,169,0,180,253,59,327,1,640,16,0,16,656
12/01/2003,AUS,TX,ASW,CE,Towers with Radar,286,57,99,22,464,0,6,102,7,115,286,63,201,29,579,0,30,30,609
12/02/2003,AUS,TX,ASW,CE,Towers with Radar,264,88,109,26,487,0,12,146,11,169,264,100,255,37,656,14,0,14,670
12/03/2003,AUS,TX,ASW,CE,Towers with Radar,293,53,158,9,513,0,6,108,3,117,293,59,266,12,630,38,0,38,668
12/04/2003,AUS,TX,ASW,CE,Towers with Radar,299,54,95,40,488,0,5,157,5,167,299,59,252,45,655,36,28,64,719
12/05/2003,AUS,TX,ASW,CE,Towers with Radar,262,54,101,20,437,0,7,202,7,216,262,61,303,27,653,30,26,56,709
12/06/2003,AUS,TX,ASW,CE,Towers with Radar,208,44,69,4,325,0,2,178,10,190,208,46,247,14,515,52,0,52,567
12/07/2003,AUS,TX,ASW,CE,Towers with Radar,253,46,99,6,404,0,1,142,9,152,253,47,241,15,556,18,0,18,574
12/08/2003,AUS,TX,ASW,CE,Towers with Radar,251,73,95,13,432,0,3,123,0,126,251,76,218,13,558,48,0,48,606
12/09/2003,AUS,TX,ASW,CE,Towers with Radar,279,64,116,14,473,0,4,56,10,70,279,68,172,24,543,10,58,68,611
12/10/2003,AUS,TX,ASW,CE,Towers with Radar,281,61,159,12,513,0,9,141,8,158,281,70,300,20,671,8,10,18,689
12/11/2003,AUS,TX,ASW,CE,Towers with Radar,282,65,152,8,507,0,4,177,2,183,282,69,329,10,690,0,0,0,690
12/12/2003,AUS,TX,ASW,CE,Towers with Radar,314,70,164,37,585,0,0,8,0,8,314,70,172,37,593,10,2,12,605
12/13/2003,AUS,TX,ASW,CE,Towers with Radar,229,28,106,24,387,0,2,126,15,143,229,30,232,39,530,30,20,50,580
12/14/2003,AUS,TX,ASW,CE,Towers with Radar,263,22,82,14,381,0,4,196,5,205,263,26,278,19,586,86,20,106,692
12/15/2003,AUS,TX,ASW,CE,Towers with Radar,269,44,112,44,469,0,3,112,2,117,269,47,224,46,586,40,50,90,676
12/16/2003,AUS,TX,ASW,CE,Towers with Radar,274,59,109,32,474,0,8,119,1,128,274,67,228,33,602,34,30,64,666
12/17/2003,AUS,TX,ASW,CE,Towers with Radar,288,61,106,26,481,0,5,199,6,210,288,66,305,32,691,14,17,31,722
12/18/2003,AUS,TX,ASW,CE,Towers with Radar,291,58,126,14,489,0,6,188,5,199,291,64,314,19,688,10,4,14,702
12/19/2003,AUS,TX,ASW,CE,Towers with Radar,267,71,115,4,457,0,8,148,5,161,267,79,263,9,618,10,8,18,636
12/20/2003,AUS,TX,ASW,CE,Towers with Radar,250,41,57,4,352,0,4,194,0,198,250,45,251,4,550,8,0,8,558
12/21/2003,AUS,TX,ASW,CE,Towers with Radar,258,40,107,0,405,0,3,81,0,84,258,43,188,0,489,38,0,38,527
12/22/2003,AUS,TX,ASW,CE,Towers with Radar,270,47,77,9,403,0,11,64,2,77,270,58,141,11,480,30,6,36,516
12/23/2003,AUS,TX,ASW,CE,Towers with Radar,276,57,87,0,420,0,2,117,0,119,276,59,204,0,539,22,0,22,561
12/24/2003,AUS,TX,ASW,CE,Towers with Radar,229,66,50,0,345,1,7,91,0,99,230,73,141,0,444,30,0,30,474
12/25/2003,AUS,TX,ASW,CE,Towers with Radar,180,6,27,0,213,0,0,21,0,21,180,6,48,0,234,6,0,6,240
12/26/2003,AUS,TX,ASW,CE,Towers with Radar,250,53,125,0,428,0,1,23,0,24,250,54,148,0,452,16,0,16,468
12/27/2003,AUS,TX,ASW,CE,Towers with Radar,216,55,86,0,357,0,1,24,0,25,216,56,110,0,382,0,0,0,382
12/28/2003,AUS,TX,ASW,CE,Towers with Radar,258,22,88,1,369,0,0,22,0,22,258,22,110,1,391,0,0,0,391
12/29/2003,AUS,TX,ASW,CE,Towers with Radar,272,52,67,9,400,0,8,137,3,148,272,60,204,12,548,30,22,52,600
12/30/2003,AUS,TX,ASW,CE,Towers with Radar,261,76,93,7,437,0,6,146,2,154,261,82,239,9,591,48,2,50,641
12/31/2003,AUS,TX,ASW,CE,Towers with Radar,258,68,89,0,415,0,0,81,0,81,258,68,170,0,496,0,0,0,496
01/01/2004,AUS,TX,ASW,CE,Towers with Radar,193,25,38,0,256,0,0,29,0,29,193,25,67,0,285,0,0,0,285
01/02/2004,AUS,TX,ASW,CE,Towers with Radar,237,58,106,25,426,0,2,54,1,57,237,60,160,26,483,4,22,26,509
01/03/2004,AUS,TX,ASW,CE,Towers with Radar,221,50,92,3,366,0,2,48,0,50,221,52,140,3,416,0,0,0,416
01/04/2004,AUS,TX,ASW,CE,Towers with Radar,251,35,88,4,378,0,0,34,1,35,251,35,122,5,413,30,2,32,445
01/05/2004,AUS,TX,ASW,CE,Towers with Radar,277,44,48,20,389,0,6,72,0,78,277,50,120,20,467,8,34,42,509
01/06/2004,AUS,TX,ASW,CE,Towers with Radar,241,64,77,20,402,0,7,86,5,98,241,71,163,25,500,2,26,28,528
01/07/2004,AUS,TX,ASW,CE,Towers with Radar,265,70,95,21,451,0,6,68,3,77,265,76,163,24,528,0,0,0,528
01/08/2004,AUS,TX,ASW,CE,Towers with Radar,246,74,128,34,482,0,2,50,4,56,246,76,178,38,538,12,14,26,564
01/09/2004,AUS,TX,ASW,CE,Towers with Radar,238,60,103,20,421,0,7,147,12,166,238,67,250,32,587,16,2,18,605
01/10/2004,AUS,TX,ASW,CE,Towers with Radar,199,39,58,9,305,0,2,187,4,193,199,41,245,13,498,12,10,22,520
01/11/2004,AUS,TX,ASW,CE,Towers with Radar,212,43,58,21,334,0,4,185,11,200,212,47,243,32,534,14,0,14,548
01/12/2004,AUS,TX,ASW,CE,Towers with Radar,243,58,109,3,413,0,10,77,0,87,243,68,186,3,500,14,0,14,514
01/13/2004,AUS,TX,ASW,CE,Towers with Radar,251,79,157,33,520,0,4,51,4,59,251,83,208,37,579,16,46,62,641
01/14/2004,AUS,TX,ASW,CE,Towers with Radar,253,65,127,21,466,0,4,24,2,30,253,69,151,23,496,4,14,18,514
01/15/2004,AUS,TX,ASW,CE,Towers with Radar,251,86,143,3,483,0,0,0,0,0,251,86,143,3,483,0,0,0,483
01/16/2004,AUS,TX,ASW,CE,Towers with Radar,240,91,111,9,451,0,0,0,0,0,240,91,111,9,451,8,0,8,459
01/17/2004,AUS,TX,ASW,CE,Towers with Radar,196,36,72,16,320,0,1,51,4,56,196,37,123,20,376,8,54,62,438
01/18/2004,AUS,TX,ASW,CE,Towers with Radar,244,59,86,3,392,0,2,45,4,51,244,61,131,7,443,8,0,8,451
01/19/2004,AUS,TX,ASW,CE,Towers with Radar,249,62,105,5,421,0,3,163,3,169,249,65,268,8,590,22,0,22,612
01/20/2004,AUS,TX,ASW,CE,Towers with Radar,245,67,96,13,421,0,12,144,7,163,245,79,240,20,584,52,16,68,652
01/21/2004,AUS,TX,ASW,CE,Towers with Radar,262,83,132,60,537,0,8,68,3,79,262,91,200,63,616,2,48,50,666
01/22/2004,AUS,TX,ASW,CE,Towers with Radar,217,100,136,17,470,0,4,102,6,112,217,104,238,23,582,32,6,38,620
01/23/2004,AUS,TX,ASW,CE,Towers with Radar,261,85,133,18,497,0,0,65,0,65,261,85,198,18,562,20,18,38,600
01/24/2004,AUS,TX,ASW,CE,Towers with Radar,227,46,84,15,372,0,0,6,2,8,227,46,90,17,380,22,32,54,434
01/25/2004,AUS,TX,ASW,CE,Towers with Radar,201,38,61,13,313,0,0,160,3,163,201,38,221,16,476,44,32,76,552
01/26/2004,AUS,TX,ASW,CE,Towers with Radar,250,58,126,33,467,0,6,80,0,86,250,64,206,33,553,2,22,24,577
01/27/2004,AUS,TX,ASW,CE,Towers with Radar,253,69,95,18,435,0,13,191,1,205,253,82,286,19,640,28,8,36,676
01/28/2004,AUS,TX,ASW,CE,Towers with Radar,253,79,136,13,481,0,9,166,2,177,253,88,302,15,658,52,2,54,712
01/29/2004,AUS,TX,ASW,CE,Towers with Radar,256,80,205,15,556,0,1,6,1,8,256,81,211,16,564,22,6,28,592
01/30/2004,AUS,TX,ASW,CE,Towers with Radar,255,73,117,34,479,0,2,138,3,143,255,75,255,37,622,34,50,84,706
01/31/2004,AUS,TX,ASW,CE,Towers with Radar,205,49,86,89,429,0,0,119,5,124,205,49,205,94,553,32,56,88,641
02/01/2004,AUS,TX,ASW,CE,Towers with Radar,221,44,80,29,374,0,2,53,2,57,221,46,133,31,431,14,2,16,447
02/02/2004,AUS,TX,ASW,CE,Towers with Radar,225,86,148,65,524,0,7,96,1,104,225,93,244,66,628,6,38,44,672
02/03/2004,AUS,TX,ASW,CE,Towers with Radar,254,72,120,32,478,0,11,146,1,158,254,83,266,33,636,18,18,36,672
02/04/2004,AUS,TX,ASW,CE,Towers with Radar,258,86,91,2,437,0,0,0,0,0,258,86,91,2,437,0,0,0,437
02/05/2004,AUS,TX,ASW,CE,Towers with Radar,288,86,204,17,595,0,5,111,7,123,288,91,315,24,718,44,18,62,780
02/06/2004,AUS,TX,ASW,CE,Towers with Radar,265,77,108,81,531,0,6,185,17,208,265,83,293,98,739,2,22,24,763
02/07/2004,AUS,TX,ASW,CE,Towers with Radar,191,38,84,26,339,0,4,239,6,249,191,42,323,32,588,62,34,96,684
02/08/2004,AUS,TX,ASW,CE,Towers with Radar,210,45,103,27,385,0,0,69,7,76,210,45,172,34,461,0,0,0,461
02/09/2004,AUS,TX,ASW,CE,Towers with Radar,234,62,156,7,459,0,0,0,0,0,234,62,156,7,459,0,0,0,459
02/10/2004,AUS,TX,ASW,CE,Towers with Radar,247,86,146,2,481,0,0,2,0,2,247,86,148,2,483,0,0,0,483
02/11/2004,AUS,TX,ASW,CE,Towers with Radar,245,96,125,6,472,0,0,0,1,1,245,96,125,7,473,0,12,12,485
02/12/2004,AUS,TX,ASW,CE,Towers with Radar,249,89,146,9,493,0,4,36,12,52,249,93,182,21,545,8,20,28,573
02/13/2004,AUS,TX,ASW,CE,Towers with Radar,262,66,101,3,432,0,1,12,0,13,262,67,113,3,445,0,0,0,445
02/14/2004,AUS,TX,ASW,CE,Towers with Radar,165,51,84,8,308,0,0,90,2,92,165,51,174,10,400,42,8,50,450
02/15/2004,AUS,TX,ASW,CE,Towers with Radar,221,53,76,19,369,0,2,197,4,203,221,55,273,23,572,8,10,18,590
02/16/2004,AUS,TX,ASW,CE,Towers with Radar,226,71,135,1,433,0,3,199,1,203,226,74,334,2,636,10,0,10,646
02/17/2004,AUS,TX,ASW,CE,Towers with Radar,249,70,105,10,434,0,5,144,7,156,249,75,249,17,590,16,16,32,622
02/18/2004,AUS,TX,ASW,CE,Towers with Radar,253,93,149,14,509,0,10,186,2,198,253,103,335,16,707,28,0,28,735
02/19/2004,AUS,TX,ASW,CE,Towers with Radar,253,83,141,7,484,0,4,65,8,77,253,87,206,15,561,6,0,6,567
02/20/2004,AUS,TX,ASW,CE,Towers with Radar,258,64,118,19,459,0,1,151,3,155,258,65,269,22,614,2,4,6,620
02/21/2004,AUS,TX,ASW,CE,Towers with Radar,195,55,101,33,384,0,3,210,7,220,195,58,311,40,604,34,28,62,666
02/22/2004,AUS,TX,ASW,CE,Towers with Radar,222,43,100,16,381,0,0,49,3,52,222,43,149,19,433,50,10,60,493
02/23/2004,AUS,TX,ASW,CE,Towers with Radar,258,67,84,23,432,0,2,8,0,10,258,69,92,23,442,6,20,26,468
02/24/2004,AUS,TX,ASW,CE,Towers with Radar,246,78,84,2,410,0,7,35,3,45,246,85,119,5,455,4,28,32,487
02/25/2004,AUS,TX,ASW,CE,Towers with Radar,257,73,167,12,509,0,5,30,10,45,257,78,197,22,554,6,8,14,568
02/26/2004,AUS,TX,ASW,CE,Towers with Radar,236,85,130,31,482,0,10,177,5,192,236,95,307,36,674,30,0,30,704
02/27/2004,AUS,TX,ASW,CE,Towers with Radar,252,68,99,34,453,0,1,182,8,191,252,69,281,42,644,26,10,36,680
02/28/2004,AUS,TX,ASW,CE,Towers with Radar,207,67,115,53,442,0,0,81,1,82,207,67,196,54,524,40,26,66,590
02/29/2004,AUS,TX,ASW,CE,Towers with Radar,216,65,87,15,383,0,10,56,6,72,216,75,143,21,455,32,0,32,487
03/01/2004,AUS,TX,ASW,CE,Towers with Radar,286,69,112,50,517,0,13,105,12,130,286,82,217,62,647,60,62,122,769
03/02/2004,AUS,TX,ASW,CE,Towers with Radar,250,92,133,6,481,0,3,11,0,14,250,95,144,6,495,12,0,12,507
03/03/2004,AUS,TX,ASW,CE,Towers with Radar,260,103,182,45,590,0,2,33,10,45,260,105,215,55,635,18,80,98,733
03/04/2004,AUS,TX,ASW,CE,Towers with Radar,258,103,104,2,467,0,0,18,1,19,258,103,122,3,486,2,0,2,488
03/05/2004,AUS,TX,ASW,CE,Towers with Radar,260,64,136,36,496,0,6,178,11,195,260,70,314,47,691,22,100,122,813
03/06/2004,AUS,TX,ASW,CE,Towers with Radar,213,64,108,18,403,0,1,227,26,254,213,65,335,44,657,138,106,244,901
03/07/2004,AUS,TX,ASW,CE,Towers with Radar,213,55,131,17,416,0,0,216,18,234,213,55,347,35,650,64,56,120,770
03/08/2004,AUS,TX,ASW,CE,Towers with Radar,243,65,113,14,435,0,4,165,1,170,243,69,278,15,605,22,10,32,637
03/09/2004,AUS,TX,ASW,CE,Towers with Radar,256,78,100,27,461,0,6,228,9,243,256,84,328,36,704,24,22,46,750
03/10/2004,AUS,TX,ASW,CE,Towers with Radar,258,78,130,7,473,0,5,209,1,215,258,83,339,8,688,50,2,52,740
03/11/2004,AUS,TX,ASW,CE,Towers with Radar,268,81,114,13,476,0,7,108,8,123,268,88,222,21,599,6,0,6,605
03/12/2004,AUS,TX,ASW,CE,Towers with Radar,244,111,121,31,507,0,1,55,2,58,244,112,176,33,565,20,4,24,589
03/13/2004,AUS,TX,ASW,CE,Towers with Radar,196,82,127,22,427,0,0,2,2,4,196,82,129,24,431,0,0,0,431
03/14/2004,AUS,TX,ASW,CE,Towers with Radar,231,61,74,12,378,0,1,16,0,17,231,62,90,12,395,0,0,0,395
03/15/2004,AUS,TX,ASW,CE,Towers with Radar,246,68,121,15,450,0,2,70,2,74,246,70,191,17,524,20,18,38,562
03/16/2004,AUS,TX,ASW,CE,Towers with Radar,265,77,123,43,508,0,5,140,3,148,265,82,263,46,656,46,6,52,708
03/17/2004,AUS,TX,ASW,CE,Towers with Radar,253,98,126,3,480,0,3,99,2,104,253,101,225,5,584,6,0,6,590
03/18/2004,AUS,TX,ASW,CE,Towers with Radar,259,98,135,13,505,0,2,103,8,113,259,100,238,21,618,8,6,14,632
03/19/2004,AUS,TX,ASW,CE,Towers with Radar,250,103,141,21,515,0,1,61,8,70,250,104,202,29,585,0,18,18,603
03/20/2004,AUS,TX,ASW,CE,Towers with Radar,204,78,153,16,451,0,2,84,5,91,204,80,237,21,542,14,0,14,556
03/21/2004,AUS,TX,ASW,CE,Towers with Radar,234,74,129,15,452,0,0,93,1,94,234,74,222,16,546,12,0,12,558
03/22/2004,AUS,TX,ASW,CE,Towers with Radar,251,73,144,12,480,0,6,153,1,160,251,79,297,13,640,12,12,24,664
03/23/2004,AUS,TX,ASW,CE,Towers with Radar,246,99,157,34,536,0,5,72,2,79,246,104,229,36,615,24,16,40,655
03/24/2004,AUS,TX,ASW,CE,Towers with Radar,273,76,143,22,514,0,6,36,5,47,273,82,179,27,561,12,18,30,591
03/25/2004,AUS,TX,ASW,CE,Towers with Radar,263,85,157,7,512,0,0,47,7,54,263,85,204,14,566,20,26,46,612
03/26/2004,AUS,TX,ASW,CE,Towers with Radar,246,83,160,19,508,0,0,87,1,88,246,83,247,20,596,40,6,46,642
03/27/2004,AUS,TX,ASW,CE,Towers with Radar,204,48,113,13,378,0,1,56,0,57,204,49,169,13,435,6,16,22,457
03/28/2004,AUS,TX,ASW,CE,Towers with Radar,210,60,115,15,400,0,0,66,2,68,210,60,181,17,468,0,0,0,468
03/29/2004,AUS,TX,ASW,CE,Towers with Radar,252,59,94,8,413,0,6,104,11,121,252,65,198,19,534,0,148,148,682
03/30/2004,AUS,TX,ASW,CE,Towers with Radar,245,89,110,24,468,0,7,239,4,250,245,96,349,28,718,24,0,24,742
03/31/2004,AUS,TX,ASW,CE,Towers with Radar,258,85,108,17,468,0,7,184,3,194,258,92,292,20,662,18,34,52,714
04/01/2004,AUS,TX,ASW,CE,Towers with Radar,272,77,122,4,475,0,5,184,5,194,272,82,306,9,669,2,0,2,671
04/02/2004,AUS,TX,ASW,CE,Towers with Radar,302,80,135,7,524,0,0,36,4,40,302,80,171,11,564,6,0,6,570
04/03/2004,AUS,TX,ASW,CE,Towers with Radar,186,77,98,4,365,0,2,101,4,107,186,79,199,8,472,6,0,6,478
04/04/2004,AUS,TX,ASW,CE,Towers with Radar,242,47,97,20,406,0,1,53,0,54,242,48,150,20,460,16,4,20,480
04/05/2004,AUS,TX,ASW,CE,Towers with Radar,241,76,101,41,459,0,4,49,7,60,241,80,150,48,519,0,12,12,531
04/06/2004,AUS,TX,ASW,CE,Towers with Radar,283,100,122,4,509,0,8,53,4,65,283,108,175,8,574,16,0,16,590
04/07/2004,AUS,TX,ASW,CE,Towers with Radar,272,76,166,20,534,0,5,166,4,175,272,81,332,24,709,0,0,0,709
04/08/2004,AUS,TX,ASW,CE,Towers with Radar,254,120,152,7,533,0,10,194,2,206,254,130,346,9,739,20,0,20,759
04/09/2004,AUS,TX,ASW,CE,Towers with Radar,253,72,131,57,513,0,8,159,0,167,253,80,290,57,680,30,50,80,760
04/10/2004,AUS,TX,ASW,CE,Towers with Radar,207,68,56,6,337,5,9,19,1,34,212,77,75,7,371,0,0,0,371
04/11/2004,AUS,TX,ASW,CE,Towers with Radar,219,41,67,3,330,0,0,3,0,3,219,41,70,3,333,0,0,0,333
04/12/2004,AUS,TX,ASW,CE,Towers with Radar,244,88,110,49,491,0,5,106,2,113,244,93,216,51,604,2,18,20,624
04/13/2004,AUS,TX,ASW,CE,Towers with Radar,266,64,147,16,493,0,5,139,3,147,266,69,286,19,640,46,0,46,686
04/14/2004,AUS,TX,ASW,CE,Towers with Radar,266,69,108,14,457,0,6,185,4,195,266,75,293,18,652,14,60,74,726
04/15/2004,AUS,TX,ASW,CE,Towers with Radar,264,105,187,14,570,0,4,157,5,166,264,109,344,19,736,34,0,34,770
04/16/2004,AUS,TX,ASW,CE,Towers with Radar,245,73,165,34,517,0,3,108,4,115,245,76,273,38,632,0,20,20,652
04/17/2004,AUS,TX,ASW,CE,Towers with Radar,204,55,76,81,416,3,6,112,8,129,207,61,188,89,545,21,50,71,616
04/18/2004,AUS,TX,ASW,CE,Towers with Radar,215,66,100,18,399,0,0,67,6,73,215,66,167,24,472,20,0,20,492
04/19/2004,AUS,TX,ASW,CE,Towers with Radar,260,74,131,19,484,0,4,77,1,82,260,78,208,20,566,0,0,0,566
04/20/2004,AUS,TX,ASW,CE,Towers with Radar,269,88,134,8,499,0,6,80,2,88,269,94,214,10,587,32,0,32,619
04/21/2004,AUS,TX,ASW,CE,Towers with Radar,256,90,157,33,536,0,2,89,6,97,256,92,246,39,633,22,18,40,673
04/22/2004,AUS,TX,ASW,CE,Towers with Radar,252,84,151,8,495,0,3,101,8,112,252,87,252,16,607,4,0,4,611
04/23/2004,AUS,TX,ASW,CE,Towers with Radar,300,62,178,11,551,0,4,78,0,82,300,66,256,11,633,12,30,42,675
04/24/2004,AUS,TX,ASW,CE,Towers with Radar,199,42,61,24,326,0,2,28,0,30,199,44,89,24,356,0,18,18,374
04/25/2004,AUS,TX,ASW,CE,Towers with Radar,242,55,73,19,389,0,7,8,0,15,242,62,81,19,404,4,0,4,408
04/26/2004,AUS,TX,ASW,CE,Towers with Radar,255,66,93,12,426,0,8,111,0,119,255,74,204,12,545,18,12,30,575
04/27/2004,AUS,TX,ASW,CE,Towers with Radar,259,63,98,13,433,0,9,204,11,224,259,72,302,24,657,28,40,68,725
04/28/2004,AUS,TX,ASW,CE,Towers with Radar,279,69,133,32,513,0,5,145,5,155,279,74,278,37,668,32,10,42,710
04/29/2004,AUS,TX,ASW,CE,Towers with Radar,251,113,213,15,592,0,0,0,0,0,251,113,213,15,592,0,0,0,592
04/30/2004,AUS,TX,ASW,CE,Towers with Radar,263,84,139,25,511,0,0,0,0,0,263,84,139,25,511,2,10,12,523
05/01/2004,AUS,TX,ASW,CE,Towers with Radar,226,59,40,13,338,0,2,12,11,25,226,61,52,24,363,8,20,28,391
05/02/2004,AUS,TX,ASW,CE,Towers with Radar,231,62,76,50,419,0,3,175,5,183,231,65,251,55,602,34,30,64,666
05/03/2004,AUS,TX,ASW,CE,Towers with Radar,249,69,129,30,477,0,9,164,6,179,249,78,293,36,656,18,8,26,682
05/04/2004,AUS,TX,ASW,CE,Towers with Radar,275,96,90,34,495,0,7,168,6,181,275,103,258,40,676,22,18,40,716
05/05/2004,AUS,TX,ASW,CE,Towers with Radar,269,115,138,17,539,0,11,159,12,182,269,126,297,29,721,14,10,24,745
05/06/2004,AUS,TX,ASW,CE,Towers with Radar,278,80,152,39,549,0,2,127,9,138,278,82,279,48,687,0,2,2,689
05/07/2004,AUS,TX,ASW,CE,Towers with Radar,261,76,183,53,573,0,14,134,2,150,261,90,317,55,723,8,50,58,781
05/08/2004,AUS,TX,ASW,CE,Towers with Radar,219,77,81,33,410,0,6,49,4,59,219,83,130,37,469,8,18,26,495
05/09/2004,AUS,TX,ASW,CE,Towers with Radar,240,79,105,27,451,0,0,106,2,108,240,79,211,29,559,20,8,28,587
05/10/2004,AUS,TX,ASW,CE,Towers with Radar,259,69,113,29,470,0,5,117,1,123,259,74,230,30,593,0,40,40,633
05/11/2004,AUS,TX,ASW,CE,Towers with Radar,279,87,146,6,518,0,1,14,0,15,279,88,160,6,533,0,0,0,533
05/12/2004,AUS,TX,ASW,CE,Towers with Radar,263,107,145,48,563,0,4,76,4,84,263,111,221,52,647,0,14,14,661
05/13/2004,AUS,TX,ASW,CE,Towers with Radar,290,79,146,14,529,0,0,18,1,19,290,79,164,15,548,0,0,0,548
05/14/2004,AUS,TX,ASW,CE,Towers with Radar,282,88,145,56,571,0,6,81,3,90,282,94,226,59,661,0,10,10,671
05/15/2004,AUS,TX,ASW,CE,Towers with Radar,206,52,92,34,384,0,0,156,10,166,206,52,248,44,550,16,24,40,590
05/16/2004,AUS,TX,ASW,CE,Towers with Radar,220,60,85,12,377,0,5,126,2,133,220,65,211,14,510,6,0,6,516
05/17/2004,AUS,TX,ASW,CE,Towers with Radar,250,68,116,16,450,0,3,119,1,123,250,71,235,17,573,0,0,0,573
05/18/2004,AUS,TX,ASW,CE,Towers with Radar,263,98,141,21,523,0,4,132,10,146,263,102,273,31,669,20,6,26,695
05/19/2004,AUS,TX,ASW,CE,Towers with Radar,259,90,144,41,534,0,4,145,6,155,259,94,289,47,689,0,0,0,689
05/20/2004,AUS,TX,ASW,CE,Towers with Radar,261,75,183,28,547,0,1,149,1,151,261,76,332,29,698,54,0,54,752
05/21/2004,AUS,TX,ASW,CE,Towers with Radar,245,85,160,27,517,0,2,123,9,134,245,87,283,36,651,4,48,52,703
05/22/2004,AUS,TX,ASW,CE,Towers with Radar,200,57,88,13,358,0,2,65,2,69,200,59,153,15,427,0,0,0,427
05/23/2004,AUS,TX,ASW,CE,Towers with Radar,224,65,74,8,371,0,0,102,0,102,224,65,176,8,473,10,0,10,483
05/24/2004,AUS,TX,ASW,CE,Towers with Radar,258,59,101,22,440,2,3,104,0,109,260,62,205,22,549,4,28,32,581
05/25/2004,AUS,TX,ASW,CE,Towers with Radar,272,73,125,45,515,0,6,104,4,114,272,79,229,49,629,8,72,80,709
05/26/2004,AUS,TX,ASW,CE,Towers with Radar,268,73,127,30,498,0,6,136,10,152,268,79,263,40,650,10,18,28,678
05/27/2004,AUS,TX,ASW,CE,Towers with Radar,283,101,161,18,563,0,1,149,7,157,283,102,310,25,720,0,18,18,738
05/28/2004,AUS,TX,ASW,CE,Towers with Radar,271,91,142,9,513,0,11,155,0,166,271,102,297,9,679,0,0,0,679
05/29/2004,AUS,TX,ASW,CE,Towers with Radar,207,66,107,0,380,0,0,62,0,62,207,66,169,0,442,0,0,0,442
05/30/2004,AUS,TX,ASW,CE,Towers with Radar,226,55,67,0,348,0,1,40,0,41,226,56,107,0,389,34,4,38,427
05/31/2004,AUS,TX,ASW,CE,Towers with Radar,248,47,101,6,402,0,0,112,2,114,248,47,213,8,516,18,8,26,542
06/01/2004,AUS,TX,ASW,CE,Towers with Radar,268,75,109,20,472,2,18,91,2,113,270,93,200,22,585,32,18,50,635
06/02/2004,AUS,TX,ASW,CE,Towers with Radar,280,82,119,21,502,0,7,128,1,136,280,89,247,22,638,8,16,24,662
06/03/2004,AUS,TX,ASW,CE,Towers with Radar,266,75,108,20,469,17,21,95,3,136,283,96,203,23,605,18,8,26,631
06/04/2004,AUS,TX,ASW,CE,Towers with Radar,297,72,121,16,506,0,0,143,0,143,297,72,264,16,649,10,4,14,663
06/05/2004,AUS,TX,ASW,CE,Towers with Radar,207,58,84,14,363,1,4,127,43,175,208,62,211,57,538,22,38,60,598
06/06/2004,AUS,TX,ASW,CE,Towers with Radar,220,55,89,12,376,14,0,78,0,92,234,55,167,12,468,0,0,0,468
06/07/2004,AUS,TX,ASW,CE,Towers with Radar,249,57,101,16,423,31,0,36,0,67,280,57,137,16,490,0,24,24,514
06/08/2004,AUS,TX,ASW,CE,Towers with Radar,234,66,95,14,409,32,10,0,0,42,266,76,95,14,451,0,0,0,451
06/09/2004,AUS,TX,ASW,CE,Towers with Radar,252,71,102,9,434,15,12,16,0,43,267,83,118,9,477,0,16,16,493
06/10/2004,AUS,TX,ASW,CE,Towers with Radar,275,82,123,21,501,0,0,135,23,158,275,82,258,44,659,8,62,70,729
06/11/2004,AUS,TX,ASW,CE,Towers with Radar,260,85,123,21,489,0,0,132,13,145,260,85,255,34,634,6,40,46,680
06/12/2004,AUS,TX,ASW,CE,Towers with Radar,220,52,98,17,387,0,0,98,39,137,220,52,196,56,524,10,36,46,570
06/13/2004,AUS,TX,ASW,CE,Towers with Radar,258,73,105,10,446,10,0,158,0,168,268,73,263,10,614,4,0,4,618
06/14/2004,AUS,TX,ASW,CE,Towers with Radar,237,62,100,12,411,0,0,98,0,98,237,62,198,12,509,0,0,0,509
06/15/2004,AUS,TX,ASW,CE,Towers with Radar,265,76,109,18,468,0,11,109,1,121,265,87,218,19,589,2,12,14,603
06/16/2004,AUS,TX,ASW,CE,Towers with Radar,273,83,121,21,498,0,5,96,13,114,273,88,217,34,612,20,18,38,650
06/17/2004,AUS,TX,ASW,CE,Towers with Radar,285,88,131,22,526,0,0,124,14,138,285,88,255,36,664,14,0,14,678
06/18/2004,AUS,TX,ASW,CE,Towers with Radar,250,83,121,20,474,0,8,181,11,200,250,91,302,31,674,4,16,20,694
06/19/2004,AUS,TX,ASW,CE,Towers with Radar,214,63,92,16,385,0,17,130,13,160,214,80,222,29,545,0,0,0,545
06/20/2004,AUS,TX,ASW,CE,Towers with Radar,218,57,89,12,376,14,0,123,0,137,232,57,212,12,513,4,0,4,517
06/21/2004,AUS,TX,ASW,CE,Towers with Radar,251,70,104,18,443,0,13,118,22,153,251,83,222,40,596,6,88,94,690
06/22/2004,AUS,TX,ASW,CE,Towers with Radar,254,70,104,5,433,19,16,38,0,73,273,86,142,5,506,0,0,0,506
06/23/2004,AUS,TX,ASW,CE,Towers with Radar,268,76,112,20,476,0,12,88,7,107,268,88,200,27,583,20,20,40,623
06/24/2004,AUS,TX,ASW,CE,Towers with Radar,265,83,123,21,492,0,1,95,0,96,265,84,218,21,588,0,0,0,588
06/25/2004,AUS,TX,ASW,CE,Towers with Radar,253,68,103,15,439,18,0,36,0,54,271,68,139,15,493,0,0,0,493
06/26/2004,AUS,TX,ASW,CE,Towers with Radar,221,59,90,15,385,11,0,15,0,26,232,59,105,15,411,96,0,96,507
06/27/2004,AUS,TX,ASW,CE,Towers with Radar,213,56,80,11,360,27,0,0,0,27,240,56,80,11,387,28,8,36,423
06/28/2004,AUS,TX,ASW,CE,Towers with Radar,257,56,105,5,423,36,0,44,0,80,293,56,149,5,503,16,0,16,519
06/29/2004,AUS,TX,ASW,CE,Towers with Radar,237,65,88,0,390,37,13,0,0,50,274,78,88,0,440,20,18,38,478
06/30/2004,AUS,TX,ASW,CE,Towers with Radar,252,67,103,12,434,6,0,45,0,51,258,67,148,12,485,14,0,14,499
07/01/2004,AUS,TX,ASW,CE,Towers with Radar,273,80,110,24,487,0,4,114,0,118,273,84,224,24,605,4,4,8,613
07/02/2004,AUS,TX,ASW,CE,Towers with Radar,262,76,106,19,463,3,13,172,0,188,265,89,278,19,651,20,20,40,691
07/03/2004,AUS,TX,ASW,CE,Towers with Radar,196,57,80,4,337,2,5,67,0,74,198,62,147,4,411,38,0,38,449
07/04/2004,AUS,TX,ASW,CE,Towers with Radar,151,32,60,2,245,53,0,101,0,154,204,32,161,2,399,88,0,88,487
07/05/2004,AUS,TX,ASW,CE,Towers with Radar,205,61,82,13,361,9,10,118,0,137,214,71,200,13,498,96,0,96,594
07/06/2004,AUS,TX,ASW,CE,Towers with Radar,245,72,98,20,435,33,1,133,0,167,278,73,231,20,602,0,0,0,602
07/07/2004,AUS,TX,ASW,CE,Towers with Radar,269,79,108,29,485,6,13,106,2,127,275,92,214,31,612,14,14,28,640
07/08/2004,AUS,TX,ASW,CE,Towers with Radar,283,84,113,21,501,1,3,130,0,134,284,87,243,21,635,0,28,28,663
07/09/2004,AUS,TX,ASW,CE,Towers with Radar,249,82,112,29,472,0,8,150,7,165,249,90,262,36,637,26,44,70,707
07/10/2004,AUS,TX,ASW,CE,Towers with Radar,217,42,87,23,369,17,0,130,0,147,234,42,217,23,516,86,8,94,610
07/11/2004,AUS,TX,ASW,CE,Towers with Radar,208,64,86,17,375,0,22,87,0,109,208,86,173,17,484,0,16,16,500
07/12/2004,AUS,TX,ASW,CE,Towers with Radar,247,58,100,27,432,0,0,120,13,133,247,58,220,40,565,72,30,102,667
07/13/2004,AUS,TX,ASW,CE,Towers with Radar,262,78,105,11,456,8,8,156,0,172,270,86,261,11,628,8,0,8,636
07/14/2004,AUS,TX,ASW,CE,Towers with Radar,246,73,99,27,445,7,9,155,7,178,253,82,254,34,623,10,8,18,641
07/15/2004,AUS,TX,ASW,CE,Towers with Radar,256,76,103,24,459,0,20,216,0,236,256,96,319,24,695,16,10,26,721
07/16/2004,AUS,TX,ASW,CE,Towers with Radar,240,71,96,20,427,8,5,149,0,162,248,76,245,20,589,18,22,40,629
07/17/2004,AUS,TX,ASW,CE,Towers with Radar,178,53,72,19,322,26,17,149,0,192,204,70,221,19,514,26,20,46,560
07/18/2004,AUS,TX,ASW,CE,Towers with Radar,228,66,100,27,421,0,0,150,39,189,228,66,250,66,610,12,8,20,630
07/19/2004,AUS,TX,ASW,CE,Towers with Radar,231,67,93,20,411,36,10,100,0,146,267,77,193,20,557,26,38,64,621
07/20/2004,AUS,TX,ASW,CE,Towers with Radar,257,79,109,28,473,0,9,147,19,175,257,88,256,47,648,2,46,48,696
07/21/2004,AUS,TX,ASW,CE,Towers with Radar,264,70,114,30,478,0,0,121,2,123,264,70,235,32,601,0,44,44,645
07/22/2004,AUS,TX,ASW,CE,Towers with Radar,265,70,107,29,471,5,0,97,6,108,270,70,204,35,579,0,0,0,579
07/23/2004,AUS,TX,ASW,CE,Towers with Radar,250,83,122,32,487,0,0,111,61,172,250,83,233,93,659,0,44,44,703
07/24/2004,AUS,TX,ASW,CE,Towers with Radar,206,60,83,22,371,6,1,108,19,134,212,61,191,41,505,14,12,26,531
07/25/2004,AUS,TX,ASW,CE,Towers with Radar,223,50,90,17,380,20,0,62,0,82,243,50,152,17,462,8,0,8,470
07/26/2004,AUS,TX,ASW,CE,Towers with Radar,241,65,97,18,421,18,0,78,0,96,259,65,175,18,517,10,90,100,617
07/27/2004,AUS,TX,ASW,CE,Towers with Radar,246,78,108,29,461,0,23,95,19,137,246,101,203,48,598,4,72,76,674
07/28/2004,AUS,TX,ASW,CE,Towers with Radar,283,91,126,34,534,0,8,97,5,110,283,99,223,39,644,34,50,84,728
07/29/2004,AUS,TX,ASW,CE,Towers with Radar,286,83,116,30,515,0,19,78,3,100,286,102,194,33,615,12,6,18,633
07/30/2004,AUS,TX,ASW,CE,Towers with Radar,261,71,114,30,476,0,0,45,32,77,261,71,159,62,553,10,6,16,569
07/31/2004,AUS,TX,ASW,CE,Towers with Radar,184,65,90,24,363,0,6,86,73,165,184,71,176,97,528,30,20,50,578
08/01/2004,AUS,TX,ASW,CE,Towers with Radar,213,57,81,26,377,5,4,118,14,141,218,61,199,40,518,4,2,6,524
08/02/2004,AUS,TX,ASW,CE,Towers with Radar,251,67,95,31,444,14,18,105,0,137,265,85,200,31,581,8,4,12,593
08/03/2004,AUS,TX,ASW,CE,Towers with Radar,235,63,89,22,409,22,18,135,0,175,257,81,224,22,584,16,8,24,608
08/04/2004,AUS,TX,ASW,CE,Towers with Radar,265,71,101,22,459,1,15,124,0,140,266,86,225,22,599,26,0,26,625
08/05/2004,AUS,TX,ASW,CE,Towers with Radar,260,70,99,22,451,1,16,126,0,143,261,86,225,22,594,30,0,30,624
08/06/2004,AUS,TX,ASW,CE,Towers with Radar,271,66,113,35,485,0,0,133,32,165,271,66,246,67,650,2,98,100,750
08/07/2004,AUS,TX,ASW,CE,Towers with Radar,211,41,80,25,357,0,0,89,0,89,211,41,169,25,446,8,0,8,454
08/08/2004,AUS,TX,ASW,CE,Towers with Radar,227,38,86,14,365,19,0,122,0,141,246,38,208,14,506,6,0,6,512
08/09/2004,AUS,TX,ASW,CE,Towers with Radar,249,59,94,4,406,10,0,113,0,123,259,59,207,4,529,8,0,8,537
08/10/2004,AUS,TX,ASW,CE,Towers with Radar,272,71,106,33,482,0,0,115,6,121,272,71,221,39,603,24,38,62,665
08/11/2004,AUS,TX,ASW,CE,Towers with Radar,265,80,113,35,493,0,12,72,67,151,265,92,185,102,644,50,34,84,728
08/12/2004,AUS,TX,ASW,CE,Towers with Radar,276,76,109,35,496,0,1,128,59,188,276,77,237,94,684,24,16,40,724
08/13/2004,AUS,TX,ASW,CE,Towers with Radar,274,78,113,35,500,0,15,165,16,196,274,93,278,51,696,28,68,96,792
08/14/2004,AUS,TX,ASW,CE,Towers with Radar,198,53,77,22,350,0,5,100,36,141,198,58,177,58,491,14,12,26,517
08/15/2004,AUS,TX,ASW,CE,Towers with Radar,245,44,94,28,411,9,0,164,13,186,254,44,258,41,597,18,2,20,617
08/16/2004,AUS,TX,ASW,CE,Towers with Radar,210,53,80,10,353,48,0,72,0,120,258,53,152,10,473,2,0,2,475
08/17/2004,AUS,TX,ASW,CE,Towers with Radar,271,71,103,23,468,4,14,136,0,154,275,85,239,23,622,14,0,14,636
08/18/2004,AUS,TX,ASW,CE,Towers with Radar,277,78,113,36,504,0,5,151,9,165,277,83,264,45,669,6,42,48,717
08/19/2004,AUS,TX,ASW,CE,Towers with Radar,285,64,112,32,493,0,0,66,0,66,285,64,178,32,559,20,0,20,579
08/20/2004,AUS,TX,ASW,CE,Towers with Radar,269,70,107,33,479,0,0,109,6,115,269,70,216,39,594,28,6,34,628
08/21/2004,AUS,TX,ASW,CE,Towers with Radar,178,46,68,9,301,27,0,17,0,44,205,46,85,9,345,12,0,12,357
08/22/2004,AUS,TX,ASW,CE,Towers with Radar,245,55,94,29,423,1,0,36,2,39,246,55,130,31,462,0,0,0,462
08/23/2004,AUS,TX,ASW,CE,Towers with Radar,240,63,92,28,423,9,13,57,6,85,249,76,149,34,508,0,16,16,524
08/24/2004,AUS,TX,ASW,CE,Towers with Radar,269,71,111,34,485,0,0,131,30,161,269,71,242,64,646,20,32,52,698
08/25/2004,AUS,TX,ASW,CE,Towers with Radar,271,74,108,34,487,0,4,126,22,152,271,78,234,56,639,10,38,48,687
08/26/2004,AUS,TX,ASW,CE,Towers with Radar,271,73,105,26,475,0,18,119,0,137,271,91,224,26,612,20,8,28,640
08/27/2004,AUS,TX,ASW,CE,Towers with Radar,275,78,113,28,494,0,16,115,0,131,275,94,228,28,625,2,0,2,627
08/28/2004,AUS,TX,ASW,CE,Towers with Radar,231,50,90,6,377,0,0,127,0,127,231,50,217,6,504,0,0,0,504
08/29/2004,AUS,TX,ASW,CE,Towers with Radar,234,54,89,28,405,0,0,117,4,121,234,54,206,32,526,0,0,0,526
08/30/2004,AUS,TX,ASW,CE,Towers with Radar,214,57,81,16,368,40,11,75,0,126,254,68,156,16,494,0,8,8,502
08/31/2004,AUS,TX,ASW,CE,Towers with Radar,260,71,100,31,462,0,22,34,29,85,260,93,134,60,547,8,102,110,657
09/01/2004,AUS,TX,ASW,CE,Towers with Radar,258,74,113,21,466,16,12,103,0,131,274,86,216,21,597,6,20,26,623
09/02/2004,AUS,TX,ASW,CE,Towers with Radar,274,79,120,24,497,0,6,128,3,137,274,85,248,27,634,8,18,26,660
09/03/2004,AUS,TX,ASW,CE,Towers with Radar,250,62,123,12,447,0,0,111,0,111,250,62,234,12,558,8,8,16,574
09/04/2004,AUS,TX,ASW,CE,Towers with Radar,181,48,92,0,321,0,0,83,0,83,181,48,175,0,404,16,0,16,420
09/05/2004,AUS,TX,ASW,CE,Towers with Radar,164,37,72,5,278,21,0,92,0,113,185,37,164,5,391,0,0,0,391
09/06/2004,AUS,TX,ASW,CE,Towers with Radar,194,63,97,12,366,0,0,54,0,54,194,63,151,12,420,0,0,0,420
09/07/2004,AUS,TX,ASW,CE,Towers with Radar,235,68,103,21,427,32,5,105,14,156,267,73,208,35,583,0,0,0,583
09/08/2004,AUS,TX,ASW,CE,Towers with Radar,261,80,121,25,487,0,3,135,46,184,261,83,256,71,671,24,46,70,741
09/09/2004,AUS,TX,ASW,CE,Towers with Radar,258,74,113,23,468,11,7,146,22,186,269,81,259,45,654,18,18,36,690
09/10/2004,AUS,TX,ASW,CE,Towers with Radar,270,79,123,23,495,0,0,179,0,179,270,79,302,23,674,24,40,64,738
09/11/2004,AUS,TX,ASW,CE,Towers with Radar,202,37,88,15,342,18,0,151,0,169,220,37,239,15,511,18,0,18,529
09/12/2004,AUS,TX,ASW,CE,Towers with Radar,238,66,104,20,428,2,0,118,6,126,240,66,222,26,554,4,10,14,568
09/13/2004,AUS,TX,ASW,CE,Towers with Radar,216,62,94,18,390,50,4,66,11,131,266,66,160,29,521,0,20,20,541
09/14/2004,AUS,TX,ASW,CE,Towers with Radar,276,89,135,21,521,0,32,53,0,85,276,121,188,21,606,0,0,0,606
09/15/2004,AUS,TX,ASW,CE,Towers with Radar,278,76,125,25,504,0,0,85,25,110,278,76,210,50,614,0,28,28,642
09/16/2004,AUS,TX,ASW,CE,Towers with Radar,251,72,110,13,446,22,10,110,0,142,273,82,220,13,588,0,0,0,588
09/17/2004,AUS,TX,ASW,CE,Towers with Radar,254,75,115,23,467,0,7,112,49,168,254,82,227,72,635,4,10,14,649
09/18/2004,AUS,TX,ASW,CE,Towers with Radar,209,54,95,18,376,0,0,130,18,148,209,54,225,36,524,28,44,72,596
09/19/2004,AUS,TX,ASW,CE,Towers with Radar,249,47,109,21,426,10,0,47,6,63,259,47,156,27,489,0,0,0,489
09/20/2004,AUS,TX,ASW,CE,Towers with Radar,245,65,108,20,438,11,0,88,20,119,256,65,196,40,557,0,0,0,557
09/21/2004,AUS,TX,ASW,CE,Towers with Radar,267,76,118,23,484,0,21,86,20,127,267,97,204,43,611,0,18,18,629
09/22/2004,AUS,TX,ASW,CE,Towers with Radar,268,88,137,12,505,0,9,135,0,144,268,97,272,12,649,10,12,22,671
09/23/2004,AUS,TX,ASW,CE,Towers with Radar,265,75,116,14,470,7,18,132,0,157,272,93,248,14,627,0,6,6,633
09/24/2004,AUS,TX,ASW,CE,Towers with Radar,267,68,120,24,479,0,0,124,4,128,267,68,244,28,607,20,2,22,629
09/25/2004,AUS,TX,ASW,CE,Towers with Radar,182,47,80,3,312,5,0,36,0,41,187,47,116,3,353,18,0,18,371
09/26/2004,AUS,TX,ASW,CE,Towers with Radar,198,51,87,5,341,21,0,88,0,109,219,51,175,5,450,38,0,38,488
09/27/2004,AUS,TX,ASW,CE,Towers with Radar,236,67,104,21,428,18,2,65,3,88,254,69,169,24,516,22,20,42,558
09/28/2004,AUS,TX,ASW,CE,Towers with Radar,261,76,118,24,479,0,19,102,4,125,261,95,220,28,604,10,62,72,676
09/29/2004,AUS,TX,ASW,CE,Towers with Radar,257,73,113,4,447,0,24,123,0,147,257,97,236,4,594,56,0,56,650
09/30/2004,AUS,TX,ASW,CE,Towers with Radar,273,79,120,14,486,0,14,151,0,165,273,93,271,14,651,2,44,46,697
10/01/2004,AUS,TX,ASW,CE,Combined TRACON& Tower with Radar,284,53,128,13,478,0,4,104,6,114,284,57,232,19,592,2,10,12,604
10/02/2004,AUS,TX,ASW,CE,Combined TRACON& Tower with Radar,187,60,91,0,338,0,0,0,0,0,187,60,91,0,338,0,0,0,338
10/03/2004,AUS,TX,ASW,CE,Combined TRACON& Tower with Radar,245,50,124,3,422,0,0,0,0,0,245,50,124,3,422,40,0,40,462
10/04/2004,AUS,TX,ASW,CE,Combined TRACON& Tower with Radar,275,84,101,0,460,0,4,61,0,65,275,88,162,0,525,6,84,90,615
10/05/2004,AUS,TX,ASW,CE,Combined TRACON& Tower with Radar,262,90,95,51,498,0,1,43,3,47,262,91,138,54,545,6,18,24,569
10/06/2004,AUS,TX,ASW,CE,Combined TRACON& Tower with Radar,251,88,157,7,503,0,2,41,4,47,251,90,198,11,550,6,10,16,566
10/07/2004,AUS,TX,ASW,CE,Combined TRACON& Tower with Radar,275,89,130,11,505,0,1,26,2,29,275,90,156,13,534,30,0,30,564
10/08/2004,AUS,TX,ASW,CE,Combined TRACON& Tower with Radar,270,90,160,20,540,0,1,73,1,75,270,91,233,21,615,22,0,22,637
10/09/2004,AUS,TX,ASW,CE,Combined TRACON& Tower with Radar,203,60,73,0,336,0,1,78,1,80,203,61,151,1,416,0,0,0,416
10/10/2004,AUS,TX,ASW,CE,Combined TRACON& Tower with Radar,239,75,113,11,438,0,0,85,0,85,239,75,198,11,523,14,0,14,537
10/11/2004,AUS,TX,ASW,CE,Combined TRACON& Tower with Radar,244,81,79,3,407,0,2,108,3,113,244,83,187,6,520,0,0,0,520
10/12/2004,AUS,TX,ASW,CE,Combined TRACON& Tower with Radar,253,92,106,14,465,0,2,144,4,150,253,94,250,18,615,7,28,35,650
10/13/2004,AUS,TX,ASW,CE,Combined TRACON& Tower with Radar,257,105,96,20,478,0,4,63,8,75,257,109,159,28,553,32,48,80,633
10/14/2004,AUS,TX,ASW,CE,Combined TRACON& Tower with Radar,256,103,118,3,480,0,1,123,9,133,256,104,241,12,613,12,0,12,625
10/15/2004,AUS,TX,ASW,CE,Combined TRACON& Tower with Radar,267,104,132,4,507,0,6,151,4,161,267,110,283,8,668,6,0,6,674
10/16/2004,AUS,TX,ASW,CE,Combined TRACON& Tower with Radar,204,53,146,16,419,0,0,202,1,203,204,53,348,17,622,10,4,14,636
10/17/2004,AUS,TX,ASW,CE,Combined TRACON& Tower with Radar,219,68,132,5,424,0,0,84,3,87,219,68,216,8,511,0,0,0,511
10/18/2004,AUS,TX,ASW,CE,Combined TRACON& Tower with Radar,261,83,126,8,478,0,1,57,0,58,261,84,183,8,536,12,2,14,550
10/19/2004,AUS,TX,ASW,CE,Combined TRACON& Tower with Radar,253,89,154,11,507,0,3,94,5,102,253,92,248,16,609,2,7,9,618
10/20/2004,AUS,TX,ASW,CE,Combined TRACON& Tower with Radar,261,113,176,12,562,0,5,73,1,79,261,118,249,13,641,0,0,0,641
10/21/2004,AUS,TX,ASW,CE,Combined TRACON& Tower with Radar,279,99,172,34,584,0,6,114,7,127,279,105,286,41,711,14,0,14,725
10/22/2004,AUS,TX,ASW,CE,Combined TRACON& Tower with Radar,249,96,143,26,514,0,9,68,4,81,249,105,211,30,595,8,2,10,605
10/23/2004,AUS,TX,ASW,CE,Combined TRACON& Tower with Radar,209,54,81,47,391,0,0,0,0,0,209,54,81,47,391,18,8,26,417
10/24/2004,AUS,TX,ASW,CE,Combined TRACON& Tower with Radar,262,47,108,15,432,0,0,0,0,0,262,47,108,15,432,4,6,10,442
10/25/2004,AUS,TX,ASW,CE,Combined TRACON& Tower with Radar,251,78,143,33,505,0,2,84,5,91,251,80,227,38,596,12,10,22,618
10/26/2004,AUS,TX,ASW,CE,Combined TRACON& Tower with Radar,268,113,107,9,497,0,1,71,3,75,268,114,178,12,572,0,0,0,572
10/27/2004,AUS,TX,ASW,CE,Combined TRACON& Tower with Radar,293,93,150,35,571,0,2,63,1,66,293,95,213,36,637,0,0,0,637
10/28/2004,AUS,TX,ASW,CE,Combined TRACON& Tower with Radar,254,94,155,26,529,0,7,100,14,121,254,101,255,40,650,22,0,22,672
10/29/2004,AUS,TX,ASW,CE,Combined TRACON& Tower with Radar,278,85,142,7,512,0,0,0,0,0,278,85,142,7,512,0,0,0,512
10/30/2004,AUS,TX,ASW,CE,Combined TRACON& Tower with Radar,225,40,79,4,348,0,0,0,0,0,225,40,79,4,348,6,0,6,354
10/31/2004,AUS,TX,ASW,CE,Combined TRACON& Tower with Radar,228,46,82,4,360,1,2,78,2,83,229,48,160,6,443,0,0,0,443
11/01/2004,AUS,TX,ASW,CE,Combined TRACON& Tower with Radar,270,57,95,27,449,0,0,64,0,64,270,57,159,27,513,0,0,0,513
11/02/2004,AUS,TX,ASW,CE,Combined TRACON& Tower with Radar,264,77,101,14,456,0,0,25,4,29,264,77,126,18,485,0,0,0,485
11/03/2004,AUS,TX,ASW,CE,Combined TRACON& Tower with Radar,249,101,125,19,494,0,0,105,3,108,249,101,230,22,602,10,2,12,614
11/04/2004,AUS,TX,ASW,CE,Combined TRACON& Tower with Radar,265,81,104,19,469,0,3,192,5,200,265,84,296,24,669,20,6,26,695
11/05/2004,AUS,TX,ASW,CE,Combined TRACON& Tower with Radar,247,88,132,9,476,0,1,200,6,207,247,89,332,15,683,26,41,67,750
11/06/2004,AUS,TX,ASW,CE,Combined TRACON& Tower with Radar,205,54,99,5,363,0,0,0,0,0,205,54,99,5,363,4,0,4,367
11/07/2004,AUS,TX,ASW,CE,Combined TRACON& Tower with Radar,218,69,109,3,399,0,0,180,11,191,218,69,289,14,590,0,0,0,590
11/08/2004,AUS,TX,ASW,CE,Combined TRACON& Tower with Radar,244,69,107,19,439,0,2,123,6,131,244,71,230,25,570,2,32,34,604
11/09/2004,AUS,TX,ASW,CE,Combined TRACON& Tower with Radar,265,75,136,59,535,0,4,130,7,141,265,79,266,66,676,4,40,44,720
11/10/2004,AUS,TX,ASW,CE,Combined TRACON& Tower with Radar,294,87,187,20,588,0,803,3183,300,4286,294,890,3370,320,4874,20,160,180,5054
11/11/2004,AUS,TX,ASW,CE,Combined TRACON& Tower with Radar,258,84,114,9,465,0,4,110,5,119,258,88,224,14,584,26,0,26,610
11/12/2004,AUS,TX,ASW,CE,Combined TRACON& Tower with Radar,257,76,159,3,495,0,0,48,2,50,257,76,207,5,545,24,0,24,569
11/13/2004,AUS,TX,ASW,CE,Combined TRACON& Tower with Radar,217,32,108,21,378,0,0,1,0,1,217,32,109,21,379,8,16,24,403
11/14/2004,AUS,TX,ASW,CE,Combined TRACON& Tower with Radar,226,62,87,8,383,0,0,1,0,1,226,62,88,8,384,0,0,0,384
11/15/2004,AUS,TX,ASW,CE,Combined TRACON& Tower with Radar,261,64,129,14,468,0,0,2,0,2,261,64,131,14,470,0,0,0,470
11/16/2004,AUS,TX,ASW,CE,Combined TRACON& Tower with Radar,256,81,113,6,456,0,0,4,2,6,256,81,117,8,462,0,0,0,462
11/17/2004,AUS,TX,ASW,CE,Combined TRACON& Tower with Radar,248,104,84,9,445,0,1,33,0,34,248,105,117,9,479,0,0,0,479
11/18/2004,AUS,TX,ASW,CE,Combined TRACON& Tower with Radar,249,80,134,9,472,0,2,121,6,129,249,82,255,15,601,6,8,14,615
11/19/2004,AUS,TX,ASW,CE,Combined TRACON& Tower with Radar,256,89,120,0,465,0,0,77,5,82,256,89,197,5,547,4,2,6,553
11/20/2004,AUS,TX,ASW,CE,Combined TRACON& Tower with Radar,191,50,74,2,317,0,0,15,4,19,191,50,89,6,336,0,0,0,336
11/21/2004,AUS,TX,ASW,CE,Combined TRACON& Tower with Radar,227,57,67,1,352,0,0,1,0,1,227,57,68,1,353,0,0,0,353
11/22/2004,AUS,TX,ASW,CE,Combined TRACON& Tower with Radar,235,62,48,1,346,0,0,1,0,1,235,62,49,1,347,0,0,0,347
11/23/2004,AUS,TX,ASW,CE,Combined TRACON& Tower with Radar,268,115,85,7,475,0,0,29,3,32,268,115,114,10,507,12,0,12,519
11/24/2004,AUS,TX,ASW,CE,Combined TRACON& Tower with Radar,270,105,6,0,381,0,5,0,0,5,270,110,6,0,386,4,0,4,390
11/25/2004,AUS,TX,ASW,CE,Combined TRACON& Tower with Radar,166,51,50,0,267,0,0,79,7,86,166,51,129,7,353,10,0,10,363
11/26/2004,AUS,TX,ASW,CE,Combined TRACON& Tower with Radar,230,61,173,0,464,0,0,120,0,120,230,61,293,0,584,4,0,4,588
11/27/2004,AUS,TX,ASW,CE,Combined TRACON& Tower with Radar,208,58,92,0,358,0,0,0,0,0,208,58,92,0,358,0,0,0,358
11/28/2004,AUS,TX,ASW,CE,Combined TRACON& Tower with Radar,242,49,161,0,452,0,0,0,0,0,242,49,161,0,452,6,0,6,458
11/29/2004,AUS,TX,ASW,CE,Combined TRACON& Tower with Radar,280,69,132,5,486,0,0,39,0,39,280,69,171,5,525,8,0,8,533
11/30/2004,AUS,TX,ASW,CE,Combined TRACON& Tower with Radar,265,109,93,11,478,0,3,59,5,67,265,112,152,16,545,180,0,180,725
12/01/2004,AUS,TX,ASW,CE,Combined TRACON& Tower with Radar,271,92,148,22,533,0,7,169,9,185,271,99,317,31,718,14,0,14,732
12/02/2004,AUS,TX,ASW,CE,Combined TRACON& Tower with Radar,261,116,104,14,495,0,4,173,9,186,261,120,277,23,681,14,0,14,695
12/03/2004,AUS,TX,ASW,CE,Combined TRACON& Tower with Radar,272,83,125,4,484,0,2,117,11,130,272,85,242,15,614,24,0,24,638
12/04/2004,AUS,TX,ASW,CE,Combined TRACON& Tower with Radar,193,60,82,3,338,0,5,43,0,48,193,65,125,3,386,0,0,0,386
12/05/2004,AUS,TX,ASW,CE,Combined TRACON& Tower with Radar,239,44,92,1,376,0,0,4,0,4,239,44,96,1,380,0,0,0,380
12/06/2004,AUS,TX,ASW,CE,Combined TRACON& Tower with Radar,238,75,101,2,416,0,0,3,0,3,238,75,104,2,419,0,0,0,419
12/07/2004,AUS,TX,ASW,CE,Combined TRACON& Tower with Radar,279,87,111,15,492,0,4,151,5,160,279,91,262,20,652,0,0,0,652
12/08/2004,AUS,TX,ASW,CE,Combined TRACON& Tower with Radar,253,103,134,35,525,0,937,2166,355,3458,253,1040,2300,390,3983,40,10,50,4033
12/09/2004,AUS,TX,ASW,CE,Combined TRACON& Tower with Radar,253,77,135,36,501,0,2,121,9,132,253,79,256,45,633,0,2,2,635
12/10/2004,AUS,TX,ASW,CE,Combined TRACON& Tower with Radar,254,98,113,38,503,0,1,170,3,174,254,99,283,41,677,8,8,16,693
12/11/2004,AUS,TX,ASW,CE,Combined TRACON& Tower with Radar,196,45,49,86,376,0,0,169,2,171,196,45,218,88,547,30,0,30,577
12/12/2004,AUS,TX,ASW,CE,Combined TRACON& Tower with Radar,229,46,73,9,357,0,0,160,5,165,229,46,233,14,522,0,0,0,522
12/13/2004,AUS,TX,ASW,CE,Combined TRACON& Tower with Radar,244,79,78,6,407,0,4,85,3,92,244,83,163,9,499,0,0,0,499
12/14/2004,AUS,TX,ASW,CE,Combined TRACON& Tower with Radar,246,93,90,20,449,0,3,162,2,167,246,96,252,22,616,1,0,1,617
12/15/2004,AUS,TX,ASW,CE,Combined TRACON& Tower with Radar,248,120,108,11,487,0,0,0,0,0,248,120,108,11,487,16,0,16,503
12/16/2004,AUS,TX,ASW,CE,Combined TRACON& Tower with Radar,256,89,167,15,527,0,0,25,0,25,256,89,192,15,552,0,0,0,552
12/17/2004,AUS,TX,ASW,CE,Combined TRACON& Tower with Radar,256,94,120,3,473,0,1,119,0,120,256,95,239,3,593,10,12,22,615
12/18/2004,AUS,TX,ASW,CE,Combined TRACON& Tower with Radar,194,80,70,19,363,0,0,146,3,149,194,80,216,22,512,18,6,24,536
12/19/2004,AUS,TX,ASW,CE,Combined TRACON& Tower with Radar,232,41,70,3,346,0,0,127,1,128,232,41,197,4,474,24,8,32,506
12/20/2004,AUS,TX,ASW,CE,Combined TRACON& Tower with Radar,265,50,52,3,370,0,4,97,2,103,265,54,149,5,473,0,0,0,473
12/21/2004,AUS,TX,ASW,CE,Combined TRACON& Tower with Radar,258,96,77,12,443,0,6,110,5,121,258,102,187,17,564,30,0,30,594
12/22/2004,AUS,TX,ASW,CE,Combined TRACON& Tower with Radar,251,95,73,16,435,0,0,7,0,7,251,95,80,16,442,0,0,0,442
12/23/2004,AUS,TX,ASW,CE,Combined TRACON& Tower with Radar,221,94,94,0,409,0,3,81,0,84,221,97,175,0,493,5,0,5,498
12/24/2004,AUS,TX,ASW,CE,Combined TRACON& Tower with Radar,215,83,31,0,329,0,2,32,0,34,215,85,63,0,363,0,0,0,363
12/25/2004,AUS,TX,ASW,CE,Combined TRACON& Tower with Radar,148,29,15,0,192,0,0,36,0,36,148,29,51,0,228,4,0,4,232
12/26/2004,AUS,TX,ASW,CE,Combined TRACON& Tower with Radar,245,62,87,0,394,0,0,0,0,0,245,62,87,0,394,6,0,6,400
12/27/2004,AUS,TX,ASW,CE,Combined TRACON& Tower with Radar,239,86,85,0,410,0,1,90,0,91,239,87,175,0,501,6,0,6,507
12/28/2004,AUS,TX,ASW,CE,Combined TRACON& Tower with Radar,262,80,83,3,428,0,0,94,1,95,262,80,177,4,523,12,0,12,535
12/29/2004,AUS,TX,ASW,CE,Combined TRACON& Tower with Radar,263,87,100,2,452,0,0,0,0,0,263,87,100,2,452,2,0,2,454
12/30/2004,AUS,TX,ASW,CE,Combined TRACON& Tower with Radar,257,87,112,3,459,2313,0,65,2,2380,2570,87,177,5,2839,0,0,0,2839
12/31/2004,AUS,TX,ASW,CE,Combined TRACON& Tower with Radar,217,71,72,1,361,0,1,81,0,82,217,72,153,1,443,10,0,10,453
01/01/2005,AUS,TX,ASW,CE,Combined TRACON& Tower with Radar,173,56,64,0,293,0,0,0,0,0,173,56,64,0,293,6,0,6,299
01/02/2005,AUS,TX,ASW,CE,Combined TRACON& Tower with Radar,248,70,117,0,435,0,0,6,0,6,248,70,123,0,441,0,0,0,441
01/03/2005,AUS,TX,ASW,CE,Combined TRACON& Tower with Radar,256,76,101,17,450,0,0,32,0,32,256,76,133,17,482,2,10,12,494
01/04/2005,AUS,TX,ASW,CE,Combined TRACON& Tower with Radar,261,81,73,22,437,0,0,31,10,41,261,81,104,32,478,0,0,0,478
01/05/2005,AUS,TX,ASW,CE,Combined TRACON& Tower with Radar,268,74,141,26,509,0,2,19,3,24,268,76,160,29,533,0,0,0,533
01/06/2005,AUS,TX,ASW,CE,Combined TRACON& Tower with Radar,244,84,218,16,562,0,0,0,0,0,244,84,218,16,562,0,0,0,562
01/07/2005,AUS,TX,ASW,CE,Combined TRACON& Tower with Radar,261,74,76,26,437,0,0,66,8,74,261,74,142,34,511,0,0,0,511
01/08/2005,AUS,TX,ASW,CE,Combined TRACON& Tower with Radar,261,74,76,26,437,0,0,0,0,0,261,74,76,26,437,6,16,22,459
01/09/2005,AUS,TX,ASW,CE,Combined TRACON& Tower with Radar,237,40,86,62,425,0,1,31,9,41,237,41,117,71,466,54,14,68,534
01/10/2005,AUS,TX,ASW,CE,Combined TRACON& Tower with Radar,256,55,151,5,467,0,2,68,0,70,256,57,219,5,537,6,0,6,543
01/11/2005,AUS,TX,ASW,CE,Combined TRACON& Tower with Radar,268,74,111,23,476,0,1,94,3,98,268,75,205,26,574,5,4,9,583
01/12/2005,AUS,TX,ASW,CE,Combined TRACON& Tower with Radar,287,86,110,10,493,0,5,32,2,39,287,91,142,12,532,14,44,58,590
01/13/2005,AUS,TX,ASW,CE,Combined TRACON& Tower with Radar,250,82,105,8,445,0,3,138,7,148,250,85,243,15,593,26,10,36,629
01/14/2005,AUS,TX,ASW,CE,Combined TRACON& Tower with Radar,266,69,101,30,466,0,2,189,0,191,266,71,290,30,657,2,8,10,667
01/15/2005,AUS,TX,ASW,CE,Combined TRACON& Tower with Radar,195,49,67,2,313,0,0,0,0,0,195,49,67,2,313,9,0,9,322
01/16/2005,AUS,TX,ASW,CE,Combined TRACON& Tower with Radar,228,52,75,13,368,0,0,0,0,0,228,52,75,13,368,16,0,16,384
01/17/2005,AUS,TX,ASW,CE,Combined TRACON& Tower with Radar,245,74,91,7,417,0,0,125,0,125,245,74,216,7,542,0,0,0,542
01/18/2005,AUS,TX,ASW,CE,Combined TRACON& Tower with Radar,259,94,101,32,486,0,0,74,3,77,259,94,175,35,563,12,5,17,580
01/19/2005,AUS,TX,ASW,CE,Combined TRACON& Tower with Radar,262,78,124,11,475,0,0,0,0,0,262,78,124,11,475,22,4,26,501
01/20/2005,AUS,TX,ASW,CE,Combined TRACON& Tower with Radar,253,92,106,25,476,0,1,106,5,112,253,93,212,30,588,38,4,42,630
01/21/2005,AUS,TX,ASW,CE,Combined TRACON& Tower with Radar,266,83,115,22,486,0,0,138,13,151,266,83,253,35,637,70,22,92,729
01/22/2005,AUS,TX,ASW,CE,Combined TRACON& Tower with Radar,196,52,55,0,303,0,1,72,0,73,196,53,127,0,376,16,0,16,392
01/23/2005,AUS,TX,ASW,CE,Combined TRACON& Tower with Radar,243,33,71,4,351,0,0,142,0,142,243,33,213,4,493,0,0,0,493
01/24/2005,AUS,TX,ASW,CE,Combined TRACON& Tower with Radar,264,50,99,6,419,0,1,108,0,109,264,51,207,6,528,0,0,0,528
01/25/2005,AUS,TX,ASW,CE,Combined TRACON& Tower with Radar,271,95,112,20,498,0,2,141,6,149,271,97,253,26,647,46,52,98,745
01/26/2005,AUS,TX,ASW,CE,Combined TRACON& Tower with Radar,262,72,115,3,452,0,0,164,11,175,262,72,279,14,627,10,16,26,653
01/27/2005,AUS,TX,ASW,CE,Combined TRACON& Tower with Radar,281,74,130,3,488,0,0,0,0,0,281,74,130,3,488,0,0,0,488
01/28/2005,AUS,TX,ASW,CE,Combined TRACON& Tower with Radar,260,83,160,24,527,0,2,19,0,21,260,85,179,24,548,16,0,16,564
01/29/2005,AUS,TX,ASW,CE,Combined TRACON& Tower with Radar,176,58,151,0,385,0,0,3,0,3,176,58,154,0,388,10,22,32,420
01/30/2005,AUS,TX,ASW,CE,Combined TRACON& Tower with Radar,220,52,86,16,374,0,0,0,0,0,220,52,86,16,374,0,0,0,374
01/31/2005,AUS,TX,ASW,CE,Combined TRACON& Tower with Radar,255,61,10,5,331,0,0,0,0,0,255,61,10,5,331,0,0,0,331
02/01/2005,AUS,TX,ASW,CE,Combined TRACON& Tower with Radar,274,70,114,4,462,0,0,5,0,5,274,70,119,4,467,0,0,0,467
02/02/2005,AUS,TX,ASW,CE,Combined TRACON& Tower with Radar,269,92,133,5,499,0,0,52,2,54,269,92,185,7,553,6,0,6,559
02/03/2005,AUS,TX,ASW,CE,Combined TRACON& Tower with Radar,275,91,134,15,515,0,1,187,8,196,275,92,321,23,711,17,8,25,736
02/04/2005,AUS,TX,ASW,CE,Combined TRACON& Tower with Radar,251,87,121,9,468,0,0,0,0,0,251,87,121,9,468,10,0,10,478
02/05/2005,AUS,TX,ASW,CE,Combined TRACON& Tower with Radar,212,46,80,4,342,0,0,141,9,150,212,46,221,13,492,16,0,16,508
02/06/2005,AUS,TX,ASW,CE,Combined TRACON& Tower with Radar,236,47,92,14,389,0,0,0,0,0,236,47,92,14,389,6,0,6,395
02/07/2005,AUS,TX,ASW,CE,Combined TRACON& Tower with Radar,264,71,112,25,472,0,5,40,1,46,264,76,152,26,518,0,0,0,518
02/08/2005,AUS,TX,ASW,CE,Combined TRACON& Tower with Radar,269,84,126,20,499,0,0,1,0,1,269,84,127,20,500,0,0,0,500
02/09/2005,AUS,TX,ASW,CE,Combined TRACON& Tower with Radar,0,0,0,0,0,0,0,0,0,0,0,0,0,0,0,0,0,0,0
02/10/2005,AUS,TX,ASW,CE,Combined TRACON& Tower with Radar,270,77,123,12,482,0,3,157,11,171,270,80,280,23,653,30,6,36,689
02/11/2005,AUS,TX,ASW,CE,Combined TRACON& Tower with Radar,270,77,109,22,478,0,2,132,8,142,270,79,241,30,620,2,0,2,622
02/12/2005,AUS,TX,ASW,CE,Combined TRACON& Tower with Radar,207,47,79,0,333,0,0,42,1,43,207,47,121,1,376,0,0,0,376
02/13/2005,AUS,TX,ASW,CE,Combined TRACON& Tower with Radar,254,29,61,8,352,0,0,94,3,97,254,29,155,11,449,24,0,24,473
02/14/2005,AUS,TX,ASW,CE,Combined TRACON& Tower with Radar,280,44,87,24,435,0,0,0,0,0,280,44,87,24,435,6,8,14,449
02/15/2005,AUS,TX,ASW,CE,Combined TRACON& Tower with Radar,275,78,133,45,531,0,2,123,8,133,275,80,256,53,664,42,8,50,714
02/16/2005,AUS,TX,ASW,CE,Combined TRACON& Tower with Radar,275,78,111,20,484,0,2,126,3,131,275,80,237,23,615,10,6,16,631
02/17/2005,AUS,TX,ASW,CE,Combined TRACON& Tower with Radar,268,95,161,27,551,0,1,100,5,106,268,96,261,32,657,2,6,8,665
02/18/2005,AUS,TX,ASW,CE,Combined TRACON& Tower with Radar,294,78,143,18,533,0,0,91,0,91,294,78,234,18,624,6,0,6,630
02/19/2005,AUS,TX,ASW,CE,Combined TRACON& Tower with Radar,178,41,75,4,298,0,0,5,0,5,178,41,80,4,303,0,0,0,303
02/20/2005,AUS,TX,ASW,CE,Combined TRACON& Tower with Radar,224,31,112,9,376,0,0,29,1,30,224,31,141,10,406,0,2,2,408
02/21/2005,AUS,TX,ASW,CE,Combined TRACON& Tower with Radar,266,56,219,4,545,0,0,0,0,0,266,56,219,4,545,9,0,9,554
02/22/2005,AUS,TX,ASW,CE,Combined TRACON& Tower with Radar,265,101,117,7,490,0,0,37,3,40,265,101,154,10,530,0,0,0,530
02/23/2005,AUS,TX,ASW,CE,Combined TRACON& Tower with Radar,252,124,124,26,526,0,2,22,3,27,252,126,146,29,553,0,0,0,553
02/24/2005,AUS,TX,ASW,CE,Combined TRACON& Tower with Radar,264,79,148,7,498,0,1,10,2,13,264,80,158,9,511,4,12,16,527
02/25/2005,AUS,TX,ASW,CE,Combined TRACON& Tower with Radar,252,94,142,31,519,0,2,96,7,105,252,96,238,38,624,10,8,18,642
02/26/2005,AUS,TX,ASW,CE,Combined TRACON& Tower with Radar,187,58,66,4,315,0,6,3,0,9,187,64,69,4,324,0,0,0,324
02/27/2005,AUS,TX,ASW,CE,Combined TRACON& Tower with Radar,248,38,115,15,416,0,0,111,3,114,248,38,226,18,530,0,0,0,530
02/28/2005,AUS,TX,ASW,CE,Combined TRACON& Tower with Radar,260,81,129,4,474,0,3,133,3,139,260,84,262,7,613,0,0,0,613
03/01/2005,AUS,TX,ASW,CE,Combined TRACON& Tower with Radar,248,86,134,12,480,0,0,143,6,149,248,86,277,18,629,10,7,17,646
03/02/2005,AUS,TX,ASW,CE,Combined TRACON& Tower with Radar,0,0,0,0,0,0,0,0,0,0,0,0,0,0,0,0,0,0,0
03/03/2005,AUS,TX,ASW,CE,Combined TRACON& Tower with Radar,283,67,169,18,537,0,2,40,5,47,283,69,209,23,584,10,0,10,594
03/04/2005,AUS,TX,ASW,CE,Combined TRACON& Tower with Radar,266,59,169,14,508,0,0,37,6,43,266,59,206,20,551,5,0,5,556
03/05/2005,AUS,TX,ASW,CE,Combined TRACON& Tower with Radar,192,51,85,7,335,0,2,20,1,23,192,53,105,8,358,12,24,36,394
03/06/2005,AUS,TX,ASW,CE,Combined TRACON& Tower with Radar,238,46,85,36,405,0,0,0,0,0,238,46,85,36,405,4,6,10,415
03/07/2005,AUS,TX,ASW,CE,Combined TRACON& Tower with Radar,279,66,92,6,443,0,0,68,1,69,279,66,160,7,512,0,0,0,512
03/08/2005,AUS,TX,ASW,CE,Combined TRACON& Tower with Radar,262,68,117,16,463,0,7,176,3,186,262,75,293,19,649,0,0,0,649
03/09/2005,AUS,TX,ASW,CE,Combined TRACON& Tower with Radar,294,93,123,0,510,0,2,119,0,121,294,95,242,0,631,18,10,28,659
03/10/2005,AUS,TX,ASW,CE,Combined TRACON& Tower with Radar,262,100,139,19,520,0,5,162,11,178,262,105,301,30,698,44,0,44,742
03/11/2005,AUS,TX,ASW,CE,Combined TRACON& Tower with Radar,268,94,115,21,498,0,6,177,12,195,268,100,292,33,693,16,38,54,747
03/12/2005,AUS,TX,ASW,CE,Combined TRACON& Tower with Radar,205,69,89,2,365,0,0,131,0,131,205,69,220,2,496,10,0,10,506
03/13/2005,AUS,TX,ASW,CE,Combined TRACON& Tower with Radar,255,57,85,18,415,0,0,116,3,119,255,57,201,21,534,0,0,0,534
03/14/2005,AUS,TX,ASW,CE,Combined TRACON& Tower with Radar,259,58,74,12,403,0,6,77,1,84,259,64,151,13,487,0,0,0,487
03/15/2005,AUS,TX,ASW,CE,Combined TRACON& Tower with Radar,274,74,87,51,486,0,0,21,2,23,274,74,108,53,509,6,18,24,533
03/16/2005,AUS,TX,ASW,CE,Combined TRACON& Tower with Radar,272,84,123,8,487,1,5,52,6,64,273,89,175,14,551,0,0,0,551
03/17/2005,AUS,TX,ASW,CE,Combined TRACON& Tower with Radar,269,74,99,0,442,0,3,170,6,179,269,77,269,6,621,6,0,6,627
03/18/2005,AUS,TX,ASW,CE,Combined TRACON& Tower with Radar,280,63,116,24,483,0,2,179,1,182,280,65,295,25,665,14,10,24,689
03/19/2005,AUS,TX,ASW,CE,Combined TRACON& Tower with Radar,202,64,120,0,386,0,1,103,6,110,202,65,223,6,496,0,0,0,496
03/20/2005,AUS,TX,ASW,CE,Combined TRACON& Tower with Radar,218,67,99,3,387,0,2,98,0,100,218,69,197,3,487,4,0,4,491
03/21/2005,AUS,TX,ASW,CE,Combined TRACON& Tower with Radar,258,59,84,1,402,0,3,66,0,69,258,62,150,1,471,0,0,0,471
03/22/2005,AUS,TX,ASW,CE,Combined TRACON& Tower with Radar,273,87,139,45,544,0,3,135,4,142,273,90,274,49,686,0,0,0,686
03/23/2005,AUS,TX,ASW,CE,Combined TRACON& Tower with Radar,281,98,151,73,603,0,1,150,777,928,281,99,301,850,1531,160,0,160,1691
03/24/2005,AUS,TX,ASW,CE,Combined TRACON& Tower with Radar,284,93,158,59,594,0,4,125,11,140,284,97,283,70,734,10,6,16,750
03/25/2005,AUS,TX,ASW,CE,Combined TRACON& Tower with Radar,274,68,141,11,494,0,1,104,1,106,274,69,245,12,600,10,0,10,610
03/26/2005,AUS,TX,ASW,CE,Combined TRACON& Tower with Radar,198,51,64,0,313,0,0,11,0,11,198,51,75,0,324,0,0,0,324
03/27/2005,AUS,TX,ASW,CE,Combined TRACON& Tower with Radar,254,55,89,0,398,0,0,61,0,61,254,55,150,0,459,0,0,0,459
03/28/2005,AUS,TX,ASW,CE,Combined TRACON& Tower with Radar,0,0,0,0,0,254,77,248,14,593,254,77,248,14,593,32,0,32,625
03/29/2005,AUS,TX,ASW,CE,Combined TRACON& Tower with Radar,271,72,139,25,507,0,0,45,0,45,271,72,184,25,552,10,34,44,596
03/30/2005,AUS,TX,ASW,CE,Combined TRACON& Tower with Radar,260,82,113,5,460,0,0,0,0,0,260,82,113,5,460,14,0,14,474
03/31/2005,AUS,TX,ASW,CE,Combined TRACON& Tower with Radar,275,83,139,11,508,0,2,93,1,96,275,85,232,12,604,8,0,8,612
04/01/2005,AUS,TX,ASW,CE,Combined TRACON& Tower with Radar,260,83,97,17,457,0,2,117,2,121,260,85,214,19,578,2,0,2,580
04/02/2005,AUS,TX,ASW,CE,Combined TRACON& Tower with Radar,205,52,64,1,322,0,0,167,0,167,205,52,231,1,489,12,6,18,507
04/03/2005,AUS,TX,ASW,CE,Combined TRACON& Tower with Radar,252,33,63,6,354,0,0,0,0,0,252,33,63,6,354,20,6,26,380
04/04/2005,AUS,TX,ASW,CE,Combined TRACON& Tower with Radar,270,57,133,19,479,0,3,51,0,54,270,60,184,19,533,0,0,0,533
04/05/2005,AUS,TX,ASW,CE,Combined TRACON& Tower with Radar,307,82,139,26,554,0,1,39,2,42,307,83,178,28,596,0,0,0,596
04/06/2005,AUS,TX,ASW,CE,Combined TRACON& Tower with Radar,272,77,123,18,490,0,2,110,10,122,272,79,233,28,612,6,38,44,656
04/07/2005,AUS,TX,ASW,CE,Combined TRACON& Tower with Radar,271,75,135,8,489,0,3,157,10,170,271,78,292,18,659,0,0,0,659
04/08/2005,AUS,TX,ASW,CE,Combined TRACON& Tower with Radar,277,67,130,22,496,0,2,164,11,177,277,69,294,33,673,14,0,14,687
04/09/2005,AUS,TX,ASW,CE,Combined TRACON& Tower with Radar,216,46,92,12,366,0,0,115,4,119,216,46,207,16,485,8,6,14,499
04/10/2005,AUS,TX,ASW,CE,Combined TRACON& Tower with Radar,0,0,0,0,0,0,0,0,0,0,0,0,0,0,0,10,0,10,10
04/11/2005,AUS,TX,ASW,CE,Combined TRACON& Tower with Radar,279,61,102,44,486,0,3,117,2,122,279,64,219,46,608,0,0,0,608
04/12/2005,AUS,TX,ASW,CE,Combined TRACON& Tower with Radar,266,83,151,16,516,0,3,127,1,131,266,86,278,17,647,22,0,22,669
04/13/2005,AUS,TX,ASW,CE,Combined TRACON& Tower with Radar,277,106,132,22,537,0,0,183,12,195,277,106,315,34,732,0,0,0,732
04/14/2005,AUS,TX,ASW,CE,Combined TRACON& Tower with Radar,270,89,134,13,506,1,2,177,4,184,271,91,311,17,690,18,12,30,720
04/15/2005,AUS,TX,ASW,CE,Combined TRACON& Tower with Radar,256,78,143,30,507,0,1,136,3,140,256,79,279,33,647,8,0,8,655
04/16/2005,AUS,TX,ASW,CE,Combined TRACON& Tower with Radar,221,56,111,22,410,0,2,136,0,138,221,58,247,22,548,0,0,0,548
04/17/2005,AUS,TX,ASW,CE,Combined TRACON& Tower with Radar,255,41,134,5,435,0,0,97,2,99,255,41,231,7,534,40,0,40,574
04/18/2005,AUS,TX,ASW,CE,Combined TRACON& Tower with Radar,271,59,156,6,492,0,0,31,0,31,271,59,187,6,523,0,0,0,523
04/19/2005,AUS,TX,ASW,CE,Combined TRACON& Tower with Radar,269,71,123,20,483,0,1,56,1,58,269,72,179,21,541,4,0,4,545
04/20/2005,AUS,TX,ASW,CE,Combined TRACON& Tower with Radar,309,90,154,16,569,0,1,60,0,61,309,91,214,16,630,110,120,230,860
04/21/2005,AUS,TX,ASW,CE,Combined TRACON& Tower with Radar,276,81,210,18,585,0,0,69,4,73,276,81,279,22,658,14,2,16,674
04/22/2005,AUS,TX,ASW,CE,Combined TRACON& Tower with Radar,267,75,138,15,495,0,1,90,1,92,267,76,228,16,587,8,0,8,595
04/23/2005,AUS,TX,ASW,CE,Combined TRACON& Tower with Radar,207,54,79,0,340,0,0,117,0,117,207,54,196,0,457,38,4,42,499
04/24/2005,AUS,TX,ASW,CE,Combined TRACON& Tower with Radar,259,47,84,7,397,0,0,184,0,184,259,47,268,7,581,8,0,8,589
04/25/2005,AUS,TX,ASW,CE,Combined TRACON& Tower with Radar,286,92,118,2,498,0,2,31,0,33,286,94,149,2,531,10,0,10,541
04/26/2005,AUS,TX,ASW,CE,Combined TRACON& Tower with Radar,278,67,128,43,516,0,2,105,0,107,278,69,233,43,623,28,88,116,739
04/27/2005,AUS,TX,ASW,CE,Combined TRACON& Tower with Radar,282,80,131,0,493,20,1,197,0,218,302,81,328,0,711,16,180,196,907
04/28/2005,AUS,TX,ASW,CE,Combined TRACON& Tower with Radar,287,81,134,8,510,0,3,138,3,144,287,84,272,11,654,36,0,36,690
04/29/2005,AUS,TX,ASW,CE,Combined TRACON& Tower with Radar,268,84,116,36,504,0,0,116,6,122,268,84,232,42,626,14,14,28,654
04/30/2005,AUS,TX,ASW,CE,Combined TRACON& Tower with Radar,217,44,83,0,344,0,1,73,0,74,217,45,156,0,418,0,0,0,418
05/01/2005,AUS,TX,ASW,CE,Combined TRACON& Tower with Radar,270,76,109,3,458,0,2,147,0,149,270,78,256,3,607,14,0,14,621
05/02/2005,AUS,TX,ASW,CE,Combined TRACON& Tower with Radar,260,61,107,52,480,0,0,95,4,99,260,61,202,56,579,14,0,14,593
05/03/2005,AUS,TX,ASW,CE,Combined TRACON& Tower with Radar,285,62,98,35,480,0,0,97,8,105,285,62,195,43,585,12,16,28,613
05/04/2005,AUS,TX,ASW,CE,Combined TRACON& Tower with Radar,284,91,125,59,559,0,0,0,0,0,284,91,125,59,559,38,52,90,649
05/05/2005,AUS,TX,ASW,CE,Combined TRACON& Tower with Radar,279,82,149,13,523,0,3,142,8,153,279,85,291,21,676,22,0,22,698
05/06/2005,AUS,TX,ASW,CE,Combined TRACON& Tower with Radar,278,67,126,16,487,0,3,165,13,181,278,70,291,29,668,2,0,2,670
05/07/2005,AUS,TX,ASW,CE,Combined TRACON& Tower with Radar,216,42,75,6,339,0,0,0,0,0,216,42,75,6,339,14,0,14,353
05/08/2005,AUS,TX,ASW,CE,Combined TRACON& Tower with Radar,296,35,64,1,396,0,2,11,0,13,296,37,75,1,409,0,0,0,409
05/09/2005,AUS,TX,ASW,CE,Combined TRACON& Tower with Radar,266,64,107,22,459,0,0,48,7,55,266,64,155,29,514,0,0,0,514
05/10/2005,AUS,TX,ASW,CE,Combined TRACON& Tower with Radar,284,72,140,13,509,2556,3,70,5,2634,2840,75,210,18,3143,14,6,20,3163
05/11/2005,AUS,TX,ASW,CE,Combined TRACON& Tower with Radar,274,78,119,3,474,0,2,149,0,151,274,80,268,3,625,0,0,0,625
05/12/2005,AUS,TX,ASW,CE,Combined TRACON& Tower with Radar,298,64,156,4,522,0,1,81,13,95,298,65,237,17,617,28,0,28,645
05/13/2005,AUS,TX,ASW,CE,Combined TRACON& Tower with Radar,271,71,127,22,491,0,0,105,10,115,271,71,232,32,606,4,0,4,610
05/14/2005,AUS,TX,ASW,CE,Combined TRACON& Tower with Radar,217,47,86,0,350,0,1,105,0,106,217,48,191,0,456,2,0,2,458
05/15/2005,AUS,TX,ASW,CE,Combined TRACON& Tower with Radar,265,44,105,5,419,0,1,96,4,101,265,45,201,9,520,8,6,14,534
05/16/2005,AUS,TX,ASW,CE,Combined TRACON& Tower with Radar,275,55,97,15,442,0,6,107,4,117,275,61,204,19,559,0,0,0,559
05/17/2005,AUS,TX,ASW,CE,Combined TRACON& Tower with Radar,292,58,122,11,483,0,0,94,7,101,292,58,216,18,584,14,8,22,606
05/18/2005,AUS,TX,ASW,CE,Combined TRACON& Tower with Radar,277,83,144,33,537,0,0,0,0,0,277,83,144,33,537,6,2,8,545
05/19/2005,AUS,TX,ASW,CE,Combined TRACON& Tower with Radar,277,72,146,7,502,0,8,113,11,132,277,80,259,18,634,26,0,26,660
05/20/2005,AUS,TX,ASW,CE,Combined TRACON& Tower with Radar,276,81,134,19,510,0,1,160,7,168,276,82,294,26,678,50,0,50,728
05/21/2005,AUS,TX,ASW,CE,Combined TRACON& Tower with Radar,222,34,66,12,334,0,1,147,4,152,222,35,213,16,486,8,4,12,498
05/22/2005,AUS,TX,ASW,CE,Combined TRACON& Tower with Radar,240,44,101,5,390,0,2,138,1,141,240,46,239,6,531,12,0,12,543
05/23/2005,AUS,TX,ASW,CE,Combined TRACON& Tower with Radar,275,52,95,17,439,0,1,81,2,84,275,53,176,19,523,14,2,16,539
05/24/2005,AUS,TX,ASW,CE,Combined TRACON& Tower with Radar,280,72,106,5,463,0,5,134,4,143,280,77,240,9,606,22,2,24,630
05/25/2005,AUS,TX,ASW,CE,Combined TRACON& Tower with Radar,307,100,149,10,566,0,5,124,9,138,307,105,273,19,704,0,0,0,704
05/26/2005,AUS,TX,ASW,CE,Combined TRACON& Tower with Radar,291,86,124,6,507,0,6,60,2,68,291,92,184,8,575,18,0,18,593
05/27/2005,AUS,TX,ASW,CE,Combined TRACON& Tower with Radar,266,75,122,3,466,0,1,118,1,120,266,76,240,4,586,24,0,24,610
05/28/2005,AUS,TX,ASW,CE,Combined TRACON& Tower with Radar,222,45,50,0,317,0,2,85,1,88,222,47,135,1,405,0,0,0,405
05/29/2005,AUS,TX,ASW,CE,Combined TRACON& Tower with Radar,224,27,58,2,311,0,0,51,0,51,224,27,109,2,362,12,0,12,374
05/30/2005,AUS,TX,ASW,CE,Combined TRACON& Tower with Radar,249,47,78,3,377,0,9,94,0,103,249,56,172,3,480,0,0,0,480
05/31/2005,AUS,TX,ASW,CE,Combined TRACON& Tower with Radar,283,78,97,17,475,0,1,90,3,94,283,79,187,20,569,8,12,20,589
06/01/2005,AUS,TX,ASW,CE,Combined TRACON& Tower with Radar,280,76,118,12,486,12,4,96,11,123,292,80,214,23,609,12,24,36,645
06/02/2005,AUS,TX,ASW,CE,Combined TRACON& Tower with Radar,272,70,134,4,480,0,3,132,8,143,272,73,266,12,623,22,0,22,645
06/03/2005,AUS,TX,ASW,CE,Combined TRACON& Tower with Radar,279,70,132,0,481,0,3,45,0,48,279,73,177,0,529,2,14,16,545
06/04/2005,AUS,TX,ASW,CE,Combined TRACON& Tower with Radar,220,50,87,20,377,0,0,0,180,180,220,50,87,200,557,12,5,17,574
06/05/2005,AUS,TX,ASW,CE,Combined TRACON& Tower with Radar,239,33,102,3,377,0,0,92,1,93,239,33,194,4,470,0,0,0,470
06/06/2005,AUS,TX,ASW,CE,Combined TRACON& Tower with Radar,302,47,96,4,449,0,4,93,3,100,302,51,189,7,549,0,0,0,549
06/07/2005,AUS,TX,ASW,CE,Combined TRACON& Tower with Radar,280,68,128,21,497,0,6,115,6,127,280,74,243,27,624,22,6,28,652
06/08/2005,AUS,TX,ASW,CE,Combined TRACON& Tower with Radar,291,73,132,14,510,0,0,0,0,0,291,73,132,14,510,20,0,20,530
06/09/2005,AUS,TX,ASW,CE,Combined TRACON& Tower with Radar,283,81,127,20,511,0,2,109,12,123,283,83,236,32,634,22,4,26,660
06/10/2005,AUS,TX,ASW,CE,Combined TRACON& Tower with Radar,281,71,105,47,504,0,2,148,14,164,281,73,253,61,668,8,0,8,676
06/11/2005,AUS,TX,ASW,CE,Combined TRACON& Tower with Radar,238,50,74,0,362,0,1,112,0,113,238,51,186,0,475,0,0,0,475
06/12/2005,AUS,TX,ASW,CE,Combined TRACON& Tower with Radar,260,35,98,5,398,0,4,122,12,138,260,39,220,17,536,0,0,0,536
06/13/2005,AUS,TX,ASW,CE,Combined TRACON& Tower with Radar,276,68,78,7,429,0,1,80,7,88,276,69,158,14,517,0,0,0,517
06/14/2005,AUS,TX,ASW,CE,Combined TRACON& Tower with Radar,295,82,98,2,477,0,1,97,7,105,295,83,195,9,582,6,0,6,588
06/15/2005,AUS,TX,ASW,CE,Combined TRACON& Tower with Radar,276,80,88,7,451,11,2,145,8,166,287,82,233,15,617,22,6,28,645
06/16/2005,AUS,TX,ASW,CE,Combined TRACON& Tower with Radar,311,71,102,9,493,0,1,176,6,183,311,72,278,15,676,2,0,2,678
06/17/2005,AUS,TX,ASW,CE,Combined TRACON& Tower with Radar,276,73,96,13,458,0,2,157,3,162,276,75,253,16,620,22,160,182,802
06/18/2005,AUS,TX,ASW,CE,Combined TRACON& Tower with Radar,238,60,68,2,368,0,0,0,0,0,238,60,68,2,368,0,0,0,368
06/19/2005,AUS,TX,ASW,CE,Combined TRACON& Tower with Radar,245,40,74,7,366,0,0,94,3,97,245,40,168,10,463,0,0,0,463
06/20/2005,AUS,TX,ASW,CE,Combined TRACON& Tower with Radar,278,71,78,13,440,0,2,100,2,104,278,73,178,15,544,4,8,12,556
06/21/2005,AUS,TX,ASW,CE,Combined TRACON& Tower with Radar,282,73,103,20,478,0,3,135,4,142,282,76,238,24,620,4,14,18,638
06/22/2005,AUS,TX,ASW,CE,Combined TRACON& Tower with Radar,294,82,107,19,502,0,0,113,3,116,294,82,220,22,618,14,6,20,638
06/23/2005,AUS,TX,ASW,CE,Combined TRACON& Tower with Radar,291,77,100,21,489,0,1,135,3,139,291,78,235,24,628,12,20,32,660
06/24/2005,AUS,TX,ASW,CE,Combined TRACON& Tower with Radar,264,72,105,6,447,0,1,129,4,134,264,73,234,10,581,10,24,34,615
06/25/2005,AUS,TX,ASW,CE,Combined TRACON& Tower with Radar,225,42,70,0,337,0,0,105,3,108,225,42,175,3,445,6,0,6,451
06/26/2005,AUS,TX,ASW,CE,Combined TRACON& Tower with Radar,251,53,77,24,405,0,2,112,2,116,251,55,189,26,521,6,2,8,529
06/27/2005,AUS,TX,ASW,CE,Combined TRACON& Tower with Radar,294,59,81,14,448,0,5,125,1,131,294,64,206,15,579,15,2,17,596
06/28/2005,AUS,TX,ASW,CE,Combined TRACON& Tower with Radar,287,77,73,22,459,0,6,107,2,115,287,83,180,24,574,0,20,20,594
06/29/2005,AUS,TX,ASW,CE,Combined TRACON& Tower with Radar,284,90,118,12,504,0,0,0,0,0,284,90,118,12,504,18,14,32,536
06/30/2005,AUS,TX,ASW,CE,Combined TRACON& Tower with Radar,304,76,136,16,532,0,2,138,5,145,304,78,274,21,677,8,2,10,687
07/01/2005,AUS,TX,ASW,CE,Combined TRACON& Tower with Radar,302,74,99,3,478,0,2,165,5,172,302,76,264,8,650,14,4,18,668
07/02/2005,AUS,TX,ASW,CE,Combined TRACON& Tower with Radar,223,46,64,0,333,0,4,129,4,137,223,50,193,4,470,0,0,0,470
07/03/2005,AUS,TX,ASW,CE,Combined TRACON& Tower with Radar,208,34,47,8,297,0,2,81,1,84,208,36,128,9,381,0,0,0,381
07/04/2005,AUS,TX,ASW,CE,Combined TRACON& Tower with Radar,230,24,40,1,295,0,0,110,4,114,230,24,150,5,409,0,0,0,409
07/05/2005,AUS,TX,ASW,CE,Combined TRACON& Tower with Radar,287,78,111,7,483,0,2,98,4,104,287,80,209,11,587,12,0,12,599
07/06/2005,AUS,TX,ASW,CE,Combined TRACON& Tower with Radar,302,70,95,20,487,0,4,106,0,110,302,74,201,20,597,14,8,22,619
07/07/2005,AUS,TX,ASW,CE,Combined TRACON& Tower with Radar,340,77,88,13,518,0,6,109,4,119,340,83,197,17,637,6,0,6,643
07/08/2005,AUS,TX,ASW,CE,Combined TRACON& Tower with Radar,282,69,90,30,471,0,1,159,1,161,282,70,249,31,632,12,0,12,644
07/09/2005,AUS,TX,ASW,CE,Combined TRACON& Tower with Radar,230,48,83,6,367,0,0,128,11,139,230,48,211,17,506,16,18,34,540
07/10/2005,AUS,TX,ASW,CE,Combined TRACON& Tower with Radar,285,40,88,31,444,0,0,135,7,142,285,40,223,38,586,20,40,60,646
07/11/2005,AUS,TX,ASW,CE,Combined TRACON& Tower with Radar,316,50,93,20,479,0,5,96,0,101,316,55,189,20,580,10,0,10,590
07/12/2005,AUS,TX,ASW,CE,Combined TRACON& Tower with Radar,288,75,80,22,465,0,2,87,4,93,288,77,167,26,558,12,4,16,574
07/13/2005,AUS,TX,ASW,CE,Combined TRACON& Tower with Radar,304,65,98,23,490,7,3,88,6,104,311,68,186,29,594,0,0,0,594
07/14/2005,AUS,TX,ASW,CE,Combined TRACON& Tower with Radar,298,74,87,6,465,0,2,62,7,71,298,76,149,13,536,2,0,2,538
07/15/2005,AUS,TX,ASW,CE,Combined TRACON& Tower with Radar,301,84,96,29,510,0,1,123,9,133,301,85,219,38,643,0,0,0,643
07/16/2005,AUS,TX,ASW,CE,Combined TRACON& Tower with Radar,221,39,43,5,308,0,0,55,6,61,221,39,98,11,369,30,0,30,399
07/17/2005,AUS,TX,ASW,CE,Combined TRACON& Tower with Radar,276,62,80,16,434,0,0,24,3,27,276,62,104,19,461,6,8,14,475
07/18/2005,AUS,TX,ASW,CE,Combined TRACON& Tower with Radar,284,66,101,29,480,0,3,90,16,109,284,69,191,45,589,0,0,0,589
07/19/2005,AUS,TX,ASW,CE,Combined TRACON& Tower with Radar,296,64,99,18,477,0,2,109,10,121,296,66,208,28,598,22,8,30,628
07/20/2005,AUS,TX,ASW,CE,Combined TRACON& Tower with Radar,298,71,105,4,478,0,0,0,0,0,298,71,105,4,478,26,0,26,504
07/21/2005,AUS,TX,ASW,CE,Combined TRACON& Tower with Radar,285,65,114,12,476,0,0,111,6,117,285,65,225,18,593,22,4,26,619
07/22/2005,AUS,TX,ASW,CE,Combined TRACON& Tower with Radar,291,61,98,10,460,0,1,119,3,123,291,62,217,13,583,38,6,44,627
07/23/2005,AUS,TX,ASW,CE,Combined TRACON& Tower with Radar,236,55,91,0,382,2124,1,91,0,2216,2360,56,182,0,2598,0,0,0,2598
07/24/2005,AUS,TX,ASW,CE,Combined TRACON& Tower with Radar,372,51,75,9,507,0,1,99,3,103,372,52,174,12,610,10,0,10,620
07/25/2005,AUS,TX,ASW,CE,Combined TRACON& Tower with Radar,258,49,77,9,393,0,2,146,3,151,258,51,223,12,544,0,0,0,544
07/26/2005,AUS,TX,ASW,CE,Combined TRACON& Tower with Radar,291,57,102,17,467,0,1,119,2,122,291,58,221,19,589,6,8,14,603
07/27/2005,AUS,TX,ASW,CE,Combined TRACON& Tower with Radar,266,75,123,14,478,22,0,6,0,28,288,75,129,14,506,0,0,0,506
07/28/2005,AUS,TX,ASW,CE,Combined TRACON& Tower with Radar,291,89,93,21,494,0,3,117,4,124,291,92,210,25,618,28,0,28,646
07/29/2005,AUS,TX,ASW,CE,Combined TRACON& Tower with Radar,299,71,70,12,452,0,4,71,5,80,299,75,141,17,532,42,4,46,578
07/30/2005,AUS,TX,ASW,CE,Combined TRACON& Tower with Radar,241,41,66,0,348,0,0,107,0,107,241,41,173,0,455,0,0,0,455
07/31/2005,AUS,TX,ASW,CE,Combined TRACON& Tower with Radar,247,49,73,0,369,0,0,104,0,104,247,49,177,0,473,0,0,0,473
08/01/2005,AUS,TX,ASW,CE,Combined TRACON& Tower with Radar,284,59,52,1,396,0,1,128,2,131,284,60,180,3,527,0,0,0,527
08/02/2005,AUS,TX,ASW,CE,Combined TRACON& Tower with Radar,288,85,86,10,469,0,5,148,9,162,288,90,234,19,631,4,0,4,635
08/03/2005,AUS,TX,ASW,CE,Combined TRACON& Tower with Radar,297,81,95,11,484,0,0,0,0,0,297,81,95,11,484,97,6,103,587
08/04/2005,AUS,TX,ASW,CE,Combined TRACON& Tower with Radar,299,71,103,17,490,0,2,125,6,133,299,73,228,23,623,0,8,8,631
08/05/2005,AUS,TX,ASW,CE,Combined TRACON& Tower with Radar,278,83,93,13,467,0,2,80,4,86,278,85,173,17,553,56,0,56,609
08/06/2005,AUS,TX,ASW,CE,Combined TRACON& Tower with Radar,230,37,65,1,333,0,0,0,0,0,230,37,65,1,333,6,0,6,339
08/07/2005,AUS,TX,ASW,CE,Combined TRACON& Tower with Radar,258,37,69,6,370,0,1,101,5,107,258,38,170,11,477,0,0,0,477
08/08/2005,AUS,TX,ASW,CE,Combined TRACON& Tower with Radar,275,44,99,14,432,0,0,82,2,84,275,44,181,16,516,0,0,0,516
08/09/2005,AUS,TX,ASW,CE,Combined TRACON& Tower with Radar,299,57,100,17,473,0,3,74,0,77,299,60,174,17,550,8,2,10,560
08/10/2005,AUS,TX,ASW,CE,Combined TRACON& Tower with Radar,312,79,127,0,518,0,1,47,0,48,312,80,174,0,566,0,0,0,566
08/11/2005,AUS,TX,ASW,CE,Combined TRACON& Tower with Radar,292,75,122,8,497,0,4,146,4,154,292,79,268,12,651,14,0,14,665
08/12/2005,AUS,TX,ASW,CE,Combined TRACON& Tower with Radar,299,64,134,85,582,0,2,124,5,131,299,66,258,90,713,28,76,104,817
08/13/2005,AUS,TX,ASW,CE,Combined TRACON& Tower with Radar,228,42,93,0,363,0,2,101,0,103,228,44,194,0,466,40,0,40,506
08/14/2005,AUS,TX,ASW,CE,Combined TRACON& Tower with Radar,309,39,93,72,513,0,1,88,3,92,309,40,181,75,605,0,0,0,605
08/15/2005,AUS,TX,ASW,CE,Combined TRACON& Tower with Radar,303,61,70,3,437,0,0,78,2,80,303,61,148,5,517,0,0,0,517
08/16/2005,AUS,TX,ASW,CE,Combined TRACON& Tower with Radar,297,76,91,30,494,0,0,76,3,79,297,76,167,33,573,4,20,24,597
08/17/2005,AUS,TX,ASW,CE,Combined TRACON& Tower with Radar,290,80,124,9,503,0,0,0,0,0,290,80,124,9,503,20,0,20,523
08/18/2005,AUS,TX,ASW,CE,Combined TRACON& Tower with Radar,275,67,97,14,453,0,0,155,5,160,275,67,252,19,613,34,0,34,647
08/19/2005,AUS,TX,ASW,CE,Combined TRACON& Tower with Radar,296,60,126,45,527,0,0,133,18,151,296,60,259,63,678,2,12,14,692
08/20/2005,AUS,TX,ASW,CE,Combined TRACON& Tower with Radar,238,35,55,4,332,0,1,142,0,143,238,36,197,4,475,0,4,4,479
08/21/2005,AUS,TX,ASW,CE,Combined TRACON& Tower with Radar,249,35,68,2,354,0,0,126,3,129,249,35,194,5,483,16,0,16,499
08/22/2005,AUS,TX,ASW,CE,Combined TRACON& Tower with Radar,290,51,123,22,486,0,1,128,0,129,290,52,251,22,615,26,0,26,641
08/23/2005,AUS,TX,ASW,CE,Combined TRACON& Tower with Radar,281,73,109,25,488,0,4,169,3,176,281,77,278,28,664,14,0,14,678
08/24/2005,AUS,TX,ASW,CE,Combined TRACON& Tower with Radar,268,68,100,20,456,0,0,133,12,145,268,68,233,32,601,16,24,40,641
08/25/2005,AUS,TX,ASW,CE,Combined TRACON& Tower with Radar,286,52,102,18,458,0,4,130,12,146,286,56,232,30,604,10,24,34,638
08/26/2005,AUS,TX,ASW,CE,Combined TRACON& Tower with Radar,276,63,102,18,459,0,1,140,2,143,276,64,242,20,602,12,0,12,614
08/27/2005,AUS,TX,ASW,CE,Combined TRACON& Tower with Radar,228,35,60,62,385,0,0,0,0,0,228,35,60,62,385,5,21,26,411
08/28/2005,AUS,TX,ASW,CE,Combined TRACON& Tower with Radar,257,37,69,19,382,0,0,96,3,99,257,37,165,22,481,12,0,12,493
08/29/2005,AUS,TX,ASW,CE,Combined TRACON& Tower with Radar,301,63,87,17,468,0,1,98,4,103,301,64,185,21,571,0,0,0,571
08/30/2005,AUS,TX,ASW,CE,Combined TRACON& Tower with Radar,286,72,92,10,460,0,2,136,2,140,286,74,228,12,600,22,0,22,622
08/31/2005,AUS,TX,ASW,CE,Combined TRACON& Tower with Radar,276,85,108,32,501,0,3,143,0,146,276,88,251,32,647,0,0,0,647
09/01/2005,AUS,TX,ASW,CE,Combined TRACON& Tower with Radar,298,77,95,23,493,0,5,137,3,145,298,82,232,26,638,46,6,52,690
09/02/2005,AUS,TX,ASW,CE,Combined TRACON& Tower with Radar,293,63,120,13,489,0,5,149,0,154,293,68,269,13,643,4,0,4,647
09/03/2005,AUS,TX,ASW,CE,Combined TRACON& Tower with Radar,255,50,100,12,417,0,1,96,0,97,255,51,196,12,514,6,0,6,520
09/04/2005,AUS,TX,ASW,CE,Combined TRACON& Tower with Radar,237,22,78,10,347,0,4,99,0,103,237,26,177,10,450,2,0,2,452
09/05/2005,AUS,TX,ASW,CE,Combined TRACON& Tower with Radar,244,59,83,14,400,0,0,105,1,106,244,59,188,15,506,10,2,12,518
09/06/2005,AUS,TX,ASW,CE,Combined TRACON& Tower with Radar,274,79,106,20,479,0,0,140,0,140,274,79,246,20,619,28,16,44,663
09/07/2005,AUS,TX,ASW,CE,Combined TRACON& Tower with Radar,268,94,134,10,506,0,0,0,0,0,268,94,134,10,506,30,100,130,636
09/08/2005,AUS,TX,ASW,CE,Combined TRACON& Tower with Radar,287,74,148,8,517,0,0,157,1,158,287,74,305,9,675,50,0,50,725
09/09/2005,AUS,TX,ASW,CE,Combined TRACON& Tower with Radar,282,71,128,51,532,0,2,152,2,156,282,73,280,53,688,10,28,38,726
09/10/2005,AUS,TX,ASW,CE,Combined TRACON& Tower with Radar,216,26,67,7,316,0,0,0,0,0,216,26,67,7,316,7,0,7,323
09/11/2005,AUS,TX,ASW,CE,Combined TRACON& Tower with Radar,265,36,111,6,418,0,0,12,0,12,265,36,123,6,430,14,0,14,444
09/12/2005,AUS,TX,ASW,CE,Combined TRACON& Tower with Radar,273,44,138,7,462,0,0,43,0,43,273,44,181,7,505,10,0,10,515
09/13/2005,AUS,TX,ASW,CE,Combined TRACON& Tower with Radar,289,65,93,5,452,0,5,101,4,110,289,70,194,9,562,16,0,16,578
09/14/2005,AUS,TX,ASW,CE,Combined TRACON& Tower with Radar,268,88,123,27,506,0,5,122,2,129,268,93,245,29,635,18,0,18,653
09/15/2005,AUS,TX,ASW,CE,Combined TRACON& Tower with Radar,284,76,133,28,521,0,3,137,2,142,284,79,270,30,663,10,0,10,673
09/16/2005,AUS,TX,ASW,CE,Combined TRACON& Tower with Radar,270,72,148,4,494,0,1,108,0,109,270,73,256,4,603,40,0,40,643
09/17/2005,AUS,TX,ASW,CE,Combined TRACON& Tower with Radar,221,25,76,6,328,0,0,125,1,126,221,25,201,7,454,4,4,8,462
09/18/2005,AUS,TX,ASW,CE,Combined TRACON& Tower with Radar,258,39,87,7,391,0,5,108,2,115,258,44,195,9,506,0,0,0,506
09/19/2005,AUS,TX,ASW,CE,Combined TRACON& Tower with Radar,264,43,119,14,440,0,3,142,9,154,264,46,261,23,594,10,0,10,604
09/20/2005,AUS,TX,ASW,CE,Combined TRACON& Tower with Radar,271,74,112,18,475,0,1,144,6,151,271,75,256,24,626,4,6,10,636
09/21/2005,AUS,TX,ASW,CE,Combined TRACON& Tower with Radar,265,119,137,9,530,0,11,132,4,147,265,130,269,13,677,0,0,0,677
09/22/2005,AUS,TX,ASW,CE,Combined TRACON& Tower with Radar,272,97,246,14,629,0,6,417,4,427,272,103,663,18,1056,0,1,1,1057
09/23/2005,AUS,TX,ASW,CE,Combined TRACON& Tower with Radar,268,65,119,21,473,0,11,125,4,140,268,76,244,25,613,16,0,16,629
09/24/2005,AUS,TX,ASW,CE,Combined TRACON& Tower with Radar,221,47,53,0,321,0,16,57,0,73,221,63,110,0,394,0,0,0,394
09/25/2005,AUS,TX,ASW,CE,Combined TRACON& Tower with Radar,263,39,108,14,424,0,1,142,1,144,263,40,250,15,568,4,2,6,574
09/26/2005,AUS,TX,ASW,CE,Combined TRACON& Tower with Radar,274,49,117,23,463,0,6,113,5,124,274,55,230,28,587,28,0,28,615
09/27/2005,AUS,TX,ASW,CE,Combined TRACON& Tower with Radar,285,63,99,28,475,0,7,132,3,142,285,70,231,31,617,4,0,4,621
09/28/2005,AUS,TX,ASW,CE,Combined TRACON& Tower with Radar,324,68,108,24,524,0,0,0,0,0,324,68,108,24,524,6,0,6,530
09/29/2005,AUS,TX,ASW,CE,Combined TRACON& Tower with Radar,286,78,132,16,512,0,2,69,3,74,286,80,201,19,586,4,18,22,608
09/30/2005,AUS,TX,ASW,CE,Combined TRACON& Tower with Radar,268,70,146,7,491,0,1,89,6,96,268,71,235,13,587,6,26,32,619
10/01/2005,AUS,TX,ASW,CE,Combined TRACON& Tower with Radar,212,30,107,1,350,0,0,108,1,109,212,30,215,2,459,30,0,30,489
10/02/2005,AUS,TX,ASW,CE,Combined TRACON& Tower with Radar,251,48,74,4,377,0,0,73,0,73,251,48,147,4,450,24,0,24,474
10/03/2005,AUS,TX,ASW,CE,Combined TRACON& Tower with Radar,281,45,108,20,454,0,2,73,2,77,281,47,181,22,531,0,0,0,531
10/04/2005,AUS,TX,ASW,CE,Combined TRACON& Tower with Radar,257,54,129,39,479,0,1,93,15,109,257,55,222,54,588,26,28,54,642
10/05/2005,AUS,TX,ASW,CE,Combined TRACON& Tower with Radar,281,67,151,38,537,0,1,94,3,98,281,68,245,41,635,6,8,14,649
10/06/2005,AUS,TX,ASW,CE,Combined TRACON& Tower with Radar,260,82,135,30,507,0,1,80,14,95,260,83,215,44,602,2,4,6,608
10/07/2005,AUS,TX,ASW,CE,Combined TRACON& Tower with Radar,271,74,173,29,547,0,1,32,1,34,271,75,205,30,581,0,0,0,581
10/08/2005,AUS,TX,ASW,CE,Combined TRACON& Tower with Radar,178,27,90,0,295,0,0,127,0,127,178,27,217,0,422,0,0,0,422
10/09/2005,AUS,TX,ASW,CE,Combined TRACON& Tower with Radar,254,39,105,8,406,0,0,146,8,154,254,39,251,16,560,6,2,8,568
10/10/2005,AUS,TX,ASW,CE,Combined TRACON& Tower with Radar,240,59,123,5,427,0,0,9,0,9,240,59,132,5,436,0,0,0,436
10/11/2005,AUS,TX,ASW,CE,Combined TRACON& Tower with Radar,275,75,123,5,478,0,0,13,1,14,275,75,136,6,492,0,0,0,492
10/12/2005,AUS,TX,ASW,CE,Combined TRACON& Tower with Radar,262,80,148,13,503,0,28,73,12,113,262,108,221,25,616,490,13,503,1119
10/13/2005,AUS,TX,ASW,CE,Combined TRACON& Tower with Radar,275,79,120,12,486,0,0,153,3,156,275,79,273,15,642,0,0,0,642
10/14/2005,AUS,TX,ASW,CE,Combined TRACON& Tower with Radar,283,60,136,11,490,0,0,0,0,0,283,60,136,11,490,44,6,50,540
10/15/2005,AUS,TX,ASW,CE,Combined TRACON& Tower with Radar,211,51,121,3,386,0,1,152,1,154,211,52,273,4,540,6,0,6,546
10/16/2005,AUS,TX,ASW,CE,Combined TRACON& Tower with Radar,242,43,92,29,406,0,0,0,0,0,242,43,92,29,406,16,6,22,428
10/17/2005,AUS,TX,ASW,CE,Combined TRACON& Tower with Radar,254,68,83,54,459,0,3,107,1,111,254,71,190,55,570,56,0,56,626
10/18/2005,AUS,TX,ASW,CE,Combined TRACON& Tower with Radar,266,68,81,37,452,1,3,134,4,142,267,71,215,41,594,34,62,96,690
10/19/2005,AUS,TX,ASW,CE,Combined TRACON& Tower with Radar,280,72,85,10,447,0,0,0,0,0,280,72,85,10,447,28,0,28,475
10/20/2005,AUS,TX,ASW,CE,Combined TRACON& Tower with Radar,287,81,112,15,495,0,0,132,3,135,287,81,244,18,630,24,0,24,654
10/21/2005,AUS,TX,ASW,CE,Combined TRACON& Tower with Radar,259,97,155,20,531,0,0,181,10,191,259,97,336,30,722,12,4,16,738
10/22/2005,AUS,TX,ASW,CE,Combined TRACON& Tower with Radar,217,49,132,0,398,0,1,163,0,164,217,50,295,0,562,2,4,6,568
10/23/2005,AUS,TX,ASW,CE,Combined TRACON& Tower with Radar,248,47,152,32,479,0,0,125,2,127,248,47,277,34,606,0,0,0,606
10/24/2005,AUS,TX,ASW,CE,Combined TRACON& Tower with Radar,270,50,85,16,421,0,2,117,12,131,270,52,202,28,552,3,6,9,561
10/25/2005,AUS,TX,ASW,CE,Combined TRACON& Tower with Radar,280,68,108,16,472,0,3,154,9,166,280,71,262,25,638,6,14,20,658
10/26/2005,AUS,TX,ASW,CE,Combined TRACON& Tower with Radar,293,70,123,12,498,0,0,0,0,0,293,70,123,12,498,16,8,24,522
10/27/2005,AUS,TX,ASW,CE,Combined TRACON& Tower with Radar,284,71,172,7,534,0,4,125,2,131,284,75,297,9,665,6,4,10,675
10/28/2005,AUS,TX,ASW,CE,Combined TRACON& Tower with Radar,283,55,127,15,480,0,2,140,8,150,283,57,267,23,630,36,6,42,672
10/29/2005,AUS,TX,ASW,CE,Combined TRACON& Tower with Radar,192,62,77,8,339,0,0,0,0,0,192,62,77,8,339,150,0,150,489
10/30/2005,AUS,TX,ASW,CE,Combined TRACON& Tower with Radar,252,42,107,9,410,0,4,67,0,71,252,46,174,9,481,52,14,66,547
10/31/2005,AUS,TX,ASW,CE,Combined TRACON& Tower with Radar,289,58,81,7,435,0,3,30,2,35,289,61,111,9,470,0,0,0,470
11/01/2005,AUS,TX,ASW,CE,Combined TRACON& Tower with Radar,263,62,117,7,449,0,2,141,0,143,263,64,258,7,592,24,12,36,628
11/02/2005,AUS,TX,ASW,CE,Combined TRACON& Tower with Radar,289,68,154,15,526,8,1,132,0,141,297,69,286,15,667,10,16,26,693
11/03/2005,AUS,TX,ASW,CE,Combined TRACON& Tower with Radar,271,67,97,5,440,0,1,136,1,138,271,68,233,6,578,0,0,0,578
11/04/2005,AUS,TX,ASW,CE,Combined TRACON& Tower with Radar,280,59,112,13,464,0,2,143,0,145,280,61,255,13,609,0,0,0,609
11/05/2005,AUS,TX,ASW,CE,Combined TRACON& Tower with Radar,226,38,67,0,331,0,2,108,0,110,226,40,175,0,441,0,0,0,441
11/06/2005,AUS,TX,ASW,CE,Combined TRACON& Tower with Radar,248,58,102,11,419,0,3,98,129,230,248,61,200,140,649,200,0,200,849
11/07/2005,AUS,TX,ASW,CE,Combined TRACON& Tower with Radar,268,71,112,47,498,0,0,71,2,73,268,71,183,49,571,0,0,0,571
11/08/2005,AUS,TX,ASW,CE,Combined TRACON& Tower with Radar,294,68,150,22,534,0,0,101,0,101,294,68,251,22,635,8,8,16,651
11/09/2005,AUS,TX,ASW,CE,Combined TRACON& Tower with Radar,285,57,127,1,470,0,0,108,3,111,285,57,235,4,581,0,0,0,581
11/10/2005,AUS,TX,ASW,CE,Combined TRACON& Tower with Radar,295,64,147,12,518,0,0,141,9,150,295,64,288,21,668,8,0,8,676
11/11/2005,AUS,TX,ASW,CE,Combined TRACON& Tower with Radar,283,59,151,6,499,0,0,109,2,111,283,59,260,8,610,12,0,12,622
11/12/2005,AUS,TX,ASW,CE,Combined TRACON& Tower with Radar,226,39,144,0,409,0,0,83,0,83,226,39,227,0,492,34,0,34,526
11/13/2005,AUS,TX,ASW,CE,Combined TRACON& Tower with Radar,261,49,129,10,449,0,0,82,0,82,261,49,211,10,531,6,0,6,537
11/14/2005,AUS,TX,ASW,CE,Combined TRACON& Tower with Radar,261,77,134,11,483,0,0,95,1,96,261,77,229,12,579,0,0,0,579
11/15/2005,AUS,TX,ASW,CE,Combined TRACON& Tower with Radar,308,73,137,5,523,0,1,48,1,50,308,74,185,6,573,2,0,2,575
11/16/2005,AUS,TX,ASW,CE,Combined TRACON& Tower with Radar,278,68,135,10,491,0,0,115,1,116,278,68,250,11,607,12,10,22,629
11/17/2005,AUS,TX,ASW,CE,Combined TRACON& Tower with Radar,272,64,130,15,481,0,4,173,1,178,272,68,303,16,659,10,4,14,673
11/18/2005,AUS,TX,ASW,CE,Combined TRACON& Tower with Radar,277,78,110,12,477,0,0,133,1,134,277,78,243,13,611,8,0,8,619
11/19/2005,AUS,TX,ASW,CE,Combined TRACON& Tower with Radar,230,37,76,2,345,0,1,137,2,140,230,38,213,4,485,24,0,24,509
11/20/2005,AUS,TX,ASW,CE,Combined TRACON& Tower with Radar,240,52,96,4,392,0,0,152,1,153,240,52,248,5,545,0,0,0,545
11/21/2005,AUS,TX,ASW,CE,Combined TRACON& Tower with Radar,267,62,132,8,469,0,0,154,0,154,267,62,286,8,623,0,0,0,623
11/22/2005,AUS,TX,ASW,CE,Combined TRACON& Tower with Radar,278,61,101,27,467,0,7,150,1,158,278,68,251,28,625,62,8,70,695
11/23/2005,AUS,TX,ASW,CE,Combined TRACON& Tower with Radar,288,73,104,5,470,0,1,145,2,148,288,74,249,7,618,6,0,6,624
11/24/2005,AUS,TX,ASW,CE,Combined TRACON& Tower with Radar,171,26,22,0,219,0,0,37,0,37,171,26,59,0,256,12,0,12,268
11/25/2005,AUS,TX,ASW,CE,Combined TRACON& Tower with Radar,200,53,76,2,331,0,0,42,0,42,200,53,118,2,373,24,0,24,397
11/26/2005,AUS,TX,ASW,CE,Combined TRACON& Tower with Radar,210,53,74,0,337,0,0,53,0,53,210,53,127,0,390,0,0,0,390
11/27/2005,AUS,TX,ASW,CE,Combined TRACON& Tower with Radar,283,65,134,9,491,0,0,128,0,128,283,65,262,9,619,0,0,0,619
11/28/2005,AUS,TX,ASW,CE,Combined TRACON& Tower with Radar,263,69,86,5,423,0,5,110,0,115,263,74,196,5,538,4,0,4,542
11/29/2005,AUS,TX,ASW,CE,Combined TRACON& Tower with Radar,280,68,100,9,457,0,1,115,1,117,280,69,215,10,574,32,6,38,612
11/30/2005,AUS,TX,ASW,CE,Combined TRACON& Tower with Radar,276,71,96,21,464,0,4,87,10,101,276,75,183,31,565,12,20,32,597
12/01/2005,AUS,TX,ASW,CE,Combined TRACON& Tower with Radar,284,83,105,8,480,0,2,136,0,138,284,85,241,8,618,14,14,28,646
12/02/2005,AUS,TX,ASW,CE,Combined TRACON& Tower with Radar,261,73,115,11,460,0,4,130,3,137,261,77,245,14,597,4,0,4,601
12/03/2005,AUS,TX,ASW,CE,Combined TRACON& Tower with Radar,201,47,95,21,364,0,0,0,0,0,201,47,95,21,364,5,3,8,372
12/04/2005,AUS,TX,ASW,CE,Combined TRACON& Tower with Radar,236,36,101,19,392,0,0,51,9,60,236,36,152,28,452,0,0,0,452
12/05/2005,AUS,TX,ASW,CE,Combined TRACON& Tower with Radar,251,57,95,19,422,0,3,86,5,94,251,60,181,24,516,4,0,4,520
12/06/2005,AUS,TX,ASW,CE,Combined TRACON& Tower with Radar,256,77,102,5,440,0,5,114,5,124,256,82,216,10,564,12,36,48,612
12/07/2005,AUS,TX,ASW,CE,Combined TRACON& Tower with Radar,252,52,121,14,439,0,0,2,1,3,252,52,123,15,442,0,0,0,442
12/08/2005,AUS,TX,ASW,CE,Combined TRACON& Tower with Radar,275,74,130,25,504,0,1,39,2,42,275,75,169,27,546,0,0,0,546
12/09/2005,AUS,TX,ASW,CE,Combined TRACON& Tower with Radar,253,75,124,21,473,0,3,95,8,106,253,78,219,29,579,0,6,6,585
12/10/2005,AUS,TX,ASW,CE,Combined TRACON& Tower with Radar,206,31,89,1,327,0,0,99,2,101,206,31,188,3,428,4,0,4,432
12/11/2005,AUS,TX,ASW,CE,Combined TRACON& Tower with Radar,240,43,81,23,387,0,1,146,0,147,240,44,227,23,534,34,10,44,578
12/12/2005,AUS,TX,ASW,CE,Combined TRACON& Tower with Radar,246,68,136,28,478,0,10,118,6,134,246,78,254,34,612,0,0,0,612
12/13/2005,AUS,TX,ASW,CE,Combined TRACON& Tower with Radar,249,73,139,22,483,0,3,72,6,81,249,76,211,28,564,40,42,82,646
12/14/2005,AUS,TX,ASW,CE,Combined TRACON& Tower with Radar,291,102,146,9,548,0,0,24,2,26,291,102,170,11,574,10,8,18,592
12/15/2005,AUS,TX,ASW,CE,Combined TRACON& Tower with Radar,256,78,128,22,484,0,8,150,5,163,256,86,278,27,647,6,22,28,675
12/16/2005,AUS,TX,ASW,CE,Combined TRACON& Tower with Radar,240,93,111,16,460,0,2,66,4,72,240,95,177,20,532,2,0,2,534
12/17/2005,AUS,TX,ASW,CE,Combined TRACON& Tower with Radar,199,45,77,3,324,0,3,43,0,46,199,48,120,3,370,0,0,0,370
12/18/2005,AUS,TX,ASW,CE,Combined TRACON& Tower with Radar,227,45,68,3,343,0,0,84,1,85,227,45,152,4,428,0,0,0,428
12/19/2005,AUS,TX,ASW,CE,Combined TRACON& Tower with Radar,233,79,60,20,392,0,3,118,2,123,233,82,178,22,515,6,6,12,527
12/20/2005,AUS,TX,ASW,CE,Combined TRACON& Tower with Radar,246,81,91,26,444,0,5,54,4,63,246,86,145,30,507,10,0,10,517
12/21/2005,AUS,TX,ASW,CE,Combined TRACON& Tower with Radar,250,81,87,15,433,0,1,1963,155,2119,250,82,2050,170,2552,0,0,0,2552
12/22/2005,AUS,TX,ASW,CE,Combined TRACON& Tower with Radar,257,81,80,5,423,0,2,107,3,112,257,83,187,8,535,8,0,8,543
12/23/2005,AUS,TX,ASW,CE,Combined TRACON& Tower with Radar,266,121,76,1,464,0,1,108,0,109,266,122,184,1,573,6,8,14,587
12/24/2005,AUS,TX,ASW,CE,Combined TRACON& Tower with Radar,201,35,35,0,271,1,1,52,0,54,202,36,87,0,325,32,0,32,357
12/25/2005,AUS,TX,ASW,CE,Combined TRACON& Tower with Radar,177,41,16,0,234,0,0,0,0,0,177,41,16,0,234,0,0,0,234
12/26/2005,AUS,TX,ASW,CE,Combined TRACON& Tower with Radar,234,48,75,0,357,0,0,112,0,112,234,48,187,0,469,0,0,0,469
12/27/2005,AUS,TX,ASW,CE,Combined TRACON& Tower with Radar,250,62,108,5,425,0,0,80,1,81,250,62,188,6,506,20,4,24,530
12/28/2005,AUS,TX,ASW,CE,Combined TRACON& Tower with Radar,271,83,68,0,422,0,0,133,0,133,271,83,201,0,555,10,0,10,565
12/29/2005,AUS,TX,ASW,CE,Combined TRACON& Tower with Radar,246,74,75,0,395,0,0,140,1,141,246,74,215,1,536,18,0,18,554
12/30/2005,AUS,TX,ASW,CE,Combined TRACON& Tower with Radar,240,67,60,1,368,0,1,111,0,112,240,68,171,1,480,18,0,18,498
12/31/2005,AUS,TX,ASW,CE,Combined TRACON& Tower with Radar,208,41,57,0,306,0,3,119,0,122,208,44,176,0,428,18,0,18,446
01/01/2006,AUS,TX,ASW,CE,Combined TRACON& Tower with Radar,192,43,61,1,297,0,0,53,1,54,192,43,114,2,351,14,0,14,365
01/02/2006,AUS,TX,ASW,CE,Combined TRACON& Tower with Radar,225,63,81,0,369,0,3,131,11,145,225,66,212,11,514,0,0,0,514
01/03/2006,AUS,TX,ASW,CE,Combined TRACON& Tower with Radar,251,87,94,0,432,0,4,12,0,16,251,91,106,0,448,8,0,8,456
01/04/2006,AUS,TX,ASW,CE,Combined TRACON& Tower with Radar,256,69,74,7,406,0,2,59,2,63,256,71,133,9,469,0,0,0,469
01/05/2006,AUS,TX,ASW,CE,Combined TRACON& Tower with Radar,277,76,125,7,485,0,1,87,8,96,277,77,212,15,581,0,0,0,581
01/06/2006,AUS,TX,ASW,CE,Combined TRACON& Tower with Radar,278,51,81,20,430,0,0,163,4,167,278,51,244,24,597,12,0,12,609
01/07/2006,AUS,TX,ASW,CE,Combined TRACON& Tower with Radar,0,2,56,8,66,0,0,94,0,94,0,2,150,8,160,8,6,14,174
01/08/2006,AUS,TX,ASW,CE,Combined TRACON& Tower with Radar,219,41,63,19,342,0,2,114,1,117,219,43,177,20,459,0,0,0,459
01/09/2006,AUS,TX,ASW,CE,Combined TRACON& Tower with Radar,246,59,105,8,418,0,3,67,1,71,246,62,172,9,489,0,0,0,489
01/10/2006,AUS,TX,ASW,CE,Combined TRACON& Tower with Radar,249,53,115,18,435,0,1,109,0,110,249,54,224,18,545,18,10,28,573
01/11/2006,AUS,TX,ASW,CE,Combined TRACON& Tower with Radar,262,78,102,10,452,0,0,147,4,151,262,78,249,14,603,3,6,9,612
01/12/2006,AUS,TX,ASW,CE,Combined TRACON& Tower with Radar,254,80,108,11,453,0,5,75,3,83,254,85,183,14,536,4,12,16,552
01/13/2006,AUS,TX,ASW,CE,Combined TRACON& Tower with Radar,278,63,90,28,459,0,2,120,11,133,278,65,210,39,592,10,4,14,606
01/14/2006,AUS,TX,ASW,CE,Combined TRACON& Tower with Radar,194,45,75,4,318,0,0,174,2,176,194,45,249,6,494,34,0,34,528
01/15/2006,AUS,TX,ASW,CE,Combined TRACON& Tower with Radar,206,48,87,7,348,0,0,106,12,118,206,48,193,19,466,0,0,0,466
01/16/2006,AUS,TX,ASW,CE,Combined TRACON& Tower with Radar,248,85,123,34,490,0,2,47,2,51,248,87,170,36,541,0,0,0,541
01/17/2006,AUS,TX,ASW,CE,Combined TRACON& Tower with Radar,274,65,74,15,428,0,4,92,2,98,274,69,166,17,526,50,0,50,576
01/18/2006,AUS,TX,ASW,CE,Combined TRACON& Tower with Radar,247,52,93,41,433,0,1,116,1,118,247,53,209,42,551,6,2,8,559
01/19/2006,AUS,TX,ASW,CE,Combined TRACON& Tower with Radar,267,65,90,13,435,0,1,156,4,161,267,66,246,17,596,0,0,0,596
01/20/2006,AUS,TX,ASW,CE,Combined TRACON& Tower with Radar,260,78,116,24,478,0,1,103,3,107,260,79,219,27,585,2,0,2,587
01/21/2006,AUS,TX,ASW,CE,Combined TRACON& Tower with Radar,212,42,75,2,331,0,1,118,0,119,212,43,193,2,450,0,2,2,452
01/22/2006,AUS,TX,ASW,CE,Combined TRACON& Tower with Radar,264,30,69,18,381,0,0,0,0,0,264,30,69,18,381,0,0,0,381
01/23/2006,AUS,TX,ASW,CE,Combined TRACON& Tower with Radar,248,72,93,51,464,0,2,94,22,118,248,74,187,73,582,0,0,0,582
01/24/2006,AUS,TX,ASW,CE,Combined TRACON& Tower with Radar,248,76,94,27,445,0,3,145,13,161,248,79,239,40,606,8,16,24,630
01/25/2006,AUS,TX,ASW,CE,Combined TRACON& Tower with Radar,262,65,130,17,474,0,4,115,7,126,262,69,245,24,600,10,6,16,616
01/26/2006,AUS,TX,ASW,CE,Combined TRACON& Tower with Radar,262,64,114,8,448,0,2,129,3,134,262,66,243,11,582,3,12,15,597
01/27/2006,AUS,TX,ASW,CE,Combined TRACON& Tower with Radar,258,70,142,8,478,0,0,23,0,23,258,70,165,8,501,6,0,6,507
01/28/2006,AUS,TX,ASW,CE,Combined TRACON& Tower with Radar,192,54,64,3,313,0,0,29,0,29,192,54,93,3,342,0,0,0,342
01/29/2006,AUS,TX,ASW,CE,Combined TRACON& Tower with Radar,283,50,76,1,410,1,0,137,3,141,284,50,213,4,551,20,0,20,571
01/30/2006,AUS,TX,ASW,CE,Combined TRACON& Tower with Radar,253,66,70,7,396,0,4,128,1,133,253,70,198,8,529,10,0,10,539
01/31/2006,AUS,TX,ASW,CE,Combined TRACON& Tower with Radar,268,63,101,62,494,0,3,147,6,156,268,66,248,68,650,14,44,58,708
02/01/2006,AUS,TX,ASW,CE,Combined TRACON& Tower with Radar,275,86,141,17,519,1,0,4,0,5,276,86,145,17,524,2,0,2,526
02/02/2006,AUS,TX,ASW,CE,Combined TRACON& Tower with Radar,259,90,109,11,469,0,2,166,3,171,259,92,275,14,640,0,0,0,640
02/03/2006,AUS,TX,ASW,CE,Combined TRACON& Tower with Radar,264,56,114,15,449,0,6,111,1,118,264,62,225,16,567,13,0,13,580
02/04/2006,AUS,TX,ASW,CE,Combined TRACON& Tower with Radar,194,38,80,7,319,0,1,180,1,182,194,39,260,8,501,12,0,12,513
02/05/2006,AUS,TX,ASW,CE,Combined TRACON& Tower with Radar,258,33,69,6,366,0,0,82,3,85,258,33,151,9,451,2,0,2,453
02/06/2006,AUS,TX,ASW,CE,Combined TRACON& Tower with Radar,279,57,105,17,458,0,3,107,7,117,279,60,212,24,575,0,0,0,575
02/07/2006,AUS,TX,ASW,CE,Combined TRACON& Tower with Radar,271,61,94,41,467,0,2,129,4,135,271,63,223,45,602,0,0,0,602
02/08/2006,AUS,TX,ASW,CE,Combined TRACON& Tower with Radar,258,54,125,7,444,0,2,140,11,153,258,56,265,18,597,6,6,12,609
02/09/2006,AUS,TX,ASW,CE,Combined TRACON& Tower with Radar,272,65,135,10,482,0,5,152,5,162,272,70,287,15,644,2,0,2,646
02/10/2006,AUS,TX,ASW,CE,Combined TRACON& Tower with Radar,281,86,117,11,495,0,1,30,0,31,281,87,147,11,526,6,10,16,542
02/11/2006,AUS,TX,ASW,CE,Combined TRACON& Tower with Radar,234,39,60,3,336,0,1,127,0,128,234,40,187,3,464,12,0,12,476
02/12/2006,AUS,TX,ASW,CE,Combined TRACON& Tower with Radar,232,49,92,13,386,0,1,159,0,160,232,50,251,13,546,0,0,0,546
02/13/2006,AUS,TX,ASW,CE,Combined TRACON& Tower with Radar,248,53,77,21,399,0,11,103,2,116,248,64,180,23,515,40,0,40,555
02/14/2006,AUS,TX,ASW,CE,Combined TRACON& Tower with Radar,278,71,87,6,442,0,5,103,1,109,278,76,190,7,551,0,0,0,551
02/15/2006,AUS,TX,ASW,CE,Combined TRACON& Tower with Radar,280,60,154,7,501,0,8,91,3,102,280,68,245,10,603,0,0,0,603
02/16/2006,AUS,TX,ASW,CE,Combined TRACON& Tower with Radar,269,54,137,7,467,0,5,81,8,94,269,59,218,15,561,6,18,24,585
02/17/2006,AUS,TX,ASW,CE,Combined TRACON& Tower with Radar,275,66,157,17,515,0,0,32,0,32,275,66,189,17,547,2,4,6,553
02/18/2006,AUS,TX,ASW,CE,Combined TRACON& Tower with Radar,198,40,41,16,295,0,0,2,0,2,198,40,43,16,297,2,0,2,299
02/19/2006,AUS,TX,ASW,CE,Combined TRACON& Tower with Radar,254,42,71,1,368,0,4,1,0,5,254,46,72,1,373,0,0,0,373
02/20/2006,AUS,TX,ASW,CE,Combined TRACON& Tower with Radar,274,62,115,6,457,0,0,0,0,0,274,62,115,6,457,0,0,0,457
02/21/2006,AUS,TX,ASW,CE,Combined TRACON& Tower with Radar,278,75,129,10,492,0,0,0,0,0,278,75,129,10,492,0,0,0,492
02/22/2006,AUS,TX,ASW,CE,Combined TRACON& Tower with Radar,284,73,124,8,489,0,3,157,1,161,284,76,281,9,650,4,0,4,654
02/23/2006,AUS,TX,ASW,CE,Combined TRACON& Tower with Radar,284,73,124,8,489,0,3,157,1,161,284,76,281,9,650,0,0,0,650
02/24/2006,AUS,TX,ASW,CE,Combined TRACON& Tower with Radar,271,74,122,5,472,0,3,22,6,31,271,77,144,11,503,2,0,2,505
02/25/2006,AUS,TX,ASW,CE,Combined TRACON& Tower with Radar,220,51,108,13,392,0,0,5,0,5,220,51,113,13,397,0,0,0,397
02/26/2006,AUS,TX,ASW,CE,Combined TRACON& Tower with Radar,244,58,66,2,370,0,3,183,2,188,244,61,249,4,558,12,0,12,570
02/27/2006,AUS,TX,ASW,CE,Combined TRACON& Tower with Radar,254,71,106,4,435,0,6,74,7,87,254,77,180,11,522,0,0,0,522
02/28/2006,AUS,TX,ASW,CE,Combined TRACON& Tower with Radar,274,64,101,11,450,0,3,127,6,136,274,67,228,17,586,10,26,36,622
03/01/2006,AUS,TX,ASW,CE,Combined TRACON& Tower with Radar,268,50,111,5,434,0,4,83,5,92,268,54,194,10,526,0,0,0,526
03/02/2006,AUS,TX,ASW,CE,Combined TRACON& Tower with Radar,272,70,168,17,527,0,4,179,1,184,272,74,347,18,711,0,10,10,721
03/03/2006,AUS,TX,ASW,CE,Combined TRACON& Tower with Radar,293,92,167,30,582,0,0,92,2,94,293,92,259,32,676,0,12,12,688
03/04/2006,AUS,TX,ASW,CE,Combined TRACON& Tower with Radar,214,51,95,15,375,0,0,127,0,127,214,51,222,15,502,12,4,16,518
03/05/2006,AUS,TX,ASW,CE,Combined TRACON& Tower with Radar,244,53,125,13,435,0,3,84,3,90,244,56,209,16,525,0,0,0,525
03/06/2006,AUS,TX,ASW,CE,Combined TRACON& Tower with Radar,271,72,94,13,450,0,2,88,0,90,271,74,182,13,540,8,0,8,548
03/07/2006,AUS,TX,ASW,CE,Combined TRACON& Tower with Radar,285,88,150,24,547,0,0,77,2,79,285,88,227,26,626,8,0,8,634
03/08/2006,AUS,TX,ASW,CE,Combined TRACON& Tower with Radar,297,74,129,22,522,1,4,87,3,95,298,78,216,25,617,2,0,2,619
03/09/2006,AUS,TX,ASW,CE,Combined TRACON& Tower with Radar,283,64,105,13,465,0,2,112,8,122,283,66,217,21,587,2,0,2,589
03/10/2006,AUS,TX,ASW,CE,Combined TRACON& Tower with Radar,286,75,147,27,535,0,6,146,6,158,286,81,293,33,693,2,6,8,701
03/11/2006,AUS,TX,ASW,CE,Combined TRACON& Tower with Radar,219,74,97,18,408,0,2,141,1,144,219,76,238,19,552,0,8,8,560
03/12/2006,AUS,TX,ASW,CE,Combined TRACON& Tower with Radar,260,68,88,11,427,0,4,90,0,94,260,72,178,11,521,0,0,0,521
03/13/2006,AUS,TX,ASW,CE,Combined TRACON& Tower with Radar,263,70,76,15,424,0,2,63,2,67,263,72,139,17,491,0,0,0,491
03/14/2006,AUS,TX,ASW,CE,Combined TRACON& Tower with Radar,206,60,109,8,383,0,4,166,2,172,206,64,275,10,555,8,0,8,563
03/15/2006,AUS,TX,ASW,CE,Combined TRACON& Tower with Radar,295,78,117,10,500,0,4,102,3,109,295,82,219,13,609,0,0,0,609
03/16/2006,AUS,TX,ASW,CE,Combined TRACON& Tower with Radar,270,86,90,8,454,0,3,54,4,61,270,89,144,12,515,2,0,2,517
03/17/2006,AUS,TX,ASW,CE,Combined TRACON& Tower with Radar,276,85,104,9,474,0,1,53,1,55,276,86,157,10,529,0,0,0,529
03/18/2006,AUS,TX,ASW,CE,Combined TRACON& Tower with Radar,203,87,91,6,387,0,0,13,0,13,203,87,104,6,400,0,0,0,400
03/19/2006,AUS,TX,ASW,CE,Combined TRACON& Tower with Radar,285,53,110,8,456,0,0,0,0,0,285,53,110,8,456,0,0,0,456
03/20/2006,AUS,TX,ASW,CE,Combined TRACON& Tower with Radar,282,71,88,11,452,0,5,83,0,88,282,76,171,11,540,0,0,0,540
03/21/2006,AUS,TX,ASW,CE,Combined TRACON& Tower with Radar,287,74,123,9,493,0,7,170,5,182,287,81,293,14,675,4,0,4,679
03/22/2006,AUS,TX,ASW,CE,Combined TRACON& Tower with Radar,293,68,181,9,551,0,5,115,4,124,293,73,296,13,675,0,0,0,675
03/23/2006,AUS,TX,ASW,CE,Combined TRACON& Tower with Radar,279,89,137,8,513,0,1,80,6,87,279,90,217,14,600,6,0,6,606
03/24/2006,AUS,TX,ASW,CE,Combined TRACON& Tower with Radar,274,80,110,10,474,0,2,214,6,222,274,82,324,16,696,26,8,34,730
03/25/2006,AUS,TX,ASW,CE,Combined TRACON& Tower with Radar,203,59,103,2,367,0,5,183,2,190,203,64,286,4,557,14,6,20,577
03/26/2006,AUS,TX,ASW,CE,Combined TRACON& Tower with Radar,250,59,82,10,401,0,6,118,2,126,250,65,200,12,527,0,0,0,527
03/27/2006,AUS,TX,ASW,CE,Combined TRACON& Tower with Radar,243,93,109,6,451,0,0,22,0,22,243,93,131,6,473,0,0,0,473
03/28/2006,AUS,TX,ASW,CE,Combined TRACON& Tower with Radar,273,103,98,4,478,0,5,20,4,29,273,108,118,8,507,8,0,8,515
03/29/2006,AUS,TX,ASW,CE,Combined TRACON& Tower with Radar,281,75,148,10,514,0,1,47,6,54,281,76,195,16,568,15,0,15,583
03/30/2006,AUS,TX,ASW,CE,Combined TRACON& Tower with Radar,295,88,161,11,555,0,1,92,6,99,295,89,253,17,654,12,0,12,666
03/31/2006,AUS,TX,ASW,CE,Combined TRACON& Tower with Radar,275,74,159,16,524,0,2,65,7,74,275,76,224,23,598,12,0,12,610
04/01/2006,AUS,TX,ASW,CE,Combined TRACON& Tower with Radar,134,70,78,25,307,0,0,0,0,0,134,70,78,25,307,10,0,10,317
04/02/2006,AUS,TX,ASW,CE,Combined TRACON& Tower with Radar,263,42,81,0,386,0,0,116,0,116,263,42,197,0,502,18,0,18,520
04/03/2006,AUS,TX,ASW,CE,Combined TRACON& Tower with Radar,267,57,98,17,439,0,7,84,2,93,267,64,182,19,532,0,0,0,532
04/04/2006,AUS,TX,ASW,CE,Combined TRACON& Tower with Radar,279,58,124,20,481,0,2,88,4,94,279,60,212,24,575,2,10,12,587
04/05/2006,AUS,TX,ASW,CE,Combined TRACON& Tower with Radar,286,74,138,7,505,0,2,115,14,131,286,76,253,21,636,6,0,6,642
04/06/2006,AUS,TX,ASW,CE,Combined TRACON& Tower with Radar,294,85,152,15,546,0,3,103,3,109,294,88,255,18,655,0,0,0,655
04/07/2006,AUS,TX,ASW,CE,Combined TRACON& Tower with Radar,275,83,131,18,507,0,3,124,2,129,275,86,255,20,636,50,6,56,692
04/08/2006,AUS,TX,ASW,CE,Combined TRACON& Tower with Radar,209,63,50,3,325,0,0,0,0,0,209,63,50,3,325,0,0,0,325
04/09/2006,AUS,TX,ASW,CE,Combined TRACON& Tower with Radar,253,68,115,1,437,0,0,165,0,165,253,68,280,1,602,0,0,0,602
04/10/2006,AUS,TX,ASW,CE,Combined TRACON& Tower with Radar,248,81,91,8,428,0,3,166,4,173,248,84,257,12,601,26,0,26,627
04/11/2006,AUS,TX,ASW,CE,Combined TRACON& Tower with Radar,261,78,125,2,466,0,4,109,3,116,261,82,234,5,582,22,0,22,604
04/12/2006,AUS,TX,ASW,CE,Combined TRACON& Tower with Radar,271,78,140,9,498,0,3,87,4,94,271,81,227,13,592,4,0,4,596
04/13/2006,AUS,TX,ASW,CE,Combined TRACON& Tower with Radar,290,80,155,1,526,0,2,152,3,157,290,82,307,4,683,6,0,6,689
04/14/2006,AUS,TX,ASW,CE,Combined TRACON& Tower with Radar,277,69,99,7,452,0,2,140,1,143,277,71,239,8,595,30,0,30,625
04/15/2006,AUS,TX,ASW,CE,Combined TRACON& Tower with Radar,222,50,86,2,360,0,0,122,0,122,222,50,208,2,482,16,0,16,498
04/16/2006,AUS,TX,ASW,CE,Combined TRACON& Tower with Radar,261,43,57,4,365,0,0,99,0,99,261,43,156,4,464,0,0,0,464
04/17/2006,AUS,TX,ASW,CE,Combined TRACON& Tower with Radar,280,65,134,10,489,0,1,120,0,121,280,66,254,10,610,4,0,4,614
04/18/2006,AUS,TX,ASW,CE,Combined TRACON& Tower with Radar,275,67,168,4,514,0,3,77,1,81,275,70,245,5,595,22,0,22,617
04/19/2006,AUS,TX,ASW,CE,Combined TRACON& Tower with Radar,263,74,104,4,445,0,3,85,3,91,263,77,189,7,536,5,0,5,541
04/20/2006,AUS,TX,ASW,CE,Combined TRACON& Tower with Radar,296,71,143,2,512,0,1,49,2,52,296,72,192,4,564,0,0,0,564
04/21/2006,AUS,TX,ASW,CE,Combined TRACON& Tower with Radar,275,93,161,11,540,0,2,115,3,120,275,95,276,14,660,8,0,8,668
04/22/2006,AUS,TX,ASW,CE,Combined TRACON& Tower with Radar,217,47,61,5,330,0,0,159,2,161,217,47,220,7,491,56,0,56,547
04/23/2006,AUS,TX,ASW,CE,Combined TRACON& Tower with Radar,269,60,118,9,456,0,0,95,0,95,269,60,213,9,551,0,0,0,551
04/24/2006,AUS,TX,ASW,CE,Combined TRACON& Tower with Radar,269,56,130,13,468,0,2,113,0,115,269,58,243,13,583,10,0,10,593
04/25/2006,AUS,TX,ASW,CE,Combined TRACON& Tower with Radar,273,81,134,7,495,0,1,37,1,39,273,82,171,8,534,24,8,32,566
04/26/2006,AUS,TX,ASW,CE,Combined TRACON& Tower with Radar,277,71,160,1,509,0,2,117,3,122,277,73,277,4,631,28,0,28,659
04/27/2006,AUS,TX,ASW,CE,Combined TRACON& Tower with Radar,274,78,164,3,519,0,2,92,3,97,274,80,256,6,616,8,0,8,624
04/28/2006,AUS,TX,ASW,CE,Combined TRACON& Tower with Radar,283,64,129,5,481,0,2,25,0,27,283,66,154,5,508,0,0,0,508
04/29/2006,AUS,TX,ASW,CE,Combined TRACON& Tower with Radar,239,45,81,6,371,0,0,87,1,88,239,45,168,7,459,28,10,38,497
04/30/2006,AUS,TX,ASW,CE,Combined TRACON& Tower with Radar,237,89,97,6,429,0,3,158,0,161,237,92,255,6,590,13,0,13,603
05/01/2006,AUS,TX,ASW,CE,Combined TRACON& Tower with Radar,255,80,81,15,431,0,3,99,0,102,255,83,180,15,533,6,8,14,547
05/02/2006,AUS,TX,ASW,CE,Combined TRACON& Tower with Radar,284,78,106,8,476,0,1,80,0,81,284,79,186,8,557,6,0,6,563
05/03/2006,AUS,TX,ASW,CE,Combined TRACON& Tower with Radar,270,79,145,7,501,0,4,109,3,116,270,83,254,10,617,0,0,0,617
05/04/2006,AUS,TX,ASW,CE,Combined TRACON& Tower with Radar,312,85,167,13,577,0,2,104,2,108,312,87,271,15,685,14,0,14,699
05/05/2006,AUS,TX,ASW,CE,Combined TRACON& Tower with Radar,297,67,142,18,524,0,5,123,3,131,297,72,265,21,655,20,0,20,675
05/06/2006,AUS,TX,ASW,CE,Combined TRACON& Tower with Radar,221,45,58,8,332,0,0,55,0,55,221,45,113,8,387,0,0,0,387
05/07/2006,AUS,TX,ASW,CE,Combined TRACON& Tower with Radar,250,44,119,13,426,0,0,0,0,0,250,44,119,13,426,12,0,12,438
05/08/2006,AUS,TX,ASW,CE,Combined TRACON& Tower with Radar,276,56,117,16,465,0,1,72,0,73,276,57,189,16,538,10,6,16,554
05/09/2006,AUS,TX,ASW,CE,Combined TRACON& Tower with Radar,281,54,167,17,519,0,0,86,1,87,281,54,253,18,606,68,0,68,674
05/10/2006,AUS,TX,ASW,CE,Combined TRACON& Tower with Radar,280,62,128,2,472,0,5,98,6,109,280,67,226,8,581,1,0,1,582
05/11/2006,AUS,TX,ASW,CE,Combined TRACON& Tower with Radar,288,87,121,0,496,0,3,126,16,145,288,90,247,16,641,28,0,28,669
05/12/2006,AUS,TX,ASW,CE,Combined TRACON& Tower with Radar,278,90,113,5,486,0,5,158,3,166,278,95,271,8,652,14,8,22,674
05/13/2006,AUS,TX,ASW,CE,Combined TRACON& Tower with Radar,211,52,51,10,324,0,2,101,0,103,211,54,152,10,427,4,2,6,433
05/14/2006,AUS,TX,ASW,CE,Combined TRACON& Tower with Radar,250,59,57,0,366,0,4,33,0,37,250,63,90,0,403,0,0,0,403
05/15/2006,AUS,TX,ASW,CE,Combined TRACON& Tower with Radar,255,56,89,22,422,0,1,98,4,103,255,57,187,26,525,8,20,28,553
05/16/2006,AUS,TX,ASW,CE,Combined TRACON& Tower with Radar,282,73,120,0,475,1,6,135,3,145,283,79,255,3,620,10,0,10,630
05/17/2006,AUS,TX,ASW,CE,Combined TRACON& Tower with Radar,284,78,131,5,498,0,5,193,2,200,284,83,324,7,698,26,0,26,724
05/18/2006,AUS,TX,ASW,CE,Combined TRACON& Tower with Radar,292,66,115,4,477,0,2,145,1,148,292,68,260,5,625,12,0,12,637
05/19/2006,AUS,TX,ASW,CE,Combined TRACON& Tower with Radar,284,64,133,42,523,0,6,172,8,186,284,70,305,50,709,38,14,52,761
05/20/2006,AUS,TX,ASW,CE,Combined TRACON& Tower with Radar,220,53,95,2,370,0,4,151,3,158,220,57,246,5,528,36,0,36,564
05/21/2006,AUS,TX,ASW,CE,Combined TRACON& Tower with Radar,271,52,93,16,432,0,5,155,6,166,271,57,248,22,598,28,0,28,626
05/22/2006,AUS,TX,ASW,CE,Combined TRACON& Tower with Radar,274,55,115,4,448,0,6,109,1,116,274,61,224,5,564,8,8,16,580
05/23/2006,AUS,TX,ASW,CE,Combined TRACON& Tower with Radar,287,56,115,12,470,0,2,105,3,110,287,58,220,15,580,0,0,0,580
05/24/2006,AUS,TX,ASW,CE,Combined TRACON& Tower with Radar,278,85,131,20,514,0,2,113,26,141,278,87,244,46,655,70,0,70,725
05/25/2006,AUS,TX,ASW,CE,Combined TRACON& Tower with Radar,274,86,147,6,513,0,0,128,2,130,274,86,275,8,643,12,0,12,655
05/26/2006,AUS,TX,ASW,CE,Combined TRACON& Tower with Radar,293,63,137,16,509,0,4,117,1,122,293,67,254,17,631,16,0,16,647
05/27/2006,AUS,TX,ASW,CE,Combined TRACON& Tower with Radar,230,49,78,0,357,0,3,93,15,111,230,52,171,15,468,6,0,6,474
05/28/2006,AUS,TX,ASW,CE,Combined TRACON& Tower with Radar,242,33,39,0,314,0,1,65,0,66,242,34,104,0,380,0,0,0,380
05/29/2006,AUS,TX,ASW,CE,Combined TRACON& Tower with Radar,239,60,95,3,397,0,0,51,0,51,239,60,146,3,448,0,0,0,448
05/30/2006,AUS,TX,ASW,CE,Combined TRACON& Tower with Radar,308,87,120,13,528,0,0,102,4,106,308,87,222,17,634,2,0,2,636
05/31/2006,AUS,TX,ASW,CE,Combined TRACON& Tower with Radar,312,80,105,5,502,0,2,44,1,47,312,82,149,6,549,0,0,0,549
06/01/2006,AUS,TX,ASW,CE,Combined TRACON& Tower with Radar,281,92,112,15,500,0,0,25,0,25,281,92,137,15,525,8,0,8,533
06/02/2006,AUS,TX,ASW,CE,Combined TRACON& Tower with Radar,270,67,85,18,440,0,3,115,11,129,270,70,200,29,569,6,0,6,575
06/03/2006,AUS,TX,ASW,CE,Combined TRACON& Tower with Radar,226,58,64,20,368,0,0,110,0,110,226,58,174,20,478,14,0,14,492
06/04/2006,AUS,TX,ASW,CE,Combined TRACON& Tower with Radar,275,32,63,1,371,0,0,109,1,110,275,32,172,2,481,0,0,0,481
06/05/2006,AUS,TX,ASW,CE,Combined TRACON& Tower with Radar,257,65,82,17,421,0,6,147,2,155,257,71,229,19,576,0,0,0,576
06/06/2006,AUS,TX,ASW,CE,Combined TRACON& Tower with Radar,277,72,101,29,479,0,2,115,1,118,277,74,216,30,597,32,12,44,641
06/07/2006,AUS,TX,ASW,CE,Combined TRACON& Tower with Radar,258,91,102,6,457,0,5,122,5,132,258,96,224,11,589,0,0,0,589
06/08/2006,AUS,TX,ASW,CE,Combined TRACON& Tower with Radar,285,80,113,19,497,0,5,172,3,180,285,85,285,22,677,0,0,0,677
06/09/2006,AUS,TX,ASW,CE,Combined TRACON& Tower with Radar,272,77,116,28,493,0,6,164,6,176,272,83,280,34,669,58,6,64,733
06/10/2006,AUS,TX,ASW,CE,Combined TRACON& Tower with Radar,214,59,62,6,341,0,0,0,0,0,214,59,62,6,341,14,3,17,358
06/11/2006,AUS,TX,ASW,CE,Combined TRACON& Tower with Radar,257,63,108,7,435,0,0,0,0,0,257,63,108,7,435,16,0,16,451
06/12/2006,AUS,TX,ASW,CE,Combined TRACON& Tower with Radar,250,76,72,33,431,0,1,93,0,94,250,77,165,33,525,10,14,24,549
06/13/2006,AUS,TX,ASW,CE,Combined TRACON& Tower with Radar,337,61,100,22,520,0,0,0,0,0,337,61,100,22,520,27,12,39,559
06/14/2006,AUS,TX,ASW,CE,Combined TRACON& Tower with Radar,283,70,98,43,494,0,9,130,7,146,283,79,228,50,640,3,0,3,643
06/15/2006,AUS,TX,ASW,CE,Combined TRACON& Tower with Radar,273,78,111,54,516,0,0,131,6,137,273,78,242,60,653,6,0,6,659
06/16/2006,AUS,TX,ASW,CE,Combined TRACON& Tower with Radar,293,62,130,44,529,0,1,95,1,97,293,63,225,45,626,0,0,0,626
06/17/2006,AUS,TX,ASW,CE,Combined TRACON& Tower with Radar,266,66,44,3,379,0,2,0,0,2,266,68,44,3,381,0,0,0,381
06/18/2006,AUS,TX,ASW,CE,Combined TRACON& Tower with Radar,259,70,67,18,414,0,0,87,1,88,259,70,154,19,502,0,0,0,502
06/19/2006,AUS,TX,ASW,CE,Combined TRACON& Tower with Radar,268,59,105,22,454,0,7,120,3,130,268,66,225,25,584,0,0,0,584
06/20/2006,AUS,TX,ASW,CE,Combined TRACON& Tower with Radar,277,81,96,2,456,0,5,34,3,42,277,86,130,5,498,2,0,2,500
06/21/2006,AUS,TX,ASW,CE,Combined TRACON& Tower with Radar,277,70,93,9,449,0,4,76,0,80,277,74,169,9,529,5,0,5,534
06/22/2006,AUS,TX,ASW,CE,Combined TRACON& Tower with Radar,301,84,96,4,485,0,2,92,2,96,301,86,188,6,581,12,10,22,603
06/23/2006,AUS,TX,ASW,CE,Combined TRACON& Tower with Radar,275,74,120,6,475,0,3,83,0,86,275,77,203,6,561,0,0,0,561
06/24/2006,AUS,TX,ASW,CE,Combined TRACON& Tower with Radar,227,53,63,4,347,0,2,56,2,60,227,55,119,6,407,10,0,10,417
06/25/2006,AUS,TX,ASW,CE,Combined TRACON& Tower with Radar,0,0,0,0,0,0,0,0,0,0,0,0,0,0,0,2,0,2,2
06/26/2006,AUS,TX,ASW,CE,Combined TRACON& Tower with Radar,245,74,99,7,425,0,8,103,8,119,245,82,202,15,544,22,0,22,566
06/27/2006,AUS,TX,ASW,CE,Combined TRACON& Tower with Radar,260,69,75,17,421,0,4,120,6,130,260,73,195,23,551,22,2,24,575
06/28/2006,AUS,TX,ASW,CE,Combined TRACON& Tower with Radar,294,68,79,16,457,0,5,148,10,163,294,73,227,26,620,14,6,20,640
06/29/2006,AUS,TX,ASW,CE,Combined TRACON& Tower with Radar,288,78,106,10,482,0,12,127,2,141,288,90,233,12,623,12,0,12,635
06/30/2006,AUS,TX,ASW,CE,Combined TRACON& Tower with Radar,300,82,144,16,542,0,6,150,1,157,300,88,294,17,699,50,64,114,813
07/01/2006,AUS,TX,ASW,CE,Combined TRACON& Tower with Radar,215,55,53,2,325,0,0,58,0,58,215,55,111,2,383,42,0,42,425
07/02/2006,AUS,TX,ASW,CE,Combined TRACON& Tower with Radar,267,30,43,2,342,0,2,24,0,26,267,32,67,2,368,6,0,6,374
07/03/2006,AUS,TX,ASW,CE,Combined TRACON& Tower with Radar,206,67,56,5,334,0,6,42,2,50,206,73,98,7,384,0,0,0,384
07/04/2006,AUS,TX,ASW,CE,Combined TRACON& Tower with Radar,231,38,37,1,307,0,0,26,2,28,231,38,63,3,335,10,0,10,345
07/05/2006,AUS,TX,ASW,CE,Combined TRACON& Tower with Radar,317,68,91,9,485,0,2,51,1,54,317,70,142,10,539,3,4,7,546
07/06/2006,AUS,TX,ASW,CE,Combined TRACON& Tower with Radar,295,62,112,7,476,0,1,72,1,74,295,63,184,8,550,12,6,18,568
07/07/2006,AUS,TX,ASW,CE,Combined TRACON& Tower with Radar,277,48,131,7,463,0,5,74,4,83,277,53,205,11,546,3,0,3,549
07/08/2006,AUS,TX,ASW,CE,Combined TRACON& Tower with Radar,222,44,92,8,366,0,3,68,2,73,222,47,160,10,439,14,0,14,453
07/09/2006,AUS,TX,ASW,CE,Combined TRACON& Tower with Radar,264,52,69,5,390,0,1,113,1,115,264,53,182,6,505,16,0,16,521
07/10/2006,AUS,TX,ASW,CE,Combined TRACON& Tower with Radar,258,59,102,26,445,0,5,102,0,107,258,64,204,26,552,0,0,0,552
07/11/2006,AUS,TX,ASW,CE,Combined TRACON& Tower with Radar,249,81,109,17,456,0,5,129,3,137,249,86,238,20,593,0,0,0,593
07/12/2006,AUS,TX,ASW,CE,Combined TRACON& Tower with Radar,281,60,102,0,443,0,8,115,1,124,281,68,217,1,567,14,0,14,581
07/13/2006,AUS,TX,ASW,CE,Combined TRACON& Tower with Radar,287,67,91,15,460,0,5,111,5,121,287,72,202,20,581,38,0,38,619
07/14/2006,AUS,TX,ASW,CE,Combined TRACON& Tower with Radar,277,58,77,16,428,0,5,131,3,139,277,63,208,19,567,48,0,48,615
07/15/2006,AUS,TX,ASW,CE,Combined TRACON& Tower with Radar,231,47,64,2,344,0,1,142,3,146,231,48,206,5,490,52,0,52,542
07/16/2006,AUS,TX,ASW,CE,Combined TRACON& Tower with Radar,268,55,89,3,415,0,1,160,0,161,268,56,249,3,576,16,0,16,592
07/17/2006,AUS,TX,ASW,CE,Combined TRACON& Tower with Radar,267,66,71,5,409,0,7,89,0,96,267,73,160,5,505,6,8,14,519
07/18/2006,AUS,TX,ASW,CE,Combined TRACON& Tower with Radar,285,72,93,28,478,0,8,152,2,162,285,80,245,30,640,6,8,14,654
07/19/2006,AUS,TX,ASW,CE,Combined TRACON& Tower with Radar,282,71,123,7,483,0,7,131,2,140,282,78,254,9,623,0,0,0,623
07/20/2006,AUS,TX,ASW,CE,Combined TRACON& Tower with Radar,273,80,106,30,489,0,0,85,9,94,273,80,191,39,583,28,6,34,617
07/21/2006,AUS,TX,ASW,CE,Combined TRACON& Tower with Radar,280,69,100,16,465,0,0,110,7,117,280,69,210,23,582,4,12,16,598
07/22/2006,AUS,TX,ASW,CE,Combined TRACON& Tower with Radar,238,42,70,6,356,0,0,94,0,94,238,42,164,6,450,8,0,8,458
07/23/2006,AUS,TX,ASW,CE,Combined TRACON& Tower with Radar,268,58,84,14,424,0,0,139,3,142,268,58,223,17,566,4,4,8,574
07/24/2006,AUS,TX,ASW,CE,Combined TRACON& Tower with Radar,284,58,73,12,427,0,6,63,1,70,284,64,136,13,497,0,0,0,497
07/25/2006,AUS,TX,ASW,CE,Combined TRACON& Tower with Radar,282,82,92,17,473,0,7,110,2,119,282,89,202,19,592,6,0,6,598
07/26/2006,AUS,TX,ASW,CE,Combined TRACON& Tower with Radar,282,65,97,20,464,0,5,44,0,49,282,70,141,20,513,0,0,0,513
07/27/2006,AUS,TX,ASW,CE,Combined TRACON& Tower with Radar,279,68,122,15,484,0,3,56,2,61,279,71,178,17,545,20,4,24,569
07/28/2006,AUS,TX,ASW,CE,Combined TRACON& Tower with Radar,274,65,102,49,490,2,2,99,12,115,276,67,201,61,605,30,24,54,659
07/29/2006,AUS,TX,ASW,CE,Combined TRACON& Tower with Radar,217,80,128,0,425,0,2,127,0,129,217,82,255,0,554,16,0,16,570
07/30/2006,AUS,TX,ASW,CE,Combined TRACON& Tower with Radar,245,47,108,17,417,0,13,115,0,128,245,60,223,17,545,0,0,0,545
07/31/2006,AUS,TX,ASW,CE,Combined TRACON& Tower with Radar,286,54,107,20,467,0,7,86,2,95,286,61,193,22,562,22,6,28,590
08/01/2006,AUS,TX,ASW,CE,Combined TRACON& Tower with Radar,287,64,102,32,485,0,5,104,7,116,287,69,206,39,601,8,28,36,637
08/02/2006,AUS,TX,ASW,CE,Combined TRACON& Tower with Radar,277,69,103,11,460,0,5,78,3,86,277,74,181,14,546,0,0,0,546
08/03/2006,AUS,TX,ASW,CE,Combined TRACON& Tower with Radar,284,115,99,9,507,0,1,77,2,80,284,116,176,11,587,0,2,2,589
08/04/2006,AUS,TX,ASW,CE,Combined TRACON& Tower with Radar,292,56,114,16,478,0,2,109,1,112,292,58,223,17,590,30,12,42,632
08/05/2006,AUS,TX,ASW,CE,Combined TRACON& Tower with Radar,213,52,63,0,328,0,2,110,0,112,213,54,173,0,440,3,0,3,443
08/06/2006,AUS,TX,ASW,CE,Combined TRACON& Tower with Radar,237,105,74,4,420,0,0,117,4,121,237,105,191,8,541,12,12,24,565
08/07/2006,AUS,TX,ASW,CE,Combined TRACON& Tower with Radar,247,88,88,9,432,0,7,54,0,61,247,95,142,9,493,0,0,0,493
08/08/2006,AUS,TX,ASW,CE,Combined TRACON& Tower with Radar,270,80,124,3,477,0,2,109,5,116,270,82,233,8,593,0,0,0,593
08/09/2006,AUS,TX,ASW,CE,Combined TRACON& Tower with Radar,293,85,112,25,515,1,3,152,9,165,294,88,264,34,680,6,0,6,686
08/10/2006,AUS,TX,ASW,CE,Combined TRACON& Tower with Radar,259,89,137,33,518,0,1,126,11,138,259,90,263,44,656,16,3,19,675
08/11/2006,AUS,TX,ASW,CE,Combined TRACON& Tower with Radar,272,62,107,34,475,0,3,128,13,144,272,65,235,47,619,4,6,10,629
08/12/2006,AUS,TX,ASW,CE,Combined TRACON& Tower with Radar,228,61,106,12,407,0,1,107,2,110,228,62,213,14,517,0,0,0,517
08/13/2006,AUS,TX,ASW,CE,Combined TRACON& Tower with Radar,258,48,109,6,421,0,0,104,0,104,258,48,213,6,525,8,0,8,533
08/14/2006,AUS,TX,ASW,CE,Combined TRACON& Tower with Radar,247,68,86,31,432,0,2,105,5,112,247,70,191,36,544,0,0,0,544
08/15/2006,AUS,TX,ASW,CE,Combined TRACON& Tower with Radar,266,88,84,34,472,0,3,89,8,100,266,91,173,42,572,8,6,14,586
08/16/2006,AUS,TX,ASW,CE,Combined TRACON& Tower with Radar,277,75,109,37,498,0,4,88,5,97,277,79,197,42,595,0,0,0,595
08/17/2006,AUS,TX,ASW,CE,Combined TRACON& Tower with Radar,281,75,100,17,473,1,9,148,10,168,282,84,248,27,641,0,0,0,641
08/18/2006,AUS,TX,ASW,CE,Combined TRACON& Tower with Radar,277,53,85,30,445,0,10,118,18,146,277,63,203,48,591,42,12,54,645
08/19/2006,AUS,TX,ASW,CE,Combined TRACON& Tower with Radar,207,46,40,6,299,0,3,125,3,131,207,49,165,9,430,0,0,0,430
08/20/2006,AUS,TX,ASW,CE,Combined TRACON& Tower with Radar,240,71,90,19,420,0,1,130,3,134,240,72,220,22,554,0,0,0,554
08/21/2006,AUS,TX,ASW,CE,Combined TRACON& Tower with Radar,259,66,93,9,427,0,7,82,3,92,259,73,175,12,519,6,0,6,525
08/22/2006,AUS,TX,ASW,CE,Combined TRACON& Tower with Radar,274,102,118,29,523,0,3,141,9,153,274,105,259,38,676,8,16,24,700
08/23/2006,AUS,TX,ASW,CE,Combined TRACON& Tower with Radar,308,73,126,18,525,0,10,119,20,149,308,83,245,38,674,6,2,8,682
08/24/2006,AUS,TX,ASW,CE,Combined TRACON& Tower with Radar,305,91,142,26,564,0,5,144,5,154,305,96,286,31,718,12,0,12,730
08/25/2006,AUS,TX,ASW,CE,Combined TRACON& Tower with Radar,271,83,124,82,560,0,3,140,18,161,271,86,264,100,721,3,8,11,732
08/26/2006,AUS,TX,ASW,CE,Combined TRACON& Tower with Radar,221,55,67,29,372,0,0,127,8,135,221,55,194,37,507,22,24,46,553
08/27/2006,AUS,TX,ASW,CE,Combined TRACON& Tower with Radar,289,60,79,22,450,0,2,112,3,117,289,62,191,25,567,0,0,0,567
08/28/2006,AUS,TX,ASW,CE,Combined TRACON& Tower with Radar,256,83,96,12,447,0,1,50,2,53,256,84,146,14,500,0,0,0,500
08/29/2006,AUS,TX,ASW,CE,Combined TRACON& Tower with Radar,261,80,133,13,487,0,0,107,3,110,261,80,240,16,597,0,0,0,597
08/30/2006,AUS,TX,ASW,CE,Combined TRACON& Tower with Radar,281,80,117,9,487,0,2,128,2,132,281,82,245,11,619,0,0,0,619
08/31/2006,AUS,TX,ASW,CE,Combined TRACON& Tower with Radar,290,76,107,17,490,0,1,141,2,144,290,77,248,19,634,16,0,16,650
09/01/2006,AUS,TX,ASW,CE,Combined TRACON& Tower with Radar,274,92,103,23,492,0,5,139,7,151,274,97,242,30,643,6,18,24,667
09/02/2006,AUS,TX,ASW,CE,Combined TRACON& Tower with Radar,212,55,80,0,347,0,6,114,0,120,212,61,194,0,467,0,0,0,467
09/03/2006,AUS,TX,ASW,CE,Combined TRACON& Tower with Radar,212,46,62,0,320,0,2,76,0,78,212,48,138,0,398,18,0,18,416
09/04/2006,AUS,TX,ASW,CE,Combined TRACON& Tower with Radar,243,72,91,2,408,0,0,62,1,63,243,72,153,3,471,12,0,12,483
09/05/2006,AUS,TX,ASW,CE,Combined TRACON& Tower with Radar,260,68,103,6,437,0,2,15,0,17,260,70,118,6,454,0,0,0,454
09/06/2006,AUS,TX,ASW,CE,Combined TRACON& Tower with Radar,301,98,126,75,600,0,9,156,1,166,301,107,282,76,766,8,32,40,806
09/07/2006,AUS,TX,ASW,CE,Combined TRACON& Tower with Radar,296,106,156,24,582,0,2,177,1,180,296,108,333,25,762,0,0,0,762
09/08/2006,AUS,TX,ASW,CE,Combined TRACON& Tower with Radar,289,91,179,20,579,0,3,112,7,122,289,94,291,27,701,0,8,8,709
09/09/2006,AUS,TX,ASW,CE,Combined TRACON& Tower with Radar,215,89,223,5,532,0,0,100,4,104,215,89,323,9,636,0,0,0,636
09/10/2006,AUS,TX,ASW,CE,Combined TRACON& Tower with Radar,290,109,238,11,648,0,0,152,0,152,290,109,390,11,800,2,0,2,802
09/11/2006,AUS,TX,ASW,CE,Combined TRACON& Tower with Radar,282,66,112,1,461,0,1,39,0,40,282,67,151,1,501,2,0,2,503
09/12/2006,AUS,TX,ASW,CE,Combined TRACON& Tower with Radar,281,63,108,24,476,0,2,91,4,97,281,65,199,28,573,10,0,10,583
09/13/2006,AUS,TX,ASW,CE,Combined TRACON& Tower with Radar,275,88,161,14,538,0,2,126,12,140,275,90,287,26,678,21,6,27,705
09/14/2006,AUS,TX,ASW,CE,Combined TRACON& Tower with Radar,285,86,103,21,495,0,2,145,8,155,285,88,248,29,650,0,0,0,650
09/15/2006,AUS,TX,ASW,CE,Combined TRACON& Tower with Radar,303,64,181,15,563,0,0,0,0,0,303,64,181,15,563,3,5,8,571
09/16/2006,AUS,TX,ASW,CE,Combined TRACON& Tower with Radar,185,79,116,23,403,0,0,83,0,83,185,79,199,23,486,4,2,6,492
09/17/2006,AUS,TX,ASW,CE,Combined TRACON& Tower with Radar,285,36,107,5,433,0,4,18,0,22,285,40,125,5,455,0,0,0,455
09/18/2006,AUS,TX,ASW,CE,Combined TRACON& Tower with Radar,255,91,111,4,461,0,2,70,0,72,255,93,181,4,533,0,0,0,533
09/19/2006,AUS,TX,ASW,CE,Combined TRACON& Tower with Radar,269,72,136,10,487,0,2,156,4,162,269,74,292,14,649,4,2,6,655
09/20/2006,AUS,TX,ASW,CE,Combined TRACON& Tower with Radar,266,65,135,20,486,0,3,126,2,131,266,68,261,22,617,13,4,17,634
09/21/2006,AUS,TX,ASW,CE,Combined TRACON& Tower with Radar,261,77,120,13,471,1,9,80,3,93,262,86,200,16,564,7,0,7,571
09/22/2006,AUS,TX,ASW,CE,Combined TRACON& Tower with Radar,270,69,129,41,509,0,1,98,2,101,270,70,227,43,610,0,0,0,610
09/23/2006,AUS,TX,ASW,CE,Combined TRACON& Tower with Radar,235,33,94,3,365,0,1,40,0,41,235,34,134,3,406,0,0,0,406
09/24/2006,AUS,TX,ASW,CE,Combined TRACON& Tower with Radar,244,52,110,0,406,0,2,114,1,117,244,54,224,1,523,0,0,0,523
09/25/2006,AUS,TX,ASW,CE,Combined TRACON& Tower with Radar,259,71,120,23,473,0,2,138,0,140,259,73,258,23,613,8,4,12,625
09/26/2006,AUS,TX,ASW,CE,Combined TRACON& Tower with Radar,265,91,135,1,492,0,8,134,1,143,265,99,269,2,635,6,0,6,641
09/27/2006,AUS,TX,ASW,CE,Combined TRACON& Tower with Radar,278,80,122,7,487,0,8,98,3,109,278,88,220,10,596,6,0,6,602
09/28/2006,AUS,TX,ASW,CE,Combined TRACON& Tower with Radar,274,88,122,3,487,0,2,151,1,154,274,90,273,4,641,28,0,28,669
09/29/2006,AUS,TX,ASW,CE,Combined TRACON& Tower with Radar,281,75,145,12,513,0,8,148,1,157,281,83,293,13,670,10,0,10,680
09/30/2006,AUS,TX,ASW,CE,Combined TRACON& Tower with Radar,213,55,97,8,373,0,0,0,0,0,213,55,97,8,373,12,0,12,385
10/01/2006,AUS,TX,ASW,CE,Combined TRACON& Tower with Radar,222,73,80,12,387,0,2,103,1,106,222,75,183,13,493,4,0,4,497
10/02/2006,AUS,TX,ASW,CE,Combined TRACON& Tower with Radar,238,79,80,10,407,0,3,83,2,88,238,82,163,12,495,16,0,16,511
10/03/2006,AUS,TX,ASW,CE,Combined TRACON& Tower with Radar,263,73,112,9,457,0,7,110,4,121,263,80,222,13,578,4,0,4,582
10/04/2006,AUS,TX,ASW,CE,Combined TRACON& Tower with Radar,288,67,94,5,454,0,7,98,3,108,288,74,192,8,562,2,0,2,564
10/05/2006,AUS,TX,ASW,CE,Combined TRACON& Tower with Radar,293,85,146,3,527,0,1,152,3,156,293,86,298,6,683,12,8,20,703
10/06/2006,AUS,TX,ASW,CE,Combined TRACON& Tower with Radar,258,92,136,19,505,0,6,145,4,155,258,98,281,23,660,1,9,10,670
10/07/2006,AUS,TX,ASW,CE,Combined TRACON& Tower with Radar,221,56,73,0,350,0,0,118,0,118,221,56,191,0,468,2,0,2,470
10/08/2006,AUS,TX,ASW,CE,Combined TRACON& Tower with Radar,240,46,76,5,367,0,0,135,9,144,240,46,211,14,511,11,3,14,525
10/09/2006,AUS,TX,ASW,CE,Combined TRACON& Tower with Radar,258,90,125,15,488,0,3,112,3,118,258,93,237,18,606,0,0,0,606
10/10/2006,AUS,TX,ASW,CE,Combined TRACON& Tower with Radar,271,73,98,3,445,0,0,2,0,2,271,73,100,3,447,1,0,1,448
10/11/2006,AUS,TX,ASW,CE,Combined TRACON& Tower with Radar,301,80,151,10,542,0,3,170,6,179,301,83,321,16,721,8,2,10,731
10/12/2006,AUS,TX,ASW,CE,Combined TRACON& Tower with Radar,312,102,133,9,556,0,3,31,4,38,312,105,164,13,594,0,4,4,598
10/13/2006,AUS,TX,ASW,CE,Combined TRACON& Tower with Radar,291,90,139,23,543,0,4,128,7,139,291,94,267,30,682,48,0,48,730
10/14/2006,AUS,TX,ASW,CE,Combined TRACON& Tower with Radar,199,57,112,0,368,0,0,48,0,48,199,57,160,0,416,20,3,23,439
10/15/2006,AUS,TX,ASW,CE,Combined TRACON& Tower with Radar,245,64,109,1,419,0,1,8,1,10,245,65,117,2,429,0,0,0,429
10/16/2006,AUS,TX,ASW,CE,Combined TRACON& Tower with Radar,287,56,97,7,447,0,2,50,1,53,287,58,147,8,500,0,0,0,500
10/17/2006,AUS,TX,ASW,CE,Combined TRACON& Tower with Radar,269,63,106,16,454,0,6,130,4,140,269,69,236,20,594,0,0,0,594
10/18/2006,AUS,TX,ASW,CE,Combined TRACON& Tower with Radar,332,70,121,7,530,0,4,40,6,50,332,74,161,13,580,6,0,6,586
10/19/2006,AUS,TX,ASW,CE,Combined TRACON& Tower with Radar,277,89,119,12,497,0,1,107,0,108,277,90,226,12,605,10,0,10,615
10/20/2006,AUS,TX,ASW,CE,Combined TRACON& Tower with Radar,292,63,98,56,509,0,5,189,6,200,292,68,287,62,709,24,12,36,745
10/21/2006,AUS,TX,ASW,CE,Combined TRACON& Tower with Radar,212,50,116,2,380,0,0,111,0,111,212,50,227,2,491,21,0,21,512
10/22/2006,AUS,TX,ASW,CE,Combined TRACON& Tower with Radar,259,40,114,18,431,0,1,138,1,140,259,41,252,19,571,22,0,22,593
10/23/2006,AUS,TX,ASW,CE,Combined TRACON& Tower with Radar,265,81,105,20,471,0,4,142,1,147,265,85,247,21,618,0,0,0,618
10/24/2006,AUS,TX,ASW,CE,Combined TRACON& Tower with Radar,255,79,116,57,507,0,7,79,2,88,255,86,195,59,595,8,6,14,609
10/25/2006,AUS,TX,ASW,CE,Combined TRACON& Tower with Radar,297,68,136,10,511,0,0,0,1,1,297,68,136,11,512,0,0,0,512
10/26/2006,AUS,TX,ASW,CE,Combined TRACON& Tower with Radar,341,98,195,32,666,0,3,100,3,106,341,101,295,35,772,0,0,0,772
10/27/2006,AUS,TX,ASW,CE,Combined TRACON& Tower with Radar,275,74,125,76,550,0,4,127,7,138,275,78,252,83,688,10,8,18,706
10/28/2006,AUS,TX,ASW,CE,Combined TRACON& Tower with Radar,214,45,90,2,351,0,1,141,3,145,214,46,231,5,496,12,16,28,524
10/29/2006,AUS,TX,ASW,CE,Combined TRACON& Tower with Radar,279,54,111,5,449,0,1,209,2,212,279,55,320,7,661,10,6,16,677
10/30/2006,AUS,TX,ASW,CE,Combined TRACON& Tower with Radar,263,69,84,24,440,0,5,127,0,132,263,74,211,24,572,2,0,2,574
10/31/2006,AUS,TX,ASW,CE,Combined TRACON& Tower with Radar,259,68,90,8,425,0,3,114,5,122,259,71,204,13,547,10,4,14,561
11/01/2006,AUS,TX,ASW,CE,Combined TRACON& Tower with Radar,290,66,133,19,508,0,1,53,5,59,290,67,186,24,567,4,8,12,579
11/02/2006,AUS,TX,ASW,CE,Combined TRACON& Tower with Radar,287,79,145,1,512,0,3,122,7,132,287,82,267,8,644,2,0,2,646
11/03/2006,AUS,TX,ASW,CE,Combined TRACON& Tower with Radar,287,79,159,21,546,0,4,199,6,209,287,83,358,27,755,0,0,0,755
11/04/2006,AUS,TX,ASW,CE,Combined TRACON& Tower with Radar,207,45,137,3,392,0,0,0,0,0,207,45,137,3,392,20,0,20,412
11/05/2006,AUS,TX,ASW,CE,Combined TRACON& Tower with Radar,261,62,192,10,525,0,2,15,0,17,261,64,207,10,542,18,6,24,566
11/06/2006,AUS,TX,ASW,CE,Combined TRACON& Tower with Radar,295,70,129,15,509,0,0,39,1,40,295,70,168,16,549,0,0,0,549
11/07/2006,AUS,TX,ASW,CE,Combined TRACON& Tower with Radar,261,82,127,16,486,0,7,114,6,127,261,89,241,22,613,6,10,16,629
11/08/2006,AUS,TX,ASW,CE,Combined TRACON& Tower with Radar,291,91,116,26,524,0,8,138,10,156,291,99,254,36,680,0,0,0,680
11/09/2006,AUS,TX,ASW,CE,Combined TRACON& Tower with Radar,290,85,167,7,549,0,4,96,4,104,290,89,263,11,653,10,0,10,663
11/10/2006,AUS,TX,ASW,CE,Combined TRACON& Tower with Radar,292,91,111,2,496,0,3,113,3,119,292,94,224,5,615,0,0,0,615
11/11/2006,AUS,TX,ASW,CE,Combined TRACON& Tower with Radar,293,45,61,2,401,0,0,101,0,101,293,45,162,2,502,6,0,6,508
11/12/2006,AUS,TX,ASW,CE,Combined TRACON& Tower with Radar,256,46,97,4,403,0,0,90,0,90,256,46,187,4,493,38,4,42,535
11/13/2006,AUS,TX,ASW,CE,Combined TRACON& Tower with Radar,271,73,121,9,474,0,2,93,1,96,271,75,214,10,570,10,8,18,588
11/14/2006,AUS,TX,ASW,CE,Combined TRACON& Tower with Radar,272,74,151,10,507,0,4,108,3,115,272,78,259,13,622,5,4,9,631
11/15/2006,AUS,TX,ASW,CE,Combined TRACON& Tower with Radar,281,91,103,3,478,0,3,46,7,56,281,94,149,10,534,0,0,0,534
11/16/2006,AUS,TX,ASW,CE,Combined TRACON& Tower with Radar,283,95,107,24,509,0,4,134,5,143,283,99,241,29,652,12,4,16,668
11/17/2006,AUS,TX,ASW,CE,Combined TRACON& Tower with Radar,310,81,126,12,529,0,3,180,3,186,310,84,306,15,715,10,2,12,727
11/18/2006,AUS,TX,ASW,CE,Combined TRACON& Tower with Radar,220,58,76,1,355,0,0,101,0,101,220,58,177,1,456,18,0,18,474
11/19/2006,AUS,TX,ASW,CE,Combined TRACON& Tower with Radar,237,57,68,4,366,0,0,108,0,108,237,57,176,4,474,16,0,16,490
11/20/2006,AUS,TX,ASW,CE,Combined TRACON& Tower with Radar,261,87,64,6,418,0,0,152,3,155,261,87,216,9,573,14,0,14,587
11/21/2006,AUS,TX,ASW,CE,Combined TRACON& Tower with Radar,284,85,132,18,519,0,1,144,3,148,284,86,276,21,667,12,8,20,687
11/22/2006,AUS,TX,ASW,CE,Combined TRACON& Tower with Radar,287,84,116,5,492,0,0,177,5,182,287,84,293,10,674,0,0,0,674
11/23/2006,AUS,TX,ASW,CE,Combined TRACON& Tower with Radar,175,39,25,0,239,0,7,44,1,52,175,46,69,1,291,0,0,0,291
11/24/2006,AUS,TX,ASW,CE,Combined TRACON& Tower with Radar,223,61,155,4,443,0,2,94,2,98,223,63,249,6,541,4,0,4,545
11/25/2006,AUS,TX,ASW,CE,Combined TRACON& Tower with Radar,214,55,66,0,335,0,0,99,1,100,214,55,165,1,435,16,0,16,451
11/26/2006,AUS,TX,ASW,CE,Combined TRACON& Tower with Radar,277,50,136,3,466,0,0,124,1,125,277,50,260,4,591,8,0,8,599
11/27/2006,AUS,TX,ASW,CE,Combined TRACON& Tower with Radar,272,89,147,4,512,0,0,39,2,41,272,89,186,6,553,0,0,0,553
11/28/2006,AUS,TX,ASW,CE,Combined TRACON& Tower with Radar,276,62,121,15,474,0,4,42,0,46,276,66,163,15,520,12,3,15,535
11/29/2006,AUS,TX,ASW,CE,Combined TRACON& Tower with Radar,309,77,164,24,574,0,3,32,4,39,309,80,196,28,613,6,0,6,619
11/30/2006,AUS,TX,ASW,CE,Combined TRACON& Tower with Radar,266,71,100,2,439,0,2,22,4,28,266,73,122,6,467,0,0,0,467
12/01/2006,AUS,TX,ASW,CE,Combined TRACON& Tower with Radar,270,69,106,9,454,0,2,157,3,162,270,71,263,12,616,6,8,14,630
12/02/2006,AUS,TX,ASW,CE,Combined TRACON& Tower with Radar,204,37,51,3,295,0,1,126,3,130,204,38,177,6,425,0,0,0,425
12/03/2006,AUS,TX,ASW,CE,Combined TRACON& Tower with Radar,240,36,80,8,364,0,0,109,1,110,240,36,189,9,474,5,0,5,479
12/04/2006,AUS,TX,ASW,CE,Combined TRACON& Tower with Radar,261,69,88,23,441,0,2,129,9,140,261,71,217,32,581,0,0,0,581
12/05/2006,AUS,TX,ASW,CE,Combined TRACON& Tower with Radar,275,83,131,20,509,0,0,107,3,110,275,83,238,23,619,1,13,14,633
12/06/2006,AUS,TX,ASW,CE,Combined TRACON& Tower with Radar,270,76,127,0,473,0,1,96,0,97,270,77,223,0,570,5,0,5,575
12/07/2006,AUS,TX,ASW,CE,Combined TRACON& Tower with Radar,314,64,189,24,591,0,5,0,0,5,314,69,189,24,596,0,0,0,596
12/08/2006,AUS,TX,ASW,CE,Combined TRACON& Tower with Radar,273,77,136,18,504,0,1,144,2,147,273,78,280,20,651,16,0,16,667
12/09/2006,AUS,TX,ASW,CE,Combined TRACON& Tower with Radar,222,39,60,0,321,0,0,0,0,0,222,39,60,0,321,12,0,12,333
12/10/2006,AUS,TX,ASW,CE,Combined TRACON& Tower with Radar,251,44,106,1,402,0,1,4,0,5,251,45,110,1,407,0,0,0,407
12/11/2006,AUS,TX,ASW,CE,Combined TRACON& Tower with Radar,252,68,133,21,474,0,0,38,1,39,252,68,171,22,513,0,0,0,513
12/12/2006,AUS,TX,ASW,CE,Combined TRACON& Tower with Radar,263,152,101,11,527,0,0,127,3,130,263,152,228,14,657,0,0,0,657
12/13/2006,AUS,TX,ASW,CE,Combined TRACON& Tower with Radar,293,69,168,28,558,0,0,0,0,0,293,69,168,28,558,23,14,37,595
12/14/2006,AUS,TX,ASW,CE,Combined TRACON& Tower with Radar,320,105,134,21,580,0,0,93,5,98,320,105,227,26,678,34,0,34,712
12/15/2006,AUS,TX,ASW,CE,Combined TRACON& Tower with Radar,294,65,109,27,495,0,1,55,10,66,294,66,164,37,561,2,16,18,579
12/16/2006,AUS,TX,ASW,CE,Combined TRACON& Tower with Radar,219,52,77,2,350,0,0,83,0,83,219,52,160,2,433,0,0,0,433
12/17/2006,AUS,TX,ASW,CE,Combined TRACON& Tower with Radar,255,59,96,17,427,0,6,103,7,116,255,65,199,24,543,22,0,22,565
12/18/2006,AUS,TX,ASW,CE,Combined TRACON& Tower with Radar,284,89,124,2,499,0,0,6,0,6,284,89,130,2,505,0,0,0,505
12/19/2006,AUS,TX,ASW,CE,Combined TRACON& Tower with Radar,284,89,124,2,499,0,0,6,0,6,284,89,130,2,505,0,0,0,505
12/20/2006,AUS,TX,ASW,CE,Combined TRACON& Tower with Radar,276,84,93,14,467,0,1,28,2,31,276,85,121,16,498,23,12,35,533
12/21/2006,AUS,TX,ASW,CE,Combined TRACON& Tower with Radar,281,96,137,10,524,0,1,95,3,99,281,97,232,13,623,28,0,28,651
12/22/2006,AUS,TX,ASW,CE,Combined TRACON& Tower with Radar,284,65,88,0,437,0,1,179,0,180,284,66,267,0,617,30,0,30,647
12/23/2006,AUS,TX,ASW,CE,Combined TRACON& Tower with Radar,214,71,65,0,350,0,2,58,0,60,214,73,123,0,410,10,0,10,420
12/24/2006,AUS,TX,ASW,CE,Combined TRACON& Tower with Radar,205,42,34,0,281,0,0,1,0,1,205,42,35,0,282,0,0,0,282
12/25/2006,AUS,TX,ASW,CE,Combined TRACON& Tower with Radar,207,32,29,0,268,0,1,29,0,30,207,33,58,0,298,0,0,0,298
12/26/2006,AUS,TX,ASW,CE,Combined TRACON& Tower with Radar,270,70,80,3,423,0,4,120,0,124,270,74,200,3,547,4,2,6,553
12/27/2006,AUS,TX,ASW,CE,Combined TRACON& Tower with Radar,297,75,102,1,475,0,0,114,0,114,297,75,216,1,589,23,7,30,619
12/28/2006,AUS,TX,ASW,CE,Combined TRACON& Tower with Radar,294,63,87,6,450,0,0,59,4,63,294,63,146,10,513,6,0,6,519
12/29/2006,AUS,TX,ASW,CE,Combined TRACON& Tower with Radar,305,54,46,6,411,0,0,10,0,10,305,54,56,6,421,0,0,0,421
12/30/2006,AUS,TX,ASW,CE,Combined TRACON& Tower with Radar,230,49,73,1,353,0,0,61,0,61,230,49,134,1,414,0,0,0,414
12/31/2006,AUS,TX,ASW,CE,Combined TRACON& Tower with Radar,223,54,52,0,329,0,2,76,0,78,223,56,128,0,407,8,0,8,415
01/01/2007,AUS,TX,ASW,CE,Combined TRACON& Tower with Radar,225,44,66,0,335,0,0,93,0,93,225,44,159,0,428,0,0,0,428
01/02/2007,AUS,TX,ASW,CE,Combined TRACON& Tower with Radar,253,67,85,0,405,0,4,81,1,86,253,71,166,1,491,3,0,3,494
01/03/2007,AUS,TX,ASW,CE,Combined TRACON& Tower with Radar,299,54,67,2,422,0,1,31,2,34,299,55,98,4,456,0,0,0,456
01/04/2007,AUS,TX,ASW,CE,Combined TRACON& Tower with Radar,288,57,98,16,459,0,1,111,4,116,288,58,209,20,575,4,24,28,603
01/05/2007,AUS,TX,ASW,CE,Combined TRACON& Tower with Radar,298,51,90,11,450,0,2,123,0,125,298,53,213,11,575,12,2,14,589
01/06/2007,AUS,TX,ASW,CE,Combined TRACON& Tower with Radar,228,56,68,1,353,0,0,0,0,0,228,56,68,1,353,12,0,12,365
01/07/2007,AUS,TX,ASW,CE,Combined TRACON& Tower with Radar,252,46,85,3,386,0,0,159,3,162,252,46,244,6,548,13,0,13,561
01/08/2007,AUS,TX,ASW,CE,Combined TRACON& Tower with Radar,257,66,69,46,438,0,0,116,3,119,257,66,185,49,557,38,10,48,605
01/09/2007,AUS,TX,ASW,CE,Combined TRACON& Tower with Radar,255,85,109,17,466,0,1,125,4,130,255,86,234,21,596,0,0,0,596
01/10/2007,AUS,TX,ASW,CE,Combined TRACON& Tower with Radar,265,72,107,24,468,0,2,104,4,110,265,74,211,28,578,10,0,10,588
01/11/2007,AUS,TX,ASW,CE,Combined TRACON& Tower with Radar,283,69,142,3,497,0,3,44,5,52,283,72,186,8,549,2,6,8,557
01/12/2007,AUS,TX,ASW,CE,Combined TRACON& Tower with Radar,303,66,117,19,505,0,1,22,0,23,303,67,139,19,528,0,0,0,528
01/13/2007,AUS,TX,ASW,CE,Combined TRACON& Tower with Radar,209,39,35,3,286,0,0,1,0,1,209,39,36,3,287,0,0,0,287
01/14/2007,AUS,TX,ASW,CE,Combined TRACON& Tower with Radar,249,31,46,1,327,0,0,0,0,0,249,31,46,1,327,0,0,0,327
01/15/2007,AUS,TX,ASW,CE,Combined TRACON& Tower with Radar,237,36,43,0,316,0,0,7,0,7,237,36,50,0,323,0,0,0,323
01/16/2007,AUS,TX,ASW,CE,Combined TRACON& Tower with Radar,123,17,25,0,165,0,0,0,0,0,123,17,25,0,165,0,0,0,165
01/17/2007,AUS,TX,ASW,CE,Combined TRACON& Tower with Radar,139,19,44,0,202,0,0,0,0,0,139,19,44,0,202,0,0,0,202
01/18/2007,AUS,TX,ASW,CE,Combined TRACON& Tower with Radar,279,60,94,10,443,0,2,4,0,6,279,62,98,10,449,0,0,0,449
01/19/2007,AUS,TX,ASW,CE,Combined TRACON& Tower with Radar,279,60,94,10,443,0,2,4,0,6,279,62,98,10,449,0,0,0,449
01/20/2007,AUS,TX,ASW,CE,Combined TRACON& Tower with Radar,202,46,41,5,294,0,0,1,0,1,202,46,42,5,295,0,0,0,295
01/21/2007,AUS,TX,ASW,CE,Combined TRACON& Tower with Radar,241,28,71,10,350,1,0,93,5,99,242,28,164,15,449,30,6,36,485
01/22/2007,AUS,TX,ASW,CE,Combined TRACON& Tower with Radar,263,63,105,19,450,0,0,41,0,41,263,63,146,19,491,4,38,42,533
01/23/2007,AUS,TX,ASW,CE,Combined TRACON& Tower with Radar,273,62,102,20,457,0,1,22,1,24,273,63,124,21,481,0,0,0,481
01/24/2007,AUS,TX,ASW,CE,Combined TRACON& Tower with Radar,277,72,143,22,514,0,0,37,1,38,277,72,180,23,552,0,0,0,552
01/25/2007,AUS,TX,ASW,CE,Combined TRACON& Tower with Radar,301,69,124,5,499,0,5,129,2,136,301,74,253,7,635,18,0,18,653
01/26/2007,AUS,TX,ASW,CE,Combined TRACON& Tower with Radar,272,61,140,20,493,0,4,126,7,137,272,65,266,27,630,40,34,74,704
01/27/2007,AUS,TX,ASW,CE,Combined TRACON& Tower with Radar,201,50,61,15,327,0,0,0,0,0,201,50,61,15,327,0,0,0,327
01/28/2007,AUS,TX,ASW,CE,Combined TRACON& Tower with Radar,252,57,83,19,411,0,0,166,5,171,252,57,249,24,582,2,10,12,594
01/29/2007,AUS,TX,ASW,CE,Combined TRACON& Tower with Radar,260,64,106,47,477,0,1,87,2,90,260,65,193,49,567,32,6,38,605
01/30/2007,AUS,TX,ASW,CE,Combined TRACON& Tower with Radar,274,77,153,13,517,0,0,40,1,41,274,77,193,14,558,14,3,17,575
01/31/2007,AUS,TX,ASW,CE,Combined TRACON& Tower with Radar,270,67,141,38,516,0,0,28,4,32,270,67,169,42,548,6,2,8,556
02/01/2007,AUS,TX,ASW,CE,Combined TRACON& Tower with Radar,267,76,133,2,478,0,0,17,0,17,267,76,150,2,495,0,0,0,495
02/02/2007,AUS,TX,ASW,CE,Combined TRACON& Tower with Radar,282,59,119,34,494,0,0,40,0,40,282,59,159,34,534,10,22,32,566
02/03/2007,AUS,TX,ASW,CE,Combined TRACON& Tower with Radar,211,36,62,3,312,0,1,125,1,127,211,37,187,4,439,8,0,8,447
02/04/2007,AUS,TX,ASW,CE,Combined TRACON& Tower with Radar,240,46,62,20,368,0,0,162,0,162,240,46,224,20,530,50,0,50,580
02/05/2007,AUS,TX,ASW,CE,Combined TRACON& Tower with Radar,273,56,117,4,450,0,1,133,0,134,273,57,250,4,584,18,0,18,602
02/06/2007,AUS,TX,ASW,CE,Combined TRACON& Tower with Radar,272,61,109,10,452,0,4,135,6,145,272,65,244,16,597,0,8,8,605
02/07/2007,AUS,TX,ASW,CE,Combined TRACON& Tower with Radar,291,69,164,7,531,0,3,97,12,112,291,72,261,19,643,10,0,10,653
02/08/2007,AUS,TX,ASW,CE,Combined TRACON& Tower with Radar,311,63,183,15,572,0,0,14,2,16,311,63,197,17,588,0,0,0,588
02/09/2007,AUS,TX,ASW,CE,Combined TRACON& Tower with Radar,280,60,143,42,525,0,2,14,2,18,280,62,157,44,543,0,0,0,543
02/10/2007,AUS,TX,ASW,CE,Combined TRACON& Tower with Radar,214,47,101,7,369,0,2,84,0,86,214,49,185,7,455,50,54,104,559
02/11/2007,AUS,TX,ASW,CE,Combined TRACON& Tower with Radar,247,29,122,14,412,0,0,5,3,8,247,29,127,17,420,0,0,0,420
02/12/2007,AUS,TX,ASW,CE,Combined TRACON& Tower with Radar,250,63,106,8,427,0,2,35,3,40,250,65,141,11,467,11,0,11,478
02/13/2007,AUS,TX,ASW,CE,Combined TRACON& Tower with Radar,242,52,115,7,416,0,2,94,1,97,242,54,209,8,513,26,0,26,539
02/14/2007,AUS,TX,ASW,CE,Combined TRACON& Tower with Radar,246,63,102,11,422,0,0,0,0,0,246,63,102,11,422,32,11,43,465
02/15/2007,AUS,TX,ASW,CE,Combined TRACON& Tower with Radar,264,91,124,17,496,0,2,102,4,108,264,93,226,21,604,1,3,4,608
02/16/2007,AUS,TX,ASW,CE,Combined TRACON& Tower with Radar,275,70,155,4,504,0,0,0,0,0,275,70,155,4,504,54,0,54,558
02/17/2007,AUS,TX,ASW,CE,Combined TRACON& Tower with Radar,200,54,52,1,307,1,1,151,0,153,201,55,203,1,460,6,0,6,466
02/18/2007,AUS,TX,ASW,CE,Combined TRACON& Tower with Radar,243,38,86,5,372,0,1,187,2,190,243,39,273,7,562,44,0,44,606
02/19/2007,AUS,TX,ASW,CE,Combined TRACON& Tower with Radar,250,77,100,4,431,0,0,81,0,81,250,77,181,4,512,0,0,0,512
02/20/2007,AUS,TX,ASW,CE,Combined TRACON& Tower with Radar,289,75,156,13,533,0,8,83,1,92,289,83,239,14,625,20,18,38,663
02/21/2007,AUS,TX,ASW,CE,Combined TRACON& Tower with Radar,275,72,129,17,493,3,2,138,0,143,278,74,267,17,636,12,0,12,648
02/22/2007,AUS,TX,ASW,CE,Combined TRACON& Tower with Radar,285,104,127,17,533,0,3,187,2,192,285,107,314,19,725,10,20,30,755
02/23/2007,AUS,TX,ASW,CE,Combined TRACON& Tower with Radar,299,74,210,27,610,0,0,39,0,39,299,74,249,27,649,0,0,0,649
02/24/2007,AUS,TX,ASW,CE,Combined TRACON& Tower with Radar,198,48,74,9,329,0,0,0,0,0,198,48,74,9,329,0,0,0,329
02/25/2007,AUS,TX,ASW,CE,Combined TRACON& Tower with Radar,224,64,91,8,387,0,0,203,3,206,224,64,294,11,593,0,0,0,593
02/26/2007,AUS,TX,ASW,CE,Combined TRACON& Tower with Radar,252,60,101,21,434,0,6,109,5,120,252,66,210,26,554,14,2,16,570
02/27/2007,AUS,TX,ASW,CE,Combined TRACON& Tower with Radar,275,63,112,13,463,0,5,107,4,116,275,68,219,17,579,0,0,0,579
02/28/2007,AUS,TX,ASW,CE,Combined TRACON& Tower with Radar,265,86,171,14,536,0,1,45,4,50,265,87,216,18,586,12,6,18,604
03/01/2007,AUS,TX,ASW,CE,Combined TRACON& Tower with Radar,300,88,136,24,548,0,5,97,3,105,300,93,233,27,653,10,16,26,679
03/02/2007,AUS,TX,ASW,CE,Combined TRACON& Tower with Radar,275,62,111,53,501,0,3,155,4,162,275,65,266,57,663,16,34,50,713
03/03/2007,AUS,TX,ASW,CE,Combined TRACON& Tower with Radar,217,54,84,2,357,0,4,173,3,180,217,58,257,5,537,1,1,2,539
03/04/2007,AUS,TX,ASW,CE,Combined TRACON& Tower with Radar,256,41,110,6,413,0,0,159,0,159,256,41,269,6,572,8,0,8,580
03/05/2007,AUS,TX,ASW,CE,Combined TRACON& Tower with Radar,260,74,72,14,420,0,3,97,0,100,260,77,169,14,520,36,0,36,556
03/06/2007,AUS,TX,ASW,CE,Combined TRACON& Tower with Radar,272,75,88,14,449,0,11,161,7,179,272,86,249,21,628,18,0,18,646
03/07/2007,AUS,TX,ASW,CE,Combined TRACON& Tower with Radar,258,83,112,38,491,0,9,158,3,170,258,92,270,41,661,0,0,0,661
03/08/2007,AUS,TX,ASW,CE,Combined TRACON& Tower with Radar,286,74,126,15,501,0,3,166,3,172,286,77,292,18,673,0,0,0,673
03/09/2007,AUS,TX,ASW,CE,Combined TRACON& Tower with Radar,291,66,135,30,522,0,1,85,6,92,291,67,220,36,614,0,0,0,614
03/10/2007,AUS,TX,ASW,CE,Combined TRACON& Tower with Radar,248,57,104,4,413,0,0,133,0,133,248,57,237,4,546,24,0,24,570
03/11/2007,AUS,TX,ASW,CE,Combined TRACON& Tower with Radar,267,64,96,8,435,0,0,15,0,15,267,64,111,8,450,2,2,4,454
03/12/2007,AUS,TX,ASW,CE,Combined TRACON& Tower with Radar,270,65,95,67,497,0,0,49,1,50,270,65,144,68,547,0,0,0,547
03/13/2007,AUS,TX,ASW,CE,Combined TRACON& Tower with Radar,285,65,73,1,424,0,0,6,1,7,285,65,79,2,431,0,0,0,431
03/14/2007,AUS,TX,ASW,CE,Combined TRACON& Tower with Radar,322,77,131,3,533,0,0,9,0,9,322,77,140,3,542,0,0,0,542
03/15/2007,AUS,TX,ASW,CE,Combined TRACON& Tower with Radar,316,82,145,6,549,0,1,85,3,89,316,83,230,9,638,26,6,32,670
03/16/2007,AUS,TX,ASW,CE,Combined TRACON& Tower with Radar,277,62,119,2,460,0,2,96,1,99,277,64,215,3,559,6,0,6,565
03/17/2007,AUS,TX,ASW,CE,Combined TRACON& Tower with Radar,224,66,102,1,393,0,0,0,0,0,224,66,102,1,393,6,0,6,399
03/18/2007,AUS,TX,ASW,CE,Combined TRACON& Tower with Radar,257,83,139,11,490,0,0,37,0,37,257,83,176,11,527,3,0,3,530
03/19/2007,AUS,TX,ASW,CE,Combined TRACON& Tower with Radar,254,76,125,0,455,0,1,59,1,61,254,77,184,1,516,0,0,0,516
03/20/2007,AUS,TX,ASW,CE,Combined TRACON& Tower with Radar,274,87,136,10,507,0,0,27,2,29,274,87,163,12,536,5,1,6,542
03/21/2007,AUS,TX,ASW,CE,Combined TRACON& Tower with Radar,299,81,130,15,525,0,1,39,0,40,299,82,169,15,565,0,0,0,565
03/22/2007,AUS,TX,ASW,CE,Combined TRACON& Tower with Radar,293,103,136,12,544,0,2,32,0,34,293,105,168,12,578,0,0,0,578
03/23/2007,AUS,TX,ASW,CE,Combined TRACON& Tower with Radar,279,59,116,13,467,0,1,33,1,35,279,60,149,14,502,0,0,0,502
03/24/2007,AUS,TX,ASW,CE,Combined TRACON& Tower with Radar,236,49,82,8,375,0,0,0,0,0,236,49,82,8,375,18,0,18,393
03/25/2007,AUS,TX,ASW,CE,Combined TRACON& Tower with Radar,236,68,90,4,398,0,0,19,0,19,236,68,109,4,417,0,0,0,417
03/26/2007,AUS,TX,ASW,CE,Combined TRACON& Tower with Radar,281,68,82,11,442,0,0,2,0,2,281,68,84,11,444,0,0,0,444
03/27/2007,AUS,TX,ASW,CE,Combined TRACON& Tower with Radar,268,92,101,13,474,0,1,61,5,67,268,93,162,18,541,0,2,2,543
03/28/2007,AUS,TX,ASW,CE,Combined TRACON& Tower with Radar,281,96,180,2,559,0,2,104,3,109,281,98,284,5,668,0,0,0,668
03/29/2007,AUS,TX,ASW,CE,Combined TRACON& Tower with Radar,309,96,139,3,547,0,0,7,1,8,309,96,146,4,555,15,0,15,570
03/30/2007,AUS,TX,ASW,CE,Combined TRACON& Tower with Radar,289,65,103,14,471,0,0,7,0,7,289,65,110,14,478,0,0,0,478
03/31/2007,AUS,TX,ASW,CE,Combined TRACON& Tower with Radar,227,43,79,4,353,0,5,95,0,100,227,48,174,4,453,0,0,0,453
04/01/2007,AUS,TX,ASW,CE,Combined TRACON& Tower with Radar,233,68,121,4,426,0,0,215,2,217,233,68,336,6,643,0,0,0,643
04/02/2007,AUS,TX,ASW,CE,Combined TRACON& Tower with Radar,275,66,114,8,463,0,3,64,1,68,275,69,178,9,531,0,0,0,531
04/03/2007,AUS,TX,ASW,CE,Combined TRACON& Tower with Radar,299,78,123,4,504,0,1,66,2,69,299,79,189,6,573,10,6,16,589
04/04/2007,AUS,TX,ASW,CE,Combined TRACON& Tower with Radar,297,79,154,6,536,0,2,81,4,87,297,81,235,10,623,27,8,35,658
04/05/2007,AUS,TX,ASW,CE,Combined TRACON& Tower with Radar,289,90,193,9,581,0,4,208,3,215,289,94,401,12,796,12,0,12,808
04/06/2007,AUS,TX,ASW,CE,Combined TRACON& Tower with Radar,299,66,109,10,484,0,1,119,3,123,299,67,228,13,607,12,0,12,619
04/07/2007,AUS,TX,ASW,CE,Combined TRACON& Tower with Radar,212,45,31,0,288,0,0,3,0,3,212,45,34,0,291,0,0,0,291
04/08/2007,AUS,TX,ASW,CE,Combined TRACON& Tower with Radar,282,40,85,9,416,0,2,32,0,34,282,42,117,9,450,0,0,0,450
04/09/2007,AUS,TX,ASW,CE,Combined TRACON& Tower with Radar,263,84,147,25,519,0,0,35,0,35,263,84,182,25,554,0,0,0,554
04/10/2007,AUS,TX,ASW,CE,Combined TRACON& Tower with Radar,288,65,159,25,537,0,2,63,4,69,288,67,222,29,606,46,10,56,662
04/11/2007,AUS,TX,ASW,CE,Combined TRACON& Tower with Radar,275,71,143,12,501,0,3,137,1,141,275,74,280,13,642,4,0,4,646
04/12/2007,AUS,TX,ASW,CE,Combined TRACON& Tower with Radar,300,84,149,41,574,0,3,151,7,161,300,87,300,48,735,10,5,15,750
04/13/2007,AUS,TX,ASW,CE,Combined TRACON& Tower with Radar,305,57,117,11,490,0,0,23,2,25,305,57,140,13,515,38,12,50,565
04/14/2007,AUS,TX,ASW,CE,Combined TRACON& Tower with Radar,230,46,61,7,344,0,5,82,5,92,230,51,143,12,436,12,0,12,448
04/15/2007,AUS,TX,ASW,CE,Combined TRACON& Tower with Radar,265,42,88,5,400,0,6,230,2,238,265,48,318,7,638,12,6,18,656
04/16/2007,AUS,TX,ASW,CE,Combined TRACON& Tower with Radar,273,54,97,4,428,0,0,90,0,90,273,54,187,4,518,4,0,4,522
04/17/2007,AUS,TX,ASW,CE,Combined TRACON& Tower with Radar,267,74,119,1,461,0,1,11,0,12,267,75,130,1,473,0,0,0,473
04/18/2007,AUS,TX,ASW,CE,Combined TRACON& Tower with Radar,288,83,129,6,506,0,1,142,2,145,288,84,271,8,651,56,14,70,721
04/19/2007,AUS,TX,ASW,CE,Combined TRACON& Tower with Radar,305,77,148,6,536,0,2,160,0,162,305,79,308,6,698,1,0,1,699
04/20/2007,AUS,TX,ASW,CE,Combined TRACON& Tower with Radar,283,64,96,5,448,0,4,102,0,106,283,68,198,5,554,16,0,16,570
04/21/2007,AUS,TX,ASW,CE,Combined TRACON& Tower with Radar,238,68,85,10,401,0,0,41,2,43,238,68,126,12,444,0,0,0,444
04/22/2007,AUS,TX,ASW,CE,Combined TRACON& Tower with Radar,266,42,145,11,464,0,0,16,0,16,266,42,161,11,480,8,0,8,488
04/23/2007,AUS,TX,ASW,CE,Combined TRACON& Tower with Radar,279,69,156,14,518,0,0,19,0,19,279,69,175,14,537,0,0,0,537
04/24/2007,AUS,TX,ASW,CE,Combined TRACON& Tower with Radar,299,90,116,6,511,0,0,5,0,5,299,90,121,6,516,0,0,0,516
04/25/2007,AUS,TX,ASW,CE,Combined TRACON& Tower with Radar,276,90,115,24,505,0,6,117,5,128,276,96,232,29,633,22,14,36,669
04/26/2007,AUS,TX,ASW,CE,Combined TRACON& Tower with Radar,309,86,138,18,551,0,3,210,5,218,309,89,348,23,769,0,0,0,769
04/27/2007,AUS,TX,ASW,CE,Combined TRACON& Tower with Radar,298,90,149,6,543,0,3,166,0,169,298,93,315,6,712,6,12,18,730
04/28/2007,AUS,TX,ASW,CE,Combined TRACON& Tower with Radar,241,66,102,8,417,0,2,88,0,90,241,68,190,8,507,29,0,29,536
04/29/2007,AUS,TX,ASW,CE,Combined TRACON& Tower with Radar,256,71,99,10,436,0,0,114,2,116,256,71,213,12,552,36,0,36,588
04/30/2007,AUS,TX,ASW,CE,Combined TRACON& Tower with Radar,279,74,102,2,457,1,1,17,0,19,280,75,119,2,476,2,0,2,478
05/01/2007,AUS,TX,ASW,CE,Combined TRACON& Tower with Radar,302,92,120,1,515,0,1,15,1,17,302,93,135,2,532,0,0,0,532
05/02/2007,AUS,TX,ASW,CE,Combined TRACON& Tower with Radar,296,77,127,15,515,0,0,52,2,54,296,77,179,17,569,8,6,14,583
05/03/2007,AUS,TX,ASW,CE,Combined TRACON& Tower with Radar,358,93,152,10,613,0,0,44,3,47,358,93,196,13,660,4,0,4,664
05/04/2007,AUS,TX,ASW,CE,Combined TRACON& Tower with Radar,282,90,147,17,536,0,5,62,5,72,282,95,209,22,608,54,0,54,662
05/05/2007,AUS,TX,ASW,CE,Combined TRACON& Tower with Radar,226,57,87,10,380,0,0,36,0,36,226,57,123,10,416,4,4,8,424
05/06/2007,AUS,TX,ASW,CE,Combined TRACON& Tower with Radar,263,72,150,16,501,0,1,32,0,33,263,73,182,16,534,18,12,30,564
05/07/2007,AUS,TX,ASW,CE,Combined TRACON& Tower with Radar,288,92,122,21,523,0,4,76,5,85,288,96,198,26,608,0,0,0,608
05/08/2007,AUS,TX,ASW,CE,Combined TRACON& Tower with Radar,302,70,122,17,511,0,1,75,4,80,302,71,197,21,591,15,10,25,616
05/09/2007,AUS,TX,ASW,CE,Combined TRACON& Tower with Radar,296,85,119,13,513,0,1,82,4,87,296,86,201,17,600,36,0,36,636
05/10/2007,AUS,TX,ASW,CE,Combined TRACON& Tower with Radar,329,116,131,7,583,0,0,121,4,125,329,116,252,11,708,4,5,9,717
05/11/2007,AUS,TX,ASW,CE,Combined TRACON& Tower with Radar,289,98,119,6,512,0,2,61,3,66,289,100,180,9,578,28,0,28,606
05/12/2007,AUS,TX,ASW,CE,Combined TRACON& Tower with Radar,257,58,69,6,390,0,0,121,0,121,257,58,190,6,511,68,0,68,579
05/13/2007,AUS,TX,ASW,CE,Combined TRACON& Tower with Radar,276,69,76,21,442,0,1,116,0,117,276,70,192,21,559,18,2,20,579
05/14/2007,AUS,TX,ASW,CE,Combined TRACON& Tower with Radar,300,80,115,8,503,0,0,125,2,127,300,80,240,10,630,0,0,0,630
05/15/2007,AUS,TX,ASW,CE,Combined TRACON& Tower with Radar,291,106,107,12,516,0,2,120,0,122,291,108,227,12,638,42,0,42,680
05/16/2007,AUS,TX,ASW,CE,Combined TRACON& Tower with Radar,286,109,142,4,541,0,1,163,2,166,286,110,305,6,707,4,0,4,711
05/17/2007,AUS,TX,ASW,CE,Combined TRACON& Tower with Radar,296,80,106,44,526,0,1,151,1,153,296,81,257,45,679,14,0,14,693
05/18/2007,AUS,TX,ASW,CE,Combined TRACON& Tower with Radar,292,79,129,15,515,0,2,140,0,142,292,81,269,15,657,76,50,126,783
05/19/2007,AUS,TX,ASW,CE,Combined TRACON& Tower with Radar,239,92,56,7,394,0,4,180,0,184,239,96,236,7,578,32,0,32,610
05/20/2007,AUS,TX,ASW,CE,Combined TRACON& Tower with Radar,284,69,101,15,469,0,8,121,0,129,284,77,222,15,598,6,0,6,604
05/21/2007,AUS,TX,ASW,CE,Combined TRACON& Tower with Radar,287,73,104,4,468,0,6,45,1,52,287,79,149,5,520,0,0,0,520
05/22/2007,AUS,TX,ASW,CE,Combined TRACON& Tower with Radar,295,121,149,7,572,0,1,62,1,64,295,122,211,8,636,0,0,0,636
05/23/2007,AUS,TX,ASW,CE,Combined TRACON& Tower with Radar,278,112,140,4,534,0,0,161,3,164,278,112,301,7,698,8,0,8,706
05/24/2007,AUS,TX,ASW,CE,Combined TRACON& Tower with Radar,308,93,128,25,554,0,1,34,0,35,308,94,162,25,589,35,0,35,624
05/25/2007,AUS,TX,ASW,CE,Combined TRACON& Tower with Radar,304,80,104,12,500,0,0,10,0,10,304,80,114,12,510,18,0,18,528
05/26/2007,AUS,TX,ASW,CE,Combined TRACON& Tower with Radar,228,69,68,8,373,0,0,36,0,36,228,69,104,8,409,4,0,4,413
05/27/2007,AUS,TX,ASW,CE,Combined TRACON& Tower with Radar,269,61,61,0,391,0,0,57,0,57,269,61,118,0,448,6,0,6,454
05/28/2007,AUS,TX,ASW,CE,Combined TRACON& Tower with Radar,0,0,0,0,0,0,0,0,0,0,0,0,0,0,0,38,8,46,46
05/29/2007,AUS,TX,ASW,CE,Combined TRACON& Tower with Radar,268,92,81,3,444,0,1,78,4,83,268,93,159,7,527,0,0,0,527
05/30/2007,AUS,TX,ASW,CE,Combined TRACON& Tower with Radar,316,75,125,2,518,0,2,114,4,120,316,77,239,6,638,4,0,4,642
05/31/2007,AUS,TX,ASW,CE,Combined TRACON& Tower with Radar,315,76,124,4,519,0,0,101,3,104,315,76,225,7,623,2,0,2,625
06/01/2007,AUS,TX,ASW,CE,Combined TRACON& Tower with Radar,280,93,118,12,503,0,4,127,1,132,280,97,245,13,635,0,2,2,637
06/02/2007,AUS,TX,ASW,CE,Combined TRACON& Tower with Radar,235,78,71,8,392,0,0,101,0,101,235,78,172,8,493,18,6,24,517
06/03/2007,AUS,TX,ASW,CE,Combined TRACON& Tower with Radar,276,77,75,10,438,0,3,138,4,145,276,80,213,14,583,44,18,62,645
06/04/2007,AUS,TX,ASW,CE,Combined TRACON& Tower with Radar,323,73,66,14,476,0,3,87,5,95,323,76,153,19,571,20,0,20,591
06/05/2007,AUS,TX,ASW,CE,Combined TRACON& Tower with Radar,302,89,97,6,494,0,1,113,0,114,302,90,210,6,608,8,0,8,616
06/06/2007,AUS,TX,ASW,CE,Combined TRACON& Tower with Radar,297,78,130,6,511,0,4,90,3,97,297,82,220,9,608,49,0,49,657
06/07/2007,AUS,TX,ASW,CE,Combined TRACON& Tower with Radar,297,78,130,6,511,0,4,90,3,97,297,82,220,9,608,7,1,8,616
06/08/2007,AUS,TX,ASW,CE,Combined TRACON& Tower with Radar,293,80,145,4,522,0,2,153,0,155,293,82,298,4,677,26,0,26,703
06/09/2007,AUS,TX,ASW,CE,Combined TRACON& Tower with Radar,260,86,88,2,436,0,0,103,0,103,260,86,191,2,539,30,0,30,569
06/10/2007,AUS,TX,ASW,CE,Combined TRACON& Tower with Radar,301,51,68,5,425,0,0,97,1,98,301,51,165,6,523,0,0,0,523
06/11/2007,AUS,TX,ASW,CE,Combined TRACON& Tower with Radar,279,96,83,17,475,0,1,101,2,104,279,97,184,19,579,44,0,44,623
06/12/2007,AUS,TX,ASW,CE,Combined TRACON& Tower with Radar,275,94,100,12,481,0,1,82,5,88,275,95,182,17,569,8,16,24,593
06/13/2007,AUS,TX,ASW,CE,Combined TRACON& Tower with Radar,316,104,144,2,566,0,1,144,0,145,316,105,288,2,711,26,7,33,744
06/14/2007,AUS,TX,ASW,CE,Combined TRACON& Tower with Radar,0,0,0,0,0,0,0,0,0,0,0,0,0,0,0,4,18,22,22
06/15/2007,AUS,TX,ASW,CE,Combined TRACON& Tower with Radar,299,100,109,13,521,0,4,60,0,64,299,104,169,13,585,20,14,34,619
06/16/2007,AUS,TX,ASW,CE,Combined TRACON& Tower with Radar,300,62,70,3,435,0,0,0,0,0,300,62,70,3,435,12,6,18,453
06/17/2007,AUS,TX,ASW,CE,Combined TRACON& Tower with Radar,278,72,65,2,417,0,1,40,2,43,278,73,105,4,460,20,0,20,480
06/18/2007,AUS,TX,ASW,CE,Combined TRACON& Tower with Radar,283,94,76,10,463,0,2,107,1,110,283,96,183,11,573,2,0,2,575
06/19/2007,AUS,TX,ASW,CE,Combined TRACON& Tower with Radar,283,116,133,3,535,0,0,114,1,115,283,116,247,4,650,17,0,17,667
06/20/2007,AUS,TX,ASW,CE,Combined TRACON& Tower with Radar,313,83,105,6,507,0,0,52,5,57,313,83,157,11,564,10,0,10,574
06/21/2007,AUS,TX,ASW,CE,Combined TRACON& Tower with Radar,322,94,121,3,540,0,0,26,2,28,322,94,147,5,568,2,0,2,570
06/22/2007,AUS,TX,ASW,CE,Combined TRACON& Tower with Radar,307,91,119,6,523,0,2,27,1,30,307,93,146,7,553,0,0,0,553
06/23/2007,AUS,TX,ASW,CE,Combined TRACON& Tower with Radar,250,85,52,4,391,0,0,0,0,0,250,85,52,4,391,12,0,12,403
06/24/2007,AUS,TX,ASW,CE,Combined TRACON& Tower with Radar,266,65,75,4,410,0,0,67,0,67,266,65,142,4,477,0,0,0,477
06/25/2007,AUS,TX,ASW,CE,Combined TRACON& Tower with Radar,299,83,80,2,464,0,0,9,0,9,299,83,89,2,473,16,0,16,489
06/26/2007,AUS,TX,ASW,CE,Combined TRACON& Tower with Radar,322,119,107,7,555,0,2,61,0,63,322,121,168,7,618,0,0,0,618
06/27/2007,AUS,TX,ASW,CE,Combined TRACON& Tower with Radar,288,3,79,9,379,0,0,43,2,45,288,3,122,11,424,10,0,10,434
06/28/2007,AUS,TX,ASW,CE,Combined TRACON& Tower with Radar,335,109,88,3,535,0,2,54,0,56,335,111,142,3,591,2,0,2,593
06/29/2007,AUS,TX,ASW,CE,Combined TRACON& Tower with Radar,281,114,117,10,522,0,1,75,14,90,281,115,192,24,612,26,0,26,638
06/30/2007,AUS,TX,ASW,CE,Combined TRACON& Tower with Radar,265,97,61,2,425,0,0,84,1,85,265,97,145,3,510,6,1,7,517
07/01/2007,AUS,TX,ASW,CE,Combined TRACON& Tower with Radar,289,75,76,4,444,0,2,55,0,57,289,77,131,4,501,7,0,7,508
07/02/2007,AUS,TX,ASW,CE,Combined TRACON& Tower with Radar,303,77,68,2,450,0,0,49,3,52,303,77,117,5,502,0,0,0,502
07/03/2007,AUS,TX,ASW,CE,Combined TRACON& Tower with Radar,293,81,64,1,439,0,1,10,0,11,293,82,74,1,450,0,0,0,450
07/04/2007,AUS,TX,ASW,CE,Combined TRACON& Tower with Radar,241,39,46,1,327,0,0,10,0,10,241,39,56,1,337,0,0,0,337
07/05/2007,AUS,TX,ASW,CE,Combined TRACON& Tower with Radar,280,78,70,3,431,0,0,24,0,24,280,78,94,3,455,12,0,12,467
07/06/2007,AUS,TX,ASW,CE,Combined TRACON& Tower with Radar,304,82,66,4,456,0,0,59,3,62,304,82,125,7,518,0,0,0,518
07/07/2007,AUS,TX,ASW,CE,Combined TRACON& Tower with Radar,239,80,50,17,386,0,1,83,2,86,239,81,133,19,472,0,0,0,472
07/08/2007,AUS,TX,ASW,CE,Combined TRACON& Tower with Radar,278,76,75,8,437,0,1,87,0,88,278,77,162,8,525,14,0,14,539
07/09/2007,AUS,TX,ASW,CE,Combined TRACON& Tower with Radar,297,85,95,3,480,0,2,95,0,97,297,87,190,3,577,26,0,26,603
07/10/2007,AUS,TX,ASW,CE,Combined TRACON& Tower with Radar,268,118,94,13,493,0,0,83,2,85,268,118,177,15,578,14,6,20,598
07/11/2007,AUS,TX,ASW,CE,Combined TRACON& Tower with Radar,309,112,107,1,529,0,1,96,0,97,309,113,203,1,626,10,0,10,636
07/12/2007,AUS,TX,ASW,CE,Combined TRACON& Tower with Radar,333,85,129,6,553,0,0,89,1,90,333,85,218,7,643,19,0,19,662
07/13/2007,AUS,TX,ASW,CE,Combined TRACON& Tower with Radar,314,95,97,28,534,0,1,90,9,100,314,96,187,37,634,2,4,6,640
07/14/2007,AUS,TX,ASW,CE,Combined TRACON& Tower with Radar,277,90,117,1,485,0,2,68,1,71,277,92,185,2,556,10,0,10,566
07/15/2007,AUS,TX,ASW,CE,Combined TRACON& Tower with Radar,324,75,94,13,506,0,0,131,5,136,324,75,225,18,642,38,0,38,680
07/16/2007,AUS,TX,ASW,CE,Combined TRACON& Tower with Radar,313,78,83,2,476,0,0,52,0,52,313,78,135,2,528,2,0,2,530
07/17/2007,AUS,TX,ASW,CE,Combined TRACON& Tower with Radar,314,108,89,2,513,0,1,38,2,41,314,109,127,4,554,2,0,2,556
07/18/2007,AUS,TX,ASW,CE,Combined TRACON& Tower with Radar,313,100,101,3,517,0,1,35,0,36,313,101,136,3,553,10,0,10,563
07/19/2007,AUS,TX,ASW,CE,Combined TRACON& Tower with Radar,344,133,114,5,596,0,3,62,2,67,344,136,176,7,663,16,0,16,679
07/20/2007,AUS,TX,ASW,CE,Combined TRACON& Tower with Radar,304,96,85,9,494,0,0,2,4,6,304,96,87,13,500,0,0,0,500
07/21/2007,AUS,TX,ASW,CE,Combined TRACON& Tower with Radar,248,65,45,0,358,0,0,14,1,15,248,65,59,1,373,42,0,42,415
07/22/2007,AUS,TX,ASW,CE,Combined TRACON& Tower with Radar,304,71,77,4,456,0,0,50,5,55,304,71,127,9,511,12,0,12,523
07/23/2007,AUS,TX,ASW,CE,Combined TRACON& Tower with Radar,311,76,63,3,453,0,2,76,0,78,311,78,139,3,531,0,0,0,531
07/24/2007,AUS,TX,ASW,CE,Combined TRACON& Tower with Radar,295,108,83,2,488,0,2,54,0,56,295,110,137,2,544,10,0,10,554
07/25/2007,AUS,TX,ASW,CE,Combined TRACON& Tower with Radar,293,117,106,4,520,0,0,22,2,24,293,117,128,6,544,10,0,10,554
07/26/2007,AUS,TX,ASW,CE,Combined TRACON& Tower with Radar,327,102,103,20,552,0,1,43,1,45,327,103,146,21,597,1,2,3,600
07/27/2007,AUS,TX,ASW,CE,Combined TRACON& Tower with Radar,302,117,95,13,527,0,0,33,3,36,302,117,128,16,563,30,4,34,597
07/28/2007,AUS,TX,ASW,CE,Combined TRACON& Tower with Radar,244,86,64,1,395,0,0,0,0,0,244,86,64,1,395,24,0,24,419
07/29/2007,AUS,TX,ASW,CE,Combined TRACON& Tower with Radar,291,67,81,0,439,0,0,49,2,51,291,67,130,2,490,20,0,20,510
07/30/2007,AUS,TX,ASW,CE,Combined TRACON& Tower with Radar,309,113,117,18,557,0,0,110,0,110,309,113,227,18,667,0,0,0,667
07/31/2007,AUS,TX,ASW,CE,Combined TRACON& Tower with Radar,328,97,113,41,579,0,1,87,6,94,328,98,200,47,673,12,0,12,685
08/01/2007,AUS,TX,ASW,CE,Combined TRACON& Tower with Radar,326,110,146,20,602,0,2,101,1,104,326,112,247,21,706,34,7,41,747
08/02/2007,AUS,TX,ASW,CE,Combined TRACON& Tower with Radar,336,111,157,6,610,0,1,93,0,94,336,112,250,6,704,10,8,18,722
08/03/2007,AUS,TX,ASW,CE,Combined TRACON& Tower with Radar,309,87,116,8,520,0,1,85,3,89,309,88,201,11,609,34,12,46,655
08/04/2007,AUS,TX,ASW,CE,Combined TRACON& Tower with Radar,234,90,72,1,397,0,3,120,1,124,234,93,192,2,521,2,0,2,523
08/05/2007,AUS,TX,ASW,CE,Combined TRACON& Tower with Radar,280,95,85,17,477,0,0,134,3,137,280,95,219,20,614,24,4,28,642
08/06/2007,AUS,TX,ASW,CE,Combined TRACON& Tower with Radar,302,82,84,1,469,0,3,87,1,91,302,85,171,2,560,7,0,7,567
08/07/2007,AUS,TX,ASW,CE,Combined TRACON& Tower with Radar,303,101,108,2,514,0,0,114,1,115,303,101,222,3,629,18,10,28,657
08/08/2007,AUS,TX,ASW,CE,Combined TRACON& Tower with Radar,270,80,124,3,477,0,2,109,5,116,270,82,233,8,593,6,4,10,603
08/09/2007,AUS,TX,ASW,CE,Combined TRACON& Tower with Radar,304,99,106,16,525,0,1,117,7,125,304,100,223,23,650,12,2,14,664
08/10/2007,AUS,TX,ASW,CE,Combined TRACON& Tower with Radar,314,103,134,24,575,0,1,110,2,113,314,104,244,26,688,22,16,38,726
08/11/2007,AUS,TX,ASW,CE,Combined TRACON& Tower with Radar,268,51,54,1,374,0,3,141,0,144,268,54,195,1,518,12,0,12,530
08/12/2007,AUS,TX,ASW,CE,Combined TRACON& Tower with Radar,272,78,65,15,430,0,1,110,2,113,272,79,175,17,543,0,0,0,543
08/13/2007,AUS,TX,ASW,CE,Combined TRACON& Tower with Radar,289,93,69,3,454,0,2,114,3,119,289,95,183,6,573,5,0,5,578
08/14/2007,AUS,TX,ASW,CE,Combined TRACON& Tower with Radar,293,115,122,10,540,0,0,102,0,102,293,115,224,10,642,30,0,30,672
08/15/2007,AUS,TX,ASW,CE,Combined TRACON& Tower with Radar,318,88,133,10,549,0,1,85,0,86,318,89,218,10,635,22,11,33,668
08/16/2007,AUS,TX,ASW,CE,Combined TRACON& Tower with Radar,367,99,105,0,571,0,1,10,0,11,367,100,115,0,582,0,0,0,582
08/17/2007,AUS,TX,ASW,CE,Combined TRACON& Tower with Radar,317,138,80,10,545,0,0,28,3,31,317,138,108,13,576,0,0,0,576
08/18/2007,AUS,TX,ASW,CE,Combined TRACON& Tower with Radar,259,63,65,0,387,0,0,52,0,52,259,63,117,0,439,6,0,6,445
08/19/2007,AUS,TX,ASW,CE,Combined TRACON& Tower with Radar,283,86,113,12,494,0,0,65,2,67,283,86,178,14,561,4,0,4,565
08/20/2007,AUS,TX,ASW,CE,Combined TRACON& Tower with Radar,267,93,127,39,526,0,0,76,4,80,267,93,203,43,606,4,16,20,626
08/21/2007,AUS,TX,ASW,CE,Combined TRACON& Tower with Radar,332,79,113,10,534,0,7,61,5,73,332,86,174,15,607,0,0,0,607
08/22/2007,AUS,TX,ASW,CE,Combined TRACON& Tower with Radar,293,92,115,16,516,0,0,139,6,145,293,92,254,22,661,11,0,11,672
08/23/2007,AUS,TX,ASW,CE,Combined TRACON& Tower with Radar,286,84,133,18,521,0,3,86,4,93,286,87,219,22,614,22,0,22,636
08/24/2007,AUS,TX,ASW,CE,Combined TRACON& Tower with Radar,307,91,116,13,527,0,0,92,6,98,307,91,208,19,625,34,6,40,665
08/25/2007,AUS,TX,ASW,CE,Combined TRACON& Tower with Radar,277,56,61,13,407,0,0,110,0,110,277,56,171,13,517,24,8,32,549
08/26/2007,AUS,TX,ASW,CE,Combined TRACON& Tower with Radar,272,61,80,8,421,1,42,530,7,580,273,103,610,15,1001,20,0,20,1021
08/27/2007,AUS,TX,ASW,CE,Combined TRACON& Tower with Radar,307,92,77,6,482,0,0,86,0,86,307,92,163,6,568,0,6,6,574
08/28/2007,AUS,TX,ASW,CE,Combined TRACON& Tower with Radar,311,81,96,13,501,0,0,120,1,121,311,81,216,14,622,8,0,8,630
08/29/2007,AUS,TX,ASW,CE,Combined TRACON& Tower with Radar,353,115,78,2,548,0,1,0,1,2,353,116,78,3,550,10,0,10,560
08/30/2007,AUS,TX,ASW,CE,Combined TRACON& Tower with Radar,339,90,121,9,559,0,2,127,1,130,339,92,248,10,689,0,0,0,689
08/31/2007,AUS,TX,ASW,CE,Combined TRACON& Tower with Radar,324,91,129,3,547,0,1,64,2,67,324,92,193,5,614,40,2,42,656
09/01/2007,AUS,TX,ASW,CE,Combined TRACON& Tower with Radar,215,77,80,1,373,0,0,140,0,140,215,77,220,1,513,10,0,10,523
09/02/2007,AUS,TX,ASW,CE,Combined TRACON& Tower with Radar,227,56,46,2,331,0,0,41,3,44,227,56,87,5,375,10,0,10,385
09/03/2007,AUS,TX,ASW,CE,Combined TRACON& Tower with Radar,292,98,77,3,470,0,0,40,0,40,292,98,117,3,510,3,0,3,513
09/04/2007,AUS,TX,ASW,CE,Combined TRACON& Tower with Radar,315,96,105,15,531,0,1,5,1,7,315,97,110,16,538,0,0,0,538
09/05/2007,AUS,TX,ASW,CE,Combined TRACON& Tower with Radar,343,105,157,10,615,0,3,86,1,90,343,108,243,11,705,10,2,12,717
09/06/2007,AUS,TX,ASW,CE,Combined TRACON& Tower with Radar,300,109,134,5,548,0,3,70,1,74,300,112,204,6,622,2,4,6,628
09/07/2007,AUS,TX,ASW,CE,Combined TRACON& Tower with Radar,317,127,156,8,608,0,0,128,0,128,317,127,284,8,736,8,0,8,744
09/08/2007,AUS,TX,ASW,CE,Combined TRACON& Tower with Radar,259,70,165,15,509,0,1,137,2,140,259,71,302,17,649,20,0,20,669
09/09/2007,AUS,TX,ASW,CE,Combined TRACON& Tower with Radar,297,88,191,13,589,0,0,73,1,74,297,88,264,14,663,4,0,4,667
09/10/2007,AUS,TX,ASW,CE,Combined TRACON& Tower with Radar,309,81,85,27,502,0,3,72,2,77,309,84,157,29,579,7,5,12,591
09/11/2007,AUS,TX,ASW,CE,Combined TRACON& Tower with Radar,303,113,131,17,564,0,1,28,0,29,303,114,159,17,593,6,0,6,599
09/12/2007,AUS,TX,ASW,CE,Combined TRACON& Tower with Radar,308,110,135,35,588,0,4,149,2,155,308,114,284,37,743,12,2,14,757
09/13/2007,AUS,TX,ASW,CE,Combined TRACON& Tower with Radar,329,131,148,3,611,0,5,133,4,142,329,136,281,7,753,2,10,12,765
09/14/2007,AUS,TX,ASW,CE,Combined TRACON& Tower with Radar,319,100,128,27,574,0,4,141,6,151,319,104,269,33,725,30,6,36,761
09/15/2007,AUS,TX,ASW,CE,Combined TRACON& Tower with Radar,241,89,97,10,437,0,3,133,0,136,241,92,230,10,573,24,0,24,597
09/16/2007,AUS,TX,ASW,CE,Combined TRACON& Tower with Radar,316,63,102,18,499,0,0,150,1,151,316,63,252,19,650,0,0,0,650
09/17/2007,AUS,TX,ASW,CE,Combined TRACON& Tower with Radar,272,122,101,18,513,0,2,97,2,101,272,124,198,20,614,2,2,4,618
09/18/2007,AUS,TX,ASW,CE,Combined TRACON& Tower with Radar,326,109,153,19,607,0,2,100,7,109,326,111,253,26,716,2,20,22,738
09/19/2007,AUS,TX,ASW,CE,Combined TRACON& Tower with Radar,354,76,152,27,609,0,5,101,9,115,354,81,253,36,724,0,0,0,724
09/20/2007,AUS,TX,ASW,CE,Combined TRACON& Tower with Radar,332,75,113,19,539,0,5,127,5,137,332,80,240,24,676,28,0,28,704
09/21/2007,AUS,TX,ASW,CE,Combined TRACON& Tower with Radar,316,117,126,16,575,0,2,170,3,175,316,119,296,19,750,16,0,16,766
09/22/2007,AUS,TX,ASW,CE,Combined TRACON& Tower with Radar,232,71,100,4,407,0,0,135,1,136,232,71,235,5,543,32,0,32,575
09/23/2007,AUS,TX,ASW,CE,Combined TRACON& Tower with Radar,293,84,103,6,486,0,5,112,0,117,293,89,215,6,603,0,0,0,603
09/24/2007,AUS,TX,ASW,CE,Combined TRACON& Tower with Radar,299,94,112,4,509,0,0,99,0,99,299,94,211,4,608,9,0,9,617
09/25/2007,AUS,TX,ASW,CE,Combined TRACON& Tower with Radar,341,91,129,6,567,0,9,125,7,141,341,100,254,13,708,12,4,16,724
09/26/2007,AUS,TX,ASW,CE,Combined TRACON& Tower with Radar,317,93,132,18,560,0,3,109,2,114,317,96,241,20,674,10,2,12,686
09/27/2007,AUS,TX,ASW,CE,Combined TRACON& Tower with Radar,349,115,149,13,626,0,4,119,2,125,349,119,268,15,751,36,0,36,787
09/28/2007,AUS,TX,ASW,CE,Combined TRACON& Tower with Radar,341,76,158,2,577,0,2,158,2,162,341,78,316,4,739,10,4,14,753
09/29/2007,AUS,TX,ASW,CE,Combined TRACON& Tower with Radar,230,76,145,0,451,0,0,122,1,123,230,76,267,1,574,10,0,10,584
09/30/2007,AUS,TX,ASW,CE,Combined TRACON& Tower with Radar,290,79,133,3,505,0,0,68,0,68,290,79,201,3,573,11,2,13,586
10/01/2007,AUS,TX,ASW,CE,Combined TRACON& Tower with Radar,310,86,91,1,488,0,2,42,0,44,310,88,133,1,532,0,0,0,532
10/02/2007,AUS,TX,ASW,CE,Combined TRACON& Tower with Radar,314,93,130,20,557,0,11,120,10,141,314,104,250,30,698,12,8,20,718
10/03/2007,AUS,TX,ASW,CE,Combined TRACON& Tower with Radar,320,114,109,10,553,0,5,134,2,141,320,119,243,12,694,10,0,10,704
10/04/2007,AUS,TX,ASW,CE,Combined TRACON& Tower with Radar,306,81,141,8,536,0,5,154,6,165,306,86,295,14,701,8,0,8,709
10/05/2007,AUS,TX,ASW,CE,Combined TRACON& Tower with Radar,310,111,129,18,568,0,3,134,4,141,310,114,263,22,709,32,16,48,757
10/06/2007,AUS,TX,ASW,CE,Combined TRACON& Tower with Radar,222,77,81,8,388,0,1,87,2,90,222,78,168,10,478,0,0,0,478
10/07/2007,AUS,TX,ASW,CE,Combined TRACON& Tower with Radar,291,110,94,4,499,0,2,63,2,67,291,112,157,6,566,0,0,0,566
10/08/2007,AUS,TX,ASW,CE,Combined TRACON& Tower with Radar,337,68,111,7,523,0,4,58,7,69,337,72,169,14,592,4,0,4,596
10/09/2007,AUS,TX,ASW,CE,Combined TRACON& Tower with Radar,346,92,144,28,610,0,2,123,0,125,346,94,267,28,735,12,0,12,747
10/10/2007,AUS,TX,ASW,CE,Combined TRACON& Tower with Radar,302,103,111,12,528,0,5,109,1,115,302,108,220,13,643,8,0,8,651
10/11/2007,AUS,TX,ASW,CE,Combined TRACON& Tower with Radar,350,93,162,7,612,0,7,158,5,170,350,100,320,12,782,22,0,22,804
10/12/2007,AUS,TX,ASW,CE,Combined TRACON& Tower with Radar,317,103,134,7,561,0,2,143,1,146,317,105,277,8,707,16,0,16,723
10/13/2007,AUS,TX,ASW,CE,Combined TRACON& Tower with Radar,265,73,79,0,417,0,0,108,2,110,265,73,187,2,527,28,0,28,555
10/14/2007,AUS,TX,ASW,CE,Combined TRACON& Tower with Radar,285,81,113,1,480,0,1,84,0,85,285,82,197,1,565,22,0,22,587
10/15/2007,AUS,TX,ASW,CE,Combined TRACON& Tower with Radar,322,94,90,1,507,0,2,37,0,39,322,96,127,1,546,0,0,0,546
10/16/2007,AUS,TX,ASW,CE,Combined TRACON& Tower with Radar,306,98,167,6,577,0,0,10,0,10,306,98,177,6,587,0,2,2,589
10/17/2007,AUS,TX,ASW,CE,Combined TRACON& Tower with Radar,302,103,134,8,547,0,1,91,2,94,302,104,225,10,641,0,0,0,641
10/18/2007,AUS,TX,ASW,CE,Combined TRACON& Tower with Radar,308,112,138,8,566,0,0,101,5,106,308,112,239,13,672,0,0,0,672
10/19/2007,AUS,TX,ASW,CE,Combined TRACON& Tower with Radar,323,101,126,5,555,0,1,118,4,123,323,102,244,9,678,0,0,0,678
10/20/2007,AUS,TX,ASW,CE,Combined TRACON& Tower with Radar,208,84,47,6,345,0,1,125,0,126,208,85,172,6,471,8,14,22,493
10/21/2007,AUS,TX,ASW,CE,Combined TRACON& Tower with Radar,271,94,127,7,499,0,6,134,0,140,271,100,261,7,639,4,0,4,643
10/22/2007,AUS,TX,ASW,CE,Combined TRACON& Tower with Radar,304,92,81,10,487,0,0,23,1,24,304,92,104,11,511,0,0,0,511
10/23/2007,AUS,TX,ASW,CE,Combined TRACON& Tower with Radar,325,89,116,8,538,0,3,121,1,125,325,92,237,9,663,10,2,12,675
10/24/2007,AUS,TX,ASW,CE,Combined TRACON& Tower with Radar,340,94,145,9,588,0,5,129,3,137,340,99,274,12,725,8,4,12,737
10/25/2007,AUS,TX,ASW,CE,Combined TRACON& Tower with Radar,335,108,166,21,630,0,7,139,5,151,335,115,305,26,781,4,6,10,791
10/26/2007,AUS,TX,ASW,CE,Combined TRACON& Tower with Radar,318,113,172,17,620,0,1,162,1,164,318,114,334,18,784,8,6,14,798
10/27/2007,AUS,TX,ASW,CE,Combined TRACON& Tower with Radar,203,107,116,3,429,0,0,167,0,167,203,107,283,3,596,38,0,38,634
10/28/2007,AUS,TX,ASW,CE,Combined TRACON& Tower with Radar,269,102,120,12,503,0,2,174,0,176,269,104,294,12,679,0,6,6,685
10/29/2007,AUS,TX,ASW,CE,Combined TRACON& Tower with Radar,305,98,91,6,500,0,0,112,3,115,305,98,203,9,615,10,5,15,630
10/30/2007,AUS,TX,ASW,CE,Combined TRACON& Tower with Radar,289,100,108,21,518,0,2,185,7,194,289,102,293,28,712,8,0,8,720
10/31/2007,AUS,TX,ASW,CE,Combined TRACON& Tower with Radar,293,102,117,27,539,0,1,128,10,139,293,103,245,37,678,10,6,16,694
11/01/2007,AUS,TX,ASW,CE,Combined TRACON& Tower with Radar,325,116,135,16,592,0,4,131,5,140,325,120,266,21,732,1,10,11,743
11/02/2007,AUS,TX,ASW,CE,Combined TRACON& Tower with Radar,309,109,132,33,583,0,1,132,2,135,309,110,264,35,718,6,14,20,738
11/03/2007,AUS,TX,ASW,CE,Combined TRACON& Tower with Radar,256,71,51,3,381,0,0,123,0,123,256,71,174,3,504,14,0,14,518
11/04/2007,AUS,TX,ASW,CE,Combined TRACON& Tower with Radar,305,94,117,3,519,0,3,202,0,205,305,97,319,3,724,11,0,11,735
11/05/2007,AUS,TX,ASW,CE,Combined TRACON& Tower with Radar,302,90,99,26,517,0,5,82,1,88,302,95,181,27,605,7,3,10,615
11/06/2007,AUS,TX,ASW,CE,Combined TRACON& Tower with Radar,313,89,126,9,537,0,4,58,3,65,313,93,184,12,602,6,12,18,620
11/07/2007,AUS,TX,ASW,CE,Combined TRACON& Tower with Radar,295,114,116,16,541,0,5,98,2,105,295,119,214,18,646,0,0,0,646
11/08/2007,AUS,TX,ASW,CE,Combined TRACON& Tower with Radar,333,116,174,18,641,0,3,82,6,91,333,119,256,24,732,18,8,26,758
11/09/2007,AUS,TX,ASW,CE,Combined TRACON& Tower with Radar,330,122,215,14,681,0,0,147,0,147,330,122,362,14,828,14,0,14,842
11/10/2007,AUS,TX,ASW,CE,Combined TRACON& Tower with Radar,244,86,157,0,487,0,0,97,0,97,244,86,254,0,584,6,0,6,590
11/11/2007,AUS,TX,ASW,CE,Combined TRACON& Tower with Radar,288,78,158,2,526,0,4,79,1,84,288,82,237,3,610,10,0,10,620
11/12/2007,AUS,TX,ASW,CE,Combined TRACON& Tower with Radar,276,70,132,2,480,0,4,99,0,103,276,74,231,2,583,3,0,3,586
11/13/2007,AUS,TX,ASW,CE,Combined TRACON& Tower with Radar,301,89,127,7,524,0,0,112,4,116,301,89,239,11,640,16,8,24,664
11/14/2007,AUS,TX,ASW,CE,Combined TRACON& Tower with Radar,292,117,124,6,539,0,2,115,4,121,292,119,239,10,660,0,0,0,660
11/15/2007,AUS,TX,ASW,CE,Combined TRACON& Tower with Radar,312,86,122,5,525,0,0,149,2,151,312,86,271,7,676,6,0,6,682
11/16/2007,AUS,TX,ASW,CE,Combined TRACON& Tower with Radar,324,93,142,12,571,0,3,165,5,173,324,96,307,17,744,24,4,28,772
11/17/2007,AUS,TX,ASW,CE,Combined TRACON& Tower with Radar,202,98,104,19,423,0,1,46,0,47,202,99,150,19,470,12,0,12,482
11/18/2007,AUS,TX,ASW,CE,Combined TRACON& Tower with Radar,294,83,93,9,479,4,0,103,0,107,298,83,196,9,586,28,0,28,614
11/19/2007,AUS,TX,ASW,CE,Combined TRACON& Tower with Radar,275,81,112,14,482,0,4,89,2,95,275,85,201,16,577,8,2,10,587
11/20/2007,AUS,TX,ASW,CE,Combined TRACON& Tower with Radar,313,118,133,17,581,0,4,95,8,107,313,122,228,25,688,8,10,18,706
11/21/2007,AUS,TX,ASW,CE,Combined TRACON& Tower with Radar,338,119,140,11,608,0,0,94,1,95,338,119,234,12,703,0,0,0,703
11/22/2007,AUS,TX,ASW,CE,Combined TRACON& Tower with Radar,201,64,36,0,301,0,0,24,0,24,201,64,60,0,325,0,0,0,325
11/23/2007,AUS,TX,ASW,CE,Combined TRACON& Tower with Radar,227,60,56,0,343,0,4,66,0,70,227,64,122,0,413,26,0,26,439
11/24/2007,AUS,TX,ASW,CE,Combined TRACON& Tower with Radar,239,93,79,0,411,0,0,0,0,0,239,93,79,0,411,0,0,0,411
11/25/2007,AUS,TX,ASW,CE,Combined TRACON& Tower with Radar,284,88,108,0,480,0,1,4,0,5,284,89,112,0,485,0,0,0,485
11/26/2007,AUS,TX,ASW,CE,Combined TRACON& Tower with Radar,306,81,87,6,480,0,0,94,1,95,306,81,181,7,575,15,1,16,591
11/27/2007,AUS,TX,ASW,CE,Combined TRACON& Tower with Radar,319,93,127,9,548,0,2,143,4,149,319,95,270,13,697,12,2,14,711
11/28/2007,AUS,TX,ASW,CE,Combined TRACON& Tower with Radar,315,88,142,10,555,0,3,89,1,93,315,91,231,11,648,10,6,16,664
11/29/2007,AUS,TX,ASW,CE,Combined TRACON& Tower with Radar,312,92,102,18,524,0,2,136,8,146,312,94,238,26,670,44,28,72,742
11/30/2007,AUS,TX,ASW,CE,Combined TRACON& Tower with Radar,316,101,161,23,601,0,2,39,13,54,316,103,200,36,655,18,22,40,695
12/01/2007,AUS,TX,ASW,CE,Combined TRACON& Tower with Radar,214,61,60,6,341,0,0,7,0,7,214,61,67,6,348,0,0,0,348
12/02/2007,AUS,TX,ASW,CE,Combined TRACON& Tower with Radar,258,106,95,20,479,1,0,106,0,107,259,106,201,20,586,14,4,18,604
12/03/2007,AUS,TX,ASW,CE,Combined TRACON& Tower with Radar,310,102,80,1,493,0,0,116,1,117,310,102,196,2,610,1,0,1,611
12/04/2007,AUS,TX,ASW,CE,Combined TRACON& Tower with Radar,270,126,113,12,521,0,1,174,4,179,270,127,287,16,700,14,8,22,722
12/05/2007,AUS,TX,ASW,CE,Combined TRACON& Tower with Radar,297,90,98,11,496,0,1,133,3,137,297,91,231,14,633,10,6,16,649
12/06/2007,AUS,TX,ASW,CE,Combined TRACON& Tower with Radar,304,129,136,18,587,0,1,96,3,100,304,130,232,21,687,14,8,22,709
12/07/2007,AUS,TX,ASW,CE,Combined TRACON& Tower with Radar,295,103,134,30,562,0,2,76,2,80,295,105,210,32,642,0,0,0,642
12/08/2007,AUS,TX,ASW,CE,Combined TRACON& Tower with Radar,217,51,90,1,359,0,0,85,1,86,217,51,175,2,445,0,0,0,445
12/09/2007,AUS,TX,ASW,CE,Combined TRACON& Tower with Radar,262,80,94,7,443,0,0,16,3,19,262,80,110,10,462,12,0,12,474
12/10/2007,AUS,TX,ASW,CE,Combined TRACON& Tower with Radar,283,95,81,0,459,0,0,0,0,0,283,95,81,0,459,0,0,0,459
12/11/2007,AUS,TX,ASW,CE,Combined TRACON& Tower with Radar,299,90,117,34,540,0,4,29,0,33,299,94,146,34,573,3,0,3,576
12/12/2007,AUS,TX,ASW,CE,Combined TRACON& Tower with Radar,313,84,112,5,514,0,0,1,0,1,313,84,113,5,515,0,0,0,515
12/13/2007,AUS,TX,ASW,CE,Combined TRACON& Tower with Radar,301,98,140,9,548,0,8,167,18,193,301,106,307,27,741,32,0,32,773
12/14/2007,AUS,TX,ASW,CE,Combined TRACON& Tower with Radar,303,76,94,15,488,0,0,2,0,2,303,76,96,15,490,0,0,0,490
12/15/2007,AUS,TX,ASW,CE,Combined TRACON& Tower with Radar,237,76,78,26,417,0,1,46,2,49,237,77,124,28,466,0,0,0,466
12/16/2007,AUS,TX,ASW,CE,Combined TRACON& Tower with Radar,262,69,82,5,418,21,5,156,0,182,283,74,238,5,600,0,0,0,600
12/17/2007,AUS,TX,ASW,CE,Combined TRACON& Tower with Radar,282,83,101,12,478,0,5,153,3,161,282,88,254,15,639,4,0,4,643
12/18/2007,AUS,TX,ASW,CE,Combined TRACON& Tower with Radar,313,92,106,13,524,0,2,137,2,141,313,94,243,15,665,10,4,14,679
12/19/2007,AUS,TX,ASW,CE,Combined TRACON& Tower with Radar,330,89,161,18,598,0,0,0,0,0,330,89,161,18,598,0,0,0,598
12/20/2007,AUS,TX,ASW,CE,Combined TRACON& Tower with Radar,0,0,0,0,0,0,0,0,0,0,0,0,0,0,0,18,0,18,18
12/21/2007,AUS,TX,ASW,CE,Combined TRACON& Tower with Radar,306,113,99,7,525,0,5,138,0,143,306,118,237,7,668,52,0,52,720
12/22/2007,AUS,TX,ASW,CE,Combined TRACON& Tower with Radar,223,72,40,1,336,0,0,0,0,0,223,72,40,1,336,4,0,4,340
12/23/2007,AUS,TX,ASW,CE,Combined TRACON& Tower with Radar,275,78,63,0,416,0,0,100,0,100,275,78,163,0,516,16,0,16,532
12/24/2007,AUS,TX,ASW,CE,Combined TRACON& Tower with Radar,224,70,38,0,332,0,5,96,0,101,224,75,134,0,433,0,0,0,433
12/25/2007,AUS,TX,ASW,CE,Combined TRACON& Tower with Radar,232,52,34,0,318,0,1,43,0,44,232,53,77,0,362,0,0,0,362
12/26/2007,AUS,TX,ASW,CE,Combined TRACON& Tower with Radar,296,80,88,0,464,0,0,0,0,0,296,80,88,0,464,0,0,0,464
12/27/2007,AUS,TX,ASW,CE,Combined TRACON& Tower with Radar,344,98,128,5,575,0,0,96,0,96,344,98,224,5,671,22,4,26,697
12/28/2007,AUS,TX,ASW,CE,Combined TRACON& Tower with Radar,306,72,88,0,466,0,0,119,0,119,306,72,207,0,585,16,0,16,601
12/29/2007,AUS,TX,ASW,CE,Combined TRACON& Tower with Radar,231,78,67,0,376,0,4,101,0,105,231,82,168,0,481,36,0,36,517
12/30/2007,AUS,TX,ASW,CE,Combined TRACON& Tower with Radar,248,74,38,0,360,0,1,152,0,153,248,75,190,0,513,28,0,28,541
12/31/2007,AUS,TX,ASW,CE,Combined TRACON& Tower with Radar,235,78,46,0,359,0,0,86,1,87,235,78,132,1,446,9,0,9,455
01/01/2008,AUS,TX,ASW,CE,Combined TRACON& Tower with Radar,253,77,30,0,360,0,1,92,1,94,253,78,122,1,454,0,0,0,454
01/02/2008,AUS,TX,ASW,CE,Combined TRACON& Tower with Radar,293,92,89,0,474,0,3,113,2,118,293,95,202,2,592,0,0,0,592
01/03/2008,AUS,TX,ASW,CE,Combined TRACON& Tower with Radar,305,97,96,0,498,0,5,167,2,174,305,102,263,2,672,12,0,12,684
01/04/2008,AUS,TX,ASW,CE,Combined TRACON& Tower with Radar,308,97,125,20,550,0,4,87,0,91,308,101,212,20,641,2,6,8,649
01/05/2008,AUS,TX,ASW,CE,Combined TRACON& Tower with Radar,223,85,56,2,366,0,0,73,5,78,223,85,129,7,444,6,0,6,450
01/06/2008,AUS,TX,ASW,CE,Combined TRACON& Tower with Radar,257,76,77,15,425,0,2,62,0,64,257,78,139,15,489,14,0,14,503
01/07/2008,AUS,TX,ASW,CE,Combined TRACON& Tower with Radar,287,107,96,14,504,0,2,27,0,29,287,109,123,14,533,8,3,11,544
01/08/2008,AUS,TX,ASW,CE,Combined TRACON& Tower with Radar,272,143,106,14,535,0,3,105,6,114,272,146,211,20,649,12,6,18,667
01/09/2008,AUS,TX,ASW,CE,Combined TRACON& Tower with Radar,311,79,87,26,503,0,6,145,3,154,311,85,232,29,657,54,12,66,723
01/10/2008,AUS,TX,ASW,CE,Combined TRACON& Tower with Radar,321,96,124,9,550,0,7,108,12,127,321,103,232,21,677,12,4,16,693
01/11/2008,AUS,TX,ASW,CE,Combined TRACON& Tower with Radar,301,91,104,28,524,0,3,125,3,131,301,94,229,31,655,26,6,32,687
01/12/2008,AUS,TX,ASW,CE,Combined TRACON& Tower with Radar,231,79,89,1,400,0,3,187,0,190,231,82,276,1,590,3,0,3,593
01/13/2008,AUS,TX,ASW,CE,Combined TRACON& Tower with Radar,278,68,91,5,442,0,1,137,9,147,278,69,228,14,589,16,0,16,605
01/14/2008,AUS,TX,ASW,CE,Combined TRACON& Tower with Radar,268,100,56,10,434,0,3,91,1,95,268,103,147,11,529,3,3,6,535
01/15/2008,AUS,TX,ASW,CE,Combined TRACON& Tower with Radar,278,116,125,17,536,3,2,55,6,66,281,118,180,23,602,10,10,20,622
01/16/2008,AUS,TX,ASW,CE,Combined TRACON& Tower with Radar,296,111,131,11,549,0,3,41,5,49,296,114,172,16,598,14,0,14,612
01/17/2008,AUS,TX,ASW,CE,Combined TRACON& Tower with Radar,286,120,106,30,542,0,2,96,5,103,286,122,202,35,645,10,0,10,655
01/18/2008,AUS,TX,ASW,CE,Combined TRACON& Tower with Radar,299,87,130,16,532,0,0,4,0,4,299,87,134,16,536,0,0,0,536
01/19/2008,AUS,TX,ASW,CE,Combined TRACON& Tower with Radar,219,51,80,3,353,0,1,132,0,133,219,52,212,3,486,22,0,22,508
01/20/2008,AUS,TX,ASW,CE,Combined TRACON& Tower with Radar,244,71,96,6,417,0,1,137,0,138,244,72,233,6,555,9,0,9,564
01/21/2008,AUS,TX,ASW,CE,Combined TRACON& Tower with Radar,260,92,83,5,440,0,0,2,0,2,260,92,85,5,442,0,0,0,442
01/22/2008,AUS,TX,ASW,CE,Combined TRACON& Tower with Radar,294,79,136,2,511,0,0,0,0,0,294,79,136,2,511,0,0,0,511
01/23/2008,AUS,TX,ASW,CE,Combined TRACON& Tower with Radar,299,79,126,1,505,0,0,0,0,0,299,79,126,1,505,0,0,0,505
01/24/2008,AUS,TX,ASW,CE,Combined TRACON& Tower with Radar,0,0,0,0,0,0,0,0,0,0,0,0,0,0,0,14,0,14,14
01/25/2008,AUS,TX,ASW,CE,Combined TRACON& Tower with Radar,327,76,109,14,526,0,0,0,0,0,327,76,109,14,526,0,0,0,526
01/26/2008,AUS,TX,ASW,CE,Combined TRACON& Tower with Radar,207,66,68,1,342,0,3,106,0,109,207,69,174,1,451,12,0,12,463
01/27/2008,AUS,TX,ASW,CE,Combined TRACON& Tower with Radar,236,74,75,8,393,0,0,92,0,92,236,74,167,8,485,0,0,0,485
01/28/2008,AUS,TX,ASW,CE,Combined TRACON& Tower with Radar,281,79,87,1,448,0,0,24,0,24,281,79,111,1,472,13,0,13,485
01/29/2008,AUS,TX,ASW,CE,Combined TRACON& Tower with Radar,314,104,135,17,570,0,14,81,0,95,314,118,216,17,665,2,12,14,679
01/30/2008,AUS,TX,ASW,CE,Combined TRACON& Tower with Radar,326,89,141,0,556,0,7,118,0,125,326,96,259,0,681,8,0,8,689
01/31/2008,AUS,TX,ASW,CE,Combined TRACON& Tower with Radar,339,102,102,0,543,0,5,47,3,55,339,107,149,3,598,0,0,0,598
02/01/2008,AUS,TX,ASW,CE,Combined TRACON& Tower with Radar,293,98,126,21,538,0,5,148,9,162,293,103,274,30,700,0,0,0,700
02/02/2008,AUS,TX,ASW,CE,Combined TRACON& Tower with Radar,218,55,61,6,340,0,0,153,1,154,218,55,214,7,494,8,16,24,518
02/03/2008,AUS,TX,ASW,CE,Combined TRACON& Tower with Radar,259,57,80,2,398,0,1,51,0,52,259,58,131,2,450,0,0,0,450
02/04/2008,AUS,TX,ASW,CE,Combined TRACON& Tower with Radar,278,101,125,37,541,0,3,62,2,67,278,104,187,39,608,4,11,15,623
02/05/2008,AUS,TX,ASW,CE,Combined TRACON& Tower with Radar,307,94,121,40,562,0,4,55,0,59,307,98,176,40,621,8,12,20,641
02/06/2008,AUS,TX,ASW,CE,Combined TRACON& Tower with Radar,297,83,124,18,522,0,7,165,8,180,297,90,289,26,702,16,12,28,730
02/07/2008,AUS,TX,ASW,CE,Combined TRACON& Tower with Radar,324,96,134,13,567,0,2,143,4,149,324,98,277,17,716,9,5,14,730
02/08/2008,AUS,TX,ASW,CE,Combined TRACON& Tower with Radar,292,93,106,5,496,0,10,152,12,174,292,103,258,17,670,42,8,50,720
02/09/2008,AUS,TX,ASW,CE,Combined TRACON& Tower with Radar,220,51,65,0,336,0,2,141,0,143,220,53,206,0,479,20,0,20,499
02/10/2008,AUS,TX,ASW,CE,Combined TRACON& Tower with Radar,265,74,102,3,444,0,1,105,3,109,265,75,207,6,553,13,0,13,566
02/11/2008,AUS,TX,ASW,CE,Combined TRACON& Tower with Radar,288,81,130,6,505,0,3,45,1,49,288,84,175,7,554,5,0,5,559
02/12/2008,AUS,TX,ASW,CE,Combined TRACON& Tower with Radar,319,98,131,7,555,0,3,66,0,69,319,101,197,7,624,16,12,28,652
02/13/2008,AUS,TX,ASW,CE,Combined TRACON& Tower with Radar,277,98,122,24,521,0,8,149,4,161,277,106,271,28,682,10,10,20,702
02/14/2008,AUS,TX,ASW,CE,Combined TRACON& Tower with Radar,330,110,132,23,595,0,3,99,3,105,330,113,231,26,700,4,6,10,710
02/15/2008,AUS,TX,ASW,CE,Combined TRACON& Tower with Radar,294,96,96,14,500,0,1,11,1,13,294,97,107,15,513,0,0,0,513
02/16/2008,AUS,TX,ASW,CE,Combined TRACON& Tower with Radar,222,73,38,0,333,0,0,0,0,0,222,73,38,0,333,0,0,0,333
02/17/2008,AUS,TX,ASW,CE,Combined TRACON& Tower with Radar,251,61,84,5,401,0,0,130,0,130,251,61,214,5,531,26,0,26,557
02/18/2008,AUS,TX,ASW,CE,Combined TRACON& Tower with Radar,246,105,107,0,458,0,0,175,0,175,246,105,282,0,633,13,0,13,646
02/19/2008,AUS,TX,ASW,CE,Combined TRACON& Tower with Radar,298,108,153,14,573,0,6,154,2,162,298,114,307,16,735,38,24,62,797
02/20/2008,AUS,TX,ASW,CE,Combined TRACON& Tower with Radar,309,119,175,10,613,0,1,50,5,56,309,120,225,15,669,0,0,0,669
02/21/2008,AUS,TX,ASW,CE,Combined TRACON& Tower with Radar,325,146,204,14,689,0,2,34,1,37,325,148,238,15,726,20,24,44,770
02/22/2008,AUS,TX,ASW,CE,Combined TRACON& Tower with Radar,311,95,147,18,571,0,5,160,3,168,311,100,307,21,739,0,0,0,739
02/23/2008,AUS,TX,ASW,CE,Combined TRACON& Tower with Radar,215,59,69,5,348,0,4,109,1,114,215,63,178,6,462,56,0,56,518
02/24/2008,AUS,TX,ASW,CE,Combined TRACON& Tower with Radar,287,64,85,8,444,0,0,145,1,146,287,64,230,9,590,2,0,2,592
02/25/2008,AUS,TX,ASW,CE,Combined TRACON& Tower with Radar,298,95,96,15,504,0,0,88,4,92,298,95,184,19,596,10,13,23,619
02/26/2008,AUS,TX,ASW,CE,Combined TRACON& Tower with Radar,348,74,108,14,544,0,8,94,1,103,348,82,202,15,647,4,0,4,651
02/27/2008,AUS,TX,ASW,CE,Combined TRACON& Tower with Radar,316,89,114,17,536,0,8,142,5,155,316,97,256,22,691,10,6,16,707
02/28/2008,AUS,TX,ASW,CE,Combined TRACON& Tower with Radar,327,95,139,17,578,0,5,130,6,141,327,100,269,23,719,5,4,9,728
02/29/2008,AUS,TX,ASW,CE,Combined TRACON& Tower with Radar,0,0,0,0,0,0,0,0,0,0,0,0,0,0,0,20,10,30,30
03/01/2008,AUS,TX,ASW,CE,Combined TRACON& Tower with Radar,229,61,79,6,375,0,1,97,1,99,229,62,176,7,474,0,0,0,474
03/02/2008,AUS,TX,ASW,CE,Combined TRACON& Tower with Radar,261,88,88,15,452,0,0,36,3,39,261,88,124,18,491,8,8,16,507
03/03/2008,AUS,TX,ASW,CE,Combined TRACON& Tower with Radar,316,100,92,3,511,0,2,4,0,6,316,102,96,3,517,0,0,0,517
03/04/2008,AUS,TX,ASW,CE,Combined TRACON& Tower with Radar,312,87,128,7,534,0,4,149,2,155,312,91,277,9,689,20,10,30,719
03/05/2008,AUS,TX,ASW,CE,Combined TRACON& Tower with Radar,294,107,113,12,526,0,4,171,2,177,294,111,284,14,703,10,6,16,719
03/06/2008,AUS,TX,ASW,CE,Combined TRACON& Tower with Radar,290,107,113,6,516,0,0,2,1,3,290,107,115,7,519,6,0,6,525
03/07/2008,AUS,TX,ASW,CE,Combined TRACON& Tower with Radar,276,105,129,20,530,0,1,93,6,100,276,106,222,26,630,16,10,26,656
03/08/2008,AUS,TX,ASW,CE,Combined TRACON& Tower with Radar,196,105,72,17,390,0,1,130,3,134,196,106,202,20,524,5,0,5,529
03/09/2008,AUS,TX,ASW,CE,Combined TRACON& Tower with Radar,297,80,92,7,476,0,2,104,5,111,297,82,196,12,587,10,2,12,599
03/10/2008,AUS,TX,ASW,CE,Combined TRACON& Tower with Radar,307,89,70,2,468,0,0,11,0,11,307,89,81,2,479,0,0,0,479
03/11/2008,AUS,TX,ASW,CE,Combined TRACON& Tower with Radar,314,95,109,17,535,0,5,132,2,139,314,100,241,19,674,12,6,18,692
03/12/2008,AUS,TX,ASW,CE,Combined TRACON& Tower with Radar,331,81,101,14,527,0,2,152,8,162,331,83,253,22,689,10,6,16,705
03/13/2008,AUS,TX,ASW,CE,Combined TRACON& Tower with Radar,308,103,151,9,571,0,1,44,0,45,308,104,195,9,616,6,0,6,622
03/14/2008,AUS,TX,ASW,CE,Combined TRACON& Tower with Radar,311,108,120,17,556,0,5,105,5,115,311,113,225,22,671,0,0,0,671
03/15/2008,AUS,TX,ASW,CE,Combined TRACON& Tower with Radar,231,112,89,2,434,0,2,242,0,244,231,114,331,2,678,8,0,8,686
03/16/2008,AUS,TX,ASW,CE,Combined TRACON& Tower with Radar,252,86,111,5,454,0,1,81,0,82,252,87,192,5,536,0,0,0,536
03/17/2008,AUS,TX,ASW,CE,Combined TRACON& Tower with Radar,295,81,77,3,456,0,3,25,0,28,295,84,102,3,484,0,0,0,484
03/18/2008,AUS,TX,ASW,CE,Combined TRACON& Tower with Radar,333,95,63,1,492,0,0,4,2,6,333,95,67,3,498,0,0,0,498
03/19/2008,AUS,TX,ASW,CE,Combined TRACON& Tower with Radar,326,90,119,19,554,0,11,119,4,134,326,101,238,23,688,0,0,0,688
03/20/2008,AUS,TX,ASW,CE,Combined TRACON& Tower with Radar,325,127,143,0,595,0,4,164,0,168,325,131,307,0,763,14,6,20,783
03/21/2008,AUS,TX,ASW,CE,Combined TRACON& Tower with Radar,306,101,108,17,532,0,2,169,5,176,306,103,277,22,708,40,4,44,752
03/22/2008,AUS,TX,ASW,CE,Combined TRACON& Tower with Radar,217,69,54,0,340,0,2,162,0,164,217,71,216,0,504,6,0,6,510
03/23/2008,AUS,TX,ASW,CE,Combined TRACON& Tower with Radar,260,83,82,1,426,0,0,44,0,44,260,83,126,1,470,0,0,0,470
03/24/2008,AUS,TX,ASW,CE,Combined TRACON& Tower with Radar,300,98,103,14,515,0,7,126,7,140,300,105,229,21,655,2,14,16,671
03/25/2008,AUS,TX,ASW,CE,Combined TRACON& Tower with Radar,286,95,101,12,494,0,6,107,8,121,286,101,208,20,615,12,6,18,633
03/26/2008,AUS,TX,ASW,CE,Combined TRACON& Tower with Radar,304,99,142,24,569,0,0,83,3,86,304,99,225,27,655,12,8,20,675
03/27/2008,AUS,TX,ASW,CE,Combined TRACON& Tower with Radar,311,118,151,11,591,0,4,128,3,135,311,122,279,14,726,24,2,26,752
03/28/2008,AUS,TX,ASW,CE,Combined TRACON& Tower with Radar,298,91,158,14,561,0,1,53,2,56,298,92,211,16,617,0,0,0,617
03/29/2008,AUS,TX,ASW,CE,Combined TRACON& Tower with Radar,211,65,127,10,413,0,0,25,0,25,211,65,152,10,438,0,0,0,438
03/30/2008,AUS,TX,ASW,CE,Combined TRACON& Tower with Radar,261,75,126,11,473,0,2,55,1,58,261,77,181,12,531,0,0,0,531
03/31/2008,AUS,TX,ASW,CE,Combined TRACON& Tower with Radar,305,63,106,7,481,0,0,9,1,10,305,63,115,8,491,28,0,28,519
04/01/2008,AUS,TX,ASW,CE,Combined TRACON& Tower with Radar,6,0,0,0,6,305,123,179,24,631,311,123,179,24,637,0,0,0,637
04/02/2008,AUS,TX,ASW,CE,Combined TRACON& Tower with Radar,300,92,126,31,549,0,0,41,2,43,300,92,167,33,592,12,8,20,612
04/03/2008,AUS,TX,ASW,CE,Combined TRACON& Tower with Radar,289,82,118,11,500,0,3,20,3,26,289,85,138,14,526,12,20,32,558
04/04/2008,AUS,TX,ASW,CE,Combined TRACON& Tower with Radar,330,125,122,20,597,0,3,61,1,65,330,128,183,21,662,18,8,26,688
04/05/2008,AUS,TX,ASW,CE,Combined TRACON& Tower with Radar,244,96,90,6,436,0,3,235,1,239,244,99,325,7,675,48,0,48,723
04/06/2008,AUS,TX,ASW,CE,Combined TRACON& Tower with Radar,283,64,92,18,457,0,2,201,2,205,283,66,293,20,662,61,0,61,723
04/07/2008,AUS,TX,ASW,CE,Combined TRACON& Tower with Radar,319,91,138,15,563,0,3,96,1,100,319,94,234,16,663,26,4,30,693
04/08/2008,AUS,TX,ASW,CE,Combined TRACON& Tower with Radar,291,99,152,15,557,0,9,98,7,114,291,108,250,22,671,14,9,23,694
04/09/2008,AUS,TX,ASW,CE,Combined TRACON& Tower with Radar,251,86,125,7,469,0,2,6,0,8,251,88,131,7,477,0,0,0,477
04/10/2008,AUS,TX,ASW,CE,Combined TRACON& Tower with Radar,295,101,154,8,558,0,2,111,9,122,295,103,265,17,680,14,4,18,698
04/11/2008,AUS,TX,ASW,CE,Combined TRACON& Tower with Radar,291,105,135,14,545,0,1,170,0,171,291,106,305,14,716,0,0,0,716
04/12/2008,AUS,TX,ASW,CE,Combined TRACON& Tower with Radar,208,68,79,7,362,0,2,168,0,170,208,70,247,7,532,8,0,8,540
04/13/2008,AUS,TX,ASW,CE,Combined TRACON& Tower with Radar,264,73,96,10,443,0,2,142,3,147,264,75,238,13,590,0,0,0,590
04/14/2008,AUS,TX,ASW,CE,Combined TRACON& Tower with Radar,314,73,110,13,510,0,17,144,3,164,314,90,254,16,674,15,9,24,698
04/15/2008,AUS,TX,ASW,CE,Combined TRACON& Tower with Radar,291,76,119,6,492,0,6,121,1,128,291,82,240,7,620,26,8,34,654
04/16/2008,AUS,TX,ASW,CE,Combined TRACON& Tower with Radar,285,88,149,25,547,0,2,101,1,104,285,90,250,26,651,10,4,14,665
04/17/2008,AUS,TX,ASW,CE,Combined TRACON& Tower with Radar,299,107,132,18,556,0,5,56,7,68,299,112,188,25,624,0,8,8,632
04/18/2008,AUS,TX,ASW,CE,Combined TRACON& Tower with Radar,311,85,142,5,543,0,0,166,0,166,311,85,308,5,709,78,8,86,795
04/19/2008,AUS,TX,ASW,CE,Combined TRACON& Tower with Radar,233,42,93,12,380,0,1,180,1,182,233,43,273,13,562,8,0,8,570
04/20/2008,AUS,TX,ASW,CE,Combined TRACON& Tower with Radar,263,80,135,9,487,0,1,74,0,75,263,81,209,9,562,10,0,10,572
04/21/2008,AUS,TX,ASW,CE,Combined TRACON& Tower with Radar,294,80,119,5,498,0,1,67,0,68,294,81,186,5,566,20,10,30,596
04/22/2008,AUS,TX,ASW,CE,Combined TRACON& Tower with Radar,292,88,147,14,541,0,2,64,0,66,292,90,211,14,607,0,0,0,607
04/23/2008,AUS,TX,ASW,CE,Combined TRACON& Tower with Radar,315,97,118,20,550,0,3,56,3,62,315,100,174,23,612,10,4,14,626
04/24/2008,AUS,TX,ASW,CE,Combined TRACON& Tower with Radar,312,111,132,1,556,0,4,117,3,124,312,115,249,4,680,16,0,16,696
04/25/2008,AUS,TX,ASW,CE,Combined TRACON& Tower with Radar,306,90,128,13,537,0,1,50,3,54,306,91,178,16,591,3,5,8,599
04/26/2008,AUS,TX,ASW,CE,Combined TRACON& Tower with Radar,244,58,87,4,393,0,0,114,0,114,244,58,201,4,507,2,0,2,509
04/27/2008,AUS,TX,ASW,CE,Combined TRACON& Tower with Radar,294,71,90,8,463,0,0,33,0,33,294,71,123,8,496,0,0,0,496
04/28/2008,AUS,TX,ASW,CE,Combined TRACON& Tower with Radar,264,58,66,14,402,0,2,103,3,108,264,60,169,17,510,14,0,14,524
04/29/2008,AUS,TX,ASW,CE,Combined TRACON& Tower with Radar,302,80,104,1,487,0,9,135,5,149,302,89,239,6,636,16,0,16,652
04/30/2008,AUS,TX,ASW,CE,Combined TRACON& Tower with Radar,317,114,151,13,595,0,2,109,4,115,317,116,260,17,710,24,6,30,740
05/01/2008,AUS,TX,ASW,CE,Combined TRACON& Tower with Radar,315,83,134,12,544,0,1,74,3,78,315,84,208,15,622,0,0,0,622
05/02/2008,AUS,TX,ASW,CE,Combined TRACON& Tower with Radar,307,97,142,31,577,0,1,128,2,131,307,98,270,33,708,28,0,28,736
05/03/2008,AUS,TX,ASW,CE,Combined TRACON& Tower with Radar,255,58,70,26,409,0,0,139,0,139,255,58,209,26,548,0,0,0,548
05/04/2008,AUS,TX,ASW,CE,Combined TRACON& Tower with Radar,302,107,111,5,525,0,1,125,1,127,302,108,236,6,652,26,0,26,678
05/05/2008,AUS,TX,ASW,CE,Combined TRACON& Tower with Radar,316,85,92,2,495,0,0,2,0,2,316,85,94,2,497,0,8,8,505
05/06/2008,AUS,TX,ASW,CE,Combined TRACON& Tower with Radar,303,87,107,18,515,0,1,52,0,53,303,88,159,18,568,6,4,10,578
05/07/2008,AUS,TX,ASW,CE,Combined TRACON& Tower with Radar,327,94,109,16,546,0,4,77,3,84,327,98,186,19,630,0,0,0,630
05/08/2008,AUS,TX,ASW,CE,Combined TRACON& Tower with Radar,351,66,114,9,540,0,4,156,5,165,351,70,270,14,705,18,0,18,723
05/09/2008,AUS,TX,ASW,CE,Combined TRACON& Tower with Radar,330,83,121,16,550,0,5,169,5,179,330,88,290,21,729,18,0,18,747
05/10/2008,AUS,TX,ASW,CE,Combined TRACON& Tower with Radar,250,42,65,1,358,0,0,39,0,39,250,42,104,1,397,4,0,4,401
05/11/2008,AUS,TX,ASW,CE,Combined TRACON& Tower with Radar,268,98,65,6,437,0,0,79,2,81,268,98,144,8,518,8,0,8,526
05/12/2008,AUS,TX,ASW,CE,Combined TRACON& Tower with Radar,311,71,117,4,503,0,0,96,1,97,311,71,213,5,600,4,1,5,605
05/13/2008,AUS,TX,ASW,CE,Combined TRACON& Tower with Radar,305,106,103,11,525,0,3,37,2,42,305,109,140,13,567,0,0,0,567
05/14/2008,AUS,TX,ASW,CE,Combined TRACON& Tower with Radar,337,89,123,3,552,0,0,47,2,49,337,89,170,5,601,4,0,4,605
05/15/2008,AUS,TX,ASW,CE,Combined TRACON& Tower with Radar,358,79,135,14,586,0,3,62,1,66,358,82,197,15,652,6,0,6,658
05/16/2008,AUS,TX,ASW,CE,Combined TRACON& Tower with Radar,303,104,108,10,525,0,2,121,4,127,303,106,229,14,652,10,20,30,682
05/17/2008,AUS,TX,ASW,CE,Combined TRACON& Tower with Radar,251,81,73,5,410,0,0,119,0,119,251,81,192,5,529,0,0,0,529
05/18/2008,AUS,TX,ASW,CE,Combined TRACON& Tower with Radar,258,99,89,8,454,0,2,153,0,155,258,101,242,8,609,48,0,48,657
05/19/2008,AUS,TX,ASW,CE,Combined TRACON& Tower with Radar,311,81,106,9,507,0,3,114,1,118,311,84,220,10,625,7,13,20,645
05/20/2008,AUS,TX,ASW,CE,Combined TRACON& Tower with Radar,362,86,8,0,456,0,195,0,0,195,362,281,8,0,651,14,0,14,665
05/21/2008,AUS,TX,ASW,CE,Combined TRACON& Tower with Radar,317,106,174,13,610,0,4,128,5,137,317,110,302,18,747,14,8,22,769
05/22/2008,AUS,TX,ASW,CE,Combined TRACON& Tower with Radar,327,98,135,22,582,0,2,86,2,90,327,100,221,24,672,24,26,50,722
05/23/2008,AUS,TX,ASW,CE,Combined TRACON& Tower with Radar,333,76,123,13,545,0,3,130,7,140,333,79,253,20,685,18,0,18,703
05/24/2008,AUS,TX,ASW,CE,Combined TRACON& Tower with Radar,242,86,91,0,419,0,0,131,0,131,242,86,222,0,550,1,0,1,551
05/25/2008,AUS,TX,ASW,CE,Combined TRACON& Tower with Radar,271,35,60,4,370,0,0,72,1,73,271,35,132,5,443,10,0,10,453
05/26/2008,AUS,TX,ASW,CE,Combined TRACON& Tower with Radar,253,68,62,1,384,0,0,72,0,72,253,68,134,1,456,34,0,34,490
05/27/2008,AUS,TX,ASW,CE,Combined TRACON& Tower with Radar,345,68,98,10,521,0,3,76,5,84,345,71,174,15,605,6,0,6,611
05/28/2008,AUS,TX,ASW,CE,Combined TRACON& Tower with Radar,328,94,117,14,553,0,7,141,3,151,328,101,258,17,704,12,6,18,722
05/29/2008,AUS,TX,ASW,CE,Combined TRACON& Tower with Radar,319,99,116,6,540,0,1,130,5,136,319,100,246,11,676,0,0,0,676
05/30/2008,AUS,TX,ASW,CE,Combined TRACON& Tower with Radar,293,130,124,16,563,0,5,150,2,157,293,135,274,18,720,12,2,14,734
05/31/2008,AUS,TX,ASW,CE,Combined TRACON& Tower with Radar,257,71,85,2,415,0,1,111,0,112,257,72,196,2,527,16,6,22,549
06/01/2008,AUS,TX,ASW,CE,Combined TRACON& Tower with Radar,283,73,78,1,435,0,4,111,2,117,283,77,189,3,552,12,0,12,564
06/02/2008,AUS,TX,ASW,CE,Combined TRACON& Tower with Radar,332,69,81,10,492,0,4,77,4,85,332,73,158,14,577,1,0,1,578
06/03/2008,AUS,TX,ASW,CE,Combined TRACON& Tower with Radar,320,92,92,3,507,0,9,89,2,100,320,101,181,5,607,1,1,2,609
06/04/2008,AUS,TX,ASW,CE,Combined TRACON& Tower with Radar,315,86,98,9,508,0,2,120,1,123,315,88,218,10,631,12,8,20,651
06/05/2008,AUS,TX,ASW,CE,Combined TRACON& Tower with Radar,345,76,107,22,550,0,2,63,1,66,345,78,170,23,616,8,10,18,634
06/06/2008,AUS,TX,ASW,CE,Combined TRACON& Tower with Radar,302,126,129,21,578,0,4,74,1,79,302,130,203,22,657,6,4,10,667
06/07/2008,AUS,TX,ASW,CE,Combined TRACON& Tower with Radar,290,59,57,2,408,0,0,103,6,109,290,59,160,8,517,0,0,0,517
06/08/2008,AUS,TX,ASW,CE,Combined TRACON& Tower with Radar,272,75,92,7,446,0,1,73,7,81,272,76,165,14,527,44,0,44,571
06/09/2008,AUS,TX,ASW,CE,Combined TRACON& Tower with Radar,299,100,74,7,480,0,0,87,0,87,299,100,161,7,567,0,0,0,567
06/10/2008,AUS,TX,ASW,CE,Combined TRACON& Tower with Radar,343,85,131,20,579,0,6,86,15,107,343,91,217,35,686,8,2,10,696
06/11/2008,AUS,TX,ASW,CE,Combined TRACON& Tower with Radar,351,89,134,10,584,0,3,88,7,98,351,92,222,17,682,8,0,8,690
06/12/2008,AUS,TX,ASW,CE,Combined TRACON& Tower with Radar,339,99,115,4,557,0,3,138,1,142,339,102,253,5,699,0,0,0,699
06/13/2008,AUS,TX,ASW,CE,Combined TRACON& Tower with Radar,346,98,88,22,554,0,0,110,1,111,346,98,198,23,665,0,0,0,665
06/14/2008,AUS,TX,ASW,CE,Combined TRACON& Tower with Radar,291,75,72,4,442,0,2,156,10,168,291,77,228,14,610,0,0,0,610
06/15/2008,AUS,TX,ASW,CE,Combined TRACON& Tower with Radar,270,95,70,6,441,0,0,130,0,130,270,95,200,6,571,12,0,12,583
06/16/2008,AUS,TX,ASW,CE,Combined TRACON& Tower with Radar,332,77,95,15,519,0,7,78,4,89,332,84,173,19,608,11,0,11,619
06/17/2008,AUS,TX,ASW,CE,Combined TRACON& Tower with Radar,346,70,93,8,517,0,3,105,11,119,346,73,198,19,636,16,0,16,652
06/18/2008,AUS,TX,ASW,CE,Combined TRACON& Tower with Radar,307,100,126,7,540,0,8,107,4,119,307,108,233,11,659,12,4,16,675
06/19/2008,AUS,TX,ASW,CE,Combined TRACON& Tower with Radar,355,78,137,4,574,0,4,153,5,162,355,82,290,9,736,10,0,10,746
06/20/2008,AUS,TX,ASW,CE,Combined TRACON& Tower with Radar,396,89,82,6,573,0,8,106,0,114,396,97,188,6,687,14,14,28,715
06/21/2008,AUS,TX,ASW,CE,Combined TRACON& Tower with Radar,275,75,68,4,422,0,2,79,1,82,275,77,147,5,504,0,0,0,504
06/22/2008,AUS,TX,ASW,CE,Combined TRACON& Tower with Radar,297,47,75,13,432,0,3,99,0,102,297,50,174,13,534,4,0,4,538
06/23/2008,AUS,TX,ASW,CE,Combined TRACON& Tower with Radar,306,89,82,6,483,0,7,147,8,162,306,96,229,14,645,34,12,46,691
06/24/2008,AUS,TX,ASW,CE,Combined TRACON& Tower with Radar,323,88,103,1,515,0,8,85,3,96,323,96,188,4,611,10,0,10,621
06/25/2008,AUS,TX,ASW,CE,Combined TRACON& Tower with Radar,352,79,140,20,591,0,2,95,2,99,352,81,235,22,690,18,20,38,728
06/26/2008,AUS,TX,ASW,CE,Combined TRACON& Tower with Radar,347,106,118,6,577,0,1,110,3,114,347,107,228,9,691,8,4,12,703
06/27/2008,AUS,TX,ASW,CE,Combined TRACON& Tower with Radar,329,56,112,18,515,0,2,111,14,127,329,58,223,32,642,10,8,18,660
06/28/2008,AUS,TX,ASW,CE,Combined TRACON& Tower with Radar,288,53,59,1,401,0,0,93,1,94,288,53,152,2,495,0,0,0,495
06/29/2008,AUS,TX,ASW,CE,Combined TRACON& Tower with Radar,305,82,51,11,449,0,2,49,1,52,305,84,100,12,501,0,0,0,501
06/30/2008,AUS,TX,ASW,CE,Combined TRACON& Tower with Radar,312,79,80,4,475,0,1,58,0,59,312,80,138,4,534,0,0,0,534
07/01/2008,AUS,TX,ASW,CE,Combined TRACON& Tower with Radar,321,99,62,1,483,0,4,108,0,112,321,103,170,1,595,0,0,0,595
07/02/2008,AUS,TX,ASW,CE,Combined TRACON& Tower with Radar,324,73,98,1,496,0,5,120,0,125,324,78,218,1,621,12,4,16,637
07/03/2008,AUS,TX,ASW,CE,Combined TRACON& Tower with Radar,337,49,74,0,460,1,2,72,0,75,338,51,146,0,535,0,0,0,535
07/04/2008,AUS,TX,ASW,CE,Combined TRACON& Tower with Radar,244,37,34,0,315,0,0,64,0,64,244,37,98,0,379,4,0,4,383
07/05/2008,AUS,TX,ASW,CE,Combined TRACON& Tower with Radar,265,39,38,0,342,0,1,71,0,72,265,40,109,0,414,0,0,0,414
07/06/2008,AUS,TX,ASW,CE,Combined TRACON& Tower with Radar,304,51,53,0,408,0,0,77,0,77,304,51,130,0,485,8,0,8,493
07/07/2008,AUS,TX,ASW,CE,Combined TRACON& Tower with Radar,330,65,79,0,474,0,0,67,0,67,330,65,146,0,541,4,0,4,545
07/08/2008,AUS,TX,ASW,CE,Combined TRACON& Tower with Radar,327,79,100,3,509,0,3,34,4,41,327,82,134,7,550,0,0,0,550
07/09/2008,AUS,TX,ASW,CE,Combined TRACON& Tower with Radar,329,73,98,3,503,0,3,98,1,102,329,76,196,4,605,0,0,0,605
07/10/2008,AUS,TX,ASW,CE,Combined TRACON& Tower with Radar,328,74,96,10,508,0,6,132,3,141,328,80,228,13,649,8,0,8,657
07/11/2008,AUS,TX,ASW,CE,Combined TRACON& Tower with Radar,318,71,84,6,479,0,2,95,5,102,318,73,179,11,581,6,6,12,593
07/12/2008,AUS,TX,ASW,CE,Combined TRACON& Tower with Radar,244,59,40,0,343,0,1,148,1,150,244,60,188,1,493,14,2,16,509
07/13/2008,AUS,TX,ASW,CE,Combined TRACON& Tower with Radar,258,64,59,18,399,0,1,148,1,150,258,65,207,19,549,2,0,2,551
07/14/2008,AUS,TX,ASW,CE,Combined TRACON& Tower with Radar,344,77,65,0,486,0,5,66,0,71,344,82,131,0,557,0,0,0,557
07/15/2008,AUS,TX,ASW,CE,Combined TRACON& Tower with Radar,321,79,85,6,491,0,4,106,1,111,321,83,191,7,602,5,2,7,609
07/16/2008,AUS,TX,ASW,CE,Combined TRACON& Tower with Radar,318,64,97,2,481,0,2,90,1,93,318,66,187,3,574,6,4,10,584
07/17/2008,AUS,TX,ASW,CE,Combined TRACON& Tower with Radar,314,86,96,2,498,0,0,126,2,128,314,86,222,4,626,16,0,16,642
07/18/2008,AUS,TX,ASW,CE,Combined TRACON& Tower with Radar,346,70,116,4,536,0,11,121,2,134,346,81,237,6,670,6,2,8,678
07/19/2008,AUS,TX,ASW,CE,Combined TRACON& Tower with Radar,276,39,53,3,371,0,0,85,3,88,276,39,138,6,459,14,0,14,473
07/20/2008,AUS,TX,ASW,CE,Combined TRACON& Tower with Radar,274,70,97,0,441,0,0,203,2,205,274,70,300,2,646,10,0,10,656
07/21/2008,AUS,TX,ASW,CE,Combined TRACON& Tower with Radar,316,40,78,9,443,0,2,90,1,93,316,42,168,10,536,7,0,7,543
07/22/2008,AUS,TX,ASW,CE,Combined TRACON& Tower with Radar,302,75,97,13,487,0,4,136,2,142,302,79,233,15,629,2,0,2,631
07/23/2008,AUS,TX,ASW,CE,Combined TRACON& Tower with Radar,311,73,65,2,451,0,5,58,0,63,311,78,123,2,514,0,0,0,514
07/24/2008,AUS,TX,ASW,CE,Combined TRACON& Tower with Radar,339,63,85,4,491,0,2,18,2,22,339,65,103,6,513,0,0,0,513
07/25/2008,AUS,TX,ASW,CE,Combined TRACON& Tower with Radar,336,86,120,1,543,0,6,110,2,118,336,92,230,3,661,3,0,3,664
07/26/2008,AUS,TX,ASW,CE,Combined TRACON& Tower with Radar,264,55,51,2,372,0,0,62,0,62,264,55,113,2,434,20,0,20,454
07/27/2008,AUS,TX,ASW,CE,Combined TRACON& Tower with Radar,296,82,80,1,459,0,1,120,0,121,296,83,200,1,580,18,0,18,598
07/28/2008,AUS,TX,ASW,CE,Combined TRACON& Tower with Radar,315,58,82,0,455,0,4,95,0,99,315,62,177,0,554,5,0,5,559
07/29/2008,AUS,TX,ASW,CE,Combined TRACON& Tower with Radar,314,82,85,6,487,0,5,93,7,105,314,87,178,13,592,5,0,5,597
07/30/2008,AUS,TX,ASW,CE,Combined TRACON& Tower with Radar,315,74,94,3,486,0,14,78,1,93,315,88,172,4,579,4,0,4,583
07/31/2008,AUS,TX,ASW,CE,Combined TRACON& Tower with Radar,389,73,97,6,565,0,5,84,2,91,389,78,181,8,656,0,0,0,656
08/01/2008,AUS,TX,ASW,CE,Combined TRACON& Tower with Radar,308,68,107,6,489,0,3,90,8,101,308,71,197,14,590,4,4,8,598
08/02/2008,AUS,TX,ASW,CE,Combined TRACON& Tower with Radar,259,56,60,5,380,0,2,121,5,128,259,58,181,10,508,2,0,2,510
08/03/2008,AUS,TX,ASW,CE,Combined TRACON& Tower with Radar,323,55,70,3,451,0,4,146,9,159,323,59,216,12,610,10,0,10,620
08/04/2008,AUS,TX,ASW,CE,Combined TRACON& Tower with Radar,279,79,70,11,439,0,4,106,1,111,279,83,176,12,550,8,0,8,558
08/05/2008,AUS,TX,ASW,CE,Combined TRACON& Tower with Radar,304,71,71,0,446,0,4,55,0,59,304,75,126,0,505,30,0,30,535
08/06/2008,AUS,TX,ASW,CE,Combined TRACON& Tower with Radar,318,85,110,6,519,0,3,65,3,71,318,88,175,9,590,10,6,16,606
08/07/2008,AUS,TX,ASW,CE,Combined TRACON& Tower with Radar,317,53,85,1,456,0,4,91,12,107,317,57,176,13,563,8,0,8,571
08/08/2008,AUS,TX,ASW,CE,Combined TRACON& Tower with Radar,334,66,102,6,508,0,1,137,5,143,334,67,239,11,651,0,0,0,651
08/09/2008,AUS,TX,ASW,CE,Combined TRACON& Tower with Radar,275,33,45,17,370,0,1,104,0,105,275,34,149,17,475,20,2,22,497
08/10/2008,AUS,TX,ASW,CE,Combined TRACON& Tower with Radar,298,58,59,11,426,0,3,103,1,107,298,61,162,12,533,16,0,16,549
08/11/2008,AUS,TX,ASW,CE,Combined TRACON& Tower with Radar,305,66,73,2,446,0,4,58,2,64,305,70,131,4,510,2,0,2,512
08/12/2008,AUS,TX,ASW,CE,Combined TRACON& Tower with Radar,334,64,123,6,527,0,3,50,0,53,334,67,173,6,580,10,0,10,590
08/13/2008,AUS,TX,ASW,CE,Combined TRACON& Tower with Radar,318,76,102,4,500,0,4,93,7,104,318,80,195,11,604,2,0,2,606
08/14/2008,AUS,TX,ASW,CE,Combined TRACON& Tower with Radar,325,62,106,6,499,0,1,118,3,122,325,63,224,9,621,2,4,6,627
08/15/2008,AUS,TX,ASW,CE,Combined TRACON& Tower with Radar,323,87,84,18,512,0,1,80,7,88,323,88,164,25,600,6,24,30,630
08/16/2008,AUS,TX,ASW,CE,Combined TRACON& Tower with Radar,269,76,47,6,398,0,1,62,0,63,269,77,109,6,461,20,0,20,481
08/17/2008,AUS,TX,ASW,CE,Combined TRACON& Tower with Radar,299,47,64,16,426,0,3,40,0,43,299,50,104,16,469,0,0,0,469
08/18/2008,AUS,TX,ASW,CE,Combined TRACON& Tower with Radar,307,58,52,10,427,0,2,7,2,11,307,60,59,12,438,0,0,0,438
08/19/2008,AUS,TX,ASW,CE,Combined TRACON& Tower with Radar,322,53,100,2,477,0,1,10,0,11,322,54,110,2,488,0,0,0,488
08/20/2008,AUS,TX,ASW,CE,Combined TRACON& Tower with Radar,319,59,113,8,499,0,2,91,2,95,319,61,204,10,594,2,0,2,596
08/21/2008,AUS,TX,ASW,CE,Combined TRACON& Tower with Radar,331,69,148,2,550,0,1,63,0,64,331,70,211,2,614,70,0,70,684
08/22/2008,AUS,TX,ASW,CE,Combined TRACON& Tower with Radar,320,55,81,10,466,0,0,0,0,0,320,55,81,10,466,2,0,2,468
08/23/2008,AUS,TX,ASW,CE,Combined TRACON& Tower with Radar,253,40,44,6,343,0,3,75,3,81,253,43,119,9,424,15,0,15,439
08/24/2008,AUS,TX,ASW,CE,Combined TRACON& Tower with Radar,306,43,59,6,414,0,0,93,9,102,306,43,152,15,516,6,0,6,522
08/25/2008,AUS,TX,ASW,CE,Combined TRACON& Tower with Radar,308,41,66,9,424,0,0,82,2,84,308,41,148,11,508,19,1,20,528
08/26/2008,AUS,TX,ASW,CE,Combined TRACON& Tower with Radar,306,73,126,11,516,0,5,84,7,96,306,78,210,18,612,2,0,2,614
08/27/2008,AUS,TX,ASW,CE,Combined TRACON& Tower with Radar,335,65,122,10,532,0,5,120,2,127,335,70,242,12,659,14,6,20,679
08/28/2008,AUS,TX,ASW,CE,Combined TRACON& Tower with Radar,327,50,114,7,498,0,2,82,5,89,327,52,196,12,587,0,6,6,593
08/29/2008,AUS,TX,ASW,CE,Combined TRACON& Tower with Radar,316,75,128,9,528,0,8,129,1,138,316,83,257,10,666,0,0,0,666
08/30/2008,AUS,TX,ASW,CE,Combined TRACON& Tower with Radar,233,57,96,4,390,0,0,103,1,104,233,57,199,5,494,0,0,0,494
08/31/2008,AUS,TX,ASW,CE,Combined TRACON& Tower with Radar,188,59,37,10,294,0,0,76,1,77,188,59,113,11,371,32,0,32,403
09/01/2008,AUS,TX,ASW,CE,Combined TRACON& Tower with Radar,255,65,46,7,373,0,1,124,1,126,255,66,170,8,499,0,6,6,505
09/02/2008,AUS,TX,ASW,CE,Combined TRACON& Tower with Radar,311,69,85,7,472,0,6,101,2,109,311,75,186,9,581,0,0,0,581
09/03/2008,AUS,TX,ASW,CE,Combined TRACON& Tower with Radar,298,57,92,9,456,0,4,94,0,98,298,61,186,9,554,0,0,0,554
09/04/2008,AUS,TX,ASW,CE,Combined TRACON& Tower with Radar,294,38,82,4,418,0,0,97,1,98,294,38,179,5,516,4,0,4,520
09/05/2008,AUS,TX,ASW,CE,Combined TRACON& Tower with Radar,298,57,106,16,477,0,3,129,8,140,298,60,235,24,617,6,0,6,623
09/06/2008,AUS,TX,ASW,CE,Combined TRACON& Tower with Radar,196,42,63,0,301,0,0,89,0,89,196,42,152,0,390,32,0,32,422
09/07/2008,AUS,TX,ASW,CE,Combined TRACON& Tower with Radar,271,46,62,9,388,0,8,123,2,133,271,54,185,11,521,12,0,12,533
09/08/2008,AUS,TX,ASW,CE,Combined TRACON& Tower with Radar,298,35,79,3,415,0,3,66,2,71,298,38,145,5,486,12,0,12,498
09/09/2008,AUS,TX,ASW,CE,Combined TRACON& Tower with Radar,291,55,128,9,483,0,3,57,2,62,291,58,185,11,545,0,0,0,545
09/10/2008,AUS,TX,ASW,CE,Combined TRACON& Tower with Radar,285,69,116,11,481,0,3,65,5,73,285,72,181,16,554,14,6,20,574
09/11/2008,AUS,TX,ASW,CE,Combined TRACON& Tower with Radar,314,119,170,3,606,0,0,168,0,168,314,119,338,3,774,0,0,0,774
09/12/2008,AUS,TX,ASW,CE,Combined TRACON& Tower with Radar,264,66,84,2,416,0,1,93,6,100,264,67,177,8,516,0,0,0,516
09/13/2008,AUS,TX,ASW,CE,Combined TRACON& Tower with Radar,161,20,20,1,202,0,0,15,8,23,161,20,35,9,225,0,0,0,225
09/14/2008,AUS,TX,ASW,CE,Combined TRACON& Tower with Radar,243,41,77,8,369,0,2,57,3,62,243,43,134,11,431,12,0,12,443
09/15/2008,AUS,TX,ASW,CE,Combined TRACON& Tower with Radar,277,47,101,14,439,0,1,77,4,82,277,48,178,18,521,6,0,6,527
09/16/2008,AUS,TX,ASW,CE,Combined TRACON& Tower with Radar,273,76,117,20,486,0,0,126,3,129,273,76,243,23,615,0,0,0,615
09/17/2008,AUS,TX,ASW,CE,Combined TRACON& Tower with Radar,280,87,137,6,510,0,6,125,5,136,280,93,262,11,646,10,4,14,660
09/18/2008,AUS,TX,ASW,CE,Combined TRACON& Tower with Radar,275,65,122,7,469,0,2,112,4,118,275,67,234,11,587,7,0,7,594
09/19/2008,AUS,TX,ASW,CE,Combined TRACON& Tower with Radar,286,70,110,9,475,0,1,141,2,144,286,71,251,11,619,0,0,0,619
09/20/2008,AUS,TX,ASW,CE,Combined TRACON& Tower with Radar,205,63,66,4,338,0,3,141,1,145,205,66,207,5,483,0,0,0,483
09/21/2008,AUS,TX,ASW,CE,Combined TRACON& Tower with Radar,259,43,85,6,393,0,0,108,1,109,259,43,193,7,502,12,0,12,514
09/22/2008,AUS,TX,ASW,CE,Combined TRACON& Tower with Radar,296,33,98,7,434,0,1,93,0,94,296,34,191,7,528,2,0,2,530
09/23/2008,AUS,TX,ASW,CE,Combined TRACON& Tower with Radar,301,37,133,2,473,0,6,125,3,134,301,43,258,5,607,4,0,4,611
09/24/2008,AUS,TX,ASW,CE,Combined TRACON& Tower with Radar,275,50,124,0,449,0,3,98,1,102,275,53,222,1,551,14,8,22,573
09/25/2008,AUS,TX,ASW,CE,Combined TRACON& Tower with Radar,264,50,126,6,446,0,5,121,5,131,264,55,247,11,577,0,0,0,577
09/26/2008,AUS,TX,ASW,CE,Combined TRACON& Tower with Radar,303,56,148,9,516,0,6,97,6,109,303,62,245,15,625,4,2,6,631
09/27/2008,AUS,TX,ASW,CE,Combined TRACON& Tower with Radar,232,51,127,2,412,0,1,131,0,132,232,52,258,2,544,0,0,0,544
09/28/2008,AUS,TX,ASW,CE,Combined TRACON& Tower with Radar,257,60,98,1,416,0,1,201,0,202,257,61,299,1,618,10,0,10,628
09/29/2008,AUS,TX,ASW,CE,Combined TRACON& Tower with Radar,297,48,84,4,433,0,3,97,1,101,297,51,181,5,534,0,0,0,534
09/30/2008,AUS,TX,ASW,CE,Combined TRACON& Tower with Radar,308,56,98,1,463,0,3,93,3,99,308,59,191,4,562,0,0,0,562
10/01/2008,AUS,TX,ASW,CE,Combined TRACON& Tower with Radar,271,53,106,4,434,0,4,131,4,139,271,57,237,8,573,0,0,0,573
10/02/2008,AUS,TX,ASW,CE,Combined TRACON& Tower with Radar,297,79,123,8,507,0,6,128,4,138,297,85,251,12,645,20,2,22,667
10/03/2008,AUS,TX,ASW,CE,Combined TRACON& Tower with Radar,287,65,131,9,492,0,3,132,14,149,287,68,263,23,641,0,0,0,641
10/04/2008,AUS,TX,ASW,CE,Combined TRACON& Tower with Radar,215,26,65,2,308,0,0,85,0,85,215,26,150,2,393,6,0,6,399
10/05/2008,AUS,TX,ASW,CE,Combined TRACON& Tower with Radar,265,53,86,4,408,0,0,105,2,107,265,53,191,6,515,10,0,10,525
10/06/2008,AUS,TX,ASW,CE,Combined TRACON& Tower with Radar,300,24,16,10,350,0,1,37,2,40,300,25,53,12,390,14,0,14,404
10/07/2008,AUS,TX,ASW,CE,Combined TRACON& Tower with Radar,287,75,108,15,485,0,3,84,2,89,287,78,192,17,574,12,0,12,586
10/08/2008,AUS,TX,ASW,CE,Combined TRACON& Tower with Radar,289,53,105,8,455,2,1,114,6,123,291,54,219,14,578,5,6,11,589
10/09/2008,AUS,TX,ASW,CE,Combined TRACON& Tower with Radar,310,38,129,11,488,0,3,110,10,123,310,41,239,21,611,7,0,7,618
10/10/2008,AUS,TX,ASW,CE,Combined TRACON& Tower with Radar,299,51,90,4,444,0,3,86,2,91,299,54,176,6,535,6,0,6,541
10/11/2008,AUS,TX,ASW,CE,Combined TRACON& Tower with Radar,215,46,71,12,344,0,3,132,2,137,215,49,203,14,481,14,0,14,495
10/12/2008,AUS,TX,ASW,CE,Combined TRACON& Tower with Radar,253,37,78,1,369,0,1,75,1,77,253,38,153,2,446,0,0,0,446
10/13/2008,AUS,TX,ASW,CE,Combined TRACON& Tower with Radar,300,38,90,1,429,0,3,45,0,48,300,41,135,1,477,14,0,14,491
10/14/2008,AUS,TX,ASW,CE,Combined TRACON& Tower with Radar,291,40,98,3,432,0,2,30,0,32,291,42,128,3,464,0,0,0,464
10/15/2008,AUS,TX,ASW,CE,Combined TRACON& Tower with Radar,293,57,87,11,448,0,0,1,0,1,293,57,88,11,449,0,0,0,449
10/16/2008,AUS,TX,ASW,CE,Combined TRACON& Tower with Radar,299,52,132,12,495,0,4,59,10,73,299,56,191,22,568,4,2,6,574
10/17/2008,AUS,TX,ASW,CE,Combined TRACON& Tower with Radar,289,59,130,3,481,0,0,0,0,0,289,59,130,3,481,0,0,0,481
10/18/2008,AUS,TX,ASW,CE,Combined TRACON& Tower with Radar,226,41,112,1,380,0,0,146,4,150,226,41,258,5,530,4,0,4,534
10/19/2008,AUS,TX,ASW,CE,Combined TRACON& Tower with Radar,286,51,110,1,448,0,0,103,0,103,286,51,213,1,551,4,18,22,573
10/20/2008,AUS,TX,ASW,CE,Combined TRACON& Tower with Radar,277,41,77,5,400,0,3,130,0,133,277,44,207,5,533,0,0,0,533
10/21/2008,AUS,TX,ASW,CE,Combined TRACON& Tower with Radar,276,40,105,0,421,0,9,109,4,122,276,49,214,4,543,6,0,6,549
10/22/2008,AUS,TX,ASW,CE,Combined TRACON& Tower with Radar,324,53,117,6,500,0,1,57,2,60,324,54,174,8,560,14,2,16,576
10/23/2008,AUS,TX,ASW,CE,Combined TRACON& Tower with Radar,307,51,113,2,473,0,5,120,2,127,307,56,233,4,600,4,0,4,604
10/24/2008,AUS,TX,ASW,CE,Combined TRACON& Tower with Radar,281,68,127,16,492,0,3,145,6,154,281,71,272,22,646,0,0,0,646
10/25/2008,AUS,TX,ASW,CE,Combined TRACON& Tower with Radar,213,47,124,0,384,0,2,130,3,135,213,49,254,3,519,0,0,0,519
10/26/2008,AUS,TX,ASW,CE,Combined TRACON& Tower with Radar,264,49,93,21,427,0,2,134,0,136,264,51,227,21,563,4,0,4,567
10/27/2008,AUS,TX,ASW,CE,Combined TRACON& Tower with Radar,285,41,107,2,435,0,0,93,1,94,285,41,200,3,529,12,0,12,541
10/28/2008,AUS,TX,ASW,CE,Combined TRACON& Tower with Radar,284,64,98,0,446,0,9,121,33,163,284,73,219,33,609,0,10,10,619
10/29/2008,AUS,TX,ASW,CE,Combined TRACON& Tower with Radar,277,77,97,8,459,0,0,119,5,124,277,77,216,13,583,0,0,0,583
10/30/2008,AUS,TX,ASW,CE,Combined TRACON& Tower with Radar,303,49,110,1,463,0,0,148,4,152,303,49,258,5,615,2,0,2,617
10/31/2008,AUS,TX,ASW,CE,Combined TRACON& Tower with Radar,295,41,104,8,448,0,5,142,5,152,295,46,246,13,600,0,0,0,600
11/01/2008,AUS,TX,ASW,CE,Combined TRACON& Tower with Radar,223,28,78,0,329,0,0,95,2,97,223,28,173,2,426,0,0,0,426
11/02/2008,AUS,TX,ASW,CE,Combined TRACON& Tower with Radar,257,37,102,0,396,0,1,131,2,134,257,38,233,2,530,2,0,2,532
11/03/2008,AUS,TX,ASW,CE,Combined TRACON& Tower with Radar,283,40,92,5,420,0,1,73,0,74,283,41,165,5,494,0,0,0,494
11/04/2008,AUS,TX,ASW,CE,Combined TRACON& Tower with Radar,284,44,85,2,415,0,1,67,0,68,284,45,152,2,483,0,0,0,483
11/05/2008,AUS,TX,ASW,CE,Combined TRACON& Tower with Radar,282,63,99,1,445,0,2,54,0,56,282,65,153,1,501,14,8,22,523
11/06/2008,AUS,TX,ASW,CE,Combined TRACON& Tower with Radar,297,46,118,8,469,0,0,120,7,127,297,46,238,15,596,0,0,0,596
11/07/2008,AUS,TX,ASW,CE,Combined TRACON& Tower with Radar,286,48,123,8,465,0,2,136,3,141,286,50,259,11,606,2,4,6,612
11/08/2008,AUS,TX,ASW,CE,Combined TRACON& Tower with Radar,205,42,93,5,345,0,0,149,0,149,205,42,242,5,494,0,0,0,494
11/09/2008,AUS,TX,ASW,CE,Combined TRACON& Tower with Radar,270,47,103,2,422,0,1,86,0,87,270,48,189,2,509,8,0,8,517
11/10/2008,AUS,TX,ASW,CE,Combined TRACON& Tower with Radar,301,55,97,2,455,3,0,9,1,13,304,55,106,3,468,0,0,0,468
11/11/2008,AUS,TX,ASW,CE,Combined TRACON& Tower with Radar,299,57,98,1,455,0,4,28,0,32,299,61,126,1,487,0,0,0,487
11/12/2008,AUS,TX,ASW,CE,Combined TRACON& Tower with Radar,286,73,105,7,471,0,1,74,3,78,286,74,179,10,549,0,0,0,549
11/13/2008,AUS,TX,ASW,CE,Combined TRACON& Tower with Radar,318,60,159,5,542,0,5,118,10,133,318,65,277,15,675,8,0,8,683
11/14/2008,AUS,TX,ASW,CE,Combined TRACON& Tower with Radar,310,48,129,13,500,0,1,57,1,59,310,49,186,14,559,0,10,10,569
11/15/2008,AUS,TX,ASW,CE,Combined TRACON& Tower with Radar,215,39,44,5,303,0,0,76,1,77,215,39,120,6,380,0,0,0,380
11/16/2008,AUS,TX,ASW,CE,Combined TRACON& Tower with Radar,248,49,74,6,377,0,0,119,2,121,248,49,193,8,498,3,0,3,501
11/17/2008,AUS,TX,ASW,CE,Combined TRACON& Tower with Radar,278,40,100,3,421,0,0,104,1,105,278,40,204,4,526,2,0,2,528
11/18/2008,AUS,TX,ASW,CE,Combined TRACON& Tower with Radar,290,51,97,3,441,0,1,95,0,96,290,52,192,3,537,0,0,0,537
11/19/2008,AUS,TX,ASW,CE,Combined TRACON& Tower with Radar,286,47,99,1,433,0,4,100,6,110,286,51,199,7,543,24,2,26,569
11/20/2008,AUS,TX,ASW,CE,Combined TRACON& Tower with Radar,291,36,95,3,425,0,3,76,0,79,291,39,171,3,504,0,0,0,504
11/21/2008,AUS,TX,ASW,CE,Combined TRACON& Tower with Radar,286,43,96,7,432,0,1,86,9,96,286,44,182,16,528,2,0,2,530
11/22/2008,AUS,TX,ASW,CE,Combined TRACON& Tower with Radar,213,36,63,6,318,0,3,44,0,47,213,39,107,6,365,6,0,6,371
11/23/2008,AUS,TX,ASW,CE,Combined TRACON& Tower with Radar,260,27,64,11,362,0,3,14,0,17,260,30,78,11,379,2,52,54,433
11/24/2008,AUS,TX,ASW,CE,Combined TRACON& Tower with Radar,285,33,60,9,387,0,0,0,0,0,285,33,60,9,387,13,0,13,400
11/25/2008,AUS,TX,ASW,CE,Combined TRACON& Tower with Radar,282,63,121,2,468,1,1,116,0,118,283,64,237,2,586,2,0,2,588
11/26/2008,AUS,TX,ASW,CE,Combined TRACON& Tower with Radar,277,44,122,2,445,0,0,63,0,63,277,44,185,2,508,0,0,0,508
11/27/2008,AUS,TX,ASW,CE,Combined TRACON& Tower with Radar,184,26,72,0,282,0,2,12,0,14,184,28,84,0,296,0,0,0,296
11/28/2008,AUS,TX,ASW,CE,Combined TRACON& Tower with Radar,217,55,61,2,335,0,4,14,0,18,217,59,75,2,353,6,0,6,359
11/29/2008,AUS,TX,ASW,CE,Combined TRACON& Tower with Radar,245,34,75,1,355,0,2,28,4,34,245,36,103,5,389,0,0,0,389
11/30/2008,AUS,TX,ASW,CE,Combined TRACON& Tower with Radar,272,47,108,2,429,0,6,88,0,94,272,53,196,2,523,4,0,4,527
12/01/2008,AUS,TX,ASW,CE,Combined TRACON& Tower with Radar,276,63,76,4,419,0,4,70,2,76,276,67,146,6,495,6,0,6,501
12/02/2008,AUS,TX,ASW,CE,Combined TRACON& Tower with Radar,291,41,87,3,422,0,6,85,4,95,291,47,172,7,517,0,0,0,517
12/03/2008,AUS,TX,ASW,CE,Combined TRACON& Tower with Radar,272,81,112,9,474,0,3,67,10,80,272,84,179,19,554,14,6,20,574
12/04/2008,AUS,TX,ASW,CE,Combined TRACON& Tower with Radar,280,59,99,9,447,0,1,111,4,116,280,60,210,13,563,20,16,36,599
12/05/2008,AUS,TX,ASW,CE,Combined TRACON& Tower with Radar,283,43,101,9,436,3,1,88,2,94,286,44,189,11,530,9,7,16,546
12/06/2008,AUS,TX,ASW,CE,Combined TRACON& Tower with Radar,204,50,46,0,300,0,0,114,3,117,204,50,160,3,417,0,0,0,417
12/07/2008,AUS,TX,ASW,CE,Combined TRACON& Tower with Radar,242,40,49,4,335,0,0,0,0,0,242,40,49,4,335,16,0,16,351
12/08/2008,AUS,TX,ASW,CE,Combined TRACON& Tower with Radar,283,49,95,21,448,0,0,18,1,19,283,49,113,22,467,0,0,0,467
12/09/2008,AUS,TX,ASW,CE,Combined TRACON& Tower with Radar,301,45,129,13,488,0,4,73,2,79,301,49,202,15,567,10,2,12,579
12/10/2008,AUS,TX,ASW,CE,Combined TRACON& Tower with Radar,276,37,107,16,436,0,2,63,3,68,276,39,170,19,504,10,4,14,518
12/11/2008,AUS,TX,ASW,CE,Combined TRACON& Tower with Radar,292,47,136,11,486,0,5,111,1,117,292,52,247,12,603,12,12,24,627
12/12/2008,AUS,TX,ASW,CE,Combined TRACON& Tower with Radar,283,53,94,14,444,0,0,113,5,118,283,53,207,19,562,10,0,10,572
12/13/2008,AUS,TX,ASW,CE,Combined TRACON& Tower with Radar,200,38,47,4,289,0,0,44,2,46,200,38,91,6,335,10,0,10,345
12/14/2008,AUS,TX,ASW,CE,Combined TRACON& Tower with Radar,249,25,53,7,334,0,6,30,0,36,249,31,83,7,370,2,0,2,372
12/15/2008,AUS,TX,ASW,CE,Combined TRACON& Tower with Radar,262,50,78,8,398,0,0,8,0,8,262,50,86,8,406,0,0,0,406
12/16/2008,AUS,TX,ASW,CE,Combined TRACON& Tower with Radar,276,51,96,10,433,0,2,0,0,2,276,53,96,10,435,0,0,0,435
12/17/2008,AUS,TX,ASW,CE,Combined TRACON& Tower with Radar,285,49,138,9,481,0,0,1,0,1,285,49,139,9,482,0,0,0,482
12/18/2008,AUS,TX,ASW,CE,Combined TRACON& Tower with Radar,287,38,64,3,392,0,0,0,0,0,287,38,64,3,392,0,0,0,392
12/19/2008,AUS,TX,ASW,CE,Combined TRACON& Tower with Radar,275,66,115,11,467,0,0,39,1,40,275,66,154,12,507,7,5,12,519
12/20/2008,AUS,TX,ASW,CE,Combined TRACON& Tower with Radar,210,36,79,0,325,0,0,36,1,37,210,36,115,1,362,0,0,0,362
12/21/2008,AUS,TX,ASW,CE,Combined TRACON& Tower with Radar,244,30,52,3,329,0,0,32,1,33,244,30,84,4,362,0,0,0,362
12/22/2008,AUS,TX,ASW,CE,Combined TRACON& Tower with Radar,272,58,48,0,378,0,1,58,1,60,272,59,106,1,438,8,2,10,448
12/23/2008,AUS,TX,ASW,CE,Combined TRACON& Tower with Radar,286,55,66,3,410,0,0,0,0,0,286,55,66,3,410,0,0,0,410
12/24/2008,AUS,TX,ASW,CE,Combined TRACON& Tower with Radar,241,35,36,6,318,0,5,49,2,56,241,40,85,8,374,12,2,14,388
12/25/2008,AUS,TX,ASW,CE,Combined TRACON& Tower with Radar,231,14,17,0,262,0,2,7,0,9,231,16,24,0,271,0,0,0,271
12/26/2008,AUS,TX,ASW,CE,Combined TRACON& Tower with Radar,271,45,55,6,377,0,0,14,0,14,271,45,69,6,391,8,0,8,399
12/27/2008,AUS,TX,ASW,CE,Combined TRACON& Tower with Radar,235,51,63,0,349,0,2,29,0,31,235,53,92,0,380,10,0,10,390
12/28/2008,AUS,TX,ASW,CE,Combined TRACON& Tower with Radar,240,33,52,0,325,0,4,72,0,76,240,37,124,0,401,2,0,2,403
12/29/2008,AUS,TX,ASW,CE,Combined TRACON& Tower with Radar,277,36,52,7,372,0,3,84,0,87,277,39,136,7,459,0,0,0,459
12/30/2008,AUS,TX,ASW,CE,Combined TRACON& Tower with Radar,264,46,49,6,365,0,4,117,3,124,264,50,166,9,489,4,2,6,495
12/31/2008,AUS,TX,ASW,CE,Combined TRACON& Tower with Radar,236,42,35,5,318,0,6,61,1,68,236,48,96,6,386,0,0,0,386
01/01/2009,AUS,TX,ASW,CE,Combined TRACON& Tower with Radar,230,19,29,0,278,0,2,39,2,43,230,21,68,2,321,0,0,0,321
01/02/2009,AUS,TX,ASW,CE,Combined TRACON& Tower with Radar,284,46,90,3,423,0,2,17,0,19,284,48,107,3,442,0,0,0,442
01/03/2009,AUS,TX,ASW,CE,Combined TRACON& Tower with Radar,225,40,47,0,312,0,1,77,0,78,225,41,124,0,390,0,0,0,390
01/04/2009,AUS,TX,ASW,CE,Combined TRACON& Tower with Radar,254,33,82,4,373,0,0,19,0,19,254,33,101,4,392,0,0,0,392
01/05/2009,AUS,TX,ASW,CE,Combined TRACON& Tower with Radar,271,39,72,8,390,0,0,10,2,12,271,39,82,10,402,0,0,0,402
01/06/2009,AUS,TX,ASW,CE,Combined TRACON& Tower with Radar,283,55,87,8,433,0,3,65,10,78,283,58,152,18,511,8,2,10,521
01/07/2009,AUS,TX,ASW,CE,Combined TRACON& Tower with Radar,275,39,98,8,420,0,5,105,21,131,275,44,203,29,551,0,0,0,551
01/08/2009,AUS,TX,ASW,CE,Combined TRACON& Tower with Radar,276,46,82,8,412,0,13,126,4,143,276,59,208,12,555,0,0,0,555
01/09/2009,AUS,TX,ASW,CE,Combined TRACON& Tower with Radar,275,41,106,18,440,0,2,48,10,60,275,43,154,28,500,0,0,0,500
01/10/2009,AUS,TX,ASW,CE,Combined TRACON& Tower with Radar,198,27,51,2,278,0,0,43,1,44,198,27,94,3,322,0,0,0,322
01/11/2009,AUS,TX,ASW,CE,Combined TRACON& Tower with Radar,241,20,54,15,330,0,4,111,3,118,241,24,165,18,448,0,0,0,448
01/12/2009,AUS,TX,ASW,CE,Combined TRACON& Tower with Radar,264,34,53,11,362,0,3,104,5,112,264,37,157,16,474,15,0,15,489
01/13/2009,AUS,TX,ASW,CE,Combined TRACON& Tower with Radar,250,45,73,6,374,0,8,98,2,108,250,53,171,8,482,0,0,0,482
01/14/2009,AUS,TX,ASW,CE,Combined TRACON& Tower with Radar,259,48,86,12,405,0,0,122,1,123,259,48,208,13,528,6,0,6,534
01/15/2009,AUS,TX,ASW,CE,Combined TRACON& Tower with Radar,292,45,96,7,440,0,7,87,0,94,292,52,183,7,534,12,0,12,546
01/16/2009,AUS,TX,ASW,CE,Combined TRACON& Tower with Radar,267,36,68,10,381,0,1,72,1,74,267,37,140,11,455,2,0,2,457
01/17/2009,AUS,TX,ASW,CE,Combined TRACON& Tower with Radar,199,22,44,4,269,0,1,36,0,37,199,23,80,4,306,4,0,4,310
01/18/2009,AUS,TX,ASW,CE,Combined TRACON& Tower with Radar,241,18,41,5,305,0,0,81,1,82,241,18,122,6,387,2,0,2,389
01/19/2009,AUS,TX,ASW,CE,Combined TRACON& Tower with Radar,267,35,71,2,375,0,0,85,0,85,267,35,156,2,460,8,0,8,468
01/20/2009,AUS,TX,ASW,CE,Combined TRACON& Tower with Radar,291,51,75,1,418,0,3,83,0,86,291,54,158,1,504,4,0,4,508
01/21/2009,AUS,TX,ASW,CE,Combined TRACON& Tower with Radar,266,45,105,3,419,0,3,119,3,125,266,48,224,6,544,14,0,14,558
01/22/2009,AUS,TX,ASW,CE,Combined TRACON& Tower with Radar,276,68,105,2,451,0,8,121,2,131,276,76,226,4,582,18,0,18,600
01/23/2009,AUS,TX,ASW,CE,Combined TRACON& Tower with Radar,274,42,64,11,391,0,2,104,0,106,274,44,168,11,497,2,4,6,503
01/24/2009,AUS,TX,ASW,CE,Combined TRACON& Tower with Radar,188,42,57,3,290,0,1,51,0,52,188,43,108,3,342,11,1,12,354
01/25/2009,AUS,TX,ASW,CE,Combined TRACON& Tower with Radar,235,37,76,10,358,0,1,63,5,69,235,38,139,15,427,0,0,0,427
01/26/2009,AUS,TX,ASW,CE,Combined TRACON& Tower with Radar,272,28,60,4,364,0,8,4,0,12,272,36,64,4,376,0,0,0,376
01/27/2009,AUS,TX,ASW,CE,Combined TRACON& Tower with Radar,249,39,71,2,361,0,0,3,0,3,249,39,74,2,364,0,0,0,364
01/28/2009,AUS,TX,ASW,CE,Combined TRACON& Tower with Radar,264,31,77,7,379,0,2,93,0,95,264,33,170,7,474,8,2,10,484
01/29/2009,AUS,TX,ASW,CE,Combined TRACON& Tower with Radar,294,45,100,4,443,0,1,106,1,108,294,46,206,5,551,8,0,8,559
01/30/2009,AUS,TX,ASW,CE,Combined TRACON& Tower with Radar,259,45,87,8,399,0,0,136,0,136,259,45,223,8,535,0,0,0,535
01/31/2009,AUS,TX,ASW,CE,Combined TRACON& Tower with Radar,193,31,39,3,266,0,6,130,1,137,193,37,169,4,403,12,0,12,415
02/01/2009,AUS,TX,ASW,CE,Combined TRACON& Tower with Radar,245,23,55,6,329,0,0,72,1,73,245,23,127,7,402,2,0,2,404
02/02/2009,AUS,TX,ASW,CE,Combined TRACON& Tower with Radar,259,40,65,17,381,0,2,74,4,80,259,42,139,21,461,0,0,0,461
02/03/2009,AUS,TX,ASW,CE,Combined TRACON& Tower with Radar,267,56,111,5,439,0,4,139,4,147,267,60,250,9,586,6,0,6,592
02/04/2009,AUS,TX,ASW,CE,Combined TRACON& Tower with Radar,267,61,89,6,423,0,2,106,3,111,267,63,195,9,534,0,0,0,534
02/05/2009,AUS,TX,ASW,CE,Combined TRACON& Tower with Radar,268,44,105,5,422,0,3,97,4,104,268,47,202,9,526,0,0,0,526
02/06/2009,AUS,TX,ASW,CE,Combined TRACON& Tower with Radar,271,34,116,10,431,0,4,63,10,77,271,38,179,20,508,0,0,0,508
02/07/2009,AUS,TX,ASW,CE,Combined TRACON& Tower with Radar,192,23,47,9,271,0,1,38,8,47,192,24,85,17,318,0,8,8,326
02/08/2009,AUS,TX,ASW,CE,Combined TRACON& Tower with Radar,244,28,60,13,345,0,2,35,5,42,244,30,95,18,387,6,16,22,409
02/09/2009,AUS,TX,ASW,CE,Combined TRACON& Tower with Radar,266,40,106,8,420,0,4,43,1,48,266,44,149,9,468,22,0,22,490
02/10/2009,AUS,TX,ASW,CE,Combined TRACON& Tower with Radar,258,58,108,6,430,0,2,15,11,28,258,60,123,17,458,0,16,16,474
02/11/2009,AUS,TX,ASW,CE,Combined TRACON& Tower with Radar,268,48,99,3,418,0,2,112,7,121,268,50,211,10,539,0,0,0,539
02/12/2009,AUS,TX,ASW,CE,Combined TRACON& Tower with Radar,266,49,100,16,431,0,3,118,3,124,266,52,218,19,555,0,2,2,557
02/13/2009,AUS,TX,ASW,CE,Combined TRACON& Tower with Radar,267,44,115,20,446,0,2,72,1,75,267,46,187,21,521,7,2,9,530
02/14/2009,AUS,TX,ASW,CE,Combined TRACON& Tower with Radar,209,22,38,11,280,0,1,49,2,52,209,23,87,13,332,0,0,0,332
02/15/2009,AUS,TX,ASW,CE,Combined TRACON& Tower with Radar,242,17,60,8,327,0,4,95,2,101,242,21,155,10,428,0,0,0,428
02/16/2009,AUS,TX,ASW,CE,Combined TRACON& Tower with Radar,261,33,98,8,400,0,1,40,1,42,261,34,138,9,442,0,0,0,442
02/17/2009,AUS,TX,ASW,CE,Combined TRACON& Tower with Radar,270,50,120,5,445,0,0,0,0,0,270,50,120,5,445,0,0,0,445
02/18/2009,AUS,TX,ASW,CE,Combined TRACON& Tower with Radar,259,51,130,4,444,0,2,95,11,108,259,53,225,15,552,0,0,0,552
02/19/2009,AUS,TX,ASW,CE,Combined TRACON& Tower with Radar,281,49,123,6,459,0,8,105,17,130,281,57,228,23,589,16,0,16,605
02/20/2009,AUS,TX,ASW,CE,Combined TRACON& Tower with Radar,273,42,94,8,417,0,3,123,4,130,273,45,217,12,547,0,0,0,547
02/21/2009,AUS,TX,ASW,CE,Combined TRACON& Tower with Radar,201,34,52,3,290,0,0,49,2,51,201,34,101,5,341,4,0,4,345
02/22/2009,AUS,TX,ASW,CE,Combined TRACON& Tower with Radar,242,30,79,8,359,0,0,155,4,159,242,30,234,12,518,20,0,20,538
02/23/2009,AUS,TX,ASW,CE,Combined TRACON& Tower with Radar,270,31,89,4,394,0,2,83,4,89,270,33,172,8,483,0,0,0,483
02/24/2009,AUS,TX,ASW,CE,Combined TRACON& Tower with Radar,268,46,108,9,431,0,4,74,4,82,268,50,182,13,513,0,0,0,513
02/25/2009,AUS,TX,ASW,CE,Combined TRACON& Tower with Radar,262,39,120,8,429,0,3,83,11,97,262,42,203,19,526,0,0,0,526
02/26/2009,AUS,TX,ASW,CE,Combined TRACON& Tower with Radar,275,52,105,10,442,0,2,62,10,74,275,54,167,20,516,0,0,0,516
02/27/2009,AUS,TX,ASW,CE,Combined TRACON& Tower with Radar,271,52,120,17,460,0,2,68,5,75,271,54,188,22,535,0,0,0,535
02/28/2009,AUS,TX,ASW,CE,Combined TRACON& Tower with Radar,200,33,31,3,267,0,0,45,8,53,200,33,76,11,320,0,0,0,320
03/01/2009,AUS,TX,ASW,CE,Combined TRACON& Tower with Radar,240,39,67,23,369,0,3,100,14,117,240,42,167,37,486,0,0,0,486
03/02/2009,AUS,TX,ASW,CE,Combined TRACON& Tower with Radar,241,40,71,0,352,0,4,110,6,120,241,44,181,6,472,0,0,0,472
03/03/2009,AUS,TX,ASW,CE,Combined TRACON& Tower with Radar,262,58,76,7,403,0,3,104,5,112,262,61,180,12,515,0,0,0,515
03/04/2009,AUS,TX,ASW,CE,Combined TRACON& Tower with Radar,264,56,111,12,443,0,2,76,1,79,264,58,187,13,522,0,0,0,522
03/05/2009,AUS,TX,ASW,CE,Combined TRACON& Tower with Radar,275,60,139,8,482,0,4,78,12,94,275,64,217,20,576,6,0,6,582
03/06/2009,AUS,TX,ASW,CE,Combined TRACON& Tower with Radar,269,53,87,11,420,0,2,65,8,75,269,55,152,19,495,4,0,4,499
03/07/2009,AUS,TX,ASW,CE,Combined TRACON& Tower with Radar,199,21,56,5,281,0,2,39,5,46,199,23,95,10,327,0,0,0,327
03/08/2009,AUS,TX,ASW,CE,Combined TRACON& Tower with Radar,250,36,59,6,351,0,1,66,6,73,250,37,125,12,424,0,0,0,424
03/09/2009,AUS,TX,ASW,CE,Combined TRACON& Tower with Radar,265,40,87,2,394,0,4,71,1,76,265,44,158,3,470,0,0,0,470
03/10/2009,AUS,TX,ASW,CE,Combined TRACON& Tower with Radar,265,49,99,4,417,0,2,62,4,68,265,51,161,8,485,44,12,56,541
03/11/2009,AUS,TX,ASW,CE,Combined TRACON& Tower with Radar,267,55,117,3,442,0,1,5,6,12,267,56,122,9,454,0,0,0,454
03/12/2009,AUS,TX,ASW,CE,Combined TRACON& Tower with Radar,273,58,85,5,421,0,1,5,2,8,273,59,90,7,429,8,0,8,437
03/13/2009,AUS,TX,ASW,CE,Combined TRACON& Tower with Radar,267,56,78,1,402,0,0,2,0,2,267,56,80,1,404,0,0,0,404
03/14/2009,AUS,TX,ASW,CE,Combined TRACON& Tower with Radar,209,37,101,3,350,0,0,15,2,17,209,37,116,5,367,2,0,2,369
03/15/2009,AUS,TX,ASW,CE,Combined TRACON& Tower with Radar,258,21,63,7,349,0,0,70,0,70,258,21,133,7,419,44,0,44,463
03/16/2009,AUS,TX,ASW,CE,Combined TRACON& Tower with Radar,268,36,62,2,368,0,4,107,4,115,268,40,169,6,483,34,0,34,517
03/17/2009,AUS,TX,ASW,CE,Combined TRACON& Tower with Radar,271,60,55,14,400,0,6,107,6,119,271,66,162,20,519,32,4,36,555
03/18/2009,AUS,TX,ASW,CE,Combined TRACON& Tower with Radar,284,65,62,10,421,0,4,82,10,96,284,69,144,20,517,6,0,6,523
03/19/2009,AUS,TX,ASW,CE,Combined TRACON& Tower with Radar,282,59,92,5,438,0,4,75,14,93,282,63,167,19,531,104,0,104,635
03/20/2009,AUS,TX,ASW,CE,Combined TRACON& Tower with Radar,272,46,72,7,397,0,4,117,5,126,272,50,189,12,523,36,0,36,559
03/21/2009,AUS,TX,ASW,CE,Combined TRACON& Tower with Radar,210,35,85,13,343,0,0,65,0,65,210,35,150,13,408,18,0,18,426
03/22/2009,AUS,TX,ASW,CE,Combined TRACON& Tower with Radar,255,44,100,4,403,0,0,83,4,87,255,44,183,8,490,2,0,2,492
03/23/2009,AUS,TX,ASW,CE,Combined TRACON& Tower with Radar,271,40,78,2,391,0,2,45,4,51,271,42,123,6,442,10,0,10,452
03/24/2009,AUS,TX,ASW,CE,Combined TRACON& Tower with Radar,266,60,109,9,444,0,3,33,5,41,266,63,142,14,485,26,0,26,511
03/25/2009,AUS,TX,ASW,CE,Combined TRACON& Tower with Radar,271,68,79,0,418,0,2,18,4,24,271,70,97,4,442,26,0,26,468
03/26/2009,AUS,TX,ASW,CE,Combined TRACON& Tower with Radar,269,55,89,0,413,0,4,27,0,31,269,59,116,0,444,0,0,0,444
03/27/2009,AUS,TX,ASW,CE,Combined TRACON& Tower with Radar,279,53,91,7,430,0,5,37,6,48,279,58,128,13,478,8,0,8,486
03/28/2009,AUS,TX,ASW,CE,Combined TRACON& Tower with Radar,196,26,48,4,274,0,1,79,2,82,196,27,127,6,356,0,0,0,356
03/29/2009,AUS,TX,ASW,CE,Combined TRACON& Tower with Radar,245,22,71,3,341,0,3,138,5,146,245,25,209,8,487,0,0,0,487
03/30/2009,AUS,TX,ASW,CE,Combined TRACON& Tower with Radar,262,49,105,5,421,0,4,65,6,75,262,53,170,11,496,2,0,2,498
03/31/2009,AUS,TX,ASW,CE,Combined TRACON& Tower with Radar,272,52,111,5,440,0,3,82,7,92,272,55,193,12,532,0,0,0,532
04/01/2009,AUS,TX,ASW,CE,Combined TRACON& Tower with Radar,270,42,93,6,411,0,4,82,17,103,270,46,175,23,514,12,0,12,526
04/02/2009,AUS,TX,ASW,CE,Combined TRACON& Tower with Radar,284,52,103,11,450,0,7,47,6,60,284,59,150,17,510,0,0,0,510
04/03/2009,AUS,TX,ASW,CE,Combined TRACON& Tower with Radar,267,41,110,2,420,0,6,131,6,143,267,47,241,8,563,18,0,18,581
04/04/2009,AUS,TX,ASW,CE,Combined TRACON& Tower with Radar,195,28,68,2,293,0,2,68,0,70,195,30,136,2,363,10,0,10,373
04/05/2009,AUS,TX,ASW,CE,Combined TRACON& Tower with Radar,251,30,65,4,350,0,2,77,1,80,251,32,142,5,430,0,0,0,430
04/06/2009,AUS,TX,ASW,CE,Combined TRACON& Tower with Radar,264,43,101,3,411,0,5,80,3,88,264,48,181,6,499,0,0,0,499
04/07/2009,AUS,TX,ASW,CE,Combined TRACON& Tower with Radar,257,64,110,4,435,0,3,103,14,120,257,67,213,18,555,0,0,0,555
04/08/2009,AUS,TX,ASW,CE,Combined TRACON& Tower with Radar,267,61,108,6,442,0,5,113,16,134,267,66,221,22,576,4,0,4,580
04/09/2009,AUS,TX,ASW,CE,Combined TRACON& Tower with Radar,274,56,121,8,459,0,2,60,12,74,274,58,181,20,533,2,0,2,535
04/10/2009,AUS,TX,ASW,CE,Combined TRACON& Tower with Radar,267,41,77,5,390,0,7,77,10,94,267,48,154,15,484,0,0,0,484
04/11/2009,AUS,TX,ASW,CE,Combined TRACON& Tower with Radar,197,19,51,3,270,0,0,41,0,41,197,19,92,3,311,0,0,0,311
04/12/2009,AUS,TX,ASW,CE,Combined TRACON& Tower with Radar,256,38,41,12,347,0,1,28,7,36,256,39,69,19,383,0,0,0,383
04/13/2009,AUS,TX,ASW,CE,Combined TRACON& Tower with Radar,264,65,86,8,423,0,4,84,4,92,264,69,170,12,515,2,0,2,517
04/14/2009,AUS,TX,ASW,CE,Combined TRACON& Tower with Radar,267,54,113,6,440,0,5,118,11,134,267,59,231,17,574,0,0,0,574
04/15/2009,AUS,TX,ASW,CE,Combined TRACON& Tower with Radar,266,60,107,6,439,0,6,113,16,135,266,66,220,22,574,0,0,0,574
04/16/2009,AUS,TX,ASW,CE,Combined TRACON& Tower with Radar,273,61,138,12,484,0,0,23,12,35,273,61,161,24,519,2,6,8,527
04/17/2009,AUS,TX,ASW,CE,Combined TRACON& Tower with Radar,275,58,64,4,401,0,0,1,2,3,275,58,65,6,404,0,0,0,404
04/18/2009,AUS,TX,ASW,CE,Combined TRACON& Tower with Radar,226,37,57,4,324,0,0,15,7,22,226,37,72,11,346,0,0,0,346
04/19/2009,AUS,TX,ASW,CE,Combined TRACON& Tower with Radar,247,23,57,9,336,0,2,104,6,112,247,25,161,15,448,8,0,8,456
04/20/2009,AUS,TX,ASW,CE,Combined TRACON& Tower with Radar,257,40,79,4,380,0,6,109,3,118,257,46,188,7,498,0,0,0,498
04/21/2009,AUS,TX,ASW,CE,Combined TRACON& Tower with Radar,262,55,119,13,449,0,7,92,6,105,262,62,211,19,554,0,0,0,554
04/22/2009,AUS,TX,ASW,CE,Combined TRACON& Tower with Radar,267,58,106,8,439,0,5,81,6,92,267,63,187,14,531,0,0,0,531
04/23/2009,AUS,TX,ASW,CE,Combined TRACON& Tower with Radar,271,58,110,7,446,0,3,90,12,105,271,61,200,19,551,10,28,38,589
04/24/2009,AUS,TX,ASW,CE,Combined TRACON& Tower with Radar,279,45,104,9,437,0,4,46,2,52,279,49,150,11,489,10,0,10,499
04/25/2009,AUS,TX,ASW,CE,Combined TRACON& Tower with Radar,197,21,69,0,287,0,0,37,1,38,197,21,106,1,325,0,0,0,325
04/26/2009,AUS,TX,ASW,CE,Combined TRACON& Tower with Radar,255,36,65,7,363,0,0,14,1,15,255,36,79,8,378,0,0,0,378
04/27/2009,AUS,TX,ASW,CE,Combined TRACON& Tower with Radar,254,44,62,1,361,0,3,6,0,9,254,47,68,1,370,0,0,0,370
04/28/2009,AUS,TX,ASW,CE,Combined TRACON& Tower with Radar,270,58,108,9,445,0,2,16,3,21,270,60,124,12,466,2,24,26,492
04/29/2009,AUS,TX,ASW,CE,Combined TRACON& Tower with Radar,272,61,111,16,460,0,0,20,13,33,272,61,131,29,493,2,0,2,495
04/30/2009,AUS,TX,ASW,CE,Combined TRACON& Tower with Radar,271,74,124,15,484,0,3,54,12,69,271,77,178,27,553,10,22,32,585
05/01/2009,AUS,TX,ASW,CE,Combined TRACON& Tower with Radar,265,52,119,7,443,0,3,81,6,90,265,55,200,13,533,4,0,4,537
05/02/2009,AUS,TX,ASW,CE,Combined TRACON& Tower with Radar,221,26,66,2,315,0,3,43,8,54,221,29,109,10,369,8,38,46,415
05/03/2009,AUS,TX,ASW,CE,Combined TRACON& Tower with Radar,251,37,80,4,372,0,0,55,10,65,251,37,135,14,437,8,62,70,507
05/04/2009,AUS,TX,ASW,CE,Combined TRACON& Tower with Radar,261,39,73,5,378,0,2,79,0,81,261,41,152,5,459,2,0,2,461
05/05/2009,AUS,TX,ASW,CE,Combined TRACON& Tower with Radar,265,44,101,10,420,0,2,51,6,59,265,46,152,16,479,0,46,46,525
05/06/2009,AUS,TX,ASW,CE,Combined TRACON& Tower with Radar,263,59,108,8,438,0,4,89,13,106,263,63,197,21,544,0,12,12,556
05/07/2009,AUS,TX,ASW,CE,Combined TRACON& Tower with Radar,272,53,121,6,452,0,2,42,7,51,272,55,163,13,503,0,42,42,545
05/08/2009,AUS,TX,ASW,CE,Combined TRACON& Tower with Radar,266,60,134,21,481,0,2,68,10,80,266,62,202,31,561,18,44,62,623
05/09/2009,AUS,TX,ASW,CE,Combined TRACON& Tower with Radar,207,26,96,5,334,0,0,79,0,79,207,26,175,5,413,0,0,0,413
05/10/2009,AUS,TX,ASW,CE,Combined TRACON& Tower with Radar,241,28,66,28,363,0,3,66,1,70,241,31,132,29,433,0,4,4,437
05/11/2009,AUS,TX,ASW,CE,Combined TRACON& Tower with Radar,269,42,106,10,427,0,5,65,1,71,269,47,171,11,498,0,0,0,498
05/12/2009,AUS,TX,ASW,CE,Combined TRACON& Tower with Radar,257,46,102,13,418,0,6,64,12,82,257,52,166,25,500,0,24,24,524
05/13/2009,AUS,TX,ASW,CE,Combined TRACON& Tower with Radar,259,54,111,10,434,0,5,61,8,74,259,59,172,18,508,10,0,10,518
05/14/2009,AUS,TX,ASW,CE,Combined TRACON& Tower with Radar,272,57,129,5,463,0,5,66,8,79,272,62,195,13,542,0,22,22,564
05/15/2009,AUS,TX,ASW,CE,Combined TRACON& Tower with Radar,268,42,111,5,426,0,3,62,6,71,268,45,173,11,497,0,0,0,497
05/16/2009,AUS,TX,ASW,CE,Combined TRACON& Tower with Radar,208,29,63,3,303,0,0,21,1,22,208,29,84,4,325,0,0,0,325
05/17/2009,AUS,TX,ASW,CE,Combined TRACON& Tower with Radar,234,32,89,5,360,0,1,74,9,84,234,33,163,14,444,0,0,0,444
05/18/2009,AUS,TX,ASW,CE,Combined TRACON& Tower with Radar,259,36,72,5,372,0,3,105,4,112,259,39,177,9,484,0,0,0,484
05/19/2009,AUS,TX,ASW,CE,Combined TRACON& Tower with Radar,265,50,93,4,412,0,5,133,5,143,265,55,226,9,555,0,0,0,555
05/20/2009,AUS,TX,ASW,CE,Combined TRACON& Tower with Radar,262,52,102,14,430,0,3,133,10,146,262,55,235,24,576,2,26,28,604
05/21/2009,AUS,TX,ASW,CE,Combined TRACON& Tower with Radar,271,49,109,4,433,0,5,110,11,126,271,54,219,15,559,12,26,38,597
05/22/2009,AUS,TX,ASW,CE,Combined TRACON& Tower with Radar,260,59,139,11,469,0,4,89,4,97,260,63,228,15,566,12,26,38,604
05/23/2009,AUS,TX,ASW,CE,Combined TRACON& Tower with Radar,203,21,41,10,275,0,1,46,2,49,203,22,87,12,324,0,0,0,324
05/24/2009,AUS,TX,ASW,CE,Combined TRACON& Tower with Radar,199,21,13,1,234,0,0,33,0,33,199,21,46,1,267,34,0,34,301
05/25/2009,AUS,TX,ASW,CE,Combined TRACON& Tower with Radar,235,24,47,16,322,0,0,123,7,130,235,24,170,23,452,0,0,0,452
05/26/2009,AUS,TX,ASW,CE,Combined TRACON& Tower with Radar,257,37,65,7,366,0,4,81,8,93,257,41,146,15,459,2,2,4,463
05/27/2009,AUS,TX,ASW,CE,Combined TRACON& Tower with Radar,266,45,104,1,416,0,7,90,14,111,266,52,194,15,527,0,10,10,537
05/28/2009,AUS,TX,ASW,CE,Combined TRACON& Tower with Radar,264,48,91,4,407,0,7,103,20,130,264,55,194,24,537,0,0,0,537
05/29/2009,AUS,TX,ASW,CE,Combined TRACON& Tower with Radar,265,45,86,1,397,0,6,103,14,123,265,51,189,15,520,12,2,14,534
05/30/2009,AUS,TX,ASW,CE,Combined TRACON& Tower with Radar,206,20,40,12,278,0,2,117,4,123,206,22,157,16,401,6,2,8,409
05/31/2009,AUS,TX,ASW,CE,Combined TRACON& Tower with Radar,236,32,64,5,337,0,0,91,5,96,236,32,155,10,433,4,0,4,437
06/01/2009,AUS,TX,ASW,CE,Combined TRACON& Tower with Radar,262,38,53,2,355,0,4,77,2,83,262,42,130,4,438,0,2,2,440
06/02/2009,AUS,TX,ASW,CE,Combined TRACON& Tower with Radar,279,62,84,4,429,0,4,105,10,119,279,66,189,14,548,34,0,34,582
06/03/2009,AUS,TX,ASW,CE,Combined TRACON& Tower with Radar,265,51,90,8,414,0,3,92,8,103,265,54,182,16,517,38,10,48,565
06/04/2009,AUS,TX,ASW,CE,Combined TRACON& Tower with Radar,266,46,92,6,410,0,10,114,15,139,266,56,206,21,549,88,0,88,637
06/05/2009,AUS,TX,ASW,CE,Combined TRACON& Tower with Radar,274,47,94,3,418,0,9,115,15,139,274,56,209,18,557,18,26,44,601
06/06/2009,AUS,TX,ASW,CE,Combined TRACON& Tower with Radar,219,25,46,2,292,0,3,119,4,126,219,28,165,6,418,2,48,50,468
06/07/2009,AUS,TX,ASW,CE,Combined TRACON& Tower with Radar,244,34,62,4,344,0,3,102,8,113,244,37,164,12,457,4,8,12,469
06/08/2009,AUS,TX,ASW,CE,Combined TRACON& Tower with Radar,262,46,67,1,376,0,5,70,2,77,262,51,137,3,453,0,0,0,453
06/09/2009,AUS,TX,ASW,CE,Combined TRACON& Tower with Radar,258,53,104,9,424,0,7,65,8,80,258,60,169,17,504,2,4,6,510
06/10/2009,AUS,TX,ASW,CE,Combined TRACON& Tower with Radar,290,54,116,4,464,0,4,73,12,89,290,58,189,16,553,0,0,0,553
06/11/2009,AUS,TX,ASW,CE,Combined TRACON& Tower with Radar,261,55,103,11,430,0,5,49,10,64,261,60,152,21,494,8,0,8,502
06/12/2009,AUS,TX,ASW,CE,Combined TRACON& Tower with Radar,269,42,82,10,403,0,7,84,2,93,269,49,166,12,496,0,0,0,496
06/13/2009,AUS,TX,ASW,CE,Combined TRACON& Tower with Radar,223,24,72,1,320,0,4,76,2,82,223,28,148,3,402,0,0,0,402
06/14/2009,AUS,TX,ASW,CE,Combined TRACON& Tower with Radar,248,20,90,0,358,0,1,102,2,105,248,21,192,2,463,8,8,16,479
06/15/2009,AUS,TX,ASW,CE,Combined TRACON& Tower with Radar,259,41,73,6,379,0,6,72,4,82,259,47,145,10,461,0,0,0,461
06/16/2009,AUS,TX,ASW,CE,Combined TRACON& Tower with Radar,266,43,86,10,405,0,5,76,13,94,266,48,162,23,499,0,0,0,499
06/17/2009,AUS,TX,ASW,CE,Combined TRACON& Tower with Radar,267,59,82,10,418,0,9,84,17,110,267,68,166,27,528,0,4,4,532
06/18/2009,AUS,TX,ASW,CE,Combined TRACON& Tower with Radar,267,57,102,8,434,0,8,67,15,90,267,65,169,23,524,4,0,4,528
06/19/2009,AUS,TX,ASW,CE,Combined TRACON& Tower with Radar,258,46,96,14,414,0,7,78,20,105,258,53,174,34,519,2,0,2,521
06/20/2009,AUS,TX,ASW,CE,Combined TRACON& Tower with Radar,221,30,46,9,306,0,1,66,6,73,221,31,112,15,379,0,0,0,379
06/21/2009,AUS,TX,ASW,CE,Combined TRACON& Tower with Radar,248,30,41,8,327,0,0,104,6,110,248,30,145,14,437,0,0,0,437
06/22/2009,AUS,TX,ASW,CE,Combined TRACON& Tower with Radar,264,42,61,4,371,0,5,65,1,71,264,47,126,5,442,0,0,0,442
06/23/2009,AUS,TX,ASW,CE,Combined TRACON& Tower with Radar,266,51,66,2,385,0,10,105,9,124,266,61,171,11,509,0,0,0,509
06/24/2009,AUS,TX,ASW,CE,Combined TRACON& Tower with Radar,279,48,73,20,420,0,7,107,9,123,279,55,180,29,543,0,0,0,543
06/25/2009,AUS,TX,ASW,CE,Combined TRACON& Tower with Radar,266,44,97,5,412,1,6,122,5,134,267,50,219,10,546,12,0,12,558
06/26/2009,AUS,TX,ASW,CE,Combined TRACON& Tower with Radar,270,40,80,24,414,0,7,76,9,92,270,47,156,33,506,4,4,8,514
06/27/2009,AUS,TX,ASW,CE,Combined TRACON& Tower with Radar,218,18,42,3,281,0,2,94,1,97,218,20,136,4,378,4,0,4,382
06/28/2009,AUS,TX,ASW,CE,Combined TRACON& Tower with Radar,248,17,35,4,304,0,0,97,13,110,248,17,132,17,414,14,0,14,428
06/29/2009,AUS,TX,ASW,CE,Combined TRACON& Tower with Radar,260,48,74,8,390,0,4,82,2,88,260,52,156,10,478,0,0,0,478
06/30/2009,AUS,TX,ASW,CE,Combined TRACON& Tower with Radar,260,51,78,8,397,0,6,59,13,78,260,57,137,21,475,0,12,12,487
07/01/2009,AUS,TX,ASW,CE,Combined TRACON& Tower with Radar,273,48,90,7,418,0,7,87,13,107,273,55,177,20,525,20,0,20,545
07/02/2009,AUS,TX,ASW,CE,Combined TRACON& Tower with Radar,267,52,68,11,398,0,7,110,15,132,267,59,178,26,530,8,0,8,538
07/03/2009,AUS,TX,ASW,CE,Combined TRACON& Tower with Radar,241,43,54,0,338,0,6,98,1,105,241,49,152,1,443,0,0,0,443
07/04/2009,AUS,TX,ASW,CE,Combined TRACON& Tower with Radar,179,19,16,2,216,0,0,43,3,46,179,19,59,5,262,0,0,0,262
07/05/2009,AUS,TX,ASW,CE,Combined TRACON& Tower with Radar,241,27,39,6,313,0,1,81,6,88,241,28,120,12,401,0,0,0,401
07/06/2009,AUS,TX,ASW,CE,Combined TRACON& Tower with Radar,264,44,54,6,368,0,3,41,1,45,264,47,95,7,413,0,0,0,413
07/07/2009,AUS,TX,ASW,CE,Combined TRACON& Tower with Radar,265,65,60,15,405,0,5,82,10,97,265,70,142,25,502,0,6,6,508
07/08/2009,AUS,TX,ASW,CE,Combined TRACON& Tower with Radar,270,49,75,7,401,0,8,99,4,111,270,57,174,11,512,2,0,2,514
07/09/2009,AUS,TX,ASW,CE,Combined TRACON& Tower with Radar,263,54,73,5,395,0,8,113,9,130,263,62,186,14,525,0,0,0,525
07/10/2009,AUS,TX,ASW,CE,Combined TRACON& Tower with Radar,271,40,84,12,407,0,6,90,11,107,271,46,174,23,514,20,0,20,534
07/11/2009,AUS,TX,ASW,CE,Combined TRACON& Tower with Radar,221,30,48,3,302,0,4,102,10,116,221,34,150,13,418,20,0,20,438
07/12/2009,AUS,TX,ASW,CE,Combined TRACON& Tower with Radar,243,37,54,16,350,0,1,78,14,93,243,38,132,30,443,10,14,24,467
07/13/2009,AUS,TX,ASW,CE,Combined TRACON& Tower with Radar,265,43,43,13,364,0,5,57,5,67,265,48,100,18,431,4,0,4,435
07/14/2009,AUS,TX,ASW,CE,Combined TRACON& Tower with Radar,269,48,74,0,391,0,5,109,5,119,269,53,183,5,510,0,0,0,510
07/15/2009,AUS,TX,ASW,CE,Combined TRACON& Tower with Radar,263,52,61,14,390,0,6,121,7,134,263,58,182,21,524,0,0,0,524
07/16/2009,AUS,TX,ASW,CE,Combined TRACON& Tower with Radar,271,55,81,7,414,0,7,104,12,123,271,62,185,19,537,14,0,14,551
07/17/2009,AUS,TX,ASW,CE,Combined TRACON& Tower with Radar,269,47,75,15,406,0,6,102,6,114,269,53,177,21,520,6,4,10,530
07/18/2009,AUS,TX,ASW,CE,Combined TRACON& Tower with Radar,241,33,30,0,304,0,1,77,0,78,241,34,107,0,382,32,0,32,414
07/19/2009,AUS,TX,ASW,CE,Combined TRACON& Tower with Radar,254,28,65,8,355,0,2,55,0,57,254,30,120,8,412,4,0,4,416
07/20/2009,AUS,TX,ASW,CE,Combined TRACON& Tower with Radar,263,47,67,17,394,0,2,53,5,60,263,49,120,22,454,0,0,0,454
07/21/2009,AUS,TX,ASW,CE,Combined TRACON& Tower with Radar,262,50,81,1,394,0,5,50,5,60,262,55,131,6,454,18,0,18,472
07/22/2009,AUS,TX,ASW,CE,Combined TRACON& Tower with Radar,271,44,70,5,390,0,5,49,4,58,271,49,119,9,448,2,0,2,450
07/23/2009,AUS,TX,ASW,CE,Combined TRACON& Tower with Radar,281,51,87,7,426,0,6,83,21,110,281,57,170,28,536,0,0,0,536
07/24/2009,AUS,TX,ASW,CE,Combined TRACON& Tower with Radar,272,40,86,4,402,0,6,86,18,110,272,46,172,22,512,0,0,0,512
07/25/2009,AUS,TX,ASW,CE,Combined TRACON& Tower with Radar,217,26,35,8,286,0,1,96,5,102,217,27,131,13,388,14,2,16,404
07/26/2009,AUS,TX,ASW,CE,Combined TRACON& Tower with Radar,259,31,44,13,347,0,0,72,9,81,259,31,116,22,428,0,0,0,428
07/27/2009,AUS,TX,ASW,CE,Combined TRACON& Tower with Radar,275,44,57,5,381,0,2,52,2,56,275,46,109,7,437,14,0,14,451
07/28/2009,AUS,TX,ASW,CE,Combined TRACON& Tower with Radar,270,61,72,8,411,0,5,79,5,89,270,66,151,13,500,0,0,0,500
07/29/2009,AUS,TX,ASW,CE,Combined TRACON& Tower with Radar,266,51,70,11,398,0,8,60,5,73,266,59,130,16,471,4,0,4,475
07/30/2009,AUS,TX,ASW,CE,Combined TRACON& Tower with Radar,267,60,85,19,431,0,4,56,7,67,267,64,141,26,498,0,0,0,498
07/31/2009,AUS,TX,ASW,CE,Combined TRACON& Tower with Radar,267,49,92,17,425,0,3,57,13,73,267,52,149,30,498,0,0,0,498
08/01/2009,AUS,TX,ASW,CE,Combined TRACON& Tower with Radar,240,34,41,4,319,0,2,79,5,86,240,36,120,9,405,22,10,32,437
08/02/2009,AUS,TX,ASW,CE,Combined TRACON& Tower with Radar,241,28,72,18,359,0,1,74,17,92,241,29,146,35,451,6,40,46,497
08/03/2009,AUS,TX,ASW,CE,Combined TRACON& Tower with Radar,267,46,48,12,373,0,3,60,4,67,267,49,108,16,440,4,0,4,444
08/04/2009,AUS,TX,ASW,CE,Combined TRACON& Tower with Radar,265,53,78,6,402,0,4,92,5,101,265,57,170,11,503,6,0,6,509
08/05/2009,AUS,TX,ASW,CE,Combined TRACON& Tower with Radar,281,55,91,2,429,0,6,87,5,98,281,61,178,7,527,10,0,10,537
08/06/2009,AUS,TX,ASW,CE,Combined TRACON& Tower with Radar,272,56,85,7,420,0,9,101,19,129,272,65,186,26,549,0,0,0,549
08/07/2009,AUS,TX,ASW,CE,Combined TRACON& Tower with Radar,273,53,84,21,431,0,7,102,5,114,273,60,186,26,545,4,0,4,549
08/08/2009,AUS,TX,ASW,CE,Combined TRACON& Tower with Radar,221,27,51,2,301,0,2,95,0,97,221,29,146,2,398,0,0,0,398
08/09/2009,AUS,TX,ASW,CE,Combined TRACON& Tower with Radar,248,35,63,14,360,0,1,66,3,70,248,36,129,17,430,0,0,0,430
08/10/2009,AUS,TX,ASW,CE,Combined TRACON& Tower with Radar,263,42,76,5,386,0,3,55,2,60,263,45,131,7,446,30,0,30,476
08/11/2009,AUS,TX,ASW,CE,Combined TRACON& Tower with Radar,270,56,64,5,395,0,9,81,8,98,270,65,145,13,493,18,0,18,511
08/12/2009,AUS,TX,ASW,CE,Combined TRACON& Tower with Radar,263,65,67,6,401,0,6,65,10,81,263,71,132,16,482,0,0,0,482
08/13/2009,AUS,TX,ASW,CE,Combined TRACON& Tower with Radar,274,51,84,13,422,0,9,87,10,106,274,60,171,23,528,0,0,0,528
08/14/2009,AUS,TX,ASW,CE,Combined TRACON& Tower with Radar,272,52,66,11,401,0,3,66,19,88,272,55,132,30,489,6,8,14,503
08/15/2009,AUS,TX,ASW,CE,Combined TRACON& Tower with Radar,222,31,57,1,311,1,2,65,4,72,223,33,122,5,383,4,0,4,387
08/16/2009,AUS,TX,ASW,CE,Combined TRACON& Tower with Radar,236,31,64,11,342,0,0,71,6,77,236,31,135,17,419,8,0,8,427
08/17/2009,AUS,TX,ASW,CE,Combined TRACON& Tower with Radar,269,48,64,19,400,0,2,64,5,71,269,50,128,24,471,2,0,2,473
08/18/2009,AUS,TX,ASW,CE,Combined TRACON& Tower with Radar,271,53,82,36,442,0,4,65,13,82,271,57,147,49,524,0,8,8,532
08/19/2009,AUS,TX,ASW,CE,Combined TRACON& Tower with Radar,272,57,92,14,435,0,3,86,14,103,272,60,178,28,538,4,0,4,542
08/20/2009,AUS,TX,ASW,CE,Combined TRACON& Tower with Radar,268,55,92,17,432,0,3,89,13,105,268,58,181,30,537,12,2,14,551
08/21/2009,AUS,TX,ASW,CE,Combined TRACON& Tower with Radar,290,57,62,17,426,0,7,67,15,89,290,64,129,32,515,30,0,30,545
08/22/2009,AUS,TX,ASW,CE,Combined TRACON& Tower with Radar,205,19,35,1,260,0,0,77,4,81,205,19,112,5,341,4,0,4,345
08/23/2009,AUS,TX,ASW,CE,Combined TRACON& Tower with Radar,234,27,48,4,313,0,5,92,2,99,234,32,140,6,412,12,0,12,424
08/24/2009,AUS,TX,ASW,CE,Combined TRACON& Tower with Radar,260,40,46,1,347,0,4,69,25,98,260,44,115,26,445,32,0,32,477
08/25/2009,AUS,TX,ASW,CE,Combined TRACON& Tower with Radar,258,56,43,2,359,0,4,65,9,78,258,60,108,11,437,2,4,6,443
08/26/2009,AUS,TX,ASW,CE,Combined TRACON& Tower with Radar,264,52,96,14,426,0,6,84,8,98,264,58,180,22,524,0,0,0,524
08/27/2009,AUS,TX,ASW,CE,Combined TRACON& Tower with Radar,262,57,71,9,399,0,3,66,9,78,262,60,137,18,477,0,0,0,477
08/28/2009,AUS,TX,ASW,CE,Combined TRACON& Tower with Radar,269,45,77,17,408,0,4,108,8,120,269,49,185,25,528,22,0,22,550
08/29/2009,AUS,TX,ASW,CE,Combined TRACON& Tower with Radar,196,20,38,3,257,0,0,86,0,86,196,20,124,3,343,12,0,12,355
08/30/2009,AUS,TX,ASW,CE,Combined TRACON& Tower with Radar,227,26,61,45,359,0,0,107,6,113,227,26,168,51,472,2,6,8,480
08/31/2009,AUS,TX,ASW,CE,Combined TRACON& Tower with Radar,256,47,66,4,373,0,4,93,1,98,256,51,159,5,471,2,4,6,477
09/01/2009,AUS,TX,ASW,CE,Combined TRACON& Tower with Radar,257,47,76,8,388,0,5,79,6,90,257,52,155,14,478,24,6,30,508
09/02/2009,AUS,TX,ASW,CE,Combined TRACON& Tower with Radar,266,50,94,18,428,0,5,99,15,119,266,55,193,33,547,6,4,10,557
09/03/2009,AUS,TX,ASW,CE,Combined TRACON& Tower with Radar,269,55,69,7,400,0,4,114,19,137,269,59,183,26,537,4,8,12,549
09/04/2009,AUS,TX,ASW,CE,Combined TRACON& Tower with Radar,273,51,93,33,450,0,3,69,7,79,273,54,162,40,529,8,28,36,565
09/05/2009,AUS,TX,ASW,CE,Combined TRACON& Tower with Radar,192,25,61,2,280,0,2,52,1,55,192,27,113,3,335,46,0,46,381
09/06/2009,AUS,TX,ASW,CE,Combined TRACON& Tower with Radar,189,21,51,3,264,0,0,67,0,67,189,21,118,3,331,10,0,10,341
09/07/2009,AUS,TX,ASW,CE,Combined TRACON& Tower with Radar,235,29,66,0,330,0,2,95,1,98,235,31,161,1,428,0,0,0,428
09/08/2009,AUS,TX,ASW,CE,Combined TRACON& Tower with Radar,260,40,76,13,389,0,2,80,12,94,260,42,156,25,483,0,0,0,483
09/09/2009,AUS,TX,ASW,CE,Combined TRACON& Tower with Radar,268,53,96,4,421,0,2,33,6,41,268,55,129,10,462,6,40,46,508
09/10/2009,AUS,TX,ASW,CE,Combined TRACON& Tower with Radar,283,63,98,11,455,0,1,38,4,43,283,64,136,15,498,6,22,28,526
09/11/2009,AUS,TX,ASW,CE,Combined TRACON& Tower with Radar,277,47,87,7,418,0,0,7,1,8,277,47,94,8,426,0,24,24,450
09/12/2009,AUS,TX,ASW,CE,Combined TRACON& Tower with Radar,209,16,53,2,280,0,0,3,0,3,209,16,56,2,283,0,0,0,283
09/13/2009,AUS,TX,ASW,CE,Combined TRACON& Tower with Radar,234,18,63,0,315,0,0,11,2,13,234,18,74,2,328,0,70,70,398
09/14/2009,AUS,TX,ASW,CE,Combined TRACON& Tower with Radar,263,36,82,4,385,0,4,45,24,73,263,40,127,28,458,32,0,32,490
09/15/2009,AUS,TX,ASW,CE,Combined TRACON& Tower with Radar,262,54,79,15,410,0,1,61,22,84,262,55,140,37,494,2,36,38,532
09/16/2009,AUS,TX,ASW,CE,Combined TRACON& Tower with Radar,264,59,139,14,476,0,7,93,17,117,264,66,232,31,593,6,0,6,599
09/17/2009,AUS,TX,ASW,CE,Combined TRACON& Tower with Radar,268,60,125,6,459,0,2,64,16,82,268,62,189,22,541,0,34,34,575
09/18/2009,AUS,TX,ASW,CE,Combined TRACON& Tower with Radar,272,67,110,11,460,0,1,78,18,97,272,68,188,29,557,0,0,0,557
09/19/2009,AUS,TX,ASW,CE,Combined TRACON& Tower with Radar,206,22,123,0,351,0,0,73,0,73,206,22,196,0,424,2,0,2,426
09/20/2009,AUS,TX,ASW,CE,Combined TRACON& Tower with Radar,232,37,103,6,378,0,1,99,0,100,232,38,202,6,478,4,0,4,482
09/21/2009,AUS,TX,ASW,CE,Combined TRACON& Tower with Radar,268,36,72,10,386,0,7,82,20,109,268,43,154,30,495,74,0,74,569
09/22/2009,AUS,TX,ASW,CE,Combined TRACON& Tower with Radar,263,61,71,1,396,0,0,6,0,6,263,61,77,1,402,0,0,0,402
09/23/2009,AUS,TX,ASW,CE,Combined TRACON& Tower with Radar,263,59,97,0,419,0,0,25,4,29,263,59,122,4,448,0,0,0,448
09/24/2009,AUS,TX,ASW,CE,Combined TRACON& Tower with Radar,269,50,106,8,433,0,3,36,5,44,269,53,142,13,477,6,8,14,491
09/25/2009,AUS,TX,ASW,CE,Combined TRACON& Tower with Radar,270,47,110,4,431,0,2,98,14,114,270,49,208,18,545,12,24,36,581
09/26/2009,AUS,TX,ASW,CE,Combined TRACON& Tower with Radar,205,25,100,4,334,0,5,112,3,120,205,30,212,7,454,10,0,10,464
09/27/2009,AUS,TX,ASW,CE,Combined TRACON& Tower with Radar,227,27,61,9,324,0,0,114,5,119,227,27,175,14,443,12,0,12,455
09/28/2009,AUS,TX,ASW,CE,Combined TRACON& Tower with Radar,277,52,82,6,417,0,1,64,2,67,277,53,146,8,484,14,0,14,498
09/29/2009,AUS,TX,ASW,CE,Combined TRACON& Tower with Radar,265,45,84,12,406,0,3,61,9,73,265,48,145,21,479,10,14,24,503
09/30/2009,AUS,TX,ASW,CE,Combined TRACON& Tower with Radar,269,50,114,14,447,0,3,74,7,84,269,53,188,21,531,32,10,42,573
10/01/2009,AUS,TX,ASW,CE,Combined TRACON& Tower with Radar,283,54,127,6,470,0,2,68,8,78,283,56,195,14,548,8,0,8,556
10/02/2009,AUS,TX,ASW,CE,Combined TRACON& Tower with Radar,272,54,99,8,433,0,5,92,16,113,272,59,191,24,546,22,10,32,578
10/03/2009,AUS,TX,ASW,CE,Combined TRACON& Tower with Radar,200,29,36,7,272,0,0,9,7,16,200,29,45,14,288,0,22,22,310
10/04/2009,AUS,TX,ASW,CE,Combined TRACON& Tower with Radar,235,37,83,7,362,0,1,16,6,23,235,38,99,13,385,10,12,22,407
10/05/2009,AUS,TX,ASW,CE,Combined TRACON& Tower with Radar,267,43,100,5,415,0,0,15,0,15,267,43,115,5,430,0,0,0,430
10/06/2009,AUS,TX,ASW,CE,Combined TRACON& Tower with Radar,261,46,80,1,388,0,0,38,9,47,261,46,118,10,435,0,0,0,435
10/07/2009,AUS,TX,ASW,CE,Combined TRACON& Tower with Radar,270,54,96,4,424,0,0,40,15,55,270,54,136,19,479,0,0,0,479
10/08/2009,AUS,TX,ASW,CE,Combined TRACON& Tower with Radar,269,51,97,6,423,0,3,34,18,55,269,54,131,24,478,0,0,0,478
10/09/2009,AUS,TX,ASW,CE,Combined TRACON& Tower with Radar,278,56,125,9,468,0,0,34,0,34,278,56,159,9,502,10,2,12,514
10/10/2009,AUS,TX,ASW,CE,Combined TRACON& Tower with Radar,208,31,125,6,370,0,0,14,4,18,208,31,139,10,388,6,0,6,394
10/11/2009,AUS,TX,ASW,CE,Combined TRACON& Tower with Radar,230,44,122,2,398,0,0,0,0,0,230,44,122,2,398,0,0,0,398
10/12/2009,AUS,TX,ASW,CE,Combined TRACON& Tower with Radar,260,39,63,1,363,0,0,1,1,2,260,39,64,2,365,0,0,0,365
10/13/2009,AUS,TX,ASW,CE,Combined TRACON& Tower with Radar,259,51,63,13,386,0,0,14,4,18,259,51,77,17,404,10,0,10,414
10/14/2009,AUS,TX,ASW,CE,Combined TRACON& Tower with Radar,266,56,116,5,443,0,0,76,14,90,266,56,192,19,533,0,0,0,533
10/15/2009,AUS,TX,ASW,CE,Combined TRACON& Tower with Radar,263,59,110,14,446,0,2,79,7,88,263,61,189,21,534,8,0,8,542
10/16/2009,AUS,TX,ASW,CE,Combined TRACON& Tower with Radar,280,57,112,16,465,0,3,109,10,122,280,60,221,26,587,12,0,12,599
10/17/2009,AUS,TX,ASW,CE,Combined TRACON& Tower with Radar,204,21,53,0,278,0,0,119,10,129,204,21,172,10,407,18,0,18,425
10/18/2009,AUS,TX,ASW,CE,Combined TRACON& Tower with Radar,236,37,107,1,381,0,1,119,4,124,236,38,226,5,505,0,0,0,505
10/19/2009,AUS,TX,ASW,CE,Combined TRACON& Tower with Radar,258,59,79,5,401,0,6,73,2,81,258,65,152,7,482,0,0,0,482
10/20/2009,AUS,TX,ASW,CE,Combined TRACON& Tower with Radar,260,50,100,4,414,0,3,79,12,94,260,53,179,16,508,0,0,0,508
10/21/2009,AUS,TX,ASW,CE,Combined TRACON& Tower with Radar,267,45,107,4,423,0,0,15,2,17,267,45,122,6,440,0,0,0,440
10/22/2009,AUS,TX,ASW,CE,Combined TRACON& Tower with Radar,266,54,113,15,448,0,2,69,12,83,266,56,182,27,531,0,0,0,531
10/23/2009,AUS,TX,ASW,CE,Combined TRACON& Tower with Radar,273,56,89,12,430,0,6,130,11,147,273,62,219,23,577,10,6,16,593
10/24/2009,AUS,TX,ASW,CE,Combined TRACON& Tower with Radar,209,14,62,2,287,0,0,91,5,96,209,14,153,7,383,20,0,20,403
10/25/2009,AUS,TX,ASW,CE,Combined TRACON& Tower with Radar,236,27,89,12,364,0,2,65,3,70,236,29,154,15,434,0,0,0,434
10/26/2009,AUS,TX,ASW,CE,Combined TRACON& Tower with Radar,269,47,62,0,378,0,0,3,0,3,269,47,65,0,381,0,0,0,381
10/27/2009,AUS,TX,ASW,CE,Combined TRACON& Tower with Radar,255,55,101,18,429,0,7,106,15,128,255,62,207,33,557,14,0,14,571
10/28/2009,AUS,TX,ASW,CE,Combined TRACON& Tower with Radar,265,53,114,11,443,0,1,27,17,45,265,54,141,28,488,0,0,0,488
10/29/2009,AUS,TX,ASW,CE,Combined TRACON& Tower with Radar,293,52,80,16,441,0,1,6,9,16,293,53,86,25,457,0,8,8,465
10/30/2009,AUS,TX,ASW,CE,Combined TRACON& Tower with Radar,281,45,79,15,420,0,3,111,6,120,281,48,190,21,540,36,2,38,578
10/31/2009,AUS,TX,ASW,CE,Combined TRACON& Tower with Radar,206,18,39,4,267,0,3,107,0,110,206,21,146,4,377,10,0,10,387
11/01/2009,AUS,TX,ASW,CE,Combined TRACON& Tower with Radar,235,31,91,8,365,0,1,104,0,105,235,32,195,8,470,0,0,0,470
11/02/2009,AUS,TX,ASW,CE,Combined TRACON& Tower with Radar,258,43,54,5,360,0,9,70,3,82,258,52,124,8,442,0,0,0,442
11/03/2009,AUS,TX,ASW,CE,Combined TRACON& Tower with Radar,251,57,83,11,402,0,3,110,11,124,251,60,193,22,526,16,18,34,560
11/04/2009,AUS,TX,ASW,CE,Combined TRACON& Tower with Radar,261,54,98,12,425,0,4,140,9,153,261,58,238,21,578,0,0,0,578
11/05/2009,AUS,TX,ASW,CE,Combined TRACON& Tower with Radar,263,80,127,13,483,0,4,136,13,153,263,84,263,26,636,2,6,8,644
11/06/2009,AUS,TX,ASW,CE,Combined TRACON& Tower with Radar,268,57,131,3,459,0,3,144,16,163,268,60,275,19,622,6,0,6,628
11/07/2009,AUS,TX,ASW,CE,Combined TRACON& Tower with Radar,207,27,102,5,341,0,6,94,11,111,207,33,196,16,452,12,0,12,464
11/08/2009,AUS,TX,ASW,CE,Combined TRACON& Tower with Radar,240,25,99,5,369,0,0,2,1,3,240,25,101,6,372,0,0,0,372
11/09/2009,AUS,TX,ASW,CE,Combined TRACON& Tower with Radar,259,49,77,5,390,0,1,43,9,53,259,50,120,14,443,28,0,28,471
11/10/2009,AUS,TX,ASW,CE,Combined TRACON& Tower with Radar,248,52,111,6,417,0,5,123,13,141,248,57,234,19,558,20,0,20,578
11/11/2009,AUS,TX,ASW,CE,Combined TRACON& Tower with Radar,263,50,68,1,382,0,2,128,4,134,263,52,196,5,516,16,0,16,532
11/12/2009,AUS,TX,ASW,CE,Combined TRACON& Tower with Radar,265,58,79,11,413,0,2,125,13,140,265,60,204,24,553,0,0,0,553
11/13/2009,AUS,TX,ASW,CE,Combined TRACON& Tower with Radar,265,51,108,7,431,0,4,113,7,124,265,55,221,14,555,12,0,12,567
11/14/2009,AUS,TX,ASW,CE,Combined TRACON& Tower with Radar,206,16,64,6,292,0,0,69,4,73,206,16,133,10,365,0,6,6,371
11/15/2009,AUS,TX,ASW,CE,Combined TRACON& Tower with Radar,251,30,68,5,354,0,0,37,0,37,251,30,105,5,391,10,0,10,401
11/16/2009,AUS,TX,ASW,CE,Combined TRACON& Tower with Radar,253,48,82,4,387,0,3,76,5,84,253,51,158,9,471,16,0,16,487
11/17/2009,AUS,TX,ASW,CE,Combined TRACON& Tower with Radar,253,63,101,9,426,0,7,160,23,190,253,70,261,32,616,6,6,12,628
11/18/2009,AUS,TX,ASW,CE,Combined TRACON& Tower with Radar,260,55,128,27,470,0,6,112,15,133,260,61,240,42,603,36,2,38,641
11/19/2009,AUS,TX,ASW,CE,Combined TRACON& Tower with Radar,260,68,125,9,462,0,0,80,19,99,260,68,205,28,561,4,2,6,567
11/20/2009,AUS,TX,ASW,CE,Combined TRACON& Tower with Radar,274,72,116,6,468,0,0,7,3,10,274,72,123,9,478,0,0,0,478
11/21/2009,AUS,TX,ASW,CE,Combined TRACON& Tower with Radar,202,28,148,1,379,0,1,10,0,11,202,29,158,1,390,0,0,0,390
11/22/2009,AUS,TX,ASW,CE,Combined TRACON& Tower with Radar,242,44,92,17,395,0,0,105,2,107,242,44,197,19,502,6,6,12,514
11/23/2009,AUS,TX,ASW,CE,Combined TRACON& Tower with Radar,249,44,77,1,371,0,3,102,2,107,249,47,179,3,478,0,0,0,478
11/24/2009,AUS,TX,ASW,CE,Combined TRACON& Tower with Radar,263,61,88,12,424,0,1,127,10,138,263,62,215,22,562,16,0,16,578
11/25/2009,AUS,TX,ASW,CE,Combined TRACON& Tower with Radar,271,63,99,4,437,0,2,131,14,147,271,65,230,18,584,20,4,24,608
11/26/2009,AUS,TX,ASW,CE,Combined TRACON& Tower with Radar,159,19,23,0,201,0,1,45,0,46,159,20,68,0,247,0,0,0,247
11/27/2009,AUS,TX,ASW,CE,Combined TRACON& Tower with Radar,208,35,54,0,297,0,1,78,0,79,208,36,132,0,376,10,0,10,386
11/28/2009,AUS,TX,ASW,CE,Combined TRACON& Tower with Radar,231,23,76,0,330,0,2,64,0,66,231,25,140,0,396,0,0,0,396
11/29/2009,AUS,TX,ASW,CE,Combined TRACON& Tower with Radar,262,35,120,1,418,0,0,20,0,20,262,35,140,1,438,38,0,38,476
11/30/2009,AUS,TX,ASW,CE,Combined TRACON& Tower with Radar,262,47,68,19,396,0,2,24,9,35,262,49,92,28,431,0,14,14,445
12/01/2009,AUS,TX,ASW,CE,Combined TRACON& Tower with Radar,255,45,68,0,368,0,0,1,0,1,255,45,69,0,369,0,0,0,369
12/02/2009,AUS,TX,ASW,CE,Combined TRACON& Tower with Radar,256,57,85,11,409,0,0,44,11,55,256,57,129,22,464,0,0,0,464
12/03/2009,AUS,TX,ASW,CE,Combined TRACON& Tower with Radar,263,62,115,15,455,0,0,96,17,113,263,62,211,32,568,14,0,14,582
12/04/2009,AUS,TX,ASW,CE,Combined TRACON& Tower with Radar,266,45,60,0,371,0,2,22,11,35,266,47,82,11,406,0,0,0,406
12/05/2009,AUS,TX,ASW,CE,Combined TRACON& Tower with Radar,206,23,71,5,305,0,1,78,11,90,206,24,149,16,395,6,0,6,401
12/06/2009,AUS,TX,ASW,CE,Combined TRACON& Tower with Radar,235,23,73,10,341,0,0,5,0,5,235,23,78,10,346,0,0,0,346
12/07/2009,AUS,TX,ASW,CE,Combined TRACON& Tower with Radar,260,55,75,1,391,0,0,0,0,0,260,55,75,1,391,0,0,0,391
12/08/2009,AUS,TX,ASW,CE,Combined TRACON& Tower with Radar,255,60,104,7,426,0,0,5,5,10,255,60,109,12,436,0,0,0,436
12/09/2009,AUS,TX,ASW,CE,Combined TRACON& Tower with Radar,259,50,141,10,460,0,7,103,14,124,259,57,244,24,584,20,0,20,604
12/10/2009,AUS,TX,ASW,CE,Combined TRACON& Tower with Radar,263,57,120,13,453,0,3,89,14,106,263,60,209,27,559,0,0,0,559
12/11/2009,AUS,TX,ASW,CE,Combined TRACON& Tower with Radar,272,64,104,12,452,0,0,18,8,26,272,64,122,20,478,8,4,12,490
12/12/2009,AUS,TX,ASW,CE,Combined TRACON& Tower with Radar,200,28,53,6,287,0,0,0,0,0,200,28,53,6,287,0,0,0,287
12/13/2009,AUS,TX,ASW,CE,Combined TRACON& Tower with Radar,234,22,73,15,344,0,1,73,0,74,234,23,146,15,418,0,0,0,418
12/14/2009,AUS,TX,ASW,CE,Combined TRACON& Tower with Radar,260,49,98,5,412,0,0,1,0,1,260,49,99,5,413,0,0,0,413
12/15/2009,AUS,TX,ASW,CE,Combined TRACON& Tower with Radar,255,65,105,25,450,0,1,37,23,61,255,66,142,48,511,2,8,10,521
12/16/2009,AUS,TX,ASW,CE,Combined TRACON& Tower with Radar,267,67,125,17,476,0,1,74,16,91,267,68,199,33,567,6,8,14,581
12/17/2009,AUS,TX,ASW,CE,Combined TRACON& Tower with Radar,262,64,137,20,483,0,1,20,11,32,262,65,157,31,515,4,0,4,519
12/18/2009,AUS,TX,ASW,CE,Combined TRACON& Tower with Radar,259,53,111,26,449,0,4,83,12,99,259,57,194,38,548,0,0,0,548
12/19/2009,AUS,TX,ASW,CE,Combined TRACON& Tower with Radar,196,41,82,4,323,0,3,101,0,104,196,44,183,4,427,0,0,0,427
12/20/2009,AUS,TX,ASW,CE,Combined TRACON& Tower with Radar,229,37,53,12,331,0,0,81,0,81,229,37,134,12,412,0,0,0,412
12/21/2009,AUS,TX,ASW,CE,Combined TRACON& Tower with Radar,253,39,61,14,367,0,4,92,13,109,253,43,153,27,476,8,4,12,488
12/22/2009,AUS,TX,ASW,CE,Combined TRACON& Tower with Radar,262,67,97,4,430,0,0,33,11,44,262,67,130,15,474,0,0,0,474
12/23/2009,AUS,TX,ASW,CE,Combined TRACON& Tower with Radar,260,65,83,4,412,0,2,50,8,60,260,67,133,12,472,26,0,26,498
12/24/2009,AUS,TX,ASW,CE,Combined TRACON& Tower with Radar,246,56,30,1,333,0,4,14,9,27,246,60,44,10,360,0,0,0,360
12/25/2009,AUS,TX,ASW,CE,Combined TRACON& Tower with Radar,196,18,12,0,226,0,0,36,0,36,196,18,48,0,262,6,0,6,268
12/26/2009,AUS,TX,ASW,CE,Combined TRACON& Tower with Radar,213,30,45,0,288,0,0,54,0,54,213,30,99,0,342,0,0,0,342
12/27/2009,AUS,TX,ASW,CE,Combined TRACON& Tower with Radar,256,37,45,0,338,0,0,64,0,64,256,37,109,0,402,0,0,0,402
12/28/2009,AUS,TX,ASW,CE,Combined TRACON& Tower with Radar,256,57,50,4,367,0,5,65,0,70,256,62,115,4,437,0,0,0,437
12/29/2009,AUS,TX,ASW,CE,Combined TRACON& Tower with Radar,253,55,45,0,353,0,0,7,0,7,253,55,52,0,360,2,8,10,370
12/30/2009,AUS,TX,ASW,CE,Combined TRACON& Tower with Radar,262,58,78,0,398,0,3,43,4,50,262,61,121,4,448,0,12,12,460
12/31/2009,AUS,TX,ASW,CE,Combined TRACON& Tower with Radar,200,55,70,3,328,0,1,62,2,65,200,56,132,5,393,0,0,0,393
01/01/2010,AUS,TX,ASW,CE,Combined TRACON& Tower with Radar,200,18,22,0,240,0,1,64,0,65,200,19,86,0,305,0,0,0,305
01/02/2010,AUS,TX,ASW,CE,Combined TRACON& Tower with Radar,215,23,79,0,317,0,2,81,0,83,215,25,160,0,400,0,0,0,400
01/03/2010,AUS,TX,ASW,CE,Combined TRACON& Tower with Radar,241,26,94,0,361,0,0,32,1,33,241,26,126,1,394,32,0,32,426
01/04/2010,AUS,TX,ASW,CE,Combined TRACON& Tower with Radar,259,45,59,3,366,0,4,59,9,72,259,49,118,12,438,2,8,10,448
01/05/2010,AUS,TX,ASW,CE,Combined TRACON& Tower with Radar,256,50,67,11,384,0,4,89,18,111,256,54,156,29,495,0,0,0,495
01/06/2010,AUS,TX,ASW,CE,Combined TRACON& Tower with Radar,271,67,127,5,470,0,0,8,2,10,271,67,135,7,480,0,0,0,480
01/07/2010,AUS,TX,ASW,CE,Combined TRACON& Tower with Radar,248,55,56,9,368,0,2,25,15,42,248,57,81,24,410,0,14,14,424
01/08/2010,AUS,TX,ASW,CE,Combined TRACON& Tower with Radar,275,67,90,14,446,0,3,59,13,75,275,70,149,27,521,6,14,20,541
01/09/2010,AUS,TX,ASW,CE,Combined TRACON& Tower with Radar,207,23,58,14,302,0,0,85,4,89,207,23,143,18,391,0,12,12,403
01/10/2010,AUS,TX,ASW,CE,Combined TRACON& Tower with Radar,224,40,60,14,338,0,1,123,13,137,224,41,183,27,475,66,0,66,541
01/11/2010,AUS,TX,ASW,CE,Combined TRACON& Tower with Radar,254,46,85,10,395,0,3,63,10,76,254,49,148,20,471,74,0,74,545
01/12/2010,AUS,TX,ASW,CE,Combined TRACON& Tower with Radar,245,55,95,10,405,0,3,83,11,97,245,58,178,21,502,42,0,42,544
01/13/2010,AUS,TX,ASW,CE,Combined TRACON& Tower with Radar,258,58,102,38,456,0,1,50,14,65,258,59,152,52,521,8,22,30,551
01/14/2010,AUS,TX,ASW,CE,Combined TRACON& Tower with Radar,264,61,81,6,412,0,0,0,0,0,264,61,81,6,412,0,0,0,412
01/15/2010,AUS,TX,ASW,CE,Combined TRACON& Tower with Radar,259,50,79,7,395,0,0,5,4,9,259,50,84,11,404,0,0,0,404
01/16/2010,AUS,TX,ASW,CE,Combined TRACON& Tower with Radar,182,25,57,2,266,0,1,46,4,51,182,26,103,6,317,0,0,0,317
01/17/2010,AUS,TX,ASW,CE,Combined TRACON& Tower with Radar,225,18,45,3,291,0,0,131,0,131,225,18,176,3,422,52,0,52,474
01/18/2010,AUS,TX,ASW,CE,Combined TRACON& Tower with Radar,246,31,95,12,384,0,0,42,0,42,246,31,137,12,426,50,0,50,476
01/19/2010,AUS,TX,ASW,CE,Combined TRACON& Tower with Radar,257,49,119,7,432,0,2,33,12,47,257,51,152,19,479,0,16,16,495
01/20/2010,AUS,TX,ASW,CE,Combined TRACON& Tower with Radar,258,55,117,29,459,0,0,29,31,60,258,55,146,60,519,0,0,0,519
01/21/2010,AUS,TX,ASW,CE,Combined TRACON& Tower with Radar,252,50,116,13,431,0,4,99,15,118,252,54,215,28,549,6,4,10,559
01/22/2010,AUS,TX,ASW,CE,Combined TRACON& Tower with Radar,264,59,101,26,450,0,3,77,14,94,264,62,178,40,544,2,0,2,546
01/23/2010,AUS,TX,ASW,CE,Combined TRACON& Tower with Radar,182,19,54,11,266,0,0,54,9,63,182,19,108,20,329,8,0,8,337
01/24/2010,AUS,TX,ASW,CE,Combined TRACON& Tower with Radar,214,33,32,25,304,0,3,54,18,75,214,36,86,43,379,0,0,0,379
01/25/2010,AUS,TX,ASW,CE,Combined TRACON& Tower with Radar,252,37,78,9,376,0,2,82,6,90,252,39,160,15,466,0,0,0,466
01/26/2010,AUS,TX,ASW,CE,Combined TRACON& Tower with Radar,248,62,106,10,426,0,4,124,16,144,248,66,230,26,570,6,0,6,576
01/27/2010,AUS,TX,ASW,CE,Combined TRACON& Tower with Radar,258,56,99,11,424,0,2,50,20,72,258,58,149,31,496,0,6,6,502
01/28/2010,AUS,TX,ASW,CE,Combined TRACON& Tower with Radar,268,52,83,2,405,0,1,10,5,16,268,53,93,7,421,0,0,0,421
01/29/2010,AUS,TX,ASW,CE,Combined TRACON& Tower with Radar,257,43,52,42,394,0,4,27,14,45,257,47,79,56,439,6,8,14,453
01/30/2010,AUS,TX,ASW,CE,Combined TRACON& Tower with Radar,179,18,45,6,248,0,0,86,3,89,179,18,131,9,337,24,0,24,361
01/31/2010,AUS,TX,ASW,CE,Combined TRACON& Tower with Radar,224,24,42,1,291,0,1,6,6,13,224,25,48,7,304,0,0,0,304
02/01/2010,AUS,TX,ASW,CE,Combined TRACON& Tower with Radar,250,59,68,4,381,0,0,0,0,0,250,59,68,4,381,0,0,0,381
02/02/2010,AUS,TX,ASW,CE,Combined TRACON& Tower with Radar,244,54,99,13,410,0,1,2,4,7,244,55,101,17,417,0,0,0,417
02/03/2010,AUS,TX,ASW,CE,Combined TRACON& Tower with Radar,258,63,75,10,406,0,0,1,0,1,258,63,76,10,407,4,0,4,411
02/04/2010,AUS,TX,ASW,CE,Combined TRACON& Tower with Radar,259,61,83,10,413,0,0,0,0,0,259,61,83,10,413,0,0,0,413
02/05/2010,AUS,TX,ASW,CE,Combined TRACON& Tower with Radar,252,68,138,20,478,0,4,66,7,77,252,72,204,27,555,14,4,18,573
02/06/2010,AUS,TX,ASW,CE,Combined TRACON& Tower with Radar,179,24,64,38,305,0,1,122,9,132,179,25,186,47,437,12,28,40,477
02/07/2010,AUS,TX,ASW,CE,Combined TRACON& Tower with Radar,217,36,70,11,334,0,0,5,2,7,217,36,75,13,341,0,0,0,341
02/08/2010,AUS,TX,ASW,CE,Combined TRACON& Tower with Radar,251,75,112,6,444,0,0,9,3,12,251,75,121,9,456,8,0,8,464
02/09/2010,AUS,TX,ASW,CE,Combined TRACON& Tower with Radar,239,64,100,12,415,0,4,77,20,101,239,68,177,32,516,0,0,0,516
02/10/2010,AUS,TX,ASW,CE,Combined TRACON& Tower with Radar,235,64,100,3,402,0,1,25,12,38,235,65,125,15,440,18,0,18,458
02/11/2010,AUS,TX,ASW,CE,Combined TRACON& Tower with Radar,221,55,100,0,376,0,0,1,0,1,221,55,101,0,377,0,0,0,377
02/12/2010,AUS,TX,ASW,CE,Combined TRACON& Tower with Radar,238,63,117,11,429,0,1,61,3,65,238,64,178,14,494,10,4,14,508
02/13/2010,AUS,TX,ASW,CE,Combined TRACON& Tower with Radar,178,32,60,7,277,0,0,108,3,111,178,32,168,10,388,4,0,4,392
02/14/2010,AUS,TX,ASW,CE,Combined TRACON& Tower with Radar,216,32,70,12,330,0,0,42,1,43,216,32,112,13,373,0,0,0,373
02/15/2010,AUS,TX,ASW,CE,Combined TRACON& Tower with Radar,250,52,103,6,411,0,3,99,11,113,250,55,202,17,524,8,6,14,538
02/16/2010,AUS,TX,ASW,CE,Combined TRACON& Tower with Radar,258,52,83,9,402,0,8,111,19,138,258,60,194,28,540,0,2,2,542
02/17/2010,AUS,TX,ASW,CE,Combined TRACON& Tower with Radar,259,56,114,3,432,0,4,107,24,135,259,60,221,27,567,6,0,6,573
02/18/2010,AUS,TX,ASW,CE,Combined TRACON& Tower with Radar,263,55,102,10,430,0,3,67,32,102,263,58,169,42,532,10,14,24,556
02/19/2010,AUS,TX,ASW,CE,Combined TRACON& Tower with Radar,260,63,108,12,443,0,2,3,10,15,260,65,111,22,458,0,0,0,458
02/20/2010,AUS,TX,ASW,CE,Combined TRACON& Tower with Radar,186,33,86,13,318,0,0,29,10,39,186,33,115,23,357,32,6,38,395
02/21/2010,AUS,TX,ASW,CE,Combined TRACON& Tower with Radar,229,38,65,10,342,0,0,73,3,76,229,38,138,13,418,2,0,2,420
02/22/2010,AUS,TX,ASW,CE,Combined TRACON& Tower with Radar,251,44,102,3,400,0,2,52,2,56,251,46,154,5,456,2,0,2,458
02/23/2010,AUS,TX,ASW,CE,Combined TRACON& Tower with Radar,239,45,62,2,348,0,1,1,0,2,239,46,63,2,350,0,0,0,350
02/24/2010,AUS,TX,ASW,CE,Combined TRACON& Tower with Radar,254,61,91,4,410,0,2,108,11,121,254,63,199,15,531,8,0,8,539
02/25/2010,AUS,TX,ASW,CE,Combined TRACON& Tower with Radar,260,72,78,14,424,0,3,104,32,139,260,75,182,46,563,4,20,24,587
02/26/2010,AUS,TX,ASW,CE,Combined TRACON& Tower with Radar,256,55,101,12,424,0,0,51,21,72,256,55,152,33,496,8,0,8,504
02/27/2010,AUS,TX,ASW,CE,Combined TRACON& Tower with Radar,186,25,45,11,267,0,1,138,0,139,186,26,183,11,406,24,0,24,430
02/28/2010,AUS,TX,ASW,CE,Combined TRACON& Tower with Radar,222,40,54,8,324,0,0,93,2,95,222,40,147,10,419,0,0,0,419
03/01/2010,AUS,TX,ASW,CE,Combined TRACON& Tower with Radar,258,37,74,4,373,0,0,24,3,27,258,37,98,7,400,34,0,34,434
03/02/2010,AUS,TX,ASW,CE,Combined TRACON& Tower with Radar,250,56,82,5,393,0,2,89,21,112,250,58,171,26,505,8,0,8,513
03/03/2010,AUS,TX,ASW,CE,Combined TRACON& Tower with Radar,256,53,95,4,408,0,3,115,16,134,256,56,210,20,542,10,0,10,552
03/04/2010,AUS,TX,ASW,CE,Combined TRACON& Tower with Radar,263,72,104,7,446,0,2,116,17,135,263,74,220,24,581,0,8,8,589
03/05/2010,AUS,TX,ASW,CE,Combined TRACON& Tower with Radar,260,68,104,12,444,0,2,102,16,120,260,70,206,28,564,30,2,32,596
03/06/2010,AUS,TX,ASW,CE,Combined TRACON& Tower with Radar,192,28,60,3,283,0,0,67,3,70,192,28,127,6,353,32,2,34,387
03/07/2010,AUS,TX,ASW,CE,Combined TRACON& Tower with Radar,223,39,66,6,334,0,0,14,5,19,223,39,80,11,353,0,0,0,353
03/08/2010,AUS,TX,ASW,CE,Combined TRACON& Tower with Radar,260,51,71,4,386,0,0,0,1,1,260,51,71,5,387,0,4,4,391
03/09/2010,AUS,TX,ASW,CE,Combined TRACON& Tower with Radar,259,54,98,10,421,0,3,88,17,108,259,57,186,27,529,18,0,18,547
03/10/2010,AUS,TX,ASW,CE,Combined TRACON& Tower with Radar,277,59,100,19,455,0,2,47,14,63,277,61,147,33,518,8,0,8,526
03/11/2010,AUS,TX,ASW,CE,Combined TRACON& Tower with Radar,260,55,111,10,436,0,3,98,5,106,260,58,209,15,542,0,0,0,542
03/12/2010,AUS,TX,ASW,CE,Combined TRACON& Tower with Radar,262,93,97,18,470,0,2,114,19,135,262,95,211,37,605,0,0,0,605
03/13/2010,AUS,TX,ASW,CE,Combined TRACON& Tower with Radar,192,58,78,6,334,0,0,141,1,142,192,58,219,7,476,14,0,14,490
03/14/2010,AUS,TX,ASW,CE,Combined TRACON& Tower with Radar,238,32,57,15,342,0,4,112,4,120,238,36,169,19,462,42,10,52,514
03/15/2010,AUS,TX,ASW,CE,Combined TRACON& Tower with Radar,261,49,69,3,382,0,6,57,1,64,261,55,126,4,446,18,0,18,464
03/16/2010,AUS,TX,ASW,CE,Combined TRACON& Tower with Radar,265,65,76,7,413,0,3,14,4,21,265,68,90,11,434,0,0,0,434
03/17/2010,AUS,TX,ASW,CE,Combined TRACON& Tower with Radar,268,70,76,4,418,0,6,127,11,144,268,76,203,15,562,28,0,28,590
03/18/2010,AUS,TX,ASW,CE,Combined TRACON& Tower with Radar,263,66,85,2,416,0,1,115,9,125,263,67,200,11,541,12,0,12,553
03/19/2010,AUS,TX,ASW,CE,Combined TRACON& Tower with Radar,271,53,92,4,420,0,6,60,10,76,271,59,152,14,496,0,0,0,496
03/20/2010,AUS,TX,ASW,CE,Combined TRACON& Tower with Radar,198,55,42,5,300,0,0,9,0,9,198,55,51,5,309,22,0,22,331
03/21/2010,AUS,TX,ASW,CE,Combined TRACON& Tower with Radar,246,51,84,13,394,0,0,57,3,60,246,51,141,16,454,6,4,10,464
03/22/2010,AUS,TX,ASW,CE,Combined TRACON& Tower with Radar,268,48,84,5,405,0,3,111,7,121,268,51,195,12,526,0,0,0,526
03/23/2010,AUS,TX,ASW,CE,Combined TRACON& Tower with Radar,258,45,89,9,401,0,4,126,9,139,258,49,215,18,540,14,0,14,554
03/24/2010,AUS,TX,ASW,CE,Combined TRACON& Tower with Radar,266,50,124,1,441,0,0,7,2,9,266,50,131,3,450,14,0,14,464
03/25/2010,AUS,TX,ASW,CE,Combined TRACON& Tower with Radar,266,54,87,4,411,0,4,77,11,92,266,58,164,15,503,6,0,6,509
03/26/2010,AUS,TX,ASW,CE,Combined TRACON& Tower with Radar,262,48,95,26,431,0,4,137,7,148,262,52,232,33,579,38,10,48,627
03/27/2010,AUS,TX,ASW,CE,Combined TRACON& Tower with Radar,202,27,65,12,306,0,1,88,10,99,202,28,153,22,405,12,0,12,417
03/28/2010,AUS,TX,ASW,CE,Combined TRACON& Tower with Radar,244,37,50,8,339,0,0,88,2,90,244,37,138,10,429,18,8,26,455
03/29/2010,AUS,TX,ASW,CE,Combined TRACON& Tower with Radar,258,38,79,2,377,0,5,123,13,141,258,43,202,15,518,12,0,12,530
03/30/2010,AUS,TX,ASW,CE,Combined TRACON& Tower with Radar,260,51,82,12,405,0,3,100,15,118,260,54,182,27,523,22,4,26,549
03/31/2010,AUS,TX,ASW,CE,Combined TRACON& Tower with Radar,261,51,97,5,414,0,5,112,14,131,261,56,209,19,545,22,0,22,567
04/01/2010,AUS,TX,ASW,CE,Combined TRACON& Tower with Radar,270,64,105,10,449,0,0,62,16,78,270,64,167,26,527,0,0,0,527
04/02/2010,AUS,TX,ASW,CE,Combined TRACON& Tower with Radar,264,42,54,5,365,0,0,51,7,58,264,42,105,12,423,6,0,6,429
04/03/2010,AUS,TX,ASW,CE,Combined TRACON& Tower with Radar,197,27,38,10,272,0,0,163,3,166,197,27,201,13,438,28,0,28,466
04/04/2010,AUS,TX,ASW,CE,Combined TRACON& Tower with Radar,238,30,74,4,346,0,4,27,1,32,238,34,101,5,378,0,0,0,378
04/05/2010,AUS,TX,ASW,CE,Combined TRACON& Tower with Radar,259,43,97,5,404,0,4,43,9,56,259,47,140,14,460,0,0,0,460
04/06/2010,AUS,TX,ASW,CE,Combined TRACON& Tower with Radar,261,46,98,7,412,0,1,65,9,75,261,47,163,16,487,8,0,8,495
04/07/2010,AUS,TX,ASW,CE,Combined TRACON& Tower with Radar,263,54,87,2,406,0,3,36,6,45,263,57,123,8,451,18,0,18,469
04/08/2010,AUS,TX,ASW,CE,Combined TRACON& Tower with Radar,264,56,114,5,439,0,8,141,10,159,264,64,255,15,598,2,2,4,602
04/09/2010,AUS,TX,ASW,CE,Combined TRACON& Tower with Radar,272,54,115,3,444,0,4,158,1,163,272,58,273,4,607,44,0,44,651
04/10/2010,AUS,TX,ASW,CE,Combined TRACON& Tower with Radar,201,27,76,4,308,0,2,79,2,83,201,29,155,6,391,0,0,0,391
04/11/2010,AUS,TX,ASW,CE,Combined TRACON& Tower with Radar,244,36,83,4,367,0,0,7,2,9,244,36,90,6,376,0,0,0,376
04/12/2010,AUS,TX,ASW,CE,Combined TRACON& Tower with Radar,262,33,59,4,358,0,6,59,8,73,262,39,118,12,431,6,0,6,437
04/13/2010,AUS,TX,ASW,CE,Combined TRACON& Tower with Radar,259,46,108,9,422,0,1,44,9,54,259,47,152,18,476,0,0,0,476
04/14/2010,AUS,TX,ASW,CE,Combined TRACON& Tower with Radar,272,57,109,1,439,0,1,52,10,63,272,58,161,11,502,22,0,22,524
04/15/2010,AUS,TX,ASW,CE,Combined TRACON& Tower with Radar,265,54,84,2,405,0,0,7,2,9,265,54,91,4,414,0,0,0,414
04/16/2010,AUS,TX,ASW,CE,Combined TRACON& Tower with Radar,270,46,99,3,418,0,2,23,8,33,270,48,122,11,451,0,10,10,461
04/17/2010,AUS,TX,ASW,CE,Combined TRACON& Tower with Radar,198,22,42,0,262,0,0,14,2,16,198,22,56,2,278,10,0,10,288
04/18/2010,AUS,TX,ASW,CE,Combined TRACON& Tower with Radar,249,47,92,10,398,0,1,47,9,57,249,48,139,19,455,34,10,44,499
04/19/2010,AUS,TX,ASW,CE,Combined TRACON& Tower with Radar,259,43,88,3,393,0,0,29,7,36,259,43,117,10,429,0,0,0,429
04/20/2010,AUS,TX,ASW,CE,Combined TRACON& Tower with Radar,260,46,89,4,399,0,6,91,19,116,260,52,180,23,515,4,0,4,519
04/21/2010,AUS,TX,ASW,CE,Combined TRACON& Tower with Radar,264,61,120,21,466,0,3,105,21,129,264,64,225,42,595,12,4,16,611
04/22/2010,AUS,TX,ASW,CE,Combined TRACON& Tower with Radar,263,63,139,10,475,0,0,10,15,25,263,63,149,25,500,20,0,20,520
04/23/2010,AUS,TX,ASW,CE,Combined TRACON& Tower with Radar,269,59,111,11,450,0,3,59,13,75,269,62,170,24,525,4,4,8,533
04/24/2010,AUS,TX,ASW,CE,Combined TRACON& Tower with Radar,197,27,45,0,269,0,0,77,2,79,197,27,122,2,348,0,0,0,348
04/25/2010,AUS,TX,ASW,CE,Combined TRACON& Tower with Radar,243,39,85,6,373,0,2,107,11,120,243,41,192,17,493,0,6,6,499
04/26/2010,AUS,TX,ASW,CE,Combined TRACON& Tower with Radar,263,47,75,1,386,0,3,90,12,105,263,50,165,13,491,0,0,0,491
04/27/2010,AUS,TX,ASW,CE,Combined TRACON& Tower with Radar,259,49,101,3,412,0,3,115,20,138,259,52,216,23,550,0,6,6,556
04/28/2010,AUS,TX,ASW,CE,Combined TRACON& Tower with Radar,267,67,103,20,457,0,3,87,14,104,267,70,190,34,561,10,24,34,595
04/29/2010,AUS,TX,ASW,CE,Combined TRACON& Tower with Radar,269,75,119,14,477,0,3,42,11,56,269,78,161,25,533,0,0,0,533
04/30/2010,AUS,TX,ASW,CE,Combined TRACON& Tower with Radar,270,55,118,36,479,0,1,47,5,53,270,56,165,41,532,10,18,28,560
05/01/2010,AUS,TX,ASW,CE,Combined TRACON& Tower with Radar,193,34,48,3,278,0,2,60,0,62,193,36,108,3,340,4,0,4,344
05/02/2010,AUS,TX,ASW,CE,Combined TRACON& Tower with Radar,243,32,84,6,365,0,1,103,2,106,243,33,187,8,471,24,0,24,495
05/03/2010,AUS,TX,ASW,CE,Combined TRACON& Tower with Radar,266,40,74,0,380,0,4,80,3,87,266,44,154,3,467,0,0,0,467
05/04/2010,AUS,TX,ASW,CE,Combined TRACON& Tower with Radar,268,41,72,1,382,0,5,102,6,113,268,46,174,7,495,0,0,0,495
05/05/2010,AUS,TX,ASW,CE,Combined TRACON& Tower with Radar,267,47,97,5,416,0,2,118,14,134,267,49,215,19,550,10,0,10,560
05/06/2010,AUS,TX,ASW,CE,Combined TRACON& Tower with Radar,268,55,133,6,462,0,3,95,5,103,268,58,228,11,565,0,0,0,565
05/07/2010,AUS,TX,ASW,CE,Combined TRACON& Tower with Radar,269,44,128,27,468,1,1,113,7,122,270,45,241,34,590,6,8,14,604
05/08/2010,AUS,TX,ASW,CE,Combined TRACON& Tower with Radar,203,20,60,7,290,0,4,72,3,79,203,24,132,10,369,10,0,10,379
05/09/2010,AUS,TX,ASW,CE,Combined TRACON& Tower with Radar,241,27,85,25,378,0,0,25,6,31,241,27,110,31,409,22,20,42,451
05/10/2010,AUS,TX,ASW,CE,Combined TRACON& Tower with Radar,264,35,126,5,430,0,1,20,4,25,264,36,146,9,455,4,0,4,459
05/11/2010,AUS,TX,ASW,CE,Combined TRACON& Tower with Radar,261,61,121,5,448,0,0,60,8,68,261,61,181,13,516,12,0,12,528
05/12/2010,AUS,TX,ASW,CE,Combined TRACON& Tower with Radar,264,49,121,8,442,0,4,63,14,81,264,53,184,22,523,0,0,0,523
05/13/2010,AUS,TX,ASW,CE,Combined TRACON& Tower with Radar,271,56,119,6,452,0,0,44,4,48,271,56,163,10,500,12,0,12,512
05/14/2010,AUS,TX,ASW,CE,Combined TRACON& Tower with Radar,286,53,101,9,449,0,0,17,1,18,286,53,118,10,467,0,0,0,467
05/15/2010,AUS,TX,ASW,CE,Combined TRACON& Tower with Radar,211,33,69,4,317,0,0,39,4,43,211,33,108,8,360,0,0,0,360
05/16/2010,AUS,TX,ASW,CE,Combined TRACON& Tower with Radar,244,25,51,6,326,0,0,37,2,39,244,25,88,8,365,14,0,14,379
05/17/2010,AUS,TX,ASW,CE,Combined TRACON& Tower with Radar,261,37,89,3,390,0,2,61,0,63,261,39,150,3,453,0,0,0,453
05/18/2010,AUS,TX,ASW,CE,Combined TRACON& Tower with Radar,263,57,86,6,412,0,3,85,11,99,263,60,171,17,511,10,0,10,521
05/19/2010,AUS,TX,ASW,CE,Combined TRACON& Tower with Radar,268,60,127,6,461,0,3,70,8,81,268,63,197,14,542,30,0,30,572
05/20/2010,AUS,TX,ASW,CE,Combined TRACON& Tower with Radar,274,61,112,6,453,0,1,49,8,58,274,62,161,14,511,8,0,8,519
05/21/2010,AUS,TX,ASW,CE,Combined TRACON& Tower with Radar,257,57,120,10,444,0,4,78,5,87,257,61,198,15,531,12,0,12,543
05/22/2010,AUS,TX,ASW,CE,Combined TRACON& Tower with Radar,213,26,57,2,298,0,0,54,2,56,213,26,111,4,354,10,0,10,364
05/23/2010,AUS,TX,ASW,CE,Combined TRACON& Tower with Radar,247,32,89,8,376,0,0,64,5,69,247,32,153,13,445,20,2,22,467
05/24/2010,AUS,TX,ASW,CE,Combined TRACON& Tower with Radar,259,31,91,8,389,0,2,47,5,54,259,33,138,13,443,0,0,0,443
05/25/2010,AUS,TX,ASW,CE,Combined TRACON& Tower with Radar,279,59,111,1,450,0,2,35,5,42,279,61,146,6,492,12,0,12,504
05/26/2010,AUS,TX,ASW,CE,Combined TRACON& Tower with Radar,266,64,118,16,464,0,2,76,8,86,266,66,194,24,550,24,10,34,584
05/27/2010,AUS,TX,ASW,CE,Combined TRACON& Tower with Radar,278,54,75,8,415,0,2,85,8,95,278,56,160,16,510,0,0,0,510
05/28/2010,AUS,TX,ASW,CE,Combined TRACON& Tower with Radar,273,47,76,4,400,0,4,113,2,119,273,51,189,6,519,22,0,22,541
05/29/2010,AUS,TX,ASW,CE,Combined TRACON& Tower with Radar,205,31,33,4,273,0,0,66,3,69,205,31,99,7,342,0,0,0,342
05/30/2010,AUS,TX,ASW,CE,Combined TRACON& Tower with Radar,201,25,29,2,257,0,0,79,3,82,201,25,108,5,339,16,0,16,355
05/31/2010,AUS,TX,ASW,CE,Combined TRACON& Tower with Radar,242,23,47,0,312,0,0,94,2,96,242,23,141,2,408,0,0,0,408
06/01/2010,AUS,TX,ASW,CE,Combined TRACON& Tower with Radar,269,39,81,4,393,0,5,76,6,87,269,44,157,10,480,0,0,0,480
06/02/2010,AUS,TX,ASW,CE,Combined TRACON& Tower with Radar,273,46,90,4,413,0,1,79,5,85,273,47,169,9,498,20,40,60,558
06/03/2010,AUS,TX,ASW,CE,Combined TRACON& Tower with Radar,269,53,92,2,416,0,1,32,9,42,269,54,124,11,458,2,26,28,486
06/04/2010,AUS,TX,ASW,CE,Combined TRACON& Tower with Radar,268,52,78,42,440,0,5,102,13,120,268,57,180,55,560,4,0,4,564
06/05/2010,AUS,TX,ASW,CE,Combined TRACON& Tower with Radar,212,26,82,4,324,0,0,55,0,55,212,26,137,4,379,18,2,20,399
06/06/2010,AUS,TX,ASW,CE,Combined TRACON& Tower with Radar,250,26,68,11,355,0,0,41,2,43,250,26,109,13,398,0,0,0,398
06/07/2010,AUS,TX,ASW,CE,Combined TRACON& Tower with Radar,267,47,66,2,382,0,1,57,10,68,267,48,123,12,450,0,0,0,450
06/08/2010,AUS,TX,ASW,CE,Combined TRACON& Tower with Radar,276,61,70,3,410,0,0,36,8,44,276,61,106,11,454,0,0,0,454
06/09/2010,AUS,TX,ASW,CE,Combined TRACON& Tower with Radar,271,42,87,7,407,0,1,18,2,21,271,43,105,9,428,6,0,6,434
06/10/2010,AUS,TX,ASW,CE,Combined TRACON& Tower with Radar,271,57,96,20,444,0,0,52,23,75,271,57,148,43,519,0,22,22,541
06/11/2010,AUS,TX,ASW,CE,Combined TRACON& Tower with Radar,275,45,102,20,442,0,2,53,7,62,275,47,155,27,504,8,10,18,522
06/12/2010,AUS,TX,ASW,CE,Combined TRACON& Tower with Radar,232,20,56,10,318,0,1,71,1,73,232,21,127,11,391,20,4,24,415
06/13/2010,AUS,TX,ASW,CE,Combined TRACON& Tower with Radar,251,24,82,8,365,0,2,76,3,81,251,26,158,11,446,28,0,28,474
06/14/2010,AUS,TX,ASW,CE,Combined TRACON& Tower with Radar,269,44,86,8,407,0,5,51,10,66,269,49,137,18,473,0,0,0,473
06/15/2010,AUS,TX,ASW,CE,Combined TRACON& Tower with Radar,277,50,108,7,442,0,2,81,12,95,277,52,189,19,537,0,0,0,537
06/16/2010,AUS,TX,ASW,CE,Combined TRACON& Tower with Radar,281,51,107,8,447,0,2,91,18,111,281,53,198,26,558,22,0,22,580
06/17/2010,AUS,TX,ASW,CE,Combined TRACON& Tower with Radar,279,41,115,7,442,0,2,61,15,78,279,43,176,22,520,12,0,12,532
06/18/2010,AUS,TX,ASW,CE,Combined TRACON& Tower with Radar,278,49,85,2,414,0,2,79,10,91,278,51,164,12,505,0,0,0,505
06/19/2010,AUS,TX,ASW,CE,Combined TRACON& Tower with Radar,233,20,43,25,321,0,0,89,2,91,233,20,132,27,412,0,10,10,422
06/20/2010,AUS,TX,ASW,CE,Combined TRACON& Tower with Radar,256,23,64,3,346,0,0,71,5,76,256,23,135,8,422,0,0,0,422
06/21/2010,AUS,TX,ASW,CE,Combined TRACON& Tower with Radar,264,39,71,6,380,0,3,72,5,80,264,42,143,11,460,0,0,0,460
06/22/2010,AUS,TX,ASW,CE,Combined TRACON& Tower with Radar,277,55,72,6,410,0,5,98,10,113,277,60,170,16,523,24,0,24,547
06/23/2010,AUS,TX,ASW,CE,Combined TRACON& Tower with Radar,272,44,77,11,404,0,1,70,22,93,272,45,147,33,497,4,0,4,501
06/24/2010,AUS,TX,ASW,CE,Combined TRACON& Tower with Radar,287,58,87,7,439,0,2,56,13,71,287,60,143,20,510,6,0,6,516
06/25/2010,AUS,TX,ASW,CE,Combined TRACON& Tower with Radar,285,30,96,18,429,0,2,68,8,78,285,32,164,26,507,32,0,32,539
06/26/2010,AUS,TX,ASW,CE,Combined TRACON& Tower with Radar,229,24,44,6,303,0,0,73,14,87,229,24,117,20,390,6,0,6,396
06/27/2010,AUS,TX,ASW,CE,Combined TRACON& Tower with Radar,240,21,51,12,324,0,0,73,9,82,240,21,124,21,406,6,0,6,412
06/28/2010,AUS,TX,ASW,CE,Combined TRACON& Tower with Radar,297,37,68,3,405,0,0,45,1,46,297,37,113,4,451,0,0,0,451
06/29/2010,AUS,TX,ASW,CE,Combined TRACON& Tower with Radar,282,51,89,3,425,0,0,42,10,52,282,51,131,13,477,6,12,18,495
06/30/2010,AUS,TX,ASW,CE,Combined TRACON& Tower with Radar,286,52,70,2,410,0,0,25,4,29,286,52,95,6,439,3,0,3,442
07/01/2010,AUS,TX,ASW,CE,Combined TRACON& Tower with Radar,281,57,82,2,422,0,0,9,2,11,281,57,91,4,433,0,0,0,433
07/02/2010,AUS,TX,ASW,CE,Combined TRACON& Tower with Radar,284,48,59,4,395,0,0,2,0,2,284,48,61,4,397,0,0,0,397
07/03/2010,AUS,TX,ASW,CE,Combined TRACON& Tower with Radar,244,31,48,1,324,0,0,21,0,21,244,31,69,1,345,24,0,24,369
07/04/2010,AUS,TX,ASW,CE,Combined TRACON& Tower with Radar,185,16,24,0,225,0,0,20,0,20,185,16,44,0,245,0,0,0,245
07/05/2010,AUS,TX,ASW,CE,Combined TRACON& Tower with Radar,250,30,37,0,317,0,0,54,2,56,250,30,91,2,373,0,0,0,373
07/06/2010,AUS,TX,ASW,CE,Combined TRACON& Tower with Radar,289,41,87,4,421,0,6,88,0,94,289,47,175,4,515,0,0,0,515
07/07/2010,AUS,TX,ASW,CE,Combined TRACON& Tower with Radar,305,52,68,9,434,0,2,77,13,92,305,54,145,22,526,0,0,0,526
07/08/2010,AUS,TX,ASW,CE,Combined TRACON& Tower with Radar,278,43,65,3,389,0,0,1,7,8,278,43,66,10,397,0,2,2,399
07/09/2010,AUS,TX,ASW,CE,Combined TRACON& Tower with Radar,288,50,67,6,411,0,1,24,10,35,288,51,91,16,446,4,0,4,450
07/10/2010,AUS,TX,ASW,CE,Combined TRACON& Tower with Radar,236,29,60,2,327,0,1,67,12,80,236,30,127,14,407,0,0,0,407
07/11/2010,AUS,TX,ASW,CE,Combined TRACON& Tower with Radar,253,32,58,13,356,0,0,85,3,88,253,32,143,16,444,4,14,18,462
07/12/2010,AUS,TX,ASW,CE,Combined TRACON& Tower with Radar,272,33,70,6,381,0,1,71,8,80,272,34,141,14,461,0,0,0,461
07/13/2010,AUS,TX,ASW,CE,Combined TRACON& Tower with Radar,279,53,72,24,428,0,2,77,12,91,279,55,149,36,519,0,10,10,529
07/14/2010,AUS,TX,ASW,CE,Combined TRACON& Tower with Radar,283,52,115,8,458,0,2,81,14,97,283,54,196,22,555,20,6,26,581
07/15/2010,AUS,TX,ASW,CE,Combined TRACON& Tower with Radar,277,50,101,7,435,0,1,78,14,93,277,51,179,21,528,0,0,0,528
07/16/2010,AUS,TX,ASW,CE,Combined TRACON& Tower with Radar,281,57,79,15,432,0,2,100,13,115,281,59,179,28,547,0,0,0,547
07/17/2010,AUS,TX,ASW,CE,Combined TRACON& Tower with Radar,243,35,58,15,351,0,2,66,3,71,243,37,124,18,422,16,0,16,438
07/18/2010,AUS,TX,ASW,CE,Combined TRACON& Tower with Radar,264,25,57,4,350,0,6,50,3,59,264,31,107,7,409,16,0,16,425
07/19/2010,AUS,TX,ASW,CE,Combined TRACON& Tower with Radar,268,48,71,22,409,0,0,79,4,83,268,48,150,26,492,2,10,12,504
07/20/2010,AUS,TX,ASW,CE,Combined TRACON& Tower with Radar,283,69,96,18,466,0,0,74,13,87,283,69,170,31,553,0,0,0,553
07/21/2010,AUS,TX,ASW,CE,Combined TRACON& Tower with Radar,279,56,86,2,423,0,1,80,4,85,279,57,166,6,508,22,0,22,530
07/22/2010,AUS,TX,ASW,CE,Combined TRACON& Tower with Radar,279,57,84,9,429,0,1,54,3,58,279,58,138,12,487,6,0,6,493
07/23/2010,AUS,TX,ASW,CE,Combined TRACON& Tower with Radar,281,52,75,11,419,0,1,76,19,96,281,53,151,30,515,0,0,0,515
07/24/2010,AUS,TX,ASW,CE,Combined TRACON& Tower with Radar,233,27,48,13,321,0,0,62,3,65,233,27,110,16,386,12,0,12,398
07/25/2010,AUS,TX,ASW,CE,Combined TRACON& Tower with Radar,259,23,33,7,322,1,0,57,7,65,260,23,90,14,387,26,0,26,413
07/26/2010,AUS,TX,ASW,CE,Combined TRACON& Tower with Radar,283,45,71,0,399,0,0,42,4,46,283,45,113,4,445,0,0,0,445
07/27/2010,AUS,TX,ASW,CE,Combined TRACON& Tower with Radar,286,60,59,4,409,0,1,35,3,39,286,61,94,7,448,16,6,22,470
07/28/2010,AUS,TX,ASW,CE,Combined TRACON& Tower with Radar,279,53,90,16,438,0,2,20,5,27,279,55,110,21,465,4,28,32,497
07/29/2010,AUS,TX,ASW,CE,Combined TRACON& Tower with Radar,280,58,101,10,449,0,3,113,13,129,280,61,214,23,578,28,22,50,628
07/30/2010,AUS,TX,ASW,CE,Combined TRACON& Tower with Radar,276,49,96,17,438,0,2,90,5,97,276,51,186,22,535,4,0,4,539
07/31/2010,AUS,TX,ASW,CE,Combined TRACON& Tower with Radar,228,31,47,3,309,0,0,89,0,89,228,31,136,3,398,0,0,0,398
08/01/2010,AUS,TX,ASW,CE,Combined TRACON& Tower with Radar,261,29,53,11,354,0,0,82,0,82,261,29,135,11,436,24,0,24,460
08/02/2010,AUS,TX,ASW,CE,Combined TRACON& Tower with Radar,271,35,43,6,355,0,8,65,8,81,271,43,108,14,436,0,0,0,436
08/03/2010,AUS,TX,ASW,CE,Combined TRACON& Tower with Radar,278,54,76,11,419,0,3,105,11,119,278,57,181,22,538,0,0,0,538
08/04/2010,AUS,TX,ASW,CE,Combined TRACON& Tower with Radar,281,58,78,15,432,0,5,95,21,121,281,63,173,36,553,2,20,22,575
08/05/2010,AUS,TX,ASW,CE,Combined TRACON& Tower with Radar,278,52,64,13,407,0,3,114,10,127,278,55,178,23,534,40,0,40,574
08/06/2010,AUS,TX,ASW,CE,Combined TRACON& Tower with Radar,300,50,89,20,459,0,5,102,8,115,300,55,191,28,574,6,2,8,582
08/07/2010,AUS,TX,ASW,CE,Combined TRACON& Tower with Radar,237,18,54,7,316,0,4,103,3,110,237,22,157,10,426,12,0,12,438
08/08/2010,AUS,TX,ASW,CE,Combined TRACON& Tower with Radar,256,29,40,12,337,0,2,81,9,92,256,31,121,21,429,18,0,18,447
08/09/2010,AUS,TX,ASW,CE,Combined TRACON& Tower with Radar,273,38,60,6,377,0,3,52,3,58,273,41,112,9,435,0,0,0,435
08/10/2010,AUS,TX,ASW,CE,Combined TRACON& Tower with Radar,279,51,83,6,419,0,2,81,13,96,279,53,164,19,515,0,0,0,515
08/11/2010,AUS,TX,ASW,CE,Combined TRACON& Tower with Radar,279,52,115,7,453,0,4,83,7,94,279,56,198,14,547,0,0,0,547
08/12/2010,AUS,TX,ASW,CE,Combined TRACON& Tower with Radar,278,45,88,11,422,0,2,77,17,96,278,47,165,28,518,2,14,16,534
08/13/2010,AUS,TX,ASW,CE,Combined TRACON& Tower with Radar,277,46,74,16,413,0,5,83,22,110,277,51,157,38,523,0,20,20,543
08/14/2010,AUS,TX,ASW,CE,Combined TRACON& Tower with Radar,234,21,48,5,308,0,7,84,6,97,234,28,132,11,405,16,0,16,421
08/15/2010,AUS,TX,ASW,CE,Combined TRACON& Tower with Radar,262,20,65,23,370,0,0,67,9,76,262,20,132,32,446,2,6,8,454
08/16/2010,AUS,TX,ASW,CE,Combined TRACON& Tower with Radar,286,41,79,15,421,0,4,67,5,76,286,45,146,20,497,0,0,0,497
08/17/2010,AUS,TX,ASW,CE,Combined TRACON& Tower with Radar,267,57,84,12,420,0,2,83,10,95,267,59,167,22,515,14,0,14,529
08/18/2010,AUS,TX,ASW,CE,Combined TRACON& Tower with Radar,270,62,77,18,427,0,2,85,13,100,270,64,162,31,527,0,0,0,527
08/19/2010,AUS,TX,ASW,CE,Combined TRACON& Tower with Radar,273,56,68,13,410,0,3,108,25,136,273,59,176,38,546,4,0,4,550
08/20/2010,AUS,TX,ASW,CE,Combined TRACON& Tower with Radar,272,45,58,29,404,0,4,111,14,129,272,49,169,43,533,8,2,10,543
08/21/2010,AUS,TX,ASW,CE,Combined TRACON& Tower with Radar,212,23,49,1,285,0,0,88,1,89,212,23,137,2,374,0,0,0,374
08/22/2010,AUS,TX,ASW,CE,Combined TRACON& Tower with Radar,254,23,61,13,351,0,0,80,8,88,254,23,141,21,439,8,0,8,447
08/23/2010,AUS,TX,ASW,CE,Combined TRACON& Tower with Radar,266,38,62,15,381,0,2,62,7,71,266,40,124,22,452,5,0,5,457
08/24/2010,AUS,TX,ASW,CE,Combined TRACON& Tower with Radar,288,44,74,15,421,0,3,75,6,84,288,47,149,21,505,10,4,14,519
08/25/2010,AUS,TX,ASW,CE,Combined TRACON& Tower with Radar,275,50,81,9,415,0,3,87,12,102,275,53,168,21,517,12,0,12,529
08/26/2010,AUS,TX,ASW,CE,Combined TRACON& Tower with Radar,270,63,122,7,462,0,3,86,16,105,270,66,208,23,567,6,0,6,573
08/27/2010,AUS,TX,ASW,CE,Combined TRACON& Tower with Radar,272,49,61,18,400,0,2,93,12,107,272,51,154,30,507,0,0,0,507
08/28/2010,AUS,TX,ASW,CE,Combined TRACON& Tower with Radar,205,17,46,5,273,0,1,125,0,126,205,18,171,5,399,62,0,62,461
08/29/2010,AUS,TX,ASW,CE,Combined TRACON& Tower with Radar,246,33,52,12,343,0,0,83,1,84,246,33,135,13,427,20,0,20,447
08/30/2010,AUS,TX,ASW,CE,Combined TRACON& Tower with Radar,266,46,80,14,406,0,4,32,7,43,266,50,112,21,449,0,0,0,449
08/31/2010,AUS,TX,ASW,CE,Combined TRACON& Tower with Radar,268,49,88,10,415,0,4,80,7,91,268,53,168,17,506,22,0,22,528
09/01/2010,AUS,TX,ASW,CE,Combined TRACON& Tower with Radar,284,54,82,36,456,0,2,69,42,113,284,56,151,78,569,14,24,38,607
09/02/2010,AUS,TX,ASW,CE,Combined TRACON& Tower with Radar,273,66,62,12,413,0,3,62,5,70,273,69,124,17,483,18,0,18,501
09/03/2010,AUS,TX,ASW,CE,Combined TRACON& Tower with Radar,273,60,99,11,443,0,2,60,5,67,273,62,159,16,510,40,0,40,550
09/04/2010,AUS,TX,ASW,CE,Combined TRACON& Tower with Radar,195,18,41,0,254,0,0,93,0,93,195,18,134,0,347,18,0,18,365
09/05/2010,AUS,TX,ASW,CE,Combined TRACON& Tower with Radar,201,12,30,3,246,0,0,68,0,68,201,12,98,3,314,6,0,6,320
09/06/2010,AUS,TX,ASW,CE,Combined TRACON& Tower with Radar,260,28,71,6,365,0,0,67,1,68,260,28,138,7,433,8,0,8,441
09/07/2010,AUS,TX,ASW,CE,Combined TRACON& Tower with Radar,286,42,43,2,373,0,0,0,0,0,286,42,43,2,373,0,0,0,373
09/08/2010,AUS,TX,ASW,CE,Combined TRACON& Tower with Radar,276,57,68,2,403,0,0,18,6,24,276,57,86,8,427,0,0,0,427
09/09/2010,AUS,TX,ASW,CE,Combined TRACON& Tower with Radar,277,55,79,9,420,0,2,44,18,64,277,57,123,27,484,42,0,42,526
09/10/2010,AUS,TX,ASW,CE,Combined TRACON& Tower with Radar,277,57,103,20,457,0,2,111,20,133,277,59,214,40,590,42,0,42,632
09/11/2010,AUS,TX,ASW,CE,Combined TRACON& Tower with Radar,206,30,80,2,318,0,2,99,18,119,206,32,179,20,437,14,0,14,451
09/12/2010,AUS,TX,ASW,CE,Combined TRACON& Tower with Radar,249,47,77,7,380,0,2,88,16,106,249,49,165,23,486,8,4,12,498
09/13/2010,AUS,TX,ASW,CE,Combined TRACON& Tower with Radar,267,45,76,22,410,0,3,52,2,57,267,48,128,24,467,22,0,22,489
09/14/2010,AUS,TX,ASW,CE,Combined TRACON& Tower with Radar,275,64,86,6,431,0,2,67,8,77,275,66,153,14,508,0,0,0,508
09/15/2010,AUS,TX,ASW,CE,Combined TRACON& Tower with Radar,266,61,99,8,434,0,3,71,11,85,266,64,170,19,519,14,0,14,533
09/16/2010,AUS,TX,ASW,CE,Combined TRACON& Tower with Radar,270,74,91,8,443,0,3,72,9,84,270,77,163,17,527,16,6,22,549
09/17/2010,AUS,TX,ASW,CE,Combined TRACON& Tower with Radar,281,61,80,9,431,0,0,72,20,92,281,61,152,29,523,2,0,2,525
09/18/2010,AUS,TX,ASW,CE,Combined TRACON& Tower with Radar,207,22,61,1,291,0,0,45,0,45,207,22,106,1,336,14,0,14,350
09/19/2010,AUS,TX,ASW,CE,Combined TRACON& Tower with Radar,249,38,82,12,381,0,0,39,3,42,249,38,121,15,423,0,0,0,423
09/20/2010,AUS,TX,ASW,CE,Combined TRACON& Tower with Radar,267,60,97,11,435,0,0,31,7,38,267,60,128,18,473,0,0,0,473
09/21/2010,AUS,TX,ASW,CE,Combined TRACON& Tower with Radar,267,65,112,10,454,0,2,17,4,23,267,67,129,14,477,14,0,14,491
09/22/2010,AUS,TX,ASW,CE,Combined TRACON& Tower with Radar,269,64,105,6,444,0,3,50,4,57,269,67,155,10,501,26,0,26,527
09/23/2010,AUS,TX,ASW,CE,Combined TRACON& Tower with Radar,272,74,132,4,482,0,3,59,4,66,272,77,191,8,548,26,0,26,574
09/24/2010,AUS,TX,ASW,CE,Combined TRACON& Tower with Radar,278,55,134,5,472,0,2,68,5,75,278,57,202,10,547,0,0,0,547
09/25/2010,AUS,TX,ASW,CE,Combined TRACON& Tower with Radar,211,23,82,2,318,0,0,54,2,56,211,23,136,4,374,6,0,6,380
09/26/2010,AUS,TX,ASW,CE,Combined TRACON& Tower with Radar,246,40,112,6,404,0,2,69,3,74,246,42,181,9,478,0,0,0,478
09/27/2010,AUS,TX,ASW,CE,Combined TRACON& Tower with Radar,269,48,87,12,416,0,7,87,5,99,269,55,174,17,515,12,4,16,531
09/28/2010,AUS,TX,ASW,CE,Combined TRACON& Tower with Radar,273,51,84,12,420,0,6,98,8,112,273,57,182,20,532,0,0,0,532
09/29/2010,AUS,TX,ASW,CE,Combined TRACON& Tower with Radar,268,62,92,13,435,0,6,164,10,180,268,68,256,23,615,32,18,50,665
09/30/2010,AUS,TX,ASW,CE,Combined TRACON& Tower with Radar,270,52,82,16,420,0,4,105,12,121,270,56,187,28,541,12,6,18,559
10/01/2010,AUS,TX,ASW,CE,Combined TRACON& Tower with Radar,274,52,84,11,421,0,2,137,13,152,274,54,221,24,573,22,0,22,595
10/02/2010,AUS,TX,ASW,CE,Combined TRACON& Tower with Radar,210,27,49,1,287,0,1,107,7,115,210,28,156,8,402,30,0,30,432
10/03/2010,AUS,TX,ASW,CE,Combined TRACON& Tower with Radar,244,42,73,3,362,0,0,114,6,120,244,42,187,9,482,0,0,0,482
10/04/2010,AUS,TX,ASW,CE,Combined TRACON& Tower with Radar,262,42,70,0,374,0,3,72,4,79,262,45,142,4,453,0,0,0,453
10/05/2010,AUS,TX,ASW,CE,Combined TRACON& Tower with Radar,263,55,84,9,411,0,6,108,11,125,263,61,192,20,536,0,0,0,536
10/06/2010,AUS,TX,ASW,CE,Combined TRACON& Tower with Radar,271,65,84,6,426,0,2,75,8,85,271,67,159,14,511,0,0,0,511
10/07/2010,AUS,TX,ASW,CE,Combined TRACON& Tower with Radar,272,62,119,10,463,0,2,79,6,87,272,64,198,16,550,0,0,0,550
10/08/2010,AUS,TX,ASW,CE,Combined TRACON& Tower with Radar,274,62,113,3,452,0,2,102,1,105,274,64,215,4,557,0,0,0,557
10/09/2010,AUS,TX,ASW,CE,Combined TRACON& Tower with Radar,209,47,36,3,295,0,0,91,2,93,209,47,127,5,388,6,0,6,394
10/10/2010,AUS,TX,ASW,CE,Combined TRACON& Tower with Radar,243,51,93,1,388,0,1,91,3,95,243,52,184,4,483,28,2,30,513
10/11/2010,AUS,TX,ASW,CE,Combined TRACON& Tower with Radar,265,46,98,3,412,0,0,70,0,70,265,46,168,3,482,0,0,0,482
10/12/2010,AUS,TX,ASW,CE,Combined TRACON& Tower with Radar,264,59,82,6,411,0,3,87,15,105,264,62,169,21,516,0,0,0,516
10/13/2010,AUS,TX,ASW,CE,Combined TRACON& Tower with Radar,267,64,83,6,420,0,4,121,26,151,267,68,204,32,571,20,0,20,591
10/14/2010,AUS,TX,ASW,CE,Combined TRACON& Tower with Radar,270,71,96,7,444,0,3,127,10,140,270,74,223,17,584,8,0,8,592
10/15/2010,AUS,TX,ASW,CE,Combined TRACON& Tower with Radar,271,65,103,10,449,0,3,119,19,141,271,68,222,29,590,8,0,8,598
10/16/2010,AUS,TX,ASW,CE,Combined TRACON& Tower with Radar,217,35,63,6,321,0,6,122,6,134,217,41,185,12,455,6,0,6,461
10/17/2010,AUS,TX,ASW,CE,Combined TRACON& Tower with Radar,244,46,89,9,388,0,1,109,7,117,244,47,198,16,505,10,6,16,521
10/18/2010,AUS,TX,ASW,CE,Combined TRACON& Tower with Radar,266,44,87,2,399,0,3,79,4,86,266,47,166,6,485,0,0,0,485
10/19/2010,AUS,TX,ASW,CE,Combined TRACON& Tower with Radar,264,77,105,9,455,0,2,65,13,80,264,79,170,22,535,0,0,0,535
10/20/2010,AUS,TX,ASW,CE,Combined TRACON& Tower with Radar,269,51,95,12,427,0,3,103,13,119,269,54,198,25,546,0,0,0,546
10/21/2010,AUS,TX,ASW,CE,Combined TRACON& Tower with Radar,275,62,117,6,460,0,3,105,16,124,275,65,222,22,584,0,0,0,584
10/22/2010,AUS,TX,ASW,CE,Combined TRACON& Tower with Radar,272,75,137,10,494,0,1,59,14,74,272,76,196,24,568,0,0,0,568
10/23/2010,AUS,TX,ASW,CE,Combined TRACON& Tower with Radar,213,36,68,2,319,0,0,32,1,33,213,36,100,3,352,18,0,18,370
10/24/2010,AUS,TX,ASW,CE,Combined TRACON& Tower with Radar,247,44,104,11,406,0,0,63,2,65,247,44,167,13,471,0,0,0,471
10/25/2010,AUS,TX,ASW,CE,Combined TRACON& Tower with Radar,268,51,94,5,418,0,2,38,4,44,268,53,132,9,462,0,0,0,462
10/26/2010,AUS,TX,ASW,CE,Combined TRACON& Tower with Radar,260,59,97,14,430,0,2,88,20,110,260,61,185,34,540,0,0,0,540
10/27/2010,AUS,TX,ASW,CE,Combined TRACON& Tower with Radar,263,65,102,7,437,0,5,73,5,83,263,70,175,12,520,0,0,0,520
10/28/2010,AUS,TX,ASW,CE,Combined TRACON& Tower with Radar,272,64,109,6,451,0,4,100,13,117,272,68,209,19,568,0,0,0,568
10/29/2010,AUS,TX,ASW,CE,Combined TRACON& Tower with Radar,272,69,96,11,448,0,4,159,12,175,272,73,255,23,623,0,0,0,623
10/30/2010,AUS,TX,ASW,CE,Combined TRACON& Tower with Radar,205,30,85,1,321,0,4,116,2,122,205,34,201,3,443,10,0,10,453
10/31/2010,AUS,TX,ASW,CE,Combined TRACON& Tower with Radar,231,31,71,2,335,0,6,124,1,131,231,37,195,3,466,14,0,14,480
11/01/2010,AUS,TX,ASW,CE,Combined TRACON& Tower with Radar,267,45,102,3,417,0,3,45,2,50,267,48,147,5,467,16,0,16,483
11/02/2010,AUS,TX,ASW,CE,Combined TRACON& Tower with Radar,261,66,100,7,434,0,1,62,9,72,261,67,162,16,506,0,0,0,506
11/03/2010,AUS,TX,ASW,CE,Combined TRACON& Tower with Radar,272,54,103,22,451,0,1,17,10,28,272,55,120,32,479,0,18,18,497
11/04/2010,AUS,TX,ASW,CE,Combined TRACON& Tower with Radar,267,58,125,14,464,0,1,97,48,146,267,59,222,62,610,2,32,34,644
11/05/2010,AUS,TX,ASW,CE,Combined TRACON& Tower with Radar,267,70,80,6,423,0,2,143,13,158,267,72,223,19,581,14,0,14,595
11/06/2010,AUS,TX,ASW,CE,Combined TRACON& Tower with Radar,208,26,47,2,283,0,3,97,10,110,208,29,144,12,393,0,0,0,393
11/07/2010,AUS,TX,ASW,CE,Combined TRACON& Tower with Radar,256,45,69,12,382,0,0,102,14,116,256,45,171,26,498,0,0,0,498
11/08/2010,AUS,TX,ASW,CE,Combined TRACON& Tower with Radar,266,56,66,8,396,0,3,76,9,88,266,59,142,17,484,0,0,0,484
11/09/2010,AUS,TX,ASW,CE,Combined TRACON& Tower with Radar,268,72,77,6,423,0,4,78,17,99,268,76,155,23,522,12,0,12,534
11/10/2010,AUS,TX,ASW,CE,Combined TRACON& Tower with Radar,268,63,119,13,463,0,3,82,14,99,268,66,201,27,562,6,0,6,568
11/11/2010,AUS,TX,ASW,CE,Combined TRACON& Tower with Radar,272,56,92,2,422,0,0,59,5,64,272,56,151,7,486,0,0,0,486
11/12/2010,AUS,TX,ASW,CE,Combined TRACON& Tower with Radar,288,63,116,16,483,0,2,49,8,59,288,65,165,24,542,8,0,8,550
11/13/2010,AUS,TX,ASW,CE,Combined TRACON& Tower with Radar,204,23,91,2,320,0,0,102,8,110,204,23,193,10,430,10,0,10,440
11/14/2010,AUS,TX,ASW,CE,Combined TRACON& Tower with Radar,257,44,94,10,405,0,3,87,4,94,257,47,181,14,499,16,0,16,515
11/15/2010,AUS,TX,ASW,CE,Combined TRACON& Tower with Radar,264,54,117,7,442,0,1,25,2,28,264,55,142,9,470,30,0,30,500
11/16/2010,AUS,TX,ASW,CE,Combined TRACON& Tower with Radar,263,66,103,9,441,0,2,132,13,147,263,68,235,22,588,0,0,0,588
11/17/2010,AUS,TX,ASW,CE,Combined TRACON& Tower with Radar,264,59,79,8,410,0,3,99,14,116,264,62,178,22,526,0,0,0,526
11/18/2010,AUS,TX,ASW,CE,Combined TRACON& Tower with Radar,267,75,92,11,445,0,4,114,21,139,267,79,206,32,584,14,0,14,598
11/19/2010,AUS,TX,ASW,CE,Combined TRACON& Tower with Radar,280,65,93,16,454,0,2,132,18,152,280,67,225,34,606,24,0,24,630
11/20/2010,AUS,TX,ASW,CE,Combined TRACON& Tower with Radar,209,44,111,10,374,0,0,70,8,78,209,44,181,18,452,12,0,12,464
11/21/2010,AUS,TX,ASW,CE,Combined TRACON& Tower with Radar,249,37,74,10,370,0,0,24,6,30,249,37,98,16,400,28,0,28,428
11/22/2010,AUS,TX,ASW,CE,Combined TRACON& Tower with Radar,265,47,69,12,393,0,1,78,5,84,265,48,147,17,477,10,0,10,487
11/23/2010,AUS,TX,ASW,CE,Combined TRACON& Tower with Radar,282,62,136,7,487,0,3,79,5,87,282,65,215,12,574,18,0,18,592
11/24/2010,AUS,TX,ASW,CE,Combined TRACON& Tower with Radar,279,77,97,5,458,0,1,47,1,49,279,78,144,6,507,6,0,6,513
11/25/2010,AUS,TX,ASW,CE,Combined TRACON& Tower with Radar,175,26,51,0,252,0,0,8,4,12,175,26,59,4,264,0,0,0,264
11/26/2010,AUS,TX,ASW,CE,Combined TRACON& Tower with Radar,213,43,32,0,288,0,2,75,0,77,213,45,107,0,365,0,0,0,365
11/27/2010,AUS,TX,ASW,CE,Combined TRACON& Tower with Radar,230,31,55,0,316,0,3,138,0,141,230,34,193,0,457,22,0,22,479
11/28/2010,AUS,TX,ASW,CE,Combined TRACON& Tower with Radar,276,54,97,0,427,0,0,83,0,83,276,54,180,0,510,22,0,22,532
11/29/2010,AUS,TX,ASW,CE,Combined TRACON& Tower with Radar,274,52,69,2,397,0,2,36,8,46,274,54,105,10,443,0,0,0,443
11/30/2010,AUS,TX,ASW,CE,Combined TRACON& Tower with Radar,267,64,88,4,423,0,3,56,10,69,267,67,144,14,492,6,0,6,498
12/01/2010,AUS,TX,ASW,CE,Combined TRACON& Tower with Radar,271,66,123,2,462,0,4,117,10,131,271,70,240,12,593,12,0,12,605
12/02/2010,AUS,TX,ASW,CE,Combined TRACON& Tower with Radar,277,59,101,7,444,0,4,98,5,107,277,63,199,12,551,0,2,2,553
12/03/2010,AUS,TX,ASW,CE,Combined TRACON& Tower with Radar,275,55,107,27,464,0,5,94,12,111,275,60,201,39,575,4,4,8,583
12/04/2010,AUS,TX,ASW,CE,Combined TRACON& Tower with Radar,205,29,54,6,294,0,2,117,4,123,205,31,171,10,417,16,0,16,433
12/05/2010,AUS,TX,ASW,CE,Combined TRACON& Tower with Radar,242,30,65,7,344,0,2,117,4,123,242,32,182,11,467,14,0,14,481
12/06/2010,AUS,TX,ASW,CE,Combined TRACON& Tower with Radar,266,61,83,3,413,0,3,81,4,88,266,64,164,7,501,0,0,0,501
12/07/2010,AUS,TX,ASW,CE,Combined TRACON& Tower with Radar,261,66,95,4,426,0,1,92,5,98,261,67,187,9,524,14,8,22,546
12/08/2010,AUS,TX,ASW,CE,Combined TRACON& Tower with Radar,264,70,113,6,453,0,3,102,16,121,264,73,215,22,574,4,0,4,578
12/09/2010,AUS,TX,ASW,CE,Combined TRACON& Tower with Radar,272,59,99,6,436,0,2,102,7,111,272,61,201,13,547,20,0,20,567
12/10/2010,AUS,TX,ASW,CE,Combined TRACON& Tower with Radar,282,62,79,28,451,0,3,101,22,126,282,65,180,50,577,10,0,10,587
12/11/2010,AUS,TX,ASW,CE,Combined TRACON& Tower with Radar,202,27,61,8,298,0,0,82,8,90,202,27,143,16,388,28,0,28,416
12/12/2010,AUS,TX,ASW,CE,Combined TRACON& Tower with Radar,241,30,70,14,355,0,3,85,11,99,241,33,155,25,454,0,0,0,454
12/13/2010,AUS,TX,ASW,CE,Combined TRACON& Tower with Radar,261,65,85,12,423,0,1,106,14,121,261,66,191,26,544,18,0,18,562
12/14/2010,AUS,TX,ASW,CE,Combined TRACON& Tower with Radar,254,53,106,19,432,0,2,82,19,103,254,55,188,38,535,0,0,0,535
12/15/2010,AUS,TX,ASW,CE,Combined TRACON& Tower with Radar,269,58,100,4,431,0,3,73,10,86,269,61,173,14,517,0,0,0,517
12/16/2010,AUS,TX,ASW,CE,Combined TRACON& Tower with Radar,268,60,111,11,450,0,1,82,12,95,268,61,193,23,545,18,0,18,563
12/17/2010,AUS,TX,ASW,CE,Combined TRACON& Tower with Radar,289,66,118,12,485,0,2,82,11,95,289,68,200,23,580,0,0,0,580
12/18/2010,AUS,TX,ASW,CE,Combined TRACON& Tower with Radar,227,29,56,5,317,0,1,78,2,81,227,30,134,7,398,38,0,38,436
12/19/2010,AUS,TX,ASW,CE,Combined TRACON& Tower with Radar,253,33,45,4,335,0,0,71,7,78,253,33,116,11,413,4,0,4,417
12/20/2010,AUS,TX,ASW,CE,Combined TRACON& Tower with Radar,265,45,90,8,408,0,3,48,10,61,265,48,138,18,469,0,0,0,469
12/21/2010,AUS,TX,ASW,CE,Combined TRACON& Tower with Radar,281,66,101,7,455,0,1,63,10,74,281,67,164,17,529,24,0,24,553
12/22/2010,AUS,TX,ASW,CE,Combined TRACON& Tower with Radar,283,63,84,5,435,0,0,21,12,33,283,63,105,17,468,36,0,36,504
12/23/2010,AUS,TX,ASW,CE,Combined TRACON& Tower with Radar,290,63,88,2,443,0,1,15,0,16,290,64,103,2,459,8,0,8,467
12/24/2010,AUS,TX,ASW,CE,Combined TRACON& Tower with Radar,215,39,16,0,270,0,0,0,2,2,215,39,16,2,272,0,0,0,272
12/25/2010,AUS,TX,ASW,CE,Combined TRACON& Tower with Radar,180,19,12,0,211,0,0,10,0,10,180,19,22,0,221,0,0,0,221
12/26/2010,AUS,TX,ASW,CE,Combined TRACON& Tower with Radar,247,37,56,0,340,0,1,73,1,75,247,38,129,1,415,4,0,4,419
12/27/2010,AUS,TX,ASW,CE,Combined TRACON& Tower with Radar,261,48,71,8,388,0,3,76,2,81,261,51,147,10,469,0,0,0,469
12/28/2010,AUS,TX,ASW,CE,Combined TRACON& Tower with Radar,271,45,47,3,366,0,0,2,5,7,271,45,49,8,373,0,16,16,389
12/29/2010,AUS,TX,ASW,CE,Combined TRACON& Tower with Radar,296,46,50,9,401,0,4,31,8,43,296,50,81,17,444,4,0,4,448
12/30/2010,AUS,TX,ASW,CE,Combined TRACON& Tower with Radar,282,44,62,4,392,0,2,42,6,50,282,46,104,10,442,0,0,0,442
12/31/2010,AUS,TX,ASW,CE,Combined TRACON& Tower with Radar,217,39,23,0,279,0,2,49,0,51,217,41,72,0,330,0,0,0,330
01/01/2011,AUS,TX,ASW,CE,Combined TRACON& Tower with Radar,193,34,24,1,252,0,1,42,7,50,193,35,66,8,302,0,0,0,302
01/02/2011,AUS,TX,ASW,CE,Combined TRACON& Tower with Radar,255,36,78,0,369,0,0,115,0,115,255,36,193,0,484,0,0,0,484
01/03/2011,AUS,TX,ASW,CE,Combined TRACON& Tower with Radar,285,45,72,6,408,0,1,63,3,67,285,46,135,9,475,0,0,0,475
01/04/2011,AUS,TX,ASW,CE,Combined TRACON& Tower with Radar,274,52,89,8,423,0,2,7,0,9,274,54,96,8,432,0,0,0,432
01/05/2011,AUS,TX,ASW,CE,Combined TRACON& Tower with Radar,269,56,80,3,408,0,2,80,9,91,269,58,160,12,499,10,0,10,509
01/06/2011,AUS,TX,ASW,CE,Combined TRACON& Tower with Radar,275,44,73,3,395,0,7,111,18,136,275,51,184,21,531,28,0,28,559
01/07/2011,AUS,TX,ASW,CE,Combined TRACON& Tower with Radar,273,56,73,0,402,0,4,72,14,90,273,60,145,14,492,0,0,0,492
01/08/2011,AUS,TX,ASW,CE,Combined TRACON& Tower with Radar,197,19,38,3,257,0,3,85,17,105,197,22,123,20,362,22,0,22,384
01/09/2011,AUS,TX,ASW,CE,Combined TRACON& Tower with Radar,232,31,44,4,311,0,0,4,3,7,232,31,48,7,318,0,0,0,318
01/10/2011,AUS,TX,ASW,CE,Combined TRACON& Tower with Radar,261,40,79,0,380,0,0,0,0,0,261,40,79,0,380,0,0,0,380
01/11/2011,AUS,TX,ASW,CE,Combined TRACON& Tower with Radar,250,49,103,14,416,0,3,67,37,107,250,52,170,51,523,11,12,23,546
01/12/2011,AUS,TX,ASW,CE,Combined TRACON& Tower with Radar,248,40,94,3,385,0,3,57,5,65,248,43,151,8,450,8,0,8,458
01/13/2011,AUS,TX,ASW,CE,Combined TRACON& Tower with Radar,273,61,105,14,453,0,2,63,9,74,273,63,168,23,527,0,0,0,527
01/14/2011,AUS,TX,ASW,CE,Combined TRACON& Tower with Radar,272,65,133,7,477,0,0,26,5,31,272,65,159,12,508,20,0,20,528
01/15/2011,AUS,TX,ASW,CE,Combined TRACON& Tower with Radar,194,24,37,6,261,0,0,0,0,0,194,24,37,6,261,0,0,0,261
01/16/2011,AUS,TX,ASW,CE,Combined TRACON& Tower with Radar,238,26,60,1,325,0,0,1,0,1,238,26,61,1,326,0,0,0,326
01/17/2011,AUS,TX,ASW,CE,Combined TRACON& Tower with Radar,263,36,111,12,422,0,0,60,6,66,263,36,171,18,488,0,0,0,488
01/18/2011,AUS,TX,ASW,CE,Combined TRACON& Tower with Radar,260,67,146,12,485,0,4,63,24,91,260,71,209,36,576,0,0,0,576
01/19/2011,AUS,TX,ASW,CE,Combined TRACON& Tower with Radar,269,55,113,3,440,0,2,99,13,114,269,57,212,16,554,12,18,30,584
01/20/2011,AUS,TX,ASW,CE,Combined TRACON& Tower with Radar,266,49,98,12,425,0,2,35,20,57,266,51,133,32,482,24,16,40,522
01/21/2011,AUS,TX,ASW,CE,Combined TRACON& Tower with Radar,275,60,88,8,431,0,5,104,19,128,275,65,192,27,559,0,0,0,559
01/22/2011,AUS,TX,ASW,CE,Combined TRACON& Tower with Radar,192,23,68,8,291,0,0,122,14,136,192,23,190,22,427,10,0,10,437
01/23/2011,AUS,TX,ASW,CE,Combined TRACON& Tower with Radar,240,28,65,9,342,0,2,44,8,54,240,30,109,17,396,50,0,50,446
01/24/2011,AUS,TX,ASW,CE,Combined TRACON& Tower with Radar,262,39,69,25,395,0,3,66,16,85,262,42,135,41,480,0,6,6,486
01/25/2011,AUS,TX,ASW,CE,Combined TRACON& Tower with Radar,271,54,76,25,426,0,2,77,20,99,271,56,153,45,525,0,8,8,533
01/26/2011,AUS,TX,ASW,CE,Combined TRACON& Tower with Radar,262,50,77,12,401,0,4,88,16,108,262,54,165,28,509,12,0,12,521
01/27/2011,AUS,TX,ASW,CE,Combined TRACON& Tower with Radar,264,54,101,14,433,0,3,98,11,112,264,57,199,25,545,0,0,0,545
01/28/2011,AUS,TX,ASW,CE,Combined TRACON& Tower with Radar,277,63,96,19,455,0,3,119,11,133,277,66,215,30,588,6,0,6,594
01/29/2011,AUS,TX,ASW,CE,Combined TRACON& Tower with Radar,195,27,53,5,280,0,0,59,3,62,195,27,112,8,342,24,0,24,366
01/30/2011,AUS,TX,ASW,CE,Combined TRACON& Tower with Radar,245,47,54,9,355,0,0,71,4,75,245,47,125,13,430,20,0,20,450
01/31/2011,AUS,TX,ASW,CE,Combined TRACON& Tower with Radar,265,47,69,10,391,0,1,36,6,43,265,48,105,16,434,40,2,42,476
02/01/2011,AUS,TX,ASW,CE,Combined TRACON& Tower with Radar,222,46,65,11,344,0,0,8,9,17,222,46,73,20,361,0,0,0,361
02/02/2011,AUS,TX,ASW,CE,Combined TRACON& Tower with Radar,230,39,88,7,364,0,3,13,6,22,230,42,101,13,386,0,0,0,386
02/03/2011,AUS,TX,ASW,CE,Combined TRACON& Tower with Radar,256,59,81,4,400,0,0,19,6,25,256,59,100,10,425,0,0,0,425
02/04/2011,AUS,TX,ASW,CE,Combined TRACON& Tower with Radar,243,32,81,17,373,0,3,21,15,39,243,35,102,32,412,0,28,28,440
02/05/2011,AUS,TX,ASW,CE,Combined TRACON& Tower with Radar,192,24,46,5,267,0,4,97,2,103,192,28,143,7,370,18,10,28,398
02/06/2011,AUS,TX,ASW,CE,Combined TRACON& Tower with Radar,240,27,50,3,320,0,1,82,2,85,240,28,132,5,405,28,0,28,433
02/07/2011,AUS,TX,ASW,CE,Combined TRACON& Tower with Radar,269,55,79,7,410,0,7,73,6,86,269,62,152,13,496,48,0,48,544
02/08/2011,AUS,TX,ASW,CE,Combined TRACON& Tower with Radar,271,60,94,16,441,0,1,77,14,92,271,61,171,30,533,0,0,0,533
02/09/2011,AUS,TX,ASW,CE,Combined TRACON& Tower with Radar,258,42,53,24,377,0,1,4,8,13,258,43,57,32,390,0,20,20,410
02/10/2011,AUS,TX,ASW,CE,Combined TRACON& Tower with Radar,279,52,87,15,433,0,3,85,10,98,279,55,172,25,531,18,0,18,549
02/11/2011,AUS,TX,ASW,CE,Combined TRACON& Tower with Radar,274,55,88,24,441,0,5,108,25,138,274,60,196,49,579,0,0,0,579
02/12/2011,AUS,TX,ASW,CE,Combined TRACON& Tower with Radar,199,21,41,8,269,0,3,125,20,148,199,24,166,28,417,0,0,0,417
02/13/2011,AUS,TX,ASW,CE,Combined TRACON& Tower with Radar,250,30,70,10,360,0,1,110,7,118,250,31,180,17,478,0,0,0,478
02/14/2011,AUS,TX,ASW,CE,Combined TRACON& Tower with Radar,266,49,93,3,411,0,2,64,10,76,266,51,157,13,487,2,0,2,489
02/15/2011,AUS,TX,ASW,CE,Combined TRACON& Tower with Radar,269,69,121,7,466,0,1,68,11,80,269,70,189,18,546,0,0,0,546
02/16/2011,AUS,TX,ASW,CE,Combined TRACON& Tower with Radar,269,63,101,14,447,0,0,46,10,56,269,63,147,24,503,4,0,4,507
02/17/2011,AUS,TX,ASW,CE,Combined TRACON& Tower with Radar,266,73,154,7,500,0,0,81,14,95,266,73,235,21,595,14,2,16,611
02/18/2011,AUS,TX,ASW,CE,Combined TRACON& Tower with Radar,283,49,127,10,469,0,0,70,2,72,283,49,197,12,541,0,0,0,541
02/19/2011,AUS,TX,ASW,CE,Combined TRACON& Tower with Radar,189,34,78,12,313,0,1,45,4,50,189,35,123,16,363,18,14,32,395
02/20/2011,AUS,TX,ASW,CE,Combined TRACON& Tower with Radar,232,24,67,11,334,0,0,48,4,52,232,24,115,15,386,0,0,0,386
02/21/2011,AUS,TX,ASW,CE,Combined TRACON& Tower with Radar,260,48,87,3,398,0,0,58,7,65,260,48,145,10,463,0,0,0,463
02/22/2011,AUS,TX,ASW,CE,Combined TRACON& Tower with Radar,281,65,114,8,468,0,2,43,5,50,281,67,157,13,518,22,0,22,540
02/23/2011,AUS,TX,ASW,CE,Combined TRACON& Tower with Radar,271,71,108,6,456,0,0,35,2,37,271,71,143,8,493,0,0,0,493
02/24/2011,AUS,TX,ASW,CE,Combined TRACON& Tower with Radar,277,67,95,10,449,0,1,49,10,60,277,68,144,20,509,6,0,6,515
02/25/2011,AUS,TX,ASW,CE,Combined TRACON& Tower with Radar,272,61,87,15,435,0,2,121,16,139,272,63,208,31,574,0,0,0,574
02/26/2011,AUS,TX,ASW,CE,Combined TRACON& Tower with Radar,206,27,65,17,315,0,0,22,7,29,206,27,87,24,344,14,0,14,358
02/27/2011,AUS,TX,ASW,CE,Combined TRACON& Tower with Radar,258,20,62,7,347,0,0,26,12,38,258,20,88,19,385,0,0,0,385
02/28/2011,AUS,TX,ASW,CE,Combined TRACON& Tower with Radar,274,47,83,12,416,0,4,77,14,95,274,51,160,26,511,0,0,0,511
03/01/2011,AUS,TX,ASW,CE,Combined TRACON& Tower with Radar,274,49,93,3,419,0,2,143,12,157,274,51,236,15,576,24,0,24,600
03/02/2011,AUS,TX,ASW,CE,Combined TRACON& Tower with Radar,271,55,94,11,431,0,5,105,21,131,271,60,199,32,562,16,0,16,578
03/03/2011,AUS,TX,ASW,CE,Combined TRACON& Tower with Radar,300,78,127,7,512,0,2,136,16,154,300,80,263,23,666,0,0,0,666
03/04/2011,AUS,TX,ASW,CE,Combined TRACON& Tower with Radar,273,55,101,12,441,0,1,44,17,62,273,56,145,29,503,30,0,30,533
03/05/2011,AUS,TX,ASW,CE,Combined TRACON& Tower with Radar,206,27,42,2,277,0,0,45,10,55,206,27,87,12,332,2,0,2,334
03/06/2011,AUS,TX,ASW,CE,Combined TRACON& Tower with Radar,253,31,76,12,372,0,0,122,12,134,253,31,198,24,506,0,0,0,506
03/07/2011,AUS,TX,ASW,CE,Combined TRACON& Tower with Radar,273,46,75,6,400,0,0,50,6,56,273,46,125,12,456,12,0,12,468
03/08/2011,AUS,TX,ASW,CE,Combined TRACON& Tower with Radar,280,55,77,10,422,0,0,65,11,76,280,55,142,21,498,0,0,0,498
03/09/2011,AUS,TX,ASW,CE,Combined TRACON& Tower with Radar,276,57,84,9,426,0,6,88,17,111,276,63,172,26,537,0,0,0,537
03/10/2011,AUS,TX,ASW,CE,Combined TRACON& Tower with Radar,280,68,134,10,492,0,7,172,13,192,280,75,306,23,684,4,4,8,692
03/11/2011,AUS,TX,ASW,CE,Combined TRACON& Tower with Radar,285,57,107,7,456,0,3,121,13,137,285,60,228,20,593,6,0,6,599
03/12/2011,AUS,TX,ASW,CE,Combined TRACON& Tower with Radar,224,52,90,0,366,0,0,78,6,84,224,52,168,6,450,54,0,54,504
03/13/2011,AUS,TX,ASW,CE,Combined TRACON& Tower with Radar,254,31,87,2,374,0,0,42,3,45,254,31,129,5,419,18,0,18,437
03/14/2011,AUS,TX,ASW,CE,Combined TRACON& Tower with Radar,282,49,78,3,412,0,2,45,2,49,282,51,123,5,461,0,0,0,461
03/15/2011,AUS,TX,ASW,CE,Combined TRACON& Tower with Radar,286,66,71,5,428,0,6,86,8,100,286,72,157,13,528,4,0,4,532
03/16/2011,AUS,TX,ASW,CE,Combined TRACON& Tower with Radar,282,60,104,10,456,0,1,73,6,80,282,61,177,16,536,28,0,28,564
03/17/2011,AUS,TX,ASW,CE,Combined TRACON& Tower with Radar,286,67,101,2,456,0,0,75,15,90,286,67,176,17,546,0,0,0,546
03/18/2011,AUS,TX,ASW,CE,Combined TRACON& Tower with Radar,281,72,98,6,457,0,1,90,16,107,281,73,188,22,564,0,0,0,564
03/19/2011,AUS,TX,ASW,CE,Combined TRACON& Tower with Radar,229,40,83,4,356,0,0,67,18,85,229,40,150,22,441,0,0,0,441
03/20/2011,AUS,TX,ASW,CE,Combined TRACON& Tower with Radar,259,56,95,9,419,0,2,56,15,73,259,58,151,24,492,0,0,0,492
03/21/2011,AUS,TX,ASW,CE,Combined TRACON& Tower with Radar,283,45,104,10,442,0,1,51,7,59,283,46,155,17,501,28,0,28,529
03/22/2011,AUS,TX,ASW,CE,Combined TRACON& Tower with Radar,271,66,102,10,449,0,2,40,12,54,271,68,142,22,503,0,0,0,503
03/23/2011,AUS,TX,ASW,CE,Combined TRACON& Tower with Radar,279,60,83,8,430,0,5,111,15,131,279,65,194,23,561,8,0,8,569
03/24/2011,AUS,TX,ASW,CE,Combined TRACON& Tower with Radar,282,62,116,10,470,0,1,107,13,121,282,63,223,23,591,10,0,10,601
03/25/2011,AUS,TX,ASW,CE,Combined TRACON& Tower with Radar,284,57,70,17,428,0,2,69,23,94,284,59,139,40,522,0,0,0,522
03/26/2011,AUS,TX,ASW,CE,Combined TRACON& Tower with Radar,218,36,71,9,334,0,1,73,23,97,218,37,144,32,431,20,0,20,451
03/27/2011,AUS,TX,ASW,CE,Combined TRACON& Tower with Radar,255,24,81,1,361,0,2,49,6,57,255,26,130,7,418,16,0,16,434
03/28/2011,AUS,TX,ASW,CE,Combined TRACON& Tower with Radar,275,64,114,13,466,0,0,13,4,17,275,64,127,17,483,40,0,40,523
03/29/2011,AUS,TX,ASW,CE,Combined TRACON& Tower with Radar,274,61,125,11,471,0,0,1,0,1,274,61,126,11,472,0,0,0,472
03/30/2011,AUS,TX,ASW,CE,Combined TRACON& Tower with Radar,279,53,81,9,422,0,2,100,14,116,279,55,181,23,538,8,0,8,546
03/31/2011,AUS,TX,ASW,CE,Combined TRACON& Tower with Radar,273,64,105,14,456,0,3,111,17,131,273,67,216,31,587,16,0,16,603
04/01/2011,AUS,TX,ASW,CE,Combined TRACON& Tower with Radar,285,52,107,11,455,0,2,89,6,97,285,54,196,17,552,0,6,6,558
04/02/2011,AUS,TX,ASW,CE,Combined TRACON& Tower with Radar,209,31,62,3,305,0,3,62,10,75,209,34,124,13,380,14,0,14,394
04/03/2011,AUS,TX,ASW,CE,Combined TRACON& Tower with Radar,242,45,107,8,402,0,0,42,1,43,242,45,149,9,445,0,0,0,445
04/04/2011,AUS,TX,ASW,CE,Combined TRACON& Tower with Radar,278,53,69,5,405,0,4,24,6,34,278,57,93,11,439,0,0,0,439
04/05/2011,AUS,TX,ASW,CE,Combined TRACON& Tower with Radar,270,53,94,4,421,0,5,114,21,140,270,58,208,25,561,2,0,2,563
04/06/2011,AUS,TX,ASW,CE,Combined TRACON& Tower with Radar,277,72,108,5,462,0,3,96,19,118,277,75,204,24,580,22,0,22,602
04/07/2011,AUS,TX,ASW,CE,Combined TRACON& Tower with Radar,282,65,121,10,478,0,1,60,23,84,282,66,181,33,562,28,0,28,590
04/08/2011,AUS,TX,ASW,CE,Combined TRACON& Tower with Radar,281,59,125,4,469,0,3,106,13,122,281,62,231,17,591,2,6,8,599
04/09/2011,AUS,TX,ASW,CE,Combined TRACON& Tower with Radar,217,17,71,4,309,0,3,107,1,111,217,20,178,5,420,0,0,0,420
04/10/2011,AUS,TX,ASW,CE,Combined TRACON& Tower with Radar,252,53,69,19,393,0,1,85,16,102,252,54,154,35,495,38,0,38,533
04/11/2011,AUS,TX,ASW,CE,Combined TRACON& Tower with Radar,276,49,60,10,395,0,3,80,13,96,276,52,140,23,491,26,0,26,517
04/12/2011,AUS,TX,ASW,CE,Combined TRACON& Tower with Radar,271,51,103,10,435,0,5,125,2,132,271,56,228,12,567,35,0,35,602
04/13/2011,AUS,TX,ASW,CE,Combined TRACON& Tower with Radar,276,63,95,12,446,0,5,129,4,138,276,68,224,16,584,16,0,16,600
04/14/2011,AUS,TX,ASW,CE,Combined TRACON& Tower with Radar,287,65,138,22,512,0,0,78,18,96,287,65,216,40,608,18,0,18,626
04/15/2011,AUS,TX,ASW,CE,Combined TRACON& Tower with Radar,292,76,107,6,481,0,3,97,19,119,292,79,204,25,600,0,0,0,600
04/16/2011,AUS,TX,ASW,CE,Combined TRACON& Tower with Radar,210,23,56,5,294,0,3,125,12,140,210,26,181,17,434,4,0,4,438
04/17/2011,AUS,TX,ASW,CE,Combined TRACON& Tower with Radar,244,37,63,19,363,0,0,112,4,116,244,37,175,23,479,0,0,0,479
04/18/2011,AUS,TX,ASW,CE,Combined TRACON& Tower with Radar,280,56,126,14,476,0,3,58,10,71,280,59,184,24,547,10,6,16,563
04/19/2011,AUS,TX,ASW,CE,Combined TRACON& Tower with Radar,303,65,75,13,456,0,3,63,14,80,303,68,138,27,536,12,0,12,548
04/20/2011,AUS,TX,ASW,CE,Combined TRACON& Tower with Radar,276,64,127,2,469,0,1,63,20,84,276,65,190,22,553,8,0,8,561
04/21/2011,AUS,TX,ASW,CE,Combined TRACON& Tower with Radar,278,66,114,15,473,0,2,53,11,66,278,68,167,26,539,0,0,0,539
04/22/2011,AUS,TX,ASW,CE,Combined TRACON& Tower with Radar,284,54,53,11,402,0,1,87,6,94,284,55,140,17,496,18,4,22,518
04/23/2011,AUS,TX,ASW,CE,Combined TRACON& Tower with Radar,213,20,46,11,290,0,0,66,7,73,213,20,112,18,363,0,0,0,363
04/24/2011,AUS,TX,ASW,CE,Combined TRACON& Tower with Radar,255,51,63,4,373,0,1,44,4,49,255,52,107,8,422,0,0,0,422
04/25/2011,AUS,TX,ASW,CE,Combined TRACON& Tower with Radar,294,69,116,15,494,0,0,60,7,67,294,69,176,22,561,0,0,0,561
04/26/2011,AUS,TX,ASW,CE,Combined TRACON& Tower with Radar,268,58,97,18,441,0,1,53,14,68,268,59,150,32,509,0,0,0,509
04/27/2011,AUS,TX,ASW,CE,Combined TRACON& Tower with Radar,274,66,94,15,449,0,1,80,16,97,274,67,174,31,546,0,2,2,548
04/28/2011,AUS,TX,ASW,CE,Combined TRACON& Tower with Radar,275,70,113,12,470,0,6,151,12,169,275,76,264,24,639,0,0,0,639
04/29/2011,AUS,TX,ASW,CE,Combined TRACON& Tower with Radar,287,77,98,12,474,0,4,69,15,88,287,81,167,27,562,20,0,20,582
04/30/2011,AUS,TX,ASW,CE,Combined TRACON& Tower with Radar,212,26,66,0,304,0,1,74,6,81,212,27,140,6,385,0,0,0,385
05/01/2011,AUS,TX,ASW,CE,Combined TRACON& Tower with Radar,258,43,53,6,360,0,0,36,10,46,258,43,89,16,406,0,0,0,406
05/02/2011,AUS,TX,ASW,CE,Combined TRACON& Tower with Radar,279,48,64,7,398,0,2,11,0,13,279,50,75,7,411,0,0,0,411
05/03/2011,AUS,TX,ASW,CE,Combined TRACON& Tower with Radar,268,49,79,12,408,0,3,84,12,99,268,52,163,24,507,14,0,14,521
05/04/2011,AUS,TX,ASW,CE,Combined TRACON& Tower with Radar,270,56,84,9,419,0,3,121,20,144,270,59,205,29,563,24,0,24,587
05/05/2011,AUS,TX,ASW,CE,Combined TRACON& Tower with Radar,281,59,107,4,451,0,5,117,16,138,281,64,224,20,589,4,0,4,593
05/06/2011,AUS,TX,ASW,CE,Combined TRACON& Tower with Radar,293,52,113,8,466,0,1,143,9,153,293,53,256,17,619,6,0,6,625
05/07/2011,AUS,TX,ASW,CE,Combined TRACON& Tower with Radar,210,20,60,5,295,0,0,84,12,96,210,20,144,17,391,10,0,10,401
05/08/2011,AUS,TX,ASW,CE,Combined TRACON& Tower with Radar,255,33,60,6,354,0,2,83,9,94,255,35,143,15,448,12,0,12,460
05/09/2011,AUS,TX,ASW,CE,Combined TRACON& Tower with Radar,279,46,82,2,409,0,3,62,4,69,279,49,144,6,478,0,0,0,478
05/10/2011,AUS,TX,ASW,CE,Combined TRACON& Tower with Radar,268,53,63,7,391,0,1,40,7,48,268,54,103,14,439,0,0,0,439
05/11/2011,AUS,TX,ASW,CE,Combined TRACON& Tower with Radar,263,61,101,2,427,0,4,48,14,66,263,65,149,16,493,0,0,0,493
05/12/2011,AUS,TX,ASW,CE,Combined TRACON& Tower with Radar,305,71,64,2,442,0,2,37,8,47,305,73,101,10,489,0,0,0,489
05/13/2011,AUS,TX,ASW,CE,Combined TRACON& Tower with Radar,291,48,101,8,448,0,6,137,15,158,291,54,238,23,606,50,0,50,656
05/14/2011,AUS,TX,ASW,CE,Combined TRACON& Tower with Radar,210,29,46,17,302,0,0,121,14,135,210,29,167,31,437,22,0,22,459
05/15/2011,AUS,TX,ASW,CE,Combined TRACON& Tower with Radar,253,32,78,12,375,0,2,116,9,127,253,34,194,21,502,0,0,0,502
05/16/2011,AUS,TX,ASW,CE,Combined TRACON& Tower with Radar,276,43,76,20,415,0,3,112,6,121,276,46,188,26,536,24,0,24,560
05/17/2011,AUS,TX,ASW,CE,Combined TRACON& Tower with Radar,267,51,94,5,417,0,2,103,16,121,267,53,197,21,538,0,0,0,538
05/18/2011,AUS,TX,ASW,CE,Combined TRACON& Tower with Radar,273,52,122,14,461,0,1,77,26,104,273,53,199,40,565,0,6,6,571
05/19/2011,AUS,TX,ASW,CE,Combined TRACON& Tower with Radar,285,67,131,9,492,0,0,18,14,32,285,67,149,23,524,0,8,8,532
05/20/2011,AUS,TX,ASW,CE,Combined TRACON& Tower with Radar,276,60,92,8,436,0,4,20,7,31,276,64,112,15,467,0,0,0,467
05/21/2011,AUS,TX,ASW,CE,Combined TRACON& Tower with Radar,215,43,68,9,335,0,0,34,3,37,215,43,102,12,372,44,0,44,416
05/22/2011,AUS,TX,ASW,CE,Combined TRACON& Tower with Radar,264,35,90,11,400,0,0,58,5,63,264,35,148,16,463,0,0,0,463
05/23/2011,AUS,TX,ASW,CE,Combined TRACON& Tower with Radar,297,30,84,2,413,0,4,81,8,93,297,34,165,10,506,0,0,0,506
05/24/2011,AUS,TX,ASW,CE,Combined TRACON& Tower with Radar,287,53,104,10,454,0,3,76,23,102,287,56,180,33,556,0,0,0,556
05/25/2011,AUS,TX,ASW,CE,Combined TRACON& Tower with Radar,257,55,110,9,431,0,3,111,12,126,257,58,221,21,557,24,0,24,581
05/26/2011,AUS,TX,ASW,CE,Combined TRACON& Tower with Radar,273,52,88,6,419,0,4,132,1,137,273,56,220,7,556,0,0,0,556
05/27/2011,AUS,TX,ASW,CE,Combined TRACON& Tower with Radar,275,66,84,3,428,0,6,112,1,119,275,72,196,4,547,24,0,24,571
05/28/2011,AUS,TX,ASW,CE,Combined TRACON& Tower with Radar,198,21,40,0,259,0,0,71,6,77,198,21,111,6,336,10,0,10,346
05/29/2011,AUS,TX,ASW,CE,Combined TRACON& Tower with Radar,198,18,29,0,245,0,0,70,2,72,198,18,99,2,317,0,0,0,317
05/30/2011,AUS,TX,ASW,CE,Combined TRACON& Tower with Radar,252,22,68,4,346,0,1,46,4,51,252,23,114,8,397,44,0,44,441
05/31/2011,AUS,TX,ASW,CE,Combined TRACON& Tower with Radar,269,42,88,12,411,0,4,91,11,106,269,46,179,23,517,48,0,48,565
06/01/2011,AUS,TX,ASW,CE,Combined TRACON& Tower with Radar,273,48,102,19,442,0,3,88,11,102,273,51,190,30,544,10,0,10,554
06/02/2011,AUS,TX,ASW,CE,Combined TRACON& Tower with Radar,281,63,102,9,455,0,5,131,19,155,281,68,233,28,610,22,0,22,632
06/03/2011,AUS,TX,ASW,CE,Combined TRACON& Tower with Radar,280,63,98,11,452,0,6,101,16,123,280,69,199,27,575,0,4,4,579
06/04/2011,AUS,TX,ASW,CE,Combined TRACON& Tower with Radar,217,24,57,1,299,0,0,96,11,107,217,24,153,12,406,0,0,0,406
06/05/2011,AUS,TX,ASW,CE,Combined TRACON& Tower with Radar,259,37,60,7,363,0,2,78,14,94,259,39,138,21,457,12,10,22,479
06/06/2011,AUS,TX,ASW,CE,Combined TRACON& Tower with Radar,280,36,64,5,385,0,6,97,1,104,280,42,161,6,489,2,0,2,491
06/07/2011,AUS,TX,ASW,CE,Combined TRACON& Tower with Radar,276,52,79,5,412,0,9,88,5,102,276,61,167,10,514,12,0,12,526
06/08/2011,AUS,TX,ASW,CE,Combined TRACON& Tower with Radar,276,61,96,7,440,0,3,83,15,101,276,64,179,22,541,0,0,0,541
06/09/2011,AUS,TX,ASW,CE,Combined TRACON& Tower with Radar,267,61,106,4,438,0,5,88,12,105,267,66,194,16,543,12,0,12,555
06/10/2011,AUS,TX,ASW,CE,Combined TRACON& Tower with Radar,282,58,66,22,428,0,3,88,9,100,282,61,154,31,528,2,0,2,530
06/11/2011,AUS,TX,ASW,CE,Combined TRACON& Tower with Radar,227,30,37,4,298,0,0,78,1,79,227,30,115,5,377,18,0,18,395
06/12/2011,AUS,TX,ASW,CE,Combined TRACON& Tower with Radar,260,36,65,12,373,0,0,74,2,76,260,36,139,14,449,2,0,2,451
06/13/2011,AUS,TX,ASW,CE,Combined TRACON& Tower with Radar,280,45,80,10,415,0,10,79,4,93,280,55,159,14,508,4,0,4,512
06/14/2011,AUS,TX,ASW,CE,Combined TRACON& Tower with Radar,280,59,76,6,421,0,5,102,10,117,280,64,178,16,538,30,0,30,568
06/15/2011,AUS,TX,ASW,CE,Combined TRACON& Tower with Radar,278,51,78,25,432,0,5,84,10,99,278,56,162,35,531,0,0,0,531
06/16/2011,AUS,TX,ASW,CE,Combined TRACON& Tower with Radar,286,50,75,3,414,0,3,68,7,78,286,53,143,10,492,0,0,0,492
06/17/2011,AUS,TX,ASW,CE,Combined TRACON& Tower with Radar,273,58,81,5,417,0,3,67,4,74,273,61,148,9,491,4,2,6,497
06/18/2011,AUS,TX,ASW,CE,Combined TRACON& Tower with Radar,237,25,49,1,312,0,1,49,1,51,237,26,98,2,363,10,0,10,373
06/19/2011,AUS,TX,ASW,CE,Combined TRACON& Tower with Radar,260,31,70,6,367,0,0,63,5,68,260,31,133,11,435,14,0,14,449
06/20/2011,AUS,TX,ASW,CE,Combined TRACON& Tower with Radar,274,53,70,9,406,0,2,36,7,45,274,55,106,16,451,0,0,0,451
06/21/2011,AUS,TX,ASW,CE,Combined TRACON& Tower with Radar,281,69,70,16,436,0,0,69,9,78,281,69,139,25,514,32,6,38,552
06/22/2011,AUS,TX,ASW,CE,Combined TRACON& Tower with Radar,272,62,79,4,417,0,2,50,9,61,272,64,129,13,478,0,0,0,478
06/23/2011,AUS,TX,ASW,CE,Combined TRACON& Tower with Radar,288,75,85,11,459,0,4,89,22,115,288,79,174,33,574,12,0,12,586
06/24/2011,AUS,TX,ASW,CE,Combined TRACON& Tower with Radar,286,56,88,13,443,0,0,76,14,90,286,56,164,27,533,18,0,18,551
06/25/2011,AUS,TX,ASW,CE,Combined TRACON& Tower with Radar,233,34,42,5,314,0,2,58,5,65,233,36,100,10,379,4,0,4,383
06/26/2011,AUS,TX,ASW,CE,Combined TRACON& Tower with Radar,254,27,63,4,348,0,3,70,2,75,254,30,133,6,423,16,0,16,439
06/27/2011,AUS,TX,ASW,CE,Combined TRACON& Tower with Radar,282,44,50,6,382,0,2,74,4,80,282,46,124,10,462,0,0,0,462
06/28/2011,AUS,TX,ASW,CE,Combined TRACON& Tower with Radar,275,53,85,3,416,0,0,78,17,95,275,53,163,20,511,0,0,0,511
06/29/2011,AUS,TX,ASW,CE,Combined TRACON& Tower with Radar,288,45,67,1,401,0,3,90,8,101,288,48,157,9,502,0,0,0,502
06/30/2011,AUS,TX,ASW,CE,Combined TRACON& Tower with Radar,282,65,76,8,431,0,0,113,8,121,282,65,189,16,552,0,0,0,552
07/01/2011,AUS,TX,ASW,CE,Combined TRACON& Tower with Radar,288,53,55,7,403,0,1,62,2,65,288,54,117,9,468,26,0,26,494
07/02/2011,AUS,TX,ASW,CE,Combined TRACON& Tower with Radar,226,31,37,0,294,0,0,68,2,70,226,31,105,2,364,4,0,4,368
07/03/2011,AUS,TX,ASW,CE,Combined TRACON& Tower with Radar,192,16,18,6,232,0,1,50,2,53,192,17,68,8,285,14,0,14,299
07/04/2011,AUS,TX,ASW,CE,Combined TRACON& Tower with Radar,230,26,24,3,283,0,3,49,2,54,230,29,73,5,337,6,0,6,343
07/05/2011,AUS,TX,ASW,CE,Combined TRACON& Tower with Radar,282,39,69,2,392,0,4,90,11,105,282,43,159,13,497,18,0,18,515
07/06/2011,AUS,TX,ASW,CE,Combined TRACON& Tower with Radar,286,50,61,5,402,0,0,88,8,96,286,50,149,13,498,16,0,16,514
07/07/2011,AUS,TX,ASW,CE,Combined TRACON& Tower with Radar,280,53,92,5,430,0,0,80,7,87,280,53,172,12,517,4,0,4,521
07/08/2011,AUS,TX,ASW,CE,Combined TRACON& Tower with Radar,280,54,61,5,400,0,8,86,6,100,280,62,147,11,500,8,0,8,508
07/09/2011,AUS,TX,ASW,CE,Combined TRACON& Tower with Radar,234,27,44,4,309,0,2,66,4,72,234,29,110,8,381,0,0,0,381
07/10/2011,AUS,TX,ASW,CE,Combined TRACON& Tower with Radar,261,31,41,1,334,0,0,53,4,57,261,31,94,5,391,34,4,38,429
07/11/2011,AUS,TX,ASW,CE,Combined TRACON& Tower with Radar,273,37,62,5,377,0,2,52,2,56,273,39,114,7,433,16,0,16,449
07/12/2011,AUS,TX,ASW,CE,Combined TRACON& Tower with Radar,276,47,55,7,385,0,6,103,4,113,276,53,158,11,498,44,0,44,542
07/13/2011,AUS,TX,ASW,CE,Combined TRACON& Tower with Radar,278,58,77,14,427,0,2,86,3,91,278,60,163,17,518,0,0,0,518
07/14/2011,AUS,TX,ASW,CE,Combined TRACON& Tower with Radar,276,54,84,16,430,0,3,88,3,94,276,57,172,19,524,16,0,16,540
07/15/2011,AUS,TX,ASW,CE,Combined TRACON& Tower with Radar,283,57,58,20,418,0,0,85,20,105,283,57,143,40,523,14,0,14,537
07/16/2011,AUS,TX,ASW,CE,Combined TRACON& Tower with Radar,231,29,44,6,310,0,2,100,4,106,231,31,144,10,416,2,0,2,418
07/17/2011,AUS,TX,ASW,CE,Combined TRACON& Tower with Radar,256,23,42,12,333,0,0,63,3,66,256,23,105,15,399,30,0,30,429
07/18/2011,AUS,TX,ASW,CE,Combined TRACON& Tower with Radar,275,41,57,3,376,0,0,78,2,80,275,41,135,5,456,16,0,16,472
07/19/2011,AUS,TX,ASW,CE,Combined TRACON& Tower with Radar,287,61,69,10,427,0,3,78,9,90,287,64,147,19,517,24,0,24,541
07/20/2011,AUS,TX,ASW,CE,Combined TRACON& Tower with Radar,286,62,84,7,439,0,0,78,19,97,286,62,162,26,536,2,0,2,538
07/21/2011,AUS,TX,ASW,CE,Combined TRACON& Tower with Radar,285,53,68,8,414,0,0,77,11,88,285,53,145,19,502,0,0,0,502
07/22/2011,AUS,TX,ASW,CE,Combined TRACON& Tower with Radar,281,44,53,15,393,0,0,85,14,99,281,44,138,29,492,0,0,0,492
07/23/2011,AUS,TX,ASW,CE,Combined TRACON& Tower with Radar,226,24,34,3,287,0,0,89,4,93,226,24,123,7,380,20,0,20,400
07/24/2011,AUS,TX,ASW,CE,Combined TRACON& Tower with Radar,255,25,58,20,358,0,0,61,6,67,255,25,119,26,425,0,0,0,425
07/25/2011,AUS,TX,ASW,CE,Combined TRACON& Tower with Radar,275,45,55,8,383,0,2,43,0,45,275,47,98,8,428,22,0,22,450
07/26/2011,AUS,TX,ASW,CE,Combined TRACON& Tower with Radar,283,50,93,4,430,0,2,64,2,68,283,52,157,6,498,0,0,0,498
07/27/2011,AUS,TX,ASW,CE,Combined TRACON& Tower with Radar,279,51,61,8,399,0,1,98,12,111,279,52,159,20,510,0,8,8,518
07/28/2011,AUS,TX,ASW,CE,Combined TRACON& Tower with Radar,286,46,77,8,417,0,1,62,25,88,286,47,139,33,505,0,0,0,505
07/29/2011,AUS,TX,ASW,CE,Combined TRACON& Tower with Radar,284,55,86,13,438,0,2,64,12,78,284,57,150,25,516,18,0,18,534
07/30/2011,AUS,TX,ASW,CE,Combined TRACON& Tower with Radar,225,23,19,1,268,0,0,51,6,57,225,23,70,7,325,24,0,24,349
07/31/2011,AUS,TX,ASW,CE,Combined TRACON& Tower with Radar,257,27,54,5,343,0,1,71,5,77,257,28,125,10,420,0,0,0,420
08/01/2011,AUS,TX,ASW,CE,Combined TRACON& Tower with Radar,273,35,34,6,348,0,3,60,9,72,273,38,94,15,420,0,0,0,420
08/02/2011,AUS,TX,ASW,CE,Combined TRACON& Tower with Radar,284,49,55,6,394,0,2,75,8,85,284,51,130,14,479,0,0,0,479
08/03/2011,AUS,TX,ASW,CE,Combined TRACON& Tower with Radar,278,57,88,6,429,0,2,90,13,105,278,59,178,19,534,10,0,10,544
08/04/2011,AUS,TX,ASW,CE,Combined TRACON& Tower with Radar,282,55,81,8,426,0,2,67,15,84,282,57,148,23,510,0,0,0,510
08/05/2011,AUS,TX,ASW,CE,Combined TRACON& Tower with Radar,290,43,51,10,394,0,3,72,17,92,290,46,123,27,486,0,6,6,492
08/06/2011,AUS,TX,ASW,CE,Combined TRACON& Tower with Radar,226,25,37,6,294,0,2,76,14,92,226,27,113,20,386,0,0,0,386
08/07/2011,AUS,TX,ASW,CE,Combined TRACON& Tower with Radar,261,32,51,10,354,0,0,77,5,82,261,32,128,15,436,12,2,14,450
08/08/2011,AUS,TX,ASW,CE,Combined TRACON& Tower with Radar,280,40,54,11,385,0,2,65,19,86,280,42,119,30,471,12,0,12,483
08/09/2011,AUS,TX,ASW,CE,Combined TRACON& Tower with Radar,284,39,60,10,393,0,2,93,11,106,284,41,153,21,499,26,0,26,525
08/10/2011,AUS,TX,ASW,CE,Combined TRACON& Tower with Radar,288,62,60,7,417,0,5,92,10,107,288,67,152,17,524,0,0,0,524
08/11/2011,AUS,TX,ASW,CE,Combined TRACON& Tower with Radar,290,54,101,6,451,0,18,64,16,98,290,72,165,22,549,20,0,20,569
08/12/2011,AUS,TX,ASW,CE,Combined TRACON& Tower with Radar,285,55,66,21,427,0,1,51,9,61,285,56,117,30,488,0,0,0,488
08/13/2011,AUS,TX,ASW,CE,Combined TRACON& Tower with Radar,229,23,50,2,304,0,1,57,1,59,229,24,107,3,363,14,0,14,377
08/14/2011,AUS,TX,ASW,CE,Combined TRACON& Tower with Radar,266,33,47,20,366,0,0,66,9,75,266,33,113,29,441,4,14,18,459
08/15/2011,AUS,TX,ASW,CE,Combined TRACON& Tower with Radar,272,41,61,13,387,0,3,79,17,99,272,44,140,30,486,10,0,10,496
08/16/2011,AUS,TX,ASW,CE,Combined TRACON& Tower with Radar,268,48,63,4,383,0,0,114,14,128,268,48,177,18,511,16,0,16,527
08/17/2011,AUS,TX,ASW,CE,Combined TRACON& Tower with Radar,281,48,96,8,433,0,0,101,7,108,281,48,197,15,541,8,0,8,549
08/18/2011,AUS,TX,ASW,CE,Combined TRACON& Tower with Radar,271,56,86,13,426,0,2,71,17,90,271,58,157,30,516,12,0,12,528
08/19/2011,AUS,TX,ASW,CE,Combined TRACON& Tower with Radar,280,45,76,14,415,0,2,66,15,83,280,47,142,29,498,16,6,22,520
08/20/2011,AUS,TX,ASW,CE,Combined TRACON& Tower with Radar,207,20,46,4,277,0,2,66,6,74,207,22,112,10,351,0,0,0,351
08/21/2011,AUS,TX,ASW,CE,Combined TRACON& Tower with Radar,249,27,61,11,348,0,0,83,9,92,249,27,144,20,440,12,0,12,452
08/22/2011,AUS,TX,ASW,CE,Combined TRACON& Tower with Radar,277,44,68,13,402,0,3,54,4,61,277,47,122,17,463,0,0,0,463
08/23/2011,AUS,TX,ASW,CE,Combined TRACON& Tower with Radar,268,59,92,11,430,0,4,81,11,96,268,63,173,22,526,6,0,6,532
08/24/2011,AUS,TX,ASW,CE,Combined TRACON& Tower with Radar,287,69,97,20,473,0,2,91,10,103,287,71,188,30,576,18,2,20,596
08/25/2011,AUS,TX,ASW,CE,Combined TRACON& Tower with Radar,278,59,91,16,444,1,0,49,10,60,279,59,140,26,504,2,0,2,506
08/26/2011,AUS,TX,ASW,CE,Combined TRACON& Tower with Radar,283,41,46,10,380,0,1,79,10,90,283,42,125,20,470,10,2,12,482
08/27/2011,AUS,TX,ASW,CE,Combined TRACON& Tower with Radar,195,14,41,8,258,0,0,71,5,76,195,14,112,13,334,2,0,2,336
08/28/2011,AUS,TX,ASW,CE,Combined TRACON& Tower with Radar,236,24,46,5,311,0,0,67,2,69,236,24,113,7,380,9,0,9,389
08/29/2011,AUS,TX,ASW,CE,Combined TRACON& Tower with Radar,261,40,59,2,362,0,5,54,4,63,261,45,113,6,425,0,0,0,425
08/30/2011,AUS,TX,ASW,CE,Combined TRACON& Tower with Radar,262,44,59,12,377,0,3,71,4,78,262,47,130,16,455,6,4,10,465
08/31/2011,AUS,TX,ASW,CE,Combined TRACON& Tower with Radar,268,60,63,16,407,0,2,87,5,94,268,62,150,21,501,10,0,10,511
09/01/2011,AUS,TX,ASW,CE,Combined TRACON& Tower with Radar,277,57,68,16,418,0,1,56,9,66,277,58,124,25,484,0,0,0,484
09/02/2011,AUS,TX,ASW,CE,Combined TRACON& Tower with Radar,281,77,105,8,471,0,3,72,8,83,281,80,177,16,554,0,0,0,554
09/03/2011,AUS,TX,ASW,CE,Combined TRACON& Tower with Radar,182,18,67,0,267,0,0,76,1,77,182,18,143,1,344,4,0,4,348
09/04/2011,AUS,TX,ASW,CE,Combined TRACON& Tower with Radar,183,25,57,4,269,0,0,37,6,43,183,25,94,10,312,0,0,0,312
09/05/2011,AUS,TX,ASW,CE,Combined TRACON& Tower with Radar,248,47,77,2,374,0,1,55,23,79,248,48,132,25,453,0,0,0,453
09/06/2011,AUS,TX,ASW,CE,Combined TRACON& Tower with Radar,270,47,44,14,375,0,5,92,15,112,270,52,136,29,487,6,0,6,493
09/07/2011,AUS,TX,ASW,CE,Combined TRACON& Tower with Radar,263,52,65,5,385,0,0,82,9,91,263,52,147,14,476,6,6,12,488
09/08/2011,AUS,TX,ASW,CE,Combined TRACON& Tower with Radar,283,54,96,3,436,0,0,93,14,107,283,54,189,17,543,12,0,12,555
09/09/2011,AUS,TX,ASW,CE,Combined TRACON& Tower with Radar,280,47,102,2,431,1,2,97,16,116,281,49,199,18,547,6,0,6,553
09/10/2011,AUS,TX,ASW,CE,Combined TRACON& Tower with Radar,202,30,84,10,326,0,0,110,14,124,202,30,194,24,450,4,0,4,454
09/11/2011,AUS,TX,ASW,CE,Combined TRACON& Tower with Radar,256,31,68,8,363,0,0,84,9,93,256,31,152,17,456,2,0,2,458
09/12/2011,AUS,TX,ASW,CE,Combined TRACON& Tower with Radar,269,45,87,2,403,0,2,62,15,79,269,47,149,17,482,0,0,0,482
09/13/2011,AUS,TX,ASW,CE,Combined TRACON& Tower with Radar,255,48,70,3,376,0,0,103,22,125,255,48,173,25,501,0,0,0,501
09/14/2011,AUS,TX,ASW,CE,Combined TRACON& Tower with Radar,261,53,96,11,421,0,0,97,25,122,261,53,193,36,543,4,0,4,547
09/15/2011,AUS,TX,ASW,CE,Combined TRACON& Tower with Radar,281,70,101,11,463,0,0,80,3,83,281,70,181,14,546,0,0,0,546
09/16/2011,AUS,TX,ASW,CE,Combined TRACON& Tower with Radar,292,64,84,10,450,0,0,79,7,86,292,64,163,17,536,0,0,0,536
09/17/2011,AUS,TX,ASW,CE,Combined TRACON& Tower with Radar,204,23,41,4,272,4,3,37,0,44,208,26,78,4,316,20,4,24,340
09/18/2011,AUS,TX,ASW,CE,Combined TRACON& Tower with Radar,269,46,75,5,395,0,0,41,5,46,269,46,116,10,441,12,0,12,453
09/19/2011,AUS,TX,ASW,CE,Combined TRACON& Tower with Radar,275,59,72,4,410,0,5,57,4,66,275,64,129,8,476,10,0,10,486
09/20/2011,AUS,TX,ASW,CE,Combined TRACON& Tower with Radar,258,58,60,9,385,0,0,83,10,93,258,58,143,19,478,0,0,0,478
09/21/2011,AUS,TX,ASW,CE,Combined TRACON& Tower with Radar,263,55,75,7,400,0,1,64,30,95,263,56,139,37,495,6,8,14,509
09/22/2011,AUS,TX,ASW,CE,Combined TRACON& Tower with Radar,274,59,100,13,446,0,3,69,22,94,274,62,169,35,540,0,10,10,550
09/23/2011,AUS,TX,ASW,CE,Combined TRACON& Tower with Radar,281,55,72,23,431,0,2,104,19,125,281,57,176,42,556,2,8,10,566
09/24/2011,AUS,TX,ASW,CE,Combined TRACON& Tower with Radar,197,23,36,6,262,0,0,91,12,103,197,23,127,18,365,2,0,2,367
09/25/2011,AUS,TX,ASW,CE,Combined TRACON& Tower with Radar,250,40,56,9,355,0,0,53,0,53,250,40,109,9,408,18,2,20,428
09/26/2011,AUS,TX,ASW,CE,Combined TRACON& Tower with Radar,268,43,74,12,397,0,4,57,4,65,268,47,131,16,462,0,0,0,462
09/27/2011,AUS,TX,ASW,CE,Combined TRACON& Tower with Radar,258,71,89,6,424,0,0,59,6,65,258,71,148,12,489,0,10,10,499
09/28/2011,AUS,TX,ASW,CE,Combined TRACON& Tower with Radar,262,67,64,18,411,0,2,75,24,101,262,69,139,42,512,16,0,16,528
09/29/2011,AUS,TX,ASW,CE,Combined TRACON& Tower with Radar,289,62,80,7,438,0,0,59,18,77,289,62,139,25,515,6,0,6,521
09/30/2011,AUS,TX,ASW,CE,Combined TRACON& Tower with Radar,283,64,71,5,423,0,2,70,8,80,283,66,141,13,503,0,0,0,503
10/01/2011,AUS,TX,ASW,CE,Combined TRACON& Tower with Radar,201,15,37,6,259,0,0,79,6,85,201,15,116,12,344,0,0,0,344
10/02/2011,AUS,TX,ASW,CE,Combined TRACON& Tower with Radar,255,40,60,8,363,0,5,67,3,75,255,45,127,11,438,0,8,8,446
10/03/2011,AUS,TX,ASW,CE,Combined TRACON& Tower with Radar,273,45,69,2,389,0,2,64,1,67,273,47,133,3,456,0,0,0,456
10/04/2011,AUS,TX,ASW,CE,Combined TRACON& Tower with Radar,257,61,71,6,395,0,2,80,37,119,257,63,151,43,514,0,0,0,514
10/05/2011,AUS,TX,ASW,CE,Combined TRACON& Tower with Radar,268,43,76,7,394,0,1,93,44,138,268,44,169,51,532,0,0,0,532
10/06/2011,AUS,TX,ASW,CE,Combined TRACON& Tower with Radar,278,58,89,17,442,0,3,58,13,74,278,61,147,30,516,0,6,6,522
10/07/2011,AUS,TX,ASW,CE,Combined TRACON& Tower with Radar,288,55,74,7,424,0,1,57,14,72,288,56,131,21,496,18,0,18,514
10/08/2011,AUS,TX,ASW,CE,Combined TRACON& Tower with Radar,201,22,41,0,264,0,0,20,2,22,201,22,61,2,286,0,0,0,286
10/09/2011,AUS,TX,ASW,CE,Combined TRACON& Tower with Radar,259,33,59,1,352,0,0,5,0,5,259,33,64,1,357,0,0,0,357
10/10/2011,AUS,TX,ASW,CE,Combined TRACON& Tower with Radar,274,48,61,6,389,0,1,32,1,34,274,49,93,7,423,10,0,10,433
10/11/2011,AUS,TX,ASW,CE,Combined TRACON& Tower with Radar,263,49,60,3,375,0,0,66,13,79,263,49,126,16,454,0,0,0,454
10/12/2011,AUS,TX,ASW,CE,Combined TRACON& Tower with Radar,274,67,92,8,441,0,7,67,2,76,274,74,159,10,517,6,0,6,523
10/13/2011,AUS,TX,ASW,CE,Combined TRACON& Tower with Radar,278,67,106,6,457,0,8,94,13,115,278,75,200,19,572,20,0,20,592
10/14/2011,AUS,TX,ASW,CE,Combined TRACON& Tower with Radar,278,70,118,8,474,0,3,106,7,116,278,73,224,15,590,8,0,8,598
10/15/2011,AUS,TX,ASW,CE,Combined TRACON& Tower with Radar,199,41,68,2,310,0,0,76,2,78,199,41,144,4,388,16,0,16,404
10/16/2011,AUS,TX,ASW,CE,Combined TRACON& Tower with Radar,253,64,99,6,422,0,0,111,0,111,253,64,210,6,533,14,2,16,549
10/17/2011,AUS,TX,ASW,CE,Combined TRACON& Tower with Radar,282,56,85,2,425,0,5,46,5,56,282,61,131,7,481,0,0,0,481
10/18/2011,AUS,TX,ASW,CE,Combined TRACON& Tower with Radar,279,58,83,7,427,0,1,37,8,46,279,59,120,15,473,0,0,0,473
10/19/2011,AUS,TX,ASW,CE,Combined TRACON& Tower with Radar,266,47,63,5,381,0,1,98,20,119,266,48,161,25,500,6,0,6,506
10/20/2011,AUS,TX,ASW,CE,Combined TRACON& Tower with Radar,282,60,79,12,433,2,8,89,13,112,284,68,168,25,545,0,2,2,547
10/21/2011,AUS,TX,ASW,CE,Combined TRACON& Tower with Radar,282,62,76,8,428,0,5,94,8,107,282,67,170,16,535,16,2,18,553
10/22/2011,AUS,TX,ASW,CE,Combined TRACON& Tower with Radar,197,34,48,4,283,0,1,90,9,100,197,35,138,13,383,10,0,10,393
10/23/2011,AUS,TX,ASW,CE,Combined TRACON& Tower with Radar,258,44,94,13,409,0,0,103,8,111,258,44,197,21,520,6,2,8,528
10/24/2011,AUS,TX,ASW,CE,Combined TRACON& Tower with Radar,286,53,76,3,418,0,1,49,2,52,286,54,125,5,470,2,0,2,472
10/25/2011,AUS,TX,ASW,CE,Combined TRACON& Tower with Radar,262,58,82,2,404,0,0,65,10,75,262,58,147,12,479,0,4,4,483
10/26/2011,AUS,TX,ASW,CE,Combined TRACON& Tower with Radar,265,70,85,16,436,0,2,66,9,77,265,72,151,25,513,12,0,12,525
10/27/2011,AUS,TX,ASW,CE,Combined TRACON& Tower with Radar,284,59,114,2,459,0,0,21,10,31,284,59,135,12,490,0,0,0,490
10/28/2011,AUS,TX,ASW,CE,Combined TRACON& Tower with Radar,280,64,105,3,452,0,0,69,12,81,280,64,174,15,533,0,0,0,533
10/29/2011,AUS,TX,ASW,CE,Combined TRACON& Tower with Radar,199,28,84,4,315,2,0,99,7,108,201,28,183,11,423,34,0,34,457
10/30/2011,AUS,TX,ASW,CE,Combined TRACON& Tower with Radar,248,30,80,2,360,0,0,101,4,105,248,30,181,6,465,14,0,14,479
10/31/2011,AUS,TX,ASW,CE,Combined TRACON& Tower with Radar,255,38,53,8,354,0,2,65,2,69,255,40,118,10,423,16,0,16,439
11/01/2011,AUS,TX,ASW,CE,Combined TRACON& Tower with Radar,257,48,76,5,386,0,0,69,7,76,257,48,145,12,462,0,14,14,476
11/02/2011,AUS,TX,ASW,CE,Combined TRACON& Tower with Radar,261,65,66,7,399,0,0,55,6,61,261,65,121,13,460,6,0,6,466
11/03/2011,AUS,TX,ASW,CE,Combined TRACON& Tower with Radar,283,79,91,1,454,0,0,51,13,64,283,79,142,14,518,0,0,0,518
11/04/2011,AUS,TX,ASW,CE,Combined TRACON& Tower with Radar,280,62,109,14,465,0,4,106,9,119,280,66,215,23,584,12,0,12,596
11/05/2011,AUS,TX,ASW,CE,Combined TRACON& Tower with Radar,210,44,98,4,356,0,2,82,4,88,210,46,180,8,444,0,0,0,444
11/06/2011,AUS,TX,ASW,CE,Combined TRACON& Tower with Radar,254,52,103,5,414,0,0,36,8,44,254,52,139,13,458,20,0,20,478
11/07/2011,AUS,TX,ASW,CE,Combined TRACON& Tower with Radar,278,43,74,8,403,0,1,27,1,29,278,44,101,9,432,0,0,0,432
11/08/2011,AUS,TX,ASW,CE,Combined TRACON& Tower with Radar,261,58,90,4,413,0,0,30,6,36,261,58,120,10,449,4,0,4,453
11/09/2011,AUS,TX,ASW,CE,Combined TRACON& Tower with Radar,263,57,120,9,449,0,0,81,10,91,263,57,201,19,540,6,0,6,546
11/10/2011,AUS,TX,ASW,CE,Combined TRACON& Tower with Radar,279,65,107,11,462,0,3,76,19,98,279,68,183,30,560,10,8,18,578
11/11/2011,AUS,TX,ASW,CE,Combined TRACON& Tower with Radar,282,51,88,11,432,0,1,92,9,102,282,52,180,20,534,16,6,22,556
11/12/2011,AUS,TX,ASW,CE,Combined TRACON& Tower with Radar,214,15,52,10,291,0,2,63,11,76,214,17,115,21,367,18,0,18,385
11/13/2011,AUS,TX,ASW,CE,Combined TRACON& Tower with Radar,257,26,71,4,358,0,0,68,4,72,257,26,139,8,430,16,0,16,446
11/14/2011,AUS,TX,ASW,CE,Combined TRACON& Tower with Radar,268,39,97,1,405,0,4,32,1,37,268,43,129,2,442,0,0,0,442
11/15/2011,AUS,TX,ASW,CE,Combined TRACON& Tower with Radar,264,60,80,6,410,0,3,17,8,28,264,63,97,14,438,0,0,0,438
11/16/2011,AUS,TX,ASW,CE,Combined TRACON& Tower with Radar,268,44,77,16,405,0,0,120,23,143,268,44,197,39,548,14,0,14,562
11/17/2011,AUS,TX,ASW,CE,Combined TRACON& Tower with Radar,279,45,74,7,405,0,1,91,12,104,279,46,165,19,509,0,0,0,509
11/18/2011,AUS,TX,ASW,CE,Combined TRACON& Tower with Radar,285,46,121,8,460,0,2,92,12,106,285,48,213,20,566,0,0,0,566
11/19/2011,AUS,TX,ASW,CE,Combined TRACON& Tower with Radar,210,35,90,13,348,0,2,35,7,44,210,37,125,20,392,26,0,26,418
11/20/2011,AUS,TX,ASW,CE,Combined TRACON& Tower with Radar,248,39,76,13,376,0,0,35,3,38,248,39,111,16,414,6,0,6,420
11/21/2011,AUS,TX,ASW,CE,Combined TRACON& Tower with Radar,261,47,66,6,380,0,2,8,2,12,261,49,74,8,392,0,0,0,392
11/22/2011,AUS,TX,ASW,CE,Combined TRACON& Tower with Radar,280,60,62,25,427,0,4,72,8,84,280,64,134,33,511,16,0,16,527
11/23/2011,AUS,TX,ASW,CE,Combined TRACON& Tower with Radar,287,45,96,2,430,0,4,93,1,98,287,49,189,3,528,0,0,0,528
11/24/2011,AUS,TX,ASW,CE,Combined TRACON& Tower with Radar,164,17,27,1,209,0,0,39,0,39,164,17,66,1,248,12,0,12,260
11/25/2011,AUS,TX,ASW,CE,Combined TRACON& Tower with Radar,215,32,51,0,298,0,1,29,0,30,215,33,80,0,328,0,0,0,328
11/26/2011,AUS,TX,ASW,CE,Combined TRACON& Tower with Radar,228,28,38,0,294,0,0,17,0,17,228,28,55,0,311,0,0,0,311
11/27/2011,AUS,TX,ASW,CE,Combined TRACON& Tower with Radar,270,36,73,2,381,0,0,61,2,63,270,36,134,4,444,0,0,0,444
11/28/2011,AUS,TX,ASW,CE,Combined TRACON& Tower with Radar,291,49,69,5,414,0,3,85,4,92,291,52,154,9,506,14,2,16,522
11/29/2011,AUS,TX,ASW,CE,Combined TRACON& Tower with Radar,260,44,70,8,382,0,1,106,6,113,260,45,176,14,495,0,0,0,495
11/30/2011,AUS,TX,ASW,CE,Combined TRACON& Tower with Radar,261,42,64,15,382,0,10,88,6,104,261,52,152,21,486,0,0,0,486
12/01/2011,AUS,TX,ASW,CE,Combined TRACON& Tower with Radar,270,60,110,15,455,0,1,66,14,81,270,61,176,29,536,0,0,0,536
12/02/2011,AUS,TX,ASW,CE,Combined TRACON& Tower with Radar,282,46,101,18,447,0,0,2,0,2,282,46,103,18,449,0,0,0,449
12/03/2011,AUS,TX,ASW,CE,Combined TRACON& Tower with Radar,196,22,45,8,271,0,0,9,2,11,196,22,54,10,282,0,0,0,282
12/04/2011,AUS,TX,ASW,CE,Combined TRACON& Tower with Radar,236,36,53,6,331,0,0,2,0,2,236,36,55,6,333,0,0,0,333
12/05/2011,AUS,TX,ASW,CE,Combined TRACON& Tower with Radar,261,52,74,9,396,0,0,7,1,8,261,52,81,10,404,0,0,0,404
12/06/2011,AUS,TX,ASW,CE,Combined TRACON& Tower with Radar,258,43,81,3,385,0,1,44,13,58,258,44,125,16,443,0,0,0,443
12/07/2011,AUS,TX,ASW,CE,Combined TRACON& Tower with Radar,256,47,106,9,418,0,1,81,13,95,256,48,187,22,513,24,0,24,537
12/08/2011,AUS,TX,ASW,CE,Combined TRACON& Tower with Radar,269,51,94,22,436,0,4,97,14,115,269,55,191,36,551,2,14,16,567
12/09/2011,AUS,TX,ASW,CE,Combined TRACON& Tower with Radar,270,48,86,17,421,0,2,25,3,30,270,50,111,20,451,0,0,0,451
12/10/2011,AUS,TX,ASW,CE,Combined TRACON& Tower with Radar,197,18,53,10,278,0,0,50,10,60,197,18,103,20,338,36,0,36,374
12/11/2011,AUS,TX,ASW,CE,Combined TRACON& Tower with Radar,233,21,55,13,322,0,0,43,4,47,233,21,98,17,369,0,0,0,369
12/12/2011,AUS,TX,ASW,CE,Combined TRACON& Tower with Radar,259,46,94,13,412,0,2,20,2,24,259,48,114,15,436,0,0,0,436
12/13/2011,AUS,TX,ASW,CE,Combined TRACON& Tower with Radar,260,58,97,4,419,0,0,0,2,2,260,58,97,6,421,2,32,34,455
12/14/2011,AUS,TX,ASW,CE,Combined TRACON& Tower with Radar,259,74,88,4,425,0,1,30,7,38,259,75,118,11,463,16,20,36,499
12/15/2011,AUS,TX,ASW,CE,Combined TRACON& Tower with Radar,277,77,100,14,468,0,0,3,1,4,277,77,103,15,472,22,0,22,494
12/16/2011,AUS,TX,ASW,CE,Combined TRACON& Tower with Radar,281,60,114,12,467,0,0,14,2,16,281,60,128,14,483,0,0,0,483
12/17/2011,AUS,TX,ASW,CE,Combined TRACON& Tower with Radar,226,20,71,10,327,0,1,59,1,61,226,21,130,11,388,0,0,0,388
12/18/2011,AUS,TX,ASW,CE,Combined TRACON& Tower with Radar,247,39,61,8,355,0,1,64,5,70,247,40,125,13,425,20,0,20,445
12/19/2011,AUS,TX,ASW,CE,Combined TRACON& Tower with Radar,277,34,57,0,368,0,1,5,2,8,277,35,62,2,376,0,0,0,376
12/20/2011,AUS,TX,ASW,CE,Combined TRACON& Tower with Radar,281,50,55,8,394,0,1,60,15,76,281,51,115,23,470,14,0,14,484
12/21/2011,AUS,TX,ASW,CE,Combined TRACON& Tower with Radar,274,42,72,10,398,0,2,88,3,93,274,44,160,13,491,6,0,6,497
12/22/2011,AUS,TX,ASW,CE,Combined TRACON& Tower with Radar,289,47,78,10,424,0,2,62,11,75,289,49,140,21,499,16,0,16,515
12/23/2011,AUS,TX,ASW,CE,Combined TRACON& Tower with Radar,293,56,49,3,401,0,0,9,4,13,293,56,58,7,414,0,0,0,414
12/24/2011,AUS,TX,ASW,CE,Combined TRACON& Tower with Radar,194,28,22,0,244,0,0,0,0,0,194,28,22,0,244,0,0,0,244
12/25/2011,AUS,TX,ASW,CE,Combined TRACON& Tower with Radar,178,18,11,0,207,0,0,2,0,2,178,18,13,0,209,0,0,0,209
12/26/2011,AUS,TX,ASW,CE,Combined TRACON& Tower with Radar,268,38,46,0,352,0,1,43,0,44,268,39,89,0,396,0,0,0,396
12/27/2011,AUS,TX,ASW,CE,Combined TRACON& Tower with Radar,286,45,63,0,394,0,4,69,2,75,286,49,132,2,469,16,0,16,485
12/28/2011,AUS,TX,ASW,CE,Combined TRACON& Tower with Radar,285,45,57,4,391,0,1,74,5,80,285,46,131,9,471,16,0,16,487
12/29/2011,AUS,TX,ASW,CE,Combined TRACON& Tower with Radar,292,62,42,0,396,0,1,73,3,77,292,63,115,3,473,0,0,0,473
12/30/2011,AUS,TX,ASW,CE,Combined TRACON& Tower with Radar,272,42,41,4,359,0,4,70,7,81,272,46,111,11,440,18,0,18,458
12/31/2011,AUS,TX,ASW,CE,Combined TRACON& Tower with Radar,195,14,23,1,233,0,2,58,0,60,195,16,81,1,293,0,0,0,293
01/01/2012,AUS,TX,ASW,CE,Combined TRACON& Tower with Radar,204,19,32,0,255,0,0,31,0,31,204,19,63,0,286,0,0,0,286
01/02/2012,AUS,TX,ASW,CE,Combined TRACON& Tower with Radar,278,13,62,2,355,0,1,59,4,64,278,14,121,6,419,0,0,0,419
01/03/2012,AUS,TX,ASW,CE,Combined TRACON& Tower with Radar,267,36,74,0,377,0,5,64,4,73,267,41,138,4,450,0,0,0,450
01/04/2012,AUS,TX,ASW,CE,Combined TRACON& Tower with Radar,262,50,64,2,378,0,2,77,9,88,262,52,141,11,466,0,0,0,466
01/05/2012,AUS,TX,ASW,CE,Combined TRACON& Tower with Radar,268,50,71,9,398,0,2,67,17,86,268,52,138,26,484,6,0,6,490
01/06/2012,AUS,TX,ASW,CE,Combined TRACON& Tower with Radar,271,39,58,43,411,0,0,58,12,70,271,39,116,55,481,6,0,6,487
01/07/2012,AUS,TX,ASW,CE,Combined TRACON& Tower with Radar,198,20,31,6,255,0,0,74,14,88,198,20,105,20,343,0,0,0,343
01/08/2012,AUS,TX,ASW,CE,Combined TRACON& Tower with Radar,231,23,65,30,349,0,0,8,8,16,231,23,73,38,365,0,0,0,365
01/09/2012,AUS,TX,ASW,CE,Combined TRACON& Tower with Radar,268,37,68,4,377,0,0,1,0,1,268,37,69,4,378,0,0,0,378
01/10/2012,AUS,TX,ASW,CE,Combined TRACON& Tower with Radar,242,44,73,6,365,0,0,49,9,58,242,44,122,15,423,0,0,0,423
01/11/2012,AUS,TX,ASW,CE,Combined TRACON& Tower with Radar,254,61,79,16,410,0,0,81,18,99,254,61,160,34,509,0,0,0,509
01/12/2012,AUS,TX,ASW,CE,Combined TRACON& Tower with Radar,260,48,96,9,413,0,2,45,17,64,260,50,141,26,477,0,0,0,477
01/13/2012,AUS,TX,ASW,CE,Combined TRACON& Tower with Radar,268,42,73,7,390,0,2,71,8,81,268,44,144,15,471,8,8,16,487
01/14/2012,AUS,TX,ASW,CE,Combined TRACON& Tower with Radar,190,17,32,7,246,0,0,65,2,67,190,17,97,9,313,0,8,8,321
01/15/2012,AUS,TX,ASW,CE,Combined TRACON& Tower with Radar,233,20,45,1,299,0,2,57,1,60,233,22,102,2,359,10,0,10,369
01/16/2012,AUS,TX,ASW,CE,Combined TRACON& Tower with Radar,252,41,43,1,337,0,0,12,1,13,252,41,55,2,350,0,0,0,350
01/17/2012,AUS,TX,ASW,CE,Combined TRACON& Tower with Radar,247,47,72,5,371,0,2,70,9,81,247,49,142,14,452,0,0,0,452
01/18/2012,AUS,TX,ASW,CE,Combined TRACON& Tower with Radar,248,61,78,9,396,0,1,99,17,117,248,62,177,26,513,20,0,20,533
01/19/2012,AUS,TX,ASW,CE,Combined TRACON& Tower with Radar,264,60,106,6,436,0,1,63,16,80,264,61,169,22,516,4,0,4,520
01/20/2012,AUS,TX,ASW,CE,Combined TRACON& Tower with Radar,259,44,95,3,401,0,2,21,7,30,259,46,116,10,431,0,0,0,431
01/21/2012,AUS,TX,ASW,CE,Combined TRACON& Tower with Radar,190,15,43,21,269,0,0,65,8,73,190,15,108,29,342,30,0,30,372
01/22/2012,AUS,TX,ASW,CE,Combined TRACON& Tower with Radar,227,23,67,15,332,0,0,24,0,24,227,23,91,15,356,0,0,0,356
01/23/2012,AUS,TX,ASW,CE,Combined TRACON& Tower with Radar,258,28,69,9,364,0,2,68,5,75,258,30,137,14,439,0,0,0,439
01/24/2012,AUS,TX,ASW,CE,Combined TRACON& Tower with Radar,251,48,77,5,381,0,0,2,0,2,251,48,79,5,383,0,0,0,383
01/25/2012,AUS,TX,ASW,CE,Combined TRACON& Tower with Radar,275,41,74,9,399,0,0,13,6,19,275,41,87,15,418,0,12,12,430
01/26/2012,AUS,TX,ASW,CE,Combined TRACON& Tower with Radar,266,54,90,7,417,0,1,101,12,114,266,55,191,19,531,0,0,0,531
01/27/2012,AUS,TX,ASW,CE,Combined TRACON& Tower with Radar,264,41,69,15,389,0,3,119,13,135,264,44,188,28,524,12,14,26,550
01/28/2012,AUS,TX,ASW,CE,Combined TRACON& Tower with Radar,183,11,36,15,245,0,0,68,2,70,183,11,104,17,315,6,0,6,321
01/29/2012,AUS,TX,ASW,CE,Combined TRACON& Tower with Radar,235,25,50,7,317,0,0,109,1,110,235,25,159,8,427,12,0,12,439
01/30/2012,AUS,TX,ASW,CE,Combined TRACON& Tower with Radar,255,43,91,7,396,0,2,37,6,45,255,45,128,13,441,10,0,10,451
01/31/2012,AUS,TX,ASW,CE,Combined TRACON& Tower with Radar,247,58,91,10,406,0,1,28,14,43,247,59,119,24,449,0,8,8,457
02/01/2012,AUS,TX,ASW,CE,Combined TRACON& Tower with Radar,253,49,58,6,366,0,3,42,6,51,253,52,100,12,417,4,0,4,421
02/02/2012,AUS,TX,ASW,CE,Combined TRACON& Tower with Radar,262,54,121,5,442,0,1,16,8,25,262,55,137,13,467,10,13,23,490
02/03/2012,AUS,TX,ASW,CE,Combined TRACON& Tower with Radar,269,55,92,6,422,0,0,24,8,32,269,55,116,14,454,8,0,8,462
02/04/2012,AUS,TX,ASW,CE,Combined TRACON& Tower with Radar,192,26,60,5,283,0,0,43,3,46,192,26,103,8,329,0,0,0,329
02/05/2012,AUS,TX,ASW,CE,Combined TRACON& Tower with Radar,232,19,42,1,294,0,0,44,5,49,232,19,86,6,343,26,0,26,369
02/06/2012,AUS,TX,ASW,CE,Combined TRACON& Tower with Radar,253,45,102,4,404,0,2,74,5,81,253,47,176,9,485,0,0,0,485
02/07/2012,AUS,TX,ASW,CE,Combined TRACON& Tower with Radar,245,52,92,8,397,0,0,79,2,81,245,52,171,10,478,0,0,0,478
02/08/2012,AUS,TX,ASW,CE,Combined TRACON& Tower with Radar,252,45,90,5,392,0,0,50,9,59,252,45,140,14,451,0,0,0,451
02/09/2012,AUS,TX,ASW,CE,Combined TRACON& Tower with Radar,270,49,99,15,433,0,1,83,16,100,270,50,182,31,533,0,0,0,533
02/10/2012,AUS,TX,ASW,CE,Combined TRACON& Tower with Radar,263,48,89,7,407,0,3,72,4,79,263,51,161,11,486,0,0,0,486
02/11/2012,AUS,TX,ASW,CE,Combined TRACON& Tower with Radar,190,16,48,6,260,0,0,89,12,101,190,16,137,18,361,0,0,0,361
02/12/2012,AUS,TX,ASW,CE,Combined TRACON& Tower with Radar,248,28,49,3,328,0,0,34,8,42,248,28,83,11,370,16,0,16,386
02/13/2012,AUS,TX,ASW,CE,Combined TRACON& Tower with Radar,266,33,68,9,376,0,2,27,0,29,266,35,95,9,405,0,0,0,405
02/14/2012,AUS,TX,ASW,CE,Combined TRACON& Tower with Radar,259,62,76,5,402,0,4,45,7,56,259,66,121,12,458,0,0,0,458
02/15/2012,AUS,TX,ASW,CE,Combined TRACON& Tower with Radar,266,55,93,8,422,0,0,40,3,43,266,55,133,11,465,0,0,0,465
02/16/2012,AUS,TX,ASW,CE,Combined TRACON& Tower with Radar,281,58,94,4,437,0,0,50,6,56,281,58,144,10,493,0,0,0,493
02/17/2012,AUS,TX,ASW,CE,Combined TRACON& Tower with Radar,293,52,96,5,446,0,0,0,0,0,293,52,96,5,446,8,14,22,468
02/18/2012,AUS,TX,ASW,CE,Combined TRACON& Tower with Radar,202,34,54,2,292,0,0,8,1,9,202,34,62,3,301,0,0,0,301
02/19/2012,AUS,TX,ASW,CE,Combined TRACON& Tower with Radar,248,37,58,1,344,0,0,104,2,106,248,37,162,3,450,42,0,42,492
02/20/2012,AUS,TX,ASW,CE,Combined TRACON& Tower with Radar,269,40,106,3,418,0,1,52,3,56,269,41,158,6,474,36,0,36,510
02/21/2012,AUS,TX,ASW,CE,Combined TRACON& Tower with Radar,266,50,96,7,419,0,1,52,6,59,266,51,148,13,478,0,0,0,478
02/22/2012,AUS,TX,ASW,CE,Combined TRACON& Tower with Radar,271,51,91,19,432,0,2,84,11,97,271,53,175,30,529,0,8,8,537
02/23/2012,AUS,TX,ASW,CE,Combined TRACON& Tower with Radar,281,51,92,26,450,0,0,65,37,102,281,51,157,63,552,2,46,48,600
02/24/2012,AUS,TX,ASW,CE,Combined TRACON& Tower with Radar,272,47,77,12,408,0,0,64,3,67,272,47,141,15,475,0,0,0,475
02/25/2012,AUS,TX,ASW,CE,Combined TRACON& Tower with Radar,201,18,35,8,262,0,0,102,3,105,201,18,137,11,367,20,0,20,387
02/26/2012,AUS,TX,ASW,CE,Combined TRACON& Tower with Radar,256,33,70,1,360,0,0,73,0,73,256,33,143,1,433,0,0,0,433
02/27/2012,AUS,TX,ASW,CE,Combined TRACON& Tower with Radar,275,38,69,14,396,0,2,18,0,20,275,40,87,14,416,0,0,0,416
02/28/2012,AUS,TX,ASW,CE,Combined TRACON& Tower with Radar,262,49,91,9,411,0,0,24,7,31,262,49,115,16,442,0,0,0,442
02/29/2012,AUS,TX,ASW,CE,Combined TRACON& Tower with Radar,264,56,92,12,424,0,1,71,8,80,264,57,163,20,504,0,0,0,504
03/01/2012,AUS,TX,ASW,CE,Combined TRACON& Tower with Radar,283,47,106,8,444,0,4,8,5,17,283,51,114,13,461,0,0,0,461
03/02/2012,AUS,TX,ASW,CE,Combined TRACON& Tower with Radar,273,53,81,22,429,0,0,63,13,76,273,53,144,35,505,0,6,6,511
03/03/2012,AUS,TX,ASW,CE,Combined TRACON& Tower with Radar,211,19,54,2,286,0,0,88,4,92,211,19,142,6,378,0,0,0,378
03/04/2012,AUS,TX,ASW,CE,Combined TRACON& Tower with Radar,250,27,76,5,358,0,0,111,15,126,250,27,187,20,484,12,0,12,496
03/05/2012,AUS,TX,ASW,CE,Combined TRACON& Tower with Radar,277,36,48,4,365,0,4,82,7,93,277,40,130,11,458,34,0,34,492
03/06/2012,AUS,TX,ASW,CE,Combined TRACON& Tower with Radar,268,39,97,6,410,0,3,54,12,69,268,42,151,18,479,0,0,0,479
03/07/2012,AUS,TX,ASW,CE,Combined TRACON& Tower with Radar,273,47,76,14,410,0,1,16,0,17,273,48,92,14,427,22,0,22,449
03/08/2012,AUS,TX,ASW,CE,Combined TRACON& Tower with Radar,304,52,96,5,457,0,0,10,2,12,304,52,106,7,469,0,0,0,469
03/09/2012,AUS,TX,ASW,CE,Combined TRACON& Tower with Radar,289,63,74,4,430,0,0,3,2,5,289,63,77,6,435,0,0,0,435
03/10/2012,AUS,TX,ASW,CE,Combined TRACON& Tower with Radar,229,44,84,2,359,0,0,0,0,0,229,44,84,2,359,0,0,0,359
03/11/2012,AUS,TX,ASW,CE,Combined TRACON& Tower with Radar,271,40,61,3,375,0,0,48,9,57,271,40,109,12,432,0,0,0,432
03/12/2012,AUS,TX,ASW,CE,Combined TRACON& Tower with Radar,281,38,64,6,389,0,3,37,0,40,281,41,101,6,429,16,0,16,445
03/13/2012,AUS,TX,ASW,CE,Combined TRACON& Tower with Radar,272,52,90,5,419,0,2,27,6,35,272,54,117,11,454,4,0,4,458
03/14/2012,AUS,TX,ASW,CE,Combined TRACON& Tower with Radar,286,48,72,2,408,0,0,48,1,49,286,48,120,3,457,0,0,0,457
03/15/2012,AUS,TX,ASW,CE,Combined TRACON& Tower with Radar,284,53,98,3,438,0,4,45,7,56,284,57,143,10,494,0,0,0,494
03/16/2012,AUS,TX,ASW,CE,Combined TRACON& Tower with Radar,285,73,62,10,430,0,6,34,7,47,285,79,96,17,477,16,0,16,493
03/17/2012,AUS,TX,ASW,CE,Combined TRACON& Tower with Radar,228,26,72,5,331,0,0,54,1,55,228,26,126,6,386,6,8,14,400
03/18/2012,AUS,TX,ASW,CE,Combined TRACON& Tower with Radar,262,40,93,2,397,0,0,32,1,33,262,40,125,3,430,8,0,8,438
03/19/2012,AUS,TX,ASW,CE,Combined TRACON& Tower with Radar,277,44,56,17,394,0,0,23,6,29,277,44,79,23,423,2,0,2,425
03/20/2012,AUS,TX,ASW,CE,Combined TRACON& Tower with Radar,266,61,69,5,401,0,2,29,13,44,266,63,98,18,445,6,0,6,451
03/21/2012,AUS,TX,ASW,CE,Combined TRACON& Tower with Radar,277,41,104,10,432,0,1,89,16,106,277,42,193,26,538,0,0,0,538
03/22/2012,AUS,TX,ASW,CE,Combined TRACON& Tower with Radar,288,40,90,5,423,0,2,94,9,105,288,42,184,14,528,0,6,6,534
03/23/2012,AUS,TX,ASW,CE,Combined TRACON& Tower with Radar,285,32,64,3,384,0,4,104,11,119,285,36,168,14,503,10,0,10,513
03/24/2012,AUS,TX,ASW,CE,Combined TRACON& Tower with Radar,221,17,50,1,289,0,1,92,3,96,221,18,142,4,385,26,0,26,411
03/25/2012,AUS,TX,ASW,CE,Combined TRACON& Tower with Radar,265,23,72,2,362,0,1,113,0,114,265,24,185,2,476,2,0,2,478
03/26/2012,AUS,TX,ASW,CE,Combined TRACON& Tower with Radar,278,34,71,4,387,0,2,61,5,68,278,36,132,9,455,20,0,20,475
03/27/2012,AUS,TX,ASW,CE,Combined TRACON& Tower with Radar,272,38,86,7,403,0,1,65,11,77,272,39,151,18,480,2,0,2,482
03/28/2012,AUS,TX,ASW,CE,Combined TRACON& Tower with Radar,276,46,86,7,415,0,0,19,3,22,276,46,105,10,437,8,0,8,445
03/29/2012,AUS,TX,ASW,CE,Combined TRACON& Tower with Radar,278,52,127,6,463,0,0,41,5,46,278,52,168,11,509,2,0,2,511
03/30/2012,AUS,TX,ASW,CE,Combined TRACON& Tower with Radar,285,56,104,8,453,0,0,64,9,73,285,56,168,17,526,6,0,6,532
03/31/2012,AUS,TX,ASW,CE,Combined TRACON& Tower with Radar,223,17,50,14,304,0,0,87,1,88,223,17,137,15,392,6,0,6,398
04/01/2012,AUS,TX,ASW,CE,Combined TRACON& Tower with Radar,261,41,58,12,372,0,2,86,0,88,261,43,144,12,460,2,2,4,464
04/02/2012,AUS,TX,ASW,CE,Combined TRACON& Tower with Radar,287,42,78,6,413,0,3,76,6,85,287,45,154,12,498,16,0,16,514
04/03/2012,AUS,TX,ASW,CE,Combined TRACON& Tower with Radar,270,48,49,4,371,0,0,38,13,51,270,48,87,17,422,4,0,4,426
04/04/2012,AUS,TX,ASW,CE,Combined TRACON& Tower with Radar,273,57,133,5,468,0,1,76,33,110,273,58,209,38,578,20,0,20,598
04/05/2012,AUS,TX,ASW,CE,Combined TRACON& Tower with Radar,277,60,105,9,451,0,1,106,6,113,277,61,211,15,564,0,12,12,576
04/06/2012,AUS,TX,ASW,CE,Combined TRACON& Tower with Radar,277,53,67,9,406,0,1,98,5,104,277,54,165,14,510,0,0,0,510
04/07/2012,AUS,TX,ASW,CE,Combined TRACON& Tower with Radar,221,14,53,4,292,0,2,70,5,77,221,16,123,9,369,6,0,6,375
04/08/2012,AUS,TX,ASW,CE,Combined TRACON& Tower with Radar,262,42,50,7,361,0,0,80,6,86,262,42,130,13,447,28,0,28,475
04/09/2012,AUS,TX,ASW,CE,Combined TRACON& Tower with Radar,290,49,102,6,447,0,4,69,2,75,290,53,171,8,522,0,0,0,522
04/10/2012,AUS,TX,ASW,CE,Combined TRACON& Tower with Radar,268,49,97,7,421,0,4,78,9,91,268,53,175,16,512,2,0,2,514
04/11/2012,AUS,TX,ASW,CE,Combined TRACON& Tower with Radar,282,46,103,4,435,0,3,77,5,85,282,49,180,9,520,0,0,0,520
04/12/2012,AUS,TX,ASW,CE,Combined TRACON& Tower with Radar,282,52,97,15,446,0,1,31,14,46,282,53,128,29,492,0,0,0,492
04/13/2012,AUS,TX,ASW,CE,Combined TRACON& Tower with Radar,290,43,102,15,450,0,3,39,11,53,290,46,141,26,503,0,0,0,503
04/14/2012,AUS,TX,ASW,CE,Combined TRACON& Tower with Radar,215,21,55,4,295,0,1,17,8,26,215,22,72,12,321,6,0,6,327
04/15/2012,AUS,TX,ASW,CE,Combined TRACON& Tower with Radar,265,28,60,5,358,0,0,31,6,37,265,28,91,11,395,0,0,0,395
04/16/2012,AUS,TX,ASW,CE,Combined TRACON& Tower with Radar,288,43,72,13,416,0,4,54,8,66,288,47,126,21,482,0,0,0,482
04/17/2012,AUS,TX,ASW,CE,Combined TRACON& Tower with Radar,270,50,108,13,441,0,2,109,6,117,270,52,217,19,558,18,8,26,584
04/18/2012,AUS,TX,ASW,CE,Combined TRACON& Tower with Radar,281,53,90,8,432,0,0,96,6,102,281,53,186,14,534,4,0,4,538
04/19/2012,AUS,TX,ASW,CE,Combined TRACON& Tower with Radar,285,60,100,1,446,0,5,86,9,100,285,65,186,10,546,0,0,0,546
04/20/2012,AUS,TX,ASW,CE,Combined TRACON& Tower with Radar,293,54,103,3,453,0,2,48,8,58,293,56,151,11,511,0,0,0,511
04/21/2012,AUS,TX,ASW,CE,Combined TRACON& Tower with Radar,215,29,53,0,297,0,2,100,8,110,215,31,153,8,407,0,0,0,407
04/22/2012,AUS,TX,ASW,CE,Combined TRACON& Tower with Radar,256,35,73,3,367,0,4,95,10,109,256,39,168,13,476,8,0,8,484
04/23/2012,AUS,TX,ASW,CE,Combined TRACON& Tower with Radar,284,38,87,6,415,0,3,97,7,107,284,41,184,13,522,0,0,0,522
04/24/2012,AUS,TX,ASW,CE,Combined TRACON& Tower with Radar,271,58,89,8,426,0,7,113,15,135,271,65,202,23,561,16,0,16,577
04/25/2012,AUS,TX,ASW,CE,Combined TRACON& Tower with Radar,277,53,89,13,432,0,2,71,12,85,277,55,160,25,517,0,0,0,517
04/26/2012,AUS,TX,ASW,CE,Combined TRACON& Tower with Radar,285,59,72,8,424,0,2,67,5,74,285,61,139,13,498,0,0,0,498
04/27/2012,AUS,TX,ASW,CE,Combined TRACON& Tower with Radar,290,59,101,5,455,0,2,79,3,84,290,61,180,8,539,4,0,4,543
04/28/2012,AUS,TX,ASW,CE,Combined TRACON& Tower with Radar,222,19,54,12,307,0,0,42,3,45,222,19,96,15,352,0,0,0,352
04/29/2012,AUS,TX,ASW,CE,Combined TRACON& Tower with Radar,254,43,76,3,376,0,2,52,1,55,254,45,128,4,431,0,0,0,431
04/30/2012,AUS,TX,ASW,CE,Combined TRACON& Tower with Radar,281,49,71,2,403,0,1,32,2,35,281,50,103,4,438,0,0,0,438
05/01/2012,AUS,TX,ASW,CE,Combined TRACON& Tower with Radar,269,44,102,7,422,0,2,59,7,68,269,46,161,14,490,6,0,6,496
05/02/2012,AUS,TX,ASW,CE,Combined TRACON& Tower with Radar,278,51,88,7,424,0,1,66,12,79,278,52,154,19,503,0,0,0,503
05/03/2012,AUS,TX,ASW,CE,Combined TRACON& Tower with Radar,275,47,108,6,436,0,0,72,5,77,275,47,180,11,513,0,0,0,513
05/04/2012,AUS,TX,ASW,CE,Combined TRACON& Tower with Radar,291,35,97,5,428,0,3,53,13,69,291,38,150,18,497,0,0,0,497
05/05/2012,AUS,TX,ASW,CE,Combined TRACON& Tower with Radar,217,15,44,6,282,0,1,44,6,51,217,16,88,12,333,0,0,0,333
05/06/2012,AUS,TX,ASW,CE,Combined TRACON& Tower with Radar,253,29,43,3,328,0,1,57,6,64,253,30,100,9,392,0,0,0,392
05/07/2012,AUS,TX,ASW,CE,Combined TRACON& Tower with Radar,282,30,60,1,373,0,5,36,5,46,282,35,96,6,419,12,0,12,431
05/08/2012,AUS,TX,ASW,CE,Combined TRACON& Tower with Radar,270,43,79,2,394,0,0,12,0,12,270,43,91,2,406,0,0,0,406
05/09/2012,AUS,TX,ASW,CE,Combined TRACON& Tower with Radar,278,55,96,12,441,0,0,66,11,77,278,55,162,23,518,0,0,0,518
05/10/2012,AUS,TX,ASW,CE,Combined TRACON& Tower with Radar,274,47,89,5,415,0,0,6,0,6,274,47,95,5,421,0,0,0,421
05/11/2012,AUS,TX,ASW,CE,Combined TRACON& Tower with Radar,338,59,92,34,523,0,0,26,6,32,338,59,118,40,555,10,0,10,565
05/12/2012,AUS,TX,ASW,CE,Combined TRACON& Tower with Radar,227,16,78,5,326,0,0,62,3,65,227,16,140,8,391,0,0,0,391
05/13/2012,AUS,TX,ASW,CE,Combined TRACON& Tower with Radar,247,37,49,11,344,0,0,87,4,91,247,37,136,15,435,14,0,14,449
05/14/2012,AUS,TX,ASW,CE,Combined TRACON& Tower with Radar,281,35,76,9,401,0,3,61,6,70,281,38,137,15,471,0,0,0,471
05/15/2012,AUS,TX,ASW,CE,Combined TRACON& Tower with Radar,259,40,79,9,387,0,0,11,6,17,259,40,90,15,404,10,0,10,414
05/16/2012,AUS,TX,ASW,CE,Combined TRACON& Tower with Radar,277,56,78,10,421,0,1,116,19,136,277,57,194,29,557,8,0,8,565
05/17/2012,AUS,TX,ASW,CE,Combined TRACON& Tower with Radar,285,68,137,8,498,0,4,111,10,125,285,72,248,18,623,0,0,0,623
05/18/2012,AUS,TX,ASW,CE,Combined TRACON& Tower with Radar,284,60,118,8,470,0,2,82,11,95,284,62,200,19,565,0,0,0,565
05/19/2012,AUS,TX,ASW,CE,Combined TRACON& Tower with Radar,213,38,83,1,335,0,0,92,9,101,213,38,175,10,436,56,0,56,492
05/20/2012,AUS,TX,ASW,CE,Combined TRACON& Tower with Radar,250,50,76,3,379,0,0,83,8,91,250,50,159,11,470,10,0,10,480
05/21/2012,AUS,TX,ASW,CE,Combined TRACON& Tower with Radar,281,34,64,13,392,0,2,82,5,89,281,36,146,18,481,12,0,12,493
05/22/2012,AUS,TX,ASW,CE,Combined TRACON& Tower with Radar,273,48,91,8,420,0,0,74,9,83,273,48,165,17,503,0,0,0,503
05/23/2012,AUS,TX,ASW,CE,Combined TRACON& Tower with Radar,274,58,110,22,464,0,0,77,10,87,274,58,187,32,551,0,0,0,551
05/24/2012,AUS,TX,ASW,CE,Combined TRACON& Tower with Radar,289,57,112,9,467,0,0,51,6,57,289,57,163,15,524,0,0,0,524
05/25/2012,AUS,TX,ASW,CE,Combined TRACON& Tower with Radar,297,58,85,0,440,0,0,77,1,78,297,58,162,1,518,0,0,0,518
05/26/2012,AUS,TX,ASW,CE,Combined TRACON& Tower with Radar,204,17,51,2,274,0,0,62,2,64,204,17,113,4,338,0,0,0,338
05/27/2012,AUS,TX,ASW,CE,Combined TRACON& Tower with Radar,202,24,32,0,258,0,0,48,4,52,202,24,80,4,310,0,0,0,310
05/28/2012,AUS,TX,ASW,CE,Combined TRACON& Tower with Radar,260,30,64,1,355,0,4,61,1,66,260,34,125,2,421,0,0,0,421
05/29/2012,AUS,TX,ASW,CE,Combined TRACON& Tower with Radar,278,44,106,9,437,0,4,86,13,103,278,48,192,22,540,2,16,18,558
05/30/2012,AUS,TX,ASW,CE,Combined TRACON& Tower with Radar,294,40,97,5,436,0,7,62,8,77,294,47,159,13,513,4,0,4,517
05/31/2012,AUS,TX,ASW,CE,Combined TRACON& Tower with Radar,295,51,87,6,439,0,3,44,5,52,295,54,131,11,491,0,0,0,491
06/01/2012,AUS,TX,ASW,CE,Combined TRACON& Tower with Radar,291,47,67,15,420,0,4,86,13,103,291,51,153,28,523,8,2,10,533
06/02/2012,AUS,TX,ASW,CE,Combined TRACON& Tower with Radar,216,23,47,6,292,0,0,82,1,83,216,23,129,7,375,0,0,0,375
06/03/2012,AUS,TX,ASW,CE,Combined TRACON& Tower with Radar,256,39,72,7,374,0,0,63,6,69,256,39,135,13,443,0,10,10,453
06/04/2012,AUS,TX,ASW,CE,Combined TRACON& Tower with Radar,286,40,77,7,410,0,1,52,13,66,286,41,129,20,476,0,6,6,482
06/05/2012,AUS,TX,ASW,CE,Combined TRACON& Tower with Radar,275,53,73,15,416,0,0,55,11,66,275,53,128,26,482,8,12,20,502
06/06/2012,AUS,TX,ASW,CE,Combined TRACON& Tower with Radar,301,53,76,6,436,0,5,71,7,83,301,58,147,13,519,2,0,2,521
06/07/2012,AUS,TX,ASW,CE,Combined TRACON& Tower with Radar,304,45,89,0,438,0,0,88,4,92,304,45,177,4,530,50,0,50,580
06/08/2012,AUS,TX,ASW,CE,Combined TRACON& Tower with Radar,302,49,76,5,432,0,0,47,7,54,302,49,123,12,486,6,0,6,492
06/09/2012,AUS,TX,ASW,CE,Combined TRACON& Tower with Radar,217,25,37,5,284,0,0,73,7,80,217,25,110,12,364,8,0,8,372
06/10/2012,AUS,TX,ASW,CE,Combined TRACON& Tower with Radar,265,28,60,3,356,0,0,69,1,70,265,28,129,4,426,0,0,0,426
06/11/2012,AUS,TX,ASW,CE,Combined TRACON& Tower with Radar,290,34,78,2,404,0,1,63,8,72,290,35,141,10,476,0,0,0,476
06/12/2012,AUS,TX,ASW,CE,Combined TRACON& Tower with Radar,302,36,78,18,434,0,2,50,10,62,302,38,128,28,496,0,0,0,496
06/13/2012,AUS,TX,ASW,CE,Combined TRACON& Tower with Radar,296,45,95,4,440,0,3,97,11,111,296,48,192,15,551,0,0,0,551
06/14/2012,AUS,TX,ASW,CE,Combined TRACON& Tower with Radar,292,59,73,10,434,0,0,86,11,97,292,59,159,21,531,0,0,0,531
06/15/2012,AUS,TX,ASW,CE,Combined TRACON& Tower with Radar,300,44,94,21,459,0,2,71,7,80,300,46,165,28,539,24,0,24,563
06/16/2012,AUS,TX,ASW,CE,Combined TRACON& Tower with Radar,234,23,54,2,313,0,4,81,8,93,234,27,135,10,406,30,0,30,436
06/17/2012,AUS,TX,ASW,CE,Combined TRACON& Tower with Radar,273,22,62,9,366,0,0,50,5,55,273,22,112,14,421,22,0,22,443
06/18/2012,AUS,TX,ASW,CE,Combined TRACON& Tower with Radar,289,39,74,4,406,0,3,69,3,75,289,42,143,7,481,4,0,4,485
06/19/2012,AUS,TX,ASW,CE,Combined TRACON& Tower with Radar,298,59,63,5,425,0,1,35,8,44,298,60,98,13,469,34,0,34,503
06/20/2012,AUS,TX,ASW,CE,Combined TRACON& Tower with Radar,314,50,71,3,438,0,1,46,3,50,314,51,117,6,488,0,0,0,488
06/21/2012,AUS,TX,ASW,CE,Combined TRACON& Tower with Radar,291,53,85,17,446,0,3,89,1,93,291,56,174,18,539,0,0,0,539
06/22/2012,AUS,TX,ASW,CE,Combined TRACON& Tower with Radar,295,47,66,9,417,1,3,101,11,116,296,50,167,20,533,0,0,0,533
06/23/2012,AUS,TX,ASW,CE,Combined TRACON& Tower with Radar,232,18,42,5,297,0,2,74,11,87,232,20,116,16,384,24,0,24,408
06/24/2012,AUS,TX,ASW,CE,Combined TRACON& Tower with Radar,266,31,71,10,378,0,0,84,0,84,266,31,155,10,462,24,4,28,490
06/25/2012,AUS,TX,ASW,CE,Combined TRACON& Tower with Radar,284,43,67,11,405,0,10,75,14,99,284,53,142,25,504,12,0,12,516
06/26/2012,AUS,TX,ASW,CE,Combined TRACON& Tower with Radar,292,51,69,2,414,0,7,72,0,79,292,58,141,2,493,4,0,4,497
06/27/2012,AUS,TX,ASW,CE,Combined TRACON& Tower with Radar,293,47,76,5,421,0,5,100,5,110,293,52,176,10,531,0,0,0,531
06/28/2012,AUS,TX,ASW,CE,Combined TRACON& Tower with Radar,292,50,75,14,431,0,6,94,7,107,292,56,169,21,538,0,0,0,538
06/29/2012,AUS,TX,ASW,CE,Combined TRACON& Tower with Radar,285,47,89,7,428,0,5,57,13,75,285,52,146,20,503,0,6,6,509
06/30/2012,AUS,TX,ASW,CE,Combined TRACON& Tower with Radar,230,38,51,3,322,0,0,40,3,43,230,38,91,6,365,22,0,22,387
07/01/2012,AUS,TX,ASW,CE,Combined TRACON& Tower with Radar,261,35,42,6,344,0,0,26,2,28,261,35,68,8,372,0,0,0,372
07/02/2012,AUS,TX,ASW,CE,Combined TRACON& Tower with Radar,274,35,75,3,387,0,5,39,4,48,274,40,114,7,435,0,0,0,435
07/03/2012,AUS,TX,ASW,CE,Combined TRACON& Tower with Radar,265,46,67,9,387,0,3,71,2,76,265,49,138,11,463,0,0,0,463
07/04/2012,AUS,TX,ASW,CE,Combined TRACON& Tower with Radar,236,16,25,1,278,0,0,53,7,60,236,16,78,8,338,0,0,0,338
07/05/2012,AUS,TX,ASW,CE,Combined TRACON& Tower with Radar,254,42,47,7,350,0,3,41,6,50,254,45,88,13,400,8,0,8,408
07/06/2012,AUS,TX,ASW,CE,Combined TRACON& Tower with Radar,266,35,53,4,358,0,3,67,9,79,266,38,120,13,437,4,0,4,441
07/07/2012,AUS,TX,ASW,CE,Combined TRACON& Tower with Radar,258,23,35,0,316,0,0,68,0,68,258,23,103,0,384,32,0,32,416
07/08/2012,AUS,TX,ASW,CE,Combined TRACON& Tower with Radar,269,31,63,1,364,0,0,36,0,36,269,31,99,1,400,0,0,0,400
07/09/2012,AUS,TX,ASW,CE,Combined TRACON& Tower with Radar,323,48,64,7,442,0,1,48,6,55,323,49,112,13,497,0,0,0,497
07/10/2012,AUS,TX,ASW,CE,Combined TRACON& Tower with Radar,290,47,70,11,418,0,1,25,8,34,290,48,95,19,452,0,0,0,452
07/11/2012,AUS,TX,ASW,CE,Combined TRACON& Tower with Radar,294,58,56,7,415,0,0,13,5,18,294,58,69,12,433,6,0,6,439
07/12/2012,AUS,TX,ASW,CE,Combined TRACON& Tower with Radar,299,54,85,12,450,0,4,67,10,81,299,58,152,22,531,12,0,12,543
07/13/2012,AUS,TX,ASW,CE,Combined TRACON& Tower with Radar,300,56,54,16,426,0,4,62,12,78,300,60,116,28,504,0,0,0,504
07/14/2012,AUS,TX,ASW,CE,Combined TRACON& Tower with Radar,243,32,30,10,315,0,0,41,4,45,243,32,71,14,360,2,0,2,362
07/15/2012,AUS,TX,ASW,CE,Combined TRACON& Tower with Radar,260,29,53,12,354,0,0,50,7,57,260,29,103,19,411,14,0,14,425
07/16/2012,AUS,TX,ASW,CE,Combined TRACON& Tower with Radar,293,39,89,9,430,1,4,35,3,43,294,43,124,12,473,0,0,0,473
07/17/2012,AUS,TX,ASW,CE,Combined TRACON& Tower with Radar,288,39,55,9,391,0,0,41,3,44,288,39,96,12,435,16,0,16,451
07/18/2012,AUS,TX,ASW,CE,Combined TRACON& Tower with Radar,288,52,60,14,414,0,1,78,3,82,288,53,138,17,496,14,0,14,510
07/19/2012,AUS,TX,ASW,CE,Combined TRACON& Tower with Radar,285,46,78,5,414,0,2,93,16,111,285,48,171,21,525,0,0,0,525
07/20/2012,AUS,TX,ASW,CE,Combined TRACON& Tower with Radar,307,45,70,6,428,0,2,99,12,113,307,47,169,18,541,20,0,20,561
07/21/2012,AUS,TX,ASW,CE,Combined TRACON& Tower with Radar,250,21,35,8,314,0,0,72,8,80,250,21,107,16,394,0,0,0,394
07/22/2012,AUS,TX,ASW,CE,Combined TRACON& Tower with Radar,271,29,55,6,361,0,1,61,13,75,271,30,116,19,436,0,0,0,436
07/23/2012,AUS,TX,ASW,CE,Combined TRACON& Tower with Radar,288,47,55,4,394,0,5,46,9,60,288,52,101,13,454,24,0,24,478
07/24/2012,AUS,TX,ASW,CE,Combined TRACON& Tower with Radar,286,54,74,0,414,0,4,48,5,57,286,58,122,5,471,0,0,0,471
07/25/2012,AUS,TX,ASW,CE,Combined TRACON& Tower with Radar,296,47,70,6,419,0,1,85,3,89,296,48,155,9,508,10,0,10,518
07/26/2012,AUS,TX,ASW,CE,Combined TRACON& Tower with Radar,287,37,67,9,400,0,1,61,9,71,287,38,128,18,471,22,0,22,493
07/27/2012,AUS,TX,ASW,CE,Combined TRACON& Tower with Radar,294,35,48,8,385,0,2,73,14,89,294,37,121,22,474,2,38,40,514
07/28/2012,AUS,TX,ASW,CE,Combined TRACON& Tower with Radar,230,39,42,0,311,0,1,72,1,74,230,40,114,1,385,0,0,0,385
07/29/2012,AUS,TX,ASW,CE,Combined TRACON& Tower with Radar,256,30,42,5,333,0,0,99,7,106,256,30,141,12,439,24,0,24,463
07/30/2012,AUS,TX,ASW,CE,Combined TRACON& Tower with Radar,293,35,68,5,401,0,4,79,7,90,293,39,147,12,491,0,0,0,491
07/31/2012,AUS,TX,ASW,CE,Combined TRACON& Tower with Radar,292,34,63,2,391,0,3,78,5,86,292,37,141,7,477,6,0,6,483
08/01/2012,AUS,TX,ASW,CE,Combined TRACON& Tower with Radar,304,41,66,14,425,0,2,78,12,92,304,43,144,26,517,8,0,8,525
08/02/2012,AUS,TX,ASW,CE,Combined TRACON& Tower with Radar,292,45,66,3,406,0,1,80,9,90,292,46,146,12,496,0,0,0,496
08/03/2012,AUS,TX,ASW,CE,Combined TRACON& Tower with Radar,297,44,81,4,426,0,2,87,6,95,297,46,168,10,521,0,0,0,521
08/04/2012,AUS,TX,ASW,CE,Combined TRACON& Tower with Radar,239,33,25,16,313,0,1,85,3,89,239,34,110,19,402,14,0,14,416
08/05/2012,AUS,TX,ASW,CE,Combined TRACON& Tower with Radar,261,28,48,6,343,0,0,65,3,68,261,28,113,9,411,0,0,0,411
08/06/2012,AUS,TX,ASW,CE,Combined TRACON& Tower with Radar,292,39,63,11,405,0,4,62,4,70,292,43,125,15,475,0,0,0,475
08/07/2012,AUS,TX,ASW,CE,Combined TRACON& Tower with Radar,293,34,68,16,411,0,2,66,7,75,293,36,134,23,486,8,4,12,498
08/08/2012,AUS,TX,ASW,CE,Combined TRACON& Tower with Radar,295,30,54,5,384,0,3,87,5,95,295,33,141,10,479,4,0,4,483
08/09/2012,AUS,TX,ASW,CE,Combined TRACON& Tower with Radar,279,39,77,15,410,0,4,94,5,103,279,43,171,20,513,6,4,10,523
08/10/2012,AUS,TX,ASW,CE,Combined TRACON& Tower with Radar,304,42,81,10,437,0,1,63,3,67,304,43,144,13,504,0,0,0,504
08/11/2012,AUS,TX,ASW,CE,Combined TRACON& Tower with Radar,233,41,44,1,319,0,0,63,7,70,233,41,107,8,389,0,0,0,389
08/12/2012,AUS,TX,ASW,CE,Combined TRACON& Tower with Radar,266,28,51,4,349,0,0,82,4,86,266,28,133,8,435,0,20,20,455
08/13/2012,AUS,TX,ASW,CE,Combined TRACON& Tower with Radar,271,34,49,2,356,1,2,65,4,72,272,36,114,6,428,0,0,0,428
08/14/2012,AUS,TX,ASW,CE,Combined TRACON& Tower with Radar,292,53,98,8,451,0,4,56,1,61,292,57,154,9,512,0,0,0,512
08/15/2012,AUS,TX,ASW,CE,Combined TRACON& Tower with Radar,282,47,80,10,419,0,2,58,10,70,282,49,138,20,489,0,2,2,491
08/16/2012,AUS,TX,ASW,CE,Combined TRACON& Tower with Radar,283,52,72,7,414,0,2,69,11,82,283,54,141,18,496,0,0,0,496
08/17/2012,AUS,TX,ASW,CE,Combined TRACON& Tower with Radar,284,44,53,29,410,0,1,69,7,77,284,45,122,36,487,10,0,10,497
08/18/2012,AUS,TX,ASW,CE,Combined TRACON& Tower with Radar,248,25,24,1,298,0,0,31,5,36,248,25,55,6,334,0,0,0,334
08/19/2012,AUS,TX,ASW,CE,Combined TRACON& Tower with Radar,264,30,53,5,352,0,1,36,2,39,264,31,89,7,391,0,0,0,391
08/20/2012,AUS,TX,ASW,CE,Combined TRACON& Tower with Radar,282,29,55,10,376,0,1,75,3,79,282,30,130,13,455,0,6,6,461
08/21/2012,AUS,TX,ASW,CE,Combined TRACON& Tower with Radar,269,41,78,5,393,0,2,59,7,68,269,43,137,12,461,0,0,0,461
08/22/2012,AUS,TX,ASW,CE,Combined TRACON& Tower with Radar,282,48,77,7,414,0,0,74,16,90,282,48,151,23,504,4,0,4,508
08/23/2012,AUS,TX,ASW,CE,Combined TRACON& Tower with Radar,282,58,97,7,444,0,5,61,13,79,282,63,158,20,523,2,0,2,525
08/24/2012,AUS,TX,ASW,CE,Combined TRACON& Tower with Radar,293,50,67,35,445,0,2,46,4,52,293,52,113,39,497,0,0,0,497
08/25/2012,AUS,TX,ASW,CE,Combined TRACON& Tower with Radar,201,20,53,13,287,0,0,62,1,63,201,20,115,14,350,0,0,0,350
08/26/2012,AUS,TX,ASW,CE,Combined TRACON& Tower with Radar,258,20,65,4,347,0,2,56,0,58,258,22,121,4,405,26,0,26,431
08/27/2012,AUS,TX,ASW,CE,Combined TRACON& Tower with Radar,288,28,65,5,386,0,2,48,6,56,288,30,113,11,442,0,0,0,442
08/28/2012,AUS,TX,ASW,CE,Combined TRACON& Tower with Radar,274,38,83,4,399,0,1,50,11,62,274,39,133,15,461,0,0,0,461
08/29/2012,AUS,TX,ASW,CE,Combined TRACON& Tower with Radar,281,39,69,4,393,0,2,66,2,70,281,41,135,6,463,0,0,0,463
08/30/2012,AUS,TX,ASW,CE,Combined TRACON& Tower with Radar,270,37,52,21,380,0,4,83,5,92,270,41,135,26,472,0,0,0,472
08/31/2012,AUS,TX,ASW,CE,Combined TRACON& Tower with Radar,297,50,75,8,430,0,3,94,11,108,297,53,169,19,538,26,0,26,564
09/01/2012,AUS,TX,ASW,CE,Combined TRACON& Tower with Radar,200,22,64,1,287,0,0,68,0,68,200,22,132,1,355,0,0,0,355
09/02/2012,AUS,TX,ASW,CE,Combined TRACON& Tower with Radar,200,18,55,1,274,0,2,58,0,60,200,20,113,1,334,0,0,0,334
09/03/2012,AUS,TX,ASW,CE,Combined TRACON& Tower with Radar,264,25,44,14,347,0,1,86,2,89,264,26,130,16,436,0,0,0,436
09/04/2012,AUS,TX,ASW,CE,Combined TRACON& Tower with Radar,277,39,67,22,405,0,3,48,14,65,277,42,115,36,470,0,0,0,470
09/05/2012,AUS,TX,ASW,CE,Combined TRACON& Tower with Radar,281,36,77,14,408,0,3,51,18,72,281,39,128,32,480,0,56,56,536
09/06/2012,AUS,TX,ASW,CE,Combined TRACON& Tower with Radar,295,48,88,5,436,0,6,62,20,88,295,54,150,25,524,18,6,24,548
09/07/2012,AUS,TX,ASW,CE,Combined TRACON& Tower with Radar,301,41,62,18,422,0,1,64,11,76,301,42,126,29,498,0,0,0,498
09/08/2012,AUS,TX,ASW,CE,Combined TRACON& Tower with Radar,204,21,67,10,302,0,1,52,6,59,204,22,119,16,361,0,0,0,361
09/09/2012,AUS,TX,ASW,CE,Combined TRACON& Tower with Radar,269,26,60,10,365,0,0,82,9,91,269,26,142,19,456,0,0,0,456
09/10/2012,AUS,TX,ASW,CE,Combined TRACON& Tower with Radar,282,34,58,2,376,0,2,62,2,66,282,36,120,4,442,10,0,10,452
09/11/2012,AUS,TX,ASW,CE,Combined TRACON& Tower with Radar,271,49,58,21,399,0,4,81,5,90,271,53,139,26,489,10,10,20,509
09/12/2012,AUS,TX,ASW,CE,Combined TRACON& Tower with Radar,285,43,103,24,455,0,1,57,11,69,285,44,160,35,524,18,6,24,548
09/13/2012,AUS,TX,ASW,CE,Combined TRACON& Tower with Radar,278,60,106,6,450,0,0,16,2,18,278,60,122,8,468,0,0,0,468
09/14/2012,AUS,TX,ASW,CE,Combined TRACON& Tower with Radar,297,60,111,14,482,0,0,11,4,15,297,60,122,18,497,0,0,0,497
09/15/2012,AUS,TX,ASW,CE,Combined TRACON& Tower with Radar,211,14,59,1,285,0,1,31,7,39,211,15,90,8,324,10,0,10,334
09/16/2012,AUS,TX,ASW,CE,Combined TRACON& Tower with Radar,274,35,110,5,424,0,0,5,1,6,274,35,115,6,430,0,0,0,430
09/17/2012,AUS,TX,ASW,CE,Combined TRACON& Tower with Radar,291,38,69,21,419,0,2,34,4,40,291,40,103,25,459,0,0,0,459
09/18/2012,AUS,TX,ASW,CE,Combined TRACON& Tower with Radar,277,37,70,13,397,0,5,48,11,64,277,42,118,24,461,0,4,4,465
09/19/2012,AUS,TX,ASW,CE,Combined TRACON& Tower with Radar,278,41,70,22,411,0,2,97,21,120,278,43,167,43,531,22,4,26,557
09/20/2012,AUS,TX,ASW,CE,Combined TRACON& Tower with Radar,284,51,82,10,427,0,3,107,8,118,284,54,189,18,545,4,0,4,549
09/21/2012,AUS,TX,ASW,CE,Combined TRACON& Tower with Radar,286,45,52,15,398,0,2,112,9,123,286,47,164,24,521,0,0,0,521
09/22/2012,AUS,TX,ASW,CE,Combined TRACON& Tower with Radar,206,12,41,5,264,0,1,102,5,108,206,13,143,10,372,10,0,10,382
09/23/2012,AUS,TX,ASW,CE,Combined TRACON& Tower with Radar,263,24,48,5,340,0,0,83,9,92,263,24,131,14,432,24,0,24,456
09/24/2012,AUS,TX,ASW,CE,Combined TRACON& Tower with Radar,280,41,62,8,391,0,0,50,7,57,280,41,112,15,448,0,0,0,448
09/25/2012,AUS,TX,ASW,CE,Combined TRACON& Tower with Radar,283,44,81,7,415,0,3,81,8,92,283,47,162,15,507,8,0,8,515
09/26/2012,AUS,TX,ASW,CE,Combined TRACON& Tower with Radar,276,53,93,7,429,0,2,79,7,88,276,55,172,14,517,0,0,0,517
09/27/2012,AUS,TX,ASW,CE,Combined TRACON& Tower with Radar,284,45,122,16,467,0,5,70,3,78,284,50,192,19,545,18,0,18,563
09/28/2012,AUS,TX,ASW,CE,Combined TRACON& Tower with Radar,296,58,81,14,449,0,1,31,11,43,296,59,112,25,492,20,0,20,512
09/29/2012,AUS,TX,ASW,CE,Combined TRACON& Tower with Radar,208,20,41,2,271,0,2,6,2,10,208,22,47,4,281,0,0,0,281
09/30/2012,AUS,TX,ASW,CE,Combined TRACON& Tower with Radar,279,42,71,7,399,0,2,32,3,37,279,44,103,10,436,0,0,0,436
10/01/2012,AUS,TX,ASW,CE,Combined TRACON& Tower with Radar,302,49,78,10,439,0,2,79,16,97,302,51,157,26,536,0,0,0,536
10/02/2012,AUS,TX,ASW,CE,Combined TRACON& Tower with Radar,268,51,77,2,398,0,7,101,22,130,268,58,178,24,528,50,0,50,578
10/03/2012,AUS,TX,ASW,CE,Combined TRACON& Tower with Radar,280,42,82,12,416,0,5,108,14,127,280,47,190,26,543,4,0,4,547
10/04/2012,AUS,TX,ASW,CE,Combined TRACON& Tower with Radar,291,50,98,11,450,0,1,48,7,56,291,51,146,18,506,0,14,14,520
10/05/2012,AUS,TX,ASW,CE,Combined TRACON& Tower with Radar,299,77,124,14,514,0,2,71,5,78,299,79,195,19,592,4,0,4,596
10/06/2012,AUS,TX,ASW,CE,Combined TRACON& Tower with Radar,214,36,106,2,358,0,0,62,2,64,214,36,168,4,422,8,0,8,430
10/07/2012,AUS,TX,ASW,CE,Combined TRACON& Tower with Radar,273,37,116,8,434,0,1,60,4,65,273,38,176,12,499,34,0,34,533
10/08/2012,AUS,TX,ASW,CE,Combined TRACON& Tower with Radar,288,53,101,1,443,0,1,73,3,77,288,54,174,4,520,0,0,0,520
10/09/2012,AUS,TX,ASW,CE,Combined TRACON& Tower with Radar,269,49,109,7,434,0,1,41,1,43,269,50,150,8,477,0,0,0,477
10/10/2012,AUS,TX,ASW,CE,Combined TRACON& Tower with Radar,270,54,99,10,433,0,6,51,8,65,270,60,150,18,498,0,0,0,498
10/11/2012,AUS,TX,ASW,CE,Combined TRACON& Tower with Radar,290,52,101,9,452,0,0,19,3,22,290,52,120,12,474,0,0,0,474
10/12/2012,AUS,TX,ASW,CE,Combined TRACON& Tower with Radar,293,53,84,21,451,0,3,70,9,82,293,56,154,30,533,0,0,0,533
10/13/2012,AUS,TX,ASW,CE,Combined TRACON& Tower with Radar,213,19,54,6,292,0,1,17,0,18,213,20,71,6,310,0,0,0,310
10/14/2012,AUS,TX,ASW,CE,Combined TRACON& Tower with Radar,266,34,75,2,377,0,0,62,0,62,266,34,137,2,439,0,0,0,439
10/15/2012,AUS,TX,ASW,CE,Combined TRACON& Tower with Radar,296,37,51,5,389,0,3,64,3,70,296,40,115,8,459,0,0,0,459
10/16/2012,AUS,TX,ASW,CE,Combined TRACON& Tower with Radar,267,46,103,7,423,0,6,19,6,31,267,52,122,13,454,0,0,0,454
10/17/2012,AUS,TX,ASW,CE,Combined TRACON& Tower with Radar,274,51,93,3,421,0,3,42,19,64,274,54,135,22,485,0,0,0,485
10/18/2012,AUS,TX,ASW,CE,Combined TRACON& Tower with Radar,288,60,119,6,473,0,7,62,27,96,288,67,181,33,569,0,0,0,569
10/19/2012,AUS,TX,ASW,CE,Combined TRACON& Tower with Radar,292,62,123,21,498,0,2,98,9,109,292,64,221,30,607,0,0,0,607
10/20/2012,AUS,TX,ASW,CE,Combined TRACON& Tower with Radar,211,30,88,10,339,0,0,51,4,55,211,30,139,14,394,0,0,0,394
10/21/2012,AUS,TX,ASW,CE,Combined TRACON& Tower with Radar,270,42,107,5,424,0,0,55,1,56,270,42,162,6,480,0,0,0,480
10/22/2012,AUS,TX,ASW,CE,Combined TRACON& Tower with Radar,286,29,74,13,402,0,2,23,7,32,286,31,97,20,434,0,8,8,442
10/23/2012,AUS,TX,ASW,CE,Combined TRACON& Tower with Radar,270,45,97,4,416,0,0,38,6,44,270,45,135,10,460,0,0,0,460
10/24/2012,AUS,TX,ASW,CE,Combined TRACON& Tower with Radar,271,58,116,11,456,0,1,69,12,82,271,59,185,23,538,0,0,0,538
10/25/2012,AUS,TX,ASW,CE,Combined TRACON& Tower with Radar,287,55,106,12,460,0,1,67,14,82,287,56,173,26,542,20,0,20,562
10/26/2012,AUS,TX,ASW,CE,Combined TRACON& Tower with Radar,297,63,117,6,483,0,3,32,1,36,297,66,149,7,519,0,0,0,519
10/27/2012,AUS,TX,ASW,CE,Combined TRACON& Tower with Radar,224,31,44,2,301,0,2,61,6,69,224,33,105,8,370,0,0,0,370
10/28/2012,AUS,TX,ASW,CE,Combined TRACON& Tower with Radar,263,39,82,1,385,0,0,79,0,79,263,39,161,1,464,12,0,12,476
10/29/2012,AUS,TX,ASW,CE,Combined TRACON& Tower with Radar,255,39,74,10,378,0,3,61,6,70,255,42,135,16,448,0,0,0,448
10/30/2012,AUS,TX,ASW,CE,Combined TRACON& Tower with Radar,234,52,78,5,369,0,4,107,9,120,234,56,185,14,489,8,0,8,497
10/31/2012,AUS,TX,ASW,CE,Combined TRACON& Tower with Radar,241,49,69,14,373,0,3,93,3,99,241,52,162,17,472,48,0,48,520
11/01/2012,AUS,TX,ASW,CE,Combined TRACON& Tower with Radar,288,58,101,11,458,0,4,69,6,79,288,62,170,17,537,0,0,0,537
11/02/2012,AUS,TX,ASW,CE,Combined TRACON& Tower with Radar,293,53,88,7,441,0,2,74,7,83,293,55,162,14,524,10,0,10,534
11/03/2012,AUS,TX,ASW,CE,Combined TRACON& Tower with Radar,214,21,47,8,290,0,1,44,3,48,214,22,91,11,338,0,0,0,338
11/04/2012,AUS,TX,ASW,CE,Combined TRACON& Tower with Radar,269,34,55,13,371,0,2,71,12,85,269,36,126,25,456,2,8,10,466
11/05/2012,AUS,TX,ASW,CE,Combined TRACON& Tower with Radar,288,37,68,10,403,0,2,68,5,75,288,39,136,15,478,4,2,6,484
11/06/2012,AUS,TX,ASW,CE,Combined TRACON& Tower with Radar,261,34,87,6,388,0,3,79,11,93,261,37,166,17,481,4,0,4,485
11/07/2012,AUS,TX,ASW,CE,Combined TRACON& Tower with Radar,279,41,90,5,415,0,1,93,10,104,279,42,183,15,519,2,0,2,521
11/08/2012,AUS,TX,ASW,CE,Combined TRACON& Tower with Radar,287,53,102,10,452,0,1,99,12,112,287,54,201,22,564,2,8,10,574
11/09/2012,AUS,TX,ASW,CE,Combined TRACON& Tower with Radar,297,64,123,9,493,0,1,57,11,69,297,65,180,20,562,0,0,0,562
11/10/2012,AUS,TX,ASW,CE,Combined TRACON& Tower with Radar,220,26,93,3,342,0,0,70,18,88,220,26,163,21,430,2,0,2,432
11/11/2012,AUS,TX,ASW,CE,Combined TRACON& Tower with Radar,270,37,74,4,385,0,0,33,3,36,270,37,107,7,421,0,0,0,421
11/12/2012,AUS,TX,ASW,CE,Combined TRACON& Tower with Radar,292,53,80,4,429,0,1,69,4,74,292,54,149,8,503,0,0,0,503
11/13/2012,AUS,TX,ASW,CE,Combined TRACON& Tower with Radar,271,52,80,3,406,0,0,68,9,77,271,52,148,12,483,0,0,0,483
11/14/2012,AUS,TX,ASW,CE,Combined TRACON& Tower with Radar,275,64,71,7,417,0,4,88,7,99,275,68,159,14,516,0,0,0,516
11/15/2012,AUS,TX,ASW,CE,Combined TRACON& Tower with Radar,302,100,150,4,556,0,3,91,17,111,302,103,241,21,667,2,80,82,749
11/16/2012,AUS,TX,ASW,CE,Combined TRACON& Tower with Radar,298,100,153,3,554,0,0,97,69,166,298,100,250,72,720,0,0,0,720
11/17/2012,AUS,TX,ASW,CE,Combined TRACON& Tower with Radar,216,47,96,2,361,0,0,113,158,271,216,47,209,160,632,0,0,0,632
11/18/2012,AUS,TX,ASW,CE,Combined TRACON& Tower with Radar,270,120,202,0,592,0,1,117,226,344,270,121,319,226,936,0,0,0,936
11/19/2012,AUS,TX,ASW,CE,Combined TRACON& Tower with Radar,324,106,138,7,575,0,1,67,7,75,324,107,205,14,650,2,0,2,652
11/20/2012,AUS,TX,ASW,CE,Combined TRACON& Tower with Radar,279,53,87,9,428,0,1,66,9,76,279,54,153,18,504,0,0,0,504
11/21/2012,AUS,TX,ASW,CE,Combined TRACON& Tower with Radar,298,56,84,0,438,0,2,102,0,104,298,58,186,0,542,0,0,0,542
11/22/2012,AUS,TX,ASW,CE,Combined TRACON& Tower with Radar,182,15,57,0,254,0,0,43,4,47,182,15,100,4,301,0,0,0,301
11/23/2012,AUS,TX,ASW,CE,Combined TRACON& Tower with Radar,225,28,71,0,324,0,0,45,0,45,225,28,116,0,369,0,0,0,369
11/24/2012,AUS,TX,ASW,CE,Combined TRACON& Tower with Radar,233,37,52,0,322,0,4,84,6,94,233,41,136,6,416,4,0,4,420
11/25/2012,AUS,TX,ASW,CE,Combined TRACON& Tower with Radar,289,44,104,2,439,0,11,77,0,88,289,55,181,2,527,6,0,6,533
11/26/2012,AUS,TX,ASW,CE,Combined TRACON& Tower with Radar,303,48,48,3,402,0,5,55,3,63,303,53,103,6,465,14,4,18,483
11/27/2012,AUS,TX,ASW,CE,Combined TRACON& Tower with Radar,278,51,91,15,435,0,1,64,8,73,278,52,155,23,508,0,0,0,508
11/28/2012,AUS,TX,ASW,CE,Combined TRACON& Tower with Radar,289,49,74,12,424,0,5,102,24,131,289,54,176,36,555,14,0,14,569
11/29/2012,AUS,TX,ASW,CE,Combined TRACON& Tower with Radar,291,45,90,16,442,0,4,66,15,85,291,49,156,31,527,8,0,8,535
11/30/2012,AUS,TX,ASW,CE,Combined TRACON& Tower with Radar,301,45,96,15,457,0,3,53,9,65,301,48,149,24,522,0,0,0,522
12/01/2012,AUS,TX,ASW,CE,Combined TRACON& Tower with Radar,213,16,53,5,287,0,0,57,4,61,213,16,110,9,348,0,0,0,348
12/02/2012,AUS,TX,ASW,CE,Combined TRACON& Tower with Radar,272,30,67,28,397,0,1,52,1,54,272,31,119,29,451,14,0,14,465
12/03/2012,AUS,TX,ASW,CE,Combined TRACON& Tower with Radar,284,40,73,8,405,0,1,47,7,55,284,41,120,15,460,4,0,4,464
12/04/2012,AUS,TX,ASW,CE,Combined TRACON& Tower with Radar,277,57,76,27,437,0,5,36,14,55,277,62,112,41,492,6,10,16,508
12/05/2012,AUS,TX,ASW,CE,Combined TRACON& Tower with Radar,284,52,106,16,458,0,3,117,13,133,284,55,223,29,591,6,0,6,597
12/06/2012,AUS,TX,ASW,CE,Combined TRACON& Tower with Radar,295,54,108,5,462,0,1,55,12,68,295,55,163,17,530,0,0,0,530
12/07/2012,AUS,TX,ASW,CE,Combined TRACON& Tower with Radar,295,49,93,11,448,0,0,64,8,72,295,49,157,19,520,0,0,0,520
12/08/2012,AUS,TX,ASW,CE,Combined TRACON& Tower with Radar,210,22,49,4,285,0,0,36,4,40,210,22,85,8,325,0,0,0,325
12/09/2012,AUS,TX,ASW,CE,Combined TRACON& Tower with Radar,262,36,68,3,369,0,2,23,0,25,262,38,91,3,394,10,2,12,406
12/10/2012,AUS,TX,ASW,CE,Combined TRACON& Tower with Radar,284,28,86,5,403,0,3,55,3,61,284,31,141,8,464,26,0,26,490
12/11/2012,AUS,TX,ASW,CE,Combined TRACON& Tower with Radar,282,54,88,19,443,0,5,77,9,91,282,59,165,28,534,10,0,10,544
12/12/2012,AUS,TX,ASW,CE,Combined TRACON& Tower with Radar,284,46,95,9,434,0,7,101,3,111,284,53,196,12,545,12,0,12,557
12/13/2012,AUS,TX,ASW,CE,Combined TRACON& Tower with Radar,292,53,96,11,452,0,3,98,27,128,292,56,194,38,580,40,0,40,620
12/14/2012,AUS,TX,ASW,CE,Combined TRACON& Tower with Radar,298,43,92,10,443,0,1,16,10,27,298,44,108,20,470,4,0,4,474
12/15/2012,AUS,TX,ASW,CE,Combined TRACON& Tower with Radar,217,15,53,9,294,0,0,51,6,57,217,15,104,15,351,0,0,0,351
12/16/2012,AUS,TX,ASW,CE,Combined TRACON& Tower with Radar,277,32,69,5,383,0,0,58,2,60,277,32,127,7,443,0,2,2,445
12/17/2012,AUS,TX,ASW,CE,Combined TRACON& Tower with Radar,290,46,67,14,417,0,7,77,14,98,290,53,144,28,515,0,0,0,515
12/18/2012,AUS,TX,ASW,CE,Combined TRACON& Tower with Radar,281,53,84,5,423,0,8,87,24,119,281,61,171,29,542,0,0,0,542
12/19/2012,AUS,TX,ASW,CE,Combined TRACON& Tower with Radar,303,55,86,11,455,0,1,35,11,47,303,56,121,22,502,0,0,0,502
12/20/2012,AUS,TX,ASW,CE,Combined TRACON& Tower with Radar,287,58,81,6,432,0,3,56,2,61,287,61,137,8,493,0,0,0,493
12/21/2012,AUS,TX,ASW,CE,Combined TRACON& Tower with Radar,301,65,49,2,417,0,1,98,3,102,301,66,147,5,519,10,0,10,529
12/22/2012,AUS,TX,ASW,CE,Combined TRACON& Tower with Radar,272,32,38,2,344,0,0,47,3,50,272,32,85,5,394,8,0,8,402
12/23/2012,AUS,TX,ASW,CE,Combined TRACON& Tower with Radar,248,27,25,0,300,0,2,37,1,40,248,29,62,1,340,0,0,0,340
12/24/2012,AUS,TX,ASW,CE,Combined TRACON& Tower with Radar,223,26,24,0,273,0,3,38,0,41,223,29,62,0,314,0,0,0,314
12/25/2012,AUS,TX,ASW,CE,Combined TRACON& Tower with Radar,207,9,14,0,230,0,0,4,2,6,207,9,18,2,236,0,0,0,236
12/26/2012,AUS,TX,ASW,CE,Combined TRACON& Tower with Radar,290,44,54,2,390,0,0,46,0,46,290,44,100,2,436,10,0,10,446
12/27/2012,AUS,TX,ASW,CE,Combined TRACON& Tower with Radar,292,47,66,0,405,0,2,15,4,21,292,49,81,4,426,0,0,0,426
12/28/2012,AUS,TX,ASW,CE,Combined TRACON& Tower with Radar,297,59,45,12,413,0,1,33,4,38,297,60,78,16,451,0,12,12,463
12/29/2012,AUS,TX,ASW,CE,Combined TRACON& Tower with Radar,218,19,37,2,276,0,0,61,7,68,218,19,98,9,344,14,0,14,358
12/30/2012,AUS,TX,ASW,CE,Combined TRACON& Tower with Radar,254,26,24,0,304,0,0,42,2,44,254,26,66,2,348,0,0,0,348
12/31/2012,AUS,TX,ASW,CE,Combined TRACON& Tower with Radar,226,26,37,0,289,0,0,0,0,0,226,26,37,0,289,0,0,0,289
01/01/2013,AUS,TX,ASW,CE,Combined TRACON& Tower with Radar,230,27,37,0,294,0,0,18,0,18,230,27,55,0,312,0,0,0,312
01/02/2013,AUS,TX,ASW,CE,Combined TRACON& Tower with Radar,290,45,52,5,392,0,0,32,7,39,290,45,84,12,431,0,0,0,431
01/03/2013,AUS,TX,ASW,CE,Combined TRACON& Tower with Radar,286,39,49,7,381,0,4,51,12,67,286,43,100,19,448,2,2,4,452
01/04/2013,AUS,TX,ASW,CE,Combined TRACON& Tower with Radar,290,42,55,7,394,0,0,10,0,10,290,42,65,7,404,0,0,0,404
01/05/2013,AUS,TX,ASW,CE,Combined TRACON& Tower with Radar,204,33,58,12,307,0,1,51,6,58,204,34,109,18,365,0,0,0,365
01/06/2013,AUS,TX,ASW,CE,Combined TRACON& Tower with Radar,257,22,52,1,332,0,3,69,3,75,257,25,121,4,407,0,0,0,407
01/07/2013,AUS,TX,ASW,CE,Combined TRACON& Tower with Radar,272,38,57,3,370,0,2,69,2,73,272,40,126,5,443,37,0,37,480
01/08/2013,AUS,TX,ASW,CE,Combined TRACON& Tower with Radar,254,39,78,0,371,0,0,1,0,1,254,39,79,0,372,0,0,0,372
01/09/2013,AUS,TX,ASW,CE,Combined TRACON& Tower with Radar,269,50,60,0,379,0,0,2,2,4,269,50,62,2,383,0,0,0,383
01/10/2013,AUS,TX,ASW,CE,Combined TRACON& Tower with Radar,273,49,67,3,392,0,2,59,17,78,273,51,126,20,470,0,16,16,486
01/11/2013,AUS,TX,ASW,CE,Combined TRACON& Tower with Radar,282,43,74,33,432,0,2,50,4,56,282,45,124,37,488,0,22,22,510
01/12/2013,AUS,TX,ASW,CE,Combined TRACON& Tower with Radar,198,26,41,1,266,0,0,17,7,24,198,26,58,8,290,16,0,16,306
01/13/2013,AUS,TX,ASW,CE,Combined TRACON& Tower with Radar,244,24,55,5,328,0,2,66,9,77,244,26,121,14,405,16,0,16,421
01/14/2013,AUS,TX,ASW,CE,Combined TRACON& Tower with Radar,272,35,50,9,366,0,2,44,6,52,272,37,94,15,418,14,0,14,432
01/15/2013,AUS,TX,ASW,CE,Combined TRACON& Tower with Radar,247,43,92,3,385,0,0,14,2,16,247,43,106,5,401,46,0,46,447
01/16/2013,AUS,TX,ASW,CE,Combined TRACON& Tower with Radar,261,40,72,7,380,0,4,84,18,106,261,44,156,25,486,0,6,6,492
01/17/2013,AUS,TX,ASW,CE,Combined TRACON& Tower with Radar,273,54,93,14,434,0,2,71,17,90,273,56,164,31,524,0,12,12,536
01/18/2013,AUS,TX,ASW,CE,Combined TRACON& Tower with Radar,282,29,68,26,405,0,2,92,2,96,282,31,160,28,501,0,0,0,501
01/19/2013,AUS,TX,ASW,CE,Combined TRACON& Tower with Radar,193,7,38,8,246,0,0,101,8,109,193,7,139,16,355,20,0,20,375
01/20/2013,AUS,TX,ASW,CE,Combined TRACON& Tower with Radar,246,15,38,14,313,0,2,91,1,94,246,17,129,15,407,0,0,0,407
01/21/2013,AUS,TX,ASW,CE,Combined TRACON& Tower with Radar,272,33,80,7,392,0,0,76,4,80,272,33,156,11,472,0,0,0,472
01/22/2013,AUS,TX,ASW,CE,Combined TRACON& Tower with Radar,261,31,56,6,354,0,0,69,11,80,261,31,125,17,434,0,2,2,436
01/23/2013,AUS,TX,ASW,CE,Combined TRACON& Tower with Radar,259,40,88,8,395,0,1,36,11,48,259,41,124,19,443,0,0,0,443
01/24/2013,AUS,TX,ASW,CE,Combined TRACON& Tower with Radar,270,53,114,10,447,0,1,84,8,93,270,54,198,18,540,14,0,14,554
01/25/2013,AUS,TX,ASW,CE,Combined TRACON& Tower with Radar,272,47,87,15,421,0,2,75,9,86,272,49,162,24,507,0,0,0,507
01/26/2013,AUS,TX,ASW,CE,Combined TRACON& Tower with Radar,200,15,46,7,268,0,0,16,8,24,200,15,62,15,292,0,0,0,292
01/27/2013,AUS,TX,ASW,CE,Combined TRACON& Tower with Radar,240,26,64,8,338,0,1,47,12,60,240,27,111,20,398,26,0,26,424
01/28/2013,AUS,TX,ASW,CE,Combined TRACON& Tower with Radar,267,39,87,2,395,0,0,26,1,27,267,39,113,3,422,0,0,0,422
01/29/2013,AUS,TX,ASW,CE,Combined TRACON& Tower with Radar,282,57,53,5,397,0,4,22,7,33,282,61,75,12,430,0,0,0,430
01/30/2013,AUS,TX,ASW,CE,Combined TRACON& Tower with Radar,256,53,79,19,407,0,0,60,17,77,256,53,139,36,484,6,0,6,490
01/31/2013,AUS,TX,ASW,CE,Combined TRACON& Tower with Radar,275,55,86,6,422,0,1,100,20,121,275,56,186,26,543,0,0,0,543
02/01/2013,AUS,TX,ASW,CE,Combined TRACON& Tower with Radar,281,36,93,3,413,0,1,92,12,105,281,37,185,15,518,0,0,0,518
02/02/2013,AUS,TX,ASW,CE,Combined TRACON& Tower with Radar,186,23,47,3,259,0,0,93,11,104,186,23,140,14,363,10,8,18,381
02/03/2013,AUS,TX,ASW,CE,Combined TRACON& Tower with Radar,233,36,48,5,322,0,0,75,5,80,233,36,123,10,402,8,0,8,410
02/04/2013,AUS,TX,ASW,CE,Combined TRACON& Tower with Radar,270,49,97,17,433,0,1,33,3,37,270,50,130,20,470,2,0,2,472
02/05/2013,AUS,TX,ASW,CE,Combined TRACON& Tower with Radar,258,45,112,10,425,0,1,99,16,116,258,46,211,26,541,6,2,8,549
02/06/2013,AUS,TX,ASW,CE,Combined TRACON& Tower with Radar,260,54,110,6,430,0,0,47,11,58,260,54,157,17,488,20,0,20,508
02/07/2013,AUS,TX,ASW,CE,Combined TRACON& Tower with Radar,268,51,132,8,459,0,4,52,12,68,268,55,184,20,527,8,12,20,547
02/08/2013,AUS,TX,ASW,CE,Combined TRACON& Tower with Radar,269,50,95,14,428,0,0,122,12,134,269,50,217,26,562,18,30,48,610
02/09/2013,AUS,TX,ASW,CE,Combined TRACON& Tower with Radar,191,10,62,6,269,0,0,2,2,4,191,10,64,8,273,0,0,0,273
02/10/2013,AUS,TX,ASW,CE,Combined TRACON& Tower with Radar,244,31,75,0,350,0,0,70,6,76,244,31,145,6,426,26,0,26,452
02/11/2013,AUS,TX,ASW,CE,Combined TRACON& Tower with Radar,263,45,81,3,392,0,0,34,0,34,263,45,115,3,426,22,0,22,448
02/12/2013,AUS,TX,ASW,CE,Combined TRACON& Tower with Radar,262,64,84,7,417,0,1,39,15,55,262,65,123,22,472,10,0,10,482
02/13/2013,AUS,TX,ASW,CE,Combined TRACON& Tower with Radar,265,46,85,20,416,0,1,100,18,119,265,47,185,38,535,8,0,8,543
02/14/2013,AUS,TX,ASW,CE,Combined TRACON& Tower with Radar,284,47,101,7,439,0,1,85,20,106,284,48,186,27,545,22,0,22,567
02/15/2013,AUS,TX,ASW,CE,Combined TRACON& Tower with Radar,292,49,94,7,442,0,2,89,4,95,292,51,183,11,537,24,0,24,561
02/16/2013,AUS,TX,ASW,CE,Combined TRACON& Tower with Radar,207,19,44,5,275,0,0,108,13,121,207,19,152,18,396,6,0,6,402
02/17/2013,AUS,TX,ASW,CE,Combined TRACON& Tower with Radar,247,37,52,9,345,0,0,85,1,86,247,37,137,10,431,0,0,0,431
02/18/2013,AUS,TX,ASW,CE,Combined TRACON& Tower with Radar,297,40,85,2,424,0,0,52,2,54,297,40,137,4,478,0,0,0,478
02/19/2013,AUS,TX,ASW,CE,Combined TRACON& Tower with Radar,272,44,119,2,437,0,0,75,20,95,272,44,194,22,532,6,0,6,538
02/20/2013,AUS,TX,ASW,CE,Combined TRACON& Tower with Radar,277,48,109,5,439,0,0,10,3,13,277,48,119,8,452,0,0,0,452
02/21/2013,AUS,TX,ASW,CE,Combined TRACON& Tower with Radar,288,52,92,27,459,0,2,49,12,63,288,54,141,39,522,2,0,2,524
02/22/2013,AUS,TX,ASW,CE,Combined TRACON& Tower with Radar,292,46,97,13,448,0,2,70,4,76,292,48,167,17,524,30,0,30,554
02/23/2013,AUS,TX,ASW,CE,Combined TRACON& Tower with Radar,205,24,49,2,280,0,5,70,17,92,205,29,119,19,372,4,0,4,376
02/24/2013,AUS,TX,ASW,CE,Combined TRACON& Tower with Radar,251,35,81,5,372,0,0,80,8,88,251,35,161,13,460,16,0,16,476
02/25/2013,AUS,TX,ASW,CE,Combined TRACON& Tower with Radar,265,31,72,0,368,0,0,14,0,14,265,31,86,0,382,0,0,0,382
02/26/2013,AUS,TX,ASW,CE,Combined TRACON& Tower with Radar,256,52,84,11,403,0,5,85,15,105,256,57,169,26,508,0,0,0,508
02/27/2013,AUS,TX,ASW,CE,Combined TRACON& Tower with Radar,269,62,103,6,440,0,1,69,13,83,269,63,172,19,523,0,0,0,523
02/28/2013,AUS,TX,ASW,CE,Combined TRACON& Tower with Radar,291,59,88,14,452,0,4,84,10,98,291,63,172,24,550,0,0,0,550
03/01/2013,AUS,TX,ASW,CE,Combined TRACON& Tower with Radar,295,51,84,13,443,0,5,100,13,118,295,56,184,26,561,0,0,0,561
03/02/2013,AUS,TX,ASW,CE,Combined TRACON& Tower with Radar,217,21,52,4,294,0,0,96,17,113,217,21,148,21,407,0,0,0,407
03/03/2013,AUS,TX,ASW,CE,Combined TRACON& Tower with Radar,261,35,60,3,359,0,2,73,4,79,261,37,133,7,438,6,0,6,444
03/04/2013,AUS,TX,ASW,CE,Combined TRACON& Tower with Radar,287,46,95,2,430,0,3,68,8,79,287,49,163,10,509,0,18,18,527
03/05/2013,AUS,TX,ASW,CE,Combined TRACON& Tower with Radar,276,55,98,16,445,0,3,49,15,67,276,58,147,31,512,0,0,0,512
03/06/2013,AUS,TX,ASW,CE,Combined TRACON& Tower with Radar,280,62,107,6,455,0,3,152,18,173,280,65,259,24,628,36,0,36,664
03/07/2013,AUS,TX,ASW,CE,Combined TRACON& Tower with Radar,298,79,109,12,498,0,0,118,12,130,298,79,227,24,628,6,0,6,634
03/08/2013,AUS,TX,ASW,CE,Combined TRACON& Tower with Radar,307,79,137,11,534,0,0,16,0,16,307,79,153,11,550,0,0,0,550
03/09/2013,AUS,TX,ASW,CE,Combined TRACON& Tower with Radar,246,52,105,0,403,0,0,12,0,12,246,52,117,0,415,16,0,16,431
03/10/2013,AUS,TX,ASW,CE,Combined TRACON& Tower with Radar,282,48,67,0,397,0,1,66,2,69,282,49,133,2,466,8,0,8,474
03/11/2013,AUS,TX,ASW,CE,Combined TRACON& Tower with Radar,311,50,72,2,435,0,1,86,10,97,311,51,158,12,532,0,0,0,532
03/12/2013,AUS,TX,ASW,CE,Combined TRACON& Tower with Radar,299,46,55,2,402,0,3,98,10,111,299,49,153,12,513,0,0,0,513
03/13/2013,AUS,TX,ASW,CE,Combined TRACON& Tower with Radar,298,41,58,8,405,0,3,98,12,113,298,44,156,20,518,20,0,20,538
03/14/2013,AUS,TX,ASW,CE,Combined TRACON& Tower with Radar,306,66,74,8,454,0,4,76,10,90,306,70,150,18,544,4,4,8,552
03/15/2013,AUS,TX,ASW,CE,Combined TRACON& Tower with Radar,308,35,66,10,419,0,4,72,5,81,308,39,138,15,500,0,0,0,500
03/16/2013,AUS,TX,ASW,CE,Combined TRACON& Tower with Radar,250,46,55,2,353,0,0,63,5,68,250,46,118,7,421,6,0,6,427
03/17/2013,AUS,TX,ASW,CE,Combined TRACON& Tower with Radar,285,64,69,4,422,0,0,76,4,80,285,64,145,8,502,30,0,30,532
03/18/2013,AUS,TX,ASW,CE,Combined TRACON& Tower with Radar,302,41,74,19,436,0,2,55,4,61,302,43,129,23,497,0,0,0,497
03/19/2013,AUS,TX,ASW,CE,Combined TRACON& Tower with Radar,293,43,80,5,421,0,4,56,4,64,293,47,136,9,485,0,0,0,485
03/20/2013,AUS,TX,ASW,CE,Combined TRACON& Tower with Radar,304,50,77,5,436,0,3,65,9,77,304,53,142,14,513,22,0,22,535
03/21/2013,AUS,TX,ASW,CE,Combined TRACON& Tower with Radar,299,55,91,10,455,0,3,56,13,72,299,58,147,23,527,16,0,16,543
03/22/2013,AUS,TX,ASW,CE,Combined TRACON& Tower with Radar,300,52,93,13,458,0,0,54,5,59,300,52,147,18,517,0,0,0,517
03/23/2013,AUS,TX,ASW,CE,Combined TRACON& Tower with Radar,239,32,65,1,337,0,0,53,2,55,239,32,118,3,392,4,0,4,396
03/24/2013,AUS,TX,ASW,CE,Combined TRACON& Tower with Radar,279,36,61,7,383,0,1,48,1,50,279,37,109,8,433,6,0,6,439
03/25/2013,AUS,TX,ASW,CE,Combined TRACON& Tower with Radar,300,42,71,6,419,0,5,84,13,102,300,47,155,19,521,0,0,0,521
03/26/2013,AUS,TX,ASW,CE,Combined TRACON& Tower with Radar,294,46,85,12,437,0,3,104,7,114,294,49,189,19,551,12,0,12,563
03/27/2013,AUS,TX,ASW,CE,Combined TRACON& Tower with Radar,287,51,103,7,448,0,3,75,7,85,287,54,178,14,533,0,0,0,533
03/28/2013,AUS,TX,ASW,CE,Combined TRACON& Tower with Radar,296,61,126,6,489,0,0,50,10,60,296,61,176,16,549,6,2,8,557
03/29/2013,AUS,TX,ASW,CE,Combined TRACON& Tower with Radar,296,56,76,3,431,0,3,64,9,76,296,59,140,12,507,28,0,28,535
03/30/2013,AUS,TX,ASW,CE,Combined TRACON& Tower with Radar,229,16,56,4,305,0,0,98,6,104,229,16,154,10,409,0,0,0,409
03/31/2013,AUS,TX,ASW,CE,Combined TRACON& Tower with Radar,292,46,57,1,396,0,2,50,1,53,292,48,107,2,449,0,0,0,449
04/01/2013,AUS,TX,ASW,CE,Combined TRACON& Tower with Radar,296,38,102,9,445,0,3,71,9,83,296,41,173,18,528,0,0,0,528
04/02/2013,AUS,TX,ASW,CE,Combined TRACON& Tower with Radar,288,49,67,6,410,0,0,11,0,11,288,49,78,6,421,0,4,4,425
04/03/2013,AUS,TX,ASW,CE,Combined TRACON& Tower with Radar,296,48,77,2,423,0,0,2,0,2,296,48,79,2,425,0,0,0,425
04/04/2013,AUS,TX,ASW,CE,Combined TRACON& Tower with Radar,294,60,97,16,467,0,5,75,12,92,294,65,172,28,559,8,0,8,567
04/05/2013,AUS,TX,ASW,CE,Combined TRACON& Tower with Radar,299,46,60,4,409,0,4,141,9,154,299,50,201,13,563,20,0,20,583
04/06/2013,AUS,TX,ASW,CE,Combined TRACON& Tower with Radar,229,36,62,5,332,0,1,63,11,75,229,37,125,16,407,20,0,20,427
04/07/2013,AUS,TX,ASW,CE,Combined TRACON& Tower with Radar,262,44,93,14,413,0,0,57,5,62,262,44,150,19,475,0,0,0,475
04/08/2013,AUS,TX,ASW,CE,Combined TRACON& Tower with Radar,298,43,104,13,458,0,1,19,3,23,298,44,123,16,481,4,0,4,485
04/09/2013,AUS,TX,ASW,CE,Combined TRACON& Tower with Radar,279,51,119,5,454,0,1,39,5,45,279,52,158,10,499,0,0,0,499
04/10/2013,AUS,TX,ASW,CE,Combined TRACON& Tower with Radar,288,69,100,13,470,0,0,16,5,21,288,69,116,18,491,8,0,8,499
04/11/2013,AUS,TX,ASW,CE,Combined TRACON& Tower with Radar,292,53,136,21,502,0,4,80,9,93,292,57,216,30,595,8,0,8,603
04/12/2013,AUS,TX,ASW,CE,Combined TRACON& Tower with Radar,318,62,125,7,512,0,4,89,17,110,318,66,214,24,622,0,0,0,622
04/13/2013,AUS,TX,ASW,CE,Combined TRACON& Tower with Radar,213,24,78,0,315,0,7,86,15,108,213,31,164,15,423,8,0,8,431
04/14/2013,AUS,TX,ASW,CE,Combined TRACON& Tower with Radar,264,49,86,9,408,0,0,65,5,70,264,49,151,14,478,0,0,0,478
04/15/2013,AUS,TX,ASW,CE,Combined TRACON& Tower with Radar,292,38,82,10,422,0,2,57,10,69,292,40,139,20,491,14,8,22,513
04/16/2013,AUS,TX,ASW,CE,Combined TRACON& Tower with Radar,267,50,105,14,436,0,1,47,6,54,267,51,152,20,490,10,0,10,500
04/17/2013,AUS,TX,ASW,CE,Combined TRACON& Tower with Radar,272,68,104,11,455,0,1,31,12,44,272,69,135,23,499,8,0,8,507
04/18/2013,AUS,TX,ASW,CE,Combined TRACON& Tower with Radar,287,72,80,15,454,0,3,29,4,36,287,75,109,19,490,0,0,0,490
04/19/2013,AUS,TX,ASW,CE,Combined TRACON& Tower with Radar,292,55,110,6,463,0,5,116,18,139,292,60,226,24,602,18,0,18,620
04/20/2013,AUS,TX,ASW,CE,Combined TRACON& Tower with Radar,215,25,44,14,298,0,2,126,13,141,215,27,170,27,439,16,0,16,455
04/21/2013,AUS,TX,ASW,CE,Combined TRACON& Tower with Radar,257,47,75,2,381,0,2,105,15,122,257,49,180,17,503,6,0,6,509
04/22/2013,AUS,TX,ASW,CE,Combined TRACON& Tower with Radar,291,46,107,5,449,0,3,55,4,62,291,49,162,9,511,17,0,17,528
04/23/2013,AUS,TX,ASW,CE,Combined TRACON& Tower with Radar,285,57,98,4,444,0,0,34,6,40,285,57,132,10,484,0,0,0,484
04/24/2013,AUS,TX,ASW,CE,Combined TRACON& Tower with Radar,284,66,98,16,464,0,2,48,17,67,284,68,146,33,531,0,0,0,531
04/25/2013,AUS,TX,ASW,CE,Combined TRACON& Tower with Radar,297,53,89,3,442,0,4,74,10,88,297,57,163,13,530,0,0,0,530
04/26/2013,AUS,TX,ASW,CE,Combined TRACON& Tower with Radar,298,62,113,6,479,0,0,33,2,35,298,62,146,8,514,0,0,0,514
04/27/2013,AUS,TX,ASW,CE,Combined TRACON& Tower with Radar,214,23,46,5,288,0,0,33,4,37,214,23,79,9,325,0,0,0,325
04/28/2013,AUS,TX,ASW,CE,Combined TRACON& Tower with Radar,259,45,58,5,367,0,0,56,0,56,259,45,114,5,423,0,0,0,423
04/29/2013,AUS,TX,ASW,CE,Combined TRACON& Tower with Radar,299,45,90,7,441,0,0,31,5,36,299,45,121,12,477,0,0,0,477
04/30/2013,AUS,TX,ASW,CE,Combined TRACON& Tower with Radar,281,52,96,12,441,0,4,43,13,60,281,56,139,25,501,0,0,0,501
05/01/2013,AUS,TX,ASW,CE,Combined TRACON& Tower with Radar,286,58,99,7,450,0,2,50,11,63,286,60,149,18,513,0,0,0,513
05/02/2013,AUS,TX,ASW,CE,Combined TRACON& Tower with Radar,293,58,102,10,463,0,0,11,5,16,293,58,113,15,479,0,0,0,479
05/03/2013,AUS,TX,ASW,CE,Combined TRACON& Tower with Radar,301,46,105,14,466,0,5,83,4,92,301,51,188,18,558,0,0,0,558
05/04/2013,AUS,TX,ASW,CE,Combined TRACON& Tower with Radar,220,22,38,5,285,0,0,96,8,104,220,22,134,13,389,0,0,0,389
05/05/2013,AUS,TX,ASW,CE,Combined TRACON& Tower with Radar,280,32,60,8,380,0,0,91,3,94,280,32,151,11,474,0,0,0,474
05/06/2013,AUS,TX,ASW,CE,Combined TRACON& Tower with Radar,301,38,70,8,417,0,4,84,2,90,301,42,154,10,507,16,0,16,523
05/07/2013,AUS,TX,ASW,CE,Combined TRACON& Tower with Radar,279,41,86,7,413,0,7,89,7,103,279,48,175,14,516,2,0,2,518
05/08/2013,AUS,TX,ASW,CE,Combined TRACON& Tower with Radar,290,57,97,5,449,0,3,45,4,52,290,60,142,9,501,0,14,14,515
05/09/2013,AUS,TX,ASW,CE,Combined TRACON& Tower with Radar,296,49,58,4,407,0,0,20,2,22,296,49,78,6,429,0,0,0,429
05/10/2013,AUS,TX,ASW,CE,Combined TRACON& Tower with Radar,313,58,69,4,444,0,0,25,2,27,313,58,94,6,471,0,0,0,471
05/11/2013,AUS,TX,ASW,CE,Combined TRACON& Tower with Radar,219,23,40,0,282,0,0,84,0,84,219,23,124,0,366,12,0,12,378
05/12/2013,AUS,TX,ASW,CE,Combined TRACON& Tower with Radar,282,27,43,1,353,0,0,71,0,71,282,27,114,1,424,0,0,0,424
05/13/2013,AUS,TX,ASW,CE,Combined TRACON& Tower with Radar,302,40,80,5,427,0,3,70,4,77,302,43,150,9,504,0,0,0,504
05/14/2013,AUS,TX,ASW,CE,Combined TRACON& Tower with Radar,289,50,62,10,411,0,3,66,6,75,289,53,128,16,486,0,0,0,486
05/15/2013,AUS,TX,ASW,CE,Combined TRACON& Tower with Radar,299,59,89,6,453,0,3,16,2,21,299,62,105,8,474,0,0,0,474
05/16/2013,AUS,TX,ASW,CE,Combined TRACON& Tower with Radar,318,72,113,8,511,0,2,58,8,68,318,74,171,16,579,2,16,18,597
05/17/2013,AUS,TX,ASW,CE,Combined TRACON& Tower with Radar,308,56,98,11,473,0,5,75,9,89,308,61,173,20,562,0,0,0,562
05/18/2013,AUS,TX,ASW,CE,Combined TRACON& Tower with Radar,216,22,49,2,289,0,1,52,4,57,216,23,101,6,346,0,0,0,346
05/19/2013,AUS,TX,ASW,CE,Combined TRACON& Tower with Radar,295,48,80,14,437,0,0,62,1,63,295,48,142,15,500,0,0,0,500
05/20/2013,AUS,TX,ASW,CE,Combined TRACON& Tower with Radar,303,38,81,3,425,0,2,39,10,51,303,40,120,13,476,22,0,22,498
05/21/2013,AUS,TX,ASW,CE,Combined TRACON& Tower with Radar,311,49,93,11,464,0,1,46,8,55,311,50,139,19,519,0,0,0,519
05/22/2013,AUS,TX,ASW,CE,Combined TRACON& Tower with Radar,303,55,114,18,490,0,5,93,12,110,303,60,207,30,600,10,12,22,622
05/23/2013,AUS,TX,ASW,CE,Combined TRACON& Tower with Radar,313,56,103,18,490,0,3,86,25,114,313,59,189,43,604,14,0,14,618
05/24/2013,AUS,TX,ASW,CE,Combined TRACON& Tower with Radar,333,48,85,3,469,0,4,11,2,17,333,52,96,5,486,0,0,0,486
05/25/2013,AUS,TX,ASW,CE,Combined TRACON& Tower with Radar,242,28,39,5,314,0,0,10,0,10,242,28,49,5,324,0,0,0,324
05/26/2013,AUS,TX,ASW,CE,Combined TRACON& Tower with Radar,226,24,27,8,285,0,0,44,0,44,226,24,71,8,329,22,0,22,351
05/27/2013,AUS,TX,ASW,CE,Combined TRACON& Tower with Radar,283,32,72,0,387,0,1,45,3,49,283,33,117,3,436,0,0,0,436
05/28/2013,AUS,TX,ASW,CE,Combined TRACON& Tower with Radar,294,53,74,6,427,0,1,47,10,58,294,54,121,16,485,0,0,0,485
05/29/2013,AUS,TX,ASW,CE,Combined TRACON& Tower with Radar,315,48,77,11,451,0,1,26,11,38,315,49,103,22,489,0,0,0,489
05/30/2013,AUS,TX,ASW,CE,Combined TRACON& Tower with Radar,305,45,97,4,451,0,1,42,11,54,305,46,139,15,505,0,0,0,505
05/31/2013,AUS,TX,ASW,CE,Combined TRACON& Tower with Radar,319,49,85,14,467,0,3,53,11,67,319,52,138,25,534,14,0,14,548
06/01/2013,AUS,TX,ASW,CE,Combined TRACON& Tower with Radar,235,29,56,4,324,0,1,65,11,77,235,30,121,15,401,2,0,2,403
06/02/2013,AUS,TX,ASW,CE,Combined TRACON& Tower with Radar,284,39,56,6,385,0,0,54,1,55,284,39,110,7,440,0,0,0,440
06/03/2013,AUS,TX,ASW,CE,Combined TRACON& Tower with Radar,313,31,71,3,418,0,9,70,3,82,313,40,141,6,500,10,0,10,510
06/04/2013,AUS,TX,ASW,CE,Combined TRACON& Tower with Radar,300,44,80,10,434,0,4,79,8,91,300,48,159,18,525,4,0,4,529
06/05/2013,AUS,TX,ASW,CE,Combined TRACON& Tower with Radar,305,55,70,7,437,0,5,83,13,101,305,60,153,20,538,6,0,6,544
06/06/2013,AUS,TX,ASW,CE,Combined TRACON& Tower with Radar,317,68,91,47,523,0,4,57,13,74,317,72,148,60,597,0,58,58,655
06/07/2013,AUS,TX,ASW,CE,Combined TRACON& Tower with Radar,309,59,88,24,480,0,4,82,16,102,309,63,170,40,582,0,0,0,582
06/08/2013,AUS,TX,ASW,CE,Combined TRACON& Tower with Radar,243,39,46,1,329,0,1,84,6,91,243,40,130,7,420,6,0,6,426
06/09/2013,AUS,TX,ASW,CE,Combined TRACON& Tower with Radar,277,51,70,6,404,0,0,65,7,72,277,51,135,13,476,0,0,0,476
06/10/2013,AUS,TX,ASW,CE,Combined TRACON& Tower with Radar,300,46,65,7,418,0,2,80,8,90,300,48,145,15,508,8,0,8,516
06/11/2013,AUS,TX,ASW,CE,Combined TRACON& Tower with Radar,322,62,82,8,474,0,1,58,10,69,322,63,140,18,543,36,0,36,579
06/12/2013,AUS,TX,ASW,CE,Combined TRACON& Tower with Radar,304,42,74,6,426,0,2,63,13,78,304,44,137,19,504,6,0,6,510
06/13/2013,AUS,TX,ASW,CE,Combined TRACON& Tower with Radar,300,64,108,12,484,0,4,59,10,73,300,68,167,22,557,62,0,62,619
06/14/2013,AUS,TX,ASW,CE,Combined TRACON& Tower with Radar,317,77,76,21,491,0,3,62,4,69,317,80,138,25,560,14,12,26,586
06/15/2013,AUS,TX,ASW,CE,Combined TRACON& Tower with Radar,244,32,40,1,317,0,0,53,2,55,244,32,93,3,372,48,0,48,420
06/16/2013,AUS,TX,ASW,CE,Combined TRACON& Tower with Radar,278,43,39,1,361,0,2,64,0,66,278,45,103,1,427,10,0,10,437
06/17/2013,AUS,TX,ASW,CE,Combined TRACON& Tower with Radar,302,60,57,5,424,0,2,65,11,78,302,62,122,16,502,2,0,2,504
06/18/2013,AUS,TX,ASW,CE,Combined TRACON& Tower with Radar,305,63,60,13,441,0,2,52,12,66,305,65,112,25,507,0,0,0,507
06/19/2013,AUS,TX,ASW,CE,Combined TRACON& Tower with Radar,308,56,65,8,437,0,0,66,16,82,308,56,131,24,519,4,0,4,523
06/20/2013,AUS,TX,ASW,CE,Combined TRACON& Tower with Radar,313,58,68,5,444,0,2,48,10,60,313,60,116,15,504,2,4,6,510
06/21/2013,AUS,TX,ASW,CE,Combined TRACON& Tower with Radar,309,48,65,4,426,0,2,74,7,83,309,50,139,11,509,0,0,0,509
06/22/2013,AUS,TX,ASW,CE,Combined TRACON& Tower with Radar,248,24,47,0,319,0,0,69,4,73,248,24,116,4,392,0,0,0,392
06/23/2013,AUS,TX,ASW,CE,Combined TRACON& Tower with Radar,271,48,59,17,395,0,0,60,7,67,271,48,119,24,462,44,0,44,506
06/24/2013,AUS,TX,ASW,CE,Combined TRACON& Tower with Radar,291,42,63,7,403,0,3,42,2,47,291,45,105,9,450,0,0,0,450
06/25/2013,AUS,TX,ASW,CE,Combined TRACON& Tower with Radar,310,65,75,11,461,0,7,52,13,72,310,72,127,24,533,0,0,0,533
06/26/2013,AUS,TX,ASW,CE,Combined TRACON& Tower with Radar,290,54,76,11,431,0,4,73,15,92,290,58,149,26,523,14,0,14,537
06/27/2013,AUS,TX,ASW,CE,Combined TRACON& Tower with Radar,314,63,71,13,461,0,4,80,14,98,314,67,151,27,559,10,0,10,569
06/28/2013,AUS,TX,ASW,CE,Combined TRACON& Tower with Radar,297,57,64,26,444,0,7,54,8,69,297,64,118,34,513,2,0,2,515
06/29/2013,AUS,TX,ASW,CE,Combined TRACON& Tower with Radar,259,36,26,11,332,0,5,71,1,77,259,41,97,12,409,14,0,14,423
06/30/2013,AUS,TX,ASW,CE,Combined TRACON& Tower with Radar,270,40,44,31,385,0,1,50,10,61,270,41,94,41,446,0,20,20,466
07/01/2013,AUS,TX,ASW,CE,Combined TRACON& Tower with Radar,290,29,71,8,398,0,4,69,3,76,290,33,140,11,474,0,0,0,474
07/02/2013,AUS,TX,ASW,CE,Combined TRACON& Tower with Radar,284,51,55,9,399,0,4,63,14,81,284,55,118,23,480,2,0,2,482
07/03/2013,AUS,TX,ASW,CE,Combined TRACON& Tower with Radar,309,42,89,24,464,0,6,79,27,112,309,48,168,51,576,18,24,42,618
07/04/2013,AUS,TX,ASW,CE,Combined TRACON& Tower with Radar,226,9,17,0,252,0,0,48,0,48,226,9,65,0,300,0,0,0,300
07/05/2013,AUS,TX,ASW,CE,Combined TRACON& Tower with Radar,255,23,35,3,316,0,2,70,0,72,255,25,105,3,388,0,0,0,388
07/06/2013,AUS,TX,ASW,CE,Combined TRACON& Tower with Radar,239,31,39,2,311,0,1,78,4,83,239,32,117,6,394,8,0,8,402
07/07/2013,AUS,TX,ASW,CE,Combined TRACON& Tower with Radar,279,41,65,6,391,0,0,55,8,63,279,41,120,14,454,14,4,18,472
07/08/2013,AUS,TX,ASW,CE,Combined TRACON& Tower with Radar,298,39,69,8,414,0,2,34,3,39,298,41,103,11,453,12,0,12,465
07/09/2013,AUS,TX,ASW,CE,Combined TRACON& Tower with Radar,314,43,78,8,443,0,1,59,10,70,314,44,137,18,513,6,0,6,519
07/10/2013,AUS,TX,ASW,CE,Combined TRACON& Tower with Radar,298,50,68,8,424,0,5,62,21,88,298,55,130,29,512,20,0,20,532
07/11/2013,AUS,TX,ASW,CE,Combined TRACON& Tower with Radar,321,51,78,8,458,0,2,75,15,92,321,53,153,23,550,2,0,2,552
07/12/2013,AUS,TX,ASW,CE,Combined TRACON& Tower with Radar,312,36,73,6,427,0,4,88,7,99,312,40,161,13,526,6,0,6,532
07/13/2013,AUS,TX,ASW,CE,Combined TRACON& Tower with Radar,247,21,34,11,313,0,2,74,6,82,247,23,108,17,395,12,0,12,407
07/14/2013,AUS,TX,ASW,CE,Combined TRACON& Tower with Radar,295,27,44,7,373,0,0,29,1,30,295,27,73,8,403,24,0,24,427
07/15/2013,AUS,TX,ASW,CE,Combined TRACON& Tower with Radar,305,41,65,2,413,0,0,6,0,6,305,41,71,2,419,0,0,0,419
07/16/2013,AUS,TX,ASW,CE,Combined TRACON& Tower with Radar,324,52,83,3,462,0,0,20,2,22,324,52,103,5,484,0,0,0,484
07/17/2013,AUS,TX,ASW,CE,Combined TRACON& Tower with Radar,303,62,92,23,480,0,0,18,15,33,303,62,110,38,513,8,0,8,521
07/18/2013,AUS,TX,ASW,CE,Combined TRACON& Tower with Radar,315,57,59,15,446,0,1,55,15,71,315,58,114,30,517,0,0,0,517
07/19/2013,AUS,TX,ASW,CE,Combined TRACON& Tower with Radar,319,54,71,9,453,0,3,53,11,67,319,57,124,20,520,28,0,28,548
07/20/2013,AUS,TX,ASW,CE,Combined TRACON& Tower with Radar,265,25,33,8,331,0,0,64,2,66,265,25,97,10,397,20,0,20,417
07/21/2013,AUS,TX,ASW,CE,Combined TRACON& Tower with Radar,281,28,54,4,367,0,0,47,6,53,281,28,101,10,420,0,0,0,420
07/22/2013,AUS,TX,ASW,CE,Combined TRACON& Tower with Radar,308,31,52,9,400,0,3,39,10,52,308,34,91,19,452,0,0,0,452
07/23/2013,AUS,TX,ASW,CE,Combined TRACON& Tower with Radar,301,45,83,3,432,0,3,82,6,91,301,48,165,9,523,8,0,8,531
07/24/2013,AUS,TX,ASW,CE,Combined TRACON& Tower with Radar,311,44,84,12,451,0,3,59,1,63,311,47,143,13,514,0,6,6,520
07/25/2013,AUS,TX,ASW,CE,Combined TRACON& Tower with Radar,309,58,59,9,435,0,3,60,5,68,309,61,119,14,503,28,2,30,533
07/26/2013,AUS,TX,ASW,CE,Combined TRACON& Tower with Radar,312,45,79,13,449,0,2,47,3,52,312,47,126,16,501,0,0,0,501
07/27/2013,AUS,TX,ASW,CE,Combined TRACON& Tower with Radar,249,24,37,10,320,0,0,25,3,28,249,24,62,13,348,0,0,0,348
07/28/2013,AUS,TX,ASW,CE,Combined TRACON& Tower with Radar,287,23,64,7,381,0,0,78,4,82,287,23,142,11,463,18,0,18,481
07/29/2013,AUS,TX,ASW,CE,Combined TRACON& Tower with Radar,306,42,39,6,393,0,1,51,10,62,306,43,90,16,455,28,0,28,483
07/30/2013,AUS,TX,ASW,CE,Combined TRACON& Tower with Radar,284,33,66,14,397,0,3,74,12,89,284,36,140,26,486,8,2,10,496
07/31/2013,AUS,TX,ASW,CE,Combined TRACON& Tower with Radar,307,54,79,15,455,0,2,75,11,88,307,56,154,26,543,0,0,0,543
08/01/2013,AUS,TX,ASW,CE,Combined TRACON& Tower with Radar,307,45,63,14,429,0,2,65,9,76,307,47,128,23,505,8,4,12,517
08/02/2013,AUS,TX,ASW,CE,Combined TRACON& Tower with Radar,300,46,54,8,408,0,3,71,6,80,300,49,125,14,488,0,6,6,494
08/03/2013,AUS,TX,ASW,CE,Combined TRACON& Tower with Radar,246,27,30,4,307,0,0,59,9,68,246,27,89,13,375,20,4,24,399
08/04/2013,AUS,TX,ASW,CE,Combined TRACON& Tower with Radar,285,27,53,5,370,0,1,74,3,78,285,28,127,8,448,20,0,20,468
08/05/2013,AUS,TX,ASW,CE,Combined TRACON& Tower with Radar,301,33,61,14,409,0,2,66,9,77,301,35,127,23,486,14,0,14,500
08/06/2013,AUS,TX,ASW,CE,Combined TRACON& Tower with Radar,305,47,72,6,430,0,2,47,8,57,305,49,119,14,487,10,0,10,497
08/07/2013,AUS,TX,ASW,CE,Combined TRACON& Tower with Radar,297,54,79,3,433,0,2,58,8,68,297,56,137,11,501,6,0,6,507
08/08/2013,AUS,TX,ASW,CE,Combined TRACON& Tower with Radar,304,59,89,13,465,0,3,47,16,66,304,62,136,29,531,0,0,0,531
08/09/2013,AUS,TX,ASW,CE,Combined TRACON& Tower with Radar,318,43,59,20,440,0,3,63,3,69,318,46,122,23,509,0,0,0,509
08/10/2013,AUS,TX,ASW,CE,Combined TRACON& Tower with Radar,265,27,45,0,337,0,0,66,4,70,265,27,111,4,407,8,0,8,415
08/11/2013,AUS,TX,ASW,CE,Combined TRACON& Tower with Radar,287,24,32,20,363,0,0,52,3,55,287,24,84,23,418,34,2,36,454
08/12/2013,AUS,TX,ASW,CE,Combined TRACON& Tower with Radar,297,27,61,16,401,0,4,56,1,61,297,31,117,17,462,0,0,0,462
08/13/2013,AUS,TX,ASW,CE,Combined TRACON& Tower with Radar,313,38,89,21,461,0,4,69,5,78,313,42,158,26,539,0,16,16,555
08/14/2013,AUS,TX,ASW,CE,Combined TRACON& Tower with Radar,318,55,86,16,475,0,2,39,7,48,318,57,125,23,523,0,0,0,523
08/15/2013,AUS,TX,ASW,CE,Combined TRACON& Tower with Radar,303,52,90,4,449,0,4,33,4,41,303,56,123,8,490,4,0,4,494
08/16/2013,AUS,TX,ASW,CE,Combined TRACON& Tower with Radar,328,42,77,22,469,0,3,57,11,71,328,45,134,33,540,4,0,4,544
08/17/2013,AUS,TX,ASW,CE,Combined TRACON& Tower with Radar,227,21,56,1,305,0,0,68,0,68,227,21,124,1,373,2,0,2,375
08/18/2013,AUS,TX,ASW,CE,Combined TRACON& Tower with Radar,287,42,67,7,403,0,0,72,4,76,287,42,139,11,479,4,0,4,483
08/19/2013,AUS,TX,ASW,CE,Combined TRACON& Tower with Radar,298,56,77,10,441,0,4,62,6,72,298,60,139,16,513,22,0,22,535
08/20/2013,AUS,TX,ASW,CE,Combined TRACON& Tower with Radar,288,44,100,11,443,0,2,73,7,82,288,46,173,18,525,16,0,16,541
08/21/2013,AUS,TX,ASW,CE,Combined TRACON& Tower with Radar,288,54,106,5,453,0,1,59,9,69,288,55,165,14,522,4,0,4,526
08/22/2013,AUS,TX,ASW,CE,Combined TRACON& Tower with Radar,303,57,88,5,453,0,2,66,4,72,303,59,154,9,525,30,0,30,555
08/23/2013,AUS,TX,ASW,CE,Combined TRACON& Tower with Radar,305,44,87,18,454,0,2,64,6,72,305,46,151,24,526,4,32,36,562
08/24/2013,AUS,TX,ASW,CE,Combined TRACON& Tower with Radar,222,31,38,0,291,0,0,72,10,82,222,31,110,10,373,0,16,16,389
08/25/2013,AUS,TX,ASW,CE,Combined TRACON& Tower with Radar,277,31,45,6,359,0,0,63,1,64,277,31,108,7,423,0,0,0,423
08/26/2013,AUS,TX,ASW,CE,Combined TRACON& Tower with Radar,297,43,79,10,429,0,0,27,8,35,297,43,106,18,464,0,12,12,476
08/27/2013,AUS,TX,ASW,CE,Combined TRACON& Tower with Radar,288,45,83,1,417,0,1,25,6,32,288,46,108,7,449,0,0,0,449
08/28/2013,AUS,TX,ASW,CE,Combined TRACON& Tower with Radar,285,53,80,19,437,0,3,69,6,78,285,56,149,25,515,16,0,16,531
08/29/2013,AUS,TX,ASW,CE,Combined TRACON& Tower with Radar,299,55,87,15,456,0,3,66,2,71,299,58,153,17,527,0,0,0,527
08/30/2013,AUS,TX,ASW,CE,Combined TRACON& Tower with Radar,301,56,86,7,450,0,4,84,4,92,301,60,170,11,542,0,0,0,542
08/31/2013,AUS,TX,ASW,CE,Combined TRACON& Tower with Radar,197,25,52,0,274,0,0,80,1,81,197,25,132,1,355,0,0,0,355
09/01/2013,AUS,TX,ASW,CE,Combined TRACON& Tower with Radar,198,19,31,6,254,0,1,84,1,86,198,20,115,7,340,0,0,0,340
09/02/2013,AUS,TX,ASW,CE,Combined TRACON& Tower with Radar,267,33,52,1,353,0,0,61,0,61,267,33,113,1,414,0,0,0,414
09/03/2013,AUS,TX,ASW,CE,Combined TRACON& Tower with Radar,281,47,49,5,382,0,2,49,4,55,281,49,98,9,437,0,0,0,437
09/04/2013,AUS,TX,ASW,CE,Combined TRACON& Tower with Radar,283,56,84,19,442,0,4,55,9,68,283,60,139,28,510,18,0,18,528
09/05/2013,AUS,TX,ASW,CE,Combined TRACON& Tower with Radar,305,52,67,7,431,0,2,68,25,95,305,54,135,32,526,14,20,34,560
09/06/2013,AUS,TX,ASW,CE,Combined TRACON& Tower with Radar,292,43,77,17,429,0,5,70,6,81,292,48,147,23,510,0,0,0,510
09/07/2013,AUS,TX,ASW,CE,Combined TRACON& Tower with Radar,201,17,41,9,268,0,0,53,20,73,201,17,94,29,341,0,0,0,341
09/08/2013,AUS,TX,ASW,CE,Combined TRACON& Tower with Radar,278,26,76,7,387,0,0,51,6,57,278,26,127,13,444,44,0,44,488
09/09/2013,AUS,TX,ASW,CE,Combined TRACON& Tower with Radar,286,33,75,2,396,0,4,35,3,42,286,37,110,5,438,2,0,2,440
09/10/2013,AUS,TX,ASW,CE,Combined TRACON& Tower with Radar,274,54,95,2,425,0,2,24,3,29,274,56,119,5,454,0,0,0,454
09/11/2013,AUS,TX,ASW,CE,Combined TRACON& Tower with Radar,285,58,77,7,427,0,3,63,21,87,285,61,140,28,514,26,0,26,540
09/12/2013,AUS,TX,ASW,CE,Combined TRACON& Tower with Radar,286,65,104,20,475,0,3,83,14,100,286,68,187,34,575,6,0,6,581
09/13/2013,AUS,TX,ASW,CE,Combined TRACON& Tower with Radar,303,60,124,9,496,0,3,102,5,110,303,63,226,14,606,10,6,16,622
09/14/2013,AUS,TX,ASW,CE,Combined TRACON& Tower with Radar,194,39,113,5,351,0,2,131,4,137,194,41,244,9,488,0,0,0,488
09/15/2013,AUS,TX,ASW,CE,Combined TRACON& Tower with Radar,274,52,161,3,490,0,0,84,4,88,274,52,245,7,578,0,0,0,578
09/16/2013,AUS,TX,ASW,CE,Combined TRACON& Tower with Radar,295,38,71,1,405,0,2,39,6,47,295,40,110,7,452,0,0,0,452
09/17/2013,AUS,TX,ASW,CE,Combined TRACON& Tower with Radar,280,51,90,4,425,0,2,49,6,57,280,53,139,10,482,0,0,0,482
09/18/2013,AUS,TX,ASW,CE,Combined TRACON& Tower with Radar,280,67,81,9,437,0,2,46,5,53,280,69,127,14,490,0,0,0,490
09/19/2013,AUS,TX,ASW,CE,Combined TRACON& Tower with Radar,300,71,84,4,459,0,7,30,3,40,300,78,114,7,499,6,0,6,505
09/20/2013,AUS,TX,ASW,CE,Combined TRACON& Tower with Radar,298,60,86,5,449,0,0,5,0,5,298,60,91,5,454,0,0,0,454
09/21/2013,AUS,TX,ASW,CE,Combined TRACON& Tower with Radar,197,33,70,10,310,0,0,70,15,85,197,33,140,25,395,0,12,12,407
09/22/2013,AUS,TX,ASW,CE,Combined TRACON& Tower with Radar,276,51,84,3,414,0,0,79,0,79,276,51,163,3,493,0,0,0,493
09/23/2013,AUS,TX,ASW,CE,Combined TRACON& Tower with Radar,290,31,63,1,385,0,6,79,24,109,290,37,142,25,494,16,22,38,532
09/24/2013,AUS,TX,ASW,CE,Combined TRACON& Tower with Radar,274,31,80,0,385,0,5,76,5,86,274,36,156,5,471,16,0,16,487
09/25/2013,AUS,TX,ASW,CE,Combined TRACON& Tower with Radar,286,39,80,5,410,0,7,78,11,96,286,46,158,16,506,6,0,6,512
09/26/2013,AUS,TX,ASW,CE,Combined TRACON& Tower with Radar,299,57,83,9,448,0,8,89,9,106,299,65,172,18,554,18,0,18,572
09/27/2013,AUS,TX,ASW,CE,Combined TRACON& Tower with Radar,299,50,74,7,430,0,2,37,3,42,299,52,111,10,472,0,0,0,472
09/28/2013,AUS,TX,ASW,CE,Combined TRACON& Tower with Radar,218,18,43,0,279,0,0,32,0,32,218,18,75,0,311,0,0,0,311
09/29/2013,AUS,TX,ASW,CE,Combined TRACON& Tower with Radar,276,36,79,9,400,0,0,12,0,12,276,36,91,9,412,0,0,0,412
09/30/2013,AUS,TX,ASW,CE,Combined TRACON& Tower with Radar,292,39,58,9,398,0,7,77,9,93,292,46,135,18,491,24,2,26,517
10/01/2013,AUS,TX,ASW,CE,Combined TRACON& Tower with Radar,277,43,73,14,407,0,3,50,0,53,277,46,123,14,460,0,14,14,474
10/02/2013,AUS,TX,ASW,CE,Combined TRACON& Tower with Radar,293,39,76,8,416,0,3,43,3,49,293,42,119,11,465,0,0,0,465
10/03/2013,AUS,TX,ASW,CE,Combined TRACON& Tower with Radar,295,58,105,5,463,0,4,60,1,65,295,62,165,6,528,2,0,2,530
10/04/2013,AUS,TX,ASW,CE,Combined TRACON& Tower with Radar,312,60,109,11,492,0,2,68,2,72,312,62,177,13,564,6,0,6,570
10/05/2013,AUS,TX,ASW,CE,Combined TRACON& Tower with Radar,233,16,54,0,303,0,0,56,2,58,233,16,110,2,361,6,0,6,367
10/06/2013,AUS,TX,ASW,CE,Combined TRACON& Tower with Radar,274,38,78,0,390,0,0,115,0,115,274,38,193,0,505,6,0,6,511
10/07/2013,AUS,TX,ASW,CE,Combined TRACON& Tower with Radar,295,37,66,16,414,0,2,88,0,90,295,39,154,16,504,4,0,4,508
10/08/2013,AUS,TX,ASW,CE,Combined TRACON& Tower with Radar,290,53,88,5,436,0,2,130,7,139,290,55,218,12,575,0,6,6,581
10/09/2013,AUS,TX,ASW,CE,Combined TRACON& Tower with Radar,286,53,102,8,449,0,3,106,4,113,286,56,208,12,562,24,0,24,586
10/10/2013,AUS,TX,ASW,CE,Combined TRACON& Tower with Radar,299,48,90,8,445,0,2,77,1,80,299,50,167,9,525,0,0,0,525
10/11/2013,AUS,TX,ASW,CE,Combined TRACON& Tower with Radar,307,60,83,5,455,0,2,63,1,66,307,62,146,6,521,12,0,12,533
10/12/2013,AUS,TX,ASW,CE,Combined TRACON& Tower with Radar,228,23,65,2,318,0,0,16,0,16,228,23,81,2,334,12,0,12,346
10/13/2013,AUS,TX,ASW,CE,Combined TRACON& Tower with Radar,272,38,101,1,412,0,0,3,0,3,272,38,104,1,415,0,0,0,415
10/14/2013,AUS,TX,ASW,CE,Combined TRACON& Tower with Radar,295,42,90,2,429,0,0,13,1,14,295,42,103,3,443,0,0,0,443
10/15/2013,AUS,TX,ASW,CE,Combined TRACON& Tower with Radar,286,46,87,9,428,0,1,13,3,17,286,47,100,12,445,0,6,6,451
10/16/2013,AUS,TX,ASW,CE,Combined TRACON& Tower with Radar,295,50,78,3,426,0,0,1,0,1,295,50,79,3,427,0,0,0,427
10/17/2013,AUS,TX,ASW,CE,Combined TRACON& Tower with Radar,298,47,103,10,458,0,5,95,0,100,298,52,198,10,558,0,0,0,558
10/18/2013,AUS,TX,ASW,CE,Combined TRACON& Tower with Radar,307,52,88,5,452,0,2,54,5,61,307,54,142,10,513,34,16,50,563
10/19/2013,AUS,TX,ASW,CE,Combined TRACON& Tower with Radar,222,20,32,11,285,0,0,83,9,92,222,20,115,20,377,2,12,14,391
10/20/2013,AUS,TX,ASW,CE,Combined TRACON& Tower with Radar,274,35,69,9,387,0,0,121,5,126,274,35,190,14,513,0,0,0,513
10/21/2013,AUS,TX,ASW,CE,Combined TRACON& Tower with Radar,298,41,64,4,407,0,2,42,2,46,298,43,106,6,453,6,0,6,459
10/22/2013,AUS,TX,ASW,CE,Combined TRACON& Tower with Radar,287,50,108,8,453,0,3,79,5,87,287,53,187,13,540,16,0,16,556
10/23/2013,AUS,TX,ASW,CE,Combined TRACON& Tower with Radar,291,58,97,8,454,0,2,78,8,88,291,60,175,16,542,0,0,0,542
10/24/2013,AUS,TX,ASW,CE,Combined TRACON& Tower with Radar,300,51,95,7,453,0,2,90,17,109,300,53,185,24,562,0,0,0,562
10/25/2013,AUS,TX,ASW,CE,Combined TRACON& Tower with Radar,306,63,79,9,457,0,3,74,5,82,306,66,153,14,539,0,0,0,539
10/26/2013,AUS,TX,ASW,CE,Combined TRACON& Tower with Radar,225,23,43,6,297,0,0,50,8,58,225,23,93,14,355,0,0,0,355
10/27/2013,AUS,TX,ASW,CE,Combined TRACON& Tower with Radar,279,38,91,7,415,0,2,22,6,30,279,40,113,13,445,0,0,0,445
10/28/2013,AUS,TX,ASW,CE,Combined TRACON& Tower with Radar,295,62,64,5,426,0,2,23,8,33,295,64,87,13,459,0,0,0,459
10/29/2013,AUS,TX,ASW,CE,Combined TRACON& Tower with Radar,283,46,80,5,414,0,2,53,11,66,283,48,133,16,480,0,0,0,480
10/30/2013,AUS,TX,ASW,CE,Combined TRACON& Tower with Radar,288,55,73,5,421,0,0,13,0,13,288,55,86,5,434,0,0,0,434
10/31/2013,AUS,TX,ASW,CE,Combined TRACON& Tower with Radar,264,50,59,10,383,0,10,65,13,88,264,60,124,23,471,0,0,0,471
11/01/2013,AUS,TX,ASW,CE,Combined TRACON& Tower with Radar,311,62,98,23,494,0,5,107,11,123,311,67,205,34,617,0,0,0,617
11/02/2013,AUS,TX,ASW,CE,Combined TRACON& Tower with Radar,224,25,65,7,321,0,3,101,12,116,224,28,166,19,437,2,0,2,439
11/03/2013,AUS,TX,ASW,CE,Combined TRACON& Tower with Radar,271,49,84,14,418,0,4,89,1,94,271,53,173,15,512,40,0,40,552
11/04/2013,AUS,TX,ASW,CE,Combined TRACON& Tower with Radar,294,54,68,9,425,0,0,40,2,42,294,54,108,11,467,0,0,0,467
11/05/2013,AUS,TX,ASW,CE,Combined TRACON& Tower with Radar,290,61,77,6,434,0,0,15,10,25,290,61,92,16,459,0,0,0,459
11/06/2013,AUS,TX,ASW,CE,Combined TRACON& Tower with Radar,296,58,106,12,472,0,2,34,6,42,296,60,140,18,514,0,0,0,514
11/07/2013,AUS,TX,ASW,CE,Combined TRACON& Tower with Radar,305,70,91,5,471,0,5,85,9,99,305,75,176,14,570,0,0,0,570
11/08/2013,AUS,TX,ASW,CE,Combined TRACON& Tower with Radar,310,55,107,3,475,0,3,84,2,89,310,58,191,5,564,0,0,0,564
11/09/2013,AUS,TX,ASW,CE,Combined TRACON& Tower with Radar,227,27,76,13,343,0,2,83,3,88,227,29,159,16,431,32,8,40,471
11/10/2013,AUS,TX,ASW,CE,Combined TRACON& Tower with Radar,280,34,75,2,391,0,0,57,2,59,280,34,132,4,450,0,0,0,450
11/11/2013,AUS,TX,ASW,CE,Combined TRACON& Tower with Radar,298,33,82,9,422,0,4,66,5,75,298,37,148,14,497,0,4,4,501
11/12/2013,AUS,TX,ASW,CE,Combined TRACON& Tower with Radar,290,52,106,13,461,0,4,26,6,36,290,56,132,19,497,2,0,2,499
11/13/2013,AUS,TX,ASW,CE,Combined TRACON& Tower with Radar,294,66,88,15,463,0,9,93,18,120,294,75,181,33,583,4,6,10,593
11/14/2013,AUS,TX,ASW,CE,Combined TRACON& Tower with Radar,315,96,125,16,552,0,7,75,17,99,315,103,200,33,651,0,0,0,651
11/15/2013,AUS,TX,ASW,CE,Combined TRACON& Tower with Radar,312,108,172,3,595,0,5,62,6,73,312,113,234,9,668,0,0,0,668
11/16/2013,AUS,TX,ASW,CE,Combined TRACON& Tower with Radar,221,80,116,2,419,0,0,69,2,71,221,80,185,4,490,0,0,0,490
11/17/2013,AUS,TX,ASW,CE,Combined TRACON& Tower with Radar,282,120,223,2,627,0,0,98,0,98,282,120,321,2,725,0,0,0,725
11/18/2013,AUS,TX,ASW,CE,Combined TRACON& Tower with Radar,340,126,179,7,652,0,2,42,5,49,340,128,221,12,701,0,0,0,701
11/19/2013,AUS,TX,ASW,CE,Combined TRACON& Tower with Radar,295,48,74,8,425,0,4,76,15,95,295,52,150,23,520,6,0,6,526
11/20/2013,AUS,TX,ASW,CE,Combined TRACON& Tower with Radar,289,60,104,18,471,0,0,32,7,39,289,60,136,25,510,26,20,46,556
11/21/2013,AUS,TX,ASW,CE,Combined TRACON& Tower with Radar,320,54,102,15,491,0,0,32,9,41,320,54,134,24,532,0,16,16,548
11/22/2013,AUS,TX,ASW,CE,Combined TRACON& Tower with Radar,312,67,99,3,481,0,1,4,0,5,312,68,103,3,486,0,0,0,486
11/23/2013,AUS,TX,ASW,CE,Combined TRACON& Tower with Radar,232,27,51,8,318,0,0,0,0,0,232,27,51,8,318,0,0,0,318
11/24/2013,AUS,TX,ASW,CE,Combined TRACON& Tower with Radar,256,32,44,2,334,0,1,9,0,10,256,33,53,2,344,0,0,0,344
11/25/2013,AUS,TX,ASW,CE,Combined TRACON& Tower with Radar,281,49,54,2,386,0,1,2,2,5,281,50,56,4,391,0,0,0,391
11/26/2013,AUS,TX,ASW,CE,Combined TRACON& Tower with Radar,294,69,103,8,474,0,5,34,6,45,294,74,137,14,519,0,0,0,519
11/27/2013,AUS,TX,ASW,CE,Combined TRACON& Tower with Radar,310,56,89,5,460,0,4,92,3,99,310,60,181,8,559,12,0,12,571
11/28/2013,AUS,TX,ASW,CE,Combined TRACON& Tower with Radar,194,43,26,2,265,0,1,28,0,29,194,44,54,2,294,0,0,0,294
11/29/2013,AUS,TX,ASW,CE,Combined TRACON& Tower with Radar,221,46,35,0,302,0,2,71,0,73,221,48,106,0,375,18,0,18,393
11/30/2013,AUS,TX,ASW,CE,Combined TRACON& Tower with Radar,273,45,49,4,371,0,0,33,1,34,273,45,82,5,405,0,0,0,405
12/01/2013,AUS,TX,ASW,CE,Combined TRACON& Tower with Radar,310,56,110,2,478,0,0,36,2,38,310,56,146,4,516,0,0,0,516
12/02/2013,AUS,TX,ASW,CE,Combined TRACON& Tower with Radar,304,39,65,6,414,0,3,47,6,56,304,42,112,12,470,0,0,0,470
12/03/2013,AUS,TX,ASW,CE,Combined TRACON& Tower with Radar,287,46,91,8,432,0,10,71,14,95,287,56,162,22,527,0,0,0,527
12/04/2013,AUS,TX,ASW,CE,Combined TRACON& Tower with Radar,288,51,95,3,437,0,2,38,7,47,288,53,133,10,484,6,0,6,490
12/05/2013,AUS,TX,ASW,CE,Combined TRACON& Tower with Radar,285,56,71,19,431,0,0,11,14,25,285,56,82,33,456,0,0,0,456
12/06/2013,AUS,TX,ASW,CE,Combined TRACON& Tower with Radar,259,39,53,0,351,0,0,11,2,13,259,39,64,2,364,0,0,0,364
12/07/2013,AUS,TX,ASW,CE,Combined TRACON& Tower with Radar,211,17,30,2,260,0,0,2,2,4,211,17,32,4,264,0,0,0,264
12/08/2013,AUS,TX,ASW,CE,Combined TRACON& Tower with Radar,241,38,66,0,345,0,0,20,6,26,241,38,86,6,371,0,0,0,371
12/09/2013,AUS,TX,ASW,CE,Combined TRACON& Tower with Radar,274,31,82,17,404,0,0,0,0,0,274,31,82,17,404,0,0,0,404
12/10/2013,AUS,TX,ASW,CE,Combined TRACON& Tower with Radar,277,59,101,6,443,0,5,63,16,84,277,64,164,22,527,10,0,10,537
12/11/2013,AUS,TX,ASW,CE,Combined TRACON& Tower with Radar,281,50,72,12,415,0,4,73,20,97,281,54,145,32,512,24,0,24,536
12/12/2013,AUS,TX,ASW,CE,Combined TRACON& Tower with Radar,294,52,114,8,468,0,6,85,18,109,294,58,199,26,577,0,0,0,577
12/13/2013,AUS,TX,ASW,CE,Combined TRACON& Tower with Radar,297,46,105,32,480,0,0,5,6,11,297,46,110,38,491,0,0,0,491
12/14/2013,AUS,TX,ASW,CE,Combined TRACON& Tower with Radar,210,36,41,11,298,0,1,37,2,40,210,37,78,13,338,20,0,20,358
12/15/2013,AUS,TX,ASW,CE,Combined TRACON& Tower with Radar,265,50,41,13,369,0,3,88,16,107,265,53,129,29,476,10,0,10,486
12/16/2013,AUS,TX,ASW,CE,Combined TRACON& Tower with Radar,279,40,70,6,395,0,7,82,6,95,279,47,152,12,490,0,0,0,490
12/17/2013,AUS,TX,ASW,CE,Combined TRACON& Tower with Radar,291,55,100,9,455,0,4,83,13,100,291,59,183,22,555,16,0,16,571
12/18/2013,AUS,TX,ASW,CE,Combined TRACON& Tower with Radar,299,73,90,5,467,0,3,68,6,77,299,76,158,11,544,16,0,16,560
12/19/2013,AUS,TX,ASW,CE,Combined TRACON& Tower with Radar,294,62,81,19,456,0,1,41,17,59,294,63,122,36,515,0,14,14,529
12/20/2013,AUS,TX,ASW,CE,Combined TRACON& Tower with Radar,305,65,85,9,464,0,0,33,6,39,305,65,118,15,503,12,0,12,515
12/21/2013,AUS,TX,ASW,CE,Combined TRACON& Tower with Radar,292,50,34,2,378,0,0,26,0,26,292,50,60,2,404,0,0,0,404
12/22/2013,AUS,TX,ASW,CE,Combined TRACON& Tower with Radar,278,35,58,4,375,0,0,60,0,60,278,35,118,4,435,6,0,6,441
12/23/2013,AUS,TX,ASW,CE,Combined TRACON& Tower with Radar,290,51,38,4,383,1,4,52,4,61,291,55,90,8,444,0,0,0,444
12/24/2013,AUS,TX,ASW,CE,Combined TRACON& Tower with Radar,238,41,33,0,312,0,6,50,6,62,238,47,83,6,374,0,0,0,374
12/25/2013,AUS,TX,ASW,CE,Combined TRACON& Tower with Radar,207,31,13,0,251,0,0,4,0,4,207,31,17,0,255,0,0,0,255
12/26/2013,AUS,TX,ASW,CE,Combined TRACON& Tower with Radar,299,43,39,2,383,0,2,43,0,45,299,45,82,2,428,0,0,0,428
12/27/2013,AUS,TX,ASW,CE,Combined TRACON& Tower with Radar,312,42,51,3,408,0,7,51,6,64,312,49,102,9,472,12,2,14,486
12/28/2013,AUS,TX,ASW,CE,Combined TRACON& Tower with Radar,278,31,42,3,354,0,1,62,2,65,278,32,104,5,419,0,0,0,419
12/29/2013,AUS,TX,ASW,CE,Combined TRACON& Tower with Radar,268,29,48,4,349,0,5,23,10,38,268,34,71,14,387,10,0,10,397
12/30/2013,AUS,TX,ASW,CE,Combined TRACON& Tower with Radar,285,59,43,5,392,0,3,41,6,50,285,62,84,11,442,2,10,12,454
12/31/2013,AUS,TX,ASW,CE,Combined TRACON& Tower with Radar,244,39,36,0,319,0,2,55,0,57,244,41,91,0,376,0,0,0,376
01/01/2014,AUS,TX,ASW,CE,Combined TRACON& Tower with Radar,228,24,30,2,284,0,0,33,0,33,228,24,63,2,317,22,0,22,339
01/02/2014,AUS,TX,ASW,CE,Combined TRACON& Tower with Radar,297,55,38,9,399,0,3,39,5,47,297,58,77,14,446,2,0,2,448
01/03/2014,AUS,TX,ASW,CE,Combined TRACON& Tower with Radar,274,57,43,15,389,0,3,71,3,77,274,60,114,18,466,0,0,0,466
01/04/2014,AUS,TX,ASW,CE,Combined TRACON& Tower with Radar,226,47,34,2,309,0,0,48,1,49,226,47,82,3,358,16,0,16,374
01/05/2014,AUS,TX,ASW,CE,Combined TRACON& Tower with Radar,247,47,49,5,348,0,0,37,4,41,247,47,86,9,389,8,0,8,397
01/06/2014,AUS,TX,ASW,CE,Combined TRACON& Tower with Radar,261,46,56,6,369,0,5,45,2,52,261,51,101,8,421,6,0,6,427
01/07/2014,AUS,TX,ASW,CE,Combined TRACON& Tower with Radar,247,46,83,6,382,0,4,56,6,66,247,50,139,12,448,0,0,0,448
01/08/2014,AUS,TX,ASW,CE,Combined TRACON& Tower with Radar,257,69,59,2,387,0,0,0,0,0,257,69,59,2,387,0,0,0,387
01/09/2014,AUS,TX,ASW,CE,Combined TRACON& Tower with Radar,281,59,73,3,416,0,4,16,9,29,281,63,89,12,445,0,0,0,445
01/10/2014,AUS,TX,ASW,CE,Combined TRACON& Tower with Radar,279,47,91,36,453,0,3,21,5,29,279,50,112,41,482,0,0,0,482
01/11/2014,AUS,TX,ASW,CE,Combined TRACON& Tower with Radar,195,31,47,15,288,0,2,99,11,112,195,33,146,26,400,12,6,18,418
01/12/2014,AUS,TX,ASW,CE,Combined TRACON& Tower with Radar,243,26,64,20,353,0,1,61,6,68,243,27,125,26,421,0,0,0,421
01/13/2014,AUS,TX,ASW,CE,Combined TRACON& Tower with Radar,273,43,63,6,385,0,2,44,8,54,273,45,107,14,439,0,0,0,439
01/14/2014,AUS,TX,ASW,CE,Combined TRACON& Tower with Radar,267,54,80,3,404,0,5,53,17,75,267,59,133,20,479,0,0,0,479
01/15/2014,AUS,TX,ASW,CE,Combined TRACON& Tower with Radar,262,59,69,17,407,0,7,69,13,89,262,66,138,30,496,0,0,0,496
01/16/2014,AUS,TX,ASW,CE,Combined TRACON& Tower with Radar,278,64,97,19,458,0,5,99,14,118,278,69,196,33,576,0,0,0,576
01/17/2014,AUS,TX,ASW,CE,Combined TRACON& Tower with Radar,281,56,90,30,457,0,4,92,9,105,281,60,182,39,562,0,0,0,562
01/18/2014,AUS,TX,ASW,CE,Combined TRACON& Tower with Radar,193,25,42,6,266,0,4,93,3,100,193,29,135,9,366,0,0,0,366
01/19/2014,AUS,TX,ASW,CE,Combined TRACON& Tower with Radar,236,35,44,5,320,0,8,70,0,78,236,43,114,5,398,0,0,0,398
01/20/2014,AUS,TX,ASW,CE,Combined TRACON& Tower with Radar,271,44,57,3,375,0,0,77,3,80,271,44,134,6,455,0,0,0,455
01/21/2014,AUS,TX,ASW,CE,Combined TRACON& Tower with Radar,249,51,75,11,386,0,4,67,14,85,249,55,142,25,471,0,0,0,471
01/22/2014,AUS,TX,ASW,CE,Combined TRACON& Tower with Radar,261,41,71,8,381,0,5,96,28,129,261,46,167,36,510,0,0,0,510
01/23/2014,AUS,TX,ASW,CE,Combined TRACON& Tower with Radar,253,39,78,2,372,0,0,5,6,11,253,39,83,8,383,0,0,0,383
01/24/2014,AUS,TX,ASW,CE,Combined TRACON& Tower with Radar,249,38,59,5,351,0,3,29,0,32,249,41,88,5,383,0,0,0,383
01/25/2014,AUS,TX,ASW,CE,Combined TRACON& Tower with Radar,191,33,41,6,271,0,1,94,6,101,191,34,135,12,372,0,0,0,372
01/26/2014,AUS,TX,ASW,CE,Combined TRACON& Tower with Radar,243,36,52,4,335,0,0,87,8,95,243,36,139,12,430,0,0,0,430
01/27/2014,AUS,TX,ASW,CE,Combined TRACON& Tower with Radar,271,36,59,4,370,0,6,33,5,44,271,42,92,9,414,0,0,0,414
01/28/2014,AUS,TX,ASW,CE,Combined TRACON& Tower with Radar,230,35,43,0,308,0,2,12,0,14,230,37,55,0,322,0,0,0,322
01/29/2014,AUS,TX,ASW,CE,Combined TRACON& Tower with Radar,248,62,64,14,388,0,4,64,12,80,248,66,128,26,468,0,0,0,468
01/30/2014,AUS,TX,ASW,CE,Combined TRACON& Tower with Radar,271,52,130,16,469,0,4,68,17,89,271,56,198,33,558,0,0,0,558
01/31/2014,AUS,TX,ASW,CE,Combined TRACON& Tower with Radar,278,60,82,20,440,0,2,56,11,69,278,62,138,31,509,0,0,0,509
02/01/2014,AUS,TX,ASW,CE,Combined TRACON& Tower with Radar,195,41,45,15,296,0,0,40,8,48,195,41,85,23,344,0,0,0,344
02/02/2014,AUS,TX,ASW,CE,Combined TRACON& Tower with Radar,216,23,35,9,283,0,0,1,1,2,216,23,36,10,285,0,0,0,285
02/03/2014,AUS,TX,ASW,CE,Combined TRACON& Tower with Radar,263,57,94,14,428,0,0,0,2,2,263,57,94,16,430,0,0,0,430
02/04/2014,AUS,TX,ASW,CE,Combined TRACON& Tower with Radar,258,65,64,17,404,0,2,45,7,54,258,67,109,24,458,0,0,0,458
02/05/2014,AUS,TX,ASW,CE,Combined TRACON& Tower with Radar,250,53,97,4,404,0,8,50,10,68,250,61,147,14,472,0,0,0,472
02/06/2014,AUS,TX,ASW,CE,Combined TRACON& Tower with Radar,266,47,60,16,389,0,2,27,11,40,266,49,87,27,429,0,0,0,429
02/07/2014,AUS,TX,ASW,CE,Combined TRACON& Tower with Radar,285,52,70,16,423,0,0,6,2,8,285,52,76,18,431,0,0,0,431
02/08/2014,AUS,TX,ASW,CE,Combined TRACON& Tower with Radar,200,25,53,10,288,0,0,112,9,121,200,25,165,19,409,0,0,0,409
02/09/2014,AUS,TX,ASW,CE,Combined TRACON& Tower with Radar,243,37,87,7,374,0,2,78,11,91,243,39,165,18,465,0,0,0,465
02/10/2014,AUS,TX,ASW,CE,Combined TRACON& Tower with Radar,265,43,83,0,391,0,4,4,5,13,265,47,87,5,404,0,0,0,404
02/11/2014,AUS,TX,ASW,CE,Combined TRACON& Tower with Radar,248,41,76,0,365,0,0,6,0,6,248,41,82,0,371,0,0,0,371
02/12/2014,AUS,TX,ASW,CE,Combined TRACON& Tower with Radar,246,59,94,6,405,0,3,79,23,105,246,62,173,29,510,0,0,0,510
02/13/2014,AUS,TX,ASW,CE,Combined TRACON& Tower with Radar,254,51,119,7,431,0,3,111,24,138,254,54,230,31,569,0,0,0,569
02/14/2014,AUS,TX,ASW,CE,Combined TRACON& Tower with Radar,287,55,91,15,448,0,2,95,2,99,287,57,186,17,547,0,0,0,547
02/15/2014,AUS,TX,ASW,CE,Combined TRACON& Tower with Radar,207,41,37,7,292,0,3,115,2,120,207,44,152,9,412,0,0,0,412
02/16/2014,AUS,TX,ASW,CE,Combined TRACON& Tower with Radar,242,41,99,9,391,0,1,40,5,46,242,42,139,14,437,0,0,0,437
02/17/2014,AUS,TX,ASW,CE,Combined TRACON& Tower with Radar,279,58,97,6,440,0,0,46,2,48,279,58,143,8,488,0,0,0,488
02/18/2014,AUS,TX,ASW,CE,Combined TRACON& Tower with Radar,263,58,100,5,426,0,2,71,11,84,263,60,171,16,510,0,0,0,510
02/19/2014,AUS,TX,ASW,CE,Combined TRACON& Tower with Radar,274,63,110,10,457,0,1,80,18,99,274,64,190,28,556,0,0,0,556
02/20/2014,AUS,TX,ASW,CE,Combined TRACON& Tower with Radar,291,59,96,15,461,0,4,61,10,75,291,63,157,25,536,0,0,0,536
02/21/2014,AUS,TX,ASW,CE,Combined TRACON& Tower with Radar,283,62,88,14,447,0,1,126,12,139,283,63,214,26,586,0,0,0,586
02/22/2014,AUS,TX,ASW,CE,Combined TRACON& Tower with Radar,213,28,52,8,301,0,1,113,3,117,213,29,165,11,418,0,0,0,418
02/23/2014,AUS,TX,ASW,CE,Combined TRACON& Tower with Radar,258,39,80,5,382,0,0,45,3,48,258,39,125,8,430,0,0,0,430
02/24/2014,AUS,TX,ASW,CE,Combined TRACON& Tower with Radar,281,57,79,7,424,0,0,28,4,32,281,57,107,11,456,0,0,0,456
02/25/2014,AUS,TX,ASW,CE,Combined TRACON& Tower with Radar,265,58,92,2,417,0,0,0,0,0,265,58,92,2,417,0,0,0,417
02/26/2014,AUS,TX,ASW,CE,Combined TRACON& Tower with Radar,271,65,60,1,397,0,4,20,11,35,271,69,80,12,432,0,0,0,432
02/27/2014,AUS,TX,ASW,CE,Combined TRACON& Tower with Radar,291,70,84,12,457,0,1,105,17,123,291,71,189,29,580,0,0,0,580
02/28/2014,AUS,TX,ASW,CE,Combined TRACON& Tower with Radar,282,67,76,35,460,0,3,74,4,81,282,70,150,39,541,0,0,0,541
03/01/2014,AUS,TX,ASW,CE,Combined TRACON& Tower with Radar,214,39,75,3,331,0,0,32,13,45,214,39,107,16,376,0,0,0,376
03/02/2014,AUS,TX,ASW,CE,Combined TRACON& Tower with Radar,246,39,67,3,355,0,0,2,0,2,246,39,69,3,357,0,0,0,357
03/03/2014,AUS,TX,ASW,CE,Combined TRACON& Tower with Radar,274,34,75,17,400,0,5,48,4,57,274,39,123,21,457,0,0,0,457
03/04/2014,AUS,TX,ASW,CE,Combined TRACON& Tower with Radar,265,38,63,8,374,0,2,19,6,27,265,40,82,14,401,0,0,0,401
03/05/2014,AUS,TX,ASW,CE,Combined TRACON& Tower with Radar,276,62,80,9,427,0,1,24,0,25,276,63,104,9,452,0,0,0,452
03/06/2014,AUS,TX,ASW,CE,Combined TRACON& Tower with Radar,307,63,108,10,488,0,4,88,6,98,307,67,196,16,586,0,0,0,586
03/07/2014,AUS,TX,ASW,CE,Combined TRACON& Tower with Radar,309,72,131,11,523,0,3,89,11,103,309,75,220,22,626,0,0,0,626
03/08/2014,AUS,TX,ASW,CE,Combined TRACON& Tower with Radar,247,45,77,0,369,0,0,8,0,8,247,45,85,0,377,0,0,0,377
03/09/2014,AUS,TX,ASW,CE,Combined TRACON& Tower with Radar,292,59,77,1,429,0,0,58,4,62,292,59,135,5,491,0,0,0,491
03/10/2014,AUS,TX,ASW,CE,Combined TRACON& Tower with Radar,308,48,78,2,436,0,2,58,6,66,308,50,136,8,502,0,0,0,502
03/11/2014,AUS,TX,ASW,CE,Combined TRACON& Tower with Radar,310,59,69,2,440,0,2,56,4,62,310,61,125,6,502,0,0,0,502
03/12/2014,AUS,TX,ASW,CE,Combined TRACON& Tower with Radar,300,54,49,2,405,0,2,44,11,57,300,56,93,13,462,0,0,0,462
03/13/2014,AUS,TX,ASW,CE,Combined TRACON& Tower with Radar,313,63,66,11,453,0,2,115,9,126,313,65,181,20,579,0,0,0,579
03/14/2014,AUS,TX,ASW,CE,Combined TRACON& Tower with Radar,315,60,66,14,455,0,3,62,5,70,315,63,128,19,525,0,0,0,525
03/15/2014,AUS,TX,ASW,CE,Combined TRACON& Tower with Radar,265,52,78,6,401,0,0,18,27,45,265,52,96,33,446,0,0,0,446
03/16/2014,AUS,TX,ASW,CE,Combined TRACON& Tower with Radar,297,54,85,2,438,0,0,29,4,33,297,54,114,6,471,0,0,0,471
03/17/2014,AUS,TX,ASW,CE,Combined TRACON& Tower with Radar,304,38,62,13,417,0,4,80,21,105,304,42,142,34,522,0,0,0,522
03/18/2014,AUS,TX,ASW,CE,Combined TRACON& Tower with Radar,307,50,70,7,434,0,6,79,21,106,307,56,149,28,540,0,0,0,540
03/19/2014,AUS,TX,ASW,CE,Combined TRACON& Tower with Radar,295,50,100,15,460,0,4,78,11,93,295,54,178,26,553,0,0,0,553
03/20/2014,AUS,TX,ASW,CE,Combined TRACON& Tower with Radar,305,51,100,27,483,0,4,123,37,164,305,55,223,64,647,0,0,0,647
03/21/2014,AUS,TX,ASW,CE,Combined TRACON& Tower with Radar,309,50,96,16,471,0,3,71,6,80,309,53,167,22,551,0,0,0,551
03/22/2014,AUS,TX,ASW,CE,Combined TRACON& Tower with Radar,243,35,53,3,334,0,0,48,37,85,243,35,101,40,419,0,0,0,419
03/23/2014,AUS,TX,ASW,CE,Combined TRACON& Tower with Radar,291,35,68,10,404,0,2,22,8,32,291,37,90,18,436,0,0,0,436
03/24/2014,AUS,TX,ASW,CE,Combined TRACON& Tower with Radar,308,35,81,34,458,0,1,36,22,59,308,36,117,56,517,0,0,0,517
03/25/2014,AUS,TX,ASW,CE,Combined TRACON& Tower with Radar,303,45,74,8,430,0,1,132,10,143,303,46,206,18,573,0,0,0,573
03/26/2014,AUS,TX,ASW,CE,Combined TRACON& Tower with Radar,307,49,85,16,457,0,1,25,52,78,307,50,110,68,535,0,0,0,535
03/27/2014,AUS,TX,ASW,CE,Combined TRACON& Tower with Radar,306,49,97,5,457,0,4,36,6,46,306,53,133,11,503,0,0,0,503
03/28/2014,AUS,TX,ASW,CE,Combined TRACON& Tower with Radar,312,64,111,26,513,0,3,51,20,74,312,67,162,46,587,0,0,0,587
03/29/2014,AUS,TX,ASW,CE,Combined TRACON& Tower with Radar,237,31,71,12,351,0,1,96,20,117,237,32,167,32,468,0,0,0,468
03/30/2014,AUS,TX,ASW,CE,Combined TRACON& Tower with Radar,295,28,69,9,401,0,0,104,8,112,295,28,173,17,513,0,0,0,513
03/31/2014,AUS,TX,ASW,CE,Combined TRACON& Tower with Radar,302,40,79,8,429,0,4,69,7,80,302,44,148,15,509,0,0,0,509
04/01/2014,AUS,TX,ASW,CE,Combined TRACON& Tower with Radar,296,40,88,5,429,0,5,42,11,58,296,45,130,16,487,0,0,0,487
04/02/2014,AUS,TX,ASW,CE,Combined TRACON& Tower with Radar,293,47,85,15,440,0,4,20,7,31,293,51,105,22,471,0,0,0,471
04/03/2014,AUS,TX,ASW,CE,Combined TRACON& Tower with Radar,317,60,93,39,509,0,1,24,12,37,317,61,117,51,546,6,4,10,556
04/04/2014,AUS,TX,ASW,CE,Combined TRACON& Tower with Radar,301,47,98,5,451,0,3,98,12,113,301,50,196,17,564,6,4,10,574
04/05/2014,AUS,TX,ASW,CE,Combined TRACON& Tower with Radar,228,30,59,14,331,0,3,84,6,93,228,33,143,20,424,10,18,28,452
04/06/2014,AUS,TX,ASW,CE,Combined TRACON& Tower with Radar,275,45,85,10,415,0,1,7,1,9,275,46,92,11,424,0,0,0,424
04/07/2014,AUS,TX,ASW,CE,Combined TRACON& Tower with Radar,306,47,94,11,458,0,1,28,5,34,306,48,122,16,492,18,0,18,510
04/08/2014,AUS,TX,ASW,CE,Combined TRACON& Tower with Radar,294,44,108,9,455,0,5,79,16,100,294,49,187,25,555,0,0,0,555
04/09/2014,AUS,TX,ASW,CE,Combined TRACON& Tower with Radar,288,54,90,10,442,0,2,71,31,104,288,56,161,41,546,0,0,0,546
04/10/2014,AUS,TX,ASW,CE,Combined TRACON& Tower with Radar,297,46,84,13,440,0,2,53,25,80,297,48,137,38,520,0,0,0,520
04/11/2014,AUS,TX,ASW,CE,Combined TRACON& Tower with Radar,306,57,124,15,502,0,4,67,9,80,306,61,191,24,582,0,0,0,582
04/12/2014,AUS,TX,ASW,CE,Combined TRACON& Tower with Radar,228,20,71,22,341,0,1,69,5,75,228,21,140,27,416,0,0,0,416
04/13/2014,AUS,TX,ASW,CE,Combined TRACON& Tower with Radar,270,47,81,11,409,0,0,27,11,38,270,47,108,22,447,0,0,0,447
04/14/2014,AUS,TX,ASW,CE,Combined TRACON& Tower with Radar,307,44,67,0,418,0,4,11,4,19,307,48,78,4,437,0,0,0,437
04/15/2014,AUS,TX,ASW,CE,Combined TRACON& Tower with Radar,291,40,80,10,421,0,3,87,20,110,291,43,167,30,531,0,0,0,531
04/16/2014,AUS,TX,ASW,CE,Combined TRACON& Tower with Radar,294,56,79,13,442,0,4,119,16,139,294,60,198,29,581,0,0,0,581
04/17/2014,AUS,TX,ASW,CE,Combined TRACON& Tower with Radar,302,50,157,10,519,0,0,35,8,43,302,50,192,18,562,0,0,0,562
04/18/2014,AUS,TX,ASW,CE,Combined TRACON& Tower with Radar,295,40,66,11,412,0,3,70,3,76,295,43,136,14,488,0,0,0,488
04/19/2014,AUS,TX,ASW,CE,Combined TRACON& Tower with Radar,223,24,34,1,282,0,0,82,0,82,223,24,116,1,364,0,0,0,364
04/20/2014,AUS,TX,ASW,CE,Combined TRACON& Tower with Radar,276,38,73,1,388,0,0,30,0,30,276,38,103,1,418,0,0,0,418
04/21/2014,AUS,TX,ASW,CE,Combined TRACON& Tower with Radar,302,46,105,8,461,0,2,45,3,50,302,48,150,11,511,0,0,0,511
04/22/2014,AUS,TX,ASW,CE,Combined TRACON& Tower with Radar,291,39,98,25,453,0,4,94,16,114,291,43,192,41,567,0,20,20,587
04/23/2014,AUS,TX,ASW,CE,Combined TRACON& Tower with Radar,291,44,98,5,438,0,4,64,17,85,291,48,162,22,523,24,0,24,547
04/24/2014,AUS,TX,ASW,CE,Combined TRACON& Tower with Radar,296,60,128,17,501,0,3,68,13,84,296,63,196,30,585,0,0,0,585
04/25/2014,AUS,TX,ASW,CE,Combined TRACON& Tower with Radar,310,51,80,6,447,0,3,103,19,125,310,54,183,25,572,18,0,18,590
04/26/2014,AUS,TX,ASW,CE,Combined TRACON& Tower with Radar,222,24,78,7,331,0,0,36,12,48,222,24,114,19,379,30,0,30,409
04/27/2014,AUS,TX,ASW,CE,Combined TRACON& Tower with Radar,286,37,103,11,437,0,0,42,28,70,286,37,145,39,507,0,0,0,507
04/28/2014,AUS,TX,ASW,CE,Combined TRACON& Tower with Radar,308,43,84,9,444,0,4,73,4,81,308,47,157,13,525,0,0,0,525
04/29/2014,AUS,TX,ASW,CE,Combined TRACON& Tower with Radar,293,45,74,10,422,0,4,76,15,95,293,49,150,25,517,4,6,10,527
04/30/2014,AUS,TX,ASW,CE,Combined TRACON& Tower with Radar,285,46,101,10,442,0,4,96,9,109,285,50,197,19,551,0,0,0,551
05/01/2014,AUS,TX,ASW,CE,Combined TRACON& Tower with Radar,311,61,55,13,440,0,8,100,14,122,311,69,155,27,562,0,0,0,562
05/02/2014,AUS,TX,ASW,CE,Combined TRACON& Tower with Radar,306,48,83,10,447,0,8,96,15,119,306,56,179,25,566,0,0,0,566
05/03/2014,AUS,TX,ASW,CE,Combined TRACON& Tower with Radar,235,30,53,8,326,0,2,110,8,120,235,32,163,16,446,0,0,0,446
05/04/2014,AUS,TX,ASW,CE,Combined TRACON& Tower with Radar,283,40,70,4,397,0,5,88,10,103,283,45,158,14,500,0,0,0,500
05/05/2014,AUS,TX,ASW,CE,Combined TRACON& Tower with Radar,298,31,94,6,429,0,11,64,3,78,298,42,158,9,507,12,0,12,519
05/06/2014,AUS,TX,ASW,CE,Combined TRACON& Tower with Radar,294,50,95,11,450,0,4,52,5,61,294,54,147,16,511,14,6,20,531
05/07/2014,AUS,TX,ASW,CE,Combined TRACON& Tower with Radar,302,46,118,6,472,0,5,54,12,71,302,51,172,18,543,26,0,26,569
05/08/2014,AUS,TX,ASW,CE,Combined TRACON& Tower with Radar,300,52,75,2,429,0,1,10,1,12,300,53,85,3,441,0,0,0,441
05/09/2014,AUS,TX,ASW,CE,Combined TRACON& Tower with Radar,336,54,88,13,491,0,3,22,1,26,336,57,110,14,517,0,0,0,517
05/10/2014,AUS,TX,ASW,CE,Combined TRACON& Tower with Radar,230,18,56,23,327,0,3,90,6,99,230,21,146,29,426,0,0,0,426
05/11/2014,AUS,TX,ASW,CE,Combined TRACON& Tower with Radar,274,29,83,4,390,0,0,48,2,50,274,29,131,6,440,0,0,0,440
05/12/2014,AUS,TX,ASW,CE,Combined TRACON& Tower with Radar,282,37,106,8,433,0,0,6,1,7,282,37,112,9,440,36,0,36,476
05/13/2014,AUS,TX,ASW,CE,Combined TRACON& Tower with Radar,291,54,102,4,451,0,3,20,2,25,291,57,122,6,476,6,0,6,482
05/14/2014,AUS,TX,ASW,CE,Combined TRACON& Tower with Radar,321,50,107,6,484,0,7,89,10,106,321,57,196,16,590,0,0,0,590
05/15/2014,AUS,TX,ASW,CE,Combined TRACON& Tower with Radar,309,67,84,11,471,0,7,100,9,116,309,74,184,20,587,14,0,14,601
05/16/2014,AUS,TX,ASW,CE,Combined TRACON& Tower with Radar,319,45,92,16,472,0,6,85,3,94,319,51,177,19,566,4,0,4,570
05/17/2014,AUS,TX,ASW,CE,Combined TRACON& Tower with Radar,234,13,55,7,309,0,4,67,8,79,234,17,122,15,388,0,0,0,388
05/18/2014,AUS,TX,ASW,CE,Combined TRACON& Tower with Radar,286,41,83,26,436,0,0,56,7,63,286,41,139,33,499,8,0,8,507
05/19/2014,AUS,TX,ASW,CE,Combined TRACON& Tower with Radar,307,38,81,3,429,0,5,60,6,71,307,43,141,9,500,0,0,0,500
05/20/2014,AUS,TX,ASW,CE,Combined TRACON& Tower with Radar,300,42,98,13,453,0,5,46,7,58,300,47,144,20,511,0,0,0,511
05/21/2014,AUS,TX,ASW,CE,Combined TRACON& Tower with Radar,299,50,97,3,449,0,4,50,15,69,299,54,147,18,518,16,0,16,534
05/22/2014,AUS,TX,ASW,CE,Combined TRACON& Tower with Radar,307,62,118,3,490,0,3,61,5,69,307,65,179,8,559,0,0,0,559
05/23/2014,AUS,TX,ASW,CE,Combined TRACON& Tower with Radar,312,45,84,1,442,0,4,45,0,49,312,49,129,1,491,0,0,0,491
05/24/2014,AUS,TX,ASW,CE,Combined TRACON& Tower with Radar,228,7,61,5,301,0,1,28,0,29,228,8,89,5,330,12,0,12,342
05/25/2014,AUS,TX,ASW,CE,Combined TRACON& Tower with Radar,241,19,36,0,296,0,0,28,0,28,241,19,64,0,324,0,0,0,324
05/26/2014,AUS,TX,ASW,CE,Combined TRACON& Tower with Radar,289,28,57,1,375,0,2,30,0,32,289,30,87,1,407,0,0,0,407
05/27/2014,AUS,TX,ASW,CE,Combined TRACON& Tower with Radar,318,62,60,8,448,0,0,10,4,14,318,62,70,12,462,0,0,0,462
05/28/2014,AUS,TX,ASW,CE,Combined TRACON& Tower with Radar,301,49,102,15,467,0,6,64,15,85,301,55,166,30,552,0,0,0,552
05/29/2014,AUS,TX,ASW,CE,Combined TRACON& Tower with Radar,311,55,97,30,493,0,8,89,17,114,311,63,186,47,607,16,0,16,623
05/30/2014,AUS,TX,ASW,CE,Combined TRACON& Tower with Radar,326,51,68,11,456,0,6,65,19,90,326,57,133,30,546,0,2,2,548
05/31/2014,AUS,TX,ASW,CE,Combined TRACON& Tower with Radar,233,21,48,14,316,0,0,81,6,87,233,21,129,20,403,6,28,34,437
06/01/2014,AUS,TX,ASW,CE,Combined TRACON& Tower with Radar,280,40,66,11,397,0,1,41,3,45,280,41,107,14,442,26,0,26,468
06/02/2014,AUS,TX,ASW,CE,Combined TRACON& Tower with Radar,304,30,64,25,423,0,4,36,3,43,304,34,100,28,466,18,0,18,484
06/03/2014,AUS,TX,ASW,CE,Combined TRACON& Tower with Radar,296,47,68,14,425,0,3,40,6,49,296,50,108,20,474,4,0,4,478
06/04/2014,AUS,TX,ASW,CE,Combined TRACON& Tower with Radar,294,36,91,17,438,0,3,60,13,76,294,39,151,30,514,0,0,0,514
06/05/2014,AUS,TX,ASW,CE,Combined TRACON& Tower with Radar,304,52,113,10,479,0,4,59,19,82,304,56,172,29,561,6,0,6,567
06/06/2014,AUS,TX,ASW,CE,Combined TRACON& Tower with Radar,320,42,103,29,494,0,4,65,9,78,320,46,168,38,572,14,0,14,586
06/07/2014,AUS,TX,ASW,CE,Combined TRACON& Tower with Radar,244,24,58,11,337,0,1,48,5,54,244,25,106,16,391,14,2,16,407
06/08/2014,AUS,TX,ASW,CE,Combined TRACON& Tower with Radar,307,46,99,7,459,0,2,33,5,40,307,48,132,12,499,0,0,0,499
06/09/2014,AUS,TX,ASW,CE,Combined TRACON& Tower with Radar,336,42,91,1,470,0,2,25,2,29,336,44,116,3,499,10,0,10,509
06/10/2014,AUS,TX,ASW,CE,Combined TRACON& Tower with Radar,313,43,61,7,424,0,8,72,19,99,313,51,133,26,523,18,14,32,555
06/11/2014,AUS,TX,ASW,CE,Combined TRACON& Tower with Radar,316,49,98,13,476,0,8,61,14,83,316,57,159,27,559,0,28,28,587
06/12/2014,AUS,TX,ASW,CE,Combined TRACON& Tower with Radar,327,37,103,6,473,0,3,34,8,45,327,40,137,14,518,8,18,26,544
06/13/2014,AUS,TX,ASW,CE,Combined TRACON& Tower with Radar,330,57,89,12,488,0,9,64,11,84,330,66,153,23,572,10,0,10,582
06/14/2014,AUS,TX,ASW,CE,Combined TRACON& Tower with Radar,261,28,70,6,365,0,0,52,2,54,261,28,122,8,419,0,0,0,419
06/15/2014,AUS,TX,ASW,CE,Combined TRACON& Tower with Radar,305,31,64,5,405,0,3,46,6,55,305,34,110,11,460,0,0,0,460
06/16/2014,AUS,TX,ASW,CE,Combined TRACON& Tower with Radar,318,40,94,3,455,0,5,42,7,54,318,45,136,10,509,0,0,0,509
06/17/2014,AUS,TX,ASW,CE,Combined TRACON& Tower with Radar,318,56,95,5,474,0,3,68,10,81,318,59,163,15,555,42,0,42,597
06/18/2014,AUS,TX,ASW,CE,Combined TRACON& Tower with Radar,331,57,94,5,487,0,3,52,9,64,331,60,146,14,551,14,0,14,565
06/19/2014,AUS,TX,ASW,CE,Combined TRACON& Tower with Radar,315,50,101,15,481,0,4,58,9,71,315,54,159,24,552,0,0,0,552
06/20/2014,AUS,TX,ASW,CE,Combined TRACON& Tower with Radar,326,43,86,24,479,0,3,69,18,90,326,46,155,42,569,0,6,6,575
06/21/2014,AUS,TX,ASW,CE,Combined TRACON& Tower with Radar,265,29,53,9,356,0,0,45,10,55,265,29,98,19,411,0,0,0,411
06/22/2014,AUS,TX,ASW,CE,Combined TRACON& Tower with Radar,304,25,71,27,427,0,0,43,9,52,304,25,114,36,479,16,0,16,495
06/23/2014,AUS,TX,ASW,CE,Combined TRACON& Tower with Radar,331,43,91,2,467,0,4,45,15,64,331,47,136,17,531,2,0,2,533
06/24/2014,AUS,TX,ASW,CE,Combined TRACON& Tower with Radar,333,48,55,20,456,0,5,46,10,61,333,53,101,30,517,4,14,18,535
06/25/2014,AUS,TX,ASW,CE,Combined TRACON& Tower with Radar,325,53,99,12,489,0,4,10,2,16,325,57,109,14,505,12,0,12,517
06/26/2014,AUS,TX,ASW,CE,Combined TRACON& Tower with Radar,328,52,87,7,474,0,3,27,9,39,328,55,114,16,513,0,0,0,513
06/27/2014,AUS,TX,ASW,CE,Combined TRACON& Tower with Radar,325,39,72,30,466,0,3,50,8,61,325,42,122,38,527,0,4,4,531
06/28/2014,AUS,TX,ASW,CE,Combined TRACON& Tower with Radar,270,26,49,1,346,0,0,39,3,42,270,26,88,4,388,6,0,6,394
06/29/2014,AUS,TX,ASW,CE,Combined TRACON& Tower with Radar,295,25,64,27,411,0,0,76,5,81,295,25,140,32,492,44,0,44,536
06/30/2014,AUS,TX,ASW,CE,Combined TRACON& Tower with Radar,304,39,64,4,411,0,3,68,7,78,304,42,132,11,489,20,0,20,509
07/01/2014,AUS,TX,ASW,CE,Combined TRACON& Tower with Radar,297,36,94,10,437,0,3,63,11,77,297,39,157,21,514,0,0,0,514
07/02/2014,AUS,TX,ASW,CE,Combined TRACON& Tower with Radar,307,52,74,8,441,0,4,60,7,71,307,56,134,15,512,2,2,4,516
07/03/2014,AUS,TX,ASW,CE,Combined TRACON& Tower with Radar,330,46,58,2,436,0,4,87,8,99,330,50,145,10,535,16,0,16,551
07/04/2014,AUS,TX,ASW,CE,Combined TRACON& Tower with Radar,244,15,18,0,277,0,6,68,1,75,244,21,86,1,352,0,0,0,352
07/05/2014,AUS,TX,ASW,CE,Combined TRACON& Tower with Radar,251,25,26,2,304,0,0,58,2,60,251,25,84,4,364,0,0,0,364
07/06/2014,AUS,TX,ASW,CE,Combined TRACON& Tower with Radar,309,31,64,6,410,0,0,68,3,71,309,31,132,9,481,12,0,12,493
07/07/2014,AUS,TX,ASW,CE,Combined TRACON& Tower with Radar,310,30,47,3,390,0,4,72,1,77,310,34,119,4,467,16,0,16,483
07/08/2014,AUS,TX,ASW,CE,Combined TRACON& Tower with Radar,313,38,72,12,435,0,9,55,7,71,313,47,127,19,506,10,0,10,516
07/09/2014,AUS,TX,ASW,CE,Combined TRACON& Tower with Radar,316,51,70,9,446,0,3,57,4,64,316,54,127,13,510,0,0,0,510
07/10/2014,AUS,TX,ASW,CE,Combined TRACON& Tower with Radar,315,34,47,11,407,0,7,52,5,64,315,41,99,16,471,54,2,56,527
07/11/2014,AUS,TX,ASW,CE,Combined TRACON& Tower with Radar,317,40,50,56,463,0,4,63,24,91,317,44,113,80,554,56,2,58,612
07/12/2014,AUS,TX,ASW,CE,Combined TRACON& Tower with Radar,267,27,45,27,366,0,0,76,15,91,267,27,121,42,457,26,0,26,483
07/13/2014,AUS,TX,ASW,CE,Combined TRACON& Tower with Radar,305,25,63,19,412,0,2,67,15,84,305,27,130,34,496,0,18,18,514
07/14/2014,AUS,TX,ASW,CE,Combined TRACON& Tower with Radar,325,38,64,11,438,0,4,91,8,103,325,42,155,19,541,0,0,0,541
07/15/2014,AUS,TX,ASW,CE,Combined TRACON& Tower with Radar,324,32,65,11,432,0,4,45,13,62,324,36,110,24,494,8,4,12,506
07/16/2014,AUS,TX,ASW,CE,Combined TRACON& Tower with Radar,319,53,73,7,452,0,4,78,6,88,319,57,151,13,540,0,2,2,542
07/17/2014,AUS,TX,ASW,CE,Combined TRACON& Tower with Radar,320,58,79,2,459,0,1,30,1,32,320,59,109,3,491,8,0,8,499
07/18/2014,AUS,TX,ASW,CE,Combined TRACON& Tower with Radar,333,42,79,22,476,0,2,12,4,18,333,44,91,26,494,0,0,0,494
07/19/2014,AUS,TX,ASW,CE,Combined TRACON& Tower with Radar,269,26,38,3,336,0,0,49,6,55,269,26,87,9,391,12,0,12,403
07/20/2014,AUS,TX,ASW,CE,Combined TRACON& Tower with Radar,306,28,71,16,421,0,1,51,3,55,306,29,122,19,476,0,0,0,476
07/21/2014,AUS,TX,ASW,CE,Combined TRACON& Tower with Radar,315,29,82,1,427,0,4,64,0,68,315,33,146,1,495,30,0,30,525
07/22/2014,AUS,TX,ASW,CE,Combined TRACON& Tower with Radar,313,42,65,5,425,0,3,79,7,89,313,45,144,12,514,0,6,6,520
07/23/2014,AUS,TX,ASW,CE,Combined TRACON& Tower with Radar,312,46,60,5,423,0,4,85,6,95,312,50,145,11,518,0,0,0,518
07/24/2014,AUS,TX,ASW,CE,Combined TRACON& Tower with Radar,322,51,84,18,475,0,3,77,2,82,322,54,161,20,557,58,0,58,615
07/25/2014,AUS,TX,ASW,CE,Combined TRACON& Tower with Radar,317,38,51,21,427,0,6,86,1,93,317,44,137,22,520,14,0,14,534
07/26/2014,AUS,TX,ASW,CE,Combined TRACON& Tower with Radar,270,29,49,25,373,0,0,75,10,85,270,29,124,35,458,20,0,20,478
07/27/2014,AUS,TX,ASW,CE,Combined TRACON& Tower with Radar,306,18,51,11,386,0,1,56,2,59,306,19,107,13,445,14,0,14,459
07/28/2014,AUS,TX,ASW,CE,Combined TRACON& Tower with Radar,317,22,79,14,432,0,3,67,5,75,317,25,146,19,507,16,0,16,523
07/29/2014,AUS,TX,ASW,CE,Combined TRACON& Tower with Radar,317,39,66,26,448,0,5,45,4,54,317,44,111,30,502,30,2,32,534
07/30/2014,AUS,TX,ASW,CE,Combined TRACON& Tower with Radar,316,43,64,17,440,0,5,59,5,69,316,48,123,22,509,0,0,0,509
07/31/2014,AUS,TX,ASW,CE,Combined TRACON& Tower with Radar,325,40,73,6,444,0,1,50,32,83,325,41,123,38,527,66,0,66,593
08/01/2014,AUS,TX,ASW,CE,Combined TRACON& Tower with Radar,326,47,53,11,437,0,3,52,5,60,326,50,105,16,497,0,0,0,497
08/02/2014,AUS,TX,ASW,CE,Combined TRACON& Tower with Radar,272,37,47,20,376,0,0,84,9,93,272,37,131,29,469,0,36,36,505
08/03/2014,AUS,TX,ASW,CE,Combined TRACON& Tower with Radar,301,32,61,2,396,0,1,55,3,59,301,33,116,5,455,48,0,48,503
08/04/2014,AUS,TX,ASW,CE,Combined TRACON& Tower with Radar,315,39,85,3,442,0,3,64,3,70,315,42,149,6,512,10,0,10,522
08/05/2014,AUS,TX,ASW,CE,Combined TRACON& Tower with Radar,321,38,64,11,434,0,4,74,19,97,321,42,138,30,531,12,12,24,555
08/06/2014,AUS,TX,ASW,CE,Combined TRACON& Tower with Radar,317,55,67,9,448,0,5,66,6,77,317,60,133,15,525,4,0,4,529
08/07/2014,AUS,TX,ASW,CE,Combined TRACON& Tower with Radar,315,45,104,5,469,0,3,75,9,87,315,48,179,14,556,8,0,8,564
08/08/2014,AUS,TX,ASW,CE,Combined TRACON& Tower with Radar,326,49,56,8,439,0,7,81,6,94,326,56,137,14,533,10,0,10,543
08/09/2014,AUS,TX,ASW,CE,Combined TRACON& Tower with Radar,266,21,53,52,392,0,0,60,11,71,266,21,113,63,463,10,22,32,495
08/10/2014,AUS,TX,ASW,CE,Combined TRACON& Tower with Radar,316,30,56,14,416,0,0,71,1,72,316,30,127,15,488,18,0,18,506
08/11/2014,AUS,TX,ASW,CE,Combined TRACON& Tower with Radar,315,31,61,19,426,0,5,27,4,36,315,36,88,23,462,0,0,0,462
08/12/2014,AUS,TX,ASW,CE,Combined TRACON& Tower with Radar,295,34,82,8,419,0,4,70,6,80,295,38,152,14,499,8,0,8,507
08/13/2014,AUS,TX,ASW,CE,Combined TRACON& Tower with Radar,310,46,80,10,446,0,4,77,7,88,310,50,157,17,534,2,14,16,550
08/14/2014,AUS,TX,ASW,CE,Combined TRACON& Tower with Radar,309,47,82,14,452,0,4,97,10,111,309,51,179,24,563,4,0,4,567
08/15/2014,AUS,TX,ASW,CE,Combined TRACON& Tower with Radar,315,47,50,6,418,0,4,62,7,73,315,51,112,13,491,0,0,0,491
08/16/2014,AUS,TX,ASW,CE,Combined TRACON& Tower with Radar,244,29,38,2,313,0,1,71,3,75,244,30,109,5,388,0,0,0,388
08/17/2014,AUS,TX,ASW,CE,Combined TRACON& Tower with Radar,302,37,51,3,393,0,0,43,0,43,302,37,94,3,436,12,0,12,448
08/18/2014,AUS,TX,ASW,CE,Combined TRACON& Tower with Radar,313,32,55,15,415,0,3,66,0,69,313,35,121,15,484,0,0,0,484
08/19/2014,AUS,TX,ASW,CE,Combined TRACON& Tower with Radar,305,46,88,5,444,0,4,49,7,60,305,50,137,12,504,0,16,16,520
08/20/2014,AUS,TX,ASW,CE,Combined TRACON& Tower with Radar,306,56,93,9,464,0,8,85,11,104,306,64,178,20,568,0,0,0,568
08/21/2014,AUS,TX,ASW,CE,Combined TRACON& Tower with Radar,304,44,88,12,448,0,5,98,17,120,304,49,186,29,568,12,0,12,580
08/22/2014,AUS,TX,ASW,CE,Combined TRACON& Tower with Radar,309,36,69,25,439,0,4,97,8,109,309,40,166,33,548,16,2,18,566
08/23/2014,AUS,TX,ASW,CE,Combined TRACON& Tower with Radar,202,26,50,14,292,0,2,92,5,99,202,28,142,19,391,2,0,2,393
08/24/2014,AUS,TX,ASW,CE,Combined TRACON& Tower with Radar,288,37,60,17,402,0,5,91,6,102,288,42,151,23,504,14,2,16,520
08/25/2014,AUS,TX,ASW,CE,Combined TRACON& Tower with Radar,289,42,71,14,416,0,6,68,13,87,289,48,139,27,503,0,0,0,503
08/26/2014,AUS,TX,ASW,CE,Combined TRACON& Tower with Radar,294,45,82,19,440,0,9,89,5,103,294,54,171,24,543,0,8,8,551
08/27/2014,AUS,TX,ASW,CE,Combined TRACON& Tower with Radar,298,42,79,26,445,0,4,83,9,96,298,46,162,35,541,12,4,16,557
08/28/2014,AUS,TX,ASW,CE,Combined TRACON& Tower with Radar,302,59,112,8,481,0,5,73,8,86,302,64,185,16,567,0,0,0,567
08/29/2014,AUS,TX,ASW,CE,Combined TRACON& Tower with Radar,307,56,93,4,460,0,6,53,0,59,307,62,146,4,519,10,0,10,529
08/30/2014,AUS,TX,ASW,CE,Combined TRACON& Tower with Radar,189,27,66,0,282,0,0,62,2,64,189,27,128,2,346,46,0,46,392
08/31/2014,AUS,TX,ASW,CE,Combined TRACON& Tower with Radar,200,31,33,10,274,0,1,52,3,56,200,32,85,13,330,0,80,80,410
09/01/2014,AUS,TX,ASW,CE,Combined TRACON& Tower with Radar,270,31,71,11,383,0,0,82,0,82,270,31,153,11,465,20,0,20,485
09/02/2014,AUS,TX,ASW,CE,Combined TRACON& Tower with Radar,293,45,70,3,411,0,3,63,7,73,293,48,133,10,484,0,0,0,484
09/03/2014,AUS,TX,ASW,CE,Combined TRACON& Tower with Radar,285,29,87,12,413,0,3,92,7,102,285,32,179,19,515,52,2,54,569
09/04/2014,AUS,TX,ASW,CE,Combined TRACON& Tower with Radar,286,47,117,8,458,0,3,56,11,70,286,50,173,19,528,40,0,40,568
09/05/2014,AUS,TX,ASW,CE,Combined TRACON& Tower with Radar,301,40,85,12,438,0,4,43,4,51,301,44,128,16,489,0,0,0,489
09/06/2014,AUS,TX,ASW,CE,Combined TRACON& Tower with Radar,203,47,96,32,378,1,7,69,3,80,204,54,165,35,458,4,0,4,462
09/07/2014,AUS,TX,ASW,CE,Combined TRACON& Tower with Radar,320,51,97,20,488,0,0,40,6,46,320,51,137,26,534,14,0,14,548
09/08/2014,AUS,TX,ASW,CE,Combined TRACON& Tower with Radar,306,30,76,19,431,0,4,62,6,72,306,34,138,25,503,8,0,8,511
09/09/2014,AUS,TX,ASW,CE,Combined TRACON& Tower with Radar,292,50,91,3,436,0,6,69,4,79,292,56,160,7,515,2,0,2,517
09/10/2014,AUS,TX,ASW,CE,Combined TRACON& Tower with Radar,304,38,92,17,451,0,5,61,11,77,304,43,153,28,528,56,8,64,592
09/11/2014,AUS,TX,ASW,CE,Combined TRACON& Tower with Radar,308,41,86,15,450,0,5,65,12,82,308,46,151,27,532,6,0,6,538
09/12/2014,AUS,TX,ASW,CE,Combined TRACON& Tower with Radar,320,46,61,12,439,0,0,56,4,60,320,46,117,16,499,0,0,0,499
09/13/2014,AUS,TX,ASW,CE,Combined TRACON& Tower with Radar,201,27,55,8,291,0,0,4,0,4,201,27,59,8,295,0,0,0,295
09/14/2014,AUS,TX,ASW,CE,Combined TRACON& Tower with Radar,289,35,88,7,419,0,1,22,1,24,289,36,110,8,443,0,0,0,443
09/15/2014,AUS,TX,ASW,CE,Combined TRACON& Tower with Radar,307,45,68,11,431,0,1,48,4,53,307,46,116,15,484,0,0,0,484
09/16/2014,AUS,TX,ASW,CE,Combined TRACON& Tower with Radar,293,47,99,13,452,0,0,58,8,66,293,47,157,21,518,0,18,18,536
09/17/2014,AUS,TX,ASW,CE,Combined TRACON& Tower with Radar,299,55,105,4,463,0,1,30,4,35,299,56,135,8,498,14,0,14,512
09/18/2014,AUS,TX,ASW,CE,Combined TRACON& Tower with Radar,314,82,113,6,515,0,0,22,10,32,314,82,135,16,547,0,0,0,547
09/19/2014,AUS,TX,ASW,CE,Combined TRACON& Tower with Radar,316,42,111,5,474,0,4,26,2,32,316,46,137,7,506,0,0,0,506
09/20/2014,AUS,TX,ASW,CE,Combined TRACON& Tower with Radar,208,35,67,10,320,0,0,50,7,57,208,35,117,17,377,2,0,2,379
09/21/2014,AUS,TX,ASW,CE,Combined TRACON& Tower with Radar,289,36,102,12,439,0,1,92,5,98,289,37,194,17,537,10,0,10,547
09/22/2014,AUS,TX,ASW,CE,Combined TRACON& Tower with Radar,311,31,56,8,406,0,3,88,7,98,311,34,144,15,504,0,0,0,504
09/23/2014,AUS,TX,ASW,CE,Combined TRACON& Tower with Radar,296,42,83,19,440,0,1,102,14,117,296,43,185,33,557,60,4,64,621
09/24/2014,AUS,TX,ASW,CE,Combined TRACON& Tower with Radar,308,55,70,5,438,0,3,101,13,117,308,58,171,18,555,0,0,0,555
09/25/2014,AUS,TX,ASW,CE,Combined TRACON& Tower with Radar,312,39,96,10,457,0,1,91,12,104,312,40,187,22,561,16,0,16,577
09/26/2014,AUS,TX,ASW,CE,Combined TRACON& Tower with Radar,310,42,84,19,455,0,6,71,6,83,310,48,155,25,538,28,32,60,598
09/27/2014,AUS,TX,ASW,CE,Combined TRACON& Tower with Radar,217,16,47,9,289,0,0,56,7,63,217,16,103,16,352,12,8,20,372
09/28/2014,AUS,TX,ASW,CE,Combined TRACON& Tower with Radar,285,25,84,10,404,0,1,89,5,95,285,26,173,15,499,14,4,18,517
09/29/2014,AUS,TX,ASW,CE,Combined TRACON& Tower with Radar,302,25,57,4,388,0,1,84,5,90,302,26,141,9,478,10,0,10,488
09/30/2014,AUS,TX,ASW,CE,Combined TRACON& Tower with Radar,295,35,95,9,434,0,1,73,5,79,295,36,168,14,513,0,0,0,513
10/01/2014,AUS,TX,ASW,CE,Combined TRACON& Tower with Radar,305,41,92,22,460,0,1,60,9,70,305,42,152,31,530,0,0,0,530
10/02/2014,AUS,TX,ASW,CE,Combined TRACON& Tower with Radar,324,59,85,12,480,0,3,29,17,49,324,62,114,29,529,0,0,0,529
10/03/2014,AUS,TX,ASW,CE,Combined TRACON& Tower with Radar,328,50,125,19,522,0,3,87,9,99,328,53,212,28,621,12,0,12,633
10/04/2014,AUS,TX,ASW,CE,Combined TRACON& Tower with Radar,212,37,90,1,340,0,4,121,1,126,212,41,211,2,466,60,0,60,526
10/05/2014,AUS,TX,ASW,CE,Combined TRACON& Tower with Radar,297,50,115,5,467,0,2,71,1,74,297,52,186,6,541,0,0,0,541
10/06/2014,AUS,TX,ASW,CE,Combined TRACON& Tower with Radar,351,38,102,3,494,0,1,51,0,52,351,39,153,3,546,36,0,36,582
10/07/2014,AUS,TX,ASW,CE,Combined TRACON& Tower with Radar,302,53,94,6,455,0,2,80,14,96,302,55,174,20,551,0,6,6,557
10/08/2014,AUS,TX,ASW,CE,Combined TRACON& Tower with Radar,305,50,118,10,483,0,2,90,8,100,305,52,208,18,583,28,0,28,611
10/09/2014,AUS,TX,ASW,CE,Combined TRACON& Tower with Radar,320,66,99,3,488,0,1,70,10,81,320,67,169,13,569,2,0,2,571
10/10/2014,AUS,TX,ASW,CE,Combined TRACON& Tower with Radar,323,54,102,0,479,0,1,68,3,72,323,55,170,3,551,0,0,0,551
10/11/2014,AUS,TX,ASW,CE,Combined TRACON& Tower with Radar,227,19,53,3,302,0,0,19,0,19,227,19,72,3,321,0,0,0,321
10/12/2014,AUS,TX,ASW,CE,Combined TRACON& Tower with Radar,317,54,102,0,473,0,0,13,0,13,317,54,115,0,486,0,0,0,486
10/13/2014,AUS,TX,ASW,CE,Combined TRACON& Tower with Radar,329,56,54,3,442,0,0,36,0,36,329,56,90,3,478,0,0,0,478
10/14/2014,AUS,TX,ASW,CE,Combined TRACON& Tower with Radar,318,66,76,14,474,0,0,90,10,100,318,66,166,24,574,20,0,20,594
10/15/2014,AUS,TX,ASW,CE,Combined TRACON& Tower with Radar,312,58,92,8,470,0,2,102,7,111,312,60,194,15,581,20,0,20,601
10/16/2014,AUS,TX,ASW,CE,Combined TRACON& Tower with Radar,319,49,105,14,487,0,0,116,6,122,319,49,221,20,609,46,2,48,657
10/17/2014,AUS,TX,ASW,CE,Combined TRACON& Tower with Radar,319,62,111,28,520,0,1,106,7,114,319,63,217,35,634,0,0,0,634
10/18/2014,AUS,TX,ASW,CE,Combined TRACON& Tower with Radar,216,29,75,8,328,0,3,68,4,75,216,32,143,12,403,4,0,4,407
10/19/2014,AUS,TX,ASW,CE,Combined TRACON& Tower with Radar,295,36,113,7,451,0,3,83,7,93,295,39,196,14,544,12,0,12,556
10/20/2014,AUS,TX,ASW,CE,Combined TRACON& Tower with Radar,309,30,74,17,430,0,0,56,10,66,309,30,130,27,496,0,0,0,496
10/21/2014,AUS,TX,ASW,CE,Combined TRACON& Tower with Radar,304,40,95,26,465,0,7,76,16,99,304,47,171,42,564,0,8,8,572
10/22/2014,AUS,TX,ASW,CE,Combined TRACON& Tower with Radar,311,53,106,6,476,0,0,106,6,112,311,53,212,12,588,0,0,0,588
10/23/2014,AUS,TX,ASW,CE,Combined TRACON& Tower with Radar,312,55,90,40,497,0,5,76,19,100,312,60,166,59,597,40,24,64,661
10/24/2014,AUS,TX,ASW,CE,Combined TRACON& Tower with Radar,321,48,100,16,485,0,1,113,15,129,321,49,213,31,614,20,24,44,658
10/25/2014,AUS,TX,ASW,CE,Combined TRACON& Tower with Radar,226,22,45,5,298,0,2,98,0,100,226,24,143,5,398,14,0,14,412
10/26/2014,AUS,TX,ASW,CE,Combined TRACON& Tower with Radar,297,39,90,1,427,0,1,70,0,71,297,40,160,1,498,28,0,28,526
10/27/2014,AUS,TX,ASW,CE,Combined TRACON& Tower with Radar,322,26,66,11,425,0,1,70,6,77,322,27,136,17,502,0,0,0,502
10/28/2014,AUS,TX,ASW,CE,Combined TRACON& Tower with Radar,303,52,93,7,455,0,4,80,18,102,303,56,173,25,557,0,0,0,557
10/29/2014,AUS,TX,ASW,CE,Combined TRACON& Tower with Radar,303,67,117,20,507,0,2,66,8,76,303,69,183,28,583,40,4,44,627
10/30/2014,AUS,TX,ASW,CE,Combined TRACON& Tower with Radar,323,77,130,5,535,0,3,85,14,102,323,80,215,19,637,0,0,0,637
10/31/2014,AUS,TX,ASW,CE,Combined TRACON& Tower with Radar,278,78,144,7,507,0,3,76,2,81,278,81,220,9,588,0,0,0,588
11/01/2014,AUS,TX,ASW,CE,Combined TRACON& Tower with Radar,213,43,114,0,370,0,0,124,0,124,213,43,238,0,494,4,0,4,498
11/02/2014,AUS,TX,ASW,CE,Combined TRACON& Tower with Radar,289,106,185,0,580,0,5,140,2,147,289,111,325,2,727,0,0,0,727
11/03/2014,AUS,TX,ASW,CE,Combined TRACON& Tower with Radar,352,67,148,6,573,0,2,52,12,66,352,69,200,18,639,0,0,0,639
11/04/2014,AUS,TX,ASW,CE,Combined TRACON& Tower with Radar,315,49,90,4,458,0,0,25,2,27,315,49,115,6,485,0,0,0,485
11/05/2014,AUS,TX,ASW,CE,Combined TRACON& Tower with Radar,310,55,96,4,465,0,0,0,0,0,310,55,96,4,465,0,0,0,465
11/06/2014,AUS,TX,ASW,CE,Combined TRACON& Tower with Radar,310,76,99,30,515,0,3,69,10,82,310,79,168,40,597,0,0,0,597
11/07/2014,AUS,TX,ASW,CE,Combined TRACON& Tower with Radar,317,65,110,12,504,0,3,115,4,122,317,68,225,16,626,26,0,26,652
11/08/2014,AUS,TX,ASW,CE,Combined TRACON& Tower with Radar,225,36,73,2,336,0,1,101,2,104,225,37,174,4,440,10,0,10,450
11/09/2014,AUS,TX,ASW,CE,Combined TRACON& Tower with Radar,281,57,87,12,437,0,2,90,0,92,281,59,177,12,529,0,0,0,529
11/10/2014,AUS,TX,ASW,CE,Combined TRACON& Tower with Radar,309,40,86,9,444,0,3,69,1,73,309,43,155,10,517,0,0,0,517
11/11/2014,AUS,TX,ASW,CE,Combined TRACON& Tower with Radar,297,47,98,3,445,0,0,52,1,53,297,47,150,4,498,8,0,8,506
11/12/2014,AUS,TX,ASW,CE,Combined TRACON& Tower with Radar,310,54,95,5,464,0,2,87,4,93,310,56,182,9,557,0,0,0,557
11/13/2014,AUS,TX,ASW,CE,Combined TRACON& Tower with Radar,315,36,115,8,474,0,1,68,12,81,315,37,183,20,555,0,0,0,555
11/14/2014,AUS,TX,ASW,CE,Combined TRACON& Tower with Radar,317,67,87,19,490,0,1,68,16,85,317,68,155,35,575,8,0,8,583
11/15/2014,AUS,TX,ASW,CE,Combined TRACON& Tower with Radar,221,27,38,11,297,0,0,7,0,7,221,27,45,11,304,0,0,0,304
11/16/2014,AUS,TX,ASW,CE,Combined TRACON& Tower with Radar,285,45,89,3,422,0,0,3,0,3,285,45,92,3,425,0,0,0,425
11/17/2014,AUS,TX,ASW,CE,Combined TRACON& Tower with Radar,309,49,70,5,433,0,2,62,5,69,309,51,132,10,502,16,0,16,518
11/18/2014,AUS,TX,ASW,CE,Combined TRACON& Tower with Radar,297,50,76,20,443,0,2,83,11,96,297,52,159,31,539,16,0,16,555
11/19/2014,AUS,TX,ASW,CE,Combined TRACON& Tower with Radar,310,60,88,17,475,0,2,119,18,139,310,62,207,35,614,6,0,6,620
11/20/2014,AUS,TX,ASW,CE,Combined TRACON& Tower with Radar,320,50,119,2,491,0,2,34,15,51,320,52,153,17,542,0,0,0,542
11/21/2014,AUS,TX,ASW,CE,Combined TRACON& Tower with Radar,315,78,89,2,484,0,6,14,1,21,315,84,103,3,505,2,0,2,507
11/22/2014,AUS,TX,ASW,CE,Combined TRACON& Tower with Radar,219,30,20,3,272,0,0,1,1,2,219,30,21,4,274,0,0,0,274
11/23/2014,AUS,TX,ASW,CE,Combined TRACON& Tower with Radar,277,37,59,4,377,0,1,97,0,98,277,38,156,4,475,4,0,4,479
11/24/2014,AUS,TX,ASW,CE,Combined TRACON& Tower with Radar,287,35,59,2,383,0,1,109,2,112,287,36,168,4,495,16,0,16,511
11/25/2014,AUS,TX,ASW,CE,Combined TRACON& Tower with Radar,319,52,80,3,454,0,7,115,7,129,319,59,195,10,583,0,0,0,583
11/26/2014,AUS,TX,ASW,CE,Combined TRACON& Tower with Radar,318,48,98,0,464,0,3,128,0,131,318,51,226,0,595,22,0,22,617
11/27/2014,AUS,TX,ASW,CE,Combined TRACON& Tower with Radar,204,27,44,0,275,0,3,47,0,50,204,30,91,0,325,6,0,6,331
11/28/2014,AUS,TX,ASW,CE,Combined TRACON& Tower with Radar,233,42,61,0,336,0,6,83,1,90,233,48,144,1,426,22,0,22,448
11/29/2014,AUS,TX,ASW,CE,Combined TRACON& Tower with Radar,295,38,60,0,393,0,2,52,0,54,295,40,112,0,447,8,0,8,455
11/30/2014,AUS,TX,ASW,CE,Combined TRACON& Tower with Radar,322,64,126,0,512,0,0,58,2,60,322,64,184,2,572,0,0,0,572
12/01/2014,AUS,TX,ASW,CE,Combined TRACON& Tower with Radar,340,45,87,7,479,0,3,18,4,25,340,48,105,11,504,0,0,0,504
12/02/2014,AUS,TX,ASW,CE,Combined TRACON& Tower with Radar,298,42,87,6,433,0,0,40,9,49,298,42,127,15,482,0,0,0,482
12/03/2014,AUS,TX,ASW,CE,Combined TRACON& Tower with Radar,304,44,117,6,471,0,0,10,4,14,304,44,127,10,485,14,0,14,499
12/04/2014,AUS,TX,ASW,CE,Combined TRACON& Tower with Radar,314,66,116,12,508,0,2,4,1,7,314,68,120,13,515,0,0,0,515
12/05/2014,AUS,TX,ASW,CE,Combined TRACON& Tower with Radar,309,52,71,26,458,0,1,55,14,70,309,53,126,40,528,10,0,10,538
12/06/2014,AUS,TX,ASW,CE,Combined TRACON& Tower with Radar,216,17,72,2,307,0,2,64,2,68,216,19,136,4,375,0,0,0,375
12/07/2014,AUS,TX,ASW,CE,Combined TRACON& Tower with Radar,274,42,74,11,401,0,4,22,4,30,274,46,96,15,431,0,0,0,431
12/08/2014,AUS,TX,ASW,CE,Combined TRACON& Tower with Radar,301,61,69,2,433,0,0,115,4,119,301,61,184,6,552,0,0,0,552
12/09/2014,AUS,TX,ASW,CE,Combined TRACON& Tower with Radar,310,75,107,4,496,0,3,102,13,118,310,78,209,17,614,0,0,0,614
12/10/2014,AUS,TX,ASW,CE,Combined TRACON& Tower with Radar,303,43,109,6,461,0,0,64,14,78,303,43,173,20,539,0,0,0,539
12/11/2014,AUS,TX,ASW,CE,Combined TRACON& Tower with Radar,307,47,111,12,477,0,0,19,16,35,307,47,130,28,512,0,32,32,544
12/12/2014,AUS,TX,ASW,CE,Combined TRACON& Tower with Radar,315,47,79,17,458,0,1,55,11,67,315,48,134,28,525,0,0,0,525
12/13/2014,AUS,TX,ASW,CE,Combined TRACON& Tower with Radar,215,20,70,9,314,0,2,54,0,56,215,22,124,9,370,4,0,4,374
12/14/2014,AUS,TX,ASW,CE,Combined TRACON& Tower with Radar,279,29,68,13,389,0,0,13,0,13,279,29,81,13,402,34,0,34,436
12/15/2014,AUS,TX,ASW,CE,Combined TRACON& Tower with Radar,296,33,81,10,420,0,4,88,4,96,296,37,169,14,516,20,0,20,536
12/16/2014,AUS,TX,ASW,CE,Combined TRACON& Tower with Radar,304,50,103,11,468,0,3,92,6,101,304,53,195,17,569,0,0,0,569
12/17/2014,AUS,TX,ASW,CE,Combined TRACON& Tower with Radar,322,39,141,8,510,0,0,18,5,23,322,39,159,13,533,24,0,24,557
12/18/2014,AUS,TX,ASW,CE,Combined TRACON& Tower with Radar,312,54,123,5,494,0,0,2,2,4,312,54,125,7,498,16,0,16,514
12/19/2014,AUS,TX,ASW,CE,Combined TRACON& Tower with Radar,331,58,70,10,469,0,0,24,9,33,331,58,94,19,502,0,0,0,502
12/20/2014,AUS,TX,ASW,CE,Combined TRACON& Tower with Radar,297,26,74,18,415,0,3,35,1,39,297,29,109,19,454,4,0,4,458
12/21/2014,AUS,TX,ASW,CE,Combined TRACON& Tower with Radar,299,23,58,1,381,0,0,21,0,21,299,23,79,1,402,0,0,0,402
12/22/2014,AUS,TX,ASW,CE,Combined TRACON& Tower with Radar,316,41,71,2,430,0,7,101,7,115,316,48,172,9,545,52,0,52,597
12/23/2014,AUS,TX,ASW,CE,Combined TRACON& Tower with Radar,330,53,84,4,471,0,3,14,6,23,330,56,98,10,494,0,4,4,498
12/24/2014,AUS,TX,ASW,CE,Combined TRACON& Tower with Radar,262,37,24,0,323,0,2,57,0,59,262,39,81,0,382,0,0,0,382
12/25/2014,AUS,TX,ASW,CE,Combined TRACON& Tower with Radar,228,12,18,0,258,0,6,35,0,41,228,18,53,0,299,8,0,8,307
12/26/2014,AUS,TX,ASW,CE,Combined TRACON& Tower with Radar,312,41,72,2,427,0,3,21,0,24,312,44,93,2,451,0,0,0,451
12/27/2014,AUS,TX,ASW,CE,Combined TRACON& Tower with Radar,294,41,61,0,396,0,2,13,0,15,294,43,74,0,411,0,0,0,411
12/28/2014,AUS,TX,ASW,CE,Combined TRACON& Tower with Radar,301,30,49,1,381,0,1,43,0,44,301,31,92,1,425,10,0,10,435
12/29/2014,AUS,TX,ASW,CE,Combined TRACON& Tower with Radar,319,38,50,14,421,0,1,99,10,110,319,39,149,24,531,0,4,4,535
12/30/2014,AUS,TX,ASW,CE,Combined TRACON& Tower with Radar,314,51,44,11,420,0,1,3,0,4,314,52,47,11,424,0,0,0,424
12/31/2014,AUS,TX,ASW,CE,Combined TRACON& Tower with Radar,270,36,30,0,336,0,2,37,4,43,270,38,67,4,379,0,0,0,379
01/01/2015,AUS,TX,ASW,CE,Combined TRACON& Tower with Radar,244,13,21,0,278,0,0,2,0,2,244,13,23,0,280,0,0,0,280
01/02/2015,AUS,TX,ASW,CE,Combined TRACON& Tower with Radar,313,39,62,0,414,0,0,0,0,0,313,39,62,0,414,0,0,0,414
01/03/2015,AUS,TX,ASW,CE,Combined TRACON& Tower with Radar,295,36,45,1,377,0,0,83,0,83,295,36,128,1,460,0,0,0,460
01/04/2015,AUS,TX,ASW,CE,Combined TRACON& Tower with Radar,299,40,60,0,399,0,6,79,0,85,299,46,139,0,484,4,0,4,488
01/05/2015,AUS,TX,ASW,CE,Combined TRACON& Tower with Radar,310,47,80,2,439,0,4,100,9,113,310,51,180,11,552,24,0,24,576
01/06/2015,AUS,TX,ASW,CE,Combined TRACON& Tower with Radar,282,37,61,21,401,0,2,94,18,114,282,39,155,39,515,32,6,38,553
01/07/2015,AUS,TX,ASW,CE,Combined TRACON& Tower with Radar,292,55,95,13,455,0,1,67,24,92,292,56,162,37,547,0,0,0,547
01/08/2015,AUS,TX,ASW,CE,Combined TRACON& Tower with Radar,301,25,74,6,406,0,3,75,19,97,301,28,149,25,503,12,0,12,515
01/09/2015,AUS,TX,ASW,CE,Combined TRACON& Tower with Radar,320,29,65,7,421,0,1,33,5,39,320,30,98,12,460,22,0,22,482
01/10/2015,AUS,TX,ASW,CE,Combined TRACON& Tower with Radar,205,11,29,1,246,0,0,3,0,3,205,11,32,1,249,0,0,0,249
01/11/2015,AUS,TX,ASW,CE,Combined TRACON& Tower with Radar,249,17,46,11,323,0,0,1,0,1,249,17,47,11,324,0,0,0,324
01/12/2015,AUS,TX,ASW,CE,Combined TRACON& Tower with Radar,301,33,88,9,431,0,0,7,0,7,301,33,95,9,438,0,0,0,438
01/13/2015,AUS,TX,ASW,CE,Combined TRACON& Tower with Radar,285,41,91,7,424,0,0,28,12,40,285,41,119,19,464,6,0,6,470
01/14/2015,AUS,TX,ASW,CE,Combined TRACON& Tower with Radar,290,40,71,11,412,0,0,4,0,4,290,40,75,11,416,0,0,0,416
01/15/2015,AUS,TX,ASW,CE,Combined TRACON& Tower with Radar,303,40,87,11,441,0,1,116,20,137,303,41,203,31,578,0,0,0,578
01/16/2015,AUS,TX,ASW,CE,Combined TRACON& Tower with Radar,303,40,76,11,430,0,5,104,4,113,303,45,180,15,543,24,0,24,567
01/17/2015,AUS,TX,ASW,CE,Combined TRACON& Tower with Radar,215,12,38,8,273,0,3,93,2,98,215,15,131,10,371,18,0,18,389
01/18/2015,AUS,TX,ASW,CE,Combined TRACON& Tower with Radar,240,26,50,5,321,0,2,106,0,108,240,28,156,5,429,10,0,10,439
01/19/2015,AUS,TX,ASW,CE,Combined TRACON& Tower with Radar,293,40,110,4,447,0,0,101,1,102,293,40,211,5,549,0,0,0,549
01/20/2015,AUS,TX,ASW,CE,Combined TRACON& Tower with Radar,286,70,103,4,463,0,3,128,15,146,286,73,231,19,609,20,0,20,629
01/21/2015,AUS,TX,ASW,CE,Combined TRACON& Tower with Radar,290,40,141,0,471,0,0,2,0,2,290,40,143,0,473,0,0,0,473
01/22/2015,AUS,TX,ASW,CE,Combined TRACON& Tower with Radar,300,39,63,0,402,0,0,4,0,4,300,39,67,0,406,0,0,0,406
01/23/2015,AUS,TX,ASW,CE,Combined TRACON& Tower with Radar,304,35,84,14,437,0,1,27,3,31,304,36,111,17,468,0,0,0,468
01/24/2015,AUS,TX,ASW,CE,Combined TRACON& Tower with Radar,218,24,47,13,302,0,1,99,3,103,218,25,146,16,405,0,0,0,405
01/25/2015,AUS,TX,ASW,CE,Combined TRACON& Tower with Radar,263,36,53,21,373,0,3,114,5,122,263,39,167,26,495,6,0,6,501
01/26/2015,AUS,TX,ASW,CE,Combined TRACON& Tower with Radar,278,30,61,6,375,0,1,83,8,92,278,31,144,14,467,0,0,0,467
01/27/2015,AUS,TX,ASW,CE,Combined TRACON& Tower with Radar,261,53,46,9,369,0,6,103,13,122,261,59,149,22,491,0,0,0,491
01/28/2015,AUS,TX,ASW,CE,Combined TRACON& Tower with Radar,282,40,95,11,428,0,1,96,12,109,282,41,191,23,537,0,4,4,541
01/29/2015,AUS,TX,ASW,CE,Combined TRACON& Tower with Radar,302,43,96,13,454,0,2,72,11,85,302,45,168,24,539,0,0,0,539
01/30/2015,AUS,TX,ASW,CE,Combined TRACON& Tower with Radar,316,40,116,4,476,0,6,65,18,89,316,46,181,22,565,0,0,0,565
01/31/2015,AUS,TX,ASW,CE,Combined TRACON& Tower with Radar,208,16,37,9,270,0,0,2,0,2,208,16,39,9,272,0,0,0,272
02/01/2015,AUS,TX,ASW,CE,Combined TRACON& Tower with Radar,228,26,47,1,302,0,2,19,2,23,228,28,66,3,325,0,0,0,325
02/02/2015,AUS,TX,ASW,CE,Combined TRACON& Tower with Radar,285,39,69,4,397,0,0,66,12,78,285,39,135,16,475,4,0,4,479
02/03/2015,AUS,TX,ASW,CE,Combined TRACON& Tower with Radar,276,32,74,10,392,0,0,9,2,11,276,32,83,12,403,0,0,0,403
02/04/2015,AUS,TX,ASW,CE,Combined TRACON& Tower with Radar,289,53,94,8,444,0,0,12,9,21,289,53,106,17,465,0,0,0,465
02/05/2015,AUS,TX,ASW,CE,Combined TRACON& Tower with Radar,306,38,102,21,467,0,3,66,20,89,306,41,168,41,556,0,0,0,556
02/06/2015,AUS,TX,ASW,CE,Combined TRACON& Tower with Radar,305,45,87,30,467,0,0,90,20,110,305,45,177,50,577,0,0,0,577
02/07/2015,AUS,TX,ASW,CE,Combined TRACON& Tower with Radar,214,18,57,10,299,0,1,83,15,99,214,19,140,25,398,0,0,0,398
02/08/2015,AUS,TX,ASW,CE,Combined TRACON& Tower with Radar,251,30,70,16,367,0,0,51,4,55,251,30,121,20,422,0,0,0,422
02/09/2015,AUS,TX,ASW,CE,Combined TRACON& Tower with Radar,289,34,71,7,401,0,5,86,6,97,289,39,157,13,498,0,0,0,498
02/10/2015,AUS,TX,ASW,CE,Combined TRACON& Tower with Radar,275,48,89,4,416,0,5,77,17,99,275,53,166,21,515,0,0,0,515
02/11/2015,AUS,TX,ASW,CE,Combined TRACON& Tower with Radar,293,42,90,18,443,0,1,78,15,94,293,43,168,33,537,0,0,0,537
02/12/2015,AUS,TX,ASW,CE,Combined TRACON& Tower with Radar,301,55,79,12,447,0,1,104,7,112,301,56,183,19,559,0,0,0,559
02/13/2015,AUS,TX,ASW,CE,Combined TRACON& Tower with Radar,312,44,96,15,467,0,3,59,0,62,312,47,155,15,529,0,0,0,529
02/14/2015,AUS,TX,ASW,CE,Combined TRACON& Tower with Radar,224,20,40,7,291,0,0,75,2,77,224,20,115,9,368,0,0,0,368
02/15/2015,AUS,TX,ASW,CE,Combined TRACON& Tower with Radar,232,21,77,3,333,0,2,14,0,16,232,23,91,3,349,0,0,0,349
02/16/2015,AUS,TX,ASW,CE,Combined TRACON& Tower with Radar,295,56,83,3,437,0,2,17,1,20,295,58,100,4,457,0,0,0,457
02/17/2015,AUS,TX,ASW,CE,Combined TRACON& Tower with Radar,302,58,97,5,462,0,1,74,11,86,302,59,171,16,548,0,0,0,548
02/18/2015,AUS,TX,ASW,CE,Combined TRACON& Tower with Radar,294,47,77,10,428,0,2,86,27,115,294,49,163,37,543,0,0,0,543
02/19/2015,AUS,TX,ASW,CE,Combined TRACON& Tower with Radar,298,41,89,8,436,0,2,69,15,86,298,43,158,23,522,0,0,0,522
02/20/2015,AUS,TX,ASW,CE,Combined TRACON& Tower with Radar,300,42,130,20,492,0,4,21,13,38,300,46,151,33,530,0,0,0,530
02/21/2015,AUS,TX,ASW,CE,Combined TRACON& Tower with Radar,215,12,58,12,297,0,5,47,4,56,215,17,105,16,353,0,0,0,353
02/22/2015,AUS,TX,ASW,CE,Combined TRACON& Tower with Radar,245,25,80,3,353,0,0,2,0,2,245,25,82,3,355,0,0,0,355
02/23/2015,AUS,TX,ASW,CE,Combined TRACON& Tower with Radar,277,24,51,0,352,0,0,0,0,0,277,24,51,0,352,0,0,0,352
02/24/2015,AUS,TX,ASW,CE,Combined TRACON& Tower with Radar,283,35,79,11,408,0,0,6,6,12,283,35,85,17,420,0,0,0,420
02/25/2015,AUS,TX,ASW,CE,Combined TRACON& Tower with Radar,292,52,108,11,463,0,2,76,14,92,292,54,184,25,555,0,0,0,555
02/26/2015,AUS,TX,ASW,CE,Combined TRACON& Tower with Radar,297,54,128,2,481,0,0,61,12,73,297,54,189,14,554,0,0,0,554
02/27/2015,AUS,TX,ASW,CE,Combined TRACON& Tower with Radar,299,36,99,5,439,0,0,32,7,39,299,36,131,12,478,0,0,0,478
02/28/2015,AUS,TX,ASW,CE,Combined TRACON& Tower with Radar,208,18,34,0,260,0,0,1,0,1,208,18,35,0,261,0,0,0,261
03/01/2015,AUS,TX,ASW,CE,Combined TRACON& Tower with Radar,234,38,59,1,332,0,0,0,0,0,234,38,59,1,332,0,0,0,332
03/02/2015,AUS,TX,ASW,CE,Combined TRACON& Tower with Radar,297,47,89,3,436,0,0,0,0,0,297,47,89,3,436,0,0,0,436
03/03/2015,AUS,TX,ASW,CE,Combined TRACON& Tower with Radar,287,56,96,1,440,0,0,0,0,0,287,56,96,1,440,0,0,0,440
03/04/2015,AUS,TX,ASW,CE,Combined TRACON& Tower with Radar,277,56,101,2,436,0,0,2,0,2,277,56,103,2,438,0,0,0,438
03/05/2015,AUS,TX,ASW,CE,Combined TRACON& Tower with Radar,285,56,83,3,427,0,2,49,6,57,285,58,132,9,484,0,0,0,484
03/06/2015,AUS,TX,ASW,CE,Combined TRACON& Tower with Radar,317,49,103,8,477,0,12,122,16,150,317,61,225,24,627,0,0,0,627
03/07/2015,AUS,TX,ASW,CE,Combined TRACON& Tower with Radar,242,23,46,14,325,0,3,84,17,104,242,26,130,31,429,0,0,0,429
03/08/2015,AUS,TX,ASW,CE,Combined TRACON& Tower with Radar,294,45,85,11,435,0,0,3,0,3,294,45,88,11,438,0,0,0,438
03/09/2015,AUS,TX,ASW,CE,Combined TRACON& Tower with Radar,314,36,70,5,425,0,0,0,0,0,314,36,70,5,425,0,0,0,425
03/10/2015,AUS,TX,ASW,CE,Combined TRACON& Tower with Radar,314,53,122,14,503,0,0,53,14,67,314,53,175,28,570,0,0,0,570
03/11/2015,AUS,TX,ASW,CE,Combined TRACON& Tower with Radar,313,48,107,27,495,0,5,57,10,72,313,53,164,37,567,46,0,46,613
03/12/2015,AUS,TX,ASW,CE,Combined TRACON& Tower with Radar,328,64,103,19,514,0,1,60,15,76,328,65,163,34,590,8,0,8,598
03/13/2015,AUS,TX,ASW,CE,Combined TRACON& Tower with Radar,332,70,112,5,519,0,0,73,11,84,332,70,185,16,603,32,0,32,635
03/14/2015,AUS,TX,ASW,CE,Combined TRACON& Tower with Radar,280,64,74,8,426,0,2,121,1,124,280,66,195,9,550,4,0,4,554
03/15/2015,AUS,TX,ASW,CE,Combined TRACON& Tower with Radar,316,58,97,7,478,0,1,77,6,84,316,59,174,13,562,8,0,8,570
03/16/2015,AUS,TX,ASW,CE,Combined TRACON& Tower with Radar,321,49,97,9,476,0,1,74,6,81,321,50,171,15,557,0,0,0,557
03/17/2015,AUS,TX,ASW,CE,Combined TRACON& Tower with Radar,322,40,66,3,431,0,0,14,5,19,322,40,80,8,450,0,0,0,450
03/18/2015,AUS,TX,ASW,CE,Combined TRACON& Tower with Radar,330,55,69,3,457,0,1,51,28,80,330,56,120,31,537,0,0,0,537
03/19/2015,AUS,TX,ASW,CE,Combined TRACON& Tower with Radar,322,65,83,3,473,0,3,24,9,36,322,68,107,12,509,0,0,0,509
03/20/2015,AUS,TX,ASW,CE,Combined TRACON& Tower with Radar,321,44,74,1,440,0,0,1,1,2,321,44,75,2,442,0,0,0,442
03/21/2015,AUS,TX,ASW,CE,Combined TRACON& Tower with Radar,258,57,56,1,372,0,0,1,0,1,258,57,57,1,373,0,0,0,373
03/22/2015,AUS,TX,ASW,CE,Combined TRACON& Tower with Radar,306,42,112,10,470,0,3,52,2,57,306,45,164,12,527,0,0,0,527
03/23/2015,AUS,TX,ASW,CE,Combined TRACON& Tower with Radar,313,42,81,9,445,0,2,65,6,73,313,44,146,15,518,0,0,0,518
03/24/2015,AUS,TX,ASW,CE,Combined TRACON& Tower with Radar,315,57,76,13,461,0,5,65,13,83,315,62,141,26,544,44,0,44,588
03/25/2015,AUS,TX,ASW,CE,Combined TRACON& Tower with Radar,313,59,117,10,499,0,2,91,10,103,313,61,208,20,602,0,0,0,602
03/26/2015,AUS,TX,ASW,CE,Combined TRACON& Tower with Radar,321,62,128,24,535,0,0,69,23,92,321,62,197,47,627,24,8,32,659
03/27/2015,AUS,TX,ASW,CE,Combined TRACON& Tower with Radar,321,54,120,14,509,0,7,123,26,156,321,61,243,40,665,16,0,16,681
03/28/2015,AUS,TX,ASW,CE,Combined TRACON& Tower with Radar,251,32,57,6,346,0,9,108,0,117,251,41,165,6,463,16,0,16,479
03/29/2015,AUS,TX,ASW,CE,Combined TRACON& Tower with Radar,302,56,98,9,465,0,6,102,2,110,302,62,200,11,575,0,0,0,575
03/30/2015,AUS,TX,ASW,CE,Combined TRACON& Tower with Radar,317,41,141,6,505,0,0,65,4,69,317,41,206,10,574,0,0,0,574
03/31/2015,AUS,TX,ASW,CE,Combined TRACON& Tower with Radar,310,41,96,3,450,0,2,53,12,67,310,43,149,15,517,6,0,6,523
04/01/2015,AUS,TX,ASW,CE,Combined TRACON& Tower with Radar,325,55,84,1,465,0,0,66,11,77,325,55,150,12,542,12,0,12,554
04/02/2015,AUS,TX,ASW,CE,Combined TRACON& Tower with Radar,320,51,120,14,505,0,0,51,11,62,320,51,171,25,567,0,0,0,567
04/03/2015,AUS,TX,ASW,CE,Combined TRACON& Tower with Radar,315,34,61,2,412,0,3,35,1,39,315,37,96,3,451,0,0,0,451
04/04/2015,AUS,TX,ASW,CE,Combined TRACON& Tower with Radar,240,17,44,2,303,0,3,34,0,37,240,20,78,2,340,8,0,8,348
04/05/2015,AUS,TX,ASW,CE,Combined TRACON& Tower with Radar,286,42,88,0,416,0,0,2,0,2,286,42,90,0,418,0,0,0,418
04/06/2015,AUS,TX,ASW,CE,Combined TRACON& Tower with Radar,313,56,106,2,477,0,0,69,8,77,313,56,175,10,554,22,0,22,576
04/07/2015,AUS,TX,ASW,CE,Combined TRACON& Tower with Radar,306,62,127,6,501,0,5,73,20,98,306,67,200,26,599,0,0,0,599
04/08/2015,AUS,TX,ASW,CE,Combined TRACON& Tower with Radar,306,43,126,2,477,0,2,29,17,48,306,45,155,19,525,46,0,46,571
04/09/2015,AUS,TX,ASW,CE,Combined TRACON& Tower with Radar,318,46,132,13,509,0,0,39,18,57,318,46,171,31,566,28,2,30,596
04/10/2015,AUS,TX,ASW,CE,Combined TRACON& Tower with Radar,318,39,89,5,451,0,0,44,5,49,318,39,133,10,500,12,0,12,512
04/11/2015,AUS,TX,ASW,CE,Combined TRACON& Tower with Radar,234,25,53,2,314,0,0,0,2,2,234,25,53,4,316,0,0,0,316
04/12/2015,AUS,TX,ASW,CE,Combined TRACON& Tower with Radar,307,48,94,4,453,0,0,12,0,12,307,48,106,4,465,0,0,0,465
04/13/2015,AUS,TX,ASW,CE,Combined TRACON& Tower with Radar,335,54,85,1,475,0,6,59,10,75,335,60,144,11,550,4,0,4,554
04/14/2015,AUS,TX,ASW,CE,Combined TRACON& Tower with Radar,315,46,85,6,452,0,1,49,27,77,315,47,134,33,529,46,4,50,579
04/15/2015,AUS,TX,ASW,CE,Combined TRACON& Tower with Radar,317,54,111,10,492,0,5,123,28,156,317,59,234,38,648,32,16,48,696
04/16/2015,AUS,TX,ASW,CE,Combined TRACON& Tower with Radar,340,41,102,3,486,0,0,22,9,31,340,41,124,12,517,10,0,10,527
04/17/2015,AUS,TX,ASW,CE,Combined TRACON& Tower with Radar,360,41,100,15,516,0,4,14,11,29,360,45,114,26,545,0,0,0,545
04/18/2015,AUS,TX,ASW,CE,Combined TRACON& Tower with Radar,254,20,49,2,325,0,0,15,9,24,254,20,64,11,349,0,0,0,349
04/19/2015,AUS,TX,ASW,CE,Combined TRACON& Tower with Radar,341,35,93,4,473,0,5,73,16,94,341,40,166,20,567,36,0,36,603
04/20/2015,AUS,TX,ASW,CE,Combined TRACON& Tower with Radar,318,44,82,9,453,0,1,93,7,101,318,45,175,16,554,32,8,40,594
04/21/2015,AUS,TX,ASW,CE,Combined TRACON& Tower with Radar,316,51,88,15,470,0,2,99,21,122,316,53,187,36,592,40,22,62,654
04/22/2015,AUS,TX,ASW,CE,Combined TRACON& Tower with Radar,323,40,102,12,477,0,1,35,11,47,323,41,137,23,524,68,12,80,604
04/23/2015,AUS,TX,ASW,CE,Combined TRACON& Tower with Radar,322,42,116,7,487,0,0,17,11,28,322,42,133,18,515,0,0,0,515
04/24/2015,AUS,TX,ASW,CE,Combined TRACON& Tower with Radar,338,46,72,7,463,0,4,22,14,40,338,50,94,21,503,67,0,67,570
04/25/2015,AUS,TX,ASW,CE,Combined TRACON& Tower with Radar,244,26,49,10,329,0,4,104,13,121,244,30,153,23,450,0,0,0,450
04/26/2015,AUS,TX,ASW,CE,Combined TRACON& Tower with Radar,304,47,75,3,429,0,1,44,7,52,304,48,119,10,481,0,8,8,489
04/27/2015,AUS,TX,ASW,CE,Combined TRACON& Tower with Radar,334,50,93,5,482,0,6,46,14,66,334,56,139,19,548,20,8,28,576
04/28/2015,AUS,TX,ASW,CE,Combined TRACON& Tower with Radar,344,41,92,22,499,0,1,14,10,25,344,42,106,32,524,0,0,0,524
04/29/2015,AUS,TX,ASW,CE,Combined TRACON& Tower with Radar,334,72,74,16,496,0,1,125,19,145,334,73,199,35,641,40,4,44,685
04/30/2015,AUS,TX,ASW,CE,Combined TRACON& Tower with Radar,322,55,117,17,511,0,0,119,30,149,322,55,236,47,660,4,0,4,664
05/01/2015,AUS,TX,ASW,CE,Combined TRACON& Tower with Radar,333,48,125,18,524,0,0,111,22,133,333,48,236,40,657,8,0,8,665
05/02/2015,AUS,TX,ASW,CE,Combined TRACON& Tower with Radar,241,30,43,13,327,0,0,89,12,101,241,30,132,25,428,14,0,14,442
05/03/2015,AUS,TX,ASW,CE,Combined TRACON& Tower with Radar,310,38,76,6,430,0,0,69,1,70,310,38,145,7,500,0,0,0,500
05/04/2015,AUS,TX,ASW,CE,Combined TRACON& Tower with Radar,323,46,107,20,496,0,0,67,17,84,323,46,174,37,580,38,10,48,628
05/05/2015,AUS,TX,ASW,CE,Combined TRACON& Tower with Radar,311,29,78,0,418,0,0,38,7,45,311,29,116,7,463,0,0,0,463
05/06/2015,AUS,TX,ASW,CE,Combined TRACON& Tower with Radar,336,44,98,7,485,0,1,68,21,90,336,45,166,28,575,4,28,32,607
05/07/2015,AUS,TX,ASW,CE,Combined TRACON& Tower with Radar,343,44,100,13,500,0,2,19,15,36,343,46,119,28,536,0,0,0,536
05/08/2015,AUS,TX,ASW,CE,Combined TRACON& Tower with Radar,346,44,87,8,485,0,2,12,7,21,346,46,99,15,506,0,6,6,512
05/09/2015,AUS,TX,ASW,CE,Combined TRACON& Tower with Radar,255,18,51,9,333,0,1,37,3,41,255,19,88,12,374,8,0,8,382
05/10/2015,AUS,TX,ASW,CE,Combined TRACON& Tower with Radar,295,47,55,9,406,0,5,19,1,25,295,52,74,10,431,0,0,0,431
05/11/2015,AUS,TX,ASW,CE,Combined TRACON& Tower with Radar,352,49,67,1,469,0,0,24,5,29,352,49,91,6,498,0,8,8,506
05/12/2015,AUS,TX,ASW,CE,Combined TRACON& Tower with Radar,329,35,82,5,451,0,0,0,8,8,329,35,82,13,459,0,0,0,459
05/13/2015,AUS,TX,ASW,CE,Combined TRACON& Tower with Radar,330,41,55,2,428,0,0,1,4,5,330,41,56,6,433,0,0,0,433
05/14/2015,AUS,TX,ASW,CE,Combined TRACON& Tower with Radar,344,57,110,4,515,0,0,28,18,46,344,57,138,22,561,6,8,14,575
05/15/2015,AUS,TX,ASW,CE,Combined TRACON& Tower with Radar,340,46,83,4,473,0,0,20,18,38,340,46,103,22,511,10,0,10,521
05/16/2015,AUS,TX,ASW,CE,Combined TRACON& Tower with Radar,256,28,42,7,333,0,3,25,17,45,256,31,67,24,378,22,72,94,472
05/17/2015,AUS,TX,ASW,CE,Combined TRACON& Tower with Radar,324,40,73,2,439,0,3,34,1,38,324,43,107,3,477,8,20,28,505
05/18/2015,AUS,TX,ASW,CE,Combined TRACON& Tower with Radar,347,36,133,4,520,0,4,44,10,58,347,40,177,14,578,22,0,22,600
05/19/2015,AUS,TX,ASW,CE,Combined TRACON& Tower with Radar,331,48,103,4,486,0,2,35,13,50,331,50,138,17,536,28,0,28,564
05/20/2015,AUS,TX,ASW,CE,Combined TRACON& Tower with Radar,350,56,113,12,531,0,1,53,9,63,350,57,166,21,594,6,36,42,636
05/21/2015,AUS,TX,ASW,CE,Combined TRACON& Tower with Radar,370,46,143,17,576,0,0,17,6,23,370,46,160,23,599,0,0,0,599
05/22/2015,AUS,TX,ASW,CE,Combined TRACON& Tower with Radar,349,44,129,4,526,0,0,5,10,15,349,44,134,14,541,14,0,14,555
05/23/2015,AUS,TX,ASW,CE,Combined TRACON& Tower with Radar,239,18,44,4,305,0,0,4,0,4,239,18,48,4,309,20,0,20,329
05/24/2015,AUS,TX,ASW,CE,Combined TRACON& Tower with Radar,264,22,55,1,342,0,0,34,15,49,264,22,89,16,391,28,0,28,419
05/25/2015,AUS,TX,ASW,CE,Combined TRACON& Tower with Radar,282,34,56,0,372,0,0,8,15,23,282,34,64,15,395,0,0,0,395
05/26/2015,AUS,TX,ASW,CE,Combined TRACON& Tower with Radar,371,49,99,5,524,0,0,41,18,59,371,49,140,23,583,20,26,46,629
05/27/2015,AUS,TX,ASW,CE,Combined TRACON& Tower with Radar,358,42,94,6,500,0,0,44,23,67,358,42,138,29,567,18,0,18,585
05/28/2015,AUS,TX,ASW,CE,Combined TRACON& Tower with Radar,332,43,73,6,454,0,0,49,10,59,332,43,122,16,513,20,0,20,533
05/29/2015,AUS,TX,ASW,CE,Combined TRACON& Tower with Radar,353,42,70,27,492,0,0,88,26,114,353,42,158,53,606,18,0,18,624
05/30/2015,AUS,TX,ASW,CE,Combined TRACON& Tower with Radar,267,26,47,4,344,0,0,26,13,39,267,26,73,17,383,4,0,4,387
05/31/2015,AUS,TX,ASW,CE,Combined TRACON& Tower with Radar,312,33,89,0,434,0,0,66,10,76,312,33,155,10,510,8,0,8,518
06/01/2015,AUS,TX,ASW,CE,Combined TRACON& Tower with Radar,332,35,73,9,449,0,4,85,9,98,332,39,158,18,547,4,2,6,553
06/02/2015,AUS,TX,ASW,CE,Combined TRACON& Tower with Radar,339,43,86,6,474,0,4,116,22,142,339,47,202,28,616,14,0,14,630
06/03/2015,AUS,TX,ASW,CE,Combined TRACON& Tower with Radar,333,64,80,14,491,0,6,91,13,110,333,70,171,27,601,22,0,22,623
06/04/2015,AUS,TX,ASW,CE,Combined TRACON& Tower with Radar,338,52,82,21,493,0,0,71,33,104,338,52,153,54,597,8,0,8,605
06/05/2015,AUS,TX,ASW,CE,Combined TRACON& Tower with Radar,340,50,92,31,513,0,0,84,21,105,340,50,176,52,618,2,44,46,664
06/06/2015,AUS,TX,ASW,CE,Combined TRACON& Tower with Radar,267,13,52,9,341,0,0,92,23,115,267,13,144,32,456,18,0,18,474
06/07/2015,AUS,TX,ASW,CE,Combined TRACON& Tower with Radar,327,21,79,12,439,0,3,82,8,93,327,24,161,20,532,10,0,10,542
06/08/2015,AUS,TX,ASW,CE,Combined TRACON& Tower with Radar,333,49,74,9,465,0,2,61,28,91,333,51,135,37,556,48,0,48,604
06/09/2015,AUS,TX,ASW,CE,Combined TRACON& Tower with Radar,352,45,71,8,476,0,1,74,24,99,352,46,145,32,575,20,8,28,603
06/10/2015,AUS,TX,ASW,CE,Combined TRACON& Tower with Radar,343,42,78,5,468,0,2,105,24,131,343,44,183,29,599,66,0,66,665
06/11/2015,AUS,TX,ASW,CE,Combined TRACON& Tower with Radar,349,43,80,11,483,0,0,68,24,92,349,43,148,35,575,0,0,0,575
06/12/2015,AUS,TX,ASW,CE,Combined TRACON& Tower with Radar,350,42,83,17,492,0,3,64,16,83,350,45,147,33,575,22,22,44,619
06/13/2015,AUS,TX,ASW,CE,Combined TRACON& Tower with Radar,293,15,41,24,373,0,4,62,17,83,293,19,103,41,456,0,0,0,456
06/14/2015,AUS,TX,ASW,CE,Combined TRACON& Tower with Radar,325,27,86,20,458,0,0,8,5,13,325,27,94,25,471,0,0,0,471
06/15/2015,AUS,TX,ASW,CE,Combined TRACON& Tower with Radar,335,44,70,9,458,0,0,26,18,44,335,44,96,27,502,16,0,16,518
06/16/2015,AUS,TX,ASW,CE,Combined TRACON& Tower with Radar,349,38,52,2,441,0,0,2,11,13,349,38,54,13,454,0,24,24,478
06/17/2015,AUS,TX,ASW,CE,Combined TRACON& Tower with Radar,349,44,36,1,430,0,1,32,14,47,349,45,68,15,477,0,0,0,477
06/18/2015,AUS,TX,ASW,CE,Combined TRACON& Tower with Radar,347,32,79,1,459,0,0,45,20,65,347,32,124,21,524,8,0,8,532
06/19/2015,AUS,TX,ASW,CE,Combined TRACON& Tower with Radar,353,45,78,10,486,0,0,42,7,49,353,45,120,17,535,18,0,18,553
06/20/2015,AUS,TX,ASW,CE,Combined TRACON& Tower with Radar,289,28,57,7,381,0,0,20,12,32,289,28,77,19,413,44,0,44,457
06/21/2015,AUS,TX,ASW,CE,Combined TRACON& Tower with Radar,337,29,83,7,456,0,5,19,1,25,337,34,102,8,481,0,0,0,481
06/22/2015,AUS,TX,ASW,CE,Combined TRACON& Tower with Radar,337,37,74,9,457,0,3,54,11,68,337,40,128,20,525,12,0,12,537
06/23/2015,AUS,TX,ASW,CE,Combined TRACON& Tower with Radar,344,34,88,14,480,0,3,82,24,109,344,37,170,38,589,40,0,40,629
06/24/2015,AUS,TX,ASW,CE,Combined TRACON& Tower with Radar,336,37,82,8,463,0,4,80,13,97,336,41,162,21,560,0,0,0,560
06/25/2015,AUS,TX,ASW,CE,Combined TRACON& Tower with Radar,347,46,80,14,487,0,4,92,8,104,347,50,172,22,591,24,0,24,615
06/26/2015,AUS,TX,ASW,CE,Combined TRACON& Tower with Radar,377,49,69,13,508,0,3,103,22,128,377,52,172,35,636,4,6,10,646
06/27/2015,AUS,TX,ASW,CE,Combined TRACON& Tower with Radar,296,16,47,11,370,0,0,53,8,61,296,16,100,19,431,18,0,18,449
06/28/2015,AUS,TX,ASW,CE,Combined TRACON& Tower with Radar,321,31,70,8,430,0,0,62,7,69,321,31,132,15,499,30,0,30,529
06/29/2015,AUS,TX,ASW,CE,Combined TRACON& Tower with Radar,342,27,78,8,455,0,4,66,16,86,342,31,144,24,541,0,0,0,541
06/30/2015,AUS,TX,ASW,CE,Combined TRACON& Tower with Radar,355,39,77,2,473,0,0,33,26,59,355,39,110,28,532,0,0,0,532
07/01/2015,AUS,TX,ASW,CE,Combined TRACON& Tower with Radar,377,55,88,3,523,0,3,41,25,69,377,58,129,28,592,32,0,32,624
07/02/2015,AUS,TX,ASW,CE,Combined TRACON& Tower with Radar,351,49,93,3,496,0,4,58,23,85,351,53,151,26,581,4,0,4,585
07/03/2015,AUS,TX,ASW,CE,Combined TRACON& Tower with Radar,307,35,42,1,385,0,1,61,5,67,307,36,103,6,452,30,0,30,482
07/04/2015,AUS,TX,ASW,CE,Combined TRACON& Tower with Radar,246,13,28,0,287,0,0,45,6,51,246,13,73,6,338,18,0,18,356
07/05/2015,AUS,TX,ASW,CE,Combined TRACON& Tower with Radar,326,30,84,0,440,0,0,65,4,69,326,30,149,4,509,10,0,10,519
07/06/2015,AUS,TX,ASW,CE,Combined TRACON& Tower with Radar,343,33,61,10,447,0,1,58,8,67,343,34,119,18,514,18,0,18,532
07/07/2015,AUS,TX,ASW,CE,Combined TRACON& Tower with Radar,345,38,82,2,467,0,3,60,23,86,345,41,142,25,553,16,0,16,569
07/08/2015,AUS,TX,ASW,CE,Combined TRACON& Tower with Radar,363,46,84,5,498,0,3,70,24,97,363,49,154,29,595,0,0,0,595
07/09/2015,AUS,TX,ASW,CE,Combined TRACON& Tower with Radar,357,44,79,8,488,0,2,74,21,97,357,46,153,29,585,10,0,10,595
07/10/2015,AUS,TX,ASW,CE,Combined TRACON& Tower with Radar,349,37,74,10,470,0,2,64,11,77,349,39,138,21,547,0,6,6,553
07/11/2015,AUS,TX,ASW,CE,Combined TRACON& Tower with Radar,302,24,47,7,380,0,0,72,13,85,302,24,119,20,465,0,0,0,465
07/12/2015,AUS,TX,ASW,CE,Combined TRACON& Tower with Radar,332,29,43,5,409,0,1,100,10,111,332,30,143,15,520,34,0,34,554
07/13/2015,AUS,TX,ASW,CE,Combined TRACON& Tower with Radar,341,34,71,8,454,0,0,72,7,79,341,34,143,15,533,0,0,0,533
07/14/2015,AUS,TX,ASW,CE,Combined TRACON& Tower with Radar,348,50,83,4,485,0,0,79,14,93,348,50,162,18,578,8,0,8,586
07/15/2015,AUS,TX,ASW,CE,Combined TRACON& Tower with Radar,348,43,84,4,479,0,0,102,6,108,348,43,186,10,587,40,0,40,627
07/16/2015,AUS,TX,ASW,CE,Combined TRACON& Tower with Radar,362,36,80,9,487,0,2,69,32,103,362,38,149,41,590,0,0,0,590
07/17/2015,AUS,TX,ASW,CE,Combined TRACON& Tower with Radar,356,36,69,15,476,0,0,68,16,84,356,36,137,31,560,0,0,0,560
07/18/2015,AUS,TX,ASW,CE,Combined TRACON& Tower with Radar,297,21,43,26,387,0,0,83,18,101,297,21,126,44,488,24,10,34,522
07/19/2015,AUS,TX,ASW,CE,Combined TRACON& Tower with Radar,338,28,49,19,434,0,3,71,2,76,338,31,120,21,510,4,0,4,514
07/20/2015,AUS,TX,ASW,CE,Combined TRACON& Tower with Radar,348,37,55,8,448,0,3,59,8,70,348,40,114,16,518,14,0,14,532
07/21/2015,AUS,TX,ASW,CE,Combined TRACON& Tower with Radar,349,30,54,2,435,0,0,59,25,84,349,30,113,27,519,10,0,10,529
07/22/2015,AUS,TX,ASW,CE,Combined TRACON& Tower with Radar,358,30,84,7,479,0,1,86,23,110,358,31,170,30,589,26,4,30,619
07/23/2015,AUS,TX,ASW,CE,Combined TRACON& Tower with Radar,352,49,99,7,507,0,0,47,30,77,352,49,146,37,584,0,0,0,584
07/24/2015,AUS,TX,ASW,CE,Combined TRACON& Tower with Radar,363,47,71,16,497,0,2,68,24,94,363,49,139,40,591,48,0,48,639
07/25/2015,AUS,TX,ASW,CE,Combined TRACON& Tower with Radar,298,17,34,8,357,0,6,72,18,96,298,23,106,26,453,12,0,12,465
07/26/2015,AUS,TX,ASW,CE,Combined TRACON& Tower with Radar,336,34,52,6,428,0,0,76,13,89,336,34,128,19,517,0,0,0,517
07/27/2015,AUS,TX,ASW,CE,Combined TRACON& Tower with Radar,349,24,77,10,460,0,0,63,17,80,349,24,140,27,540,10,0,10,550
07/28/2015,AUS,TX,ASW,CE,Combined TRACON& Tower with Radar,353,36,51,14,454,0,4,76,20,100,353,40,127,34,554,10,0,10,564
07/29/2015,AUS,TX,ASW,CE,Combined TRACON& Tower with Radar,346,41,66,18,471,0,6,59,22,87,346,47,125,40,558,26,0,26,584
07/30/2015,AUS,TX,ASW,CE,Combined TRACON& Tower with Radar,354,37,81,6,478,0,2,70,27,99,354,39,151,33,577,0,0,0,577
07/31/2015,AUS,TX,ASW,CE,Combined TRACON& Tower with Radar,357,52,80,5,494,0,4,66,25,95,357,56,146,30,589,0,0,0,589
08/01/2015,AUS,TX,ASW,CE,Combined TRACON& Tower with Radar,298,23,37,4,362,0,0,88,0,88,298,23,125,4,450,4,0,4,454
08/02/2015,AUS,TX,ASW,CE,Combined TRACON& Tower with Radar,330,28,65,5,428,0,4,72,9,85,330,32,137,14,513,18,0,18,531
08/03/2015,AUS,TX,ASW,CE,Combined TRACON& Tower with Radar,352,27,45,20,444,0,2,90,22,114,352,29,135,42,558,14,0,14,572
08/04/2015,AUS,TX,ASW,CE,Combined TRACON& Tower with Radar,350,40,64,4,458,0,0,77,16,93,350,40,141,20,551,0,0,0,551
08/05/2015,AUS,TX,ASW,CE,Combined TRACON& Tower with Radar,349,52,66,6,473,0,2,78,16,96,349,54,144,22,569,0,0,0,569
08/06/2015,AUS,TX,ASW,CE,Combined TRACON& Tower with Radar,353,43,71,2,469,0,0,58,19,77,353,43,129,21,546,14,0,14,560
08/07/2015,AUS,TX,ASW,CE,Combined TRACON& Tower with Radar,356,35,59,18,468,0,0,81,14,95,356,35,140,32,563,4,0,4,567
08/08/2015,AUS,TX,ASW,CE,Combined TRACON& Tower with Radar,300,24,46,23,393,0,1,75,7,83,300,25,121,30,476,20,4,24,500
08/09/2015,AUS,TX,ASW,CE,Combined TRACON& Tower with Radar,315,49,47,7,418,0,0,91,16,107,315,49,138,23,525,36,0,36,561
08/10/2015,AUS,TX,ASW,CE,Combined TRACON& Tower with Radar,333,24,53,12,422,0,4,55,6,65,333,28,108,18,487,4,0,4,491
08/11/2015,AUS,TX,ASW,CE,Combined TRACON& Tower with Radar,364,43,73,10,490,0,1,48,19,68,364,44,121,29,558,0,8,8,566
08/12/2015,AUS,TX,ASW,CE,Combined TRACON& Tower with Radar,347,44,51,8,450,0,8,63,17,88,347,52,114,25,538,2,0,2,540
08/13/2015,AUS,TX,ASW,CE,Combined TRACON& Tower with Radar,343,34,69,20,466,0,0,87,29,116,343,34,156,49,582,10,10,20,602
08/14/2015,AUS,TX,ASW,CE,Combined TRACON& Tower with Radar,340,38,60,22,460,0,0,81,13,94,340,38,141,35,554,24,14,38,592
08/15/2015,AUS,TX,ASW,CE,Combined TRACON& Tower with Radar,269,25,27,13,334,0,1,75,13,89,269,26,102,26,423,46,8,54,477
08/16/2015,AUS,TX,ASW,CE,Combined TRACON& Tower with Radar,350,36,71,16,473,0,0,87,6,93,350,36,158,22,566,84,0,84,650
08/17/2015,AUS,TX,ASW,CE,Combined TRACON& Tower with Radar,338,30,73,24,465,0,1,68,18,87,338,31,141,42,552,6,20,26,578
08/18/2015,AUS,TX,ASW,CE,Combined TRACON& Tower with Radar,318,35,79,24,456,0,0,64,9,73,318,35,143,33,529,12,2,14,543
08/19/2015,AUS,TX,ASW,CE,Combined TRACON& Tower with Radar,332,34,94,24,484,0,3,53,16,72,332,37,147,40,556,4,16,20,576
08/20/2015,AUS,TX,ASW,CE,Combined TRACON& Tower with Radar,372,48,89,9,518,0,0,7,8,15,372,48,96,17,533,0,24,24,557
08/21/2015,AUS,TX,ASW,CE,Combined TRACON& Tower with Radar,348,42,94,4,488,0,0,20,10,30,348,42,114,14,518,0,0,0,518
08/22/2015,AUS,TX,ASW,CE,Combined TRACON& Tower with Radar,246,21,44,2,313,0,0,52,7,59,246,21,96,9,372,32,0,32,404
08/23/2015,AUS,TX,ASW,CE,Combined TRACON& Tower with Radar,297,40,60,5,402,0,0,67,4,71,297,40,127,9,473,28,0,28,501
08/24/2015,AUS,TX,ASW,CE,Combined TRACON& Tower with Radar,337,25,76,18,456,0,2,69,22,93,337,27,145,40,549,2,26,28,577
08/25/2015,AUS,TX,ASW,CE,Combined TRACON& Tower with Radar,334,52,93,5,484,0,2,56,11,69,334,54,149,16,553,12,0,12,565
08/26/2015,AUS,TX,ASW,CE,Combined TRACON& Tower with Radar,324,42,79,16,461,0,0,68,11,79,324,42,147,27,540,22,0,22,562
08/27/2015,AUS,TX,ASW,CE,Combined TRACON& Tower with Radar,341,50,64,34,489,0,0,66,28,94,341,50,130,62,583,6,0,6,589
08/28/2015,AUS,TX,ASW,CE,Combined TRACON& Tower with Radar,338,40,73,21,472,0,0,94,14,108,338,40,167,35,580,4,0,4,584
08/29/2015,AUS,TX,ASW,CE,Combined TRACON& Tower with Radar,232,19,34,1,286,0,0,93,20,113,232,19,127,21,399,0,0,0,399
08/30/2015,AUS,TX,ASW,CE,Combined TRACON& Tower with Radar,298,19,46,9,372,0,0,57,17,74,298,19,103,26,446,18,0,18,464
08/31/2015,AUS,TX,ASW,CE,Combined TRACON& Tower with Radar,334,37,59,8,438,0,0,44,11,55,334,37,103,19,493,18,0,18,511
09/01/2015,AUS,TX,ASW,CE,Combined TRACON& Tower with Radar,320,35,85,11,451,0,0,38,14,52,320,35,123,25,503,10,0,10,513
09/02/2015,AUS,TX,ASW,CE,Combined TRACON& Tower with Radar,316,49,99,10,474,0,0,57,20,77,316,49,156,30,551,24,0,24,575
09/03/2015,AUS,TX,ASW,CE,Combined TRACON& Tower with Radar,341,65,130,4,540,0,2,67,24,93,341,67,197,28,633,16,0,16,649
09/04/2015,AUS,TX,ASW,CE,Combined TRACON& Tower with Radar,340,40,99,5,484,0,4,60,18,82,340,44,159,23,566,2,0,2,568
09/05/2015,AUS,TX,ASW,CE,Combined TRACON& Tower with Radar,234,20,39,0,293,0,6,45,6,57,234,26,84,6,350,46,0,46,396
09/06/2015,AUS,TX,ASW,CE,Combined TRACON& Tower with Radar,242,18,42,0,302,0,0,50,4,54,242,18,92,4,356,38,4,42,398
09/07/2015,AUS,TX,ASW,CE,Combined TRACON& Tower with Radar,294,40,64,3,401,0,0,64,10,74,294,40,128,13,475,30,0,30,505
09/08/2015,AUS,TX,ASW,CE,Combined TRACON& Tower with Radar,314,40,90,7,451,0,0,72,31,103,314,40,162,38,554,0,0,0,554
09/09/2015,AUS,TX,ASW,CE,Combined TRACON& Tower with Radar,310,41,91,7,449,0,0,24,16,40,310,41,115,23,489,6,0,6,495
09/10/2015,AUS,TX,ASW,CE,Combined TRACON& Tower with Radar,322,47,88,15,472,0,0,41,21,62,322,47,129,36,534,16,0,16,550
09/11/2015,AUS,TX,ASW,CE,Combined TRACON& Tower with Radar,327,54,103,6,490,0,0,33,15,48,327,54,136,21,538,12,22,34,572
09/12/2015,AUS,TX,ASW,CE,Combined TRACON& Tower with Radar,220,37,67,6,330,0,2,108,17,127,220,39,175,23,457,44,0,44,501
09/13/2015,AUS,TX,ASW,CE,Combined TRACON& Tower with Radar,310,43,76,5,434,0,4,67,8,79,310,47,143,13,513,22,0,22,535
09/14/2015,AUS,TX,ASW,CE,Combined TRACON& Tower with Radar,316,34,76,8,434,0,4,56,13,73,316,38,132,21,507,0,0,0,507
09/15/2015,AUS,TX,ASW,CE,Combined TRACON& Tower with Radar,306,40,96,12,454,0,1,32,13,46,306,41,128,25,500,8,12,20,520
09/16/2015,AUS,TX,ASW,CE,Combined TRACON& Tower with Radar,320,43,106,18,487,0,0,58,29,87,320,43,164,47,574,18,6,24,598
09/17/2015,AUS,TX,ASW,CE,Combined TRACON& Tower with Radar,344,52,123,13,532,0,3,45,35,83,344,55,168,48,615,0,0,0,615
09/18/2015,AUS,TX,ASW,CE,Combined TRACON& Tower with Radar,330,55,119,6,510,0,1,82,16,99,330,56,201,22,609,0,0,0,609
09/19/2015,AUS,TX,ASW,CE,Combined TRACON& Tower with Radar,228,33,73,19,353,0,1,52,17,70,228,34,125,36,423,0,0,0,423
09/20/2015,AUS,TX,ASW,CE,Combined TRACON& Tower with Radar,307,41,103,9,460,0,2,55,4,61,307,43,158,13,521,8,0,8,529
09/21/2015,AUS,TX,ASW,CE,Combined TRACON& Tower with Radar,327,33,58,3,421,0,4,65,9,78,327,37,123,12,499,24,0,24,523
09/22/2015,AUS,TX,ASW,CE,Combined TRACON& Tower with Radar,312,35,86,3,436,0,4,91,27,122,312,39,177,30,558,0,0,0,558
09/23/2015,AUS,TX,ASW,CE,Combined TRACON& Tower with Radar,321,57,83,11,472,0,4,71,24,99,321,61,154,35,571,8,0,8,579
09/24/2015,AUS,TX,ASW,CE,Combined TRACON& Tower with Radar,333,59,107,9,508,0,1,79,42,122,333,60,186,51,630,0,0,0,630
09/25/2015,AUS,TX,ASW,CE,Combined TRACON& Tower with Radar,340,61,116,11,528,0,6,80,22,108,340,67,196,33,636,12,0,12,648
09/26/2015,AUS,TX,ASW,CE,Combined TRACON& Tower with Radar,237,36,71,4,348,0,3,93,13,109,237,39,164,17,457,0,0,0,457
09/27/2015,AUS,TX,ASW,CE,Combined TRACON& Tower with Radar,311,55,94,2,462,0,5,74,7,86,311,60,168,9,548,46,0,46,594
09/28/2015,AUS,TX,ASW,CE,Combined TRACON& Tower with Radar,329,41,68,21,459,0,1,43,18,62,329,42,111,39,521,0,42,42,563
09/29/2015,AUS,TX,ASW,CE,Combined TRACON& Tower with Radar,318,44,94,7,463,0,0,81,25,106,318,44,175,32,569,0,0,0,569
09/30/2015,AUS,TX,ASW,CE,Combined TRACON& Tower with Radar,327,63,84,4,478,0,3,80,24,107,327,66,164,28,585,6,0,6,591
10/01/2015,AUS,TX,ASW,CE,Combined TRACON& Tower with Radar,339,65,116,9,529,0,2,94,29,125,339,67,210,38,654,40,0,40,694
10/02/2015,AUS,TX,ASW,CE,Combined TRACON& Tower with Radar,335,42,112,18,507,0,0,93,15,108,335,42,205,33,615,10,0,10,625
10/03/2015,AUS,TX,ASW,CE,Combined TRACON& Tower with Radar,232,24,32,6,294,0,4,98,10,112,232,28,130,16,406,62,0,62,468
10/04/2015,AUS,TX,ASW,CE,Combined TRACON& Tower with Radar,309,42,84,3,438,0,2,89,6,97,309,44,173,9,535,0,0,0,535
10/05/2015,AUS,TX,ASW,CE,Combined TRACON& Tower with Radar,332,39,85,11,467,0,2,78,4,84,332,41,163,15,551,0,0,0,551
10/06/2015,AUS,TX,ASW,CE,Combined TRACON& Tower with Radar,319,34,96,16,465,0,2,99,28,129,319,36,195,44,594,12,0,12,606
10/07/2015,AUS,TX,ASW,CE,Combined TRACON& Tower with Radar,324,35,93,9,461,0,2,81,31,114,324,37,174,40,575,80,10,90,665
10/08/2015,AUS,TX,ASW,CE,Combined TRACON& Tower with Radar,337,40,122,9,508,0,0,79,36,115,337,40,201,45,623,14,0,14,637
10/09/2015,AUS,TX,ASW,CE,Combined TRACON& Tower with Radar,342,36,94,18,490,0,0,68,21,89,342,36,162,39,579,42,0,42,621
10/10/2015,AUS,TX,ASW,CE,Combined TRACON& Tower with Radar,237,24,40,1,302,0,5,76,12,93,237,29,116,13,395,20,0,20,415
10/11/2015,AUS,TX,ASW,CE,Combined TRACON& Tower with Radar,315,26,80,3,424,0,2,97,3,102,315,28,177,6,526,10,0,10,536
10/12/2015,AUS,TX,ASW,CE,Combined TRACON& Tower with Radar,331,36,90,5,462,0,2,76,7,85,331,38,166,12,547,6,0,6,553
10/13/2015,AUS,TX,ASW,CE,Combined TRACON& Tower with Radar,325,45,82,5,457,0,5,82,18,105,325,50,164,23,562,8,10,18,580
10/14/2015,AUS,TX,ASW,CE,Combined TRACON& Tower with Radar,328,46,88,9,471,0,0,80,25,105,328,46,168,34,576,4,20,24,600
10/15/2015,AUS,TX,ASW,CE,Combined TRACON& Tower with Radar,340,42,101,29,512,0,2,78,53,133,340,44,179,82,645,4,0,4,649
10/16/2015,AUS,TX,ASW,CE,Combined TRACON& Tower with Radar,346,47,63,49,505,0,2,61,26,89,346,49,124,75,594,0,0,0,594
10/17/2015,AUS,TX,ASW,CE,Combined TRACON& Tower with Radar,228,17,46,3,294,0,4,82,33,119,228,21,128,36,413,42,0,42,455
10/18/2015,AUS,TX,ASW,CE,Combined TRACON& Tower with Radar,307,36,83,8,434,0,3,81,17,101,307,39,164,25,535,10,0,10,545
10/19/2015,AUS,TX,ASW,CE,Combined TRACON& Tower with Radar,335,30,86,14,465,0,0,58,20,78,335,30,144,34,543,16,0,16,559
10/20/2015,AUS,TX,ASW,CE,Combined TRACON& Tower with Radar,316,37,95,12,460,0,0,103,14,117,316,37,198,26,577,48,10,58,635
10/21/2015,AUS,TX,ASW,CE,Combined TRACON& Tower with Radar,322,65,87,13,487,0,0,28,15,43,322,65,115,28,530,26,4,30,560
10/22/2015,AUS,TX,ASW,CE,Combined TRACON& Tower with Radar,345,71,122,7,545,0,2,12,8,22,345,73,134,15,567,16,10,26,593
10/23/2015,AUS,TX,ASW,CE,Combined TRACON& Tower with Radar,343,65,119,0,527,0,0,10,6,16,343,65,129,6,543,4,0,4,547
10/24/2015,AUS,TX,ASW,CE,Combined TRACON& Tower with Radar,248,39,43,0,330,0,0,0,4,4,248,39,43,4,334,0,0,0,334
10/25/2015,AUS,TX,ASW,CE,Combined TRACON& Tower with Radar,321,92,144,2,559,0,2,55,16,73,321,94,199,18,632,0,0,0,632
10/26/2015,AUS,TX,ASW,CE,Combined TRACON& Tower with Radar,357,68,121,4,550,0,2,97,24,123,357,70,218,28,673,6,0,6,679
10/27/2015,AUS,TX,ASW,CE,Combined TRACON& Tower with Radar,306,34,81,6,427,0,1,113,21,135,306,35,194,27,562,4,0,4,566
10/28/2015,AUS,TX,ASW,CE,Combined TRACON& Tower with Radar,320,42,93,9,464,0,0,73,22,95,320,42,166,31,559,16,0,16,575
10/29/2015,AUS,TX,ASW,CE,Combined TRACON& Tower with Radar,328,65,83,9,485,0,1,94,45,140,328,66,177,54,625,0,0,0,625
10/30/2015,AUS,TX,ASW,CE,Combined TRACON& Tower with Radar,310,38,53,34,435,0,2,47,22,71,310,40,100,56,506,0,0,0,506
10/31/2015,AUS,TX,ASW,CE,Combined TRACON& Tower with Radar,228,17,46,3,294,0,4,82,33,119,228,21,128,36,413,0,0,0,413
11/01/2015,AUS,TX,ASW,CE,Combined TRACON& Tower with Radar,313,37,83,8,441,0,3,81,17,101,313,40,164,25,542,0,0,0,542
11/02/2015,AUS,TX,ASW,CE,Combined TRACON& Tower with Radar,332,29,87,14,462,0,0,58,20,78,332,29,145,34,540,0,0,0,540
11/03/2015,AUS,TX,ASW,CE,Combined TRACON& Tower with Radar,315,37,94,12,458,0,0,104,15,119,315,37,198,27,577,0,0,0,577
11/04/2015,AUS,TX,ASW,CE,Combined TRACON& Tower with Radar,322,65,87,13,487,0,0,27,14,41,322,65,114,27,528,0,0,0,528
11/05/2015,AUS,TX,ASW,CE,Combined TRACON& Tower with Radar,356,72,124,7,559,0,2,12,9,23,356,74,136,16,582,0,0,0,582
11/06/2015,AUS,TX,ASW,CE,Combined TRACON& Tower with Radar,345,66,117,0,528,0,0,10,4,14,345,66,127,4,542,36,0,36,578
11/07/2015,AUS,TX,ASW,CE,Combined TRACON& Tower with Radar,266,20,46,0,332,0,0,1,1,2,266,20,47,1,334,0,0,0,334
11/08/2015,AUS,TX,ASW,CE,Combined TRACON& Tower with Radar,324,44,78,2,448,0,1,36,0,37,324,45,114,2,485,0,0,0,485
11/09/2015,AUS,TX,ASW,CE,Combined TRACON& Tower with Radar,345,47,64,5,461,0,1,41,0,42,345,48,105,5,503,20,0,20,523
11/10/2015,AUS,TX,ASW,CE,Combined TRACON& Tower with Radar,324,47,99,9,479,0,0,16,7,23,324,47,115,16,502,12,0,12,514
11/11/2015,AUS,TX,ASW,CE,Combined TRACON& Tower with Radar,346,57,78,2,483,0,0,12,2,14,346,57,90,4,497,0,0,0,497
11/12/2015,AUS,TX,ASW,CE,Combined TRACON& Tower with Radar,356,63,90,5,514,0,1,62,6,69,356,64,152,11,583,0,0,0,583
11/13/2015,AUS,TX,ASW,CE,Combined TRACON& Tower with Radar,352,51,99,14,516,0,2,59,7,68,352,53,158,21,584,0,0,0,584
11/14/2015,AUS,TX,ASW,CE,Combined TRACON& Tower with Radar,269,27,41,11,348,0,1,24,9,34,269,28,65,20,382,10,0,10,392
11/15/2015,AUS,TX,ASW,CE,Combined TRACON& Tower with Radar,325,33,73,3,434,0,0,32,8,40,325,33,105,11,474,20,0,20,494
11/16/2015,AUS,TX,ASW,CE,Combined TRACON& Tower with Radar,284,35,73,6,398,0,0,0,9,9,284,35,73,15,407,0,0,0,407
11/17/2015,AUS,TX,ASW,CE,Combined TRACON& Tower with Radar,341,38,67,6,452,0,1,30,22,53,341,39,97,28,505,6,6,12,517
11/18/2015,AUS,TX,ASW,CE,Combined TRACON& Tower with Radar,333,52,92,9,486,0,2,102,26,130,333,54,194,35,616,12,0,12,628
11/19/2015,AUS,TX,ASW,CE,Combined TRACON& Tower with Radar,353,63,102,17,535,0,3,84,19,106,353,66,186,36,641,14,0,14,655
11/20/2015,AUS,TX,ASW,CE,Combined TRACON& Tower with Radar,348,52,63,7,470,0,0,72,21,93,348,52,135,28,563,0,0,0,563
11/21/2015,AUS,TX,ASW,CE,Combined TRACON& Tower with Radar,269,25,39,15,348,0,0,10,26,36,269,25,49,41,384,0,0,0,384
11/22/2015,AUS,TX,ASW,CE,Combined TRACON& Tower with Radar,321,38,65,4,428,0,0,107,6,113,321,38,172,10,541,8,0,8,549
11/23/2015,AUS,TX,ASW,CE,Combined TRACON& Tower with Radar,313,36,75,13,437,0,7,65,17,89,313,43,140,30,526,16,2,18,544
11/24/2015,AUS,TX,ASW,CE,Combined TRACON& Tower with Radar,334,42,104,8,488,0,3,67,38,108,334,45,171,46,596,10,4,14,610
11/25/2015,AUS,TX,ASW,CE,Combined TRACON& Tower with Radar,359,50,93,1,503,0,0,12,15,27,359,50,105,16,530,0,0,0,530
11/26/2015,AUS,TX,ASW,CE,Combined TRACON& Tower with Radar,211,16,41,0,268,0,0,0,2,2,211,16,41,2,270,0,0,0,270
11/27/2015,AUS,TX,ASW,CE,Combined TRACON& Tower with Radar,265,27,44,0,336,0,0,0,0,0,265,27,44,0,336,0,0,0,336
11/28/2015,AUS,TX,ASW,CE,Combined TRACON& Tower with Radar,318,36,70,0,424,0,0,0,26,26,318,36,70,26,450,0,0,0,450
11/29/2015,AUS,TX,ASW,CE,Combined TRACON& Tower with Radar,358,47,107,1,513,0,0,0,0,0,358,47,107,1,513,0,0,0,513
11/30/2015,AUS,TX,ASW,CE,Combined TRACON& Tower with Radar,348,45,93,10,496,0,0,9,12,21,348,45,102,22,517,4,0,4,521
12/01/2015,AUS,TX,ASW,CE,Combined TRACON& Tower with Radar,329,58,87,9,483,0,0,53,24,77,329,58,140,33,560,0,0,0,560
12/02/2015,AUS,TX,ASW,CE,Combined TRACON& Tower with Radar,325,43,86,22,476,0,1,56,45,102,325,44,142,67,578,8,0,8,586
12/03/2015,AUS,TX,ASW,CE,Combined TRACON& Tower with Radar,343,56,81,25,505,0,2,71,23,96,343,58,152,48,601,0,2,2,603
12/04/2015,AUS,TX,ASW,CE,Combined TRACON& Tower with Radar,339,49,87,21,496,0,0,101,10,111,339,49,188,31,607,0,0,0,607
12/05/2015,AUS,TX,ASW,CE,Combined TRACON& Tower with Radar,245,36,46,13,340,0,1,114,6,121,245,37,160,19,461,90,10,100,561
12/06/2015,AUS,TX,ASW,CE,Combined TRACON& Tower with Radar,305,24,57,10,396,0,2,76,9,87,305,26,133,19,483,24,0,24,507
12/07/2015,AUS,TX,ASW,CE,Combined TRACON& Tower with Radar,323,41,74,19,457,0,4,79,11,94,323,45,153,30,551,2,0,2,553
12/08/2015,AUS,TX,ASW,CE,Combined TRACON& Tower with Radar,321,46,101,20,488,0,6,60,26,92,321,52,161,46,580,0,0,0,580
12/09/2015,AUS,TX,ASW,CE,Combined TRACON& Tower with Radar,332,58,112,20,522,0,2,73,37,112,332,60,185,57,634,0,0,0,634
12/10/2015,AUS,TX,ASW,CE,Combined TRACON& Tower with Radar,341,47,99,9,496,0,2,52,26,80,341,49,151,35,576,0,0,0,576
12/11/2015,AUS,TX,ASW,CE,Combined TRACON& Tower with Radar,333,44,96,7,480,0,3,24,19,46,333,47,120,26,526,0,0,0,526
12/12/2015,AUS,TX,ASW,CE,Combined TRACON& Tower with Radar,244,17,43,0,304,0,1,4,2,7,244,18,47,2,311,0,0,0,311
12/13/2015,AUS,TX,ASW,CE,Combined TRACON& Tower with Radar,307,40,52,3,402,0,2,33,3,38,307,42,85,6,440,16,0,16,456
12/14/2015,AUS,TX,ASW,CE,Combined TRACON& Tower with Radar,328,29,71,15,443,0,11,91,18,120,328,40,162,33,563,8,0,8,571
12/15/2015,AUS,TX,ASW,CE,Combined TRACON& Tower with Radar,324,48,100,7,479,0,0,17,15,32,324,48,117,22,511,10,0,10,521
12/16/2015,AUS,TX,ASW,CE,Combined TRACON& Tower with Radar,335,48,101,5,489,0,2,49,33,84,335,50,150,38,573,0,0,0,573
12/17/2015,AUS,TX,ASW,CE,Combined TRACON& Tower with Radar,343,49,100,14,506,0,6,94,15,115,343,55,194,29,621,12,0,12,633
12/18/2015,AUS,TX,ASW,CE,Combined TRACON& Tower with Radar,341,47,84,9,481,0,5,93,16,114,341,52,177,25,595,20,0,20,615
12/19/2015,AUS,TX,ASW,CE,Combined TRACON& Tower with Radar,299,31,46,4,380,0,9,104,3,116,299,40,150,7,496,16,0,16,512
12/20/2015,AUS,TX,ASW,CE,Combined TRACON& Tower with Radar,311,19,57,13,400,0,9,11,5,25,311,28,68,18,425,6,0,6,431
12/21/2015,AUS,TX,ASW,CE,Combined TRACON& Tower with Radar,323,32,47,3,405,0,4,20,3,27,323,36,67,6,432,20,0,20,452
12/22/2015,AUS,TX,ASW,CE,Combined TRACON& Tower with Radar,352,38,61,7,458,0,6,67,13,86,352,44,128,20,544,0,0,0,544
12/23/2015,AUS,TX,ASW,CE,Combined TRACON& Tower with Radar,338,51,59,11,459,0,0,70,4,74,338,51,129,15,533,12,0,12,545
12/24/2015,AUS,TX,ASW,CE,Combined TRACON& Tower with Radar,300,26,33,0,359,0,9,14,3,26,300,35,47,3,385,12,0,12,397
12/25/2015,AUS,TX,ASW,CE,Combined TRACON& Tower with Radar,253,18,24,0,295,0,0,2,17,19,253,18,26,17,314,0,0,0,314
12/26/2015,AUS,TX,ASW,CE,Combined TRACON& Tower with Radar,330,33,63,0,426,0,0,1,0,1,330,33,64,0,427,0,0,0,427
12/27/2015,AUS,TX,ASW,CE,Combined TRACON& Tower with Radar,344,38,53,0,435,0,0,0,3,3,344,38,53,3,438,0,0,0,438
12/28/2015,AUS,TX,ASW,CE,Combined TRACON& Tower with Radar,316,38,56,0,410,0,0,28,11,39,316,38,84,11,449,10,0,10,459
12/29/2015,AUS,TX,ASW,CE,Combined TRACON& Tower with Radar,310,44,62,22,438,0,0,45,19,64,310,44,107,41,502,0,0,0,502
12/30/2015,AUS,TX,ASW,CE,Combined TRACON& Tower with Radar,331,57,52,1,441,0,0,42,16,58,331,57,94,17,499,8,0,8,507
12/31/2015,AUS,TX,ASW,CE,Combined TRACON& Tower with Radar,285,30,37,1,353,0,1,34,15,50,285,31,71,16,403,0,0,0,403
01/01/2016,AUS,TX,ASW,CE,Combined TRACON& Tower with Radar,261,18,19,0,298,0,2,2,4,8,261,20,21,4,306,0,0,0,306
01/02/2016,AUS,TX,ASW,CE,Combined TRACON& Tower with Radar,302,41,55,1,399,0,3,24,7,34,302,44,79,8,433,0,0,0,433
01/03/2016,AUS,TX,ASW,CE,Combined TRACON& Tower with Radar,331,39,81,1,452,0,0,76,3,79,331,39,157,4,531,12,0,12,543
01/04/2016,AUS,TX,ASW,CE,Combined TRACON& Tower with Radar,332,39,66,4,441,0,1,61,6,68,332,40,127,10,509,12,0,12,521
01/05/2016,AUS,TX,ASW,CE,Combined TRACON& Tower with Radar,302,32,54,10,398,0,2,29,27,58,302,34,83,37,456,0,0,0,456
01/06/2016,AUS,TX,ASW,CE,Combined TRACON& Tower with Radar,291,38,55,3,387,0,0,0,1,1,291,38,55,4,388,0,0,0,388
01/07/2016,AUS,TX,ASW,CE,Combined TRACON& Tower with Radar,309,51,71,6,437,0,0,45,14,59,309,51,116,20,496,0,4,4,500
01/08/2016,AUS,TX,ASW,CE,Combined TRACON& Tower with Radar,324,42,73,24,463,0,0,26,12,38,324,42,99,36,501,0,0,0,501
01/09/2016,AUS,TX,ASW,CE,Combined TRACON& Tower with Radar,224,21,40,12,297,0,3,51,16,70,224,24,91,28,367,0,0,0,367
01/10/2016,AUS,TX,ASW,CE,Combined TRACON& Tower with Radar,271,25,55,2,353,0,1,94,3,98,271,26,149,5,451,20,0,20,471
01/11/2016,AUS,TX,ASW,CE,Combined TRACON& Tower with Radar,310,30,63,1,404,0,1,50,17,68,310,31,113,18,472,4,0,4,476
01/12/2016,AUS,TX,ASW,CE,Combined TRACON& Tower with Radar,302,42,63,13,420,0,0,90,27,117,302,42,153,40,537,60,20,80,617
01/13/2016,AUS,TX,ASW,CE,Combined TRACON& Tower with Radar,299,35,88,12,434,0,0,55,17,72,299,35,143,29,506,16,0,16,522
01/14/2016,AUS,TX,ASW,CE,Combined TRACON& Tower with Radar,321,51,99,15,486,0,0,46,15,61,321,51,145,30,547,0,4,4,551
01/15/2016,AUS,TX,ASW,CE,Combined TRACON& Tower with Radar,319,35,79,22,455,0,0,72,13,85,319,35,151,35,540,0,0,0,540
01/16/2016,AUS,TX,ASW,CE,Combined TRACON& Tower with Radar,211,10,42,0,263,0,0,50,8,58,211,10,92,8,321,12,0,12,333
01/17/2016,AUS,TX,ASW,CE,Combined TRACON& Tower with Radar,268,16,44,4,332,0,0,77,12,89,268,16,121,16,421,0,0,0,421
01/18/2016,AUS,TX,ASW,CE,Combined TRACON& Tower with Radar,303,37,95,3,438,0,0,56,9,65,303,37,151,12,503,0,0,0,503
01/19/2016,AUS,TX,ASW,CE,Combined TRACON& Tower with Radar,302,45,77,10,434,0,2,38,22,62,302,47,115,32,496,0,0,0,496
01/20/2016,AUS,TX,ASW,CE,Combined TRACON& Tower with Radar,301,45,111,10,467,0,0,32,22,54,301,45,143,32,521,60,0,60,581
01/21/2016,AUS,TX,ASW,CE,Combined TRACON& Tower with Radar,322,47,70,5,444,0,0,27,18,45,322,47,97,23,489,0,0,0,489
01/22/2016,AUS,TX,ASW,CE,Combined TRACON& Tower with Radar,307,39,78,4,428,0,2,57,22,81,307,41,135,26,509,0,0,0,509
01/23/2016,AUS,TX,ASW,CE,Combined TRACON& Tower with Radar,190,13,37,8,248,0,5,106,24,135,190,18,143,32,383,12,0,12,395
01/24/2016,AUS,TX,ASW,CE,Combined TRACON& Tower with Radar,261,37,55,8,361,0,1,76,22,99,261,38,131,30,460,6,0,6,466
01/25/2016,AUS,TX,ASW,CE,Combined TRACON& Tower with Radar,302,31,78,2,413,0,2,51,26,79,302,33,129,28,492,0,0,0,492
01/26/2016,AUS,TX,ASW,CE,Combined TRACON& Tower with Radar,295,52,79,5,431,0,4,12,10,26,295,56,91,15,457,0,0,0,457
01/27/2016,AUS,TX,ASW,CE,Combined TRACON& Tower with Radar,302,45,65,10,422,0,0,68,24,92,302,45,133,34,514,0,0,0,514
01/28/2016,AUS,TX,ASW,CE,Combined TRACON& Tower with Radar,319,46,94,7,466,0,2,84,26,112,319,48,178,33,578,0,0,0,578
01/29/2016,AUS,TX,ASW,CE,Combined TRACON& Tower with Radar,320,38,87,11,456,0,3,72,17,92,320,41,159,28,548,0,0,0,548
01/30/2016,AUS,TX,ASW,CE,Combined TRACON& Tower with Radar,214,13,45,8,280,0,3,98,23,124,214,16,143,31,404,0,0,0,404
01/31/2016,AUS,TX,ASW,CE,Combined TRACON& Tower with Radar,270,26,58,13,367,0,5,89,16,110,270,31,147,29,477,8,0,8,485
02/01/2016,AUS,TX,ASW,CE,Combined TRACON& Tower with Radar,309,35,58,9,411,0,1,30,13,44,309,36,88,22,455,0,0,0,455
02/02/2016,AUS,TX,ASW,CE,Combined TRACON& Tower with Radar,285,39,59,8,391,0,3,54,26,83,285,42,113,34,474,4,0,4,478
02/03/2016,AUS,TX,ASW,CE,Combined TRACON& Tower with Radar,289,37,93,12,431,0,6,82,24,112,289,43,175,36,543,0,0,0,543
02/04/2016,AUS,TX,ASW,CE,Combined TRACON& Tower with Radar,319,44,83,16,462,0,0,91,30,121,319,44,174,46,583,0,0,0,583
02/05/2016,AUS,TX,ASW,CE,Combined TRACON& Tower with Radar,313,33,76,10,432,0,0,77,20,97,313,33,153,30,529,20,24,44,573
02/06/2016,AUS,TX,ASW,CE,Combined TRACON& Tower with Radar,207,12,60,14,293,0,2,58,19,79,207,14,118,33,372,0,0,0,372
02/07/2016,AUS,TX,ASW,CE,Combined TRACON& Tower with Radar,251,23,38,8,320,0,0,72,13,85,251,23,110,21,405,14,0,14,419
02/08/2016,AUS,TX,ASW,CE,Combined TRACON& Tower with Radar,308,35,65,1,409,0,1,49,10,60,308,36,114,11,469,4,0,4,473
02/09/2016,AUS,TX,ASW,CE,Combined TRACON& Tower with Radar,294,38,78,8,418,0,0,75,27,102,294,38,153,35,520,0,0,0,520
02/10/2016,AUS,TX,ASW,CE,Combined TRACON& Tower with Radar,301,42,117,18,478,0,0,85,24,109,301,42,202,42,587,8,4,12,599
02/11/2016,AUS,TX,ASW,CE,Combined TRACON& Tower with Radar,324,45,98,12,479,0,4,115,27,146,324,49,213,39,625,0,0,0,625
02/12/2016,AUS,TX,ASW,CE,Combined TRACON& Tower with Radar,327,40,101,8,476,0,6,81,15,102,327,46,182,23,578,0,0,0,578
02/13/2016,AUS,TX,ASW,CE,Combined TRACON& Tower with Radar,221,8,51,3,283,0,4,98,14,116,221,12,149,17,399,92,0,92,491
02/14/2016,AUS,TX,ASW,CE,Combined TRACON& Tower with Radar,265,14,52,6,337,0,0,21,14,35,265,14,73,20,372,6,0,6,378
02/15/2016,AUS,TX,ASW,CE,Combined TRACON& Tower with Radar,305,42,108,6,461,0,4,86,6,96,305,46,194,12,557,8,0,8,565
02/16/2016,AUS,TX,ASW,CE,Combined TRACON& Tower with Radar,309,44,120,6,479,0,0,102,22,124,309,44,222,28,603,8,0,8,611
02/17/2016,AUS,TX,ASW,CE,Combined TRACON& Tower with Radar,321,33,90,9,453,0,3,82,32,117,321,36,172,41,570,48,0,48,618
02/18/2016,AUS,TX,ASW,CE,Combined TRACON& Tower with Radar,322,40,116,29,507,0,0,41,22,63,322,40,157,51,570,12,0,12,582
02/19/2016,AUS,TX,ASW,CE,Combined TRACON& Tower with Radar,318,49,92,23,482,0,1,64,21,86,318,50,156,44,568,16,0,16,584
02/20/2016,AUS,TX,ASW,CE,Combined TRACON& Tower with Radar,228,24,42,13,307,0,0,17,15,32,228,24,59,28,339,0,0,0,339
02/21/2016,AUS,TX,ASW,CE,Combined TRACON& Tower with Radar,289,36,62,11,398,0,4,3,6,13,289,40,65,17,411,8,0,8,419
02/22/2016,AUS,TX,ASW,CE,Combined TRACON& Tower with Radar,322,35,99,3,459,0,6,24,13,43,322,41,123,16,502,20,0,20,522
02/23/2016,AUS,TX,ASW,CE,Combined TRACON& Tower with Radar,315,43,59,1,418,0,5,7,7,19,315,48,66,8,437,0,0,0,437
02/24/2016,AUS,TX,ASW,CE,Combined TRACON& Tower with Radar,305,53,71,4,433,0,1,62,22,85,305,54,133,26,518,30,0,30,548
02/25/2016,AUS,TX,ASW,CE,Combined TRACON& Tower with Radar,328,54,107,16,505,0,1,91,15,107,328,55,198,31,612,0,0,0,612
02/26/2016,AUS,TX,ASW,CE,Combined TRACON& Tower with Radar,325,64,80,19,488,0,1,104,21,126,325,65,184,40,614,20,0,20,634
02/27/2016,AUS,TX,ASW,CE,Combined TRACON& Tower with Radar,227,18,23,14,282,0,5,93,22,120,227,23,116,36,402,14,36,50,452
02/28/2016,AUS,TX,ASW,CE,Combined TRACON& Tower with Radar,282,27,80,6,395,0,3,55,9,67,282,30,135,15,462,24,0,24,486
02/29/2016,AUS,TX,ASW,CE,Combined TRACON& Tower with Radar,316,37,92,0,445,0,1,31,6,38,316,38,123,6,483,2,0,2,485
03/01/2016,AUS,TX,ASW,CE,Combined TRACON& Tower with Radar,308,42,69,9,428,0,1,54,32,87,308,43,123,41,515,40,0,40,555
03/02/2016,AUS,TX,ASW,CE,Combined TRACON& Tower with Radar,308,52,93,2,455,0,0,65,32,97,308,52,158,34,552,0,8,8,560
03/03/2016,AUS,TX,ASW,CE,Combined TRACON& Tower with Radar,325,59,124,23,531,0,0,68,26,94,325,59,192,49,625,0,0,0,625
03/04/2016,AUS,TX,ASW,CE,Combined TRACON& Tower with Radar,327,44,105,22,498,0,2,112,27,141,327,46,217,49,639,4,10,14,653
03/05/2016,AUS,TX,ASW,CE,Combined TRACON& Tower with Radar,258,41,31,22,352,0,4,71,37,112,258,45,102,59,464,14,0,14,478
03/06/2016,AUS,TX,ASW,CE,Combined TRACON& Tower with Radar,295,34,56,11,396,0,1,38,11,50,295,35,94,22,446,24,0,24,470
03/07/2016,AUS,TX,ASW,CE,Combined TRACON& Tower with Radar,329,38,68,9,444,0,2,8,5,15,329,40,76,14,459,0,0,0,459
03/08/2016,AUS,TX,ASW,CE,Combined TRACON& Tower with Radar,325,53,53,7,438,0,0,9,20,29,325,53,62,27,467,0,0,0,467
03/09/2016,AUS,TX,ASW,CE,Combined TRACON& Tower with Radar,315,36,63,2,416,0,0,0,0,0,315,36,63,2,416,0,0,0,416
03/10/2016,AUS,TX,ASW,CE,Combined TRACON& Tower with Radar,352,51,88,13,504,0,0,1,4,5,352,51,89,17,509,0,0,0,509
03/11/2016,AUS,TX,ASW,CE,Combined TRACON& Tower with Radar,345,53,44,6,448,0,0,3,17,20,345,53,47,23,468,0,0,0,468
03/12/2016,AUS,TX,ASW,CE,Combined TRACON& Tower with Radar,277,65,87,3,432,0,0,64,9,73,277,65,151,12,505,0,28,28,533
03/13/2016,AUS,TX,ASW,CE,Combined TRACON& Tower with Radar,314,43,67,4,428,0,2,64,2,68,314,45,131,6,496,10,0,10,506
03/14/2016,AUS,TX,ASW,CE,Combined TRACON& Tower with Radar,337,53,66,4,460,0,2,76,21,99,337,55,142,25,559,16,8,24,583
03/15/2016,AUS,TX,ASW,CE,Combined TRACON& Tower with Radar,339,41,62,11,453,0,0,62,19,81,339,41,124,30,534,0,0,0,534
03/16/2016,AUS,TX,ASW,CE,Combined TRACON& Tower with Radar,342,48,97,19,506,0,0,68,34,102,342,48,165,53,608,0,0,0,608
03/17/2016,AUS,TX,ASW,CE,Combined TRACON& Tower with Radar,358,50,104,8,520,0,0,12,13,25,358,50,116,21,545,40,0,40,585
03/18/2016,AUS,TX,ASW,CE,Combined TRACON& Tower with Radar,350,43,70,5,468,0,2,6,5,13,350,45,76,10,481,0,0,0,481
03/19/2016,AUS,TX,ASW,CE,Combined TRACON& Tower with Radar,283,48,71,10,412,0,2,72,16,90,283,50,143,26,502,22,0,22,524
03/20/2016,AUS,TX,ASW,CE,Combined TRACON& Tower with Radar,324,56,65,6,451,0,4,136,11,151,324,60,201,17,602,10,0,10,612
03/21/2016,AUS,TX,ASW,CE,Combined TRACON& Tower with Radar,344,42,68,20,474,0,0,101,29,130,344,42,169,49,604,0,0,0,604
03/22/2016,AUS,TX,ASW,CE,Combined TRACON& Tower with Radar,327,45,78,14,464,0,4,38,24,66,327,49,116,38,530,0,0,0,530
03/23/2016,AUS,TX,ASW,CE,Combined TRACON& Tower with Radar,319,55,126,5,505,0,0,40,31,71,319,55,166,36,576,0,22,22,598
03/24/2016,AUS,TX,ASW,CE,Combined TRACON& Tower with Radar,348,41,141,6,536,0,1,72,23,96,348,42,213,29,632,0,0,0,632
03/25/2016,AUS,TX,ASW,CE,Combined TRACON& Tower with Radar,337,44,88,10,479,0,2,115,23,140,337,46,203,33,619,8,14,22,641
03/26/2016,AUS,TX,ASW,CE,Combined TRACON& Tower with Radar,258,29,56,0,343,0,1,83,20,104,258,30,139,20,447,46,0,46,493
03/27/2016,AUS,TX,ASW,CE,Combined TRACON& Tower with Radar,305,45,76,3,429,0,0,46,1,47,305,45,122,4,476,18,0,18,494
03/28/2016,AUS,TX,ASW,CE,Combined TRACON& Tower with Radar,332,38,102,4,476,0,6,80,11,97,332,44,182,15,573,8,0,8,581
03/29/2016,AUS,TX,ASW,CE,Combined TRACON& Tower with Radar,328,46,117,7,498,0,0,0,2,2,328,46,117,9,500,0,0,0,500
03/30/2016,AUS,TX,ASW,CE,Combined TRACON& Tower with Radar,334,46,121,12,513,0,0,2,4,6,334,46,123,16,519,0,36,36,555
03/31/2016,AUS,TX,ASW,CE,Combined TRACON& Tower with Radar,336,42,121,11,510,0,1,81,37,119,336,43,202,48,629,4,0,4,633
04/01/2016,AUS,TX,ASW,CE,Combined TRACON& Tower with Radar,332,41,75,12,460,0,0,22,24,46,332,41,97,36,506,8,0,8,514
04/02/2016,AUS,TX,ASW,CE,Combined TRACON& Tower with Radar,260,19,41,8,328,0,0,104,31,135,260,19,145,39,463,0,4,4,467
04/03/2016,AUS,TX,ASW,CE,Combined TRACON& Tower with Radar,315,44,71,16,446,0,2,100,4,106,315,46,171,20,552,18,0,18,570
04/04/2016,AUS,TX,ASW,CE,Combined TRACON& Tower with Radar,327,34,69,10,440,0,1,59,20,80,327,35,128,30,520,0,0,0,520
04/05/2016,AUS,TX,ASW,CE,Combined TRACON& Tower with Radar,331,53,58,8,450,0,2,81,30,113,331,55,139,38,563,4,4,8,571
04/06/2016,AUS,TX,ASW,CE,Combined TRACON& Tower with Radar,326,45,86,22,479,0,2,77,40,119,326,47,163,62,598,6,0,6,604
04/07/2016,AUS,TX,ASW,CE,Combined TRACON& Tower with Radar,339,49,105,2,495,0,3,102,31,136,339,52,207,33,631,0,0,0,631
04/08/2016,AUS,TX,ASW,CE,Combined TRACON& Tower with Radar,335,51,95,7,488,0,4,91,13,108,335,55,186,20,596,6,0,6,602
04/09/2016,AUS,TX,ASW,CE,Combined TRACON& Tower with Radar,251,20,47,2,320,0,5,64,8,77,251,25,111,10,397,14,0,14,411
04/10/2016,AUS,TX,ASW,CE,Combined TRACON& Tower with Radar,299,55,87,11,452,0,4,40,0,44,299,59,127,11,496,12,0,12,508
04/11/2016,AUS,TX,ASW,CE,Combined TRACON& Tower with Radar,344,23,91,24,482,0,0,32,25,57,344,23,123,49,539,4,0,4,543
04/12/2016,AUS,TX,ASW,CE,Combined TRACON& Tower with Radar,314,35,80,7,436,0,0,9,12,21,314,35,89,19,457,0,0,0,457
04/13/2016,AUS,TX,ASW,CE,Combined TRACON& Tower with Radar,341,48,96,2,487,0,0,4,21,25,341,48,100,23,512,0,0,0,512
04/14/2016,AUS,TX,ASW,CE,Combined TRACON& Tower with Radar,345,42,97,13,497,0,1,68,51,120,345,43,165,64,617,0,0,0,617
04/15/2016,AUS,TX,ASW,CE,Combined TRACON& Tower with Radar,339,55,101,14,509,0,7,98,31,136,339,62,199,45,645,0,0,0,645
04/16/2016,AUS,TX,ASW,CE,Combined TRACON& Tower with Radar,246,12,61,6,325,0,0,0,14,14,246,12,61,20,339,0,0,0,339
04/17/2016,AUS,TX,ASW,CE,Combined TRACON& Tower with Radar,284,37,48,2,371,0,0,0,0,0,284,37,48,2,371,0,0,0,371
04/18/2016,AUS,TX,ASW,CE,Combined TRACON& Tower with Radar,329,35,35,2,401,0,4,3,8,15,329,39,38,10,416,0,0,0,416
04/19/2016,AUS,TX,ASW,CE,Combined TRACON& Tower with Radar,319,35,88,5,447,0,4,21,14,39,319,39,109,19,486,0,16,16,502
04/20/2016,AUS,TX,ASW,CE,Combined TRACON& Tower with Radar,324,35,79,9,447,0,0,28,27,55,324,35,107,36,502,0,0,0,502
04/21/2016,AUS,TX,ASW,CE,Combined TRACON& Tower with Radar,340,46,97,6,489,0,3,38,28,69,340,49,135,34,558,0,0,0,558
04/22/2016,AUS,TX,ASW,CE,Combined TRACON& Tower with Radar,340,44,84,8,476,0,0,130,19,149,340,44,214,27,625,4,0,4,629
04/23/2016,AUS,TX,ASW,CE,Combined TRACON& Tower with Radar,267,27,38,5,337,0,7,128,13,148,267,34,166,18,485,0,0,0,485
04/24/2016,AUS,TX,ASW,CE,Combined TRACON& Tower with Radar,314,35,59,4,412,0,0,49,5,54,314,35,108,9,466,8,0,8,474
04/25/2016,AUS,TX,ASW,CE,Combined TRACON& Tower with Radar,334,40,101,0,475,0,0,44,7,51,334,40,145,7,526,12,0,12,538
04/26/2016,AUS,TX,ASW,CE,Combined TRACON& Tower with Radar,327,41,96,19,483,0,0,25,12,37,327,41,121,31,520,0,0,0,520
04/27/2016,AUS,TX,ASW,CE,Combined TRACON& Tower with Radar,333,49,84,13,479,0,0,82,23,105,333,49,166,36,584,0,14,14,598
04/28/2016,AUS,TX,ASW,CE,Combined TRACON& Tower with Radar,339,50,147,6,542,0,0,40,22,62,339,50,187,28,604,0,0,0,604
04/29/2016,AUS,TX,ASW,CE,Combined TRACON& Tower with Radar,339,58,93,0,490,0,0,16,10,26,339,58,109,10,516,0,0,0,516
04/30/2016,AUS,TX,ASW,CE,Combined TRACON& Tower with Radar,253,30,46,15,344,0,2,92,6,100,253,32,138,21,444,0,0,0,444
05/01/2016,AUS,TX,ASW,CE,Combined TRACON& Tower with Radar,303,34,79,7,423,0,0,54,8,62,303,34,133,15,485,0,0,0,485
05/02/2016,AUS,TX,ASW,CE,Combined TRACON& Tower with Radar,336,39,73,12,460,0,2,33,20,55,336,41,106,32,515,0,2,2,517
05/03/2016,AUS,TX,ASW,CE,Combined TRACON& Tower with Radar,330,43,69,2,444,0,1,78,10,89,330,44,147,12,533,22,0,22,555
05/04/2016,AUS,TX,ASW,CE,Combined TRACON& Tower with Radar,322,46,66,10,444,0,5,113,13,131,322,51,179,23,575,8,0,8,583
05/05/2016,AUS,TX,ASW,CE,Combined TRACON& Tower with Radar,346,72,105,10,533,0,6,106,18,130,346,78,211,28,663,16,0,16,679
05/06/2016,AUS,TX,ASW,CE,Combined TRACON& Tower with Radar,336,54,92,28,510,0,2,148,17,167,336,56,240,45,677,14,0,14,691
05/07/2016,AUS,TX,ASW,CE,Combined TRACON& Tower with Radar,251,23,31,8,313,0,4,118,12,134,251,27,149,20,447,6,0,6,453
05/08/2016,AUS,TX,ASW,CE,Combined TRACON& Tower with Radar,308,28,94,9,439,0,2,18,15,35,308,30,112,24,474,20,0,20,494
05/09/2016,AUS,TX,ASW,CE,Combined TRACON& Tower with Radar,345,42,94,5,486,0,3,41,13,57,345,45,135,18,543,8,8,16,559
05/10/2016,AUS,TX,ASW,CE,Combined TRACON& Tower with Radar,325,39,107,6,477,0,4,43,21,68,325,43,150,27,545,0,0,0,545
05/11/2016,AUS,TX,ASW,CE,Combined TRACON& Tower with Radar,345,49,87,20,501,0,3,75,21,99,345,52,162,41,600,14,0,14,614
05/12/2016,AUS,TX,ASW,CE,Combined TRACON& Tower with Radar,344,42,127,26,539,0,1,39,26,66,344,43,166,52,605,18,14,32,637
05/13/2016,AUS,TX,ASW,CE,Combined TRACON& Tower with Radar,346,49,85,19,499,0,0,92,20,112,346,49,177,39,611,4,0,4,615
05/14/2016,AUS,TX,ASW,CE,Combined TRACON& Tower with Radar,252,18,46,4,320,0,0,41,7,48,252,18,87,11,368,0,0,0,368
05/15/2016,AUS,TX,ASW,CE,Combined TRACON& Tower with Radar,320,43,89,8,460,0,2,30,10,42,320,45,119,18,502,0,0,0,502
05/16/2016,AUS,TX,ASW,CE,Combined TRACON& Tower with Radar,333,24,100,6,463,0,2,43,17,62,333,26,143,23,525,4,0,4,529
05/17/2016,AUS,TX,ASW,CE,Combined TRACON& Tower with Radar,337,34,72,6,449,0,0,26,21,47,337,34,98,27,496,0,14,14,510
05/18/2016,AUS,TX,ASW,CE,Combined TRACON& Tower with Radar,331,36,128,8,503,0,2,44,26,72,331,38,172,34,575,0,0,0,575
05/19/2016,AUS,TX,ASW,CE,Combined TRACON& Tower with Radar,347,41,80,3,471,0,0,7,8,15,347,41,87,11,486,0,0,0,486
05/20/2016,AUS,TX,ASW,CE,Combined TRACON& Tower with Radar,340,43,100,14,497,0,3,89,19,111,340,46,189,33,608,0,0,0,608
05/21/2016,AUS,TX,ASW,CE,Combined TRACON& Tower with Radar,251,22,64,6,343,0,0,28,11,39,251,22,92,17,382,0,0,0,382
05/22/2016,AUS,TX,ASW,CE,Combined TRACON& Tower with Radar,314,38,89,7,448,0,0,18,4,22,314,38,107,11,470,0,0,0,470
05/23/2016,AUS,TX,ASW,CE,Combined TRACON& Tower with Radar,340,26,78,5,449,0,2,23,21,46,340,28,101,26,495,0,0,0,495
05/24/2016,AUS,TX,ASW,CE,Combined TRACON& Tower with Radar,331,35,98,25,489,0,11,47,21,79,331,46,145,46,568,8,10,18,586
05/25/2016,AUS,TX,ASW,CE,Combined TRACON& Tower with Radar,329,48,130,7,514,0,1,25,27,53,329,49,155,34,567,0,0,0,567
05/26/2016,AUS,TX,ASW,CE,Combined TRACON& Tower with Radar,288,39,103,0,430,0,1,12,6,19,288,40,115,6,449,6,8,14,463
05/27/2016,AUS,TX,ASW,CE,Combined TRACON& Tower with Radar,366,49,91,1,507,0,8,14,12,34,366,57,105,13,541,2,0,2,543
05/28/2016,AUS,TX,ASW,CE,Combined TRACON& Tower with Radar,258,25,53,0,336,0,3,42,8,53,258,28,95,8,389,0,0,0,389
05/29/2016,AUS,TX,ASW,CE,Combined TRACON& Tower with Radar,286,25,22,0,333,0,4,53,8,65,286,29,75,8,398,0,0,0,398
05/30/2016,AUS,TX,ASW,CE,Combined TRACON& Tower with Radar,310,37,49,0,396,0,1,42,14,57,310,38,91,14,453,10,0,10,463
05/31/2016,AUS,TX,ASW,CE,Combined TRACON& Tower with Radar,310,32,77,1,420,0,0,12,12,24,310,32,89,13,444,0,10,10,454
06/01/2016,AUS,TX,ASW,CE,Combined TRACON& Tower with Radar,344,46,61,14,465,0,0,45,16,61,344,46,106,30,526,18,8,26,552
06/02/2016,AUS,TX,ASW,CE,Combined TRACON& Tower with Radar,368,54,66,2,490,0,0,35,15,50,368,54,101,17,540,14,0,14,554
06/03/2016,AUS,TX,ASW,CE,Combined TRACON& Tower with Radar,352,35,74,18,479,0,0,45,25,70,352,35,119,43,549,14,20,34,583
06/04/2016,AUS,TX,ASW,CE,Combined TRACON& Tower with Radar,260,34,41,11,346,0,0,17,12,29,260,34,58,23,375,6,0,6,381
06/05/2016,AUS,TX,ASW,CE,Combined TRACON& Tower with Radar,309,40,48,8,405,0,4,94,16,114,309,44,142,24,519,4,0,4,523
06/06/2016,AUS,TX,ASW,CE,Combined TRACON& Tower with Radar,343,21,67,1,432,0,0,80,13,93,343,21,147,14,525,16,0,16,541
06/07/2016,AUS,TX,ASW,CE,Combined TRACON& Tower with Radar,340,34,71,5,450,0,4,82,23,109,340,38,153,28,559,0,0,0,559
06/08/2016,AUS,TX,ASW,CE,Combined TRACON& Tower with Radar,333,44,70,12,459,0,4,99,49,152,333,48,169,61,611,6,0,6,617
06/09/2016,AUS,TX,ASW,CE,Combined TRACON& Tower with Radar,345,36,92,8,481,0,3,82,18,103,345,39,174,26,584,10,0,10,594
06/10/2016,AUS,TX,ASW,CE,Combined TRACON& Tower with Radar,340,46,85,16,487,0,11,79,23,113,340,57,164,39,600,16,0,16,616
06/11/2016,AUS,TX,ASW,CE,Combined TRACON& Tower with Radar,305,26,46,15,392,0,1,83,17,101,305,27,129,32,493,0,0,0,493
06/12/2016,AUS,TX,ASW,CE,Combined TRACON& Tower with Radar,371,25,54,3,453,0,0,67,8,75,371,25,121,11,528,32,0,32,560
06/13/2016,AUS,TX,ASW,CE,Combined TRACON& Tower with Radar,344,44,79,25,492,0,0,53,15,68,344,44,132,40,560,0,10,10,570
06/14/2016,AUS,TX,ASW,CE,Combined TRACON& Tower with Radar,338,36,91,20,485,0,1,38,27,66,338,37,129,47,551,12,8,20,571
06/15/2016,AUS,TX,ASW,CE,Combined TRACON& Tower with Radar,333,49,95,4,481,0,4,96,11,111,333,53,191,15,592,2,0,2,594
06/16/2016,AUS,TX,ASW,CE,Combined TRACON& Tower with Radar,351,48,91,8,498,0,1,51,18,70,351,49,142,26,568,14,0,14,582
06/17/2016,AUS,TX,ASW,CE,Combined TRACON& Tower with Radar,343,35,62,17,457,0,3,106,20,129,343,38,168,37,586,14,0,14,600
06/18/2016,AUS,TX,ASW,CE,Combined TRACON& Tower with Radar,291,29,30,19,369,0,6,109,18,133,291,35,139,37,502,12,0,12,514
06/19/2016,AUS,TX,ASW,CE,Combined TRACON& Tower with Radar,324,32,50,10,416,0,0,74,12,86,324,32,124,22,502,12,0,12,514
06/20/2016,AUS,TX,ASW,CE,Combined TRACON& Tower with Radar,336,38,79,3,456,0,0,51,10,61,336,38,130,13,517,4,0,4,521
06/21/2016,AUS,TX,ASW,CE,Combined TRACON& Tower with Radar,328,38,72,11,449,0,3,100,24,127,328,41,172,35,576,0,0,0,576
06/22/2016,AUS,TX,ASW,CE,Combined TRACON& Tower with Radar,343,45,81,5,474,0,2,70,37,109,343,47,151,42,583,6,0,6,589
06/23/2016,AUS,TX,ASW,CE,Combined TRACON& Tower with Radar,341,41,102,5,489,0,2,55,27,84,341,43,157,32,573,8,10,18,591
06/24/2016,AUS,TX,ASW,CE,Combined TRACON& Tower with Radar,342,27,67,13,449,0,9,73,19,101,342,36,140,32,550,28,0,28,578
06/25/2016,AUS,TX,ASW,CE,Combined TRACON& Tower with Radar,293,28,45,3,369,0,2,18,15,35,293,30,63,18,404,10,0,10,414
06/26/2016,AUS,TX,ASW,CE,Combined TRACON& Tower with Radar,313,31,69,12,425,0,0,56,5,61,313,31,125,17,486,8,0,8,494
06/27/2016,AUS,TX,ASW,CE,Combined TRACON& Tower with Radar,370,39,66,4,479,0,0,55,9,64,370,39,121,13,543,0,0,0,543
06/28/2016,AUS,TX,ASW,CE,Combined TRACON& Tower with Radar,344,29,86,2,461,0,2,49,17,68,344,31,135,19,529,0,0,0,529
06/29/2016,AUS,TX,ASW,CE,Combined TRACON& Tower with Radar,341,39,86,5,471,0,0,86,26,112,341,39,172,31,583,0,0,0,583
06/30/2016,AUS,TX,ASW,CE,Combined TRACON& Tower with Radar,348,44,103,10,505,0,2,94,29,125,348,46,197,39,630,12,2,14,644
07/01/2016,AUS,TX,ASW,CE,Combined TRACON& Tower with Radar,343,47,86,0,476,0,0,91,10,101,343,47,177,10,577,8,0,8,585
07/02/2016,AUS,TX,ASW,CE,Combined TRACON& Tower with Radar,293,18,35,1,347,0,0,69,6,75,293,18,104,7,422,18,0,18,440
07/03/2016,AUS,TX,ASW,CE,Combined TRACON& Tower with Radar,284,23,32,5,344,0,0,27,12,39,284,23,59,17,383,18,0,18,401
07/04/2016,AUS,TX,ASW,CE,Combined TRACON& Tower with Radar,292,24,31,1,348,0,3,50,13,66,292,27,81,14,414,0,0,0,414
07/05/2016,AUS,TX,ASW,CE,Combined TRACON& Tower with Radar,338,40,76,4,458,0,0,49,19,68,338,40,125,23,526,0,0,0,526
07/06/2016,AUS,TX,ASW,CE,Combined TRACON& Tower with Radar,336,34,72,10,452,0,0,51,19,70,336,34,123,29,522,8,0,8,530
07/07/2016,AUS,TX,ASW,CE,Combined TRACON& Tower with Radar,359,38,75,14,486,0,0,74,27,101,359,38,149,41,587,6,8,14,601
07/08/2016,AUS,TX,ASW,CE,Combined TRACON& Tower with Radar,339,36,71,24,470,0,0,60,33,93,339,36,131,57,563,0,0,0,563
07/09/2016,AUS,TX,ASW,CE,Combined TRACON& Tower with Radar,317,28,36,12,393,0,1,56,25,82,317,29,92,37,475,4,18,22,497
07/10/2016,AUS,TX,ASW,CE,Combined TRACON& Tower with Radar,319,25,47,14,405,0,3,53,7,63,319,28,100,21,468,0,0,0,468
07/11/2016,AUS,TX,ASW,CE,Combined TRACON& Tower with Radar,340,29,62,13,444,0,0,46,13,59,340,29,108,26,503,6,10,16,519
07/12/2016,AUS,TX,ASW,CE,Combined TRACON& Tower with Radar,340,32,95,6,473,0,2,61,17,80,340,34,156,23,553,10,0,10,563
07/13/2016,AUS,TX,ASW,CE,Combined TRACON& Tower with Radar,335,39,74,7,455,0,1,62,32,95,335,40,136,39,550,12,0,12,562
07/14/2016,AUS,TX,ASW,CE,Combined TRACON& Tower with Radar,354,40,69,2,465,0,1,55,20,76,354,41,124,22,541,8,0,8,549
07/15/2016,AUS,TX,ASW,CE,Combined TRACON& Tower with Radar,370,27,71,16,484,0,2,73,31,106,370,29,144,47,590,0,16,16,606
07/16/2016,AUS,TX,ASW,CE,Combined TRACON& Tower with Radar,286,23,37,9,355,0,1,62,6,69,286,24,99,15,424,4,0,4,428
07/17/2016,AUS,TX,ASW,CE,Combined TRACON& Tower with Radar,323,21,47,16,407,0,0,76,19,95,323,21,123,35,502,10,8,18,520
07/18/2016,AUS,TX,ASW,CE,Combined TRACON& Tower with Radar,340,34,80,6,460,0,3,36,16,55,340,37,116,22,515,6,0,6,521
07/19/2016,AUS,TX,ASW,CE,Combined TRACON& Tower with Radar,347,31,55,25,458,0,1,61,17,79,347,32,116,42,537,0,0,0,537
07/20/2016,AUS,TX,ASW,CE,Combined TRACON& Tower with Radar,327,35,69,9,440,0,3,67,31,101,327,38,136,40,541,10,2,12,553
07/21/2016,AUS,TX,ASW,CE,Combined TRACON& Tower with Radar,305,54,82,11,452,0,4,83,20,107,305,58,165,31,559,16,0,16,575
07/22/2016,AUS,TX,ASW,CE,Combined TRACON& Tower with Radar,313,63,70,28,474,0,3,62,12,77,313,66,132,40,551,10,0,10,561
07/23/2016,AUS,TX,ASW,CE,Combined TRACON& Tower with Radar,261,47,51,7,366,0,1,71,14,86,261,48,122,21,452,0,0,0,452
07/24/2016,AUS,TX,ASW,CE,Combined TRACON& Tower with Radar,298,51,71,15,435,0,3,68,8,79,298,54,139,23,514,0,0,0,514
07/25/2016,AUS,TX,ASW,CE,Combined TRACON& Tower with Radar,333,50,61,4,448,0,0,42,16,58,333,50,103,20,506,0,0,0,506
07/26/2016,AUS,TX,ASW,CE,Combined TRACON& Tower with Radar,322,59,61,7,449,0,0,25,42,67,322,59,86,49,516,28,0,28,544
07/27/2016,AUS,TX,ASW,CE,Combined TRACON& Tower with Radar,326,57,57,19,459,0,0,32,8,40,326,57,89,27,499,18,20,38,537
07/28/2016,AUS,TX,ASW,CE,Combined TRACON& Tower with Radar,330,80,80,16,506,1,4,47,16,68,331,84,127,32,574,0,0,0,574
07/29/2016,AUS,TX,ASW,CE,Combined TRACON& Tower with Radar,316,60,88,32,496,0,1,53,23,77,316,61,141,55,573,16,0,16,589
07/30/2016,AUS,TX,ASW,CE,Combined TRACON& Tower with Radar,257,58,45,14,374,0,0,72,15,87,257,58,117,29,461,0,0,0,461
07/31/2016,AUS,TX,ASW,CE,Combined TRACON& Tower with Radar,291,56,61,9,417,0,5,79,5,89,291,61,140,14,506,0,0,0,506
08/01/2016,AUS,TX,ASW,CE,Combined TRACON& Tower with Radar,326,52,68,8,454,0,7,50,24,81,326,59,118,32,535,8,0,8,543
08/02/2016,AUS,TX,ASW,CE,Combined TRACON& Tower with Radar,311,45,62,9,427,0,5,59,22,86,311,50,121,31,513,8,0,8,521
08/03/2016,AUS,TX,ASW,CE,Combined TRACON& Tower with Radar,313,62,72,17,464,0,0,65,47,112,313,62,137,64,576,16,10,26,602
08/04/2016,AUS,TX,ASW,CE,Combined TRACON& Tower with Radar,331,74,66,10,481,0,5,49,26,80,331,79,115,36,561,0,0,0,561
08/05/2016,AUS,TX,ASW,CE,Combined TRACON& Tower with Radar,319,63,69,14,465,0,0,55,25,80,319,63,124,39,545,0,0,0,545
08/06/2016,AUS,TX,ASW,CE,Combined TRACON& Tower with Radar,264,38,23,1,326,0,6,78,13,97,264,44,101,14,423,6,0,6,429
08/07/2016,AUS,TX,ASW,CE,Combined TRACON& Tower with Radar,299,60,65,8,432,0,0,92,12,104,299,60,157,20,536,0,0,0,536
08/08/2016,AUS,TX,ASW,CE,Combined TRACON& Tower with Radar,305,55,65,3,428,0,1,41,16,58,305,56,106,19,486,0,0,0,486
08/09/2016,AUS,TX,ASW,CE,Combined TRACON& Tower with Radar,300,70,88,10,468,0,6,51,27,84,300,76,139,37,552,0,0,0,552
08/10/2016,AUS,TX,ASW,CE,Combined TRACON& Tower with Radar,298,54,69,13,434,0,0,57,23,80,298,54,126,36,514,0,0,0,514
08/11/2016,AUS,TX,ASW,CE,Combined TRACON& Tower with Radar,321,64,82,18,485,0,0,53,43,96,321,64,135,61,581,0,0,0,581
08/12/2016,AUS,TX,ASW,CE,Combined TRACON& Tower with Radar,329,63,50,8,450,0,0,64,21,85,329,63,114,29,535,0,52,52,587
08/13/2016,AUS,TX,ASW,CE,Combined TRACON& Tower with Radar,267,47,56,2,372,0,3,43,31,77,267,50,99,33,449,36,0,36,485
08/14/2016,AUS,TX,ASW,CE,Combined TRACON& Tower with Radar,299,62,62,4,427,0,0,3,8,11,299,62,65,12,438,0,0,0,438
08/15/2016,AUS,TX,ASW,CE,Combined TRACON& Tower with Radar,303,61,60,5,429,0,0,3,1,4,303,61,63,6,433,0,0,0,433
08/16/2016,AUS,TX,ASW,CE,Combined TRACON& Tower with Radar,300,75,51,3,429,0,0,0,0,0,300,75,51,3,429,0,0,0,429
08/17/2016,AUS,TX,ASW,CE,Combined TRACON& Tower with Radar,293,80,70,6,449,0,2,2,6,10,293,82,72,12,459,10,0,10,469
08/18/2016,AUS,TX,ASW,CE,Combined TRACON& Tower with Radar,318,77,95,6,496,0,2,10,17,29,318,79,105,23,525,0,0,0,525
08/19/2016,AUS,TX,ASW,CE,Combined TRACON& Tower with Radar,343,85,75,26,529,0,0,48,27,75,343,85,123,53,604,6,0,6,610
08/20/2016,AUS,TX,ASW,CE,Combined TRACON& Tower with Radar,226,45,30,8,309,0,1,16,7,24,226,46,46,15,333,0,0,0,333
08/21/2016,AUS,TX,ASW,CE,Combined TRACON& Tower with Radar,285,50,39,1,375,0,4,12,2,18,285,54,51,3,393,6,0,6,399
08/22/2016,AUS,TX,ASW,CE,Combined TRACON& Tower with Radar,310,65,90,6,471,0,1,25,7,33,310,66,115,13,504,0,0,0,504
08/23/2016,AUS,TX,ASW,CE,Combined TRACON& Tower with Radar,292,56,94,6,448,0,2,57,25,84,292,58,151,31,532,6,0,6,538
08/24/2016,AUS,TX,ASW,CE,Combined TRACON& Tower with Radar,289,70,93,5,457,0,0,78,18,96,289,70,171,23,553,2,0,2,555
08/25/2016,AUS,TX,ASW,CE,Combined TRACON& Tower with Radar,304,81,81,24,490,0,0,86,25,111,304,81,167,49,601,8,0,8,609
08/26/2016,AUS,TX,ASW,CE,Combined TRACON& Tower with Radar,306,57,82,19,464,0,3,67,19,89,306,60,149,38,553,0,0,0,553
08/27/2016,AUS,TX,ASW,CE,Combined TRACON& Tower with Radar,220,37,38,13,308,0,1,66,17,84,220,38,104,30,392,30,4,34,426
08/28/2016,AUS,TX,ASW,CE,Combined TRACON& Tower with Radar,281,56,50,13,400,0,5,45,8,58,281,61,95,21,458,16,0,16,474
08/29/2016,AUS,TX,ASW,CE,Combined TRACON& Tower with Radar,295,60,81,7,443,0,0,15,16,31,295,60,96,23,474,0,16,16,490
08/30/2016,AUS,TX,ASW,CE,Combined TRACON& Tower with Radar,290,63,68,11,432,0,0,51,15,66,290,63,119,26,498,10,20,30,528
08/31/2016,AUS,TX,ASW,CE,Combined TRACON& Tower with Radar,286,67,71,15,439,0,5,78,34,117,286,72,149,49,556,0,8,8,564
09/01/2016,AUS,TX,ASW,CE,Combined TRACON& Tower with Radar,312,74,90,12,488,0,4,87,23,114,312,78,177,35,602,0,0,0,602
09/02/2016,AUS,TX,ASW,CE,Combined TRACON& Tower with Radar,306,67,103,4,480,0,1,44,14,59,306,68,147,18,539,10,0,10,549
09/03/2016,AUS,TX,ASW,CE,Combined TRACON& Tower with Radar,189,35,61,3,288,0,9,90,9,108,189,44,151,12,396,20,0,20,416
09/04/2016,AUS,TX,ASW,CE,Combined TRACON& Tower with Radar,230,57,90,0,377,0,2,55,8,65,230,59,145,8,442,36,0,36,478
09/05/2016,AUS,TX,ASW,CE,Combined TRACON& Tower with Radar,266,72,131,6,475,0,1,46,8,55,266,73,177,14,530,0,0,0,530
09/06/2016,AUS,TX,ASW,CE,Combined TRACON& Tower with Radar,282,67,81,6,436,0,2,25,11,38,282,69,106,17,474,0,2,2,476
09/07/2016,AUS,TX,ASW,CE,Combined TRACON& Tower with Radar,291,57,75,8,431,0,4,77,21,102,291,61,152,29,533,8,18,26,559
09/08/2016,AUS,TX,ASW,CE,Combined TRACON& Tower with Radar,309,67,95,10,481,0,0,66,21,87,309,67,161,31,568,6,0,6,574
09/09/2016,AUS,TX,ASW,CE,Combined TRACON& Tower with Radar,297,64,107,23,491,0,8,64,13,85,297,72,171,36,576,6,0,6,582
09/10/2016,AUS,TX,ASW,CE,Combined TRACON& Tower with Radar,224,40,60,28,352,0,1,32,12,45,224,41,92,40,397,4,0,4,401
09/11/2016,AUS,TX,ASW,CE,Combined TRACON& Tower with Radar,286,50,69,18,423,0,1,80,7,88,286,51,149,25,511,0,0,0,511
09/12/2016,AUS,TX,ASW,CE,Combined TRACON& Tower with Radar,299,51,81,5,436,0,0,90,13,103,299,51,171,18,539,0,0,0,539
09/13/2016,AUS,TX,ASW,CE,Combined TRACON& Tower with Radar,298,49,102,9,458,0,4,45,27,76,298,53,147,36,534,10,6,16,550
09/14/2016,AUS,TX,ASW,CE,Combined TRACON& Tower with Radar,299,82,109,38,528,0,0,89,31,120,299,82,198,69,648,32,0,32,680
09/15/2016,AUS,TX,ASW,CE,Combined TRACON& Tower with Radar,336,60,114,5,515,0,0,60,23,83,336,60,174,28,598,0,0,0,598
09/16/2016,AUS,TX,ASW,CE,Combined TRACON& Tower with Radar,330,56,124,14,524,0,1,76,30,107,330,57,200,44,631,0,0,0,631
09/17/2016,AUS,TX,ASW,CE,Combined TRACON& Tower with Radar,242,31,56,9,338,0,0,67,19,86,242,31,123,28,424,0,0,0,424
09/18/2016,AUS,TX,ASW,CE,Combined TRACON& Tower with Radar,312,45,89,3,449,0,3,55,7,65,312,48,144,10,514,16,0,16,530
09/19/2016,AUS,TX,ASW,CE,Combined TRACON& Tower with Radar,328,37,71,19,455,0,7,69,23,99,328,44,140,42,554,0,0,0,554
09/20/2016,AUS,TX,ASW,CE,Combined TRACON& Tower with Radar,315,35,97,9,456,0,1,68,20,89,315,36,165,29,545,12,6,18,563
09/21/2016,AUS,TX,ASW,CE,Combined TRACON& Tower with Radar,311,28,88,6,433,0,1,73,19,93,311,29,161,25,526,6,60,66,592
09/22/2016,AUS,TX,ASW,CE,Combined TRACON& Tower with Radar,334,57,88,20,499,0,4,69,33,106,334,61,157,53,605,4,10,14,619
09/23/2016,AUS,TX,ASW,CE,Combined TRACON& Tower with Radar,337,41,93,12,483,0,2,40,19,61,337,43,133,31,544,10,0,10,554
09/24/2016,AUS,TX,ASW,CE,Combined TRACON& Tower with Radar,254,16,63,4,337,0,4,18,7,29,254,20,81,11,366,0,0,0,366
09/25/2016,AUS,TX,ASW,CE,Combined TRACON& Tower with Radar,308,34,63,3,408,0,0,10,2,12,308,34,73,5,420,0,0,0,420
09/26/2016,AUS,TX,ASW,CE,Combined TRACON& Tower with Radar,326,38,85,11,460,0,6,0,6,12,326,44,85,17,472,0,10,10,482
09/27/2016,AUS,TX,ASW,CE,Combined TRACON& Tower with Radar,316,33,77,15,441,0,3,49,21,73,316,36,126,36,514,18,10,28,542
09/28/2016,AUS,TX,ASW,CE,Combined TRACON& Tower with Radar,313,51,105,6,475,0,0,115,28,143,313,51,220,34,618,0,0,0,618
09/29/2016,AUS,TX,ASW,CE,Combined TRACON& Tower with Radar,328,39,105,6,478,0,0,76,37,113,328,39,181,43,591,0,0,0,591
09/30/2016,AUS,TX,ASW,CE,Combined TRACON& Tower with Radar,326,48,81,11,466,0,0,82,23,105,326,48,163,34,571,6,0,6,577
10/01/2016,AUS,TX,ASW,CE,Combined TRACON& Tower with Radar,247,22,48,1,318,0,4,88,12,104,247,26,136,13,422,10,0,10,432
10/02/2016,AUS,TX,ASW,CE,Combined TRACON& Tower with Radar,310,33,75,3,421,0,1,81,6,88,310,34,156,9,509,16,0,16,525
10/03/2016,AUS,TX,ASW,CE,Combined TRACON& Tower with Radar,320,28,79,15,442,0,1,65,12,78,320,29,144,27,520,20,0,20,540
10/04/2016,AUS,TX,ASW,CE,Combined TRACON& Tower with Radar,308,44,105,7,464,0,0,59,22,81,308,44,164,29,545,4,0,4,549
10/05/2016,AUS,TX,ASW,CE,Combined TRACON& Tower with Radar,322,46,121,7,496,0,0,71,19,90,322,46,192,26,586,0,0,0,586
10/06/2016,AUS,TX,ASW,CE,Combined TRACON& Tower with Radar,324,61,109,8,502,0,4,59,19,82,324,65,168,27,584,24,0,24,608
10/07/2016,AUS,TX,ASW,CE,Combined TRACON& Tower with Radar,327,67,123,18,535,0,2,39,13,54,327,69,162,31,589,0,0,0,589
10/08/2016,AUS,TX,ASW,CE,Combined TRACON& Tower with Radar,246,34,48,3,331,0,1,84,17,102,246,35,132,20,433,0,0,0,433
10/09/2016,AUS,TX,ASW,CE,Combined TRACON& Tower with Radar,308,53,76,11,448,0,4,77,8,89,308,57,153,19,537,0,0,0,537
10/10/2016,AUS,TX,ASW,CE,Combined TRACON& Tower with Radar,323,53,94,2,472,0,0,66,6,72,323,53,160,8,544,0,0,0,544
10/11/2016,AUS,TX,ASW,CE,Combined TRACON& Tower with Radar,324,49,65,12,450,0,3,84,24,111,324,52,149,36,561,2,0,2,563
10/12/2016,AUS,TX,ASW,CE,Combined TRACON& Tower with Radar,330,47,92,14,483,0,0,76,39,115,330,47,168,53,598,26,10,36,634
10/13/2016,AUS,TX,ASW,CE,Combined TRACON& Tower with Radar,336,57,122,7,522,0,0,35,32,67,336,57,157,39,589,0,8,8,597
10/14/2016,AUS,TX,ASW,CE,Combined TRACON& Tower with Radar,324,47,94,10,475,0,1,44,17,62,324,48,138,27,537,0,0,0,537
10/15/2016,AUS,TX,ASW,CE,Combined TRACON& Tower with Radar,242,38,78,26,384,0,0,66,22,88,242,38,144,48,472,24,20,44,516
10/16/2016,AUS,TX,ASW,CE,Combined TRACON& Tower with Radar,313,42,93,23,471,0,2,54,5,61,313,44,147,28,532,0,0,0,532
10/17/2016,AUS,TX,ASW,CE,Combined TRACON& Tower with Radar,328,33,112,1,474,0,0,48,3,51,328,33,160,4,525,0,0,0,525
10/18/2016,AUS,TX,ASW,CE,Combined TRACON& Tower with Radar,317,46,105,4,472,0,0,49,28,77,317,46,154,32,549,8,0,8,557
10/19/2016,AUS,TX,ASW,CE,Combined TRACON& Tower with Radar,324,54,114,6,498,0,0,57,21,78,324,54,171,27,576,0,26,26,602
10/20/2016,AUS,TX,ASW,CE,Combined TRACON& Tower with Radar,343,67,141,8,559,0,1,43,28,72,343,68,184,36,631,14,0,14,645
10/21/2016,AUS,TX,ASW,CE,Combined TRACON& Tower with Radar,333,64,137,8,542,0,1,73,23,97,333,65,210,31,639,0,0,0,639
10/22/2016,AUS,TX,ASW,CE,Combined TRACON& Tower with Radar,247,43,83,1,374,0,2,80,11,93,247,45,163,12,467,0,0,0,467
10/23/2016,AUS,TX,ASW,CE,Combined TRACON& Tower with Radar,312,77,162,1,552,0,0,119,9,128,312,77,281,10,680,10,0,10,690
10/24/2016,AUS,TX,ASW,CE,Combined TRACON& Tower with Radar,338,58,125,15,536,0,0,76,8,84,338,58,201,23,620,16,0,16,636
10/25/2016,AUS,TX,ASW,CE,Combined TRACON& Tower with Radar,327,46,76,13,462,0,0,44,16,60,327,46,120,29,522,32,0,32,554
10/26/2016,AUS,TX,ASW,CE,Combined TRACON& Tower with Radar,327,48,98,5,478,0,0,53,26,79,327,48,151,31,557,18,0,18,575
10/27/2016,AUS,TX,ASW,CE,Combined TRACON& Tower with Radar,335,55,104,8,502,0,4,79,28,111,335,59,183,36,613,0,0,0,613
10/28/2016,AUS,TX,ASW,CE,Combined TRACON& Tower with Radar,332,52,113,12,509,0,0,72,22,94,332,52,185,34,603,34,10,44,647
10/29/2016,AUS,TX,ASW,CE,Combined TRACON& Tower with Radar,243,30,87,9,369,0,4,53,20,77,243,34,140,29,446,6,0,6,452
10/30/2016,AUS,TX,ASW,CE,Combined TRACON& Tower with Radar,304,38,88,13,443,0,4,76,10,90,304,42,164,23,533,14,20,34,567
10/31/2016,AUS,TX,ASW,CE,Combined TRACON& Tower with Radar,298,36,85,3,422,0,0,63,17,80,298,36,148,20,502,0,0,0,502
11/01/2016,AUS,TX,ASW,CE,Combined TRACON& Tower with Radar,296,40,104,6,446,0,1,37,26,64,296,41,141,32,510,0,14,14,524
11/02/2016,AUS,TX,ASW,CE,Combined TRACON& Tower with Radar,313,53,135,3,504,0,0,30,25,55,313,53,165,28,559,22,0,22,581
11/03/2016,AUS,TX,ASW,CE,Combined TRACON& Tower with Radar,333,48,123,7,511,0,3,9,15,27,333,51,132,22,538,10,0,10,548
11/04/2016,AUS,TX,ASW,CE,Combined TRACON& Tower with Radar,322,59,128,11,520,0,0,7,4,11,322,59,135,15,531,0,0,0,531
11/05/2016,AUS,TX,ASW,CE,Combined TRACON& Tower with Radar,243,34,50,10,337,0,0,6,7,13,243,34,56,17,350,0,0,0,350
11/06/2016,AUS,TX,ASW,CE,Combined TRACON& Tower with Radar,319,48,95,2,464,0,3,10,3,16,319,51,105,5,480,20,0,20,500
11/07/2016,AUS,TX,ASW,CE,Combined TRACON& Tower with Radar,327,38,86,7,458,0,0,6,1,7,327,38,92,8,465,12,0,12,477
11/08/2016,AUS,TX,ASW,CE,Combined TRACON& Tower with Radar,291,49,99,2,441,0,0,15,4,19,291,49,114,6,460,6,0,6,466
11/09/2016,AUS,TX,ASW,CE,Combined TRACON& Tower with Radar,316,62,125,9,512,0,0,2,6,8,316,62,127,15,520,0,0,0,520
11/10/2016,AUS,TX,ASW,CE,Combined TRACON& Tower with Radar,348,59,153,18,578,0,6,87,33,126,348,65,240,51,704,0,0,0,704
11/11/2016,AUS,TX,ASW,CE,Combined TRACON& Tower with Radar,329,57,106,4,496,0,6,93,12,111,329,63,199,16,607,20,0,20,627
11/12/2016,AUS,TX,ASW,CE,Combined TRACON& Tower with Radar,249,22,82,4,357,0,5,101,20,126,249,27,183,24,483,38,16,54,537
11/13/2016,AUS,TX,ASW,CE,Combined TRACON& Tower with Radar,327,59,89,3,478,0,3,81,9,93,327,62,170,12,571,8,0,8,579
11/14/2016,AUS,TX,ASW,CE,Combined TRACON& Tower with Radar,324,28,106,9,467,0,2,65,17,84,324,30,171,26,551,4,0,4,555
11/15/2016,AUS,TX,ASW,CE,Combined TRACON& Tower with Radar,307,52,82,6,447,0,6,126,26,158,307,58,208,32,605,90,0,90,695
11/16/2016,AUS,TX,ASW,CE,Combined TRACON& Tower with Radar,318,55,87,11,471,0,1,100,33,134,318,56,187,44,605,18,6,24,629
11/17/2016,AUS,TX,ASW,CE,Combined TRACON& Tower with Radar,336,55,143,10,544,0,2,71,23,96,336,57,214,33,640,0,0,0,640
11/18/2016,AUS,TX,ASW,CE,Combined TRACON& Tower with Radar,349,65,105,34,553,0,3,42,14,59,349,68,147,48,612,0,0,0,612
11/19/2016,AUS,TX,ASW,CE,Combined TRACON& Tower with Radar,274,29,46,25,374,0,7,115,13,135,274,36,161,38,509,20,0,20,529
11/20/2016,AUS,TX,ASW,CE,Combined TRACON& Tower with Radar,310,51,53,22,436,0,0,85,4,89,310,51,138,26,525,24,0,24,549
11/21/2016,AUS,TX,ASW,CE,Combined TRACON& Tower with Radar,299,43,72,2,416,0,0,79,20,99,299,43,151,22,515,8,0,8,523
11/22/2016,AUS,TX,ASW,CE,Combined TRACON& Tower with Radar,329,44,105,10,488,0,0,19,24,43,329,44,124,34,531,6,32,38,569
11/23/2016,AUS,TX,ASW,CE,Combined TRACON& Tower with Radar,347,37,76,0,460,0,4,106,16,126,347,41,182,16,586,0,0,0,586
11/24/2016,AUS,TX,ASW,CE,Combined TRACON& Tower with Radar,201,13,36,0,250,0,1,40,7,48,201,14,76,7,298,0,0,0,298
11/25/2016,AUS,TX,ASW,CE,Combined TRACON& Tower with Radar,255,34,84,0,373,0,2,3,7,12,255,36,87,7,385,0,0,0,385
11/26/2016,AUS,TX,ASW,CE,Combined TRACON& Tower with Radar,316,38,69,0,423,0,0,72,8,80,316,38,141,8,503,0,0,0,503
11/27/2016,AUS,TX,ASW,CE,Combined TRACON& Tower with Radar,348,43,140,0,531,0,4,22,5,31,348,47,162,5,562,0,0,0,562
11/28/2016,AUS,TX,ASW,CE,Combined TRACON& Tower with Radar,348,43,79,1,471,0,4,37,13,54,348,47,116,14,525,0,0,0,525
11/29/2016,AUS,TX,ASW,CE,Combined TRACON& Tower with Radar,327,39,101,2,469,0,1,90,19,110,327,40,191,21,579,16,0,16,595
11/30/2016,AUS,TX,ASW,CE,Combined TRACON& Tower with Radar,324,39,115,9,487,0,2,116,28,146,324,41,231,37,633,0,4,4,637
12/01/2016,AUS,TX,ASW,CE,Combined TRACON& Tower with Radar,327,61,93,11,492,0,3,105,33,141,327,64,198,44,633,0,0,0,633
12/02/2016,AUS,TX,ASW,CE,Combined TRACON& Tower with Radar,323,59,67,1,450,0,0,12,18,30,323,59,79,19,480,0,0,0,480
12/03/2016,AUS,TX,ASW,CE,Combined TRACON& Tower with Radar,225,18,46,0,289,0,0,0,0,0,225,18,46,0,289,0,0,0,289
12/04/2016,AUS,TX,ASW,CE,Combined TRACON& Tower with Radar,301,30,66,2,399,0,0,2,0,2,301,30,68,2,401,0,0,0,401
12/05/2016,AUS,TX,ASW,CE,Combined TRACON& Tower with Radar,318,43,58,3,422,0,0,2,0,2,318,43,60,3,424,0,0,0,424
12/06/2016,AUS,TX,ASW,CE,Combined TRACON& Tower with Radar,320,46,120,3,489,0,2,78,21,101,320,48,198,24,590,18,0,18,608
12/07/2016,AUS,TX,ASW,CE,Combined TRACON& Tower with Radar,319,44,87,10,460,0,0,9,14,23,319,44,96,24,483,0,0,0,483
12/08/2016,AUS,TX,ASW,CE,Combined TRACON& Tower with Radar,335,65,111,10,521,0,0,21,8,29,335,65,132,18,550,0,0,0,550
12/09/2016,AUS,TX,ASW,CE,Combined TRACON& Tower with Radar,326,51,75,10,462,0,0,66,10,76,326,51,141,20,538,0,0,0,538
12/10/2016,AUS,TX,ASW,CE,Combined TRACON& Tower with Radar,223,24,52,8,307,0,0,21,9,30,223,24,73,17,337,0,6,6,343
12/11/2016,AUS,TX,ASW,CE,Combined TRACON& Tower with Radar,294,26,66,3,389,0,0,0,1,1,294,26,66,4,390,0,0,0,390
12/12/2016,AUS,TX,ASW,CE,Combined TRACON& Tower with Radar,322,40,89,6,457,0,3,96,22,121,322,43,185,28,578,42,0,42,620
12/13/2016,AUS,TX,ASW,CE,Combined TRACON& Tower with Radar,310,48,113,5,476,0,3,57,26,86,310,51,170,31,562,20,2,22,584
12/14/2016,AUS,TX,ASW,CE,Combined TRACON& Tower with Radar,311,43,99,28,481,0,0,25,15,40,311,43,124,43,521,0,0,0,521
12/15/2016,AUS,TX,ASW,CE,Combined TRACON& Tower with Radar,337,55,142,5,539,0,2,23,22,47,337,57,165,27,586,0,0,0,586
12/16/2016,AUS,TX,ASW,CE,Combined TRACON& Tower with Radar,326,43,117,21,507,0,0,3,2,5,326,43,120,23,512,0,0,0,512
12/17/2016,AUS,TX,ASW,CE,Combined TRACON& Tower with Radar,274,35,76,26,411,0,0,17,5,22,274,35,93,31,433,0,0,0,433
12/18/2016,AUS,TX,ASW,CE,Combined TRACON& Tower with Radar,309,24,67,18,418,1,0,39,2,42,310,24,106,20,460,0,0,0,460
12/19/2016,AUS,TX,ASW,CE,Combined TRACON& Tower with Radar,328,36,71,4,439,0,1,99,6,106,328,37,170,10,545,0,0,0,545
12/20/2016,AUS,TX,ASW,CE,Combined TRACON& Tower with Radar,331,48,94,7,480,0,2,88,30,120,331,50,182,37,600,0,0,0,600
12/21/2016,AUS,TX,ASW,CE,Combined TRACON& Tower with Radar,332,44,68,9,453,0,1,97,28,126,332,45,165,37,579,28,0,28,607
12/22/2016,AUS,TX,ASW,CE,Combined TRACON& Tower with Radar,333,39,76,9,457,0,0,108,21,129,333,39,184,30,586,0,0,0,586
12/23/2016,AUS,TX,ASW,CE,Combined TRACON& Tower with Radar,336,35,72,1,444,0,0,2,4,6,336,35,74,5,450,0,0,0,450
12/24/2016,AUS,TX,ASW,CE,Combined TRACON& Tower with Radar,253,30,17,0,300,0,2,3,4,9,253,32,20,4,309,2,0,2,311
12/25/2016,AUS,TX,ASW,CE,Combined TRACON& Tower with Radar,240,22,19,0,281,0,0,4,1,5,240,22,23,1,286,0,0,0,286
12/26/2016,AUS,TX,ASW,CE,Combined TRACON& Tower with Radar,317,36,74,0,427,0,9,9,4,22,317,45,83,4,449,6,0,6,455
12/27/2016,AUS,TX,ASW,CE,Combined TRACON& Tower with Radar,328,52,55,1,436,0,0,35,9,44,328,52,90,10,480,20,0,20,500
12/28/2016,AUS,TX,ASW,CE,Combined TRACON& Tower with Radar,329,34,60,4,427,0,1,26,33,60,329,35,86,37,487,0,0,0,487
12/29/2016,AUS,TX,ASW,CE,Combined TRACON& Tower with Radar,338,36,51,5,430,0,0,36,20,56,338,36,87,25,486,4,0,4,490
12/30/2016,AUS,TX,ASW,CE,Combined TRACON& Tower with Radar,333,37,33,4,407,0,3,55,7,65,333,40,88,11,472,10,0,10,482
12/31/2016,AUS,TX,ASW,CE,Combined TRACON& Tower with Radar,241,18,29,0,288,0,4,28,6,38,241,22,57,6,326,0,0,0,326
01/01/2017,AUS,TX,ASW,CE,Combined TRACON& Tower with Radar,280,23,34,0,337,0,2,25,0,27,280,25,59,0,364,0,0,0,364
01/02/2017,AUS,TX,ASW,CE,Combined TRACON& Tower with Radar,337,55,97,0,489,0,0,80,6,86,337,55,177,6,575,0,0,0,575
01/03/2017,AUS,TX,ASW,CE,Combined TRACON& Tower with Radar,327,47,68,8,450,0,3,91,7,101,327,50,159,15,551,0,0,0,551
01/04/2017,AUS,TX,ASW,CE,Combined TRACON& Tower with Radar,318,27,76,13,434,0,0,79,17,96,318,27,155,30,530,0,0,0,530
01/05/2017,AUS,TX,ASW,CE,Combined TRACON& Tower with Radar,319,36,88,11,454,0,4,42,16,62,319,40,130,27,516,30,26,56,572
01/06/2017,AUS,TX,ASW,CE,Combined TRACON& Tower with Radar,325,32,84,9,450,0,3,11,17,31,325,35,95,26,481,0,0,0,481
01/07/2017,AUS,TX,ASW,CE,Combined TRACON& Tower with Radar,241,15,28,28,312,0,0,69,18,87,241,15,97,46,399,0,0,0,399
01/08/2017,AUS,TX,ASW,CE,Combined TRACON& Tower with Radar,300,16,51,18,385,0,0,71,17,88,300,16,122,35,473,0,0,0,473
01/09/2017,AUS,TX,ASW,CE,Combined TRACON& Tower with Radar,315,49,81,8,453,0,3,38,15,56,315,52,119,23,509,0,0,0,509
01/10/2017,AUS,TX,ASW,CE,Combined TRACON& Tower with Radar,295,37,98,4,434,0,2,71,20,93,295,39,169,24,527,28,0,28,555
01/11/2017,AUS,TX,ASW,CE,Combined TRACON& Tower with Radar,299,34,113,9,455,0,0,22,36,58,299,34,135,45,513,0,0,0,513
01/12/2017,AUS,TX,ASW,CE,Combined TRACON& Tower with Radar,313,47,105,8,473,0,0,35,30,65,313,47,140,38,538,0,0,0,538
01/13/2017,AUS,TX,ASW,CE,Combined TRACON& Tower with Radar,325,44,97,15,481,0,0,12,8,20,325,44,109,23,501,0,4,4,505
01/14/2017,AUS,TX,ASW,CE,Combined TRACON& Tower with Radar,243,21,67,1,332,0,0,0,0,0,243,21,67,1,332,0,0,0,332
01/15/2017,AUS,TX,ASW,CE,Combined TRACON& Tower with Radar,297,18,54,1,370,0,0,1,0,1,297,18,55,1,371,0,0,0,371
01/16/2017,AUS,TX,ASW,CE,Combined TRACON& Tower with Radar,322,38,114,0,474,0,0,17,0,17,322,38,131,0,491,0,0,0,491
01/17/2017,AUS,TX,ASW,CE,Combined TRACON& Tower with Radar,295,47,90,2,434,0,0,3,6,9,295,47,93,8,443,0,0,0,443
01/18/2017,AUS,TX,ASW,CE,Combined TRACON& Tower with Radar,295,38,90,7,430,0,0,6,4,10,295,38,96,11,440,0,14,14,454
01/19/2017,AUS,TX,ASW,CE,Combined TRACON& Tower with Radar,324,47,82,9,462,0,0,64,24,88,324,47,146,33,550,16,0,16,566
01/20/2017,AUS,TX,ASW,CE,Combined TRACON& Tower with Radar,319,38,88,36,481,0,1,66,23,90,319,39,154,59,571,8,0,8,579
01/21/2017,AUS,TX,ASW,CE,Combined TRACON& Tower with Radar,250,22,44,23,339,0,1,73,29,103,250,23,117,52,442,16,16,32,474
01/22/2017,AUS,TX,ASW,CE,Combined TRACON& Tower with Radar,307,23,59,9,398,0,1,15,1,17,307,24,74,10,415,0,0,0,415
01/23/2017,AUS,TX,ASW,CE,Combined TRACON& Tower with Radar,313,39,90,15,457,0,0,118,14,132,313,39,208,29,589,0,0,0,589
01/24/2017,AUS,TX,ASW,CE,Combined TRACON& Tower with Radar,292,42,94,12,440,0,0,65,31,96,292,42,159,43,536,12,16,28,564
01/25/2017,AUS,TX,ASW,CE,Combined TRACON& Tower with Radar,295,45,95,9,444,0,0,105,33,138,295,45,200,42,582,16,0,16,598
01/26/2017,AUS,TX,ASW,CE,Combined TRACON& Tower with Radar,319,30,116,7,472,0,0,82,27,109,319,30,198,34,581,0,0,0,581
01/27/2017,AUS,TX,ASW,CE,Combined TRACON& Tower with Radar,316,41,104,17,478,0,0,87,11,98,316,41,191,28,576,0,0,0,576
01/28/2017,AUS,TX,ASW,CE,Combined TRACON& Tower with Radar,235,21,45,25,326,0,0,95,8,103,235,21,140,33,429,4,0,4,433
01/29/2017,AUS,TX,ASW,CE,Combined TRACON& Tower with Radar,296,28,63,36,423,0,2,124,7,133,296,30,187,43,556,0,0,0,556
01/30/2017,AUS,TX,ASW,CE,Combined TRACON& Tower with Radar,311,24,75,7,417,0,3,75,25,103,311,27,150,32,520,0,0,0,520
01/31/2017,AUS,TX,ASW,CE,Combined TRACON& Tower with Radar,299,46,80,8,433,0,0,94,23,117,299,46,174,31,550,4,0,4,554
02/01/2017,AUS,TX,ASW,CE,Combined TRACON& Tower with Radar,300,58,98,9,465,0,2,50,7,59,300,60,148,16,524,0,0,0,524
02/02/2017,AUS,TX,ASW,CE,Combined TRACON& Tower with Radar,336,54,99,8,497,0,0,51,20,71,336,54,150,28,568,0,0,0,568
02/03/2017,AUS,TX,ASW,CE,Combined TRACON& Tower with Radar,334,39,99,0,472,0,3,41,21,65,334,42,140,21,537,4,0,4,541
02/04/2017,AUS,TX,ASW,CE,Combined TRACON& Tower with Radar,242,30,48,0,320,0,2,0,3,5,242,32,48,3,325,0,0,0,325
02/05/2017,AUS,TX,ASW,CE,Combined TRACON& Tower with Radar,271,23,68,2,364,0,0,2,0,2,271,23,70,2,366,0,0,0,366
02/06/2017,AUS,TX,ASW,CE,Combined TRACON& Tower with Radar,305,43,101,5,454,0,1,29,17,47,305,44,130,22,501,0,0,0,501
02/07/2017,AUS,TX,ASW,CE,Combined TRACON& Tower with Radar,303,32,75,14,424,0,1,82,28,111,303,33,157,42,535,0,0,0,535
02/08/2017,AUS,TX,ASW,CE,Combined TRACON& Tower with Radar,306,56,115,9,486,0,3,92,26,121,306,59,207,35,607,16,2,18,625
02/09/2017,AUS,TX,ASW,CE,Combined TRACON& Tower with Radar,297,64,124,0,485,0,2,95,32,129,297,66,219,32,614,0,8,8,622
02/10/2017,AUS,TX,ASW,CE,Combined TRACON& Tower with Radar,318,45,82,9,454,0,3,49,29,81,318,48,131,38,535,0,0,0,535
02/11/2017,AUS,TX,ASW,CE,Combined TRACON& Tower with Radar,244,24,74,12,354,0,0,66,22,88,244,24,140,34,442,0,0,0,442
02/12/2017,AUS,TX,ASW,CE,Combined TRACON& Tower with Radar,304,40,91,11,446,0,4,63,13,80,304,44,154,24,526,0,12,12,538
02/13/2017,AUS,TX,ASW,CE,Combined TRACON& Tower with Radar,310,41,88,1,440,0,7,13,12,32,310,48,101,13,472,14,0,14,486
02/14/2017,AUS,TX,ASW,CE,Combined TRACON& Tower with Radar,302,46,64,17,429,0,0,7,4,11,302,46,71,21,440,0,0,0,440
02/15/2017,AUS,TX,ASW,CE,Combined TRACON& Tower with Radar,312,43,122,20,497,0,5,112,36,153,312,48,234,56,650,0,0,0,650
02/16/2017,AUS,TX,ASW,CE,Combined TRACON& Tower with Radar,329,60,89,28,506,0,0,95,33,128,329,60,184,61,634,0,0,0,634
02/17/2017,AUS,TX,ASW,CE,Combined TRACON& Tower with Radar,333,41,90,8,472,0,3,72,17,92,333,44,162,25,564,0,0,0,564
02/18/2017,AUS,TX,ASW,CE,Combined TRACON& Tower with Radar,249,33,56,11,349,0,4,93,6,103,249,37,149,17,452,0,0,0,452
02/19/2017,AUS,TX,ASW,CE,Combined TRACON& Tower with Radar,296,22,56,7,381,0,0,2,0,2,296,22,58,7,383,0,0,0,383
02/20/2017,AUS,TX,ASW,CE,Combined TRACON& Tower with Radar,332,40,105,2,479,0,0,29,13,42,332,40,134,15,521,0,0,0,521
02/21/2017,AUS,TX,ASW,CE,Combined TRACON& Tower with Radar,324,36,81,10,451,0,3,89,23,115,324,39,170,33,566,30,0,30,596
02/22/2017,AUS,TX,ASW,CE,Combined TRACON& Tower with Radar,325,51,119,6,501,0,3,93,28,124,325,54,212,34,625,26,2,28,653
02/23/2017,AUS,TX,ASW,CE,Combined TRACON& Tower with Radar,330,54,126,14,524,0,0,100,32,132,330,54,226,46,656,14,0,14,670
02/24/2017,AUS,TX,ASW,CE,Combined TRACON& Tower with Radar,344,47,88,13,492,0,0,80,28,108,344,47,168,41,600,0,0,0,600
02/25/2017,AUS,TX,ASW,CE,Combined TRACON& Tower with Radar,254,18,51,5,328,0,4,114,19,137,254,22,165,24,465,30,0,30,495
02/26/2017,AUS,TX,ASW,CE,Combined TRACON& Tower with Radar,305,32,77,12,426,0,12,13,11,36,305,44,90,23,462,28,0,28,490
02/27/2017,AUS,TX,ASW,CE,Combined TRACON& Tower with Radar,325,33,84,18,460,0,0,19,17,36,325,33,103,35,496,0,30,30,526
02/28/2017,AUS,TX,ASW,CE,Combined TRACON& Tower with Radar,312,51,91,5,459,0,2,26,21,49,312,53,117,26,508,22,0,22,530
03/01/2017,AUS,TX,ASW,CE,Combined TRACON& Tower with Radar,322,49,107,3,481,0,4,93,19,116,322,53,200,22,597,16,0,16,613
03/02/2017,AUS,TX,ASW,CE,Combined TRACON& Tower with Radar,333,45,137,18,533,0,8,114,28,150,333,53,251,46,683,40,0,40,723
03/03/2017,AUS,TX,ASW,CE,Combined TRACON& Tower with Radar,332,39,119,5,495,0,0,109,20,129,332,39,228,25,624,0,0,0,624
03/04/2017,AUS,TX,ASW,CE,Combined TRACON& Tower with Radar,251,17,57,4,329,0,0,5,7,12,251,17,62,11,341,0,0,0,341
03/05/2017,AUS,TX,ASW,CE,Combined TRACON& Tower with Radar,318,45,70,22,455,0,1,11,4,16,318,46,81,26,471,36,0,36,507
03/06/2017,AUS,TX,ASW,CE,Combined TRACON& Tower with Radar,327,40,95,7,469,0,1,26,20,47,327,41,121,27,516,0,0,0,516
03/07/2017,AUS,TX,ASW,CE,Combined TRACON& Tower with Radar,322,50,85,2,459,0,0,40,12,52,322,50,125,14,511,24,0,24,535
03/08/2017,AUS,TX,ASW,CE,Combined TRACON& Tower with Radar,319,52,114,16,501,0,2,62,25,89,319,54,176,41,590,10,2,12,602
03/09/2017,AUS,TX,ASW,CE,Combined TRACON& Tower with Radar,351,46,113,8,518,0,0,12,11,23,351,46,125,19,541,8,8,16,557
03/10/2017,AUS,TX,ASW,CE,Combined TRACON& Tower with Radar,361,83,108,16,568,0,4,40,23,67,361,87,148,39,635,0,0,0,635
03/11/2017,AUS,TX,ASW,CE,Combined TRACON& Tower with Radar,294,63,80,15,452,0,0,0,2,2,294,63,80,17,454,0,0,0,454
03/12/2017,AUS,TX,ASW,CE,Combined TRACON& Tower with Radar,340,46,90,3,479,0,0,4,4,8,340,46,94,7,487,0,0,0,487
03/13/2017,AUS,TX,ASW,CE,Combined TRACON& Tower with Radar,349,40,97,7,493,0,0,54,8,62,349,40,151,15,555,6,0,6,561
03/14/2017,AUS,TX,ASW,CE,Combined TRACON& Tower with Radar,302,27,59,8,396,0,1,151,28,180,302,28,210,36,576,6,0,6,582
03/15/2017,AUS,TX,ASW,CE,Combined TRACON& Tower with Radar,344,31,62,13,450,0,1,70,16,87,344,32,132,29,537,6,12,18,555
03/16/2017,AUS,TX,ASW,CE,Combined TRACON& Tower with Radar,354,34,84,4,476,0,0,18,24,42,354,34,102,28,518,0,0,0,518
03/17/2017,AUS,TX,ASW,CE,Combined TRACON& Tower with Radar,368,52,100,17,537,0,4,48,18,70,368,56,148,35,607,8,0,8,615
03/18/2017,AUS,TX,ASW,CE,Combined TRACON& Tower with Radar,296,55,95,2,448,0,5,48,10,63,296,60,143,12,511,0,0,0,511
03/19/2017,AUS,TX,ASW,CE,Combined TRACON& Tower with Radar,349,51,96,9,505,0,1,76,4,81,349,52,172,13,586,2,0,2,588
03/20/2017,AUS,TX,ASW,CE,Combined TRACON& Tower with Radar,356,75,92,7,530,0,1,68,6,75,356,76,160,13,605,0,0,0,605
03/21/2017,AUS,TX,ASW,CE,Combined TRACON& Tower with Radar,328,54,108,11,501,0,2,51,18,71,328,56,159,29,572,0,0,0,572
03/22/2017,AUS,TX,ASW,CE,Combined TRACON& Tower with Radar,338,55,102,11,506,0,3,44,21,68,338,58,146,32,574,0,0,0,574
03/23/2017,AUS,TX,ASW,CE,Combined TRACON& Tower with Radar,344,50,132,17,543,0,0,40,17,57,344,50,172,34,600,0,0,0,600
03/24/2017,AUS,TX,ASW,CE,Combined TRACON& Tower with Radar,352,52,79,28,511,0,0,22,28,50,352,52,101,56,561,0,0,0,561
03/25/2017,AUS,TX,ASW,CE,Combined TRACON& Tower with Radar,296,36,40,14,386,0,6,120,27,153,296,42,160,41,539,0,10,10,549
03/26/2017,AUS,TX,ASW,CE,Combined TRACON& Tower with Radar,345,29,84,29,487,0,3,50,19,72,345,32,134,48,559,2,0,2,561
03/27/2017,AUS,TX,ASW,CE,Combined TRACON& Tower with Radar,350,40,111,3,504,0,4,47,12,63,350,44,158,15,567,0,0,0,567
03/28/2017,AUS,TX,ASW,CE,Combined TRACON& Tower with Radar,325,55,92,6,478,0,2,19,11,32,325,57,111,17,510,6,0,6,516
03/29/2017,AUS,TX,ASW,CE,Combined TRACON& Tower with Radar,372,57,88,19,536,0,4,61,18,83,372,61,149,37,619,22,6,28,647
03/30/2017,AUS,TX,ASW,CE,Combined TRACON& Tower with Radar,335,56,102,16,509,0,1,114,22,137,335,57,216,38,646,8,4,12,658
03/31/2017,AUS,TX,ASW,CE,Combined TRACON& Tower with Radar,356,51,84,9,500,0,0,78,21,99,356,51,162,30,599,6,0,6,605
04/01/2017,AUS,TX,ASW,CE,Combined TRACON& Tower with Radar,275,35,39,2,351,0,2,5,22,29,275,37,44,24,380,0,0,0,380
04/02/2017,AUS,TX,ASW,CE,Combined TRACON& Tower with Radar,334,32,60,0,426,0,0,21,7,28,334,32,81,7,454,0,0,0,454
04/03/2017,AUS,TX,ASW,CE,Combined TRACON& Tower with Radar,357,40,97,9,503,0,2,57,11,70,357,42,154,20,573,10,0,10,583
04/04/2017,AUS,TX,ASW,CE,Combined TRACON& Tower with Radar,335,36,70,12,453,0,2,66,26,94,335,38,136,38,547,0,0,0,547
04/05/2017,AUS,TX,ASW,CE,Combined TRACON& Tower with Radar,339,66,92,4,501,0,2,111,19,132,339,68,203,23,633,30,0,30,663
04/06/2017,AUS,TX,ASW,CE,Combined TRACON& Tower with Radar,323,67,119,2,511,0,4,110,19,133,323,71,229,21,644,6,18,24,668
04/07/2017,AUS,TX,ASW,CE,Combined TRACON& Tower with Radar,345,60,118,7,530,0,8,118,21,147,345,68,236,28,677,12,0,12,689
04/08/2017,AUS,TX,ASW,CE,Combined TRACON& Tower with Radar,276,36,53,15,380,0,4,85,12,101,276,40,138,27,481,6,6,12,493
04/09/2017,AUS,TX,ASW,CE,Combined TRACON& Tower with Radar,331,44,98,25,498,0,0,24,18,42,331,44,122,43,540,10,0,10,550
04/10/2017,AUS,TX,ASW,CE,Combined TRACON& Tower with Radar,351,39,122,1,513,0,0,4,8,12,351,39,126,9,525,0,0,0,525
04/11/2017,AUS,TX,ASW,CE,Combined TRACON& Tower with Radar,350,45,82,3,480,0,0,2,9,11,350,45,84,12,491,0,0,0,491
04/12/2017,AUS,TX,ASW,CE,Combined TRACON& Tower with Radar,345,58,121,9,533,0,0,18,13,31,345,58,139,22,564,0,0,0,564
04/13/2017,AUS,TX,ASW,CE,Combined TRACON& Tower with Radar,349,50,109,8,516,0,4,40,14,58,349,54,149,22,574,0,0,0,574
04/14/2017,AUS,TX,ASW,CE,Combined TRACON& Tower with Radar,359,36,78,5,478,0,1,62,5,68,359,37,140,10,546,0,0,0,546
04/15/2017,AUS,TX,ASW,CE,Combined TRACON& Tower with Radar,276,19,44,5,344,0,1,51,11,63,276,20,95,16,407,0,0,0,407
04/16/2017,AUS,TX,ASW,CE,Combined TRACON& Tower with Radar,321,25,71,0,417,0,0,37,5,42,321,25,108,5,459,0,0,0,459
04/17/2017,AUS,TX,ASW,CE,Combined TRACON& Tower with Radar,385,53,92,4,534,0,1,13,10,24,385,54,105,14,558,0,0,0,558
04/18/2017,AUS,TX,ASW,CE,Combined TRACON& Tower with Radar,340,41,110,7,498,0,0,42,25,67,340,41,152,32,565,0,0,0,565
04/19/2017,AUS,TX,ASW,CE,Combined TRACON& Tower with Radar,345,39,96,6,486,0,1,63,27,91,345,40,159,33,577,14,0,14,591
04/20/2017,AUS,TX,ASW,CE,Combined TRACON& Tower with Radar,348,63,145,4,560,0,2,54,19,75,348,65,199,23,635,22,0,22,657
04/21/2017,AUS,TX,ASW,CE,Combined TRACON& Tower with Radar,366,64,127,7,564,0,3,69,24,96,366,67,196,31,660,0,0,0,660
04/22/2017,AUS,TX,ASW,CE,Combined TRACON& Tower with Radar,291,29,73,5,398,0,7,38,16,61,291,36,111,21,459,0,0,0,459
04/23/2017,AUS,TX,ASW,CE,Combined TRACON& Tower with Radar,333,62,72,5,472,0,0,94,18,112,333,62,166,23,584,24,0,24,608
04/24/2017,AUS,TX,ASW,CE,Combined TRACON& Tower with Radar,369,39,95,7,510,0,2,87,11,100,369,41,182,18,610,0,0,0,610
04/25/2017,AUS,TX,ASW,CE,Combined TRACON& Tower with Radar,340,38,112,7,497,0,0,41,21,62,340,38,153,28,559,0,0,0,559
04/26/2017,AUS,TX,ASW,CE,Combined TRACON& Tower with Radar,370,52,118,10,550,0,0,41,15,56,370,52,159,25,606,0,0,0,606
04/27/2017,AUS,TX,ASW,CE,Combined TRACON& Tower with Radar,347,58,113,2,520,0,5,82,15,102,347,63,195,17,622,0,0,0,622
04/28/2017,AUS,TX,ASW,CE,Combined TRACON& Tower with Radar,368,49,104,39,560,0,4,50,10,64,368,53,154,49,624,10,0,10,634
04/29/2017,AUS,TX,ASW,CE,Combined TRACON& Tower with Radar,298,29,40,12,379,0,3,6,6,15,298,32,46,18,394,0,0,0,394
04/30/2017,AUS,TX,ASW,CE,Combined TRACON& Tower with Radar,313,54,87,10,464,0,0,72,9,81,313,54,159,19,545,44,0,44,589
05/01/2017,AUS,TX,ASW,CE,Combined TRACON& Tower with Radar,363,33,67,7,470,0,7,60,19,86,363,40,127,26,556,6,0,6,562
05/02/2017,AUS,TX,ASW,CE,Combined TRACON& Tower with Radar,342,34,94,1,471,0,5,80,30,115,342,39,174,31,586,6,0,6,592
05/03/2017,AUS,TX,ASW,CE,Combined TRACON& Tower with Radar,360,54,112,7,533,0,0,24,19,43,360,54,136,26,576,0,0,0,576
05/04/2017,AUS,TX,ASW,CE,Combined TRACON& Tower with Radar,354,41,104,12,511,0,2,77,25,104,354,43,181,37,615,0,0,0,615
05/05/2017,AUS,TX,ASW,CE,Combined TRACON& Tower with Radar,370,35,72,18,495,0,12,102,28,142,370,47,174,46,637,6,0,6,643
05/06/2017,AUS,TX,ASW,CE,Combined TRACON& Tower with Radar,306,30,60,0,396,0,4,100,12,116,306,34,160,12,512,8,6,14,526
05/07/2017,AUS,TX,ASW,CE,Combined TRACON& Tower with Radar,327,22,76,13,438,0,0,81,15,96,327,22,157,28,534,0,0,0,534
05/08/2017,AUS,TX,ASW,CE,Combined TRACON& Tower with Radar,369,29,93,16,507,0,2,56,13,71,369,31,149,29,578,0,10,10,588
05/09/2017,AUS,TX,ASW,CE,Combined TRACON& Tower with Radar,350,34,101,1,486,0,0,8,15,23,350,34,109,16,509,0,0,0,509
05/10/2017,AUS,TX,ASW,CE,Combined TRACON& Tower with Radar,353,31,77,10,471,0,0,19,8,27,353,31,96,18,498,0,0,0,498
05/11/2017,AUS,TX,ASW,CE,Combined TRACON& Tower with Radar,359,41,93,14,507,0,0,18,18,36,359,41,111,32,543,5,0,5,548
05/12/2017,AUS,TX,ASW,CE,Combined TRACON& Tower with Radar,373,49,95,10,527,0,0,95,11,106,373,49,190,21,633,0,0,0,633
05/13/2017,AUS,TX,ASW,CE,Combined TRACON& Tower with Radar,301,29,69,6,405,0,4,96,13,113,301,33,165,19,518,18,0,18,536
05/14/2017,AUS,TX,ASW,CE,Combined TRACON& Tower with Radar,322,42,67,10,441,0,0,86,9,95,322,42,153,19,536,8,0,8,544
05/15/2017,AUS,TX,ASW,CE,Combined TRACON& Tower with Radar,378,39,109,8,534,0,2,50,9,61,378,41,159,17,595,0,0,0,595
05/16/2017,AUS,TX,ASW,CE,Combined TRACON& Tower with Radar,350,46,100,21,517,0,2,22,14,38,350,48,122,35,555,0,0,0,555
05/17/2017,AUS,TX,ASW,CE,Combined TRACON& Tower with Radar,357,51,84,3,495,0,1,28,9,38,357,52,112,12,533,0,0,0,533
05/18/2017,AUS,TX,ASW,CE,Combined TRACON& Tower with Radar,361,45,123,10,539,0,1,21,18,40,361,46,144,28,579,4,4,8,587
05/19/2017,AUS,TX,ASW,CE,Combined TRACON& Tower with Radar,377,46,100,13,536,0,0,35,21,56,377,46,135,34,592,0,0,0,592
05/20/2017,AUS,TX,ASW,CE,Combined TRACON& Tower with Radar,299,31,61,6,397,0,2,26,12,40,299,33,87,18,437,12,0,12,449
05/21/2017,AUS,TX,ASW,CE,Combined TRACON& Tower with Radar,343,33,100,6,482,0,0,20,6,26,343,33,120,12,508,2,0,2,510
05/22/2017,AUS,TX,ASW,CE,Combined TRACON& Tower with Radar,370,39,65,8,482,0,0,2,7,9,370,39,67,15,491,0,0,0,491
05/23/2017,AUS,TX,ASW,CE,Combined TRACON& Tower with Radar,368,39,109,3,519,0,2,19,16,37,368,41,128,19,556,8,2,10,566
05/24/2017,AUS,TX,ASW,CE,Combined TRACON& Tower with Radar,369,39,103,5,516,0,1,114,31,146,369,40,217,36,662,0,0,0,662
05/25/2017,AUS,TX,ASW,CE,Combined TRACON& Tower with Radar,362,50,102,1,515,0,1,81,22,104,362,51,183,23,619,0,0,0,619
05/26/2017,AUS,TX,ASW,CE,Combined TRACON& Tower with Radar,381,37,84,8,510,0,2,54,19,75,381,39,138,27,585,18,0,18,603
05/27/2017,AUS,TX,ASW,CE,Combined TRACON& Tower with Radar,307,26,46,3,382,0,0,65,12,77,307,26,111,15,459,4,0,4,463
05/28/2017,AUS,TX,ASW,CE,Combined TRACON& Tower with Radar,272,15,49,10,346,0,2,31,5,38,272,17,80,15,384,24,0,24,408
05/29/2017,AUS,TX,ASW,CE,Combined TRACON& Tower with Radar,356,28,52,4,440,0,0,25,8,33,356,28,77,12,473,20,0,20,493
05/30/2017,AUS,TX,ASW,CE,Combined TRACON& Tower with Radar,355,29,68,5,457,0,0,35,6,41,355,29,103,11,498,42,0,42,540
05/31/2017,AUS,TX,ASW,CE,Combined TRACON& Tower with Radar,372,46,80,0,498,0,0,31,15,46,372,46,111,15,544,12,0,12,556
06/01/2017,AUS,TX,ASW,CE,Combined TRACON& Tower with Radar,361,50,92,5,508,0,0,34,16,50,361,50,126,21,558,18,0,18,576
06/02/2017,AUS,TX,ASW,CE,Combined TRACON& Tower with Radar,404,44,103,20,571,0,2,67,16,85,404,46,170,36,656,0,0,0,656
06/03/2017,AUS,TX,ASW,CE,Combined TRACON& Tower with Radar,324,24,34,11,393,0,0,29,12,41,324,24,63,23,434,14,0,14,448
06/04/2017,AUS,TX,ASW,CE,Combined TRACON& Tower with Radar,365,25,63,8,461,0,0,19,12,31,365,25,82,20,492,24,0,24,516
06/05/2017,AUS,TX,ASW,CE,Combined TRACON& Tower with Radar,380,46,93,12,531,0,0,27,11,38,380,46,120,23,569,2,4,6,575
06/06/2017,AUS,TX,ASW,CE,Combined TRACON& Tower with Radar,360,47,96,12,515,0,0,69,14,83,360,47,165,26,598,6,28,34,632
06/07/2017,AUS,TX,ASW,CE,Combined TRACON& Tower with Radar,366,49,72,10,497,0,4,97,17,118,366,53,169,27,615,36,0,36,651
06/08/2017,AUS,TX,ASW,CE,Combined TRACON& Tower with Radar,370,46,66,12,494,0,2,108,30,140,370,48,174,42,634,0,0,0,634
06/09/2017,AUS,TX,ASW,CE,Combined TRACON& Tower with Radar,377,52,68,7,504,0,0,73,14,87,377,52,141,21,591,4,8,12,603
06/10/2017,AUS,TX,ASW,CE,Combined TRACON& Tower with Radar,326,34,42,7,409,0,2,84,19,105,326,36,126,26,514,14,0,14,528
06/11/2017,AUS,TX,ASW,CE,Combined TRACON& Tower with Radar,344,36,42,15,437,0,3,60,8,71,344,39,102,23,508,0,0,0,508
06/12/2017,AUS,TX,ASW,CE,Combined TRACON& Tower with Radar,375,32,67,6,480,0,7,56,22,85,375,39,123,28,565,0,0,0,565
06/13/2017,AUS,TX,ASW,CE,Combined TRACON& Tower with Radar,362,39,60,15,476,0,4,47,15,66,362,43,107,30,542,0,0,0,542
06/14/2017,AUS,TX,ASW,CE,Combined TRACON& Tower with Radar,370,47,74,6,497,0,2,48,40,90,370,49,122,46,587,28,0,28,615
06/15/2017,AUS,TX,ASW,CE,Combined TRACON& Tower with Radar,368,38,105,13,524,0,0,63,19,82,368,38,168,32,606,0,0,0,606
06/16/2017,AUS,TX,ASW,CE,Combined TRACON& Tower with Radar,386,52,73,5,516,0,2,77,11,90,386,54,150,16,606,0,0,0,606
06/17/2017,AUS,TX,ASW,CE,Combined TRACON& Tower with Radar,328,15,41,24,408,0,0,88,17,105,328,15,129,41,513,0,0,0,513
06/18/2017,AUS,TX,ASW,CE,Combined TRACON& Tower with Radar,347,25,64,23,459,0,0,71,12,83,347,25,135,35,542,18,0,18,560
06/19/2017,AUS,TX,ASW,CE,Combined TRACON& Tower with Radar,362,27,112,3,504,0,1,59,10,70,362,28,171,13,574,20,0,20,594
06/20/2017,AUS,TX,ASW,CE,Combined TRACON& Tower with Radar,360,41,76,10,487,0,5,68,22,95,360,46,144,32,582,6,0,6,588
06/21/2017,AUS,TX,ASW,CE,Combined TRACON& Tower with Radar,378,31,70,3,482,0,0,71,19,90,378,31,141,22,572,0,0,0,572
06/22/2017,AUS,TX,ASW,CE,Combined TRACON& Tower with Radar,370,40,72,10,492,0,1,77,17,95,370,41,149,27,587,0,0,0,587
06/23/2017,AUS,TX,ASW,CE,Combined TRACON& Tower with Radar,382,35,66,9,492,0,2,73,14,89,382,37,139,23,581,6,14,20,601
06/24/2017,AUS,TX,ASW,CE,Combined TRACON& Tower with Radar,336,28,38,12,414,0,2,23,18,43,336,30,61,30,457,0,0,0,457
06/25/2017,AUS,TX,ASW,CE,Combined TRACON& Tower with Radar,354,21,69,14,458,0,2,32,15,49,354,23,101,29,507,0,0,0,507
06/26/2017,AUS,TX,ASW,CE,Combined TRACON& Tower with Radar,384,23,90,3,500,0,3,28,6,37,384,26,118,9,537,64,0,64,601
06/27/2017,AUS,TX,ASW,CE,Combined TRACON& Tower with Radar,383,45,99,2,529,1,2,25,19,47,384,47,124,21,576,28,0,28,604
06/28/2017,AUS,TX,ASW,CE,Combined TRACON& Tower with Radar,378,48,103,6,535,0,1,59,18,78,378,49,162,24,613,0,0,0,613
06/29/2017,AUS,TX,ASW,CE,Combined TRACON& Tower with Radar,375,49,123,14,561,0,1,54,24,79,375,50,177,38,640,12,0,12,652
06/30/2017,AUS,TX,ASW,CE,Combined TRACON& Tower with Radar,374,42,125,0,541,0,0,51,9,60,374,42,176,9,601,16,0,16,617
07/01/2017,AUS,TX,ASW,CE,Combined TRACON& Tower with Radar,331,55,70,3,459,0,0,66,15,81,331,55,136,18,540,0,0,0,540
07/02/2017,AUS,TX,ASW,CE,Combined TRACON& Tower with Radar,331,10,44,3,388,0,0,56,4,60,331,10,100,7,448,24,0,24,472
07/03/2017,AUS,TX,ASW,CE,Combined TRACON& Tower with Radar,332,15,34,1,382,0,3,52,9,64,332,18,86,10,446,0,0,0,446
07/04/2017,AUS,TX,ASW,CE,Combined TRACON& Tower with Radar,289,21,27,0,337,0,1,28,6,35,289,22,55,6,372,8,0,8,380
07/05/2017,AUS,TX,ASW,CE,Combined TRACON& Tower with Radar,376,27,87,6,496,0,1,58,14,73,376,28,145,20,569,0,10,10,579
07/06/2017,AUS,TX,ASW,CE,Combined TRACON& Tower with Radar,382,31,78,3,494,0,4,56,15,75,382,35,134,18,569,12,4,16,585
07/07/2017,AUS,TX,ASW,CE,Combined TRACON& Tower with Radar,378,35,65,9,487,0,1,35,14,50,378,36,100,23,537,24,0,24,561
07/08/2017,AUS,TX,ASW,CE,Combined TRACON& Tower with Radar,348,27,37,18,430,0,0,53,10,63,348,27,90,28,493,10,0,10,503
07/09/2017,AUS,TX,ASW,CE,Combined TRACON& Tower with Radar,355,29,51,4,439,0,2,45,3,50,355,31,96,7,489,20,0,20,509
07/10/2017,AUS,TX,ASW,CE,Combined TRACON& Tower with Radar,378,44,72,11,505,0,0,42,11,53,378,44,114,22,558,8,0,8,566
07/11/2017,AUS,TX,ASW,CE,Combined TRACON& Tower with Radar,379,38,72,5,494,0,0,59,13,72,379,38,131,18,566,0,0,0,566
07/12/2017,AUS,TX,ASW,CE,Combined TRACON& Tower with Radar,367,62,58,11,498,0,3,42,25,70,367,65,100,36,568,6,0,6,574
07/13/2017,AUS,TX,ASW,CE,Combined TRACON& Tower with Radar,366,37,93,22,518,0,2,46,24,72,366,39,139,46,590,42,6,48,638
07/14/2017,AUS,TX,ASW,CE,Combined TRACON& Tower with Radar,376,34,66,6,482,0,1,43,17,61,376,35,109,23,543,0,8,8,551
07/15/2017,AUS,TX,ASW,CE,Combined TRACON& Tower with Radar,350,31,48,6,435,0,5,73,5,83,350,36,121,11,518,0,0,0,518
07/16/2017,AUS,TX,ASW,CE,Combined TRACON& Tower with Radar,352,31,69,1,453,0,1,51,7,59,352,32,120,8,512,8,0,8,520
07/17/2017,AUS,TX,ASW,CE,Combined TRACON& Tower with Radar,373,28,59,16,476,0,1,43,21,65,373,29,102,37,541,0,0,0,541
07/18/2017,AUS,TX,ASW,CE,Combined TRACON& Tower with Radar,361,31,69,6,467,0,1,61,10,72,361,32,130,16,539,32,0,32,571
07/19/2017,AUS,TX,ASW,CE,Combined TRACON& Tower with Radar,372,29,95,12,508,0,4,65,18,87,372,33,160,30,595,16,0,16,611
07/20/2017,AUS,TX,ASW,CE,Combined TRACON& Tower with Radar,369,39,104,5,517,0,1,82,23,106,369,40,186,28,623,0,0,0,623
07/21/2017,AUS,TX,ASW,CE,Combined TRACON& Tower with Radar,370,40,81,8,499,0,1,76,22,99,370,41,157,30,598,8,8,16,614
07/22/2017,AUS,TX,ASW,CE,Combined TRACON& Tower with Radar,344,26,42,2,414,0,0,86,8,94,344,26,128,10,508,0,0,0,508
07/23/2017,AUS,TX,ASW,CE,Combined TRACON& Tower with Radar,342,14,64,7,427,0,1,51,7,59,342,15,115,14,486,0,0,0,486
07/24/2017,AUS,TX,ASW,CE,Combined TRACON& Tower with Radar,396,17,79,12,504,0,6,28,22,56,396,23,107,34,560,16,0,16,576
07/25/2017,AUS,TX,ASW,CE,Combined TRACON& Tower with Radar,365,35,60,14,474,0,0,64,20,84,365,35,124,34,558,44,2,46,604
07/26/2017,AUS,TX,ASW,CE,Combined TRACON& Tower with Radar,375,32,90,9,506,0,0,50,20,70,375,32,140,29,576,0,0,0,576
07/27/2017,AUS,TX,ASW,CE,Combined TRACON& Tower with Radar,364,28,90,4,486,0,0,58,16,74,364,28,148,20,560,0,0,0,560
07/28/2017,AUS,TX,ASW,CE,Combined TRACON& Tower with Radar,379,44,101,12,536,0,1,69,20,90,379,45,170,32,626,16,2,18,644
07/29/2017,AUS,TX,ASW,CE,Combined TRACON& Tower with Radar,324,39,44,5,412,0,0,75,9,84,324,39,119,14,496,44,0,44,540
07/30/2017,AUS,TX,ASW,CE,Combined TRACON& Tower with Radar,342,26,66,7,441,0,1,42,7,50,342,27,108,14,491,26,0,26,517
07/31/2017,AUS,TX,ASW,CE,Combined TRACON& Tower with Radar,378,31,64,10,483,0,0,55,8,63,378,31,119,18,546,0,0,0,546
08/01/2017,AUS,TX,ASW,CE,Combined TRACON& Tower with Radar,360,32,60,4,456,0,0,67,20,87,360,32,127,24,543,14,0,14,557
08/02/2017,AUS,TX,ASW,CE,Combined TRACON& Tower with Radar,378,36,88,6,508,0,0,22,18,40,378,36,110,24,548,16,0,16,564
08/03/2017,AUS,TX,ASW,CE,Combined TRACON& Tower with Radar,351,35,85,3,474,0,1,38,20,59,351,36,123,23,533,30,0,30,563
08/04/2017,AUS,TX,ASW,CE,Combined TRACON& Tower with Radar,379,29,76,25,509,0,4,52,13,69,379,33,128,38,578,22,0,22,600
08/05/2017,AUS,TX,ASW,CE,Combined TRACON& Tower with Radar,336,27,42,42,447,0,0,41,19,60,336,27,83,61,507,0,0,0,507
08/06/2017,AUS,TX,ASW,CE,Combined TRACON& Tower with Radar,344,34,64,32,474,0,2,34,13,49,344,36,98,45,523,0,0,0,523
08/07/2017,AUS,TX,ASW,CE,Combined TRACON& Tower with Radar,381,31,70,4,486,0,0,11,3,14,381,31,81,7,500,0,0,0,500
08/08/2017,AUS,TX,ASW,CE,Combined TRACON& Tower with Radar,370,43,70,18,501,0,0,56,22,78,370,43,126,40,579,0,0,0,579
08/09/2017,AUS,TX,ASW,CE,Combined TRACON& Tower with Radar,365,35,80,19,499,0,2,61,23,86,365,37,141,42,585,16,6,22,607
08/10/2017,AUS,TX,ASW,CE,Combined TRACON& Tower with Radar,373,40,103,8,524,0,0,80,20,100,373,40,183,28,624,18,18,36,660
08/11/2017,AUS,TX,ASW,CE,Combined TRACON& Tower with Radar,377,24,76,16,493,0,2,80,22,104,377,26,156,38,597,0,10,10,607
08/12/2017,AUS,TX,ASW,CE,Combined TRACON& Tower with Radar,342,30,47,13,432,0,3,71,19,93,342,33,118,32,525,0,0,0,525
08/13/2017,AUS,TX,ASW,CE,Combined TRACON& Tower with Radar,351,39,49,15,454,0,2,68,13,83,351,41,117,28,537,10,0,10,547
08/14/2017,AUS,TX,ASW,CE,Combined TRACON& Tower with Radar,386,30,67,5,488,0,0,51,15,66,386,30,118,20,554,16,0,16,570
08/15/2017,AUS,TX,ASW,CE,Combined TRACON& Tower with Radar,352,34,76,12,474,0,0,44,22,66,352,34,120,34,540,30,0,30,570
08/16/2017,AUS,TX,ASW,CE,Combined TRACON& Tower with Radar,367,26,87,6,486,0,0,61,25,86,367,26,148,31,572,0,4,4,576
08/17/2017,AUS,TX,ASW,CE,Combined TRACON& Tower with Radar,380,36,83,0,499,0,6,65,32,103,380,42,148,32,602,0,0,0,602
08/18/2017,AUS,TX,ASW,CE,Combined TRACON& Tower with Radar,362,40,71,27,500,0,0,72,8,80,362,40,143,35,580,0,0,0,580
08/19/2017,AUS,TX,ASW,CE,Combined TRACON& Tower with Radar,287,24,48,5,364,0,5,75,11,91,287,29,123,16,455,0,0,0,455
08/20/2017,AUS,TX,ASW,CE,Combined TRACON& Tower with Radar,340,29,62,9,440,0,0,59,6,65,340,29,121,15,505,38,0,38,543
08/21/2017,AUS,TX,ASW,CE,Combined TRACON& Tower with Radar,364,40,67,2,473,0,1,68,21,90,364,41,135,23,563,0,0,0,563
08/22/2017,AUS,TX,ASW,CE,Combined TRACON& Tower with Radar,344,41,84,10,479,0,2,57,22,81,344,43,141,32,560,32,8,40,600
08/23/2017,AUS,TX,ASW,CE,Combined TRACON& Tower with Radar,355,55,79,10,499,0,5,57,36,98,355,60,136,46,597,4,0,4,601
08/24/2017,AUS,TX,ASW,CE,Combined TRACON& Tower with Radar,363,46,82,3,494,0,2,22,20,44,363,48,104,23,538,0,0,0,538
08/25/2017,AUS,TX,ASW,CE,Combined TRACON& Tower with Radar,351,35,61,5,452,0,4,20,14,38,351,39,81,19,490,0,0,0,490
08/26/2017,AUS,TX,ASW,CE,Combined TRACON& Tower with Radar,215,1,1,0,217,0,0,0,0,0,215,1,1,0,217,0,0,0,217
08/27/2017,AUS,TX,ASW,CE,Combined TRACON& Tower with Radar,219,9,24,9,261,0,0,2,7,9,219,9,26,16,270,0,0,0,270
08/28/2017,AUS,TX,ASW,CE,Combined TRACON& Tower with Radar,323,35,53,13,424,0,0,6,17,23,323,35,59,30,447,0,0,0,447
08/29/2017,AUS,TX,ASW,CE,Combined TRACON& Tower with Radar,325,45,63,17,450,0,1,19,30,50,325,46,82,47,500,0,0,0,500
08/30/2017,AUS,TX,ASW,CE,Combined TRACON& Tower with Radar,328,37,78,21,464,0,4,54,36,94,328,41,132,57,558,26,0,26,584
08/31/2017,AUS,TX,ASW,CE,Combined TRACON& Tower with Radar,335,60,92,13,500,0,2,80,40,122,335,62,172,53,622,0,0,0,622
09/01/2017,AUS,TX,ASW,CE,Combined TRACON& Tower with Radar,344,49,108,10,511,0,8,81,32,121,344,57,189,42,632,0,0,0,632
09/02/2017,AUS,TX,ASW,CE,Combined TRACON& Tower with Radar,252,49,71,10,382,0,2,72,36,110,252,51,143,46,492,0,0,0,492
09/03/2017,AUS,TX,ASW,CE,Combined TRACON& Tower with Radar,255,25,57,10,347,0,3,74,30,107,255,28,131,40,454,0,0,0,454
09/04/2017,AUS,TX,ASW,CE,Combined TRACON& Tower with Radar,328,43,77,6,454,0,1,56,29,86,328,44,133,35,540,0,0,0,540
09/05/2017,AUS,TX,ASW,CE,Combined TRACON& Tower with Radar,313,35,71,6,425,0,0,67,29,96,313,35,138,35,521,12,0,12,533
09/06/2017,AUS,TX,ASW,CE,Combined TRACON& Tower with Radar,326,42,98,0,466,0,0,36,27,63,326,42,134,27,529,0,0,0,529
09/07/2017,AUS,TX,ASW,CE,Combined TRACON& Tower with Radar,329,47,118,6,500,0,0,84,37,121,329,47,202,43,621,10,0,10,631
09/08/2017,AUS,TX,ASW,CE,Combined TRACON& Tower with Radar,349,60,106,37,552,0,0,84,40,124,349,60,190,77,676,0,8,8,684
09/09/2017,AUS,TX,ASW,CE,Combined TRACON& Tower with Radar,259,31,55,13,358,0,1,101,23,125,259,32,156,36,483,0,0,0,483
09/10/2017,AUS,TX,ASW,CE,Combined TRACON& Tower with Radar,312,37,43,7,399,0,2,70,18,90,312,39,113,25,489,14,0,14,503
09/11/2017,AUS,TX,ASW,CE,Combined TRACON& Tower with Radar,326,31,80,10,447,0,2,41,11,54,326,33,121,21,501,6,6,12,513
09/12/2017,AUS,TX,ASW,CE,Combined TRACON& Tower with Radar,331,39,80,12,462,0,2,77,19,98,331,41,157,31,560,12,0,12,572
09/13/2017,AUS,TX,ASW,CE,Combined TRACON& Tower with Radar,337,33,89,12,471,0,2,53,27,82,337,35,142,39,553,0,0,0,553
09/14/2017,AUS,TX,ASW,CE,Combined TRACON& Tower with Radar,362,37,87,4,490,0,1,49,28,78,362,38,136,32,568,8,0,8,576
09/15/2017,AUS,TX,ASW,CE,Combined TRACON& Tower with Radar,368,47,112,25,552,0,2,47,9,58,368,49,159,34,610,0,24,24,634
09/16/2017,AUS,TX,ASW,CE,Combined TRACON& Tower with Radar,275,26,56,5,362,0,2,68,9,79,275,28,124,14,441,0,0,0,441
09/17/2017,AUS,TX,ASW,CE,Combined TRACON& Tower with Radar,334,35,93,17,479,0,2,47,14,63,334,37,140,31,542,0,0,0,542
09/18/2017,AUS,TX,ASW,CE,Combined TRACON& Tower with Radar,379,34,94,15,522,0,0,24,19,43,379,34,118,34,565,30,0,30,595
09/19/2017,AUS,TX,ASW,CE,Combined TRACON& Tower with Radar,342,54,95,7,498,0,4,57,8,69,342,58,152,15,567,4,0,4,571
09/20/2017,AUS,TX,ASW,CE,Combined TRACON& Tower with Radar,348,53,93,22,516,0,2,79,18,99,348,55,172,40,615,0,0,0,615
09/21/2017,AUS,TX,ASW,CE,Combined TRACON& Tower with Radar,372,50,97,14,533,0,2,53,15,70,372,52,150,29,603,0,12,12,615
09/22/2017,AUS,TX,ASW,CE,Combined TRACON& Tower with Radar,366,64,97,41,568,0,1,53,13,67,366,65,150,54,635,0,6,6,641
09/23/2017,AUS,TX,ASW,CE,Combined TRACON& Tower with Radar,273,17,50,21,361,0,1,52,8,61,273,18,102,29,422,0,0,0,422
09/24/2017,AUS,TX,ASW,CE,Combined TRACON& Tower with Radar,335,26,81,10,452,0,0,44,8,52,335,26,125,18,504,16,0,16,520
09/25/2017,AUS,TX,ASW,CE,Combined TRACON& Tower with Radar,357,30,84,6,477,0,0,13,11,24,357,30,97,17,501,0,0,0,501
09/26/2017,AUS,TX,ASW,CE,Combined TRACON& Tower with Radar,337,35,80,0,452,0,0,7,0,7,337,35,87,0,459,0,0,0,459
09/27/2017,AUS,TX,ASW,CE,Combined TRACON& Tower with Radar,349,54,105,3,511,0,0,26,13,39,349,54,131,16,550,0,0,0,550
09/28/2017,AUS,TX,ASW,CE,Combined TRACON& Tower with Radar,367,47,114,5,533,0,0,9,9,18,367,47,123,14,551,0,0,0,551
09/29/2017,AUS,TX,ASW,CE,Combined TRACON& Tower with Radar,376,46,111,6,539,0,0,15,7,22,376,46,126,13,561,0,0,0,561
09/30/2017,AUS,TX,ASW,CE,Combined TRACON& Tower with Radar,269,25,50,17,361,0,2,107,8,117,269,27,157,25,478,0,0,0,478
10/01/2017,AUS,TX,ASW,CE,Combined TRACON& Tower with Radar,331,38,68,10,447,0,2,107,7,116,331,40,175,17,563,18,10,28,591
10/02/2017,AUS,TX,ASW,CE,Combined TRACON& Tower with Radar,364,35,84,12,495,0,0,37,13,50,364,35,121,25,545,42,0,42,587
10/03/2017,AUS,TX,ASW,CE,Combined TRACON& Tower with Radar,335,49,68,8,460,0,0,3,2,5,335,49,71,10,465,0,0,0,465
10/04/2017,AUS,TX,ASW,CE,Combined TRACON& Tower with Radar,352,37,102,14,505,0,0,56,9,65,352,37,158,23,570,12,2,14,584
10/05/2017,AUS,TX,ASW,CE,Combined TRACON& Tower with Radar,370,56,114,6,546,1,2,79,27,109,371,58,193,33,655,0,0,0,655
10/06/2017,AUS,TX,ASW,CE,Combined TRACON& Tower with Radar,369,77,100,15,561,0,1,77,21,99,369,78,177,36,660,0,0,0,660
10/07/2017,AUS,TX,ASW,CE,Combined TRACON& Tower with Radar,265,32,85,7,389,0,2,89,13,104,265,34,174,20,493,0,0,0,493
10/08/2017,AUS,TX,ASW,CE,Combined TRACON& Tower with Radar,335,51,73,2,461,0,5,83,7,95,335,56,156,9,556,8,0,8,564
10/09/2017,AUS,TX,ASW,CE,Combined TRACON& Tower with Radar,362,41,101,4,508,0,1,44,7,52,362,42,145,11,560,0,0,0,560
10/10/2017,AUS,TX,ASW,CE,Combined TRACON& Tower with Radar,366,43,90,12,511,0,0,28,23,51,366,43,118,35,562,4,4,8,570
10/11/2017,AUS,TX,ASW,CE,Combined TRACON& Tower with Radar,360,59,95,2,516,0,0,69,26,95,360,59,164,28,611,0,0,0,611
10/12/2017,AUS,TX,ASW,CE,Combined TRACON& Tower with Radar,377,66,112,14,569,0,1,67,18,86,377,67,179,32,655,4,0,4,659
10/13/2017,AUS,TX,ASW,CE,Combined TRACON& Tower with Radar,380,57,99,15,551,0,1,53,9,63,380,58,152,24,614,0,0,0,614
10/14/2017,AUS,TX,ASW,CE,Combined TRACON& Tower with Radar,268,35,58,30,391,0,1,60,7,68,268,36,118,37,459,0,0,0,459
10/15/2017,AUS,TX,ASW,CE,Combined TRACON& Tower with Radar,343,37,90,18,488,0,1,34,8,43,343,38,124,26,531,0,0,0,531
10/16/2017,AUS,TX,ASW,CE,Combined TRACON& Tower with Radar,370,32,79,9,490,0,1,52,8,61,370,33,131,17,551,0,0,0,551
10/17/2017,AUS,TX,ASW,CE,Combined TRACON& Tower with Radar,364,37,75,22,498,0,2,56,31,89,364,39,131,53,587,0,0,0,587
10/18/2017,AUS,TX,ASW,CE,Combined TRACON& Tower with Radar,350,56,94,4,504,0,0,95,34,129,350,56,189,38,633,0,4,4,637
10/19/2017,AUS,TX,ASW,CE,Combined TRACON& Tower with Radar,375,61,118,12,566,0,0,80,17,97,375,61,198,29,663,10,0,10,673
10/20/2017,AUS,TX,ASW,CE,Combined TRACON& Tower with Radar,376,74,153,5,608,0,0,11,13,24,376,74,164,18,632,0,0,0,632
10/21/2017,AUS,TX,ASW,CE,Combined TRACON& Tower with Radar,274,50,82,0,406,0,0,46,13,59,274,50,128,13,465,0,0,0,465
10/22/2017,AUS,TX,ASW,CE,Combined TRACON& Tower with Radar,344,106,137,1,588,0,0,47,5,52,344,106,184,6,640,0,0,0,640
10/23/2017,AUS,TX,ASW,CE,Combined TRACON& Tower with Radar,382,58,120,11,571,0,1,68,15,84,382,59,188,26,655,8,4,12,667
10/24/2017,AUS,TX,ASW,CE,Combined TRACON& Tower with Radar,360,57,104,7,528,0,0,58,12,70,360,57,162,19,598,0,0,0,598
10/25/2017,AUS,TX,ASW,CE,Combined TRACON& Tower with Radar,353,48,80,18,499,0,2,60,19,81,353,50,140,37,580,26,10,36,616
10/26/2017,AUS,TX,ASW,CE,Combined TRACON& Tower with Radar,372,54,113,12,551,0,0,63,21,84,372,54,176,33,635,0,0,0,635
10/27/2017,AUS,TX,ASW,CE,Combined TRACON& Tower with Radar,374,51,80,21,526,0,1,25,22,48,374,52,105,43,574,6,10,16,590
10/28/2017,AUS,TX,ASW,CE,Combined TRACON& Tower with Radar,270,23,68,14,375,0,0,82,16,98,270,23,150,30,473,0,0,0,473
10/29/2017,AUS,TX,ASW,CE,Combined TRACON& Tower with Radar,326,40,65,18,449,0,2,79,12,93,326,42,144,30,542,18,0,18,560
10/30/2017,AUS,TX,ASW,CE,Combined TRACON& Tower with Radar,343,34,78,12,467,0,2,69,14,85,343,36,147,26,552,4,8,12,564
10/31/2017,AUS,TX,ASW,CE,Combined TRACON& Tower with Radar,322,32,63,6,423,0,2,12,5,19,322,34,75,11,442,0,0,0,442
11/01/2017,AUS,TX,ASW,CE,Combined TRACON& Tower with Radar,331,62,98,4,495,0,1,33,11,45,331,63,131,15,540,6,0,6,546
11/02/2017,AUS,TX,ASW,CE,Combined TRACON& Tower with Radar,363,72,105,5,545,0,0,46,17,63,363,72,151,22,608,18,0,18,626
11/03/2017,AUS,TX,ASW,CE,Combined TRACON& Tower with Radar,360,42,73,24,499,0,1,38,12,51,360,43,111,36,550,4,0,4,554
11/04/2017,AUS,TX,ASW,CE,Combined TRACON& Tower with Radar,269,34,68,12,383,0,1,20,13,34,269,35,88,25,417,2,2,4,421
11/05/2017,AUS,TX,ASW,CE,Combined TRACON& Tower with Radar,348,45,82,14,489,0,0,44,4,48,348,45,126,18,537,0,0,0,537
11/06/2017,AUS,TX,ASW,CE,Combined TRACON& Tower with Radar,363,48,93,7,511,0,0,48,15,63,363,48,141,22,574,10,6,16,590
11/07/2017,AUS,TX,ASW,CE,Combined TRACON& Tower with Radar,348,46,103,12,509,0,0,34,15,49,348,46,137,27,558,0,0,0,558
11/08/2017,AUS,TX,ASW,CE,Combined TRACON& Tower with Radar,352,48,100,10,510,0,0,6,2,8,352,48,106,12,518,0,0,0,518
11/09/2017,AUS,TX,ASW,CE,Combined TRACON& Tower with Radar,372,64,154,9,599,0,0,9,9,18,372,64,163,18,617,0,0,0,617
11/10/2017,AUS,TX,ASW,CE,Combined TRACON& Tower with Radar,374,62,128,9,573,0,0,56,12,68,374,62,184,21,641,0,0,0,641
11/11/2017,AUS,TX,ASW,CE,Combined TRACON& Tower with Radar,265,30,56,9,360,0,8,35,13,56,265,38,91,22,416,8,0,8,424
11/12/2017,AUS,TX,ASW,CE,Combined TRACON& Tower with Radar,366,53,113,8,540,0,1,21,10,32,366,54,134,18,572,0,0,0,572
11/13/2017,AUS,TX,ASW,CE,Combined TRACON& Tower with Radar,363,44,99,20,526,0,0,39,18,57,363,44,138,38,583,8,6,14,597
11/14/2017,AUS,TX,ASW,CE,Combined TRACON& Tower with Radar,354,47,113,7,521,0,0,44,10,54,354,47,157,17,575,0,0,0,575
11/15/2017,AUS,TX,ASW,CE,Combined TRACON& Tower with Radar,352,66,121,15,554,0,0,7,10,17,352,66,128,25,571,0,0,0,571
11/16/2017,AUS,TX,ASW,CE,Combined TRACON& Tower with Radar,374,63,115,10,562,0,1,37,12,50,374,64,152,22,612,0,0,0,612
11/17/2017,AUS,TX,ASW,CE,Combined TRACON& Tower with Radar,370,56,93,16,535,0,0,49,19,68,370,56,142,35,603,0,0,0,603
11/18/2017,AUS,TX,ASW,CE,Combined TRACON& Tower with Radar,314,26,49,9,398,0,6,48,6,60,314,32,97,15,458,0,0,0,458
11/19/2017,AUS,TX,ASW,CE,Combined TRACON& Tower with Radar,350,18,69,10,447,0,3,73,9,85,350,21,142,19,532,0,0,0,532
11/20/2017,AUS,TX,ASW,CE,Combined TRACON& Tower with Radar,348,39,67,3,457,0,0,77,19,96,348,39,144,22,553,0,0,0,553
11/21/2017,AUS,TX,ASW,CE,Combined TRACON& Tower with Radar,368,46,100,7,521,0,0,56,22,78,368,46,156,29,599,0,0,0,599
11/22/2017,AUS,TX,ASW,CE,Combined TRACON& Tower with Radar,372,49,89,4,514,0,0,51,9,60,372,49,140,13,574,8,0,8,582
11/23/2017,AUS,TX,ASW,CE,Combined TRACON& Tower with Radar,215,25,22,0,262,0,0,31,7,38,215,25,53,7,300,0,0,0,300
11/24/2017,AUS,TX,ASW,CE,Combined TRACON& Tower with Radar,272,35,57,0,364,0,0,67,10,77,272,35,124,10,441,14,0,14,455
11/25/2017,AUS,TX,ASW,CE,Combined TRACON& Tower with Radar,345,56,70,0,471,0,5,69,6,80,345,61,139,6,551,0,0,0,551
11/26/2017,AUS,TX,ASW,CE,Combined TRACON& Tower with Radar,385,40,97,0,522,0,7,69,11,87,385,47,166,11,609,6,0,6,615
11/27/2017,AUS,TX,ASW,CE,Combined TRACON& Tower with Radar,362,30,70,3,465,0,0,37,23,60,362,30,107,26,525,0,0,0,525
11/28/2017,AUS,TX,ASW,CE,Combined TRACON& Tower with Radar,360,57,61,2,480,0,3,41,16,60,360,60,102,18,540,10,0,10,550
11/29/2017,AUS,TX,ASW,CE,Combined TRACON& Tower with Radar,345,39,81,6,471,0,1,70,28,99,345,40,151,34,570,0,0,0,570
11/30/2017,AUS,TX,ASW,CE,Combined TRACON& Tower with Radar,375,69,93,4,541,0,4,74,19,97,375,73,167,23,638,0,0,0,638
12/01/2017,AUS,TX,ASW,CE,Combined TRACON& Tower with Radar,366,54,92,9,521,0,4,67,17,88,366,58,159,26,609,0,0,0,609
12/02/2017,AUS,TX,ASW,CE,Combined TRACON& Tower with Radar,263,26,43,12,344,0,1,92,9,102,263,27,135,21,446,30,12,42,488
12/03/2017,AUS,TX,ASW,CE,Combined TRACON& Tower with Radar,357,22,74,14,467,0,2,2,0,4,357,24,76,14,471,0,0,0,471
12/04/2017,AUS,TX,ASW,CE,Combined TRACON& Tower with Radar,363,34,92,8,497,0,0,27,14,41,363,34,119,22,538,0,0,0,538
12/05/2017,AUS,TX,ASW,CE,Combined TRACON& Tower with Radar,357,53,115,6,531,0,2,17,17,36,357,55,132,23,567,2,0,2,569
12/06/2017,AUS,TX,ASW,CE,Combined TRACON& Tower with Radar,349,70,82,3,504,0,0,2,2,4,349,70,84,5,508,0,0,0,508
12/07/2017,AUS,TX,ASW,CE,Combined TRACON& Tower with Radar,331,42,97,10,480,0,0,10,3,13,331,42,107,13,493,0,0,0,493
12/08/2017,AUS,TX,ASW,CE,Combined TRACON& Tower with Radar,374,46,79,5,504,0,0,75,20,95,374,46,154,25,599,4,0,4,603
12/09/2017,AUS,TX,ASW,CE,Combined TRACON& Tower with Radar,265,27,64,11,367,0,3,101,13,117,265,30,165,24,484,0,0,0,484
12/10/2017,AUS,TX,ASW,CE,Combined TRACON& Tower with Radar,347,32,57,13,449,0,1,89,6,96,347,33,146,19,545,8,0,8,553
12/11/2017,AUS,TX,ASW,CE,Combined TRACON& Tower with Radar,361,47,73,14,495,0,2,76,16,94,361,49,149,30,589,0,0,0,589
12/12/2017,AUS,TX,ASW,CE,Combined TRACON& Tower with Radar,357,41,110,9,517,0,0,73,17,90,357,41,183,26,607,0,0,0,607
12/13/2017,AUS,TX,ASW,CE,Combined TRACON& Tower with Radar,346,55,99,8,508,0,0,77,31,108,346,55,176,39,616,8,0,8,624
12/14/2017,AUS,TX,ASW,CE,Combined TRACON& Tower with Radar,375,53,108,20,556,0,0,71,32,103,375,53,179,52,659,10,0,10,669
12/15/2017,AUS,TX,ASW,CE,Combined TRACON& Tower with Radar,361,62,90,22,535,0,0,75,25,100,361,62,165,47,635,34,0,34,669
12/16/2017,AUS,TX,ASW,CE,Combined TRACON& Tower with Radar,288,32,54,8,382,0,4,29,2,35,288,36,83,10,417,8,4,12,429
12/17/2017,AUS,TX,ASW,CE,Combined TRACON& Tower with Radar,338,44,68,3,453,0,0,11,4,15,338,44,79,7,468,4,0,4,472
12/18/2017,AUS,TX,ASW,CE,Combined TRACON& Tower with Radar,361,31,46,2,440,0,0,0,0,0,361,31,46,2,440,0,0,0,440
12/19/2017,AUS,TX,ASW,CE,Combined TRACON& Tower with Radar,363,66,91,5,525,0,0,0,4,4,363,66,91,9,529,0,0,0,529
12/20/2017,AUS,TX,ASW,CE,Combined TRACON& Tower with Radar,373,40,61,8,482,0,1,116,27,144,373,41,177,35,626,16,40,56,682
12/21/2017,AUS,TX,ASW,CE,Combined TRACON& Tower with Radar,369,71,76,10,526,0,2,56,14,72,369,73,132,24,598,0,0,0,598
12/22/2017,AUS,TX,ASW,CE,Combined TRACON& Tower with Radar,376,59,80,0,515,0,0,3,1,4,376,59,83,1,519,0,0,0,519
12/23/2017,AUS,TX,ASW,CE,Combined TRACON& Tower with Radar,343,34,51,0,428,0,2,76,7,85,343,36,127,7,513,0,0,0,513
12/24/2017,AUS,TX,ASW,CE,Combined TRACON& Tower with Radar,292,27,13,0,332,0,0,23,0,23,292,27,36,0,355,0,0,0,355
12/25/2017,AUS,TX,ASW,CE,Combined TRACON& Tower with Radar,268,10,11,0,289,0,0,13,0,13,268,10,24,0,302,0,0,0,302
12/26/2017,AUS,TX,ASW,CE,Combined TRACON& Tower with Radar,358,32,58,0,448,0,0,0,0,0,358,32,58,0,448,0,0,0,448
12/27/2017,AUS,TX,ASW,CE,Combined TRACON& Tower with Radar,345,47,72,0,464,0,0,3,14,17,345,47,75,14,481,0,0,0,481
12/28/2017,AUS,TX,ASW,CE,Combined TRACON& Tower with Radar,364,43,57,0,464,0,0,31,4,35,364,43,88,4,499,0,0,0,499
12/29/2017,AUS,TX,ASW,CE,Combined TRACON& Tower with Radar,357,47,51,2,457,0,0,0,0,0,357,47,51,2,457,0,0,0,457
12/30/2017,AUS,TX,ASW,CE,Combined TRACON& Tower with Radar,332,23,48,0,403,0,1,9,0,10,332,24,57,0,413,0,0,0,413
12/31/2017,AUS,TX,ASW,CE,Combined TRACON& Tower with Radar,309,16,20,0,345,0,0,0,0,0,309,16,20,0,345,0,0,0,345
01/01/2018,AUS,TX,ASW,CE,Combined TRACON& Tower with Radar,320,23,35,0,378,0,1,13,0,14,320,24,48,0,392,0,0,0,392
01/02/2018,AUS,TX,ASW,CE,Combined TRACON& Tower with Radar,360,50,85,0,495,0,0,13,6,19,360,50,98,6,514,0,0,0,514
01/03/2018,AUS,TX,ASW,CE,Combined TRACON& Tower with Radar,346,55,65,5,471,0,0,73,17,90,346,55,138,22,561,0,0,0,561
01/04/2018,AUS,TX,ASW,CE,Combined TRACON& Tower with Radar,334,52,66,5,457,0,5,73,21,99,334,57,139,26,556,0,0,0,556
01/05/2018,AUS,TX,ASW,CE,Combined TRACON& Tower with Radar,336,47,54,24,461,0,0,89,17,106,336,47,143,41,567,0,0,0,567
01/06/2018,AUS,TX,ASW,CE,Combined TRACON& Tower with Radar,278,24,49,15,366,0,0,51,5,56,278,24,100,20,422,0,0,0,422
01/07/2018,AUS,TX,ASW,CE,Combined TRACON& Tower with Radar,352,32,47,14,445,0,0,15,8,23,352,32,62,22,468,0,0,0,468
01/08/2018,AUS,TX,ASW,CE,Combined TRACON& Tower with Radar,341,25,61,7,434,0,3,78,9,90,341,28,139,16,524,0,0,0,524
01/09/2018,AUS,TX,ASW,CE,Combined TRACON& Tower with Radar,326,54,92,13,485,0,2,64,9,75,326,56,156,22,560,0,0,0,560
01/10/2018,AUS,TX,ASW,CE,Combined TRACON& Tower with Radar,320,56,73,6,455,0,3,13,20,36,320,59,86,26,491,0,0,0,491
01/11/2018,AUS,TX,ASW,CE,Combined TRACON& Tower with Radar,397,61,91,5,554,0,0,9,11,20,397,61,100,16,574,0,0,0,574
01/12/2018,AUS,TX,ASW,CE,Combined TRACON& Tower with Radar,330,50,73,12,465,0,4,96,9,109,330,54,169,21,574,0,0,0,574
01/13/2018,AUS,TX,ASW,CE,Combined TRACON& Tower with Radar,241,23,38,5,307,0,2,94,7,103,241,25,132,12,410,0,0,0,410
01/14/2018,AUS,TX,ASW,CE,Combined TRACON& Tower with Radar,301,24,47,13,385,0,2,93,4,99,301,26,140,17,484,0,0,0,484
01/15/2018,AUS,TX,ASW,CE,Combined TRACON& Tower with Radar,303,49,82,8,442,0,0,40,5,45,303,49,122,13,487,0,0,0,487
01/16/2018,AUS,TX,ASW,CE,Combined TRACON& Tower with Radar,232,14,31,0,277,0,2,3,0,5,232,16,34,0,282,0,0,0,282
01/17/2018,AUS,TX,ASW,CE,Combined TRACON& Tower with Radar,304,45,83,14,446,0,2,44,14,60,304,47,127,28,506,0,0,0,506
01/18/2018,AUS,TX,ASW,CE,Combined TRACON& Tower with Radar,341,46,109,6,502,0,0,55,29,84,341,46,164,35,586,0,4,4,590
01/19/2018,AUS,TX,ASW,CE,Combined TRACON& Tower with Radar,343,48,74,4,469,0,4,7,9,20,343,52,81,13,489,10,0,10,499
01/20/2018,AUS,TX,ASW,CE,Combined TRACON& Tower with Radar,245,26,71,13,355,0,4,12,13,29,245,30,83,26,384,0,0,0,384
01/21/2018,AUS,TX,ASW,CE,Combined TRACON& Tower with Radar,317,25,62,10,414,0,0,5,6,11,317,25,67,16,425,0,0,0,425
01/22/2018,AUS,TX,ASW,CE,Combined TRACON& Tower with Radar,333,55,80,6,474,0,7,73,14,94,333,62,153,20,568,0,0,0,568
01/23/2018,AUS,TX,ASW,CE,Combined TRACON& Tower with Radar,319,33,86,14,452,0,1,69,21,91,319,34,155,35,543,4,26,30,573
01/24/2018,AUS,TX,ASW,CE,Combined TRACON& Tower with Radar,318,49,84,2,453,0,2,65,29,96,318,51,149,31,549,4,0,4,553
01/25/2018,AUS,TX,ASW,CE,Combined TRACON& Tower with Radar,344,54,116,15,529,0,3,63,27,93,344,57,179,42,622,22,0,22,644
01/26/2018,AUS,TX,ASW,CE,Combined TRACON& Tower with Radar,336,48,103,11,498,0,0,2,9,11,336,48,105,20,509,0,0,0,509
01/27/2018,AUS,TX,ASW,CE,Combined TRACON& Tower with Radar,238,28,32,10,308,0,0,5,9,14,238,28,37,19,322,0,0,0,322
01/28/2018,AUS,TX,ASW,CE,Combined TRACON& Tower with Radar,313,23,61,10,407,0,5,65,9,79,313,28,126,19,486,0,0,0,486
01/29/2018,AUS,TX,ASW,CE,Combined TRACON& Tower with Radar,335,29,58,13,435,0,2,54,12,68,335,31,112,25,503,0,8,8,511
01/30/2018,AUS,TX,ASW,CE,Combined TRACON& Tower with Radar,325,44,96,10,475,0,0,76,12,88,325,44,172,22,563,21,0,21,584
01/31/2018,AUS,TX,ASW,CE,Combined TRACON& Tower with Radar,319,44,90,6,459,0,0,51,19,70,319,44,141,25,529,0,0,0,529
02/01/2018,AUS,TX,ASW,CE,Combined TRACON& Tower with Radar,342,62,82,15,501,0,0,61,18,79,342,62,143,33,580,36,0,36,616
02/02/2018,AUS,TX,ASW,CE,Combined TRACON& Tower with Radar,339,65,89,5,498,0,6,68,20,94,339,71,157,25,592,6,0,6,598
02/03/2018,AUS,TX,ASW,CE,Combined TRACON& Tower with Radar,242,33,54,1,330,0,0,5,3,8,242,33,59,4,338,0,0,0,338
02/04/2018,AUS,TX,ASW,CE,Combined TRACON& Tower with Radar,279,30,49,3,361,0,2,72,7,81,279,32,121,10,442,0,0,0,442
02/05/2018,AUS,TX,ASW,CE,Combined TRACON& Tower with Radar,331,49,88,10,478,0,0,10,10,20,331,49,98,20,498,0,0,0,498
02/06/2018,AUS,TX,ASW,CE,Combined TRACON& Tower with Radar,325,43,76,1,445,0,0,0,0,0,325,43,76,1,445,0,0,0,445
02/07/2018,AUS,TX,ASW,CE,Combined TRACON& Tower with Radar,311,59,106,2,478,0,2,27,14,43,311,61,133,16,521,0,0,0,521
02/08/2018,AUS,TX,ASW,CE,Combined TRACON& Tower with Radar,339,54,121,5,519,0,0,63,18,81,339,54,184,23,600,0,0,0,600
02/09/2018,AUS,TX,ASW,CE,Combined TRACON& Tower with Radar,335,70,126,8,539,0,0,11,9,20,335,70,137,17,559,0,12,12,571
02/10/2018,AUS,TX,ASW,CE,Combined TRACON& Tower with Radar,239,41,38,13,331,0,0,0,3,3,239,41,38,16,334,0,0,0,334
02/11/2018,AUS,TX,ASW,CE,Combined TRACON& Tower with Radar,315,38,63,5,421,0,0,7,1,8,315,38,70,6,429,0,0,0,429
02/12/2018,AUS,TX,ASW,CE,Combined TRACON& Tower with Radar,344,46,95,2,487,0,0,24,14,38,344,46,119,16,525,0,0,0,525
02/13/2018,AUS,TX,ASW,CE,Combined TRACON& Tower with Radar,320,56,91,1,468,0,0,0,0,0,320,56,91,1,468,0,0,0,468
02/14/2018,AUS,TX,ASW,CE,Combined TRACON& Tower with Radar,292,60,86,3,441,0,0,12,2,14,292,60,98,5,455,0,0,0,455
02/15/2018,AUS,TX,ASW,CE,Combined TRACON& Tower with Radar,352,76,115,4,547,0,0,14,6,20,352,76,129,10,567,0,0,0,567
02/16/2018,AUS,TX,ASW,CE,Combined TRACON& Tower with Radar,359,43,108,3,513,0,0,34,12,46,359,43,142,15,559,0,0,0,559
02/17/2018,AUS,TX,ASW,CE,Combined TRACON& Tower with Radar,258,27,42,1,328,0,4,20,5,29,258,31,62,6,357,0,0,0,357
02/18/2018,AUS,TX,ASW,CE,Combined TRACON& Tower with Radar,319,38,90,2,449,0,0,2,3,5,319,38,92,5,454,0,0,0,454
02/19/2018,AUS,TX,ASW,CE,Combined TRACON& Tower with Radar,343,50,95,8,496,0,0,32,6,38,343,50,127,14,534,0,0,0,534
02/20/2018,AUS,TX,ASW,CE,Combined TRACON& Tower with Radar,359,47,87,7,500,0,0,2,3,5,359,47,89,10,505,4,0,4,509
02/21/2018,AUS,TX,ASW,CE,Combined TRACON& Tower with Radar,354,37,84,3,478,0,0,0,0,0,354,37,84,3,478,0,0,0,478
02/22/2018,AUS,TX,ASW,CE,Combined TRACON& Tower with Radar,379,64,105,0,548,0,0,0,0,0,379,64,105,0,548,0,0,0,548
02/23/2018,AUS,TX,ASW,CE,Combined TRACON& Tower with Radar,371,68,93,0,532,0,0,0,2,2,371,68,93,2,534,0,0,0,534
02/24/2018,AUS,TX,ASW,CE,Combined TRACON& Tower with Radar,287,25,58,0,370,0,0,22,7,29,287,25,80,7,399,12,0,12,411
02/25/2018,AUS,TX,ASW,CE,Combined TRACON& Tower with Radar,336,48,68,1,453,0,2,50,13,65,336,50,118,14,518,28,0,28,546
02/26/2018,AUS,TX,ASW,CE,Combined TRACON& Tower with Radar,360,39,90,0,489,0,0,82,14,96,360,39,172,14,585,18,0,18,603
02/27/2018,AUS,TX,ASW,CE,Combined TRACON& Tower with Radar,352,56,115,4,527,0,2,11,13,26,352,58,126,17,553,0,0,0,553
02/28/2018,AUS,TX,ASW,CE,Combined TRACON& Tower with Radar,351,56,115,9,531,0,2,30,20,52,351,58,145,29,583,0,10,10,593
03/01/2018,AUS,TX,ASW,CE,Combined TRACON& Tower with Radar,374,47,95,8,524,0,1,80,22,103,374,48,175,30,627,0,0,0,627
03/02/2018,AUS,TX,ASW,CE,Combined TRACON& Tower with Radar,352,47,76,10,485,0,1,108,18,127,352,48,184,28,612,0,6,6,618
03/03/2018,AUS,TX,ASW,CE,Combined TRACON& Tower with Radar,269,25,69,4,367,0,0,23,9,32,269,25,92,13,399,20,0,20,419
03/04/2018,AUS,TX,ASW,CE,Combined TRACON& Tower with Radar,332,26,80,8,446,0,1,27,3,31,332,27,107,11,477,0,0,0,477
03/05/2018,AUS,TX,ASW,CE,Combined TRACON& Tower with Radar,350,47,97,7,501,0,1,17,6,24,350,48,114,13,525,0,0,0,525
03/06/2018,AUS,TX,ASW,CE,Combined TRACON& Tower with Radar,355,48,91,11,505,0,0,74,17,91,355,48,165,28,596,4,0,4,600
03/07/2018,AUS,TX,ASW,CE,Combined TRACON& Tower with Radar,332,53,84,11,480,0,1,89,18,108,332,54,173,29,588,8,0,8,596
03/08/2018,AUS,TX,ASW,CE,Combined TRACON& Tower with Radar,387,54,120,13,574,0,0,84,28,112,387,54,204,41,686,0,0,0,686
03/09/2018,AUS,TX,ASW,CE,Combined TRACON& Tower with Radar,378,83,108,34,603,0,0,52,14,66,378,83,160,48,669,0,0,0,669
03/10/2018,AUS,TX,ASW,CE,Combined TRACON& Tower with Radar,310,68,103,6,487,0,3,65,13,81,310,71,168,19,568,38,0,38,606
03/11/2018,AUS,TX,ASW,CE,Combined TRACON& Tower with Radar,377,54,86,3,520,0,8,7,4,19,377,62,93,7,539,0,0,0,539
03/12/2018,AUS,TX,ASW,CE,Combined TRACON& Tower with Radar,372,66,66,15,519,0,0,68,8,76,372,66,134,23,595,26,0,26,621
03/13/2018,AUS,TX,ASW,CE,Combined TRACON& Tower with Radar,365,57,71,10,503,0,0,44,24,68,365,57,115,34,571,0,4,4,575
03/14/2018,AUS,TX,ASW,CE,Combined TRACON& Tower with Radar,370,57,55,12,494,0,1,85,21,107,370,58,140,33,601,12,0,12,613
03/15/2018,AUS,TX,ASW,CE,Combined TRACON& Tower with Radar,390,61,75,12,538,0,2,45,15,62,390,63,120,27,600,0,2,2,602
03/16/2018,AUS,TX,ASW,CE,Combined TRACON& Tower with Radar,371,53,84,16,524,0,0,78,15,93,371,53,162,31,617,0,0,0,617
03/17/2018,AUS,TX,ASW,CE,Combined TRACON& Tower with Radar,313,49,72,3,437,0,3,19,4,26,313,52,91,7,463,18,0,18,481
03/18/2018,AUS,TX,ASW,CE,Combined TRACON& Tower with Radar,383,56,87,4,530,0,2,27,4,33,383,58,114,8,563,12,0,12,575
03/19/2018,AUS,TX,ASW,CE,Combined TRACON& Tower with Radar,360,62,88,12,522,0,2,57,16,75,360,64,145,28,597,24,0,24,621
03/20/2018,AUS,TX,ASW,CE,Combined TRACON& Tower with Radar,361,59,87,8,515,0,2,90,12,104,361,61,177,20,619,0,0,0,619
03/21/2018,AUS,TX,ASW,CE,Combined TRACON& Tower with Radar,337,47,94,6,484,0,0,73,26,99,337,47,167,32,583,8,0,8,591
03/22/2018,AUS,TX,ASW,CE,Combined TRACON& Tower with Radar,373,60,115,17,565,0,0,69,27,96,373,60,184,44,661,0,0,0,661
03/23/2018,AUS,TX,ASW,CE,Combined TRACON& Tower with Radar,361,62,105,20,548,0,0,40,15,55,361,62,145,35,603,0,4,4,607
03/24/2018,AUS,TX,ASW,CE,Combined TRACON& Tower with Radar,290,59,54,28,431,0,3,79,10,92,290,62,133,38,523,20,0,20,543
03/25/2018,AUS,TX,ASW,CE,Combined TRACON& Tower with Radar,367,57,91,11,526,0,0,7,4,11,367,57,98,15,537,0,0,0,537
03/26/2018,AUS,TX,ASW,CE,Combined TRACON& Tower with Radar,360,47,90,8,505,0,0,42,19,61,360,47,132,27,566,0,0,0,566
03/27/2018,AUS,TX,ASW,CE,Combined TRACON& Tower with Radar,372,54,101,8,535,0,0,7,17,24,372,54,108,25,559,0,0,0,559
03/28/2018,AUS,TX,ASW,CE,Combined TRACON& Tower with Radar,354,73,82,4,513,0,0,3,9,12,354,73,85,13,525,0,0,0,525
03/29/2018,AUS,TX,ASW,CE,Combined TRACON& Tower with Radar,383,65,113,15,576,0,2,70,24,96,383,67,183,39,672,6,0,6,678
03/30/2018,AUS,TX,ASW,CE,Combined TRACON& Tower with Radar,369,44,57,25,495,0,4,122,18,144,369,48,179,43,639,60,0,60,699
03/31/2018,AUS,TX,ASW,CE,Combined TRACON& Tower with Radar,282,29,41,19,371,0,0,64,8,72,282,29,105,27,443,8,0,8,451
04/01/2018,AUS,TX,ASW,CE,Combined TRACON& Tower with Radar,354,31,61,11,457,0,0,34,3,37,354,31,95,14,494,0,0,0,494
04/02/2018,AUS,TX,ASW,CE,Combined TRACON& Tower with Radar,360,66,68,26,520,0,0,26,7,33,360,66,94,33,553,0,0,0,553
04/03/2018,AUS,TX,ASW,CE,Combined TRACON& Tower with Radar,361,59,68,2,490,0,4,12,25,41,361,63,80,27,531,6,0,6,537
04/04/2018,AUS,TX,ASW,CE,Combined TRACON& Tower with Radar,348,55,94,28,525,0,2,107,29,138,348,57,201,57,663,12,0,12,675
04/05/2018,AUS,TX,ASW,CE,Combined TRACON& Tower with Radar,379,65,119,30,593,0,1,59,36,96,379,66,178,66,689,4,2,6,695
04/06/2018,AUS,TX,ASW,CE,Combined TRACON& Tower with Radar,383,54,101,50,588,0,1,39,17,57,383,55,140,67,645,0,8,8,653
04/07/2018,AUS,TX,ASW,CE,Combined TRACON& Tower with Radar,305,43,52,27,427,0,0,3,6,9,305,43,55,33,436,0,0,0,436
04/08/2018,AUS,TX,ASW,CE,Combined TRACON& Tower with Radar,378,35,85,18,516,0,0,62,7,69,378,35,147,25,585,6,0,6,591
04/09/2018,AUS,TX,ASW,CE,Combined TRACON& Tower with Radar,395,46,79,29,549,0,1,0,11,12,395,47,79,40,561,0,0,0,561
04/10/2018,AUS,TX,ASW,CE,Combined TRACON& Tower with Radar,380,37,82,20,519,0,2,120,20,142,380,39,202,40,661,6,0,6,667
04/11/2018,AUS,TX,ASW,CE,Combined TRACON& Tower with Radar,383,52,102,19,556,0,2,95,25,122,383,54,197,44,678,6,0,6,684
04/12/2018,AUS,TX,ASW,CE,Combined TRACON& Tower with Radar,406,50,84,23,563,0,3,44,21,68,406,53,128,44,631,0,0,0,631
04/13/2018,AUS,TX,ASW,CE,Combined TRACON& Tower with Radar,408,46,104,33,591,0,0,18,10,28,408,46,122,43,619,0,0,0,619
04/14/2018,AUS,TX,ASW,CE,Combined TRACON& Tower with Radar,328,18,57,15,418,0,0,27,5,32,328,18,84,20,450,0,18,18,468
04/15/2018,AUS,TX,ASW,CE,Combined TRACON& Tower with Radar,376,38,60,27,501,0,2,100,8,110,376,40,160,35,611,14,0,14,625
04/16/2018,AUS,TX,ASW,CE,Combined TRACON& Tower with Radar,393,46,75,19,533,0,2,60,19,81,393,48,135,38,614,8,0,8,622
04/17/2018,AUS,TX,ASW,CE,Combined TRACON& Tower with Radar,377,34,87,17,515,0,0,59,19,78,377,34,146,36,593,0,0,0,593
04/18/2018,AUS,TX,ASW,CE,Combined TRACON& Tower with Radar,383,52,101,20,556,0,0,47,19,66,383,52,148,39,622,0,0,0,622
04/19/2018,AUS,TX,ASW,CE,Combined TRACON& Tower with Radar,404,68,105,17,594,0,1,98,20,119,404,69,203,37,713,0,0,0,713
04/20/2018,AUS,TX,ASW,CE,Combined TRACON& Tower with Radar,404,60,112,24,600,0,5,86,15,106,404,65,198,39,706,18,0,18,724
04/21/2018,AUS,TX,ASW,CE,Combined TRACON& Tower with Radar,327,24,55,2,408,0,0,0,2,2,327,24,55,4,410,0,0,0,410
04/22/2018,AUS,TX,ASW,CE,Combined TRACON& Tower with Radar,381,43,106,13,543,0,2,82,19,103,381,45,188,32,646,6,14,20,666
04/23/2018,AUS,TX,ASW,CE,Combined TRACON& Tower with Radar,398,34,61,25,518,0,2,61,15,78,398,36,122,40,596,0,0,0,596
04/24/2018,AUS,TX,ASW,CE,Combined TRACON& Tower with Radar,372,42,90,18,522,0,0,97,24,121,372,42,187,42,643,18,8,26,669
04/25/2018,AUS,TX,ASW,CE,Combined TRACON& Tower with Radar,384,44,89,13,530,0,0,48,24,72,384,44,137,37,602,0,0,0,602
04/26/2018,AUS,TX,ASW,CE,Combined TRACON& Tower with Radar,417,52,116,20,605,0,3,83,25,111,417,55,199,45,716,0,0,0,716
04/27/2018,AUS,TX,ASW,CE,Combined TRACON& Tower with Radar,401,57,80,20,558,0,2,87,19,108,401,59,167,39,666,20,0,20,686
04/28/2018,AUS,TX,ASW,CE,Combined TRACON& Tower with Radar,328,24,35,1,388,0,0,94,5,99,328,24,129,6,487,0,0,0,487
04/29/2018,AUS,TX,ASW,CE,Combined TRACON& Tower with Radar,382,47,70,13,512,0,0,87,6,93,382,47,157,19,605,0,0,0,605
04/30/2018,AUS,TX,ASW,CE,Combined TRACON& Tower with Radar,400,28,77,18,523,0,0,11,10,21,400,28,88,28,544,0,0,0,544
05/01/2018,AUS,TX,ASW,CE,Combined TRACON& Tower with Radar,374,49,95,16,534,0,0,1,10,11,374,49,96,26,545,0,10,10,555
05/02/2018,AUS,TX,ASW,CE,Combined TRACON& Tower with Radar,375,56,97,25,553,0,0,18,22,40,375,56,115,47,593,6,0,6,599
05/03/2018,AUS,TX,ASW,CE,Combined TRACON& Tower with Radar,396,61,91,24,572,0,1,23,20,44,396,62,114,44,616,0,0,0,616
05/04/2018,AUS,TX,ASW,CE,Combined TRACON& Tower with Radar,405,55,77,2,539,0,2,2,6,10,405,57,79,8,549,0,0,0,549
05/05/2018,AUS,TX,ASW,CE,Combined TRACON& Tower with Radar,329,29,55,6,419,0,19,81,10,110,329,48,136,16,529,0,0,0,529
05/06/2018,AUS,TX,ASW,CE,Combined TRACON& Tower with Radar,382,42,82,10,516,0,4,114,10,128,382,46,196,20,644,10,2,12,656
05/07/2018,AUS,TX,ASW,CE,Combined TRACON& Tower with Radar,407,42,82,18,549,0,0,74,24,98,407,42,156,42,647,8,6,14,661
05/08/2018,AUS,TX,ASW,CE,Combined TRACON& Tower with Radar,374,53,81,23,531,0,0,82,19,101,374,53,163,42,632,0,2,2,634
05/09/2018,AUS,TX,ASW,CE,Combined TRACON& Tower with Radar,379,48,97,16,540,0,1,82,14,97,379,49,179,30,637,0,0,0,637
05/10/2018,AUS,TX,ASW,CE,Combined TRACON& Tower with Radar,401,67,104,15,587,0,0,85,17,102,401,67,189,32,689,4,2,6,695
05/11/2018,AUS,TX,ASW,CE,Combined TRACON& Tower with Radar,416,58,96,48,618,0,1,59,17,77,416,59,155,65,695,0,0,0,695
05/12/2018,AUS,TX,ASW,CE,Combined TRACON& Tower with Radar,326,25,57,12,420,0,2,63,15,80,326,27,120,27,500,8,0,8,508
05/13/2018,AUS,TX,ASW,CE,Combined TRACON& Tower with Radar,367,36,56,28,487,0,2,34,10,46,367,38,90,38,533,22,0,22,555
05/14/2018,AUS,TX,ASW,CE,Combined TRACON& Tower with Radar,396,48,101,16,561,0,1,40,14,55,396,49,141,30,616,0,0,0,616
05/15/2018,AUS,TX,ASW,CE,Combined TRACON& Tower with Radar,368,57,83,19,527,0,2,44,14,60,368,59,127,33,587,0,0,0,587
05/16/2018,AUS,TX,ASW,CE,Combined TRACON& Tower with Radar,381,70,92,25,568,0,2,80,8,90,381,72,172,33,658,8,20,28,686
05/17/2018,AUS,TX,ASW,CE,Combined TRACON& Tower with Radar,412,59,91,6,568,0,0,92,19,111,412,59,183,25,679,16,0,16,695
05/18/2018,AUS,TX,ASW,CE,Combined TRACON& Tower with Radar,410,55,101,23,589,0,0,81,19,100,410,55,182,42,689,0,0,0,689
05/19/2018,AUS,TX,ASW,CE,Combined TRACON& Tower with Radar,332,24,64,26,446,0,0,48,8,56,332,24,112,34,502,12,6,18,520
05/20/2018,AUS,TX,ASW,CE,Combined TRACON& Tower with Radar,383,48,68,19,518,0,2,8,5,15,383,50,76,24,533,0,0,0,533
05/21/2018,AUS,TX,ASW,CE,Combined TRACON& Tower with Radar,415,60,105,29,609,0,0,25,11,36,415,60,130,40,645,0,20,20,665
05/22/2018,AUS,TX,ASW,CE,Combined TRACON& Tower with Radar,395,72,115,18,600,0,0,45,10,55,395,72,160,28,655,2,14,16,671
05/23/2018,AUS,TX,ASW,CE,Combined TRACON& Tower with Radar,402,53,90,22,567,0,3,87,101,191,402,56,177,123,758,20,0,20,778
05/24/2018,AUS,TX,ASW,CE,Combined TRACON& Tower with Radar,411,54,95,22,582,0,2,78,18,98,411,56,173,40,680,0,0,0,680
05/25/2018,AUS,TX,ASW,CE,Combined TRACON& Tower with Radar,424,70,67,10,571,0,4,84,6,94,424,74,151,16,665,0,0,0,665
05/26/2018,AUS,TX,ASW,CE,Combined TRACON& Tower with Radar,332,36,31,0,399,0,0,91,1,92,332,36,122,1,491,8,0,8,499
05/27/2018,AUS,TX,ASW,CE,Combined TRACON& Tower with Radar,316,22,27,10,375,0,0,74,6,80,316,22,101,16,455,0,0,0,455
05/28/2018,AUS,TX,ASW,CE,Combined TRACON& Tower with Radar,380,42,66,4,492,0,1,87,8,96,380,43,153,12,588,12,0,12,600
05/29/2018,AUS,TX,ASW,CE,Combined TRACON& Tower with Radar,378,38,67,14,497,0,1,61,21,83,378,39,128,35,580,0,0,0,580
05/30/2018,AUS,TX,ASW,CE,Combined TRACON& Tower with Radar,385,52,68,30,535,0,0,77,19,96,385,52,145,49,631,6,0,6,637
05/31/2018,AUS,TX,ASW,CE,Combined TRACON& Tower with Radar,396,60,88,26,570,0,0,72,29,101,396,60,160,55,671,2,6,8,679
06/01/2018,AUS,TX,ASW,CE,Combined TRACON& Tower with Radar,421,54,95,25,595,0,0,62,11,73,421,54,157,36,668,0,0,0,668
06/02/2018,AUS,TX,ASW,CE,Combined TRACON& Tower with Radar,322,33,48,12,415,0,2,82,6,90,322,35,130,18,505,0,0,0,505
06/03/2018,AUS,TX,ASW,CE,Combined TRACON& Tower with Radar,387,38,83,7,515,0,0,39,3,42,387,38,122,10,557,6,0,6,563
06/04/2018,AUS,TX,ASW,CE,Combined TRACON& Tower with Radar,419,42,64,12,537,0,0,56,10,66,419,42,120,22,603,0,34,34,637
06/05/2018,AUS,TX,ASW,CE,Combined TRACON& Tower with Radar,373,46,82,25,526,0,6,67,14,87,373,52,149,39,613,0,0,0,613
06/06/2018,AUS,TX,ASW,CE,Combined TRACON& Tower with Radar,397,57,64,17,535,0,0,69,9,78,397,57,133,26,613,0,6,6,619
06/07/2018,AUS,TX,ASW,CE,Combined TRACON& Tower with Radar,438,56,84,9,587,0,2,60,11,73,438,58,144,20,660,0,0,0,660
06/08/2018,AUS,TX,ASW,CE,Combined TRACON& Tower with Radar,419,34,86,26,565,0,0,88,15,103,419,34,174,41,668,16,0,16,684
06/09/2018,AUS,TX,ASW,CE,Combined TRACON& Tower with Radar,357,20,63,4,444,0,0,98,11,109,357,20,161,15,553,8,0,8,561
06/10/2018,AUS,TX,ASW,CE,Combined TRACON& Tower with Radar,394,38,72,11,515,0,0,103,8,111,394,38,175,19,626,0,0,0,626
06/11/2018,AUS,TX,ASW,CE,Combined TRACON& Tower with Radar,410,47,75,29,561,0,0,47,8,55,410,47,122,37,616,0,0,0,616
06/12/2018,AUS,TX,ASW,CE,Combined TRACON& Tower with Radar,403,52,91,12,558,0,0,51,6,57,403,52,142,18,615,0,0,0,615
06/13/2018,AUS,TX,ASW,CE,Combined TRACON& Tower with Radar,401,57,80,21,559,0,0,60,33,93,401,57,140,54,652,12,0,12,664
06/14/2018,AUS,TX,ASW,CE,Combined TRACON& Tower with Radar,423,56,84,15,578,0,2,71,6,79,423,58,155,21,657,0,0,0,657
06/15/2018,AUS,TX,ASW,CE,Combined TRACON& Tower with Radar,433,37,84,20,574,0,5,66,12,83,433,42,150,32,657,0,0,0,657
06/16/2018,AUS,TX,ASW,CE,Combined TRACON& Tower with Radar,362,19,46,5,432,0,3,38,4,45,362,22,84,9,477,6,8,14,491
06/17/2018,AUS,TX,ASW,CE,Combined TRACON& Tower with Radar,404,34,71,7,516,0,4,28,11,43,404,38,99,18,559,0,0,0,559
06/18/2018,AUS,TX,ASW,CE,Combined TRACON& Tower with Radar,418,50,89,15,572,0,0,17,8,25,418,50,106,23,597,0,0,0,597
06/19/2018,AUS,TX,ASW,CE,Combined TRACON& Tower with Radar,400,48,70,10,528,0,0,1,0,1,400,48,71,10,529,0,0,0,529
06/20/2018,AUS,TX,ASW,CE,Combined TRACON& Tower with Radar,424,48,63,11,546,0,0,12,3,15,424,48,75,14,561,0,0,0,561
06/21/2018,AUS,TX,ASW,CE,Combined TRACON& Tower with Radar,416,58,92,41,607,0,0,64,15,79,416,58,156,56,686,0,0,0,686
06/22/2018,AUS,TX,ASW,CE,Combined TRACON& Tower with Radar,420,48,75,35,578,0,0,61,11,72,420,48,136,46,650,0,2,2,652
06/23/2018,AUS,TX,ASW,CE,Combined TRACON& Tower with Radar,363,32,40,13,448,0,0,92,2,94,363,32,132,15,542,0,0,0,542
06/24/2018,AUS,TX,ASW,CE,Combined TRACON& Tower with Radar,389,26,60,20,495,0,0,60,6,66,389,26,120,26,561,14,0,14,575
06/25/2018,AUS,TX,ASW,CE,Combined TRACON& Tower with Radar,434,44,71,28,577,0,0,46,3,49,434,44,117,31,626,0,0,0,626
06/26/2018,AUS,TX,ASW,CE,Combined TRACON& Tower with Radar,403,53,90,15,561,0,0,69,21,90,403,53,159,36,651,0,32,32,683
06/27/2018,AUS,TX,ASW,CE,Combined TRACON& Tower with Radar,401,57,92,14,564,0,0,82,20,102,401,57,174,34,666,6,30,36,702
06/28/2018,AUS,TX,ASW,CE,Combined TRACON& Tower with Radar,418,53,89,15,575,0,0,74,19,93,418,53,163,34,668,0,8,8,676
06/29/2018,AUS,TX,ASW,CE,Combined TRACON& Tower with Radar,434,55,93,17,599,0,2,63,28,93,434,57,156,45,692,0,20,20,712
06/30/2018,AUS,TX,ASW,CE,Combined TRACON& Tower with Radar,367,27,47,12,453,0,5,56,3,64,367,32,103,15,517,0,2,2,519
07/01/2018,AUS,TX,ASW,CE,Combined TRACON& Tower with Radar,367,23,68,4,462,0,0,55,2,57,367,23,123,6,519,30,0,30,549
07/02/2018,AUS,TX,ASW,CE,Combined TRACON& Tower with Radar,388,40,43,13,484,0,1,59,15,75,388,41,102,28,559,44,0,44,603
07/03/2018,AUS,TX,ASW,CE,Combined TRACON& Tower with Radar,344,34,53,12,443,0,0,57,7,64,344,34,110,19,507,6,0,6,513
07/04/2018,AUS,TX,ASW,CE,Combined TRACON& Tower with Radar,325,14,17,0,356,0,7,12,3,22,325,21,29,3,378,0,0,0,378
07/05/2018,AUS,TX,ASW,CE,Combined TRACON& Tower with Radar,379,52,65,4,500,0,3,63,9,75,379,55,128,13,575,4,4,8,583
07/06/2018,AUS,TX,ASW,CE,Combined TRACON& Tower with Radar,410,52,77,13,552,0,4,54,23,81,410,56,131,36,633,2,12,14,647
07/07/2018,AUS,TX,ASW,CE,Combined TRACON& Tower with Radar,363,22,39,0,424,0,2,36,2,40,363,24,75,2,464,0,0,0,464
07/08/2018,AUS,TX,ASW,CE,Combined TRACON& Tower with Radar,392,27,62,2,483,0,0,38,4,42,392,27,100,6,525,8,0,8,533
07/09/2018,AUS,TX,ASW,CE,Combined TRACON& Tower with Radar,432,35,83,10,560,0,0,4,2,6,432,35,87,12,566,0,0,0,566
07/10/2018,AUS,TX,ASW,CE,Combined TRACON& Tower with Radar,417,27,65,10,519,0,0,91,22,113,417,27,156,32,632,0,0,0,632
07/11/2018,AUS,TX,ASW,CE,Combined TRACON& Tower with Radar,409,51,67,15,542,0,1,75,12,88,409,52,142,27,630,0,0,0,630
07/12/2018,AUS,TX,ASW,CE,Combined TRACON& Tower with Radar,433,56,108,14,611,0,0,98,9,107,433,56,206,23,718,0,0,0,718
07/13/2018,AUS,TX,ASW,CE,Combined TRACON& Tower with Radar,420,47,59,33,559,0,4,71,15,90,420,51,130,48,649,0,0,0,649
07/14/2018,AUS,TX,ASW,CE,Combined TRACON& Tower with Radar,364,26,34,15,439,0,0,93,14,107,364,26,127,29,546,0,0,0,546
07/15/2018,AUS,TX,ASW,CE,Combined TRACON& Tower with Radar,387,44,72,24,527,0,0,39,12,51,387,44,111,36,578,0,0,0,578
07/16/2018,AUS,TX,ASW,CE,Combined TRACON& Tower with Radar,427,45,67,19,558,0,1,59,4,64,427,46,126,23,622,0,6,6,628
07/17/2018,AUS,TX,ASW,CE,Combined TRACON& Tower with Radar,405,41,74,12,532,0,2,84,13,99,405,43,158,25,631,20,0,20,651
07/18/2018,AUS,TX,ASW,CE,Combined TRACON& Tower with Radar,413,52,88,23,576,0,1,77,21,99,413,53,165,44,675,0,0,0,675
07/19/2018,AUS,TX,ASW,CE,Combined TRACON& Tower with Radar,416,40,91,17,564,0,4,67,16,87,416,44,158,33,651,0,0,0,651
07/20/2018,AUS,TX,ASW,CE,Combined TRACON& Tower with Radar,420,44,61,28,553,0,1,69,22,92,420,45,130,50,645,0,0,0,645
07/21/2018,AUS,TX,ASW,CE,Combined TRACON& Tower with Radar,374,20,32,13,439,0,2,79,2,83,374,22,111,15,522,0,0,0,522
07/22/2018,AUS,TX,ASW,CE,Combined TRACON& Tower with Radar,387,35,44,16,482,0,0,53,4,57,387,35,97,20,539,2,2,4,543
07/23/2018,AUS,TX,ASW,CE,Combined TRACON& Tower with Radar,418,38,61,13,530,0,0,42,4,46,418,38,103,17,576,0,54,54,630
07/24/2018,AUS,TX,ASW,CE,Combined TRACON& Tower with Radar,405,39,87,5,536,0,2,61,15,78,405,41,148,20,614,0,0,0,614
07/25/2018,AUS,TX,ASW,CE,Combined TRACON& Tower with Radar,405,43,80,5,533,0,0,73,7,80,405,43,153,12,613,0,46,46,659
07/26/2018,AUS,TX,ASW,CE,Combined TRACON& Tower with Radar,411,46,85,21,563,0,1,82,25,108,411,47,167,46,671,28,54,82,753
07/27/2018,AUS,TX,ASW,CE,Combined TRACON& Tower with Radar,415,52,57,29,553,0,0,97,14,111,415,52,154,43,664,0,28,28,692
07/28/2018,AUS,TX,ASW,CE,Combined TRACON& Tower with Radar,359,24,36,18,437,0,0,66,15,81,359,24,102,33,518,0,12,12,530
07/29/2018,AUS,TX,ASW,CE,Combined TRACON& Tower with Radar,388,29,57,15,489,0,1,62,11,74,388,30,119,26,563,0,0,0,563
07/30/2018,AUS,TX,ASW,CE,Combined TRACON& Tower with Radar,437,33,31,24,525,0,1,45,8,54,437,34,76,32,579,14,0,14,593
07/31/2018,AUS,TX,ASW,CE,Combined TRACON& Tower with Radar,425,45,67,13,550,0,2,73,13,88,425,47,140,26,638,8,8,16,654
08/01/2018,AUS,TX,ASW,CE,Combined TRACON& Tower with Radar,402,47,90,20,559,0,2,81,13,96,402,49,171,33,655,0,0,0,655
08/02/2018,AUS,TX,ASW,CE,Combined TRACON& Tower with Radar,408,55,50,10,523,0,2,83,13,98,408,57,133,23,621,28,2,30,651
08/03/2018,AUS,TX,ASW,CE,Combined TRACON& Tower with Radar,426,48,58,22,554,0,3,81,11,95,426,51,139,33,649,6,0,6,655
08/04/2018,AUS,TX,ASW,CE,Combined TRACON& Tower with Radar,371,22,35,17,445,0,0,71,7,78,371,22,106,24,523,6,0,6,529
08/05/2018,AUS,TX,ASW,CE,Combined TRACON& Tower with Radar,396,35,60,8,499,0,0,63,13,76,396,35,123,21,575,0,0,0,575
08/06/2018,AUS,TX,ASW,CE,Combined TRACON& Tower with Radar,429,32,71,9,541,0,2,41,7,50,429,34,112,16,591,6,0,6,597
08/07/2018,AUS,TX,ASW,CE,Combined TRACON& Tower with Radar,389,43,67,23,522,0,1,50,7,58,389,44,117,30,580,12,20,32,612
08/08/2018,AUS,TX,ASW,CE,Combined TRACON& Tower with Radar,385,46,89,19,539,0,3,63,15,81,385,49,152,34,620,2,0,2,622
08/09/2018,AUS,TX,ASW,CE,Combined TRACON& Tower with Radar,413,54,79,15,561,0,1,85,11,97,413,55,164,26,658,4,0,4,662
08/10/2018,AUS,TX,ASW,CE,Combined TRACON& Tower with Radar,425,46,44,29,544,0,2,55,19,76,425,48,99,48,620,16,8,24,644
08/11/2018,AUS,TX,ASW,CE,Combined TRACON& Tower with Radar,336,27,41,2,406,0,3,35,5,43,336,30,76,7,449,0,0,0,449
08/12/2018,AUS,TX,ASW,CE,Combined TRACON& Tower with Radar,377,46,59,21,503,0,0,17,3,20,377,46,76,24,523,0,0,0,523
08/13/2018,AUS,TX,ASW,CE,Combined TRACON& Tower with Radar,417,43,82,9,551,0,0,44,3,47,417,43,126,12,598,0,0,0,598
08/14/2018,AUS,TX,ASW,CE,Combined TRACON& Tower with Radar,383,47,73,6,509,0,5,78,14,97,383,52,151,20,606,14,0,14,620
08/15/2018,AUS,TX,ASW,CE,Combined TRACON& Tower with Radar,389,58,86,41,574,0,0,77,13,90,389,58,163,54,664,14,4,18,682
08/16/2018,AUS,TX,ASW,CE,Combined TRACON& Tower with Radar,409,48,114,23,594,0,0,80,12,92,409,48,194,35,686,0,0,0,686
08/17/2018,AUS,TX,ASW,CE,Combined TRACON& Tower with Radar,400,49,58,20,527,0,0,81,24,105,400,49,139,44,632,0,0,0,632
08/18/2018,AUS,TX,ASW,CE,Combined TRACON& Tower with Radar,363,19,58,13,453,0,0,81,10,91,363,19,139,23,544,0,0,0,544
08/19/2018,AUS,TX,ASW,CE,Combined TRACON& Tower with Radar,383,39,65,14,501,0,0,46,7,53,383,39,111,21,554,0,0,0,554
08/20/2018,AUS,TX,ASW,CE,Combined TRACON& Tower with Radar,396,39,56,10,501,0,0,71,7,78,396,39,127,17,579,2,0,2,581
08/21/2018,AUS,TX,ASW,CE,Combined TRACON& Tower with Radar,367,44,70,11,492,0,1,69,11,81,367,45,139,22,573,0,0,0,573
08/22/2018,AUS,TX,ASW,CE,Combined TRACON& Tower with Radar,377,57,77,17,528,0,0,60,12,72,377,57,137,29,600,0,0,0,600
08/23/2018,AUS,TX,ASW,CE,Combined TRACON& Tower with Radar,403,45,85,11,544,0,2,69,16,87,403,47,154,27,631,0,0,0,631
08/24/2018,AUS,TX,ASW,CE,Combined TRACON& Tower with Radar,398,51,88,16,553,0,4,89,26,119,398,55,177,42,672,20,0,20,692
08/25/2018,AUS,TX,ASW,CE,Combined TRACON& Tower with Radar,307,20,53,2,382,0,0,62,5,67,307,20,115,7,449,0,0,0,449
08/26/2018,AUS,TX,ASW,CE,Combined TRACON& Tower with Radar,380,40,58,13,491,0,0,101,1,102,380,40,159,14,593,0,0,0,593
08/27/2018,AUS,TX,ASW,CE,Combined TRACON& Tower with Radar,391,48,74,18,531,0,2,49,10,61,391,50,123,28,592,0,0,0,592
08/28/2018,AUS,TX,ASW,CE,Combined TRACON& Tower with Radar,374,36,61,30,501,0,0,64,13,77,374,36,125,43,578,0,10,10,588
08/29/2018,AUS,TX,ASW,CE,Combined TRACON& Tower with Radar,384,46,61,18,509,0,0,57,13,70,384,46,118,31,579,92,2,94,673
08/30/2018,AUS,TX,ASW,CE,Combined TRACON& Tower with Radar,400,56,99,21,576,0,0,62,16,78,400,56,161,37,654,0,16,16,670
08/31/2018,AUS,TX,ASW,CE,Combined TRACON& Tower with Radar,395,65,73,6,539,1,1,63,6,71,396,66,136,12,610,0,12,12,622
09/01/2018,AUS,TX,ASW,CE,Combined TRACON& Tower with Radar,297,19,25,0,341,0,0,78,8,86,297,19,103,8,427,0,0,0,427
09/02/2018,AUS,TX,ASW,CE,Combined TRACON& Tower with Radar,318,21,37,1,377,0,0,51,7,58,318,21,88,8,435,0,0,0,435
09/03/2018,AUS,TX,ASW,CE,Combined TRACON& Tower with Radar,381,41,73,1,496,0,1,15,6,22,381,42,88,7,518,0,0,0,518
09/04/2018,AUS,TX,ASW,CE,Combined TRACON& Tower with Radar,369,54,66,12,501,0,0,8,6,14,369,54,74,18,515,0,0,0,515
09/05/2018,AUS,TX,ASW,CE,Combined TRACON& Tower with Radar,374,59,79,1,513,0,0,18,3,21,374,59,97,4,534,0,14,14,548
09/06/2018,AUS,TX,ASW,CE,Combined TRACON& Tower with Radar,409,58,98,9,574,0,0,45,9,54,409,58,143,18,628,0,0,0,628
09/07/2018,AUS,TX,ASW,CE,Combined TRACON& Tower with Radar,402,55,102,13,572,0,1,15,2,18,402,56,117,15,590,0,0,0,590
09/08/2018,AUS,TX,ASW,CE,Combined TRACON& Tower with Radar,294,32,40,17,383,0,1,10,7,18,294,33,50,24,401,0,6,6,407
09/09/2018,AUS,TX,ASW,CE,Combined TRACON& Tower with Radar,372,31,62,19,484,0,4,1,3,8,372,35,63,22,492,0,0,0,492
09/10/2018,AUS,TX,ASW,CE,Combined TRACON& Tower with Radar,393,51,70,9,523,0,0,14,6,20,393,51,84,15,543,0,0,0,543
09/11/2018,AUS,TX,ASW,CE,Combined TRACON& Tower with Radar,363,56,82,8,509,0,0,6,3,9,363,56,88,11,518,0,0,0,518
09/12/2018,AUS,TX,ASW,CE,Combined TRACON& Tower with Radar,371,45,106,2,524,0,4,23,16,43,371,49,129,18,567,0,0,0,567
09/13/2018,AUS,TX,ASW,CE,Combined TRACON& Tower with Radar,402,75,103,16,596,0,1,24,9,34,402,76,127,25,630,0,0,0,630
09/14/2018,AUS,TX,ASW,CE,Combined TRACON& Tower with Radar,397,83,140,8,628,0,0,9,5,14,397,83,149,13,642,0,0,0,642
09/15/2018,AUS,TX,ASW,CE,Combined TRACON& Tower with Radar,302,40,66,4,412,0,0,7,3,10,302,40,73,7,422,4,0,4,426
09/16/2018,AUS,TX,ASW,CE,Combined TRACON& Tower with Radar,380,61,136,20,597,0,1,21,5,27,380,62,157,25,624,0,0,0,624
09/17/2018,AUS,TX,ASW,CE,Combined TRACON& Tower with Radar,393,54,64,7,518,0,2,88,9,99,393,56,152,16,617,0,0,0,617
09/18/2018,AUS,TX,ASW,CE,Combined TRACON& Tower with Radar,376,48,80,0,504,0,3,85,10,98,376,51,165,10,602,0,30,30,632
09/19/2018,AUS,TX,ASW,CE,Combined TRACON& Tower with Radar,366,48,87,5,506,0,1,88,8,97,366,49,175,13,603,0,90,90,693
09/20/2018,AUS,TX,ASW,CE,Combined TRACON& Tower with Radar,395,61,103,8,567,0,0,8,4,12,395,61,111,12,579,4,0,4,583
09/21/2018,AUS,TX,ASW,CE,Combined TRACON& Tower with Radar,430,58,92,9,589,0,2,19,11,32,430,60,111,20,621,0,0,0,621
09/22/2018,AUS,TX,ASW,CE,Combined TRACON& Tower with Radar,317,47,65,10,439,0,0,9,4,13,317,47,74,14,452,0,0,0,452
09/23/2018,AUS,TX,ASW,CE,Combined TRACON& Tower with Radar,383,61,89,9,542,0,4,21,8,33,383,65,110,17,575,0,6,6,581
09/24/2018,AUS,TX,ASW,CE,Combined TRACON& Tower with Radar,393,58,70,15,536,0,0,46,6,52,393,58,116,21,588,22,6,28,616
09/25/2018,AUS,TX,ASW,CE,Combined TRACON& Tower with Radar,367,37,95,29,528,0,0,67,9,76,367,37,162,38,604,4,12,16,620
09/26/2018,AUS,TX,ASW,CE,Combined TRACON& Tower with Radar,374,51,87,25,537,0,1,25,6,32,374,52,112,31,569,0,0,0,569
09/27/2018,AUS,TX,ASW,CE,Combined TRACON& Tower with Radar,406,62,110,13,591,0,4,90,10,104,406,66,200,23,695,0,0,0,695
09/28/2018,AUS,TX,ASW,CE,Combined TRACON& Tower with Radar,400,58,134,30,622,0,3,54,6,63,400,61,188,36,685,0,0,0,685
09/29/2018,AUS,TX,ASW,CE,Combined TRACON& Tower with Radar,309,47,54,16,426,0,1,4,3,8,309,48,58,19,434,0,0,0,434
09/30/2018,AUS,TX,ASW,CE,Combined TRACON& Tower with Radar,395,49,80,5,529,0,1,22,2,25,395,50,102,7,554,0,0,0,554
10/01/2018,AUS,TX,ASW,CE,Combined TRACON& Tower with Radar,408,49,70,7,534,0,0,25,1,26,408,49,95,8,560,0,0,0,560
10/02/2018,AUS,TX,ASW,CE,Combined TRACON& Tower with Radar,367,57,81,6,511,0,0,39,12,51,367,57,120,18,562,0,0,0,562
10/03/2018,AUS,TX,ASW,CE,Combined TRACON& Tower with Radar,367,39,79,18,503,0,0,81,11,92,367,39,160,29,595,0,0,0,595
10/04/2018,AUS,TX,ASW,CE,Combined TRACON& Tower with Radar,409,69,98,17,593,0,2,72,15,89,409,71,170,32,682,0,0,0,682
10/05/2018,AUS,TX,ASW,CE,Combined TRACON& Tower with Radar,409,86,84,4,583,0,0,42,8,50,409,86,126,12,633,0,0,0,633
10/06/2018,AUS,TX,ASW,CE,Combined TRACON& Tower with Radar,297,43,49,3,392,0,0,13,2,15,297,43,62,5,407,0,0,0,407
10/07/2018,AUS,TX,ASW,CE,Combined TRACON& Tower with Radar,378,52,71,1,502,0,0,9,5,14,378,52,80,6,516,16,0,16,532
10/08/2018,AUS,TX,ASW,CE,Combined TRACON& Tower with Radar,408,58,78,6,550,0,4,11,6,21,408,62,89,12,571,0,0,0,571
10/09/2018,AUS,TX,ASW,CE,Combined TRACON& Tower with Radar,386,49,88,5,528,0,0,2,7,9,386,49,90,12,537,0,0,0,537
10/10/2018,AUS,TX,ASW,CE,Combined TRACON& Tower with Radar,391,51,109,25,576,0,0,86,10,96,391,51,195,35,672,24,0,24,696
10/11/2018,AUS,TX,ASW,CE,Combined TRACON& Tower with Radar,407,59,95,13,574,0,2,109,14,125,407,61,204,27,699,0,0,0,699
10/12/2018,AUS,TX,ASW,CE,Combined TRACON& Tower with Radar,420,60,110,45,635,0,2,115,15,132,420,62,225,60,767,0,0,0,767
10/13/2018,AUS,TX,ASW,CE,Combined TRACON& Tower with Radar,298,39,59,6,402,0,0,11,13,24,298,39,70,19,426,14,0,14,440
10/14/2018,AUS,TX,ASW,CE,Combined TRACON& Tower with Radar,379,58,124,19,580,0,2,50,4,56,379,60,174,23,636,0,0,0,636
10/15/2018,AUS,TX,ASW,CE,Combined TRACON& Tower with Radar,414,54,71,2,541,0,0,0,0,0,414,54,71,2,541,0,0,0,541
10/16/2018,AUS,TX,ASW,CE,Combined TRACON& Tower with Radar,390,46,85,12,533,0,0,3,3,6,390,46,88,15,539,0,0,0,539
10/17/2018,AUS,TX,ASW,CE,Combined TRACON& Tower with Radar,376,56,134,19,585,0,0,2,1,3,376,56,136,20,588,0,0,0,588
10/18/2018,AUS,TX,ASW,CE,Combined TRACON& Tower with Radar,411,72,147,27,657,0,0,4,10,14,411,72,151,37,671,0,0,0,671
10/19/2018,AUS,TX,ASW,CE,Combined TRACON& Tower with Radar,422,78,134,10,644,0,0,3,0,3,422,78,137,10,647,0,0,0,647
10/20/2018,AUS,TX,ASW,CE,Combined TRACON& Tower with Radar,301,37,75,7,420,0,0,19,5,24,301,37,94,12,444,0,0,0,444
10/21/2018,AUS,TX,ASW,CE,Combined TRACON& Tower with Radar,387,90,163,6,646,0,1,66,9,76,387,91,229,15,722,0,0,0,722
10/22/2018,AUS,TX,ASW,CE,Combined TRACON& Tower with Radar,420,67,104,21,612,0,5,43,16,64,420,72,147,37,676,0,0,0,676
10/23/2018,AUS,TX,ASW,CE,Combined TRACON& Tower with Radar,393,59,97,22,571,0,0,35,14,49,393,59,132,36,620,6,0,6,626
10/24/2018,AUS,TX,ASW,CE,Combined TRACON& Tower with Radar,388,71,98,6,563,0,0,0,0,0,388,71,98,6,563,0,0,0,563
10/25/2018,AUS,TX,ASW,CE,Combined TRACON& Tower with Radar,410,70,121,44,645,0,3,30,13,46,410,73,151,57,691,0,0,0,691
10/26/2018,AUS,TX,ASW,CE,Combined TRACON& Tower with Radar,416,50,105,31,602,0,0,111,14,125,416,50,216,45,727,0,0,0,727
10/27/2018,AUS,TX,ASW,CE,Combined TRACON& Tower with Radar,299,33,60,18,410,0,2,114,18,134,299,35,174,36,544,20,0,20,564
10/28/2018,AUS,TX,ASW,CE,Combined TRACON& Tower with Radar,380,50,99,14,543,0,0,82,10,92,380,50,181,24,635,0,0,0,635
10/29/2018,AUS,TX,ASW,CE,Combined TRACON& Tower with Radar,384,46,89,6,525,0,0,73,9,82,384,46,162,15,607,14,0,14,621
10/30/2018,AUS,TX,ASW,CE,Combined TRACON& Tower with Radar,348,62,95,12,517,0,0,26,7,33,348,62,121,19,550,0,0,0,550
10/31/2018,AUS,TX,ASW,CE,Combined TRACON& Tower with Radar,313,56,75,10,454,0,0,4,8,12,313,56,79,18,466,0,0,0,466
11/01/2018,AUS,TX,ASW,CE,Combined TRACON& Tower with Radar,385,72,123,14,594,0,7,74,26,107,385,79,197,40,701,0,0,0,701
11/02/2018,AUS,TX,ASW,CE,Combined TRACON& Tower with Radar,395,60,111,14,580,0,1,81,22,104,395,61,192,36,684,4,0,4,688
11/03/2018,AUS,TX,ASW,CE,Combined TRACON& Tower with Radar,298,32,73,20,423,0,1,51,11,63,298,33,124,31,486,0,0,0,486
11/04/2018,AUS,TX,ASW,CE,Combined TRACON& Tower with Radar,388,56,94,14,552,0,0,91,6,97,388,56,185,20,649,0,0,0,649
11/05/2018,AUS,TX,ASW,CE,Combined TRACON& Tower with Radar,385,40,91,9,525,0,1,29,6,36,385,41,120,15,561,0,0,0,561
11/06/2018,AUS,TX,ASW,CE,Combined TRACON& Tower with Radar,371,64,100,14,549,0,3,16,10,29,371,67,116,24,578,0,0,0,578
11/07/2018,AUS,TX,ASW,CE,Combined TRACON& Tower with Radar,370,67,119,5,561,0,4,30,9,43,370,71,149,14,604,0,0,0,604
11/08/2018,AUS,TX,ASW,CE,Combined TRACON& Tower with Radar,372,68,134,13,587,0,0,0,0,0,372,68,134,13,587,0,0,0,587
11/09/2018,AUS,TX,ASW,CE,Combined TRACON& Tower with Radar,425,59,142,12,638,0,1,29,19,49,425,60,171,31,687,0,0,0,687
11/10/2018,AUS,TX,ASW,CE,Combined TRACON& Tower with Radar,286,22,46,13,367,0,1,79,7,87,286,23,125,20,454,6,0,6,460
11/11/2018,AUS,TX,ASW,CE,Combined TRACON& Tower with Radar,389,53,107,9,558,0,0,12,7,19,389,53,119,16,577,0,0,0,577
11/12/2018,AUS,TX,ASW,CE,Combined TRACON& Tower with Radar,391,51,90,3,535,0,3,1,2,6,391,54,91,5,541,0,0,0,541
11/13/2018,AUS,TX,ASW,CE,Combined TRACON& Tower with Radar,381,49,111,17,558,0,0,61,11,72,381,49,172,28,630,0,24,24,654
11/14/2018,AUS,TX,ASW,CE,Combined TRACON& Tower with Radar,371,41,112,10,534,0,1,85,10,96,371,42,197,20,630,0,0,0,630
11/15/2018,AUS,TX,ASW,CE,Combined TRACON& Tower with Radar,375,57,112,21,565,0,1,82,11,94,375,58,194,32,659,0,0,0,659
11/16/2018,AUS,TX,ASW,CE,Combined TRACON& Tower with Radar,393,60,88,30,571,0,1,114,11,126,393,61,202,41,697,14,0,14,711
11/17/2018,AUS,TX,ASW,CE,Combined TRACON& Tower with Radar,327,35,72,26,460,0,0,83,17,100,327,35,155,43,560,0,0,0,560
11/18/2018,AUS,TX,ASW,CE,Combined TRACON& Tower with Radar,374,48,93,32,547,0,1,7,4,12,374,49,100,36,559,0,0,0,559
11/19/2018,AUS,TX,ASW,CE,Combined TRACON& Tower with Radar,360,35,65,8,468,0,0,17,6,23,360,35,82,14,491,4,0,4,495
11/20/2018,AUS,TX,ASW,CE,Combined TRACON& Tower with Radar,375,48,93,7,523,0,0,100,13,113,375,48,193,20,636,0,0,0,636
11/21/2018,AUS,TX,ASW,CE,Combined TRACON& Tower with Radar,405,44,77,4,530,0,1,58,10,69,405,45,135,14,599,0,0,0,599
11/22/2018,AUS,TX,ASW,CE,Combined TRACON& Tower with Radar,238,31,21,0,290,0,0,16,2,18,238,31,37,2,308,0,0,0,308
11/23/2018,AUS,TX,ASW,CE,Combined TRACON& Tower with Radar,293,33,52,0,378,0,0,34,0,34,293,33,86,0,412,0,0,0,412
11/24/2018,AUS,TX,ASW,CE,Combined TRACON& Tower with Radar,379,29,50,1,459,0,0,80,4,84,379,29,130,5,543,0,0,0,543
11/25/2018,AUS,TX,ASW,CE,Combined TRACON& Tower with Radar,393,67,102,4,566,0,0,51,0,51,393,67,153,4,617,0,0,0,617
11/26/2018,AUS,TX,ASW,CE,Combined TRACON& Tower with Radar,392,41,80,2,515,0,2,51,5,58,392,43,131,7,573,0,0,0,573
11/27/2018,AUS,TX,ASW,CE,Combined TRACON& Tower with Radar,382,52,77,2,513,0,1,106,25,132,382,53,183,27,645,0,0,0,645
11/28/2018,AUS,TX,ASW,CE,Combined TRACON& Tower with Radar,361,47,71,9,488,0,0,41,18,59,361,47,112,27,547,0,0,0,547
11/29/2018,AUS,TX,ASW,CE,Combined TRACON& Tower with Radar,379,72,84,16,551,0,2,28,23,53,379,74,112,39,604,14,0,14,618
11/30/2018,AUS,TX,ASW,CE,Combined TRACON& Tower with Radar,415,67,108,29,619,0,0,20,4,24,415,67,128,33,643,0,0,0,643
12/01/2018,AUS,TX,ASW,CE,Combined TRACON& Tower with Radar,261,50,67,23,401,0,0,50,13,63,261,50,117,36,464,0,0,0,464
12/02/2018,AUS,TX,ASW,CE,Combined TRACON& Tower with Radar,338,44,71,11,464,0,2,86,3,91,338,46,157,14,555,0,0,0,555
12/03/2018,AUS,TX,ASW,CE,Combined TRACON& Tower with Radar,366,30,65,27,488,0,4,70,12,86,366,34,135,39,574,0,0,0,574
12/04/2018,AUS,TX,ASW,CE,Combined TRACON& Tower with Radar,340,47,93,39,519,0,1,103,17,121,340,48,196,56,640,0,0,0,640
12/05/2018,AUS,TX,ASW,CE,Combined TRACON& Tower with Radar,363,44,82,3,492,0,2,69,13,84,363,46,151,16,576,0,0,0,576
12/06/2018,AUS,TX,ASW,CE,Combined TRACON& Tower with Radar,381,47,113,11,552,0,0,1,6,7,381,47,114,17,559,0,0,0,559
12/07/2018,AUS,TX,ASW,CE,Combined TRACON& Tower with Radar,375,54,73,0,502,0,0,0,0,0,375,54,73,0,502,0,0,0,502
12/08/2018,AUS,TX,ASW,CE,Combined TRACON& Tower with Radar,261,20,43,18,342,0,1,2,5,8,261,21,45,23,350,0,0,0,350
12/09/2018,AUS,TX,ASW,CE,Combined TRACON& Tower with Radar,343,38,74,6,461,0,3,57,4,64,343,41,131,10,525,0,36,36,561
12/10/2018,AUS,TX,ASW,CE,Combined TRACON& Tower with Radar,355,42,99,23,519,0,1,67,17,85,355,43,166,40,604,0,0,0,604
12/11/2018,AUS,TX,ASW,CE,Combined TRACON& Tower with Radar,344,54,117,13,528,0,1,76,13,90,344,55,193,26,618,0,0,0,618
12/12/2018,AUS,TX,ASW,CE,Combined TRACON& Tower with Radar,360,45,107,11,523,0,0,35,8,43,360,45,142,19,566,6,30,36,602
12/13/2018,AUS,TX,ASW,CE,Combined TRACON& Tower with Radar,387,45,94,6,532,0,2,11,8,21,387,47,105,14,553,0,0,0,553
12/14/2018,AUS,TX,ASW,CE,Combined TRACON& Tower with Radar,375,50,64,31,520,0,0,5,11,16,375,50,69,42,536,0,0,0,536
12/15/2018,AUS,TX,ASW,CE,Combined TRACON& Tower with Radar,263,23,39,18,343,0,1,99,10,110,263,24,138,28,453,0,0,0,453
12/16/2018,AUS,TX,ASW,CE,Combined TRACON& Tower with Radar,348,36,63,13,460,0,0,80,4,84,348,36,143,17,544,0,0,0,544
12/17/2018,AUS,TX,ASW,CE,Combined TRACON& Tower with Radar,365,39,79,10,493,0,3,48,11,62,365,42,127,21,555,0,0,0,555
12/18/2018,AUS,TX,ASW,CE,Combined TRACON& Tower with Radar,362,39,85,3,489,0,0,25,11,36,362,39,110,14,525,0,6,6,531
12/19/2018,AUS,TX,ASW,CE,Combined TRACON& Tower with Radar,375,54,88,7,524,0,0,4,4,8,375,54,92,11,532,0,0,0,532
12/20/2018,AUS,TX,ASW,CE,Combined TRACON& Tower with Radar,396,76,83,25,580,0,0,24,12,36,396,76,107,37,616,0,24,24,640
12/21/2018,AUS,TX,ASW,CE,Combined TRACON& Tower with Radar,396,53,103,17,569,0,0,91,5,96,396,53,194,22,665,0,0,0,665
12/22/2018,AUS,TX,ASW,CE,Combined TRACON& Tower with Radar,385,28,44,1,458,0,0,78,5,83,385,28,122,6,541,0,0,0,541
12/23/2018,AUS,TX,ASW,CE,Combined TRACON& Tower with Radar,375,27,38,0,440,0,1,54,2,57,375,28,92,2,497,0,0,0,497
12/24/2018,AUS,TX,ASW,CE,Combined TRACON& Tower with Radar,292,15,18,0,325,0,0,8,2,10,292,15,26,2,335,0,0,0,335
12/25/2018,AUS,TX,ASW,CE,Combined TRACON& Tower with Radar,268,19,18,1,306,0,0,1,0,1,268,19,19,1,307,0,4,4,311
12/26/2018,AUS,TX,ASW,CE,Combined TRACON& Tower with Radar,376,29,66,1,472,0,0,0,0,0,376,29,66,1,472,0,0,0,472
12/27/2018,AUS,TX,ASW,CE,Combined TRACON& Tower with Radar,392,51,77,3,523,0,0,62,12,74,392,51,139,15,597,0,0,0,597
12/28/2018,AUS,TX,ASW,CE,Combined TRACON& Tower with Radar,380,52,48,2,482,0,0,75,1,76,380,52,123,3,558,0,0,0,558
12/29/2018,AUS,TX,ASW,CE,Combined TRACON& Tower with Radar,376,34,64,1,475,0,0,16,6,22,376,34,80,7,497,0,0,0,497
12/30/2018,AUS,TX,ASW,CE,Combined TRACON& Tower with Radar,372,35,38,0,445,0,0,3,2,5,372,35,41,2,450,0,0,0,450
12/31/2018,AUS,TX,ASW,CE,Combined TRACON& Tower with Radar,320,24,24,0,368,0,0,53,2,55,320,24,77,2,423,0,0,0,423
01/01/2019,AUS,TX,ASW,CE,Combined TRACON& Tower with Radar,315,18,35,0,368,0,4,4,4,12,315,22,39,4,380,0,0,0,380
01/02/2019,AUS,TX,ASW,CE,Combined TRACON& Tower with Radar,383,36,61,0,480,0,0,0,0,0,383,36,61,0,480,0,0,0,480
01/03/2019,AUS,TX,ASW,CE,Combined TRACON& Tower with Radar,373,68,68,6,515,0,3,28,4,35,373,71,96,10,550,0,0,0,550
01/04/2019,AUS,TX,ASW,CE,Combined TRACON& Tower with Radar,363,35,71,12,481,0,3,81,12,96,363,38,152,24,577,8,0,8,585
01/05/2019,AUS,TX,ASW,CE,Combined TRACON& Tower with Radar,281,34,61,18,394,0,2,105,6,113,281,36,166,24,507,0,24,24,531
01/06/2019,AUS,TX,ASW,CE,Combined TRACON& Tower with Radar,362,39,73,15,489,0,0,20,5,25,362,39,93,20,514,0,0,0,514
01/07/2019,AUS,TX,ASW,CE,Combined TRACON& Tower with Radar,365,35,59,11,470,0,0,34,12,46,365,35,93,23,516,0,0,0,516
01/08/2019,AUS,TX,ASW,CE,Combined TRACON& Tower with Radar,343,43,86,14,486,0,4,51,5,60,343,47,137,19,546,0,0,0,546
01/09/2019,AUS,TX,ASW,CE,Combined TRACON& Tower with Radar,350,34,77,9,470,0,0,75,20,95,350,34,152,29,565,0,0,0,565
01/10/2019,AUS,TX,ASW,CE,Combined TRACON& Tower with Radar,358,58,99,13,528,0,0,64,15,79,358,58,163,28,607,0,0,0,607
01/11/2019,AUS,TX,ASW,CE,Combined TRACON& Tower with Radar,362,31,70,23,486,0,2,8,13,23,362,33,78,36,509,0,0,0,509
01/12/2019,AUS,TX,ASW,CE,Combined TRACON& Tower with Radar,259,24,44,36,363,0,1,71,8,80,259,25,115,44,443,0,0,0,443
01/13/2019,AUS,TX,ASW,CE,Combined TRACON& Tower with Radar,335,37,55,32,459,0,0,49,13,62,335,37,104,45,521,0,0,0,521
01/14/2019,AUS,TX,ASW,CE,Combined TRACON& Tower with Radar,357,35,100,36,528,0,8,42,12,62,357,43,142,48,590,0,0,0,590
01/15/2019,AUS,TX,ASW,CE,Combined TRACON& Tower with Radar,335,38,106,35,514,0,3,18,9,30,335,41,124,44,544,18,0,18,562
01/16/2019,AUS,TX,ASW,CE,Combined TRACON& Tower with Radar,351,52,98,16,517,0,0,0,0,0,351,52,98,16,517,0,0,0,517
01/17/2019,AUS,TX,ASW,CE,Combined TRACON& Tower with Radar,369,56,104,27,556,0,2,74,27,103,369,58,178,54,659,2,6,8,667
01/18/2019,AUS,TX,ASW,CE,Combined TRACON& Tower with Radar,362,37,105,22,526,0,0,1,0,1,362,37,106,22,527,0,0,0,527
01/19/2019,AUS,TX,ASW,CE,Combined TRACON& Tower with Radar,237,29,35,6,307,0,1,7,4,12,237,30,42,10,319,0,0,0,319
01/20/2019,AUS,TX,ASW,CE,Combined TRACON& Tower with Radar,309,29,56,10,404,0,0,84,8,92,309,29,140,18,496,0,0,0,496
01/21/2019,AUS,TX,ASW,CE,Combined TRACON& Tower with Radar,350,44,66,4,464,0,0,62,3,65,350,44,128,7,529,32,0,32,561
01/22/2019,AUS,TX,ASW,CE,Combined TRACON& Tower with Radar,327,42,55,24,448,0,2,19,21,42,327,44,74,45,490,0,0,0,490
01/23/2019,AUS,TX,ASW,CE,Combined TRACON& Tower with Radar,352,42,98,9,501,0,0,38,10,48,352,42,136,19,549,0,0,0,549
01/24/2019,AUS,TX,ASW,CE,Combined TRACON& Tower with Radar,364,55,102,37,558,0,2,76,26,104,364,57,178,63,662,0,0,0,662
01/25/2019,AUS,TX,ASW,CE,Combined TRACON& Tower with Radar,365,55,80,44,544,0,1,76,15,92,365,56,156,59,636,0,10,10,646
01/26/2019,AUS,TX,ASW,CE,Combined TRACON& Tower with Radar,255,28,42,12,337,0,2,57,0,59,255,30,99,12,396,0,0,0,396
01/27/2019,AUS,TX,ASW,CE,Combined TRACON& Tower with Radar,332,29,61,10,432,0,6,83,4,93,332,35,144,14,525,0,0,0,525
01/28/2019,AUS,TX,ASW,CE,Combined TRACON& Tower with Radar,349,30,70,12,461,0,1,51,7,59,349,31,121,19,520,0,0,0,520
01/29/2019,AUS,TX,ASW,CE,Combined TRACON& Tower with Radar,322,41,83,8,454,0,0,46,19,65,322,41,129,27,519,2,0,2,521
01/30/2019,AUS,TX,ASW,CE,Combined TRACON& Tower with Radar,332,51,81,9,473,0,2,55,12,69,332,53,136,21,542,4,6,10,552
01/31/2019,AUS,TX,ASW,CE,Combined TRACON& Tower with Radar,352,54,92,18,516,0,0,3,9,12,352,54,95,27,528,0,0,0,528
02/01/2019,AUS,TX,ASW,CE,Combined TRACON& Tower with Radar,366,48,95,34,543,0,0,6,6,12,366,48,101,40,555,8,0,8,563
02/02/2019,AUS,TX,ASW,CE,Combined TRACON& Tower with Radar,248,20,43,36,347,0,0,0,2,2,248,20,43,38,349,0,4,4,353
02/03/2019,AUS,TX,ASW,CE,Combined TRACON& Tower with Radar,293,31,60,35,419,0,0,14,3,17,293,31,74,38,436,0,0,0,436
02/04/2019,AUS,TX,ASW,CE,Combined TRACON& Tower with Radar,353,39,98,27,517,0,0,31,6,37,353,39,129,33,554,0,0,0,554
02/05/2019,AUS,TX,ASW,CE,Combined TRACON& Tower with Radar,345,42,79,18,484,0,0,5,5,10,345,42,84,23,494,0,0,0,494
02/06/2019,AUS,TX,ASW,CE,Combined TRACON& Tower with Radar,340,48,107,13,508,0,2,3,2,7,340,50,110,15,515,0,0,0,515
02/07/2019,AUS,TX,ASW,CE,Combined TRACON& Tower with Radar,360,43,85,15,503,0,3,19,17,39,360,46,104,32,542,0,4,4,546
02/08/2019,AUS,TX,ASW,CE,Combined TRACON& Tower with Radar,368,41,79,5,493,0,0,14,8,22,368,41,93,13,515,0,0,0,515
02/09/2019,AUS,TX,ASW,CE,Combined TRACON& Tower with Radar,263,26,37,3,329,0,0,1,3,4,263,26,38,6,333,0,0,0,333
02/10/2019,AUS,TX,ASW,CE,Combined TRACON& Tower with Radar,347,69,71,5,492,0,0,0,0,0,347,69,71,5,492,0,0,0,492
02/11/2019,AUS,TX,ASW,CE,Combined TRACON& Tower with Radar,355,38,89,5,487,0,0,1,0,1,355,38,90,5,488,0,0,0,488
02/12/2019,AUS,TX,ASW,CE,Combined TRACON& Tower with Radar,332,44,89,11,476,0,1,72,13,86,332,45,161,24,562,0,0,0,562
02/13/2019,AUS,TX,ASW,CE,Combined TRACON& Tower with Radar,362,54,102,18,536,0,0,96,15,111,362,54,198,33,647,4,0,4,651
02/14/2019,AUS,TX,ASW,CE,Combined TRACON& Tower with Radar,378,57,104,12,551,0,0,48,8,56,378,57,152,20,607,0,0,0,607
02/15/2019,AUS,TX,ASW,CE,Combined TRACON& Tower with Radar,397,50,94,43,584,0,6,79,8,93,397,56,173,51,677,6,0,6,683
02/16/2019,AUS,TX,ASW,CE,Combined TRACON& Tower with Radar,300,27,62,8,397,0,4,3,0,7,300,31,65,8,404,0,0,0,404
02/17/2019,AUS,TX,ASW,CE,Combined TRACON& Tower with Radar,338,31,49,13,431,0,1,81,7,89,338,32,130,20,520,0,0,0,520
02/18/2019,AUS,TX,ASW,CE,Combined TRACON& Tower with Radar,399,44,74,11,528,0,0,75,7,82,399,44,149,18,610,0,0,0,610
02/19/2019,AUS,TX,ASW,CE,Combined TRACON& Tower with Radar,371,51,82,17,521,0,0,0,0,0,371,51,82,17,521,0,0,0,521
02/20/2019,AUS,TX,ASW,CE,Combined TRACON& Tower with Radar,372,49,95,28,544,0,0,91,10,101,372,49,186,38,645,0,0,0,645
02/21/2019,AUS,TX,ASW,CE,Combined TRACON& Tower with Radar,393,46,90,21,550,0,1,39,15,55,393,47,129,36,605,0,0,0,605
02/22/2019,AUS,TX,ASW,CE,Combined TRACON& Tower with Radar,407,48,87,27,569,0,0,1,0,1,407,48,88,27,570,0,0,0,570
02/23/2019,AUS,TX,ASW,CE,Combined TRACON& Tower with Radar,288,29,54,19,390,0,0,11,4,15,288,29,65,23,405,0,0,0,405
02/24/2019,AUS,TX,ASW,CE,Combined TRACON& Tower with Radar,362,27,76,19,484,0,0,90,10,100,362,27,166,29,584,4,10,14,598
02/25/2019,AUS,TX,ASW,CE,Combined TRACON& Tower with Radar,394,28,63,19,504,0,6,51,9,66,394,34,114,28,570,0,0,0,570
02/26/2019,AUS,TX,ASW,CE,Combined TRACON& Tower with Radar,370,48,100,6,524,0,0,2,0,2,370,48,102,6,526,0,0,0,526
02/27/2019,AUS,TX,ASW,CE,Combined TRACON& Tower with Radar,390,58,95,10,553,0,0,23,14,37,390,58,118,24,590,34,0,34,624
02/28/2019,AUS,TX,ASW,CE,Combined TRACON& Tower with Radar,397,63,122,9,591,0,0,0,2,2,397,63,122,11,593,0,0,0,593
03/01/2019,AUS,TX,ASW,CE,Combined TRACON& Tower with Radar,393,77,84,30,584,0,0,2,0,2,393,77,86,30,586,0,0,0,586
03/02/2019,AUS,TX,ASW,CE,Combined TRACON& Tower with Radar,313,35,33,8,389,0,0,0,0,0,313,35,33,8,389,0,0,0,389
03/03/2019,AUS,TX,ASW,CE,Combined TRACON& Tower with Radar,385,36,61,14,496,0,0,8,5,13,385,36,69,19,509,0,0,0,509
03/04/2019,AUS,TX,ASW,CE,Combined TRACON& Tower with Radar,384,42,72,9,507,0,2,36,8,46,384,44,108,17,553,10,0,10,563
03/05/2019,AUS,TX,ASW,CE,Combined TRACON& Tower with Radar,369,43,66,9,487,0,0,69,16,85,369,43,135,25,572,4,0,4,576
03/06/2019,AUS,TX,ASW,CE,Combined TRACON& Tower with Radar,393,64,94,23,574,0,0,68,28,96,393,64,162,51,670,0,0,0,670
03/07/2019,AUS,TX,ASW,CE,Combined TRACON& Tower with Radar,400,86,90,17,593,0,0,31,15,46,400,86,121,32,639,8,0,8,647
03/08/2019,AUS,TX,ASW,CE,Combined TRACON& Tower with Radar,396,67,106,10,579,0,0,24,11,35,396,67,130,21,614,0,8,8,622
03/09/2019,AUS,TX,ASW,CE,Combined TRACON& Tower with Radar,322,53,73,25,473,0,1,50,6,57,322,54,123,31,530,16,4,20,550
03/10/2019,AUS,TX,ASW,CE,Combined TRACON& Tower with Radar,393,58,74,2,527,0,2,4,1,7,393,60,78,3,534,0,0,0,534
03/11/2019,AUS,TX,ASW,CE,Combined TRACON& Tower with Radar,405,47,79,23,554,0,0,0,5,5,405,47,79,28,559,0,2,2,561
03/12/2019,AUS,TX,ASW,CE,Combined TRACON& Tower with Radar,381,53,70,19,523,0,0,9,4,13,381,53,79,23,536,0,0,0,536
03/13/2019,AUS,TX,ASW,CE,Combined TRACON& Tower with Radar,374,52,63,7,496,0,3,50,24,77,374,55,113,31,573,18,0,18,591
03/14/2019,AUS,TX,ASW,CE,Combined TRACON& Tower with Radar,382,56,69,22,529,0,0,57,22,79,382,56,126,44,608,0,0,0,608
03/15/2019,AUS,TX,ASW,CE,Combined TRACON& Tower with Radar,402,72,75,10,559,0,2,41,17,60,402,74,116,27,619,0,0,0,619
03/16/2019,AUS,TX,ASW,CE,Combined TRACON& Tower with Radar,325,41,46,1,413,0,3,92,4,99,325,44,138,5,512,0,0,0,512
03/17/2019,AUS,TX,ASW,CE,Combined TRACON& Tower with Radar,395,49,45,7,496,0,2,70,3,75,395,51,115,10,571,0,0,0,571
03/18/2019,AUS,TX,ASW,CE,Combined TRACON& Tower with Radar,394,40,66,11,511,0,0,58,11,69,394,40,124,22,580,4,0,4,584
03/19/2019,AUS,TX,ASW,CE,Combined TRACON& Tower with Radar,367,40,72,33,512,0,1,60,11,72,367,41,132,44,584,0,0,0,584
03/20/2019,AUS,TX,ASW,CE,Combined TRACON& Tower with Radar,388,46,83,32,549,0,0,60,26,86,388,46,143,58,635,24,0,24,659
03/21/2019,AUS,TX,ASW,CE,Combined TRACON& Tower with Radar,401,51,82,19,553,0,1,81,15,97,401,52,163,34,650,0,0,0,650
03/22/2019,AUS,TX,ASW,CE,Combined TRACON& Tower with Radar,389,61,53,15,518,0,1,53,21,75,389,62,106,36,593,0,0,0,593
03/23/2019,AUS,TX,ASW,CE,Combined TRACON& Tower with Radar,322,42,60,15,439,0,0,11,7,18,322,42,71,22,457,0,0,0,457
03/24/2019,AUS,TX,ASW,CE,Combined TRACON& Tower with Radar,390,91,105,11,597,0,0,41,4,45,390,91,146,15,642,0,0,0,642
03/25/2019,AUS,TX,ASW,CE,Combined TRACON& Tower with Radar,395,52,127,41,615,0,0,38,10,48,395,52,165,51,663,0,0,0,663
03/26/2019,AUS,TX,ASW,CE,Combined TRACON& Tower with Radar,375,48,79,19,521,0,1,70,19,90,375,49,149,38,611,14,0,14,625
03/27/2019,AUS,TX,ASW,CE,Combined TRACON& Tower with Radar,390,68,91,31,580,0,2,73,23,98,390,70,164,54,678,0,0,0,678
03/28/2019,AUS,TX,ASW,CE,Combined TRACON& Tower with Radar,394,69,124,11,598,0,1,56,19,76,394,70,180,30,674,0,0,0,674
03/29/2019,AUS,TX,ASW,CE,Combined TRACON& Tower with Radar,393,81,127,24,625,0,6,37,8,51,393,87,164,32,676,0,0,0,676
03/30/2019,AUS,TX,ASW,CE,Combined TRACON& Tower with Radar,316,42,47,15,420,0,0,8,2,10,316,42,55,17,430,0,0,0,430
03/31/2019,AUS,TX,ASW,CE,Combined TRACON& Tower with Radar,392,56,58,17,523,0,1,72,9,82,392,57,130,26,605,0,0,0,605
04/01/2019,AUS,TX,ASW,CE,Combined TRACON& Tower with Radar,385,51,62,27,525,0,0,49,13,62,385,51,111,40,587,0,10,10,597
04/02/2019,AUS,TX,ASW,CE,Combined TRACON& Tower with Radar,382,39,68,22,511,0,0,68,11,79,382,39,136,33,590,0,26,26,616
04/03/2019,AUS,TX,ASW,CE,Combined TRACON& Tower with Radar,385,31,102,34,552,0,0,11,5,16,385,31,113,39,568,0,0,0,568
04/04/2019,AUS,TX,ASW,CE,Combined TRACON& Tower with Radar,399,59,95,30,583,0,0,50,16,66,399,59,145,46,649,0,0,0,649
04/05/2019,AUS,TX,ASW,CE,Combined TRACON& Tower with Radar,401,68,106,26,601,0,0,26,6,32,401,68,132,32,633,0,0,0,633
04/06/2019,AUS,TX,ASW,CE,Combined TRACON& Tower with Radar,287,33,46,0,366,0,0,1,1,2,287,33,47,1,368,0,0,0,368
04/07/2019,AUS,TX,ASW,CE,Combined TRACON& Tower with Radar,401,44,78,13,536,0,1,12,3,16,401,45,90,16,552,0,0,0,552
04/08/2019,AUS,TX,ASW,CE,Combined TRACON& Tower with Radar,418,36,94,17,565,0,1,80,7,88,418,37,174,24,653,0,0,0,653
04/09/2019,AUS,TX,ASW,CE,Combined TRACON& Tower with Radar,387,56,86,20,549,0,0,96,17,113,387,56,182,37,662,0,0,0,662
04/10/2019,AUS,TX,ASW,CE,Combined TRACON& Tower with Radar,394,62,116,20,592,0,1,44,18,63,394,63,160,38,655,0,0,0,655
04/11/2019,AUS,TX,ASW,CE,Combined TRACON& Tower with Radar,397,59,94,21,571,0,0,70,16,86,397,59,164,37,657,0,0,0,657
04/12/2019,AUS,TX,ASW,CE,Combined TRACON& Tower with Radar,415,75,124,19,633,0,3,71,33,107,415,78,195,52,740,0,0,0,740
04/13/2019,AUS,TX,ASW,CE,Combined TRACON& Tower with Radar,305,44,54,6,409,1,0,3,6,10,306,44,57,12,419,0,0,0,419
04/14/2019,AUS,TX,ASW,CE,Combined TRACON& Tower with Radar,364,44,71,7,486,0,1,114,22,137,364,45,185,29,623,0,0,0,623
04/15/2019,AUS,TX,ASW,CE,Combined TRACON& Tower with Radar,409,50,85,26,570,0,0,51,8,59,409,50,136,34,629,24,0,24,653
04/16/2019,AUS,TX,ASW,CE,Combined TRACON& Tower with Radar,394,40,122,29,585,0,0,36,16,52,394,40,158,45,637,0,0,0,637
04/17/2019,AUS,TX,ASW,CE,Combined TRACON& Tower with Radar,379,43,112,18,552,0,0,13,9,22,379,43,125,27,574,0,0,0,574
04/18/2019,AUS,TX,ASW,CE,Combined TRACON& Tower with Radar,416,58,106,22,602,0,0,43,36,79,416,58,149,58,681,0,0,0,681
04/19/2019,AUS,TX,ASW,CE,Combined TRACON& Tower with Radar,394,39,62,48,543,0,0,71,10,81,394,39,133,58,624,0,18,18,642
04/20/2019,AUS,TX,ASW,CE,Combined TRACON& Tower with Radar,292,14,37,9,352,0,1,68,5,74,292,15,105,14,426,8,0,8,434
04/21/2019,AUS,TX,ASW,CE,Combined TRACON& Tower with Radar,374,24,60,42,500,0,0,29,4,33,374,24,89,46,533,0,0,0,533
04/22/2019,AUS,TX,ASW,CE,Combined TRACON& Tower with Radar,403,47,81,20,551,0,0,38,4,42,403,47,119,24,593,12,0,12,605
04/23/2019,AUS,TX,ASW,CE,Combined TRACON& Tower with Radar,406,33,97,18,554,0,0,13,5,18,406,33,110,23,572,0,0,0,572
04/24/2019,AUS,TX,ASW,CE,Combined TRACON& Tower with Radar,385,43,78,3,509,0,0,2,0,2,385,43,80,3,511,0,0,0,511
04/25/2019,AUS,TX,ASW,CE,Combined TRACON& Tower with Radar,415,66,107,37,625,0,0,67,23,90,415,66,174,60,715,0,0,0,715
04/26/2019,AUS,TX,ASW,CE,Combined TRACON& Tower with Radar,403,54,88,13,558,0,0,106,18,124,403,54,194,31,682,0,0,0,682
04/27/2019,AUS,TX,ASW,CE,Combined TRACON& Tower with Radar,309,26,51,32,418,0,4,68,2,74,309,30,119,34,492,10,4,14,506
04/28/2019,AUS,TX,ASW,CE,Combined TRACON& Tower with Radar,397,41,77,19,534,0,2,53,5,60,397,43,130,24,594,2,0,2,596
04/29/2019,AUS,TX,ASW,CE,Combined TRACON& Tower with Radar,410,31,86,31,558,0,0,35,11,46,410,31,121,42,604,0,6,6,610
04/30/2019,AUS,TX,ASW,CE,Combined TRACON& Tower with Radar,413,31,80,30,554,0,3,14,10,27,413,34,94,40,581,0,0,0,581
05/01/2019,AUS,TX,ASW,CE,Combined TRACON& Tower with Radar,419,57,102,29,607,0,0,9,9,18,419,57,111,38,625,0,8,8,633
05/02/2019,AUS,TX,ASW,CE,Combined TRACON& Tower with Radar,407,53,88,22,570,0,0,17,9,26,407,53,105,31,596,0,0,0,596
05/03/2019,AUS,TX,ASW,CE,Combined TRACON& Tower with Radar,385,40,85,13,523,0,0,1,12,13,385,40,86,25,536,0,0,0,536
05/04/2019,AUS,TX,ASW,CE,Combined TRACON& Tower with Radar,340,32,59,15,446,0,2,47,4,53,340,34,106,19,499,8,0,8,507
05/05/2019,AUS,TX,ASW,CE,Combined TRACON& Tower with Radar,405,35,63,31,534,0,1,74,10,85,405,36,137,41,619,0,0,0,619
05/06/2019,AUS,TX,ASW,CE,Combined TRACON& Tower with Radar,421,36,82,23,562,0,1,14,7,22,421,37,96,30,584,0,0,0,584
05/07/2019,AUS,TX,ASW,CE,Combined TRACON& Tower with Radar,405,53,78,26,562,0,0,8,4,12,405,53,86,30,574,0,0,0,574
05/08/2019,AUS,TX,ASW,CE,Combined TRACON& Tower with Radar,410,46,59,11,526,0,4,8,4,16,410,50,67,15,542,0,0,0,542
05/09/2019,AUS,TX,ASW,CE,Combined TRACON& Tower with Radar,415,54,88,13,570,0,0,11,16,27,415,54,99,29,597,0,0,0,597
05/10/2019,AUS,TX,ASW,CE,Combined TRACON& Tower with Radar,433,43,76,38,590,0,0,1,7,8,433,43,77,45,598,0,0,0,598
05/11/2019,AUS,TX,ASW,CE,Combined TRACON& Tower with Radar,317,23,37,5,382,0,0,0,1,1,317,23,37,6,383,0,0,0,383
05/12/2019,AUS,TX,ASW,CE,Combined TRACON& Tower with Radar,388,37,54,8,487,0,4,92,7,103,388,41,146,15,590,0,0,0,590
05/13/2019,AUS,TX,ASW,CE,Combined TRACON& Tower with Radar,418,41,61,13,533,0,5,70,7,82,418,46,131,20,615,0,0,0,615
05/14/2019,AUS,TX,ASW,CE,Combined TRACON& Tower with Radar,414,39,69,11,533,0,11,38,8,57,414,50,107,19,590,0,0,0,590
05/15/2019,AUS,TX,ASW,CE,Combined TRACON& Tower with Radar,410,57,77,12,556,0,2,59,30,91,410,59,136,42,647,0,0,0,647
05/16/2019,AUS,TX,ASW,CE,Combined TRACON& Tower with Radar,407,56,110,10,583,0,1,65,16,82,407,57,175,26,665,0,0,0,665
05/17/2019,AUS,TX,ASW,CE,Combined TRACON& Tower with Radar,416,58,80,18,572,0,6,34,19,59,416,64,114,37,631,0,16,16,647
05/18/2019,AUS,TX,ASW,CE,Combined TRACON& Tower with Radar,315,22,37,12,386,0,4,0,6,10,315,26,37,18,396,0,0,0,396
05/19/2019,AUS,TX,ASW,CE,Combined TRACON& Tower with Radar,402,51,81,13,547,0,0,42,4,46,402,51,123,17,593,0,0,0,593
05/20/2019,AUS,TX,ASW,CE,Combined TRACON& Tower with Radar,419,39,88,12,558,0,1,5,9,15,419,40,93,21,573,0,0,0,573
05/21/2019,AUS,TX,ASW,CE,Combined TRACON& Tower with Radar,399,69,97,19,584,0,0,42,19,61,399,69,139,38,645,16,0,16,661
05/22/2019,AUS,TX,ASW,CE,Combined TRACON& Tower with Radar,416,43,97,24,580,0,3,34,18,55,416,46,131,42,635,0,4,4,639
05/23/2019,AUS,TX,ASW,CE,Combined TRACON& Tower with Radar,415,57,104,17,593,0,4,50,17,71,415,61,154,34,664,0,0,0,664
05/24/2019,AUS,TX,ASW,CE,Combined TRACON& Tower with Radar,440,39,101,5,585,0,1,30,7,38,440,40,131,12,623,14,0,14,637
05/25/2019,AUS,TX,ASW,CE,Combined TRACON& Tower with Radar,315,32,51,10,408,0,0,34,5,39,315,32,85,15,447,0,0,0,447
05/26/2019,AUS,TX,ASW,CE,Combined TRACON& Tower with Radar,331,28,42,0,401,0,0,36,0,36,331,28,78,0,437,0,0,0,437
05/27/2019,AUS,TX,ASW,CE,Combined TRACON& Tower with Radar,394,28,59,6,487,0,5,32,7,44,394,33,91,13,531,0,0,0,531
05/28/2019,AUS,TX,ASW,CE,Combined TRACON& Tower with Radar,404,38,70,14,526,0,1,36,2,39,404,39,106,16,565,0,0,0,565
05/29/2019,AUS,TX,ASW,CE,Combined TRACON& Tower with Radar,438,41,69,15,563,0,2,40,17,59,438,43,109,32,622,0,0,0,622
05/30/2019,AUS,TX,ASW,CE,Combined TRACON& Tower with Radar,422,55,91,3,571,0,3,16,11,30,422,58,107,14,601,0,0,0,601
05/31/2019,AUS,TX,ASW,CE,Combined TRACON& Tower with Radar,440,51,69,25,585,0,2,38,6,46,440,53,107,31,631,0,0,0,631
06/01/2019,AUS,TX,ASW,CE,Combined TRACON& Tower with Radar,354,31,45,15,445,0,0,42,4,46,354,31,87,19,491,0,0,0,491
06/02/2019,AUS,TX,ASW,CE,Combined TRACON& Tower with Radar,410,43,67,19,539,0,2,40,9,51,410,45,107,28,590,0,0,0,590
06/03/2019,AUS,TX,ASW,CE,Combined TRACON& Tower with Radar,430,42,64,2,538,0,0,47,4,51,430,42,111,6,589,0,0,0,589
06/04/2019,AUS,TX,ASW,CE,Combined TRACON& Tower with Radar,412,45,73,3,533,0,0,11,5,16,412,45,84,8,549,0,0,0,549
06/05/2019,AUS,TX,ASW,CE,Combined TRACON& Tower with Radar,413,40,44,2,499,0,0,25,7,32,413,40,69,9,531,0,0,0,531
06/06/2019,AUS,TX,ASW,CE,Combined TRACON& Tower with Radar,431,47,70,3,551,0,0,46,7,53,431,47,116,10,604,0,14,14,618
06/07/2019,AUS,TX,ASW,CE,Combined TRACON& Tower with Radar,428,46,62,24,560,0,0,73,30,103,428,46,135,54,663,0,0,0,663
06/08/2019,AUS,TX,ASW,CE,Combined TRACON& Tower with Radar,339,29,53,7,428,0,0,66,4,70,339,29,119,11,498,4,0,4,502
06/09/2019,AUS,TX,ASW,CE,Combined TRACON& Tower with Radar,404,48,54,11,517,0,0,47,15,62,404,48,101,26,579,0,0,0,579
06/10/2019,AUS,TX,ASW,CE,Combined TRACON& Tower with Radar,442,39,70,8,559,0,0,26,7,33,442,39,96,15,592,0,0,0,592
06/11/2019,AUS,TX,ASW,CE,Combined TRACON& Tower with Radar,425,53,66,2,546,0,0,41,7,48,425,53,107,9,594,0,0,0,594
06/12/2019,AUS,TX,ASW,CE,Combined TRACON& Tower with Radar,431,47,67,10,555,0,1,68,7,76,431,48,135,17,631,4,0,4,635
06/13/2019,AUS,TX,ASW,CE,Combined TRACON& Tower with Radar,433,48,69,3,553,0,0,64,3,67,433,48,133,6,620,0,0,0,620
06/14/2019,AUS,TX,ASW,CE,Combined TRACON& Tower with Radar,454,38,73,11,576,0,0,57,8,65,454,38,130,19,641,0,26,26,667
06/15/2019,AUS,TX,ASW,CE,Combined TRACON& Tower with Radar,356,26,54,21,457,0,1,24,7,32,356,27,78,28,489,0,0,0,489
06/16/2019,AUS,TX,ASW,CE,Combined TRACON& Tower with Radar,430,36,49,14,529,0,0,10,4,14,430,36,59,18,543,6,0,6,549
06/17/2019,AUS,TX,ASW,CE,Combined TRACON& Tower with Radar,446,39,75,4,564,0,4,42,13,59,446,43,117,17,623,0,0,0,623
06/18/2019,AUS,TX,ASW,CE,Combined TRACON& Tower with Radar,421,33,70,7,531,0,8,44,26,78,421,41,114,33,609,0,0,0,609
06/19/2019,AUS,TX,ASW,CE,Combined TRACON& Tower with Radar,422,38,62,4,526,0,1,34,17,52,422,39,96,21,578,0,0,0,578
06/20/2019,AUS,TX,ASW,CE,Combined TRACON& Tower with Radar,441,43,75,8,567,0,0,46,21,67,441,43,121,29,634,12,0,12,646
06/21/2019,AUS,TX,ASW,CE,Combined TRACON& Tower with Radar,427,30,72,34,563,0,0,29,8,37,427,30,101,42,600,0,0,0,600
06/22/2019,AUS,TX,ASW,CE,Combined TRACON& Tower with Radar,369,21,53,34,477,0,0,19,7,26,369,21,72,41,503,0,0,0,503
06/23/2019,AUS,TX,ASW,CE,Combined TRACON& Tower with Radar,414,30,58,18,520,0,0,39,4,43,414,30,97,22,563,0,0,0,563
06/24/2019,AUS,TX,ASW,CE,Combined TRACON& Tower with Radar,454,25,60,4,543,0,1,14,8,23,454,26,74,12,566,0,0,0,566
06/25/2019,AUS,TX,ASW,CE,Combined TRACON& Tower with Radar,428,28,78,2,536,0,0,28,6,34,428,28,106,8,570,10,0,10,580
06/26/2019,AUS,TX,ASW,CE,Combined TRACON& Tower with Radar,432,37,69,7,545,0,2,22,8,32,432,39,91,15,577,0,0,0,577
06/27/2019,AUS,TX,ASW,CE,Combined TRACON& Tower with Radar,439,48,93,12,592,0,1,32,9,42,439,49,125,21,634,28,8,36,670
06/28/2019,AUS,TX,ASW,CE,Combined TRACON& Tower with Radar,451,41,66,10,568,0,0,48,16,64,451,41,114,26,632,0,0,0,632
06/29/2019,AUS,TX,ASW,CE,Combined TRACON& Tower with Radar,379,29,52,24,484,0,0,54,7,61,379,29,106,31,545,10,0,10,555
06/30/2019,AUS,TX,ASW,CE,Combined TRACON& Tower with Radar,394,21,64,15,494,0,0,26,3,29,394,21,90,18,523,0,0,0,523
07/01/2019,AUS,TX,ASW,CE,Combined TRACON& Tower with Radar,400,24,76,9,509,0,1,28,4,33,400,25,104,13,542,26,0,26,568
07/02/2019,AUS,TX,ASW,CE,Combined TRACON& Tower with Radar,394,37,45,11,487,0,1,38,7,46,394,38,83,18,533,0,0,0,533
07/03/2019,AUS,TX,ASW,CE,Combined TRACON& Tower with Radar,407,49,65,4,525,1,0,16,6,23,408,49,81,10,548,8,0,8,556
07/04/2019,AUS,TX,ASW,CE,Combined TRACON& Tower with Radar,337,14,18,1,370,0,0,16,2,18,337,14,34,3,388,0,0,0,388
07/05/2019,AUS,TX,ASW,CE,Combined TRACON& Tower with Radar,365,28,33,1,427,0,2,35,4,41,365,30,68,5,468,12,0,12,480
07/06/2019,AUS,TX,ASW,CE,Combined TRACON& Tower with Radar,368,37,32,1,438,0,0,37,4,41,368,37,69,5,479,0,0,0,479
07/07/2019,AUS,TX,ASW,CE,Combined TRACON& Tower with Radar,409,29,62,0,500,0,2,45,4,51,409,31,107,4,551,0,0,0,551
07/08/2019,AUS,TX,ASW,CE,Combined TRACON& Tower with Radar,434,25,57,17,533,0,0,29,9,38,434,25,86,26,571,6,0,6,577
07/09/2019,AUS,TX,ASW,CE,Combined TRACON& Tower with Radar,427,49,66,25,567,0,3,50,18,71,427,52,116,43,638,0,0,0,638
07/10/2019,AUS,TX,ASW,CE,Combined TRACON& Tower with Radar,455,37,58,5,555,0,0,58,8,66,455,37,116,13,621,6,0,6,627
07/11/2019,AUS,TX,ASW,CE,Combined TRACON& Tower with Radar,431,50,71,21,573,0,1,54,9,64,431,51,125,30,637,0,0,0,637
07/12/2019,AUS,TX,ASW,CE,Combined TRACON& Tower with Radar,435,41,60,17,553,0,1,54,12,67,435,42,114,29,620,0,0,0,620
07/13/2019,AUS,TX,ASW,CE,Combined TRACON& Tower with Radar,367,21,39,7,434,0,0,62,8,70,367,21,101,15,504,8,0,8,512
07/14/2019,AUS,TX,ASW,CE,Combined TRACON& Tower with Radar,411,19,61,7,498,0,1,60,5,66,411,20,121,12,564,0,0,0,564
07/15/2019,AUS,TX,ASW,CE,Combined TRACON& Tower with Radar,440,38,57,0,535,0,1,35,3,39,440,39,92,3,574,0,0,0,574
07/16/2019,AUS,TX,ASW,CE,Combined TRACON& Tower with Radar,422,36,74,11,543,0,2,35,8,45,422,38,109,19,588,0,0,0,588
07/17/2019,AUS,TX,ASW,CE,Combined TRACON& Tower with Radar,422,46,68,9,545,0,0,52,11,63,422,46,120,20,608,0,0,0,608
07/18/2019,AUS,TX,ASW,CE,Combined TRACON& Tower with Radar,439,43,89,13,584,0,1,66,17,84,439,44,155,30,668,0,0,0,668
07/19/2019,AUS,TX,ASW,CE,Combined TRACON& Tower with Radar,446,41,76,18,581,0,0,25,15,40,446,41,101,33,621,0,0,0,621
07/20/2019,AUS,TX,ASW,CE,Combined TRACON& Tower with Radar,358,19,52,20,449,0,0,44,3,47,358,19,96,23,496,24,0,24,520
07/21/2019,AUS,TX,ASW,CE,Combined TRACON& Tower with Radar,416,29,58,12,515,0,0,55,3,58,416,29,113,15,573,8,4,12,585
07/22/2019,AUS,TX,ASW,CE,Combined TRACON& Tower with Radar,443,29,41,22,535,0,2,21,6,29,443,31,62,28,564,0,0,0,564
07/23/2019,AUS,TX,ASW,CE,Combined TRACON& Tower with Radar,426,37,48,12,523,0,0,34,8,42,426,37,82,20,565,4,0,4,569
07/24/2019,AUS,TX,ASW,CE,Combined TRACON& Tower with Radar,436,39,51,6,532,0,0,43,4,47,436,39,94,10,579,6,2,8,587
07/25/2019,AUS,TX,ASW,CE,Combined TRACON& Tower with Radar,434,42,65,6,547,0,3,49,9,61,434,45,114,15,608,4,4,8,616
07/26/2019,AUS,TX,ASW,CE,Combined TRACON& Tower with Radar,453,23,58,14,548,0,0,35,12,47,453,23,93,26,595,0,0,0,595
07/27/2019,AUS,TX,ASW,CE,Combined TRACON& Tower with Radar,370,25,30,9,434,0,0,44,0,44,370,25,74,9,478,0,0,0,478
07/28/2019,AUS,TX,ASW,CE,Combined TRACON& Tower with Radar,425,31,64,23,543,0,0,27,1,28,425,31,91,24,571,8,0,8,579
07/29/2019,AUS,TX,ASW,CE,Combined TRACON& Tower with Radar,451,32,62,13,558,0,0,42,8,50,451,32,104,21,608,0,0,0,608
07/30/2019,AUS,TX,ASW,CE,Combined TRACON& Tower with Radar,436,34,65,25,560,0,0,34,10,44,436,34,99,35,604,0,0,0,604
07/31/2019,AUS,TX,ASW,CE,Combined TRACON& Tower with Radar,426,39,79,15,559,0,1,43,13,57,426,40,122,28,616,0,0,0,616
08/01/2019,AUS,TX,ASW,CE,Combined TRACON& Tower with Radar,440,52,71,16,579,0,0,50,14,64,440,52,121,30,643,0,0,0,643
08/02/2019,AUS,TX,ASW,CE,Combined TRACON& Tower with Radar,434,29,57,25,545,0,0,61,9,70,434,29,118,34,615,0,0,0,615
08/03/2019,AUS,TX,ASW,CE,Combined TRACON& Tower with Radar,374,13,43,11,441,0,0,40,8,48,374,13,83,19,489,0,0,0,489
08/04/2019,AUS,TX,ASW,CE,Combined TRACON& Tower with Radar,420,22,79,15,536,0,0,38,5,43,420,22,117,20,579,0,0,0,579
08/05/2019,AUS,TX,ASW,CE,Combined TRACON& Tower with Radar,442,34,59,12,547,0,0,36,4,40,442,34,95,16,587,0,0,0,587
08/06/2019,AUS,TX,ASW,CE,Combined TRACON& Tower with Radar,418,31,47,6,502,0,2,51,16,69,418,33,98,22,571,0,0,0,571
08/07/2019,AUS,TX,ASW,CE,Combined TRACON& Tower with Radar,402,27,78,11,518,0,0,45,12,57,402,27,123,23,575,0,0,0,575
08/08/2019,AUS,TX,ASW,CE,Combined TRACON& Tower with Radar,419,43,82,6,550,0,0,54,6,60,419,43,136,12,610,0,0,0,610
08/09/2019,AUS,TX,ASW,CE,Combined TRACON& Tower with Radar,432,35,76,17,560,0,1,45,11,57,432,36,121,28,617,0,0,0,617
08/10/2019,AUS,TX,ASW,CE,Combined TRACON& Tower with Radar,334,25,48,5,412,0,0,37,3,40,334,25,85,8,452,0,0,0,452
08/11/2019,AUS,TX,ASW,CE,Combined TRACON& Tower with Radar,417,33,45,8,503,0,0,31,5,36,417,33,76,13,539,0,0,0,539
08/12/2019,AUS,TX,ASW,CE,Combined TRACON& Tower with Radar,428,34,65,6,533,0,0,52,10,62,428,34,117,16,595,0,0,0,595
08/13/2019,AUS,TX,ASW,CE,Combined TRACON& Tower with Radar,403,49,56,6,514,0,0,33,13,46,403,49,89,19,560,0,0,0,560
08/14/2019,AUS,TX,ASW,CE,Combined TRACON& Tower with Radar,442,36,86,9,573,0,0,40,5,45,442,36,126,14,618,0,0,0,618
08/15/2019,AUS,TX,ASW,CE,Combined TRACON& Tower with Radar,425,49,81,18,573,0,1,57,24,82,425,50,138,42,655,0,0,0,655
08/16/2019,AUS,TX,ASW,CE,Combined TRACON& Tower with Radar,425,39,75,18,557,0,0,69,13,82,425,39,144,31,639,0,0,0,639
08/17/2019,AUS,TX,ASW,CE,Combined TRACON& Tower with Radar,330,25,43,11,409,0,0,34,15,49,330,25,77,26,458,0,0,0,458
08/18/2019,AUS,TX,ASW,CE,Combined TRACON& Tower with Radar,397,29,61,5,492,0,0,50,9,59,397,29,111,14,551,0,0,0,551
08/19/2019,AUS,TX,ASW,CE,Combined TRACON& Tower with Radar,421,26,71,5,523,0,0,39,9,48,421,26,110,14,571,0,0,0,571
08/20/2019,AUS,TX,ASW,CE,Combined TRACON& Tower with Radar,395,39,72,12,518,0,1,36,19,56,395,40,108,31,574,0,0,0,574
08/21/2019,AUS,TX,ASW,CE,Combined TRACON& Tower with Radar,418,34,65,20,537,0,0,36,22,58,418,34,101,42,595,0,0,0,595
08/22/2019,AUS,TX,ASW,CE,Combined TRACON& Tower with Radar,428,45,79,6,558,0,0,44,21,65,428,45,123,27,623,0,0,0,623
08/23/2019,AUS,TX,ASW,CE,Combined TRACON& Tower with Radar,427,46,86,19,578,0,0,42,9,51,427,46,128,28,629,0,0,0,629
08/24/2019,AUS,TX,ASW,CE,Combined TRACON& Tower with Radar,322,13,39,5,379,0,0,14,4,18,322,13,53,9,397,0,0,0,397
08/25/2019,AUS,TX,ASW,CE,Combined TRACON& Tower with Radar,404,45,63,10,522,0,3,44,8,55,404,48,107,18,577,0,0,0,577
08/26/2019,AUS,TX,ASW,CE,Combined TRACON& Tower with Radar,417,32,62,4,515,0,1,40,15,56,417,33,102,19,571,0,0,0,571
08/27/2019,AUS,TX,ASW,CE,Combined TRACON& Tower with Radar,391,34,78,9,512,0,0,27,7,34,391,34,105,16,546,0,0,0,546
08/28/2019,AUS,TX,ASW,CE,Combined TRACON& Tower with Radar,418,40,73,17,548,1,0,49,7,57,419,40,122,24,605,0,0,0,605
08/29/2019,AUS,TX,ASW,CE,Combined TRACON& Tower with Radar,422,62,94,11,589,0,0,44,8,52,422,62,138,19,641,0,0,0,641
08/30/2019,AUS,TX,ASW,CE,Combined TRACON& Tower with Radar,449,47,102,4,602,0,1,36,0,37,449,48,138,4,639,0,0,0,639
08/31/2019,AUS,TX,ASW,CE,Combined TRACON& Tower with Radar,284,32,53,1,370,0,0,50,10,60,284,32,103,11,430,0,0,0,430
09/01/2019,AUS,TX,ASW,CE,Combined TRACON& Tower with Radar,302,20,39,4,365,0,1,41,0,42,302,21,80,4,407,0,0,0,407
09/02/2019,AUS,TX,ASW,CE,Combined TRACON& Tower with Radar,392,42,76,0,510,0,0,42,0,42,392,42,118,0,552,0,0,0,552
09/03/2019,AUS,TX,ASW,CE,Combined TRACON& Tower with Radar,375,38,60,7,480,0,0,50,3,53,375,38,110,10,533,0,0,0,533
09/04/2019,AUS,TX,ASW,CE,Combined TRACON& Tower with Radar,390,40,64,7,501,0,0,58,14,72,390,40,122,21,573,0,0,0,573
09/05/2019,AUS,TX,ASW,CE,Combined TRACON& Tower with Radar,401,85,116,3,605,0,2,77,21,100,401,87,193,24,705,0,0,0,705
09/06/2019,AUS,TX,ASW,CE,Combined TRACON& Tower with Radar,412,101,147,8,668,0,1,90,8,99,412,102,237,16,767,0,0,0,767
09/07/2019,AUS,TX,ASW,CE,Combined TRACON& Tower with Radar,311,60,115,6,492,0,0,75,7,82,311,60,190,13,574,0,0,0,574
09/08/2019,AUS,TX,ASW,CE,Combined TRACON& Tower with Radar,406,77,197,8,688,0,0,60,3,63,406,77,257,11,751,0,0,0,751
09/09/2019,AUS,TX,ASW,CE,Combined TRACON& Tower with Radar,424,36,67,7,534,0,2,17,5,24,424,38,84,12,558,2,28,30,588
09/10/2019,AUS,TX,ASW,CE,Combined TRACON& Tower with Radar,396,37,71,1,505,0,2,30,7,39,396,39,101,8,544,0,0,0,544
09/11/2019,AUS,TX,ASW,CE,Combined TRACON& Tower with Radar,408,53,96,7,564,0,0,25,7,32,408,53,121,14,596,0,0,0,596
09/12/2019,AUS,TX,ASW,CE,Combined TRACON& Tower with Radar,415,50,86,16,567,0,0,57,9,66,415,50,143,25,633,0,0,0,633
09/13/2019,AUS,TX,ASW,CE,Combined TRACON& Tower with Radar,432,53,71,24,580,0,0,55,11,66,432,53,126,35,646,0,0,0,646
09/14/2019,AUS,TX,ASW,CE,Combined TRACON& Tower with Radar,329,14,40,0,383,0,0,78,4,82,329,14,118,4,465,4,0,4,469
09/15/2019,AUS,TX,ASW,CE,Combined TRACON& Tower with Radar,396,29,41,6,472,0,0,43,2,45,396,29,84,8,517,4,0,4,521
09/16/2019,AUS,TX,ASW,CE,Combined TRACON& Tower with Radar,430,30,71,3,534,0,0,48,8,56,430,30,119,11,590,0,0,0,590
09/17/2019,AUS,TX,ASW,CE,Combined TRACON& Tower with Radar,387,28,77,2,494,0,0,32,9,41,387,28,109,11,535,0,0,0,535
09/18/2019,AUS,TX,ASW,CE,Combined TRACON& Tower with Radar,400,51,86,8,545,1,0,49,14,64,401,51,135,22,609,0,0,0,609
09/19/2019,AUS,TX,ASW,CE,Combined TRACON& Tower with Radar,430,48,123,3,604,0,0,27,10,37,430,48,150,13,641,0,0,0,641
09/20/2019,AUS,TX,ASW,CE,Combined TRACON& Tower with Radar,449,67,128,2,646,0,0,33,5,38,449,67,161,7,684,0,0,0,684
09/21/2019,AUS,TX,ASW,CE,Combined TRACON& Tower with Radar,319,30,70,10,429,0,2,27,12,41,319,32,97,22,470,0,0,0,470
09/22/2019,AUS,TX,ASW,CE,Combined TRACON& Tower with Radar,412,50,95,20,577,0,1,35,5,41,412,51,130,25,618,0,0,0,618
09/23/2019,AUS,TX,ASW,CE,Combined TRACON& Tower with Radar,430,33,61,10,534,0,0,33,7,40,430,33,94,17,574,0,0,0,574
09/24/2019,AUS,TX,ASW,CE,Combined TRACON& Tower with Radar,389,38,77,7,511,0,1,36,2,39,389,39,113,9,550,8,0,8,558
09/25/2019,AUS,TX,ASW,CE,Combined TRACON& Tower with Radar,407,41,75,14,537,0,2,61,8,71,407,43,136,22,608,4,0,4,612
09/26/2019,AUS,TX,ASW,CE,Combined TRACON& Tower with Radar,434,49,104,8,595,0,1,70,14,85,434,50,174,22,680,4,0,4,684
09/27/2019,AUS,TX,ASW,CE,Combined TRACON& Tower with Radar,419,39,78,10,546,0,2,41,3,46,419,41,119,13,592,0,0,0,592
09/28/2019,AUS,TX,ASW,CE,Combined TRACON& Tower with Radar,315,28,56,4,403,0,0,27,0,27,315,28,83,4,430,10,0,10,440
09/29/2019,AUS,TX,ASW,CE,Combined TRACON& Tower with Radar,398,41,68,5,512,0,2,38,0,40,398,43,106,5,552,0,0,0,552
09/30/2019,AUS,TX,ASW,CE,Combined TRACON& Tower with Radar,420,33,53,3,509,0,0,18,5,23,420,33,71,8,532,12,0,12,544
10/01/2019,AUS,TX,ASW,CE,Combined TRACON& Tower with Radar,383,58,87,1,529,0,2,34,4,40,383,60,121,5,569,0,0,0,569
10/02/2019,AUS,TX,ASW,CE,Combined TRACON& Tower with Radar,412,48,105,5,570,0,1,47,15,63,412,49,152,20,633,8,0,8,641
10/03/2019,AUS,TX,ASW,CE,Combined TRACON& Tower with Radar,443,58,112,7,620,0,1,75,10,86,443,59,187,17,706,0,0,0,706
10/04/2019,AUS,TX,ASW,CE,Combined TRACON& Tower with Radar,445,47,105,5,602,0,1,74,8,83,445,48,179,13,685,0,0,0,685
10/05/2019,AUS,TX,ASW,CE,Combined TRACON& Tower with Radar,339,27,61,8,435,0,1,52,7,60,339,28,113,15,495,0,0,0,495
10/06/2019,AUS,TX,ASW,CE,Combined TRACON& Tower with Radar,414,37,88,10,549,0,0,63,1,64,414,37,151,11,613,0,0,0,613
10/07/2019,AUS,TX,ASW,CE,Combined TRACON& Tower with Radar,442,38,63,5,548,0,0,41,6,47,442,38,104,11,595,0,0,0,595
10/08/2019,AUS,TX,ASW,CE,Combined TRACON& Tower with Radar,407,46,62,5,520,0,0,54,16,70,407,46,116,21,590,0,0,0,590
10/09/2019,AUS,TX,ASW,CE,Combined TRACON& Tower with Radar,416,42,91,12,561,0,0,49,12,61,416,42,140,24,622,0,0,0,622
10/10/2019,AUS,TX,ASW,CE,Combined TRACON& Tower with Radar,450,53,119,8,630,0,0,42,13,55,450,53,161,21,685,0,70,70,755
10/11/2019,AUS,TX,ASW,CE,Combined TRACON& Tower with Radar,464,78,101,1,644,0,0,9,7,16,464,78,110,8,660,0,0,0,660
10/12/2019,AUS,TX,ASW,CE,Combined TRACON& Tower with Radar,332,44,66,1,443,0,0,52,6,58,332,44,118,7,501,10,0,10,511
10/13/2019,AUS,TX,ASW,CE,Combined TRACON& Tower with Radar,408,28,102,2,540,0,0,52,1,53,408,28,154,3,593,0,0,0,593
10/14/2019,AUS,TX,ASW,CE,Combined TRACON& Tower with Radar,433,52,102,2,589,0,0,19,0,19,433,52,121,2,608,6,0,6,614
10/15/2019,AUS,TX,ASW,CE,Combined TRACON& Tower with Radar,405,47,113,3,568,0,0,30,8,38,405,47,143,11,606,0,0,0,606
10/16/2019,AUS,TX,ASW,CE,Combined TRACON& Tower with Radar,420,47,83,5,555,0,0,44,15,59,420,47,127,20,614,0,0,0,614
10/17/2019,AUS,TX,ASW,CE,Combined TRACON& Tower with Radar,434,57,112,17,620,0,0,62,18,80,434,57,174,35,700,6,0,6,706
10/18/2019,AUS,TX,ASW,CE,Combined TRACON& Tower with Radar,443,54,102,11,610,0,1,91,15,107,443,55,193,26,717,0,0,0,717
10/19/2019,AUS,TX,ASW,CE,Combined TRACON& Tower with Radar,331,28,67,4,430,0,0,51,12,63,331,28,118,16,493,0,0,0,493
10/20/2019,AUS,TX,ASW,CE,Combined TRACON& Tower with Radar,403,37,89,9,538,0,2,34,3,39,403,39,123,12,577,0,0,0,577
10/21/2019,AUS,TX,ASW,CE,Combined TRACON& Tower with Radar,463,48,65,19,595,0,1,31,6,38,463,49,96,25,633,0,0,0,633
10/22/2019,AUS,TX,ASW,CE,Combined TRACON& Tower with Radar,404,51,95,13,563,0,2,63,11,76,404,53,158,24,639,0,0,0,639
10/23/2019,AUS,TX,ASW,CE,Combined TRACON& Tower with Radar,418,51,90,10,569,0,1,74,10,85,418,52,164,20,654,0,0,0,654
10/24/2019,AUS,TX,ASW,CE,Combined TRACON& Tower with Radar,446,52,89,5,592,0,0,27,9,36,446,52,116,14,628,0,0,0,628
10/25/2019,AUS,TX,ASW,CE,Combined TRACON& Tower with Radar,481,66,97,11,655,0,0,22,16,38,481,66,119,27,693,0,0,0,693
10/26/2019,AUS,TX,ASW,CE,Combined TRACON& Tower with Radar,327,34,43,6,410,0,0,52,6,58,327,34,95,12,468,0,0,0,468
10/27/2019,AUS,TX,ASW,CE,Combined TRACON& Tower with Radar,387,60,88,3,538,0,0,76,0,76,387,60,164,3,614,0,0,0,614
10/28/2019,AUS,TX,ASW,CE,Combined TRACON& Tower with Radar,446,33,83,21,583,0,0,20,12,32,446,33,103,33,615,0,0,0,615
10/29/2019,AUS,TX,ASW,CE,Combined TRACON& Tower with Radar,385,63,106,2,556,0,0,0,0,0,385,63,106,2,556,0,0,0,556
10/30/2019,AUS,TX,ASW,CE,Combined TRACON& Tower with Radar,386,56,83,2,527,0,0,6,1,7,386,56,89,3,534,0,0,0,534
10/31/2019,AUS,TX,ASW,CE,Combined TRACON& Tower with Radar,365,65,105,4,539,0,0,87,10,97,365,65,192,14,636,0,0,0,636
11/01/2019,AUS,TX,ASW,CE,Combined TRACON& Tower with Radar,416,84,142,7,649,0,0,62,10,72,416,84,204,17,721,56,4,60,781
11/02/2019,AUS,TX,ASW,CE,Combined TRACON& Tower with Radar,324,33,63,2,422,0,1,59,0,60,324,34,122,2,482,0,0,0,482
11/03/2019,AUS,TX,ASW,CE,Combined TRACON& Tower with Radar,396,108,189,0,693,0,0,44,2,46,396,108,233,2,739,172,0,172,911
11/04/2019,AUS,TX,ASW,CE,Combined TRACON& Tower with Radar,430,66,85,14,595,0,0,46,2,48,430,66,131,16,643,0,0,0,643
11/05/2019,AUS,TX,ASW,CE,Combined TRACON& Tower with Radar,379,45,97,7,528,0,0,36,11,47,379,45,133,18,575,0,0,0,575
11/06/2019,AUS,TX,ASW,CE,Combined TRACON& Tower with Radar,379,51,118,8,556,0,0,49,17,66,379,51,167,25,622,20,0,20,642
11/07/2019,AUS,TX,ASW,CE,Combined TRACON& Tower with Radar,431,74,123,5,633,0,0,1,0,1,431,74,124,5,634,8,0,8,642
11/08/2019,AUS,TX,ASW,CE,Combined TRACON& Tower with Radar,439,65,129,6,639,0,0,3,2,5,439,65,132,8,644,0,0,0,644
11/09/2019,AUS,TX,ASW,CE,Combined TRACON& Tower with Radar,336,36,81,0,453,0,0,73,6,79,336,36,154,6,532,0,0,0,532
11/10/2019,AUS,TX,ASW,CE,Combined TRACON& Tower with Radar,395,50,100,1,546,0,3,59,0,62,395,53,159,1,608,0,0,0,608
11/11/2019,AUS,TX,ASW,CE,Combined TRACON& Tower with Radar,415,34,71,1,521,0,0,9,4,13,415,34,80,5,534,0,0,0,534
11/12/2019,AUS,TX,ASW,CE,Combined TRACON& Tower with Radar,392,52,91,5,540,0,4,45,8,57,392,56,136,13,597,0,0,0,597
11/13/2019,AUS,TX,ASW,CE,Combined TRACON& Tower with Radar,417,57,78,3,555,0,0,42,7,49,417,57,120,10,604,0,0,0,604
11/14/2019,AUS,TX,ASW,CE,Combined TRACON& Tower with Radar,415,54,119,6,594,0,0,3,6,9,415,54,122,12,603,0,0,0,603
11/15/2019,AUS,TX,ASW,CE,Combined TRACON& Tower with Radar,427,50,113,16,606,0,2,102,15,119,427,52,215,31,725,0,0,0,725
11/16/2019,AUS,TX,ASW,CE,Combined TRACON& Tower with Radar,318,23,58,6,405,0,1,76,8,85,318,24,134,14,490,0,0,0,490
11/17/2019,AUS,TX,ASW,CE,Combined TRACON& Tower with Radar,405,36,70,8,519,0,0,57,5,62,405,36,127,13,581,0,0,0,581
11/18/2019,AUS,TX,ASW,CE,Combined TRACON& Tower with Radar,422,47,76,9,554,0,0,51,11,62,422,47,127,20,616,0,0,0,616
11/19/2019,AUS,TX,ASW,CE,Combined TRACON& Tower with Radar,397,39,67,20,523,0,0,90,22,112,397,39,157,42,635,0,0,0,635
11/20/2019,AUS,TX,ASW,CE,Combined TRACON& Tower with Radar,394,45,85,9,533,0,0,10,6,16,394,45,95,15,549,0,0,0,549
11/21/2019,AUS,TX,ASW,CE,Combined TRACON& Tower with Radar,406,54,107,11,578,0,1,29,19,49,406,55,136,30,627,0,0,0,627
11/22/2019,AUS,TX,ASW,CE,Combined TRACON& Tower with Radar,429,52,83,12,576,0,0,19,11,30,429,52,102,23,606,0,0,0,606
11/23/2019,AUS,TX,ASW,CE,Combined TRACON& Tower with Radar,375,32,58,6,471,0,0,76,7,83,375,32,134,13,554,0,0,0,554
11/24/2019,AUS,TX,ASW,CE,Combined TRACON& Tower with Radar,384,40,67,5,496,0,0,70,3,73,384,40,137,8,569,0,0,0,569
11/25/2019,AUS,TX,ASW,CE,Combined TRACON& Tower with Radar,393,42,61,8,504,0,0,78,19,97,393,42,139,27,601,0,0,0,601
11/26/2019,AUS,TX,ASW,CE,Combined TRACON& Tower with Radar,394,72,91,4,561,0,0,19,14,33,394,72,110,18,594,0,0,0,594
11/27/2019,AUS,TX,ASW,CE,Combined TRACON& Tower with Radar,422,40,109,2,573,0,4,56,3,63,422,44,165,5,636,0,0,0,636
11/28/2019,AUS,TX,ASW,CE,Combined TRACON& Tower with Radar,264,12,30,0,306,0,0,0,1,1,264,12,30,1,307,0,0,0,307
11/29/2019,AUS,TX,ASW,CE,Combined TRACON& Tower with Radar,323,37,61,0,421,0,0,0,0,0,323,37,61,0,421,0,0,0,421
11/30/2019,AUS,TX,ASW,CE,Combined TRACON& Tower with Radar,409,45,73,0,527,0,0,27,1,28,409,45,100,1,555,0,0,0,555
12/01/2019,AUS,TX,ASW,CE,Combined TRACON& Tower with Radar,413,44,110,0,567,0,0,67,1,68,413,44,177,1,635,0,0,0,635
12/02/2019,AUS,TX,ASW,CE,Combined TRACON& Tower with Radar,417,49,79,4,549,1,2,35,6,44,418,51,114,10,593,0,0,0,593
12/03/2019,AUS,TX,ASW,CE,Combined TRACON& Tower with Radar,389,42,95,9,535,0,1,55,18,74,389,43,150,27,609,0,0,0,609
12/04/2019,AUS,TX,ASW,CE,Combined TRACON& Tower with Radar,385,59,88,6,538,0,1,61,24,86,385,60,149,30,624,0,0,0,624
12/05/2019,AUS,TX,ASW,CE,Combined TRACON& Tower with Radar,409,54,92,8,563,0,1,30,10,41,409,55,122,18,604,0,0,0,604
12/06/2019,AUS,TX,ASW,CE,Combined TRACON& Tower with Radar,428,51,89,2,570,0,4,49,13,66,428,55,138,15,636,0,0,0,636
12/07/2019,AUS,TX,ASW,CE,Combined TRACON& Tower with Radar,296,33,46,1,376,0,2,72,8,82,296,35,118,9,458,0,0,0,458
12/08/2019,AUS,TX,ASW,CE,Combined TRACON& Tower with Radar,375,33,75,5,488,1,0,37,3,41,376,33,112,8,529,0,0,0,529
12/09/2019,AUS,TX,ASW,CE,Combined TRACON& Tower with Radar,407,34,77,2,520,0,1,36,2,39,407,35,113,4,559,0,0,0,559
12/10/2019,AUS,TX,ASW,CE,Combined TRACON& Tower with Radar,365,49,75,1,490,0,0,3,11,14,365,49,78,12,504,0,0,0,504
12/11/2019,AUS,TX,ASW,CE,Combined TRACON& Tower with Radar,389,71,98,3,561,0,0,60,6,66,389,71,158,9,627,0,0,0,627
12/12/2019,AUS,TX,ASW,CE,Combined TRACON& Tower with Radar,408,52,99,3,562,0,0,51,9,60,408,52,150,12,622,0,0,0,622
12/13/2019,AUS,TX,ASW,CE,Combined TRACON& Tower with Radar,419,43,78,5,545,0,2,52,9,63,419,45,130,14,608,0,0,0,608
12/14/2019,AUS,TX,ASW,CE,Combined TRACON& Tower with Radar,295,27,43,4,369,0,2,65,3,70,295,29,108,7,439,0,0,0,439
12/15/2019,AUS,TX,ASW,CE,Combined TRACON& Tower with Radar,377,32,56,9,474,0,0,28,1,29,377,32,84,10,503,0,0,0,503
12/16/2019,AUS,TX,ASW,CE,Combined TRACON& Tower with Radar,403,38,61,10,512,0,2,18,9,29,403,40,79,19,541,0,0,0,541
12/17/2019,AUS,TX,ASW,CE,Combined TRACON& Tower with Radar,363,41,88,7,499,0,5,52,17,74,363,46,140,24,573,0,0,0,573
12/18/2019,AUS,TX,ASW,CE,Combined TRACON& Tower with Radar,390,53,97,6,546,0,2,75,14,91,390,55,172,20,637,0,0,0,637
12/19/2019,AUS,TX,ASW,CE,Combined TRACON& Tower with Radar,410,49,71,5,535,0,0,49,6,55,410,49,120,11,590,0,0,0,590
12/20/2019,AUS,TX,ASW,CE,Combined TRACON& Tower with Radar,421,53,111,5,590,0,0,5,8,13,421,53,116,13,603,0,0,0,603
12/21/2019,AUS,TX,ASW,CE,Combined TRACON& Tower with Radar,392,47,77,2,518,0,0,22,2,24,392,47,99,4,542,0,0,0,542
12/22/2019,AUS,TX,ASW,CE,Combined TRACON& Tower with Radar,386,46,59,0,491,0,0,30,0,30,386,46,89,0,521,0,0,0,521
12/23/2019,AUS,TX,ASW,CE,Combined TRACON& Tower with Radar,404,31,53,4,492,0,1,41,4,46,404,32,94,8,538,0,0,0,538
12/24/2019,AUS,TX,ASW,CE,Combined TRACON& Tower with Radar,352,22,25,1,400,0,0,23,0,23,352,22,48,1,423,0,0,0,423
12/25/2019,AUS,TX,ASW,CE,Combined TRACON& Tower with Radar,323,18,19,0,360,0,0,3,0,3,323,18,22,0,363,0,0,0,363
12/26/2019,AUS,TX,ASW,CE,Combined TRACON& Tower with Radar,381,49,67,0,497,0,0,17,0,17,381,49,84,0,514,0,0,0,514
12/27/2019,AUS,TX,ASW,CE,Combined TRACON& Tower with Radar,405,43,76,2,526,0,0,12,0,12,405,43,88,2,538,0,0,0,538
12/28/2019,AUS,TX,ASW,CE,Combined TRACON& Tower with Radar,397,43,49,0,489,0,2,1,0,3,397,45,50,0,492,0,0,0,492
12/29/2019,AUS,TX,ASW,CE,Combined TRACON& Tower with Radar,394,52,45,0,491,0,0,30,0,30,394,52,75,0,521,0,0,0,521
12/30/2019,AUS,TX,ASW,CE,Combined TRACON& Tower with Radar,394,30,36,1,461,0,2,76,3,81,394,32,112,4,542,0,0,0,542
12/31/2019,AUS,TX,ASW,CE,Combined TRACON& Tower with Radar,347,24,35,2,408,0,1,58,3,62,347,25,93,5,470,0,0,0,470
01/01/2020,AUS,TX,ASW,CE,Combined TRACON& Tower with Radar,344,26,34,0,404,0,0,9,0,9,344,26,43,0,413,10,0,10,423
01/02/2020,AUS,TX,ASW,CE,Combined TRACON& Tower with Radar,385,42,59,1,487,1,0,20,0,21,386,42,79,1,508,0,0,0,508
01/03/2020,AUS,TX,ASW,CE,Combined TRACON& Tower with Radar,398,42,48,3,491,0,0,49,7,56,398,42,97,10,547,0,0,0,547
01/04/2020,AUS,TX,ASW,CE,Combined TRACON& Tower with Radar,324,48,61,2,435,0,0,60,1,61,324,48,121,3,496,0,0,0,496
01/05/2020,AUS,TX,ASW,CE,Combined TRACON& Tower with Radar,366,31,70,1,468,0,0,75,0,75,366,31,145,1,543,0,0,0,543
01/06/2020,AUS,TX,ASW,CE,Combined TRACON& Tower with Radar,372,44,51,2,469,0,0,43,6,49,372,44,94,8,518,0,0,0,518
01/07/2020,AUS,TX,ASW,CE,Combined TRACON& Tower with Radar,373,48,54,12,487,0,2,32,12,46,373,50,86,24,533,0,0,0,533
01/08/2020,AUS,TX,ASW,CE,Combined TRACON& Tower with Radar,371,42,75,7,495,0,2,37,9,48,371,44,112,16,543,0,0,0,543
01/09/2020,AUS,TX,ASW,CE,Combined TRACON& Tower with Radar,386,47,86,10,529,0,0,7,13,20,386,47,93,23,549,0,0,0,549
01/10/2020,AUS,TX,ASW,CE,Combined TRACON& Tower with Radar,359,49,52,10,470,0,0,0,8,8,359,49,52,18,478,0,0,0,478
01/11/2020,AUS,TX,ASW,CE,Combined TRACON& Tower with Radar,291,37,56,8,392,0,1,53,10,64,291,38,109,18,456,0,0,0,456
01/12/2020,AUS,TX,ASW,CE,Combined TRACON& Tower with Radar,357,39,56,5,457,0,1,68,5,74,357,40,124,10,531,0,0,0,531
01/13/2020,AUS,TX,ASW,CE,Combined TRACON& Tower with Radar,380,21,78,1,480,0,0,0,0,0,380,21,78,1,480,0,0,0,480
01/14/2020,AUS,TX,ASW,CE,Combined TRACON& Tower with Radar,365,43,69,9,486,0,0,3,2,5,365,43,72,11,491,0,0,0,491
01/15/2020,AUS,TX,ASW,CE,Combined TRACON& Tower with Radar,369,55,73,17,514,0,0,24,10,34,369,55,97,27,548,12,0,12,560
01/16/2020,AUS,TX,ASW,CE,Combined TRACON& Tower with Radar,411,54,100,4,569,0,0,0,0,0,411,54,100,4,569,0,0,0,569
01/17/2020,AUS,TX,ASW,CE,Combined TRACON& Tower with Radar,417,42,83,1,543,0,0,3,3,6,417,42,86,4,549,0,0,0,549
01/18/2020,AUS,TX,ASW,CE,Combined TRACON& Tower with Radar,263,24,64,3,354,0,0,31,3,34,263,24,95,6,388,0,0,0,388
01/19/2020,AUS,TX,ASW,CE,Combined TRACON& Tower with Radar,352,16,47,6,421,0,0,45,2,47,352,16,92,8,468,0,0,0,468
01/20/2020,AUS,TX,ASW,CE,Combined TRACON& Tower with Radar,375,44,88,3,510,0,1,63,6,70,375,45,151,9,580,0,0,0,580
01/21/2020,AUS,TX,ASW,CE,Combined TRACON& Tower with Radar,359,40,102,8,509,0,0,55,10,65,359,40,157,18,574,24,0,24,598
01/22/2020,AUS,TX,ASW,CE,Combined TRACON& Tower with Radar,370,51,86,1,508,0,0,0,0,0,370,51,86,1,508,0,0,0,508
01/23/2020,AUS,TX,ASW,CE,Combined TRACON& Tower with Radar,388,49,91,17,545,0,1,53,19,73,388,50,144,36,618,10,0,10,628
01/24/2020,AUS,TX,ASW,CE,Combined TRACON& Tower with Radar,391,44,77,15,527,0,3,69,14,86,391,47,146,29,613,0,0,0,613
01/25/2020,AUS,TX,ASW,CE,Combined TRACON& Tower with Radar,272,31,40,10,353,0,0,56,8,64,272,31,96,18,417,0,0,0,417
01/26/2020,AUS,TX,ASW,CE,Combined TRACON& Tower with Radar,361,28,57,10,456,0,0,65,6,71,361,28,122,16,527,0,0,0,527
01/27/2020,AUS,TX,ASW,CE,Combined TRACON& Tower with Radar,388,42,81,11,522,0,0,27,2,29,388,42,108,13,551,0,0,0,551
01/28/2020,AUS,TX,ASW,CE,Combined TRACON& Tower with Radar,378,58,77,4,517,0,0,13,12,25,378,58,90,16,542,0,0,0,542
01/29/2020,AUS,TX,ASW,CE,Combined TRACON& Tower with Radar,372,53,93,9,527,0,2,60,19,81,372,55,153,28,608,0,0,0,608
01/30/2020,AUS,TX,ASW,CE,Combined TRACON& Tower with Radar,388,60,102,21,571,0,0,6,10,16,388,60,108,31,587,0,0,0,587
01/31/2020,AUS,TX,ASW,CE,Combined TRACON& Tower with Radar,394,50,62,13,519,0,1,56,14,71,394,51,118,27,590,0,0,0,590
02/01/2020,AUS,TX,ASW,CE,Combined TRACON& Tower with Radar,279,25,41,8,353,0,1,67,0,68,279,26,108,8,421,0,0,0,421
02/02/2020,AUS,TX,ASW,CE,Combined TRACON& Tower with Radar,359,31,49,3,442,0,0,58,2,60,359,31,107,5,502,0,0,0,502
02/03/2020,AUS,TX,ASW,CE,Combined TRACON& Tower with Radar,374,54,85,11,524,0,0,21,9,30,374,54,106,20,554,0,12,12,566
02/04/2020,AUS,TX,ASW,CE,Combined TRACON& Tower with Radar,360,48,80,10,498,1,0,28,9,38,361,48,108,19,536,14,0,14,550
02/05/2020,AUS,TX,ASW,CE,Combined TRACON& Tower with Radar,371,36,76,4,487,0,0,5,6,11,371,36,81,10,498,0,0,0,498
02/06/2020,AUS,TX,ASW,CE,Combined TRACON& Tower with Radar,386,56,80,8,530,0,0,80,13,93,386,56,160,21,623,0,0,0,623
02/07/2020,AUS,TX,ASW,CE,Combined TRACON& Tower with Radar,382,55,76,14,527,0,2,70,10,82,382,57,146,24,609,0,0,0,609
02/08/2020,AUS,TX,ASW,CE,Combined TRACON& Tower with Radar,280,22,45,10,357,0,0,47,17,64,280,22,92,27,421,6,12,18,439
02/09/2020,AUS,TX,ASW,CE,Combined TRACON& Tower with Radar,357,38,47,2,444,0,0,0,1,1,357,38,47,3,445,0,0,0,445
02/10/2020,AUS,TX,ASW,CE,Combined TRACON& Tower with Radar,395,36,65,4,500,0,0,0,0,0,395,36,65,4,500,0,0,0,500
02/11/2020,AUS,TX,ASW,CE,Combined TRACON& Tower with Radar,362,34,85,0,481,0,0,0,0,0,362,34,85,0,481,0,0,0,481
02/12/2020,AUS,TX,ASW,CE,Combined TRACON& Tower with Radar,362,50,115,4,531,0,0,19,14,33,362,50,134,18,564,0,2,2,566
02/13/2020,AUS,TX,ASW,CE,Combined TRACON& Tower with Radar,394,48,106,5,553,0,0,86,19,105,394,48,192,24,658,0,0,0,658
02/14/2020,AUS,TX,ASW,CE,Combined TRACON& Tower with Radar,403,42,84,5,534,0,0,71,7,78,403,42,155,12,612,0,0,0,612
02/15/2020,AUS,TX,ASW,CE,Combined TRACON& Tower with Radar,299,29,44,6,378,0,0,45,4,49,299,29,89,10,427,0,0,0,427
02/16/2020,AUS,TX,ASW,CE,Combined TRACON& Tower with Radar,352,20,57,3,432,0,0,45,2,47,352,20,102,5,479,0,0,0,479
02/17/2020,AUS,TX,ASW,CE,Combined TRACON& Tower with Radar,386,48,93,0,527,0,1,31,1,33,386,49,124,1,560,0,0,0,560
02/18/2020,AUS,TX,ASW,CE,Combined TRACON& Tower with Radar,384,50,79,1,514,0,0,0,0,0,384,50,79,1,514,0,0,0,514
02/19/2020,AUS,TX,ASW,CE,Combined TRACON& Tower with Radar,382,47,75,14,518,0,0,0,0,0,382,47,75,14,518,0,0,0,518
02/20/2020,AUS,TX,ASW,CE,Combined TRACON& Tower with Radar,390,44,75,4,513,1,0,2,3,6,391,44,77,7,519,0,0,0,519
02/21/2020,AUS,TX,ASW,CE,Combined TRACON& Tower with Radar,403,47,70,9,529,0,0,75,19,94,403,47,145,28,623,0,0,0,623
02/22/2020,AUS,TX,ASW,CE,Combined TRACON& Tower with Radar,301,27,45,13,386,0,0,66,1,67,301,27,111,14,453,0,0,0,453
02/23/2020,AUS,TX,ASW,CE,Combined TRACON& Tower with Radar,366,42,60,3,471,0,0,10,2,12,366,42,70,5,483,0,0,0,483
02/24/2020,AUS,TX,ASW,CE,Combined TRACON& Tower with Radar,395,39,62,11,507,0,2,43,6,51,395,41,105,17,558,8,0,8,566
02/25/2020,AUS,TX,ASW,CE,Combined TRACON& Tower with Radar,378,45,95,7,525,0,3,75,11,89,378,48,170,18,614,0,0,0,614
02/26/2020,AUS,TX,ASW,CE,Combined TRACON& Tower with Radar,385,43,95,22,545,0,0,45,12,57,385,43,140,34,602,0,0,0,602
02/27/2020,AUS,TX,ASW,CE,Combined TRACON& Tower with Radar,399,58,92,11,560,0,3,66,12,81,399,61,158,23,641,0,0,0,641
02/28/2020,AUS,TX,ASW,CE,Combined TRACON& Tower with Radar,403,50,96,11,560,0,1,63,13,77,403,51,159,24,637,0,0,0,637
02/29/2020,AUS,TX,ASW,CE,Combined TRACON& Tower with Radar,304,25,42,4,375,0,2,52,3,57,304,27,94,7,432,0,0,0,432
03/01/2020,AUS,TX,ASW,CE,Combined TRACON& Tower with Radar,375,37,80,5,497,0,0,22,1,23,375,37,102,6,520,0,0,0,520
03/02/2020,AUS,TX,ASW,CE,Combined TRACON& Tower with Radar,395,35,72,1,503,0,0,15,5,20,395,35,87,6,523,0,0,0,523
03/03/2020,AUS,TX,ASW,CE,Combined TRACON& Tower with Radar,382,45,94,7,528,0,0,17,7,24,382,45,111,14,552,0,0,0,552
03/04/2020,AUS,TX,ASW,CE,Combined TRACON& Tower with Radar,379,53,70,1,503,0,2,2,10,14,379,55,72,11,517,4,0,4,521
03/05/2020,AUS,TX,ASW,CE,Combined TRACON& Tower with Radar,408,66,106,4,584,0,6,78,9,93,408,72,184,13,677,0,0,0,677
03/06/2020,AUS,TX,ASW,CE,Combined TRACON& Tower with Radar,407,66,86,7,566,0,0,78,18,96,407,66,164,25,662,0,0,0,662
03/07/2020,AUS,TX,ASW,CE,Combined TRACON& Tower with Radar,328,41,46,9,424,0,0,66,6,72,328,41,112,15,496,0,0,0,496
03/08/2020,AUS,TX,ASW,CE,Combined TRACON& Tower with Radar,390,48,66,6,510,0,0,17,2,19,390,48,83,8,529,0,0,0,529
03/09/2020,AUS,TX,ASW,CE,Combined TRACON& Tower with Radar,407,41,60,11,519,0,0,6,0,6,407,41,66,11,525,0,32,32,557
03/10/2020,AUS,TX,ASW,CE,Combined TRACON& Tower with Radar,395,36,76,6,513,0,0,30,9,39,395,36,106,15,552,0,0,0,552
03/11/2020,AUS,TX,ASW,CE,Combined TRACON& Tower with Radar,410,53,80,8,551,0,2,55,12,69,410,55,135,20,620,0,0,0,620
03/12/2020,AUS,TX,ASW,CE,Combined TRACON& Tower with Radar,419,42,102,10,573,0,0,63,28,91,419,42,165,38,664,0,0,0,664
03/13/2020,AUS,TX,ASW,CE,Combined TRACON& Tower with Radar,425,57,80,11,573,0,0,34,4,38,425,57,114,15,611,0,0,0,611
03/14/2020,AUS,TX,ASW,CE,Combined TRACON& Tower with Radar,360,36,57,6,459,0,0,20,2,22,360,36,77,8,481,0,0,0,481
03/15/2020,AUS,TX,ASW,CE,Combined TRACON& Tower with Radar,421,22,51,4,498,0,0,1,0,1,421,22,52,4,499,0,0,0,499
03/16/2020,AUS,TX,ASW,CE,Combined TRACON& Tower with Radar,399,40,53,3,495,0,0,5,1,6,399,40,58,4,501,0,0,0,501
03/17/2020,AUS,TX,ASW,CE,Combined TRACON& Tower with Radar,367,36,38,11,452,0,0,10,5,15,367,36,48,16,467,0,0,0,467
03/18/2020,AUS,TX,ASW,CE,Combined TRACON& Tower with Radar,382,29,51,8,470,0,2,20,7,29,382,31,71,15,499,0,0,0,499
03/19/2020,AUS,TX,ASW,CE,Combined TRACON& Tower with Radar,386,23,36,7,452,0,0,13,11,24,386,23,49,18,476,0,0,0,476
03/20/2020,AUS,TX,ASW,CE,Combined TRACON& Tower with Radar,343,23,38,0,404,0,0,1,0,1,343,23,39,0,405,0,0,0,405
03/21/2020,AUS,TX,ASW,CE,Combined TRACON& Tower with Radar,272,18,23,2,315,0,1,0,2,3,272,19,23,4,318,0,0,0,318
03/22/2020,AUS,TX,ASW,CE,Combined TRACON& Tower with Radar,324,22,20,1,367,1,0,0,0,1,325,22,20,1,368,0,0,0,368
03/23/2020,AUS,TX,ASW,CE,Combined TRACON& Tower with Radar,255,15,23,0,293,0,1,10,3,14,255,16,33,3,307,0,0,0,307
03/24/2020,AUS,TX,ASW,CE,Combined TRACON& Tower with Radar,271,26,21,17,335,0,0,19,6,25,271,26,40,23,360,0,0,0,360
03/25/2020,AUS,TX,ASW,CE,Combined TRACON& Tower with Radar,248,18,21,6,293,0,0,16,8,24,248,18,37,14,317,0,0,0,317
03/26/2020,AUS,TX,ASW,CE,Combined TRACON& Tower with Radar,232,24,21,9,286,0,2,7,13,22,232,26,28,22,308,0,0,0,308
03/27/2020,AUS,TX,ASW,CE,Combined TRACON& Tower with Radar,189,17,28,4,238,0,0,11,11,22,189,17,39,15,260,0,0,0,260
03/28/2020,AUS,TX,ASW,CE,Combined TRACON& Tower with Radar,184,11,13,0,208,0,2,11,2,15,184,13,24,2,223,0,0,0,223
03/29/2020,AUS,TX,ASW,CE,Combined TRACON& Tower with Radar,222,10,13,0,245,0,0,19,0,19,222,10,32,0,264,0,0,0,264
03/30/2020,AUS,TX,ASW,CE,Combined TRACON& Tower with Radar,177,14,8,5,204,0,0,0,0,0,177,14,8,5,204,0,0,0,204
03/31/2020,AUS,TX,ASW,CE,Combined TRACON& Tower with Radar,176,26,19,4,225,0,1,17,5,23,176,27,36,9,248,0,0,0,248
04/01/2020,AUS,TX,ASW,CE,Combined TRACON& Tower with Radar,175,17,19,4,215,0,2,28,10,40,175,19,47,14,255,0,0,0,255
04/02/2020,AUS,TX,ASW,CE,Combined TRACON& Tower with Radar,171,14,21,13,219,0,0,1,4,5,171,14,22,17,224,0,0,0,224
04/03/2020,AUS,TX,ASW,CE,Combined TRACON& Tower with Radar,175,16,16,0,207,0,0,0,0,0,175,16,16,0,207,0,0,0,207
04/04/2020,AUS,TX,ASW,CE,Combined TRACON& Tower with Radar,132,6,7,0,145,0,0,0,0,0,132,6,7,0,145,0,0,0,145
04/05/2020,AUS,TX,ASW,CE,Combined TRACON& Tower with Radar,148,6,21,0,175,0,0,0,0,0,148,6,21,0,175,0,0,0,175
04/06/2020,AUS,TX,ASW,CE,Combined TRACON& Tower with Radar,144,9,11,1,165,0,1,9,4,14,144,10,20,5,179,0,0,0,179
04/07/2020,AUS,TX,ASW,CE,Combined TRACON& Tower with Radar,122,15,13,6,156,0,2,9,9,20,122,17,22,15,176,0,0,0,176
04/08/2020,AUS,TX,ASW,CE,Combined TRACON& Tower with Radar,126,18,19,7,170,0,0,11,10,21,126,18,30,17,191,0,0,0,191
04/09/2020,AUS,TX,ASW,CE,Combined TRACON& Tower with Radar,134,18,10,8,170,0,0,0,8,8,134,18,10,16,178,0,0,0,178
04/10/2020,AUS,TX,ASW,CE,Combined TRACON& Tower with Radar,130,10,18,0,158,0,0,13,3,16,130,10,31,3,174,0,0,0,174
04/11/2020,AUS,TX,ASW,CE,Combined TRACON& Tower with Radar,98,10,8,0,116,0,0,1,2,3,98,10,9,2,119,0,0,0,119
04/12/2020,AUS,TX,ASW,CE,Combined TRACON& Tower with Radar,106,2,3,0,111,0,1,4,0,5,106,3,7,0,116,0,0,0,116
04/13/2020,AUS,TX,ASW,CE,Combined TRACON& Tower with Radar,116,18,15,2,151,0,0,18,4,22,116,18,33,6,173,0,0,0,173
04/14/2020,AUS,TX,ASW,CE,Combined TRACON& Tower with Radar,128,16,23,11,178,0,0,19,14,33,128,16,42,25,211,0,0,0,211
04/15/2020,AUS,TX,ASW,CE,Combined TRACON& Tower with Radar,126,16,19,12,173,0,0,25,6,31,126,16,44,18,204,0,0,0,204
04/16/2020,AUS,TX,ASW,CE,Combined TRACON& Tower with Radar,116,20,28,7,171,0,5,34,16,55,116,25,62,23,226,0,0,0,226
04/17/2020,AUS,TX,ASW,CE,Combined TRACON& Tower with Radar,117,21,29,6,173,0,0,3,8,11,117,21,32,14,184,0,0,0,184
04/18/2020,AUS,TX,ASW,CE,Combined TRACON& Tower with Radar,65,11,17,0,93,0,0,0,0,0,65,11,17,0,93,0,0,0,93
04/19/2020,AUS,TX,ASW,CE,Combined TRACON& Tower with Radar,98,8,13,0,119,0,0,7,0,7,98,8,20,0,126,0,0,0,126
04/20/2020,AUS,TX,ASW,CE,Combined TRACON& Tower with Radar,112,8,13,1,134,0,0,20,6,26,112,8,33,7,160,0,0,0,160
04/21/2020,AUS,TX,ASW,CE,Combined TRACON& Tower with Radar,105,17,23,6,151,0,0,9,14,23,105,17,32,20,174,0,0,0,174
04/22/2020,AUS,TX,ASW,CE,Combined TRACON& Tower with Radar,110,17,14,0,141,0,0,5,4,9,110,17,19,4,150,0,0,0,150
04/23/2020,AUS,TX,ASW,CE,Combined TRACON& Tower with Radar,126,14,32,5,177,0,1,34,14,49,126,15,66,19,226,0,0,0,226
04/24/2020,AUS,TX,ASW,CE,Combined TRACON& Tower with Radar,118,22,27,3,170,0,2,38,3,43,118,24,65,6,213,0,0,0,213
04/25/2020,AUS,TX,ASW,CE,Combined TRACON& Tower with Radar,64,15,26,0,105,0,0,24,4,28,64,15,50,4,133,0,0,0,133
04/26/2020,AUS,TX,ASW,CE,Combined TRACON& Tower with Radar,85,7,15,1,108,0,0,29,0,29,85,7,44,1,137,0,0,0,137
04/27/2020,AUS,TX,ASW,CE,Combined TRACON& Tower with Radar,96,11,22,4,133,0,0,21,7,28,96,11,43,11,161,0,0,0,161
04/28/2020,AUS,TX,ASW,CE,Combined TRACON& Tower with Radar,97,13,33,15,158,0,0,17,8,25,97,13,50,23,183,0,0,0,183
04/29/2020,AUS,TX,ASW,CE,Combined TRACON& Tower with Radar,111,15,31,18,175,0,0,31,20,51,111,15,62,38,226,0,0,0,226
04/30/2020,AUS,TX,ASW,CE,Combined TRACON& Tower with Radar,111,15,26,15,167,0,0,54,9,63,111,15,80,24,230,0,0,0,230
05/01/2020,AUS,TX,ASW,CE,Combined TRACON& Tower with Radar,127,25,30,3,185,0,0,40,10,50,127,25,70,13,235,16,0,16,251
05/02/2020,AUS,TX,ASW,CE,Combined TRACON& Tower with Radar,74,21,18,0,113,0,0,16,0,16,74,21,34,0,129,0,0,0,129
05/03/2020,AUS,TX,ASW,CE,Combined TRACON& Tower with Radar,104,12,24,0,140,0,2,24,0,26,104,14,48,0,166,0,0,0,166
05/04/2020,AUS,TX,ASW,CE,Combined TRACON& Tower with Radar,100,14,30,9,153,0,0,25,5,30,100,14,55,14,183,0,0,0,183
05/05/2020,AUS,TX,ASW,CE,Combined TRACON& Tower with Radar,95,25,29,8,157,0,0,12,9,21,95,25,41,17,178,0,0,0,178
05/06/2020,AUS,TX,ASW,CE,Combined TRACON& Tower with Radar,99,24,35,7,165,0,0,30,8,38,99,24,65,15,203,0,0,0,203
05/07/2020,AUS,TX,ASW,CE,Combined TRACON& Tower with Radar,92,34,46,5,177,0,0,21,11,32,92,34,67,16,209,0,0,0,209
05/08/2020,AUS,TX,ASW,CE,Combined TRACON& Tower with Radar,110,27,52,6,195,0,0,17,6,23,110,27,69,12,218,0,0,0,218
05/09/2020,AUS,TX,ASW,CE,Combined TRACON& Tower with Radar,83,33,39,0,155,0,1,62,3,66,83,34,101,3,221,0,0,0,221
05/10/2020,AUS,TX,ASW,CE,Combined TRACON& Tower with Radar,82,17,34,0,133,0,0,55,2,57,82,17,89,2,190,24,0,24,214
05/11/2020,AUS,TX,ASW,CE,Combined TRACON& Tower with Radar,88,21,49,3,161,0,0,69,3,72,88,21,118,6,233,0,0,0,233
05/12/2020,AUS,TX,ASW,CE,Combined TRACON& Tower with Radar,90,23,26,2,141,0,0,0,0,0,90,23,26,2,141,0,0,0,141
05/13/2020,AUS,TX,ASW,CE,Combined TRACON& Tower with Radar,92,26,57,13,188,0,0,36,15,51,92,26,93,28,239,0,0,0,239
05/14/2020,AUS,TX,ASW,CE,Combined TRACON& Tower with Radar,104,35,42,5,186,0,4,43,11,58,104,39,85,16,244,0,0,0,244
05/15/2020,AUS,TX,ASW,CE,Combined TRACON& Tower with Radar,106,22,54,5,187,0,0,15,3,18,106,22,69,8,205,0,0,0,205
05/16/2020,AUS,TX,ASW,CE,Combined TRACON& Tower with Radar,83,17,27,2,129,0,2,18,1,21,83,19,45,3,150,0,0,0,150
05/17/2020,AUS,TX,ASW,CE,Combined TRACON& Tower with Radar,91,9,38,2,140,0,0,59,1,60,91,9,97,3,200,0,0,0,200
05/18/2020,AUS,TX,ASW,CE,Combined TRACON& Tower with Radar,96,15,35,11,157,0,0,66,3,69,96,15,101,14,226,0,0,0,226
05/19/2020,AUS,TX,ASW,CE,Combined TRACON& Tower with Radar,85,27,46,11,169,0,0,63,13,76,85,27,109,24,245,0,0,0,245
05/20/2020,AUS,TX,ASW,CE,Combined TRACON& Tower with Radar,91,25,76,10,202,0,0,60,10,70,91,25,136,20,272,34,0,34,306
05/21/2020,AUS,TX,ASW,CE,Combined TRACON& Tower with Radar,111,34,92,6,243,0,1,62,10,73,111,35,154,16,316,52,0,52,368
05/22/2020,AUS,TX,ASW,CE,Combined TRACON& Tower with Radar,112,46,60,0,218,0,0,44,2,46,112,46,104,2,264,0,0,0,264
05/23/2020,AUS,TX,ASW,CE,Combined TRACON& Tower with Radar,82,21,37,0,140,0,0,43,4,47,82,21,80,4,187,0,0,0,187
05/24/2020,AUS,TX,ASW,CE,Combined TRACON& Tower with Radar,103,16,25,0,144,0,0,6,0,6,103,16,31,0,150,0,0,0,150
05/25/2020,AUS,TX,ASW,CE,Combined TRACON& Tower with Radar,106,28,38,0,172,0,0,6,0,6,106,28,44,0,178,0,0,0,178
05/26/2020,AUS,TX,ASW,CE,Combined TRACON& Tower with Radar,86,29,50,8,173,0,0,65,6,71,86,29,115,14,244,0,0,0,244
05/27/2020,AUS,TX,ASW,CE,Combined TRACON& Tower with Radar,95,31,59,10,195,0,0,48,17,65,95,31,107,27,260,0,0,0,260
05/28/2020,AUS,TX,ASW,CE,Combined TRACON& Tower with Radar,110,35,63,3,211,0,0,46,10,56,110,35,109,13,267,0,0,0,267
05/29/2020,AUS,TX,ASW,CE,Combined TRACON& Tower with Radar,114,35,69,5,223,0,3,83,10,96,114,38,152,15,319,0,0,0,319
05/30/2020,AUS,TX,ASW,CE,Combined TRACON& Tower with Radar,81,20,42,0,143,0,3,71,3,77,81,23,113,3,220,0,0,0,220
05/31/2020,AUS,TX,ASW,CE,Combined TRACON& Tower with Radar,103,19,60,4,186,0,0,12,1,13,103,19,72,5,199,0,0,0,199
06/01/2020,AUS,TX,ASW,CE,Combined TRACON& Tower with Radar,115,30,35,11,191,0,0,11,9,20,115,30,46,20,211,8,0,8,219
06/02/2020,AUS,TX,ASW,CE,Combined TRACON& Tower with Radar,94,30,78,4,206,0,0,26,10,36,94,30,104,14,242,0,0,0,242
06/03/2020,AUS,TX,ASW,CE,Combined TRACON& Tower with Radar,97,40,46,7,190,0,0,55,12,67,97,40,101,19,257,0,0,0,257
06/04/2020,AUS,TX,ASW,CE,Combined TRACON& Tower with Radar,122,41,65,9,237,0,2,62,11,75,122,43,127,20,312,0,0,0,312
06/05/2020,AUS,TX,ASW,CE,Combined TRACON& Tower with Radar,124,35,61,3,223,0,0,69,11,80,124,35,130,14,303,0,0,0,303
06/06/2020,AUS,TX,ASW,CE,Combined TRACON& Tower with Radar,99,31,35,1,166,0,0,53,5,58,99,31,88,6,224,24,0,24,248
06/07/2020,AUS,TX,ASW,CE,Combined TRACON& Tower with Radar,130,26,41,2,199,0,0,49,0,49,130,26,90,2,248,0,0,0,248
06/08/2020,AUS,TX,ASW,CE,Combined TRACON& Tower with Radar,144,21,58,9,232,0,0,43,9,52,144,21,101,18,284,0,0,0,284
06/09/2020,AUS,TX,ASW,CE,Combined TRACON& Tower with Radar,124,33,41,1,199,0,0,51,5,56,124,33,92,6,255,0,0,0,255
06/10/2020,AUS,TX,ASW,CE,Combined TRACON& Tower with Radar,123,39,61,6,229,0,1,71,10,82,123,40,132,16,311,0,0,0,311
06/11/2020,AUS,TX,ASW,CE,Combined TRACON& Tower with Radar,146,43,75,4,268,0,1,84,10,95,146,44,159,14,363,22,0,22,385
06/12/2020,AUS,TX,ASW,CE,Combined TRACON& Tower with Radar,153,30,45,9,237,0,0,69,13,82,153,30,114,22,319,0,0,0,319
06/13/2020,AUS,TX,ASW,CE,Combined TRACON& Tower with Radar,118,20,30,3,171,0,3,67,4,74,118,23,97,7,245,0,0,0,245
06/14/2020,AUS,TX,ASW,CE,Combined TRACON& Tower with Radar,145,30,56,0,231,0,0,46,0,46,145,30,102,0,277,0,0,0,277
06/15/2020,AUS,TX,ASW,CE,Combined TRACON& Tower with Radar,152,35,59,4,250,0,1,38,6,45,152,36,97,10,295,0,0,0,295
06/16/2020,AUS,TX,ASW,CE,Combined TRACON& Tower with Radar,128,38,55,10,231,0,1,61,8,70,128,39,116,18,301,0,0,0,301
06/17/2020,AUS,TX,ASW,CE,Combined TRACON& Tower with Radar,121,41,67,3,232,0,1,58,13,72,121,42,125,16,304,0,0,0,304
06/18/2020,AUS,TX,ASW,CE,Combined TRACON& Tower with Radar,149,50,92,2,293,0,0,56,13,69,149,50,148,15,362,0,0,0,362
06/19/2020,AUS,TX,ASW,CE,Combined TRACON& Tower with Radar,166,49,60,3,278,0,0,28,12,40,166,49,88,15,318,0,0,0,318
06/20/2020,AUS,TX,ASW,CE,Combined TRACON& Tower with Radar,125,29,49,0,203,0,2,27,9,38,125,31,76,9,241,0,0,0,241
06/21/2020,AUS,TX,ASW,CE,Combined TRACON& Tower with Radar,144,26,46,4,220,0,0,30,1,31,144,26,76,5,251,0,0,0,251
06/22/2020,AUS,TX,ASW,CE,Combined TRACON& Tower with Radar,172,50,54,3,279,0,0,27,20,47,172,50,81,23,326,0,0,0,326
06/23/2020,AUS,TX,ASW,CE,Combined TRACON& Tower with Radar,126,46,45,2,219,0,0,23,12,35,126,46,68,14,254,0,0,0,254
06/24/2020,AUS,TX,ASW,CE,Combined TRACON& Tower with Radar,120,45,57,2,224,0,0,28,15,43,120,45,85,17,267,0,0,0,267
06/25/2020,AUS,TX,ASW,CE,Combined TRACON& Tower with Radar,161,48,62,6,277,0,0,46,10,56,161,48,108,16,333,0,0,0,333
06/26/2020,AUS,TX,ASW,CE,Combined TRACON& Tower with Radar,161,37,71,0,269,0,0,12,2,14,161,37,83,2,283,0,0,0,283
06/27/2020,AUS,TX,ASW,CE,Combined TRACON& Tower with Radar,125,35,42,6,208,0,0,13,0,13,125,35,55,6,221,0,0,0,221
06/28/2020,AUS,TX,ASW,CE,Combined TRACON& Tower with Radar,153,32,61,0,246,0,0,9,1,10,153,32,70,1,256,0,0,0,256
06/29/2020,AUS,TX,ASW,CE,Combined TRACON& Tower with Radar,169,32,55,9,265,0,0,45,7,52,169,32,100,16,317,0,0,0,317
06/30/2020,AUS,TX,ASW,CE,Combined TRACON& Tower with Radar,138,52,67,3,260,0,0,62,9,71,138,52,129,12,331,0,0,0,331
07/01/2020,AUS,TX,ASW,CE,Combined TRACON& Tower with Radar,155,68,75,12,310,0,1,42,12,55,155,69,117,24,365,0,0,0,365
07/02/2020,AUS,TX,ASW,CE,Combined TRACON& Tower with Radar,218,43,80,2,343,0,1,62,5,68,218,44,142,7,411,0,0,0,411
07/03/2020,AUS,TX,ASW,CE,Combined TRACON& Tower with Radar,208,41,40,0,289,0,3,52,2,57,208,44,92,2,346,0,0,0,346
07/04/2020,AUS,TX,ASW,CE,Combined TRACON& Tower with Radar,133,25,17,0,175,0,0,44,2,46,133,25,61,2,221,0,0,0,221
07/05/2020,AUS,TX,ASW,CE,Combined TRACON& Tower with Radar,223,36,44,0,303,0,0,35,0,35,223,36,79,0,338,0,0,0,338
07/06/2020,AUS,TX,ASW,CE,Combined TRACON& Tower with Radar,209,43,47,3,302,0,0,43,2,45,209,43,90,5,347,0,0,0,347
07/07/2020,AUS,TX,ASW,CE,Combined TRACON& Tower with Radar,181,32,60,4,277,0,0,35,10,45,181,32,95,14,322,0,0,0,322
07/08/2020,AUS,TX,ASW,CE,Combined TRACON& Tower with Radar,184,34,83,4,305,0,0,62,23,85,184,34,145,27,390,0,0,0,390
07/09/2020,AUS,TX,ASW,CE,Combined TRACON& Tower with Radar,224,39,57,1,321,0,0,63,19,82,224,39,120,20,403,0,0,0,403
07/10/2020,AUS,TX,ASW,CE,Combined TRACON& Tower with Radar,231,32,44,1,308,0,0,45,10,55,231,32,89,11,363,0,0,0,363
07/11/2020,AUS,TX,ASW,CE,Combined TRACON& Tower with Radar,193,24,35,0,252,0,1,46,10,57,193,25,81,10,309,0,0,0,309
07/12/2020,AUS,TX,ASW,CE,Combined TRACON& Tower with Radar,211,39,37,2,289,0,0,42,6,48,211,39,79,8,337,0,0,0,337
07/13/2020,AUS,TX,ASW,CE,Combined TRACON& Tower with Radar,231,28,60,2,321,0,0,55,15,70,231,28,115,17,391,0,0,0,391
07/14/2020,AUS,TX,ASW,CE,Combined TRACON& Tower with Radar,185,35,41,16,277,0,3,47,6,56,185,38,88,22,333,0,0,0,333
07/15/2020,AUS,TX,ASW,CE,Combined TRACON& Tower with Radar,188,41,57,8,294,0,1,46,13,60,188,42,103,21,354,0,0,0,354
07/16/2020,AUS,TX,ASW,CE,Combined TRACON& Tower with Radar,229,32,73,5,339,0,0,62,10,72,229,32,135,15,411,0,0,0,411
07/17/2020,AUS,TX,ASW,CE,Combined TRACON& Tower with Radar,245,34,66,10,355,0,1,59,13,73,245,35,125,23,428,0,0,0,428
07/18/2020,AUS,TX,ASW,CE,Combined TRACON& Tower with Radar,198,46,35,8,287,0,1,42,12,55,198,47,77,20,342,0,0,0,342
07/19/2020,AUS,TX,ASW,CE,Combined TRACON& Tower with Radar,220,38,54,5,317,0,0,35,6,41,220,38,89,11,358,0,0,0,358
07/20/2020,AUS,TX,ASW,CE,Combined TRACON& Tower with Radar,234,40,32,9,315,0,1,39,4,44,234,41,71,13,359,0,0,0,359
07/21/2020,AUS,TX,ASW,CE,Combined TRACON& Tower with Radar,189,42,48,1,280,0,0,25,5,30,189,42,73,6,310,0,0,0,310
07/22/2020,AUS,TX,ASW,CE,Combined TRACON& Tower with Radar,195,39,45,9,288,0,0,39,10,49,195,39,84,19,337,0,0,0,337
07/23/2020,AUS,TX,ASW,CE,Combined TRACON& Tower with Radar,235,37,62,15,349,0,0,55,9,64,235,37,117,24,413,0,0,0,413
07/24/2020,AUS,TX,ASW,CE,Combined TRACON& Tower with Radar,239,50,48,4,341,0,1,44,6,51,239,51,92,10,392,0,0,0,392
07/25/2020,AUS,TX,ASW,CE,Combined TRACON& Tower with Radar,200,38,51,3,292,0,1,3,0,4,200,39,54,3,296,0,0,0,296
07/26/2020,AUS,TX,ASW,CE,Combined TRACON& Tower with Radar,214,34,52,3,303,0,0,7,2,9,214,34,59,5,312,0,0,0,312
07/27/2020,AUS,TX,ASW,CE,Combined TRACON& Tower with Radar,233,38,35,9,315,0,2,26,1,29,233,40,61,10,344,0,0,0,344
07/28/2020,AUS,TX,ASW,CE,Combined TRACON& Tower with Radar,202,39,62,8,311,0,4,38,15,57,202,43,100,23,368,0,0,0,368
07/29/2020,AUS,TX,ASW,CE,Combined TRACON& Tower with Radar,195,36,69,0,300,0,0,38,13,51,195,36,107,13,351,0,0,0,351
07/30/2020,AUS,TX,ASW,CE,Combined TRACON& Tower with Radar,228,39,62,5,334,0,0,55,11,66,228,39,117,16,400,0,0,0,400
07/31/2020,AUS,TX,ASW,CE,Combined TRACON& Tower with Radar,236,40,79,19,374,0,0,25,14,39,236,40,104,33,413,0,0,0,413
08/01/2020,AUS,TX,ASW,CE,Combined TRACON& Tower with Radar,210,35,49,4,298,0,0,69,6,75,210,35,118,10,373,0,0,0,373
08/02/2020,AUS,TX,ASW,CE,Combined TRACON& Tower with Radar,225,38,44,19,326,0,0,42,4,46,225,38,86,23,372,0,0,0,372
08/03/2020,AUS,TX,ASW,CE,Combined TRACON& Tower with Radar,238,26,51,8,323,0,1,36,9,46,238,27,87,17,369,0,0,0,369
08/04/2020,AUS,TX,ASW,CE,Combined TRACON& Tower with Radar,190,29,49,2,270,0,1,43,13,57,190,30,92,15,327,0,0,0,327
08/05/2020,AUS,TX,ASW,CE,Combined TRACON& Tower with Radar,182,44,40,11,277,0,0,49,8,57,182,44,89,19,334,0,0,0,334
08/06/2020,AUS,TX,ASW,CE,Combined TRACON& Tower with Radar,227,35,75,17,354,0,0,39,13,52,227,35,114,30,406,0,0,0,406
08/07/2020,AUS,TX,ASW,CE,Combined TRACON& Tower with Radar,234,32,71,11,348,0,0,64,15,79,234,32,135,26,427,0,0,0,427
08/08/2020,AUS,TX,ASW,CE,Combined TRACON& Tower with Radar,194,24,35,8,261,0,0,53,7,60,194,24,88,15,321,0,0,0,321
08/09/2020,AUS,TX,ASW,CE,Combined TRACON& Tower with Radar,211,25,76,0,312,0,0,40,2,42,211,25,116,2,354,0,0,0,354
08/10/2020,AUS,TX,ASW,CE,Combined TRACON& Tower with Radar,221,37,62,3,323,0,0,37,2,39,221,37,99,5,362,0,0,0,362
08/11/2020,AUS,TX,ASW,CE,Combined TRACON& Tower with Radar,192,34,78,9,313,0,0,39,16,55,192,34,117,25,368,0,0,0,368
08/12/2020,AUS,TX,ASW,CE,Combined TRACON& Tower with Radar,195,45,64,16,320,0,1,44,18,63,195,46,108,34,383,0,0,0,383
08/13/2020,AUS,TX,ASW,CE,Combined TRACON& Tower with Radar,224,57,73,11,365,0,0,48,20,68,224,57,121,31,433,0,0,0,433
08/14/2020,AUS,TX,ASW,CE,Combined TRACON& Tower with Radar,234,50,62,18,364,0,2,41,25,68,234,52,103,43,432,0,0,0,432
08/15/2020,AUS,TX,ASW,CE,Combined TRACON& Tower with Radar,192,54,36,6,288,0,1,48,12,61,192,55,84,18,349,0,0,0,349
08/16/2020,AUS,TX,ASW,CE,Combined TRACON& Tower with Radar,243,66,44,10,363,0,0,46,11,57,243,66,90,21,420,0,0,0,420
08/17/2020,AUS,TX,ASW,CE,Combined TRACON& Tower with Radar,228,45,54,4,331,0,0,45,6,51,228,45,99,10,382,0,0,0,382
08/18/2020,AUS,TX,ASW,CE,Combined TRACON& Tower with Radar,191,31,56,4,282,0,2,43,14,59,191,33,99,18,341,0,0,0,341
08/19/2020,AUS,TX,ASW,CE,Combined TRACON& Tower with Radar,188,42,41,2,273,0,0,44,14,58,188,42,85,16,331,0,0,0,331
08/20/2020,AUS,TX,ASW,CE,Combined TRACON& Tower with Radar,223,47,53,9,332,0,1,53,15,69,223,48,106,24,401,0,0,0,401
08/21/2020,AUS,TX,ASW,CE,Combined TRACON& Tower with Radar,223,49,41,5,318,0,1,57,7,65,223,50,98,12,383,0,0,0,383
08/22/2020,AUS,TX,ASW,CE,Combined TRACON& Tower with Radar,190,31,55,5,281,0,1,37,6,44,190,32,92,11,325,0,0,0,325
08/23/2020,AUS,TX,ASW,CE,Combined TRACON& Tower with Radar,217,32,52,5,306,0,0,58,5,63,217,32,110,10,369,0,0,0,369
08/24/2020,AUS,TX,ASW,CE,Combined TRACON& Tower with Radar,215,46,56,5,322,0,1,52,10,63,215,47,108,15,385,0,0,0,385
08/25/2020,AUS,TX,ASW,CE,Combined TRACON& Tower with Radar,195,36,62,10,303,0,0,55,13,68,195,36,117,23,371,0,0,0,371
08/26/2020,AUS,TX,ASW,CE,Combined TRACON& Tower with Radar,196,45,86,1,328,0,2,31,5,38,196,47,117,6,366,0,0,0,366
08/27/2020,AUS,TX,ASW,CE,Combined TRACON& Tower with Radar,221,44,80,3,348,0,0,53,5,58,221,44,133,8,406,0,0,0,406
08/28/2020,AUS,TX,ASW,CE,Combined TRACON& Tower with Radar,223,31,69,16,339,0,3,65,5,73,223,34,134,21,412,0,0,0,412
08/29/2020,AUS,TX,ASW,CE,Combined TRACON& Tower with Radar,191,23,44,3,261,0,0,58,4,62,191,23,102,7,323,0,0,0,323
08/30/2020,AUS,TX,ASW,CE,Combined TRACON& Tower with Radar,225,33,56,2,316,0,5,42,3,50,225,38,98,5,366,0,0,0,366
08/31/2020,AUS,TX,ASW,CE,Combined TRACON& Tower with Radar,212,43,43,7,305,0,0,33,7,40,212,43,76,14,345,0,0,0,345
09/01/2020,AUS,TX,ASW,CE,Combined TRACON& Tower with Radar,222,48,70,6,346,0,0,33,11,44,222,48,103,17,390,0,0,0,390
09/02/2020,AUS,TX,ASW,CE,Combined TRACON& Tower with Radar,188,43,54,6,291,0,0,5,6,11,188,43,59,12,302,0,0,0,302
09/03/2020,AUS,TX,ASW,CE,Combined TRACON& Tower with Radar,224,49,53,4,330,0,0,12,9,21,224,49,65,13,351,0,0,0,351
09/04/2020,AUS,TX,ASW,CE,Combined TRACON& Tower with Radar,227,38,60,1,326,0,0,10,2,12,227,38,70,3,338,0,0,0,338
09/05/2020,AUS,TX,ASW,CE,Combined TRACON& Tower with Radar,168,30,39,2,239,0,0,34,2,36,168,30,73,4,275,0,0,0,275
09/06/2020,AUS,TX,ASW,CE,Combined TRACON& Tower with Radar,169,14,39,1,223,0,1,37,4,42,169,15,76,5,265,0,0,0,265
09/07/2020,AUS,TX,ASW,CE,Combined TRACON& Tower with Radar,195,35,67,0,297,0,4,71,4,79,195,39,138,4,376,0,0,0,376
09/08/2020,AUS,TX,ASW,CE,Combined TRACON& Tower with Radar,164,28,93,1,286,0,0,10,7,17,164,28,103,8,303,0,0,0,303
09/09/2020,AUS,TX,ASW,CE,Combined TRACON& Tower with Radar,163,50,49,0,262,0,1,1,0,2,163,51,50,0,264,0,0,0,264
09/10/2020,AUS,TX,ASW,CE,Combined TRACON& Tower with Radar,197,60,71,6,334,0,0,2,19,21,197,60,73,25,355,0,0,0,355
09/11/2020,AUS,TX,ASW,CE,Combined TRACON& Tower with Radar,181,43,68,20,312,0,3,24,8,35,181,46,92,28,347,0,0,0,347
09/12/2020,AUS,TX,ASW,CE,Combined TRACON& Tower with Radar,160,35,50,10,255,0,2,52,11,65,160,37,102,21,320,0,0,0,320
09/13/2020,AUS,TX,ASW,CE,Combined TRACON& Tower with Radar,181,36,56,4,277,0,2,45,0,47,181,38,101,4,324,0,0,0,324
09/14/2020,AUS,TX,ASW,CE,Combined TRACON& Tower with Radar,174,50,39,11,274,0,1,40,10,51,174,51,79,21,325,0,0,0,325
09/15/2020,AUS,TX,ASW,CE,Combined TRACON& Tower with Radar,149,47,77,8,281,0,2,36,17,55,149,49,113,25,336,0,2,2,338
09/16/2020,AUS,TX,ASW,CE,Combined TRACON& Tower with Radar,154,54,60,9,277,0,0,45,24,69,154,54,105,33,346,0,0,0,346
09/17/2020,AUS,TX,ASW,CE,Combined TRACON& Tower with Radar,186,48,62,8,304,0,0,33,7,40,186,48,95,15,344,0,0,0,344
09/18/2020,AUS,TX,ASW,CE,Combined TRACON& Tower with Radar,186,46,84,8,324,0,0,54,4,58,186,46,138,12,382,0,0,0,382
09/19/2020,AUS,TX,ASW,CE,Combined TRACON& Tower with Radar,161,26,51,25,263,0,0,40,5,45,161,26,91,30,308,0,0,0,308
09/20/2020,AUS,TX,ASW,CE,Combined TRACON& Tower with Radar,180,36,68,11,295,0,0,28,0,28,180,36,96,11,323,0,0,0,323
09/21/2020,AUS,TX,ASW,CE,Combined TRACON& Tower with Radar,174,36,55,3,268,0,0,0,0,0,174,36,55,3,268,0,0,0,268
09/22/2020,AUS,TX,ASW,CE,Combined TRACON& Tower with Radar,150,37,35,3,225,0,0,1,2,3,150,37,36,5,228,0,0,0,228
09/23/2020,AUS,TX,ASW,CE,Combined TRACON& Tower with Radar,160,41,61,4,266,0,0,17,12,29,160,41,78,16,295,0,0,0,295
09/24/2020,AUS,TX,ASW,CE,Combined TRACON& Tower with Radar,184,61,87,13,345,0,3,43,15,61,184,64,130,28,406,0,0,0,406
09/25/2020,AUS,TX,ASW,CE,Combined TRACON& Tower with Radar,190,39,63,15,307,0,0,66,8,74,190,39,129,23,381,0,0,0,381
09/26/2020,AUS,TX,ASW,CE,Combined TRACON& Tower with Radar,163,33,58,5,259,0,0,44,6,50,163,33,102,11,309,0,0,0,309
09/27/2020,AUS,TX,ASW,CE,Combined TRACON& Tower with Radar,182,34,62,5,283,0,0,29,2,31,182,34,91,7,314,0,0,0,314
09/28/2020,AUS,TX,ASW,CE,Combined TRACON& Tower with Radar,174,39,47,10,270,0,0,10,4,14,174,39,57,14,284,0,0,0,284
09/29/2020,AUS,TX,ASW,CE,Combined TRACON& Tower with Radar,152,35,60,4,251,0,0,59,5,64,152,35,119,9,315,0,0,0,315
09/30/2020,AUS,TX,ASW,CE,Combined TRACON& Tower with Radar,156,59,75,8,298,0,0,63,8,71,156,59,138,16,369,0,0,0,369
10/01/2020,AUS,TX,ASW,CE,Combined TRACON& Tower with Radar,190,54,78,7,329,0,1,48,5,54,190,55,126,12,383,0,0,0,383
10/02/2020,AUS,TX,ASW,CE,Combined TRACON& Tower with Radar,199,45,52,13,309,0,0,48,10,58,199,45,100,23,367,0,0,0,367
10/03/2020,AUS,TX,ASW,CE,Combined TRACON& Tower with Radar,162,37,45,17,261,0,3,48,3,54,162,40,93,20,315,0,0,0,315
10/04/2020,AUS,TX,ASW,CE,Combined TRACON& Tower with Radar,190,48,77,4,319,0,1,49,2,52,190,49,126,6,371,0,0,0,371
10/05/2020,AUS,TX,ASW,CE,Combined TRACON& Tower with Radar,195,39,48,5,287,0,3,47,2,52,195,42,95,7,339,0,0,0,339
10/06/2020,AUS,TX,ASW,CE,Combined TRACON& Tower with Radar,160,36,49,8,253,0,0,41,11,52,160,36,90,19,305,0,0,0,305
10/07/2020,AUS,TX,ASW,CE,Combined TRACON& Tower with Radar,162,41,53,12,268,0,0,58,18,76,162,41,111,30,344,0,0,0,344
10/08/2020,AUS,TX,ASW,CE,Combined TRACON& Tower with Radar,205,43,72,8,328,0,2,61,17,80,205,45,133,25,408,0,0,0,408
10/09/2020,AUS,TX,ASW,CE,Combined TRACON& Tower with Radar,206,38,90,4,338,0,1,33,7,41,206,39,123,11,379,0,0,0,379
10/10/2020,AUS,TX,ASW,CE,Combined TRACON& Tower with Radar,167,40,69,6,282,0,1,57,1,59,167,41,126,7,341,0,0,0,341
10/11/2020,AUS,TX,ASW,CE,Combined TRACON& Tower with Radar,194,48,75,1,318,0,0,26,1,27,194,48,101,2,345,0,0,0,345
10/12/2020,AUS,TX,ASW,CE,Combined TRACON& Tower with Radar,199,35,84,6,324,0,0,22,0,22,199,35,106,6,346,0,0,0,346
10/13/2020,AUS,TX,ASW,CE,Combined TRACON& Tower with Radar,164,42,67,7,280,0,0,56,18,74,164,42,123,25,354,0,0,0,354
10/14/2020,AUS,TX,ASW,CE,Combined TRACON& Tower with Radar,167,47,61,20,295,0,1,38,15,54,167,48,99,35,349,0,0,0,349
10/15/2020,AUS,TX,ASW,CE,Combined TRACON& Tower with Radar,203,59,87,18,367,0,0,23,16,39,203,59,110,34,406,0,0,0,406
10/16/2020,AUS,TX,ASW,CE,Combined TRACON& Tower with Radar,215,63,77,6,361,0,1,51,15,67,215,64,128,21,428,0,0,0,428
10/17/2020,AUS,TX,ASW,CE,Combined TRACON& Tower with Radar,163,40,58,6,267,0,0,6,5,11,163,40,64,11,278,0,0,0,278
10/18/2020,AUS,TX,ASW,CE,Combined TRACON& Tower with Radar,194,37,87,9,327,0,0,19,13,32,194,37,106,22,359,0,0,0,359
10/19/2020,AUS,TX,ASW,CE,Combined TRACON& Tower with Radar,196,33,62,18,309,0,0,28,11,39,196,33,90,29,348,0,0,0,348
10/20/2020,AUS,TX,ASW,CE,Combined TRACON& Tower with Radar,164,48,53,12,277,0,0,23,9,32,164,48,76,21,309,0,0,0,309
10/21/2020,AUS,TX,ASW,CE,Combined TRACON& Tower with Radar,163,43,73,10,289,0,0,37,7,44,163,43,110,17,333,0,0,0,333
10/22/2020,AUS,TX,ASW,CE,Combined TRACON& Tower with Radar,203,55,75,1,334,0,0,34,6,40,203,55,109,7,374,0,0,0,374
10/23/2020,AUS,TX,ASW,CE,Combined TRACON& Tower with Radar,220,51,87,8,366,0,2,8,6,16,220,53,95,14,382,0,0,0,382
10/24/2020,AUS,TX,ASW,CE,Combined TRACON& Tower with Radar,157,33,58,21,269,0,1,40,4,45,157,34,98,25,314,0,0,0,314
10/25/2020,AUS,TX,ASW,CE,Combined TRACON& Tower with Radar,187,44,107,15,353,0,0,26,2,28,187,44,133,17,381,0,0,0,381
10/26/2020,AUS,TX,ASW,CE,Combined TRACON& Tower with Radar,192,44,68,11,315,0,2,2,0,4,192,46,70,11,319,0,0,0,319
10/27/2020,AUS,TX,ASW,CE,Combined TRACON& Tower with Radar,160,40,63,8,271,0,0,0,0,0,160,40,63,8,271,0,0,0,271
10/28/2020,AUS,TX,ASW,CE,Combined TRACON& Tower with Radar,166,52,69,12,299,0,1,33,17,51,166,53,102,29,350,0,0,0,350
10/29/2020,AUS,TX,ASW,CE,Combined TRACON& Tower with Radar,196,60,72,22,350,0,4,24,9,37,196,64,96,31,387,0,0,0,387
10/30/2020,AUS,TX,ASW,CE,Combined TRACON& Tower with Radar,203,49,64,7,323,0,1,78,15,94,203,50,142,22,417,0,0,0,417
10/31/2020,AUS,TX,ASW,CE,Combined TRACON& Tower with Radar,143,33,31,4,211,0,0,50,8,58,143,33,81,12,269,0,0,0,269
11/01/2020,AUS,TX,ASW,CE,Combined TRACON& Tower with Radar,183,31,65,7,286,0,1,56,1,58,183,32,121,8,344,0,0,0,344
11/02/2020,AUS,TX,ASW,CE,Combined TRACON& Tower with Radar,194,25,58,20,297,0,1,40,5,46,194,26,98,25,343,0,0,0,343
11/03/2020,AUS,TX,ASW,CE,Combined TRACON& Tower with Radar,151,22,51,12,236,0,0,42,11,53,151,22,93,23,289,0,6,6,295
11/04/2020,AUS,TX,ASW,CE,Combined TRACON& Tower with Radar,152,42,79,17,290,0,1,52,13,66,152,43,131,30,356,0,0,0,356
11/05/2020,AUS,TX,ASW,CE,Combined TRACON& Tower with Radar,215,39,72,19,345,0,1,38,10,49,215,40,110,29,394,0,0,0,394
11/06/2020,AUS,TX,ASW,CE,Combined TRACON& Tower with Radar,222,36,68,14,340,0,0,36,5,41,222,36,104,19,381,0,0,0,381
11/07/2020,AUS,TX,ASW,CE,Combined TRACON& Tower with Radar,158,19,48,2,227,0,2,40,4,46,158,21,88,6,273,0,0,0,273
11/08/2020,AUS,TX,ASW,CE,Combined TRACON& Tower with Radar,217,44,81,1,343,0,0,19,0,19,217,44,100,1,362,0,0,0,362
11/09/2020,AUS,TX,ASW,CE,Combined TRACON& Tower with Radar,213,41,59,18,331,0,0,31,10,41,213,41,90,28,372,0,0,0,372
11/10/2020,AUS,TX,ASW,CE,Combined TRACON& Tower with Radar,141,51,54,12,258,0,0,27,19,46,141,51,81,31,304,0,0,0,304
11/11/2020,AUS,TX,ASW,CE,Combined TRACON& Tower with Radar,160,57,67,3,287,0,0,55,1,56,160,57,122,4,343,0,0,0,343
11/12/2020,AUS,TX,ASW,CE,Combined TRACON& Tower with Radar,215,69,52,14,350,0,0,44,15,59,215,69,96,29,409,0,0,0,409
11/13/2020,AUS,TX,ASW,CE,Combined TRACON& Tower with Radar,218,51,96,13,378,0,0,32,5,37,218,51,128,18,415,0,0,0,415
11/14/2020,AUS,TX,ASW,CE,Combined TRACON& Tower with Radar,160,27,55,18,260,0,0,26,6,32,160,27,81,24,292,0,0,0,292
11/15/2020,AUS,TX,ASW,CE,Combined TRACON& Tower with Radar,211,48,72,9,340,0,1,23,4,28,211,49,95,13,368,0,0,0,368
11/16/2020,AUS,TX,ASW,CE,Combined TRACON& Tower with Radar,209,38,74,7,328,1,1,51,6,59,210,39,125,13,387,0,0,0,387
11/17/2020,AUS,TX,ASW,CE,Combined TRACON& Tower with Radar,139,45,50,7,241,0,1,53,6,60,139,46,103,13,301,0,0,0,301
11/18/2020,AUS,TX,ASW,CE,Combined TRACON& Tower with Radar,163,45,73,8,289,0,0,46,15,61,163,45,119,23,350,0,0,0,350
11/19/2020,AUS,TX,ASW,CE,Combined TRACON& Tower with Radar,220,46,99,2,367,0,0,36,12,48,220,46,135,14,415,0,0,0,415
11/20/2020,AUS,TX,ASW,CE,Combined TRACON& Tower with Radar,241,68,82,10,401,0,0,37,12,49,241,68,119,22,450,0,0,0,450
11/21/2020,AUS,TX,ASW,CE,Combined TRACON& Tower with Radar,230,53,59,8,350,0,0,29,0,29,230,53,88,8,379,0,0,0,379
11/22/2020,AUS,TX,ASW,CE,Combined TRACON& Tower with Radar,217,33,50,8,308,0,0,20,0,20,217,33,70,8,328,0,0,0,328
11/23/2020,AUS,TX,ASW,CE,Combined TRACON& Tower with Radar,243,33,48,6,330,0,0,25,11,36,243,33,73,17,366,0,0,0,366
11/24/2020,AUS,TX,ASW,CE,Combined TRACON& Tower with Radar,255,67,67,6,395,0,2,10,7,19,255,69,77,13,414,0,0,0,414
11/25/2020,AUS,TX,ASW,CE,Combined TRACON& Tower with Radar,262,34,70,2,368,0,1,38,5,44,262,35,108,7,412,0,0,0,412
11/26/2020,AUS,TX,ASW,CE,Combined TRACON& Tower with Radar,119,14,15,0,148,0,0,13,0,13,119,14,28,0,161,0,0,0,161
11/27/2020,AUS,TX,ASW,CE,Combined TRACON& Tower with Radar,206,46,69,1,322,0,0,0,0,0,206,46,69,1,322,0,0,0,322
11/28/2020,AUS,TX,ASW,CE,Combined TRACON& Tower with Radar,258,48,43,0,349,0,0,0,0,0,258,48,43,0,349,0,0,0,349
11/29/2020,AUS,TX,ASW,CE,Combined TRACON& Tower with Radar,276,45,101,0,422,0,0,9,1,10,276,45,110,1,432,0,0,0,432
11/30/2020,AUS,TX,ASW,CE,Combined TRACON& Tower with Radar,258,38,55,3,354,0,4,35,3,42,258,42,90,6,396,0,0,0,396
12/01/2020,AUS,TX,ASW,CE,Combined TRACON& Tower with Radar,203,54,54,13,324,0,4,38,9,51,203,58,92,22,375,0,0,0,375
12/02/2020,AUS,TX,ASW,CE,Combined TRACON& Tower with Radar,157,39,59,14,269,0,0,22,18,40,157,39,81,32,309,0,0,0,309
12/03/2020,AUS,TX,ASW,CE,Combined TRACON& Tower with Radar,181,55,72,13,321,0,1,37,19,57,181,56,109,32,378,0,0,0,378
12/04/2020,AUS,TX,ASW,CE,Combined TRACON& Tower with Radar,196,48,68,8,320,0,0,72,10,82,196,48,140,18,402,0,0,0,402
12/05/2020,AUS,TX,ASW,CE,Combined TRACON& Tower with Radar,148,34,40,1,223,0,2,53,0,55,148,36,93,1,278,0,0,0,278
12/06/2020,AUS,TX,ASW,CE,Combined TRACON& Tower with Radar,182,34,50,7,273,0,1,60,1,62,182,35,110,8,335,0,0,0,335
12/07/2020,AUS,TX,ASW,CE,Combined TRACON& Tower with Radar,185,25,63,10,283,0,1,44,5,50,185,26,107,15,333,0,0,0,333
12/08/2020,AUS,TX,ASW,CE,Combined TRACON& Tower with Radar,137,43,65,4,249,0,0,63,10,73,137,43,128,14,322,0,0,0,322
12/09/2020,AUS,TX,ASW,CE,Combined TRACON& Tower with Radar,147,45,64,7,263,0,1,76,25,102,147,46,140,32,365,0,0,0,365
12/10/2020,AUS,TX,ASW,CE,Combined TRACON& Tower with Radar,185,59,95,10,349,0,2,51,12,65,185,61,146,22,414,0,0,0,414
12/11/2020,AUS,TX,ASW,CE,Combined TRACON& Tower with Radar,193,37,58,6,294,0,2,16,3,21,193,39,74,9,315,0,0,0,315
12/12/2020,AUS,TX,ASW,CE,Combined TRACON& Tower with Radar,146,36,35,6,223,0,3,59,1,63,146,39,94,7,286,0,0,0,286
12/13/2020,AUS,TX,ASW,CE,Combined TRACON& Tower with Radar,189,37,48,5,279,0,0,3,0,3,189,37,51,5,282,0,0,0,282
12/14/2020,AUS,TX,ASW,CE,Combined TRACON& Tower with Radar,183,32,48,10,273,0,0,32,12,44,183,32,80,22,317,0,0,0,317
12/15/2020,AUS,TX,ASW,CE,Combined TRACON& Tower with Radar,136,35,73,9,253,0,3,13,12,28,136,38,86,21,281,0,0,0,281
12/16/2020,AUS,TX,ASW,CE,Combined TRACON& Tower with Radar,154,61,87,18,320,0,2,60,23,85,154,63,147,41,405,0,0,0,405
12/17/2020,AUS,TX,ASW,CE,Combined TRACON& Tower with Radar,213,48,91,7,359,0,1,45,10,56,213,49,136,17,415,0,0,0,415
12/18/2020,AUS,TX,ASW,CE,Combined TRACON& Tower with Radar,228,73,104,5,410,0,0,38,9,47,228,73,142,14,457,0,0,0,457
12/19/2020,AUS,TX,ASW,CE,Combined TRACON& Tower with Radar,241,47,51,1,340,0,0,14,3,17,241,47,65,4,357,0,0,0,357
12/20/2020,AUS,TX,ASW,CE,Combined TRACON& Tower with Radar,230,36,65,1,332,0,0,44,2,46,230,36,109,3,378,0,0,0,378
12/21/2020,AUS,TX,ASW,CE,Combined TRACON& Tower with Radar,235,47,57,7,346,0,1,40,10,51,235,48,97,17,397,0,0,0,397
12/22/2020,AUS,TX,ASW,CE,Combined TRACON& Tower with Radar,227,60,74,8,369,0,2,30,9,41,227,62,104,17,410,0,0,0,410
12/23/2020,AUS,TX,ASW,CE,Combined TRACON& Tower with Radar,261,65,89,1,416,0,0,9,4,13,261,65,98,5,429,0,0,0,429
12/24/2020,AUS,TX,ASW,CE,Combined TRACON& Tower with Radar,154,23,35,0,212,0,0,22,0,22,154,23,57,0,234,0,0,0,234
12/25/2020,AUS,TX,ASW,CE,Combined TRACON& Tower with Radar,127,29,21,0,177,0,0,14,0,14,127,29,35,0,191,0,0,0,191
12/26/2020,AUS,TX,ASW,CE,Combined TRACON& Tower with Radar,222,67,78,0,367,0,0,41,0,41,222,67,119,0,408,0,0,0,408
12/27/2020,AUS,TX,ASW,CE,Combined TRACON& Tower with Radar,260,43,95,0,398,0,0,27,2,29,260,43,122,2,427,0,0,0,427
12/28/2020,AUS,TX,ASW,CE,Combined TRACON& Tower with Radar,215,46,71,3,335,0,0,11,3,14,215,46,82,6,349,0,0,0,349
12/29/2020,AUS,TX,ASW,CE,Combined TRACON& Tower with Radar,227,64,63,0,354,0,1,10,16,27,227,65,73,16,381,0,0,0,381
12/30/2020,AUS,TX,ASW,CE,Combined TRACON& Tower with Radar,238,38,62,0,338,0,0,0,0,0,238,38,62,0,338,0,0,0,338
12/31/2020,AUS,TX,ASW,CE,Combined TRACON& Tower with Radar,157,27,24,0,208,0,0,0,0,0,157,27,24,0,208,0,0,0,208
01/01/2021,AUS,TX,ASW,CE,Combined TRACON& Tower with Radar,151,26,45,0,222,0,3,26,1,30,151,29,71,1,252,0,0,0,252
01/02/2021,AUS,TX,ASW,CE,Combined TRACON& Tower with Radar,234,52,83,0,369,0,0,39,0,39,234,52,122,0,408,0,0,0,408
01/03/2021,AUS,TX,ASW,CE,Combined TRACON& Tower with Radar,263,47,104,0,414,0,1,54,0,55,263,48,158,0,469,0,0,0,469
01/04/2021,AUS,TX,ASW,CE,Combined TRACON& Tower with Radar,216,57,67,1,341,1,0,39,7,47,217,57,106,8,388,0,0,0,388
01/05/2021,AUS,TX,ASW,CE,Combined TRACON& Tower with Radar,179,39,41,3,262,0,0,60,12,72,179,39,101,15,334,0,0,0,334
01/06/2021,AUS,TX,ASW,CE,Combined TRACON& Tower with Radar,184,42,56,0,282,0,0,13,6,19,184,42,69,6,301,0,0,0,301
01/07/2021,AUS,TX,ASW,CE,Combined TRACON& Tower with Radar,186,56,61,5,308,0,0,54,7,61,186,56,115,12,369,0,0,0,369
01/08/2021,AUS,TX,ASW,CE,Combined TRACON& Tower with Radar,192,54,49,10,305,0,2,52,10,64,192,56,101,20,369,0,0,0,369
01/09/2021,AUS,TX,ASW,CE,Combined TRACON& Tower with Radar,148,29,48,3,228,0,0,51,15,66,148,29,99,18,294,0,0,0,294
01/10/2021,AUS,TX,ASW,CE,Combined TRACON& Tower with Radar,169,25,35,0,229,0,0,0,1,1,169,25,35,1,230,0,0,0,230
01/11/2021,AUS,TX,ASW,CE,Combined TRACON& Tower with Radar,183,44,75,11,313,0,2,20,5,27,183,46,95,16,340,0,0,0,340
01/12/2021,AUS,TX,ASW,CE,Combined TRACON& Tower with Radar,150,42,58,6,256,0,0,48,13,61,150,42,106,19,317,0,0,0,317
01/13/2021,AUS,TX,ASW,CE,Combined TRACON& Tower with Radar,149,62,82,14,307,0,0,47,18,65,149,62,129,32,372,0,0,0,372
01/14/2021,AUS,TX,ASW,CE,Combined TRACON& Tower with Radar,188,52,78,7,325,0,1,36,14,51,188,53,114,21,376,0,0,0,376
01/15/2021,AUS,TX,ASW,CE,Combined TRACON& Tower with Radar,193,54,66,9,322,0,2,39,12,53,193,56,105,21,375,0,0,0,375
01/16/2021,AUS,TX,ASW,CE,Combined TRACON& Tower with Radar,149,33,50,3,235,0,0,61,5,66,149,33,111,8,301,0,0,0,301
01/17/2021,AUS,TX,ASW,CE,Combined TRACON& Tower with Radar,179,42,43,5,269,0,0,45,2,47,179,42,88,7,316,0,0,0,316
01/18/2021,AUS,TX,ASW,CE,Combined TRACON& Tower with Radar,181,46,74,0,301,0,0,22,4,26,181,46,96,4,327,0,0,0,327
01/19/2021,AUS,TX,ASW,CE,Combined TRACON& Tower with Radar,153,43,65,2,263,0,0,0,1,1,153,43,65,3,264,0,0,0,264
01/20/2021,AUS,TX,ASW,CE,Combined TRACON& Tower with Radar,149,56,61,0,266,0,0,0,0,0,149,56,61,0,266,14,4,18,284
01/21/2021,AUS,TX,ASW,CE,Combined TRACON& Tower with Radar,187,51,68,5,311,0,0,18,9,27,187,51,86,14,338,0,0,0,338
01/22/2021,AUS,TX,ASW,CE,Combined TRACON& Tower with Radar,188,44,84,16,332,0,0,37,9,46,188,44,121,25,378,0,0,0,378
01/23/2021,AUS,TX,ASW,CE,Combined TRACON& Tower with Radar,147,44,54,1,246,0,0,4,0,4,147,44,58,1,250,0,0,0,250
01/24/2021,AUS,TX,ASW,CE,Combined TRACON& Tower with Radar,184,24,50,7,265,0,0,0,0,0,184,24,50,7,265,0,0,0,265
01/25/2021,AUS,TX,ASW,CE,Combined TRACON& Tower with Radar,178,27,68,18,291,0,0,38,7,45,178,27,106,25,336,0,0,0,336
01/26/2021,AUS,TX,ASW,CE,Combined TRACON& Tower with Radar,144,51,63,12,270,0,0,61,7,68,144,51,124,19,338,0,0,0,338
01/27/2021,AUS,TX,ASW,CE,Combined TRACON& Tower with Radar,144,49,77,8,278,0,0,55,13,68,144,49,132,21,346,0,0,0,346
01/28/2021,AUS,TX,ASW,CE,Combined TRACON& Tower with Radar,184,48,93,17,342,0,0,57,17,74,184,48,150,34,416,0,0,0,416
01/29/2021,AUS,TX,ASW,CE,Combined TRACON& Tower with Radar,183,53,72,12,320,0,2,36,17,55,183,55,108,29,375,0,0,0,375
01/30/2021,AUS,TX,ASW,CE,Combined TRACON& Tower with Radar,170,41,57,2,270,0,1,24,1,26,170,42,81,3,296,0,0,0,296
01/31/2021,AUS,TX,ASW,CE,Combined TRACON& Tower with Radar,176,43,86,7,312,0,1,59,4,64,176,44,145,11,376,0,0,0,376
02/01/2021,AUS,TX,ASW,CE,Combined TRACON& Tower with Radar,169,48,49,10,276,0,1,37,4,42,169,49,86,14,318,0,0,0,318
02/02/2021,AUS,TX,ASW,CE,Combined TRACON& Tower with Radar,150,44,59,7,260,0,0,48,15,63,150,44,107,22,323,6,0,6,329
02/03/2021,AUS,TX,ASW,CE,Combined TRACON& Tower with Radar,149,72,75,8,304,0,0,33,19,52,149,72,108,27,356,0,0,0,356
02/04/2021,AUS,TX,ASW,CE,Combined TRACON& Tower with Radar,191,55,88,5,339,0,3,34,12,49,191,58,122,17,388,0,0,0,388
02/05/2021,AUS,TX,ASW,CE,Combined TRACON& Tower with Radar,200,37,77,16,330,0,0,32,10,42,200,37,109,26,372,0,0,0,372
02/06/2021,AUS,TX,ASW,CE,Combined TRACON& Tower with Radar,153,30,47,11,241,0,0,22,0,22,153,30,69,11,263,0,0,0,263
02/07/2021,AUS,TX,ASW,CE,Combined TRACON& Tower with Radar,176,39,54,10,279,0,0,43,3,46,176,39,97,13,325,0,0,0,325
02/08/2021,AUS,TX,ASW,CE,Combined TRACON& Tower with Radar,183,52,68,14,317,0,0,17,4,21,183,52,85,18,338,0,0,0,338
02/09/2021,AUS,TX,ASW,CE,Combined TRACON& Tower with Radar,154,69,69,7,299,0,0,13,14,27,154,69,82,21,326,0,0,0,326
02/10/2021,AUS,TX,ASW,CE,Combined TRACON& Tower with Radar,154,56,102,6,318,0,0,0,0,0,154,56,102,6,318,0,0,0,318
02/11/2021,AUS,TX,ASW,CE,Combined TRACON& Tower with Radar,200,40,61,1,302,0,0,0,0,0,200,40,61,1,302,0,0,0,302
02/12/2021,AUS,TX,ASW,CE,Combined TRACON& Tower with Radar,221,46,84,4,355,0,0,2,5,7,221,46,86,9,362,0,0,0,362
02/13/2021,AUS,TX,ASW,CE,Combined TRACON& Tower with Radar,142,27,33,1,203,0,0,0,0,0,142,27,33,1,203,0,0,0,203
02/14/2021,AUS,TX,ASW,CE,Combined TRACON& Tower with Radar,67,5,18,0,90,0,0,0,0,0,67,5,18,0,90,0,0,0,90
02/15/2021,AUS,TX,ASW,CE,Combined TRACON& Tower with Radar,0,0,0,0,0,0,0,0,0,0,0,0,0,0,0,0,0,0,0
02/16/2021,AUS,TX,ASW,CE,Combined TRACON& Tower with Radar,0,0,0,0,0,0,0,1,0,1,0,0,1,0,1,0,0,0,1
02/17/2021,AUS,TX,ASW,CE,Combined TRACON& Tower with Radar,8,16,17,0,41,0,0,0,0,0,8,16,17,0,41,0,0,0,41
02/18/2021,AUS,TX,ASW,CE,Combined TRACON& Tower with Radar,61,28,55,0,144,0,0,6,0,6,61,28,61,0,150,0,0,0,150
02/19/2021,AUS,TX,ASW,CE,Combined TRACON& Tower with Radar,178,69,87,3,337,0,1,18,9,28,178,70,105,12,365,0,0,0,365
02/20/2021,AUS,TX,ASW,CE,Combined TRACON& Tower with Radar,155,41,49,2,247,0,2,24,22,48,155,43,73,24,295,0,0,0,295
02/21/2021,AUS,TX,ASW,CE,Combined TRACON& Tower with Radar,198,38,46,6,288,0,0,19,20,39,198,38,65,26,327,0,0,0,327
02/22/2021,AUS,TX,ASW,CE,Combined TRACON& Tower with Radar,207,50,59,6,322,0,1,53,18,72,207,51,112,24,394,0,0,0,394
02/23/2021,AUS,TX,ASW,CE,Combined TRACON& Tower with Radar,160,75,97,11,343,0,0,51,22,73,160,75,148,33,416,0,0,0,416
02/24/2021,AUS,TX,ASW,CE,Combined TRACON& Tower with Radar,163,70,88,9,330,0,0,45,19,64,163,70,133,28,394,0,0,0,394
02/25/2021,AUS,TX,ASW,CE,Combined TRACON& Tower with Radar,215,69,100,8,392,0,0,0,1,1,215,69,100,9,393,0,0,0,393
02/26/2021,AUS,TX,ASW,CE,Combined TRACON& Tower with Radar,220,80,113,19,432,0,0,6,2,8,220,80,119,21,440,0,0,0,440
02/27/2021,AUS,TX,ASW,CE,Combined TRACON& Tower with Radar,149,50,64,9,272,0,1,11,3,15,149,51,75,12,287,0,0,0,287
02/28/2021,AUS,TX,ASW,CE,Combined TRACON& Tower with Radar,219,47,79,3,348,0,0,9,0,9,219,47,88,3,357,0,0,0,357
03/01/2021,AUS,TX,ASW,CE,Combined TRACON& Tower with Radar,210,59,76,1,346,0,0,7,2,9,210,59,83,3,355,0,0,0,355
03/02/2021,AUS,TX,ASW,CE,Combined TRACON& Tower with Radar,174,48,79,5,306,0,0,67,3,70,174,48,146,8,376,0,0,0,376
03/03/2021,AUS,TX,ASW,CE,Combined TRACON& Tower with Radar,182,72,95,13,362,0,0,96,16,112,182,72,191,29,474,0,0,0,474
03/04/2021,AUS,TX,ASW,CE,Combined TRACON& Tower with Radar,226,74,90,4,394,0,2,63,17,82,226,76,153,21,476,0,0,0,476
03/05/2021,AUS,TX,ASW,CE,Combined TRACON& Tower with Radar,243,54,119,17,433,0,0,31,7,38,243,54,150,24,471,0,0,0,471
03/06/2021,AUS,TX,ASW,CE,Combined TRACON& Tower with Radar,198,43,42,4,287,0,1,82,4,87,198,44,124,8,374,0,0,0,374
03/07/2021,AUS,TX,ASW,CE,Combined TRACON& Tower with Radar,250,76,86,2,414,0,1,79,0,80,250,77,165,2,494,0,0,0,494
03/08/2021,AUS,TX,ASW,CE,Combined TRACON& Tower with Radar,266,36,66,3,371,0,2,37,3,42,266,38,103,6,413,0,0,0,413
03/09/2021,AUS,TX,ASW,CE,Combined TRACON& Tower with Radar,202,50,82,5,339,0,0,16,15,31,202,50,98,20,370,0,0,0,370
03/10/2021,AUS,TX,ASW,CE,Combined TRACON& Tower with Radar,207,59,102,11,379,0,0,16,10,26,207,59,118,21,405,0,0,0,405
03/11/2021,AUS,TX,ASW,CE,Combined TRACON& Tower with Radar,275,68,118,5,466,0,0,9,17,26,275,68,127,22,492,0,0,0,492
03/12/2021,AUS,TX,ASW,CE,Combined TRACON& Tower with Radar,288,78,149,19,534,0,0,13,8,21,288,78,162,27,555,0,0,0,555
03/13/2021,AUS,TX,ASW,CE,Combined TRACON& Tower with Radar,245,73,81,7,406,0,0,8,6,14,245,73,89,13,420,0,0,0,420
03/14/2021,AUS,TX,ASW,CE,Combined TRACON& Tower with Radar,254,62,75,4,395,0,0,26,5,31,254,62,101,9,426,0,0,0,426
03/15/2021,AUS,TX,ASW,CE,Combined TRACON& Tower with Radar,291,74,89,8,462,0,2,49,4,55,291,76,138,12,517,0,0,0,517
03/16/2021,AUS,TX,ASW,CE,Combined TRACON& Tower with Radar,247,47,67,3,364,0,1,13,12,26,247,48,80,15,390,0,0,0,390
03/17/2021,AUS,TX,ASW,CE,Combined TRACON& Tower with Radar,242,53,75,4,374,0,0,35,8,43,242,53,110,12,417,0,0,0,417
03/18/2021,AUS,TX,ASW,CE,Combined TRACON& Tower with Radar,288,71,88,7,454,0,0,44,8,52,288,71,132,15,506,0,0,0,506
03/19/2021,AUS,TX,ASW,CE,Combined TRACON& Tower with Radar,296,77,99,2,474,0,0,67,10,77,296,77,166,12,551,0,0,0,551
03/20/2021,AUS,TX,ASW,CE,Combined TRACON& Tower with Radar,252,67,108,10,437,0,0,78,0,78,252,67,186,10,515,0,0,0,515
03/21/2021,AUS,TX,ASW,CE,Combined TRACON& Tower with Radar,283,97,130,15,525,0,3,48,0,51,283,100,178,15,576,0,0,0,576
03/22/2021,AUS,TX,ASW,CE,Combined TRACON& Tower with Radar,303,70,100,4,477,0,0,5,6,11,303,70,105,10,488,0,0,0,488
03/23/2021,AUS,TX,ASW,CE,Combined TRACON& Tower with Radar,263,54,79,5,401,0,3,53,5,61,263,57,132,10,462,0,0,0,462
03/24/2021,AUS,TX,ASW,CE,Combined TRACON& Tower with Radar,265,66,110,4,445,0,0,4,7,11,265,66,114,11,456,0,0,0,456
03/25/2021,AUS,TX,ASW,CE,Combined TRACON& Tower with Radar,288,63,100,8,459,0,2,48,8,58,288,65,148,16,517,0,0,0,517
03/26/2021,AUS,TX,ASW,CE,Combined TRACON& Tower with Radar,296,83,95,20,494,0,1,58,13,72,296,84,153,33,566,0,0,0,566
03/27/2021,AUS,TX,ASW,CE,Combined TRACON& Tower with Radar,255,59,80,17,411,0,0,29,7,36,255,59,109,24,447,0,0,0,447
03/28/2021,AUS,TX,ASW,CE,Combined TRACON& Tower with Radar,277,56,80,11,424,0,0,20,5,25,277,56,100,16,449,0,0,0,449
03/29/2021,AUS,TX,ASW,CE,Combined TRACON& Tower with Radar,289,35,67,9,400,0,1,56,5,62,289,36,123,14,462,0,0,0,462
03/30/2021,AUS,TX,ASW,CE,Combined TRACON& Tower with Radar,260,52,88,13,413,0,0,23,9,32,260,52,111,22,445,0,0,0,445
03/31/2021,AUS,TX,ASW,CE,Combined TRACON& Tower with Radar,261,57,113,21,452,0,1,21,15,37,261,58,134,36,489,0,0,0,489
04/01/2021,AUS,TX,ASW,CE,Combined TRACON& Tower with Radar,289,66,118,13,486,0,2,75,24,101,289,68,193,37,587,0,0,0,587
04/02/2021,AUS,TX,ASW,CE,Combined TRACON& Tower with Radar,305,54,104,6,469,0,4,58,7,69,305,58,162,13,538,0,0,0,538
04/03/2021,AUS,TX,ASW,CE,Combined TRACON& Tower with Radar,256,36,81,1,374,0,0,28,0,28,256,36,109,1,402,0,0,0,402
04/04/2021,AUS,TX,ASW,CE,Combined TRACON& Tower with Radar,283,52,82,0,417,0,0,30,0,30,283,52,112,0,447,0,0,0,447
04/05/2021,AUS,TX,ASW,CE,Combined TRACON& Tower with Radar,304,70,101,7,482,0,1,38,1,40,304,71,139,8,522,0,0,0,522
04/06/2021,AUS,TX,ASW,CE,Combined TRACON& Tower with Radar,264,72,94,7,437,0,0,8,8,16,264,72,102,15,453,0,0,0,453
04/07/2021,AUS,TX,ASW,CE,Combined TRACON& Tower with Radar,270,69,101,11,451,0,0,39,10,49,270,69,140,21,500,0,0,0,500
04/08/2021,AUS,TX,ASW,CE,Combined TRACON& Tower with Radar,305,77,113,4,499,0,0,50,18,68,305,77,163,22,567,0,0,0,567
04/09/2021,AUS,TX,ASW,CE,Combined TRACON& Tower with Radar,312,60,109,9,490,0,0,34,20,54,312,60,143,29,544,0,0,0,544
04/10/2021,AUS,TX,ASW,CE,Combined TRACON& Tower with Radar,270,35,64,12,381,0,1,48,14,63,270,36,112,26,444,0,0,0,444
04/11/2021,AUS,TX,ASW,CE,Combined TRACON& Tower with Radar,276,43,91,4,414,0,0,65,7,72,276,43,156,11,486,0,0,0,486
04/12/2021,AUS,TX,ASW,CE,Combined TRACON& Tower with Radar,312,57,87,4,460,0,2,19,6,27,312,59,106,10,487,0,0,0,487
04/13/2021,AUS,TX,ASW,CE,Combined TRACON& Tower with Radar,244,48,87,10,389,0,0,15,14,29,244,48,102,24,418,0,0,0,418
04/14/2021,AUS,TX,ASW,CE,Combined TRACON& Tower with Radar,240,75,103,6,424,0,1,13,7,21,240,76,116,13,445,0,0,0,445
04/15/2021,AUS,TX,ASW,CE,Combined TRACON& Tower with Radar,308,64,124,8,504,0,0,1,0,1,308,64,125,8,505,0,0,0,505
04/16/2021,AUS,TX,ASW,CE,Combined TRACON& Tower with Radar,318,56,101,3,478,0,0,0,0,0,318,56,101,3,478,0,0,0,478
04/17/2021,AUS,TX,ASW,CE,Combined TRACON& Tower with Radar,262,24,58,8,352,0,0,28,7,35,262,24,86,15,387,0,0,0,387
04/18/2021,AUS,TX,ASW,CE,Combined TRACON& Tower with Radar,290,47,89,11,437,0,3,75,9,87,290,50,164,20,524,0,0,0,524
04/19/2021,AUS,TX,ASW,CE,Combined TRACON& Tower with Radar,299,64,85,4,452,0,2,53,10,65,299,66,138,14,517,0,0,0,517
04/20/2021,AUS,TX,ASW,CE,Combined TRACON& Tower with Radar,243,49,115,2,409,0,0,51,13,64,243,49,166,15,473,0,0,0,473
04/21/2021,AUS,TX,ASW,CE,Combined TRACON& Tower with Radar,247,64,96,1,408,0,2,64,17,83,247,66,160,18,491,0,0,0,491
04/22/2021,AUS,TX,ASW,CE,Combined TRACON& Tower with Radar,305,69,128,8,510,0,0,26,10,36,305,69,154,18,546,0,0,0,546
04/23/2021,AUS,TX,ASW,CE,Combined TRACON& Tower with Radar,324,66,100,4,494,0,0,3,0,3,324,66,103,4,497,0,0,0,497
04/24/2021,AUS,TX,ASW,CE,Combined TRACON& Tower with Radar,264,55,53,3,375,0,2,66,3,71,264,57,119,6,446,0,0,0,446
04/25/2021,AUS,TX,ASW,CE,Combined TRACON& Tower with Radar,294,61,140,4,499,0,2,89,1,92,294,63,229,5,591,0,0,0,591
04/26/2021,AUS,TX,ASW,CE,Combined TRACON& Tower with Radar,301,49,63,1,414,0,0,31,4,35,301,49,94,5,449,0,0,0,449
04/27/2021,AUS,TX,ASW,CE,Combined TRACON& Tower with Radar,241,58,100,0,399,0,0,4,4,8,241,58,104,4,407,0,0,0,407
04/28/2021,AUS,TX,ASW,CE,Combined TRACON& Tower with Radar,243,87,81,2,413,0,0,13,12,25,243,87,94,14,438,0,0,0,438
04/29/2021,AUS,TX,ASW,CE,Combined TRACON& Tower with Radar,307,74,129,11,521,0,0,3,1,4,307,74,132,12,525,0,0,0,525
04/30/2021,AUS,TX,ASW,CE,Combined TRACON& Tower with Radar,312,60,78,2,452,0,0,0,4,4,312,60,78,6,456,0,0,0,456
05/01/2021,AUS,TX,ASW,CE,Combined TRACON& Tower with Radar,256,38,50,9,353,0,0,1,1,2,256,38,51,10,355,0,0,0,355
05/02/2021,AUS,TX,ASW,CE,Combined TRACON& Tower with Radar,294,53,125,2,474,0,0,56,4,60,294,53,181,6,534,0,0,0,534
05/03/2021,AUS,TX,ASW,CE,Combined TRACON& Tower with Radar,318,58,58,5,439,0,2,31,4,37,318,60,89,9,476,0,0,0,476
05/04/2021,AUS,TX,ASW,CE,Combined TRACON& Tower with Radar,241,42,83,6,372,0,2,36,11,49,241,44,119,17,421,0,0,0,421
05/05/2021,AUS,TX,ASW,CE,Combined TRACON& Tower with Radar,249,67,77,13,406,0,1,77,20,98,249,68,154,33,504,0,0,0,504
05/06/2021,AUS,TX,ASW,CE,Combined TRACON& Tower with Radar,305,110,119,2,536,0,6,80,16,102,305,116,199,18,638,0,0,0,638
05/07/2021,AUS,TX,ASW,CE,Combined TRACON& Tower with Radar,328,81,101,9,519,0,8,45,18,71,328,89,146,27,590,0,0,0,590
05/08/2021,AUS,TX,ASW,CE,Combined TRACON& Tower with Radar,286,44,70,2,402,0,0,23,3,26,286,44,93,5,428,0,0,0,428
05/09/2021,AUS,TX,ASW,CE,Combined TRACON& Tower with Radar,329,43,97,0,469,0,0,6,2,8,329,43,103,2,477,0,0,0,477
05/10/2021,AUS,TX,ASW,CE,Combined TRACON& Tower with Radar,349,53,97,5,504,0,0,3,1,4,349,53,100,6,508,0,0,0,508
05/11/2021,AUS,TX,ASW,CE,Combined TRACON& Tower with Radar,320,35,102,6,463,0,0,0,0,0,320,35,102,6,463,0,0,0,463
05/12/2021,AUS,TX,ASW,CE,Combined TRACON& Tower with Radar,305,66,92,8,471,0,2,12,16,30,305,68,104,24,501,0,0,0,501
05/13/2021,AUS,TX,ASW,CE,Combined TRACON& Tower with Radar,337,68,116,6,527,0,1,48,13,62,337,69,164,19,589,0,0,0,589
05/14/2021,AUS,TX,ASW,CE,Combined TRACON& Tower with Radar,350,66,104,19,539,0,1,59,9,69,350,67,163,28,608,0,0,0,608
05/15/2021,AUS,TX,ASW,CE,Combined TRACON& Tower with Radar,299,47,83,7,436,0,0,20,8,28,299,47,103,15,464,0,0,0,464
05/16/2021,AUS,TX,ASW,CE,Combined TRACON& Tower with Radar,325,66,88,2,481,0,0,10,4,14,325,66,98,6,495,0,0,0,495
05/17/2021,AUS,TX,ASW,CE,Combined TRACON& Tower with Radar,361,51,86,0,498,0,0,14,2,16,361,51,100,2,514,0,0,0,514
05/18/2021,AUS,TX,ASW,CE,Combined TRACON& Tower with Radar,313,42,63,4,422,0,0,6,3,9,313,42,69,7,431,0,0,0,431
05/19/2021,AUS,TX,ASW,CE,Combined TRACON& Tower with Radar,319,57,79,1,456,0,0,11,18,29,319,57,90,19,485,0,0,0,485
05/20/2021,AUS,TX,ASW,CE,Combined TRACON& Tower with Radar,346,81,99,6,532,0,2,42,6,50,346,83,141,12,582,0,0,0,582
05/21/2021,AUS,TX,ASW,CE,Combined TRACON& Tower with Radar,353,62,143,13,571,0,0,28,13,41,353,62,171,26,612,0,0,0,612
05/22/2021,AUS,TX,ASW,CE,Combined TRACON& Tower with Radar,300,41,71,7,419,0,1,9,2,12,300,42,80,9,431,0,0,0,431
05/23/2021,AUS,TX,ASW,CE,Combined TRACON& Tower with Radar,336,69,163,4,572,0,0,3,1,4,336,69,166,5,576,0,0,0,576
05/24/2021,AUS,TX,ASW,CE,Combined TRACON& Tower with Radar,361,52,72,3,488,1,2,4,4,11,362,54,76,7,499,0,0,0,499
05/25/2021,AUS,TX,ASW,CE,Combined TRACON& Tower with Radar,317,69,89,5,480,0,0,21,14,35,317,69,110,19,515,0,0,0,515
05/26/2021,AUS,TX,ASW,CE,Combined TRACON& Tower with Radar,316,85,117,10,528,0,1,49,18,68,316,86,166,28,596,0,0,0,596
05/27/2021,AUS,TX,ASW,CE,Combined TRACON& Tower with Radar,339,76,110,9,534,0,2,44,14,60,339,78,154,23,594,0,0,0,594
05/28/2021,AUS,TX,ASW,CE,Combined TRACON& Tower with Radar,363,69,80,3,515,0,0,23,3,26,363,69,103,6,541,0,0,0,541
05/29/2021,AUS,TX,ASW,CE,Combined TRACON& Tower with Radar,307,58,63,3,431,0,0,25,5,30,307,58,88,8,461,0,0,0,461
05/30/2021,AUS,TX,ASW,CE,Combined TRACON& Tower with Radar,323,27,55,2,407,0,0,17,5,22,323,27,72,7,429,0,0,0,429
05/31/2021,AUS,TX,ASW,CE,Combined TRACON& Tower with Radar,351,53,100,7,511,0,0,20,1,21,351,53,120,8,532,0,0,0,532
06/01/2021,AUS,TX,ASW,CE,Combined TRACON& Tower with Radar,320,41,85,22,468,0,0,20,8,28,320,41,105,30,496,0,0,0,496
06/02/2021,AUS,TX,ASW,CE,Combined TRACON& Tower with Radar,330,52,112,4,498,0,0,26,12,38,330,52,138,16,536,0,0,0,536
06/03/2021,AUS,TX,ASW,CE,Combined TRACON& Tower with Radar,358,57,118,0,533,0,0,4,10,14,358,57,122,10,547,0,0,0,547
06/04/2021,AUS,TX,ASW,CE,Combined TRACON& Tower with Radar,381,68,92,10,551,0,0,6,6,12,381,68,98,16,563,0,2,2,565
06/05/2021,AUS,TX,ASW,CE,Combined TRACON& Tower with Radar,323,37,73,3,436,0,0,6,4,10,323,37,79,7,446,0,0,0,446
06/06/2021,AUS,TX,ASW,CE,Combined TRACON& Tower with Radar,396,63,91,0,550,0,0,33,6,39,396,63,124,6,589,0,0,0,589
06/07/2021,AUS,TX,ASW,CE,Combined TRACON& Tower with Radar,413,58,108,8,587,0,1,19,8,28,413,59,127,16,615,6,0,6,621
06/08/2021,AUS,TX,ASW,CE,Combined TRACON& Tower with Radar,372,58,97,17,544,0,0,28,6,34,372,58,125,23,578,0,10,10,588
06/09/2021,AUS,TX,ASW,CE,Combined TRACON& Tower with Radar,385,58,93,19,555,0,0,37,22,59,385,58,130,41,614,0,10,10,624
06/10/2021,AUS,TX,ASW,CE,Combined TRACON& Tower with Radar,409,84,103,13,609,0,0,43,19,62,409,84,146,32,671,0,0,0,671
06/11/2021,AUS,TX,ASW,CE,Combined TRACON& Tower with Radar,415,54,92,13,574,0,0,49,7,56,415,54,141,20,630,0,0,0,630
06/12/2021,AUS,TX,ASW,CE,Combined TRACON& Tower with Radar,323,31,80,13,447,0,0,66,11,77,323,31,146,24,524,0,0,0,524
06/13/2021,AUS,TX,ASW,CE,Combined TRACON& Tower with Radar,393,56,78,2,529,0,0,40,0,40,393,56,118,2,569,0,0,0,569
06/14/2021,AUS,TX,ASW,CE,Combined TRACON& Tower with Radar,414,45,73,6,538,0,1,42,7,50,414,46,115,13,588,0,0,0,588
06/15/2021,AUS,TX,ASW,CE,Combined TRACON& Tower with Radar,370,49,82,11,512,0,1,47,11,59,370,50,129,22,571,0,0,0,571
06/16/2021,AUS,TX,ASW,CE,Combined TRACON& Tower with Radar,378,60,102,25,565,0,5,57,9,71,378,65,159,34,636,0,0,0,636
06/17/2021,AUS,TX,ASW,CE,Combined TRACON& Tower with Radar,410,94,108,10,622,1,1,76,9,87,411,95,184,19,709,0,0,0,709
06/18/2021,AUS,TX,ASW,CE,Combined TRACON& Tower with Radar,417,69,80,1,567,0,3,64,4,71,417,72,144,5,638,0,0,0,638
06/19/2021,AUS,TX,ASW,CE,Combined TRACON& Tower with Radar,333,39,69,7,448,0,4,50,2,56,333,43,119,9,504,0,0,0,504
06/20/2021,AUS,TX,ASW,CE,Combined TRACON& Tower with Radar,396,53,80,14,543,0,1,47,0,48,396,54,127,14,591,0,0,0,591
06/21/2021,AUS,TX,ASW,CE,Combined TRACON& Tower with Radar,423,52,85,11,571,0,0,37,4,41,423,52,122,15,612,0,0,0,612
06/22/2021,AUS,TX,ASW,CE,Combined TRACON& Tower with Radar,396,55,98,10,559,0,2,23,10,35,396,57,121,20,594,0,0,0,594
06/23/2021,AUS,TX,ASW,CE,Combined TRACON& Tower with Radar,389,63,99,5,556,0,0,48,23,71,389,63,147,28,627,0,0,0,627
06/24/2021,AUS,TX,ASW,CE,Combined TRACON& Tower with Radar,410,65,99,28,602,0,0,55,11,66,410,65,154,39,668,0,0,0,668
06/25/2021,AUS,TX,ASW,CE,Combined TRACON& Tower with Radar,416,75,96,25,612,0,0,33,4,37,416,75,129,29,649,0,0,0,649
06/26/2021,AUS,TX,ASW,CE,Combined TRACON& Tower with Radar,339,46,76,12,473,0,0,44,6,50,339,46,120,18,523,0,0,0,523
06/27/2021,AUS,TX,ASW,CE,Combined TRACON& Tower with Radar,391,63,97,5,556,0,0,14,2,16,391,63,111,7,572,0,0,0,572
06/28/2021,AUS,TX,ASW,CE,Combined TRACON& Tower with Radar,414,68,77,8,567,0,0,5,2,7,414,68,82,10,574,0,0,0,574
06/29/2021,AUS,TX,ASW,CE,Combined TRACON& Tower with Radar,396,70,81,5,552,0,1,8,7,16,396,71,89,12,568,0,8,8,576
06/30/2021,AUS,TX,ASW,CE,Combined TRACON& Tower with Radar,390,65,124,10,589,0,0,27,6,33,390,65,151,16,622,0,0,0,622
07/01/2021,AUS,TX,ASW,CE,Combined TRACON& Tower with Radar,449,85,105,11,650,0,0,50,13,63,449,85,155,24,713,0,0,0,713
07/02/2021,AUS,TX,ASW,CE,Combined TRACON& Tower with Radar,460,74,97,0,631,0,0,65,10,75,460,74,162,10,706,0,0,0,706
07/03/2021,AUS,TX,ASW,CE,Combined TRACON& Tower with Radar,334,37,35,0,406,0,1,7,0,8,334,38,42,0,414,0,0,0,414
07/04/2021,AUS,TX,ASW,CE,Combined TRACON& Tower with Radar,378,23,20,0,421,0,0,8,0,8,378,23,28,0,429,0,0,0,429
07/05/2021,AUS,TX,ASW,CE,Combined TRACON& Tower with Radar,426,50,75,0,551,0,0,3,0,3,426,50,78,0,554,0,0,0,554
07/06/2021,AUS,TX,ASW,CE,Combined TRACON& Tower with Radar,398,45,73,4,520,0,0,23,2,25,398,45,96,6,545,0,0,0,545
07/07/2021,AUS,TX,ASW,CE,Combined TRACON& Tower with Radar,398,64,89,7,558,0,0,24,7,31,398,64,113,14,589,0,0,0,589
07/08/2021,AUS,TX,ASW,CE,Combined TRACON& Tower with Radar,439,67,76,11,593,0,0,20,9,29,439,67,96,20,622,0,0,0,622
07/09/2021,AUS,TX,ASW,CE,Combined TRACON& Tower with Radar,435,51,86,4,576,0,0,0,0,0,435,51,86,4,576,0,0,0,576
07/10/2021,AUS,TX,ASW,CE,Combined TRACON& Tower with Radar,342,43,87,9,481,0,0,34,1,35,342,43,121,10,516,0,0,0,516
07/11/2021,AUS,TX,ASW,CE,Combined TRACON& Tower with Radar,413,45,90,8,556,0,2,41,0,43,413,47,131,8,599,0,0,0,599
07/12/2021,AUS,TX,ASW,CE,Combined TRACON& Tower with Radar,441,56,66,10,573,0,0,22,12,34,441,56,88,22,607,0,34,34,641
07/13/2021,AUS,TX,ASW,CE,Combined TRACON& Tower with Radar,411,72,82,10,575,0,0,31,14,45,411,72,113,24,620,0,0,0,620
07/14/2021,AUS,TX,ASW,CE,Combined TRACON& Tower with Radar,410,60,97,6,573,0,0,38,14,52,410,60,135,20,625,0,0,0,625
07/15/2021,AUS,TX,ASW,CE,Combined TRACON& Tower with Radar,434,64,92,9,599,0,2,52,19,73,434,66,144,28,672,0,0,0,672
07/16/2021,AUS,TX,ASW,CE,Combined TRACON& Tower with Radar,449,71,98,12,630,0,0,34,4,38,449,71,132,16,668,0,0,0,668
07/17/2021,AUS,TX,ASW,CE,Combined TRACON& Tower with Radar,344,49,68,9,470,0,0,45,6,51,344,49,113,15,521,6,0,6,527
07/18/2021,AUS,TX,ASW,CE,Combined TRACON& Tower with Radar,405,47,110,14,576,0,0,48,1,49,405,47,158,15,625,0,0,0,625
07/19/2021,AUS,TX,ASW,CE,Combined TRACON& Tower with Radar,444,34,86,12,576,0,0,25,5,30,444,34,111,17,606,0,0,0,606
07/20/2021,AUS,TX,ASW,CE,Combined TRACON& Tower with Radar,417,36,87,12,552,0,0,56,6,62,417,36,143,18,614,0,0,0,614
07/21/2021,AUS,TX,ASW,CE,Combined TRACON& Tower with Radar,406,40,103,8,557,0,0,52,18,70,406,40,155,26,627,0,0,0,627
07/22/2021,AUS,TX,ASW,CE,Combined TRACON& Tower with Radar,429,46,106,4,585,0,2,32,7,41,429,48,138,11,626,0,0,0,626
07/23/2021,AUS,TX,ASW,CE,Combined TRACON& Tower with Radar,438,63,100,10,611,0,0,45,8,53,438,63,145,18,664,0,0,0,664
07/24/2021,AUS,TX,ASW,CE,Combined TRACON& Tower with Radar,358,54,56,9,477,0,4,49,12,65,358,58,105,21,542,0,0,0,542
07/25/2021,AUS,TX,ASW,CE,Combined TRACON& Tower with Radar,418,47,66,10,541,0,1,47,7,55,418,48,113,17,596,0,0,0,596
07/26/2021,AUS,TX,ASW,CE,Combined TRACON& Tower with Radar,437,37,91,10,575,0,0,42,13,55,437,37,133,23,630,0,0,0,630
07/27/2021,AUS,TX,ASW,CE,Combined TRACON& Tower with Radar,406,53,80,9,548,0,0,59,14,73,406,53,139,23,621,0,0,0,621
07/28/2021,AUS,TX,ASW,CE,Combined TRACON& Tower with Radar,410,64,101,9,584,0,2,52,13,67,410,66,153,22,651,0,0,0,651
07/29/2021,AUS,TX,ASW,CE,Combined TRACON& Tower with Radar,437,73,99,5,614,0,0,50,13,63,437,73,149,18,677,0,0,0,677
07/30/2021,AUS,TX,ASW,CE,Combined TRACON& Tower with Radar,443,51,70,5,569,0,0,42,11,53,443,51,112,16,622,0,0,0,622
07/31/2021,AUS,TX,ASW,CE,Combined TRACON& Tower with Radar,352,61,67,3,483,0,0,35,1,36,352,61,102,4,519,0,0,0,519
08/01/2021,AUS,TX,ASW,CE,Combined TRACON& Tower with Radar,404,59,79,2,544,0,0,22,0,22,404,59,101,2,566,0,0,0,566
08/02/2021,AUS,TX,ASW,CE,Combined TRACON& Tower with Radar,411,55,80,8,554,0,0,9,0,9,411,55,89,8,563,0,0,0,563
08/03/2021,AUS,TX,ASW,CE,Combined TRACON& Tower with Radar,391,47,100,9,547,0,0,43,3,46,391,47,143,12,593,0,0,0,593
08/04/2021,AUS,TX,ASW,CE,Combined TRACON& Tower with Radar,397,40,122,9,568,0,1,75,11,87,397,41,197,20,655,0,0,0,655
08/05/2021,AUS,TX,ASW,CE,Combined TRACON& Tower with Radar,434,51,98,3,586,0,1,41,7,49,434,52,139,10,635,0,0,0,635
08/06/2021,AUS,TX,ASW,CE,Combined TRACON& Tower with Radar,440,55,84,1,580,0,0,26,17,43,440,55,110,18,623,0,0,0,623
08/07/2021,AUS,TX,ASW,CE,Combined TRACON& Tower with Radar,359,54,75,0,488,0,1,34,1,36,359,55,109,1,524,0,0,0,524
08/08/2021,AUS,TX,ASW,CE,Combined TRACON& Tower with Radar,424,68,102,0,594,0,1,32,2,35,424,69,134,2,629,0,0,0,629
08/09/2021,AUS,TX,ASW,CE,Combined TRACON& Tower with Radar,432,41,81,13,567,1,0,22,6,29,433,41,103,19,596,0,0,0,596
08/10/2021,AUS,TX,ASW,CE,Combined TRACON& Tower with Radar,403,65,96,16,580,0,1,38,6,45,403,66,134,22,625,0,0,0,625
08/11/2021,AUS,TX,ASW,CE,Combined TRACON& Tower with Radar,400,50,76,6,532,0,0,45,12,57,400,50,121,18,589,0,0,0,589
08/12/2021,AUS,TX,ASW,CE,Combined TRACON& Tower with Radar,436,47,118,17,618,0,0,46,1,47,436,47,164,18,665,0,0,0,665
08/13/2021,AUS,TX,ASW,CE,Combined TRACON& Tower with Radar,446,50,89,5,590,0,1,42,11,54,446,51,131,16,644,0,0,0,644
08/14/2021,AUS,TX,ASW,CE,Combined TRACON& Tower with Radar,379,27,54,7,467,0,0,38,2,40,379,27,92,9,507,0,0,0,507
08/15/2021,AUS,TX,ASW,CE,Combined TRACON& Tower with Radar,388,62,80,3,533,0,0,6,0,6,388,62,86,3,539,0,0,0,539
08/16/2021,AUS,TX,ASW,CE,Combined TRACON& Tower with Radar,453,55,80,11,599,0,3,38,4,45,453,58,118,15,644,0,0,0,644
08/17/2021,AUS,TX,ASW,CE,Combined TRACON& Tower with Radar,414,42,93,4,553,0,0,15,6,21,414,42,108,10,574,0,0,0,574
08/18/2021,AUS,TX,ASW,CE,Combined TRACON& Tower with Radar,412,49,100,2,563,0,1,18,10,29,412,50,118,12,592,0,0,0,592
08/19/2021,AUS,TX,ASW,CE,Combined TRACON& Tower with Radar,430,61,104,9,604,0,0,39,3,42,430,61,143,12,646,0,0,0,646
08/20/2021,AUS,TX,ASW,CE,Combined TRACON& Tower with Radar,441,54,74,15,584,0,3,41,11,55,441,57,115,26,639,0,0,0,639
08/21/2021,AUS,TX,ASW,CE,Combined TRACON& Tower with Radar,348,34,40,6,428,0,0,39,9,48,348,34,79,15,476,0,0,0,476
08/22/2021,AUS,TX,ASW,CE,Combined TRACON& Tower with Radar,410,45,72,6,533,0,0,45,3,48,410,45,117,9,581,0,0,0,581
08/23/2021,AUS,TX,ASW,CE,Combined TRACON& Tower with Radar,426,32,69,5,532,0,0,49,17,66,426,32,118,22,598,0,0,0,598
08/24/2021,AUS,TX,ASW,CE,Combined TRACON& Tower with Radar,394,57,94,8,553,0,0,43,13,56,394,57,137,21,609,0,0,0,609
08/25/2021,AUS,TX,ASW,CE,Combined TRACON& Tower with Radar,394,59,96,13,562,0,2,60,18,80,394,61,156,31,642,0,0,0,642
08/26/2021,AUS,TX,ASW,CE,Combined TRACON& Tower with Radar,433,58,95,8,594,0,2,29,21,52,433,60,124,29,646,0,0,0,646
08/27/2021,AUS,TX,ASW,CE,Combined TRACON& Tower with Radar,439,67,87,10,603,0,0,26,3,29,439,67,113,13,632,0,0,0,632
08/28/2021,AUS,TX,ASW,CE,Combined TRACON& Tower with Radar,359,39,55,13,466,0,1,34,10,45,359,40,89,23,511,0,0,0,511
08/29/2021,AUS,TX,ASW,CE,Combined TRACON& Tower with Radar,412,42,72,8,534,0,0,30,2,32,412,42,102,10,566,0,0,0,566
08/30/2021,AUS,TX,ASW,CE,Combined TRACON& Tower with Radar,428,37,85,4,554,0,1,27,4,32,428,38,112,8,586,0,0,0,586
08/31/2021,AUS,TX,ASW,CE,Combined TRACON& Tower with Radar,386,34,81,11,512,0,0,56,10,66,386,34,137,21,578,0,0,0,578
09/01/2021,AUS,TX,ASW,CE,Combined TRACON& Tower with Radar,385,52,100,6,543,0,0,43,8,51,385,52,143,14,594,0,0,0,594
09/02/2021,AUS,TX,ASW,CE,Combined TRACON& Tower with Radar,429,56,117,3,605,0,0,46,10,56,429,56,163,13,661,0,0,0,661
09/03/2021,AUS,TX,ASW,CE,Combined TRACON& Tower with Radar,456,83,109,5,653,0,2,48,5,55,456,85,157,10,708,0,0,0,708
09/04/2021,AUS,TX,ASW,CE,Combined TRACON& Tower with Radar,337,31,66,0,434,0,2,48,3,53,337,33,114,3,487,0,0,0,487
09/05/2021,AUS,TX,ASW,CE,Combined TRACON& Tower with Radar,382,29,56,1,468,0,3,40,2,45,382,32,96,3,513,0,0,0,513
09/06/2021,AUS,TX,ASW,CE,Combined TRACON& Tower with Radar,404,48,98,2,552,0,0,42,2,44,404,48,140,4,596,0,0,0,596
09/07/2021,AUS,TX,ASW,CE,Combined TRACON& Tower with Radar,381,47,71,8,507,0,3,56,14,73,381,50,127,22,580,0,0,0,580
09/08/2021,AUS,TX,ASW,CE,Combined TRACON& Tower with Radar,414,60,91,4,569,0,0,58,8,66,414,60,149,12,635,0,0,0,635
09/09/2021,AUS,TX,ASW,CE,Combined TRACON& Tower with Radar,449,66,120,10,645,0,0,75,4,79,449,66,195,14,724,0,0,0,724
09/10/2021,AUS,TX,ASW,CE,Combined TRACON& Tower with Radar,467,78,99,2,646,0,0,65,6,71,467,78,164,8,717,0,0,0,717
09/11/2021,AUS,TX,ASW,CE,Combined TRACON& Tower with Radar,369,35,60,6,470,0,0,51,3,54,369,35,111,9,524,0,0,0,524
09/12/2021,AUS,TX,ASW,CE,Combined TRACON& Tower with Radar,446,59,102,1,608,0,2,42,1,45,446,61,144,2,653,0,0,0,653
09/13/2021,AUS,TX,ASW,CE,Combined TRACON& Tower with Radar,456,37,64,10,567,0,0,9,3,12,456,37,73,13,579,0,0,0,579
09/14/2021,AUS,TX,ASW,CE,Combined TRACON& Tower with Radar,415,54,102,10,581,0,3,34,3,40,415,57,136,13,621,0,0,0,621
09/15/2021,AUS,TX,ASW,CE,Combined TRACON& Tower with Radar,423,60,94,6,583,0,1,51,7,59,423,61,145,13,642,0,0,0,642
09/16/2021,AUS,TX,ASW,CE,Combined TRACON& Tower with Radar,472,73,101,5,651,0,0,66,5,71,472,73,167,10,722,0,0,0,722
09/17/2021,AUS,TX,ASW,CE,Combined TRACON& Tower with Radar,475,71,104,6,656,0,2,54,9,65,475,73,158,15,721,0,0,0,721
09/18/2021,AUS,TX,ASW,CE,Combined TRACON& Tower with Radar,376,40,66,4,486,0,3,57,4,64,376,43,123,8,550,0,0,0,550
09/19/2021,AUS,TX,ASW,CE,Combined TRACON& Tower with Radar,448,79,97,3,627,0,1,65,2,68,448,80,162,5,695,0,0,0,695
09/20/2021,AUS,TX,ASW,CE,Combined TRACON& Tower with Radar,461,61,96,9,627,0,1,63,2,66,461,62,159,11,693,0,0,0,693
09/21/2021,AUS,TX,ASW,CE,Combined TRACON& Tower with Radar,412,48,105,8,573,0,0,29,7,36,412,48,134,15,609,0,0,0,609
09/22/2021,AUS,TX,ASW,CE,Combined TRACON& Tower with Radar,418,46,97,12,573,0,5,54,9,68,418,51,151,21,641,0,0,0,641
09/23/2021,AUS,TX,ASW,CE,Combined TRACON& Tower with Radar,445,80,140,7,672,0,0,59,6,65,445,80,199,13,737,0,0,0,737
09/24/2021,AUS,TX,ASW,CE,Combined TRACON& Tower with Radar,475,83,137,3,698,0,0,59,4,63,475,83,196,7,761,0,0,0,761
09/25/2021,AUS,TX,ASW,CE,Combined TRACON& Tower with Radar,375,55,109,0,539,0,3,55,0,58,375,58,164,0,597,0,0,0,597
09/26/2021,AUS,TX,ASW,CE,Combined TRACON& Tower with Radar,449,93,124,1,667,0,1,75,0,76,449,94,199,1,743,0,0,0,743
09/27/2021,AUS,TX,ASW,CE,Combined TRACON& Tower with Radar,461,77,100,7,645,0,1,49,10,60,461,78,149,17,705,0,0,0,705
09/28/2021,AUS,TX,ASW,CE,Combined TRACON& Tower with Radar,396,64,90,7,557,0,1,46,9,56,396,65,136,16,613,0,0,0,613
09/29/2021,AUS,TX,ASW,CE,Combined TRACON& Tower with Radar,451,72,123,9,655,0,2,32,4,38,451,74,155,13,693,0,0,0,693
09/30/2021,AUS,TX,ASW,CE,Combined TRACON& Tower with Radar,469,92,133,10,704,0,0,17,6,23,469,92,150,16,727,0,0,0,727
10/01/2021,AUS,TX,ASW,CE,Combined TRACON& Tower with Radar,473,76,127,3,679,0,0,15,7,22,473,76,142,10,701,0,0,0,701
10/02/2021,AUS,TX,ASW,CE,Combined TRACON& Tower with Radar,365,45,83,0,493,0,0,23,5,28,365,45,106,5,521,0,0,0,521
10/03/2021,AUS,TX,ASW,CE,Combined TRACON& Tower with Radar,454,89,121,0,664,0,0,35,0,35,454,89,156,0,699,0,0,0,699
10/04/2021,AUS,TX,ASW,CE,Combined TRACON& Tower with Radar,462,56,117,11,646,0,1,49,5,55,462,57,166,16,701,0,0,0,701
10/05/2021,AUS,TX,ASW,CE,Combined TRACON& Tower with Radar,417,52,101,10,580,0,1,43,11,55,417,53,144,21,635,0,0,0,635
10/06/2021,AUS,TX,ASW,CE,Combined TRACON& Tower with Radar,422,79,118,20,639,0,0,74,11,85,422,79,192,31,724,12,0,12,736
10/07/2021,AUS,TX,ASW,CE,Combined TRACON& Tower with Radar,490,93,165,5,753,0,1,60,21,82,490,94,225,26,835,0,0,0,835
10/08/2021,AUS,TX,ASW,CE,Combined TRACON& Tower with Radar,510,87,144,6,747,0,1,63,11,75,510,88,207,17,822,0,0,0,822
10/09/2021,AUS,TX,ASW,CE,Combined TRACON& Tower with Radar,363,65,92,0,520,0,0,53,6,59,363,65,145,6,579,0,0,0,579
10/10/2021,AUS,TX,ASW,CE,Combined TRACON& Tower with Radar,417,68,116,2,603,0,0,17,1,18,417,68,133,3,621,0,0,0,621
10/11/2021,AUS,TX,ASW,CE,Combined TRACON& Tower with Radar,500,76,118,4,698,0,0,48,4,52,500,76,166,8,750,0,0,0,750
10/12/2021,AUS,TX,ASW,CE,Combined TRACON& Tower with Radar,469,71,109,4,653,0,0,7,3,10,469,71,116,7,663,0,0,0,663
10/13/2021,AUS,TX,ASW,CE,Combined TRACON& Tower with Radar,458,52,125,3,638,0,0,24,2,26,458,52,149,5,664,0,0,0,664
10/14/2021,AUS,TX,ASW,CE,Combined TRACON& Tower with Radar,522,96,137,7,762,0,0,20,6,26,522,96,157,13,788,0,0,0,788
10/15/2021,AUS,TX,ASW,CE,Combined TRACON& Tower with Radar,524,82,137,7,750,0,0,37,6,43,524,82,174,13,793,0,0,0,793
10/16/2021,AUS,TX,ASW,CE,Combined TRACON& Tower with Radar,377,60,101,2,540,0,1,69,0,70,377,61,170,2,610,0,0,0,610
10/17/2021,AUS,TX,ASW,CE,Combined TRACON& Tower with Radar,477,87,158,2,724,0,3,70,2,75,477,90,228,4,799,10,0,10,809
10/18/2021,AUS,TX,ASW,CE,Combined TRACON& Tower with Radar,513,71,113,2,699,0,0,63,13,76,513,71,176,15,775,0,0,0,775
10/19/2021,AUS,TX,ASW,CE,Combined TRACON& Tower with Radar,477,72,118,1,668,0,0,73,9,82,477,72,191,10,750,0,0,0,750
10/20/2021,AUS,TX,ASW,CE,Combined TRACON& Tower with Radar,471,84,143,5,703,0,1,43,9,53,471,85,186,14,756,0,0,0,756
10/21/2021,AUS,TX,ASW,CE,Combined TRACON& Tower with Radar,497,142,196,6,841,0,2,58,10,70,497,144,254,16,911,0,0,0,911
10/22/2021,AUS,TX,ASW,CE,Combined TRACON& Tower with Radar,505,162,258,3,928,0,0,54,8,62,505,162,312,11,990,0,0,0,990
10/23/2021,AUS,TX,ASW,CE,Combined TRACON& Tower with Radar,382,96,114,4,596,0,0,35,12,47,382,96,149,16,643,0,0,0,643
10/24/2021,AUS,TX,ASW,CE,Combined TRACON& Tower with Radar,479,225,309,4,1017,0,2,36,9,47,479,227,345,13,1064,0,0,0,1064
10/25/2021,AUS,TX,ASW,CE,Combined TRACON& Tower with Radar,518,147,233,6,904,0,1,33,3,37,518,148,266,9,941,0,0,0,941
10/26/2021,AUS,TX,ASW,CE,Combined TRACON& Tower with Radar,478,88,134,6,706,0,0,23,19,42,478,88,157,25,748,0,0,0,748
10/27/2021,AUS,TX,ASW,CE,Combined TRACON& Tower with Radar,478,79,105,8,670,0,0,24,10,34,478,79,129,18,704,0,0,0,704
10/28/2021,AUS,TX,ASW,CE,Combined TRACON& Tower with Radar,498,65,124,10,697,0,0,23,12,35,498,65,147,22,732,0,0,0,732
10/29/2021,AUS,TX,ASW,CE,Combined TRACON& Tower with Radar,508,89,122,13,732,0,0,30,18,48,508,89,152,31,780,0,0,0,780
10/30/2021,AUS,TX,ASW,CE,Combined TRACON& Tower with Radar,362,51,61,0,474,0,0,53,14,67,362,51,114,14,541,0,0,0,541
10/31/2021,AUS,TX,ASW,CE,Combined TRACON& Tower with Radar,405,68,89,5,567,0,1,62,1,64,405,69,151,6,631,0,0,0,631
11/01/2021,AUS,TX,ASW,CE,Combined TRACON& Tower with Radar,488,53,101,23,665,0,0,52,5,57,488,53,153,28,722,0,0,0,722
11/02/2021,AUS,TX,ASW,CE,Combined TRACON& Tower with Radar,473,60,100,19,652,0,0,31,10,41,473,60,131,29,693,0,4,4,697
11/03/2021,AUS,TX,ASW,CE,Combined TRACON& Tower with Radar,497,83,86,3,669,0,0,0,0,0,497,83,86,3,669,0,0,0,669
11/04/2021,AUS,TX,ASW,CE,Combined TRACON& Tower with Radar,513,94,148,13,768,0,2,16,12,30,513,96,164,25,798,0,0,0,798
11/05/2021,AUS,TX,ASW,CE,Combined TRACON& Tower with Radar,540,79,102,4,725,0,0,62,8,70,540,79,164,12,795,0,0,0,795
11/06/2021,AUS,TX,ASW,CE,Combined TRACON& Tower with Radar,420,57,80,1,558,0,0,45,9,54,420,57,125,10,612,0,0,0,612
11/07/2021,AUS,TX,ASW,CE,Combined TRACON& Tower with Radar,487,87,118,3,695,0,2,55,5,62,487,89,173,8,757,0,0,0,757
11/08/2021,AUS,TX,ASW,CE,Combined TRACON& Tower with Radar,524,73,98,4,699,0,0,36,10,46,524,73,134,14,745,0,0,0,745
11/09/2021,AUS,TX,ASW,CE,Combined TRACON& Tower with Radar,470,56,104,7,637,0,0,53,2,55,470,56,157,9,692,0,0,0,692
11/10/2021,AUS,TX,ASW,CE,Combined TRACON& Tower with Radar,513,88,126,7,734,0,3,32,6,41,513,91,158,13,775,0,0,0,775
11/11/2021,AUS,TX,ASW,CE,Combined TRACON& Tower with Radar,518,104,119,5,746,0,3,54,7,64,518,107,173,12,810,0,0,0,810
11/12/2021,AUS,TX,ASW,CE,Combined TRACON& Tower with Radar,542,68,138,5,753,0,0,51,7,58,542,68,189,12,811,0,0,0,811
11/13/2021,AUS,TX,ASW,CE,Combined TRACON& Tower with Radar,422,56,75,0,553,0,0,53,2,55,422,56,128,2,608,0,0,0,608
11/14/2021,AUS,TX,ASW,CE,Combined TRACON& Tower with Radar,515,69,143,2,729,0,0,66,3,69,515,69,209,5,798,0,0,0,798
11/15/2021,AUS,TX,ASW,CE,Combined TRACON& Tower with Radar,535,56,125,3,719,0,0,28,3,31,535,56,153,6,750,0,0,0,750
11/16/2021,AUS,TX,ASW,CE,Combined TRACON& Tower with Radar,479,75,127,14,695,0,0,30,7,37,479,75,157,21,732,0,4,4,736
11/17/2021,AUS,TX,ASW,CE,Combined TRACON& Tower with Radar,494,100,144,8,746,0,0,41,20,61,494,100,185,28,807,0,0,0,807
11/18/2021,AUS,TX,ASW,CE,Combined TRACON& Tower with Radar,519,104,135,3,761,0,0,55,19,74,519,104,190,22,835,0,0,0,835
11/19/2021,AUS,TX,ASW,CE,Combined TRACON& Tower with Radar,532,110,128,6,776,0,0,72,12,84,532,110,200,18,860,0,0,0,860
11/20/2021,AUS,TX,ASW,CE,Combined TRACON& Tower with Radar,464,63,107,2,636,0,0,39,7,46,464,63,146,9,682,0,0,0,682
11/21/2021,AUS,TX,ASW,CE,Combined TRACON& Tower with Radar,520,70,119,3,712,0,1,24,0,25,520,71,143,3,737,0,0,0,737
11/22/2021,AUS,TX,ASW,CE,Combined TRACON& Tower with Radar,522,68,104,2,696,0,0,65,3,68,522,68,169,5,764,0,0,0,764
11/23/2021,AUS,TX,ASW,CE,Combined TRACON& Tower with Radar,516,74,108,2,700,0,0,66,9,75,516,74,174,11,775,0,0,0,775
11/24/2021,AUS,TX,ASW,CE,Combined TRACON& Tower with Radar,520,66,107,2,695,0,0,27,4,31,520,66,134,6,726,0,0,0,726
11/25/2021,AUS,TX,ASW,CE,Combined TRACON& Tower with Radar,337,32,22,0,391,0,0,2,0,2,337,32,24,0,393,0,0,0,393
11/26/2021,AUS,TX,ASW,CE,Combined TRACON& Tower with Radar,414,63,60,0,537,0,0,40,0,40,414,63,100,0,577,0,0,0,577
11/27/2021,AUS,TX,ASW,CE,Combined TRACON& Tower with Radar,492,74,120,0,686,0,0,3,0,3,492,74,123,0,689,0,0,0,689
11/28/2021,AUS,TX,ASW,CE,Combined TRACON& Tower with Radar,517,65,195,0,777,0,3,46,1,50,517,68,241,1,827,0,0,0,827
11/29/2021,AUS,TX,ASW,CE,Combined TRACON& Tower with Radar,530,66,106,2,704,0,2,47,5,54,530,68,153,7,758,0,0,0,758
11/30/2021,AUS,TX,ASW,CE,Combined TRACON& Tower with Radar,490,70,116,3,679,0,4,64,7,75,490,74,180,10,754,0,0,0,754
12/01/2021,AUS,TX,ASW,CE,Combined TRACON& Tower with Radar,487,71,109,2,669,0,2,62,16,80,487,73,171,18,749,0,0,0,749
12/02/2021,AUS,TX,ASW,CE,Combined TRACON& Tower with Radar,512,76,111,7,706,0,1,39,9,49,512,77,150,16,755,0,0,0,755
12/03/2021,AUS,TX,ASW,CE,Combined TRACON& Tower with Radar,512,58,103,5,678,0,0,25,4,29,512,58,128,9,707,0,0,0,707
12/04/2021,AUS,TX,ASW,CE,Combined TRACON& Tower with Radar,399,50,73,14,536,0,0,24,8,32,399,50,97,22,568,0,0,0,568
12/05/2021,AUS,TX,ASW,CE,Combined TRACON& Tower with Radar,486,67,110,14,677,0,0,16,4,20,486,67,126,18,697,0,6,6,703
12/06/2021,AUS,TX,ASW,CE,Combined TRACON& Tower with Radar,510,50,85,8,653,0,0,18,5,23,510,50,103,13,676,0,0,0,676
12/07/2021,AUS,TX,ASW,CE,Combined TRACON& Tower with Radar,453,69,115,3,640,0,2,51,7,60,453,71,166,10,700,0,0,0,700
12/08/2021,AUS,TX,ASW,CE,Combined TRACON& Tower with Radar,474,88,127,5,694,0,2,78,12,92,474,90,205,17,786,0,0,0,786
12/09/2021,AUS,TX,ASW,CE,Combined TRACON& Tower with Radar,512,80,127,4,723,0,0,35,17,52,512,80,162,21,775,4,0,4,779
12/10/2021,AUS,TX,ASW,CE,Combined TRACON& Tower with Radar,517,51,127,10,705,0,2,35,12,49,517,53,162,22,754,0,0,0,754
12/11/2021,AUS,TX,ASW,CE,Combined TRACON& Tower with Radar,401,41,65,7,514,0,0,36,9,45,401,41,101,16,559,0,0,0,559
12/12/2021,AUS,TX,ASW,CE,Combined TRACON& Tower with Radar,486,42,106,4,638,0,0,85,6,91,486,42,191,10,729,0,0,0,729
12/13/2021,AUS,TX,ASW,CE,Combined TRACON& Tower with Radar,513,49,114,6,682,0,1,17,4,22,513,50,131,10,704,0,0,0,704
12/14/2021,AUS,TX,ASW,CE,Combined TRACON& Tower with Radar,455,55,81,9,600,0,0,4,8,12,455,55,85,17,612,0,0,0,612
12/15/2021,AUS,TX,ASW,CE,Combined TRACON& Tower with Radar,462,80,95,16,653,0,0,42,4,46,462,80,137,20,699,0,0,0,699
12/16/2021,AUS,TX,ASW,CE,Combined TRACON& Tower with Radar,513,75,145,13,746,0,0,50,11,61,513,75,195,24,807,0,0,0,807
12/17/2021,AUS,TX,ASW,CE,Combined TRACON& Tower with Radar,520,76,140,11,747,0,0,29,3,32,520,76,169,14,779,0,0,0,779
12/18/2021,AUS,TX,ASW,CE,Combined TRACON& Tower with Radar,446,59,90,4,599,0,0,4,0,4,446,59,94,4,603,0,0,0,603
12/19/2021,AUS,TX,ASW,CE,Combined TRACON& Tower with Radar,488,54,77,7,626,0,0,51,1,52,488,54,128,8,678,0,0,0,678
12/20/2021,AUS,TX,ASW,CE,Combined TRACON& Tower with Radar,512,48,88,8,656,0,0,61,8,69,512,48,149,16,725,0,0,0,725
12/21/2021,AUS,TX,ASW,CE,Combined TRACON& Tower with Radar,479,57,101,11,648,0,1,77,13,91,479,58,178,24,739,0,0,0,739
12/22/2021,AUS,TX,ASW,CE,Combined TRACON& Tower with Radar,492,71,97,2,662,1,0,56,7,64,493,71,153,9,726,0,0,0,726
12/23/2021,AUS,TX,ASW,CE,Combined TRACON& Tower with Radar,500,64,88,6,658,0,1,24,2,27,500,65,112,8,685,0,0,0,685
12/24/2021,AUS,TX,ASW,CE,Combined TRACON& Tower with Radar,463,35,41,0,539,0,0,7,1,8,463,35,48,1,547,0,0,0,547
12/25/2021,AUS,TX,ASW,CE,Combined TRACON& Tower with Radar,360,29,20,0,409,0,0,11,0,11,360,29,31,0,420,0,0,0,420
12/26/2021,AUS,TX,ASW,CE,Combined TRACON& Tower with Radar,449,38,107,0,594,0,0,12,1,13,449,38,119,1,607,0,0,0,607
12/27/2021,AUS,TX,ASW,CE,Combined TRACON& Tower with Radar,481,53,111,0,645,0,1,17,0,18,481,54,128,0,663,0,0,0,663
12/28/2021,AUS,TX,ASW,CE,Combined TRACON& Tower with Radar,475,61,83,7,626,0,0,26,4,30,475,61,109,11,656,0,0,0,656
12/29/2021,AUS,TX,ASW,CE,Combined TRACON& Tower with Radar,486,58,96,4,644,0,0,21,9,30,486,58,117,13,674,0,0,0,674
12/30/2021,AUS,TX,ASW,CE,Combined TRACON& Tower with Radar,484,55,79,2,620,0,0,56,6,62,484,55,135,8,682,0,0,0,682
12/31/2021,AUS,TX,ASW,CE,Combined TRACON& Tower with Radar,436,36,48,0,520,0,0,13,0,13,436,36,61,0,533,0,0,0,533
01/01/2022,AUS,TX,ASW,CE,Combined TRACON& Tower with Radar,378,51,43,0,472,0,0,9,0,9,378,51,52,0,481,0,0,0,481
01/02/2022,AUS,TX,ASW,CE,Combined TRACON& Tower with Radar,442,52,107,0,601,0,0,15,0,15,442,52,122,0,616,0,0,0,616
01/03/2022,AUS,TX,ASW,CE,Combined TRACON& Tower with Radar,462,66,92,1,621,0,0,45,4,49,462,66,137,5,670,0,0,0,670
01/04/2022,AUS,TX,ASW,CE,Combined TRACON& Tower with Radar,434,67,89,0,590,0,0,26,5,31,434,67,115,5,621,0,0,0,621
01/05/2022,AUS,TX,ASW,CE,Combined TRACON& Tower with Radar,468,59,69,6,602,0,2,41,3,46,468,61,110,9,648,0,0,0,648
01/06/2022,AUS,TX,ASW,CE,Combined TRACON& Tower with Radar,447,56,76,11,590,0,0,60,11,71,447,56,136,22,661,0,0,0,661
01/07/2022,AUS,TX,ASW,CE,Combined TRACON& Tower with Radar,459,52,84,8,603,0,0,14,4,18,459,52,98,12,621,0,0,0,621
01/08/2022,AUS,TX,ASW,CE,Combined TRACON& Tower with Radar,382,49,49,4,484,0,0,0,0,0,382,49,49,4,484,0,0,0,484
01/09/2022,AUS,TX,ASW,CE,Combined TRACON& Tower with Radar,464,45,73,5,587,0,0,30,1,31,464,45,103,6,618,0,0,0,618
01/10/2022,AUS,TX,ASW,CE,Combined TRACON& Tower with Radar,470,46,66,12,594,0,0,28,5,33,470,46,94,17,627,0,0,0,627
01/11/2022,AUS,TX,ASW,CE,Combined TRACON& Tower with Radar,434,47,78,3,562,0,1,43,10,54,434,48,121,13,616,0,0,0,616
01/12/2022,AUS,TX,ASW,CE,Combined TRACON& Tower with Radar,475,56,87,13,631,0,0,49,12,61,475,56,136,25,692,0,0,0,692
01/13/2022,AUS,TX,ASW,CE,Combined TRACON& Tower with Radar,487,51,86,8,632,0,0,60,21,81,487,51,146,29,713,0,0,0,713
01/14/2022,AUS,TX,ASW,CE,Combined TRACON& Tower with Radar,492,61,98,5,656,0,0,54,7,61,492,61,152,12,717,0,0,0,717
01/15/2022,AUS,TX,ASW,CE,Combined TRACON& Tower with Radar,395,45,59,11,510,0,0,2,0,2,395,45,61,11,512,0,0,0,512
01/16/2022,AUS,TX,ASW,CE,Combined TRACON& Tower with Radar,408,40,81,1,530,0,1,67,0,68,408,41,148,1,598,0,0,0,598
01/17/2022,AUS,TX,ASW,CE,Combined TRACON& Tower with Radar,489,70,114,4,677,0,2,68,2,72,489,72,182,6,749,4,0,4,753
01/18/2022,AUS,TX,ASW,CE,Combined TRACON& Tower with Radar,461,78,88,19,646,0,0,47,10,57,461,78,135,29,703,0,0,0,703
01/19/2022,AUS,TX,ASW,CE,Combined TRACON& Tower with Radar,487,40,88,10,625,0,0,28,18,46,487,40,116,28,671,0,0,0,671
01/20/2022,AUS,TX,ASW,CE,Combined TRACON& Tower with Radar,483,46,92,0,621,0,0,8,2,10,483,46,100,2,631,0,0,0,631
01/21/2022,AUS,TX,ASW,CE,Combined TRACON& Tower with Radar,503,55,85,13,656,0,0,52,2,54,503,55,137,15,710,0,0,0,710
01/22/2022,AUS,TX,ASW,CE,Combined TRACON& Tower with Radar,388,49,41,14,492,0,0,43,8,51,388,49,84,22,543,0,0,0,543
01/23/2022,AUS,TX,ASW,CE,Combined TRACON& Tower with Radar,476,45,88,13,622,0,0,70,2,72,476,45,158,15,694,0,0,0,694
01/24/2022,AUS,TX,ASW,CE,Combined TRACON& Tower with Radar,496,41,62,0,599,0,0,0,0,0,496,41,62,0,599,0,0,0,599
01/25/2022,AUS,TX,ASW,CE,Combined TRACON& Tower with Radar,464,50,114,3,631,0,0,12,2,14,464,50,126,5,645,0,12,12,657
01/26/2022,AUS,TX,ASW,CE,Combined TRACON& Tower with Radar,469,53,104,10,636,0,0,65,13,78,469,53,169,23,714,0,0,0,714
01/27/2022,AUS,TX,ASW,CE,Combined TRACON& Tower with Radar,501,66,121,5,693,0,0,76,15,91,501,66,197,20,784,0,0,0,784
01/28/2022,AUS,TX,ASW,CE,Combined TRACON& Tower with Radar,497,54,92,10,653,0,2,68,2,72,497,56,160,12,725,0,0,0,725
01/29/2022,AUS,TX,ASW,CE,Combined TRACON& Tower with Radar,362,33,66,4,465,0,0,53,6,59,362,33,119,10,524,0,0,0,524
01/30/2022,AUS,TX,ASW,CE,Combined TRACON& Tower with Radar,471,50,117,10,648,0,0,63,1,64,471,50,180,11,712,0,0,0,712
01/31/2022,AUS,TX,ASW,CE,Combined TRACON& Tower with Radar,506,62,64,5,637,0,1,0,0,1,506,63,64,5,638,0,0,0,638
02/01/2022,AUS,TX,ASW,CE,Combined TRACON& Tower with Radar,471,52,89,10,622,0,0,24,5,29,471,52,113,15,651,0,0,0,651
02/02/2022,AUS,TX,ASW,CE,Combined TRACON& Tower with Radar,389,80,85,1,555,5,1,2,0,8,394,81,87,1,563,0,0,0,563
02/03/2022,AUS,TX,ASW,CE,Combined TRACON& Tower with Radar,41,11,20,0,72,0,0,0,0,0,41,11,20,0,72,0,0,0,72
02/04/2022,AUS,TX,ASW,CE,Combined TRACON& Tower with Radar,347,49,102,9,507,0,2,25,4,31,347,51,127,13,538,0,0,0,538
02/05/2022,AUS,TX,ASW,CE,Combined TRACON& Tower with Radar,339,41,48,12,440,0,1,50,13,64,339,42,98,25,504,0,0,0,504
02/06/2022,AUS,TX,ASW,CE,Combined TRACON& Tower with Radar,469,50,86,2,607,0,4,58,4,66,469,54,144,6,673,0,0,0,673
02/07/2022,AUS,TX,ASW,CE,Combined TRACON& Tower with Radar,501,66,93,6,666,0,1,72,5,78,501,67,165,11,744,0,0,0,744
02/08/2022,AUS,TX,ASW,CE,Combined TRACON& Tower with Radar,473,60,98,2,633,0,0,74,17,91,473,60,172,19,724,0,0,0,724
02/09/2022,AUS,TX,ASW,CE,Combined TRACON& Tower with Radar,482,62,98,8,650,0,0,60,22,82,482,62,158,30,732,0,0,0,732
02/10/2022,AUS,TX,ASW,CE,Combined TRACON& Tower with Radar,509,86,102,5,702,0,0,65,15,80,509,86,167,20,782,0,0,0,782
02/11/2022,AUS,TX,ASW,CE,Combined TRACON& Tower with Radar,514,73,84,13,684,0,2,59,7,68,514,75,143,20,752,0,0,0,752
02/12/2022,AUS,TX,ASW,CE,Combined TRACON& Tower with Radar,393,45,57,10,505,0,1,12,2,15,393,46,69,12,520,0,0,0,520
02/13/2022,AUS,TX,ASW,CE,Combined TRACON& Tower with Radar,471,66,77,4,618,0,1,56,2,59,471,67,133,6,677,0,0,0,677
02/14/2022,AUS,TX,ASW,CE,Combined TRACON& Tower with Radar,509,67,86,5,667,0,0,39,4,43,509,67,125,9,710,0,0,0,710
02/15/2022,AUS,TX,ASW,CE,Combined TRACON& Tower with Radar,476,76,82,11,645,0,0,44,6,50,476,76,126,17,695,0,0,0,695
02/16/2022,AUS,TX,ASW,CE,Combined TRACON& Tower with Radar,491,88,122,7,708,0,0,4,12,16,491,88,126,19,724,0,0,0,724
02/17/2022,AUS,TX,ASW,CE,Combined TRACON& Tower with Radar,481,85,152,10,728,0,0,35,15,50,481,85,187,25,778,0,0,0,778
02/18/2022,AUS,TX,ASW,CE,Combined TRACON& Tower with Radar,516,58,118,11,703,0,1,66,16,83,516,59,184,27,786,0,0,0,786
02/19/2022,AUS,TX,ASW,CE,Combined TRACON& Tower with Radar,421,45,69,6,541,0,1,60,2,63,421,46,129,8,604,0,0,0,604
02/20/2022,AUS,TX,ASW,CE,Combined TRACON& Tower with Radar,461,55,95,7,618,0,0,49,2,51,461,55,144,9,669,0,0,0,669
02/21/2022,AUS,TX,ASW,CE,Combined TRACON& Tower with Radar,505,49,131,4,689,0,0,8,0,8,505,49,139,4,697,0,0,0,697
02/22/2022,AUS,TX,ASW,CE,Combined TRACON& Tower with Radar,476,66,136,7,685,0,1,49,11,61,476,67,185,18,746,0,2,2,748
02/23/2022,AUS,TX,ASW,CE,Combined TRACON& Tower with Radar,440,61,81,9,591,0,0,0,0,0,440,61,81,9,591,0,0,0,591
02/24/2022,AUS,TX,ASW,CE,Combined TRACON& Tower with Radar,423,72,96,3,594,0,0,0,0,0,423,72,96,3,594,0,0,0,594
02/25/2022,AUS,TX,ASW,CE,Combined TRACON& Tower with Radar,492,82,84,24,682,0,0,15,11,26,492,82,99,35,708,0,0,0,708
02/26/2022,AUS,TX,ASW,CE,Combined TRACON& Tower with Radar,425,44,61,2,532,0,0,0,2,2,425,44,61,4,534,0,0,0,534
02/27/2022,AUS,TX,ASW,CE,Combined TRACON& Tower with Radar,484,55,100,4,643,0,0,59,7,66,484,55,159,11,709,0,0,0,709
02/28/2022,AUS,TX,ASW,CE,Combined TRACON& Tower with Radar,521,65,87,3,676,0,1,64,6,71,521,66,151,9,747,0,0,0,747
03/01/2022,AUS,TX,ASW,CE,Combined TRACON& Tower with Radar,478,75,105,3,661,1,0,63,17,81,479,75,168,20,742,0,0,0,742
03/02/2022,AUS,TX,ASW,CE,Combined TRACON& Tower with Radar,493,84,115,9,701,0,3,65,7,75,493,87,180,16,776,4,0,4,780
03/03/2022,AUS,TX,ASW,CE,Combined TRACON& Tower with Radar,499,88,161,14,762,0,2,56,5,63,499,90,217,19,825,0,0,0,825
03/04/2022,AUS,TX,ASW,CE,Combined TRACON& Tower with Radar,510,87,122,3,722,0,0,19,13,32,510,87,141,16,754,0,0,0,754
03/05/2022,AUS,TX,ASW,CE,Combined TRACON& Tower with Radar,400,71,91,5,567,0,0,30,13,43,400,71,121,18,610,0,0,0,610
03/06/2022,AUS,TX,ASW,CE,Combined TRACON& Tower with Radar,497,107,134,3,741,0,0,14,2,16,497,107,148,5,757,0,0,0,757
03/07/2022,AUS,TX,ASW,CE,Combined TRACON& Tower with Radar,516,66,86,8,676,0,0,28,4,32,516,66,114,12,708,6,0,6,714
03/08/2022,AUS,TX,ASW,CE,Combined TRACON& Tower with Radar,499,66,99,11,675,0,0,22,5,27,499,66,121,16,702,0,0,0,702
03/09/2022,AUS,TX,ASW,CE,Combined TRACON& Tower with Radar,491,74,127,7,699,0,1,72,14,87,491,75,199,21,786,0,0,0,786
03/10/2022,AUS,TX,ASW,CE,Combined TRACON& Tower with Radar,552,101,144,13,810,0,0,67,10,77,552,101,211,23,887,0,0,0,887
03/11/2022,AUS,TX,ASW,CE,Combined TRACON& Tower with Radar,568,116,157,5,846,0,0,9,5,14,568,116,166,10,860,0,0,0,860
03/12/2022,AUS,TX,ASW,CE,Combined TRACON& Tower with Radar,452,85,117,4,658,0,0,71,4,75,452,85,188,8,733,0,0,0,733
03/13/2022,AUS,TX,ASW,CE,Combined TRACON& Tower with Radar,515,68,116,7,706,0,0,52,0,52,515,68,168,7,758,0,0,0,758
03/14/2022,AUS,TX,ASW,CE,Combined TRACON& Tower with Radar,569,68,115,8,760,0,0,15,11,26,569,68,130,19,786,0,0,0,786
03/15/2022,AUS,TX,ASW,CE,Combined TRACON& Tower with Radar,548,56,85,6,695,0,2,45,13,60,548,58,130,19,755,0,0,0,755
03/16/2022,AUS,TX,ASW,CE,Combined TRACON& Tower with Radar,554,72,120,6,752,0,1,66,15,82,554,73,186,21,834,0,0,0,834
03/17/2022,AUS,TX,ASW,CE,Combined TRACON& Tower with Radar,573,79,98,4,754,0,0,15,7,22,573,79,113,11,776,0,0,0,776
03/18/2022,AUS,TX,ASW,CE,Combined TRACON& Tower with Radar,562,75,119,8,764,0,0,42,6,48,562,75,161,14,812,0,0,0,812
03/19/2022,AUS,TX,ASW,CE,Combined TRACON& Tower with Radar,479,85,114,3,681,0,0,73,0,73,479,85,187,3,754,0,0,0,754
03/20/2022,AUS,TX,ASW,CE,Combined TRACON& Tower with Radar,563,97,147,6,813,0,0,49,0,49,563,97,196,6,862,0,0,0,862
03/21/2022,AUS,TX,ASW,CE,Combined TRACON& Tower with Radar,454,74,64,7,599,0,0,0,2,2,454,74,64,9,601,0,0,0,601
03/22/2022,AUS,TX,ASW,CE,Combined TRACON& Tower with Radar,559,60,88,6,713,0,1,27,10,38,559,61,115,16,751,0,0,0,751
03/23/2022,AUS,TX,ASW,CE,Combined TRACON& Tower with Radar,554,72,127,6,759,0,3,53,9,65,554,75,180,15,824,0,0,0,824
03/24/2022,AUS,TX,ASW,CE,Combined TRACON& Tower with Radar,576,80,132,6,794,0,0,69,5,74,576,80,201,11,868,12,0,12,880
03/25/2022,AUS,TX,ASW,CE,Combined TRACON& Tower with Radar,576,95,144,3,818,0,4,82,8,94,576,99,226,11,912,0,0,0,912
03/26/2022,AUS,TX,ASW,CE,Combined TRACON& Tower with Radar,475,80,98,0,653,0,2,62,4,68,475,82,160,4,721,0,0,0,721
03/27/2022,AUS,TX,ASW,CE,Combined TRACON& Tower with Radar,546,101,172,2,821,0,2,48,6,56,546,103,220,8,877,0,0,0,877
03/28/2022,AUS,TX,ASW,CE,Combined TRACON& Tower with Radar,563,59,106,6,734,0,0,38,6,44,563,59,144,12,778,0,0,0,778
03/29/2022,AUS,TX,ASW,CE,Combined TRACON& Tower with Radar,557,54,116,8,735,0,1,17,7,25,557,55,133,15,760,0,0,0,760
03/30/2022,AUS,TX,ASW,CE,Combined TRACON& Tower with Radar,550,78,96,2,726,0,0,26,9,35,550,78,122,11,761,0,0,0,761
03/31/2022,AUS,TX,ASW,CE,Combined TRACON& Tower with Radar,556,81,127,8,772,0,7,110,19,136,556,88,237,27,908,0,0,0,908
04/01/2022,AUS,TX,ASW,CE,Combined TRACON& Tower with Radar,560,86,119,9,774,0,3,47,10,60,560,89,166,19,834,0,0,0,834
04/02/2022,AUS,TX,ASW,CE,Combined TRACON& Tower with Radar,426,69,63,8,566,0,8,55,4,67,426,77,118,12,633,0,0,0,633
04/03/2022,AUS,TX,ASW,CE,Combined TRACON& Tower with Radar,529,96,104,6,735,0,4,66,3,73,529,100,170,9,808,0,0,0,808
04/04/2022,AUS,TX,ASW,CE,Combined TRACON& Tower with Radar,558,69,101,6,734,0,0,5,3,8,558,69,106,9,742,0,0,0,742
04/05/2022,AUS,TX,ASW,CE,Combined TRACON& Tower with Radar,546,59,93,10,708,0,2,38,7,47,546,61,131,17,755,0,0,0,755
04/06/2022,AUS,TX,ASW,CE,Combined TRACON& Tower with Radar,542,56,126,15,739,0,0,53,6,59,542,56,179,21,798,0,0,0,798
04/07/2022,AUS,TX,ASW,CE,Combined TRACON& Tower with Radar,551,97,129,12,789,0,1,60,11,72,551,98,189,23,861,0,0,0,861
04/08/2022,AUS,TX,ASW,CE,Combined TRACON& Tower with Radar,574,73,125,8,780,0,0,72,7,79,574,73,197,15,859,0,0,0,859
04/09/2022,AUS,TX,ASW,CE,Combined TRACON& Tower with Radar,435,48,64,8,555,0,0,64,5,69,435,48,128,13,624,0,0,0,624
04/10/2022,AUS,TX,ASW,CE,Combined TRACON& Tower with Radar,554,78,124,6,762,0,0,27,3,30,554,78,151,9,792,0,0,0,792
04/11/2022,AUS,TX,ASW,CE,Combined TRACON& Tower with Radar,572,78,117,11,778,0,0,32,3,35,572,78,149,14,813,0,0,0,813
04/12/2022,AUS,TX,ASW,CE,Combined TRACON& Tower with Radar,534,89,114,7,744,0,0,19,4,23,534,89,133,11,767,0,0,0,767
04/13/2022,AUS,TX,ASW,CE,Combined TRACON& Tower with Radar,552,86,127,5,770,0,0,56,9,65,552,86,183,14,835,0,0,0,835
04/14/2022,AUS,TX,ASW,CE,Combined TRACON& Tower with Radar,580,103,157,9,849,0,4,78,14,96,580,107,235,23,945,0,0,0,945
04/15/2022,AUS,TX,ASW,CE,Combined TRACON& Tower with Radar,575,84,112,2,773,0,0,15,0,15,575,84,127,2,788,0,0,0,788
04/16/2022,AUS,TX,ASW,CE,Combined TRACON& Tower with Radar,427,39,45,0,511,0,0,20,0,20,427,39,65,0,531,0,0,0,531
04/17/2022,AUS,TX,ASW,CE,Combined TRACON& Tower with Radar,554,65,88,0,707,0,0,14,2,16,554,65,102,2,723,0,0,0,723
04/18/2022,AUS,TX,ASW,CE,Combined TRACON& Tower with Radar,558,80,115,4,757,0,1,52,5,58,558,81,167,9,815,0,0,0,815
04/19/2022,AUS,TX,ASW,CE,Combined TRACON& Tower with Radar,544,73,116,6,739,0,0,37,6,43,544,73,153,12,782,0,0,0,782
04/20/2022,AUS,TX,ASW,CE,Combined TRACON& Tower with Radar,543,82,111,6,742,0,0,28,10,38,543,82,139,16,780,0,0,0,780
04/21/2022,AUS,TX,ASW,CE,Combined TRACON& Tower with Radar,573,81,128,10,792,0,1,22,4,27,573,82,150,14,819,0,0,0,819
04/22/2022,AUS,TX,ASW,CE,Combined TRACON& Tower with Radar,572,87,112,5,776,0,0,31,4,35,572,87,143,9,811,0,0,0,811
04/23/2022,AUS,TX,ASW,CE,Combined TRACON& Tower with Radar,438,45,80,5,568,0,2,23,0,25,438,47,103,5,593,0,0,0,593
04/24/2022,AUS,TX,ASW,CE,Combined TRACON& Tower with Radar,560,76,91,4,731,0,0,33,5,38,560,76,124,9,769,0,0,0,769
04/25/2022,AUS,TX,ASW,CE,Combined TRACON& Tower with Radar,507,52,70,0,629,0,0,1,0,1,507,52,71,0,630,0,0,0,630
04/26/2022,AUS,TX,ASW,CE,Combined TRACON& Tower with Radar,551,60,112,6,729,0,0,51,9,60,551,60,163,15,789,0,0,0,789
04/27/2022,AUS,TX,ASW,CE,Combined TRACON& Tower with Radar,547,69,146,5,767,0,0,64,5,69,547,69,210,10,836,0,0,0,836
04/28/2022,AUS,TX,ASW,CE,Combined TRACON& Tower with Radar,574,79,158,3,814,0,0,54,5,59,574,79,212,8,873,0,0,0,873
04/29/2022,AUS,TX,ASW,CE,Combined TRACON& Tower with Radar,577,71,142,11,801,0,0,32,3,35,577,71,174,14,836,0,0,0,836
04/30/2022,AUS,TX,ASW,CE,Combined TRACON& Tower with Radar,432,60,107,3,602,0,2,29,2,33,432,62,136,5,635,0,0,0,635
05/01/2022,AUS,TX,ASW,CE,Combined TRACON& Tower with Radar,549,95,125,11,780,0,0,35,0,35,549,95,160,11,815,0,0,0,815
05/02/2022,AUS,TX,ASW,CE,Combined TRACON& Tower with Radar,560,61,102,7,730,0,2,25,7,34,560,63,127,14,764,0,0,0,764
05/03/2022,AUS,TX,ASW,CE,Combined TRACON& Tower with Radar,547,55,123,3,728,0,0,46,9,55,547,55,169,12,783,0,0,0,783
05/04/2022,AUS,TX,ASW,CE,Combined TRACON& Tower with Radar,549,75,126,9,759,0,0,37,9,46,549,75,163,18,805,0,0,0,805
05/05/2022,AUS,TX,ASW,CE,Combined TRACON& Tower with Radar,568,80,124,6,778,0,0,15,8,23,568,80,139,14,801,0,0,0,801
05/06/2022,AUS,TX,ASW,CE,Combined TRACON& Tower with Radar,576,89,122,16,803,0,0,64,10,74,576,89,186,26,877,0,0,0,877
05/07/2022,AUS,TX,ASW,CE,Combined TRACON& Tower with Radar,430,46,68,2,546,0,4,54,5,63,430,50,122,7,609,6,0,6,615
05/08/2022,AUS,TX,ASW,CE,Combined TRACON& Tower with Radar,544,84,117,3,748,0,1,51,1,53,544,85,168,4,801,0,0,0,801
05/09/2022,AUS,TX,ASW,CE,Combined TRACON& Tower with Radar,562,63,125,5,755,0,0,56,2,58,562,63,181,7,813,0,0,0,813
05/10/2022,AUS,TX,ASW,CE,Combined TRACON& Tower with Radar,544,60,121,7,732,0,0,41,14,55,544,60,162,21,787,0,0,0,787
05/11/2022,AUS,TX,ASW,CE,Combined TRACON& Tower with Radar,554,67,128,6,755,0,0,51,6,57,554,67,179,12,812,0,0,0,812
05/12/2022,AUS,TX,ASW,CE,Combined TRACON& Tower with Radar,570,80,156,7,813,0,2,66,9,77,570,82,222,16,890,0,0,0,890
05/13/2022,AUS,TX,ASW,CE,Combined TRACON& Tower with Radar,567,57,120,17,761,0,1,72,6,79,567,58,192,23,840,0,0,0,840
05/14/2022,AUS,TX,ASW,CE,Combined TRACON& Tower with Radar,419,42,63,7,531,0,2,51,13,66,419,44,114,20,597,0,0,0,597
05/15/2022,AUS,TX,ASW,CE,Combined TRACON& Tower with Radar,542,59,113,3,717,0,2,76,16,94,542,61,189,19,811,0,0,0,811
05/16/2022,AUS,TX,ASW,CE,Combined TRACON& Tower with Radar,558,63,118,8,747,0,1,72,2,75,558,64,190,10,822,0,0,0,822
05/17/2022,AUS,TX,ASW,CE,Combined TRACON& Tower with Radar,537,73,133,20,763,0,0,55,10,65,537,73,188,30,828,0,0,0,828
05/18/2022,AUS,TX,ASW,CE,Combined TRACON& Tower with Radar,558,85,146,17,806,0,0,68,12,80,558,85,214,29,886,0,0,0,886
05/19/2022,AUS,TX,ASW,CE,Combined TRACON& Tower with Radar,567,88,187,6,848,0,0,68,22,90,567,88,255,28,938,0,0,0,938
05/20/2022,AUS,TX,ASW,CE,Combined TRACON& Tower with Radar,568,94,187,4,853,0,0,40,14,54,568,94,227,18,907,0,0,0,907
05/21/2022,AUS,TX,ASW,CE,Combined TRACON& Tower with Radar,420,47,88,1,556,0,2,30,3,35,420,49,118,4,591,0,0,0,591
05/22/2022,AUS,TX,ASW,CE,Combined TRACON& Tower with Radar,536,75,121,5,737,0,0,39,1,40,536,75,160,6,777,0,0,0,777
05/23/2022,AUS,TX,ASW,CE,Combined TRACON& Tower with Radar,569,54,98,2,723,0,1,10,3,14,569,55,108,5,737,0,0,0,737
05/24/2022,AUS,TX,ASW,CE,Combined TRACON& Tower with Radar,546,71,102,3,722,0,0,42,4,46,546,71,144,7,768,0,0,0,768
05/25/2022,AUS,TX,ASW,CE,Combined TRACON& Tower with Radar,562,74,132,2,770,0,0,51,13,64,562,74,183,15,834,0,0,0,834
05/26/2022,AUS,TX,ASW,CE,Combined TRACON& Tower with Radar,570,86,134,1,791,0,2,91,8,101,570,88,225,9,892,0,0,0,892
05/27/2022,AUS,TX,ASW,CE,Combined TRACON& Tower with Radar,572,85,88,9,754,0,2,59,5,66,572,87,147,14,820,0,0,0,820
05/28/2022,AUS,TX,ASW,CE,Combined TRACON& Tower with Radar,433,39,68,2,542,0,4,28,0,32,433,43,96,2,574,0,0,0,574
05/29/2022,AUS,TX,ASW,CE,Combined TRACON& Tower with Radar,517,45,46,4,612,0,5,45,1,51,517,50,91,5,663,0,0,0,663
05/30/2022,AUS,TX,ASW,CE,Combined TRACON& Tower with Radar,576,58,71,2,707,0,1,30,2,33,576,59,101,4,740,0,0,0,740
05/31/2022,AUS,TX,ASW,CE,Combined TRACON& Tower with Radar,537,61,68,3,669,0,0,39,7,46,537,61,107,10,715,0,0,0,715
06/01/2022,AUS,TX,ASW,CE,Combined TRACON& Tower with Radar,567,60,84,6,717,0,0,28,15,43,567,60,112,21,760,0,0,0,760
06/02/2022,AUS,TX,ASW,CE,Combined TRACON& Tower with Radar,550,52,99,11,712,0,2,44,15,61,550,54,143,26,773,0,0,0,773
06/03/2022,AUS,TX,ASW,CE,Combined TRACON& Tower with Radar,583,67,99,3,752,0,1,77,8,86,583,68,176,11,838,0,0,0,838
06/04/2022,AUS,TX,ASW,CE,Combined TRACON& Tower with Radar,440,33,66,5,544,0,0,56,0,56,440,33,122,5,600,0,0,0,600
06/05/2022,AUS,TX,ASW,CE,Combined TRACON& Tower with Radar,539,61,84,4,688,0,0,54,5,59,539,61,138,9,747,0,0,0,747
06/06/2022,AUS,TX,ASW,CE,Combined TRACON& Tower with Radar,576,54,76,5,711,0,2,39,7,48,576,56,115,12,759,0,0,0,759
06/07/2022,AUS,TX,ASW,CE,Combined TRACON& Tower with Radar,547,62,84,13,706,0,0,48,29,77,547,62,132,42,783,0,0,0,783
06/08/2022,AUS,TX,ASW,CE,Combined TRACON& Tower with Radar,546,85,119,8,758,0,2,54,24,80,546,87,173,32,838,8,0,8,846
06/09/2022,AUS,TX,ASW,CE,Combined TRACON& Tower with Radar,559,72,134,2,767,0,2,78,16,96,559,74,212,18,863,0,0,0,863
06/10/2022,AUS,TX,ASW,CE,Combined TRACON& Tower with Radar,575,73,92,3,743,0,0,46,21,67,575,73,138,24,810,0,0,0,810
06/11/2022,AUS,TX,ASW,CE,Combined TRACON& Tower with Radar,463,57,73,5,598,0,3,47,19,69,463,60,120,24,667,0,0,0,667
06/12/2022,AUS,TX,ASW,CE,Combined TRACON& Tower with Radar,536,65,97,4,702,0,0,56,3,59,536,65,153,7,761,0,0,0,761
06/13/2022,AUS,TX,ASW,CE,Combined TRACON& Tower with Radar,571,52,101,4,728,0,0,38,12,50,571,52,139,16,778,0,0,0,778
06/14/2022,AUS,TX,ASW,CE,Combined TRACON& Tower with Radar,548,37,81,12,678,0,1,31,18,50,548,38,112,30,728,0,0,0,728
06/15/2022,AUS,TX,ASW,CE,Combined TRACON& Tower with Radar,561,65,96,6,728,0,2,57,13,72,561,67,153,19,800,0,0,0,800
06/16/2022,AUS,TX,ASW,CE,Combined TRACON& Tower with Radar,550,68,100,7,725,0,0,59,6,65,550,68,159,13,790,0,0,0,790
06/17/2022,AUS,TX,ASW,CE,Combined TRACON& Tower with Radar,571,65,115,6,757,0,0,65,13,78,571,65,180,19,835,0,8,8,843
06/18/2022,AUS,TX,ASW,CE,Combined TRACON& Tower with Radar,461,47,63,1,572,0,0,52,22,74,461,47,115,23,646,0,0,0,646
06/19/2022,AUS,TX,ASW,CE,Combined TRACON& Tower with Radar,549,57,82,2,690,0,0,50,0,50,549,57,132,2,740,0,0,0,740
06/20/2022,AUS,TX,ASW,CE,Combined TRACON& Tower with Radar,580,57,98,5,740,0,0,62,2,64,580,57,160,7,804,0,0,0,804
06/21/2022,AUS,TX,ASW,CE,Combined TRACON& Tower with Radar,546,59,91,8,704,0,0,71,3,74,546,59,162,11,778,0,0,0,778
06/22/2022,AUS,TX,ASW,CE,Combined TRACON& Tower with Radar,549,77,115,1,742,0,0,54,2,56,549,77,169,3,798,0,0,0,798
06/23/2022,AUS,TX,ASW,CE,Combined TRACON& Tower with Radar,483,54,87,6,630,0,2,57,5,64,483,56,144,11,694,0,0,0,694
06/24/2022,AUS,TX,ASW,CE,Combined TRACON& Tower with Radar,585,62,87,8,742,0,1,61,3,65,585,63,148,11,807,0,0,0,807
06/25/2022,AUS,TX,ASW,CE,Combined TRACON& Tower with Radar,460,51,64,5,580,0,0,41,4,45,460,51,105,9,625,0,16,16,641
06/26/2022,AUS,TX,ASW,CE,Combined TRACON& Tower with Radar,540,61,79,12,692,0,0,57,0,57,540,61,136,12,749,0,0,0,749
06/27/2022,AUS,TX,ASW,CE,Combined TRACON& Tower with Radar,476,40,77,1,594,0,0,17,0,17,476,40,94,1,611,0,0,0,611
06/28/2022,AUS,TX,ASW,CE,Combined TRACON& Tower with Radar,551,58,89,5,703,0,0,35,4,39,551,58,124,9,742,0,0,0,742
06/29/2022,AUS,TX,ASW,CE,Combined TRACON& Tower with Radar,555,59,105,5,724,0,1,57,9,67,555,60,162,14,791,0,0,0,791
06/30/2022,AUS,TX,ASW,CE,Combined TRACON& Tower with Radar,575,64,101,9,749,0,2,56,15,73,575,66,157,24,822,0,0,0,822
07/01/2022,AUS,TX,ASW,CE,Combined TRACON& Tower with Radar,568,66,108,1,743,0,1,48,7,56,568,67,156,8,799,0,8,8,807
07/02/2022,AUS,TX,ASW,CE,Combined TRACON& Tower with Radar,462,40,76,1,579,0,0,45,7,52,462,40,121,8,631,0,0,0,631
07/03/2022,AUS,TX,ASW,CE,Combined TRACON& Tower with Radar,514,23,49,0,586,0,0,61,17,78,514,23,110,17,664,12,12,24,688
07/04/2022,AUS,TX,ASW,CE,Combined TRACON& Tower with Radar,546,29,47,0,622,0,0,40,6,46,546,29,87,6,668,4,0,4,672
07/05/2022,AUS,TX,ASW,CE,Combined TRACON& Tower with Radar,533,55,82,0,670,0,5,51,5,61,533,60,133,5,731,0,0,0,731
07/06/2022,AUS,TX,ASW,CE,Combined TRACON& Tower with Radar,542,59,70,14,685,0,1,38,17,56,542,60,108,31,741,0,0,0,741
07/07/2022,AUS,TX,ASW,CE,Combined TRACON& Tower with Radar,548,53,84,12,697,0,0,62,14,76,548,53,146,26,773,0,0,0,773
07/08/2022,AUS,TX,ASW,CE,Combined TRACON& Tower with Radar,572,46,80,18,716,0,1,39,13,53,572,47,119,31,769,0,6,6,775
07/09/2022,AUS,TX,ASW,CE,Combined TRACON& Tower with Radar,451,51,54,13,569,0,2,27,0,29,451,53,81,13,598,0,0,0,598
07/10/2022,AUS,TX,ASW,CE,Combined TRACON& Tower with Radar,556,41,78,8,683,0,1,50,1,52,556,42,128,9,735,0,0,0,735
07/11/2022,AUS,TX,ASW,CE,Combined TRACON& Tower with Radar,580,31,88,11,710,0,0,42,9,51,580,31,130,20,761,0,0,0,761
07/12/2022,AUS,TX,ASW,CE,Combined TRACON& Tower with Radar,536,55,71,7,669,0,0,47,13,60,536,55,118,20,729,0,0,0,729
07/13/2022,AUS,TX,ASW,CE,Combined TRACON& Tower with Radar,554,42,71,8,675,0,0,53,13,66,554,42,124,21,741,0,0,0,741
07/14/2022,AUS,TX,ASW,CE,Combined TRACON& Tower with Radar,556,40,95,2,693,0,0,45,8,53,556,40,140,10,746,0,0,0,746
07/15/2022,AUS,TX,ASW,CE,Combined TRACON& Tower with Radar,577,46,70,5,698,0,0,40,9,49,577,46,110,14,747,0,0,0,747
07/16/2022,AUS,TX,ASW,CE,Combined TRACON& Tower with Radar,450,39,66,3,558,0,1,28,0,29,450,40,94,3,587,0,0,0,587
07/17/2022,AUS,TX,ASW,CE,Combined TRACON& Tower with Radar,540,52,64,6,662,1,3,43,4,51,541,55,107,10,713,0,0,0,713
07/18/2022,AUS,TX,ASW,CE,Combined TRACON& Tower with Radar,558,55,95,3,711,6,0,43,6,55,564,55,138,9,766,0,0,0,766
07/19/2022,AUS,TX,ASW,CE,Combined TRACON& Tower with Radar,533,61,90,0,684,5,2,50,10,67,538,63,140,10,751,0,0,0,751
07/20/2022,AUS,TX,ASW,CE,Combined TRACON& Tower with Radar,557,68,85,5,715,8,0,56,15,79,565,68,141,20,794,0,0,0,794
07/21/2022,AUS,TX,ASW,CE,Combined TRACON& Tower with Radar,567,64,81,6,718,0,0,56,9,65,567,64,137,15,783,0,0,0,783
07/22/2022,AUS,TX,ASW,CE,Combined TRACON& Tower with Radar,577,60,82,14,733,0,0,40,6,46,577,60,122,20,779,0,0,0,779
07/23/2022,AUS,TX,ASW,CE,Combined TRACON& Tower with Radar,454,37,45,9,545,4,0,38,11,53,458,37,83,20,598,16,0,16,614
07/24/2022,AUS,TX,ASW,CE,Combined TRACON& Tower with Radar,534,54,80,6,674,4,0,33,2,39,538,54,113,8,713,0,0,0,713
07/25/2022,AUS,TX,ASW,CE,Combined TRACON& Tower with Radar,557,45,77,12,691,0,0,26,4,30,557,45,103,16,721,2,0,2,723
07/26/2022,AUS,TX,ASW,CE,Combined TRACON& Tower with Radar,548,56,62,4,670,0,0,47,10,57,548,56,109,14,727,0,0,0,727
07/27/2022,AUS,TX,ASW,CE,Combined TRACON& Tower with Radar,547,61,82,8,698,0,0,43,13,56,547,61,125,21,754,0,0,0,754
07/28/2022,AUS,TX,ASW,CE,Combined TRACON& Tower with Radar,571,57,71,2,701,5,2,32,15,54,576,59,103,17,755,0,0,0,755
07/29/2022,AUS,TX,ASW,CE,Combined TRACON& Tower with Radar,592,60,90,4,746,0,2,44,5,51,592,62,134,9,797,12,0,12,809
07/30/2022,AUS,TX,ASW,CE,Combined TRACON& Tower with Radar,456,43,40,8,547,0,0,73,1,74,456,43,113,9,621,0,0,0,621
07/31/2022,AUS,TX,ASW,CE,Combined TRACON& Tower with Radar,534,54,83,2,673,0,0,38,2,40,534,54,121,4,713,0,0,0,713
08/01/2022,AUS,TX,ASW,CE,Combined TRACON& Tower with Radar,575,40,83,3,701,0,0,51,4,55,575,40,134,7,756,0,0,0,756
08/02/2022,AUS,TX,ASW,CE,Combined TRACON& Tower with Radar,539,47,70,1,657,1,1,58,28,88,540,48,128,29,745,0,0,0,745
08/03/2022,AUS,TX,ASW,CE,Combined TRACON& Tower with Radar,539,33,100,4,676,3,0,61,28,92,542,33,161,32,768,28,0,28,796
08/04/2022,AUS,TX,ASW,CE,Combined TRACON& Tower with Radar,553,60,92,12,717,1,0,41,25,67,554,60,133,37,784,0,0,0,784
08/05/2022,AUS,TX,ASW,CE,Combined TRACON& Tower with Radar,558,53,83,8,702,0,1,37,15,53,558,54,120,23,755,0,0,0,755
08/06/2022,AUS,TX,ASW,CE,Combined TRACON& Tower with Radar,456,42,69,2,569,0,0,32,11,43,456,42,101,13,612,0,0,0,612
08/07/2022,AUS,TX,ASW,CE,Combined TRACON& Tower with Radar,548,63,87,2,700,0,1,37,8,46,548,64,124,10,746,0,0,0,746
08/08/2022,AUS,TX,ASW,CE,Combined TRACON& Tower with Radar,567,51,79,0,697,0,0,33,10,43,567,51,112,10,740,0,0,0,740
08/09/2022,AUS,TX,ASW,CE,Combined TRACON& Tower with Radar,536,43,69,10,658,1,6,63,21,91,537,49,132,31,749,0,0,0,749
08/10/2022,AUS,TX,ASW,CE,Combined TRACON& Tower with Radar,536,45,86,12,679,0,1,55,6,62,536,46,141,18,741,0,0,0,741
08/11/2022,AUS,TX,ASW,CE,Combined TRACON& Tower with Radar,567,62,79,3,711,3,3,45,30,81,570,65,124,33,792,0,0,0,792
08/12/2022,AUS,TX,ASW,CE,Combined TRACON& Tower with Radar,581,58,110,7,756,0,0,38,33,71,581,58,148,40,827,0,0,0,827
08/13/2022,AUS,TX,ASW,CE,Combined TRACON& Tower with Radar,454,47,55,6,562,0,0,58,2,60,454,47,113,8,622,0,0,0,622
08/14/2022,AUS,TX,ASW,CE,Combined TRACON& Tower with Radar,535,71,94,9,709,0,1,34,2,37,535,72,128,11,746,0,0,0,746
08/15/2022,AUS,TX,ASW,CE,Combined TRACON& Tower with Radar,561,44,108,8,721,0,0,33,3,36,561,44,141,11,757,0,0,0,757
08/16/2022,AUS,TX,ASW,CE,Combined TRACON& Tower with Radar,545,56,109,10,720,0,0,51,9,60,545,56,160,19,780,0,0,0,780
08/17/2022,AUS,TX,ASW,CE,Combined TRACON& Tower with Radar,540,61,109,3,713,0,1,66,14,81,540,62,175,17,794,0,0,0,794
08/18/2022,AUS,TX,ASW,CE,Combined TRACON& Tower with Radar,555,73,105,4,737,0,0,33,12,45,555,73,138,16,782,0,0,0,782
08/19/2022,AUS,TX,ASW,CE,Combined TRACON& Tower with Radar,571,51,75,13,710,0,0,19,9,28,571,51,94,22,738,0,0,0,738
08/20/2022,AUS,TX,ASW,CE,Combined TRACON& Tower with Radar,451,46,68,6,571,0,1,40,4,45,451,47,108,10,616,0,0,0,616
08/21/2022,AUS,TX,ASW,CE,Combined TRACON& Tower with Radar,565,59,79,19,722,0,0,22,2,24,565,59,101,21,746,0,0,0,746
08/22/2022,AUS,TX,ASW,CE,Combined TRACON& Tower with Radar,463,43,70,7,583,0,0,2,2,4,463,43,72,9,587,0,0,0,587
08/23/2022,AUS,TX,ASW,CE,Combined TRACON& Tower with Radar,540,48,110,5,703,0,0,18,5,23,540,48,128,10,726,0,0,0,726
08/24/2022,AUS,TX,ASW,CE,Combined TRACON& Tower with Radar,548,59,83,5,695,0,0,32,13,45,548,59,115,18,740,0,0,0,740
08/25/2022,AUS,TX,ASW,CE,Combined TRACON& Tower with Radar,571,64,110,11,756,0,0,56,11,67,571,64,166,22,823,0,32,32,855
08/26/2022,AUS,TX,ASW,CE,Combined TRACON& Tower with Radar,568,68,97,17,750,0,2,53,21,76,568,70,150,38,826,0,0,0,826
08/27/2022,AUS,TX,ASW,CE,Combined TRACON& Tower with Radar,449,52,54,9,564,0,0,41,4,45,449,52,95,13,609,0,0,0,609
08/28/2022,AUS,TX,ASW,CE,Combined TRACON& Tower with Radar,543,55,81,9,688,0,0,45,3,48,543,55,126,12,736,0,0,0,736
08/29/2022,AUS,TX,ASW,CE,Combined TRACON& Tower with Radar,572,38,77,4,691,0,1,26,3,30,572,39,103,7,721,0,0,0,721
08/30/2022,AUS,TX,ASW,CE,Combined TRACON& Tower with Radar,536,52,74,7,669,0,1,4,1,6,536,53,78,8,675,0,0,0,675
08/31/2022,AUS,TX,ASW,CE,Combined TRACON& Tower with Radar,547,62,115,5,729,0,0,14,13,27,547,62,129,18,756,0,0,0,756
09/01/2022,AUS,TX,ASW,CE,Combined TRACON& Tower with Radar,589,75,100,4,768,0,0,37,16,53,589,75,137,20,821,0,0,0,821
09/02/2022,AUS,TX,ASW,CE,Combined TRACON& Tower with Radar,567,67,110,2,746,0,2,39,7,48,567,69,149,9,794,0,0,0,794
09/03/2022,AUS,TX,ASW,CE,Combined TRACON& Tower with Radar,440,40,59,1,540,0,0,12,0,12,440,40,71,1,552,0,0,0,552
09/04/2022,AUS,TX,ASW,CE,Combined TRACON& Tower with Radar,495,24,41,0,560,0,0,45,0,45,495,24,86,0,605,0,0,0,605
09/05/2022,AUS,TX,ASW,CE,Combined TRACON& Tower with Radar,539,62,96,1,698,0,1,53,4,58,539,63,149,5,756,0,0,0,756
09/06/2022,AUS,TX,ASW,CE,Combined TRACON& Tower with Radar,526,58,90,2,676,0,1,58,9,68,526,59,148,11,744,0,0,0,744
09/07/2022,AUS,TX,ASW,CE,Combined TRACON& Tower with Radar,438,67,99,8,612,0,0,38,7,45,438,67,137,15,657,0,0,0,657
09/08/2022,AUS,TX,ASW,CE,Combined TRACON& Tower with Radar,572,96,142,2,812,0,0,70,16,86,572,96,212,18,898,0,0,0,898
09/09/2022,AUS,TX,ASW,CE,Combined TRACON& Tower with Radar,583,107,195,2,887,0,0,56,9,65,583,107,251,11,952,0,0,0,952
09/10/2022,AUS,TX,ASW,CE,Combined TRACON& Tower with Radar,467,87,146,5,705,0,0,53,8,61,467,87,199,13,766,0,0,0,766
09/11/2022,AUS,TX,ASW,CE,Combined TRACON& Tower with Radar,545,107,159,2,813,0,0,62,0,62,545,107,221,2,875,0,0,0,875
09/12/2022,AUS,TX,ASW,CE,Combined TRACON& Tower with Radar,576,43,86,3,708,0,0,45,7,52,576,43,131,10,760,0,0,0,760
09/13/2022,AUS,TX,ASW,CE,Combined TRACON& Tower with Radar,554,57,98,8,717,0,0,56,13,69,554,57,154,21,786,0,0,0,786
09/14/2022,AUS,TX,ASW,CE,Combined TRACON& Tower with Radar,547,69,114,8,738,0,0,53,23,76,547,69,167,31,814,0,0,0,814
09/15/2022,AUS,TX,ASW,CE,Combined TRACON& Tower with Radar,580,73,121,4,778,0,0,43,15,58,580,73,164,19,836,0,0,0,836
09/16/2022,AUS,TX,ASW,CE,Combined TRACON& Tower with Radar,582,84,135,11,812,0,3,39,3,45,582,87,174,14,857,0,0,0,857
09/17/2022,AUS,TX,ASW,CE,Combined TRACON& Tower with Radar,455,50,73,1,579,0,0,23,5,28,455,50,96,6,607,0,0,0,607
09/18/2022,AUS,TX,ASW,CE,Combined TRACON& Tower with Radar,519,85,117,3,724,0,0,42,2,44,519,85,159,5,768,0,0,0,768
09/19/2022,AUS,TX,ASW,CE,Combined TRACON& Tower with Radar,573,56,84,4,717,0,0,44,5,49,573,56,128,9,766,10,0,10,776
09/20/2022,AUS,TX,ASW,CE,Combined TRACON& Tower with Radar,544,69,108,5,726,0,0,68,12,80,544,69,176,17,806,0,0,0,806
09/21/2022,AUS,TX,ASW,CE,Combined TRACON& Tower with Radar,553,85,100,3,741,0,0,57,18,75,553,85,157,21,816,0,0,0,816
09/22/2022,AUS,TX,ASW,CE,Combined TRACON& Tower with Radar,571,72,145,8,796,0,0,49,12,61,571,72,194,20,857,0,0,0,857
09/23/2022,AUS,TX,ASW,CE,Combined TRACON& Tower with Radar,590,79,136,8,813,0,1,56,12,69,590,80,192,20,882,0,0,0,882
09/24/2022,AUS,TX,ASW,CE,Combined TRACON& Tower with Radar,463,72,82,4,621,0,1,44,6,51,463,73,126,10,672,0,0,0,672
09/25/2022,AUS,TX,ASW,CE,Combined TRACON& Tower with Radar,533,62,112,2,709,0,0,68,3,71,533,62,180,5,780,0,0,0,780
09/26/2022,AUS,TX,ASW,CE,Combined TRACON& Tower with Radar,573,69,82,3,727,0,1,34,11,46,573,70,116,14,773,0,0,0,773
09/27/2022,AUS,TX,ASW,CE,Combined TRACON& Tower with Radar,550,54,97,1,702,0,0,49,15,64,550,54,146,16,766,0,0,0,766
09/28/2022,AUS,TX,ASW,CE,Combined TRACON& Tower with Radar,517,56,104,7,684,0,0,49,8,57,517,56,153,15,741,0,0,0,741
09/29/2022,AUS,TX,ASW,CE,Combined TRACON& Tower with Radar,548,81,106,3,738,0,0,62,10,72,548,81,168,13,810,0,0,0,810
09/30/2022,AUS,TX,ASW,CE,Combined TRACON& Tower with Radar,561,69,130,5,765,0,0,74,13,87,561,69,204,18,852,0,0,0,852
10/01/2022,AUS,TX,ASW,CE,Combined TRACON& Tower with Radar,458,35,76,2,571,0,3,58,6,67,458,38,134,8,638,10,0,10,648
10/02/2022,AUS,TX,ASW,CE,Combined TRACON& Tower with Radar,519,78,116,0,713,0,1,63,3,67,519,79,179,3,780,0,0,0,780
10/03/2022,AUS,TX,ASW,CE,Combined TRACON& Tower with Radar,579,54,91,3,727,0,0,47,11,58,579,54,138,14,785,0,0,0,785
10/04/2022,AUS,TX,ASW,CE,Combined TRACON& Tower with Radar,546,72,72,11,701,0,1,62,29,92,546,73,134,40,793,0,0,0,793
10/05/2022,AUS,TX,ASW,CE,Combined TRACON& Tower with Radar,548,86,91,12,737,0,0,63,12,75,548,86,154,24,812,8,0,8,820
10/06/2022,AUS,TX,ASW,CE,Combined TRACON& Tower with Radar,562,77,133,3,775,0,1,69,16,86,562,78,202,19,861,0,0,0,861
10/07/2022,AUS,TX,ASW,CE,Combined TRACON& Tower with Radar,570,86,89,8,753,0,0,50,12,62,570,86,139,20,815,0,0,0,815
10/08/2022,AUS,TX,ASW,CE,Combined TRACON& Tower with Radar,457,37,51,4,549,0,4,34,3,41,457,41,85,7,590,0,0,0,590
10/09/2022,AUS,TX,ASW,CE,Combined TRACON& Tower with Radar,516,69,105,5,695,0,0,48,2,50,516,69,153,7,745,2,0,2,747
10/10/2022,AUS,TX,ASW,CE,Combined TRACON& Tower with Radar,566,78,112,0,756,0,1,51,9,61,566,79,163,9,817,0,0,0,817
10/11/2022,AUS,TX,ASW,CE,Combined TRACON& Tower with Radar,544,64,91,7,706,0,0,52,10,62,544,64,143,17,768,0,0,0,768
10/12/2022,AUS,TX,ASW,CE,Combined TRACON& Tower with Radar,561,66,102,2,731,0,0,42,12,54,561,66,144,14,785,0,0,0,785
10/13/2022,AUS,TX,ASW,CE,Combined TRACON& Tower with Radar,579,87,112,0,778,0,6,42,7,55,579,93,154,7,833,0,0,0,833
10/14/2022,AUS,TX,ASW,CE,Combined TRACON& Tower with Radar,567,74,142,6,789,0,1,61,6,68,567,75,203,12,857,0,0,0,857
10/15/2022,AUS,TX,ASW,CE,Combined TRACON& Tower with Radar,455,53,103,2,613,0,0,21,4,25,455,53,124,6,638,0,0,0,638
10/16/2022,AUS,TX,ASW,CE,Combined TRACON& Tower with Radar,526,75,103,2,706,0,0,38,1,39,526,75,141,3,745,0,0,0,745
10/17/2022,AUS,TX,ASW,CE,Combined TRACON& Tower with Radar,573,55,115,2,745,0,0,14,2,16,573,55,129,4,761,0,0,0,761
10/18/2022,AUS,TX,ASW,CE,Combined TRACON& Tower with Radar,546,56,121,4,727,0,0,64,10,74,546,56,185,14,801,0,0,0,801
10/19/2022,AUS,TX,ASW,CE,Combined TRACON& Tower with Radar,556,66,124,4,750,0,1,73,8,82,556,67,197,12,832,0,0,0,832
10/20/2022,AUS,TX,ASW,CE,Combined TRACON& Tower with Radar,597,142,139,8,886,0,0,22,7,29,597,142,161,15,915,0,0,0,915
10/21/2022,AUS,TX,ASW,CE,Combined TRACON& Tower with Radar,579,129,160,7,875,0,0,24,3,27,579,129,184,10,902,0,0,0,902
10/22/2022,AUS,TX,ASW,CE,Combined TRACON& Tower with Radar,452,84,85,3,624,0,0,5,0,5,452,84,90,3,629,0,0,0,629
10/23/2022,AUS,TX,ASW,CE,Combined TRACON& Tower with Radar,527,170,167,1,865,0,0,10,0,10,527,170,177,1,875,0,0,0,875
10/24/2022,AUS,TX,ASW,CE,Combined TRACON& Tower with Radar,628,140,145,6,919,0,2,5,0,7,628,142,150,6,926,14,0,14,940
10/25/2022,AUS,TX,ASW,CE,Combined TRACON& Tower with Radar,560,59,106,3,728,0,0,29,8,37,560,59,135,11,765,0,0,0,765
10/26/2022,AUS,TX,ASW,CE,Combined TRACON& Tower with Radar,544,58,142,7,751,0,0,73,18,91,544,58,215,25,842,0,0,0,842
10/27/2022,AUS,TX,ASW,CE,Combined TRACON& Tower with Radar,572,67,107,5,751,0,1,71,19,91,572,68,178,24,842,0,8,8,850
10/28/2022,AUS,TX,ASW,CE,Combined TRACON& Tower with Radar,554,69,90,1,714,0,1,2,4,7,554,70,92,5,721,0,0,0,721
10/29/2022,AUS,TX,ASW,CE,Combined TRACON& Tower with Radar,445,49,74,2,570,0,0,30,2,32,445,49,104,4,602,0,0,0,602
10/30/2022,AUS,TX,ASW,CE,Combined TRACON& Tower with Radar,503,46,95,0,644,0,2,60,1,63,503,48,155,1,707,0,0,0,707
10/31/2022,AUS,TX,ASW,CE,Combined TRACON& Tower with Radar,527,50,44,2,623,0,0,64,1,65,527,50,108,3,688,0,0,0,688
11/01/2022,AUS,TX,ASW,CE,Combined TRACON& Tower with Radar,536,60,105,2,703,0,1,25,3,29,536,61,130,5,732,0,0,0,732
11/02/2022,AUS,TX,ASW,CE,Combined TRACON& Tower with Radar,546,71,124,3,744,0,0,38,4,42,546,71,162,7,786,0,0,0,786
11/03/2022,AUS,TX,ASW,CE,Combined TRACON& Tower with Radar,555,74,124,1,754,0,0,23,9,32,555,74,147,10,786,0,0,0,786
11/04/2022,AUS,TX,ASW,CE,Combined TRACON& Tower with Radar,562,78,104,7,751,0,0,5,1,6,562,78,109,8,757,0,0,0,757
11/05/2022,AUS,TX,ASW,CE,Combined TRACON& Tower with Radar,449,47,60,4,560,0,4,53,7,64,449,51,113,11,624,0,0,0,624
11/06/2022,AUS,TX,ASW,CE,Combined TRACON& Tower with Radar,532,74,113,3,722,0,2,33,2,37,532,76,146,5,759,0,0,0,759
11/07/2022,AUS,TX,ASW,CE,Combined TRACON& Tower with Radar,542,49,103,3,697,0,1,19,1,21,542,50,122,4,718,12,0,12,730
11/08/2022,AUS,TX,ASW,CE,Combined TRACON& Tower with Radar,520,72,98,6,696,0,0,27,5,32,520,72,125,11,728,0,0,0,728
11/09/2022,AUS,TX,ASW,CE,Combined TRACON& Tower with Radar,529,94,130,2,755,0,0,32,5,37,529,94,162,7,792,0,0,0,792
11/10/2022,AUS,TX,ASW,CE,Combined TRACON& Tower with Radar,535,88,128,5,756,0,0,45,11,56,535,88,173,16,812,8,8,16,828
11/11/2022,AUS,TX,ASW,CE,Combined TRACON& Tower with Radar,567,107,103,3,780,0,0,5,0,5,567,107,108,3,785,0,0,0,785
11/12/2022,AUS,TX,ASW,CE,Combined TRACON& Tower with Radar,432,67,117,1,617,0,0,41,1,42,432,67,158,2,659,0,0,0,659
11/13/2022,AUS,TX,ASW,CE,Combined TRACON& Tower with Radar,542,96,113,3,754,0,0,66,0,66,542,96,179,3,820,0,0,0,820
11/14/2022,AUS,TX,ASW,CE,Combined TRACON& Tower with Radar,572,48,97,2,719,0,0,1,0,1,572,48,98,2,720,6,0,6,726
11/15/2022,AUS,TX,ASW,CE,Combined TRACON& Tower with Radar,538,60,131,5,734,0,0,41,14,55,538,60,172,19,789,0,0,0,789
11/16/2022,AUS,TX,ASW,CE,Combined TRACON& Tower with Radar,546,98,123,10,777,0,0,61,25,86,546,98,184,35,863,0,0,0,863
11/17/2022,AUS,TX,ASW,CE,Combined TRACON& Tower with Radar,544,77,132,8,761,0,0,66,17,83,544,77,198,25,844,0,0,0,844
11/18/2022,AUS,TX,ASW,CE,Combined TRACON& Tower with Radar,566,85,113,2,766,0,0,36,15,51,566,85,149,17,817,18,0,18,835
11/19/2022,AUS,TX,ASW,CE,Combined TRACON& Tower with Radar,464,67,82,4,617,0,0,1,0,1,464,67,83,4,618,0,0,0,618
11/20/2022,AUS,TX,ASW,CE,Combined TRACON& Tower with Radar,547,71,75,6,699,0,0,49,5,54,547,71,124,11,753,0,0,0,753
11/21/2022,AUS,TX,ASW,CE,Combined TRACON& Tower with Radar,567,70,81,3,721,0,0,2,3,5,567,70,83,6,726,0,0,0,726
11/22/2022,AUS,TX,ASW,CE,Combined TRACON& Tower with Radar,564,70,104,1,739,0,0,0,4,4,564,70,104,5,743,0,0,0,743
11/23/2022,AUS,TX,ASW,CE,Combined TRACON& Tower with Radar,588,53,128,2,771,1,0,18,7,26,589,53,146,9,797,0,0,0,797
11/24/2022,AUS,TX,ASW,CE,Combined TRACON& Tower with Radar,430,23,11,0,464,0,0,0,0,0,430,23,11,0,464,0,0,0,464
11/25/2022,AUS,TX,ASW,CE,Combined TRACON& Tower with Radar,497,50,62,1,610,0,0,0,0,0,497,50,62,1,610,0,0,0,610
11/26/2022,AUS,TX,ASW,CE,Combined TRACON& Tower with Radar,483,68,119,2,672,0,0,16,2,18,483,68,135,4,690,0,0,0,690
11/27/2022,AUS,TX,ASW,CE,Combined TRACON& Tower with Radar,548,72,116,0,736,0,1,77,2,80,548,73,193,2,816,0,0,0,816
11/28/2022,AUS,TX,ASW,CE,Combined TRACON& Tower with Radar,568,54,100,0,722,0,0,67,5,72,568,54,167,5,794,0,0,0,794
11/29/2022,AUS,TX,ASW,CE,Combined TRACON& Tower with Radar,539,53,90,3,685,0,0,42,19,61,539,53,132,22,746,0,0,0,746
11/30/2022,AUS,TX,ASW,CE,Combined TRACON& Tower with Radar,544,88,104,3,739,0,0,48,20,68,544,88,152,23,807,0,0,0,807
12/01/2022,AUS,TX,ASW,CE,Combined TRACON& Tower with Radar,549,84,134,4,771,0,2,28,19,49,549,86,162,23,820,0,40,40,860
12/02/2022,AUS,TX,ASW,CE,Combined TRACON& Tower with Radar,560,70,116,5,751,0,0,2,0,2,560,70,118,5,753,0,0,0,753
12/03/2022,AUS,TX,ASW,CE,Combined TRACON& Tower with Radar,422,33,58,2,515,0,0,19,8,27,422,33,77,10,542,0,0,0,542
12/04/2022,AUS,TX,ASW,CE,Combined TRACON& Tower with Radar,528,47,105,12,692,0,0,3,6,9,528,47,108,18,701,0,0,0,701
12/05/2022,AUS,TX,ASW,CE,Combined TRACON& Tower with Radar,553,56,90,2,701,0,0,45,1,46,553,56,135,3,747,0,0,0,747
12/06/2022,AUS,TX,ASW,CE,Combined TRACON& Tower with Radar,538,65,121,2,726,0,0,32,8,40,538,65,153,10,766,0,0,0,766
12/07/2022,AUS,TX,ASW,CE,Combined TRACON& Tower with Radar,537,64,101,5,707,0,0,47,18,65,537,64,148,23,772,0,0,0,772
12/08/2022,AUS,TX,ASW,CE,Combined TRACON& Tower with Radar,550,69,135,7,761,0,0,45,5,50,550,69,180,12,811,0,0,0,811
12/09/2022,AUS,TX,ASW,CE,Combined TRACON& Tower with Radar,562,86,118,9,775,0,0,54,16,70,562,86,172,25,845,0,0,0,845
12/10/2022,AUS,TX,ASW,CE,Combined TRACON& Tower with Radar,436,51,55,2,544,0,1,14,1,16,436,52,69,3,560,0,0,0,560
12/11/2022,AUS,TX,ASW,CE,Combined TRACON& Tower with Radar,530,50,102,1,683,0,0,0,0,0,530,50,102,1,683,0,0,0,683
12/12/2022,AUS,TX,ASW,CE,Combined TRACON& Tower with Radar,558,70,82,7,717,0,0,0,0,0,558,70,82,7,717,0,0,0,717
12/13/2022,AUS,TX,ASW,CE,Combined TRACON& Tower with Radar,531,46,104,12,693,0,0,27,15,42,531,46,131,27,735,0,0,0,735
12/14/2022,AUS,TX,ASW,CE,Combined TRACON& Tower with Radar,532,77,104,7,720,0,0,60,10,70,532,77,164,17,790,0,0,0,790
12/15/2022,AUS,TX,ASW,CE,Combined TRACON& Tower with Radar,542,90,96,6,734,0,0,93,13,106,542,90,189,19,840,0,0,0,840
12/16/2022,AUS,TX,ASW,CE,Combined TRACON& Tower with Radar,558,84,121,7,770,0,2,56,9,67,558,86,177,16,837,0,0,0,837
12/17/2022,AUS,TX,ASW,CE,Combined TRACON& Tower with Radar,462,55,55,2,574,0,2,58,0,60,462,57,113,2,634,0,0,0,634
12/18/2022,AUS,TX,ASW,CE,Combined TRACON& Tower with Radar,527,52,79,3,661,0,3,54,1,58,527,55,133,4,719,0,0,0,719
12/19/2022,AUS,TX,ASW,CE,Combined TRACON& Tower with Radar,536,69,55,0,660,0,0,1,0,1,536,69,56,0,661,0,0,0,661
12/20/2022,AUS,TX,ASW,CE,Combined TRACON& Tower with Radar,540,67,83,3,693,0,0,11,6,17,540,67,94,9,710,0,0,0,710
12/21/2022,AUS,TX,ASW,CE,Combined TRACON& Tower with Radar,532,69,97,6,704,0,3,5,7,15,532,72,102,13,719,0,0,0,719
12/22/2022,AUS,TX,ASW,CE,Combined TRACON& Tower with Radar,485,60,82,2,629,0,0,2,8,10,485,60,84,10,639,0,0,0,639
12/23/2022,AUS,TX,ASW,CE,Combined TRACON& Tower with Radar,439,54,60,2,555,0,2,10,0,12,439,56,70,2,567,0,0,0,567
12/24/2022,AUS,TX,ASW,CE,Combined TRACON& Tower with Radar,324,28,23,0,375,0,0,13,0,13,324,28,36,0,388,0,0,0,388
12/25/2022,AUS,TX,ASW,CE,Combined TRACON& Tower with Radar,320,41,17,0,378,0,0,10,0,10,320,41,27,0,388,0,0,0,388
12/26/2022,AUS,TX,ASW,CE,Combined TRACON& Tower with Radar,336,64,99,0,499,0,2,47,1,50,336,66,146,1,549,0,0,0,549
12/27/2022,AUS,TX,ASW,CE,Combined TRACON& Tower with Radar,383,67,106,0,556,0,1,75,1,77,383,68,181,1,633,0,0,0,633
12/28/2022,AUS,TX,ASW,CE,Combined TRACON& Tower with Radar,418,69,75,5,567,0,0,50,8,58,418,69,125,13,625,0,0,0,625
12/29/2022,AUS,TX,ASW,CE,Combined TRACON& Tower with Radar,436,54,75,4,569,0,0,20,6,26,436,54,95,10,595,0,0,0,595
12/30/2022,AUS,TX,ASW,CE,Combined TRACON& Tower with Radar,546,51,66,0,663,0,3,37,6,46,546,54,103,6,709,0,0,0,709
12/31/2022,AUS,TX,ASW,CE,Combined TRACON& Tower with Radar,411,36,34,0,481,0,0,37,0,37,411,36,71,0,518,0,0,0,518
01/01/2023,AUS,TX,ASW,CE,Combined TRACON& Tower with Radar,460,40,51,0,551,0,0,11,0,11,460,40,62,0,562,0,0,0,562
01/02/2023,AUS,TX,ASW,CE,Combined TRACON& Tower with Radar,502,61,88,0,651,0,2,17,0,19,502,63,105,0,670,8,0,8,678
01/03/2023,AUS,TX,ASW,CE,Combined TRACON& Tower with Radar,548,56,85,2,691,0,0,35,12,47,548,56,120,14,738,0,0,0,738
01/04/2023,AUS,TX,ASW,CE,Combined TRACON& Tower with Radar,535,60,93,0,688,0,2,50,27,79,535,62,143,27,767,0,0,0,767
01/05/2023,AUS,TX,ASW,CE,Combined TRACON& Tower with Radar,538,50,77,2,667,0,1,76,16,93,538,51,153,18,760,0,0,0,760
01/06/2023,AUS,TX,ASW,CE,Combined TRACON& Tower with Radar,545,49,75,2,671,0,0,34,6,40,545,49,109,8,711,0,0,0,711
01/07/2023,AUS,TX,ASW,CE,Combined TRACON& Tower with Radar,408,49,51,3,511,0,1,5,2,8,408,50,56,5,519,0,0,0,519
01/08/2023,AUS,TX,ASW,CE,Combined TRACON& Tower with Radar,510,55,66,4,635,0,0,59,2,61,510,55,125,6,696,0,0,0,696
01/09/2023,AUS,TX,ASW,CE,Combined TRACON& Tower with Radar,549,43,89,4,685,0,0,70,6,76,549,43,159,10,761,0,0,0,761
01/10/2023,AUS,TX,ASW,CE,Combined TRACON& Tower with Radar,531,58,107,0,696,0,2,50,6,58,531,60,157,6,754,0,0,0,754
01/11/2023,AUS,TX,ASW,CE,Combined TRACON& Tower with Radar,497,68,69,6,640,0,0,26,12,38,497,68,95,18,678,0,0,0,678
01/12/2023,AUS,TX,ASW,CE,Combined TRACON& Tower with Radar,554,59,92,5,710,0,0,29,11,40,554,59,121,16,750,0,0,0,750
01/13/2023,AUS,TX,ASW,CE,Combined TRACON& Tower with Radar,554,82,106,2,744,0,0,77,2,79,554,82,183,4,823,0,0,0,823
01/14/2023,AUS,TX,ASW,CE,Combined TRACON& Tower with Radar,380,35,38,0,453,0,0,65,4,69,380,35,103,4,522,0,0,0,522
01/15/2023,AUS,TX,ASW,CE,Combined TRACON& Tower with Radar,493,42,68,0,603,0,4,32,1,37,493,46,100,1,640,0,0,0,640
01/16/2023,AUS,TX,ASW,CE,Combined TRACON& Tower with Radar,547,69,108,0,724,0,0,49,0,49,547,69,157,0,773,0,0,0,773
01/17/2023,AUS,TX,ASW,CE,Combined TRACON& Tower with Radar,533,54,124,1,712,0,1,50,18,69,533,55,174,19,781,0,0,0,781
01/18/2023,AUS,TX,ASW,CE,Combined TRACON& Tower with Radar,530,45,98,5,678,0,0,56,19,75,530,45,154,24,753,0,0,0,753
01/19/2023,AUS,TX,ASW,CE,Combined TRACON& Tower with Radar,553,64,99,5,721,0,6,92,7,105,553,70,191,12,826,0,0,0,826
01/20/2023,AUS,TX,ASW,CE,Combined TRACON& Tower with Radar,549,68,68,8,693,0,0,51,11,62,549,68,119,19,755,0,0,0,755
01/21/2023,AUS,TX,ASW,CE,Combined TRACON& Tower with Radar,393,28,37,3,461,0,0,15,8,23,393,28,52,11,484,0,0,0,484
01/22/2023,AUS,TX,ASW,CE,Combined TRACON& Tower with Radar,506,52,54,5,617,0,1,69,25,95,506,53,123,30,712,0,0,0,712
01/23/2023,AUS,TX,ASW,CE,Combined TRACON& Tower with Radar,548,44,93,6,691,0,0,66,3,69,548,44,159,9,760,0,0,0,760
01/24/2023,AUS,TX,ASW,CE,Combined TRACON& Tower with Radar,554,54,84,6,698,1,0,10,4,15,555,54,94,10,713,0,0,0,713
01/25/2023,AUS,TX,ASW,CE,Combined TRACON& Tower with Radar,534,62,108,2,706,0,0,62,19,81,534,62,170,21,787,0,0,0,787
01/26/2023,AUS,TX,ASW,CE,Combined TRACON& Tower with Radar,551,57,118,5,731,0,2,75,18,95,551,59,193,23,826,0,0,0,826
01/27/2023,AUS,TX,ASW,CE,Combined TRACON& Tower with Radar,559,54,100,11,724,0,0,77,8,85,559,54,177,19,809,0,0,0,809
01/28/2023,AUS,TX,ASW,CE,Combined TRACON& Tower with Radar,396,33,55,5,489,0,0,0,0,0,396,33,55,5,489,0,0,0,489
01/29/2023,AUS,TX,ASW,CE,Combined TRACON& Tower with Radar,504,63,85,3,655,0,0,13,0,13,504,63,98,3,668,0,0,0,668
01/30/2023,AUS,TX,ASW,CE,Combined TRACON& Tower with Radar,475,33,76,1,585,0,0,0,0,0,475,33,76,1,585,0,0,0,585
01/31/2023,AUS,TX,ASW,CE,Combined TRACON& Tower with Radar,243,22,24,1,290,0,0,0,0,0,243,22,24,1,290,0,0,0,290
02/01/2023,AUS,TX,ASW,CE,Combined TRACON& Tower with Radar,174,22,22,0,218,0,0,0,0,0,174,22,22,0,218,0,0,0,218
02/02/2023,AUS,TX,ASW,CE,Combined TRACON& Tower with Radar,474,63,90,1,628,0,0,0,0,0,474,63,90,1,628,0,0,0,628
02/03/2023,AUS,TX,ASW,CE,Combined TRACON& Tower with Radar,553,57,94,7,711,0,0,38,5,43,553,57,132,12,754,0,0,0,754
02/04/2023,AUS,TX,ASW,CE,Combined TRACON& Tower with Radar,398,28,59,0,485,0,0,41,8,49,398,28,100,8,534,0,0,0,534
02/05/2023,AUS,TX,ASW,CE,Combined TRACON& Tower with Radar,508,60,82,1,651,0,2,50,3,55,508,62,132,4,706,0,0,0,706
02/06/2023,AUS,TX,ASW,CE,Combined TRACON& Tower with Radar,558,56,97,3,714,0,0,26,3,29,558,56,123,6,743,0,0,0,743
02/07/2023,AUS,TX,ASW,CE,Combined TRACON& Tower with Radar,538,65,100,4,707,0,0,4,2,6,538,65,104,6,713,0,0,0,713
02/08/2023,AUS,TX,ASW,CE,Combined TRACON& Tower with Radar,550,78,113,3,744,0,0,19,6,25,550,78,132,9,769,0,0,0,769
02/09/2023,AUS,TX,ASW,CE,Combined TRACON& Tower with Radar,555,72,134,6,767,0,0,79,20,99,555,72,213,26,866,0,0,0,866
02/10/2023,AUS,TX,ASW,CE,Combined TRACON& Tower with Radar,545,52,90,11,698,0,1,33,9,43,545,53,123,20,741,0,0,0,741
02/11/2023,AUS,TX,ASW,CE,Combined TRACON& Tower with Radar,413,49,49,6,517,0,2,64,1,67,413,51,113,7,584,0,0,0,584
02/12/2023,AUS,TX,ASW,CE,Combined TRACON& Tower with Radar,506,45,64,4,619,0,2,64,2,68,506,47,128,6,687,0,0,0,687
02/13/2023,AUS,TX,ASW,CE,Combined TRACON& Tower with Radar,531,60,96,0,687,0,0,64,12,76,531,60,160,12,763,0,0,0,763
02/14/2023,AUS,TX,ASW,CE,Combined TRACON& Tower with Radar,539,47,75,0,661,0,0,22,17,39,539,47,97,17,700,0,0,0,700
02/15/2023,AUS,TX,ASW,CE,Combined TRACON& Tower with Radar,538,58,120,3,719,0,0,26,9,35,538,58,146,12,754,0,0,0,754
02/16/2023,AUS,TX,ASW,CE,Combined TRACON& Tower with Radar,544,85,134,3,766,0,0,41,8,49,544,85,175,11,815,0,0,0,815
02/17/2023,AUS,TX,ASW,CE,Combined TRACON& Tower with Radar,569,75,110,7,761,0,1,83,9,93,569,76,193,16,854,6,16,22,876
02/18/2023,AUS,TX,ASW,CE,Combined TRACON& Tower with Radar,411,48,46,0,505,0,1,72,6,79,411,49,118,6,584,0,0,0,584
02/19/2023,AUS,TX,ASW,CE,Combined TRACON& Tower with Radar,509,53,84,1,647,0,2,43,2,47,509,55,127,3,694,0,0,0,694
02/20/2023,AUS,TX,ASW,CE,Combined TRACON& Tower with Radar,551,76,112,2,741,0,2,38,5,45,551,78,150,7,786,0,0,0,786
02/21/2023,AUS,TX,ASW,CE,Combined TRACON& Tower with Radar,548,65,148,9,770,0,0,48,7,55,548,65,196,16,825,0,0,0,825
02/22/2023,AUS,TX,ASW,CE,Combined TRACON& Tower with Radar,525,81,111,3,720,0,0,46,15,61,525,81,157,18,781,0,10,10,791
02/23/2023,AUS,TX,ASW,CE,Combined TRACON& Tower with Radar,549,72,148,4,773,0,0,49,15,64,549,72,197,19,837,0,0,0,837
02/24/2023,AUS,TX,ASW,CE,Combined TRACON& Tower with Radar,556,79,126,19,780,0,0,7,11,18,556,79,133,30,798,0,0,0,798
02/25/2023,AUS,TX,ASW,CE,Combined TRACON& Tower with Radar,420,46,80,4,550,0,1,0,5,6,420,47,80,9,556,2,10,12,568
02/26/2023,AUS,TX,ASW,CE,Combined TRACON& Tower with Radar,511,63,100,7,681,0,0,10,3,13,511,63,110,10,694,0,0,0,694
02/27/2023,AUS,TX,ASW,CE,Combined TRACON& Tower with Radar,558,56,99,0,713,0,0,55,9,64,558,56,154,9,777,0,0,0,777
02/28/2023,AUS,TX,ASW,CE,Combined TRACON& Tower with Radar,543,81,97,6,727,0,0,59,13,72,543,81,156,19,799,32,0,32,831
03/01/2023,AUS,TX,ASW,CE,Combined TRACON& Tower with Radar,540,60,123,3,726,0,0,42,6,48,540,60,165,9,774,56,4,60,834
03/02/2023,AUS,TX,ASW,CE,Combined TRACON& Tower with Radar,529,61,129,0,719,0,0,10,0,10,529,61,139,0,729,70,0,70,799
03/03/2023,AUS,TX,ASW,CE,Combined TRACON& Tower with Radar,562,79,93,8,742,0,2,65,7,74,562,81,158,15,816,0,0,0,816
03/04/2023,AUS,TX,ASW,CE,Combined TRACON& Tower with Radar,420,44,63,3,530,0,0,85,5,90,420,44,148,8,620,0,0,0,620
03/05/2023,AUS,TX,ASW,CE,Combined TRACON& Tower with Radar,509,69,93,8,679,0,0,54,2,56,509,69,147,10,735,0,0,0,735
03/06/2023,AUS,TX,ASW,CE,Combined TRACON& Tower with Radar,558,55,108,1,722,0,0,43,0,43,558,55,151,1,765,0,0,0,765
03/07/2023,AUS,TX,ASW,CE,Combined TRACON& Tower with Radar,545,63,102,0,710,0,0,27,7,34,545,63,129,7,744,0,0,0,744
03/08/2023,AUS,TX,ASW,CE,Combined TRACON& Tower with Radar,556,74,130,5,765,0,2,55,11,68,556,76,185,16,833,0,0,0,833
03/09/2023,AUS,TX,ASW,CE,Combined TRACON& Tower with Radar,584,79,127,2,792,0,2,29,14,45,584,81,156,16,837,0,0,0,837
03/10/2023,AUS,TX,ASW,CE,Combined TRACON& Tower with Radar,579,98,122,4,803,0,2,32,7,41,579,100,154,11,844,0,0,0,844
03/11/2023,AUS,TX,ASW,CE,Combined TRACON& Tower with Radar,459,73,83,2,617,0,0,35,8,43,459,73,118,10,660,0,0,0,660
03/12/2023,AUS,TX,ASW,CE,Combined TRACON& Tower with Radar,554,92,112,2,760,0,1,46,3,50,554,93,158,5,810,0,0,0,810
03/13/2023,AUS,TX,ASW,CE,Combined TRACON& Tower with Radar,583,69,98,2,752,0,2,44,3,49,583,71,142,5,801,0,0,0,801
03/14/2023,AUS,TX,ASW,CE,Combined TRACON& Tower with Radar,568,53,66,6,693,0,0,31,5,36,568,53,97,11,729,0,0,0,729
03/15/2023,AUS,TX,ASW,CE,Combined TRACON& Tower with Radar,562,71,118,2,753,1,0,68,12,81,563,71,186,14,834,0,0,0,834
03/16/2023,AUS,TX,ASW,CE,Combined TRACON& Tower with Radar,566,74,72,10,722,0,0,5,3,8,566,74,77,13,730,0,0,0,730
03/17/2023,AUS,TX,ASW,CE,Combined TRACON& Tower with Radar,563,75,67,5,710,0,0,30,8,38,563,75,97,13,748,0,0,0,748
03/18/2023,AUS,TX,ASW,CE,Combined TRACON& Tower with Radar,460,74,80,0,614,0,0,35,2,37,460,74,115,2,651,0,0,0,651
03/19/2023,AUS,TX,ASW,CE,Combined TRACON& Tower with Radar,564,103,108,4,779,0,0,77,1,78,564,103,185,5,857,0,0,0,857
03/20/2023,AUS,TX,ASW,CE,Combined TRACON& Tower with Radar,582,62,86,5,735,0,0,31,6,37,582,62,117,11,772,0,0,0,772
03/21/2023,AUS,TX,ASW,CE,Combined TRACON& Tower with Radar,557,63,111,5,736,0,0,0,0,0,557,63,111,5,736,0,0,0,736
03/22/2023,AUS,TX,ASW,CE,Combined TRACON& Tower with Radar,557,61,105,7,730,0,0,16,14,30,557,61,121,21,760,0,0,0,760
03/23/2023,AUS,TX,ASW,CE,Combined TRACON& Tower with Radar,577,91,154,2,824,0,0,25,14,39,577,91,179,16,863,0,0,0,863
03/24/2023,AUS,TX,ASW,CE,Combined TRACON& Tower with Radar,591,80,113,2,786,0,0,32,20,52,591,80,145,22,838,0,0,0,838
03/25/2023,AUS,TX,ASW,CE,Combined TRACON& Tower with Radar,461,75,80,5,621,0,0,69,20,89,461,75,149,25,710,24,0,24,734
03/26/2023,AUS,TX,ASW,CE,Combined TRACON& Tower with Radar,539,93,147,9,788,0,0,39,2,41,539,93,186,11,829,0,0,0,829
03/27/2023,AUS,TX,ASW,CE,Combined TRACON& Tower with Radar,582,55,103,2,742,0,0,36,2,38,582,55,139,4,780,0,0,0,780
03/28/2023,AUS,TX,ASW,CE,Combined TRACON& Tower with Radar,554,56,111,7,728,0,2,23,4,29,554,58,134,11,757,0,0,0,757
03/29/2023,AUS,TX,ASW,CE,Combined TRACON& Tower with Radar,559,56,133,6,754,0,1,52,13,66,559,57,185,19,820,0,0,0,820
03/30/2023,AUS,TX,ASW,CE,Combined TRACON& Tower with Radar,574,68,117,7,766,0,0,5,9,14,574,68,122,16,780,0,0,0,780
03/31/2023,AUS,TX,ASW,CE,Combined TRACON& Tower with Radar,585,70,119,3,777,0,0,13,8,21,585,70,132,11,798,4,2,6,804
04/01/2023,AUS,TX,ASW,CE,Combined TRACON& Tower with Radar,438,48,89,3,578,0,1,75,4,80,438,49,164,7,658,0,0,0,658
04/02/2023,AUS,TX,ASW,CE,Combined TRACON& Tower with Radar,555,76,108,6,745,0,0,14,2,16,555,76,122,8,761,0,0,0,761
04/03/2023,AUS,TX,ASW,CE,Combined TRACON& Tower with Radar,578,77,91,9,755,0,0,46,3,49,578,77,137,12,804,0,0,0,804
04/04/2023,AUS,TX,ASW,CE,Combined TRACON& Tower with Radar,554,77,104,7,742,0,0,43,8,51,554,77,147,15,793,0,0,0,793
04/05/2023,AUS,TX,ASW,CE,Combined TRACON& Tower with Radar,566,95,128,1,790,1,0,43,21,65,567,95,171,22,855,0,0,0,855
04/06/2023,AUS,TX,ASW,CE,Combined TRACON& Tower with Radar,581,66,82,1,730,0,0,0,4,4,581,66,82,5,734,0,0,0,734
04/07/2023,AUS,TX,ASW,CE,Combined TRACON& Tower with Radar,603,72,82,2,759,0,0,0,0,0,603,72,82,2,759,0,0,0,759
04/08/2023,AUS,TX,ASW,CE,Combined TRACON& Tower with Radar,456,37,53,1,547,0,0,2,2,4,456,37,55,3,551,0,0,0,551
04/09/2023,AUS,TX,ASW,CE,Combined TRACON& Tower with Radar,526,49,63,1,639,0,2,19,0,21,526,51,82,1,660,0,0,0,660
04/10/2023,AUS,TX,ASW,CE,Combined TRACON& Tower with Radar,567,67,92,3,729,0,1,26,0,27,567,68,118,3,756,0,0,0,756
04/11/2023,AUS,TX,ASW,CE,Combined TRACON& Tower with Radar,559,68,93,5,725,0,8,62,12,82,559,76,155,17,807,0,0,0,807
04/12/2023,AUS,TX,ASW,CE,Combined TRACON& Tower with Radar,560,68,104,12,744,0,6,88,14,108,560,74,192,26,852,0,0,0,852
04/13/2023,AUS,TX,ASW,CE,Combined TRACON& Tower with Radar,565,59,144,4,772,0,2,59,26,87,565,61,203,30,859,0,0,0,859
04/14/2023,AUS,TX,ASW,CE,Combined TRACON& Tower with Radar,578,72,143,17,810,0,0,17,11,28,578,72,160,28,838,0,0,0,838
04/15/2023,AUS,TX,ASW,CE,Combined TRACON& Tower with Radar,444,43,79,4,570,0,3,46,8,57,444,46,125,12,627,0,0,0,627
04/16/2023,AUS,TX,ASW,CE,Combined TRACON& Tower with Radar,526,81,128,7,742,0,5,70,6,81,526,86,198,13,823,0,0,0,823
04/17/2023,AUS,TX,ASW,CE,Combined TRACON& Tower with Radar,574,69,127,9,779,0,2,55,1,58,574,71,182,10,837,0,0,0,837
04/18/2023,AUS,TX,ASW,CE,Combined TRACON& Tower with Radar,557,70,117,12,756,0,1,20,4,25,557,71,137,16,781,0,0,0,781
04/19/2023,AUS,TX,ASW,CE,Combined TRACON& Tower with Radar,556,58,155,5,774,0,1,39,16,56,556,59,194,21,830,0,0,0,830
04/20/2023,AUS,TX,ASW,CE,Combined TRACON& Tower with Radar,505,72,131,5,713,0,1,10,15,26,505,73,141,20,739,0,0,0,739
04/21/2023,AUS,TX,ASW,CE,Combined TRACON& Tower with Radar,604,93,122,7,826,0,5,46,17,68,604,98,168,24,894,0,0,0,894
04/22/2023,AUS,TX,ASW,CE,Combined TRACON& Tower with Radar,450,55,70,6,581,0,7,61,23,91,450,62,131,29,672,0,0,0,672
04/23/2023,AUS,TX,ASW,CE,Combined TRACON& Tower with Radar,527,89,113,6,735,0,4,11,13,28,527,93,124,19,763,0,0,0,763
04/24/2023,AUS,TX,ASW,CE,Combined TRACON& Tower with Radar,578,56,119,2,755,0,2,27,10,39,578,58,146,12,794,0,0,0,794
04/25/2023,AUS,TX,ASW,CE,Combined TRACON& Tower with Radar,551,54,79,7,691,0,0,6,18,24,551,54,85,25,715,0,0,0,715
04/26/2023,AUS,TX,ASW,CE,Combined TRACON& Tower with Radar,558,66,127,5,756,0,4,20,8,32,558,70,147,13,788,0,0,0,788
04/27/2023,AUS,TX,ASW,CE,Combined TRACON& Tower with Radar,579,75,136,12,802,0,2,54,15,71,579,77,190,27,873,24,0,24,897
04/28/2023,AUS,TX,ASW,CE,Combined TRACON& Tower with Radar,541,72,122,5,740,0,0,27,4,31,541,72,149,9,771,0,0,0,771
04/29/2023,AUS,TX,ASW,CE,Combined TRACON& Tower with Radar,467,44,67,0,578,0,0,29,7,36,467,44,96,7,614,0,0,0,614
04/30/2023,AUS,TX,ASW,CE,Combined TRACON& Tower with Radar,521,66,98,2,687,0,7,89,8,104,521,73,187,10,791,0,0,0,791
05/01/2023,AUS,TX,ASW,CE,Combined TRACON& Tower with Radar,582,56,84,2,724,0,7,43,1,51,582,63,127,3,775,0,0,0,775
05/02/2023,AUS,TX,ASW,CE,Combined TRACON& Tower with Radar,565,58,122,2,747,0,3,32,6,41,565,61,154,8,788,0,0,0,788
05/03/2023,AUS,TX,ASW,CE,Combined TRACON& Tower with Radar,556,77,106,1,740,0,3,49,2,54,556,80,155,3,794,0,0,0,794
05/04/2023,AUS,TX,ASW,CE,Combined TRACON& Tower with Radar,577,108,122,1,808,0,1,8,10,19,577,109,130,11,827,0,0,0,827
05/05/2023,AUS,TX,ASW,CE,Combined TRACON& Tower with Radar,586,68,89,2,745,0,7,38,8,53,586,75,127,10,798,0,6,6,804
05/06/2023,AUS,TX,ASW,CE,Combined TRACON& Tower with Radar,442,36,59,0,537,0,0,26,8,34,442,36,85,8,571,0,0,0,571
05/07/2023,AUS,TX,ASW,CE,Combined TRACON& Tower with Radar,543,72,96,4,715,0,3,11,5,19,543,75,107,9,734,0,0,0,734
05/08/2023,AUS,TX,ASW,CE,Combined TRACON& Tower with Radar,604,68,114,18,804,0,2,20,6,28,604,70,134,24,832,46,0,46,878
05/09/2023,AUS,TX,ASW,CE,Combined TRACON& Tower with Radar,567,62,87,9,725,0,0,7,8,15,567,62,94,17,740,0,0,0,740
05/10/2023,AUS,TX,ASW,CE,Combined TRACON& Tower with Radar,568,87,85,3,743,0,1,19,16,36,568,88,104,19,779,0,0,0,779
05/11/2023,AUS,TX,ASW,CE,Combined TRACON& Tower with Radar,581,75,101,10,767,0,0,8,5,13,581,75,109,15,780,20,0,20,800
05/12/2023,AUS,TX,ASW,CE,Combined TRACON& Tower with Radar,583,92,98,10,783,0,0,15,8,23,583,92,113,18,806,0,0,0,806
05/13/2023,AUS,TX,ASW,CE,Combined TRACON& Tower with Radar,436,39,30,2,507,0,1,5,3,9,436,40,35,5,516,0,0,0,516
05/14/2023,AUS,TX,ASW,CE,Combined TRACON& Tower with Radar,560,61,54,4,679,0,1,19,0,20,560,62,73,4,699,0,0,0,699
05/15/2023,AUS,TX,ASW,CE,Combined TRACON& Tower with Radar,594,61,87,10,752,0,4,20,2,26,594,65,107,12,778,20,2,22,800
05/16/2023,AUS,TX,ASW,CE,Combined TRACON& Tower with Radar,583,68,81,6,738,0,2,31,13,46,583,70,112,19,784,0,0,0,784
05/17/2023,AUS,TX,ASW,CE,Combined TRACON& Tower with Radar,566,81,119,14,780,0,3,82,8,93,566,84,201,22,873,0,0,0,873
05/18/2023,AUS,TX,ASW,CE,Combined TRACON& Tower with Radar,585,97,104,11,797,0,3,76,26,105,585,100,180,37,902,0,0,0,902
05/19/2023,AUS,TX,ASW,CE,Combined TRACON& Tower with Radar,603,79,111,9,802,0,1,58,8,67,603,80,169,17,869,0,0,0,869
05/20/2023,AUS,TX,ASW,CE,Combined TRACON& Tower with Radar,448,61,65,5,579,0,2,28,11,41,448,63,93,16,620,0,0,0,620
05/21/2023,AUS,TX,ASW,CE,Combined TRACON& Tower with Radar,550,94,86,10,740,0,0,39,3,42,550,94,125,13,782,12,0,12,794
05/22/2023,AUS,TX,ASW,CE,Combined TRACON& Tower with Radar,592,86,109,4,791,0,0,44,4,48,592,86,153,8,839,0,0,0,839
05/23/2023,AUS,TX,ASW,CE,Combined TRACON& Tower with Radar,569,72,88,8,737,0,0,52,19,71,569,72,140,27,808,0,0,0,808
05/24/2023,AUS,TX,ASW,CE,Combined TRACON& Tower with Radar,572,70,114,4,760,0,0,46,16,62,572,70,160,20,822,0,0,0,822
05/25/2023,AUS,TX,ASW,CE,Combined TRACON& Tower with Radar,581,73,118,0,772,0,2,58,11,71,581,75,176,11,843,0,0,0,843
05/26/2023,AUS,TX,ASW,CE,Combined TRACON& Tower with Radar,598,70,84,5,757,0,10,70,6,86,598,80,154,11,843,0,0,0,843
05/27/2023,AUS,TX,ASW,CE,Combined TRACON& Tower with Radar,433,40,48,1,522,0,5,43,3,51,433,45,91,4,573,0,0,0,573
05/28/2023,AUS,TX,ASW,CE,Combined TRACON& Tower with Radar,504,37,47,3,591,0,4,36,2,42,504,41,83,5,633,0,0,0,633
05/29/2023,AUS,TX,ASW,CE,Combined TRACON& Tower with Radar,581,63,64,1,709,0,2,39,1,42,581,65,103,2,751,0,0,0,751
05/30/2023,AUS,TX,ASW,CE,Combined TRACON& Tower with Radar,576,49,72,3,700,0,2,33,10,45,576,51,105,13,745,0,0,0,745
05/31/2023,AUS,TX,ASW,CE,Combined TRACON& Tower with Radar,576,72,93,5,746,0,1,59,21,81,576,73,152,26,827,6,0,6,833
06/01/2023,AUS,TX,ASW,CE,Combined TRACON& Tower with Radar,571,70,93,4,738,0,4,56,17,77,571,74,149,21,815,0,0,0,815
06/02/2023,AUS,TX,ASW,CE,Combined TRACON& Tower with Radar,588,71,92,10,761,0,11,47,6,64,588,82,139,16,825,0,0,0,825
06/03/2023,AUS,TX,ASW,CE,Combined TRACON& Tower with Radar,447,42,71,9,569,0,3,46,4,53,447,45,117,13,622,0,0,0,622
06/04/2023,AUS,TX,ASW,CE,Combined TRACON& Tower with Radar,540,55,71,7,673,0,2,28,0,30,540,57,99,7,703,0,0,0,703
06/05/2023,AUS,TX,ASW,CE,Combined TRACON& Tower with Radar,598,50,71,4,723,0,1,26,7,34,598,51,97,11,757,0,0,0,757
06/06/2023,AUS,TX,ASW,CE,Combined TRACON& Tower with Radar,588,78,73,2,741,0,10,48,8,66,588,88,121,10,807,0,0,0,807
06/07/2023,AUS,TX,ASW,CE,Combined TRACON& Tower with Radar,611,68,94,2,775,0,6,57,11,74,611,74,151,13,849,0,0,0,849
06/08/2023,AUS,TX,ASW,CE,Combined TRACON& Tower with Radar,602,66,92,1,761,0,4,53,13,70,602,70,145,14,831,0,0,0,831
06/09/2023,AUS,TX,ASW,CE,Combined TRACON& Tower with Radar,587,70,94,6,757,0,11,51,1,63,587,81,145,7,820,0,0,0,820
06/10/2023,AUS,TX,ASW,CE,Combined TRACON& Tower with Radar,461,50,48,1,560,0,6,40,10,56,461,56,88,11,616,0,0,0,616
06/11/2023,AUS,TX,ASW,CE,Combined TRACON& Tower with Radar,543,61,103,5,712,0,7,50,11,68,543,68,153,16,780,0,12,12,792
06/12/2023,AUS,TX,ASW,CE,Combined TRACON& Tower with Radar,586,70,86,3,745,0,5,23,17,45,586,75,109,20,790,0,0,0,790
06/13/2023,AUS,TX,ASW,CE,Combined TRACON& Tower with Radar,595,63,115,0,773,0,5,18,8,31,595,68,133,8,804,0,0,0,804
06/14/2023,AUS,TX,ASW,CE,Combined TRACON& Tower with Radar,578,78,106,7,769,0,6,52,15,73,578,84,158,22,842,0,0,0,842
06/15/2023,AUS,TX,ASW,CE,Combined TRACON& Tower with Radar,598,84,105,0,787,0,4,41,17,62,598,88,146,17,849,0,0,0,849
06/16/2023,AUS,TX,ASW,CE,Combined TRACON& Tower with Radar,603,54,96,12,765,0,6,39,10,55,603,60,135,22,820,0,0,0,820
06/17/2023,AUS,TX,ASW,CE,Combined TRACON& Tower with Radar,464,47,83,0,594,0,2,39,20,61,464,49,122,20,655,0,0,0,655
06/18/2023,AUS,TX,ASW,CE,Combined TRACON& Tower with Radar,540,50,73,1,664,0,2,21,10,33,540,52,94,11,697,0,0,0,697
06/19/2023,AUS,TX,ASW,CE,Combined TRACON& Tower with Radar,591,54,74,2,721,0,6,37,12,55,591,60,111,14,776,0,0,0,776
06/20/2023,AUS,TX,ASW,CE,Combined TRACON& Tower with Radar,577,62,84,1,724,0,7,31,17,55,577,69,115,18,779,0,0,0,779
06/21/2023,AUS,TX,ASW,CE,Combined TRACON& Tower with Radar,587,63,92,6,748,0,5,36,7,48,587,68,128,13,796,0,0,0,796
06/22/2023,AUS,TX,ASW,CE,Combined TRACON& Tower with Radar,616,67,92,5,780,0,2,36,14,52,616,69,128,19,832,0,0,0,832
06/23/2023,AUS,TX,ASW,CE,Combined TRACON& Tower with Radar,615,74,96,14,799,0,2,29,12,43,615,76,125,26,842,0,0,0,842
06/24/2023,AUS,TX,ASW,CE,Combined TRACON& Tower with Radar,453,39,54,9,555,0,7,42,15,64,453,46,96,24,619,0,0,0,619
06/25/2023,AUS,TX,ASW,CE,Combined TRACON& Tower with Radar,523,52,81,13,669,0,5,39,4,48,523,57,120,17,717,0,0,0,717
06/26/2023,AUS,TX,ASW,CE,Combined TRACON& Tower with Radar,574,59,67,1,701,0,5,36,5,46,574,64,103,6,747,0,0,0,747
06/27/2023,AUS,TX,ASW,CE,Combined TRACON& Tower with Radar,544,73,81,3,701,0,2,64,12,78,544,75,145,15,779,0,0,0,779
06/28/2023,AUS,TX,ASW,CE,Combined TRACON& Tower with Radar,562,65,89,4,720,0,5,62,17,84,562,70,151,21,804,0,0,0,804
06/29/2023,AUS,TX,ASW,CE,Combined TRACON& Tower with Radar,559,81,84,8,732,0,2,78,12,92,559,83,162,20,824,0,0,0,824
06/30/2023,AUS,TX,ASW,CE,Combined TRACON& Tower with Radar,562,94,68,4,728,0,4,43,6,53,562,98,111,10,781,0,0,0,781
07/01/2023,AUS,TX,ASW,CE,Combined TRACON& Tower with Radar,461,44,47,2,554,0,2,40,5,47,461,46,87,7,601,0,0,0,601
07/02/2023,AUS,TX,ASW,CE,Combined TRACON& Tower with Radar,512,38,46,0,596,0,4,38,10,52,512,42,84,10,648,0,0,0,648
07/03/2023,AUS,TX,ASW,CE,Combined TRACON& Tower with Radar,512,37,41,0,590,0,3,43,4,50,512,40,84,4,640,0,0,0,640
07/04/2023,AUS,TX,ASW,CE,Combined TRACON& Tower with Radar,476,17,19,0,512,0,0,27,7,34,476,17,46,7,546,0,0,0,546
07/05/2023,AUS,TX,ASW,CE,Combined TRACON& Tower with Radar,554,40,73,4,671,0,0,26,12,38,554,40,99,16,709,0,0,0,709
07/06/2023,AUS,TX,ASW,CE,Combined TRACON& Tower with Radar,607,54,60,4,725,0,0,36,8,44,607,54,96,12,769,0,0,0,769
07/07/2023,AUS,TX,ASW,CE,Combined TRACON& Tower with Radar,587,56,60,11,714,0,1,35,14,50,587,57,95,25,764,0,0,0,764
07/08/2023,AUS,TX,ASW,CE,Combined TRACON& Tower with Radar,468,45,59,13,585,0,2,35,5,42,468,47,94,18,627,0,0,0,627
07/09/2023,AUS,TX,ASW,CE,Combined TRACON& Tower with Radar,562,63,75,1,701,0,0,42,2,44,562,63,117,3,745,0,0,0,745
07/10/2023,AUS,TX,ASW,CE,Combined TRACON& Tower with Radar,600,38,52,4,694,0,0,46,8,54,600,38,98,12,748,0,0,0,748
07/11/2023,AUS,TX,ASW,CE,Combined TRACON& Tower with Radar,591,63,85,1,740,0,0,37,16,53,591,63,122,17,793,0,0,0,793
07/12/2023,AUS,TX,ASW,CE,Combined TRACON& Tower with Radar,596,71,74,2,743,1,8,38,18,65,597,79,112,20,808,0,0,0,808
07/13/2023,AUS,TX,ASW,CE,Combined TRACON& Tower with Radar,617,65,74,2,758,1,2,64,19,86,618,67,138,21,844,0,0,0,844
07/14/2023,AUS,TX,ASW,CE,Combined TRACON& Tower with Radar,600,68,59,4,731,0,2,45,23,70,600,70,104,27,801,0,0,0,801
07/15/2023,AUS,TX,ASW,CE,Combined TRACON& Tower with Radar,476,47,61,6,590,0,7,33,22,62,476,54,94,28,652,0,0,0,652
07/16/2023,AUS,TX,ASW,CE,Combined TRACON& Tower with Radar,559,59,79,7,704,0,5,55,8,68,559,64,134,15,772,0,0,0,772
07/17/2023,AUS,TX,ASW,CE,Combined TRACON& Tower with Radar,620,65,70,4,759,1,2,43,2,48,621,67,113,6,807,0,0,0,807
07/18/2023,AUS,TX,ASW,CE,Combined TRACON& Tower with Radar,585,62,75,2,724,0,2,52,10,64,585,64,127,12,788,0,0,0,788
07/19/2023,AUS,TX,ASW,CE,Combined TRACON& Tower with Radar,606,71,89,3,769,0,6,46,18,70,606,77,135,21,839,0,0,0,839
07/20/2023,AUS,TX,ASW,CE,Combined TRACON& Tower with Radar,606,62,70,8,746,1,0,44,16,61,607,62,114,24,807,0,0,0,807
07/21/2023,AUS,TX,ASW,CE,Combined TRACON& Tower with Radar,607,52,79,4,742,0,2,35,16,53,607,54,114,20,795,10,0,10,805
07/22/2023,AUS,TX,ASW,CE,Combined TRACON& Tower with Radar,483,42,38,2,565,1,7,43,23,74,484,49,81,25,639,4,0,4,643
07/23/2023,AUS,TX,ASW,CE,Combined TRACON& Tower with Radar,563,55,58,11,687,0,2,38,18,58,563,57,96,29,745,0,0,0,745
07/24/2023,AUS,TX,ASW,CE,Combined TRACON& Tower with Radar,613,58,83,8,762,1,1,18,5,25,614,59,101,13,787,0,0,0,787
07/25/2023,AUS,TX,ASW,CE,Combined TRACON& Tower with Radar,573,53,82,4,712,0,0,28,7,35,573,53,110,11,747,0,0,0,747
07/26/2023,AUS,TX,ASW,CE,Combined TRACON& Tower with Radar,586,72,107,10,775,0,1,24,16,41,586,73,131,26,816,0,0,0,816
07/27/2023,AUS,TX,ASW,CE,Combined TRACON& Tower with Radar,608,64,104,8,784,0,0,25,10,35,608,64,129,18,819,0,0,0,819
07/28/2023,AUS,TX,ASW,CE,Combined TRACON& Tower with Radar,601,67,76,13,757,0,1,25,11,37,601,68,101,24,794,0,0,0,794
07/29/2023,AUS,TX,ASW,CE,Combined TRACON& Tower with Radar,478,49,89,4,620,0,0,26,3,29,478,49,115,7,649,0,0,0,649
07/30/2023,AUS,TX,ASW,CE,Combined TRACON& Tower with Radar,566,54,92,11,723,0,1,25,6,32,566,55,117,17,755,0,0,0,755
07/31/2023,AUS,TX,ASW,CE,Combined TRACON& Tower with Radar,611,63,82,5,761,1,0,21,5,27,612,63,103,10,788,0,0,0,788
08/01/2023,AUS,TX,ASW,CE,Combined TRACON& Tower with Radar,577,62,84,6,729,0,0,14,8,22,577,62,98,14,751,0,0,0,751
08/02/2023,AUS,TX,ASW,CE,Combined TRACON& Tower with Radar,594,46,109,5,754,0,0,32,17,49,594,46,141,22,803,0,0,0,803
08/03/2023,AUS,TX,ASW,CE,Combined TRACON& Tower with Radar,602,59,74,14,749,0,0,25,13,38,602,59,99,27,787,0,0,0,787
08/04/2023,AUS,TX,ASW,CE,Combined TRACON& Tower with Radar,605,62,72,20,759,0,3,17,15,35,605,65,89,35,794,0,0,0,794
08/05/2023,AUS,TX,ASW,CE,Combined TRACON& Tower with Radar,485,35,69,12,601,1,3,28,5,37,486,38,97,17,638,0,0,0,638
08/06/2023,AUS,TX,ASW,CE,Combined TRACON& Tower with Radar,536,45,81,3,665,0,3,20,7,30,536,48,101,10,695,0,0,0,695
08/07/2023,AUS,TX,ASW,CE,Combined TRACON& Tower with Radar,593,38,89,18,738,1,2,24,7,34,594,40,113,25,772,0,0,0,772
08/08/2023,AUS,TX,ASW,CE,Combined TRACON& Tower with Radar,580,53,92,7,732,0,1,13,8,22,580,54,105,15,754,0,0,0,754
08/09/2023,AUS,TX,ASW,CE,Combined TRACON& Tower with Radar,598,70,122,3,793,0,1,26,14,41,598,71,148,17,834,0,0,0,834
08/10/2023,AUS,TX,ASW,CE,Combined TRACON& Tower with Radar,603,69,100,2,774,0,3,25,9,37,603,72,125,11,811,0,0,0,811
08/11/2023,AUS,TX,ASW,CE,Combined TRACON& Tower with Radar,600,69,95,7,771,0,3,24,13,40,600,72,119,20,811,0,0,0,811
08/12/2023,AUS,TX,ASW,CE,Combined TRACON& Tower with Radar,475,33,53,2,563,0,2,16,13,31,475,35,69,15,594,0,0,0,594
08/13/2023,AUS,TX,ASW,CE,Combined TRACON& Tower with Radar,557,59,72,4,692,0,0,10,6,16,557,59,82,10,708,0,0,0,708
08/14/2023,AUS,TX,ASW,CE,Combined TRACON& Tower with Radar,595,53,93,6,747,0,1,18,6,25,595,54,111,12,772,0,0,0,772
08/15/2023,AUS,TX,ASW,CE,Combined TRACON& Tower with Radar,575,51,70,5,701,0,0,20,12,32,575,51,90,17,733,0,0,0,733
08/16/2023,AUS,TX,ASW,CE,Combined TRACON& Tower with Radar,572,66,129,11,778,1,2,33,9,45,573,68,162,20,823,0,0,0,823
08/17/2023,AUS,TX,ASW,CE,Combined TRACON& Tower with Radar,580,62,82,4,728,1,1,14,8,24,581,63,96,12,752,0,0,0,752
08/18/2023,AUS,TX,ASW,CE,Combined TRACON& Tower with Radar,593,74,104,22,793,0,2,25,6,33,593,76,129,28,826,0,0,0,826
08/19/2023,AUS,TX,ASW,CE,Combined TRACON& Tower with Radar,452,41,61,9,563,0,0,17,4,21,452,41,78,13,584,0,0,0,584
08/20/2023,AUS,TX,ASW,CE,Combined TRACON& Tower with Radar,548,61,70,4,683,0,0,21,6,27,548,61,91,10,710,0,0,0,710
08/21/2023,AUS,TX,ASW,CE,Combined TRACON& Tower with Radar,604,53,92,4,753,0,4,15,6,25,604,57,107,10,778,0,0,0,778
08/22/2023,AUS,TX,ASW,CE,Combined TRACON& Tower with Radar,569,45,90,1,705,0,1,11,9,21,569,46,101,10,726,0,0,0,726
08/23/2023,AUS,TX,ASW,CE,Combined TRACON& Tower with Radar,565,55,121,3,744,0,3,18,15,36,565,58,139,18,780,0,0,0,780
08/24/2023,AUS,TX,ASW,CE,Combined TRACON& Tower with Radar,589,65,96,2,752,2,0,23,15,40,591,65,119,17,792,0,0,0,792
08/25/2023,AUS,TX,ASW,CE,Combined TRACON& Tower with Radar,591,56,96,9,752,0,3,31,11,45,591,59,127,20,797,0,0,0,797
08/26/2023,AUS,TX,ASW,CE,Combined TRACON& Tower with Radar,451,43,52,9,555,0,0,19,1,20,451,43,71,10,575,0,0,0,575
08/27/2023,AUS,TX,ASW,CE,Combined TRACON& Tower with Radar,558,42,90,6,696,0,0,19,3,22,558,42,109,9,718,0,0,0,718
08/28/2023,AUS,TX,ASW,CE,Combined TRACON& Tower with Radar,598,56,90,5,749,0,2,17,2,21,598,58,107,7,770,0,0,0,770
08/29/2023,AUS,TX,ASW,CE,Combined TRACON& Tower with Radar,551,59,92,4,706,0,3,27,16,46,551,62,119,20,752,20,0,20,772
08/30/2023,AUS,TX,ASW,CE,Combined TRACON& Tower with Radar,556,64,101,8,729,1,0,31,19,51,557,64,132,27,780,0,0,0,780
08/31/2023,AUS,TX,ASW,CE,Combined TRACON& Tower with Radar,592,87,127,7,813,0,2,27,8,37,592,89,154,15,850,0,0,0,850
