01/01/2000,AVL,NC,ASO,ES,Towers with Radar,7,21,19,0,47,0,0,38,0,38,7,21,57,0,85,34,0,34,119
01/02/2000,AVL,NC,ASO,ES,Towers with Radar,14,29,43,0,86,0,0,43,0,43,14,29,86,0,129,54,0,54,183
01/03/2000,AVL,NC,ASO,ES,Towers with Radar,16,37,29,1,83,0,0,9,0,9,16,37,38,1,92,14,0,14,106
01/04/2000,AVL,NC,ASO,ES,Towers with Radar,9,40,24,0,73,0,0,9,0,9,9,40,33,0,82,0,0,0,82
01/05/2000,AVL,NC,ASO,ES,Towers with Radar,12,44,40,14,110,0,1,52,10,63,12,45,92,24,173,90,42,132,305
01/06/2000,AVL,NC,ASO,ES,Towers with Radar,9,45,35,0,89,0,0,66,0,66,9,45,101,0,155,14,0,14,169
01/07/2000,AVL,NC,ASO,ES,Towers with Radar,12,34,20,11,77,0,0,53,1,54,12,34,73,12,131,4,8,12,143
01/08/2000,AVL,NC,ASO,ES,Towers with Radar,11,28,19,4,62,0,0,77,4,81,11,28,96,8,143,66,8,74,217
01/09/2000,AVL,NC,ASO,ES,Towers with Radar,15,34,13,0,62,1,4,0,0,5,16,38,13,0,67,0,0,0,67
01/10/2000,AVL,NC,ASO,ES,Towers with Radar,15,41,38,0,94,0,0,30,1,31,15,41,68,1,125,8,0,8,133
01/11/2000,AVL,NC,ASO,ES,Towers with Radar,13,38,44,0,95,0,0,28,4,32,13,38,72,4,127,12,0,12,139
01/12/2000,AVL,NC,ASO,ES,Towers with Radar,12,43,44,1,100,0,0,78,1,79,12,43,122,2,179,52,0,52,231
01/13/2000,AVL,NC,ASO,ES,Towers with Radar,10,42,33,0,85,0,1,30,1,32,10,43,63,1,117,18,0,18,135
01/14/2000,AVL,NC,ASO,ES,Towers with Radar,14,38,49,2,103,0,2,42,1,45,14,40,91,3,148,46,2,48,196
01/15/2000,AVL,NC,ASO,ES,Towers with Radar,12,33,20,0,65,0,0,106,2,108,12,33,126,2,173,82,0,82,255
01/16/2000,AVL,NC,ASO,ES,Towers with Radar,10,36,55,2,103,0,0,15,0,15,10,36,70,2,118,72,0,72,190
01/17/2000,AVL,NC,ASO,ES,Towers with Radar,11,38,38,0,87,0,0,57,2,59,11,38,95,2,146,70,0,70,216
01/18/2000,AVL,NC,ASO,ES,Towers with Radar,7,43,32,0,82,0,0,0,0,0,7,43,32,0,82,0,0,0,82
01/19/2000,AVL,NC,ASO,ES,Towers with Radar,7,44,46,4,101,0,0,41,4,45,7,44,87,8,146,40,10,50,196
01/20/2000,AVL,NC,ASO,ES,Towers with Radar,7,43,17,12,79,0,0,6,1,7,7,43,23,13,86,0,0,0,86
01/21/2000,AVL,NC,ASO,ES,Towers with Radar,19,34,24,0,77,0,0,28,1,29,19,34,52,1,106,12,2,14,120
01/22/2000,AVL,NC,ASO,ES,Towers with Radar,10,24,7,0,41,0,0,5,0,5,10,24,12,0,46,8,0,8,54
01/23/2000,AVL,NC,ASO,ES,Towers with Radar,7,18,3,0,28,0,0,0,0,0,7,18,3,0,28,0,0,0,28
01/24/2000,AVL,NC,ASO,ES,Towers with Radar,9,36,40,0,85,0,0,8,0,8,9,36,48,0,93,14,0,14,107
01/25/2000,AVL,NC,ASO,ES,Towers with Radar,6,40,31,2,79,0,1,16,2,19,6,41,47,4,98,6,0,6,104
01/26/2000,AVL,NC,ASO,ES,Towers with Radar,11,37,42,0,90,0,0,9,0,9,11,37,51,0,99,6,0,6,105
01/27/2000,AVL,NC,ASO,ES,Towers with Radar,9,40,32,2,83,0,0,27,0,27,9,40,59,2,110,14,0,14,124
01/28/2000,AVL,NC,ASO,ES,Towers with Radar,8,29,32,0,69,0,0,33,0,33,8,29,65,0,102,28,0,28,130
01/29/2000,AVL,NC,ASO,ES,Towers with Radar,5,13,2,0,20,0,0,0,0,0,5,13,2,0,20,0,0,0,20
01/30/2000,AVL,NC,ASO,ES,Towers with Radar,6,12,4,0,22,0,0,0,0,0,6,12,4,0,22,0,0,0,22
01/31/2000,AVL,NC,ASO,ES,Towers with Radar,6,43,31,0,80,0,0,7,0,7,6,43,38,0,87,2,0,2,89
02/01/2000,AVL,NC,ASO,ES,Towers with Radar,7,43,29,8,87,0,1,33,1,35,7,44,62,9,122,16,6,22,144
02/02/2000,AVL,NC,ASO,ES,Towers with Radar,6,44,35,4,89,0,0,44,6,50,6,44,79,10,139,26,0,26,165
02/03/2000,AVL,NC,ASO,ES,Towers with Radar,16,35,37,2,90,0,1,57,2,60,16,36,94,4,150,40,0,40,190
02/04/2000,AVL,NC,ASO,ES,Towers with Radar,12,40,46,16,114,0,0,32,3,35,12,40,78,19,149,16,12,28,177
02/05/2000,AVL,NC,ASO,ES,Towers with Radar,13,28,23,0,64,0,0,43,0,43,13,28,66,0,107,46,0,46,153
02/06/2000,AVL,NC,ASO,ES,Towers with Radar,17,28,23,6,74,0,0,72,16,88,17,28,95,22,162,56,22,78,240
02/07/2000,AVL,NC,ASO,ES,Towers with Radar,12,36,29,6,83,0,0,68,5,73,12,36,97,11,156,58,17,75,231
02/08/2000,AVL,NC,ASO,ES,Towers with Radar,7,38,30,1,76,0,0,60,1,61,7,38,90,2,137,28,2,30,167
02/09/2000,AVL,NC,ASO,ES,Towers with Radar,8,50,55,11,124,0,0,60,4,64,8,50,115,15,188,90,40,130,318
02/10/2000,AVL,NC,ASO,ES,Towers with Radar,10,47,32,13,102,0,0,83,3,86,10,47,115,16,188,105,24,129,317
02/11/2000,AVL,NC,ASO,ES,Towers with Radar,14,34,41,9,98,0,0,44,5,49,14,34,85,14,147,74,14,88,235
02/12/2000,AVL,NC,ASO,ES,Towers with Radar,9,31,14,0,54,0,0,0,0,0,9,31,14,0,54,0,0,0,54
02/13/2000,AVL,NC,ASO,ES,Towers with Radar,12,25,22,1,60,0,0,0,0,0,12,25,22,1,60,0,0,0,60
02/14/2000,AVL,NC,ASO,ES,Towers with Radar,7,36,35,5,83,0,0,7,2,9,7,36,42,7,92,18,12,30,122
02/15/2000,AVL,NC,ASO,ES,Towers with Radar,11,42,35,2,90,0,0,60,2,62,11,42,95,4,152,64,0,64,216
02/16/2000,AVL,NC,ASO,ES,Towers with Radar,10,40,47,9,106,0,0,61,2,63,10,40,108,11,169,74,0,74,243
02/17/2000,AVL,NC,ASO,ES,Towers with Radar,11,37,39,17,104,0,1,72,19,92,11,38,111,36,196,112,23,135,331
02/18/2000,AVL,NC,ASO,ES,Towers with Radar,10,33,31,2,76,0,0,13,0,13,10,33,44,2,89,36,0,36,125
02/19/2000,AVL,NC,ASO,ES,Towers with Radar,11,28,25,0,64,0,0,11,0,11,11,28,36,0,75,0,0,0,75
02/20/2000,AVL,NC,ASO,ES,Towers with Radar,17,29,41,1,88,0,0,66,0,66,17,29,107,1,154,34,0,34,188
02/21/2000,AVL,NC,ASO,ES,Towers with Radar,10,42,33,10,95,0,0,74,4,78,10,42,107,14,173,12,12,24,197
02/22/2000,AVL,NC,ASO,ES,Towers with Radar,12,42,34,4,92,0,0,41,1,42,12,42,75,5,134,70,0,70,204
02/23/2000,AVL,NC,ASO,ES,Towers with Radar,11,36,60,4,111,0,0,61,4,65,11,36,121,8,176,56,2,58,234
02/24/2000,AVL,NC,ASO,ES,Towers with Radar,10,41,48,4,103,0,0,29,2,31,10,41,77,6,134,66,0,66,200
02/25/2000,AVL,NC,ASO,ES,Towers with Radar,8,42,45,10,105,0,2,63,11,76,8,44,108,21,181,42,20,62,243
02/26/2000,AVL,NC,ASO,ES,Towers with Radar,14,27,37,3,81,0,0,120,0,120,14,27,157,3,201,130,2,132,333
02/27/2000,AVL,NC,ASO,ES,Towers with Radar,7,37,20,0,64,0,0,2,0,2,7,37,22,0,66,0,0,0,66
02/28/2000,AVL,NC,ASO,ES,Towers with Radar,6,44,41,1,92,0,0,34,4,38,6,44,75,5,130,20,0,20,150
02/29/2000,AVL,NC,ASO,ES,Towers with Radar,13,39,34,7,93,0,0,54,1,55,13,39,88,8,148,30,6,36,184
03/01/2000,AVL,NC,ASO,ES,Towers with Radar,9,42,47,6,104,1,0,55,0,56,10,42,102,6,160,11,0,11,171
03/02/2000,AVL,NC,ASO,ES,Towers with Radar,13,35,31,0,79,1,0,76,0,77,14,35,107,0,156,54,0,54,210
03/03/2000,AVL,NC,ASO,ES,Towers with Radar,13,35,60,3,111,0,0,68,1,69,13,35,128,4,180,72,0,72,252
03/04/2000,AVL,NC,ASO,ES,Towers with Radar,17,22,22,2,63,1,0,25,0,26,18,22,47,2,89,50,0,50,139
03/05/2000,AVL,NC,ASO,ES,Towers with Radar,9,31,31,4,75,1,0,115,6,122,10,31,146,10,197,68,4,72,269
03/06/2000,AVL,NC,ASO,ES,Towers with Radar,8,43,25,5,81,1,2,78,5,86,9,45,103,10,167,22,8,30,197
03/07/2000,AVL,NC,ASO,ES,Towers with Radar,12,41,41,2,96,0,2,79,3,84,12,43,120,5,180,52,4,56,236
03/08/2000,AVL,NC,ASO,ES,Towers with Radar,13,41,46,2,102,0,3,96,5,104,13,44,142,7,206,110,0,110,316
03/09/2000,AVL,NC,ASO,ES,Towers with Radar,11,47,53,0,111,0,1,30,0,31,11,48,83,0,142,47,0,47,189
03/10/2000,AVL,NC,ASO,ES,Towers with Radar,13,41,41,0,95,0,0,55,1,56,13,41,96,1,151,28,0,28,179
03/11/2000,AVL,NC,ASO,ES,Towers with Radar,17,23,10,0,50,0,0,4,0,4,17,23,14,0,54,22,0,22,76
03/12/2000,AVL,NC,ASO,ES,Towers with Radar,7,36,34,0,77,0,0,15,0,15,7,36,49,0,92,8,0,8,100
03/13/2000,AVL,NC,ASO,ES,Towers with Radar,9,43,40,12,104,0,0,62,9,71,9,43,102,21,175,98,10,108,283
03/14/2000,AVL,NC,ASO,ES,Towers with Radar,11,39,53,3,106,0,0,66,13,79,11,39,119,16,185,155,22,177,362
03/15/2000,AVL,NC,ASO,ES,Towers with Radar,8,45,42,4,99,0,0,68,1,69,8,45,110,5,168,114,0,114,282
03/16/2000,AVL,NC,ASO,ES,Towers with Radar,8,45,53,7,113,0,0,0,0,0,8,45,53,7,113,0,2,2,115
03/17/2000,AVL,NC,ASO,ES,Towers with Radar,19,28,41,2,90,0,2,21,1,24,19,30,62,3,114,8,0,8,122
03/18/2000,AVL,NC,ASO,ES,Towers with Radar,12,30,28,0,70,0,0,69,2,71,12,30,97,2,141,26,0,26,167
03/19/2000,AVL,NC,ASO,ES,Towers with Radar,16,31,39,0,86,0,0,8,0,8,16,31,47,0,94,32,0,32,126
03/20/2000,AVL,NC,ASO,ES,Towers with Radar,12,41,31,0,84,0,0,9,0,9,12,41,40,0,93,20,0,20,113
03/21/2000,AVL,NC,ASO,ES,Towers with Radar,8,44,54,12,118,2,0,51,1,54,10,44,105,13,172,114,10,124,296
03/22/2000,AVL,NC,ASO,ES,Towers with Radar,14,41,43,0,98,0,0,54,2,56,14,41,97,2,154,30,0,30,184
03/23/2000,AVL,NC,ASO,ES,Towers with Radar,11,40,49,1,101,0,0,79,1,80,11,40,128,2,181,66,0,66,247
03/24/2000,AVL,NC,ASO,ES,Towers with Radar,10,47,60,7,124,0,0,105,8,113,10,47,165,15,237,116,22,138,375
03/25/2000,AVL,NC,ASO,ES,Towers with Radar,18,21,31,1,71,0,0,93,1,94,18,21,124,2,165,94,2,96,261
03/26/2000,AVL,NC,ASO,ES,Towers with Radar,12,34,29,2,77,0,0,76,0,76,12,34,105,2,153,44,0,44,197
03/27/2000,AVL,NC,ASO,ES,Towers with Radar,11,42,57,2,112,0,0,16,1,17,11,42,73,3,129,18,0,18,147
03/28/2000,AVL,NC,ASO,ES,Towers with Radar,15,38,37,0,90,0,2,24,15,41,15,40,61,15,131,5,0,5,136
03/29/2000,AVL,NC,ASO,ES,Towers with Radar,13,42,62,10,127,0,0,73,7,80,13,42,135,17,207,78,24,102,309
03/30/2000,AVL,NC,ASO,ES,Towers with Radar,16,36,53,1,106,0,0,38,8,46,16,36,91,9,152,86,20,106,258
03/31/2000,AVL,NC,ASO,ES,Towers with Radar,12,41,48,13,114,0,0,90,4,94,12,41,138,17,208,114,0,114,322
04/01/2000,AVL,NC,ASO,ES,Towers with Radar,18,25,36,0,79,0,0,109,3,112,18,25,145,3,191,110,0,110,301
04/02/2000,AVL,NC,ASO,ES,Towers with Radar,8,32,39,0,79,0,0,1,0,1,8,32,40,0,80,6,0,6,86
04/03/2000,AVL,NC,ASO,ES,Towers with Radar,9,36,45,0,90,0,0,2,0,2,9,36,47,0,92,4,0,4,96
04/04/2000,AVL,NC,ASO,ES,Towers with Radar,17,28,52,0,97,0,0,5,0,5,17,28,57,0,102,4,0,4,106
04/05/2000,AVL,NC,ASO,ES,Towers with Radar,18,28,56,0,102,0,2,77,4,83,18,30,133,4,185,56,2,58,243
04/06/2000,AVL,NC,ASO,ES,Towers with Radar,12,42,57,2,113,0,1,93,5,99,12,43,150,7,212,72,10,82,294
04/07/2000,AVL,NC,ASO,ES,Towers with Radar,9,43,54,0,106,0,0,69,0,69,9,43,123,0,175,34,0,34,209
04/08/2000,AVL,NC,ASO,ES,Towers with Radar,15,24,17,0,56,0,0,0,0,0,15,24,17,0,56,0,0,0,56
04/09/2000,AVL,NC,ASO,ES,Towers with Radar,14,30,34,1,79,0,0,73,0,73,14,30,107,1,152,24,0,24,176
04/10/2000,AVL,NC,ASO,ES,Towers with Radar,9,35,26,1,71,0,0,80,10,90,9,35,106,11,161,18,10,28,189
04/11/2000,AVL,NC,ASO,ES,Towers with Radar,19,40,34,2,95,0,0,29,0,29,19,40,63,2,124,16,0,16,140
04/12/2000,AVL,NC,ASO,ES,Towers with Radar,17,36,57,0,110,0,0,34,0,34,17,36,91,0,144,54,0,54,198
04/13/2000,AVL,NC,ASO,ES,Towers with Radar,11,46,64,0,121,0,0,0,0,0,11,46,64,0,121,14,0,14,135
04/14/2000,AVL,NC,ASO,ES,Towers with Radar,17,35,85,0,137,0,0,8,0,8,17,35,93,0,145,30,0,30,175
04/15/2000,AVL,NC,ASO,ES,Towers with Radar,9,31,46,0,86,0,0,0,0,0,9,31,46,0,86,0,0,0,86
04/16/2000,AVL,NC,ASO,ES,Towers with Radar,12,33,68,0,113,0,0,61,0,61,12,33,129,0,174,80,0,80,254
04/17/2000,AVL,NC,ASO,ES,Towers with Radar,9,42,43,0,94,0,1,14,0,15,9,43,57,0,109,0,0,0,109
04/18/2000,AVL,NC,ASO,ES,Towers with Radar,10,43,57,2,112,0,0,12,0,12,10,43,69,2,124,4,0,4,128
04/19/2000,AVL,NC,ASO,ES,Towers with Radar,12,40,48,6,106,0,0,78,3,81,12,40,126,9,187,124,2,126,313
04/20/2000,AVL,NC,ASO,ES,Towers with Radar,12,37,59,13,121,0,0,47,11,58,12,37,106,24,179,26,32,58,237
04/21/2000,AVL,NC,ASO,ES,Towers with Radar,10,38,43,2,93,0,0,30,0,30,10,38,73,2,123,14,0,14,137
04/22/2000,AVL,NC,ASO,ES,Towers with Radar,11,26,37,0,74,0,2,15,0,17,11,28,52,0,91,48,0,48,139
04/23/2000,AVL,NC,ASO,ES,Towers with Radar,13,35,37,0,85,0,0,78,0,78,13,35,115,0,163,54,0,54,217
04/24/2000,AVL,NC,ASO,ES,Towers with Radar,13,37,45,0,95,0,0,12,0,12,13,37,57,0,107,14,0,14,121
04/25/2000,AVL,NC,ASO,ES,Towers with Radar,16,37,59,0,112,0,0,0,0,0,16,37,59,0,112,10,0,10,122
04/26/2000,AVL,NC,ASO,ES,Towers with Radar,15,40,58,0,113,0,0,53,5,58,15,40,111,5,171,76,0,76,247
04/27/2000,AVL,NC,ASO,ES,Towers with Radar,13,42,70,7,132,0,1,92,7,100,13,43,162,14,232,108,0,108,340
04/28/2000,AVL,NC,ASO,ES,Towers with Radar,18,28,55,1,102,0,1,31,0,32,18,29,86,1,134,76,2,78,212
04/29/2000,AVL,NC,ASO,ES,Towers with Radar,11,27,40,0,78,0,0,51,0,51,11,27,91,0,129,42,0,42,171
04/30/2000,AVL,NC,ASO,ES,Towers with Radar,13,29,60,6,108,0,0,92,4,96,13,29,152,10,204,94,8,102,306
05/01/2000,AVL,NC,ASO,ES,Towers with Radar,11,35,60,3,109,0,1,64,3,68,11,36,124,6,177,88,0,88,265
05/02/2000,AVL,NC,ASO,ES,Towers with Radar,19,27,38,7,91,0,1,50,10,61,19,28,88,17,152,76,84,160,312
05/03/2000,AVL,NC,ASO,ES,Towers with Radar,18,31,63,5,117,0,1,35,11,47,18,32,98,16,164,60,42,102,266
05/04/2000,AVL,NC,ASO,ES,Towers with Radar,14,41,74,6,135,0,0,22,6,28,14,41,96,12,163,54,12,66,229
05/05/2000,AVL,NC,ASO,ES,Towers with Radar,16,46,63,1,126,0,0,131,6,137,16,46,194,7,263,126,8,134,397
05/06/2000,AVL,NC,ASO,ES,Towers with Radar,12,29,40,4,85,0,0,85,11,96,12,29,125,15,181,76,34,110,291
05/07/2000,AVL,NC,ASO,ES,Towers with Radar,14,28,48,3,93,3,0,60,0,63,17,28,108,3,156,18,0,18,174
05/08/2000,AVL,NC,ASO,ES,Towers with Radar,24,26,33,1,84,0,0,54,6,60,24,26,87,7,144,62,2,64,208
05/09/2000,AVL,NC,ASO,ES,Towers with Radar,19,31,48,0,98,0,2,85,7,94,19,33,133,7,192,40,8,48,240
05/10/2000,AVL,NC,ASO,ES,Towers with Radar,17,34,53,2,106,0,1,51,7,59,17,35,104,9,165,61,0,61,226
05/11/2000,AVL,NC,ASO,ES,Towers with Radar,13,36,39,7,95,0,0,94,13,107,13,36,133,20,202,78,24,102,304
05/12/2000,AVL,NC,ASO,ES,Towers with Radar,17,36,46,13,112,0,0,93,8,101,17,36,139,21,213,14,0,14,227
05/13/2000,AVL,NC,ASO,ES,Towers with Radar,12,25,37,0,74,0,0,73,17,90,12,25,110,17,164,108,30,138,302
05/14/2000,AVL,NC,ASO,ES,Towers with Radar,14,29,36,5,84,0,0,67,2,69,14,29,103,7,153,42,0,42,195
05/15/2000,AVL,NC,ASO,ES,Towers with Radar,14,39,50,1,104,0,0,78,5,83,14,39,128,6,187,64,0,64,251
05/16/2000,AVL,NC,ASO,ES,Towers with Radar,17,34,71,6,128,0,1,133,10,144,17,35,204,16,272,94,6,100,372
05/17/2000,AVL,NC,ASO,ES,Towers with Radar,22,32,64,28,146,0,1,50,14,65,22,33,114,42,211,74,18,92,303
05/18/2000,AVL,NC,ASO,ES,Towers with Radar,15,40,62,0,117,0,1,61,10,72,15,41,123,10,189,44,2,46,235
05/19/2000,AVL,NC,ASO,ES,Towers with Radar,17,38,70,2,127,0,0,78,11,89,17,38,148,13,216,22,2,24,240
05/20/2000,AVL,NC,ASO,ES,Towers with Radar,17,26,40,0,83,0,0,50,2,52,17,26,90,2,135,20,0,20,155
05/21/2000,AVL,NC,ASO,ES,Towers with Radar,13,38,65,0,116,0,0,17,0,17,13,38,82,0,133,42,0,42,175
05/22/2000,AVL,NC,ASO,ES,Towers with Radar,17,38,51,5,111,0,0,65,3,68,17,38,116,8,179,78,2,80,259
05/23/2000,AVL,NC,ASO,ES,Towers with Radar,19,33,58,0,110,0,0,23,2,25,19,33,81,2,135,6,2,8,143
05/24/2000,AVL,NC,ASO,ES,Towers with Radar,16,36,70,1,123,0,0,43,8,51,16,36,113,9,174,72,24,96,270
05/25/2000,AVL,NC,ASO,ES,Towers with Radar,17,33,69,2,121,0,0,38,5,43,17,33,107,7,164,14,0,14,178
05/26/2000,AVL,NC,ASO,ES,Towers with Radar,19,33,76,0,128,0,0,54,0,54,19,33,130,0,182,68,0,68,250
05/27/2000,AVL,NC,ASO,ES,Towers with Radar,14,25,22,0,61,0,0,35,0,35,14,25,57,0,96,48,0,48,144
05/28/2000,AVL,NC,ASO,ES,Towers with Radar,16,27,27,0,70,0,0,3,0,3,16,27,30,0,73,0,0,0,73
05/29/2000,AVL,NC,ASO,ES,Towers with Radar,14,35,59,1,109,0,0,44,2,46,14,35,103,3,155,39,0,39,194
05/30/2000,AVL,NC,ASO,ES,Towers with Radar,16,29,55,1,101,0,2,78,10,90,16,31,133,11,191,46,0,46,237
05/31/2000,AVL,NC,ASO,ES,Towers with Radar,15,34,50,0,99,0,2,89,5,96,15,36,139,5,195,110,0,110,305
06/01/2000,AVL,NC,ASO,ES,Towers with Radar,21,29,63,0,113,0,0,70,3,73,21,29,133,3,186,64,0,64,250
06/02/2000,AVL,NC,ASO,ES,Towers with Radar,19,36,57,3,115,0,0,46,1,47,19,36,103,4,162,32,0,32,194
06/03/2000,AVL,NC,ASO,ES,Towers with Radar,17,22,46,0,85,0,0,54,0,54,17,22,100,0,139,52,0,52,191
06/04/2000,AVL,NC,ASO,ES,Towers with Radar,23,26,55,0,104,0,0,12,1,13,23,26,67,1,117,50,0,50,167
06/05/2000,AVL,NC,ASO,ES,Towers with Radar,21,33,68,0,122,0,0,11,1,12,21,33,79,1,134,72,0,72,206
06/06/2000,AVL,NC,ASO,ES,Towers with Radar,19,31,60,2,112,0,0,30,0,30,19,31,90,2,142,18,0,18,160
06/07/2000,AVL,NC,ASO,ES,Towers with Radar,18,35,56,15,124,0,0,111,0,111,18,35,167,15,235,168,0,168,403
06/08/2000,AVL,NC,ASO,ES,Towers with Radar,18,30,57,12,117,0,0,117,2,119,18,30,174,14,236,130,20,150,386
06/09/2000,AVL,NC,ASO,ES,Towers with Radar,19,35,71,2,127,0,0,76,4,80,19,35,147,6,207,36,2,38,245
06/10/2000,AVL,NC,ASO,ES,Towers with Radar,18,22,48,0,88,0,0,83,0,83,18,22,131,0,171,114,0,114,285
06/11/2000,AVL,NC,ASO,ES,Towers with Radar,13,33,74,5,125,0,0,83,0,83,13,33,157,5,208,54,4,58,266
06/12/2000,AVL,NC,ASO,ES,Towers with Radar,19,30,27,10,86,0,0,78,1,79,19,30,105,11,165,120,4,124,289
06/13/2000,AVL,NC,ASO,ES,Towers with Radar,19,28,46,0,93,0,0,45,0,45,19,28,91,0,138,32,0,32,170
06/14/2000,AVL,NC,ASO,ES,Towers with Radar,21,32,55,6,114,0,0,45,2,47,21,32,100,8,161,4,16,20,181
06/15/2000,AVL,NC,ASO,ES,Towers with Radar,21,31,62,9,123,0,0,35,2,37,21,31,97,11,160,22,14,36,196
06/16/2000,AVL,NC,ASO,ES,Towers with Radar,19,27,73,5,124,0,0,23,3,26,19,27,96,8,150,26,0,26,176
06/17/2000,AVL,NC,ASO,ES,Towers with Radar,13,27,32,8,80,0,0,24,0,24,13,27,56,8,104,28,0,28,132
06/18/2000,AVL,NC,ASO,ES,Towers with Radar,24,28,78,0,130,0,0,58,0,58,24,28,136,0,188,111,0,111,299
06/19/2000,AVL,NC,ASO,ES,Towers with Radar,20,25,76,13,134,0,0,59,3,62,20,25,135,16,196,180,46,226,422
06/20/2000,AVL,NC,ASO,ES,Towers with Radar,16,34,39,4,93,0,0,17,1,18,16,34,56,5,111,42,0,42,153
06/21/2000,AVL,NC,ASO,ES,Towers with Radar,18,33,74,4,129,0,0,23,11,34,18,33,97,15,163,20,26,46,209
06/22/2000,AVL,NC,ASO,ES,Towers with Radar,23,34,77,7,141,0,0,30,0,30,23,34,107,7,171,52,24,76,247
06/23/2000,AVL,NC,ASO,ES,Towers with Radar,17,35,96,20,168,0,2,115,7,124,17,37,211,27,292,72,22,94,386
06/24/2000,AVL,NC,ASO,ES,Towers with Radar,15,34,60,0,109,0,0,85,0,85,15,34,145,0,194,53,0,53,247
06/25/2000,AVL,NC,ASO,ES,Towers with Radar,21,27,72,0,120,0,0,46,1,47,21,27,118,1,167,46,0,46,213
06/26/2000,AVL,NC,ASO,ES,Towers with Radar,18,32,68,1,119,0,0,31,11,42,18,32,99,12,161,28,60,88,249
06/27/2000,AVL,NC,ASO,ES,Towers with Radar,20,41,73,5,139,0,0,31,11,42,20,41,104,16,181,16,6,22,203
06/28/2000,AVL,NC,ASO,ES,Towers with Radar,18,39,77,2,136,0,0,23,17,40,18,39,100,19,176,24,32,56,232
06/29/2000,AVL,NC,ASO,ES,Towers with Radar,18,29,60,16,123,0,2,17,13,32,18,31,77,29,155,10,40,50,205
06/30/2000,AVL,NC,ASO,ES,Towers with Radar,20,27,124,8,179,0,0,88,8,96,20,27,212,16,275,53,2,55,330
07/01/2000,AVL,NC,ASO,ES,Towers with Radar,17,25,75,0,117,0,0,68,0,68,17,25,143,0,185,24,0,24,209
07/02/2000,AVL,NC,ASO,ES,Towers with Radar,20,24,60,0,104,0,0,62,0,62,20,24,122,0,166,26,0,26,192
07/03/2000,AVL,NC,ASO,ES,Towers with Radar,19,23,30,0,72,0,0,68,0,68,19,23,98,0,140,58,0,58,198
07/04/2000,AVL,NC,ASO,ES,Towers with Radar,14,24,35,3,76,0,0,46,0,46,14,24,81,3,122,44,4,48,170
07/05/2000,AVL,NC,ASO,ES,Towers with Radar,17,36,79,2,134,0,0,33,0,33,17,36,112,2,167,4,0,4,171
07/06/2000,AVL,NC,ASO,ES,Towers with Radar,19,31,64,3,117,0,0,36,0,36,19,31,100,3,153,44,0,44,197
07/07/2000,AVL,NC,ASO,ES,Towers with Radar,19,33,82,1,135,0,0,62,0,62,19,33,144,1,197,84,0,84,281
07/08/2000,AVL,NC,ASO,ES,Towers with Radar,17,26,57,0,100,0,0,50,0,50,17,26,107,0,150,10,0,10,160
07/09/2000,AVL,NC,ASO,ES,Towers with Radar,19,29,63,1,112,0,0,49,2,51,19,29,112,3,163,62,8,70,233
07/10/2000,AVL,NC,ASO,ES,Towers with Radar,12,34,67,4,117,0,0,64,8,72,12,34,131,12,189,102,8,110,299
07/11/2000,AVL,NC,ASO,ES,Towers with Radar,16,30,60,0,106,0,0,34,0,34,16,30,94,0,140,30,0,30,170
07/12/2000,AVL,NC,ASO,ES,Towers with Radar,21,32,59,0,112,0,0,31,2,33,21,32,90,2,145,41,16,57,202
07/13/2000,AVL,NC,ASO,ES,Towers with Radar,19,31,93,6,149,0,0,22,1,23,19,31,115,7,172,0,4,4,176
07/14/2000,AVL,NC,ASO,ES,Towers with Radar,16,43,82,1,142,0,0,39,3,42,16,43,121,4,184,42,6,48,232
07/15/2000,AVL,NC,ASO,ES,Towers with Radar,17,24,41,0,82,0,0,67,0,67,17,24,108,0,149,20,0,20,169
07/16/2000,AVL,NC,ASO,ES,Towers with Radar,16,39,81,7,143,0,0,74,6,80,16,39,155,13,223,53,6,59,282
07/17/2000,AVL,NC,ASO,ES,Towers with Radar,25,35,48,8,116,2,0,72,3,77,27,35,120,11,193,60,0,60,253
07/18/2000,AVL,NC,ASO,ES,Towers with Radar,22,29,69,6,126,0,2,75,3,80,22,31,144,9,206,80,2,82,288
07/19/2000,AVL,NC,ASO,ES,Towers with Radar,16,46,66,3,131,0,0,48,18,66,16,46,114,21,197,44,20,64,261
07/20/2000,AVL,NC,ASO,ES,Towers with Radar,14,36,62,15,127,0,2,103,2,107,14,38,165,17,234,92,12,104,338
07/21/2000,AVL,NC,ASO,ES,Towers with Radar,20,35,81,2,138,0,2,70,3,75,20,37,151,5,213,129,12,141,354
07/22/2000,AVL,NC,ASO,ES,Towers with Radar,19,22,36,2,79,0,0,51,0,51,19,22,87,2,130,72,0,72,202
07/23/2000,AVL,NC,ASO,ES,Towers with Radar,18,32,82,3,135,0,0,9,2,11,18,32,91,5,146,16,2,18,164
07/24/2000,AVL,NC,ASO,ES,Towers with Radar,20,35,75,0,130,0,0,7,0,7,20,35,82,0,137,28,0,28,165
07/25/2000,AVL,NC,ASO,ES,Towers with Radar,18,43,54,6,121,0,0,13,8,21,18,43,67,14,142,52,16,68,210
07/26/2000,AVL,NC,ASO,ES,Towers with Radar,23,41,70,0,134,0,0,49,0,49,23,41,119,0,183,80,0,80,263
07/27/2000,AVL,NC,ASO,ES,Towers with Radar,23,41,69,2,135,0,0,61,1,62,23,41,130,3,197,143,0,143,340
07/28/2000,AVL,NC,ASO,ES,Towers with Radar,17,35,91,11,154,0,0,51,3,54,17,35,142,14,208,54,2,56,264
07/29/2000,AVL,NC,ASO,ES,Towers with Radar,20,26,60,3,109,0,0,54,0,54,20,26,114,3,163,56,0,56,219
07/30/2000,AVL,NC,ASO,ES,Towers with Radar,18,32,89,2,141,0,0,33,7,40,18,32,122,9,181,54,12,66,247
07/31/2000,AVL,NC,ASO,ES,Towers with Radar,16,34,85,20,155,0,0,22,5,27,16,34,107,25,182,38,30,68,250
08/01/2000,AVL,NC,ASO,ES,Towers with Radar,21,27,54,4,106,1,1,17,0,19,22,28,71,4,125,32,0,32,157
08/02/2000,AVL,NC,ASO,ES,Towers with Radar,22,31,114,1,168,0,1,12,5,18,22,32,126,6,186,62,14,76,262
08/03/2000,AVL,NC,ASO,ES,Towers with Radar,18,32,75,1,126,0,1,11,3,15,18,33,86,4,141,32,0,32,173
08/04/2000,AVL,NC,ASO,ES,Towers with Radar,19,36,81,2,138,0,0,48,17,65,19,36,129,19,203,94,40,134,337
08/05/2000,AVL,NC,ASO,ES,Towers with Radar,21,17,48,4,90,0,0,98,19,117,21,17,146,23,207,112,40,152,359
08/06/2000,AVL,NC,ASO,ES,Towers with Radar,18,35,61,5,119,0,0,55,6,61,18,35,116,11,180,52,16,68,248
08/07/2000,AVL,NC,ASO,ES,Towers with Radar,19,34,50,16,119,0,0,45,5,50,19,34,95,21,169,102,8,110,279
08/08/2000,AVL,NC,ASO,ES,Towers with Radar,22,32,60,17,131,0,0,48,21,69,22,32,108,38,200,126,34,160,360
08/09/2000,AVL,NC,ASO,ES,Towers with Radar,16,30,72,7,125,0,0,83,9,92,16,30,155,16,217,128,12,140,357
08/10/2000,AVL,NC,ASO,ES,Towers with Radar,21,46,71,12,150,0,0,67,1,68,21,46,138,13,218,84,16,100,318
08/11/2000,AVL,NC,ASO,ES,Towers with Radar,18,45,92,10,165,0,0,66,12,78,18,45,158,22,243,66,8,74,317
08/12/2000,AVL,NC,ASO,ES,Towers with Radar,20,21,75,0,116,0,0,81,3,84,20,21,156,3,200,54,0,54,254
08/13/2000,AVL,NC,ASO,ES,Towers with Radar,23,30,63,0,116,0,0,105,4,109,23,30,168,4,225,90,0,90,315
08/14/2000,AVL,NC,ASO,ES,Towers with Radar,15,38,65,23,141,0,0,97,24,121,15,38,162,47,262,110,82,192,454
08/15/2000,AVL,NC,ASO,ES,Towers with Radar,16,44,58,0,118,1,0,68,12,81,17,44,126,12,199,68,24,92,291
08/16/2000,AVL,NC,ASO,ES,Towers with Radar,22,27,73,0,122,1,0,65,10,76,23,27,138,10,198,38,2,40,238
08/17/2000,AVL,NC,ASO,ES,Towers with Radar,17,33,70,16,136,1,0,77,6,84,18,33,147,22,220,106,6,112,332
08/18/2000,AVL,NC,ASO,ES,Towers with Radar,14,33,85,0,132,1,0,40,7,48,15,33,125,7,180,36,0,36,216
08/19/2000,AVL,NC,ASO,ES,Towers with Radar,20,21,49,1,91,1,0,56,2,59,21,21,105,3,150,82,0,82,232
08/20/2000,AVL,NC,ASO,ES,Towers with Radar,18,30,71,4,123,1,0,42,0,43,19,30,113,4,166,2,6,8,174
08/21/2000,AVL,NC,ASO,ES,Towers with Radar,15,35,69,7,126,0,5,0,0,5,15,40,69,7,131,16,6,22,153
08/22/2000,AVL,NC,ASO,ES,Towers with Radar,19,32,72,8,131,2,0,32,14,48,21,32,104,22,179,56,0,56,235
08/23/2000,AVL,NC,ASO,ES,Towers with Radar,18,31,89,2,140,0,1,40,13,54,18,32,129,15,194,50,4,54,248
08/24/2000,AVL,NC,ASO,ES,Towers with Radar,17,36,61,0,114,0,1,44,11,56,17,37,105,11,170,88,0,88,258
08/25/2000,AVL,NC,ASO,ES,Towers with Radar,13,35,74,8,130,0,2,75,4,81,13,37,149,12,211,92,12,104,315
08/26/2000,AVL,NC,ASO,ES,Towers with Radar,13,20,51,5,89,7,0,52,3,62,20,20,103,8,151,62,4,66,217
08/27/2000,AVL,NC,ASO,ES,Towers with Radar,16,30,66,6,118,0,2,40,1,43,16,32,106,7,161,24,30,54,215
08/28/2000,AVL,NC,ASO,ES,Towers with Radar,16,32,52,14,114,0,1,64,15,80,16,33,116,29,194,36,12,48,242
08/29/2000,AVL,NC,ASO,ES,Towers with Radar,18,34,50,37,139,0,1,71,40,112,18,35,121,77,251,66,70,136,387
08/30/2000,AVL,NC,ASO,ES,Towers with Radar,20,35,86,34,175,0,1,49,29,79,20,36,135,63,254,117,68,185,439
08/31/2000,AVL,NC,ASO,ES,Towers with Radar,17,37,98,8,160,0,1,18,7,26,17,38,116,15,186,38,8,46,232
09/01/2000,AVL,NC,ASO,ES,Towers with Radar,25,30,106,16,177,1,0,23,4,28,26,30,129,20,205,52,10,62,267
09/02/2000,AVL,NC,ASO,ES,Towers with Radar,16,22,48,0,86,1,0,24,0,25,17,22,72,0,111,58,0,58,169
09/03/2000,AVL,NC,ASO,ES,Towers with Radar,14,24,36,1,75,1,0,23,0,24,15,24,59,1,99,100,0,100,199
09/04/2000,AVL,NC,ASO,ES,Towers with Radar,16,32,56,0,104,0,0,54,0,54,16,32,110,0,158,44,0,44,202
09/05/2000,AVL,NC,ASO,ES,Towers with Radar,18,31,62,18,129,1,0,9,1,11,19,31,71,19,140,14,18,32,172
09/06/2000,AVL,NC,ASO,ES,Towers with Radar,15,34,57,15,121,0,0,42,3,45,15,34,99,18,166,78,12,90,256
09/07/2000,AVL,NC,ASO,ES,Towers with Radar,18,36,63,14,131,0,0,43,6,49,18,36,106,20,180,108,10,118,298
09/08/2000,AVL,NC,ASO,ES,Towers with Radar,17,35,60,25,137,0,0,46,9,55,17,35,106,34,192,66,10,76,268
09/09/2000,AVL,NC,ASO,ES,Towers with Radar,20,23,33,2,78,0,0,89,8,97,20,23,122,10,175,124,8,132,307
09/10/2000,AVL,NC,ASO,ES,Towers with Radar,16,39,67,1,123,0,0,82,1,83,16,39,149,2,206,54,0,54,260
09/11/2000,AVL,NC,ASO,ES,Towers with Radar,13,41,49,2,105,0,0,67,2,69,13,41,116,4,174,90,0,90,264
09/12/2000,AVL,NC,ASO,ES,Towers with Radar,17,43,47,1,108,0,0,75,4,79,17,43,122,5,187,62,0,62,249
09/13/2000,AVL,NC,ASO,ES,Towers with Radar,14,42,60,0,116,0,0,77,3,80,14,42,137,3,196,44,0,44,240
09/14/2000,AVL,NC,ASO,ES,Towers with Radar,20,36,71,2,129,0,1,236,1,238,20,37,307,3,367,70,2,72,439
09/15/2000,AVL,NC,ASO,ES,Towers with Radar,18,36,59,15,128,0,1,50,15,66,18,37,109,30,194,82,66,148,342
09/16/2000,AVL,NC,ASO,ES,Towers with Radar,22,16,72,3,113,2,0,69,6,77,24,16,141,9,190,58,8,66,256
09/17/2000,AVL,NC,ASO,ES,Towers with Radar,19,29,62,13,123,0,0,93,3,96,19,29,155,16,219,30,20,50,269
09/18/2000,AVL,NC,ASO,ES,Towers with Radar,16,36,55,2,109,0,0,17,7,24,16,36,72,9,133,6,16,22,155
09/19/2000,AVL,NC,ASO,ES,Towers with Radar,17,44,49,13,123,0,0,72,8,80,17,44,121,21,203,50,16,66,269
09/20/2000,AVL,NC,ASO,ES,Towers with Radar,19,40,67,11,137,0,0,47,39,86,19,40,114,50,223,106,52,158,381
09/21/2000,AVL,NC,ASO,ES,Towers with Radar,20,34,52,10,116,0,0,34,4,38,20,34,86,14,154,68,4,72,226
09/22/2000,AVL,NC,ASO,ES,Towers with Radar,15,35,64,6,120,0,7,4,0,11,15,42,68,6,131,0,4,4,135
09/23/2000,AVL,NC,ASO,ES,Towers with Radar,16,20,24,3,63,0,0,48,4,52,16,20,72,7,115,86,10,96,211
09/24/2000,AVL,NC,ASO,ES,Towers with Radar,14,39,73,0,126,0,0,46,0,46,14,39,119,0,172,28,0,28,200
09/25/2000,AVL,NC,ASO,ES,Towers with Radar,22,35,63,1,121,0,0,7,4,11,22,35,70,5,132,40,2,42,174
09/26/2000,AVL,NC,ASO,ES,Towers with Radar,19,34,69,16,138,0,0,25,16,41,19,34,94,32,179,44,48,92,271
09/27/2000,AVL,NC,ASO,ES,Towers with Radar,18,33,61,3,115,0,0,117,16,133,18,33,178,19,248,172,2,174,422
09/28/2000,AVL,NC,ASO,ES,Towers with Radar,20,33,62,8,123,0,0,106,28,134,20,33,168,36,257,112,40,152,409
09/29/2000,AVL,NC,ASO,ES,Towers with Radar,18,31,79,5,133,0,0,51,4,55,18,31,130,9,188,32,4,36,224
09/30/2000,AVL,NC,ASO,ES,Towers with Radar,20,23,34,0,77,0,0,62,3,65,20,23,96,3,142,68,8,76,218
10/01/2000,AVL,NC,ASO,ES,Towers with Radar,18,24,82,0,124,1,1,52,0,54,19,25,134,0,178,50,0,50,228
10/02/2000,AVL,NC,ASO,ES,Towers with Radar,17,31,45,1,94,0,1,61,12,74,17,32,106,13,168,48,22,70,238
10/03/2000,AVL,NC,ASO,ES,Towers with Radar,20,31,54,3,108,0,2,73,5,80,20,33,127,8,188,98,6,104,292
10/04/2000,AVL,NC,ASO,ES,Towers with Radar,17,44,54,1,116,0,2,71,3,76,17,46,125,4,192,62,0,62,254
10/05/2000,AVL,NC,ASO,ES,Towers with Radar,18,41,70,5,134,0,1,74,7,82,18,42,144,12,216,86,14,100,316
10/06/2000,AVL,NC,ASO,ES,Towers with Radar,19,34,66,11,130,0,0,65,2,67,19,34,131,13,197,108,52,160,357
10/07/2000,AVL,NC,ASO,ES,Towers with Radar,18,25,45,3,91,0,0,74,6,80,18,25,119,9,171,188,24,212,383
10/08/2000,AVL,NC,ASO,ES,Towers with Radar,13,34,58,1,106,0,0,56,2,58,13,34,114,3,164,46,0,46,210
10/09/2000,AVL,NC,ASO,ES,Towers with Radar,20,33,49,1,103,0,0,32,1,33,20,33,81,2,136,52,0,52,188
10/10/2000,AVL,NC,ASO,ES,Towers with Radar,18,34,55,0,107,0,0,68,3,71,18,34,123,3,178,80,0,80,258
10/11/2000,AVL,NC,ASO,ES,Towers with Radar,14,39,60,3,116,0,0,89,2,91,14,39,149,5,207,58,0,58,265
10/12/2000,AVL,NC,ASO,ES,Towers with Radar,17,41,49,39,146,0,0,143,66,209,17,41,192,105,355,164,98,262,617
10/13/2000,AVL,NC,ASO,ES,Towers with Radar,19,31,99,3,152,0,0,132,7,139,19,31,231,10,291,84,30,114,405
10/14/2000,AVL,NC,ASO,ES,Towers with Radar,17,20,78,8,123,0,0,153,3,156,17,20,231,11,279,74,0,74,353
10/15/2000,AVL,NC,ASO,ES,Towers with Radar,18,31,79,10,138,0,2,144,0,146,18,33,223,10,284,86,0,86,370
10/16/2000,AVL,NC,ASO,ES,Towers with Radar,19,32,52,11,114,0,0,80,8,88,19,32,132,19,202,54,30,84,286
10/17/2000,AVL,NC,ASO,ES,Towers with Radar,20,37,73,4,134,0,0,90,2,92,20,37,163,6,226,40,0,40,266
10/18/2000,AVL,NC,ASO,ES,Towers with Radar,20,30,92,37,179,0,0,63,15,78,20,30,155,52,257,100,74,174,431
10/19/2000,AVL,NC,ASO,ES,Towers with Radar,17,39,81,4,141,0,0,104,1,105,17,39,185,5,246,82,0,82,328
10/20/2000,AVL,NC,ASO,ES,Towers with Radar,19,41,119,0,179,0,0,57,0,57,19,41,176,0,236,96,0,96,332
10/21/2000,AVL,NC,ASO,ES,Towers with Radar,22,31,87,0,140,0,0,79,1,80,22,31,166,1,220,42,0,42,262
10/22/2000,AVL,NC,ASO,ES,Towers with Radar,15,33,94,8,150,0,1,91,0,92,15,34,185,8,242,110,0,110,352
10/23/2000,AVL,NC,ASO,ES,Towers with Radar,18,30,71,13,132,0,2,60,3,65,18,32,131,16,197,96,14,110,307
10/24/2000,AVL,NC,ASO,ES,Towers with Radar,16,30,62,0,108,0,6,29,0,35,16,36,91,0,143,71,0,71,214
10/25/2000,AVL,NC,ASO,ES,Towers with Radar,16,30,62,1,109,0,1,22,1,24,16,31,84,2,133,8,0,8,141
10/26/2000,AVL,NC,ASO,ES,Towers with Radar,22,36,64,3,125,0,1,36,1,38,22,37,100,4,163,68,0,68,231
10/27/2000,AVL,NC,ASO,ES,Towers with Radar,17,33,67,7,124,0,0,46,0,46,17,33,113,7,170,26,2,28,198
10/28/2000,AVL,NC,ASO,ES,Towers with Radar,13,21,48,4,86,4,0,63,1,68,17,21,111,5,154,88,0,88,242
10/29/2000,AVL,NC,ASO,ES,Towers with Radar,15,26,52,0,93,4,3,108,0,115,19,29,160,0,208,86,0,86,294
10/30/2000,AVL,NC,ASO,ES,Towers with Radar,22,32,51,3,108,1,0,86,1,88,23,32,137,4,196,56,2,58,254
10/31/2000,AVL,NC,ASO,ES,Towers with Radar,15,35,45,5,100,0,0,109,3,112,15,35,154,8,212,68,12,80,292
11/01/2000,AVL,NC,ASO,ES,Towers with Radar,17,31,58,2,108,0,0,95,7,102,17,31,153,9,210,120,12,132,342
11/02/2000,AVL,NC,ASO,ES,Towers with Radar,14,34,48,3,99,0,1,70,4,75,14,35,118,7,174,30,10,40,214
11/03/2000,AVL,NC,ASO,ES,Towers with Radar,21,30,88,6,145,0,0,39,7,46,21,30,127,13,191,30,2,32,223
11/04/2000,AVL,NC,ASO,ES,Towers with Radar,17,18,48,0,83,0,0,0,0,0,17,18,48,0,83,0,0,0,83
11/05/2000,AVL,NC,ASO,ES,Towers with Radar,17,28,46,5,96,0,0,126,1,127,17,28,172,6,223,60,0,60,283
11/06/2000,AVL,NC,ASO,ES,Towers with Radar,14,34,51,3,102,0,0,46,5,51,14,34,97,8,153,10,2,12,165
11/07/2000,AVL,NC,ASO,ES,Towers with Radar,17,28,55,0,100,0,0,0,0,0,17,28,55,0,100,0,0,0,100
11/08/2000,AVL,NC,ASO,ES,Towers with Radar,17,32,56,16,121,0,0,34,18,52,17,32,90,34,173,48,62,110,283
11/09/2000,AVL,NC,ASO,ES,Towers with Radar,17,35,38,0,90,0,1,0,0,1,17,36,38,0,91,0,0,0,91
11/10/2000,AVL,NC,ASO,ES,Towers with Radar,15,31,66,3,115,0,2,40,14,56,15,33,106,17,171,30,20,50,221
11/11/2000,AVL,NC,ASO,ES,Towers with Radar,16,20,16,0,52,0,0,58,3,61,16,20,74,3,113,12,0,12,125
11/12/2000,AVL,NC,ASO,ES,Towers with Radar,18,25,45,2,90,0,0,87,6,93,18,25,132,8,183,114,4,118,301
11/13/2000,AVL,NC,ASO,ES,Towers with Radar,14,29,41,3,87,0,1,28,5,34,14,30,69,8,121,12,0,12,133
11/14/2000,AVL,NC,ASO,ES,Towers with Radar,13,37,27,0,77,0,2,38,5,45,13,39,65,5,122,58,0,58,180
11/15/2000,AVL,NC,ASO,ES,Towers with Radar,14,36,43,6,99,0,1,55,14,70,14,37,98,20,169,100,6,106,275
11/16/2000,AVL,NC,ASO,ES,Towers with Radar,19,27,49,2,97,0,0,28,0,28,19,27,77,2,125,115,0,115,240
11/17/2000,AVL,NC,ASO,ES,Towers with Radar,16,30,44,10,100,0,0,36,20,56,16,30,80,30,156,62,28,90,246
11/18/2000,AVL,NC,ASO,ES,Towers with Radar,14,21,33,3,71,0,0,62,15,77,14,21,95,18,148,78,2,80,228
11/19/2000,AVL,NC,ASO,ES,Towers with Radar,18,29,23,0,70,0,0,0,0,0,18,29,23,0,70,0,0,0,70
11/20/2000,AVL,NC,ASO,ES,Towers with Radar,14,28,39,7,88,0,0,26,1,27,14,28,65,8,115,22,14,36,151
11/21/2000,AVL,NC,ASO,ES,Towers with Radar,11,33,43,15,102,0,0,19,3,22,11,33,62,18,124,62,10,72,196
11/22/2000,AVL,NC,ASO,ES,Towers with Radar,19,27,61,10,117,0,0,82,4,86,19,27,143,14,203,76,4,80,283
11/23/2000,AVL,NC,ASO,ES,Towers with Radar,15,19,23,0,57,0,0,53,0,53,15,19,76,0,110,2,0,2,112
11/24/2000,AVL,NC,ASO,ES,Towers with Radar,16,24,53,0,93,0,0,49,0,49,16,24,102,0,142,82,0,82,224
11/25/2000,AVL,NC,ASO,ES,Towers with Radar,17,23,17,0,57,0,0,0,0,0,17,23,17,0,57,0,0,0,57
11/26/2000,AVL,NC,ASO,ES,Towers with Radar,18,28,84,0,130,0,0,36,0,36,18,28,120,0,166,48,0,48,214
11/27/2000,AVL,NC,ASO,ES,Towers with Radar,19,26,39,30,114,0,1,42,6,49,19,27,81,36,163,6,50,56,219
11/28/2000,AVL,NC,ASO,ES,Towers with Radar,17,29,36,7,89,0,2,58,1,61,17,31,94,8,150,50,8,58,208
11/29/2000,AVL,NC,ASO,ES,Towers with Radar,15,25,61,26,127,0,0,44,2,46,15,25,105,28,173,102,34,136,309
11/30/2000,AVL,NC,ASO,ES,Towers with Radar,20,22,31,18,91,0,1,75,7,83,20,23,106,25,174,106,36,142,316
12/01/2000,AVL,NC,ASO,ES,Towers with Radar,18,26,32,12,88,0,1,78,2,81,18,27,110,14,169,106,8,114,283
12/02/2000,AVL,NC,ASO,ES,Towers with Radar,14,25,16,0,55,0,1,26,0,27,14,26,42,0,82,136,0,136,218
12/03/2000,AVL,NC,ASO,ES,Towers with Radar,9,25,12,0,46,0,1,2,0,3,9,26,14,0,49,0,0,0,49
12/04/2000,AVL,NC,ASO,ES,Towers with Radar,11,33,53,1,98,0,1,65,1,67,11,34,118,2,165,48,0,48,213
12/05/2000,AVL,NC,ASO,ES,Towers with Radar,17,27,28,8,80,0,3,32,0,35,17,30,60,8,115,68,14,82,197
12/06/2000,AVL,NC,ASO,ES,Towers with Radar,21,24,32,4,81,0,3,63,11,77,21,27,95,15,158,112,16,128,286
12/07/2000,AVL,NC,ASO,ES,Towers with Radar,20,25,40,4,89,0,2,61,0,63,20,27,101,4,152,48,8,56,208
12/08/2000,AVL,NC,ASO,ES,Towers with Radar,18,28,37,4,87,0,0,77,3,80,18,28,114,7,167,96,0,96,263
12/09/2000,AVL,NC,ASO,ES,Towers with Radar,13,16,26,2,57,7,0,46,1,54,20,16,72,3,111,56,14,70,181
12/10/2000,AVL,NC,ASO,ES,Towers with Radar,16,21,27,12,76,0,0,16,2,18,16,21,43,14,94,76,8,84,178
12/11/2000,AVL,NC,ASO,ES,Towers with Radar,13,33,38,0,84,0,0,16,0,16,13,33,54,0,100,20,0,20,120
12/12/2000,AVL,NC,ASO,ES,Towers with Radar,15,29,35,4,83,0,0,11,2,13,15,29,46,6,96,0,20,20,116
12/13/2000,AVL,NC,ASO,ES,Towers with Radar,14,21,53,0,88,0,0,35,3,38,14,21,88,3,126,101,0,101,227
12/14/2000,AVL,NC,ASO,ES,Towers with Radar,13,29,35,7,84,0,0,19,2,21,13,29,54,9,105,24,4,28,133
12/15/2000,AVL,NC,ASO,ES,Towers with Radar,13,28,51,0,92,0,0,60,0,60,13,28,111,0,152,68,0,68,220
12/16/2000,AVL,NC,ASO,ES,Towers with Radar,11,16,11,1,39,0,0,0,0,0,11,16,11,1,39,0,0,0,39
12/17/2000,AVL,NC,ASO,ES,Towers with Radar,13,21,12,0,46,0,0,3,0,3,13,21,15,0,49,0,0,0,49
12/18/2000,AVL,NC,ASO,ES,Towers with Radar,14,32,39,1,86,0,0,58,3,61,14,32,97,4,147,18,0,18,165
12/19/2000,AVL,NC,ASO,ES,Towers with Radar,10,28,21,0,59,0,0,1,0,1,10,28,22,0,60,0,0,0,60
12/20/2000,AVL,NC,ASO,ES,Towers with Radar,16,27,47,5,95,0,1,60,0,61,16,28,107,5,156,104,4,108,264
12/21/2000,AVL,NC,ASO,ES,Towers with Radar,12,27,32,0,71,0,0,31,0,31,12,27,63,0,102,66,0,66,168
12/22/2000,AVL,NC,ASO,ES,Towers with Radar,11,27,27,0,65,0,0,27,0,27,11,27,54,0,92,8,0,8,100
12/23/2000,AVL,NC,ASO,ES,Towers with Radar,21,14,44,0,79,0,0,103,0,103,21,14,147,0,182,76,0,76,258
12/24/2000,AVL,NC,ASO,ES,Towers with Radar,17,19,13,0,49,0,0,30,0,30,17,19,43,0,79,0,0,0,79
12/25/2000,AVL,NC,ASO,ES,Towers with Radar,15,17,8,0,40,0,0,13,0,13,15,17,21,0,53,0,0,0,53
12/26/2000,AVL,NC,ASO,ES,Towers with Radar,19,25,53,0,97,0,0,60,0,60,19,25,113,0,157,72,0,72,229
12/27/2000,AVL,NC,ASO,ES,Towers with Radar,17,24,26,0,67,0,0,13,0,13,17,24,39,0,80,24,0,24,104
12/28/2000,AVL,NC,ASO,ES,Towers with Radar,16,30,31,6,83,0,0,38,0,38,16,30,69,6,121,66,6,72,193
12/29/2000,AVL,NC,ASO,ES,Towers with Radar,15,28,25,7,75,0,0,56,0,56,15,28,81,7,131,32,14,46,177
12/30/2000,AVL,NC,ASO,ES,Towers with Radar,13,20,13,0,46,0,0,10,0,10,13,20,23,0,56,0,0,0,56
12/31/2000,AVL,NC,ASO,ES,Towers with Radar,14,23,14,0,51,0,0,22,0,22,14,23,36,0,73,0,5,5,78
01/01/2001,AVL,NC,ASO,ES,Towers with Radar,13,27,23,0,63,0,0,33,0,33,13,27,56,0,96,14,0,14,110
01/02/2001,AVL,NC,ASO,ES,Towers with Radar,17,26,28,0,71,0,0,29,0,29,17,26,57,0,100,42,0,42,142
01/03/2001,AVL,NC,ASO,ES,Towers with Radar,15,31,24,0,70,0,8,76,1,85,15,39,100,1,155,86,2,88,243
01/04/2001,AVL,NC,ASO,ES,Towers with Radar,17,29,35,3,84,0,0,50,0,50,17,29,85,3,134,30,0,30,164
01/05/2001,AVL,NC,ASO,ES,Towers with Radar,13,29,34,4,80,0,0,58,0,58,13,29,92,4,138,38,0,38,176
01/06/2001,AVL,NC,ASO,ES,Towers with Radar,20,17,38,0,75,0,0,84,0,84,20,17,122,0,159,50,0,50,209
01/07/2001,AVL,NC,ASO,ES,Towers with Radar,16,29,29,2,76,0,0,55,0,55,16,29,84,2,131,52,0,52,183
01/08/2001,AVL,NC,ASO,ES,Towers with Radar,18,28,26,0,72,0,0,1,0,1,18,28,27,0,73,0,0,0,73
01/09/2001,AVL,NC,ASO,ES,Towers with Radar,19,31,28,1,79,0,0,20,5,25,19,31,48,6,104,0,0,0,104
01/10/2001,AVL,NC,ASO,ES,Towers with Radar,19,26,36,4,85,0,2,99,2,103,19,28,135,6,188,112,0,112,300
01/11/2001,AVL,NC,ASO,ES,Towers with Radar,19,28,34,2,83,0,0,45,0,45,19,28,79,2,128,34,0,34,162
01/12/2001,AVL,NC,ASO,ES,Towers with Radar,19,26,39,0,84,0,0,4,0,4,19,26,43,0,88,0,0,0,88
01/13/2001,AVL,NC,ASO,ES,Towers with Radar,10,20,30,0,60,0,0,77,0,77,10,20,107,0,137,76,0,76,213
01/14/2001,AVL,NC,ASO,ES,Towers with Radar,15,24,45,2,86,0,0,11,0,11,15,24,56,2,97,62,0,62,159
01/15/2001,AVL,NC,ASO,ES,Towers with Radar,17,32,24,0,73,0,0,51,0,51,17,32,75,0,124,114,0,114,238
01/16/2001,AVL,NC,ASO,ES,Towers with Radar,18,29,38,2,87,0,0,73,0,73,18,29,111,2,160,80,0,80,240
01/17/2001,AVL,NC,ASO,ES,Towers with Radar,18,29,31,6,84,0,0,51,2,53,18,29,82,8,137,80,12,92,229
01/18/2001,AVL,NC,ASO,ES,Towers with Radar,14,28,36,0,78,0,0,0,0,0,14,28,36,0,78,0,0,0,78
01/19/2001,AVL,NC,ASO,ES,Towers with Radar,18,27,31,2,78,0,0,0,0,0,18,27,31,2,78,0,0,0,78
01/20/2001,AVL,NC,ASO,ES,Towers with Radar,17,14,15,0,46,0,0,5,0,5,17,14,20,0,51,18,0,18,69
01/21/2001,AVL,NC,ASO,ES,Towers with Radar,16,24,16,0,56,0,0,50,0,50,16,24,66,0,106,64,0,64,170
01/22/2001,AVL,NC,ASO,ES,Towers with Radar,16,29,22,2,69,0,0,58,0,58,16,29,80,2,127,92,0,92,219
01/23/2001,AVL,NC,ASO,ES,Towers with Radar,15,26,41,2,84,0,0,66,0,66,15,26,107,2,150,90,0,90,240
01/24/2001,AVL,NC,ASO,ES,Towers with Radar,17,24,34,5,80,0,0,106,5,111,17,24,140,10,191,82,0,82,273
01/25/2001,AVL,NC,ASO,ES,Towers with Radar,20,30,22,0,72,0,0,15,4,19,20,30,37,4,91,0,0,0,91
01/26/2001,AVL,NC,ASO,ES,Towers with Radar,20,31,34,12,97,0,0,67,5,72,20,31,101,17,169,48,14,62,231
01/27/2001,AVL,NC,ASO,ES,Towers with Radar,21,22,15,1,59,0,0,19,1,20,21,22,34,2,79,0,0,0,79
01/28/2001,AVL,NC,ASO,ES,Towers with Radar,15,29,20,1,65,0,0,80,0,80,15,29,100,1,145,60,0,60,205
01/29/2001,AVL,NC,ASO,ES,Towers with Radar,15,31,43,0,89,0,0,48,0,48,15,31,91,0,137,50,0,50,187
01/30/2001,AVL,NC,ASO,ES,Towers with Radar,19,27,26,10,82,0,1,19,3,23,19,28,45,13,105,28,18,46,151
01/31/2001,AVL,NC,ASO,ES,Towers with Radar,19,28,49,2,98,0,1,71,0,72,19,29,120,2,170,94,0,94,264
02/01/2001,AVL,NC,ASO,ES,Towers with Radar,13,31,39,3,86,1,2,48,0,51,14,33,87,3,137,36,0,36,173
02/02/2001,AVL,NC,ASO,ES,Towers with Radar,16,26,30,2,74,1,0,62,1,64,17,26,92,3,138,38,6,44,182
02/03/2001,AVL,NC,ASO,ES,Towers with Radar,17,20,23,0,60,1,0,89,0,90,18,20,112,0,150,116,0,116,266
02/04/2001,AVL,NC,ASO,ES,Towers with Radar,16,22,36,6,80,1,0,56,1,58,17,22,92,7,138,20,40,60,198
02/05/2001,AVL,NC,ASO,ES,Towers with Radar,16,30,40,9,95,1,0,53,11,65,17,30,93,20,160,62,0,62,222
02/06/2001,AVL,NC,ASO,ES,Towers with Radar,18,28,19,2,67,1,0,97,0,98,19,28,116,2,165,114,0,114,279
02/07/2001,AVL,NC,ASO,ES,Towers with Radar,18,25,36,7,86,1,2,95,1,99,19,27,131,8,185,86,0,86,271
02/08/2001,AVL,NC,ASO,ES,Towers with Radar,18,26,41,0,85,1,0,86,0,87,19,26,127,0,172,96,0,96,268
02/09/2001,AVL,NC,ASO,ES,Towers with Radar,17,29,34,9,89,1,0,41,1,43,18,29,75,10,132,22,10,32,164
02/10/2001,AVL,NC,ASO,ES,Towers with Radar,15,20,21,0,56,0,1,20,0,21,15,21,41,0,77,4,14,18,95
02/11/2001,AVL,NC,ASO,ES,Towers with Radar,19,21,40,2,82,0,1,88,0,89,19,22,128,2,171,82,0,82,253
02/12/2001,AVL,NC,ASO,ES,Towers with Radar,14,26,21,0,61,1,3,2,0,6,15,29,23,0,67,0,0,0,67
02/13/2001,AVL,NC,ASO,ES,Towers with Radar,13,34,44,4,95,0,1,1,0,2,13,35,45,4,97,4,2,6,103
02/14/2001,AVL,NC,ASO,ES,Towers with Radar,15,26,44,9,94,0,1,20,2,23,15,27,64,11,117,66,16,82,199
02/15/2001,AVL,NC,ASO,ES,Towers with Radar,19,33,47,0,99,0,1,6,0,7,19,34,53,0,106,28,0,28,134
02/16/2001,AVL,NC,ASO,ES,Towers with Radar,16,26,35,0,77,0,2,12,0,14,16,28,47,0,91,14,0,14,105
02/17/2001,AVL,NC,ASO,ES,Towers with Radar,10,17,22,0,49,3,3,7,0,13,13,20,29,0,62,2,0,2,64
02/18/2001,AVL,NC,ASO,ES,Towers with Radar,15,24,29,0,68,3,3,81,0,87,18,27,110,0,155,72,0,72,227
02/19/2001,AVL,NC,ASO,ES,Towers with Radar,17,30,36,0,83,0,3,64,0,67,17,33,100,0,150,36,0,36,186
02/20/2001,AVL,NC,ASO,ES,Towers with Radar,17,33,44,4,98,0,0,58,0,58,17,33,102,4,156,42,2,44,200
02/21/2001,AVL,NC,ASO,ES,Towers with Radar,19,25,40,2,86,1,0,24,0,25,20,25,64,2,111,64,0,64,175
02/22/2001,AVL,NC,ASO,ES,Towers with Radar,15,24,21,0,60,2,5,0,0,7,17,29,21,0,67,0,0,0,67
02/23/2001,AVL,NC,ASO,ES,Towers with Radar,15,38,48,4,105,0,4,61,3,68,15,42,109,7,173,62,0,62,235
02/24/2001,AVL,NC,ASO,ES,Towers with Radar,12,20,25,2,59,3,0,42,1,46,15,20,67,3,105,38,0,38,143
02/25/2001,AVL,NC,ASO,ES,Towers with Radar,10,16,21,0,47,5,7,5,0,17,15,23,26,0,64,0,0,0,64
02/26/2001,AVL,NC,ASO,ES,Towers with Radar,12,28,38,3,81,0,0,67,7,74,12,28,105,10,155,22,26,48,203
02/27/2001,AVL,NC,ASO,ES,Towers with Radar,19,28,40,4,91,0,0,44,8,52,19,28,84,12,143,48,6,54,197
02/28/2001,AVL,NC,ASO,ES,Towers with Radar,18,27,43,4,92,0,0,34,24,58,18,27,77,28,150,22,70,92,242
03/01/2001,AVL,NC,ASO,ES,Towers with Radar,18,29,42,21,110,0,1,93,12,106,18,30,135,33,216,106,76,182,398
03/02/2001,AVL,NC,ASO,ES,Towers with Radar,17,30,36,0,83,0,0,34,0,34,17,30,70,0,117,29,0,29,146
03/03/2001,AVL,NC,ASO,ES,Towers with Radar,16,20,15,3,54,0,0,1,0,1,16,20,16,3,55,0,0,0,55
03/04/2001,AVL,NC,ASO,ES,Towers with Radar,14,25,18,1,58,0,0,0,0,0,14,25,18,1,58,0,0,0,58
03/05/2001,AVL,NC,ASO,ES,Towers with Radar,18,28,25,1,72,0,0,5,2,7,18,28,30,3,79,8,0,8,87
03/06/2001,AVL,NC,ASO,ES,Towers with Radar,11,25,27,0,63,0,0,4,0,4,11,25,31,0,67,0,0,0,67
03/07/2001,AVL,NC,ASO,ES,Towers with Radar,17,29,27,1,74,0,0,34,2,36,17,29,61,3,110,50,0,50,160
03/08/2001,AVL,NC,ASO,ES,Towers with Radar,16,31,47,0,94,0,0,75,0,75,16,31,122,0,169,24,0,24,193
03/09/2001,AVL,NC,ASO,ES,Towers with Radar,19,28,38,0,85,0,1,46,0,47,19,29,84,0,132,38,0,38,170
03/10/2001,AVL,NC,ASO,ES,Towers with Radar,15,15,33,1,64,0,0,102,0,102,15,15,135,1,166,58,0,58,224
03/11/2001,AVL,NC,ASO,ES,Towers with Radar,11,18,26,2,57,2,1,65,3,71,13,19,91,5,128,16,0,16,144
03/12/2001,AVL,NC,ASO,ES,Towers with Radar,13,31,57,0,101,0,0,8,0,8,13,31,65,0,109,4,0,4,113
03/13/2001,AVL,NC,ASO,ES,Towers with Radar,19,25,31,2,77,0,2,34,0,36,19,27,65,2,113,12,0,12,125
03/14/2001,AVL,NC,ASO,ES,Towers with Radar,18,28,39,2,87,0,1,48,0,49,18,29,87,2,136,22,0,22,158
03/15/2001,AVL,NC,ASO,ES,Towers with Radar,17,29,23,0,69,0,0,4,0,4,17,29,27,0,73,16,0,16,89
03/16/2001,AVL,NC,ASO,ES,Towers with Radar,15,34,56,2,107,0,0,19,0,19,15,34,75,2,126,20,0,20,146
03/17/2001,AVL,NC,ASO,ES,Towers with Radar,14,18,26,0,58,0,0,59,0,59,14,18,85,0,117,58,0,58,175
03/18/2001,AVL,NC,ASO,ES,Towers with Radar,16,29,36,3,84,0,0,78,2,80,16,29,114,5,164,50,2,52,216
03/19/2001,AVL,NC,ASO,ES,Towers with Radar,18,27,43,0,88,0,0,47,0,47,18,27,90,0,135,40,0,40,175
03/20/2001,AVL,NC,ASO,ES,Towers with Radar,13,15,17,0,45,0,0,0,0,0,13,15,17,0,45,0,0,0,45
03/21/2001,AVL,NC,ASO,ES,Towers with Radar,19,17,32,0,68,1,8,3,0,12,20,25,35,0,80,12,0,12,92
03/22/2001,AVL,NC,ASO,ES,Towers with Radar,15,34,41,2,92,0,0,42,0,42,15,34,83,2,134,35,12,47,181
03/23/2001,AVL,NC,ASO,ES,Towers with Radar,13,29,56,9,107,0,2,71,3,76,13,31,127,12,183,70,6,76,259
03/24/2001,AVL,NC,ASO,ES,Towers with Radar,14,22,25,2,63,0,0,43,2,45,14,22,68,4,108,100,6,106,214
03/25/2001,AVL,NC,ASO,ES,Towers with Radar,14,27,40,2,83,0,0,43,4,47,14,27,83,6,130,12,0,12,142
03/26/2001,AVL,NC,ASO,ES,Towers with Radar,13,25,42,0,80,0,1,53,0,54,13,26,95,0,134,38,0,38,172
03/27/2001,AVL,NC,ASO,ES,Towers with Radar,17,23,58,12,110,0,0,57,2,59,17,23,115,14,169,6,18,24,193
03/28/2001,AVL,NC,ASO,ES,Towers with Radar,21,21,53,2,97,2,0,54,2,58,23,21,107,4,155,26,0,26,181
03/29/2001,AVL,NC,ASO,ES,Towers with Radar,17,21,31,0,69,0,0,0,0,0,17,21,31,0,69,0,0,0,69
03/30/2001,AVL,NC,ASO,ES,Towers with Radar,21,15,53,7,96,0,0,14,2,16,21,15,67,9,112,16,8,24,136
03/31/2001,AVL,NC,ASO,ES,Towers with Radar,16,15,32,0,63,0,0,25,0,25,16,15,57,0,88,104,0,104,192
04/01/2001,AVL,NC,ASO,ES,Towers with Radar,13,21,23,0,57,1,1,14,0,16,14,22,37,0,73,4,0,4,77
04/02/2001,AVL,NC,ASO,ES,Towers with Radar,15,26,52,5,98,0,0,49,2,51,15,26,101,7,149,24,4,28,177
04/03/2001,AVL,NC,ASO,ES,Towers with Radar,16,24,38,15,93,0,0,9,2,11,16,24,47,17,104,18,20,38,142
04/04/2001,AVL,NC,ASO,ES,Towers with Radar,16,24,38,0,78,0,0,9,0,9,16,24,47,0,87,30,0,30,117
04/05/2001,AVL,NC,ASO,ES,Towers with Radar,15,34,53,13,115,0,0,14,0,14,15,34,67,13,129,54,6,60,189
04/06/2001,AVL,NC,ASO,ES,Towers with Radar,15,28,37,1,81,0,0,40,1,41,15,28,77,2,122,26,0,26,148
04/07/2001,AVL,NC,ASO,ES,Towers with Radar,12,22,30,0,64,0,0,85,0,85,12,22,115,0,149,112,0,112,261
04/08/2001,AVL,NC,ASO,ES,Towers with Radar,16,17,41,0,74,0,0,79,0,79,16,17,120,0,153,38,0,38,191
04/09/2001,AVL,NC,ASO,ES,Towers with Radar,10,25,36,4,75,0,1,54,6,61,10,26,90,10,136,24,20,44,180
04/10/2001,AVL,NC,ASO,ES,Towers with Radar,14,30,28,12,84,0,0,71,0,71,14,30,99,12,155,42,12,54,209
04/11/2001,AVL,NC,ASO,ES,Towers with Radar,17,26,62,3,108,0,0,53,0,53,17,26,115,3,161,42,0,42,203
04/12/2001,AVL,NC,ASO,ES,Towers with Radar,13,31,79,6,129,0,0,55,2,57,13,31,134,8,186,98,22,120,306
04/13/2001,AVL,NC,ASO,ES,Towers with Radar,15,24,44,0,83,0,0,34,0,34,15,24,78,0,117,60,0,60,177
04/14/2001,AVL,NC,ASO,ES,Towers with Radar,15,17,42,1,75,0,0,97,0,97,15,17,139,1,172,70,0,70,242
04/15/2001,AVL,NC,ASO,ES,Towers with Radar,16,18,21,6,61,0,1,11,0,12,16,19,32,6,73,20,0,20,93
04/16/2001,AVL,NC,ASO,ES,Towers with Radar,16,21,41,4,82,0,1,34,2,37,16,22,75,6,119,12,0,12,131
04/17/2001,AVL,NC,ASO,ES,Towers with Radar,18,19,28,8,73,0,0,3,1,4,18,19,31,9,77,0,0,0,77
04/18/2001,AVL,NC,ASO,ES,Towers with Radar,22,24,52,0,98,0,1,24,2,27,22,25,76,2,125,0,0,0,125
04/19/2001,AVL,NC,ASO,ES,Towers with Radar,16,23,74,0,113,0,0,69,2,71,16,23,143,2,184,18,0,18,202
04/20/2001,AVL,NC,ASO,ES,Towers with Radar,17,25,41,8,91,0,0,57,2,59,17,25,98,10,150,6,0,6,156
04/21/2001,AVL,NC,ASO,ES,Towers with Radar,19,12,27,0,58,0,0,72,2,74,19,12,99,2,132,38,0,38,170
04/22/2001,AVL,NC,ASO,ES,Towers with Radar,17,22,40,0,79,0,0,81,0,81,17,22,121,0,160,30,0,30,190
04/23/2001,AVL,NC,ASO,ES,Towers with Radar,17,22,36,3,78,0,2,82,0,84,17,24,118,3,162,48,2,50,212
04/24/2001,AVL,NC,ASO,ES,Towers with Radar,11,32,36,2,81,0,0,15,0,15,11,32,51,2,96,2,0,2,98
04/25/2001,AVL,NC,ASO,ES,Towers with Radar,16,22,66,34,138,0,0,74,3,77,16,22,140,37,215,72,84,156,371
04/26/2001,AVL,NC,ASO,ES,Towers with Radar,20,20,59,12,111,0,1,67,3,71,20,21,126,15,182,76,12,88,270
04/27/2001,AVL,NC,ASO,ES,Towers with Radar,15,33,58,3,109,0,1,120,1,122,15,34,178,4,231,116,0,116,347
04/28/2001,AVL,NC,ASO,ES,Towers with Radar,21,11,44,0,76,0,0,133,3,136,21,11,177,3,212,138,0,138,350
04/29/2001,AVL,NC,ASO,ES,Towers with Radar,18,21,46,6,91,0,0,77,1,78,18,21,123,7,169,76,4,80,249
04/30/2001,AVL,NC,ASO,ES,Towers with Radar,16,25,55,0,96,0,0,38,0,38,16,25,93,0,134,8,0,8,142
05/01/2001,AVL,NC,ASO,ES,Towers with Radar,14,26,50,5,95,0,2,39,1,42,14,28,89,6,137,26,28,54,191
05/02/2001,AVL,NC,ASO,ES,Towers with Radar,18,23,63,0,104,0,0,44,6,50,18,23,107,6,154,2,0,2,156
05/03/2001,AVL,NC,ASO,ES,Towers with Radar,19,20,56,10,105,0,0,52,7,59,19,20,108,17,164,22,36,58,222
05/04/2001,AVL,NC,ASO,ES,Towers with Radar,16,31,67,6,120,0,0,63,2,65,16,31,130,8,185,32,0,32,217
05/05/2001,AVL,NC,ASO,ES,Towers with Radar,19,13,42,0,74,0,0,107,0,107,19,13,149,0,181,96,0,96,277
05/06/2001,AVL,NC,ASO,ES,Towers with Radar,16,26,75,2,119,0,0,49,0,49,16,26,124,2,168,48,0,48,216
05/07/2001,AVL,NC,ASO,ES,Towers with Radar,18,20,64,6,108,0,0,63,0,63,18,20,127,6,171,28,0,28,199
05/08/2001,AVL,NC,ASO,ES,Towers with Radar,18,25,65,2,110,0,0,21,1,22,18,25,86,3,132,28,0,28,160
05/09/2001,AVL,NC,ASO,ES,Towers with Radar,14,28,63,2,107,0,0,54,0,54,14,28,117,2,161,62,0,62,223
05/10/2001,AVL,NC,ASO,ES,Towers with Radar,18,23,67,7,115,0,0,55,3,58,18,23,122,10,173,92,2,94,267
05/11/2001,AVL,NC,ASO,ES,Towers with Radar,19,20,83,0,122,0,3,76,3,82,19,23,159,3,204,134,0,134,338
05/12/2001,AVL,NC,ASO,ES,Towers with Radar,18,14,32,0,64,0,0,52,0,52,18,14,84,0,116,94,0,94,210
05/13/2001,AVL,NC,ASO,ES,Towers with Radar,17,18,61,1,97,0,0,76,3,79,17,18,137,4,176,32,2,34,210
05/14/2001,AVL,NC,ASO,ES,Towers with Radar,19,25,37,8,89,0,0,69,3,72,19,25,106,11,161,16,0,16,177
05/15/2001,AVL,NC,ASO,ES,Towers with Radar,17,28,54,13,112,0,1,67,30,98,17,29,121,43,210,35,35,70,280
05/16/2001,AVL,NC,ASO,ES,Towers with Radar,16,26,52,3,97,0,0,45,11,56,16,26,97,14,153,64,8,72,225
05/17/2001,AVL,NC,ASO,ES,Towers with Radar,21,31,90,8,150,0,1,58,12,71,21,32,148,20,221,96,20,116,337
05/18/2001,AVL,NC,ASO,ES,Towers with Radar,17,24,69,8,118,0,0,67,0,67,17,24,136,8,185,101,0,101,286
05/19/2001,AVL,NC,ASO,ES,Towers with Radar,17,21,35,0,73,0,4,70,0,74,17,25,105,0,147,38,0,38,185
05/20/2001,AVL,NC,ASO,ES,Towers with Radar,18,24,58,0,100,0,0,10,0,10,18,24,68,0,110,22,0,22,132
05/21/2001,AVL,NC,ASO,ES,Towers with Radar,16,23,62,4,105,0,2,2,0,4,16,25,64,4,109,0,0,0,109
05/22/2001,AVL,NC,ASO,ES,Towers with Radar,15,22,42,0,79,0,0,19,2,21,15,22,61,2,100,22,0,22,122
05/23/2001,AVL,NC,ASO,ES,Towers with Radar,20,23,73,4,120,0,0,108,6,114,20,23,181,10,234,84,4,88,322
05/24/2001,AVL,NC,ASO,ES,Towers with Radar,18,21,75,2,116,0,0,51,0,51,18,21,126,2,167,72,0,72,239
05/25/2001,AVL,NC,ASO,ES,Towers with Radar,18,25,74,0,117,1,0,18,0,19,19,25,92,0,136,6,0,6,142
05/26/2001,AVL,NC,ASO,ES,Towers with Radar,17,13,43,1,74,0,0,76,1,77,17,13,119,2,151,94,4,98,249
05/27/2001,AVL,NC,ASO,ES,Towers with Radar,16,19,26,0,61,0,0,56,2,58,16,19,82,2,119,4,2,6,125
05/28/2001,AVL,NC,ASO,ES,Towers with Radar,14,20,61,2,97,0,0,5,0,5,14,20,66,2,102,0,0,0,102
05/29/2001,AVL,NC,ASO,ES,Towers with Radar,15,30,46,21,112,0,0,85,13,98,15,30,131,34,210,86,44,130,340
05/30/2001,AVL,NC,ASO,ES,Towers with Radar,18,27,71,14,130,0,2,76,24,102,18,29,147,38,232,36,36,72,304
05/31/2001,AVL,NC,ASO,ES,Towers with Radar,17,24,34,1,76,0,0,45,1,46,17,24,79,2,122,32,0,32,154
06/01/2001,AVL,NC,ASO,ES,Towers with Radar,16,20,48,0,84,0,0,7,1,8,16,20,55,1,92,20,0,20,112
06/02/2001,AVL,NC,ASO,ES,Towers with Radar,18,17,42,0,77,0,0,41,0,41,18,17,83,0,118,58,0,58,176
06/03/2001,AVL,NC,ASO,ES,Towers with Radar,16,20,65,0,101,0,0,52,0,52,16,20,117,0,153,6,0,6,159
06/04/2001,AVL,NC,ASO,ES,Towers with Radar,14,31,53,5,103,0,1,63,2,66,14,32,116,7,169,26,0,26,195
06/05/2001,AVL,NC,ASO,ES,Towers with Radar,14,28,43,8,93,0,0,61,1,62,14,28,104,9,155,91,5,96,251
06/06/2001,AVL,NC,ASO,ES,Towers with Radar,20,27,63,5,115,0,3,43,2,48,20,30,106,7,163,42,0,42,205
06/07/2001,AVL,NC,ASO,ES,Towers with Radar,20,27,70,2,119,0,0,70,0,70,20,27,140,2,189,148,0,148,337
06/08/2001,AVL,NC,ASO,ES,Towers with Radar,20,24,65,14,123,0,2,33,2,37,20,26,98,16,160,84,10,94,254
06/09/2001,AVL,NC,ASO,ES,Towers with Radar,20,16,86,0,122,0,0,61,1,62,20,16,147,1,184,106,0,106,290
06/10/2001,AVL,NC,ASO,ES,Towers with Radar,20,18,98,1,137,0,0,34,2,36,20,18,132,3,173,26,0,26,199
06/11/2001,AVL,NC,ASO,ES,Towers with Radar,18,27,61,4,110,0,0,44,1,45,18,27,105,5,155,76,0,76,231
06/12/2001,AVL,NC,ASO,ES,Towers with Radar,18,21,36,4,79,0,0,60,1,61,18,21,96,5,140,64,2,66,206
06/13/2001,AVL,NC,ASO,ES,Towers with Radar,20,26,40,4,90,0,0,51,3,54,20,26,91,7,144,56,4,60,204
06/14/2001,AVL,NC,ASO,ES,Towers with Radar,19,24,62,2,107,0,0,82,2,84,19,24,144,4,191,102,2,104,295
06/15/2001,AVL,NC,ASO,ES,Towers with Radar,19,18,58,6,101,0,0,46,4,50,19,18,104,10,151,63,10,73,224
06/16/2001,AVL,NC,ASO,ES,Towers with Radar,19,17,46,7,89,0,0,37,3,40,19,17,83,10,129,34,12,46,175
06/17/2001,AVL,NC,ASO,ES,Towers with Radar,16,15,52,3,86,12,0,78,3,93,28,15,130,6,179,46,6,52,231
06/18/2001,AVL,NC,ASO,ES,Towers with Radar,16,22,55,3,96,0,6,57,1,64,16,28,112,4,160,48,2,50,210
06/19/2001,AVL,NC,ASO,ES,Towers with Radar,18,22,57,3,100,1,3,68,2,74,19,25,125,5,174,98,0,98,272
06/20/2001,AVL,NC,ASO,ES,Towers with Radar,20,22,47,4,93,0,0,60,0,60,20,22,107,4,153,90,2,92,245
06/21/2001,AVL,NC,ASO,ES,Towers with Radar,18,32,95,6,151,0,0,61,0,61,18,32,156,6,212,92,4,96,308
06/22/2001,AVL,NC,ASO,ES,Towers with Radar,20,26,49,0,95,0,0,16,0,16,20,26,65,0,111,20,0,20,131
06/23/2001,AVL,NC,ASO,ES,Towers with Radar,19,16,46,0,81,0,0,62,0,62,19,16,108,0,143,40,0,40,183
06/24/2001,AVL,NC,ASO,ES,Towers with Radar,22,18,78,4,122,0,0,60,0,60,22,18,138,4,182,74,0,74,256
06/25/2001,AVL,NC,ASO,ES,Towers with Radar,18,26,62,4,110,0,0,27,2,29,18,26,89,6,139,8,0,8,147
06/26/2001,AVL,NC,ASO,ES,Towers with Radar,19,21,54,2,96,0,0,17,3,20,19,21,71,5,116,22,0,22,138
06/27/2001,AVL,NC,ASO,ES,Towers with Radar,20,19,49,9,97,0,2,34,2,38,20,21,83,11,135,30,10,40,175
06/28/2001,AVL,NC,ASO,ES,Towers with Radar,20,25,98,6,149,0,1,35,5,41,20,26,133,11,190,94,4,98,288
06/29/2001,AVL,NC,ASO,ES,Towers with Radar,20,39,85,13,157,0,0,55,3,58,20,39,140,16,215,62,16,78,293
06/30/2001,AVL,NC,ASO,ES,Towers with Radar,22,20,56,5,103,0,0,33,2,35,22,20,89,7,138,22,2,24,162
07/01/2001,AVL,NC,ASO,ES,Towers with Radar,15,26,72,2,115,0,1,34,1,36,15,27,106,3,151,76,0,76,227
07/02/2001,AVL,NC,ASO,ES,Towers with Radar,16,25,59,8,108,0,1,43,2,46,16,26,102,10,154,56,12,68,222
07/03/2001,AVL,NC,ASO,ES,Towers with Radar,22,31,65,2,120,0,1,10,0,11,22,32,75,2,131,0,2,2,133
07/04/2001,AVL,NC,ASO,ES,Towers with Radar,24,11,46,0,81,0,1,33,0,34,24,12,79,0,115,82,0,82,197
07/05/2001,AVL,NC,ASO,ES,Towers with Radar,21,25,49,2,97,0,0,81,1,82,21,25,130,3,179,70,0,70,249
07/06/2001,AVL,NC,ASO,ES,Towers with Radar,17,24,66,5,112,0,1,80,4,85,17,25,146,9,197,126,8,134,331
07/07/2001,AVL,NC,ASO,ES,Towers with Radar,15,21,61,1,98,0,0,80,0,80,15,21,141,1,178,100,0,100,278
07/08/2001,AVL,NC,ASO,ES,Towers with Radar,19,31,103,1,154,0,0,43,0,43,19,31,146,1,197,34,0,34,231
07/09/2001,AVL,NC,ASO,ES,Towers with Radar,19,28,64,4,115,0,0,45,0,45,19,28,109,4,160,88,0,88,248
07/10/2001,AVL,NC,ASO,ES,Towers with Radar,19,31,73,23,146,0,0,77,0,77,19,31,150,23,223,86,44,130,353
07/11/2001,AVL,NC,ASO,ES,Towers with Radar,22,33,69,2,126,0,2,87,2,91,22,35,156,4,217,84,2,86,303
07/12/2001,AVL,NC,ASO,ES,Towers with Radar,20,32,69,10,131,0,0,87,2,89,20,32,156,12,220,128,10,138,358
07/13/2001,AVL,NC,ASO,ES,Towers with Radar,24,35,76,3,138,0,1,44,3,48,24,36,120,6,186,40,0,40,226
07/14/2001,AVL,NC,ASO,ES,Towers with Radar,20,19,41,1,81,0,0,118,2,120,20,19,159,3,201,66,0,66,267
07/15/2001,AVL,NC,ASO,ES,Towers with Radar,20,30,92,16,158,0,0,95,3,98,20,30,187,19,256,46,32,78,334
07/16/2001,AVL,NC,ASO,ES,Towers with Radar,19,25,71,4,119,4,0,48,8,60,23,25,119,12,179,46,26,72,251
07/17/2001,AVL,NC,ASO,ES,Towers with Radar,17,35,69,2,123,0,1,44,1,46,17,36,113,3,169,60,0,60,229
07/18/2001,AVL,NC,ASO,ES,Towers with Radar,18,29,77,6,130,0,1,29,4,34,18,30,106,10,164,30,28,58,222
07/19/2001,AVL,NC,ASO,ES,Towers with Radar,15,40,75,2,132,0,0,19,0,19,15,40,94,2,151,24,0,24,175
07/20/2001,AVL,NC,ASO,ES,Towers with Radar,22,42,122,9,195,0,0,7,0,7,22,42,129,9,202,20,2,22,224
07/21/2001,AVL,NC,ASO,ES,Towers with Radar,18,27,90,5,140,0,10,31,0,41,18,37,121,5,181,52,4,56,237
07/22/2001,AVL,NC,ASO,ES,Towers with Radar,20,36,94,6,156,0,0,46,0,46,20,36,140,6,202,36,4,40,242
07/23/2001,AVL,NC,ASO,ES,Towers with Radar,20,33,62,4,119,0,0,67,6,73,20,33,129,10,192,60,4,64,256
07/24/2001,AVL,NC,ASO,ES,Towers with Radar,21,30,80,0,131,0,0,15,0,15,21,30,95,0,146,34,0,34,180
07/25/2001,AVL,NC,ASO,ES,Towers with Radar,18,31,70,0,119,0,0,1,0,1,18,31,71,0,120,10,0,10,130
07/26/2001,AVL,NC,ASO,ES,Towers with Radar,20,43,75,0,138,0,0,43,0,43,20,43,118,0,181,94,0,94,275
07/27/2001,AVL,NC,ASO,ES,Towers with Radar,20,35,105,1,161,0,0,47,0,47,20,35,152,1,208,103,0,103,311
07/28/2001,AVL,NC,ASO,ES,Towers with Radar,14,23,54,2,93,4,1,16,0,21,18,24,70,2,114,26,0,26,140
07/29/2001,AVL,NC,ASO,ES,Towers with Radar,15,38,88,0,141,0,0,5,0,5,15,38,93,0,146,0,0,0,146
07/30/2001,AVL,NC,ASO,ES,Towers with Radar,27,30,65,0,122,0,0,45,0,45,27,30,110,0,167,44,1,45,212
07/31/2001,AVL,NC,ASO,ES,Towers with Radar,20,30,52,16,118,0,0,29,6,35,20,30,81,22,153,14,40,54,207
08/01/2001,AVL,NC,ASO,ES,Towers with Radar,20,34,91,2,147,0,0,50,0,50,20,34,141,2,197,108,0,108,305
08/02/2001,AVL,NC,ASO,ES,Towers with Radar,20,32,62,4,118,0,0,51,2,53,20,32,113,6,171,120,2,122,293
08/03/2001,AVL,NC,ASO,ES,Towers with Radar,22,29,87,2,140,0,2,47,3,52,22,31,134,5,192,74,0,74,266
08/04/2001,AVL,NC,ASO,ES,Towers with Radar,20,21,75,11,127,0,0,7,0,7,20,21,82,11,134,8,14,22,156
08/05/2001,AVL,NC,ASO,ES,Towers with Radar,19,26,90,7,142,0,0,45,13,58,19,26,135,20,200,24,18,42,242
08/06/2001,AVL,NC,ASO,ES,Towers with Radar,20,41,78,0,139,0,0,60,8,68,20,41,138,8,207,98,0,98,305
08/07/2001,AVL,NC,ASO,ES,Towers with Radar,18,34,48,3,103,0,3,57,20,80,18,37,105,23,183,20,38,58,241
08/08/2001,AVL,NC,ASO,ES,Towers with Radar,20,31,100,4,155,0,0,56,17,73,20,31,156,21,228,126,24,150,378
08/09/2001,AVL,NC,ASO,ES,Towers with Radar,19,34,70,7,130,0,1,54,13,68,19,35,124,20,198,76,8,84,282
08/10/2001,AVL,NC,ASO,ES,Towers with Radar,13,41,82,2,138,0,1,44,13,58,13,42,126,15,196,78,14,92,288
08/11/2001,AVL,NC,ASO,ES,Towers with Radar,19,22,85,0,126,0,0,37,3,40,19,22,122,3,166,80,0,80,246
08/12/2001,AVL,NC,ASO,ES,Towers with Radar,25,23,89,4,141,0,0,33,4,37,25,23,122,8,178,52,22,74,252
08/13/2001,AVL,NC,ASO,ES,Towers with Radar,23,29,65,5,122,0,0,25,10,35,23,29,90,15,157,64,40,104,261
08/14/2001,AVL,NC,ASO,ES,Towers with Radar,22,35,84,39,180,0,0,65,13,78,22,35,149,52,258,136,74,210,468
08/15/2001,AVL,NC,ASO,ES,Towers with Radar,21,32,68,3,124,0,1,78,9,88,21,33,146,12,212,126,16,142,354
08/16/2001,AVL,NC,ASO,ES,Towers with Radar,20,39,87,2,148,0,0,87,1,88,20,39,174,3,236,96,0,96,332
08/17/2001,AVL,NC,ASO,ES,Towers with Radar,22,39,91,24,176,0,0,23,3,26,22,39,114,27,202,36,16,52,254
08/18/2001,AVL,NC,ASO,ES,Towers with Radar,15,27,41,0,83,0,0,54,0,54,15,27,95,0,137,24,0,24,161
08/19/2001,AVL,NC,ASO,ES,Towers with Radar,18,33,63,0,114,0,0,65,0,65,18,33,128,0,179,86,0,86,265
08/20/2001,AVL,NC,ASO,ES,Towers with Radar,23,32,77,3,135,0,1,86,5,92,23,33,163,8,227,124,2,126,353
08/21/2001,AVL,NC,ASO,ES,Towers with Radar,22,34,71,10,137,0,0,99,3,102,22,34,170,13,239,114,12,126,365
08/22/2001,AVL,NC,ASO,ES,Towers with Radar,18,35,65,4,122,0,0,65,10,75,18,35,130,14,197,66,12,78,275
08/23/2001,AVL,NC,ASO,ES,Towers with Radar,24,35,63,3,125,0,1,51,14,66,24,36,114,17,191,48,16,64,255
08/24/2001,AVL,NC,ASO,ES,Towers with Radar,18,32,84,8,142,0,0,47,9,56,18,32,131,17,198,20,18,38,236
08/25/2001,AVL,NC,ASO,ES,Towers with Radar,20,22,54,0,96,0,2,36,0,38,20,24,90,0,134,24,0,24,158
08/26/2001,AVL,NC,ASO,ES,Towers with Radar,18,27,95,10,150,0,0,46,5,51,18,27,141,15,201,44,10,54,255
08/27/2001,AVL,NC,ASO,ES,Towers with Radar,20,25,39,0,84,0,0,22,4,26,20,25,61,4,110,18,0,18,128
08/28/2001,AVL,NC,ASO,ES,Towers with Radar,26,24,63,5,118,0,0,42,10,52,26,24,105,15,170,30,4,34,204
08/29/2001,AVL,NC,ASO,ES,Towers with Radar,19,32,74,1,126,0,0,72,12,84,19,32,146,13,210,84,0,84,294
08/30/2001,AVL,NC,ASO,ES,Towers with Radar,21,36,74,5,136,0,0,10,6,16,21,36,84,11,152,46,10,56,208
08/31/2001,AVL,NC,ASO,ES,Towers with Radar,19,32,76,1,128,0,0,9,2,11,19,32,85,3,139,6,0,6,145
09/01/2001,AVL,NC,ASO,ES,Towers with Radar,17,24,63,0,104,1,0,10,0,11,18,24,73,0,115,0,0,0,115
09/02/2001,AVL,NC,ASO,ES,Towers with Radar,18,17,55,2,92,1,0,13,0,14,19,17,68,2,106,36,0,36,142
09/03/2001,AVL,NC,ASO,ES,Towers with Radar,20,29,50,0,99,1,0,0,0,1,21,29,50,0,100,0,0,0,100
09/04/2001,AVL,NC,ASO,ES,Towers with Radar,14,32,53,2,101,1,0,45,0,46,15,32,98,2,147,88,0,88,235
09/05/2001,AVL,NC,ASO,ES,Towers with Radar,17,35,75,2,129,1,0,78,26,105,18,35,153,28,234,80,24,104,338
09/06/2001,AVL,NC,ASO,ES,Towers with Radar,41,37,64,24,166,3,2,67,34,106,44,39,131,58,272,110,68,178,450
09/07/2001,AVL,NC,ASO,ES,Towers with Radar,20,30,65,11,126,1,0,52,4,57,21,30,117,15,183,44,9,53,236
09/08/2001,AVL,NC,ASO,ES,Towers with Radar,14,24,49,7,94,2,0,54,33,89,16,24,103,40,183,20,46,66,249
09/09/2001,AVL,NC,ASO,ES,Towers with Radar,16,31,70,5,122,1,0,23,3,27,17,31,93,8,149,70,8,78,227
09/10/2001,AVL,NC,ASO,ES,Towers with Radar,20,24,44,2,90,0,1,12,1,14,20,25,56,3,104,22,0,22,126
09/11/2001,AVL,NC,ASO,ES,Towers with Radar,1,5,21,1,28,0,0,3,0,3,1,5,24,1,31,0,0,0,31
09/12/2001,AVL,NC,ASO,ES,Towers with Radar,0,0,2,4,6,0,0,0,0,0,0,0,2,4,6,0,0,0,6
09/13/2001,AVL,NC,ASO,ES,Towers with Radar,0,10,7,0,17,0,0,0,0,0,0,10,7,0,17,0,0,0,17
09/14/2001,AVL,NC,ASO,ES,Towers with Radar,7,22,5,10,44,0,0,0,2,2,7,22,5,12,46,0,4,4,50
09/15/2001,AVL,NC,ASO,ES,Towers with Radar,11,20,40,0,71,0,1,2,3,6,11,21,42,3,77,0,0,0,77
09/16/2001,AVL,NC,ASO,ES,Towers with Radar,12,23,41,4,80,1,6,11,0,18,13,29,52,4,98,0,0,0,98
09/17/2001,AVL,NC,ASO,ES,Towers with Radar,13,41,52,10,116,0,0,0,17,17,13,41,52,27,133,0,22,22,155
09/18/2001,AVL,NC,ASO,ES,Towers with Radar,20,38,47,54,159,0,1,5,6,12,20,39,52,60,171,0,66,66,237
09/19/2001,AVL,NC,ASO,ES,Towers with Radar,17,33,60,0,110,0,0,2,11,13,17,33,62,11,123,4,38,42,165
09/20/2001,AVL,NC,ASO,ES,Towers with Radar,16,46,59,8,129,0,0,1,11,12,16,46,60,19,141,4,26,30,171
09/21/2001,AVL,NC,ASO,ES,Towers with Radar,17,33,69,3,122,0,0,27,0,27,17,33,96,3,149,4,0,4,153
09/22/2001,AVL,NC,ASO,ES,Towers with Radar,9,23,56,6,94,0,0,52,0,52,9,23,108,6,146,60,6,66,212
09/23/2001,AVL,NC,ASO,ES,Towers with Radar,18,27,75,3,123,0,0,53,0,53,18,27,128,3,176,74,0,74,250
09/24/2001,AVL,NC,ASO,ES,Towers with Radar,14,39,19,0,72,0,0,0,0,0,14,39,19,0,72,0,0,0,72
09/25/2001,AVL,NC,ASO,ES,Towers with Radar,15,38,56,2,111,0,0,53,14,67,15,38,109,16,178,64,12,76,254
09/26/2001,AVL,NC,ASO,ES,Towers with Radar,14,34,60,8,116,0,0,99,4,103,14,34,159,12,219,52,6,58,277
09/27/2001,AVL,NC,ASO,ES,Towers with Radar,23,35,63,5,126,0,8,78,9,95,23,43,141,14,221,90,10,100,321
09/28/2001,AVL,NC,ASO,ES,Towers with Radar,15,42,75,9,141,0,5,78,7,90,15,47,153,16,231,90,12,102,333
09/29/2001,AVL,NC,ASO,ES,Towers with Radar,16,25,53,2,96,0,0,70,0,70,16,25,123,2,166,52,2,54,220
09/30/2001,AVL,NC,ASO,ES,Towers with Radar,17,32,61,2,112,0,0,60,4,64,17,32,121,6,176,90,2,92,268
10/01/2001,AVL,NC,ASO,ES,Towers with Radar,17,36,41,0,94,0,0,57,2,59,17,36,98,2,153,68,0,68,221
10/02/2001,AVL,NC,ASO,ES,Towers with Radar,16,45,85,16,162,0,0,41,12,53,16,45,126,28,215,24,8,32,247
10/03/2001,AVL,NC,ASO,ES,Towers with Radar,16,38,153,1,208,0,0,81,3,84,16,38,234,4,292,70,4,74,366
10/04/2001,AVL,NC,ASO,ES,Towers with Radar,16,33,99,0,148,0,0,82,0,82,16,33,181,0,230,54,0,54,284
10/05/2001,AVL,NC,ASO,ES,Towers with Radar,16,38,80,14,148,0,0,91,1,92,16,38,171,15,240,148,2,150,390
10/06/2001,AVL,NC,ASO,ES,Towers with Radar,15,20,85,0,120,0,0,8,0,8,15,20,93,0,128,16,0,16,144
10/07/2001,AVL,NC,ASO,ES,Towers with Radar,19,25,143,0,187,0,0,92,0,92,19,25,235,0,279,46,0,46,325
10/08/2001,AVL,NC,ASO,ES,Towers with Radar,16,38,68,1,123,0,0,70,4,74,16,38,138,5,197,63,0,63,260
10/09/2001,AVL,NC,ASO,ES,Towers with Radar,20,37,61,20,138,0,0,77,6,83,20,37,138,26,221,120,18,138,359
10/10/2001,AVL,NC,ASO,ES,Towers with Radar,24,26,57,8,115,0,0,52,2,54,24,26,109,10,169,18,10,28,197
10/11/2001,AVL,NC,ASO,ES,Towers with Radar,20,43,76,18,157,0,0,22,3,25,20,43,98,21,182,34,26,60,242
10/12/2001,AVL,NC,ASO,ES,Towers with Radar,20,48,85,8,161,0,0,1,0,1,20,48,86,8,162,6,0,6,168
10/13/2001,AVL,NC,ASO,ES,Towers with Radar,20,25,51,0,96,0,0,5,0,5,20,25,56,0,101,6,0,6,107
10/14/2001,AVL,NC,ASO,ES,Towers with Radar,21,32,66,2,121,0,0,15,0,15,21,32,81,2,136,40,0,40,176
10/15/2001,AVL,NC,ASO,ES,Towers with Radar,19,42,70,0,131,0,0,77,2,79,19,42,147,2,210,120,0,120,330
10/16/2001,AVL,NC,ASO,ES,Towers with Radar,19,38,64,11,132,0,0,36,4,40,19,38,100,15,172,68,24,92,264
10/17/2001,AVL,NC,ASO,ES,Towers with Radar,20,37,56,9,122,0,1,22,7,30,20,38,78,16,152,20,20,40,192
10/18/2001,AVL,NC,ASO,ES,Towers with Radar,18,42,82,8,150,0,0,74,2,76,18,42,156,10,226,58,11,69,295
10/19/2001,AVL,NC,ASO,ES,Towers with Radar,18,49,84,9,160,0,0,107,1,108,18,49,191,10,268,76,12,88,356
10/20/2001,AVL,NC,ASO,ES,Towers with Radar,19,32,41,1,93,0,0,137,0,137,19,32,178,1,230,74,0,74,304
10/21/2001,AVL,NC,ASO,ES,Towers with Radar,18,38,122,0,178,0,0,72,0,72,18,38,194,0,250,36,0,36,286
10/22/2001,AVL,NC,ASO,ES,Towers with Radar,18,33,35,8,94,0,2,56,6,64,18,35,91,14,158,38,10,48,206
10/23/2001,AVL,NC,ASO,ES,Towers with Radar,21,42,62,12,137,0,4,70,1,75,21,46,132,13,212,87,11,98,310
10/24/2001,AVL,NC,ASO,ES,Towers with Radar,20,24,64,7,115,0,3,71,1,75,20,27,135,8,190,30,2,32,222
10/25/2001,AVL,NC,ASO,ES,Towers with Radar,17,40,64,9,130,0,4,26,10,40,17,44,90,19,170,28,16,44,214
10/26/2001,AVL,NC,ASO,ES,Towers with Radar,20,34,61,2,117,0,5,30,8,43,20,39,91,10,160,14,12,26,186
10/27/2001,AVL,NC,ASO,ES,Towers with Radar,21,24,37,2,84,0,0,21,4,25,21,24,58,6,109,2,0,2,111
10/28/2001,AVL,NC,ASO,ES,Towers with Radar,23,25,65,1,114,0,0,77,0,77,23,25,142,1,191,46,0,46,237
10/29/2001,AVL,NC,ASO,ES,Towers with Radar,19,32,41,0,92,0,1,57,0,58,19,33,98,0,150,26,0,26,176
10/30/2001,AVL,NC,ASO,ES,Towers with Radar,20,29,42,16,107,0,1,89,4,94,20,30,131,20,201,96,16,112,313
10/31/2001,AVL,NC,ASO,ES,Towers with Radar,18,31,53,4,106,0,0,74,2,76,18,31,127,6,182,108,18,126,308
11/01/2001,AVL,NC,ASO,ES,Towers with Radar,16,36,67,2,121,0,0,44,0,44,16,36,111,2,165,28,0,28,193
11/02/2001,AVL,NC,ASO,ES,Towers with Radar,18,38,54,10,120,0,0,36,0,36,18,38,90,10,156,12,18,30,186
11/03/2001,AVL,NC,ASO,ES,Towers with Radar,13,20,33,2,68,5,8,63,6,82,18,28,96,8,150,98,24,122,272
11/04/2001,AVL,NC,ASO,ES,Towers with Radar,17,33,44,3,97,0,0,52,1,53,17,33,96,4,150,102,6,108,258
11/05/2001,AVL,NC,ASO,ES,Towers with Radar,19,31,35,13,98,1,2,57,2,62,20,33,92,15,160,70,16,86,246
11/06/2001,AVL,NC,ASO,ES,Towers with Radar,18,35,45,6,104,7,1,73,3,84,25,36,118,9,188,74,10,84,272
11/07/2001,AVL,NC,ASO,ES,Towers with Radar,21,37,40,0,98,1,1,100,0,102,22,38,140,0,200,108,0,108,308
11/08/2001,AVL,NC,ASO,ES,Towers with Radar,19,40,70,4,133,0,2,74,0,76,19,42,144,4,209,80,6,86,295
11/09/2001,AVL,NC,ASO,ES,Towers with Radar,12,35,33,0,80,0,1,82,0,83,12,36,115,0,163,58,0,58,221
11/10/2001,AVL,NC,ASO,ES,Towers with Radar,19,16,34,0,69,0,8,87,0,95,19,24,121,0,164,112,0,112,276
11/11/2001,AVL,NC,ASO,ES,Towers with Radar,23,29,55,0,107,0,0,106,1,107,23,29,161,1,214,28,0,28,242
11/12/2001,AVL,NC,ASO,ES,Towers with Radar,20,35,42,1,98,0,2,75,14,91,20,37,117,15,189,32,20,52,241
11/13/2001,AVL,NC,ASO,ES,Towers with Radar,18,38,72,2,130,0,1,109,0,110,18,39,181,2,240,98,0,98,338
11/14/2001,AVL,NC,ASO,ES,Towers with Radar,21,30,63,0,114,11,2,119,2,134,32,32,182,2,248,126,0,126,374
11/15/2001,AVL,NC,ASO,ES,Towers with Radar,19,34,58,12,123,27,0,70,0,97,46,34,128,12,220,14,0,14,234
11/16/2001,AVL,NC,ASO,ES,Towers with Radar,12,40,71,5,128,5,0,70,1,76,17,40,141,6,204,14,16,30,234
11/17/2001,AVL,NC,ASO,ES,Towers with Radar,17,26,61,2,106,0,0,90,0,90,17,26,151,2,196,86,0,86,282
11/18/2001,AVL,NC,ASO,ES,Towers with Radar,17,30,51,0,98,0,0,62,1,63,17,30,113,1,161,44,0,44,205
11/19/2001,AVL,NC,ASO,ES,Towers with Radar,24,40,28,31,123,0,2,76,5,83,24,42,104,36,206,46,18,64,270
11/20/2001,AVL,NC,ASO,ES,Towers with Radar,20,31,57,0,108,0,0,53,0,53,20,31,110,0,161,0,0,0,161
11/21/2001,AVL,NC,ASO,ES,Towers with Radar,20,43,98,4,165,0,6,90,3,99,20,49,188,7,264,38,0,38,302
11/22/2001,AVL,NC,ASO,ES,Towers with Radar,17,18,32,0,67,4,0,36,0,40,21,18,68,0,107,6,0,6,113
11/23/2001,AVL,NC,ASO,ES,Towers with Radar,15,20,77,0,112,0,0,14,0,14,15,20,91,0,126,14,0,14,140
11/24/2001,AVL,NC,ASO,ES,Towers with Radar,18,25,38,0,81,0,0,0,0,0,18,25,38,0,81,0,0,0,81
11/25/2001,AVL,NC,ASO,ES,Towers with Radar,21,30,102,0,153,0,0,48,0,48,21,30,150,0,201,20,0,20,221
11/26/2001,AVL,NC,ASO,ES,Towers with Radar,17,34,41,17,109,0,0,59,3,62,17,34,100,20,171,64,8,72,243
11/27/2001,AVL,NC,ASO,ES,Towers with Radar,21,37,55,0,113,0,1,34,2,37,21,38,89,2,150,100,0,100,250
11/28/2001,AVL,NC,ASO,ES,Towers with Radar,18,33,42,2,95,0,0,53,0,53,18,33,95,2,148,60,0,60,208
11/29/2001,AVL,NC,ASO,ES,Towers with Radar,14,39,45,0,98,0,0,11,0,11,14,39,56,0,109,0,0,0,109
11/30/2001,AVL,NC,ASO,ES,Towers with Radar,21,30,37,11,99,0,1,29,1,31,21,31,66,12,130,16,2,18,148
12/01/2001,AVL,NC,ASO,ES,Towers with Radar,13,21,29,2,65,1,0,59,0,60,14,21,88,2,125,92,0,92,217
12/02/2001,AVL,NC,ASO,ES,Towers with Radar,19,21,43,15,98,0,0,72,1,73,19,21,115,16,171,54,16,70,241
12/03/2001,AVL,NC,ASO,ES,Towers with Radar,20,29,51,1,101,1,6,84,1,92,21,35,135,2,193,74,6,80,273
12/04/2001,AVL,NC,ASO,ES,Towers with Radar,18,33,44,2,97,0,2,71,2,75,18,35,115,4,172,110,2,112,284
12/05/2001,AVL,NC,ASO,ES,Towers with Radar,20,35,40,17,112,1,2,60,1,64,21,37,100,18,176,6,10,16,192
12/06/2001,AVL,NC,ASO,ES,Towers with Radar,16,31,34,2,83,1,2,40,4,47,17,33,74,6,130,46,0,46,176
12/07/2001,AVL,NC,ASO,ES,Towers with Radar,19,26,45,2,92,1,0,46,2,49,20,26,91,4,141,40,4,44,185
12/08/2001,AVL,NC,ASO,ES,Towers with Radar,13,22,29,0,64,1,1,32,0,34,14,23,61,0,98,30,0,30,128
12/09/2001,AVL,NC,ASO,ES,Towers with Radar,18,26,43,0,87,0,0,44,1,45,18,26,87,1,132,50,0,50,182
12/10/2001,AVL,NC,ASO,ES,Towers with Radar,18,32,20,0,70,0,0,0,0,0,18,32,20,0,70,0,0,0,70
12/11/2001,AVL,NC,ASO,ES,Towers with Radar,18,39,53,0,110,0,1,31,0,32,18,40,84,0,142,82,0,82,224
12/12/2001,AVL,NC,ASO,ES,Towers with Radar,18,36,50,0,104,0,2,7,0,9,18,38,57,0,113,0,0,0,113
12/13/2001,AVL,NC,ASO,ES,Towers with Radar,19,38,43,0,100,0,0,0,0,0,19,38,43,0,100,0,0,0,100
12/14/2001,AVL,NC,ASO,ES,Towers with Radar,21,33,46,1,101,0,0,29,4,33,21,33,75,5,134,42,6,48,182
12/15/2001,AVL,NC,ASO,ES,Towers with Radar,20,17,32,0,69,0,0,90,0,90,20,17,122,0,159,142,0,142,301
12/16/2001,AVL,NC,ASO,ES,Towers with Radar,14,28,35,11,88,0,0,46,2,48,14,28,81,13,136,28,28,56,192
12/17/2001,AVL,NC,ASO,ES,Towers with Radar,15,35,63,1,114,0,0,0,0,0,15,35,63,1,114,4,0,4,118
12/18/2001,AVL,NC,ASO,ES,Towers with Radar,21,20,23,13,77,0,4,16,0,20,21,24,39,13,97,0,34,34,131
12/19/2001,AVL,NC,ASO,ES,Towers with Radar,16,31,45,16,108,0,0,41,6,47,16,31,86,22,155,22,40,62,217
12/20/2001,AVL,NC,ASO,ES,Towers with Radar,16,31,31,0,78,0,2,26,0,28,16,33,57,0,106,0,0,0,106
12/21/2001,AVL,NC,ASO,ES,Towers with Radar,20,32,48,11,111,0,2,52,6,60,20,34,100,17,171,14,8,22,193
12/22/2001,AVL,NC,ASO,ES,Towers with Radar,20,19,45,0,84,0,0,81,0,81,20,19,126,0,165,36,0,36,201
12/23/2001,AVL,NC,ASO,ES,Towers with Radar,22,18,33,0,73,0,0,0,0,0,22,18,33,0,73,0,0,0,73
12/24/2001,AVL,NC,ASO,ES,Towers with Radar,16,20,16,0,52,0,1,29,0,30,16,21,45,0,82,46,0,46,128
12/25/2001,AVL,NC,ASO,ES,Towers with Radar,15,20,11,0,46,0,0,17,0,17,15,20,28,0,63,0,0,0,63
12/26/2001,AVL,NC,ASO,ES,Towers with Radar,13,31,34,2,80,0,0,51,2,53,13,31,85,4,133,26,0,26,159
12/27/2001,AVL,NC,ASO,ES,Towers with Radar,22,28,42,2,94,0,2,54,5,61,22,30,96,7,155,71,0,71,226
12/28/2001,AVL,NC,ASO,ES,Towers with Radar,15,33,36,1,85,0,0,38,1,39,15,33,74,2,124,4,0,4,128
12/29/2001,AVL,NC,ASO,ES,Towers with Radar,18,21,31,0,70,0,0,25,0,25,18,21,56,0,95,0,0,0,95
12/30/2001,AVL,NC,ASO,ES,Towers with Radar,22,23,52,0,97,0,0,72,0,72,22,23,124,0,169,40,0,40,209
12/31/2001,AVL,NC,ASO,ES,Towers with Radar,21,20,21,0,62,0,2,47,0,49,21,22,68,0,111,44,0,44,155
01/01/2002,AVL,NC,ASO,ES,Towers with Radar,13,26,34,0,73,1,0,41,0,42,14,26,75,0,115,8,0,8,123
01/02/2002,AVL,NC,ASO,ES,Towers with Radar,12,34,26,0,72,0,0,10,0,10,12,34,36,0,82,30,0,30,112
01/03/2002,AVL,NC,ASO,ES,Towers with Radar,12,20,14,0,46,1,0,0,0,1,13,20,14,0,47,0,0,0,47
01/04/2002,AVL,NC,ASO,ES,Towers with Radar,17,33,39,0,89,0,1,45,2,48,17,34,84,2,137,60,0,60,197
01/05/2002,AVL,NC,ASO,ES,Towers with Radar,14,21,31,0,66,1,0,78,0,79,15,21,109,0,145,80,0,80,225
01/06/2002,AVL,NC,ASO,ES,Towers with Radar,14,21,10,0,45,1,0,0,0,1,15,21,10,0,46,0,0,0,46
01/07/2002,AVL,NC,ASO,ES,Towers with Radar,15,35,18,0,68,1,0,9,0,10,16,35,27,0,78,0,0,0,78
01/08/2002,AVL,NC,ASO,ES,Towers with Radar,17,30,39,10,96,0,3,34,1,38,17,33,73,11,134,16,10,26,160
01/09/2002,AVL,NC,ASO,ES,Towers with Radar,19,27,55,2,103,0,2,37,9,48,19,29,92,11,151,16,0,16,167
01/10/2002,AVL,NC,ASO,ES,Towers with Radar,19,25,33,1,78,0,2,56,1,59,19,27,89,2,137,62,0,62,199
01/11/2002,AVL,NC,ASO,ES,Towers with Radar,15,29,38,7,89,0,2,24,6,32,15,31,62,13,121,0,4,4,125
01/12/2002,AVL,NC,ASO,ES,Towers with Radar,13,20,25,0,58,1,5,83,0,89,14,25,108,0,147,122,0,122,269
01/13/2002,AVL,NC,ASO,ES,Towers with Radar,21,19,28,4,72,0,1,63,4,68,21,20,91,8,140,82,0,82,222
01/14/2002,AVL,NC,ASO,ES,Towers with Radar,18,27,33,14,92,0,2,33,2,37,18,29,66,16,129,38,52,90,219
01/15/2002,AVL,NC,ASO,ES,Towers with Radar,19,31,41,19,110,0,0,44,12,56,19,31,85,31,166,26,32,58,224
01/16/2002,AVL,NC,ASO,ES,Towers with Radar,15,32,31,0,78,0,0,72,0,72,15,32,103,0,150,76,0,76,226
01/17/2002,AVL,NC,ASO,ES,Towers with Radar,16,28,39,1,84,0,2,49,1,52,16,30,88,2,136,64,0,64,200
01/18/2002,AVL,NC,ASO,ES,Towers with Radar,17,33,57,0,107,0,2,18,3,23,17,35,75,3,130,60,0,60,190
01/19/2002,AVL,NC,ASO,ES,Towers with Radar,16,17,6,0,39,0,0,0,0,0,16,17,6,0,39,0,0,0,39
01/20/2002,AVL,NC,ASO,ES,Towers with Radar,19,23,32,0,74,0,0,57,0,57,19,23,89,0,131,68,0,68,199
01/21/2002,AVL,NC,ASO,ES,Towers with Radar,14,28,23,2,67,0,0,36,3,39,14,28,59,5,106,48,2,50,156
01/22/2002,AVL,NC,ASO,ES,Towers with Radar,16,34,32,0,82,0,2,83,1,86,16,36,115,1,168,118,0,118,286
01/23/2002,AVL,NC,ASO,ES,Towers with Radar,17,29,40,1,87,0,0,14,0,14,17,29,54,1,101,8,0,8,109
01/24/2002,AVL,NC,ASO,ES,Towers with Radar,18,28,32,0,78,0,0,6,0,6,18,28,38,0,84,26,0,26,110
01/25/2002,AVL,NC,ASO,ES,Towers with Radar,17,27,46,8,98,0,2,45,8,55,17,29,91,16,153,62,10,72,225
01/26/2002,AVL,NC,ASO,ES,Towers with Radar,17,21,36,0,74,0,0,84,0,84,17,21,120,0,158,38,0,38,196
01/27/2002,AVL,NC,ASO,ES,Towers with Radar,20,22,28,2,72,0,0,92,1,93,20,22,120,3,165,36,0,36,201
01/28/2002,AVL,NC,ASO,ES,Towers with Radar,15,28,32,2,77,0,0,57,0,57,15,28,89,2,134,63,0,63,197
01/29/2002,AVL,NC,ASO,ES,Towers with Radar,17,30,44,1,92,0,0,61,0,61,17,30,105,1,153,70,0,70,223
01/30/2002,AVL,NC,ASO,ES,Towers with Radar,14,35,38,20,107,0,0,66,2,68,14,35,104,22,175,76,32,108,283
01/31/2002,AVL,NC,ASO,ES,Towers with Radar,18,32,52,6,108,0,0,36,0,36,18,32,88,6,144,84,6,90,234
02/01/2002,AVL,NC,ASO,ES,Towers with Radar,16,24,30,0,70,1,7,7,0,15,17,31,37,0,85,0,0,0,85
02/02/2002,AVL,NC,ASO,ES,Towers with Radar,19,19,26,0,64,1,0,52,0,53,20,19,78,0,117,28,0,28,145
02/03/2002,AVL,NC,ASO,ES,Towers with Radar,17,27,39,0,83,1,0,32,0,33,18,27,71,0,116,80,0,80,196
02/04/2002,AVL,NC,ASO,ES,Towers with Radar,21,30,22,2,75,1,1,6,0,8,22,31,28,2,83,0,0,0,83
02/05/2002,AVL,NC,ASO,ES,Towers with Radar,14,39,35,4,92,1,0,64,5,70,15,39,99,9,162,82,2,84,246
02/06/2002,AVL,NC,ASO,ES,Towers with Radar,10,23,25,0,58,1,0,4,0,5,11,23,29,0,63,12,0,12,75
02/07/2002,AVL,NC,ASO,ES,Towers with Radar,18,28,28,1,75,1,0,0,0,1,19,28,28,1,76,0,0,0,76
02/08/2002,AVL,NC,ASO,ES,Towers with Radar,23,28,40,2,93,1,1,66,0,68,24,29,106,2,161,52,0,52,213
02/09/2002,AVL,NC,ASO,ES,Towers with Radar,22,18,28,0,68,0,1,101,0,102,22,19,129,0,170,164,0,164,334
02/10/2002,AVL,NC,ASO,ES,Towers with Radar,21,23,29,0,73,0,1,12,0,13,21,24,41,0,86,28,0,28,114
02/11/2002,AVL,NC,ASO,ES,Towers with Radar,16,25,19,2,62,0,1,26,2,29,16,26,45,4,91,40,22,62,153
02/12/2002,AVL,NC,ASO,ES,Towers with Radar,15,29,25,0,69,0,3,92,0,95,15,32,117,0,164,150,0,150,314
02/13/2002,AVL,NC,ASO,ES,Towers with Radar,25,26,59,1,111,0,1,74,1,76,25,27,133,2,187,122,3,125,312
02/14/2002,AVL,NC,ASO,ES,Towers with Radar,17,29,41,2,89,0,2,62,0,64,17,31,103,2,153,132,1,133,286
02/15/2002,AVL,NC,ASO,ES,Towers with Radar,17,33,58,0,108,0,0,80,0,80,17,33,138,0,188,104,0,104,292
02/16/2002,AVL,NC,ASO,ES,Towers with Radar,15,20,38,0,73,0,0,37,1,38,15,20,75,1,111,32,0,32,143
02/17/2002,AVL,NC,ASO,ES,Towers with Radar,22,24,30,0,76,0,0,26,4,30,22,24,56,4,106,0,0,0,106
02/18/2002,AVL,NC,ASO,ES,Towers with Radar,18,25,45,2,90,0,0,79,11,90,18,25,124,13,180,119,8,127,307
02/19/2002,AVL,NC,ASO,ES,Towers with Radar,15,36,38,3,92,0,1,69,3,73,15,37,107,6,165,98,2,100,265
02/20/2002,AVL,NC,ASO,ES,Towers with Radar,20,21,29,3,73,0,0,3,0,3,20,21,32,3,76,0,0,0,76
02/21/2002,AVL,NC,ASO,ES,Towers with Radar,20,24,32,0,76,0,2,76,0,78,20,26,108,0,154,48,0,48,202
02/22/2002,AVL,NC,ASO,ES,Towers with Radar,25,32,32,0,89,0,1,41,2,44,25,33,73,2,133,72,0,72,205
02/23/2002,AVL,NC,ASO,ES,Towers with Radar,21,20,13,7,61,0,0,86,2,88,21,20,99,9,149,72,6,78,227
02/24/2002,AVL,NC,ASO,ES,Towers with Radar,21,20,45,0,86,0,0,70,2,72,21,20,115,2,158,48,2,50,208
02/25/2002,AVL,NC,ASO,ES,Towers with Radar,18,26,27,6,77,0,0,80,1,81,18,26,107,7,158,34,0,34,192
02/26/2002,AVL,NC,ASO,ES,Towers with Radar,18,28,32,0,78,0,2,33,0,35,18,30,65,0,113,34,0,34,147
02/27/2002,AVL,NC,ASO,ES,Towers with Radar,22,34,34,5,95,0,2,13,0,15,22,36,47,5,110,0,0,0,110
02/28/2002,AVL,NC,ASO,ES,Towers with Radar,19,27,28,2,76,0,2,52,1,55,19,29,80,3,131,32,0,32,163
03/01/2002,AVL,NC,ASO,ES,Towers with Radar,18,28,45,4,95,2,0,73,7,82,20,28,118,11,177,82,16,98,275
03/02/2002,AVL,NC,ASO,ES,Towers with Radar,16,21,9,0,46,1,0,0,0,1,17,21,9,0,47,0,0,0,47
03/03/2002,AVL,NC,ASO,ES,Towers with Radar,11,37,20,0,68,0,1,1,0,2,11,38,21,0,70,0,0,0,70
03/04/2002,AVL,NC,ASO,ES,Towers with Radar,11,40,35,0,86,0,1,43,0,44,11,41,78,0,130,26,0,26,156
03/05/2002,AVL,NC,ASO,ES,Towers with Radar,15,27,38,6,86,0,2,79,0,81,15,29,117,6,167,108,4,112,279
03/06/2002,AVL,NC,ASO,ES,Towers with Radar,19,29,44,1,93,0,3,72,0,75,19,32,116,1,168,72,0,72,240
03/07/2002,AVL,NC,ASO,ES,Towers with Radar,20,30,54,6,110,0,3,88,18,109,20,33,142,24,219,122,34,156,375
03/08/2002,AVL,NC,ASO,ES,Towers with Radar,21,25,54,5,105,0,2,94,5,101,21,27,148,10,206,88,8,96,302
03/09/2002,AVL,NC,ASO,ES,Towers with Radar,15,23,22,2,62,0,0,13,0,13,15,23,35,2,75,82,0,82,157
03/10/2002,AVL,NC,ASO,ES,Towers with Radar,15,28,37,2,82,0,0,36,0,36,15,28,73,2,118,14,0,14,132
03/11/2002,AVL,NC,ASO,ES,Towers with Radar,15,34,30,4,83,0,0,50,0,50,15,34,80,4,133,86,0,86,219
03/12/2002,AVL,NC,ASO,ES,Towers with Radar,14,33,23,0,70,0,0,1,0,1,14,33,24,0,71,0,0,0,71
03/13/2002,AVL,NC,ASO,ES,Towers with Radar,20,30,49,2,101,0,0,8,0,8,20,30,57,2,109,6,0,6,115
03/14/2002,AVL,NC,ASO,ES,Towers with Radar,21,41,53,4,119,0,4,41,13,58,21,45,94,17,177,42,24,66,243
03/15/2002,AVL,NC,ASO,ES,Towers with Radar,19,26,45,5,95,0,1,65,3,69,19,27,110,8,164,78,6,84,248
03/16/2002,AVL,NC,ASO,ES,Towers with Radar,17,26,43,1,87,0,0,20,1,21,17,26,63,2,108,62,0,62,170
03/17/2002,AVL,NC,ASO,ES,Towers with Radar,16,35,44,0,95,0,0,3,0,3,16,35,47,0,98,26,0,26,124
03/18/2002,AVL,NC,ASO,ES,Towers with Radar,14,28,47,2,91,0,0,20,0,20,14,28,67,2,111,20,0,20,131
03/19/2002,AVL,NC,ASO,ES,Towers with Radar,25,29,40,2,96,0,0,20,0,20,25,29,60,2,116,62,2,64,180
03/20/2002,AVL,NC,ASO,ES,Towers with Radar,17,44,44,15,120,0,0,7,0,7,17,44,51,15,127,0,0,0,127
03/21/2002,AVL,NC,ASO,ES,Towers with Radar,20,35,48,7,110,0,0,44,0,44,20,35,92,7,154,68,6,74,228
03/22/2002,AVL,NC,ASO,ES,Towers with Radar,19,28,40,2,89,0,3,49,2,54,19,31,89,4,143,0,0,0,143
03/23/2002,AVL,NC,ASO,ES,Towers with Radar,17,25,22,0,64,0,0,104,0,104,17,25,126,0,168,78,0,78,246
03/24/2002,AVL,NC,ASO,ES,Towers with Radar,17,31,53,4,105,0,6,94,2,102,17,37,147,6,207,82,2,84,291
03/25/2002,AVL,NC,ASO,ES,Towers with Radar,15,34,46,2,97,0,0,57,0,57,15,34,103,2,154,10,0,10,164
03/26/2002,AVL,NC,ASO,ES,Towers with Radar,23,23,43,1,90,0,1,4,0,5,23,24,47,1,95,0,0,0,95
03/27/2002,AVL,NC,ASO,ES,Towers with Radar,18,31,54,5,108,0,2,52,8,62,18,33,106,13,170,90,14,104,274
03/28/2002,AVL,NC,ASO,ES,Towers with Radar,20,30,41,22,113,0,2,121,0,123,20,32,162,22,236,126,14,140,376
03/29/2002,AVL,NC,ASO,ES,Towers with Radar,20,28,80,2,130,0,1,72,0,73,20,29,152,2,203,58,0,58,261
03/30/2002,AVL,NC,ASO,ES,Towers with Radar,18,31,40,0,89,0,0,1,0,1,18,31,41,0,90,12,0,12,102
03/31/2002,AVL,NC,ASO,ES,Towers with Radar,15,29,22,0,66,0,0,1,0,1,15,29,23,0,67,0,0,0,67
04/01/2002,AVL,NC,ASO,ES,Towers with Radar,15,36,56,0,107,0,0,70,0,70,15,36,126,0,177,20,0,20,197
04/02/2002,AVL,NC,ASO,ES,Towers with Radar,19,26,42,5,92,1,0,71,2,74,20,26,113,7,166,46,0,46,212
04/03/2002,AVL,NC,ASO,ES,Towers with Radar,13,38,48,4,103,1,0,30,4,35,14,38,78,8,138,24,4,28,166
04/04/2002,AVL,NC,ASO,ES,Towers with Radar,22,28,36,6,92,1,0,67,1,69,23,28,103,7,161,60,4,64,225
04/05/2002,AVL,NC,ASO,ES,Towers with Radar,21,25,37,22,105,1,1,58,8,68,22,26,95,30,173,22,48,70,243
04/06/2002,AVL,NC,ASO,ES,Towers with Radar,19,26,37,0,82,1,0,82,3,86,20,26,119,3,168,28,0,28,196
04/07/2002,AVL,NC,ASO,ES,Towers with Radar,17,30,45,0,92,0,1,55,0,56,17,31,100,0,148,10,0,10,158
04/08/2002,AVL,NC,ASO,ES,Towers with Radar,24,27,58,2,111,0,1,26,0,27,24,28,84,2,138,62,2,64,202
04/09/2002,AVL,NC,ASO,ES,Towers with Radar,12,41,40,0,93,0,1,0,0,1,12,42,40,0,94,0,0,0,94
04/10/2002,AVL,NC,ASO,ES,Towers with Radar,16,32,84,2,134,0,1,49,2,52,16,33,133,4,186,126,0,126,312
04/11/2002,AVL,NC,ASO,ES,Towers with Radar,22,27,42,0,91,0,0,59,1,60,22,27,101,1,151,194,0,194,345
04/12/2002,AVL,NC,ASO,ES,Towers with Radar,22,38,57,0,117,0,0,5,0,5,22,38,62,0,122,36,0,36,158
04/13/2002,AVL,NC,ASO,ES,Towers with Radar,10,34,44,0,88,0,0,12,1,13,10,34,56,1,101,26,0,26,127
04/14/2002,AVL,NC,ASO,ES,Towers with Radar,12,37,40,4,93,0,0,14,1,15,12,37,54,5,108,24,6,30,138
04/15/2002,AVL,NC,ASO,ES,Towers with Radar,19,29,42,0,90,0,2,53,0,55,19,31,95,0,145,12,0,12,157
04/16/2002,AVL,NC,ASO,ES,Towers with Radar,16,32,48,1,97,0,4,76,1,81,16,36,124,2,178,62,0,62,240
04/17/2002,AVL,NC,ASO,ES,Towers with Radar,18,37,53,1,109,0,1,54,7,62,18,38,107,8,171,80,0,80,251
04/18/2002,AVL,NC,ASO,ES,Towers with Radar,18,28,50,7,103,0,1,81,1,83,18,29,131,8,186,118,0,118,304
04/19/2002,AVL,NC,ASO,ES,Towers with Radar,18,37,68,3,126,0,1,55,2,58,18,38,123,5,184,56,0,56,240
04/20/2002,AVL,NC,ASO,ES,Towers with Radar,14,29,28,0,71,0,0,95,0,95,14,29,123,0,166,106,0,106,272
04/21/2002,AVL,NC,ASO,ES,Towers with Radar,9,28,41,7,85,0,0,55,2,57,9,28,96,9,142,44,0,44,186
04/22/2002,AVL,NC,ASO,ES,Towers with Radar,21,28,42,0,91,0,0,59,13,72,21,28,101,13,163,116,0,116,279
04/23/2002,AVL,NC,ASO,ES,Towers with Radar,19,33,32,7,91,0,0,60,11,71,19,33,92,18,162,34,4,38,200
04/24/2002,AVL,NC,ASO,ES,Towers with Radar,17,36,45,4,102,0,3,51,4,58,17,39,96,8,160,36,0,36,196
04/25/2002,AVL,NC,ASO,ES,Towers with Radar,18,37,53,4,112,0,1,43,3,47,18,38,96,7,159,48,0,48,207
04/26/2002,AVL,NC,ASO,ES,Towers with Radar,15,39,63,7,124,0,1,82,2,85,15,40,145,9,209,78,0,78,287
04/27/2002,AVL,NC,ASO,ES,Towers with Radar,15,33,41,2,91,0,0,53,0,53,15,33,94,2,144,74,0,74,218
04/28/2002,AVL,NC,ASO,ES,Towers with Radar,11,31,43,0,85,0,1,25,0,26,11,32,68,0,111,26,4,30,141
04/29/2002,AVL,NC,ASO,ES,Towers with Radar,18,35,37,2,92,0,2,36,2,40,18,37,73,4,132,16,0,16,148
04/30/2002,AVL,NC,ASO,ES,Towers with Radar,17,34,48,0,99,2,0,68,2,72,19,34,116,2,171,44,10,54,225
05/01/2002,AVL,NC,ASO,ES,Towers with Radar,19,31,53,0,103,1,0,20,0,21,20,31,73,0,124,54,0,54,178
05/02/2002,AVL,NC,ASO,ES,Towers with Radar,18,28,51,1,98,0,0,46,1,47,18,28,97,2,145,80,2,82,227
05/03/2002,AVL,NC,ASO,ES,Towers with Radar,16,38,87,0,141,0,0,15,2,17,16,38,102,2,158,8,0,8,166
05/04/2002,AVL,NC,ASO,ES,Towers with Radar,11,34,38,0,83,0,0,0,0,0,11,34,38,0,83,10,0,10,93
05/05/2002,AVL,NC,ASO,ES,Towers with Radar,16,39,78,0,133,0,0,106,0,106,16,39,184,0,239,92,0,92,331
05/06/2002,AVL,NC,ASO,ES,Towers with Radar,18,29,45,0,92,0,0,44,1,45,18,29,89,1,137,76,0,76,213
05/07/2002,AVL,NC,ASO,ES,Towers with Radar,20,30,48,5,103,0,0,66,8,74,20,30,114,13,177,118,4,122,299
05/08/2002,AVL,NC,ASO,ES,Towers with Radar,23,34,69,0,126,0,1,47,2,50,23,35,116,2,176,78,0,78,254
05/09/2002,AVL,NC,ASO,ES,Towers with Radar,18,43,61,2,124,0,0,49,6,55,18,43,110,8,179,80,22,102,281
05/10/2002,AVL,NC,ASO,ES,Towers with Radar,23,26,63,6,118,0,2,23,0,25,23,28,86,6,143,44,4,48,191
05/11/2002,AVL,NC,ASO,ES,Towers with Radar,17,26,44,2,89,0,0,28,0,28,17,26,72,2,117,60,0,60,177
05/12/2002,AVL,NC,ASO,ES,Towers with Radar,23,29,56,0,108,0,0,25,0,25,23,29,81,0,133,30,0,30,163
05/13/2002,AVL,NC,ASO,ES,Towers with Radar,19,34,53,0,106,0,0,10,0,10,19,34,63,0,116,6,0,6,122
05/14/2002,AVL,NC,ASO,ES,Towers with Radar,15,43,56,1,115,3,8,59,0,70,18,51,115,1,185,36,0,36,221
05/15/2002,AVL,NC,ASO,ES,Towers with Radar,19,40,54,2,115,0,1,107,0,108,19,41,161,2,223,64,0,64,287
05/16/2002,AVL,NC,ASO,ES,Towers with Radar,21,36,74,7,138,0,3,101,4,108,21,39,175,11,246,100,22,122,368
05/17/2002,AVL,NC,ASO,ES,Towers with Radar,21,37,81,0,139,0,1,35,2,38,21,38,116,2,177,41,0,41,218
05/18/2002,AVL,NC,ASO,ES,Towers with Radar,17,33,39,0,89,0,1,6,0,7,17,34,45,0,96,8,0,8,104
05/19/2002,AVL,NC,ASO,ES,Towers with Radar,18,31,56,2,107,3,0,55,1,59,21,31,111,3,166,10,0,10,176
05/20/2002,AVL,NC,ASO,ES,Towers with Radar,20,37,50,1,108,0,2,54,6,62,20,39,104,7,170,75,0,75,245
05/21/2002,AVL,NC,ASO,ES,Towers with Radar,15,33,47,8,103,0,2,46,2,50,15,35,93,10,153,80,0,80,233
05/22/2002,AVL,NC,ASO,ES,Towers with Radar,15,37,56,1,109,0,4,73,3,80,15,41,129,4,189,86,0,86,275
05/23/2002,AVL,NC,ASO,ES,Towers with Radar,25,26,61,10,122,1,2,98,1,102,26,28,159,11,224,122,28,150,374
05/24/2002,AVL,NC,ASO,ES,Towers with Radar,16,38,62,3,119,0,2,86,0,88,16,40,148,3,207,52,0,52,259
05/25/2002,AVL,NC,ASO,ES,Towers with Radar,14,26,42,0,82,4,10,56,0,70,18,36,98,0,152,72,0,72,224
05/26/2002,AVL,NC,ASO,ES,Towers with Radar,18,33,36,0,87,0,0,40,0,40,18,33,76,0,127,14,0,14,141
05/27/2002,AVL,NC,ASO,ES,Towers with Radar,18,30,56,1,105,0,0,22,1,23,18,30,78,2,128,16,2,18,146
05/28/2002,AVL,NC,ASO,ES,Towers with Radar,17,41,57,12,127,0,1,51,5,57,17,42,108,17,184,92,8,100,284
05/29/2002,AVL,NC,ASO,ES,Towers with Radar,21,40,59,4,124,0,1,59,1,61,21,41,118,5,185,90,2,92,277
05/30/2002,AVL,NC,ASO,ES,Towers with Radar,22,33,56,4,115,0,1,50,0,51,22,34,106,4,166,57,0,57,223
05/31/2002,AVL,NC,ASO,ES,Towers with Radar,18,34,47,14,113,0,1,39,2,42,18,35,86,16,155,44,4,48,203
06/01/2002,AVL,NC,ASO,ES,Towers with Radar,16,35,50,6,107,1,0,62,3,66,17,35,112,9,173,52,28,80,253
06/02/2002,AVL,NC,ASO,ES,Towers with Radar,15,29,53,3,100,4,0,29,3,36,19,29,82,6,136,34,0,34,170
06/03/2002,AVL,NC,ASO,ES,Towers with Radar,19,39,65,4,127,0,0,40,0,40,19,39,105,4,167,4,0,4,171
06/04/2002,AVL,NC,ASO,ES,Towers with Radar,22,31,38,2,93,0,0,30,0,30,22,31,68,2,123,25,0,25,148
06/05/2002,AVL,NC,ASO,ES,Towers with Radar,15,36,55,2,108,0,0,59,0,59,15,36,114,2,167,112,0,112,279
06/06/2002,AVL,NC,ASO,ES,Towers with Radar,19,44,78,0,141,0,0,28,1,29,19,44,106,1,170,40,0,40,210
06/07/2002,AVL,NC,ASO,ES,Towers with Radar,17,41,85,5,148,0,0,34,2,36,17,41,119,7,184,62,0,62,246
06/08/2002,AVL,NC,ASO,ES,Towers with Radar,18,30,83,10,141,0,0,44,0,44,18,30,127,10,185,48,6,54,239
06/09/2002,AVL,NC,ASO,ES,Towers with Radar,19,32,63,4,118,3,0,89,3,95,22,32,152,7,213,26,12,38,251
06/10/2002,AVL,NC,ASO,ES,Towers with Radar,18,30,60,0,108,0,2,65,3,70,18,32,125,3,178,50,6,56,234
06/11/2002,AVL,NC,ASO,ES,Towers with Radar,21,35,42,0,98,0,0,116,3,119,21,35,158,3,217,46,0,46,263
06/12/2002,AVL,NC,ASO,ES,Towers with Radar,18,32,51,19,120,0,1,125,3,129,18,33,176,22,249,52,20,72,321
06/13/2002,AVL,NC,ASO,ES,Towers with Radar,17,32,58,4,111,0,5,54,4,63,17,37,112,8,174,62,0,62,236
06/14/2002,AVL,NC,ASO,ES,Towers with Radar,21,39,66,2,128,0,2,26,0,28,21,41,92,2,156,54,0,54,210
06/15/2002,AVL,NC,ASO,ES,Towers with Radar,14,35,32,2,83,0,1,78,4,83,14,36,110,6,166,38,0,38,204
06/16/2002,AVL,NC,ASO,ES,Towers with Radar,28,29,57,2,116,0,1,51,0,52,28,30,108,2,168,52,0,52,220
06/17/2002,AVL,NC,ASO,ES,Towers with Radar,19,42,55,2,118,0,2,31,1,34,19,44,86,3,152,52,0,52,204
06/18/2002,AVL,NC,ASO,ES,Towers with Radar,18,36,50,0,104,0,2,85,0,87,18,38,135,0,191,44,2,46,237
06/19/2002,AVL,NC,ASO,ES,Towers with Radar,19,34,58,0,111,0,2,59,0,61,19,36,117,0,172,88,0,88,260
06/20/2002,AVL,NC,ASO,ES,Towers with Radar,17,37,82,6,142,0,3,57,0,60,17,40,139,6,202,68,0,68,270
06/21/2002,AVL,NC,ASO,ES,Towers with Radar,21,35,75,7,138,0,1,66,0,67,21,36,141,7,205,92,12,104,309
06/22/2002,AVL,NC,ASO,ES,Towers with Radar,20,32,54,6,112,0,0,42,0,42,20,32,96,6,154,35,22,57,211
06/23/2002,AVL,NC,ASO,ES,Towers with Radar,21,38,96,2,157,0,0,9,0,9,21,38,105,2,166,28,10,38,204
06/24/2002,AVL,NC,ASO,ES,Towers with Radar,20,31,66,6,123,0,0,34,0,34,20,31,100,6,157,72,8,80,237
06/25/2002,AVL,NC,ASO,ES,Towers with Radar,19,36,42,1,98,0,4,54,1,59,19,40,96,2,157,116,0,116,273
06/26/2002,AVL,NC,ASO,ES,Towers with Radar,15,36,77,14,142,0,0,16,0,16,15,36,93,14,158,20,0,20,178
06/27/2002,AVL,NC,ASO,ES,Towers with Radar,18,41,74,10,143,0,0,10,0,10,18,41,84,10,153,0,0,0,153
06/28/2002,AVL,NC,ASO,ES,Towers with Radar,19,40,91,10,160,0,0,25,0,25,19,40,116,10,185,84,10,94,279
06/29/2002,AVL,NC,ASO,ES,Towers with Radar,19,28,62,5,114,0,0,69,3,72,19,28,131,8,186,67,4,71,257
06/30/2002,AVL,NC,ASO,ES,Towers with Radar,21,35,55,2,113,0,0,33,0,33,21,35,88,2,146,52,6,58,204
07/01/2002,AVL,NC,ASO,ES,Towers with Radar,18,35,71,2,126,3,0,25,0,28,21,35,96,2,154,62,0,62,216
07/02/2002,AVL,NC,ASO,ES,Towers with Radar,23,27,55,11,116,0,0,30,3,33,23,27,85,14,149,36,20,56,205
07/03/2002,AVL,NC,ASO,ES,Towers with Radar,19,36,76,18,149,0,0,33,2,35,19,36,109,20,184,42,40,82,266
07/04/2002,AVL,NC,ASO,ES,Towers with Radar,15,24,50,0,89,0,0,29,0,29,15,24,79,0,118,34,0,34,152
07/05/2002,AVL,NC,ASO,ES,Towers with Radar,21,25,57,0,103,0,1,46,1,48,21,26,103,1,151,69,0,69,220
07/06/2002,AVL,NC,ASO,ES,Towers with Radar,21,28,47,0,96,0,0,54,0,54,21,28,101,0,150,23,0,23,173
07/07/2002,AVL,NC,ASO,ES,Towers with Radar,19,38,92,0,149,0,0,39,0,39,19,38,131,0,188,34,0,34,222
07/08/2002,AVL,NC,ASO,ES,Towers with Radar,21,35,59,0,115,0,2,62,11,75,21,37,121,11,190,32,0,32,222
07/09/2002,AVL,NC,ASO,ES,Towers with Radar,19,34,55,13,121,0,3,38,10,51,19,37,93,23,172,26,6,32,204
07/10/2002,AVL,NC,ASO,ES,Towers with Radar,21,38,60,0,119,0,1,26,8,35,21,39,86,8,154,12,0,12,166
07/11/2002,AVL,NC,ASO,ES,Towers with Radar,19,41,80,4,144,0,3,33,6,42,19,44,113,10,186,16,0,16,202
07/12/2002,AVL,NC,ASO,ES,Towers with Radar,25,36,109,10,180,0,0,7,5,12,25,36,116,15,192,76,2,78,270
07/13/2002,AVL,NC,ASO,ES,Towers with Radar,19,28,68,0,115,0,0,1,0,1,19,28,69,0,116,0,0,0,116
07/14/2002,AVL,NC,ASO,ES,Towers with Radar,19,37,88,1,145,0,0,5,2,7,19,37,93,3,152,0,0,0,152
07/15/2002,AVL,NC,ASO,ES,Towers with Radar,18,40,77,0,135,0,2,35,2,39,18,42,112,2,174,66,0,66,240
07/16/2002,AVL,NC,ASO,ES,Towers with Radar,20,34,53,1,108,0,2,70,4,76,20,36,123,5,184,107,0,107,291
07/17/2002,AVL,NC,ASO,ES,Towers with Radar,21,36,75,3,135,0,1,37,3,41,21,37,112,6,176,39,0,39,215
07/18/2002,AVL,NC,ASO,ES,Towers with Radar,19,42,92,8,161,0,0,42,2,44,19,42,134,10,205,33,8,41,246
07/19/2002,AVL,NC,ASO,ES,Towers with Radar,20,46,84,5,155,0,0,45,3,48,20,46,129,8,203,46,18,64,267
07/20/2002,AVL,NC,ASO,ES,Towers with Radar,18,31,58,0,107,0,0,54,0,54,18,31,112,0,161,65,0,65,226
07/21/2002,AVL,NC,ASO,ES,Towers with Radar,19,35,96,8,158,0,0,61,9,70,19,35,157,17,228,59,7,66,294
07/22/2002,AVL,NC,ASO,ES,Towers with Radar,17,36,65,4,122,0,0,40,5,45,17,36,105,9,167,35,0,35,202
07/23/2002,AVL,NC,ASO,ES,Towers with Radar,17,29,63,2,111,0,0,59,3,62,17,29,122,5,173,74,0,74,247
07/24/2002,AVL,NC,ASO,ES,Towers with Radar,18,34,65,0,117,1,6,24,0,31,19,40,89,0,148,75,0,75,223
07/25/2002,AVL,NC,ASO,ES,Towers with Radar,19,36,69,2,126,1,4,7,0,12,20,40,76,2,138,18,0,18,156
07/26/2002,AVL,NC,ASO,ES,Towers with Radar,20,41,91,0,152,0,1,31,0,32,20,42,122,0,184,14,0,14,198
07/27/2002,AVL,NC,ASO,ES,Towers with Radar,19,34,56,0,109,0,0,31,0,31,19,34,87,0,140,14,0,14,154
07/28/2002,AVL,NC,ASO,ES,Towers with Radar,19,39,76,3,137,0,0,57,1,58,19,39,133,4,195,12,0,12,207
07/29/2002,AVL,NC,ASO,ES,Towers with Radar,21,44,71,3,139,0,3,54,1,58,21,47,125,4,197,43,0,43,240
07/30/2002,AVL,NC,ASO,ES,Towers with Radar,18,38,58,5,119,0,0,78,2,80,18,38,136,7,199,35,6,41,240
07/31/2002,AVL,NC,ASO,ES,Towers with Radar,20,43,66,4,133,0,1,64,0,65,20,44,130,4,198,93,4,97,295
08/01/2002,AVL,NC,ASO,ES,Towers with Radar,21,44,66,0,131,0,1,66,2,69,21,45,132,2,200,63,0,63,263
08/02/2002,AVL,NC,ASO,ES,Towers with Radar,22,36,101,4,163,0,1,35,1,37,22,37,136,5,200,30,0,30,230
08/03/2002,AVL,NC,ASO,ES,Towers with Radar,22,32,58,4,116,0,1,65,0,66,22,33,123,4,182,61,6,67,249
08/04/2002,AVL,NC,ASO,ES,Towers with Radar,22,28,67,5,122,3,0,88,7,98,25,28,155,12,220,65,0,65,285
08/05/2002,AVL,NC,ASO,ES,Towers with Radar,19,34,58,4,115,2,6,64,0,72,21,40,122,4,187,99,0,99,286
08/06/2002,AVL,NC,ASO,ES,Towers with Radar,17,42,48,4,111,0,3,52,4,59,17,45,100,8,170,85,0,85,255
08/07/2002,AVL,NC,ASO,ES,Towers with Radar,18,43,62,2,125,0,3,88,0,91,18,46,150,2,216,69,2,71,287
08/08/2002,AVL,NC,ASO,ES,Towers with Radar,23,42,67,9,141,0,1,71,0,72,23,43,138,9,213,63,8,71,284
08/09/2002,AVL,NC,ASO,ES,Towers with Radar,19,49,95,4,167,0,2,105,0,107,19,51,200,4,274,41,0,41,315
08/10/2002,AVL,NC,ASO,ES,Towers with Radar,23,34,51,0,108,0,0,59,0,59,23,34,110,0,167,71,0,71,238
08/11/2002,AVL,NC,ASO,ES,Towers with Radar,28,41,84,2,155,0,0,41,0,41,28,41,125,2,196,47,0,47,243
08/12/2002,AVL,NC,ASO,ES,Towers with Radar,18,38,62,4,122,0,2,42,0,44,18,40,104,4,166,72,0,72,238
08/13/2002,AVL,NC,ASO,ES,Towers with Radar,21,39,70,13,143,0,1,55,1,57,21,40,125,14,200,63,42,105,305
08/14/2002,AVL,NC,ASO,ES,Towers with Radar,18,37,59,17,131,0,0,26,1,27,18,37,85,18,158,33,35,68,226
08/15/2002,AVL,NC,ASO,ES,Towers with Radar,24,36,60,6,126,0,0,45,1,46,24,36,105,7,172,44,4,48,220
08/16/2002,AVL,NC,ASO,ES,Towers with Radar,17,42,85,2,146,0,0,17,2,19,17,42,102,4,165,35,0,35,200
08/17/2002,AVL,NC,ASO,ES,Towers with Radar,23,23,42,6,94,0,0,23,5,28,23,23,65,11,122,13,0,13,135
08/18/2002,AVL,NC,ASO,ES,Towers with Radar,23,23,57,4,107,0,0,38,1,39,23,23,95,5,146,19,0,19,165
08/19/2002,AVL,NC,ASO,ES,Towers with Radar,20,38,64,4,126,0,5,38,8,51,20,43,102,12,177,51,0,51,228
08/20/2002,AVL,NC,ASO,ES,Towers with Radar,20,39,46,4,109,0,0,69,4,73,20,39,115,8,182,83,0,83,265
08/21/2002,AVL,NC,ASO,ES,Towers with Radar,18,39,66,0,123,0,2,66,8,76,18,41,132,8,199,76,2,78,277
08/22/2002,AVL,NC,ASO,ES,Towers with Radar,20,44,94,7,165,0,1,48,4,53,20,45,142,11,218,61,4,65,283
08/23/2002,AVL,NC,ASO,ES,Towers with Radar,17,42,72,7,138,0,1,55,6,62,17,43,127,13,200,4,0,4,204
08/24/2002,AVL,NC,ASO,ES,Towers with Radar,24,32,39,2,97,0,1,49,15,65,24,33,88,17,162,43,0,43,205
08/25/2002,AVL,NC,ASO,ES,Towers with Radar,21,36,83,5,145,0,0,19,1,20,21,36,102,6,165,31,0,31,196
08/26/2002,AVL,NC,ASO,ES,Towers with Radar,17,46,71,6,140,0,1,22,5,28,17,47,93,11,168,27,0,27,195
08/27/2002,AVL,NC,ASO,ES,Towers with Radar,18,47,54,7,126,0,2,22,12,36,18,49,76,19,162,27,0,27,189
08/28/2002,AVL,NC,ASO,ES,Towers with Radar,19,37,54,0,110,0,0,25,23,48,19,37,79,23,158,46,0,46,204
08/29/2002,AVL,NC,ASO,ES,Towers with Radar,18,44,75,9,146,0,0,14,15,29,18,44,89,24,175,74,7,81,256
08/30/2002,AVL,NC,ASO,ES,Towers with Radar,16,42,64,0,122,0,0,13,8,21,16,42,77,8,143,26,0,26,169
08/31/2002,AVL,NC,ASO,ES,Towers with Radar,19,28,41,1,89,0,0,9,0,9,19,28,50,1,98,29,0,29,127
09/01/2002,AVL,NC,ASO,ES,Towers with Radar,17,31,53,0,101,1,0,26,0,27,18,31,79,0,128,30,0,30,158
09/02/2002,AVL,NC,ASO,ES,Towers with Radar,17,36,74,0,127,2,0,41,0,43,19,36,115,0,170,23,0,23,193
09/03/2002,AVL,NC,ASO,ES,Towers with Radar,15,49,54,2,120,2,0,29,4,35,17,49,83,6,155,47,0,47,202
09/04/2002,AVL,NC,ASO,ES,Towers with Radar,14,44,56,4,118,1,0,39,2,42,15,44,95,6,160,83,8,91,251
09/05/2002,AVL,NC,ASO,ES,Towers with Radar,14,38,62,17,131,1,0,63,8,72,15,38,125,25,203,139,27,166,369
09/06/2002,AVL,NC,ASO,ES,Towers with Radar,16,40,63,0,119,1,1,63,10,75,17,41,126,10,194,82,0,82,276
09/07/2002,AVL,NC,ASO,ES,Towers with Radar,14,27,32,18,91,1,0,60,4,65,15,27,92,22,156,77,18,95,251
09/08/2002,AVL,NC,ASO,ES,Towers with Radar,8,38,44,8,98,1,0,60,4,65,9,38,104,12,163,40,2,42,205
09/09/2002,AVL,NC,ASO,ES,Towers with Radar,10,57,41,9,117,1,0,56,2,59,11,57,97,11,176,36,2,38,214
09/10/2002,AVL,NC,ASO,ES,Towers with Radar,8,47,47,11,113,1,0,50,4,55,9,47,97,15,168,73,23,96,264
09/11/2002,AVL,NC,ASO,ES,Towers with Radar,5,51,67,8,131,1,0,41,2,44,6,51,108,10,175,83,10,93,268
09/12/2002,AVL,NC,ASO,ES,Towers with Radar,4,47,47,8,106,1,1,69,3,74,5,48,116,11,180,77,0,77,257
09/13/2002,AVL,NC,ASO,ES,Towers with Radar,8,48,87,7,150,1,0,9,2,12,9,48,96,9,162,44,0,44,206
09/14/2002,AVL,NC,ASO,ES,Towers with Radar,2,31,29,0,62,1,0,0,0,1,3,31,29,0,63,0,0,0,63
09/15/2002,AVL,NC,ASO,ES,Towers with Radar,8,33,46,13,100,1,0,0,1,2,9,33,46,14,102,0,0,0,102
09/16/2002,AVL,NC,ASO,ES,Towers with Radar,10,51,65,2,128,1,0,18,7,26,11,51,83,9,154,5,0,5,159
09/17/2002,AVL,NC,ASO,ES,Towers with Radar,9,48,45,4,106,1,0,8,7,16,10,48,53,11,122,12,2,14,136
09/18/2002,AVL,NC,ASO,ES,Towers with Radar,8,48,48,4,108,1,0,4,5,10,9,48,52,9,118,61,2,63,181
09/19/2002,AVL,NC,ASO,ES,Towers with Radar,9,45,71,1,126,0,0,19,2,21,9,45,90,3,147,80,0,80,227
09/20/2002,AVL,NC,ASO,ES,Towers with Radar,9,50,92,6,157,0,0,7,1,8,9,50,99,7,165,2,0,2,167
09/21/2002,AVL,NC,ASO,ES,Towers with Radar,10,30,30,0,70,0,0,2,0,2,10,30,32,0,72,0,0,0,72
09/22/2002,AVL,NC,ASO,ES,Towers with Radar,7,41,80,1,129,0,0,2,1,3,7,41,82,2,132,0,0,0,132
09/23/2002,AVL,NC,ASO,ES,Towers with Radar,10,47,60,7,124,0,0,32,7,39,10,47,92,14,163,57,6,63,226
09/24/2002,AVL,NC,ASO,ES,Towers with Radar,6,51,65,4,126,0,10,55,0,65,6,61,120,4,191,89,0,89,280
09/25/2002,AVL,NC,ASO,ES,Towers with Radar,9,52,67,4,132,0,0,0,0,0,9,52,67,4,132,0,0,0,132
09/26/2002,AVL,NC,ASO,ES,Towers with Radar,7,44,55,0,106,0,2,5,0,7,7,46,60,0,113,0,0,0,113
09/27/2002,AVL,NC,ASO,ES,Towers with Radar,9,42,43,5,99,0,14,0,1,15,9,56,43,6,114,5,4,9,123
09/28/2002,AVL,NC,ASO,ES,Towers with Radar,8,39,50,0,97,0,0,43,0,43,8,39,93,0,140,68,0,68,208
09/29/2002,AVL,NC,ASO,ES,Towers with Radar,10,40,58,3,111,0,0,37,0,37,10,40,95,3,148,132,2,134,282
09/30/2002,AVL,NC,ASO,ES,Towers with Radar,8,48,60,2,118,0,16,11,0,27,8,64,71,2,145,18,0,18,163
10/01/2002,AVL,NC,ASO,ES,Towers with Radar,8,51,66,2,127,1,0,40,1,42,9,51,106,3,169,99,0,99,268
10/02/2002,AVL,NC,ASO,ES,Towers with Radar,9,43,68,2,122,0,1,27,0,28,9,44,95,2,150,33,10,43,193
10/03/2002,AVL,NC,ASO,ES,Towers with Radar,8,58,68,2,136,0,0,38,0,38,8,58,106,2,174,30,0,30,204
10/04/2002,AVL,NC,ASO,ES,Towers with Radar,9,48,72,2,131,0,6,12,3,21,9,54,84,5,152,7,0,7,159
10/05/2002,AVL,NC,ASO,ES,Towers with Radar,7,44,51,0,102,0,0,34,0,34,7,44,85,0,136,27,0,27,163
10/06/2002,AVL,NC,ASO,ES,Towers with Radar,6,46,94,0,146,0,2,55,0,57,6,48,149,0,203,34,0,34,237
10/07/2002,AVL,NC,ASO,ES,Towers with Radar,7,45,42,0,94,0,0,15,0,15,7,45,57,0,109,15,0,15,124
10/08/2002,AVL,NC,ASO,ES,Towers with Radar,9,53,81,3,146,0,0,26,6,32,9,53,107,9,178,15,0,15,193
10/09/2002,AVL,NC,ASO,ES,Towers with Radar,8,49,93,3,153,0,0,1,0,1,8,49,94,3,154,0,0,0,154
10/10/2002,AVL,NC,ASO,ES,Towers with Radar,9,49,78,0,136,0,0,1,0,1,9,49,79,0,137,0,0,0,137
10/11/2002,AVL,NC,ASO,ES,Towers with Radar,14,45,88,7,154,0,0,12,0,12,14,45,100,7,166,18,0,18,184
10/12/2002,AVL,NC,ASO,ES,Towers with Radar,7,37,58,0,102,0,11,29,0,40,7,48,87,0,142,26,0,26,168
10/13/2002,AVL,NC,ASO,ES,Towers with Radar,9,38,67,2,116,0,14,36,0,50,9,52,103,2,166,36,2,38,204
10/14/2002,AVL,NC,ASO,ES,Towers with Radar,10,45,77,3,135,0,0,40,1,41,10,45,117,4,176,59,0,59,235
10/15/2002,AVL,NC,ASO,ES,Towers with Radar,7,48,33,3,91,0,0,1,0,1,7,48,34,3,92,0,0,0,92
10/16/2002,AVL,NC,ASO,ES,Towers with Radar,9,51,87,0,147,0,0,12,0,12,9,51,99,0,159,0,0,0,159
10/17/2002,AVL,NC,ASO,ES,Towers with Radar,9,41,90,10,150,1,2,47,0,50,10,43,137,10,200,12,12,24,224
10/18/2002,AVL,NC,ASO,ES,Towers with Radar,9,50,123,5,187,1,6,80,1,88,10,56,203,6,275,22,0,22,297
10/19/2002,AVL,NC,ASO,ES,Towers with Radar,7,37,49,10,103,0,1,76,0,77,7,38,125,10,180,29,12,41,221
10/20/2002,AVL,NC,ASO,ES,Towers with Radar,8,51,107,2,168,0,0,29,0,29,8,51,136,2,197,12,0,12,209
10/21/2002,AVL,NC,ASO,ES,Towers with Radar,8,48,69,0,125,0,5,0,0,5,8,53,69,0,130,18,0,18,148
10/22/2002,AVL,NC,ASO,ES,Towers with Radar,9,40,71,2,122,0,0,23,1,24,9,40,94,3,146,21,0,21,167
10/23/2002,AVL,NC,ASO,ES,Towers with Radar,8,48,91,2,149,0,0,47,0,47,8,48,138,2,196,44,0,44,240
10/24/2002,AVL,NC,ASO,ES,Towers with Radar,9,51,48,4,112,0,0,3,0,3,9,51,51,4,115,6,0,6,121
10/25/2002,AVL,NC,ASO,ES,Towers with Radar,8,54,60,4,126,0,0,0,0,0,8,54,60,4,126,0,0,0,126
10/26/2002,AVL,NC,ASO,ES,Towers with Radar,6,33,44,0,83,0,0,11,0,11,6,33,55,0,94,21,0,21,115
10/27/2002,AVL,NC,ASO,ES,Towers with Radar,9,41,88,5,143,0,0,0,0,0,9,41,88,5,143,0,0,0,143
10/28/2002,AVL,NC,ASO,ES,Towers with Radar,9,43,36,0,88,0,0,0,0,0,9,43,36,0,88,0,0,0,88
10/29/2002,AVL,NC,ASO,ES,Towers with Radar,11,49,43,0,103,0,0,1,0,1,11,49,44,0,104,0,0,0,104
10/30/2002,AVL,NC,ASO,ES,Towers with Radar,9,41,79,6,135,0,0,17,0,17,9,41,96,6,152,74,0,74,226
10/31/2002,AVL,NC,ASO,ES,Towers with Radar,8,47,69,5,129,0,1,43,1,45,8,48,112,6,174,44,0,44,218
11/01/2002,AVL,NC,ASO,ES,Towers with Radar,7,41,77,0,125,1,1,55,4,61,8,42,132,4,186,46,0,46,232
11/02/2002,AVL,NC,ASO,ES,Towers with Radar,6,34,34,0,74,1,0,83,2,86,7,34,117,2,160,67,0,67,227
11/03/2002,AVL,NC,ASO,ES,Towers with Radar,8,44,70,2,124,1,0,67,0,68,9,44,137,2,192,51,0,51,243
11/04/2002,AVL,NC,ASO,ES,Towers with Radar,8,43,44,39,134,1,0,15,2,18,9,43,59,41,152,30,63,93,245
11/05/2002,AVL,NC,ASO,ES,Towers with Radar,9,41,51,0,101,0,1,0,0,1,9,42,51,0,102,1,0,1,103
11/06/2002,AVL,NC,ASO,ES,Towers with Radar,9,47,38,14,108,0,1,6,0,7,9,48,44,14,115,0,6,6,121
11/07/2002,AVL,NC,ASO,ES,Towers with Radar,10,38,47,17,112,0,4,80,1,85,10,42,127,18,197,30,0,30,227
11/08/2002,AVL,NC,ASO,ES,Towers with Radar,8,47,65,5,125,0,0,78,1,79,8,47,143,6,204,54,4,58,262
11/09/2002,AVL,NC,ASO,ES,Towers with Radar,9,37,37,0,83,0,3,57,1,61,9,40,94,1,144,18,0,18,162
11/10/2002,AVL,NC,ASO,ES,Towers with Radar,8,35,51,0,94,0,1,2,0,3,8,36,53,0,97,0,0,0,97
11/11/2002,AVL,NC,ASO,ES,Towers with Radar,8,34,45,3,90,0,1,17,0,18,8,35,62,3,108,16,0,16,124
11/12/2002,AVL,NC,ASO,ES,Towers with Radar,7,42,39,3,91,0,3,0,0,3,7,45,39,3,94,12,0,12,106
11/13/2002,AVL,NC,ASO,ES,Towers with Radar,10,39,45,2,96,0,3,44,2,49,10,42,89,4,145,66,0,66,211
11/14/2002,AVL,NC,ASO,ES,Towers with Radar,9,38,40,1,88,0,4,82,0,86,9,42,122,1,174,62,0,62,236
11/15/2002,AVL,NC,ASO,ES,Towers with Radar,9,43,56,4,112,0,0,45,0,45,9,43,101,4,157,16,0,16,173
11/16/2002,AVL,NC,ASO,ES,Towers with Radar,7,34,15,0,56,0,1,0,0,1,7,35,15,0,57,0,0,0,57
11/17/2002,AVL,NC,ASO,ES,Towers with Radar,7,35,30,0,72,0,1,5,0,6,7,36,35,0,78,22,0,22,100
11/18/2002,AVL,NC,ASO,ES,Towers with Radar,5,43,58,0,106,0,0,70,2,72,5,43,128,2,178,49,0,49,227
11/19/2002,AVL,NC,ASO,ES,Towers with Radar,9,43,46,5,103,0,1,37,2,40,9,44,83,7,143,69,19,88,231
11/20/2002,AVL,NC,ASO,ES,Towers with Radar,6,48,47,0,101,0,0,45,0,45,6,48,92,0,146,57,0,57,203
11/21/2002,AVL,NC,ASO,ES,Towers with Radar,10,39,52,5,106,0,2,10,2,14,10,41,62,7,120,16,0,16,136
11/22/2002,AVL,NC,ASO,ES,Towers with Radar,7,42,44,5,98,1,0,7,2,10,8,42,51,7,108,6,0,6,114
11/23/2002,AVL,NC,ASO,ES,Towers with Radar,6,40,34,2,82,0,0,81,0,81,6,40,115,2,163,68,4,72,235
11/24/2002,AVL,NC,ASO,ES,Towers with Radar,9,38,52,9,108,0,0,81,1,82,9,38,133,10,190,24,2,26,216
11/25/2002,AVL,NC,ASO,ES,Towers with Radar,8,51,65,10,134,0,1,53,2,56,8,52,118,12,190,60,0,60,250
11/26/2002,AVL,NC,ASO,ES,Towers with Radar,10,62,78,2,152,0,0,60,0,60,10,62,138,2,212,73,27,100,312
11/27/2002,AVL,NC,ASO,ES,Towers with Radar,9,47,66,0,122,0,0,19,0,19,9,47,85,0,141,52,0,52,193
11/28/2002,AVL,NC,ASO,ES,Towers with Radar,10,21,26,0,57,0,0,31,0,31,10,21,57,0,88,6,0,6,94
11/29/2002,AVL,NC,ASO,ES,Towers with Radar,8,28,49,0,85,0,2,70,0,72,8,30,119,0,157,24,0,24,181
11/30/2002,AVL,NC,ASO,ES,Towers with Radar,8,37,44,0,89,0,0,29,0,29,8,37,73,0,118,40,0,40,158
12/01/2002,AVL,NC,ASO,ES,Towers with Radar,9,43,64,0,116,0,0,54,0,54,9,43,118,0,170,10,0,10,180
12/02/2002,AVL,NC,ASO,ES,Towers with Radar,7,47,34,16,104,0,1,34,1,36,7,48,68,17,140,42,8,50,190
12/03/2002,AVL,NC,ASO,ES,Towers with Radar,9,35,46,2,92,0,2,42,3,47,9,37,88,5,139,54,0,54,193
12/04/2002,AVL,NC,ASO,ES,Towers with Radar,1,13,9,0,23,0,0,0,0,0,1,13,9,0,23,0,0,0,23
12/05/2002,AVL,NC,ASO,ES,Towers with Radar,9,27,16,0,52,0,0,0,0,0,9,27,16,0,52,0,0,0,52
12/06/2002,AVL,NC,ASO,ES,Towers with Radar,9,47,41,4,101,0,0,28,4,32,9,47,69,8,133,134,0,134,267
12/07/2002,AVL,NC,ASO,ES,Towers with Radar,8,32,44,0,84,0,1,50,1,52,8,33,94,1,136,108,0,108,244
12/08/2002,AVL,NC,ASO,ES,Towers with Radar,9,46,30,0,85,0,0,52,0,52,9,46,82,0,137,51,0,51,188
12/09/2002,AVL,NC,ASO,ES,Towers with Radar,11,51,20,0,82,0,0,30,3,33,11,51,50,3,115,72,0,72,187
12/10/2002,AVL,NC,ASO,ES,Towers with Radar,10,38,31,3,82,0,0,2,0,2,10,38,33,3,84,50,0,50,134
12/11/2002,AVL,NC,ASO,ES,Towers with Radar,10,43,35,0,88,0,0,0,0,0,10,43,35,0,88,0,0,0,88
12/12/2002,AVL,NC,ASO,ES,Towers with Radar,11,48,70,7,136,0,1,37,0,38,11,49,107,7,174,27,0,27,201
12/13/2002,AVL,NC,ASO,ES,Towers with Radar,7,43,47,0,97,0,0,0,0,0,7,43,47,0,97,0,0,0,97
12/14/2002,AVL,NC,ASO,ES,Towers with Radar,9,35,23,2,69,0,0,2,0,2,9,35,25,2,71,85,0,85,156
12/15/2002,AVL,NC,ASO,ES,Towers with Radar,9,35,43,4,91,0,0,66,0,66,9,35,109,4,157,72,3,75,232
12/16/2002,AVL,NC,ASO,ES,Towers with Radar,9,52,41,8,110,0,1,33,0,34,9,53,74,8,144,92,16,108,252
12/17/2002,AVL,NC,ASO,ES,Towers with Radar,9,43,46,4,102,0,1,47,0,48,9,44,93,4,150,94,11,105,255
12/18/2002,AVL,NC,ASO,ES,Towers with Radar,9,41,65,6,121,0,0,15,0,15,9,41,80,6,136,73,2,75,211
12/19/2002,AVL,NC,ASO,ES,Towers with Radar,10,45,37,0,92,0,0,0,0,0,10,45,37,0,92,0,0,0,92
12/20/2002,AVL,NC,ASO,ES,Towers with Radar,9,41,41,2,93,0,0,16,0,16,9,41,57,2,109,0,0,0,109
12/21/2002,AVL,NC,ASO,ES,Towers with Radar,7,36,35,0,78,0,0,71,0,71,7,36,106,0,149,65,0,65,214
12/22/2002,AVL,NC,ASO,ES,Towers with Radar,7,29,27,2,65,0,0,25,0,25,7,29,52,2,90,10,0,10,100
12/23/2002,AVL,NC,ASO,ES,Towers with Radar,9,43,39,4,95,0,4,46,2,52,9,47,85,6,147,89,0,89,236
12/24/2002,AVL,NC,ASO,ES,Towers with Radar,6,38,8,0,52,0,0,0,0,0,6,38,8,0,52,0,0,0,52
12/25/2002,AVL,NC,ASO,ES,Towers with Radar,5,25,7,0,37,0,0,2,0,2,5,25,9,0,39,0,0,0,39
12/26/2002,AVL,NC,ASO,ES,Towers with Radar,7,35,25,0,67,0,1,39,0,40,7,36,64,0,107,18,0,18,125
12/27/2002,AVL,NC,ASO,ES,Towers with Radar,11,42,45,11,109,0,1,57,2,60,11,43,102,13,169,53,12,65,234
12/28/2002,AVL,NC,ASO,ES,Towers with Radar,6,37,33,0,76,0,0,80,0,80,6,37,113,0,156,149,0,149,305
12/29/2002,AVL,NC,ASO,ES,Towers with Radar,9,39,39,0,87,0,0,56,0,56,9,39,95,0,143,43,12,55,198
12/30/2002,AVL,NC,ASO,ES,Towers with Radar,10,43,46,7,106,0,3,59,0,62,10,46,105,7,168,28,0,28,196
12/31/2002,AVL,NC,ASO,ES,Towers with Radar,5,32,20,0,57,0,0,6,0,6,5,32,26,0,63,4,0,4,67
01/01/2003,AVL,NC,ASO,ES,Towers with Radar,6,31,21,0,58,0,11,0,0,11,6,42,21,0,69,10,0,10,79
01/02/2003,AVL,NC,ASO,ES,Towers with Radar,8,45,46,2,101,0,0,7,2,9,8,45,53,4,110,60,0,60,170
01/03/2003,AVL,NC,ASO,ES,Towers with Radar,8,46,33,2,89,0,0,5,0,5,8,46,38,2,94,12,0,12,106
01/04/2003,AVL,NC,ASO,ES,Towers with Radar,7,34,25,2,68,0,0,45,0,45,7,34,70,2,113,51,0,51,164
01/05/2003,AVL,NC,ASO,ES,Towers with Radar,6,32,28,0,66,1,1,50,0,52,7,33,78,0,118,20,0,20,138
01/06/2003,AVL,NC,ASO,ES,Towers with Radar,7,39,32,13,91,0,3,7,2,12,7,42,39,15,103,29,4,33,136
01/07/2003,AVL,NC,ASO,ES,Towers with Radar,9,37,30,1,77,0,1,41,1,43,9,38,71,2,120,13,0,13,133
01/08/2003,AVL,NC,ASO,ES,Towers with Radar,10,36,35,0,81,0,1,36,0,37,10,37,71,0,118,24,0,24,142
01/09/2003,AVL,NC,ASO,ES,Towers with Radar,9,41,40,4,94,0,1,52,2,55,9,42,92,6,149,36,9,45,194
01/10/2003,AVL,NC,ASO,ES,Towers with Radar,10,35,40,3,88,0,1,28,7,36,10,36,68,10,124,73,7,80,204
01/11/2003,AVL,NC,ASO,ES,Towers with Radar,8,29,26,3,66,0,0,55,0,55,8,29,81,3,121,21,17,38,159
01/12/2003,AVL,NC,ASO,ES,Towers with Radar,10,29,29,2,70,0,0,36,0,36,10,29,65,2,106,33,22,55,161
01/13/2003,AVL,NC,ASO,ES,Towers with Radar,9,40,32,0,81,0,0,34,0,34,9,40,66,0,115,22,0,22,137
01/14/2003,AVL,NC,ASO,ES,Towers with Radar,9,36,36,4,85,0,0,27,0,27,9,36,63,4,112,41,0,41,153
01/15/2003,AVL,NC,ASO,ES,Towers with Radar,10,37,44,0,91,0,1,56,0,57,10,38,100,0,148,45,0,45,193
01/16/2003,AVL,NC,ASO,ES,Towers with Radar,5,24,29,0,58,0,0,6,0,6,5,24,35,0,64,37,0,37,101
01/17/2003,AVL,NC,ASO,ES,Towers with Radar,8,36,23,0,67,0,2,7,0,9,8,38,30,0,76,0,0,0,76
01/18/2003,AVL,NC,ASO,ES,Towers with Radar,8,29,23,1,61,0,0,41,2,43,8,29,64,3,104,36,4,40,144
01/19/2003,AVL,NC,ASO,ES,Towers with Radar,8,28,25,0,61,0,0,30,0,30,8,28,55,0,91,12,0,12,103
01/20/2003,AVL,NC,ASO,ES,Towers with Radar,8,34,19,0,61,0,0,20,0,20,8,34,39,0,81,20,0,20,101
01/21/2003,AVL,NC,ASO,ES,Towers with Radar,5,40,49,0,94,0,0,2,0,2,5,40,51,0,96,0,0,0,96
01/22/2003,AVL,NC,ASO,ES,Towers with Radar,9,42,48,7,106,0,0,37,0,37,9,42,85,7,143,46,11,57,200
01/23/2003,AVL,NC,ASO,ES,Towers with Radar,9,40,26,0,75,0,0,1,0,1,9,40,27,0,76,0,0,0,76
01/24/2003,AVL,NC,ASO,ES,Towers with Radar,8,43,36,2,89,0,1,30,0,31,8,44,66,2,120,26,0,26,146
01/25/2003,AVL,NC,ASO,ES,Towers with Radar,9,28,22,0,59,0,0,64,2,66,9,28,86,2,125,72,12,84,209
01/26/2003,AVL,NC,ASO,ES,Towers with Radar,10,27,17,0,54,0,0,20,0,20,10,27,37,0,74,20,0,20,94
01/27/2003,AVL,NC,ASO,ES,Towers with Radar,7,39,43,0,89,0,1,13,0,14,7,40,56,0,103,2,0,2,105
01/28/2003,AVL,NC,ASO,ES,Towers with Radar,9,36,37,0,82,0,0,27,0,27,9,36,64,0,109,14,0,14,123
01/29/2003,AVL,NC,ASO,ES,Towers with Radar,8,41,43,0,92,0,0,2,0,2,8,41,45,0,94,28,0,28,122
01/30/2003,AVL,NC,ASO,ES,Towers with Radar,8,39,42,8,97,0,0,0,0,0,8,39,42,8,97,0,0,0,97
01/31/2003,AVL,NC,ASO,ES,Towers with Radar,7,38,32,0,77,0,0,0,0,0,7,38,32,0,77,41,0,41,118
02/01/2003,AVL,NC,ASO,ES,Towers with Radar,8,23,18,2,51,0,0,37,0,37,8,23,55,2,88,123,0,123,211
02/02/2003,AVL,NC,ASO,ES,Towers with Radar,10,33,29,0,72,2,1,57,0,60,12,34,86,0,132,43,4,47,179
02/03/2003,AVL,NC,ASO,ES,Towers with Radar,9,41,28,0,78,0,0,44,0,44,9,41,72,0,122,14,0,14,136
02/04/2003,AVL,NC,ASO,ES,Towers with Radar,10,35,16,0,61,0,0,12,4,16,10,35,28,4,77,21,0,21,98
02/05/2003,AVL,NC,ASO,ES,Towers with Radar,9,37,38,3,87,0,1,60,5,66,9,38,98,8,153,66,8,74,227
02/06/2003,AVL,NC,ASO,ES,Towers with Radar,10,34,16,0,60,0,0,8,0,8,10,34,24,0,68,29,0,29,97
02/07/2003,AVL,NC,ASO,ES,Towers with Radar,9,42,30,0,81,0,0,3,3,6,9,42,33,3,87,20,0,20,107
02/08/2003,AVL,NC,ASO,ES,Towers with Radar,7,27,26,7,67,0,0,30,1,31,7,27,56,8,98,39,3,42,140
02/09/2003,AVL,NC,ASO,ES,Towers with Radar,14,29,31,0,74,0,0,24,1,25,14,29,55,1,99,65,0,65,164
02/10/2003,AVL,NC,ASO,ES,Towers with Radar,9,37,30,14,90,0,0,7,0,7,9,37,37,14,97,24,10,34,131
02/11/2003,AVL,NC,ASO,ES,Towers with Radar,14,40,35,1,90,0,0,44,0,44,14,40,79,1,134,20,0,20,154
02/12/2003,AVL,NC,ASO,ES,Towers with Radar,9,40,45,4,98,0,1,11,0,12,9,41,56,4,110,0,0,0,110
02/13/2003,AVL,NC,ASO,ES,Towers with Radar,9,41,30,4,84,0,1,39,2,42,9,42,69,6,126,35,6,41,167
02/14/2003,AVL,NC,ASO,ES,Towers with Radar,7,41,35,0,83,0,0,7,0,7,7,41,42,0,90,0,0,0,90
02/15/2003,AVL,NC,ASO,ES,Towers with Radar,7,24,24,0,55,0,0,12,0,12,7,24,36,0,67,153,0,153,220
02/16/2003,AVL,NC,ASO,ES,Towers with Radar,3,5,6,0,14,0,0,0,0,0,3,5,6,0,14,0,0,0,14
02/17/2003,AVL,NC,ASO,ES,Towers with Radar,9,31,35,0,75,0,0,0,0,0,9,31,35,0,75,0,0,0,75
02/18/2003,AVL,NC,ASO,ES,Towers with Radar,11,43,51,0,105,0,2,41,0,43,11,45,92,0,148,49,0,49,197
02/19/2003,AVL,NC,ASO,ES,Towers with Radar,11,39,57,6,113,0,0,48,0,48,11,39,105,6,161,98,13,111,272
02/20/2003,AVL,NC,ASO,ES,Towers with Radar,11,44,44,13,112,0,0,3,1,4,11,44,47,14,116,59,12,71,187
02/21/2003,AVL,NC,ASO,ES,Towers with Radar,12,53,49,0,114,0,1,11,0,12,12,54,60,0,126,40,0,40,166
02/22/2003,AVL,NC,ASO,ES,Towers with Radar,5,20,5,0,30,5,19,0,0,24,10,39,5,0,54,0,0,0,54
02/23/2003,AVL,NC,ASO,ES,Towers with Radar,11,32,37,0,80,0,0,7,0,7,11,32,44,0,87,8,0,8,95
02/24/2003,AVL,NC,ASO,ES,Towers with Radar,9,47,37,9,102,0,0,35,2,37,9,47,72,11,139,14,0,14,153
02/25/2003,AVL,NC,ASO,ES,Towers with Radar,12,41,42,1,96,0,0,18,1,19,12,41,60,2,115,64,0,64,179
02/26/2003,AVL,NC,ASO,ES,Towers with Radar,11,39,33,0,83,0,0,0,0,0,11,39,33,0,83,0,0,0,83
02/27/2003,AVL,NC,ASO,ES,Towers with Radar,11,38,29,0,78,0,0,0,0,0,11,38,29,0,78,0,0,0,78
02/28/2003,AVL,NC,ASO,ES,Towers with Radar,8,42,58,2,110,0,0,31,2,33,8,42,89,4,143,14,8,22,165
03/01/2003,AVL,NC,ASO,ES,Towers with Radar,9,32,40,0,81,0,2,14,0,16,9,34,54,0,97,92,0,92,189
03/02/2003,AVL,NC,ASO,ES,Towers with Radar,11,34,45,0,90,0,0,16,0,16,11,34,61,0,106,45,2,47,153
03/03/2003,AVL,NC,ASO,ES,Towers with Radar,11,45,54,5,115,0,1,71,0,72,11,46,125,5,187,0,0,0,187
03/04/2003,AVL,NC,ASO,ES,Towers with Radar,13,41,54,7,115,0,0,40,2,42,13,41,94,9,157,77,0,77,234
03/05/2003,AVL,NC,ASO,ES,Towers with Radar,8,40,41,3,92,0,0,30,0,30,8,40,71,3,122,105,12,117,239
03/06/2003,AVL,NC,ASO,ES,Towers with Radar,11,38,41,3,93,0,1,24,0,25,11,39,65,3,118,64,0,64,182
03/07/2003,AVL,NC,ASO,ES,Towers with Radar,12,40,58,16,126,0,0,23,0,23,12,40,81,16,149,37,2,39,188
03/08/2003,AVL,NC,ASO,ES,Towers with Radar,10,27,42,0,79,0,0,60,2,62,10,27,102,2,141,32,0,32,173
03/09/2003,AVL,NC,ASO,ES,Towers with Radar,9,34,38,0,81,0,1,40,2,43,9,35,78,2,124,66,0,66,190
03/10/2003,AVL,NC,ASO,ES,Towers with Radar,12,38,42,2,94,0,2,46,1,49,12,40,88,3,143,40,2,42,185
03/11/2003,AVL,NC,ASO,ES,Towers with Radar,13,40,42,0,95,0,2,41,0,43,13,42,83,0,138,57,0,57,195
03/12/2003,AVL,NC,ASO,ES,Towers with Radar,11,39,54,6,110,0,2,59,8,69,11,41,113,14,179,45,34,79,258
03/13/2003,AVL,NC,ASO,ES,Towers with Radar,8,44,38,4,94,0,0,20,3,23,8,44,58,7,117,13,0,13,130
03/14/2003,AVL,NC,ASO,ES,Towers with Radar,10,42,56,0,108,0,0,11,0,11,10,42,67,0,119,69,0,69,188
03/15/2003,AVL,NC,ASO,ES,Towers with Radar,7,33,47,0,87,0,0,18,0,18,7,33,65,0,105,69,0,69,174
03/16/2003,AVL,NC,ASO,ES,Towers with Radar,11,37,33,0,81,0,0,1,0,1,11,37,34,0,82,44,0,44,126
03/17/2003,AVL,NC,ASO,ES,Towers with Radar,8,41,39,2,90,0,0,0,0,0,8,41,39,2,90,28,0,28,118
03/18/2003,AVL,NC,ASO,ES,Towers with Radar,13,52,44,12,121,0,0,0,0,0,13,52,44,12,121,0,0,0,121
03/19/2003,AVL,NC,ASO,ES,Towers with Radar,10,40,34,4,88,0,0,0,0,0,10,40,34,4,88,0,0,0,88
03/20/2003,AVL,NC,ASO,ES,Towers with Radar,8,41,34,4,87,0,0,0,0,0,8,41,34,4,87,0,0,0,87
03/21/2003,AVL,NC,ASO,ES,Towers with Radar,13,42,45,13,113,0,2,34,4,40,13,44,79,17,153,78,0,78,231
03/22/2003,AVL,NC,ASO,ES,Towers with Radar,7,26,35,5,73,0,2,80,0,82,7,28,115,5,155,113,0,113,268
03/23/2003,AVL,NC,ASO,ES,Towers with Radar,13,33,59,8,113,0,0,68,2,70,13,33,127,10,183,10,0,10,193
03/24/2003,AVL,NC,ASO,ES,Towers with Radar,13,40,37,15,105,0,3,37,0,40,13,43,74,15,145,31,22,53,198
03/25/2003,AVL,NC,ASO,ES,Towers with Radar,12,36,45,2,95,0,1,48,1,50,12,37,93,3,145,43,0,43,188
03/26/2003,AVL,NC,ASO,ES,Towers with Radar,11,48,52,7,118,0,0,16,2,18,11,48,68,9,136,48,4,52,188
03/27/2003,AVL,NC,ASO,ES,Towers with Radar,13,40,49,8,110,0,0,50,0,50,13,40,99,8,160,58,8,66,226
03/28/2003,AVL,NC,ASO,ES,Towers with Radar,11,41,65,6,123,0,0,12,0,12,11,41,77,6,135,60,18,78,213
03/29/2003,AVL,NC,ASO,ES,Towers with Radar,7,28,43,3,81,0,0,6,0,6,7,28,49,3,87,76,12,88,175
03/30/2003,AVL,NC,ASO,ES,Towers with Radar,12,34,29,0,75,0,0,7,0,7,12,34,36,0,82,32,0,32,114
03/31/2003,AVL,NC,ASO,ES,Towers with Radar,9,39,24,5,77,0,3,18,0,21,9,42,42,5,98,10,12,22,120
04/01/2003,AVL,NC,ASO,ES,Towers with Radar,9,41,30,11,91,0,6,27,3,36,9,47,57,14,127,40,0,40,167
04/02/2003,AVL,NC,ASO,ES,Towers with Radar,11,40,54,10,115,0,2,55,2,59,11,42,109,12,174,70,12,82,256
04/03/2003,AVL,NC,ASO,ES,Towers with Radar,11,39,66,6,122,0,1,56,2,59,11,40,122,8,181,50,4,54,235
04/04/2003,AVL,NC,ASO,ES,Towers with Radar,12,37,47,1,97,0,0,41,3,44,12,37,88,4,141,65,0,65,206
04/05/2003,AVL,NC,ASO,ES,Towers with Radar,8,25,28,0,61,0,0,8,0,8,8,25,36,0,69,20,0,20,89
04/06/2003,AVL,NC,ASO,ES,Towers with Radar,7,34,51,2,94,0,0,29,0,29,7,34,80,2,123,12,0,12,135
04/07/2003,AVL,NC,ASO,ES,Towers with Radar,8,39,20,0,67,0,1,1,0,2,8,40,21,0,69,0,0,0,69
04/08/2003,AVL,NC,ASO,ES,Towers with Radar,7,40,31,5,83,0,0,0,0,0,7,40,31,5,83,0,0,0,83
04/09/2003,AVL,NC,ASO,ES,Towers with Radar,9,44,50,4,107,0,0,1,0,1,9,44,51,4,108,0,0,0,108
04/10/2003,AVL,NC,ASO,ES,Towers with Radar,7,40,32,0,79,0,0,1,0,1,7,40,33,0,80,0,0,0,80
04/11/2003,AVL,NC,ASO,ES,Towers with Radar,9,51,50,9,119,0,0,3,0,3,9,51,53,9,122,57,22,79,201
04/12/2003,AVL,NC,ASO,ES,Towers with Radar,7,34,57,0,98,0,0,59,0,59,7,34,116,0,157,40,0,40,197
04/13/2003,AVL,NC,ASO,ES,Towers with Radar,9,40,56,5,110,0,0,93,1,94,9,40,149,6,204,77,14,91,295
04/14/2003,AVL,NC,ASO,ES,Towers with Radar,10,45,29,2,86,0,1,38,0,39,10,46,67,2,125,53,0,53,178
04/15/2003,AVL,NC,ASO,ES,Towers with Radar,12,38,46,2,98,0,2,62,1,65,12,40,108,3,163,21,3,24,187
04/16/2003,AVL,NC,ASO,ES,Towers with Radar,11,39,53,24,127,0,4,58,1,63,11,43,111,25,190,77,5,82,272
04/17/2003,AVL,NC,ASO,ES,Towers with Radar,12,43,61,5,121,0,0,35,0,35,12,43,96,5,156,8,0,8,164
04/18/2003,AVL,NC,ASO,ES,Towers with Radar,12,46,82,0,140,0,0,0,0,0,12,46,82,0,140,0,0,0,140
04/19/2003,AVL,NC,ASO,ES,Towers with Radar,10,27,41,0,78,0,0,13,0,13,10,27,54,0,91,41,0,41,132
04/20/2003,AVL,NC,ASO,ES,Towers with Radar,11,38,60,5,114,0,0,28,1,29,11,38,88,6,143,23,0,23,166
04/21/2003,AVL,NC,ASO,ES,Towers with Radar,9,45,61,15,130,0,0,5,0,5,9,45,66,15,135,8,25,33,168
04/22/2003,AVL,NC,ASO,ES,Towers with Radar,11,45,55,15,126,0,0,38,4,42,11,45,93,19,168,30,0,30,198
04/23/2003,AVL,NC,ASO,ES,Towers with Radar,13,51,46,2,112,0,1,65,0,66,13,52,111,2,178,31,0,31,209
04/24/2003,AVL,NC,ASO,ES,Towers with Radar,11,47,61,7,126,0,2,61,0,63,11,49,122,7,189,53,2,55,244
04/25/2003,AVL,NC,ASO,ES,Towers with Radar,9,44,44,0,97,0,0,0,0,0,9,44,44,0,97,0,0,0,97
04/26/2003,AVL,NC,ASO,ES,Towers with Radar,8,30,41,0,79,0,0,10,0,10,8,30,51,0,89,15,0,15,104
04/27/2003,AVL,NC,ASO,ES,Towers with Radar,13,38,49,0,100,0,0,83,0,83,13,38,132,0,183,153,0,153,336
04/28/2003,AVL,NC,ASO,ES,Towers with Radar,10,49,42,9,110,0,0,64,5,69,10,49,106,14,179,73,10,83,262
04/29/2003,AVL,NC,ASO,ES,Towers with Radar,12,38,52,8,110,0,2,26,3,31,12,40,78,11,141,46,39,85,226
04/30/2003,AVL,NC,ASO,ES,Towers with Radar,11,44,67,5,127,0,1,36,0,37,11,45,103,5,164,65,7,72,236
05/01/2003,AVL,NC,ASO,ES,Towers with Radar,11,48,65,4,128,1,1,22,0,24,12,49,87,4,152,12,0,12,164
05/02/2003,AVL,NC,ASO,ES,Towers with Radar,7,47,47,2,103,0,4,29,1,34,7,51,76,3,137,26,0,26,163
05/03/2003,AVL,NC,ASO,ES,Towers with Radar,10,28,43,0,81,0,1,41,0,42,10,29,84,0,123,68,0,68,191
05/04/2003,AVL,NC,ASO,ES,Towers with Radar,9,43,57,3,112,0,2,29,3,34,9,45,86,6,146,67,0,67,213
05/05/2003,AVL,NC,ASO,ES,Towers with Radar,10,41,34,2,87,0,1,0,0,1,10,42,34,2,88,0,0,0,88
05/06/2003,AVL,NC,ASO,ES,Towers with Radar,4,49,35,0,88,0,1,7,0,8,4,50,42,0,96,0,0,0,96
05/07/2003,AVL,NC,ASO,ES,Towers with Radar,8,45,43,0,96,0,0,12,0,12,8,45,55,0,108,40,0,40,148
05/08/2003,AVL,NC,ASO,ES,Towers with Radar,11,45,49,0,105,0,0,39,2,41,11,45,88,2,146,43,0,43,189
05/09/2003,AVL,NC,ASO,ES,Towers with Radar,7,44,52,5,108,0,1,24,1,26,7,45,76,6,134,65,0,65,199
05/10/2003,AVL,NC,ASO,ES,Towers with Radar,9,31,37,2,79,0,2,47,1,50,9,33,84,3,129,46,0,46,175
05/11/2003,AVL,NC,ASO,ES,Towers with Radar,9,32,41,0,82,0,0,8,0,8,9,32,49,0,90,11,0,11,101
05/12/2003,AVL,NC,ASO,ES,Towers with Radar,11,44,43,0,98,0,3,23,0,26,11,47,66,0,124,5,0,5,129
05/13/2003,AVL,NC,ASO,ES,Towers with Radar,7,44,80,6,137,0,1,32,1,34,7,45,112,7,171,23,0,23,194
05/14/2003,AVL,NC,ASO,ES,Towers with Radar,10,48,91,0,149,0,2,33,1,36,10,50,124,1,185,21,0,21,206
05/15/2003,AVL,NC,ASO,ES,Towers with Radar,9,47,59,10,125,0,0,8,1,9,9,47,67,11,134,65,6,71,205
05/16/2003,AVL,NC,ASO,ES,Towers with Radar,11,42,79,7,139,0,1,15,0,16,11,43,94,7,155,38,0,38,193
05/17/2003,AVL,NC,ASO,ES,Towers with Radar,9,29,44,1,83,0,0,0,0,0,9,29,44,1,83,0,0,0,83
05/18/2003,AVL,NC,ASO,ES,Towers with Radar,8,38,46,0,92,2,5,0,0,7,10,43,46,0,99,0,0,0,99
05/19/2003,AVL,NC,ASO,ES,Towers with Radar,8,45,52,0,105,0,0,4,0,4,8,45,56,0,109,0,0,0,109
05/20/2003,AVL,NC,ASO,ES,Towers with Radar,8,46,69,3,126,0,0,15,2,17,8,46,84,5,143,99,0,99,242
05/21/2003,AVL,NC,ASO,ES,Towers with Radar,11,49,34,0,94,0,0,1,0,1,11,49,35,0,95,0,0,0,95
05/22/2003,AVL,NC,ASO,ES,Towers with Radar,11,42,62,0,115,1,0,7,0,8,12,42,69,0,123,0,0,0,123
05/23/2003,AVL,NC,ASO,ES,Towers with Radar,10,45,90,0,145,0,0,8,0,8,10,45,98,0,153,43,0,43,196
05/24/2003,AVL,NC,ASO,ES,Towers with Radar,10,30,63,0,103,0,0,17,0,17,10,30,80,0,120,90,0,90,210
05/25/2003,AVL,NC,ASO,ES,Towers with Radar,10,31,37,5,83,0,0,17,0,17,10,31,54,5,100,31,6,37,137
05/26/2003,AVL,NC,ASO,ES,Towers with Radar,11,38,69,0,118,0,0,37,0,37,11,38,106,0,155,103,0,103,258
05/27/2003,AVL,NC,ASO,ES,Towers with Radar,12,46,51,1,110,0,0,41,0,41,12,46,92,1,151,23,2,25,176
05/28/2003,AVL,NC,ASO,ES,Towers with Radar,11,48,68,2,129,0,0,72,0,72,11,48,140,2,201,62,0,62,263
05/29/2003,AVL,NC,ASO,ES,Towers with Radar,11,48,58,7,124,0,2,26,4,32,11,50,84,11,156,44,0,44,200
05/30/2003,AVL,NC,ASO,ES,Towers with Radar,12,45,100,21,178,0,2,69,4,75,12,47,169,25,253,94,60,154,407
05/31/2003,AVL,NC,ASO,ES,Towers with Radar,9,29,28,0,66,0,0,23,0,23,9,29,51,0,89,23,0,23,112
06/01/2003,AVL,NC,ASO,ES,Towers with Radar,11,41,82,1,135,0,0,38,2,40,11,41,120,3,175,19,2,21,196
06/02/2003,AVL,NC,ASO,ES,Towers with Radar,9,42,61,12,124,0,0,43,6,49,9,42,104,18,173,53,28,81,254
06/03/2003,AVL,NC,ASO,ES,Towers with Radar,12,47,50,0,109,0,0,1,0,1,12,47,51,0,110,5,0,5,115
06/04/2003,AVL,NC,ASO,ES,Towers with Radar,9,58,68,5,140,0,3,25,0,28,9,61,93,5,168,36,0,36,204
06/05/2003,AVL,NC,ASO,ES,Towers with Radar,10,49,82,5,146,0,4,74,0,78,10,53,156,5,224,132,0,132,356
06/06/2003,AVL,NC,ASO,ES,Towers with Radar,12,50,82,17,161,0,2,36,1,39,12,52,118,18,200,59,22,81,281
06/07/2003,AVL,NC,ASO,ES,Towers with Radar,11,34,27,1,73,0,0,0,0,0,11,34,27,1,73,0,0,0,73
06/08/2003,AVL,NC,ASO,ES,Towers with Radar,11,49,112,6,178,0,0,14,2,16,11,49,126,8,194,35,28,63,257
06/09/2003,AVL,NC,ASO,ES,Towers with Radar,14,46,60,3,123,0,3,60,0,63,14,49,120,3,186,88,0,88,274
06/10/2003,AVL,NC,ASO,ES,Towers with Radar,11,53,72,10,146,0,4,77,0,81,11,57,149,10,227,42,23,65,292
06/11/2003,AVL,NC,ASO,ES,Towers with Radar,11,46,63,4,124,0,1,31,0,32,11,47,94,4,156,76,0,76,232
06/12/2003,AVL,NC,ASO,ES,Towers with Radar,15,38,58,2,113,0,0,16,1,17,15,38,74,3,130,32,0,32,162
06/13/2003,AVL,NC,ASO,ES,Towers with Radar,9,53,56,5,123,0,0,24,0,24,9,53,80,5,147,36,0,36,183
06/14/2003,AVL,NC,ASO,ES,Towers with Radar,10,42,42,0,94,0,0,20,0,20,10,42,62,0,114,29,0,29,143
06/15/2003,AVL,NC,ASO,ES,Towers with Radar,18,51,63,0,132,0,0,11,0,11,18,51,74,0,143,18,0,18,161
06/16/2003,AVL,NC,ASO,ES,Towers with Radar,8,57,48,0,113,0,0,3,0,3,8,57,51,0,116,2,0,2,118
06/17/2003,AVL,NC,ASO,ES,Towers with Radar,8,50,45,0,103,0,0,2,0,2,8,50,47,0,105,6,0,6,111
06/18/2003,AVL,NC,ASO,ES,Towers with Radar,13,41,48,2,104,0,0,0,0,0,13,41,48,2,104,0,0,0,104
06/19/2003,AVL,NC,ASO,ES,Towers with Radar,10,52,55,7,124,0,1,29,2,32,10,53,84,9,156,42,0,42,198
06/20/2003,AVL,NC,ASO,ES,Towers with Radar,11,51,85,13,160,0,1,63,2,66,11,52,148,15,226,48,22,70,296
06/21/2003,AVL,NC,ASO,ES,Towers with Radar,9,39,62,15,125,0,0,70,5,75,9,39,132,20,200,79,10,89,289
06/22/2003,AVL,NC,ASO,ES,Towers with Radar,11,47,74,2,134,0,2,94,0,96,11,49,168,2,230,81,0,81,311
06/23/2003,AVL,NC,ASO,ES,Towers with Radar,13,54,63,18,148,0,3,69,3,75,13,57,132,21,223,26,28,54,277
06/24/2003,AVL,NC,ASO,ES,Towers with Radar,12,46,56,12,126,0,1,82,0,83,12,47,138,12,209,84,6,90,299
06/25/2003,AVL,NC,ASO,ES,Towers with Radar,12,53,72,1,138,0,1,75,1,77,12,54,147,2,215,49,0,49,264
06/26/2003,AVL,NC,ASO,ES,Towers with Radar,12,49,101,22,184,0,2,58,2,62,12,51,159,24,246,53,19,72,318
06/27/2003,AVL,NC,ASO,ES,Towers with Radar,12,54,115,9,190,0,0,15,0,15,12,54,130,9,205,70,0,70,275
06/28/2003,AVL,NC,ASO,ES,Towers with Radar,10,42,55,0,107,0,0,3,0,3,10,42,58,0,110,8,0,8,118
06/29/2003,AVL,NC,ASO,ES,Towers with Radar,11,53,72,0,136,0,0,42,0,42,11,53,114,0,178,45,0,45,223
06/30/2003,AVL,NC,ASO,ES,Towers with Radar,9,48,56,0,113,0,0,16,0,16,9,48,72,0,129,10,0,10,139
07/01/2003,AVL,NC,ASO,ES,Towers with Radar,9,44,49,0,102,0,0,0,0,0,9,44,49,0,102,0,0,0,102
07/02/2003,AVL,NC,ASO,ES,Towers with Radar,12,60,34,0,106,0,0,3,0,3,12,60,37,0,109,2,0,2,111
07/03/2003,AVL,NC,ASO,ES,Towers with Radar,12,48,80,4,144,0,1,73,1,75,12,49,153,5,219,66,0,66,285
07/04/2003,AVL,NC,ASO,ES,Towers with Radar,7,28,28,0,63,0,0,62,0,62,7,28,90,0,125,82,0,82,207
07/05/2003,AVL,NC,ASO,ES,Towers with Radar,7,42,50,0,99,0,0,19,0,19,7,42,69,0,118,26,0,26,144
07/06/2003,AVL,NC,ASO,ES,Towers with Radar,12,45,83,0,140,0,0,26,0,26,12,45,109,0,166,48,0,48,214
07/07/2003,AVL,NC,ASO,ES,Towers with Radar,9,55,78,0,142,0,0,23,0,23,9,55,101,0,165,16,0,16,181
07/08/2003,AVL,NC,ASO,ES,Towers with Radar,11,50,47,9,117,0,0,57,3,60,11,50,104,12,177,71,10,81,258
07/09/2003,AVL,NC,ASO,ES,Towers with Radar,11,55,40,9,115,0,0,26,0,26,11,55,66,9,141,18,17,35,176
07/10/2003,AVL,NC,ASO,ES,Towers with Radar,8,45,69,7,129,0,0,20,0,20,8,45,89,7,149,12,6,18,167
07/11/2003,AVL,NC,ASO,ES,Towers with Radar,15,58,104,8,185,0,0,49,0,49,15,58,153,8,234,52,0,52,286
07/12/2003,AVL,NC,ASO,ES,Towers with Radar,9,44,56,8,117,0,0,85,1,86,9,44,141,9,203,36,15,51,254
07/13/2003,AVL,NC,ASO,ES,Towers with Radar,11,49,81,9,150,0,0,26,4,30,11,49,107,13,180,28,4,32,212
07/14/2003,AVL,NC,ASO,ES,Towers with Radar,14,47,69,0,130,0,1,15,5,21,14,48,84,5,151,18,0,18,169
07/15/2003,AVL,NC,ASO,ES,Towers with Radar,13,49,63,5,130,0,2,63,14,79,13,51,126,19,209,23,8,31,240
07/16/2003,AVL,NC,ASO,ES,Towers with Radar,11,40,57,8,116,0,1,57,12,70,11,41,114,20,186,88,4,92,278
07/17/2003,AVL,NC,ASO,ES,Towers with Radar,10,50,76,10,146,0,0,50,14,64,10,50,126,24,210,67,18,85,295
07/18/2003,AVL,NC,ASO,ES,Towers with Radar,11,58,78,0,147,0,0,39,8,47,11,58,117,8,194,62,0,62,256
07/19/2003,AVL,NC,ASO,ES,Towers with Radar,9,41,52,0,102,0,0,32,0,32,9,41,84,0,134,84,0,84,218
07/20/2003,AVL,NC,ASO,ES,Towers with Radar,11,54,100,3,168,0,0,38,2,40,11,54,138,5,208,27,0,27,235
07/21/2003,AVL,NC,ASO,ES,Towers with Radar,10,51,54,1,116,0,0,20,10,30,10,51,74,11,146,36,0,36,182
07/22/2003,AVL,NC,ASO,ES,Towers with Radar,9,59,58,9,135,0,0,16,7,23,9,59,74,16,158,16,0,16,174
07/23/2003,AVL,NC,ASO,ES,Towers with Radar,11,60,71,8,150,0,1,23,9,33,11,61,94,17,183,50,0,50,233
07/24/2003,AVL,NC,ASO,ES,Towers with Radar,13,48,92,11,164,0,1,79,17,97,13,49,171,28,261,147,24,171,432
07/25/2003,AVL,NC,ASO,ES,Towers with Radar,11,54,101,18,184,0,0,90,7,97,11,54,191,25,281,99,18,117,398
07/26/2003,AVL,NC,ASO,ES,Towers with Radar,13,37,77,5,132,0,0,39,0,39,13,37,116,5,171,43,8,51,222
07/27/2003,AVL,NC,ASO,ES,Towers with Radar,10,46,110,0,166,0,0,64,0,64,10,46,174,0,230,75,0,75,305
07/28/2003,AVL,NC,ASO,ES,Towers with Radar,11,48,90,0,149,0,2,29,0,31,11,50,119,0,180,77,0,77,257
07/29/2003,AVL,NC,ASO,ES,Towers with Radar,11,45,40,3,99,0,2,23,0,25,11,47,63,3,124,55,2,57,181
07/30/2003,AVL,NC,ASO,ES,Towers with Radar,11,52,74,2,139,0,2,9,0,11,11,54,83,2,150,54,0,54,204
07/31/2003,AVL,NC,ASO,ES,Towers with Radar,12,47,79,0,138,0,1,8,0,9,12,48,87,0,147,0,0,0,147
08/01/2003,AVL,NC,ASO,ES,Towers with Radar,10,43,69,16,138,0,2,9,0,11,10,45,78,16,149,35,0,35,184
08/02/2003,AVL,NC,ASO,ES,Towers with Radar,9,37,51,0,97,0,1,31,0,32,9,38,82,0,129,46,0,46,175
08/03/2003,AVL,NC,ASO,ES,Towers with Radar,12,36,59,0,107,0,0,9,0,9,12,36,68,0,116,34,0,34,150
08/04/2003,AVL,NC,ASO,ES,Towers with Radar,11,49,48,13,121,0,1,21,3,25,11,50,69,16,146,27,0,27,173
08/05/2003,AVL,NC,ASO,ES,Towers with Radar,11,42,65,8,126,0,2,37,1,40,11,44,102,9,166,112,13,125,291
08/06/2003,AVL,NC,ASO,ES,Towers with Radar,9,49,65,1,124,0,1,37,1,39,9,50,102,2,163,94,2,96,259
08/07/2003,AVL,NC,ASO,ES,Towers with Radar,10,51,89,0,150,0,0,23,0,23,10,51,112,0,173,44,0,44,217
08/08/2003,AVL,NC,ASO,ES,Towers with Radar,11,59,95,2,167,0,0,27,1,28,11,59,122,3,195,53,0,53,248
08/09/2003,AVL,NC,ASO,ES,Towers with Radar,12,47,76,0,135,0,0,25,5,30,12,47,101,5,165,42,0,42,207
08/10/2003,AVL,NC,ASO,ES,Towers with Radar,15,50,84,0,149,0,0,9,0,9,15,50,93,0,158,12,0,12,170
08/11/2003,AVL,NC,ASO,ES,Towers with Radar,13,48,57,2,120,0,0,16,3,19,13,48,73,5,139,7,0,7,146
08/12/2003,AVL,NC,ASO,ES,Towers with Radar,12,51,65,0,128,0,0,16,4,20,12,51,81,4,148,110,0,110,258
08/13/2003,AVL,NC,ASO,ES,Towers with Radar,13,43,59,2,117,0,0,36,8,44,13,43,95,10,161,100,4,104,265
08/14/2003,AVL,NC,ASO,ES,Towers with Radar,12,42,79,6,139,0,0,36,1,37,12,42,115,7,176,38,0,38,214
08/15/2003,AVL,NC,ASO,ES,Towers with Radar,10,48,89,35,182,0,0,28,2,30,10,48,117,37,212,27,24,51,263
08/16/2003,AVL,NC,ASO,ES,Towers with Radar,9,38,48,1,96,0,0,27,0,27,9,38,75,1,123,26,0,26,149
08/17/2003,AVL,NC,ASO,ES,Towers with Radar,8,45,86,0,139,0,1,42,0,43,8,46,128,0,182,68,0,68,250
08/18/2003,AVL,NC,ASO,ES,Towers with Radar,9,53,69,6,137,0,0,56,1,57,9,53,125,7,194,58,0,58,252
08/19/2003,AVL,NC,ASO,ES,Towers with Radar,10,44,80,11,145,0,0,21,0,21,10,44,101,11,166,111,12,123,289
08/20/2003,AVL,NC,ASO,ES,Towers with Radar,10,39,60,3,112,2,0,20,4,26,12,39,80,7,138,29,0,29,167
08/21/2003,AVL,NC,ASO,ES,Towers with Radar,13,41,74,0,128,0,0,26,0,26,13,41,100,0,154,82,0,82,236
08/22/2003,AVL,NC,ASO,ES,Towers with Radar,12,53,61,8,134,0,1,27,0,28,12,54,88,8,162,24,0,24,186
08/23/2003,AVL,NC,ASO,ES,Towers with Radar,9,34,35,1,79,0,0,41,1,42,9,34,76,2,121,39,2,41,162
08/24/2003,AVL,NC,ASO,ES,Towers with Radar,11,42,69,0,122,0,0,23,0,23,11,42,92,0,145,50,2,52,197
08/25/2003,AVL,NC,ASO,ES,Towers with Radar,12,47,51,0,110,0,0,29,3,32,12,47,80,3,142,40,0,40,182
08/26/2003,AVL,NC,ASO,ES,Towers with Radar,11,44,50,0,105,0,1,43,8,52,11,45,93,8,157,54,0,54,211
08/27/2003,AVL,NC,ASO,ES,Towers with Radar,12,47,50,4,113,0,0,40,5,45,12,47,90,9,158,37,0,37,195
08/28/2003,AVL,NC,ASO,ES,Towers with Radar,10,56,91,2,159,0,0,16,8,24,10,56,107,10,183,11,0,11,194
08/29/2003,AVL,NC,ASO,ES,Towers with Radar,13,53,88,4,158,0,0,33,0,33,13,53,121,4,191,28,0,28,219
08/30/2003,AVL,NC,ASO,ES,Towers with Radar,9,33,47,1,90,0,0,41,0,41,9,33,88,1,131,18,0,18,149
08/31/2003,AVL,NC,ASO,ES,Towers with Radar,12,36,39,0,87,0,0,18,0,18,12,36,57,0,105,18,0,18,123
09/01/2003,AVL,NC,ASO,ES,Towers with Radar,11,38,87,0,136,0,0,48,0,48,11,38,135,0,184,34,0,34,218
09/02/2003,AVL,NC,ASO,ES,Towers with Radar,17,41,70,8,136,0,0,16,0,16,17,41,86,8,152,24,0,24,176
09/03/2003,AVL,NC,ASO,ES,Towers with Radar,8,47,44,6,105,0,1,10,0,11,8,48,54,6,116,40,6,46,162
09/04/2003,AVL,NC,ASO,ES,Towers with Radar,9,55,54,4,122,0,2,10,0,12,9,57,64,4,134,30,0,30,164
09/05/2003,AVL,NC,ASO,ES,Towers with Radar,12,45,60,4,121,0,2,39,1,42,12,47,99,5,163,2,12,14,177
09/06/2003,AVL,NC,ASO,ES,Towers with Radar,10,34,35,3,82,0,0,27,0,27,10,34,62,3,109,81,0,81,190
09/07/2003,AVL,NC,ASO,ES,Towers with Radar,11,43,75,4,133,0,0,37,0,37,11,43,112,4,170,110,18,128,298
09/08/2003,AVL,NC,ASO,ES,Towers with Radar,11,46,49,11,117,0,0,23,0,23,11,46,72,11,140,36,0,36,176
09/09/2003,AVL,NC,ASO,ES,Towers with Radar,14,51,42,5,112,0,2,33,4,39,14,53,75,9,151,53,20,73,224
09/10/2003,AVL,NC,ASO,ES,Towers with Radar,13,47,85,7,152,0,0,39,0,39,13,47,124,7,191,55,12,67,258
09/11/2003,AVL,NC,ASO,ES,Towers with Radar,13,42,77,4,136,0,0,43,2,45,13,42,120,6,181,25,0,25,206
09/12/2003,AVL,NC,ASO,ES,Towers with Radar,11,42,47,4,104,0,1,49,0,50,11,43,96,4,154,23,0,23,177
09/13/2003,AVL,NC,ASO,ES,Towers with Radar,9,28,44,13,94,0,0,42,3,45,9,28,86,16,139,22,26,48,187
09/14/2003,AVL,NC,ASO,ES,Towers with Radar,13,41,61,3,118,0,0,27,2,29,13,41,88,5,147,19,0,19,166
09/15/2003,AVL,NC,ASO,ES,Towers with Radar,13,41,55,8,117,0,0,18,12,30,13,41,73,20,147,6,0,6,153
09/16/2003,AVL,NC,ASO,ES,Towers with Radar,11,44,55,18,128,0,2,63,8,73,11,46,118,26,201,32,0,32,233
09/17/2003,AVL,NC,ASO,ES,Towers with Radar,12,49,54,0,115,0,0,48,1,49,12,49,102,1,164,54,0,54,218
09/18/2003,AVL,NC,ASO,ES,Towers with Radar,14,44,31,1,90,0,2,33,1,36,14,46,64,2,126,10,0,10,136
09/19/2003,AVL,NC,ASO,ES,Towers with Radar,11,50,78,2,141,0,1,59,1,61,11,51,137,3,202,42,2,44,246
09/20/2003,AVL,NC,ASO,ES,Towers with Radar,10,39,43,4,96,0,0,57,8,65,10,39,100,12,161,79,12,91,252
09/21/2003,AVL,NC,ASO,ES,Towers with Radar,13,50,73,3,139,0,3,54,0,57,13,53,127,3,196,14,0,14,210
09/22/2003,AVL,NC,ASO,ES,Towers with Radar,11,44,46,1,102,0,0,0,3,3,11,44,46,4,105,4,0,4,109
09/23/2003,AVL,NC,ASO,ES,Towers with Radar,11,51,53,1,116,0,2,53,1,56,11,53,106,2,172,78,0,78,250
09/24/2003,AVL,NC,ASO,ES,Towers with Radar,12,49,60,6,127,0,2,46,1,49,12,51,106,7,176,22,0,22,198
09/25/2003,AVL,NC,ASO,ES,Towers with Radar,13,52,72,0,137,0,0,59,2,61,13,52,131,2,198,89,0,89,287
09/26/2003,AVL,NC,ASO,ES,Towers with Radar,10,52,92,15,169,0,2,46,0,48,10,54,138,15,217,6,6,12,229
09/27/2003,AVL,NC,ASO,ES,Towers with Radar,10,29,27,0,66,0,0,29,0,29,10,29,56,0,95,77,0,77,172
09/28/2003,AVL,NC,ASO,ES,Towers with Radar,11,38,64,12,125,0,0,54,2,56,11,38,118,14,181,70,2,72,253
09/29/2003,AVL,NC,ASO,ES,Towers with Radar,11,43,34,2,90,0,2,37,5,44,11,45,71,7,134,50,6,56,190
09/30/2003,AVL,NC,ASO,ES,Towers with Radar,11,45,41,6,103,0,0,56,1,57,11,45,97,7,160,41,4,45,205
10/01/2003,AVL,NC,ASO,ES,Towers with Radar,11,47,68,4,130,0,6,25,3,34,11,53,93,7,164,20,14,34,198
10/02/2003,AVL,NC,ASO,ES,Towers with Radar,12,52,76,5,145,0,1,40,5,46,12,53,116,10,191,76,6,82,273
10/03/2003,AVL,NC,ASO,ES,Towers with Radar,12,51,74,5,142,0,0,75,1,76,12,51,149,6,218,54,0,54,272
10/04/2003,AVL,NC,ASO,ES,Towers with Radar,7,30,43,0,80,2,2,46,0,50,9,32,89,0,130,40,0,40,170
10/05/2003,AVL,NC,ASO,ES,Towers with Radar,10,42,66,5,123,1,0,90,0,91,11,42,156,5,214,110,0,110,324
10/06/2003,AVL,NC,ASO,ES,Towers with Radar,11,42,48,4,105,1,4,0,0,5,12,46,48,4,110,40,0,40,150
10/07/2003,AVL,NC,ASO,ES,Towers with Radar,10,46,66,0,122,1,5,7,0,13,11,51,73,0,135,38,0,38,173
10/08/2003,AVL,NC,ASO,ES,Towers with Radar,14,53,79,0,146,3,0,7,0,10,17,53,86,0,156,14,0,14,170
10/09/2003,AVL,NC,ASO,ES,Towers with Radar,12,53,88,5,158,0,0,0,0,0,12,53,88,5,158,2,0,2,160
10/10/2003,AVL,NC,ASO,ES,Towers with Radar,11,58,84,2,155,0,1,24,0,25,11,59,108,2,180,30,0,30,210
10/11/2003,AVL,NC,ASO,ES,Towers with Radar,8,34,50,0,92,2,0,24,0,26,10,34,74,0,118,33,0,33,151
10/12/2003,AVL,NC,ASO,ES,Towers with Radar,11,46,67,4,128,1,1,55,0,57,12,47,122,4,185,49,0,49,234
10/13/2003,AVL,NC,ASO,ES,Towers with Radar,12,41,71,5,129,0,0,58,6,64,12,41,129,11,193,74,12,86,279
10/14/2003,AVL,NC,ASO,ES,Towers with Radar,9,44,59,2,114,0,11,0,0,11,9,55,59,2,125,8,0,8,133
10/15/2003,AVL,NC,ASO,ES,Towers with Radar,9,48,70,5,132,0,2,48,2,52,9,50,118,7,184,58,0,58,242
10/16/2003,AVL,NC,ASO,ES,Towers with Radar,10,58,82,6,156,0,8,86,6,100,10,66,168,12,256,83,0,83,339
10/17/2003,AVL,NC,ASO,ES,Towers with Radar,12,51,81,0,144,0,0,78,0,78,12,51,159,0,222,70,0,70,292
10/18/2003,AVL,NC,ASO,ES,Towers with Radar,9,33,54,0,96,2,0,96,0,98,11,33,150,0,194,77,0,77,271
10/19/2003,AVL,NC,ASO,ES,Towers with Radar,11,46,80,0,137,0,0,143,0,143,11,46,223,0,280,58,0,58,338
10/20/2003,AVL,NC,ASO,ES,Towers with Radar,11,43,61,3,118,0,8,50,3,61,11,51,111,6,179,79,11,90,269
10/21/2003,AVL,NC,ASO,ES,Towers with Radar,10,45,63,3,121,1,6,60,4,71,11,51,123,7,192,36,2,38,230
10/22/2003,AVL,NC,ASO,ES,Towers with Radar,11,47,68,3,129,2,0,35,0,37,13,47,103,3,166,51,0,51,217
10/23/2003,AVL,NC,ASO,ES,Towers with Radar,9,48,71,4,132,0,0,57,3,60,9,48,128,7,192,34,0,34,226
10/24/2003,AVL,NC,ASO,ES,Towers with Radar,12,54,76,2,144,0,4,84,0,88,12,58,160,2,232,86,16,102,334
10/25/2003,AVL,NC,ASO,ES,Towers with Radar,9,39,55,3,106,0,20,87,14,121,9,59,142,17,227,104,0,104,331
10/26/2003,AVL,NC,ASO,ES,Towers with Radar,10,41,62,1,114,1,0,9,0,10,11,41,71,1,124,0,0,0,124
10/27/2003,AVL,NC,ASO,ES,Towers with Radar,11,43,53,2,109,0,8,0,0,8,11,51,53,2,117,0,0,0,117
10/28/2003,AVL,NC,ASO,ES,Towers with Radar,11,57,81,5,154,0,9,19,0,28,11,66,100,5,182,50,0,50,232
10/29/2003,AVL,NC,ASO,ES,Towers with Radar,10,44,62,3,119,6,0,19,6,31,16,44,81,9,150,10,14,24,174
10/30/2003,AVL,NC,ASO,ES,Towers with Radar,11,47,71,4,133,0,0,102,5,107,11,47,173,9,240,21,6,27,267
10/31/2003,AVL,NC,ASO,ES,Towers with Radar,10,42,58,0,110,2,12,66,0,80,12,54,124,0,190,18,0,18,208
11/01/2003,AVL,NC,ASO,ES,Towers with Radar,9,32,37,2,80,2,0,56,0,58,11,32,93,2,138,52,0,52,190
11/02/2003,AVL,NC,ASO,ES,Towers with Radar,12,43,49,3,107,1,2,77,9,89,13,45,126,12,196,46,0,46,242
11/03/2003,AVL,NC,ASO,ES,Towers with Radar,11,46,52,2,111,0,2,58,0,60,11,48,110,2,171,54,0,54,225
11/04/2003,AVL,NC,ASO,ES,Towers with Radar,12,44,50,0,106,0,2,15,0,17,12,46,65,0,123,28,0,28,151
11/05/2003,AVL,NC,ASO,ES,Towers with Radar,11,42,46,3,102,0,2,0,2,4,11,44,46,5,106,0,0,0,106
11/06/2003,AVL,NC,ASO,ES,Towers with Radar,11,43,49,0,103,0,0,32,0,32,11,43,81,0,135,44,0,44,179
11/07/2003,AVL,NC,ASO,ES,Towers with Radar,11,55,66,3,135,0,0,22,0,22,11,55,88,3,157,40,0,40,197
11/08/2003,AVL,NC,ASO,ES,Towers with Radar,10,35,43,3,91,0,0,30,9,39,10,35,73,12,130,158,8,166,296
11/09/2003,AVL,NC,ASO,ES,Towers with Radar,10,39,47,1,97,0,0,55,0,55,10,39,102,1,152,80,0,80,232
11/10/2003,AVL,NC,ASO,ES,Towers with Radar,11,42,48,3,104,0,3,30,0,33,11,45,78,3,137,15,0,15,152
11/11/2003,AVL,NC,ASO,ES,Towers with Radar,11,39,47,0,97,0,0,62,0,62,11,39,109,0,159,66,0,66,225
11/12/2003,AVL,NC,ASO,ES,Towers with Radar,11,40,45,3,99,0,8,36,0,44,11,48,81,3,143,34,0,34,177
11/13/2003,AVL,NC,ASO,ES,Towers with Radar,6,33,37,1,77,0,15,0,0,15,6,48,37,1,92,0,0,0,92
11/14/2003,AVL,NC,ASO,ES,Towers with Radar,11,43,49,3,106,0,2,37,7,46,11,45,86,10,152,91,4,95,247
11/15/2003,AVL,NC,ASO,ES,Towers with Radar,8,33,36,0,77,1,1,42,0,44,9,34,78,0,121,101,0,101,222
11/16/2003,AVL,NC,ASO,ES,Towers with Radar,13,41,50,2,106,4,0,40,0,44,17,41,90,2,150,34,0,34,184
11/17/2003,AVL,NC,ASO,ES,Towers with Radar,11,41,45,1,98,1,3,25,0,29,12,44,70,1,127,62,0,62,189
11/18/2003,AVL,NC,ASO,ES,Towers with Radar,8,34,32,2,76,4,12,0,1,17,12,46,32,3,93,16,0,16,109
11/19/2003,AVL,NC,ASO,ES,Towers with Radar,9,34,32,0,75,1,10,0,0,11,10,44,32,0,86,46,0,46,132
11/20/2003,AVL,NC,ASO,ES,Towers with Radar,11,46,52,2,111,0,0,48,5,53,11,46,100,7,164,66,18,84,248
11/21/2003,AVL,NC,ASO,ES,Towers with Radar,12,48,55,3,118,0,0,81,2,83,12,48,136,5,201,70,0,70,271
11/22/2003,AVL,NC,ASO,ES,Towers with Radar,9,29,39,0,77,1,0,99,0,100,10,29,138,0,177,126,0,126,303
11/23/2003,AVL,NC,ASO,ES,Towers with Radar,10,38,42,0,90,1,3,70,0,74,11,41,112,0,164,8,0,8,172
11/24/2003,AVL,NC,ASO,ES,Towers with Radar,9,35,36,2,82,3,14,0,4,21,12,49,36,6,103,0,0,0,103
11/25/2003,AVL,NC,ASO,ES,Towers with Radar,11,46,56,3,116,0,0,65,0,65,11,46,121,3,181,64,0,64,245
11/26/2003,AVL,NC,ASO,ES,Towers with Radar,11,50,68,0,129,0,0,65,0,65,11,50,133,0,194,37,0,37,231
11/27/2003,AVL,NC,ASO,ES,Towers with Radar,5,20,11,0,36,6,5,0,0,11,11,25,11,0,47,0,0,0,47
11/28/2003,AVL,NC,ASO,ES,Towers with Radar,7,26,27,1,61,3,10,0,1,14,10,36,27,2,75,0,0,0,75
11/29/2003,AVL,NC,ASO,ES,Towers with Radar,8,34,37,1,80,0,1,35,0,36,8,35,72,1,116,19,0,19,135
11/30/2003,AVL,NC,ASO,ES,Towers with Radar,14,44,70,0,128,0,0,101,0,101,14,44,171,0,229,39,0,39,268
12/01/2003,AVL,NC,ASO,ES,Towers with Radar,11,50,44,3,108,0,0,43,4,47,11,50,87,7,155,16,0,16,171
12/02/2003,AVL,NC,ASO,ES,Towers with Radar,11,50,44,4,109,0,0,50,7,57,11,50,94,11,166,69,0,69,235
12/03/2003,AVL,NC,ASO,ES,Towers with Radar,12,45,53,4,114,0,0,50,5,55,12,45,103,9,169,92,25,117,286
12/04/2003,AVL,NC,ASO,ES,Towers with Radar,5,24,10,0,39,0,12,0,0,12,5,36,10,0,51,0,0,0,51
12/05/2003,AVL,NC,ASO,ES,Towers with Radar,5,31,17,2,55,0,15,0,0,15,5,46,17,2,70,0,0,0,70
12/06/2003,AVL,NC,ASO,ES,Towers with Radar,6,24,22,1,53,2,4,2,0,8,8,28,24,1,61,40,0,40,101
12/07/2003,AVL,NC,ASO,ES,Towers with Radar,10,28,32,0,70,1,0,66,0,67,11,28,98,0,137,42,0,42,179
12/08/2003,AVL,NC,ASO,ES,Towers with Radar,9,37,33,3,82,0,11,26,0,37,9,48,59,3,119,83,0,83,202
12/09/2003,AVL,NC,ASO,ES,Towers with Radar,9,45,43,4,101,0,0,69,4,73,9,45,112,8,174,80,14,94,268
12/10/2003,AVL,NC,ASO,ES,Towers with Radar,7,35,29,0,71,0,11,0,0,11,7,46,29,0,82,0,0,0,82
12/11/2003,AVL,NC,ASO,ES,Towers with Radar,11,46,42,4,103,0,0,13,1,14,11,46,55,5,117,8,8,16,133
12/12/2003,AVL,NC,ASO,ES,Towers with Radar,9,46,44,3,102,0,0,74,0,74,9,46,118,3,176,99,1,100,276
12/13/2003,AVL,NC,ASO,ES,Towers with Radar,7,24,22,0,53,2,10,16,0,28,9,34,38,0,81,31,0,31,112
12/14/2003,AVL,NC,ASO,ES,Towers with Radar,5,18,11,0,34,3,12,0,0,15,8,30,11,0,49,0,0,0,49
12/15/2003,AVL,NC,ASO,ES,Towers with Radar,10,40,36,2,88,3,4,40,0,47,13,44,76,2,135,35,0,35,170
12/16/2003,AVL,NC,ASO,ES,Towers with Radar,11,48,42,3,104,0,0,19,0,19,11,48,61,3,123,16,0,16,139
12/17/2003,AVL,NC,ASO,ES,Towers with Radar,10,41,34,4,89,7,4,1,6,18,17,45,35,10,107,4,2,6,113
12/18/2003,AVL,NC,ASO,ES,Towers with Radar,11,52,43,1,107,0,0,22,0,22,11,52,65,1,129,40,0,40,169
12/19/2003,AVL,NC,ASO,ES,Towers with Radar,11,43,36,0,90,0,3,9,0,12,11,46,45,0,102,0,0,0,102
12/20/2003,AVL,NC,ASO,ES,Towers with Radar,8,33,28,0,69,1,0,37,0,38,9,33,65,0,107,30,0,30,137
12/21/2003,AVL,NC,ASO,ES,Towers with Radar,7,30,25,0,62,4,0,71,0,75,11,30,96,0,137,65,0,65,202
12/22/2003,AVL,NC,ASO,ES,Towers with Radar,11,44,37,3,95,0,3,57,14,74,11,47,94,17,169,67,29,96,265
12/23/2003,AVL,NC,ASO,ES,Towers with Radar,11,49,47,4,111,0,0,19,12,31,11,49,66,16,142,69,9,78,220
12/24/2003,AVL,NC,ASO,ES,Towers with Radar,8,35,29,0,72,2,5,3,0,10,10,40,32,0,82,10,0,10,92
12/25/2003,AVL,NC,ASO,ES,Towers with Radar,6,21,16,0,43,6,7,0,0,13,12,28,16,0,56,0,0,0,56
12/26/2003,AVL,NC,ASO,ES,Towers with Radar,12,43,39,0,94,0,0,85,0,85,12,43,124,0,179,84,0,84,263
12/27/2003,AVL,NC,ASO,ES,Towers with Radar,9,35,34,1,79,0,0,74,0,74,9,35,108,1,153,66,0,66,219
12/28/2003,AVL,NC,ASO,ES,Towers with Radar,10,31,34,0,75,2,0,67,0,69,12,31,101,0,144,78,0,78,222
12/29/2003,AVL,NC,ASO,ES,Towers with Radar,10,37,33,0,80,2,0,24,0,26,12,37,57,0,106,38,0,38,144
12/30/2003,AVL,NC,ASO,ES,Towers with Radar,11,42,35,2,90,2,1,30,0,33,13,43,65,2,123,6,0,6,129
12/31/2003,AVL,NC,ASO,ES,Towers with Radar,8,34,28,2,72,1,3,68,3,75,9,37,96,5,147,29,0,29,176
01/01/2004,AVL,NC,ASO,ES,Towers with Radar,7,29,23,0,59,1,2,47,0,50,8,31,70,0,109,56,0,56,165
01/02/2004,AVL,NC,ASO,ES,Towers with Radar,8,30,25,0,63,4,7,33,0,44,12,37,58,0,107,57,0,57,164
01/03/2004,AVL,NC,ASO,ES,Towers with Radar,11,26,31,0,68,0,0,44,0,44,11,26,75,0,112,18,0,18,130
01/04/2004,AVL,NC,ASO,ES,Towers with Radar,11,38,34,2,85,0,0,23,0,23,11,38,57,2,108,15,0,15,123
01/05/2004,AVL,NC,ASO,ES,Towers with Radar,9,35,28,0,72,1,9,6,0,16,10,44,34,0,88,0,0,0,88
01/06/2004,AVL,NC,ASO,ES,Towers with Radar,10,44,34,5,93,0,11,0,11,22,10,55,34,16,115,33,6,39,154
01/07/2004,AVL,NC,ASO,ES,Towers with Radar,13,44,38,5,100,0,0,27,0,27,13,44,65,5,127,45,0,45,172
01/08/2004,AVL,NC,ASO,ES,Towers with Radar,11,37,31,4,83,1,3,21,2,27,12,40,52,6,110,17,40,57,167
01/09/2004,AVL,NC,ASO,ES,Towers with Radar,8,31,19,4,62,3,9,0,2,14,11,40,19,6,76,0,12,12,88
01/10/2004,AVL,NC,ASO,ES,Towers with Radar,6,28,24,3,61,0,7,10,2,19,6,35,34,5,80,25,0,25,105
01/11/2004,AVL,NC,ASO,ES,Towers with Radar,9,25,24,0,58,4,0,37,0,41,13,25,61,0,99,89,0,89,188
01/12/2004,AVL,NC,ASO,ES,Towers with Radar,11,42,36,2,91,0,4,27,0,31,11,46,63,2,122,69,0,69,191
01/13/2004,AVL,NC,ASO,ES,Towers with Radar,11,46,39,5,101,0,1,27,1,29,11,47,66,6,130,28,4,32,162
01/14/2004,AVL,NC,ASO,ES,Towers with Radar,10,46,40,5,101,0,0,39,4,43,10,46,79,9,144,70,14,84,228
01/15/2004,AVL,NC,ASO,ES,Towers with Radar,11,46,38,4,99,0,3,6,8,17,11,49,44,12,116,6,17,23,139
01/16/2004,AVL,NC,ASO,ES,Towers with Radar,12,46,41,0,99,0,0,49,0,49,12,46,90,0,148,21,0,21,169
01/17/2004,AVL,NC,ASO,ES,Towers with Radar,9,29,25,2,65,1,0,31,6,38,10,29,56,8,103,64,2,66,169
01/18/2004,AVL,NC,ASO,ES,Towers with Radar,8,28,22,0,58,3,1,12,0,16,11,29,34,0,74,0,0,0,74
01/19/2004,AVL,NC,ASO,ES,Towers with Radar,12,36,39,4,91,0,0,24,0,24,12,36,63,4,115,0,0,0,115
01/20/2004,AVL,NC,ASO,ES,Towers with Radar,12,43,35,0,90,0,6,29,0,35,12,49,64,0,125,89,0,89,214
01/21/2004,AVL,NC,ASO,ES,Towers with Radar,13,48,47,5,113,0,0,67,0,67,13,48,114,5,180,2,7,9,189
01/22/2004,AVL,NC,ASO,ES,Towers with Radar,11,36,36,0,83,0,0,35,0,35,11,36,71,0,118,37,0,37,155
01/23/2004,AVL,NC,ASO,ES,Towers with Radar,9,44,35,4,92,0,0,35,4,39,9,44,70,8,131,36,0,36,167
01/24/2004,AVL,NC,ASO,ES,Towers with Radar,9,25,26,3,63,2,0,40,2,44,11,25,66,5,107,18,2,20,127
01/25/2004,AVL,NC,ASO,ES,Towers with Radar,3,12,9,1,25,5,2,0,1,8,8,14,9,2,33,0,0,0,33
01/26/2004,AVL,NC,ASO,ES,Towers with Radar,4,14,6,0,24,1,4,0,0,5,5,18,6,0,29,0,0,0,29
01/27/2004,AVL,NC,ASO,ES,Towers with Radar,7,27,21,2,57,3,6,7,1,17,10,33,28,3,74,0,16,16,90
01/28/2004,AVL,NC,ASO,ES,Towers with Radar,11,41,33,3,88,0,5,5,0,10,11,46,38,3,98,4,22,26,124
01/29/2004,AVL,NC,ASO,ES,Towers with Radar,10,44,35,2,91,0,6,33,0,39,10,50,68,2,130,28,0,28,158
01/30/2004,AVL,NC,ASO,ES,Towers with Radar,11,42,34,4,91,0,5,23,1,29,11,47,57,5,120,5,0,5,125
01/31/2004,AVL,NC,ASO,ES,Towers with Radar,9,28,27,3,67,1,0,52,5,58,10,28,79,8,125,83,0,83,208
02/01/2004,AVL,NC,ASO,ES,Towers with Radar,9,33,31,0,73,3,0,43,0,46,12,33,74,0,119,23,0,23,142
02/02/2004,AVL,NC,ASO,ES,Towers with Radar,7,31,21,0,59,0,7,0,0,7,7,38,21,0,66,0,0,0,66
02/03/2004,AVL,NC,ASO,ES,Towers with Radar,9,33,28,3,73,0,10,2,1,13,9,43,30,4,86,16,16,32,118
02/04/2004,AVL,NC,ASO,ES,Towers with Radar,9,36,42,4,91,0,0,49,10,59,9,36,91,14,150,105,20,125,275
02/05/2004,AVL,NC,ASO,ES,Towers with Radar,7,29,8,2,46,1,9,0,0,10,8,38,8,2,56,0,0,0,56
02/06/2004,AVL,NC,ASO,ES,Towers with Radar,6,35,28,0,69,0,8,0,0,8,6,43,28,0,77,0,0,0,77
02/07/2004,AVL,NC,ASO,ES,Towers with Radar,6,28,24,3,61,6,2,10,2,20,12,30,34,5,81,22,0,22,103
02/08/2004,AVL,NC,ASO,ES,Towers with Radar,9,35,32,0,76,2,0,41,0,43,11,35,73,0,119,29,0,29,148
02/09/2004,AVL,NC,ASO,ES,Towers with Radar,10,41,36,2,89,0,8,18,0,26,10,49,54,2,115,12,0,12,127
02/10/2004,AVL,NC,ASO,ES,Towers with Radar,9,39,33,2,83,0,7,19,0,26,9,46,52,2,109,16,0,16,125
02/11/2004,AVL,NC,ASO,ES,Towers with Radar,8,45,39,0,92,0,7,42,0,49,8,52,81,0,141,102,0,102,243
02/12/2004,AVL,NC,ASO,ES,Towers with Radar,8,37,19,3,67,0,3,0,2,5,8,40,19,5,72,0,4,4,76
02/13/2004,AVL,NC,ASO,ES,Towers with Radar,7,47,50,1,105,0,0,64,0,64,7,47,114,1,169,42,0,42,211
02/14/2004,AVL,NC,ASO,ES,Towers with Radar,7,29,25,2,63,5,4,11,0,20,12,33,36,2,83,66,16,82,165
02/15/2004,AVL,NC,ASO,ES,Towers with Radar,7,28,24,0,59,4,6,6,0,16,11,34,30,0,75,0,0,0,75
02/16/2004,AVL,NC,ASO,ES,Towers with Radar,10,40,38,0,88,1,0,1,0,2,11,40,39,0,90,0,0,0,90
02/17/2004,AVL,NC,ASO,ES,Towers with Radar,9,41,35,3,88,0,4,7,2,13,9,45,42,5,101,39,4,43,144
02/18/2004,AVL,NC,ASO,ES,Towers with Radar,11,46,41,3,101,0,0,52,6,58,11,46,93,9,159,46,5,51,210
02/19/2004,AVL,NC,ASO,ES,Towers with Radar,11,46,43,3,103,0,0,55,4,59,11,46,98,7,162,16,0,16,178
02/20/2004,AVL,NC,ASO,ES,Towers with Radar,13,42,42,3,100,0,0,27,9,36,13,42,69,12,136,17,8,25,161
02/21/2004,AVL,NC,ASO,ES,Towers with Radar,8,32,26,2,68,1,4,34,4,43,9,36,60,6,111,9,6,15,126
02/22/2004,AVL,NC,ASO,ES,Towers with Radar,10,37,36,0,83,1,0,73,0,74,11,37,109,0,157,58,0,58,215
02/23/2004,AVL,NC,ASO,ES,Towers with Radar,11,43,39,2,95,1,0,28,0,29,12,43,67,2,124,52,0,52,176
02/24/2004,AVL,NC,ASO,ES,Towers with Radar,9,35,23,0,67,2,10,0,0,12,11,45,23,0,79,12,0,12,91
02/25/2004,AVL,NC,ASO,ES,Towers with Radar,9,48,39,2,98,0,1,22,0,23,9,49,61,2,121,65,0,65,186
02/26/2004,AVL,NC,ASO,ES,Towers with Radar,7,26,21,0,54,1,6,1,0,8,8,32,22,0,62,0,0,0,62
02/27/2004,AVL,NC,ASO,ES,Towers with Radar,9,34,22,1,66,0,0,0,0,0,9,34,22,1,66,20,0,20,86
02/28/2004,AVL,NC,ASO,ES,Towers with Radar,10,34,35,3,82,0,0,92,9,101,10,34,127,12,183,80,16,96,279
02/29/2004,AVL,NC,ASO,ES,Towers with Radar,10,38,33,0,81,1,0,98,0,99,11,38,131,0,180,73,0,73,253
03/01/2004,AVL,NC,ASO,ES,Towers with Radar,9,40,36,4,89,2,5,8,0,15,11,45,44,4,104,2,8,10,114
03/02/2004,AVL,NC,ASO,ES,Towers with Radar,10,42,37,0,89,1,3,0,0,4,11,45,37,0,93,0,0,0,93
03/03/2004,AVL,NC,ASO,ES,Towers with Radar,10,47,47,0,104,0,0,23,0,23,10,47,70,0,127,41,0,41,168
03/04/2004,AVL,NC,ASO,ES,Towers with Radar,10,43,39,2,94,1,6,38,0,45,11,49,77,2,139,32,0,32,171
03/05/2004,AVL,NC,ASO,ES,Towers with Radar,9,44,40,1,94,0,5,15,0,20,9,49,55,1,114,0,0,0,114
03/06/2004,AVL,NC,ASO,ES,Towers with Radar,6,25,23,2,56,4,9,6,0,19,10,34,29,2,75,2,0,2,77
03/07/2004,AVL,NC,ASO,ES,Towers with Radar,9,39,36,1,85,2,5,61,0,68,11,44,97,1,153,55,0,55,208
03/08/2004,AVL,NC,ASO,ES,Towers with Radar,9,38,35,4,86,0,9,14,11,34,9,47,49,15,120,0,6,6,126
03/09/2004,AVL,NC,ASO,ES,Towers with Radar,9,34,20,3,66,2,8,0,5,15,11,42,20,8,81,6,0,6,87
03/10/2004,AVL,NC,ASO,ES,Towers with Radar,13,48,51,5,117,0,0,34,1,35,13,48,85,6,152,71,1,72,224
03/11/2004,AVL,NC,ASO,ES,Towers with Radar,12,47,43,2,104,0,0,53,0,53,12,47,96,2,157,71,0,71,228
03/12/2004,AVL,NC,ASO,ES,Towers with Radar,11,48,44,1,104,0,3,39,0,42,11,51,83,1,146,4,0,4,150
03/13/2004,AVL,NC,ASO,ES,Towers with Radar,9,38,35,2,84,0,1,102,0,103,9,39,137,2,187,87,0,87,274
03/14/2004,AVL,NC,ASO,ES,Towers with Radar,9,42,41,0,92,0,0,58,0,58,9,42,99,0,150,53,0,53,203
03/15/2004,AVL,NC,ASO,ES,Towers with Radar,11,50,41,4,106,0,2,0,0,2,11,52,41,4,108,0,0,0,108
03/16/2004,AVL,NC,ASO,ES,Towers with Radar,10,41,38,1,90,0,5,10,0,15,10,46,48,1,105,14,0,14,119
03/17/2004,AVL,NC,ASO,ES,Towers with Radar,11,49,46,4,110,0,0,27,1,28,11,49,73,5,138,24,0,24,162
03/18/2004,AVL,NC,ASO,ES,Towers with Radar,12,53,50,0,115,0,0,14,0,14,12,53,64,0,129,20,0,20,149
03/19/2004,AVL,NC,ASO,ES,Towers with Radar,11,59,52,4,126,0,1,63,6,70,11,60,115,10,196,45,0,45,241
03/20/2004,AVL,NC,ASO,ES,Towers with Radar,8,38,33,0,79,3,0,34,0,37,11,38,67,0,116,53,0,53,169
03/21/2004,AVL,NC,ASO,ES,Towers with Radar,9,39,34,3,85,0,2,16,1,19,9,41,50,4,104,0,0,0,104
03/22/2004,AVL,NC,ASO,ES,Towers with Radar,11,51,46,4,112,0,0,7,11,18,11,51,53,15,130,16,80,96,226
03/23/2004,AVL,NC,ASO,ES,Towers with Radar,11,49,43,4,107,1,2,51,6,60,12,51,94,10,167,74,35,109,276
03/24/2004,AVL,NC,ASO,ES,Towers with Radar,11,52,47,2,112,0,0,87,0,87,11,52,134,2,199,22,25,47,246
03/25/2004,AVL,NC,ASO,ES,Towers with Radar,11,46,50,4,111,0,0,68,2,70,11,46,118,6,181,25,0,25,206
03/26/2004,AVL,NC,ASO,ES,Towers with Radar,11,49,46,4,110,0,0,65,4,69,11,49,111,8,179,42,0,42,221
03/27/2004,AVL,NC,ASO,ES,Towers with Radar,10,39,39,3,91,0,0,44,22,66,10,39,83,25,157,74,47,121,278
03/28/2004,AVL,NC,ASO,ES,Towers with Radar,10,40,36,0,86,1,0,57,0,58,11,40,93,0,144,80,0,80,224
03/29/2004,AVL,NC,ASO,ES,Towers with Radar,11,53,46,3,113,0,2,25,0,27,11,55,71,3,140,56,0,56,196
03/30/2004,AVL,NC,ASO,ES,Towers with Radar,10,43,37,0,90,3,4,0,0,7,13,47,37,0,97,0,0,0,97
03/31/2004,AVL,NC,ASO,ES,Towers with Radar,10,42,37,3,92,5,6,10,1,22,15,48,47,4,114,0,10,10,124
04/01/2004,AVL,NC,ASO,ES,Towers with Radar,9,38,38,3,88,3,15,0,1,19,12,53,38,4,107,0,0,0,107
04/02/2004,AVL,NC,ASO,ES,Towers with Radar,10,43,45,4,102,3,10,9,0,22,13,53,54,4,124,0,2,2,126
04/03/2004,AVL,NC,ASO,ES,Towers with Radar,10,35,46,0,91,0,0,40,0,40,10,35,86,0,131,33,0,33,164
04/04/2004,AVL,NC,ASO,ES,Towers with Radar,6,29,31,1,67,4,15,5,0,24,10,44,36,1,91,0,0,0,91
04/05/2004,AVL,NC,ASO,ES,Towers with Radar,9,45,47,0,101,0,6,28,0,34,9,51,75,0,135,25,0,25,160
04/06/2004,AVL,NC,ASO,ES,Towers with Radar,10,45,47,4,106,0,2,59,11,72,10,47,106,15,178,42,12,54,232
04/07/2004,AVL,NC,ASO,ES,Towers with Radar,11,49,51,3,114,4,7,50,0,61,15,56,101,3,175,63,0,63,238
04/08/2004,AVL,NC,ASO,ES,Towers with Radar,9,53,55,1,118,0,6,23,0,29,9,59,78,1,147,42,0,42,189
04/09/2004,AVL,NC,ASO,ES,Towers with Radar,11,54,58,5,128,0,0,67,2,69,11,54,125,7,197,13,2,15,212
04/10/2004,AVL,NC,ASO,ES,Towers with Radar,10,35,45,3,93,0,0,31,0,31,10,35,76,3,124,54,0,54,178
04/11/2004,AVL,NC,ASO,ES,Towers with Radar,9,41,43,1,94,0,1,8,0,9,9,42,51,1,103,15,0,15,118
04/12/2004,AVL,NC,ASO,ES,Towers with Radar,8,38,31,0,77,3,22,0,0,25,11,60,31,0,102,0,0,0,102
04/13/2004,AVL,NC,ASO,ES,Towers with Radar,7,41,42,0,90,0,10,13,0,23,7,51,55,0,113,1,0,1,114
04/14/2004,AVL,NC,ASO,ES,Towers with Radar,10,46,48,3,107,0,5,11,1,17,10,51,59,4,124,12,2,14,138
04/15/2004,AVL,NC,ASO,ES,Towers with Radar,11,54,57,4,126,0,2,44,4,50,11,56,101,8,176,20,0,20,196
04/16/2004,AVL,NC,ASO,ES,Towers with Radar,12,50,61,4,127,0,0,70,7,77,12,50,131,11,204,67,0,67,271
04/17/2004,AVL,NC,ASO,ES,Towers with Radar,9,35,42,3,89,0,0,61,1,62,9,35,103,4,151,73,0,73,224
04/18/2004,AVL,NC,ASO,ES,Towers with Radar,11,42,48,3,104,0,0,83,0,83,11,42,131,3,187,81,0,81,268
04/19/2004,AVL,NC,ASO,ES,Towers with Radar,11,46,46,3,106,0,4,61,3,68,11,50,107,6,174,89,6,95,269
04/20/2004,AVL,NC,ASO,ES,Towers with Radar,9,57,60,4,130,0,0,79,8,87,9,57,139,12,217,107,8,115,332
04/21/2004,AVL,NC,ASO,ES,Towers with Radar,10,51,51,3,115,0,1,48,13,62,10,52,99,16,177,42,46,88,265
04/22/2004,AVL,NC,ASO,ES,Towers with Radar,12,56,57,4,129,2,0,31,4,37,14,56,88,8,166,8,40,48,214
04/23/2004,AVL,NC,ASO,ES,Towers with Radar,13,62,62,2,139,0,6,53,0,59,13,68,115,2,198,58,2,60,258
04/24/2004,AVL,NC,ASO,ES,Towers with Radar,10,40,42,3,95,1,0,31,8,40,11,40,73,11,135,63,0,63,198
04/25/2004,AVL,NC,ASO,ES,Towers with Radar,11,43,46,3,103,3,0,38,3,44,14,43,84,6,147,2,0,2,149
04/26/2004,AVL,NC,ASO,ES,Towers with Radar,10,44,44,1,99,1,4,4,0,9,11,48,48,1,108,0,0,0,108
04/27/2004,AVL,NC,ASO,ES,Towers with Radar,11,56,58,4,129,0,0,30,11,41,11,56,88,15,170,16,30,46,216
04/28/2004,AVL,NC,ASO,ES,Towers with Radar,11,52,55,4,122,0,0,65,2,67,11,52,120,6,189,120,0,120,309
04/29/2004,AVL,NC,ASO,ES,Towers with Radar,11,49,57,2,119,0,0,44,0,44,11,49,101,2,163,40,0,40,203
04/30/2004,AVL,NC,ASO,ES,Towers with Radar,11,50,57,4,122,0,0,10,3,13,11,50,67,7,135,0,0,0,135
05/01/2004,AVL,NC,ASO,ES,Towers with Radar,8,36,44,0,88,1,0,12,0,13,9,36,56,0,101,0,0,0,101
05/02/2004,AVL,NC,ASO,ES,Towers with Radar,9,35,48,0,92,7,0,10,0,17,16,35,58,0,109,0,0,0,109
05/03/2004,AVL,NC,ASO,ES,Towers with Radar,9,46,48,5,108,0,3,0,1,4,9,49,48,6,112,13,6,19,131
05/04/2004,AVL,NC,ASO,ES,Towers with Radar,10,46,52,5,113,1,6,58,3,68,11,52,110,8,181,83,0,83,264
05/05/2004,AVL,NC,ASO,ES,Towers with Radar,11,51,60,2,124,0,0,60,0,60,11,51,120,2,184,119,0,119,303
05/06/2004,AVL,NC,ASO,ES,Towers with Radar,11,60,71,7,149,0,0,54,13,67,11,60,125,20,216,64,34,98,314
05/07/2004,AVL,NC,ASO,ES,Towers with Radar,11,51,64,6,132,0,0,43,6,49,11,51,107,12,181,47,6,53,234
05/08/2004,AVL,NC,ASO,ES,Towers with Radar,9,38,45,0,92,1,2,54,0,57,10,40,99,0,149,19,0,19,168
05/09/2004,AVL,NC,ASO,ES,Towers with Radar,10,42,49,4,105,0,3,43,0,46,10,45,92,4,151,65,8,73,224
05/10/2004,AVL,NC,ASO,ES,Towers with Radar,9,45,53,6,113,0,14,28,2,44,9,59,81,8,157,82,0,82,239
05/11/2004,AVL,NC,ASO,ES,Towers with Radar,10,46,55,5,116,1,6,31,1,39,11,52,86,6,155,40,0,40,195
05/12/2004,AVL,NC,ASO,ES,Towers with Radar,11,51,61,2,125,0,0,30,0,30,11,51,91,2,155,6,0,6,161
05/13/2004,AVL,NC,ASO,ES,Towers with Radar,11,50,59,2,122,0,6,1,0,7,11,56,60,2,129,0,0,0,129
05/14/2004,AVL,NC,ASO,ES,Towers with Radar,14,63,82,8,167,0,0,28,15,43,14,63,110,23,210,37,4,41,251
05/15/2004,AVL,NC,ASO,ES,Towers with Radar,9,37,43,3,92,0,0,25,10,35,9,37,68,13,127,20,2,22,149
05/16/2004,AVL,NC,ASO,ES,Towers with Radar,11,44,52,2,109,1,3,23,0,27,12,47,75,2,136,49,2,51,187
05/17/2004,AVL,NC,ASO,ES,Towers with Radar,11,45,47,4,107,0,8,0,8,16,11,53,47,12,123,7,8,15,138
05/18/2004,AVL,NC,ASO,ES,Towers with Radar,11,52,61,5,129,0,0,10,1,11,11,52,71,6,140,93,4,97,237
05/19/2004,AVL,NC,ASO,ES,Towers with Radar,12,47,61,0,120,5,0,24,0,29,17,47,85,0,149,125,0,125,274
05/20/2004,AVL,NC,ASO,ES,Towers with Radar,12,54,71,6,143,0,0,38,5,43,12,54,109,11,186,96,0,96,282
05/21/2004,AVL,NC,ASO,ES,Towers with Radar,15,60,70,6,151,2,0,45,6,53,17,60,115,12,204,38,0,38,242
05/22/2004,AVL,NC,ASO,ES,Towers with Radar,9,42,48,4,103,1,5,38,5,49,10,47,86,9,152,26,8,34,186
05/23/2004,AVL,NC,ASO,ES,Towers with Radar,11,48,56,2,117,1,1,38,0,40,12,49,94,2,157,47,0,47,204
05/24/2004,AVL,NC,ASO,ES,Towers with Radar,11,54,61,2,128,0,6,62,0,68,11,60,123,2,196,24,2,26,222
05/25/2004,AVL,NC,ASO,ES,Towers with Radar,11,45,51,5,112,1,14,33,2,50,12,59,84,7,162,72,13,85,247
05/26/2004,AVL,NC,ASO,ES,Towers with Radar,10,42,48,2,102,1,10,44,0,55,11,52,92,2,157,57,0,57,214
05/27/2004,AVL,NC,ASO,ES,Towers with Radar,11,55,65,5,136,0,0,56,2,58,11,55,121,7,194,29,0,29,223
05/28/2004,AVL,NC,ASO,ES,Towers with Radar,11,55,70,4,140,0,0,63,0,63,11,55,133,4,203,76,0,76,279
05/29/2004,AVL,NC,ASO,ES,Towers with Radar,9,41,47,2,99,0,10,62,0,72,9,51,109,2,171,59,0,59,230
05/30/2004,AVL,NC,ASO,ES,Towers with Radar,7,33,37,2,79,4,0,32,0,36,11,33,69,2,115,0,0,0,115
05/31/2004,AVL,NC,ASO,ES,Towers with Radar,8,50,63,0,121,0,0,48,0,48,8,50,111,0,169,6,0,6,175
06/01/2004,AVL,NC,ASO,ES,Towers with Radar,11,54,63,0,128,0,5,50,0,55,11,59,113,0,183,77,0,77,260
06/02/2004,AVL,NC,ASO,ES,Towers with Radar,11,55,66,5,137,0,0,41,14,55,11,55,107,19,192,86,4,90,282
06/03/2004,AVL,NC,ASO,ES,Towers with Radar,11,55,67,2,135,2,0,43,0,45,13,55,110,2,180,53,0,53,233
06/04/2004,AVL,NC,ASO,ES,Towers with Radar,11,51,69,5,136,7,0,12,15,34,18,51,81,20,170,67,18,85,255
06/05/2004,AVL,NC,ASO,ES,Towers with Radar,9,44,52,4,109,2,1,60,7,70,11,45,112,11,179,34,0,34,213
06/06/2004,AVL,NC,ASO,ES,Towers with Radar,11,48,73,3,135,0,0,65,0,65,11,48,138,3,200,111,2,113,313
06/07/2004,AVL,NC,ASO,ES,Towers with Radar,6,51,64,2,123,0,0,26,0,26,6,51,90,2,149,54,0,54,203
06/08/2004,AVL,NC,ASO,ES,Towers with Radar,10,51,51,0,112,0,5,0,0,5,10,56,51,0,117,20,0,20,137
06/09/2004,AVL,NC,ASO,ES,Towers with Radar,11,53,63,1,128,0,3,64,0,67,11,56,127,1,195,83,0,83,278
06/10/2004,AVL,NC,ASO,ES,Towers with Radar,13,60,76,5,154,1,0,78,3,82,14,60,154,8,236,52,0,52,288
06/11/2004,AVL,NC,ASO,ES,Towers with Radar,11,61,73,5,150,0,3,35,1,39,11,64,108,6,189,15,0,15,204
06/12/2004,AVL,NC,ASO,ES,Towers with Radar,9,48,58,4,119,0,3,58,0,61,9,51,116,4,180,98,4,102,282
06/13/2004,AVL,NC,ASO,ES,Towers with Radar,13,46,71,2,132,1,0,17,0,18,14,46,88,2,150,0,0,0,150
06/14/2004,AVL,NC,ASO,ES,Towers with Radar,10,54,49,5,118,2,1,0,0,3,12,55,49,5,121,26,0,26,147
06/15/2004,AVL,NC,ASO,ES,Towers with Radar,10,49,55,3,117,3,18,0,1,22,13,67,55,4,139,0,0,0,139
06/16/2004,AVL,NC,ASO,ES,Towers with Radar,12,57,72,3,144,0,0,9,0,9,12,57,81,3,153,63,0,63,216
06/17/2004,AVL,NC,ASO,ES,Towers with Radar,11,54,65,4,134,0,0,38,5,43,11,54,103,9,177,45,4,49,226
06/18/2004,AVL,NC,ASO,ES,Towers with Radar,12,64,74,4,154,2,2,34,16,54,14,66,108,20,208,42,4,46,254
06/19/2004,AVL,NC,ASO,ES,Towers with Radar,9,47,54,3,113,0,2,50,4,56,9,49,104,7,169,70,0,70,239
06/20/2004,AVL,NC,ASO,ES,Towers with Radar,12,46,70,2,130,2,0,82,0,84,14,46,152,2,214,42,0,42,256
06/21/2004,AVL,NC,ASO,ES,Towers with Radar,8,62,71,4,145,0,0,0,9,9,8,62,71,13,154,8,0,8,162
06/22/2004,AVL,NC,ASO,ES,Towers with Radar,11,55,65,2,133,2,0,25,0,27,13,55,90,2,160,39,7,46,206
06/23/2004,AVL,NC,ASO,ES,Towers with Radar,11,57,65,4,137,1,2,15,5,23,12,59,80,9,160,35,0,35,195
06/24/2004,AVL,NC,ASO,ES,Towers with Radar,13,65,76,4,158,5,4,28,10,47,18,69,104,14,205,35,16,51,256
06/25/2004,AVL,NC,ASO,ES,Towers with Radar,11,58,60,4,133,0,14,0,5,19,11,72,60,9,152,0,0,0,152
06/26/2004,AVL,NC,ASO,ES,Towers with Radar,8,46,63,2,119,0,0,32,0,32,8,46,95,2,151,68,0,68,219
06/27/2004,AVL,NC,ASO,ES,Towers with Radar,10,60,70,0,140,0,1,19,0,20,10,61,89,0,160,36,0,36,196
06/28/2004,AVL,NC,ASO,ES,Towers with Radar,9,53,61,4,127,0,15,8,1,24,9,68,69,5,151,36,0,36,187
06/29/2004,AVL,NC,ASO,ES,Towers with Radar,7,58,67,4,136,0,18,51,0,69,7,76,118,4,205,127,0,127,332
06/30/2004,AVL,NC,ASO,ES,Towers with Radar,10,59,69,4,142,0,0,8,1,9,10,59,77,5,151,38,0,38,189
07/01/2004,AVL,NC,ASO,ES,Towers with Radar,12,64,82,6,164,0,0,30,5,35,12,64,112,11,199,52,2,54,253
07/02/2004,AVL,NC,ASO,ES,Towers with Radar,11,70,90,5,176,0,3,8,0,11,11,73,98,5,187,36,0,36,223
07/03/2004,AVL,NC,ASO,ES,Towers with Radar,9,38,51,0,98,1,0,17,0,18,10,38,68,0,116,42,0,42,158
07/04/2004,AVL,NC,ASO,ES,Towers with Radar,6,32,41,0,79,4,1,6,0,11,10,33,47,0,90,0,0,0,90
07/05/2004,AVL,NC,ASO,ES,Towers with Radar,8,57,74,0,139,0,10,37,0,47,8,67,111,0,186,30,0,30,216
07/06/2004,AVL,NC,ASO,ES,Towers with Radar,11,53,69,4,137,0,11,48,0,59,11,64,117,4,196,90,0,90,286
07/07/2004,AVL,NC,ASO,ES,Towers with Radar,10,48,61,5,124,3,6,38,7,54,13,54,99,12,178,70,10,80,258
07/08/2004,AVL,NC,ASO,ES,Towers with Radar,12,57,73,3,145,2,1,36,0,39,14,58,109,3,184,65,0,65,249
07/09/2004,AVL,NC,ASO,ES,Towers with Radar,13,63,82,7,165,5,0,55,3,63,18,63,137,10,228,38,14,52,280
07/10/2004,AVL,NC,ASO,ES,Towers with Radar,10,43,59,5,117,2,0,50,3,55,12,43,109,8,172,71,4,75,247
07/11/2004,AVL,NC,ASO,ES,Towers with Radar,12,58,82,0,152,0,0,59,0,59,12,58,141,0,211,31,0,31,242
07/12/2004,AVL,NC,ASO,ES,Towers with Radar,9,44,57,2,112,4,7,15,0,26,13,51,72,2,138,18,0,18,156
07/13/2004,AVL,NC,ASO,ES,Towers with Radar,11,51,66,5,133,2,6,26,8,42,13,57,92,13,175,43,9,52,227
07/14/2004,AVL,NC,ASO,ES,Towers with Radar,11,52,77,0,140,0,0,69,0,69,11,52,146,0,209,53,0,53,262
07/15/2004,AVL,NC,ASO,ES,Towers with Radar,13,63,81,6,163,0,0,38,7,45,13,63,119,13,208,99,6,105,313
07/16/2004,AVL,NC,ASO,ES,Towers with Radar,12,63,95,7,177,0,0,54,32,86,12,63,149,39,263,75,64,139,402
07/17/2004,AVL,NC,ASO,ES,Towers with Radar,8,44,57,4,113,0,7,2,3,12,8,51,59,7,125,0,0,0,125
07/18/2004,AVL,NC,ASO,ES,Towers with Radar,10,50,72,4,136,0,0,35,0,35,10,50,107,4,171,44,3,47,218
07/19/2004,AVL,NC,ASO,ES,Towers with Radar,11,55,69,5,140,0,6,21,2,29,11,61,90,7,169,44,0,44,213
07/20/2004,AVL,NC,ASO,ES,Towers with Radar,11,59,73,5,148,0,8,55,0,63,11,67,128,5,211,138,0,138,349
07/21/2004,AVL,NC,ASO,ES,Towers with Radar,14,61,79,5,159,2,0,43,5,50,16,61,122,10,209,117,40,157,366
07/22/2004,AVL,NC,ASO,ES,Towers with Radar,13,58,80,0,151,8,0,46,0,54,21,58,126,0,205,96,0,96,301
07/23/2004,AVL,NC,ASO,ES,Towers with Radar,11,63,83,6,163,0,0,53,10,63,11,63,136,16,226,96,2,98,324
07/24/2004,AVL,NC,ASO,ES,Towers with Radar,11,54,68,5,138,1,0,38,8,47,12,54,106,13,185,77,46,123,308
07/25/2004,AVL,NC,ASO,ES,Towers with Radar,10,50,73,3,136,0,0,49,0,49,10,50,122,3,185,73,0,73,258
07/26/2004,AVL,NC,ASO,ES,Towers with Radar,8,51,63,2,124,0,0,0,0,0,8,51,63,2,124,9,0,9,133
07/27/2004,AVL,NC,ASO,ES,Towers with Radar,11,54,68,0,133,1,8,1,0,10,12,62,69,0,143,16,0,16,159
07/28/2004,AVL,NC,ASO,ES,Towers with Radar,11,61,76,1,149,0,0,48,0,48,11,61,124,1,197,98,1,99,296
07/29/2004,AVL,NC,ASO,ES,Towers with Radar,13,60,81,2,156,0,0,7,0,7,13,60,88,2,163,35,0,35,198
07/30/2004,AVL,NC,ASO,ES,Towers with Radar,11,58,72,0,141,0,1,12,0,13,11,59,84,0,154,0,0,0,154
07/31/2004,AVL,NC,ASO,ES,Towers with Radar,7,45,56,4,112,0,6,14,0,20,7,51,70,4,132,59,0,59,191
08/01/2004,AVL,NC,ASO,ES,Towers with Radar,12,46,79,0,137,0,0,68,0,68,12,46,147,0,205,26,0,26,231
08/02/2004,AVL,NC,ASO,ES,Towers with Radar,9,59,66,5,139,0,4,1,3,8,9,63,67,8,147,49,23,72,219
08/03/2004,AVL,NC,ASO,ES,Towers with Radar,11,66,74,6,157,0,2,41,10,53,11,68,115,16,210,30,16,46,256
08/04/2004,AVL,NC,ASO,ES,Towers with Radar,11,57,69,4,141,0,0,74,0,74,11,57,143,4,215,60,0,60,275
08/05/2004,AVL,NC,ASO,ES,Towers with Radar,11,56,63,0,130,1,4,19,0,24,12,60,82,0,154,24,0,24,178
08/06/2004,AVL,NC,ASO,ES,Towers with Radar,10,72,87,7,176,0,0,96,5,101,10,72,183,12,277,27,14,41,318
08/07/2004,AVL,NC,ASO,ES,Towers with Radar,9,45,52,4,110,0,1,75,6,82,9,46,127,10,192,32,0,32,224
08/08/2004,AVL,NC,ASO,ES,Towers with Radar,12,57,69,5,143,0,0,90,1,91,12,57,159,6,234,73,8,81,315
08/09/2004,AVL,NC,ASO,ES,Towers with Radar,7,63,72,5,147,0,12,28,3,43,7,75,100,8,190,38,0,38,228
08/10/2004,AVL,NC,ASO,ES,Towers with Radar,11,56,64,0,131,0,0,27,0,27,11,56,91,0,158,27,0,27,185
08/11/2004,AVL,NC,ASO,ES,Towers with Radar,11,52,59,5,127,0,8,7,4,19,11,60,66,9,146,53,0,53,199
08/12/2004,AVL,NC,ASO,ES,Towers with Radar,9,51,55,0,115,14,9,0,0,23,23,60,55,0,138,0,0,0,138
08/13/2004,AVL,NC,ASO,ES,Towers with Radar,10,58,66,5,139,0,9,16,0,25,10,67,82,5,164,51,10,61,225
08/14/2004,AVL,NC,ASO,ES,Towers with Radar,6,34,40,0,80,6,4,15,0,25,12,38,55,0,105,96,0,96,201
08/15/2004,AVL,NC,ASO,ES,Towers with Radar,10,56,63,5,134,0,7,33,0,40,10,63,96,5,174,44,0,44,218
08/16/2004,AVL,NC,ASO,ES,Towers with Radar,10,58,67,6,141,0,0,19,20,39,10,58,86,26,180,59,0,59,239
08/17/2004,AVL,NC,ASO,ES,Towers with Radar,11,57,65,6,139,0,9,20,11,40,11,66,85,17,179,62,4,66,245
08/18/2004,AVL,NC,ASO,ES,Towers with Radar,11,57,71,6,145,0,0,50,13,63,11,57,121,19,208,64,12,76,284
08/19/2004,AVL,NC,ASO,ES,Towers with Radar,12,51,66,6,135,3,0,49,28,80,15,51,115,34,215,57,6,63,278
08/20/2004,AVL,NC,ASO,ES,Towers with Radar,6,70,80,7,163,0,0,31,11,42,6,70,111,18,205,66,6,72,277
08/21/2004,AVL,NC,ASO,ES,Towers with Radar,6,37,40,4,87,5,5,19,10,39,11,42,59,14,126,66,0,66,192
08/22/2004,AVL,NC,ASO,ES,Towers with Radar,10,58,66,6,140,0,0,30,5,35,10,58,96,11,175,50,0,50,225
08/23/2004,AVL,NC,ASO,ES,Towers with Radar,9,47,51,2,109,2,1,5,0,8,11,48,56,2,117,24,0,24,141
08/24/2004,AVL,NC,ASO,ES,Towers with Radar,10,54,59,4,127,1,8,0,0,9,11,62,59,4,136,2,18,20,156
08/25/2004,AVL,NC,ASO,ES,Towers with Radar,12,60,71,0,143,0,0,37,0,37,12,60,108,0,180,38,0,38,218
08/26/2004,AVL,NC,ASO,ES,Towers with Radar,12,71,82,6,171,0,0,40,8,48,12,71,122,14,219,37,12,49,268
08/27/2004,AVL,NC,ASO,ES,Towers with Radar,11,64,73,5,153,0,0,37,4,41,11,64,110,9,194,17,4,21,215
08/28/2004,AVL,NC,ASO,ES,Towers with Radar,8,40,49,1,98,1,0,22,0,23,9,40,71,1,121,27,0,27,148
08/29/2004,AVL,NC,ASO,ES,Towers with Radar,11,58,65,2,136,0,0,7,0,7,11,58,72,2,143,14,0,14,157
08/30/2004,AVL,NC,ASO,ES,Towers with Radar,9,49,54,3,115,2,9,3,0,14,11,58,57,3,129,25,0,25,154
08/31/2004,AVL,NC,ASO,ES,Towers with Radar,9,52,53,4,118,2,4,0,4,10,11,56,53,8,128,19,8,27,155
09/01/2004,AVL,NC,ASO,ES,Towers with Radar,9,55,0,5,69,0,5,0,1,6,9,60,0,6,75,36,0,36,111
09/02/2004,AVL,NC,ASO,ES,Towers with Radar,12,64,61,4,141,0,0,9,0,9,12,64,70,4,150,20,2,22,172
09/03/2004,AVL,NC,ASO,ES,Towers with Radar,12,63,71,6,152,0,0,19,0,19,12,63,90,6,171,15,0,15,186
09/04/2004,AVL,NC,ASO,ES,Towers with Radar,9,40,39,4,92,0,0,88,0,88,9,40,127,4,180,14,0,14,194
09/05/2004,AVL,NC,ASO,ES,Towers with Radar,8,33,37,4,82,3,0,44,5,52,11,33,81,9,134,30,6,36,170
09/06/2004,AVL,NC,ASO,ES,Towers with Radar,11,51,49,0,111,1,1,14,0,16,12,52,63,0,127,6,0,6,133
09/07/2004,AVL,NC,ASO,ES,Towers with Radar,5,38,36,0,79,0,23,33,0,56,5,61,69,0,135,0,0,0,135
09/08/2004,AVL,NC,ASO,ES,Towers with Radar,9,42,24,1,76,4,14,0,0,18,13,56,24,1,94,5,0,5,99
09/09/2004,AVL,NC,ASO,ES,Towers with Radar,13,60,38,7,118,0,0,0,40,40,13,60,38,47,158,49,28,77,235
09/10/2004,AVL,NC,ASO,ES,Towers with Radar,11,52,60,6,129,0,0,73,3,76,11,52,133,9,205,26,8,34,239
09/11/2004,AVL,NC,ASO,ES,Towers with Radar,8,37,40,4,89,2,0,83,2,87,10,37,123,6,176,34,0,34,210
09/12/2004,AVL,NC,ASO,ES,Towers with Radar,11,47,53,2,113,2,0,21,0,23,13,47,74,2,136,60,0,60,196
09/13/2004,AVL,NC,ASO,ES,Towers with Radar,11,53,60,2,126,0,0,33,0,33,11,53,93,2,159,39,0,39,198
09/14/2004,AVL,NC,ASO,ES,Towers with Radar,10,49,57,6,122,0,0,30,8,38,10,49,87,14,160,25,6,31,191
09/15/2004,AVL,NC,ASO,ES,Towers with Radar,10,62,62,6,140,0,0,29,12,41,10,62,91,18,181,34,2,36,217
09/16/2004,AVL,NC,ASO,ES,Towers with Radar,6,36,35,1,78,0,22,53,0,75,6,58,88,1,153,0,0,0,153
09/17/2004,AVL,NC,ASO,ES,Towers with Radar,4,25,23,3,55,0,18,7,1,26,4,43,30,4,81,0,0,0,81
09/18/2004,AVL,NC,ASO,ES,Towers with Radar,7,29,2,3,41,2,8,0,13,23,9,37,2,16,64,0,0,0,64
09/19/2004,AVL,NC,ASO,ES,Towers with Radar,8,39,35,3,85,8,3,8,0,19,16,42,43,3,104,44,1,45,149
09/20/2004,AVL,NC,ASO,ES,Towers with Radar,11,55,50,4,120,5,3,42,7,57,16,58,92,11,177,36,10,46,223
09/21/2004,AVL,NC,ASO,ES,Towers with Radar,11,55,50,4,120,0,1,36,9,46,11,56,86,13,166,60,0,60,226
09/22/2004,AVL,NC,ASO,ES,Towers with Radar,12,56,56,5,129,0,0,38,3,41,12,56,94,8,170,37,57,94,264
09/23/2004,AVL,NC,ASO,ES,Towers with Radar,11,61,63,6,141,0,0,72,5,77,11,61,135,11,218,44,4,48,266
09/24/2004,AVL,NC,ASO,ES,Towers with Radar,10,62,61,2,135,0,0,48,0,48,10,62,109,2,183,104,0,104,287
09/25/2004,AVL,NC,ASO,ES,Towers with Radar,9,43,43,3,98,1,0,75,0,76,10,43,118,3,174,77,0,77,251
09/26/2004,AVL,NC,ASO,ES,Towers with Radar,11,46,51,4,112,1,0,54,5,60,12,46,105,9,172,96,8,104,276
09/27/2004,AVL,NC,ASO,ES,Towers with Radar,7,41,38,0,86,0,18,76,0,94,7,59,114,0,180,18,0,18,198
09/28/2004,AVL,NC,ASO,ES,Towers with Radar,9,47,32,3,91,2,14,0,0,16,11,61,32,3,107,16,0,16,123
09/29/2004,AVL,NC,ASO,ES,Towers with Radar,11,61,45,1,118,0,4,0,0,4,11,65,45,1,122,27,0,27,149
09/30/2004,AVL,NC,ASO,ES,Towers with Radar,11,61,59,2,133,0,0,47,0,47,11,61,106,2,180,57,0,57,237
10/01/2004,AVL,NC,ASO,ES,Towers with Radar,9,59,70,6,144,0,0,20,0,20,9,59,90,6,164,28,0,28,192
10/02/2004,AVL,NC,ASO,ES,Towers with Radar,11,42,29,0,82,0,0,12,0,12,11,42,41,0,94,6,0,6,100
10/03/2004,AVL,NC,ASO,ES,Towers with Radar,12,54,49,1,116,0,0,24,0,24,12,54,73,1,140,41,0,41,181
10/04/2004,AVL,NC,ASO,ES,Towers with Radar,11,57,55,4,127,0,2,32,1,35,11,59,87,5,162,76,6,82,244
10/05/2004,AVL,NC,ASO,ES,Towers with Radar,11,70,51,0,132,0,4,46,0,50,11,74,97,0,182,60,0,60,242
10/06/2004,AVL,NC,ASO,ES,Towers with Radar,12,58,102,6,178,0,0,29,0,29,12,58,131,6,207,63,0,63,270
10/07/2004,AVL,NC,ASO,ES,Towers with Radar,11,65,90,15,181,0,0,46,0,46,11,65,136,15,227,53,28,81,308
10/08/2004,AVL,NC,ASO,ES,Towers with Radar,9,61,57,25,152,0,0,55,1,56,9,61,112,26,208,42,16,58,266
10/09/2004,AVL,NC,ASO,ES,Towers with Radar,9,46,68,0,123,0,0,28,0,28,9,46,96,0,151,41,0,41,192
10/10/2004,AVL,NC,ASO,ES,Towers with Radar,14,45,80,4,143,0,1,51,2,54,14,46,131,6,197,41,16,57,254
10/11/2004,AVL,NC,ASO,ES,Towers with Radar,14,59,55,0,128,0,3,55,0,58,14,62,110,0,186,38,0,38,224
10/12/2004,AVL,NC,ASO,ES,Towers with Radar,11,72,59,3,145,0,0,21,0,21,11,72,80,3,166,26,0,26,192
10/13/2004,AVL,NC,ASO,ES,Towers with Radar,15,61,89,3,168,0,1,15,0,16,15,62,104,3,184,18,16,34,218
10/14/2004,AVL,NC,ASO,ES,Towers with Radar,11,63,84,8,166,0,0,22,0,22,11,63,106,8,188,48,0,48,236
10/15/2004,AVL,NC,ASO,ES,Towers with Radar,12,59,90,12,173,0,0,22,2,24,12,59,112,14,197,8,28,36,233
10/16/2004,AVL,NC,ASO,ES,Towers with Radar,10,43,54,0,107,0,0,26,0,26,10,43,80,0,133,16,0,16,149
10/17/2004,AVL,NC,ASO,ES,Towers with Radar,12,52,88,2,154,0,0,106,0,106,12,52,194,2,260,78,2,80,340
10/18/2004,AVL,NC,ASO,ES,Towers with Radar,11,56,67,12,146,0,0,17,0,17,11,56,84,12,163,40,0,40,203
10/19/2004,AVL,NC,ASO,ES,Towers with Radar,11,55,47,6,119,0,0,0,0,0,11,55,47,6,119,47,0,47,166
10/20/2004,AVL,NC,ASO,ES,Towers with Radar,11,60,63,2,136,0,0,24,0,24,11,60,87,2,160,104,0,104,264
10/21/2004,AVL,NC,ASO,ES,Towers with Radar,13,71,62,6,152,0,1,7,0,8,13,72,69,6,160,10,2,12,172
10/22/2004,AVL,NC,ASO,ES,Towers with Radar,9,59,91,20,179,0,0,18,3,21,9,59,109,23,200,50,0,50,250
10/23/2004,AVL,NC,ASO,ES,Towers with Radar,12,48,53,5,118,0,0,1,0,1,12,48,54,5,119,0,0,0,119
10/24/2004,AVL,NC,ASO,ES,Towers with Radar,11,47,85,2,145,0,37,39,3,79,11,84,124,5,224,86,0,86,310
10/25/2004,AVL,NC,ASO,ES,Towers with Radar,10,65,64,4,143,0,0,48,5,53,10,65,112,9,196,68,0,68,264
10/26/2004,AVL,NC,ASO,ES,Towers with Radar,11,67,53,10,141,0,0,32,6,38,11,67,85,16,179,34,61,95,274
10/27/2004,AVL,NC,ASO,ES,Towers with Radar,12,62,60,4,138,0,0,24,2,26,12,62,84,6,164,64,6,70,234
10/28/2004,AVL,NC,ASO,ES,Towers with Radar,11,59,67,1,138,0,0,0,0,0,11,59,67,1,138,0,10,10,148
10/29/2004,AVL,NC,ASO,ES,Towers with Radar,11,53,64,14,142,0,0,15,1,16,11,53,79,15,158,60,44,104,262
10/30/2004,AVL,NC,ASO,ES,Towers with Radar,9,34,39,7,89,0,0,42,2,44,9,34,81,9,133,27,0,27,160
10/31/2004,AVL,NC,ASO,ES,Towers with Radar,12,48,50,3,113,0,0,65,1,66,12,48,115,4,179,53,0,53,232
11/01/2004,AVL,NC,ASO,ES,Combined TRACON& Tower with Radar,20,43,61,18,142,0,2,44,4,50,20,45,105,22,192,6,70,76,268
11/02/2004,AVL,NC,ASO,ES,Combined TRACON& Tower with Radar,11,53,41,14,119,0,0,3,0,3,11,53,44,14,122,0,38,38,160
11/03/2004,AVL,NC,ASO,ES,Combined TRACON& Tower with Radar,10,63,43,0,116,0,1,4,0,5,10,64,47,0,121,0,15,15,136
11/04/2004,AVL,NC,ASO,ES,Combined TRACON& Tower with Radar,10,66,39,9,124,0,0,13,2,15,10,66,52,11,139,28,55,83,222
11/05/2004,AVL,NC,ASO,ES,Combined TRACON& Tower with Radar,11,55,37,7,110,0,0,33,4,37,11,55,70,11,147,12,22,34,181
11/06/2004,AVL,NC,ASO,ES,Combined TRACON& Tower with Radar,9,43,32,8,92,0,0,84,2,86,9,43,116,10,178,86,8,94,272
11/07/2004,AVL,NC,ASO,ES,Combined TRACON& Tower with Radar,12,39,56,16,123,0,0,101,0,101,12,39,157,16,224,40,2,42,266
11/08/2004,AVL,NC,ASO,ES,Combined TRACON& Tower with Radar,10,52,51,24,137,0,0,38,0,38,10,52,89,24,175,42,64,106,281
11/09/2004,AVL,NC,ASO,ES,Combined TRACON& Tower with Radar,10,52,54,10,126,0,2,55,0,57,10,54,109,10,183,54,25,79,262
11/10/2004,AVL,NC,ASO,ES,Combined TRACON& Tower with Radar,11,51,47,8,117,0,1,42,0,43,11,52,89,8,160,57,22,79,239
11/11/2004,AVL,NC,ASO,ES,Combined TRACON& Tower with Radar,7,46,66,10,129,0,0,0,0,0,7,46,66,10,129,0,0,0,129
11/12/2004,AVL,NC,ASO,ES,Combined TRACON& Tower with Radar,11,54,38,0,103,0,0,0,0,0,11,54,38,0,103,0,0,0,103
11/13/2004,AVL,NC,ASO,ES,Combined TRACON& Tower with Radar,9,34,34,1,78,0,0,18,4,22,9,34,52,5,100,25,0,25,125
11/14/2004,AVL,NC,ASO,ES,Combined TRACON& Tower with Radar,11,41,37,3,92,0,1,72,7,80,11,42,109,10,172,115,8,123,295
11/15/2004,AVL,NC,ASO,ES,Combined TRACON& Tower with Radar,10,51,47,0,108,0,0,45,0,45,10,51,92,0,153,87,0,87,240
11/16/2004,AVL,NC,ASO,ES,Combined TRACON& Tower with Radar,12,56,52,25,145,0,0,40,2,42,12,56,92,27,187,36,10,46,233
11/17/2004,AVL,NC,ASO,ES,Combined TRACON& Tower with Radar,10,59,70,0,139,0,2,53,0,55,10,61,123,0,194,75,0,75,269
11/18/2004,AVL,NC,ASO,ES,Combined TRACON& Tower with Radar,13,53,70,7,143,0,0,35,2,37,13,53,105,9,180,25,0,25,205
11/19/2004,AVL,NC,ASO,ES,Combined TRACON& Tower with Radar,10,58,67,6,141,0,0,31,2,33,10,58,98,8,174,24,0,24,198
11/20/2004,AVL,NC,ASO,ES,Combined TRACON& Tower with Radar,9,38,41,0,88,0,0,8,0,8,9,38,49,0,96,55,0,55,151
11/21/2004,AVL,NC,ASO,ES,Combined TRACON& Tower with Radar,10,42,35,3,90,0,0,17,0,17,10,42,52,3,107,26,0,26,133
11/22/2004,AVL,NC,ASO,ES,Combined TRACON& Tower with Radar,10,58,50,0,118,0,523,21,0,544,10,581,71,0,662,42,0,42,704
11/23/2004,AVL,NC,ASO,ES,Combined TRACON& Tower with Radar,11,48,61,0,120,0,0,0,0,0,11,48,61,0,120,0,0,0,120
11/24/2004,AVL,NC,ASO,ES,Combined TRACON& Tower with Radar,11,53,63,0,127,0,0,0,0,0,11,53,63,0,127,0,0,0,127
11/25/2004,AVL,NC,ASO,ES,Combined TRACON& Tower with Radar,7,33,20,0,60,0,0,4,0,4,7,33,24,0,64,0,0,0,64
11/26/2004,AVL,NC,ASO,ES,Combined TRACON& Tower with Radar,8,45,37,0,90,0,0,71,0,71,8,45,108,0,161,50,0,50,211
11/27/2004,AVL,NC,ASO,ES,Combined TRACON& Tower with Radar,7,41,39,0,87,0,0,17,0,17,7,41,56,0,104,48,0,48,152
11/28/2004,AVL,NC,ASO,ES,Combined TRACON& Tower with Radar,10,39,88,0,137,0,0,34,0,34,10,39,122,0,171,80,0,80,251
11/29/2004,AVL,NC,ASO,ES,Combined TRACON& Tower with Radar,10,61,53,4,128,0,0,44,0,44,10,61,97,4,172,47,3,50,222
11/30/2004,AVL,NC,ASO,ES,Combined TRACON& Tower with Radar,11,58,46,3,118,0,0,2,1,3,11,58,48,4,121,0,14,14,135
12/01/2004,AVL,NC,ASO,ES,Combined TRACON& Tower with Radar,8,57,27,4,96,0,0,7,0,7,8,57,34,4,103,4,0,4,107
12/02/2004,AVL,NC,ASO,ES,Combined TRACON& Tower with Radar,9,61,105,21,196,0,0,0,0,0,9,61,105,21,196,57,0,57,253
12/03/2004,AVL,NC,ASO,ES,Combined TRACON& Tower with Radar,10,59,46,1,116,0,0,36,0,36,10,59,82,1,152,10,0,10,162
12/04/2004,AVL,NC,ASO,ES,Combined TRACON& Tower with Radar,8,39,53,2,102,0,2,54,0,56,8,41,107,2,158,35,0,35,193
12/05/2004,AVL,NC,ASO,ES,Combined TRACON& Tower with Radar,10,46,31,5,92,0,0,54,0,54,10,46,85,5,146,58,20,78,224
12/06/2004,AVL,NC,ASO,ES,Combined TRACON& Tower with Radar,11,47,35,2,95,0,0,0,0,0,11,47,35,2,95,0,0,0,95
12/07/2004,AVL,NC,ASO,ES,Combined TRACON& Tower with Radar,9,50,44,0,103,0,0,2,0,2,9,50,46,0,105,12,0,12,117
12/08/2004,AVL,NC,ASO,ES,Combined TRACON& Tower with Radar,13,53,50,14,130,0,0,77,1,78,13,53,127,15,208,67,4,71,279
12/09/2004,AVL,NC,ASO,ES,Combined TRACON& Tower with Radar,8,53,47,4,112,0,0,0,0,0,8,53,47,4,112,0,0,0,112
12/10/2004,AVL,NC,ASO,ES,Combined TRACON& Tower with Radar,11,47,28,0,86,0,0,11,0,11,11,47,39,0,97,44,0,44,141
12/11/2004,AVL,NC,ASO,ES,Combined TRACON& Tower with Radar,8,35,23,20,86,0,0,10,0,10,8,35,33,20,96,32,14,46,142
12/12/2004,AVL,NC,ASO,ES,Combined TRACON& Tower with Radar,10,37,33,4,84,0,0,55,0,55,10,37,88,4,139,75,0,75,214
12/13/2004,AVL,NC,ASO,ES,Combined TRACON& Tower with Radar,10,49,34,1,94,0,0,12,2,14,10,49,46,3,108,0,0,0,108
12/14/2004,AVL,NC,ASO,ES,Combined TRACON& Tower with Radar,10,68,30,10,118,0,0,6,0,6,10,68,36,10,124,0,0,0,124
12/15/2004,AVL,NC,ASO,ES,Combined TRACON& Tower with Radar,11,53,45,8,117,0,0,42,3,45,11,53,87,11,162,42,0,42,204
12/16/2004,AVL,NC,ASO,ES,Combined TRACON& Tower with Radar,9,56,46,9,120,0,0,58,2,60,9,56,104,11,180,89,0,89,269
12/17/2004,AVL,NC,ASO,ES,Combined TRACON& Tower with Radar,8,50,54,2,114,0,0,26,0,26,8,50,80,2,140,84,20,104,244
12/18/2004,AVL,NC,ASO,ES,Combined TRACON& Tower with Radar,8,37,29,1,75,0,0,54,0,54,8,37,83,1,129,51,0,51,180
12/19/2004,AVL,NC,ASO,ES,Combined TRACON& Tower with Radar,10,43,24,0,77,0,0,2,0,2,10,43,26,0,79,6,0,6,85
12/20/2004,AVL,NC,ASO,ES,Combined TRACON& Tower with Radar,10,48,28,5,91,0,0,15,0,15,10,48,43,5,106,0,9,9,115
12/21/2004,AVL,NC,ASO,ES,Combined TRACON& Tower with Radar,10,49,69,13,141,0,0,33,1,34,10,49,102,14,175,56,19,75,250
12/22/2004,AVL,NC,ASO,ES,Combined TRACON& Tower with Radar,13,46,49,15,123,0,0,10,0,10,13,46,59,15,133,22,0,22,155
12/23/2004,AVL,NC,ASO,ES,Combined TRACON& Tower with Radar,10,44,30,0,84,0,0,0,0,0,10,44,30,0,84,0,0,0,84
12/24/2004,AVL,NC,ASO,ES,Combined TRACON& Tower with Radar,10,37,27,0,74,0,0,11,0,11,10,37,38,0,85,0,0,0,85
12/25/2004,AVL,NC,ASO,ES,Combined TRACON& Tower with Radar,9,40,8,0,57,0,0,18,0,18,9,40,26,0,75,2,0,2,77
12/26/2004,AVL,NC,ASO,ES,Combined TRACON& Tower with Radar,9,34,32,0,75,0,1,31,0,32,9,35,63,0,107,8,0,8,115
12/27/2004,AVL,NC,ASO,ES,Combined TRACON& Tower with Radar,8,46,42,4,100,0,0,48,0,48,8,46,90,4,148,47,0,47,195
12/28/2004,AVL,NC,ASO,ES,Combined TRACON& Tower with Radar,8,48,34,3,93,0,0,75,0,75,8,48,109,3,168,50,0,50,218
12/29/2004,AVL,NC,ASO,ES,Combined TRACON& Tower with Radar,11,46,46,2,105,0,5,49,0,54,11,51,95,2,159,30,3,33,192
12/30/2004,AVL,NC,ASO,ES,Combined TRACON& Tower with Radar,9,49,52,0,110,0,1,48,0,49,9,50,100,0,159,91,0,91,250
12/31/2004,AVL,NC,ASO,ES,Combined TRACON& Tower with Radar,10,37,38,0,85,0,0,60,0,60,10,37,98,0,145,50,0,50,195
01/01/2005,AVL,NC,ASO,ES,Combined TRACON& Tower with Radar,8,32,24,0,64,0,0,46,0,46,8,32,70,0,110,55,0,55,165
01/02/2005,AVL,NC,ASO,ES,Combined TRACON& Tower with Radar,10,42,55,0,107,0,0,16,0,16,10,42,71,0,123,4,0,4,127
01/03/2005,AVL,NC,ASO,ES,Combined TRACON& Tower with Radar,10,50,37,2,99,0,0,31,0,31,10,50,68,2,130,24,0,24,154
01/04/2005,AVL,NC,ASO,ES,Combined TRACON& Tower with Radar,9,51,38,0,98,0,0,25,1,26,9,51,63,1,124,26,0,26,150
01/05/2005,AVL,NC,ASO,ES,Combined TRACON& Tower with Radar,11,45,43,3,102,0,2,28,1,31,11,47,71,4,133,26,0,26,159
01/06/2005,AVL,NC,ASO,ES,Combined TRACON& Tower with Radar,11,47,26,2,86,0,0,2,0,2,11,47,28,2,88,32,0,32,120
01/07/2005,AVL,NC,ASO,ES,Combined TRACON& Tower with Radar,10,51,49,2,112,0,0,13,0,13,10,51,62,2,125,40,0,40,165
01/08/2005,AVL,NC,ASO,ES,Combined TRACON& Tower with Radar,8,37,40,25,110,1,2,15,0,18,9,39,55,25,128,17,10,27,155
01/09/2005,AVL,NC,ASO,ES,Combined TRACON& Tower with Radar,9,38,27,2,76,0,1,67,0,68,9,39,94,2,144,0,75,75,219
01/10/2005,AVL,NC,ASO,ES,Combined TRACON& Tower with Radar,10,46,28,1,85,0,1,27,2,30,10,47,55,3,115,75,0,75,190
01/11/2005,AVL,NC,ASO,ES,Combined TRACON& Tower with Radar,10,49,51,5,115,0,3,39,2,44,10,52,90,7,159,79,0,79,238
01/12/2005,AVL,NC,ASO,ES,Combined TRACON& Tower with Radar,11,45,51,1,108,0,2,20,5,27,11,47,71,6,135,17,1,18,153
01/13/2005,AVL,NC,ASO,ES,Combined TRACON& Tower with Radar,9,50,21,3,83,0,0,0,0,0,9,50,21,3,83,0,0,0,83
01/14/2005,AVL,NC,ASO,ES,Combined TRACON& Tower with Radar,8,56,36,7,107,0,0,13,1,14,8,56,49,8,121,13,0,13,134
01/15/2005,AVL,NC,ASO,ES,Combined TRACON& Tower with Radar,8,33,34,0,75,0,4,56,0,60,8,37,90,0,135,22,0,22,157
01/16/2005,AVL,NC,ASO,ES,Combined TRACON& Tower with Radar,10,45,47,0,102,0,0,41,1,42,10,45,88,1,144,59,0,59,203
01/17/2005,AVL,NC,ASO,ES,Combined TRACON& Tower with Radar,10,43,17,2,72,0,0,21,0,21,10,43,38,2,93,4,0,4,97
01/18/2005,AVL,NC,ASO,ES,Combined TRACON& Tower with Radar,13,58,42,0,113,0,1,22,0,23,13,59,64,0,136,26,0,26,162
01/19/2005,AVL,NC,ASO,ES,Combined TRACON& Tower with Radar,10,42,39,0,91,0,0,10,0,10,10,42,49,0,101,18,0,18,119
01/20/2005,AVL,NC,ASO,ES,Combined TRACON& Tower with Radar,10,47,56,8,121,0,0,16,0,16,10,47,72,8,137,12,0,12,149
01/21/2005,AVL,NC,ASO,ES,Combined TRACON& Tower with Radar,10,51,34,0,95,0,3,21,0,24,10,54,55,0,119,24,0,24,143
01/22/2005,AVL,NC,ASO,ES,Combined TRACON& Tower with Radar,9,27,5,0,41,0,0,0,0,0,9,27,5,0,41,0,0,0,41
01/23/2005,AVL,NC,ASO,ES,Combined TRACON& Tower with Radar,13,36,16,0,65,0,0,8,0,8,13,36,24,0,73,0,0,0,73
01/24/2005,AVL,NC,ASO,ES,Combined TRACON& Tower with Radar,10,44,39,0,93,0,0,29,2,31,10,44,68,2,124,36,0,36,160
01/25/2005,AVL,NC,ASO,ES,Combined TRACON& Tower with Radar,10,47,33,0,90,0,0,49,3,52,10,47,82,3,142,65,0,65,207
01/26/2005,AVL,NC,ASO,ES,Combined TRACON& Tower with Radar,10,50,28,2,90,0,0,24,3,27,10,50,52,5,117,76,0,76,193
01/27/2005,AVL,NC,ASO,ES,Combined TRACON& Tower with Radar,11,49,31,2,93,0,0,26,0,26,11,49,57,2,119,27,0,27,146
01/28/2005,AVL,NC,ASO,ES,Combined TRACON& Tower with Radar,12,55,37,4,108,0,0,21,0,21,12,55,58,4,129,28,9,37,166
01/29/2005,AVL,NC,ASO,ES,Combined TRACON& Tower with Radar,0,10,2,0,12,0,0,0,0,0,0,10,2,0,12,0,0,0,12
01/30/2005,AVL,NC,ASO,ES,Combined TRACON& Tower with Radar,8,36,22,0,66,0,0,3,0,3,8,36,25,0,69,26,0,26,95
01/31/2005,AVL,NC,ASO,ES,Combined TRACON& Tower with Radar,6,45,34,2,87,0,0,8,0,8,6,45,42,2,95,37,0,37,132
02/01/2005,AVL,NC,ASO,ES,Combined TRACON& Tower with Radar,8,50,36,5,99,0,0,14,0,14,8,50,50,5,113,16,0,16,129
02/02/2005,AVL,NC,ASO,ES,Combined TRACON& Tower with Radar,4,46,27,5,82,0,0,6,0,6,4,46,33,5,88,0,8,8,96
02/03/2005,AVL,NC,ASO,ES,Combined TRACON& Tower with Radar,10,47,11,9,77,9,0,2,0,11,19,47,13,9,88,0,0,0,88
02/04/2005,AVL,NC,ASO,ES,Combined TRACON& Tower with Radar,9,46,43,2,100,0,1,26,0,27,9,47,69,2,127,12,0,12,139
02/05/2005,AVL,NC,ASO,ES,Combined TRACON& Tower with Radar,7,33,31,8,79,0,0,74,0,74,7,33,105,8,153,61,15,76,229
02/06/2005,AVL,NC,ASO,ES,Combined TRACON& Tower with Radar,7,42,26,0,75,0,0,57,0,57,7,42,83,0,132,59,0,59,191
02/07/2005,AVL,NC,ASO,ES,Combined TRACON& Tower with Radar,8,51,36,1,96,0,0,41,0,41,8,51,77,1,137,51,0,51,188
02/08/2005,AVL,NC,ASO,ES,Combined TRACON& Tower with Radar,6,46,35,14,101,0,0,24,2,26,6,46,59,16,127,74,0,74,201
02/09/2005,AVL,NC,ASO,ES,Combined TRACON& Tower with Radar,3,48,28,6,85,0,0,5,1,6,3,48,33,7,91,0,37,37,128
02/10/2005,AVL,NC,ASO,ES,Combined TRACON& Tower with Radar,6,54,28,5,93,0,1,3,3,7,6,55,31,8,100,0,16,16,116
02/11/2005,AVL,NC,ASO,ES,Combined TRACON& Tower with Radar,5,49,9,0,63,0,3,72,16,91,5,52,81,16,154,2,4,6,160
02/12/2005,AVL,NC,ASO,ES,Combined TRACON& Tower with Radar,8,39,14,0,61,0,0,57,0,57,8,39,71,0,118,43,0,43,161
02/13/2005,AVL,NC,ASO,ES,Combined TRACON& Tower with Radar,3,38,30,2,73,0,0,10,0,10,3,38,40,2,83,12,0,12,95
02/14/2005,AVL,NC,ASO,ES,Combined TRACON& Tower with Radar,6,52,17,0,75,0,0,5,0,5,6,52,22,0,80,20,0,20,100
02/15/2005,AVL,NC,ASO,ES,Combined TRACON& Tower with Radar,5,51,41,5,102,0,2,30,1,33,5,53,71,6,135,67,0,67,202
02/16/2005,AVL,NC,ASO,ES,Combined TRACON& Tower with Radar,8,48,43,2,101,0,0,10,6,16,8,48,53,8,117,12,18,30,147
02/17/2005,AVL,NC,ASO,ES,Combined TRACON& Tower with Radar,6,60,45,1,112,0,2,30,6,38,6,62,75,7,150,27,0,27,177
02/18/2005,AVL,NC,ASO,ES,Combined TRACON& Tower with Radar,6,54,56,11,127,0,3,29,3,35,6,57,85,14,162,0,14,14,176
02/19/2005,AVL,NC,ASO,ES,Combined TRACON& Tower with Radar,11,36,37,0,84,0,3,72,0,75,11,39,109,0,159,110,0,110,269
02/20/2005,AVL,NC,ASO,ES,Combined TRACON& Tower with Radar,10,41,22,0,73,0,0,0,0,0,10,41,22,0,73,0,0,0,73
02/21/2005,AVL,NC,ASO,ES,Combined TRACON& Tower with Radar,5,48,31,0,84,0,0,1,0,1,5,48,32,0,85,2,0,2,87
02/22/2005,AVL,NC,ASO,ES,Combined TRACON& Tower with Radar,6,56,43,7,112,0,1,62,6,69,6,57,105,13,181,39,8,47,228
02/23/2005,AVL,NC,ASO,ES,Combined TRACON& Tower with Radar,5,54,63,6,128,0,0,71,1,72,5,54,134,7,200,54,4,58,258
02/24/2005,AVL,NC,ASO,ES,Combined TRACON& Tower with Radar,4,53,32,0,89,0,0,0,0,0,4,53,32,0,89,10,0,10,99
02/25/2005,AVL,NC,ASO,ES,Combined TRACON& Tower with Radar,7,49,49,11,116,0,0,46,0,46,7,49,95,11,162,40,0,40,202
02/26/2005,AVL,NC,ASO,ES,Combined TRACON& Tower with Radar,6,38,42,8,94,0,0,66,1,67,6,38,108,9,161,101,1,102,263
02/27/2005,AVL,NC,ASO,ES,Combined TRACON& Tower with Radar,4,42,33,2,81,0,0,18,0,18,4,42,51,2,99,71,0,71,170
02/28/2005,AVL,NC,ASO,ES,Combined TRACON& Tower with Radar,5,47,26,0,78,0,0,0,0,0,5,47,26,0,78,0,0,0,78
03/01/2005,AVL,NC,ASO,ES,Combined TRACON& Tower with Radar,3,54,14,0,71,0,0,11,0,11,3,54,25,0,82,4,0,4,86
03/02/2005,AVL,NC,ASO,ES,Combined TRACON& Tower with Radar,6,56,34,4,100,0,1,17,0,18,6,57,51,4,118,10,0,10,128
03/03/2005,AVL,NC,ASO,ES,Combined TRACON& Tower with Radar,7,54,51,16,128,0,2,35,0,37,7,56,86,16,165,38,14,52,217
03/04/2005,AVL,NC,ASO,ES,Combined TRACON& Tower with Radar,7,53,37,8,105,0,0,36,1,37,7,53,73,9,142,76,12,88,230
03/05/2005,AVL,NC,ASO,ES,Combined TRACON& Tower with Radar,6,45,14,0,65,0,0,4,2,6,6,45,18,2,71,4,0,4,75
03/06/2005,AVL,NC,ASO,ES,Combined TRACON& Tower with Radar,6,42,38,1,87,0,0,67,0,67,6,42,105,1,154,46,0,46,200
03/07/2005,AVL,NC,ASO,ES,Combined TRACON& Tower with Radar,5,52,36,6,99,0,0,25,0,25,5,52,61,6,124,10,0,10,134
03/08/2005,AVL,NC,ASO,ES,Combined TRACON& Tower with Radar,4,56,23,9,92,0,0,1,0,1,4,56,24,9,93,0,0,0,93
03/09/2005,AVL,NC,ASO,ES,Combined TRACON& Tower with Radar,7,57,32,0,96,0,1,47,0,48,7,58,79,0,144,132,0,132,276
03/10/2005,AVL,NC,ASO,ES,Combined TRACON& Tower with Radar,7,57,46,23,133,0,1,46,2,49,7,58,92,25,182,155,6,161,343
03/11/2005,AVL,NC,ASO,ES,Combined TRACON& Tower with Radar,6,56,36,2,100,0,0,3,2,5,6,56,39,4,105,2,2,4,109
03/12/2005,AVL,NC,ASO,ES,Combined TRACON& Tower with Radar,11,45,18,6,80,0,0,9,0,9,11,45,27,6,89,0,0,0,89
03/13/2005,AVL,NC,ASO,ES,Combined TRACON& Tower with Radar,5,51,54,10,120,0,0,51,2,53,5,51,105,12,173,78,27,105,278
03/14/2005,AVL,NC,ASO,ES,Combined TRACON& Tower with Radar,6,53,37,9,105,0,0,0,0,0,6,53,37,9,105,58,0,58,163
03/15/2005,AVL,NC,ASO,ES,Combined TRACON& Tower with Radar,5,55,56,6,122,0,0,39,0,39,5,55,95,6,161,52,0,52,213
03/16/2005,AVL,NC,ASO,ES,Combined TRACON& Tower with Radar,8,54,19,0,81,0,0,0,0,0,8,54,19,0,81,0,0,0,81
03/17/2005,AVL,NC,ASO,ES,Combined TRACON& Tower with Radar,7,53,20,0,80,0,0,0,0,0,7,53,20,0,80,0,0,0,80
03/18/2005,AVL,NC,ASO,ES,Combined TRACON& Tower with Radar,6,50,40,2,98,0,0,42,0,42,6,50,82,2,140,90,0,90,230
03/19/2005,AVL,NC,ASO,ES,Combined TRACON& Tower with Radar,6,47,36,0,89,0,0,41,0,41,6,47,77,0,130,35,0,35,165
03/20/2005,AVL,NC,ASO,ES,Combined TRACON& Tower with Radar,7,43,30,4,84,0,0,58,0,58,7,43,88,4,142,42,6,48,190
03/21/2005,AVL,NC,ASO,ES,Combined TRACON& Tower with Radar,6,57,48,9,120,0,0,42,0,42,6,57,90,9,162,106,0,106,268
03/22/2005,AVL,NC,ASO,ES,Combined TRACON& Tower with Radar,4,52,21,0,77,0,0,9,0,9,4,52,30,0,86,44,0,44,130
03/23/2005,AVL,NC,ASO,ES,Combined TRACON& Tower with Radar,7,55,60,2,124,0,0,8,0,8,7,55,68,2,132,24,0,24,156
03/24/2005,AVL,NC,ASO,ES,Combined TRACON& Tower with Radar,7,57,66,13,143,0,1,62,0,63,7,58,128,13,206,104,28,132,338
03/25/2005,AVL,NC,ASO,ES,Combined TRACON& Tower with Radar,7,53,54,8,122,0,1,66,1,68,7,54,120,9,190,61,0,61,251
03/26/2005,AVL,NC,ASO,ES,Combined TRACON& Tower with Radar,6,46,37,0,89,0,1,41,2,44,6,47,78,2,133,97,0,97,230
03/27/2005,AVL,NC,ASO,ES,Combined TRACON& Tower with Radar,3,40,16,0,59,0,0,0,0,0,3,40,16,0,59,0,0,0,59
03/28/2005,AVL,NC,ASO,ES,Combined TRACON& Tower with Radar,7,61,36,2,106,0,0,7,0,7,7,61,43,2,113,12,0,12,125
03/29/2005,AVL,NC,ASO,ES,Combined TRACON& Tower with Radar,5,63,37,0,105,0,2,42,0,44,5,65,79,0,149,53,0,53,202
03/30/2005,AVL,NC,ASO,ES,Combined TRACON& Tower with Radar,7,59,48,6,120,0,2,79,0,81,7,61,127,6,201,150,0,150,351
03/31/2005,AVL,NC,ASO,ES,Combined TRACON& Tower with Radar,4,55,38,7,104,0,0,2,0,2,4,55,40,7,106,4,10,14,120
04/01/2005,AVL,NC,ASO,ES,Combined TRACON& Tower with Radar,6,49,30,0,85,0,0,0,0,0,6,49,30,0,85,0,0,0,85
04/02/2005,AVL,NC,ASO,ES,Combined TRACON& Tower with Radar,9,39,32,0,80,0,0,5,0,5,9,39,37,0,85,0,0,0,85
04/03/2005,AVL,NC,ASO,ES,Combined TRACON& Tower with Radar,2,48,49,3,102,0,0,19,0,19,2,48,68,3,121,16,0,16,137
04/04/2005,AVL,NC,ASO,ES,Combined TRACON& Tower with Radar,6,62,46,2,116,0,0,59,0,59,6,62,105,2,175,34,8,42,217
04/05/2005,AVL,NC,ASO,ES,Combined TRACON& Tower with Radar,6,54,59,12,131,0,1,58,1,60,6,55,117,13,191,38,0,38,229
04/06/2005,AVL,NC,ASO,ES,Combined TRACON& Tower with Radar,6,61,66,10,143,0,0,49,0,49,6,61,115,10,192,87,0,87,279
04/07/2005,AVL,NC,ASO,ES,Combined TRACON& Tower with Radar,6,51,29,0,86,0,0,2,0,2,6,51,31,0,88,0,0,0,88
04/08/2005,AVL,NC,ASO,ES,Combined TRACON& Tower with Radar,6,55,45,0,106,0,0,4,0,4,6,55,49,0,110,50,0,50,160
04/09/2005,AVL,NC,ASO,ES,Combined TRACON& Tower with Radar,7,48,43,0,98,0,3,53,0,56,7,51,96,0,154,60,0,60,214
04/10/2005,AVL,NC,ASO,ES,Combined TRACON& Tower with Radar,7,50,34,0,91,0,0,87,0,87,7,50,121,0,178,75,0,75,253
04/11/2005,AVL,NC,ASO,ES,Combined TRACON& Tower with Radar,5,51,47,17,120,0,0,44,4,48,5,51,91,21,168,49,19,68,236
04/12/2005,AVL,NC,ASO,ES,Combined TRACON& Tower with Radar,7,57,37,1,102,0,0,5,0,5,7,57,42,1,107,10,0,10,117
04/13/2005,AVL,NC,ASO,ES,Combined TRACON& Tower with Radar,6,55,42,2,105,0,0,0,0,0,6,55,42,2,105,0,0,0,105
04/14/2005,AVL,NC,ASO,ES,Combined TRACON& Tower with Radar,6,60,59,5,130,0,1,45,0,46,6,61,104,5,176,80,0,80,256
04/15/2005,AVL,NC,ASO,ES,Combined TRACON& Tower with Radar,6,55,43,6,110,0,0,65,0,65,6,55,108,6,175,80,0,80,255
04/16/2005,AVL,NC,ASO,ES,Combined TRACON& Tower with Radar,8,34,38,0,80,0,2,81,0,83,8,36,119,0,163,128,0,128,291
04/17/2005,AVL,NC,ASO,ES,Combined TRACON& Tower with Radar,7,43,59,3,112,0,0,78,0,78,7,43,137,3,190,56,0,56,246
04/18/2005,AVL,NC,ASO,ES,Combined TRACON& Tower with Radar,10,52,36,3,101,0,0,60,0,60,10,52,96,3,161,75,2,77,238
04/19/2005,AVL,NC,ASO,ES,Combined TRACON& Tower with Radar,6,54,50,10,120,0,0,40,3,43,6,54,90,13,163,87,7,94,257
04/20/2005,AVL,NC,ASO,ES,Combined TRACON& Tower with Radar,8,58,45,4,115,0,542,57,0,599,8,600,102,4,714,71,6,77,791
04/21/2005,AVL,NC,ASO,ES,Combined TRACON& Tower with Radar,6,57,75,1,139,0,7,36,1,44,6,64,111,2,183,52,0,52,235
04/22/2005,AVL,NC,ASO,ES,Combined TRACON& Tower with Radar,5,53,50,7,115,0,0,16,0,16,5,53,66,7,131,38,0,38,169
04/23/2005,AVL,NC,ASO,ES,Combined TRACON& Tower with Radar,7,52,24,1,84,0,0,2,1,3,7,52,26,2,87,0,0,0,87
04/24/2005,AVL,NC,ASO,ES,Combined TRACON& Tower with Radar,5,50,42,3,100,0,0,5,0,5,5,50,47,3,105,0,0,0,105
04/25/2005,AVL,NC,ASO,ES,Combined TRACON& Tower with Radar,6,59,44,0,109,0,0,73,0,73,6,59,117,0,182,67,0,67,249
04/26/2005,AVL,NC,ASO,ES,Combined TRACON& Tower with Radar,6,63,33,0,102,0,0,10,0,10,6,63,43,0,112,4,0,4,116
04/27/2005,AVL,NC,ASO,ES,Combined TRACON& Tower with Radar,6,61,60,6,133,0,0,36,0,36,6,61,96,6,169,45,0,45,214
04/28/2005,AVL,NC,ASO,ES,Combined TRACON& Tower with Radar,8,52,61,1,122,0,0,47,0,47,8,52,108,1,169,92,0,92,261
04/29/2005,AVL,NC,ASO,ES,Combined TRACON& Tower with Radar,6,64,64,6,140,0,0,36,2,38,6,64,100,8,178,22,6,28,206
04/30/2005,AVL,NC,ASO,ES,Combined TRACON& Tower with Radar,6,45,27,0,78,0,0,13,0,13,6,45,40,0,91,16,0,16,107
05/01/2005,AVL,NC,ASO,ES,Combined TRACON& Tower with Radar,6,59,61,8,134,0,0,55,2,57,6,59,116,10,191,8,0,8,199
05/02/2005,AVL,NC,ASO,ES,Combined TRACON& Tower with Radar,7,57,60,0,124,0,0,42,0,42,7,57,102,0,166,26,0,26,192
05/03/2005,AVL,NC,ASO,ES,Combined TRACON& Tower with Radar,6,55,60,6,127,0,0,35,4,39,6,55,95,10,166,108,0,108,274
05/04/2005,AVL,NC,ASO,ES,Combined TRACON& Tower with Radar,6,59,63,28,156,0,1,45,0,46,6,60,108,28,202,75,2,77,279
05/05/2005,AVL,NC,ASO,ES,Combined TRACON& Tower with Radar,6,53,46,2,107,0,0,1,0,1,6,53,47,2,108,0,0,0,108
05/06/2005,AVL,NC,ASO,ES,Combined TRACON& Tower with Radar,6,62,61,4,133,0,0,38,1,39,6,62,99,5,172,68,0,68,240
05/07/2005,AVL,NC,ASO,ES,Combined TRACON& Tower with Radar,6,47,36,1,90,0,1,142,0,143,6,48,178,1,233,20,0,20,253
05/08/2005,AVL,NC,ASO,ES,Combined TRACON& Tower with Radar,5,49,39,6,99,0,0,65,1,66,5,49,104,7,165,19,4,23,188
05/09/2005,AVL,NC,ASO,ES,Combined TRACON& Tower with Radar,7,60,61,2,130,0,0,53,0,53,7,60,114,2,183,92,0,92,275
05/10/2005,AVL,NC,ASO,ES,Combined TRACON& Tower with Radar,6,54,39,10,109,0,0,16,1,17,6,54,55,11,126,8,12,20,146
05/11/2005,AVL,NC,ASO,ES,Combined TRACON& Tower with Radar,6,53,80,4,143,0,1,56,1,58,6,54,136,5,201,8,0,8,209
05/12/2005,AVL,NC,ASO,ES,Combined TRACON& Tower with Radar,8,57,67,9,141,0,4,53,3,60,8,61,120,12,201,39,42,81,282
05/13/2005,AVL,NC,ASO,ES,Combined TRACON& Tower with Radar,6,62,100,6,174,0,0,8,0,8,6,62,108,6,182,17,0,17,199
05/14/2005,AVL,NC,ASO,ES,Combined TRACON& Tower with Radar,6,50,50,0,106,0,8,29,0,37,6,58,79,0,143,34,0,34,177
05/15/2005,AVL,NC,ASO,ES,Combined TRACON& Tower with Radar,7,54,69,4,134,0,0,0,0,0,7,54,69,4,134,0,0,0,134
05/16/2005,AVL,NC,ASO,ES,Combined TRACON& Tower with Radar,7,69,58,3,137,0,0,60,0,60,7,69,118,3,197,36,6,42,239
05/17/2005,AVL,NC,ASO,ES,Combined TRACON& Tower with Radar,10,58,79,2,149,0,0,40,0,40,10,58,119,2,189,64,0,64,253
05/18/2005,AVL,NC,ASO,ES,Combined TRACON& Tower with Radar,4,50,73,0,127,0,0,29,0,29,4,50,102,0,156,78,0,78,234
05/19/2005,AVL,NC,ASO,ES,Combined TRACON& Tower with Radar,6,55,72,10,143,0,0,26,0,26,6,55,98,10,169,40,6,46,215
05/20/2005,AVL,NC,ASO,ES,Combined TRACON& Tower with Radar,4,59,65,3,131,0,0,2,0,2,4,59,67,3,133,8,0,8,141
05/21/2005,AVL,NC,ASO,ES,Combined TRACON& Tower with Radar,7,45,73,3,128,0,0,35,0,35,7,45,108,3,163,103,0,103,266
05/22/2005,AVL,NC,ASO,ES,Combined TRACON& Tower with Radar,6,46,94,4,150,0,2,61,0,63,6,48,155,4,213,94,0,94,307
05/23/2005,AVL,NC,ASO,ES,Combined TRACON& Tower with Radar,6,55,53,10,124,0,0,25,1,26,6,55,78,11,150,11,0,11,161
05/24/2005,AVL,NC,ASO,ES,Combined TRACON& Tower with Radar,6,48,47,5,106,0,0,17,0,17,6,48,64,5,123,17,0,17,140
05/25/2005,AVL,NC,ASO,ES,Combined TRACON& Tower with Radar,6,62,54,3,125,0,0,47,0,47,6,62,101,3,172,47,24,71,243
05/26/2005,AVL,NC,ASO,ES,Combined TRACON& Tower with Radar,7,47,59,5,118,0,0,73,1,74,7,47,132,6,192,35,7,42,234
05/27/2005,AVL,NC,ASO,ES,Combined TRACON& Tower with Radar,6,64,96,12,178,0,2,75,0,77,6,66,171,12,255,50,14,64,319
05/28/2005,AVL,NC,ASO,ES,Combined TRACON& Tower with Radar,6,50,35,0,91,0,0,30,0,30,6,50,65,0,121,0,0,0,121
05/29/2005,AVL,NC,ASO,ES,Combined TRACON& Tower with Radar,6,35,46,0,87,0,0,41,0,41,6,35,87,0,128,24,0,24,152
05/30/2005,AVL,NC,ASO,ES,Combined TRACON& Tower with Radar,6,50,74,1,131,0,0,22,4,26,6,50,96,5,157,29,0,29,186
05/31/2005,AVL,NC,ASO,ES,Combined TRACON& Tower with Radar,6,53,46,3,108,0,0,25,0,25,6,53,71,3,133,54,0,54,187
06/01/2005,AVL,NC,ASO,ES,Combined TRACON& Tower with Radar,7,53,61,0,121,0,0,0,0,0,7,53,61,0,121,0,0,0,121
06/02/2005,AVL,NC,ASO,ES,Combined TRACON& Tower with Radar,7,56,40,5,108,0,0,0,0,0,7,56,40,5,108,0,2,2,110
06/03/2005,AVL,NC,ASO,ES,Combined TRACON& Tower with Radar,9,66,82,5,162,0,0,0,0,0,9,66,82,5,162,2,0,2,164
06/04/2005,AVL,NC,ASO,ES,Combined TRACON& Tower with Radar,8,47,43,5,103,0,1,49,2,52,8,48,92,7,155,68,0,68,223
06/05/2005,AVL,NC,ASO,ES,Combined TRACON& Tower with Radar,12,62,115,11,200,0,4,55,0,59,12,66,170,11,259,61,12,73,332
06/06/2005,AVL,NC,ASO,ES,Combined TRACON& Tower with Radar,7,55,61,9,132,0,1,21,0,22,7,56,82,9,154,29,0,29,183
06/07/2005,AVL,NC,ASO,ES,Combined TRACON& Tower with Radar,9,45,47,7,108,0,0,29,0,29,9,45,76,7,137,21,4,25,162
06/08/2005,AVL,NC,ASO,ES,Combined TRACON& Tower with Radar,6,49,59,7,121,0,1,7,0,8,6,50,66,7,129,19,2,21,150
06/09/2005,AVL,NC,ASO,ES,Combined TRACON& Tower with Radar,6,53,86,3,148,0,0,24,4,28,6,53,110,7,176,56,0,56,232
06/10/2005,AVL,NC,ASO,ES,Combined TRACON& Tower with Radar,7,57,91,10,165,0,0,23,2,25,7,57,114,12,190,37,0,37,227
06/11/2005,AVL,NC,ASO,ES,Combined TRACON& Tower with Radar,10,46,38,12,106,0,0,20,0,20,10,46,58,12,126,37,0,37,163
06/12/2005,AVL,NC,ASO,ES,Combined TRACON& Tower with Radar,6,61,61,2,130,0,0,0,0,0,6,61,61,2,130,0,0,0,130
06/13/2005,AVL,NC,ASO,ES,Combined TRACON& Tower with Radar,6,52,71,2,131,0,1,23,0,24,6,53,94,2,155,63,0,63,218
06/14/2005,AVL,NC,ASO,ES,Combined TRACON& Tower with Radar,5,54,55,10,124,0,1,67,0,68,5,55,122,10,192,124,0,124,316
06/15/2005,AVL,NC,ASO,ES,Combined TRACON& Tower with Radar,6,47,82,27,162,0,0,67,1,68,6,47,149,28,230,113,15,128,358
06/16/2005,AVL,NC,ASO,ES,Combined TRACON& Tower with Radar,8,54,95,11,168,0,0,81,0,81,8,54,176,11,249,83,4,87,336
06/17/2005,AVL,NC,ASO,ES,Combined TRACON& Tower with Radar,6,59,75,25,165,0,0,87,4,91,6,59,162,29,256,89,4,93,349
06/18/2005,AVL,NC,ASO,ES,Combined TRACON& Tower with Radar,8,50,58,10,126,0,0,60,0,60,8,50,118,10,186,72,0,72,258
06/19/2005,AVL,NC,ASO,ES,Combined TRACON& Tower with Radar,10,53,81,4,148,0,0,32,0,32,10,53,113,4,180,24,0,24,204
06/20/2005,AVL,NC,ASO,ES,Combined TRACON& Tower with Radar,6,55,57,4,122,0,0,7,0,7,6,55,64,4,129,36,2,38,167
06/21/2005,AVL,NC,ASO,ES,Combined TRACON& Tower with Radar,6,51,74,7,138,0,0,26,1,27,6,51,100,8,165,99,8,107,272
06/22/2005,AVL,NC,ASO,ES,Combined TRACON& Tower with Radar,7,60,69,5,141,0,2,37,0,39,7,62,106,5,180,100,0,100,280
06/23/2005,AVL,NC,ASO,ES,Combined TRACON& Tower with Radar,10,60,89,10,169,0,0,55,0,55,10,60,144,10,224,131,14,145,369
06/24/2005,AVL,NC,ASO,ES,Combined TRACON& Tower with Radar,6,64,116,13,199,0,0,65,5,70,6,64,181,18,269,39,0,39,308
06/25/2005,AVL,NC,ASO,ES,Combined TRACON& Tower with Radar,6,65,68,8,147,0,0,46,1,47,6,65,114,9,194,50,8,58,252
06/26/2005,AVL,NC,ASO,ES,Combined TRACON& Tower with Radar,6,62,103,5,176,0,0,4,0,4,6,62,107,5,180,0,0,0,180
06/27/2005,AVL,NC,ASO,ES,Combined TRACON& Tower with Radar,7,61,62,23,153,0,0,16,11,27,7,61,78,34,180,32,12,44,224
06/28/2005,AVL,NC,ASO,ES,Combined TRACON& Tower with Radar,4,54,65,5,128,0,0,7,2,9,4,54,72,7,137,0,0,0,137
06/29/2005,AVL,NC,ASO,ES,Combined TRACON& Tower with Radar,9,52,92,2,155,0,1,23,8,32,9,53,115,10,187,98,0,98,285
06/30/2005,AVL,NC,ASO,ES,Combined TRACON& Tower with Radar,7,61,69,3,140,0,0,43,4,47,7,61,112,7,187,53,0,53,240
07/01/2005,AVL,NC,ASO,ES,Combined TRACON& Tower with Radar,8,66,128,2,204,0,0,33,0,33,8,66,161,2,237,34,0,34,271
07/02/2005,AVL,NC,ASO,ES,Combined TRACON& Tower with Radar,12,59,67,0,138,0,0,37,0,37,12,59,104,0,175,45,0,45,220
07/03/2005,AVL,NC,ASO,ES,Combined TRACON& Tower with Radar,14,37,49,0,100,0,0,5,0,5,14,37,54,0,105,12,0,12,117
07/04/2005,AVL,NC,ASO,ES,Combined TRACON& Tower with Radar,8,45,48,0,101,0,0,7,0,7,8,45,55,0,108,0,0,0,108
07/05/2005,AVL,NC,ASO,ES,Combined TRACON& Tower with Radar,11,63,102,1,177,0,0,29,0,29,11,63,131,1,206,113,0,113,319
07/06/2005,AVL,NC,ASO,ES,Combined TRACON& Tower with Radar,11,57,43,6,117,0,0,29,1,30,11,57,72,7,147,35,0,35,182
07/07/2005,AVL,NC,ASO,ES,Combined TRACON& Tower with Radar,10,59,33,0,102,0,0,2,0,2,10,59,35,0,104,12,0,12,116
07/08/2005,AVL,NC,ASO,ES,Combined TRACON& Tower with Radar,9,58,87,8,162,0,0,63,2,65,9,58,150,10,227,74,12,86,313
07/09/2005,AVL,NC,ASO,ES,Combined TRACON& Tower with Radar,12,56,59,3,130,0,0,59,2,61,12,56,118,5,191,58,0,58,249
07/10/2005,AVL,NC,ASO,ES,Combined TRACON& Tower with Radar,12,51,81,1,145,0,0,21,0,21,12,51,102,1,166,6,0,6,172
07/11/2005,AVL,NC,ASO,ES,Combined TRACON& Tower with Radar,9,63,57,0,129,0,0,2,0,2,9,63,59,0,131,0,0,0,131
07/12/2005,AVL,NC,ASO,ES,Combined TRACON& Tower with Radar,10,53,54,0,117,0,0,14,0,14,10,53,68,0,131,21,0,21,152
07/13/2005,AVL,NC,ASO,ES,Combined TRACON& Tower with Radar,11,49,59,6,125,0,2,14,0,16,11,51,73,6,141,19,0,19,160
07/14/2005,AVL,NC,ASO,ES,Combined TRACON& Tower with Radar,12,51,75,1,139,0,0,6,0,6,12,51,81,1,145,12,0,12,157
07/15/2005,AVL,NC,ASO,ES,Combined TRACON& Tower with Radar,10,55,123,5,193,0,0,24,0,24,10,55,147,5,217,29,0,29,246
07/16/2005,AVL,NC,ASO,ES,Combined TRACON& Tower with Radar,13,51,52,18,134,0,0,31,1,32,13,51,83,19,166,23,16,39,205
07/17/2005,AVL,NC,ASO,ES,Combined TRACON& Tower with Radar,14,62,72,2,150,0,0,28,1,29,14,62,100,3,179,8,0,8,187
07/18/2005,AVL,NC,ASO,ES,Combined TRACON& Tower with Radar,11,45,55,6,117,0,2,21,3,26,11,47,76,9,143,44,0,44,187
07/19/2005,AVL,NC,ASO,ES,Combined TRACON& Tower with Radar,8,55,56,11,130,0,0,30,5,35,8,55,86,16,165,34,0,34,199
07/20/2005,AVL,NC,ASO,ES,Combined TRACON& Tower with Radar,12,61,60,14,147,0,0,27,6,33,12,61,87,20,180,0,25,25,205
07/21/2005,AVL,NC,ASO,ES,Combined TRACON& Tower with Radar,11,69,95,6,181,0,0,51,4,55,11,69,146,10,236,51,5,56,292
07/22/2005,AVL,NC,ASO,ES,Combined TRACON& Tower with Radar,13,58,97,6,174,0,0,36,0,36,13,58,133,6,210,6,0,6,216
07/23/2005,AVL,NC,ASO,ES,Combined TRACON& Tower with Radar,12,58,64,0,134,0,0,84,0,84,12,58,148,0,218,25,0,25,243
07/24/2005,AVL,NC,ASO,ES,Combined TRACON& Tower with Radar,12,63,123,2,200,0,1,34,0,35,12,64,157,2,235,0,0,0,235
07/25/2005,AVL,NC,ASO,ES,Combined TRACON& Tower with Radar,11,65,47,10,133,0,0,29,3,32,11,65,76,13,165,19,8,27,192
07/26/2005,AVL,NC,ASO,ES,Combined TRACON& Tower with Radar,11,57,89,2,159,0,0,47,0,47,11,57,136,2,206,26,0,26,232
07/27/2005,AVL,NC,ASO,ES,Combined TRACON& Tower with Radar,12,47,70,5,134,0,0,36,0,36,12,47,106,5,170,6,0,6,176
07/28/2005,AVL,NC,ASO,ES,Combined TRACON& Tower with Radar,15,62,79,0,156,0,0,15,0,15,15,62,94,0,171,75,0,75,246
07/29/2005,AVL,NC,ASO,ES,Combined TRACON& Tower with Radar,13,52,84,0,149,0,0,1,0,1,13,52,85,0,150,0,0,0,150
07/30/2005,AVL,NC,ASO,ES,Combined TRACON& Tower with Radar,11,54,45,25,135,0,0,9,0,9,11,54,54,25,144,42,0,42,186
07/31/2005,AVL,NC,ASO,ES,Combined TRACON& Tower with Radar,13,58,83,2,156,0,0,7,2,9,13,58,90,4,165,5,0,5,170
08/01/2005,AVL,NC,ASO,ES,Combined TRACON& Tower with Radar,11,55,82,17,165,0,0,23,6,29,11,55,105,23,194,65,2,67,261
08/02/2005,AVL,NC,ASO,ES,Combined TRACON& Tower with Radar,9,52,49,4,114,0,0,31,13,44,9,52,80,17,158,10,0,10,168
08/03/2005,AVL,NC,ASO,ES,Combined TRACON& Tower with Radar,12,52,79,3,146,0,1,39,9,49,12,53,118,12,195,12,4,16,211
08/04/2005,AVL,NC,ASO,ES,Combined TRACON& Tower with Radar,12,54,90,6,162,0,0,46,7,53,12,54,136,13,215,25,0,25,240
08/05/2005,AVL,NC,ASO,ES,Combined TRACON& Tower with Radar,13,52,123,4,192,0,0,42,4,46,13,52,165,8,238,38,0,38,276
08/06/2005,AVL,NC,ASO,ES,Combined TRACON& Tower with Radar,13,44,59,0,116,0,0,0,0,0,13,44,59,0,116,18,0,18,134
08/07/2005,AVL,NC,ASO,ES,Combined TRACON& Tower with Radar,5,45,90,0,140,0,0,1,0,1,5,45,91,0,141,0,0,0,141
08/08/2005,AVL,NC,ASO,ES,Combined TRACON& Tower with Radar,13,55,79,0,147,0,0,0,0,0,13,55,79,0,147,8,0,8,155
08/09/2005,AVL,NC,ASO,ES,Combined TRACON& Tower with Radar,11,51,55,4,121,0,0,16,0,16,11,51,71,4,137,48,0,48,185
08/10/2005,AVL,NC,ASO,ES,Combined TRACON& Tower with Radar,11,55,84,17,167,0,2,22,1,25,11,57,106,18,192,60,3,63,255
08/11/2005,AVL,NC,ASO,ES,Combined TRACON& Tower with Radar,12,52,84,11,159,0,0,46,3,49,12,52,130,14,208,29,21,50,258
08/12/2005,AVL,NC,ASO,ES,Combined TRACON& Tower with Radar,14,52,95,8,169,0,0,34,2,36,14,52,129,10,205,30,0,30,235
08/13/2005,AVL,NC,ASO,ES,Combined TRACON& Tower with Radar,9,55,41,6,111,0,0,43,3,46,9,55,84,9,157,54,32,86,243
08/14/2005,AVL,NC,ASO,ES,Combined TRACON& Tower with Radar,11,54,57,12,134,0,0,32,0,32,11,54,89,12,166,32,0,32,198
08/15/2005,AVL,NC,ASO,ES,Combined TRACON& Tower with Radar,13,51,56,9,129,0,0,22,0,22,13,51,78,9,151,34,0,34,185
08/16/2005,AVL,NC,ASO,ES,Combined TRACON& Tower with Radar,10,47,80,1,138,0,0,26,1,27,10,47,106,2,165,48,0,48,213
08/17/2005,AVL,NC,ASO,ES,Combined TRACON& Tower with Radar,11,52,70,3,136,0,0,31,0,31,11,52,101,3,167,15,0,15,182
08/18/2005,AVL,NC,ASO,ES,Combined TRACON& Tower with Radar,12,60,66,0,138,0,0,2,0,2,12,60,68,0,140,0,0,0,140
08/19/2005,AVL,NC,ASO,ES,Combined TRACON& Tower with Radar,11,60,102,10,183,0,0,30,1,31,11,60,132,11,214,50,14,64,278
08/20/2005,AVL,NC,ASO,ES,Combined TRACON& Tower with Radar,9,50,35,2,96,0,0,44,0,44,9,50,79,2,140,22,6,28,168
08/21/2005,AVL,NC,ASO,ES,Combined TRACON& Tower with Radar,8,49,69,6,132,0,1,50,0,51,8,50,119,6,183,10,0,10,193
08/22/2005,AVL,NC,ASO,ES,Combined TRACON& Tower with Radar,10,52,66,11,139,0,0,20,5,25,10,52,86,16,164,28,2,30,194
08/23/2005,AVL,NC,ASO,ES,Combined TRACON& Tower with Radar,14,56,60,0,130,0,0,6,0,6,14,56,66,0,136,15,0,15,151
08/24/2005,AVL,NC,ASO,ES,Combined TRACON& Tower with Radar,10,45,63,3,121,0,0,8,0,8,10,45,71,3,129,15,0,15,144
08/25/2005,AVL,NC,ASO,ES,Combined TRACON& Tower with Radar,11,49,81,13,154,0,0,33,0,33,11,49,114,13,187,44,29,73,260
08/26/2005,AVL,NC,ASO,ES,Combined TRACON& Tower with Radar,11,53,91,17,172,0,0,46,5,51,11,53,137,22,223,24,0,24,247
08/27/2005,AVL,NC,ASO,ES,Combined TRACON& Tower with Radar,9,49,40,23,121,0,0,55,3,58,9,49,95,26,179,53,2,55,234
08/28/2005,AVL,NC,ASO,ES,Combined TRACON& Tower with Radar,8,45,75,1,129,0,0,22,1,23,8,45,97,2,152,59,0,59,211
08/29/2005,AVL,NC,ASO,ES,Combined TRACON& Tower with Radar,12,44,63,5,124,0,0,2,0,2,12,44,65,5,126,0,0,0,126
08/30/2005,AVL,NC,ASO,ES,Combined TRACON& Tower with Radar,10,55,17,0,82,0,0,1,0,1,10,55,18,0,83,0,0,0,83
08/31/2005,AVL,NC,ASO,ES,Combined TRACON& Tower with Radar,13,56,53,3,125,0,0,37,0,37,13,56,90,3,162,12,0,12,174
09/01/2005,AVL,NC,ASO,ES,Combined TRACON& Tower with Radar,9,63,64,3,139,0,0,34,0,34,9,63,98,3,173,49,0,49,222
09/02/2005,AVL,NC,ASO,ES,Combined TRACON& Tower with Radar,8,55,107,2,172,0,0,49,2,51,8,55,156,4,223,38,0,38,261
09/03/2005,AVL,NC,ASO,ES,Combined TRACON& Tower with Radar,8,50,56,0,114,0,0,48,0,48,8,50,104,0,162,39,0,39,201
09/04/2005,AVL,NC,ASO,ES,Combined TRACON& Tower with Radar,8,37,49,2,96,0,0,66,0,66,8,37,115,2,162,23,0,23,185
09/05/2005,AVL,NC,ASO,ES,Combined TRACON& Tower with Radar,7,52,74,3,136,0,0,55,0,55,7,52,129,3,191,25,0,25,216
09/06/2005,AVL,NC,ASO,ES,Combined TRACON& Tower with Radar,16,57,44,2,119,0,0,46,6,52,16,57,90,8,171,44,0,44,215
09/07/2005,AVL,NC,ASO,ES,Combined TRACON& Tower with Radar,12,52,39,26,129,0,0,38,10,48,12,52,77,36,177,14,0,14,191
09/08/2005,AVL,NC,ASO,ES,Combined TRACON& Tower with Radar,12,56,58,11,137,0,1,45,4,50,12,57,103,15,187,49,2,51,238
09/09/2005,AVL,NC,ASO,ES,Combined TRACON& Tower with Radar,9,58,66,15,148,0,0,50,2,52,9,58,116,17,200,4,4,8,208
09/10/2005,AVL,NC,ASO,ES,Combined TRACON& Tower with Radar,10,41,39,4,94,0,0,48,3,51,10,41,87,7,145,69,0,69,214
09/11/2005,AVL,NC,ASO,ES,Combined TRACON& Tower with Radar,12,42,48,0,102,0,0,40,1,41,12,42,88,1,143,43,0,43,186
09/12/2005,AVL,NC,ASO,ES,Combined TRACON& Tower with Radar,9,55,43,11,118,0,0,32,0,32,9,55,75,11,150,43,6,49,199
09/13/2005,AVL,NC,ASO,ES,Combined TRACON& Tower with Radar,11,54,49,0,114,0,4,34,0,38,11,58,83,0,152,34,0,34,186
09/14/2005,AVL,NC,ASO,ES,Combined TRACON& Tower with Radar,8,63,50,2,123,0,2,35,0,37,8,65,85,2,160,72,8,80,240
09/15/2005,AVL,NC,ASO,ES,Combined TRACON& Tower with Radar,5,64,57,5,131,0,3,35,0,38,5,67,92,5,169,38,0,38,207
09/16/2005,AVL,NC,ASO,ES,Combined TRACON& Tower with Radar,8,56,51,4,119,0,1,35,0,36,8,57,86,4,155,16,0,16,171
09/17/2005,AVL,NC,ASO,ES,Combined TRACON& Tower with Radar,9,55,39,5,108,0,0,98,0,98,9,55,137,5,206,200,6,206,412
09/18/2005,AVL,NC,ASO,ES,Combined TRACON& Tower with Radar,10,55,58,2,125,0,0,132,0,132,10,55,190,2,257,32,4,36,293
09/19/2005,AVL,NC,ASO,ES,Combined TRACON& Tower with Radar,9,55,48,9,121,0,2,58,0,60,9,57,106,9,181,40,0,40,221
09/20/2005,AVL,NC,ASO,ES,Combined TRACON& Tower with Radar,9,58,47,4,118,0,0,39,0,39,9,58,86,4,157,76,0,76,233
09/21/2005,AVL,NC,ASO,ES,Combined TRACON& Tower with Radar,17,50,55,1,123,0,0,44,5,49,17,50,99,6,172,30,0,30,202
09/22/2005,AVL,NC,ASO,ES,Combined TRACON& Tower with Radar,8,53,70,6,137,0,1,30,1,32,8,54,100,7,169,41,0,41,210
09/23/2005,AVL,NC,ASO,ES,Combined TRACON& Tower with Radar,7,59,91,4,161,0,0,42,0,42,7,59,133,4,203,43,0,43,246
09/24/2005,AVL,NC,ASO,ES,Combined TRACON& Tower with Radar,10,37,50,0,97,0,1,29,0,30,10,38,79,0,127,46,0,46,173
09/25/2005,AVL,NC,ASO,ES,Combined TRACON& Tower with Radar,10,44,103,2,159,0,0,14,0,14,10,44,117,2,173,7,0,7,180
09/26/2005,AVL,NC,ASO,ES,Combined TRACON& Tower with Radar,10,62,65,0,137,0,0,4,0,4,10,62,69,0,141,4,0,4,145
09/27/2005,AVL,NC,ASO,ES,Combined TRACON& Tower with Radar,9,52,43,7,111,0,1,49,0,50,9,53,92,7,161,124,19,143,304
09/28/2005,AVL,NC,ASO,ES,Combined TRACON& Tower with Radar,10,50,51,4,115,0,0,34,1,35,10,50,85,5,150,46,2,48,198
09/29/2005,AVL,NC,ASO,ES,Combined TRACON& Tower with Radar,10,58,68,1,137,0,1,20,2,23,10,59,88,3,160,32,0,32,192
09/30/2005,AVL,NC,ASO,ES,Combined TRACON& Tower with Radar,11,50,81,7,149,0,0,63,4,67,11,50,144,11,216,87,16,103,319
10/01/2005,AVL,NC,ASO,ES,Combined TRACON& Tower with Radar,7,48,42,7,104,0,0,66,0,66,7,48,108,7,170,80,0,80,250
10/02/2005,AVL,NC,ASO,ES,Combined TRACON& Tower with Radar,9,52,72,0,133,0,0,33,0,33,9,52,105,0,166,10,0,10,176
10/03/2005,AVL,NC,ASO,ES,Combined TRACON& Tower with Radar,10,57,67,5,139,0,0,35,4,39,10,57,102,9,178,51,0,51,229
10/04/2005,AVL,NC,ASO,ES,Combined TRACON& Tower with Radar,12,51,56,8,127,0,1,44,1,46,12,52,100,9,173,80,12,92,265
10/05/2005,AVL,NC,ASO,ES,Combined TRACON& Tower with Radar,5,59,76,15,155,0,2,21,0,23,5,61,97,15,178,44,0,44,222
10/06/2005,AVL,NC,ASO,ES,Combined TRACON& Tower with Radar,10,60,51,9,130,0,0,0,0,0,10,60,51,9,130,0,0,0,130
10/07/2005,AVL,NC,ASO,ES,Combined TRACON& Tower with Radar,9,50,75,0,134,0,0,0,0,0,9,50,75,0,134,0,0,0,134
10/08/2005,AVL,NC,ASO,ES,Combined TRACON& Tower with Radar,8,45,48,9,110,0,1,45,0,46,8,46,93,9,156,40,4,44,200
10/09/2005,AVL,NC,ASO,ES,Combined TRACON& Tower with Radar,10,49,84,1,144,0,1,15,0,16,10,50,99,1,160,37,0,37,197
10/10/2005,AVL,NC,ASO,ES,Combined TRACON& Tower with Radar,7,54,67,4,132,0,0,8,0,8,7,54,75,4,140,16,0,16,156
10/11/2005,AVL,NC,ASO,ES,Combined TRACON& Tower with Radar,9,54,56,16,135,0,1,16,0,17,9,55,72,16,152,40,4,44,196
10/12/2005,AVL,NC,ASO,ES,Combined TRACON& Tower with Radar,10,62,78,9,159,0,0,19,2,21,10,62,97,11,180,23,18,41,221
10/13/2005,AVL,NC,ASO,ES,Combined TRACON& Tower with Radar,9,66,86,0,161,0,1,45,1,47,9,67,131,1,208,24,0,24,232
10/14/2005,AVL,NC,ASO,ES,Combined TRACON& Tower with Radar,6,70,79,10,165,0,2,49,0,51,6,72,128,10,216,21,0,21,237
10/15/2005,AVL,NC,ASO,ES,Combined TRACON& Tower with Radar,7,46,60,37,150,0,0,60,7,67,7,46,120,44,217,33,12,45,262
10/16/2005,AVL,NC,ASO,ES,Combined TRACON& Tower with Radar,6,55,79,5,145,0,0,79,1,80,6,55,158,6,225,34,0,34,259
10/17/2005,AVL,NC,ASO,ES,Combined TRACON& Tower with Radar,10,56,40,12,118,0,0,50,2,52,10,56,90,14,170,14,0,14,184
10/18/2005,AVL,NC,ASO,ES,Combined TRACON& Tower with Radar,11,54,58,0,123,0,0,60,0,60,11,54,118,0,183,44,3,47,230
10/19/2005,AVL,NC,ASO,ES,Combined TRACON& Tower with Radar,10,61,75,3,149,0,5,77,6,88,10,66,152,9,237,88,6,94,331
10/20/2005,AVL,NC,ASO,ES,Combined TRACON& Tower with Radar,11,67,79,16,173,0,0,72,3,75,11,67,151,19,248,53,0,53,301
10/21/2005,AVL,NC,ASO,ES,Combined TRACON& Tower with Radar,10,55,86,3,154,0,1,37,5,43,10,56,123,8,197,37,12,49,246
10/22/2005,AVL,NC,ASO,ES,Combined TRACON& Tower with Radar,7,43,44,3,97,0,6,14,3,23,7,49,58,6,120,14,22,36,156
10/23/2005,AVL,NC,ASO,ES,Combined TRACON& Tower with Radar,10,44,78,4,136,0,16,87,1,104,10,60,165,5,240,16,0,16,256
10/24/2005,AVL,NC,ASO,ES,Combined TRACON& Tower with Radar,10,52,51,8,121,0,0,9,0,9,10,52,60,8,130,0,0,0,130
10/25/2005,AVL,NC,ASO,ES,Combined TRACON& Tower with Radar,11,62,69,5,147,0,0,13,0,13,11,62,82,5,160,0,3,3,163
10/26/2005,AVL,NC,ASO,ES,Combined TRACON& Tower with Radar,11,55,73,11,150,0,1,50,0,51,11,56,123,11,201,47,6,53,254
10/27/2005,AVL,NC,ASO,ES,Combined TRACON& Tower with Radar,12,65,72,25,174,0,1,48,4,53,12,66,120,29,227,60,9,69,296
10/28/2005,AVL,NC,ASO,ES,Combined TRACON& Tower with Radar,10,58,60,11,139,0,0,62,1,63,10,58,122,12,202,11,42,53,255
10/29/2005,AVL,NC,ASO,ES,Combined TRACON& Tower with Radar,7,47,47,0,101,0,0,65,1,66,7,47,112,1,167,36,0,36,203
10/30/2005,AVL,NC,ASO,ES,Combined TRACON& Tower with Radar,8,56,65,0,129,0,0,69,0,69,8,56,134,0,198,11,0,11,209
10/31/2005,AVL,NC,ASO,ES,Combined TRACON& Tower with Radar,9,53,39,8,109,0,1,57,0,58,9,54,96,8,167,16,17,33,200
11/01/2005,AVL,NC,ASO,ES,Combined TRACON& Tower with Radar,10,50,39,0,99,0,2,43,1,46,10,52,82,1,145,48,0,48,193
11/02/2005,AVL,NC,ASO,ES,Combined TRACON& Tower with Radar,10,52,62,6,130,0,0,51,0,51,10,52,113,6,181,32,0,32,213
11/03/2005,AVL,NC,ASO,ES,Combined TRACON& Tower with Radar,15,55,52,13,135,0,2,65,0,67,15,57,117,13,202,63,0,63,265
11/04/2005,AVL,NC,ASO,ES,Combined TRACON& Tower with Radar,12,53,74,19,158,0,0,66,10,76,12,53,140,29,234,17,2,19,253
11/05/2005,AVL,NC,ASO,ES,Combined TRACON& Tower with Radar,7,41,48,12,108,0,1,51,0,52,7,42,99,12,160,22,0,22,182
11/06/2005,AVL,NC,ASO,ES,Combined TRACON& Tower with Radar,8,44,80,7,139,0,0,39,1,40,8,44,119,8,179,20,0,20,199
11/07/2005,AVL,NC,ASO,ES,Combined TRACON& Tower with Radar,12,61,45,9,127,0,1,50,0,51,12,62,95,9,178,34,12,46,224
11/08/2005,AVL,NC,ASO,ES,Combined TRACON& Tower with Radar,7,54,56,5,122,0,1,37,0,38,7,55,93,5,160,44,0,44,204
11/09/2005,AVL,NC,ASO,ES,Combined TRACON& Tower with Radar,9,47,51,11,118,0,1,45,0,46,9,48,96,11,164,54,0,54,218
11/10/2005,AVL,NC,ASO,ES,Combined TRACON& Tower with Radar,7,53,38,2,100,0,0,10,1,11,7,53,48,3,111,23,0,23,134
11/11/2005,AVL,NC,ASO,ES,Combined TRACON& Tower with Radar,9,43,79,5,136,0,0,60,1,61,9,43,139,6,197,12,0,12,209
11/12/2005,AVL,NC,ASO,ES,Combined TRACON& Tower with Radar,6,44,40,1,91,0,0,100,0,100,6,44,140,1,191,33,0,33,224
11/13/2005,AVL,NC,ASO,ES,Combined TRACON& Tower with Radar,4,48,61,0,113,0,0,37,0,37,4,48,98,0,150,8,0,8,158
11/14/2005,AVL,NC,ASO,ES,Combined TRACON& Tower with Radar,9,61,49,12,131,0,0,14,0,14,9,61,63,12,145,4,10,14,159
11/15/2005,AVL,NC,ASO,ES,Combined TRACON& Tower with Radar,10,41,68,0,119,0,0,2,0,2,10,41,70,0,121,0,0,0,121
11/16/2005,AVL,NC,ASO,ES,Combined TRACON& Tower with Radar,9,44,57,0,110,0,0,3,0,3,9,44,60,0,113,20,0,20,133
11/17/2005,AVL,NC,ASO,ES,Combined TRACON& Tower with Radar,7,50,57,4,118,0,0,35,0,35,7,50,92,4,153,4,3,7,160
11/18/2005,AVL,NC,ASO,ES,Combined TRACON& Tower with Radar,7,46,60,24,137,0,1,0,0,1,7,47,60,24,138,15,14,29,167
11/19/2005,AVL,NC,ASO,ES,Combined TRACON& Tower with Radar,8,37,48,4,97,0,0,76,2,78,8,37,124,6,175,112,0,112,287
11/20/2005,AVL,NC,ASO,ES,Combined TRACON& Tower with Radar,8,52,63,4,127,0,0,9,5,14,8,52,72,9,141,44,0,44,185
11/21/2005,AVL,NC,ASO,ES,Combined TRACON& Tower with Radar,6,52,26,0,84,0,0,0,0,0,6,52,26,0,84,0,0,0,84
11/22/2005,AVL,NC,ASO,ES,Combined TRACON& Tower with Radar,8,59,49,2,118,0,0,4,0,4,8,59,53,2,122,0,0,0,122
11/23/2005,AVL,NC,ASO,ES,Combined TRACON& Tower with Radar,5,68,92,0,165,0,0,57,0,57,5,68,149,0,222,44,0,44,266
11/24/2005,AVL,NC,ASO,ES,Combined TRACON& Tower with Radar,4,36,18,0,58,0,0,12,0,12,4,36,30,0,70,0,0,0,70
11/25/2005,AVL,NC,ASO,ES,Combined TRACON& Tower with Radar,5,48,46,0,99,0,2,49,0,51,5,50,95,0,150,27,0,27,177
11/26/2005,AVL,NC,ASO,ES,Combined TRACON& Tower with Radar,7,44,56,0,107,0,0,62,2,64,7,44,118,2,171,36,0,36,207
11/27/2005,AVL,NC,ASO,ES,Combined TRACON& Tower with Radar,5,56,96,0,157,0,0,3,0,3,5,56,99,0,160,20,0,20,180
11/28/2005,AVL,NC,ASO,ES,Combined TRACON& Tower with Radar,6,64,44,2,116,0,0,0,0,0,6,64,44,2,116,0,0,0,116
11/29/2005,AVL,NC,ASO,ES,Combined TRACON& Tower with Radar,7,52,31,4,94,0,1,3,0,4,7,53,34,4,98,0,0,0,98
11/30/2005,AVL,NC,ASO,ES,Combined TRACON& Tower with Radar,4,48,62,7,121,0,0,56,2,58,4,48,118,9,179,91,24,115,294
12/01/2005,AVL,NC,ASO,ES,Combined TRACON& Tower with Radar,7,53,49,4,113,0,0,42,2,44,7,53,91,6,157,65,6,71,228
12/02/2005,AVL,NC,ASO,ES,Combined TRACON& Tower with Radar,7,50,54,8,119,0,0,42,2,44,7,50,96,10,163,22,0,22,185
12/03/2005,AVL,NC,ASO,ES,Combined TRACON& Tower with Radar,5,49,41,0,95,0,0,10,0,10,5,49,51,0,105,4,0,4,109
12/04/2005,AVL,NC,ASO,ES,Combined TRACON& Tower with Radar,9,36,39,0,84,0,0,9,0,9,9,36,48,0,93,38,0,38,131
12/05/2005,AVL,NC,ASO,ES,Combined TRACON& Tower with Radar,6,44,25,2,77,0,1,1,0,2,6,45,26,2,79,0,0,0,79
12/06/2005,AVL,NC,ASO,ES,Combined TRACON& Tower with Radar,6,47,38,13,104,0,1,21,0,22,6,48,59,13,126,42,20,62,188
12/07/2005,AVL,NC,ASO,ES,Combined TRACON& Tower with Radar,6,49,52,25,132,0,2,45,2,49,6,51,97,27,181,86,14,100,281
12/08/2005,AVL,NC,ASO,ES,Combined TRACON& Tower with Radar,0,32,24,2,58,0,0,4,0,4,0,32,28,2,62,22,0,22,84
12/09/2005,AVL,NC,ASO,ES,Combined TRACON& Tower with Radar,5,53,36,8,102,0,0,26,0,26,5,53,62,8,128,3,0,3,131
12/10/2005,AVL,NC,ASO,ES,Combined TRACON& Tower with Radar,4,41,28,4,77,0,0,60,0,60,4,41,88,4,137,5,0,5,142
12/11/2005,AVL,NC,ASO,ES,Combined TRACON& Tower with Radar,8,32,34,1,75,0,0,46,1,47,8,32,80,2,122,57,0,57,179
12/12/2005,AVL,NC,ASO,ES,Combined TRACON& Tower with Radar,6,55,38,4,103,0,0,15,1,16,6,55,53,5,119,30,0,30,149
12/13/2005,AVL,NC,ASO,ES,Combined TRACON& Tower with Radar,6,47,48,4,105,0,0,49,3,52,6,47,97,7,157,40,0,40,197
12/14/2005,AVL,NC,ASO,ES,Combined TRACON& Tower with Radar,6,41,36,0,83,0,0,22,1,23,6,41,58,1,106,8,0,8,114
12/15/2005,AVL,NC,ASO,ES,Combined TRACON& Tower with Radar,4,29,9,0,42,0,0,0,0,0,4,29,9,0,42,0,0,0,42
12/16/2005,AVL,NC,ASO,ES,Combined TRACON& Tower with Radar,4,60,52,8,124,0,5,28,5,38,4,65,80,13,162,20,16,36,198
12/17/2005,AVL,NC,ASO,ES,Combined TRACON& Tower with Radar,2,41,28,1,72,0,0,35,1,36,2,41,63,2,108,38,0,38,146
12/18/2005,AVL,NC,ASO,ES,Combined TRACON& Tower with Radar,6,44,28,5,83,0,0,37,1,38,6,44,65,6,121,41,0,41,162
12/19/2005,AVL,NC,ASO,ES,Combined TRACON& Tower with Radar,10,50,45,11,116,0,1,32,2,35,10,51,77,13,151,28,0,28,179
12/20/2005,AVL,NC,ASO,ES,Combined TRACON& Tower with Radar,4,49,37,4,94,0,0,60,3,63,4,49,97,7,157,30,0,30,187
12/21/2005,AVL,NC,ASO,ES,Combined TRACON& Tower with Radar,6,54,40,2,102,0,0,44,0,44,6,54,84,2,146,89,0,89,235
12/22/2005,AVL,NC,ASO,ES,Combined TRACON& Tower with Radar,8,52,48,14,122,0,0,54,0,54,8,52,102,14,176,37,0,37,213
12/23/2005,AVL,NC,ASO,ES,Combined TRACON& Tower with Radar,7,48,49,0,104,0,1,73,0,74,7,49,122,0,178,68,0,68,246
12/24/2005,AVL,NC,ASO,ES,Combined TRACON& Tower with Radar,5,33,9,0,47,0,0,31,0,31,5,33,40,0,78,42,0,42,120
12/25/2005,AVL,NC,ASO,ES,Combined TRACON& Tower with Radar,4,35,12,0,51,0,0,0,0,0,4,35,12,0,51,0,0,0,51
12/26/2005,AVL,NC,ASO,ES,Combined TRACON& Tower with Radar,10,39,0,0,49,29,9,0,0,38,39,48,0,0,87,0,0,0,87
12/27/2005,AVL,NC,ASO,ES,Combined TRACON& Tower with Radar,4,57,34,17,112,0,0,65,0,65,4,57,99,17,177,54,8,62,239
12/28/2005,AVL,NC,ASO,ES,Combined TRACON& Tower with Radar,8,56,41,2,107,0,0,6,0,6,8,56,47,2,113,6,0,6,119
12/29/2005,AVL,NC,ASO,ES,Combined TRACON& Tower with Radar,8,49,45,0,102,0,0,7,0,7,8,49,52,0,109,4,0,4,113
12/30/2005,AVL,NC,ASO,ES,Combined TRACON& Tower with Radar,5,51,58,1,115,0,0,66,0,66,5,51,124,1,181,46,0,46,227
12/31/2005,AVL,NC,ASO,ES,Combined TRACON& Tower with Radar,3,41,24,0,68,0,0,27,0,27,3,41,51,0,95,31,0,31,126
01/01/2006,AVL,NC,ASO,ES,Combined TRACON& Tower with Radar,4,34,34,0,72,0,0,43,0,43,4,34,77,0,115,27,0,27,142
01/02/2006,AVL,NC,ASO,ES,Combined TRACON& Tower with Radar,5,41,19,0,65,0,0,0,0,0,5,41,19,0,65,0,0,0,65
01/03/2006,AVL,NC,ASO,ES,Combined TRACON& Tower with Radar,5,49,44,8,106,0,0,8,0,8,5,49,52,8,114,0,0,0,114
01/04/2006,AVL,NC,ASO,ES,Combined TRACON& Tower with Radar,7,34,58,4,103,0,0,45,0,45,7,34,103,4,148,52,0,52,200
01/05/2006,AVL,NC,ASO,ES,Combined TRACON& Tower with Radar,5,46,26,2,79,0,0,17,3,20,5,46,43,5,99,8,0,8,107
01/06/2006,AVL,NC,ASO,ES,Combined TRACON& Tower with Radar,4,51,32,7,94,0,0,12,0,12,4,51,44,7,106,0,0,0,106
01/07/2006,AVL,NC,ASO,ES,Combined TRACON& Tower with Radar,6,38,41,0,85,0,1,26,0,27,6,39,67,0,112,17,0,17,129
01/08/2006,AVL,NC,ASO,ES,Combined TRACON& Tower with Radar,6,33,28,2,69,0,0,39,0,39,6,33,67,2,108,9,0,9,117
01/09/2006,AVL,NC,ASO,ES,Combined TRACON& Tower with Radar,8,51,32,3,94,0,1,35,2,38,8,52,67,5,132,17,0,17,149
01/10/2006,AVL,NC,ASO,ES,Combined TRACON& Tower with Radar,6,47,39,6,98,0,0,18,0,18,6,47,57,6,116,29,0,29,145
01/11/2006,AVL,NC,ASO,ES,Combined TRACON& Tower with Radar,5,44,35,12,96,0,0,20,0,20,5,44,55,12,116,51,0,51,167
01/12/2006,AVL,NC,ASO,ES,Combined TRACON& Tower with Radar,9,50,33,3,95,0,0,54,0,54,9,50,87,3,149,84,0,84,233
01/13/2006,AVL,NC,ASO,ES,Combined TRACON& Tower with Radar,8,50,29,0,87,0,0,3,0,3,8,50,32,0,90,6,0,6,96
01/14/2006,AVL,NC,ASO,ES,Combined TRACON& Tower with Radar,8,40,16,0,64,0,0,1,0,1,8,40,17,0,65,0,0,0,65
01/15/2006,AVL,NC,ASO,ES,Combined TRACON& Tower with Radar,8,32,32,0,72,0,0,32,0,32,8,32,64,0,104,34,0,34,138
01/16/2006,AVL,NC,ASO,ES,Combined TRACON& Tower with Radar,8,42,46,2,98,0,0,36,0,36,8,42,82,2,134,42,0,42,176
01/17/2006,AVL,NC,ASO,ES,Combined TRACON& Tower with Radar,4,41,24,2,71,0,0,1,0,1,4,41,25,2,72,0,0,0,72
01/18/2006,AVL,NC,ASO,ES,Combined TRACON& Tower with Radar,3,42,29,7,81,0,0,15,0,15,3,42,44,7,96,14,12,26,122
01/19/2006,AVL,NC,ASO,ES,Combined TRACON& Tower with Radar,7,48,55,0,110,0,0,70,1,71,7,48,125,1,181,56,0,56,237
01/20/2006,AVL,NC,ASO,ES,Combined TRACON& Tower with Radar,8,43,47,3,101,0,0,53,0,53,8,43,100,3,154,76,0,76,230
01/21/2006,AVL,NC,ASO,ES,Combined TRACON& Tower with Radar,8,36,22,3,69,0,0,0,0,0,8,36,22,3,69,0,0,0,69
01/22/2006,AVL,NC,ASO,ES,Combined TRACON& Tower with Radar,4,43,26,0,73,0,0,0,0,0,4,43,26,0,73,2,0,2,75
01/23/2006,AVL,NC,ASO,ES,Combined TRACON& Tower with Radar,6,40,30,4,80,0,2,4,0,6,6,42,34,4,86,0,19,19,105
01/24/2006,AVL,NC,ASO,ES,Combined TRACON& Tower with Radar,4,45,58,4,111,2,0,33,4,39,6,45,91,8,150,5,0,5,155
01/25/2006,AVL,NC,ASO,ES,Combined TRACON& Tower with Radar,6,40,35,0,81,0,2,10,0,12,6,42,45,0,93,0,0,0,93
01/26/2006,AVL,NC,ASO,ES,Combined TRACON& Tower with Radar,7,39,34,10,90,0,0,49,6,55,7,39,83,16,145,18,70,88,233
01/27/2006,AVL,NC,ASO,ES,Combined TRACON& Tower with Radar,8,45,45,6,104,0,0,79,1,80,8,45,124,7,184,60,9,69,253
01/28/2006,AVL,NC,ASO,ES,Combined TRACON& Tower with Radar,8,35,35,7,85,0,13,90,4,107,8,48,125,11,192,99,12,111,303
01/29/2006,AVL,NC,ASO,ES,Combined TRACON& Tower with Radar,9,35,25,0,69,0,0,7,0,7,9,35,32,0,76,34,0,34,110
01/30/2006,AVL,NC,ASO,ES,Combined TRACON& Tower with Radar,8,44,22,4,78,0,0,32,0,32,8,44,54,4,110,46,2,48,158
01/31/2006,AVL,NC,ASO,ES,Combined TRACON& Tower with Radar,6,37,16,6,65,0,0,12,0,12,6,37,28,6,77,6,0,6,83
02/01/2006,AVL,NC,ASO,ES,Combined TRACON& Tower with Radar,5,38,39,0,82,0,0,59,1,60,5,38,98,1,142,107,0,107,249
02/02/2006,AVL,NC,ASO,ES,Combined TRACON& Tower with Radar,6,47,33,5,91,0,0,11,0,11,6,47,44,5,102,54,0,54,156
02/03/2006,AVL,NC,ASO,ES,Combined TRACON& Tower with Radar,7,48,34,7,96,0,0,49,4,53,7,48,83,11,149,82,0,82,231
02/04/2006,AVL,NC,ASO,ES,Combined TRACON& Tower with Radar,7,38,10,0,55,0,0,4,0,4,7,38,14,0,59,4,0,4,63
02/05/2006,AVL,NC,ASO,ES,Combined TRACON& Tower with Radar,13,34,23,0,70,0,1,12,0,13,13,35,35,0,83,30,0,30,113
02/06/2006,AVL,NC,ASO,ES,Combined TRACON& Tower with Radar,8,42,30,0,80,0,0,22,0,22,8,42,52,0,102,23,0,23,125
02/07/2006,AVL,NC,ASO,ES,Combined TRACON& Tower with Radar,7,40,41,5,93,0,0,39,5,44,7,40,80,10,137,62,7,69,206
02/08/2006,AVL,NC,ASO,ES,Combined TRACON& Tower with Radar,4,43,52,5,104,0,0,44,3,47,4,43,96,8,151,64,0,64,215
02/09/2006,AVL,NC,ASO,ES,Combined TRACON& Tower with Radar,8,52,64,0,124,0,0,20,1,21,8,52,84,1,145,12,0,12,157
02/10/2006,AVL,NC,ASO,ES,Combined TRACON& Tower with Radar,10,47,62,9,128,0,0,53,0,53,10,47,115,9,181,89,0,89,270
02/11/2006,AVL,NC,ASO,ES,Combined TRACON& Tower with Radar,8,33,12,0,53,0,0,0,0,0,8,33,12,0,53,1,0,1,54
02/12/2006,AVL,NC,ASO,ES,Combined TRACON& Tower with Radar,9,0,26,0,35,0,0,7,27,34,9,0,33,27,69,0,0,0,69
02/13/2006,AVL,NC,ASO,ES,Combined TRACON& Tower with Radar,5,47,36,8,96,0,2,19,5,26,5,49,55,13,122,76,13,89,211
02/14/2006,AVL,NC,ASO,ES,Combined TRACON& Tower with Radar,8,47,42,3,100,0,0,44,4,48,8,47,86,7,148,63,0,63,211
02/15/2006,AVL,NC,ASO,ES,Combined TRACON& Tower with Radar,7,44,41,4,96,0,0,48,0,48,7,44,89,4,144,110,21,131,275
02/16/2006,AVL,NC,ASO,ES,Combined TRACON& Tower with Radar,7,48,46,4,105,0,0,34,5,39,7,48,80,9,144,30,8,38,182
02/17/2006,AVL,NC,ASO,ES,Combined TRACON& Tower with Radar,9,55,32,3,99,0,0,24,5,29,9,55,56,8,128,15,0,15,143
02/18/2006,AVL,NC,ASO,ES,Combined TRACON& Tower with Radar,6,37,13,0,56,0,0,0,0,0,6,37,13,0,56,0,0,0,56
02/19/2006,AVL,NC,ASO,ES,Combined TRACON& Tower with Radar,8,37,32,0,77,0,0,16,0,16,8,37,48,0,93,28,0,28,121
02/20/2006,AVL,NC,ASO,ES,Combined TRACON& Tower with Radar,8,39,31,0,78,0,0,12,0,12,8,39,43,0,90,42,0,42,132
02/21/2006,AVL,NC,ASO,ES,Combined TRACON& Tower with Radar,10,45,29,4,88,0,0,32,0,32,10,45,61,4,120,50,0,50,170
02/22/2006,AVL,NC,ASO,ES,Combined TRACON& Tower with Radar,11,44,40,2,97,0,0,8,0,8,11,44,48,2,105,54,0,54,159
02/23/2006,AVL,NC,ASO,ES,Combined TRACON& Tower with Radar,10,51,40,0,101,0,2,27,2,31,10,53,67,2,132,26,0,26,158
02/24/2006,AVL,NC,ASO,ES,Combined TRACON& Tower with Radar,9,50,46,7,112,0,0,57,4,61,9,50,103,11,173,65,0,65,238
02/25/2006,AVL,NC,ASO,ES,Combined TRACON& Tower with Radar,2,39,16,0,57,0,0,21,0,21,2,39,37,0,78,14,0,14,92
02/26/2006,AVL,NC,ASO,ES,Combined TRACON& Tower with Radar,8,34,39,0,81,0,1,23,0,24,8,35,62,0,105,0,0,0,105
02/27/2006,AVL,NC,ASO,ES,Combined TRACON& Tower with Radar,9,47,41,6,103,0,0,52,0,52,9,47,93,6,155,49,0,49,204
02/28/2006,AVL,NC,ASO,ES,Combined TRACON& Tower with Radar,6,47,51,8,112,0,0,45,1,46,6,47,96,9,158,33,0,33,191
03/01/2006,AVL,NC,ASO,ES,Combined TRACON& Tower with Radar,10,45,49,6,110,0,0,51,3,54,10,45,100,9,164,88,8,96,260
03/02/2006,AVL,NC,ASO,ES,Combined TRACON& Tower with Radar,3,53,67,2,125,0,0,23,0,23,3,53,90,2,148,45,0,45,193
03/03/2006,AVL,NC,ASO,ES,Combined TRACON& Tower with Radar,8,50,52,0,110,0,0,23,0,23,8,50,75,0,133,65,0,65,198
03/04/2006,AVL,NC,ASO,ES,Combined TRACON& Tower with Radar,8,35,28,12,83,0,2,61,1,64,8,37,89,13,147,96,17,113,260
03/05/2006,AVL,NC,ASO,ES,Combined TRACON& Tower with Radar,8,37,32,2,79,0,1,92,2,95,8,38,124,4,174,108,20,128,302
03/06/2006,AVL,NC,ASO,ES,Combined TRACON& Tower with Radar,10,50,27,0,87,0,0,17,0,17,10,50,44,0,104,27,0,27,131
03/07/2006,AVL,NC,ASO,ES,Combined TRACON& Tower with Radar,9,50,59,6,124,0,3,54,0,57,9,53,113,6,181,83,8,91,272
03/08/2006,AVL,NC,ASO,ES,Combined TRACON& Tower with Radar,9,52,38,0,99,0,1,54,2,57,9,53,92,2,156,68,0,68,224
03/09/2006,AVL,NC,ASO,ES,Combined TRACON& Tower with Radar,11,51,44,3,109,0,0,28,1,29,11,51,72,4,138,20,0,20,158
03/10/2006,AVL,NC,ASO,ES,Combined TRACON& Tower with Radar,10,53,47,2,112,0,0,50,2,52,10,53,97,4,164,32,34,66,230
03/11/2006,AVL,NC,ASO,ES,Combined TRACON& Tower with Radar,6,35,32,7,80,0,1,20,4,25,6,36,52,11,105,44,0,44,149
03/12/2006,AVL,NC,ASO,ES,Combined TRACON& Tower with Radar,8,34,54,4,100,0,0,31,0,31,8,34,85,4,131,43,4,47,178
03/13/2006,AVL,NC,ASO,ES,Combined TRACON& Tower with Radar,8,49,44,3,104,0,0,25,0,25,8,49,69,3,129,26,12,38,167
03/14/2006,AVL,NC,ASO,ES,Combined TRACON& Tower with Radar,8,57,44,7,116,0,0,11,0,11,8,57,55,7,127,2,0,2,129
03/15/2006,AVL,NC,ASO,ES,Combined TRACON& Tower with Radar,9,50,30,1,90,0,0,32,1,33,9,50,62,2,123,20,0,20,143
03/16/2006,AVL,NC,ASO,ES,Combined TRACON& Tower with Radar,8,50,59,5,122,0,0,85,0,85,8,50,144,5,207,89,0,89,296
03/17/2006,AVL,NC,ASO,ES,Combined TRACON& Tower with Radar,6,54,45,12,117,0,0,42,2,44,6,54,87,14,161,39,7,46,207
03/18/2006,AVL,NC,ASO,ES,Combined TRACON& Tower with Radar,11,43,23,7,84,0,2,65,0,67,11,45,88,7,151,12,0,12,163
03/19/2006,AVL,NC,ASO,ES,Combined TRACON& Tower with Radar,8,36,68,1,113,0,0,52,5,57,8,36,120,6,170,25,0,25,195
03/20/2006,AVL,NC,ASO,ES,Combined TRACON& Tower with Radar,9,47,26,0,82,0,0,0,0,0,9,47,26,0,82,0,0,0,82
03/21/2006,AVL,NC,ASO,ES,Combined TRACON& Tower with Radar,9,48,22,2,81,0,0,0,0,0,9,48,22,2,81,0,0,0,81
03/22/2006,AVL,NC,ASO,ES,Combined TRACON& Tower with Radar,8,52,33,0,93,0,0,32,0,32,8,52,65,0,125,33,0,33,158
03/23/2006,AVL,NC,ASO,ES,Combined TRACON& Tower with Radar,7,47,45,5,104,0,1,54,0,55,7,48,99,5,159,80,10,90,249
03/24/2006,AVL,NC,ASO,ES,Combined TRACON& Tower with Radar,11,40,37,0,88,0,0,3,0,3,11,40,40,0,91,0,0,0,91
03/25/2006,AVL,NC,ASO,ES,Combined TRACON& Tower with Radar,7,39,34,2,82,0,0,8,0,8,7,39,42,2,90,22,2,24,114
03/26/2006,AVL,NC,ASO,ES,Combined TRACON& Tower with Radar,9,34,49,1,93,0,0,27,2,29,9,34,76,3,122,32,4,36,158
03/27/2006,AVL,NC,ASO,ES,Combined TRACON& Tower with Radar,9,42,38,7,96,0,4,74,4,82,9,46,112,11,178,60,2,62,240
03/28/2006,AVL,NC,ASO,ES,Combined TRACON& Tower with Radar,9,46,42,0,97,0,0,36,1,37,9,46,78,1,134,55,0,55,189
03/29/2006,AVL,NC,ASO,ES,Combined TRACON& Tower with Radar,12,48,72,1,133,0,0,55,2,57,12,48,127,3,190,74,0,74,264
03/30/2006,AVL,NC,ASO,ES,Combined TRACON& Tower with Radar,10,52,40,4,106,0,2,52,1,55,10,54,92,5,161,88,11,99,260
03/31/2006,AVL,NC,ASO,ES,Combined TRACON& Tower with Radar,8,46,67,2,123,0,0,10,0,10,8,46,77,2,133,24,0,24,157
04/01/2006,AVL,NC,ASO,ES,Combined TRACON& Tower with Radar,11,29,43,7,90,0,0,24,0,24,11,29,67,7,114,52,4,56,170
04/02/2006,AVL,NC,ASO,ES,Combined TRACON& Tower with Radar,8,37,47,3,95,0,0,64,0,64,8,37,111,3,159,42,0,42,201
04/03/2006,AVL,NC,ASO,ES,Combined TRACON& Tower with Radar,4,50,26,2,82,0,0,11,0,11,4,50,37,2,93,14,0,14,107
04/04/2006,AVL,NC,ASO,ES,Combined TRACON& Tower with Radar,8,47,55,15,125,0,0,42,2,44,8,47,97,17,169,24,83,107,276
04/05/2006,AVL,NC,ASO,ES,Combined TRACON& Tower with Radar,9,56,29,12,106,0,1,39,1,41,9,57,68,13,147,7,10,17,164
04/06/2006,AVL,NC,ASO,ES,Combined TRACON& Tower with Radar,7,48,41,3,99,0,0,52,9,61,7,48,93,12,160,24,0,24,184
04/07/2006,AVL,NC,ASO,ES,Combined TRACON& Tower with Radar,8,47,55,15,125,0,0,42,2,44,8,47,97,17,169,24,83,107,276
04/08/2006,AVL,NC,ASO,ES,Combined TRACON& Tower with Radar,12,33,16,0,61,0,0,7,0,7,12,33,23,0,68,32,0,32,100
04/09/2006,AVL,NC,ASO,ES,Combined TRACON& Tower with Radar,8,46,53,7,114,0,0,84,3,87,8,46,137,10,201,76,0,76,277
04/10/2006,AVL,NC,ASO,ES,Combined TRACON& Tower with Radar,12,46,29,1,88,0,0,58,1,59,12,46,87,2,147,108,0,108,255
04/11/2006,AVL,NC,ASO,ES,Combined TRACON& Tower with Radar,9,40,36,13,98,0,0,46,0,46,9,40,82,13,144,69,4,73,217
04/12/2006,AVL,NC,ASO,ES,Combined TRACON& Tower with Radar,8,56,63,7,134,0,2,44,0,46,8,58,107,7,180,76,4,80,260
04/13/2006,AVL,NC,ASO,ES,Combined TRACON& Tower with Radar,10,49,69,8,136,0,1,72,0,73,10,50,141,8,209,118,0,118,327
04/14/2006,AVL,NC,ASO,ES,Combined TRACON& Tower with Radar,10,52,50,15,127,0,1,69,1,71,10,53,119,16,198,48,0,48,246
04/15/2006,AVL,NC,ASO,ES,Combined TRACON& Tower with Radar,8,34,35,0,77,0,0,68,0,68,8,34,103,0,145,44,0,44,189
04/16/2006,AVL,NC,ASO,ES,Combined TRACON& Tower with Radar,7,39,37,0,83,0,0,54,0,54,7,39,91,0,137,39,0,39,176
04/17/2006,AVL,NC,ASO,ES,Combined TRACON& Tower with Radar,10,49,49,4,112,0,0,31,2,33,10,49,80,6,145,12,0,12,157
04/18/2006,AVL,NC,ASO,ES,Combined TRACON& Tower with Radar,10,46,57,14,127,0,0,43,1,44,10,46,100,15,171,37,2,39,210
04/19/2006,AVL,NC,ASO,ES,Combined TRACON& Tower with Radar,9,50,37,3,99,0,0,7,1,8,9,50,44,4,107,23,5,28,135
04/20/2006,AVL,NC,ASO,ES,Combined TRACON& Tower with Radar,8,61,64,6,139,0,0,28,0,28,8,61,92,6,167,22,8,30,197
04/21/2006,AVL,NC,ASO,ES,Combined TRACON& Tower with Radar,10,45,63,0,118,0,0,6,0,6,10,45,69,0,124,4,0,4,128
04/22/2006,AVL,NC,ASO,ES,Combined TRACON& Tower with Radar,7,34,34,2,77,0,0,4,0,4,7,34,38,2,81,0,0,0,81
04/23/2006,AVL,NC,ASO,ES,Combined TRACON& Tower with Radar,9,36,60,1,106,0,0,40,0,40,9,36,100,1,146,57,0,57,203
04/24/2006,AVL,NC,ASO,ES,Combined TRACON& Tower with Radar,9,43,50,4,106,0,0,26,0,26,9,43,76,4,132,21,0,21,153
04/25/2006,AVL,NC,ASO,ES,Combined TRACON& Tower with Radar,8,43,48,2,101,0,0,19,0,19,8,43,67,2,120,9,0,9,129
04/26/2006,AVL,NC,ASO,ES,Combined TRACON& Tower with Radar,11,58,42,7,118,0,0,1,0,1,11,58,43,7,119,0,0,0,119
04/27/2006,AVL,NC,ASO,ES,Combined TRACON& Tower with Radar,11,46,98,7,162,0,0,31,2,33,11,46,129,9,195,49,4,53,248
04/28/2006,AVL,NC,ASO,ES,Combined TRACON& Tower with Radar,10,47,66,13,136,0,0,79,2,81,10,47,145,15,217,21,12,33,250
04/29/2006,AVL,NC,ASO,ES,Combined TRACON& Tower with Radar,10,36,49,1,96,0,0,53,1,54,10,36,102,2,150,51,6,57,207
04/30/2006,AVL,NC,ASO,ES,Combined TRACON& Tower with Radar,5,43,71,3,122,0,0,26,0,26,5,43,97,3,148,26,0,26,174
05/01/2006,AVL,NC,ASO,ES,Combined TRACON& Tower with Radar,8,49,68,2,127,0,0,34,2,36,8,49,102,4,163,34,2,36,199
05/02/2006,AVL,NC,ASO,ES,Combined TRACON& Tower with Radar,10,55,43,6,114,0,0,35,4,39,10,55,78,10,153,32,3,35,188
05/03/2006,AVL,NC,ASO,ES,Combined TRACON& Tower with Radar,11,62,70,10,153,0,0,52,0,52,11,62,122,10,205,30,0,30,235
05/04/2006,AVL,NC,ASO,ES,Combined TRACON& Tower with Radar,8,56,69,8,141,0,0,40,1,41,8,56,109,9,182,38,30,68,250
05/05/2006,AVL,NC,ASO,ES,Combined TRACON& Tower with Radar,11,61,64,4,140,0,0,7,0,7,11,61,71,4,147,30,0,30,177
05/06/2006,AVL,NC,ASO,ES,Combined TRACON& Tower with Radar,8,38,35,3,84,0,1,47,0,48,8,39,82,3,132,25,8,33,165
05/07/2006,AVL,NC,ASO,ES,Combined TRACON& Tower with Radar,7,55,57,2,121,0,0,0,0,0,7,55,57,2,121,0,0,0,121
05/08/2006,AVL,NC,ASO,ES,Combined TRACON& Tower with Radar,8,50,63,2,123,0,0,10,0,10,8,50,73,2,133,6,0,6,139
05/09/2006,AVL,NC,ASO,ES,Combined TRACON& Tower with Radar,7,43,64,0,114,0,0,7,0,7,7,43,71,0,121,22,0,22,143
05/10/2006,AVL,NC,ASO,ES,Combined TRACON& Tower with Radar,8,60,73,0,141,0,0,15,0,15,8,60,88,0,156,40,0,40,196
05/11/2006,AVL,NC,ASO,ES,Combined TRACON& Tower with Radar,9,55,57,7,128,0,0,9,0,9,9,55,66,7,137,48,0,48,185
05/12/2006,AVL,NC,ASO,ES,Combined TRACON& Tower with Radar,9,64,81,9,163,0,0,77,8,85,9,64,158,17,248,56,14,70,318
05/13/2006,AVL,NC,ASO,ES,Combined TRACON& Tower with Radar,6,40,36,1,83,0,0,51,0,51,6,40,87,1,134,16,0,16,150
05/14/2006,AVL,NC,ASO,ES,Combined TRACON& Tower with Radar,7,39,47,2,95,0,0,20,0,20,7,39,67,2,115,52,0,52,167
05/15/2006,AVL,NC,ASO,ES,Combined TRACON& Tower with Radar,8,52,55,3,118,0,0,35,0,35,8,52,90,3,153,24,0,24,177
05/16/2006,AVL,NC,ASO,ES,Combined TRACON& Tower with Radar,8,50,68,5,131,0,0,33,0,33,8,50,101,5,164,26,0,26,190
05/17/2006,AVL,NC,ASO,ES,Combined TRACON& Tower with Radar,8,48,69,9,134,0,0,30,1,31,8,48,99,10,165,18,15,33,198
05/18/2006,AVL,NC,ASO,ES,Combined TRACON& Tower with Radar,7,59,51,2,119,0,0,23,4,27,7,59,74,6,146,14,2,16,162
05/19/2006,AVL,NC,ASO,ES,Combined TRACON& Tower with Radar,8,57,67,12,144,0,1,61,0,62,8,58,128,12,206,33,8,41,247
05/20/2006,AVL,NC,ASO,ES,Combined TRACON& Tower with Radar,5,51,31,0,87,0,0,28,0,28,5,51,59,0,115,24,0,24,139
05/21/2006,AVL,NC,ASO,ES,Combined TRACON& Tower with Radar,5,49,56,0,110,0,0,20,0,20,5,49,76,0,130,31,0,31,161
05/22/2006,AVL,NC,ASO,ES,Combined TRACON& Tower with Radar,6,57,51,20,134,0,1,25,7,33,6,58,76,27,167,43,23,66,233
05/23/2006,AVL,NC,ASO,ES,Combined TRACON& Tower with Radar,8,52,62,6,128,0,0,60,0,60,8,52,122,6,188,65,0,65,253
05/24/2006,AVL,NC,ASO,ES,Combined TRACON& Tower with Radar,8,58,46,4,116,0,0,78,3,81,8,58,124,7,197,48,0,48,245
05/25/2006,AVL,NC,ASO,ES,Combined TRACON& Tower with Radar,8,64,66,1,139,0,7,42,0,49,8,71,108,1,188,23,0,23,211
05/26/2006,AVL,NC,ASO,ES,Combined TRACON& Tower with Radar,8,68,91,0,167,0,0,35,2,37,8,68,126,2,204,28,0,28,232
05/27/2006,AVL,NC,ASO,ES,Combined TRACON& Tower with Radar,9,43,33,1,86,0,0,66,0,66,9,43,99,1,152,6,0,6,158
05/28/2006,AVL,NC,ASO,ES,Combined TRACON& Tower with Radar,5,43,41,1,90,0,3,63,0,66,5,46,104,1,156,58,0,58,214
05/29/2006,AVL,NC,ASO,ES,Combined TRACON& Tower with Radar,4,52,65,15,136,0,0,58,3,61,4,52,123,18,197,24,0,24,221
05/30/2006,AVL,NC,ASO,ES,Combined TRACON& Tower with Radar,6,51,69,8,134,0,0,28,6,34,6,51,97,14,168,22,10,32,200
05/31/2006,AVL,NC,ASO,ES,Combined TRACON& Tower with Radar,7,59,65,5,136,0,0,24,0,24,7,59,89,5,160,44,16,60,220
06/01/2006,AVL,NC,ASO,ES,Combined TRACON& Tower with Radar,8,49,63,7,127,0,0,38,2,40,8,49,101,9,167,51,0,51,218
06/02/2006,AVL,NC,ASO,ES,Combined TRACON& Tower with Radar,8,69,64,9,150,0,0,19,4,23,8,69,83,13,173,16,0,16,189
06/03/2006,AVL,NC,ASO,ES,Combined TRACON& Tower with Radar,6,37,37,0,80,0,0,30,6,36,6,37,67,6,116,8,4,12,128
06/04/2006,AVL,NC,ASO,ES,Combined TRACON& Tower with Radar,11,60,111,9,191,0,0,57,7,64,11,60,168,16,255,17,0,17,272
06/05/2006,AVL,NC,ASO,ES,Combined TRACON& Tower with Radar,8,49,53,13,123,0,0,33,0,33,8,49,86,13,156,26,0,26,182
06/06/2006,AVL,NC,ASO,ES,Combined TRACON& Tower with Radar,11,45,34,8,98,0,0,59,3,62,11,45,93,11,160,45,0,45,205
06/07/2006,AVL,NC,ASO,ES,Combined TRACON& Tower with Radar,6,52,72,7,137,0,0,74,5,79,6,52,146,12,216,80,31,111,327
06/08/2006,AVL,NC,ASO,ES,Combined TRACON& Tower with Radar,8,60,77,7,152,0,1,38,3,42,8,61,115,10,194,37,6,43,237
06/09/2006,AVL,NC,ASO,ES,Combined TRACON& Tower with Radar,8,53,76,12,149,0,0,62,4,66,8,53,138,16,215,39,3,42,257
06/10/2006,AVL,NC,ASO,ES,Combined TRACON& Tower with Radar,8,57,55,3,123,0,0,54,0,54,8,57,109,3,177,36,0,36,213
06/11/2006,AVL,NC,ASO,ES,Combined TRACON& Tower with Radar,9,66,73,0,148,0,0,33,0,33,9,66,106,0,181,1,0,1,182
06/12/2006,AVL,NC,ASO,ES,Combined TRACON& Tower with Radar,7,48,67,17,139,0,0,28,0,28,7,48,95,17,167,34,3,37,204
06/13/2006,AVL,NC,ASO,ES,Combined TRACON& Tower with Radar,7,46,35,13,101,0,0,23,2,25,7,46,58,15,126,74,14,88,214
06/14/2006,AVL,NC,ASO,ES,Combined TRACON& Tower with Radar,9,58,49,6,122,0,1,38,2,41,9,59,87,8,163,34,36,70,233
06/15/2006,AVL,NC,ASO,ES,Combined TRACON& Tower with Radar,9,62,77,5,153,0,0,70,1,71,9,62,147,6,224,57,0,57,281
06/16/2006,AVL,NC,ASO,ES,Combined TRACON& Tower with Radar,9,58,86,9,162,0,0,62,5,67,9,58,148,14,229,46,0,46,275
06/17/2006,AVL,NC,ASO,ES,Combined TRACON& Tower with Radar,8,51,56,3,118,0,3,45,1,49,8,54,101,4,167,50,0,50,217
06/18/2006,AVL,NC,ASO,ES,Combined TRACON& Tower with Radar,9,46,64,0,119,0,0,59,0,59,9,46,123,0,178,79,0,79,257
06/19/2006,AVL,NC,ASO,ES,Combined TRACON& Tower with Radar,7,51,67,13,138,0,0,35,0,35,7,51,102,13,173,38,6,44,217
06/20/2006,AVL,NC,ASO,ES,Combined TRACON& Tower with Radar,9,48,58,13,128,0,0,52,3,55,9,48,110,16,183,95,26,121,304
06/21/2006,AVL,NC,ASO,ES,Combined TRACON& Tower with Radar,9,54,69,2,134,0,0,59,5,64,9,54,128,7,198,82,0,82,280
06/22/2006,AVL,NC,ASO,ES,Combined TRACON& Tower with Radar,7,62,54,16,139,0,0,57,12,69,7,62,111,28,208,45,0,45,253
06/23/2006,AVL,NC,ASO,ES,Combined TRACON& Tower with Radar,8,60,131,16,215,0,2,16,1,19,8,62,147,17,234,12,0,12,246
06/24/2006,AVL,NC,ASO,ES,Combined TRACON& Tower with Radar,6,48,59,2,115,0,0,35,0,35,6,48,94,2,150,51,0,51,201
06/25/2006,AVL,NC,ASO,ES,Combined TRACON& Tower with Radar,8,60,81,0,149,0,0,8,0,8,8,60,89,0,157,28,0,28,185
06/26/2006,AVL,NC,ASO,ES,Combined TRACON& Tower with Radar,8,53,65,0,126,0,0,4,0,4,8,53,69,0,130,0,0,0,130
06/27/2006,AVL,NC,ASO,ES,Combined TRACON& Tower with Radar,8,53,68,2,131,0,0,23,0,23,8,53,91,2,154,63,0,63,217
06/28/2006,AVL,NC,ASO,ES,Combined TRACON& Tower with Radar,8,59,68,4,139,0,0,65,1,66,8,59,133,5,205,12,0,12,217
06/29/2006,AVL,NC,ASO,ES,Combined TRACON& Tower with Radar,9,59,102,2,172,0,1,73,0,74,9,60,175,2,246,38,16,54,300
06/30/2006,AVL,NC,ASO,ES,Combined TRACON& Tower with Radar,11,58,110,7,186,0,1,70,3,74,11,59,180,10,260,63,4,67,327
07/01/2006,AVL,NC,ASO,ES,Combined TRACON& Tower with Radar,4,48,67,0,119,0,4,78,0,82,4,52,145,0,201,46,0,46,247
07/02/2006,AVL,NC,ASO,ES,Combined TRACON& Tower with Radar,7,46,77,0,130,0,0,50,1,51,7,46,127,1,181,14,0,14,195
07/03/2006,AVL,NC,ASO,ES,Combined TRACON& Tower with Radar,6,46,79,0,131,0,1,46,1,48,6,47,125,1,179,38,0,38,217
07/04/2006,AVL,NC,ASO,ES,Combined TRACON& Tower with Radar,7,47,37,1,92,0,0,24,0,24,7,47,61,1,116,58,1,59,175
07/05/2006,AVL,NC,ASO,ES,Combined TRACON& Tower with Radar,8,62,92,0,162,0,0,13,0,13,8,62,105,0,175,6,0,6,181
07/06/2006,AVL,NC,ASO,ES,Combined TRACON& Tower with Radar,9,58,79,3,149,0,0,16,0,16,9,58,95,3,165,66,0,66,231
07/07/2006,AVL,NC,ASO,ES,Combined TRACON& Tower with Radar,7,57,79,13,156,0,0,35,0,35,7,57,114,13,191,59,0,59,250
07/08/2006,AVL,NC,ASO,ES,Combined TRACON& Tower with Radar,9,58,65,0,132,0,1,54,0,55,9,59,119,0,187,72,0,72,259
07/09/2006,AVL,NC,ASO,ES,Combined TRACON& Tower with Radar,5,51,137,4,197,0,0,29,0,29,5,51,166,4,226,38,0,38,264
07/10/2006,AVL,NC,ASO,ES,Combined TRACON& Tower with Radar,8,63,84,0,155,0,0,24,2,26,8,63,108,2,181,14,0,14,195
07/11/2006,AVL,NC,ASO,ES,Combined TRACON& Tower with Radar,8,64,66,5,143,0,0,20,3,23,8,64,86,8,166,41,2,43,209
07/12/2006,AVL,NC,ASO,ES,Combined TRACON& Tower with Radar,7,64,68,5,144,0,0,34,0,34,7,64,102,5,178,61,0,61,239
07/13/2006,AVL,NC,ASO,ES,Combined TRACON& Tower with Radar,8,57,95,5,165,0,0,37,0,37,8,57,132,5,202,26,0,26,228
07/14/2006,AVL,NC,ASO,ES,Combined TRACON& Tower with Radar,9,58,113,2,182,0,0,18,1,19,9,58,131,3,201,28,0,28,229
07/15/2006,AVL,NC,ASO,ES,Combined TRACON& Tower with Radar,12,45,34,0,91,0,0,50,0,50,12,45,84,0,141,22,0,22,163
07/16/2006,AVL,NC,ASO,ES,Combined TRACON& Tower with Radar,9,52,114,2,177,0,0,59,0,59,9,52,173,2,236,38,0,38,274
07/17/2006,AVL,NC,ASO,ES,Combined TRACON& Tower with Radar,9,55,73,1,138,0,0,63,1,64,9,55,136,2,202,59,0,59,261
07/18/2006,AVL,NC,ASO,ES,Combined TRACON& Tower with Radar,8,57,63,3,131,0,0,68,6,74,8,57,131,9,205,8,0,8,213
07/19/2006,AVL,NC,ASO,ES,Combined TRACON& Tower with Radar,9,56,74,0,139,0,0,40,0,40,9,56,114,0,179,60,0,60,239
07/20/2006,AVL,NC,ASO,ES,Combined TRACON& Tower with Radar,10,65,89,0,164,0,0,36,1,37,10,65,125,1,201,47,0,47,248
07/21/2006,AVL,NC,ASO,ES,Combined TRACON& Tower with Radar,8,66,107,2,183,0,0,38,2,40,8,66,145,4,223,62,10,72,295
07/22/2006,AVL,NC,ASO,ES,Combined TRACON& Tower with Radar,13,58,51,0,122,0,0,26,0,26,13,58,77,0,148,36,0,36,184
07/23/2006,AVL,NC,ASO,ES,Combined TRACON& Tower with Radar,10,55,102,2,169,0,0,39,0,39,10,55,141,2,208,41,0,41,249
07/24/2006,AVL,NC,ASO,ES,Combined TRACON& Tower with Radar,8,55,88,4,155,0,0,20,2,22,8,55,108,6,177,42,8,50,227
07/25/2006,AVL,NC,ASO,ES,Combined TRACON& Tower with Radar,9,53,78,6,146,0,0,24,5,29,9,53,102,11,175,97,30,127,302
07/26/2006,AVL,NC,ASO,ES,Combined TRACON& Tower with Radar,9,60,89,5,163,0,0,43,7,50,9,60,132,12,213,55,0,55,268
07/27/2006,AVL,NC,ASO,ES,Combined TRACON& Tower with Radar,8,56,80,1,145,0,0,62,8,70,8,56,142,9,215,66,0,66,281
07/28/2006,AVL,NC,ASO,ES,Combined TRACON& Tower with Radar,8,61,125,12,206,0,1,38,8,47,8,62,163,20,253,50,22,72,325
07/29/2006,AVL,NC,ASO,ES,Combined TRACON& Tower with Radar,8,47,72,0,127,0,0,13,9,22,8,47,85,9,149,12,78,90,239
07/30/2006,AVL,NC,ASO,ES,Combined TRACON& Tower with Radar,8,51,67,6,132,0,0,31,1,32,8,51,98,7,164,65,48,113,277
07/31/2006,AVL,NC,ASO,ES,Combined TRACON& Tower with Radar,8,66,61,1,136,0,0,37,3,40,8,66,98,4,176,34,0,34,210
08/01/2006,AVL,NC,ASO,ES,Combined TRACON& Tower with Radar,7,58,81,9,155,0,1,36,5,42,7,59,117,14,197,48,55,103,300
08/02/2006,AVL,NC,ASO,ES,Combined TRACON& Tower with Radar,8,54,75,14,151,0,0,44,0,44,8,54,119,14,195,74,9,83,278
08/03/2006,AVL,NC,ASO,ES,Combined TRACON& Tower with Radar,10,51,69,5,135,0,4,41,3,48,10,55,110,8,183,34,23,57,240
08/04/2006,AVL,NC,ASO,ES,Combined TRACON& Tower with Radar,9,55,79,8,151,0,0,40,0,40,9,55,119,8,191,79,0,79,270
08/05/2006,AVL,NC,ASO,ES,Combined TRACON& Tower with Radar,11,53,98,0,162,0,0,27,2,29,11,53,125,2,191,101,0,101,292
08/06/2006,AVL,NC,ASO,ES,Combined TRACON& Tower with Radar,8,43,111,5,167,0,0,13,2,15,8,43,124,7,182,16,12,28,210
08/07/2006,AVL,NC,ASO,ES,Combined TRACON& Tower with Radar,7,55,57,1,120,0,2,27,0,29,7,57,84,1,149,67,2,69,218
08/08/2006,AVL,NC,ASO,ES,Combined TRACON& Tower with Radar,7,56,60,14,137,0,1,28,0,29,7,57,88,14,166,72,24,96,262
08/09/2006,AVL,NC,ASO,ES,Combined TRACON& Tower with Radar,7,60,64,1,132,0,0,48,1,49,7,60,112,2,181,92,0,92,273
08/10/2006,AVL,NC,ASO,ES,Combined TRACON& Tower with Radar,12,64,59,4,139,0,1,51,0,52,12,65,110,4,191,69,0,69,260
08/11/2006,AVL,NC,ASO,ES,Combined TRACON& Tower with Radar,12,75,96,12,195,0,0,40,0,40,12,75,136,12,235,65,0,65,300
08/12/2006,AVL,NC,ASO,ES,Combined TRACON& Tower with Radar,12,47,65,0,124,0,0,0,0,0,12,47,65,0,124,10,0,10,134
08/13/2006,AVL,NC,ASO,ES,Combined TRACON& Tower with Radar,12,61,73,2,148,0,0,60,2,62,12,61,133,4,210,58,0,58,268
08/14/2006,AVL,NC,ASO,ES,Combined TRACON& Tower with Radar,9,58,61,10,138,0,1,44,2,47,9,59,105,12,185,76,26,102,287
08/15/2006,AVL,NC,ASO,ES,Combined TRACON& Tower with Radar,6,52,72,3,133,0,0,26,0,26,6,52,98,3,159,51,0,51,210
08/16/2006,AVL,NC,ASO,ES,Combined TRACON& Tower with Radar,8,63,64,14,149,0,5,14,2,21,8,68,78,16,170,55,13,68,238
08/17/2006,AVL,NC,ASO,ES,Combined TRACON& Tower with Radar,9,62,95,6,172,0,0,63,0,63,9,62,158,6,235,81,0,81,316
08/18/2006,AVL,NC,ASO,ES,Combined TRACON& Tower with Radar,9,56,100,16,181,0,0,70,4,74,9,56,170,20,255,46,21,67,322
08/19/2006,AVL,NC,ASO,ES,Combined TRACON& Tower with Radar,11,48,64,1,124,0,0,39,0,39,11,48,103,1,163,56,0,56,219
08/20/2006,AVL,NC,ASO,ES,Combined TRACON& Tower with Radar,9,58,74,15,156,0,0,3,7,10,9,58,77,22,166,3,0,3,169
08/21/2006,AVL,NC,ASO,ES,Combined TRACON& Tower with Radar,6,59,92,4,161,0,0,29,7,36,6,59,121,11,197,44,8,52,249
08/22/2006,AVL,NC,ASO,ES,Combined TRACON& Tower with Radar,10,45,74,11,140,0,0,17,7,24,10,45,91,18,164,88,2,90,254
08/23/2006,AVL,NC,ASO,ES,Combined TRACON& Tower with Radar,8,48,103,9,168,0,0,39,7,46,8,48,142,16,214,85,0,85,299
08/24/2006,AVL,NC,ASO,ES,Combined TRACON& Tower with Radar,7,49,86,7,149,0,2,30,5,37,7,51,116,12,186,64,6,70,256
08/25/2006,AVL,NC,ASO,ES,Combined TRACON& Tower with Radar,6,69,97,14,186,0,0,63,0,63,6,69,160,14,249,70,8,78,327
08/26/2006,AVL,NC,ASO,ES,Combined TRACON& Tower with Radar,9,43,71,2,125,0,0,64,6,70,9,43,135,8,195,45,24,69,264
08/27/2006,AVL,NC,ASO,ES,Combined TRACON& Tower with Radar,7,54,93,2,156,0,0,48,1,49,7,54,141,3,205,18,0,18,223
08/28/2006,AVL,NC,ASO,ES,Combined TRACON& Tower with Radar,7,52,57,0,116,0,2,24,5,31,7,54,81,5,147,42,8,50,197
08/29/2006,AVL,NC,ASO,ES,Combined TRACON& Tower with Radar,8,52,59,4,123,0,0,28,3,31,8,52,87,7,154,60,0,60,214
08/30/2006,AVL,NC,ASO,ES,Combined TRACON& Tower with Radar,4,57,63,2,126,0,0,19,4,23,4,57,82,6,149,14,0,14,163
08/31/2006,AVL,NC,ASO,ES,Combined TRACON& Tower with Radar,6,60,68,4,138,0,0,0,0,0,6,60,68,4,138,6,0,6,144
09/01/2006,AVL,NC,ASO,ES,Combined TRACON& Tower with Radar,6,61,98,0,165,1,0,7,0,8,7,61,105,0,173,13,0,13,186
09/02/2006,AVL,NC,ASO,ES,Combined TRACON& Tower with Radar,9,50,83,0,142,0,0,22,0,22,9,50,105,0,164,41,0,41,205
09/03/2006,AVL,NC,ASO,ES,Combined TRACON& Tower with Radar,8,38,64,0,110,0,0,10,0,10,8,38,74,0,120,29,0,29,149
09/04/2006,AVL,NC,ASO,ES,Combined TRACON& Tower with Radar,4,56,91,0,151,0,0,13,0,13,4,56,104,0,164,29,0,29,193
09/05/2006,AVL,NC,ASO,ES,Combined TRACON& Tower with Radar,8,49,69,1,127,0,0,8,0,8,8,49,77,1,135,20,8,28,163
09/06/2006,AVL,NC,ASO,ES,Combined TRACON& Tower with Radar,5,58,85,11,159,0,2,42,6,50,5,60,127,17,209,58,0,58,267
09/07/2006,AVL,NC,ASO,ES,Combined TRACON& Tower with Radar,6,55,58,10,129,0,2,21,1,24,6,57,79,11,153,68,0,68,221
09/08/2006,AVL,NC,ASO,ES,Combined TRACON& Tower with Radar,8,52,80,5,145,0,0,43,1,44,8,52,123,6,189,74,0,74,263
09/09/2006,AVL,NC,ASO,ES,Combined TRACON& Tower with Radar,4,52,65,1,122,0,1,51,1,53,4,53,116,2,175,40,0,40,215
09/10/2006,AVL,NC,ASO,ES,Combined TRACON& Tower with Radar,8,48,52,8,116,0,0,53,2,55,8,48,105,10,171,33,4,37,208
09/11/2006,AVL,NC,ASO,ES,Combined TRACON& Tower with Radar,5,50,56,21,132,0,2,11,3,16,5,52,67,24,148,6,10,16,164
09/12/2006,AVL,NC,ASO,ES,Combined TRACON& Tower with Radar,6,58,73,0,137,0,3,7,0,10,6,61,80,0,147,14,0,14,161
09/13/2006,AVL,NC,ASO,ES,Combined TRACON& Tower with Radar,4,58,51,0,113,0,0,0,0,0,4,58,51,0,113,0,0,0,113
09/14/2006,AVL,NC,ASO,ES,Combined TRACON& Tower with Radar,6,51,93,8,158,0,1,65,2,68,6,52,158,10,226,63,7,70,296
09/15/2006,AVL,NC,ASO,ES,Combined TRACON& Tower with Radar,7,53,65,2,127,0,3,87,23,113,7,56,152,25,240,38,4,42,282
09/16/2006,AVL,NC,ASO,ES,Combined TRACON& Tower with Radar,4,41,35,10,90,0,5,70,6,81,4,46,105,16,171,78,38,116,287
09/17/2006,AVL,NC,ASO,ES,Combined TRACON& Tower with Radar,8,51,98,5,162,0,0,72,2,74,8,51,170,7,236,39,0,39,275
09/18/2006,AVL,NC,ASO,ES,Combined TRACON& Tower with Radar,11,48,61,7,127,0,0,33,5,38,11,48,94,12,165,59,0,59,224
09/19/2006,AVL,NC,ASO,ES,Combined TRACON& Tower with Radar,4,53,46,8,111,0,1,18,9,28,4,54,64,17,139,46,2,48,187
09/20/2006,AVL,NC,ASO,ES,Combined TRACON& Tower with Radar,4,53,87,2,146,0,0,49,5,54,4,53,136,7,200,45,0,45,245
09/21/2006,AVL,NC,ASO,ES,Combined TRACON& Tower with Radar,6,56,85,13,160,0,0,68,3,71,6,56,153,16,231,92,12,104,335
09/22/2006,AVL,NC,ASO,ES,Combined TRACON& Tower with Radar,6,56,88,7,157,0,0,9,2,11,6,56,97,9,168,45,0,45,213
09/23/2006,AVL,NC,ASO,ES,Combined TRACON& Tower with Radar,7,47,37,0,91,0,0,37,0,37,7,47,74,0,128,82,0,82,210
09/24/2006,AVL,NC,ASO,ES,Combined TRACON& Tower with Radar,11,60,84,1,156,0,0,11,0,11,11,60,95,1,167,48,0,48,215
09/25/2006,AVL,NC,ASO,ES,Combined TRACON& Tower with Radar,9,59,67,0,135,0,0,42,2,44,9,59,109,2,179,62,0,62,241
09/26/2006,AVL,NC,ASO,ES,Combined TRACON& Tower with Radar,5,63,53,7,128,0,0,55,2,57,5,63,108,9,185,73,0,73,258
09/27/2006,AVL,NC,ASO,ES,Combined TRACON& Tower with Radar,2,62,64,13,141,0,0,42,0,42,2,62,106,13,183,109,2,111,294
09/28/2006,AVL,NC,ASO,ES,Combined TRACON& Tower with Radar,5,74,67,7,153,0,0,32,0,32,5,74,99,7,185,18,32,50,235
09/29/2006,AVL,NC,ASO,ES,Combined TRACON& Tower with Radar,8,59,63,0,130,0,0,60,0,60,8,59,123,0,190,48,0,48,238
09/30/2006,AVL,NC,ASO,ES,Combined TRACON& Tower with Radar,2,50,52,0,104,0,0,70,0,70,2,50,122,0,174,82,0,82,256
10/01/2006,AVL,NC,ASO,ES,Combined TRACON& Tower with Radar,7,47,72,0,126,0,0,68,0,68,7,47,140,0,194,68,0,68,262
10/02/2006,AVL,NC,ASO,ES,Combined TRACON& Tower with Radar,7,53,67,9,136,0,0,61,0,61,7,53,128,9,197,71,0,71,268
10/03/2006,AVL,NC,ASO,ES,Combined TRACON& Tower with Radar,6,49,58,15,128,0,0,61,5,66,6,49,119,20,194,104,7,111,305
10/04/2006,AVL,NC,ASO,ES,Combined TRACON& Tower with Radar,4,63,80,18,165,0,0,58,0,58,4,63,138,18,223,29,0,29,252
10/05/2006,AVL,NC,ASO,ES,Combined TRACON& Tower with Radar,8,54,95,12,169,0,0,53,1,54,8,54,148,13,223,48,0,48,271
10/06/2006,AVL,NC,ASO,ES,Combined TRACON& Tower with Radar,9,55,91,1,156,0,0,29,2,31,9,55,120,3,187,6,0,6,193
10/07/2006,AVL,NC,ASO,ES,Combined TRACON& Tower with Radar,7,43,48,0,98,0,0,28,4,32,7,43,76,4,130,6,0,6,136
10/08/2006,AVL,NC,ASO,ES,Combined TRACON& Tower with Radar,9,47,74,3,133,0,0,2,0,2,9,47,76,3,135,2,14,16,151
10/09/2006,AVL,NC,ASO,ES,Combined TRACON& Tower with Radar,8,50,83,0,141,0,2,54,4,60,8,52,137,4,201,89,0,89,290
10/10/2006,AVL,NC,ASO,ES,Combined TRACON& Tower with Radar,6,55,64,3,128,0,0,83,0,83,6,55,147,3,211,71,0,71,282
10/11/2006,AVL,NC,ASO,ES,Combined TRACON& Tower with Radar,8,57,65,4,134,0,0,16,1,17,8,57,81,5,151,32,0,32,183
10/12/2006,AVL,NC,ASO,ES,Combined TRACON& Tower with Radar,9,70,98,3,180,0,1,45,2,48,9,71,143,5,228,31,0,31,259
10/13/2006,AVL,NC,ASO,ES,Combined TRACON& Tower with Radar,7,58,82,17,164,0,0,89,1,90,7,58,171,18,254,41,12,53,307
10/14/2006,AVL,NC,ASO,ES,Combined TRACON& Tower with Radar,3,49,53,6,111,0,1,66,0,67,3,50,119,6,178,33,0,33,211
10/15/2006,AVL,NC,ASO,ES,Combined TRACON& Tower with Radar,9,53,85,2,149,0,1,91,2,94,9,54,176,4,243,41,0,41,284
10/16/2006,AVL,NC,ASO,ES,Combined TRACON& Tower with Radar,10,49,74,22,155,0,2,35,2,39,10,51,109,24,194,49,18,67,261
10/17/2006,AVL,NC,ASO,ES,Combined TRACON& Tower with Radar,6,50,56,0,112,0,0,0,0,0,6,50,56,0,112,0,0,0,112
10/18/2006,AVL,NC,ASO,ES,Combined TRACON& Tower with Radar,12,68,81,16,177,0,1,50,4,55,12,69,131,20,232,82,2,84,316
10/19/2006,AVL,NC,ASO,ES,Combined TRACON& Tower with Radar,21,56,66,14,157,0,1,12,0,13,21,57,78,14,170,12,0,12,182
10/20/2006,AVL,NC,ASO,ES,Combined TRACON& Tower with Radar,8,59,109,2,178,0,0,45,4,49,8,59,154,6,227,62,8,70,297
10/21/2006,AVL,NC,ASO,ES,Combined TRACON& Tower with Radar,9,46,63,5,123,0,0,129,7,136,9,46,192,12,259,6,14,20,279
10/22/2006,AVL,NC,ASO,ES,Combined TRACON& Tower with Radar,8,59,105,3,175,0,0,95,1,96,8,59,200,4,271,29,0,29,300
10/23/2006,AVL,NC,ASO,ES,Combined TRACON& Tower with Radar,7,57,73,11,148,0,0,27,1,28,7,57,100,12,176,6,32,38,214
10/24/2006,AVL,NC,ASO,ES,Combined TRACON& Tower with Radar,7,60,67,10,144,0,0,48,5,53,7,60,115,15,197,53,0,53,250
10/25/2006,AVL,NC,ASO,ES,Combined TRACON& Tower with Radar,8,58,80,18,164,0,0,75,1,76,8,58,155,19,240,124,26,150,390
10/26/2006,AVL,NC,ASO,ES,Combined TRACON& Tower with Radar,7,56,73,7,143,0,0,47,0,47,7,56,120,7,190,48,16,64,254
10/27/2006,AVL,NC,ASO,ES,Combined TRACON& Tower with Radar,4,60,48,1,113,0,0,0,0,0,4,60,48,1,113,0,0,0,113
10/28/2006,AVL,NC,ASO,ES,Combined TRACON& Tower with Radar,2,47,26,2,77,0,0,8,0,8,2,47,34,2,85,0,8,8,93
10/29/2006,AVL,NC,ASO,ES,Combined TRACON& Tower with Radar,8,55,70,11,144,0,1,89,2,92,8,56,159,13,236,32,0,32,268
10/30/2006,AVL,NC,ASO,ES,Combined TRACON& Tower with Radar,8,56,48,8,120,0,0,77,0,77,8,56,125,8,197,28,8,36,233
10/31/2006,AVL,NC,ASO,ES,Combined TRACON& Tower with Radar,9,48,34,13,104,0,0,43,0,43,9,48,77,13,147,44,4,48,195
11/01/2006,AVL,NC,ASO,ES,Combined TRACON& Tower with Radar,3,50,61,8,122,0,0,30,0,30,3,50,91,8,152,60,0,60,212
11/02/2006,AVL,NC,ASO,ES,Combined TRACON& Tower with Radar,8,58,65,1,132,0,0,13,13,26,8,58,78,14,158,0,0,0,158
11/03/2006,AVL,NC,ASO,ES,Combined TRACON& Tower with Radar,8,57,77,8,150,0,0,74,7,81,8,57,151,15,231,36,2,38,269
11/04/2006,AVL,NC,ASO,ES,Combined TRACON& Tower with Radar,7,52,51,22,132,0,2,71,2,75,7,54,122,24,207,54,6,60,267
11/05/2006,AVL,NC,ASO,ES,Combined TRACON& Tower with Radar,7,49,63,3,122,0,0,86,0,86,7,49,149,3,208,45,0,45,253
11/06/2006,AVL,NC,ASO,ES,Combined TRACON& Tower with Radar,7,50,63,0,120,0,1,36,0,37,7,51,99,0,157,32,0,32,189
11/07/2006,AVL,NC,ASO,ES,Combined TRACON& Tower with Radar,4,49,26,0,79,0,0,0,0,0,4,49,26,0,79,0,0,0,79
11/08/2006,AVL,NC,ASO,ES,Combined TRACON& Tower with Radar,6,52,53,9,120,0,0,10,0,10,6,52,63,9,130,23,0,23,153
11/09/2006,AVL,NC,ASO,ES,Combined TRACON& Tower with Radar,8,50,53,7,118,0,0,53,6,59,8,50,106,13,177,16,16,32,209
11/10/2006,AVL,NC,ASO,ES,Combined TRACON& Tower with Radar,6,56,61,0,123,0,0,84,0,84,6,56,145,0,207,75,0,75,282
11/11/2006,AVL,NC,ASO,ES,Combined TRACON& Tower with Radar,4,43,16,0,63,0,0,27,0,27,4,43,43,0,90,25,0,25,115
11/12/2006,AVL,NC,ASO,ES,Combined TRACON& Tower with Radar,6,44,40,0,90,0,0,8,0,8,6,44,48,0,98,0,0,0,98
11/13/2006,AVL,NC,ASO,ES,Combined TRACON& Tower with Radar,8,48,60,0,116,0,0,55,3,58,8,48,115,3,174,62,0,62,236
11/14/2006,AVL,NC,ASO,ES,Combined TRACON& Tower with Radar,6,53,42,13,114,0,3,50,15,68,6,56,92,28,182,84,0,84,266
11/15/2006,AVL,NC,ASO,ES,Combined TRACON& Tower with Radar,4,55,54,2,115,0,0,5,0,5,4,55,59,2,120,2,0,2,122
11/16/2006,AVL,NC,ASO,ES,Combined TRACON& Tower with Radar,4,55,49,10,118,0,4,21,5,30,4,59,70,15,148,12,10,22,170
11/17/2006,AVL,NC,ASO,ES,Combined TRACON& Tower with Radar,13,64,60,12,149,0,11,46,12,69,13,75,106,24,218,56,5,61,279
11/18/2006,AVL,NC,ASO,ES,Combined TRACON& Tower with Radar,6,40,48,3,97,0,0,55,9,64,6,40,103,12,161,20,0,20,181
11/19/2006,AVL,NC,ASO,ES,Combined TRACON& Tower with Radar,8,55,51,2,116,0,0,27,3,30,8,55,78,5,146,30,26,56,202
11/20/2006,AVL,NC,ASO,ES,Combined TRACON& Tower with Radar,7,45,50,0,102,0,0,12,5,17,7,45,62,5,119,9,0,9,128
11/21/2006,AVL,NC,ASO,ES,Combined TRACON& Tower with Radar,9,47,65,7,128,0,0,35,4,39,9,47,100,11,167,30,9,39,206
11/22/2006,AVL,NC,ASO,ES,Combined TRACON& Tower with Radar,8,60,79,0,147,0,0,11,0,11,8,60,90,0,158,7,0,7,165
11/23/2006,AVL,NC,ASO,ES,Combined TRACON& Tower with Radar,5,28,22,0,55,0,0,21,0,21,5,28,43,0,76,2,0,2,78
11/24/2006,AVL,NC,ASO,ES,Combined TRACON& Tower with Radar,5,43,30,0,78,0,1,88,0,89,5,44,118,0,167,66,0,66,233
11/25/2006,AVL,NC,ASO,ES,Combined TRACON& Tower with Radar,6,52,44,4,106,0,0,84,0,84,6,52,128,4,190,31,0,31,221
11/26/2006,AVL,NC,ASO,ES,Combined TRACON& Tower with Radar,6,55,89,0,150,0,0,85,0,85,6,55,174,0,235,26,0,26,261
11/27/2006,AVL,NC,ASO,ES,Combined TRACON& Tower with Radar,8,56,42,5,111,0,0,62,0,62,8,56,104,5,173,100,2,102,275
11/28/2006,AVL,NC,ASO,ES,Combined TRACON& Tower with Radar,9,56,57,0,122,0,0,47,0,47,9,56,104,0,169,50,0,50,219
11/29/2006,AVL,NC,ASO,ES,Combined TRACON& Tower with Radar,8,52,74,2,136,0,0,3,0,3,8,52,77,2,139,52,0,52,191
11/30/2006,AVL,NC,ASO,ES,Combined TRACON& Tower with Radar,8,51,48,0,107,0,0,2,0,2,8,51,50,0,109,10,0,10,119
12/01/2006,AVL,NC,ASO,ES,Combined TRACON& Tower with Radar,7,53,41,10,111,0,0,5,0,5,7,53,46,10,116,4,0,4,120
12/02/2006,AVL,NC,ASO,ES,Combined TRACON& Tower with Radar,5,35,24,2,66,0,0,73,3,76,5,35,97,5,142,50,0,50,192
12/03/2006,AVL,NC,ASO,ES,Combined TRACON& Tower with Radar,6,40,55,0,101,0,0,44,4,48,6,40,99,4,149,66,0,66,215
12/04/2006,AVL,NC,ASO,ES,Combined TRACON& Tower with Radar,8,44,55,12,119,0,0,34,4,38,8,44,89,16,157,22,0,22,179
12/05/2006,AVL,NC,ASO,ES,Combined TRACON& Tower with Radar,6,46,55,6,113,0,0,59,0,59,6,46,114,6,172,61,0,61,233
12/06/2006,AVL,NC,ASO,ES,Combined TRACON& Tower with Radar,6,51,48,3,108,0,2,50,0,52,6,53,98,3,160,36,0,36,196
12/07/2006,AVL,NC,ASO,ES,Combined TRACON& Tower with Radar,8,46,48,0,102,0,2,5,0,7,8,48,53,0,109,24,0,24,133
12/08/2006,AVL,NC,ASO,ES,Combined TRACON& Tower with Radar,8,46,41,3,98,0,0,46,1,47,8,46,87,4,145,41,0,41,186
12/09/2006,AVL,NC,ASO,ES,Combined TRACON& Tower with Radar,4,34,25,0,63,0,5,72,0,77,4,39,97,0,140,44,0,44,184
12/10/2006,AVL,NC,ASO,ES,Combined TRACON& Tower with Radar,4,51,41,4,100,0,1,52,0,53,4,52,93,4,153,40,0,40,193
12/11/2006,AVL,NC,ASO,ES,Combined TRACON& Tower with Radar,6,48,40,11,105,0,2,54,0,56,6,50,94,11,161,21,0,21,182
12/12/2006,AVL,NC,ASO,ES,Combined TRACON& Tower with Radar,7,43,41,1,92,0,2,50,0,52,7,45,91,1,144,58,0,58,202
12/13/2006,AVL,NC,ASO,ES,Combined TRACON& Tower with Radar,6,51,47,0,104,0,0,26,2,28,6,51,73,2,132,58,0,58,190
12/14/2006,AVL,NC,ASO,ES,Combined TRACON& Tower with Radar,4,44,79,2,129,0,0,55,0,55,4,44,134,2,184,23,0,23,207
12/15/2006,AVL,NC,ASO,ES,Combined TRACON& Tower with Radar,7,46,70,0,123,0,1,70,1,72,7,47,140,1,195,62,0,62,257
12/16/2006,AVL,NC,ASO,ES,Combined TRACON& Tower with Radar,4,41,33,0,78,0,0,74,0,74,4,41,107,0,152,13,0,13,165
12/17/2006,AVL,NC,ASO,ES,Combined TRACON& Tower with Radar,4,41,139,0,184,0,0,0,2,2,4,41,139,2,186,31,0,31,217
12/18/2006,AVL,NC,ASO,ES,Combined TRACON& Tower with Radar,6,55,57,16,134,0,0,49,0,49,6,55,106,16,183,61,22,83,266
12/19/2006,AVL,NC,ASO,ES,Combined TRACON& Tower with Radar,4,55,57,8,124,0,0,53,1,54,4,55,110,9,178,69,0,69,247
12/20/2006,AVL,NC,ASO,ES,Combined TRACON& Tower with Radar,5,57,80,15,157,0,0,25,4,29,5,57,105,19,186,66,4,70,256
12/21/2006,AVL,NC,ASO,ES,Combined TRACON& Tower with Radar,6,55,47,4,112,0,0,0,0,0,6,55,47,4,112,0,0,0,112
12/22/2006,AVL,NC,ASO,ES,Combined TRACON& Tower with Radar,3,39,29,0,71,0,0,0,0,0,3,39,29,0,71,0,0,0,71
12/23/2006,AVL,NC,ASO,ES,Combined TRACON& Tower with Radar,3,44,49,0,96,0,0,33,2,35,3,44,82,2,131,4,0,4,135
12/24/2006,AVL,NC,ASO,ES,Combined TRACON& Tower with Radar,6,34,13,0,53,0,0,20,0,20,6,34,33,0,73,12,0,12,85
12/25/2006,AVL,NC,ASO,ES,Combined TRACON& Tower with Radar,5,31,12,0,48,0,0,0,0,0,5,31,12,0,48,0,0,0,48
12/26/2006,AVL,NC,ASO,ES,Combined TRACON& Tower with Radar,5,52,47,0,104,0,0,6,0,6,5,52,53,0,110,22,0,22,132
12/27/2006,AVL,NC,ASO,ES,Combined TRACON& Tower with Radar,6,55,59,2,122,0,0,68,4,72,6,55,127,6,194,43,0,43,237
12/28/2006,AVL,NC,ASO,ES,Combined TRACON& Tower with Radar,5,57,34,13,109,0,0,71,0,71,5,57,105,13,180,34,0,34,214
12/29/2006,AVL,NC,ASO,ES,Combined TRACON& Tower with Radar,4,59,50,15,128,0,0,53,2,55,4,59,103,17,183,70,38,108,291
12/30/2006,AVL,NC,ASO,ES,Combined TRACON& Tower with Radar,6,44,42,0,92,0,0,3,0,3,6,44,45,0,95,24,0,24,119
12/31/2006,AVL,NC,ASO,ES,Combined TRACON& Tower with Radar,4,33,17,0,54,0,0,0,0,0,4,33,17,0,54,0,0,0,54
01/01/2007,AVL,NC,ASO,ES,Combined TRACON& Tower with Radar,1,43,37,0,81,0,1,12,0,13,1,44,49,0,94,54,0,54,148
01/02/2007,AVL,NC,ASO,ES,Combined TRACON& Tower with Radar,6,53,59,2,120,0,0,43,0,43,6,53,102,2,163,54,0,54,217
01/03/2007,AVL,NC,ASO,ES,Combined TRACON& Tower with Radar,5,52,49,7,113,0,0,54,4,58,5,52,103,11,171,50,0,50,221
01/04/2007,AVL,NC,ASO,ES,Combined TRACON& Tower with Radar,4,59,51,0,114,0,0,29,1,30,4,59,80,1,144,4,12,16,160
01/05/2007,AVL,NC,ASO,ES,Combined TRACON& Tower with Radar,4,53,25,0,82,0,0,0,0,0,4,53,25,0,82,0,0,0,82
01/06/2007,AVL,NC,ASO,ES,Combined TRACON& Tower with Radar,4,36,43,1,84,0,0,64,3,67,4,36,107,4,151,70,0,70,221
01/07/2007,AVL,NC,ASO,ES,Combined TRACON& Tower with Radar,3,37,22,0,62,0,0,0,0,0,3,37,22,0,62,0,0,0,62
01/08/2007,AVL,NC,ASO,ES,Combined TRACON& Tower with Radar,3,42,28,2,75,0,0,28,1,29,3,42,56,3,104,34,2,36,140
01/09/2007,AVL,NC,ASO,ES,Combined TRACON& Tower with Radar,4,45,21,0,70,0,1,7,2,10,4,46,28,2,80,0,0,0,80
01/10/2007,AVL,NC,ASO,ES,Combined TRACON& Tower with Radar,4,36,39,4,83,0,0,31,0,31,4,36,70,4,114,54,0,54,168
01/11/2007,AVL,NC,ASO,ES,Combined TRACON& Tower with Radar,5,43,43,15,106,0,0,43,4,47,5,43,86,19,153,80,6,86,239
01/12/2007,AVL,NC,ASO,ES,Combined TRACON& Tower with Radar,6,48,47,4,105,0,0,26,1,27,6,48,73,5,132,90,6,96,228
01/13/2007,AVL,NC,ASO,ES,Combined TRACON& Tower with Radar,4,35,30,0,69,0,0,34,0,34,4,35,64,0,103,40,0,40,143
01/14/2007,AVL,NC,ASO,ES,Combined TRACON& Tower with Radar,5,33,23,1,62,0,0,39,0,39,5,33,62,1,101,17,0,17,118
01/15/2007,AVL,NC,ASO,ES,Combined TRACON& Tower with Radar,4,38,46,1,89,0,0,15,0,15,4,38,61,1,104,10,0,10,114
01/16/2007,AVL,NC,ASO,ES,Combined TRACON& Tower with Radar,5,43,31,6,85,0,0,5,1,6,5,43,36,7,91,0,48,48,139
01/17/2007,AVL,NC,ASO,ES,Combined TRACON& Tower with Radar,1,48,39,35,123,0,3,34,0,37,1,51,73,35,160,72,0,72,232
01/18/2007,AVL,NC,ASO,ES,Combined TRACON& Tower with Radar,5,34,15,0,54,0,0,0,0,0,5,34,15,0,54,0,0,0,54
01/19/2007,AVL,NC,ASO,ES,Combined TRACON& Tower with Radar,6,46,30,10,92,0,1,36,4,41,6,47,66,14,133,52,16,68,201
01/20/2007,AVL,NC,ASO,ES,Combined TRACON& Tower with Radar,4,33,26,1,64,0,0,53,1,54,4,33,79,2,118,29,0,29,147
01/21/2007,AVL,NC,ASO,ES,Combined TRACON& Tower with Radar,6,30,28,9,73,0,0,1,0,1,6,30,29,9,74,10,0,10,84
01/22/2007,AVL,NC,ASO,ES,Combined TRACON& Tower with Radar,7,51,40,4,102,0,0,5,0,5,7,51,45,4,107,36,1,37,144
01/23/2007,AVL,NC,ASO,ES,Combined TRACON& Tower with Radar,5,37,43,6,91,0,0,35,1,36,5,37,78,7,127,58,0,58,185
01/24/2007,AVL,NC,ASO,ES,Combined TRACON& Tower with Radar,4,41,60,0,105,0,1,48,3,52,4,42,108,3,157,58,0,58,215
01/25/2007,AVL,NC,ASO,ES,Combined TRACON& Tower with Radar,5,47,62,0,114,0,0,13,1,14,5,47,75,1,128,0,0,0,128
01/26/2007,AVL,NC,ASO,ES,Combined TRACON& Tower with Radar,6,36,58,2,102,0,0,56,1,57,6,36,114,3,159,45,0,45,204
01/27/2007,AVL,NC,ASO,ES,Combined TRACON& Tower with Radar,9,43,29,5,86,0,0,75,2,77,9,43,104,7,163,31,6,37,200
01/28/2007,AVL,NC,ASO,ES,Combined TRACON& Tower with Radar,6,34,31,0,71,0,0,11,0,11,6,34,42,0,82,0,0,0,82
01/29/2007,AVL,NC,ASO,ES,Combined TRACON& Tower with Radar,6,47,54,0,107,0,1,49,0,50,6,48,103,0,157,38,0,38,195
01/30/2007,AVL,NC,ASO,ES,Combined TRACON& Tower with Radar,4,46,49,2,101,0,1,44,0,45,4,47,93,2,146,4,0,4,150
01/31/2007,AVL,NC,ASO,ES,Combined TRACON& Tower with Radar,6,48,48,0,102,0,2,59,2,63,6,50,107,2,165,58,0,58,223
02/01/2007,AVL,NC,ASO,ES,Combined TRACON& Tower with Radar,4,24,9,0,37,0,0,0,0,0,4,24,9,0,37,0,0,0,37
02/02/2007,AVL,NC,ASO,ES,Combined TRACON& Tower with Radar,6,53,35,10,104,1,4,12,1,18,7,57,47,11,122,0,31,31,153
02/03/2007,AVL,NC,ASO,ES,Combined TRACON& Tower with Radar,3,37,22,0,62,0,1,44,0,45,3,38,66,0,107,18,0,18,125
02/04/2007,AVL,NC,ASO,ES,Combined TRACON& Tower with Radar,5,33,28,0,66,0,0,13,0,13,5,33,41,0,79,0,0,0,79
02/05/2007,AVL,NC,ASO,ES,Combined TRACON& Tower with Radar,6,42,36,2,86,0,0,20,0,20,6,42,56,2,106,40,0,40,146
02/06/2007,AVL,NC,ASO,ES,Combined TRACON& Tower with Radar,5,33,41,4,83,0,4,51,0,55,5,37,92,4,138,126,0,126,264
02/07/2007,AVL,NC,ASO,ES,Combined TRACON& Tower with Radar,4,45,33,3,85,0,0,24,5,29,4,45,57,8,114,14,0,14,128
02/08/2007,AVL,NC,ASO,ES,Combined TRACON& Tower with Radar,7,46,50,8,111,0,0,52,0,52,7,46,102,8,163,40,0,40,203
02/09/2007,AVL,NC,ASO,ES,Combined TRACON& Tower with Radar,7,53,48,13,121,0,0,26,0,26,7,53,74,13,147,91,6,97,244
02/10/2007,AVL,NC,ASO,ES,Combined TRACON& Tower with Radar,6,33,27,0,66,0,0,81,0,81,6,33,108,0,147,23,0,23,170
02/11/2007,AVL,NC,ASO,ES,Combined TRACON& Tower with Radar,8,35,32,5,80,0,0,62,1,63,8,35,94,6,143,48,0,48,191
02/12/2007,AVL,NC,ASO,ES,Combined TRACON& Tower with Radar,9,49,41,2,101,0,0,46,0,46,9,49,87,2,147,71,0,71,218
02/13/2007,AVL,NC,ASO,ES,Combined TRACON& Tower with Radar,4,32,41,0,77,0,3,6,0,9,4,35,47,0,86,36,0,36,122
02/14/2007,AVL,NC,ASO,ES,Combined TRACON& Tower with Radar,7,35,30,4,76,0,0,4,0,4,7,35,34,4,80,8,0,8,88
02/15/2007,AVL,NC,ASO,ES,Combined TRACON& Tower with Radar,8,49,45,5,107,0,0,48,2,50,8,49,93,7,157,24,50,74,231
02/16/2007,AVL,NC,ASO,ES,Combined TRACON& Tower with Radar,6,44,68,2,120,0,1,46,0,47,6,45,114,2,167,76,0,76,243
02/17/2007,AVL,NC,ASO,ES,Combined TRACON& Tower with Radar,4,35,28,0,67,0,4,25,0,29,4,39,53,0,96,15,0,15,111
02/18/2007,AVL,NC,ASO,ES,Combined TRACON& Tower with Radar,6,31,36,0,73,0,0,6,2,8,6,31,42,2,81,0,0,0,81
02/19/2007,AVL,NC,ASO,ES,Combined TRACON& Tower with Radar,5,41,77,3,126,0,1,60,1,62,5,42,137,4,188,32,0,32,220
02/20/2007,AVL,NC,ASO,ES,Combined TRACON& Tower with Radar,4,42,36,2,84,0,0,34,0,34,4,42,70,2,118,56,0,56,174
02/21/2007,AVL,NC,ASO,ES,Combined TRACON& Tower with Radar,6,39,52,8,105,0,0,25,0,25,6,39,77,8,130,50,0,50,180
02/22/2007,AVL,NC,ASO,ES,Combined TRACON& Tower with Radar,6,49,44,1,100,0,0,30,0,30,6,49,74,1,130,8,0,8,138
02/23/2007,AVL,NC,ASO,ES,Combined TRACON& Tower with Radar,6,43,28,0,77,0,3,56,0,59,6,46,84,0,136,6,0,6,142
02/24/2007,AVL,NC,ASO,ES,Combined TRACON& Tower with Radar,4,36,35,0,75,0,0,96,2,98,4,36,131,2,173,86,0,86,259
02/25/2007,AVL,NC,ASO,ES,Combined TRACON& Tower with Radar,6,33,19,1,59,0,0,3,0,3,6,33,22,1,62,0,0,0,62
02/26/2007,AVL,NC,ASO,ES,Combined TRACON& Tower with Radar,5,37,40,0,82,0,2,57,0,59,5,39,97,0,141,40,0,40,181
02/27/2007,AVL,NC,ASO,ES,Combined TRACON& Tower with Radar,7,46,65,9,127,0,2,74,2,78,7,48,139,11,205,64,0,64,269
02/28/2007,AVL,NC,ASO,ES,Combined TRACON& Tower with Radar,6,50,61,2,119,0,0,74,1,75,6,50,135,3,194,45,0,45,239
03/01/2007,AVL,NC,ASO,ES,Combined TRACON& Tower with Radar,3,46,20,1,70,0,0,0,0,0,3,46,20,1,70,0,0,0,70
03/02/2007,AVL,NC,ASO,ES,Combined TRACON& Tower with Radar,5,50,36,2,93,0,0,34,2,36,5,50,70,4,129,17,0,17,146
03/03/2007,AVL,NC,ASO,ES,Combined TRACON& Tower with Radar,4,36,18,0,58,0,3,10,0,13,4,39,28,0,71,12,0,12,83
03/04/2007,AVL,NC,ASO,ES,Combined TRACON& Tower with Radar,5,42,32,1,80,0,0,33,1,34,5,42,65,2,114,14,0,14,128
03/05/2007,AVL,NC,ASO,ES,Combined TRACON& Tower with Radar,6,55,37,0,98,0,1,54,0,55,6,56,91,0,153,69,0,69,222
03/06/2007,AVL,NC,ASO,ES,Combined TRACON& Tower with Radar,3,53,44,2,102,0,0,73,0,73,3,53,117,2,175,46,32,78,253
03/07/2007,AVL,NC,ASO,ES,Combined TRACON& Tower with Radar,9,45,36,1,91,0,0,46,0,46,9,45,82,1,137,29,0,29,166
03/08/2007,AVL,NC,ASO,ES,Combined TRACON& Tower with Radar,8,43,48,2,101,0,0,66,2,68,8,43,114,4,169,53,26,79,248
03/09/2007,AVL,NC,ASO,ES,Combined TRACON& Tower with Radar,6,70,58,4,138,0,8,50,3,61,6,78,108,7,199,79,8,87,286
03/10/2007,AVL,NC,ASO,ES,Combined TRACON& Tower with Radar,6,38,34,0,78,0,0,52,1,53,6,38,86,1,131,85,8,93,224
03/11/2007,AVL,NC,ASO,ES,Combined TRACON& Tower with Radar,7,33,41,9,90,0,2,42,2,46,7,35,83,11,136,42,0,42,178
03/12/2007,AVL,NC,ASO,ES,Combined TRACON& Tower with Radar,6,47,46,0,99,0,1,45,2,48,6,48,91,2,147,24,0,24,171
03/13/2007,AVL,NC,ASO,ES,Combined TRACON& Tower with Radar,3,44,55,6,108,0,0,73,0,73,3,44,128,6,181,64,2,66,247
03/14/2007,AVL,NC,ASO,ES,Combined TRACON& Tower with Radar,6,49,44,2,101,0,2,46,0,48,6,51,90,2,149,86,0,86,235
03/15/2007,AVL,NC,ASO,ES,Combined TRACON& Tower with Radar,8,61,52,12,133,0,0,35,2,37,8,61,87,14,170,79,32,111,281
03/16/2007,AVL,NC,ASO,ES,Combined TRACON& Tower with Radar,6,44,45,1,96,0,0,3,0,3,6,44,48,1,99,2,0,2,101
03/17/2007,AVL,NC,ASO,ES,Combined TRACON& Tower with Radar,4,31,22,10,67,0,0,23,0,23,4,31,45,10,90,0,13,13,103
03/18/2007,AVL,NC,ASO,ES,Combined TRACON& Tower with Radar,8,38,45,5,96,0,0,46,5,51,8,38,91,10,147,10,2,12,159
03/19/2007,AVL,NC,ASO,ES,Combined TRACON& Tower with Radar,6,40,40,0,86,0,2,37,1,40,6,42,77,1,126,56,0,56,182
03/20/2007,AVL,NC,ASO,ES,Combined TRACON& Tower with Radar,3,49,58,0,110,0,0,40,8,48,3,49,98,8,158,56,0,56,214
03/21/2007,AVL,NC,ASO,ES,Combined TRACON& Tower with Radar,5,49,49,15,118,2,7,23,1,33,7,56,72,16,151,0,0,0,151
03/22/2007,AVL,NC,ASO,ES,Combined TRACON& Tower with Radar,5,43,43,8,99,0,0,58,6,64,5,43,101,14,163,78,18,96,259
03/23/2007,AVL,NC,ASO,ES,Combined TRACON& Tower with Radar,6,48,65,8,127,0,0,58,0,58,6,48,123,8,185,63,14,77,262
03/24/2007,AVL,NC,ASO,ES,Combined TRACON& Tower with Radar,3,35,92,9,139,0,2,0,0,2,3,37,92,9,141,37,2,39,180
03/25/2007,AVL,NC,ASO,ES,Combined TRACON& Tower with Radar,10,43,51,3,107,0,1,54,2,57,10,44,105,5,164,52,0,52,216
03/26/2007,AVL,NC,ASO,ES,Combined TRACON& Tower with Radar,5,46,68,14,133,0,0,39,1,40,5,46,107,15,173,102,16,118,291
03/27/2007,AVL,NC,ASO,ES,Combined TRACON& Tower with Radar,3,45,60,8,116,0,0,48,1,49,3,45,108,9,165,64,14,78,243
03/28/2007,AVL,NC,ASO,ES,Combined TRACON& Tower with Radar,6,49,57,13,125,0,0,46,0,46,6,49,103,13,171,28,20,48,219
03/29/2007,AVL,NC,ASO,ES,Combined TRACON& Tower with Radar,6,50,58,2,116,0,0,3,0,3,6,50,61,2,119,0,0,0,119
03/30/2007,AVL,NC,ASO,ES,Combined TRACON& Tower with Radar,6,50,83,8,147,0,0,27,0,27,6,50,110,8,174,66,0,66,240
03/31/2007,AVL,NC,ASO,ES,Combined TRACON& Tower with Radar,2,42,35,0,79,0,0,64,0,64,2,42,99,0,143,68,0,68,211
04/01/2007,AVL,NC,ASO,ES,Combined TRACON& Tower with Radar,5,43,8,0,56,0,0,0,0,0,5,43,8,0,56,0,0,0,56
04/02/2007,AVL,NC,ASO,ES,Combined TRACON& Tower with Radar,3,49,49,0,101,0,1,33,0,34,3,50,82,0,135,40,0,40,175
04/03/2007,AVL,NC,ASO,ES,Combined TRACON& Tower with Radar,3,51,55,7,116,0,1,50,1,52,3,52,105,8,168,106,4,110,278
04/04/2007,AVL,NC,ASO,ES,Combined TRACON& Tower with Radar,6,43,44,8,101,0,6,38,1,45,6,49,82,9,146,46,22,68,214
04/05/2007,AVL,NC,ASO,ES,Combined TRACON& Tower with Radar,6,49,75,15,145,0,0,47,0,47,6,49,122,15,192,13,31,44,236
04/06/2007,AVL,NC,ASO,ES,Combined TRACON& Tower with Radar,5,44,57,5,111,0,0,53,3,56,5,44,110,8,167,24,2,26,193
04/07/2007,AVL,NC,ASO,ES,Combined TRACON& Tower with Radar,4,40,49,0,93,0,1,26,0,27,4,41,75,0,120,16,0,16,136
04/08/2007,AVL,NC,ASO,ES,Combined TRACON& Tower with Radar,8,37,40,2,87,0,0,36,1,37,8,37,76,3,124,6,2,8,132
04/09/2007,AVL,NC,ASO,ES,Combined TRACON& Tower with Radar,4,42,65,0,111,0,0,49,0,49,4,42,114,0,160,33,0,33,193
04/10/2007,AVL,NC,ASO,ES,Combined TRACON& Tower with Radar,3,44,59,9,115,0,0,72,2,74,3,44,131,11,189,26,22,48,237
04/11/2007,AVL,NC,ASO,ES,Combined TRACON& Tower with Radar,5,46,35,0,86,0,0,0,0,0,5,46,35,0,86,4,0,4,90
04/12/2007,AVL,NC,ASO,ES,Combined TRACON& Tower with Radar,6,46,52,2,106,0,0,24,2,26,6,46,76,4,132,14,0,14,146
04/13/2007,AVL,NC,ASO,ES,Combined TRACON& Tower with Radar,7,47,53,20,127,0,0,79,5,84,7,47,132,25,211,16,13,29,240
04/14/2007,AVL,NC,ASO,ES,Combined TRACON& Tower with Radar,2,39,29,0,70,0,0,33,0,33,2,39,62,0,103,51,0,51,154
04/15/2007,AVL,NC,ASO,ES,Combined TRACON& Tower with Radar,4,37,46,1,88,0,0,1,0,1,4,37,47,1,89,0,0,0,89
04/16/2007,AVL,NC,ASO,ES,Combined TRACON& Tower with Radar,1,40,17,2,60,0,0,9,0,9,1,40,26,2,69,4,0,4,73
04/17/2007,AVL,NC,ASO,ES,Combined TRACON& Tower with Radar,2,48,33,6,89,0,0,36,0,36,2,48,69,6,125,14,0,14,139
04/18/2007,AVL,NC,ASO,ES,Combined TRACON& Tower with Radar,3,63,42,4,112,0,0,67,1,68,3,63,109,5,180,42,0,42,222
04/19/2007,AVL,NC,ASO,ES,Combined TRACON& Tower with Radar,4,52,78,0,134,0,0,33,5,38,4,52,111,5,172,14,0,14,186
04/20/2007,AVL,NC,ASO,ES,Combined TRACON& Tower with Radar,4,52,78,8,142,0,0,70,12,82,4,52,148,20,224,46,0,46,270
04/21/2007,AVL,NC,ASO,ES,Combined TRACON& Tower with Radar,2,41,46,1,90,0,2,142,4,148,2,43,188,5,238,39,0,39,277
04/22/2007,AVL,NC,ASO,ES,Combined TRACON& Tower with Radar,6,43,66,0,115,0,0,107,7,114,6,43,173,7,229,44,27,71,300
04/23/2007,AVL,NC,ASO,ES,Combined TRACON& Tower with Radar,5,44,69,4,122,0,3,52,3,58,5,47,121,7,180,27,2,29,209
04/24/2007,AVL,NC,ASO,ES,Combined TRACON& Tower with Radar,2,50,55,5,112,0,0,45,2,47,2,50,100,7,159,14,16,30,189
04/25/2007,AVL,NC,ASO,ES,Combined TRACON& Tower with Radar,2,58,51,6,117,0,0,44,2,46,2,58,95,8,163,32,0,32,195
04/26/2007,AVL,NC,ASO,ES,Combined TRACON& Tower with Radar,2,52,73,6,133,0,0,25,3,28,2,52,98,9,161,8,9,17,178
04/27/2007,AVL,NC,ASO,ES,Combined TRACON& Tower with Radar,4,61,83,12,160,0,0,58,5,63,4,61,141,17,223,65,4,69,292
04/28/2007,AVL,NC,ASO,ES,Combined TRACON& Tower with Radar,3,41,45,0,89,0,0,103,3,106,3,41,148,3,195,61,0,61,256
04/29/2007,AVL,NC,ASO,ES,Combined TRACON& Tower with Radar,6,37,75,4,122,0,0,89,0,89,6,37,164,4,211,12,0,12,223
04/30/2007,AVL,NC,ASO,ES,Combined TRACON& Tower with Radar,9,54,39,11,113,0,2,80,0,82,9,56,119,11,195,81,30,111,306
05/01/2007,AVL,NC,ASO,ES,Combined TRACON& Tower with Radar,2,56,57,5,120,0,2,71,0,73,2,58,128,5,193,46,2,48,241
05/02/2007,AVL,NC,ASO,ES,Combined TRACON& Tower with Radar,4,59,76,0,139,0,0,55,1,56,4,59,131,1,195,84,0,84,279
05/03/2007,AVL,NC,ASO,ES,Combined TRACON& Tower with Radar,4,66,58,2,130,0,2,30,0,32,4,68,88,2,162,33,0,33,195
05/04/2007,AVL,NC,ASO,ES,Combined TRACON& Tower with Radar,6,58,77,2,143,0,0,10,0,10,6,58,87,2,153,0,0,0,153
05/05/2007,AVL,NC,ASO,ES,Combined TRACON& Tower with Radar,6,43,25,0,74,0,0,0,0,0,6,43,25,0,74,0,0,0,74
05/06/2007,AVL,NC,ASO,ES,Combined TRACON& Tower with Radar,6,49,58,6,119,0,1,23,0,24,6,50,81,6,143,10,0,10,153
05/07/2007,AVL,NC,ASO,ES,Combined TRACON& Tower with Radar,6,58,56,11,131,0,0,56,4,60,6,58,112,15,191,40,0,40,231
05/08/2007,AVL,NC,ASO,ES,Combined TRACON& Tower with Radar,6,64,49,21,140,0,2,77,1,80,6,66,126,22,220,46,26,72,292
05/09/2007,AVL,NC,ASO,ES,Combined TRACON& Tower with Radar,10,55,69,5,139,0,0,55,0,55,10,55,124,5,194,78,0,78,272
05/10/2007,AVL,NC,ASO,ES,Combined TRACON& Tower with Radar,4,58,80,7,149,0,0,61,0,61,4,58,141,7,210,107,16,123,333
05/11/2007,AVL,NC,ASO,ES,Combined TRACON& Tower with Radar,10,69,91,5,175,0,0,31,1,32,10,69,122,6,207,52,6,58,265
05/12/2007,AVL,NC,ASO,ES,Combined TRACON& Tower with Radar,4,53,40,0,97,0,0,23,0,23,4,53,63,0,120,56,0,56,176
05/13/2007,AVL,NC,ASO,ES,Combined TRACON& Tower with Radar,8,53,80,2,143,0,0,53,1,54,8,53,133,3,197,32,2,34,231
05/14/2007,AVL,NC,ASO,ES,Combined TRACON& Tower with Radar,4,61,53,2,120,0,0,50,2,52,4,61,103,4,172,61,0,61,233
05/15/2007,AVL,NC,ASO,ES,Combined TRACON& Tower with Radar,2,52,56,0,110,0,0,82,0,82,2,52,138,0,192,73,0,73,265
05/16/2007,AVL,NC,ASO,ES,Combined TRACON& Tower with Radar,4,62,84,6,156,0,0,28,1,29,4,62,112,7,185,62,0,62,247
05/17/2007,AVL,NC,ASO,ES,Combined TRACON& Tower with Radar,4,65,70,2,141,1,6,47,2,56,5,71,117,4,197,95,0,95,292
05/18/2007,AVL,NC,ASO,ES,Combined TRACON& Tower with Radar,4,60,61,12,137,0,0,63,0,63,4,60,124,12,200,66,19,85,285
05/19/2007,AVL,NC,ASO,ES,Combined TRACON& Tower with Radar,2,54,40,0,96,0,0,61,0,61,2,54,101,0,157,40,0,40,197
05/20/2007,AVL,NC,ASO,ES,Combined TRACON& Tower with Radar,4,53,91,0,148,0,0,62,0,62,4,53,153,0,210,2,0,2,212
05/21/2007,AVL,NC,ASO,ES,Combined TRACON& Tower with Radar,4,53,67,9,133,0,0,50,3,53,4,53,117,12,186,42,0,42,228
05/22/2007,AVL,NC,ASO,ES,Combined TRACON& Tower with Radar,2,62,38,7,109,0,0,84,0,84,2,62,122,7,193,122,0,122,315
05/23/2007,AVL,NC,ASO,ES,Combined TRACON& Tower with Radar,4,59,65,13,141,0,0,50,2,52,4,59,115,15,193,50,1,51,244
05/24/2007,AVL,NC,ASO,ES,Combined TRACON& Tower with Radar,4,50,68,4,126,0,1,58,3,62,4,51,126,7,188,56,0,56,244
05/25/2007,AVL,NC,ASO,ES,Combined TRACON& Tower with Radar,6,70,113,3,192,0,0,91,0,91,6,70,204,3,283,79,0,79,362
05/26/2007,AVL,NC,ASO,ES,Combined TRACON& Tower with Radar,2,48,49,0,99,0,0,70,0,70,2,48,119,0,169,74,0,74,243
05/27/2007,AVL,NC,ASO,ES,Combined TRACON& Tower with Radar,4,39,51,0,94,0,0,43,0,43,4,39,94,0,137,28,0,28,165
05/28/2007,AVL,NC,ASO,ES,Combined TRACON& Tower with Radar,4,53,85,1,143,0,0,68,0,68,4,53,153,1,211,37,0,37,248
05/29/2007,AVL,NC,ASO,ES,Combined TRACON& Tower with Radar,2,63,77,10,152,0,0,69,2,71,2,63,146,12,223,135,1,136,359
05/30/2007,AVL,NC,ASO,ES,Combined TRACON& Tower with Radar,4,64,74,4,146,0,0,57,0,57,4,64,131,4,203,26,0,26,229
05/31/2007,AVL,NC,ASO,ES,Combined TRACON& Tower with Radar,4,64,74,1,143,0,2,71,2,75,4,66,145,3,218,91,0,91,309
06/01/2007,AVL,NC,ASO,ES,Combined TRACON& Tower with Radar,4,54,75,10,143,0,2,54,1,57,4,56,129,11,200,16,0,16,216
06/02/2007,AVL,NC,ASO,ES,Combined TRACON& Tower with Radar,12,44,47,3,106,0,0,28,1,29,12,44,75,4,135,32,0,32,167
06/03/2007,AVL,NC,ASO,ES,Combined TRACON& Tower with Radar,3,53,84,0,140,0,0,12,0,12,3,53,96,0,152,17,0,17,169
06/04/2007,AVL,NC,ASO,ES,Combined TRACON& Tower with Radar,4,53,80,0,137,0,0,62,0,62,4,53,142,0,199,101,0,101,300
06/05/2007,AVL,NC,ASO,ES,Combined TRACON& Tower with Radar,0,55,57,10,122,0,0,62,0,62,0,55,119,10,184,124,10,134,318
06/06/2007,AVL,NC,ASO,ES,Combined TRACON& Tower with Radar,5,57,66,8,136,0,0,57,1,58,5,57,123,9,194,38,0,38,232
06/07/2007,AVL,NC,ASO,ES,Combined TRACON& Tower with Radar,5,71,48,8,132,0,0,85,3,88,5,71,133,11,220,83,2,85,305
06/08/2007,AVL,NC,ASO,ES,Combined TRACON& Tower with Radar,4,68,68,18,158,0,2,46,2,50,4,70,114,20,208,60,0,60,268
06/09/2007,AVL,NC,ASO,ES,Combined TRACON& Tower with Radar,4,49,69,2,124,0,2,69,0,71,4,51,138,2,195,48,0,48,243
06/10/2007,AVL,NC,ASO,ES,Combined TRACON& Tower with Radar,10,68,102,14,194,0,6,60,2,68,10,74,162,16,262,54,0,54,316
06/11/2007,AVL,NC,ASO,ES,Combined TRACON& Tower with Radar,1,58,62,0,121,0,0,25,0,25,1,58,87,0,146,76,0,76,222
06/12/2007,AVL,NC,ASO,ES,Combined TRACON& Tower with Radar,4,68,75,10,157,0,0,23,0,23,4,68,98,10,180,36,4,40,220
06/13/2007,AVL,NC,ASO,ES,Combined TRACON& Tower with Radar,4,62,69,1,136,0,0,25,4,29,4,62,94,5,165,16,0,16,181
06/14/2007,AVL,NC,ASO,ES,Combined TRACON& Tower with Radar,4,67,82,3,156,0,3,37,3,43,4,70,119,6,199,88,0,88,287
06/15/2007,AVL,NC,ASO,ES,Combined TRACON& Tower with Radar,2,71,93,12,178,0,6,12,0,18,2,77,105,12,196,124,0,124,320
06/16/2007,AVL,NC,ASO,ES,Combined TRACON& Tower with Radar,2,54,62,3,121,0,0,31,0,31,2,54,93,3,152,28,8,36,188
06/17/2007,AVL,NC,ASO,ES,Combined TRACON& Tower with Radar,7,62,112,0,181,0,0,67,4,71,7,62,179,4,252,38,0,38,290
06/18/2007,AVL,NC,ASO,ES,Combined TRACON& Tower with Radar,3,58,71,0,132,0,0,47,0,47,3,58,118,0,179,66,0,66,245
06/19/2007,AVL,NC,ASO,ES,Combined TRACON& Tower with Radar,4,63,69,0,136,0,0,67,0,67,4,63,136,0,203,144,0,144,347
06/20/2007,AVL,NC,ASO,ES,Combined TRACON& Tower with Radar,4,59,85,4,152,0,0,46,1,47,4,59,131,5,199,94,0,94,293
06/21/2007,AVL,NC,ASO,ES,Combined TRACON& Tower with Radar,4,56,92,12,164,0,1,95,0,96,4,57,187,12,260,127,14,141,401
06/22/2007,AVL,NC,ASO,ES,Combined TRACON& Tower with Radar,4,73,111,17,205,0,0,82,2,84,4,73,193,19,289,95,0,95,384
06/23/2007,AVL,NC,ASO,ES,Combined TRACON& Tower with Radar,2,49,58,1,110,0,1,55,0,56,2,50,113,1,166,77,0,77,243
06/24/2007,AVL,NC,ASO,ES,Combined TRACON& Tower with Radar,6,64,114,8,192,0,0,24,1,25,6,64,138,9,217,16,0,16,233
06/25/2007,AVL,NC,ASO,ES,Combined TRACON& Tower with Radar,5,70,84,0,159,0,0,21,1,22,5,70,105,1,181,24,0,24,205
06/26/2007,AVL,NC,ASO,ES,Combined TRACON& Tower with Radar,3,56,82,7,148,0,0,44,7,51,3,56,126,14,199,72,0,72,271
06/27/2007,AVL,NC,ASO,ES,Combined TRACON& Tower with Radar,2,55,85,5,147,0,2,55,1,58,2,57,140,6,205,113,0,113,318
06/28/2007,AVL,NC,ASO,ES,Combined TRACON& Tower with Radar,4,69,96,3,172,0,0,51,0,51,4,69,147,3,223,58,4,62,285
06/29/2007,AVL,NC,ASO,ES,Combined TRACON& Tower with Radar,10,74,127,5,216,0,0,51,0,51,10,74,178,5,267,74,2,76,343
06/30/2007,AVL,NC,ASO,ES,Combined TRACON& Tower with Radar,3,53,59,3,118,0,0,58,0,58,3,53,117,3,176,51,0,51,227
07/01/2007,AVL,NC,ASO,ES,Combined TRACON& Tower with Radar,5,64,103,2,174,0,0,31,0,31,5,64,134,2,205,34,0,34,239
07/02/2007,AVL,NC,ASO,ES,Combined TRACON& Tower with Radar,0,59,79,5,143,0,0,20,0,20,0,59,99,5,163,50,0,50,213
07/03/2007,AVL,NC,ASO,ES,Combined TRACON& Tower with Radar,7,54,65,2,128,0,0,63,0,63,7,54,128,2,191,63,2,65,256
07/04/2007,AVL,NC,ASO,ES,Combined TRACON& Tower with Radar,4,37,8,0,49,0,0,110,0,110,4,37,118,0,159,74,0,74,233
07/05/2007,AVL,NC,ASO,ES,Combined TRACON& Tower with Radar,4,59,88,1,152,0,0,71,2,73,4,59,159,3,225,106,0,106,331
07/06/2007,AVL,NC,ASO,ES,Combined TRACON& Tower with Radar,5,63,71,5,144,0,0,41,2,43,5,63,112,7,187,82,0,82,269
07/07/2007,AVL,NC,ASO,ES,Combined TRACON& Tower with Radar,3,60,53,1,117,0,0,36,0,36,3,60,89,1,153,82,0,82,235
07/08/2007,AVL,NC,ASO,ES,Combined TRACON& Tower with Radar,4,60,103,8,175,0,0,29,1,30,4,60,132,9,205,28,0,28,233
07/09/2007,AVL,NC,ASO,ES,Combined TRACON& Tower with Radar,4,59,67,13,143,0,0,57,1,58,4,59,124,14,201,74,0,74,275
07/10/2007,AVL,NC,ASO,ES,Combined TRACON& Tower with Radar,6,58,61,0,125,0,0,39,1,40,6,58,100,1,165,37,0,37,202
07/11/2007,AVL,NC,ASO,ES,Combined TRACON& Tower with Radar,5,62,52,1,120,0,0,33,1,34,5,62,85,2,154,112,0,112,266
07/12/2007,AVL,NC,ASO,ES,Combined TRACON& Tower with Radar,5,62,86,9,162,0,3,93,9,105,5,65,179,18,267,100,20,120,387
07/13/2007,AVL,NC,ASO,ES,Combined TRACON& Tower with Radar,4,58,134,9,205,0,2,65,2,69,4,60,199,11,274,98,0,98,372
07/14/2007,AVL,NC,ASO,ES,Combined TRACON& Tower with Radar,5,57,74,12,148,0,2,66,3,71,5,59,140,15,219,94,12,106,325
07/15/2007,AVL,NC,ASO,ES,Combined TRACON& Tower with Radar,7,61,81,10,159,0,0,29,1,30,7,61,110,11,189,29,0,29,218
07/16/2007,AVL,NC,ASO,ES,Combined TRACON& Tower with Radar,4,69,71,1,145,0,0,37,0,37,4,69,108,1,182,67,0,67,249
07/17/2007,AVL,NC,ASO,ES,Combined TRACON& Tower with Radar,6,72,63,13,154,0,0,46,1,47,6,72,109,14,201,91,0,91,292
07/18/2007,AVL,NC,ASO,ES,Combined TRACON& Tower with Radar,4,75,83,4,166,0,0,32,3,35,4,75,115,7,201,22,0,22,223
07/19/2007,AVL,NC,ASO,ES,Combined TRACON& Tower with Radar,5,61,87,11,164,0,2,59,4,65,5,63,146,15,229,83,4,87,316
07/20/2007,AVL,NC,ASO,ES,Combined TRACON& Tower with Radar,5,71,93,7,176,0,1,51,5,57,5,72,144,12,233,48,4,52,285
07/21/2007,AVL,NC,ASO,ES,Combined TRACON& Tower with Radar,3,49,65,10,127,0,1,72,6,79,3,50,137,16,206,79,14,93,299
07/22/2007,AVL,NC,ASO,ES,Combined TRACON& Tower with Radar,3,67,117,12,199,0,0,69,4,73,3,67,186,16,272,26,10,36,308
07/23/2007,AVL,NC,ASO,ES,Combined TRACON& Tower with Radar,3,66,77,0,146,0,0,50,0,50,3,66,127,0,196,49,0,49,245
07/24/2007,AVL,NC,ASO,ES,Combined TRACON& Tower with Radar,4,59,79,12,154,0,1,52,3,56,4,60,131,15,210,56,6,62,272
07/25/2007,AVL,NC,ASO,ES,Combined TRACON& Tower with Radar,6,72,63,5,146,0,1,33,0,34,6,73,96,5,180,74,0,74,254
07/26/2007,AVL,NC,ASO,ES,Combined TRACON& Tower with Radar,4,72,108,2,186,0,2,28,0,30,4,74,136,2,216,112,0,112,328
07/27/2007,AVL,NC,ASO,ES,Combined TRACON& Tower with Radar,9,78,111,3,201,0,1,46,4,51,9,79,157,7,252,22,0,22,274
07/28/2007,AVL,NC,ASO,ES,Combined TRACON& Tower with Radar,2,57,80,3,142,0,0,2,0,2,2,57,82,3,144,0,0,0,144
07/29/2007,AVL,NC,ASO,ES,Combined TRACON& Tower with Radar,6,58,106,2,172,0,0,15,0,15,6,58,121,2,187,20,7,27,214
07/30/2007,AVL,NC,ASO,ES,Combined TRACON& Tower with Radar,4,69,59,7,139,0,2,9,5,16,4,71,68,12,155,14,0,14,169
07/31/2007,AVL,NC,ASO,ES,Combined TRACON& Tower with Radar,4,73,68,7,152,0,6,65,4,75,4,79,133,11,227,176,10,186,413
08/01/2007,AVL,NC,ASO,ES,Combined TRACON& Tower with Radar,2,73,118,10,203,0,0,64,10,74,2,73,182,20,277,127,0,127,404
08/02/2007,AVL,NC,ASO,ES,Combined TRACON& Tower with Radar,2,67,78,8,155,0,1,59,9,69,2,68,137,17,224,132,0,132,356
08/03/2007,AVL,NC,ASO,ES,Combined TRACON& Tower with Radar,2,80,126,9,217,0,0,83,2,85,2,80,209,11,302,101,0,101,403
08/04/2007,AVL,NC,ASO,ES,Combined TRACON& Tower with Radar,4,51,73,1,129,0,0,66,12,78,4,51,139,13,207,31,6,37,244
08/05/2007,AVL,NC,ASO,ES,Combined TRACON& Tower with Radar,6,61,100,4,171,0,0,36,2,38,6,61,136,6,209,39,2,41,250
08/06/2007,AVL,NC,ASO,ES,Combined TRACON& Tower with Radar,2,60,73,4,139,0,0,52,1,53,2,60,125,5,192,96,0,96,288
08/07/2007,AVL,NC,ASO,ES,Combined TRACON& Tower with Radar,2,70,76,2,150,0,0,48,2,50,2,70,124,4,200,101,0,101,301
08/08/2007,AVL,NC,ASO,ES,Combined TRACON& Tower with Radar,2,64,85,6,157,0,1,59,1,61,2,65,144,7,218,93,0,93,311
08/09/2007,AVL,NC,ASO,ES,Combined TRACON& Tower with Radar,2,68,112,2,184,0,0,57,3,60,2,68,169,5,244,99,0,99,343
08/10/2007,AVL,NC,ASO,ES,Combined TRACON& Tower with Radar,8,67,107,7,189,0,1,66,2,69,8,68,173,9,258,59,20,79,337
08/11/2007,AVL,NC,ASO,ES,Combined TRACON& Tower with Radar,2,56,80,10,148,0,0,91,1,92,2,56,171,11,240,60,20,80,320
08/12/2007,AVL,NC,ASO,ES,Combined TRACON& Tower with Radar,3,66,93,7,169,0,0,37,2,39,3,66,130,9,208,7,0,7,215
08/13/2007,AVL,NC,ASO,ES,Combined TRACON& Tower with Radar,2,70,95,2,169,0,1,60,2,63,2,71,155,4,232,57,12,69,301
08/14/2007,AVL,NC,ASO,ES,Combined TRACON& Tower with Radar,5,64,47,20,136,0,3,81,1,85,5,67,128,21,221,120,26,146,367
08/15/2007,AVL,NC,ASO,ES,Combined TRACON& Tower with Radar,2,67,67,5,141,0,0,51,0,51,2,67,118,5,192,62,0,62,254
08/16/2007,AVL,NC,ASO,ES,Combined TRACON& Tower with Radar,0,71,72,7,150,0,0,64,6,70,0,71,136,13,220,81,0,81,301
08/17/2007,AVL,NC,ASO,ES,Combined TRACON& Tower with Radar,2,74,79,5,160,0,1,47,1,49,2,75,126,6,209,80,0,80,289
08/18/2007,AVL,NC,ASO,ES,Combined TRACON& Tower with Radar,2,51,39,2,94,0,0,70,1,71,2,51,109,3,165,55,2,57,222
08/19/2007,AVL,NC,ASO,ES,Combined TRACON& Tower with Radar,5,57,78,6,146,0,4,28,2,34,5,61,106,8,180,9,0,9,189
08/20/2007,AVL,NC,ASO,ES,Combined TRACON& Tower with Radar,0,61,61,14,136,0,0,40,0,40,0,61,101,14,176,69,0,69,245
08/21/2007,AVL,NC,ASO,ES,Combined TRACON& Tower with Radar,6,49,60,4,119,0,2,53,2,57,6,51,113,6,176,34,0,34,210
08/22/2007,AVL,NC,ASO,ES,Combined TRACON& Tower with Radar,2,61,90,20,173,0,2,64,2,68,2,63,154,22,241,58,20,78,319
08/23/2007,AVL,NC,ASO,ES,Combined TRACON& Tower with Radar,4,62,89,9,164,0,0,47,0,47,4,62,136,9,211,87,0,87,298
08/24/2007,AVL,NC,ASO,ES,Combined TRACON& Tower with Radar,3,61,89,1,154,0,0,51,0,51,3,61,140,1,205,64,0,64,269
08/25/2007,AVL,NC,ASO,ES,Combined TRACON& Tower with Radar,2,37,61,0,100,0,7,53,0,60,2,44,114,0,160,67,0,67,227
08/26/2007,AVL,NC,ASO,ES,Combined TRACON& Tower with Radar,6,53,74,5,138,0,0,26,1,27,6,53,100,6,165,2,0,2,167
08/27/2007,AVL,NC,ASO,ES,Combined TRACON& Tower with Radar,6,64,52,8,130,0,0,21,10,31,6,64,73,18,161,12,32,44,205
08/28/2007,AVL,NC,ASO,ES,Combined TRACON& Tower with Radar,4,54,76,16,150,0,2,39,0,41,4,56,115,16,191,86,22,108,299
08/29/2007,AVL,NC,ASO,ES,Combined TRACON& Tower with Radar,5,70,81,13,169,0,0,44,1,45,5,70,125,14,214,61,0,61,275
08/30/2007,AVL,NC,ASO,ES,Combined TRACON& Tower with Radar,4,57,102,2,165,0,1,34,2,37,4,58,136,4,202,95,24,119,321
08/31/2007,AVL,NC,ASO,ES,Combined TRACON& Tower with Radar,4,72,98,13,187,0,0,33,0,33,4,72,131,13,220,7,0,7,227
09/01/2007,AVL,NC,ASO,ES,Combined TRACON& Tower with Radar,2,41,66,1,110,0,0,10,0,10,2,41,76,1,120,14,0,14,134
09/02/2007,AVL,NC,ASO,ES,Combined TRACON& Tower with Radar,5,41,50,0,96,0,0,27,0,27,5,41,77,0,123,37,0,37,160
09/03/2007,AVL,NC,ASO,ES,Combined TRACON& Tower with Radar,4,70,119,0,193,0,0,66,0,66,4,70,185,0,259,66,0,66,325
09/04/2007,AVL,NC,ASO,ES,Combined TRACON& Tower with Radar,4,57,70,10,141,0,0,57,3,60,4,57,127,13,201,110,26,136,337
09/05/2007,AVL,NC,ASO,ES,Combined TRACON& Tower with Radar,4,63,93,11,171,0,2,70,6,78,4,65,163,17,249,60,20,80,329
09/06/2007,AVL,NC,ASO,ES,Combined TRACON& Tower with Radar,7,55,69,12,143,0,0,75,5,80,7,55,144,17,223,50,4,54,277
09/07/2007,AVL,NC,ASO,ES,Combined TRACON& Tower with Radar,7,58,62,9,136,0,0,52,2,54,7,58,114,11,190,34,20,54,244
09/08/2007,AVL,NC,ASO,ES,Combined TRACON& Tower with Radar,2,39,43,3,87,0,1,63,1,65,2,40,106,4,152,43,0,43,195
09/09/2007,AVL,NC,ASO,ES,Combined TRACON& Tower with Radar,7,57,73,6,143,0,0,38,4,42,7,57,111,10,185,33,0,33,218
09/10/2007,AVL,NC,ASO,ES,Combined TRACON& Tower with Radar,5,52,45,8,110,0,0,19,0,19,5,52,64,8,129,30,14,44,173
09/11/2007,AVL,NC,ASO,ES,Combined TRACON& Tower with Radar,7,55,54,3,119,0,0,34,4,38,7,55,88,7,157,53,0,53,210
09/12/2007,AVL,NC,ASO,ES,Combined TRACON& Tower with Radar,7,56,64,5,132,0,2,49,3,54,7,58,113,8,186,62,0,62,248
09/13/2007,AVL,NC,ASO,ES,Combined TRACON& Tower with Radar,11,61,79,10,161,0,1,6,0,7,11,62,85,10,168,14,0,14,182
09/14/2007,AVL,NC,ASO,ES,Combined TRACON& Tower with Radar,3,58,67,0,128,0,0,0,0,0,3,58,67,0,128,0,0,0,128
09/15/2007,AVL,NC,ASO,ES,Combined TRACON& Tower with Radar,0,38,44,0,82,0,0,34,0,34,0,38,78,0,116,47,0,47,163
09/16/2007,AVL,NC,ASO,ES,Combined TRACON& Tower with Radar,2,53,93,4,152,0,0,73,4,77,2,53,166,8,229,45,0,45,274
09/17/2007,AVL,NC,ASO,ES,Combined TRACON& Tower with Radar,3,56,74,4,137,0,0,72,0,72,3,56,146,4,209,66,0,66,275
09/18/2007,AVL,NC,ASO,ES,Combined TRACON& Tower with Radar,6,48,56,4,114,0,0,69,3,72,6,48,125,7,186,104,0,104,290
09/19/2007,AVL,NC,ASO,ES,Combined TRACON& Tower with Radar,7,60,55,10,132,0,0,49,1,50,7,60,104,11,182,39,0,39,221
09/20/2007,AVL,NC,ASO,ES,Combined TRACON& Tower with Radar,9,58,89,3,159,0,0,41,0,41,9,58,130,3,200,98,0,98,298
09/21/2007,AVL,NC,ASO,ES,Combined TRACON& Tower with Radar,7,55,93,11,166,0,0,13,0,13,7,55,106,11,179,76,0,76,255
09/22/2007,AVL,NC,ASO,ES,Combined TRACON& Tower with Radar,5,31,33,14,83,0,0,34,0,34,5,31,67,14,117,15,3,18,135
09/23/2007,AVL,NC,ASO,ES,Combined TRACON& Tower with Radar,8,52,68,8,136,0,0,59,1,60,8,52,127,9,196,68,0,68,264
09/24/2007,AVL,NC,ASO,ES,Combined TRACON& Tower with Radar,5,56,66,16,143,0,0,63,2,65,5,56,129,18,208,103,2,105,313
09/25/2007,AVL,NC,ASO,ES,Combined TRACON& Tower with Radar,7,78,53,10,148,0,1,57,1,59,7,79,110,11,207,81,0,81,288
09/26/2007,AVL,NC,ASO,ES,Combined TRACON& Tower with Radar,6,56,50,19,131,0,0,40,3,43,6,56,90,22,174,29,2,31,205
09/27/2007,AVL,NC,ASO,ES,Combined TRACON& Tower with Radar,7,60,52,4,123,0,1,52,0,53,7,61,104,4,176,83,0,83,259
09/28/2007,AVL,NC,ASO,ES,Combined TRACON& Tower with Radar,7,65,66,12,150,0,0,78,5,83,7,65,144,17,233,10,0,10,243
09/29/2007,AVL,NC,ASO,ES,Combined TRACON& Tower with Radar,5,28,42,0,75,0,0,88,1,89,5,28,130,1,164,59,0,59,223
09/30/2007,AVL,NC,ASO,ES,Combined TRACON& Tower with Radar,9,65,59,10,143,0,1,90,1,92,9,66,149,11,235,22,2,24,259
10/01/2007,AVL,NC,ASO,ES,Combined TRACON& Tower with Radar,7,55,48,1,111,0,0,59,1,60,7,55,107,2,171,58,0,58,229
10/02/2007,AVL,NC,ASO,ES,Combined TRACON& Tower with Radar,6,52,53,24,135,0,0,74,0,74,6,52,127,24,209,59,10,69,278
10/03/2007,AVL,NC,ASO,ES,Combined TRACON& Tower with Radar,7,64,67,15,153,0,0,31,1,32,7,64,98,16,185,24,0,24,209
10/04/2007,AVL,NC,ASO,ES,Combined TRACON& Tower with Radar,7,65,100,5,177,0,0,3,0,3,7,65,103,5,180,2,0,2,182
10/05/2007,AVL,NC,ASO,ES,Combined TRACON& Tower with Radar,7,66,116,0,189,0,0,26,0,26,7,66,142,0,215,37,0,37,252
10/06/2007,AVL,NC,ASO,ES,Combined TRACON& Tower with Radar,2,36,43,6,87,0,0,39,2,41,2,36,82,8,128,22,6,28,156
10/07/2007,AVL,NC,ASO,ES,Combined TRACON& Tower with Radar,10,60,80,1,151,0,0,49,0,49,10,60,129,1,200,21,0,21,221
10/08/2007,AVL,NC,ASO,ES,Combined TRACON& Tower with Radar,7,60,98,0,165,0,1,80,0,81,7,61,178,0,246,117,0,117,363
10/09/2007,AVL,NC,ASO,ES,Combined TRACON& Tower with Radar,6,57,57,2,122,0,0,41,0,41,6,57,98,2,163,50,0,50,213
10/10/2007,AVL,NC,ASO,ES,Combined TRACON& Tower with Radar,8,63,58,3,132,0,2,74,2,78,8,65,132,5,210,101,10,111,321
10/11/2007,AVL,NC,ASO,ES,Combined TRACON& Tower with Radar,10,67,89,11,177,0,2,34,2,38,10,69,123,13,215,34,22,56,271
10/12/2007,AVL,NC,ASO,ES,Combined TRACON& Tower with Radar,7,70,107,7,191,0,0,83,1,84,7,70,190,8,275,32,22,54,329
10/13/2007,AVL,NC,ASO,ES,Combined TRACON& Tower with Radar,3,40,54,0,97,0,3,114,5,122,3,43,168,5,219,34,0,34,253
10/14/2007,AVL,NC,ASO,ES,Combined TRACON& Tower with Radar,9,60,70,5,144,0,0,112,4,116,9,60,182,9,260,35,0,35,295
10/15/2007,AVL,NC,ASO,ES,Combined TRACON& Tower with Radar,6,54,77,3,140,0,2,72,0,74,6,56,149,3,214,135,6,141,355
10/16/2007,AVL,NC,ASO,ES,Combined TRACON& Tower with Radar,6,55,78,10,149,0,0,35,2,37,6,55,113,12,186,77,0,77,263
10/17/2007,AVL,NC,ASO,ES,Combined TRACON& Tower with Radar,8,62,65,0,135,0,1,42,0,43,8,63,107,0,178,52,0,52,230
10/18/2007,AVL,NC,ASO,ES,Combined TRACON& Tower with Radar,8,71,94,2,175,0,0,12,0,12,8,71,106,2,187,9,0,9,196
10/19/2007,AVL,NC,ASO,ES,Combined TRACON& Tower with Radar,7,65,104,7,183,0,0,25,0,25,7,65,129,7,208,0,0,0,208
10/20/2007,AVL,NC,ASO,ES,Combined TRACON& Tower with Radar,1,41,55,2,99,0,0,96,1,97,1,41,151,3,196,16,6,22,218
10/21/2007,AVL,NC,ASO,ES,Combined TRACON& Tower with Radar,9,53,116,0,178,0,1,126,0,127,9,54,242,0,305,36,0,36,341
10/22/2007,AVL,NC,ASO,ES,Combined TRACON& Tower with Radar,8,56,74,0,138,0,0,1,0,1,8,56,75,0,139,0,0,0,139
10/23/2007,AVL,NC,ASO,ES,Combined TRACON& Tower with Radar,5,47,78,0,130,0,0,7,0,7,5,47,85,0,137,18,0,18,155
10/24/2007,AVL,NC,ASO,ES,Combined TRACON& Tower with Radar,10,51,57,0,118,0,0,7,0,7,10,51,64,0,125,0,0,0,125
10/25/2007,AVL,NC,ASO,ES,Combined TRACON& Tower with Radar,8,54,93,6,161,0,0,30,0,30,8,54,123,6,191,77,0,77,268
10/26/2007,AVL,NC,ASO,ES,Combined TRACON& Tower with Radar,7,60,98,6,171,0,0,28,2,30,7,60,126,8,201,43,14,57,258
10/27/2007,AVL,NC,ASO,ES,Combined TRACON& Tower with Radar,1,39,55,3,98,0,0,64,3,67,1,39,119,6,165,35,0,35,200
10/28/2007,AVL,NC,ASO,ES,Combined TRACON& Tower with Radar,10,58,142,0,210,0,0,0,0,0,10,58,142,0,210,42,0,42,252
10/29/2007,AVL,NC,ASO,ES,Combined TRACON& Tower with Radar,8,48,69,5,130,0,3,92,5,100,8,51,161,10,230,78,5,83,313
10/30/2007,AVL,NC,ASO,ES,Combined TRACON& Tower with Radar,6,52,73,2,133,0,1,89,6,96,6,53,162,8,229,62,4,66,295
10/31/2007,AVL,NC,ASO,ES,Combined TRACON& Tower with Radar,3,55,51,6,115,0,3,80,2,85,3,58,131,8,200,74,0,74,274
11/01/2007,AVL,NC,ASO,ES,Combined TRACON& Tower with Radar,7,67,78,0,152,10,1,65,2,78,17,68,143,2,230,33,6,39,269
11/02/2007,AVL,NC,ASO,ES,Combined TRACON& Tower with Radar,6,61,73,4,144,0,0,67,1,68,6,61,140,5,212,110,0,110,322
11/03/2007,AVL,NC,ASO,ES,Combined TRACON& Tower with Radar,0,36,47,0,83,0,0,54,1,55,0,36,101,1,138,75,0,75,213
11/04/2007,AVL,NC,ASO,ES,Combined TRACON& Tower with Radar,5,50,66,10,131,0,0,85,3,88,5,50,151,13,219,14,0,14,233
11/05/2007,AVL,NC,ASO,ES,Combined TRACON& Tower with Radar,6,52,58,9,125,0,0,60,2,62,6,52,118,11,187,58,2,60,247
11/06/2007,AVL,NC,ASO,ES,Combined TRACON& Tower with Radar,7,51,59,5,122,0,0,19,0,19,7,51,78,5,141,74,0,74,215
11/07/2007,AVL,NC,ASO,ES,Combined TRACON& Tower with Radar,6,61,67,6,140,0,0,61,4,65,6,61,128,10,205,82,0,82,287
11/08/2007,AVL,NC,ASO,ES,Combined TRACON& Tower with Radar,7,59,67,2,135,0,0,70,2,72,7,59,137,4,207,46,0,46,253
11/09/2007,AVL,NC,ASO,ES,Combined TRACON& Tower with Radar,6,61,75,8,150,0,0,71,3,74,6,61,146,11,224,34,6,40,264
11/10/2007,AVL,NC,ASO,ES,Combined TRACON& Tower with Radar,2,33,45,0,80,0,0,56,1,57,2,33,101,1,137,64,0,64,201
11/11/2007,AVL,NC,ASO,ES,Combined TRACON& Tower with Radar,6,59,51,0,116,0,1,57,3,61,6,60,108,3,177,42,0,42,219
11/12/2007,AVL,NC,ASO,ES,Combined TRACON& Tower with Radar,7,48,70,2,127,0,0,40,2,42,7,48,110,4,169,54,0,54,223
11/13/2007,AVL,NC,ASO,ES,Combined TRACON& Tower with Radar,5,54,58,6,123,0,0,39,1,40,5,54,97,7,163,88,0,88,251
11/14/2007,AVL,NC,ASO,ES,Combined TRACON& Tower with Radar,6,62,59,2,129,0,0,30,0,30,6,62,89,2,159,69,10,79,238
11/15/2007,AVL,NC,ASO,ES,Combined TRACON& Tower with Radar,7,55,61,7,130,0,0,9,0,9,7,55,70,7,139,0,6,6,145
11/16/2007,AVL,NC,ASO,ES,Combined TRACON& Tower with Radar,4,58,66,11,139,0,1,61,6,68,4,59,127,17,207,54,10,64,271
11/17/2007,AVL,NC,ASO,ES,Combined TRACON& Tower with Radar,0,36,72,0,108,0,0,70,0,70,0,36,142,0,178,57,0,57,235
11/18/2007,AVL,NC,ASO,ES,Combined TRACON& Tower with Radar,8,43,51,12,114,0,0,58,2,60,8,43,109,14,174,26,22,48,222
11/19/2007,AVL,NC,ASO,ES,Combined TRACON& Tower with Radar,7,65,47,3,122,0,0,69,0,69,7,65,116,3,191,124,0,124,315
11/20/2007,AVL,NC,ASO,ES,Combined TRACON& Tower with Radar,6,56,72,2,136,0,0,72,0,72,6,56,144,2,208,84,12,96,304
11/21/2007,AVL,NC,ASO,ES,Combined TRACON& Tower with Radar,8,63,91,2,164,0,0,47,3,50,8,63,138,5,214,70,2,72,286
11/22/2007,AVL,NC,ASO,ES,Combined TRACON& Tower with Radar,2,29,4,0,35,0,0,8,0,8,2,29,12,0,43,8,0,8,51
11/23/2007,AVL,NC,ASO,ES,Combined TRACON& Tower with Radar,2,35,44,0,81,0,0,26,0,26,2,35,70,0,107,44,0,44,151
11/24/2007,AVL,NC,ASO,ES,Combined TRACON& Tower with Radar,2,42,64,0,108,0,0,68,0,68,2,42,132,0,176,88,0,88,264
11/25/2007,AVL,NC,ASO,ES,Combined TRACON& Tower with Radar,5,53,92,0,150,0,0,0,0,0,5,53,92,0,150,0,0,0,150
11/26/2007,AVL,NC,ASO,ES,Combined TRACON& Tower with Radar,5,57,24,0,86,0,0,0,0,0,5,57,24,0,86,0,0,0,86
11/27/2007,AVL,NC,ASO,ES,Combined TRACON& Tower with Radar,2,57,50,9,118,0,0,30,2,32,2,57,80,11,150,46,24,70,220
11/28/2007,AVL,NC,ASO,ES,Combined TRACON& Tower with Radar,6,56,57,5,124,0,1,66,18,85,6,57,123,23,209,74,0,74,283
11/29/2007,AVL,NC,ASO,ES,Combined TRACON& Tower with Radar,7,57,41,13,118,0,0,63,2,65,7,57,104,15,183,65,14,79,262
11/30/2007,AVL,NC,ASO,ES,Combined TRACON& Tower with Radar,6,51,50,19,126,0,0,65,6,71,6,51,115,25,197,73,2,75,272
12/01/2007,AVL,NC,ASO,ES,Combined TRACON& Tower with Radar,0,30,37,9,76,0,0,69,7,76,0,30,106,16,152,88,6,94,246
12/02/2007,AVL,NC,ASO,ES,Combined TRACON& Tower with Radar,5,44,49,10,108,0,0,21,5,26,5,44,70,15,134,30,1,31,165
12/03/2007,AVL,NC,ASO,ES,Combined TRACON& Tower with Radar,6,45,21,1,73,0,1,13,0,14,6,46,34,1,87,0,0,0,87
12/04/2007,AVL,NC,ASO,ES,Combined TRACON& Tower with Radar,6,40,31,17,94,0,0,38,0,38,6,40,69,17,132,53,14,67,199
12/05/2007,AVL,NC,ASO,ES,Combined TRACON& Tower with Radar,4,43,48,3,98,0,6,37,2,45,4,49,85,5,143,42,0,42,185
12/06/2007,AVL,NC,ASO,ES,Combined TRACON& Tower with Radar,6,46,58,5,115,0,4,53,2,59,6,50,111,7,174,106,0,106,280
12/07/2007,AVL,NC,ASO,ES,Combined TRACON& Tower with Radar,6,50,44,12,112,0,1,30,0,31,6,51,74,12,143,47,2,49,192
12/08/2007,AVL,NC,ASO,ES,Combined TRACON& Tower with Radar,0,32,33,2,67,0,0,41,2,43,0,32,74,4,110,128,16,144,254
12/09/2007,AVL,NC,ASO,ES,Combined TRACON& Tower with Radar,6,39,43,0,88,0,0,7,0,7,6,39,50,0,95,26,0,26,121
12/10/2007,AVL,NC,ASO,ES,Combined TRACON& Tower with Radar,6,52,34,9,101,0,0,29,1,30,6,52,63,10,131,115,22,137,268
12/11/2007,AVL,NC,ASO,ES,Combined TRACON& Tower with Radar,6,48,46,2,102,0,0,48,4,52,6,48,94,6,154,104,0,104,258
12/12/2007,AVL,NC,ASO,ES,Combined TRACON& Tower with Radar,5,49,61,6,121,0,1,55,2,58,5,50,116,8,179,65,3,68,247
12/13/2007,AVL,NC,ASO,ES,Combined TRACON& Tower with Radar,6,52,48,9,115,0,0,18,2,20,6,52,66,11,135,48,8,56,191
12/14/2007,AVL,NC,ASO,ES,Combined TRACON& Tower with Radar,5,56,128,13,202,0,0,0,5,5,5,56,128,18,207,102,12,114,321
12/15/2007,AVL,NC,ASO,ES,Combined TRACON& Tower with Radar,1,36,28,8,73,0,0,2,0,2,1,36,30,8,75,0,0,0,75
12/16/2007,AVL,NC,ASO,ES,Combined TRACON& Tower with Radar,7,40,21,1,69,0,0,3,0,3,7,40,24,1,72,6,0,6,78
12/17/2007,AVL,NC,ASO,ES,Combined TRACON& Tower with Radar,4,47,57,13,121,0,0,52,7,59,4,47,109,20,180,28,12,40,220
12/18/2007,AVL,NC,ASO,ES,Combined TRACON& Tower with Radar,4,52,51,15,122,0,1,60,3,64,4,53,111,18,186,71,7,78,264
12/19/2007,AVL,NC,ASO,ES,Combined TRACON& Tower with Radar,2,50,73,12,137,0,0,27,1,28,2,50,100,13,165,47,4,51,216
12/20/2007,AVL,NC,ASO,ES,Combined TRACON& Tower with Radar,6,63,58,0,127,0,0,7,0,7,6,63,65,0,134,27,0,27,161
12/21/2007,AVL,NC,ASO,ES,Combined TRACON& Tower with Radar,6,56,73,3,138,0,0,2,0,2,6,56,75,3,140,6,0,6,146
12/22/2007,AVL,NC,ASO,ES,Combined TRACON& Tower with Radar,6,41,63,0,110,0,0,4,0,4,6,41,67,0,114,0,0,0,114
12/23/2007,AVL,NC,ASO,ES,Combined TRACON& Tower with Radar,12,41,27,0,80,2,0,13,0,15,14,41,40,0,95,0,0,0,95
12/24/2007,AVL,NC,ASO,ES,Combined TRACON& Tower with Radar,2,38,20,4,64,0,2,35,1,38,2,40,55,5,102,10,0,10,112
12/25/2007,AVL,NC,ASO,ES,Combined TRACON& Tower with Radar,3,31,9,0,43,0,0,7,0,7,3,31,16,0,50,15,0,15,65
12/26/2007,AVL,NC,ASO,ES,Combined TRACON& Tower with Radar,7,46,68,0,121,0,0,42,0,42,7,46,110,0,163,109,0,109,272
12/27/2007,AVL,NC,ASO,ES,Combined TRACON& Tower with Radar,6,45,55,6,112,0,0,64,2,66,6,45,119,8,178,106,0,106,284
12/28/2007,AVL,NC,ASO,ES,Combined TRACON& Tower with Radar,8,49,41,0,98,0,0,0,0,0,8,49,41,0,98,0,0,0,98
12/29/2007,AVL,NC,ASO,ES,Combined TRACON& Tower with Radar,4,44,42,7,97,0,1,39,0,40,4,45,81,7,137,4,0,4,141
12/30/2007,AVL,NC,ASO,ES,Combined TRACON& Tower with Radar,4,48,40,0,92,0,0,0,0,0,4,48,40,0,92,0,0,0,92
12/31/2007,AVL,NC,ASO,ES,Combined TRACON& Tower with Radar,2,42,26,0,70,0,0,69,0,69,2,42,95,0,139,50,0,50,189
01/01/2008,AVL,NC,ASO,ES,Combined TRACON& Tower with Radar,2,42,28,0,72,0,0,14,0,14,2,42,42,0,86,0,0,0,86
01/02/2008,AVL,NC,ASO,ES,Combined TRACON& Tower with Radar,4,50,25,0,79,0,0,2,0,2,4,50,27,0,81,0,0,0,81
01/03/2008,AVL,NC,ASO,ES,Combined TRACON& Tower with Radar,4,51,41,12,108,0,0,40,0,40,4,51,81,12,148,35,0,35,183
01/04/2008,AVL,NC,ASO,ES,Combined TRACON& Tower with Radar,4,45,51,9,109,0,0,87,1,88,4,45,138,10,197,45,0,45,242
01/05/2008,AVL,NC,ASO,ES,Combined TRACON& Tower with Radar,0,37,32,0,69,0,1,75,0,76,0,38,107,0,145,86,0,86,231
01/06/2008,AVL,NC,ASO,ES,Combined TRACON& Tower with Radar,2,44,32,12,90,0,1,39,5,45,2,45,71,17,135,96,0,96,231
01/07/2008,AVL,NC,ASO,ES,Combined TRACON& Tower with Radar,4,45,39,9,97,0,0,75,1,76,4,45,114,10,173,58,14,72,245
01/08/2008,AVL,NC,ASO,ES,Combined TRACON& Tower with Radar,6,48,54,6,114,0,0,16,0,16,6,48,70,6,130,55,1,56,186
01/09/2008,AVL,NC,ASO,ES,Combined TRACON& Tower with Radar,4,43,28,6,81,0,0,34,0,34,4,43,62,6,115,91,0,91,206
01/10/2008,AVL,NC,ASO,ES,Combined TRACON& Tower with Radar,6,42,32,0,80,0,0,0,0,0,6,42,32,0,80,26,0,26,106
01/11/2008,AVL,NC,ASO,ES,Combined TRACON& Tower with Radar,6,38,42,2,88,0,0,58,5,63,6,38,100,7,151,93,0,93,244
01/12/2008,AVL,NC,ASO,ES,Combined TRACON& Tower with Radar,0,30,24,1,55,0,0,87,0,87,0,30,111,1,142,77,0,77,219
01/13/2008,AVL,NC,ASO,ES,Combined TRACON& Tower with Radar,2,44,34,0,80,0,0,2,0,2,2,44,36,0,82,9,0,9,91
01/14/2008,AVL,NC,ASO,ES,Combined TRACON& Tower with Radar,4,36,36,3,79,0,0,25,2,27,4,36,61,5,106,34,0,34,140
01/15/2008,AVL,NC,ASO,ES,Combined TRACON& Tower with Radar,4,43,36,14,97,0,1,35,0,36,4,44,71,14,133,66,0,66,199
01/16/2008,AVL,NC,ASO,ES,Combined TRACON& Tower with Radar,3,45,43,1,92,0,0,53,3,56,3,45,96,4,148,70,0,70,218
01/17/2008,AVL,NC,ASO,ES,Combined TRACON& Tower with Radar,3,35,6,0,44,0,0,0,0,0,3,35,6,0,44,0,0,0,44
01/18/2008,AVL,NC,ASO,ES,Combined TRACON& Tower with Radar,3,46,66,17,132,0,1,42,0,43,3,47,108,17,175,68,0,68,243
01/19/2008,AVL,NC,ASO,ES,Combined TRACON& Tower with Radar,0,25,11,0,36,0,0,0,0,0,0,25,11,0,36,0,0,0,36
01/20/2008,AVL,NC,ASO,ES,Combined TRACON& Tower with Radar,0,38,19,5,62,0,1,25,0,26,0,39,44,5,88,53,14,67,155
01/21/2008,AVL,NC,ASO,ES,Combined TRACON& Tower with Radar,4,44,55,6,109,0,0,55,0,55,4,44,110,6,164,91,0,91,255
01/22/2008,AVL,NC,ASO,ES,Combined TRACON& Tower with Radar,4,31,34,0,69,0,0,7,0,7,4,31,41,0,76,19,0,19,95
01/23/2008,AVL,NC,ASO,ES,Combined TRACON& Tower with Radar,4,44,57,12,117,0,0,46,0,46,4,44,103,12,163,99,14,113,276
01/24/2008,AVL,NC,ASO,ES,Combined TRACON& Tower with Radar,6,41,35,17,99,0,0,9,1,10,6,41,44,18,109,0,0,0,109
01/25/2008,AVL,NC,ASO,ES,Combined TRACON& Tower with Radar,4,50,37,6,97,0,0,66,2,68,4,50,103,8,165,92,0,92,257
01/26/2008,AVL,NC,ASO,ES,Combined TRACON& Tower with Radar,0,27,27,3,57,0,0,37,0,37,0,27,64,3,94,112,0,112,206
01/27/2008,AVL,NC,ASO,ES,Combined TRACON& Tower with Radar,4,36,50,4,94,0,0,38,0,38,4,36,88,4,132,41,0,41,173
01/28/2008,AVL,NC,ASO,ES,Combined TRACON& Tower with Radar,4,54,44,16,118,0,0,54,2,56,4,54,98,18,174,108,0,108,282
01/29/2008,AVL,NC,ASO,ES,Combined TRACON& Tower with Radar,4,50,14,13,81,0,0,25,5,30,4,50,39,18,111,53,6,59,170
01/30/2008,AVL,NC,ASO,ES,Combined TRACON& Tower with Radar,7,41,20,8,76,0,0,35,3,38,7,41,55,11,114,14,8,22,136
01/31/2008,AVL,NC,ASO,ES,Combined TRACON& Tower with Radar,4,49,29,3,85,0,2,27,5,34,4,51,56,8,119,95,0,95,214
02/01/2008,AVL,NC,ASO,ES,Combined TRACON& Tower with Radar,7,42,29,7,85,0,2,7,0,9,7,44,36,7,94,24,2,26,120
02/02/2008,AVL,NC,ASO,ES,Combined TRACON& Tower with Radar,0,28,40,5,73,0,2,83,4,89,0,30,123,9,162,86,0,86,248
02/03/2008,AVL,NC,ASO,ES,Combined TRACON& Tower with Radar,2,35,26,0,63,0,0,43,2,45,2,35,69,2,108,76,0,76,184
02/04/2008,AVL,NC,ASO,ES,Combined TRACON& Tower with Radar,4,40,29,2,75,0,0,8,0,8,4,40,37,2,83,57,0,57,140
02/05/2008,AVL,NC,ASO,ES,Combined TRACON& Tower with Radar,4,41,40,0,85,0,0,35,0,35,4,41,75,0,120,77,0,77,197
02/06/2008,AVL,NC,ASO,ES,Combined TRACON& Tower with Radar,4,35,24,0,63,0,0,0,0,0,4,35,24,0,63,0,0,0,63
02/07/2008,AVL,NC,ASO,ES,Combined TRACON& Tower with Radar,6,44,47,2,99,0,3,76,6,85,6,47,123,8,184,95,0,95,279
02/08/2008,AVL,NC,ASO,ES,Combined TRACON& Tower with Radar,6,44,55,1,106,0,1,54,0,55,6,45,109,1,161,125,0,125,286
02/09/2008,AVL,NC,ASO,ES,Combined TRACON& Tower with Radar,0,30,13,0,43,0,5,31,2,38,0,35,44,2,81,58,0,58,139
02/10/2008,AVL,NC,ASO,ES,Combined TRACON& Tower with Radar,4,35,16,0,55,0,2,6,0,8,4,37,22,0,63,0,0,0,63
02/11/2008,AVL,NC,ASO,ES,Combined TRACON& Tower with Radar,4,47,46,14,111,0,1,66,0,67,4,48,112,14,178,42,6,48,226
02/12/2008,AVL,NC,ASO,ES,Combined TRACON& Tower with Radar,4,34,52,0,90,0,0,11,2,13,4,34,63,2,103,88,0,88,191
02/13/2008,AVL,NC,ASO,ES,Combined TRACON& Tower with Radar,4,40,21,4,69,0,0,0,0,0,4,40,21,4,69,6,0,6,75
02/14/2008,AVL,NC,ASO,ES,Combined TRACON& Tower with Radar,5,47,41,3,96,0,3,63,5,71,5,50,104,8,167,85,9,94,261
02/15/2008,AVL,NC,ASO,ES,Combined TRACON& Tower with Radar,5,48,70,3,126,0,1,63,6,70,5,49,133,9,196,67,14,81,277
02/16/2008,AVL,NC,ASO,ES,Combined TRACON& Tower with Radar,4,25,33,0,62,0,0,44,1,45,4,25,77,1,107,66,0,66,173
02/17/2008,AVL,NC,ASO,ES,Combined TRACON& Tower with Radar,0,32,20,0,52,0,0,0,0,0,0,32,20,0,52,0,0,0,52
02/18/2008,AVL,NC,ASO,ES,Combined TRACON& Tower with Radar,2,53,65,0,120,0,1,35,0,36,2,54,100,0,156,20,0,20,176
02/19/2008,AVL,NC,ASO,ES,Combined TRACON& Tower with Radar,4,37,28,0,69,0,0,9,0,9,4,37,37,0,78,0,0,0,78
02/20/2008,AVL,NC,ASO,ES,Combined TRACON& Tower with Radar,4,44,60,5,113,0,0,33,1,34,4,44,93,6,147,1,0,1,148
02/21/2008,AVL,NC,ASO,ES,Combined TRACON& Tower with Radar,4,42,34,0,80,0,0,25,0,25,4,42,59,0,105,45,0,45,150
02/22/2008,AVL,NC,ASO,ES,Combined TRACON& Tower with Radar,4,43,21,2,70,0,0,6,0,6,4,43,27,2,76,28,0,28,104
02/23/2008,AVL,NC,ASO,ES,Combined TRACON& Tower with Radar,4,33,57,4,98,0,3,27,2,32,4,36,84,6,130,42,10,52,182
02/24/2008,AVL,NC,ASO,ES,Combined TRACON& Tower with Radar,3,35,32,8,78,0,0,33,0,33,3,35,65,8,111,49,0,49,160
02/25/2008,AVL,NC,ASO,ES,Combined TRACON& Tower with Radar,4,44,46,4,98,0,0,67,0,67,4,44,113,4,165,62,0,62,227
02/26/2008,AVL,NC,ASO,ES,Combined TRACON& Tower with Radar,2,41,29,0,72,0,0,0,0,0,2,41,29,0,72,0,0,0,72
02/27/2008,AVL,NC,ASO,ES,Combined TRACON& Tower with Radar,4,38,21,1,64,0,0,5,1,6,4,38,26,2,70,10,0,10,80
02/28/2008,AVL,NC,ASO,ES,Combined TRACON& Tower with Radar,5,43,59,7,114,0,0,66,4,70,5,43,125,11,184,82,0,82,266
02/29/2008,AVL,NC,ASO,ES,Combined TRACON& Tower with Radar,2,39,37,2,80,0,0,18,6,24,2,39,55,8,104,8,3,11,115
03/01/2008,AVL,NC,ASO,ES,Combined TRACON& Tower with Radar,4,29,25,3,61,0,0,48,0,48,4,29,73,3,109,87,0,87,196
03/02/2008,AVL,NC,ASO,ES,Combined TRACON& Tower with Radar,2,38,42,10,92,0,2,78,2,82,2,40,120,12,174,34,0,34,208
03/03/2008,AVL,NC,ASO,ES,Combined TRACON& Tower with Radar,0,51,35,1,87,0,0,23,1,24,0,51,58,2,111,38,0,38,149
03/04/2008,AVL,NC,ASO,ES,Combined TRACON& Tower with Radar,8,44,13,0,65,0,0,0,0,0,8,44,13,0,65,0,0,0,65
03/05/2008,AVL,NC,ASO,ES,Combined TRACON& Tower with Radar,2,46,30,1,79,0,0,38,4,42,2,46,68,5,121,86,0,86,207
03/06/2008,AVL,NC,ASO,ES,Combined TRACON& Tower with Radar,6,56,65,9,136,0,1,81,3,85,6,57,146,12,221,168,0,168,389
03/07/2008,AVL,NC,ASO,ES,Combined TRACON& Tower with Radar,1,47,30,0,78,0,0,0,0,0,1,47,30,0,78,0,0,0,78
03/08/2008,AVL,NC,ASO,ES,Combined TRACON& Tower with Radar,4,29,23,3,59,0,0,2,0,2,4,29,25,3,61,14,0,14,75
03/09/2008,AVL,NC,ASO,ES,Combined TRACON& Tower with Radar,1,42,46,5,94,0,0,54,8,62,1,42,100,13,156,75,28,103,259
03/10/2008,AVL,NC,ASO,ES,Combined TRACON& Tower with Radar,3,40,36,8,87,0,0,59,1,60,3,40,95,9,147,120,0,120,267
03/11/2008,AVL,NC,ASO,ES,Combined TRACON& Tower with Radar,2,44,47,2,95,0,0,42,1,43,2,44,89,3,138,61,0,61,199
03/12/2008,AVL,NC,ASO,ES,Combined TRACON& Tower with Radar,2,50,50,14,116,0,1,57,2,60,2,51,107,16,176,184,10,194,370
03/13/2008,AVL,NC,ASO,ES,Combined TRACON& Tower with Radar,0,53,47,15,115,0,0,56,0,56,0,53,103,15,171,146,24,170,341
03/14/2008,AVL,NC,ASO,ES,Combined TRACON& Tower with Radar,2,60,37,4,103,0,0,24,1,25,2,60,61,5,128,21,2,23,151
03/15/2008,AVL,NC,ASO,ES,Combined TRACON& Tower with Radar,1,28,13,1,43,0,0,6,0,6,1,28,19,1,49,26,0,26,75
03/16/2008,AVL,NC,ASO,ES,Combined TRACON& Tower with Radar,5,37,55,9,106,0,0,27,2,29,5,37,82,11,135,24,43,67,202
03/17/2008,AVL,NC,ASO,ES,Combined TRACON& Tower with Radar,4,44,38,5,91,0,0,50,0,50,4,44,88,5,141,127,18,145,286
03/18/2008,AVL,NC,ASO,ES,Combined TRACON& Tower with Radar,2,53,74,0,129,0,0,6,0,6,2,53,80,0,135,48,0,48,183
03/19/2008,AVL,NC,ASO,ES,Combined TRACON& Tower with Radar,2,46,19,0,67,0,0,1,0,1,2,46,20,0,68,0,0,0,68
03/20/2008,AVL,NC,ASO,ES,Combined TRACON& Tower with Radar,2,50,57,3,112,0,3,26,6,35,2,53,83,9,147,28,4,32,179
03/21/2008,AVL,NC,ASO,ES,Combined TRACON& Tower with Radar,2,47,47,12,108,0,0,68,2,70,2,47,115,14,178,135,1,136,314
03/22/2008,AVL,NC,ASO,ES,Combined TRACON& Tower with Radar,0,36,26,0,62,0,0,72,0,72,0,36,98,0,134,87,0,87,221
03/23/2008,AVL,NC,ASO,ES,Combined TRACON& Tower with Radar,0,39,25,0,64,0,0,32,0,32,0,39,57,0,96,60,0,60,156
03/24/2008,AVL,NC,ASO,ES,Combined TRACON& Tower with Radar,3,52,50,0,105,0,0,16,2,18,3,52,66,2,123,28,0,28,151
03/25/2008,AVL,NC,ASO,ES,Combined TRACON& Tower with Radar,1,44,50,2,97,0,0,52,0,52,1,44,102,2,149,102,4,106,255
03/26/2008,AVL,NC,ASO,ES,Combined TRACON& Tower with Radar,0,46,40,3,89,0,1,58,1,60,0,47,98,4,149,108,0,108,257
03/27/2008,AVL,NC,ASO,ES,Combined TRACON& Tower with Radar,1,53,57,4,115,0,1,64,0,65,1,54,121,4,180,74,6,80,260
03/28/2008,AVL,NC,ASO,ES,Combined TRACON& Tower with Radar,2,55,49,8,114,0,2,39,1,42,2,57,88,9,156,10,0,10,166
03/29/2008,AVL,NC,ASO,ES,Combined TRACON& Tower with Radar,0,34,29,5,68,0,0,1,0,1,0,34,30,5,69,2,0,2,71
03/30/2008,AVL,NC,ASO,ES,Combined TRACON& Tower with Radar,2,38,44,4,88,0,0,2,0,2,2,38,46,4,90,9,0,9,99
03/31/2008,AVL,NC,ASO,ES,Combined TRACON& Tower with Radar,2,41,57,0,100,0,0,5,0,5,2,41,62,0,105,0,0,0,105
04/01/2008,AVL,NC,ASO,ES,Combined TRACON& Tower with Radar,1,45,34,4,84,0,0,13,0,13,1,45,47,4,97,24,0,24,121
04/02/2008,AVL,NC,ASO,ES,Combined TRACON& Tower with Radar,2,45,41,12,100,0,0,34,5,39,2,45,75,17,139,47,39,86,225
04/03/2008,AVL,NC,ASO,ES,Combined TRACON& Tower with Radar,2,51,62,1,116,0,0,0,0,0,2,51,62,1,116,24,0,24,140
04/04/2008,AVL,NC,ASO,ES,Combined TRACON& Tower with Radar,2,54,39,0,95,0,0,2,0,2,2,54,41,0,97,36,0,36,133
04/05/2008,AVL,NC,ASO,ES,Combined TRACON& Tower with Radar,2,32,28,1,63,0,0,0,0,0,2,32,28,1,63,0,0,0,63
04/06/2008,AVL,NC,ASO,ES,Combined TRACON& Tower with Radar,4,53,71,2,130,0,0,32,0,32,4,53,103,2,162,53,0,53,215
04/07/2008,AVL,NC,ASO,ES,Combined TRACON& Tower with Radar,2,45,54,5,106,0,1,36,1,38,2,46,90,6,144,83,0,83,227
04/08/2008,AVL,NC,ASO,ES,Combined TRACON& Tower with Radar,2,42,62,11,117,0,3,19,5,27,2,45,81,16,144,39,0,39,183
04/09/2008,AVL,NC,ASO,ES,Combined TRACON& Tower with Radar,2,41,41,4,88,0,1,56,3,60,2,42,97,7,148,101,7,108,256
04/10/2008,AVL,NC,ASO,ES,Combined TRACON& Tower with Radar,4,41,65,2,112,0,2,47,3,52,4,43,112,5,164,85,16,101,265
04/11/2008,AVL,NC,ASO,ES,Combined TRACON& Tower with Radar,4,45,46,4,99,0,0,13,0,13,4,45,59,4,112,55,0,55,167
04/12/2008,AVL,NC,ASO,ES,Combined TRACON& Tower with Radar,1,27,29,1,58,0,0,18,1,19,1,27,47,2,77,28,0,28,105
04/13/2008,AVL,NC,ASO,ES,Combined TRACON& Tower with Radar,3,42,29,0,74,0,0,19,1,20,3,42,48,1,94,7,6,13,107
04/14/2008,AVL,NC,ASO,ES,Combined TRACON& Tower with Radar,4,46,42,5,97,0,0,11,0,11,4,46,53,5,108,48,0,48,156
04/15/2008,AVL,NC,ASO,ES,Combined TRACON& Tower with Radar,2,47,40,0,89,0,2,61,5,68,2,49,101,5,157,73,0,73,230
04/16/2008,AVL,NC,ASO,ES,Combined TRACON& Tower with Radar,0,41,39,9,89,0,10,77,4,91,0,51,116,13,180,22,0,22,202
04/17/2008,AVL,NC,ASO,ES,Combined TRACON& Tower with Radar,4,44,65,14,127,0,2,103,7,112,4,46,168,21,239,91,2,93,332
04/18/2008,AVL,NC,ASO,ES,Combined TRACON& Tower with Radar,4,49,62,3,118,0,1,73,0,74,4,50,135,3,192,28,0,28,220
04/19/2008,AVL,NC,ASO,ES,Combined TRACON& Tower with Radar,2,28,33,1,64,0,0,9,0,9,2,28,42,1,73,20,0,20,93
04/20/2008,AVL,NC,ASO,ES,Combined TRACON& Tower with Radar,1,39,39,4,83,0,0,43,0,43,1,39,82,4,126,46,0,46,172
04/21/2008,AVL,NC,ASO,ES,Combined TRACON& Tower with Radar,4,50,47,5,106,0,0,46,3,49,4,50,93,8,155,49,8,57,212
04/22/2008,AVL,NC,ASO,ES,Combined TRACON& Tower with Radar,1,43,61,11,116,0,2,61,1,64,1,45,122,12,180,106,30,136,316
04/23/2008,AVL,NC,ASO,ES,Combined TRACON& Tower with Radar,0,44,68,15,127,0,2,35,0,37,0,46,103,15,164,72,8,80,244
04/24/2008,AVL,NC,ASO,ES,Combined TRACON& Tower with Radar,5,50,65,1,121,0,3,71,1,75,5,53,136,2,196,56,23,79,275
04/25/2008,AVL,NC,ASO,ES,Combined TRACON& Tower with Radar,3,44,60,5,112,0,3,35,1,39,3,47,95,6,151,67,0,67,218
04/26/2008,AVL,NC,ASO,ES,Combined TRACON& Tower with Radar,1,33,30,0,64,0,0,32,0,32,1,33,62,0,96,84,0,84,180
04/27/2008,AVL,NC,ASO,ES,Combined TRACON& Tower with Radar,4,41,46,1,92,0,0,7,2,9,4,41,53,3,101,15,0,15,116
04/28/2008,AVL,NC,ASO,ES,Combined TRACON& Tower with Radar,4,47,42,23,116,0,3,13,0,16,4,50,55,23,132,0,8,8,140
04/29/2008,AVL,NC,ASO,ES,Combined TRACON& Tower with Radar,1,42,59,4,106,0,1,50,1,52,1,43,109,5,158,36,0,36,194
04/30/2008,AVL,NC,ASO,ES,Combined TRACON& Tower with Radar,0,48,55,0,103,0,2,98,6,106,0,50,153,6,209,123,4,127,336
05/01/2008,AVL,NC,ASO,ES,Combined TRACON& Tower with Radar,4,56,61,2,123,0,3,65,2,70,4,59,126,4,193,14,16,30,223
05/02/2008,AVL,NC,ASO,ES,Combined TRACON& Tower with Radar,7,43,53,12,115,0,2,37,2,41,7,45,90,14,156,30,0,30,186
05/03/2008,AVL,NC,ASO,ES,Combined TRACON& Tower with Radar,2,30,25,0,57,0,3,30,0,33,2,33,55,0,90,37,0,37,127
05/04/2008,AVL,NC,ASO,ES,Combined TRACON& Tower with Radar,4,45,73,1,123,0,0,59,1,60,4,45,132,2,183,29,0,29,212
05/05/2008,AVL,NC,ASO,ES,Combined TRACON& Tower with Radar,5,50,45,9,109,0,0,57,4,61,5,50,102,13,170,90,53,143,313
05/06/2008,AVL,NC,ASO,ES,Combined TRACON& Tower with Radar,2,59,55,5,121,0,3,53,2,58,2,62,108,7,179,85,0,85,264
05/07/2008,AVL,NC,ASO,ES,Combined TRACON& Tower with Radar,0,50,64,8,122,0,1,52,0,53,0,51,116,8,175,18,0,18,193
05/08/2008,AVL,NC,ASO,ES,Combined TRACON& Tower with Radar,4,66,55,7,132,0,0,25,1,26,4,66,80,8,158,17,1,18,176
05/09/2008,AVL,NC,ASO,ES,Combined TRACON& Tower with Radar,7,55,82,0,144,0,1,41,2,44,7,56,123,2,188,72,0,72,260
05/10/2008,AVL,NC,ASO,ES,Combined TRACON& Tower with Radar,4,40,48,4,96,0,0,47,0,47,4,40,95,4,143,103,0,103,246
05/11/2008,AVL,NC,ASO,ES,Combined TRACON& Tower with Radar,4,53,31,0,88,0,0,5,0,5,4,53,36,0,93,0,0,0,93
05/12/2008,AVL,NC,ASO,ES,Combined TRACON& Tower with Radar,2,59,28,6,95,0,0,4,0,4,2,59,32,6,99,0,0,0,99
05/13/2008,AVL,NC,ASO,ES,Combined TRACON& Tower with Radar,2,52,68,2,124,0,0,81,6,87,2,52,149,8,211,134,26,160,371
05/14/2008,AVL,NC,ASO,ES,Combined TRACON& Tower with Radar,0,54,82,10,146,0,1,27,6,34,0,55,109,16,180,97,6,103,283
05/15/2008,AVL,NC,ASO,ES,Combined TRACON& Tower with Radar,3,57,72,0,132,0,0,11,1,12,3,57,83,1,144,52,0,52,196
05/16/2008,AVL,NC,ASO,ES,Combined TRACON& Tower with Radar,4,60,68,0,132,0,0,20,3,23,4,60,88,3,155,33,8,41,196
05/17/2008,AVL,NC,ASO,ES,Combined TRACON& Tower with Radar,2,43,132,4,181,0,0,0,0,0,2,43,132,4,181,68,14,82,263
05/18/2008,AVL,NC,ASO,ES,Combined TRACON& Tower with Radar,1,54,79,0,134,0,0,14,0,14,1,54,93,0,148,110,0,110,258
05/19/2008,AVL,NC,ASO,ES,Combined TRACON& Tower with Radar,4,54,49,4,111,0,1,61,1,63,4,55,110,5,174,127,0,127,301
05/20/2008,AVL,NC,ASO,ES,Combined TRACON& Tower with Radar,2,62,48,0,112,0,0,23,0,23,2,62,71,0,135,76,0,76,211
05/21/2008,AVL,NC,ASO,ES,Combined TRACON& Tower with Radar,0,52,85,2,139,0,2,79,4,85,0,54,164,6,224,205,1,206,430
05/22/2008,AVL,NC,ASO,ES,Combined TRACON& Tower with Radar,4,63,70,2,139,0,1,107,1,109,4,64,177,3,248,136,0,136,384
05/23/2008,AVL,NC,ASO,ES,Combined TRACON& Tower with Radar,5,62,79,4,150,0,1,60,2,63,5,63,139,6,213,102,0,102,315
05/24/2008,AVL,NC,ASO,ES,Combined TRACON& Tower with Radar,1,39,40,0,80,0,0,50,0,50,1,39,90,0,130,66,0,66,196
05/25/2008,AVL,NC,ASO,ES,Combined TRACON& Tower with Radar,2,45,51,8,106,0,0,42,3,45,2,45,93,11,151,138,10,148,299
05/26/2008,AVL,NC,ASO,ES,Combined TRACON& Tower with Radar,4,64,82,0,150,0,0,80,0,80,4,64,162,0,230,223,0,223,453
05/27/2008,AVL,NC,ASO,ES,Combined TRACON& Tower with Radar,4,50,60,11,125,0,0,23,5,28,4,50,83,16,153,117,0,117,270
05/28/2008,AVL,NC,ASO,ES,Combined TRACON& Tower with Radar,0,62,49,7,118,0,0,1,3,4,0,62,50,10,122,10,0,10,132
05/29/2008,AVL,NC,ASO,ES,Combined TRACON& Tower with Radar,4,68,59,0,131,0,0,29,2,31,4,68,88,2,162,213,0,213,375
05/30/2008,AVL,NC,ASO,ES,Combined TRACON& Tower with Radar,2,53,56,6,117,0,1,47,1,49,2,54,103,7,166,69,0,69,235
05/31/2008,AVL,NC,ASO,ES,Combined TRACON& Tower with Radar,2,40,38,6,86,0,0,65,5,70,2,40,103,11,156,64,0,64,220
06/01/2008,AVL,NC,ASO,ES,Combined TRACON& Tower with Radar,1,55,94,4,154,0,0,0,0,0,1,55,94,4,154,34,0,34,188
06/02/2008,AVL,NC,ASO,ES,Combined TRACON& Tower with Radar,2,60,50,1,113,0,2,64,0,66,2,62,114,1,179,217,0,217,396
06/03/2008,AVL,NC,ASO,ES,Combined TRACON& Tower with Radar,2,58,54,7,121,0,2,44,0,46,2,60,98,7,167,130,0,130,297
06/04/2008,AVL,NC,ASO,ES,Combined TRACON& Tower with Radar,0,61,62,5,128,0,1,39,1,41,0,62,101,6,169,48,0,48,217
06/05/2008,AVL,NC,ASO,ES,Combined TRACON& Tower with Radar,4,78,74,1,157,0,1,72,11,84,4,79,146,12,241,77,6,83,324
06/06/2008,AVL,NC,ASO,ES,Combined TRACON& Tower with Radar,3,68,75,7,153,0,0,41,0,41,3,68,116,7,194,147,0,147,341
06/07/2008,AVL,NC,ASO,ES,Combined TRACON& Tower with Radar,5,50,61,0,116,0,0,47,1,48,5,50,108,1,164,54,0,54,218
06/08/2008,AVL,NC,ASO,ES,Combined TRACON& Tower with Radar,2,60,88,10,160,0,0,30,3,33,2,60,118,13,193,4,0,4,197
06/09/2008,AVL,NC,ASO,ES,Combined TRACON& Tower with Radar,4,66,67,0,137,0,0,56,2,58,4,66,123,2,195,74,0,74,269
06/10/2008,AVL,NC,ASO,ES,Combined TRACON& Tower with Radar,4,55,59,6,124,0,0,31,1,32,4,55,90,7,156,24,12,36,192
06/11/2008,AVL,NC,ASO,ES,Combined TRACON& Tower with Radar,4,77,87,2,170,0,2,47,2,51,4,79,134,4,221,87,0,87,308
06/12/2008,AVL,NC,ASO,ES,Combined TRACON& Tower with Radar,6,71,63,3,143,0,2,56,2,60,6,73,119,5,203,29,0,29,232
06/13/2008,AVL,NC,ASO,ES,Combined TRACON& Tower with Radar,6,68,87,5,166,0,2,61,4,67,6,70,148,9,233,106,0,106,339
06/14/2008,AVL,NC,ASO,ES,Combined TRACON& Tower with Radar,5,60,57,0,122,0,0,36,3,39,5,60,93,3,161,9,14,23,184
06/15/2008,AVL,NC,ASO,ES,Combined TRACON& Tower with Radar,8,59,70,0,137,0,0,45,0,45,8,59,115,0,182,16,0,16,198
06/16/2008,AVL,NC,ASO,ES,Combined TRACON& Tower with Radar,3,59,49,12,123,0,0,59,2,61,3,59,108,14,184,104,24,128,312
06/17/2008,AVL,NC,ASO,ES,Combined TRACON& Tower with Radar,4,61,62,3,130,0,1,47,5,53,4,62,109,8,183,67,5,72,255
06/18/2008,AVL,NC,ASO,ES,Combined TRACON& Tower with Radar,4,69,56,0,129,0,0,69,2,71,4,69,125,2,200,41,0,41,241
06/19/2008,AVL,NC,ASO,ES,Combined TRACON& Tower with Radar,4,67,88,1,160,0,1,68,7,76,4,68,156,8,236,76,0,76,312
06/20/2008,AVL,NC,ASO,ES,Combined TRACON& Tower with Radar,3,62,88,27,180,0,1,58,2,61,3,63,146,29,241,55,10,65,306
06/21/2008,AVL,NC,ASO,ES,Combined TRACON& Tower with Radar,6,45,39,4,94,0,0,33,5,38,6,45,72,9,132,44,12,56,188
06/22/2008,AVL,NC,ASO,ES,Combined TRACON& Tower with Radar,3,53,77,0,133,0,1,30,1,32,3,54,107,1,165,44,0,44,209
06/23/2008,AVL,NC,ASO,ES,Combined TRACON& Tower with Radar,3,61,62,1,127,0,1,48,4,53,3,62,110,5,180,63,11,74,254
06/24/2008,AVL,NC,ASO,ES,Combined TRACON& Tower with Radar,4,57,57,12,130,0,2,66,1,69,4,59,123,13,199,76,2,78,277
06/25/2008,AVL,NC,ASO,ES,Combined TRACON& Tower with Radar,4,71,73,10,158,0,0,61,4,65,4,71,134,14,223,31,4,35,258
06/26/2008,AVL,NC,ASO,ES,Combined TRACON& Tower with Radar,5,72,61,9,147,0,0,46,2,48,5,72,107,11,195,29,12,41,236
06/27/2008,AVL,NC,ASO,ES,Combined TRACON& Tower with Radar,3,76,134,6,219,0,0,47,2,49,3,76,181,8,268,13,0,13,281
06/28/2008,AVL,NC,ASO,ES,Combined TRACON& Tower with Radar,6,47,63,0,116,0,0,40,2,42,6,47,103,2,158,12,0,12,170
06/29/2008,AVL,NC,ASO,ES,Combined TRACON& Tower with Radar,3,62,112,7,184,0,0,30,4,34,3,62,142,11,218,22,0,22,240
06/30/2008,AVL,NC,ASO,ES,Combined TRACON& Tower with Radar,3,65,66,8,142,0,0,34,2,36,3,65,100,10,178,30,0,30,208
07/01/2008,AVL,NC,ASO,ES,Combined TRACON& Tower with Radar,5,54,62,1,122,0,2,66,0,68,5,56,128,1,190,6,0,6,196
07/02/2008,AVL,NC,ASO,ES,Combined TRACON& Tower with Radar,7,74,54,9,144,0,2,68,3,73,7,76,122,12,217,41,0,41,258
07/03/2008,AVL,NC,ASO,ES,Combined TRACON& Tower with Radar,4,73,93,4,174,0,0,65,4,69,4,73,158,8,243,61,0,61,304
07/04/2008,AVL,NC,ASO,ES,Combined TRACON& Tower with Radar,3,41,51,0,95,0,0,45,0,45,3,41,96,0,140,71,0,71,211
07/05/2008,AVL,NC,ASO,ES,Combined TRACON& Tower with Radar,3,48,37,0,88,0,1,18,0,19,3,49,55,0,107,16,0,16,123
07/06/2008,AVL,NC,ASO,ES,Combined TRACON& Tower with Radar,4,64,102,5,175,0,0,33,1,34,4,64,135,6,209,32,0,32,241
07/07/2008,AVL,NC,ASO,ES,Combined TRACON& Tower with Radar,4,72,89,6,171,0,0,36,8,44,4,72,125,14,215,97,0,97,312
07/08/2008,AVL,NC,ASO,ES,Combined TRACON& Tower with Radar,4,71,65,6,146,0,0,31,3,34,4,71,96,9,180,55,0,55,235
07/09/2008,AVL,NC,ASO,ES,Combined TRACON& Tower with Radar,4,68,60,2,134,0,0,33,2,35,4,68,93,4,169,20,0,20,189
07/10/2008,AVL,NC,ASO,ES,Combined TRACON& Tower with Radar,6,69,76,4,155,0,0,8,2,10,6,69,84,6,165,51,0,51,216
07/11/2008,AVL,NC,ASO,ES,Combined TRACON& Tower with Radar,8,79,153,1,241,0,1,68,2,71,8,80,221,3,312,39,0,39,351
07/12/2008,AVL,NC,ASO,ES,Combined TRACON& Tower with Radar,8,59,73,1,141,0,0,67,2,69,8,59,140,3,210,60,6,66,276
07/13/2008,AVL,NC,ASO,ES,Combined TRACON& Tower with Radar,4,76,98,0,178,0,0,20,0,20,4,76,118,0,198,20,0,20,218
07/14/2008,AVL,NC,ASO,ES,Combined TRACON& Tower with Radar,4,64,69,0,137,0,0,56,1,57,4,64,125,1,194,62,1,63,257
07/15/2008,AVL,NC,ASO,ES,Combined TRACON& Tower with Radar,7,62,66,1,136,0,1,75,3,79,7,63,141,4,215,109,20,129,344
07/16/2008,AVL,NC,ASO,ES,Combined TRACON& Tower with Radar,4,54,89,9,156,0,3,62,4,69,4,57,151,13,225,58,4,62,287
07/17/2008,AVL,NC,ASO,ES,Combined TRACON& Tower with Radar,3,59,83,25,170,0,4,63,5,72,3,63,146,30,242,48,10,58,300
07/18/2008,AVL,NC,ASO,ES,Combined TRACON& Tower with Radar,4,65,68,8,145,0,2,75,3,80,4,67,143,11,225,84,42,126,351
07/19/2008,AVL,NC,ASO,ES,Combined TRACON& Tower with Radar,7,60,60,1,128,0,0,71,1,72,7,60,131,2,200,80,0,80,280
07/20/2008,AVL,NC,ASO,ES,Combined TRACON& Tower with Radar,4,69,86,2,161,0,0,48,0,48,4,69,134,2,209,28,0,28,237
07/21/2008,AVL,NC,ASO,ES,Combined TRACON& Tower with Radar,3,58,70,4,135,0,1,53,1,55,3,59,123,5,190,64,1,65,255
07/22/2008,AVL,NC,ASO,ES,Combined TRACON& Tower with Radar,6,67,87,0,160,0,5,42,1,48,6,72,129,1,208,53,0,53,261
07/23/2008,AVL,NC,ASO,ES,Combined TRACON& Tower with Radar,4,66,79,0,149,0,1,37,1,39,4,67,116,1,188,58,0,58,246
07/24/2008,AVL,NC,ASO,ES,Combined TRACON& Tower with Radar,11,66,70,0,147,0,0,59,0,59,11,66,129,0,206,85,0,85,291
07/25/2008,AVL,NC,ASO,ES,Combined TRACON& Tower with Radar,4,66,82,12,164,0,0,63,3,66,4,66,145,15,230,45,0,45,275
07/26/2008,AVL,NC,ASO,ES,Combined TRACON& Tower with Radar,6,57,58,3,124,0,0,9,0,9,6,57,67,3,133,6,0,6,139
07/27/2008,AVL,NC,ASO,ES,Combined TRACON& Tower with Radar,3,62,79,5,149,0,0,51,0,51,3,62,130,5,200,24,0,24,224
07/28/2008,AVL,NC,ASO,ES,Combined TRACON& Tower with Radar,8,71,66,4,149,0,3,58,3,64,8,74,124,7,213,77,1,78,291
07/29/2008,AVL,NC,ASO,ES,Combined TRACON& Tower with Radar,4,55,78,6,143,0,0,43,4,47,4,55,121,10,190,106,49,155,345
07/30/2008,AVL,NC,ASO,ES,Combined TRACON& Tower with Radar,4,65,51,0,120,0,3,56,7,66,4,68,107,7,186,51,0,51,237
07/31/2008,AVL,NC,ASO,ES,Combined TRACON& Tower with Radar,6,74,88,4,172,0,0,39,2,41,6,74,127,6,213,103,0,103,316
08/01/2008,AVL,NC,ASO,ES,Combined TRACON& Tower with Radar,4,76,77,20,177,0,2,57,7,66,4,78,134,27,243,73,24,97,340
08/02/2008,AVL,NC,ASO,ES,Combined TRACON& Tower with Radar,5,55,33,28,121,0,0,50,2,52,5,55,83,30,173,50,6,56,229
08/03/2008,AVL,NC,ASO,ES,Combined TRACON& Tower with Radar,4,64,65,4,137,0,1,63,1,65,4,65,128,5,202,28,6,34,236
08/04/2008,AVL,NC,ASO,ES,Combined TRACON& Tower with Radar,2,74,81,14,171,0,1,49,4,54,2,75,130,18,225,78,8,86,311
08/05/2008,AVL,NC,ASO,ES,Combined TRACON& Tower with Radar,5,65,40,0,110,0,8,51,5,64,5,73,91,5,174,91,0,91,265
08/06/2008,AVL,NC,ASO,ES,Combined TRACON& Tower with Radar,2,68,66,2,138,0,1,49,4,54,2,69,115,6,192,54,4,58,250
08/07/2008,AVL,NC,ASO,ES,Combined TRACON& Tower with Radar,5,77,85,2,169,0,0,45,3,48,5,77,130,5,217,30,0,30,247
08/08/2008,AVL,NC,ASO,ES,Combined TRACON& Tower with Radar,9,67,103,1,180,0,2,70,0,72,9,69,173,1,252,76,0,76,328
08/09/2008,AVL,NC,ASO,ES,Combined TRACON& Tower with Radar,6,58,52,7,123,0,2,58,6,66,6,60,110,13,189,70,2,72,261
08/10/2008,AVL,NC,ASO,ES,Combined TRACON& Tower with Radar,10,71,89,5,175,0,1,51,2,54,10,72,140,7,229,49,0,49,278
08/11/2008,AVL,NC,ASO,ES,Combined TRACON& Tower with Radar,2,58,54,6,120,0,2,54,0,56,2,60,108,6,176,85,0,85,261
08/12/2008,AVL,NC,ASO,ES,Combined TRACON& Tower with Radar,5,59,65,2,131,0,2,44,3,49,5,61,109,5,180,71,0,71,251
08/13/2008,AVL,NC,ASO,ES,Combined TRACON& Tower with Radar,4,65,53,7,129,0,0,28,3,31,4,65,81,10,160,18,33,51,211
08/14/2008,AVL,NC,ASO,ES,Combined TRACON& Tower with Radar,4,73,67,8,152,0,1,30,1,32,4,74,97,9,184,68,0,68,252
08/15/2008,AVL,NC,ASO,ES,Combined TRACON& Tower with Radar,3,62,78,2,145,0,1,62,4,67,3,63,140,6,212,38,0,38,250
08/16/2008,AVL,NC,ASO,ES,Combined TRACON& Tower with Radar,5,53,38,13,109,0,0,41,1,42,5,53,79,14,151,118,0,118,269
08/17/2008,AVL,NC,ASO,ES,Combined TRACON& Tower with Radar,7,55,67,3,132,0,0,35,0,35,7,55,102,3,167,108,0,108,275
08/18/2008,AVL,NC,ASO,ES,Combined TRACON& Tower with Radar,4,61,45,7,117,0,1,25,7,33,4,62,70,14,150,27,0,27,177
08/19/2008,AVL,NC,ASO,ES,Combined TRACON& Tower with Radar,6,54,51,8,119,0,1,55,4,60,6,55,106,12,179,18,0,18,197
08/20/2008,AVL,NC,ASO,ES,Combined TRACON& Tower with Radar,7,54,54,2,117,0,0,57,2,59,7,54,111,4,176,55,0,55,231
08/21/2008,AVL,NC,ASO,ES,Combined TRACON& Tower with Radar,5,62,48,8,123,0,0,46,2,48,5,62,94,10,171,41,0,41,212
08/22/2008,AVL,NC,ASO,ES,Combined TRACON& Tower with Radar,6,62,46,7,121,0,0,29,0,29,6,62,75,7,150,74,0,74,224
08/23/2008,AVL,NC,ASO,ES,Combined TRACON& Tower with Radar,9,40,36,1,86,0,0,32,5,37,9,40,68,6,123,81,0,81,204
08/24/2008,AVL,NC,ASO,ES,Combined TRACON& Tower with Radar,3,58,57,3,121,0,5,50,0,55,3,63,107,3,176,0,0,0,176
08/25/2008,AVL,NC,ASO,ES,Combined TRACON& Tower with Radar,5,53,50,12,120,0,0,5,1,6,5,53,55,13,126,10,0,10,136
08/26/2008,AVL,NC,ASO,ES,Combined TRACON& Tower with Radar,4,60,37,0,101,0,0,1,0,1,4,60,38,0,102,0,0,0,102
08/27/2008,AVL,NC,ASO,ES,Combined TRACON& Tower with Radar,5,57,67,2,131,0,0,5,0,5,5,57,72,2,136,46,0,46,182
08/28/2008,AVL,NC,ASO,ES,Combined TRACON& Tower with Radar,6,60,69,0,135,0,3,8,0,11,6,63,77,0,146,60,0,60,206
08/29/2008,AVL,NC,ASO,ES,Combined TRACON& Tower with Radar,6,64,86,3,159,0,0,73,1,74,6,64,159,4,233,53,14,67,300
08/30/2008,AVL,NC,ASO,ES,Combined TRACON& Tower with Radar,5,35,44,1,85,0,0,66,3,69,5,35,110,4,154,122,2,124,278
08/31/2008,AVL,NC,ASO,ES,Combined TRACON& Tower with Radar,5,41,48,0,94,0,0,41,0,41,5,41,89,0,135,43,0,43,178
09/01/2008,AVL,NC,ASO,ES,Combined TRACON& Tower with Radar,5,58,72,0,135,0,0,7,0,7,5,58,79,0,142,20,0,20,162
09/02/2008,AVL,NC,ASO,ES,Combined TRACON& Tower with Radar,5,59,63,3,130,0,0,46,2,48,5,59,109,5,178,54,0,54,232
09/03/2008,AVL,NC,ASO,ES,Combined TRACON& Tower with Radar,7,69,72,2,150,0,1,43,1,45,7,70,115,3,195,114,0,114,309
09/04/2008,AVL,NC,ASO,ES,Combined TRACON& Tower with Radar,6,69,40,9,124,0,0,41,0,41,6,69,81,9,165,48,15,63,228
09/05/2008,AVL,NC,ASO,ES,Combined TRACON& Tower with Radar,5,56,62,12,135,0,1,51,9,61,5,57,113,21,196,78,8,86,282
09/06/2008,AVL,NC,ASO,ES,Combined TRACON& Tower with Radar,6,37,31,0,74,0,0,44,7,51,6,37,75,7,125,120,0,120,245
09/07/2008,AVL,NC,ASO,ES,Combined TRACON& Tower with Radar,7,43,49,0,99,0,0,38,0,38,7,43,87,0,137,25,0,25,162
09/08/2008,AVL,NC,ASO,ES,Combined TRACON& Tower with Radar,4,60,41,6,111,0,0,60,8,68,4,60,101,14,179,91,6,97,276
09/09/2008,AVL,NC,ASO,ES,Combined TRACON& Tower with Radar,4,61,54,10,129,0,0,15,0,15,4,61,69,10,144,99,23,122,266
09/10/2008,AVL,NC,ASO,ES,Combined TRACON& Tower with Radar,10,61,63,2,136,0,0,7,0,7,10,61,70,2,143,46,6,52,195
09/11/2008,AVL,NC,ASO,ES,Combined TRACON& Tower with Radar,5,69,71,7,152,0,0,3,0,3,5,69,74,7,155,68,0,68,223
09/12/2008,AVL,NC,ASO,ES,Combined TRACON& Tower with Radar,7,72,75,7,161,0,0,6,0,6,7,72,81,7,167,38,0,38,205
09/13/2008,AVL,NC,ASO,ES,Combined TRACON& Tower with Radar,6,37,51,9,103,0,0,29,9,38,6,37,80,18,141,36,0,36,177
09/14/2008,AVL,NC,ASO,ES,Combined TRACON& Tower with Radar,10,42,56,9,117,0,0,27,4,31,10,42,83,13,148,14,0,14,162
09/15/2008,AVL,NC,ASO,ES,Combined TRACON& Tower with Radar,7,52,33,6,98,0,0,36,0,36,7,52,69,6,134,52,0,52,186
09/16/2008,AVL,NC,ASO,ES,Combined TRACON& Tower with Radar,4,60,44,0,108,0,0,2,0,2,4,60,46,0,110,24,0,24,134
09/17/2008,AVL,NC,ASO,ES,Combined TRACON& Tower with Radar,4,58,48,1,111,0,0,24,3,27,4,58,72,4,138,121,0,121,259
09/18/2008,AVL,NC,ASO,ES,Combined TRACON& Tower with Radar,6,61,62,0,129,0,9,71,13,93,6,70,133,13,222,74,0,74,296
09/19/2008,AVL,NC,ASO,ES,Combined TRACON& Tower with Radar,4,65,87,4,160,0,0,78,3,81,4,65,165,7,241,137,0,137,378
09/20/2008,AVL,NC,ASO,ES,Combined TRACON& Tower with Radar,8,30,39,6,83,0,0,35,3,38,8,30,74,9,121,86,0,86,207
09/21/2008,AVL,NC,ASO,ES,Combined TRACON& Tower with Radar,8,48,81,6,143,0,0,44,1,45,8,48,125,7,188,3,0,3,191
09/22/2008,AVL,NC,ASO,ES,Combined TRACON& Tower with Radar,6,58,43,9,116,0,0,52,6,58,6,58,95,15,174,98,12,110,284
09/23/2008,AVL,NC,ASO,ES,Combined TRACON& Tower with Radar,7,56,59,17,139,0,3,50,0,53,7,59,109,17,192,84,0,84,276
09/24/2008,AVL,NC,ASO,ES,Combined TRACON& Tower with Radar,7,66,72,25,170,0,2,65,5,72,7,68,137,30,242,27,16,43,285
09/25/2008,AVL,NC,ASO,ES,Combined TRACON& Tower with Radar,6,58,76,2,142,0,0,71,0,71,6,58,147,2,213,49,0,49,262
09/26/2008,AVL,NC,ASO,ES,Combined TRACON& Tower with Radar,5,61,78,2,146,0,0,0,0,0,5,61,78,2,146,0,0,0,146
09/27/2008,AVL,NC,ASO,ES,Combined TRACON& Tower with Radar,10,33,75,0,118,0,0,49,0,49,10,33,124,0,167,31,0,31,198
09/28/2008,AVL,NC,ASO,ES,Combined TRACON& Tower with Radar,9,47,62,2,120,0,9,26,0,35,9,56,88,2,155,36,0,36,191
09/29/2008,AVL,NC,ASO,ES,Combined TRACON& Tower with Radar,5,52,53,8,118,0,0,48,0,48,5,52,101,8,166,103,0,103,269
09/30/2008,AVL,NC,ASO,ES,Combined TRACON& Tower with Radar,7,52,52,0,111,0,1,38,0,39,7,53,90,0,150,74,0,74,224
10/01/2008,AVL,NC,ASO,ES,Combined TRACON& Tower with Radar,7,63,82,8,160,0,1,38,2,41,7,64,120,10,201,30,8,38,239
10/02/2008,AVL,NC,ASO,ES,Combined TRACON& Tower with Radar,6,59,63,1,129,0,2,56,4,62,6,61,119,5,191,60,0,60,251
10/03/2008,AVL,NC,ASO,ES,Combined TRACON& Tower with Radar,8,56,75,21,160,0,0,79,11,90,8,56,154,32,250,59,8,67,317
10/04/2008,AVL,NC,ASO,ES,Combined TRACON& Tower with Radar,6,46,51,8,111,0,0,80,6,86,6,46,131,14,197,54,4,58,255
10/05/2008,AVL,NC,ASO,ES,Combined TRACON& Tower with Radar,10,46,72,1,129,0,1,48,9,58,10,47,120,10,187,14,0,14,201
10/06/2008,AVL,NC,ASO,ES,Combined TRACON& Tower with Radar,5,55,39,12,111,0,0,47,4,51,5,55,86,16,162,80,0,80,242
10/07/2008,AVL,NC,ASO,ES,Combined TRACON& Tower with Radar,9,56,67,4,136,0,0,10,0,10,9,56,77,4,146,11,0,11,157
10/08/2008,AVL,NC,ASO,ES,Combined TRACON& Tower with Radar,5,62,54,0,121,0,0,0,0,0,5,62,54,0,121,0,0,0,121
10/09/2008,AVL,NC,ASO,ES,Combined TRACON& Tower with Radar,6,58,82,0,146,0,0,12,1,13,6,58,94,1,159,50,0,50,209
10/10/2008,AVL,NC,ASO,ES,Combined TRACON& Tower with Radar,8,54,129,0,191,0,0,17,2,19,8,54,146,2,210,106,0,106,316
10/11/2008,AVL,NC,ASO,ES,Combined TRACON& Tower with Radar,5,41,60,2,108,0,4,30,8,42,5,45,90,10,150,34,0,34,184
10/12/2008,AVL,NC,ASO,ES,Combined TRACON& Tower with Radar,7,59,76,6,148,0,1,53,0,54,7,60,129,6,202,20,0,20,222
10/13/2008,AVL,NC,ASO,ES,Combined TRACON& Tower with Radar,4,66,51,5,126,0,0,57,4,61,4,66,108,9,187,90,0,90,277
10/14/2008,AVL,NC,ASO,ES,Combined TRACON& Tower with Radar,8,57,44,2,111,0,0,54,4,58,8,57,98,6,169,74,0,74,243
10/15/2008,AVL,NC,ASO,ES,Combined TRACON& Tower with Radar,8,56,83,17,164,0,2,79,5,86,8,58,162,22,250,76,4,80,330
10/16/2008,AVL,NC,ASO,ES,Combined TRACON& Tower with Radar,10,58,65,8,141,0,0,54,2,56,10,58,119,10,197,116,0,116,313
10/17/2008,AVL,NC,ASO,ES,Combined TRACON& Tower with Radar,6,70,95,15,186,0,0,0,0,0,6,70,95,15,186,6,0,6,192
10/18/2008,AVL,NC,ASO,ES,Combined TRACON& Tower with Radar,6,44,47,3,100,0,10,55,2,67,6,54,102,5,167,18,5,23,190
10/19/2008,AVL,NC,ASO,ES,Combined TRACON& Tower with Radar,8,54,93,4,159,0,4,107,8,119,8,58,200,12,278,30,8,38,316
10/20/2008,AVL,NC,ASO,ES,Combined TRACON& Tower with Radar,4,50,70,8,132,0,1,51,4,56,4,51,121,12,188,42,0,42,230
10/21/2008,AVL,NC,ASO,ES,Combined TRACON& Tower with Radar,8,49,56,0,113,0,1,52,0,53,8,50,108,0,166,59,0,59,225
10/22/2008,AVL,NC,ASO,ES,Combined TRACON& Tower with Radar,5,59,62,2,128,0,0,68,4,72,5,59,130,6,200,56,4,60,260
10/23/2008,AVL,NC,ASO,ES,Combined TRACON& Tower with Radar,8,55,58,13,134,0,0,61,1,62,8,55,119,14,196,88,3,91,287
10/24/2008,AVL,NC,ASO,ES,Combined TRACON& Tower with Radar,5,58,58,2,123,0,0,0,0,0,5,58,58,2,123,0,0,0,123
10/25/2008,AVL,NC,ASO,ES,Combined TRACON& Tower with Radar,5,40,42,1,88,0,0,22,0,22,5,40,64,1,110,26,32,58,168
10/26/2008,AVL,NC,ASO,ES,Combined TRACON& Tower with Radar,12,53,59,8,132,20,0,83,4,107,32,53,142,12,239,58,44,102,341
10/27/2008,AVL,NC,ASO,ES,Combined TRACON& Tower with Radar,4,61,35,0,100,0,0,12,5,17,4,61,47,5,117,0,0,0,117
10/28/2008,AVL,NC,ASO,ES,Combined TRACON& Tower with Radar,3,51,29,1,84,0,0,6,10,16,3,51,35,11,100,0,4,4,104
10/29/2008,AVL,NC,ASO,ES,Combined TRACON& Tower with Radar,5,54,35,4,98,0,1,44,3,48,5,55,79,7,146,50,2,52,198
10/30/2008,AVL,NC,ASO,ES,Combined TRACON& Tower with Radar,8,56,58,5,127,0,0,65,1,66,8,56,123,6,193,116,0,116,309
10/31/2008,AVL,NC,ASO,ES,Combined TRACON& Tower with Radar,6,46,65,9,126,0,0,66,9,75,6,46,131,18,201,117,6,123,324
11/01/2008,AVL,NC,ASO,ES,Combined TRACON& Tower with Radar,6,41,42,0,89,0,0,80,0,80,6,41,122,0,169,106,0,106,275
11/02/2008,AVL,NC,ASO,ES,Combined TRACON& Tower with Radar,2,58,46,5,111,0,4,73,1,78,2,62,119,6,189,42,2,44,233
11/03/2008,AVL,NC,ASO,ES,Combined TRACON& Tower with Radar,0,56,35,1,92,0,0,38,1,39,0,56,73,2,131,52,0,52,183
11/04/2008,AVL,NC,ASO,ES,Combined TRACON& Tower with Radar,0,60,39,9,108,0,0,32,1,33,0,60,71,10,141,60,22,82,223
11/05/2008,AVL,NC,ASO,ES,Combined TRACON& Tower with Radar,0,60,57,12,129,0,0,31,2,33,0,60,88,14,162,74,0,74,236
11/06/2008,AVL,NC,ASO,ES,Combined TRACON& Tower with Radar,0,63,44,10,117,0,0,49,6,55,0,63,93,16,172,38,0,38,210
11/07/2008,AVL,NC,ASO,ES,Combined TRACON& Tower with Radar,0,55,57,28,140,0,0,42,4,46,0,55,99,32,186,16,0,16,202
11/08/2008,AVL,NC,ASO,ES,Combined TRACON& Tower with Radar,0,42,70,0,112,0,0,63,9,72,0,42,133,9,184,28,0,28,212
11/09/2008,AVL,NC,ASO,ES,Combined TRACON& Tower with Radar,4,48,42,7,101,0,0,62,6,68,4,48,104,13,169,67,0,67,236
11/10/2008,AVL,NC,ASO,ES,Combined TRACON& Tower with Radar,0,59,38,3,100,0,1,55,3,59,0,60,93,6,159,48,4,52,211
11/11/2008,AVL,NC,ASO,ES,Combined TRACON& Tower with Radar,0,50,30,2,82,0,0,53,2,55,0,50,83,4,137,80,0,80,217
11/12/2008,AVL,NC,ASO,ES,Combined TRACON& Tower with Radar,0,65,53,8,126,0,0,14,0,14,0,65,67,8,140,46,0,46,186
11/13/2008,AVL,NC,ASO,ES,Combined TRACON& Tower with Radar,0,50,35,4,89,0,0,2,0,2,0,50,37,4,91,12,0,12,103
11/14/2008,AVL,NC,ASO,ES,Combined TRACON& Tower with Radar,0,51,65,0,116,0,0,1,0,1,0,51,66,0,117,0,0,0,117
11/15/2008,AVL,NC,ASO,ES,Combined TRACON& Tower with Radar,2,34,16,0,52,0,0,10,0,10,2,34,26,0,62,4,0,4,66
11/16/2008,AVL,NC,ASO,ES,Combined TRACON& Tower with Radar,2,48,39,2,91,0,0,32,0,32,2,48,71,2,123,4,0,4,127
11/17/2008,AVL,NC,ASO,ES,Combined TRACON& Tower with Radar,0,56,31,8,95,0,0,34,7,41,0,56,65,15,136,19,9,28,164
11/18/2008,AVL,NC,ASO,ES,Combined TRACON& Tower with Radar,0,52,35,11,98,0,0,6,0,6,0,52,41,11,104,0,0,0,104
11/19/2008,AVL,NC,ASO,ES,Combined TRACON& Tower with Radar,0,59,38,2,99,0,1,37,3,41,0,60,75,5,140,54,12,66,206
11/20/2008,AVL,NC,ASO,ES,Combined TRACON& Tower with Radar,0,60,46,13,119,0,1,46,2,49,0,61,92,15,168,65,0,65,233
11/21/2008,AVL,NC,ASO,ES,Combined TRACON& Tower with Radar,0,57,26,2,85,0,0,9,3,12,0,57,35,5,97,0,0,0,97
11/22/2008,AVL,NC,ASO,ES,Combined TRACON& Tower with Radar,1,48,17,0,66,0,0,45,0,45,1,48,62,0,111,70,0,70,181
11/23/2008,AVL,NC,ASO,ES,Combined TRACON& Tower with Radar,5,50,30,2,87,0,2,42,0,44,5,52,72,2,131,40,0,40,171
11/24/2008,AVL,NC,ASO,ES,Combined TRACON& Tower with Radar,2,57,25,4,88,0,0,6,0,6,2,57,31,4,94,8,0,8,102
11/25/2008,AVL,NC,ASO,ES,Combined TRACON& Tower with Radar,2,58,66,0,126,0,5,24,3,32,2,63,90,3,158,4,0,4,162
11/26/2008,AVL,NC,ASO,ES,Combined TRACON& Tower with Radar,2,64,67,2,135,0,0,67,2,69,2,64,134,4,204,66,0,66,270
11/27/2008,AVL,NC,ASO,ES,Combined TRACON& Tower with Radar,0,26,10,0,36,0,0,28,0,28,0,26,38,0,64,14,0,14,78
11/28/2008,AVL,NC,ASO,ES,Combined TRACON& Tower with Radar,0,41,51,0,92,0,2,53,0,55,0,43,104,0,147,102,0,102,249
11/29/2008,AVL,NC,ASO,ES,Combined TRACON& Tower with Radar,2,40,38,0,80,0,0,5,0,5,2,40,43,0,85,0,0,0,85
11/30/2008,AVL,NC,ASO,ES,Combined TRACON& Tower with Radar,2,54,56,0,112,0,0,0,0,0,2,54,56,0,112,0,0,0,112
12/01/2008,AVL,NC,ASO,ES,Combined TRACON& Tower with Radar,4,51,27,2,84,0,0,11,0,11,4,51,38,2,95,0,0,0,95
12/02/2008,AVL,NC,ASO,ES,Combined TRACON& Tower with Radar,0,57,40,2,99,0,1,37,1,39,0,58,77,3,138,66,0,66,204
12/03/2008,AVL,NC,ASO,ES,Combined TRACON& Tower with Radar,0,62,44,10,116,0,2,75,6,83,0,64,119,16,199,80,2,82,281
12/04/2008,AVL,NC,ASO,ES,Combined TRACON& Tower with Radar,1,55,23,5,84,0,0,30,0,30,1,55,53,5,114,56,2,58,172
12/05/2008,AVL,NC,ASO,ES,Combined TRACON& Tower with Radar,0,55,47,3,105,0,3,45,5,53,0,58,92,8,158,64,0,64,222
12/06/2008,AVL,NC,ASO,ES,Combined TRACON& Tower with Radar,0,31,25,0,56,0,4,27,5,36,0,35,52,5,92,44,2,46,138
12/07/2008,AVL,NC,ASO,ES,Combined TRACON& Tower with Radar,1,40,26,0,67,0,0,18,0,18,1,40,44,0,85,20,0,20,105
12/08/2008,AVL,NC,ASO,ES,Combined TRACON& Tower with Radar,0,51,25,14,90,0,3,39,2,44,0,54,64,16,134,24,4,28,162
12/09/2008,AVL,NC,ASO,ES,Combined TRACON& Tower with Radar,0,43,41,0,84,0,0,1,0,1,0,43,42,0,85,0,0,0,85
12/10/2008,AVL,NC,ASO,ES,Combined TRACON& Tower with Radar,0,43,25,0,68,0,0,2,0,2,0,43,27,0,70,4,0,4,74
12/11/2008,AVL,NC,ASO,ES,Combined TRACON& Tower with Radar,0,51,28,0,79,0,0,0,0,0,0,51,28,0,79,0,0,0,79
12/12/2008,AVL,NC,ASO,ES,Combined TRACON& Tower with Radar,0,54,32,23,109,0,1,42,2,45,0,55,74,25,154,32,10,42,196
12/13/2008,AVL,NC,ASO,ES,Combined TRACON& Tower with Radar,0,38,20,2,60,0,0,75,3,78,0,38,95,5,138,58,0,58,196
12/14/2008,AVL,NC,ASO,ES,Combined TRACON& Tower with Radar,2,42,27,1,72,0,1,19,4,24,2,43,46,5,96,74,0,74,170
12/15/2008,AVL,NC,ASO,ES,Combined TRACON& Tower with Radar,0,49,33,6,88,0,0,0,0,0,0,49,33,6,88,0,0,0,88
12/16/2008,AVL,NC,ASO,ES,Combined TRACON& Tower with Radar,0,44,17,0,61,0,0,0,0,0,0,44,17,0,61,0,0,0,61
12/17/2008,AVL,NC,ASO,ES,Combined TRACON& Tower with Radar,0,56,45,6,107,0,0,11,0,11,0,56,56,6,118,32,0,32,150
12/18/2008,AVL,NC,ASO,ES,Combined TRACON& Tower with Radar,0,46,30,4,80,0,0,28,2,30,0,46,58,6,110,20,0,20,130
12/19/2008,AVL,NC,ASO,ES,Combined TRACON& Tower with Radar,0,44,37,0,81,0,1,19,0,20,0,45,56,0,101,50,0,50,151
12/20/2008,AVL,NC,ASO,ES,Combined TRACON& Tower with Radar,1,35,28,2,66,0,0,33,2,35,1,35,61,4,101,72,0,72,173
12/21/2008,AVL,NC,ASO,ES,Combined TRACON& Tower with Radar,2,34,16,0,52,0,0,11,0,11,2,34,27,0,63,6,0,6,69
12/22/2008,AVL,NC,ASO,ES,Combined TRACON& Tower with Radar,0,46,16,15,77,0,0,28,1,29,0,46,44,16,106,24,4,28,134
12/23/2008,AVL,NC,ASO,ES,Combined TRACON& Tower with Radar,0,49,39,2,90,0,2,44,1,47,0,51,83,3,137,136,0,136,273
12/24/2008,AVL,NC,ASO,ES,Combined TRACON& Tower with Radar,0,32,20,0,52,0,0,0,0,0,0,32,20,0,52,0,0,0,52
12/25/2008,AVL,NC,ASO,ES,Combined TRACON& Tower with Radar,0,32,25,0,57,0,0,22,0,22,0,32,47,0,79,24,0,24,103
12/26/2008,AVL,NC,ASO,ES,Combined TRACON& Tower with Radar,0,47,39,0,86,0,0,7,0,7,0,47,46,0,93,0,0,0,93
12/27/2008,AVL,NC,ASO,ES,Combined TRACON& Tower with Radar,0,38,38,0,76,0,0,6,0,6,0,38,44,0,82,0,0,0,82
12/28/2008,AVL,NC,ASO,ES,Combined TRACON& Tower with Radar,2,39,25,0,66,0,0,0,0,0,2,39,25,0,66,14,0,14,80
12/29/2008,AVL,NC,ASO,ES,Combined TRACON& Tower with Radar,0,42,33,4,79,0,1,68,0,69,0,43,101,4,148,55,0,55,203
12/30/2008,AVL,NC,ASO,ES,Combined TRACON& Tower with Radar,0,59,32,0,91,0,4,92,0,96,0,63,124,0,187,204,0,204,391
12/31/2008,AVL,NC,ASO,ES,Combined TRACON& Tower with Radar,0,39,12,0,51,0,0,9,0,9,0,39,21,0,60,0,0,0,60
01/01/2009,AVL,NC,ASO,ES,Combined TRACON& Tower with Radar,0,37,24,0,61,0,2,34,2,38,0,39,58,2,99,30,0,30,129
01/02/2009,AVL,NC,ASO,ES,Combined TRACON& Tower with Radar,0,42,27,0,69,0,0,19,1,20,0,42,46,1,89,82,0,82,171
01/03/2009,AVL,NC,ASO,ES,Combined TRACON& Tower with Radar,0,40,62,0,102,0,0,36,1,37,0,40,98,1,139,50,0,50,189
01/04/2009,AVL,NC,ASO,ES,Combined TRACON& Tower with Radar,0,49,45,0,94,0,0,21,0,21,0,49,66,0,115,50,0,50,165
01/05/2009,AVL,NC,ASO,ES,Combined TRACON& Tower with Radar,0,46,19,7,72,0,0,15,0,15,0,46,34,7,87,34,0,34,121
01/06/2009,AVL,NC,ASO,ES,Combined TRACON& Tower with Radar,0,42,12,0,54,0,0,0,0,0,0,42,12,0,54,0,0,0,54
01/07/2009,AVL,NC,ASO,ES,Combined TRACON& Tower with Radar,0,39,13,0,52,0,1,5,3,9,0,40,18,3,61,0,0,0,61
01/08/2009,AVL,NC,ASO,ES,Combined TRACON& Tower with Radar,0,40,33,12,85,0,0,5,0,5,0,40,38,12,90,54,0,54,144
01/09/2009,AVL,NC,ASO,ES,Combined TRACON& Tower with Radar,0,33,36,6,75,0,23,39,0,62,0,56,75,6,137,92,0,92,229
01/10/2009,AVL,NC,ASO,ES,Combined TRACON& Tower with Radar,0,25,11,8,44,0,0,9,0,9,0,25,20,8,53,35,0,35,88
01/11/2009,AVL,NC,ASO,ES,Combined TRACON& Tower with Radar,2,35,24,8,69,0,0,7,0,7,2,35,31,8,76,10,0,10,86
01/12/2009,AVL,NC,ASO,ES,Combined TRACON& Tower with Radar,0,36,36,5,77,0,0,49,2,51,0,36,85,7,128,61,0,61,189
01/13/2009,AVL,NC,ASO,ES,Combined TRACON& Tower with Radar,0,37,18,8,63,0,0,26,0,26,0,37,44,8,89,30,0,30,119
01/14/2009,AVL,NC,ASO,ES,Combined TRACON& Tower with Radar,2,40,38,2,82,0,2,52,3,57,2,42,90,5,139,117,0,117,256
01/15/2009,AVL,NC,ASO,ES,Combined TRACON& Tower with Radar,0,41,18,2,61,0,0,11,0,11,0,41,29,2,72,6,0,6,78
01/16/2009,AVL,NC,ASO,ES,Combined TRACON& Tower with Radar,0,46,19,0,65,0,0,37,2,39,0,46,56,2,104,86,0,86,190
01/17/2009,AVL,NC,ASO,ES,Combined TRACON& Tower with Radar,0,30,19,3,52,0,0,46,12,58,0,30,65,15,110,62,0,62,172
01/18/2009,AVL,NC,ASO,ES,Combined TRACON& Tower with Radar,0,38,8,0,46,0,0,15,0,15,0,38,23,0,61,36,0,36,97
01/19/2009,AVL,NC,ASO,ES,Combined TRACON& Tower with Radar,0,49,17,1,67,0,0,7,0,7,0,49,24,1,74,6,0,6,80
01/20/2009,AVL,NC,ASO,ES,Combined TRACON& Tower with Radar,0,37,7,0,44,0,0,0,0,0,0,37,7,0,44,0,0,0,44
01/21/2009,AVL,NC,ASO,ES,Combined TRACON& Tower with Radar,0,51,36,0,87,0,1,41,2,44,0,52,77,2,131,72,0,72,203
01/22/2009,AVL,NC,ASO,ES,Combined TRACON& Tower with Radar,0,43,34,8,85,0,1,50,1,52,0,44,84,9,137,48,6,54,191
01/23/2009,AVL,NC,ASO,ES,Combined TRACON& Tower with Radar,0,37,26,5,68,0,1,62,1,64,0,38,88,6,132,87,26,113,245
01/24/2009,AVL,NC,ASO,ES,Combined TRACON& Tower with Radar,0,26,16,1,43,0,0,21,0,21,0,26,37,1,64,32,0,32,96
01/25/2009,AVL,NC,ASO,ES,Combined TRACON& Tower with Radar,0,37,36,0,73,0,0,43,3,46,0,37,79,3,119,60,0,60,179
01/26/2009,AVL,NC,ASO,ES,Combined TRACON& Tower with Radar,0,39,33,4,76,0,0,22,3,25,0,39,55,7,101,54,0,54,155
01/27/2009,AVL,NC,ASO,ES,Combined TRACON& Tower with Radar,0,33,31,0,64,0,0,2,0,2,0,33,33,0,66,22,0,22,88
01/28/2009,AVL,NC,ASO,ES,Combined TRACON& Tower with Radar,2,41,28,2,73,0,0,0,0,0,2,41,28,2,73,0,0,0,73
01/29/2009,AVL,NC,ASO,ES,Combined TRACON& Tower with Radar,42,45,4,0,91,0,0,46,2,48,42,45,50,2,139,101,0,101,240
01/30/2009,AVL,NC,ASO,ES,Combined TRACON& Tower with Radar,0,44,34,3,81,0,1,15,0,16,0,45,49,3,97,0,0,0,97
01/31/2009,AVL,NC,ASO,ES,Combined TRACON& Tower with Radar,0,29,22,6,57,0,0,64,1,65,0,29,86,7,122,104,0,104,226
02/01/2009,AVL,NC,ASO,ES,Combined TRACON& Tower with Radar,0,39,39,0,78,0,0,48,1,49,0,39,87,1,127,40,0,40,167
02/02/2009,AVL,NC,ASO,ES,Combined TRACON& Tower with Radar,0,37,35,8,80,0,0,19,0,19,0,37,54,8,99,28,0,28,127
02/03/2009,AVL,NC,ASO,ES,Combined TRACON& Tower with Radar,1,29,14,0,44,0,0,22,0,22,1,29,36,0,66,10,0,10,76
02/04/2009,AVL,NC,ASO,ES,Combined TRACON& Tower with Radar,0,38,11,4,53,0,0,6,0,6,0,38,17,4,59,0,32,32,91
02/05/2009,AVL,NC,ASO,ES,Combined TRACON& Tower with Radar,0,40,32,3,75,0,1,46,2,49,0,41,78,5,124,122,0,122,246
02/06/2009,AVL,NC,ASO,ES,Combined TRACON& Tower with Radar,0,36,62,3,101,0,0,60,3,63,0,36,122,6,164,71,0,71,235
02/07/2009,AVL,NC,ASO,ES,Combined TRACON& Tower with Radar,0,30,31,0,61,0,0,59,3,62,0,30,90,3,123,48,0,48,171
02/08/2009,AVL,NC,ASO,ES,Combined TRACON& Tower with Radar,0,38,39,3,80,0,0,46,3,49,0,38,85,6,129,32,0,32,161
02/09/2009,AVL,NC,ASO,ES,Combined TRACON& Tower with Radar,0,43,20,2,65,0,0,29,0,29,0,43,49,2,94,25,0,25,119
02/10/2009,AVL,NC,ASO,ES,Combined TRACON& Tower with Radar,0,40,47,13,100,0,1,39,12,52,0,41,86,25,152,41,31,72,224
02/11/2009,AVL,NC,ASO,ES,Combined TRACON& Tower with Radar,0,43,19,0,62,0,0,2,0,2,0,43,21,0,64,0,0,0,64
02/12/2009,AVL,NC,ASO,ES,Combined TRACON& Tower with Radar,0,41,19,2,62,0,0,15,0,15,0,41,34,2,77,0,3,3,80
02/13/2009,AVL,NC,ASO,ES,Combined TRACON& Tower with Radar,0,43,46,5,94,0,0,72,5,77,0,43,118,10,171,66,0,66,237
02/14/2009,AVL,NC,ASO,ES,Combined TRACON& Tower with Radar,0,28,15,15,58,0,0,11,0,11,0,28,26,15,69,6,0,6,75
02/15/2009,AVL,NC,ASO,ES,Combined TRACON& Tower with Radar,0,33,35,0,68,0,0,39,4,43,0,33,74,4,111,0,0,0,111
02/16/2009,AVL,NC,ASO,ES,Combined TRACON& Tower with Radar,0,43,38,0,81,0,1,30,0,31,0,44,68,0,112,26,0,26,138
02/17/2009,AVL,NC,ASO,ES,Combined TRACON& Tower with Radar,0,38,51,0,89,0,1,68,0,69,0,39,119,0,158,60,0,60,218
02/18/2009,AVL,NC,ASO,ES,Combined TRACON& Tower with Radar,0,35,17,3,55,0,0,4,0,4,0,35,21,3,59,6,0,6,65
02/19/2009,AVL,NC,ASO,ES,Combined TRACON& Tower with Radar,2,48,28,3,81,0,0,21,3,24,2,48,49,6,105,2,0,2,107
02/20/2009,AVL,NC,ASO,ES,Combined TRACON& Tower with Radar,0,41,29,13,83,0,0,78,3,81,0,41,107,16,164,56,24,80,244
02/21/2009,AVL,NC,ASO,ES,Combined TRACON& Tower with Radar,0,39,21,12,72,0,0,55,4,59,0,39,76,16,131,32,14,46,177
02/22/2009,AVL,NC,ASO,ES,Combined TRACON& Tower with Radar,0,35,22,7,64,0,9,14,1,24,0,44,36,8,88,4,0,4,92
02/23/2009,AVL,NC,ASO,ES,Combined TRACON& Tower with Radar,0,37,18,4,59,0,1,38,0,39,0,38,56,4,98,6,0,6,104
02/24/2009,AVL,NC,ASO,ES,Combined TRACON& Tower with Radar,0,34,37,1,72,0,4,61,11,76,0,38,98,12,148,92,0,92,240
02/25/2009,AVL,NC,ASO,ES,Combined TRACON& Tower with Radar,0,41,28,0,69,0,3,31,2,36,0,44,59,2,105,44,0,44,149
02/26/2009,AVL,NC,ASO,ES,Combined TRACON& Tower with Radar,0,38,43,2,83,0,0,23,2,25,0,38,66,4,108,32,28,60,168
02/27/2009,AVL,NC,ASO,ES,Combined TRACON& Tower with Radar,0,38,26,0,64,0,0,1,0,1,0,38,27,0,65,0,0,0,65
02/28/2009,AVL,NC,ASO,ES,Combined TRACON& Tower with Radar,0,30,17,0,47,0,0,0,0,0,0,30,17,0,47,0,0,0,47
03/01/2009,AVL,NC,ASO,ES,Combined TRACON& Tower with Radar,2,19,3,0,24,0,0,0,0,0,2,19,3,0,24,0,0,0,24
03/02/2009,AVL,NC,ASO,ES,Combined TRACON& Tower with Radar,0,42,19,2,63,0,0,7,3,10,0,42,26,5,73,0,0,0,73
03/03/2009,AVL,NC,ASO,ES,Combined TRACON& Tower with Radar,0,41,40,1,82,0,1,39,4,44,0,42,79,5,126,84,0,84,210
03/04/2009,AVL,NC,ASO,ES,Combined TRACON& Tower with Radar,0,51,22,6,79,0,0,52,0,52,0,51,74,6,131,82,6,88,219
03/05/2009,AVL,NC,ASO,ES,Combined TRACON& Tower with Radar,0,46,33,2,81,0,0,48,5,53,0,46,81,7,134,67,0,67,201
03/06/2009,AVL,NC,ASO,ES,Combined TRACON& Tower with Radar,0,54,33,18,105,0,1,69,1,71,0,55,102,19,176,71,7,78,254
03/07/2009,AVL,NC,ASO,ES,Combined TRACON& Tower with Radar,0,35,27,0,62,0,1,53,3,57,0,36,80,3,119,46,0,46,165
03/08/2009,AVL,NC,ASO,ES,Combined TRACON& Tower with Radar,0,47,25,5,77,0,0,57,3,60,0,47,82,8,137,40,22,62,199
03/09/2009,AVL,NC,ASO,ES,Combined TRACON& Tower with Radar,0,42,14,2,58,0,0,31,0,31,0,42,45,2,89,26,0,26,115
03/10/2009,AVL,NC,ASO,ES,Combined TRACON& Tower with Radar,0,45,26,8,79,0,0,45,6,51,0,45,71,14,130,38,10,48,178
03/11/2009,AVL,NC,ASO,ES,Combined TRACON& Tower with Radar,0,57,26,5,88,0,3,33,2,38,0,60,59,7,126,55,0,55,181
03/12/2009,AVL,NC,ASO,ES,Combined TRACON& Tower with Radar,1,40,34,11,86,0,0,17,3,20,1,40,51,14,106,51,11,62,168
03/13/2009,AVL,NC,ASO,ES,Combined TRACON& Tower with Radar,0,42,24,0,66,0,0,2,0,2,0,42,26,0,68,20,0,20,88
03/14/2009,AVL,NC,ASO,ES,Combined TRACON& Tower with Radar,0,36,9,0,45,0,0,0,0,0,0,36,9,0,45,0,0,0,45
03/15/2009,AVL,NC,ASO,ES,Combined TRACON& Tower with Radar,0,42,19,0,61,0,0,0,0,0,0,42,19,0,61,0,0,0,61
03/16/2009,AVL,NC,ASO,ES,Combined TRACON& Tower with Radar,5,42,22,0,69,0,0,0,0,0,5,42,22,0,69,0,0,0,69
03/17/2009,AVL,NC,ASO,ES,Combined TRACON& Tower with Radar,0,46,50,4,100,0,0,59,1,60,0,46,109,5,160,54,0,54,214
03/18/2009,AVL,NC,ASO,ES,Combined TRACON& Tower with Radar,4,51,32,2,89,0,1,50,5,56,4,52,82,7,145,68,8,76,221
03/19/2009,AVL,NC,ASO,ES,Combined TRACON& Tower with Radar,2,47,58,36,143,0,0,38,3,41,2,47,96,39,184,56,10,66,250
03/20/2009,AVL,NC,ASO,ES,Combined TRACON& Tower with Radar,0,45,52,2,99,0,0,65,1,66,0,45,117,3,165,44,0,44,209
03/21/2009,AVL,NC,ASO,ES,Combined TRACON& Tower with Radar,0,32,28,0,60,0,1,51,1,53,0,33,79,1,113,106,0,106,219
03/22/2009,AVL,NC,ASO,ES,Combined TRACON& Tower with Radar,2,44,41,1,88,0,1,72,3,76,2,45,113,4,164,144,22,166,330
03/23/2009,AVL,NC,ASO,ES,Combined TRACON& Tower with Radar,0,51,43,3,97,0,23,26,0,49,0,74,69,3,146,56,4,60,206
03/24/2009,AVL,NC,ASO,ES,Combined TRACON& Tower with Radar,0,44,39,3,86,0,0,61,3,64,0,44,100,6,150,57,0,57,207
03/25/2009,AVL,NC,ASO,ES,Combined TRACON& Tower with Radar,0,54,23,0,77,0,0,0,0,0,0,54,23,0,77,0,0,0,77
03/26/2009,AVL,NC,ASO,ES,Combined TRACON& Tower with Radar,2,45,42,8,97,0,0,0,0,0,2,45,42,8,97,0,0,0,97
03/27/2009,AVL,NC,ASO,ES,Combined TRACON& Tower with Radar,0,46,16,0,62,0,0,0,0,0,0,46,16,0,62,0,0,0,62
03/28/2009,AVL,NC,ASO,ES,Combined TRACON& Tower with Radar,2,30,21,0,53,0,0,0,0,0,2,30,21,0,53,0,0,0,53
03/29/2009,AVL,NC,ASO,ES,Combined TRACON& Tower with Radar,0,43,23,14,80,0,0,10,0,10,0,43,33,14,90,6,0,6,96
03/30/2009,AVL,NC,ASO,ES,Combined TRACON& Tower with Radar,1,46,27,2,76,0,0,53,1,54,1,46,80,3,130,92,4,96,226
03/31/2009,AVL,NC,ASO,ES,Combined TRACON& Tower with Radar,0,39,42,6,87,0,0,31,0,31,0,39,73,6,118,124,0,124,242
04/01/2009,AVL,NC,ASO,ES,Combined TRACON& Tower with Radar,0,49,28,0,77,0,2,2,0,4,0,51,30,0,81,10,0,10,91
04/02/2009,AVL,NC,ASO,ES,Combined TRACON& Tower with Radar,0,42,26,0,68,0,0,2,0,2,0,42,28,0,70,20,0,20,90
04/03/2009,AVL,NC,ASO,ES,Combined TRACON& Tower with Radar,0,54,40,5,99,0,0,20,1,21,0,54,60,6,120,44,4,48,168
04/04/2009,AVL,NC,ASO,ES,Combined TRACON& Tower with Radar,0,32,45,3,80,0,0,78,0,78,0,32,123,3,158,80,12,92,250
04/05/2009,AVL,NC,ASO,ES,Combined TRACON& Tower with Radar,0,41,49,0,90,0,0,38,1,39,0,41,87,1,129,56,8,64,193
04/06/2009,AVL,NC,ASO,ES,Combined TRACON& Tower with Radar,0,46,25,2,73,0,0,4,0,4,0,46,29,2,77,0,0,0,77
04/07/2009,AVL,NC,ASO,ES,Combined TRACON& Tower with Radar,0,60,25,4,89,0,1,4,0,5,0,61,29,4,94,6,0,6,100
04/08/2009,AVL,NC,ASO,ES,Combined TRACON& Tower with Radar,0,44,27,9,80,0,0,43,3,46,0,44,70,12,126,42,0,42,168
04/09/2009,AVL,NC,ASO,ES,Combined TRACON& Tower with Radar,0,51,57,1,109,0,9,78,1,88,0,60,135,2,197,160,2,162,359
04/10/2009,AVL,NC,ASO,ES,Combined TRACON& Tower with Radar,0,44,27,0,71,0,0,0,0,0,0,44,27,0,71,0,0,0,71
04/11/2009,AVL,NC,ASO,ES,Combined TRACON& Tower with Radar,0,33,28,3,64,0,1,19,3,23,0,34,47,6,87,62,0,62,149
04/12/2009,AVL,NC,ASO,ES,Combined TRACON& Tower with Radar,0,45,37,6,88,0,0,48,3,51,0,45,85,9,139,24,0,24,163
04/13/2009,AVL,NC,ASO,ES,Combined TRACON& Tower with Radar,0,49,15,0,64,0,0,0,0,0,0,49,15,0,64,9,0,9,73
04/14/2009,AVL,NC,ASO,ES,Combined TRACON& Tower with Radar,0,41,21,0,62,0,0,1,0,1,0,41,22,0,63,0,0,0,63
04/15/2009,AVL,NC,ASO,ES,Combined TRACON& Tower with Radar,0,52,32,2,86,0,1,32,4,37,0,53,64,6,123,42,0,42,165
04/16/2009,AVL,NC,ASO,ES,Combined TRACON& Tower with Radar,0,53,38,5,96,0,1,78,0,79,0,54,116,5,175,80,10,90,265
04/17/2009,AVL,NC,ASO,ES,Combined TRACON& Tower with Radar,3,45,50,14,112,0,2,66,6,74,3,47,116,20,186,118,4,122,308
04/18/2009,AVL,NC,ASO,ES,Combined TRACON& Tower with Radar,2,39,35,10,86,0,0,65,4,69,2,39,100,14,155,86,8,94,249
04/19/2009,AVL,NC,ASO,ES,Combined TRACON& Tower with Radar,0,50,39,6,95,0,0,6,0,6,0,50,45,6,101,8,0,8,109
04/20/2009,AVL,NC,ASO,ES,Combined TRACON& Tower with Radar,0,48,27,1,76,0,3,22,1,26,0,51,49,2,102,52,0,52,154
04/21/2009,AVL,NC,ASO,ES,Combined TRACON& Tower with Radar,0,49,25,7,81,0,0,18,2,20,0,49,43,9,101,28,0,28,129
04/22/2009,AVL,NC,ASO,ES,Combined TRACON& Tower with Radar,0,45,40,10,95,0,5,24,2,31,0,50,64,12,126,32,20,52,178
04/23/2009,AVL,NC,ASO,ES,Combined TRACON& Tower with Radar,0,49,58,9,116,0,0,71,1,72,0,49,129,10,188,110,0,110,298
04/24/2009,AVL,NC,ASO,ES,Combined TRACON& Tower with Radar,0,50,40,0,90,0,1,64,1,66,0,51,104,1,156,57,0,57,213
04/25/2009,AVL,NC,ASO,ES,Combined TRACON& Tower with Radar,0,35,40,0,75,0,1,49,4,54,0,36,89,4,129,23,0,23,152
04/26/2009,AVL,NC,ASO,ES,Combined TRACON& Tower with Radar,0,50,49,10,109,0,0,49,5,54,0,50,98,15,163,28,16,44,207
04/27/2009,AVL,NC,ASO,ES,Combined TRACON& Tower with Radar,1,45,38,8,92,0,0,43,1,44,1,45,81,9,136,136,0,136,272
04/28/2009,AVL,NC,ASO,ES,Combined TRACON& Tower with Radar,0,48,44,4,96,0,1,47,2,50,0,49,91,6,146,58,10,68,214
04/29/2009,AVL,NC,ASO,ES,Combined TRACON& Tower with Radar,0,49,43,0,92,0,1,43,3,47,0,50,86,3,139,13,0,13,152
04/30/2009,AVL,NC,ASO,ES,Combined TRACON& Tower with Radar,1,47,50,0,98,0,0,27,0,27,1,47,77,0,125,46,0,46,171
05/01/2009,AVL,NC,ASO,ES,Combined TRACON& Tower with Radar,0,51,36,8,95,0,2,24,0,26,0,53,60,8,121,67,2,69,190
05/02/2009,AVL,NC,ASO,ES,Combined TRACON& Tower with Radar,0,41,21,1,63,0,1,21,0,22,0,42,42,1,85,34,0,34,119
05/03/2009,AVL,NC,ASO,ES,Combined TRACON& Tower with Radar,0,44,30,0,74,0,0,6,0,6,0,44,36,0,80,0,0,0,80
05/04/2009,AVL,NC,ASO,ES,Combined TRACON& Tower with Radar,0,47,46,2,95,0,0,12,1,13,0,47,58,3,108,8,10,18,126
05/05/2009,AVL,NC,ASO,ES,Combined TRACON& Tower with Radar,2,53,41,2,98,0,0,12,1,13,2,53,53,3,111,36,0,36,147
05/06/2009,AVL,NC,ASO,ES,Combined TRACON& Tower with Radar,0,49,35,0,84,0,0,2,0,2,0,49,37,0,86,0,0,0,86
05/07/2009,AVL,NC,ASO,ES,Combined TRACON& Tower with Radar,0,46,74,0,120,0,1,35,1,37,0,47,109,1,157,78,0,78,235
05/08/2009,AVL,NC,ASO,ES,Combined TRACON& Tower with Radar,0,44,49,2,95,0,0,10,0,10,0,44,59,2,105,8,0,8,113
05/09/2009,AVL,NC,ASO,ES,Combined TRACON& Tower with Radar,0,37,27,0,64,0,0,18,1,19,0,37,45,1,83,92,0,92,175
05/10/2009,AVL,NC,ASO,ES,Combined TRACON& Tower with Radar,0,47,45,2,94,0,0,35,1,36,0,47,80,3,130,42,0,42,172
05/11/2009,AVL,NC,ASO,ES,Combined TRACON& Tower with Radar,0,54,43,2,99,0,0,1,0,1,0,54,44,2,100,0,0,0,100
05/12/2009,AVL,NC,ASO,ES,Combined TRACON& Tower with Radar,0,46,51,8,105,0,0,61,5,66,0,46,112,13,171,19,0,19,190
05/13/2009,AVL,NC,ASO,ES,Combined TRACON& Tower with Radar,0,54,57,0,111,0,0,37,0,37,0,54,94,0,148,77,0,77,225
05/14/2009,AVL,NC,ASO,ES,Combined TRACON& Tower with Radar,0,54,68,0,122,0,0,18,1,19,0,54,86,1,141,56,0,56,197
05/15/2009,AVL,NC,ASO,ES,Combined TRACON& Tower with Radar,0,46,59,2,107,0,0,10,0,10,0,46,69,2,117,48,0,48,165
05/16/2009,AVL,NC,ASO,ES,Combined TRACON& Tower with Radar,3,46,46,2,97,0,0,16,0,16,3,46,62,2,113,44,0,44,157
05/17/2009,AVL,NC,ASO,ES,Combined TRACON& Tower with Radar,0,54,51,0,105,0,0,0,0,0,0,54,51,0,105,0,0,0,105
05/18/2009,AVL,NC,ASO,ES,Combined TRACON& Tower with Radar,0,47,42,6,95,0,1,29,5,35,0,48,71,11,130,68,0,68,198
05/19/2009,AVL,NC,ASO,ES,Combined TRACON& Tower with Radar,0,46,46,5,97,0,1,65,4,70,0,47,111,9,167,45,0,45,212
05/20/2009,AVL,NC,ASO,ES,Combined TRACON& Tower with Radar,0,50,65,4,119,0,2,79,5,86,0,52,144,9,205,101,0,101,306
05/21/2009,AVL,NC,ASO,ES,Combined TRACON& Tower with Radar,0,59,82,2,143,0,1,40,1,42,0,60,122,3,185,54,0,54,239
05/22/2009,AVL,NC,ASO,ES,Combined TRACON& Tower with Radar,0,54,68,2,124,0,0,39,2,41,0,54,107,4,165,82,0,82,247
05/23/2009,AVL,NC,ASO,ES,Combined TRACON& Tower with Radar,0,44,57,0,101,0,0,18,0,18,0,44,75,0,119,48,0,48,167
05/24/2009,AVL,NC,ASO,ES,Combined TRACON& Tower with Radar,0,38,36,2,76,0,0,2,0,2,0,38,38,2,78,0,0,0,78
05/25/2009,AVL,NC,ASO,ES,Combined TRACON& Tower with Radar,0,63,58,5,126,0,0,12,0,12,0,63,70,5,138,38,0,38,176
05/26/2009,AVL,NC,ASO,ES,Combined TRACON& Tower with Radar,0,49,58,18,125,0,0,11,0,11,0,49,69,18,136,44,0,44,180
05/27/2009,AVL,NC,ASO,ES,Combined TRACON& Tower with Radar,0,48,39,1,88,0,0,1,1,2,0,48,40,2,90,42,8,50,140
05/28/2009,AVL,NC,ASO,ES,Combined TRACON& Tower with Radar,0,48,54,1,103,0,0,14,0,14,0,48,68,1,117,18,0,18,135
05/29/2009,AVL,NC,ASO,ES,Combined TRACON& Tower with Radar,0,58,55,5,118,0,0,49,2,51,0,58,104,7,169,77,4,81,250
05/30/2009,AVL,NC,ASO,ES,Combined TRACON& Tower with Radar,4,41,41,5,91,0,1,82,6,89,4,42,123,11,180,54,14,68,248
05/31/2009,AVL,NC,ASO,ES,Combined TRACON& Tower with Radar,0,50,60,3,113,0,0,79,3,82,0,50,139,6,195,84,7,91,286
06/01/2009,AVL,NC,ASO,ES,Combined TRACON& Tower with Radar,0,54,38,0,92,0,2,81,0,83,0,56,119,0,175,68,0,68,243
06/02/2009,AVL,NC,ASO,ES,Combined TRACON& Tower with Radar,0,42,60,8,110,0,1,63,0,64,0,43,123,8,174,108,28,136,310
06/03/2009,AVL,NC,ASO,ES,Combined TRACON& Tower with Radar,0,53,34,8,95,0,0,33,0,33,0,53,67,8,128,40,0,40,168
06/04/2009,AVL,NC,ASO,ES,Combined TRACON& Tower with Radar,0,47,41,1,89,0,0,2,0,2,0,47,43,1,91,36,0,36,127
06/05/2009,AVL,NC,ASO,ES,Combined TRACON& Tower with Radar,0,51,55,8,114,0,1,8,1,10,0,52,63,9,124,52,0,52,176
06/06/2009,AVL,NC,ASO,ES,Combined TRACON& Tower with Radar,0,32,49,1,82,0,0,64,2,66,0,32,113,3,148,101,0,101,249
06/07/2009,AVL,NC,ASO,ES,Combined TRACON& Tower with Radar,0,57,64,2,123,0,0,50,3,53,0,57,114,5,176,21,0,21,197
06/08/2009,AVL,NC,ASO,ES,Combined TRACON& Tower with Radar,0,57,66,3,126,0,0,30,1,31,0,57,96,4,157,56,0,56,213
06/09/2009,AVL,NC,ASO,ES,Combined TRACON& Tower with Radar,0,54,37,0,91,0,0,38,0,38,0,54,75,0,129,56,0,56,185
06/10/2009,AVL,NC,ASO,ES,Combined TRACON& Tower with Radar,0,63,73,4,140,0,0,27,4,31,0,63,100,8,171,37,4,41,212
06/11/2009,AVL,NC,ASO,ES,Combined TRACON& Tower with Radar,1,60,66,1,128,0,0,24,2,26,1,60,90,3,154,10,0,10,164
06/12/2009,AVL,NC,ASO,ES,Combined TRACON& Tower with Radar,2,59,54,9,124,0,2,45,1,48,2,61,99,10,172,85,0,85,257
06/13/2009,AVL,NC,ASO,ES,Combined TRACON& Tower with Radar,4,31,44,0,79,0,1,50,3,54,4,32,94,3,133,29,0,29,162
06/14/2009,AVL,NC,ASO,ES,Combined TRACON& Tower with Radar,1,59,80,2,142,0,1,40,7,48,1,60,120,9,190,44,0,44,234
06/15/2009,AVL,NC,ASO,ES,Combined TRACON& Tower with Radar,2,44,32,1,79,0,0,32,2,34,2,44,64,3,113,59,8,67,180
06/16/2009,AVL,NC,ASO,ES,Combined TRACON& Tower with Radar,2,55,72,9,138,0,0,18,0,18,2,55,90,9,156,8,16,24,180
06/17/2009,AVL,NC,ASO,ES,Combined TRACON& Tower with Radar,0,48,39,1,88,0,0,13,0,13,0,48,52,1,101,24,0,24,125
06/18/2009,AVL,NC,ASO,ES,Combined TRACON& Tower with Radar,1,68,61,0,130,0,1,40,2,43,1,69,101,2,173,28,6,34,207
06/19/2009,AVL,NC,ASO,ES,Combined TRACON& Tower with Radar,0,69,73,13,155,0,1,51,0,52,0,70,124,13,207,86,6,92,299
06/20/2009,AVL,NC,ASO,ES,Combined TRACON& Tower with Radar,2,37,40,0,79,0,0,46,0,46,2,37,86,0,125,32,0,32,157
06/21/2009,AVL,NC,ASO,ES,Combined TRACON& Tower with Radar,0,55,63,2,120,0,0,16,0,16,0,55,79,2,136,24,0,24,160
06/22/2009,AVL,NC,ASO,ES,Combined TRACON& Tower with Radar,0,43,47,6,96,0,1,30,0,31,0,44,77,6,127,90,0,90,217
06/23/2009,AVL,NC,ASO,ES,Combined TRACON& Tower with Radar,2,54,66,6,128,0,2,51,0,53,2,56,117,6,181,30,0,30,211
06/24/2009,AVL,NC,ASO,ES,Combined TRACON& Tower with Radar,0,51,51,2,104,0,1,55,0,56,0,52,106,2,160,122,0,122,282
06/25/2009,AVL,NC,ASO,ES,Combined TRACON& Tower with Radar,1,59,75,7,142,0,1,53,0,54,1,60,128,7,196,78,24,102,298
06/26/2009,AVL,NC,ASO,ES,Combined TRACON& Tower with Radar,0,63,101,1,165,0,2,57,1,60,0,65,158,2,225,64,0,64,289
06/27/2009,AVL,NC,ASO,ES,Combined TRACON& Tower with Radar,2,39,64,9,114,0,0,35,3,38,2,39,99,12,152,62,0,62,214
06/28/2009,AVL,NC,ASO,ES,Combined TRACON& Tower with Radar,0,58,64,3,125,0,3,28,0,31,0,61,92,3,156,32,0,32,188
06/29/2009,AVL,NC,ASO,ES,Combined TRACON& Tower with Radar,0,51,57,0,108,0,2,44,0,46,0,53,101,0,154,50,0,50,204
06/30/2009,AVL,NC,ASO,ES,Combined TRACON& Tower with Radar,1,53,58,4,116,0,2,42,0,44,1,55,100,4,160,56,0,56,216
07/01/2009,AVL,NC,ASO,ES,Combined TRACON& Tower with Radar,0,58,61,1,120,0,1,34,0,35,0,59,95,1,155,38,0,38,193
07/02/2009,AVL,NC,ASO,ES,Combined TRACON& Tower with Radar,2,56,74,12,144,0,0,53,2,55,2,56,127,14,199,71,0,71,270
07/03/2009,AVL,NC,ASO,ES,Combined TRACON& Tower with Radar,0,53,47,4,104,0,0,69,0,69,0,53,116,4,173,122,0,122,295
07/04/2009,AVL,NC,ASO,ES,Combined TRACON& Tower with Radar,2,29,30,0,61,0,1,42,0,43,2,30,72,0,104,40,0,40,144
07/05/2009,AVL,NC,ASO,ES,Combined TRACON& Tower with Radar,54,73,3,0,130,0,0,17,1,18,54,73,20,1,148,12,0,12,160
07/06/2009,AVL,NC,ASO,ES,Combined TRACON& Tower with Radar,0,65,59,1,125,0,0,18,0,18,0,65,77,1,143,60,0,60,203
07/07/2009,AVL,NC,ASO,ES,Combined TRACON& Tower with Radar,0,50,73,4,127,0,0,56,2,58,0,50,129,6,185,69,0,69,254
07/08/2009,AVL,NC,ASO,ES,Combined TRACON& Tower with Radar,0,64,38,11,113,0,0,18,2,20,0,64,56,13,133,52,0,52,185
07/09/2009,AVL,NC,ASO,ES,Combined TRACON& Tower with Radar,2,54,86,10,152,0,0,5,0,5,2,54,91,10,157,12,0,12,169
07/10/2009,AVL,NC,ASO,ES,Combined TRACON& Tower with Radar,2,55,75,18,150,0,0,30,0,30,2,55,105,18,180,102,6,108,288
07/11/2009,AVL,NC,ASO,ES,Combined TRACON& Tower with Radar,2,47,51,10,110,0,0,48,1,49,2,47,99,11,159,60,0,60,219
07/12/2009,AVL,NC,ASO,ES,Combined TRACON& Tower with Radar,3,56,56,10,125,0,1,33,1,35,3,57,89,11,160,97,0,97,257
07/13/2009,AVL,NC,ASO,ES,Combined TRACON& Tower with Radar,0,39,59,0,98,0,0,22,1,23,0,39,81,1,121,40,0,40,161
07/14/2009,AVL,NC,ASO,ES,Combined TRACON& Tower with Radar,2,51,51,0,104,0,1,70,14,85,2,52,121,14,189,114,0,114,303
07/15/2009,AVL,NC,ASO,ES,Combined TRACON& Tower with Radar,0,53,39,2,94,0,0,47,10,57,0,53,86,12,151,116,0,116,267
07/16/2009,AVL,NC,ASO,ES,Combined TRACON& Tower with Radar,2,50,53,0,105,0,0,43,1,44,2,50,96,1,149,68,4,72,221
07/17/2009,AVL,NC,ASO,ES,Combined TRACON& Tower with Radar,0,51,65,9,125,0,0,36,1,37,0,51,101,10,162,56,0,56,218
07/18/2009,AVL,NC,ASO,ES,Combined TRACON& Tower with Radar,0,38,59,1,98,0,0,72,7,79,0,38,131,8,177,22,0,22,199
07/19/2009,AVL,NC,ASO,ES,Combined TRACON& Tower with Radar,0,54,84,7,145,0,1,55,5,61,0,55,139,12,206,39,0,39,245
07/20/2009,AVL,NC,ASO,ES,Combined TRACON& Tower with Radar,0,45,58,1,104,0,0,36,0,36,0,45,94,1,140,87,0,87,227
07/21/2009,AVL,NC,ASO,ES,Combined TRACON& Tower with Radar,1,47,81,4,133,0,0,29,3,32,1,47,110,7,165,104,0,104,269
07/22/2009,AVL,NC,ASO,ES,Combined TRACON& Tower with Radar,0,64,60,7,131,0,0,13,0,13,0,64,73,7,144,67,0,67,211
07/23/2009,AVL,NC,ASO,ES,Combined TRACON& Tower with Radar,2,58,65,18,143,0,0,37,0,37,2,58,102,18,180,24,0,24,204
07/24/2009,AVL,NC,ASO,ES,Combined TRACON& Tower with Radar,0,60,86,4,150,0,0,73,0,73,0,60,159,4,223,94,0,94,317
07/25/2009,AVL,NC,ASO,ES,Combined TRACON& Tower with Radar,2,47,40,1,90,0,0,53,4,57,2,47,93,5,147,83,2,85,232
07/26/2009,AVL,NC,ASO,ES,Combined TRACON& Tower with Radar,0,51,87,0,138,0,0,37,5,42,0,51,124,5,180,71,0,71,251
07/27/2009,AVL,NC,ASO,ES,Combined TRACON& Tower with Radar,0,47,54,0,101,0,0,27,2,29,0,47,81,2,130,22,0,22,152
07/28/2009,AVL,NC,ASO,ES,Combined TRACON& Tower with Radar,1,61,53,0,115,0,0,29,0,29,1,61,82,0,144,48,0,48,192
07/29/2009,AVL,NC,ASO,ES,Combined TRACON& Tower with Radar,0,51,34,0,85,0,0,5,0,5,0,51,39,0,90,8,0,8,98
07/30/2009,AVL,NC,ASO,ES,Combined TRACON& Tower with Radar,2,58,52,9,121,0,0,35,1,36,2,58,87,10,157,106,0,106,263
07/31/2009,AVL,NC,ASO,ES,Combined TRACON& Tower with Radar,0,48,64,9,121,0,0,14,0,14,0,48,78,9,135,14,0,14,149
08/01/2009,AVL,NC,ASO,ES,Combined TRACON& Tower with Radar,2,37,37,1,77,0,0,48,0,48,2,37,85,1,125,10,0,10,135
08/02/2009,AVL,NC,ASO,ES,Combined TRACON& Tower with Radar,0,43,49,0,92,0,0,13,0,13,0,43,62,0,105,24,0,24,129
08/03/2009,AVL,NC,ASO,ES,Combined TRACON& Tower with Radar,0,51,54,7,112,0,0,73,1,74,0,51,127,8,186,109,0,109,295
08/04/2009,AVL,NC,ASO,ES,Combined TRACON& Tower with Radar,3,56,40,6,105,0,0,42,4,46,3,56,82,10,151,76,0,76,227
08/05/2009,AVL,NC,ASO,ES,Combined TRACON& Tower with Radar,0,63,49,6,118,0,0,38,4,42,0,63,87,10,160,59,0,59,219
08/06/2009,AVL,NC,ASO,ES,Combined TRACON& Tower with Radar,2,65,70,6,143,0,0,41,8,49,2,65,111,14,192,91,22,113,305
08/07/2009,AVL,NC,ASO,ES,Combined TRACON& Tower with Radar,0,53,75,7,135,0,4,54,0,58,0,57,129,7,193,110,20,130,323
08/08/2009,AVL,NC,ASO,ES,Combined TRACON& Tower with Radar,2,32,34,6,74,0,0,41,1,42,2,32,75,7,116,14,0,14,130
08/09/2009,AVL,NC,ASO,ES,Combined TRACON& Tower with Radar,2,52,66,0,120,0,1,38,1,40,2,53,104,1,160,65,0,65,225
08/10/2009,AVL,NC,ASO,ES,Combined TRACON& Tower with Radar,0,43,20,4,67,0,0,33,0,33,0,43,53,4,100,30,0,30,130
08/11/2009,AVL,NC,ASO,ES,Combined TRACON& Tower with Radar,2,38,39,2,81,0,0,36,0,36,2,38,75,2,117,66,2,68,185
08/12/2009,AVL,NC,ASO,ES,Combined TRACON& Tower with Radar,0,43,65,0,108,0,1,19,1,21,0,44,84,1,129,2,0,2,131
08/13/2009,AVL,NC,ASO,ES,Combined TRACON& Tower with Radar,2,62,69,13,146,0,0,39,8,47,2,62,108,21,193,94,42,136,329
08/14/2009,AVL,NC,ASO,ES,Combined TRACON& Tower with Radar,0,53,72,17,142,0,0,39,4,43,0,53,111,21,185,110,14,124,309
08/15/2009,AVL,NC,ASO,ES,Combined TRACON& Tower with Radar,4,43,36,0,83,0,0,51,0,51,4,43,87,0,134,60,0,60,194
08/16/2009,AVL,NC,ASO,ES,Combined TRACON& Tower with Radar,0,47,66,2,115,0,0,34,7,41,0,47,100,9,156,28,0,28,184
08/17/2009,AVL,NC,ASO,ES,Combined TRACON& Tower with Radar,0,48,46,13,107,0,2,36,12,50,0,50,82,25,157,30,0,30,187
08/18/2009,AVL,NC,ASO,ES,Combined TRACON& Tower with Radar,2,45,60,5,112,0,1,45,12,58,2,46,105,17,170,80,20,100,270
08/19/2009,AVL,NC,ASO,ES,Combined TRACON& Tower with Radar,0,52,46,5,103,0,0,32,4,36,0,52,78,9,139,48,16,64,203
08/20/2009,AVL,NC,ASO,ES,Combined TRACON& Tower with Radar,2,48,62,8,120,0,2,19,2,23,2,50,81,10,143,51,0,51,194
08/21/2009,AVL,NC,ASO,ES,Combined TRACON& Tower with Radar,4,49,63,10,126,0,0,21,2,23,4,49,84,12,149,57,0,57,206
08/22/2009,AVL,NC,ASO,ES,Combined TRACON& Tower with Radar,2,34,46,12,94,0,0,30,3,33,2,34,76,15,127,85,8,93,220
08/23/2009,AVL,NC,ASO,ES,Combined TRACON& Tower with Radar,2,49,83,5,139,0,0,34,6,40,2,49,117,11,179,54,5,59,238
08/24/2009,AVL,NC,ASO,ES,Combined TRACON& Tower with Radar,0,51,62,0,113,0,1,32,11,44,0,52,94,11,157,54,4,58,215
08/25/2009,AVL,NC,ASO,ES,Combined TRACON& Tower with Radar,2,47,54,3,106,0,1,42,11,54,2,48,96,14,160,76,22,98,258
08/26/2009,AVL,NC,ASO,ES,Combined TRACON& Tower with Radar,0,54,67,4,125,0,1,59,11,71,0,55,126,15,196,54,4,58,254
08/27/2009,AVL,NC,ASO,ES,Combined TRACON& Tower with Radar,2,60,49,0,111,0,0,40,4,44,2,60,89,4,155,62,0,62,217
08/28/2009,AVL,NC,ASO,ES,Combined TRACON& Tower with Radar,0,52,45,2,99,0,1,6,0,7,0,53,51,2,106,51,0,51,157
08/29/2009,AVL,NC,ASO,ES,Combined TRACON& Tower with Radar,2,42,35,1,80,0,0,39,0,39,2,42,74,1,119,25,0,25,144
08/30/2009,AVL,NC,ASO,ES,Combined TRACON& Tower with Radar,0,55,43,1,99,0,0,33,4,37,0,55,76,5,136,46,0,46,182
08/31/2009,AVL,NC,ASO,ES,Combined TRACON& Tower with Radar,0,49,58,12,119,0,0,2,0,2,0,49,60,12,121,2,0,2,123
09/01/2009,AVL,NC,ASO,ES,Combined TRACON& Tower with Radar,2,48,49,22,121,0,0,27,2,29,2,48,76,24,150,106,28,134,284
09/02/2009,AVL,NC,ASO,ES,Combined TRACON& Tower with Radar,0,54,57,2,113,0,1,61,0,62,0,55,118,2,175,60,36,96,271
09/03/2009,AVL,NC,ASO,ES,Combined TRACON& Tower with Radar,2,52,64,16,134,0,0,49,1,50,2,52,113,17,184,69,0,69,253
09/04/2009,AVL,NC,ASO,ES,Combined TRACON& Tower with Radar,0,59,63,11,133,0,1,65,1,67,0,60,128,12,200,46,0,46,246
09/05/2009,AVL,NC,ASO,ES,Combined TRACON& Tower with Radar,1,29,30,0,60,0,0,54,0,54,1,29,84,0,114,46,0,46,160
09/06/2009,AVL,NC,ASO,ES,Combined TRACON& Tower with Radar,0,35,38,1,74,0,0,29,0,29,0,35,67,1,103,2,6,8,111
09/07/2009,AVL,NC,ASO,ES,Combined TRACON& Tower with Radar,0,47,84,4,135,0,0,42,0,42,0,47,126,4,177,80,0,80,257
09/08/2009,AVL,NC,ASO,ES,Combined TRACON& Tower with Radar,0,53,68,13,134,0,0,21,1,22,0,53,89,14,156,24,0,24,180
09/09/2009,AVL,NC,ASO,ES,Combined TRACON& Tower with Radar,0,46,41,9,96,0,0,9,0,9,0,46,50,9,105,10,0,10,115
09/10/2009,AVL,NC,ASO,ES,Combined TRACON& Tower with Radar,1,56,58,5,120,0,0,1,0,1,1,56,59,5,121,0,10,10,131
09/11/2009,AVL,NC,ASO,ES,Combined TRACON& Tower with Radar,0,53,64,21,138,0,3,23,8,34,0,56,87,29,172,83,0,83,255
09/12/2009,AVL,NC,ASO,ES,Combined TRACON& Tower with Radar,2,39,47,2,90,0,0,46,4,50,2,39,93,6,140,40,14,54,194
09/13/2009,AVL,NC,ASO,ES,Combined TRACON& Tower with Radar,0,46,73,1,120,0,2,51,7,60,0,48,124,8,180,34,0,34,214
09/14/2009,AVL,NC,ASO,ES,Combined TRACON& Tower with Radar,0,57,62,19,138,0,0,43,0,43,0,57,105,19,181,58,0,58,239
09/15/2009,AVL,NC,ASO,ES,Combined TRACON& Tower with Radar,2,52,43,2,99,0,0,19,0,19,2,52,62,2,118,54,0,54,172
09/16/2009,AVL,NC,ASO,ES,Combined TRACON& Tower with Radar,0,59,46,0,105,0,0,10,0,10,0,59,56,0,115,0,0,0,115
09/17/2009,AVL,NC,ASO,ES,Combined TRACON& Tower with Radar,2,56,36,2,96,0,1,0,0,1,2,57,36,2,97,0,0,0,97
09/18/2009,AVL,NC,ASO,ES,Combined TRACON& Tower with Radar,0,52,55,8,115,0,0,2,0,2,0,52,57,8,117,20,0,20,137
09/19/2009,AVL,NC,ASO,ES,Combined TRACON& Tower with Radar,1,38,35,2,76,0,1,7,0,8,1,39,42,2,84,36,0,36,120
09/20/2009,AVL,NC,ASO,ES,Combined TRACON& Tower with Radar,0,44,26,3,73,0,0,0,0,0,0,44,26,3,73,0,0,0,73
09/21/2009,AVL,NC,ASO,ES,Combined TRACON& Tower with Radar,0,47,26,5,78,0,0,0,0,0,0,47,26,5,78,0,0,0,78
09/22/2009,AVL,NC,ASO,ES,Combined TRACON& Tower with Radar,2,54,65,8,129,0,0,33,2,35,2,54,98,10,164,41,12,53,217
09/23/2009,AVL,NC,ASO,ES,Combined TRACON& Tower with Radar,0,56,91,21,168,0,0,57,3,60,0,56,148,24,228,65,0,65,293
09/24/2009,AVL,NC,ASO,ES,Combined TRACON& Tower with Radar,1,54,60,0,115,0,0,18,0,18,1,54,78,0,133,129,0,129,262
09/25/2009,AVL,NC,ASO,ES,Combined TRACON& Tower with Radar,0,55,55,21,131,0,0,33,1,34,0,55,88,22,165,59,0,59,224
09/26/2009,AVL,NC,ASO,ES,Combined TRACON& Tower with Radar,2,33,20,1,56,0,0,0,0,0,2,33,20,1,56,0,0,0,56
09/27/2009,AVL,NC,ASO,ES,Combined TRACON& Tower with Radar,0,46,78,18,142,0,0,41,8,49,0,46,119,26,191,16,0,16,207
09/28/2009,AVL,NC,ASO,ES,Combined TRACON& Tower with Radar,0,60,35,2,97,0,0,36,2,38,0,60,71,4,135,4,18,22,157
09/29/2009,AVL,NC,ASO,ES,Combined TRACON& Tower with Radar,2,46,31,7,86,0,2,43,4,49,2,48,74,11,135,66,0,66,201
09/30/2009,AVL,NC,ASO,ES,Combined TRACON& Tower with Radar,0,43,50,5,98,0,0,47,3,50,0,43,97,8,148,42,0,42,190
10/01/2009,AVL,NC,ASO,ES,Combined TRACON& Tower with Radar,2,65,53,10,130,0,0,80,1,81,2,65,133,11,211,88,10,98,309
10/02/2009,AVL,NC,ASO,ES,Combined TRACON& Tower with Radar,0,50,70,7,127,0,0,37,3,40,0,50,107,10,167,33,12,45,212
10/03/2009,AVL,NC,ASO,ES,Combined TRACON& Tower with Radar,9,45,36,3,93,0,1,117,6,124,9,46,153,9,217,46,0,46,263
10/04/2009,AVL,NC,ASO,ES,Combined TRACON& Tower with Radar,2,47,89,3,141,0,0,61,1,62,2,47,150,4,203,49,0,49,252
10/05/2009,AVL,NC,ASO,ES,Combined TRACON& Tower with Radar,0,50,30,3,83,0,0,0,0,0,0,50,30,3,83,0,0,0,83
10/06/2009,AVL,NC,ASO,ES,Combined TRACON& Tower with Radar,4,52,55,0,111,0,0,8,0,8,4,52,63,0,119,84,0,84,203
10/07/2009,AVL,NC,ASO,ES,Combined TRACON& Tower with Radar,0,57,31,14,102,0,0,31,1,32,0,57,62,15,134,6,0,6,140
10/08/2009,AVL,NC,ASO,ES,Combined TRACON& Tower with Radar,2,53,72,21,148,0,2,59,10,71,2,55,131,31,219,101,8,109,328
10/09/2009,AVL,NC,ASO,ES,Combined TRACON& Tower with Radar,0,49,76,8,133,0,2,42,1,45,0,51,118,9,178,78,4,82,260
10/10/2009,AVL,NC,ASO,ES,Combined TRACON& Tower with Radar,1,43,38,0,82,0,0,7,6,13,1,43,45,6,95,46,0,46,141
10/11/2009,AVL,NC,ASO,ES,Combined TRACON& Tower with Radar,0,54,68,0,122,0,0,28,0,28,0,54,96,0,150,78,0,78,228
10/12/2009,AVL,NC,ASO,ES,Combined TRACON& Tower with Radar,0,56,49,5,110,0,0,0,0,0,0,56,49,5,110,0,0,0,110
10/13/2009,AVL,NC,ASO,ES,Combined TRACON& Tower with Radar,9,56,70,4,139,0,4,60,2,66,9,60,130,6,205,157,2,159,364
10/14/2009,AVL,NC,ASO,ES,Combined TRACON& Tower with Radar,0,58,39,10,107,0,0,0,0,0,0,58,39,10,107,0,0,0,107
10/15/2009,AVL,NC,ASO,ES,Combined TRACON& Tower with Radar,2,50,49,0,101,0,0,0,0,0,2,50,49,0,101,0,0,0,101
10/16/2009,AVL,NC,ASO,ES,Combined TRACON& Tower with Radar,0,55,67,1,123,0,0,18,0,18,0,55,85,1,141,96,0,96,237
10/17/2009,AVL,NC,ASO,ES,Combined TRACON& Tower with Radar,2,35,27,12,76,0,0,6,0,6,2,35,33,12,82,14,0,14,96
10/18/2009,AVL,NC,ASO,ES,Combined TRACON& Tower with Radar,0,53,65,2,120,0,0,25,2,27,0,53,90,4,147,0,0,0,147
10/19/2009,AVL,NC,ASO,ES,Combined TRACON& Tower with Radar,0,48,50,2,100,0,3,89,4,96,0,51,139,6,196,152,18,170,366
10/20/2009,AVL,NC,ASO,ES,Combined TRACON& Tower with Radar,2,55,47,11,115,0,2,100,8,110,2,57,147,19,225,132,6,138,363
10/21/2009,AVL,NC,ASO,ES,Combined TRACON& Tower with Radar,0,52,57,5,114,0,2,92,7,101,0,54,149,12,215,110,0,110,325
10/22/2009,AVL,NC,ASO,ES,Combined TRACON& Tower with Radar,1,56,80,30,167,0,0,61,1,62,1,56,141,31,229,86,18,104,333
10/23/2009,AVL,NC,ASO,ES,Combined TRACON& Tower with Radar,0,58,55,1,114,0,0,2,0,2,0,58,57,1,116,4,0,4,120
10/24/2009,AVL,NC,ASO,ES,Combined TRACON& Tower with Radar,2,36,27,0,65,0,28,26,0,54,2,64,53,0,119,6,0,6,125
10/25/2009,AVL,NC,ASO,ES,Combined TRACON& Tower with Radar,0,42,73,11,126,0,30,115,6,151,0,72,188,17,277,6,0,6,283
10/26/2009,AVL,NC,ASO,ES,Combined TRACON& Tower with Radar,2,52,81,6,141,0,3,61,4,68,2,55,142,10,209,90,8,98,307
10/27/2009,AVL,NC,ASO,ES,Combined TRACON& Tower with Radar,2,51,36,8,97,0,0,5,0,5,2,51,41,8,102,42,16,58,160
10/28/2009,AVL,NC,ASO,ES,Combined TRACON& Tower with Radar,0,51,48,11,110,0,0,58,11,69,0,51,106,22,179,38,12,50,229
10/29/2009,AVL,NC,ASO,ES,Combined TRACON& Tower with Radar,2,56,55,4,117,0,0,73,6,79,2,56,128,10,196,126,18,144,340
10/30/2009,AVL,NC,ASO,ES,Combined TRACON& Tower with Radar,0,56,65,4,125,0,0,0,0,0,0,56,65,4,125,0,0,0,125
10/31/2009,AVL,NC,ASO,ES,Combined TRACON& Tower with Radar,5,37,29,0,71,0,0,0,0,0,5,37,29,0,71,0,0,0,71
11/01/2009,AVL,NC,ASO,ES,Combined TRACON& Tower with Radar,2,46,59,4,111,0,0,13,0,13,2,46,72,4,124,16,0,16,140
11/02/2009,AVL,NC,ASO,ES,Combined TRACON& Tower with Radar,0,52,59,0,111,0,0,56,2,58,0,52,115,2,169,55,0,55,224
11/03/2009,AVL,NC,ASO,ES,Combined TRACON& Tower with Radar,2,50,53,18,123,0,1,49,10,60,2,51,102,28,183,57,6,63,246
11/04/2009,AVL,NC,ASO,ES,Combined TRACON& Tower with Radar,0,44,69,2,115,0,0,71,4,75,0,44,140,6,190,70,8,78,268
11/05/2009,AVL,NC,ASO,ES,Combined TRACON& Tower with Radar,2,46,60,20,128,0,0,48,1,49,2,46,108,21,177,123,13,136,313
11/06/2009,AVL,NC,ASO,ES,Combined TRACON& Tower with Radar,0,45,60,11,116,0,0,71,1,72,0,45,131,12,188,96,0,96,284
11/07/2009,AVL,NC,ASO,ES,Combined TRACON& Tower with Radar,1,36,36,0,73,0,0,72,5,77,1,36,108,5,150,50,0,50,200
11/08/2009,AVL,NC,ASO,ES,Combined TRACON& Tower with Radar,0,46,54,3,103,0,0,83,5,88,0,46,137,8,191,45,8,53,244
11/09/2009,AVL,NC,ASO,ES,Combined TRACON& Tower with Radar,0,46,53,0,99,0,0,46,2,48,0,46,99,2,147,88,0,88,235
11/10/2009,AVL,NC,ASO,ES,Combined TRACON& Tower with Radar,2,48,29,0,79,0,0,0,0,0,2,48,29,0,79,0,0,0,79
11/11/2009,AVL,NC,ASO,ES,Combined TRACON& Tower with Radar,2,51,36,0,89,0,0,0,0,0,2,51,36,0,89,0,0,0,89
11/12/2009,AVL,NC,ASO,ES,Combined TRACON& Tower with Radar,2,49,26,3,80,0,0,11,0,11,2,49,37,3,91,0,26,26,117
11/13/2009,AVL,NC,ASO,ES,Combined TRACON& Tower with Radar,0,52,66,22,140,0,2,50,2,54,0,54,116,24,194,78,3,81,275
11/14/2009,AVL,NC,ASO,ES,Combined TRACON& Tower with Radar,2,30,38,5,75,0,0,89,13,102,2,30,127,18,177,160,36,196,373
11/15/2009,AVL,NC,ASO,ES,Combined TRACON& Tower with Radar,0,46,49,8,103,0,0,85,6,91,0,46,134,14,194,40,22,62,256
11/16/2009,AVL,NC,ASO,ES,Combined TRACON& Tower with Radar,0,46,32,2,80,0,0,67,3,70,0,46,99,5,150,54,0,54,204
11/17/2009,AVL,NC,ASO,ES,Combined TRACON& Tower with Radar,2,47,30,2,81,0,0,12,2,14,2,47,42,4,95,64,0,64,159
11/18/2009,AVL,NC,ASO,ES,Combined TRACON& Tower with Radar,0,53,27,3,83,0,0,0,0,0,0,53,27,3,83,0,0,0,83
11/19/2009,AVL,NC,ASO,ES,Combined TRACON& Tower with Radar,1,50,54,3,108,0,0,22,0,22,1,50,76,3,130,74,0,74,204
11/20/2009,AVL,NC,ASO,ES,Combined TRACON& Tower with Radar,0,46,56,13,115,0,1,47,4,52,0,47,103,17,167,54,0,54,221
11/21/2009,AVL,NC,ASO,ES,Combined TRACON& Tower with Radar,3,38,37,30,108,0,0,66,45,111,3,38,103,75,219,43,42,85,304
11/22/2009,AVL,NC,ASO,ES,Combined TRACON& Tower with Radar,0,39,29,2,70,0,0,2,0,2,0,39,31,2,72,0,0,0,72
11/23/2009,AVL,NC,ASO,ES,Combined TRACON& Tower with Radar,0,49,38,10,97,0,0,5,0,5,0,49,43,10,102,56,28,84,186
11/24/2009,AVL,NC,ASO,ES,Combined TRACON& Tower with Radar,2,59,51,10,122,0,0,7,2,9,2,59,58,12,131,29,0,29,160
11/25/2009,AVL,NC,ASO,ES,Combined TRACON& Tower with Radar,0,60,73,7,140,0,0,40,2,42,0,60,113,9,182,34,0,34,216
11/26/2009,AVL,NC,ASO,ES,Combined TRACON& Tower with Radar,3,29,26,0,58,0,0,11,0,11,3,29,37,0,69,0,0,0,69
11/27/2009,AVL,NC,ASO,ES,Combined TRACON& Tower with Radar,0,34,37,0,71,0,0,15,0,15,0,34,52,0,86,0,0,0,86
11/28/2009,AVL,NC,ASO,ES,Combined TRACON& Tower with Radar,1,50,48,0,99,0,0,72,0,72,1,50,120,0,171,65,0,65,236
11/29/2009,AVL,NC,ASO,ES,Combined TRACON& Tower with Radar,0,54,80,0,134,0,0,51,0,51,0,54,131,0,185,29,0,29,214
11/30/2009,AVL,NC,ASO,ES,Combined TRACON& Tower with Radar,1,45,36,0,82,0,0,11,0,11,1,45,47,0,93,2,0,2,95
12/01/2009,AVL,NC,ASO,ES,Combined TRACON& Tower with Radar,2,56,42,4,104,0,0,52,1,53,2,56,94,5,157,68,14,82,239
12/02/2009,AVL,NC,ASO,ES,Combined TRACON& Tower with Radar,0,40,22,1,63,0,0,0,0,0,0,40,22,1,63,0,0,0,63
12/03/2009,AVL,NC,ASO,ES,Combined TRACON& Tower with Radar,2,45,48,5,100,0,0,17,1,18,2,45,65,6,118,52,0,52,170
12/04/2009,AVL,NC,ASO,ES,Combined TRACON& Tower with Radar,0,46,33,11,90,0,0,23,3,26,0,46,56,14,116,136,25,161,277
12/05/2009,AVL,NC,ASO,ES,Combined TRACON& Tower with Radar,1,31,13,3,48,0,0,0,0,0,1,31,13,3,48,0,0,0,48
12/06/2009,AVL,NC,ASO,ES,Combined TRACON& Tower with Radar,0,42,51,3,96,12,0,49,0,61,12,42,100,3,157,39,0,39,196
12/07/2009,AVL,NC,ASO,ES,Combined TRACON& Tower with Radar,0,48,22,4,74,0,0,45,5,50,0,48,67,9,124,40,0,40,164
12/08/2009,AVL,NC,ASO,ES,Combined TRACON& Tower with Radar,2,41,35,4,82,0,0,9,0,9,2,41,44,4,91,34,0,34,125
12/09/2009,AVL,NC,ASO,ES,Combined TRACON& Tower with Radar,0,42,14,4,60,0,4,15,7,26,0,46,29,11,86,0,0,0,86
12/10/2009,AVL,NC,ASO,ES,Combined TRACON& Tower with Radar,2,42,26,11,81,0,0,29,2,31,2,42,55,13,112,28,0,28,140
12/11/2009,AVL,NC,ASO,ES,Combined TRACON& Tower with Radar,0,47,47,9,103,0,0,65,0,65,0,47,112,9,168,82,6,88,256
12/12/2009,AVL,NC,ASO,ES,Combined TRACON& Tower with Radar,2,36,22,7,67,0,0,29,2,31,2,36,51,9,98,72,0,72,170
12/13/2009,AVL,NC,ASO,ES,Combined TRACON& Tower with Radar,0,45,12,0,57,0,0,3,0,3,0,45,15,0,60,14,0,14,74
12/14/2009,AVL,NC,ASO,ES,Combined TRACON& Tower with Radar,0,43,66,6,115,0,0,37,0,37,0,43,103,6,152,14,0,14,166
12/15/2009,AVL,NC,ASO,ES,Combined TRACON& Tower with Radar,2,39,47,39,127,0,0,6,0,6,2,39,53,39,133,20,35,55,188
12/16/2009,AVL,NC,ASO,ES,Combined TRACON& Tower with Radar,0,46,41,0,87,0,0,43,4,47,0,46,84,4,134,60,6,66,200
12/17/2009,AVL,NC,ASO,ES,Combined TRACON& Tower with Radar,3,56,49,4,112,0,0,56,4,60,3,56,105,8,172,82,14,96,268
12/18/2009,AVL,NC,ASO,ES,Combined TRACON& Tower with Radar,0,19,1,0,20,0,0,0,0,0,0,19,1,0,20,0,0,0,20
12/19/2009,AVL,NC,ASO,ES,Combined TRACON& Tower with Radar,0,33,12,1,46,0,0,2,0,2,0,33,14,1,48,0,0,0,48
12/20/2009,AVL,NC,ASO,ES,Combined TRACON& Tower with Radar,0,38,20,0,58,0,0,16,0,16,0,38,36,0,74,0,0,0,74
12/21/2009,AVL,NC,ASO,ES,Combined TRACON& Tower with Radar,0,47,43,7,97,0,0,45,0,45,0,47,88,7,142,64,0,64,206
12/22/2009,AVL,NC,ASO,ES,Combined TRACON& Tower with Radar,2,42,48,9,101,0,0,44,0,44,2,42,92,9,145,32,0,32,177
12/23/2009,AVL,NC,ASO,ES,Combined TRACON& Tower with Radar,0,49,39,11,99,0,0,52,1,53,0,49,91,12,152,48,2,50,202
12/24/2009,AVL,NC,ASO,ES,Combined TRACON& Tower with Radar,2,38,16,0,56,0,0,12,0,12,2,38,28,0,68,8,0,8,76
12/25/2009,AVL,NC,ASO,ES,Combined TRACON& Tower with Radar,0,36,3,0,39,0,0,0,0,0,0,36,3,0,39,0,0,0,39
12/26/2009,AVL,NC,ASO,ES,Combined TRACON& Tower with Radar,4,41,51,0,96,0,0,43,0,43,4,41,94,0,139,58,0,58,197
12/27/2009,AVL,NC,ASO,ES,Combined TRACON& Tower with Radar,0,50,34,0,84,0,0,49,0,49,0,50,83,0,133,18,0,18,151
12/28/2009,AVL,NC,ASO,ES,Combined TRACON& Tower with Radar,2,51,19,4,76,0,0,29,0,29,2,51,48,4,105,2,0,2,107
12/29/2009,AVL,NC,ASO,ES,Combined TRACON& Tower with Radar,2,47,45,17,111,0,0,43,2,45,2,47,88,19,156,11,16,27,183
12/30/2009,AVL,NC,ASO,ES,Combined TRACON& Tower with Radar,0,44,47,5,96,0,0,50,1,51,0,44,97,6,147,48,0,48,195
12/31/2009,AVL,NC,ASO,ES,Combined TRACON& Tower with Radar,1,43,32,0,76,0,0,2,0,2,1,43,34,0,78,0,0,0,78
01/01/2010,AVL,NC,ASO,ES,Combined TRACON& Tower with Radar,0,39,14,0,53,0,2,12,0,14,0,41,26,0,67,8,0,8,75
01/02/2010,AVL,NC,ASO,ES,Combined TRACON& Tower with Radar,0,42,18,0,60,0,1,7,0,8,0,43,25,0,68,0,0,0,68
01/03/2010,AVL,NC,ASO,ES,Combined TRACON& Tower with Radar,0,48,47,0,95,0,0,26,0,26,0,48,73,0,121,0,0,0,121
01/04/2010,AVL,NC,ASO,ES,Combined TRACON& Tower with Radar,0,48,22,2,72,0,0,14,3,17,0,48,36,5,89,0,0,0,89
01/05/2010,AVL,NC,ASO,ES,Combined TRACON& Tower with Radar,1,50,27,0,78,0,0,15,3,18,1,50,42,3,96,28,0,28,124
01/06/2010,AVL,NC,ASO,ES,Combined TRACON& Tower with Radar,0,56,39,22,117,0,0,44,6,50,0,56,83,28,167,37,5,42,209
01/07/2010,AVL,NC,ASO,ES,Combined TRACON& Tower with Radar,2,39,25,13,79,0,0,28,0,28,2,39,53,13,107,68,6,74,181
01/08/2010,AVL,NC,ASO,ES,Combined TRACON& Tower with Radar,0,45,17,5,67,0,0,9,0,9,0,45,26,5,76,0,8,8,84
01/09/2010,AVL,NC,ASO,ES,Combined TRACON& Tower with Radar,2,38,9,0,49,0,1,15,2,18,2,39,24,2,67,12,0,12,79
01/10/2010,AVL,NC,ASO,ES,Combined TRACON& Tower with Radar,0,41,11,1,53,0,0,16,1,17,0,41,27,2,70,14,0,14,84
01/11/2010,AVL,NC,ASO,ES,Combined TRACON& Tower with Radar,2,42,21,3,68,0,0,47,2,49,2,42,68,5,117,46,50,96,213
01/12/2010,AVL,NC,ASO,ES,Combined TRACON& Tower with Radar,2,44,15,2,63,0,0,5,0,5,2,44,20,2,68,22,0,22,90
01/13/2010,AVL,NC,ASO,ES,Combined TRACON& Tower with Radar,1,47,41,5,94,0,2,75,5,82,1,49,116,10,176,96,18,114,290
01/14/2010,AVL,NC,ASO,ES,Combined TRACON& Tower with Radar,2,48,29,0,79,0,4,59,2,65,2,52,88,2,144,108,0,108,252
01/15/2010,AVL,NC,ASO,ES,Combined TRACON& Tower with Radar,0,48,36,14,98,0,0,80,2,82,0,48,116,16,180,86,1,87,267
01/16/2010,AVL,NC,ASO,ES,Combined TRACON& Tower with Radar,2,32,29,5,68,0,1,40,8,49,2,33,69,13,117,67,26,93,210
01/17/2010,AVL,NC,ASO,ES,Combined TRACON& Tower with Radar,0,43,22,0,65,0,0,0,0,0,0,43,22,0,65,0,0,0,65
01/18/2010,AVL,NC,ASO,ES,Combined TRACON& Tower with Radar,0,43,32,1,76,0,2,45,3,50,0,45,77,4,126,72,0,72,198
01/19/2010,AVL,NC,ASO,ES,Combined TRACON& Tower with Radar,6,46,53,6,111,0,2,80,1,83,6,48,133,7,194,91,12,103,297
01/20/2010,AVL,NC,ASO,ES,Combined TRACON& Tower with Radar,0,54,19,0,73,0,0,24,1,25,0,54,43,1,98,28,0,28,126
01/21/2010,AVL,NC,ASO,ES,Combined TRACON& Tower with Radar,2,40,19,0,61,0,0,0,0,0,2,40,19,0,61,0,0,0,61
01/22/2010,AVL,NC,ASO,ES,Combined TRACON& Tower with Radar,0,49,25,6,80,0,0,5,0,5,0,49,30,6,85,8,0,8,93
01/23/2010,AVL,NC,ASO,ES,Combined TRACON& Tower with Radar,2,37,12,0,51,0,0,2,0,2,2,37,14,0,53,0,0,0,53
01/24/2010,AVL,NC,ASO,ES,Combined TRACON& Tower with Radar,0,38,11,0,49,0,0,0,0,0,0,38,11,0,49,0,0,0,49
01/25/2010,AVL,NC,ASO,ES,Combined TRACON& Tower with Radar,0,45,43,2,90,0,1,15,0,16,0,46,58,2,106,6,0,6,112
01/26/2010,AVL,NC,ASO,ES,Combined TRACON& Tower with Radar,2,45,47,0,94,0,1,30,9,40,2,46,77,9,134,56,0,56,190
01/27/2010,AVL,NC,ASO,ES,Combined TRACON& Tower with Radar,0,52,43,4,99,0,2,74,1,77,0,54,117,5,176,82,0,82,258
01/28/2010,AVL,NC,ASO,ES,Combined TRACON& Tower with Radar,2,51,34,0,87,0,0,50,2,52,2,51,84,2,139,58,0,58,197
01/29/2010,AVL,NC,ASO,ES,Combined TRACON& Tower with Radar,0,37,18,0,55,0,0,23,0,23,0,37,41,0,78,24,6,30,108
01/30/2010,AVL,NC,ASO,ES,Combined TRACON& Tower with Radar,0,0,0,0,0,0,0,0,0,0,0,0,0,0,0,0,0,0,0
01/31/2010,AVL,NC,ASO,ES,Combined TRACON& Tower with Radar,0,31,19,0,50,0,0,15,0,15,0,31,34,0,65,23,0,23,88
02/01/2010,AVL,NC,ASO,ES,Combined TRACON& Tower with Radar,0,47,42,28,117,0,0,47,2,49,0,47,89,30,166,90,12,102,268
02/02/2010,AVL,NC,ASO,ES,Combined TRACON& Tower with Radar,2,43,17,0,62,0,0,0,0,0,2,43,17,0,62,0,0,0,62
02/03/2010,AVL,NC,ASO,ES,Combined TRACON& Tower with Radar,1,46,41,9,97,0,1,48,4,53,1,47,89,13,150,52,16,68,218
02/04/2010,AVL,NC,ASO,ES,Combined TRACON& Tower with Radar,2,46,34,4,86,0,0,4,2,6,2,46,38,6,92,72,0,72,164
02/05/2010,AVL,NC,ASO,ES,Combined TRACON& Tower with Radar,0,33,4,3,40,0,0,0,0,0,0,33,4,3,40,0,0,0,40
02/06/2010,AVL,NC,ASO,ES,Combined TRACON& Tower with Radar,2,25,6,0,33,0,0,0,0,0,2,25,6,0,33,16,0,16,49
02/07/2010,AVL,NC,ASO,ES,Combined TRACON& Tower with Radar,1,41,17,0,59,0,0,4,10,14,1,41,21,10,73,74,0,74,147
02/08/2010,AVL,NC,ASO,ES,Combined TRACON& Tower with Radar,0,44,41,2,87,0,0,37,0,37,0,44,78,2,124,96,6,102,226
02/09/2010,AVL,NC,ASO,ES,Combined TRACON& Tower with Radar,2,43,14,0,59,0,0,1,0,1,2,43,15,0,60,0,0,0,60
02/10/2010,AVL,NC,ASO,ES,Combined TRACON& Tower with Radar,0,46,15,0,61,0,0,4,0,4,0,46,19,0,65,0,0,0,65
02/11/2010,AVL,NC,ASO,ES,Combined TRACON& Tower with Radar,2,45,35,0,82,0,0,33,1,34,2,45,68,1,116,48,0,48,164
02/12/2010,AVL,NC,ASO,ES,Combined TRACON& Tower with Radar,2,34,36,0,72,0,0,34,4,38,2,34,70,4,110,50,0,50,160
02/13/2010,AVL,NC,ASO,ES,Combined TRACON& Tower with Radar,2,26,12,0,40,0,0,10,0,10,2,26,22,0,50,6,0,6,56
02/14/2010,AVL,NC,ASO,ES,Combined TRACON& Tower with Radar,2,40,20,0,62,0,0,26,0,26,2,40,46,0,88,38,0,38,126
02/15/2010,AVL,NC,ASO,ES,Combined TRACON& Tower with Radar,0,46,15,0,61,0,0,16,0,16,0,46,31,0,77,34,0,34,111
02/16/2010,AVL,NC,ASO,ES,Combined TRACON& Tower with Radar,2,45,30,15,92,0,1,24,1,26,2,46,54,16,118,30,0,30,148
02/17/2010,AVL,NC,ASO,ES,Combined TRACON& Tower with Radar,0,54,42,4,100,0,0,20,3,23,0,54,62,7,123,47,0,47,170
02/18/2010,AVL,NC,ASO,ES,Combined TRACON& Tower with Radar,0,53,33,10,96,0,0,24,0,24,0,53,57,10,120,14,2,16,136
02/19/2010,AVL,NC,ASO,ES,Combined TRACON& Tower with Radar,0,54,32,2,88,0,2,62,5,69,0,56,94,7,157,94,10,104,261
02/20/2010,AVL,NC,ASO,ES,Combined TRACON& Tower with Radar,2,41,34,2,79,0,0,111,2,113,2,41,145,4,192,146,0,146,338
02/21/2010,AVL,NC,ASO,ES,Combined TRACON& Tower with Radar,0,45,30,3,78,0,0,72,9,81,0,45,102,12,159,65,0,65,224
02/22/2010,AVL,NC,ASO,ES,Combined TRACON& Tower with Radar,0,40,20,12,72,0,0,13,2,15,0,40,33,14,87,28,2,30,117
02/23/2010,AVL,NC,ASO,ES,Combined TRACON& Tower with Radar,2,48,21,6,77,0,0,27,0,27,2,48,48,6,104,62,12,74,178
02/24/2010,AVL,NC,ASO,ES,Combined TRACON& Tower with Radar,0,42,20,9,71,0,0,2,0,2,0,42,22,9,73,20,16,36,109
02/25/2010,AVL,NC,ASO,ES,Combined TRACON& Tower with Radar,4,47,26,5,82,0,0,5,1,6,4,47,31,6,88,0,10,10,98
02/26/2010,AVL,NC,ASO,ES,Combined TRACON& Tower with Radar,0,46,12,7,65,0,0,12,0,12,0,46,24,7,77,56,0,56,133
02/27/2010,AVL,NC,ASO,ES,Combined TRACON& Tower with Radar,2,35,14,1,52,0,0,27,2,29,2,35,41,3,81,24,0,24,105
02/28/2010,AVL,NC,ASO,ES,Combined TRACON& Tower with Radar,0,46,21,6,73,0,0,14,0,14,0,46,35,6,87,13,0,13,100
03/01/2010,AVL,NC,ASO,ES,Combined TRACON& Tower with Radar,0,50,43,0,93,0,1,35,4,40,0,51,78,4,133,55,0,55,188
03/02/2010,AVL,NC,ASO,ES,Combined TRACON& Tower with Radar,2,33,5,0,40,0,0,0,0,0,2,33,5,0,40,0,0,0,40
03/03/2010,AVL,NC,ASO,ES,Combined TRACON& Tower with Radar,0,54,18,0,72,0,0,4,0,4,0,54,22,0,76,0,0,0,76
03/04/2010,AVL,NC,ASO,ES,Combined TRACON& Tower with Radar,2,54,30,1,87,0,0,12,0,12,2,54,42,1,99,10,8,18,117
03/05/2010,AVL,NC,ASO,ES,Combined TRACON& Tower with Radar,0,49,41,14,104,0,0,49,2,51,0,49,90,16,155,19,18,37,192
03/06/2010,AVL,NC,ASO,ES,Combined TRACON& Tower with Radar,2,37,23,0,62,0,0,73,0,73,2,37,96,0,135,64,0,64,199
03/07/2010,AVL,NC,ASO,ES,Combined TRACON& Tower with Radar,0,44,36,0,80,0,0,65,2,67,0,44,101,2,147,109,0,109,256
03/08/2010,AVL,NC,ASO,ES,Combined TRACON& Tower with Radar,1,45,33,6,85,0,0,61,0,61,1,45,94,6,146,26,0,26,172
03/09/2010,AVL,NC,ASO,ES,Combined TRACON& Tower with Radar,3,50,43,5,101,0,0,43,7,50,3,50,86,12,151,184,4,188,339
03/10/2010,AVL,NC,ASO,ES,Combined TRACON& Tower with Radar,0,53,37,0,90,0,0,12,0,12,0,53,49,0,102,12,0,12,114
03/11/2010,AVL,NC,ASO,ES,Combined TRACON& Tower with Radar,2,47,17,8,74,0,0,0,0,0,2,47,17,8,74,0,0,0,74
03/12/2010,AVL,NC,ASO,ES,Combined TRACON& Tower with Radar,0,41,26,2,69,0,0,0,0,0,0,41,26,2,69,0,0,0,69
03/13/2010,AVL,NC,ASO,ES,Combined TRACON& Tower with Radar,2,37,29,0,68,0,0,14,0,14,2,37,43,0,82,4,0,4,86
03/14/2010,AVL,NC,ASO,ES,Combined TRACON& Tower with Radar,0,43,28,2,73,0,0,6,2,8,0,43,34,4,81,43,0,43,124
03/15/2010,AVL,NC,ASO,ES,Combined TRACON& Tower with Radar,0,48,33,1,82,0,0,10,1,11,0,48,43,2,93,0,0,0,93
03/16/2010,AVL,NC,ASO,ES,Combined TRACON& Tower with Radar,2,55,46,6,109,0,0,14,5,19,2,55,60,11,128,14,12,26,154
03/17/2010,AVL,NC,ASO,ES,Combined TRACON& Tower with Radar,0,49,39,3,91,0,0,20,2,22,0,49,59,5,113,20,2,22,135
03/18/2010,AVL,NC,ASO,ES,Combined TRACON& Tower with Radar,2,56,45,1,104,0,0,56,3,59,2,56,101,4,163,74,0,74,237
03/19/2010,AVL,NC,ASO,ES,Combined TRACON& Tower with Radar,0,48,32,17,97,0,0,69,4,73,0,48,101,21,170,188,15,203,373
03/20/2010,AVL,NC,ASO,ES,Combined TRACON& Tower with Radar,2,37,20,5,64,0,0,89,3,92,2,37,109,8,156,113,0,113,269
03/21/2010,AVL,NC,ASO,ES,Combined TRACON& Tower with Radar,0,37,44,2,83,0,1,13,0,14,0,38,57,2,97,14,0,14,111
03/22/2010,AVL,NC,ASO,ES,Combined TRACON& Tower with Radar,2,49,27,0,78,0,0,8,1,9,2,49,35,1,87,25,0,25,112
03/23/2010,AVL,NC,ASO,ES,Combined TRACON& Tower with Radar,1,58,37,16,112,0,1,31,0,32,1,59,68,16,144,38,0,38,182
03/24/2010,AVL,NC,ASO,ES,Combined TRACON& Tower with Radar,2,52,37,12,103,0,0,81,2,83,2,52,118,14,186,78,0,78,264
03/25/2010,AVL,NC,ASO,ES,Combined TRACON& Tower with Radar,2,56,62,4,124,0,0,32,4,36,2,56,94,8,160,38,2,40,200
03/26/2010,AVL,NC,ASO,ES,Combined TRACON& Tower with Radar,0,54,30,17,101,0,0,20,2,22,0,54,50,19,123,7,0,7,130
03/27/2010,AVL,NC,ASO,ES,Combined TRACON& Tower with Radar,2,45,36,21,104,0,0,71,4,75,2,45,107,25,179,96,26,122,301
03/28/2010,AVL,NC,ASO,ES,Combined TRACON& Tower with Radar,43,18,0,0,61,0,0,0,0,0,43,18,0,0,61,0,0,0,61
03/29/2010,AVL,NC,ASO,ES,Combined TRACON& Tower with Radar,0,50,47,2,99,0,1,16,0,17,0,51,63,2,116,20,0,20,136
03/30/2010,AVL,NC,ASO,ES,Combined TRACON& Tower with Radar,2,49,40,9,100,0,0,37,3,40,2,49,77,12,140,40,2,42,182
03/31/2010,AVL,NC,ASO,ES,Combined TRACON& Tower with Radar,0,51,36,5,92,0,0,72,0,72,0,51,108,5,164,27,6,33,197
04/01/2010,AVL,NC,ASO,ES,Combined TRACON& Tower with Radar,2,59,47,10,118,0,0,81,0,81,2,59,128,10,199,46,0,46,245
04/02/2010,AVL,NC,ASO,ES,Combined TRACON& Tower with Radar,0,49,36,12,97,0,0,92,10,102,0,49,128,22,199,46,12,58,257
04/03/2010,AVL,NC,ASO,ES,Combined TRACON& Tower with Radar,2,45,31,0,78,0,1,55,0,56,2,46,86,0,134,26,0,26,160
04/04/2010,AVL,NC,ASO,ES,Combined TRACON& Tower with Radar,0,40,30,0,70,0,1,64,1,66,0,41,94,1,136,28,0,28,164
04/05/2010,AVL,NC,ASO,ES,Combined TRACON& Tower with Radar,0,50,32,2,84,0,2,65,1,68,0,52,97,3,152,22,0,22,174
04/06/2010,AVL,NC,ASO,ES,Combined TRACON& Tower with Radar,1,60,24,11,96,0,1,45,4,50,1,61,69,15,146,32,4,36,182
04/07/2010,AVL,NC,ASO,ES,Combined TRACON& Tower with Radar,0,56,25,12,93,0,0,43,2,45,0,56,68,14,138,36,0,36,174
04/08/2010,AVL,NC,ASO,ES,Combined TRACON& Tower with Radar,2,65,21,2,90,0,0,4,0,4,2,65,25,2,94,0,0,0,94
04/09/2010,AVL,NC,ASO,ES,Combined TRACON& Tower with Radar,1,57,49,13,120,0,0,25,9,34,1,57,74,22,154,2,4,6,160
04/10/2010,AVL,NC,ASO,ES,Combined TRACON& Tower with Radar,3,41,22,8,74,0,0,59,1,60,3,41,81,9,134,90,8,98,232
04/11/2010,AVL,NC,ASO,ES,Combined TRACON& Tower with Radar,0,53,25,0,78,0,0,55,11,66,0,53,80,11,144,82,0,82,226
04/12/2010,AVL,NC,ASO,ES,Combined TRACON& Tower with Radar,2,55,21,8,86,0,0,78,4,82,2,55,99,12,168,122,2,124,292
04/13/2010,AVL,NC,ASO,ES,Combined TRACON& Tower with Radar,2,59,27,3,91,0,0,59,8,67,2,59,86,11,158,74,42,116,274
04/14/2010,AVL,NC,ASO,ES,Combined TRACON& Tower with Radar,0,56,39,10,105,0,1,50,1,52,0,57,89,11,157,100,0,100,257
04/15/2010,AVL,NC,ASO,ES,Combined TRACON& Tower with Radar,0,60,50,0,110,0,0,48,0,48,0,60,98,0,158,43,0,43,201
04/16/2010,AVL,NC,ASO,ES,Combined TRACON& Tower with Radar,0,58,36,29,123,0,0,44,0,44,0,58,80,29,167,185,0,185,352
04/17/2010,AVL,NC,ASO,ES,Combined TRACON& Tower with Radar,2,48,23,4,77,0,0,38,2,40,2,48,61,6,117,44,0,44,161
04/18/2010,AVL,NC,ASO,ES,Combined TRACON& Tower with Radar,2,55,26,12,95,0,0,49,4,53,2,55,75,16,148,6,6,12,160
04/19/2010,AVL,NC,ASO,ES,Combined TRACON& Tower with Radar,0,56,24,2,82,0,1,69,1,71,0,57,93,3,153,10,0,10,163
04/20/2010,AVL,NC,ASO,ES,Combined TRACON& Tower with Radar,1,55,51,2,109,0,0,25,2,27,1,55,76,4,136,28,0,28,164
04/21/2010,AVL,NC,ASO,ES,Combined TRACON& Tower with Radar,0,62,42,0,104,0,0,26,0,26,0,62,68,0,130,20,0,20,150
04/22/2010,AVL,NC,ASO,ES,Combined TRACON& Tower with Radar,2,60,68,12,142,0,0,48,9,57,2,60,116,21,199,20,0,20,219
04/23/2010,AVL,NC,ASO,ES,Combined TRACON& Tower with Radar,1,65,36,3,105,0,2,17,3,22,1,67,53,6,127,4,0,4,131
04/24/2010,AVL,NC,ASO,ES,Combined TRACON& Tower with Radar,4,47,8,0,59,0,0,0,0,0,4,47,8,0,59,0,0,0,59
04/25/2010,AVL,NC,ASO,ES,Combined TRACON& Tower with Radar,0,57,26,10,93,0,1,5,5,11,0,58,31,15,104,0,0,0,104
04/26/2010,AVL,NC,ASO,ES,Combined TRACON& Tower with Radar,0,53,36,6,95,0,0,22,1,23,0,53,58,7,118,14,2,16,134
04/27/2010,AVL,NC,ASO,ES,Combined TRACON& Tower with Radar,2,63,50,4,119,0,0,14,1,15,2,63,64,5,134,6,0,6,140
04/28/2010,AVL,NC,ASO,ES,Combined TRACON& Tower with Radar,0,57,49,3,109,0,0,54,0,54,0,57,103,3,163,74,14,88,251
04/29/2010,AVL,NC,ASO,ES,Combined TRACON& Tower with Radar,2,60,55,4,121,0,0,49,0,49,2,60,104,4,170,42,0,42,212
04/30/2010,AVL,NC,ASO,ES,Combined TRACON& Tower with Radar,0,66,51,6,123,0,0,58,5,63,0,66,109,11,186,20,0,20,206
05/01/2010,AVL,NC,ASO,ES,Combined TRACON& Tower with Radar,2,50,42,2,96,0,0,14,0,14,2,50,56,2,110,26,0,26,136
05/02/2010,AVL,NC,ASO,ES,Combined TRACON& Tower with Radar,51,37,1,1,90,0,0,11,1,12,51,37,12,2,102,0,0,0,102
05/03/2010,AVL,NC,ASO,ES,Combined TRACON& Tower with Radar,0,58,28,0,86,0,0,0,0,0,0,58,28,0,86,0,0,0,86
05/04/2010,AVL,NC,ASO,ES,Combined TRACON& Tower with Radar,0,57,27,7,91,0,0,37,0,37,0,57,64,7,128,74,42,116,244
05/05/2010,AVL,NC,ASO,ES,Combined TRACON& Tower with Radar,5,60,51,1,117,0,0,86,3,89,5,60,137,4,206,76,0,76,282
05/06/2010,AVL,NC,ASO,ES,Combined TRACON& Tower with Radar,0,56,64,11,131,0,0,55,1,56,0,56,119,12,187,95,58,153,340
05/07/2010,AVL,NC,ASO,ES,Combined TRACON& Tower with Radar,4,63,56,14,137,0,0,46,0,46,4,63,102,14,183,44,0,44,227
05/08/2010,AVL,NC,ASO,ES,Combined TRACON& Tower with Radar,0,46,28,2,76,0,0,17,0,17,0,46,45,2,93,2,0,2,95
05/09/2010,AVL,NC,ASO,ES,Combined TRACON& Tower with Radar,5,52,34,9,100,0,0,43,1,44,5,52,77,10,144,35,22,57,201
05/10/2010,AVL,NC,ASO,ES,Combined TRACON& Tower with Radar,4,52,52,32,140,0,0,39,0,39,4,52,91,32,179,90,8,98,277
05/11/2010,AVL,NC,ASO,ES,Combined TRACON& Tower with Radar,0,53,57,4,114,0,0,2,0,2,0,53,59,4,116,34,0,34,150
05/12/2010,AVL,NC,ASO,ES,Combined TRACON& Tower with Radar,6,69,58,1,134,0,0,18,4,22,6,69,76,5,156,96,1,97,253
05/13/2010,AVL,NC,ASO,ES,Combined TRACON& Tower with Radar,2,54,74,8,138,0,0,34,2,36,2,54,108,10,174,115,14,129,303
05/14/2010,AVL,NC,ASO,ES,Combined TRACON& Tower with Radar,6,71,68,6,151,0,0,34,0,34,6,71,102,6,185,81,0,81,266
05/15/2010,AVL,NC,ASO,ES,Combined TRACON& Tower with Radar,5,50,34,4,93,0,0,27,0,27,5,50,61,4,120,30,0,30,150
05/16/2010,AVL,NC,ASO,ES,Combined TRACON& Tower with Radar,4,56,41,6,107,0,0,14,0,14,4,56,55,6,121,24,0,24,145
05/17/2010,AVL,NC,ASO,ES,Combined TRACON& Tower with Radar,8,55,41,0,104,0,1,5,0,6,8,56,46,0,110,12,0,12,122
05/18/2010,AVL,NC,ASO,ES,Combined TRACON& Tower with Radar,2,61,49,0,112,0,0,26,2,28,2,61,75,2,140,60,0,60,200
05/19/2010,AVL,NC,ASO,ES,Combined TRACON& Tower with Radar,4,60,60,4,128,0,0,60,4,64,4,60,120,8,192,151,0,151,343
05/20/2010,AVL,NC,ASO,ES,Combined TRACON& Tower with Radar,2,56,74,0,132,0,0,57,2,59,2,56,131,2,191,26,0,26,217
05/21/2010,AVL,NC,ASO,ES,Combined TRACON& Tower with Radar,5,59,52,0,116,0,0,2,0,2,5,59,54,0,118,18,0,18,136
05/22/2010,AVL,NC,ASO,ES,Combined TRACON& Tower with Radar,0,50,34,0,84,0,0,20,2,22,0,50,54,2,106,24,0,24,130
05/23/2010,AVL,NC,ASO,ES,Combined TRACON& Tower with Radar,3,56,44,2,105,0,1,53,3,57,3,57,97,5,162,30,0,30,192
05/24/2010,AVL,NC,ASO,ES,Combined TRACON& Tower with Radar,4,61,50,0,115,0,0,16,0,16,4,61,66,0,131,42,0,42,173
05/25/2010,AVL,NC,ASO,ES,Combined TRACON& Tower with Radar,1,57,56,1,115,0,0,18,0,18,1,57,74,1,133,46,0,46,179
05/26/2010,AVL,NC,ASO,ES,Combined TRACON& Tower with Radar,6,62,42,16,126,0,0,29,0,29,6,62,71,16,155,31,16,47,202
05/27/2010,AVL,NC,ASO,ES,Combined TRACON& Tower with Radar,2,57,60,2,121,0,0,51,4,55,2,57,111,6,176,125,0,125,301
05/28/2010,AVL,NC,ASO,ES,Combined TRACON& Tower with Radar,5,66,82,2,155,0,0,36,2,38,5,66,118,4,193,64,11,75,268
05/29/2010,AVL,NC,ASO,ES,Combined TRACON& Tower with Radar,1,47,40,20,108,0,4,37,15,56,1,51,77,35,164,24,6,30,194
05/30/2010,AVL,NC,ASO,ES,Combined TRACON& Tower with Radar,7,50,38,0,95,0,0,26,0,26,7,50,64,0,121,47,0,47,168
05/31/2010,AVL,NC,ASO,ES,Combined TRACON& Tower with Radar,6,62,58,0,126,0,0,5,0,5,6,62,63,0,131,0,0,0,131
06/01/2010,AVL,NC,ASO,ES,Combined TRACON& Tower with Radar,2,64,54,1,121,0,0,12,0,12,2,64,66,1,133,11,0,11,144
06/02/2010,AVL,NC,ASO,ES,Combined TRACON& Tower with Radar,6,55,40,0,101,0,0,31,0,31,6,55,71,0,132,18,0,18,150
06/03/2010,AVL,NC,ASO,ES,Combined TRACON& Tower with Radar,0,61,69,10,140,0,0,45,3,48,0,61,114,13,188,74,10,84,272
06/04/2010,AVL,NC,ASO,ES,Combined TRACON& Tower with Radar,4,66,62,9,141,0,0,40,2,42,4,66,102,11,183,34,6,40,223
06/05/2010,AVL,NC,ASO,ES,Combined TRACON& Tower with Radar,0,53,45,1,99,0,0,42,3,45,0,53,87,4,144,20,0,20,164
06/06/2010,AVL,NC,ASO,ES,Combined TRACON& Tower with Radar,5,63,63,14,145,0,0,24,1,25,5,63,87,15,170,40,0,40,210
06/07/2010,AVL,NC,ASO,ES,Combined TRACON& Tower with Radar,5,60,35,11,111,0,2,62,3,67,5,62,97,14,178,51,8,59,237
06/08/2010,AVL,NC,ASO,ES,Combined TRACON& Tower with Radar,3,63,47,1,114,0,0,63,1,64,3,63,110,2,178,57,0,57,235
06/09/2010,AVL,NC,ASO,ES,Combined TRACON& Tower with Radar,6,66,35,0,107,0,0,30,1,31,6,66,65,1,138,28,2,30,168
06/10/2010,AVL,NC,ASO,ES,Combined TRACON& Tower with Radar,3,63,44,13,123,0,0,34,2,36,3,63,78,15,159,21,12,33,192
06/11/2010,AVL,NC,ASO,ES,Combined TRACON& Tower with Radar,5,70,81,19,175,0,0,47,4,51,5,70,128,23,226,36,8,44,270
06/12/2010,AVL,NC,ASO,ES,Combined TRACON& Tower with Radar,0,57,44,0,101,0,0,30,2,32,0,57,74,2,133,40,0,40,173
06/13/2010,AVL,NC,ASO,ES,Combined TRACON& Tower with Radar,5,76,73,14,168,0,0,42,4,46,5,76,115,18,214,12,0,12,226
06/14/2010,AVL,NC,ASO,ES,Combined TRACON& Tower with Radar,8,63,63,1,135,0,0,49,0,49,8,63,112,1,184,36,0,36,220
06/15/2010,AVL,NC,ASO,ES,Combined TRACON& Tower with Radar,1,63,26,0,90,0,0,33,2,35,1,63,59,2,125,36,0,36,161
06/16/2010,AVL,NC,ASO,ES,Combined TRACON& Tower with Radar,7,62,50,11,130,0,0,37,0,37,7,62,87,11,167,70,0,70,237
06/17/2010,AVL,NC,ASO,ES,Combined TRACON& Tower with Radar,3,57,62,9,131,0,1,55,3,59,3,58,117,12,190,8,8,16,206
06/18/2010,AVL,NC,ASO,ES,Combined TRACON& Tower with Radar,6,65,67,11,149,0,1,65,4,70,6,66,132,15,219,58,4,62,281
06/19/2010,AVL,NC,ASO,ES,Combined TRACON& Tower with Radar,0,50,46,26,122,0,0,47,0,47,0,50,93,26,169,63,0,63,232
06/20/2010,AVL,NC,ASO,ES,Combined TRACON& Tower with Radar,5,59,59,6,129,0,0,51,2,53,5,59,110,8,182,19,0,19,201
06/21/2010,AVL,NC,ASO,ES,Combined TRACON& Tower with Radar,6,57,56,1,120,0,0,62,0,62,6,57,118,1,182,10,0,10,192
06/22/2010,AVL,NC,ASO,ES,Combined TRACON& Tower with Radar,2,62,54,6,124,0,1,49,3,53,2,63,103,9,177,29,4,33,210
06/23/2010,AVL,NC,ASO,ES,Combined TRACON& Tower with Radar,6,55,76,7,144,0,0,66,4,70,6,55,142,11,214,42,8,50,264
06/24/2010,AVL,NC,ASO,ES,Combined TRACON& Tower with Radar,2,68,78,4,152,0,0,41,0,41,2,68,119,4,193,11,2,13,206
06/25/2010,AVL,NC,ASO,ES,Combined TRACON& Tower with Radar,6,74,117,6,203,0,0,38,3,41,6,74,155,9,244,4,0,4,248
06/26/2010,AVL,NC,ASO,ES,Combined TRACON& Tower with Radar,0,55,63,0,118,0,0,40,0,40,0,55,103,0,158,30,0,30,188
06/27/2010,AVL,NC,ASO,ES,Combined TRACON& Tower with Radar,4,69,60,7,140,0,0,36,2,38,4,69,96,9,178,31,0,31,209
06/28/2010,AVL,NC,ASO,ES,Combined TRACON& Tower with Radar,6,58,73,3,140,0,0,59,1,60,6,58,132,4,200,24,0,24,224
06/29/2010,AVL,NC,ASO,ES,Combined TRACON& Tower with Radar,2,62,62,2,128,0,0,38,4,42,2,62,100,6,170,20,2,22,192
06/30/2010,AVL,NC,ASO,ES,Combined TRACON& Tower with Radar,4,72,60,9,145,0,0,53,2,55,4,72,113,11,200,30,0,30,230
07/01/2010,AVL,NC,ASO,ES,Combined TRACON& Tower with Radar,2,68,72,2,144,0,0,50,2,52,2,68,122,4,196,58,8,66,262
07/02/2010,AVL,NC,ASO,ES,Combined TRACON& Tower with Radar,5,69,100,5,179,0,4,45,0,49,5,73,145,5,228,88,0,88,316
07/03/2010,AVL,NC,ASO,ES,Combined TRACON& Tower with Radar,0,53,32,0,85,0,0,73,0,73,0,53,105,0,158,36,0,36,194
07/04/2010,AVL,NC,ASO,ES,Combined TRACON& Tower with Radar,5,54,26,0,85,0,0,23,0,23,5,54,49,0,108,40,0,40,148
07/05/2010,AVL,NC,ASO,ES,Combined TRACON& Tower with Radar,3,61,54,0,118,0,0,55,0,55,3,61,109,0,173,48,0,48,221
07/06/2010,AVL,NC,ASO,ES,Combined TRACON& Tower with Radar,1,62,43,14,120,0,1,68,6,75,1,63,111,20,195,62,4,66,261
07/07/2010,AVL,NC,ASO,ES,Combined TRACON& Tower with Radar,6,71,36,27,140,0,0,55,3,58,6,71,91,30,198,88,26,114,312
07/08/2010,AVL,NC,ASO,ES,Combined TRACON& Tower with Radar,2,75,74,2,153,0,1,58,10,69,2,76,132,12,222,28,0,28,250
07/09/2010,AVL,NC,ASO,ES,Combined TRACON& Tower with Radar,6,62,86,22,176,0,0,27,6,33,6,62,113,28,209,32,0,32,241
07/10/2010,AVL,NC,ASO,ES,Combined TRACON& Tower with Radar,0,48,61,2,111,0,0,39,0,39,0,48,100,2,150,20,0,20,170
07/11/2010,AVL,NC,ASO,ES,Combined TRACON& Tower with Radar,5,70,95,16,186,0,0,46,5,51,5,70,141,21,237,20,0,20,257
07/12/2010,AVL,NC,ASO,ES,Combined TRACON& Tower with Radar,7,59,40,6,112,0,0,3,0,3,7,59,43,6,115,6,18,24,139
07/13/2010,AVL,NC,ASO,ES,Combined TRACON& Tower with Radar,3,64,49,0,116,0,2,15,1,18,3,66,64,1,134,75,0,75,209
07/14/2010,AVL,NC,ASO,ES,Combined TRACON& Tower with Radar,5,64,59,10,138,0,0,51,3,54,5,64,110,13,192,48,0,48,240
07/15/2010,AVL,NC,ASO,ES,Combined TRACON& Tower with Radar,2,63,48,5,118,0,2,53,3,58,2,65,101,8,176,59,2,61,237
07/16/2010,AVL,NC,ASO,ES,Combined TRACON& Tower with Radar,5,74,86,4,169,0,0,37,2,39,5,74,123,6,208,34,10,44,252
07/17/2010,AVL,NC,ASO,ES,Combined TRACON& Tower with Radar,0,55,48,5,108,0,0,10,2,12,0,55,58,7,120,6,0,6,126
07/18/2010,AVL,NC,ASO,ES,Combined TRACON& Tower with Radar,5,71,70,2,148,0,1,34,3,38,5,72,104,5,186,20,12,32,218
07/19/2010,AVL,NC,ASO,ES,Combined TRACON& Tower with Radar,5,67,47,0,119,0,0,19,0,19,5,67,66,0,138,12,2,14,152
07/20/2010,AVL,NC,ASO,ES,Combined TRACON& Tower with Radar,2,69,48,1,120,0,0,49,2,51,2,69,97,3,171,7,0,7,178
07/21/2010,AVL,NC,ASO,ES,Combined TRACON& Tower with Radar,7,69,48,2,126,0,1,26,4,31,7,70,74,6,157,54,21,75,232
07/22/2010,AVL,NC,ASO,ES,Combined TRACON& Tower with Radar,1,72,67,7,147,0,0,50,0,50,1,72,117,7,197,32,0,32,229
07/23/2010,AVL,NC,ASO,ES,Combined TRACON& Tower with Radar,5,69,84,7,165,0,0,60,0,60,5,69,144,7,225,44,0,44,269
07/24/2010,AVL,NC,ASO,ES,Combined TRACON& Tower with Radar,0,48,39,17,104,0,0,52,0,52,0,48,91,17,156,39,54,93,249
07/25/2010,AVL,NC,ASO,ES,Combined TRACON& Tower with Radar,4,72,99,15,190,0,1,34,4,39,4,73,133,19,229,38,0,38,267
07/26/2010,AVL,NC,ASO,ES,Combined TRACON& Tower with Radar,7,57,39,5,108,0,1,38,9,48,7,58,77,14,156,36,6,42,198
07/27/2010,AVL,NC,ASO,ES,Combined TRACON& Tower with Radar,3,57,44,4,108,0,0,31,3,34,3,57,75,7,142,67,16,83,225
07/28/2010,AVL,NC,ASO,ES,Combined TRACON& Tower with Radar,6,76,58,6,146,0,1,30,2,33,6,77,88,8,179,16,0,16,195
07/29/2010,AVL,NC,ASO,ES,Combined TRACON& Tower with Radar,2,66,63,10,141,0,0,36,14,50,2,66,99,24,191,11,14,25,216
07/30/2010,AVL,NC,ASO,ES,Combined TRACON& Tower with Radar,6,51,78,18,153,0,0,51,2,53,6,51,129,20,206,48,8,56,262
07/31/2010,AVL,NC,ASO,ES,Combined TRACON& Tower with Radar,0,61,76,2,139,0,2,5,2,9,0,63,81,4,148,56,0,56,204
08/01/2010,AVL,NC,ASO,ES,Combined TRACON& Tower with Radar,5,64,75,4,148,0,0,6,0,6,5,64,81,4,154,8,0,8,162
08/02/2010,AVL,NC,ASO,ES,Combined TRACON& Tower with Radar,5,65,86,14,170,0,0,4,2,6,5,65,90,16,176,10,6,16,192
08/03/2010,AVL,NC,ASO,ES,Combined TRACON& Tower with Radar,2,58,75,2,137,0,0,28,6,34,2,58,103,8,171,16,0,16,187
08/04/2010,AVL,NC,ASO,ES,Combined TRACON& Tower with Radar,5,55,51,2,113,0,0,35,5,40,5,55,86,7,153,30,0,30,183
08/05/2010,AVL,NC,ASO,ES,Combined TRACON& Tower with Radar,2,44,50,5,101,0,0,34,3,37,2,44,84,8,138,15,12,27,165
08/06/2010,AVL,NC,ASO,ES,Combined TRACON& Tower with Radar,6,60,60,16,142,0,0,28,0,28,6,60,88,16,170,18,2,20,190
08/07/2010,AVL,NC,ASO,ES,Combined TRACON& Tower with Radar,0,56,60,5,121,0,0,41,0,41,0,56,101,5,162,18,0,18,180
08/08/2010,AVL,NC,ASO,ES,Combined TRACON& Tower with Radar,4,59,74,19,156,0,0,45,0,45,4,59,119,19,201,31,0,31,232
08/09/2010,AVL,NC,ASO,ES,Combined TRACON& Tower with Radar,8,56,46,6,116,0,0,32,2,34,8,56,78,8,150,16,6,22,172
08/10/2010,AVL,NC,ASO,ES,Combined TRACON& Tower with Radar,3,58,43,34,138,0,0,45,4,49,3,58,88,38,187,47,16,63,250
08/11/2010,AVL,NC,ASO,ES,Combined TRACON& Tower with Radar,7,58,75,11,151,0,0,31,2,33,7,58,106,13,184,34,0,34,218
08/12/2010,AVL,NC,ASO,ES,Combined TRACON& Tower with Radar,2,61,60,3,126,0,0,43,0,43,2,61,103,3,169,36,28,64,233
08/13/2010,AVL,NC,ASO,ES,Combined TRACON& Tower with Radar,7,52,76,0,135,0,0,34,3,37,7,52,110,3,172,42,1,43,215
08/14/2010,AVL,NC,ASO,ES,Combined TRACON& Tower with Radar,0,60,56,1,117,0,0,8,1,9,0,60,64,2,126,28,0,28,154
08/15/2010,AVL,NC,ASO,ES,Combined TRACON& Tower with Radar,4,68,69,30,171,0,0,11,1,12,4,68,80,31,183,34,0,34,217
08/16/2010,AVL,NC,ASO,ES,Combined TRACON& Tower with Radar,7,50,54,12,123,0,0,15,4,19,7,50,69,16,142,2,18,20,162
08/17/2010,AVL,NC,ASO,ES,Combined TRACON& Tower with Radar,2,56,39,2,99,0,0,5,1,6,2,56,44,3,105,0,0,0,105
08/18/2010,AVL,NC,ASO,ES,Combined TRACON& Tower with Radar,7,58,63,6,134,0,0,12,0,12,7,58,75,6,146,46,0,46,192
08/19/2010,AVL,NC,ASO,ES,Combined TRACON& Tower with Radar,4,61,69,7,141,0,0,12,1,13,4,61,81,8,154,14,0,14,168
08/20/2010,AVL,NC,ASO,ES,Combined TRACON& Tower with Radar,7,60,57,31,155,0,0,35,4,39,7,60,92,35,194,24,19,43,237
08/21/2010,AVL,NC,ASO,ES,Combined TRACON& Tower with Radar,1,47,35,7,90,0,0,1,0,1,1,47,36,7,91,0,0,0,91
08/22/2010,AVL,NC,ASO,ES,Combined TRACON& Tower with Radar,12,67,47,10,136,0,2,35,1,38,12,69,82,11,174,32,0,32,206
08/23/2010,AVL,NC,ASO,ES,Combined TRACON& Tower with Radar,7,67,49,22,145,0,2,50,15,67,7,69,99,37,212,46,2,48,260
08/24/2010,AVL,NC,ASO,ES,Combined TRACON& Tower with Radar,5,61,58,16,140,0,0,46,3,49,5,61,104,19,189,69,0,69,258
08/25/2010,AVL,NC,ASO,ES,Combined TRACON& Tower with Radar,8,58,67,17,150,0,0,33,13,46,8,58,100,30,196,92,4,96,292
08/26/2010,AVL,NC,ASO,ES,Combined TRACON& Tower with Radar,3,64,72,2,141,0,0,52,6,58,3,64,124,8,199,90,12,102,301
08/27/2010,AVL,NC,ASO,ES,Combined TRACON& Tower with Radar,7,71,95,25,198,0,1,70,10,81,7,72,165,35,279,90,0,90,369
08/28/2010,AVL,NC,ASO,ES,Combined TRACON& Tower with Radar,2,52,40,15,109,0,0,42,12,54,2,52,82,27,163,43,14,57,220
08/29/2010,AVL,NC,ASO,ES,Combined TRACON& Tower with Radar,5,62,50,0,117,0,2,54,1,57,5,64,104,1,174,35,0,35,209
08/30/2010,AVL,NC,ASO,ES,Combined TRACON& Tower with Radar,8,58,38,26,130,0,0,58,0,58,8,58,96,26,188,28,8,36,224
08/31/2010,AVL,NC,ASO,ES,Combined TRACON& Tower with Radar,6,62,56,18,142,0,0,53,2,55,6,62,109,20,197,80,8,88,285
09/01/2010,AVL,NC,ASO,ES,Combined TRACON& Tower with Radar,7,52,38,8,105,0,0,46,1,47,7,52,84,9,152,84,24,108,260
09/02/2010,AVL,NC,ASO,ES,Combined TRACON& Tower with Radar,2,69,63,2,136,0,0,58,0,58,2,69,121,2,194,56,8,64,258
09/03/2010,AVL,NC,ASO,ES,Combined TRACON& Tower with Radar,10,55,62,3,130,0,1,57,9,67,10,56,119,12,197,22,0,22,219
09/04/2010,AVL,NC,ASO,ES,Combined TRACON& Tower with Radar,2,42,30,0,74,0,2,64,1,67,2,44,94,1,141,0,0,0,141
09/05/2010,AVL,NC,ASO,ES,Combined TRACON& Tower with Radar,7,50,31,7,95,0,0,74,0,74,7,50,105,7,169,20,0,20,189
09/06/2010,AVL,NC,ASO,ES,Combined TRACON& Tower with Radar,8,55,65,0,128,0,0,66,1,67,8,55,131,1,195,23,0,23,218
09/07/2010,AVL,NC,ASO,ES,Combined TRACON& Tower with Radar,0,60,55,2,117,0,0,49,7,56,0,60,104,9,173,67,0,67,240
09/08/2010,AVL,NC,ASO,ES,Combined TRACON& Tower with Radar,3,54,44,0,101,0,0,12,0,12,3,54,56,0,113,22,14,36,149
09/09/2010,AVL,NC,ASO,ES,Combined TRACON& Tower with Radar,7,47,47,18,119,0,0,41,7,48,7,47,88,25,167,64,0,64,231
09/10/2010,AVL,NC,ASO,ES,Combined TRACON& Tower with Radar,1,64,62,25,152,0,0,37,6,43,1,64,99,31,195,14,6,20,215
09/11/2010,AVL,NC,ASO,ES,Combined TRACON& Tower with Radar,5,45,25,0,75,0,0,4,0,4,5,45,29,0,79,0,0,0,79
09/12/2010,AVL,NC,ASO,ES,Combined TRACON& Tower with Radar,4,50,42,8,104,0,0,24,3,27,4,50,66,11,131,6,0,6,137
09/13/2010,AVL,NC,ASO,ES,Combined TRACON& Tower with Radar,1,54,37,18,110,0,0,56,11,67,1,54,93,29,177,36,6,42,219
09/14/2010,AVL,NC,ASO,ES,Combined TRACON& Tower with Radar,4,51,47,6,108,0,0,61,5,66,4,51,108,11,174,81,0,81,255
09/15/2010,AVL,NC,ASO,ES,Combined TRACON& Tower with Radar,1,51,36,7,95,0,2,62,4,68,1,53,98,11,163,44,16,60,223
09/16/2010,AVL,NC,ASO,ES,Combined TRACON& Tower with Radar,5,63,44,5,117,0,0,39,4,43,5,63,83,9,160,30,18,48,208
09/17/2010,AVL,NC,ASO,ES,Combined TRACON& Tower with Radar,3,58,73,21,155,0,0,63,7,70,3,58,136,28,225,54,14,68,293
09/18/2010,AVL,NC,ASO,ES,Combined TRACON& Tower with Radar,3,49,31,0,83,0,0,51,0,51,3,49,82,0,134,38,0,38,172
09/19/2010,AVL,NC,ASO,ES,Combined TRACON& Tower with Radar,2,57,64,13,136,0,0,55,3,58,2,57,119,16,194,6,4,10,204
09/20/2010,AVL,NC,ASO,ES,Combined TRACON& Tower with Radar,2,55,51,10,118,0,0,48,8,56,2,55,99,18,174,110,4,114,288
09/21/2010,AVL,NC,ASO,ES,Combined TRACON& Tower with Radar,3,54,34,3,94,0,1,56,1,58,3,55,90,4,152,28,44,72,224
09/22/2010,AVL,NC,ASO,ES,Combined TRACON& Tower with Radar,3,61,29,0,93,0,1,36,1,38,3,62,65,1,131,38,10,48,179
09/23/2010,AVL,NC,ASO,ES,Combined TRACON& Tower with Radar,5,64,56,15,140,0,0,51,1,52,5,64,107,16,192,75,52,127,319
09/24/2010,AVL,NC,ASO,ES,Combined TRACON& Tower with Radar,3,56,41,12,112,0,0,52,2,54,3,56,93,14,166,63,6,69,235
09/25/2010,AVL,NC,ASO,ES,Combined TRACON& Tower with Radar,3,40,24,21,88,0,0,41,3,44,3,40,65,24,132,34,0,34,166
09/26/2010,AVL,NC,ASO,ES,Combined TRACON& Tower with Radar,3,58,42,2,105,0,0,1,0,1,3,58,43,2,106,0,0,0,106
09/27/2010,AVL,NC,ASO,ES,Combined TRACON& Tower with Radar,2,52,32,1,87,0,0,0,0,0,2,52,32,1,87,0,0,0,87
09/28/2010,AVL,NC,ASO,ES,Combined TRACON& Tower with Radar,5,49,53,31,138,0,1,36,12,49,5,50,89,43,187,14,0,14,201
09/29/2010,AVL,NC,ASO,ES,Combined TRACON& Tower with Radar,2,53,57,15,127,0,0,15,1,16,2,53,72,16,143,6,0,6,149
09/30/2010,AVL,NC,ASO,ES,Combined TRACON& Tower with Radar,4,53,46,16,119,0,0,7,2,9,4,53,53,18,128,0,0,0,128
10/01/2010,AVL,NC,ASO,ES,Combined TRACON& Tower with Radar,7,57,61,21,146,0,0,49,7,56,7,57,110,28,202,0,2,2,204
10/02/2010,AVL,NC,ASO,ES,Combined TRACON& Tower with Radar,5,42,42,4,93,0,0,91,3,94,5,42,133,7,187,82,0,82,269
10/03/2010,AVL,NC,ASO,ES,Combined TRACON& Tower with Radar,1,67,74,3,145,0,0,25,2,27,1,67,99,5,172,40,0,40,212
10/04/2010,AVL,NC,ASO,ES,Combined TRACON& Tower with Radar,3,59,53,1,116,0,0,16,3,19,3,59,69,4,135,16,0,16,151
10/05/2010,AVL,NC,ASO,ES,Combined TRACON& Tower with Radar,5,55,58,19,137,0,0,30,1,31,5,55,88,20,168,24,0,24,192
10/06/2010,AVL,NC,ASO,ES,Combined TRACON& Tower with Radar,2,67,55,14,138,0,0,36,3,39,2,67,91,17,177,29,4,33,210
10/07/2010,AVL,NC,ASO,ES,Combined TRACON& Tower with Radar,7,58,80,20,165,0,0,64,2,66,7,58,144,22,231,14,18,32,263
10/08/2010,AVL,NC,ASO,ES,Combined TRACON& Tower with Radar,6,57,82,5,150,0,2,108,4,114,6,59,190,9,264,50,0,50,314
10/09/2010,AVL,NC,ASO,ES,Combined TRACON& Tower with Radar,5,38,42,1,86,0,0,88,5,93,5,38,130,6,179,38,0,38,217
10/10/2010,AVL,NC,ASO,ES,Combined TRACON& Tower with Radar,4,65,53,3,125,0,0,78,5,83,4,65,131,8,208,32,14,46,254
10/11/2010,AVL,NC,ASO,ES,Combined TRACON& Tower with Radar,5,57,49,9,120,0,0,39,0,39,5,57,88,9,159,14,0,14,173
10/12/2010,AVL,NC,ASO,ES,Combined TRACON& Tower with Radar,3,64,53,2,122,0,0,31,1,32,3,64,84,3,154,42,4,46,200
10/13/2010,AVL,NC,ASO,ES,Combined TRACON& Tower with Radar,3,70,63,2,138,0,0,22,3,25,3,70,85,5,163,30,0,30,193
10/14/2010,AVL,NC,ASO,ES,Combined TRACON& Tower with Radar,6,65,76,12,159,0,0,22,2,24,6,65,98,14,183,2,8,10,193
10/15/2010,AVL,NC,ASO,ES,Combined TRACON& Tower with Radar,5,60,55,33,153,0,1,45,4,50,5,61,100,37,203,13,0,13,216
10/16/2010,AVL,NC,ASO,ES,Combined TRACON& Tower with Radar,13,48,36,11,108,0,0,54,1,55,13,48,90,12,163,12,0,12,175
10/17/2010,AVL,NC,ASO,ES,Combined TRACON& Tower with Radar,5,72,75,21,173,0,0,87,10,97,5,72,162,31,270,4,4,8,278
10/18/2010,AVL,NC,ASO,ES,Combined TRACON& Tower with Radar,4,58,46,19,127,0,0,41,2,43,4,58,87,21,170,16,0,16,186
10/19/2010,AVL,NC,ASO,ES,Combined TRACON& Tower with Radar,6,68,54,28,156,0,2,45,9,56,6,70,99,37,212,8,2,10,222
10/20/2010,AVL,NC,ASO,ES,Combined TRACON& Tower with Radar,3,58,53,0,114,0,0,24,0,24,3,58,77,0,138,18,0,18,156
10/21/2010,AVL,NC,ASO,ES,Combined TRACON& Tower with Radar,7,62,72,8,149,0,0,68,8,76,7,62,140,16,225,14,2,16,241
10/22/2010,AVL,NC,ASO,ES,Combined TRACON& Tower with Radar,6,63,67,5,141,0,1,93,9,103,6,64,160,14,244,50,2,52,296
10/23/2010,AVL,NC,ASO,ES,Combined TRACON& Tower with Radar,5,42,32,4,83,0,0,84,7,91,5,42,116,11,174,51,6,57,231
10/24/2010,AVL,NC,ASO,ES,Combined TRACON& Tower with Radar,5,70,76,4,155,0,0,71,6,77,5,70,147,10,232,4,16,20,252
10/25/2010,AVL,NC,ASO,ES,Combined TRACON& Tower with Radar,5,55,44,0,104,0,0,0,0,0,5,55,44,0,104,0,0,0,104
10/26/2010,AVL,NC,ASO,ES,Combined TRACON& Tower with Radar,5,39,63,3,110,0,0,0,0,0,5,39,63,3,110,2,0,2,112
10/27/2010,AVL,NC,ASO,ES,Combined TRACON& Tower with Radar,2,66,48,2,118,0,0,3,2,5,2,66,51,4,123,10,0,10,133
10/28/2010,AVL,NC,ASO,ES,Combined TRACON& Tower with Radar,7,56,66,3,132,0,1,26,4,31,7,57,92,7,163,16,0,16,179
10/29/2010,AVL,NC,ASO,ES,Combined TRACON& Tower with Radar,5,57,90,20,172,0,0,73,12,85,5,57,163,32,257,45,4,49,306
10/30/2010,AVL,NC,ASO,ES,Combined TRACON& Tower with Radar,4,46,53,12,115,0,0,79,1,80,4,46,132,13,195,30,0,30,225
10/31/2010,AVL,NC,ASO,ES,Combined TRACON& Tower with Radar,4,60,69,2,135,0,0,81,4,85,4,60,150,6,220,22,4,26,246
11/01/2010,AVL,NC,ASO,ES,Combined TRACON& Tower with Radar,3,51,60,11,125,0,0,58,4,62,3,51,118,15,187,16,0,16,203
11/02/2010,AVL,NC,ASO,ES,Combined TRACON& Tower with Radar,4,63,47,12,126,0,0,40,3,43,4,63,87,15,169,54,20,74,243
11/03/2010,AVL,NC,ASO,ES,Combined TRACON& Tower with Radar,3,52,46,5,106,0,0,21,5,26,3,52,67,10,132,56,4,60,192
11/04/2010,AVL,NC,ASO,ES,Combined TRACON& Tower with Radar,5,51,55,17,128,0,0,4,2,6,5,51,59,19,134,18,68,86,220
11/05/2010,AVL,NC,ASO,ES,Combined TRACON& Tower with Radar,2,53,41,5,101,0,0,22,0,22,2,53,63,5,123,14,0,14,137
11/06/2010,AVL,NC,ASO,ES,Combined TRACON& Tower with Radar,3,41,26,2,72,0,0,25,0,25,3,41,51,2,97,24,4,28,125
11/07/2010,AVL,NC,ASO,ES,Combined TRACON& Tower with Radar,3,52,46,4,105,0,0,36,0,36,3,52,82,4,141,6,2,8,149
11/08/2010,AVL,NC,ASO,ES,Combined TRACON& Tower with Radar,4,56,32,10,102,0,0,45,0,45,4,56,77,10,147,38,0,38,185
11/09/2010,AVL,NC,ASO,ES,Combined TRACON& Tower with Radar,4,57,43,25,129,0,0,33,8,41,4,57,76,33,170,30,0,30,200
11/10/2010,AVL,NC,ASO,ES,Combined TRACON& Tower with Radar,3,58,55,17,133,0,0,60,6,66,3,58,115,23,199,62,0,62,261
11/11/2010,AVL,NC,ASO,ES,Combined TRACON& Tower with Radar,10,64,41,13,128,0,1,58,2,61,10,65,99,15,189,24,8,32,221
11/12/2010,AVL,NC,ASO,ES,Combined TRACON& Tower with Radar,2,54,53,10,119,0,1,88,0,89,2,55,141,10,208,48,0,48,256
11/13/2010,AVL,NC,ASO,ES,Combined TRACON& Tower with Radar,3,35,42,2,82,0,0,78,3,81,3,35,120,5,163,26,2,28,191
11/14/2010,AVL,NC,ASO,ES,Combined TRACON& Tower with Radar,5,53,46,8,112,0,0,42,0,42,5,53,88,8,154,28,0,28,182
11/15/2010,AVL,NC,ASO,ES,Combined TRACON& Tower with Radar,3,54,35,5,97,0,0,0,1,1,3,54,35,6,98,0,0,0,98
11/16/2010,AVL,NC,ASO,ES,Combined TRACON& Tower with Radar,4,56,28,0,88,0,0,0,0,0,4,56,28,0,88,0,0,0,88
11/17/2010,AVL,NC,ASO,ES,Combined TRACON& Tower with Radar,3,49,29,18,99,0,0,33,5,38,3,49,62,23,137,36,8,44,181
11/18/2010,AVL,NC,ASO,ES,Combined TRACON& Tower with Radar,5,50,21,2,78,0,0,20,0,20,5,50,41,2,98,16,0,16,114
11/19/2010,AVL,NC,ASO,ES,Combined TRACON& Tower with Radar,2,56,51,35,144,0,0,56,2,58,2,56,107,37,202,51,22,73,275
11/20/2010,AVL,NC,ASO,ES,Combined TRACON& Tower with Radar,3,41,39,15,98,0,0,54,1,55,3,41,93,16,153,46,16,62,215
11/21/2010,AVL,NC,ASO,ES,Combined TRACON& Tower with Radar,3,60,45,12,120,0,0,37,2,39,3,60,82,14,159,38,0,38,197
11/22/2010,AVL,NC,ASO,ES,Combined TRACON& Tower with Radar,3,61,45,3,112,0,0,27,2,29,3,61,72,5,141,51,0,51,192
11/23/2010,AVL,NC,ASO,ES,Combined TRACON& Tower with Radar,6,58,48,11,123,0,0,10,0,10,6,58,58,11,133,30,2,32,165
11/24/2010,AVL,NC,ASO,ES,Combined TRACON& Tower with Radar,3,56,76,1,136,0,0,45,0,45,3,56,121,1,181,26,4,30,211
11/25/2010,AVL,NC,ASO,ES,Combined TRACON& Tower with Radar,5,26,21,0,52,0,0,4,0,4,5,26,25,0,56,12,0,12,68
11/26/2010,AVL,NC,ASO,ES,Combined TRACON& Tower with Radar,3,41,19,0,63,0,0,8,0,8,3,41,27,0,71,22,0,22,93
11/27/2010,AVL,NC,ASO,ES,Combined TRACON& Tower with Radar,3,55,41,0,99,0,0,33,0,33,3,55,74,0,132,10,0,10,142
11/28/2010,AVL,NC,ASO,ES,Combined TRACON& Tower with Radar,3,60,80,2,145,0,0,57,1,58,3,60,137,3,203,27,0,27,230
11/29/2010,AVL,NC,ASO,ES,Combined TRACON& Tower with Radar,1,64,40,0,105,0,0,4,3,7,1,64,44,3,112,18,0,18,130
11/30/2010,AVL,NC,ASO,ES,Combined TRACON& Tower with Radar,4,56,12,0,72,0,0,0,0,0,4,56,12,0,72,0,0,0,72
12/01/2010,AVL,NC,ASO,ES,Combined TRACON& Tower with Radar,2,52,61,11,126,0,0,25,4,29,2,52,86,15,155,34,30,64,219
12/02/2010,AVL,NC,ASO,ES,Combined TRACON& Tower with Radar,2,58,27,5,92,0,0,38,10,48,2,58,65,15,140,45,0,45,185
12/03/2010,AVL,NC,ASO,ES,Combined TRACON& Tower with Radar,1,62,42,8,113,0,0,59,6,65,1,62,101,14,178,76,0,76,254
12/04/2010,AVL,NC,ASO,ES,Combined TRACON& Tower with Radar,3,42,22,0,67,0,0,13,0,13,3,42,35,0,80,50,0,50,130
12/05/2010,AVL,NC,ASO,ES,Combined TRACON& Tower with Radar,0,47,20,1,68,0,0,7,0,7,0,47,27,1,75,6,0,6,81
12/06/2010,AVL,NC,ASO,ES,Combined TRACON& Tower with Radar,0,48,28,2,78,0,0,7,4,11,0,48,35,6,89,6,4,10,99
12/07/2010,AVL,NC,ASO,ES,Combined TRACON& Tower with Radar,2,51,33,13,99,0,0,12,2,14,2,51,45,15,113,0,0,0,113
12/08/2010,AVL,NC,ASO,ES,Combined TRACON& Tower with Radar,0,55,38,5,98,0,0,48,2,50,0,55,86,7,148,22,0,22,170
12/09/2010,AVL,NC,ASO,ES,Combined TRACON& Tower with Radar,1,61,43,7,112,0,0,33,4,37,1,61,76,11,149,54,0,54,203
12/10/2010,AVL,NC,ASO,ES,Combined TRACON& Tower with Radar,0,53,43,8,104,0,0,68,2,70,0,53,111,10,174,58,2,60,234
12/11/2010,AVL,NC,ASO,ES,Combined TRACON& Tower with Radar,2,46,34,2,84,0,0,43,0,43,2,46,77,2,127,51,18,69,196
12/12/2010,AVL,NC,ASO,ES,Combined TRACON& Tower with Radar,0,45,15,2,62,0,2,0,0,2,0,47,15,2,64,0,0,0,64
12/13/2010,AVL,NC,ASO,ES,Combined TRACON& Tower with Radar,0,52,10,4,66,0,0,1,0,1,0,52,11,4,67,0,0,0,67
12/14/2010,AVL,NC,ASO,ES,Combined TRACON& Tower with Radar,2,47,34,1,84,0,1,10,5,16,2,48,44,6,100,0,0,0,100
12/15/2010,AVL,NC,ASO,ES,Combined TRACON& Tower with Radar,0,52,31,10,93,0,1,46,0,47,0,53,77,10,140,96,0,96,236
12/16/2010,AVL,NC,ASO,ES,Combined TRACON& Tower with Radar,6,45,20,0,71,0,0,0,0,0,6,45,20,0,71,0,0,0,71
12/17/2010,AVL,NC,ASO,ES,Combined TRACON& Tower with Radar,8,50,37,1,96,0,1,43,1,45,8,51,80,2,141,46,0,46,187
12/18/2010,AVL,NC,ASO,ES,Combined TRACON& Tower with Radar,4,34,21,0,59,0,0,0,0,0,4,34,21,0,59,0,0,0,59
12/19/2010,AVL,NC,ASO,ES,Combined TRACON& Tower with Radar,6,42,27,0,75,0,6,24,0,30,6,48,51,0,105,32,0,32,137
12/20/2010,AVL,NC,ASO,ES,Combined TRACON& Tower with Radar,6,46,33,4,89,0,1,50,0,51,6,47,83,4,140,25,0,25,165
12/21/2010,AVL,NC,ASO,ES,Combined TRACON& Tower with Radar,8,46,22,8,84,0,1,24,0,25,8,47,46,8,109,44,0,44,153
12/22/2010,AVL,NC,ASO,ES,Combined TRACON& Tower with Radar,6,51,39,6,102,0,0,12,2,14,6,51,51,8,116,12,2,14,130
12/23/2010,AVL,NC,ASO,ES,Combined TRACON& Tower with Radar,6,50,33,2,91,0,0,26,0,26,6,50,59,2,117,0,0,0,117
12/24/2010,AVL,NC,ASO,ES,Combined TRACON& Tower with Radar,4,41,22,0,67,0,1,36,0,37,4,42,58,0,104,20,0,20,124
12/25/2010,AVL,NC,ASO,ES,Combined TRACON& Tower with Radar,4,11,1,0,16,0,0,0,0,0,4,11,1,0,16,0,0,0,16
12/26/2010,AVL,NC,ASO,ES,Combined TRACON& Tower with Radar,2,30,13,0,45,0,0,0,0,0,2,30,13,0,45,0,0,0,45
12/27/2010,AVL,NC,ASO,ES,Combined TRACON& Tower with Radar,2,34,15,0,51,0,1,9,0,10,2,35,24,0,61,0,0,0,61
12/28/2010,AVL,NC,ASO,ES,Combined TRACON& Tower with Radar,6,52,30,2,90,0,3,44,0,47,6,55,74,2,137,32,4,36,173
12/29/2010,AVL,NC,ASO,ES,Combined TRACON& Tower with Radar,6,47,31,18,102,0,2,62,0,64,6,49,93,18,166,22,0,22,188
12/30/2010,AVL,NC,ASO,ES,Combined TRACON& Tower with Radar,8,50,25,0,83,0,2,24,0,26,8,52,49,0,109,22,0,22,131
12/31/2010,AVL,NC,ASO,ES,Combined TRACON& Tower with Radar,6,38,35,0,79,0,0,17,0,17,6,38,52,0,96,24,0,24,120
01/01/2011,AVL,NC,ASO,ES,Combined TRACON& Tower with Radar,4,39,14,0,57,0,0,0,0,0,4,39,14,0,57,0,0,0,57
01/02/2011,AVL,NC,ASO,ES,Combined TRACON& Tower with Radar,6,39,42,0,87,0,4,10,0,14,6,43,52,0,101,0,0,0,101
01/03/2011,AVL,NC,ASO,ES,Combined TRACON& Tower with Radar,4,49,33,0,86,0,5,44,1,50,4,54,77,1,136,70,0,70,206
01/04/2011,AVL,NC,ASO,ES,Combined TRACON& Tower with Radar,6,53,33,2,94,0,0,56,1,57,6,53,89,3,151,55,0,55,206
01/05/2011,AVL,NC,ASO,ES,Combined TRACON& Tower with Radar,4,46,28,12,90,0,5,30,7,42,4,51,58,19,132,0,0,0,132
01/06/2011,AVL,NC,ASO,ES,Combined TRACON& Tower with Radar,2,35,22,5,64,0,0,14,0,14,2,35,36,5,78,4,8,12,90
01/07/2011,AVL,NC,ASO,ES,Combined TRACON& Tower with Radar,1,49,21,2,73,0,0,10,0,10,1,49,31,2,83,20,0,20,103
01/08/2011,AVL,NC,ASO,ES,Combined TRACON& Tower with Radar,4,28,4,0,36,0,0,5,2,7,4,28,9,2,43,0,0,0,43
01/09/2011,AVL,NC,ASO,ES,Combined TRACON& Tower with Radar,0,43,25,0,68,0,1,27,2,30,0,44,52,2,98,26,0,26,124
01/10/2011,AVL,NC,ASO,ES,Combined TRACON& Tower with Radar,0,13,4,0,17,0,0,0,0,0,0,13,4,0,17,0,0,0,17
01/11/2011,AVL,NC,ASO,ES,Combined TRACON& Tower with Radar,0,18,5,0,23,0,0,0,0,0,0,18,5,0,23,0,0,0,23
01/12/2011,AVL,NC,ASO,ES,Combined TRACON& Tower with Radar,4,27,16,2,49,0,2,3,0,5,4,29,19,2,54,0,0,0,54
01/13/2011,AVL,NC,ASO,ES,Combined TRACON& Tower with Radar,4,50,31,24,109,0,2,24,0,26,4,52,55,24,135,20,4,24,159
01/14/2011,AVL,NC,ASO,ES,Combined TRACON& Tower with Radar,4,49,30,7,90,0,0,31,1,32,4,49,61,8,122,35,0,35,157
01/15/2011,AVL,NC,ASO,ES,Combined TRACON& Tower with Radar,4,31,25,1,61,0,5,63,0,68,4,36,88,1,129,42,0,42,171
01/16/2011,AVL,NC,ASO,ES,Combined TRACON& Tower with Radar,2,40,28,0,70,0,6,50,0,56,2,46,78,0,126,8,0,8,134
01/17/2011,AVL,NC,ASO,ES,Combined TRACON& Tower with Radar,4,45,16,0,65,0,0,15,0,15,4,45,31,0,80,48,0,48,128
01/18/2011,AVL,NC,ASO,ES,Combined TRACON& Tower with Radar,6,45,24,0,75,0,0,0,0,0,6,45,24,0,75,0,0,0,75
01/19/2011,AVL,NC,ASO,ES,Combined TRACON& Tower with Radar,1,48,37,5,91,0,5,19,1,25,1,53,56,6,116,0,0,0,116
01/20/2011,AVL,NC,ASO,ES,Combined TRACON& Tower with Radar,4,51,41,0,96,0,0,40,0,40,4,51,81,0,136,26,0,26,162
01/21/2011,AVL,NC,ASO,ES,Combined TRACON& Tower with Radar,2,43,28,6,79,0,2,19,0,21,2,45,47,6,100,3,0,3,103
01/22/2011,AVL,NC,ASO,ES,Combined TRACON& Tower with Radar,4,31,23,1,59,0,0,45,1,46,4,31,68,2,105,31,0,31,136
01/23/2011,AVL,NC,ASO,ES,Combined TRACON& Tower with Radar,0,44,30,3,77,0,0,39,4,43,0,44,69,7,120,34,0,34,154
01/24/2011,AVL,NC,ASO,ES,Combined TRACON& Tower with Radar,4,44,36,5,89,0,1,22,3,26,4,45,58,8,115,36,4,40,155
01/25/2011,AVL,NC,ASO,ES,Combined TRACON& Tower with Radar,4,48,20,2,74,0,0,4,0,4,4,48,24,2,78,12,0,12,90
01/26/2011,AVL,NC,ASO,ES,Combined TRACON& Tower with Radar,0,42,1,2,45,0,0,0,0,0,0,42,1,2,45,0,0,0,45
01/27/2011,AVL,NC,ASO,ES,Combined TRACON& Tower with Radar,2,57,17,0,76,0,0,30,4,34,2,57,47,4,110,42,0,42,152
01/28/2011,AVL,NC,ASO,ES,Combined TRACON& Tower with Radar,2,44,31,2,79,0,0,45,0,45,2,44,76,2,124,57,0,57,181
01/29/2011,AVL,NC,ASO,ES,Combined TRACON& Tower with Radar,4,35,19,0,58,0,1,77,0,78,4,36,96,0,136,22,0,22,158
01/30/2011,AVL,NC,ASO,ES,Combined TRACON& Tower with Radar,0,49,21,12,82,0,0,49,1,50,0,49,70,13,132,36,0,36,168
01/31/2011,AVL,NC,ASO,ES,Combined TRACON& Tower with Radar,4,43,17,0,64,0,0,20,0,20,4,43,37,0,84,36,0,36,120
02/01/2011,AVL,NC,ASO,ES,Combined TRACON& Tower with Radar,6,40,12,0,58,0,0,0,0,0,6,40,12,0,58,0,0,0,58
02/02/2011,AVL,NC,ASO,ES,Combined TRACON& Tower with Radar,2,40,7,0,49,0,0,7,0,7,2,40,14,0,56,18,0,18,74
02/03/2011,AVL,NC,ASO,ES,Combined TRACON& Tower with Radar,2,44,32,7,85,0,0,37,0,37,2,44,69,7,122,59,9,68,190
02/04/2011,AVL,NC,ASO,ES,Combined TRACON& Tower with Radar,2,47,18,0,67,0,0,0,0,0,2,47,18,0,67,0,0,0,67
02/05/2011,AVL,NC,ASO,ES,Combined TRACON& Tower with Radar,4,28,18,0,50,0,0,3,0,3,4,28,21,0,53,6,0,6,59
02/06/2011,AVL,NC,ASO,ES,Combined TRACON& Tower with Radar,0,47,13,0,60,0,0,26,0,26,0,47,39,0,86,34,0,34,120
02/07/2011,AVL,NC,ASO,ES,Combined TRACON& Tower with Radar,4,47,24,0,75,0,3,29,0,32,4,50,53,0,107,17,0,17,124
02/08/2011,AVL,NC,ASO,ES,Combined TRACON& Tower with Radar,6,43,27,3,79,0,1,17,2,20,6,44,44,5,99,0,0,0,99
02/09/2011,AVL,NC,ASO,ES,Combined TRACON& Tower with Radar,2,49,34,10,95,0,0,33,2,35,2,49,67,12,130,46,6,52,182
02/10/2011,AVL,NC,ASO,ES,Combined TRACON& Tower with Radar,4,47,22,10,83,0,0,16,0,16,4,47,38,10,99,4,0,4,103
02/11/2011,AVL,NC,ASO,ES,Combined TRACON& Tower with Radar,2,50,39,6,97,0,2,54,12,68,2,52,93,18,165,10,4,14,179
02/12/2011,AVL,NC,ASO,ES,Combined TRACON& Tower with Radar,4,30,27,1,62,0,5,51,0,56,4,35,78,1,118,28,0,28,146
02/13/2011,AVL,NC,ASO,ES,Combined TRACON& Tower with Radar,2,40,39,2,83,0,2,53,2,57,2,42,92,4,140,20,0,20,160
02/14/2011,AVL,NC,ASO,ES,Combined TRACON& Tower with Radar,4,46,21,4,75,0,2,13,1,16,4,48,34,5,91,0,0,0,91
02/15/2011,AVL,NC,ASO,ES,Combined TRACON& Tower with Radar,8,45,43,0,96,0,4,61,5,70,8,49,104,5,166,38,0,38,204
02/16/2011,AVL,NC,ASO,ES,Combined TRACON& Tower with Radar,4,48,32,0,84,0,9,40,1,50,4,57,72,1,134,50,0,50,184
02/17/2011,AVL,NC,ASO,ES,Combined TRACON& Tower with Radar,6,50,32,4,92,0,0,18,2,20,6,50,50,6,112,28,0,28,140
02/18/2011,AVL,NC,ASO,ES,Combined TRACON& Tower with Radar,6,48,60,1,115,0,3,43,1,47,6,51,103,2,162,35,0,35,197
02/19/2011,AVL,NC,ASO,ES,Combined TRACON& Tower with Radar,6,29,21,6,62,0,2,68,5,75,6,31,89,11,137,35,2,37,174
02/20/2011,AVL,NC,ASO,ES,Combined TRACON& Tower with Radar,2,39,24,2,67,0,1,51,1,53,2,40,75,3,120,24,0,24,144
02/21/2011,AVL,NC,ASO,ES,Combined TRACON& Tower with Radar,2,42,28,0,72,0,5,30,0,35,2,47,58,0,107,40,0,40,147
02/22/2011,AVL,NC,ASO,ES,Combined TRACON& Tower with Radar,4,50,25,0,79,0,0,18,0,18,4,50,43,0,97,13,0,13,110
02/23/2011,AVL,NC,ASO,ES,Combined TRACON& Tower with Radar,2,48,21,4,75,0,0,63,0,63,2,48,84,4,138,74,4,78,216
02/24/2011,AVL,NC,ASO,ES,Combined TRACON& Tower with Radar,4,48,32,2,86,0,0,8,0,8,4,48,40,2,94,30,0,30,124
02/25/2011,AVL,NC,ASO,ES,Combined TRACON& Tower with Radar,2,53,24,5,84,0,4,12,1,17,2,57,36,6,101,6,0,6,107
02/26/2011,AVL,NC,ASO,ES,Combined TRACON& Tower with Radar,4,34,21,9,68,0,0,91,3,94,4,34,112,12,162,58,10,68,230
02/27/2011,AVL,NC,ASO,ES,Combined TRACON& Tower with Radar,0,45,35,2,82,0,0,45,0,45,0,45,80,2,127,14,0,14,141
02/28/2011,AVL,NC,ASO,ES,Combined TRACON& Tower with Radar,2,46,16,0,64,0,0,4,0,4,2,46,20,0,68,0,0,0,68
03/01/2011,AVL,NC,ASO,ES,Combined TRACON& Tower with Radar,4,51,41,16,112,0,0,59,0,59,4,51,100,16,171,32,6,38,209
03/02/2011,AVL,NC,ASO,ES,Combined TRACON& Tower with Radar,2,48,30,13,93,0,0,46,1,47,2,48,76,14,140,28,0,28,168
03/03/2011,AVL,NC,ASO,ES,Combined TRACON& Tower with Radar,6,54,44,4,108,0,1,43,0,44,6,55,87,4,152,14,0,14,166
03/04/2011,AVL,NC,ASO,ES,Combined TRACON& Tower with Radar,4,41,45,6,96,0,0,19,0,19,4,41,64,6,115,10,4,14,129
03/05/2011,AVL,NC,ASO,ES,Combined TRACON& Tower with Radar,6,31,26,0,63,0,0,0,0,0,6,31,26,0,63,0,0,0,63
03/06/2011,AVL,NC,ASO,ES,Combined TRACON& Tower with Radar,6,42,20,0,68,0,0,1,0,1,6,42,21,0,69,0,0,0,69
03/07/2011,AVL,NC,ASO,ES,Combined TRACON& Tower with Radar,4,45,41,5,95,0,3,44,1,48,4,48,85,6,143,20,0,20,163
03/08/2011,AVL,NC,ASO,ES,Combined TRACON& Tower with Radar,6,48,24,4,82,0,0,38,6,44,6,48,62,10,126,34,4,38,164
03/09/2011,AVL,NC,ASO,ES,Combined TRACON& Tower with Radar,4,43,12,2,61,0,0,0,0,0,4,43,12,2,61,0,0,0,61
03/10/2011,AVL,NC,ASO,ES,Combined TRACON& Tower with Radar,6,44,28,8,86,0,0,7,1,8,6,44,35,9,94,8,0,8,102
03/11/2011,AVL,NC,ASO,ES,Combined TRACON& Tower with Radar,6,47,20,10,83,0,0,30,0,30,6,47,50,10,113,12,0,12,125
03/12/2011,AVL,NC,ASO,ES,Combined TRACON& Tower with Radar,8,34,27,2,71,0,2,52,2,56,8,36,79,4,127,34,0,34,161
03/13/2011,AVL,NC,ASO,ES,Combined TRACON& Tower with Radar,8,40,27,8,83,0,0,52,1,53,8,40,79,9,136,20,18,38,174
03/14/2011,AVL,NC,ASO,ES,Combined TRACON& Tower with Radar,4,41,23,2,70,0,0,22,2,24,4,41,45,4,94,50,0,50,144
03/15/2011,AVL,NC,ASO,ES,Combined TRACON& Tower with Radar,6,48,18,0,72,0,0,0,0,0,6,48,18,0,72,0,0,0,72
03/16/2011,AVL,NC,ASO,ES,Combined TRACON& Tower with Radar,4,50,33,10,97,0,4,14,0,18,4,54,47,10,115,2,0,2,117
03/17/2011,AVL,NC,ASO,ES,Combined TRACON& Tower with Radar,6,48,44,0,98,0,0,69,1,70,6,48,113,1,168,62,0,62,230
03/18/2011,AVL,NC,ASO,ES,Combined TRACON& Tower with Radar,6,45,44,10,105,0,3,79,3,85,6,48,123,13,190,60,7,67,257
03/19/2011,AVL,NC,ASO,ES,Combined TRACON& Tower with Radar,8,34,25,0,67,0,3,65,0,68,8,37,90,0,135,36,16,52,187
03/20/2011,AVL,NC,ASO,ES,Combined TRACON& Tower with Radar,4,41,42,2,89,0,4,17,1,22,4,45,59,3,111,40,0,40,151
03/21/2011,AVL,NC,ASO,ES,Combined TRACON& Tower with Radar,4,45,33,5,87,0,0,46,4,50,4,45,79,9,137,60,36,96,233
03/22/2011,AVL,NC,ASO,ES,Combined TRACON& Tower with Radar,6,45,31,1,83,0,0,62,4,66,6,45,93,5,149,141,10,151,300
03/23/2011,AVL,NC,ASO,ES,Combined TRACON& Tower with Radar,4,43,18,2,67,0,0,19,1,20,4,43,37,3,87,6,0,6,93
03/24/2011,AVL,NC,ASO,ES,Combined TRACON& Tower with Radar,4,46,16,1,67,0,2,25,1,28,4,48,41,2,95,11,0,11,106
03/25/2011,AVL,NC,ASO,ES,Combined TRACON& Tower with Radar,4,55,36,4,99,0,1,63,1,65,4,56,99,5,164,0,4,4,168
03/26/2011,AVL,NC,ASO,ES,Combined TRACON& Tower with Radar,8,29,17,0,54,0,0,5,0,5,8,29,22,0,59,0,0,0,59
03/27/2011,AVL,NC,ASO,ES,Combined TRACON& Tower with Radar,4,46,23,0,73,0,0,1,0,1,4,46,24,0,74,0,0,0,74
03/28/2011,AVL,NC,ASO,ES,Combined TRACON& Tower with Radar,6,49,23,0,78,0,0,4,0,4,6,49,27,0,82,12,10,22,104
03/29/2011,AVL,NC,ASO,ES,Combined TRACON& Tower with Radar,7,45,52,10,114,0,1,11,0,12,7,46,63,10,126,0,0,0,126
03/30/2011,AVL,NC,ASO,ES,Combined TRACON& Tower with Radar,3,50,11,0,64,0,0,0,0,0,3,50,11,0,64,0,0,0,64
03/31/2011,AVL,NC,ASO,ES,Combined TRACON& Tower with Radar,8,46,28,2,84,0,0,0,0,0,8,46,28,2,84,0,0,0,84
04/01/2011,AVL,NC,ASO,ES,Combined TRACON& Tower with Radar,6,46,48,16,116,0,0,41,0,41,6,46,89,16,157,22,0,22,179
04/02/2011,AVL,NC,ASO,ES,Combined TRACON& Tower with Radar,10,35,13,7,65,0,2,13,5,20,10,37,26,12,85,14,18,32,117
04/03/2011,AVL,NC,ASO,ES,Combined TRACON& Tower with Radar,2,47,35,10,94,0,0,66,2,68,2,47,101,12,162,50,0,50,212
04/04/2011,AVL,NC,ASO,ES,Combined TRACON& Tower with Radar,6,53,28,6,93,0,1,15,1,17,6,54,43,7,110,6,0,6,116
04/05/2011,AVL,NC,ASO,ES,Combined TRACON& Tower with Radar,8,45,22,7,82,0,1,10,2,13,8,46,32,9,95,0,0,0,95
04/06/2011,AVL,NC,ASO,ES,Combined TRACON& Tower with Radar,6,43,44,7,100,0,1,47,0,48,6,44,91,7,148,0,16,16,164
04/07/2011,AVL,NC,ASO,ES,Combined TRACON& Tower with Radar,8,49,43,8,108,0,1,88,0,89,8,50,131,8,197,26,6,32,229
04/08/2011,AVL,NC,ASO,ES,Combined TRACON& Tower with Radar,4,52,35,20,111,0,0,30,4,34,4,52,65,24,145,16,15,31,176
04/09/2011,AVL,NC,ASO,ES,Combined TRACON& Tower with Radar,8,37,36,0,81,0,3,33,0,36,8,40,69,0,117,38,0,38,155
04/10/2011,AVL,NC,ASO,ES,Combined TRACON& Tower with Radar,4,47,49,0,100,0,0,22,4,26,4,47,71,4,126,12,0,12,138
04/11/2011,AVL,NC,ASO,ES,Combined TRACON& Tower with Radar,6,52,28,0,86,0,4,24,2,30,6,56,52,2,116,12,0,12,128
04/12/2011,AVL,NC,ASO,ES,Combined TRACON& Tower with Radar,9,48,27,0,84,0,6,3,1,10,9,54,30,1,94,28,0,28,122
04/13/2011,AVL,NC,ASO,ES,Combined TRACON& Tower with Radar,4,47,49,10,110,0,1,46,14,61,4,48,95,24,171,16,14,30,201
04/14/2011,AVL,NC,ASO,ES,Combined TRACON& Tower with Radar,6,54,41,0,101,0,0,62,3,65,6,54,103,3,166,28,21,49,215
04/15/2011,AVL,NC,ASO,ES,Combined TRACON& Tower with Radar,4,49,42,5,100,0,0,14,1,15,4,49,56,6,115,0,0,0,115
04/16/2011,AVL,NC,ASO,ES,Combined TRACON& Tower with Radar,4,32,20,0,56,0,0,1,2,3,4,32,21,2,59,4,0,4,63
04/17/2011,AVL,NC,ASO,ES,Combined TRACON& Tower with Radar,4,52,51,0,107,0,4,49,1,54,4,56,100,1,161,32,0,32,193
04/18/2011,AVL,NC,ASO,ES,Combined TRACON& Tower with Radar,4,49,33,0,86,0,0,39,0,39,4,49,72,0,125,30,0,30,155
04/19/2011,AVL,NC,ASO,ES,Combined TRACON& Tower with Radar,8,52,23,6,89,0,4,36,1,41,8,56,59,7,130,22,0,22,152
04/20/2011,AVL,NC,ASO,ES,Combined TRACON& Tower with Radar,6,48,41,2,97,0,0,27,0,27,6,48,68,2,124,42,17,59,183
04/21/2011,AVL,NC,ASO,ES,Combined TRACON& Tower with Radar,10,58,38,15,121,0,0,14,0,14,10,58,52,15,135,6,28,34,169
04/22/2011,AVL,NC,ASO,ES,Combined TRACON& Tower with Radar,6,50,43,0,99,0,0,0,0,0,6,50,43,0,99,0,0,0,99
04/23/2011,AVL,NC,ASO,ES,Combined TRACON& Tower with Radar,10,39,35,0,84,0,5,53,0,58,10,44,88,0,142,34,0,34,176
04/24/2011,AVL,NC,ASO,ES,Combined TRACON& Tower with Radar,6,46,30,0,82,0,4,45,2,51,6,50,75,2,133,4,0,4,137
04/25/2011,AVL,NC,ASO,ES,Combined TRACON& Tower with Radar,6,72,61,2,141,0,0,16,1,17,6,72,77,3,158,46,0,46,204
04/26/2011,AVL,NC,ASO,ES,Combined TRACON& Tower with Radar,8,49,32,2,91,0,0,11,0,11,8,49,43,2,102,28,0,28,130
04/27/2011,AVL,NC,ASO,ES,Combined TRACON& Tower with Radar,6,40,13,0,59,0,1,0,0,1,6,41,13,0,60,0,0,0,60
04/28/2011,AVL,NC,ASO,ES,Combined TRACON& Tower with Radar,10,60,44,0,114,0,3,35,0,38,10,63,79,0,152,66,0,66,218
04/29/2011,AVL,NC,ASO,ES,Combined TRACON& Tower with Radar,6,50,59,27,142,0,0,66,1,67,6,50,125,28,209,86,12,98,307
04/30/2011,AVL,NC,ASO,ES,Combined TRACON& Tower with Radar,11,32,17,23,83,0,3,108,12,123,11,35,125,35,206,53,8,61,267
05/01/2011,AVL,NC,ASO,ES,Combined TRACON& Tower with Radar,6,50,77,14,147,0,0,58,0,58,6,50,135,14,205,67,0,67,272
05/02/2011,AVL,NC,ASO,ES,Combined TRACON& Tower with Radar,6,55,28,9,98,0,6,38,1,45,6,61,66,10,143,10,0,10,153
05/03/2011,AVL,NC,ASO,ES,Combined TRACON& Tower with Radar,10,47,22,2,81,0,0,5,0,5,10,47,27,2,86,0,0,0,86
05/04/2011,AVL,NC,ASO,ES,Combined TRACON& Tower with Radar,7,53,29,0,89,0,0,30,0,30,7,53,59,0,119,10,0,10,129
05/05/2011,AVL,NC,ASO,ES,Combined TRACON& Tower with Radar,13,56,36,0,105,0,0,55,0,55,13,56,91,0,160,49,0,49,209
05/06/2011,AVL,NC,ASO,ES,Combined TRACON& Tower with Radar,11,51,47,9,118,0,0,39,5,44,11,51,86,14,162,31,0,31,193
05/07/2011,AVL,NC,ASO,ES,Combined TRACON& Tower with Radar,24,37,37,10,108,0,2,72,0,74,24,39,109,10,182,14,0,14,196
05/08/2011,AVL,NC,ASO,ES,Combined TRACON& Tower with Radar,11,48,50,0,109,0,0,29,0,29,11,48,79,0,138,24,4,28,166
05/09/2011,AVL,NC,ASO,ES,Combined TRACON& Tower with Radar,11,41,44,2,98,0,0,46,3,49,11,41,90,5,147,66,11,77,224
05/10/2011,AVL,NC,ASO,ES,Combined TRACON& Tower with Radar,11,47,41,6,105,0,0,33,0,33,11,47,74,6,138,66,0,66,204
05/11/2011,AVL,NC,ASO,ES,Combined TRACON& Tower with Radar,11,46,57,0,114,0,1,26,3,30,11,47,83,3,144,84,4,88,232
05/12/2011,AVL,NC,ASO,ES,Combined TRACON& Tower with Radar,13,45,43,6,107,0,7,12,12,31,13,52,55,18,138,6,20,26,164
05/13/2011,AVL,NC,ASO,ES,Combined TRACON& Tower with Radar,11,49,60,12,132,0,3,18,0,21,11,52,78,12,153,34,0,34,187
05/14/2011,AVL,NC,ASO,ES,Combined TRACON& Tower with Radar,19,32,24,0,75,0,0,22,0,22,19,32,46,0,97,14,0,14,111
05/15/2011,AVL,NC,ASO,ES,Combined TRACON& Tower with Radar,11,44,31,0,86,0,0,27,0,27,11,44,58,0,113,31,0,31,144
05/16/2011,AVL,NC,ASO,ES,Combined TRACON& Tower with Radar,11,47,49,0,107,0,5,20,0,25,11,52,69,0,132,62,0,62,194
05/17/2011,AVL,NC,ASO,ES,Combined TRACON& Tower with Radar,11,52,49,0,112,0,0,3,0,3,11,52,52,0,115,0,0,0,115
05/18/2011,AVL,NC,ASO,ES,Combined TRACON& Tower with Radar,11,53,54,1,119,0,3,36,1,40,11,56,90,2,159,18,0,18,177
05/19/2011,AVL,NC,ASO,ES,Combined TRACON& Tower with Radar,13,56,53,13,135,0,2,67,0,69,13,58,120,13,204,96,32,128,332
05/20/2011,AVL,NC,ASO,ES,Combined TRACON& Tower with Radar,11,55,54,8,128,0,0,56,0,56,11,55,110,8,184,38,4,42,226
05/21/2011,AVL,NC,ASO,ES,Combined TRACON& Tower with Radar,15,34,38,3,90,0,1,79,3,83,15,35,117,6,173,74,24,98,271
05/22/2011,AVL,NC,ASO,ES,Combined TRACON& Tower with Radar,13,52,51,1,117,0,0,37,0,37,13,52,88,1,154,43,8,51,205
05/23/2011,AVL,NC,ASO,ES,Combined TRACON& Tower with Radar,11,48,38,14,111,0,0,27,5,32,11,48,65,19,143,34,4,38,181
05/24/2011,AVL,NC,ASO,ES,Combined TRACON& Tower with Radar,11,47,36,18,112,0,1,40,3,44,11,48,76,21,156,30,26,56,212
05/25/2011,AVL,NC,ASO,ES,Combined TRACON& Tower with Radar,9,50,34,1,94,0,0,50,5,55,9,50,84,6,149,64,14,78,227
05/26/2011,AVL,NC,ASO,ES,Combined TRACON& Tower with Radar,13,52,44,12,121,0,0,26,2,28,13,52,70,14,149,6,4,10,159
05/27/2011,AVL,NC,ASO,ES,Combined TRACON& Tower with Radar,7,56,68,8,139,0,1,5,2,8,7,57,73,10,147,0,0,0,147
05/28/2011,AVL,NC,ASO,ES,Combined TRACON& Tower with Radar,15,36,41,0,92,0,0,30,0,30,15,36,71,0,122,25,0,25,147
05/29/2011,AVL,NC,ASO,ES,Combined TRACON& Tower with Radar,15,41,36,13,105,0,4,40,1,45,15,45,76,14,150,4,0,4,154
05/30/2011,AVL,NC,ASO,ES,Combined TRACON& Tower with Radar,11,55,67,0,133,0,2,73,0,75,11,57,140,0,208,50,0,50,258
05/31/2011,AVL,NC,ASO,ES,Combined TRACON& Tower with Radar,10,54,50,4,118,0,1,49,0,50,10,55,99,4,168,16,0,16,184
06/01/2011,AVL,NC,ASO,ES,Combined TRACON& Tower with Radar,10,54,39,8,111,0,1,37,0,38,10,55,76,8,149,22,6,28,177
06/02/2011,AVL,NC,ASO,ES,Combined TRACON& Tower with Radar,16,48,48,3,115,0,0,43,1,44,16,48,91,4,159,4,0,4,163
06/03/2011,AVL,NC,ASO,ES,Combined TRACON& Tower with Radar,15,48,57,11,131,0,1,35,10,46,15,49,92,21,177,62,0,62,239
06/04/2011,AVL,NC,ASO,ES,Combined TRACON& Tower with Radar,14,50,51,12,127,0,1,40,0,41,14,51,91,12,168,14,20,34,202
06/05/2011,AVL,NC,ASO,ES,Combined TRACON& Tower with Radar,18,60,54,3,135,0,1,43,3,47,18,61,97,6,182,38,0,38,220
06/06/2011,AVL,NC,ASO,ES,Combined TRACON& Tower with Radar,14,51,45,0,110,0,0,46,1,47,14,51,91,1,157,22,0,22,179
06/07/2011,AVL,NC,ASO,ES,Combined TRACON& Tower with Radar,13,57,40,14,124,0,0,49,0,49,13,57,89,14,173,42,14,56,229
06/08/2011,AVL,NC,ASO,ES,Combined TRACON& Tower with Radar,12,49,46,10,117,0,1,70,2,73,12,50,116,12,190,18,26,44,234
06/09/2011,AVL,NC,ASO,ES,Combined TRACON& Tower with Radar,16,57,52,0,125,0,0,52,2,54,16,57,104,2,179,64,0,64,243
06/10/2011,AVL,NC,ASO,ES,Combined TRACON& Tower with Radar,14,59,51,17,141,0,4,43,4,51,14,63,94,21,192,32,10,42,234
06/11/2011,AVL,NC,ASO,ES,Combined TRACON& Tower with Radar,19,46,17,0,82,0,1,33,0,34,19,47,50,0,116,14,0,14,130
06/12/2011,AVL,NC,ASO,ES,Combined TRACON& Tower with Radar,17,65,58,0,140,0,1,22,0,23,17,66,80,0,163,37,0,37,200
06/13/2011,AVL,NC,ASO,ES,Combined TRACON& Tower with Radar,14,59,49,12,134,0,1,34,3,38,14,60,83,15,172,79,19,98,270
06/14/2011,AVL,NC,ASO,ES,Combined TRACON& Tower with Radar,13,52,35,10,110,0,1,59,2,62,13,53,94,12,172,82,4,86,258
06/15/2011,AVL,NC,ASO,ES,Combined TRACON& Tower with Radar,13,52,33,5,103,0,1,45,1,47,13,53,78,6,150,50,4,54,204
06/16/2011,AVL,NC,ASO,ES,Combined TRACON& Tower with Radar,13,56,41,3,113,0,0,45,4,49,13,56,86,7,162,18,20,38,200
06/17/2011,AVL,NC,ASO,ES,Combined TRACON& Tower with Radar,16,45,47,6,114,0,0,47,3,50,16,45,94,9,164,37,8,45,209
06/18/2011,AVL,NC,ASO,ES,Combined TRACON& Tower with Radar,16,43,34,2,95,0,0,40,1,41,16,43,74,3,136,20,0,20,156
06/19/2011,AVL,NC,ASO,ES,Combined TRACON& Tower with Radar,18,51,65,1,135,0,0,14,0,14,18,51,79,1,149,0,0,0,149
06/20/2011,AVL,NC,ASO,ES,Combined TRACON& Tower with Radar,14,51,33,12,110,0,0,55,5,60,14,51,88,17,170,66,0,66,236
06/21/2011,AVL,NC,ASO,ES,Combined TRACON& Tower with Radar,15,49,38,13,115,0,0,37,3,40,15,49,75,16,155,20,0,20,175
06/22/2011,AVL,NC,ASO,ES,Combined TRACON& Tower with Radar,13,47,50,7,117,0,4,44,0,48,13,51,94,7,165,32,0,32,197
06/23/2011,AVL,NC,ASO,ES,Combined TRACON& Tower with Radar,15,59,47,3,124,0,0,7,2,9,15,59,54,5,133,0,0,0,133
06/24/2011,AVL,NC,ASO,ES,Combined TRACON& Tower with Radar,14,52,82,15,163,0,2,41,4,47,14,54,123,19,210,12,4,16,226
06/25/2011,AVL,NC,ASO,ES,Combined TRACON& Tower with Radar,14,43,45,16,118,0,0,55,4,59,14,43,100,20,177,2,0,2,179
06/26/2011,AVL,NC,ASO,ES,Combined TRACON& Tower with Radar,19,55,63,12,149,0,1,25,2,28,19,56,88,14,177,38,0,38,215
06/27/2011,AVL,NC,ASO,ES,Combined TRACON& Tower with Radar,12,53,39,5,109,0,1,39,2,42,12,54,78,7,151,4,0,4,155
06/28/2011,AVL,NC,ASO,ES,Combined TRACON& Tower with Radar,15,56,62,0,133,0,2,29,3,34,15,58,91,3,167,75,0,75,242
06/29/2011,AVL,NC,ASO,ES,Combined TRACON& Tower with Radar,12,60,47,11,130,0,3,58,3,64,12,63,105,14,194,67,4,71,265
06/30/2011,AVL,NC,ASO,ES,Combined TRACON& Tower with Radar,16,64,61,17,158,0,1,62,1,64,16,65,123,18,222,100,24,124,346
07/01/2011,AVL,NC,ASO,ES,Combined TRACON& Tower with Radar,14,71,112,16,213,0,1,65,2,68,14,72,177,18,281,64,0,64,345
07/02/2011,AVL,NC,ASO,ES,Combined TRACON& Tower with Radar,18,40,53,0,111,0,1,68,0,69,18,41,121,0,180,44,0,44,224
07/03/2011,AVL,NC,ASO,ES,Combined TRACON& Tower with Radar,18,56,30,6,110,0,0,49,0,49,18,56,79,6,159,23,0,23,182
07/04/2011,AVL,NC,ASO,ES,Combined TRACON& Tower with Radar,17,50,33,4,104,0,4,34,0,38,17,54,67,4,142,38,0,38,180
07/05/2011,AVL,NC,ASO,ES,Combined TRACON& Tower with Radar,13,64,72,2,151,0,2,21,1,24,13,66,93,3,175,16,0,16,191
07/06/2011,AVL,NC,ASO,ES,Combined TRACON& Tower with Radar,14,65,51,0,130,0,1,18,1,20,14,66,69,1,150,18,0,18,168
07/07/2011,AVL,NC,ASO,ES,Combined TRACON& Tower with Radar,16,52,41,0,109,0,8,23,0,31,16,60,64,0,140,8,0,8,148
07/08/2011,AVL,NC,ASO,ES,Combined TRACON& Tower with Radar,19,49,74,13,155,0,0,9,5,14,19,49,83,18,169,0,0,0,169
07/09/2011,AVL,NC,ASO,ES,Combined TRACON& Tower with Radar,16,36,42,3,97,0,1,30,0,31,16,37,72,3,128,66,14,80,208
07/10/2011,AVL,NC,ASO,ES,Combined TRACON& Tower with Radar,16,61,80,6,163,0,2,19,1,22,16,63,99,7,185,34,0,34,219
07/11/2011,AVL,NC,ASO,ES,Combined TRACON& Tower with Radar,15,50,49,18,132,0,0,34,0,34,15,50,83,18,166,62,17,79,245
07/12/2011,AVL,NC,ASO,ES,Combined TRACON& Tower with Radar,14,49,45,13,121,0,0,20,4,24,14,49,65,17,145,59,2,61,206
07/13/2011,AVL,NC,ASO,ES,Combined TRACON& Tower with Radar,15,52,43,0,110,0,2,43,0,45,15,54,86,0,155,66,0,66,221
07/14/2011,AVL,NC,ASO,ES,Combined TRACON& Tower with Radar,17,56,67,19,159,0,0,19,0,19,17,56,86,19,178,53,16,69,247
07/15/2011,AVL,NC,ASO,ES,Combined TRACON& Tower with Radar,12,59,76,14,161,0,0,2,0,2,12,59,78,14,163,2,0,2,165
07/16/2011,AVL,NC,ASO,ES,Combined TRACON& Tower with Radar,19,42,73,11,145,0,1,10,0,11,19,43,83,11,156,0,0,0,156
07/17/2011,AVL,NC,ASO,ES,Combined TRACON& Tower with Radar,19,61,103,0,183,0,0,40,4,44,19,61,143,4,227,37,0,37,264
07/18/2011,AVL,NC,ASO,ES,Combined TRACON& Tower with Radar,15,59,43,18,135,0,3,41,15,59,15,62,84,33,194,75,14,89,283
07/19/2011,AVL,NC,ASO,ES,Combined TRACON& Tower with Radar,15,51,59,0,125,0,0,40,10,50,15,51,99,10,175,24,0,24,199
07/20/2011,AVL,NC,ASO,ES,Combined TRACON& Tower with Radar,14,57,37,0,108,0,0,33,6,39,14,57,70,6,147,68,0,68,215
07/21/2011,AVL,NC,ASO,ES,Combined TRACON& Tower with Radar,14,60,68,0,142,0,0,39,3,42,14,60,107,3,184,38,0,38,222
07/22/2011,AVL,NC,ASO,ES,Combined TRACON& Tower with Radar,15,55,46,0,116,0,1,38,3,42,15,56,84,3,158,28,0,28,186
07/23/2011,AVL,NC,ASO,ES,Combined TRACON& Tower with Radar,20,33,47,4,104,0,1,45,0,46,20,34,92,4,150,6,0,6,156
07/24/2011,AVL,NC,ASO,ES,Combined TRACON& Tower with Radar,19,59,81,6,165,0,0,41,0,41,19,59,122,6,206,36,0,36,242
07/25/2011,AVL,NC,ASO,ES,Combined TRACON& Tower with Radar,15,55,45,4,119,0,0,14,0,14,15,55,59,4,133,12,0,12,145
07/26/2011,AVL,NC,ASO,ES,Combined TRACON& Tower with Radar,16,59,39,8,122,0,5,42,0,47,16,64,81,8,169,56,0,56,225
07/27/2011,AVL,NC,ASO,ES,Combined TRACON& Tower with Radar,15,59,66,0,140,0,0,56,0,56,15,59,122,0,196,50,0,50,246
07/28/2011,AVL,NC,ASO,ES,Combined TRACON& Tower with Radar,16,55,80,2,153,0,1,43,2,46,16,56,123,4,199,24,0,24,223
07/29/2011,AVL,NC,ASO,ES,Combined TRACON& Tower with Radar,14,60,59,23,156,0,2,65,8,75,14,62,124,31,231,24,0,24,255
07/30/2011,AVL,NC,ASO,ES,Combined TRACON& Tower with Radar,17,39,41,7,104,0,1,46,0,47,17,40,87,7,151,0,2,2,153
07/31/2011,AVL,NC,ASO,ES,Combined TRACON& Tower with Radar,17,52,60,2,131,0,0,38,9,47,17,52,98,11,178,2,0,2,180
08/01/2011,AVL,NC,ASO,ES,Combined TRACON& Tower with Radar,15,58,47,4,124,0,1,60,0,61,15,59,107,4,185,60,0,60,245
08/02/2011,AVL,NC,ASO,ES,Combined TRACON& Tower with Radar,15,65,36,12,128,0,9,48,0,57,15,74,84,12,185,58,0,58,243
08/03/2011,AVL,NC,ASO,ES,Combined TRACON& Tower with Radar,15,59,45,20,139,0,0,51,2,53,15,59,96,22,192,4,20,24,216
08/04/2011,AVL,NC,ASO,ES,Combined TRACON& Tower with Radar,16,58,68,7,149,0,8,39,2,49,16,66,107,9,198,24,6,30,228
08/05/2011,AVL,NC,ASO,ES,Combined TRACON& Tower with Radar,14,58,85,9,166,0,0,7,6,13,14,58,92,15,179,32,0,32,211
08/06/2011,AVL,NC,ASO,ES,Combined TRACON& Tower with Radar,17,46,33,4,100,0,2,26,0,28,17,48,59,4,128,16,0,16,144
08/07/2011,AVL,NC,ASO,ES,Combined TRACON& Tower with Radar,17,56,61,2,136,0,3,34,8,45,17,59,95,10,181,28,0,28,209
08/08/2011,AVL,NC,ASO,ES,Combined TRACON& Tower with Radar,14,58,43,5,120,0,1,40,3,44,14,59,83,8,164,14,3,17,181
08/09/2011,AVL,NC,ASO,ES,Combined TRACON& Tower with Radar,15,60,39,4,118,0,1,37,1,39,15,61,76,5,157,34,0,34,191
08/10/2011,AVL,NC,ASO,ES,Combined TRACON& Tower with Radar,16,53,44,2,115,0,1,49,0,50,16,54,93,2,165,24,0,24,189
08/11/2011,AVL,NC,ASO,ES,Combined TRACON& Tower with Radar,16,65,48,4,133,0,0,48,2,50,16,65,96,6,183,34,0,34,217
08/12/2011,AVL,NC,ASO,ES,Combined TRACON& Tower with Radar,17,68,72,15,172,0,0,52,1,53,17,68,124,16,225,0,0,0,225
08/13/2011,AVL,NC,ASO,ES,Combined TRACON& Tower with Radar,16,36,31,4,87,0,2,26,0,28,16,38,57,4,115,24,6,30,145
08/14/2011,AVL,NC,ASO,ES,Combined TRACON& Tower with Radar,20,49,65,3,137,0,0,17,0,17,20,49,82,3,154,22,2,24,178
08/15/2011,AVL,NC,ASO,ES,Combined TRACON& Tower with Radar,8,57,52,6,123,0,1,38,0,39,8,58,90,6,162,60,0,60,222
08/16/2011,AVL,NC,ASO,ES,Combined TRACON& Tower with Radar,10,52,46,18,126,0,2,56,1,59,10,54,102,19,185,86,0,86,271
08/17/2011,AVL,NC,ASO,ES,Combined TRACON& Tower with Radar,9,62,78,17,166,0,1,53,2,56,9,63,131,19,222,40,2,42,264
08/18/2011,AVL,NC,ASO,ES,Combined TRACON& Tower with Radar,10,61,57,6,134,0,0,30,1,31,10,61,87,7,165,48,0,48,213
08/19/2011,AVL,NC,ASO,ES,Combined TRACON& Tower with Radar,9,59,60,9,137,0,1,30,1,32,9,60,90,10,169,8,0,8,177
08/20/2011,AVL,NC,ASO,ES,Combined TRACON& Tower with Radar,13,35,44,0,92,0,0,60,0,60,13,35,104,0,152,0,0,0,152
08/21/2011,AVL,NC,ASO,ES,Combined TRACON& Tower with Radar,16,51,62,5,134,0,0,33,6,39,16,51,95,11,173,12,0,12,185
08/22/2011,AVL,NC,ASO,ES,Combined TRACON& Tower with Radar,10,52,37,24,123,0,0,49,1,50,10,52,86,25,173,11,4,15,188
08/23/2011,AVL,NC,ASO,ES,Combined TRACON& Tower with Radar,10,46,53,16,125,0,1,56,10,67,10,47,109,26,192,52,40,92,284
08/24/2011,AVL,NC,ASO,ES,Combined TRACON& Tower with Radar,11,49,54,11,125,0,2,43,3,48,11,51,97,14,173,18,30,48,221
08/25/2011,AVL,NC,ASO,ES,Combined TRACON& Tower with Radar,11,54,36,17,118,0,5,54,7,66,11,59,90,24,184,38,26,64,248
08/26/2011,AVL,NC,ASO,ES,Combined TRACON& Tower with Radar,9,58,58,20,145,0,0,39,3,42,9,58,97,23,187,54,2,56,243
08/27/2011,AVL,NC,ASO,ES,Combined TRACON& Tower with Radar,13,25,19,5,62,0,4,44,2,50,13,29,63,7,112,20,4,24,136
08/28/2011,AVL,NC,ASO,ES,Combined TRACON& Tower with Radar,13,40,34,5,92,0,9,67,4,80,13,49,101,9,172,12,0,12,184
08/29/2011,AVL,NC,ASO,ES,Combined TRACON& Tower with Radar,8,46,50,20,124,0,0,66,3,69,8,46,116,23,193,38,14,52,245
08/30/2011,AVL,NC,ASO,ES,Combined TRACON& Tower with Radar,10,47,48,0,105,0,5,57,2,64,10,52,105,2,169,40,0,40,209
08/31/2011,AVL,NC,ASO,ES,Combined TRACON& Tower with Radar,9,53,46,5,113,0,0,70,3,73,9,53,116,8,186,28,0,28,214
09/01/2011,AVL,NC,ASO,ES,Combined TRACON& Tower with Radar,15,58,49,30,152,0,0,30,2,32,15,58,79,32,184,27,18,45,229
09/02/2011,AVL,NC,ASO,ES,Combined TRACON& Tower with Radar,11,50,49,6,116,0,0,44,5,49,11,50,93,11,165,0,0,0,165
09/03/2011,AVL,NC,ASO,ES,Combined TRACON& Tower with Radar,14,36,37,0,87,0,0,50,0,50,14,36,87,0,137,10,0,10,147
09/04/2011,AVL,NC,ASO,ES,Combined TRACON& Tower with Radar,13,37,39,1,90,0,0,19,0,19,13,37,58,1,109,14,0,14,123
09/05/2011,AVL,NC,ASO,ES,Combined TRACON& Tower with Radar,10,42,35,0,87,0,0,0,0,0,10,42,35,0,87,0,0,0,87
09/06/2011,AVL,NC,ASO,ES,Combined TRACON& Tower with Radar,10,49,40,0,99,0,0,2,0,2,10,49,42,0,101,0,0,0,101
09/07/2011,AVL,NC,ASO,ES,Combined TRACON& Tower with Radar,14,52,57,0,123,0,0,16,0,16,14,52,73,0,139,6,0,6,145
09/08/2011,AVL,NC,ASO,ES,Combined TRACON& Tower with Radar,11,48,52,14,125,0,3,25,2,30,11,51,77,16,155,26,36,62,217
09/09/2011,AVL,NC,ASO,ES,Combined TRACON& Tower with Radar,9,52,59,14,134,0,1,42,0,43,9,53,101,14,177,51,0,51,228
09/10/2011,AVL,NC,ASO,ES,Combined TRACON& Tower with Radar,10,37,43,12,102,0,1,47,0,48,10,38,90,12,150,34,10,44,194
09/11/2011,AVL,NC,ASO,ES,Combined TRACON& Tower with Radar,11,50,41,2,104,0,1,50,0,51,11,51,91,2,155,16,0,16,171
09/12/2011,AVL,NC,ASO,ES,Combined TRACON& Tower with Radar,10,50,40,3,103,0,4,27,3,34,10,54,67,6,137,55,8,63,200
09/13/2011,AVL,NC,ASO,ES,Combined TRACON& Tower with Radar,12,42,32,3,89,0,6,67,3,76,12,48,99,6,165,70,8,78,243
09/14/2011,AVL,NC,ASO,ES,Combined TRACON& Tower with Radar,12,45,43,14,114,0,0,80,0,80,12,45,123,14,194,42,13,55,249
09/15/2011,AVL,NC,ASO,ES,Combined TRACON& Tower with Radar,11,48,55,4,118,0,0,30,4,34,11,48,85,8,152,30,0,30,182
09/16/2011,AVL,NC,ASO,ES,Combined TRACON& Tower with Radar,12,50,58,26,146,0,0,24,5,29,12,50,82,31,175,44,0,44,219
09/17/2011,AVL,NC,ASO,ES,Combined TRACON& Tower with Radar,9,41,50,7,107,0,2,15,1,18,9,43,65,8,125,6,0,6,131
09/18/2011,AVL,NC,ASO,ES,Combined TRACON& Tower with Radar,11,54,52,2,119,0,7,17,6,30,11,61,69,8,149,58,0,58,207
09/19/2011,AVL,NC,ASO,ES,Combined TRACON& Tower with Radar,12,54,54,0,120,0,2,16,2,20,12,56,70,2,140,56,0,56,196
09/20/2011,AVL,NC,ASO,ES,Combined TRACON& Tower with Radar,10,48,34,8,100,0,0,4,0,4,10,48,38,8,104,30,8,38,142
09/21/2011,AVL,NC,ASO,ES,Combined TRACON& Tower with Radar,10,46,45,0,101,0,0,3,1,4,10,46,48,1,105,0,0,0,105
09/22/2011,AVL,NC,ASO,ES,Combined TRACON& Tower with Radar,11,41,48,2,102,0,2,7,0,9,11,43,55,2,111,0,0,0,111
09/23/2011,AVL,NC,ASO,ES,Combined TRACON& Tower with Radar,11,49,49,3,112,0,0,15,1,16,11,49,64,4,128,0,0,0,128
09/24/2011,AVL,NC,ASO,ES,Combined TRACON& Tower with Radar,10,41,44,12,107,0,1,30,2,33,10,42,74,14,140,14,4,18,158
09/25/2011,AVL,NC,ASO,ES,Combined TRACON& Tower with Radar,11,46,50,14,121,0,4,28,0,32,11,50,78,14,153,66,6,72,225
09/26/2011,AVL,NC,ASO,ES,Combined TRACON& Tower with Radar,12,41,37,13,103,0,2,8,0,10,12,43,45,13,113,8,0,8,121
09/27/2011,AVL,NC,ASO,ES,Combined TRACON& Tower with Radar,12,40,43,4,99,0,1,37,0,38,12,41,80,4,137,44,0,44,181
09/28/2011,AVL,NC,ASO,ES,Combined TRACON& Tower with Radar,12,42,49,2,105,0,0,55,2,57,12,42,104,4,162,86,0,86,248
09/29/2011,AVL,NC,ASO,ES,Combined TRACON& Tower with Radar,11,46,43,16,116,0,0,41,2,43,11,46,84,18,159,32,0,32,191
09/30/2011,AVL,NC,ASO,ES,Combined TRACON& Tower with Radar,11,44,49,34,138,0,2,45,0,47,11,46,94,34,185,42,0,42,227
10/01/2011,AVL,NC,ASO,ES,Combined TRACON& Tower with Radar,8,36,31,0,75,0,2,75,0,77,8,38,106,0,152,4,0,4,156
10/02/2011,AVL,NC,ASO,ES,Combined TRACON& Tower with Radar,9,50,48,4,111,0,0,44,3,47,9,50,92,7,158,32,0,32,190
10/03/2011,AVL,NC,ASO,ES,Combined TRACON& Tower with Radar,7,53,45,3,108,0,0,41,1,42,7,53,86,4,150,45,2,47,197
10/04/2011,AVL,NC,ASO,ES,Combined TRACON& Tower with Radar,8,45,30,14,97,0,4,61,0,65,8,49,91,14,162,30,2,32,194
10/05/2011,AVL,NC,ASO,ES,Combined TRACON& Tower with Radar,9,47,50,17,123,0,1,62,4,67,9,48,112,21,190,78,24,102,292
10/06/2011,AVL,NC,ASO,ES,Combined TRACON& Tower with Radar,9,46,62,2,119,0,0,58,1,59,9,46,120,3,178,24,0,24,202
10/07/2011,AVL,NC,ASO,ES,Combined TRACON& Tower with Radar,11,60,62,4,137,0,0,77,0,77,11,60,139,4,214,44,0,44,258
10/08/2011,AVL,NC,ASO,ES,Combined TRACON& Tower with Radar,8,41,37,2,88,0,1,83,0,84,8,42,120,2,172,10,6,16,188
10/09/2011,AVL,NC,ASO,ES,Combined TRACON& Tower with Radar,9,60,58,4,131,0,0,44,0,44,9,60,102,4,175,12,0,12,187
10/10/2011,AVL,NC,ASO,ES,Combined TRACON& Tower with Radar,8,52,54,0,114,0,0,22,0,22,8,52,76,0,136,58,2,60,196
10/11/2011,AVL,NC,ASO,ES,Combined TRACON& Tower with Radar,8,44,28,0,80,0,0,0,0,0,8,44,28,0,80,0,0,0,80
10/12/2011,AVL,NC,ASO,ES,Combined TRACON& Tower with Radar,9,49,41,4,103,0,2,17,0,19,9,51,58,4,122,10,0,10,132
10/13/2011,AVL,NC,ASO,ES,Combined TRACON& Tower with Radar,8,52,55,2,117,0,0,7,0,7,8,52,62,2,124,0,0,0,124
10/14/2011,AVL,NC,ASO,ES,Combined TRACON& Tower with Radar,9,58,66,31,164,0,0,36,0,36,9,58,102,31,200,2,0,2,202
10/15/2011,AVL,NC,ASO,ES,Combined TRACON& Tower with Radar,9,52,31,0,92,0,1,59,2,62,9,53,90,2,154,28,0,28,182
10/16/2011,AVL,NC,ASO,ES,Combined TRACON& Tower with Radar,9,56,75,11,151,0,1,99,1,101,9,57,174,12,252,38,0,38,290
10/17/2011,AVL,NC,ASO,ES,Combined TRACON& Tower with Radar,9,51,40,3,103,0,3,32,8,43,9,54,72,11,146,58,0,58,204
10/18/2011,AVL,NC,ASO,ES,Combined TRACON& Tower with Radar,8,48,59,4,119,0,1,45,1,47,8,49,104,5,166,28,0,28,194
10/19/2011,AVL,NC,ASO,ES,Combined TRACON& Tower with Radar,9,50,48,12,119,0,1,1,0,2,9,51,49,12,121,16,0,16,137
10/20/2011,AVL,NC,ASO,ES,Combined TRACON& Tower with Radar,8,48,77,14,147,0,0,39,2,41,8,48,116,16,188,18,0,18,206
10/21/2011,AVL,NC,ASO,ES,Combined TRACON& Tower with Radar,9,48,73,12,142,0,0,68,4,72,9,48,141,16,214,18,6,24,238
10/22/2011,AVL,NC,ASO,ES,Combined TRACON& Tower with Radar,12,35,47,0,94,0,0,110,0,110,12,35,157,0,204,44,0,44,248
10/23/2011,AVL,NC,ASO,ES,Combined TRACON& Tower with Radar,7,56,68,15,146,0,0,79,5,84,7,56,147,20,230,14,0,14,244
10/24/2011,AVL,NC,ASO,ES,Combined TRACON& Tower with Radar,10,53,37,3,103,0,3,27,8,38,10,56,64,11,141,30,2,32,173
10/25/2011,AVL,NC,ASO,ES,Combined TRACON& Tower with Radar,12,59,34,19,124,0,0,66,11,77,12,59,100,30,201,52,12,64,265
10/26/2011,AVL,NC,ASO,ES,Combined TRACON& Tower with Radar,9,48,48,8,113,0,0,58,3,61,9,48,106,11,174,15,0,15,189
10/27/2011,AVL,NC,ASO,ES,Combined TRACON& Tower with Radar,9,57,58,7,131,0,4,34,2,40,9,61,92,9,171,16,52,68,239
10/28/2011,AVL,NC,ASO,ES,Combined TRACON& Tower with Radar,12,43,49,16,120,0,0,0,0,0,12,43,49,16,120,0,0,0,120
10/29/2011,AVL,NC,ASO,ES,Combined TRACON& Tower with Radar,12,30,22,0,64,0,0,16,0,16,12,30,38,0,80,2,0,2,82
10/30/2011,AVL,NC,ASO,ES,Combined TRACON& Tower with Radar,9,48,56,4,117,0,2,60,1,63,9,50,116,5,180,42,14,56,236
10/31/2011,AVL,NC,ASO,ES,Combined TRACON& Tower with Radar,13,44,29,4,90,0,2,41,6,49,13,46,70,10,139,54,0,54,193
11/01/2011,AVL,NC,ASO,ES,Combined TRACON& Tower with Radar,11,52,43,16,122,0,0,47,9,56,11,52,90,25,178,14,0,14,192
11/02/2011,AVL,NC,ASO,ES,Combined TRACON& Tower with Radar,9,44,44,3,100,0,0,39,4,43,9,44,83,7,143,36,4,40,183
11/03/2011,AVL,NC,ASO,ES,Combined TRACON& Tower with Radar,9,45,40,2,96,0,0,19,1,20,9,45,59,3,116,10,0,10,126
11/04/2011,AVL,NC,ASO,ES,Combined TRACON& Tower with Radar,11,46,31,9,97,0,0,13,1,14,11,46,44,10,111,0,0,0,111
11/05/2011,AVL,NC,ASO,ES,Combined TRACON& Tower with Radar,14,34,41,0,89,0,3,67,1,71,14,37,108,1,160,72,0,72,232
11/06/2011,AVL,NC,ASO,ES,Combined TRACON& Tower with Radar,9,38,34,0,81,0,0,52,2,54,9,38,86,2,135,39,0,39,174
11/07/2011,AVL,NC,ASO,ES,Combined TRACON& Tower with Radar,12,39,35,5,91,0,0,55,0,55,12,39,90,5,146,12,12,24,170
11/08/2011,AVL,NC,ASO,ES,Combined TRACON& Tower with Radar,9,42,42,6,99,0,1,54,4,59,9,43,96,10,158,32,0,32,190
11/09/2011,AVL,NC,ASO,ES,Combined TRACON& Tower with Radar,11,37,32,15,95,0,0,15,2,17,11,37,47,17,112,38,2,40,152
11/10/2011,AVL,NC,ASO,ES,Combined TRACON& Tower with Radar,7,48,48,8,111,0,0,17,0,17,7,48,65,8,128,0,0,0,128
11/11/2011,AVL,NC,ASO,ES,Combined TRACON& Tower with Radar,11,41,44,4,100,0,0,42,1,43,11,41,86,5,143,14,0,14,157
11/12/2011,AVL,NC,ASO,ES,Combined TRACON& Tower with Radar,11,33,24,1,69,0,0,62,3,65,11,33,86,4,134,0,0,0,134
11/13/2011,AVL,NC,ASO,ES,Combined TRACON& Tower with Radar,11,46,44,5,106,0,1,30,2,33,11,47,74,7,139,10,0,10,149
11/14/2011,AVL,NC,ASO,ES,Combined TRACON& Tower with Radar,12,41,42,4,99,0,0,16,4,20,12,41,58,8,119,35,0,35,154
11/15/2011,AVL,NC,ASO,ES,Combined TRACON& Tower with Radar,9,42,30,10,91,0,0,16,0,16,9,42,46,10,107,32,0,32,139
11/16/2011,AVL,NC,ASO,ES,Combined TRACON& Tower with Radar,11,38,20,0,69,0,0,0,0,0,11,38,20,0,69,0,0,0,69
11/17/2011,AVL,NC,ASO,ES,Combined TRACON& Tower with Radar,9,47,39,5,100,0,0,16,0,16,9,47,55,5,116,0,6,6,122
11/18/2011,AVL,NC,ASO,ES,Combined TRACON& Tower with Radar,20,52,34,12,118,0,2,47,11,60,20,54,81,23,178,130,18,148,326
11/19/2011,AVL,NC,ASO,ES,Combined TRACON& Tower with Radar,19,31,38,0,88,0,2,28,13,43,19,33,66,13,131,20,0,20,151
11/20/2011,AVL,NC,ASO,ES,Combined TRACON& Tower with Radar,9,48,45,2,104,0,0,16,1,17,9,48,61,3,121,52,0,52,173
11/21/2011,AVL,NC,ASO,ES,Combined TRACON& Tower with Radar,14,44,35,1,94,0,2,16,0,18,14,46,51,1,112,14,0,14,126
11/22/2011,AVL,NC,ASO,ES,Combined TRACON& Tower with Radar,9,50,50,6,115,0,0,12,0,12,9,50,62,6,127,0,0,0,127
11/23/2011,AVL,NC,ASO,ES,Combined TRACON& Tower with Radar,10,60,53,0,123,0,0,11,0,11,10,60,64,0,134,0,0,0,134
11/24/2011,AVL,NC,ASO,ES,Combined TRACON& Tower with Radar,6,23,19,0,48,0,1,38,0,39,6,24,57,0,87,19,0,19,106
11/25/2011,AVL,NC,ASO,ES,Combined TRACON& Tower with Radar,11,33,20,0,64,0,0,68,0,68,11,33,88,0,132,74,0,74,206
11/26/2011,AVL,NC,ASO,ES,Combined TRACON& Tower with Radar,11,48,63,0,122,0,0,33,0,33,11,48,96,0,155,26,0,26,181
11/27/2011,AVL,NC,ASO,ES,Combined TRACON& Tower with Radar,12,48,66,0,126,0,0,10,0,10,12,48,76,0,136,0,0,0,136
11/28/2011,AVL,NC,ASO,ES,Combined TRACON& Tower with Radar,14,51,15,3,83,0,0,0,0,0,14,51,15,3,83,0,0,0,83
11/29/2011,AVL,NC,ASO,ES,Combined TRACON& Tower with Radar,9,35,10,7,61,0,0,4,0,4,9,35,14,7,65,0,0,0,65
11/30/2011,AVL,NC,ASO,ES,Combined TRACON& Tower with Radar,10,37,31,6,84,0,0,20,2,22,10,37,51,8,106,12,4,16,122
12/01/2011,AVL,NC,ASO,ES,Combined TRACON& Tower with Radar,6,40,38,12,96,0,2,52,5,59,6,42,90,17,155,50,0,50,205
12/02/2011,AVL,NC,ASO,ES,Combined TRACON& Tower with Radar,10,37,50,9,106,0,2,45,0,47,10,39,95,9,153,28,0,28,181
12/03/2011,AVL,NC,ASO,ES,Combined TRACON& Tower with Radar,4,33,22,10,69,0,2,38,3,43,4,35,60,13,112,44,0,44,156
12/04/2011,AVL,NC,ASO,ES,Combined TRACON& Tower with Radar,4,40,42,4,90,0,0,18,0,18,4,40,60,4,108,58,6,64,172
12/05/2011,AVL,NC,ASO,ES,Combined TRACON& Tower with Radar,12,29,17,10,68,0,0,0,0,0,12,29,17,10,68,12,18,30,98
12/06/2011,AVL,NC,ASO,ES,Combined TRACON& Tower with Radar,8,42,27,2,79,0,0,0,0,0,8,42,27,2,79,0,0,0,79
12/07/2011,AVL,NC,ASO,ES,Combined TRACON& Tower with Radar,12,38,17,0,67,0,0,0,0,0,12,38,17,0,67,0,0,0,67
12/08/2011,AVL,NC,ASO,ES,Combined TRACON& Tower with Radar,6,36,44,7,93,0,1,52,1,54,6,37,96,8,147,32,4,36,183
12/09/2011,AVL,NC,ASO,ES,Combined TRACON& Tower with Radar,8,40,33,8,89,0,0,43,0,43,8,40,76,8,132,67,0,67,199
12/10/2011,AVL,NC,ASO,ES,Combined TRACON& Tower with Radar,6,34,32,2,74,0,0,46,0,46,6,34,78,2,120,8,0,8,128
12/11/2011,AVL,NC,ASO,ES,Combined TRACON& Tower with Radar,4,39,35,5,83,0,0,51,1,52,4,39,86,6,135,0,0,0,135
12/12/2011,AVL,NC,ASO,ES,Combined TRACON& Tower with Radar,12,37,36,10,95,0,0,16,0,16,12,37,52,10,111,76,12,88,199
12/13/2011,AVL,NC,ASO,ES,Combined TRACON& Tower with Radar,8,34,26,5,73,0,2,39,3,44,8,36,65,8,117,26,0,26,143
12/14/2011,AVL,NC,ASO,ES,Combined TRACON& Tower with Radar,10,41,34,4,89,0,5,50,0,55,10,46,84,4,144,68,0,68,212
12/15/2011,AVL,NC,ASO,ES,Combined TRACON& Tower with Radar,6,39,34,2,81,0,0,22,0,22,6,39,56,2,103,30,0,30,133
12/16/2011,AVL,NC,ASO,ES,Combined TRACON& Tower with Radar,13,41,54,4,112,0,0,2,0,2,13,41,56,4,114,6,0,6,120
12/17/2011,AVL,NC,ASO,ES,Combined TRACON& Tower with Radar,11,31,27,0,69,0,0,32,0,32,11,31,59,0,101,26,0,26,127
12/18/2011,AVL,NC,ASO,ES,Combined TRACON& Tower with Radar,6,41,25,0,72,0,1,60,3,64,6,42,85,3,136,10,0,10,146
12/19/2011,AVL,NC,ASO,ES,Combined TRACON& Tower with Radar,11,41,33,4,89,0,0,46,2,48,11,41,79,6,137,72,4,76,213
12/20/2011,AVL,NC,ASO,ES,Combined TRACON& Tower with Radar,9,38,31,2,80,0,0,6,0,6,9,38,37,2,86,62,0,62,148
12/21/2011,AVL,NC,ASO,ES,Combined TRACON& Tower with Radar,10,34,32,2,78,0,0,0,0,0,10,34,32,2,78,0,0,0,78
12/22/2011,AVL,NC,ASO,ES,Combined TRACON& Tower with Radar,11,32,26,4,73,0,0,4,0,4,11,32,30,4,77,24,0,24,101
12/23/2011,AVL,NC,ASO,ES,Combined TRACON& Tower with Radar,11,45,32,0,88,0,0,28,0,28,11,45,60,0,116,0,0,0,116
12/24/2011,AVL,NC,ASO,ES,Combined TRACON& Tower with Radar,9,27,9,0,45,0,2,19,0,21,9,29,28,0,66,10,0,10,76
12/25/2011,AVL,NC,ASO,ES,Combined TRACON& Tower with Radar,9,28,8,0,45,0,0,18,0,18,9,28,26,0,63,2,0,2,65
12/26/2011,AVL,NC,ASO,ES,Combined TRACON& Tower with Radar,9,39,47,0,95,0,2,47,0,49,9,41,94,0,144,0,0,0,144
12/27/2011,AVL,NC,ASO,ES,Combined TRACON& Tower with Radar,9,46,23,0,78,0,2,6,0,8,9,48,29,0,86,0,0,0,86
12/28/2011,AVL,NC,ASO,ES,Combined TRACON& Tower with Radar,11,42,24,4,81,0,0,40,0,40,11,42,64,4,121,28,0,28,149
12/29/2011,AVL,NC,ASO,ES,Combined TRACON& Tower with Radar,11,40,35,2,88,0,2,42,0,44,11,42,77,2,132,50,0,50,182
12/30/2011,AVL,NC,ASO,ES,Combined TRACON& Tower with Radar,11,40,29,0,80,0,2,41,0,43,11,42,70,0,123,36,0,36,159
12/31/2011,AVL,NC,ASO,ES,Combined TRACON& Tower with Radar,9,30,21,0,60,0,1,70,0,71,9,31,91,0,131,26,6,32,163
01/01/2012,AVL,NC,ASO,ES,Combined TRACON& Tower with Radar,8,32,29,0,69,0,1,13,1,15,8,33,42,1,84,2,0,2,86
01/02/2012,AVL,NC,ASO,ES,Combined TRACON& Tower with Radar,11,37,24,0,72,0,2,15,0,17,11,39,39,0,89,4,0,4,93
01/03/2012,AVL,NC,ASO,ES,Combined TRACON& Tower with Radar,9,37,11,8,65,0,1,5,0,6,9,38,16,8,71,0,0,0,71
01/04/2012,AVL,NC,ASO,ES,Combined TRACON& Tower with Radar,7,55,24,18,104,0,0,30,6,36,7,55,54,24,140,16,0,16,156
01/05/2012,AVL,NC,ASO,ES,Combined TRACON& Tower with Radar,7,38,29,7,81,0,0,55,0,55,7,38,84,7,136,30,0,30,166
01/06/2012,AVL,NC,ASO,ES,Combined TRACON& Tower with Radar,11,33,28,20,92,0,0,69,2,71,11,33,97,22,163,20,0,20,183
01/07/2012,AVL,NC,ASO,ES,Combined TRACON& Tower with Radar,7,25,24,10,66,0,3,25,2,30,7,28,49,12,96,0,0,0,96
01/08/2012,AVL,NC,ASO,ES,Combined TRACON& Tower with Radar,6,36,24,0,66,0,0,1,0,1,6,36,25,0,67,0,0,0,67
01/09/2012,AVL,NC,ASO,ES,Combined TRACON& Tower with Radar,10,30,10,4,54,0,0,0,0,0,10,30,10,4,54,0,0,0,54
01/10/2012,AVL,NC,ASO,ES,Combined TRACON& Tower with Radar,7,40,28,2,77,0,0,17,2,19,7,40,45,4,96,0,0,0,96
01/11/2012,AVL,NC,ASO,ES,Combined TRACON& Tower with Radar,8,35,10,0,53,0,0,0,0,0,8,35,10,0,53,0,0,0,53
01/12/2012,AVL,NC,ASO,ES,Combined TRACON& Tower with Radar,8,34,22,15,79,0,0,19,0,19,8,34,41,15,98,8,0,8,106
01/13/2012,AVL,NC,ASO,ES,Combined TRACON& Tower with Radar,7,36,29,20,92,0,2,47,5,54,7,38,76,25,146,60,46,106,252
01/14/2012,AVL,NC,ASO,ES,Combined TRACON& Tower with Radar,6,32,28,3,69,0,0,30,3,33,6,32,58,6,102,98,0,98,200
01/15/2012,AVL,NC,ASO,ES,Combined TRACON& Tower with Radar,7,30,20,4,61,0,0,35,0,35,7,30,55,4,96,18,0,18,114
01/16/2012,AVL,NC,ASO,ES,Combined TRACON& Tower with Radar,10,31,36,7,84,0,2,22,2,26,10,33,58,9,110,45,0,45,155
01/17/2012,AVL,NC,ASO,ES,Combined TRACON& Tower with Radar,5,33,20,0,58,0,0,3,0,3,5,33,23,0,61,6,0,6,67
01/18/2012,AVL,NC,ASO,ES,Combined TRACON& Tower with Radar,6,35,17,33,91,0,4,17,4,25,6,39,34,37,116,50,14,64,180
01/19/2012,AVL,NC,ASO,ES,Combined TRACON& Tower with Radar,8,47,28,7,90,0,2,46,0,48,8,49,74,7,138,60,8,68,206
01/20/2012,AVL,NC,ASO,ES,Combined TRACON& Tower with Radar,10,33,19,7,69,0,2,26,0,28,10,35,45,7,97,34,0,34,131
01/21/2012,AVL,NC,ASO,ES,Combined TRACON& Tower with Radar,6,19,7,1,33,0,0,0,0,0,6,19,7,1,33,0,0,0,33
01/22/2012,AVL,NC,ASO,ES,Combined TRACON& Tower with Radar,5,32,28,0,65,0,0,2,0,2,5,32,30,0,67,0,0,0,67
01/23/2012,AVL,NC,ASO,ES,Combined TRACON& Tower with Radar,6,38,11,0,55,0,0,0,0,0,6,38,11,0,55,0,0,0,55
01/24/2012,AVL,NC,ASO,ES,Combined TRACON& Tower with Radar,6,38,38,3,85,0,0,59,3,62,6,38,97,6,147,30,0,30,177
01/25/2012,AVL,NC,ASO,ES,Combined TRACON& Tower with Radar,8,31,59,2,100,0,1,65,6,72,8,32,124,8,172,94,0,94,266
01/26/2012,AVL,NC,ASO,ES,Combined TRACON& Tower with Radar,7,38,31,0,76,0,1,0,0,1,7,39,31,0,77,0,0,0,77
01/27/2012,AVL,NC,ASO,ES,Combined TRACON& Tower with Radar,11,34,28,0,73,0,2,28,3,33,11,36,56,3,106,24,0,24,130
01/28/2012,AVL,NC,ASO,ES,Combined TRACON& Tower with Radar,8,25,18,0,51,0,1,70,0,71,8,26,88,0,122,26,0,26,148
01/29/2012,AVL,NC,ASO,ES,Combined TRACON& Tower with Radar,5,38,18,17,78,0,1,44,0,45,5,39,62,17,123,34,0,34,157
01/30/2012,AVL,NC,ASO,ES,Combined TRACON& Tower with Radar,10,32,22,15,79,0,0,36,0,36,10,32,58,15,115,70,0,70,185
01/31/2012,AVL,NC,ASO,ES,Combined TRACON& Tower with Radar,8,36,25,3,72,0,1,45,1,47,8,37,70,4,119,26,0,26,145
02/01/2012,AVL,NC,ASO,ES,Combined TRACON& Tower with Radar,8,35,29,6,78,0,2,18,0,20,8,37,47,6,98,8,14,22,120
02/02/2012,AVL,NC,ASO,ES,Combined TRACON& Tower with Radar,8,37,22,7,74,0,2,23,0,25,8,39,45,7,99,66,12,78,177
02/03/2012,AVL,NC,ASO,ES,Combined TRACON& Tower with Radar,10,34,26,26,96,0,2,51,2,55,10,36,77,28,151,66,24,90,241
02/04/2012,AVL,NC,ASO,ES,Combined TRACON& Tower with Radar,10,28,14,0,52,0,2,2,0,4,10,30,16,0,56,0,0,0,56
02/05/2012,AVL,NC,ASO,ES,Combined TRACON& Tower with Radar,7,34,28,0,69,0,0,16,0,16,7,34,44,0,85,0,0,0,85
02/06/2012,AVL,NC,ASO,ES,Combined TRACON& Tower with Radar,9,31,22,4,66,0,0,23,0,23,9,31,45,4,89,30,0,30,119
02/07/2012,AVL,NC,ASO,ES,Combined TRACON& Tower with Radar,11,36,38,14,99,0,0,46,5,51,11,36,84,19,150,54,0,54,204
02/08/2012,AVL,NC,ASO,ES,Combined TRACON& Tower with Radar,8,33,26,0,67,0,0,22,0,22,8,33,48,0,89,24,0,24,113
02/09/2012,AVL,NC,ASO,ES,Combined TRACON& Tower with Radar,9,36,35,15,95,0,0,49,0,49,9,36,84,15,144,58,62,120,264
02/10/2012,AVL,NC,ASO,ES,Combined TRACON& Tower with Radar,11,43,26,28,108,0,0,40,0,40,11,43,66,28,148,44,30,74,222
02/11/2012,AVL,NC,ASO,ES,Combined TRACON& Tower with Radar,8,26,4,2,40,0,0,0,0,0,8,26,4,2,40,0,0,0,40
02/12/2012,AVL,NC,ASO,ES,Combined TRACON& Tower with Radar,9,36,14,3,62,0,0,23,1,24,9,36,37,4,86,0,0,0,86
02/13/2012,AVL,NC,ASO,ES,Combined TRACON& Tower with Radar,11,31,37,0,79,0,0,51,0,51,11,31,88,0,130,35,0,35,165
02/14/2012,AVL,NC,ASO,ES,Combined TRACON& Tower with Radar,7,29,16,0,52,0,0,8,0,8,7,29,24,0,60,6,0,6,66
02/15/2012,AVL,NC,ASO,ES,Combined TRACON& Tower with Radar,7,35,21,16,79,0,2,57,1,60,7,37,78,17,139,50,32,82,221
02/16/2012,AVL,NC,ASO,ES,Combined TRACON& Tower with Radar,7,39,25,4,75,0,0,12,0,12,7,39,37,4,87,0,12,12,99
02/17/2012,AVL,NC,ASO,ES,Combined TRACON& Tower with Radar,9,38,35,8,90,0,2,59,3,64,9,40,94,11,154,35,12,47,201
02/18/2012,AVL,NC,ASO,ES,Combined TRACON& Tower with Radar,5,28,28,0,61,0,0,64,1,65,5,28,92,1,126,68,0,68,194
02/19/2012,AVL,NC,ASO,ES,Combined TRACON& Tower with Radar,6,33,16,0,55,0,0,0,0,0,6,33,16,0,55,0,0,0,55
02/20/2012,AVL,NC,ASO,ES,Combined TRACON& Tower with Radar,9,43,47,18,117,0,5,42,0,47,9,48,89,18,164,20,0,20,184
02/21/2012,AVL,NC,ASO,ES,Combined TRACON& Tower with Radar,7,36,26,14,83,0,0,29,19,48,7,36,55,33,131,12,22,34,165
02/22/2012,AVL,NC,ASO,ES,Combined TRACON& Tower with Radar,7,36,27,3,73,0,0,14,0,14,7,36,41,3,87,12,0,12,99
02/23/2012,AVL,NC,ASO,ES,Combined TRACON& Tower with Radar,7,35,37,12,91,0,2,25,0,27,7,37,62,12,118,31,0,31,149
02/24/2012,AVL,NC,ASO,ES,Combined TRACON& Tower with Radar,8,37,30,7,82,0,1,5,4,10,8,38,35,11,92,0,0,0,92
02/25/2012,AVL,NC,ASO,ES,Combined TRACON& Tower with Radar,4,29,18,0,51,0,0,12,0,12,4,29,30,0,63,10,0,10,73
02/26/2012,AVL,NC,ASO,ES,Combined TRACON& Tower with Radar,4,43,36,5,88,0,2,76,5,83,4,45,112,10,171,36,0,36,207
02/27/2012,AVL,NC,ASO,ES,Combined TRACON& Tower with Radar,9,47,19,14,89,0,2,39,0,41,9,49,58,14,130,82,0,82,212
02/28/2012,AVL,NC,ASO,ES,Combined TRACON& Tower with Radar,5,38,39,0,82,0,3,62,5,70,5,41,101,5,152,30,0,30,182
02/29/2012,AVL,NC,ASO,ES,Combined TRACON& Tower with Radar,7,39,24,2,72,0,0,5,0,5,7,39,29,2,77,14,0,14,91
03/01/2012,AVL,NC,ASO,ES,Combined TRACON& Tower with Radar,5,42,33,16,96,0,0,59,6,65,5,42,92,22,161,30,4,34,195
03/02/2012,AVL,NC,ASO,ES,Combined TRACON& Tower with Radar,9,39,25,17,90,0,4,2,0,6,9,43,27,17,96,20,2,22,118
03/03/2012,AVL,NC,ASO,ES,Combined TRACON& Tower with Radar,3,34,20,2,59,0,0,9,11,20,3,34,29,13,79,0,8,8,87
03/04/2012,AVL,NC,ASO,ES,Combined TRACON& Tower with Radar,6,45,25,4,80,0,3,4,2,9,6,48,29,6,89,0,0,0,89
03/05/2012,AVL,NC,ASO,ES,Combined TRACON& Tower with Radar,9,39,15,7,70,0,2,5,6,13,9,41,20,13,83,0,0,0,83
03/06/2012,AVL,NC,ASO,ES,Combined TRACON& Tower with Radar,7,36,37,14,94,0,2,50,4,56,7,38,87,18,150,42,0,42,192
03/07/2012,AVL,NC,ASO,ES,Combined TRACON& Tower with Radar,7,32,27,7,73,0,0,13,8,21,7,32,40,15,94,46,0,46,140
03/08/2012,AVL,NC,ASO,ES,Combined TRACON& Tower with Radar,7,32,37,10,86,0,0,17,6,23,7,32,54,16,109,34,0,34,143
03/09/2012,AVL,NC,ASO,ES,Combined TRACON& Tower with Radar,9,35,26,23,93,0,0,15,0,15,9,35,41,23,108,35,12,47,155
03/10/2012,AVL,NC,ASO,ES,Combined TRACON& Tower with Radar,3,34,27,0,64,0,0,71,3,74,3,34,98,3,138,113,0,113,251
03/11/2012,AVL,NC,ASO,ES,Combined TRACON& Tower with Radar,6,43,36,2,87,0,1,54,1,56,6,44,90,3,143,54,0,54,197
03/12/2012,AVL,NC,ASO,ES,Combined TRACON& Tower with Radar,9,35,32,20,96,0,0,5,0,5,9,35,37,20,101,0,0,0,101
03/13/2012,AVL,NC,ASO,ES,Combined TRACON& Tower with Radar,9,38,26,2,75,0,0,26,0,26,9,38,52,2,101,64,0,64,165
03/14/2012,AVL,NC,ASO,ES,Combined TRACON& Tower with Radar,7,41,22,14,84,0,2,66,3,71,7,43,88,17,155,76,18,94,249
03/15/2012,AVL,NC,ASO,ES,Combined TRACON& Tower with Radar,7,37,22,4,70,0,2,34,6,42,7,39,56,10,112,58,0,58,170
03/16/2012,AVL,NC,ASO,ES,Combined TRACON& Tower with Radar,9,41,24,12,86,0,0,29,6,35,9,41,53,18,121,26,0,26,147
03/17/2012,AVL,NC,ASO,ES,Combined TRACON& Tower with Radar,9,34,21,1,65,0,5,30,3,38,9,39,51,4,103,18,2,20,123
03/18/2012,AVL,NC,ASO,ES,Combined TRACON& Tower with Radar,6,51,28,7,92,0,1,27,2,30,6,52,55,9,122,0,0,0,122
03/19/2012,AVL,NC,ASO,ES,Combined TRACON& Tower with Radar,9,41,24,6,80,0,2,38,2,42,9,43,62,8,122,24,14,38,160
03/20/2012,AVL,NC,ASO,ES,Combined TRACON& Tower with Radar,7,39,31,6,83,0,0,37,6,43,7,39,68,12,126,24,12,36,162
03/21/2012,AVL,NC,ASO,ES,Combined TRACON& Tower with Radar,7,38,38,11,94,0,0,31,6,37,7,38,69,17,131,78,10,88,219
03/22/2012,AVL,NC,ASO,ES,Combined TRACON& Tower with Radar,7,41,39,13,100,0,1,21,3,25,7,42,60,16,125,76,0,76,201
03/23/2012,AVL,NC,ASO,ES,Combined TRACON& Tower with Radar,11,36,36,4,87,0,0,3,0,3,11,36,39,4,90,0,0,0,90
03/24/2012,AVL,NC,ASO,ES,Combined TRACON& Tower with Radar,5,31,14,2,52,0,1,12,0,13,5,32,26,2,65,17,0,17,82
03/25/2012,AVL,NC,ASO,ES,Combined TRACON& Tower with Radar,10,32,44,0,86,0,1,3,0,4,10,33,47,0,90,3,0,3,93
03/26/2012,AVL,NC,ASO,ES,Combined TRACON& Tower with Radar,11,39,29,6,85,0,2,39,6,47,11,41,68,12,132,41,0,41,173
03/27/2012,AVL,NC,ASO,ES,Combined TRACON& Tower with Radar,10,33,39,10,92,0,2,75,5,82,10,35,114,15,174,26,0,26,200
03/28/2012,AVL,NC,ASO,ES,Combined TRACON& Tower with Radar,10,29,31,9,79,0,1,44,7,52,10,30,75,16,131,59,6,65,196
03/29/2012,AVL,NC,ASO,ES,Combined TRACON& Tower with Radar,9,27,36,11,83,0,2,40,4,46,9,29,76,15,129,26,0,26,155
03/30/2012,AVL,NC,ASO,ES,Combined TRACON& Tower with Radar,12,37,40,10,99,0,7,30,8,45,12,44,70,18,144,90,2,92,236
03/31/2012,AVL,NC,ASO,ES,Combined TRACON& Tower with Radar,8,34,29,0,71,0,1,29,0,30,8,35,58,0,101,24,0,24,125
04/01/2012,AVL,NC,ASO,ES,Combined TRACON& Tower with Radar,8,32,36,6,82,0,1,32,1,34,8,33,68,7,116,46,0,46,162
04/02/2012,AVL,NC,ASO,ES,Combined TRACON& Tower with Radar,14,36,22,8,80,0,0,23,4,27,14,36,45,12,107,18,0,18,125
04/03/2012,AVL,NC,ASO,ES,Combined TRACON& Tower with Radar,12,37,23,4,76,0,0,29,7,36,12,37,52,11,112,48,0,48,160
04/04/2012,AVL,NC,ASO,ES,Combined TRACON& Tower with Radar,11,38,32,0,81,0,5,41,1,47,11,43,73,1,128,79,0,79,207
04/05/2012,AVL,NC,ASO,ES,Combined TRACON& Tower with Radar,11,40,31,0,82,0,0,11,0,11,11,40,42,0,93,6,0,6,99
04/06/2012,AVL,NC,ASO,ES,Combined TRACON& Tower with Radar,14,34,32,13,93,0,0,29,0,29,14,34,61,13,122,83,0,83,205
04/07/2012,AVL,NC,ASO,ES,Combined TRACON& Tower with Radar,8,36,30,17,91,0,0,75,9,84,8,36,105,26,175,12,33,45,220
04/08/2012,AVL,NC,ASO,ES,Combined TRACON& Tower with Radar,8,37,21,0,66,0,4,31,0,35,8,41,52,0,101,6,0,6,107
04/09/2012,AVL,NC,ASO,ES,Combined TRACON& Tower with Radar,14,34,52,4,104,0,2,48,3,53,14,36,100,7,157,34,4,38,195
04/10/2012,AVL,NC,ASO,ES,Combined TRACON& Tower with Radar,12,33,32,4,81,0,0,17,1,18,12,33,49,5,99,0,0,0,99
04/11/2012,AVL,NC,ASO,ES,Combined TRACON& Tower with Radar,12,34,30,14,90,0,1,18,0,19,12,35,48,14,109,0,0,0,109
04/12/2012,AVL,NC,ASO,ES,Combined TRACON& Tower with Radar,11,33,38,0,82,0,2,53,0,55,11,35,91,0,137,105,0,105,242
04/13/2012,AVL,NC,ASO,ES,Combined TRACON& Tower with Radar,13,37,53,30,133,0,2,64,9,75,13,39,117,39,208,55,14,69,277
04/14/2012,AVL,NC,ASO,ES,Combined TRACON& Tower with Radar,8,32,16,0,56,0,0,47,0,47,8,32,63,0,103,30,0,30,133
04/15/2012,AVL,NC,ASO,ES,Combined TRACON& Tower with Radar,12,38,33,17,100,0,0,60,5,65,12,38,93,22,165,0,0,0,165
04/16/2012,AVL,NC,ASO,ES,Combined TRACON& Tower with Radar,13,40,24,0,77,0,0,17,1,18,13,40,41,1,95,26,0,26,121
04/17/2012,AVL,NC,ASO,ES,Combined TRACON& Tower with Radar,12,30,19,6,67,0,0,27,0,27,12,30,46,6,94,50,0,50,144
04/18/2012,AVL,NC,ASO,ES,Combined TRACON& Tower with Radar,12,31,24,0,67,0,0,0,0,0,12,31,24,0,67,0,0,0,67
04/19/2012,AVL,NC,ASO,ES,Combined TRACON& Tower with Radar,12,34,53,6,105,0,0,20,2,22,12,34,73,8,127,55,0,55,182
04/20/2012,AVL,NC,ASO,ES,Combined TRACON& Tower with Radar,16,34,54,0,104,0,0,31,2,33,16,34,85,2,137,69,0,69,206
04/21/2012,AVL,NC,ASO,ES,Combined TRACON& Tower with Radar,10,26,25,16,77,0,1,10,0,11,10,27,35,16,88,10,0,10,98
04/22/2012,AVL,NC,ASO,ES,Combined TRACON& Tower with Radar,10,34,38,6,88,0,1,8,0,9,10,35,46,6,97,0,0,0,97
04/23/2012,AVL,NC,ASO,ES,Combined TRACON& Tower with Radar,14,32,34,0,80,0,2,7,1,10,14,34,41,1,90,0,0,0,90
04/24/2012,AVL,NC,ASO,ES,Combined TRACON& Tower with Radar,10,38,25,1,74,0,3,20,5,28,10,41,45,6,102,2,0,2,104
04/25/2012,AVL,NC,ASO,ES,Combined TRACON& Tower with Radar,10,39,56,2,107,0,1,51,2,54,10,40,107,4,161,46,0,46,207
04/26/2012,AVL,NC,ASO,ES,Combined TRACON& Tower with Radar,11,39,29,0,79,0,0,9,0,9,11,39,38,0,88,30,0,30,118
04/27/2012,AVL,NC,ASO,ES,Combined TRACON& Tower with Radar,13,37,60,15,125,1,1,63,3,68,14,38,123,18,193,54,0,54,247
04/28/2012,AVL,NC,ASO,ES,Combined TRACON& Tower with Radar,6,42,43,0,91,0,0,57,0,57,6,42,100,0,148,26,0,26,174
04/29/2012,AVL,NC,ASO,ES,Combined TRACON& Tower with Radar,10,42,54,5,111,0,0,42,1,43,10,42,96,6,154,42,0,42,196
04/30/2012,AVL,NC,ASO,ES,Combined TRACON& Tower with Radar,14,40,30,4,88,0,2,47,4,53,14,42,77,8,141,92,0,92,233
05/01/2012,AVL,NC,ASO,ES,Combined TRACON& Tower with Radar,11,30,39,1,81,0,1,41,4,46,11,31,80,5,127,32,0,32,159
05/02/2012,AVL,NC,ASO,ES,Combined TRACON& Tower with Radar,10,40,36,6,92,0,1,66,24,91,10,41,102,30,183,86,0,86,269
05/03/2012,AVL,NC,ASO,ES,Combined TRACON& Tower with Radar,10,28,46,0,84,0,1,55,4,60,10,29,101,4,144,72,0,72,216
05/04/2012,AVL,NC,ASO,ES,Combined TRACON& Tower with Radar,14,38,57,0,109,0,0,35,0,35,14,38,92,0,144,41,0,41,185
05/05/2012,AVL,NC,ASO,ES,Combined TRACON& Tower with Radar,9,34,23,0,66,0,0,23,0,23,9,34,46,0,89,30,0,30,119
05/06/2012,AVL,NC,ASO,ES,Combined TRACON& Tower with Radar,12,29,43,0,84,0,2,49,0,51,12,31,92,0,135,18,0,18,153
05/07/2012,AVL,NC,ASO,ES,Combined TRACON& Tower with Radar,15,30,50,0,95,0,0,11,0,11,15,30,61,0,106,44,14,58,164
05/08/2012,AVL,NC,ASO,ES,Combined TRACON& Tower with Radar,13,31,37,0,81,0,0,14,0,14,13,31,51,0,95,36,0,36,131
05/09/2012,AVL,NC,ASO,ES,Combined TRACON& Tower with Radar,14,29,47,3,93,0,1,1,0,2,14,30,48,3,95,22,0,22,117
05/10/2012,AVL,NC,ASO,ES,Combined TRACON& Tower with Radar,13,41,40,1,95,0,4,58,6,68,13,45,98,7,163,86,0,86,249
05/11/2012,AVL,NC,ASO,ES,Combined TRACON& Tower with Radar,16,41,49,8,114,0,0,85,1,86,16,41,134,9,200,84,0,84,284
05/12/2012,AVL,NC,ASO,ES,Combined TRACON& Tower with Radar,9,33,38,0,80,0,0,77,0,77,9,33,115,0,157,72,0,72,229
05/13/2012,AVL,NC,ASO,ES,Combined TRACON& Tower with Radar,13,31,52,2,98,0,0,0,0,0,13,31,52,2,98,0,0,0,98
05/14/2012,AVL,NC,ASO,ES,Combined TRACON& Tower with Radar,20,35,45,0,100,0,0,1,0,1,20,35,46,0,101,56,0,56,157
05/15/2012,AVL,NC,ASO,ES,Combined TRACON& Tower with Radar,13,37,52,2,104,0,0,4,0,4,13,37,56,2,108,12,0,12,120
05/16/2012,AVL,NC,ASO,ES,Combined TRACON& Tower with Radar,12,43,47,6,108,0,5,36,2,43,12,48,83,8,151,51,14,65,216
05/17/2012,AVL,NC,ASO,ES,Combined TRACON& Tower with Radar,16,31,70,14,131,0,0,55,4,59,16,31,125,18,190,26,14,40,230
05/18/2012,AVL,NC,ASO,ES,Combined TRACON& Tower with Radar,16,46,54,0,116,0,3,36,0,39,16,49,90,0,155,66,0,66,221
05/19/2012,AVL,NC,ASO,ES,Combined TRACON& Tower with Radar,10,33,33,0,76,0,0,41,0,41,10,33,74,0,117,28,0,28,145
05/20/2012,AVL,NC,ASO,ES,Combined TRACON& Tower with Radar,14,40,53,4,111,0,0,56,2,58,14,40,109,6,169,72,0,72,241
05/21/2012,AVL,NC,ASO,ES,Combined TRACON& Tower with Radar,14,31,38,8,91,0,0,29,6,35,14,31,67,14,126,53,17,70,196
05/22/2012,AVL,NC,ASO,ES,Combined TRACON& Tower with Radar,14,35,36,4,89,0,1,14,4,19,14,36,50,8,108,14,6,20,128
05/23/2012,AVL,NC,ASO,ES,Combined TRACON& Tower with Radar,14,32,23,1,70,0,0,6,9,15,14,32,29,10,85,6,0,6,91
05/24/2012,AVL,NC,ASO,ES,Combined TRACON& Tower with Radar,12,42,53,7,114,0,3,39,2,44,12,45,92,9,158,40,0,40,198
05/25/2012,AVL,NC,ASO,ES,Combined TRACON& Tower with Radar,9,49,68,23,149,0,2,62,1,65,9,51,130,24,214,0,0,0,214
05/26/2012,AVL,NC,ASO,ES,Combined TRACON& Tower with Radar,13,32,37,2,84,0,0,49,3,52,13,32,86,5,136,10,0,10,146
05/27/2012,AVL,NC,ASO,ES,Combined TRACON& Tower with Radar,12,34,41,0,87,0,0,36,0,36,12,34,77,0,123,0,0,0,123
05/28/2012,AVL,NC,ASO,ES,Combined TRACON& Tower with Radar,9,47,65,8,129,0,0,27,0,27,9,47,92,8,156,32,0,32,188
05/29/2012,AVL,NC,ASO,ES,Combined TRACON& Tower with Radar,7,45,48,2,102,0,0,16,0,16,7,45,64,2,118,14,0,14,132
05/30/2012,AVL,NC,ASO,ES,Combined TRACON& Tower with Radar,11,38,38,0,87,0,1,76,0,77,11,39,114,0,164,32,0,32,196
05/31/2012,AVL,NC,ASO,ES,Combined TRACON& Tower with Radar,11,50,65,4,130,0,0,58,0,58,11,50,123,4,188,86,0,86,274
06/01/2012,AVL,NC,ASO,ES,Combined TRACON& Tower with Radar,9,44,44,0,97,0,0,8,0,8,9,44,52,0,105,77,0,77,182
06/02/2012,AVL,NC,ASO,ES,Combined TRACON& Tower with Radar,11,47,37,8,103,0,0,59,6,65,11,47,96,14,168,28,8,36,204
06/03/2012,AVL,NC,ASO,ES,Combined TRACON& Tower with Radar,12,51,75,9,147,0,5,45,1,51,12,56,120,10,198,80,0,80,278
06/04/2012,AVL,NC,ASO,ES,Combined TRACON& Tower with Radar,9,37,37,6,89,0,0,35,0,35,9,37,72,6,124,29,0,29,153
06/05/2012,AVL,NC,ASO,ES,Combined TRACON& Tower with Radar,10,43,35,3,91,0,2,38,0,40,10,45,73,3,131,90,0,90,221
06/06/2012,AVL,NC,ASO,ES,Combined TRACON& Tower with Radar,9,37,47,2,95,0,1,13,2,16,9,38,60,4,111,56,0,56,167
06/07/2012,AVL,NC,ASO,ES,Combined TRACON& Tower with Radar,11,37,55,25,128,0,3,37,2,42,11,40,92,27,170,64,24,88,258
06/08/2012,AVL,NC,ASO,ES,Combined TRACON& Tower with Radar,8,49,47,6,110,0,15,58,2,75,8,64,105,8,185,86,0,86,271
06/09/2012,AVL,NC,ASO,ES,Combined TRACON& Tower with Radar,9,48,41,9,107,0,8,59,17,84,9,56,100,26,191,63,0,63,254
06/10/2012,AVL,NC,ASO,ES,Combined TRACON& Tower with Radar,16,49,74,26,165,0,0,20,0,20,16,49,94,26,185,10,0,10,195
06/11/2012,AVL,NC,ASO,ES,Combined TRACON& Tower with Radar,9,33,37,7,86,0,0,4,1,5,9,33,41,8,91,12,0,12,103
06/12/2012,AVL,NC,ASO,ES,Combined TRACON& Tower with Radar,9,39,21,2,71,0,0,19,0,19,9,39,40,2,90,35,2,37,127
06/13/2012,AVL,NC,ASO,ES,Combined TRACON& Tower with Radar,9,36,37,17,99,0,0,42,2,44,9,36,79,19,143,45,4,49,192
06/14/2012,AVL,NC,ASO,ES,Combined TRACON& Tower with Radar,11,56,42,10,119,0,0,38,2,40,11,56,80,12,159,74,28,102,261
06/15/2012,AVL,NC,ASO,ES,Combined TRACON& Tower with Radar,9,47,55,25,136,0,0,16,0,16,9,47,71,25,152,54,4,58,210
06/16/2012,AVL,NC,ASO,ES,Combined TRACON& Tower with Radar,11,49,48,0,108,0,0,45,0,45,11,49,93,0,153,44,0,44,197
06/17/2012,AVL,NC,ASO,ES,Combined TRACON& Tower with Radar,12,54,63,0,129,0,1,33,0,34,12,55,96,0,163,12,0,12,175
06/18/2012,AVL,NC,ASO,ES,Combined TRACON& Tower with Radar,9,44,50,2,105,0,0,51,2,53,9,44,101,4,158,42,0,42,200
06/19/2012,AVL,NC,ASO,ES,Combined TRACON& Tower with Radar,9,57,38,12,116,0,0,44,1,45,9,57,82,13,161,48,0,48,209
06/20/2012,AVL,NC,ASO,ES,Combined TRACON& Tower with Radar,9,43,49,2,103,0,1,39,1,41,9,44,88,3,144,58,0,58,202
06/21/2012,AVL,NC,ASO,ES,Combined TRACON& Tower with Radar,13,44,50,13,120,0,0,48,1,49,13,44,98,14,169,44,4,48,217
06/22/2012,AVL,NC,ASO,ES,Combined TRACON& Tower with Radar,9,41,57,17,124,0,0,47,1,48,9,41,104,18,172,20,6,26,198
06/23/2012,AVL,NC,ASO,ES,Combined TRACON& Tower with Radar,11,48,48,2,109,0,3,63,1,67,11,51,111,3,176,32,20,52,228
06/24/2012,AVL,NC,ASO,ES,Combined TRACON& Tower with Radar,10,57,52,0,119,0,0,37,0,37,10,57,89,0,156,20,0,20,176
06/25/2012,AVL,NC,ASO,ES,Combined TRACON& Tower with Radar,9,38,53,4,104,0,0,21,0,21,9,38,74,4,125,71,0,71,196
06/26/2012,AVL,NC,ASO,ES,Combined TRACON& Tower with Radar,9,53,44,15,121,0,3,63,1,67,9,56,107,16,188,109,22,131,319
06/27/2012,AVL,NC,ASO,ES,Combined TRACON& Tower with Radar,9,43,37,8,97,0,0,61,2,63,9,43,98,10,160,14,0,14,174
06/28/2012,AVL,NC,ASO,ES,Combined TRACON& Tower with Radar,11,42,58,4,115,0,0,45,1,46,11,42,103,5,161,34,0,34,195
06/29/2012,AVL,NC,ASO,ES,Combined TRACON& Tower with Radar,9,48,62,18,137,0,1,61,0,62,9,49,123,18,199,28,0,28,227
06/30/2012,AVL,NC,ASO,ES,Combined TRACON& Tower with Radar,9,50,59,2,120,0,1,68,0,69,9,51,127,2,189,48,0,48,237
07/01/2012,AVL,NC,ASO,ES,Combined TRACON& Tower with Radar,5,41,63,2,111,0,2,37,1,40,5,43,100,3,151,4,0,4,155
07/02/2012,AVL,NC,ASO,ES,Combined TRACON& Tower with Radar,7,41,28,7,83,0,3,32,3,38,7,44,60,10,121,24,0,24,145
07/03/2012,AVL,NC,ASO,ES,Combined TRACON& Tower with Radar,7,46,42,2,97,0,0,36,0,36,7,46,78,2,133,23,6,29,162
07/04/2012,AVL,NC,ASO,ES,Combined TRACON& Tower with Radar,5,33,25,0,63,0,1,25,0,26,5,34,50,0,89,10,0,10,99
07/05/2012,AVL,NC,ASO,ES,Combined TRACON& Tower with Radar,8,41,49,12,110,0,0,44,0,44,8,41,93,12,154,32,0,32,186
07/06/2012,AVL,NC,ASO,ES,Combined TRACON& Tower with Radar,5,47,46,15,113,0,0,57,1,58,5,47,103,16,171,34,0,34,205
07/07/2012,AVL,NC,ASO,ES,Combined TRACON& Tower with Radar,9,47,59,0,115,0,2,56,0,58,9,49,115,0,173,59,0,59,232
07/08/2012,AVL,NC,ASO,ES,Combined TRACON& Tower with Radar,8,58,69,6,141,0,1,23,0,24,8,59,92,6,165,10,7,17,182
07/09/2012,AVL,NC,ASO,ES,Combined TRACON& Tower with Radar,5,49,52,4,110,0,0,24,0,24,5,49,76,4,134,67,0,67,201
07/10/2012,AVL,NC,ASO,ES,Combined TRACON& Tower with Radar,4,43,41,0,88,0,1,14,2,17,4,44,55,2,105,32,0,32,137
07/11/2012,AVL,NC,ASO,ES,Combined TRACON& Tower with Radar,10,45,54,2,111,0,0,3,0,3,10,45,57,2,114,0,0,0,114
07/12/2012,AVL,NC,ASO,ES,Combined TRACON& Tower with Radar,10,45,65,2,122,0,0,1,0,1,10,45,66,2,123,0,0,0,123
07/13/2012,AVL,NC,ASO,ES,Combined TRACON& Tower with Radar,10,47,59,26,142,0,0,2,0,2,10,47,61,26,144,0,0,0,144
07/14/2012,AVL,NC,ASO,ES,Combined TRACON& Tower with Radar,10,47,57,0,114,0,2,13,0,15,10,49,70,0,129,2,8,10,139
07/15/2012,AVL,NC,ASO,ES,Combined TRACON& Tower with Radar,14,44,71,0,129,0,1,10,0,11,14,45,81,0,140,0,0,0,140
07/16/2012,AVL,NC,ASO,ES,Combined TRACON& Tower with Radar,9,45,39,8,101,0,4,41,2,47,9,49,80,10,148,80,0,80,228
07/17/2012,AVL,NC,ASO,ES,Combined TRACON& Tower with Radar,10,57,34,5,106,0,0,32,5,37,10,57,66,10,143,52,0,52,195
07/18/2012,AVL,NC,ASO,ES,Combined TRACON& Tower with Radar,10,46,29,7,92,0,0,31,1,32,10,46,60,8,124,126,0,126,250
07/19/2012,AVL,NC,ASO,ES,Combined TRACON& Tower with Radar,13,57,59,12,141,0,0,52,0,52,13,57,111,12,193,70,10,80,273
07/20/2012,AVL,NC,ASO,ES,Combined TRACON& Tower with Radar,9,54,75,6,144,0,0,30,2,32,9,54,105,8,176,60,0,60,236
07/21/2012,AVL,NC,ASO,ES,Combined TRACON& Tower with Radar,10,64,47,3,124,0,2,27,1,30,10,66,74,4,154,30,24,54,208
07/22/2012,AVL,NC,ASO,ES,Combined TRACON& Tower with Radar,15,52,65,7,139,0,0,20,0,20,15,52,85,7,159,22,6,28,187
07/23/2012,AVL,NC,ASO,ES,Combined TRACON& Tower with Radar,9,42,43,7,101,0,0,48,1,49,9,42,91,8,150,9,0,9,159
07/24/2012,AVL,NC,ASO,ES,Combined TRACON& Tower with Radar,10,40,49,5,104,0,2,38,7,47,10,42,87,12,151,26,0,26,177
07/25/2012,AVL,NC,ASO,ES,Combined TRACON& Tower with Radar,8,47,46,3,104,0,0,27,4,31,8,47,73,7,135,63,4,67,202
07/26/2012,AVL,NC,ASO,ES,Combined TRACON& Tower with Radar,11,51,69,5,136,0,0,61,8,69,11,51,130,13,205,84,0,84,289
07/27/2012,AVL,NC,ASO,ES,Combined TRACON& Tower with Radar,12,44,53,16,125,0,0,44,8,52,12,44,97,24,177,78,2,80,257
07/28/2012,AVL,NC,ASO,ES,Combined TRACON& Tower with Radar,12,49,56,10,127,0,2,57,4,63,12,51,113,14,190,34,0,34,224
07/29/2012,AVL,NC,ASO,ES,Combined TRACON& Tower with Radar,14,55,72,9,150,0,2,46,2,50,14,57,118,11,200,27,0,27,227
07/30/2012,AVL,NC,ASO,ES,Combined TRACON& Tower with Radar,9,41,36,6,92,0,3,34,0,37,9,44,70,6,129,57,0,57,186
07/31/2012,AVL,NC,ASO,ES,Combined TRACON& Tower with Radar,14,52,76,14,156,0,3,4,3,10,14,55,80,17,166,26,14,40,206
08/01/2012,AVL,NC,ASO,ES,Combined TRACON& Tower with Radar,11,52,53,34,150,0,2,42,6,50,11,54,95,40,200,32,8,40,240
08/02/2012,AVL,NC,ASO,ES,Combined TRACON& Tower with Radar,15,49,60,5,129,0,1,56,1,58,15,50,116,6,187,96,6,102,289
08/03/2012,AVL,NC,ASO,ES,Combined TRACON& Tower with Radar,15,56,73,6,150,0,0,16,0,16,15,56,89,6,166,21,0,21,187
08/04/2012,AVL,NC,ASO,ES,Combined TRACON& Tower with Radar,12,50,36,0,98,0,0,11,0,11,12,50,47,0,109,10,0,10,119
08/05/2012,AVL,NC,ASO,ES,Combined TRACON& Tower with Radar,14,47,77,4,142,0,0,42,0,42,14,47,119,4,184,20,0,20,204
08/06/2012,AVL,NC,ASO,ES,Combined TRACON& Tower with Radar,11,40,45,0,96,0,2,10,0,12,11,42,55,0,108,0,0,0,108
08/07/2012,AVL,NC,ASO,ES,Combined TRACON& Tower with Radar,10,52,66,0,128,0,0,2,0,2,10,52,68,0,130,30,0,30,160
08/08/2012,AVL,NC,ASO,ES,Combined TRACON& Tower with Radar,10,43,63,5,121,0,0,36,2,38,10,43,99,7,159,63,0,63,222
08/09/2012,AVL,NC,ASO,ES,Combined TRACON& Tower with Radar,12,55,67,3,137,0,0,19,0,19,12,55,86,3,156,34,0,34,190
08/10/2012,AVL,NC,ASO,ES,Combined TRACON& Tower with Radar,13,52,85,2,152,0,0,13,0,13,13,52,98,2,165,58,0,58,223
08/11/2012,AVL,NC,ASO,ES,Combined TRACON& Tower with Radar,14,43,55,4,116,0,1,28,1,30,14,44,83,5,146,46,0,46,192
08/12/2012,AVL,NC,ASO,ES,Combined TRACON& Tower with Radar,16,47,69,7,139,0,0,40,2,42,16,47,109,9,181,32,0,32,213
08/13/2012,AVL,NC,ASO,ES,Combined TRACON& Tower with Radar,10,44,55,2,111,0,4,66,0,70,10,48,121,2,181,103,0,103,284
08/14/2012,AVL,NC,ASO,ES,Combined TRACON& Tower with Radar,12,44,30,2,88,0,1,34,1,36,12,45,64,3,124,32,0,32,156
08/15/2012,AVL,NC,ASO,ES,Combined TRACON& Tower with Radar,9,42,33,6,90,0,1,19,7,27,9,43,52,13,117,46,6,52,169
08/16/2012,AVL,NC,ASO,ES,Combined TRACON& Tower with Radar,12,40,54,4,110,0,4,44,4,52,12,44,98,8,162,62,2,64,226
08/17/2012,AVL,NC,ASO,ES,Combined TRACON& Tower with Radar,15,50,61,38,164,0,3,19,1,23,15,53,80,39,187,86,0,86,273
08/18/2012,AVL,NC,ASO,ES,Combined TRACON& Tower with Radar,10,38,32,25,105,0,0,32,6,38,10,38,64,31,143,10,8,18,161
08/19/2012,AVL,NC,ASO,ES,Combined TRACON& Tower with Radar,14,48,48,15,125,0,0,13,0,13,14,48,61,15,138,38,0,38,176
08/20/2012,AVL,NC,ASO,ES,Combined TRACON& Tower with Radar,12,41,53,17,123,0,1,27,6,34,12,42,80,23,157,38,2,40,197
08/21/2012,AVL,NC,ASO,ES,Combined TRACON& Tower with Radar,10,43,47,7,107,0,1,20,1,22,10,44,67,8,129,24,18,42,171
08/22/2012,AVL,NC,ASO,ES,Combined TRACON& Tower with Radar,10,34,37,7,88,0,0,31,1,32,10,34,68,8,120,46,10,56,176
08/23/2012,AVL,NC,ASO,ES,Combined TRACON& Tower with Radar,14,39,47,16,116,0,2,37,3,42,14,41,84,19,158,141,16,157,315
08/24/2012,AVL,NC,ASO,ES,Combined TRACON& Tower with Radar,10,43,52,12,117,0,3,33,4,40,10,46,85,16,157,30,8,38,195
08/25/2012,AVL,NC,ASO,ES,Combined TRACON& Tower with Radar,12,46,31,10,99,0,2,31,4,37,12,48,62,14,136,14,10,24,160
08/26/2012,AVL,NC,ASO,ES,Combined TRACON& Tower with Radar,12,42,58,4,116,0,0,51,1,52,12,42,109,5,168,27,0,27,195
08/27/2012,AVL,NC,ASO,ES,Combined TRACON& Tower with Radar,12,36,45,5,98,0,2,35,0,37,12,38,80,5,135,52,20,72,207
08/28/2012,AVL,NC,ASO,ES,Combined TRACON& Tower with Radar,10,41,42,13,106,0,3,39,1,43,10,44,81,14,149,36,12,48,197
08/29/2012,AVL,NC,ASO,ES,Combined TRACON& Tower with Radar,10,36,36,6,88,0,0,12,2,14,10,36,48,8,102,0,0,0,102
08/30/2012,AVL,NC,ASO,ES,Combined TRACON& Tower with Radar,12,42,50,1,105,0,0,14,2,16,12,42,64,3,121,28,0,28,149
08/31/2012,AVL,NC,ASO,ES,Combined TRACON& Tower with Radar,10,54,80,7,151,0,0,31,1,32,10,54,111,8,183,20,6,26,209
09/01/2012,AVL,NC,ASO,ES,Combined TRACON& Tower with Radar,11,35,38,0,84,0,0,31,0,31,11,35,69,0,115,38,10,48,163
09/02/2012,AVL,NC,ASO,ES,Combined TRACON& Tower with Radar,11,38,25,0,74,0,0,16,0,16,11,38,41,0,90,5,0,5,95
09/03/2012,AVL,NC,ASO,ES,Combined TRACON& Tower with Radar,8,46,71,0,125,0,0,4,0,4,8,46,75,0,129,6,0,6,135
09/04/2012,AVL,NC,ASO,ES,Combined TRACON& Tower with Radar,9,40,38,0,87,0,0,9,0,9,9,40,47,0,96,62,0,62,158
09/05/2012,AVL,NC,ASO,ES,Combined TRACON& Tower with Radar,8,38,46,0,92,0,5,18,0,23,8,43,64,0,115,74,0,74,189
09/06/2012,AVL,NC,ASO,ES,Combined TRACON& Tower with Radar,11,40,39,0,90,0,1,25,4,30,11,41,64,4,120,82,0,82,202
09/07/2012,AVL,NC,ASO,ES,Combined TRACON& Tower with Radar,9,32,40,13,94,0,0,67,4,71,9,32,107,17,165,28,0,28,193
09/08/2012,AVL,NC,ASO,ES,Combined TRACON& Tower with Radar,10,34,27,1,72,0,0,22,1,23,10,34,49,2,95,50,0,50,145
09/09/2012,AVL,NC,ASO,ES,Combined TRACON& Tower with Radar,7,37,34,0,78,0,0,48,1,49,7,37,82,1,127,32,0,32,159
09/10/2012,AVL,NC,ASO,ES,Combined TRACON& Tower with Radar,10,26,34,22,92,0,6,46,1,53,10,32,80,23,145,59,0,59,204
09/11/2012,AVL,NC,ASO,ES,Combined TRACON& Tower with Radar,8,28,31,13,80,0,0,51,1,52,8,28,82,14,132,110,14,124,256
09/12/2012,AVL,NC,ASO,ES,Combined TRACON& Tower with Radar,9,35,42,8,94,0,0,34,3,37,9,35,76,11,131,66,46,112,243
09/13/2012,AVL,NC,ASO,ES,Combined TRACON& Tower with Radar,11,46,40,23,120,0,0,37,1,38,11,46,77,24,158,104,10,114,272
09/14/2012,AVL,NC,ASO,ES,Combined TRACON& Tower with Radar,9,37,58,30,134,0,4,46,3,53,9,41,104,33,187,42,22,64,251
09/15/2012,AVL,NC,ASO,ES,Combined TRACON& Tower with Radar,13,35,34,0,82,0,6,61,2,69,13,41,95,2,151,26,20,46,197
09/16/2012,AVL,NC,ASO,ES,Combined TRACON& Tower with Radar,9,48,47,2,106,0,0,12,1,13,9,48,59,3,119,34,0,34,153
09/17/2012,AVL,NC,ASO,ES,Combined TRACON& Tower with Radar,10,36,41,0,87,0,0,0,0,0,10,36,41,0,87,0,0,0,87
09/18/2012,AVL,NC,ASO,ES,Combined TRACON& Tower with Radar,8,32,30,2,72,0,1,1,0,2,8,33,31,2,74,0,0,0,74
09/19/2012,AVL,NC,ASO,ES,Combined TRACON& Tower with Radar,7,38,38,6,89,0,4,52,3,59,7,42,90,9,148,50,0,50,198
09/20/2012,AVL,NC,ASO,ES,Combined TRACON& Tower with Radar,7,39,40,8,94,0,1,60,2,63,7,40,100,10,157,133,0,133,290
09/21/2012,AVL,NC,ASO,ES,Combined TRACON& Tower with Radar,7,27,59,8,101,0,1,38,3,42,7,28,97,11,143,73,0,73,216
09/22/2012,AVL,NC,ASO,ES,Combined TRACON& Tower with Radar,12,25,28,0,65,0,1,58,0,59,12,26,86,0,124,24,0,24,148
09/23/2012,AVL,NC,ASO,ES,Combined TRACON& Tower with Radar,9,37,67,19,132,0,1,45,4,50,9,38,112,23,182,0,0,0,182
09/24/2012,AVL,NC,ASO,ES,Combined TRACON& Tower with Radar,8,33,35,14,90,0,0,46,0,46,8,33,81,14,136,28,0,28,164
09/25/2012,AVL,NC,ASO,ES,Combined TRACON& Tower with Radar,10,36,48,18,112,0,1,27,4,32,10,37,75,22,144,50,2,52,196
09/26/2012,AVL,NC,ASO,ES,Combined TRACON& Tower with Radar,9,33,33,5,80,0,0,46,5,51,9,33,79,10,131,88,0,88,219
09/27/2012,AVL,NC,ASO,ES,Combined TRACON& Tower with Radar,11,51,62,10,134,0,4,33,5,42,11,55,95,15,176,58,0,58,234
09/28/2012,AVL,NC,ASO,ES,Combined TRACON& Tower with Radar,9,35,52,6,102,0,5,23,1,29,9,40,75,7,131,6,0,6,137
09/29/2012,AVL,NC,ASO,ES,Combined TRACON& Tower with Radar,12,44,24,0,80,0,0,8,0,8,12,44,32,0,88,12,0,12,100
09/30/2012,AVL,NC,ASO,ES,Combined TRACON& Tower with Radar,9,31,68,9,117,0,3,21,0,24,9,34,89,9,141,39,0,39,180
10/01/2012,AVL,NC,ASO,ES,Combined TRACON& Tower with Radar,11,31,31,6,79,0,0,0,0,0,11,31,31,6,79,0,0,0,79
10/02/2012,AVL,NC,ASO,ES,Combined TRACON& Tower with Radar,10,33,22,7,72,0,0,11,1,12,10,33,33,8,84,14,0,14,98
10/03/2012,AVL,NC,ASO,ES,Combined TRACON& Tower with Radar,9,36,35,28,108,0,4,41,3,48,9,40,76,31,156,24,6,30,186
10/04/2012,AVL,NC,ASO,ES,Combined TRACON& Tower with Radar,10,41,39,22,112,0,1,46,9,56,10,42,85,31,168,42,32,74,242
10/05/2012,AVL,NC,ASO,ES,Combined TRACON& Tower with Radar,10,39,57,15,121,0,2,77,2,81,10,41,134,17,202,51,0,51,253
10/06/2012,AVL,NC,ASO,ES,Combined TRACON& Tower with Radar,12,30,44,0,86,0,6,107,0,113,12,36,151,0,199,22,0,22,221
10/07/2012,AVL,NC,ASO,ES,Combined TRACON& Tower with Radar,9,46,47,2,104,0,0,1,0,1,9,46,48,2,105,0,0,0,105
10/08/2012,AVL,NC,ASO,ES,Combined TRACON& Tower with Radar,8,45,36,0,89,0,0,5,0,5,8,45,41,0,94,31,0,31,125
10/09/2012,AVL,NC,ASO,ES,Combined TRACON& Tower with Radar,10,35,62,31,138,0,0,30,5,35,10,35,92,36,173,76,6,82,255
10/10/2012,AVL,NC,ASO,ES,Combined TRACON& Tower with Radar,9,36,35,28,108,0,4,41,3,48,9,40,76,31,156,6,18,24,180
10/11/2012,AVL,NC,ASO,ES,Combined TRACON& Tower with Radar,10,45,57,6,118,0,0,46,1,47,10,45,103,7,165,44,0,44,209
10/12/2012,AVL,NC,ASO,ES,Combined TRACON& Tower with Radar,10,39,56,8,113,0,1,56,4,61,10,40,112,12,174,35,0,35,209
10/13/2012,AVL,NC,ASO,ES,Combined TRACON& Tower with Radar,11,38,48,7,104,0,0,66,5,71,11,38,114,12,175,15,2,17,192
10/14/2012,AVL,NC,ASO,ES,Combined TRACON& Tower with Radar,9,50,88,17,164,0,0,21,1,22,9,50,109,18,186,18,0,18,204
10/15/2012,AVL,NC,ASO,ES,Combined TRACON& Tower with Radar,8,45,30,8,91,0,0,26,2,28,8,45,56,10,119,20,0,20,139
10/16/2012,AVL,NC,ASO,ES,Combined TRACON& Tower with Radar,8,37,51,1,97,0,3,62,4,69,8,40,113,5,166,68,6,74,240
10/17/2012,AVL,NC,ASO,ES,Combined TRACON& Tower with Radar,8,49,45,1,103,0,4,50,11,65,8,53,95,12,168,30,10,40,208
10/18/2012,AVL,NC,ASO,ES,Combined TRACON& Tower with Radar,9,40,71,2,122,0,0,8,0,8,9,40,79,2,130,0,0,0,130
10/19/2012,AVL,NC,ASO,ES,Combined TRACON& Tower with Radar,8,51,74,16,149,0,1,56,1,58,8,52,130,17,207,46,0,46,253
10/20/2012,AVL,NC,ASO,ES,Combined TRACON& Tower with Radar,11,35,39,4,89,0,1,96,0,97,11,36,135,4,186,28,2,30,216
10/21/2012,AVL,NC,ASO,ES,Combined TRACON& Tower with Radar,7,52,75,8,142,0,2,86,1,89,7,54,161,9,231,0,0,0,231
10/22/2012,AVL,NC,ASO,ES,Combined TRACON& Tower with Radar,8,48,42,10,108,0,3,61,0,64,8,51,103,10,172,73,0,73,245
10/23/2012,AVL,NC,ASO,ES,Combined TRACON& Tower with Radar,8,40,53,10,111,0,5,87,2,94,8,45,140,12,205,63,0,63,268
10/24/2012,AVL,NC,ASO,ES,Combined TRACON& Tower with Radar,8,44,50,16,118,0,2,65,2,69,8,46,115,18,187,57,0,57,244
10/25/2012,AVL,NC,ASO,ES,Combined TRACON& Tower with Radar,10,48,78,12,148,0,4,64,3,71,10,52,142,15,219,14,4,18,237
10/26/2012,AVL,NC,ASO,ES,Combined TRACON& Tower with Radar,8,43,59,26,136,0,2,41,0,43,8,45,100,26,179,20,0,20,199
10/27/2012,AVL,NC,ASO,ES,Combined TRACON& Tower with Radar,9,43,40,1,93,0,0,29,0,29,9,43,69,1,122,8,0,8,130
10/28/2012,AVL,NC,ASO,ES,Combined TRACON& Tower with Radar,11,48,45,2,106,0,0,6,0,6,11,48,51,2,112,0,0,0,112
10/29/2012,AVL,NC,ASO,ES,Combined TRACON& Tower with Radar,6,28,18,0,52,0,0,2,0,2,6,28,20,0,54,0,0,0,54
10/30/2012,AVL,NC,ASO,ES,Combined TRACON& Tower with Radar,11,29,6,4,50,0,0,2,0,2,11,29,8,4,52,0,0,0,52
10/31/2012,AVL,NC,ASO,ES,Combined TRACON& Tower with Radar,12,26,33,1,72,0,2,15,0,17,12,28,48,1,89,14,0,14,103
11/01/2012,AVL,NC,ASO,ES,Combined TRACON& Tower with Radar,13,27,59,1,100,0,3,24,0,27,13,30,83,1,127,20,0,20,147
11/02/2012,AVL,NC,ASO,ES,Combined TRACON& Tower with Radar,11,44,42,12,109,0,0,29,3,32,11,44,71,15,141,12,0,12,153
11/03/2012,AVL,NC,ASO,ES,Combined TRACON& Tower with Radar,11,32,32,3,78,0,3,72,0,75,11,35,104,3,153,0,0,0,153
11/04/2012,AVL,NC,ASO,ES,Combined TRACON& Tower with Radar,11,35,45,51,142,0,0,30,3,33,11,35,75,54,175,42,38,80,255
11/05/2012,AVL,NC,ASO,ES,Combined TRACON& Tower with Radar,12,26,22,12,72,0,2,36,3,41,12,28,58,15,113,56,2,58,171
11/06/2012,AVL,NC,ASO,ES,Combined TRACON& Tower with Radar,11,32,24,2,69,0,0,1,6,7,11,32,25,8,76,48,0,48,124
11/07/2012,AVL,NC,ASO,ES,Combined TRACON& Tower with Radar,11,32,25,15,83,0,0,5,1,6,11,32,30,16,89,0,0,0,89
11/08/2012,AVL,NC,ASO,ES,Combined TRACON& Tower with Radar,9,40,47,12,108,0,0,39,2,41,9,40,86,14,149,14,0,14,163
11/09/2012,AVL,NC,ASO,ES,Combined TRACON& Tower with Radar,10,34,50,7,101,0,1,49,1,51,10,35,99,8,152,8,0,8,160
11/10/2012,AVL,NC,ASO,ES,Combined TRACON& Tower with Radar,11,27,35,0,73,0,0,71,1,72,11,27,106,1,145,44,0,44,189
11/11/2012,AVL,NC,ASO,ES,Combined TRACON& Tower with Radar,13,32,48,1,94,0,0,53,0,53,13,32,101,1,147,48,0,48,195
11/12/2012,AVL,NC,ASO,ES,Combined TRACON& Tower with Radar,11,30,22,0,63,0,0,0,0,0,11,30,22,0,63,12,0,12,75
11/13/2012,AVL,NC,ASO,ES,Combined TRACON& Tower with Radar,6,25,19,1,51,0,0,22,5,27,6,25,41,6,78,16,6,22,100
11/14/2012,AVL,NC,ASO,ES,Combined TRACON& Tower with Radar,11,34,48,9,102,0,0,36,5,41,11,34,84,14,143,70,0,70,213
11/15/2012,AVL,NC,ASO,ES,Combined TRACON& Tower with Radar,15,33,39,12,99,0,0,47,6,53,15,33,86,18,152,28,50,78,230
11/16/2012,AVL,NC,ASO,ES,Combined TRACON& Tower with Radar,11,30,44,6,91,0,1,49,6,56,11,31,93,12,147,44,0,44,191
11/17/2012,AVL,NC,ASO,ES,Combined TRACON& Tower with Radar,9,34,33,5,81,0,0,63,2,65,9,34,96,7,146,42,0,42,188
11/18/2012,AVL,NC,ASO,ES,Combined TRACON& Tower with Radar,13,33,37,0,83,0,5,20,4,29,13,38,57,4,112,0,0,0,112
11/19/2012,AVL,NC,ASO,ES,Combined TRACON& Tower with Radar,12,36,62,4,114,0,3,18,0,21,12,39,80,4,135,60,0,60,195
11/20/2012,AVL,NC,ASO,ES,Combined TRACON& Tower with Radar,15,46,46,14,121,0,3,40,11,54,15,49,86,25,175,84,42,126,301
11/21/2012,AVL,NC,ASO,ES,Combined TRACON& Tower with Radar,17,43,45,2,107,0,1,46,0,47,17,44,91,2,154,45,0,45,199
11/22/2012,AVL,NC,ASO,ES,Combined TRACON& Tower with Radar,8,28,10,0,46,0,0,30,0,30,8,28,40,0,76,0,0,0,76
11/23/2012,AVL,NC,ASO,ES,Combined TRACON& Tower with Radar,6,29,18,0,53,0,0,46,0,46,6,29,64,0,99,20,0,20,119
11/24/2012,AVL,NC,ASO,ES,Combined TRACON& Tower with Radar,14,43,18,0,75,0,1,34,0,35,14,44,52,0,110,42,0,42,152
11/25/2012,AVL,NC,ASO,ES,Combined TRACON& Tower with Radar,16,49,44,0,109,0,1,60,1,62,16,50,104,1,171,72,0,72,243
11/26/2012,AVL,NC,ASO,ES,Combined TRACON& Tower with Radar,10,34,25,10,79,0,1,28,4,33,10,35,53,14,112,28,6,34,146
11/27/2012,AVL,NC,ASO,ES,Combined TRACON& Tower with Radar,12,22,26,6,66,0,0,4,0,4,12,22,30,6,70,32,8,40,110
11/28/2012,AVL,NC,ASO,ES,Combined TRACON& Tower with Radar,11,30,36,14,91,0,1,37,5,43,11,31,73,19,134,18,0,18,152
11/29/2012,AVL,NC,ASO,ES,Combined TRACON& Tower with Radar,15,28,59,16,118,0,0,78,3,81,15,28,137,19,199,58,0,58,257
11/30/2012,AVL,NC,ASO,ES,Combined TRACON& Tower with Radar,9,31,30,28,98,0,0,62,12,74,9,31,92,40,172,80,14,94,266
12/01/2012,AVL,NC,ASO,ES,Combined TRACON& Tower with Radar,9,23,45,13,90,0,1,37,21,59,9,24,82,34,149,5,18,23,172
12/02/2012,AVL,NC,ASO,ES,Combined TRACON& Tower with Radar,13,24,31,5,73,0,0,29,3,32,13,24,60,8,105,24,0,24,129
12/03/2012,AVL,NC,ASO,ES,Combined TRACON& Tower with Radar,12,22,28,2,64,0,1,29,4,34,12,23,57,6,98,97,2,99,197
12/04/2012,AVL,NC,ASO,ES,Combined TRACON& Tower with Radar,12,24,29,2,67,0,1,35,6,42,12,25,64,8,109,66,0,66,175
12/05/2012,AVL,NC,ASO,ES,Combined TRACON& Tower with Radar,11,29,26,4,70,0,0,22,0,22,11,29,48,4,92,36,4,40,132
12/06/2012,AVL,NC,ASO,ES,Combined TRACON& Tower with Radar,15,27,40,17,99,0,0,21,5,26,15,27,61,22,125,68,12,80,205
12/07/2012,AVL,NC,ASO,ES,Combined TRACON& Tower with Radar,11,28,49,30,118,0,0,21,5,26,11,28,70,35,144,52,0,52,196
12/08/2012,AVL,NC,ASO,ES,Combined TRACON& Tower with Radar,8,26,36,0,70,0,0,29,0,29,8,26,65,0,99,47,0,47,146
12/09/2012,AVL,NC,ASO,ES,Combined TRACON& Tower with Radar,13,27,36,8,84,0,2,19,0,21,13,29,55,8,105,0,6,6,111
12/10/2012,AVL,NC,ASO,ES,Combined TRACON& Tower with Radar,10,30,16,3,59,0,0,0,0,0,10,30,16,3,59,0,0,0,59
12/11/2012,AVL,NC,ASO,ES,Combined TRACON& Tower with Radar,12,28,38,0,78,0,0,13,0,13,12,28,51,0,91,14,0,14,105
12/12/2012,AVL,NC,ASO,ES,Combined TRACON& Tower with Radar,9,28,37,4,78,0,0,27,3,30,9,28,64,7,108,60,0,60,168
12/13/2012,AVL,NC,ASO,ES,Combined TRACON& Tower with Radar,15,33,36,8,92,0,0,52,3,55,15,33,88,11,147,88,0,88,235
12/14/2012,AVL,NC,ASO,ES,Combined TRACON& Tower with Radar,11,27,42,16,96,0,0,68,2,70,11,27,110,18,166,78,0,78,244
12/15/2012,AVL,NC,ASO,ES,Combined TRACON& Tower with Radar,8,31,22,0,61,0,0,37,0,37,8,31,59,0,98,26,0,26,124
12/16/2012,AVL,NC,ASO,ES,Combined TRACON& Tower with Radar,13,26,29,0,68,0,0,1,2,3,13,26,30,2,71,0,0,0,71
12/17/2012,AVL,NC,ASO,ES,Combined TRACON& Tower with Radar,12,25,38,11,86,0,0,0,0,0,12,25,38,11,86,0,0,0,86
12/18/2012,AVL,NC,ASO,ES,Combined TRACON& Tower with Radar,13,21,35,18,87,0,0,23,3,26,13,21,58,21,113,28,0,28,141
12/19/2012,AVL,NC,ASO,ES,Combined TRACON& Tower with Radar,13,25,42,1,81,0,2,63,4,69,13,27,105,5,150,114,0,114,264
12/20/2012,AVL,NC,ASO,ES,Combined TRACON& Tower with Radar,15,26,18,3,62,0,0,9,0,9,15,26,27,3,71,0,0,0,71
12/21/2012,AVL,NC,ASO,ES,Combined TRACON& Tower with Radar,11,22,18,1,52,0,0,2,0,2,11,22,20,1,54,0,0,0,54
12/22/2012,AVL,NC,ASO,ES,Combined TRACON& Tower with Radar,13,21,27,0,61,0,1,10,0,11,13,22,37,0,72,0,0,0,72
12/23/2012,AVL,NC,ASO,ES,Combined TRACON& Tower with Radar,17,26,22,0,65,0,0,28,0,28,17,26,50,0,93,0,0,0,93
12/24/2012,AVL,NC,ASO,ES,Combined TRACON& Tower with Radar,13,21,5,0,39,0,0,0,0,0,13,21,5,0,39,0,0,0,39
12/25/2012,AVL,NC,ASO,ES,Combined TRACON& Tower with Radar,10,20,8,0,38,0,0,1,0,1,10,20,9,0,39,0,0,0,39
12/26/2012,AVL,NC,ASO,ES,Combined TRACON& Tower with Radar,13,21,18,2,54,0,0,0,0,0,13,21,18,2,54,0,0,0,54
12/27/2012,AVL,NC,ASO,ES,Combined TRACON& Tower with Radar,15,35,27,0,77,0,1,16,0,17,15,36,43,0,94,10,0,10,104
12/28/2012,AVL,NC,ASO,ES,Combined TRACON& Tower with Radar,15,27,34,2,78,0,0,50,0,50,15,27,84,2,128,18,0,18,146
12/29/2012,AVL,NC,ASO,ES,Combined TRACON& Tower with Radar,13,28,17,2,60,0,0,5,0,5,13,28,22,2,65,4,0,4,69
12/30/2012,AVL,NC,ASO,ES,Combined TRACON& Tower with Radar,12,26,24,0,62,0,0,37,0,37,12,26,61,0,99,0,0,0,99
12/31/2012,AVL,NC,ASO,ES,Combined TRACON& Tower with Radar,14,24,15,0,53,0,2,44,1,47,14,26,59,1,100,56,13,69,169
01/01/2013,AVL,NC,ASO,ES,Combined TRACON& Tower with Radar,10,21,5,0,36,0,0,4,0,4,10,21,9,0,40,0,0,0,40
01/02/2013,AVL,NC,ASO,ES,Combined TRACON& Tower with Radar,12,26,48,4,90,0,0,10,0,10,12,26,58,4,100,18,0,18,118
01/03/2013,AVL,NC,ASO,ES,Combined TRACON& Tower with Radar,17,26,21,20,84,0,8,16,0,24,17,34,37,20,108,30,14,44,152
01/04/2013,AVL,NC,ASO,ES,Combined TRACON& Tower with Radar,11,28,39,21,99,0,0,48,3,51,11,28,87,24,150,62,6,68,218
01/05/2013,AVL,NC,ASO,ES,Combined TRACON& Tower with Radar,13,25,28,2,68,0,0,47,0,47,13,25,75,2,115,40,0,40,155
01/06/2013,AVL,NC,ASO,ES,Combined TRACON& Tower with Radar,17,23,29,0,69,0,0,17,0,17,17,23,46,0,86,31,0,31,117
01/07/2013,AVL,NC,ASO,ES,Combined TRACON& Tower with Radar,14,27,18,6,65,0,0,31,1,32,14,27,49,7,97,15,14,29,126
01/08/2013,AVL,NC,ASO,ES,Combined TRACON& Tower with Radar,11,28,39,21,99,0,0,48,3,51,11,28,87,24,150,26,4,30,180
01/09/2013,AVL,NC,ASO,ES,Combined TRACON& Tower with Radar,12,25,24,0,61,0,0,5,2,7,12,25,29,2,68,29,0,29,97
01/10/2013,AVL,NC,ASO,ES,Combined TRACON& Tower with Radar,14,21,37,14,86,0,0,31,0,31,14,21,68,14,117,21,14,35,152
01/11/2013,AVL,NC,ASO,ES,Combined TRACON& Tower with Radar,13,28,31,0,72,0,0,0,0,0,13,28,31,0,72,0,0,0,72
01/12/2013,AVL,NC,ASO,ES,Combined TRACON& Tower with Radar,7,21,22,0,50,0,0,36,0,36,7,21,58,0,86,78,0,78,164
01/13/2013,AVL,NC,ASO,ES,Combined TRACON& Tower with Radar,13,27,29,0,69,0,0,15,0,15,13,27,44,0,84,38,0,38,122
01/14/2013,AVL,NC,ASO,ES,Combined TRACON& Tower with Radar,13,26,18,0,57,0,0,0,0,0,13,26,18,0,57,0,0,0,57
01/15/2013,AVL,NC,ASO,ES,Combined TRACON& Tower with Radar,13,20,25,0,58,0,0,0,0,0,13,20,25,0,58,0,0,0,58
01/16/2013,AVL,NC,ASO,ES,Combined TRACON& Tower with Radar,11,24,19,0,54,0,0,0,0,0,11,24,19,0,54,0,0,0,54
01/17/2013,AVL,NC,ASO,ES,Combined TRACON& Tower with Radar,11,22,9,0,42,0,0,0,0,0,11,22,9,0,42,0,0,0,42
01/18/2013,AVL,NC,ASO,ES,Combined TRACON& Tower with Radar,12,21,22,14,69,0,4,51,2,57,12,25,73,16,126,88,0,88,214
01/19/2013,AVL,NC,ASO,ES,Combined TRACON& Tower with Radar,10,25,27,0,62,0,0,72,0,72,10,25,99,0,134,48,0,48,182
01/20/2013,AVL,NC,ASO,ES,Combined TRACON& Tower with Radar,13,21,28,4,66,0,2,52,0,54,13,23,80,4,120,122,0,122,242
01/21/2013,AVL,NC,ASO,ES,Combined TRACON& Tower with Radar,14,21,30,0,65,0,0,26,0,26,14,21,56,0,91,79,0,79,170
01/22/2013,AVL,NC,ASO,ES,Combined TRACON& Tower with Radar,13,20,25,0,58,0,0,0,0,0,13,20,25,0,58,42,4,46,104
01/23/2013,AVL,NC,ASO,ES,Combined TRACON& Tower with Radar,11,24,19,0,54,0,0,0,0,0,11,24,19,0,54,122,0,122,176
01/24/2013,AVL,NC,ASO,ES,Combined TRACON& Tower with Radar,14,18,18,0,50,0,0,10,2,12,14,18,28,2,62,13,0,13,75
01/25/2013,AVL,NC,ASO,ES,Combined TRACON& Tower with Radar,7,15,9,0,31,0,0,0,0,0,7,15,9,0,31,0,0,0,31
01/26/2013,AVL,NC,ASO,ES,Combined TRACON& Tower with Radar,9,20,17,1,47,0,0,17,0,17,9,20,34,1,64,64,8,72,136
01/27/2013,AVL,NC,ASO,ES,Combined TRACON& Tower with Radar,13,24,25,2,64,0,0,27,0,27,13,24,52,2,91,38,4,42,133
01/28/2013,AVL,NC,ASO,ES,Combined TRACON& Tower with Radar,11,23,31,18,83,0,1,10,14,25,11,24,41,32,108,40,0,40,148
01/29/2013,AVL,NC,ASO,ES,Combined TRACON& Tower with Radar,14,22,42,8,86,0,0,16,1,17,14,22,58,9,103,56,0,56,159
01/30/2013,AVL,NC,ASO,ES,Combined TRACON& Tower with Radar,13,17,4,0,34,0,0,0,0,0,13,17,4,0,34,0,0,0,34
01/31/2013,AVL,NC,ASO,ES,Combined TRACON& Tower with Radar,15,28,27,4,74,0,0,15,0,15,15,28,42,4,89,2,0,2,91
02/01/2013,AVL,NC,ASO,ES,Combined TRACON& Tower with Radar,11,24,25,7,67,0,4,13,2,19,11,28,38,9,86,6,0,6,92
02/02/2013,AVL,NC,ASO,ES,Combined TRACON& Tower with Radar,11,22,16,0,49,0,1,28,0,29,11,23,44,0,78,74,18,92,170
02/03/2013,AVL,NC,ASO,ES,Combined TRACON& Tower with Radar,13,24,12,2,51,0,0,6,0,6,13,24,18,2,57,14,0,14,71
02/04/2013,AVL,NC,ASO,ES,Combined TRACON& Tower with Radar,12,26,25,2,65,0,0,32,0,32,12,26,57,2,97,28,0,28,125
02/05/2013,AVL,NC,ASO,ES,Combined TRACON& Tower with Radar,10,29,26,12,77,0,0,17,4,21,10,29,43,16,98,91,0,91,189
02/06/2013,AVL,NC,ASO,ES,Combined TRACON& Tower with Radar,13,17,4,0,34,0,0,0,0,0,13,17,4,0,34,42,2,44,78
02/07/2013,AVL,NC,ASO,ES,Combined TRACON& Tower with Radar,16,23,24,12,75,0,0,10,2,12,16,23,34,14,87,0,0,0,87
02/08/2013,AVL,NC,ASO,ES,Combined TRACON& Tower with Radar,13,28,23,9,73,0,0,2,0,2,13,28,25,9,75,0,0,0,75
02/09/2013,AVL,NC,ASO,ES,Combined TRACON& Tower with Radar,11,24,36,3,74,0,2,66,5,73,11,26,102,8,147,110,0,110,257
02/10/2013,AVL,NC,ASO,ES,Combined TRACON& Tower with Radar,15,23,29,3,70,0,0,22,1,23,15,23,51,4,93,42,0,42,135
02/11/2013,AVL,NC,ASO,ES,Combined TRACON& Tower with Radar,12,24,26,0,62,0,2,3,0,5,12,26,29,0,67,0,0,0,67
02/12/2013,AVL,NC,ASO,ES,Combined TRACON& Tower with Radar,9,34,48,17,108,0,0,10,2,12,9,34,58,19,120,18,19,37,157
02/13/2013,AVL,NC,ASO,ES,Combined TRACON& Tower with Radar,13,29,24,8,74,0,0,1,8,9,13,29,25,16,83,0,0,0,83
02/14/2013,AVL,NC,ASO,ES,Combined TRACON& Tower with Radar,15,26,42,13,96,0,4,42,1,47,15,30,84,14,143,18,0,18,161
02/15/2013,AVL,NC,ASO,ES,Combined TRACON& Tower with Radar,11,28,46,2,87,0,0,26,4,30,11,28,72,6,117,32,0,32,149
02/16/2013,AVL,NC,ASO,ES,Combined TRACON& Tower with Radar,11,21,10,0,42,0,0,3,0,3,11,21,13,0,45,18,0,18,63
02/17/2013,AVL,NC,ASO,ES,Combined TRACON& Tower with Radar,15,17,13,0,45,0,0,10,0,10,15,17,23,0,55,0,0,0,55
02/18/2013,AVL,NC,ASO,ES,Combined TRACON& Tower with Radar,11,32,39,14,96,0,0,33,1,34,11,32,72,15,130,12,0,12,142
02/19/2013,AVL,NC,ASO,ES,Combined TRACON& Tower with Radar,13,25,20,3,61,0,4,5,2,11,13,29,25,5,72,0,4,4,76
02/20/2013,AVL,NC,ASO,ES,Combined TRACON& Tower with Radar,9,40,39,44,132,0,2,35,8,45,9,42,74,52,177,10,36,46,223
02/21/2013,AVL,NC,ASO,ES,Combined TRACON& Tower with Radar,11,25,25,6,67,0,0,46,1,47,11,25,71,7,114,98,0,98,212
02/22/2013,AVL,NC,ASO,ES,Combined TRACON& Tower with Radar,15,21,17,0,53,0,0,0,0,0,15,21,17,0,53,0,0,0,53
02/23/2013,AVL,NC,ASO,ES,Combined TRACON& Tower with Radar,9,30,23,0,62,0,1,2,0,3,9,31,25,0,65,0,2,2,67
02/24/2013,AVL,NC,ASO,ES,Combined TRACON& Tower with Radar,11,26,36,33,106,0,0,60,4,64,11,26,96,37,170,60,8,68,238
02/25/2013,AVL,NC,ASO,ES,Combined TRACON& Tower with Radar,11,26,31,2,70,0,0,56,0,56,11,26,87,2,126,42,0,42,168
02/26/2013,AVL,NC,ASO,ES,Combined TRACON& Tower with Radar,13,19,15,0,47,0,0,0,0,0,13,19,15,0,47,0,0,0,47
02/27/2013,AVL,NC,ASO,ES,Combined TRACON& Tower with Radar,12,29,51,34,126,0,4,28,1,33,12,33,79,35,159,0,10,10,169
02/28/2013,AVL,NC,ASO,ES,Combined TRACON& Tower with Radar,15,28,34,2,79,0,3,9,2,14,15,31,43,4,93,14,0,14,107
03/01/2013,AVL,NC,ASO,ES,Combined TRACON& Tower with Radar,13,28,22,0,63,0,0,9,1,10,13,28,31,1,73,22,0,22,95
03/02/2013,AVL,NC,ASO,ES,Combined TRACON& Tower with Radar,13,23,12,0,48,0,0,2,0,2,13,23,14,0,50,0,0,0,50
03/03/2013,AVL,NC,ASO,ES,Combined TRACON& Tower with Radar,13,34,24,0,71,0,1,15,1,17,13,35,39,1,88,16,0,16,104
03/04/2013,AVL,NC,ASO,ES,Combined TRACON& Tower with Radar,13,31,34,2,80,0,0,33,2,35,13,31,67,4,115,40,0,40,155
03/05/2013,AVL,NC,ASO,ES,Combined TRACON& Tower with Radar,13,32,28,0,73,0,0,1,0,1,13,32,29,0,74,0,0,0,74
03/06/2013,AVL,NC,ASO,ES,Combined TRACON& Tower with Radar,10,24,12,0,46,0,0,3,0,3,10,24,15,0,49,0,0,0,49
03/07/2013,AVL,NC,ASO,ES,Combined TRACON& Tower with Radar,14,26,41,1,82,0,0,21,2,23,14,26,62,3,105,0,0,0,105
03/08/2013,AVL,NC,ASO,ES,Combined TRACON& Tower with Radar,15,26,41,9,91,0,0,60,1,61,15,26,101,10,152,13,0,13,165
03/09/2013,AVL,NC,ASO,ES,Combined TRACON& Tower with Radar,15,30,40,20,105,0,0,90,1,91,15,30,130,21,196,34,0,34,230
03/10/2013,AVL,NC,ASO,ES,Combined TRACON& Tower with Radar,13,27,47,20,107,0,1,47,2,50,13,28,94,22,157,34,2,36,193
03/11/2013,AVL,NC,ASO,ES,Combined TRACON& Tower with Radar,15,32,38,2,87,0,0,0,0,0,15,32,38,2,87,0,0,0,87
03/12/2013,AVL,NC,ASO,ES,Combined TRACON& Tower with Radar,15,27,27,12,81,0,2,22,0,24,15,29,49,12,105,25,0,25,130
03/13/2013,AVL,NC,ASO,ES,Combined TRACON& Tower with Radar,13,27,33,4,77,0,5,32,4,41,13,32,65,8,118,38,0,38,156
03/14/2013,AVL,NC,ASO,ES,Combined TRACON& Tower with Radar,17,31,30,6,84,0,0,45,1,46,17,31,75,7,130,59,14,73,203
03/15/2013,AVL,NC,ASO,ES,Combined TRACON& Tower with Radar,13,31,42,12,98,0,1,43,0,44,13,32,85,12,142,68,0,68,210
03/16/2013,AVL,NC,ASO,ES,Combined TRACON& Tower with Radar,13,29,25,4,71,0,4,26,0,30,13,33,51,4,101,0,0,0,101
03/17/2013,AVL,NC,ASO,ES,Combined TRACON& Tower with Radar,15,24,39,0,78,0,0,31,0,31,15,24,70,0,109,56,0,56,165
03/18/2013,AVL,NC,ASO,ES,Combined TRACON& Tower with Radar,12,21,24,0,57,0,0,0,0,0,12,21,24,0,57,0,0,0,57
03/19/2013,AVL,NC,ASO,ES,Combined TRACON& Tower with Radar,9,29,35,7,80,0,2,22,2,26,9,31,57,9,106,34,36,70,176
03/20/2013,AVL,NC,ASO,ES,Combined TRACON& Tower with Radar,11,27,34,4,76,0,0,32,2,34,11,27,66,6,110,24,0,24,134
03/21/2013,AVL,NC,ASO,ES,Combined TRACON& Tower with Radar,12,38,28,0,78,0,0,30,5,35,12,38,58,5,113,18,0,18,131
03/22/2013,AVL,NC,ASO,ES,Combined TRACON& Tower with Radar,11,34,43,2,90,0,2,35,0,37,11,36,78,2,127,95,0,95,222
03/23/2013,AVL,NC,ASO,ES,Combined TRACON& Tower with Radar,13,29,16,0,58,0,2,3,0,5,13,31,19,0,63,36,18,54,117
03/24/2013,AVL,NC,ASO,ES,Combined TRACON& Tower with Radar,11,32,16,0,59,0,0,0,0,0,11,32,16,0,59,0,0,0,59
03/25/2013,AVL,NC,ASO,ES,Combined TRACON& Tower with Radar,8,27,22,8,65,0,1,1,0,2,8,28,23,8,67,0,0,0,67
03/26/2013,AVL,NC,ASO,ES,Combined TRACON& Tower with Radar,15,30,23,6,74,0,0,1,0,1,15,30,24,6,75,0,0,0,75
03/27/2013,AVL,NC,ASO,ES,Combined TRACON& Tower with Radar,11,30,37,10,88,0,0,30,2,32,11,30,67,12,120,0,0,0,120
03/28/2013,AVL,NC,ASO,ES,Combined TRACON& Tower with Radar,14,40,52,16,122,0,0,41,7,48,14,40,93,23,170,80,0,80,250
03/29/2013,AVL,NC,ASO,ES,Combined TRACON& Tower with Radar,12,36,57,18,123,0,0,54,0,54,12,36,111,18,177,83,32,115,292
03/30/2013,AVL,NC,ASO,ES,Combined TRACON& Tower with Radar,15,27,16,0,58,0,0,21,0,21,15,27,37,0,79,112,6,118,197
03/31/2013,AVL,NC,ASO,ES,Combined TRACON& Tower with Radar,15,37,29,0,81,0,0,7,0,7,15,37,36,0,88,30,0,30,118
04/01/2013,AVL,NC,ASO,ES,Combined TRACON& Tower with Radar,11,32,33,6,82,0,0,31,1,32,11,32,64,7,114,40,6,46,160
04/02/2013,AVL,NC,ASO,ES,Combined TRACON& Tower with Radar,13,30,42,3,88,0,0,47,1,48,13,30,89,4,136,103,5,108,244
04/03/2013,AVL,NC,ASO,ES,Combined TRACON& Tower with Radar,14,35,47,2,98,0,0,41,6,47,14,35,88,8,145,84,0,84,229
04/04/2013,AVL,NC,ASO,ES,Combined TRACON& Tower with Radar,17,25,31,0,73,0,0,0,0,0,17,25,31,0,73,0,0,0,73
04/05/2013,AVL,NC,ASO,ES,Combined TRACON& Tower with Radar,13,29,35,31,108,0,0,10,2,12,13,29,45,33,120,66,0,66,186
04/06/2013,AVL,NC,ASO,ES,Combined TRACON& Tower with Radar,9,36,25,0,70,0,0,120,5,125,9,36,145,5,195,30,0,30,225
04/07/2013,AVL,NC,ASO,ES,Combined TRACON& Tower with Radar,13,30,28,17,88,0,0,37,2,39,13,30,65,19,127,51,0,51,178
04/08/2013,AVL,NC,ASO,ES,Combined TRACON& Tower with Radar,11,31,20,6,68,0,0,20,0,20,11,31,40,6,88,8,0,8,96
04/09/2013,AVL,NC,ASO,ES,Combined TRACON& Tower with Radar,13,33,35,13,94,0,1,61,6,68,13,34,96,19,162,20,10,30,192
04/10/2013,AVL,NC,ASO,ES,Combined TRACON& Tower with Radar,9,33,28,3,73,0,0,42,1,43,9,33,70,4,116,48,2,50,166
04/11/2013,AVL,NC,ASO,ES,Combined TRACON& Tower with Radar,16,27,21,0,64,0,0,10,0,10,16,27,31,0,74,50,0,50,124
04/12/2013,AVL,NC,ASO,ES,Combined TRACON& Tower with Radar,12,30,35,12,89,0,0,21,1,22,12,30,56,13,111,35,0,35,146
04/13/2013,AVL,NC,ASO,ES,Combined TRACON& Tower with Radar,12,28,23,0,63,0,2,40,0,42,12,30,63,0,105,50,0,50,155
04/14/2013,AVL,NC,ASO,ES,Combined TRACON& Tower with Radar,12,26,32,2,72,0,0,28,1,29,12,26,60,3,101,42,0,42,143
04/15/2013,AVL,NC,ASO,ES,Combined TRACON& Tower with Radar,11,35,54,10,110,0,0,6,0,6,11,35,60,10,116,20,0,20,136
04/16/2013,AVL,NC,ASO,ES,Combined TRACON& Tower with Radar,11,33,57,2,103,0,0,31,4,35,11,33,88,6,138,68,0,68,206
04/17/2013,AVL,NC,ASO,ES,Combined TRACON& Tower with Radar,12,26,29,17,84,0,0,16,2,18,12,26,45,19,102,2,0,2,104
04/18/2013,AVL,NC,ASO,ES,Combined TRACON& Tower with Radar,9,33,28,3,73,0,0,42,1,43,9,33,70,4,116,32,0,32,148
04/19/2013,AVL,NC,ASO,ES,Combined TRACON& Tower with Radar,11,32,26,0,69,0,0,3,0,3,11,32,29,0,72,0,0,0,72
04/20/2013,AVL,NC,ASO,ES,Combined TRACON& Tower with Radar,11,25,22,0,58,0,0,46,0,46,11,25,68,0,104,36,0,36,140
04/21/2013,AVL,NC,ASO,ES,Combined TRACON& Tower with Radar,17,28,53,11,109,0,0,51,1,52,17,28,104,12,161,0,0,0,161
04/22/2013,AVL,NC,ASO,ES,Combined TRACON& Tower with Radar,13,33,45,1,92,0,0,30,3,33,13,33,75,4,125,0,0,0,125
04/23/2013,AVL,NC,ASO,ES,Combined TRACON& Tower with Radar,10,31,29,11,81,0,0,48,3,51,10,31,77,14,132,22,16,38,170
04/24/2013,AVL,NC,ASO,ES,Combined TRACON& Tower with Radar,12,30,30,2,74,0,2,12,1,15,12,32,42,3,89,0,0,0,89
04/25/2013,AVL,NC,ASO,ES,Combined TRACON& Tower with Radar,17,35,49,0,101,0,1,52,2,55,17,36,101,2,156,62,6,68,224
04/26/2013,AVL,NC,ASO,ES,Combined TRACON& Tower with Radar,13,31,57,20,121,0,1,75,3,79,13,32,132,23,200,108,0,108,308
04/27/2013,AVL,NC,ASO,ES,Combined TRACON& Tower with Radar,13,28,11,2,54,0,0,10,0,10,13,28,21,2,64,18,0,18,82
04/28/2013,AVL,NC,ASO,ES,Combined TRACON& Tower with Radar,11,26,22,0,59,0,0,0,0,0,11,26,22,0,59,0,0,0,59
04/29/2013,AVL,NC,ASO,ES,Combined TRACON& Tower with Radar,12,31,38,12,93,0,0,21,2,23,12,31,59,14,116,20,0,20,136
04/30/2013,AVL,NC,ASO,ES,Combined TRACON& Tower with Radar,13,34,34,8,89,0,0,41,2,43,13,34,75,10,132,45,10,55,187
05/01/2013,AVL,NC,ASO,ES,Combined TRACON& Tower with Radar,11,36,47,11,105,0,2,20,0,22,11,38,67,11,127,46,20,66,193
05/02/2013,AVL,NC,ASO,ES,Combined TRACON& Tower with Radar,15,45,34,4,98,0,0,2,2,4,15,45,36,6,102,38,0,38,140
05/03/2013,AVL,NC,ASO,ES,Combined TRACON& Tower with Radar,11,39,56,2,108,0,0,12,2,14,11,39,68,4,122,54,0,54,176
05/04/2013,AVL,NC,ASO,ES,Combined TRACON& Tower with Radar,9,34,38,0,81,0,0,0,0,0,9,34,38,0,81,0,0,0,81
05/05/2013,AVL,NC,ASO,ES,Combined TRACON& Tower with Radar,17,34,29,0,80,0,0,0,0,0,17,34,29,0,80,0,0,0,80
05/06/2013,AVL,NC,ASO,ES,Combined TRACON& Tower with Radar,13,30,53,2,98,0,3,27,10,40,13,33,80,12,138,23,0,23,161
05/07/2013,AVL,NC,ASO,ES,Combined TRACON& Tower with Radar,9,37,47,5,98,0,0,22,5,27,9,37,69,10,125,59,0,59,184
05/08/2013,AVL,NC,ASO,ES,Combined TRACON& Tower with Radar,9,37,62,11,119,0,0,18,0,18,9,37,80,11,137,34,0,34,171
05/09/2013,AVL,NC,ASO,ES,Combined TRACON& Tower with Radar,15,41,56,22,134,0,1,56,8,65,15,42,112,30,199,94,6,100,299
05/10/2013,AVL,NC,ASO,ES,Combined TRACON& Tower with Radar,11,32,47,23,113,0,0,31,3,34,11,32,78,26,147,10,0,10,157
05/11/2013,AVL,NC,ASO,ES,Combined TRACON& Tower with Radar,11,35,22,0,68,0,2,22,0,24,11,37,44,0,92,20,0,20,112
05/12/2013,AVL,NC,ASO,ES,Combined TRACON& Tower with Radar,15,36,33,12,96,0,0,25,0,25,15,36,58,12,121,0,0,0,121
05/13/2013,AVL,NC,ASO,ES,Combined TRACON& Tower with Radar,11,38,42,2,93,0,1,57,2,60,11,39,99,4,153,26,20,46,199
05/14/2013,AVL,NC,ASO,ES,Combined TRACON& Tower with Radar,14,36,47,7,104,0,2,54,2,58,14,38,101,9,162,21,0,21,183
05/15/2013,AVL,NC,ASO,ES,Combined TRACON& Tower with Radar,11,39,59,11,120,0,4,53,2,59,11,43,112,13,179,30,0,30,209
05/16/2013,AVL,NC,ASO,ES,Combined TRACON& Tower with Radar,16,41,54,11,122,0,0,49,3,52,16,41,103,14,174,20,22,42,216
05/17/2013,AVL,NC,ASO,ES,Combined TRACON& Tower with Radar,11,41,50,2,104,0,0,39,3,42,11,41,89,5,146,30,0,30,176
05/18/2013,AVL,NC,ASO,ES,Combined TRACON& Tower with Radar,11,32,22,0,65,0,0,38,0,38,11,32,60,0,103,0,0,0,103
05/19/2013,AVL,NC,ASO,ES,Combined TRACON& Tower with Radar,13,42,44,0,99,0,0,5,0,5,13,42,49,0,104,6,0,6,110
05/20/2013,AVL,NC,ASO,ES,Combined TRACON& Tower with Radar,11,43,54,9,117,0,0,17,2,19,11,43,71,11,136,36,16,52,188
05/21/2013,AVL,NC,ASO,ES,Combined TRACON& Tower with Radar,11,39,48,23,121,0,1,33,0,34,11,40,81,23,155,34,2,36,191
05/22/2013,AVL,NC,ASO,ES,Combined TRACON& Tower with Radar,11,46,54,28,139,0,0,18,8,26,11,46,72,36,165,34,0,34,199
05/23/2013,AVL,NC,ASO,ES,Combined TRACON& Tower with Radar,16,41,57,11,125,0,0,50,10,60,16,41,107,21,185,60,0,60,245
05/24/2013,AVL,NC,ASO,ES,Combined TRACON& Tower with Radar,11,35,60,1,107,0,0,20,2,22,11,35,80,3,129,0,0,0,129
05/25/2013,AVL,NC,ASO,ES,Combined TRACON& Tower with Radar,11,26,34,0,71,0,0,72,0,72,11,26,106,0,143,8,0,8,151
05/26/2013,AVL,NC,ASO,ES,Combined TRACON& Tower with Radar,12,31,42,0,85,0,1,49,2,52,12,32,91,2,137,40,0,40,177
05/27/2013,AVL,NC,ASO,ES,Combined TRACON& Tower with Radar,10,37,60,0,107,0,0,54,0,54,10,37,114,0,161,36,0,36,197
05/28/2013,AVL,NC,ASO,ES,Combined TRACON& Tower with Radar,11,42,48,7,108,0,4,22,3,29,11,46,70,10,137,5,20,25,162
05/29/2013,AVL,NC,ASO,ES,Combined TRACON& Tower with Radar,8,48,45,20,121,0,0,27,3,30,8,48,72,23,151,70,12,82,233
05/30/2013,AVL,NC,ASO,ES,Combined TRACON& Tower with Radar,13,43,48,2,106,0,3,35,9,47,13,46,83,11,153,88,14,102,255
05/31/2013,AVL,NC,ASO,ES,Combined TRACON& Tower with Radar,11,39,50,27,127,0,3,42,1,46,11,42,92,28,173,38,26,64,237
06/01/2013,AVL,NC,ASO,ES,Combined TRACON& Tower with Radar,13,36,48,23,120,0,3,32,5,40,13,39,80,28,160,12,10,22,182
06/02/2013,AVL,NC,ASO,ES,Combined TRACON& Tower with Radar,17,36,38,0,91,0,0,1,0,1,17,36,39,0,92,0,0,0,92
06/03/2013,AVL,NC,ASO,ES,Combined TRACON& Tower with Radar,15,37,34,0,86,0,2,15,0,17,15,39,49,0,103,24,0,24,127
06/04/2013,AVL,NC,ASO,ES,Combined TRACON& Tower with Radar,13,32,52,7,104,0,0,53,0,53,13,32,105,7,157,54,0,54,211
06/05/2013,AVL,NC,ASO,ES,Combined TRACON& Tower with Radar,15,40,56,15,126,0,0,16,5,21,15,40,72,20,147,16,2,18,165
06/06/2013,AVL,NC,ASO,ES,Combined TRACON& Tower with Radar,13,31,44,1,89,0,2,2,0,4,13,33,46,1,93,42,0,42,135
06/07/2013,AVL,NC,ASO,ES,Combined TRACON& Tower with Radar,16,35,29,8,88,0,0,4,0,4,16,35,33,8,92,30,0,30,122
06/08/2013,AVL,NC,ASO,ES,Combined TRACON& Tower with Radar,11,35,52,6,104,0,0,109,6,115,11,35,161,12,219,26,0,26,245
06/09/2013,AVL,NC,ASO,ES,Combined TRACON& Tower with Radar,13,54,50,0,117,0,0,10,0,10,13,54,60,0,127,0,0,0,127
06/10/2013,AVL,NC,ASO,ES,Combined TRACON& Tower with Radar,17,41,36,0,94,0,0,2,0,2,17,41,38,0,96,0,0,0,96
06/11/2013,AVL,NC,ASO,ES,Combined TRACON& Tower with Radar,13,43,50,22,128,0,4,45,5,54,13,47,95,27,182,50,0,50,232
06/12/2013,AVL,NC,ASO,ES,Combined TRACON& Tower with Radar,17,34,69,4,124,0,0,50,2,52,17,34,119,6,176,29,0,29,205
06/13/2013,AVL,NC,ASO,ES,Combined TRACON& Tower with Radar,15,32,24,4,75,0,1,21,0,22,15,33,45,4,97,10,0,10,107
06/14/2013,AVL,NC,ASO,ES,Combined TRACON& Tower with Radar,15,53,59,10,137,0,0,36,5,41,15,53,95,15,178,18,0,18,196
06/15/2013,AVL,NC,ASO,ES,Combined TRACON& Tower with Radar,13,42,45,6,106,0,2,64,0,66,13,44,109,6,172,38,0,38,210
06/16/2013,AVL,NC,ASO,ES,Combined TRACON& Tower with Radar,17,70,58,0,145,0,0,53,2,55,17,70,111,2,200,2,0,2,202
06/17/2013,AVL,NC,ASO,ES,Combined TRACON& Tower with Radar,14,44,49,2,109,0,1,19,0,20,14,45,68,2,129,50,0,50,179
06/18/2013,AVL,NC,ASO,ES,Combined TRACON& Tower with Radar,11,41,35,14,101,0,2,5,0,7,11,43,40,14,108,18,28,46,154
06/19/2013,AVL,NC,ASO,ES,Combined TRACON& Tower with Radar,15,40,49,8,112,0,3,34,6,43,15,43,83,14,155,21,14,35,190
06/20/2013,AVL,NC,ASO,ES,Combined TRACON& Tower with Radar,14,43,69,0,126,0,0,23,4,27,14,43,92,4,153,42,0,42,195
06/21/2013,AVL,NC,ASO,ES,Combined TRACON& Tower with Radar,12,47,83,8,150,0,0,61,3,64,12,47,144,11,214,126,4,130,344
06/22/2013,AVL,NC,ASO,ES,Combined TRACON& Tower with Radar,15,41,72,6,134,0,1,199,2,202,15,42,271,8,336,18,0,18,354
06/23/2013,AVL,NC,ASO,ES,Combined TRACON& Tower with Radar,15,54,88,5,162,0,0,24,9,33,15,54,112,14,195,40,9,49,244
06/24/2013,AVL,NC,ASO,ES,Combined TRACON& Tower with Radar,15,42,65,0,122,0,0,16,4,20,15,42,81,4,142,50,0,50,192
06/25/2013,AVL,NC,ASO,ES,Combined TRACON& Tower with Radar,11,41,36,12,100,0,0,20,4,24,11,41,56,16,124,74,8,82,206
06/26/2013,AVL,NC,ASO,ES,Combined TRACON& Tower with Radar,13,41,49,3,106,0,0,32,8,40,13,41,81,11,146,6,0,6,152
06/27/2013,AVL,NC,ASO,ES,Combined TRACON& Tower with Radar,14,30,44,9,97,0,0,36,2,38,14,30,80,11,135,50,0,50,185
06/28/2013,AVL,NC,ASO,ES,Combined TRACON& Tower with Radar,16,47,48,18,129,0,0,37,2,39,16,47,85,20,168,6,0,6,174
06/29/2013,AVL,NC,ASO,ES,Combined TRACON& Tower with Radar,13,48,56,2,119,0,0,55,0,55,13,48,111,2,174,50,4,54,228
06/30/2013,AVL,NC,ASO,ES,Combined TRACON& Tower with Radar,15,49,51,6,121,0,0,32,2,34,15,49,83,8,155,54,18,72,227
07/01/2013,AVL,NC,ASO,ES,Combined TRACON& Tower with Radar,16,47,38,0,101,0,0,10,0,10,16,47,48,0,111,30,0,30,141
07/02/2013,AVL,NC,ASO,ES,Combined TRACON& Tower with Radar,11,46,54,11,122,0,0,13,0,13,11,46,67,11,135,20,10,30,165
07/03/2013,AVL,NC,ASO,ES,Combined TRACON& Tower with Radar,10,40,46,0,96,0,0,2,0,2,10,40,48,0,98,0,0,0,98
07/04/2013,AVL,NC,ASO,ES,Combined TRACON& Tower with Radar,18,20,12,0,50,0,0,0,0,0,18,20,12,0,50,0,0,0,50
07/05/2013,AVL,NC,ASO,ES,Combined TRACON& Tower with Radar,12,30,45,0,87,0,2,5,0,7,12,32,50,0,94,66,0,66,160
07/06/2013,AVL,NC,ASO,ES,Combined TRACON& Tower with Radar,11,50,52,2,115,0,1,4,0,5,11,51,56,2,120,46,0,46,166
07/07/2013,AVL,NC,ASO,ES,Combined TRACON& Tower with Radar,16,58,75,0,149,0,1,10,0,11,16,59,85,0,160,0,0,0,160
07/08/2013,AVL,NC,ASO,ES,Combined TRACON& Tower with Radar,12,37,48,21,118,0,0,34,5,39,12,37,82,26,157,60,4,64,221
07/09/2013,AVL,NC,ASO,ES,Combined TRACON& Tower with Radar,11,34,46,13,104,0,0,46,4,50,11,34,92,17,154,147,10,157,311
07/10/2013,AVL,NC,ASO,ES,Combined TRACON& Tower with Radar,14,28,42,2,86,0,0,14,1,15,14,28,56,3,101,56,0,56,157
07/11/2013,AVL,NC,ASO,ES,Combined TRACON& Tower with Radar,14,45,59,15,133,0,0,8,2,10,14,45,67,17,143,54,0,54,197
07/12/2013,AVL,NC,ASO,ES,Combined TRACON& Tower with Radar,15,40,62,12,129,0,0,63,14,77,15,40,125,26,206,26,0,26,232
07/13/2013,AVL,NC,ASO,ES,Combined TRACON& Tower with Radar,17,43,38,18,116,0,0,2,1,3,17,43,40,19,119,14,20,34,153
07/14/2013,AVL,NC,ASO,ES,Combined TRACON& Tower with Radar,17,51,63,8,139,0,0,0,1,1,17,51,63,9,140,0,8,8,148
07/15/2013,AVL,NC,ASO,ES,Combined TRACON& Tower with Radar,15,42,54,2,113,0,0,43,4,47,15,42,97,6,160,75,0,75,235
07/16/2013,AVL,NC,ASO,ES,Combined TRACON& Tower with Radar,13,43,44,10,110,0,0,76,4,80,13,43,120,14,190,72,8,80,270
07/17/2013,AVL,NC,ASO,ES,Combined TRACON& Tower with Radar,12,44,61,6,123,0,1,24,0,25,12,45,85,6,148,50,4,54,202
07/18/2013,AVL,NC,ASO,ES,Combined TRACON& Tower with Radar,18,47,63,21,149,0,0,41,2,43,18,47,104,23,192,98,0,98,290
07/19/2013,AVL,NC,ASO,ES,Combined TRACON& Tower with Radar,15,46,94,16,171,0,6,27,2,35,15,52,121,18,206,76,38,114,320
07/20/2013,AVL,NC,ASO,ES,Combined TRACON& Tower with Radar,13,42,55,0,110,0,0,25,0,25,13,42,80,0,135,27,0,27,162
07/21/2013,AVL,NC,ASO,ES,Combined TRACON& Tower with Radar,19,44,69,0,132,0,2,11,0,13,19,46,80,0,145,18,0,18,163
07/22/2013,AVL,NC,ASO,ES,Combined TRACON& Tower with Radar,15,38,48,2,103,0,1,12,0,13,15,39,60,2,116,20,0,20,136
07/23/2013,AVL,NC,ASO,ES,Combined TRACON& Tower with Radar,13,38,58,10,119,0,0,43,0,43,13,38,101,10,162,74,0,74,236
07/24/2013,AVL,NC,ASO,ES,Combined TRACON& Tower with Radar,13,42,53,0,108,0,1,60,0,61,13,43,113,0,169,34,0,34,203
07/25/2013,AVL,NC,ASO,ES,Combined TRACON& Tower with Radar,19,41,76,2,138,0,0,37,2,39,19,41,113,4,177,80,0,80,257
07/26/2013,AVL,NC,ASO,ES,Combined TRACON& Tower with Radar,15,50,71,19,155,0,0,34,0,34,15,50,105,19,189,174,18,192,381
07/27/2013,AVL,NC,ASO,ES,Combined TRACON& Tower with Radar,11,42,46,2,101,0,0,4,0,4,11,42,50,2,105,8,0,8,113
07/28/2013,AVL,NC,ASO,ES,Combined TRACON& Tower with Radar,17,56,70,2,145,0,6,15,0,21,17,62,85,2,166,18,0,18,184
07/29/2013,AVL,NC,ASO,ES,Combined TRACON& Tower with Radar,15,44,76,11,146,0,1,74,2,77,15,45,150,13,223,168,10,178,401
07/30/2013,AVL,NC,ASO,ES,Combined TRACON& Tower with Radar,12,42,60,13,127,0,4,51,3,58,12,46,111,16,185,146,15,161,346
07/31/2013,AVL,NC,ASO,ES,Combined TRACON& Tower with Radar,15,46,37,0,98,0,0,1,0,1,15,46,38,0,99,14,0,14,113
08/01/2013,AVL,NC,ASO,ES,Combined TRACON& Tower with Radar,19,44,68,20,151,0,0,24,2,26,19,44,92,22,177,39,16,55,232
08/02/2013,AVL,NC,ASO,ES,Combined TRACON& Tower with Radar,15,44,76,18,153,0,0,58,1,59,15,44,134,19,212,20,0,20,232
08/03/2013,AVL,NC,ASO,ES,Combined TRACON& Tower with Radar,13,45,51,0,109,0,0,56,0,56,13,45,107,0,165,56,2,58,223
08/04/2013,AVL,NC,ASO,ES,Combined TRACON& Tower with Radar,17,42,64,3,126,0,0,39,0,39,17,42,103,3,165,32,0,32,197
08/05/2013,AVL,NC,ASO,ES,Combined TRACON& Tower with Radar,15,41,52,0,108,0,1,58,0,59,15,42,110,0,167,152,0,152,319
08/06/2013,AVL,NC,ASO,ES,Combined TRACON& Tower with Radar,13,34,64,12,123,0,0,18,0,18,13,34,82,12,141,136,8,144,285
08/07/2013,AVL,NC,ASO,ES,Combined TRACON& Tower with Radar,15,33,56,0,104,0,0,3,0,3,15,33,59,0,107,0,0,0,107
08/08/2013,AVL,NC,ASO,ES,Combined TRACON& Tower with Radar,17,42,68,4,131,0,0,11,0,11,17,42,79,4,142,0,0,0,142
08/09/2013,AVL,NC,ASO,ES,Combined TRACON& Tower with Radar,15,38,71,36,160,0,0,27,5,32,15,38,98,41,192,61,0,61,253
08/10/2013,AVL,NC,ASO,ES,Combined TRACON& Tower with Radar,11,50,45,0,106,0,0,11,0,11,11,50,56,0,117,0,0,0,117
08/11/2013,AVL,NC,ASO,ES,Combined TRACON& Tower with Radar,19,55,66,3,143,0,0,15,8,23,19,55,81,11,166,24,0,24,190
08/12/2013,AVL,NC,ASO,ES,Combined TRACON& Tower with Radar,13,40,45,6,104,0,0,31,0,31,13,40,76,6,135,32,6,38,173
08/13/2013,AVL,NC,ASO,ES,Combined TRACON& Tower with Radar,14,32,37,0,83,0,0,22,0,22,14,32,59,0,105,64,0,64,169
08/14/2013,AVL,NC,ASO,ES,Combined TRACON& Tower with Radar,13,38,46,4,101,0,0,65,1,66,13,38,111,5,167,125,0,125,292
08/15/2013,AVL,NC,ASO,ES,Combined TRACON& Tower with Radar,15,40,68,7,130,0,2,69,0,71,15,42,137,7,201,54,0,54,255
08/16/2013,AVL,NC,ASO,ES,Combined TRACON& Tower with Radar,15,46,35,10,106,0,0,18,4,22,15,46,53,14,128,20,0,20,148
08/17/2013,AVL,NC,ASO,ES,Combined TRACON& Tower with Radar,11,37,51,0,99,0,0,14,0,14,11,37,65,0,113,18,0,18,131
08/18/2013,AVL,NC,ASO,ES,Combined TRACON& Tower with Radar,15,42,70,0,127,0,1,2,4,7,15,43,72,4,134,0,0,0,134
08/19/2013,AVL,NC,ASO,ES,Combined TRACON& Tower with Radar,16,36,55,0,107,0,0,3,0,3,16,36,58,0,110,16,0,16,126
08/20/2013,AVL,NC,ASO,ES,Combined TRACON& Tower with Radar,14,32,37,0,83,0,0,22,0,22,14,32,59,0,105,90,0,90,195
08/21/2013,AVL,NC,ASO,ES,Combined TRACON& Tower with Radar,16,30,34,10,90,0,0,26,3,29,16,30,60,13,119,0,0,0,119
08/22/2013,AVL,NC,ASO,ES,Combined TRACON& Tower with Radar,17,32,78,9,136,0,0,36,6,42,17,32,114,15,178,104,0,104,282
08/23/2013,AVL,NC,ASO,ES,Combined TRACON& Tower with Radar,19,33,55,38,145,0,8,31,5,44,19,41,86,43,189,84,0,84,273
08/24/2013,AVL,NC,ASO,ES,Combined TRACON& Tower with Radar,13,32,43,0,88,0,0,32,1,33,13,32,75,1,121,86,0,86,207
08/25/2013,AVL,NC,ASO,ES,Combined TRACON& Tower with Radar,17,26,50,7,100,0,0,49,1,50,17,26,99,8,150,83,0,83,233
08/26/2013,AVL,NC,ASO,ES,Combined TRACON& Tower with Radar,16,32,51,22,121,0,0,56,2,58,16,32,107,24,179,137,22,159,338
08/27/2013,AVL,NC,ASO,ES,Combined TRACON& Tower with Radar,14,30,36,20,100,0,0,46,2,48,14,30,82,22,148,76,18,94,242
08/28/2013,AVL,NC,ASO,ES,Combined TRACON& Tower with Radar,11,27,68,8,114,0,0,45,6,51,11,27,113,14,165,104,0,104,269
08/29/2013,AVL,NC,ASO,ES,Combined TRACON& Tower with Radar,15,35,48,10,108,0,2,23,0,25,15,37,71,10,133,132,0,132,265
08/30/2013,AVL,NC,ASO,ES,Combined TRACON& Tower with Radar,17,36,58,1,112,0,2,10,0,12,17,38,68,1,124,12,0,12,136
08/31/2013,AVL,NC,ASO,ES,Combined TRACON& Tower with Radar,12,24,76,0,112,0,0,17,0,17,12,24,93,0,129,14,0,14,143
09/01/2013,AVL,NC,ASO,ES,Combined TRACON& Tower with Radar,13,25,28,0,66,0,0,11,0,11,13,25,39,0,77,32,0,32,109
09/02/2013,AVL,NC,ASO,ES,Combined TRACON& Tower with Radar,15,31,67,0,113,0,0,50,0,50,15,31,117,0,163,94,0,94,257
09/03/2013,AVL,NC,ASO,ES,Combined TRACON& Tower with Radar,11,31,36,5,83,0,0,48,1,49,11,31,84,6,132,96,0,96,228
09/04/2013,AVL,NC,ASO,ES,Combined TRACON& Tower with Radar,17,30,55,36,138,0,2,54,4,60,17,32,109,40,198,66,30,96,294
09/05/2013,AVL,NC,ASO,ES,Combined TRACON& Tower with Radar,18,30,41,3,92,0,0,52,1,53,18,30,93,4,145,70,0,70,215
09/06/2013,AVL,NC,ASO,ES,Combined TRACON& Tower with Radar,20,31,42,12,105,0,0,54,6,60,20,31,96,18,165,88,28,116,281
09/07/2013,AVL,NC,ASO,ES,Combined TRACON& Tower with Radar,8,29,38,8,83,0,0,46,0,46,8,29,84,8,129,80,8,88,217
09/08/2013,AVL,NC,ASO,ES,Combined TRACON& Tower with Radar,16,37,28,3,84,0,0,30,0,30,16,37,58,3,114,50,2,52,166
09/09/2013,AVL,NC,ASO,ES,Combined TRACON& Tower with Radar,18,26,30,16,90,0,0,32,2,34,18,26,62,18,124,82,16,98,222
09/10/2013,AVL,NC,ASO,ES,Combined TRACON& Tower with Radar,16,30,57,14,117,0,0,50,0,50,16,30,107,14,167,122,18,140,307
09/11/2013,AVL,NC,ASO,ES,Combined TRACON& Tower with Radar,17,22,34,23,96,0,0,63,2,65,17,22,97,25,161,68,0,68,229
09/12/2013,AVL,NC,ASO,ES,Combined TRACON& Tower with Radar,19,29,62,0,110,0,0,36,0,36,19,29,98,0,146,40,0,40,186
09/13/2013,AVL,NC,ASO,ES,Combined TRACON& Tower with Radar,20,33,64,21,138,0,0,30,2,32,20,33,94,23,170,108,22,130,300
09/14/2013,AVL,NC,ASO,ES,Combined TRACON& Tower with Radar,8,37,21,0,66,0,0,48,1,49,8,37,69,1,115,62,10,72,187
09/15/2013,AVL,NC,ASO,ES,Combined TRACON& Tower with Radar,16,36,74,46,172,0,0,27,1,28,16,36,101,47,200,58,0,58,258
09/16/2013,AVL,NC,ASO,ES,Combined TRACON& Tower with Radar,20,23,58,32,133,0,0,32,0,32,20,23,90,32,165,44,48,92,257
09/17/2013,AVL,NC,ASO,ES,Combined TRACON& Tower with Radar,16,36,44,2,98,0,0,25,1,26,16,36,69,3,124,146,0,146,270
09/18/2013,AVL,NC,ASO,ES,Combined TRACON& Tower with Radar,19,32,56,0,107,0,2,45,0,47,19,34,101,0,154,118,0,118,272
09/19/2013,AVL,NC,ASO,ES,Combined TRACON& Tower with Radar,19,29,71,9,128,0,0,30,0,30,19,29,101,9,158,70,14,84,242
09/20/2013,AVL,NC,ASO,ES,Combined TRACON& Tower with Radar,17,33,52,18,120,0,0,49,2,51,17,33,101,20,171,34,8,42,213
09/21/2013,AVL,NC,ASO,ES,Combined TRACON& Tower with Radar,8,34,11,2,55,0,0,3,0,3,8,34,14,2,58,0,0,0,58
09/22/2013,AVL,NC,ASO,ES,Combined TRACON& Tower with Radar,14,39,58,22,133,1,0,60,0,61,15,39,118,22,194,16,12,28,222
09/23/2013,AVL,NC,ASO,ES,Combined TRACON& Tower with Radar,20,28,37,19,104,0,0,33,0,33,20,28,70,19,137,84,8,92,229
09/24/2013,AVL,NC,ASO,ES,Combined TRACON& Tower with Radar,15,24,50,29,118,0,0,63,1,64,15,24,113,30,182,50,26,76,258
09/25/2013,AVL,NC,ASO,ES,Combined TRACON& Tower with Radar,17,25,45,5,92,0,0,1,0,1,17,25,46,5,93,0,0,0,93
09/26/2013,AVL,NC,ASO,ES,Combined TRACON& Tower with Radar,20,40,67,14,141,0,0,27,2,29,20,40,94,16,170,20,0,20,190
09/27/2013,AVL,NC,ASO,ES,Combined TRACON& Tower with Radar,19,30,69,40,158,0,0,55,2,57,19,30,124,42,215,94,20,114,329
09/28/2013,AVL,NC,ASO,ES,Combined TRACON& Tower with Radar,10,41,48,0,99,0,0,50,0,50,10,41,98,0,149,123,0,123,272
09/29/2013,AVL,NC,ASO,ES,Combined TRACON& Tower with Radar,15,27,69,9,120,0,0,44,1,45,15,27,113,10,165,62,4,66,231
09/30/2013,AVL,NC,ASO,ES,Combined TRACON& Tower with Radar,20,32,62,38,152,0,0,28,2,30,20,32,90,40,182,80,14,94,276
10/01/2013,AVL,NC,ASO,ES,Combined TRACON& Tower with Radar,18,36,45,9,108,0,3,60,1,64,18,39,105,10,172,92,6,98,270
10/02/2013,AVL,NC,ASO,ES,Combined TRACON& Tower with Radar,20,20,49,9,98,0,0,49,3,52,20,20,98,12,150,22,0,22,172
10/03/2013,AVL,NC,ASO,ES,Combined TRACON& Tower with Radar,20,28,51,2,101,0,1,42,2,45,20,29,93,4,146,34,0,34,180
10/04/2013,AVL,NC,ASO,ES,Combined TRACON& Tower with Radar,22,29,53,0,104,0,2,67,0,69,22,31,120,0,173,40,0,40,213
10/05/2013,AVL,NC,ASO,ES,Combined TRACON& Tower with Radar,12,30,45,0,87,0,1,38,0,39,12,31,83,0,126,30,0,30,156
10/06/2013,AVL,NC,ASO,ES,Combined TRACON& Tower with Radar,17,33,51,0,101,0,0,19,0,19,17,33,70,0,120,21,0,21,141
10/07/2013,AVL,NC,ASO,ES,Combined TRACON& Tower with Radar,22,21,49,8,100,0,0,5,0,5,22,21,54,8,105,16,0,16,121
10/08/2013,AVL,NC,ASO,ES,Combined TRACON& Tower with Radar,17,29,45,12,103,0,0,24,2,26,17,29,69,14,129,58,0,58,187
10/09/2013,AVL,NC,ASO,ES,Combined TRACON& Tower with Radar,19,27,51,13,110,0,0,51,5,56,19,27,102,18,166,81,0,81,247
10/10/2013,AVL,NC,ASO,ES,Combined TRACON& Tower with Radar,19,25,60,19,123,0,0,47,7,54,19,25,107,26,177,22,30,52,229
10/11/2013,AVL,NC,ASO,ES,Combined TRACON& Tower with Radar,19,31,71,15,136,0,2,66,7,75,19,33,137,22,211,68,30,98,309
10/12/2013,AVL,NC,ASO,ES,Combined TRACON& Tower with Radar,12,33,38,0,83,0,0,48,0,48,12,33,86,0,131,44,0,44,175
10/13/2013,AVL,NC,ASO,ES,Combined TRACON& Tower with Radar,15,31,68,0,114,0,0,26,0,26,15,31,94,0,140,48,0,48,188
10/14/2013,AVL,NC,ASO,ES,Combined TRACON& Tower with Radar,21,31,75,0,127,0,0,14,0,14,21,31,89,0,141,0,0,0,141
10/15/2013,AVL,NC,ASO,ES,Combined TRACON& Tower with Radar,17,30,58,3,108,0,2,8,1,11,17,32,66,4,119,40,0,40,159
10/16/2013,AVL,NC,ASO,ES,Combined TRACON& Tower with Radar,17,39,62,5,123,0,0,28,1,29,17,39,90,6,152,70,10,80,232
10/17/2013,AVL,NC,ASO,ES,Combined TRACON& Tower with Radar,19,36,73,6,134,0,0,4,2,6,19,36,77,8,140,4,0,4,144
10/18/2013,AVL,NC,ASO,ES,Combined TRACON& Tower with Radar,21,39,97,12,169,0,2,55,3,60,21,41,152,15,229,78,0,78,307
10/19/2013,AVL,NC,ASO,ES,Combined TRACON& Tower with Radar,12,28,49,0,89,0,0,38,0,38,12,28,87,0,127,50,0,50,177
10/20/2013,AVL,NC,ASO,ES,Combined TRACON& Tower with Radar,13,58,86,9,166,0,0,85,4,89,13,58,171,13,255,76,10,86,341
10/21/2013,AVL,NC,ASO,ES,Combined TRACON& Tower with Radar,23,33,57,0,113,0,0,58,0,58,23,33,115,0,171,72,0,72,243
10/22/2013,AVL,NC,ASO,ES,Combined TRACON& Tower with Radar,16,30,37,7,90,0,0,44,3,47,16,30,81,10,137,54,0,54,191
10/23/2013,AVL,NC,ASO,ES,Combined TRACON& Tower with Radar,18,33,41,4,96,0,0,25,2,27,18,33,66,6,123,6,0,6,129
10/24/2013,AVL,NC,ASO,ES,Combined TRACON& Tower with Radar,19,37,42,1,99,0,0,49,1,50,19,37,91,2,149,111,0,111,260
10/25/2013,AVL,NC,ASO,ES,Combined TRACON& Tower with Radar,19,35,43,3,100,0,0,33,4,37,19,35,76,7,137,56,0,56,193
10/26/2013,AVL,NC,ASO,ES,Combined TRACON& Tower with Radar,8,34,40,4,86,0,0,71,0,71,8,34,111,4,157,100,0,100,257
10/27/2013,AVL,NC,ASO,ES,Combined TRACON& Tower with Radar,16,33,63,0,112,0,0,54,0,54,16,33,117,0,166,0,0,0,166
10/28/2013,AVL,NC,ASO,ES,Combined TRACON& Tower with Radar,20,30,47,6,103,0,1,12,1,14,20,31,59,7,117,51,0,51,168
10/29/2013,AVL,NC,ASO,ES,Combined TRACON& Tower with Radar,15,32,40,20,107,0,2,40,2,44,15,34,80,22,151,20,0,20,171
10/30/2013,AVL,NC,ASO,ES,Combined TRACON& Tower with Radar,19,27,64,10,120,0,0,56,4,60,19,27,120,14,180,86,4,90,270
10/31/2013,AVL,NC,ASO,ES,Combined TRACON& Tower with Radar,15,30,38,13,96,0,1,40,3,44,15,31,78,16,140,20,0,20,160
11/01/2013,AVL,NC,ASO,ES,Combined TRACON& Tower with Radar,17,34,43,8,102,0,1,38,0,39,17,35,81,8,141,42,0,42,183
11/02/2013,AVL,NC,ASO,ES,Combined TRACON& Tower with Radar,15,25,34,0,74,0,0,101,0,101,15,25,135,0,175,24,0,24,199
11/03/2013,AVL,NC,ASO,ES,Combined TRACON& Tower with Radar,13,34,46,14,107,0,0,70,0,70,13,34,116,14,177,62,0,62,239
11/04/2013,AVL,NC,ASO,ES,Combined TRACON& Tower with Radar,18,23,47,2,90,0,0,72,0,72,18,23,119,2,162,76,0,76,238
11/05/2013,AVL,NC,ASO,ES,Combined TRACON& Tower with Radar,12,34,34,27,107,0,2,37,1,40,12,36,71,28,147,68,50,118,265
11/06/2013,AVL,NC,ASO,ES,Combined TRACON& Tower with Radar,13,35,44,4,96,0,0,31,1,32,13,35,75,5,128,66,0,66,194
11/07/2013,AVL,NC,ASO,ES,Combined TRACON& Tower with Radar,13,37,74,2,126,0,0,23,2,25,13,37,97,4,151,40,28,68,219
11/08/2013,AVL,NC,ASO,ES,Combined TRACON& Tower with Radar,17,37,47,8,109,0,1,69,0,70,17,38,116,8,179,44,0,44,223
11/09/2013,AVL,NC,ASO,ES,Combined TRACON& Tower with Radar,13,23,35,2,73,0,1,62,0,63,13,24,97,2,136,0,0,0,136
11/10/2013,AVL,NC,ASO,ES,Combined TRACON& Tower with Radar,11,25,37,8,81,0,1,52,2,55,11,26,89,10,136,0,0,0,136
11/11/2013,AVL,NC,ASO,ES,Combined TRACON& Tower with Radar,18,26,41,17,102,0,0,68,7,75,18,26,109,24,177,0,0,0,177
11/12/2013,AVL,NC,ASO,ES,Combined TRACON& Tower with Radar,10,31,32,8,81,0,0,9,1,10,10,31,41,9,91,0,0,0,91
11/13/2013,AVL,NC,ASO,ES,Combined TRACON& Tower with Radar,14,31,25,10,80,0,0,36,2,38,14,31,61,12,118,26,4,30,148
11/14/2013,AVL,NC,ASO,ES,Combined TRACON& Tower with Radar,15,36,47,15,113,0,1,62,7,70,15,37,109,22,183,80,4,84,267
11/15/2013,AVL,NC,ASO,ES,Combined TRACON& Tower with Radar,17,30,62,18,127,0,2,10,1,13,17,32,72,19,140,12,0,12,152
11/16/2013,AVL,NC,ASO,ES,Combined TRACON& Tower with Radar,12,18,42,0,72,0,0,9,0,9,12,18,51,0,81,32,0,32,113
11/17/2013,AVL,NC,ASO,ES,Combined TRACON& Tower with Radar,13,26,52,1,92,0,0,0,0,0,13,26,52,1,92,0,0,0,92
11/18/2013,AVL,NC,ASO,ES,Combined TRACON& Tower with Radar,20,23,51,4,98,0,0,18,0,18,20,23,69,4,116,20,0,20,136
11/19/2013,AVL,NC,ASO,ES,Combined TRACON& Tower with Radar,12,29,23,2,66,0,0,26,0,26,12,29,49,2,92,66,0,66,158
11/20/2013,AVL,NC,ASO,ES,Combined TRACON& Tower with Radar,16,31,34,4,85,0,1,57,3,61,16,32,91,7,146,52,6,58,204
11/21/2013,AVL,NC,ASO,ES,Combined TRACON& Tower with Radar,15,27,55,0,97,0,0,6,0,6,15,27,61,0,103,32,0,32,135
11/22/2013,AVL,NC,ASO,ES,Combined TRACON& Tower with Radar,15,24,59,10,108,0,0,11,0,11,15,24,70,10,119,54,6,60,179
11/23/2013,AVL,NC,ASO,ES,Combined TRACON& Tower with Radar,14,24,19,0,57,0,0,12,0,12,14,24,31,0,69,10,0,10,79
11/24/2013,AVL,NC,ASO,ES,Combined TRACON& Tower with Radar,13,31,35,6,85,0,0,26,3,29,13,31,61,9,114,0,0,0,114
11/25/2013,AVL,NC,ASO,ES,Combined TRACON& Tower with Radar,15,29,55,12,111,0,0,46,0,46,15,29,101,12,157,93,4,97,254
11/26/2013,AVL,NC,ASO,ES,Combined TRACON& Tower with Radar,18,34,21,0,73,0,0,0,0,0,18,34,21,0,73,0,0,0,73
11/27/2013,AVL,NC,ASO,ES,Combined TRACON& Tower with Radar,14,34,43,0,91,0,0,1,0,1,14,34,44,0,92,0,0,0,92
11/28/2013,AVL,NC,ASO,ES,Combined TRACON& Tower with Radar,11,22,25,0,58,0,0,25,0,25,11,22,50,0,83,34,0,34,117
11/29/2013,AVL,NC,ASO,ES,Combined TRACON& Tower with Radar,12,25,33,0,70,0,0,73,0,73,12,25,106,0,143,80,0,80,223
11/30/2013,AVL,NC,ASO,ES,Combined TRACON& Tower with Radar,20,37,47,0,104,0,0,46,0,46,20,37,93,0,150,108,0,108,258
12/01/2013,AVL,NC,ASO,ES,Combined TRACON& Tower with Radar,19,56,56,0,131,0,0,63,0,63,19,56,119,0,194,38,0,38,232
12/02/2013,AVL,NC,ASO,ES,Combined TRACON& Tower with Radar,15,38,36,8,97,0,0,31,0,31,15,38,67,8,128,36,0,36,164
12/03/2013,AVL,NC,ASO,ES,Combined TRACON& Tower with Radar,16,39,41,28,124,0,0,17,0,17,16,39,58,28,141,95,4,99,240
12/04/2013,AVL,NC,ASO,ES,Combined TRACON& Tower with Radar,17,30,33,7,87,0,0,7,1,8,17,30,40,8,95,0,0,0,95
12/05/2013,AVL,NC,ASO,ES,Combined TRACON& Tower with Radar,17,30,33,19,99,0,0,0,1,1,17,30,33,20,100,14,6,20,120
12/06/2013,AVL,NC,ASO,ES,Combined TRACON& Tower with Radar,16,23,21,7,67,0,0,0,5,5,16,23,21,12,72,6,0,6,78
12/07/2013,AVL,NC,ASO,ES,Combined TRACON& Tower with Radar,12,18,26,0,56,0,0,15,0,15,12,18,41,0,71,24,0,24,95
12/08/2013,AVL,NC,ASO,ES,Combined TRACON& Tower with Radar,11,23,8,0,42,0,0,0,0,0,11,23,8,0,42,0,0,0,42
12/09/2013,AVL,NC,ASO,ES,Combined TRACON& Tower with Radar,20,16,14,2,52,0,0,0,0,0,20,16,14,2,52,0,0,0,52
12/10/2013,AVL,NC,ASO,ES,Combined TRACON& Tower with Radar,14,15,26,0,55,0,0,4,1,5,14,15,30,1,60,0,0,0,60
12/11/2013,AVL,NC,ASO,ES,Combined TRACON& Tower with Radar,15,20,36,27,98,0,1,64,3,68,15,21,100,30,166,64,0,64,230
12/12/2013,AVL,NC,ASO,ES,Combined TRACON& Tower with Radar,17,25,28,26,96,0,0,40,8,48,17,25,68,34,144,52,16,68,212
12/13/2013,AVL,NC,ASO,ES,Combined TRACON& Tower with Radar,18,22,44,16,100,0,4,60,2,66,18,26,104,18,166,64,12,76,242
12/14/2013,AVL,NC,ASO,ES,Combined TRACON& Tower with Radar,12,17,19,1,49,0,0,0,0,0,12,17,19,1,49,0,0,0,49
12/15/2013,AVL,NC,ASO,ES,Combined TRACON& Tower with Radar,11,23,39,4,77,0,0,20,0,20,11,23,59,4,97,18,0,18,115
12/16/2013,AVL,NC,ASO,ES,Combined TRACON& Tower with Radar,22,19,35,21,97,0,0,50,5,55,22,19,85,26,152,40,0,40,192
12/17/2013,AVL,NC,ASO,ES,Combined TRACON& Tower with Radar,16,22,22,8,68,0,0,39,5,44,16,22,61,13,112,62,0,62,174
12/18/2013,AVL,NC,ASO,ES,Combined TRACON& Tower with Radar,15,28,32,11,86,0,0,71,5,76,15,28,103,16,162,169,6,175,337
12/19/2013,AVL,NC,ASO,ES,Combined TRACON& Tower with Radar,15,31,33,19,98,0,2,52,6,60,15,33,85,25,158,110,12,122,280
12/20/2013,AVL,NC,ASO,ES,Combined TRACON& Tower with Radar,19,28,27,11,85,0,0,33,4,37,19,28,60,15,122,20,0,20,142
12/21/2013,AVL,NC,ASO,ES,Combined TRACON& Tower with Radar,12,32,36,0,80,0,0,0,0,0,12,32,36,0,80,0,0,0,80
12/22/2013,AVL,NC,ASO,ES,Combined TRACON& Tower with Radar,9,29,9,0,47,0,0,0,0,0,9,29,9,0,47,0,0,0,47
12/23/2013,AVL,NC,ASO,ES,Combined TRACON& Tower with Radar,17,24,24,5,70,0,0,4,0,4,17,24,28,5,74,0,0,0,74
12/24/2013,AVL,NC,ASO,ES,Combined TRACON& Tower with Radar,19,20,13,0,52,0,0,16,0,16,19,20,29,0,68,0,0,0,68
12/25/2013,AVL,NC,ASO,ES,Combined TRACON& Tower with Radar,14,17,12,0,43,0,0,18,0,18,14,17,30,0,61,0,0,0,61
12/26/2013,AVL,NC,ASO,ES,Combined TRACON& Tower with Radar,14,29,44,0,87,0,2,39,2,43,14,31,83,2,130,40,0,40,170
12/27/2013,AVL,NC,ASO,ES,Combined TRACON& Tower with Radar,16,35,38,0,89,0,0,54,0,54,16,35,92,0,143,38,0,38,181
12/28/2013,AVL,NC,ASO,ES,Combined TRACON& Tower with Radar,16,34,41,0,91,0,0,50,0,50,16,34,91,0,141,96,0,96,237
12/29/2013,AVL,NC,ASO,ES,Combined TRACON& Tower with Radar,9,32,27,0,68,0,0,6,0,6,9,32,33,0,74,16,0,16,90
12/30/2013,AVL,NC,ASO,ES,Combined TRACON& Tower with Radar,16,22,46,12,96,0,4,20,7,31,16,26,66,19,127,6,0,6,133
12/31/2013,AVL,NC,ASO,ES,Combined TRACON& Tower with Radar,18,22,33,0,73,0,2,52,0,54,18,24,85,0,127,76,0,76,203
01/01/2014,AVL,NC,ASO,ES,Combined TRACON& Tower with Radar,10,19,23,0,52,0,0,39,0,39,10,19,62,0,91,62,0,62,153
01/02/2014,AVL,NC,ASO,ES,Combined TRACON& Tower with Radar,13,27,15,0,55,0,0,0,0,0,13,27,15,0,55,0,0,0,55
01/03/2014,AVL,NC,ASO,ES,Combined TRACON& Tower with Radar,15,32,22,0,69,0,0,20,2,22,15,32,42,2,91,36,0,36,127
01/04/2014,AVL,NC,ASO,ES,Combined TRACON& Tower with Radar,10,27,37,0,74,0,0,48,4,52,10,27,85,4,126,58,0,58,184
01/05/2014,AVL,NC,ASO,ES,Combined TRACON& Tower with Radar,11,25,11,0,47,0,0,0,0,0,11,25,11,0,47,0,0,0,47
01/06/2014,AVL,NC,ASO,ES,Combined TRACON& Tower with Radar,19,23,22,0,64,0,0,4,0,4,19,23,26,0,68,0,0,0,68
01/07/2014,AVL,NC,ASO,ES,Combined TRACON& Tower with Radar,8,17,14,0,39,0,0,10,5,15,8,17,24,5,54,12,0,12,66
01/08/2014,AVL,NC,ASO,ES,Combined TRACON& Tower with Radar,10,24,24,10,68,0,2,41,8,51,10,26,65,18,119,86,14,100,219
01/09/2014,AVL,NC,ASO,ES,Combined TRACON& Tower with Radar,9,29,17,32,87,0,2,23,6,31,9,31,40,38,118,68,20,88,206
01/10/2014,AVL,NC,ASO,ES,Combined TRACON& Tower with Radar,11,32,19,2,64,0,0,0,0,0,11,32,19,2,64,0,0,0,64
01/11/2014,AVL,NC,ASO,ES,Combined TRACON& Tower with Radar,12,13,4,0,29,0,0,3,0,3,12,13,7,0,32,10,0,10,42
01/12/2014,AVL,NC,ASO,ES,Combined TRACON& Tower with Radar,11,21,33,12,77,0,0,63,8,71,11,21,96,20,148,70,0,70,218
01/13/2014,AVL,NC,ASO,ES,Combined TRACON& Tower with Radar,12,26,20,7,65,0,1,10,3,14,12,27,30,10,79,38,2,40,119
01/14/2014,AVL,NC,ASO,ES,Combined TRACON& Tower with Radar,6,22,17,0,45,0,0,19,0,19,6,22,36,0,64,66,0,66,130
01/15/2014,AVL,NC,ASO,ES,Combined TRACON& Tower with Radar,9,21,16,0,46,0,0,5,2,7,9,21,21,2,53,0,0,0,53
01/16/2014,AVL,NC,ASO,ES,Combined TRACON& Tower with Radar,9,23,25,7,64,0,0,66,17,83,9,23,91,24,147,124,30,154,301
01/17/2014,AVL,NC,ASO,ES,Combined TRACON& Tower with Radar,13,24,19,4,60,0,0,24,0,24,13,24,43,4,84,26,12,38,122
01/18/2014,AVL,NC,ASO,ES,Combined TRACON& Tower with Radar,10,17,16,2,45,0,0,51,0,51,10,17,67,2,96,76,0,76,172
01/19/2014,AVL,NC,ASO,ES,Combined TRACON& Tower with Radar,9,18,22,2,51,0,0,28,0,28,9,18,50,2,79,50,0,50,129
01/20/2014,AVL,NC,ASO,ES,Combined TRACON& Tower with Radar,14,24,33,0,71,0,0,57,0,57,14,24,90,0,128,99,0,99,227
01/21/2014,AVL,NC,ASO,ES,Combined TRACON& Tower with Radar,8,22,23,2,55,0,0,7,1,8,8,22,30,3,63,22,0,22,85
01/22/2014,AVL,NC,ASO,ES,Combined TRACON& Tower with Radar,7,27,23,6,63,0,0,26,0,26,7,27,49,6,89,188,4,192,281
01/23/2014,AVL,NC,ASO,ES,Combined TRACON& Tower with Radar,9,24,28,1,62,0,0,17,1,18,9,24,45,2,80,30,8,38,118
01/24/2014,AVL,NC,ASO,ES,Combined TRACON& Tower with Radar,13,19,32,42,106,0,0,38,5,43,13,19,70,47,149,78,66,144,293
01/25/2014,AVL,NC,ASO,ES,Combined TRACON& Tower with Radar,10,14,6,15,45,0,0,8,0,8,10,14,14,15,53,0,14,14,67
01/26/2014,AVL,NC,ASO,ES,Combined TRACON& Tower with Radar,11,18,28,8,65,0,4,50,2,56,11,22,78,10,121,106,12,118,239
01/27/2014,AVL,NC,ASO,ES,Combined TRACON& Tower with Radar,14,24,15,2,55,0,2,23,1,26,14,26,38,3,81,60,4,64,145
01/28/2014,AVL,NC,ASO,ES,Combined TRACON& Tower with Radar,5,15,13,0,33,0,0,0,0,0,5,15,13,0,33,0,0,0,33
01/29/2014,AVL,NC,ASO,ES,Combined TRACON& Tower with Radar,7,17,11,0,35,0,0,8,0,8,7,17,19,0,43,8,0,8,51
01/30/2014,AVL,NC,ASO,ES,Combined TRACON& Tower with Radar,6,23,14,10,53,0,0,28,0,28,6,23,42,10,81,114,26,140,221
01/31/2014,AVL,NC,ASO,ES,Combined TRACON& Tower with Radar,11,22,35,17,85,0,0,42,0,42,11,22,77,17,127,62,0,62,189
02/01/2014,AVL,NC,ASO,ES,Combined TRACON& Tower with Radar,10,13,19,6,48,0,0,56,0,56,10,13,75,6,104,92,4,96,200
02/02/2014,AVL,NC,ASO,ES,Combined TRACON& Tower with Radar,12,15,10,1,38,0,0,19,0,19,12,15,29,1,57,48,2,50,107
02/03/2014,AVL,NC,ASO,ES,Combined TRACON& Tower with Radar,12,21,18,2,53,0,0,4,0,4,12,21,22,2,57,28,0,28,85
02/04/2014,AVL,NC,ASO,ES,Combined TRACON& Tower with Radar,8,22,52,12,94,0,2,4,0,6,8,24,56,12,100,92,0,92,192
02/05/2014,AVL,NC,ASO,ES,Combined TRACON& Tower with Radar,9,19,20,11,59,0,0,3,2,5,9,19,23,13,64,0,0,0,64
02/06/2014,AVL,NC,ASO,ES,Combined TRACON& Tower with Radar,9,26,34,12,81,0,0,25,1,26,9,26,59,13,107,76,8,84,191
02/07/2014,AVL,NC,ASO,ES,Combined TRACON& Tower with Radar,11,28,32,8,79,0,0,32,2,34,11,28,64,10,113,56,0,56,169
02/08/2014,AVL,NC,ASO,ES,Combined TRACON& Tower with Radar,8,16,15,3,42,0,0,35,0,35,8,16,50,3,77,136,12,148,225
02/09/2014,AVL,NC,ASO,ES,Combined TRACON& Tower with Radar,10,20,19,2,51,0,0,40,0,40,10,20,59,2,91,172,0,172,263
02/10/2014,AVL,NC,ASO,ES,Combined TRACON& Tower with Radar,12,22,11,2,47,0,0,0,0,0,12,22,11,2,47,0,0,0,47
02/11/2014,AVL,NC,ASO,ES,Combined TRACON& Tower with Radar,5,20,5,0,30,0,0,0,0,0,5,20,5,0,30,0,0,0,30
02/12/2014,AVL,NC,ASO,ES,Combined TRACON& Tower with Radar,1,1,1,0,3,0,0,0,0,0,1,1,1,0,3,0,0,0,3
02/13/2014,AVL,NC,ASO,ES,Combined TRACON& Tower with Radar,5,6,11,0,22,0,1,1,0,2,5,7,12,0,24,0,0,0,24
02/14/2014,AVL,NC,ASO,ES,Combined TRACON& Tower with Radar,6,27,27,1,61,0,4,27,1,32,6,31,54,2,93,14,0,14,107
02/15/2014,AVL,NC,ASO,ES,Combined TRACON& Tower with Radar,5,24,2,3,34,0,0,10,0,10,5,24,12,3,44,0,0,0,44
02/16/2014,AVL,NC,ASO,ES,Combined TRACON& Tower with Radar,16,25,31,0,72,0,0,77,5,82,16,25,108,5,154,98,0,98,252
02/17/2014,AVL,NC,ASO,ES,Combined TRACON& Tower with Radar,12,26,17,5,60,0,0,32,3,35,12,26,49,8,95,40,2,42,137
02/18/2014,AVL,NC,ASO,ES,Combined TRACON& Tower with Radar,8,24,35,33,100,0,0,45,3,48,8,24,80,36,148,129,64,193,341
02/19/2014,AVL,NC,ASO,ES,Combined TRACON& Tower with Radar,7,32,48,4,91,0,0,17,0,17,7,32,65,4,108,22,22,44,152
02/20/2014,AVL,NC,ASO,ES,Combined TRACON& Tower with Radar,11,29,41,10,91,0,3,9,0,12,11,32,50,10,103,0,0,0,103
02/21/2014,AVL,NC,ASO,ES,Combined TRACON& Tower with Radar,11,25,22,10,68,0,0,11,0,11,11,25,33,10,79,0,12,12,91
02/22/2014,AVL,NC,ASO,ES,Combined TRACON& Tower with Radar,5,23,19,7,54,0,2,81,0,83,5,25,100,7,137,98,8,106,243
02/23/2014,AVL,NC,ASO,ES,Combined TRACON& Tower with Radar,15,19,28,4,66,0,0,49,1,50,15,19,77,5,116,0,0,0,116
02/24/2014,AVL,NC,ASO,ES,Combined TRACON& Tower with Radar,12,23,22,6,63,0,0,35,2,37,12,23,57,8,100,44,8,52,152
02/25/2014,AVL,NC,ASO,ES,Combined TRACON& Tower with Radar,8,24,30,24,86,0,4,35,4,43,8,28,65,28,129,102,22,124,253
02/26/2014,AVL,NC,ASO,ES,Combined TRACON& Tower with Radar,7,32,21,21,81,0,0,21,2,23,7,32,42,23,104,8,14,22,126
02/27/2014,AVL,NC,ASO,ES,Combined TRACON& Tower with Radar,11,27,36,1,75,0,2,45,2,49,11,29,81,3,124,54,0,54,178
02/28/2014,AVL,NC,ASO,ES,Combined TRACON& Tower with Radar,11,27,40,19,97,0,6,48,5,59,11,33,88,24,156,84,6,90,246
03/01/2014,AVL,NC,ASO,ES,Combined TRACON& Tower with Radar,5,25,25,7,62,0,3,66,0,69,5,28,91,7,131,119,8,127,258
03/02/2014,AVL,NC,ASO,ES,Combined TRACON& Tower with Radar,17,24,50,5,96,0,2,60,1,63,17,26,110,6,159,138,0,138,297
03/03/2014,AVL,NC,ASO,ES,Combined TRACON& Tower with Radar,13,19,20,2,54,0,0,1,0,1,13,19,21,2,55,0,0,0,55
03/04/2014,AVL,NC,ASO,ES,Combined TRACON& Tower with Radar,7,31,37,19,94,0,1,34,1,36,7,32,71,20,130,49,10,59,189
03/05/2014,AVL,NC,ASO,ES,Combined TRACON& Tower with Radar,11,32,27,19,89,0,0,41,10,51,11,32,68,29,140,80,54,134,274
03/06/2014,AVL,NC,ASO,ES,Combined TRACON& Tower with Radar,13,31,29,10,83,0,0,14,3,17,13,31,43,13,100,48,18,66,166
03/07/2014,AVL,NC,ASO,ES,Combined TRACON& Tower with Radar,15,33,39,0,87,0,0,8,0,8,15,33,47,0,95,32,0,32,127
03/08/2014,AVL,NC,ASO,ES,Combined TRACON& Tower with Radar,7,29,21,1,58,0,4,60,4,68,7,33,81,5,126,96,0,96,222
03/09/2014,AVL,NC,ASO,ES,Combined TRACON& Tower with Radar,13,28,35,14,90,0,6,47,9,62,13,34,82,23,152,42,0,42,194
03/10/2014,AVL,NC,ASO,ES,Combined TRACON& Tower with Radar,12,25,38,6,81,0,3,51,6,60,12,28,89,12,141,124,10,134,275
03/11/2014,AVL,NC,ASO,ES,Combined TRACON& Tower with Radar,12,21,36,15,84,0,3,47,5,55,12,24,83,20,139,221,0,221,360
03/12/2014,AVL,NC,ASO,ES,Combined TRACON& Tower with Radar,9,23,23,2,57,0,0,6,0,6,9,23,29,2,63,0,0,0,63
03/13/2014,AVL,NC,ASO,ES,Combined TRACON& Tower with Radar,15,22,21,7,65,0,1,11,3,15,15,23,32,10,80,2,10,12,92
03/14/2014,AVL,NC,ASO,ES,Combined TRACON& Tower with Radar,13,24,34,14,85,0,1,55,14,70,13,25,89,28,155,98,0,98,253
03/15/2014,AVL,NC,ASO,ES,Combined TRACON& Tower with Radar,7,33,30,10,80,0,0,88,7,95,7,33,118,17,175,82,6,88,263
03/16/2014,AVL,NC,ASO,ES,Combined TRACON& Tower with Radar,13,23,24,0,60,0,0,0,0,0,13,23,24,0,60,6,0,6,66
03/17/2014,AVL,NC,ASO,ES,Combined TRACON& Tower with Radar,18,24,30,0,72,0,0,0,0,0,18,24,30,0,72,0,0,0,72
03/18/2014,AVL,NC,ASO,ES,Combined TRACON& Tower with Radar,12,18,41,16,87,0,0,11,0,11,12,18,52,16,98,22,0,22,120
03/19/2014,AVL,NC,ASO,ES,Combined TRACON& Tower with Radar,11,26,39,12,88,0,0,5,0,5,11,26,44,12,93,38,0,38,131
03/20/2014,AVL,NC,ASO,ES,Combined TRACON& Tower with Radar,12,27,24,6,69,0,2,38,2,42,12,29,62,8,111,59,4,63,174
03/21/2014,AVL,NC,ASO,ES,Combined TRACON& Tower with Radar,15,28,43,45,131,0,2,96,5,103,15,30,139,50,234,74,34,108,342
03/22/2014,AVL,NC,ASO,ES,Combined TRACON& Tower with Radar,11,20,33,6,70,0,10,76,2,88,11,30,109,8,158,144,8,152,310
03/23/2014,AVL,NC,ASO,ES,Combined TRACON& Tower with Radar,12,22,24,0,58,0,0,7,0,7,12,22,31,0,65,12,0,12,77
03/24/2014,AVL,NC,ASO,ES,Combined TRACON& Tower with Radar,16,23,30,6,75,0,2,46,4,52,16,25,76,10,127,126,10,136,263
03/25/2014,AVL,NC,ASO,ES,Combined TRACON& Tower with Radar,14,19,17,3,53,0,0,0,0,0,14,19,17,3,53,0,18,18,71
03/26/2014,AVL,NC,ASO,ES,Combined TRACON& Tower with Radar,29,24,26,22,101,0,4,37,3,44,29,28,63,25,145,74,4,78,223
03/27/2014,AVL,NC,ASO,ES,Combined TRACON& Tower with Radar,13,29,28,23,93,0,1,45,8,54,13,30,73,31,147,89,28,117,264
03/28/2014,AVL,NC,ASO,ES,Combined TRACON& Tower with Radar,13,22,34,6,75,0,0,0,0,0,13,22,34,6,75,8,4,12,87
03/29/2014,AVL,NC,ASO,ES,Combined TRACON& Tower with Radar,9,24,21,0,54,0,0,0,0,0,9,24,21,0,54,0,0,0,54
03/30/2014,AVL,NC,ASO,ES,Combined TRACON& Tower with Radar,12,23,18,0,53,0,0,1,1,2,12,23,19,1,55,0,0,0,55
03/31/2014,AVL,NC,ASO,ES,Combined TRACON& Tower with Radar,16,20,24,3,63,0,1,51,4,56,16,21,75,7,119,64,0,64,183
04/01/2014,AVL,NC,ASO,ES,Combined TRACON& Tower with Radar,16,22,21,14,73,0,2,52,0,54,16,24,73,14,127,134,23,157,284
04/02/2014,AVL,NC,ASO,ES,Combined TRACON& Tower with Radar,13,21,28,6,68,0,4,50,3,57,13,25,78,9,125,87,0,87,212
04/03/2014,AVL,NC,ASO,ES,Combined TRACON& Tower with Radar,15,24,34,15,88,0,2,27,3,32,15,26,61,18,120,18,22,40,160
04/04/2014,AVL,NC,ASO,ES,Combined TRACON& Tower with Radar,17,18,20,2,57,0,0,5,4,9,17,18,25,6,66,0,0,0,66
04/05/2014,AVL,NC,ASO,ES,Combined TRACON& Tower with Radar,6,26,31,1,64,0,0,29,5,34,6,26,60,6,98,16,0,16,114
04/06/2014,AVL,NC,ASO,ES,Combined TRACON& Tower with Radar,15,21,44,1,81,0,2,38,2,42,15,23,82,3,123,136,0,136,259
04/07/2014,AVL,NC,ASO,ES,Combined TRACON& Tower with Radar,14,19,12,0,45,0,0,0,0,0,14,19,12,0,45,0,0,0,45
04/08/2014,AVL,NC,ASO,ES,Combined TRACON& Tower with Radar,11,21,24,10,66,0,1,8,3,12,11,22,32,13,78,20,0,20,98
04/09/2014,AVL,NC,ASO,ES,Combined TRACON& Tower with Radar,11,24,38,4,77,0,0,23,2,25,11,24,61,6,102,18,10,28,130
04/10/2014,AVL,NC,ASO,ES,Combined TRACON& Tower with Radar,15,23,35,8,81,0,0,71,2,73,15,23,106,10,154,20,0,20,174
04/11/2014,AVL,NC,ASO,ES,Combined TRACON& Tower with Radar,15,22,36,17,90,0,0,30,4,34,15,22,66,21,124,28,10,38,162
04/12/2014,AVL,NC,ASO,ES,Combined TRACON& Tower with Radar,9,26,27,4,66,0,2,93,2,97,9,28,120,6,163,72,0,72,235
04/13/2014,AVL,NC,ASO,ES,Combined TRACON& Tower with Radar,11,27,49,12,99,0,0,46,5,51,11,27,95,17,150,36,0,36,186
04/14/2014,AVL,NC,ASO,ES,Combined TRACON& Tower with Radar,14,21,24,0,59,0,0,0,0,0,14,21,24,0,59,12,0,12,71
04/15/2014,AVL,NC,ASO,ES,Combined TRACON& Tower with Radar,17,23,23,2,65,0,0,7,0,7,17,23,30,2,72,48,0,48,120
04/16/2014,AVL,NC,ASO,ES,Combined TRACON& Tower with Radar,17,27,31,5,80,0,0,35,1,36,17,27,66,6,116,38,0,38,154
04/17/2014,AVL,NC,ASO,ES,Combined TRACON& Tower with Radar,15,29,45,19,108,0,0,64,1,65,15,29,109,20,173,122,28,150,323
04/18/2014,AVL,NC,ASO,ES,Combined TRACON& Tower with Radar,18,25,41,16,100,0,0,39,0,39,18,25,80,16,139,96,14,110,249
04/19/2014,AVL,NC,ASO,ES,Combined TRACON& Tower with Radar,5,34,27,6,72,0,0,0,0,0,5,34,27,6,72,0,0,0,72
04/20/2014,AVL,NC,ASO,ES,Combined TRACON& Tower with Radar,14,28,42,0,84,0,0,37,0,37,14,28,79,0,121,26,0,26,147
04/21/2014,AVL,NC,ASO,ES,Combined TRACON& Tower with Radar,19,23,41,14,97,0,2,54,10,66,19,25,95,24,163,112,8,120,283
04/22/2014,AVL,NC,ASO,ES,Combined TRACON& Tower with Radar,17,27,25,9,78,0,0,8,10,18,17,27,33,19,96,10,39,49,145
04/23/2014,AVL,NC,ASO,ES,Combined TRACON& Tower with Radar,16,23,49,3,91,0,0,55,13,68,16,23,104,16,159,0,8,8,167
04/24/2014,AVL,NC,ASO,ES,Combined TRACON& Tower with Radar,17,22,41,6,86,0,1,45,17,63,17,23,86,23,149,144,34,178,327
04/25/2014,AVL,NC,ASO,ES,Combined TRACON& Tower with Radar,19,26,48,4,97,0,3,17,0,20,19,29,65,4,117,40,0,40,157
04/26/2014,AVL,NC,ASO,ES,Combined TRACON& Tower with Radar,5,32,40,27,104,0,1,110,1,112,5,33,150,28,216,110,48,158,374
04/27/2014,AVL,NC,ASO,ES,Combined TRACON& Tower with Radar,15,29,53,8,105,0,4,46,0,50,15,33,99,8,155,54,0,54,209
04/28/2014,AVL,NC,ASO,ES,Combined TRACON& Tower with Radar,19,26,34,8,87,0,3,14,0,17,19,29,48,8,104,8,8,16,120
04/29/2014,AVL,NC,ASO,ES,Combined TRACON& Tower with Radar,16,21,20,3,60,0,0,4,0,4,16,21,24,3,64,27,0,27,91
04/30/2014,AVL,NC,ASO,ES,Combined TRACON& Tower with Radar,17,17,23,6,63,0,0,4,0,4,17,17,27,6,67,12,8,20,87
05/01/2014,AVL,NC,ASO,ES,Combined TRACON& Tower with Radar,21,34,46,16,117,0,1,76,2,79,21,35,122,18,196,192,8,200,396
05/02/2014,AVL,NC,ASO,ES,Combined TRACON& Tower with Radar,20,30,35,30,115,0,2,53,2,57,20,32,88,32,172,66,32,98,270
05/03/2014,AVL,NC,ASO,ES,Combined TRACON& Tower with Radar,14,28,21,0,63,0,4,62,0,66,14,32,83,0,129,32,0,32,161
05/04/2014,AVL,NC,ASO,ES,Combined TRACON& Tower with Radar,11,28,47,6,92,0,2,55,0,57,11,30,102,6,149,31,8,39,188
05/05/2014,AVL,NC,ASO,ES,Combined TRACON& Tower with Radar,21,23,43,12,99,0,0,48,4,52,21,23,91,16,151,42,16,58,209
05/06/2014,AVL,NC,ASO,ES,Combined TRACON& Tower with Radar,22,18,45,15,100,1,4,76,5,86,23,22,121,20,186,135,16,151,337
05/07/2014,AVL,NC,ASO,ES,Combined TRACON& Tower with Radar,17,20,40,11,88,0,0,57,4,61,17,20,97,15,149,94,12,106,255
05/08/2014,AVL,NC,ASO,ES,Combined TRACON& Tower with Radar,21,19,39,22,101,0,3,53,1,57,21,22,92,23,158,146,24,170,328
05/09/2014,AVL,NC,ASO,ES,Combined TRACON& Tower with Radar,19,30,31,14,94,0,0,28,0,28,19,30,59,14,122,4,0,4,126
05/10/2014,AVL,NC,ASO,ES,Combined TRACON& Tower with Radar,12,23,22,6,63,0,1,17,0,18,12,24,39,6,81,2,0,2,83
05/11/2014,AVL,NC,ASO,ES,Combined TRACON& Tower with Radar,12,25,27,4,68,0,0,26,1,27,12,25,53,5,95,8,0,8,103
05/12/2014,AVL,NC,ASO,ES,Combined TRACON& Tower with Radar,19,22,31,3,75,0,0,31,0,31,19,22,62,3,106,94,0,94,200
05/13/2014,AVL,NC,ASO,ES,Combined TRACON& Tower with Radar,21,30,32,6,89,1,0,28,0,29,22,30,60,6,118,50,8,58,176
05/14/2014,AVL,NC,ASO,ES,Combined TRACON& Tower with Radar,16,25,35,9,85,0,2,34,1,37,16,27,69,10,122,138,8,146,268
05/15/2014,AVL,NC,ASO,ES,Combined TRACON& Tower with Radar,20,24,40,2,86,0,0,0,3,3,20,24,40,5,89,0,0,0,89
05/16/2014,AVL,NC,ASO,ES,Combined TRACON& Tower with Radar,21,27,58,54,160,0,0,47,3,50,21,27,105,57,210,99,14,113,323
05/17/2014,AVL,NC,ASO,ES,Combined TRACON& Tower with Radar,13,23,53,1,90,0,2,42,0,44,13,25,95,1,134,50,0,50,184
05/18/2014,AVL,NC,ASO,ES,Combined TRACON& Tower with Radar,18,30,50,12,110,0,0,12,1,13,18,30,62,13,123,46,0,46,169
05/19/2014,AVL,NC,ASO,ES,Combined TRACON& Tower with Radar,19,24,40,2,85,0,0,54,1,55,19,24,94,3,140,217,0,217,357
05/20/2014,AVL,NC,ASO,ES,Combined TRACON& Tower with Radar,21,27,40,4,92,0,0,43,3,46,21,27,83,7,138,190,0,190,328
05/21/2014,AVL,NC,ASO,ES,Combined TRACON& Tower with Radar,17,27,35,4,83,0,0,50,1,51,17,27,85,5,134,172,4,176,310
05/22/2014,AVL,NC,ASO,ES,Combined TRACON& Tower with Radar,23,24,59,3,109,0,0,35,2,37,23,24,94,5,146,126,0,126,272
05/23/2014,AVL,NC,ASO,ES,Combined TRACON& Tower with Radar,19,34,68,5,126,0,0,43,0,43,19,34,111,5,169,44,0,44,213
05/24/2014,AVL,NC,ASO,ES,Combined TRACON& Tower with Radar,11,22,26,0,59,0,0,81,0,81,11,22,107,0,140,67,0,67,207
05/25/2014,AVL,NC,ASO,ES,Combined TRACON& Tower with Radar,15,18,44,2,79,0,0,17,0,17,15,18,61,2,96,28,0,28,124
05/26/2014,AVL,NC,ASO,ES,Combined TRACON& Tower with Radar,19,37,53,5,114,0,0,31,0,31,19,37,84,5,145,0,0,0,145
05/27/2014,AVL,NC,ASO,ES,Combined TRACON& Tower with Radar,17,20,41,6,84,0,0,19,1,20,17,20,60,7,104,20,0,20,124
05/28/2014,AVL,NC,ASO,ES,Combined TRACON& Tower with Radar,17,22,41,8,88,0,2,51,0,53,17,24,92,8,141,124,0,124,265
05/29/2014,AVL,NC,ASO,ES,Combined TRACON& Tower with Radar,25,25,42,18,110,0,0,28,2,30,25,25,70,20,140,74,6,80,220
05/30/2014,AVL,NC,ASO,ES,Combined TRACON& Tower with Radar,19,28,48,12,107,0,1,17,1,19,19,29,65,13,126,56,12,68,194
05/31/2014,AVL,NC,ASO,ES,Combined TRACON& Tower with Radar,13,27,29,8,77,0,2,6,0,8,13,29,35,8,85,34,0,34,119
06/01/2014,AVL,NC,ASO,ES,Combined TRACON& Tower with Radar,20,34,61,8,123,0,0,11,0,11,20,34,72,8,134,16,0,16,150
06/02/2014,AVL,NC,ASO,ES,Combined TRACON& Tower with Radar,21,20,59,0,100,0,2,70,0,72,21,22,129,0,172,200,0,200,372
06/03/2014,AVL,NC,ASO,ES,Combined TRACON& Tower with Radar,19,18,44,4,85,0,0,42,2,44,19,18,86,6,129,88,0,88,217
06/04/2014,AVL,NC,ASO,ES,Combined TRACON& Tower with Radar,16,22,51,14,103,0,0,50,4,54,16,22,101,18,157,90,18,108,265
06/05/2014,AVL,NC,ASO,ES,Combined TRACON& Tower with Radar,22,35,45,0,102,0,0,24,0,24,22,35,69,0,126,33,0,33,159
06/06/2014,AVL,NC,ASO,ES,Combined TRACON& Tower with Radar,20,32,54,6,112,0,2,20,5,27,20,34,74,11,139,21,0,21,160
06/07/2014,AVL,NC,ASO,ES,Combined TRACON& Tower with Radar,10,31,28,0,69,0,0,28,0,28,10,31,56,0,97,0,0,0,97
06/08/2014,AVL,NC,ASO,ES,Combined TRACON& Tower with Radar,17,46,55,5,123,0,0,15,1,16,17,46,70,6,139,0,0,0,139
06/09/2014,AVL,NC,ASO,ES,Combined TRACON& Tower with Radar,19,39,39,9,106,0,0,41,4,45,19,39,80,13,151,90,6,96,247
06/10/2014,AVL,NC,ASO,ES,Combined TRACON& Tower with Radar,19,25,61,13,118,0,0,48,5,53,19,25,109,18,171,22,28,50,221
06/11/2014,AVL,NC,ASO,ES,Combined TRACON& Tower with Radar,15,31,34,11,91,0,0,12,0,12,15,31,46,11,103,24,12,36,139
06/12/2014,AVL,NC,ASO,ES,Combined TRACON& Tower with Radar,21,29,55,4,109,0,1,10,6,17,21,30,65,10,126,8,0,8,134
06/13/2014,AVL,NC,ASO,ES,Combined TRACON& Tower with Radar,19,35,65,21,140,0,2,35,2,39,19,37,100,23,179,20,0,20,199
06/14/2014,AVL,NC,ASO,ES,Combined TRACON& Tower with Radar,17,26,42,28,113,0,0,35,1,36,17,26,77,29,149,109,24,133,282
06/15/2014,AVL,NC,ASO,ES,Combined TRACON& Tower with Radar,18,44,51,0,113,0,1,38,0,39,18,45,89,0,152,55,0,55,207
06/16/2014,AVL,NC,ASO,ES,Combined TRACON& Tower with Radar,17,38,42,11,108,0,0,18,7,25,17,38,60,18,133,58,34,92,225
06/17/2014,AVL,NC,ASO,ES,Combined TRACON& Tower with Radar,21,33,34,13,101,0,2,43,3,48,21,35,77,16,149,112,36,148,297
06/18/2014,AVL,NC,ASO,ES,Combined TRACON& Tower with Radar,17,23,61,8,109,0,2,38,4,44,17,25,99,12,153,62,0,62,215
06/19/2014,AVL,NC,ASO,ES,Combined TRACON& Tower with Radar,23,30,53,8,114,0,0,45,4,49,23,30,98,12,163,110,0,110,273
06/20/2014,AVL,NC,ASO,ES,Combined TRACON& Tower with Radar,21,32,72,6,131,0,0,46,2,48,21,32,118,8,179,30,0,30,209
06/21/2014,AVL,NC,ASO,ES,Combined TRACON& Tower with Radar,18,27,46,6,97,0,0,33,0,33,18,27,79,6,130,76,0,76,206
06/22/2014,AVL,NC,ASO,ES,Combined TRACON& Tower with Radar,23,43,51,10,127,0,0,38,4,42,23,43,89,14,169,82,12,94,263
06/23/2014,AVL,NC,ASO,ES,Combined TRACON& Tower with Radar,21,32,43,1,97,0,2,6,2,10,21,34,49,3,107,32,0,32,139
06/24/2014,AVL,NC,ASO,ES,Combined TRACON& Tower with Radar,19,38,40,6,103,0,0,9,1,10,19,38,49,7,113,0,0,0,113
06/25/2014,AVL,NC,ASO,ES,Combined TRACON& Tower with Radar,17,36,57,23,133,0,0,31,8,39,17,36,88,31,172,100,0,100,272
06/26/2014,AVL,NC,ASO,ES,Combined TRACON& Tower with Radar,19,33,65,24,141,0,0,54,5,59,19,33,119,29,200,56,10,66,266
06/27/2014,AVL,NC,ASO,ES,Combined TRACON& Tower with Radar,18,26,52,4,100,0,1,29,2,32,18,27,81,6,132,26,0,26,158
06/28/2014,AVL,NC,ASO,ES,Combined TRACON& Tower with Radar,17,29,35,4,85,0,0,11,0,11,17,29,46,4,96,0,0,0,96
06/29/2014,AVL,NC,ASO,ES,Combined TRACON& Tower with Radar,19,44,59,6,128,0,0,13,0,13,19,44,72,6,141,0,0,0,141
06/30/2014,AVL,NC,ASO,ES,Combined TRACON& Tower with Radar,14,29,47,5,95,0,5,9,0,14,14,34,56,5,109,0,0,0,109
07/01/2014,AVL,NC,ASO,ES,Combined TRACON& Tower with Radar,18,40,47,17,122,0,0,55,14,69,18,40,102,31,191,82,52,134,325
07/02/2014,AVL,NC,ASO,ES,Combined TRACON& Tower with Radar,15,43,48,10,116,0,0,43,2,45,15,43,91,12,161,58,0,58,219
07/03/2014,AVL,NC,ASO,ES,Combined TRACON& Tower with Radar,19,41,63,0,123,0,4,32,0,36,19,45,95,0,159,68,0,68,227
07/04/2014,AVL,NC,ASO,ES,Combined TRACON& Tower with Radar,18,21,34,0,73,0,3,50,0,53,18,24,84,0,126,16,0,16,142
07/05/2014,AVL,NC,ASO,ES,Combined TRACON& Tower with Radar,17,29,39,0,85,0,0,79,0,79,17,29,118,0,164,176,0,176,340
07/06/2014,AVL,NC,ASO,ES,Combined TRACON& Tower with Radar,19,47,70,0,136,0,1,50,0,51,19,48,120,0,187,90,0,90,277
07/07/2014,AVL,NC,ASO,ES,Combined TRACON& Tower with Radar,19,36,58,0,113,0,0,54,2,56,19,36,112,2,169,126,2,128,297
07/08/2014,AVL,NC,ASO,ES,Combined TRACON& Tower with Radar,21,40,35,14,110,0,1,49,0,50,21,41,84,14,160,119,10,129,289
07/09/2014,AVL,NC,ASO,ES,Combined TRACON& Tower with Radar,17,35,33,14,99,0,1,25,2,28,17,36,58,16,127,46,0,46,173
07/10/2014,AVL,NC,ASO,ES,Combined TRACON& Tower with Radar,21,39,49,8,117,0,0,11,0,11,21,39,60,8,128,12,0,12,140
07/11/2014,AVL,NC,ASO,ES,Combined TRACON& Tower with Radar,23,40,78,22,163,0,1,46,0,47,23,41,124,22,210,183,6,189,399
07/12/2014,AVL,NC,ASO,ES,Combined TRACON& Tower with Radar,15,35,49,12,111,0,0,39,0,39,15,35,88,12,150,86,22,108,258
07/13/2014,AVL,NC,ASO,ES,Combined TRACON& Tower with Radar,19,38,68,19,144,0,1,41,2,44,19,39,109,21,188,28,0,28,216
07/14/2014,AVL,NC,ASO,ES,Combined TRACON& Tower with Radar,19,37,32,0,88,0,2,21,2,25,19,39,53,2,113,52,0,52,165
07/15/2014,AVL,NC,ASO,ES,Combined TRACON& Tower with Radar,19,36,48,3,106,0,0,18,0,18,19,36,66,3,124,76,0,76,200
07/16/2014,AVL,NC,ASO,ES,Combined TRACON& Tower with Radar,15,40,53,21,129,0,3,67,4,74,15,43,120,25,203,168,60,228,431
07/17/2014,AVL,NC,ASO,ES,Combined TRACON& Tower with Radar,19,39,54,29,141,0,1,32,3,36,19,40,86,32,177,198,52,250,427
07/18/2014,AVL,NC,ASO,ES,Combined TRACON& Tower with Radar,20,40,60,8,128,0,0,0,0,0,20,40,60,8,128,0,0,0,128
07/19/2014,AVL,NC,ASO,ES,Combined TRACON& Tower with Radar,13,41,36,0,90,0,0,2,0,2,13,41,38,0,92,0,0,0,92
07/20/2014,AVL,NC,ASO,ES,Combined TRACON& Tower with Radar,20,45,60,0,125,0,0,18,0,18,20,45,78,0,143,53,0,53,196
07/21/2014,AVL,NC,ASO,ES,Combined TRACON& Tower with Radar,17,40,43,0,100,0,0,2,0,2,17,40,45,0,102,0,0,0,102
07/22/2014,AVL,NC,ASO,ES,Combined TRACON& Tower with Radar,19,39,37,0,95,0,4,6,0,10,19,43,43,0,105,16,0,16,121
07/23/2014,AVL,NC,ASO,ES,Combined TRACON& Tower with Radar,15,46,62,1,124,0,0,10,9,19,15,46,72,10,143,6,0,6,149
07/24/2014,AVL,NC,ASO,ES,Combined TRACON& Tower with Radar,21,33,60,1,115,0,0,12,2,14,21,33,72,3,129,52,0,52,181
07/25/2014,AVL,NC,ASO,ES,Combined TRACON& Tower with Radar,19,35,90,27,171,0,0,52,2,54,19,35,142,29,225,138,54,192,417
07/26/2014,AVL,NC,ASO,ES,Combined TRACON& Tower with Radar,15,36,49,0,100,0,0,63,0,63,15,36,112,0,163,150,0,150,313
07/27/2014,AVL,NC,ASO,ES,Combined TRACON& Tower with Radar,21,47,80,2,150,0,0,42,0,42,21,47,122,2,192,68,0,68,260
07/28/2014,AVL,NC,ASO,ES,Combined TRACON& Tower with Radar,18,34,61,2,115,0,2,30,1,33,18,36,91,3,148,31,0,31,179
07/29/2014,AVL,NC,ASO,ES,Combined TRACON& Tower with Radar,20,30,55,10,115,0,0,81,5,86,20,30,136,15,201,198,4,202,403
07/30/2014,AVL,NC,ASO,ES,Combined TRACON& Tower with Radar,15,33,54,9,111,0,0,68,5,73,15,33,122,14,184,170,4,174,358
07/31/2014,AVL,NC,ASO,ES,Combined TRACON& Tower with Radar,21,40,65,4,130,0,0,15,2,17,21,40,80,6,147,76,0,76,223
08/01/2014,AVL,NC,ASO,ES,Combined TRACON& Tower with Radar,19,34,65,6,124,0,0,4,0,4,19,34,69,6,128,36,0,36,164
08/02/2014,AVL,NC,ASO,ES,Combined TRACON& Tower with Radar,15,41,42,3,101,0,0,9,0,9,15,41,51,3,110,0,0,0,110
08/03/2014,AVL,NC,ASO,ES,Combined TRACON& Tower with Radar,18,49,70,2,139,0,0,24,0,24,18,49,94,2,163,102,0,102,265
08/04/2014,AVL,NC,ASO,ES,Combined TRACON& Tower with Radar,16,39,58,4,117,0,0,33,5,38,16,39,91,9,155,146,0,146,301
08/05/2014,AVL,NC,ASO,ES,Combined TRACON& Tower with Radar,23,43,51,13,130,0,0,42,6,48,23,43,93,19,178,136,62,198,376
08/06/2014,AVL,NC,ASO,ES,Combined TRACON& Tower with Radar,16,32,63,3,114,0,1,46,9,56,16,33,109,12,170,44,0,44,214
08/07/2014,AVL,NC,ASO,ES,Combined TRACON& Tower with Radar,21,35,47,7,110,0,0,50,2,52,21,35,97,9,162,166,0,166,328
08/08/2014,AVL,NC,ASO,ES,Combined TRACON& Tower with Radar,16,33,48,2,99,0,0,0,0,0,16,33,48,2,99,8,0,8,107
08/09/2014,AVL,NC,ASO,ES,Combined TRACON& Tower with Radar,13,38,38,4,93,0,0,11,0,11,13,38,49,4,104,0,0,0,104
08/10/2014,AVL,NC,ASO,ES,Combined TRACON& Tower with Radar,19,37,57,6,119,0,0,0,0,0,19,37,57,6,119,0,6,6,125
08/11/2014,AVL,NC,ASO,ES,Combined TRACON& Tower with Radar,16,33,37,0,86,0,0,8,0,8,16,33,45,0,94,45,0,45,139
08/12/2014,AVL,NC,ASO,ES,Combined TRACON& Tower with Radar,19,28,53,2,102,0,0,4,3,7,19,28,57,5,109,10,0,10,119
08/13/2014,AVL,NC,ASO,ES,Combined TRACON& Tower with Radar,10,33,47,25,115,0,0,60,6,66,10,33,107,31,181,92,36,128,309
08/14/2014,AVL,NC,ASO,ES,Combined TRACON& Tower with Radar,19,32,64,36,151,0,0,79,4,83,19,32,143,40,234,146,0,146,380
08/15/2014,AVL,NC,ASO,ES,Combined TRACON& Tower with Radar,21,41,80,35,177,0,1,94,7,102,21,42,174,42,279,120,36,156,435
08/16/2014,AVL,NC,ASO,ES,Combined TRACON& Tower with Radar,9,35,53,21,118,0,0,104,9,113,9,35,157,30,231,194,20,214,445
08/17/2014,AVL,NC,ASO,ES,Combined TRACON& Tower with Radar,17,41,71,3,132,0,1,37,1,39,17,42,108,4,171,62,0,62,233
08/18/2014,AVL,NC,ASO,ES,Combined TRACON& Tower with Radar,21,30,37,4,92,0,0,10,3,13,21,30,47,7,105,10,0,10,115
08/19/2014,AVL,NC,ASO,ES,Combined TRACON& Tower with Radar,12,31,41,2,86,0,0,30,7,37,12,31,71,9,123,34,0,34,157
08/20/2014,AVL,NC,ASO,ES,Combined TRACON& Tower with Radar,13,39,44,15,111,0,2,48,0,50,13,41,92,15,161,52,0,52,213
08/21/2014,AVL,NC,ASO,ES,Combined TRACON& Tower with Radar,17,35,48,9,109,0,2,35,6,43,17,37,83,15,152,44,16,60,212
08/22/2014,AVL,NC,ASO,ES,Combined TRACON& Tower with Radar,19,31,51,24,125,0,0,42,7,49,19,31,93,31,174,84,6,90,264
08/23/2014,AVL,NC,ASO,ES,Combined TRACON& Tower with Radar,10,43,29,1,83,0,3,43,3,49,10,46,72,4,132,66,0,66,198
08/24/2014,AVL,NC,ASO,ES,Combined TRACON& Tower with Radar,13,43,52,2,110,0,2,13,3,18,13,45,65,5,128,0,0,0,128
08/25/2014,AVL,NC,ASO,ES,Combined TRACON& Tower with Radar,19,27,53,7,106,0,2,24,5,31,19,29,77,12,137,38,0,38,175
08/26/2014,AVL,NC,ASO,ES,Combined TRACON& Tower with Radar,13,30,62,4,109,0,1,60,4,65,13,31,122,8,174,12,0,12,186
08/27/2014,AVL,NC,ASO,ES,Combined TRACON& Tower with Radar,12,40,46,18,116,0,5,55,0,60,12,45,101,18,176,0,0,0,176
08/28/2014,AVL,NC,ASO,ES,Combined TRACON& Tower with Radar,19,46,68,17,150,0,1,53,1,55,19,47,121,18,205,79,0,79,284
08/29/2014,AVL,NC,ASO,ES,Combined TRACON& Tower with Radar,23,46,64,2,135,0,0,67,0,67,23,46,131,2,202,100,0,100,302
08/30/2014,AVL,NC,ASO,ES,Combined TRACON& Tower with Radar,8,29,33,1,71,0,1,55,1,57,8,30,88,2,128,32,0,32,160
08/31/2014,AVL,NC,ASO,ES,Combined TRACON& Tower with Radar,13,43,52,2,110,0,2,13,3,18,13,45,65,5,128,16,12,28,156
09/01/2014,AVL,NC,ASO,ES,Combined TRACON& Tower with Radar,19,27,53,7,106,0,2,24,5,31,19,29,77,12,137,32,0,32,169
09/02/2014,AVL,NC,ASO,ES,Combined TRACON& Tower with Radar,14,37,26,9,86,0,0,35,1,36,14,37,61,10,122,70,0,70,192
09/03/2014,AVL,NC,ASO,ES,Combined TRACON& Tower with Radar,20,22,33,11,86,0,0,32,3,35,20,22,65,14,121,29,16,45,166
09/04/2014,AVL,NC,ASO,ES,Combined TRACON& Tower with Radar,26,23,32,4,85,0,0,13,3,16,26,23,45,7,101,2,0,2,103
09/05/2014,AVL,NC,ASO,ES,Combined TRACON& Tower with Radar,25,34,71,17,147,0,0,21,4,25,25,34,92,21,172,70,8,78,250
09/06/2014,AVL,NC,ASO,ES,Combined TRACON& Tower with Radar,14,29,36,1,80,0,0,19,2,21,14,29,55,3,101,30,0,30,131
09/07/2014,AVL,NC,ASO,ES,Combined TRACON& Tower with Radar,13,29,48,35,125,0,0,27,5,32,13,29,75,40,157,80,32,112,269
09/08/2014,AVL,NC,ASO,ES,Combined TRACON& Tower with Radar,23,21,39,0,83,0,0,2,0,2,23,21,41,0,85,12,0,12,97
09/09/2014,AVL,NC,ASO,ES,Combined TRACON& Tower with Radar,18,27,60,3,108,0,0,29,1,30,18,27,89,4,138,70,0,70,208
09/10/2014,AVL,NC,ASO,ES,Combined TRACON& Tower with Radar,17,22,39,4,82,0,0,26,3,29,17,22,65,7,111,60,0,60,171
09/11/2014,AVL,NC,ASO,ES,Combined TRACON& Tower with Radar,20,32,55,16,123,0,0,23,6,29,20,32,78,22,152,20,0,20,172
09/12/2014,AVL,NC,ASO,ES,Combined TRACON& Tower with Radar,23,24,54,2,103,0,0,8,0,8,23,24,62,2,111,14,0,14,125
09/13/2014,AVL,NC,ASO,ES,Combined TRACON& Tower with Radar,13,24,36,0,73,0,0,8,2,10,13,24,44,2,83,6,0,6,89
09/14/2014,AVL,NC,ASO,ES,Combined TRACON& Tower with Radar,15,39,66,4,124,0,4,3,0,7,15,43,69,4,131,34,0,34,165
09/15/2014,AVL,NC,ASO,ES,Combined TRACON& Tower with Radar,23,23,58,6,110,0,0,16,0,16,23,23,74,6,126,38,12,50,176
09/16/2014,AVL,NC,ASO,ES,Combined TRACON& Tower with Radar,18,35,45,35,133,0,0,29,3,32,18,35,74,38,165,42,72,114,279
09/17/2014,AVL,NC,ASO,ES,Combined TRACON& Tower with Radar,16,30,66,12,124,0,0,18,0,18,16,30,84,12,142,96,34,130,272
09/18/2014,AVL,NC,ASO,ES,Combined TRACON& Tower with Radar,21,34,98,18,171,0,0,45,5,50,21,34,143,23,221,81,58,139,360
09/19/2014,AVL,NC,ASO,ES,Combined TRACON& Tower with Radar,23,35,65,16,139,0,0,11,5,16,23,35,76,21,155,32,0,32,187
09/20/2014,AVL,NC,ASO,ES,Combined TRACON& Tower with Radar,14,23,39,39,115,0,0,78,5,83,14,23,117,44,198,66,66,132,330
09/21/2014,AVL,NC,ASO,ES,Combined TRACON& Tower with Radar,13,42,73,7,135,0,2,50,1,53,13,44,123,8,188,36,4,40,228
09/22/2014,AVL,NC,ASO,ES,Combined TRACON& Tower with Radar,23,20,32,22,97,0,1,47,4,52,23,21,79,26,149,102,24,126,275
09/23/2014,AVL,NC,ASO,ES,Combined TRACON& Tower with Radar,20,21,41,10,92,0,7,48,6,61,20,28,89,16,153,136,16,152,305
09/24/2014,AVL,NC,ASO,ES,Combined TRACON& Tower with Radar,19,23,51,16,109,0,0,51,2,53,19,23,102,18,162,126,30,156,318
09/25/2014,AVL,NC,ASO,ES,Combined TRACON& Tower with Radar,23,30,68,11,132,0,0,12,2,14,23,30,80,13,146,52,28,80,226
09/26/2014,AVL,NC,ASO,ES,Combined TRACON& Tower with Radar,21,25,84,29,159,0,0,7,0,7,21,25,91,29,166,54,20,74,240
09/27/2014,AVL,NC,ASO,ES,Combined TRACON& Tower with Radar,14,23,47,19,103,0,2,44,7,53,14,25,91,26,156,158,58,216,372
09/28/2014,AVL,NC,ASO,ES,Combined TRACON& Tower with Radar,15,32,60,12,119,0,0,32,0,32,15,32,92,12,151,38,12,50,201
09/29/2014,AVL,NC,ASO,ES,Combined TRACON& Tower with Radar,24,22,34,6,86,0,0,3,0,3,24,22,37,6,89,0,0,0,89
09/30/2014,AVL,NC,ASO,ES,Combined TRACON& Tower with Radar,19,26,43,4,92,0,0,62,4,66,19,26,105,8,158,52,0,52,210
10/01/2014,AVL,NC,ASO,ES,Combined TRACON& Tower with Radar,20,31,47,6,104,0,0,36,6,42,20,31,83,12,146,64,6,70,216
10/02/2014,AVL,NC,ASO,ES,Combined TRACON& Tower with Radar,23,29,53,21,126,0,0,59,3,62,23,29,112,24,188,20,0,20,208
10/03/2014,AVL,NC,ASO,ES,Combined TRACON& Tower with Radar,24,27,40,0,91,0,0,3,1,4,24,27,43,1,95,0,0,0,95
10/04/2014,AVL,NC,ASO,ES,Combined TRACON& Tower with Radar,12,24,28,2,66,0,2,30,2,34,12,26,58,4,100,0,0,0,100
10/05/2014,AVL,NC,ASO,ES,Combined TRACON& Tower with Radar,20,32,44,10,106,0,2,67,2,71,20,34,111,12,177,57,8,65,242
10/06/2014,AVL,NC,ASO,ES,Combined TRACON& Tower with Radar,23,30,38,5,96,0,0,30,5,35,23,30,68,10,131,16,0,16,147
10/07/2014,AVL,NC,ASO,ES,Combined TRACON& Tower with Radar,19,23,39,28,109,0,2,11,2,15,19,25,50,30,124,14,32,46,170
10/08/2014,AVL,NC,ASO,ES,Combined TRACON& Tower with Radar,17,30,54,20,121,0,2,41,10,53,17,32,95,30,174,66,0,66,240
10/09/2014,AVL,NC,ASO,ES,Combined TRACON& Tower with Radar,20,28,45,20,113,0,0,64,14,78,20,28,109,34,191,44,16,60,251
10/10/2014,AVL,NC,ASO,ES,Combined TRACON& Tower with Radar,21,27,56,8,112,0,1,16,5,22,21,28,72,13,134,34,0,34,168
10/11/2014,AVL,NC,ASO,ES,Combined TRACON& Tower with Radar,18,31,37,0,86,0,0,41,0,41,18,31,78,0,127,54,12,66,193
10/12/2014,AVL,NC,ASO,ES,Combined TRACON& Tower with Radar,19,26,57,2,104,0,0,0,0,0,19,26,57,2,104,0,0,0,104
10/13/2014,AVL,NC,ASO,ES,Combined TRACON& Tower with Radar,23,29,50,0,102,0,0,4,0,4,23,29,54,0,106,26,0,26,132
10/14/2014,AVL,NC,ASO,ES,Combined TRACON& Tower with Radar,19,21,11,0,51,0,0,2,0,2,19,21,13,0,53,0,0,0,53
10/15/2014,AVL,NC,ASO,ES,Combined TRACON& Tower with Radar,19,29,60,35,143,0,0,39,2,41,19,29,99,37,184,22,24,46,230
10/16/2014,AVL,NC,ASO,ES,Combined TRACON& Tower with Radar,21,32,70,25,148,0,7,15,4,26,21,39,85,29,174,14,4,18,192
10/17/2014,AVL,NC,ASO,ES,Combined TRACON& Tower with Radar,23,30,84,42,179,0,0,79,4,83,23,30,163,46,262,68,16,84,346
10/18/2014,AVL,NC,ASO,ES,Combined TRACON& Tower with Radar,16,26,42,36,120,0,0,46,0,46,16,26,88,36,166,32,46,78,244
10/19/2014,AVL,NC,ASO,ES,Combined TRACON& Tower with Radar,19,41,82,7,149,0,0,54,2,56,19,41,136,9,205,6,0,6,211
10/20/2014,AVL,NC,ASO,ES,Combined TRACON& Tower with Radar,21,32,59,18,130,0,0,49,0,49,21,32,108,18,179,102,6,108,287
10/21/2014,AVL,NC,ASO,ES,Combined TRACON& Tower with Radar,17,26,43,28,114,0,2,42,4,48,17,28,85,32,162,118,28,146,308
10/22/2014,AVL,NC,ASO,ES,Combined TRACON& Tower with Radar,19,31,43,22,115,0,0,26,2,28,19,31,69,24,143,0,0,0,143
10/23/2014,AVL,NC,ASO,ES,Combined TRACON& Tower with Radar,21,32,64,2,119,0,5,45,1,51,21,37,109,3,170,20,0,20,190
10/24/2014,AVL,NC,ASO,ES,Combined TRACON& Tower with Radar,23,30,61,21,135,0,2,88,4,94,23,32,149,25,229,62,20,82,311
10/25/2014,AVL,NC,ASO,ES,Combined TRACON& Tower with Radar,14,28,54,26,122,0,0,181,8,189,14,28,235,34,311,26,10,36,347
10/26/2014,AVL,NC,ASO,ES,Combined TRACON& Tower with Radar,19,31,68,29,147,0,1,145,3,149,19,32,213,32,296,26,22,48,344
10/27/2014,AVL,NC,ASO,ES,Combined TRACON& Tower with Radar,21,28,46,2,97,0,0,46,2,48,21,28,92,4,145,27,0,27,172
10/28/2014,AVL,NC,ASO,ES,Combined TRACON& Tower with Radar,17,24,50,15,106,0,1,54,0,55,17,25,104,15,161,48,0,48,209
10/29/2014,AVL,NC,ASO,ES,Combined TRACON& Tower with Radar,17,20,56,15,108,0,3,12,1,16,17,23,68,16,124,20,16,36,160
10/30/2014,AVL,NC,ASO,ES,Combined TRACON& Tower with Radar,19,25,50,26,120,0,0,49,6,55,19,25,99,32,175,80,22,102,277
10/31/2014,AVL,NC,ASO,ES,Combined TRACON& Tower with Radar,25,26,39,5,95,0,0,35,0,35,25,26,74,5,130,38,0,38,168
11/01/2014,AVL,NC,ASO,ES,Combined TRACON& Tower with Radar,9,16,15,0,40,0,0,0,0,0,9,16,15,0,40,0,0,0,40
11/02/2014,AVL,NC,ASO,ES,Combined TRACON& Tower with Radar,17,21,32,5,75,0,0,37,0,37,17,21,69,5,112,0,6,6,118
11/03/2014,AVL,NC,ASO,ES,Combined TRACON& Tower with Radar,19,22,31,19,91,0,3,41,1,45,19,25,72,20,136,84,30,114,250
11/04/2014,AVL,NC,ASO,ES,Combined TRACON& Tower with Radar,17,14,31,10,72,0,4,48,15,67,17,18,79,25,139,158,10,168,307
11/05/2014,AVL,NC,ASO,ES,Combined TRACON& Tower with Radar,17,25,31,25,98,0,1,41,5,47,17,26,72,30,145,84,0,84,229
11/06/2014,AVL,NC,ASO,ES,Combined TRACON& Tower with Radar,17,27,26,4,74,0,0,8,0,8,17,27,34,4,82,0,0,0,82
11/07/2014,AVL,NC,ASO,ES,Combined TRACON& Tower with Radar,19,25,39,25,108,0,1,21,0,22,19,26,60,25,130,26,0,26,156
11/08/2014,AVL,NC,ASO,ES,Combined TRACON& Tower with Radar,17,15,35,9,76,0,3,64,1,68,17,18,99,10,144,80,6,86,230
11/09/2014,AVL,NC,ASO,ES,Combined TRACON& Tower with Radar,13,26,44,9,92,0,0,62,6,68,13,26,106,15,160,54,0,54,214
11/10/2014,AVL,NC,ASO,ES,Combined TRACON& Tower with Radar,20,21,32,10,83,0,1,47,1,49,20,22,79,11,132,46,4,50,182
11/11/2014,AVL,NC,ASO,ES,Combined TRACON& Tower with Radar,15,20,45,0,80,0,5,64,0,69,15,25,109,0,149,102,0,102,251
11/12/2014,AVL,NC,ASO,ES,Combined TRACON& Tower with Radar,15,28,54,17,114,0,0,30,5,35,15,28,84,22,149,40,8,48,197
11/13/2014,AVL,NC,ASO,ES,Combined TRACON& Tower with Radar,17,28,27,6,78,0,0,2,0,2,17,28,29,6,80,0,0,0,80
11/14/2014,AVL,NC,ASO,ES,Combined TRACON& Tower with Radar,19,22,47,15,103,0,0,30,1,31,19,22,77,16,134,0,0,0,134
11/15/2014,AVL,NC,ASO,ES,Combined TRACON& Tower with Radar,17,14,28,6,65,0,2,54,2,58,17,16,82,8,123,72,0,72,195
11/16/2014,AVL,NC,ASO,ES,Combined TRACON& Tower with Radar,15,23,39,0,77,0,0,25,0,25,15,23,64,0,102,20,0,20,122
11/17/2014,AVL,NC,ASO,ES,Combined TRACON& Tower with Radar,17,16,32,0,65,0,2,1,0,3,17,18,33,0,68,0,0,0,68
11/18/2014,AVL,NC,ASO,ES,Combined TRACON& Tower with Radar,15,20,25,2,62,0,3,23,0,26,15,23,48,2,88,0,0,0,88
11/19/2014,AVL,NC,ASO,ES,Combined TRACON& Tower with Radar,17,24,40,21,102,0,1,51,1,53,17,25,91,22,155,66,0,66,221
11/20/2014,AVL,NC,ASO,ES,Combined TRACON& Tower with Radar,17,19,41,6,83,0,7,46,0,53,17,26,87,6,136,26,0,26,162
11/21/2014,AVL,NC,ASO,ES,Combined TRACON& Tower with Radar,19,23,49,25,116,0,2,72,5,79,19,25,121,30,195,100,38,138,333
11/22/2014,AVL,NC,ASO,ES,Combined TRACON& Tower with Radar,20,15,25,18,78,0,0,76,2,78,20,15,101,20,156,44,20,64,220
11/23/2014,AVL,NC,ASO,ES,Combined TRACON& Tower with Radar,15,26,18,0,59,0,0,0,0,0,15,26,18,0,59,0,0,0,59
11/24/2014,AVL,NC,ASO,ES,Combined TRACON& Tower with Radar,22,23,34,24,103,0,1,23,1,25,22,24,57,25,128,40,20,60,188
11/25/2014,AVL,NC,ASO,ES,Combined TRACON& Tower with Radar,13,34,80,4,131,0,3,56,7,66,13,37,136,11,197,128,6,134,331
11/26/2014,AVL,NC,ASO,ES,Combined TRACON& Tower with Radar,17,20,42,0,79,0,0,11,0,11,17,20,53,0,90,54,0,54,144
11/27/2014,AVL,NC,ASO,ES,Combined TRACON& Tower with Radar,17,17,10,0,44,0,0,2,0,2,17,17,12,0,46,0,0,0,46
11/28/2014,AVL,NC,ASO,ES,Combined TRACON& Tower with Radar,14,20,27,0,61,0,0,57,0,57,14,20,84,0,118,10,0,10,128
11/29/2014,AVL,NC,ASO,ES,Combined TRACON& Tower with Radar,21,34,27,0,82,0,0,42,0,42,21,34,69,0,124,10,0,10,134
11/30/2014,AVL,NC,ASO,ES,Combined TRACON& Tower with Radar,16,45,78,0,139,0,1,24,0,25,16,46,102,0,164,26,0,26,190
12/01/2014,AVL,NC,ASO,ES,Combined TRACON& Tower with Radar,17,33,29,17,96,0,0,38,1,39,17,33,67,18,135,24,8,32,167
12/02/2014,AVL,NC,ASO,ES,Combined TRACON& Tower with Radar,14,21,34,16,85,0,4,1,0,5,14,25,35,16,90,0,0,0,90
12/03/2014,AVL,NC,ASO,ES,Combined TRACON& Tower with Radar,13,26,31,20,90,0,0,23,0,23,13,26,54,20,113,70,2,72,185
12/04/2014,AVL,NC,ASO,ES,Combined TRACON& Tower with Radar,15,28,55,2,100,0,0,33,0,33,15,28,88,2,133,86,0,86,219
12/05/2014,AVL,NC,ASO,ES,Combined TRACON& Tower with Radar,17,27,26,3,73,0,0,7,0,7,17,27,33,3,80,0,0,0,80
12/06/2014,AVL,NC,ASO,ES,Combined TRACON& Tower with Radar,15,12,26,0,53,0,0,1,0,1,15,12,27,0,54,6,0,6,60
12/07/2014,AVL,NC,ASO,ES,Combined TRACON& Tower with Radar,15,28,25,4,72,0,0,27,0,27,15,28,52,4,99,16,0,16,115
12/08/2014,AVL,NC,ASO,ES,Combined TRACON& Tower with Radar,18,20,30,12,80,0,0,11,0,11,18,20,41,12,91,28,0,28,119
12/09/2014,AVL,NC,ASO,ES,Combined TRACON& Tower with Radar,12,15,31,16,74,0,0,0,3,3,12,15,31,19,77,0,0,0,77
12/10/2014,AVL,NC,ASO,ES,Combined TRACON& Tower with Radar,11,25,42,14,92,0,3,13,1,17,11,28,55,15,109,34,4,38,147
12/11/2014,AVL,NC,ASO,ES,Combined TRACON& Tower with Radar,15,31,37,10,93,0,5,18,1,24,15,36,55,11,117,0,24,24,141
12/12/2014,AVL,NC,ASO,ES,Combined TRACON& Tower with Radar,17,21,38,7,83,0,0,66,3,69,17,21,104,10,152,56,36,92,244
12/13/2014,AVL,NC,ASO,ES,Combined TRACON& Tower with Radar,15,13,16,0,44,0,1,72,1,74,15,14,88,1,118,43,0,43,161
12/14/2014,AVL,NC,ASO,ES,Combined TRACON& Tower with Radar,15,22,27,4,68,0,0,51,2,53,15,22,78,6,121,66,0,66,187
12/15/2014,AVL,NC,ASO,ES,Combined TRACON& Tower with Radar,18,21,42,15,96,0,0,67,0,67,18,21,109,15,163,92,8,100,263
12/16/2014,AVL,NC,ASO,ES,Combined TRACON& Tower with Radar,12,19,20,27,78,0,0,2,6,8,12,19,22,33,86,18,24,42,128
12/17/2014,AVL,NC,ASO,ES,Combined TRACON& Tower with Radar,15,21,30,38,104,0,0,40,3,43,15,21,70,41,147,60,16,76,223
12/18/2014,AVL,NC,ASO,ES,Combined TRACON& Tower with Radar,15,29,37,18,99,0,1,38,8,47,15,30,75,26,146,80,22,102,248
12/19/2014,AVL,NC,ASO,ES,Combined TRACON& Tower with Radar,17,24,40,23,104,0,2,52,2,56,17,26,92,25,160,90,8,98,258
12/20/2014,AVL,NC,ASO,ES,Combined TRACON& Tower with Radar,16,26,19,0,61,0,0,0,0,0,16,26,19,0,61,0,0,0,61
12/21/2014,AVL,NC,ASO,ES,Combined TRACON& Tower with Radar,17,20,31,0,68,0,0,5,0,5,17,20,36,0,73,20,0,20,93
12/22/2014,AVL,NC,ASO,ES,Combined TRACON& Tower with Radar,21,23,21,0,65,0,0,0,0,0,21,23,21,0,65,0,0,0,65
12/23/2014,AVL,NC,ASO,ES,Combined TRACON& Tower with Radar,15,24,14,2,55,0,0,0,0,0,15,24,14,2,55,0,0,0,55
12/24/2014,AVL,NC,ASO,ES,Combined TRACON& Tower with Radar,18,12,16,0,46,0,0,0,0,0,18,12,16,0,46,0,0,0,46
12/25/2014,AVL,NC,ASO,ES,Combined TRACON& Tower with Radar,19,17,11,0,47,0,0,13,0,13,19,17,24,0,60,0,0,0,60
12/26/2014,AVL,NC,ASO,ES,Combined TRACON& Tower with Radar,21,20,50,0,91,0,0,61,0,61,21,20,111,0,152,32,0,32,184
12/27/2014,AVL,NC,ASO,ES,Combined TRACON& Tower with Radar,14,34,39,0,87,0,2,36,0,38,14,36,75,0,125,14,0,14,139
12/28/2014,AVL,NC,ASO,ES,Combined TRACON& Tower with Radar,16,27,20,0,63,0,0,2,0,2,16,27,22,0,65,0,0,0,65
12/29/2014,AVL,NC,ASO,ES,Combined TRACON& Tower with Radar,22,20,31,2,75,0,0,0,0,0,22,20,31,2,75,0,0,0,75
12/30/2014,AVL,NC,ASO,ES,Combined TRACON& Tower with Radar,23,25,30,0,78,0,3,3,0,6,23,28,33,0,84,0,0,0,84
12/31/2014,AVL,NC,ASO,ES,Combined TRACON& Tower with Radar,22,22,43,0,87,0,2,67,0,69,22,24,110,0,156,127,0,127,283
01/01/2015,AVL,NC,ASO,ES,Combined TRACON& Tower with Radar,17,16,19,0,52,0,0,42,0,42,17,16,61,0,94,60,0,60,154
01/02/2015,AVL,NC,ASO,ES,Combined TRACON& Tower with Radar,21,25,31,4,81,0,6,11,0,17,21,31,42,4,98,29,8,37,135
01/03/2015,AVL,NC,ASO,ES,Combined TRACON& Tower with Radar,14,25,16,0,55,0,0,0,0,0,14,25,16,0,55,0,0,0,55
01/04/2015,AVL,NC,ASO,ES,Combined TRACON& Tower with Radar,19,14,16,0,49,0,3,4,0,7,19,17,20,0,56,16,0,16,72
01/05/2015,AVL,NC,ASO,ES,Combined TRACON& Tower with Radar,23,21,27,0,71,0,1,33,2,36,23,22,60,2,107,46,0,46,153
01/06/2015,AVL,NC,ASO,ES,Combined TRACON& Tower with Radar,13,18,22,5,58,0,5,11,5,21,13,23,33,10,79,20,6,26,105
01/07/2015,AVL,NC,ASO,ES,Combined TRACON& Tower with Radar,9,22,10,3,44,0,0,5,0,5,9,22,15,3,49,0,0,0,49
01/08/2015,AVL,NC,ASO,ES,Combined TRACON& Tower with Radar,13,25,23,8,69,0,0,27,4,31,13,25,50,12,100,20,20,40,140
01/09/2015,AVL,NC,ASO,ES,Combined TRACON& Tower with Radar,15,20,21,36,92,0,0,19,2,21,15,20,40,38,113,20,16,36,149
01/10/2015,AVL,NC,ASO,ES,Combined TRACON& Tower with Radar,10,12,14,1,37,0,0,69,1,70,10,12,83,2,107,74,0,74,181
01/11/2015,AVL,NC,ASO,ES,Combined TRACON& Tower with Radar,15,17,24,9,65,0,0,29,0,29,15,17,53,9,94,28,0,28,122
01/12/2015,AVL,NC,ASO,ES,Combined TRACON& Tower with Radar,16,17,12,0,45,0,0,0,0,0,16,17,12,0,45,0,0,0,45
01/13/2015,AVL,NC,ASO,ES,Combined TRACON& Tower with Radar,11,17,19,0,47,0,0,0,0,0,11,17,19,0,47,0,0,0,47
01/14/2015,AVL,NC,ASO,ES,Combined TRACON& Tower with Radar,10,16,33,38,97,0,0,2,3,5,10,16,35,41,102,58,43,101,203
01/15/2015,AVL,NC,ASO,ES,Combined TRACON& Tower with Radar,11,19,27,6,63,0,0,5,4,9,11,19,32,10,72,14,2,16,88
01/16/2015,AVL,NC,ASO,ES,Combined TRACON& Tower with Radar,17,17,28,18,80,0,0,42,0,42,17,17,70,18,122,62,10,72,194
01/17/2015,AVL,NC,ASO,ES,Combined TRACON& Tower with Radar,8,18,15,0,41,0,0,78,0,78,8,18,93,0,119,0,0,0,119
01/18/2015,AVL,NC,ASO,ES,Combined TRACON& Tower with Radar,17,17,15,1,50,0,1,17,1,19,17,18,32,2,69,5,0,5,74
01/19/2015,AVL,NC,ASO,ES,Combined TRACON& Tower with Radar,16,18,26,0,60,0,0,63,0,63,16,18,89,0,123,92,0,92,215
01/20/2015,AVL,NC,ASO,ES,Combined TRACON& Tower with Radar,8,24,40,8,80,0,0,53,1,54,8,24,93,9,134,75,0,75,209
01/21/2015,AVL,NC,ASO,ES,Combined TRACON& Tower with Radar,9,17,15,9,50,0,0,36,1,37,9,17,51,10,87,6,0,6,93
01/22/2015,AVL,NC,ASO,ES,Combined TRACON& Tower with Radar,13,25,27,16,81,0,0,43,1,44,13,25,70,17,125,42,0,42,167
01/23/2015,AVL,NC,ASO,ES,Combined TRACON& Tower with Radar,15,17,13,0,45,0,0,0,0,0,15,17,13,0,45,0,0,0,45
01/24/2015,AVL,NC,ASO,ES,Combined TRACON& Tower with Radar,12,12,6,0,30,0,0,3,2,5,12,12,9,2,35,38,0,38,73
01/25/2015,AVL,NC,ASO,ES,Combined TRACON& Tower with Radar,15,18,30,0,63,0,0,49,0,49,15,18,79,0,112,0,0,0,112
01/26/2015,AVL,NC,ASO,ES,Combined TRACON& Tower with Radar,18,15,10,7,50,0,0,5,1,6,18,15,15,8,56,16,0,16,72
01/27/2015,AVL,NC,ASO,ES,Combined TRACON& Tower with Radar,10,18,18,1,47,0,1,7,0,8,10,19,25,1,55,34,0,34,89
01/28/2015,AVL,NC,ASO,ES,Combined TRACON& Tower with Radar,9,20,50,2,81,0,0,57,5,62,9,20,107,7,143,84,0,84,227
01/29/2015,AVL,NC,ASO,ES,Combined TRACON& Tower with Radar,17,17,18,1,53,0,0,29,7,36,17,17,47,8,89,34,16,50,139
01/30/2015,AVL,NC,ASO,ES,Combined TRACON& Tower with Radar,15,22,23,5,65,0,0,5,2,7,15,22,28,7,72,0,0,0,72
01/31/2015,AVL,NC,ASO,ES,Combined TRACON& Tower with Radar,9,13,19,0,41,0,0,63,4,67,9,13,82,4,108,86,0,86,194
02/01/2015,AVL,NC,ASO,ES,Combined TRACON& Tower with Radar,14,12,11,0,37,0,0,8,0,8,14,12,19,0,45,2,0,2,47
02/02/2015,AVL,NC,ASO,ES,Combined TRACON& Tower with Radar,18,16,10,0,44,0,0,0,0,0,18,16,10,0,44,0,0,0,44
02/03/2015,AVL,NC,ASO,ES,Combined TRACON& Tower with Radar,10,18,45,2,75,0,2,61,6,69,10,20,106,8,144,120,0,120,264
02/04/2015,AVL,NC,ASO,ES,Combined TRACON& Tower with Radar,9,22,29,7,67,0,0,38,4,42,9,22,67,11,109,128,12,140,249
02/05/2015,AVL,NC,ASO,ES,Combined TRACON& Tower with Radar,13,20,24,13,70,0,0,13,0,13,13,20,37,13,83,4,0,4,87
02/06/2015,AVL,NC,ASO,ES,Combined TRACON& Tower with Radar,15,28,43,20,106,0,4,52,5,61,15,32,95,25,167,32,10,42,209
02/07/2015,AVL,NC,ASO,ES,Combined TRACON& Tower with Radar,10,18,33,10,71,0,0,79,3,82,10,18,112,13,153,40,8,48,201
02/08/2015,AVL,NC,ASO,ES,Combined TRACON& Tower with Radar,15,22,27,0,64,0,1,30,5,36,15,23,57,5,100,0,0,0,100
02/09/2015,AVL,NC,ASO,ES,Combined TRACON& Tower with Radar,20,18,25,8,71,0,0,1,0,1,20,18,26,8,72,0,0,0,72
02/10/2015,AVL,NC,ASO,ES,Combined TRACON& Tower with Radar,10,24,31,17,82,0,0,6,0,6,10,24,37,17,88,0,0,0,88
02/11/2015,AVL,NC,ASO,ES,Combined TRACON& Tower with Radar,9,21,42,27,99,0,0,47,7,54,9,21,89,34,153,84,16,100,253
02/12/2015,AVL,NC,ASO,ES,Combined TRACON& Tower with Radar,13,17,14,1,45,0,0,12,4,16,13,17,26,5,61,20,0,20,81
02/13/2015,AVL,NC,ASO,ES,Combined TRACON& Tower with Radar,16,21,38,6,81,0,0,34,11,45,16,21,72,17,126,105,0,105,231
02/14/2015,AVL,NC,ASO,ES,Combined TRACON& Tower with Radar,9,13,18,0,40,0,0,34,0,34,9,13,52,0,74,22,0,22,96
02/15/2015,AVL,NC,ASO,ES,Combined TRACON& Tower with Radar,12,20,16,0,48,0,0,10,2,12,12,20,26,2,60,8,0,8,68
02/16/2015,AVL,NC,ASO,ES,Combined TRACON& Tower with Radar,12,9,14,0,35,0,0,6,0,6,12,9,20,0,41,8,0,8,49
02/17/2015,AVL,NC,ASO,ES,Combined TRACON& Tower with Radar,12,12,10,0,34,0,1,0,0,1,12,13,10,0,35,0,0,0,35
02/18/2015,AVL,NC,ASO,ES,Combined TRACON& Tower with Radar,8,17,18,7,50,0,4,2,2,8,8,21,20,9,58,0,0,0,58
02/19/2015,AVL,NC,ASO,ES,Combined TRACON& Tower with Radar,16,17,18,41,92,0,1,5,7,13,16,18,23,48,105,0,14,14,119
02/20/2015,AVL,NC,ASO,ES,Combined TRACON& Tower with Radar,19,19,15,20,73,0,1,27,0,28,19,20,42,20,101,72,0,72,173
02/21/2015,AVL,NC,ASO,ES,Combined TRACON& Tower with Radar,10,15,5,0,30,0,0,6,0,6,10,15,11,0,36,116,0,116,152
02/22/2015,AVL,NC,ASO,ES,Combined TRACON& Tower with Radar,17,14,26,0,57,0,0,8,0,8,17,14,34,0,65,0,12,12,77
02/23/2015,AVL,NC,ASO,ES,Combined TRACON& Tower with Radar,15,14,20,0,49,0,0,10,0,10,15,14,30,0,59,8,0,8,67
02/24/2015,AVL,NC,ASO,ES,Combined TRACON& Tower with Radar,10,18,9,4,41,0,0,0,0,0,10,18,9,4,41,0,0,0,41
02/25/2015,AVL,NC,ASO,ES,Combined TRACON& Tower with Radar,10,13,21,33,77,0,3,11,9,23,10,16,32,42,100,22,34,56,156
02/26/2015,AVL,NC,ASO,ES,Combined TRACON& Tower with Radar,14,12,9,2,37,0,4,6,0,10,14,16,15,2,47,0,0,0,47
02/27/2015,AVL,NC,ASO,ES,Combined TRACON& Tower with Radar,18,13,27,21,79,0,0,39,9,48,18,13,66,30,127,86,48,134,261
02/28/2015,AVL,NC,ASO,ES,Combined TRACON& Tower with Radar,10,13,25,20,68,0,2,62,2,66,10,15,87,22,134,108,10,118,252
03/01/2015,AVL,NC,ASO,ES,Combined TRACON& Tower with Radar,15,15,11,2,43,0,0,5,0,5,15,15,16,2,48,0,0,0,48
03/02/2015,AVL,NC,ASO,ES,Combined TRACON& Tower with Radar,34,17,41,2,94,0,0,17,2,19,34,17,58,4,113,0,0,0,113
03/03/2015,AVL,NC,ASO,ES,Combined TRACON& Tower with Radar,13,19,20,0,52,0,0,0,0,0,13,19,20,0,52,0,0,0,52
03/04/2015,AVL,NC,ASO,ES,Combined TRACON& Tower with Radar,15,26,19,27,87,0,1,16,3,20,15,27,35,30,107,52,4,56,163
03/05/2015,AVL,NC,ASO,ES,Combined TRACON& Tower with Radar,15,17,5,2,39,0,0,0,0,0,15,17,5,2,39,0,0,0,39
03/06/2015,AVL,NC,ASO,ES,Combined TRACON& Tower with Radar,17,26,43,30,116,0,0,60,9,69,17,26,103,39,185,64,4,68,253
03/07/2015,AVL,NC,ASO,ES,Combined TRACON& Tower with Radar,10,19,31,15,75,0,0,72,6,78,10,19,103,21,153,64,24,88,241
03/08/2015,AVL,NC,ASO,ES,Combined TRACON& Tower with Radar,17,33,39,16,105,0,2,70,3,75,17,35,109,19,180,46,2,48,228
03/09/2015,AVL,NC,ASO,ES,Combined TRACON& Tower with Radar,17,25,29,0,71,0,1,29,0,30,17,26,58,0,101,12,0,12,113
03/10/2015,AVL,NC,ASO,ES,Combined TRACON& Tower with Radar,11,19,26,2,58,0,1,14,0,15,11,20,40,2,73,60,0,60,133
03/11/2015,AVL,NC,ASO,ES,Combined TRACON& Tower with Radar,13,17,43,1,74,0,0,14,1,15,13,17,57,2,89,0,0,0,89
03/12/2015,AVL,NC,ASO,ES,Combined TRACON& Tower with Radar,15,23,63,20,121,0,0,32,6,38,15,23,95,26,159,4,8,12,171
03/13/2015,AVL,NC,ASO,ES,Combined TRACON& Tower with Radar,17,19,32,2,70,0,0,4,0,4,17,19,36,2,74,6,0,6,80
03/14/2015,AVL,NC,ASO,ES,Combined TRACON& Tower with Radar,6,26,33,0,65,0,0,3,0,3,6,26,36,0,68,10,0,10,78
03/15/2015,AVL,NC,ASO,ES,Combined TRACON& Tower with Radar,19,18,45,0,82,0,3,35,0,38,19,21,80,0,120,14,0,14,134
03/16/2015,AVL,NC,ASO,ES,Combined TRACON& Tower with Radar,17,15,28,18,78,0,0,74,8,82,17,15,102,26,160,30,0,30,190
03/17/2015,AVL,NC,ASO,ES,Combined TRACON& Tower with Radar,11,22,35,6,74,0,0,45,6,51,11,22,80,12,125,10,0,10,135
03/18/2015,AVL,NC,ASO,ES,Combined TRACON& Tower with Radar,15,20,36,35,106,0,1,63,6,70,15,21,99,41,176,64,0,64,240
03/19/2015,AVL,NC,ASO,ES,Combined TRACON& Tower with Radar,15,23,29,0,67,0,0,4,0,4,15,23,33,0,71,0,0,0,71
03/20/2015,AVL,NC,ASO,ES,Combined TRACON& Tower with Radar,16,15,36,46,113,0,0,22,2,24,16,15,58,48,137,54,0,54,191
03/21/2015,AVL,NC,ASO,ES,Combined TRACON& Tower with Radar,10,20,23,0,53,0,0,73,1,74,10,20,96,1,127,78,0,78,205
03/22/2015,AVL,NC,ASO,ES,Combined TRACON& Tower with Radar,21,13,32,4,70,0,0,24,0,24,21,13,56,4,94,14,0,14,108
03/23/2015,AVL,NC,ASO,ES,Combined TRACON& Tower with Radar,17,18,29,10,74,0,3,28,9,40,17,21,57,19,114,42,0,42,156
03/24/2015,AVL,NC,ASO,ES,Combined TRACON& Tower with Radar,13,11,26,13,63,0,0,47,8,55,13,11,73,21,118,36,24,60,178
03/25/2015,AVL,NC,ASO,ES,Combined TRACON& Tower with Radar,15,17,21,10,63,0,3,0,0,3,15,20,21,10,66,0,0,0,66
03/26/2015,AVL,NC,ASO,ES,Combined TRACON& Tower with Radar,17,18,29,6,70,0,0,16,2,18,17,18,45,8,88,42,0,42,130
03/27/2015,AVL,NC,ASO,ES,Combined TRACON& Tower with Radar,15,18,28,22,83,0,0,3,2,5,15,18,31,24,88,0,0,0,88
03/28/2015,AVL,NC,ASO,ES,Combined TRACON& Tower with Radar,12,17,22,5,56,0,2,27,7,36,12,19,49,12,92,16,0,16,108
03/29/2015,AVL,NC,ASO,ES,Combined TRACON& Tower with Radar,19,23,32,0,74,0,1,77,8,86,19,24,109,8,160,12,0,12,172
03/30/2015,AVL,NC,ASO,ES,Combined TRACON& Tower with Radar,17,17,28,0,62,0,0,17,2,19,17,17,45,2,81,0,0,0,81
03/31/2015,AVL,NC,ASO,ES,Combined TRACON& Tower with Radar,9,22,46,0,77,0,1,48,4,53,9,23,94,4,130,67,0,67,197
04/01/2015,AVL,NC,ASO,ES,Combined TRACON& Tower with Radar,15,26,36,26,103,0,0,68,17,85,15,26,104,43,188,8,32,40,228
04/02/2015,AVL,NC,ASO,ES,Combined TRACON& Tower with Radar,13,28,48,4,93,0,0,3,0,3,13,28,51,4,96,0,0,0,96
04/03/2015,AVL,NC,ASO,ES,Combined TRACON& Tower with Radar,19,18,27,9,73,0,0,50,3,53,19,18,77,12,126,58,4,62,188
04/04/2015,AVL,NC,ASO,ES,Combined TRACON& Tower with Radar,15,18,16,2,51,0,2,9,2,13,15,20,25,4,64,12,8,20,84
04/05/2015,AVL,NC,ASO,ES,Combined TRACON& Tower with Radar,21,17,32,0,70,0,0,52,0,52,21,17,84,0,122,28,0,28,150
04/06/2015,AVL,NC,ASO,ES,Combined TRACON& Tower with Radar,17,20,49,0,86,0,3,20,0,23,17,23,69,0,109,51,0,51,160
04/07/2015,AVL,NC,ASO,ES,Combined TRACON& Tower with Radar,13,25,24,0,62,0,0,4,0,4,13,25,28,0,66,0,0,0,66
04/08/2015,AVL,NC,ASO,ES,Combined TRACON& Tower with Radar,15,21,29,26,91,0,0,24,4,28,15,21,53,30,119,20,0,20,139
04/09/2015,AVL,NC,ASO,ES,Combined TRACON& Tower with Radar,15,16,29,20,80,0,1,35,4,40,15,17,64,24,120,0,26,26,146
04/10/2015,AVL,NC,ASO,ES,Combined TRACON& Tower with Radar,16,18,33,12,79,0,1,14,0,15,16,19,47,12,94,30,0,30,124
04/11/2015,AVL,NC,ASO,ES,Combined TRACON& Tower with Radar,15,19,48,0,82,0,0,79,11,90,15,19,127,11,172,88,0,88,260
04/12/2015,AVL,NC,ASO,ES,Combined TRACON& Tower with Radar,13,22,44,3,82,0,0,58,3,61,13,22,102,6,143,29,0,29,172
04/13/2015,AVL,NC,ASO,ES,Combined TRACON& Tower with Radar,16,22,39,2,79,0,0,0,0,0,16,22,39,2,79,0,0,0,79
04/14/2015,AVL,NC,ASO,ES,Combined TRACON& Tower with Radar,12,18,27,6,63,0,0,9,0,9,12,18,36,6,72,0,0,0,72
04/15/2015,AVL,NC,ASO,ES,Combined TRACON& Tower with Radar,11,25,35,2,73,0,0,0,0,0,11,25,35,2,73,0,0,0,73
04/16/2015,AVL,NC,ASO,ES,Combined TRACON& Tower with Radar,15,20,26,3,64,0,0,1,0,1,15,20,27,3,65,22,0,22,87
04/17/2015,AVL,NC,ASO,ES,Combined TRACON& Tower with Radar,17,24,56,8,105,0,3,20,2,25,17,27,76,10,130,52,0,52,182
04/18/2015,AVL,NC,ASO,ES,Combined TRACON& Tower with Radar,10,17,47,4,78,0,0,35,2,37,10,17,82,6,115,86,0,86,201
04/19/2015,AVL,NC,ASO,ES,Combined TRACON& Tower with Radar,17,18,21,0,56,0,0,1,0,1,17,18,22,0,57,0,0,0,57
04/20/2015,AVL,NC,ASO,ES,Combined TRACON& Tower with Radar,20,28,35,16,99,0,1,7,0,8,20,29,42,16,107,0,0,0,107
04/21/2015,AVL,NC,ASO,ES,Combined TRACON& Tower with Radar,12,27,40,12,91,0,1,67,12,80,12,28,107,24,171,64,18,82,253
04/22/2015,AVL,NC,ASO,ES,Combined TRACON& Tower with Radar,11,23,27,15,76,0,0,23,3,26,11,23,50,18,102,0,0,0,102
04/23/2015,AVL,NC,ASO,ES,Combined TRACON& Tower with Radar,15,20,30,12,77,0,0,20,0,20,15,20,50,12,97,0,0,0,97
04/24/2015,AVL,NC,ASO,ES,Combined TRACON& Tower with Radar,17,20,45,17,99,0,0,63,7,70,17,20,108,24,169,68,0,68,237
04/25/2015,AVL,NC,ASO,ES,Combined TRACON& Tower with Radar,10,18,15,0,43,0,0,6,0,6,10,18,21,0,49,0,0,0,49
04/26/2015,AVL,NC,ASO,ES,Combined TRACON& Tower with Radar,15,11,30,2,58,0,0,18,2,20,15,11,48,4,78,16,8,24,102
04/27/2015,AVL,NC,ASO,ES,Combined TRACON& Tower with Radar,17,18,45,47,127,0,0,49,2,51,17,18,94,49,178,18,32,50,228
04/28/2015,AVL,NC,ASO,ES,Combined TRACON& Tower with Radar,11,24,32,18,85,0,0,72,6,78,11,24,104,24,163,82,0,82,245
04/29/2015,AVL,NC,ASO,ES,Combined TRACON& Tower with Radar,11,17,47,2,77,0,0,15,1,16,11,17,62,3,93,28,0,28,121
04/30/2015,AVL,NC,ASO,ES,Combined TRACON& Tower with Radar,17,22,52,6,97,0,0,26,2,28,17,22,78,8,125,52,0,52,177
05/01/2015,AVL,NC,ASO,ES,Combined TRACON& Tower with Radar,17,25,53,28,123,0,1,16,7,24,17,26,69,35,147,18,6,24,171
05/02/2015,AVL,NC,ASO,ES,Combined TRACON& Tower with Radar,11,25,35,10,81,0,0,46,0,46,11,25,81,10,127,34,30,64,191
05/03/2015,AVL,NC,ASO,ES,Combined TRACON& Tower with Radar,19,26,53,0,98,0,0,60,0,60,19,26,113,0,158,86,0,86,244
05/04/2015,AVL,NC,ASO,ES,Combined TRACON& Tower with Radar,17,19,42,21,99,0,0,45,5,50,17,19,87,26,149,12,0,12,161
05/05/2015,AVL,NC,ASO,ES,Combined TRACON& Tower with Radar,11,27,33,28,99,0,0,31,1,32,11,27,64,29,131,50,12,62,193
05/06/2015,AVL,NC,ASO,ES,Combined TRACON& Tower with Radar,13,16,46,21,96,0,1,62,4,67,13,17,108,25,163,38,24,62,225
05/07/2015,AVL,NC,ASO,ES,Combined TRACON& Tower with Radar,17,29,55,2,103,0,0,58,1,59,17,29,113,3,162,86,0,86,248
05/08/2015,AVL,NC,ASO,ES,Combined TRACON& Tower with Radar,20,26,52,14,112,0,2,54,6,62,20,28,106,20,174,26,4,30,204
05/09/2015,AVL,NC,ASO,ES,Combined TRACON& Tower with Radar,15,23,43,0,81,0,0,54,0,54,15,23,97,0,135,66,4,70,205
05/10/2015,AVL,NC,ASO,ES,Combined TRACON& Tower with Radar,17,28,38,20,103,0,0,42,1,43,17,28,80,21,146,30,0,30,176
05/11/2015,AVL,NC,ASO,ES,Combined TRACON& Tower with Radar,18,17,42,3,80,0,0,8,1,9,18,17,50,4,89,52,0,52,141
05/12/2015,AVL,NC,ASO,ES,Combined TRACON& Tower with Radar,15,24,59,18,116,0,0,36,4,40,15,24,95,22,156,32,0,32,188
05/13/2015,AVL,NC,ASO,ES,Combined TRACON& Tower with Radar,15,18,66,4,103,0,0,75,6,81,15,18,141,10,184,16,0,16,200
05/14/2015,AVL,NC,ASO,ES,Combined TRACON& Tower with Radar,17,25,48,11,101,0,1,92,4,97,17,26,140,15,198,104,12,116,314
05/15/2015,AVL,NC,ASO,ES,Combined TRACON& Tower with Radar,19,31,59,16,125,0,0,21,3,24,19,31,80,19,149,54,14,68,217
05/16/2015,AVL,NC,ASO,ES,Combined TRACON& Tower with Radar,13,21,40,0,74,0,0,38,4,42,13,21,78,4,116,62,0,62,178
05/17/2015,AVL,NC,ASO,ES,Combined TRACON& Tower with Radar,15,36,64,2,117,0,0,25,3,28,15,36,89,5,145,28,0,28,173
05/18/2015,AVL,NC,ASO,ES,Combined TRACON& Tower with Radar,17,17,35,2,71,0,4,33,4,41,17,21,68,6,112,10,0,10,122
05/19/2015,AVL,NC,ASO,ES,Combined TRACON& Tower with Radar,13,25,35,15,88,0,1,43,9,53,13,26,78,24,141,64,0,64,205
05/20/2015,AVL,NC,ASO,ES,Combined TRACON& Tower with Radar,17,25,51,23,116,0,2,78,9,89,17,27,129,32,205,108,20,128,333
05/21/2015,AVL,NC,ASO,ES,Combined TRACON& Tower with Radar,17,23,51,19,110,0,1,32,6,39,17,24,83,25,149,6,0,6,155
05/22/2015,AVL,NC,ASO,ES,Combined TRACON& Tower with Radar,19,30,60,5,114,0,0,67,1,68,19,30,127,6,182,114,0,114,296
05/23/2015,AVL,NC,ASO,ES,Combined TRACON& Tower with Radar,13,18,39,0,70,0,1,108,2,111,13,19,147,2,181,134,0,134,315
05/24/2015,AVL,NC,ASO,ES,Combined TRACON& Tower with Radar,15,17,40,1,73,0,1,47,4,52,15,18,87,5,125,52,0,52,177
05/25/2015,AVL,NC,ASO,ES,Combined TRACON& Tower with Radar,20,25,64,0,109,0,0,36,0,36,20,25,100,0,145,68,0,68,213
05/26/2015,AVL,NC,ASO,ES,Combined TRACON& Tower with Radar,16,18,71,14,119,0,0,15,0,15,16,18,86,14,134,52,0,52,186
05/27/2015,AVL,NC,ASO,ES,Combined TRACON& Tower with Radar,13,24,64,10,111,0,4,2,2,8,13,28,66,12,119,38,12,50,169
05/28/2015,AVL,NC,ASO,ES,Combined TRACON& Tower with Radar,17,34,51,11,113,0,0,36,3,39,17,34,87,14,152,32,0,32,184
05/29/2015,AVL,NC,ASO,ES,Combined TRACON& Tower with Radar,19,30,61,8,118,0,1,17,3,21,19,31,78,11,139,36,0,36,175
05/30/2015,AVL,NC,ASO,ES,Combined TRACON& Tower with Radar,13,18,50,6,87,0,0,46,2,48,13,18,96,8,135,74,0,74,209
05/31/2015,AVL,NC,ASO,ES,Combined TRACON& Tower with Radar,15,37,55,4,111,0,0,22,3,25,15,37,77,7,136,22,12,34,170
06/01/2015,AVL,NC,ASO,ES,Combined TRACON& Tower with Radar,20,25,49,0,94,0,0,39,2,41,20,25,88,2,135,8,0,8,143
06/02/2015,AVL,NC,ASO,ES,Combined TRACON& Tower with Radar,15,21,53,2,91,0,0,15,0,15,15,21,68,2,106,28,0,28,134
06/03/2015,AVL,NC,ASO,ES,Combined TRACON& Tower with Radar,15,25,51,4,95,0,0,14,1,15,15,25,65,5,110,22,0,22,132
06/04/2015,AVL,NC,ASO,ES,Combined TRACON& Tower with Radar,11,34,64,5,114,0,0,18,0,18,11,34,82,5,132,20,0,20,152
06/05/2015,AVL,NC,ASO,ES,Combined TRACON& Tower with Radar,13,43,60,9,125,0,0,17,8,25,13,43,77,17,150,34,0,34,184
06/06/2015,AVL,NC,ASO,ES,Combined TRACON& Tower with Radar,16,29,42,3,90,0,1,51,7,59,16,30,93,10,149,101,4,105,254
06/07/2015,AVL,NC,ASO,ES,Combined TRACON& Tower with Radar,15,36,88,6,145,0,0,17,1,18,15,36,105,7,163,30,18,48,211
06/08/2015,AVL,NC,ASO,ES,Combined TRACON& Tower with Radar,13,35,43,0,91,0,0,15,0,15,13,35,58,0,106,46,36,82,188
06/09/2015,AVL,NC,ASO,ES,Combined TRACON& Tower with Radar,12,34,49,34,129,0,0,26,2,28,12,34,75,36,157,106,34,140,297
06/10/2015,AVL,NC,ASO,ES,Combined TRACON& Tower with Radar,15,43,58,7,123,0,0,53,7,60,15,43,111,14,183,36,24,60,243
06/11/2015,AVL,NC,ASO,ES,Combined TRACON& Tower with Radar,13,46,50,4,113,0,1,21,1,23,13,47,71,5,136,45,15,60,196
06/12/2015,AVL,NC,ASO,ES,Combined TRACON& Tower with Radar,17,44,54,19,134,0,1,26,7,34,17,45,80,26,168,18,12,30,198
06/13/2015,AVL,NC,ASO,ES,Combined TRACON& Tower with Radar,23,33,43,2,101,0,0,56,0,56,23,33,99,2,157,10,0,10,167
06/14/2015,AVL,NC,ASO,ES,Combined TRACON& Tower with Radar,15,43,67,10,135,0,1,32,7,40,15,44,99,17,175,18,8,26,201
06/15/2015,AVL,NC,ASO,ES,Combined TRACON& Tower with Radar,17,42,62,3,124,0,2,57,1,60,17,44,119,4,184,76,4,80,264
06/16/2015,AVL,NC,ASO,ES,Combined TRACON& Tower with Radar,12,33,45,13,103,0,3,42,4,49,12,36,87,17,152,70,6,76,228
06/17/2015,AVL,NC,ASO,ES,Combined TRACON& Tower with Radar,14,38,48,0,100,0,0,34,4,38,14,38,82,4,138,40,0,40,178
06/18/2015,AVL,NC,ASO,ES,Combined TRACON& Tower with Radar,12,30,39,1,82,0,0,33,6,39,12,30,72,7,121,34,28,62,183
06/19/2015,AVL,NC,ASO,ES,Combined TRACON& Tower with Radar,17,33,53,4,107,0,0,25,4,29,17,33,78,8,136,34,4,38,174
06/20/2015,AVL,NC,ASO,ES,Combined TRACON& Tower with Radar,22,22,70,12,126,0,0,31,0,31,22,22,101,12,157,8,4,12,169
06/21/2015,AVL,NC,ASO,ES,Combined TRACON& Tower with Radar,19,33,48,14,114,0,0,31,0,31,19,33,79,14,145,30,0,30,175
06/22/2015,AVL,NC,ASO,ES,Combined TRACON& Tower with Radar,17,45,63,5,130,0,0,46,3,49,17,45,109,8,179,16,4,20,199
06/23/2015,AVL,NC,ASO,ES,Combined TRACON& Tower with Radar,14,31,51,29,125,0,0,46,8,54,14,31,97,37,179,34,0,34,213
06/24/2015,AVL,NC,ASO,ES,Combined TRACON& Tower with Radar,14,36,45,16,111,0,1,34,1,36,14,37,79,17,147,48,0,48,195
06/25/2015,AVL,NC,ASO,ES,Combined TRACON& Tower with Radar,14,38,71,2,125,0,0,43,6,49,14,38,114,8,174,50,0,50,224
06/26/2015,AVL,NC,ASO,ES,Combined TRACON& Tower with Radar,17,40,61,13,131,0,0,33,1,34,17,40,94,14,165,48,0,48,213
06/27/2015,AVL,NC,ASO,ES,Combined TRACON& Tower with Radar,23,33,33,0,89,0,0,9,2,11,23,33,42,2,100,14,8,22,122
06/28/2015,AVL,NC,ASO,ES,Combined TRACON& Tower with Radar,15,51,68,7,141,0,1,54,1,56,15,52,122,8,197,10,0,10,207
06/29/2015,AVL,NC,ASO,ES,Combined TRACON& Tower with Radar,19,45,63,28,155,0,5,51,3,59,19,50,114,31,214,24,0,24,238
06/30/2015,AVL,NC,ASO,ES,Combined TRACON& Tower with Radar,15,40,39,1,95,0,0,21,4,25,15,40,60,5,120,48,2,50,170
07/01/2015,AVL,NC,ASO,ES,Combined TRACON& Tower with Radar,14,40,64,7,125,0,0,23,2,25,14,40,87,9,150,38,0,38,188
07/02/2015,AVL,NC,ASO,ES,Combined TRACON& Tower with Radar,13,53,71,4,141,0,0,22,0,22,13,53,93,4,163,26,0,26,189
07/03/2015,AVL,NC,ASO,ES,Combined TRACON& Tower with Radar,22,37,52,0,111,0,0,6,0,6,22,37,58,0,117,12,0,12,129
07/04/2015,AVL,NC,ASO,ES,Combined TRACON& Tower with Radar,26,20,38,0,84,0,0,10,0,10,26,20,48,0,94,10,0,10,104
07/05/2015,AVL,NC,ASO,ES,Combined TRACON& Tower with Radar,15,57,96,0,168,0,0,17,0,17,15,57,113,0,185,16,0,16,201
07/06/2015,AVL,NC,ASO,ES,Combined TRACON& Tower with Radar,15,46,75,4,140,0,0,46,0,46,15,46,121,4,186,0,0,0,186
07/07/2015,AVL,NC,ASO,ES,Combined TRACON& Tower with Radar,11,38,39,17,105,0,3,38,1,42,11,41,77,18,147,54,0,54,201
07/08/2015,AVL,NC,ASO,ES,Combined TRACON& Tower with Radar,16,34,44,16,110,0,0,44,1,45,16,34,88,17,155,22,0,22,177
07/09/2015,AVL,NC,ASO,ES,Combined TRACON& Tower with Radar,8,37,57,25,127,0,0,76,19,95,8,37,133,44,222,70,22,92,314
07/10/2015,AVL,NC,ASO,ES,Combined TRACON& Tower with Radar,14,48,62,51,175,0,0,58,9,67,14,48,120,60,242,54,34,88,330
07/11/2015,AVL,NC,ASO,ES,Combined TRACON& Tower with Radar,24,33,45,4,106,0,0,49,1,50,24,33,94,5,156,26,6,32,188
07/12/2015,AVL,NC,ASO,ES,Combined TRACON& Tower with Radar,14,42,74,26,156,0,0,31,7,38,14,42,105,33,194,0,14,14,208
07/13/2015,AVL,NC,ASO,ES,Combined TRACON& Tower with Radar,14,48,41,10,113,0,2,26,0,28,14,50,67,10,141,30,8,38,179
07/14/2015,AVL,NC,ASO,ES,Combined TRACON& Tower with Radar,8,34,31,0,73,0,0,10,0,10,8,34,41,0,83,0,0,0,83
07/15/2015,AVL,NC,ASO,ES,Combined TRACON& Tower with Radar,12,38,71,0,121,0,1,25,2,28,12,39,96,2,149,34,0,34,183
07/16/2015,AVL,NC,ASO,ES,Combined TRACON& Tower with Radar,10,52,64,8,134,0,1,69,1,71,10,53,133,9,205,56,0,56,261
07/17/2015,AVL,NC,ASO,ES,Combined TRACON& Tower with Radar,14,50,80,45,189,0,0,42,7,49,14,50,122,52,238,66,8,74,312
07/18/2015,AVL,NC,ASO,ES,Combined TRACON& Tower with Radar,21,34,50,4,109,0,0,42,2,44,21,34,92,6,153,44,0,44,197
07/19/2015,AVL,NC,ASO,ES,Combined TRACON& Tower with Radar,11,45,75,4,135,0,0,43,10,53,11,45,118,14,188,16,0,16,204
07/20/2015,AVL,NC,ASO,ES,Combined TRACON& Tower with Radar,14,41,61,4,120,0,0,53,2,55,14,41,114,6,175,24,0,24,199
07/21/2015,AVL,NC,ASO,ES,Combined TRACON& Tower with Radar,11,46,48,28,133,0,3,51,2,56,11,49,99,30,189,16,0,16,205
07/22/2015,AVL,NC,ASO,ES,Combined TRACON& Tower with Radar,11,50,54,1,116,0,0,71,10,81,11,50,125,11,197,140,0,140,337
07/23/2015,AVL,NC,ASO,ES,Combined TRACON& Tower with Radar,9,48,63,5,125,0,0,35,4,39,9,48,98,9,164,20,0,20,184
07/24/2015,AVL,NC,ASO,ES,Combined TRACON& Tower with Radar,11,52,102,9,174,0,0,34,6,40,11,52,136,15,214,70,0,70,284
07/25/2015,AVL,NC,ASO,ES,Combined TRACON& Tower with Radar,20,36,64,19,139,0,0,55,2,57,20,36,119,21,196,88,16,104,300
07/26/2015,AVL,NC,ASO,ES,Combined TRACON& Tower with Radar,12,45,96,19,172,0,0,41,3,44,12,45,137,22,216,16,0,16,232
07/27/2015,AVL,NC,ASO,ES,Combined TRACON& Tower with Radar,16,38,72,0,126,0,0,46,0,46,16,38,118,0,172,10,0,10,182
07/28/2015,AVL,NC,ASO,ES,Combined TRACON& Tower with Radar,11,42,40,8,101,0,1,46,1,48,11,43,86,9,149,46,0,46,195
07/29/2015,AVL,NC,ASO,ES,Combined TRACON& Tower with Radar,12,39,62,0,113,0,0,38,2,40,12,39,100,2,153,20,14,34,187
07/30/2015,AVL,NC,ASO,ES,Combined TRACON& Tower with Radar,8,45,57,6,116,0,1,56,5,62,8,46,113,11,178,46,4,50,228
07/31/2015,AVL,NC,ASO,ES,Combined TRACON& Tower with Radar,13,48,50,19,130,0,1,73,10,84,13,49,123,29,214,52,10,62,276
08/01/2015,AVL,NC,ASO,ES,Combined TRACON& Tower with Radar,22,26,39,5,92,0,0,64,1,65,22,26,103,6,157,44,12,56,213
08/02/2015,AVL,NC,ASO,ES,Combined TRACON& Tower with Radar,13,46,63,2,124,0,6,56,2,64,13,52,119,4,188,34,0,34,222
08/03/2015,AVL,NC,ASO,ES,Combined TRACON& Tower with Radar,16,38,51,19,124,1,2,43,1,47,17,40,94,20,171,76,0,76,247
08/04/2015,AVL,NC,ASO,ES,Combined TRACON& Tower with Radar,9,36,52,28,125,0,0,39,3,42,9,36,91,31,167,30,0,30,197
08/05/2015,AVL,NC,ASO,ES,Combined TRACON& Tower with Radar,15,35,62,36,148,0,1,36,2,39,15,36,98,38,187,36,26,62,249
08/06/2015,AVL,NC,ASO,ES,Combined TRACON& Tower with Radar,12,38,62,1,113,0,0,9,2,11,12,38,71,3,124,20,0,20,144
08/07/2015,AVL,NC,ASO,ES,Combined TRACON& Tower with Radar,16,53,84,16,169,0,0,23,4,27,16,53,107,20,196,68,0,68,264
08/08/2015,AVL,NC,ASO,ES,Combined TRACON& Tower with Radar,25,28,44,2,99,0,1,51,0,52,25,29,95,2,151,86,0,86,237
08/09/2015,AVL,NC,ASO,ES,Combined TRACON& Tower with Radar,15,45,79,0,139,0,0,34,2,36,15,45,113,2,175,18,0,18,193
08/10/2015,AVL,NC,ASO,ES,Combined TRACON& Tower with Radar,18,33,60,0,111,0,2,10,0,12,18,35,70,0,123,20,0,20,143
08/11/2015,AVL,NC,ASO,ES,Combined TRACON& Tower with Radar,16,35,53,0,104,0,0,18,2,20,16,35,71,2,124,58,0,58,182
08/12/2015,AVL,NC,ASO,ES,Combined TRACON& Tower with Radar,16,40,62,5,123,0,0,81,2,83,16,40,143,7,206,82,8,90,296
08/13/2015,AVL,NC,ASO,ES,Combined TRACON& Tower with Radar,12,48,55,10,125,0,0,75,7,82,12,48,130,17,207,16,0,16,223
08/14/2015,AVL,NC,ASO,ES,Combined TRACON& Tower with Radar,15,48,76,28,167,0,0,53,4,57,15,48,129,32,224,66,16,82,306
08/15/2015,AVL,NC,ASO,ES,Combined TRACON& Tower with Radar,22,32,56,0,110,0,0,44,2,46,22,32,100,2,156,53,2,55,211
08/16/2015,AVL,NC,ASO,ES,Combined TRACON& Tower with Radar,16,45,44,4,109,0,0,35,3,38,16,45,79,7,147,32,2,34,181
08/17/2015,AVL,NC,ASO,ES,Combined TRACON& Tower with Radar,16,39,59,3,117,0,0,33,4,37,16,39,92,7,154,57,0,57,211
08/18/2015,AVL,NC,ASO,ES,Combined TRACON& Tower with Radar,14,33,46,2,95,0,0,1,0,1,14,33,47,2,96,16,0,16,112
08/19/2015,AVL,NC,ASO,ES,Combined TRACON& Tower with Radar,12,26,48,0,86,0,0,20,2,22,12,26,68,2,108,0,0,0,108
08/20/2015,AVL,NC,ASO,ES,Combined TRACON& Tower with Radar,15,32,42,0,89,0,0,48,3,51,15,32,90,3,140,16,0,16,156
08/21/2015,AVL,NC,ASO,ES,Combined TRACON& Tower with Radar,21,33,56,2,112,0,0,73,1,74,21,33,129,3,186,114,0,114,300
08/22/2015,AVL,NC,ASO,ES,Combined TRACON& Tower with Radar,15,27,22,4,68,0,0,35,2,37,15,27,57,6,105,134,20,154,259
08/23/2015,AVL,NC,ASO,ES,Combined TRACON& Tower with Radar,15,39,64,0,118,0,0,18,0,18,15,39,82,0,136,30,0,30,166
08/24/2015,AVL,NC,ASO,ES,Combined TRACON& Tower with Radar,19,36,38,42,135,0,0,43,5,48,19,36,81,47,183,36,12,48,231
08/25/2015,AVL,NC,ASO,ES,Combined TRACON& Tower with Radar,13,25,49,19,106,0,5,55,3,63,13,30,104,22,169,60,6,66,235
08/26/2015,AVL,NC,ASO,ES,Combined TRACON& Tower with Radar,12,31,56,16,115,0,0,68,8,76,12,31,124,24,191,112,20,132,323
08/27/2015,AVL,NC,ASO,ES,Combined TRACON& Tower with Radar,12,34,64,11,121,0,0,44,2,46,12,34,108,13,167,76,0,76,243
08/28/2015,AVL,NC,ASO,ES,Combined TRACON& Tower with Radar,19,27,65,7,118,0,3,72,1,76,19,30,137,8,194,54,0,54,248
08/29/2015,AVL,NC,ASO,ES,Combined TRACON& Tower with Radar,16,27,34,4,81,0,1,61,1,63,16,28,95,5,144,98,2,100,244
08/30/2015,AVL,NC,ASO,ES,Combined TRACON& Tower with Radar,12,37,56,1,106,0,0,31,0,31,12,37,87,1,137,30,0,30,167
08/31/2015,AVL,NC,ASO,ES,Combined TRACON& Tower with Radar,19,27,52,14,112,0,0,37,4,41,19,27,89,18,153,10,0,10,163
09/01/2015,AVL,NC,ASO,ES,Combined TRACON& Tower with Radar,13,28,45,8,94,0,0,52,1,53,13,28,97,9,147,0,0,0,147
09/02/2015,AVL,NC,ASO,ES,Combined TRACON& Tower with Radar,14,45,37,17,113,0,0,35,2,37,14,45,72,19,150,50,0,50,200
09/03/2015,AVL,NC,ASO,ES,Combined TRACON& Tower with Radar,13,38,55,22,128,0,0,42,4,46,13,38,97,26,174,24,0,24,198
09/04/2015,AVL,NC,ASO,ES,Combined TRACON& Tower with Radar,22,52,76,0,150,0,3,44,2,49,22,55,120,2,199,90,0,90,289
09/05/2015,AVL,NC,ASO,ES,Combined TRACON& Tower with Radar,16,27,39,0,82,0,1,16,0,17,16,28,55,0,99,126,0,126,225
09/06/2015,AVL,NC,ASO,ES,Combined TRACON& Tower with Radar,13,27,46,0,86,0,0,40,0,40,13,27,86,0,126,10,0,10,136
09/07/2015,AVL,NC,ASO,ES,Combined TRACON& Tower with Radar,17,55,91,0,163,0,0,55,0,55,17,55,146,0,218,24,6,30,248
09/08/2015,AVL,NC,ASO,ES,Combined TRACON& Tower with Radar,13,34,49,16,112,0,0,56,2,58,13,34,105,18,170,68,8,76,246
09/09/2015,AVL,NC,ASO,ES,Combined TRACON& Tower with Radar,17,32,38,22,109,0,0,2,2,4,17,32,40,24,113,0,0,0,113
09/10/2015,AVL,NC,ASO,ES,Combined TRACON& Tower with Radar,17,33,57,0,107,0,0,29,0,29,17,33,86,0,136,61,0,61,197
09/11/2015,AVL,NC,ASO,ES,Combined TRACON& Tower with Radar,22,34,49,14,119,0,0,28,0,28,22,34,77,14,147,50,20,70,217
09/12/2015,AVL,NC,ASO,ES,Combined TRACON& Tower with Radar,16,31,36,10,93,0,0,12,2,14,16,31,48,12,107,40,0,40,147
09/13/2015,AVL,NC,ASO,ES,Combined TRACON& Tower with Radar,15,39,64,0,118,0,0,18,0,18,15,39,82,0,136,0,0,0,136
09/14/2015,AVL,NC,ASO,ES,Combined TRACON& Tower with Radar,21,38,55,8,122,0,4,42,3,49,21,42,97,11,171,40,0,40,211
09/15/2015,AVL,NC,ASO,ES,Combined TRACON& Tower with Radar,17,34,50,10,111,0,0,69,1,70,17,34,119,11,181,64,10,74,255
09/16/2015,AVL,NC,ASO,ES,Combined TRACON& Tower with Radar,15,34,46,10,105,0,1,57,5,63,15,35,103,15,168,94,0,94,262
09/17/2015,AVL,NC,ASO,ES,Combined TRACON& Tower with Radar,17,30,45,2,94,0,0,76,3,79,17,30,121,5,173,94,0,94,267
09/18/2015,AVL,NC,ASO,ES,Combined TRACON& Tower with Radar,25,29,55,13,122,0,0,68,6,74,25,29,123,19,196,30,20,50,246
09/19/2015,AVL,NC,ASO,ES,Combined TRACON& Tower with Radar,16,28,32,19,95,0,0,72,10,82,16,28,104,29,177,34,42,76,253
09/20/2015,AVL,NC,ASO,ES,Combined TRACON& Tower with Radar,18,39,69,14,140,0,2,36,8,46,18,41,105,22,186,22,0,22,208
09/21/2015,AVL,NC,ASO,ES,Combined TRACON& Tower with Radar,23,27,46,11,107,0,1,7,0,8,23,28,53,11,115,20,0,20,135
09/22/2015,AVL,NC,ASO,ES,Combined TRACON& Tower with Radar,16,27,56,5,104,0,1,22,2,25,16,28,78,7,129,50,0,50,179
09/23/2015,AVL,NC,ASO,ES,Combined TRACON& Tower with Radar,17,26,45,31,119,0,0,54,12,66,17,26,99,43,185,50,2,52,237
09/24/2015,AVL,NC,ASO,ES,Combined TRACON& Tower with Radar,17,29,55,2,103,0,0,48,4,52,17,29,103,6,155,66,0,66,221
09/25/2015,AVL,NC,ASO,ES,Combined TRACON& Tower with Radar,33,34,35,7,109,0,0,0,0,0,33,34,35,7,109,0,0,0,109
09/26/2015,AVL,NC,ASO,ES,Combined TRACON& Tower with Radar,19,18,41,0,78,0,0,0,0,0,19,18,41,0,78,0,0,0,78
09/27/2015,AVL,NC,ASO,ES,Combined TRACON& Tower with Radar,17,33,36,2,88,0,0,0,0,0,17,33,36,2,88,0,0,0,88
09/28/2015,AVL,NC,ASO,ES,Combined TRACON& Tower with Radar,23,24,38,9,94,0,0,0,0,0,23,24,38,9,94,0,0,0,94
09/29/2015,AVL,NC,ASO,ES,Combined TRACON& Tower with Radar,18,24,36,2,80,0,0,2,0,2,18,24,38,2,82,0,0,0,82
09/30/2015,AVL,NC,ASO,ES,Combined TRACON& Tower with Radar,20,27,38,1,86,0,0,30,2,32,20,27,68,3,118,48,0,48,166
10/01/2015,AVL,NC,ASO,ES,Combined TRACON& Tower with Radar,19,30,52,2,103,0,2,1,0,3,19,32,53,2,106,20,0,20,126
10/02/2015,AVL,NC,ASO,ES,Combined TRACON& Tower with Radar,23,30,50,0,103,0,0,0,0,0,23,30,50,0,103,0,0,0,103
10/03/2015,AVL,NC,ASO,ES,Combined TRACON& Tower with Radar,14,25,9,0,48,0,0,0,0,0,14,25,9,0,48,0,0,0,48
10/04/2015,AVL,NC,ASO,ES,Combined TRACON& Tower with Radar,17,36,25,0,78,0,0,0,0,0,17,36,25,0,78,0,0,0,78
10/05/2015,AVL,NC,ASO,ES,Combined TRACON& Tower with Radar,22,35,52,2,111,0,0,44,0,44,22,35,96,2,155,32,4,36,191
10/06/2015,AVL,NC,ASO,ES,Combined TRACON& Tower with Radar,19,34,49,11,113,0,0,64,5,69,19,34,113,16,182,48,4,52,234
10/07/2015,AVL,NC,ASO,ES,Combined TRACON& Tower with Radar,24,28,56,11,119,0,2,63,1,66,24,30,119,12,185,42,0,42,227
10/08/2015,AVL,NC,ASO,ES,Combined TRACON& Tower with Radar,19,38,62,17,136,0,0,60,0,60,19,38,122,17,196,56,0,56,252
10/09/2015,AVL,NC,ASO,ES,Combined TRACON& Tower with Radar,26,39,77,6,148,0,0,59,1,60,26,39,136,7,208,120,0,120,328
10/10/2015,AVL,NC,ASO,ES,Combined TRACON& Tower with Radar,19,39,19,0,77,0,0,0,0,0,19,39,19,0,77,0,0,0,77
10/11/2015,AVL,NC,ASO,ES,Combined TRACON& Tower with Radar,20,43,88,0,151,0,0,42,0,42,20,43,130,0,193,0,0,0,193
10/12/2015,AVL,NC,ASO,ES,Combined TRACON& Tower with Radar,25,31,51,0,107,0,0,41,0,41,25,31,92,0,148,0,0,0,148
10/13/2015,AVL,NC,ASO,ES,Combined TRACON& Tower with Radar,19,31,37,6,93,0,0,48,1,49,19,31,85,7,142,0,0,0,142
10/14/2015,AVL,NC,ASO,ES,Combined TRACON& Tower with Radar,27,31,59,8,125,0,0,72,2,74,27,31,131,10,199,50,0,50,249
10/15/2015,AVL,NC,ASO,ES,Combined TRACON& Tower with Radar,24,40,64,40,168,0,0,83,6,89,24,40,147,46,257,142,40,182,439
10/16/2015,AVL,NC,ASO,ES,Combined TRACON& Tower with Radar,29,38,61,23,151,0,0,54,3,57,29,38,115,26,208,48,0,48,256
10/17/2015,AVL,NC,ASO,ES,Combined TRACON& Tower with Radar,17,29,42,19,107,0,0,64,6,70,17,29,106,25,177,18,0,18,195
10/18/2015,AVL,NC,ASO,ES,Combined TRACON& Tower with Radar,18,40,57,3,118,0,0,78,3,81,18,40,135,6,199,0,0,0,199
10/19/2015,AVL,NC,ASO,ES,Combined TRACON& Tower with Radar,24,37,42,4,107,0,3,81,0,84,24,40,123,4,191,85,4,89,280
10/20/2015,AVL,NC,ASO,ES,Combined TRACON& Tower with Radar,20,22,35,22,99,0,2,68,7,77,20,24,103,29,176,40,18,58,234
10/21/2015,AVL,NC,ASO,ES,Combined TRACON& Tower with Radar,25,26,38,34,123,0,0,92,20,112,25,26,130,54,235,48,0,48,283
10/22/2015,AVL,NC,ASO,ES,Combined TRACON& Tower with Radar,21,32,38,9,100,0,0,52,1,53,21,32,90,10,153,100,0,100,253
10/23/2015,AVL,NC,ASO,ES,Combined TRACON& Tower with Radar,30,38,62,36,166,0,1,66,3,70,30,39,128,39,236,156,8,164,400
10/24/2015,AVL,NC,ASO,ES,Combined TRACON& Tower with Radar,18,26,53,3,100,0,0,96,0,96,18,26,149,3,196,0,0,0,196
10/25/2015,AVL,NC,ASO,ES,Combined TRACON& Tower with Radar,18,43,84,3,148,0,0,83,0,83,18,43,167,3,231,0,0,0,231
10/26/2015,AVL,NC,ASO,ES,Combined TRACON& Tower with Radar,25,24,44,5,98,0,0,1,0,1,25,24,45,5,99,0,0,0,99
10/27/2015,AVL,NC,ASO,ES,Combined TRACON& Tower with Radar,23,22,21,0,66,0,0,0,0,0,23,22,21,0,66,0,0,0,66
10/28/2015,AVL,NC,ASO,ES,Combined TRACON& Tower with Radar,24,21,54,8,107,0,2,5,1,8,24,23,59,9,115,34,2,36,151
10/29/2015,AVL,NC,ASO,ES,Combined TRACON& Tower with Radar,19,23,41,30,113,0,1,32,6,39,19,24,73,36,152,190,10,200,352
10/30/2015,AVL,NC,ASO,ES,Combined TRACON& Tower with Radar,25,33,55,35,148,0,1,105,8,114,25,34,160,43,262,145,17,162,424
10/31/2015,AVL,NC,ASO,ES,Combined TRACON& Tower with Radar,17,21,41,8,87,0,0,64,2,66,17,21,105,10,153,122,4,126,279
11/01/2015,AVL,NC,ASO,ES,Combined TRACON& Tower with Radar,19,25,64,0,108,0,0,0,0,0,19,25,64,0,108,0,0,0,108
11/02/2015,AVL,NC,ASO,ES,Combined TRACON& Tower with Radar,23,20,21,0,64,0,0,0,0,0,23,20,21,0,64,0,0,0,64
11/03/2015,AVL,NC,ASO,ES,Combined TRACON& Tower with Radar,18,18,50,14,100,0,0,4,0,4,18,18,54,14,104,0,0,0,104
11/04/2015,AVL,NC,ASO,ES,Combined TRACON& Tower with Radar,21,21,48,4,94,0,0,4,0,4,21,21,52,4,98,0,0,0,98
11/05/2015,AVL,NC,ASO,ES,Combined TRACON& Tower with Radar,23,19,61,12,115,0,0,3,2,5,23,19,64,14,120,10,0,10,130
11/06/2015,AVL,NC,ASO,ES,Combined TRACON& Tower with Radar,27,38,61,1,127,0,3,30,0,33,27,41,91,1,160,62,0,62,222
11/07/2015,AVL,NC,ASO,ES,Combined TRACON& Tower with Radar,12,20,17,0,49,0,0,3,0,3,12,20,20,0,52,0,0,0,52
11/08/2015,AVL,NC,ASO,ES,Combined TRACON& Tower with Radar,17,37,25,9,88,0,1,44,0,45,17,38,69,9,133,24,6,30,163
11/09/2015,AVL,NC,ASO,ES,Combined TRACON& Tower with Radar,20,29,21,1,71,0,0,0,0,0,20,29,21,1,71,0,0,0,71
11/10/2015,AVL,NC,ASO,ES,Combined TRACON& Tower with Radar,17,18,56,4,95,0,1,54,4,59,17,19,110,8,154,92,6,98,252
11/11/2015,AVL,NC,ASO,ES,Combined TRACON& Tower with Radar,15,30,47,2,94,0,1,95,2,98,15,31,142,4,192,112,0,112,304
11/12/2015,AVL,NC,ASO,ES,Combined TRACON& Tower with Radar,22,29,38,23,112,0,0,24,2,26,22,29,62,25,138,22,10,32,170
11/13/2015,AVL,NC,ASO,ES,Combined TRACON& Tower with Radar,25,24,49,10,108,0,0,32,2,34,25,24,81,12,142,0,0,0,142
11/14/2015,AVL,NC,ASO,ES,Combined TRACON& Tower with Radar,15,21,21,8,65,0,0,38,0,38,15,21,59,8,103,0,0,0,103
11/15/2015,AVL,NC,ASO,ES,Combined TRACON& Tower with Radar,20,27,44,8,99,0,1,62,2,65,20,28,106,10,164,36,0,36,200
11/16/2015,AVL,NC,ASO,ES,Combined TRACON& Tower with Radar,25,16,34,1,76,0,0,40,1,41,25,16,74,2,117,50,0,50,167
11/17/2015,AVL,NC,ASO,ES,Combined TRACON& Tower with Radar,21,19,61,16,117,0,0,48,0,48,21,19,109,16,165,100,24,124,289
11/18/2015,AVL,NC,ASO,ES,Combined TRACON& Tower with Radar,16,16,23,2,57,0,0,0,0,0,16,16,23,2,57,0,0,0,57
11/19/2015,AVL,NC,ASO,ES,Combined TRACON& Tower with Radar,17,27,39,18,101,0,1,41,1,43,17,28,80,19,144,100,28,128,272
11/20/2015,AVL,NC,ASO,ES,Combined TRACON& Tower with Radar,20,33,50,40,143,0,0,57,5,62,20,33,107,45,205,4,24,28,233
11/21/2015,AVL,NC,ASO,ES,Combined TRACON& Tower with Radar,14,28,35,2,79,0,2,61,0,63,14,30,96,2,142,46,0,46,188
11/22/2015,AVL,NC,ASO,ES,Combined TRACON& Tower with Radar,21,19,43,10,93,0,2,20,0,22,21,21,63,10,115,0,0,0,115
11/23/2015,AVL,NC,ASO,ES,Combined TRACON& Tower with Radar,22,30,36,15,103,0,0,57,2,59,22,30,93,17,162,46,12,58,220
11/24/2015,AVL,NC,ASO,ES,Combined TRACON& Tower with Radar,21,24,65,32,142,0,0,70,0,70,21,24,135,32,212,39,0,39,251
11/25/2015,AVL,NC,ASO,ES,Combined TRACON& Tower with Radar,20,24,47,0,91,0,1,42,0,43,20,25,89,0,134,88,0,88,222
11/26/2015,AVL,NC,ASO,ES,Combined TRACON& Tower with Radar,7,3,6,0,16,0,0,0,0,0,7,3,6,0,16,19,0,19,35
11/27/2015,AVL,NC,ASO,ES,Combined TRACON& Tower with Radar,23,15,32,0,70,0,0,48,0,48,23,15,80,0,118,100,0,100,218
11/28/2015,AVL,NC,ASO,ES,Combined TRACON& Tower with Radar,25,33,46,0,104,0,1,46,0,47,25,34,92,0,151,64,0,64,215
11/29/2015,AVL,NC,ASO,ES,Combined TRACON& Tower with Radar,20,42,62,0,124,0,0,16,0,16,20,42,78,0,140,14,0,14,154
11/30/2015,AVL,NC,ASO,ES,Combined TRACON& Tower with Radar,23,19,28,4,74,0,0,0,0,0,23,19,28,4,74,0,0,0,74
12/01/2015,AVL,NC,ASO,ES,Combined TRACON& Tower with Radar,18,9,27,0,54,0,0,1,0,1,18,9,28,0,55,0,0,0,55
12/02/2015,AVL,NC,ASO,ES,Combined TRACON& Tower with Radar,21,13,46,2,82,0,0,5,0,5,21,13,51,2,87,0,0,0,87
12/03/2015,AVL,NC,ASO,ES,Combined TRACON& Tower with Radar,22,15,41,23,101,0,0,69,0,69,22,15,110,23,170,70,0,70,240
12/04/2015,AVL,NC,ASO,ES,Combined TRACON& Tower with Radar,25,10,48,22,105,0,2,79,0,81,25,12,127,22,186,108,0,108,294
12/05/2015,AVL,NC,ASO,ES,Combined TRACON& Tower with Radar,12,18,36,9,75,0,1,69,7,77,12,19,105,16,152,30,12,42,194
12/06/2015,AVL,NC,ASO,ES,Combined TRACON& Tower with Radar,19,17,27,10,73,0,0,58,0,58,19,17,85,10,131,58,0,58,189
12/07/2015,AVL,NC,ASO,ES,Combined TRACON& Tower with Radar,26,13,18,8,65,0,3,21,0,24,26,16,39,8,89,48,0,48,137
12/08/2015,AVL,NC,ASO,ES,Combined TRACON& Tower with Radar,20,26,24,15,85,0,0,67,9,76,20,26,91,24,161,36,20,56,217
12/09/2015,AVL,NC,ASO,ES,Combined TRACON& Tower with Radar,33,14,42,13,102,4,2,41,6,53,37,16,83,19,155,74,6,80,235
12/10/2015,AVL,NC,ASO,ES,Combined TRACON& Tower with Radar,23,17,34,10,84,0,0,47,2,49,23,17,81,12,133,56,0,56,189
12/11/2015,AVL,NC,ASO,ES,Combined TRACON& Tower with Radar,27,20,49,17,113,0,0,41,2,43,27,20,90,19,156,104,0,104,260
12/12/2015,AVL,NC,ASO,ES,Combined TRACON& Tower with Radar,10,18,18,2,48,0,0,52,0,52,10,18,70,2,100,82,0,82,182
12/13/2015,AVL,NC,ASO,ES,Combined TRACON& Tower with Radar,19,34,22,6,81,0,0,35,3,38,19,34,57,9,119,36,0,36,155
12/14/2015,AVL,NC,ASO,ES,Combined TRACON& Tower with Radar,25,12,26,6,69,0,0,1,0,1,25,12,27,6,70,2,0,2,72
12/15/2015,AVL,NC,ASO,ES,Combined TRACON& Tower with Radar,20,10,44,19,93,0,2,70,5,77,20,12,114,24,170,0,0,0,170
12/16/2015,AVL,NC,ASO,ES,Combined TRACON& Tower with Radar,19,22,30,21,92,0,0,61,7,68,19,22,91,28,160,66,20,86,246
12/17/2015,AVL,NC,ASO,ES,Combined TRACON& Tower with Radar,24,19,20,0,63,0,0,0,0,0,24,19,20,0,63,0,0,0,63
12/18/2015,AVL,NC,ASO,ES,Combined TRACON& Tower with Radar,22,24,32,3,81,0,0,17,1,18,22,24,49,4,99,26,0,26,125
12/19/2015,AVL,NC,ASO,ES,Combined TRACON& Tower with Radar,14,28,34,6,82,0,2,44,7,53,14,30,78,13,135,92,14,106,241
12/20/2015,AVL,NC,ASO,ES,Combined TRACON& Tower with Radar,14,28,24,1,67,0,0,56,0,56,14,28,80,1,123,58,0,58,181
12/21/2015,AVL,NC,ASO,ES,Combined TRACON& Tower with Radar,14,25,33,9,81,0,0,0,1,1,14,25,33,10,82,0,0,0,82
12/22/2015,AVL,NC,ASO,ES,Combined TRACON& Tower with Radar,18,23,31,2,74,0,0,1,0,1,18,23,32,2,75,0,0,0,75
12/23/2015,AVL,NC,ASO,ES,Combined TRACON& Tower with Radar,8,26,21,0,55,0,0,0,0,0,8,26,21,0,55,0,0,0,55
12/24/2015,AVL,NC,ASO,ES,Combined TRACON& Tower with Radar,21,13,7,0,41,0,0,0,0,0,21,13,7,0,41,0,0,0,41
12/25/2015,AVL,NC,ASO,ES,Combined TRACON& Tower with Radar,10,17,10,0,37,0,0,1,0,1,10,17,11,0,38,0,0,0,38
12/26/2015,AVL,NC,ASO,ES,Combined TRACON& Tower with Radar,13,28,33,0,74,0,0,25,0,25,13,28,58,0,99,42,0,42,141
12/27/2015,AVL,NC,ASO,ES,Combined TRACON& Tower with Radar,15,27,42,0,84,0,0,7,0,7,15,27,49,0,91,38,0,38,129
12/28/2015,AVL,NC,ASO,ES,Combined TRACON& Tower with Radar,12,29,20,0,61,0,0,0,0,0,12,29,20,0,61,0,0,0,61
12/29/2015,AVL,NC,ASO,ES,Combined TRACON& Tower with Radar,20,25,34,7,86,0,0,45,1,46,20,25,79,8,132,112,8,120,252
12/30/2015,AVL,NC,ASO,ES,Combined TRACON& Tower with Radar,18,24,19,2,63,0,0,1,0,1,18,24,20,2,64,0,0,0,64
12/31/2015,AVL,NC,ASO,ES,Combined TRACON& Tower with Radar,18,16,40,0,74,0,0,13,0,13,18,16,53,0,87,0,0,0,87
01/01/2016,AVL,NC,ASO,ES,Combined TRACON& Tower with Radar,9,16,16,0,41,0,0,12,0,12,9,16,28,0,53,38,0,38,91
01/02/2016,AVL,NC,ASO,ES,Combined TRACON& Tower with Radar,12,25,54,0,91,0,0,60,0,60,12,25,114,0,151,34,0,34,185
01/03/2016,AVL,NC,ASO,ES,Combined TRACON& Tower with Radar,14,26,42,0,82,0,0,42,0,42,14,26,84,0,124,44,0,44,168
01/04/2016,AVL,NC,ASO,ES,Combined TRACON& Tower with Radar,14,26,21,2,63,0,0,6,0,6,14,26,27,2,69,0,0,0,69
01/05/2016,AVL,NC,ASO,ES,Combined TRACON& Tower with Radar,15,19,39,8,81,0,0,53,0,53,15,19,92,8,134,36,0,36,170
01/06/2016,AVL,NC,ASO,ES,Combined TRACON& Tower with Radar,12,18,22,14,66,0,0,43,8,51,12,18,65,22,117,98,0,98,215
01/07/2016,AVL,NC,ASO,ES,Combined TRACON& Tower with Radar,18,16,37,6,77,0,0,43,0,43,18,16,80,6,120,102,0,102,222
01/08/2016,AVL,NC,ASO,ES,Combined TRACON& Tower with Radar,19,27,46,4,96,0,1,0,0,1,19,28,46,4,97,0,0,0,97
01/09/2016,AVL,NC,ASO,ES,Combined TRACON& Tower with Radar,8,16,22,0,46,0,0,0,0,0,8,16,22,0,46,0,0,0,46
01/10/2016,AVL,NC,ASO,ES,Combined TRACON& Tower with Radar,17,16,23,0,56,0,0,5,0,5,17,16,28,0,61,0,0,0,61
01/11/2016,AVL,NC,ASO,ES,Combined TRACON& Tower with Radar,18,14,35,13,80,0,0,34,2,36,18,14,69,15,116,16,6,22,138
01/12/2016,AVL,NC,ASO,ES,Combined TRACON& Tower with Radar,12,18,24,7,61,0,0,24,1,25,12,18,48,8,86,0,0,0,86
01/13/2016,AVL,NC,ASO,ES,Combined TRACON& Tower with Radar,12,14,34,1,61,0,1,48,3,52,12,15,82,4,113,214,0,214,327
01/14/2016,AVL,NC,ASO,ES,Combined TRACON& Tower with Radar,17,15,35,12,79,0,1,61,2,64,17,16,96,14,143,70,0,70,213
01/15/2016,AVL,NC,ASO,ES,Combined TRACON& Tower with Radar,16,21,18,2,57,0,0,0,0,0,16,21,18,2,57,0,0,0,57
01/16/2016,AVL,NC,ASO,ES,Combined TRACON& Tower with Radar,5,17,32,12,66,0,0,54,0,54,5,17,86,12,120,42,0,42,162
01/17/2016,AVL,NC,ASO,ES,Combined TRACON& Tower with Radar,15,17,9,0,41,0,0,8,0,8,15,17,17,0,49,22,0,22,71
01/18/2016,AVL,NC,ASO,ES,Combined TRACON& Tower with Radar,19,14,30,0,63,0,1,12,2,15,19,15,42,2,78,0,0,0,78
01/19/2016,AVL,NC,ASO,ES,Combined TRACON& Tower with Radar,11,16,30,2,59,0,0,59,1,60,11,16,89,3,119,48,0,48,167
01/20/2016,AVL,NC,ASO,ES,Combined TRACON& Tower with Radar,11,15,14,2,42,0,0,2,0,2,11,15,16,2,44,50,0,50,94
01/21/2016,AVL,NC,ASO,ES,Combined TRACON& Tower with Radar,19,19,30,6,74,0,1,29,0,30,19,20,59,6,104,40,0,40,144
01/22/2016,AVL,NC,ASO,ES,Combined TRACON& Tower with Radar,0,0,1,0,1,0,0,0,0,0,0,0,1,0,1,0,0,0,1
01/23/2016,AVL,NC,ASO,ES,Combined TRACON& Tower with Radar,5,9,2,0,16,0,0,0,0,0,5,9,2,0,16,0,0,0,16
01/24/2016,AVL,NC,ASO,ES,Combined TRACON& Tower with Radar,16,16,14,3,49,0,1,18,1,20,16,17,32,4,69,0,0,0,69
01/25/2016,AVL,NC,ASO,ES,Combined TRACON& Tower with Radar,19,20,17,2,58,0,0,45,5,50,19,20,62,7,108,4,0,4,112
01/26/2016,AVL,NC,ASO,ES,Combined TRACON& Tower with Radar,10,16,16,0,42,0,0,17,2,19,10,16,33,2,61,24,0,24,85
01/27/2016,AVL,NC,ASO,ES,Combined TRACON& Tower with Radar,11,21,27,19,78,0,0,36,3,39,11,21,63,22,117,58,20,78,195
01/28/2016,AVL,NC,ASO,ES,Combined TRACON& Tower with Radar,18,24,31,15,88,0,0,48,2,50,18,24,79,17,138,102,12,114,252
01/29/2016,AVL,NC,ASO,ES,Combined TRACON& Tower with Radar,20,15,29,6,70,0,1,43,2,46,20,16,72,8,116,0,0,0,116
01/30/2016,AVL,NC,ASO,ES,Combined TRACON& Tower with Radar,8,19,25,0,52,0,0,96,0,96,8,19,121,0,148,62,0,62,210
01/31/2016,AVL,NC,ASO,ES,Combined TRACON& Tower with Radar,17,15,35,3,70,0,0,59,0,59,17,15,94,3,129,6,0,6,135
02/01/2016,AVL,NC,ASO,ES,Combined TRACON& Tower with Radar,20,13,34,2,69,0,0,26,0,26,20,13,60,2,95,98,0,98,193
02/02/2016,AVL,NC,ASO,ES,Combined TRACON& Tower with Radar,11,15,28,0,54,0,0,0,0,0,11,15,28,0,54,0,0,0,54
02/03/2016,AVL,NC,ASO,ES,Combined TRACON& Tower with Radar,10,18,13,0,41,0,0,2,2,4,10,18,15,2,45,0,0,0,45
02/04/2016,AVL,NC,ASO,ES,Combined TRACON& Tower with Radar,19,14,31,7,71,0,0,58,2,60,19,14,89,9,131,60,0,60,191
02/05/2016,AVL,NC,ASO,ES,Combined TRACON& Tower with Radar,20,11,23,1,55,0,0,61,3,64,20,11,84,4,119,76,8,84,203
02/06/2016,AVL,NC,ASO,ES,Combined TRACON& Tower with Radar,7,12,21,2,42,0,0,62,8,70,7,12,83,10,112,70,44,114,226
02/07/2016,AVL,NC,ASO,ES,Combined TRACON& Tower with Radar,14,10,5,4,33,0,0,38,0,38,14,10,43,4,71,20,0,20,91
02/08/2016,AVL,NC,ASO,ES,Combined TRACON& Tower with Radar,18,13,38,0,69,0,0,24,3,27,18,13,62,3,96,78,0,78,174
02/09/2016,AVL,NC,ASO,ES,Combined TRACON& Tower with Radar,12,13,11,0,36,0,0,7,2,9,12,13,18,2,45,0,0,0,45
02/10/2016,AVL,NC,ASO,ES,Combined TRACON& Tower with Radar,19,12,22,12,65,0,2,17,0,19,19,14,39,12,84,6,0,6,90
02/11/2016,AVL,NC,ASO,ES,Combined TRACON& Tower with Radar,13,20,29,3,65,0,0,52,2,54,13,20,81,5,119,96,0,96,215
02/12/2016,AVL,NC,ASO,ES,Combined TRACON& Tower with Radar,14,26,30,0,70,0,0,23,1,24,14,26,53,1,94,50,0,50,144
02/13/2016,AVL,NC,ASO,ES,Combined TRACON& Tower with Radar,9,16,11,0,36,0,0,20,0,20,9,16,31,0,56,20,0,20,76
02/14/2016,AVL,NC,ASO,ES,Combined TRACON& Tower with Radar,11,15,14,0,40,0,0,21,0,21,11,15,35,0,61,40,0,40,101
02/15/2016,AVL,NC,ASO,ES,Combined TRACON& Tower with Radar,2,3,7,0,12,0,0,0,0,0,2,3,7,0,12,0,0,0,12
02/16/2016,AVL,NC,ASO,ES,Combined TRACON& Tower with Radar,7,16,17,2,42,0,4,31,0,35,7,20,48,2,77,72,0,72,149
02/17/2016,AVL,NC,ASO,ES,Combined TRACON& Tower with Radar,8,19,23,5,55,0,2,40,1,43,8,21,63,6,98,40,0,40,138
02/18/2016,AVL,NC,ASO,ES,Combined TRACON& Tower with Radar,12,25,33,3,73,0,4,72,5,81,12,29,105,8,154,10,0,10,164
02/19/2016,AVL,NC,ASO,ES,Combined TRACON& Tower with Radar,14,24,32,0,70,0,7,75,0,82,14,31,107,0,152,52,0,52,204
02/20/2016,AVL,NC,ASO,ES,Combined TRACON& Tower with Radar,10,17,28,2,57,0,4,39,0,43,10,21,67,2,100,94,0,94,194
02/21/2016,AVL,NC,ASO,ES,Combined TRACON& Tower with Radar,9,20,37,0,66,0,0,25,0,25,9,20,62,0,91,34,0,34,125
02/22/2016,AVL,NC,ASO,ES,Combined TRACON& Tower with Radar,14,15,34,10,73,0,0,9,0,9,14,15,43,10,82,36,0,36,118
02/23/2016,AVL,NC,ASO,ES,Combined TRACON& Tower with Radar,8,19,10,6,43,0,0,0,0,0,8,19,10,6,43,0,0,0,43
02/24/2016,AVL,NC,ASO,ES,Combined TRACON& Tower with Radar,6,24,8,0,38,0,0,0,0,0,6,24,8,0,38,0,0,0,38
02/25/2016,AVL,NC,ASO,ES,Combined TRACON& Tower with Radar,10,20,14,2,46,0,0,10,2,12,10,20,24,4,58,0,0,0,58
02/26/2016,AVL,NC,ASO,ES,Combined TRACON& Tower with Radar,12,22,49,13,96,0,4,27,1,32,12,26,76,14,128,58,0,58,186
02/27/2016,AVL,NC,ASO,ES,Combined TRACON& Tower with Radar,11,16,23,13,63,0,2,119,14,135,11,18,142,27,198,150,38,188,386
02/28/2016,AVL,NC,ASO,ES,Combined TRACON& Tower with Radar,12,24,31,9,76,0,1,105,0,106,12,25,136,9,182,114,8,122,304
02/29/2016,AVL,NC,ASO,ES,Combined TRACON& Tower with Radar,15,24,23,0,62,0,4,49,0,53,15,28,72,0,115,46,0,46,161
03/01/2016,AVL,NC,ASO,ES,Combined TRACON& Tower with Radar,7,19,19,2,47,0,1,21,3,25,7,20,40,5,72,58,0,58,130
03/02/2016,AVL,NC,ASO,ES,Combined TRACON& Tower with Radar,12,17,19,4,52,0,2,12,0,14,12,19,31,4,66,46,0,46,112
03/03/2016,AVL,NC,ASO,ES,Combined TRACON& Tower with Radar,17,20,30,2,69,0,0,19,0,19,17,20,49,2,88,60,0,60,148
03/04/2016,AVL,NC,ASO,ES,Combined TRACON& Tower with Radar,16,21,40,0,77,0,0,38,1,39,16,21,78,1,116,102,0,102,218
03/05/2016,AVL,NC,ASO,ES,Combined TRACON& Tower with Radar,13,25,29,0,67,0,0,102,0,102,13,25,131,0,169,135,0,135,304
03/06/2016,AVL,NC,ASO,ES,Combined TRACON& Tower with Radar,16,26,28,0,70,0,5,62,0,67,16,31,90,0,137,239,0,239,376
03/07/2016,AVL,NC,ASO,ES,Combined TRACON& Tower with Radar,18,26,31,10,85,0,4,54,6,64,18,30,85,16,149,34,6,40,189
03/08/2016,AVL,NC,ASO,ES,Combined TRACON& Tower with Radar,12,28,22,15,77,0,3,61,5,69,12,31,83,20,146,64,32,96,242
03/09/2016,AVL,NC,ASO,ES,Combined TRACON& Tower with Radar,10,19,30,7,66,0,4,40,5,49,10,23,70,12,115,24,0,24,139
03/10/2016,AVL,NC,ASO,ES,Combined TRACON& Tower with Radar,16,23,45,0,84,0,2,27,0,29,16,25,72,0,113,0,0,0,113
03/11/2016,AVL,NC,ASO,ES,Combined TRACON& Tower with Radar,21,19,35,37,112,0,4,39,0,43,21,23,74,37,155,74,0,74,229
03/12/2016,AVL,NC,ASO,ES,Combined TRACON& Tower with Radar,15,19,25,8,67,0,4,37,0,41,15,23,62,8,108,46,8,54,162
03/13/2016,AVL,NC,ASO,ES,Combined TRACON& Tower with Radar,16,25,30,1,72,0,0,7,0,7,16,25,37,1,79,0,0,0,79
03/14/2016,AVL,NC,ASO,ES,Combined TRACON& Tower with Radar,20,19,28,0,67,0,2,26,0,28,20,21,54,0,95,34,0,34,129
03/15/2016,AVL,NC,ASO,ES,Combined TRACON& Tower with Radar,17,24,43,8,92,0,5,59,0,64,17,29,102,8,156,48,8,56,212
03/16/2016,AVL,NC,ASO,ES,Combined TRACON& Tower with Radar,16,20,30,2,68,0,0,38,6,44,16,20,68,8,112,74,0,74,186
03/17/2016,AVL,NC,ASO,ES,Combined TRACON& Tower with Radar,17,20,34,1,72,0,0,55,6,61,17,20,89,7,133,60,10,70,203
03/18/2016,AVL,NC,ASO,ES,Combined TRACON& Tower with Radar,15,24,20,18,77,0,9,67,3,79,15,33,87,21,156,80,8,88,244
03/19/2016,AVL,NC,ASO,ES,Combined TRACON& Tower with Radar,17,21,17,0,55,0,0,25,0,25,17,21,42,0,80,144,0,144,224
03/20/2016,AVL,NC,ASO,ES,Combined TRACON& Tower with Radar,16,22,22,0,60,0,0,3,0,3,16,22,25,0,63,28,0,28,91
03/21/2016,AVL,NC,ASO,ES,Combined TRACON& Tower with Radar,16,19,37,0,72,0,2,16,0,18,16,21,53,0,90,0,0,0,90
03/22/2016,AVL,NC,ASO,ES,Combined TRACON& Tower with Radar,17,24,31,13,85,0,1,78,4,83,17,25,109,17,168,90,30,120,288
03/23/2016,AVL,NC,ASO,ES,Combined TRACON& Tower with Radar,12,26,25,6,69,0,6,57,2,65,12,32,82,8,134,66,0,66,200
03/24/2016,AVL,NC,ASO,ES,Combined TRACON& Tower with Radar,18,35,40,4,97,0,6,17,2,25,18,41,57,6,122,22,0,22,144
03/25/2016,AVL,NC,ASO,ES,Combined TRACON& Tower with Radar,16,20,37,8,81,0,5,59,3,67,16,25,96,11,148,68,6,74,222
03/26/2016,AVL,NC,ASO,ES,Combined TRACON& Tower with Radar,14,21,37,0,72,0,2,47,1,50,14,23,84,1,122,0,0,0,122
03/27/2016,AVL,NC,ASO,ES,Combined TRACON& Tower with Radar,19,33,31,0,83,0,0,0,0,0,19,33,31,0,83,0,0,0,83
03/28/2016,AVL,NC,ASO,ES,Combined TRACON& Tower with Radar,20,23,33,0,76,0,8,16,4,28,20,31,49,4,104,0,0,0,104
03/29/2016,AVL,NC,ASO,ES,Combined TRACON& Tower with Radar,17,19,36,12,84,0,3,55,0,58,17,22,91,12,142,0,0,0,142
03/30/2016,AVL,NC,ASO,ES,Combined TRACON& Tower with Radar,14,23,34,6,77,0,8,71,1,80,14,31,105,7,157,92,0,92,249
03/31/2016,AVL,NC,ASO,ES,Combined TRACON& Tower with Radar,17,16,32,0,65,0,0,0,0,0,17,16,32,0,65,0,0,0,65
04/01/2016,AVL,NC,ASO,ES,Combined TRACON& Tower with Radar,16,30,22,3,71,0,2,8,0,10,16,32,30,3,81,24,0,24,105
04/02/2016,AVL,NC,ASO,ES,Combined TRACON& Tower with Radar,11,29,30,29,99,0,0,18,12,30,11,29,48,41,129,14,0,14,143
04/03/2016,AVL,NC,ASO,ES,Combined TRACON& Tower with Radar,14,32,33,7,86,0,1,55,0,56,14,33,88,7,142,30,0,30,172
04/04/2016,AVL,NC,ASO,ES,Combined TRACON& Tower with Radar,14,31,23,15,83,0,3,54,8,65,14,34,77,23,148,62,0,62,210
04/05/2016,AVL,NC,ASO,ES,Combined TRACON& Tower with Radar,14,26,21,18,79,0,3,27,4,34,14,29,48,22,113,0,0,0,113
04/06/2016,AVL,NC,ASO,ES,Combined TRACON& Tower with Radar,11,28,39,12,90,0,4,44,5,53,11,32,83,17,143,66,16,82,225
04/07/2016,AVL,NC,ASO,ES,Combined TRACON& Tower with Radar,12,23,22,2,59,0,0,7,2,9,12,23,29,4,68,47,0,47,115
04/08/2016,AVL,NC,ASO,ES,Combined TRACON& Tower with Radar,14,31,36,7,88,0,2,32,0,34,14,33,68,7,122,46,0,46,168
04/09/2016,AVL,NC,ASO,ES,Combined TRACON& Tower with Radar,9,23,17,0,49,0,0,9,0,9,9,23,26,0,58,0,0,0,58
04/10/2016,AVL,NC,ASO,ES,Combined TRACON& Tower with Radar,14,19,39,2,74,0,1,51,0,52,14,20,90,2,126,62,0,62,188
04/11/2016,AVL,NC,ASO,ES,Combined TRACON& Tower with Radar,10,33,32,9,84,0,1,32,1,34,10,34,64,10,118,2,0,2,120
04/12/2016,AVL,NC,ASO,ES,Combined TRACON& Tower with Radar,8,24,20,0,52,0,0,1,0,1,8,24,21,0,53,18,0,18,71
04/13/2016,AVL,NC,ASO,ES,Combined TRACON& Tower with Radar,10,30,36,0,76,0,0,71,3,74,10,30,107,3,150,144,2,146,296
04/14/2016,AVL,NC,ASO,ES,Combined TRACON& Tower with Radar,13,31,45,2,91,0,0,76,2,78,13,31,121,4,169,122,0,122,291
04/15/2016,AVL,NC,ASO,ES,Combined TRACON& Tower with Radar,15,29,37,24,105,0,0,61,3,64,15,29,98,27,169,54,10,64,233
04/16/2016,AVL,NC,ASO,ES,Combined TRACON& Tower with Radar,9,21,37,18,85,0,2,73,11,86,9,23,110,29,171,72,42,114,285
04/17/2016,AVL,NC,ASO,ES,Combined TRACON& Tower with Radar,13,29,45,9,96,0,5,83,8,96,13,34,128,17,192,58,0,58,250
04/18/2016,AVL,NC,ASO,ES,Combined TRACON& Tower with Radar,14,29,41,5,89,0,0,72,13,85,14,29,113,18,174,162,0,162,336
04/19/2016,AVL,NC,ASO,ES,Combined TRACON& Tower with Radar,8,23,29,6,66,0,3,72,3,78,8,26,101,9,144,56,0,56,200
04/20/2016,AVL,NC,ASO,ES,Combined TRACON& Tower with Radar,8,29,33,10,80,0,2,53,3,58,8,31,86,13,138,2,14,16,154
04/21/2016,AVL,NC,ASO,ES,Combined TRACON& Tower with Radar,12,24,53,4,93,0,10,29,2,41,12,34,82,6,134,38,0,38,172
04/22/2016,AVL,NC,ASO,ES,Combined TRACON& Tower with Radar,13,24,44,15,96,0,2,3,0,5,13,26,47,15,101,0,0,0,101
04/23/2016,AVL,NC,ASO,ES,Combined TRACON& Tower with Radar,9,25,41,0,75,0,4,27,1,32,9,29,68,1,107,30,0,30,137
04/24/2016,AVL,NC,ASO,ES,Combined TRACON& Tower with Radar,12,23,35,9,79,0,4,47,4,55,12,27,82,13,134,36,6,42,176
04/25/2016,AVL,NC,ASO,ES,Combined TRACON& Tower with Radar,14,32,44,2,92,0,4,57,1,62,14,36,101,3,154,122,16,138,292
04/26/2016,AVL,NC,ASO,ES,Combined TRACON& Tower with Radar,8,31,36,6,81,0,0,58,2,60,8,31,94,8,141,156,6,162,303
04/27/2016,AVL,NC,ASO,ES,Combined TRACON& Tower with Radar,8,45,40,4,97,0,2,37,1,40,8,47,77,5,137,163,0,163,300
04/28/2016,AVL,NC,ASO,ES,Combined TRACON& Tower with Radar,12,31,36,2,81,0,6,41,0,47,12,37,77,2,128,194,0,194,322
04/29/2016,AVL,NC,ASO,ES,Combined TRACON& Tower with Radar,15,33,39,19,106,0,4,75,3,82,15,37,114,22,188,108,0,108,296
04/30/2016,AVL,NC,ASO,ES,Combined TRACON& Tower with Radar,14,24,12,8,58,0,0,29,0,29,14,24,41,8,87,80,6,86,173
05/01/2016,AVL,NC,ASO,ES,Combined TRACON& Tower with Radar,11,35,41,3,90,0,0,14,4,18,11,35,55,7,108,54,0,54,162
05/02/2016,AVL,NC,ASO,ES,Combined TRACON& Tower with Radar,17,25,28,5,75,0,0,10,0,10,17,25,38,5,85,56,0,56,141
05/03/2016,AVL,NC,ASO,ES,Combined TRACON& Tower with Radar,12,19,35,2,68,0,0,8,0,8,12,19,43,2,76,22,48,70,146
05/04/2016,AVL,NC,ASO,ES,Combined TRACON& Tower with Radar,15,26,37,2,80,0,4,22,0,26,15,30,59,2,106,14,0,14,120
05/05/2016,AVL,NC,ASO,ES,Combined TRACON& Tower with Radar,17,23,38,16,94,0,0,9,2,11,17,23,47,18,105,20,0,20,125
05/06/2016,AVL,NC,ASO,ES,Combined TRACON& Tower with Radar,19,27,53,4,103,0,2,12,5,19,19,29,65,9,122,0,0,0,122
05/07/2016,AVL,NC,ASO,ES,Combined TRACON& Tower with Radar,13,28,34,15,90,0,0,58,6,64,13,28,92,21,154,68,24,92,246
05/08/2016,AVL,NC,ASO,ES,Combined TRACON& Tower with Radar,16,21,52,4,93,0,0,37,4,41,16,21,89,8,134,20,0,20,154
05/09/2016,AVL,NC,ASO,ES,Combined TRACON& Tower with Radar,23,17,37,7,84,0,0,24,4,28,23,17,61,11,112,92,0,92,204
05/10/2016,AVL,NC,ASO,ES,Combined TRACON& Tower with Radar,19,24,35,8,86,0,1,35,3,39,19,25,70,11,125,30,0,30,155
05/11/2016,AVL,NC,ASO,ES,Combined TRACON& Tower with Radar,17,25,36,3,81,0,0,19,0,19,17,25,55,3,100,70,0,70,170
05/12/2016,AVL,NC,ASO,ES,Combined TRACON& Tower with Radar,19,21,36,6,82,0,1,27,0,28,19,22,63,6,110,60,0,60,170
05/13/2016,AVL,NC,ASO,ES,Combined TRACON& Tower with Radar,21,15,57,5,98,0,1,43,3,47,21,16,100,8,145,42,0,42,187
05/14/2016,AVL,NC,ASO,ES,Combined TRACON& Tower with Radar,17,17,25,8,67,0,0,54,0,54,17,17,79,8,121,20,0,20,141
05/15/2016,AVL,NC,ASO,ES,Combined TRACON& Tower with Radar,16,20,44,7,87,0,2,36,5,43,16,22,80,12,130,0,0,0,130
05/16/2016,AVL,NC,ASO,ES,Combined TRACON& Tower with Radar,21,22,47,10,100,0,2,57,0,59,21,24,104,10,159,16,0,16,175
05/17/2016,AVL,NC,ASO,ES,Combined TRACON& Tower with Radar,17,23,31,4,75,0,0,5,0,5,17,23,36,4,80,0,0,0,80
05/18/2016,AVL,NC,ASO,ES,Combined TRACON& Tower with Radar,18,23,61,17,119,0,0,18,6,24,18,23,79,23,143,10,0,10,153
05/19/2016,AVL,NC,ASO,ES,Combined TRACON& Tower with Radar,19,25,59,0,103,0,0,1,0,1,19,25,60,0,104,0,0,0,104
05/20/2016,AVL,NC,ASO,ES,Combined TRACON& Tower with Radar,25,25,68,5,123,0,0,1,0,1,25,25,69,5,124,0,0,0,124
05/21/2016,AVL,NC,ASO,ES,Combined TRACON& Tower with Radar,11,21,33,2,67,0,0,9,0,9,11,21,42,2,76,82,0,82,158
05/22/2016,AVL,NC,ASO,ES,Combined TRACON& Tower with Radar,17,33,59,6,115,0,0,18,1,19,17,33,77,7,134,32,0,32,166
05/23/2016,AVL,NC,ASO,ES,Combined TRACON& Tower with Radar,21,25,45,7,98,0,0,45,1,46,21,25,90,8,144,10,0,10,154
05/24/2016,AVL,NC,ASO,ES,Combined TRACON& Tower with Radar,17,22,27,4,70,0,0,61,14,75,17,22,88,18,145,34,0,34,179
05/25/2016,AVL,NC,ASO,ES,Combined TRACON& Tower with Radar,20,25,36,11,92,0,0,58,4,62,20,25,94,15,154,34,14,48,202
05/26/2016,AVL,NC,ASO,ES,Combined TRACON& Tower with Radar,19,33,54,4,110,0,0,39,4,43,19,33,93,8,153,54,0,54,207
05/27/2016,AVL,NC,ASO,ES,Combined TRACON& Tower with Radar,23,32,75,0,130,0,0,35,0,35,23,32,110,0,165,40,0,40,205
05/28/2016,AVL,NC,ASO,ES,Combined TRACON& Tower with Radar,16,32,33,0,81,0,0,72,0,72,16,32,105,0,153,52,0,52,205
05/29/2016,AVL,NC,ASO,ES,Combined TRACON& Tower with Radar,19,23,33,0,75,0,0,13,0,13,19,23,46,0,88,46,0,46,134
05/30/2016,AVL,NC,ASO,ES,Combined TRACON& Tower with Radar,21,34,71,6,132,0,0,50,0,50,21,34,121,6,182,12,0,12,194
05/31/2016,AVL,NC,ASO,ES,Combined TRACON& Tower with Radar,20,17,43,1,81,0,0,45,2,47,20,17,88,3,128,16,0,16,144
06/01/2016,AVL,NC,ASO,ES,Combined TRACON& Tower with Radar,21,24,39,8,92,0,0,19,0,19,21,24,58,8,111,4,0,4,115
06/02/2016,AVL,NC,ASO,ES,Combined TRACON& Tower with Radar,16,30,49,9,104,0,0,30,1,31,16,30,79,10,135,52,21,73,208
06/03/2016,AVL,NC,ASO,ES,Combined TRACON& Tower with Radar,23,24,64,2,113,0,1,36,1,38,23,25,100,3,151,62,0,62,213
06/04/2016,AVL,NC,ASO,ES,Combined TRACON& Tower with Radar,19,27,51,0,97,0,1,24,0,25,19,28,75,0,122,18,0,18,140
06/05/2016,AVL,NC,ASO,ES,Combined TRACON& Tower with Radar,17,33,43,2,95,0,0,10,1,11,17,33,53,3,106,36,0,36,142
06/06/2016,AVL,NC,ASO,ES,Combined TRACON& Tower with Radar,21,33,40,0,94,0,2,17,0,19,21,35,57,0,113,12,0,12,125
06/07/2016,AVL,NC,ASO,ES,Combined TRACON& Tower with Radar,22,29,49,4,104,0,0,35,2,37,22,29,84,6,141,20,0,20,161
06/08/2016,AVL,NC,ASO,ES,Combined TRACON& Tower with Radar,22,28,40,2,92,0,0,48,2,50,22,28,88,4,142,44,0,44,186
06/09/2016,AVL,NC,ASO,ES,Combined TRACON& Tower with Radar,19,37,45,6,107,0,0,87,2,89,19,37,132,8,196,40,2,42,238
06/10/2016,AVL,NC,ASO,ES,Combined TRACON& Tower with Radar,22,32,49,14,117,0,0,45,9,54,22,32,94,23,171,52,8,60,231
06/11/2016,AVL,NC,ASO,ES,Combined TRACON& Tower with Radar,24,30,31,9,94,0,1,58,1,60,24,31,89,10,154,68,0,68,222
06/12/2016,AVL,NC,ASO,ES,Combined TRACON& Tower with Radar,17,45,59,33,154,0,3,63,18,84,17,48,122,51,238,42,0,42,280
06/13/2016,AVL,NC,ASO,ES,Combined TRACON& Tower with Radar,24,30,40,7,101,0,2,48,0,50,24,32,88,7,151,60,0,60,211
06/14/2016,AVL,NC,ASO,ES,Combined TRACON& Tower with Radar,19,27,44,0,90,0,0,35,2,37,19,27,79,2,127,28,0,28,155
06/15/2016,AVL,NC,ASO,ES,Combined TRACON& Tower with Radar,21,28,43,2,94,0,1,30,0,31,21,29,73,2,125,61,0,61,186
06/16/2016,AVL,NC,ASO,ES,Combined TRACON& Tower with Radar,16,37,45,7,105,0,3,36,1,40,16,40,81,8,145,34,5,39,184
06/17/2016,AVL,NC,ASO,ES,Combined TRACON& Tower with Radar,27,23,49,11,110,0,0,47,3,50,27,23,96,14,160,40,8,48,208
06/18/2016,AVL,NC,ASO,ES,Combined TRACON& Tower with Radar,23,34,43,19,119,0,0,20,5,25,23,34,63,24,144,50,40,90,234
06/19/2016,AVL,NC,ASO,ES,Combined TRACON& Tower with Radar,19,26,52,7,104,0,0,67,3,70,19,26,119,10,174,57,18,75,249
06/20/2016,AVL,NC,ASO,ES,Combined TRACON& Tower with Radar,23,30,39,7,99,0,0,42,3,45,23,30,81,10,144,30,0,30,174
06/21/2016,AVL,NC,ASO,ES,Combined TRACON& Tower with Radar,26,21,33,4,84,0,2,52,3,57,26,23,85,7,141,44,0,44,185
06/22/2016,AVL,NC,ASO,ES,Combined TRACON& Tower with Radar,22,34,45,2,103,0,0,48,0,48,22,34,93,2,151,52,0,52,203
06/23/2016,AVL,NC,ASO,ES,Combined TRACON& Tower with Radar,20,42,70,2,134,0,1,60,1,62,20,43,130,3,196,48,0,48,244
06/24/2016,AVL,NC,ASO,ES,Combined TRACON& Tower with Radar,27,46,86,15,174,0,1,33,2,36,27,47,119,17,210,24,4,28,238
06/25/2016,AVL,NC,ASO,ES,Combined TRACON& Tower with Radar,24,46,48,25,143,0,1,58,2,61,24,47,106,27,204,81,74,155,359
06/26/2016,AVL,NC,ASO,ES,Combined TRACON& Tower with Radar,19,43,81,5,148,0,0,17,5,22,19,43,98,10,170,33,26,59,229
06/27/2016,AVL,NC,ASO,ES,Combined TRACON& Tower with Radar,30,43,58,2,133,0,1,14,1,16,30,44,72,3,149,20,0,20,169
06/28/2016,AVL,NC,ASO,ES,Combined TRACON& Tower with Radar,22,31,40,0,93,0,0,22,2,24,22,31,62,2,117,34,0,34,151
06/29/2016,AVL,NC,ASO,ES,Combined TRACON& Tower with Radar,24,29,59,2,114,0,0,43,0,43,24,29,102,2,157,38,0,38,195
06/30/2016,AVL,NC,ASO,ES,Combined TRACON& Tower with Radar,23,54,58,2,137,0,0,39,0,39,23,54,97,2,176,40,0,40,216
07/01/2016,AVL,NC,ASO,ES,Combined TRACON& Tower with Radar,16,54,89,6,165,0,0,57,3,60,16,54,146,9,225,23,13,36,261
07/02/2016,AVL,NC,ASO,ES,Combined TRACON& Tower with Radar,26,37,40,0,103,0,0,37,0,37,26,37,77,0,140,38,0,38,178
07/03/2016,AVL,NC,ASO,ES,Combined TRACON& Tower with Radar,16,25,41,0,82,0,0,32,0,32,16,25,73,0,114,8,0,8,122
07/04/2016,AVL,NC,ASO,ES,Combined TRACON& Tower with Radar,22,30,36,2,90,0,0,23,0,23,22,30,59,2,113,0,0,0,113
07/05/2016,AVL,NC,ASO,ES,Combined TRACON& Tower with Radar,23,45,55,0,123,0,0,44,0,44,23,45,99,0,167,27,0,27,194
07/06/2016,AVL,NC,ASO,ES,Combined TRACON& Tower with Radar,22,33,39,10,104,0,0,67,2,69,22,33,106,12,173,103,0,103,276
07/07/2016,AVL,NC,ASO,ES,Combined TRACON& Tower with Radar,26,31,42,0,99,0,1,36,0,37,26,32,78,0,136,38,0,38,174
07/08/2016,AVL,NC,ASO,ES,Combined TRACON& Tower with Radar,30,38,71,7,146,0,0,58,1,59,30,38,129,8,205,40,14,54,259
07/09/2016,AVL,NC,ASO,ES,Combined TRACON& Tower with Radar,18,39,52,0,109,0,2,39,0,41,18,41,91,0,150,44,0,44,194
07/10/2016,AVL,NC,ASO,ES,Combined TRACON& Tower with Radar,19,40,59,1,119,0,1,48,5,54,19,41,107,6,173,0,0,0,173
07/11/2016,AVL,NC,ASO,ES,Combined TRACON& Tower with Radar,24,24,54,5,107,0,0,20,1,21,24,24,74,6,128,22,0,22,150
07/12/2016,AVL,NC,ASO,ES,Combined TRACON& Tower with Radar,26,35,47,8,116,0,0,35,2,37,26,35,82,10,153,54,0,54,207
07/13/2016,AVL,NC,ASO,ES,Combined TRACON& Tower with Radar,20,33,65,7,125,0,1,35,4,40,20,34,100,11,165,20,0,20,185
07/14/2016,AVL,NC,ASO,ES,Combined TRACON& Tower with Radar,19,45,49,2,115,0,2,26,0,28,19,47,75,2,143,28,0,28,171
07/15/2016,AVL,NC,ASO,ES,Combined TRACON& Tower with Radar,25,39,63,13,140,0,3,57,1,61,25,42,120,14,201,46,20,66,267
07/16/2016,AVL,NC,ASO,ES,Combined TRACON& Tower with Radar,24,30,48,2,104,0,0,13,0,13,24,30,61,2,117,24,2,26,143
07/17/2016,AVL,NC,ASO,ES,Combined TRACON& Tower with Radar,18,38,73,3,132,0,0,38,6,44,18,38,111,9,176,26,8,34,210
07/18/2016,AVL,NC,ASO,ES,Combined TRACON& Tower with Radar,26,22,78,4,130,0,0,35,1,36,26,22,113,5,166,4,0,4,170
07/19/2016,AVL,NC,ASO,ES,Combined TRACON& Tower with Radar,22,25,45,8,100,0,0,50,4,54,22,25,95,12,154,30,10,40,194
07/20/2016,AVL,NC,ASO,ES,Combined TRACON& Tower with Radar,22,30,52,8,112,0,0,52,7,59,22,30,104,15,171,34,0,34,205
07/21/2016,AVL,NC,ASO,ES,Combined TRACON& Tower with Radar,18,44,64,2,128,0,2,58,2,62,18,46,122,4,190,62,0,62,252
07/22/2016,AVL,NC,ASO,ES,Combined TRACON& Tower with Radar,26,43,77,8,154,0,1,71,6,78,26,44,148,14,232,47,14,61,293
07/23/2016,AVL,NC,ASO,ES,Combined TRACON& Tower with Radar,20,34,66,29,149,0,0,50,7,57,20,34,116,36,206,34,24,58,264
07/24/2016,AVL,NC,ASO,ES,Combined TRACON& Tower with Radar,18,47,86,3,154,0,0,41,1,42,18,47,127,4,196,26,10,36,232
07/25/2016,AVL,NC,ASO,ES,Combined TRACON& Tower with Radar,25,35,61,6,127,0,1,47,5,53,25,36,108,11,180,24,0,24,204
07/26/2016,AVL,NC,ASO,ES,Combined TRACON& Tower with Radar,22,28,52,5,107,0,0,42,1,43,22,28,94,6,150,34,0,34,184
07/27/2016,AVL,NC,ASO,ES,Combined TRACON& Tower with Radar,20,29,74,3,126,0,1,49,1,51,20,30,123,4,177,28,0,28,205
07/28/2016,AVL,NC,ASO,ES,Combined TRACON& Tower with Radar,19,43,79,0,141,0,1,42,0,43,19,44,121,0,184,80,0,80,264
07/29/2016,AVL,NC,ASO,ES,Combined TRACON& Tower with Radar,27,27,93,15,162,0,0,43,12,55,27,27,136,27,217,60,4,64,281
07/30/2016,AVL,NC,ASO,ES,Combined TRACON& Tower with Radar,20,31,45,2,98,0,0,28,0,28,20,31,73,2,126,12,0,12,138
07/31/2016,AVL,NC,ASO,ES,Combined TRACON& Tower with Radar,18,34,55,21,128,0,0,26,8,34,18,34,81,29,162,28,24,52,214
08/01/2016,AVL,NC,ASO,ES,Combined TRACON& Tower with Radar,28,37,30,0,95,0,1,23,0,24,28,38,53,0,119,46,0,46,165
08/02/2016,AVL,NC,ASO,ES,Combined TRACON& Tower with Radar,23,23,41,0,87,0,0,10,2,12,23,23,51,2,99,12,0,12,111
08/03/2016,AVL,NC,ASO,ES,Combined TRACON& Tower with Radar,19,31,45,4,99,0,0,9,1,10,19,31,54,5,109,110,12,122,231
08/04/2016,AVL,NC,ASO,ES,Combined TRACON& Tower with Radar,14,44,66,0,124,0,0,6,0,6,14,44,72,0,130,32,0,32,162
08/05/2016,AVL,NC,ASO,ES,Combined TRACON& Tower with Radar,25,44,91,6,166,0,1,7,0,8,25,45,98,6,174,56,0,56,230
08/06/2016,AVL,NC,ASO,ES,Combined TRACON& Tower with Radar,18,39,31,1,89,0,0,43,1,44,18,39,74,2,133,34,0,34,167
08/07/2016,AVL,NC,ASO,ES,Combined TRACON& Tower with Radar,20,37,43,15,115,0,0,16,1,17,20,37,59,16,132,0,0,0,132
08/08/2016,AVL,NC,ASO,ES,Combined TRACON& Tower with Radar,25,31,50,0,106,0,0,11,0,11,25,31,61,0,117,56,0,56,173
08/09/2016,AVL,NC,ASO,ES,Combined TRACON& Tower with Radar,22,31,61,2,116,0,0,4,2,6,22,31,65,4,122,24,0,24,146
08/10/2016,AVL,NC,ASO,ES,Combined TRACON& Tower with Radar,19,42,52,2,115,0,0,3,0,3,19,42,55,2,118,0,0,0,118
08/11/2016,AVL,NC,ASO,ES,Combined TRACON& Tower with Radar,21,27,58,0,106,0,0,17,2,19,21,27,75,2,125,36,0,36,161
08/12/2016,AVL,NC,ASO,ES,Combined TRACON& Tower with Radar,22,28,76,11,137,0,0,18,1,19,22,28,94,12,156,30,16,46,202
08/13/2016,AVL,NC,ASO,ES,Combined TRACON& Tower with Radar,19,28,44,2,93,0,4,34,0,38,19,32,78,2,131,30,0,30,161
08/14/2016,AVL,NC,ASO,ES,Combined TRACON& Tower with Radar,18,30,47,1,96,0,0,24,4,28,18,30,71,5,124,44,0,44,168
08/15/2016,AVL,NC,ASO,ES,Combined TRACON& Tower with Radar,23,31,29,2,85,0,2,35,0,37,23,33,64,2,122,24,0,24,146
08/16/2016,AVL,NC,ASO,ES,Combined TRACON& Tower with Radar,22,24,42,2,90,0,1,23,4,28,22,25,65,6,118,46,0,46,164
08/17/2016,AVL,NC,ASO,ES,Combined TRACON& Tower with Radar,22,30,44,3,99,0,0,39,9,48,22,30,83,12,147,8,0,8,155
08/18/2016,AVL,NC,ASO,ES,Combined TRACON& Tower with Radar,19,38,58,5,120,0,2,31,9,42,19,40,89,14,162,28,0,28,190
08/19/2016,AVL,NC,ASO,ES,Combined TRACON& Tower with Radar,25,29,71,4,129,0,0,21,0,21,25,29,92,4,150,0,0,0,150
08/20/2016,AVL,NC,ASO,ES,Combined TRACON& Tower with Radar,14,39,38,0,91,0,0,24,0,24,14,39,62,0,115,14,0,14,129
08/21/2016,AVL,NC,ASO,ES,Combined TRACON& Tower with Radar,21,31,50,0,102,0,0,16,0,16,21,31,66,0,118,4,0,4,122
08/22/2016,AVL,NC,ASO,ES,Combined TRACON& Tower with Radar,22,27,59,1,109,0,0,54,2,56,22,27,113,3,165,86,0,86,251
08/23/2016,AVL,NC,ASO,ES,Combined TRACON& Tower with Radar,18,32,53,1,104,0,1,60,1,62,18,33,113,2,166,42,4,46,212
08/24/2016,AVL,NC,ASO,ES,Combined TRACON& Tower with Radar,22,21,57,5,105,0,0,29,7,36,22,21,86,12,141,24,0,24,165
08/25/2016,AVL,NC,ASO,ES,Combined TRACON& Tower with Radar,20,30,54,15,119,0,0,39,4,43,20,30,93,19,162,76,0,76,238
08/26/2016,AVL,NC,ASO,ES,Combined TRACON& Tower with Radar,30,35,56,16,137,0,0,62,8,70,30,35,118,24,207,88,12,100,307
08/27/2016,AVL,NC,ASO,ES,Combined TRACON& Tower with Radar,14,30,52,5,101,0,0,57,9,66,14,30,109,14,167,22,0,22,189
08/28/2016,AVL,NC,ASO,ES,Combined TRACON& Tower with Radar,22,31,41,7,101,0,0,24,12,36,22,31,65,19,137,16,0,16,153
08/29/2016,AVL,NC,ASO,ES,Combined TRACON& Tower with Radar,23,33,40,13,109,0,0,51,3,54,23,33,91,16,163,54,0,54,217
08/30/2016,AVL,NC,ASO,ES,Combined TRACON& Tower with Radar,17,23,59,10,109,0,0,54,6,60,17,23,113,16,169,34,10,44,213
08/31/2016,AVL,NC,ASO,ES,Combined TRACON& Tower with Radar,24,34,64,16,138,0,0,53,9,62,24,34,117,25,200,40,24,64,264
09/01/2016,AVL,NC,ASO,ES,Combined TRACON& Tower with Radar,17,32,49,6,104,0,0,18,0,18,17,32,67,6,122,76,6,82,204
09/02/2016,AVL,NC,ASO,ES,Combined TRACON& Tower with Radar,24,30,48,3,105,0,0,6,2,8,24,30,54,5,113,0,0,0,113
09/03/2016,AVL,NC,ASO,ES,Combined TRACON& Tower with Radar,11,34,42,3,90,0,0,58,2,60,11,34,100,5,150,18,0,18,168
09/04/2016,AVL,NC,ASO,ES,Combined TRACON& Tower with Radar,18,21,32,0,71,0,2,31,0,33,18,23,63,0,104,0,0,0,104
09/05/2016,AVL,NC,ASO,ES,Combined TRACON& Tower with Radar,24,34,52,0,110,0,0,46,0,46,24,34,98,0,156,16,0,16,172
09/06/2016,AVL,NC,ASO,ES,Combined TRACON& Tower with Radar,16,30,42,8,96,0,0,53,3,56,16,30,95,11,152,36,0,36,188
09/07/2016,AVL,NC,ASO,ES,Combined TRACON& Tower with Radar,22,25,43,2,92,0,0,55,5,60,22,25,98,7,152,36,0,36,188
09/08/2016,AVL,NC,ASO,ES,Combined TRACON& Tower with Radar,21,43,51,20,135,0,0,84,6,90,21,43,135,26,225,76,0,76,301
09/09/2016,AVL,NC,ASO,ES,Combined TRACON& Tower with Radar,26,36,50,22,134,0,0,49,10,59,26,36,99,32,193,43,4,47,240
09/10/2016,AVL,NC,ASO,ES,Combined TRACON& Tower with Radar,15,27,36,11,89,0,0,59,3,62,15,27,95,14,151,60,36,96,247
09/11/2016,AVL,NC,ASO,ES,Combined TRACON& Tower with Radar,23,29,56,6,114,0,0,25,3,28,23,29,81,9,142,23,6,29,171
09/12/2016,AVL,NC,ASO,ES,Combined TRACON& Tower with Radar,22,34,36,5,97,0,1,33,3,37,22,35,69,8,134,22,10,32,166
09/13/2016,AVL,NC,ASO,ES,Combined TRACON& Tower with Radar,14,30,56,12,112,0,3,26,1,30,14,33,82,13,142,43,0,43,185
09/14/2016,AVL,NC,ASO,ES,Combined TRACON& Tower with Radar,22,25,41,4,92,0,0,74,4,78,22,25,115,8,170,70,2,72,242
09/15/2016,AVL,NC,ASO,ES,Combined TRACON& Tower with Radar,20,39,44,13,116,0,0,58,4,62,20,39,102,17,178,150,0,150,328
09/16/2016,AVL,NC,ASO,ES,Combined TRACON& Tower with Radar,24,36,52,12,124,0,0,20,14,34,24,36,72,26,158,26,8,34,192
09/17/2016,AVL,NC,ASO,ES,Combined TRACON& Tower with Radar,17,41,39,0,97,0,1,24,0,25,17,42,63,0,122,6,0,6,128
09/18/2016,AVL,NC,ASO,ES,Combined TRACON& Tower with Radar,21,41,44,5,111,0,0,6,5,11,21,41,50,10,122,6,0,6,128
09/19/2016,AVL,NC,ASO,ES,Combined TRACON& Tower with Radar,24,34,43,7,108,0,0,14,0,14,24,34,57,7,122,16,0,16,138
09/20/2016,AVL,NC,ASO,ES,Combined TRACON& Tower with Radar,15,42,33,23,113,0,0,56,0,56,15,42,89,23,169,36,6,42,211
09/21/2016,AVL,NC,ASO,ES,Combined TRACON& Tower with Radar,21,27,56,4,108,0,0,31,3,34,21,27,87,7,142,34,0,34,176
09/22/2016,AVL,NC,ASO,ES,Combined TRACON& Tower with Radar,20,33,45,18,116,0,0,37,0,37,20,33,82,18,153,118,10,128,281
09/23/2016,AVL,NC,ASO,ES,Combined TRACON& Tower with Radar,26,41,56,16,139,0,0,60,2,62,26,41,116,18,201,31,10,41,242
09/24/2016,AVL,NC,ASO,ES,Combined TRACON& Tower with Radar,23,29,46,0,98,0,0,85,0,85,23,29,131,0,183,68,0,68,251
09/25/2016,AVL,NC,ASO,ES,Combined TRACON& Tower with Radar,22,30,55,2,109,0,0,49,1,50,22,30,104,3,159,24,0,24,183
09/26/2016,AVL,NC,ASO,ES,Combined TRACON& Tower with Radar,22,30,21,3,76,0,0,20,1,21,22,30,41,4,97,38,0,38,135
09/27/2016,AVL,NC,ASO,ES,Combined TRACON& Tower with Radar,15,29,46,8,98,0,0,19,3,22,15,29,65,11,120,56,0,56,176
09/28/2016,AVL,NC,ASO,ES,Combined TRACON& Tower with Radar,21,34,56,0,111,0,0,15,1,16,21,34,71,1,127,34,0,34,161
09/29/2016,AVL,NC,ASO,ES,Combined TRACON& Tower with Radar,22,35,58,10,125,0,0,45,0,45,22,35,103,10,170,52,12,64,234
09/30/2016,AVL,NC,ASO,ES,Combined TRACON& Tower with Radar,24,43,71,2,140,0,0,61,2,63,24,43,132,4,203,48,0,48,251
10/01/2016,AVL,NC,ASO,ES,Combined TRACON& Tower with Radar,21,23,40,0,84,0,0,46,0,46,21,23,86,0,130,44,0,44,174
10/02/2016,AVL,NC,ASO,ES,Combined TRACON& Tower with Radar,27,43,64,0,134,0,0,60,0,60,27,43,124,0,194,40,0,40,234
10/03/2016,AVL,NC,ASO,ES,Combined TRACON& Tower with Radar,21,26,51,10,108,0,6,41,0,47,21,32,92,10,155,64,0,64,219
10/04/2016,AVL,NC,ASO,ES,Combined TRACON& Tower with Radar,17,26,47,8,98,0,1,32,1,34,17,27,79,9,132,104,20,124,256
10/05/2016,AVL,NC,ASO,ES,Combined TRACON& Tower with Radar,21,37,71,14,143,0,1,48,3,52,21,38,119,17,195,40,4,44,239
10/06/2016,AVL,NC,ASO,ES,Combined TRACON& Tower with Radar,27,32,70,2,131,0,0,38,0,38,27,32,108,2,169,72,0,72,241
10/07/2016,AVL,NC,ASO,ES,Combined TRACON& Tower with Radar,25,32,49,0,106,0,0,0,0,0,25,32,49,0,106,0,0,0,106
10/08/2016,AVL,NC,ASO,ES,Combined TRACON& Tower with Radar,23,29,15,0,67,0,1,0,0,1,23,30,15,0,68,0,0,0,68
10/09/2016,AVL,NC,ASO,ES,Combined TRACON& Tower with Radar,20,34,40,5,99,0,0,15,0,15,20,34,55,5,114,0,0,0,114
10/10/2016,AVL,NC,ASO,ES,Combined TRACON& Tower with Radar,29,29,41,0,99,0,0,63,0,63,29,29,104,0,162,48,0,48,210
10/11/2016,AVL,NC,ASO,ES,Combined TRACON& Tower with Radar,23,24,60,16,123,0,2,81,1,84,23,26,141,17,207,66,0,66,273
10/12/2016,AVL,NC,ASO,ES,Combined TRACON& Tower with Radar,27,32,60,12,131,0,0,50,1,51,27,32,110,13,182,20,10,30,212
10/13/2016,AVL,NC,ASO,ES,Combined TRACON& Tower with Radar,27,32,64,11,134,0,0,52,1,53,27,32,116,12,187,34,6,40,227
10/14/2016,AVL,NC,ASO,ES,Combined TRACON& Tower with Radar,28,38,84,15,165,0,1,35,5,41,28,39,119,20,206,4,0,4,210
10/15/2016,AVL,NC,ASO,ES,Combined TRACON& Tower with Radar,24,31,76,26,157,0,0,59,14,73,24,31,135,40,230,40,24,64,294
10/16/2016,AVL,NC,ASO,ES,Combined TRACON& Tower with Radar,18,44,86,15,163,0,0,58,9,67,18,44,144,24,230,92,34,126,356
10/17/2016,AVL,NC,ASO,ES,Combined TRACON& Tower with Radar,24,36,44,4,108,0,0,63,1,64,24,36,107,5,172,24,0,24,196
10/18/2016,AVL,NC,ASO,ES,Combined TRACON& Tower with Radar,19,34,45,4,102,0,1,48,4,53,19,35,93,8,155,14,4,18,173
10/19/2016,AVL,NC,ASO,ES,Combined TRACON& Tower with Radar,24,37,61,15,137,0,0,52,4,56,24,37,113,19,193,30,10,40,233
10/20/2016,AVL,NC,ASO,ES,Combined TRACON& Tower with Radar,22,41,62,20,145,0,0,39,1,40,22,41,101,21,185,32,8,40,225
10/21/2016,AVL,NC,ASO,ES,Combined TRACON& Tower with Radar,28,38,60,6,132,0,0,7,0,7,28,38,67,6,139,0,0,0,139
10/22/2016,AVL,NC,ASO,ES,Combined TRACON& Tower with Radar,19,30,34,9,92,0,2,14,2,18,19,32,48,11,110,8,0,8,118
10/23/2016,AVL,NC,ASO,ES,Combined TRACON& Tower with Radar,20,46,71,3,140,0,2,143,5,150,20,48,214,8,290,20,14,34,324
10/24/2016,AVL,NC,ASO,ES,Combined TRACON& Tower with Radar,25,31,43,3,102,0,0,58,2,60,25,31,101,5,162,66,0,66,228
10/25/2016,AVL,NC,ASO,ES,Combined TRACON& Tower with Radar,23,25,45,7,100,0,0,70,1,71,23,25,115,8,171,46,2,48,219
10/26/2016,AVL,NC,ASO,ES,Combined TRACON& Tower with Radar,22,28,38,10,98,0,0,60,3,63,22,28,98,13,161,30,4,34,195
10/27/2016,AVL,NC,ASO,ES,Combined TRACON& Tower with Radar,25,35,47,11,118,0,5,37,1,43,25,40,84,12,161,58,0,58,219
10/28/2016,AVL,NC,ASO,ES,Combined TRACON& Tower with Radar,23,40,81,10,154,0,2,41,2,45,23,42,122,12,199,30,10,40,239
10/29/2016,AVL,NC,ASO,ES,Combined TRACON& Tower with Radar,23,22,48,11,104,0,1,69,3,73,23,23,117,14,177,68,0,68,245
10/30/2016,AVL,NC,ASO,ES,Combined TRACON& Tower with Radar,19,37,68,8,132,0,0,63,5,68,19,37,131,13,200,20,0,20,220
10/31/2016,AVL,NC,ASO,ES,Combined TRACON& Tower with Radar,21,29,46,0,96,0,0,39,5,44,21,29,85,5,140,60,0,60,200
11/01/2016,AVL,NC,ASO,ES,Combined TRACON& Tower with Radar,20,37,52,13,122,0,0,24,2,26,20,37,76,15,148,90,4,94,242
11/02/2016,AVL,NC,ASO,ES,Combined TRACON& Tower with Radar,25,19,44,11,99,0,3,56,5,64,25,22,100,16,163,56,6,62,225
11/03/2016,AVL,NC,ASO,ES,Combined TRACON& Tower with Radar,23,26,53,5,107,0,0,45,8,53,23,26,98,13,160,52,0,52,212
11/04/2016,AVL,NC,ASO,ES,Combined TRACON& Tower with Radar,25,21,53,4,103,0,1,46,7,54,25,22,99,11,157,66,8,74,231
11/05/2016,AVL,NC,ASO,ES,Combined TRACON& Tower with Radar,21,14,43,5,83,0,0,58,2,60,21,14,101,7,143,20,0,20,163
11/06/2016,AVL,NC,ASO,ES,Combined TRACON& Tower with Radar,20,19,43,17,99,0,0,73,3,76,20,19,116,20,175,46,4,50,225
11/07/2016,AVL,NC,ASO,ES,Combined TRACON& Tower with Radar,24,15,23,11,73,0,2,50,2,54,24,17,73,13,127,62,0,62,189
11/08/2016,AVL,NC,ASO,ES,Combined TRACON& Tower with Radar,22,17,28,8,75,0,0,33,0,33,22,17,61,8,108,50,0,50,158
11/09/2016,AVL,NC,ASO,ES,Combined TRACON& Tower with Radar,24,20,36,3,83,0,1,19,3,23,24,21,55,6,106,0,2,2,108
11/10/2016,AVL,NC,ASO,ES,Combined TRACON& Tower with Radar,25,17,51,2,95,0,1,30,2,33,25,18,81,4,128,18,0,18,146
11/11/2016,AVL,NC,ASO,ES,Combined TRACON& Tower with Radar,27,17,61,2,107,0,1,50,2,53,27,18,111,4,160,22,0,22,182
11/12/2016,AVL,NC,ASO,ES,Combined TRACON& Tower with Radar,21,19,35,3,78,0,0,7,2,9,21,19,42,5,87,8,0,8,95
11/13/2016,AVL,NC,ASO,ES,Combined TRACON& Tower with Radar,26,23,67,1,117,0,0,10,10,20,26,23,77,11,137,10,0,10,147
11/14/2016,AVL,NC,ASO,ES,Combined TRACON& Tower with Radar,24,16,28,6,74,0,0,23,13,36,24,16,51,19,110,38,2,40,150
11/15/2016,AVL,NC,ASO,ES,Combined TRACON& Tower with Radar,24,17,50,19,110,0,0,34,5,39,24,17,84,24,149,0,0,0,149
11/16/2016,AVL,NC,ASO,ES,Combined TRACON& Tower with Radar,25,15,45,14,99,0,0,46,8,54,25,15,91,22,153,38,0,38,191
11/17/2016,AVL,NC,ASO,ES,Combined TRACON& Tower with Radar,25,21,30,11,87,0,0,58,10,68,25,21,88,21,155,56,0,56,211
11/18/2016,AVL,NC,ASO,ES,Combined TRACON& Tower with Radar,25,21,54,4,104,0,0,63,10,73,25,21,117,14,177,62,0,62,239
11/19/2016,AVL,NC,ASO,ES,Combined TRACON& Tower with Radar,22,17,21,0,60,0,0,7,3,10,22,17,28,3,70,0,0,0,70
11/20/2016,AVL,NC,ASO,ES,Combined TRACON& Tower with Radar,22,23,26,10,81,0,0,23,6,29,22,23,49,16,110,14,0,14,124
11/21/2016,AVL,NC,ASO,ES,Combined TRACON& Tower with Radar,26,22,40,2,90,0,1,54,2,57,26,23,94,4,147,42,0,42,189
11/22/2016,AVL,NC,ASO,ES,Combined TRACON& Tower with Radar,25,21,59,9,114,0,0,24,1,25,25,21,83,10,139,48,0,48,187
11/23/2016,AVL,NC,ASO,ES,Combined TRACON& Tower with Radar,29,22,57,6,114,0,0,10,0,10,29,22,67,6,124,0,0,0,124
11/24/2016,AVL,NC,ASO,ES,Combined TRACON& Tower with Radar,17,10,21,0,48,0,0,21,0,21,17,10,42,0,69,0,0,0,69
11/25/2016,AVL,NC,ASO,ES,Combined TRACON& Tower with Radar,24,17,31,0,72,0,0,38,0,38,24,17,69,0,110,68,12,80,190
11/26/2016,AVL,NC,ASO,ES,Combined TRACON& Tower with Radar,26,26,38,0,90,0,1,20,0,21,26,27,58,0,111,6,0,6,117
11/27/2016,AVL,NC,ASO,ES,Combined TRACON& Tower with Radar,25,30,72,0,127,0,0,25,0,25,25,30,97,0,152,18,0,18,170
11/28/2016,AVL,NC,ASO,ES,Combined TRACON& Tower with Radar,26,25,38,2,91,0,0,8,0,8,26,25,46,2,99,16,0,16,115
11/29/2016,AVL,NC,ASO,ES,Combined TRACON& Tower with Radar,27,17,18,0,62,0,0,15,0,15,27,17,33,0,77,0,0,0,77
11/30/2016,AVL,NC,ASO,ES,Combined TRACON& Tower with Radar,20,13,8,0,41,0,0,1,1,2,20,13,9,1,43,0,0,0,43
12/01/2016,AVL,NC,ASO,ES,Combined TRACON& Tower with Radar,25,20,34,2,81,0,0,46,0,46,25,20,80,2,127,96,14,110,237
12/02/2016,AVL,NC,ASO,ES,Combined TRACON& Tower with Radar,24,18,32,3,77,0,0,47,1,48,24,18,79,4,125,64,0,64,189
12/03/2016,AVL,NC,ASO,ES,Combined TRACON& Tower with Radar,19,12,37,0,68,0,0,52,0,52,19,12,89,0,120,30,0,30,150
12/04/2016,AVL,NC,ASO,ES,Combined TRACON& Tower with Radar,21,20,27,0,68,0,0,0,0,0,21,20,27,0,68,0,0,0,68
12/05/2016,AVL,NC,ASO,ES,Combined TRACON& Tower with Radar,24,18,39,3,84,0,3,19,1,23,24,21,58,4,107,66,2,68,175
12/06/2016,AVL,NC,ASO,ES,Combined TRACON& Tower with Radar,23,18,24,4,69,0,0,0,0,0,23,18,24,4,69,0,0,0,69
12/07/2016,AVL,NC,ASO,ES,Combined TRACON& Tower with Radar,19,23,26,10,78,0,0,57,1,58,19,23,83,11,136,124,2,126,262
12/08/2016,AVL,NC,ASO,ES,Combined TRACON& Tower with Radar,24,24,16,4,68,0,0,9,1,10,24,24,25,5,78,0,0,0,78
12/09/2016,AVL,NC,ASO,ES,Combined TRACON& Tower with Radar,24,25,33,14,96,0,4,41,5,50,24,29,74,19,146,42,0,42,188
12/10/2016,AVL,NC,ASO,ES,Combined TRACON& Tower with Radar,16,17,20,9,62,0,0,45,1,46,16,17,65,10,108,84,8,92,200
12/11/2016,AVL,NC,ASO,ES,Combined TRACON& Tower with Radar,22,20,29,2,73,0,0,22,1,23,22,20,51,3,96,18,0,18,114
12/12/2016,AVL,NC,ASO,ES,Combined TRACON& Tower with Radar,23,13,29,1,66,0,0,3,3,6,23,13,32,4,72,24,0,24,96
12/13/2016,AVL,NC,ASO,ES,Combined TRACON& Tower with Radar,22,20,32,4,78,0,0,3,0,3,22,20,35,4,81,12,0,12,93
12/14/2016,AVL,NC,ASO,ES,Combined TRACON& Tower with Radar,16,14,31,7,68,0,0,28,4,32,16,14,59,11,100,46,2,48,148
12/15/2016,AVL,NC,ASO,ES,Combined TRACON& Tower with Radar,21,14,25,11,71,0,0,20,0,20,21,14,45,11,91,0,0,0,91
12/16/2016,AVL,NC,ASO,ES,Combined TRACON& Tower with Radar,24,23,31,5,83,0,1,52,1,54,24,24,83,6,137,35,0,35,172
12/17/2016,AVL,NC,ASO,ES,Combined TRACON& Tower with Radar,12,19,11,4,46,0,0,1,0,1,12,19,12,4,47,0,0,0,47
12/18/2016,AVL,NC,ASO,ES,Combined TRACON& Tower with Radar,17,26,14,1,58,0,0,0,0,0,17,26,14,1,58,0,0,0,58
12/19/2016,AVL,NC,ASO,ES,Combined TRACON& Tower with Radar,20,23,30,4,77,0,0,14,0,14,20,23,44,4,91,120,8,128,219
12/20/2016,AVL,NC,ASO,ES,Combined TRACON& Tower with Radar,18,21,36,10,85,0,4,30,2,36,18,25,66,12,121,40,12,52,173
12/21/2016,AVL,NC,ASO,ES,Combined TRACON& Tower with Radar,18,25,34,19,96,0,0,62,1,63,18,25,96,20,159,36,12,48,207
12/22/2016,AVL,NC,ASO,ES,Combined TRACON& Tower with Radar,18,24,27,5,74,0,5,38,1,44,18,29,65,6,118,30,0,30,148
12/23/2016,AVL,NC,ASO,ES,Combined TRACON& Tower with Radar,19,27,32,0,78,0,0,74,0,74,19,27,106,0,152,58,0,58,210
12/24/2016,AVL,NC,ASO,ES,Combined TRACON& Tower with Radar,15,15,15,0,45,0,0,16,0,16,15,15,31,0,61,40,0,40,101
12/25/2016,AVL,NC,ASO,ES,Combined TRACON& Tower with Radar,18,16,5,0,39,0,0,2,0,2,18,16,7,0,41,0,0,0,41
12/26/2016,AVL,NC,ASO,ES,Combined TRACON& Tower with Radar,19,25,39,0,83,0,0,0,0,0,19,25,39,0,83,0,0,0,83
12/27/2016,AVL,NC,ASO,ES,Combined TRACON& Tower with Radar,19,22,35,14,90,0,0,15,2,17,19,22,50,16,107,26,16,42,149
12/28/2016,AVL,NC,ASO,ES,Combined TRACON& Tower with Radar,20,18,46,2,86,0,3,104,2,109,20,21,150,4,195,46,0,46,241
12/29/2016,AVL,NC,ASO,ES,Combined TRACON& Tower with Radar,19,29,14,6,68,0,0,9,2,11,19,29,23,8,79,0,2,2,81
12/30/2016,AVL,NC,ASO,ES,Combined TRACON& Tower with Radar,23,26,14,0,63,0,0,23,0,23,23,26,37,0,86,42,0,42,128
12/31/2016,AVL,NC,ASO,ES,Combined TRACON& Tower with Radar,13,19,12,0,44,0,0,31,0,31,13,19,43,0,75,52,0,52,127
01/01/2017,AVL,NC,ASO,ES,Combined TRACON& Tower with Radar,12,21,25,0,58,0,0,1,0,1,12,21,26,0,59,0,0,0,59
01/02/2017,AVL,NC,ASO,ES,Combined TRACON& Tower with Radar,13,22,24,0,59,0,0,0,0,0,13,22,24,0,59,0,0,0,59
01/03/2017,AVL,NC,ASO,ES,Combined TRACON& Tower with Radar,18,24,32,2,76,0,0,7,0,7,18,24,39,2,83,44,0,44,127
01/04/2017,AVL,NC,ASO,ES,Combined TRACON& Tower with Radar,12,16,18,14,60,0,2,25,3,30,12,18,43,17,90,22,2,24,114
01/05/2017,AVL,NC,ASO,ES,Combined TRACON& Tower with Radar,18,21,27,1,67,0,0,36,0,36,18,21,63,1,103,82,0,82,185
01/06/2017,AVL,NC,ASO,ES,Combined TRACON& Tower with Radar,9,12,18,0,39,0,1,4,0,5,9,13,22,0,44,26,0,26,70
01/07/2017,AVL,NC,ASO,ES,Combined TRACON& Tower with Radar,7,3,7,0,17,0,1,15,11,27,7,4,22,11,44,12,6,18,62
01/08/2017,AVL,NC,ASO,ES,Combined TRACON& Tower with Radar,20,10,16,0,46,0,0,6,0,6,20,10,22,0,52,0,0,0,52
01/09/2017,AVL,NC,ASO,ES,Combined TRACON& Tower with Radar,19,16,27,5,67,0,1,27,2,30,19,17,54,7,97,8,2,10,107
01/10/2017,AVL,NC,ASO,ES,Combined TRACON& Tower with Radar,22,17,9,5,53,0,2,25,1,28,22,19,34,6,81,44,0,44,125
01/11/2017,AVL,NC,ASO,ES,Combined TRACON& Tower with Radar,15,14,31,4,64,0,0,14,1,15,15,14,45,5,79,34,0,34,113
01/12/2017,AVL,NC,ASO,ES,Combined TRACON& Tower with Radar,22,18,37,7,84,0,4,31,3,38,22,22,68,10,122,32,0,32,154
01/13/2017,AVL,NC,ASO,ES,Combined TRACON& Tower with Radar,20,13,44,3,80,0,0,46,3,49,20,13,90,6,129,32,0,32,161
01/14/2017,AVL,NC,ASO,ES,Combined TRACON& Tower with Radar,11,28,14,0,53,0,0,3,0,3,11,28,17,0,56,0,0,0,56
01/15/2017,AVL,NC,ASO,ES,Combined TRACON& Tower with Radar,18,14,22,1,55,0,3,15,3,21,18,17,37,4,76,0,0,0,76
01/16/2017,AVL,NC,ASO,ES,Combined TRACON& Tower with Radar,20,11,38,0,69,0,0,6,0,6,20,11,44,0,75,8,0,8,83
01/17/2017,AVL,NC,ASO,ES,Combined TRACON& Tower with Radar,21,19,30,5,75,0,1,14,0,15,21,20,44,5,90,58,0,58,148
01/18/2017,AVL,NC,ASO,ES,Combined TRACON& Tower with Radar,15,20,42,7,84,0,0,44,3,47,15,20,86,10,131,51,4,55,186
01/19/2017,AVL,NC,ASO,ES,Combined TRACON& Tower with Radar,21,17,39,0,77,0,0,55,2,57,21,17,94,2,134,94,0,94,228
01/20/2017,AVL,NC,ASO,ES,Combined TRACON& Tower with Radar,21,14,28,8,71,0,1,20,5,26,21,15,48,13,97,104,2,106,203
01/21/2017,AVL,NC,ASO,ES,Combined TRACON& Tower with Radar,14,12,6,7,39,0,0,0,0,0,14,12,6,7,39,0,0,0,39
01/22/2017,AVL,NC,ASO,ES,Combined TRACON& Tower with Radar,13,12,8,9,42,0,0,0,0,0,13,12,8,9,42,0,0,0,42
01/23/2017,AVL,NC,ASO,ES,Combined TRACON& Tower with Radar,20,9,26,0,55,0,0,0,0,0,20,9,26,0,55,0,0,0,55
01/24/2017,AVL,NC,ASO,ES,Combined TRACON& Tower with Radar,19,12,14,5,50,0,0,19,5,24,19,12,33,10,74,10,20,30,104
01/25/2017,AVL,NC,ASO,ES,Combined TRACON& Tower with Radar,17,16,32,12,77,0,0,75,7,82,17,16,107,19,159,74,12,86,245
01/26/2017,AVL,NC,ASO,ES,Combined TRACON& Tower with Radar,22,20,32,6,80,0,0,19,2,21,22,20,51,8,101,26,0,26,127
01/27/2017,AVL,NC,ASO,ES,Combined TRACON& Tower with Radar,22,16,26,16,80,0,0,53,3,56,22,16,79,19,136,88,0,88,224
01/28/2017,AVL,NC,ASO,ES,Combined TRACON& Tower with Radar,15,10,32,23,80,0,0,40,9,49,15,10,72,32,129,64,28,92,221
01/29/2017,AVL,NC,ASO,ES,Combined TRACON& Tower with Radar,18,14,18,10,60,0,2,12,4,18,18,16,30,14,78,18,4,22,100
01/30/2017,AVL,NC,ASO,ES,Combined TRACON& Tower with Radar,18,14,28,2,62,0,2,22,1,25,18,16,50,3,87,36,0,36,123
01/31/2017,AVL,NC,ASO,ES,Combined TRACON& Tower with Radar,19,13,29,0,61,0,7,45,3,55,19,20,74,3,116,20,0,20,136
02/01/2017,AVL,NC,ASO,ES,Combined TRACON& Tower with Radar,16,12,30,3,61,0,0,32,0,32,16,12,62,3,93,36,0,36,129
02/02/2017,AVL,NC,ASO,ES,Combined TRACON& Tower with Radar,22,14,38,19,93,0,0,27,3,30,22,14,65,22,123,72,8,80,203
02/03/2017,AVL,NC,ASO,ES,Combined TRACON& Tower with Radar,20,14,42,0,76,0,0,10,0,10,20,14,52,0,86,40,0,40,126
02/04/2017,AVL,NC,ASO,ES,Combined TRACON& Tower with Radar,12,19,21,14,66,0,4,96,2,102,12,23,117,16,168,134,16,150,318
02/05/2017,AVL,NC,ASO,ES,Combined TRACON& Tower with Radar,15,11,16,2,44,0,0,23,0,23,15,11,39,2,67,50,0,50,117
02/06/2017,AVL,NC,ASO,ES,Combined TRACON& Tower with Radar,21,21,33,2,77,0,0,31,4,35,21,21,64,6,112,96,0,96,208
02/07/2017,AVL,NC,ASO,ES,Combined TRACON& Tower with Radar,21,17,26,6,70,0,2,13,1,16,21,19,39,7,86,2,0,2,88
02/08/2017,AVL,NC,ASO,ES,Combined TRACON& Tower with Radar,13,15,34,3,65,0,0,29,0,29,13,15,63,3,94,130,2,132,226
02/09/2017,AVL,NC,ASO,ES,Combined TRACON& Tower with Radar,19,16,10,0,45,0,0,9,0,9,19,16,19,0,54,0,0,0,54
02/10/2017,AVL,NC,ASO,ES,Combined TRACON& Tower with Radar,22,16,37,10,85,0,0,87,1,88,22,16,124,11,173,156,2,158,331
02/11/2017,AVL,NC,ASO,ES,Combined TRACON& Tower with Radar,16,10,21,27,74,0,0,25,0,25,16,10,46,27,99,16,26,42,141
02/12/2017,AVL,NC,ASO,ES,Combined TRACON& Tower with Radar,23,13,34,10,80,0,0,19,3,22,23,13,53,13,102,0,8,8,110
02/13/2017,AVL,NC,ASO,ES,Combined TRACON& Tower with Radar,20,11,22,4,57,0,1,24,1,26,20,12,46,5,83,0,2,2,85
02/14/2017,AVL,NC,ASO,ES,Combined TRACON& Tower with Radar,20,15,28,0,63,0,0,57,1,58,20,15,85,1,121,66,0,66,187
02/15/2017,AVL,NC,ASO,ES,Combined TRACON& Tower with Radar,19,12,27,3,61,0,0,3,1,4,19,12,30,4,65,0,0,0,65
02/16/2017,AVL,NC,ASO,ES,Combined TRACON& Tower with Radar,27,20,54,10,111,0,0,26,0,26,27,20,80,10,137,28,6,34,171
02/17/2017,AVL,NC,ASO,ES,Combined TRACON& Tower with Radar,20,16,41,4,81,0,0,66,0,66,20,16,107,4,147,112,6,118,265
02/18/2017,AVL,NC,ASO,ES,Combined TRACON& Tower with Radar,19,13,17,0,49,0,0,44,0,44,19,13,61,0,93,62,0,62,155
02/19/2017,AVL,NC,ASO,ES,Combined TRACON& Tower with Radar,22,17,36,9,84,0,0,25,1,26,22,17,61,10,110,10,0,10,120
02/20/2017,AVL,NC,ASO,ES,Combined TRACON& Tower with Radar,18,17,39,4,78,0,1,83,2,86,18,18,122,6,164,56,0,56,220
02/21/2017,AVL,NC,ASO,ES,Combined TRACON& Tower with Radar,21,15,32,0,68,0,0,36,0,36,21,15,68,0,104,28,0,28,132
02/22/2017,AVL,NC,ASO,ES,Combined TRACON& Tower with Radar,16,13,26,0,55,0,0,1,0,1,16,13,27,0,56,0,0,0,56
02/23/2017,AVL,NC,ASO,ES,Combined TRACON& Tower with Radar,19,27,31,4,81,0,0,50,0,50,19,27,81,4,131,94,4,98,229
02/24/2017,AVL,NC,ASO,ES,Combined TRACON& Tower with Radar,21,14,28,3,66,0,0,48,2,50,21,14,76,5,116,84,0,84,200
02/25/2017,AVL,NC,ASO,ES,Combined TRACON& Tower with Radar,17,16,23,2,58,0,4,14,4,22,17,20,37,6,80,22,0,22,102
02/26/2017,AVL,NC,ASO,ES,Combined TRACON& Tower with Radar,20,17,28,1,66,0,0,56,0,56,20,17,84,1,122,40,0,40,162
02/27/2017,AVL,NC,ASO,ES,Combined TRACON& Tower with Radar,23,18,33,0,74,0,0,28,0,28,23,18,61,0,102,62,0,62,164
02/28/2017,AVL,NC,ASO,ES,Combined TRACON& Tower with Radar,22,15,30,2,69,0,0,29,1,30,22,15,59,3,99,18,0,18,117
03/01/2017,AVL,NC,ASO,ES,Combined TRACON& Tower with Radar,17,20,23,4,64,0,2,3,1,6,17,22,26,5,70,0,4,4,74
03/02/2017,AVL,NC,ASO,ES,Combined TRACON& Tower with Radar,21,20,23,14,78,0,6,22,0,28,21,26,45,14,106,0,0,0,106
03/03/2017,AVL,NC,ASO,ES,Combined TRACON& Tower with Radar,22,24,31,6,83,0,1,20,2,23,22,25,51,8,106,8,6,14,120
03/04/2017,AVL,NC,ASO,ES,Combined TRACON& Tower with Radar,21,15,26,10,72,0,0,87,0,87,21,15,113,10,159,74,6,80,239
03/05/2017,AVL,NC,ASO,ES,Combined TRACON& Tower with Radar,22,26,30,9,87,0,0,59,2,61,22,26,89,11,148,52,2,54,202
03/06/2017,AVL,NC,ASO,ES,Combined TRACON& Tower with Radar,20,18,32,1,71,0,1,3,0,4,20,19,35,1,75,38,0,38,113
03/07/2017,AVL,NC,ASO,ES,Combined TRACON& Tower with Radar,19,20,22,2,63,0,2,1,0,3,19,22,23,2,66,0,0,0,66
03/08/2017,AVL,NC,ASO,ES,Combined TRACON& Tower with Radar,16,12,35,5,68,0,0,51,1,52,16,12,86,6,120,108,0,108,228
03/09/2017,AVL,NC,ASO,ES,Combined TRACON& Tower with Radar,24,19,35,2,80,0,1,79,8,88,24,20,114,10,168,72,2,74,242
03/10/2017,AVL,NC,ASO,ES,Combined TRACON& Tower with Radar,21,23,27,1,72,0,0,9,2,11,21,23,36,3,83,0,0,0,83
03/11/2017,AVL,NC,ASO,ES,Combined TRACON& Tower with Radar,13,21,17,0,51,0,1,26,0,27,13,22,43,0,78,6,0,6,84
03/12/2017,AVL,NC,ASO,ES,Combined TRACON& Tower with Radar,22,23,20,2,67,1,2,10,3,16,23,25,30,5,83,28,4,32,115
03/13/2017,AVL,NC,ASO,ES,Combined TRACON& Tower with Radar,20,19,22,10,71,0,0,13,0,13,20,19,35,10,84,56,8,64,148
03/14/2017,AVL,NC,ASO,ES,Combined TRACON& Tower with Radar,21,17,14,4,56,0,0,4,0,4,21,17,18,4,60,0,0,0,60
03/15/2017,AVL,NC,ASO,ES,Combined TRACON& Tower with Radar,18,19,24,1,62,0,0,7,1,8,18,19,31,2,70,0,0,0,70
03/16/2017,AVL,NC,ASO,ES,Combined TRACON& Tower with Radar,24,21,38,5,88,0,0,45,3,48,24,21,83,8,136,155,0,155,291
03/17/2017,AVL,NC,ASO,ES,Combined TRACON& Tower with Radar,22,19,37,0,78,0,0,43,0,43,22,19,80,0,121,100,0,100,221
03/18/2017,AVL,NC,ASO,ES,Combined TRACON& Tower with Radar,16,18,13,6,53,0,0,5,0,5,16,18,18,6,58,38,0,38,96
03/19/2017,AVL,NC,ASO,ES,Combined TRACON& Tower with Radar,22,20,30,3,75,0,0,19,3,22,22,20,49,6,97,0,0,0,97
03/20/2017,AVL,NC,ASO,ES,Combined TRACON& Tower with Radar,22,17,28,1,68,0,0,66,0,66,22,17,94,1,134,80,0,80,214
03/21/2017,AVL,NC,ASO,ES,Combined TRACON& Tower with Radar,21,24,59,6,110,0,0,31,3,34,21,24,90,9,144,80,16,96,240
03/22/2017,AVL,NC,ASO,ES,Combined TRACON& Tower with Radar,18,26,43,3,90,0,1,40,4,45,18,27,83,7,135,20,2,22,157
03/23/2017,AVL,NC,ASO,ES,Combined TRACON& Tower with Radar,23,19,45,7,94,0,0,63,5,68,23,19,108,12,162,94,12,106,268
03/24/2017,AVL,NC,ASO,ES,Combined TRACON& Tower with Radar,24,16,33,10,83,0,1,38,3,42,24,17,71,13,125,108,0,108,233
03/25/2017,AVL,NC,ASO,ES,Combined TRACON& Tower with Radar,17,17,28,7,69,0,1,37,1,39,17,18,65,8,108,150,0,150,258
03/26/2017,AVL,NC,ASO,ES,Combined TRACON& Tower with Radar,21,23,28,0,72,0,0,3,1,4,21,23,31,1,76,10,0,10,86
03/27/2017,AVL,NC,ASO,ES,Combined TRACON& Tower with Radar,21,20,29,2,72,0,0,14,2,16,21,20,43,4,88,44,0,44,132
03/28/2017,AVL,NC,ASO,ES,Combined TRACON& Tower with Radar,23,20,25,0,68,0,0,19,1,20,23,20,44,1,88,24,2,26,114
03/29/2017,AVL,NC,ASO,ES,Combined TRACON& Tower with Radar,17,29,40,6,92,0,0,69,0,69,17,29,109,6,161,145,6,151,312
03/30/2017,AVL,NC,ASO,ES,Combined TRACON& Tower with Radar,23,20,19,4,66,0,0,0,0,0,23,20,19,4,66,0,0,0,66
03/31/2017,AVL,NC,ASO,ES,Combined TRACON& Tower with Radar,22,22,37,1,82,0,0,13,5,18,22,22,50,6,100,20,0,20,120
04/01/2017,AVL,NC,ASO,ES,Combined TRACON& Tower with Radar,19,20,25,10,74,0,0,32,4,36,19,20,57,14,110,66,4,70,180
04/02/2017,AVL,NC,ASO,ES,Combined TRACON& Tower with Radar,24,15,44,3,86,0,1,78,7,86,24,16,122,10,172,50,18,68,240
04/03/2017,AVL,NC,ASO,ES,Combined TRACON& Tower with Radar,16,18,17,0,51,0,0,1,0,1,16,18,18,0,52,0,0,0,52
04/04/2017,AVL,NC,ASO,ES,Combined TRACON& Tower with Radar,23,26,37,4,90,0,4,62,2,68,23,30,99,6,158,180,0,180,338
04/05/2017,AVL,NC,ASO,ES,Combined TRACON& Tower with Radar,8,21,17,1,47,0,1,9,0,10,8,22,26,1,57,0,0,0,57
04/06/2017,AVL,NC,ASO,ES,Combined TRACON& Tower with Radar,16,21,25,0,62,0,0,6,0,6,16,21,31,0,68,0,0,0,68
04/07/2017,AVL,NC,ASO,ES,Combined TRACON& Tower with Radar,17,29,29,4,79,0,2,11,4,17,17,31,40,8,96,0,0,0,96
04/08/2017,AVL,NC,ASO,ES,Combined TRACON& Tower with Radar,13,27,20,2,62,0,0,49,0,49,13,27,69,2,111,82,0,82,193
04/09/2017,AVL,NC,ASO,ES,Combined TRACON& Tower with Radar,21,22,39,1,83,0,0,52,2,54,21,22,91,3,137,58,0,58,195
04/10/2017,AVL,NC,ASO,ES,Combined TRACON& Tower with Radar,19,32,33,14,98,0,1,57,5,63,19,33,90,19,161,62,8,70,231
04/11/2017,AVL,NC,ASO,ES,Combined TRACON& Tower with Radar,21,27,30,7,85,0,2,60,6,68,21,29,90,13,153,15,1,16,169
04/12/2017,AVL,NC,ASO,ES,Combined TRACON& Tower with Radar,17,30,25,8,80,0,0,33,1,34,17,30,58,9,114,14,0,14,128
04/13/2017,AVL,NC,ASO,ES,Combined TRACON& Tower with Radar,21,41,53,6,121,0,3,69,8,80,21,44,122,14,201,22,8,30,231
04/14/2017,AVL,NC,ASO,ES,Combined TRACON& Tower with Radar,22,32,26,0,80,0,0,35,2,37,22,32,61,2,117,18,0,18,135
04/15/2017,AVL,NC,ASO,ES,Combined TRACON& Tower with Radar,14,23,29,0,66,0,0,41,1,42,14,23,70,1,108,18,0,18,126
04/16/2017,AVL,NC,ASO,ES,Combined TRACON& Tower with Radar,22,24,18,0,64,0,2,22,1,25,22,26,40,1,89,8,0,8,97
04/17/2017,AVL,NC,ASO,ES,Combined TRACON& Tower with Radar,22,34,44,4,104,0,0,28,2,30,22,34,72,6,134,28,12,40,174
04/18/2017,AVL,NC,ASO,ES,Combined TRACON& Tower with Radar,22,31,38,4,95,0,0,4,0,4,22,31,42,4,99,0,0,0,99
04/19/2017,AVL,NC,ASO,ES,Combined TRACON& Tower with Radar,14,27,21,2,64,0,0,0,0,0,14,27,21,2,64,0,0,0,64
04/20/2017,AVL,NC,ASO,ES,Combined TRACON& Tower with Radar,18,28,40,4,90,0,3,11,0,14,18,31,51,4,104,0,0,0,104
04/21/2017,AVL,NC,ASO,ES,Combined TRACON& Tower with Radar,21,23,38,3,85,0,0,22,7,29,21,23,60,10,114,28,0,28,142
04/22/2017,AVL,NC,ASO,ES,Combined TRACON& Tower with Radar,14,25,22,1,62,0,1,23,11,35,14,26,45,12,97,26,0,26,123
04/23/2017,AVL,NC,ASO,ES,Combined TRACON& Tower with Radar,23,20,11,0,54,0,0,2,0,2,23,20,13,0,56,0,0,0,56
04/24/2017,AVL,NC,ASO,ES,Combined TRACON& Tower with Radar,21,30,33,4,88,0,0,0,0,0,21,30,33,4,88,0,0,0,88
04/25/2017,AVL,NC,ASO,ES,Combined TRACON& Tower with Radar,19,35,64,4,122,0,2,15,4,21,19,37,79,8,143,26,0,26,169
04/26/2017,AVL,NC,ASO,ES,Combined TRACON& Tower with Radar,15,28,61,14,118,0,0,62,6,68,15,28,123,20,186,20,4,24,210
04/27/2017,AVL,NC,ASO,ES,Combined TRACON& Tower with Radar,22,20,37,0,79,0,0,9,0,9,22,20,46,0,88,8,0,8,96
04/28/2017,AVL,NC,ASO,ES,Combined TRACON& Tower with Radar,20,32,65,13,130,0,6,37,5,48,20,38,102,18,178,26,8,34,212
04/29/2017,AVL,NC,ASO,ES,Combined TRACON& Tower with Radar,12,33,17,19,81,0,0,41,17,58,12,33,58,36,139,40,34,74,213
04/30/2017,AVL,NC,ASO,ES,Combined TRACON& Tower with Radar,21,32,37,7,97,0,0,11,4,15,21,32,48,11,112,18,4,22,134
05/01/2017,AVL,NC,ASO,ES,Combined TRACON& Tower with Radar,17,29,19,1,66,0,0,1,0,1,17,29,20,1,67,0,0,0,67
05/02/2017,AVL,NC,ASO,ES,Combined TRACON& Tower with Radar,17,26,29,10,82,0,0,33,1,34,17,26,62,11,116,52,2,54,170
05/03/2017,AVL,NC,ASO,ES,Combined TRACON& Tower with Radar,15,29,42,19,105,0,2,65,8,75,15,31,107,27,180,60,22,82,262
05/04/2017,AVL,NC,ASO,ES,Combined TRACON& Tower with Radar,19,27,28,4,78,0,3,2,0,5,19,30,30,4,83,0,0,0,83
05/05/2017,AVL,NC,ASO,ES,Combined TRACON& Tower with Radar,18,21,52,18,109,0,0,15,4,19,18,21,67,22,128,8,10,18,146
05/06/2017,AVL,NC,ASO,ES,Combined TRACON& Tower with Radar,12,25,20,0,57,0,0,8,2,10,12,25,28,2,67,6,0,6,73
05/07/2017,AVL,NC,ASO,ES,Combined TRACON& Tower with Radar,18,39,52,9,118,0,0,38,7,45,18,39,90,16,163,58,2,60,223
05/08/2017,AVL,NC,ASO,ES,Combined TRACON& Tower with Radar,18,22,37,0,77,0,0,52,4,56,18,22,89,4,133,2,0,2,135
05/09/2017,AVL,NC,ASO,ES,Combined TRACON& Tower with Radar,16,23,39,6,84,0,0,31,1,32,16,23,70,7,116,24,20,44,160
05/10/2017,AVL,NC,ASO,ES,Combined TRACON& Tower with Radar,14,25,57,3,99,0,0,84,3,87,14,25,141,6,186,92,6,98,284
05/11/2017,AVL,NC,ASO,ES,Combined TRACON& Tower with Radar,17,27,55,4,103,0,0,49,8,57,17,27,104,12,160,117,0,117,277
05/12/2017,AVL,NC,ASO,ES,Combined TRACON& Tower with Radar,21,40,43,8,112,0,0,0,1,1,21,40,43,9,113,14,14,28,141
05/13/2017,AVL,NC,ASO,ES,Combined TRACON& Tower with Radar,19,34,35,7,95,0,0,9,4,13,19,34,44,11,108,0,18,18,126
05/14/2017,AVL,NC,ASO,ES,Combined TRACON& Tower with Radar,16,33,41,2,92,0,0,40,5,45,16,33,81,7,137,14,0,14,151
05/15/2017,AVL,NC,ASO,ES,Combined TRACON& Tower with Radar,18,31,54,10,113,0,0,62,4,66,18,31,116,14,179,38,0,38,217
05/16/2017,AVL,NC,ASO,ES,Combined TRACON& Tower with Radar,16,35,62,2,115,0,1,67,1,69,16,36,129,3,184,44,10,54,238
05/17/2017,AVL,NC,ASO,ES,Combined TRACON& Tower with Radar,18,38,50,6,112,0,11,50,0,61,18,49,100,6,173,104,0,104,277
05/18/2017,AVL,NC,ASO,ES,Combined TRACON& Tower with Radar,18,39,64,6,127,0,1,36,1,38,18,40,100,7,165,64,6,70,235
05/19/2017,AVL,NC,ASO,ES,Combined TRACON& Tower with Radar,19,45,55,18,137,0,0,37,1,38,19,45,92,19,175,34,4,38,213
05/20/2017,AVL,NC,ASO,ES,Combined TRACON& Tower with Radar,20,28,33,5,86,0,2,49,8,59,20,30,82,13,145,92,18,110,255
05/21/2017,AVL,NC,ASO,ES,Combined TRACON& Tower with Radar,18,51,41,17,127,0,1,1,0,2,18,52,42,17,129,0,0,0,129
05/22/2017,AVL,NC,ASO,ES,Combined TRACON& Tower with Radar,20,28,39,1,88,0,0,0,0,0,20,28,39,1,88,10,0,10,98
05/23/2017,AVL,NC,ASO,ES,Combined TRACON& Tower with Radar,19,18,17,0,54,0,0,0,0,0,19,18,17,0,54,0,0,0,54
05/24/2017,AVL,NC,ASO,ES,Combined TRACON& Tower with Radar,24,45,22,0,91,0,0,2,0,2,24,45,24,0,93,0,0,0,93
05/25/2017,AVL,NC,ASO,ES,Combined TRACON& Tower with Radar,20,41,56,8,125,0,5,30,2,37,20,46,86,10,162,34,4,38,200
05/26/2017,AVL,NC,ASO,ES,Combined TRACON& Tower with Radar,21,36,84,9,150,0,1,91,7,99,21,37,175,16,249,68,12,80,329
05/27/2017,AVL,NC,ASO,ES,Combined TRACON& Tower with Radar,19,26,30,0,75,0,1,44,2,47,19,27,74,2,122,120,2,122,244
05/28/2017,AVL,NC,ASO,ES,Combined TRACON& Tower with Radar,20,24,21,0,65,0,0,18,0,18,20,24,39,0,83,88,1,89,172
05/29/2017,AVL,NC,ASO,ES,Combined TRACON& Tower with Radar,26,25,61,0,112,0,2,36,1,39,26,27,97,1,151,50,0,50,201
05/30/2017,AVL,NC,ASO,ES,Combined TRACON& Tower with Radar,22,29,50,4,105,0,0,32,4,36,22,29,82,8,141,54,14,68,209
05/31/2017,AVL,NC,ASO,ES,Combined TRACON& Tower with Radar,24,36,43,6,109,0,1,52,6,59,24,37,95,12,168,68,18,86,254
06/01/2017,AVL,NC,ASO,ES,Combined TRACON& Tower with Radar,21,25,69,23,138,0,0,65,4,69,21,25,134,27,207,96,2,98,305
06/02/2017,AVL,NC,ASO,ES,Combined TRACON& Tower with Radar,23,28,66,31,148,0,0,75,4,79,23,28,141,35,227,104,18,122,349
06/03/2017,AVL,NC,ASO,ES,Combined TRACON& Tower with Radar,25,33,47,8,113,0,1,51,5,57,25,34,98,13,170,34,28,62,232
06/04/2017,AVL,NC,ASO,ES,Combined TRACON& Tower with Radar,24,42,60,4,130,0,0,15,0,15,24,42,75,4,145,12,0,12,157
06/05/2017,AVL,NC,ASO,ES,Combined TRACON& Tower with Radar,25,36,47,3,111,0,0,6,4,10,25,36,53,7,121,24,0,24,145
06/06/2017,AVL,NC,ASO,ES,Combined TRACON& Tower with Radar,28,19,42,6,95,0,0,25,6,31,28,19,67,12,126,78,8,86,212
06/07/2017,AVL,NC,ASO,ES,Combined TRACON& Tower with Radar,25,22,43,4,94,0,0,62,10,72,25,22,105,14,166,44,12,56,222
06/08/2017,AVL,NC,ASO,ES,Combined TRACON& Tower with Radar,25,41,47,5,118,0,0,17,20,37,25,41,64,25,155,62,0,62,217
06/09/2017,AVL,NC,ASO,ES,Combined TRACON& Tower with Radar,27,37,63,23,150,0,3,48,17,68,27,40,111,40,218,64,32,96,314
06/10/2017,AVL,NC,ASO,ES,Combined TRACON& Tower with Radar,23,23,37,6,89,0,2,66,8,76,23,25,103,14,165,22,0,22,187
06/11/2017,AVL,NC,ASO,ES,Combined TRACON& Tower with Radar,19,46,63,6,134,0,3,48,3,54,19,49,111,9,188,16,8,24,212
06/12/2017,AVL,NC,ASO,ES,Combined TRACON& Tower with Radar,24,32,46,13,115,0,3,42,8,53,24,35,88,21,168,43,16,59,227
06/13/2017,AVL,NC,ASO,ES,Combined TRACON& Tower with Radar,25,23,25,6,79,0,0,22,4,26,25,23,47,10,105,52,6,58,163
06/14/2017,AVL,NC,ASO,ES,Combined TRACON& Tower with Radar,22,24,32,1,79,0,0,0,0,0,22,24,32,1,79,18,0,18,97
06/15/2017,AVL,NC,ASO,ES,Combined TRACON& Tower with Radar,19,37,37,0,93,0,1,9,0,10,19,38,46,0,103,0,0,0,103
06/16/2017,AVL,NC,ASO,ES,Combined TRACON& Tower with Radar,26,33,57,2,118,0,1,32,0,33,26,34,89,2,151,56,0,56,207
06/17/2017,AVL,NC,ASO,ES,Combined TRACON& Tower with Radar,31,36,39,0,106,0,1,24,2,27,31,37,63,2,133,18,18,36,169
06/18/2017,AVL,NC,ASO,ES,Combined TRACON& Tower with Radar,18,40,53,11,122,0,0,26,4,30,18,40,79,15,152,4,0,4,156
06/19/2017,AVL,NC,ASO,ES,Combined TRACON& Tower with Radar,26,21,46,1,94,0,2,20,1,23,26,23,66,2,117,64,2,66,183
06/20/2017,AVL,NC,ASO,ES,Combined TRACON& Tower with Radar,26,41,45,5,117,0,0,45,0,45,26,41,90,5,162,62,0,62,224
06/21/2017,AVL,NC,ASO,ES,Combined TRACON& Tower with Radar,25,28,34,4,91,0,0,14,0,14,25,28,48,4,105,14,0,14,119
06/22/2017,AVL,NC,ASO,ES,Combined TRACON& Tower with Radar,23,34,42,2,101,0,0,1,0,1,23,34,43,2,102,6,0,6,108
06/23/2017,AVL,NC,ASO,ES,Combined TRACON& Tower with Radar,26,38,80,12,156,0,1,30,2,33,26,39,110,14,189,18,0,18,207
06/24/2017,AVL,NC,ASO,ES,Combined TRACON& Tower with Radar,34,19,38,0,91,0,0,11,0,11,34,19,49,0,102,44,0,44,146
06/25/2017,AVL,NC,ASO,ES,Combined TRACON& Tower with Radar,19,45,69,11,144,0,3,50,5,58,19,48,119,16,202,8,4,12,214
06/26/2017,AVL,NC,ASO,ES,Combined TRACON& Tower with Radar,24,30,45,2,101,0,0,73,10,83,24,30,118,12,184,78,0,78,262
06/27/2017,AVL,NC,ASO,ES,Combined TRACON& Tower with Radar,30,32,58,8,128,0,1,75,4,80,30,33,133,12,208,48,0,48,256
06/28/2017,AVL,NC,ASO,ES,Combined TRACON& Tower with Radar,25,24,71,14,134,0,0,61,7,68,25,24,132,21,202,128,10,138,340
06/29/2017,AVL,NC,ASO,ES,Combined TRACON& Tower with Radar,20,43,66,4,133,0,3,61,6,70,20,46,127,10,203,128,0,128,331
06/30/2017,AVL,NC,ASO,ES,Combined TRACON& Tower with Radar,26,33,82,0,141,0,0,4,0,4,26,33,86,0,145,0,0,0,145
07/01/2017,AVL,NC,ASO,ES,Combined TRACON& Tower with Radar,31,37,52,0,120,0,0,18,4,22,31,37,70,4,142,0,0,0,142
07/02/2017,AVL,NC,ASO,ES,Combined TRACON& Tower with Radar,20,26,53,0,99,0,0,30,4,34,20,26,83,4,133,10,0,10,143
07/03/2017,AVL,NC,ASO,ES,Combined TRACON& Tower with Radar,24,22,43,0,89,0,0,27,4,31,24,22,70,4,120,12,0,12,132
07/04/2017,AVL,NC,ASO,ES,Combined TRACON& Tower with Radar,24,21,16,0,61,0,0,20,4,24,24,21,36,4,85,0,0,0,85
07/05/2017,AVL,NC,ASO,ES,Combined TRACON& Tower with Radar,20,40,56,4,120,0,0,43,3,46,20,40,99,7,166,26,0,26,192
07/06/2017,AVL,NC,ASO,ES,Combined TRACON& Tower with Radar,21,37,38,4,100,1,1,29,1,32,22,38,67,5,132,31,0,31,163
07/07/2017,AVL,NC,ASO,ES,Combined TRACON& Tower with Radar,26,40,70,11,147,0,0,47,8,55,26,40,117,19,202,56,52,108,310
07/08/2017,AVL,NC,ASO,ES,Combined TRACON& Tower with Radar,29,32,32,2,95,0,3,53,2,58,29,35,85,4,153,38,0,38,191
07/09/2017,AVL,NC,ASO,ES,Combined TRACON& Tower with Radar,25,45,59,2,131,0,0,42,4,46,25,45,101,6,177,0,0,0,177
07/10/2017,AVL,NC,ASO,ES,Combined TRACON& Tower with Radar,24,39,48,3,114,0,0,68,3,71,24,39,116,6,185,56,0,56,241
07/11/2017,AVL,NC,ASO,ES,Combined TRACON& Tower with Radar,27,32,49,0,108,0,2,50,3,55,27,34,99,3,163,32,0,32,195
07/12/2017,AVL,NC,ASO,ES,Combined TRACON& Tower with Radar,30,32,49,16,127,0,0,35,3,38,30,32,84,19,165,102,8,110,275
07/13/2017,AVL,NC,ASO,ES,Combined TRACON& Tower with Radar,24,40,43,6,113,0,0,36,9,45,24,40,79,15,158,80,22,102,260
07/14/2017,AVL,NC,ASO,ES,Combined TRACON& Tower with Radar,25,31,58,5,119,0,2,43,4,49,25,33,101,9,168,58,3,61,229
07/15/2017,AVL,NC,ASO,ES,Combined TRACON& Tower with Radar,30,24,59,1,114,0,0,35,2,37,30,24,94,3,151,40,0,40,191
07/16/2017,AVL,NC,ASO,ES,Combined TRACON& Tower with Radar,23,51,68,1,143,0,0,29,5,34,23,51,97,6,177,46,0,46,223
07/17/2017,AVL,NC,ASO,ES,Combined TRACON& Tower with Radar,24,32,45,7,108,0,0,24,5,29,24,32,69,12,137,38,0,38,175
07/18/2017,AVL,NC,ASO,ES,Combined TRACON& Tower with Radar,34,34,59,6,133,0,1,28,12,41,34,35,87,18,174,46,8,54,228
07/19/2017,AVL,NC,ASO,ES,Combined TRACON& Tower with Radar,26,36,50,4,116,0,1,53,8,62,26,37,103,12,178,46,6,52,230
07/20/2017,AVL,NC,ASO,ES,Combined TRACON& Tower with Radar,25,35,60,11,131,0,0,65,8,73,25,35,125,19,204,40,14,54,258
07/21/2017,AVL,NC,ASO,ES,Combined TRACON& Tower with Radar,27,38,73,8,146,0,0,60,13,73,27,38,133,21,219,62,0,62,281
07/22/2017,AVL,NC,ASO,ES,Combined TRACON& Tower with Radar,32,12,39,1,84,0,2,51,5,58,32,14,90,6,142,100,10,110,252
07/23/2017,AVL,NC,ASO,ES,Combined TRACON& Tower with Radar,21,45,56,3,125,0,0,39,11,50,21,45,95,14,175,0,0,0,175
07/24/2017,AVL,NC,ASO,ES,Combined TRACON& Tower with Radar,24,47,41,16,128,0,0,51,6,57,24,47,92,22,185,54,20,74,259
07/25/2017,AVL,NC,ASO,ES,Combined TRACON& Tower with Radar,26,40,50,2,118,0,1,33,3,37,26,41,83,5,155,66,0,66,221
07/26/2017,AVL,NC,ASO,ES,Combined TRACON& Tower with Radar,25,34,82,14,155,0,4,15,5,24,25,38,97,19,179,40,8,48,227
07/27/2017,AVL,NC,ASO,ES,Combined TRACON& Tower with Radar,26,34,75,7,142,0,0,16,1,17,26,34,91,8,159,0,0,0,159
07/28/2017,AVL,NC,ASO,ES,Combined TRACON& Tower with Radar,26,39,67,16,148,0,0,12,3,15,26,39,79,19,163,0,22,22,185
07/29/2017,AVL,NC,ASO,ES,Combined TRACON& Tower with Radar,30,45,67,0,142,0,1,53,4,58,30,46,120,4,200,30,0,30,230
07/30/2017,AVL,NC,ASO,ES,Combined TRACON& Tower with Radar,21,45,80,9,155,0,2,59,6,67,21,47,139,15,222,64,0,64,286
07/31/2017,AVL,NC,ASO,ES,Combined TRACON& Tower with Radar,28,42,34,4,108,0,0,58,9,67,28,42,92,13,175,80,2,82,257
08/01/2017,AVL,NC,ASO,ES,Combined TRACON& Tower with Radar,23,54,36,2,115,0,1,47,15,63,23,55,83,17,178,56,0,56,234
08/02/2017,AVL,NC,ASO,ES,Combined TRACON& Tower with Radar,25,38,43,7,113,0,0,43,4,47,25,38,86,11,160,68,0,68,228
08/03/2017,AVL,NC,ASO,ES,Combined TRACON& Tower with Radar,26,41,49,6,122,0,0,46,3,49,26,41,95,9,171,58,4,62,233
08/04/2017,AVL,NC,ASO,ES,Combined TRACON& Tower with Radar,28,40,76,3,147,0,3,28,2,33,28,43,104,5,180,30,4,34,214
08/05/2017,AVL,NC,ASO,ES,Combined TRACON& Tower with Radar,28,27,49,0,104,0,0,41,0,41,28,27,90,0,145,26,0,26,171
08/06/2017,AVL,NC,ASO,ES,Combined TRACON& Tower with Radar,25,42,65,3,135,0,2,29,2,33,25,44,94,5,168,0,0,0,168
08/07/2017,AVL,NC,ASO,ES,Combined TRACON& Tower with Radar,26,31,52,0,109,0,0,0,0,0,26,31,52,0,109,0,0,0,109
08/08/2017,AVL,NC,ASO,ES,Combined TRACON& Tower with Radar,26,25,51,2,104,0,0,1,0,1,26,25,52,2,105,0,0,0,105
08/09/2017,AVL,NC,ASO,ES,Combined TRACON& Tower with Radar,25,34,61,11,131,0,0,32,0,32,25,34,93,11,163,66,10,76,239
08/10/2017,AVL,NC,ASO,ES,Combined TRACON& Tower with Radar,23,49,80,0,152,0,0,3,0,3,23,49,83,0,155,0,0,0,155
08/11/2017,AVL,NC,ASO,ES,Combined TRACON& Tower with Radar,25,50,57,14,146,0,0,2,1,3,25,50,59,15,149,0,0,0,149
08/12/2017,AVL,NC,ASO,ES,Combined TRACON& Tower with Radar,28,25,27,0,80,0,2,18,4,24,28,27,45,4,104,38,0,38,142
08/13/2017,AVL,NC,ASO,ES,Combined TRACON& Tower with Radar,23,37,54,5,119,0,0,13,0,13,23,37,67,5,132,24,0,24,156
08/14/2017,AVL,NC,ASO,ES,Combined TRACON& Tower with Radar,29,44,36,0,109,0,0,9,0,9,29,44,45,0,118,54,0,54,172
08/15/2017,AVL,NC,ASO,ES,Combined TRACON& Tower with Radar,23,41,55,2,121,0,0,27,0,27,23,41,82,2,148,72,6,78,226
08/16/2017,AVL,NC,ASO,ES,Combined TRACON& Tower with Radar,22,29,57,15,123,0,1,48,4,53,22,30,105,19,176,66,10,76,252
08/17/2017,AVL,NC,ASO,ES,Combined TRACON& Tower with Radar,25,44,45,7,121,0,0,38,9,47,25,44,83,16,168,52,0,52,220
08/18/2017,AVL,NC,ASO,ES,Combined TRACON& Tower with Radar,21,42,62,9,134,0,2,44,0,46,21,44,106,9,180,34,0,34,214
08/19/2017,AVL,NC,ASO,ES,Combined TRACON& Tower with Radar,24,36,67,3,130,0,2,73,4,79,24,38,140,7,209,28,30,58,267
08/20/2017,AVL,NC,ASO,ES,Combined TRACON& Tower with Radar,29,36,66,15,146,0,0,65,2,67,29,36,131,17,213,2,0,2,215
08/21/2017,AVL,NC,ASO,ES,Combined TRACON& Tower with Radar,21,38,61,5,125,0,4,69,7,80,21,42,130,12,205,20,0,20,225
08/22/2017,AVL,NC,ASO,ES,Combined TRACON& Tower with Radar,17,46,62,3,128,0,0,45,2,47,17,46,107,5,175,18,0,18,193
08/23/2017,AVL,NC,ASO,ES,Combined TRACON& Tower with Radar,25,35,62,0,122,0,0,25,1,26,25,35,87,1,148,88,0,88,236
08/24/2017,AVL,NC,ASO,ES,Combined TRACON& Tower with Radar,24,33,73,11,141,0,2,58,1,61,24,35,131,12,202,118,10,128,330
08/25/2017,AVL,NC,ASO,ES,Combined TRACON& Tower with Radar,27,48,79,10,164,0,2,52,9,63,27,50,131,19,227,75,12,87,314
08/26/2017,AVL,NC,ASO,ES,Combined TRACON& Tower with Radar,14,36,55,3,108,0,1,73,2,76,14,37,128,5,184,34,6,40,224
08/27/2017,AVL,NC,ASO,ES,Combined TRACON& Tower with Radar,28,44,62,11,145,0,0,25,2,27,28,44,87,13,172,32,0,32,204
08/28/2017,AVL,NC,ASO,ES,Combined TRACON& Tower with Radar,20,34,36,11,101,0,0,29,0,29,20,34,65,11,130,82,4,86,216
08/29/2017,AVL,NC,ASO,ES,Combined TRACON& Tower with Radar,17,37,48,8,110,0,0,11,1,12,17,37,59,9,122,8,0,8,130
08/30/2017,AVL,NC,ASO,ES,Combined TRACON& Tower with Radar,24,39,52,4,119,0,0,15,0,15,24,39,67,4,134,78,10,88,222
08/31/2017,AVL,NC,ASO,ES,Combined TRACON& Tower with Radar,24,52,45,0,121,0,0,0,0,0,24,52,45,0,121,0,0,0,121
09/01/2017,AVL,NC,ASO,ES,Combined TRACON& Tower with Radar,26,46,65,0,137,0,0,1,0,1,26,46,66,0,138,0,0,0,138
09/02/2017,AVL,NC,ASO,ES,Combined TRACON& Tower with Radar,15,37,25,3,80,0,0,25,7,32,15,37,50,10,112,68,4,72,184
09/03/2017,AVL,NC,ASO,ES,Combined TRACON& Tower with Radar,25,32,24,2,83,0,0,55,9,64,25,32,79,11,147,38,24,62,209
09/04/2017,AVL,NC,ASO,ES,Combined TRACON& Tower with Radar,23,43,57,0,123,0,1,56,6,63,23,44,113,6,186,76,20,96,282
09/05/2017,AVL,NC,ASO,ES,Combined TRACON& Tower with Radar,17,33,49,2,101,0,0,37,0,37,17,33,86,2,138,42,0,42,180
09/06/2017,AVL,NC,ASO,ES,Combined TRACON& Tower with Radar,25,36,53,2,116,0,0,17,1,18,25,36,70,3,134,32,0,32,166
09/07/2017,AVL,NC,ASO,ES,Combined TRACON& Tower with Radar,26,49,107,0,182,0,0,98,4,102,26,49,205,4,284,68,10,78,362
09/08/2017,AVL,NC,ASO,ES,Combined TRACON& Tower with Radar,21,54,89,2,166,0,3,83,4,90,21,57,172,6,256,28,4,32,288
09/09/2017,AVL,NC,ASO,ES,Combined TRACON& Tower with Radar,13,34,38,3,88,0,0,54,11,65,13,34,92,14,153,42,14,56,209
09/10/2017,AVL,NC,ASO,ES,Combined TRACON& Tower with Radar,17,38,38,0,93,0,2,28,4,34,17,40,66,4,127,0,0,0,127
09/11/2017,AVL,NC,ASO,ES,Combined TRACON& Tower with Radar,7,19,6,0,32,0,0,1,0,1,7,19,7,0,33,0,0,0,33
09/12/2017,AVL,NC,ASO,ES,Combined TRACON& Tower with Radar,14,47,46,0,107,0,0,0,0,0,14,47,46,0,107,0,0,0,107
09/13/2017,AVL,NC,ASO,ES,Combined TRACON& Tower with Radar,18,53,54,2,127,0,2,17,2,21,18,55,71,4,148,24,0,24,172
09/14/2017,AVL,NC,ASO,ES,Combined TRACON& Tower with Radar,18,57,54,9,138,0,1,32,6,39,18,58,86,15,177,14,8,22,199
09/15/2017,AVL,NC,ASO,ES,Combined TRACON& Tower with Radar,22,48,67,16,153,0,0,41,2,43,22,48,108,18,196,33,4,37,233
09/16/2017,AVL,NC,ASO,ES,Combined TRACON& Tower with Radar,19,47,41,7,114,0,0,53,5,58,19,47,94,12,172,32,6,38,210
09/17/2017,AVL,NC,ASO,ES,Combined TRACON& Tower with Radar,28,37,55,20,140,0,2,64,4,70,28,39,119,24,210,16,4,20,230
09/18/2017,AVL,NC,ASO,ES,Combined TRACON& Tower with Radar,19,40,50,5,114,0,0,55,4,59,19,40,105,9,173,34,4,38,211
09/19/2017,AVL,NC,ASO,ES,Combined TRACON& Tower with Radar,21,35,62,7,125,0,1,60,4,65,21,36,122,11,190,70,4,74,264
09/20/2017,AVL,NC,ASO,ES,Combined TRACON& Tower with Radar,22,43,36,3,104,0,2,54,5,61,22,45,90,8,165,20,0,20,185
09/21/2017,AVL,NC,ASO,ES,Combined TRACON& Tower with Radar,26,40,60,2,128,0,6,49,0,55,26,46,109,2,183,26,0,26,209
09/22/2017,AVL,NC,ASO,ES,Combined TRACON& Tower with Radar,23,43,55,18,139,0,1,61,3,65,23,44,116,21,204,60,22,82,286
09/23/2017,AVL,NC,ASO,ES,Combined TRACON& Tower with Radar,15,44,38,0,97,0,0,48,8,56,15,44,86,8,153,64,0,64,217
09/24/2017,AVL,NC,ASO,ES,Combined TRACON& Tower with Radar,27,48,62,15,152,0,1,55,9,65,27,49,117,24,217,32,0,32,249
09/25/2017,AVL,NC,ASO,ES,Combined TRACON& Tower with Radar,15,38,45,0,98,0,2,34,2,38,15,40,79,2,136,72,22,94,230
09/26/2017,AVL,NC,ASO,ES,Combined TRACON& Tower with Radar,25,35,56,7,123,0,0,63,4,67,25,35,119,11,190,52,26,78,268
09/27/2017,AVL,NC,ASO,ES,Combined TRACON& Tower with Radar,20,42,52,10,124,0,0,51,3,54,20,42,103,13,178,30,18,48,226
09/28/2017,AVL,NC,ASO,ES,Combined TRACON& Tower with Radar,20,46,60,16,142,0,0,62,2,64,20,46,122,18,206,62,22,84,290
09/29/2017,AVL,NC,ASO,ES,Combined TRACON& Tower with Radar,18,47,54,10,129,0,0,42,0,42,18,47,96,10,171,42,4,46,217
09/30/2017,AVL,NC,ASO,ES,Combined TRACON& Tower with Radar,18,32,38,23,111,0,0,78,5,83,18,32,116,28,194,64,46,110,304
10/01/2017,AVL,NC,ASO,ES,Combined TRACON& Tower with Radar,22,58,52,2,134,0,0,49,2,51,22,58,101,4,185,32,0,32,217
10/02/2017,AVL,NC,ASO,ES,Combined TRACON& Tower with Radar,16,46,35,5,102,0,2,39,1,42,16,48,74,6,144,74,4,78,222
10/03/2017,AVL,NC,ASO,ES,Combined TRACON& Tower with Radar,17,39,36,14,106,0,0,32,0,32,17,39,68,14,138,56,2,58,196
10/04/2017,AVL,NC,ASO,ES,Combined TRACON& Tower with Radar,26,36,57,13,132,0,0,63,5,68,26,36,120,18,200,94,6,100,300
10/05/2017,AVL,NC,ASO,ES,Combined TRACON& Tower with Radar,27,45,64,2,138,0,1,68,2,71,27,46,132,4,209,99,0,99,308
10/06/2017,AVL,NC,ASO,ES,Combined TRACON& Tower with Radar,27,46,71,2,146,0,0,77,6,83,27,46,148,8,229,47,2,49,278
10/07/2017,AVL,NC,ASO,ES,Combined TRACON& Tower with Radar,24,38,57,0,119,0,2,28,9,39,24,40,85,9,158,30,0,30,188
10/08/2017,AVL,NC,ASO,ES,Combined TRACON& Tower with Radar,22,37,43,0,102,0,0,0,0,0,22,37,43,0,102,0,0,0,102
10/09/2017,AVL,NC,ASO,ES,Combined TRACON& Tower with Radar,30,34,23,4,91,0,1,11,0,12,30,35,34,4,103,20,0,20,123
10/10/2017,AVL,NC,ASO,ES,Combined TRACON& Tower with Radar,25,32,32,6,95,0,0,1,0,1,25,32,33,6,96,68,0,68,164
10/11/2017,AVL,NC,ASO,ES,Combined TRACON& Tower with Radar,30,49,54,5,138,0,0,34,0,34,30,49,88,5,172,98,2,100,272
10/12/2017,AVL,NC,ASO,ES,Combined TRACON& Tower with Radar,28,34,45,1,108,0,2,53,3,58,28,36,98,4,166,76,0,76,242
10/13/2017,AVL,NC,ASO,ES,Combined TRACON& Tower with Radar,29,49,70,11,159,0,2,5,0,7,29,51,75,11,166,44,0,44,210
10/14/2017,AVL,NC,ASO,ES,Combined TRACON& Tower with Radar,21,38,52,8,119,0,11,50,3,64,21,49,102,11,183,30,12,42,225
10/15/2017,AVL,NC,ASO,ES,Combined TRACON& Tower with Radar,29,60,65,11,165,0,7,35,2,44,29,67,100,13,209,16,2,18,227
10/16/2017,AVL,NC,ASO,ES,Combined TRACON& Tower with Radar,29,35,36,10,110,0,3,8,1,12,29,38,44,11,122,0,0,0,122
10/17/2017,AVL,NC,ASO,ES,Combined TRACON& Tower with Radar,24,32,54,3,113,0,0,68,5,73,24,32,122,8,186,150,6,156,342
10/18/2017,AVL,NC,ASO,ES,Combined TRACON& Tower with Radar,24,39,68,9,140,0,0,76,4,80,24,39,144,13,220,74,16,90,310
10/19/2017,AVL,NC,ASO,ES,Combined TRACON& Tower with Radar,26,45,71,21,163,0,10,95,4,109,26,55,166,25,272,88,14,102,374
10/20/2017,AVL,NC,ASO,ES,Combined TRACON& Tower with Radar,26,45,71,30,172,0,11,78,8,97,26,56,149,38,269,114,14,128,397
10/21/2017,AVL,NC,ASO,ES,Combined TRACON& Tower with Radar,26,28,37,3,94,0,13,61,0,74,26,41,98,3,168,44,12,56,224
10/22/2017,AVL,NC,ASO,ES,Combined TRACON& Tower with Radar,29,42,94,8,173,0,5,44,7,56,29,47,138,15,229,34,2,36,265
10/23/2017,AVL,NC,ASO,ES,Combined TRACON& Tower with Radar,26,30,23,3,82,0,0,0,0,0,26,30,23,3,82,0,2,2,84
10/24/2017,AVL,NC,ASO,ES,Combined TRACON& Tower with Radar,23,34,55,3,115,0,0,48,3,51,23,34,103,6,166,22,0,22,188
10/25/2017,AVL,NC,ASO,ES,Combined TRACON& Tower with Radar,27,35,63,3,128,0,0,48,4,52,27,35,111,7,180,134,14,148,328
10/26/2017,AVL,NC,ASO,ES,Combined TRACON& Tower with Radar,26,33,55,5,119,0,7,62,6,75,26,40,117,11,194,78,2,80,274
10/27/2017,AVL,NC,ASO,ES,Combined TRACON& Tower with Radar,24,38,61,10,133,0,8,72,3,83,24,46,133,13,216,82,18,100,316
10/28/2017,AVL,NC,ASO,ES,Combined TRACON& Tower with Radar,25,35,38,0,98,0,0,0,0,0,25,35,38,0,98,0,0,0,98
10/29/2017,AVL,NC,ASO,ES,Combined TRACON& Tower with Radar,28,38,52,7,125,0,1,5,1,7,28,39,57,8,132,0,0,0,132
10/30/2017,AVL,NC,ASO,ES,Combined TRACON& Tower with Radar,23,31,46,9,109,0,4,61,3,68,23,35,107,12,177,134,12,146,323
10/31/2017,AVL,NC,ASO,ES,Combined TRACON& Tower with Radar,25,29,21,11,86,0,1,54,3,58,25,30,75,14,144,92,14,106,250
11/01/2017,AVL,NC,ASO,ES,Combined TRACON& Tower with Radar,24,28,34,19,105,0,0,46,6,52,24,28,80,25,157,78,28,106,263
11/02/2017,AVL,NC,ASO,ES,Combined TRACON& Tower with Radar,25,25,33,3,86,0,2,55,5,62,25,27,88,8,148,66,2,68,216
11/03/2017,AVL,NC,ASO,ES,Combined TRACON& Tower with Radar,26,30,34,20,110,0,2,52,2,56,26,32,86,22,166,96,6,102,268
11/04/2017,AVL,NC,ASO,ES,Combined TRACON& Tower with Radar,22,26,17,4,69,0,0,3,2,5,22,26,20,6,74,0,0,0,74
11/05/2017,AVL,NC,ASO,ES,Combined TRACON& Tower with Radar,25,30,34,8,97,0,0,21,2,23,25,30,55,10,120,14,2,16,136
11/06/2017,AVL,NC,ASO,ES,Combined TRACON& Tower with Radar,25,25,25,3,78,0,3,26,2,31,25,28,51,5,109,40,4,44,153
11/07/2017,AVL,NC,ASO,ES,Combined TRACON& Tower with Radar,20,25,24,0,69,0,1,0,0,1,20,26,24,0,70,0,0,0,70
11/08/2017,AVL,NC,ASO,ES,Combined TRACON& Tower with Radar,22,33,32,0,87,0,0,0,0,0,22,33,32,0,87,0,0,0,87
11/09/2017,AVL,NC,ASO,ES,Combined TRACON& Tower with Radar,24,31,44,6,105,0,0,5,0,5,24,31,49,6,110,46,8,54,164
11/10/2017,AVL,NC,ASO,ES,Combined TRACON& Tower with Radar,24,22,59,0,105,0,2,84,2,88,24,24,143,2,193,50,0,50,243
11/11/2017,AVL,NC,ASO,ES,Combined TRACON& Tower with Radar,21,23,25,0,69,0,8,51,0,59,21,31,76,0,128,90,0,90,218
11/12/2017,AVL,NC,ASO,ES,Combined TRACON& Tower with Radar,25,35,58,3,121,0,2,8,0,10,25,37,66,3,131,16,0,16,147
11/13/2017,AVL,NC,ASO,ES,Combined TRACON& Tower with Radar,26,38,31,2,97,0,4,18,0,22,26,42,49,2,119,4,0,4,123
11/14/2017,AVL,NC,ASO,ES,Combined TRACON& Tower with Radar,21,25,51,5,102,0,3,29,5,37,21,28,80,10,139,22,0,22,161
11/15/2017,AVL,NC,ASO,ES,Combined TRACON& Tower with Radar,20,27,42,5,94,0,6,60,1,67,20,33,102,6,161,80,10,90,251
11/16/2017,AVL,NC,ASO,ES,Combined TRACON& Tower with Radar,22,23,31,9,85,0,2,48,0,50,22,25,79,9,135,55,2,57,192
11/17/2017,AVL,NC,ASO,ES,Combined TRACON& Tower with Radar,25,41,57,6,129,0,0,74,3,77,25,41,131,9,206,70,10,80,286
11/18/2017,AVL,NC,ASO,ES,Combined TRACON& Tower with Radar,19,23,30,17,89,0,1,24,0,25,19,24,54,17,114,22,14,36,150
11/19/2017,AVL,NC,ASO,ES,Combined TRACON& Tower with Radar,20,27,23,12,82,0,0,15,5,20,20,27,38,17,102,0,6,6,108
11/20/2017,AVL,NC,ASO,ES,Combined TRACON& Tower with Radar,25,31,38,8,102,0,2,54,0,56,25,33,92,8,158,44,0,44,202
11/21/2017,AVL,NC,ASO,ES,Combined TRACON& Tower with Radar,20,45,51,4,120,0,0,18,0,18,20,45,69,4,138,92,0,92,230
11/22/2017,AVL,NC,ASO,ES,Combined TRACON& Tower with Radar,23,27,74,6,130,0,0,49,0,49,23,27,123,6,179,40,8,48,227
11/23/2017,AVL,NC,ASO,ES,Combined TRACON& Tower with Radar,17,16,14,0,47,0,3,22,0,25,17,19,36,0,72,6,0,6,78
11/24/2017,AVL,NC,ASO,ES,Combined TRACON& Tower with Radar,20,21,39,2,82,0,11,62,0,73,20,32,101,2,155,30,26,56,211
11/25/2017,AVL,NC,ASO,ES,Combined TRACON& Tower with Radar,22,40,32,0,94,0,5,44,0,49,22,45,76,0,143,32,0,32,175
11/26/2017,AVL,NC,ASO,ES,Combined TRACON& Tower with Radar,23,42,92,0,157,0,0,57,0,57,23,42,149,0,214,32,0,32,246
11/27/2017,AVL,NC,ASO,ES,Combined TRACON& Tower with Radar,26,30,27,7,90,0,1,56,0,57,26,31,83,7,147,44,0,44,191
11/28/2017,AVL,NC,ASO,ES,Combined TRACON& Tower with Radar,14,27,21,15,77,0,4,61,2,67,14,31,82,17,144,74,12,86,230
11/29/2017,AVL,NC,ASO,ES,Combined TRACON& Tower with Radar,18,31,38,4,91,0,0,74,2,76,18,31,112,6,167,128,2,130,297
11/30/2017,AVL,NC,ASO,ES,Combined TRACON& Tower with Radar,21,35,33,2,91,0,0,41,1,42,21,35,74,3,133,70,0,70,203
12/01/2017,AVL,NC,ASO,ES,Combined TRACON& Tower with Radar,22,21,34,2,79,0,3,30,0,33,22,24,64,2,112,48,10,58,170
12/02/2017,AVL,NC,ASO,ES,Combined TRACON& Tower with Radar,16,20,14,8,58,0,5,25,1,31,16,25,39,9,89,28,24,52,141
12/03/2017,AVL,NC,ASO,ES,Combined TRACON& Tower with Radar,20,23,45,4,92,0,5,55,1,61,20,28,100,5,153,20,14,34,187
12/04/2017,AVL,NC,ASO,ES,Combined TRACON& Tower with Radar,21,24,28,5,78,0,0,36,3,39,21,24,64,8,117,78,0,78,195
12/05/2017,AVL,NC,ASO,ES,Combined TRACON& Tower with Radar,19,21,22,7,69,0,0,0,0,0,19,21,22,7,69,0,0,0,69
12/06/2017,AVL,NC,ASO,ES,Combined TRACON& Tower with Radar,19,26,26,5,76,0,2,32,1,35,19,28,58,6,111,16,0,16,127
12/07/2017,AVL,NC,ASO,ES,Combined TRACON& Tower with Radar,24,34,33,6,97,0,0,48,0,48,24,34,81,6,145,68,4,72,217
12/08/2017,AVL,NC,ASO,ES,Combined TRACON& Tower with Radar,8,5,4,0,17,0,0,0,0,0,8,5,4,0,17,0,0,0,17
12/09/2017,AVL,NC,ASO,ES,Combined TRACON& Tower with Radar,14,17,12,0,43,0,2,2,0,4,14,19,14,0,47,0,0,0,47
12/10/2017,AVL,NC,ASO,ES,Combined TRACON& Tower with Radar,22,29,30,2,83,0,2,33,0,35,22,31,63,2,118,12,0,12,130
12/11/2017,AVL,NC,ASO,ES,Combined TRACON& Tower with Radar,24,22,29,5,80,0,0,50,2,52,24,22,79,7,132,42,6,48,180
12/12/2017,AVL,NC,ASO,ES,Combined TRACON& Tower with Radar,19,24,22,0,65,0,0,13,1,14,19,24,35,1,79,6,0,6,85
12/13/2017,AVL,NC,ASO,ES,Combined TRACON& Tower with Radar,22,29,44,4,99,0,0,47,3,50,22,29,91,7,149,60,8,68,217
12/14/2017,AVL,NC,ASO,ES,Combined TRACON& Tower with Radar,22,30,30,6,88,0,1,54,3,58,22,31,84,9,146,90,0,90,236
12/15/2017,AVL,NC,ASO,ES,Combined TRACON& Tower with Radar,23,24,43,19,109,0,2,34,1,37,23,26,77,20,146,62,12,74,220
12/16/2017,AVL,NC,ASO,ES,Combined TRACON& Tower with Radar,20,14,32,18,84,0,0,45,8,53,20,14,77,26,137,36,26,62,199
12/17/2017,AVL,NC,ASO,ES,Combined TRACON& Tower with Radar,23,14,34,2,73,0,0,19,0,19,23,14,53,2,92,78,0,78,170
12/18/2017,AVL,NC,ASO,ES,Combined TRACON& Tower with Radar,22,25,35,5,87,0,2,24,3,29,22,27,59,8,116,54,12,66,182
12/19/2017,AVL,NC,ASO,ES,Combined TRACON& Tower with Radar,19,18,26,11,74,0,0,44,1,45,19,18,70,12,119,64,20,84,203
12/20/2017,AVL,NC,ASO,ES,Combined TRACON& Tower with Radar,25,25,7,0,57,0,0,0,0,0,25,25,7,0,57,0,0,0,57
12/21/2017,AVL,NC,ASO,ES,Combined TRACON& Tower with Radar,25,18,26,5,74,0,4,33,0,37,25,22,59,5,111,111,0,111,222
12/22/2017,AVL,NC,ASO,ES,Combined TRACON& Tower with Radar,27,19,41,0,87,0,1,14,0,15,27,20,55,0,102,46,6,52,154
12/23/2017,AVL,NC,ASO,ES,Combined TRACON& Tower with Radar,21,28,17,0,66,0,0,0,0,0,21,28,17,0,66,0,0,0,66
12/24/2017,AVL,NC,ASO,ES,Combined TRACON& Tower with Radar,21,11,15,0,47,0,0,3,0,3,21,11,18,0,50,22,0,22,72
12/25/2017,AVL,NC,ASO,ES,Combined TRACON& Tower with Radar,24,14,7,0,45,0,0,9,0,9,24,14,16,0,54,0,0,0,54
12/26/2017,AVL,NC,ASO,ES,Combined TRACON& Tower with Radar,27,13,37,0,77,0,8,55,0,63,27,21,92,0,140,130,8,138,278
12/27/2017,AVL,NC,ASO,ES,Combined TRACON& Tower with Radar,28,13,35,20,96,0,1,25,1,27,28,14,60,21,123,44,24,68,191
12/28/2017,AVL,NC,ASO,ES,Combined TRACON& Tower with Radar,24,15,43,12,94,0,0,48,4,52,24,15,91,16,146,76,0,76,222
12/29/2017,AVL,NC,ASO,ES,Combined TRACON& Tower with Radar,26,18,27,1,72,0,0,51,2,53,26,18,78,3,125,26,0,26,151
12/30/2017,AVL,NC,ASO,ES,Combined TRACON& Tower with Radar,19,31,24,0,74,0,0,36,0,36,19,31,60,0,110,12,0,12,122
12/31/2017,AVL,NC,ASO,ES,Combined TRACON& Tower with Radar,19,22,12,0,53,0,0,3,0,3,19,22,15,0,56,6,0,6,62
01/01/2018,AVL,NC,ASO,ES,Combined TRACON& Tower with Radar,30,7,17,0,54,0,0,23,0,23,30,7,40,0,77,4,0,4,81
01/02/2018,AVL,NC,ASO,ES,Combined TRACON& Tower with Radar,23,27,27,0,77,0,0,34,0,34,23,27,61,0,111,54,0,54,165
01/03/2018,AVL,NC,ASO,ES,Combined TRACON& Tower with Radar,21,21,34,4,80,0,0,42,2,44,21,21,76,6,124,70,2,72,196
01/04/2018,AVL,NC,ASO,ES,Combined TRACON& Tower with Radar,16,21,10,1,48,0,0,11,1,12,16,21,21,2,60,0,4,4,64
01/05/2018,AVL,NC,ASO,ES,Combined TRACON& Tower with Radar,22,21,29,0,72,0,2,32,1,35,22,23,61,1,107,25,0,25,132
01/06/2018,AVL,NC,ASO,ES,Combined TRACON& Tower with Radar,22,11,24,0,57,0,0,36,3,39,22,11,60,3,96,64,0,64,160
01/07/2018,AVL,NC,ASO,ES,Combined TRACON& Tower with Radar,20,23,23,2,68,0,0,24,0,24,20,23,47,2,92,2,0,2,94
01/08/2018,AVL,NC,ASO,ES,Combined TRACON& Tower with Radar,19,18,8,0,45,0,0,3,1,4,19,18,11,1,49,8,0,8,57
01/09/2018,AVL,NC,ASO,ES,Combined TRACON& Tower with Radar,17,16,23,13,69,0,0,30,4,34,17,16,53,17,103,86,4,90,193
01/10/2018,AVL,NC,ASO,ES,Combined TRACON& Tower with Radar,18,11,22,0,51,0,2,5,0,7,18,13,27,0,58,16,0,16,74
01/11/2018,AVL,NC,ASO,ES,Combined TRACON& Tower with Radar,18,14,22,3,57,0,0,0,0,0,18,14,22,3,57,0,0,0,57
01/12/2018,AVL,NC,ASO,ES,Combined TRACON& Tower with Radar,21,13,26,2,62,0,0,0,0,0,21,13,26,2,62,0,0,0,62
01/13/2018,AVL,NC,ASO,ES,Combined TRACON& Tower with Radar,16,11,9,0,36,0,0,4,2,6,16,11,13,2,42,0,0,0,42
01/14/2018,AVL,NC,ASO,ES,Combined TRACON& Tower with Radar,23,9,20,0,52,0,0,24,0,24,23,9,44,0,76,8,0,8,84
01/15/2018,AVL,NC,ASO,ES,Combined TRACON& Tower with Radar,19,15,24,5,63,0,0,56,0,56,19,15,80,5,119,40,6,46,165
01/16/2018,AVL,NC,ASO,ES,Combined TRACON& Tower with Radar,16,15,23,2,56,0,1,40,0,41,16,16,63,2,97,74,0,74,171
01/17/2018,AVL,NC,ASO,ES,Combined TRACON& Tower with Radar,7,8,10,0,25,0,1,2,2,5,7,9,12,2,30,0,0,0,30
01/18/2018,AVL,NC,ASO,ES,Combined TRACON& Tower with Radar,17,17,22,3,59,0,3,19,3,25,17,20,41,6,84,28,0,28,112
01/19/2018,AVL,NC,ASO,ES,Combined TRACON& Tower with Radar,22,28,31,11,92,0,3,65,4,72,22,31,96,15,164,94,4,98,262
01/20/2018,AVL,NC,ASO,ES,Combined TRACON& Tower with Radar,18,15,22,5,60,0,0,49,1,50,18,15,71,6,110,32,2,34,144
01/21/2018,AVL,NC,ASO,ES,Combined TRACON& Tower with Radar,21,14,38,4,77,0,0,65,1,66,21,14,103,5,143,10,2,12,155
01/22/2018,AVL,NC,ASO,ES,Combined TRACON& Tower with Radar,19,12,9,3,43,0,0,23,4,27,19,12,32,7,70,44,0,44,114
01/23/2018,AVL,NC,ASO,ES,Combined TRACON& Tower with Radar,17,22,30,2,71,0,1,24,0,25,17,23,54,2,96,6,0,6,102
01/24/2018,AVL,NC,ASO,ES,Combined TRACON& Tower with Radar,17,16,39,4,76,0,0,49,1,50,17,16,88,5,126,96,0,96,222
01/25/2018,AVL,NC,ASO,ES,Combined TRACON& Tower with Radar,20,19,23,1,63,0,0,77,5,82,20,19,100,6,145,54,0,54,199
01/26/2018,AVL,NC,ASO,ES,Combined TRACON& Tower with Radar,21,16,34,3,74,0,0,70,8,78,21,16,104,11,152,88,2,90,242
01/27/2018,AVL,NC,ASO,ES,Combined TRACON& Tower with Radar,18,16,12,6,52,0,0,0,2,2,18,16,12,8,54,0,0,0,54
01/28/2018,AVL,NC,ASO,ES,Combined TRACON& Tower with Radar,21,16,19,5,61,0,0,0,0,0,21,16,19,5,61,0,0,0,61
01/29/2018,AVL,NC,ASO,ES,Combined TRACON& Tower with Radar,19,16,24,2,61,0,0,14,0,14,19,16,38,2,75,0,0,0,75
01/30/2018,AVL,NC,ASO,ES,Combined TRACON& Tower with Radar,18,17,18,20,73,0,0,5,2,7,18,17,23,22,80,0,0,0,80
01/31/2018,AVL,NC,ASO,ES,Combined TRACON& Tower with Radar,18,18,29,3,68,0,1,70,7,78,18,19,99,10,146,78,10,88,234
02/01/2018,AVL,NC,ASO,ES,Combined TRACON& Tower with Radar,20,11,33,6,70,0,4,28,0,32,20,15,61,6,102,68,0,68,170
02/02/2018,AVL,NC,ASO,ES,Combined TRACON& Tower with Radar,20,24,21,3,68,0,3,25,1,29,20,27,46,4,97,2,0,2,99
02/03/2018,AVL,NC,ASO,ES,Combined TRACON& Tower with Radar,19,17,17,1,54,0,1,54,3,58,19,18,71,4,112,52,0,52,164
02/04/2018,AVL,NC,ASO,ES,Combined TRACON& Tower with Radar,19,16,12,0,47,0,0,0,0,0,19,16,12,0,47,0,0,0,47
02/05/2018,AVL,NC,ASO,ES,Combined TRACON& Tower with Radar,19,19,22,3,63,0,1,46,3,50,19,20,68,6,113,38,8,46,159
02/06/2018,AVL,NC,ASO,ES,Combined TRACON& Tower with Radar,19,21,16,4,60,0,1,34,0,35,19,22,50,4,95,69,0,69,164
02/07/2018,AVL,NC,ASO,ES,Combined TRACON& Tower with Radar,18,15,15,0,48,0,1,0,0,1,18,16,15,0,49,0,0,0,49
02/08/2018,AVL,NC,ASO,ES,Combined TRACON& Tower with Radar,20,19,36,4,79,0,4,67,3,74,20,23,103,7,153,77,0,77,230
02/09/2018,AVL,NC,ASO,ES,Combined TRACON& Tower with Radar,20,21,24,5,70,0,8,77,4,89,20,29,101,9,159,108,1,109,268
02/10/2018,AVL,NC,ASO,ES,Combined TRACON& Tower with Radar,20,19,21,1,61,0,0,0,0,0,20,19,21,1,61,0,0,0,61
02/11/2018,AVL,NC,ASO,ES,Combined TRACON& Tower with Radar,20,19,17,0,56,0,0,1,0,1,20,19,18,0,57,0,0,0,57
02/12/2018,AVL,NC,ASO,ES,Combined TRACON& Tower with Radar,18,19,48,3,88,0,0,7,0,7,18,19,55,3,95,44,0,44,139
02/13/2018,AVL,NC,ASO,ES,Combined TRACON& Tower with Radar,18,14,37,4,73,0,0,8,0,8,18,14,45,4,81,56,0,56,137
02/14/2018,AVL,NC,ASO,ES,Combined TRACON& Tower with Radar,22,18,24,4,68,0,0,26,4,30,22,18,50,8,98,36,0,36,134
02/15/2018,AVL,NC,ASO,ES,Combined TRACON& Tower with Radar,18,16,23,7,64,0,0,26,6,32,18,16,49,13,96,31,3,34,130
02/16/2018,AVL,NC,ASO,ES,Combined TRACON& Tower with Radar,19,20,30,0,69,0,0,13,0,13,19,20,43,0,82,6,0,6,88
02/17/2018,AVL,NC,ASO,ES,Combined TRACON& Tower with Radar,16,17,15,0,48,0,0,1,0,1,16,17,16,0,49,0,0,0,49
02/18/2018,AVL,NC,ASO,ES,Combined TRACON& Tower with Radar,18,20,37,9,84,0,0,82,0,82,18,20,119,9,166,24,2,26,192
02/19/2018,AVL,NC,ASO,ES,Combined TRACON& Tower with Radar,24,11,26,2,63,0,0,0,0,0,24,11,26,2,63,0,0,0,63
02/20/2018,AVL,NC,ASO,ES,Combined TRACON& Tower with Radar,16,18,40,8,82,0,1,23,6,30,16,19,63,14,112,47,2,49,161
02/21/2018,AVL,NC,ASO,ES,Combined TRACON& Tower with Radar,20,16,66,2,104,0,2,15,4,21,20,18,81,6,125,58,0,58,183
02/22/2018,AVL,NC,ASO,ES,Combined TRACON& Tower with Radar,24,22,25,8,79,0,0,64,4,68,24,22,89,12,147,51,0,51,198
02/23/2018,AVL,NC,ASO,ES,Combined TRACON& Tower with Radar,20,13,47,13,93,0,0,39,3,42,20,13,86,16,135,59,2,61,196
02/24/2018,AVL,NC,ASO,ES,Combined TRACON& Tower with Radar,10,16,38,1,65,0,0,18,0,18,10,16,56,1,83,36,0,36,119
02/25/2018,AVL,NC,ASO,ES,Combined TRACON& Tower with Radar,17,15,20,0,52,0,0,4,0,4,17,15,24,0,56,6,0,6,62
02/26/2018,AVL,NC,ASO,ES,Combined TRACON& Tower with Radar,22,19,29,0,70,0,0,5,3,8,22,19,34,3,78,10,0,10,88
02/27/2018,AVL,NC,ASO,ES,Combined TRACON& Tower with Radar,16,22,35,9,82,0,3,89,4,96,16,25,124,13,178,136,4,140,318
02/28/2018,AVL,NC,ASO,ES,Combined TRACON& Tower with Radar,19,22,21,4,66,0,0,2,0,2,19,22,23,4,68,0,0,0,68
03/01/2018,AVL,NC,ASO,ES,Combined TRACON& Tower with Radar,20,16,40,0,76,0,0,1,0,1,20,16,41,0,77,0,0,0,77
03/02/2018,AVL,NC,ASO,ES,Combined TRACON& Tower with Radar,20,10,27,8,65,0,0,7,3,10,20,10,34,11,75,0,0,0,75
03/03/2018,AVL,NC,ASO,ES,Combined TRACON& Tower with Radar,17,20,19,2,58,0,0,24,2,26,17,20,43,4,84,0,0,0,84
03/04/2018,AVL,NC,ASO,ES,Combined TRACON& Tower with Radar,19,15,42,8,84,0,0,82,4,86,19,15,124,12,170,54,2,56,226
03/05/2018,AVL,NC,ASO,ES,Combined TRACON& Tower with Radar,23,14,16,4,57,0,0,42,4,46,23,14,58,8,103,50,0,50,153
03/06/2018,AVL,NC,ASO,ES,Combined TRACON& Tower with Radar,20,16,17,0,53,0,0,0,0,0,20,16,17,0,53,0,0,0,53
03/07/2018,AVL,NC,ASO,ES,Combined TRACON& Tower with Radar,20,11,19,0,50,0,1,8,4,13,20,12,27,4,63,0,0,0,63
03/08/2018,AVL,NC,ASO,ES,Combined TRACON& Tower with Radar,23,14,30,9,76,0,1,31,2,34,23,15,61,11,110,72,0,72,182
03/09/2018,AVL,NC,ASO,ES,Combined TRACON& Tower with Radar,20,16,31,7,74,0,2,65,1,68,20,18,96,8,142,106,0,106,248
03/10/2018,AVL,NC,ASO,ES,Combined TRACON& Tower with Radar,16,20,25,0,61,0,0,32,0,32,16,20,57,0,93,104,0,104,197
03/11/2018,AVL,NC,ASO,ES,Combined TRACON& Tower with Radar,18,18,13,2,51,0,0,0,0,0,18,18,13,2,51,0,0,0,51
03/12/2018,AVL,NC,ASO,ES,Combined TRACON& Tower with Radar,25,15,18,0,58,0,0,0,0,0,25,15,18,0,58,0,0,0,58
03/13/2018,AVL,NC,ASO,ES,Combined TRACON& Tower with Radar,13,14,23,5,55,0,0,13,1,14,13,14,36,6,69,48,2,50,119
03/14/2018,AVL,NC,ASO,ES,Combined TRACON& Tower with Radar,18,17,17,0,52,0,0,1,12,13,18,17,18,12,65,0,0,0,65
03/15/2018,AVL,NC,ASO,ES,Combined TRACON& Tower with Radar,26,21,23,6,76,0,0,32,0,32,26,21,55,6,108,10,4,14,122
03/16/2018,AVL,NC,ASO,ES,Combined TRACON& Tower with Radar,21,20,43,15,99,0,2,54,3,59,21,22,97,18,158,50,0,50,208
03/17/2018,AVL,NC,ASO,ES,Combined TRACON& Tower with Radar,16,23,17,5,61,0,2,34,3,39,16,25,51,8,100,44,24,68,168
03/18/2018,AVL,NC,ASO,ES,Combined TRACON& Tower with Radar,18,22,43,2,85,0,0,69,2,71,18,22,112,4,156,66,0,66,222
03/19/2018,AVL,NC,ASO,ES,Combined TRACON& Tower with Radar,22,17,28,4,71,0,0,29,0,29,22,17,57,4,100,42,0,42,142
03/20/2018,AVL,NC,ASO,ES,Combined TRACON& Tower with Radar,24,16,20,9,69,0,0,13,0,13,24,16,33,9,82,90,0,90,172
03/21/2018,AVL,NC,ASO,ES,Combined TRACON& Tower with Radar,21,17,7,0,45,0,0,7,0,7,21,17,14,0,52,10,0,10,62
03/22/2018,AVL,NC,ASO,ES,Combined TRACON& Tower with Radar,22,18,40,15,95,0,0,53,8,61,22,18,93,23,156,13,16,29,185
03/23/2018,AVL,NC,ASO,ES,Combined TRACON& Tower with Radar,20,20,40,14,94,0,0,72,5,77,20,20,112,19,171,54,0,54,225
03/24/2018,AVL,NC,ASO,ES,Combined TRACON& Tower with Radar,15,19,10,0,44,0,0,7,0,7,15,19,17,0,51,48,0,48,99
03/25/2018,AVL,NC,ASO,ES,Combined TRACON& Tower with Radar,18,24,15,1,58,0,0,2,0,2,18,24,17,1,60,32,0,32,92
03/26/2018,AVL,NC,ASO,ES,Combined TRACON& Tower with Radar,22,23,48,6,99,0,2,39,0,41,22,25,87,6,140,74,0,74,214
03/27/2018,AVL,NC,ASO,ES,Combined TRACON& Tower with Radar,18,17,34,2,71,0,0,9,0,9,18,17,43,2,80,120,0,120,200
03/28/2018,AVL,NC,ASO,ES,Combined TRACON& Tower with Radar,20,26,48,5,99,0,0,41,1,42,20,26,89,6,141,71,4,75,216
03/29/2018,AVL,NC,ASO,ES,Combined TRACON& Tower with Radar,22,32,18,3,75,0,0,16,4,20,22,32,34,7,95,28,0,28,123
03/30/2018,AVL,NC,ASO,ES,Combined TRACON& Tower with Radar,21,29,37,10,97,0,0,32,5,37,21,29,69,15,134,16,4,20,154
03/31/2018,AVL,NC,ASO,ES,Combined TRACON& Tower with Radar,17,19,37,2,75,0,0,88,0,88,17,19,125,2,163,57,0,57,220
04/01/2018,AVL,NC,ASO,ES,Combined TRACON& Tower with Radar,17,25,24,0,66,0,0,37,0,37,17,25,61,0,103,34,0,34,137
04/02/2018,AVL,NC,ASO,ES,Combined TRACON& Tower with Radar,22,37,35,14,108,0,1,34,2,37,22,38,69,16,145,62,10,72,217
04/03/2018,AVL,NC,ASO,ES,Combined TRACON& Tower with Radar,22,24,30,5,81,0,4,19,2,25,22,28,49,7,106,20,0,20,126
04/04/2018,AVL,NC,ASO,ES,Combined TRACON& Tower with Radar,24,17,16,3,60,0,0,9,1,10,24,17,25,4,70,8,0,8,78
04/05/2018,AVL,NC,ASO,ES,Combined TRACON& Tower with Radar,30,22,50,3,105,0,0,60,2,62,30,22,110,5,167,118,0,118,285
04/06/2018,AVL,NC,ASO,ES,Combined TRACON& Tower with Radar,21,26,42,6,95,0,0,38,2,40,21,26,80,8,135,6,0,6,141
04/07/2018,AVL,NC,ASO,ES,Combined TRACON& Tower with Radar,21,20,18,4,63,0,0,1,0,1,21,20,19,4,64,42,0,42,106
04/08/2018,AVL,NC,ASO,ES,Combined TRACON& Tower with Radar,19,35,35,1,90,0,1,40,4,45,19,36,75,5,135,52,1,53,188
04/09/2018,AVL,NC,ASO,ES,Combined TRACON& Tower with Radar,24,23,30,2,79,0,0,2,0,2,24,23,32,2,81,18,0,18,99
04/10/2018,AVL,NC,ASO,ES,Combined TRACON& Tower with Radar,23,17,32,8,80,0,2,57,6,65,23,19,89,14,145,79,0,79,224
04/11/2018,AVL,NC,ASO,ES,Combined TRACON& Tower with Radar,27,15,54,17,113,0,0,57,5,62,27,15,111,22,175,56,0,56,231
04/12/2018,AVL,NC,ASO,ES,Combined TRACON& Tower with Radar,29,22,61,10,122,0,0,60,3,63,29,22,121,13,185,36,16,52,237
04/13/2018,AVL,NC,ASO,ES,Combined TRACON& Tower with Radar,25,24,37,7,93,0,1,44,8,53,25,25,81,15,146,19,4,23,169
04/14/2018,AVL,NC,ASO,ES,Combined TRACON& Tower with Radar,21,21,33,9,84,0,0,13,4,17,21,21,46,13,101,16,6,22,123
04/15/2018,AVL,NC,ASO,ES,Combined TRACON& Tower with Radar,22,18,13,1,54,0,0,0,0,0,22,18,13,1,54,0,0,0,54
04/16/2018,AVL,NC,ASO,ES,Combined TRACON& Tower with Radar,26,28,26,6,86,0,1,13,4,18,26,29,39,10,104,4,0,4,108
04/17/2018,AVL,NC,ASO,ES,Combined TRACON& Tower with Radar,20,18,36,5,79,0,0,20,1,21,20,18,56,6,100,10,0,10,110
04/18/2018,AVL,NC,ASO,ES,Combined TRACON& Tower with Radar,26,17,25,20,88,0,0,31,4,35,26,17,56,24,123,28,0,28,151
04/19/2018,AVL,NC,ASO,ES,Combined TRACON& Tower with Radar,27,14,27,8,76,0,2,20,1,23,27,16,47,9,99,9,0,9,108
04/20/2018,AVL,NC,ASO,ES,Combined TRACON& Tower with Radar,29,21,56,17,123,0,0,103,8,111,29,21,159,25,234,126,8,134,368
04/21/2018,AVL,NC,ASO,ES,Combined TRACON& Tower with Radar,21,23,26,0,70,0,4,85,1,90,21,27,111,1,160,60,0,60,220
04/22/2018,AVL,NC,ASO,ES,Combined TRACON& Tower with Radar,24,28,48,8,108,0,3,10,2,15,24,31,58,10,123,42,2,44,167
04/23/2018,AVL,NC,ASO,ES,Combined TRACON& Tower with Radar,26,13,33,0,72,0,0,0,0,0,26,13,33,0,72,2,0,2,74
04/24/2018,AVL,NC,ASO,ES,Combined TRACON& Tower with Radar,26,16,40,0,82,0,0,0,0,0,26,16,40,0,82,0,0,0,82
04/25/2018,AVL,NC,ASO,ES,Combined TRACON& Tower with Radar,26,17,63,3,109,0,5,27,0,32,26,22,90,3,141,50,0,50,191
04/26/2018,AVL,NC,ASO,ES,Combined TRACON& Tower with Radar,29,24,58,6,117,0,0,26,0,26,29,24,84,6,143,68,0,68,211
04/27/2018,AVL,NC,ASO,ES,Combined TRACON& Tower with Radar,27,15,44,14,100,0,3,32,19,54,27,18,76,33,154,67,0,67,221
04/28/2018,AVL,NC,ASO,ES,Combined TRACON& Tower with Radar,24,20,33,4,81,0,0,67,0,67,24,20,100,4,148,80,4,84,232
04/29/2018,AVL,NC,ASO,ES,Combined TRACON& Tower with Radar,31,28,41,15,115,0,2,41,13,56,31,30,82,28,171,12,0,12,183
04/30/2018,AVL,NC,ASO,ES,Combined TRACON& Tower with Radar,28,13,40,3,84,0,0,79,19,98,28,13,119,22,182,77,0,77,259
05/01/2018,AVL,NC,ASO,ES,Combined TRACON& Tower with Radar,24,17,42,18,101,0,1,52,6,59,24,18,94,24,160,91,6,97,257
05/02/2018,AVL,NC,ASO,ES,Combined TRACON& Tower with Radar,26,23,46,9,104,0,0,77,4,81,26,23,123,13,185,60,0,60,245
05/03/2018,AVL,NC,ASO,ES,Combined TRACON& Tower with Radar,26,25,60,3,114,0,4,69,9,82,26,29,129,12,196,124,8,132,328
05/04/2018,AVL,NC,ASO,ES,Combined TRACON& Tower with Radar,25,26,43,12,106,0,0,73,9,82,25,26,116,21,188,108,10,118,306
05/05/2018,AVL,NC,ASO,ES,Combined TRACON& Tower with Radar,24,18,27,2,71,0,0,15,1,16,24,18,42,3,87,38,0,38,125
05/06/2018,AVL,NC,ASO,ES,Combined TRACON& Tower with Radar,32,35,54,18,139,0,0,23,6,29,32,35,77,24,168,12,4,16,184
05/07/2018,AVL,NC,ASO,ES,Combined TRACON& Tower with Radar,30,17,51,4,102,0,1,45,2,48,30,18,96,6,150,32,0,32,182
05/08/2018,AVL,NC,ASO,ES,Combined TRACON& Tower with Radar,24,22,42,5,93,0,0,45,1,46,24,22,87,6,139,68,0,68,207
05/09/2018,AVL,NC,ASO,ES,Combined TRACON& Tower with Radar,28,22,31,5,86,0,0,49,3,52,28,22,80,8,138,48,0,48,186
05/10/2018,AVL,NC,ASO,ES,Combined TRACON& Tower with Radar,32,22,51,1,106,0,0,35,2,37,32,22,86,3,143,26,0,26,169
05/11/2018,AVL,NC,ASO,ES,Combined TRACON& Tower with Radar,29,28,59,6,122,0,0,58,14,72,29,28,117,20,194,56,8,64,258
05/12/2018,AVL,NC,ASO,ES,Combined TRACON& Tower with Radar,24,14,36,1,75,0,0,60,0,60,24,14,96,1,135,12,0,12,147
05/13/2018,AVL,NC,ASO,ES,Combined TRACON& Tower with Radar,28,20,33,4,85,0,0,51,4,55,28,20,84,8,140,16,0,16,156
05/14/2018,AVL,NC,ASO,ES,Combined TRACON& Tower with Radar,28,26,52,4,110,0,0,56,0,56,28,26,108,4,166,38,0,38,204
05/15/2018,AVL,NC,ASO,ES,Combined TRACON& Tower with Radar,25,27,33,0,85,0,0,32,0,32,25,27,65,0,117,69,0,69,186
05/16/2018,AVL,NC,ASO,ES,Combined TRACON& Tower with Radar,36,19,39,0,94,0,0,2,0,2,36,19,41,0,96,26,0,26,122
05/17/2018,AVL,NC,ASO,ES,Combined TRACON& Tower with Radar,32,28,43,3,106,0,0,4,1,5,32,28,47,4,111,10,0,10,121
05/18/2018,AVL,NC,ASO,ES,Combined TRACON& Tower with Radar,30,26,44,5,105,0,0,6,2,8,30,26,50,7,113,18,0,18,131
05/19/2018,AVL,NC,ASO,ES,Combined TRACON& Tower with Radar,31,13,39,2,85,0,0,2,1,3,31,13,41,3,88,4,0,4,92
05/20/2018,AVL,NC,ASO,ES,Combined TRACON& Tower with Radar,33,22,58,0,113,0,0,14,1,15,33,22,72,1,128,70,0,70,198
05/21/2018,AVL,NC,ASO,ES,Combined TRACON& Tower with Radar,31,14,36,2,83,0,0,40,2,42,31,14,76,4,125,78,0,78,203
05/22/2018,AVL,NC,ASO,ES,Combined TRACON& Tower with Radar,30,19,48,12,109,0,0,15,0,15,30,19,63,12,124,118,0,118,242
05/23/2018,AVL,NC,ASO,ES,Combined TRACON& Tower with Radar,32,20,40,0,92,0,0,57,0,57,32,20,97,0,149,129,0,129,278
05/24/2018,AVL,NC,ASO,ES,Combined TRACON& Tower with Radar,28,37,55,0,120,0,0,41,0,41,28,37,96,0,161,44,0,44,205
05/25/2018,AVL,NC,ASO,ES,Combined TRACON& Tower with Radar,33,26,79,7,145,0,0,6,0,6,33,26,85,7,151,22,0,22,173
05/26/2018,AVL,NC,ASO,ES,Combined TRACON& Tower with Radar,28,21,29,0,78,0,0,2,0,2,28,21,31,0,80,0,0,0,80
05/27/2018,AVL,NC,ASO,ES,Combined TRACON& Tower with Radar,27,19,29,0,75,0,0,4,0,4,27,19,33,0,79,42,0,42,121
05/28/2018,AVL,NC,ASO,ES,Combined TRACON& Tower with Radar,30,22,38,0,90,0,0,0,0,0,30,22,38,0,90,0,0,0,90
05/29/2018,AVL,NC,ASO,ES,Combined TRACON& Tower with Radar,29,22,38,0,89,0,0,0,0,0,29,22,38,0,89,0,0,0,89
05/30/2018,AVL,NC,ASO,ES,Combined TRACON& Tower with Radar,33,26,34,0,93,0,0,2,0,2,33,26,36,0,95,2,0,2,97
05/31/2018,AVL,NC,ASO,ES,Combined TRACON& Tower with Radar,26,28,47,0,101,0,1,14,0,15,26,29,61,0,116,16,0,16,132
06/01/2018,AVL,NC,ASO,ES,Combined TRACON& Tower with Radar,31,30,53,3,117,0,1,45,10,56,31,31,98,13,173,14,6,20,193
06/02/2018,AVL,NC,ASO,ES,Combined TRACON& Tower with Radar,30,28,41,0,99,0,0,29,0,29,30,28,70,0,128,48,0,48,176
06/03/2018,AVL,NC,ASO,ES,Combined TRACON& Tower with Radar,27,27,66,1,121,0,2,40,6,48,27,29,106,7,169,22,0,22,191
06/04/2018,AVL,NC,ASO,ES,Combined TRACON& Tower with Radar,32,30,61,8,131,0,0,72,4,76,32,30,133,12,207,54,0,54,261
06/05/2018,AVL,NC,ASO,ES,Combined TRACON& Tower with Radar,28,28,45,3,104,0,0,72,2,74,28,28,117,5,178,121,4,125,303
06/06/2018,AVL,NC,ASO,ES,Combined TRACON& Tower with Radar,32,20,29,5,86,0,1,64,1,66,32,21,93,6,152,62,6,68,220
06/07/2018,AVL,NC,ASO,ES,Combined TRACON& Tower with Radar,27,22,65,4,118,0,0,68,0,68,27,22,133,4,186,108,0,108,294
06/08/2018,AVL,NC,ASO,ES,Combined TRACON& Tower with Radar,26,35,58,5,124,0,0,69,4,73,26,35,127,9,197,56,0,56,253
06/09/2018,AVL,NC,ASO,ES,Combined TRACON& Tower with Radar,23,21,46,14,104,0,0,59,11,70,23,21,105,25,174,69,54,123,297
06/10/2018,AVL,NC,ASO,ES,Combined TRACON& Tower with Radar,22,52,58,18,150,0,2,32,2,36,22,54,90,20,186,36,0,36,222
06/11/2018,AVL,NC,ASO,ES,Combined TRACON& Tower with Radar,25,31,67,9,132,0,0,42,1,43,25,31,109,10,175,86,0,86,261
06/12/2018,AVL,NC,ASO,ES,Combined TRACON& Tower with Radar,27,32,48,0,107,0,0,30,0,30,27,32,78,0,137,76,0,76,213
06/13/2018,AVL,NC,ASO,ES,Combined TRACON& Tower with Radar,25,39,71,7,142,0,0,24,0,24,25,39,95,7,166,102,4,106,272
06/14/2018,AVL,NC,ASO,ES,Combined TRACON& Tower with Radar,25,41,78,4,148,0,0,53,0,53,25,41,131,4,201,30,0,30,231
06/15/2018,AVL,NC,ASO,ES,Combined TRACON& Tower with Radar,18,35,63,3,119,0,1,56,3,60,18,36,119,6,179,58,0,58,237
06/16/2018,AVL,NC,ASO,ES,Combined TRACON& Tower with Radar,21,46,32,9,108,0,0,54,25,79,21,46,86,34,187,74,26,100,287
06/17/2018,AVL,NC,ASO,ES,Combined TRACON& Tower with Radar,19,40,57,1,117,0,0,36,1,37,19,40,93,2,154,10,0,10,164
06/18/2018,AVL,NC,ASO,ES,Combined TRACON& Tower with Radar,19,29,45,8,101,0,0,43,2,45,19,29,88,10,146,124,0,124,270
06/19/2018,AVL,NC,ASO,ES,Combined TRACON& Tower with Radar,15,24,54,8,101,0,2,59,0,61,15,26,113,8,162,39,0,39,201
06/20/2018,AVL,NC,ASO,ES,Combined TRACON& Tower with Radar,25,37,70,3,135,0,0,41,1,42,25,37,111,4,177,64,0,64,241
06/21/2018,AVL,NC,ASO,ES,Combined TRACON& Tower with Radar,23,40,78,0,141,0,0,43,0,43,23,40,121,0,184,46,0,46,230
06/22/2018,AVL,NC,ASO,ES,Combined TRACON& Tower with Radar,26,58,70,10,164,0,0,27,0,27,26,58,97,10,191,34,0,34,225
06/23/2018,AVL,NC,ASO,ES,Combined TRACON& Tower with Radar,24,48,41,4,117,0,0,47,0,47,24,48,88,4,164,32,0,32,196
06/24/2018,AVL,NC,ASO,ES,Combined TRACON& Tower with Radar,22,56,61,4,143,0,0,37,3,40,22,56,98,7,183,32,0,32,215
06/25/2018,AVL,NC,ASO,ES,Combined TRACON& Tower with Radar,30,33,50,9,122,0,2,42,1,45,30,35,92,10,167,26,0,26,193
06/26/2018,AVL,NC,ASO,ES,Combined TRACON& Tower with Radar,27,31,56,4,118,0,2,31,0,33,27,33,87,4,151,34,0,34,185
06/27/2018,AVL,NC,ASO,ES,Combined TRACON& Tower with Radar,25,35,55,6,121,0,1,28,0,29,25,36,83,6,150,66,2,68,218
06/28/2018,AVL,NC,ASO,ES,Combined TRACON& Tower with Radar,26,43,83,6,158,0,1,15,3,19,26,44,98,9,177,92,0,92,269
06/29/2018,AVL,NC,ASO,ES,Combined TRACON& Tower with Radar,25,37,107,14,183,0,0,55,3,58,25,37,162,17,241,76,10,86,327
06/30/2018,AVL,NC,ASO,ES,Combined TRACON& Tower with Radar,26,39,45,2,112,0,3,30,3,36,26,42,75,5,148,10,0,10,158
07/01/2018,AVL,NC,ASO,ES,Combined TRACON& Tower with Radar,29,41,68,12,150,0,0,14,2,16,29,41,82,14,166,34,0,34,200
07/02/2018,AVL,NC,ASO,ES,Combined TRACON& Tower with Radar,25,41,59,0,125,0,4,20,1,25,25,45,79,1,150,70,0,70,220
07/03/2018,AVL,NC,ASO,ES,Combined TRACON& Tower with Radar,21,35,66,1,123,0,1,67,1,69,21,36,133,2,192,59,0,59,251
07/04/2018,AVL,NC,ASO,ES,Combined TRACON& Tower with Radar,22,16,38,7,83,0,0,40,6,46,22,16,78,13,129,49,0,49,178
07/05/2018,AVL,NC,ASO,ES,Combined TRACON& Tower with Radar,23,37,72,1,133,0,0,20,0,20,23,37,92,1,153,24,0,24,177
07/06/2018,AVL,NC,ASO,ES,Combined TRACON& Tower with Radar,25,31,62,6,124,0,0,20,0,20,25,31,82,6,144,14,0,14,158
07/07/2018,AVL,NC,ASO,ES,Combined TRACON& Tower with Radar,24,36,72,0,132,0,2,7,0,9,24,38,79,0,141,30,0,30,171
07/08/2018,AVL,NC,ASO,ES,Combined TRACON& Tower with Radar,27,43,82,9,161,0,1,92,0,93,27,44,174,9,254,74,0,74,328
07/09/2018,AVL,NC,ASO,ES,Combined TRACON& Tower with Radar,24,33,48,0,105,0,0,73,5,78,24,33,121,5,183,79,0,79,262
07/10/2018,AVL,NC,ASO,ES,Combined TRACON& Tower with Radar,21,38,60,16,135,0,2,71,12,85,21,40,131,28,220,77,36,113,333
07/11/2018,AVL,NC,ASO,ES,Combined TRACON& Tower with Radar,28,30,69,7,134,0,0,55,10,65,28,30,124,17,199,76,10,86,285
07/12/2018,AVL,NC,ASO,ES,Combined TRACON& Tower with Radar,27,44,56,6,133,0,1,50,2,53,27,45,106,8,186,2,0,2,188
07/13/2018,AVL,NC,ASO,ES,Combined TRACON& Tower with Radar,24,39,84,8,155,0,0,20,0,20,24,39,104,8,175,32,0,32,207
07/14/2018,AVL,NC,ASO,ES,Combined TRACON& Tower with Radar,23,33,47,0,103,0,0,43,0,43,23,33,90,0,146,54,0,54,200
07/15/2018,AVL,NC,ASO,ES,Combined TRACON& Tower with Radar,23,41,67,1,132,0,0,37,2,39,23,41,104,3,171,24,0,24,195
07/16/2018,AVL,NC,ASO,ES,Combined TRACON& Tower with Radar,25,31,61,1,118,0,0,8,3,11,25,31,69,4,129,0,0,0,129
07/17/2018,AVL,NC,ASO,ES,Combined TRACON& Tower with Radar,25,38,45,2,110,0,0,27,0,27,25,38,72,2,137,66,0,66,203
07/18/2018,AVL,NC,ASO,ES,Combined TRACON& Tower with Radar,26,42,62,32,162,0,2,76,2,80,26,44,138,34,242,92,4,96,338
07/19/2018,AVL,NC,ASO,ES,Combined TRACON& Tower with Radar,29,48,72,4,153,0,2,16,0,18,29,50,88,4,171,28,0,28,199
07/20/2018,AVL,NC,ASO,ES,Combined TRACON& Tower with Radar,29,34,80,30,173,0,0,41,13,54,29,34,121,43,227,64,6,70,297
07/21/2018,AVL,NC,ASO,ES,Combined TRACON& Tower with Radar,25,35,41,6,107,0,0,46,4,50,25,35,87,10,157,26,0,26,183
07/22/2018,AVL,NC,ASO,ES,Combined TRACON& Tower with Radar,29,51,61,11,152,0,0,11,8,19,29,51,72,19,171,16,0,16,187
07/23/2018,AVL,NC,ASO,ES,Combined TRACON& Tower with Radar,28,39,37,5,109,0,1,23,0,24,28,40,60,5,133,32,0,32,165
07/24/2018,AVL,NC,ASO,ES,Combined TRACON& Tower with Radar,26,49,41,0,116,0,0,10,0,10,26,49,51,0,126,0,0,0,126
07/25/2018,AVL,NC,ASO,ES,Combined TRACON& Tower with Radar,26,40,75,4,145,0,0,15,0,15,26,40,90,4,160,46,0,46,206
07/26/2018,AVL,NC,ASO,ES,Combined TRACON& Tower with Radar,24,43,59,2,128,0,1,63,0,64,24,44,122,2,192,88,0,88,280
07/27/2018,AVL,NC,ASO,ES,Combined TRACON& Tower with Radar,24,31,69,31,155,0,0,67,11,78,24,31,136,42,233,48,8,56,289
07/28/2018,AVL,NC,ASO,ES,Combined TRACON& Tower with Radar,24,37,57,1,119,0,0,56,3,59,24,37,113,4,178,42,0,42,220
07/29/2018,AVL,NC,ASO,ES,Combined TRACON& Tower with Radar,25,47,67,18,157,0,2,20,7,29,25,49,87,25,186,20,0,20,206
07/30/2018,AVL,NC,ASO,ES,Combined TRACON& Tower with Radar,27,36,64,0,127,0,0,20,0,20,27,36,84,0,147,26,0,26,173
07/31/2018,AVL,NC,ASO,ES,Combined TRACON& Tower with Radar,30,26,31,0,87,0,0,1,0,1,30,26,32,0,88,0,0,0,88
08/01/2018,AVL,NC,ASO,ES,Combined TRACON& Tower with Radar,27,29,70,0,126,0,0,2,0,2,27,29,72,0,128,18,0,18,146
08/02/2018,AVL,NC,ASO,ES,Combined TRACON& Tower with Radar,22,31,53,2,108,0,1,0,0,1,22,32,53,2,109,0,0,0,109
08/03/2018,AVL,NC,ASO,ES,Combined TRACON& Tower with Radar,24,52,71,10,157,0,0,4,0,4,24,52,75,10,161,22,2,24,185
08/04/2018,AVL,NC,ASO,ES,Combined TRACON& Tower with Radar,28,33,40,4,105,0,0,15,0,15,28,33,55,4,120,22,0,22,142
08/05/2018,AVL,NC,ASO,ES,Combined TRACON& Tower with Radar,24,48,69,2,143,0,1,41,0,42,24,49,110,2,185,24,0,24,209
08/06/2018,AVL,NC,ASO,ES,Combined TRACON& Tower with Radar,24,45,28,14,111,0,0,37,2,39,24,45,65,16,150,44,0,44,194
08/07/2018,AVL,NC,ASO,ES,Combined TRACON& Tower with Radar,26,36,56,0,118,0,0,42,0,42,26,36,98,0,160,10,0,10,170
08/08/2018,AVL,NC,ASO,ES,Combined TRACON& Tower with Radar,25,29,60,1,115,0,0,38,4,42,25,29,98,5,157,57,0,57,214
08/09/2018,AVL,NC,ASO,ES,Combined TRACON& Tower with Radar,23,47,52,1,123,0,0,36,0,36,23,47,88,1,159,40,0,40,199
08/10/2018,AVL,NC,ASO,ES,Combined TRACON& Tower with Radar,26,58,88,12,184,0,0,28,3,31,26,58,116,15,215,38,0,38,253
08/11/2018,AVL,NC,ASO,ES,Combined TRACON& Tower with Radar,23,33,57,11,124,0,0,48,1,49,23,33,105,12,173,8,12,20,193
08/12/2018,AVL,NC,ASO,ES,Combined TRACON& Tower with Radar,24,41,70,8,143,0,0,35,2,37,24,41,105,10,180,4,0,4,184
08/13/2018,AVL,NC,ASO,ES,Combined TRACON& Tower with Radar,24,28,57,6,115,0,0,55,0,55,24,28,112,6,170,6,0,6,176
08/14/2018,AVL,NC,ASO,ES,Combined TRACON& Tower with Radar,22,29,67,2,120,0,2,74,2,78,22,31,141,4,198,22,0,22,220
08/15/2018,AVL,NC,ASO,ES,Combined TRACON& Tower with Radar,28,40,57,8,133,0,1,50,1,52,28,41,107,9,185,27,0,27,212
08/16/2018,AVL,NC,ASO,ES,Combined TRACON& Tower with Radar,26,42,37,10,115,0,3,39,3,45,26,45,76,13,160,0,0,0,160
08/17/2018,AVL,NC,ASO,ES,Combined TRACON& Tower with Radar,25,47,52,7,131,0,0,32,9,41,25,47,84,16,172,32,0,32,204
08/18/2018,AVL,NC,ASO,ES,Combined TRACON& Tower with Radar,28,28,54,14,124,0,2,11,0,13,28,30,65,14,137,4,0,4,141
08/19/2018,AVL,NC,ASO,ES,Combined TRACON& Tower with Radar,28,43,46,1,118,0,2,17,0,19,28,45,63,1,137,4,0,4,141
08/20/2018,AVL,NC,ASO,ES,Combined TRACON& Tower with Radar,24,28,39,0,91,0,0,16,0,16,24,28,55,0,107,50,0,50,157
08/21/2018,AVL,NC,ASO,ES,Combined TRACON& Tower with Radar,21,38,37,0,96,0,1,21,0,22,21,39,58,0,118,26,0,26,144
08/22/2018,AVL,NC,ASO,ES,Combined TRACON& Tower with Radar,24,36,75,5,140,0,0,25,2,27,24,36,100,7,167,31,0,31,198
08/23/2018,AVL,NC,ASO,ES,Combined TRACON& Tower with Radar,25,30,50,5,110,0,0,81,4,85,25,30,131,9,195,0,0,0,195
08/24/2018,AVL,NC,ASO,ES,Combined TRACON& Tower with Radar,21,40,49,0,110,0,2,97,5,104,21,42,146,5,214,64,2,66,280
08/25/2018,AVL,NC,ASO,ES,Combined TRACON& Tower with Radar,25,28,44,3,100,0,1,83,0,84,25,29,127,3,184,22,0,22,206
08/26/2018,AVL,NC,ASO,ES,Combined TRACON& Tower with Radar,25,42,48,4,119,0,0,48,4,52,25,42,96,8,171,28,0,28,199
08/27/2018,AVL,NC,ASO,ES,Combined TRACON& Tower with Radar,31,38,54,11,134,0,0,84,1,85,31,38,138,12,219,8,0,8,227
08/28/2018,AVL,NC,ASO,ES,Combined TRACON& Tower with Radar,26,27,45,16,114,0,0,78,9,87,26,27,123,25,201,10,0,10,211
08/29/2018,AVL,NC,ASO,ES,Combined TRACON& Tower with Radar,24,31,41,8,104,0,0,48,11,59,24,31,89,19,163,30,0,30,193
08/30/2018,AVL,NC,ASO,ES,Combined TRACON& Tower with Radar,26,40,61,4,131,0,0,49,2,51,26,40,110,6,182,22,0,22,204
08/31/2018,AVL,NC,ASO,ES,Combined TRACON& Tower with Radar,26,47,72,2,147,0,0,30,2,32,26,47,102,4,179,12,0,12,191
09/01/2018,AVL,NC,ASO,ES,Combined TRACON& Tower with Radar,25,30,32,0,87,0,0,59,0,59,25,30,91,0,146,10,0,10,156
09/02/2018,AVL,NC,ASO,ES,Combined TRACON& Tower with Radar,27,27,33,0,87,0,0,19,0,19,27,27,52,0,106,0,0,0,106
09/03/2018,AVL,NC,ASO,ES,Combined TRACON& Tower with Radar,29,39,72,1,141,0,0,48,0,48,29,39,120,1,189,10,0,10,199
09/04/2018,AVL,NC,ASO,ES,Combined TRACON& Tower with Radar,19,35,32,2,88,0,2,43,8,53,19,37,75,10,141,39,0,39,180
09/05/2018,AVL,NC,ASO,ES,Combined TRACON& Tower with Radar,24,31,43,5,103,0,3,26,3,32,24,34,69,8,135,16,0,16,151
09/06/2018,AVL,NC,ASO,ES,Combined TRACON& Tower with Radar,30,33,47,7,117,0,1,42,0,43,30,34,89,7,160,32,0,32,192
09/07/2018,AVL,NC,ASO,ES,Combined TRACON& Tower with Radar,28,34,47,9,118,0,2,65,7,74,28,36,112,16,192,6,0,6,198
09/08/2018,AVL,NC,ASO,ES,Combined TRACON& Tower with Radar,29,22,30,8,89,0,0,61,1,62,29,22,91,9,151,10,0,10,161
09/09/2018,AVL,NC,ASO,ES,Combined TRACON& Tower with Radar,31,45,46,3,125,0,2,24,4,30,31,47,70,7,155,10,0,10,165
09/10/2018,AVL,NC,ASO,ES,Combined TRACON& Tower with Radar,36,23,35,4,98,0,0,14,3,17,36,23,49,7,115,26,8,34,149
09/11/2018,AVL,NC,ASO,ES,Combined TRACON& Tower with Radar,22,37,55,4,118,0,0,4,1,5,22,37,59,5,123,0,0,0,123
09/12/2018,AVL,NC,ASO,ES,Combined TRACON& Tower with Radar,24,38,57,8,127,0,4,14,3,21,24,42,71,11,148,14,0,14,162
09/13/2018,AVL,NC,ASO,ES,Combined TRACON& Tower with Radar,28,34,40,2,104,0,2,26,1,29,28,36,66,3,133,0,0,0,133
09/14/2018,AVL,NC,ASO,ES,Combined TRACON& Tower with Radar,28,30,29,0,87,0,3,31,0,34,28,33,60,0,121,0,0,0,121
09/15/2018,AVL,NC,ASO,ES,Combined TRACON& Tower with Radar,24,32,16,4,76,0,0,0,2,2,24,32,16,6,78,0,0,0,78
09/16/2018,AVL,NC,ASO,ES,Combined TRACON& Tower with Radar,28,13,7,1,49,0,0,0,0,0,28,13,7,1,49,0,0,0,49
09/17/2018,AVL,NC,ASO,ES,Combined TRACON& Tower with Radar,39,25,11,1,76,0,1,8,0,9,39,26,19,1,85,8,0,8,93
09/18/2018,AVL,NC,ASO,ES,Combined TRACON& Tower with Radar,24,37,51,6,118,0,1,31,1,33,24,38,82,7,151,4,0,4,155
09/19/2018,AVL,NC,ASO,ES,Combined TRACON& Tower with Radar,26,34,44,4,108,0,4,51,1,56,26,38,95,5,164,0,0,0,164
09/20/2018,AVL,NC,ASO,ES,Combined TRACON& Tower with Radar,32,41,53,0,126,0,3,76,4,83,32,44,129,4,209,0,0,0,209
09/21/2018,AVL,NC,ASO,ES,Combined TRACON& Tower with Radar,25,43,45,7,120,0,7,71,5,83,25,50,116,12,203,0,0,0,203
09/22/2018,AVL,NC,ASO,ES,Combined TRACON& Tower with Radar,27,22,47,1,97,0,3,49,1,53,27,25,96,2,150,0,0,0,150
09/23/2018,AVL,NC,ASO,ES,Combined TRACON& Tower with Radar,27,53,59,7,146,0,3,25,7,35,27,56,84,14,181,0,0,0,181
09/24/2018,AVL,NC,ASO,ES,Combined TRACON& Tower with Radar,32,24,24,2,82,0,0,3,0,3,32,24,27,2,85,0,0,0,85
09/25/2018,AVL,NC,ASO,ES,Combined TRACON& Tower with Radar,25,18,49,7,99,0,0,7,0,7,25,18,56,7,106,0,0,0,106
09/26/2018,AVL,NC,ASO,ES,Combined TRACON& Tower with Radar,30,25,20,6,81,0,0,20,0,20,30,25,40,6,101,0,0,0,101
09/27/2018,AVL,NC,ASO,ES,Combined TRACON& Tower with Radar,30,31,40,2,103,0,0,0,0,0,30,31,40,2,103,0,0,0,103
09/28/2018,AVL,NC,ASO,ES,Combined TRACON& Tower with Radar,28,43,81,6,158,0,3,37,0,40,28,46,118,6,198,58,0,58,256
09/29/2018,AVL,NC,ASO,ES,Combined TRACON& Tower with Radar,25,29,46,3,103,0,0,40,1,41,25,29,86,4,144,0,0,0,144
09/30/2018,AVL,NC,ASO,ES,Combined TRACON& Tower with Radar,29,35,59,2,125,0,0,2,0,2,29,35,61,2,127,0,0,0,127
10/01/2018,AVL,NC,ASO,ES,Combined TRACON& Tower with Radar,25,27,44,12,108,0,0,49,1,50,25,27,93,13,158,4,0,4,162
10/02/2018,AVL,NC,ASO,ES,Combined TRACON& Tower with Radar,23,30,48,13,114,0,1,39,18,58,23,31,87,31,172,12,0,12,184
10/03/2018,AVL,NC,ASO,ES,Combined TRACON& Tower with Radar,28,38,45,9,120,0,4,46,6,56,28,42,91,15,176,0,0,0,176
10/04/2018,AVL,NC,ASO,ES,Combined TRACON& Tower with Radar,32,54,83,26,195,0,0,78,6,84,32,54,161,32,279,12,0,12,291
10/05/2018,AVL,NC,ASO,ES,Combined TRACON& Tower with Radar,28,47,86,11,172,0,2,81,5,88,28,49,167,16,260,6,0,6,266
10/06/2018,AVL,NC,ASO,ES,Combined TRACON& Tower with Radar,45,33,29,7,114,0,2,39,0,41,45,35,68,7,155,0,0,0,155
10/07/2018,AVL,NC,ASO,ES,Combined TRACON& Tower with Radar,33,40,74,21,168,0,3,29,0,32,33,43,103,21,200,0,0,0,200
10/08/2018,AVL,NC,ASO,ES,Combined TRACON& Tower with Radar,31,38,44,0,113,0,0,25,0,25,31,38,69,0,138,0,0,0,138
10/09/2018,AVL,NC,ASO,ES,Combined TRACON& Tower with Radar,32,37,50,0,119,0,0,6,0,6,32,37,56,0,125,0,0,0,125
10/10/2018,AVL,NC,ASO,ES,Combined TRACON& Tower with Radar,24,41,32,1,98,0,0,0,0,0,24,41,32,1,98,0,0,0,98
10/11/2018,AVL,NC,ASO,ES,Combined TRACON& Tower with Radar,29,20,18,0,67,0,0,0,0,0,29,20,18,0,67,0,0,0,67
10/12/2018,AVL,NC,ASO,ES,Combined TRACON& Tower with Radar,34,38,70,5,147,0,1,53,1,55,34,39,123,6,202,12,0,12,214
10/13/2018,AVL,NC,ASO,ES,Combined TRACON& Tower with Radar,27,40,44,12,123,0,4,43,4,51,27,44,87,16,174,4,6,10,184
10/14/2018,AVL,NC,ASO,ES,Combined TRACON& Tower with Radar,30,49,82,2,163,0,0,38,0,38,30,49,120,2,201,0,0,0,201
10/15/2018,AVL,NC,ASO,ES,Combined TRACON& Tower with Radar,34,32,49,2,117,0,2,69,1,72,34,34,118,3,189,0,0,0,189
10/16/2018,AVL,NC,ASO,ES,Combined TRACON& Tower with Radar,30,28,43,5,106,0,0,21,7,28,30,28,64,12,134,0,0,0,134
10/17/2018,AVL,NC,ASO,ES,Combined TRACON& Tower with Radar,24,41,53,5,123,0,4,29,4,37,24,45,82,9,160,0,0,0,160
10/18/2018,AVL,NC,ASO,ES,Combined TRACON& Tower with Radar,32,44,59,11,146,0,2,95,2,99,32,46,154,13,245,16,0,16,261
10/19/2018,AVL,NC,ASO,ES,Combined TRACON& Tower with Radar,34,37,66,4,141,0,0,75,2,77,34,37,141,6,218,0,0,0,218
10/20/2018,AVL,NC,ASO,ES,Combined TRACON& Tower with Radar,27,24,33,0,84,0,0,23,3,26,27,24,56,3,110,0,0,0,110
10/21/2018,AVL,NC,ASO,ES,Combined TRACON& Tower with Radar,33,36,68,6,143,0,0,45,5,50,33,36,113,11,193,4,0,4,197
10/22/2018,AVL,NC,ASO,ES,Combined TRACON& Tower with Radar,35,40,41,6,122,0,2,46,1,49,35,42,87,7,171,0,0,0,171
10/23/2018,AVL,NC,ASO,ES,Combined TRACON& Tower with Radar,30,30,44,19,123,0,2,55,7,64,30,32,99,26,187,0,0,0,187
10/24/2018,AVL,NC,ASO,ES,Combined TRACON& Tower with Radar,24,34,76,6,140,0,0,73,3,76,24,34,149,9,216,86,4,90,306
10/25/2018,AVL,NC,ASO,ES,Combined TRACON& Tower with Radar,32,36,77,12,157,0,0,58,7,65,32,36,135,19,222,10,0,10,232
10/26/2018,AVL,NC,ASO,ES,Combined TRACON& Tower with Radar,30,45,36,1,112,0,0,0,0,0,30,45,36,1,112,0,0,0,112
10/27/2018,AVL,NC,ASO,ES,Combined TRACON& Tower with Radar,26,31,39,4,100,0,0,5,0,5,26,31,44,4,105,0,0,0,105
10/28/2018,AVL,NC,ASO,ES,Combined TRACON& Tower with Radar,32,29,58,5,124,0,0,44,1,45,32,29,102,6,169,0,0,0,169
10/29/2018,AVL,NC,ASO,ES,Combined TRACON& Tower with Radar,36,34,40,5,115,0,1,55,4,60,36,35,95,9,175,0,8,8,183
10/30/2018,AVL,NC,ASO,ES,Combined TRACON& Tower with Radar,26,24,51,16,117,0,1,80,6,87,26,25,131,22,204,72,6,78,282
10/31/2018,AVL,NC,ASO,ES,Combined TRACON& Tower with Radar,22,27,33,17,99,0,0,70,4,74,22,27,103,21,173,24,0,24,197
11/01/2018,AVL,NC,ASO,ES,Combined TRACON& Tower with Radar,29,27,42,2,100,0,2,3,2,7,29,29,45,4,107,0,0,0,107
11/02/2018,AVL,NC,ASO,ES,Combined TRACON& Tower with Radar,33,36,47,12,128,0,0,1,0,1,33,36,48,12,129,0,0,0,129
11/03/2018,AVL,NC,ASO,ES,Combined TRACON& Tower with Radar,28,22,34,13,97,0,0,87,6,93,28,22,121,19,190,84,0,84,274
11/04/2018,AVL,NC,ASO,ES,Combined TRACON& Tower with Radar,34,28,37,2,101,0,0,68,5,73,34,28,105,7,174,18,0,18,192
11/05/2018,AVL,NC,ASO,ES,Combined TRACON& Tower with Radar,39,16,36,7,98,0,0,2,0,2,39,16,38,7,100,16,0,16,116
11/06/2018,AVL,NC,ASO,ES,Combined TRACON& Tower with Radar,29,21,24,2,76,0,0,11,0,11,29,21,35,2,87,0,0,0,87
11/07/2018,AVL,NC,ASO,ES,Combined TRACON& Tower with Radar,32,23,37,3,95,0,0,55,5,60,32,23,92,8,155,26,0,26,181
11/08/2018,AVL,NC,ASO,ES,Combined TRACON& Tower with Radar,35,27,55,0,117,0,1,31,3,35,35,28,86,3,152,0,0,0,152
11/09/2018,AVL,NC,ASO,ES,Combined TRACON& Tower with Radar,36,24,48,0,108,0,0,1,0,1,36,24,49,0,109,0,0,0,109
11/10/2018,AVL,NC,ASO,ES,Combined TRACON& Tower with Radar,27,20,22,7,76,0,0,30,3,33,27,20,52,10,109,0,0,0,109
11/11/2018,AVL,NC,ASO,ES,Combined TRACON& Tower with Radar,34,30,56,2,122,0,1,67,2,70,34,31,123,4,192,0,0,0,192
11/12/2018,AVL,NC,ASO,ES,Combined TRACON& Tower with Radar,33,24,25,0,82,0,0,1,0,1,33,24,26,0,83,0,0,0,83
11/13/2018,AVL,NC,ASO,ES,Combined TRACON& Tower with Radar,29,22,17,6,74,0,0,0,0,0,29,22,17,6,74,0,0,0,74
11/14/2018,AVL,NC,ASO,ES,Combined TRACON& Tower with Radar,34,27,27,3,91,0,1,2,0,3,34,28,29,3,94,0,0,0,94
11/15/2018,AVL,NC,ASO,ES,Combined TRACON& Tower with Radar,28,23,23,0,74,0,0,1,0,1,28,23,24,0,75,0,0,0,75
11/16/2018,AVL,NC,ASO,ES,Combined TRACON& Tower with Radar,37,30,53,18,138,0,5,54,0,59,37,35,107,18,197,4,0,4,201
11/17/2018,AVL,NC,ASO,ES,Combined TRACON& Tower with Radar,29,26,44,8,107,0,1,81,12,94,29,27,125,20,201,28,0,28,229
11/18/2018,AVL,NC,ASO,ES,Combined TRACON& Tower with Radar,30,28,34,5,97,0,2,61,3,66,30,30,95,8,163,64,0,64,227
11/19/2018,AVL,NC,ASO,ES,Combined TRACON& Tower with Radar,38,30,43,6,117,0,1,42,4,47,38,31,85,10,164,16,0,16,180
11/20/2018,AVL,NC,ASO,ES,Combined TRACON& Tower with Radar,34,37,58,15,144,0,1,23,5,29,34,38,81,20,173,0,0,0,173
11/21/2018,AVL,NC,ASO,ES,Combined TRACON& Tower with Radar,38,29,64,11,142,0,0,67,0,67,38,29,131,11,209,0,0,0,209
11/22/2018,AVL,NC,ASO,ES,Combined TRACON& Tower with Radar,23,10,11,0,44,0,0,25,0,25,23,10,36,0,69,0,0,0,69
11/23/2018,AVL,NC,ASO,ES,Combined TRACON& Tower with Radar,34,19,24,0,77,0,1,0,0,1,34,20,24,0,78,0,0,0,78
11/24/2018,AVL,NC,ASO,ES,Combined TRACON& Tower with Radar,40,35,37,0,112,0,0,14,0,14,40,35,51,0,126,12,0,12,138
11/25/2018,AVL,NC,ASO,ES,Combined TRACON& Tower with Radar,48,32,72,2,154,0,2,56,0,58,48,34,128,2,212,0,0,0,212
11/26/2018,AVL,NC,ASO,ES,Combined TRACON& Tower with Radar,40,28,51,5,124,0,0,13,0,13,40,28,64,5,137,0,0,0,137
11/27/2018,AVL,NC,ASO,ES,Combined TRACON& Tower with Radar,18,24,39,5,86,0,1,29,6,36,18,25,68,11,122,54,0,54,176
11/28/2018,AVL,NC,ASO,ES,Combined TRACON& Tower with Radar,19,29,21,15,84,0,2,18,12,32,19,31,39,27,116,6,4,10,126
11/29/2018,AVL,NC,ASO,ES,Combined TRACON& Tower with Radar,29,28,29,16,102,0,4,55,3,62,29,32,84,19,164,94,0,94,258
11/30/2018,AVL,NC,ASO,ES,Combined TRACON& Tower with Radar,29,32,38,10,109,0,0,10,1,11,29,32,48,11,120,83,0,83,203
12/01/2018,AVL,NC,ASO,ES,Combined TRACON& Tower with Radar,27,19,15,6,67,0,0,1,0,1,27,19,16,6,68,0,0,0,68
12/02/2018,AVL,NC,ASO,ES,Combined TRACON& Tower with Radar,32,28,38,18,116,0,0,17,2,19,32,28,55,20,135,10,12,22,157
12/03/2018,AVL,NC,ASO,ES,Combined TRACON& Tower with Radar,30,26,35,4,95,0,2,45,0,47,30,28,80,4,142,94,0,94,236
12/04/2018,AVL,NC,ASO,ES,Combined TRACON& Tower with Radar,24,24,29,6,83,0,0,23,0,23,24,24,52,6,106,48,10,58,164
12/05/2018,AVL,NC,ASO,ES,Combined TRACON& Tower with Radar,20,20,21,0,61,0,0,32,0,32,20,20,53,0,93,102,0,102,195
12/06/2018,AVL,NC,ASO,ES,Combined TRACON& Tower with Radar,28,23,48,5,104,0,0,42,3,45,28,23,90,8,149,115,0,115,264
12/07/2018,AVL,NC,ASO,ES,Combined TRACON& Tower with Radar,29,29,31,4,93,0,0,41,1,42,29,29,72,5,135,77,0,77,212
12/08/2018,AVL,NC,ASO,ES,Combined TRACON& Tower with Radar,18,18,3,1,40,0,0,1,0,1,18,18,4,1,41,0,0,0,41
12/09/2018,AVL,NC,ASO,ES,Combined TRACON& Tower with Radar,1,6,2,0,9,0,0,0,0,0,1,6,2,0,9,0,0,0,9
12/10/2018,AVL,NC,ASO,ES,Combined TRACON& Tower with Radar,20,17,9,0,46,0,1,1,0,2,20,18,10,0,48,0,0,0,48
12/11/2018,AVL,NC,ASO,ES,Combined TRACON& Tower with Radar,23,22,27,8,80,0,0,18,4,22,23,22,45,12,102,12,0,12,114
12/12/2018,AVL,NC,ASO,ES,Combined TRACON& Tower with Radar,21,23,30,2,76,0,0,28,3,31,21,23,58,5,107,40,0,40,147
12/13/2018,AVL,NC,ASO,ES,Combined TRACON& Tower with Radar,31,28,31,3,93,0,0,37,1,38,31,28,68,4,131,84,0,84,215
12/14/2018,AVL,NC,ASO,ES,Combined TRACON& Tower with Radar,26,24,22,2,74,0,0,0,0,0,26,24,22,2,74,0,0,0,74
12/15/2018,AVL,NC,ASO,ES,Combined TRACON& Tower with Radar,29,32,30,0,91,0,0,0,0,0,29,32,30,0,91,0,0,0,91
12/16/2018,AVL,NC,ASO,ES,Combined TRACON& Tower with Radar,30,25,49,2,106,0,0,24,1,25,30,25,73,3,131,18,0,18,149
12/17/2018,AVL,NC,ASO,ES,Combined TRACON& Tower with Radar,29,20,41,10,100,0,0,38,11,49,29,20,79,21,149,54,10,64,213
12/18/2018,AVL,NC,ASO,ES,Combined TRACON& Tower with Radar,23,26,57,10,116,0,0,72,10,82,23,26,129,20,198,88,6,94,292
12/19/2018,AVL,NC,ASO,ES,Combined TRACON& Tower with Radar,21,27,34,9,91,0,0,57,6,63,21,27,91,15,154,105,0,105,259
12/20/2018,AVL,NC,ASO,ES,Combined TRACON& Tower with Radar,33,28,24,0,85,0,0,0,0,0,33,28,24,0,85,0,0,0,85
12/21/2018,AVL,NC,ASO,ES,Combined TRACON& Tower with Radar,27,33,30,0,90,0,0,0,0,0,27,33,30,0,90,0,0,0,90
12/22/2018,AVL,NC,ASO,ES,Combined TRACON& Tower with Radar,27,31,45,0,103,0,0,38,0,38,27,31,83,0,141,14,0,14,155
12/23/2018,AVL,NC,ASO,ES,Combined TRACON& Tower with Radar,29,25,22,0,76,0,0,14,0,14,29,25,36,0,90,18,0,18,108
12/24/2018,AVL,NC,ASO,ES,Combined TRACON& Tower with Radar,31,12,9,0,52,0,0,22,0,22,31,12,31,0,74,24,0,24,98
12/25/2018,AVL,NC,ASO,ES,Combined TRACON& Tower with Radar,24,17,5,0,46,0,0,12,0,12,24,17,17,0,58,23,0,23,81
12/26/2018,AVL,NC,ASO,ES,Combined TRACON& Tower with Radar,34,25,50,7,116,0,0,62,2,64,34,25,112,9,180,76,4,80,260
12/27/2018,AVL,NC,ASO,ES,Combined TRACON& Tower with Radar,31,21,22,7,81,0,1,0,0,1,31,22,22,7,82,0,0,0,82
12/28/2018,AVL,NC,ASO,ES,Combined TRACON& Tower with Radar,34,20,20,0,74,0,1,0,0,1,34,21,20,0,75,0,0,0,75
12/29/2018,AVL,NC,ASO,ES,Combined TRACON& Tower with Radar,30,25,25,0,80,0,0,49,0,49,30,25,74,0,129,80,0,80,209
12/30/2018,AVL,NC,ASO,ES,Combined TRACON& Tower with Radar,28,28,27,0,83,0,0,15,0,15,28,28,42,0,98,22,0,22,120
12/31/2018,AVL,NC,ASO,ES,Combined TRACON& Tower with Radar,30,15,11,0,56,0,0,0,0,0,30,15,11,0,56,0,0,0,56
01/01/2019,AVL,NC,ASO,ES,Combined TRACON& Tower with Radar,28,16,27,0,71,0,0,21,0,21,28,16,48,0,92,34,0,34,126
01/02/2019,AVL,NC,ASO,ES,Combined TRACON& Tower with Radar,37,12,28,2,79,0,0,24,0,24,37,12,52,2,103,82,4,86,189
01/03/2019,AVL,NC,ASO,ES,Combined TRACON& Tower with Radar,30,23,33,2,88,0,0,2,0,2,30,23,35,2,90,34,0,34,124
01/04/2019,AVL,NC,ASO,ES,Combined TRACON& Tower with Radar,36,16,25,0,77,0,0,0,0,0,36,16,25,0,77,0,0,0,77
01/05/2019,AVL,NC,ASO,ES,Combined TRACON& Tower with Radar,26,22,15,0,63,0,0,16,6,22,26,22,31,6,85,20,10,30,115
01/06/2019,AVL,NC,ASO,ES,Combined TRACON& Tower with Radar,26,25,38,1,90,0,0,94,2,96,26,25,132,3,186,60,0,60,246
01/07/2019,AVL,NC,ASO,ES,Combined TRACON& Tower with Radar,26,17,33,0,76,0,0,50,0,50,26,17,83,0,126,134,0,134,260
01/08/2019,AVL,NC,ASO,ES,Combined TRACON& Tower with Radar,20,19,21,2,62,0,0,34,0,34,20,19,55,2,96,45,0,45,141
01/09/2019,AVL,NC,ASO,ES,Combined TRACON& Tower with Radar,23,19,19,2,63,0,0,4,0,4,23,19,23,2,67,0,0,0,67
01/10/2019,AVL,NC,ASO,ES,Combined TRACON& Tower with Radar,24,24,34,13,95,0,0,35,0,35,24,24,69,13,130,61,8,69,199
01/11/2019,AVL,NC,ASO,ES,Combined TRACON& Tower with Radar,25,23,40,4,92,0,3,66,0,69,25,26,106,4,161,50,0,50,211
01/12/2019,AVL,NC,ASO,ES,Combined TRACON& Tower with Radar,22,9,6,0,37,0,1,16,0,17,22,10,22,0,54,18,0,18,72
01/13/2019,AVL,NC,ASO,ES,Combined TRACON& Tower with Radar,21,20,11,0,52,0,0,0,0,0,21,20,11,0,52,0,0,0,52
01/14/2019,AVL,NC,ASO,ES,Combined TRACON& Tower with Radar,25,17,33,2,77,0,0,5,0,5,25,17,38,2,82,16,0,16,98
01/15/2019,AVL,NC,ASO,ES,Combined TRACON& Tower with Radar,16,21,39,5,81,0,0,44,4,48,16,21,83,9,129,34,0,34,163
01/16/2019,AVL,NC,ASO,ES,Combined TRACON& Tower with Radar,18,16,46,25,105,0,2,52,9,63,18,18,98,34,168,84,16,100,268
01/17/2019,AVL,NC,ASO,ES,Combined TRACON& Tower with Radar,24,25,26,0,75,0,2,22,0,24,24,27,48,0,99,10,0,10,109
01/18/2019,AVL,NC,ASO,ES,Combined TRACON& Tower with Radar,25,20,39,0,84,0,0,19,0,19,25,20,58,0,103,72,0,72,175
01/19/2019,AVL,NC,ASO,ES,Combined TRACON& Tower with Radar,20,10,4,0,34,0,0,0,0,0,20,10,4,0,34,0,0,0,34
01/20/2019,AVL,NC,ASO,ES,Combined TRACON& Tower with Radar,25,11,9,0,45,0,1,2,0,3,25,12,11,0,48,0,0,0,48
01/21/2019,AVL,NC,ASO,ES,Combined TRACON& Tower with Radar,26,17,21,0,64,0,0,42,0,42,26,17,63,0,106,30,0,30,136
01/22/2019,AVL,NC,ASO,ES,Combined TRACON& Tower with Radar,16,21,29,0,66,0,1,49,0,50,16,22,78,0,116,71,0,71,187
01/23/2019,AVL,NC,ASO,ES,Combined TRACON& Tower with Radar,13,16,12,0,41,0,0,0,0,0,13,16,12,0,41,0,0,0,41
01/24/2019,AVL,NC,ASO,ES,Combined TRACON& Tower with Radar,26,25,29,4,84,0,0,8,0,8,26,25,37,4,92,1,6,7,99
01/25/2019,AVL,NC,ASO,ES,Combined TRACON& Tower with Radar,26,22,50,28,126,0,0,53,2,55,26,22,103,30,181,98,0,98,279
01/26/2019,AVL,NC,ASO,ES,Combined TRACON& Tower with Radar,24,11,25,2,62,0,0,75,5,80,24,11,100,7,142,80,0,80,222
01/27/2019,AVL,NC,ASO,ES,Combined TRACON& Tower with Radar,24,19,25,4,72,0,0,46,0,46,24,19,71,4,118,46,0,46,164
01/28/2019,AVL,NC,ASO,ES,Combined TRACON& Tower with Radar,26,23,22,0,71,0,1,39,0,40,26,24,61,0,111,48,0,48,159
01/29/2019,AVL,NC,ASO,ES,Combined TRACON& Tower with Radar,16,14,13,0,43,0,1,0,0,1,16,15,13,0,44,0,0,0,44
01/30/2019,AVL,NC,ASO,ES,Combined TRACON& Tower with Radar,19,18,12,3,52,0,0,11,0,11,19,18,23,3,63,2,0,2,65
01/31/2019,AVL,NC,ASO,ES,Combined TRACON& Tower with Radar,24,19,27,3,73,0,0,64,4,68,24,19,91,7,141,126,0,126,267
02/01/2019,AVL,NC,ASO,ES,Combined TRACON& Tower with Radar,26,22,39,17,104,0,0,69,2,71,26,22,108,19,175,84,0,84,259
02/02/2019,AVL,NC,ASO,ES,Combined TRACON& Tower with Radar,26,12,25,6,69,0,1,57,4,62,26,13,82,10,131,20,0,20,151
02/03/2019,AVL,NC,ASO,ES,Combined TRACON& Tower with Radar,27,13,10,6,56,0,0,40,0,40,27,13,50,6,96,28,0,28,124
02/04/2019,AVL,NC,ASO,ES,Combined TRACON& Tower with Radar,27,19,26,3,75,0,0,44,1,45,27,19,70,4,120,54,0,54,174
02/05/2019,AVL,NC,ASO,ES,Combined TRACON& Tower with Radar,16,21,34,13,84,0,0,40,1,41,16,21,74,14,125,62,0,62,187
02/06/2019,AVL,NC,ASO,ES,Combined TRACON& Tower with Radar,18,23,39,4,84,0,0,14,1,15,18,23,53,5,99,70,0,70,169
02/07/2019,AVL,NC,ASO,ES,Combined TRACON& Tower with Radar,25,17,37,4,83,0,2,20,4,26,25,19,57,8,109,92,0,92,201
02/08/2019,AVL,NC,ASO,ES,Combined TRACON& Tower with Radar,26,28,33,2,89,0,0,13,0,13,26,28,46,2,102,0,0,0,102
02/09/2019,AVL,NC,ASO,ES,Combined TRACON& Tower with Radar,26,11,23,10,70,0,0,63,3,66,26,11,86,13,136,86,12,98,234
02/10/2019,AVL,NC,ASO,ES,Combined TRACON& Tower with Radar,25,17,28,0,70,0,0,12,0,12,25,17,40,0,82,8,0,8,90
02/11/2019,AVL,NC,ASO,ES,Combined TRACON& Tower with Radar,27,19,40,0,86,0,0,3,0,3,27,19,43,0,89,16,0,16,105
02/12/2019,AVL,NC,ASO,ES,Combined TRACON& Tower with Radar,18,25,19,0,62,0,0,0,0,0,18,25,19,0,62,0,0,0,62
02/13/2019,AVL,NC,ASO,ES,Combined TRACON& Tower with Radar,20,20,32,8,80,0,0,21,5,26,20,20,53,13,106,35,4,39,145
02/14/2019,AVL,NC,ASO,ES,Combined TRACON& Tower with Radar,27,27,43,3,100,0,0,78,3,81,27,27,121,6,181,81,1,82,263
02/15/2019,AVL,NC,ASO,ES,Combined TRACON& Tower with Radar,28,27,30,0,85,0,1,19,0,20,28,28,49,0,105,50,0,50,155
02/16/2019,AVL,NC,ASO,ES,Combined TRACON& Tower with Radar,21,16,32,2,71,0,0,18,0,18,21,16,50,2,89,74,0,74,163
02/17/2019,AVL,NC,ASO,ES,Combined TRACON& Tower with Radar,26,18,12,0,56,0,0,0,0,0,26,18,12,0,56,0,0,0,56
02/18/2019,AVL,NC,ASO,ES,Combined TRACON& Tower with Radar,27,28,39,0,94,0,0,24,2,26,27,28,63,2,120,59,0,59,179
02/19/2019,AVL,NC,ASO,ES,Combined TRACON& Tower with Radar,22,23,18,0,63,0,0,3,0,3,22,23,21,0,66,48,5,53,119
02/20/2019,AVL,NC,ASO,ES,Combined TRACON& Tower with Radar,26,31,15,0,72,0,0,0,0,0,26,31,15,0,72,0,0,0,72
02/21/2019,AVL,NC,ASO,ES,Combined TRACON& Tower with Radar,28,23,37,4,92,0,0,5,0,5,28,23,42,4,97,50,0,50,147
02/22/2019,AVL,NC,ASO,ES,Combined TRACON& Tower with Radar,27,22,30,0,79,0,0,0,0,0,27,22,30,0,79,0,0,0,79
02/23/2019,AVL,NC,ASO,ES,Combined TRACON& Tower with Radar,24,21,16,0,61,0,0,0,0,0,24,21,16,0,61,0,0,0,61
02/24/2019,AVL,NC,ASO,ES,Combined TRACON& Tower with Radar,36,21,12,0,69,0,1,8,0,9,36,22,20,0,78,7,0,7,85
02/25/2019,AVL,NC,ASO,ES,Combined TRACON& Tower with Radar,32,18,19,7,76,0,0,26,0,26,32,18,45,7,102,28,0,28,130
02/26/2019,AVL,NC,ASO,ES,Combined TRACON& Tower with Radar,24,22,37,6,89,0,0,70,0,70,24,22,107,6,159,89,0,89,248
02/27/2019,AVL,NC,ASO,ES,Combined TRACON& Tower with Radar,28,30,36,8,102,0,0,32,1,33,28,30,68,9,135,70,4,74,209
02/28/2019,AVL,NC,ASO,ES,Combined TRACON& Tower with Radar,29,30,45,0,104,0,0,10,0,10,29,30,55,0,114,64,0,64,178
03/01/2019,AVL,NC,ASO,ES,Combined TRACON& Tower with Radar,32,35,28,1,96,0,0,0,0,0,32,35,28,1,96,0,0,0,96
03/02/2019,AVL,NC,ASO,ES,Combined TRACON& Tower with Radar,26,32,26,1,85,0,0,39,0,39,26,32,65,1,124,32,0,32,156
03/03/2019,AVL,NC,ASO,ES,Combined TRACON& Tower with Radar,31,14,6,1,52,0,0,0,0,0,31,14,6,1,52,0,0,0,52
03/04/2019,AVL,NC,ASO,ES,Combined TRACON& Tower with Radar,35,19,30,6,90,0,0,7,0,7,35,19,37,6,97,8,0,8,105
03/05/2019,AVL,NC,ASO,ES,Combined TRACON& Tower with Radar,31,20,26,5,82,0,0,27,3,30,31,20,53,8,112,24,0,24,136
03/06/2019,AVL,NC,ASO,ES,Combined TRACON& Tower with Radar,36,30,33,2,101,0,0,47,0,47,36,30,80,2,148,98,0,98,246
03/07/2019,AVL,NC,ASO,ES,Combined TRACON& Tower with Radar,34,16,40,3,93,0,0,71,2,73,34,16,111,5,166,96,0,96,262
03/08/2019,AVL,NC,ASO,ES,Combined TRACON& Tower with Radar,38,23,33,1,95,0,0,4,0,4,38,23,37,1,99,16,0,16,115
03/09/2019,AVL,NC,ASO,ES,Combined TRACON& Tower with Radar,24,19,3,2,48,0,0,0,0,0,24,19,3,2,48,0,0,0,48
03/10/2019,AVL,NC,ASO,ES,Combined TRACON& Tower with Radar,35,29,35,0,99,0,0,33,2,35,35,29,68,2,134,48,0,48,182
03/11/2019,AVL,NC,ASO,ES,Combined TRACON& Tower with Radar,37,23,57,11,128,0,0,44,0,44,37,23,101,11,172,71,3,74,246
03/12/2019,AVL,NC,ASO,ES,Combined TRACON& Tower with Radar,28,25,56,3,112,0,3,93,3,99,28,28,149,6,211,76,6,82,293
03/13/2019,AVL,NC,ASO,ES,Combined TRACON& Tower with Radar,36,20,35,6,97,0,3,65,0,68,36,23,100,6,165,50,0,50,215
03/14/2019,AVL,NC,ASO,ES,Combined TRACON& Tower with Radar,36,19,44,0,99,0,0,1,0,1,36,19,45,0,100,0,0,0,100
03/15/2019,AVL,NC,ASO,ES,Combined TRACON& Tower with Radar,35,17,15,4,71,0,0,6,0,6,35,17,21,4,77,0,0,0,77
03/16/2019,AVL,NC,ASO,ES,Combined TRACON& Tower with Radar,28,23,19,0,70,0,0,27,0,27,28,23,46,0,97,6,0,6,103
03/17/2019,AVL,NC,ASO,ES,Combined TRACON& Tower with Radar,34,19,29,9,91,0,0,73,2,75,34,19,102,11,166,115,2,117,283
03/18/2019,AVL,NC,ASO,ES,Combined TRACON& Tower with Radar,36,17,34,3,90,0,0,50,0,50,36,17,84,3,140,28,0,28,168
03/19/2019,AVL,NC,ASO,ES,Combined TRACON& Tower with Radar,30,19,30,8,87,0,0,77,1,78,30,19,107,9,165,73,0,73,238
03/20/2019,AVL,NC,ASO,ES,Combined TRACON& Tower with Radar,36,27,41,0,104,0,0,68,2,70,36,27,109,2,174,123,0,123,297
03/21/2019,AVL,NC,ASO,ES,Combined TRACON& Tower with Radar,35,22,34,3,94,0,0,21,4,25,35,22,55,7,119,58,14,72,191
03/22/2019,AVL,NC,ASO,ES,Combined TRACON& Tower with Radar,36,22,29,9,96,0,1,19,2,22,36,23,48,11,118,0,0,0,118
03/23/2019,AVL,NC,ASO,ES,Combined TRACON& Tower with Radar,28,29,37,4,98,0,0,92,11,103,28,29,129,15,201,58,18,76,277
03/24/2019,AVL,NC,ASO,ES,Combined TRACON& Tower with Radar,34,28,36,3,101,0,0,46,5,51,34,28,82,8,152,54,0,54,206
03/25/2019,AVL,NC,ASO,ES,Combined TRACON& Tower with Radar,38,17,24,1,80,0,0,17,2,19,38,17,41,3,99,14,0,14,113
03/26/2019,AVL,NC,ASO,ES,Combined TRACON& Tower with Radar,30,21,40,4,95,0,0,4,0,4,30,21,44,4,99,14,0,14,113
03/27/2019,AVL,NC,ASO,ES,Combined TRACON& Tower with Radar,36,29,42,3,110,0,0,87,1,88,36,29,129,4,198,94,0,94,292
03/28/2019,AVL,NC,ASO,ES,Combined TRACON& Tower with Radar,34,31,52,6,123,0,0,84,1,85,34,31,136,7,208,70,0,70,278
03/29/2019,AVL,NC,ASO,ES,Combined TRACON& Tower with Radar,36,28,42,13,119,0,2,72,4,78,36,30,114,17,197,110,4,114,311
03/30/2019,AVL,NC,ASO,ES,Combined TRACON& Tower with Radar,27,33,28,3,91,0,1,44,7,52,27,34,72,10,143,36,6,42,185
03/31/2019,AVL,NC,ASO,ES,Combined TRACON& Tower with Radar,33,24,38,4,99,0,0,8,0,8,33,24,46,4,107,0,0,0,107
04/01/2019,AVL,NC,ASO,ES,Combined TRACON& Tower with Radar,37,25,38,9,109,0,4,73,3,80,37,29,111,12,189,44,10,54,243
04/02/2019,AVL,NC,ASO,ES,Combined TRACON& Tower with Radar,36,14,37,12,99,0,1,38,5,44,36,15,75,17,143,130,14,144,287
04/03/2019,AVL,NC,ASO,ES,Combined TRACON& Tower with Radar,42,16,38,14,110,0,0,54,3,57,42,16,92,17,167,80,0,80,247
04/04/2019,AVL,NC,ASO,ES,Combined TRACON& Tower with Radar,37,16,45,15,113,0,0,38,12,50,37,16,83,27,163,87,43,130,293
04/05/2019,AVL,NC,ASO,ES,Combined TRACON& Tower with Radar,41,17,34,9,101,0,0,3,1,4,41,17,37,10,105,3,0,3,108
04/06/2019,AVL,NC,ASO,ES,Combined TRACON& Tower with Radar,33,24,25,2,84,0,0,32,1,33,33,24,57,3,117,39,0,39,156
04/07/2019,AVL,NC,ASO,ES,Combined TRACON& Tower with Radar,35,27,43,1,106,0,0,12,2,14,35,27,55,3,120,14,0,14,134
04/08/2019,AVL,NC,ASO,ES,Combined TRACON& Tower with Radar,36,16,19,0,71,0,0,9,0,9,36,16,28,0,80,0,0,0,80
04/09/2019,AVL,NC,ASO,ES,Combined TRACON& Tower with Radar,34,18,26,3,81,0,0,9,2,11,34,18,35,5,92,12,0,12,104
04/10/2019,AVL,NC,ASO,ES,Combined TRACON& Tower with Radar,38,18,62,6,124,0,0,78,2,80,38,18,140,8,204,60,0,60,264
04/11/2019,AVL,NC,ASO,ES,Combined TRACON& Tower with Radar,37,23,45,8,113,0,0,24,9,33,37,23,69,17,146,42,0,42,188
04/12/2019,AVL,NC,ASO,ES,Combined TRACON& Tower with Radar,39,17,25,0,81,0,0,12,0,12,39,17,37,0,93,0,0,0,93
04/13/2019,AVL,NC,ASO,ES,Combined TRACON& Tower with Radar,32,21,19,0,72,0,0,9,0,9,32,21,28,0,81,22,0,22,103
04/14/2019,AVL,NC,ASO,ES,Combined TRACON& Tower with Radar,33,20,21,0,74,0,0,1,0,1,33,20,22,0,75,0,0,0,75
04/15/2019,AVL,NC,ASO,ES,Combined TRACON& Tower with Radar,36,15,30,2,83,0,4,11,0,15,36,19,41,2,98,0,0,0,98
04/16/2019,AVL,NC,ASO,ES,Combined TRACON& Tower with Radar,35,19,36,11,101,0,4,88,1,93,35,23,124,12,194,102,0,102,296
04/17/2019,AVL,NC,ASO,ES,Combined TRACON& Tower with Radar,42,21,32,5,100,0,0,42,1,43,42,21,74,6,143,91,0,91,234
04/18/2019,AVL,NC,ASO,ES,Combined TRACON& Tower with Radar,39,21,43,21,124,0,0,26,6,32,39,21,69,27,156,34,26,60,216
04/19/2019,AVL,NC,ASO,ES,Combined TRACON& Tower with Radar,30,18,10,1,59,0,0,0,0,0,30,18,10,1,59,0,0,0,59
04/20/2019,AVL,NC,ASO,ES,Combined TRACON& Tower with Radar,29,23,17,7,76,0,0,8,0,8,29,23,25,7,84,6,0,6,90
04/21/2019,AVL,NC,ASO,ES,Combined TRACON& Tower with Radar,35,23,34,7,99,0,0,20,0,20,35,23,54,7,119,14,0,14,133
04/22/2019,AVL,NC,ASO,ES,Combined TRACON& Tower with Radar,39,24,38,3,104,0,1,72,0,73,39,25,110,3,177,107,0,107,284
04/23/2019,AVL,NC,ASO,ES,Combined TRACON& Tower with Radar,34,18,53,10,115,0,0,51,3,54,34,18,104,13,169,94,2,96,265
04/24/2019,AVL,NC,ASO,ES,Combined TRACON& Tower with Radar,40,17,49,4,110,0,0,69,3,72,40,17,118,7,182,88,4,92,274
04/25/2019,AVL,NC,ASO,ES,Combined TRACON& Tower with Radar,39,23,35,4,101,0,0,41,1,42,39,23,76,5,143,64,4,68,211
04/26/2019,AVL,NC,ASO,ES,Combined TRACON& Tower with Radar,41,18,39,4,102,0,0,6,4,10,41,18,45,8,112,2,0,2,114
04/27/2019,AVL,NC,ASO,ES,Combined TRACON& Tower with Radar,38,18,52,3,111,0,0,72,0,72,38,18,124,3,183,78,6,84,267
04/28/2019,AVL,NC,ASO,ES,Combined TRACON& Tower with Radar,37,23,35,3,98,0,0,35,4,39,37,23,70,7,137,20,0,20,157
04/29/2019,AVL,NC,ASO,ES,Combined TRACON& Tower with Radar,40,16,52,4,112,0,0,39,2,41,40,16,91,6,153,58,0,58,211
04/30/2019,AVL,NC,ASO,ES,Combined TRACON& Tower with Radar,36,15,31,11,93,0,0,79,1,80,36,15,110,12,173,64,0,64,237
05/01/2019,AVL,NC,ASO,ES,Combined TRACON& Tower with Radar,40,27,58,8,133,0,0,25,12,37,40,27,83,20,170,14,22,36,206
05/02/2019,AVL,NC,ASO,ES,Combined TRACON& Tower with Radar,38,24,57,2,121,0,1,47,0,48,38,25,104,2,169,71,0,71,240
05/03/2019,AVL,NC,ASO,ES,Combined TRACON& Tower with Radar,42,41,38,4,125,0,0,29,8,37,42,41,67,12,162,64,4,68,230
05/04/2019,AVL,NC,ASO,ES,Combined TRACON& Tower with Radar,39,24,26,0,89,0,1,21,0,22,39,25,47,0,111,46,0,46,157
05/05/2019,AVL,NC,ASO,ES,Combined TRACON& Tower with Radar,39,23,34,5,101,0,0,9,1,10,39,23,43,6,111,12,0,12,123
05/06/2019,AVL,NC,ASO,ES,Combined TRACON& Tower with Radar,41,31,56,5,133,0,2,35,3,40,41,33,91,8,173,64,0,64,237
05/07/2019,AVL,NC,ASO,ES,Combined TRACON& Tower with Radar,34,30,63,2,129,0,0,33,1,34,34,30,96,3,163,70,0,70,233
05/08/2019,AVL,NC,ASO,ES,Combined TRACON& Tower with Radar,38,28,64,3,133,0,0,27,2,29,38,28,91,5,162,94,0,94,256
05/09/2019,AVL,NC,ASO,ES,Combined TRACON& Tower with Radar,41,36,62,6,145,0,2,33,5,40,41,38,95,11,185,112,14,126,311
05/10/2019,AVL,NC,ASO,ES,Combined TRACON& Tower with Radar,40,30,46,2,118,0,2,7,0,9,40,32,53,2,127,35,0,35,162
05/11/2019,AVL,NC,ASO,ES,Combined TRACON& Tower with Radar,36,22,18,0,76,0,0,2,0,2,36,22,20,0,78,0,0,0,78
05/12/2019,AVL,NC,ASO,ES,Combined TRACON& Tower with Radar,41,40,24,0,105,0,1,3,0,4,41,41,27,0,109,0,0,0,109
05/13/2019,AVL,NC,ASO,ES,Combined TRACON& Tower with Radar,39,30,46,8,123,0,0,31,3,34,39,30,77,11,157,54,4,58,215
05/14/2019,AVL,NC,ASO,ES,Combined TRACON& Tower with Radar,36,22,49,6,113,0,1,45,5,51,36,23,94,11,164,46,0,46,210
05/15/2019,AVL,NC,ASO,ES,Combined TRACON& Tower with Radar,41,25,68,8,142,0,2,63,10,75,41,27,131,18,217,50,10,60,277
05/16/2019,AVL,NC,ASO,ES,Combined TRACON& Tower with Radar,40,37,65,18,160,0,5,66,2,73,40,42,131,20,233,118,8,126,359
05/17/2019,AVL,NC,ASO,ES,Combined TRACON& Tower with Radar,39,38,73,16,166,0,3,35,1,39,39,41,108,17,205,52,16,68,273
05/18/2019,AVL,NC,ASO,ES,Combined TRACON& Tower with Radar,39,26,45,0,110,0,6,89,0,95,39,32,134,0,205,20,0,20,225
05/19/2019,AVL,NC,ASO,ES,Combined TRACON& Tower with Radar,40,38,55,3,136,0,2,43,0,45,40,40,98,3,181,18,0,18,199
05/20/2019,AVL,NC,ASO,ES,Combined TRACON& Tower with Radar,37,33,40,1,111,0,4,46,2,52,37,37,86,3,163,85,0,85,248
05/21/2019,AVL,NC,ASO,ES,Combined TRACON& Tower with Radar,34,24,33,2,93,0,0,62,2,64,34,24,95,4,157,81,0,81,238
05/22/2019,AVL,NC,ASO,ES,Combined TRACON& Tower with Radar,38,34,76,2,150,0,2,30,0,32,38,36,106,2,182,66,0,66,248
05/23/2019,AVL,NC,ASO,ES,Combined TRACON& Tower with Radar,39,50,58,0,147,0,4,34,0,38,39,54,92,0,185,59,0,59,244
05/24/2019,AVL,NC,ASO,ES,Combined TRACON& Tower with Radar,39,37,85,2,163,0,0,63,0,63,39,37,148,2,226,80,0,80,306
05/25/2019,AVL,NC,ASO,ES,Combined TRACON& Tower with Radar,42,30,25,0,97,0,0,62,0,62,42,30,87,0,159,74,0,74,233
05/26/2019,AVL,NC,ASO,ES,Combined TRACON& Tower with Radar,38,30,23,6,97,0,1,37,0,38,38,31,60,6,135,17,4,21,156
05/27/2019,AVL,NC,ASO,ES,Combined TRACON& Tower with Radar,41,32,41,0,114,0,0,51,0,51,41,32,92,0,165,74,0,74,239
05/28/2019,AVL,NC,ASO,ES,Combined TRACON& Tower with Radar,35,32,36,5,108,0,0,61,4,65,35,32,97,9,173,101,12,113,286
05/29/2019,AVL,NC,ASO,ES,Combined TRACON& Tower with Radar,37,29,43,23,132,0,2,52,7,61,37,31,95,30,193,70,0,70,263
05/30/2019,AVL,NC,ASO,ES,Combined TRACON& Tower with Radar,44,34,35,4,117,0,0,33,1,34,44,34,68,5,151,37,0,37,188
05/31/2019,AVL,NC,ASO,ES,Combined TRACON& Tower with Radar,39,30,60,25,154,0,0,47,5,52,39,30,107,30,206,80,8,88,294
06/01/2019,AVL,NC,ASO,ES,Combined TRACON& Tower with Radar,42,23,45,0,110,0,1,97,1,99,42,24,142,1,209,40,0,40,249
06/02/2019,AVL,NC,ASO,ES,Combined TRACON& Tower with Radar,42,37,67,5,151,0,0,44,7,51,42,37,111,12,202,22,0,22,224
06/03/2019,AVL,NC,ASO,ES,Combined TRACON& Tower with Radar,38,28,50,5,121,0,0,37,0,37,38,28,87,5,158,37,0,37,195
06/04/2019,AVL,NC,ASO,ES,Combined TRACON& Tower with Radar,34,25,51,6,116,0,2,49,1,52,34,27,100,7,168,99,0,99,267
06/05/2019,AVL,NC,ASO,ES,Combined TRACON& Tower with Radar,36,34,32,3,105,0,2,12,0,14,36,36,44,3,119,59,0,59,178
06/06/2019,AVL,NC,ASO,ES,Combined TRACON& Tower with Radar,36,39,50,0,125,0,0,10,2,12,36,39,60,2,137,24,0,24,161
06/07/2019,AVL,NC,ASO,ES,Combined TRACON& Tower with Radar,39,31,31,0,101,0,0,1,0,1,39,31,32,0,102,0,0,0,102
06/08/2019,AVL,NC,ASO,ES,Combined TRACON& Tower with Radar,37,28,24,0,89,0,0,0,0,0,37,28,24,0,89,6,0,6,95
06/09/2019,AVL,NC,ASO,ES,Combined TRACON& Tower with Radar,34,50,53,0,137,0,0,0,0,0,34,50,53,0,137,0,0,0,137
06/10/2019,AVL,NC,ASO,ES,Combined TRACON& Tower with Radar,34,34,35,7,110,0,0,4,0,4,34,34,39,7,114,8,0,8,122
06/11/2019,AVL,NC,ASO,ES,Combined TRACON& Tower with Radar,32,43,56,13,144,0,0,48,7,55,32,43,104,20,199,40,5,45,244
06/12/2019,AVL,NC,ASO,ES,Combined TRACON& Tower with Radar,38,41,39,4,122,0,0,39,0,39,38,41,78,4,161,61,0,61,222
06/13/2019,AVL,NC,ASO,ES,Combined TRACON& Tower with Radar,35,41,54,1,131,0,0,34,1,35,35,41,88,2,166,92,0,92,258
06/14/2019,AVL,NC,ASO,ES,Combined TRACON& Tower with Radar,38,50,68,9,165,0,1,72,10,83,38,51,140,19,248,105,6,111,359
06/15/2019,AVL,NC,ASO,ES,Combined TRACON& Tower with Radar,39,37,41,7,124,0,2,57,1,60,39,39,98,8,184,69,14,83,267
06/16/2019,AVL,NC,ASO,ES,Combined TRACON& Tower with Radar,37,40,76,11,164,0,0,33,8,41,37,40,109,19,205,48,0,48,253
06/17/2019,AVL,NC,ASO,ES,Combined TRACON& Tower with Radar,36,45,54,0,135,0,4,38,1,43,36,49,92,1,178,48,0,48,226
06/18/2019,AVL,NC,ASO,ES,Combined TRACON& Tower with Radar,34,30,44,3,111,0,0,2,2,4,34,30,46,5,115,0,0,0,115
06/19/2019,AVL,NC,ASO,ES,Combined TRACON& Tower with Radar,34,45,47,5,131,0,0,13,4,17,34,45,60,9,148,28,0,28,176
06/20/2019,AVL,NC,ASO,ES,Combined TRACON& Tower with Radar,41,37,41,6,125,0,0,21,2,23,41,37,62,8,148,40,0,40,188
06/21/2019,AVL,NC,ASO,ES,Combined TRACON& Tower with Radar,36,47,85,7,175,0,0,53,6,59,36,47,138,13,234,38,0,38,272
06/22/2019,AVL,NC,ASO,ES,Combined TRACON& Tower with Radar,40,42,40,2,124,0,0,37,1,38,40,42,77,3,162,90,0,90,252
06/23/2019,AVL,NC,ASO,ES,Combined TRACON& Tower with Radar,40,67,73,5,185,0,1,25,2,28,40,68,98,7,213,62,0,62,275
06/24/2019,AVL,NC,ASO,ES,Combined TRACON& Tower with Radar,42,56,51,4,153,0,0,33,0,33,42,56,84,4,186,48,0,48,234
06/25/2019,AVL,NC,ASO,ES,Combined TRACON& Tower with Radar,32,38,55,9,134,0,0,60,2,62,32,38,115,11,196,81,0,81,277
06/26/2019,AVL,NC,ASO,ES,Combined TRACON& Tower with Radar,33,36,63,7,139,0,0,62,0,62,33,36,125,7,201,128,0,128,329
06/27/2019,AVL,NC,ASO,ES,Combined TRACON& Tower with Radar,36,64,74,8,182,0,0,57,0,57,36,64,131,8,239,92,2,94,333
06/28/2019,AVL,NC,ASO,ES,Combined TRACON& Tower with Radar,40,62,91,3,196,0,0,56,1,57,40,62,147,4,253,88,2,90,343
06/29/2019,AVL,NC,ASO,ES,Combined TRACON& Tower with Radar,39,42,56,1,138,0,1,77,2,80,39,43,133,3,218,66,12,78,296
06/30/2019,AVL,NC,ASO,ES,Combined TRACON& Tower with Radar,41,56,92,2,191,0,0,35,2,37,41,56,127,4,228,8,0,8,236
07/01/2019,AVL,NC,ASO,ES,Combined TRACON& Tower with Radar,37,44,41,2,124,0,0,35,2,37,37,44,76,4,161,31,2,33,194
07/02/2019,AVL,NC,ASO,ES,Combined TRACON& Tower with Radar,33,44,41,11,129,0,2,55,0,57,33,46,96,11,186,30,0,30,216
07/03/2019,AVL,NC,ASO,ES,Combined TRACON& Tower with Radar,34,39,57,14,144,0,4,32,0,36,34,43,89,14,180,19,0,19,199
07/04/2019,AVL,NC,ASO,ES,Combined TRACON& Tower with Radar,29,31,20,0,80,0,0,22,0,22,29,31,42,0,102,27,0,27,129
07/05/2019,AVL,NC,ASO,ES,Combined TRACON& Tower with Radar,34,37,46,0,117,0,0,13,0,13,34,37,59,0,130,10,0,10,140
07/06/2019,AVL,NC,ASO,ES,Combined TRACON& Tower with Radar,39,50,45,0,134,0,1,14,0,15,39,51,59,0,149,50,0,50,199
07/07/2019,AVL,NC,ASO,ES,Combined TRACON& Tower with Radar,39,55,73,0,167,0,0,27,0,27,39,55,100,0,194,8,0,8,202
07/08/2019,AVL,NC,ASO,ES,Combined TRACON& Tower with Radar,37,45,56,9,147,0,0,50,1,51,37,45,106,10,198,70,0,70,268
07/09/2019,AVL,NC,ASO,ES,Combined TRACON& Tower with Radar,34,41,50,0,125,0,0,11,0,11,34,41,61,0,136,106,0,106,242
07/10/2019,AVL,NC,ASO,ES,Combined TRACON& Tower with Radar,36,48,79,1,164,0,0,20,0,20,36,48,99,1,184,44,0,44,228
07/11/2019,AVL,NC,ASO,ES,Combined TRACON& Tower with Radar,33,45,51,2,131,0,0,23,0,23,33,45,74,2,154,111,0,111,265
07/12/2019,AVL,NC,ASO,ES,Combined TRACON& Tower with Radar,35,47,87,0,169,0,0,25,5,30,35,47,112,5,199,28,4,32,231
07/13/2019,AVL,NC,ASO,ES,Combined TRACON& Tower with Radar,41,44,40,9,134,0,0,28,0,28,41,44,68,9,162,44,0,44,206
07/14/2019,AVL,NC,ASO,ES,Combined TRACON& Tower with Radar,39,48,57,0,144,0,0,52,1,53,39,48,109,1,197,59,0,59,256
07/15/2019,AVL,NC,ASO,ES,Combined TRACON& Tower with Radar,38,33,48,2,121,0,0,28,0,28,38,33,76,2,149,72,0,72,221
07/16/2019,AVL,NC,ASO,ES,Combined TRACON& Tower with Radar,32,42,52,2,128,0,2,42,2,46,32,44,94,4,174,82,0,82,256
07/17/2019,AVL,NC,ASO,ES,Combined TRACON& Tower with Radar,32,37,41,4,114,0,0,40,3,43,32,37,81,7,157,88,0,88,245
07/18/2019,AVL,NC,ASO,ES,Combined TRACON& Tower with Radar,35,42,69,13,159,0,0,34,1,35,35,42,103,14,194,164,6,170,364
07/19/2019,AVL,NC,ASO,ES,Combined TRACON& Tower with Radar,36,48,70,3,157,0,0,57,3,60,36,48,127,6,217,89,0,89,306
07/20/2019,AVL,NC,ASO,ES,Combined TRACON& Tower with Radar,38,34,45,14,131,0,0,60,2,62,38,34,105,16,193,124,10,134,327
07/21/2019,AVL,NC,ASO,ES,Combined TRACON& Tower with Radar,40,45,66,2,153,0,0,41,2,43,40,45,107,4,196,60,0,60,256
07/22/2019,AVL,NC,ASO,ES,Combined TRACON& Tower with Radar,40,40,52,1,133,0,1,54,5,60,40,41,106,6,193,96,0,96,289
07/23/2019,AVL,NC,ASO,ES,Combined TRACON& Tower with Radar,36,42,48,4,130,0,0,10,2,12,36,42,58,6,142,10,0,10,152
07/24/2019,AVL,NC,ASO,ES,Combined TRACON& Tower with Radar,33,47,71,7,158,0,0,102,12,114,33,47,173,19,272,158,0,158,430
07/25/2019,AVL,NC,ASO,ES,Combined TRACON& Tower with Radar,36,44,57,11,148,0,0,89,8,97,36,44,146,19,245,72,6,78,323
07/26/2019,AVL,NC,ASO,ES,Combined TRACON& Tower with Radar,38,44,78,10,170,0,0,74,20,94,38,44,152,30,264,86,2,88,352
07/27/2019,AVL,NC,ASO,ES,Combined TRACON& Tower with Radar,39,44,41,8,132,0,0,57,13,70,39,44,98,21,202,99,28,127,329
07/28/2019,AVL,NC,ASO,ES,Combined TRACON& Tower with Radar,40,57,90,1,188,0,0,61,8,69,40,57,151,9,257,60,0,60,317
07/29/2019,AVL,NC,ASO,ES,Combined TRACON& Tower with Radar,37,47,45,7,136,0,0,50,4,54,37,47,95,11,190,111,13,124,314
07/30/2019,AVL,NC,ASO,ES,Combined TRACON& Tower with Radar,35,37,39,2,113,0,0,40,2,42,35,37,79,4,155,124,0,124,279
07/31/2019,AVL,NC,ASO,ES,Combined TRACON& Tower with Radar,33,38,46,2,119,0,0,43,4,47,33,38,89,6,166,140,0,140,306
08/01/2019,AVL,NC,ASO,ES,Combined TRACON& Tower with Radar,34,45,53,2,134,0,0,23,0,23,34,45,76,2,157,38,0,38,195
08/02/2019,AVL,NC,ASO,ES,Combined TRACON& Tower with Radar,38,38,68,0,144,0,0,14,0,14,38,38,82,0,158,28,0,28,186
08/03/2019,AVL,NC,ASO,ES,Combined TRACON& Tower with Radar,37,38,39,0,114,0,0,29,0,29,37,38,68,0,143,101,0,101,244
08/04/2019,AVL,NC,ASO,ES,Combined TRACON& Tower with Radar,38,52,60,0,150,0,0,34,0,34,38,52,94,0,184,32,0,32,216
08/05/2019,AVL,NC,ASO,ES,Combined TRACON& Tower with Radar,39,48,55,0,142,0,3,18,0,21,39,51,73,0,163,86,0,86,249
08/06/2019,AVL,NC,ASO,ES,Combined TRACON& Tower with Radar,31,40,36,0,107,0,0,41,2,43,31,40,77,2,150,62,1,63,213
08/07/2019,AVL,NC,ASO,ES,Combined TRACON& Tower with Radar,31,47,60,2,140,0,0,49,3,52,31,47,109,5,192,24,0,24,216
08/08/2019,AVL,NC,ASO,ES,Combined TRACON& Tower with Radar,38,49,64,3,154,0,2,63,0,65,38,51,127,3,219,112,0,112,331
08/09/2019,AVL,NC,ASO,ES,Combined TRACON& Tower with Radar,40,58,66,9,173,0,6,84,6,96,40,64,150,15,269,46,6,52,321
08/10/2019,AVL,NC,ASO,ES,Combined TRACON& Tower with Radar,37,46,57,0,140,0,0,31,0,31,37,46,88,0,171,46,0,46,217
08/11/2019,AVL,NC,ASO,ES,Combined TRACON& Tower with Radar,36,49,61,1,147,0,1,52,6,59,36,50,113,7,206,24,0,24,230
08/12/2019,AVL,NC,ASO,ES,Combined TRACON& Tower with Radar,37,38,58,3,136,0,1,36,2,39,37,39,94,5,175,88,0,88,263
08/13/2019,AVL,NC,ASO,ES,Combined TRACON& Tower with Radar,32,48,44,7,131,0,1,42,2,45,32,49,86,9,176,116,0,116,292
08/14/2019,AVL,NC,ASO,ES,Combined TRACON& Tower with Radar,38,42,60,4,144,0,1,28,2,31,38,43,88,6,175,22,0,22,197
08/15/2019,AVL,NC,ASO,ES,Combined TRACON& Tower with Radar,31,44,61,6,142,0,0,47,2,49,31,44,108,8,191,110,4,114,305
08/16/2019,AVL,NC,ASO,ES,Combined TRACON& Tower with Radar,39,46,54,38,177,0,0,71,6,77,39,46,125,44,254,93,12,105,359
08/17/2019,AVL,NC,ASO,ES,Combined TRACON& Tower with Radar,40,41,25,9,115,0,0,66,1,67,40,41,91,10,182,94,0,94,276
08/18/2019,AVL,NC,ASO,ES,Combined TRACON& Tower with Radar,46,46,63,8,163,0,0,46,2,48,46,46,109,10,211,38,0,38,249
08/19/2019,AVL,NC,ASO,ES,Combined TRACON& Tower with Radar,39,34,51,1,125,0,0,40,2,42,39,34,91,3,167,33,0,33,200
08/20/2019,AVL,NC,ASO,ES,Combined TRACON& Tower with Radar,29,35,50,0,114,0,1,53,1,55,29,36,103,1,169,109,0,109,278
08/21/2019,AVL,NC,ASO,ES,Combined TRACON& Tower with Radar,39,38,37,6,120,0,0,34,2,36,39,38,71,8,156,32,0,32,188
08/22/2019,AVL,NC,ASO,ES,Combined TRACON& Tower with Radar,42,47,54,3,146,0,0,17,1,18,42,47,71,4,164,34,0,34,198
08/23/2019,AVL,NC,ASO,ES,Combined TRACON& Tower with Radar,42,44,50,6,142,0,0,12,2,14,42,44,62,8,156,0,0,0,156
08/24/2019,AVL,NC,ASO,ES,Combined TRACON& Tower with Radar,39,34,23,1,97,0,0,0,0,0,39,34,23,1,97,0,0,0,97
08/25/2019,AVL,NC,ASO,ES,Combined TRACON& Tower with Radar,44,49,59,1,153,0,0,9,0,9,44,49,68,1,162,62,0,62,224
08/26/2019,AVL,NC,ASO,ES,Combined TRACON& Tower with Radar,36,41,36,4,117,0,0,22,0,22,36,41,58,4,139,108,0,108,247
08/27/2019,AVL,NC,ASO,ES,Combined TRACON& Tower with Radar,26,37,49,1,113,0,0,0,0,0,26,37,49,1,113,0,0,0,113
08/28/2019,AVL,NC,ASO,ES,Combined TRACON& Tower with Radar,32,42,54,7,135,0,0,30,0,30,32,42,84,7,165,64,0,64,229
08/29/2019,AVL,NC,ASO,ES,Combined TRACON& Tower with Radar,42,51,41,4,138,0,2,97,1,100,42,53,138,5,238,85,0,85,323
08/30/2019,AVL,NC,ASO,ES,Combined TRACON& Tower with Radar,37,47,73,0,157,0,0,82,1,83,37,47,155,1,240,86,0,86,326
08/31/2019,AVL,NC,ASO,ES,Combined TRACON& Tower with Radar,39,44,49,0,132,0,0,78,0,78,39,44,127,0,210,87,0,87,297
09/01/2019,AVL,NC,ASO,ES,Combined TRACON& Tower with Radar,42,24,29,0,95,0,0,41,0,41,42,24,70,0,136,56,0,56,192
09/02/2019,AVL,NC,ASO,ES,Combined TRACON& Tower with Radar,39,43,61,0,143,0,0,60,0,60,39,43,121,0,203,103,0,103,306
09/03/2019,AVL,NC,ASO,ES,Combined TRACON& Tower with Radar,33,35,49,4,121,0,2,64,3,69,33,37,113,7,190,68,8,76,266
09/04/2019,AVL,NC,ASO,ES,Combined TRACON& Tower with Radar,40,31,50,3,124,0,0,61,2,63,40,31,111,5,187,114,0,114,301
09/05/2019,AVL,NC,ASO,ES,Combined TRACON& Tower with Radar,50,32,56,2,140,0,0,29,0,29,50,32,85,2,169,26,0,26,195
09/06/2019,AVL,NC,ASO,ES,Combined TRACON& Tower with Radar,45,32,53,5,135,0,0,67,6,73,45,32,120,11,208,31,0,31,239
09/07/2019,AVL,NC,ASO,ES,Combined TRACON& Tower with Radar,41,34,32,8,115,0,0,79,12,91,41,34,111,20,206,83,0,83,289
09/08/2019,AVL,NC,ASO,ES,Combined TRACON& Tower with Radar,45,35,46,0,126,0,0,64,7,71,45,35,110,7,197,44,0,44,241
09/09/2019,AVL,NC,ASO,ES,Combined TRACON& Tower with Radar,43,29,45,6,123,0,0,44,2,46,43,29,89,8,169,56,0,56,225
09/10/2019,AVL,NC,ASO,ES,Combined TRACON& Tower with Radar,32,30,43,8,113,0,0,62,1,63,32,30,105,9,176,106,0,106,282
09/11/2019,AVL,NC,ASO,ES,Combined TRACON& Tower with Radar,34,26,35,3,98,0,0,47,4,51,34,26,82,7,149,94,0,94,243
09/12/2019,AVL,NC,ASO,ES,Combined TRACON& Tower with Radar,46,29,71,5,151,0,1,57,1,59,46,30,128,6,210,52,4,56,266
09/13/2019,AVL,NC,ASO,ES,Combined TRACON& Tower with Radar,45,37,60,24,166,0,1,30,4,35,45,38,90,28,201,62,2,64,265
09/14/2019,AVL,NC,ASO,ES,Combined TRACON& Tower with Radar,42,30,30,4,106,0,0,6,0,6,42,30,36,4,112,54,0,54,166
09/15/2019,AVL,NC,ASO,ES,Combined TRACON& Tower with Radar,47,40,72,20,179,0,0,50,5,55,47,40,122,25,234,36,0,36,270
09/16/2019,AVL,NC,ASO,ES,Combined TRACON& Tower with Radar,42,30,44,11,127,0,4,43,0,47,42,34,87,11,174,62,0,62,236
09/17/2019,AVL,NC,ASO,ES,Combined TRACON& Tower with Radar,36,25,53,2,116,0,1,51,5,57,36,26,104,7,173,122,0,122,295
09/18/2019,AVL,NC,ASO,ES,Combined TRACON& Tower with Radar,36,29,38,12,115,0,0,3,0,3,36,29,41,12,118,0,0,0,118
09/19/2019,AVL,NC,ASO,ES,Combined TRACON& Tower with Radar,46,25,62,4,137,0,0,28,2,30,46,25,90,6,167,76,0,76,243
09/20/2019,AVL,NC,ASO,ES,Combined TRACON& Tower with Radar,45,31,53,5,134,0,2,63,1,66,45,33,116,6,200,87,0,87,287
09/21/2019,AVL,NC,ASO,ES,Combined TRACON& Tower with Radar,41,26,40,1,108,0,0,55,1,56,41,26,95,2,164,59,0,59,223
09/22/2019,AVL,NC,ASO,ES,Combined TRACON& Tower with Radar,50,41,48,7,146,0,1,64,1,66,50,42,112,8,212,34,0,34,246
09/23/2019,AVL,NC,ASO,ES,Combined TRACON& Tower with Radar,45,32,36,4,117,0,0,60,0,60,45,32,96,4,177,47,0,47,224
09/24/2019,AVL,NC,ASO,ES,Combined TRACON& Tower with Radar,36,26,46,3,111,0,3,51,6,60,36,29,97,9,171,78,0,78,249
09/25/2019,AVL,NC,ASO,ES,Combined TRACON& Tower with Radar,37,25,37,6,105,0,1,47,0,48,37,26,84,6,153,70,0,70,223
09/26/2019,AVL,NC,ASO,ES,Combined TRACON& Tower with Radar,46,35,65,0,146,0,0,53,0,53,46,35,118,0,199,64,0,64,263
09/27/2019,AVL,NC,ASO,ES,Combined TRACON& Tower with Radar,43,26,58,6,133,0,0,51,9,60,43,26,109,15,193,62,4,66,259
09/28/2019,AVL,NC,ASO,ES,Combined TRACON& Tower with Radar,42,24,27,4,97,0,0,25,0,25,42,24,52,4,122,62,0,62,184
09/29/2019,AVL,NC,ASO,ES,Combined TRACON& Tower with Radar,46,35,65,1,147,0,0,57,6,63,46,35,122,7,210,100,0,100,310
09/30/2019,AVL,NC,ASO,ES,Combined TRACON& Tower with Radar,42,38,47,3,130,0,0,35,0,35,42,38,82,3,165,50,0,50,215
10/01/2019,AVL,NC,ASO,ES,Combined TRACON& Tower with Radar,40,24,45,1,110,0,0,23,4,27,40,24,68,5,137,35,0,35,172
10/02/2019,AVL,NC,ASO,ES,Combined TRACON& Tower with Radar,46,27,55,3,131,0,0,71,3,74,46,27,126,6,205,24,0,24,229
10/03/2019,AVL,NC,ASO,ES,Combined TRACON& Tower with Radar,50,30,61,1,142,0,0,61,1,62,50,30,122,2,204,38,0,38,242
10/04/2019,AVL,NC,ASO,ES,Combined TRACON& Tower with Radar,48,27,70,32,177,0,3,56,14,73,48,30,126,46,250,81,0,81,331
10/05/2019,AVL,NC,ASO,ES,Combined TRACON& Tower with Radar,39,39,31,2,111,0,0,0,0,0,39,39,31,2,111,0,0,0,111
10/06/2019,AVL,NC,ASO,ES,Combined TRACON& Tower with Radar,54,28,85,15,182,0,0,2,0,2,54,28,87,15,184,10,0,10,194
10/07/2019,AVL,NC,ASO,ES,Combined TRACON& Tower with Radar,45,30,51,1,127,0,0,13,1,14,45,30,64,2,141,30,0,30,171
10/08/2019,AVL,NC,ASO,ES,Combined TRACON& Tower with Radar,44,28,57,8,137,0,0,0,0,0,44,28,57,8,137,0,0,0,137
10/09/2019,AVL,NC,ASO,ES,Combined TRACON& Tower with Radar,46,42,72,0,160,0,0,30,0,30,46,42,102,0,190,58,0,58,248
10/10/2019,AVL,NC,ASO,ES,Combined TRACON& Tower with Radar,49,34,65,2,150,0,0,56,0,56,49,34,121,2,206,42,0,42,248
10/11/2019,AVL,NC,ASO,ES,Combined TRACON& Tower with Radar,49,58,70,10,187,0,0,60,4,64,49,58,130,14,251,56,0,56,307
10/12/2019,AVL,NC,ASO,ES,Combined TRACON& Tower with Radar,45,36,45,7,133,0,0,87,1,88,45,36,132,8,221,71,0,71,292
10/13/2019,AVL,NC,ASO,ES,Combined TRACON& Tower with Radar,50,47,65,7,169,0,0,9,0,9,50,47,74,7,178,0,0,0,178
10/14/2019,AVL,NC,ASO,ES,Combined TRACON& Tower with Radar,46,36,61,3,146,0,1,69,0,70,46,37,130,3,216,89,0,89,305
10/15/2019,AVL,NC,ASO,ES,Combined TRACON& Tower with Radar,43,29,57,1,130,0,2,51,4,57,43,31,108,5,187,78,0,78,265
10/16/2019,AVL,NC,ASO,ES,Combined TRACON& Tower with Radar,47,38,37,4,126,0,1,11,2,14,47,39,48,6,140,16,0,16,156
10/17/2019,AVL,NC,ASO,ES,Combined TRACON& Tower with Radar,51,36,93,7,187,0,2,54,2,58,51,38,147,9,245,40,0,40,285
10/18/2019,AVL,NC,ASO,ES,Combined TRACON& Tower with Radar,42,54,69,21,186,0,1,97,3,101,42,55,166,24,287,42,0,42,329
10/19/2019,AVL,NC,ASO,ES,Combined TRACON& Tower with Radar,41,36,21,1,99,0,0,14,3,17,41,36,35,4,116,10,0,10,126
10/20/2019,AVL,NC,ASO,ES,Combined TRACON& Tower with Radar,53,44,64,13,174,0,0,21,0,21,53,44,85,13,195,8,0,8,203
10/21/2019,AVL,NC,ASO,ES,Combined TRACON& Tower with Radar,45,32,43,4,124,0,2,5,0,7,45,34,48,4,131,14,0,14,145
10/22/2019,AVL,NC,ASO,ES,Combined TRACON& Tower with Radar,42,30,28,7,107,0,0,21,7,28,42,30,49,14,135,58,0,58,193
10/23/2019,AVL,NC,ASO,ES,Combined TRACON& Tower with Radar,46,34,62,6,148,0,0,81,4,85,46,34,143,10,233,132,18,150,383
10/24/2019,AVL,NC,ASO,ES,Combined TRACON& Tower with Radar,45,39,80,9,173,0,0,106,2,108,45,39,186,11,281,106,8,114,395
10/25/2019,AVL,NC,ASO,ES,Combined TRACON& Tower with Radar,48,42,63,0,153,0,0,7,0,7,48,42,70,0,160,22,0,22,182
10/26/2019,AVL,NC,ASO,ES,Combined TRACON& Tower with Radar,35,34,26,0,95,0,0,1,0,1,35,34,27,0,96,0,0,0,96
10/27/2019,AVL,NC,ASO,ES,Combined TRACON& Tower with Radar,51,28,60,0,139,0,0,30,0,30,51,28,90,0,169,8,0,8,177
10/28/2019,AVL,NC,ASO,ES,Combined TRACON& Tower with Radar,49,26,56,4,135,0,0,65,0,65,49,26,121,4,200,56,2,58,258
10/29/2019,AVL,NC,ASO,ES,Combined TRACON& Tower with Radar,45,31,59,8,143,0,1,25,2,28,45,32,84,10,171,98,0,98,269
10/30/2019,AVL,NC,ASO,ES,Combined TRACON& Tower with Radar,42,35,33,0,110,0,0,0,0,0,42,35,33,0,110,0,0,0,110
10/31/2019,AVL,NC,ASO,ES,Combined TRACON& Tower with Radar,47,20,14,0,81,0,0,3,1,4,47,20,17,1,85,0,0,0,85
11/01/2019,AVL,NC,ASO,ES,Combined TRACON& Tower with Radar,44,34,65,23,166,0,0,69,6,75,44,34,134,29,241,13,4,17,258
11/02/2019,AVL,NC,ASO,ES,Combined TRACON& Tower with Radar,41,27,40,5,113,0,0,82,15,97,41,27,122,20,210,27,18,45,255
11/03/2019,AVL,NC,ASO,ES,Combined TRACON& Tower with Radar,42,29,39,23,133,0,1,72,5,78,42,30,111,28,211,37,10,47,258
11/04/2019,AVL,NC,ASO,ES,Combined TRACON& Tower with Radar,41,36,48,15,140,0,0,50,0,50,41,36,98,15,190,63,10,73,263
11/05/2019,AVL,NC,ASO,ES,Combined TRACON& Tower with Radar,38,25,28,8,99,0,0,55,2,57,38,25,83,10,156,72,0,72,228
11/06/2019,AVL,NC,ASO,ES,Combined TRACON& Tower with Radar,40,27,43,12,122,0,2,77,7,86,40,29,120,19,208,62,6,68,276
11/07/2019,AVL,NC,ASO,ES,Combined TRACON& Tower with Radar,49,22,53,2,126,0,0,22,0,22,49,22,75,2,148,24,0,24,172
11/08/2019,AVL,NC,ASO,ES,Combined TRACON& Tower with Radar,44,28,59,0,131,0,0,46,2,48,44,28,105,2,179,28,1,29,208
11/09/2019,AVL,NC,ASO,ES,Combined TRACON& Tower with Radar,43,25,35,8,111,0,0,63,3,66,43,25,98,11,177,73,31,104,281
11/10/2019,AVL,NC,ASO,ES,Combined TRACON& Tower with Radar,48,30,55,6,139,0,0,98,1,99,48,30,153,7,238,54,4,58,296
11/11/2019,AVL,NC,ASO,ES,Combined TRACON& Tower with Radar,42,21,39,0,102,0,0,58,0,58,42,21,97,0,160,52,0,52,212
11/12/2019,AVL,NC,ASO,ES,Combined TRACON& Tower with Radar,40,18,22,4,84,0,0,0,0,0,40,18,22,4,84,0,0,0,84
11/13/2019,AVL,NC,ASO,ES,Combined TRACON& Tower with Radar,41,20,42,10,113,0,0,51,11,62,41,20,93,21,175,40,12,52,227
11/14/2019,AVL,NC,ASO,ES,Combined TRACON& Tower with Radar,46,20,38,12,116,0,4,23,3,30,46,24,61,15,146,54,4,58,204
11/15/2019,AVL,NC,ASO,ES,Combined TRACON& Tower with Radar,41,22,36,25,124,0,0,27,0,27,41,22,63,25,151,24,6,30,181
11/16/2019,AVL,NC,ASO,ES,Combined TRACON& Tower with Radar,40,27,22,1,90,0,0,58,3,61,40,27,80,4,151,92,0,92,243
11/17/2019,AVL,NC,ASO,ES,Combined TRACON& Tower with Radar,42,32,38,10,122,0,1,51,5,57,42,33,89,15,179,97,2,99,278
11/18/2019,AVL,NC,ASO,ES,Combined TRACON& Tower with Radar,42,21,38,2,103,0,0,15,2,17,42,21,53,4,120,84,0,84,204
11/19/2019,AVL,NC,ASO,ES,Combined TRACON& Tower with Radar,38,15,48,10,111,0,0,49,0,49,38,15,97,10,160,98,0,98,258
11/20/2019,AVL,NC,ASO,ES,Combined TRACON& Tower with Radar,40,22,45,2,109,0,0,32,0,32,40,22,77,2,141,36,0,36,177
11/21/2019,AVL,NC,ASO,ES,Combined TRACON& Tower with Radar,45,25,50,6,126,0,2,54,6,62,45,27,104,12,188,101,0,101,289
11/22/2019,AVL,NC,ASO,ES,Combined TRACON& Tower with Radar,40,37,47,6,130,0,2,40,1,43,40,39,87,7,173,106,0,106,279
11/23/2019,AVL,NC,ASO,ES,Combined TRACON& Tower with Radar,37,23,22,0,82,0,0,0,0,0,37,23,22,0,82,0,0,0,82
11/24/2019,AVL,NC,ASO,ES,Combined TRACON& Tower with Radar,40,40,44,1,125,0,0,38,1,39,40,40,82,2,164,10,0,10,174
11/25/2019,AVL,NC,ASO,ES,Combined TRACON& Tower with Radar,38,31,49,4,122,0,1,76,2,79,38,32,125,6,201,68,0,68,269
11/26/2019,AVL,NC,ASO,ES,Combined TRACON& Tower with Radar,37,36,63,4,140,0,0,44,2,46,37,36,107,6,186,77,0,77,263
11/27/2019,AVL,NC,ASO,ES,Combined TRACON& Tower with Radar,42,37,39,0,118,0,0,9,0,9,42,37,48,0,127,16,0,16,143
11/28/2019,AVL,NC,ASO,ES,Combined TRACON& Tower with Radar,28,18,12,0,58,0,0,10,0,10,28,18,22,0,68,0,0,0,68
11/29/2019,AVL,NC,ASO,ES,Combined TRACON& Tower with Radar,32,30,33,0,95,0,0,49,0,49,32,30,82,0,144,28,0,28,172
11/30/2019,AVL,NC,ASO,ES,Combined TRACON& Tower with Radar,42,37,55,0,134,0,0,32,0,32,42,37,87,0,166,22,0,22,188
12/01/2019,AVL,NC,ASO,ES,Combined TRACON& Tower with Radar,49,38,63,0,150,0,0,15,0,15,49,38,78,0,165,0,0,0,165
12/02/2019,AVL,NC,ASO,ES,Combined TRACON& Tower with Radar,41,38,22,0,101,0,0,4,0,4,41,38,26,0,105,0,0,0,105
12/03/2019,AVL,NC,ASO,ES,Combined TRACON& Tower with Radar,28,28,33,8,97,0,0,40,5,45,28,28,73,13,142,56,4,60,202
12/04/2019,AVL,NC,ASO,ES,Combined TRACON& Tower with Radar,34,31,29,6,100,0,3,22,3,28,34,34,51,9,128,10,0,10,138
12/05/2019,AVL,NC,ASO,ES,Combined TRACON& Tower with Radar,40,25,59,13,137,0,0,72,5,77,40,25,131,18,214,94,0,94,308
12/06/2019,AVL,NC,ASO,ES,Combined TRACON& Tower with Radar,40,29,39,3,111,0,0,35,1,36,40,29,74,4,147,58,0,58,205
12/07/2019,AVL,NC,ASO,ES,Combined TRACON& Tower with Radar,38,24,19,8,89,0,1,67,3,71,38,25,86,11,160,98,0,98,258
12/08/2019,AVL,NC,ASO,ES,Combined TRACON& Tower with Radar,40,27,37,0,104,0,0,25,0,25,40,27,62,0,129,74,0,74,203
12/09/2019,AVL,NC,ASO,ES,Combined TRACON& Tower with Radar,40,31,30,2,103,0,0,0,0,0,40,31,30,2,103,0,0,0,103
12/10/2019,AVL,NC,ASO,ES,Combined TRACON& Tower with Radar,28,29,32,2,91,0,0,0,0,0,28,29,32,2,91,0,0,0,91
12/11/2019,AVL,NC,ASO,ES,Combined TRACON& Tower with Radar,29,27,25,6,87,0,0,17,6,23,29,27,42,12,110,4,0,4,114
12/12/2019,AVL,NC,ASO,ES,Combined TRACON& Tower with Radar,40,23,41,5,109,0,0,73,7,80,40,23,114,12,189,102,20,122,311
12/13/2019,AVL,NC,ASO,ES,Combined TRACON& Tower with Radar,42,29,15,0,86,0,0,0,0,0,42,29,15,0,86,0,0,0,86
12/14/2019,AVL,NC,ASO,ES,Combined TRACON& Tower with Radar,38,15,13,0,66,0,1,5,0,6,38,16,18,0,72,16,0,16,88
12/15/2019,AVL,NC,ASO,ES,Combined TRACON& Tower with Radar,41,26,25,0,92,0,0,51,0,51,41,26,76,0,143,49,0,49,192
12/16/2019,AVL,NC,ASO,ES,Combined TRACON& Tower with Radar,40,23,25,1,89,0,0,13,1,14,40,23,38,2,103,25,0,25,128
12/17/2019,AVL,NC,ASO,ES,Combined TRACON& Tower with Radar,27,24,25,3,79,0,0,0,1,1,27,24,25,4,80,0,0,0,80
12/18/2019,AVL,NC,ASO,ES,Combined TRACON& Tower with Radar,31,23,61,9,124,0,0,48,0,48,31,23,109,9,172,36,0,36,208
12/19/2019,AVL,NC,ASO,ES,Combined TRACON& Tower with Radar,41,31,45,12,129,0,2,64,1,67,41,33,109,13,196,154,0,154,350
12/20/2019,AVL,NC,ASO,ES,Combined TRACON& Tower with Radar,43,32,40,2,117,0,0,68,0,68,43,32,108,2,185,134,0,134,319
12/21/2019,AVL,NC,ASO,ES,Combined TRACON& Tower with Radar,41,35,29,0,105,0,0,48,0,48,41,35,77,0,153,92,0,92,245
12/22/2019,AVL,NC,ASO,ES,Combined TRACON& Tower with Radar,46,29,17,0,92,0,0,8,0,8,46,29,25,0,100,2,0,2,102
12/23/2019,AVL,NC,ASO,ES,Combined TRACON& Tower with Radar,44,35,18,0,97,0,0,0,0,0,44,35,18,0,97,0,0,0,97
12/24/2019,AVL,NC,ASO,ES,Combined TRACON& Tower with Radar,28,21,28,0,77,0,1,22,0,23,28,22,50,0,100,48,0,48,148
12/25/2019,AVL,NC,ASO,ES,Combined TRACON& Tower with Radar,35,14,11,0,60,0,0,4,0,4,35,14,15,0,64,0,0,0,64
12/26/2019,AVL,NC,ASO,ES,Combined TRACON& Tower with Radar,46,38,37,4,125,0,0,46,0,46,46,38,83,4,171,22,0,22,193
12/27/2019,AVL,NC,ASO,ES,Combined TRACON& Tower with Radar,43,26,54,5,128,0,1,55,1,57,43,27,109,6,185,44,0,44,229
12/28/2019,AVL,NC,ASO,ES,Combined TRACON& Tower with Radar,39,28,48,0,115,0,1,71,0,72,39,29,119,0,187,48,0,48,235
12/29/2019,AVL,NC,ASO,ES,Combined TRACON& Tower with Radar,44,32,23,0,99,0,0,1,0,1,44,32,24,0,100,0,0,0,100
12/30/2019,AVL,NC,ASO,ES,Combined TRACON& Tower with Radar,44,32,40,8,124,0,0,35,0,35,44,32,75,8,159,41,4,45,204
12/31/2019,AVL,NC,ASO,ES,Combined TRACON& Tower with Radar,32,22,35,0,89,0,0,35,0,35,32,22,70,0,124,38,0,38,162
01/01/2020,AVL,NC,ASO,ES,Combined TRACON& Tower with Radar,31,20,24,0,75,0,0,43,0,43,31,20,67,0,118,54,0,54,172
01/02/2020,AVL,NC,ASO,ES,Combined TRACON& Tower with Radar,41,29,35,11,116,0,0,9,2,11,41,29,44,13,127,55,4,59,186
01/03/2020,AVL,NC,ASO,ES,Combined TRACON& Tower with Radar,42,30,14,3,89,0,0,0,0,0,42,30,14,3,89,0,0,0,89
01/04/2020,AVL,NC,ASO,ES,Combined TRACON& Tower with Radar,38,27,19,2,86,0,0,9,0,9,38,27,28,2,95,6,0,6,101
01/05/2020,AVL,NC,ASO,ES,Combined TRACON& Tower with Radar,45,26,33,0,104,0,0,54,0,54,45,26,87,0,158,96,0,96,254
01/06/2020,AVL,NC,ASO,ES,Combined TRACON& Tower with Radar,39,29,29,3,100,0,0,52,1,53,39,29,81,4,153,64,0,64,217
01/07/2020,AVL,NC,ASO,ES,Combined TRACON& Tower with Radar,24,28,25,2,79,0,0,16,0,16,24,28,41,2,95,14,0,14,109
01/08/2020,AVL,NC,ASO,ES,Combined TRACON& Tower with Radar,22,27,27,2,78,0,1,34,5,40,22,28,61,7,118,14,0,14,132
01/09/2020,AVL,NC,ASO,ES,Combined TRACON& Tower with Radar,35,30,29,2,96,0,2,59,2,63,35,32,88,4,159,64,2,66,225
01/10/2020,AVL,NC,ASO,ES,Combined TRACON& Tower with Radar,33,24,34,12,103,0,0,4,0,4,33,24,38,12,107,0,0,0,107
01/11/2020,AVL,NC,ASO,ES,Combined TRACON& Tower with Radar,32,13,10,1,56,0,0,0,0,0,32,13,10,1,56,0,0,0,56
01/12/2020,AVL,NC,ASO,ES,Combined TRACON& Tower with Radar,38,20,27,1,86,0,1,58,2,61,38,21,85,3,147,77,0,77,224
01/13/2020,AVL,NC,ASO,ES,Combined TRACON& Tower with Radar,31,22,18,16,87,0,1,10,0,11,31,23,28,16,98,96,0,96,194
01/14/2020,AVL,NC,ASO,ES,Combined TRACON& Tower with Radar,26,18,17,2,63,0,0,2,2,4,26,18,19,4,67,9,0,9,76
01/15/2020,AVL,NC,ASO,ES,Combined TRACON& Tower with Radar,26,25,47,0,98,0,1,9,0,10,26,26,56,0,108,37,0,37,145
01/16/2020,AVL,NC,ASO,ES,Combined TRACON& Tower with Radar,38,36,19,3,96,0,0,23,3,26,38,36,42,6,122,24,0,24,146
01/17/2020,AVL,NC,ASO,ES,Combined TRACON& Tower with Radar,33,34,41,6,114,0,0,61,2,63,33,34,102,8,177,66,0,66,243
01/18/2020,AVL,NC,ASO,ES,Combined TRACON& Tower with Radar,22,16,7,1,46,0,0,0,0,0,22,16,7,1,46,0,0,0,46
01/19/2020,AVL,NC,ASO,ES,Combined TRACON& Tower with Radar,35,26,23,0,84,0,2,3,0,5,35,28,26,0,89,0,0,0,89
01/20/2020,AVL,NC,ASO,ES,Combined TRACON& Tower with Radar,33,30,26,0,89,0,0,43,1,44,33,30,69,1,133,20,0,20,153
01/21/2020,AVL,NC,ASO,ES,Combined TRACON& Tower with Radar,23,26,31,4,84,0,1,51,2,54,23,27,82,6,138,40,0,40,178
01/22/2020,AVL,NC,ASO,ES,Combined TRACON& Tower with Radar,20,31,22,9,82,0,3,54,0,57,20,34,76,9,139,117,0,117,256
01/23/2020,AVL,NC,ASO,ES,Combined TRACON& Tower with Radar,34,26,34,2,96,0,0,49,2,51,34,26,83,4,147,133,0,133,280
01/24/2020,AVL,NC,ASO,ES,Combined TRACON& Tower with Radar,33,28,13,0,74,0,0,0,0,0,33,28,13,0,74,0,0,0,74
01/25/2020,AVL,NC,ASO,ES,Combined TRACON& Tower with Radar,25,27,32,2,86,0,0,39,1,40,25,27,71,3,126,130,0,130,256
01/26/2020,AVL,NC,ASO,ES,Combined TRACON& Tower with Radar,40,27,24,6,97,0,0,54,0,54,40,27,78,6,151,54,0,54,205
01/27/2020,AVL,NC,ASO,ES,Combined TRACON& Tower with Radar,31,22,15,0,68,0,0,8,0,8,31,22,23,0,76,67,0,67,143
01/28/2020,AVL,NC,ASO,ES,Combined TRACON& Tower with Radar,21,28,34,10,93,0,0,62,4,66,21,28,96,14,159,144,5,149,308
01/29/2020,AVL,NC,ASO,ES,Combined TRACON& Tower with Radar,21,25,31,2,79,0,0,44,3,47,21,25,75,5,126,102,0,102,228
01/30/2020,AVL,NC,ASO,ES,Combined TRACON& Tower with Radar,35,26,29,2,92,0,0,34,0,34,35,26,63,2,126,153,0,153,279
01/31/2020,AVL,NC,ASO,ES,Combined TRACON& Tower with Radar,34,21,23,0,78,0,0,2,0,2,34,21,25,0,80,16,0,16,96
02/01/2020,AVL,NC,ASO,ES,Combined TRACON& Tower with Radar,34,25,13,0,72,0,0,5,0,5,34,25,18,0,77,63,0,63,140
02/02/2020,AVL,NC,ASO,ES,Combined TRACON& Tower with Radar,34,29,24,0,87,0,0,59,0,59,34,29,83,0,146,69,0,69,215
02/03/2020,AVL,NC,ASO,ES,Combined TRACON& Tower with Radar,33,29,31,9,102,0,0,55,1,56,33,29,86,10,158,102,0,102,260
02/04/2020,AVL,NC,ASO,ES,Combined TRACON& Tower with Radar,24,20,37,10,91,0,2,43,2,47,24,22,80,12,138,100,0,100,238
02/05/2020,AVL,NC,ASO,ES,Combined TRACON& Tower with Radar,24,29,21,0,74,0,0,0,0,0,24,29,21,0,74,0,0,0,74
02/06/2020,AVL,NC,ASO,ES,Combined TRACON& Tower with Radar,35,18,6,0,59,0,0,0,0,0,35,18,6,0,59,0,0,0,59
02/07/2020,AVL,NC,ASO,ES,Combined TRACON& Tower with Radar,35,23,34,3,95,0,0,17,0,17,35,23,51,3,112,27,0,27,139
02/08/2020,AVL,NC,ASO,ES,Combined TRACON& Tower with Radar,25,24,9,4,62,0,0,8,1,9,25,24,17,5,71,6,0,6,77
02/09/2020,AVL,NC,ASO,ES,Combined TRACON& Tower with Radar,37,24,22,0,83,0,0,62,0,62,37,24,84,0,145,87,0,87,232
02/10/2020,AVL,NC,ASO,ES,Combined TRACON& Tower with Radar,33,34,27,1,95,0,0,2,0,2,33,34,29,1,97,12,0,12,109
02/11/2020,AVL,NC,ASO,ES,Combined TRACON& Tower with Radar,20,23,16,0,59,0,0,17,1,18,20,23,33,1,77,47,0,47,124
02/12/2020,AVL,NC,ASO,ES,Combined TRACON& Tower with Radar,27,22,27,0,76,0,0,3,1,4,27,22,30,1,80,37,0,37,117
02/13/2020,AVL,NC,ASO,ES,Combined TRACON& Tower with Radar,39,22,22,3,86,0,0,9,0,9,39,22,31,3,95,0,0,0,95
02/14/2020,AVL,NC,ASO,ES,Combined TRACON& Tower with Radar,33,28,33,6,100,0,4,95,0,99,33,32,128,6,199,81,0,81,280
02/15/2020,AVL,NC,ASO,ES,Combined TRACON& Tower with Radar,30,19,24,0,73,0,1,111,0,112,30,20,135,0,185,109,0,109,294
02/16/2020,AVL,NC,ASO,ES,Combined TRACON& Tower with Radar,37,20,36,3,96,0,0,64,0,64,37,20,100,3,160,151,0,151,311
02/17/2020,AVL,NC,ASO,ES,Combined TRACON& Tower with Radar,38,36,38,3,115,0,3,75,0,78,38,39,113,3,193,63,0,63,256
02/18/2020,AVL,NC,ASO,ES,Combined TRACON& Tower with Radar,27,23,23,1,74,0,0,0,0,0,27,23,23,1,74,0,0,0,74
02/19/2020,AVL,NC,ASO,ES,Combined TRACON& Tower with Radar,29,27,43,3,102,0,0,26,0,26,29,27,69,3,128,108,0,108,236
02/20/2020,AVL,NC,ASO,ES,Combined TRACON& Tower with Radar,33,23,9,0,65,0,0,0,0,0,33,23,9,0,65,0,0,0,65
02/21/2020,AVL,NC,ASO,ES,Combined TRACON& Tower with Radar,35,26,45,9,115,0,2,70,3,75,35,28,115,12,190,28,8,36,226
02/22/2020,AVL,NC,ASO,ES,Combined TRACON& Tower with Radar,29,24,27,2,82,0,0,108,0,108,29,24,135,2,190,76,0,76,266
02/23/2020,AVL,NC,ASO,ES,Combined TRACON& Tower with Radar,37,29,42,4,112,0,0,87,1,88,37,29,129,5,200,118,0,118,318
02/24/2020,AVL,NC,ASO,ES,Combined TRACON& Tower with Radar,35,24,20,0,79,0,0,0,0,0,35,24,20,0,79,31,0,31,110
02/25/2020,AVL,NC,ASO,ES,Combined TRACON& Tower with Radar,24,28,19,7,78,0,0,37,0,37,24,28,56,7,115,102,0,102,217
02/26/2020,AVL,NC,ASO,ES,Combined TRACON& Tower with Radar,31,24,28,0,83,0,0,15,0,15,31,24,43,0,98,8,0,8,106
02/27/2020,AVL,NC,ASO,ES,Combined TRACON& Tower with Radar,35,29,34,2,100,0,0,45,3,48,35,29,79,5,148,6,0,6,154
02/28/2020,AVL,NC,ASO,ES,Combined TRACON& Tower with Radar,37,25,24,2,88,0,0,36,0,36,37,25,60,2,124,62,0,62,186
02/29/2020,AVL,NC,ASO,ES,Combined TRACON& Tower with Radar,32,28,12,9,81,0,0,26,3,29,32,28,38,12,110,2,4,6,116
03/01/2020,AVL,NC,ASO,ES,Combined TRACON& Tower with Radar,37,29,37,12,115,0,0,100,2,102,37,29,137,14,217,65,0,65,282
03/02/2020,AVL,NC,ASO,ES,Combined TRACON& Tower with Radar,36,28,9,0,73,0,0,11,0,11,36,28,20,0,84,14,0,14,98
03/03/2020,AVL,NC,ASO,ES,Combined TRACON& Tower with Radar,24,32,9,2,67,0,0,12,0,12,24,32,21,2,79,18,0,18,97
03/04/2020,AVL,NC,ASO,ES,Combined TRACON& Tower with Radar,27,34,30,5,96,0,0,75,2,77,27,34,105,7,173,115,0,115,288
03/05/2020,AVL,NC,ASO,ES,Combined TRACON& Tower with Radar,40,29,36,0,105,0,1,28,0,29,40,30,64,0,134,72,0,72,206
03/06/2020,AVL,NC,ASO,ES,Combined TRACON& Tower with Radar,34,33,26,20,113,0,0,11,16,27,34,33,37,36,140,0,16,16,156
03/07/2020,AVL,NC,ASO,ES,Combined TRACON& Tower with Radar,32,21,25,2,80,0,0,53,1,54,32,21,78,3,134,57,0,57,191
03/08/2020,AVL,NC,ASO,ES,Combined TRACON& Tower with Radar,41,29,30,10,110,0,2,99,1,102,41,31,129,11,212,127,6,133,345
03/09/2020,AVL,NC,ASO,ES,Combined TRACON& Tower with Radar,35,36,38,2,111,0,0,38,8,46,35,36,76,10,157,90,0,90,247
03/10/2020,AVL,NC,ASO,ES,Combined TRACON& Tower with Radar,24,25,20,5,74,0,0,16,7,23,24,25,36,12,97,38,0,38,135
03/11/2020,AVL,NC,ASO,ES,Combined TRACON& Tower with Radar,25,31,37,14,107,0,0,29,5,34,25,31,66,19,141,92,4,96,237
03/12/2020,AVL,NC,ASO,ES,Combined TRACON& Tower with Radar,37,35,34,14,120,0,0,37,3,40,37,35,71,17,160,53,3,56,216
03/13/2020,AVL,NC,ASO,ES,Combined TRACON& Tower with Radar,34,34,35,25,128,0,0,22,0,22,34,34,57,25,150,64,2,66,216
03/14/2020,AVL,NC,ASO,ES,Combined TRACON& Tower with Radar,30,22,40,8,100,0,1,34,2,37,30,23,74,10,137,60,6,66,203
03/15/2020,AVL,NC,ASO,ES,Combined TRACON& Tower with Radar,39,27,34,2,102,0,0,24,0,24,39,27,58,2,126,42,0,42,168
03/16/2020,AVL,NC,ASO,ES,Combined TRACON& Tower with Radar,34,33,26,9,102,0,2,1,0,3,34,35,27,9,105,0,0,0,105
03/17/2020,AVL,NC,ASO,ES,Combined TRACON& Tower with Radar,22,27,14,0,63,0,0,8,0,8,22,27,22,0,71,42,0,42,113
03/18/2020,AVL,NC,ASO,ES,Combined TRACON& Tower with Radar,27,19,8,3,57,0,0,1,0,1,27,19,9,3,58,0,0,0,58
03/19/2020,AVL,NC,ASO,ES,Combined TRACON& Tower with Radar,27,32,24,6,89,0,3,3,0,6,27,35,27,6,95,16,0,16,111
03/20/2020,AVL,NC,ASO,ES,Combined TRACON& Tower with Radar,30,25,17,1,73,0,0,28,1,29,30,25,45,2,102,18,0,18,120
03/21/2020,AVL,NC,ASO,ES,Combined TRACON& Tower with Radar,23,19,22,0,64,0,0,34,0,34,23,19,56,0,98,26,0,26,124
03/22/2020,AVL,NC,ASO,ES,Combined TRACON& Tower with Radar,23,23,23,0,69,0,0,10,0,10,23,23,33,0,79,75,0,75,154
03/23/2020,AVL,NC,ASO,ES,Combined TRACON& Tower with Radar,21,16,6,0,43,0,0,0,0,0,21,16,6,0,43,0,0,0,43
03/24/2020,AVL,NC,ASO,ES,Combined TRACON& Tower with Radar,8,16,5,0,29,0,0,0,0,0,8,16,5,0,29,0,0,0,29
03/25/2020,AVL,NC,ASO,ES,Combined TRACON& Tower with Radar,14,10,2,0,26,0,0,7,0,7,14,10,9,0,33,0,0,0,33
03/26/2020,AVL,NC,ASO,ES,Combined TRACON& Tower with Radar,16,11,29,1,57,0,2,18,3,23,16,13,47,4,80,13,0,13,93
03/27/2020,AVL,NC,ASO,ES,Combined TRACON& Tower with Radar,15,5,12,6,38,0,0,15,4,19,15,5,27,10,57,6,0,6,63
03/28/2020,AVL,NC,ASO,ES,Combined TRACON& Tower with Radar,11,3,11,0,25,0,4,36,1,41,11,7,47,1,66,6,0,6,72
03/29/2020,AVL,NC,ASO,ES,Combined TRACON& Tower with Radar,16,5,12,0,33,0,1,14,0,15,16,6,26,0,48,0,0,0,48
03/30/2020,AVL,NC,ASO,ES,Combined TRACON& Tower with Radar,11,7,17,0,35,0,0,25,0,25,11,7,42,0,60,8,0,8,68
03/31/2020,AVL,NC,ASO,ES,Combined TRACON& Tower with Radar,8,6,10,2,26,0,0,0,0,0,8,6,10,2,26,0,0,0,26
04/01/2020,AVL,NC,ASO,ES,Combined TRACON& Tower with Radar,9,6,6,0,21,0,1,2,0,3,9,7,8,0,24,30,0,30,54
04/02/2020,AVL,NC,ASO,ES,Combined TRACON& Tower with Radar,13,2,15,9,39,0,0,17,8,25,13,2,32,17,64,0,0,0,64
04/03/2020,AVL,NC,ASO,ES,Combined TRACON& Tower with Radar,11,4,13,0,28,0,2,30,5,37,11,6,43,5,65,0,0,0,65
04/04/2020,AVL,NC,ASO,ES,Combined TRACON& Tower with Radar,12,2,9,0,23,0,0,28,1,29,12,2,37,1,52,6,0,6,58
04/05/2020,AVL,NC,ASO,ES,Combined TRACON& Tower with Radar,12,2,17,0,31,0,0,20,1,21,12,2,37,1,52,36,0,36,88
04/06/2020,AVL,NC,ASO,ES,Combined TRACON& Tower with Radar,9,6,9,1,25,0,0,11,1,12,9,6,20,2,37,2,0,2,39
04/07/2020,AVL,NC,ASO,ES,Combined TRACON& Tower with Radar,9,4,10,3,26,0,0,10,3,13,9,4,20,6,39,0,0,0,39
04/08/2020,AVL,NC,ASO,ES,Combined TRACON& Tower with Radar,14,4,10,14,42,0,0,7,10,17,14,4,17,24,59,14,0,14,73
04/09/2020,AVL,NC,ASO,ES,Combined TRACON& Tower with Radar,12,2,4,3,21,0,0,3,4,7,12,2,7,7,28,0,0,0,28
04/10/2020,AVL,NC,ASO,ES,Combined TRACON& Tower with Radar,12,5,5,2,24,0,0,12,16,28,12,5,17,18,52,0,0,0,52
04/11/2020,AVL,NC,ASO,ES,Combined TRACON& Tower with Radar,8,5,18,0,31,0,0,54,3,57,8,5,72,3,88,30,0,30,118
04/12/2020,AVL,NC,ASO,ES,Combined TRACON& Tower with Radar,13,2,8,0,23,0,2,0,0,2,13,4,8,0,25,0,0,0,25
04/13/2020,AVL,NC,ASO,ES,Combined TRACON& Tower with Radar,9,2,4,0,15,0,0,2,0,2,9,2,6,0,17,2,0,2,19
04/14/2020,AVL,NC,ASO,ES,Combined TRACON& Tower with Radar,11,3,11,4,29,0,0,13,0,13,11,3,24,4,42,12,0,12,54
04/15/2020,AVL,NC,ASO,ES,Combined TRACON& Tower with Radar,12,9,7,5,33,0,0,14,0,14,12,9,21,5,47,12,0,12,59
04/16/2020,AVL,NC,ASO,ES,Combined TRACON& Tower with Radar,12,9,22,1,44,0,2,19,2,23,12,11,41,3,67,26,0,26,93
04/17/2020,AVL,NC,ASO,ES,Combined TRACON& Tower with Radar,13,5,16,3,37,0,0,30,0,30,13,5,46,3,67,16,0,16,83
04/18/2020,AVL,NC,ASO,ES,Combined TRACON& Tower with Radar,6,10,9,0,25,0,2,5,0,7,6,12,14,0,32,4,0,4,36
04/19/2020,AVL,NC,ASO,ES,Combined TRACON& Tower with Radar,10,6,13,0,29,0,0,14,1,15,10,6,27,1,44,22,0,22,66
04/20/2020,AVL,NC,ASO,ES,Combined TRACON& Tower with Radar,8,4,26,4,42,0,0,6,1,7,8,4,32,5,49,0,0,0,49
04/21/2020,AVL,NC,ASO,ES,Combined TRACON& Tower with Radar,8,4,12,0,24,0,0,8,2,10,8,4,20,2,34,0,2,2,36
04/22/2020,AVL,NC,ASO,ES,Combined TRACON& Tower with Radar,7,4,27,5,43,0,0,42,0,42,7,4,69,5,85,20,0,20,105
04/23/2020,AVL,NC,ASO,ES,Combined TRACON& Tower with Radar,9,9,7,0,25,0,0,0,0,0,9,9,7,0,25,0,0,0,25
04/24/2020,AVL,NC,ASO,ES,Combined TRACON& Tower with Radar,8,11,10,9,38,0,0,14,0,14,8,11,24,9,52,19,0,19,71
04/25/2020,AVL,NC,ASO,ES,Combined TRACON& Tower with Radar,5,6,8,0,19,0,0,2,0,2,5,6,10,0,21,0,0,0,21
04/26/2020,AVL,NC,ASO,ES,Combined TRACON& Tower with Radar,7,7,8,0,22,0,0,7,0,7,7,7,15,0,29,10,0,10,39
04/27/2020,AVL,NC,ASO,ES,Combined TRACON& Tower with Radar,6,3,13,0,22,0,1,11,0,12,6,4,24,0,34,0,0,0,34
04/28/2020,AVL,NC,ASO,ES,Combined TRACON& Tower with Radar,6,7,25,6,44,0,0,34,0,34,6,7,59,6,78,49,0,49,127
04/29/2020,AVL,NC,ASO,ES,Combined TRACON& Tower with Radar,3,6,8,1,18,0,0,10,3,13,3,6,18,4,31,0,0,0,31
04/30/2020,AVL,NC,ASO,ES,Combined TRACON& Tower with Radar,12,7,13,9,41,0,0,3,0,3,12,7,16,9,44,9,0,9,53
05/01/2020,AVL,NC,ASO,ES,Combined TRACON& Tower with Radar,13,4,17,0,34,0,0,16,0,16,13,4,33,0,50,4,0,4,54
05/02/2020,AVL,NC,ASO,ES,Combined TRACON& Tower with Radar,4,6,15,0,25,0,1,81,0,82,4,7,96,0,107,40,0,40,147
05/03/2020,AVL,NC,ASO,ES,Combined TRACON& Tower with Radar,11,10,15,0,36,0,0,45,1,46,11,10,60,1,82,34,0,34,116
05/04/2020,AVL,NC,ASO,ES,Combined TRACON& Tower with Radar,10,4,24,0,38,0,2,33,1,36,10,6,57,1,74,49,0,49,123
05/05/2020,AVL,NC,ASO,ES,Combined TRACON& Tower with Radar,6,6,13,2,27,0,0,12,2,14,6,6,25,4,41,0,0,0,41
05/06/2020,AVL,NC,ASO,ES,Combined TRACON& Tower with Radar,11,2,29,4,46,0,0,17,2,19,11,2,46,6,65,15,0,15,80
05/07/2020,AVL,NC,ASO,ES,Combined TRACON& Tower with Radar,10,4,32,0,46,0,0,70,2,72,10,4,102,2,118,48,0,48,166
05/08/2020,AVL,NC,ASO,ES,Combined TRACON& Tower with Radar,16,4,14,7,41,0,0,13,0,13,16,4,27,7,54,0,0,0,54
05/09/2020,AVL,NC,ASO,ES,Combined TRACON& Tower with Radar,9,9,18,0,36,0,0,33,0,33,9,9,51,0,69,0,0,0,69
05/10/2020,AVL,NC,ASO,ES,Combined TRACON& Tower with Radar,11,8,19,0,38,0,0,52,0,52,11,8,71,0,90,32,0,32,122
05/11/2020,AVL,NC,ASO,ES,Combined TRACON& Tower with Radar,16,8,14,1,39,0,0,18,1,19,16,8,32,2,58,0,0,0,58
05/12/2020,AVL,NC,ASO,ES,Combined TRACON& Tower with Radar,9,6,34,1,50,0,0,44,3,47,9,6,78,4,97,24,0,24,121
05/13/2020,AVL,NC,ASO,ES,Combined TRACON& Tower with Radar,11,7,18,3,39,0,1,38,0,39,11,8,56,3,78,55,0,55,133
05/14/2020,AVL,NC,ASO,ES,Combined TRACON& Tower with Radar,16,5,31,11,63,0,2,35,0,37,16,7,66,11,100,51,0,51,151
05/15/2020,AVL,NC,ASO,ES,Combined TRACON& Tower with Radar,13,9,19,3,44,0,2,76,2,80,13,11,95,5,124,51,0,51,175
05/16/2020,AVL,NC,ASO,ES,Combined TRACON& Tower with Radar,9,8,29,0,46,0,0,54,1,55,9,8,83,1,101,91,0,91,192
05/17/2020,AVL,NC,ASO,ES,Combined TRACON& Tower with Radar,16,14,30,0,60,0,0,57,0,57,16,14,87,0,117,35,0,35,152
05/18/2020,AVL,NC,ASO,ES,Combined TRACON& Tower with Radar,15,6,19,0,40,0,0,0,0,0,15,6,19,0,40,13,0,13,53
05/19/2020,AVL,NC,ASO,ES,Combined TRACON& Tower with Radar,7,2,26,0,35,0,0,0,1,1,7,2,26,1,36,0,0,0,36
05/20/2020,AVL,NC,ASO,ES,Combined TRACON& Tower with Radar,11,9,20,0,40,0,0,0,1,1,11,9,20,1,41,0,0,0,41
05/21/2020,AVL,NC,ASO,ES,Combined TRACON& Tower with Radar,15,9,60,2,86,0,0,6,0,6,15,9,66,2,92,147,0,147,239
05/22/2020,AVL,NC,ASO,ES,Combined TRACON& Tower with Radar,18,7,37,0,62,0,0,19,0,19,18,7,56,0,81,46,0,46,127
05/23/2020,AVL,NC,ASO,ES,Combined TRACON& Tower with Radar,14,7,41,0,62,0,0,52,0,52,14,7,93,0,114,136,0,136,250
05/24/2020,AVL,NC,ASO,ES,Combined TRACON& Tower with Radar,14,5,25,0,44,0,0,32,0,32,14,5,57,0,76,55,0,55,131
05/25/2020,AVL,NC,ASO,ES,Combined TRACON& Tower with Radar,16,5,36,0,57,0,0,10,0,10,16,5,46,0,67,64,0,64,131
05/26/2020,AVL,NC,ASO,ES,Combined TRACON& Tower with Radar,10,11,46,0,67,0,0,3,0,3,10,11,49,0,70,0,0,0,70
05/27/2020,AVL,NC,ASO,ES,Combined TRACON& Tower with Radar,11,16,36,0,63,0,0,0,0,0,11,16,36,0,63,15,0,15,78
05/28/2020,AVL,NC,ASO,ES,Combined TRACON& Tower with Radar,10,10,31,0,51,0,1,20,0,21,10,11,51,0,72,60,0,60,132
05/29/2020,AVL,NC,ASO,ES,Combined TRACON& Tower with Radar,19,15,33,0,67,0,0,22,0,22,19,15,55,0,89,34,0,34,123
05/30/2020,AVL,NC,ASO,ES,Combined TRACON& Tower with Radar,15,6,27,2,50,0,0,54,0,54,15,6,81,2,104,47,0,47,151
05/31/2020,AVL,NC,ASO,ES,Combined TRACON& Tower with Radar,12,5,49,2,68,0,0,57,0,57,12,5,106,2,125,26,0,26,151
06/01/2020,AVL,NC,ASO,ES,Combined TRACON& Tower with Radar,20,14,45,14,93,0,4,77,0,81,20,18,122,14,174,75,20,95,269
06/02/2020,AVL,NC,ASO,ES,Combined TRACON& Tower with Radar,9,8,33,5,55,0,0,65,2,67,9,8,98,7,122,98,0,98,220
06/03/2020,AVL,NC,ASO,ES,Combined TRACON& Tower with Radar,15,8,39,0,62,0,2,43,0,45,15,10,82,0,107,83,0,83,190
06/04/2020,AVL,NC,ASO,ES,Combined TRACON& Tower with Radar,22,23,40,4,89,0,1,33,1,35,22,24,73,5,124,64,0,64,188
06/05/2020,AVL,NC,ASO,ES,Combined TRACON& Tower with Radar,19,12,38,6,75,0,0,17,6,23,19,12,55,12,98,0,0,0,98
06/06/2020,AVL,NC,ASO,ES,Combined TRACON& Tower with Radar,16,14,33,0,63,0,1,40,0,41,16,15,73,0,104,61,0,61,165
06/07/2020,AVL,NC,ASO,ES,Combined TRACON& Tower with Radar,23,23,23,0,69,0,0,46,1,47,23,23,69,1,116,101,0,101,217
06/08/2020,AVL,NC,ASO,ES,Combined TRACON& Tower with Radar,18,16,42,2,78,0,0,18,0,18,18,16,60,2,96,104,0,104,200
06/09/2020,AVL,NC,ASO,ES,Combined TRACON& Tower with Radar,9,12,44,2,67,0,2,14,0,16,9,14,58,2,83,53,0,53,136
06/10/2020,AVL,NC,ASO,ES,Combined TRACON& Tower with Radar,15,6,31,0,52,0,0,0,0,0,15,6,31,0,52,0,0,0,52
06/11/2020,AVL,NC,ASO,ES,Combined TRACON& Tower with Radar,24,26,34,5,89,0,0,46,2,48,24,26,80,7,137,37,0,37,174
06/12/2020,AVL,NC,ASO,ES,Combined TRACON& Tower with Radar,18,23,44,2,87,0,3,52,0,55,18,26,96,2,142,48,0,48,190
06/13/2020,AVL,NC,ASO,ES,Combined TRACON& Tower with Radar,18,22,37,3,80,0,1,83,1,85,18,23,120,4,165,119,0,119,284
06/14/2020,AVL,NC,ASO,ES,Combined TRACON& Tower with Radar,23,11,43,0,77,0,0,24,0,24,23,11,67,0,101,17,0,17,118
06/15/2020,AVL,NC,ASO,ES,Combined TRACON& Tower with Radar,18,17,52,2,89,0,0,11,0,11,18,17,63,2,100,85,0,85,185
06/16/2020,AVL,NC,ASO,ES,Combined TRACON& Tower with Radar,9,7,34,4,54,0,0,2,0,2,9,7,36,4,56,18,0,18,74
06/17/2020,AVL,NC,ASO,ES,Combined TRACON& Tower with Radar,15,9,58,8,90,0,0,10,1,11,15,9,68,9,101,23,0,23,124
06/18/2020,AVL,NC,ASO,ES,Combined TRACON& Tower with Radar,22,25,50,3,100,0,0,8,0,8,22,25,58,3,108,16,0,16,124
06/19/2020,AVL,NC,ASO,ES,Combined TRACON& Tower with Radar,15,24,61,0,100,0,2,22,0,24,15,26,83,0,124,27,0,27,151
06/20/2020,AVL,NC,ASO,ES,Combined TRACON& Tower with Radar,17,24,38,0,79,0,0,64,0,64,17,24,102,0,143,143,0,143,286
06/21/2020,AVL,NC,ASO,ES,Combined TRACON& Tower with Radar,23,22,38,0,83,0,1,53,0,54,23,23,91,0,137,50,0,50,187
06/22/2020,AVL,NC,ASO,ES,Combined TRACON& Tower with Radar,18,25,49,0,92,0,0,27,0,27,18,25,76,0,119,50,0,50,169
06/23/2020,AVL,NC,ASO,ES,Combined TRACON& Tower with Radar,9,17,45,4,75,0,0,9,0,9,9,17,54,4,84,36,0,36,120
06/24/2020,AVL,NC,ASO,ES,Combined TRACON& Tower with Radar,15,23,38,4,80,0,3,31,0,34,15,26,69,4,114,64,0,64,178
06/25/2020,AVL,NC,ASO,ES,Combined TRACON& Tower with Radar,23,19,61,6,109,0,1,37,0,38,23,20,98,6,147,60,0,60,207
06/26/2020,AVL,NC,ASO,ES,Combined TRACON& Tower with Radar,18,23,58,10,109,0,0,60,0,60,18,23,118,10,169,28,0,28,197
06/27/2020,AVL,NC,ASO,ES,Combined TRACON& Tower with Radar,19,12,36,0,67,0,0,31,0,31,19,12,67,0,98,15,0,15,113
06/28/2020,AVL,NC,ASO,ES,Combined TRACON& Tower with Radar,23,26,47,0,96,0,0,24,0,24,23,26,71,0,120,36,0,36,156
06/29/2020,AVL,NC,ASO,ES,Combined TRACON& Tower with Radar,18,22,55,2,97,0,0,31,0,31,18,22,86,2,128,68,0,68,196
06/30/2020,AVL,NC,ASO,ES,Combined TRACON& Tower with Radar,9,14,49,4,76,0,0,34,3,37,9,14,83,7,113,9,0,9,122
07/01/2020,AVL,NC,ASO,ES,Combined TRACON& Tower with Radar,21,27,41,2,91,0,0,17,0,17,21,27,58,2,108,46,0,46,154
07/02/2020,AVL,NC,ASO,ES,Combined TRACON& Tower with Radar,28,33,54,7,122,0,0,45,2,47,28,33,99,9,169,30,0,30,199
07/03/2020,AVL,NC,ASO,ES,Combined TRACON& Tower with Radar,25,22,49,0,96,0,0,58,0,58,25,22,107,0,154,22,0,22,176
07/04/2020,AVL,NC,ASO,ES,Combined TRACON& Tower with Radar,19,9,14,0,42,0,1,28,0,29,19,10,42,0,71,16,0,16,87
07/05/2020,AVL,NC,ASO,ES,Combined TRACON& Tower with Radar,30,26,78,0,134,0,0,38,2,40,30,26,116,2,174,51,0,51,225
07/06/2020,AVL,NC,ASO,ES,Combined TRACON& Tower with Radar,22,22,35,0,79,0,1,36,1,38,22,23,71,1,117,60,0,60,177
07/07/2020,AVL,NC,ASO,ES,Combined TRACON& Tower with Radar,17,15,48,0,80,0,0,3,0,3,17,15,51,0,83,0,0,0,83
07/08/2020,AVL,NC,ASO,ES,Combined TRACON& Tower with Radar,25,29,34,10,98,0,0,41,0,41,25,29,75,10,139,83,0,83,222
07/09/2020,AVL,NC,ASO,ES,Combined TRACON& Tower with Radar,31,23,45,0,99,0,0,39,0,39,31,23,84,0,138,88,0,88,226
07/10/2020,AVL,NC,ASO,ES,Combined TRACON& Tower with Radar,28,21,46,4,99,0,0,34,1,35,28,21,80,5,134,10,0,10,144
07/11/2020,AVL,NC,ASO,ES,Combined TRACON& Tower with Radar,30,28,56,4,118,0,0,79,1,80,30,28,135,5,198,48,0,48,246
07/12/2020,AVL,NC,ASO,ES,Combined TRACON& Tower with Radar,33,25,58,0,116,0,0,53,0,53,33,25,111,0,169,47,0,47,216
07/13/2020,AVL,NC,ASO,ES,Combined TRACON& Tower with Radar,29,21,30,6,86,0,2,54,1,57,29,23,84,7,143,77,0,77,220
07/14/2020,AVL,NC,ASO,ES,Combined TRACON& Tower with Radar,18,24,34,10,86,0,0,69,3,72,18,24,103,13,158,68,0,68,226
07/15/2020,AVL,NC,ASO,ES,Combined TRACON& Tower with Radar,23,24,55,0,102,0,3,56,3,62,23,27,111,3,164,68,0,68,232
07/16/2020,AVL,NC,ASO,ES,Combined TRACON& Tower with Radar,32,25,61,2,120,0,0,26,6,32,32,25,87,8,152,46,0,46,198
07/17/2020,AVL,NC,ASO,ES,Combined TRACON& Tower with Radar,27,23,57,3,110,0,0,46,2,48,27,23,103,5,158,23,2,25,183
07/18/2020,AVL,NC,ASO,ES,Combined TRACON& Tower with Radar,28,21,44,0,93,0,1,37,0,38,28,22,81,0,131,66,0,66,197
07/19/2020,AVL,NC,ASO,ES,Combined TRACON& Tower with Radar,33,25,61,0,119,0,0,39,0,39,33,25,100,0,158,37,0,37,195
07/20/2020,AVL,NC,ASO,ES,Combined TRACON& Tower with Radar,29,23,45,3,100,0,1,30,0,31,29,24,75,3,131,29,0,29,160
07/21/2020,AVL,NC,ASO,ES,Combined TRACON& Tower with Radar,15,20,26,4,65,1,1,26,2,30,16,21,52,6,95,40,0,40,135
07/22/2020,AVL,NC,ASO,ES,Combined TRACON& Tower with Radar,24,21,56,1,102,0,0,24,2,26,24,21,80,3,128,46,0,46,174
07/23/2020,AVL,NC,ASO,ES,Combined TRACON& Tower with Radar,32,23,50,4,109,0,0,27,0,27,32,23,77,4,136,23,0,23,159
07/24/2020,AVL,NC,ASO,ES,Combined TRACON& Tower with Radar,31,19,47,0,97,0,0,14,0,14,31,19,61,0,111,8,0,8,119
07/25/2020,AVL,NC,ASO,ES,Combined TRACON& Tower with Radar,26,19,31,0,76,0,1,27,0,28,26,20,58,0,104,80,0,80,184
07/26/2020,AVL,NC,ASO,ES,Combined TRACON& Tower with Radar,33,28,59,0,120,0,3,63,0,66,33,31,122,0,186,50,0,50,236
07/27/2020,AVL,NC,ASO,ES,Combined TRACON& Tower with Radar,29,28,44,0,101,0,0,39,2,41,29,28,83,2,142,53,0,53,195
07/28/2020,AVL,NC,ASO,ES,Combined TRACON& Tower with Radar,15,18,52,0,85,0,0,37,7,44,15,18,89,7,129,36,6,42,171
07/29/2020,AVL,NC,ASO,ES,Combined TRACON& Tower with Radar,25,21,49,3,98,0,0,36,1,37,25,21,85,4,135,71,0,71,206
07/30/2020,AVL,NC,ASO,ES,Combined TRACON& Tower with Radar,30,24,59,6,119,0,0,27,0,27,30,24,86,6,146,67,0,67,213
07/31/2020,AVL,NC,ASO,ES,Combined TRACON& Tower with Radar,28,22,67,2,119,0,0,42,0,42,28,22,109,2,161,92,0,92,253
08/01/2020,AVL,NC,ASO,ES,Combined TRACON& Tower with Radar,27,16,53,2,98,1,2,40,0,43,28,18,93,2,141,32,0,32,173
08/02/2020,AVL,NC,ASO,ES,Combined TRACON& Tower with Radar,33,20,45,1,99,0,0,27,3,30,33,20,72,4,129,78,2,80,209
08/03/2020,AVL,NC,ASO,ES,Combined TRACON& Tower with Radar,26,20,28,2,76,0,0,0,0,0,26,20,28,2,76,0,0,0,76
08/04/2020,AVL,NC,ASO,ES,Combined TRACON& Tower with Radar,15,17,32,4,68,0,4,29,4,37,15,21,61,8,105,60,0,60,165
08/05/2020,AVL,NC,ASO,ES,Combined TRACON& Tower with Radar,26,32,44,6,108,0,2,14,0,16,26,34,58,6,124,34,0,34,158
08/06/2020,AVL,NC,ASO,ES,Combined TRACON& Tower with Radar,35,20,53,1,109,1,0,10,0,11,36,20,63,1,120,0,0,0,120
08/07/2020,AVL,NC,ASO,ES,Combined TRACON& Tower with Radar,32,34,70,2,138,0,0,12,4,16,32,34,82,6,154,0,0,0,154
08/08/2020,AVL,NC,ASO,ES,Combined TRACON& Tower with Radar,27,31,34,0,92,0,1,55,1,57,27,32,89,1,149,74,18,92,241
08/09/2020,AVL,NC,ASO,ES,Combined TRACON& Tower with Radar,37,29,57,1,124,0,0,41,2,43,37,29,98,3,167,42,0,42,209
08/10/2020,AVL,NC,ASO,ES,Combined TRACON& Tower with Radar,29,21,42,4,96,0,1,49,0,50,29,22,91,4,146,169,0,169,315
08/11/2020,AVL,NC,ASO,ES,Combined TRACON& Tower with Radar,15,16,37,1,69,0,0,54,0,54,15,16,91,1,123,46,0,46,169
08/12/2020,AVL,NC,ASO,ES,Combined TRACON& Tower with Radar,26,22,50,7,105,1,0,29,1,31,27,22,79,8,136,60,0,60,196
08/13/2020,AVL,NC,ASO,ES,Combined TRACON& Tower with Radar,36,21,46,3,106,0,0,24,0,24,36,21,70,3,130,49,0,49,179
08/14/2020,AVL,NC,ASO,ES,Combined TRACON& Tower with Radar,30,32,68,2,132,0,0,5,1,6,30,32,73,3,138,0,0,0,138
08/15/2020,AVL,NC,ASO,ES,Combined TRACON& Tower with Radar,28,27,30,0,85,0,0,2,0,2,28,27,32,0,87,0,0,0,87
08/16/2020,AVL,NC,ASO,ES,Combined TRACON& Tower with Radar,35,27,64,2,128,0,0,41,1,42,35,27,105,3,170,10,0,10,180
08/17/2020,AVL,NC,ASO,ES,Combined TRACON& Tower with Radar,28,15,34,0,77,0,0,22,8,30,28,15,56,8,107,17,0,17,124
08/18/2020,AVL,NC,ASO,ES,Combined TRACON& Tower with Radar,15,21,40,3,79,0,0,26,5,31,15,21,66,8,110,10,0,10,120
08/19/2020,AVL,NC,ASO,ES,Combined TRACON& Tower with Radar,18,15,63,0,96,0,0,15,1,16,18,15,78,1,112,14,0,14,126
08/20/2020,AVL,NC,ASO,ES,Combined TRACON& Tower with Radar,36,11,33,1,81,0,0,2,0,2,36,11,35,1,83,0,0,0,83
08/21/2020,AVL,NC,ASO,ES,Combined TRACON& Tower with Radar,32,15,57,11,115,0,0,3,0,3,32,15,60,11,118,0,0,0,118
08/22/2020,AVL,NC,ASO,ES,Combined TRACON& Tower with Radar,28,26,47,0,101,0,0,23,1,24,28,26,70,1,125,10,0,10,135
08/23/2020,AVL,NC,ASO,ES,Combined TRACON& Tower with Radar,36,20,60,2,118,1,0,19,0,20,37,20,79,2,138,45,0,45,183
08/24/2020,AVL,NC,ASO,ES,Combined TRACON& Tower with Radar,31,10,33,6,80,0,0,7,7,14,31,10,40,13,94,0,0,0,94
08/25/2020,AVL,NC,ASO,ES,Combined TRACON& Tower with Radar,16,21,32,8,77,0,2,15,2,19,16,23,47,10,96,36,0,36,132
08/26/2020,AVL,NC,ASO,ES,Combined TRACON& Tower with Radar,18,18,54,14,104,0,0,64,7,71,18,18,118,21,175,51,0,51,226
08/27/2020,AVL,NC,ASO,ES,Combined TRACON& Tower with Radar,34,25,36,5,100,0,1,41,0,42,34,26,77,5,142,114,0,114,256
08/28/2020,AVL,NC,ASO,ES,Combined TRACON& Tower with Radar,35,13,52,1,101,0,1,25,0,26,35,14,77,1,127,17,0,17,144
08/29/2020,AVL,NC,ASO,ES,Combined TRACON& Tower with Radar,27,25,12,5,69,0,1,17,1,19,27,26,29,6,88,42,0,42,130
08/30/2020,AVL,NC,ASO,ES,Combined TRACON& Tower with Radar,27,38,36,1,102,2,0,66,0,68,29,38,102,1,170,122,0,122,292
08/31/2020,AVL,NC,ASO,ES,Combined TRACON& Tower with Radar,32,19,42,2,95,0,0,3,0,3,32,19,45,2,98,0,0,0,98
09/01/2020,AVL,NC,ASO,ES,Combined TRACON& Tower with Radar,15,18,45,3,81,0,0,5,10,15,15,18,50,13,96,27,30,57,153
09/02/2020,AVL,NC,ASO,ES,Combined TRACON& Tower with Radar,14,16,59,9,98,1,0,56,10,67,15,16,115,19,165,65,0,65,230
09/03/2020,AVL,NC,ASO,ES,Combined TRACON& Tower with Radar,34,26,60,7,127,1,0,63,2,66,35,26,123,9,193,54,0,54,247
09/04/2020,AVL,NC,ASO,ES,Combined TRACON& Tower with Radar,31,29,87,7,154,0,2,47,3,52,31,31,134,10,206,16,0,16,222
09/05/2020,AVL,NC,ASO,ES,Combined TRACON& Tower with Radar,21,12,24,0,57,0,0,46,0,46,21,12,70,0,103,32,0,32,135
09/06/2020,AVL,NC,ASO,ES,Combined TRACON& Tower with Radar,32,22,20,1,75,0,0,82,2,84,32,22,102,3,159,45,0,45,204
09/07/2020,AVL,NC,ASO,ES,Combined TRACON& Tower with Radar,33,35,82,8,158,0,0,84,5,89,33,35,166,13,247,84,0,84,331
09/08/2020,AVL,NC,ASO,ES,Combined TRACON& Tower with Radar,15,24,31,6,76,0,0,52,0,52,15,24,83,6,128,93,12,105,233
09/09/2020,AVL,NC,ASO,ES,Combined TRACON& Tower with Radar,18,27,49,7,101,0,0,8,1,9,18,27,57,8,110,16,0,16,126
09/10/2020,AVL,NC,ASO,ES,Combined TRACON& Tower with Radar,32,25,39,6,102,0,0,26,0,26,32,25,65,6,128,71,0,71,199
09/11/2020,AVL,NC,ASO,ES,Combined TRACON& Tower with Radar,29,21,56,2,108,0,0,8,3,11,29,21,64,5,119,12,5,17,136
09/12/2020,AVL,NC,ASO,ES,Combined TRACON& Tower with Radar,21,29,18,4,72,0,0,3,0,3,21,29,21,4,75,0,0,0,75
09/13/2020,AVL,NC,ASO,ES,Combined TRACON& Tower with Radar,34,32,48,0,114,0,0,6,3,9,34,32,54,3,123,0,0,0,123
09/14/2020,AVL,NC,ASO,ES,Combined TRACON& Tower with Radar,28,26,42,2,98,0,0,25,0,25,28,26,67,2,123,16,0,16,139
09/15/2020,AVL,NC,ASO,ES,Combined TRACON& Tower with Radar,18,16,48,5,87,0,0,38,2,40,18,16,86,7,127,98,0,98,225
09/16/2020,AVL,NC,ASO,ES,Combined TRACON& Tower with Radar,18,24,46,0,88,0,0,31,0,31,18,24,77,0,119,60,0,60,179
09/17/2020,AVL,NC,ASO,ES,Combined TRACON& Tower with Radar,34,18,28,0,80,0,0,0,0,0,34,18,28,0,80,0,0,0,80
09/18/2020,AVL,NC,ASO,ES,Combined TRACON& Tower with Radar,29,28,62,2,121,0,0,24,3,27,29,28,86,5,148,49,0,49,197
09/19/2020,AVL,NC,ASO,ES,Combined TRACON& Tower with Radar,21,27,54,8,110,0,0,55,2,57,21,27,109,10,167,54,10,64,231
09/20/2020,AVL,NC,ASO,ES,Combined TRACON& Tower with Radar,33,22,74,5,134,0,0,69,3,72,33,22,143,8,206,36,0,36,242
09/21/2020,AVL,NC,ASO,ES,Combined TRACON& Tower with Radar,28,38,51,6,123,0,0,78,8,86,28,38,129,14,209,72,0,72,281
09/22/2020,AVL,NC,ASO,ES,Combined TRACON& Tower with Radar,20,16,32,1,69,0,0,79,22,101,20,16,111,23,170,77,4,81,251
09/23/2020,AVL,NC,ASO,ES,Combined TRACON& Tower with Radar,18,25,58,4,105,0,1,62,23,86,18,26,120,27,191,57,2,59,250
09/24/2020,AVL,NC,ASO,ES,Combined TRACON& Tower with Radar,37,24,54,8,123,0,0,6,1,7,37,24,60,9,130,12,0,12,142
09/25/2020,AVL,NC,ASO,ES,Combined TRACON& Tower with Radar,32,23,59,4,118,0,0,0,0,0,32,23,59,4,118,0,0,0,118
09/26/2020,AVL,NC,ASO,ES,Combined TRACON& Tower with Radar,22,24,53,4,103,0,0,30,1,31,22,24,83,5,134,109,14,123,257
09/27/2020,AVL,NC,ASO,ES,Combined TRACON& Tower with Radar,40,27,81,9,157,0,0,38,2,40,40,27,119,11,197,42,0,42,239
09/28/2020,AVL,NC,ASO,ES,Combined TRACON& Tower with Radar,29,23,44,10,106,0,1,36,2,39,29,24,80,12,145,64,6,70,215
09/29/2020,AVL,NC,ASO,ES,Combined TRACON& Tower with Radar,22,17,24,0,63,0,0,1,0,1,22,17,25,0,64,0,0,0,64
09/30/2020,AVL,NC,ASO,ES,Combined TRACON& Tower with Radar,19,24,57,3,103,0,3,82,18,103,19,27,139,21,206,40,6,46,252
10/01/2020,AVL,NC,ASO,ES,Combined TRACON& Tower with Radar,40,31,60,5,136,0,1,66,10,77,40,32,126,15,213,69,0,69,282
10/02/2020,AVL,NC,ASO,ES,Combined TRACON& Tower with Radar,38,28,60,6,132,0,4,82,9,95,38,32,142,15,227,22,0,22,249
10/03/2020,AVL,NC,ASO,ES,Combined TRACON& Tower with Radar,30,23,55,5,113,0,2,73,1,76,30,25,128,6,189,32,0,32,221
10/04/2020,AVL,NC,ASO,ES,Combined TRACON& Tower with Radar,44,35,64,6,149,0,3,70,0,73,44,38,134,6,222,36,0,36,258
10/05/2020,AVL,NC,ASO,ES,Combined TRACON& Tower with Radar,35,20,40,7,102,0,4,50,2,56,35,24,90,9,158,108,0,108,266
10/06/2020,AVL,NC,ASO,ES,Combined TRACON& Tower with Radar,21,28,44,3,96,0,8,57,4,69,21,36,101,7,165,90,0,90,255
10/07/2020,AVL,NC,ASO,ES,Combined TRACON& Tower with Radar,26,28,50,2,106,0,2,68,5,75,26,30,118,7,181,48,0,48,229
10/08/2020,AVL,NC,ASO,ES,Combined TRACON& Tower with Radar,42,28,58,11,139,0,2,81,6,89,42,30,139,17,228,52,2,54,282
10/09/2020,AVL,NC,ASO,ES,Combined TRACON& Tower with Radar,33,32,52,2,119,0,2,56,1,59,33,34,108,3,178,25,0,25,203
10/10/2020,AVL,NC,ASO,ES,Combined TRACON& Tower with Radar,29,25,19,0,73,0,0,0,0,0,29,25,19,0,73,0,0,0,73
10/11/2020,AVL,NC,ASO,ES,Combined TRACON& Tower with Radar,46,28,43,0,117,0,0,0,0,0,46,28,43,0,117,0,0,0,117
10/12/2020,AVL,NC,ASO,ES,Combined TRACON& Tower with Radar,31,33,74,0,138,0,0,10,0,10,31,33,84,0,148,12,0,12,160
10/13/2020,AVL,NC,ASO,ES,Combined TRACON& Tower with Radar,19,32,57,6,114,0,0,46,2,48,19,32,103,8,162,10,0,10,172
10/14/2020,AVL,NC,ASO,ES,Combined TRACON& Tower with Radar,27,34,55,3,119,0,2,64,3,69,27,36,119,6,188,0,0,0,188
10/15/2020,AVL,NC,ASO,ES,Combined TRACON& Tower with Radar,44,31,68,2,145,0,3,53,0,56,44,34,121,2,201,9,0,9,210
10/16/2020,AVL,NC,ASO,ES,Combined TRACON& Tower with Radar,32,30,84,14,160,0,4,34,8,46,32,34,118,22,206,8,0,8,214
10/17/2020,AVL,NC,ASO,ES,Combined TRACON& Tower with Radar,33,27,41,4,105,0,6,73,11,90,33,33,114,15,195,0,12,12,207
10/18/2020,AVL,NC,ASO,ES,Combined TRACON& Tower with Radar,43,42,65,12,162,0,7,63,7,77,43,49,128,19,239,0,0,0,239
10/19/2020,AVL,NC,ASO,ES,Combined TRACON& Tower with Radar,33,26,69,2,130,0,5,52,3,60,33,31,121,5,190,6,0,6,196
10/20/2020,AVL,NC,ASO,ES,Combined TRACON& Tower with Radar,24,24,51,1,100,0,6,54,5,65,24,30,105,6,165,6,0,6,171
10/21/2020,AVL,NC,ASO,ES,Combined TRACON& Tower with Radar,29,33,56,7,125,0,6,51,0,57,29,39,107,7,182,0,0,0,182
10/22/2020,AVL,NC,ASO,ES,Combined TRACON& Tower with Radar,44,22,82,3,151,0,2,56,3,61,44,24,138,6,212,7,0,7,219
10/23/2020,AVL,NC,ASO,ES,Combined TRACON& Tower with Radar,33,20,57,10,120,1,5,41,12,59,34,25,98,22,179,6,6,12,191
10/24/2020,AVL,NC,ASO,ES,Combined TRACON& Tower with Radar,31,27,49,8,115,0,1,25,10,36,31,28,74,18,151,4,12,16,167
10/25/2020,AVL,NC,ASO,ES,Combined TRACON& Tower with Radar,32,22,77,3,134,0,0,3,0,3,32,22,80,3,137,0,0,0,137
10/26/2020,AVL,NC,ASO,ES,Combined TRACON& Tower with Radar,33,13,73,2,121,0,2,24,0,26,33,15,97,2,147,14,0,14,161
10/27/2020,AVL,NC,ASO,ES,Combined TRACON& Tower with Radar,20,18,55,2,95,0,1,39,0,40,20,19,94,2,135,0,0,0,135
10/28/2020,AVL,NC,ASO,ES,Combined TRACON& Tower with Radar,32,26,27,1,86,0,0,1,0,1,32,26,28,1,87,0,0,0,87
10/29/2020,AVL,NC,ASO,ES,Combined TRACON& Tower with Radar,38,17,24,0,79,0,3,4,2,9,38,20,28,2,88,0,0,0,88
10/30/2020,AVL,NC,ASO,ES,Combined TRACON& Tower with Radar,32,24,44,0,100,0,3,24,0,27,32,27,68,0,127,0,0,0,127
10/31/2020,AVL,NC,ASO,ES,Combined TRACON& Tower with Radar,21,17,61,0,99,0,3,40,1,44,21,20,101,1,143,45,0,45,188
11/01/2020,AVL,NC,ASO,ES,Combined TRACON& Tower with Radar,36,17,47,0,100,0,0,40,0,40,36,17,87,0,140,6,0,6,146
11/02/2020,AVL,NC,ASO,ES,Combined TRACON& Tower with Radar,29,23,26,2,80,0,4,17,1,22,29,27,43,3,102,11,0,11,113
11/03/2020,AVL,NC,ASO,ES,Combined TRACON& Tower with Radar,20,14,32,10,76,0,0,77,6,83,20,14,109,16,159,63,8,71,230
11/04/2020,AVL,NC,ASO,ES,Combined TRACON& Tower with Radar,24,14,45,0,83,0,0,63,0,63,24,14,108,0,146,98,0,98,244
11/05/2020,AVL,NC,ASO,ES,Combined TRACON& Tower with Radar,42,19,48,12,121,0,4,86,4,94,42,23,134,16,215,131,16,147,362
11/06/2020,AVL,NC,ASO,ES,Combined TRACON& Tower with Radar,32,20,63,11,126,0,10,66,4,80,32,30,129,15,206,110,0,110,316
11/07/2020,AVL,NC,ASO,ES,Combined TRACON& Tower with Radar,29,13,42,2,86,0,2,34,0,36,29,15,76,2,122,106,0,106,228
11/08/2020,AVL,NC,ASO,ES,Combined TRACON& Tower with Radar,43,19,53,2,117,0,4,20,0,24,43,23,73,2,141,20,0,20,161
11/09/2020,AVL,NC,ASO,ES,Combined TRACON& Tower with Radar,33,21,43,2,99,0,0,27,0,27,33,21,70,2,126,28,0,28,154
11/10/2020,AVL,NC,ASO,ES,Combined TRACON& Tower with Radar,21,13,33,0,67,0,0,4,0,4,21,13,37,0,71,0,0,0,71
11/11/2020,AVL,NC,ASO,ES,Combined TRACON& Tower with Radar,27,13,17,1,58,0,0,4,0,4,27,13,21,1,62,0,0,0,62
11/12/2020,AVL,NC,ASO,ES,Combined TRACON& Tower with Radar,39,22,41,2,104,0,4,9,0,13,39,26,50,2,117,51,0,51,168
11/13/2020,AVL,NC,ASO,ES,Combined TRACON& Tower with Radar,34,18,61,11,124,0,1,63,3,67,34,19,124,14,191,29,14,43,234
11/14/2020,AVL,NC,ASO,ES,Combined TRACON& Tower with Radar,32,18,36,13,99,0,5,92,5,102,32,23,128,18,201,65,14,79,280
11/15/2020,AVL,NC,ASO,ES,Combined TRACON& Tower with Radar,37,25,47,2,111,0,4,5,0,9,37,29,52,2,120,0,0,0,120
11/16/2020,AVL,NC,ASO,ES,Combined TRACON& Tower with Radar,35,38,38,0,111,0,6,25,0,31,35,44,63,0,142,0,0,0,142
11/17/2020,AVL,NC,ASO,ES,Combined TRACON& Tower with Radar,17,15,16,3,51,0,8,10,3,21,17,23,26,6,72,0,6,6,78
11/18/2020,AVL,NC,ASO,ES,Combined TRACON& Tower with Radar,21,13,26,0,60,0,5,48,1,54,21,18,74,1,114,64,0,64,178
11/19/2020,AVL,NC,ASO,ES,Combined TRACON& Tower with Radar,43,19,50,20,132,0,8,76,7,91,43,27,126,27,223,70,16,86,309
11/20/2020,AVL,NC,ASO,ES,Combined TRACON& Tower with Radar,39,20,45,27,131,0,4,59,16,79,39,24,104,43,210,57,24,81,291
11/21/2020,AVL,NC,ASO,ES,Combined TRACON& Tower with Radar,34,24,38,15,111,0,1,99,2,102,34,25,137,17,213,78,0,78,291
11/22/2020,AVL,NC,ASO,ES,Combined TRACON& Tower with Radar,43,30,54,19,146,0,0,16,3,19,43,30,70,22,165,39,0,39,204
11/23/2020,AVL,NC,ASO,ES,Combined TRACON& Tower with Radar,34,20,29,6,89,0,2,22,1,25,34,22,51,7,114,6,0,6,120
11/24/2020,AVL,NC,ASO,ES,Combined TRACON& Tower with Radar,41,29,47,9,126,0,0,59,3,62,41,29,106,12,188,4,14,18,206
11/25/2020,AVL,NC,ASO,ES,Combined TRACON& Tower with Radar,44,27,52,0,123,0,0,0,0,0,44,27,52,0,123,0,0,0,123
11/26/2020,AVL,NC,ASO,ES,Combined TRACON& Tower with Radar,23,10,11,0,44,0,0,11,0,11,23,10,22,0,55,30,0,30,85
11/27/2020,AVL,NC,ASO,ES,Combined TRACON& Tower with Radar,30,11,34,0,75,0,3,64,0,67,30,14,98,0,142,72,0,72,214
11/28/2020,AVL,NC,ASO,ES,Combined TRACON& Tower with Radar,45,28,50,0,123,0,0,49,0,49,45,28,99,0,172,28,0,28,200
11/29/2020,AVL,NC,ASO,ES,Combined TRACON& Tower with Radar,42,31,77,0,150,0,3,29,0,32,42,34,106,0,182,97,0,97,279
11/30/2020,AVL,NC,ASO,ES,Combined TRACON& Tower with Radar,41,34,20,2,97,0,0,0,0,0,41,34,20,2,97,0,0,0,97
12/01/2020,AVL,NC,ASO,ES,Combined TRACON& Tower with Radar,25,20,20,28,93,0,0,13,5,18,25,20,33,33,111,26,28,54,165
12/02/2020,AVL,NC,ASO,ES,Combined TRACON& Tower with Radar,21,32,44,2,99,0,5,15,5,25,21,37,59,7,124,14,0,14,138
12/03/2020,AVL,NC,ASO,ES,Combined TRACON& Tower with Radar,36,21,44,2,103,0,8,50,4,62,36,29,94,6,165,54,0,54,219
12/04/2020,AVL,NC,ASO,ES,Combined TRACON& Tower with Radar,33,23,20,2,78,0,1,2,2,5,33,24,22,4,83,20,0,20,103
12/05/2020,AVL,NC,ASO,ES,Combined TRACON& Tower with Radar,23,10,20,0,53,0,2,16,13,31,23,12,36,13,84,25,14,39,123
12/06/2020,AVL,NC,ASO,ES,Combined TRACON& Tower with Radar,34,11,55,0,100,0,3,49,1,53,34,14,104,1,153,118,0,118,271
12/07/2020,AVL,NC,ASO,ES,Combined TRACON& Tower with Radar,31,19,20,0,70,0,2,2,0,4,31,21,22,0,74,0,0,0,74
12/08/2020,AVL,NC,ASO,ES,Combined TRACON& Tower with Radar,17,14,28,7,66,0,0,33,5,38,17,14,61,12,104,17,0,17,121
12/09/2020,AVL,NC,ASO,ES,Combined TRACON& Tower with Radar,19,13,32,1,65,0,0,47,5,52,19,13,79,6,117,82,0,82,199
12/10/2020,AVL,NC,ASO,ES,Combined TRACON& Tower with Radar,36,9,33,16,94,0,5,69,2,76,36,14,102,18,170,135,4,139,309
12/11/2020,AVL,NC,ASO,ES,Combined TRACON& Tower with Radar,35,19,23,6,83,0,2,50,2,54,35,21,73,8,137,95,0,95,232
12/12/2020,AVL,NC,ASO,ES,Combined TRACON& Tower with Radar,21,17,25,1,64,0,4,12,1,17,21,21,37,2,81,2,0,2,83
12/13/2020,AVL,NC,ASO,ES,Combined TRACON& Tower with Radar,35,13,33,12,93,0,0,44,2,46,35,13,77,14,139,91,0,91,230
12/14/2020,AVL,NC,ASO,ES,Combined TRACON& Tower with Radar,31,10,16,0,57,0,0,2,0,2,31,10,18,0,59,0,0,0,59
12/15/2020,AVL,NC,ASO,ES,Combined TRACON& Tower with Radar,17,15,32,9,73,0,5,59,6,70,17,20,91,15,143,110,16,126,269
12/16/2020,AVL,NC,ASO,ES,Combined TRACON& Tower with Radar,20,8,11,0,39,0,0,0,0,0,20,8,11,0,39,0,0,0,39
12/17/2020,AVL,NC,ASO,ES,Combined TRACON& Tower with Radar,30,16,23,6,75,0,6,12,0,18,30,22,35,6,93,44,0,44,137
12/18/2020,AVL,NC,ASO,ES,Combined TRACON& Tower with Radar,34,17,54,2,107,0,0,47,3,50,34,17,101,5,157,52,0,52,209
12/19/2020,AVL,NC,ASO,ES,Combined TRACON& Tower with Radar,43,17,48,1,109,0,3,55,0,58,43,20,103,1,167,62,0,62,229
12/20/2020,AVL,NC,ASO,ES,Combined TRACON& Tower with Radar,36,14,21,0,71,0,0,22,3,25,36,14,43,3,96,58,0,58,154
12/21/2020,AVL,NC,ASO,ES,Combined TRACON& Tower with Radar,33,8,26,2,69,0,1,27,1,29,33,9,53,3,98,34,0,34,132
12/22/2020,AVL,NC,ASO,ES,Combined TRACON& Tower with Radar,31,21,25,0,77,0,1,12,0,13,31,22,37,0,90,24,0,24,114
12/23/2020,AVL,NC,ASO,ES,Combined TRACON& Tower with Radar,38,26,35,10,109,0,2,38,9,49,38,28,73,19,158,60,12,72,230
12/24/2020,AVL,NC,ASO,ES,Combined TRACON& Tower with Radar,33,9,8,0,50,0,0,0,0,0,33,9,8,0,50,0,0,0,50
12/25/2020,AVL,NC,ASO,ES,Combined TRACON& Tower with Radar,23,5,3,0,31,0,0,3,0,3,23,5,6,0,34,0,0,0,34
12/26/2020,AVL,NC,ASO,ES,Combined TRACON& Tower with Radar,41,22,28,0,91,0,2,23,2,27,41,24,51,2,118,42,0,42,160
12/27/2020,AVL,NC,ASO,ES,Combined TRACON& Tower with Radar,38,17,59,0,114,0,0,50,0,50,38,17,109,0,164,35,0,35,199
12/28/2020,AVL,NC,ASO,ES,Combined TRACON& Tower with Radar,38,15,34,10,97,0,2,42,1,45,38,17,76,11,142,51,2,53,195
12/29/2020,AVL,NC,ASO,ES,Combined TRACON& Tower with Radar,34,10,53,4,101,0,3,73,0,76,34,13,126,4,177,36,0,36,213
12/30/2020,AVL,NC,ASO,ES,Combined TRACON& Tower with Radar,36,22,21,3,82,0,0,0,0,0,36,22,21,3,82,0,0,0,82
12/31/2020,AVL,NC,ASO,ES,Combined TRACON& Tower with Radar,33,14,19,0,66,0,0,2,0,2,33,14,21,0,68,0,0,0,68
01/01/2021,AVL,NC,ASO,ES,Combined TRACON& Tower with Radar,19,11,8,0,38,0,0,0,0,0,19,11,8,0,38,0,0,0,38
01/02/2021,AVL,NC,ASO,ES,Combined TRACON& Tower with Radar,41,26,35,0,102,0,0,28,0,28,41,26,63,0,130,28,0,28,158
01/03/2021,AVL,NC,ASO,ES,Combined TRACON& Tower with Radar,38,18,28,0,84,0,0,13,0,13,38,18,41,0,97,7,0,7,104
01/04/2021,AVL,NC,ASO,ES,Combined TRACON& Tower with Radar,34,16,31,6,87,0,0,36,3,39,34,16,67,9,126,50,2,52,178
01/05/2021,AVL,NC,ASO,ES,Combined TRACON& Tower with Radar,22,16,20,2,60,0,0,5,0,5,22,16,25,2,65,0,0,0,65
01/06/2021,AVL,NC,ASO,ES,Combined TRACON& Tower with Radar,21,9,37,6,73,0,0,42,4,46,21,9,79,10,119,74,0,74,193
01/07/2021,AVL,NC,ASO,ES,Combined TRACON& Tower with Radar,33,33,22,4,92,0,1,18,0,19,33,34,40,4,111,46,0,46,157
01/08/2021,AVL,NC,ASO,ES,Combined TRACON& Tower with Radar,26,8,3,0,37,0,0,0,0,0,26,8,3,0,37,0,0,0,37
01/09/2021,AVL,NC,ASO,ES,Combined TRACON& Tower with Radar,20,14,7,8,49,0,3,9,0,12,20,17,16,8,61,0,0,0,61
01/10/2021,AVL,NC,ASO,ES,Combined TRACON& Tower with Radar,32,15,40,1,88,0,2,66,1,69,32,17,106,2,157,40,0,40,197
01/11/2021,AVL,NC,ASO,ES,Combined TRACON& Tower with Radar,30,7,14,10,61,0,0,2,0,2,30,7,16,10,63,0,0,0,63
01/12/2021,AVL,NC,ASO,ES,Combined TRACON& Tower with Radar,18,14,17,9,58,0,0,18,2,20,18,14,35,11,78,60,0,60,138
01/13/2021,AVL,NC,ASO,ES,Combined TRACON& Tower with Radar,22,18,18,3,61,0,4,50,1,55,22,22,68,4,116,104,0,104,220
01/14/2021,AVL,NC,ASO,ES,Combined TRACON& Tower with Radar,31,13,29,18,91,0,4,53,0,57,31,17,82,18,148,43,8,51,199
01/15/2021,AVL,NC,ASO,ES,Combined TRACON& Tower with Radar,30,11,42,4,87,0,2,8,0,10,30,13,50,4,97,0,0,0,97
01/16/2021,AVL,NC,ASO,ES,Combined TRACON& Tower with Radar,22,8,13,8,51,0,0,12,0,12,22,8,25,8,63,28,0,28,91
01/17/2021,AVL,NC,ASO,ES,Combined TRACON& Tower with Radar,32,11,33,4,80,0,0,36,2,38,32,11,69,6,118,0,4,4,122
01/18/2021,AVL,NC,ASO,ES,Combined TRACON& Tower with Radar,30,13,15,1,59,0,2,19,1,22,30,15,34,2,81,26,0,26,107
01/19/2021,AVL,NC,ASO,ES,Combined TRACON& Tower with Radar,18,7,33,10,68,0,0,55,2,57,18,7,88,12,125,82,0,82,207
01/20/2021,AVL,NC,ASO,ES,Combined TRACON& Tower with Radar,20,8,28,4,60,0,0,13,4,17,20,8,41,8,77,0,0,0,77
01/21/2021,AVL,NC,ASO,ES,Combined TRACON& Tower with Radar,34,10,21,2,67,0,0,1,0,1,34,10,22,2,68,0,0,0,68
01/22/2021,AVL,NC,ASO,ES,Combined TRACON& Tower with Radar,31,16,20,18,85,0,2,61,11,74,31,18,81,29,159,80,0,80,239
01/23/2021,AVL,NC,ASO,ES,Combined TRACON& Tower with Radar,21,8,40,2,71,0,2,65,11,78,21,10,105,13,149,4,14,18,167
01/24/2021,AVL,NC,ASO,ES,Combined TRACON& Tower with Radar,36,14,27,2,79,0,1,68,0,69,36,15,95,2,148,36,0,36,184
01/25/2021,AVL,NC,ASO,ES,Combined TRACON& Tower with Radar,30,20,8,0,58,0,0,0,0,0,30,20,8,0,58,0,0,0,58
01/26/2021,AVL,NC,ASO,ES,Combined TRACON& Tower with Radar,20,12,17,0,49,0,2,14,1,17,20,14,31,1,66,23,2,25,91
01/27/2021,AVL,NC,ASO,ES,Combined TRACON& Tower with Radar,22,7,17,3,49,0,4,30,0,34,22,11,47,3,83,56,0,56,139
01/28/2021,AVL,NC,ASO,ES,Combined TRACON& Tower with Radar,28,8,11,7,54,0,1,8,4,13,28,9,19,11,67,0,0,0,67
01/29/2021,AVL,NC,ASO,ES,Combined TRACON& Tower with Radar,32,10,35,7,84,0,1,77,7,85,32,11,112,14,169,95,10,105,274
01/30/2021,AVL,NC,ASO,ES,Combined TRACON& Tower with Radar,18,9,20,0,47,0,1,46,1,48,18,10,66,1,95,36,0,36,131
01/31/2021,AVL,NC,ASO,ES,Combined TRACON& Tower with Radar,29,6,17,0,52,0,0,0,0,0,29,6,17,0,52,0,0,0,52
02/01/2021,AVL,NC,ASO,ES,Combined TRACON& Tower with Radar,31,10,3,1,45,0,1,1,0,2,31,11,4,1,47,0,0,0,47
02/02/2021,AVL,NC,ASO,ES,Combined TRACON& Tower with Radar,18,13,8,0,39,0,0,3,0,3,18,13,11,0,42,0,0,0,42
02/03/2021,AVL,NC,ASO,ES,Combined TRACON& Tower with Radar,20,13,21,4,58,0,1,12,0,13,20,14,33,4,71,0,0,0,71
02/04/2021,AVL,NC,ASO,ES,Combined TRACON& Tower with Radar,34,14,22,3,73,0,5,55,1,61,34,19,77,4,134,34,5,39,173
02/05/2021,AVL,NC,ASO,ES,Combined TRACON& Tower with Radar,31,19,26,0,76,0,1,31,0,32,31,20,57,0,108,48,0,48,156
02/06/2021,AVL,NC,ASO,ES,Combined TRACON& Tower with Radar,20,15,18,0,53,0,3,56,0,59,20,18,74,0,112,40,0,40,152
02/07/2021,AVL,NC,ASO,ES,Combined TRACON& Tower with Radar,31,10,27,2,70,0,2,5,1,8,31,12,32,3,78,3,0,3,81
02/08/2021,AVL,NC,ASO,ES,Combined TRACON& Tower with Radar,30,20,28,4,82,0,2,38,2,42,30,22,66,6,124,26,0,26,150
02/09/2021,AVL,NC,ASO,ES,Combined TRACON& Tower with Radar,18,15,30,12,75,0,5,24,2,31,18,20,54,14,106,42,0,42,148
02/10/2021,AVL,NC,ASO,ES,Combined TRACON& Tower with Radar,29,25,35,4,93,0,2,37,0,39,29,27,72,4,132,56,0,56,188
02/11/2021,AVL,NC,ASO,ES,Combined TRACON& Tower with Radar,39,15,15,0,69,0,0,0,0,0,39,15,15,0,69,0,0,0,69
02/12/2021,AVL,NC,ASO,ES,Combined TRACON& Tower with Radar,45,24,26,0,95,0,0,0,0,0,45,24,26,0,95,0,0,0,95
02/13/2021,AVL,NC,ASO,ES,Combined TRACON& Tower with Radar,26,16,2,0,44,0,0,0,0,0,26,16,2,0,44,0,0,0,44
02/14/2021,AVL,NC,ASO,ES,Combined TRACON& Tower with Radar,32,16,15,0,63,0,0,0,0,0,32,16,15,0,63,0,0,0,63
02/15/2021,AVL,NC,ASO,ES,Combined TRACON& Tower with Radar,39,15,14,0,68,0,0,0,0,0,39,15,14,0,68,0,0,0,68
02/16/2021,AVL,NC,ASO,ES,Combined TRACON& Tower with Radar,22,18,13,4,57,0,1,8,0,9,22,19,21,4,66,0,0,0,66
02/17/2021,AVL,NC,ASO,ES,Combined TRACON& Tower with Radar,23,18,25,3,69,0,2,63,0,65,23,20,88,3,134,102,0,102,236
02/18/2021,AVL,NC,ASO,ES,Combined TRACON& Tower with Radar,29,9,3,0,41,0,0,0,0,0,29,9,3,0,41,0,0,0,41
02/19/2021,AVL,NC,ASO,ES,Combined TRACON& Tower with Radar,32,14,24,4,74,0,1,9,1,11,32,15,33,5,85,0,0,0,85
02/20/2021,AVL,NC,ASO,ES,Combined TRACON& Tower with Radar,26,11,30,1,68,0,2,57,0,59,26,13,87,1,127,44,0,44,171
02/21/2021,AVL,NC,ASO,ES,Combined TRACON& Tower with Radar,38,15,32,2,87,0,0,62,1,63,38,15,94,3,150,131,0,131,281
02/22/2021,AVL,NC,ASO,ES,Combined TRACON& Tower with Radar,40,13,9,16,78,0,0,9,0,9,40,13,18,16,87,36,0,36,123
02/23/2021,AVL,NC,ASO,ES,Combined TRACON& Tower with Radar,22,15,15,4,56,0,0,27,2,29,22,15,42,6,85,36,0,36,121
02/24/2021,AVL,NC,ASO,ES,Combined TRACON& Tower with Radar,30,14,33,8,85,0,0,79,7,86,30,14,112,15,171,24,0,24,195
02/25/2021,AVL,NC,ASO,ES,Combined TRACON& Tower with Radar,36,12,35,9,92,0,2,87,5,94,36,14,122,14,186,34,0,34,220
02/26/2021,AVL,NC,ASO,ES,Combined TRACON& Tower with Radar,38,17,14,3,72,0,0,7,0,7,38,17,21,3,79,15,0,15,94
02/27/2021,AVL,NC,ASO,ES,Combined TRACON& Tower with Radar,26,9,19,1,55,0,4,34,0,38,26,13,53,1,93,118,0,118,211
02/28/2021,AVL,NC,ASO,ES,Combined TRACON& Tower with Radar,39,19,28,3,89,0,1,10,2,13,39,20,38,5,102,6,0,6,108
03/01/2021,AVL,NC,ASO,ES,Combined TRACON& Tower with Radar,35,19,18,0,72,0,1,8,0,9,35,20,26,0,81,12,0,12,93
03/02/2021,AVL,NC,ASO,ES,Combined TRACON& Tower with Radar,20,12,23,0,55,0,0,63,2,65,20,12,86,2,120,114,0,114,234
03/03/2021,AVL,NC,ASO,ES,Combined TRACON& Tower with Radar,34,20,34,17,105,0,1,46,3,50,34,21,80,20,155,10,8,18,173
03/04/2021,AVL,NC,ASO,ES,Combined TRACON& Tower with Radar,49,16,47,3,115,0,0,55,1,56,49,16,102,4,171,46,0,46,217
03/05/2021,AVL,NC,ASO,ES,Combined TRACON& Tower with Radar,44,15,38,13,110,0,4,63,17,84,44,19,101,30,194,63,8,71,265
03/06/2021,AVL,NC,ASO,ES,Combined TRACON& Tower with Radar,35,19,29,1,84,0,0,62,12,74,35,19,91,13,158,48,4,52,210
03/07/2021,AVL,NC,ASO,ES,Combined TRACON& Tower with Radar,49,15,25,6,95,0,0,35,8,43,49,15,60,14,138,0,0,0,138
03/08/2021,AVL,NC,ASO,ES,Combined TRACON& Tower with Radar,42,19,17,0,78,0,3,60,5,68,42,22,77,5,146,43,0,43,189
03/09/2021,AVL,NC,ASO,ES,Combined TRACON& Tower with Radar,30,11,35,7,83,0,1,62,5,68,30,12,97,12,151,84,0,84,235
03/10/2021,AVL,NC,ASO,ES,Combined TRACON& Tower with Radar,38,10,29,16,93,0,4,66,9,79,38,14,95,25,172,56,0,56,228
03/11/2021,AVL,NC,ASO,ES,Combined TRACON& Tower with Radar,50,28,54,4,136,0,9,69,4,82,50,37,123,8,218,50,0,50,268
03/12/2021,AVL,NC,ASO,ES,Combined TRACON& Tower with Radar,46,10,49,0,105,0,5,88,2,95,46,15,137,2,200,28,0,28,228
03/13/2021,AVL,NC,ASO,ES,Combined TRACON& Tower with Radar,35,13,25,4,77,0,0,2,1,3,35,13,27,5,80,22,0,22,102
03/14/2021,AVL,NC,ASO,ES,Combined TRACON& Tower with Radar,49,21,43,8,121,0,0,42,0,42,49,21,85,8,163,14,0,14,177
03/15/2021,AVL,NC,ASO,ES,Combined TRACON& Tower with Radar,46,18,35,2,101,0,4,28,0,32,46,22,63,2,133,23,0,23,156
03/16/2021,AVL,NC,ASO,ES,Combined TRACON& Tower with Radar,31,15,21,0,67,0,0,0,0,0,31,15,21,0,67,0,0,0,67
03/17/2021,AVL,NC,ASO,ES,Combined TRACON& Tower with Radar,37,22,19,4,82,0,4,4,0,8,37,26,23,4,90,19,0,19,109
03/18/2021,AVL,NC,ASO,ES,Combined TRACON& Tower with Radar,54,10,26,0,90,0,1,2,2,5,54,11,28,2,95,0,0,0,95
03/19/2021,AVL,NC,ASO,ES,Combined TRACON& Tower with Radar,47,18,42,17,124,0,0,6,0,6,47,18,48,17,130,20,0,20,150
03/20/2021,AVL,NC,ASO,ES,Combined TRACON& Tower with Radar,36,19,31,6,92,0,4,89,1,94,36,23,120,7,186,81,4,85,271
03/21/2021,AVL,NC,ASO,ES,Combined TRACON& Tower with Radar,44,21,37,4,106,0,2,51,1,54,44,23,88,5,160,63,0,63,223
03/22/2021,AVL,NC,ASO,ES,Combined TRACON& Tower with Radar,48,13,32,11,104,0,0,99,5,104,48,13,131,16,208,150,10,160,368
03/23/2021,AVL,NC,ASO,ES,Combined TRACON& Tower with Radar,33,10,31,13,87,0,1,29,0,30,33,11,60,13,117,106,8,114,231
03/24/2021,AVL,NC,ASO,ES,Combined TRACON& Tower with Radar,37,10,19,20,86,0,0,8,3,11,37,10,27,23,97,0,0,0,97
03/25/2021,AVL,NC,ASO,ES,Combined TRACON& Tower with Radar,47,18,25,1,91,0,0,0,0,0,47,18,25,1,91,0,0,0,91
03/26/2021,AVL,NC,ASO,ES,Combined TRACON& Tower with Radar,47,19,52,11,129,0,2,66,4,72,47,21,118,15,201,13,0,13,214
03/27/2021,AVL,NC,ASO,ES,Combined TRACON& Tower with Radar,37,21,27,0,85,0,0,32,0,32,37,21,59,0,117,16,0,16,133
03/28/2021,AVL,NC,ASO,ES,Combined TRACON& Tower with Radar,52,19,12,7,90,0,5,9,1,15,52,24,21,8,105,0,0,0,105
03/29/2021,AVL,NC,ASO,ES,Combined TRACON& Tower with Radar,46,14,37,16,113,0,1,86,1,88,46,15,123,17,201,112,7,119,320
03/30/2021,AVL,NC,ASO,ES,Combined TRACON& Tower with Radar,30,13,44,8,95,0,0,58,2,60,30,13,102,10,155,56,10,66,221
03/31/2021,AVL,NC,ASO,ES,Combined TRACON& Tower with Radar,40,19,31,0,90,0,0,0,0,0,40,19,31,0,90,0,0,0,90
04/01/2021,AVL,NC,ASO,ES,Combined TRACON& Tower with Radar,50,17,22,10,99,0,1,6,1,8,50,18,28,11,107,0,0,0,107
04/02/2021,AVL,NC,ASO,ES,Combined TRACON& Tower with Radar,42,24,33,0,99,0,2,36,2,40,42,26,69,2,139,4,0,4,143
04/03/2021,AVL,NC,ASO,ES,Combined TRACON& Tower with Radar,38,19,27,0,84,0,1,101,0,102,38,20,128,0,186,32,0,32,218
04/04/2021,AVL,NC,ASO,ES,Combined TRACON& Tower with Radar,47,19,21,0,87,0,3,58,0,61,47,22,79,0,148,10,0,10,158
04/05/2021,AVL,NC,ASO,ES,Combined TRACON& Tower with Radar,42,39,36,1,118,0,0,74,1,75,42,39,110,2,193,44,0,44,237
04/06/2021,AVL,NC,ASO,ES,Combined TRACON& Tower with Radar,31,14,56,6,107,0,4,56,3,63,31,18,112,9,170,26,0,26,196
04/07/2021,AVL,NC,ASO,ES,Combined TRACON& Tower with Radar,35,20,41,20,116,0,2,87,0,89,35,22,128,20,205,48,0,48,253
04/08/2021,AVL,NC,ASO,ES,Combined TRACON& Tower with Radar,49,17,40,4,110,0,0,25,0,25,49,17,65,4,135,34,0,34,169
04/09/2021,AVL,NC,ASO,ES,Combined TRACON& Tower with Radar,43,26,36,15,120,0,0,48,2,50,43,26,84,17,170,28,0,28,198
04/10/2021,AVL,NC,ASO,ES,Combined TRACON& Tower with Radar,34,19,12,0,65,0,0,3,0,3,34,19,15,0,68,0,0,0,68
04/11/2021,AVL,NC,ASO,ES,Combined TRACON& Tower with Radar,39,28,45,3,115,0,1,33,6,40,39,29,78,9,155,44,4,48,203
04/12/2021,AVL,NC,ASO,ES,Combined TRACON& Tower with Radar,41,15,26,7,89,0,2,31,0,33,41,17,57,7,122,14,6,20,142
04/13/2021,AVL,NC,ASO,ES,Combined TRACON& Tower with Radar,33,15,27,24,99,0,2,63,4,69,33,17,90,28,168,49,16,65,233
04/14/2021,AVL,NC,ASO,ES,Combined TRACON& Tower with Radar,30,12,28,8,78,0,1,63,1,65,30,13,91,9,143,26,0,26,169
04/15/2021,AVL,NC,ASO,ES,Combined TRACON& Tower with Radar,45,42,43,2,132,0,0,40,6,46,45,42,83,8,178,26,0,26,204
04/16/2021,AVL,NC,ASO,ES,Combined TRACON& Tower with Radar,40,42,55,75,212,0,3,86,5,94,40,45,141,80,306,45,10,55,361
04/17/2021,AVL,NC,ASO,ES,Combined TRACON& Tower with Radar,33,17,23,6,79,0,0,51,0,51,33,17,74,6,130,70,0,70,200
04/18/2021,AVL,NC,ASO,ES,Combined TRACON& Tower with Radar,42,25,47,14,128,0,3,76,9,88,42,28,123,23,216,54,0,54,270
04/19/2021,AVL,NC,ASO,ES,Combined TRACON& Tower with Radar,41,26,36,1,104,0,6,40,1,47,41,32,76,2,151,75,0,75,226
04/20/2021,AVL,NC,ASO,ES,Combined TRACON& Tower with Radar,26,18,30,34,108,0,3,57,8,68,26,21,87,42,176,17,14,31,207
04/21/2021,AVL,NC,ASO,ES,Combined TRACON& Tower with Radar,30,16,55,2,103,0,0,7,0,7,30,16,62,2,110,0,0,0,110
04/22/2021,AVL,NC,ASO,ES,Combined TRACON& Tower with Radar,45,27,44,19,135,0,5,42,0,47,45,32,86,19,182,40,8,48,230
04/23/2021,AVL,NC,ASO,ES,Combined TRACON& Tower with Radar,42,34,47,20,143,0,1,90,2,93,42,35,137,22,236,88,2,90,326
04/24/2021,AVL,NC,ASO,ES,Combined TRACON& Tower with Radar,30,21,10,0,61,0,0,1,0,1,30,21,11,0,62,0,0,0,62
04/25/2021,AVL,NC,ASO,ES,Combined TRACON& Tower with Radar,43,32,58,2,135,0,1,18,0,19,43,33,76,2,154,0,0,0,154
04/26/2021,AVL,NC,ASO,ES,Combined TRACON& Tower with Radar,41,24,40,22,127,0,2,86,0,88,41,26,126,22,215,118,10,128,343
04/27/2021,AVL,NC,ASO,ES,Combined TRACON& Tower with Radar,24,18,47,5,94,0,0,69,0,69,24,18,116,5,163,60,0,60,223
04/28/2021,AVL,NC,ASO,ES,Combined TRACON& Tower with Radar,31,17,50,12,110,0,1,61,1,63,31,18,111,13,173,116,0,116,289
04/29/2021,AVL,NC,ASO,ES,Combined TRACON& Tower with Radar,46,31,49,1,127,0,4,26,1,31,46,35,75,2,158,0,0,0,158
04/30/2021,AVL,NC,ASO,ES,Combined TRACON& Tower with Radar,42,37,45,16,140,0,2,14,2,18,42,39,59,18,158,4,0,4,162
05/01/2021,AVL,NC,ASO,ES,Combined TRACON& Tower with Radar,33,30,39,9,111,0,0,102,5,107,33,30,141,14,218,107,20,127,345
05/02/2021,AVL,NC,ASO,ES,Combined TRACON& Tower with Radar,42,34,64,13,153,0,2,49,1,52,42,36,113,14,205,10,0,10,215
05/03/2021,AVL,NC,ASO,ES,Combined TRACON& Tower with Radar,40,30,23,0,93,0,0,1,0,1,40,30,24,0,94,0,0,0,94
05/04/2021,AVL,NC,ASO,ES,Combined TRACON& Tower with Radar,23,25,23,0,71,0,0,2,0,2,23,25,25,0,73,0,0,0,73
05/05/2021,AVL,NC,ASO,ES,Combined TRACON& Tower with Radar,32,30,44,6,112,0,0,17,0,17,32,30,61,6,129,8,0,8,137
05/06/2021,AVL,NC,ASO,ES,Combined TRACON& Tower with Radar,46,37,51,3,137,0,5,82,0,87,46,42,133,3,224,125,14,139,363
05/07/2021,AVL,NC,ASO,ES,Combined TRACON& Tower with Radar,43,26,58,9,136,0,0,14,0,14,43,26,72,9,150,0,0,0,150
05/08/2021,AVL,NC,ASO,ES,Combined TRACON& Tower with Radar,40,37,45,6,128,0,1,41,0,42,40,38,86,6,170,123,0,123,293
05/09/2021,AVL,NC,ASO,ES,Combined TRACON& Tower with Radar,46,39,48,3,136,0,0,30,0,30,46,39,78,3,166,74,4,78,244
05/10/2021,AVL,NC,ASO,ES,Combined TRACON& Tower with Radar,45,23,29,5,102,0,0,22,0,22,45,23,51,5,124,57,0,57,181
05/11/2021,AVL,NC,ASO,ES,Combined TRACON& Tower with Radar,28,28,62,0,118,0,7,24,0,31,28,35,86,0,149,70,0,70,219
05/12/2021,AVL,NC,ASO,ES,Combined TRACON& Tower with Radar,33,44,54,1,132,0,0,0,0,0,33,44,54,1,132,0,0,0,132
05/13/2021,AVL,NC,ASO,ES,Combined TRACON& Tower with Radar,49,36,62,1,148,0,3,76,1,80,49,39,138,2,228,74,0,74,302
05/14/2021,AVL,NC,ASO,ES,Combined TRACON& Tower with Radar,47,37,64,3,151,0,5,54,7,66,47,42,118,10,217,8,0,8,225
05/15/2021,AVL,NC,ASO,ES,Combined TRACON& Tower with Radar,40,37,29,4,110,0,1,88,7,96,40,38,117,11,206,54,8,62,268
05/16/2021,AVL,NC,ASO,ES,Combined TRACON& Tower with Radar,44,57,70,1,172,0,2,48,4,54,44,59,118,5,226,46,0,46,272
05/17/2021,AVL,NC,ASO,ES,Combined TRACON& Tower with Radar,47,30,38,7,122,0,0,45,1,46,47,30,83,8,168,60,0,60,228
05/18/2021,AVL,NC,ASO,ES,Combined TRACON& Tower with Radar,31,26,47,5,109,0,0,55,1,56,31,26,102,6,165,32,0,32,197
05/19/2021,AVL,NC,ASO,ES,Combined TRACON& Tower with Radar,36,34,72,7,149,0,0,44,0,44,36,34,116,7,193,55,0,55,248
05/20/2021,AVL,NC,ASO,ES,Combined TRACON& Tower with Radar,48,37,50,13,148,0,4,61,0,65,48,41,111,13,213,12,6,18,231
05/21/2021,AVL,NC,ASO,ES,Combined TRACON& Tower with Radar,49,30,70,14,163,0,2,68,3,73,49,32,138,17,236,63,0,63,299
05/22/2021,AVL,NC,ASO,ES,Combined TRACON& Tower with Radar,39,38,46,11,134,0,2,89,4,95,39,40,135,15,229,62,0,62,291
05/23/2021,AVL,NC,ASO,ES,Combined TRACON& Tower with Radar,46,46,69,2,163,0,2,67,0,69,46,48,136,2,232,54,0,54,286
05/24/2021,AVL,NC,ASO,ES,Combined TRACON& Tower with Radar,46,40,38,16,140,0,2,47,3,52,46,42,85,19,192,46,6,52,244
05/25/2021,AVL,NC,ASO,ES,Combined TRACON& Tower with Radar,32,30,41,6,109,0,4,45,2,51,32,34,86,8,160,85,2,87,247
05/26/2021,AVL,NC,ASO,ES,Combined TRACON& Tower with Radar,34,45,52,7,138,0,0,51,1,52,34,45,103,8,190,49,0,49,239
05/27/2021,AVL,NC,ASO,ES,Combined TRACON& Tower with Radar,57,38,57,2,154,0,0,67,0,67,57,38,124,2,221,72,0,72,293
05/28/2021,AVL,NC,ASO,ES,Combined TRACON& Tower with Radar,57,38,77,12,184,0,1,14,6,21,57,39,91,18,205,9,13,22,227
05/29/2021,AVL,NC,ASO,ES,Combined TRACON& Tower with Radar,49,29,60,0,138,0,2,20,0,22,49,31,80,0,160,31,0,31,191
05/30/2021,AVL,NC,ASO,ES,Combined TRACON& Tower with Radar,57,26,55,0,138,0,1,28,0,29,57,27,83,0,167,24,0,24,191
05/31/2021,AVL,NC,ASO,ES,Combined TRACON& Tower with Radar,55,38,69,0,162,0,2,68,0,70,55,40,137,0,232,69,0,69,301
06/01/2021,AVL,NC,ASO,ES,Combined TRACON& Tower with Radar,34,25,63,5,127,0,1,81,0,82,34,26,144,5,209,138,4,142,351
06/02/2021,AVL,NC,ASO,ES,Combined TRACON& Tower with Radar,41,27,47,17,132,0,2,28,0,30,41,29,75,17,162,92,8,100,262
06/03/2021,AVL,NC,ASO,ES,Combined TRACON& Tower with Radar,52,40,58,10,160,0,0,12,0,12,52,40,70,10,172,14,5,19,191
06/04/2021,AVL,NC,ASO,ES,Combined TRACON& Tower with Radar,48,45,74,31,198,0,0,33,4,37,48,45,107,35,235,66,10,76,311
06/05/2021,AVL,NC,ASO,ES,Combined TRACON& Tower with Radar,40,41,37,22,140,0,1,60,3,64,40,42,97,25,204,86,12,98,302
06/06/2021,AVL,NC,ASO,ES,Combined TRACON& Tower with Radar,50,45,97,13,205,0,2,27,0,29,50,47,124,13,234,24,0,24,258
06/07/2021,AVL,NC,ASO,ES,Combined TRACON& Tower with Radar,44,48,67,4,163,0,0,12,0,12,44,48,79,4,175,36,0,36,211
06/08/2021,AVL,NC,ASO,ES,Combined TRACON& Tower with Radar,29,36,50,12,127,0,0,12,0,12,29,36,62,12,139,18,0,18,157
06/09/2021,AVL,NC,ASO,ES,Combined TRACON& Tower with Radar,37,49,52,4,142,0,0,22,0,22,37,49,74,4,164,12,0,12,176
06/10/2021,AVL,NC,ASO,ES,Combined TRACON& Tower with Radar,53,34,61,15,163,0,0,11,0,11,53,34,72,15,174,38,6,44,218
06/11/2021,AVL,NC,ASO,ES,Combined TRACON& Tower with Radar,44,42,53,2,141,0,1,7,0,8,44,43,60,2,149,13,0,13,162
06/12/2021,AVL,NC,ASO,ES,Combined TRACON& Tower with Radar,42,49,37,2,130,0,0,2,0,2,42,49,39,2,132,0,0,0,132
06/13/2021,AVL,NC,ASO,ES,Combined TRACON& Tower with Radar,50,53,86,0,189,0,2,42,0,44,50,55,128,0,233,28,0,28,261
06/14/2021,AVL,NC,ASO,ES,Combined TRACON& Tower with Radar,47,41,65,4,157,0,7,72,0,79,47,48,137,4,236,83,0,83,319
06/15/2021,AVL,NC,ASO,ES,Combined TRACON& Tower with Radar,32,41,39,14,126,0,0,52,6,58,32,41,91,20,184,53,10,63,247
06/16/2021,AVL,NC,ASO,ES,Combined TRACON& Tower with Radar,36,52,75,33,196,0,5,78,1,84,36,57,153,34,280,112,23,135,415
06/17/2021,AVL,NC,ASO,ES,Combined TRACON& Tower with Radar,54,46,64,8,172,0,0,91,0,91,54,46,155,8,263,34,4,38,301
06/18/2021,AVL,NC,ASO,ES,Combined TRACON& Tower with Radar,46,44,81,3,174,0,0,90,2,92,46,44,171,5,266,41,0,41,307
06/19/2021,AVL,NC,ASO,ES,Combined TRACON& Tower with Radar,43,46,65,2,156,0,3,55,0,58,43,49,120,2,214,59,5,64,278
06/20/2021,AVL,NC,ASO,ES,Combined TRACON& Tower with Radar,49,62,59,0,170,0,0,4,0,4,49,62,63,0,174,21,0,21,195
06/21/2021,AVL,NC,ASO,ES,Combined TRACON& Tower with Radar,42,41,61,6,150,0,0,39,2,41,42,41,100,8,191,41,6,47,238
06/22/2021,AVL,NC,ASO,ES,Combined TRACON& Tower with Radar,39,56,52,8,155,0,0,15,0,15,39,56,67,8,170,19,0,19,189
06/23/2021,AVL,NC,ASO,ES,Combined TRACON& Tower with Radar,40,47,71,7,165,0,0,38,2,40,40,47,109,9,205,91,0,91,296
06/24/2021,AVL,NC,ASO,ES,Combined TRACON& Tower with Radar,51,50,95,16,212,0,0,32,4,36,51,50,127,20,248,32,4,36,284
06/25/2021,AVL,NC,ASO,ES,Combined TRACON& Tower with Radar,44,63,119,16,242,0,0,71,1,72,44,63,190,17,314,62,18,80,394
06/26/2021,AVL,NC,ASO,ES,Combined TRACON& Tower with Radar,38,54,65,4,161,0,0,58,0,58,38,54,123,4,219,62,0,62,281
06/27/2021,AVL,NC,ASO,ES,Combined TRACON& Tower with Radar,59,69,101,3,232,0,2,16,0,18,59,71,117,3,250,19,0,19,269
06/28/2021,AVL,NC,ASO,ES,Combined TRACON& Tower with Radar,50,52,54,1,157,0,0,54,5,59,50,52,108,6,216,43,0,43,259
06/29/2021,AVL,NC,ASO,ES,Combined TRACON& Tower with Radar,33,49,49,5,136,0,2,2,0,4,33,51,51,5,140,0,0,0,140
06/30/2021,AVL,NC,ASO,ES,Combined TRACON& Tower with Radar,37,60,78,3,178,0,3,53,1,57,37,63,131,4,235,60,0,60,295
07/01/2021,AVL,NC,ASO,ES,Combined TRACON& Tower with Radar,56,60,63,2,181,0,0,31,2,33,56,60,94,4,214,0,6,6,220
07/02/2021,AVL,NC,ASO,ES,Combined TRACON& Tower with Radar,48,67,64,0,179,0,1,8,0,9,48,68,72,0,188,0,0,0,188
07/03/2021,AVL,NC,ASO,ES,Combined TRACON& Tower with Radar,37,55,55,0,147,0,2,77,0,79,37,57,132,0,226,18,0,18,244
07/04/2021,AVL,NC,ASO,ES,Combined TRACON& Tower with Radar,54,50,32,0,136,0,1,46,0,47,54,51,78,0,183,13,0,13,196
07/05/2021,AVL,NC,ASO,ES,Combined TRACON& Tower with Radar,48,44,89,4,185,0,1,79,0,80,48,45,168,4,265,47,0,47,312
07/06/2021,AVL,NC,ASO,ES,Combined TRACON& Tower with Radar,33,42,65,0,140,0,0,90,0,90,33,42,155,0,230,63,0,63,293
07/07/2021,AVL,NC,ASO,ES,Combined TRACON& Tower with Radar,37,42,51,4,134,0,0,32,0,32,37,42,83,4,166,29,2,31,197
07/08/2021,AVL,NC,ASO,ES,Combined TRACON& Tower with Radar,53,48,45,23,169,0,0,20,0,20,53,48,65,23,189,32,0,32,221
07/09/2021,AVL,NC,ASO,ES,Combined TRACON& Tower with Radar,50,56,59,4,169,0,1,31,0,32,50,57,90,4,201,23,0,23,224
07/10/2021,AVL,NC,ASO,ES,Combined TRACON& Tower with Radar,46,53,55,0,154,0,2,50,0,52,46,55,105,0,206,65,0,65,271
07/11/2021,AVL,NC,ASO,ES,Combined TRACON& Tower with Radar,57,81,80,0,218,0,2,15,1,18,57,83,95,1,236,23,0,23,259
07/12/2021,AVL,NC,ASO,ES,Combined TRACON& Tower with Radar,44,41,42,1,128,0,0,14,3,17,44,41,56,4,145,48,0,48,193
07/13/2021,AVL,NC,ASO,ES,Combined TRACON& Tower with Radar,35,50,38,12,135,0,0,18,2,20,35,50,56,14,155,52,2,54,209
07/14/2021,AVL,NC,ASO,ES,Combined TRACON& Tower with Radar,36,50,56,5,147,0,0,24,3,27,36,50,80,8,174,20,8,28,202
07/15/2021,AVL,NC,ASO,ES,Combined TRACON& Tower with Radar,54,61,72,24,211,0,0,44,0,44,54,61,116,24,255,50,0,50,305
07/16/2021,AVL,NC,ASO,ES,Combined TRACON& Tower with Radar,51,69,63,8,191,0,0,62,6,68,51,69,125,14,259,83,6,89,348
07/17/2021,AVL,NC,ASO,ES,Combined TRACON& Tower with Radar,40,47,40,9,136,0,2,29,0,31,40,49,69,9,167,42,0,42,209
07/18/2021,AVL,NC,ASO,ES,Combined TRACON& Tower with Radar,56,59,74,0,189,0,0,8,0,8,56,59,82,0,197,0,0,0,197
07/19/2021,AVL,NC,ASO,ES,Combined TRACON& Tower with Radar,48,51,52,2,153,0,0,6,0,6,48,51,58,2,159,6,2,8,167
07/20/2021,AVL,NC,ASO,ES,Combined TRACON& Tower with Radar,30,54,39,18,141,0,2,12,5,19,30,56,51,23,160,43,8,51,211
07/21/2021,AVL,NC,ASO,ES,Combined TRACON& Tower with Radar,34,47,53,54,188,0,6,53,8,67,34,53,106,62,255,41,16,57,312
07/22/2021,AVL,NC,ASO,ES,Combined TRACON& Tower with Radar,57,52,68,1,178,0,1,35,1,37,57,53,103,2,215,54,0,54,269
07/23/2021,AVL,NC,ASO,ES,Combined TRACON& Tower with Radar,52,57,84,16,209,0,4,29,0,33,52,61,113,16,242,39,0,39,281
07/24/2021,AVL,NC,ASO,ES,Combined TRACON& Tower with Radar,39,52,59,7,157,0,0,24,0,24,39,52,83,7,181,45,0,45,226
07/25/2021,AVL,NC,ASO,ES,Combined TRACON& Tower with Radar,59,62,100,1,222,0,1,28,0,29,59,63,128,1,251,60,0,60,311
07/26/2021,AVL,NC,ASO,ES,Combined TRACON& Tower with Radar,50,45,41,4,140,0,2,23,0,25,50,47,64,4,165,35,0,35,200
07/27/2021,AVL,NC,ASO,ES,Combined TRACON& Tower with Radar,30,42,69,18,159,0,0,23,10,33,30,42,92,28,192,10,10,20,212
07/28/2021,AVL,NC,ASO,ES,Combined TRACON& Tower with Radar,37,51,60,33,181,0,0,58,2,60,37,51,118,35,241,85,0,85,326
07/29/2021,AVL,NC,ASO,ES,Combined TRACON& Tower with Radar,57,56,76,2,191,0,7,63,2,72,57,63,139,4,263,55,0,55,318
07/30/2021,AVL,NC,ASO,ES,Combined TRACON& Tower with Radar,52,45,84,11,192,0,2,42,0,44,52,47,126,11,236,4,0,4,240
07/31/2021,AVL,NC,ASO,ES,Combined TRACON& Tower with Radar,45,49,61,6,161,0,0,55,6,61,45,49,116,12,222,90,2,92,314
08/01/2021,AVL,NC,ASO,ES,Combined TRACON& Tower with Radar,57,48,74,2,181,0,0,15,1,16,57,48,89,3,197,12,0,12,209
08/02/2021,AVL,NC,ASO,ES,Combined TRACON& Tower with Radar,53,58,75,15,201,0,3,57,3,63,53,61,132,18,264,29,6,35,299
08/03/2021,AVL,NC,ASO,ES,Combined TRACON& Tower with Radar,37,48,56,1,142,0,1,1,0,2,37,49,57,1,144,0,0,0,144
08/04/2021,AVL,NC,ASO,ES,Combined TRACON& Tower with Radar,41,43,77,15,176,0,14,24,2,40,41,57,101,17,216,54,18,72,288
08/05/2021,AVL,NC,ASO,ES,Combined TRACON& Tower with Radar,53,47,75,11,186,0,5,72,4,81,53,52,147,15,267,95,2,97,364
08/06/2021,AVL,NC,ASO,ES,Combined TRACON& Tower with Radar,51,53,60,14,178,0,0,56,4,60,51,53,116,18,238,58,0,58,296
08/07/2021,AVL,NC,ASO,ES,Combined TRACON& Tower with Radar,43,44,47,11,145,0,2,27,0,29,43,46,74,11,174,36,0,36,210
08/08/2021,AVL,NC,ASO,ES,Combined TRACON& Tower with Radar,44,65,79,3,191,0,3,52,0,55,44,68,131,3,246,48,0,48,294
08/09/2021,AVL,NC,ASO,ES,Combined TRACON& Tower with Radar,50,47,56,6,159,0,1,28,3,32,50,48,84,9,191,37,6,43,234
08/10/2021,AVL,NC,ASO,ES,Combined TRACON& Tower with Radar,29,43,50,10,132,0,0,25,2,27,29,43,75,12,159,57,0,57,216
08/11/2021,AVL,NC,ASO,ES,Combined TRACON& Tower with Radar,41,48,57,5,151,0,2,32,1,35,41,50,89,6,186,63,0,63,249
08/12/2021,AVL,NC,ASO,ES,Combined TRACON& Tower with Radar,48,70,75,7,200,0,0,63,3,66,48,70,138,10,266,84,0,84,350
08/13/2021,AVL,NC,ASO,ES,Combined TRACON& Tower with Radar,50,47,64,25,186,0,1,56,3,60,50,48,120,28,246,42,6,48,294
08/14/2021,AVL,NC,ASO,ES,Combined TRACON& Tower with Radar,38,43,34,0,115,0,2,26,0,28,38,45,60,0,143,86,0,86,229
08/15/2021,AVL,NC,ASO,ES,Combined TRACON& Tower with Radar,46,59,59,8,172,0,0,17,0,17,46,59,76,8,189,4,0,4,193
08/16/2021,AVL,NC,ASO,ES,Combined TRACON& Tower with Radar,49,40,55,0,144,0,0,1,0,1,49,40,56,0,145,0,0,0,145
08/17/2021,AVL,NC,ASO,ES,Combined TRACON& Tower with Radar,27,32,19,0,78,0,0,0,0,0,27,32,19,0,78,0,0,0,78
08/18/2021,AVL,NC,ASO,ES,Combined TRACON& Tower with Radar,33,52,76,4,165,0,2,47,5,54,33,54,123,9,219,79,5,84,303
08/19/2021,AVL,NC,ASO,ES,Combined TRACON& Tower with Radar,51,37,61,13,162,0,1,43,3,47,51,38,104,16,209,97,1,98,307
08/20/2021,AVL,NC,ASO,ES,Combined TRACON& Tower with Radar,47,48,60,9,164,0,1,31,3,35,47,49,91,12,199,74,2,76,275
08/21/2021,AVL,NC,ASO,ES,Combined TRACON& Tower with Radar,39,38,57,18,152,0,1,35,0,36,39,39,92,18,188,14,6,20,208
08/22/2021,AVL,NC,ASO,ES,Combined TRACON& Tower with Radar,51,35,60,7,153,0,0,40,0,40,51,35,100,7,193,68,0,68,261
08/23/2021,AVL,NC,ASO,ES,Combined TRACON& Tower with Radar,47,44,69,5,165,0,3,66,1,70,47,47,135,6,235,75,0,75,310
08/24/2021,AVL,NC,ASO,ES,Combined TRACON& Tower with Radar,31,50,38,19,138,0,1,50,0,51,31,51,88,19,189,12,0,12,201
08/25/2021,AVL,NC,ASO,ES,Combined TRACON& Tower with Radar,38,39,68,20,165,0,1,34,0,35,38,40,102,20,200,98,0,98,298
08/26/2021,AVL,NC,ASO,ES,Combined TRACON& Tower with Radar,55,52,47,15,169,0,0,30,0,30,55,52,77,15,199,75,0,75,274
08/27/2021,AVL,NC,ASO,ES,Combined TRACON& Tower with Radar,53,40,78,19,190,0,0,17,1,18,53,40,95,20,208,2,0,2,210
08/28/2021,AVL,NC,ASO,ES,Combined TRACON& Tower with Radar,42,32,53,13,140,0,4,72,6,82,42,36,125,19,222,96,16,112,334
08/29/2021,AVL,NC,ASO,ES,Combined TRACON& Tower with Radar,52,51,64,4,171,0,2,57,5,64,52,53,121,9,235,53,10,63,298
08/30/2021,AVL,NC,ASO,ES,Combined TRACON& Tower with Radar,47,44,48,8,147,0,2,62,1,65,47,46,110,9,212,54,0,54,266
08/31/2021,AVL,NC,ASO,ES,Combined TRACON& Tower with Radar,32,31,29,2,94,0,0,6,0,6,32,31,35,2,100,0,0,0,100
09/01/2021,AVL,NC,ASO,ES,Combined TRACON& Tower with Radar,38,32,37,2,109,0,1,4,0,5,38,33,41,2,114,8,0,8,122
09/02/2021,AVL,NC,ASO,ES,Combined TRACON& Tower with Radar,54,32,46,9,141,0,2,78,2,82,54,34,124,11,223,72,0,72,295
09/03/2021,AVL,NC,ASO,ES,Combined TRACON& Tower with Radar,53,56,73,2,184,0,1,75,0,76,53,57,148,2,260,74,0,74,334
09/04/2021,AVL,NC,ASO,ES,Combined TRACON& Tower with Radar,37,30,53,0,120,0,0,49,1,50,37,30,102,1,170,34,0,34,204
09/05/2021,AVL,NC,ASO,ES,Combined TRACON& Tower with Radar,47,38,38,12,135,0,0,41,0,41,47,38,79,12,176,21,8,29,205
09/06/2021,AVL,NC,ASO,ES,Combined TRACON& Tower with Radar,49,53,82,0,184,0,2,38,1,41,49,55,120,1,225,47,0,47,272
09/07/2021,AVL,NC,ASO,ES,Combined TRACON& Tower with Radar,32,41,58,23,154,0,2,27,1,30,32,43,85,24,184,67,17,84,268
09/08/2021,AVL,NC,ASO,ES,Combined TRACON& Tower with Radar,29,32,45,8,114,0,0,6,3,9,29,32,51,11,123,33,0,33,156
09/09/2021,AVL,NC,ASO,ES,Combined TRACON& Tower with Radar,45,50,79,2,176,0,2,59,0,61,45,52,138,2,237,19,0,19,256
09/10/2021,AVL,NC,ASO,ES,Combined TRACON& Tower with Radar,37,59,49,7,152,0,0,61,4,65,37,59,110,11,217,58,0,58,275
09/11/2021,AVL,NC,ASO,ES,Combined TRACON& Tower with Radar,32,38,49,6,125,0,1,76,3,80,32,39,125,9,205,92,0,92,297
09/12/2021,AVL,NC,ASO,ES,Combined TRACON& Tower with Radar,47,60,67,5,179,0,0,75,4,79,47,60,142,9,258,40,0,40,298
09/13/2021,AVL,NC,ASO,ES,Combined TRACON& Tower with Radar,39,46,43,2,130,0,3,36,2,41,39,49,79,4,171,71,0,71,242
09/14/2021,AVL,NC,ASO,ES,Combined TRACON& Tower with Radar,28,39,41,18,126,0,7,40,1,48,28,46,81,19,174,98,2,100,274
09/15/2021,AVL,NC,ASO,ES,Combined TRACON& Tower with Radar,30,34,56,6,126,0,0,30,2,32,30,34,86,8,158,147,12,159,317
09/16/2021,AVL,NC,ASO,ES,Combined TRACON& Tower with Radar,45,40,59,0,144,0,0,6,0,6,45,40,65,0,150,10,0,10,160
09/17/2021,AVL,NC,ASO,ES,Combined TRACON& Tower with Radar,44,40,65,14,163,0,4,7,6,17,44,44,72,20,180,10,0,10,190
09/18/2021,AVL,NC,ASO,ES,Combined TRACON& Tower with Radar,32,39,45,0,116,0,0,17,0,17,32,39,62,0,133,20,0,20,153
09/19/2021,AVL,NC,ASO,ES,Combined TRACON& Tower with Radar,46,44,56,4,150,0,0,13,4,17,46,44,69,8,167,14,0,14,181
09/20/2021,AVL,NC,ASO,ES,Combined TRACON& Tower with Radar,40,44,47,2,133,0,0,5,0,5,40,44,52,2,138,0,0,0,138
09/21/2021,AVL,NC,ASO,ES,Combined TRACON& Tower with Radar,26,35,29,0,90,0,0,0,0,0,26,35,29,0,90,0,0,0,90
09/22/2021,AVL,NC,ASO,ES,Combined TRACON& Tower with Radar,33,57,31,8,129,0,0,4,0,4,33,57,35,8,133,10,4,14,147
09/23/2021,AVL,NC,ASO,ES,Combined TRACON& Tower with Radar,43,53,79,8,183,0,4,63,4,71,43,57,142,12,254,36,0,36,290
09/24/2021,AVL,NC,ASO,ES,Combined TRACON& Tower with Radar,39,46,62,22,169,0,0,90,1,91,39,46,152,23,260,79,0,79,339
09/25/2021,AVL,NC,ASO,ES,Combined TRACON& Tower with Radar,28,41,31,2,102,0,0,96,1,97,28,41,127,3,199,52,0,52,251
09/26/2021,AVL,NC,ASO,ES,Combined TRACON& Tower with Radar,43,53,77,4,177,0,0,63,0,63,43,53,140,4,240,80,0,80,320
09/27/2021,AVL,NC,ASO,ES,Combined TRACON& Tower with Radar,38,38,57,11,144,0,1,62,3,66,38,39,119,14,210,94,8,102,312
09/28/2021,AVL,NC,ASO,ES,Combined TRACON& Tower with Radar,22,39,52,28,141,0,1,57,2,60,22,40,109,30,201,25,0,25,226
09/29/2021,AVL,NC,ASO,ES,Combined TRACON& Tower with Radar,30,42,38,16,126,0,2,54,0,56,30,44,92,16,182,37,4,41,223
09/30/2021,AVL,NC,ASO,ES,Combined TRACON& Tower with Radar,48,48,63,13,172,0,5,55,2,62,48,53,118,15,234,100,0,100,334
10/01/2021,AVL,NC,ASO,ES,Combined TRACON& Tower with Radar,40,65,75,30,210,0,0,48,7,55,40,65,123,37,265,30,12,42,307
10/02/2021,AVL,NC,ASO,ES,Combined TRACON& Tower with Radar,34,48,61,15,158,0,4,20,0,24,34,52,81,15,182,2,0,2,184
10/03/2021,AVL,NC,ASO,ES,Combined TRACON& Tower with Radar,48,77,80,0,205,0,0,11,5,16,48,77,91,5,221,9,0,9,230
10/04/2021,AVL,NC,ASO,ES,Combined TRACON& Tower with Radar,38,50,36,4,128,0,0,2,0,2,38,50,38,4,130,0,0,0,130
10/05/2021,AVL,NC,ASO,ES,Combined TRACON& Tower with Radar,29,42,34,16,121,0,0,3,0,3,29,42,37,16,124,0,0,0,124
10/06/2021,AVL,NC,ASO,ES,Combined TRACON& Tower with Radar,38,45,38,2,123,0,0,1,0,1,38,45,39,2,124,0,0,0,124
10/07/2021,AVL,NC,ASO,ES,Combined TRACON& Tower with Radar,55,61,55,0,171,0,0,2,0,2,55,61,57,0,173,7,0,7,180
10/08/2021,AVL,NC,ASO,ES,Combined TRACON& Tower with Radar,42,45,54,0,141,0,2,1,0,3,42,47,55,0,144,6,0,6,150
10/09/2021,AVL,NC,ASO,ES,Combined TRACON& Tower with Radar,35,57,43,0,135,0,1,33,0,34,35,58,76,0,169,22,0,22,191
10/10/2021,AVL,NC,ASO,ES,Combined TRACON& Tower with Radar,56,58,81,0,195,0,3,76,0,79,56,61,157,0,274,8,0,8,282
10/11/2021,AVL,NC,ASO,ES,Combined TRACON& Tower with Radar,42,43,77,0,162,0,0,65,0,65,42,43,142,0,227,38,0,38,265
10/12/2021,AVL,NC,ASO,ES,Combined TRACON& Tower with Radar,32,43,60,20,155,0,2,38,1,41,32,45,98,21,196,40,0,40,236
10/13/2021,AVL,NC,ASO,ES,Combined TRACON& Tower with Radar,39,46,62,21,168,0,2,45,8,55,39,48,107,29,223,31,20,51,274
10/14/2021,AVL,NC,ASO,ES,Combined TRACON& Tower with Radar,53,47,80,10,190,0,2,64,1,67,53,49,144,11,257,20,0,20,277
10/15/2021,AVL,NC,ASO,ES,Combined TRACON& Tower with Radar,48,62,82,5,197,0,0,43,7,50,48,62,125,12,247,60,14,74,321
10/16/2021,AVL,NC,ASO,ES,Combined TRACON& Tower with Radar,37,39,30,0,106,0,0,17,0,17,37,39,47,0,123,0,0,0,123
10/17/2021,AVL,NC,ASO,ES,Combined TRACON& Tower with Radar,19,81,60,3,163,0,17,63,2,82,19,98,123,5,245,6,0,6,251
10/18/2021,AVL,NC,ASO,ES,Combined TRACON& Tower with Radar,46,43,56,14,159,0,4,62,3,69,46,47,118,17,228,28,2,30,258
10/19/2021,AVL,NC,ASO,ES,Combined TRACON& Tower with Radar,31,49,37,10,127,0,0,66,1,67,31,49,103,11,194,28,0,28,222
10/20/2021,AVL,NC,ASO,ES,Combined TRACON& Tower with Radar,37,41,48,17,143,0,0,78,3,81,37,41,126,20,224,76,0,76,300
10/21/2021,AVL,NC,ASO,ES,Combined TRACON& Tower with Radar,56,59,78,10,203,0,2,45,0,47,56,61,123,10,250,4,0,4,254
10/22/2021,AVL,NC,ASO,ES,Combined TRACON& Tower with Radar,45,54,69,11,179,0,0,69,2,71,45,54,138,13,250,37,0,37,287
10/23/2021,AVL,NC,ASO,ES,Combined TRACON& Tower with Radar,35,49,41,0,125,0,0,70,0,70,35,49,111,0,195,14,0,14,209
10/24/2021,AVL,NC,ASO,ES,Combined TRACON& Tower with Radar,56,56,82,4,198,0,2,79,2,83,56,58,161,6,281,55,0,55,336
10/25/2021,AVL,NC,ASO,ES,Combined TRACON& Tower with Radar,41,58,56,23,178,0,2,24,0,26,41,60,80,23,204,12,0,12,216
10/26/2021,AVL,NC,ASO,ES,Combined TRACON& Tower with Radar,33,40,50,12,135,0,1,15,7,23,33,41,65,19,158,0,8,8,166
10/27/2021,AVL,NC,ASO,ES,Combined TRACON& Tower with Radar,35,55,59,36,185,0,2,83,9,94,35,57,142,45,279,77,22,99,378
10/28/2021,AVL,NC,ASO,ES,Combined TRACON& Tower with Radar,52,37,50,0,139,0,0,8,1,9,52,37,58,1,148,8,0,8,156
10/29/2021,AVL,NC,ASO,ES,Combined TRACON& Tower with Radar,44,46,47,4,141,0,0,0,0,0,44,46,47,4,141,2,0,2,143
10/30/2021,AVL,NC,ASO,ES,Combined TRACON& Tower with Radar,32,36,47,0,115,0,0,1,0,1,32,36,48,0,116,0,0,0,116
10/31/2021,AVL,NC,ASO,ES,Combined TRACON& Tower with Radar,52,31,59,0,142,0,0,19,0,19,52,31,78,0,161,8,0,8,169
11/01/2021,AVL,NC,ASO,ES,Combined TRACON& Tower with Radar,40,35,52,28,155,0,7,62,10,79,40,42,114,38,234,25,28,53,287
11/02/2021,AVL,NC,ASO,ES,Combined TRACON& Tower with Radar,24,25,57,42,148,0,1,54,4,59,24,26,111,46,207,42,10,52,259
11/03/2021,AVL,NC,ASO,ES,Combined TRACON& Tower with Radar,29,25,62,14,130,0,0,4,1,5,29,25,66,15,135,38,0,38,173
11/04/2021,AVL,NC,ASO,ES,Combined TRACON& Tower with Radar,44,23,55,0,122,0,0,0,0,0,44,23,55,0,122,0,0,0,122
11/05/2021,AVL,NC,ASO,ES,Combined TRACON& Tower with Radar,41,29,54,46,170,0,0,55,3,58,41,29,109,49,228,32,12,44,272
11/06/2021,AVL,NC,ASO,ES,Combined TRACON& Tower with Radar,26,28,38,9,101,0,0,52,2,54,26,28,90,11,155,54,16,70,225
11/07/2021,AVL,NC,ASO,ES,Combined TRACON& Tower with Radar,46,32,46,9,133,0,1,56,0,57,46,33,102,9,190,32,0,32,222
11/08/2021,AVL,NC,ASO,ES,Combined TRACON& Tower with Radar,40,26,45,15,126,0,0,78,3,81,40,26,123,18,207,24,12,36,243
11/09/2021,AVL,NC,ASO,ES,Combined TRACON& Tower with Radar,22,26,38,6,92,0,2,62,6,70,22,28,100,12,162,46,2,48,210
11/10/2021,AVL,NC,ASO,ES,Combined TRACON& Tower with Radar,28,27,49,21,125,0,0,76,5,81,28,27,125,26,206,39,0,39,245
11/11/2021,AVL,NC,ASO,ES,Combined TRACON& Tower with Radar,45,28,58,2,133,0,0,7,0,7,45,28,65,2,140,12,0,12,152
11/12/2021,AVL,NC,ASO,ES,Combined TRACON& Tower with Radar,44,30,49,3,126,0,0,61,4,65,44,30,110,7,191,86,0,86,277
11/13/2021,AVL,NC,ASO,ES,Combined TRACON& Tower with Radar,26,19,21,10,76,0,2,45,0,47,26,21,66,10,123,42,0,42,165
11/14/2021,AVL,NC,ASO,ES,Combined TRACON& Tower with Radar,42,30,67,0,139,0,0,68,0,68,42,30,135,0,207,55,0,55,262
11/15/2021,AVL,NC,ASO,ES,Combined TRACON& Tower with Radar,40,21,34,10,105,0,2,60,6,68,40,23,94,16,173,86,12,98,271
11/16/2021,AVL,NC,ASO,ES,Combined TRACON& Tower with Radar,26,20,32,13,91,0,1,55,2,58,26,21,87,15,149,92,13,105,254
11/17/2021,AVL,NC,ASO,ES,Combined TRACON& Tower with Radar,29,33,48,7,117,0,0,57,0,57,29,33,105,7,174,38,0,38,212
11/18/2021,AVL,NC,ASO,ES,Combined TRACON& Tower with Radar,44,31,44,11,130,0,0,31,1,32,44,31,75,12,162,29,6,35,197
11/19/2021,AVL,NC,ASO,ES,Combined TRACON& Tower with Radar,39,42,54,3,138,0,2,36,0,38,39,44,90,3,176,8,2,10,186
11/20/2021,AVL,NC,ASO,ES,Combined TRACON& Tower with Radar,28,36,69,3,136,0,1,72,5,78,28,37,141,8,214,64,8,72,286
11/21/2021,AVL,NC,ASO,ES,Combined TRACON& Tower with Radar,39,44,44,3,130,0,0,26,1,27,39,44,70,4,157,49,0,49,206
11/22/2021,AVL,NC,ASO,ES,Combined TRACON& Tower with Radar,36,32,26,8,102,0,0,8,4,12,36,32,34,12,114,6,8,14,128
11/23/2021,AVL,NC,ASO,ES,Combined TRACON& Tower with Radar,41,40,42,13,136,0,0,44,1,45,41,40,86,14,181,79,6,85,266
11/24/2021,AVL,NC,ASO,ES,Combined TRACON& Tower with Radar,37,31,83,10,161,0,1,58,0,59,37,32,141,10,220,38,2,40,260
11/25/2021,AVL,NC,ASO,ES,Combined TRACON& Tower with Radar,21,13,16,0,50,0,0,13,0,13,21,13,29,0,63,0,0,0,63
11/26/2021,AVL,NC,ASO,ES,Combined TRACON& Tower with Radar,26,24,37,1,88,0,7,12,0,19,26,31,49,1,107,0,0,0,107
11/27/2021,AVL,NC,ASO,ES,Combined TRACON& Tower with Radar,46,29,36,1,112,0,0,65,1,66,46,29,101,2,178,58,0,58,236
11/28/2021,AVL,NC,ASO,ES,Combined TRACON& Tower with Radar,40,47,65,0,152,0,4,72,0,76,40,51,137,0,228,42,0,42,270
11/29/2021,AVL,NC,ASO,ES,Combined TRACON& Tower with Radar,37,43,39,4,123,0,2,47,0,49,37,45,86,4,172,8,0,8,180
11/30/2021,AVL,NC,ASO,ES,Combined TRACON& Tower with Radar,24,25,49,6,104,0,4,57,2,63,24,29,106,8,167,38,8,46,213
12/01/2021,AVL,NC,ASO,ES,Combined TRACON& Tower with Radar,31,20,37,18,106,0,2,64,3,69,31,22,101,21,175,72,0,72,247
12/02/2021,AVL,NC,ASO,ES,Combined TRACON& Tower with Radar,46,21,47,19,133,0,2,65,6,73,46,23,112,25,206,54,0,54,260
12/03/2021,AVL,NC,ASO,ES,Combined TRACON& Tower with Radar,38,19,46,25,128,0,3,62,0,65,38,22,108,25,193,14,0,14,207
12/04/2021,AVL,NC,ASO,ES,Combined TRACON& Tower with Radar,27,17,42,32,118,0,1,48,13,62,27,18,90,45,180,47,22,69,249
12/05/2021,AVL,NC,ASO,ES,Combined TRACON& Tower with Radar,46,34,64,8,152,0,0,23,0,23,46,34,87,8,175,117,0,117,292
12/06/2021,AVL,NC,ASO,ES,Combined TRACON& Tower with Radar,36,24,29,0,89,0,0,5,0,5,36,24,34,0,94,0,0,0,94
12/07/2021,AVL,NC,ASO,ES,Combined TRACON& Tower with Radar,22,26,30,5,83,0,3,37,7,47,22,29,67,12,130,49,8,57,187
12/08/2021,AVL,NC,ASO,ES,Combined TRACON& Tower with Radar,21,20,30,2,73,0,0,41,0,41,21,20,71,2,114,58,0,58,172
12/09/2021,AVL,NC,ASO,ES,Combined TRACON& Tower with Radar,46,26,37,38,147,0,0,48,6,54,46,26,85,44,201,96,24,120,321
12/10/2021,AVL,NC,ASO,ES,Combined TRACON& Tower with Radar,37,29,46,7,119,0,1,1,0,2,37,30,47,7,121,4,0,4,125
12/11/2021,AVL,NC,ASO,ES,Combined TRACON& Tower with Radar,26,18,13,0,57,0,2,1,0,3,26,20,14,0,60,0,0,0,60
12/12/2021,AVL,NC,ASO,ES,Combined TRACON& Tower with Radar,44,20,37,3,104,0,3,45,0,48,44,23,82,3,152,4,0,4,156
12/13/2021,AVL,NC,ASO,ES,Combined TRACON& Tower with Radar,37,26,45,4,112,0,0,74,0,74,37,26,119,4,186,60,0,60,246
12/14/2021,AVL,NC,ASO,ES,Combined TRACON& Tower with Radar,27,26,43,4,100,0,0,77,3,80,27,26,120,7,180,59,1,60,240
12/15/2021,AVL,NC,ASO,ES,Combined TRACON& Tower with Radar,23,30,50,8,111,0,0,45,5,50,23,30,95,13,161,8,0,8,169
12/16/2021,AVL,NC,ASO,ES,Combined TRACON& Tower with Radar,45,29,37,41,152,0,0,57,2,59,45,29,94,43,211,18,12,30,241
12/17/2021,AVL,NC,ASO,ES,Combined TRACON& Tower with Radar,39,35,66,1,141,0,0,32,0,32,39,35,98,1,173,54,0,54,227
12/18/2021,AVL,NC,ASO,ES,Combined TRACON& Tower with Radar,30,21,31,0,82,0,0,0,0,0,30,21,31,0,82,4,0,4,86
12/19/2021,AVL,NC,ASO,ES,Combined TRACON& Tower with Radar,39,35,30,0,104,0,1,7,0,8,39,36,37,0,112,4,0,4,116
12/20/2021,AVL,NC,ASO,ES,Combined TRACON& Tower with Radar,44,25,42,33,144,0,0,80,3,83,44,25,122,36,227,31,14,45,272
12/21/2021,AVL,NC,ASO,ES,Combined TRACON& Tower with Radar,32,19,29,9,89,0,0,44,29,73,32,19,73,38,162,42,62,104,266
12/22/2021,AVL,NC,ASO,ES,Combined TRACON& Tower with Radar,41,24,34,8,107,0,0,19,6,25,41,24,53,14,132,0,2,2,134
12/23/2021,AVL,NC,ASO,ES,Combined TRACON& Tower with Radar,37,30,36,0,103,0,0,78,0,78,37,30,114,0,181,44,0,44,225
12/24/2021,AVL,NC,ASO,ES,Combined TRACON& Tower with Radar,38,18,16,0,72,0,2,21,0,23,38,20,37,0,95,6,0,6,101
12/25/2021,AVL,NC,ASO,ES,Combined TRACON& Tower with Radar,22,20,9,0,51,0,0,6,0,6,22,20,15,0,57,0,0,0,57
12/26/2021,AVL,NC,ASO,ES,Combined TRACON& Tower with Radar,40,18,30,0,88,0,2,41,0,43,40,20,71,0,131,0,0,0,131
12/27/2021,AVL,NC,ASO,ES,Combined TRACON& Tower with Radar,40,32,53,5,130,0,0,28,0,28,40,32,81,5,158,48,0,48,206
12/28/2021,AVL,NC,ASO,ES,Combined TRACON& Tower with Radar,35,24,45,1,105,0,1,22,0,23,35,25,67,1,128,29,0,29,157
12/29/2021,AVL,NC,ASO,ES,Combined TRACON& Tower with Radar,32,32,34,6,104,0,0,14,0,14,32,32,48,6,118,48,0,48,166
12/30/2021,AVL,NC,ASO,ES,Combined TRACON& Tower with Radar,40,30,40,0,110,0,0,12,0,12,40,30,52,0,122,22,0,22,144
12/31/2021,AVL,NC,ASO,ES,Combined TRACON& Tower with Radar,33,17,31,0,81,0,0,34,0,34,33,17,65,0,115,60,0,60,175
01/01/2022,AVL,NC,ASO,ES,Combined TRACON& Tower with Radar,23,22,23,0,68,0,0,7,0,7,23,22,30,0,75,8,0,8,83
01/02/2022,AVL,NC,ASO,ES,Combined TRACON& Tower with Radar,37,15,29,0,81,0,3,10,0,13,37,18,39,0,94,2,0,2,96
01/03/2022,AVL,NC,ASO,ES,Combined TRACON& Tower with Radar,30,23,21,0,74,0,2,4,0,6,30,25,25,0,80,0,0,0,80
01/04/2022,AVL,NC,ASO,ES,Combined TRACON& Tower with Radar,30,13,49,11,103,0,2,61,5,68,30,15,110,16,171,44,11,55,226
01/05/2022,AVL,NC,ASO,ES,Combined TRACON& Tower with Radar,28,13,33,10,84,0,1,76,1,78,28,14,109,11,162,72,0,72,234
01/06/2022,AVL,NC,ASO,ES,Combined TRACON& Tower with Radar,41,17,21,2,81,0,0,21,0,21,41,17,42,2,102,14,0,14,116
01/07/2022,AVL,NC,ASO,ES,Combined TRACON& Tower with Radar,35,20,22,29,106,0,2,37,2,41,35,22,59,31,147,50,2,52,199
01/08/2022,AVL,NC,ASO,ES,Combined TRACON& Tower with Radar,27,14,32,19,92,0,6,73,6,85,27,20,105,25,177,59,3,62,239
01/09/2022,AVL,NC,ASO,ES,Combined TRACON& Tower with Radar,35,19,11,1,66,0,0,0,0,0,35,19,11,1,66,0,0,0,66
01/10/2022,AVL,NC,ASO,ES,Combined TRACON& Tower with Radar,33,24,23,2,82,0,3,17,0,20,33,27,40,2,102,0,0,0,102
01/11/2022,AVL,NC,ASO,ES,Combined TRACON& Tower with Radar,21,16,33,29,99,0,0,47,6,53,21,16,80,35,152,136,2,138,290
01/12/2022,AVL,NC,ASO,ES,Combined TRACON& Tower with Radar,25,14,19,5,63,0,0,75,7,82,25,14,94,12,145,145,7,152,297
01/13/2022,AVL,NC,ASO,ES,Combined TRACON& Tower with Radar,43,20,32,33,128,0,1,50,3,54,43,21,82,36,182,102,14,116,298
01/14/2022,AVL,NC,ASO,ES,Combined TRACON& Tower with Radar,37,14,33,6,90,0,0,35,1,36,37,14,68,7,126,50,0,50,176
01/15/2022,AVL,NC,ASO,ES,Combined TRACON& Tower with Radar,29,15,22,0,66,0,4,29,0,33,29,19,51,0,99,31,0,31,130
01/16/2022,AVL,NC,ASO,ES,Combined TRACON& Tower with Radar,0,0,0,0,0,0,0,0,0,0,0,0,0,0,0,0,0,0,0
01/17/2022,AVL,NC,ASO,ES,Combined TRACON& Tower with Radar,13,6,18,0,37,0,1,2,0,3,13,7,20,0,40,0,0,0,40
01/18/2022,AVL,NC,ASO,ES,Combined TRACON& Tower with Radar,23,18,16,17,74,0,1,16,3,20,23,19,32,20,94,6,7,13,107
01/19/2022,AVL,NC,ASO,ES,Combined TRACON& Tower with Radar,25,14,24,7,70,0,2,32,3,37,25,16,56,10,107,34,0,34,141
01/20/2022,AVL,NC,ASO,ES,Combined TRACON& Tower with Radar,42,14,16,0,72,0,0,0,0,0,42,14,16,0,72,0,0,0,72
01/21/2022,AVL,NC,ASO,ES,Combined TRACON& Tower with Radar,37,11,11,4,63,0,0,0,0,0,37,11,11,4,63,0,0,0,63
01/22/2022,AVL,NC,ASO,ES,Combined TRACON& Tower with Radar,25,11,18,1,55,0,4,67,1,72,25,15,85,2,127,50,6,56,183
01/23/2022,AVL,NC,ASO,ES,Combined TRACON& Tower with Radar,40,15,33,4,92,0,3,71,0,74,40,18,104,4,166,40,0,40,206
01/24/2022,AVL,NC,ASO,ES,Combined TRACON& Tower with Radar,35,15,26,10,86,0,0,46,4,50,35,15,72,14,136,48,0,48,184
01/25/2022,AVL,NC,ASO,ES,Combined TRACON& Tower with Radar,23,6,28,14,71,0,0,52,4,56,23,6,80,18,127,85,8,93,220
01/26/2022,AVL,NC,ASO,ES,Combined TRACON& Tower with Radar,24,13,34,31,102,0,0,43,6,49,24,13,77,37,151,12,16,28,179
01/27/2022,AVL,NC,ASO,ES,Combined TRACON& Tower with Radar,44,12,40,30,126,0,0,49,13,62,44,12,89,43,188,68,18,86,274
01/28/2022,AVL,NC,ASO,ES,Combined TRACON& Tower with Radar,37,11,12,0,60,0,2,22,0,24,37,13,34,0,84,70,0,70,154
01/29/2022,AVL,NC,ASO,ES,Combined TRACON& Tower with Radar,27,9,11,2,49,0,2,3,2,7,27,11,14,4,56,0,0,0,56
01/30/2022,AVL,NC,ASO,ES,Combined TRACON& Tower with Radar,43,10,40,2,95,0,0,45,2,47,43,10,85,4,142,26,0,26,168
01/31/2022,AVL,NC,ASO,ES,Combined TRACON& Tower with Radar,36,6,29,5,76,0,0,52,9,61,36,6,81,14,137,33,15,48,185
02/01/2022,AVL,NC,ASO,ES,Combined TRACON& Tower with Radar,27,17,17,27,88,0,6,53,9,68,27,23,70,36,156,76,10,86,242
02/02/2022,AVL,NC,ASO,ES,Combined TRACON& Tower with Radar,26,14,19,1,60,0,1,12,2,15,26,15,31,3,75,52,0,52,127
02/03/2022,AVL,NC,ASO,ES,Combined TRACON& Tower with Radar,38,6,9,0,53,0,0,0,0,0,38,6,9,0,53,0,0,0,53
02/04/2022,AVL,NC,ASO,ES,Combined TRACON& Tower with Radar,35,17,36,0,88,0,1,0,0,1,35,18,36,0,89,0,0,0,89
02/05/2022,AVL,NC,ASO,ES,Combined TRACON& Tower with Radar,27,11,21,0,59,0,3,66,2,71,27,14,87,2,130,58,0,58,188
02/06/2022,AVL,NC,ASO,ES,Combined TRACON& Tower with Radar,42,15,26,0,83,0,2,78,0,80,42,17,104,0,163,93,0,93,256
02/07/2022,AVL,NC,ASO,ES,Combined TRACON& Tower with Radar,36,16,25,4,81,0,2,31,0,33,36,18,56,4,114,42,0,42,156
02/08/2022,AVL,NC,ASO,ES,Combined TRACON& Tower with Radar,23,18,32,9,82,0,2,52,3,57,23,20,84,12,139,44,0,44,183
02/09/2022,AVL,NC,ASO,ES,Combined TRACON& Tower with Radar,25,18,42,24,109,0,0,73,3,76,25,18,115,27,185,68,0,68,253
02/10/2022,AVL,NC,ASO,ES,Combined TRACON& Tower with Radar,43,12,37,17,109,0,0,35,3,38,43,12,72,20,147,30,8,38,185
02/11/2022,AVL,NC,ASO,ES,Combined TRACON& Tower with Radar,36,23,40,8,107,0,7,45,4,56,36,30,85,12,163,10,4,14,177
02/12/2022,AVL,NC,ASO,ES,Combined TRACON& Tower with Radar,29,14,30,6,79,0,1,66,7,74,29,15,96,13,153,90,0,90,243
02/13/2022,AVL,NC,ASO,ES,Combined TRACON& Tower with Radar,41,21,17,0,79,0,0,14,3,17,41,21,31,3,96,25,0,25,121
02/14/2022,AVL,NC,ASO,ES,Combined TRACON& Tower with Radar,37,11,16,6,70,0,1,39,11,51,37,12,55,17,121,85,0,85,206
02/15/2022,AVL,NC,ASO,ES,Combined TRACON& Tower with Radar,25,19,34,17,95,0,3,62,13,78,25,22,96,30,173,97,2,99,272
02/16/2022,AVL,NC,ASO,ES,Combined TRACON& Tower with Radar,30,14,34,10,88,0,1,4,0,5,30,15,38,10,93,36,6,42,135
02/17/2022,AVL,NC,ASO,ES,Combined TRACON& Tower with Radar,44,15,42,4,105,0,0,0,0,0,44,15,42,4,105,0,0,0,105
02/18/2022,AVL,NC,ASO,ES,Combined TRACON& Tower with Radar,35,15,34,9,93,0,0,13,4,17,35,15,47,13,110,0,0,0,110
02/19/2022,AVL,NC,ASO,ES,Combined TRACON& Tower with Radar,33,13,30,3,79,0,0,24,7,31,33,13,54,10,110,40,0,40,150
02/20/2022,AVL,NC,ASO,ES,Combined TRACON& Tower with Radar,40,15,33,6,94,0,2,87,12,101,40,17,120,18,195,53,0,53,248
02/21/2022,AVL,NC,ASO,ES,Combined TRACON& Tower with Radar,44,24,55,1,124,0,1,43,6,50,44,25,98,7,174,37,0,37,211
02/22/2022,AVL,NC,ASO,ES,Combined TRACON& Tower with Radar,25,20,31,6,82,0,0,3,0,3,25,20,34,6,85,0,0,0,85
02/23/2022,AVL,NC,ASO,ES,Combined TRACON& Tower with Radar,26,18,31,9,84,0,0,27,0,27,26,18,58,9,111,109,0,109,220
02/24/2022,AVL,NC,ASO,ES,Combined TRACON& Tower with Radar,43,21,33,0,97,0,2,10,0,12,43,23,43,0,109,0,0,0,109
02/25/2022,AVL,NC,ASO,ES,Combined TRACON& Tower with Radar,36,23,20,0,79,0,0,10,3,13,36,23,30,3,92,18,0,18,110
02/26/2022,AVL,NC,ASO,ES,Combined TRACON& Tower with Radar,30,14,23,3,70,0,0,62,24,86,30,14,85,27,156,32,2,34,190
02/27/2022,AVL,NC,ASO,ES,Combined TRACON& Tower with Radar,41,16,24,0,81,0,0,0,0,0,41,16,24,0,81,0,0,0,81
02/28/2022,AVL,NC,ASO,ES,Combined TRACON& Tower with Radar,44,10,31,0,85,0,5,60,4,69,44,15,91,4,154,35,0,35,189
03/01/2022,AVL,NC,ASO,ES,Combined TRACON& Tower with Radar,26,20,26,25,97,0,5,62,5,72,26,25,88,30,169,78,6,84,253
03/02/2022,AVL,NC,ASO,ES,Combined TRACON& Tower with Radar,30,24,32,18,104,0,2,79,2,83,30,26,111,20,187,32,14,46,233
03/03/2022,AVL,NC,ASO,ES,Combined TRACON& Tower with Radar,41,21,42,11,115,0,3,68,11,82,41,24,110,22,197,86,0,86,283
03/04/2022,AVL,NC,ASO,ES,Combined TRACON& Tower with Radar,45,22,45,42,154,0,5,53,15,73,45,27,98,57,227,14,32,46,273
03/05/2022,AVL,NC,ASO,ES,Combined TRACON& Tower with Radar,34,18,30,0,82,0,3,40,12,55,34,21,70,12,137,28,0,28,165
03/06/2022,AVL,NC,ASO,ES,Combined TRACON& Tower with Radar,43,17,29,4,93,0,0,13,0,13,43,17,42,4,106,38,0,38,144
03/07/2022,AVL,NC,ASO,ES,Combined TRACON& Tower with Radar,50,12,16,0,78,0,1,4,0,5,50,13,20,0,83,0,0,0,83
03/08/2022,AVL,NC,ASO,ES,Combined TRACON& Tower with Radar,24,14,46,3,87,0,0,33,0,33,24,14,79,3,120,23,2,25,145
03/09/2022,AVL,NC,ASO,ES,Combined TRACON& Tower with Radar,29,20,21,3,73,0,0,0,5,5,29,20,21,8,78,0,15,15,93
03/10/2022,AVL,NC,ASO,ES,Combined TRACON& Tower with Radar,47,24,25,10,106,0,0,6,0,6,47,24,31,10,112,27,0,27,139
03/11/2022,AVL,NC,ASO,ES,Combined TRACON& Tower with Radar,42,12,28,14,96,0,1,28,6,35,42,13,56,20,131,26,0,26,157
03/12/2022,AVL,NC,ASO,ES,Combined TRACON& Tower with Radar,22,8,11,0,41,0,1,1,0,2,22,9,12,0,43,0,0,0,43
03/13/2022,AVL,NC,ASO,ES,Combined TRACON& Tower with Radar,44,17,38,2,101,0,1,72,15,88,44,18,110,17,189,51,0,51,240
03/14/2022,AVL,NC,ASO,ES,Combined TRACON& Tower with Radar,48,10,32,12,102,0,1,91,12,104,48,11,123,24,206,46,6,52,258
03/15/2022,AVL,NC,ASO,ES,Combined TRACON& Tower with Radar,29,13,39,0,81,0,0,58,0,58,29,13,97,0,139,100,0,100,239
03/16/2022,AVL,NC,ASO,ES,Combined TRACON& Tower with Radar,33,10,38,2,83,0,0,5,0,5,33,10,43,2,88,12,0,12,100
03/17/2022,AVL,NC,ASO,ES,Combined TRACON& Tower with Radar,42,15,39,13,109,0,3,57,2,62,42,18,96,15,171,70,4,74,245
03/18/2022,AVL,NC,ASO,ES,Combined TRACON& Tower with Radar,39,18,31,3,91,0,0,21,0,21,39,18,52,3,112,49,0,49,161
03/19/2022,AVL,NC,ASO,ES,Combined TRACON& Tower with Radar,34,7,25,12,78,0,0,17,2,19,34,7,42,14,97,0,0,0,97
03/20/2022,AVL,NC,ASO,ES,Combined TRACON& Tower with Radar,44,21,52,0,117,0,0,26,10,36,44,21,78,10,153,0,0,0,153
03/21/2022,AVL,NC,ASO,ES,Combined TRACON& Tower with Radar,46,11,46,4,107,0,0,94,2,96,46,11,140,6,203,116,4,120,323
03/22/2022,AVL,NC,ASO,ES,Combined TRACON& Tower with Radar,29,13,36,6,84,0,1,54,6,61,29,14,90,12,145,42,0,42,187
03/23/2022,AVL,NC,ASO,ES,Combined TRACON& Tower with Radar,29,9,21,0,59,0,0,0,0,0,29,9,21,0,59,20,0,20,79
03/24/2022,AVL,NC,ASO,ES,Combined TRACON& Tower with Radar,44,19,49,16,128,0,0,45,4,49,44,19,94,20,177,90,0,90,267
03/25/2022,AVL,NC,ASO,ES,Combined TRACON& Tower with Radar,46,17,32,19,114,0,0,36,14,50,46,17,68,33,164,56,0,56,220
03/26/2022,AVL,NC,ASO,ES,Combined TRACON& Tower with Radar,36,16,25,3,80,0,0,8,1,9,36,16,33,4,89,0,0,0,89
03/27/2022,AVL,NC,ASO,ES,Combined TRACON& Tower with Radar,45,19,36,3,103,0,3,14,4,21,45,22,50,7,124,8,24,32,156
03/28/2022,AVL,NC,ASO,ES,Combined TRACON& Tower with Radar,45,9,26,3,83,0,2,42,3,47,45,11,68,6,130,16,0,16,146
03/29/2022,AVL,NC,ASO,ES,Combined TRACON& Tower with Radar,25,15,42,2,84,0,1,66,3,70,25,16,108,5,154,126,0,126,280
03/30/2022,AVL,NC,ASO,ES,Combined TRACON& Tower with Radar,27,14,48,9,98,0,2,15,1,18,27,16,63,10,116,19,0,19,135
03/31/2022,AVL,NC,ASO,ES,Combined TRACON& Tower with Radar,40,18,21,10,89,0,0,6,0,6,40,18,27,10,95,0,0,0,95
04/01/2022,AVL,NC,ASO,ES,Combined TRACON& Tower with Radar,44,9,45,18,116,0,2,45,18,65,44,11,90,36,181,42,4,46,227
04/02/2022,AVL,NC,ASO,ES,Combined TRACON& Tower with Radar,30,12,31,2,75,0,2,60,11,73,30,14,91,13,148,63,0,63,211
04/03/2022,AVL,NC,ASO,ES,Combined TRACON& Tower with Radar,39,14,44,13,110,0,2,27,16,45,39,16,71,29,155,41,0,41,196
04/04/2022,AVL,NC,ASO,ES,Combined TRACON& Tower with Radar,45,18,55,0,118,0,13,80,9,102,45,31,135,9,220,127,0,127,347
04/05/2022,AVL,NC,ASO,ES,Combined TRACON& Tower with Radar,28,21,27,6,82,0,1,9,1,11,28,22,36,7,93,17,0,17,110
04/06/2022,AVL,NC,ASO,ES,Combined TRACON& Tower with Radar,29,14,46,22,111,0,0,53,5,58,29,14,99,27,169,52,21,73,242
04/07/2022,AVL,NC,ASO,ES,Combined TRACON& Tower with Radar,37,18,51,10,116,0,0,18,8,26,37,18,69,18,142,14,8,22,164
04/08/2022,AVL,NC,ASO,ES,Combined TRACON& Tower with Radar,46,20,26,9,101,0,0,26,3,29,46,20,52,12,130,12,0,12,142
04/09/2022,AVL,NC,ASO,ES,Combined TRACON& Tower with Radar,35,22,39,20,116,0,0,8,18,26,35,22,47,38,142,27,28,55,197
04/10/2022,AVL,NC,ASO,ES,Combined TRACON& Tower with Radar,42,22,58,5,127,0,0,65,11,76,42,22,123,16,203,42,0,42,245
04/11/2022,AVL,NC,ASO,ES,Combined TRACON& Tower with Radar,48,21,50,23,142,0,0,51,3,54,48,21,101,26,196,32,0,32,228
04/12/2022,AVL,NC,ASO,ES,Combined TRACON& Tower with Radar,31,17,33,2,83,0,0,38,0,38,31,17,71,2,121,95,0,95,216
04/13/2022,AVL,NC,ASO,ES,Combined TRACON& Tower with Radar,33,22,36,13,104,0,0,20,0,20,33,22,56,13,124,38,0,38,162
04/14/2022,AVL,NC,ASO,ES,Combined TRACON& Tower with Radar,43,22,46,18,129,0,0,12,11,23,43,22,58,29,152,84,10,94,246
04/15/2022,AVL,NC,ASO,ES,Combined TRACON& Tower with Radar,48,31,57,3,139,0,2,82,13,97,48,33,139,16,236,113,4,117,353
04/16/2022,AVL,NC,ASO,ES,Combined TRACON& Tower with Radar,36,17,29,1,83,0,0,15,2,17,36,17,44,3,100,61,0,61,161
04/17/2022,AVL,NC,ASO,ES,Combined TRACON& Tower with Radar,45,22,34,0,101,0,1,35,8,44,45,23,69,8,145,49,0,49,194
04/18/2022,AVL,NC,ASO,ES,Combined TRACON& Tower with Radar,46,25,42,0,113,0,0,5,0,5,46,25,47,0,118,32,0,32,150
04/19/2022,AVL,NC,ASO,ES,Combined TRACON& Tower with Radar,30,22,33,3,88,0,0,35,1,36,30,22,68,4,124,58,0,58,182
04/20/2022,AVL,NC,ASO,ES,Combined TRACON& Tower with Radar,31,25,51,26,133,0,0,60,6,66,31,25,111,32,199,61,15,76,275
04/21/2022,AVL,NC,ASO,ES,Combined TRACON& Tower with Radar,45,36,53,28,162,0,0,56,21,77,45,36,109,49,239,77,27,104,343
04/22/2022,AVL,NC,ASO,ES,Combined TRACON& Tower with Radar,49,25,73,17,164,0,0,68,21,89,49,25,141,38,253,76,8,84,337
04/23/2022,AVL,NC,ASO,ES,Combined TRACON& Tower with Radar,46,29,36,4,115,0,4,61,24,89,46,33,97,28,204,24,0,24,228
04/24/2022,AVL,NC,ASO,ES,Combined TRACON& Tower with Radar,44,29,49,5,127,0,1,51,16,68,44,30,100,21,195,41,0,41,236
04/25/2022,AVL,NC,ASO,ES,Combined TRACON& Tower with Radar,49,24,45,0,118,0,4,49,1,54,49,28,94,1,172,136,0,136,308
04/26/2022,AVL,NC,ASO,ES,Combined TRACON& Tower with Radar,28,23,18,6,75,0,0,8,0,8,28,23,26,6,83,24,0,24,107
04/27/2022,AVL,NC,ASO,ES,Combined TRACON& Tower with Radar,34,27,51,19,131,0,0,51,0,51,34,27,102,19,182,35,7,42,224
04/28/2022,AVL,NC,ASO,ES,Combined TRACON& Tower with Radar,47,22,72,11,152,0,1,83,7,91,47,23,155,18,243,32,0,32,275
04/29/2022,AVL,NC,ASO,ES,Combined TRACON& Tower with Radar,41,29,61,11,142,0,0,71,26,97,41,29,132,37,239,56,3,59,298
04/30/2022,AVL,NC,ASO,ES,Combined TRACON& Tower with Radar,35,22,42,10,109,0,0,52,4,56,35,22,94,14,165,83,13,96,261
05/01/2022,AVL,NC,ASO,ES,Combined TRACON& Tower with Radar,44,35,50,6,135,0,1,9,4,14,44,36,59,10,149,8,0,8,157
05/02/2022,AVL,NC,ASO,ES,Combined TRACON& Tower with Radar,47,30,53,8,138,0,11,59,5,75,47,41,112,13,213,115,8,123,336
05/03/2022,AVL,NC,ASO,ES,Combined TRACON& Tower with Radar,32,28,38,5,103,0,0,32,1,33,32,28,70,6,136,10,0,10,146
05/04/2022,AVL,NC,ASO,ES,Combined TRACON& Tower with Radar,33,25,33,11,102,0,0,38,2,40,33,25,71,13,142,50,0,50,192
05/05/2022,AVL,NC,ASO,ES,Combined TRACON& Tower with Radar,51,38,58,13,160,0,1,72,4,77,51,39,130,17,237,54,4,58,295
05/06/2022,AVL,NC,ASO,ES,Combined TRACON& Tower with Radar,53,18,54,11,136,0,0,2,0,2,53,18,56,11,138,0,0,0,138
05/07/2022,AVL,NC,ASO,ES,Combined TRACON& Tower with Radar,37,13,45,1,96,0,0,8,3,11,37,13,53,4,107,8,0,8,115
05/08/2022,AVL,NC,ASO,ES,Combined TRACON& Tower with Radar,49,56,49,0,154,0,0,14,2,16,49,56,63,2,170,35,0,35,205
05/09/2022,AVL,NC,ASO,ES,Combined TRACON& Tower with Radar,53,28,49,19,149,0,1,62,0,63,53,29,111,19,212,75,0,75,287
05/10/2022,AVL,NC,ASO,ES,Combined TRACON& Tower with Radar,38,31,39,6,114,0,0,82,2,84,38,31,121,8,198,94,2,96,294
05/11/2022,AVL,NC,ASO,ES,Combined TRACON& Tower with Radar,38,25,44,1,108,0,0,81,3,84,38,25,125,4,192,96,0,96,288
05/12/2022,AVL,NC,ASO,ES,Combined TRACON& Tower with Radar,51,35,60,26,172,0,2,49,10,61,51,37,109,36,233,74,0,74,307
05/13/2022,AVL,NC,ASO,ES,Combined TRACON& Tower with Radar,54,31,51,5,141,0,0,11,3,14,54,31,62,8,155,38,0,38,193
05/14/2022,AVL,NC,ASO,ES,Combined TRACON& Tower with Radar,39,24,36,0,99,0,2,12,0,14,39,26,48,0,113,18,0,18,131
05/15/2022,AVL,NC,ASO,ES,Combined TRACON& Tower with Radar,52,46,75,0,173,0,6,28,1,35,52,52,103,1,208,47,0,47,255
05/16/2022,AVL,NC,ASO,ES,Combined TRACON& Tower with Radar,51,30,34,2,117,0,0,24,5,29,51,30,58,7,146,51,3,54,200
05/17/2022,AVL,NC,ASO,ES,Combined TRACON& Tower with Radar,37,26,36,9,108,0,0,93,12,105,37,26,129,21,213,41,12,53,266
05/18/2022,AVL,NC,ASO,ES,Combined TRACON& Tower with Radar,38,24,50,23,135,0,1,87,2,90,38,25,137,25,225,65,8,73,298
05/19/2022,AVL,NC,ASO,ES,Combined TRACON& Tower with Radar,54,30,49,4,137,0,3,40,3,46,54,33,89,7,183,156,0,156,339
05/20/2022,AVL,NC,ASO,ES,Combined TRACON& Tower with Radar,51,38,45,24,158,0,0,50,24,74,51,38,95,48,232,58,0,58,290
05/21/2022,AVL,NC,ASO,ES,Combined TRACON& Tower with Radar,45,25,22,1,93,0,0,42,7,49,45,25,64,8,142,24,0,24,166
05/22/2022,AVL,NC,ASO,ES,Combined TRACON& Tower with Radar,52,29,47,6,134,0,0,13,6,19,52,29,60,12,153,17,0,17,170
05/23/2022,AVL,NC,ASO,ES,Combined TRACON& Tower with Radar,48,14,27,2,91,0,0,0,0,0,48,14,27,2,91,0,0,0,91
05/24/2022,AVL,NC,ASO,ES,Combined TRACON& Tower with Radar,38,17,47,8,110,0,0,19,0,19,38,17,66,8,129,105,0,105,234
05/25/2022,AVL,NC,ASO,ES,Combined TRACON& Tower with Radar,39,18,71,8,136,0,0,2,0,2,39,18,73,8,138,0,0,0,138
05/26/2022,AVL,NC,ASO,ES,Combined TRACON& Tower with Radar,54,23,44,0,121,0,0,0,0,0,54,23,44,0,121,0,0,0,121
05/27/2022,AVL,NC,ASO,ES,Combined TRACON& Tower with Radar,52,18,90,0,160,0,1,51,0,52,52,19,141,0,212,141,0,141,353
05/28/2022,AVL,NC,ASO,ES,Combined TRACON& Tower with Radar,44,22,47,0,113,0,4,73,4,81,44,26,120,4,194,71,0,71,265
05/29/2022,AVL,NC,ASO,ES,Combined TRACON& Tower with Radar,49,20,36,0,105,0,0,58,10,68,49,20,94,10,173,42,0,42,215
05/30/2022,AVL,NC,ASO,ES,Combined TRACON& Tower with Radar,56,21,60,0,137,0,0,39,6,45,56,21,99,6,182,28,0,28,210
05/31/2022,AVL,NC,ASO,ES,Combined TRACON& Tower with Radar,43,36,56,20,155,0,2,80,3,85,43,38,136,23,240,53,16,69,309
06/01/2022,AVL,NC,ASO,ES,Combined TRACON& Tower with Radar,42,20,48,17,127,0,0,46,8,54,42,20,94,25,181,36,16,52,233
06/02/2022,AVL,NC,ASO,ES,Combined TRACON& Tower with Radar,51,32,67,6,156,0,0,22,2,24,51,32,89,8,180,28,0,28,208
06/03/2022,AVL,NC,ASO,ES,Combined TRACON& Tower with Radar,48,32,63,19,162,0,0,24,6,30,48,32,87,25,192,32,0,32,224
06/04/2022,AVL,NC,ASO,ES,Combined TRACON& Tower with Radar,65,22,33,4,124,0,3,48,6,57,65,25,81,10,181,87,0,87,268
06/05/2022,AVL,NC,ASO,ES,Combined TRACON& Tower with Radar,62,43,96,2,203,0,0,53,5,58,62,43,149,7,261,66,4,70,331
06/06/2022,AVL,NC,ASO,ES,Combined TRACON& Tower with Radar,54,37,81,3,175,0,0,65,4,69,54,37,146,7,244,103,2,105,349
06/07/2022,AVL,NC,ASO,ES,Combined TRACON& Tower with Radar,44,21,46,5,116,0,0,11,0,11,44,21,57,5,127,28,0,28,155
06/08/2022,AVL,NC,ASO,ES,Combined TRACON& Tower with Radar,48,22,38,0,108,0,0,9,2,11,48,22,47,2,119,94,0,94,213
06/09/2022,AVL,NC,ASO,ES,Combined TRACON& Tower with Radar,58,32,85,5,180,0,0,40,10,50,58,32,125,15,230,138,0,138,368
06/10/2022,AVL,NC,ASO,ES,Combined TRACON& Tower with Radar,53,41,51,22,167,0,1,63,8,72,53,42,114,30,239,62,8,70,309
06/11/2022,AVL,NC,ASO,ES,Combined TRACON& Tower with Radar,66,30,78,0,174,0,0,78,1,79,66,30,156,1,253,30,0,30,283
06/12/2022,AVL,NC,ASO,ES,Combined TRACON& Tower with Radar,62,43,83,4,192,0,3,50,13,66,62,46,133,17,258,46,0,46,304
06/13/2022,AVL,NC,ASO,ES,Combined TRACON& Tower with Radar,50,24,40,6,120,0,0,43,0,43,50,24,83,6,163,74,0,74,237
06/14/2022,AVL,NC,ASO,ES,Combined TRACON& Tower with Radar,46,22,44,3,115,0,0,46,1,47,46,22,90,4,162,71,0,71,233
06/15/2022,AVL,NC,ASO,ES,Combined TRACON& Tower with Radar,48,30,47,1,126,0,0,37,3,40,48,30,84,4,166,27,1,28,194
06/16/2022,AVL,NC,ASO,ES,Combined TRACON& Tower with Radar,54,27,60,7,148,0,0,23,4,27,54,27,83,11,175,46,2,48,223
06/17/2022,AVL,NC,ASO,ES,Combined TRACON& Tower with Radar,54,30,67,5,156,0,0,32,9,41,54,30,99,14,197,38,0,38,235
06/18/2022,AVL,NC,ASO,ES,Combined TRACON& Tower with Radar,66,33,62,0,161,0,0,44,10,54,66,33,106,10,215,10,0,10,225
06/19/2022,AVL,NC,ASO,ES,Combined TRACON& Tower with Radar,63,36,66,8,173,0,2,64,16,82,63,38,130,24,255,44,0,44,299
06/20/2022,AVL,NC,ASO,ES,Combined TRACON& Tower with Radar,57,35,74,1,167,0,0,76,0,76,57,35,150,1,243,30,0,30,273
06/21/2022,AVL,NC,ASO,ES,Combined TRACON& Tower with Radar,45,36,53,11,145,0,0,51,5,56,45,36,104,16,201,40,3,43,244
06/22/2022,AVL,NC,ASO,ES,Combined TRACON& Tower with Radar,45,36,52,15,148,0,0,50,10,60,45,36,102,25,208,44,18,62,270
06/23/2022,AVL,NC,ASO,ES,Combined TRACON& Tower with Radar,60,46,77,1,184,0,1,63,4,68,60,47,140,5,252,41,0,41,293
06/24/2022,AVL,NC,ASO,ES,Combined TRACON& Tower with Radar,57,44,116,12,229,0,0,25,3,28,57,44,141,15,257,38,0,38,295
06/25/2022,AVL,NC,ASO,ES,Combined TRACON& Tower with Radar,64,33,47,2,146,0,1,43,2,46,64,34,90,4,192,110,0,110,302
06/26/2022,AVL,NC,ASO,ES,Combined TRACON& Tower with Radar,64,61,108,0,233,0,0,24,7,31,64,61,132,7,264,12,0,12,276
06/27/2022,AVL,NC,ASO,ES,Combined TRACON& Tower with Radar,58,43,68,0,169,0,0,22,0,22,58,43,90,0,191,22,0,22,213
06/28/2022,AVL,NC,ASO,ES,Combined TRACON& Tower with Radar,43,23,50,2,118,0,2,74,7,83,43,25,124,9,201,142,0,142,343
06/29/2022,AVL,NC,ASO,ES,Combined TRACON& Tower with Radar,50,49,62,3,164,0,1,21,1,23,50,50,83,4,187,30,0,30,217
06/30/2022,AVL,NC,ASO,ES,Combined TRACON& Tower with Radar,63,46,89,12,210,0,0,28,4,32,63,46,117,16,242,24,0,24,266
07/01/2022,AVL,NC,ASO,ES,Combined TRACON& Tower with Radar,59,56,97,0,212,0,0,29,8,37,59,56,126,8,249,36,0,36,285
07/02/2022,AVL,NC,ASO,ES,Combined TRACON& Tower with Radar,74,32,45,0,151,0,0,20,0,20,74,32,65,0,171,28,0,28,199
07/03/2022,AVL,NC,ASO,ES,Combined TRACON& Tower with Radar,63,30,38,0,131,0,0,32,0,32,63,30,70,0,163,14,0,14,177
07/04/2022,AVL,NC,ASO,ES,Combined TRACON& Tower with Radar,59,41,18,0,118,0,0,23,0,23,59,41,41,0,141,78,0,78,219
07/05/2022,AVL,NC,ASO,ES,Combined TRACON& Tower with Radar,49,31,60,2,142,0,0,29,0,29,49,31,89,2,171,100,0,100,271
07/06/2022,AVL,NC,ASO,ES,Combined TRACON& Tower with Radar,51,28,51,6,136,0,0,25,0,25,51,28,76,6,161,26,0,26,187
07/07/2022,AVL,NC,ASO,ES,Combined TRACON& Tower with Radar,59,41,46,11,157,0,0,29,0,29,59,41,75,11,186,80,0,80,266
07/08/2022,AVL,NC,ASO,ES,Combined TRACON& Tower with Radar,55,42,61,15,173,0,1,47,17,65,55,43,108,32,238,56,0,56,294
07/09/2022,AVL,NC,ASO,ES,Combined TRACON& Tower with Radar,70,44,37,0,151,0,3,36,5,44,70,47,73,5,195,68,0,68,263
07/10/2022,AVL,NC,ASO,ES,Combined TRACON& Tower with Radar,63,29,76,1,169,0,0,0,4,4,63,29,76,5,173,2,2,4,177
07/11/2022,AVL,NC,ASO,ES,Combined TRACON& Tower with Radar,58,30,67,2,157,0,0,15,0,15,58,30,82,2,172,56,0,56,228
07/12/2022,AVL,NC,ASO,ES,Combined TRACON& Tower with Radar,41,32,67,25,165,0,0,70,3,73,41,32,137,28,238,60,1,61,299
07/13/2022,AVL,NC,ASO,ES,Combined TRACON& Tower with Radar,50,45,52,5,152,0,1,21,5,27,50,46,73,10,179,39,0,39,218
07/14/2022,AVL,NC,ASO,ES,Combined TRACON& Tower with Radar,64,33,71,21,189,0,1,65,1,67,64,34,136,22,256,40,0,40,296
07/15/2022,AVL,NC,ASO,ES,Combined TRACON& Tower with Radar,55,37,69,23,184,0,0,55,23,78,55,37,124,46,262,16,16,32,294
07/16/2022,AVL,NC,ASO,ES,Combined TRACON& Tower with Radar,69,29,36,1,135,0,1,60,14,75,69,30,96,15,210,36,0,36,246
07/17/2022,AVL,NC,ASO,ES,Combined TRACON& Tower with Radar,65,37,78,0,180,0,0,40,3,43,65,37,118,3,223,48,0,48,271
07/18/2022,AVL,NC,ASO,ES,Combined TRACON& Tower with Radar,58,30,35,1,124,0,0,32,3,35,58,30,67,4,159,66,0,66,225
07/19/2022,AVL,NC,ASO,ES,Combined TRACON& Tower with Radar,40,39,48,2,129,0,0,27,2,29,40,39,75,4,158,32,0,32,190
07/20/2022,AVL,NC,ASO,ES,Combined TRACON& Tower with Radar,51,34,66,0,151,0,1,30,3,34,51,35,96,3,185,58,0,58,243
07/21/2022,AVL,NC,ASO,ES,Combined TRACON& Tower with Radar,55,38,48,28,169,0,2,28,9,39,55,40,76,37,208,58,0,58,266
07/22/2022,AVL,NC,ASO,ES,Combined TRACON& Tower with Radar,55,36,60,11,162,0,0,66,8,74,55,36,126,19,236,29,0,29,265
07/23/2022,AVL,NC,ASO,ES,Combined TRACON& Tower with Radar,69,32,49,11,161,0,0,73,15,88,69,32,122,26,249,43,0,43,292
07/24/2022,AVL,NC,ASO,ES,Combined TRACON& Tower with Radar,64,44,75,5,188,0,0,47,13,60,64,44,122,18,248,30,0,30,278
07/25/2022,AVL,NC,ASO,ES,Combined TRACON& Tower with Radar,58,40,33,0,131,0,1,20,0,21,58,41,53,0,152,40,0,40,192
07/26/2022,AVL,NC,ASO,ES,Combined TRACON& Tower with Radar,39,25,44,8,116,0,0,32,7,39,39,25,76,15,155,112,4,116,271
07/27/2022,AVL,NC,ASO,ES,Combined TRACON& Tower with Radar,48,25,69,0,142,0,0,49,1,50,48,25,118,1,192,96,0,96,288
07/28/2022,AVL,NC,ASO,ES,Combined TRACON& Tower with Radar,60,50,76,14,200,0,0,35,3,38,60,50,111,17,238,32,10,42,280
07/29/2022,AVL,NC,ASO,ES,Combined TRACON& Tower with Radar,56,32,101,8,197,0,1,38,15,54,56,33,139,23,251,125,0,125,376
07/30/2022,AVL,NC,ASO,ES,Combined TRACON& Tower with Radar,71,42,38,0,151,0,0,27,0,27,71,42,65,0,178,46,0,46,224
07/31/2022,AVL,NC,ASO,ES,Combined TRACON& Tower with Radar,67,59,50,3,179,0,0,9,8,17,67,59,59,11,196,2,0,2,198
08/01/2022,AVL,NC,ASO,ES,Combined TRACON& Tower with Radar,55,32,57,0,144,0,0,3,2,5,55,32,60,2,149,40,0,40,189
08/02/2022,AVL,NC,ASO,ES,Combined TRACON& Tower with Radar,47,39,55,0,141,0,1,46,1,48,47,40,101,1,189,27,1,28,217
08/03/2022,AVL,NC,ASO,ES,Combined TRACON& Tower with Radar,51,27,66,16,160,0,0,46,6,52,51,27,112,22,212,54,12,66,278
08/04/2022,AVL,NC,ASO,ES,Combined TRACON& Tower with Radar,57,42,67,4,170,0,2,53,9,64,57,44,120,13,234,49,0,49,283
08/05/2022,AVL,NC,ASO,ES,Combined TRACON& Tower with Radar,54,48,47,0,149,0,2,33,5,40,54,50,80,5,189,64,0,64,253
08/06/2022,AVL,NC,ASO,ES,Combined TRACON& Tower with Radar,62,30,39,1,132,0,0,6,13,19,62,30,45,14,151,54,0,54,205
08/07/2022,AVL,NC,ASO,ES,Combined TRACON& Tower with Radar,64,47,86,1,198,0,0,27,9,36,64,47,113,10,234,54,0,54,288
08/08/2022,AVL,NC,ASO,ES,Combined TRACON& Tower with Radar,49,31,55,4,139,0,0,35,0,35,49,31,90,4,174,63,2,65,239
08/09/2022,AVL,NC,ASO,ES,Combined TRACON& Tower with Radar,39,30,48,10,127,0,0,15,6,21,39,30,63,16,148,68,0,68,216
08/10/2022,AVL,NC,ASO,ES,Combined TRACON& Tower with Radar,49,23,62,3,137,0,0,22,1,23,49,23,84,4,160,56,0,56,216
08/11/2022,AVL,NC,ASO,ES,Combined TRACON& Tower with Radar,61,36,64,17,178,0,0,16,4,20,61,36,80,21,198,50,0,50,248
08/12/2022,AVL,NC,ASO,ES,Combined TRACON& Tower with Radar,53,62,73,30,218,0,0,70,8,78,53,62,143,38,296,69,0,69,365
08/13/2022,AVL,NC,ASO,ES,Combined TRACON& Tower with Radar,67,36,53,7,163,0,2,42,8,52,67,38,95,15,215,106,2,108,323
08/14/2022,AVL,NC,ASO,ES,Combined TRACON& Tower with Radar,62,32,63,20,177,0,0,55,7,62,62,32,118,27,239,52,4,56,295
08/15/2022,AVL,NC,ASO,ES,Combined TRACON& Tower with Radar,53,28,50,5,136,0,0,23,1,24,53,28,73,6,160,49,0,49,209
08/16/2022,AVL,NC,ASO,ES,Combined TRACON& Tower with Radar,43,24,52,7,126,0,0,13,0,13,43,24,65,7,139,122,0,122,261
08/17/2022,AVL,NC,ASO,ES,Combined TRACON& Tower with Radar,50,23,79,5,157,0,0,22,0,22,50,23,101,5,179,85,0,85,264
08/18/2022,AVL,NC,ASO,ES,Combined TRACON& Tower with Radar,63,47,64,11,185,0,0,31,2,33,63,47,95,13,218,74,0,74,292
08/19/2022,AVL,NC,ASO,ES,Combined TRACON& Tower with Radar,59,31,62,6,158,0,1,12,0,13,59,32,74,6,171,84,0,84,255
08/20/2022,AVL,NC,ASO,ES,Combined TRACON& Tower with Radar,63,33,51,9,156,0,0,24,10,34,63,33,75,19,190,64,8,72,262
08/21/2022,AVL,NC,ASO,ES,Combined TRACON& Tower with Radar,59,42,60,0,161,0,0,17,0,17,59,42,77,0,178,74,0,74,252
08/22/2022,AVL,NC,ASO,ES,Combined TRACON& Tower with Radar,53,28,48,0,129,0,0,20,0,20,53,28,68,0,149,136,0,136,285
08/23/2022,AVL,NC,ASO,ES,Combined TRACON& Tower with Radar,38,32,51,15,136,0,0,65,5,70,38,32,116,20,206,61,2,63,269
08/24/2022,AVL,NC,ASO,ES,Combined TRACON& Tower with Radar,46,40,61,2,149,0,0,43,0,43,46,40,104,2,192,96,0,96,288
08/25/2022,AVL,NC,ASO,ES,Combined TRACON& Tower with Radar,61,36,56,2,155,0,0,17,0,17,61,36,73,2,172,74,0,74,246
08/26/2022,AVL,NC,ASO,ES,Combined TRACON& Tower with Radar,60,46,76,4,186,0,0,32,13,45,60,46,108,17,231,30,0,30,261
08/27/2022,AVL,NC,ASO,ES,Combined TRACON& Tower with Radar,63,29,45,2,139,0,2,42,11,55,63,31,87,13,194,92,0,92,286
08/28/2022,AVL,NC,ASO,ES,Combined TRACON& Tower with Radar,61,48,78,3,190,0,0,55,9,64,61,48,133,12,254,30,0,30,284
08/29/2022,AVL,NC,ASO,ES,Combined TRACON& Tower with Radar,61,26,57,0,144,0,0,57,2,59,61,26,114,2,203,102,0,102,305
08/30/2022,AVL,NC,ASO,ES,Combined TRACON& Tower with Radar,35,26,49,14,124,0,0,27,2,29,35,26,76,16,153,36,4,40,193
08/31/2022,AVL,NC,ASO,ES,Combined TRACON& Tower with Radar,42,29,56,2,129,0,4,68,3,75,42,33,124,5,204,68,0,68,272
09/01/2022,AVL,NC,ASO,ES,Combined TRACON& Tower with Radar,62,40,49,0,151,0,0,66,2,68,62,40,115,2,219,148,0,148,367
09/02/2022,AVL,NC,ASO,ES,Combined TRACON& Tower with Radar,63,42,69,2,176,0,2,62,3,67,63,44,131,5,243,116,0,116,359
09/03/2022,AVL,NC,ASO,ES,Combined TRACON& Tower with Radar,57,22,28,0,107,0,1,24,1,26,57,23,52,1,133,87,0,87,220
09/04/2022,AVL,NC,ASO,ES,Combined TRACON& Tower with Radar,57,31,37,0,125,0,0,4,0,4,57,31,41,0,129,0,0,0,129
09/05/2022,AVL,NC,ASO,ES,Combined TRACON& Tower with Radar,63,47,74,0,184,0,0,0,0,0,63,47,74,0,184,0,0,0,184
09/06/2022,AVL,NC,ASO,ES,Combined TRACON& Tower with Radar,52,43,44,12,151,0,0,20,1,21,52,43,64,13,172,38,2,40,212
09/07/2022,AVL,NC,ASO,ES,Combined TRACON& Tower with Radar,37,31,43,3,114,0,0,22,1,23,37,31,65,4,137,68,0,68,205
09/08/2022,AVL,NC,ASO,ES,Combined TRACON& Tower with Radar,55,40,53,6,154,0,0,49,9,58,55,40,102,15,212,68,2,70,282
09/09/2022,AVL,NC,ASO,ES,Combined TRACON& Tower with Radar,52,28,77,22,179,0,0,43,4,47,52,28,120,26,226,157,0,157,383
09/10/2022,AVL,NC,ASO,ES,Combined TRACON& Tower with Radar,52,30,22,0,104,0,0,0,0,0,52,30,22,0,104,0,0,0,104
09/11/2022,AVL,NC,ASO,ES,Combined TRACON& Tower with Radar,59,34,50,0,143,0,1,19,3,23,59,35,69,3,166,6,0,6,172
09/12/2022,AVL,NC,ASO,ES,Combined TRACON& Tower with Radar,55,45,50,4,154,0,0,35,4,39,55,45,85,8,193,74,0,74,267
09/13/2022,AVL,NC,ASO,ES,Combined TRACON& Tower with Radar,39,30,45,3,117,0,1,71,13,85,39,31,116,16,202,43,2,45,247
09/14/2022,AVL,NC,ASO,ES,Combined TRACON& Tower with Radar,39,43,62,7,151,0,0,61,13,74,39,43,123,20,225,36,6,42,267
09/15/2022,AVL,NC,ASO,ES,Combined TRACON& Tower with Radar,62,34,56,15,167,0,1,73,3,77,62,35,129,18,244,60,0,60,304
09/16/2022,AVL,NC,ASO,ES,Combined TRACON& Tower with Radar,53,43,62,4,162,0,2,65,7,74,53,45,127,11,236,50,0,50,286
09/17/2022,AVL,NC,ASO,ES,Combined TRACON& Tower with Radar,53,24,40,2,119,0,3,46,17,66,53,27,86,19,185,50,0,50,235
09/18/2022,AVL,NC,ASO,ES,Combined TRACON& Tower with Radar,65,34,57,15,171,0,0,67,7,74,65,34,124,22,245,20,0,20,265
09/19/2022,AVL,NC,ASO,ES,Combined TRACON& Tower with Radar,55,22,59,15,151,0,0,43,2,45,55,22,102,17,196,54,0,54,250
09/20/2022,AVL,NC,ASO,ES,Combined TRACON& Tower with Radar,40,26,55,6,127,0,0,59,1,60,40,26,114,7,187,58,0,58,245
09/21/2022,AVL,NC,ASO,ES,Combined TRACON& Tower with Radar,38,28,74,18,158,0,2,76,3,81,38,30,150,21,239,18,0,18,257
09/22/2022,AVL,NC,ASO,ES,Combined TRACON& Tower with Radar,55,42,69,13,179,0,1,24,0,25,55,43,93,13,204,14,0,14,218
09/23/2022,AVL,NC,ASO,ES,Combined TRACON& Tower with Radar,58,35,81,19,193,0,0,51,6,57,58,35,132,25,250,36,4,40,290
09/24/2022,AVL,NC,ASO,ES,Combined TRACON& Tower with Radar,52,25,30,14,121,0,0,65,9,74,52,25,95,23,195,12,0,12,207
09/25/2022,AVL,NC,ASO,ES,Combined TRACON& Tower with Radar,57,48,84,3,192,0,0,38,5,43,57,48,122,8,235,62,0,62,297
09/26/2022,AVL,NC,ASO,ES,Combined TRACON& Tower with Radar,53,24,45,15,137,0,0,53,1,54,53,24,98,16,191,78,0,78,269
09/27/2022,AVL,NC,ASO,ES,Combined TRACON& Tower with Radar,41,40,54,0,135,0,0,61,9,70,41,40,115,9,205,32,0,32,237
09/28/2022,AVL,NC,ASO,ES,Combined TRACON& Tower with Radar,39,27,34,1,101,0,1,71,3,75,39,28,105,4,176,12,0,12,188
09/29/2022,AVL,NC,ASO,ES,Combined TRACON& Tower with Radar,50,37,44,0,131,0,0,26,1,27,50,37,70,1,158,36,0,36,194
09/30/2022,AVL,NC,ASO,ES,Combined TRACON& Tower with Radar,46,29,25,0,100,0,0,4,0,4,46,29,29,0,104,0,0,0,104
10/01/2022,AVL,NC,ASO,ES,Combined TRACON& Tower with Radar,56,29,20,1,106,0,0,10,0,10,56,29,30,1,116,24,0,24,140
10/02/2022,AVL,NC,ASO,ES,Combined TRACON& Tower with Radar,56,46,40,1,143,0,0,6,6,12,56,46,46,7,155,2,0,2,157
10/03/2022,AVL,NC,ASO,ES,Combined TRACON& Tower with Radar,54,35,41,18,148,0,0,24,0,24,54,35,65,18,172,78,0,78,250
10/04/2022,AVL,NC,ASO,ES,Combined TRACON& Tower with Radar,43,29,57,16,145,0,1,49,2,52,43,30,106,18,197,8,6,14,211
10/05/2022,AVL,NC,ASO,ES,Combined TRACON& Tower with Radar,45,38,76,10,169,0,1,72,1,74,45,39,148,11,243,30,10,40,283
10/06/2022,AVL,NC,ASO,ES,Combined TRACON& Tower with Radar,67,34,66,14,181,0,2,67,8,77,67,36,133,22,258,40,0,40,298
10/07/2022,AVL,NC,ASO,ES,Combined TRACON& Tower with Radar,60,32,86,10,188,0,0,91,6,97,60,32,177,16,285,32,0,32,317
10/08/2022,AVL,NC,ASO,ES,Combined TRACON& Tower with Radar,57,31,48,0,136,0,2,63,23,88,57,33,111,23,224,24,0,24,248
10/09/2022,AVL,NC,ASO,ES,Combined TRACON& Tower with Radar,69,47,72,0,188,0,0,62,8,70,69,47,134,8,258,39,0,39,297
10/10/2022,AVL,NC,ASO,ES,Combined TRACON& Tower with Radar,60,36,65,0,161,0,0,85,0,85,60,36,150,0,246,34,0,34,280
10/11/2022,AVL,NC,ASO,ES,Combined TRACON& Tower with Radar,45,28,71,9,153,0,0,69,1,70,45,28,140,10,223,79,0,79,302
10/12/2022,AVL,NC,ASO,ES,Combined TRACON& Tower with Radar,47,32,69,1,149,0,0,1,0,1,47,32,70,1,150,0,0,0,150
10/13/2022,AVL,NC,ASO,ES,Combined TRACON& Tower with Radar,66,39,66,6,177,0,1,34,4,39,66,40,100,10,216,28,4,32,248
10/14/2022,AVL,NC,ASO,ES,Combined TRACON& Tower with Radar,61,30,55,6,152,0,2,46,5,53,61,32,101,11,205,90,2,92,297
10/15/2022,AVL,NC,ASO,ES,Combined TRACON& Tower with Radar,59,25,38,0,122,0,0,77,0,77,59,25,115,0,199,18,0,18,217
10/16/2022,AVL,NC,ASO,ES,Combined TRACON& Tower with Radar,68,45,68,2,183,0,1,58,1,60,68,46,126,3,243,88,0,88,331
10/17/2022,AVL,NC,ASO,ES,Combined TRACON& Tower with Radar,59,31,58,6,154,0,2,24,2,28,59,33,82,8,182,18,0,18,200
10/18/2022,AVL,NC,ASO,ES,Combined TRACON& Tower with Radar,42,30,33,21,126,0,4,24,0,28,42,34,57,21,154,14,16,30,184
10/19/2022,AVL,NC,ASO,ES,Combined TRACON& Tower with Radar,26,48,51,6,131,0,1,60,3,64,26,49,111,9,195,16,0,16,211
10/20/2022,AVL,NC,ASO,ES,Combined TRACON& Tower with Radar,66,34,58,10,168,0,0,75,22,97,66,34,133,32,265,90,14,104,369
10/21/2022,AVL,NC,ASO,ES,Combined TRACON& Tower with Radar,47,42,42,4,135,1,2,76,14,93,48,44,118,18,228,9,0,9,237
10/22/2022,AVL,NC,ASO,ES,Combined TRACON& Tower with Radar,58,28,46,6,138,0,1,113,18,132,58,29,159,24,270,48,10,58,328
10/23/2022,AVL,NC,ASO,ES,Combined TRACON& Tower with Radar,69,50,81,0,200,0,2,75,19,96,69,52,156,19,296,52,0,52,348
10/24/2022,AVL,NC,ASO,ES,Combined TRACON& Tower with Radar,60,38,52,7,157,0,5,58,7,70,60,43,110,14,227,51,12,63,290
10/25/2022,AVL,NC,ASO,ES,Combined TRACON& Tower with Radar,37,22,33,14,106,0,7,39,0,46,37,29,72,14,152,62,0,62,214
10/26/2022,AVL,NC,ASO,ES,Combined TRACON& Tower with Radar,46,48,51,11,156,0,0,15,7,22,46,48,66,18,178,27,4,31,209
10/27/2022,AVL,NC,ASO,ES,Combined TRACON& Tower with Radar,69,39,67,15,190,0,1,77,18,96,69,40,144,33,286,73,10,83,369
10/28/2022,AVL,NC,ASO,ES,Combined TRACON& Tower with Radar,58,28,67,24,177,0,0,64,16,80,58,28,131,40,257,74,0,74,331
10/29/2022,AVL,NC,ASO,ES,Combined TRACON& Tower with Radar,53,33,40,0,126,0,0,50,15,65,53,33,90,15,191,136,0,136,327
10/30/2022,AVL,NC,ASO,ES,Combined TRACON& Tower with Radar,67,45,55,0,167,0,0,0,0,0,67,45,55,0,167,0,0,0,167
10/31/2022,AVL,NC,ASO,ES,Combined TRACON& Tower with Radar,51,23,18,0,92,0,0,3,0,3,51,23,21,0,95,4,0,4,99
11/01/2022,AVL,NC,ASO,ES,Combined TRACON& Tower with Radar,40,38,58,19,155,0,0,62,5,67,40,38,120,24,222,41,8,49,271
11/02/2022,AVL,NC,ASO,ES,Combined TRACON& Tower with Radar,46,16,41,4,107,0,0,35,4,39,46,16,76,8,146,41,0,41,187
11/03/2022,AVL,NC,ASO,ES,Combined TRACON& Tower with Radar,53,30,66,1,150,0,0,45,18,63,53,30,111,19,213,49,0,49,262
11/04/2022,AVL,NC,ASO,ES,Combined TRACON& Tower with Radar,39,24,83,10,156,0,0,60,15,75,39,24,143,25,231,91,0,91,322
11/05/2022,AVL,NC,ASO,ES,Combined TRACON& Tower with Radar,44,22,24,2,92,0,0,2,2,4,44,22,26,4,96,2,0,2,98
11/06/2022,AVL,NC,ASO,ES,Combined TRACON& Tower with Radar,55,29,68,4,156,0,0,15,5,20,55,29,83,9,176,36,1,37,213
11/07/2022,AVL,NC,ASO,ES,Combined TRACON& Tower with Radar,44,32,38,16,130,0,0,32,17,49,44,32,70,33,179,100,1,101,280
11/08/2022,AVL,NC,ASO,ES,Combined TRACON& Tower with Radar,35,16,28,8,87,0,2,50,8,60,35,18,78,16,147,188,6,194,341
11/09/2022,AVL,NC,ASO,ES,Combined TRACON& Tower with Radar,35,26,41,14,116,0,0,50,3,53,35,26,91,17,169,51,4,55,224
11/10/2022,AVL,NC,ASO,ES,Combined TRACON& Tower with Radar,53,24,27,2,106,0,0,3,0,3,53,24,30,2,109,0,0,0,109
11/11/2022,AVL,NC,ASO,ES,Combined TRACON& Tower with Radar,48,19,17,0,84,0,0,0,0,0,48,19,17,0,84,0,0,0,84
11/12/2022,AVL,NC,ASO,ES,Combined TRACON& Tower with Radar,42,32,45,0,119,0,0,21,6,27,42,32,66,6,146,76,0,76,222
11/13/2022,AVL,NC,ASO,ES,Combined TRACON& Tower with Radar,58,36,50,0,144,0,3,17,5,25,58,39,67,5,169,6,0,6,175
11/14/2022,AVL,NC,ASO,ES,Combined TRACON& Tower with Radar,46,26,34,15,121,0,1,70,7,78,46,27,104,22,199,130,14,144,343
11/15/2022,AVL,NC,ASO,ES,Combined TRACON& Tower with Radar,33,22,14,0,69,0,0,0,0,0,33,22,14,0,69,0,0,0,69
11/16/2022,AVL,NC,ASO,ES,Combined TRACON& Tower with Radar,36,25,40,6,107,0,0,23,1,24,36,25,63,7,131,50,0,50,181
11/17/2022,AVL,NC,ASO,ES,Combined TRACON& Tower with Radar,51,37,61,7,156,0,0,25,0,25,51,37,86,7,181,70,0,70,251
11/18/2022,AVL,NC,ASO,ES,Combined TRACON& Tower with Radar,54,31,72,13,170,0,0,34,6,40,54,31,106,19,210,66,0,66,276
11/19/2022,AVL,NC,ASO,ES,Combined TRACON& Tower with Radar,46,39,55,10,150,0,2,43,6,51,46,41,98,16,201,37,0,37,238
11/20/2022,AVL,NC,ASO,ES,Combined TRACON& Tower with Radar,54,41,53,28,176,0,2,16,11,29,54,43,69,39,205,6,6,12,217
11/21/2022,AVL,NC,ASO,ES,Combined TRACON& Tower with Radar,54,33,59,27,173,0,0,32,1,33,54,33,91,28,206,38,2,40,246
11/22/2022,AVL,NC,ASO,ES,Combined TRACON& Tower with Radar,56,29,80,18,183,0,2,32,3,37,56,31,112,21,220,79,10,89,309
11/23/2022,AVL,NC,ASO,ES,Combined TRACON& Tower with Radar,52,36,55,0,143,0,0,30,0,30,52,36,85,0,173,58,0,58,231
11/24/2022,AVL,NC,ASO,ES,Combined TRACON& Tower with Radar,32,12,13,0,57,0,0,7,1,8,32,12,20,1,65,6,0,6,71
11/25/2022,AVL,NC,ASO,ES,Combined TRACON& Tower with Radar,42,29,32,0,103,0,0,6,0,6,42,29,38,0,109,4,0,4,113
11/26/2022,AVL,NC,ASO,ES,Combined TRACON& Tower with Radar,55,43,58,0,156,0,0,39,0,39,55,43,97,0,195,48,0,48,243
11/27/2022,AVL,NC,ASO,ES,Combined TRACON& Tower with Radar,54,47,51,2,154,0,2,9,3,14,54,49,60,5,168,0,0,0,168
11/28/2022,AVL,NC,ASO,ES,Combined TRACON& Tower with Radar,49,37,70,0,156,0,3,30,0,33,49,40,100,0,189,4,0,4,193
11/29/2022,AVL,NC,ASO,ES,Combined TRACON& Tower with Radar,36,35,42,20,133,0,0,28,2,30,36,35,70,22,163,62,0,62,225
11/30/2022,AVL,NC,ASO,ES,Combined TRACON& Tower with Radar,33,22,35,9,99,0,0,9,1,10,33,22,44,10,109,4,0,4,113
12/01/2022,AVL,NC,ASO,ES,Combined TRACON& Tower with Radar,54,15,55,16,140,0,0,31,6,37,54,15,86,22,177,21,10,31,208
12/02/2022,AVL,NC,ASO,ES,Combined TRACON& Tower with Radar,52,22,38,7,119,0,0,19,17,36,52,22,57,24,155,50,14,64,219
12/03/2022,AVL,NC,ASO,ES,Combined TRACON& Tower with Radar,37,16,27,0,80,0,0,9,0,9,37,16,36,0,89,22,0,22,111
12/04/2022,AVL,NC,ASO,ES,Combined TRACON& Tower with Radar,52,14,62,2,130,0,0,30,3,33,52,14,92,5,163,16,0,16,179
12/05/2022,AVL,NC,ASO,ES,Combined TRACON& Tower with Radar,55,9,39,0,103,0,0,2,0,2,55,9,41,0,105,18,0,18,123
12/06/2022,AVL,NC,ASO,ES,Combined TRACON& Tower with Radar,38,11,23,2,74,0,0,0,0,0,38,11,23,2,74,0,0,0,74
12/07/2022,AVL,NC,ASO,ES,Combined TRACON& Tower with Radar,37,13,26,0,76,0,0,1,0,1,37,13,27,0,77,0,0,0,77
12/08/2022,AVL,NC,ASO,ES,Combined TRACON& Tower with Radar,55,24,38,0,117,0,0,2,0,2,55,24,40,0,119,0,0,0,119
12/09/2022,AVL,NC,ASO,ES,Combined TRACON& Tower with Radar,53,23,19,0,95,0,0,0,0,0,53,23,19,0,95,0,0,0,95
12/10/2022,AVL,NC,ASO,ES,Combined TRACON& Tower with Radar,36,16,21,2,75,0,0,0,2,2,36,16,21,4,77,0,0,0,77
12/11/2022,AVL,NC,ASO,ES,Combined TRACON& Tower with Radar,53,13,23,0,89,0,0,0,0,0,53,13,23,0,89,0,0,0,89
12/12/2022,AVL,NC,ASO,ES,Combined TRACON& Tower with Radar,53,24,60,22,159,0,0,36,0,36,53,24,96,22,195,110,10,120,315
12/13/2022,AVL,NC,ASO,ES,Combined TRACON& Tower with Radar,35,14,46,7,102,0,1,4,0,5,35,15,50,7,107,0,0,0,107
12/14/2022,AVL,NC,ASO,ES,Combined TRACON& Tower with Radar,35,15,22,0,72,0,0,0,0,0,35,15,22,0,72,0,0,0,72
12/15/2022,AVL,NC,ASO,ES,Combined TRACON& Tower with Radar,57,13,17,4,91,0,0,2,0,2,57,13,19,4,93,0,0,0,93
12/16/2022,AVL,NC,ASO,ES,Combined TRACON& Tower with Radar,54,22,62,15,153,0,0,56,1,57,54,22,118,16,210,162,0,162,372
12/17/2022,AVL,NC,ASO,ES,Combined TRACON& Tower with Radar,51,25,54,4,134,0,0,44,8,52,51,25,98,12,186,40,0,40,226
12/18/2022,AVL,NC,ASO,ES,Combined TRACON& Tower with Radar,55,16,32,14,117,0,0,22,11,33,55,16,54,25,150,51,0,51,201
12/19/2022,AVL,NC,ASO,ES,Combined TRACON& Tower with Radar,56,24,56,10,146,0,1,46,1,48,56,25,102,11,194,42,0,42,236
12/20/2022,AVL,NC,ASO,ES,Combined TRACON& Tower with Radar,49,12,49,21,131,0,0,26,7,33,49,12,75,28,164,85,17,102,266
12/21/2022,AVL,NC,ASO,ES,Combined TRACON& Tower with Radar,53,22,82,3,160,0,2,39,0,41,53,24,121,3,201,28,0,28,229
12/22/2022,AVL,NC,ASO,ES,Combined TRACON& Tower with Radar,52,24,10,0,86,0,0,1,0,1,52,24,11,0,87,0,0,0,87
12/23/2022,AVL,NC,ASO,ES,Combined TRACON& Tower with Radar,45,15,16,0,76,0,1,1,0,2,45,16,17,0,78,0,0,0,78
12/24/2022,AVL,NC,ASO,ES,Combined TRACON& Tower with Radar,37,8,7,0,52,0,2,3,0,5,37,10,10,0,57,0,0,0,57
12/25/2022,AVL,NC,ASO,ES,Combined TRACON& Tower with Radar,36,11,7,0,54,0,0,5,0,5,36,11,12,0,59,0,0,0,59
12/26/2022,AVL,NC,ASO,ES,Combined TRACON& Tower with Radar,46,19,48,0,113,0,0,23,0,23,46,19,71,0,136,40,0,40,176
12/27/2022,AVL,NC,ASO,ES,Combined TRACON& Tower with Radar,50,20,55,3,128,0,0,30,2,32,50,20,85,5,160,94,0,94,254
12/28/2022,AVL,NC,ASO,ES,Combined TRACON& Tower with Radar,48,17,53,30,148,0,0,39,0,39,48,17,92,30,187,108,18,126,313
12/29/2022,AVL,NC,ASO,ES,Combined TRACON& Tower with Radar,48,18,68,25,159,0,1,42,6,49,48,19,110,31,208,44,0,44,252
12/30/2022,AVL,NC,ASO,ES,Combined TRACON& Tower with Radar,50,20,39,1,110,0,0,0,3,3,50,20,39,4,113,0,0,0,113
12/31/2022,AVL,NC,ASO,ES,Combined TRACON& Tower with Radar,42,5,11,0,58,0,0,0,0,0,42,5,11,0,58,0,0,0,58
01/01/2023,AVL,NC,ASO,ES,Combined TRACON& Tower with Radar,42,15,39,4,100,0,0,12,7,19,42,15,51,11,119,62,0,62,181
01/02/2023,AVL,NC,ASO,ES,Combined TRACON& Tower with Radar,45,23,57,2,127,0,0,24,5,29,45,23,81,7,156,46,0,46,202
01/03/2023,AVL,NC,ASO,ES,Combined TRACON& Tower with Radar,45,24,22,2,93,0,0,2,1,3,45,24,24,3,96,0,0,0,96
01/04/2023,AVL,NC,ASO,ES,Combined TRACON& Tower with Radar,38,17,13,0,68,0,0,2,1,3,38,17,15,1,71,0,0,0,71
01/05/2023,AVL,NC,ASO,ES,Combined TRACON& Tower with Radar,43,15,51,19,128,0,1,27,4,32,43,16,78,23,160,45,5,50,210
01/06/2023,AVL,NC,ASO,ES,Combined TRACON& Tower with Radar,42,11,27,19,99,0,1,51,1,53,42,12,78,20,152,41,4,45,197
01/07/2023,AVL,NC,ASO,ES,Combined TRACON& Tower with Radar,36,12,26,7,81,0,0,71,1,72,36,12,97,8,153,80,0,80,233
01/08/2023,AVL,NC,ASO,ES,Combined TRACON& Tower with Radar,50,14,13,0,77,0,0,0,0,0,50,14,13,0,77,0,0,0,77
01/09/2023,AVL,NC,ASO,ES,Combined TRACON& Tower with Radar,46,17,24,2,89,0,1,18,4,23,46,18,42,6,112,24,0,24,136
01/10/2023,AVL,NC,ASO,ES,Combined TRACON& Tower with Radar,29,17,46,19,111,0,0,68,1,69,29,17,114,20,180,81,0,81,261
01/11/2023,AVL,NC,ASO,ES,Combined TRACON& Tower with Radar,26,17,45,9,97,0,2,54,0,56,26,19,99,9,153,37,2,39,192
01/12/2023,AVL,NC,ASO,ES,Combined TRACON& Tower with Radar,54,15,23,2,94,0,0,0,0,0,54,15,23,2,94,0,0,0,94
01/13/2023,AVL,NC,ASO,ES,Combined TRACON& Tower with Radar,47,21,22,0,90,0,0,1,0,1,47,21,23,0,91,0,0,0,91
01/14/2023,AVL,NC,ASO,ES,Combined TRACON& Tower with Radar,32,23,8,0,63,0,0,11,0,11,32,23,19,0,74,0,0,0,74
01/15/2023,AVL,NC,ASO,ES,Combined TRACON& Tower with Radar,48,15,22,0,85,0,2,75,0,77,48,17,97,0,162,50,0,50,212
01/16/2023,AVL,NC,ASO,ES,Combined TRACON& Tower with Radar,50,12,29,4,95,0,0,65,0,65,50,12,94,4,160,93,0,93,253
01/17/2023,AVL,NC,ASO,ES,Combined TRACON& Tower with Radar,30,19,35,0,84,0,0,19,1,20,30,19,54,1,104,38,0,38,142
01/18/2023,AVL,NC,ASO,ES,Combined TRACON& Tower with Radar,36,15,42,6,99,0,0,47,1,48,36,15,89,7,147,100,0,100,247
01/19/2023,AVL,NC,ASO,ES,Combined TRACON& Tower with Radar,53,18,25,0,96,0,0,12,0,12,53,18,37,0,108,0,0,0,108
01/20/2023,AVL,NC,ASO,ES,Combined TRACON& Tower with Radar,47,12,19,13,91,0,0,23,4,27,47,12,42,17,118,24,12,36,154
01/21/2023,AVL,NC,ASO,ES,Combined TRACON& Tower with Radar,36,10,31,4,81,0,0,82,2,84,36,10,113,6,165,74,0,74,239
01/22/2023,AVL,NC,ASO,ES,Combined TRACON& Tower with Radar,53,12,13,4,82,0,0,0,0,0,53,12,13,4,82,0,0,0,82
01/23/2023,AVL,NC,ASO,ES,Combined TRACON& Tower with Radar,43,15,23,2,83,0,1,10,0,11,43,16,33,2,94,42,0,42,136
01/24/2023,AVL,NC,ASO,ES,Combined TRACON& Tower with Radar,31,21,40,2,94,0,7,79,2,88,31,28,119,4,182,114,1,115,297
01/25/2023,AVL,NC,ASO,ES,Combined TRACON& Tower with Radar,37,11,13,9,70,0,1,1,0,2,37,12,14,9,72,12,0,12,84
01/26/2023,AVL,NC,ASO,ES,Combined TRACON& Tower with Radar,53,18,32,0,103,0,1,44,2,47,53,19,76,2,150,86,0,86,236
01/27/2023,AVL,NC,ASO,ES,Combined TRACON& Tower with Radar,47,17,28,11,103,0,2,58,2,62,47,19,86,13,165,107,0,107,272
01/28/2023,AVL,NC,ASO,ES,Combined TRACON& Tower with Radar,35,6,50,6,97,0,0,90,1,91,35,6,140,7,188,70,3,73,261
01/29/2023,AVL,NC,ASO,ES,Combined TRACON& Tower with Radar,53,15,27,5,100,0,2,14,3,19,53,17,41,8,119,57,0,57,176
01/30/2023,AVL,NC,ASO,ES,Combined TRACON& Tower with Radar,49,16,34,0,99,0,0,9,0,9,49,16,43,0,108,91,0,91,199
01/31/2023,AVL,NC,ASO,ES,Combined TRACON& Tower with Radar,31,10,19,0,60,0,0,4,0,4,31,10,23,0,64,0,0,0,64
02/01/2023,AVL,NC,ASO,ES,Combined TRACON& Tower with Radar,32,16,30,20,98,0,0,0,0,0,32,16,30,20,98,44,0,44,142
02/02/2023,AVL,NC,ASO,ES,Combined TRACON& Tower with Radar,52,12,15,0,79,0,0,0,0,0,52,12,15,0,79,0,0,0,79
02/03/2023,AVL,NC,ASO,ES,Combined TRACON& Tower with Radar,44,10,34,5,93,0,0,11,0,11,44,10,45,5,104,0,0,0,104
02/04/2023,AVL,NC,ASO,ES,Combined TRACON& Tower with Radar,34,12,25,0,71,0,0,82,1,83,34,12,107,1,154,124,0,124,278
02/05/2023,AVL,NC,ASO,ES,Combined TRACON& Tower with Radar,50,15,21,2,88,0,0,37,0,37,50,15,58,2,125,36,0,36,161
02/06/2023,AVL,NC,ASO,ES,Combined TRACON& Tower with Radar,45,8,30,8,91,0,0,26,4,30,45,8,56,12,121,21,0,21,142
02/07/2023,AVL,NC,ASO,ES,Combined TRACON& Tower with Radar,29,9,42,20,100,0,3,62,5,70,29,12,104,25,170,100,12,112,282
02/08/2023,AVL,NC,ASO,ES,Combined TRACON& Tower with Radar,34,8,42,12,96,0,0,39,2,41,34,8,81,14,137,141,0,141,278
02/09/2023,AVL,NC,ASO,ES,Combined TRACON& Tower with Radar,53,15,19,2,89,0,0,1,0,1,53,15,20,2,90,0,0,0,90
02/10/2023,AVL,NC,ASO,ES,Combined TRACON& Tower with Radar,49,9,27,10,95,0,0,39,0,39,49,9,66,10,134,28,0,28,162
02/11/2023,AVL,NC,ASO,ES,Combined TRACON& Tower with Radar,37,7,26,2,72,0,2,59,0,61,37,9,85,2,133,150,0,150,283
02/12/2023,AVL,NC,ASO,ES,Combined TRACON& Tower with Radar,50,6,9,0,65,0,0,1,0,1,50,6,10,0,66,0,0,0,66
02/13/2023,AVL,NC,ASO,ES,Combined TRACON& Tower with Radar,46,14,26,8,94,0,0,55,0,55,46,14,81,8,149,74,0,74,223
02/14/2023,AVL,NC,ASO,ES,Combined TRACON& Tower with Radar,35,12,30,0,77,0,4,52,3,59,35,16,82,3,136,54,0,54,190
02/15/2023,AVL,NC,ASO,ES,Combined TRACON& Tower with Radar,36,16,36,2,90,0,0,35,0,35,36,16,71,2,125,172,0,172,297
02/16/2023,AVL,NC,ASO,ES,Combined TRACON& Tower with Radar,54,5,16,0,75,0,0,7,0,7,54,5,23,0,82,0,0,0,82
02/17/2023,AVL,NC,ASO,ES,Combined TRACON& Tower with Radar,50,16,22,0,88,0,0,2,0,2,50,16,24,0,90,0,0,0,90
02/18/2023,AVL,NC,ASO,ES,Combined TRACON& Tower with Radar,44,15,42,0,101,0,0,109,0,109,44,15,151,0,210,63,0,63,273
02/19/2023,AVL,NC,ASO,ES,Combined TRACON& Tower with Radar,56,14,27,3,100,0,0,29,4,33,56,14,56,7,133,78,0,78,211
02/20/2023,AVL,NC,ASO,ES,Combined TRACON& Tower with Radar,51,17,23,0,91,0,0,32,1,33,51,17,55,1,124,64,0,64,188
02/21/2023,AVL,NC,ASO,ES,Combined TRACON& Tower with Radar,34,12,27,4,77,0,0,14,3,17,34,12,41,7,94,47,0,47,141
02/22/2023,AVL,NC,ASO,ES,Combined TRACON& Tower with Radar,38,13,24,9,84,0,2,21,3,26,38,15,45,12,110,7,0,7,117
02/23/2023,AVL,NC,ASO,ES,Combined TRACON& Tower with Radar,55,12,42,8,117,0,0,6,1,7,55,12,48,9,124,50,0,50,174
02/24/2023,AVL,NC,ASO,ES,Combined TRACON& Tower with Radar,49,18,34,7,108,0,0,31,0,31,49,18,65,7,139,20,0,20,159
02/25/2023,AVL,NC,ASO,ES,Combined TRACON& Tower with Radar,46,11,12,3,72,0,0,0,0,0,46,11,12,3,72,0,0,0,72
02/26/2023,AVL,NC,ASO,ES,Combined TRACON& Tower with Radar,56,24,30,2,112,0,1,47,0,48,56,25,77,2,160,122,0,122,282
02/27/2023,AVL,NC,ASO,ES,Combined TRACON& Tower with Radar,49,13,15,7,84,0,0,4,0,4,49,13,19,7,88,0,0,0,88
02/28/2023,AVL,NC,ASO,ES,Combined TRACON& Tower with Radar,35,11,31,0,77,0,3,65,1,69,35,14,96,1,146,78,0,78,224
03/01/2023,AVL,NC,ASO,ES,Combined TRACON& Tower with Radar,41,18,35,13,107,0,5,67,0,72,41,23,102,13,179,60,0,60,239
03/02/2023,AVL,NC,ASO,ES,Combined TRACON& Tower with Radar,58,21,27,0,106,0,0,12,2,14,58,21,39,2,120,40,0,40,160
03/03/2023,AVL,NC,ASO,ES,Combined TRACON& Tower with Radar,49,11,13,2,75,0,0,1,0,1,49,11,14,2,76,0,0,0,76
03/04/2023,AVL,NC,ASO,ES,Combined TRACON& Tower with Radar,44,11,30,11,96,0,0,69,5,74,44,11,99,16,170,72,10,82,252
03/05/2023,AVL,NC,ASO,ES,Combined TRACON& Tower with Radar,56,13,19,1,89,0,5,98,1,104,56,18,117,2,193,61,4,65,258
03/06/2023,AVL,NC,ASO,ES,Combined TRACON& Tower with Radar,53,10,28,2,93,0,3,66,3,72,53,13,94,5,165,76,0,76,241
03/07/2023,AVL,NC,ASO,ES,Combined TRACON& Tower with Radar,36,18,19,1,74,0,0,20,1,21,36,18,39,2,95,0,0,0,95
03/08/2023,AVL,NC,ASO,ES,Combined TRACON& Tower with Radar,42,11,32,8,93,0,3,57,0,60,42,14,89,8,153,81,0,81,234
03/09/2023,AVL,NC,ASO,ES,Combined TRACON& Tower with Radar,57,15,28,22,122,0,7,44,5,56,57,22,72,27,178,124,4,128,306
03/10/2023,AVL,NC,ASO,ES,Combined TRACON& Tower with Radar,52,20,31,11,114,0,0,8,0,8,52,20,39,11,122,28,4,32,154
03/11/2023,AVL,NC,ASO,ES,Combined TRACON& Tower with Radar,43,19,22,0,84,0,0,64,0,64,43,19,86,0,148,42,0,42,190
03/12/2023,AVL,NC,ASO,ES,Combined TRACON& Tower with Radar,58,26,4,0,88,0,0,0,0,0,58,26,4,0,88,0,0,0,88
03/13/2023,AVL,NC,ASO,ES,Combined TRACON& Tower with Radar,52,22,23,2,99,0,0,13,0,13,52,22,36,2,112,0,0,0,112
03/14/2023,AVL,NC,ASO,ES,Combined TRACON& Tower with Radar,33,19,25,4,81,0,1,9,0,10,33,20,34,4,91,0,0,0,91
03/15/2023,AVL,NC,ASO,ES,Combined TRACON& Tower with Radar,42,19,19,2,82,0,4,57,2,63,42,23,76,4,145,37,0,37,182
03/16/2023,AVL,NC,ASO,ES,Combined TRACON& Tower with Radar,56,11,45,6,118,0,4,75,8,87,56,15,120,14,205,93,12,105,310
03/17/2023,AVL,NC,ASO,ES,Combined TRACON& Tower with Radar,54,12,22,0,88,0,0,0,0,0,54,12,22,0,88,0,0,0,88
03/18/2023,AVL,NC,ASO,ES,Combined TRACON& Tower with Radar,46,31,31,3,111,0,1,23,0,24,46,32,54,3,135,0,0,0,135
03/19/2023,AVL,NC,ASO,ES,Combined TRACON& Tower with Radar,60,32,41,1,134,0,0,42,0,42,60,32,83,1,176,6,0,6,182
03/20/2023,AVL,NC,ASO,ES,Combined TRACON& Tower with Radar,55,19,30,9,113,0,0,86,1,87,55,19,116,10,200,58,6,64,264
03/21/2023,AVL,NC,ASO,ES,Combined TRACON& Tower with Radar,35,15,35,2,87,0,7,49,2,58,35,22,84,4,145,150,0,150,295
03/22/2023,AVL,NC,ASO,ES,Combined TRACON& Tower with Radar,44,16,31,0,91,0,0,2,0,2,44,16,33,0,93,0,0,0,93
03/23/2023,AVL,NC,ASO,ES,Combined TRACON& Tower with Radar,59,28,39,3,129,0,4,52,1,57,59,32,91,4,186,62,0,62,248
03/24/2023,AVL,NC,ASO,ES,Combined TRACON& Tower with Radar,55,24,30,3,112,0,0,46,2,48,55,24,76,5,160,50,0,50,210
03/25/2023,AVL,NC,ASO,ES,Combined TRACON& Tower with Radar,47,17,15,0,79,0,0,4,0,4,47,17,19,0,83,0,0,0,83
03/26/2023,AVL,NC,ASO,ES,Combined TRACON& Tower with Radar,53,29,36,0,118,0,2,85,3,90,53,31,121,3,208,92,0,92,300
03/27/2023,AVL,NC,ASO,ES,Combined TRACON& Tower with Radar,54,15,36,2,107,0,0,30,0,30,54,15,66,2,137,90,0,90,227
03/28/2023,AVL,NC,ASO,ES,Combined TRACON& Tower with Radar,38,17,36,2,93,0,1,43,4,48,38,18,79,6,141,26,3,29,170
03/29/2023,AVL,NC,ASO,ES,Combined TRACON& Tower with Radar,42,27,43,6,118,0,34,68,2,104,42,61,111,8,222,62,0,62,284
03/30/2023,AVL,NC,ASO,ES,Combined TRACON& Tower with Radar,56,21,25,21,123,0,14,87,3,104,56,35,112,24,227,79,4,83,310
03/31/2023,AVL,NC,ASO,ES,Combined TRACON& Tower with Radar,55,21,30,10,116,0,5,8,2,15,55,26,38,12,131,44,0,44,175
04/01/2023,AVL,NC,ASO,ES,Combined TRACON& Tower with Radar,47,23,6,0,76,0,0,2,2,4,47,23,8,2,80,6,0,6,86
04/02/2023,AVL,NC,ASO,ES,Combined TRACON& Tower with Radar,58,20,40,14,132,0,1,92,2,95,58,21,132,16,227,64,0,64,291
04/03/2023,AVL,NC,ASO,ES,Combined TRACON& Tower with Radar,54,20,30,2,106,0,1,14,0,15,54,21,44,2,121,63,0,63,184
04/04/2023,AVL,NC,ASO,ES,Combined TRACON& Tower with Radar,36,20,32,7,95,0,5,64,1,70,36,25,96,8,165,72,0,72,237
04/05/2023,AVL,NC,ASO,ES,Combined TRACON& Tower with Radar,37,8,55,32,132,0,0,27,0,27,37,8,82,32,159,16,16,32,191
04/06/2023,AVL,NC,ASO,ES,Combined TRACON& Tower with Radar,46,30,56,16,148,0,1,47,1,49,46,31,103,17,197,85,6,91,288
04/07/2023,AVL,NC,ASO,ES,Combined TRACON& Tower with Radar,49,16,24,0,89,0,0,0,0,0,49,16,24,0,89,0,0,0,89
04/08/2023,AVL,NC,ASO,ES,Combined TRACON& Tower with Radar,42,18,9,0,69,0,0,2,1,3,42,18,11,1,72,0,0,0,72
04/09/2023,AVL,NC,ASO,ES,Combined TRACON& Tower with Radar,56,24,31,0,111,0,0,55,0,55,56,24,86,0,166,73,0,73,239
04/10/2023,AVL,NC,ASO,ES,Combined TRACON& Tower with Radar,50,27,57,1,135,0,7,61,0,68,50,34,118,1,203,101,0,101,304
04/11/2023,AVL,NC,ASO,ES,Combined TRACON& Tower with Radar,37,25,39,19,120,0,8,61,8,77,37,33,100,27,197,110,11,121,318
04/12/2023,AVL,NC,ASO,ES,Combined TRACON& Tower with Radar,37,25,38,1,101,0,17,110,3,130,37,42,148,4,231,70,0,70,301
04/13/2023,AVL,NC,ASO,ES,Combined TRACON& Tower with Radar,55,33,43,2,133,0,8,47,5,60,55,41,90,7,193,40,0,40,233
04/14/2023,AVL,NC,ASO,ES,Combined TRACON& Tower with Radar,50,21,40,0,111,0,0,2,0,2,50,21,42,0,113,2,0,2,115
04/15/2023,AVL,NC,ASO,ES,Combined TRACON& Tower with Radar,40,21,28,3,92,0,2,64,4,70,40,23,92,7,162,51,0,51,213
04/16/2023,AVL,NC,ASO,ES,Combined TRACON& Tower with Radar,54,34,29,3,120,0,0,10,2,12,54,34,39,5,132,78,0,78,210
04/17/2023,AVL,NC,ASO,ES,Combined TRACON& Tower with Radar,54,19,43,10,126,0,0,26,7,33,54,19,69,17,159,27,8,35,194
04/18/2023,AVL,NC,ASO,ES,Combined TRACON& Tower with Radar,35,25,35,8,103,0,4,25,3,32,35,29,60,11,135,23,0,23,158
04/19/2023,AVL,NC,ASO,ES,Combined TRACON& Tower with Radar,39,35,45,22,141,0,4,83,7,94,39,39,128,29,235,44,5,49,284
04/20/2023,AVL,NC,ASO,ES,Combined TRACON& Tower with Radar,57,26,63,4,150,0,4,87,12,103,57,30,150,16,253,54,12,66,319
04/21/2023,AVL,NC,ASO,ES,Combined TRACON& Tower with Radar,52,37,43,22,154,0,7,69,0,76,52,44,112,22,230,68,0,68,298
04/22/2023,AVL,NC,ASO,ES,Combined TRACON& Tower with Radar,44,22,21,1,88,0,0,17,1,18,44,22,38,2,106,0,0,0,106
04/23/2023,AVL,NC,ASO,ES,Combined TRACON& Tower with Radar,52,35,37,14,138,0,9,82,6,97,52,44,119,20,235,65,0,65,300
04/24/2023,AVL,NC,ASO,ES,Combined TRACON& Tower with Radar,52,17,32,2,103,0,3,64,8,75,52,20,96,10,178,98,0,98,276
04/25/2023,AVL,NC,ASO,ES,Combined TRACON& Tower with Radar,34,27,41,10,112,0,8,58,4,70,34,35,99,14,182,26,0,26,208
04/26/2023,AVL,NC,ASO,ES,Combined TRACON& Tower with Radar,37,32,43,15,127,0,0,3,2,5,37,32,46,17,132,2,0,2,134
04/27/2023,AVL,NC,ASO,ES,Combined TRACON& Tower with Radar,53,20,18,3,94,0,0,0,0,0,53,20,18,3,94,0,0,0,94
04/28/2023,AVL,NC,ASO,ES,Combined TRACON& Tower with Radar,54,35,41,16,146,0,0,9,4,13,54,35,50,20,159,30,0,30,189
04/29/2023,AVL,NC,ASO,ES,Combined TRACON& Tower with Radar,43,27,29,3,102,0,6,52,2,60,43,33,81,5,162,123,0,123,285
04/30/2023,AVL,NC,ASO,ES,Combined TRACON& Tower with Radar,52,43,41,0,136,0,0,10,0,10,52,43,51,0,146,18,0,18,164
05/01/2023,AVL,NC,ASO,ES,Combined TRACON& Tower with Radar,58,29,32,1,120,0,2,13,0,15,58,31,45,1,135,8,0,8,143
05/02/2023,AVL,NC,ASO,ES,Combined TRACON& Tower with Radar,34,26,37,2,99,0,0,9,2,11,34,26,46,4,110,0,0,0,110
05/03/2023,AVL,NC,ASO,ES,Combined TRACON& Tower with Radar,37,33,38,5,113,0,0,9,4,13,37,33,47,9,126,0,8,8,134
05/04/2023,AVL,NC,ASO,ES,Combined TRACON& Tower with Radar,56,42,58,25,181,0,1,69,3,73,56,43,127,28,254,78,12,90,344
05/05/2023,AVL,NC,ASO,ES,Combined TRACON& Tower with Radar,55,21,49,16,141,0,1,72,1,74,55,22,121,17,215,64,0,64,279
05/06/2023,AVL,NC,ASO,ES,Combined TRACON& Tower with Radar,38,24,40,3,105,0,2,53,0,55,38,26,93,3,160,82,0,82,242
05/07/2023,AVL,NC,ASO,ES,Combined TRACON& Tower with Radar,57,29,30,3,119,0,0,49,1,50,57,29,79,4,169,104,0,104,273
05/08/2023,AVL,NC,ASO,ES,Combined TRACON& Tower with Radar,57,30,24,15,126,0,0,21,1,22,57,30,45,16,148,81,3,84,232
05/09/2023,AVL,NC,ASO,ES,Combined TRACON& Tower with Radar,35,29,61,6,131,0,0,34,2,36,35,29,95,8,167,96,2,98,265
05/10/2023,AVL,NC,ASO,ES,Combined TRACON& Tower with Radar,41,20,51,1,113,0,0,71,1,72,41,20,122,2,185,138,0,138,323
05/11/2023,AVL,NC,ASO,ES,Combined TRACON& Tower with Radar,59,33,40,2,134,0,0,69,4,73,59,33,109,6,207,108,0,108,315
05/12/2023,AVL,NC,ASO,ES,Combined TRACON& Tower with Radar,55,37,60,8,160,0,0,3,2,5,55,37,63,10,165,63,2,65,230
05/13/2023,AVL,NC,ASO,ES,Combined TRACON& Tower with Radar,39,40,26,2,107,0,0,39,0,39,39,40,65,2,146,88,0,88,234
05/14/2023,AVL,NC,ASO,ES,Combined TRACON& Tower with Radar,56,47,49,10,162,0,0,34,2,36,56,47,83,12,198,0,0,0,198
05/15/2023,AVL,NC,ASO,ES,Combined TRACON& Tower with Radar,57,30,35,8,130,0,0,9,1,10,57,30,44,9,140,44,0,44,184
05/16/2023,AVL,NC,ASO,ES,Combined TRACON& Tower with Radar,39,26,46,0,111,0,1,33,2,36,39,27,79,2,147,85,0,85,232
05/17/2023,AVL,NC,ASO,ES,Combined TRACON& Tower with Radar,41,26,76,7,150,0,2,64,3,69,41,28,140,10,219,87,0,87,306
05/18/2023,AVL,NC,ASO,ES,Combined TRACON& Tower with Radar,57,33,54,4,148,0,0,12,1,13,57,33,66,5,161,102,4,106,267
05/19/2023,AVL,NC,ASO,ES,Combined TRACON& Tower with Radar,55,47,74,16,192,0,0,55,4,59,55,47,129,20,251,117,8,125,376
05/20/2023,AVL,NC,ASO,ES,Combined TRACON& Tower with Radar,37,37,30,0,104,0,0,6,0,6,37,37,36,0,110,108,0,108,218
05/21/2023,AVL,NC,ASO,ES,Combined TRACON& Tower with Radar,56,46,65,6,173,0,0,83,2,85,56,46,148,8,258,85,0,85,343
05/22/2023,AVL,NC,ASO,ES,Combined TRACON& Tower with Radar,57,40,43,1,141,0,1,61,4,66,57,41,104,5,207,103,0,103,310
05/23/2023,AVL,NC,ASO,ES,Combined TRACON& Tower with Radar,38,36,40,5,119,0,0,47,1,48,38,36,87,6,167,125,12,137,304
05/24/2023,AVL,NC,ASO,ES,Combined TRACON& Tower with Radar,43,32,61,16,152,0,4,74,3,81,43,36,135,19,233,114,0,114,347
05/25/2023,AVL,NC,ASO,ES,Combined TRACON& Tower with Radar,57,34,65,6,162,0,4,41,4,49,57,38,106,10,211,93,10,103,314
05/26/2023,AVL,NC,ASO,ES,Combined TRACON& Tower with Radar,60,42,52,4,158,0,0,66,0,66,60,42,118,4,224,84,0,84,308
05/27/2023,AVL,NC,ASO,ES,Combined TRACON& Tower with Radar,42,23,23,0,88,0,0,19,0,19,42,23,42,0,107,8,0,8,115
05/28/2023,AVL,NC,ASO,ES,Combined TRACON& Tower with Radar,52,20,21,2,95,0,0,3,0,3,52,20,24,2,98,0,0,0,98
05/29/2023,AVL,NC,ASO,ES,Combined TRACON& Tower with Radar,63,37,29,0,129,0,0,31,0,31,63,37,60,0,160,64,0,64,224
05/30/2023,AVL,NC,ASO,ES,Combined TRACON& Tower with Radar,41,27,37,11,116,0,0,21,1,22,41,27,58,12,138,88,0,88,226
05/31/2023,AVL,NC,ASO,ES,Combined TRACON& Tower with Radar,48,37,49,14,148,0,1,19,0,20,48,38,68,14,168,71,13,84,252
06/01/2023,AVL,NC,ASO,ES,Combined TRACON& Tower with Radar,62,36,73,20,191,0,2,61,8,71,62,38,134,28,262,44,24,68,330
06/02/2023,AVL,NC,ASO,ES,Combined TRACON& Tower with Radar,64,34,44,13,155,0,0,63,1,64,64,34,107,14,219,46,8,54,273
06/03/2023,AVL,NC,ASO,ES,Combined TRACON& Tower with Radar,71,41,48,24,184,0,1,105,2,108,71,42,153,26,292,43,6,49,341
06/04/2023,AVL,NC,ASO,ES,Combined TRACON& Tower with Radar,65,47,77,5,194,0,0,23,2,25,65,47,100,7,219,34,0,34,253
06/05/2023,AVL,NC,ASO,ES,Combined TRACON& Tower with Radar,68,31,77,3,179,0,0,30,1,31,68,31,107,4,210,75,4,79,289
06/06/2023,AVL,NC,ASO,ES,Combined TRACON& Tower with Radar,42,32,46,7,127,0,0,41,6,47,42,32,87,13,174,52,2,54,228
06/07/2023,AVL,NC,ASO,ES,Combined TRACON& Tower with Radar,54,26,52,21,153,0,1,45,5,51,54,27,97,26,204,24,3,27,231
06/08/2023,AVL,NC,ASO,ES,Combined TRACON& Tower with Radar,72,38,45,19,174,0,0,35,9,44,72,38,80,28,218,32,24,56,274
06/09/2023,AVL,NC,ASO,ES,Combined TRACON& Tower with Radar,71,38,57,8,174,0,0,60,2,62,71,38,117,10,236,27,0,27,263
06/10/2023,AVL,NC,ASO,ES,Combined TRACON& Tower with Radar,65,33,44,3,145,0,1,75,1,77,65,34,119,4,222,22,0,22,244
06/11/2023,AVL,NC,ASO,ES,Combined TRACON& Tower with Radar,71,57,61,0,189,0,0,14,0,14,71,57,75,0,203,0,0,0,203
06/12/2023,AVL,NC,ASO,ES,Combined TRACON& Tower with Radar,70,29,38,2,139,0,0,15,3,18,70,29,53,5,157,54,0,54,211
06/13/2023,AVL,NC,ASO,ES,Combined TRACON& Tower with Radar,46,25,25,9,105,0,1,52,9,62,46,26,77,18,167,60,0,60,227
06/14/2023,AVL,NC,ASO,ES,Combined TRACON& Tower with Radar,52,36,46,13,147,0,0,58,5,63,52,36,104,18,210,36,0,36,246
06/15/2023,AVL,NC,ASO,ES,Combined TRACON& Tower with Radar,73,40,48,2,163,0,0,57,3,60,73,40,105,5,223,22,0,22,245
06/16/2023,AVL,NC,ASO,ES,Combined TRACON& Tower with Radar,69,31,57,10,167,0,0,39,4,43,69,31,96,14,210,22,14,36,246
06/17/2023,AVL,NC,ASO,ES,Combined TRACON& Tower with Radar,65,31,52,1,149,0,0,68,2,70,65,31,120,3,219,48,0,48,267
06/18/2023,AVL,NC,ASO,ES,Combined TRACON& Tower with Radar,73,45,54,3,175,0,2,50,2,54,73,47,104,5,229,26,0,26,255
06/19/2023,AVL,NC,ASO,ES,Combined TRACON& Tower with Radar,66,22,38,0,126,0,0,0,0,0,66,22,38,0,126,6,0,6,132
06/20/2023,AVL,NC,ASO,ES,Combined TRACON& Tower with Radar,50,23,29,0,102,0,0,3,0,3,50,23,32,0,105,0,0,0,105
06/21/2023,AVL,NC,ASO,ES,Combined TRACON& Tower with Radar,55,42,52,0,149,0,0,0,0,0,55,42,52,0,149,0,0,0,149
06/22/2023,AVL,NC,ASO,ES,Combined TRACON& Tower with Radar,72,48,43,2,165,0,0,2,0,2,72,48,45,2,167,0,0,0,167
06/23/2023,AVL,NC,ASO,ES,Combined TRACON& Tower with Radar,68,38,113,9,228,0,0,29,1,30,68,38,142,10,258,12,0,12,270
06/24/2023,AVL,NC,ASO,ES,Combined TRACON& Tower with Radar,69,34,34,0,137,0,0,53,0,53,69,34,87,0,190,39,0,39,229
06/25/2023,AVL,NC,ASO,ES,Combined TRACON& Tower with Radar,68,42,79,9,198,0,0,61,0,61,68,42,140,9,259,12,2,14,273
06/26/2023,AVL,NC,ASO,ES,Combined TRACON& Tower with Radar,71,39,53,5,168,0,1,50,2,53,71,40,103,7,221,91,4,95,316
06/27/2023,AVL,NC,ASO,ES,Combined TRACON& Tower with Radar,40,28,67,20,155,0,0,39,2,41,40,28,106,22,196,70,0,70,266
06/28/2023,AVL,NC,ASO,ES,Combined TRACON& Tower with Radar,56,42,76,29,203,0,1,62,2,65,56,43,138,31,268,56,0,56,324
06/29/2023,AVL,NC,ASO,ES,Combined TRACON& Tower with Radar,76,32,73,27,208,0,0,38,1,39,76,32,111,28,247,67,0,67,314
06/30/2023,AVL,NC,ASO,ES,Combined TRACON& Tower with Radar,69,52,103,0,224,0,0,27,0,27,69,52,130,0,251,50,0,50,301
07/01/2023,AVL,NC,ASO,ES,Combined TRACON& Tower with Radar,71,44,62,0,177,0,2,53,0,55,71,46,115,0,232,16,0,16,248
07/02/2023,AVL,NC,ASO,ES,Combined TRACON& Tower with Radar,71,35,44,0,150,0,0,53,0,53,71,35,97,0,203,67,0,67,270
07/03/2023,AVL,NC,ASO,ES,Combined TRACON& Tower with Radar,60,38,40,0,138,0,0,24,0,24,60,38,64,0,162,46,0,46,208
07/04/2023,AVL,NC,ASO,ES,Combined TRACON& Tower with Radar,44,22,28,0,94,0,0,28,1,29,44,22,56,1,123,42,0,42,165
07/05/2023,AVL,NC,ASO,ES,Combined TRACON& Tower with Radar,57,30,62,2,151,0,0,30,0,30,57,30,92,2,181,52,0,52,233
07/06/2023,AVL,NC,ASO,ES,Combined TRACON& Tower with Radar,76,54,56,17,203,0,1,23,3,27,76,55,79,20,230,35,7,42,272
07/07/2023,AVL,NC,ASO,ES,Combined TRACON& Tower with Radar,70,56,52,6,184,0,1,48,0,49,70,57,100,6,233,37,0,37,270
07/08/2023,AVL,NC,ASO,ES,Combined TRACON& Tower with Radar,73,34,61,0,168,0,0,80,0,80,73,34,141,0,248,45,0,45,293
07/09/2023,AVL,NC,ASO,ES,Combined TRACON& Tower with Radar,70,45,62,1,178,0,0,29,1,30,70,45,91,2,208,54,0,54,262
07/10/2023,AVL,NC,ASO,ES,Combined TRACON& Tower with Radar,70,36,55,4,165,0,0,32,1,33,70,36,87,5,198,73,0,73,271
07/11/2023,AVL,NC,ASO,ES,Combined TRACON& Tower with Radar,54,28,46,21,149,0,5,52,1,58,54,33,98,22,207,56,6,62,269
07/12/2023,AVL,NC,ASO,ES,Combined TRACON& Tower with Radar,59,28,67,49,203,0,4,57,6,67,59,32,124,55,270,57,16,73,343
07/13/2023,AVL,NC,ASO,ES,Combined TRACON& Tower with Radar,79,36,42,15,172,0,0,30,5,35,79,36,72,20,207,38,16,54,261
07/14/2023,AVL,NC,ASO,ES,Combined TRACON& Tower with Radar,71,45,67,13,196,0,0,25,3,28,71,45,92,16,224,26,0,26,250
07/15/2023,AVL,NC,ASO,ES,Combined TRACON& Tower with Radar,74,41,39,2,156,0,2,14,1,17,74,43,53,3,173,26,10,36,209
07/16/2023,AVL,NC,ASO,ES,Combined TRACON& Tower with Radar,70,48,67,4,189,0,0,42,4,46,70,48,109,8,235,48,0,48,283
07/17/2023,AVL,NC,ASO,ES,Combined TRACON& Tower with Radar,74,25,70,13,182,0,0,21,1,22,74,25,91,14,204,66,4,70,274
07/18/2023,AVL,NC,ASO,ES,Combined TRACON& Tower with Radar,54,24,64,5,147,0,0,21,1,22,54,24,85,6,169,72,0,72,241
07/19/2023,AVL,NC,ASO,ES,Combined TRACON& Tower with Radar,60,36,60,5,161,0,0,21,0,21,60,36,81,5,182,78,0,78,260
07/20/2023,AVL,NC,ASO,ES,Combined TRACON& Tower with Radar,80,47,47,0,174,0,0,3,0,3,80,47,50,0,177,0,0,0,177
07/21/2023,AVL,NC,ASO,ES,Combined TRACON& Tower with Radar,68,59,98,3,228,0,4,55,0,59,68,63,153,3,287,13,0,13,300
07/22/2023,AVL,NC,ASO,ES,Combined TRACON& Tower with Radar,75,30,57,1,163,0,0,44,1,45,75,30,101,2,208,59,4,63,271
07/23/2023,AVL,NC,ASO,ES,Combined TRACON& Tower with Radar,76,43,64,2,185,0,0,51,2,53,76,43,115,4,238,48,0,48,286
07/24/2023,AVL,NC,ASO,ES,Combined TRACON& Tower with Radar,78,22,73,17,190,0,1,30,0,31,78,23,103,17,221,88,0,88,309
07/25/2023,AVL,NC,ASO,ES,Combined TRACON& Tower with Radar,50,20,68,11,149,0,0,32,1,33,50,20,100,12,182,118,0,118,300
07/26/2023,AVL,NC,ASO,ES,Combined TRACON& Tower with Radar,59,28,98,34,219,0,0,39,5,44,59,28,137,39,263,88,10,98,361
07/27/2023,AVL,NC,ASO,ES,Combined TRACON& Tower with Radar,78,47,91,12,228,0,0,24,6,30,78,47,115,18,258,50,12,62,320
07/28/2023,AVL,NC,ASO,ES,Combined TRACON& Tower with Radar,73,39,82,22,216,0,0,15,2,17,73,39,97,24,233,48,12,60,293
07/29/2023,AVL,NC,ASO,ES,Combined TRACON& Tower with Radar,79,34,60,4,177,0,2,29,1,32,79,36,89,5,209,34,0,34,243
07/30/2023,AVL,NC,ASO,ES,Combined TRACON& Tower with Radar,79,31,93,4,207,0,0,18,1,19,79,31,111,5,226,20,0,20,246
07/31/2023,AVL,NC,ASO,ES,Combined TRACON& Tower with Radar,77,32,88,4,201,0,2,20,0,22,77,34,108,4,223,40,0,40,263
08/01/2023,AVL,NC,ASO,ES,Combined TRACON& Tower with Radar,53,28,75,12,168,0,1,33,2,36,53,29,108,14,204,50,6,56,260
08/02/2023,AVL,NC,ASO,ES,Combined TRACON& Tower with Radar,54,28,71,12,165,0,0,18,2,20,54,28,89,14,185,78,0,78,263
08/03/2023,AVL,NC,ASO,ES,Combined TRACON& Tower with Radar,81,51,45,0,177,0,0,0,0,0,81,51,45,0,177,2,0,2,179
08/04/2023,AVL,NC,ASO,ES,Combined TRACON& Tower with Radar,71,46,81,8,206,0,0,15,4,19,71,46,96,12,225,10,0,10,235
08/05/2023,AVL,NC,ASO,ES,Combined TRACON& Tower with Radar,69,26,88,0,183,0,0,46,1,47,69,26,134,1,230,10,0,10,240
08/06/2023,AVL,NC,ASO,ES,Combined TRACON& Tower with Radar,67,52,74,1,194,0,0,14,2,16,67,52,88,3,210,6,0,6,216
08/07/2023,AVL,NC,ASO,ES,Combined TRACON& Tower with Radar,58,28,44,2,132,0,0,15,1,16,58,28,59,3,148,23,0,23,171
08/08/2023,AVL,NC,ASO,ES,Combined TRACON& Tower with Radar,51,20,84,12,167,0,0,37,5,42,51,20,121,17,209,66,14,80,289
08/09/2023,AVL,NC,ASO,ES,Combined TRACON& Tower with Radar,54,34,96,11,195,0,0,40,5,45,54,34,136,16,240,73,8,81,321
08/10/2023,AVL,NC,ASO,ES,Combined TRACON& Tower with Radar,75,37,65,0,177,0,0,12,0,12,75,37,77,0,189,22,0,22,211
08/11/2023,AVL,NC,ASO,ES,Combined TRACON& Tower with Radar,71,50,87,10,218,0,1,14,0,15,71,51,101,10,233,45,3,48,281
08/12/2023,AVL,NC,ASO,ES,Combined TRACON& Tower with Radar,67,19,67,0,153,0,0,31,0,31,67,19,98,0,184,20,0,20,204
08/13/2023,AVL,NC,ASO,ES,Combined TRACON& Tower with Radar,73,56,92,2,223,0,0,45,2,47,73,56,137,4,270,24,0,24,294
08/14/2023,AVL,NC,ASO,ES,Combined TRACON& Tower with Radar,71,31,70,2,174,0,0,24,2,26,71,31,94,4,200,38,0,38,238
08/15/2023,AVL,NC,ASO,ES,Combined TRACON& Tower with Radar,54,31,46,10,141,0,0,16,4,20,54,31,62,14,161,82,10,92,253
08/16/2023,AVL,NC,ASO,ES,Combined TRACON& Tower with Radar,61,36,84,18,199,0,2,33,5,40,61,38,117,23,239,86,10,96,335
08/17/2023,AVL,NC,ASO,ES,Combined TRACON& Tower with Radar,77,36,78,5,196,0,0,34,1,35,77,36,112,6,231,55,0,55,286
08/18/2023,AVL,NC,ASO,ES,Combined TRACON& Tower with Radar,76,40,64,26,206,0,0,22,4,26,76,40,86,30,232,38,10,48,280
08/19/2023,AVL,NC,ASO,ES,Combined TRACON& Tower with Radar,58,24,69,0,151,0,2,45,0,47,58,26,114,0,198,50,0,50,248
08/20/2023,AVL,NC,ASO,ES,Combined TRACON& Tower with Radar,77,36,90,1,204,0,0,41,3,44,77,36,131,4,248,28,0,28,276
08/21/2023,AVL,NC,ASO,ES,Combined TRACON& Tower with Radar,76,36,56,11,179,0,0,28,1,29,76,36,84,12,208,28,0,28,236
08/22/2023,AVL,NC,ASO,ES,Combined TRACON& Tower with Radar,52,34,61,12,159,0,1,20,0,21,52,35,81,12,180,10,0,10,190
08/23/2023,AVL,NC,ASO,ES,Combined TRACON& Tower with Radar,61,29,69,8,167,0,0,24,1,25,61,29,93,9,192,58,0,58,250
08/24/2023,AVL,NC,ASO,ES,Combined TRACON& Tower with Radar,79,37,61,24,201,0,0,27,0,27,79,37,88,24,228,44,4,48,276
08/25/2023,AVL,NC,ASO,ES,Combined TRACON& Tower with Radar,75,37,84,16,212,0,0,28,0,28,75,37,112,16,240,28,9,37,277
08/26/2023,AVL,NC,ASO,ES,Combined TRACON& Tower with Radar,60,24,66,0,150,0,0,57,3,60,60,24,123,3,210,21,0,21,231
08/27/2023,AVL,NC,ASO,ES,Combined TRACON& Tower with Radar,74,30,62,1,167,0,2,22,0,24,74,32,84,1,191,18,0,18,209
08/28/2023,AVL,NC,ASO,ES,Combined TRACON& Tower with Radar,73,27,30,6,136,0,1,1,0,2,73,28,31,6,138,0,0,0,138
08/29/2023,AVL,NC,ASO,ES,Combined TRACON& Tower with Radar,49,27,34,2,112,0,0,2,0,2,49,27,36,2,114,0,0,0,114
08/30/2023,AVL,NC,ASO,ES,Combined TRACON& Tower with Radar,50,32,20,3,105,0,0,4,0,4,50,32,24,3,109,6,0,6,115
08/31/2023,AVL,NC,ASO,ES,Combined TRACON& Tower with Radar,76,25,82,5,188,0,0,42,2,44,76,25,124,7,232,34,0,34,266
