01/01/2000,AVP,PA,AEA,EN,Towers with Radar,12,23,14,0,49,6,0,30,0,36,18,23,44,0,85,176,0,176,261
01/02/2000,AVP,PA,AEA,EN,Towers with Radar,20,29,28,0,77,0,0,86,0,86,20,29,114,0,163,184,0,184,347
01/03/2000,AVP,PA,AEA,EN,Towers with Radar,25,40,29,1,95,1,0,26,5,32,26,40,55,6,127,216,0,216,343
01/04/2000,AVP,PA,AEA,EN,Towers with Radar,17,51,33,1,102,0,0,17,6,23,17,51,50,7,125,120,0,120,245
01/05/2000,AVP,PA,AEA,EN,Towers with Radar,24,49,30,0,103,0,4,42,0,46,24,53,72,0,149,154,0,154,303
01/06/2000,AVP,PA,AEA,EN,Towers with Radar,24,45,34,1,104,0,0,55,1,56,24,45,89,2,160,220,0,220,380
01/07/2000,AVP,PA,AEA,EN,Towers with Radar,18,51,32,0,101,0,5,28,0,33,18,56,60,0,134,196,0,196,330
01/08/2000,AVP,PA,AEA,EN,Towers with Radar,19,36,23,1,79,1,2,98,3,104,20,38,121,4,183,406,0,406,589
01/09/2000,AVP,PA,AEA,EN,Towers with Radar,19,35,23,0,77,5,0,60,0,65,24,35,83,0,142,292,0,292,434
01/10/2000,AVP,PA,AEA,EN,Towers with Radar,20,41,25,0,86,0,5,0,0,5,20,46,25,0,91,0,0,0,91
01/11/2000,AVP,PA,AEA,EN,Towers with Radar,22,49,31,0,102,0,0,4,0,4,22,49,35,0,106,132,0,132,238
01/12/2000,AVP,PA,AEA,EN,Towers with Radar,25,49,31,0,105,0,2,47,0,49,25,51,78,0,154,150,0,150,304
01/13/2000,AVP,PA,AEA,EN,Towers with Radar,25,46,18,0,89,0,3,0,0,3,25,49,18,0,92,2,0,2,94
01/14/2000,AVP,PA,AEA,EN,Towers with Radar,19,50,32,0,101,0,6,24,0,30,19,56,56,0,131,114,0,114,245
01/15/2000,AVP,PA,AEA,EN,Towers with Radar,22,38,25,0,85,0,0,84,0,84,22,38,109,0,169,304,0,304,473
01/16/2000,AVP,PA,AEA,EN,Towers with Radar,17,30,19,0,66,0,5,36,0,41,17,35,55,0,107,104,0,104,211
01/17/2000,AVP,PA,AEA,EN,Towers with Radar,20,38,17,0,75,4,5,0,0,9,24,43,17,0,84,20,0,20,104
01/18/2000,AVP,PA,AEA,EN,Towers with Radar,20,42,27,0,89,0,7,47,4,58,20,49,74,4,147,274,0,274,421
01/19/2000,AVP,PA,AEA,EN,Towers with Radar,22,43,28,0,93,0,2,42,0,44,22,45,70,0,137,210,0,210,347
01/20/2000,AVP,PA,AEA,EN,Towers with Radar,18,32,19,0,69,4,0,0,0,4,22,32,19,0,73,0,0,0,73
01/21/2000,AVP,PA,AEA,EN,Towers with Radar,27,35,31,0,93,0,0,27,2,29,27,35,58,2,122,86,4,90,212
01/22/2000,AVP,PA,AEA,EN,Towers with Radar,20,35,23,0,78,2,7,26,0,35,22,42,49,0,113,152,0,152,265
01/23/2000,AVP,PA,AEA,EN,Towers with Radar,16,29,19,0,64,4,11,9,2,26,20,40,28,2,90,136,0,136,226
01/24/2000,AVP,PA,AEA,EN,Towers with Radar,20,38,22,0,80,3,4,64,3,74,23,42,86,3,154,346,0,346,500
01/25/2000,AVP,PA,AEA,EN,Towers with Radar,7,11,7,0,25,2,0,4,0,6,9,11,11,0,31,0,0,0,31
01/26/2000,AVP,PA,AEA,EN,Towers with Radar,21,37,23,0,81,8,0,15,0,23,29,37,38,0,104,0,0,0,104
01/27/2000,AVP,PA,AEA,EN,Towers with Radar,21,48,29,0,98,0,7,35,0,42,21,55,64,0,140,128,0,128,268
01/28/2000,AVP,PA,AEA,EN,Towers with Radar,26,43,29,0,98,5,0,19,0,24,31,43,48,0,122,200,0,200,322
01/29/2000,AVP,PA,AEA,EN,Towers with Radar,18,34,20,0,72,6,3,116,0,125,24,37,136,0,197,282,0,282,479
01/30/2000,AVP,PA,AEA,EN,Towers with Radar,9,12,11,0,32,3,0,21,0,24,12,12,32,0,56,58,0,58,114
01/31/2000,AVP,PA,AEA,EN,Towers with Radar,18,35,18,0,71,4,2,0,0,6,22,37,18,0,77,0,0,0,77
02/01/2000,AVP,PA,AEA,EN,Towers with Radar,20,44,33,0,97,1,0,18,0,19,21,44,51,0,116,154,0,154,270
02/02/2000,AVP,PA,AEA,EN,Towers with Radar,22,44,35,2,103,1,0,21,8,30,23,44,56,10,133,124,16,140,273
02/03/2000,AVP,PA,AEA,EN,Towers with Radar,18,52,40,2,112,0,0,4,0,4,18,52,44,2,116,60,0,60,176
02/04/2000,AVP,PA,AEA,EN,Towers with Radar,20,55,42,0,117,0,0,22,0,22,20,55,64,0,139,100,0,100,239
02/05/2000,AVP,PA,AEA,EN,Towers with Radar,14,33,23,2,72,9,4,55,0,68,23,37,78,2,140,158,0,158,298
02/06/2000,AVP,PA,AEA,EN,Towers with Radar,14,33,22,0,69,6,0,84,0,90,20,33,106,0,159,302,0,302,461
02/07/2000,AVP,PA,AEA,EN,Towers with Radar,19,44,30,0,93,2,4,26,0,32,21,48,56,0,125,232,0,232,357
02/08/2000,AVP,PA,AEA,EN,Towers with Radar,19,44,31,2,96,2,0,113,0,115,21,44,144,2,211,466,0,466,677
02/09/2000,AVP,PA,AEA,EN,Towers with Radar,19,55,39,0,113,0,0,89,0,89,19,55,128,0,202,356,0,356,558
02/10/2000,AVP,PA,AEA,EN,Towers with Radar,24,51,40,0,115,3,0,85,0,88,27,51,125,0,203,350,0,350,553
02/11/2000,AVP,PA,AEA,EN,Towers with Radar,19,57,43,3,122,0,0,15,1,16,19,57,58,4,138,138,0,138,276
02/12/2000,AVP,PA,AEA,EN,Towers with Radar,16,34,27,0,77,6,0,117,0,123,22,34,144,0,200,338,0,338,538
02/13/2000,AVP,PA,AEA,EN,Towers with Radar,14,30,22,0,66,3,1,39,0,43,17,31,61,0,109,166,0,166,275
02/14/2000,AVP,PA,AEA,EN,Towers with Radar,15,33,24,0,72,4,6,3,0,13,19,39,27,0,85,28,0,28,113
02/15/2000,AVP,PA,AEA,EN,Towers with Radar,20,47,34,1,102,0,0,32,7,39,20,47,66,8,141,300,0,300,441
02/16/2000,AVP,PA,AEA,EN,Towers with Radar,21,48,35,1,105,1,3,20,18,42,22,51,55,19,147,136,0,136,283
02/17/2000,AVP,PA,AEA,EN,Towers with Radar,17,46,35,1,99,0,0,71,1,72,17,46,106,2,171,212,0,212,383
02/18/2000,AVP,PA,AEA,EN,Towers with Radar,13,22,7,0,42,1,0,0,0,1,14,22,7,0,43,0,0,0,43
02/19/2000,AVP,PA,AEA,EN,Towers with Radar,10,24,15,0,49,0,3,0,0,3,10,27,15,0,52,0,0,0,52
02/20/2000,AVP,PA,AEA,EN,Towers with Radar,15,32,23,0,70,2,4,38,0,44,17,36,61,0,114,160,0,160,274
02/21/2000,AVP,PA,AEA,EN,Towers with Radar,17,39,28,0,84,0,11,67,0,78,17,50,95,0,162,298,0,298,460
02/22/2000,AVP,PA,AEA,EN,Towers with Radar,18,43,32,1,94,0,6,54,1,61,18,49,86,2,155,386,0,386,541
02/23/2000,AVP,PA,AEA,EN,Towers with Radar,20,47,34,1,102,0,5,72,1,78,20,52,106,2,180,275,0,275,455
02/24/2000,AVP,PA,AEA,EN,Towers with Radar,23,47,36,0,106,4,0,53,0,57,27,47,89,0,163,296,0,296,459
02/25/2000,AVP,PA,AEA,EN,Towers with Radar,21,51,44,1,117,0,0,5,0,5,21,51,49,1,122,43,0,43,165
02/26/2000,AVP,PA,AEA,EN,Towers with Radar,17,38,26,0,81,5,1,19,0,25,22,39,45,0,106,50,0,50,156
02/27/2000,AVP,PA,AEA,EN,Towers with Radar,17,38,26,0,81,1,1,23,0,25,18,39,49,0,106,94,0,94,200
02/28/2000,AVP,PA,AEA,EN,Towers with Radar,18,43,30,1,92,0,1,33,1,35,18,44,63,2,127,180,0,180,307
02/29/2000,AVP,PA,AEA,EN,Towers with Radar,16,44,30,1,91,0,13,85,0,98,16,57,115,1,189,372,0,372,561
03/01/2000,AVP,PA,AEA,EN,Towers with Radar,21,44,32,0,97,0,5,50,0,55,21,49,82,0,152,178,0,178,330
03/02/2000,AVP,PA,AEA,EN,Towers with Radar,22,40,30,2,94,2,1,1,0,4,24,41,31,2,98,2,0,2,100
03/03/2000,AVP,PA,AEA,EN,Towers with Radar,20,36,29,0,85,2,0,14,0,16,22,36,43,0,101,178,0,178,279
03/04/2000,AVP,PA,AEA,EN,Towers with Radar,19,27,26,0,72,7,0,97,0,104,26,27,123,0,176,214,0,214,390
03/05/2000,AVP,PA,AEA,EN,Towers with Radar,13,21,18,0,52,8,0,61,0,69,21,21,79,0,121,196,0,196,317
03/06/2000,AVP,PA,AEA,EN,Towers with Radar,19,32,26,1,78,2,0,54,0,56,21,32,80,1,134,152,0,152,286
03/07/2000,AVP,PA,AEA,EN,Towers with Radar,23,34,34,1,92,0,0,92,0,92,23,34,126,1,184,242,0,242,426
03/08/2000,AVP,PA,AEA,EN,Towers with Radar,21,38,30,5,94,0,0,81,14,95,21,38,111,19,189,260,10,270,459
03/09/2000,AVP,PA,AEA,EN,Towers with Radar,21,37,34,6,98,0,0,24,11,35,21,37,58,17,133,214,8,222,355
03/10/2000,AVP,PA,AEA,EN,Towers with Radar,24,46,42,7,119,0,0,72,13,85,24,46,114,20,204,266,0,266,470
03/11/2000,AVP,PA,AEA,EN,Towers with Radar,16,27,15,0,58,7,6,0,0,13,23,33,15,0,71,8,0,8,79
03/12/2000,AVP,PA,AEA,EN,Towers with Radar,14,25,20,4,63,4,2,1,0,7,18,27,21,4,70,0,0,0,70
03/13/2000,AVP,PA,AEA,EN,Towers with Radar,16,27,22,4,69,1,9,46,4,60,17,36,68,8,129,198,0,198,327
03/14/2000,AVP,PA,AEA,EN,Towers with Radar,20,38,30,5,93,0,6,45,7,58,20,44,75,12,151,212,12,224,375
03/15/2000,AVP,PA,AEA,EN,Towers with Radar,20,36,29,5,90,0,6,51,0,57,20,42,80,5,147,134,0,134,281
03/16/2000,AVP,PA,AEA,EN,Towers with Radar,19,41,32,6,98,0,11,9,4,24,19,52,41,10,122,144,0,144,266
03/17/2000,AVP,PA,AEA,EN,Towers with Radar,16,39,31,5,91,0,2,20,4,26,16,41,51,9,117,94,0,94,211
03/18/2000,AVP,PA,AEA,EN,Towers with Radar,17,31,23,1,72,5,0,88,0,93,22,31,111,1,165,266,0,266,431
03/19/2000,AVP,PA,AEA,EN,Towers with Radar,16,26,22,0,64,1,0,65,0,66,17,26,87,0,130,196,0,196,326
03/20/2000,AVP,PA,AEA,EN,Towers with Radar,19,33,24,2,78,2,9,31,0,42,21,42,55,2,120,226,0,226,346
03/21/2000,AVP,PA,AEA,EN,Towers with Radar,20,40,30,0,90,0,0,5,0,5,20,40,35,0,95,22,0,22,117
03/22/2000,AVP,PA,AEA,EN,Towers with Radar,20,47,37,2,106,0,0,58,0,58,20,47,95,2,164,200,0,200,364
03/23/2000,AVP,PA,AEA,EN,Towers with Radar,18,35,31,2,86,0,0,82,0,82,18,35,113,2,168,210,0,210,378
03/24/2000,AVP,PA,AEA,EN,Towers with Radar,22,40,30,4,96,0,3,98,3,104,22,43,128,7,200,276,0,276,476
03/25/2000,AVP,PA,AEA,EN,Towers with Radar,14,27,20,0,61,8,0,33,0,41,22,27,53,0,102,138,0,138,240
03/26/2000,AVP,PA,AEA,EN,Towers with Radar,18,33,24,3,78,1,2,40,12,55,19,35,64,15,133,142,0,142,275
03/27/2000,AVP,PA,AEA,EN,Towers with Radar,18,32,23,2,75,0,10,13,0,23,18,42,36,2,98,66,0,66,164
03/28/2000,AVP,PA,AEA,EN,Towers with Radar,22,38,30,3,93,0,0,14,0,14,22,38,44,3,107,94,0,94,201
03/29/2000,AVP,PA,AEA,EN,Towers with Radar,21,41,33,2,97,0,0,18,0,18,21,41,51,2,115,44,0,44,159
03/30/2000,AVP,PA,AEA,EN,Towers with Radar,23,35,30,2,90,0,0,32,0,32,23,35,62,2,122,232,0,232,354
03/31/2000,AVP,PA,AEA,EN,Towers with Radar,25,43,32,5,105,0,0,71,8,79,25,43,103,13,184,300,16,316,500
04/01/2000,AVP,PA,AEA,EN,Towers with Radar,14,26,22,0,62,14,0,104,0,118,28,26,126,0,180,332,0,332,512
04/02/2000,AVP,PA,AEA,EN,Towers with Radar,17,32,29,2,80,3,0,49,0,52,20,32,78,2,132,134,2,136,268
04/03/2000,AVP,PA,AEA,EN,Towers with Radar,21,41,33,0,95,0,0,12,0,12,21,41,45,0,107,102,0,102,209
04/04/2000,AVP,PA,AEA,EN,Towers with Radar,21,44,30,0,95,0,0,0,0,0,21,44,30,0,95,18,0,18,113
04/05/2000,AVP,PA,AEA,EN,Towers with Radar,22,44,35,4,105,1,8,24,2,35,23,52,59,6,140,86,0,86,226
04/06/2000,AVP,PA,AEA,EN,Towers with Radar,26,49,39,0,114,3,6,28,0,37,29,55,67,0,151,94,0,94,245
04/07/2000,AVP,PA,AEA,EN,Towers with Radar,26,53,45,3,127,0,0,101,0,101,26,53,146,3,228,314,0,314,542
04/08/2000,AVP,PA,AEA,EN,Towers with Radar,13,26,22,0,61,11,10,22,0,43,24,36,44,0,104,34,0,34,138
04/09/2000,AVP,PA,AEA,EN,Towers with Radar,12,23,9,0,44,10,9,0,0,19,22,32,9,0,63,0,0,0,63
04/10/2000,AVP,PA,AEA,EN,Towers with Radar,20,38,31,0,89,2,6,25,0,33,22,44,56,0,122,96,0,96,218
04/11/2000,AVP,PA,AEA,EN,Towers with Radar,20,44,35,0,99,0,3,34,0,37,20,47,69,0,136,102,0,102,238
04/12/2000,AVP,PA,AEA,EN,Towers with Radar,22,42,34,0,98,1,8,38,0,47,23,50,72,0,145,114,0,114,259
04/13/2000,AVP,PA,AEA,EN,Towers with Radar,21,41,34,2,98,0,13,83,0,96,21,54,117,2,194,264,0,264,458
04/14/2000,AVP,PA,AEA,EN,Towers with Radar,22,43,35,4,104,1,7,99,15,122,23,50,134,19,226,290,0,290,516
04/15/2000,AVP,PA,AEA,EN,Towers with Radar,15,35,29,1,80,0,5,45,0,50,15,40,74,1,130,250,0,250,380
04/16/2000,AVP,PA,AEA,EN,Towers with Radar,16,29,31,2,78,0,0,39,10,49,16,29,70,12,127,174,10,184,311
04/17/2000,AVP,PA,AEA,EN,Towers with Radar,18,36,29,2,85,2,8,2,1,13,20,44,31,3,98,4,0,4,102
04/18/2000,AVP,PA,AEA,EN,Towers with Radar,15,46,39,0,100,0,0,13,0,13,15,46,52,0,113,66,0,66,179
04/19/2000,AVP,PA,AEA,EN,Towers with Radar,25,50,53,4,132,0,0,37,12,49,25,50,90,16,181,228,0,228,409
04/20/2000,AVP,PA,AEA,EN,Towers with Radar,16,45,43,3,107,0,0,34,5,39,16,45,77,8,146,180,4,184,330
04/21/2000,AVP,PA,AEA,EN,Towers with Radar,21,38,29,0,88,2,0,0,0,2,23,38,29,0,90,16,0,16,106
04/22/2000,AVP,PA,AEA,EN,Towers with Radar,15,29,23,0,67,3,3,14,0,20,18,32,37,0,87,22,0,22,109
04/23/2000,AVP,PA,AEA,EN,Towers with Radar,16,25,24,0,65,3,0,10,0,13,19,25,34,0,78,44,0,44,122
04/24/2000,AVP,PA,AEA,EN,Towers with Radar,20,38,31,2,91,0,0,82,20,102,20,38,113,22,193,240,0,240,433
04/25/2000,AVP,PA,AEA,EN,Towers with Radar,19,46,36,3,104,0,6,61,9,76,19,52,97,12,180,198,6,204,384
04/26/2000,AVP,PA,AEA,EN,Towers with Radar,25,44,38,3,110,0,0,50,0,50,25,44,88,3,160,232,16,248,408
04/27/2000,AVP,PA,AEA,EN,Towers with Radar,21,48,46,4,119,0,0,29,5,34,21,48,75,9,153,140,6,146,299
04/28/2000,AVP,PA,AEA,EN,Towers with Radar,19,51,40,3,113,0,6,47,0,53,19,57,87,3,166,264,0,264,430
04/29/2000,AVP,PA,AEA,EN,Towers with Radar,19,30,28,0,77,6,0,134,0,140,25,30,162,0,217,286,0,286,503
04/30/2000,AVP,PA,AEA,EN,Towers with Radar,12,24,18,1,55,5,5,42,1,53,17,29,60,2,108,140,0,140,248
05/01/2000,AVP,PA,AEA,EN,Towers with Radar,19,39,35,0,93,5,1,60,0,66,24,40,95,0,159,204,0,204,363
05/02/2000,AVP,PA,AEA,EN,Towers with Radar,15,38,34,0,87,0,4,17,0,21,15,42,51,0,108,142,0,142,250
05/03/2000,AVP,PA,AEA,EN,Towers with Radar,19,42,37,2,100,3,3,89,1,96,22,45,126,3,196,244,0,244,440
05/04/2000,AVP,PA,AEA,EN,Towers with Radar,21,44,39,1,105,1,2,86,0,89,22,46,125,1,194,206,0,206,400
05/05/2000,AVP,PA,AEA,EN,Towers with Radar,21,49,43,0,113,0,5,50,0,55,21,54,93,0,168,250,0,250,418
05/06/2000,AVP,PA,AEA,EN,Towers with Radar,17,28,31,0,76,1,0,77,0,78,18,28,108,0,154,334,0,334,488
05/07/2000,AVP,PA,AEA,EN,Towers with Radar,15,26,27,0,68,9,0,33,0,42,24,26,60,0,110,144,0,144,254
05/08/2000,AVP,PA,AEA,EN,Towers with Radar,19,36,32,1,88,3,10,54,0,67,22,46,86,1,155,176,0,176,331
05/09/2000,AVP,PA,AEA,EN,Towers with Radar,21,39,36,0,96,0,14,80,0,94,21,53,116,0,190,232,0,232,422
05/10/2000,AVP,PA,AEA,EN,Towers with Radar,16,28,36,0,80,0,0,6,0,6,16,28,42,0,86,26,0,26,112
05/11/2000,AVP,PA,AEA,EN,Towers with Radar,15,44,40,2,101,0,4,69,1,74,15,48,109,3,175,190,0,190,365
05/12/2000,AVP,PA,AEA,EN,Towers with Radar,21,49,45,1,116,0,2,15,0,17,21,51,60,1,133,90,0,90,223
05/13/2000,AVP,PA,AEA,EN,Towers with Radar,15,28,26,0,69,2,1,46,0,49,17,29,72,0,118,190,0,190,308
05/14/2000,AVP,PA,AEA,EN,Towers with Radar,12,22,21,0,55,9,0,54,0,63,21,22,75,0,118,272,0,272,390
05/15/2000,AVP,PA,AEA,EN,Towers with Radar,17,33,31,2,83,4,14,63,2,83,21,47,94,4,166,276,0,276,442
05/16/2000,AVP,PA,AEA,EN,Towers with Radar,20,38,35,0,93,3,4,68,0,75,23,42,103,0,168,248,14,262,430
05/17/2000,AVP,PA,AEA,EN,Towers with Radar,18,45,42,0,105,0,6,85,0,91,18,51,127,0,196,276,0,276,472
05/18/2000,AVP,PA,AEA,EN,Towers with Radar,19,48,45,2,114,0,3,31,0,34,19,51,76,2,148,62,0,62,210
05/19/2000,AVP,PA,AEA,EN,Towers with Radar,22,46,41,1,110,0,0,0,0,0,22,46,41,1,110,4,0,4,114
05/20/2000,AVP,PA,AEA,EN,Towers with Radar,19,28,34,2,83,5,0,7,2,14,24,28,41,4,97,54,0,54,151
05/21/2000,AVP,PA,AEA,EN,Towers with Radar,19,24,34,0,77,1,0,23,0,24,20,24,57,0,101,42,0,42,143
05/22/2000,AVP,PA,AEA,EN,Towers with Radar,20,40,38,0,98,0,0,4,0,4,20,40,42,0,102,0,0,0,102
05/23/2000,AVP,PA,AEA,EN,Towers with Radar,21,41,43,0,105,0,0,19,0,19,21,41,62,0,124,60,0,60,184
05/24/2000,AVP,PA,AEA,EN,Towers with Radar,18,36,41,1,96,0,0,38,3,41,18,36,79,4,137,116,0,116,253
05/25/2000,AVP,PA,AEA,EN,Towers with Radar,19,41,36,1,97,0,3,36,8,47,19,44,72,9,144,148,14,162,306
05/26/2000,AVP,PA,AEA,EN,Towers with Radar,21,45,40,1,107,0,6,64,3,73,21,51,104,4,180,266,0,266,446
05/27/2000,AVP,PA,AEA,EN,Towers with Radar,16,31,27,1,75,3,2,96,2,103,19,33,123,3,178,248,0,248,426
05/28/2000,AVP,PA,AEA,EN,Towers with Radar,12,21,19,0,52,4,0,48,0,52,16,21,67,0,104,86,0,86,190
05/29/2000,AVP,PA,AEA,EN,Towers with Radar,19,27,33,0,79,0,0,19,0,19,19,27,52,0,98,198,0,198,296
05/30/2000,AVP,PA,AEA,EN,Towers with Radar,20,38,34,1,93,0,3,57,13,73,20,41,91,14,166,330,0,330,496
05/31/2000,AVP,PA,AEA,EN,Towers with Radar,18,42,37,1,98,0,2,82,17,101,18,44,119,18,199,298,20,318,517
06/01/2000,AVP,PA,AEA,EN,Towers with Radar,17,47,56,4,124,0,4,48,0,52,17,51,104,4,176,310,0,310,486
06/02/2000,AVP,PA,AEA,EN,Towers with Radar,15,34,41,3,93,0,8,34,0,42,15,42,75,3,135,98,8,106,241
06/03/2000,AVP,PA,AEA,EN,Towers with Radar,15,26,33,3,77,7,4,55,1,67,22,30,88,4,144,118,4,122,266
06/04/2000,AVP,PA,AEA,EN,Towers with Radar,15,28,33,0,76,3,10,63,0,76,18,38,96,0,152,214,0,214,366
06/05/2000,AVP,PA,AEA,EN,Towers with Radar,17,37,45,0,99,0,8,10,0,18,17,45,55,0,117,8,0,8,125
06/06/2000,AVP,PA,AEA,EN,Towers with Radar,22,45,47,6,120,0,6,0,9,15,22,51,47,15,135,2,16,18,153
06/07/2000,AVP,PA,AEA,EN,Towers with Radar,19,41,50,5,115,0,2,49,0,51,19,43,99,5,166,238,34,272,438
06/08/2000,AVP,PA,AEA,EN,Towers with Radar,18,34,42,3,97,2,3,53,0,58,20,37,95,3,155,314,328,642,797
06/09/2000,AVP,PA,AEA,EN,Towers with Radar,25,52,64,7,148,0,9,105,75,189,25,61,169,82,337,278,387,665,1002
06/10/2000,AVP,PA,AEA,EN,Towers with Radar,12,19,26,2,59,6,0,7,0,13,18,19,33,2,72,372,0,372,444
06/11/2000,AVP,PA,AEA,EN,Towers with Radar,15,26,35,4,80,0,0,13,16,29,15,26,48,20,109,364,0,364,473
06/12/2000,AVP,PA,AEA,EN,Towers with Radar,17,38,51,6,112,0,0,28,19,47,17,38,79,25,159,112,18,130,289
06/13/2000,AVP,PA,AEA,EN,Towers with Radar,20,42,51,7,120,0,1,16,1,18,20,43,67,8,138,44,0,44,182
06/14/2000,AVP,PA,AEA,EN,Towers with Radar,22,47,61,5,135,0,0,20,0,20,22,47,81,5,155,110,0,110,265
06/15/2000,AVP,PA,AEA,EN,Towers with Radar,17,43,73,1,134,0,0,126,0,126,17,43,199,1,260,122,0,122,382
06/16/2000,AVP,PA,AEA,EN,Towers with Radar,19,42,52,0,113,0,6,47,0,53,19,48,99,0,166,270,0,270,436
06/17/2000,AVP,PA,AEA,EN,Towers with Radar,14,28,34,0,76,6,0,34,0,40,20,28,68,0,116,186,0,186,302
06/18/2000,AVP,PA,AEA,EN,Towers with Radar,20,31,48,0,99,2,0,28,0,30,22,31,76,0,129,0,0,0,129
06/19/2000,AVP,PA,AEA,EN,Towers with Radar,17,46,57,0,120,0,0,119,0,119,17,46,176,0,239,344,0,344,583
06/20/2000,AVP,PA,AEA,EN,Towers with Radar,18,37,43,0,98,2,6,105,0,113,20,43,148,0,211,376,0,376,587
06/21/2000,AVP,PA,AEA,EN,Towers with Radar,18,37,43,2,100,2,4,27,0,33,20,41,70,2,133,88,0,88,221
06/22/2000,AVP,PA,AEA,EN,Towers with Radar,22,43,55,5,125,0,0,23,0,23,22,43,78,5,148,122,0,122,270
06/23/2000,AVP,PA,AEA,EN,Towers with Radar,20,39,47,3,109,2,0,63,0,65,22,39,110,3,174,264,0,264,438
06/24/2000,AVP,PA,AEA,EN,Towers with Radar,12,24,28,0,64,12,0,83,0,95,24,24,111,0,159,274,0,274,433
06/25/2000,AVP,PA,AEA,EN,Towers with Radar,18,29,44,0,91,5,0,41,0,46,23,29,85,0,137,162,0,162,299
06/26/2000,AVP,PA,AEA,EN,Towers with Radar,22,36,52,2,112,0,0,17,0,17,22,36,69,2,129,60,0,60,189
06/27/2000,AVP,PA,AEA,EN,Towers with Radar,19,45,54,6,124,0,0,8,5,13,19,45,62,11,137,112,8,120,257
06/28/2000,AVP,PA,AEA,EN,Towers with Radar,21,37,50,6,114,5,0,69,15,89,26,37,119,21,203,194,34,228,431
06/29/2000,AVP,PA,AEA,EN,Towers with Radar,20,41,48,5,114,3,2,49,2,56,23,43,97,7,170,150,6,156,326
06/30/2000,AVP,PA,AEA,EN,Towers with Radar,22,44,52,0,118,1,12,94,0,107,23,56,146,0,225,334,0,334,559
07/01/2000,AVP,PA,AEA,EN,Towers with Radar,16,31,32,0,79,5,3,86,0,94,21,34,118,0,173,296,0,296,469
07/02/2000,AVP,PA,AEA,EN,Towers with Radar,12,21,23,0,56,10,0,70,0,80,22,21,93,0,136,222,0,222,358
07/03/2000,AVP,PA,AEA,EN,Towers with Radar,18,33,34,1,86,3,5,33,10,51,21,38,67,11,137,152,0,152,289
07/04/2000,AVP,PA,AEA,EN,Towers with Radar,17,32,32,0,81,1,0,23,0,24,18,32,55,0,105,136,0,136,241
07/05/2000,AVP,PA,AEA,EN,Towers with Radar,20,37,39,0,96,3,0,80,0,83,23,37,119,0,179,132,0,132,311
07/06/2000,AVP,PA,AEA,EN,Towers with Radar,17,37,38,0,92,0,7,106,0,113,17,44,144,0,205,346,0,346,551
07/07/2000,AVP,PA,AEA,EN,Towers with Radar,21,38,39,0,98,1,10,65,0,76,22,48,104,0,174,198,0,198,372
07/08/2000,AVP,PA,AEA,EN,Towers with Radar,12,21,22,0,55,7,6,85,10,108,19,27,107,10,163,240,0,240,403
07/09/2000,AVP,PA,AEA,EN,Towers with Radar,14,29,30,1,74,0,2,36,0,38,14,31,66,1,112,124,0,124,236
07/10/2000,AVP,PA,AEA,EN,Towers with Radar,15,38,39,0,92,0,6,28,0,34,15,44,67,0,126,88,0,88,214
07/11/2000,AVP,PA,AEA,EN,Towers with Radar,19,37,38,0,94,0,14,79,0,93,19,51,117,0,187,214,0,214,401
07/12/2000,AVP,PA,AEA,EN,Towers with Radar,18,35,36,2,91,5,7,81,5,98,23,42,117,7,189,188,0,188,377
07/13/2000,AVP,PA,AEA,EN,Towers with Radar,16,33,34,2,85,4,9,40,6,59,20,42,74,8,144,194,0,194,338
07/14/2000,AVP,PA,AEA,EN,Towers with Radar,14,42,43,2,101,0,0,17,6,23,14,42,60,8,124,88,0,88,212
07/15/2000,AVP,PA,AEA,EN,Towers with Radar,14,27,16,0,57,6,7,0,0,13,20,34,16,0,70,18,0,18,88
07/16/2000,AVP,PA,AEA,EN,Towers with Radar,18,30,35,2,85,4,0,4,6,14,22,30,39,8,99,40,0,40,139
07/17/2000,AVP,PA,AEA,EN,Towers with Radar,15,46,46,0,107,0,0,51,0,51,15,46,97,0,158,150,0,150,308
07/18/2000,AVP,PA,AEA,EN,Towers with Radar,19,40,39,0,98,1,4,65,0,70,20,44,104,0,168,210,0,210,378
07/19/2000,AVP,PA,AEA,EN,Towers with Radar,18,45,44,2,109,0,0,60,0,60,18,45,104,2,169,210,0,210,379
07/20/2000,AVP,PA,AEA,EN,Towers with Radar,20,42,48,2,112,0,0,117,6,123,20,42,165,8,235,190,0,190,425
07/21/2000,AVP,PA,AEA,EN,Towers with Radar,20,42,41,0,103,1,5,43,0,49,21,47,84,0,152,238,0,238,390
07/22/2000,AVP,PA,AEA,EN,Towers with Radar,13,35,41,0,89,0,0,73,0,73,13,35,114,0,162,236,0,236,398
07/23/2000,AVP,PA,AEA,EN,Towers with Radar,17,31,40,0,88,0,0,184,0,184,17,31,224,0,272,256,0,256,528
07/24/2000,AVP,PA,AEA,EN,Towers with Radar,18,37,36,1,92,1,12,52,2,67,19,49,88,3,159,268,0,268,427
07/25/2000,AVP,PA,AEA,EN,Towers with Radar,19,41,40,0,100,0,13,49,0,62,19,54,89,0,162,268,0,268,430
07/26/2000,AVP,PA,AEA,EN,Towers with Radar,22,46,55,0,123,0,0,11,0,11,22,46,66,0,134,110,0,110,244
07/27/2000,AVP,PA,AEA,EN,Towers with Radar,20,40,55,0,115,0,0,35,0,35,20,40,90,0,150,178,0,178,328
07/28/2000,AVP,PA,AEA,EN,Towers with Radar,20,36,44,0,100,0,0,44,0,44,20,36,88,0,144,144,0,144,288
07/29/2000,AVP,PA,AEA,EN,Towers with Radar,20,27,41,0,88,1,0,24,0,25,21,27,65,0,113,122,0,122,235
07/30/2000,AVP,PA,AEA,EN,Towers with Radar,14,27,26,0,67,2,0,0,0,2,16,27,26,0,69,10,0,10,79
07/31/2000,AVP,PA,AEA,EN,Towers with Radar,22,40,44,0,106,6,0,17,0,23,28,40,61,0,129,48,9,57,186
08/01/2000,AVP,PA,AEA,EN,Towers with Radar,21,40,42,0,103,2,0,12,0,14,23,40,54,0,117,166,0,166,283
08/02/2000,AVP,PA,AEA,EN,Towers with Radar,22,43,44,0,109,5,1,40,0,46,27,44,84,0,155,136,0,136,291
08/03/2000,AVP,PA,AEA,EN,Towers with Radar,18,39,40,0,97,0,6,2,0,8,18,45,42,0,105,94,0,94,199
08/04/2000,AVP,PA,AEA,EN,Towers with Radar,27,45,53,0,125,0,0,103,0,103,27,45,156,0,228,286,0,286,514
08/05/2000,AVP,PA,AEA,EN,Towers with Radar,14,26,28,2,70,7,0,110,3,120,21,26,138,5,190,346,0,346,536
08/06/2000,AVP,PA,AEA,EN,Towers with Radar,14,25,33,0,72,0,0,38,0,38,14,25,71,0,110,72,0,72,182
08/07/2000,AVP,PA,AEA,EN,Towers with Radar,17,36,38,0,91,0,4,37,0,41,17,40,75,0,132,138,0,138,270
08/08/2000,AVP,PA,AEA,EN,Towers with Radar,18,43,44,4,109,0,14,71,9,94,18,57,115,13,203,258,6,264,467
08/09/2000,AVP,PA,AEA,EN,Towers with Radar,17,42,43,4,106,0,8,36,15,59,17,50,79,19,165,160,0,160,325
08/10/2000,AVP,PA,AEA,EN,Towers with Radar,22,45,48,2,117,0,0,102,0,102,22,45,150,2,219,312,0,312,531
08/11/2000,AVP,PA,AEA,EN,Towers with Radar,22,49,50,1,122,0,3,51,0,54,22,52,101,1,176,192,0,192,368
08/12/2000,AVP,PA,AEA,EN,Towers with Radar,17,29,39,0,85,0,0,54,0,54,17,29,93,0,139,160,0,160,299
08/13/2000,AVP,PA,AEA,EN,Towers with Radar,16,27,37,4,84,0,0,60,0,60,16,27,97,4,144,242,0,242,386
08/14/2000,AVP,PA,AEA,EN,Towers with Radar,22,40,41,1,104,0,0,9,0,9,22,40,50,1,113,94,0,94,207
08/15/2000,AVP,PA,AEA,EN,Towers with Radar,23,42,44,5,114,0,0,80,12,92,23,42,124,17,206,340,20,360,566
08/16/2000,AVP,PA,AEA,EN,Towers with Radar,22,39,42,0,103,0,0,63,0,63,22,39,105,0,166,362,0,362,528
08/17/2000,AVP,PA,AEA,EN,Towers with Radar,15,47,46,5,113,0,3,87,11,101,15,50,133,16,214,342,4,346,560
08/18/2000,AVP,PA,AEA,EN,Towers with Radar,16,42,42,0,100,0,0,46,0,46,16,42,88,0,146,216,0,216,362
08/19/2000,AVP,PA,AEA,EN,Towers with Radar,15,26,31,0,72,10,0,75,0,85,25,26,106,0,157,268,0,268,425
08/20/2000,AVP,PA,AEA,EN,Towers with Radar,17,34,34,0,85,1,0,95,0,96,18,34,129,0,181,310,0,310,491
08/21/2000,AVP,PA,AEA,EN,Towers with Radar,17,35,34,1,87,6,12,120,0,138,23,47,154,1,225,352,0,352,577
08/22/2000,AVP,PA,AEA,EN,Towers with Radar,18,38,37,4,97,1,6,87,2,96,19,44,124,6,193,328,0,328,521
08/23/2000,AVP,PA,AEA,EN,Towers with Radar,21,41,40,0,102,3,7,13,0,23,24,48,53,0,125,44,0,44,169
08/24/2000,AVP,PA,AEA,EN,Towers with Radar,19,45,55,5,124,0,0,74,8,82,19,45,129,13,206,268,14,282,488
08/25/2000,AVP,PA,AEA,EN,Towers with Radar,18,36,35,3,92,2,6,92,4,104,20,42,127,7,196,268,40,308,504
08/26/2000,AVP,PA,AEA,EN,Towers with Radar,13,27,26,2,68,7,2,100,5,114,20,29,126,7,182,312,0,312,494
08/27/2000,AVP,PA,AEA,EN,Towers with Radar,17,27,32,0,76,6,0,32,0,38,23,27,64,0,114,172,0,172,286
08/28/2000,AVP,PA,AEA,EN,Towers with Radar,21,45,48,4,118,0,0,10,8,18,21,45,58,12,136,152,6,158,294
08/29/2000,AVP,PA,AEA,EN,Towers with Radar,20,43,43,3,109,0,15,11,1,27,20,58,54,4,136,230,0,230,366
08/30/2000,AVP,PA,AEA,EN,Towers with Radar,23,47,47,4,121,2,8,39,1,50,25,55,86,5,171,248,0,248,419
08/31/2000,AVP,PA,AEA,EN,Towers with Radar,23,46,47,4,120,0,2,42,1,45,23,48,89,5,165,258,16,274,439
09/01/2000,AVP,PA,AEA,EN,Towers with Radar,20,42,36,4,102,0,1,0,4,5,20,43,36,8,107,134,20,154,261
09/02/2000,AVP,PA,AEA,EN,Towers with Radar,13,28,25,0,66,7,4,27,0,38,20,32,52,0,104,244,0,244,348
09/03/2000,AVP,PA,AEA,EN,Towers with Radar,11,25,23,2,61,7,0,15,0,22,18,25,38,2,83,98,0,98,181
09/04/2000,AVP,PA,AEA,EN,Towers with Radar,17,25,36,2,80,3,0,13,0,16,20,25,49,2,96,132,0,132,228
09/05/2000,AVP,PA,AEA,EN,Towers with Radar,18,36,35,4,93,6,10,57,0,73,24,46,92,4,166,292,0,292,458
09/06/2000,AVP,PA,AEA,EN,Towers with Radar,18,34,33,3,88,4,12,74,5,95,22,46,107,8,183,324,2,326,509
09/07/2000,AVP,PA,AEA,EN,Towers with Radar,20,42,40,4,106,0,5,82,2,89,20,47,122,6,195,338,0,338,533
09/08/2000,AVP,PA,AEA,EN,Towers with Radar,17,40,39,0,96,0,2,85,0,87,17,42,124,0,183,334,0,334,517
09/09/2000,AVP,PA,AEA,EN,Towers with Radar,16,30,32,1,79,0,0,55,0,55,16,30,87,1,134,300,0,300,434
09/10/2000,AVP,PA,AEA,EN,Towers with Radar,15,32,37,4,88,0,0,48,1,49,15,32,85,5,137,200,0,200,337
09/11/2000,AVP,PA,AEA,EN,Towers with Radar,23,45,43,0,111,1,2,6,0,9,24,47,49,0,120,176,0,176,296
09/12/2000,AVP,PA,AEA,EN,Towers with Radar,20,39,38,0,97,3,9,4,0,16,23,48,42,0,113,50,0,50,163
09/13/2000,AVP,PA,AEA,EN,Towers with Radar,21,40,40,4,105,2,0,86,3,91,23,40,126,7,196,322,6,328,524
09/14/2000,AVP,PA,AEA,EN,Towers with Radar,21,44,43,0,108,0,0,67,0,67,21,44,110,0,175,266,2,268,443
09/15/2000,AVP,PA,AEA,EN,Towers with Radar,20,42,41,2,105,0,7,39,0,46,20,49,80,2,151,246,0,246,397
09/16/2000,AVP,PA,AEA,EN,Towers with Radar,17,28,32,0,77,2,0,62,0,64,19,28,94,0,141,270,0,270,411
09/17/2000,AVP,PA,AEA,EN,Towers with Radar,17,34,33,0,84,2,4,74,0,80,19,38,107,0,164,316,0,316,480
09/18/2000,AVP,PA,AEA,EN,Towers with Radar,20,40,39,0,99,4,11,65,0,80,24,51,104,0,179,306,0,306,485
09/19/2000,AVP,PA,AEA,EN,Towers with Radar,25,38,48,4,115,2,0,28,3,33,27,38,76,7,148,104,0,104,252
09/20/2000,AVP,PA,AEA,EN,Towers with Radar,22,47,45,4,118,0,0,139,12,151,22,47,184,16,269,306,0,306,575
09/21/2000,AVP,PA,AEA,EN,Towers with Radar,20,52,48,0,120,0,1,32,0,33,20,53,80,0,153,190,0,190,343
09/22/2000,AVP,PA,AEA,EN,Towers with Radar,17,46,43,0,106,0,5,71,0,76,17,51,114,0,182,345,0,345,527
09/23/2000,AVP,PA,AEA,EN,Towers with Radar,18,21,33,0,72,11,0,0,0,11,29,21,33,0,83,30,0,30,113
09/24/2000,AVP,PA,AEA,EN,Towers with Radar,13,41,43,0,97,0,0,59,0,59,13,41,102,0,156,110,0,110,266
09/25/2000,AVP,PA,AEA,EN,Towers with Radar,13,47,44,4,108,0,0,75,21,96,13,47,119,25,204,268,0,268,472
09/26/2000,AVP,PA,AEA,EN,Towers with Radar,17,46,43,0,106,0,1,9,0,10,17,47,52,0,116,110,0,110,226
09/27/2000,AVP,PA,AEA,EN,Towers with Radar,21,43,39,0,103,2,11,63,0,76,23,54,102,0,179,262,12,274,453
09/28/2000,AVP,PA,AEA,EN,Towers with Radar,23,46,46,4,119,0,0,62,2,64,23,46,108,6,183,272,0,272,455
09/29/2000,AVP,PA,AEA,EN,Towers with Radar,18,44,41,3,106,0,11,69,28,108,18,55,110,31,214,293,40,333,547
09/30/2000,AVP,PA,AEA,EN,Towers with Radar,13,25,25,0,63,4,0,101,0,105,17,25,126,0,168,386,0,386,554
10/01/2000,AVP,PA,AEA,EN,Towers with Radar,18,36,36,0,90,10,0,63,0,73,28,36,99,0,163,246,0,246,409
10/02/2000,AVP,PA,AEA,EN,Towers with Radar,19,44,40,0,103,2,3,57,0,62,21,47,97,0,165,286,0,286,451
10/03/2000,AVP,PA,AEA,EN,Towers with Radar,19,45,41,1,106,3,0,52,0,55,22,45,93,1,161,264,0,264,425
10/04/2000,AVP,PA,AEA,EN,Towers with Radar,22,55,57,2,136,0,0,34,0,34,22,55,91,2,170,256,0,256,426
10/05/2000,AVP,PA,AEA,EN,Towers with Radar,23,48,54,4,129,0,0,0,3,3,23,48,54,7,132,30,0,30,162
10/06/2000,AVP,PA,AEA,EN,Towers with Radar,22,44,51,0,117,0,0,0,0,0,22,44,51,0,117,96,0,96,213
10/07/2000,AVP,PA,AEA,EN,Towers with Radar,18,34,35,0,87,4,0,50,0,54,22,34,85,0,141,150,0,150,291
10/08/2000,AVP,PA,AEA,EN,Towers with Radar,12,23,26,0,61,8,0,33,0,41,20,23,59,0,102,120,0,120,222
10/09/2000,AVP,PA,AEA,EN,Towers with Radar,19,44,42,3,108,0,9,30,3,42,19,53,72,6,150,80,0,80,230
10/10/2000,AVP,PA,AEA,EN,Towers with Radar,23,53,50,0,126,0,11,50,0,61,23,64,100,0,187,144,0,144,331
10/11/2000,AVP,PA,AEA,EN,Towers with Radar,19,42,39,3,103,2,13,55,1,71,21,55,94,4,174,203,0,203,377
10/12/2000,AVP,PA,AEA,EN,Towers with Radar,18,40,38,2,98,4,15,70,3,92,22,55,108,5,190,376,0,376,566
10/13/2000,AVP,PA,AEA,EN,Towers with Radar,18,44,42,3,107,0,2,84,8,94,18,46,126,11,201,350,0,350,551
10/14/2000,AVP,PA,AEA,EN,Towers with Radar,15,31,30,2,78,3,1,81,0,85,18,32,111,2,163,290,0,290,453
10/15/2000,AVP,PA,AEA,EN,Towers with Radar,17,25,37,0,79,2,0,77,0,79,19,25,114,0,158,316,0,316,474
10/16/2000,AVP,PA,AEA,EN,Towers with Radar,20,44,42,2,108,0,1,10,4,15,20,45,52,6,123,130,16,146,269
10/17/2000,AVP,PA,AEA,EN,Towers with Radar,16,49,49,1,115,0,0,36,0,36,16,49,85,1,151,56,0,56,207
10/18/2000,AVP,PA,AEA,EN,Towers with Radar,21,47,44,0,112,0,5,1,0,6,21,52,45,0,118,74,0,74,192
10/19/2000,AVP,PA,AEA,EN,Towers with Radar,18,46,43,2,109,0,8,59,2,69,18,54,102,4,178,304,0,304,482
10/20/2000,AVP,PA,AEA,EN,Towers with Radar,21,43,44,0,108,2,0,111,0,113,23,43,155,0,221,388,0,388,609
10/21/2000,AVP,PA,AEA,EN,Towers with Radar,16,34,33,0,83,2,0,87,0,89,18,34,120,0,172,320,0,320,492
10/22/2000,AVP,PA,AEA,EN,Towers with Radar,14,33,32,0,79,0,0,83,0,83,14,33,115,0,162,290,0,290,452
10/23/2000,AVP,PA,AEA,EN,Towers with Radar,15,36,32,1,84,3,12,42,3,60,18,48,74,4,144,257,4,261,405
10/24/2000,AVP,PA,AEA,EN,Towers with Radar,20,43,44,2,109,0,0,61,10,71,20,43,105,12,180,284,0,284,464
10/25/2000,AVP,PA,AEA,EN,Towers with Radar,20,43,55,2,120,0,0,83,8,91,20,43,138,10,211,250,0,250,461
10/26/2000,AVP,PA,AEA,EN,Towers with Radar,21,40,49,0,110,0,0,92,0,92,21,40,141,0,202,392,0,392,594
10/27/2000,AVP,PA,AEA,EN,Towers with Radar,21,53,48,2,124,0,2,53,7,62,21,55,101,9,186,288,0,288,474
10/28/2000,AVP,PA,AEA,EN,Towers with Radar,12,28,25,1,66,8,10,3,2,23,20,38,28,3,89,162,0,162,251
10/29/2000,AVP,PA,AEA,EN,Towers with Radar,12,28,23,0,63,1,15,0,0,16,13,43,23,0,79,118,0,118,197
10/30/2000,AVP,PA,AEA,EN,Towers with Radar,17,40,36,0,93,0,17,38,0,55,17,57,74,0,148,264,0,264,412
10/31/2000,AVP,PA,AEA,EN,Towers with Radar,24,51,46,2,123,0,1,64,1,66,24,52,110,3,189,228,0,228,417
11/01/2000,AVP,PA,AEA,EN,Towers with Radar,17,32,31,1,81,4,5,81,0,90,21,37,112,1,171,306,0,306,477
11/02/2000,AVP,PA,AEA,EN,Towers with Radar,21,40,40,2,103,4,3,92,0,99,25,43,132,2,202,468,0,468,670
11/03/2000,AVP,PA,AEA,EN,Towers with Radar,19,33,37,4,93,3,0,54,10,67,22,33,91,14,160,370,2,372,532
11/04/2000,AVP,PA,AEA,EN,Towers with Radar,14,30,30,3,77,0,2,76,1,79,14,32,106,4,156,256,4,260,416
11/05/2000,AVP,PA,AEA,EN,Towers with Radar,15,30,31,3,79,0,2,35,3,40,15,32,66,6,119,118,12,130,249
11/06/2000,AVP,PA,AEA,EN,Towers with Radar,16,30,30,3,79,6,7,61,2,76,22,37,91,5,155,254,0,254,409
11/07/2000,AVP,PA,AEA,EN,Towers with Radar,19,42,41,4,106,0,11,95,2,108,19,53,136,6,214,425,0,425,639
11/08/2000,AVP,PA,AEA,EN,Towers with Radar,18,43,43,4,108,0,1,62,13,76,18,44,105,17,184,328,20,348,532
11/09/2000,AVP,PA,AEA,EN,Towers with Radar,25,50,58,0,133,0,0,23,0,23,25,50,81,0,156,200,0,200,356
11/10/2000,AVP,PA,AEA,EN,Towers with Radar,21,36,26,0,83,0,0,0,0,0,21,36,26,0,83,2,0,2,85
11/11/2000,AVP,PA,AEA,EN,Towers with Radar,17,27,28,0,72,0,0,0,0,0,17,27,28,0,72,58,0,58,130
11/12/2000,AVP,PA,AEA,EN,Towers with Radar,14,30,35,0,79,0,0,16,0,16,14,30,51,0,95,100,0,100,195
11/13/2000,AVP,PA,AEA,EN,Towers with Radar,20,33,36,0,89,3,0,10,0,13,23,33,46,0,102,82,0,82,184
11/14/2000,AVP,PA,AEA,EN,Towers with Radar,18,35,37,0,90,0,13,8,0,21,18,48,45,0,111,54,0,54,165
11/15/2000,AVP,PA,AEA,EN,Towers with Radar,29,46,53,5,133,0,0,57,20,77,29,46,110,25,210,226,2,228,438
11/16/2000,AVP,PA,AEA,EN,Towers with Radar,24,40,48,4,116,0,0,79,7,86,24,40,127,11,202,264,0,264,466
11/17/2000,AVP,PA,AEA,EN,Towers with Radar,22,36,40,1,99,4,0,37,0,41,26,36,77,1,140,310,0,310,450
11/18/2000,AVP,PA,AEA,EN,Towers with Radar,14,24,26,2,66,6,7,22,2,37,20,31,48,4,103,222,0,222,325
11/19/2000,AVP,PA,AEA,EN,Towers with Radar,13,32,33,0,78,0,6,85,0,91,13,38,118,0,169,262,0,262,431
11/20/2000,AVP,PA,AEA,EN,Towers with Radar,11,28,27,2,68,0,5,0,6,11,11,33,27,8,79,126,0,126,205
11/21/2000,AVP,PA,AEA,EN,Towers with Radar,17,44,45,4,110,0,8,17,8,33,17,52,62,12,143,198,8,206,349
11/22/2000,AVP,PA,AEA,EN,Towers with Radar,26,35,46,0,107,2,0,22,0,24,28,35,68,0,131,272,0,272,403
11/23/2000,AVP,PA,AEA,EN,Towers with Radar,15,24,26,0,65,4,4,34,0,42,19,28,60,0,107,70,0,70,177
11/24/2000,AVP,PA,AEA,EN,Towers with Radar,14,19,25,0,58,9,0,69,0,78,23,19,94,0,136,349,0,349,485
11/25/2000,AVP,PA,AEA,EN,Towers with Radar,16,29,28,0,73,5,2,111,0,118,21,31,139,0,191,340,0,340,531
11/26/2000,AVP,PA,AEA,EN,Towers with Radar,19,25,24,0,68,1,0,0,0,1,20,25,24,0,69,10,0,10,79
11/27/2000,AVP,PA,AEA,EN,Towers with Radar,17,33,36,0,86,0,0,18,0,18,17,33,54,0,104,191,0,191,295
11/28/2000,AVP,PA,AEA,EN,Towers with Radar,18,38,40,0,96,0,0,61,0,61,18,38,101,0,157,244,0,244,401
11/29/2000,AVP,PA,AEA,EN,Towers with Radar,23,39,48,4,114,0,0,54,8,62,23,39,102,12,176,346,0,346,522
11/30/2000,AVP,PA,AEA,EN,Towers with Radar,25,43,43,0,111,9,0,25,0,34,34,43,68,0,145,94,0,94,239
12/01/2000,AVP,PA,AEA,EN,Towers with Radar,27,37,39,3,106,0,0,30,3,33,27,37,69,6,139,158,6,164,303
12/02/2000,AVP,PA,AEA,EN,Towers with Radar,18,24,25,2,69,1,0,73,17,91,19,24,98,19,160,334,8,342,502
12/03/2000,AVP,PA,AEA,EN,Towers with Radar,16,23,24,0,63,3,0,130,0,133,19,23,154,0,196,402,0,402,598
12/04/2000,AVP,PA,AEA,EN,Towers with Radar,20,24,29,0,73,6,0,86,0,92,26,24,115,0,165,314,0,314,479
12/05/2000,AVP,PA,AEA,EN,Towers with Radar,20,23,29,3,75,3,0,11,6,20,23,23,40,9,95,166,0,166,261
12/06/2000,AVP,PA,AEA,EN,Towers with Radar,22,30,30,0,82,0,5,50,0,55,22,35,80,0,137,218,8,226,363
12/07/2000,AVP,PA,AEA,EN,Towers with Radar,27,34,41,0,102,0,0,51,0,51,27,34,92,0,153,295,0,295,448
12/08/2000,AVP,PA,AEA,EN,Towers with Radar,25,28,35,2,90,3,0,14,0,17,28,28,49,2,107,114,0,114,221
12/09/2000,AVP,PA,AEA,EN,Towers with Radar,15,21,22,0,58,4,1,58,0,63,19,22,80,0,121,308,0,308,429
12/10/2000,AVP,PA,AEA,EN,Towers with Radar,18,24,25,0,67,3,7,36,0,46,21,31,61,0,113,170,0,170,283
12/11/2000,AVP,PA,AEA,EN,Towers with Radar,15,25,27,0,67,0,0,15,0,15,15,25,42,0,82,254,0,254,336
12/12/2000,AVP,PA,AEA,EN,Towers with Radar,16,36,37,0,89,0,5,3,0,8,16,41,40,0,97,36,0,36,133
12/13/2000,AVP,PA,AEA,EN,Towers with Radar,17,23,31,3,74,0,0,70,7,77,17,23,101,10,151,218,0,218,369
12/14/2000,AVP,PA,AEA,EN,Towers with Radar,18,26,38,0,82,0,0,0,0,0,18,26,38,0,82,108,0,108,190
12/15/2000,AVP,PA,AEA,EN,Towers with Radar,20,32,31,0,83,0,6,69,0,75,20,38,100,0,158,372,0,372,530
12/16/2000,AVP,PA,AEA,EN,Towers with Radar,14,19,7,0,40,9,19,0,0,28,23,38,7,0,68,8,0,8,76
12/17/2000,AVP,PA,AEA,EN,Towers with Radar,17,24,7,0,48,4,2,0,0,6,21,26,7,0,54,22,0,22,76
12/18/2000,AVP,PA,AEA,EN,Towers with Radar,25,37,35,0,97,0,13,38,0,51,25,50,73,0,148,352,0,352,500
12/19/2000,AVP,PA,AEA,EN,Towers with Radar,24,28,36,0,88,0,0,19,0,19,24,28,55,0,107,34,0,34,141
12/20/2000,AVP,PA,AEA,EN,Towers with Radar,22,28,29,0,79,0,0,33,0,33,22,28,62,0,112,108,0,108,220
12/21/2000,AVP,PA,AEA,EN,Towers with Radar,18,37,35,2,92,0,4,40,28,72,18,41,75,30,164,260,56,316,480
12/22/2000,AVP,PA,AEA,EN,Towers with Radar,20,28,26,0,74,4,2,8,0,14,24,30,34,0,88,112,0,112,200
12/23/2000,AVP,PA,AEA,EN,Towers with Radar,20,22,28,0,70,0,0,42,0,42,20,22,70,0,112,180,0,180,292
12/24/2000,AVP,PA,AEA,EN,Towers with Radar,14,21,20,0,55,3,13,22,0,38,17,34,42,0,93,154,4,158,251
12/25/2000,AVP,PA,AEA,EN,Towers with Radar,17,25,13,0,55,4,0,0,0,4,21,25,13,0,59,114,0,114,173
12/26/2000,AVP,PA,AEA,EN,Towers with Radar,22,34,33,0,89,0,0,66,0,66,22,34,99,0,155,280,0,280,435
12/27/2000,AVP,PA,AEA,EN,Towers with Radar,22,30,30,2,84,0,0,48,8,56,22,30,78,10,140,186,14,200,340
12/28/2000,AVP,PA,AEA,EN,Towers with Radar,23,37,35,1,96,0,0,6,0,6,23,37,41,1,102,260,0,260,362
12/29/2000,AVP,PA,AEA,EN,Towers with Radar,19,32,30,0,81,0,3,55,0,58,19,35,85,0,139,208,0,208,347
12/30/2000,AVP,PA,AEA,EN,Towers with Radar,4,7,4,0,15,7,4,0,0,11,11,11,4,0,26,0,0,0,26
12/31/2000,AVP,PA,AEA,EN,Towers with Radar,13,19,18,0,50,0,5,9,0,14,13,24,27,0,64,22,0,22,86
01/01/2001,AVP,PA,AEA,EN,Towers with Radar,15,24,22,0,61,11,1,24,0,36,26,25,46,0,97,134,0,134,231
01/02/2001,AVP,PA,AEA,EN,Towers with Radar,16,27,25,1,69,2,5,27,3,37,18,32,52,4,106,104,0,104,210
01/03/2001,AVP,PA,AEA,EN,Towers with Radar,19,28,27,1,75,6,2,38,7,53,25,30,65,8,128,200,0,200,328
01/04/2001,AVP,PA,AEA,EN,Towers with Radar,16,31,34,1,82,0,0,34,1,35,16,31,68,2,117,264,0,264,381
01/05/2001,AVP,PA,AEA,EN,Towers with Radar,16,27,22,0,65,0,2,0,0,2,16,29,22,0,67,6,0,6,73
01/06/2001,AVP,PA,AEA,EN,Towers with Radar,19,25,27,0,71,2,0,48,0,50,21,25,75,0,121,121,0,121,242
01/07/2001,AVP,PA,AEA,EN,Towers with Radar,12,23,23,0,58,0,13,58,0,71,12,36,81,0,129,236,0,236,365
01/08/2001,AVP,PA,AEA,EN,Towers with Radar,30,50,49,2,131,0,17,7,4,28,30,67,56,6,159,122,2,124,283
01/09/2001,AVP,PA,AEA,EN,Towers with Radar,24,40,40,0,104,0,7,39,0,46,24,47,79,0,150,262,0,262,412
01/10/2001,AVP,PA,AEA,EN,Towers with Radar,24,37,36,0,97,0,2,22,0,24,24,39,58,0,121,118,0,118,239
01/11/2001,AVP,PA,AEA,EN,Towers with Radar,22,36,36,0,94,0,5,48,0,53,22,41,84,0,147,318,0,318,465
01/12/2001,AVP,PA,AEA,EN,Towers with Radar,19,36,39,0,94,0,0,81,0,81,19,36,120,0,175,328,0,328,503
01/13/2001,AVP,PA,AEA,EN,Towers with Radar,20,27,30,1,78,0,0,133,0,133,20,27,163,1,211,320,6,326,537
01/14/2001,AVP,PA,AEA,EN,Towers with Radar,20,34,34,1,89,0,3,70,1,74,20,37,104,2,163,274,0,274,437
01/15/2001,AVP,PA,AEA,EN,Towers with Radar,20,30,23,0,73,4,6,0,0,10,24,36,23,0,83,108,0,108,191
01/16/2001,AVP,PA,AEA,EN,Towers with Radar,23,33,33,1,90,5,2,22,1,30,28,35,55,2,120,220,0,220,340
01/17/2001,AVP,PA,AEA,EN,Towers with Radar,21,30,32,0,83,0,0,41,0,41,21,30,73,0,124,296,0,296,420
01/18/2001,AVP,PA,AEA,EN,Towers with Radar,29,33,43,1,106,2,0,17,0,19,31,33,60,1,125,204,0,204,329
01/19/2001,AVP,PA,AEA,EN,Towers with Radar,22,32,17,0,71,1,3,0,0,4,23,35,17,0,75,0,0,0,75
01/20/2001,AVP,PA,AEA,EN,Towers with Radar,17,24,14,0,55,6,0,0,0,6,23,24,14,0,61,56,0,56,117
01/21/2001,AVP,PA,AEA,EN,Towers with Radar,19,27,27,1,74,1,0,41,2,44,20,27,68,3,118,242,0,242,360
01/22/2001,AVP,PA,AEA,EN,Towers with Radar,23,28,34,0,85,0,0,84,0,84,23,28,118,0,169,336,0,336,505
01/23/2001,AVP,PA,AEA,EN,Towers with Radar,27,35,39,0,101,4,0,75,2,81,31,35,114,2,182,356,0,356,538
01/24/2001,AVP,PA,AEA,EN,Towers with Radar,22,26,33,0,81,1,0,44,13,58,23,26,77,13,139,168,4,172,311
01/25/2001,AVP,PA,AEA,EN,Towers with Radar,21,37,39,1,98,0,0,59,0,59,21,37,98,1,157,122,0,122,279
01/26/2001,AVP,PA,AEA,EN,Towers with Radar,20,34,33,0,87,0,0,86,3,89,20,34,119,3,176,218,0,218,394
01/27/2001,AVP,PA,AEA,EN,Towers with Radar,13,18,5,0,36,7,3,0,3,13,20,21,5,3,49,0,0,0,49
01/28/2001,AVP,PA,AEA,EN,Towers with Radar,18,26,26,0,70,1,0,85,0,86,19,26,111,0,156,314,0,314,470
01/29/2001,AVP,PA,AEA,EN,Towers with Radar,22,33,34,0,89,0,0,59,10,69,22,33,93,10,158,326,8,334,492
01/30/2001,AVP,PA,AEA,EN,Towers with Radar,18,31,27,0,76,0,6,0,0,6,18,37,27,0,82,104,0,104,186
01/31/2001,AVP,PA,AEA,EN,Towers with Radar,21,27,33,0,81,0,0,9,0,9,21,27,42,0,90,212,0,212,302
02/01/2001,AVP,PA,AEA,EN,Towers with Radar,20,31,33,2,86,4,12,33,0,49,24,43,66,2,135,252,0,252,387
02/02/2001,AVP,PA,AEA,EN,Towers with Radar,19,28,35,0,82,0,0,5,0,5,19,28,40,0,87,108,0,108,195
02/03/2001,AVP,PA,AEA,EN,Towers with Radar,15,21,26,2,64,6,0,72,8,86,21,21,98,10,150,228,0,228,378
02/04/2001,AVP,PA,AEA,EN,Towers with Radar,17,22,26,0,65,0,0,53,0,53,17,22,79,0,118,300,0,300,418
02/05/2001,AVP,PA,AEA,EN,Towers with Radar,15,18,11,0,44,3,0,0,0,3,18,18,11,0,47,4,0,4,51
02/06/2001,AVP,PA,AEA,EN,Towers with Radar,21,29,33,1,84,2,1,49,0,52,23,30,82,1,136,204,0,204,340
02/07/2001,AVP,PA,AEA,EN,Towers with Radar,22,31,39,3,95,0,0,73,5,78,22,31,112,8,173,322,8,330,503
02/08/2001,AVP,PA,AEA,EN,Towers with Radar,21,44,50,2,117,0,2,89,0,91,21,46,139,2,208,358,0,358,566
02/09/2001,AVP,PA,AEA,EN,Towers with Radar,22,32,51,4,109,0,0,61,23,84,22,32,112,27,193,388,50,438,631
02/10/2001,AVP,PA,AEA,EN,Towers with Radar,12,17,17,0,46,7,8,0,0,15,19,25,17,0,61,28,0,28,89
02/11/2001,AVP,PA,AEA,EN,Towers with Radar,19,25,29,2,75,5,17,55,3,80,24,42,84,5,155,306,0,306,461
02/12/2001,AVP,PA,AEA,EN,Towers with Radar,21,28,32,0,81,3,5,59,0,67,24,33,91,0,148,416,0,416,564
02/13/2001,AVP,PA,AEA,EN,Towers with Radar,20,35,40,2,97,0,9,121,0,130,20,44,161,2,227,448,0,448,675
02/14/2001,AVP,PA,AEA,EN,Towers with Radar,18,24,28,2,72,5,4,6,1,16,23,28,34,3,88,68,0,68,156
02/15/2001,AVP,PA,AEA,EN,Towers with Radar,22,29,43,2,96,0,0,50,8,58,22,29,93,10,154,343,0,343,497
02/16/2001,AVP,PA,AEA,EN,Towers with Radar,20,30,29,0,79,0,0,0,0,0,20,30,29,0,79,92,0,92,171
02/17/2001,AVP,PA,AEA,EN,Towers with Radar,13,23,22,1,59,0,14,0,1,15,13,37,22,2,74,28,0,28,102
02/18/2001,AVP,PA,AEA,EN,Towers with Radar,15,21,24,0,60,7,0,91,0,98,22,21,115,0,158,290,0,290,448
02/19/2001,AVP,PA,AEA,EN,Towers with Radar,20,30,32,0,82,2,1,112,0,115,22,31,144,0,197,348,0,348,545
02/20/2001,AVP,PA,AEA,EN,Towers with Radar,16,31,33,0,80,0,4,96,0,100,16,35,129,0,180,360,0,360,540
02/21/2001,AVP,PA,AEA,EN,Towers with Radar,16,22,23,0,61,0,7,1,0,8,16,29,24,0,69,92,0,92,161
02/22/2001,AVP,PA,AEA,EN,Towers with Radar,18,19,31,1,69,0,0,46,1,47,18,19,77,2,116,176,0,176,292
02/23/2001,AVP,PA,AEA,EN,Towers with Radar,22,30,42,2,96,0,0,38,1,39,22,30,80,3,135,116,0,116,251
02/24/2001,AVP,PA,AEA,EN,Towers with Radar,18,23,29,1,71,0,0,90,1,91,18,23,119,2,162,324,0,324,486
02/25/2001,AVP,PA,AEA,EN,Towers with Radar,14,20,16,0,50,14,2,0,0,16,28,22,16,0,66,0,0,0,66
02/26/2001,AVP,PA,AEA,EN,Towers with Radar,19,28,32,0,79,0,0,24,0,24,19,28,56,0,103,100,0,100,203
02/27/2001,AVP,PA,AEA,EN,Towers with Radar,19,30,34,0,83,0,0,61,0,61,19,30,95,0,144,264,0,264,408
02/28/2001,AVP,PA,AEA,EN,Towers with Radar,19,28,30,1,78,3,1,41,5,50,22,29,71,6,128,126,0,126,254
03/01/2001,AVP,PA,AEA,EN,Towers with Radar,23,25,34,0,82,0,0,34,0,34,23,25,68,0,116,172,0,172,288
03/02/2001,AVP,PA,AEA,EN,Towers with Radar,19,26,27,2,74,2,2,2,8,14,21,28,29,10,88,68,14,82,170
03/03/2001,AVP,PA,AEA,EN,Towers with Radar,17,20,24,1,62,13,0,16,4,33,30,20,40,5,95,102,0,102,197
03/04/2001,AVP,PA,AEA,EN,Towers with Radar,10,13,10,0,33,1,4,0,0,5,11,17,10,0,38,0,0,0,38
03/05/2001,AVP,PA,AEA,EN,Towers with Radar,5,16,16,0,37,0,1,0,0,1,5,17,16,0,38,0,0,0,38
03/06/2001,AVP,PA,AEA,EN,Towers with Radar,7,10,2,1,20,7,12,0,1,20,14,22,2,2,40,0,0,0,40
03/07/2001,AVP,PA,AEA,EN,Towers with Radar,23,30,31,2,86,1,9,76,1,87,24,39,107,3,173,204,0,204,377
03/08/2001,AVP,PA,AEA,EN,Towers with Radar,25,31,37,2,95,0,0,33,0,33,25,31,70,2,128,266,0,266,394
03/09/2001,AVP,PA,AEA,EN,Towers with Radar,23,24,22,0,69,3,0,0,0,3,26,24,22,0,72,84,0,84,156
03/10/2001,AVP,PA,AEA,EN,Towers with Radar,18,23,24,1,66,0,3,61,2,66,18,26,85,3,132,120,0,120,252
03/11/2001,AVP,PA,AEA,EN,Towers with Radar,17,19,23,0,59,3,0,73,0,76,20,19,96,0,135,228,0,228,363
03/12/2001,AVP,PA,AEA,EN,Towers with Radar,19,27,28,1,75,0,2,90,1,93,19,29,118,2,168,336,0,336,504
03/13/2001,AVP,PA,AEA,EN,Towers with Radar,19,26,27,1,73,1,11,13,2,27,20,37,40,3,100,72,0,72,172
03/14/2001,AVP,PA,AEA,EN,Towers with Radar,22,27,31,0,80,4,0,10,0,14,26,27,41,0,94,168,2,170,264
03/15/2001,AVP,PA,AEA,EN,Towers with Radar,21,24,30,1,76,8,0,49,2,59,29,24,79,3,135,352,0,352,487
03/16/2001,AVP,PA,AEA,EN,Towers with Radar,18,28,29,0,75,0,10,24,0,34,18,38,53,0,109,330,0,330,439
03/17/2001,AVP,PA,AEA,EN,Towers with Radar,14,16,3,0,33,9,0,0,1,10,23,16,3,1,43,30,0,30,73
03/18/2001,AVP,PA,AEA,EN,Towers with Radar,21,29,27,0,77,4,0,69,0,73,25,29,96,0,150,218,0,218,368
03/19/2001,AVP,PA,AEA,EN,Towers with Radar,24,32,31,0,87,3,0,85,0,88,27,32,116,0,175,394,0,394,569
03/20/2001,AVP,PA,AEA,EN,Towers with Radar,19,31,30,1,81,0,1,133,1,135,19,32,163,2,216,370,0,370,586
03/21/2001,AVP,PA,AEA,EN,Towers with Radar,26,37,36,0,99,0,2,12,0,14,26,39,48,0,113,134,0,134,247
03/22/2001,AVP,PA,AEA,EN,Towers with Radar,23,19,30,0,72,1,0,5,0,6,24,19,35,0,78,10,0,10,88
03/23/2001,AVP,PA,AEA,EN,Towers with Radar,21,26,30,1,78,0,0,23,0,23,21,26,53,1,101,132,0,132,233
03/24/2001,AVP,PA,AEA,EN,Towers with Radar,18,25,24,0,67,0,2,19,0,21,18,27,43,0,88,114,0,114,202
03/25/2001,AVP,PA,AEA,EN,Towers with Radar,15,20,25,0,60,0,0,100,0,100,15,20,125,0,160,450,0,450,610
03/26/2001,AVP,PA,AEA,EN,Towers with Radar,14,31,30,0,75,0,5,25,0,30,14,36,55,0,105,76,0,76,181
03/27/2001,AVP,PA,AEA,EN,Towers with Radar,12,29,28,1,70,0,1,48,3,52,12,30,76,4,122,280,0,280,402
03/28/2001,AVP,PA,AEA,EN,Towers with Radar,11,27,26,1,65,0,9,88,1,98,11,36,114,2,163,440,0,440,603
03/29/2001,AVP,PA,AEA,EN,Towers with Radar,21,39,38,1,99,0,0,62,3,65,21,39,100,4,164,174,0,174,338
03/30/2001,AVP,PA,AEA,EN,Towers with Radar,15,25,25,0,65,0,0,8,0,8,15,25,33,0,73,110,0,110,183
03/31/2001,AVP,PA,AEA,EN,Towers with Radar,10,19,18,0,47,0,5,5,0,10,10,24,23,0,57,266,0,266,323
04/01/2001,AVP,PA,AEA,EN,Towers with Radar,13,30,37,0,80,0,6,20,0,26,13,36,57,0,106,272,0,272,378
04/02/2001,AVP,PA,AEA,EN,Towers with Radar,15,28,35,0,78,2,6,49,0,57,17,34,84,0,135,222,0,222,357
04/03/2001,AVP,PA,AEA,EN,Towers with Radar,15,36,46,0,97,0,0,87,0,87,15,36,133,0,184,322,0,322,506
04/04/2001,AVP,PA,AEA,EN,Towers with Radar,13,26,33,2,74,0,2,100,0,102,13,28,133,2,176,488,0,488,664
04/05/2001,AVP,PA,AEA,EN,Towers with Radar,17,31,40,1,89,1,4,167,0,172,18,35,207,1,261,486,0,486,747
04/06/2001,AVP,PA,AEA,EN,Towers with Radar,10,28,27,0,65,0,0,0,0,0,10,28,27,0,65,20,0,20,85
04/07/2001,AVP,PA,AEA,EN,Towers with Radar,13,18,31,2,64,5,0,40,0,45,18,18,71,2,109,272,0,272,381
04/08/2001,AVP,PA,AEA,EN,Towers with Radar,13,21,31,0,65,1,0,32,0,33,14,21,63,0,98,212,0,212,310
04/09/2001,AVP,PA,AEA,EN,Towers with Radar,11,25,31,1,68,0,5,10,0,15,11,30,41,1,83,78,0,78,161
04/10/2001,AVP,PA,AEA,EN,Towers with Radar,15,29,46,5,95,0,0,87,16,103,15,29,133,21,198,521,26,547,745
04/11/2001,AVP,PA,AEA,EN,Towers with Radar,15,27,48,5,95,0,0,37,0,37,15,27,85,5,132,174,8,182,314
04/12/2001,AVP,PA,AEA,EN,Towers with Radar,12,36,46,0,94,0,8,30,0,38,12,44,76,0,132,80,0,80,212
04/13/2001,AVP,PA,AEA,EN,Towers with Radar,13,31,40,0,84,0,0,76,0,76,13,31,116,0,160,268,0,268,428
04/14/2001,AVP,PA,AEA,EN,Towers with Radar,10,20,25,0,55,2,6,106,0,114,12,26,131,0,169,472,0,472,641
04/15/2001,AVP,PA,AEA,EN,Towers with Radar,10,21,25,0,56,7,1,68,0,76,17,22,93,0,132,204,0,204,336
04/16/2001,AVP,PA,AEA,EN,Towers with Radar,14,29,37,4,84,0,0,31,0,31,14,29,68,4,115,216,0,216,331
04/17/2001,AVP,PA,AEA,EN,Towers with Radar,14,28,32,4,78,3,0,0,8,11,17,28,32,12,89,18,0,18,107
04/18/2001,AVP,PA,AEA,EN,Towers with Radar,11,31,37,4,83,0,1,24,19,44,11,32,61,23,127,190,16,206,333
04/19/2001,AVP,PA,AEA,EN,Towers with Radar,13,32,39,5,89,0,1,108,14,123,13,33,147,19,212,365,0,365,577
04/20/2001,AVP,PA,AEA,EN,Towers with Radar,13,26,32,0,71,0,0,47,0,47,13,26,79,0,118,236,0,236,354
04/21/2001,AVP,PA,AEA,EN,Towers with Radar,11,22,26,0,59,8,8,55,0,71,19,30,81,0,130,274,0,274,404
04/22/2001,AVP,PA,AEA,EN,Towers with Radar,9,19,23,0,51,6,0,52,0,58,15,19,75,0,109,260,0,260,369
04/23/2001,AVP,PA,AEA,EN,Towers with Radar,10,21,25,2,58,7,4,64,0,75,17,25,89,2,133,314,0,314,447
04/24/2001,AVP,PA,AEA,EN,Towers with Radar,13,30,36,4,83,0,2,12,3,17,13,32,48,7,100,200,0,200,300
04/25/2001,AVP,PA,AEA,EN,Towers with Radar,14,24,37,3,78,0,0,81,12,93,14,24,118,15,171,351,0,351,522
04/26/2001,AVP,PA,AEA,EN,Towers with Radar,12,31,37,2,82,0,3,123,0,126,12,34,160,2,208,512,0,512,720
04/27/2001,AVP,PA,AEA,EN,Towers with Radar,13,26,39,2,80,0,0,126,0,126,13,26,165,2,206,416,0,416,622
04/28/2001,AVP,PA,AEA,EN,Towers with Radar,9,20,23,0,52,7,3,103,0,113,16,23,126,0,165,298,0,298,463
04/29/2001,AVP,PA,AEA,EN,Towers with Radar,12,23,29,0,64,1,9,116,0,126,13,32,145,0,190,494,0,494,684
04/30/2001,AVP,PA,AEA,EN,Towers with Radar,10,22,27,0,59,1,11,111,0,123,11,33,138,0,182,366,0,366,548
05/01/2001,AVP,PA,AEA,EN,Towers with Radar,12,22,28,0,62,2,7,81,0,90,14,29,109,0,152,343,0,343,495
05/02/2001,AVP,PA,AEA,EN,Towers with Radar,18,28,38,0,84,1,0,94,0,95,19,28,132,0,179,390,0,390,569
05/03/2001,AVP,PA,AEA,EN,Towers with Radar,16,25,37,4,82,4,0,60,17,81,20,25,97,21,163,352,24,376,539
05/04/2001,AVP,PA,AEA,EN,Towers with Radar,11,26,32,3,72,0,1,118,0,119,11,27,150,3,191,450,0,450,641
05/05/2001,AVP,PA,AEA,EN,Towers with Radar,10,16,21,1,48,6,3,72,0,81,16,19,93,1,129,340,0,340,469
05/06/2001,AVP,PA,AEA,EN,Towers with Radar,11,20,25,0,56,4,3,99,0,106,15,23,124,0,162,458,0,458,620
05/07/2001,AVP,PA,AEA,EN,Towers with Radar,13,23,29,1,66,1,6,74,0,81,14,29,103,1,147,306,0,306,453
05/08/2001,AVP,PA,AEA,EN,Towers with Radar,12,31,42,4,89,0,0,76,11,87,12,31,118,15,176,434,0,434,610
05/09/2001,AVP,PA,AEA,EN,Towers with Radar,15,29,38,4,86,0,0,44,3,47,15,29,82,7,133,196,0,196,329
05/10/2001,AVP,PA,AEA,EN,Towers with Radar,14,30,36,0,80,0,3,104,0,107,14,33,140,0,187,300,0,300,487
05/11/2001,AVP,PA,AEA,EN,Towers with Radar,14,27,33,0,74,0,1,85,0,86,14,28,118,0,160,386,0,386,546
05/12/2001,AVP,PA,AEA,EN,Towers with Radar,11,22,27,0,60,2,0,40,0,42,13,22,67,0,102,196,0,196,298
05/13/2001,AVP,PA,AEA,EN,Towers with Radar,10,18,20,0,48,1,3,35,0,39,11,21,55,0,87,184,0,184,271
05/14/2001,AVP,PA,AEA,EN,Towers with Radar,13,22,28,3,66,1,0,60,4,65,14,22,88,7,131,264,0,264,395
05/15/2001,AVP,PA,AEA,EN,Towers with Radar,14,24,31,3,72,0,0,62,5,67,14,24,93,8,139,291,10,301,440
05/16/2001,AVP,PA,AEA,EN,Towers with Radar,14,26,32,2,74,0,0,63,1,64,14,26,95,3,138,322,0,322,460
05/17/2001,AVP,PA,AEA,EN,Towers with Radar,14,25,37,3,79,0,0,36,14,50,14,25,73,17,129,202,8,210,339
05/18/2001,AVP,PA,AEA,EN,Towers with Radar,15,26,40,0,81,0,0,13,0,13,15,26,53,0,94,196,0,196,290
05/19/2001,AVP,PA,AEA,EN,Towers with Radar,12,21,26,2,61,0,0,73,12,85,12,21,99,14,146,236,16,252,398
05/20/2001,AVP,PA,AEA,EN,Towers with Radar,16,22,33,0,71,0,0,50,0,50,16,22,83,0,121,206,0,206,327
05/21/2001,AVP,PA,AEA,EN,Towers with Radar,18,33,38,0,89,0,0,17,0,17,18,33,55,0,106,4,0,4,110
05/22/2001,AVP,PA,AEA,EN,Towers with Radar,15,28,32,0,75,5,12,9,0,26,20,40,41,0,101,6,0,6,107
05/23/2001,AVP,PA,AEA,EN,Towers with Radar,13,25,33,0,71,0,0,39,0,39,13,25,72,0,110,140,0,140,250
05/24/2001,AVP,PA,AEA,EN,Towers with Radar,17,33,39,0,89,0,2,60,0,62,17,35,99,0,151,422,0,422,573
05/25/2001,AVP,PA,AEA,EN,Towers with Radar,12,26,41,1,80,0,0,24,0,24,12,26,65,1,104,258,0,258,362
05/26/2001,AVP,PA,AEA,EN,Towers with Radar,14,27,31,0,72,3,9,16,0,28,17,36,47,0,100,50,0,50,150
05/27/2001,AVP,PA,AEA,EN,Towers with Radar,12,23,27,0,62,4,7,43,0,54,16,30,70,0,116,168,0,168,284
05/28/2001,AVP,PA,AEA,EN,Towers with Radar,13,25,29,0,67,1,3,32,0,36,14,28,61,0,103,162,0,162,265
05/29/2001,AVP,PA,AEA,EN,Towers with Radar,16,30,36,2,84,1,2,31,0,34,17,32,67,2,118,208,0,208,326
05/30/2001,AVP,PA,AEA,EN,Towers with Radar,13,24,31,0,68,2,0,30,0,32,15,24,61,0,100,186,0,186,286
05/31/2001,AVP,PA,AEA,EN,Towers with Radar,14,30,35,2,81,0,7,53,3,63,14,37,88,5,144,414,0,414,558
06/01/2001,AVP,PA,AEA,EN,Towers with Radar,14,24,50,5,93,0,0,22,1,23,14,24,72,6,116,160,8,168,284
06/02/2001,AVP,PA,AEA,EN,Towers with Radar,12,22,37,3,74,4,10,12,6,32,16,32,49,9,106,106,0,106,212
06/03/2001,AVP,PA,AEA,EN,Towers with Radar,12,21,36,0,69,1,3,19,0,23,13,24,55,0,92,174,0,174,266
06/04/2001,AVP,PA,AEA,EN,Towers with Radar,14,24,47,1,86,0,0,79,0,79,14,24,126,1,165,328,2,330,495
06/05/2001,AVP,PA,AEA,EN,Towers with Radar,12,26,45,3,86,0,8,59,1,68,12,34,104,4,154,362,16,378,532
06/06/2001,AVP,PA,AEA,EN,Towers with Radar,11,27,53,4,95,0,0,78,14,92,11,27,131,18,187,352,0,352,539
06/07/2001,AVP,PA,AEA,EN,Towers with Radar,16,28,48,0,92,0,0,92,0,92,16,28,140,0,184,328,0,328,512
06/08/2001,AVP,PA,AEA,EN,Towers with Radar,14,25,42,2,83,2,2,94,0,98,16,27,136,2,181,328,0,328,509
06/09/2001,AVP,PA,AEA,EN,Towers with Radar,10,17,30,0,57,6,1,103,0,110,16,18,133,0,167,316,0,316,483
06/10/2001,AVP,PA,AEA,EN,Towers with Radar,12,21,35,1,69,4,0,108,0,112,16,21,143,1,181,356,0,356,537
06/11/2001,AVP,PA,AEA,EN,Towers with Radar,15,28,47,0,90,2,12,44,0,58,17,40,91,0,148,238,0,238,386
06/12/2001,AVP,PA,AEA,EN,Towers with Radar,10,26,60,4,100,0,0,58,3,61,10,26,118,7,161,436,0,436,597
06/13/2001,AVP,PA,AEA,EN,Towers with Radar,14,26,51,4,95,0,0,68,10,78,14,26,119,14,173,272,10,282,455
06/14/2001,AVP,PA,AEA,EN,Towers with Radar,13,36,62,4,115,0,0,74,14,88,13,36,136,18,203,306,0,306,509
06/15/2001,AVP,PA,AEA,EN,Towers with Radar,9,35,62,5,111,0,0,107,3,110,9,35,169,8,221,446,0,446,667
06/16/2001,AVP,PA,AEA,EN,Towers with Radar,13,22,40,0,75,3,0,45,0,48,16,22,85,0,123,214,0,214,337
06/17/2001,AVP,PA,AEA,EN,Towers with Radar,17,33,53,5,108,5,1,114,4,124,22,34,167,9,232,380,0,380,612
06/18/2001,AVP,PA,AEA,EN,Towers with Radar,12,23,39,4,78,5,0,109,10,124,17,23,148,14,202,274,8,282,484
06/19/2001,AVP,PA,AEA,EN,Towers with Radar,11,22,35,3,71,1,2,73,10,86,12,24,108,13,157,364,0,364,521
06/20/2001,AVP,PA,AEA,EN,Towers with Radar,12,21,38,4,75,3,0,45,0,48,15,21,83,4,123,176,0,176,299
06/21/2001,AVP,PA,AEA,EN,Towers with Radar,18,41,65,6,130,0,4,62,2,68,18,45,127,8,198,224,0,224,422
06/22/2001,AVP,PA,AEA,EN,Towers with Radar,13,28,45,3,89,0,0,0,0,0,13,28,45,3,89,48,0,48,137
06/23/2001,AVP,PA,AEA,EN,Towers with Radar,11,23,32,2,68,3,0,0,0,3,14,23,32,2,71,44,0,44,115
06/24/2001,AVP,PA,AEA,EN,Towers with Radar,14,26,48,0,88,0,0,118,0,118,14,26,166,0,206,350,0,350,556
06/25/2001,AVP,PA,AEA,EN,Towers with Radar,12,24,39,1,76,3,0,84,0,87,15,24,123,1,163,358,0,358,521
06/26/2001,AVP,PA,AEA,EN,Towers with Radar,13,24,43,1,81,1,0,86,0,87,14,24,129,1,168,402,0,402,570
06/27/2001,AVP,PA,AEA,EN,Towers with Radar,11,23,36,1,71,2,6,73,0,81,13,29,109,1,152,154,0,154,306
06/28/2001,AVP,PA,AEA,EN,Towers with Radar,11,22,35,3,71,1,10,50,4,65,12,32,85,7,136,160,0,160,296
06/29/2001,AVP,PA,AEA,EN,Towers with Radar,10,25,39,1,75,0,6,53,0,59,10,31,92,1,134,330,0,330,464
06/30/2001,AVP,PA,AEA,EN,Towers with Radar,13,25,41,1,80,4,0,27,0,31,17,25,68,1,111,220,0,220,331
07/01/2001,AVP,PA,AEA,EN,Towers with Radar,10,15,21,0,46,0,0,16,0,16,10,15,37,0,62,130,0,130,192
07/02/2001,AVP,PA,AEA,EN,Towers with Radar,12,19,26,0,57,3,2,47,0,52,15,21,73,0,109,138,0,138,247
07/03/2001,AVP,PA,AEA,EN,Towers with Radar,13,23,33,5,74,0,2,73,1,76,13,25,106,6,150,258,0,258,408
07/04/2001,AVP,PA,AEA,EN,Towers with Radar,10,17,22,0,49,11,7,0,0,18,21,24,22,0,67,40,0,40,107
07/05/2001,AVP,PA,AEA,EN,Towers with Radar,11,24,35,3,73,0,0,10,0,10,11,24,45,3,83,138,18,156,239
07/06/2001,AVP,PA,AEA,EN,Towers with Radar,13,22,33,4,72,0,7,66,4,77,13,29,99,8,149,350,24,374,523
07/07/2001,AVP,PA,AEA,EN,Towers with Radar,12,18,27,2,59,5,0,87,0,92,17,18,114,2,151,320,0,320,471
07/08/2001,AVP,PA,AEA,EN,Towers with Radar,20,26,42,5,93,1,0,2,0,3,21,26,44,5,96,28,0,28,124
07/09/2001,AVP,PA,AEA,EN,Towers with Radar,11,22,33,0,66,0,8,83,0,91,11,30,116,0,157,292,0,292,449
07/10/2001,AVP,PA,AEA,EN,Towers with Radar,16,21,38,0,75,0,0,43,0,43,16,21,81,0,118,304,0,304,422
07/11/2001,AVP,PA,AEA,EN,Towers with Radar,17,31,47,0,95,0,0,87,0,87,17,31,134,0,182,260,0,260,442
07/12/2001,AVP,PA,AEA,EN,Towers with Radar,17,22,41,5,85,0,0,55,17,72,17,22,96,22,157,304,10,314,471
07/13/2001,AVP,PA,AEA,EN,Towers with Radar,16,24,36,2,78,0,0,64,0,64,16,24,100,2,142,454,0,454,596
07/14/2001,AVP,PA,AEA,EN,Towers with Radar,15,18,31,4,68,1,0,81,0,82,16,18,112,4,150,336,0,336,486
07/15/2001,AVP,PA,AEA,EN,Towers with Radar,14,17,30,3,64,3,0,66,0,69,17,17,96,3,133,266,0,266,399
07/16/2001,AVP,PA,AEA,EN,Towers with Radar,18,26,40,2,86,0,0,90,0,90,18,26,130,2,176,332,0,332,508
07/17/2001,AVP,PA,AEA,EN,Towers with Radar,18,36,53,1,108,0,0,39,0,39,18,36,92,1,147,246,0,246,393
07/18/2001,AVP,PA,AEA,EN,Towers with Radar,21,26,44,2,93,0,0,52,0,52,21,26,96,2,145,208,0,208,353
07/19/2001,AVP,PA,AEA,EN,Towers with Radar,18,28,41,4,91,0,6,97,8,111,18,34,138,12,202,408,4,412,614
07/20/2001,AVP,PA,AEA,EN,Towers with Radar,16,23,34,2,75,2,8,82,0,92,18,31,116,2,167,278,0,278,445
07/21/2001,AVP,PA,AEA,EN,Towers with Radar,11,17,23,2,53,4,4,106,0,114,15,21,129,2,167,388,0,388,555
07/22/2001,AVP,PA,AEA,EN,Towers with Radar,14,19,32,0,65,0,0,84,0,84,14,19,116,0,149,406,0,406,555
07/23/2001,AVP,PA,AEA,EN,Towers with Radar,15,22,31,0,68,0,3,90,0,93,15,25,121,0,161,274,0,274,435
07/24/2001,AVP,PA,AEA,EN,Towers with Radar,19,28,41,5,93,0,0,76,19,95,19,28,117,24,188,324,0,324,512
07/25/2001,AVP,PA,AEA,EN,Towers with Radar,17,24,37,0,78,0,0,55,0,55,17,24,92,0,133,218,0,218,351
07/26/2001,AVP,PA,AEA,EN,Towers with Radar,14,35,53,6,108,0,0,65,39,104,14,35,118,45,212,95,30,125,337
07/27/2001,AVP,PA,AEA,EN,Towers with Radar,16,23,34,2,75,5,2,83,0,90,21,25,117,2,165,226,0,226,391
07/28/2001,AVP,PA,AEA,EN,Towers with Radar,14,21,29,0,64,5,1,87,0,93,19,22,116,0,157,206,0,206,363
07/29/2001,AVP,PA,AEA,EN,Towers with Radar,20,27,46,4,97,0,0,103,0,103,20,27,149,4,200,158,0,158,358
07/30/2001,AVP,PA,AEA,EN,Towers with Radar,19,28,39,4,90,0,4,82,14,100,19,32,121,18,190,294,0,294,484
07/31/2001,AVP,PA,AEA,EN,Towers with Radar,15,21,29,0,65,8,7,77,0,92,23,28,106,0,157,324,0,324,481
08/01/2001,AVP,PA,AEA,EN,Towers with Radar,19,28,35,5,87,0,0,95,10,105,19,28,130,15,192,268,0,268,460
08/02/2001,AVP,PA,AEA,EN,Towers with Radar,16,25,30,5,76,5,9,74,6,94,21,34,104,11,170,220,16,236,406
08/03/2001,AVP,PA,AEA,EN,Towers with Radar,21,28,36,1,86,0,0,19,0,19,21,28,55,1,105,174,0,174,279
08/04/2001,AVP,PA,AEA,EN,Towers with Radar,19,22,38,0,79,0,0,38,0,38,19,22,76,0,117,108,0,108,225
08/05/2001,AVP,PA,AEA,EN,Towers with Radar,15,26,33,1,75,0,1,64,0,65,15,27,97,1,140,224,0,224,364
08/06/2001,AVP,PA,AEA,EN,Towers with Radar,17,25,32,0,74,1,3,57,0,61,18,28,89,0,135,230,0,230,365
08/07/2001,AVP,PA,AEA,EN,Towers with Radar,21,29,38,4,92,1,9,59,0,69,22,38,97,4,161,156,0,156,317
08/08/2001,AVP,PA,AEA,EN,Towers with Radar,14,27,34,5,80,0,12,50,4,66,14,39,84,9,146,217,20,237,383
08/09/2001,AVP,PA,AEA,EN,Towers with Radar,19,32,40,6,97,0,2,64,18,84,19,34,104,24,181,260,24,284,465
08/10/2001,AVP,PA,AEA,EN,Towers with Radar,20,26,34,1,81,3,0,5,0,8,23,26,39,1,89,156,0,156,245
08/11/2001,AVP,PA,AEA,EN,Towers with Radar,17,28,36,4,85,0,4,64,0,68,17,32,100,4,153,204,0,204,357
08/12/2001,AVP,PA,AEA,EN,Towers with Radar,19,27,42,6,94,0,0,12,9,21,19,27,54,15,115,68,26,94,209
08/13/2001,AVP,PA,AEA,EN,Towers with Radar,18,25,35,3,81,0,0,30,0,30,18,25,65,3,111,180,0,180,291
08/14/2001,AVP,PA,AEA,EN,Towers with Radar,16,24,30,0,70,6,4,69,0,79,22,28,99,0,149,228,0,228,377
08/15/2001,AVP,PA,AEA,EN,Towers with Radar,16,23,27,0,66,0,9,94,0,103,16,32,121,0,169,370,0,370,539
08/16/2001,AVP,PA,AEA,EN,Towers with Radar,12,31,36,4,83,0,14,88,0,102,12,45,124,4,185,216,0,216,401
08/17/2001,AVP,PA,AEA,EN,Towers with Radar,22,32,38,2,94,2,6,34,0,42,24,38,72,2,136,162,0,162,298
08/18/2001,AVP,PA,AEA,EN,Towers with Radar,17,20,30,0,67,5,0,119,0,124,22,20,149,0,191,330,0,330,521
08/19/2001,AVP,PA,AEA,EN,Towers with Radar,20,21,34,4,79,0,0,52,3,55,20,21,86,7,134,314,0,314,448
08/20/2001,AVP,PA,AEA,EN,Towers with Radar,19,25,32,4,80,4,0,47,5,56,23,25,79,9,136,250,0,250,386
08/21/2001,AVP,PA,AEA,EN,Towers with Radar,19,29,35,5,88,0,3,98,12,113,19,32,133,17,201,352,10,362,563
08/22/2001,AVP,PA,AEA,EN,Towers with Radar,18,25,30,2,75,5,0,92,0,97,23,25,122,2,172,312,0,312,484
08/23/2001,AVP,PA,AEA,EN,Towers with Radar,23,33,39,5,100,3,0,21,2,26,26,33,60,7,126,116,0,116,242
08/24/2001,AVP,PA,AEA,EN,Towers with Radar,18,30,35,2,85,0,1,62,0,63,18,31,97,2,148,252,0,252,400
08/25/2001,AVP,PA,AEA,EN,Towers with Radar,15,21,24,0,60,1,8,119,0,128,16,29,143,0,188,282,0,282,470
08/26/2001,AVP,PA,AEA,EN,Towers with Radar,16,18,26,0,60,5,0,67,0,72,21,18,93,0,132,222,0,222,354
08/27/2001,AVP,PA,AEA,EN,Towers with Radar,18,27,32,4,81,0,0,15,9,24,18,27,47,13,105,132,8,140,245
08/28/2001,AVP,PA,AEA,EN,Towers with Radar,16,25,29,0,70,3,6,25,0,34,19,31,54,0,104,114,0,114,218
08/29/2001,AVP,PA,AEA,EN,Towers with Radar,19,28,33,4,84,3,0,54,8,65,22,28,87,12,149,218,4,222,371
08/30/2001,AVP,PA,AEA,EN,Towers with Radar,19,27,42,0,88,0,0,54,0,54,19,27,96,0,142,206,0,206,348
08/31/2001,AVP,PA,AEA,EN,Towers with Radar,17,29,38,5,89,0,0,33,3,36,17,29,71,8,125,214,0,214,339
09/01/2001,AVP,PA,AEA,EN,Towers with Radar,20,24,33,0,77,6,0,70,0,76,26,24,103,0,153,190,0,190,343
09/02/2001,AVP,PA,AEA,EN,Towers with Radar,12,17,20,0,49,10,3,70,0,83,22,20,90,0,132,198,0,198,330
09/03/2001,AVP,PA,AEA,EN,Towers with Radar,14,20,22,0,56,4,5,62,0,71,18,25,84,0,127,222,0,222,349
09/04/2001,AVP,PA,AEA,EN,Towers with Radar,18,25,28,0,71,5,1,28,0,34,23,26,56,0,105,54,0,54,159
09/05/2001,AVP,PA,AEA,EN,Towers with Radar,19,26,30,4,79,2,0,54,4,60,21,26,84,8,139,186,4,190,329
09/06/2001,AVP,PA,AEA,EN,Towers with Radar,21,27,32,2,82,1,4,100,0,105,22,31,132,2,187,296,0,296,483
09/07/2001,AVP,PA,AEA,EN,Towers with Radar,19,27,37,4,87,0,0,73,31,104,19,27,110,35,191,212,46,258,449
09/08/2001,AVP,PA,AEA,EN,Towers with Radar,18,22,27,3,70,4,0,82,1,87,22,22,109,4,157,266,0,266,423
09/09/2001,AVP,PA,AEA,EN,Towers with Radar,13,21,25,0,59,0,6,68,0,74,13,27,93,0,133,206,0,206,339
09/10/2001,AVP,PA,AEA,EN,Towers with Radar,17,25,31,1,74,0,3,23,0,26,17,28,54,1,100,4,0,4,104
09/11/2001,AVP,PA,AEA,EN,Towers with Radar,6,7,10,1,24,2,4,1,0,7,8,11,11,1,31,3,0,3,34
09/12/2001,AVP,PA,AEA,EN,Towers with Radar,0,0,0,0,0,0,0,0,0,0,0,0,0,0,0,0,0,0,0
09/13/2001,AVP,PA,AEA,EN,Towers with Radar,0,4,3,0,7,0,4,0,0,4,0,8,3,0,11,6,6,12,23
09/14/2001,AVP,PA,AEA,EN,Towers with Radar,7,13,14,1,35,0,8,0,0,8,7,21,14,1,43,4,0,4,47
09/15/2001,AVP,PA,AEA,EN,Towers with Radar,9,17,27,3,56,0,0,3,3,6,9,17,30,6,62,0,0,0,62
09/16/2001,AVP,PA,AEA,EN,Towers with Radar,14,15,27,0,56,0,0,0,0,0,14,15,27,0,56,7,0,7,63
09/17/2001,AVP,PA,AEA,EN,Towers with Radar,18,22,27,0,67,9,3,5,0,17,27,25,32,0,84,4,0,4,88
09/18/2001,AVP,PA,AEA,EN,Towers with Radar,25,33,32,4,94,1,2,0,7,10,26,35,32,11,104,2,0,2,106
09/19/2001,AVP,PA,AEA,EN,Towers with Radar,22,26,38,3,89,0,0,7,3,10,22,26,45,6,99,10,0,10,109
09/20/2001,AVP,PA,AEA,EN,Towers with Radar,20,27,31,0,78,0,4,0,0,4,20,31,31,0,82,2,0,2,84
09/21/2001,AVP,PA,AEA,EN,Towers with Radar,20,31,35,2,88,0,2,22,0,24,20,33,57,2,112,62,0,62,174
09/22/2001,AVP,PA,AEA,EN,Towers with Radar,17,16,25,0,58,3,0,32,0,35,20,16,57,0,93,110,0,110,203
09/23/2001,AVP,PA,AEA,EN,Towers with Radar,14,27,30,3,74,0,2,67,0,69,14,29,97,3,143,182,0,182,325
09/24/2001,AVP,PA,AEA,EN,Towers with Radar,15,21,11,2,49,3,7,0,3,13,18,28,11,5,62,28,0,28,90
09/25/2001,AVP,PA,AEA,EN,Towers with Radar,20,25,30,3,78,0,0,26,0,26,20,25,56,3,104,66,0,66,170
09/26/2001,AVP,PA,AEA,EN,Towers with Radar,21,26,32,3,82,5,0,52,8,65,26,26,84,11,147,116,0,116,263
09/27/2001,AVP,PA,AEA,EN,Towers with Radar,21,30,34,3,88,0,4,46,7,57,21,34,80,10,145,94,0,94,239
09/28/2001,AVP,PA,AEA,EN,Towers with Radar,17,25,42,4,88,0,0,27,5,32,17,25,69,9,120,108,0,108,228
09/29/2001,AVP,PA,AEA,EN,Towers with Radar,16,20,22,0,58,3,1,20,0,24,19,21,42,0,82,64,0,64,146
09/30/2001,AVP,PA,AEA,EN,Towers with Radar,17,16,25,2,60,0,0,92,1,93,17,16,117,3,153,234,0,234,387
10/01/2001,AVP,PA,AEA,EN,Towers with Radar,18,25,27,0,70,0,0,48,0,48,18,25,75,0,118,124,0,124,242
10/02/2001,AVP,PA,AEA,EN,Towers with Radar,19,27,31,2,79,0,0,90,1,91,19,27,121,3,170,274,0,274,444
10/03/2001,AVP,PA,AEA,EN,Towers with Radar,19,29,32,0,80,0,1,68,0,69,19,30,100,0,149,254,0,254,403
10/04/2001,AVP,PA,AEA,EN,Towers with Radar,17,30,35,0,82,0,0,65,0,65,17,30,100,0,147,90,0,90,237
10/05/2001,AVP,PA,AEA,EN,Towers with Radar,19,24,32,1,76,0,0,41,0,41,19,24,73,1,117,158,0,158,275
10/06/2001,AVP,PA,AEA,EN,Towers with Radar,9,13,15,0,37,10,7,4,0,21,19,20,19,0,58,42,0,42,100
10/07/2001,AVP,PA,AEA,EN,Towers with Radar,16,22,24,0,62,6,2,14,0,22,22,24,38,0,84,58,0,58,142
10/08/2001,AVP,PA,AEA,EN,Towers with Radar,18,17,26,0,61,1,0,53,0,54,19,17,79,0,115,262,0,262,377
10/09/2001,AVP,PA,AEA,EN,Towers with Radar,22,28,32,0,82,0,1,82,0,83,22,29,114,0,165,201,0,201,366
10/10/2001,AVP,PA,AEA,EN,Towers with Radar,22,19,32,0,73,0,0,49,0,49,22,19,81,0,122,188,0,188,310
10/11/2001,AVP,PA,AEA,EN,Towers with Radar,22,31,36,0,89,0,6,65,0,71,22,37,101,0,160,182,0,182,342
10/12/2001,AVP,PA,AEA,EN,Towers with Radar,16,24,33,2,75,0,0,52,1,53,16,24,85,3,128,204,0,204,332
10/13/2001,AVP,PA,AEA,EN,Towers with Radar,17,22,25,0,64,7,3,58,0,68,24,25,83,0,132,158,0,158,290
10/14/2001,AVP,PA,AEA,EN,Towers with Radar,13,21,22,0,56,0,7,0,0,7,13,28,22,0,63,20,0,20,83
10/15/2001,AVP,PA,AEA,EN,Towers with Radar,19,24,28,2,73,0,5,25,8,38,19,29,53,10,111,106,0,106,217
10/16/2001,AVP,PA,AEA,EN,Towers with Radar,20,24,28,0,72,1,5,22,0,28,21,29,50,0,100,95,0,95,195
10/17/2001,AVP,PA,AEA,EN,Towers with Radar,20,32,37,0,89,0,5,33,0,38,20,37,70,0,127,112,0,112,239
10/18/2001,AVP,PA,AEA,EN,Towers with Radar,20,27,31,0,78,0,2,73,0,75,20,29,104,0,153,148,0,148,301
10/19/2001,AVP,PA,AEA,EN,Towers with Radar,24,32,36,2,94,0,1,71,1,73,24,33,107,3,167,172,0,172,339
10/20/2001,AVP,PA,AEA,EN,Towers with Radar,17,22,26,0,65,2,0,96,0,98,19,22,122,0,163,188,0,188,351
10/21/2001,AVP,PA,AEA,EN,Towers with Radar,17,23,28,1,69,0,0,92,2,94,17,23,120,3,163,216,0,216,379
10/22/2001,AVP,PA,AEA,EN,Towers with Radar,16,24,28,0,68,0,0,11,0,11,16,24,39,0,79,70,0,70,149
10/23/2001,AVP,PA,AEA,EN,Towers with Radar,19,20,27,0,66,2,0,36,0,38,21,20,63,0,104,120,0,120,224
10/24/2001,AVP,PA,AEA,EN,Towers with Radar,18,24,26,0,68,0,2,31,0,33,18,26,57,0,101,124,0,124,225
10/25/2001,AVP,PA,AEA,EN,Towers with Radar,17,22,24,0,63,5,1,0,0,6,22,23,24,0,69,44,0,44,113
10/26/2001,AVP,PA,AEA,EN,Towers with Radar,15,19,21,0,55,6,7,7,0,20,21,26,28,0,75,38,0,38,113
10/27/2001,AVP,PA,AEA,EN,Towers with Radar,13,18,19,0,50,10,8,67,0,85,23,26,86,0,135,14,0,14,149
10/28/2001,AVP,PA,AEA,EN,Towers with Radar,17,17,25,0,59,1,0,64,0,65,18,17,89,0,124,144,0,144,268
10/29/2001,AVP,PA,AEA,EN,Towers with Radar,18,22,28,1,69,0,0,82,8,90,18,22,110,9,159,176,12,188,347
10/30/2001,AVP,PA,AEA,EN,Towers with Radar,20,28,30,1,79,0,8,94,7,109,20,36,124,8,188,148,16,164,352
10/31/2001,AVP,PA,AEA,EN,Towers with Radar,18,26,29,1,74,0,2,40,19,61,18,28,69,20,135,106,26,132,267
11/01/2001,AVP,PA,AEA,EN,Towers with Radar,20,30,41,4,95,0,0,82,7,89,20,30,123,11,184,214,0,214,398
11/02/2001,AVP,PA,AEA,EN,Towers with Radar,20,29,38,4,91,0,0,30,4,34,20,29,68,8,125,124,0,124,249
11/03/2001,AVP,PA,AEA,EN,Towers with Radar,18,25,35,0,78,0,0,89,0,89,18,25,124,0,167,206,0,206,373
11/04/2001,AVP,PA,AEA,EN,Towers with Radar,16,22,31,4,73,0,0,91,10,101,16,22,122,14,174,244,16,260,434
11/05/2001,AVP,PA,AEA,EN,Towers with Radar,14,20,24,0,58,6,7,7,0,20,20,27,31,0,78,28,0,28,106
11/06/2001,AVP,PA,AEA,EN,Towers with Radar,18,25,30,3,76,0,1,29,1,31,18,26,59,4,107,122,0,122,229
11/07/2001,AVP,PA,AEA,EN,Towers with Radar,21,27,33,4,85,0,1,38,5,44,21,28,71,9,129,170,16,186,315
11/08/2001,AVP,PA,AEA,EN,Towers with Radar,21,28,34,0,83,0,6,46,0,52,21,34,80,0,135,144,0,144,279
11/09/2001,AVP,PA,AEA,EN,Towers with Radar,20,26,34,0,80,2,0,26,0,28,22,26,60,0,108,68,0,68,176
11/10/2001,AVP,PA,AEA,EN,Towers with Radar,16,21,25,0,62,7,7,80,0,94,23,28,105,0,156,168,0,168,324
11/11/2001,AVP,PA,AEA,EN,Towers with Radar,16,21,25,0,62,5,3,19,0,27,21,24,44,0,89,88,0,88,177
11/12/2001,AVP,PA,AEA,EN,Towers with Radar,18,22,28,0,68,2,1,33,0,36,20,23,61,0,104,114,0,114,218
11/13/2001,AVP,PA,AEA,EN,Towers with Radar,21,29,38,0,88,0,2,102,0,104,21,31,140,0,192,212,0,212,404
11/14/2001,AVP,PA,AEA,EN,Towers with Radar,21,28,36,2,87,0,4,61,0,65,21,32,97,2,152,144,0,144,296
11/15/2001,AVP,PA,AEA,EN,Towers with Radar,21,27,35,2,85,0,6,72,0,78,21,33,107,2,163,122,0,122,285
11/16/2001,AVP,PA,AEA,EN,Towers with Radar,18,25,32,1,76,0,7,43,0,50,18,32,75,1,126,330,0,330,456
11/17/2001,AVP,PA,AEA,EN,Towers with Radar,19,18,29,0,66,5,0,87,0,92,24,18,116,0,158,140,0,140,298
11/18/2001,AVP,PA,AEA,EN,Towers with Radar,20,15,32,0,67,1,0,81,0,82,21,15,113,0,149,300,0,300,449
11/19/2001,AVP,PA,AEA,EN,Towers with Radar,21,22,32,0,75,1,0,38,0,39,22,22,70,0,114,100,0,100,214
11/20/2001,AVP,PA,AEA,EN,Towers with Radar,15,24,32,2,73,0,7,22,18,47,15,31,54,20,120,100,0,100,220
11/21/2001,AVP,PA,AEA,EN,Towers with Radar,19,27,35,3,84,0,1,72,2,75,19,28,107,5,159,198,10,208,367
11/22/2001,AVP,PA,AEA,EN,Towers with Radar,12,13,19,0,44,7,0,9,0,16,19,13,28,0,60,66,0,66,126
11/23/2001,AVP,PA,AEA,EN,Towers with Radar,17,20,26,0,63,3,0,85,0,88,20,20,111,0,151,164,0,164,315
11/24/2001,AVP,PA,AEA,EN,Towers with Radar,16,24,32,0,72,0,5,20,0,25,16,29,52,0,97,94,0,94,191
11/25/2001,AVP,PA,AEA,EN,Towers with Radar,18,19,28,0,65,0,0,0,0,0,18,19,28,0,65,8,0,8,73
11/26/2001,AVP,PA,AEA,EN,Towers with Radar,20,25,39,0,84,0,0,29,0,29,20,25,68,0,113,62,0,62,175
11/27/2001,AVP,PA,AEA,EN,Towers with Radar,25,33,43,4,105,0,5,34,14,53,25,38,77,18,158,82,0,82,240
11/28/2001,AVP,PA,AEA,EN,Towers with Radar,17,22,27,2,68,3,5,35,1,44,20,27,62,3,112,86,0,86,198
11/29/2001,AVP,PA,AEA,EN,Towers with Radar,24,29,35,2,90,0,3,0,0,3,24,32,35,2,93,10,0,10,103
11/30/2001,AVP,PA,AEA,EN,Towers with Radar,21,26,29,2,78,8,1,0,4,13,29,27,29,6,91,26,0,26,117
12/01/2001,AVP,PA,AEA,EN,Towers with Radar,15,16,19,2,52,4,0,86,3,93,19,16,105,5,145,182,0,182,327
12/02/2001,AVP,PA,AEA,EN,Towers with Radar,19,15,23,0,57,3,0,91,0,94,22,15,114,0,151,240,0,240,391
12/03/2001,AVP,PA,AEA,EN,Towers with Radar,19,27,25,2,73,0,2,71,0,73,19,29,96,2,146,256,0,256,402
12/04/2001,AVP,PA,AEA,EN,Towers with Radar,18,32,36,4,90,0,0,84,30,114,18,32,120,34,204,230,24,254,458
12/05/2001,AVP,PA,AEA,EN,Towers with Radar,21,30,27,3,81,0,0,41,1,42,21,30,68,4,123,142,0,142,265
12/06/2001,AVP,PA,AEA,EN,Towers with Radar,24,25,32,1,82,0,0,19,0,19,24,25,51,1,101,64,0,64,165
12/07/2001,AVP,PA,AEA,EN,Towers with Radar,21,30,30,0,81,0,0,46,0,46,21,30,76,0,127,112,0,112,239
12/08/2001,AVP,PA,AEA,EN,Towers with Radar,15,21,18,0,54,8,4,19,0,31,23,25,37,0,85,54,0,54,139
12/09/2001,AVP,PA,AEA,EN,Towers with Radar,14,19,17,0,50,5,3,1,0,9,19,22,18,0,59,74,0,74,133
12/10/2001,AVP,PA,AEA,EN,Towers with Radar,21,28,26,1,76,1,8,42,0,51,22,36,68,1,127,130,0,130,257
12/11/2001,AVP,PA,AEA,EN,Towers with Radar,18,25,22,3,68,0,3,47,8,58,18,28,69,11,126,164,0,164,290
12/12/2001,AVP,PA,AEA,EN,Towers with Radar,17,27,27,0,71,0,5,35,0,40,17,32,62,0,111,148,0,148,259
12/13/2001,AVP,PA,AEA,EN,Towers with Radar,21,32,31,2,86,0,0,9,0,9,21,32,40,2,95,0,0,0,95
12/14/2001,AVP,PA,AEA,EN,Towers with Radar,21,30,29,0,80,0,1,5,0,6,21,31,34,0,86,4,0,4,90
12/15/2001,AVP,PA,AEA,EN,Towers with Radar,15,21,21,0,57,0,2,20,0,22,15,23,41,0,79,18,0,18,97
12/16/2001,AVP,PA,AEA,EN,Towers with Radar,15,18,18,0,51,5,3,68,0,76,20,21,86,0,127,244,0,244,371
12/17/2001,AVP,PA,AEA,EN,Towers with Radar,18,22,14,1,55,0,7,0,1,8,18,29,14,2,63,0,0,0,63
12/18/2001,AVP,PA,AEA,EN,Towers with Radar,19,23,23,2,67,2,3,6,0,11,21,26,29,2,78,18,0,18,96
12/19/2001,AVP,PA,AEA,EN,Towers with Radar,15,26,25,2,68,0,1,56,3,60,15,27,81,5,128,175,0,175,303
12/20/2001,AVP,PA,AEA,EN,Towers with Radar,22,27,27,2,78,0,3,14,2,19,22,30,41,4,97,26,0,26,123
12/21/2001,AVP,PA,AEA,EN,Towers with Radar,19,23,23,0,65,2,0,1,0,3,21,23,24,0,68,62,0,62,130
12/22/2001,AVP,PA,AEA,EN,Towers with Radar,18,19,21,0,58,0,0,80,0,80,18,19,101,0,138,186,0,186,324
12/23/2001,AVP,PA,AEA,EN,Towers with Radar,14,17,17,0,48,0,4,63,0,67,14,21,80,0,115,214,0,214,329
12/24/2001,AVP,PA,AEA,EN,Towers with Radar,10,13,13,0,36,4,11,9,0,24,14,24,22,0,60,68,0,68,128
12/25/2001,AVP,PA,AEA,EN,Towers with Radar,10,11,12,0,33,10,4,10,0,24,20,15,22,0,57,0,0,0,57
12/26/2001,AVP,PA,AEA,EN,Towers with Radar,19,23,23,1,66,1,3,47,2,53,20,26,70,3,119,108,0,108,227
12/27/2001,AVP,PA,AEA,EN,Towers with Radar,16,27,28,2,73,0,0,42,0,42,16,27,70,2,115,128,0,128,243
12/28/2001,AVP,PA,AEA,EN,Towers with Radar,17,27,26,1,71,0,0,30,0,30,17,27,56,1,101,126,0,126,227
12/29/2001,AVP,PA,AEA,EN,Towers with Radar,16,18,18,0,52,2,0,2,0,4,18,18,20,0,56,46,0,46,102
12/30/2001,AVP,PA,AEA,EN,Towers with Radar,13,16,14,0,43,5,3,23,0,31,18,19,37,0,74,44,0,44,118
12/31/2001,AVP,PA,AEA,EN,Towers with Radar,12,17,15,0,44,7,0,32,0,39,19,17,47,0,83,151,0,151,234
01/01/2002,AVP,PA,AEA,EN,Towers with Radar,11,17,13,0,41,5,1,22,0,28,16,18,35,0,69,78,0,78,147
01/02/2002,AVP,PA,AEA,EN,Towers with Radar,16,20,15,0,51,4,10,30,0,44,20,30,45,0,95,74,0,74,169
01/03/2002,AVP,PA,AEA,EN,Towers with Radar,18,22,21,3,64,0,0,42,9,51,18,22,63,12,115,168,0,168,283
01/04/2002,AVP,PA,AEA,EN,Towers with Radar,22,29,24,4,79,1,0,35,12,48,23,29,59,16,127,138,8,146,273
01/05/2002,AVP,PA,AEA,EN,Towers with Radar,21,27,22,3,73,0,0,104,0,104,21,27,126,3,177,256,0,256,433
01/06/2002,AVP,PA,AEA,EN,Towers with Radar,11,20,13,2,46,0,3,25,2,30,11,23,38,4,76,56,0,56,132
01/07/2002,AVP,PA,AEA,EN,Towers with Radar,13,18,13,0,44,3,0,0,0,3,16,18,13,0,47,0,0,0,47
01/08/2002,AVP,PA,AEA,EN,Towers with Radar,19,26,23,3,71,0,0,38,1,39,19,26,61,4,110,136,0,136,246
01/09/2002,AVP,PA,AEA,EN,Towers with Radar,16,23,17,0,56,2,5,16,0,23,18,28,33,0,79,80,0,80,159
01/10/2002,AVP,PA,AEA,EN,Towers with Radar,20,28,22,3,73,4,8,27,0,39,24,36,49,3,112,136,0,136,248
01/11/2002,AVP,PA,AEA,EN,Towers with Radar,17,28,22,3,70,0,4,1,7,12,17,32,23,10,82,54,0,54,136
01/12/2002,AVP,PA,AEA,EN,Towers with Radar,21,30,24,3,78,0,3,82,10,95,21,33,106,13,173,280,0,280,453
01/13/2002,AVP,PA,AEA,EN,Towers with Radar,10,13,11,0,34,4,8,0,0,12,14,21,11,0,46,0,0,0,46
01/14/2002,AVP,PA,AEA,EN,Towers with Radar,21,24,23,3,71,0,0,57,6,63,21,24,80,9,134,154,0,154,288
01/15/2002,AVP,PA,AEA,EN,Towers with Radar,18,23,19,3,63,3,0,23,0,26,21,23,42,3,89,86,0,86,175
01/16/2002,AVP,PA,AEA,EN,Towers with Radar,17,24,21,3,65,0,3,36,10,49,17,27,57,13,114,48,0,48,162
01/17/2002,AVP,PA,AEA,EN,Towers with Radar,17,26,24,1,68,0,0,23,0,23,17,26,47,1,91,90,0,90,181
01/18/2002,AVP,PA,AEA,EN,Towers with Radar,20,27,26,0,73,0,0,44,0,44,20,27,70,0,117,82,0,82,199
01/19/2002,AVP,PA,AEA,EN,Towers with Radar,11,13,7,0,31,8,0,0,0,8,19,13,7,0,39,28,0,28,67
01/20/2002,AVP,PA,AEA,EN,Towers with Radar,14,17,15,1,47,4,4,41,1,50,18,21,56,2,97,88,0,88,185
01/21/2002,AVP,PA,AEA,EN,Towers with Radar,19,25,18,0,62,0,1,0,0,1,19,26,18,0,63,18,0,18,81
01/22/2002,AVP,PA,AEA,EN,Towers with Radar,17,29,24,2,72,0,9,53,10,72,17,38,77,12,144,135,0,135,279
01/23/2002,AVP,PA,AEA,EN,Towers with Radar,20,24,21,1,66,3,0,40,0,43,23,24,61,1,109,78,0,78,187
01/24/2002,AVP,PA,AEA,EN,Towers with Radar,18,21,16,0,55,2,0,0,0,2,20,21,16,0,57,0,0,0,57
01/25/2002,AVP,PA,AEA,EN,Towers with Radar,22,23,24,2,71,0,0,39,2,41,22,23,63,4,112,82,0,82,194
01/26/2002,AVP,PA,AEA,EN,Towers with Radar,20,26,23,2,71,0,0,77,3,80,20,26,100,5,151,218,0,218,369
01/27/2002,AVP,PA,AEA,EN,Towers with Radar,18,17,19,2,56,1,0,83,0,84,19,17,102,2,140,318,0,318,458
01/28/2002,AVP,PA,AEA,EN,Towers with Radar,22,26,27,0,75,0,0,61,0,61,22,26,88,0,136,88,0,88,224
01/29/2002,AVP,PA,AEA,EN,Towers with Radar,21,28,24,2,75,0,2,67,5,74,21,30,91,7,149,146,0,146,295
01/30/2002,AVP,PA,AEA,EN,Towers with Radar,16,25,20,0,61,0,1,18,0,19,16,26,38,0,80,12,0,12,92
01/31/2002,AVP,PA,AEA,EN,Towers with Radar,16,22,15,1,54,1,3,0,0,4,17,25,15,1,58,20,0,20,78
02/01/2002,AVP,PA,AEA,EN,Towers with Radar,28,30,18,0,76,4,9,0,0,13,32,39,18,0,89,0,0,0,89
02/02/2002,AVP,PA,AEA,EN,Towers with Radar,22,24,25,1,72,0,0,26,6,32,22,24,51,7,104,171,6,177,281
02/03/2002,AVP,PA,AEA,EN,Towers with Radar,19,22,20,1,62,5,0,55,0,60,24,22,75,1,122,174,0,174,296
02/04/2002,AVP,PA,AEA,EN,Towers with Radar,19,21,20,0,60,3,4,12,0,19,22,25,32,0,79,44,0,44,123
02/05/2002,AVP,PA,AEA,EN,Towers with Radar,23,28,27,1,79,0,1,69,0,70,23,29,96,1,149,198,0,198,347
02/06/2002,AVP,PA,AEA,EN,Towers with Radar,18,20,22,2,62,0,0,73,0,73,18,20,95,2,135,99,0,99,234
02/07/2002,AVP,PA,AEA,EN,Towers with Radar,20,23,31,0,74,0,1,26,0,27,20,24,57,0,101,70,0,70,171
02/08/2002,AVP,PA,AEA,EN,Towers with Radar,21,20,23,8,72,0,0,66,0,66,21,20,89,8,138,244,0,244,382
02/09/2002,AVP,PA,AEA,EN,Towers with Radar,21,24,23,0,68,0,0,101,0,101,21,24,124,0,169,310,0,310,479
02/10/2002,AVP,PA,AEA,EN,Towers with Radar,18,20,19,0,57,2,0,0,0,2,20,20,19,0,59,26,0,26,85
02/11/2002,AVP,PA,AEA,EN,Towers with Radar,20,21,22,0,63,6,0,4,0,10,26,21,26,0,73,21,0,21,94
02/12/2002,AVP,PA,AEA,EN,Towers with Radar,19,27,25,1,72,0,0,33,0,33,19,27,58,1,105,100,0,100,205
02/13/2002,AVP,PA,AEA,EN,Towers with Radar,18,20,21,0,59,1,0,24,0,25,19,20,45,0,84,64,0,64,148
02/14/2002,AVP,PA,AEA,EN,Towers with Radar,21,23,24,0,68,1,0,45,0,46,22,23,69,0,114,122,0,122,236
02/15/2002,AVP,PA,AEA,EN,Towers with Radar,15,24,24,0,63,0,0,57,0,57,15,24,81,0,120,168,0,168,288
02/16/2002,AVP,PA,AEA,EN,Towers with Radar,17,15,18,0,50,2,0,69,4,75,19,15,87,4,125,230,0,230,355
02/17/2002,AVP,PA,AEA,EN,Towers with Radar,14,17,17,0,48,0,7,13,0,20,14,24,30,0,68,100,0,100,168
02/18/2002,AVP,PA,AEA,EN,Towers with Radar,18,26,25,1,70,0,0,81,10,91,18,26,106,11,161,159,0,159,320
02/19/2002,AVP,PA,AEA,EN,Towers with Radar,19,26,25,2,72,0,1,48,1,50,19,27,73,3,122,164,4,168,290
02/20/2002,AVP,PA,AEA,EN,Towers with Radar,16,24,25,1,66,0,0,13,7,20,16,24,38,8,86,16,0,16,102
02/21/2002,AVP,PA,AEA,EN,Towers with Radar,20,26,27,1,74,0,0,45,1,46,20,26,72,2,120,137,0,137,257
02/22/2002,AVP,PA,AEA,EN,Towers with Radar,22,27,27,0,76,0,1,38,0,39,22,28,65,0,115,96,0,96,211
02/23/2002,AVP,PA,AEA,EN,Towers with Radar,18,22,22,0,62,2,1,64,0,67,20,23,86,0,129,238,0,238,367
02/24/2002,AVP,PA,AEA,EN,Towers with Radar,16,19,19,0,54,4,5,19,0,28,20,24,38,0,82,158,0,158,240
02/25/2002,AVP,PA,AEA,EN,Towers with Radar,23,27,27,1,78,0,2,63,0,65,23,29,90,1,143,223,0,223,366
02/26/2002,AVP,PA,AEA,EN,Towers with Radar,20,26,29,1,76,0,0,0,0,0,20,26,29,1,76,171,6,177,253
02/27/2002,AVP,PA,AEA,EN,Towers with Radar,19,24,23,0,66,3,1,15,0,19,22,25,38,0,85,46,0,46,131
02/28/2002,AVP,PA,AEA,EN,Towers with Radar,20,24,23,0,67,0,0,15,0,15,20,24,38,0,82,164,0,164,246
03/01/2002,AVP,PA,AEA,EN,Towers with Radar,25,29,30,1,85,0,1,71,0,72,25,30,101,1,157,174,0,174,331
03/02/2002,AVP,PA,AEA,EN,Towers with Radar,16,15,19,0,50,7,0,40,0,47,23,15,59,0,97,86,0,86,183
03/03/2002,AVP,PA,AEA,EN,Towers with Radar,17,20,21,0,58,1,0,25,0,26,18,20,46,0,84,81,0,81,165
03/04/2002,AVP,PA,AEA,EN,Towers with Radar,20,20,24,0,64,4,0,15,0,19,24,20,39,0,83,0,0,0,83
03/05/2002,AVP,PA,AEA,EN,Towers with Radar,22,28,32,2,84,0,0,43,3,46,22,28,75,5,130,146,1,147,277
03/06/2002,AVP,PA,AEA,EN,Towers with Radar,19,25,25,0,69,0,6,26,0,32,19,31,51,0,101,52,0,52,153
03/07/2002,AVP,PA,AEA,EN,Towers with Radar,19,25,26,1,71,0,0,35,0,35,19,25,61,1,106,142,0,142,248
03/08/2002,AVP,PA,AEA,EN,Towers with Radar,18,27,31,2,78,0,0,45,6,51,18,27,76,8,129,141,0,141,270
03/09/2002,AVP,PA,AEA,EN,Towers with Radar,22,27,22,0,71,1,0,7,0,8,23,27,29,0,79,8,0,8,87
03/10/2002,AVP,PA,AEA,EN,Towers with Radar,12,14,12,0,38,7,8,0,0,15,19,22,12,0,53,4,0,4,57
03/11/2002,AVP,PA,AEA,EN,Towers with Radar,23,17,28,2,70,1,0,67,0,68,24,17,95,2,138,154,0,154,292
03/12/2002,AVP,PA,AEA,EN,Towers with Radar,21,24,26,0,71,1,5,39,0,45,22,29,65,0,116,184,0,184,300
03/13/2002,AVP,PA,AEA,EN,Towers with Radar,24,29,33,2,88,0,0,26,0,26,24,29,59,2,114,28,0,28,142
03/14/2002,AVP,PA,AEA,EN,Towers with Radar,23,27,30,2,82,0,5,64,0,69,23,32,94,2,151,258,0,258,409
03/15/2002,AVP,PA,AEA,EN,Towers with Radar,26,29,32,2,89,0,1,31,0,32,26,30,63,2,121,160,0,160,281
03/16/2002,AVP,PA,AEA,EN,Towers with Radar,20,16,24,2,62,1,0,1,0,2,21,16,25,2,64,68,0,68,132
03/17/2002,AVP,PA,AEA,EN,Towers with Radar,19,16,23,2,60,0,0,36,2,38,19,16,59,4,98,162,0,162,260
03/18/2002,AVP,PA,AEA,EN,Towers with Radar,17,18,18,1,54,4,6,0,0,10,21,24,18,1,64,0,0,0,64
03/19/2002,AVP,PA,AEA,EN,Towers with Radar,20,19,31,1,71,0,0,48,6,54,20,19,79,7,125,199,2,201,326
03/20/2002,AVP,PA,AEA,EN,Towers with Radar,20,21,13,0,54,2,8,0,0,10,22,29,13,0,64,0,0,0,64
03/21/2002,AVP,PA,AEA,EN,Towers with Radar,24,24,29,1,78,1,0,60,2,63,25,24,89,3,141,154,0,154,295
03/22/2002,AVP,PA,AEA,EN,Towers with Radar,23,22,27,0,72,1,0,14,0,15,24,22,41,0,87,106,0,106,193
03/23/2002,AVP,PA,AEA,EN,Towers with Radar,15,16,18,0,49,5,5,40,0,50,20,21,58,0,99,64,0,64,163
03/24/2002,AVP,PA,AEA,EN,Towers with Radar,20,21,24,1,66,0,8,82,1,91,20,29,106,2,157,184,0,184,341
03/25/2002,AVP,PA,AEA,EN,Towers with Radar,23,25,20,1,69,0,2,0,8,10,23,27,20,9,79,0,0,0,79
03/26/2002,AVP,PA,AEA,EN,Towers with Radar,17,19,18,0,54,2,6,0,0,8,19,25,18,0,62,0,0,0,62
03/27/2002,AVP,PA,AEA,EN,Towers with Radar,23,26,28,0,77,0,2,24,0,26,23,28,52,0,103,54,0,54,157
03/28/2002,AVP,PA,AEA,EN,Towers with Radar,17,28,31,0,76,0,0,124,0,124,17,28,155,0,200,298,0,298,498
03/29/2002,AVP,PA,AEA,EN,Towers with Radar,21,22,25,1,69,0,0,52,4,56,21,22,77,5,125,242,0,242,367
03/30/2002,AVP,PA,AEA,EN,Towers with Radar,22,25,25,0,72,5,1,72,0,78,27,26,97,0,150,201,0,201,351
03/31/2002,AVP,PA,AEA,EN,Towers with Radar,22,24,26,1,73,0,0,24,1,25,22,24,50,2,98,114,0,114,212
04/01/2002,AVP,PA,AEA,EN,Towers with Radar,16,22,30,0,68,0,3,40,0,43,16,25,70,0,111,147,0,147,258
04/02/2002,AVP,PA,AEA,EN,Towers with Radar,21,21,30,0,72,1,0,39,0,40,22,21,69,0,112,76,0,76,188
04/03/2002,AVP,PA,AEA,EN,Towers with Radar,21,22,31,2,76,0,5,27,3,35,21,27,58,5,111,40,0,40,151
04/04/2002,AVP,PA,AEA,EN,Towers with Radar,21,20,32,2,75,0,1,59,1,61,21,21,91,3,136,162,0,162,298
04/05/2002,AVP,PA,AEA,EN,Towers with Radar,15,27,37,0,79,0,1,34,0,35,15,28,71,0,114,174,0,174,288
04/06/2002,AVP,PA,AEA,EN,Towers with Radar,18,16,27,0,61,1,0,60,0,61,19,16,87,0,122,132,0,132,254
04/07/2002,AVP,PA,AEA,EN,Towers with Radar,16,22,28,2,68,0,2,105,0,107,16,24,133,2,175,222,0,222,397
04/08/2002,AVP,PA,AEA,EN,Towers with Radar,18,26,33,2,79,0,1,25,2,28,18,27,58,4,107,160,0,160,267
04/09/2002,AVP,PA,AEA,EN,Towers with Radar,18,21,31,0,70,0,0,24,0,24,18,21,55,0,94,32,0,32,126
04/10/2002,AVP,PA,AEA,EN,Towers with Radar,19,21,35,3,78,0,0,64,15,79,19,21,99,18,157,210,0,210,367
04/11/2002,AVP,PA,AEA,EN,Towers with Radar,18,25,32,2,77,0,8,46,0,54,18,33,78,2,131,172,0,172,303
04/12/2002,AVP,PA,AEA,EN,Towers with Radar,15,23,62,2,102,0,0,31,0,31,15,23,93,2,133,136,2,138,271
04/13/2002,AVP,PA,AEA,EN,Towers with Radar,25,20,42,0,87,0,0,3,0,3,25,20,45,0,90,48,0,48,138
04/14/2002,AVP,PA,AEA,EN,Towers with Radar,16,19,26,0,61,1,5,40,0,46,17,24,66,0,107,124,0,124,231
04/15/2002,AVP,PA,AEA,EN,Towers with Radar,22,26,34,0,82,0,3,48,0,51,22,29,82,0,133,167,0,167,300
04/16/2002,AVP,PA,AEA,EN,Towers with Radar,20,25,33,3,81,0,5,73,8,86,20,30,106,11,167,248,0,248,415
04/17/2002,AVP,PA,AEA,EN,Towers with Radar,22,23,33,3,81,1,0,83,7,91,23,23,116,10,172,206,0,206,378
04/18/2002,AVP,PA,AEA,EN,Towers with Radar,22,19,33,3,77,1,0,62,8,71,23,19,95,11,148,204,0,204,352
04/19/2002,AVP,PA,AEA,EN,Towers with Radar,21,24,31,0,76,0,4,21,0,25,21,28,52,0,101,149,0,149,250
04/20/2002,AVP,PA,AEA,EN,Towers with Radar,21,25,33,0,79,3,0,37,0,40,24,25,70,0,119,38,0,38,157
04/21/2002,AVP,PA,AEA,EN,Towers with Radar,19,16,29,0,64,8,0,41,0,49,27,16,70,0,113,100,0,100,213
04/22/2002,AVP,PA,AEA,EN,Towers with Radar,17,21,28,1,67,11,7,5,0,23,28,28,33,1,90,0,0,0,90
04/23/2002,AVP,PA,AEA,EN,Towers with Radar,20,22,31,0,73,1,0,40,0,41,21,22,71,0,114,167,0,167,281
04/24/2002,AVP,PA,AEA,EN,Towers with Radar,18,23,33,2,76,0,0,79,1,80,18,23,112,3,156,229,0,229,385
04/25/2002,AVP,PA,AEA,EN,Towers with Radar,21,33,25,1,80,0,0,12,0,12,21,33,37,1,92,30,0,30,122
04/26/2002,AVP,PA,AEA,EN,Towers with Radar,20,34,27,4,85,0,4,71,0,75,20,38,98,4,160,166,0,166,326
04/27/2002,AVP,PA,AEA,EN,Towers with Radar,18,20,28,2,68,1,0,108,16,125,19,20,136,18,193,276,0,276,469
04/28/2002,AVP,PA,AEA,EN,Towers with Radar,14,17,21,0,52,4,1,2,0,7,18,18,23,0,59,2,0,2,61
04/29/2002,AVP,PA,AEA,EN,Towers with Radar,22,16,33,0,71,5,0,37,0,42,27,16,70,0,113,100,0,100,213
04/30/2002,AVP,PA,AEA,EN,Towers with Radar,21,22,32,1,76,4,0,15,0,19,25,22,47,1,95,106,0,106,201
05/01/2002,AVP,PA,AEA,EN,Towers with Radar,20,25,29,0,74,0,1,49,0,50,20,26,78,0,124,134,0,134,258
05/02/2002,AVP,PA,AEA,EN,Towers with Radar,20,26,31,2,79,0,0,0,0,0,20,26,31,2,79,12,0,12,91
05/03/2002,AVP,PA,AEA,EN,Towers with Radar,20,24,32,1,77,0,0,35,0,35,20,24,67,1,112,56,0,56,168
05/04/2002,AVP,PA,AEA,EN,Towers with Radar,17,18,21,0,56,3,2,101,0,106,20,20,122,0,162,180,0,180,342
05/05/2002,AVP,PA,AEA,EN,Towers with Radar,18,19,23,1,61,2,0,92,0,94,20,19,115,1,155,272,0,272,427
05/06/2002,AVP,PA,AEA,EN,Towers with Radar,18,20,23,0,61,3,6,33,0,42,21,26,56,0,103,136,0,136,239
05/07/2002,AVP,PA,AEA,EN,Towers with Radar,19,24,32,2,77,0,0,48,5,53,19,24,80,7,130,210,14,224,354
05/08/2002,AVP,PA,AEA,EN,Towers with Radar,20,24,32,2,78,0,0,60,23,83,20,24,92,25,161,129,26,155,316
05/09/2002,AVP,PA,AEA,EN,Towers with Radar,19,21,26,0,66,1,0,9,0,10,20,21,35,0,76,10,0,10,86
05/10/2002,AVP,PA,AEA,EN,Towers with Radar,19,27,30,0,76,1,1,50,0,52,20,28,80,0,128,118,0,118,246
05/11/2002,AVP,PA,AEA,EN,Towers with Radar,21,19,32,0,72,1,0,87,0,88,22,19,119,0,160,212,0,212,372
05/12/2002,AVP,PA,AEA,EN,Towers with Radar,14,14,10,0,38,4,1,0,0,5,18,15,10,0,43,0,0,0,43
05/13/2002,AVP,PA,AEA,EN,Towers with Radar,22,25,32,0,79,0,1,8,0,9,22,26,40,0,88,2,0,2,90
05/14/2002,AVP,PA,AEA,EN,Towers with Radar,20,21,27,0,68,0,6,22,0,28,20,27,49,0,96,36,0,36,132
05/15/2002,AVP,PA,AEA,EN,Towers with Radar,22,22,29,2,75,0,2,66,1,69,22,24,95,3,144,160,0,160,304
05/16/2002,AVP,PA,AEA,EN,Towers with Radar,28,28,36,2,94,1,3,61,0,65,29,31,97,2,159,168,0,168,327
05/17/2002,AVP,PA,AEA,EN,Towers with Radar,25,29,37,0,91,0,1,54,0,55,25,30,91,0,146,138,0,138,284
05/18/2002,AVP,PA,AEA,EN,Towers with Radar,22,11,28,2,63,9,0,3,0,12,31,11,31,2,75,42,0,42,117
05/19/2002,AVP,PA,AEA,EN,Towers with Radar,21,22,28,2,73,1,4,71,0,76,22,26,99,2,149,212,0,212,361
05/20/2002,AVP,PA,AEA,EN,Towers with Radar,24,21,31,0,76,3,0,57,0,60,27,21,88,0,136,229,0,229,365
05/21/2002,AVP,PA,AEA,EN,Towers with Radar,27,27,40,0,94,0,2,62,0,64,27,29,102,0,158,136,0,136,294
05/22/2002,AVP,PA,AEA,EN,Towers with Radar,24,24,19,11,78,0,0,87,1,88,24,24,106,12,166,210,8,218,384
05/23/2002,AVP,PA,AEA,EN,Towers with Radar,23,25,31,19,98,0,5,85,0,90,23,30,116,19,188,210,30,240,428
05/24/2002,AVP,PA,AEA,EN,Towers with Radar,19,32,52,0,103,0,1,52,0,53,19,33,104,0,156,198,0,198,354
05/25/2002,AVP,PA,AEA,EN,Towers with Radar,27,17,7,0,51,0,0,80,0,80,27,17,87,0,131,168,0,168,299
05/26/2002,AVP,PA,AEA,EN,Towers with Radar,17,19,23,0,59,0,5,28,0,33,17,24,51,0,92,125,0,125,217
05/27/2002,AVP,PA,AEA,EN,Towers with Radar,28,23,31,0,82,0,0,60,0,60,28,23,91,0,142,216,0,216,358
05/28/2002,AVP,PA,AEA,EN,Towers with Radar,26,24,33,2,85,1,0,26,0,27,27,24,59,2,112,45,0,45,157
05/29/2002,AVP,PA,AEA,EN,Towers with Radar,23,21,29,0,73,3,0,24,0,27,26,21,53,0,100,91,0,91,191
05/30/2002,AVP,PA,AEA,EN,Towers with Radar,27,27,38,2,94,0,0,58,0,58,27,27,96,2,152,248,0,248,400
05/31/2002,AVP,PA,AEA,EN,Towers with Radar,23,28,33,2,86,0,6,18,0,24,23,34,51,2,110,176,0,176,286
06/01/2002,AVP,PA,AEA,EN,Towers with Radar,20,17,26,1,64,7,5,56,0,68,27,22,82,1,132,150,0,150,282
06/02/2002,AVP,PA,AEA,EN,Towers with Radar,19,16,25,0,60,4,9,13,0,26,23,25,38,0,86,196,0,196,282
06/03/2002,AVP,PA,AEA,EN,Towers with Radar,25,19,37,0,81,0,0,78,0,78,25,19,115,0,159,299,0,299,458
06/04/2002,AVP,PA,AEA,EN,Towers with Radar,23,26,39,2,90,0,3,74,12,89,23,29,113,14,179,200,0,200,379
06/05/2002,AVP,PA,AEA,EN,Towers with Radar,23,17,31,1,72,0,0,5,0,5,23,17,36,1,77,57,0,57,134
06/06/2002,AVP,PA,AEA,EN,Towers with Radar,27,36,66,1,130,0,1,1,0,2,27,37,67,1,132,2,0,2,134
06/07/2002,AVP,PA,AEA,EN,Towers with Radar,23,32,60,8,123,0,1,97,4,102,23,33,157,12,225,249,0,249,474
06/08/2002,AVP,PA,AEA,EN,Towers with Radar,31,17,23,0,71,0,3,76,3,82,31,20,99,3,153,178,0,178,331
06/09/2002,AVP,PA,AEA,EN,Towers with Radar,23,28,43,3,97,0,0,174,5,179,23,28,217,8,276,399,0,399,675
06/10/2002,AVP,PA,AEA,EN,Towers with Radar,24,22,32,2,80,0,0,78,0,78,24,22,110,2,158,304,0,304,462
06/11/2002,AVP,PA,AEA,EN,Towers with Radar,21,30,26,0,77,0,1,50,0,51,21,31,76,0,128,138,0,138,266
06/12/2002,AVP,PA,AEA,EN,Towers with Radar,28,27,42,4,101,0,0,13,4,17,28,27,55,8,118,34,0,34,152
06/13/2002,AVP,PA,AEA,EN,Towers with Radar,29,25,48,2,104,0,0,21,0,21,29,25,69,2,125,157,0,157,282
06/14/2002,AVP,PA,AEA,EN,Towers with Radar,28,26,42,0,96,0,0,5,0,5,28,26,47,0,101,4,0,4,105
06/15/2002,AVP,PA,AEA,EN,Towers with Radar,20,19,26,2,67,9,3,0,1,13,29,22,26,3,80,58,0,58,138
06/16/2002,AVP,PA,AEA,EN,Towers with Radar,19,18,26,2,65,4,0,26,0,30,23,18,52,2,95,138,0,138,233
06/17/2002,AVP,PA,AEA,EN,Towers with Radar,24,22,34,1,81,3,6,72,0,81,27,28,106,1,162,258,0,258,420
06/18/2002,AVP,PA,AEA,EN,Towers with Radar,27,29,43,1,100,0,1,98,0,99,27,30,141,1,199,283,0,283,482
06/19/2002,AVP,PA,AEA,EN,Towers with Radar,24,22,33,0,79,2,0,76,0,78,26,22,109,0,157,178,0,178,335
06/20/2002,AVP,PA,AEA,EN,Towers with Radar,25,26,38,3,92,0,1,61,2,64,25,27,99,5,156,220,0,220,376
06/21/2002,AVP,PA,AEA,EN,Towers with Radar,25,26,38,2,91,0,1,94,6,101,25,27,132,8,192,270,0,270,462
06/22/2002,AVP,PA,AEA,EN,Towers with Radar,22,21,31,2,76,8,2,54,2,66,30,23,85,4,142,254,0,254,396
06/23/2002,AVP,PA,AEA,EN,Towers with Radar,25,23,20,2,70,0,1,51,0,52,25,24,71,2,122,188,0,188,310
06/24/2002,AVP,PA,AEA,EN,Towers with Radar,22,26,38,2,88,0,3,34,6,43,22,29,72,8,131,144,0,144,275
06/25/2002,AVP,PA,AEA,EN,Towers with Radar,27,26,38,2,93,1,4,38,10,53,28,30,76,12,146,140,0,140,286
06/26/2002,AVP,PA,AEA,EN,Towers with Radar,30,28,41,2,101,1,8,18,0,27,31,36,59,2,128,28,0,28,156
06/27/2002,AVP,PA,AEA,EN,Towers with Radar,24,22,34,2,82,3,0,36,0,39,27,22,70,2,121,44,0,44,165
06/28/2002,AVP,PA,AEA,EN,Towers with Radar,26,26,36,11,99,0,0,54,0,54,26,26,90,11,153,172,14,186,339
06/29/2002,AVP,PA,AEA,EN,Towers with Radar,22,21,30,0,73,3,2,118,0,123,25,23,148,0,196,204,0,204,400
06/30/2002,AVP,PA,AEA,EN,Towers with Radar,19,18,27,0,64,6,0,64,0,70,25,18,91,0,134,192,0,192,326
07/01/2002,AVP,PA,AEA,EN,Towers with Radar,20,20,28,0,68,6,5,61,0,72,26,25,89,0,140,144,0,144,284
07/02/2002,AVP,PA,AEA,EN,Towers with Radar,25,23,33,4,85,1,3,59,2,65,26,26,92,6,150,161,0,161,311
07/03/2002,AVP,PA,AEA,EN,Towers with Radar,24,22,31,0,77,1,5,42,0,48,25,27,73,0,125,130,0,130,255
07/04/2002,AVP,PA,AEA,EN,Towers with Radar,13,12,16,0,41,12,3,6,0,21,25,15,22,0,62,20,0,20,82
07/05/2002,AVP,PA,AEA,EN,Towers with Radar,18,26,19,1,64,0,1,47,0,48,18,27,66,1,112,130,0,130,242
07/06/2002,AVP,PA,AEA,EN,Towers with Radar,25,19,17,0,61,0,1,59,0,60,25,20,76,0,121,140,0,140,261
07/07/2002,AVP,PA,AEA,EN,Towers with Radar,23,26,48,0,97,0,0,29,0,29,23,26,77,0,126,102,0,102,228
07/08/2002,AVP,PA,AEA,EN,Towers with Radar,24,21,41,0,86,0,0,44,0,44,24,21,85,0,130,96,0,96,226
07/09/2002,AVP,PA,AEA,EN,Towers with Radar,26,34,45,0,105,0,1,25,0,26,26,35,70,0,131,62,0,62,193
07/10/2002,AVP,PA,AEA,EN,Towers with Radar,28,24,36,4,92,1,0,68,11,80,29,24,104,15,172,352,0,352,524
07/11/2002,AVP,PA,AEA,EN,Towers with Radar,29,22,51,16,118,0,1,59,0,60,29,23,110,16,178,208,18,226,404
07/12/2002,AVP,PA,AEA,EN,Towers with Radar,25,24,35,4,88,0,6,94,10,110,25,30,129,14,198,216,0,216,414
07/13/2002,AVP,PA,AEA,EN,Towers with Radar,20,18,27,0,65,9,12,67,0,88,29,30,94,0,153,284,0,284,437
07/14/2002,AVP,PA,AEA,EN,Towers with Radar,24,16,31,0,71,0,1,37,0,38,24,17,68,0,109,186,0,186,295
07/15/2002,AVP,PA,AEA,EN,Towers with Radar,19,17,26,0,62,8,1,38,0,47,27,18,64,0,109,224,0,224,333
07/16/2002,AVP,PA,AEA,EN,Towers with Radar,22,21,30,2,75,2,9,93,1,105,24,30,123,3,180,220,0,220,400
07/17/2002,AVP,PA,AEA,EN,Towers with Radar,27,25,36,3,91,0,2,44,0,46,27,27,80,3,137,242,0,242,379
07/18/2002,AVP,PA,AEA,EN,Towers with Radar,24,25,43,2,94,0,0,33,0,33,24,25,76,2,127,202,0,202,329
07/19/2002,AVP,PA,AEA,EN,Towers with Radar,29,19,39,3,90,2,0,8,1,11,31,19,47,4,101,0,0,0,101
07/20/2002,AVP,PA,AEA,EN,Towers with Radar,25,21,34,2,82,3,0,62,0,65,28,21,96,2,147,141,0,141,288
07/21/2002,AVP,PA,AEA,EN,Towers with Radar,25,18,36,3,82,0,0,54,3,57,25,18,90,6,139,110,0,110,249
07/22/2002,AVP,PA,AEA,EN,Towers with Radar,26,19,37,0,82,0,0,23,0,23,26,19,60,0,105,140,0,140,245
07/23/2002,AVP,PA,AEA,EN,Towers with Radar,21,19,28,0,68,0,0,31,0,31,21,19,59,0,99,18,0,18,117
07/24/2002,AVP,PA,AEA,EN,Towers with Radar,26,37,28,7,98,0,0,28,0,28,26,37,56,7,126,89,0,89,215
07/25/2002,AVP,PA,AEA,EN,Towers with Radar,27,34,52,4,117,0,0,101,16,117,27,34,153,20,234,222,0,222,456
07/26/2002,AVP,PA,AEA,EN,Towers with Radar,26,27,39,1,93,0,0,44,2,46,26,27,83,3,139,152,0,152,291
07/27/2002,AVP,PA,AEA,EN,Towers with Radar,24,29,46,2,101,0,0,35,0,35,24,29,81,2,136,68,0,68,204
07/28/2002,AVP,PA,AEA,EN,Towers with Radar,30,29,94,2,155,0,0,59,0,59,30,29,153,2,214,32,0,32,246
07/29/2002,AVP,PA,AEA,EN,Towers with Radar,24,23,32,0,79,0,0,38,0,38,24,23,70,0,117,146,0,146,263
07/30/2002,AVP,PA,AEA,EN,Towers with Radar,25,23,33,3,84,4,7,18,4,33,29,30,51,7,117,174,0,174,291
07/31/2002,AVP,PA,AEA,EN,Towers with Radar,21,20,28,2,71,20,3,95,0,118,41,23,123,2,189,180,0,180,369
08/01/2002,AVP,PA,AEA,EN,Towers with Radar,22,27,33,2,84,0,3,85,6,94,22,30,118,8,178,247,10,257,435
08/02/2002,AVP,PA,AEA,EN,Towers with Radar,22,20,34,0,76,0,3,60,0,63,22,23,94,0,139,86,0,86,225
08/03/2002,AVP,PA,AEA,EN,Towers with Radar,29,22,34,2,87,0,0,91,0,91,29,22,125,2,178,208,0,208,386
08/04/2002,AVP,PA,AEA,EN,Towers with Radar,24,17,30,2,73,0,0,65,3,68,24,17,95,5,141,201,0,201,342
08/05/2002,AVP,PA,AEA,EN,Towers with Radar,21,21,30,0,72,0,2,18,0,20,21,23,48,0,92,90,0,90,182
08/06/2002,AVP,PA,AEA,EN,Towers with Radar,27,27,26,0,80,0,4,45,0,49,27,31,71,0,129,111,0,111,240
08/07/2002,AVP,PA,AEA,EN,Towers with Radar,24,22,29,2,77,7,7,79,2,95,31,29,108,4,172,217,6,223,395
08/08/2002,AVP,PA,AEA,EN,Towers with Radar,24,19,28,0,71,4,0,70,0,74,28,19,98,0,145,180,0,180,325
08/09/2002,AVP,PA,AEA,EN,Towers with Radar,26,26,32,2,86,3,3,90,3,99,29,29,122,5,185,196,0,196,381
08/10/2002,AVP,PA,AEA,EN,Towers with Radar,23,17,36,0,76,1,3,102,0,106,24,20,138,0,182,230,0,230,412
08/11/2002,AVP,PA,AEA,EN,Towers with Radar,24,15,19,2,60,1,0,51,0,52,25,15,70,2,112,126,0,126,238
08/12/2002,AVP,PA,AEA,EN,Towers with Radar,23,20,28,3,74,7,0,44,5,56,30,20,72,8,130,238,0,238,368
08/13/2002,AVP,PA,AEA,EN,Towers with Radar,27,29,20,2,78,1,4,52,0,57,28,33,72,2,135,192,0,192,327
08/14/2002,AVP,PA,AEA,EN,Towers with Radar,25,27,32,9,93,1,1,36,4,42,26,28,68,13,135,159,0,159,294
08/15/2002,AVP,PA,AEA,EN,Towers with Radar,23,28,36,6,93,1,1,62,0,64,24,29,98,6,157,149,0,149,306
08/16/2002,AVP,PA,AEA,EN,Towers with Radar,23,27,20,6,76,1,1,44,0,46,24,28,64,6,122,148,0,148,270
08/17/2002,AVP,PA,AEA,EN,Towers with Radar,27,19,14,2,62,1,4,60,0,65,28,23,74,2,127,168,0,168,295
08/18/2002,AVP,PA,AEA,EN,Towers with Radar,23,19,28,0,70,0,0,44,0,44,23,19,72,0,114,228,0,228,342
08/19/2002,AVP,PA,AEA,EN,Towers with Radar,30,20,31,1,82,1,1,68,2,72,31,21,99,3,154,277,0,277,431
08/20/2002,AVP,PA,AEA,EN,Towers with Radar,26,28,33,0,87,0,4,79,0,83,26,32,112,0,170,244,0,244,414
08/21/2002,AVP,PA,AEA,EN,Towers with Radar,28,28,34,0,90,1,1,94,0,96,29,29,128,0,186,288,0,288,474
08/22/2002,AVP,PA,AEA,EN,Towers with Radar,24,34,23,8,89,1,1,56,0,58,25,35,79,8,147,162,0,162,309
08/23/2002,AVP,PA,AEA,EN,Towers with Radar,23,29,38,2,92,1,1,39,0,41,24,30,77,2,133,186,0,186,319
08/24/2002,AVP,PA,AEA,EN,Towers with Radar,24,21,26,0,71,1,1,7,0,9,25,22,33,0,80,26,0,26,106
08/25/2002,AVP,PA,AEA,EN,Towers with Radar,20,18,18,2,58,1,1,82,0,84,21,19,100,2,142,238,0,238,380
08/26/2002,AVP,PA,AEA,EN,Towers with Radar,22,29,18,2,71,1,0,64,0,65,23,29,82,2,136,196,0,196,332
08/27/2002,AVP,PA,AEA,EN,Towers with Radar,24,32,29,4,89,1,0,62,4,67,25,32,91,8,156,190,0,190,346
08/28/2002,AVP,PA,AEA,EN,Towers with Radar,26,27,32,2,87,0,0,27,14,41,26,27,59,16,128,153,12,165,293
08/29/2002,AVP,PA,AEA,EN,Towers with Radar,26,25,31,2,84,0,0,3,0,3,26,25,34,2,87,2,0,2,89
08/30/2002,AVP,PA,AEA,EN,Towers with Radar,18,34,42,0,94,0,0,48,0,48,18,34,90,0,142,155,0,155,297
08/31/2002,AVP,PA,AEA,EN,Towers with Radar,22,20,29,0,71,0,0,97,0,97,22,20,126,0,168,191,0,191,359
09/01/2002,AVP,PA,AEA,EN,Towers with Radar,21,25,29,0,75,0,3,16,0,19,21,28,45,0,94,4,0,4,98
09/02/2002,AVP,PA,AEA,EN,Towers with Radar,25,20,39,0,84,0,0,34,0,34,25,20,73,0,118,171,0,171,289
09/03/2002,AVP,PA,AEA,EN,Towers with Radar,15,36,25,0,76,0,1,47,0,48,15,37,72,0,124,128,0,128,252
09/04/2002,AVP,PA,AEA,EN,Towers with Radar,23,20,26,2,71,4,0,34,11,49,27,20,60,13,120,162,0,162,282
09/05/2002,AVP,PA,AEA,EN,Towers with Radar,24,29,45,8,106,0,1,63,3,67,24,30,108,11,173,240,8,248,421
09/06/2002,AVP,PA,AEA,EN,Towers with Radar,21,27,31,3,82,0,1,118,7,126,21,28,149,10,208,323,0,323,531
09/07/2002,AVP,PA,AEA,EN,Towers with Radar,22,18,26,3,69,3,0,127,3,133,25,18,153,6,202,259,0,259,461
09/08/2002,AVP,PA,AEA,EN,Towers with Radar,23,20,28,0,71,3,0,80,0,83,26,20,108,0,154,196,0,196,350
09/09/2002,AVP,PA,AEA,EN,Towers with Radar,21,22,25,0,68,6,1,73,0,80,27,23,98,0,148,195,0,195,343
09/10/2002,AVP,PA,AEA,EN,Towers with Radar,26,26,30,4,86,4,12,64,2,82,30,38,94,6,168,199,0,199,367
09/11/2002,AVP,PA,AEA,EN,Towers with Radar,21,21,24,0,66,12,10,3,0,25,33,31,27,0,91,6,0,6,97
09/12/2002,AVP,PA,AEA,EN,Towers with Radar,27,31,35,4,97,0,1,94,7,102,27,32,129,11,199,146,2,148,347
09/13/2002,AVP,PA,AEA,EN,Towers with Radar,22,29,33,4,88,0,0,56,0,56,22,29,89,4,144,150,6,156,300
09/14/2002,AVP,PA,AEA,EN,Towers with Radar,21,14,25,1,61,8,0,67,0,75,29,14,92,1,136,184,0,184,320
09/15/2002,AVP,PA,AEA,EN,Towers with Radar,21,20,19,0,60,4,0,0,0,4,25,20,19,0,64,2,0,2,66
09/16/2002,AVP,PA,AEA,EN,Towers with Radar,21,26,30,0,77,0,10,19,0,29,21,36,49,0,106,87,0,87,193
09/17/2002,AVP,PA,AEA,EN,Towers with Radar,23,23,27,0,73,5,20,59,0,84,28,43,86,0,157,177,0,177,334
09/18/2002,AVP,PA,AEA,EN,Towers with Radar,24,25,29,0,78,4,0,91,0,95,28,25,120,0,173,180,0,180,353
09/19/2002,AVP,PA,AEA,EN,Towers with Radar,24,31,36,5,96,0,0,49,17,66,24,31,85,22,162,135,8,143,305
09/20/2002,AVP,PA,AEA,EN,Towers with Radar,22,38,41,2,103,0,11,49,0,60,22,49,90,2,163,126,0,126,289
09/21/2002,AVP,PA,AEA,EN,Towers with Radar,20,0,15,0,35,7,0,0,0,7,27,0,15,0,42,94,0,94,136
09/22/2002,AVP,PA,AEA,EN,Towers with Radar,22,21,26,0,69,4,0,1,0,5,26,21,27,0,74,12,0,12,86
09/23/2002,AVP,PA,AEA,EN,Towers with Radar,28,38,42,4,112,0,6,63,9,78,28,44,105,13,190,128,10,138,328
09/24/2002,AVP,PA,AEA,EN,Towers with Radar,25,26,31,3,85,0,0,82,11,93,25,26,113,14,178,242,8,250,428
09/25/2002,AVP,PA,AEA,EN,Towers with Radar,21,25,28,3,77,0,7,60,1,68,21,32,88,4,145,208,0,208,353
09/26/2002,AVP,PA,AEA,EN,Towers with Radar,23,27,38,4,92,0,0,13,1,14,23,27,51,5,106,41,0,41,147
09/27/2002,AVP,PA,AEA,EN,Towers with Radar,26,28,31,0,85,2,2,3,0,7,28,30,34,0,92,22,0,22,114
09/28/2002,AVP,PA,AEA,EN,Towers with Radar,24,19,16,4,63,0,0,37,3,40,24,19,53,7,103,145,0,145,248
09/29/2002,AVP,PA,AEA,EN,Towers with Radar,23,21,28,3,75,4,0,98,1,103,27,21,126,4,178,220,0,220,398
09/30/2002,AVP,PA,AEA,EN,Towers with Radar,22,23,26,2,73,5,2,58,7,72,27,25,84,9,145,170,0,170,315
10/01/2002,AVP,PA,AEA,EN,Towers with Radar,26,27,31,0,84,1,12,65,0,78,27,39,96,0,162,175,0,175,337
10/02/2002,AVP,PA,AEA,EN,Towers with Radar,28,28,39,3,98,0,0,33,2,35,28,28,72,5,133,106,0,106,239
10/03/2002,AVP,PA,AEA,EN,Towers with Radar,23,23,57,0,103,0,0,16,0,16,23,23,73,0,119,57,0,57,176
10/04/2002,AVP,PA,AEA,EN,Towers with Radar,25,22,28,1,76,0,4,3,1,8,25,26,31,2,84,24,0,24,108
10/05/2002,AVP,PA,AEA,EN,Towers with Radar,25,16,20,0,61,1,0,36,0,37,26,16,56,0,98,82,0,82,180
10/06/2002,AVP,PA,AEA,EN,Towers with Radar,24,21,25,0,70,1,4,100,1,106,25,25,125,1,176,260,0,260,436
10/07/2002,AVP,PA,AEA,EN,Towers with Radar,21,33,23,12,89,1,0,37,0,38,22,33,60,12,127,115,0,115,242
10/08/2002,AVP,PA,AEA,EN,Towers with Radar,28,29,34,0,91,0,4,86,0,90,28,33,120,0,181,128,0,128,309
10/09/2002,AVP,PA,AEA,EN,Towers with Radar,30,30,35,0,95,3,4,33,0,40,33,34,68,0,135,181,0,181,316
10/10/2002,AVP,PA,AEA,EN,Towers with Radar,24,30,42,1,97,0,0,6,0,6,24,30,48,1,103,0,0,0,103
10/11/2002,AVP,PA,AEA,EN,Towers with Radar,24,22,29,0,75,0,0,0,0,0,24,22,29,0,75,0,0,0,75
10/12/2002,AVP,PA,AEA,EN,Towers with Radar,26,20,31,0,77,1,0,8,0,9,27,20,39,0,86,78,0,78,164
10/13/2002,AVP,PA,AEA,EN,Towers with Radar,28,28,33,0,89,1,1,0,0,2,29,29,33,0,91,6,0,6,97
10/14/2002,AVP,PA,AEA,EN,Towers with Radar,24,24,29,0,77,8,0,68,0,76,32,24,97,0,153,150,0,150,303
10/15/2002,AVP,PA,AEA,EN,Towers with Radar,25,30,34,1,90,0,4,75,0,79,25,34,109,1,169,177,0,177,346
10/16/2002,AVP,PA,AEA,EN,Towers with Radar,26,25,15,0,66,1,0,0,0,1,27,25,15,0,67,0,0,0,67
10/17/2002,AVP,PA,AEA,EN,Towers with Radar,22,32,33,1,88,1,0,45,0,46,23,32,78,1,134,100,0,100,234
10/18/2002,AVP,PA,AEA,EN,Towers with Radar,24,23,33,0,80,0,0,70,0,70,24,23,103,0,150,190,0,190,340
10/19/2002,AVP,PA,AEA,EN,Towers with Radar,19,20,14,0,53,3,3,0,0,6,22,23,14,0,59,39,0,39,98
10/20/2002,AVP,PA,AEA,EN,Towers with Radar,27,16,13,0,56,1,0,66,0,67,28,16,79,0,123,182,0,182,305
10/21/2002,AVP,PA,AEA,EN,Towers with Radar,21,19,15,0,55,1,0,51,0,52,22,19,66,0,107,137,0,137,244
10/22/2002,AVP,PA,AEA,EN,Towers with Radar,26,26,30,0,82,1,0,72,0,73,27,26,102,0,155,172,0,172,327
10/23/2002,AVP,PA,AEA,EN,Towers with Radar,20,27,31,0,78,0,3,50,2,55,20,30,81,2,133,92,2,94,227
10/24/2002,AVP,PA,AEA,EN,Towers with Radar,29,33,40,2,104,1,2,31,2,36,30,35,71,4,140,174,0,174,314
10/25/2002,AVP,PA,AEA,EN,Towers with Radar,25,24,33,0,82,0,0,1,0,1,25,24,34,0,83,32,0,32,115
10/26/2002,AVP,PA,AEA,EN,Towers with Radar,21,19,24,0,64,8,3,7,0,18,29,22,31,0,82,0,0,0,82
10/27/2002,AVP,PA,AEA,EN,Towers with Radar,23,22,26,0,71,5,1,45,0,51,28,23,71,0,122,143,0,143,265
10/28/2002,AVP,PA,AEA,EN,Towers with Radar,24,22,27,0,73,7,9,55,0,71,31,31,82,0,144,168,0,168,312
10/29/2002,AVP,PA,AEA,EN,Towers with Radar,33,32,25,0,90,0,0,20,1,21,33,32,45,1,111,56,0,56,167
10/30/2002,AVP,PA,AEA,EN,Towers with Radar,34,22,23,0,79,0,0,0,0,0,34,22,23,0,79,6,0,6,85
10/31/2002,AVP,PA,AEA,EN,Towers with Radar,23,27,26,0,76,0,0,27,0,27,23,27,53,0,103,136,0,136,239
11/01/2002,AVP,PA,AEA,EN,Towers with Radar,25,37,22,12,96,1,2,40,0,43,26,39,62,12,139,76,6,82,221
11/02/2002,AVP,PA,AEA,EN,Towers with Radar,27,23,17,0,67,1,4,24,0,29,28,27,41,0,96,44,0,44,140
11/03/2002,AVP,PA,AEA,EN,Towers with Radar,30,23,10,0,63,1,3,33,0,37,31,26,43,0,100,88,0,88,188
11/04/2002,AVP,PA,AEA,EN,Towers with Radar,24,25,23,0,72,10,6,19,1,36,34,31,42,1,108,82,0,82,190
11/05/2002,AVP,PA,AEA,EN,Towers with Radar,23,31,27,0,81,0,3,39,7,49,23,34,66,7,130,103,0,103,233
11/06/2002,AVP,PA,AEA,EN,Towers with Radar,27,29,13,7,76,1,0,3,1,5,28,29,16,8,81,0,6,6,87
11/07/2002,AVP,PA,AEA,EN,Towers with Radar,25,19,29,2,75,1,0,34,0,35,26,19,63,2,110,79,0,79,189
11/08/2002,AVP,PA,AEA,EN,Towers with Radar,26,22,25,0,73,1,0,61,0,62,27,22,86,0,135,110,0,110,245
11/09/2002,AVP,PA,AEA,EN,Towers with Radar,24,22,23,0,69,0,0,76,0,76,24,22,99,0,145,246,0,246,391
11/10/2002,AVP,PA,AEA,EN,Towers with Radar,24,24,22,0,70,2,0,15,0,17,26,24,37,0,87,6,0,6,93
11/11/2002,AVP,PA,AEA,EN,Towers with Radar,25,16,15,0,56,1,0,13,0,14,26,16,28,0,70,27,0,27,97
11/12/2002,AVP,PA,AEA,EN,Towers with Radar,22,24,24,1,71,0,0,0,1,1,22,24,24,2,72,0,0,0,72
11/13/2002,AVP,PA,AEA,EN,Towers with Radar,23,28,25,0,76,0,0,26,0,26,23,28,51,0,102,58,0,58,160
11/14/2002,AVP,PA,AEA,EN,Towers with Radar,28,32,54,5,119,1,0,90,0,91,29,32,144,5,210,170,26,196,406
11/15/2002,AVP,PA,AEA,EN,Towers with Radar,23,27,24,0,74,0,0,49,0,49,23,27,73,0,123,218,0,218,341
11/16/2002,AVP,PA,AEA,EN,Towers with Radar,22,19,5,0,46,1,0,7,0,8,23,19,12,0,54,0,0,0,54
11/17/2002,AVP,PA,AEA,EN,Towers with Radar,15,16,1,0,32,9,4,0,0,13,24,20,1,0,45,0,0,0,45
11/18/2002,AVP,PA,AEA,EN,Towers with Radar,22,27,24,1,74,0,3,29,1,33,22,30,53,2,107,34,0,34,141
11/19/2002,AVP,PA,AEA,EN,Towers with Radar,26,30,29,1,86,0,0,43,2,45,26,30,72,3,131,36,0,36,167
11/20/2002,AVP,PA,AEA,EN,Towers with Radar,29,21,32,1,83,0,2,63,0,65,29,23,95,1,148,208,0,208,356
11/21/2002,AVP,PA,AEA,EN,Towers with Radar,20,34,49,1,104,0,1,30,0,31,20,35,79,1,135,54,0,54,189
11/22/2002,AVP,PA,AEA,EN,Towers with Radar,18,36,36,0,90,0,1,0,0,1,18,37,36,0,91,0,0,0,91
11/23/2002,AVP,PA,AEA,EN,Towers with Radar,20,19,18,0,57,5,0,21,0,26,25,19,39,0,83,16,0,16,99
11/24/2002,AVP,PA,AEA,EN,Towers with Radar,23,22,20,0,65,3,6,80,0,89,26,28,100,0,154,200,0,200,354
11/25/2002,AVP,PA,AEA,EN,Towers with Radar,32,33,32,1,98,0,3,83,1,87,32,36,115,2,185,122,0,122,307
11/26/2002,AVP,PA,AEA,EN,Towers with Radar,26,23,28,0,77,0,0,62,0,62,26,23,90,0,139,114,0,114,253
11/27/2002,AVP,PA,AEA,EN,Towers with Radar,32,32,17,2,83,0,0,37,0,37,32,32,54,2,120,40,0,40,160
11/28/2002,AVP,PA,AEA,EN,Towers with Radar,24,17,5,0,46,0,0,16,0,16,24,17,21,0,62,46,0,46,108
11/29/2002,AVP,PA,AEA,EN,Towers with Radar,23,22,13,0,58,0,0,23,0,23,23,22,36,0,81,21,0,21,102
11/30/2002,AVP,PA,AEA,EN,Towers with Radar,26,20,14,0,60,0,0,37,0,37,26,20,51,0,97,54,0,54,151
12/01/2002,AVP,PA,AEA,EN,Towers with Radar,21,27,16,0,64,1,0,22,0,23,22,27,38,0,87,48,0,48,135
12/02/2002,AVP,PA,AEA,EN,Towers with Radar,22,21,37,0,80,0,0,27,0,27,22,21,64,0,107,102,0,102,209
12/03/2002,AVP,PA,AEA,EN,Towers with Radar,23,27,18,1,69,0,0,20,1,21,23,27,38,2,90,64,0,64,154
12/04/2002,AVP,PA,AEA,EN,Towers with Radar,26,24,24,1,75,0,0,39,10,49,26,24,63,11,124,94,14,108,232
12/05/2002,AVP,PA,AEA,EN,Towers with Radar,24,20,8,0,52,0,0,0,0,0,24,20,8,0,52,0,0,0,52
12/06/2002,AVP,PA,AEA,EN,Towers with Radar,31,31,31,2,95,0,0,22,1,23,31,31,53,3,118,40,0,40,158
12/07/2002,AVP,PA,AEA,EN,Towers with Radar,15,21,17,0,53,12,0,68,0,80,27,21,85,0,133,148,0,148,281
12/08/2002,AVP,PA,AEA,EN,Towers with Radar,19,21,20,0,60,6,0,0,0,6,25,21,20,0,66,20,0,20,86
12/09/2002,AVP,PA,AEA,EN,Towers with Radar,20,36,39,0,95,0,0,72,0,72,20,36,111,0,167,185,0,185,352
12/10/2002,AVP,PA,AEA,EN,Towers with Radar,30,50,44,1,125,0,0,113,0,113,30,50,157,1,238,250,0,250,488
12/11/2002,AVP,PA,AEA,EN,Towers with Radar,20,23,19,0,62,6,0,0,0,6,26,23,19,0,68,0,0,0,68
12/12/2002,AVP,PA,AEA,EN,Towers with Radar,38,51,47,1,137,0,0,44,5,49,38,51,91,6,186,0,0,0,186
12/13/2002,AVP,PA,AEA,EN,Towers with Radar,22,35,33,0,90,0,0,13,0,13,22,35,46,0,103,17,0,17,120
12/14/2002,AVP,PA,AEA,EN,Towers with Radar,14,31,4,0,49,0,0,0,0,0,14,31,4,0,49,0,0,0,49
12/15/2002,AVP,PA,AEA,EN,Towers with Radar,24,35,28,0,87,1,1,57,0,59,25,36,85,0,146,82,0,82,228
12/16/2002,AVP,PA,AEA,EN,Towers with Radar,35,50,41,1,127,2,15,25,0,42,37,65,66,1,169,14,0,14,183
12/17/2002,AVP,PA,AEA,EN,Towers with Radar,30,61,50,2,143,0,2,105,4,111,30,63,155,6,254,182,0,182,436
12/18/2002,AVP,PA,AEA,EN,Towers with Radar,23,33,41,13,110,1,0,86,1,88,24,33,127,14,198,142,12,154,352
12/19/2002,AVP,PA,AEA,EN,Towers with Radar,34,69,68,8,179,1,0,58,5,64,35,69,126,13,243,128,40,168,411
12/20/2002,AVP,PA,AEA,EN,Towers with Radar,25,30,22,6,83,1,0,19,0,20,26,30,41,6,103,86,0,86,189
12/21/2002,AVP,PA,AEA,EN,Towers with Radar,19,22,22,1,64,5,0,4,4,13,24,22,26,5,77,0,0,0,77
12/22/2002,AVP,PA,AEA,EN,Towers with Radar,25,43,35,0,103,0,9,74,0,83,25,52,109,0,186,191,0,191,377
12/23/2002,AVP,PA,AEA,EN,Towers with Radar,44,60,48,0,152,9,22,67,0,98,53,82,115,0,250,177,0,177,427
12/24/2002,AVP,PA,AEA,EN,Towers with Radar,16,29,19,0,64,0,0,41,0,41,16,29,60,0,105,148,0,148,253
12/25/2002,AVP,PA,AEA,EN,Towers with Radar,20,1,0,0,21,0,0,0,0,0,20,1,0,0,21,0,0,0,21
12/26/2002,AVP,PA,AEA,EN,Towers with Radar,30,20,8,0,58,0,0,12,0,12,30,20,20,0,70,6,0,6,76
12/27/2002,AVP,PA,AEA,EN,Towers with Radar,29,22,28,10,89,0,2,14,0,16,29,24,42,10,105,72,0,72,177
12/28/2002,AVP,PA,AEA,EN,Towers with Radar,16,24,20,0,60,7,8,33,0,48,23,32,53,0,108,102,0,102,210
12/29/2002,AVP,PA,AEA,EN,Towers with Radar,18,28,24,0,70,0,4,36,0,40,18,32,60,0,110,102,0,102,212
12/30/2002,AVP,PA,AEA,EN,Towers with Radar,43,58,49,2,152,4,6,126,0,136,47,64,175,2,288,140,0,140,428
12/31/2002,AVP,PA,AEA,EN,Towers with Radar,21,39,33,0,93,0,7,14,0,21,21,46,47,0,114,136,0,136,250
01/01/2003,AVP,PA,AEA,EN,Towers with Radar,14,22,12,0,48,1,0,0,0,1,15,22,12,0,49,0,0,0,49
01/02/2003,AVP,PA,AEA,EN,Towers with Radar,23,29,15,0,67,0,0,1,0,1,23,29,16,0,68,12,0,12,80
01/03/2003,AVP,PA,AEA,EN,Towers with Radar,22,18,2,0,42,1,0,0,0,1,23,18,2,0,43,0,0,0,43
01/04/2003,AVP,PA,AEA,EN,Towers with Radar,18,27,9,0,54,0,0,5,0,5,18,27,14,0,59,0,0,0,59
01/05/2003,AVP,PA,AEA,EN,Towers with Radar,14,18,7,0,39,0,0,10,0,10,14,18,17,0,49,84,0,84,133
01/06/2003,AVP,PA,AEA,EN,Towers with Radar,19,54,38,2,113,0,0,35,0,35,19,54,73,2,148,12,0,12,160
01/07/2003,AVP,PA,AEA,EN,Towers with Radar,38,46,51,3,138,0,0,42,1,43,38,46,93,4,181,124,0,124,305
01/08/2003,AVP,PA,AEA,EN,Towers with Radar,26,68,54,0,148,0,0,9,0,9,26,68,63,0,157,12,0,12,169
01/09/2003,AVP,PA,AEA,EN,Towers with Radar,22,54,39,1,116,0,32,18,0,50,22,86,57,1,166,49,0,49,215
01/10/2003,AVP,PA,AEA,EN,Towers with Radar,23,37,32,0,92,0,0,9,2,11,23,37,41,2,103,20,0,20,123
01/11/2003,AVP,PA,AEA,EN,Towers with Radar,22,20,17,0,59,1,1,34,0,36,23,21,51,0,95,46,0,46,141
01/12/2003,AVP,PA,AEA,EN,Towers with Radar,22,27,20,1,70,0,0,37,2,39,22,27,57,3,109,126,0,126,235
01/13/2003,AVP,PA,AEA,EN,Towers with Radar,30,44,31,0,105,0,5,26,0,31,30,49,57,0,136,85,0,85,221
01/14/2003,AVP,PA,AEA,EN,Towers with Radar,22,45,33,8,108,0,2,51,3,56,22,47,84,11,164,154,6,160,324
01/15/2003,AVP,PA,AEA,EN,Towers with Radar,32,33,21,1,87,0,0,44,0,44,32,33,65,1,131,118,0,118,249
01/16/2003,AVP,PA,AEA,EN,Towers with Radar,35,49,40,5,129,0,0,34,1,35,35,49,74,6,164,70,0,70,234
01/17/2003,AVP,PA,AEA,EN,Towers with Radar,24,33,28,1,86,5,0,16,5,26,29,33,44,6,112,68,0,68,180
01/18/2003,AVP,PA,AEA,EN,Towers with Radar,11,39,20,1,71,0,0,74,0,74,11,39,94,1,145,154,0,154,299
01/19/2003,AVP,PA,AEA,EN,Towers with Radar,17,32,23,0,72,0,0,28,0,28,17,32,51,0,100,78,0,78,178
01/20/2003,AVP,PA,AEA,EN,Towers with Radar,28,53,35,0,116,0,0,40,0,40,28,53,75,0,156,61,0,61,217
01/21/2003,AVP,PA,AEA,EN,Towers with Radar,29,33,35,0,97,0,0,29,0,29,29,33,64,0,126,128,0,128,254
01/22/2003,AVP,PA,AEA,EN,Towers with Radar,23,40,30,0,93,0,0,22,0,22,23,40,52,0,115,68,0,68,183
01/23/2003,AVP,PA,AEA,EN,Towers with Radar,30,35,48,0,113,0,0,21,0,21,30,35,69,0,134,44,0,44,178
01/24/2003,AVP,PA,AEA,EN,Towers with Radar,20,37,27,1,85,0,0,32,3,35,20,37,59,4,120,80,0,80,200
01/25/2003,AVP,PA,AEA,EN,Towers with Radar,13,22,16,0,51,5,2,58,0,65,18,24,74,0,116,128,0,128,244
01/26/2003,AVP,PA,AEA,EN,Towers with Radar,23,37,27,0,87,1,4,23,0,28,24,41,50,0,115,110,0,110,225
01/27/2003,AVP,PA,AEA,EN,Towers with Radar,33,38,24,3,98,0,0,57,2,59,33,38,81,5,157,64,4,68,225
01/28/2003,AVP,PA,AEA,EN,Towers with Radar,25,41,38,2,106,0,0,37,0,37,25,41,75,2,143,41,2,43,186
01/29/2003,AVP,PA,AEA,EN,Towers with Radar,25,39,33,0,97,0,0,16,0,16,25,39,49,0,113,12,0,12,125
01/30/2003,AVP,PA,AEA,EN,Towers with Radar,25,37,26,0,88,0,0,57,1,58,25,37,83,1,146,222,0,222,368
01/31/2003,AVP,PA,AEA,EN,Towers with Radar,23,45,49,1,118,0,0,46,0,46,23,45,95,1,164,42,0,42,206
02/01/2003,AVP,PA,AEA,EN,Towers with Radar,14,23,20,0,57,0,0,42,0,42,14,23,62,0,99,136,0,136,235
02/02/2003,AVP,PA,AEA,EN,Towers with Radar,24,46,40,1,111,0,0,56,0,56,24,46,96,1,167,42,0,42,209
02/03/2003,AVP,PA,AEA,EN,Towers with Radar,14,20,12,1,47,3,6,0,0,9,17,26,12,1,56,42,0,42,98
02/04/2003,AVP,PA,AEA,EN,Towers with Radar,19,27,17,2,65,1,1,1,0,3,20,28,18,2,68,24,0,24,92
02/05/2003,AVP,PA,AEA,EN,Towers with Radar,33,48,46,0,127,1,0,53,0,54,34,48,99,0,181,44,0,44,225
02/06/2003,AVP,PA,AEA,EN,Towers with Radar,34,37,43,0,114,1,2,73,0,76,35,39,116,0,190,184,0,184,374
02/07/2003,AVP,PA,AEA,EN,Towers with Radar,17,37,9,0,63,1,0,0,0,1,18,37,9,0,64,0,0,0,64
02/08/2003,AVP,PA,AEA,EN,Towers with Radar,24,23,39,0,86,1,0,102,0,103,25,23,141,0,189,301,0,301,490
02/09/2003,AVP,PA,AEA,EN,Towers with Radar,24,35,27,0,86,1,0,54,0,55,25,35,81,0,141,96,0,96,237
02/10/2003,AVP,PA,AEA,EN,Towers with Radar,19,27,37,0,83,1,0,2,0,3,20,27,39,0,86,0,0,0,86
02/11/2003,AVP,PA,AEA,EN,Towers with Radar,24,40,34,0,98,1,0,54,0,55,25,40,88,0,153,114,0,114,267
02/12/2003,AVP,PA,AEA,EN,Towers with Radar,23,32,15,0,70,1,0,14,1,16,24,32,29,1,86,14,0,14,100
02/13/2003,AVP,PA,AEA,EN,Towers with Radar,26,41,38,0,105,1,0,33,0,34,27,41,71,0,139,62,0,62,201
02/14/2003,AVP,PA,AEA,EN,Towers with Radar,25,31,17,0,73,1,3,32,0,36,26,34,49,0,109,54,0,54,163
02/15/2003,AVP,PA,AEA,EN,Towers with Radar,26,27,15,0,68,1,4,40,0,45,27,31,55,0,113,134,0,134,247
02/16/2003,AVP,PA,AEA,EN,Towers with Radar,0,18,7,0,25,0,1,14,28,43,0,19,21,28,68,40,0,40,108
02/17/2003,AVP,PA,AEA,EN,Towers with Radar,2,3,0,0,5,1,0,0,0,1,3,3,0,0,6,0,0,0,6
02/18/2003,AVP,PA,AEA,EN,Towers with Radar,20,25,11,0,56,1,1,3,0,5,21,26,14,0,61,0,0,0,61
02/19/2003,AVP,PA,AEA,EN,Towers with Radar,31,31,21,0,83,1,0,22,0,23,32,31,43,0,106,50,0,50,156
02/20/2003,AVP,PA,AEA,EN,Towers with Radar,24,34,34,12,104,0,1,75,0,76,24,35,109,12,180,234,0,234,414
02/21/2003,AVP,PA,AEA,EN,Towers with Radar,19,29,26,13,87,0,1,80,10,91,19,30,106,23,178,117,14,131,309
02/22/2003,AVP,PA,AEA,EN,Towers with Radar,21,19,3,0,43,0,1,1,0,2,21,20,4,0,45,4,0,4,49
02/23/2003,AVP,PA,AEA,EN,Towers with Radar,27,24,5,0,56,0,1,2,0,3,27,25,7,0,59,2,0,2,61
02/24/2003,AVP,PA,AEA,EN,Towers with Radar,25,31,18,1,75,0,1,15,0,16,25,32,33,1,91,2,0,2,93
02/25/2003,AVP,PA,AEA,EN,Towers with Radar,29,35,22,0,86,0,1,35,0,36,29,36,57,0,122,104,0,104,226
02/26/2003,AVP,PA,AEA,EN,Towers with Radar,29,24,42,0,95,0,1,39,0,40,29,25,81,0,135,78,0,78,213
02/27/2003,AVP,PA,AEA,EN,Towers with Radar,29,32,32,0,93,0,1,35,0,36,29,33,67,0,129,82,0,82,211
02/28/2003,AVP,PA,AEA,EN,Towers with Radar,22,32,12,0,66,0,2,70,0,72,22,34,82,0,138,97,0,97,235
03/01/2003,AVP,PA,AEA,EN,Towers with Radar,20,25,19,0,64,1,0,11,1,13,21,25,30,1,77,82,0,82,159
03/02/2003,AVP,PA,AEA,EN,Towers with Radar,22,26,14,0,62,0,0,9,0,9,22,26,23,0,71,40,0,40,111
03/03/2003,AVP,PA,AEA,EN,Towers with Radar,24,31,27,0,82,2,1,55,0,58,26,32,82,0,140,128,0,128,268
03/04/2003,AVP,PA,AEA,EN,Towers with Radar,38,56,53,0,147,1,5,43,5,54,39,61,96,5,201,134,0,134,335
03/05/2003,AVP,PA,AEA,EN,Towers with Radar,19,30,11,0,60,1,1,1,0,3,20,31,12,0,63,2,0,2,65
03/06/2003,AVP,PA,AEA,EN,Towers with Radar,32,36,18,0,86,1,0,3,0,4,33,36,21,0,90,0,0,0,90
03/07/2003,AVP,PA,AEA,EN,Towers with Radar,26,35,37,0,98,1,1,59,0,61,27,36,96,0,159,181,0,181,340
03/08/2003,AVP,PA,AEA,EN,Towers with Radar,20,25,25,17,87,0,1,68,1,70,20,26,93,18,157,97,2,99,256
03/09/2003,AVP,PA,AEA,EN,Towers with Radar,27,17,13,0,57,0,1,16,0,17,27,18,29,0,74,4,0,4,78
03/10/2003,AVP,PA,AEA,EN,Towers with Radar,26,32,21,0,79,0,6,33,2,41,26,38,54,2,120,34,0,34,154
03/11/2003,AVP,PA,AEA,EN,Towers with Radar,26,31,22,0,79,0,1,57,1,59,26,32,79,1,138,62,0,62,200
03/12/2003,AVP,PA,AEA,EN,Towers with Radar,23,37,28,0,88,0,2,25,0,27,23,39,53,0,115,104,0,104,219
03/13/2003,AVP,PA,AEA,EN,Towers with Radar,32,34,36,2,104,0,1,6,0,7,32,35,42,2,111,6,0,6,117
03/14/2003,AVP,PA,AEA,EN,Towers with Radar,24,29,25,0,78,0,1,62,4,67,24,30,87,4,145,154,0,154,299
03/15/2003,AVP,PA,AEA,EN,Towers with Radar,22,25,41,1,89,0,4,90,2,96,22,29,131,3,185,205,0,205,390
03/16/2003,AVP,PA,AEA,EN,Towers with Radar,24,27,48,0,99,0,3,80,0,83,24,30,128,0,182,212,0,212,394
03/17/2003,AVP,PA,AEA,EN,Towers with Radar,24,34,29,0,87,0,2,59,0,61,24,36,88,0,148,128,0,128,276
03/18/2003,AVP,PA,AEA,EN,Towers with Radar,25,34,32,0,91,0,1,36,0,37,25,35,68,0,128,80,0,80,208
03/19/2003,AVP,PA,AEA,EN,Towers with Radar,23,27,26,1,77,0,0,35,0,35,23,27,61,1,112,122,0,122,234
03/20/2003,AVP,PA,AEA,EN,Towers with Radar,25,24,14,0,63,0,0,2,0,2,25,24,16,0,65,32,0,32,97
03/21/2003,AVP,PA,AEA,EN,Towers with Radar,20,31,27,0,78,0,0,37,0,37,20,31,64,0,115,154,0,154,269
03/22/2003,AVP,PA,AEA,EN,Towers with Radar,28,23,28,0,79,0,0,70,0,70,28,23,98,0,149,134,0,134,283
03/23/2003,AVP,PA,AEA,EN,Towers with Radar,23,18,19,0,60,0,0,49,0,49,23,18,68,0,109,147,0,147,256
03/24/2003,AVP,PA,AEA,EN,Towers with Radar,28,34,31,2,95,0,0,56,0,56,28,34,87,2,151,183,0,183,334
03/25/2003,AVP,PA,AEA,EN,Towers with Radar,28,37,40,0,105,0,1,64,4,69,28,38,104,4,174,114,0,114,288
03/26/2003,AVP,PA,AEA,EN,Towers with Radar,29,37,35,0,101,0,0,9,0,9,29,37,44,0,110,41,0,41,151
03/27/2003,AVP,PA,AEA,EN,Towers with Radar,33,34,35,1,103,0,0,57,1,58,33,34,92,2,161,133,0,133,294
03/28/2003,AVP,PA,AEA,EN,Towers with Radar,25,31,34,0,90,0,0,30,0,30,25,31,64,0,120,150,0,150,270
03/29/2003,AVP,PA,AEA,EN,Towers with Radar,12,31,13,0,56,0,0,9,0,9,12,31,22,0,65,36,0,36,101
03/30/2003,AVP,PA,AEA,EN,Towers with Radar,20,25,15,0,60,0,0,3,0,3,20,25,18,0,63,0,0,0,63
03/31/2003,AVP,PA,AEA,EN,Towers with Radar,30,36,38,0,104,0,3,49,0,52,30,39,87,0,156,144,0,144,300
04/01/2003,AVP,PA,AEA,EN,Towers with Radar,22,32,22,0,76,1,1,4,0,6,23,33,26,0,82,6,0,6,88
04/02/2003,AVP,PA,AEA,EN,Towers with Radar,21,27,7,0,55,0,0,32,2,34,21,27,39,2,89,76,0,76,165
04/03/2003,AVP,PA,AEA,EN,Towers with Radar,29,21,28,8,86,0,5,21,3,29,29,26,49,11,115,135,10,145,260
04/04/2003,AVP,PA,AEA,EN,Towers with Radar,17,33,37,0,87,0,0,6,0,6,17,33,43,0,93,4,0,4,97
04/05/2003,AVP,PA,AEA,EN,Towers with Radar,21,21,6,0,48,0,0,2,0,2,21,21,8,0,50,0,0,0,50
04/06/2003,AVP,PA,AEA,EN,Towers with Radar,18,31,32,1,82,0,0,56,0,56,18,31,88,1,138,148,0,148,286
04/07/2003,AVP,PA,AEA,EN,Towers with Radar,12,29,11,0,52,0,2,5,0,7,12,31,16,0,59,2,0,2,61
04/08/2003,AVP,PA,AEA,EN,Towers with Radar,13,34,15,0,62,0,0,1,0,1,13,34,16,0,63,14,0,14,77
04/09/2003,AVP,PA,AEA,EN,Towers with Radar,26,38,34,0,98,0,0,13,0,13,26,38,47,0,111,4,0,4,115
04/10/2003,AVP,PA,AEA,EN,Towers with Radar,18,32,45,0,95,0,0,49,0,49,18,32,94,0,144,142,0,142,286
04/11/2003,AVP,PA,AEA,EN,Towers with Radar,20,56,17,2,95,0,0,0,0,0,20,56,17,2,95,0,0,0,95
04/12/2003,AVP,PA,AEA,EN,Towers with Radar,27,32,20,0,79,0,0,57,2,59,27,32,77,2,138,120,0,120,258
04/13/2003,AVP,PA,AEA,EN,Towers with Radar,25,30,23,6,84,0,4,84,0,88,25,34,107,6,172,286,0,286,458
04/14/2003,AVP,PA,AEA,EN,Towers with Radar,29,42,30,0,101,0,0,62,0,62,29,42,92,0,163,177,0,177,340
04/15/2003,AVP,PA,AEA,EN,Towers with Radar,22,66,57,0,145,0,3,54,0,57,22,69,111,0,202,156,0,156,358
04/16/2003,AVP,PA,AEA,EN,Towers with Radar,21,35,14,0,70,0,2,38,2,42,21,37,52,2,112,68,0,68,180
04/17/2003,AVP,PA,AEA,EN,Towers with Radar,45,63,33,1,142,0,0,51,0,51,45,63,84,1,193,54,0,54,247
04/18/2003,AVP,PA,AEA,EN,Towers with Radar,27,29,15,1,72,0,0,0,0,0,27,29,15,1,72,74,0,74,146
04/19/2003,AVP,PA,AEA,EN,Towers with Radar,21,30,26,0,77,0,0,71,0,71,21,30,97,0,148,168,0,168,316
04/20/2003,AVP,PA,AEA,EN,Towers with Radar,26,29,24,0,79,0,0,62,0,62,26,29,86,0,141,185,0,185,326
04/21/2003,AVP,PA,AEA,EN,Towers with Radar,32,49,43,0,124,0,0,40,0,40,32,49,83,0,164,150,0,150,314
04/22/2003,AVP,PA,AEA,EN,Towers with Radar,29,35,40,0,104,0,2,29,0,31,29,37,69,0,135,62,0,62,197
04/23/2003,AVP,PA,AEA,EN,Towers with Radar,30,33,20,0,83,0,0,18,2,20,30,33,38,2,103,90,0,90,193
04/24/2003,AVP,PA,AEA,EN,Towers with Radar,40,32,30,0,102,0,1,53,0,54,40,33,83,0,156,153,0,153,309
04/25/2003,AVP,PA,AEA,EN,Towers with Radar,25,36,42,1,104,0,1,66,0,67,25,37,108,1,171,197,4,201,372
04/26/2003,AVP,PA,AEA,EN,Towers with Radar,25,22,13,0,60,0,0,0,0,0,25,22,13,0,60,0,0,0,60
04/27/2003,AVP,PA,AEA,EN,Towers with Radar,29,18,33,0,80,0,6,88,0,94,29,24,121,0,174,300,0,300,474
04/28/2003,AVP,PA,AEA,EN,Towers with Radar,44,52,54,0,150,0,0,78,0,78,44,52,132,0,228,164,0,164,392
04/29/2003,AVP,PA,AEA,EN,Towers with Radar,39,25,57,2,123,0,0,48,4,52,39,25,105,6,175,131,0,131,306
04/30/2003,AVP,PA,AEA,EN,Towers with Radar,25,30,16,13,84,0,0,60,0,60,25,30,76,13,144,166,0,166,310
05/01/2003,AVP,PA,AEA,EN,Towers with Radar,26,41,40,8,115,0,0,20,0,20,26,41,60,8,135,64,0,64,199
05/02/2003,AVP,PA,AEA,EN,Towers with Radar,32,33,32,7,104,0,0,17,0,17,32,33,49,7,121,36,32,68,189
05/03/2003,AVP,PA,AEA,EN,Towers with Radar,27,20,22,0,69,1,2,51,0,54,28,22,73,0,123,144,0,144,267
05/04/2003,AVP,PA,AEA,EN,Towers with Radar,28,16,34,0,78,0,0,71,0,71,28,16,105,0,149,224,0,224,373
05/05/2003,AVP,PA,AEA,EN,Towers with Radar,24,36,25,0,85,0,0,16,0,16,24,36,41,0,101,42,0,42,143
05/06/2003,AVP,PA,AEA,EN,Towers with Radar,34,44,48,10,136,0,0,11,0,11,34,44,59,10,147,94,4,98,245
05/07/2003,AVP,PA,AEA,EN,Towers with Radar,24,33,26,1,84,0,0,23,0,23,24,33,49,1,107,106,0,106,213
05/08/2003,AVP,PA,AEA,EN,Towers with Radar,23,55,56,7,141,0,3,40,0,43,23,58,96,7,184,143,0,143,327
05/09/2003,AVP,PA,AEA,EN,Towers with Radar,28,39,31,0,98,0,0,66,0,66,28,39,97,0,164,192,0,192,356
05/10/2003,AVP,PA,AEA,EN,Towers with Radar,20,26,20,0,66,0,1,21,0,22,20,27,41,0,88,58,0,58,146
05/11/2003,AVP,PA,AEA,EN,Towers with Radar,34,53,15,0,102,0,1,2,0,3,34,54,17,0,105,1,0,1,106
05/12/2003,AVP,PA,AEA,EN,Towers with Radar,24,40,19,0,83,0,0,10,0,10,24,40,29,0,93,5,0,5,98
05/13/2003,AVP,PA,AEA,EN,Towers with Radar,30,30,52,0,112,0,0,12,0,12,30,30,64,0,124,24,0,24,148
05/14/2003,AVP,PA,AEA,EN,Towers with Radar,23,42,39,0,104,0,0,36,4,40,23,42,75,4,144,91,0,91,235
05/15/2003,AVP,PA,AEA,EN,Towers with Radar,25,48,51,1,125,0,1,88,0,89,25,49,139,1,214,244,0,244,458
05/16/2003,AVP,PA,AEA,EN,Towers with Radar,20,35,22,7,84,0,0,15,0,15,20,35,37,7,99,22,14,36,135
05/17/2003,AVP,PA,AEA,EN,Towers with Radar,25,25,31,0,81,0,0,45,0,45,25,25,76,0,126,197,0,197,323
05/18/2003,AVP,PA,AEA,EN,Towers with Radar,20,32,30,14,96,0,1,75,0,76,20,33,105,14,172,261,0,261,433
05/19/2003,AVP,PA,AEA,EN,Towers with Radar,22,43,42,1,108,0,0,117,3,120,22,43,159,4,228,331,0,331,559
05/20/2003,AVP,PA,AEA,EN,Towers with Radar,24,42,34,0,100,0,3,66,1,70,24,45,100,1,170,122,0,122,292
05/21/2003,AVP,PA,AEA,EN,Towers with Radar,25,43,40,1,109,0,0,9,0,9,25,43,49,1,118,20,0,20,138
05/22/2003,AVP,PA,AEA,EN,Towers with Radar,33,40,54,0,127,0,1,23,0,24,33,41,77,0,151,48,0,48,199
05/23/2003,AVP,PA,AEA,EN,Towers with Radar,28,37,19,0,84,0,0,12,0,12,28,37,31,0,96,32,0,32,128
05/24/2003,AVP,PA,AEA,EN,Towers with Radar,24,30,18,0,72,0,0,5,0,5,24,30,23,0,77,8,0,8,85
05/25/2003,AVP,PA,AEA,EN,Towers with Radar,26,19,18,0,63,0,1,8,0,9,26,20,26,0,72,69,0,69,141
05/26/2003,AVP,PA,AEA,EN,Towers with Radar,27,36,45,0,108,0,1,7,0,8,27,37,52,0,116,16,0,16,132
05/27/2003,AVP,PA,AEA,EN,Towers with Radar,44,57,35,0,136,0,2,50,0,52,44,59,85,0,188,100,0,100,288
05/28/2003,AVP,PA,AEA,EN,Towers with Radar,28,34,42,0,104,0,0,13,0,13,28,34,55,0,117,16,0,16,133
05/29/2003,AVP,PA,AEA,EN,Towers with Radar,42,41,72,11,166,0,1,66,0,67,42,42,138,11,233,136,18,154,387
05/30/2003,AVP,PA,AEA,EN,Towers with Radar,25,38,31,4,98,0,0,87,0,87,25,38,118,4,185,230,0,230,415
05/31/2003,AVP,PA,AEA,EN,Towers with Radar,25,24,24,0,73,0,0,10,0,10,25,24,34,0,83,24,0,24,107
06/01/2003,AVP,PA,AEA,EN,Towers with Radar,25,32,27,0,84,0,5,1,0,6,25,37,28,0,90,6,0,6,96
06/02/2003,AVP,PA,AEA,EN,Towers with Radar,23,42,32,0,97,0,1,75,0,76,23,43,107,0,173,193,0,193,366
06/03/2003,AVP,PA,AEA,EN,Towers with Radar,31,52,60,18,161,0,0,33,0,33,31,52,93,18,194,60,12,72,266
06/04/2003,AVP,PA,AEA,EN,Towers with Radar,22,34,40,8,104,0,0,3,0,3,22,34,43,8,107,64,0,64,171
06/05/2003,AVP,PA,AEA,EN,Towers with Radar,24,43,88,0,155,0,0,45,0,45,24,43,133,0,200,129,0,129,329
06/06/2003,AVP,PA,AEA,EN,Towers with Radar,22,46,57,0,125,0,2,112,1,115,22,48,169,1,240,243,0,243,483
06/07/2003,AVP,PA,AEA,EN,Towers with Radar,18,29,26,0,73,0,2,2,0,4,18,31,28,0,77,0,0,0,77
06/08/2003,AVP,PA,AEA,EN,Towers with Radar,38,31,142,2,213,0,0,123,1,124,38,31,265,3,337,313,12,325,662
06/09/2003,AVP,PA,AEA,EN,Towers with Radar,38,37,67,1,143,0,1,64,0,65,38,38,131,1,208,174,0,174,382
06/10/2003,AVP,PA,AEA,EN,Towers with Radar,28,34,41,4,107,0,0,78,0,78,28,34,119,4,185,255,0,255,440
06/11/2003,AVP,PA,AEA,EN,Towers with Radar,24,40,25,0,89,0,0,12,0,12,24,40,37,0,101,60,0,60,161
06/12/2003,AVP,PA,AEA,EN,Towers with Radar,31,41,27,0,99,0,0,4,0,4,31,41,31,0,103,0,0,0,103
06/13/2003,AVP,PA,AEA,EN,Towers with Radar,22,42,17,0,81,0,1,5,0,6,22,43,22,0,87,4,0,4,91
06/14/2003,AVP,PA,AEA,EN,Towers with Radar,21,47,36,0,104,0,0,35,0,35,21,47,71,0,139,128,0,128,267
06/15/2003,AVP,PA,AEA,EN,Towers with Radar,28,21,20,0,69,0,2,81,0,83,28,23,101,0,152,142,0,142,294
06/16/2003,AVP,PA,AEA,EN,Towers with Radar,20,39,36,0,95,0,1,67,0,68,20,40,103,0,163,158,0,158,321
06/17/2003,AVP,PA,AEA,EN,Towers with Radar,31,33,53,6,123,0,0,66,1,67,31,33,119,7,190,210,4,214,404
06/18/2003,AVP,PA,AEA,EN,Towers with Radar,25,33,43,2,103,0,3,5,1,9,25,36,48,3,112,34,0,34,146
06/19/2003,AVP,PA,AEA,EN,Towers with Radar,27,50,26,11,114,0,1,25,0,26,27,51,51,11,140,133,16,149,289
06/20/2003,AVP,PA,AEA,EN,Towers with Radar,27,31,34,0,92,0,0,1,0,1,27,31,35,0,93,20,0,20,113
06/21/2003,AVP,PA,AEA,EN,Towers with Radar,23,28,13,0,64,0,0,0,0,0,23,28,13,0,64,4,0,4,68
06/22/2003,AVP,PA,AEA,EN,Towers with Radar,23,40,41,0,104,0,0,18,0,18,23,40,59,0,122,37,0,37,159
06/23/2003,AVP,PA,AEA,EN,Towers with Radar,21,49,40,0,110,0,4,72,0,76,21,53,112,0,186,159,0,159,345
06/24/2003,AVP,PA,AEA,EN,Towers with Radar,28,34,30,0,92,0,0,67,0,67,28,34,97,0,159,163,0,163,322
06/25/2003,AVP,PA,AEA,EN,Towers with Radar,31,34,41,3,109,0,1,76,2,79,31,35,117,5,188,162,0,162,350
06/26/2003,AVP,PA,AEA,EN,Towers with Radar,25,39,43,0,107,0,0,51,0,51,25,39,94,0,158,174,0,174,332
06/27/2003,AVP,PA,AEA,EN,Towers with Radar,24,46,36,0,106,0,0,50,0,50,24,46,86,0,156,184,0,184,340
06/28/2003,AVP,PA,AEA,EN,Towers with Radar,21,32,36,0,89,0,1,97,0,98,21,33,133,0,187,258,0,258,445
06/29/2003,AVP,PA,AEA,EN,Towers with Radar,14,36,36,0,86,0,1,58,0,59,14,37,94,0,145,189,0,189,334
06/30/2003,AVP,PA,AEA,EN,Towers with Radar,20,44,32,0,96,0,0,79,0,79,20,44,111,0,175,131,0,131,306
07/01/2003,AVP,PA,AEA,EN,Towers with Radar,28,39,35,17,119,0,0,59,0,59,28,39,94,17,178,176,50,226,404
07/02/2003,AVP,PA,AEA,EN,Towers with Radar,22,39,36,0,97,0,0,72,1,73,22,39,108,1,170,100,0,100,270
07/03/2003,AVP,PA,AEA,EN,Towers with Radar,26,35,33,0,94,0,1,55,0,56,26,36,88,0,150,149,0,149,299
07/04/2003,AVP,PA,AEA,EN,Towers with Radar,19,24,10,0,53,0,0,35,0,35,19,24,45,0,88,118,0,118,206
07/05/2003,AVP,PA,AEA,EN,Towers with Radar,20,28,16,0,64,0,1,41,0,42,20,29,57,0,106,105,0,105,211
07/06/2003,AVP,PA,AEA,EN,Towers with Radar,20,33,33,0,86,0,0,82,0,82,20,33,115,0,168,158,0,158,326
07/07/2003,AVP,PA,AEA,EN,Towers with Radar,23,31,23,0,77,0,0,44,0,44,23,31,67,0,121,70,0,70,191
07/08/2003,AVP,PA,AEA,EN,Towers with Radar,20,35,24,2,81,0,2,60,3,65,20,37,84,5,146,86,4,90,236
07/09/2003,AVP,PA,AEA,EN,Towers with Radar,22,33,25,0,80,0,0,10,0,10,22,33,35,0,90,51,0,51,141
07/10/2003,AVP,PA,AEA,EN,Towers with Radar,19,37,21,2,79,0,1,39,1,41,19,38,60,3,120,78,0,78,198
07/11/2003,AVP,PA,AEA,EN,Towers with Radar,23,35,22,0,80,0,1,33,0,34,23,36,55,0,114,72,0,72,186
07/12/2003,AVP,PA,AEA,EN,Towers with Radar,21,29,34,1,85,0,6,74,0,80,21,35,108,1,165,125,0,125,290
07/13/2003,AVP,PA,AEA,EN,Towers with Radar,17,29,31,0,77,0,0,81,0,81,17,29,112,0,158,138,0,138,296
07/14/2003,AVP,PA,AEA,EN,Towers with Radar,18,37,32,8,95,0,2,75,3,80,18,39,107,11,175,110,46,156,331
07/15/2003,AVP,PA,AEA,EN,Towers with Radar,28,37,58,3,126,0,0,59,0,59,28,37,117,3,185,183,56,239,424
07/16/2003,AVP,PA,AEA,EN,Towers with Radar,20,35,34,2,91,0,0,34,0,34,20,35,68,2,125,96,50,146,271
07/17/2003,AVP,PA,AEA,EN,Towers with Radar,26,43,37,15,121,0,1,64,10,75,26,44,101,25,196,190,24,214,410
07/18/2003,AVP,PA,AEA,EN,Towers with Radar,30,44,49,2,125,0,0,27,0,27,30,44,76,2,152,28,0,28,180
07/19/2003,AVP,PA,AEA,EN,Towers with Radar,18,30,24,1,73,0,0,82,3,85,18,30,106,4,158,156,0,156,314
07/20/2003,AVP,PA,AEA,EN,Towers with Radar,22,33,30,0,85,0,3,65,0,68,22,36,95,0,153,106,0,106,259
07/21/2003,AVP,PA,AEA,EN,Towers with Radar,13,43,31,0,87,0,0,35,1,36,13,43,66,1,123,38,0,38,161
07/22/2003,AVP,PA,AEA,EN,Towers with Radar,32,59,50,13,154,0,2,20,0,22,32,61,70,13,176,34,0,34,210
07/23/2003,AVP,PA,AEA,EN,Towers with Radar,32,38,27,12,109,0,0,7,0,7,32,38,34,12,116,22,24,46,162
07/24/2003,AVP,PA,AEA,EN,Towers with Radar,26,39,75,1,141,0,0,31,1,32,26,39,106,2,173,104,0,104,277
07/25/2003,AVP,PA,AEA,EN,Towers with Radar,21,38,21,10,90,0,0,115,4,119,21,38,136,14,209,182,0,182,391
07/26/2003,AVP,PA,AEA,EN,Towers with Radar,14,38,46,1,99,0,2,80,0,82,14,40,126,1,181,128,0,128,309
07/27/2003,AVP,PA,AEA,EN,Towers with Radar,24,39,96,0,159,7,2,85,1,95,31,41,181,1,254,282,0,282,536
07/28/2003,AVP,PA,AEA,EN,Towers with Radar,22,43,41,4,110,0,5,58,0,63,22,48,99,4,173,136,0,136,309
07/29/2003,AVP,PA,AEA,EN,Towers with Radar,34,36,68,3,141,0,2,86,1,89,34,38,154,4,230,220,4,224,454
07/30/2003,AVP,PA,AEA,EN,Towers with Radar,29,39,31,2,101,0,0,79,1,80,29,39,110,3,181,115,0,115,296
07/31/2003,AVP,PA,AEA,EN,Towers with Radar,29,39,34,1,103,0,0,63,2,65,29,39,97,3,168,146,0,146,314
08/01/2003,AVP,PA,AEA,EN,Towers with Radar,20,32,34,0,86,0,0,8,0,8,20,32,42,0,94,0,0,0,94
08/02/2003,AVP,PA,AEA,EN,Towers with Radar,24,34,35,0,93,0,0,44,0,44,24,34,79,0,137,139,0,139,276
08/03/2003,AVP,PA,AEA,EN,Towers with Radar,19,29,26,0,74,0,1,38,0,39,19,30,64,0,113,124,0,124,237
08/04/2003,AVP,PA,AEA,EN,Towers with Radar,27,44,44,0,115,0,3,8,0,11,27,47,52,0,126,23,0,23,149
08/05/2003,AVP,PA,AEA,EN,Towers with Radar,30,29,26,0,85,0,0,4,0,4,30,29,30,0,89,11,0,11,100
08/06/2003,AVP,PA,AEA,EN,Towers with Radar,28,34,19,0,81,0,0,14,0,14,28,34,33,0,95,25,0,25,120
08/07/2003,AVP,PA,AEA,EN,Towers with Radar,24,35,32,2,93,0,0,30,0,30,24,35,62,2,123,55,0,55,178
08/08/2003,AVP,PA,AEA,EN,Towers with Radar,24,33,11,0,68,1,5,21,0,27,25,38,32,0,95,46,0,46,141
08/09/2003,AVP,PA,AEA,EN,Towers with Radar,21,25,11,0,57,0,0,8,0,8,21,25,19,0,65,18,0,18,83
08/10/2003,AVP,PA,AEA,EN,Towers with Radar,22,33,26,0,81,0,0,18,0,18,22,33,44,0,99,39,0,39,138
08/11/2003,AVP,PA,AEA,EN,Towers with Radar,28,31,23,0,82,0,1,4,0,5,28,32,27,0,87,6,0,6,93
08/12/2003,AVP,PA,AEA,EN,Towers with Radar,29,49,48,2,128,0,2,30,0,32,29,51,78,2,160,121,0,121,281
08/13/2003,AVP,PA,AEA,EN,Towers with Radar,28,38,25,4,95,0,2,41,0,43,28,40,66,4,138,143,0,143,281
08/14/2003,AVP,PA,AEA,EN,Towers with Radar,26,36,41,4,107,0,1,81,1,83,26,37,122,5,190,142,0,142,332
08/15/2003,AVP,PA,AEA,EN,Towers with Radar,21,31,24,2,78,0,0,58,0,58,21,31,82,2,136,135,0,135,271
08/16/2003,AVP,PA,AEA,EN,Towers with Radar,23,22,13,0,58,0,2,13,0,15,23,24,26,0,73,68,0,68,141
08/17/2003,AVP,PA,AEA,EN,Towers with Radar,25,27,24,2,78,0,0,44,1,45,25,27,68,3,123,125,0,125,248
08/18/2003,AVP,PA,AEA,EN,Towers with Radar,29,52,64,0,145,0,0,69,0,69,29,52,133,0,214,134,0,134,348
08/19/2003,AVP,PA,AEA,EN,Towers with Radar,25,37,47,1,110,0,0,83,0,83,25,37,130,1,193,138,0,138,331
08/20/2003,AVP,PA,AEA,EN,Towers with Radar,28,29,37,0,94,0,0,80,3,83,28,29,117,3,177,153,0,153,330
08/21/2003,AVP,PA,AEA,EN,Towers with Radar,25,31,36,4,96,0,2,54,2,58,25,33,90,6,154,91,4,95,249
08/22/2003,AVP,PA,AEA,EN,Towers with Radar,20,37,33,0,90,0,0,16,0,16,20,37,49,0,106,14,0,14,120
08/23/2003,AVP,PA,AEA,EN,Towers with Radar,20,32,25,1,78,0,1,116,0,117,20,33,141,1,195,152,0,152,347
08/24/2003,AVP,PA,AEA,EN,Towers with Radar,17,32,18,0,67,0,0,80,0,80,17,32,98,0,147,177,0,177,324
08/25/2003,AVP,PA,AEA,EN,Towers with Radar,22,35,22,0,79,0,0,73,0,73,22,35,95,0,152,148,0,148,300
08/26/2003,AVP,PA,AEA,EN,Towers with Radar,42,49,57,18,166,0,2,51,1,54,42,51,108,19,220,88,0,88,308
08/27/2003,AVP,PA,AEA,EN,Towers with Radar,24,26,21,3,74,0,2,43,0,45,24,28,64,3,119,82,0,82,201
08/28/2003,AVP,PA,AEA,EN,Towers with Radar,25,43,35,5,108,0,0,81,0,81,25,43,116,5,189,183,0,183,372
08/29/2003,AVP,PA,AEA,EN,Towers with Radar,18,41,23,2,84,0,0,17,0,17,18,41,40,2,101,74,0,74,175
08/30/2003,AVP,PA,AEA,EN,Towers with Radar,21,33,20,0,74,0,0,33,0,33,21,33,53,0,107,37,0,37,144
08/31/2003,AVP,PA,AEA,EN,Towers with Radar,24,17,32,1,74,0,5,66,0,71,24,22,98,1,145,136,0,136,281
09/01/2003,AVP,PA,AEA,EN,Towers with Radar,24,31,20,0,75,0,0,2,0,2,24,31,22,0,77,2,0,2,79
09/02/2003,AVP,PA,AEA,EN,Towers with Radar,24,31,33,6,94,0,0,4,0,4,24,31,37,6,98,42,0,42,140
09/03/2003,AVP,PA,AEA,EN,Towers with Radar,26,31,33,0,90,0,0,0,0,0,26,31,33,0,90,0,0,0,90
09/04/2003,AVP,PA,AEA,EN,Towers with Radar,26,32,40,4,102,0,1,26,0,27,26,33,66,4,129,49,0,49,178
09/05/2003,AVP,PA,AEA,EN,Towers with Radar,27,32,24,0,83,0,0,37,1,38,27,32,61,1,121,86,0,86,207
09/06/2003,AVP,PA,AEA,EN,Towers with Radar,28,31,34,0,93,0,0,78,0,78,28,31,112,0,171,122,0,122,293
09/07/2003,AVP,PA,AEA,EN,Towers with Radar,29,18,16,0,63,0,0,88,0,88,29,18,104,0,151,88,0,88,239
09/08/2003,AVP,PA,AEA,EN,Towers with Radar,36,29,32,4,101,0,1,61,0,62,36,30,93,4,163,86,0,86,249
09/09/2003,AVP,PA,AEA,EN,Towers with Radar,26,35,28,0,89,0,3,50,0,53,26,38,78,0,142,106,0,106,248
09/10/2003,AVP,PA,AEA,EN,Towers with Radar,26,32,31,0,89,0,2,56,2,60,26,34,87,2,149,200,0,200,349
09/11/2003,AVP,PA,AEA,EN,Towers with Radar,22,32,36,6,96,0,1,52,1,54,22,33,88,7,150,170,2,172,322
09/12/2003,AVP,PA,AEA,EN,Towers with Radar,22,39,34,1,96,0,0,55,0,55,22,39,89,1,151,164,0,164,315
09/13/2003,AVP,PA,AEA,EN,Towers with Radar,25,29,22,0,76,0,0,0,0,0,25,29,22,0,76,20,0,20,96
09/14/2003,AVP,PA,AEA,EN,Towers with Radar,36,24,24,0,84,0,0,20,0,20,36,24,44,0,104,68,0,68,172
09/15/2003,AVP,PA,AEA,EN,Towers with Radar,28,36,20,1,85,0,0,11,1,12,28,36,31,2,97,12,0,12,109
09/16/2003,AVP,PA,AEA,EN,Towers with Radar,31,24,32,8,95,0,3,101,0,104,31,27,133,8,199,194,8,202,401
09/17/2003,AVP,PA,AEA,EN,Towers with Radar,30,28,27,1,86,0,0,90,0,90,30,28,117,1,176,213,0,213,389
09/18/2003,AVP,PA,AEA,EN,Towers with Radar,19,28,12,0,59,0,0,22,0,22,19,28,34,0,81,36,0,36,117
09/19/2003,AVP,PA,AEA,EN,Towers with Radar,25,24,2,0,51,0,0,4,0,4,25,24,6,0,55,0,0,0,55
09/20/2003,AVP,PA,AEA,EN,Towers with Radar,27,29,22,0,78,0,0,58,1,59,27,29,80,1,137,72,0,72,209
09/21/2003,AVP,PA,AEA,EN,Towers with Radar,32,28,31,0,91,0,2,77,0,79,32,30,108,0,170,164,0,164,334
09/22/2003,AVP,PA,AEA,EN,Towers with Radar,26,30,18,0,74,0,3,23,0,26,26,33,41,0,100,63,0,63,163
09/23/2003,AVP,PA,AEA,EN,Towers with Radar,30,43,31,7,111,0,0,26,0,26,30,43,57,7,137,34,0,34,171
09/24/2003,AVP,PA,AEA,EN,Towers with Radar,29,38,33,0,100,0,1,80,0,81,29,39,113,0,181,163,0,163,344
09/25/2003,AVP,PA,AEA,EN,Towers with Radar,30,29,30,1,90,0,2,21,1,24,30,31,51,2,114,48,0,48,162
09/26/2003,AVP,PA,AEA,EN,Towers with Radar,30,33,46,2,111,0,0,40,0,40,30,33,86,2,151,105,0,105,256
09/27/2003,AVP,PA,AEA,EN,Towers with Radar,24,30,24,0,78,0,0,25,0,25,24,30,49,0,103,100,0,100,203
09/28/2003,AVP,PA,AEA,EN,Towers with Radar,29,22,26,0,77,0,4,18,0,22,29,26,44,0,99,106,0,106,205
09/29/2003,AVP,PA,AEA,EN,Towers with Radar,25,28,14,0,67,0,4,40,0,44,25,32,54,0,111,181,0,181,292
09/30/2003,AVP,PA,AEA,EN,Towers with Radar,31,32,35,0,98,0,4,85,0,89,31,36,120,0,187,252,0,252,439
10/01/2003,AVP,PA,AEA,EN,Towers with Radar,31,32,34,0,97,0,5,31,0,36,31,37,65,0,133,71,0,71,204
10/02/2003,AVP,PA,AEA,EN,Towers with Radar,27,34,27,0,88,0,0,30,0,30,27,34,57,0,118,189,0,189,307
10/03/2003,AVP,PA,AEA,EN,Towers with Radar,26,37,21,0,84,0,0,62,2,64,26,37,83,2,148,237,0,237,385
10/04/2003,AVP,PA,AEA,EN,Towers with Radar,29,28,17,0,74,0,1,9,0,10,29,29,26,0,84,12,0,12,96
10/05/2003,AVP,PA,AEA,EN,Towers with Radar,30,18,22,11,81,0,4,49,0,53,30,22,71,11,134,68,0,68,202
10/06/2003,AVP,PA,AEA,EN,Towers with Radar,29,30,33,9,101,0,1,50,3,54,29,31,83,12,155,149,12,161,316
10/07/2003,AVP,PA,AEA,EN,Towers with Radar,30,35,40,1,106,0,4,67,0,71,30,39,107,1,177,186,0,186,363
10/08/2003,AVP,PA,AEA,EN,Towers with Radar,27,31,22,0,80,0,0,43,0,43,27,31,65,0,123,137,0,137,260
10/09/2003,AVP,PA,AEA,EN,Towers with Radar,36,38,28,0,102,0,1,63,0,64,36,39,91,0,166,179,0,179,345
10/10/2003,AVP,PA,AEA,EN,Towers with Radar,24,47,52,1,124,0,0,57,1,58,24,47,109,2,182,207,0,207,389
10/11/2003,AVP,PA,AEA,EN,Towers with Radar,24,26,25,1,76,0,0,69,6,75,24,26,94,7,151,158,0,158,309
10/12/2003,AVP,PA,AEA,EN,Towers with Radar,30,25,21,0,76,0,2,57,0,59,30,27,78,0,135,160,0,160,295
10/13/2003,AVP,PA,AEA,EN,Towers with Radar,32,32,42,0,106,0,0,77,0,77,32,32,119,0,183,181,0,181,364
10/14/2003,AVP,PA,AEA,EN,Towers with Radar,24,36,32,0,92,0,0,29,1,30,24,36,61,1,122,69,0,69,191
10/15/2003,AVP,PA,AEA,EN,Towers with Radar,29,28,16,0,73,0,4,6,0,10,29,32,22,0,83,16,0,16,99
10/16/2003,AVP,PA,AEA,EN,Towers with Radar,25,35,33,0,93,0,3,41,0,44,25,38,74,0,137,102,0,102,239
10/17/2003,AVP,PA,AEA,EN,Towers with Radar,29,30,22,0,81,0,0,23,0,23,29,30,45,0,104,80,0,80,184
10/18/2003,AVP,PA,AEA,EN,Towers with Radar,29,22,25,1,77,0,0,50,2,52,29,22,75,3,129,90,2,92,221
10/19/2003,AVP,PA,AEA,EN,Towers with Radar,27,27,37,0,91,0,1,45,0,46,27,28,82,0,137,102,0,102,239
10/20/2003,AVP,PA,AEA,EN,Towers with Radar,32,33,38,2,105,0,0,79,0,79,32,33,117,2,184,224,0,224,408
10/21/2003,AVP,PA,AEA,EN,Towers with Radar,33,33,30,0,96,0,4,42,0,46,33,37,72,0,142,140,0,140,282
10/22/2003,AVP,PA,AEA,EN,Towers with Radar,16,46,23,0,85,0,2,44,1,47,16,48,67,1,132,70,0,70,202
10/23/2003,AVP,PA,AEA,EN,Towers with Radar,34,42,50,1,127,0,0,48,2,50,34,42,98,3,177,134,0,134,311
10/24/2003,AVP,PA,AEA,EN,Towers with Radar,30,34,29,0,93,0,2,77,0,79,30,36,106,0,172,201,0,201,373
10/25/2003,AVP,PA,AEA,EN,Towers with Radar,20,35,16,0,71,0,4,71,0,75,20,39,87,0,146,111,0,111,257
10/26/2003,AVP,PA,AEA,EN,Towers with Radar,21,33,28,0,82,0,0,12,0,12,21,33,40,0,94,38,0,38,132
10/27/2003,AVP,PA,AEA,EN,Towers with Radar,20,47,24,0,91,0,1,1,0,2,20,48,25,0,93,4,0,4,97
10/28/2003,AVP,PA,AEA,EN,Towers with Radar,24,47,34,8,113,0,2,47,0,49,24,49,81,8,162,222,0,222,384
10/29/2003,AVP,PA,AEA,EN,Towers with Radar,22,33,19,0,74,0,0,5,1,6,22,33,24,1,80,4,0,4,84
10/30/2003,AVP,PA,AEA,EN,Towers with Radar,32,33,20,2,87,0,2,56,2,60,32,35,76,4,147,140,0,140,287
10/31/2003,AVP,PA,AEA,EN,Towers with Radar,29,33,23,1,86,0,3,60,2,65,29,36,83,3,151,112,0,112,263
11/01/2003,AVP,PA,AEA,EN,Towers with Radar,28,32,16,0,76,0,3,57,1,61,28,35,73,1,137,131,0,131,268
11/02/2003,AVP,PA,AEA,EN,Towers with Radar,22,43,35,0,100,0,0,29,0,29,22,43,64,0,129,58,0,58,187
11/03/2003,AVP,PA,AEA,EN,Towers with Radar,16,37,26,6,85,0,0,67,0,67,16,37,93,6,152,246,52,298,450
11/04/2003,AVP,PA,AEA,EN,Towers with Radar,21,34,32,0,87,0,1,28,0,29,21,35,60,0,116,54,0,54,170
11/05/2003,AVP,PA,AEA,EN,Towers with Radar,33,42,18,0,93,0,0,0,0,0,33,42,18,0,93,0,0,0,93
11/06/2003,AVP,PA,AEA,EN,Towers with Radar,24,49,22,9,104,0,0,6,0,6,24,49,28,9,110,72,10,82,192
11/07/2003,AVP,PA,AEA,EN,Towers with Radar,27,32,24,1,84,0,0,78,0,78,27,32,102,1,162,206,0,206,368
11/08/2003,AVP,PA,AEA,EN,Towers with Radar,23,31,19,2,75,0,0,50,0,50,23,31,69,2,125,49,0,49,174
11/09/2003,AVP,PA,AEA,EN,Towers with Radar,25,30,10,0,65,0,3,76,0,79,25,33,86,0,144,170,0,170,314
11/10/2003,AVP,PA,AEA,EN,Towers with Radar,27,34,18,0,79,0,2,49,2,53,27,36,67,2,132,129,0,129,261
11/11/2003,AVP,PA,AEA,EN,Towers with Radar,29,43,35,0,107,0,0,21,0,21,29,43,56,0,128,32,0,32,160
11/12/2003,AVP,PA,AEA,EN,Towers with Radar,28,47,15,0,90,0,0,0,0,0,28,47,15,0,90,10,0,10,100
11/13/2003,AVP,PA,AEA,EN,Towers with Radar,25,43,14,2,84,0,0,2,0,2,25,43,16,2,86,0,0,0,86
11/14/2003,AVP,PA,AEA,EN,Towers with Radar,20,45,10,3,78,0,0,2,3,5,20,45,12,6,83,10,28,38,121
11/15/2003,AVP,PA,AEA,EN,Towers with Radar,16,30,20,3,69,0,0,56,3,59,16,30,76,6,128,132,0,132,260
11/16/2003,AVP,PA,AEA,EN,Towers with Radar,25,28,24,0,77,0,3,28,0,31,25,31,52,0,108,100,0,100,208
11/17/2003,AVP,PA,AEA,EN,Towers with Radar,23,38,33,36,130,0,0,29,0,29,23,38,62,36,159,78,24,102,261
11/18/2003,AVP,PA,AEA,EN,Towers with Radar,19,44,27,0,90,0,0,7,0,7,19,44,34,0,97,18,0,18,115
11/19/2003,AVP,PA,AEA,EN,Towers with Radar,28,37,23,0,88,0,3,0,0,3,28,40,23,0,91,0,0,0,91
11/20/2003,AVP,PA,AEA,EN,Towers with Radar,25,29,28,2,84,0,1,24,0,25,25,30,52,2,109,78,0,78,187
11/21/2003,AVP,PA,AEA,EN,Towers with Radar,18,36,32,1,87,0,3,90,1,94,18,39,122,2,181,200,0,200,381
11/22/2003,AVP,PA,AEA,EN,Towers with Radar,19,30,32,0,81,0,0,87,0,87,19,30,119,0,168,229,0,229,397
11/23/2003,AVP,PA,AEA,EN,Towers with Radar,24,35,36,0,95,0,1,104,0,105,24,36,140,0,200,309,0,309,509
11/24/2003,AVP,PA,AEA,EN,Towers with Radar,23,49,27,0,99,0,2,34,2,38,23,51,61,2,137,82,0,82,219
11/25/2003,AVP,PA,AEA,EN,Towers with Radar,26,44,56,3,129,1,1,56,0,58,27,45,112,3,187,174,0,174,361
11/26/2003,AVP,PA,AEA,EN,Towers with Radar,26,48,44,3,121,0,0,55,0,55,26,48,99,3,176,82,0,82,258
11/27/2003,AVP,PA,AEA,EN,Towers with Radar,20,39,16,0,75,0,0,31,0,31,20,39,47,0,106,80,0,80,186
11/28/2003,AVP,PA,AEA,EN,Towers with Radar,29,34,9,0,72,0,1,2,0,3,29,35,11,0,75,8,0,8,83
11/29/2003,AVP,PA,AEA,EN,Towers with Radar,30,32,13,0,75,0,1,2,0,3,30,33,15,0,78,6,0,6,84
11/30/2003,AVP,PA,AEA,EN,Towers with Radar,14,34,24,0,72,0,6,94,0,100,14,40,118,0,172,158,0,158,330
12/01/2003,AVP,PA,AEA,EN,Towers with Radar,21,35,15,0,71,0,1,15,1,17,21,36,30,1,88,30,0,30,118
12/02/2003,AVP,PA,AEA,EN,Towers with Radar,27,39,26,0,92,0,0,13,0,13,27,39,39,0,105,4,0,4,109
12/03/2003,AVP,PA,AEA,EN,Towers with Radar,25,34,22,0,81,0,0,46,0,46,25,34,68,0,127,111,0,111,238
12/04/2003,AVP,PA,AEA,EN,Towers with Radar,23,46,16,0,85,0,1,50,0,51,23,47,66,0,136,129,0,129,265
12/05/2003,AVP,PA,AEA,EN,Towers with Radar,20,38,18,0,76,0,0,8,0,8,20,38,26,0,84,38,0,38,122
12/06/2003,AVP,PA,AEA,EN,Towers with Radar,30,31,10,0,71,0,0,9,0,9,30,31,19,0,80,38,0,38,118
12/07/2003,AVP,PA,AEA,EN,Towers with Radar,23,31,12,0,66,0,0,4,0,4,23,31,16,0,70,0,0,0,70
12/08/2003,AVP,PA,AEA,EN,Towers with Radar,33,31,20,0,84,0,2,39,0,41,33,33,59,0,125,106,0,106,231
12/09/2003,AVP,PA,AEA,EN,Towers with Radar,23,35,31,0,89,0,2,41,0,43,23,37,72,0,132,120,0,120,252
12/10/2003,AVP,PA,AEA,EN,Towers with Radar,26,38,23,1,88,0,0,11,0,11,26,38,34,1,99,14,12,26,125
12/11/2003,AVP,PA,AEA,EN,Towers with Radar,24,41,22,0,87,0,0,1,0,1,24,41,23,0,88,0,0,0,88
12/12/2003,AVP,PA,AEA,EN,Towers with Radar,21,34,22,0,77,0,1,25,2,28,21,35,47,2,105,54,0,54,159
12/13/2003,AVP,PA,AEA,EN,Towers with Radar,15,26,25,3,69,0,3,82,0,85,15,29,107,3,154,134,0,134,288
12/14/2003,AVP,PA,AEA,EN,Towers with Radar,22,22,4,0,48,0,1,0,0,1,22,23,4,0,49,0,0,0,49
12/15/2003,AVP,PA,AEA,EN,Towers with Radar,24,45,26,0,95,0,2,8,0,10,24,47,34,0,105,12,0,12,117
12/16/2003,AVP,PA,AEA,EN,Towers with Radar,18,38,24,7,87,0,3,41,3,47,18,41,65,10,134,102,0,102,236
12/17/2003,AVP,PA,AEA,EN,Towers with Radar,23,26,15,2,66,0,0,5,0,5,23,26,20,2,71,0,0,0,71
12/18/2003,AVP,PA,AEA,EN,Towers with Radar,24,32,24,0,80,0,2,10,0,12,24,34,34,0,92,26,0,26,118
12/19/2003,AVP,PA,AEA,EN,Towers with Radar,20,40,9,0,69,0,0,28,0,28,20,40,37,0,97,88,0,88,185
12/20/2003,AVP,PA,AEA,EN,Towers with Radar,27,28,32,0,87,0,0,9,0,9,27,28,41,0,96,5,0,5,101
12/21/2003,AVP,PA,AEA,EN,Towers with Radar,28,27,9,0,64,0,2,41,0,43,28,29,50,0,107,62,0,62,169
12/22/2003,AVP,PA,AEA,EN,Towers with Radar,24,31,24,0,79,0,2,34,0,36,24,33,58,0,115,54,0,54,169
12/23/2003,AVP,PA,AEA,EN,Towers with Radar,35,54,42,1,132,0,2,46,0,48,35,56,88,1,180,34,0,34,214
12/24/2003,AVP,PA,AEA,EN,Towers with Radar,30,45,24,0,99,0,0,0,0,0,30,45,24,0,99,0,0,0,99
12/25/2003,AVP,PA,AEA,EN,Towers with Radar,21,23,5,0,49,0,0,3,0,3,21,23,8,0,52,0,0,0,52
12/26/2003,AVP,PA,AEA,EN,Towers with Radar,21,35,15,2,73,0,0,22,0,22,21,35,37,2,95,51,0,51,146
12/27/2003,AVP,PA,AEA,EN,Towers with Radar,26,25,19,0,70,0,0,44,0,44,26,25,63,0,114,179,0,179,293
12/28/2003,AVP,PA,AEA,EN,Towers with Radar,30,24,16,0,70,0,0,78,0,78,30,24,94,0,148,198,0,198,346
12/29/2003,AVP,PA,AEA,EN,Towers with Radar,26,29,19,0,74,0,28,69,0,97,26,57,88,0,171,159,0,159,330
12/30/2003,AVP,PA,AEA,EN,Towers with Radar,23,48,4,0,75,0,0,7,0,7,23,48,11,0,82,7,0,7,89
12/31/2003,AVP,PA,AEA,EN,Towers with Radar,18,36,25,0,79,0,2,65,0,67,18,38,90,0,146,100,0,100,246
01/01/2004,AVP,PA,AEA,EN,Towers with Radar,22,33,17,0,72,0,6,46,0,52,22,39,63,0,124,74,0,74,198
01/02/2004,AVP,PA,AEA,EN,Towers with Radar,22,33,6,0,61,0,0,5,1,6,22,33,11,1,67,36,0,36,103
01/03/2004,AVP,PA,AEA,EN,Towers with Radar,19,44,36,2,101,0,0,0,0,0,19,44,36,2,101,4,0,4,105
01/04/2004,AVP,PA,AEA,EN,Towers with Radar,23,27,17,0,67,0,1,2,0,3,23,28,19,0,70,0,0,0,70
01/05/2004,AVP,PA,AEA,EN,Towers with Radar,17,36,24,0,77,0,1,2,0,3,17,37,26,0,80,2,0,2,82
01/06/2004,AVP,PA,AEA,EN,Towers with Radar,29,37,33,0,99,0,1,23,0,24,29,38,56,0,123,8,0,8,131
01/07/2004,AVP,PA,AEA,EN,Towers with Radar,20,33,18,9,80,0,0,10,1,11,20,33,28,10,91,54,6,60,151
01/08/2004,AVP,PA,AEA,EN,Towers with Radar,25,34,12,10,81,0,0,20,0,20,25,34,32,10,101,48,0,48,149
01/09/2004,AVP,PA,AEA,EN,Towers with Radar,24,28,14,1,67,0,2,19,1,22,24,30,33,2,89,60,0,60,149
01/10/2004,AVP,PA,AEA,EN,Towers with Radar,23,27,20,4,74,0,0,68,0,68,23,27,88,4,142,108,0,108,250
01/11/2004,AVP,PA,AEA,EN,Towers with Radar,34,25,13,0,72,0,0,47,0,47,34,25,60,0,119,86,0,86,205
01/12/2004,AVP,PA,AEA,EN,Towers with Radar,35,35,16,0,86,0,2,9,0,11,35,37,25,0,97,3,0,3,100
01/13/2004,AVP,PA,AEA,EN,Towers with Radar,35,33,15,0,83,0,0,2,0,2,35,33,17,0,85,4,0,4,89
01/14/2004,AVP,PA,AEA,EN,Towers with Radar,26,38,18,1,83,0,0,10,2,12,26,38,28,3,95,31,0,31,126
01/15/2004,AVP,PA,AEA,EN,Towers with Radar,28,37,18,0,83,0,1,16,0,17,28,38,34,0,100,42,0,42,142
01/16/2004,AVP,PA,AEA,EN,Towers with Radar,30,35,21,2,88,0,0,26,0,26,30,35,47,2,114,60,0,60,174
01/17/2004,AVP,PA,AEA,EN,Towers with Radar,28,39,33,0,100,0,4,58,0,62,28,43,91,0,162,134,0,134,296
01/18/2004,AVP,PA,AEA,EN,Towers with Radar,28,22,10,2,62,0,0,7,0,7,28,22,17,2,69,0,0,0,69
01/19/2004,AVP,PA,AEA,EN,Towers with Radar,31,41,33,0,105,0,0,18,0,18,31,41,51,0,123,31,0,31,154
01/20/2004,AVP,PA,AEA,EN,Towers with Radar,25,40,31,6,102,0,0,35,0,35,25,40,66,6,137,68,0,68,205
01/21/2004,AVP,PA,AEA,EN,Towers with Radar,32,34,38,1,105,0,2,42,3,47,32,36,80,4,152,76,0,76,228
01/22/2004,AVP,PA,AEA,EN,Towers with Radar,28,33,30,0,91,0,0,13,0,13,28,33,43,0,104,29,0,29,133
01/23/2004,AVP,PA,AEA,EN,Towers with Radar,33,29,22,0,84,0,0,26,1,27,33,29,48,1,111,24,0,24,135
01/24/2004,AVP,PA,AEA,EN,Towers with Radar,26,28,2,0,56,0,12,7,0,19,26,40,9,0,75,3,0,3,78
01/25/2004,AVP,PA,AEA,EN,Towers with Radar,31,26,20,0,77,0,0,42,0,42,31,26,62,0,119,82,0,82,201
01/26/2004,AVP,PA,AEA,EN,Towers with Radar,23,25,4,0,52,0,2,0,0,2,23,27,4,0,54,0,0,0,54
01/27/2004,AVP,PA,AEA,EN,Towers with Radar,23,28,4,0,55,0,0,5,23,28,23,28,9,23,83,0,0,0,83
01/28/2004,AVP,PA,AEA,EN,Towers with Radar,35,27,8,0,70,0,0,2,0,2,35,27,10,0,72,0,0,0,72
01/29/2004,AVP,PA,AEA,EN,Towers with Radar,26,27,20,0,73,0,1,17,1,19,26,28,37,1,92,84,0,84,176
01/30/2004,AVP,PA,AEA,EN,Towers with Radar,25,33,21,0,79,0,2,20,0,22,25,35,41,0,101,66,0,66,167
01/31/2004,AVP,PA,AEA,EN,Towers with Radar,25,48,20,0,93,0,1,42,0,43,25,49,62,0,136,72,0,72,208
02/01/2004,AVP,PA,AEA,EN,Towers with Radar,24,18,26,0,68,0,2,42,0,44,24,20,68,0,112,108,0,108,220
02/02/2004,AVP,PA,AEA,EN,Towers with Radar,28,31,28,1,88,0,0,42,0,42,28,31,70,1,130,134,0,134,264
02/03/2004,AVP,PA,AEA,EN,Towers with Radar,31,32,15,0,78,0,0,2,0,2,31,32,17,0,80,2,0,2,82
02/04/2004,AVP,PA,AEA,EN,Towers with Radar,26,44,31,13,114,0,2,40,8,50,26,46,71,21,164,64,0,64,228
02/05/2004,AVP,PA,AEA,EN,Towers with Radar,27,36,31,0,94,0,0,52,1,53,27,36,83,1,147,127,0,127,274
02/06/2004,AVP,PA,AEA,EN,Towers with Radar,28,30,7,0,65,0,0,0,0,0,28,30,7,0,65,0,0,0,65
02/07/2004,AVP,PA,AEA,EN,Towers with Radar,24,29,12,0,65,0,1,3,0,4,24,30,15,0,69,6,0,6,75
02/08/2004,AVP,PA,AEA,EN,Towers with Radar,30,19,26,0,75,0,1,48,0,49,30,20,74,0,124,118,0,118,242
02/09/2004,AVP,PA,AEA,EN,Towers with Radar,24,22,13,1,60,0,4,17,0,21,24,26,30,1,81,20,0,20,101
02/10/2004,AVP,PA,AEA,EN,Towers with Radar,34,36,43,1,114,0,4,53,0,57,34,40,96,1,171,139,0,139,310
02/11/2004,AVP,PA,AEA,EN,Towers with Radar,33,24,27,0,84,0,1,23,1,25,33,25,50,1,109,49,0,49,158
02/12/2004,AVP,PA,AEA,EN,Towers with Radar,28,29,25,1,83,0,4,31,0,35,28,33,56,1,118,126,0,126,244
02/13/2004,AVP,PA,AEA,EN,Towers with Radar,24,31,20,0,75,0,8,41,0,49,24,39,61,0,124,138,0,138,262
02/14/2004,AVP,PA,AEA,EN,Towers with Radar,19,39,32,0,90,0,3,68,0,71,19,42,100,0,161,228,0,228,389
02/15/2004,AVP,PA,AEA,EN,Towers with Radar,18,32,18,0,68,0,1,57,0,58,18,33,75,0,126,101,0,101,227
02/16/2004,AVP,PA,AEA,EN,Towers with Radar,35,26,21,0,82,0,4,49,0,53,35,30,70,0,135,142,0,142,277
02/17/2004,AVP,PA,AEA,EN,Towers with Radar,27,30,25,0,82,0,1,38,0,39,27,31,63,0,121,66,0,66,187
02/18/2004,AVP,PA,AEA,EN,Towers with Radar,26,20,27,2,75,0,2,37,2,41,26,22,64,4,116,113,0,113,229
02/19/2004,AVP,PA,AEA,EN,Towers with Radar,28,28,31,0,87,0,5,14,1,20,28,33,45,1,107,77,0,77,184
02/20/2004,AVP,PA,AEA,EN,Towers with Radar,31,35,39,0,105,0,3,37,0,40,31,38,76,0,145,121,0,121,266
02/21/2004,AVP,PA,AEA,EN,Towers with Radar,34,27,9,0,70,0,2,11,0,13,34,29,20,0,83,10,0,10,93
02/22/2004,AVP,PA,AEA,EN,Towers with Radar,29,22,19,0,70,0,4,22,0,26,29,26,41,0,96,30,0,30,126
02/23/2004,AVP,PA,AEA,EN,Towers with Radar,34,27,33,0,94,0,7,59,0,66,34,34,92,0,160,118,0,118,278
02/24/2004,AVP,PA,AEA,EN,Towers with Radar,28,35,20,0,83,0,1,3,0,4,28,36,23,0,87,0,0,0,87
02/25/2004,AVP,PA,AEA,EN,Towers with Radar,35,37,56,0,128,0,0,57,0,57,35,37,113,0,185,102,0,102,287
02/26/2004,AVP,PA,AEA,EN,Towers with Radar,35,42,39,3,119,0,5,55,4,64,35,47,94,7,183,109,0,109,292
02/27/2004,AVP,PA,AEA,EN,Towers with Radar,26,35,25,0,86,0,9,54,0,63,26,44,79,0,149,127,0,127,276
02/28/2004,AVP,PA,AEA,EN,Towers with Radar,28,18,22,0,68,0,2,93,0,95,28,20,115,0,163,258,0,258,421
02/29/2004,AVP,PA,AEA,EN,Towers with Radar,29,19,16,1,65,0,2,87,0,89,29,21,103,1,154,234,0,234,388
03/01/2004,AVP,PA,AEA,EN,Towers with Radar,35,31,23,0,89,0,0,47,0,47,35,31,70,0,136,169,0,169,305
03/02/2004,AVP,PA,AEA,EN,Towers with Radar,32,36,36,7,111,0,1,31,0,32,32,37,67,7,143,139,22,161,304
03/03/2004,AVP,PA,AEA,EN,Towers with Radar,33,25,31,0,89,0,0,34,0,34,33,25,65,0,123,134,0,134,257
03/04/2004,AVP,PA,AEA,EN,Towers with Radar,32,36,39,1,108,0,2,3,0,5,32,38,42,1,113,18,0,18,131
03/05/2004,AVP,PA,AEA,EN,Towers with Radar,38,44,11,0,93,0,0,8,0,8,38,44,19,0,101,30,0,30,131
03/06/2004,AVP,PA,AEA,EN,Towers with Radar,23,20,22,0,65,0,0,1,0,1,23,20,23,0,66,0,0,0,66
03/07/2004,AVP,PA,AEA,EN,Towers with Radar,27,19,35,1,82,0,1,51,7,59,27,20,86,8,141,109,0,109,250
03/08/2004,AVP,PA,AEA,EN,Towers with Radar,29,42,22,14,107,0,0,6,0,6,29,42,28,14,113,89,10,99,212
03/09/2004,AVP,PA,AEA,EN,Towers with Radar,26,31,24,4,85,0,0,10,0,10,26,31,34,4,95,29,0,29,124
03/10/2004,AVP,PA,AEA,EN,Towers with Radar,31,42,43,8,124,0,0,44,0,44,31,42,87,8,168,186,0,186,354
03/11/2004,AVP,PA,AEA,EN,Towers with Radar,28,33,32,1,94,0,3,60,1,64,28,36,92,2,158,253,0,253,411
03/12/2004,AVP,PA,AEA,EN,Towers with Radar,28,43,23,1,95,0,3,11,0,14,28,46,34,1,109,32,0,32,141
03/13/2004,AVP,PA,AEA,EN,Towers with Radar,16,38,18,1,73,0,0,52,4,56,16,38,70,5,129,158,0,158,287
03/14/2004,AVP,PA,AEA,EN,Towers with Radar,30,21,31,5,87,0,4,64,0,68,30,25,95,5,155,124,0,124,279
03/15/2004,AVP,PA,AEA,EN,Towers with Radar,22,36,21,0,79,0,2,73,0,75,22,38,94,0,154,124,0,124,278
03/16/2004,AVP,PA,AEA,EN,Towers with Radar,29,26,14,0,69,0,0,1,0,1,29,26,15,0,70,0,0,0,70
03/17/2004,AVP,PA,AEA,EN,Towers with Radar,33,29,27,9,98,0,1,10,0,11,33,30,37,9,109,26,0,26,135
03/18/2004,AVP,PA,AEA,EN,Towers with Radar,25,35,22,1,83,0,2,14,0,16,25,37,36,1,99,48,0,48,147
03/19/2004,AVP,PA,AEA,EN,Towers with Radar,33,27,15,0,75,0,3,23,0,26,33,30,38,0,101,104,0,104,205
03/20/2004,AVP,PA,AEA,EN,Towers with Radar,31,34,26,0,91,0,1,31,0,32,31,35,57,0,123,132,0,132,255
03/21/2004,AVP,PA,AEA,EN,Towers with Radar,23,40,13,0,76,0,4,9,0,13,23,44,22,0,89,22,0,22,111
03/22/2004,AVP,PA,AEA,EN,Towers with Radar,27,33,20,4,84,0,1,29,0,30,27,34,49,4,114,42,0,42,156
03/23/2004,AVP,PA,AEA,EN,Towers with Radar,22,41,45,3,111,0,1,56,1,58,22,42,101,4,169,205,0,205,374
03/24/2004,AVP,PA,AEA,EN,Towers with Radar,38,36,34,1,109,0,1,68,2,71,38,37,102,3,180,148,10,158,338
03/25/2004,AVP,PA,AEA,EN,Towers with Radar,29,37,32,15,113,0,1,29,0,30,29,38,61,15,143,96,8,104,247
03/26/2004,AVP,PA,AEA,EN,Towers with Radar,27,35,23,4,89,0,0,65,0,65,27,35,88,4,154,238,0,238,392
03/27/2004,AVP,PA,AEA,EN,Towers with Radar,23,28,52,9,112,0,0,70,0,70,23,28,122,9,182,150,0,150,332
03/28/2004,AVP,PA,AEA,EN,Towers with Radar,26,33,43,0,102,0,1,124,0,125,26,34,167,0,227,232,0,232,459
03/29/2004,AVP,PA,AEA,EN,Towers with Radar,35,32,21,1,89,0,5,57,0,62,35,37,78,1,151,168,0,168,319
03/30/2004,AVP,PA,AEA,EN,Towers with Radar,39,38,45,6,128,0,2,68,2,72,39,40,113,8,200,198,4,202,402
03/31/2004,AVP,PA,AEA,EN,Towers with Radar,27,35,40,0,102,0,0,21,0,21,27,35,61,0,123,84,0,84,207
04/01/2004,AVP,PA,AEA,EN,Towers with Radar,30,29,38,0,97,0,0,1,0,1,30,29,39,0,98,10,0,10,108
04/02/2004,AVP,PA,AEA,EN,Towers with Radar,31,38,25,0,94,11,0,4,0,15,42,38,29,0,109,15,0,15,124
04/03/2004,AVP,PA,AEA,EN,Towers with Radar,21,29,27,0,77,0,0,15,0,15,21,29,42,0,92,42,0,42,134
04/04/2004,AVP,PA,AEA,EN,Towers with Radar,29,23,10,0,62,0,0,2,0,2,29,23,12,0,64,0,0,0,64
04/05/2004,AVP,PA,AEA,EN,Towers with Radar,35,36,27,0,98,0,2,17,0,19,35,38,44,0,117,30,0,30,147
04/06/2004,AVP,PA,AEA,EN,Towers with Radar,35,36,36,0,107,0,2,57,0,59,35,38,93,0,166,130,0,130,296
04/07/2004,AVP,PA,AEA,EN,Towers with Radar,34,33,33,0,100,0,1,41,1,43,34,34,74,1,143,144,0,144,287
04/08/2004,AVP,PA,AEA,EN,Towers with Radar,32,38,29,2,101,0,1,41,0,42,32,39,70,2,143,106,0,106,249
04/09/2004,AVP,PA,AEA,EN,Towers with Radar,32,36,31,2,101,0,0,36,1,37,32,36,67,3,138,154,0,154,292
04/10/2004,AVP,PA,AEA,EN,Towers with Radar,28,28,25,0,81,0,4,69,0,73,28,32,94,0,154,202,0,202,356
04/11/2004,AVP,PA,AEA,EN,Towers with Radar,22,31,18,0,71,0,0,18,0,18,22,31,36,0,89,6,0,6,95
04/12/2004,AVP,PA,AEA,EN,Towers with Radar,26,37,30,0,93,0,2,28,0,30,26,39,58,0,123,57,0,57,180
04/13/2004,AVP,PA,AEA,EN,Towers with Radar,27,39,30,2,98,0,0,1,0,1,27,39,31,2,99,28,0,28,127
04/14/2004,AVP,PA,AEA,EN,Towers with Radar,33,35,19,0,87,0,0,5,0,5,33,35,24,0,92,6,0,6,98
04/15/2004,AVP,PA,AEA,EN,Towers with Radar,33,34,31,0,98,0,2,43,0,45,33,36,74,0,143,208,0,208,351
04/16/2004,AVP,PA,AEA,EN,Towers with Radar,43,47,59,1,150,0,0,120,0,120,43,47,179,1,270,340,0,340,610
04/17/2004,AVP,PA,AEA,EN,Towers with Radar,26,33,39,0,98,0,0,136,0,136,26,33,175,0,234,345,0,345,579
04/18/2004,AVP,PA,AEA,EN,Towers with Radar,36,28,43,0,107,0,3,101,0,104,36,31,144,0,211,260,0,260,471
04/19/2004,AVP,PA,AEA,EN,Towers with Radar,32,43,38,5,118,0,0,62,0,62,32,43,100,5,180,164,0,164,344
04/20/2004,AVP,PA,AEA,EN,Towers with Radar,37,50,58,8,153,0,1,57,0,58,37,51,115,8,211,166,0,166,377
04/21/2004,AVP,PA,AEA,EN,Towers with Radar,28,34,31,0,93,0,0,25,0,25,28,34,56,0,118,56,0,56,174
04/22/2004,AVP,PA,AEA,EN,Towers with Radar,25,34,46,0,105,0,0,51,0,51,25,34,97,0,156,70,0,70,226
04/23/2004,AVP,PA,AEA,EN,Towers with Radar,23,40,49,1,113,0,0,2,0,2,23,40,51,1,115,46,0,46,161
04/24/2004,AVP,PA,AEA,EN,Towers with Radar,30,26,36,0,92,0,1,56,0,57,30,27,92,0,149,236,0,236,385
04/25/2004,AVP,PA,AEA,EN,Towers with Radar,27,32,31,2,92,0,0,33,0,33,27,32,64,2,125,22,0,22,147
04/26/2004,AVP,PA,AEA,EN,Towers with Radar,39,30,36,2,107,0,0,4,0,4,39,30,40,2,111,0,0,0,111
04/27/2004,AVP,PA,AEA,EN,Towers with Radar,30,31,24,12,97,0,0,30,1,31,30,31,54,13,128,144,0,144,272
04/28/2004,AVP,PA,AEA,EN,Towers with Radar,34,33,29,3,99,0,3,52,0,55,34,36,81,3,154,211,0,211,365
04/29/2004,AVP,PA,AEA,EN,Towers with Radar,24,38,15,0,77,0,0,86,0,86,24,38,101,0,163,158,0,158,321
04/30/2004,AVP,PA,AEA,EN,Towers with Radar,31,32,20,2,85,0,2,53,3,58,31,34,73,5,143,178,0,178,321
05/01/2004,AVP,PA,AEA,EN,Towers with Radar,24,30,23,0,77,0,7,90,0,97,24,37,113,0,174,259,0,259,433
05/02/2004,AVP,PA,AEA,EN,Towers with Radar,23,27,15,0,65,0,0,2,0,2,23,27,17,0,67,27,0,27,94
05/03/2004,AVP,PA,AEA,EN,Towers with Radar,24,34,26,0,84,0,0,16,0,16,24,34,42,0,100,43,0,43,143
05/04/2004,AVP,PA,AEA,EN,Towers with Radar,29,43,40,3,115,0,0,83,0,83,29,43,123,3,198,237,0,237,435
05/05/2004,AVP,PA,AEA,EN,Towers with Radar,29,35,35,0,99,0,1,29,0,30,29,36,64,0,129,85,1,86,215
05/06/2004,AVP,PA,AEA,EN,Towers with Radar,25,37,33,0,95,0,1,75,1,77,25,38,108,1,172,115,10,125,297
05/07/2004,AVP,PA,AEA,EN,Towers with Radar,23,40,28,2,93,0,1,40,0,41,23,41,68,2,134,124,0,124,258
05/08/2004,AVP,PA,AEA,EN,Towers with Radar,19,23,20,5,67,0,0,65,0,65,19,23,85,5,132,144,0,144,276
05/09/2004,AVP,PA,AEA,EN,Towers with Radar,24,25,21,1,71,0,0,40,0,40,24,25,61,1,111,94,0,94,205
05/10/2004,AVP,PA,AEA,EN,Towers with Radar,27,42,29,1,99,0,0,50,0,50,27,42,79,1,149,118,0,118,267
05/11/2004,AVP,PA,AEA,EN,Towers with Radar,26,41,35,1,103,0,0,39,0,39,26,41,74,1,142,157,0,157,299
05/12/2004,AVP,PA,AEA,EN,Towers with Radar,29,29,29,1,88,0,0,18,0,18,29,29,47,1,106,93,0,93,199
05/13/2004,AVP,PA,AEA,EN,Towers with Radar,21,36,32,0,89,0,0,40,3,43,21,36,72,3,132,91,0,91,223
05/14/2004,AVP,PA,AEA,EN,Towers with Radar,20,30,41,8,99,0,0,60,0,60,20,30,101,8,159,140,0,140,299
05/15/2004,AVP,PA,AEA,EN,Towers with Radar,21,24,15,0,60,0,0,25,0,25,21,24,40,0,85,84,0,84,169
05/16/2004,AVP,PA,AEA,EN,Towers with Radar,26,26,34,0,86,0,0,40,0,40,26,26,74,0,126,131,0,131,257
05/17/2004,AVP,PA,AEA,EN,Towers with Radar,27,25,35,10,97,0,0,79,26,105,27,25,114,36,202,215,10,225,427
05/18/2004,AVP,PA,AEA,EN,Towers with Radar,25,53,20,0,98,0,0,21,0,21,25,53,41,0,119,55,0,55,174
05/19/2004,AVP,PA,AEA,EN,Towers with Radar,29,41,40,3,113,0,0,35,1,36,29,41,75,4,149,78,0,78,227
05/20/2004,AVP,PA,AEA,EN,Towers with Radar,30,29,25,4,88,0,2,35,0,37,30,31,60,4,125,121,12,133,258
05/21/2004,AVP,PA,AEA,EN,Towers with Radar,22,27,25,0,74,0,8,12,0,20,22,35,37,0,94,88,0,88,182
05/22/2004,AVP,PA,AEA,EN,Towers with Radar,22,30,36,1,89,0,0,54,0,54,22,30,90,1,143,188,0,188,331
05/23/2004,AVP,PA,AEA,EN,Towers with Radar,18,24,24,0,66,0,1,49,0,50,18,25,73,0,116,216,0,216,332
05/24/2004,AVP,PA,AEA,EN,Towers with Radar,28,40,24,0,92,0,2,38,0,40,28,42,62,0,132,114,0,114,246
05/25/2004,AVP,PA,AEA,EN,Towers with Radar,26,32,29,4,91,0,0,35,0,35,26,32,64,4,126,170,0,170,296
05/26/2004,AVP,PA,AEA,EN,Towers with Radar,24,35,35,0,94,0,0,5,0,5,24,35,40,0,99,36,0,36,135
05/27/2004,AVP,PA,AEA,EN,Towers with Radar,22,39,36,1,98,0,0,37,1,38,22,39,73,2,136,115,0,115,251
05/28/2004,AVP,PA,AEA,EN,Towers with Radar,28,33,30,0,91,0,1,25,0,26,28,34,55,0,117,108,0,108,225
05/29/2004,AVP,PA,AEA,EN,Towers with Radar,20,29,37,0,86,0,3,91,1,95,20,32,128,1,181,216,0,216,397
05/30/2004,AVP,PA,AEA,EN,Towers with Radar,19,25,12,0,56,0,7,77,0,84,19,32,89,0,140,220,0,220,360
05/31/2004,AVP,PA,AEA,EN,Towers with Radar,26,25,20,0,71,0,0,14,0,14,26,25,34,0,85,16,0,16,101
06/01/2004,AVP,PA,AEA,EN,Towers with Radar,35,40,36,0,111,0,0,20,0,20,35,40,56,0,131,66,0,66,197
06/02/2004,AVP,PA,AEA,EN,Towers with Radar,36,31,25,6,98,0,0,11,5,16,36,31,36,11,114,76,10,86,200
06/03/2004,AVP,PA,AEA,EN,Towers with Radar,30,28,33,0,91,0,0,40,0,40,30,28,73,0,131,172,0,172,303
06/04/2004,AVP,PA,AEA,EN,Towers with Radar,29,23,15,1,68,0,2,78,2,82,29,25,93,3,150,242,0,242,392
06/05/2004,AVP,PA,AEA,EN,Towers with Radar,25,28,23,6,82,0,0,9,0,9,25,28,32,6,91,6,2,8,99
06/06/2004,AVP,PA,AEA,EN,Towers with Radar,25,35,44,0,104,0,0,18,0,18,25,35,62,0,122,68,0,68,190
06/07/2004,AVP,PA,AEA,EN,Towers with Radar,27,34,29,4,94,0,0,63,1,64,27,34,92,5,158,212,0,212,370
06/08/2004,AVP,PA,AEA,EN,Towers with Radar,27,43,30,3,103,0,0,64,3,67,27,43,94,6,170,208,10,218,388
06/09/2004,AVP,PA,AEA,EN,Towers with Radar,28,35,37,0,100,0,0,49,1,50,28,35,86,1,150,204,0,204,354
06/10/2004,AVP,PA,AEA,EN,Towers with Radar,27,42,77,0,146,1,0,14,0,15,28,42,91,0,161,10,0,10,171
06/11/2004,AVP,PA,AEA,EN,Towers with Radar,23,34,33,1,91,0,8,78,0,86,23,42,111,1,177,165,0,165,342
06/12/2004,AVP,PA,AEA,EN,Towers with Radar,25,27,23,2,77,0,6,107,1,114,25,33,130,3,191,166,0,166,357
06/13/2004,AVP,PA,AEA,EN,Towers with Radar,22,39,91,5,157,0,0,117,8,125,22,39,208,13,282,362,0,362,644
06/14/2004,AVP,PA,AEA,EN,Towers with Radar,27,32,17,5,81,0,2,23,4,29,27,34,40,9,110,67,0,67,177
06/15/2004,AVP,PA,AEA,EN,Towers with Radar,27,45,49,16,137,0,1,54,6,61,27,46,103,22,198,132,0,132,330
06/16/2004,AVP,PA,AEA,EN,Towers with Radar,28,29,31,2,90,0,2,51,0,53,28,31,82,2,143,224,0,224,367
06/17/2004,AVP,PA,AEA,EN,Towers with Radar,29,31,22,0,82,0,0,29,0,29,29,31,51,0,111,92,0,92,203
06/18/2004,AVP,PA,AEA,EN,Towers with Radar,20,47,37,1,105,0,0,79,1,80,20,47,116,2,185,138,0,138,323
06/19/2004,AVP,PA,AEA,EN,Towers with Radar,18,21,36,2,77,0,1,62,0,63,18,22,98,2,140,158,0,158,298
06/20/2004,AVP,PA,AEA,EN,Towers with Radar,26,32,43,2,103,0,0,99,0,99,26,32,142,2,202,337,0,337,539
06/21/2004,AVP,PA,AEA,EN,Towers with Radar,22,27,37,13,99,0,0,83,34,117,22,27,120,47,216,257,44,301,517
06/22/2004,AVP,PA,AEA,EN,Towers with Radar,27,32,52,0,111,0,1,25,0,26,27,33,77,0,137,63,0,63,200
06/23/2004,AVP,PA,AEA,EN,Towers with Radar,20,45,29,5,99,0,1,59,6,66,20,46,88,11,165,123,16,139,304
06/24/2004,AVP,PA,AEA,EN,Towers with Radar,34,37,38,17,126,0,0,72,2,74,34,37,110,19,200,266,26,292,492
06/25/2004,AVP,PA,AEA,EN,Towers with Radar,24,35,26,2,87,0,0,39,2,41,24,35,65,4,128,186,0,186,314
06/26/2004,AVP,PA,AEA,EN,Towers with Radar,30,40,33,0,103,0,1,42,0,43,30,41,75,0,146,144,0,144,290
06/27/2004,AVP,PA,AEA,EN,Towers with Radar,25,26,35,1,87,0,0,79,0,79,25,26,114,1,166,240,0,240,406
06/28/2004,AVP,PA,AEA,EN,Towers with Radar,30,34,26,0,90,0,2,57,0,59,30,36,83,0,149,196,0,196,345
06/29/2004,AVP,PA,AEA,EN,Towers with Radar,32,39,48,0,119,0,0,89,0,89,32,39,137,0,208,188,0,188,396
06/30/2004,AVP,PA,AEA,EN,Towers with Radar,29,38,40,16,123,0,0,82,0,82,29,38,122,16,205,219,14,233,438
07/01/2004,AVP,PA,AEA,EN,Towers with Radar,33,47,29,2,111,0,0,54,0,54,33,47,83,2,165,170,0,170,335
07/02/2004,AVP,PA,AEA,EN,Towers with Radar,26,34,25,2,87,0,0,82,0,82,26,34,107,2,169,181,2,183,352
07/03/2004,AVP,PA,AEA,EN,Towers with Radar,24,30,25,0,79,0,3,89,0,92,24,33,114,0,171,140,0,140,311
07/04/2004,AVP,PA,AEA,EN,Towers with Radar,30,29,22,0,81,0,4,80,0,84,30,33,102,0,165,70,0,70,235
07/05/2004,AVP,PA,AEA,EN,Towers with Radar,17,22,27,0,66,0,2,54,0,56,17,24,81,0,122,201,0,201,323
07/06/2004,AVP,PA,AEA,EN,Towers with Radar,31,39,36,0,106,0,2,61,0,63,31,41,97,0,169,166,0,166,335
07/07/2004,AVP,PA,AEA,EN,Towers with Radar,35,29,29,16,109,0,1,27,0,28,35,30,56,16,137,84,4,88,225
07/08/2004,AVP,PA,AEA,EN,Towers with Radar,30,33,34,0,97,0,0,45,1,46,30,33,79,1,143,144,0,144,287
07/09/2004,AVP,PA,AEA,EN,Towers with Radar,27,33,54,2,116,0,0,84,0,84,27,33,138,2,200,185,20,205,405
07/10/2004,AVP,PA,AEA,EN,Towers with Radar,21,27,26,10,84,0,2,79,0,81,21,29,105,10,165,236,12,248,413
07/11/2004,AVP,PA,AEA,EN,Towers with Radar,26,20,34,0,80,0,2,80,7,89,26,22,114,7,169,218,0,218,387
07/12/2004,AVP,PA,AEA,EN,Towers with Radar,31,38,43,0,112,0,0,23,2,25,31,38,66,2,137,48,0,48,185
07/13/2004,AVP,PA,AEA,EN,Towers with Radar,26,40,29,8,103,0,2,21,8,31,26,42,50,16,134,119,0,119,253
07/14/2004,AVP,PA,AEA,EN,Towers with Radar,22,36,22,1,81,0,0,4,0,4,22,36,26,1,85,0,0,0,85
07/15/2004,AVP,PA,AEA,EN,Towers with Radar,25,44,36,3,108,0,0,31,0,31,25,44,67,3,139,112,0,112,251
07/16/2004,AVP,PA,AEA,EN,Towers with Radar,22,42,43,8,115,0,0,30,1,31,22,42,73,9,146,58,0,58,204
07/17/2004,AVP,PA,AEA,EN,Towers with Radar,24,30,20,0,74,0,0,47,0,47,24,30,67,0,121,179,0,179,300
07/18/2004,AVP,PA,AEA,EN,Towers with Radar,28,27,14,0,69,0,0,12,0,12,28,27,26,0,81,2,0,2,83
07/19/2004,AVP,PA,AEA,EN,Towers with Radar,24,40,44,4,112,0,0,34,0,34,24,40,78,4,146,102,2,104,250
07/20/2004,AVP,PA,AEA,EN,Towers with Radar,38,43,41,5,127,0,2,38,0,40,38,45,79,5,167,126,12,138,305
07/21/2004,AVP,PA,AEA,EN,Towers with Radar,25,29,58,1,113,0,4,66,2,72,25,33,124,3,185,200,16,216,401
07/22/2004,AVP,PA,AEA,EN,Towers with Radar,23,48,23,7,101,0,0,17,0,17,23,48,40,7,118,77,0,77,195
07/23/2004,AVP,PA,AEA,EN,Towers with Radar,27,31,38,5,101,0,0,7,0,7,27,31,45,5,108,0,0,0,108
07/24/2004,AVP,PA,AEA,EN,Towers with Radar,21,26,39,0,86,0,2,54,0,56,21,28,93,0,142,210,0,210,352
07/25/2004,AVP,PA,AEA,EN,Towers with Radar,29,23,41,3,96,0,2,55,1,58,29,25,96,4,154,250,0,250,404
07/26/2004,AVP,PA,AEA,EN,Towers with Radar,33,33,40,0,106,1,3,46,0,50,34,36,86,0,156,152,0,152,308
07/27/2004,AVP,PA,AEA,EN,Towers with Radar,29,43,39,0,111,0,0,7,0,7,29,43,46,0,118,10,0,10,128
07/28/2004,AVP,PA,AEA,EN,Towers with Radar,34,28,28,4,94,0,0,16,0,16,34,28,44,4,110,99,0,99,209
07/29/2004,AVP,PA,AEA,EN,Towers with Radar,19,42,82,11,154,0,2,89,0,91,19,44,171,11,245,246,0,246,491
07/30/2004,AVP,PA,AEA,EN,Towers with Radar,20,35,44,20,119,0,2,59,2,63,20,37,103,22,182,201,0,201,383
07/31/2004,AVP,PA,AEA,EN,Towers with Radar,29,24,51,2,106,0,0,13,0,13,29,24,64,2,119,36,0,36,155
08/01/2004,AVP,PA,AEA,EN,Towers with Radar,33,25,106,3,167,0,1,21,0,22,33,26,127,3,189,99,0,99,288
08/02/2004,AVP,PA,AEA,EN,Towers with Radar,23,23,26,0,72,0,1,45,0,46,23,24,71,0,118,184,0,184,302
08/03/2004,AVP,PA,AEA,EN,Towers with Radar,35,39,57,1,132,0,3,49,0,52,35,42,106,1,184,156,0,156,340
08/04/2004,AVP,PA,AEA,EN,Towers with Radar,22,48,42,0,112,0,0,29,0,29,22,48,71,0,141,86,0,86,227
08/05/2004,AVP,PA,AEA,EN,Towers with Radar,25,27,27,4,83,0,1,28,0,29,25,28,55,4,112,96,30,126,238
08/06/2004,AVP,PA,AEA,EN,Towers with Radar,24,28,25,0,77,0,0,47,0,47,24,28,72,0,124,90,0,90,214
08/07/2004,AVP,PA,AEA,EN,Towers with Radar,19,29,46,0,94,0,2,78,0,80,19,31,124,0,174,244,0,244,418
08/08/2004,AVP,PA,AEA,EN,Towers with Radar,34,18,46,0,98,0,0,94,0,94,34,18,140,0,192,236,0,236,428
08/09/2004,AVP,PA,AEA,EN,Towers with Radar,27,19,23,0,69,0,7,69,0,76,27,26,92,0,145,221,0,221,366
08/10/2004,AVP,PA,AEA,EN,Towers with Radar,26,37,41,1,105,0,1,32,0,33,26,38,73,1,138,132,24,156,294
08/11/2004,AVP,PA,AEA,EN,Towers with Radar,27,27,28,0,82,0,3,11,0,14,27,30,39,0,96,4,0,4,100
08/12/2004,AVP,PA,AEA,EN,Towers with Radar,33,30,37,0,100,0,0,1,0,1,33,30,38,0,101,1,0,1,102
08/13/2004,AVP,PA,AEA,EN,Towers with Radar,30,33,29,2,94,0,0,12,0,12,30,33,41,2,106,2,0,2,108
08/14/2004,AVP,PA,AEA,EN,Towers with Radar,11,22,27,2,62,0,0,24,0,24,11,22,51,2,86,160,0,160,246
08/15/2004,AVP,PA,AEA,EN,Towers with Radar,31,21,23,0,75,0,6,9,0,15,31,27,32,0,90,78,0,78,168
08/16/2004,AVP,PA,AEA,EN,Towers with Radar,26,33,14,0,73,0,3,35,1,39,26,36,49,1,112,66,0,66,178
08/17/2004,AVP,PA,AEA,EN,Towers with Radar,27,35,32,9,103,0,0,69,0,69,27,35,101,9,172,74,5,79,251
08/18/2004,AVP,PA,AEA,EN,Towers with Radar,24,36,34,5,99,0,0,28,0,28,24,36,62,5,127,163,0,163,290
08/19/2004,AVP,PA,AEA,EN,Towers with Radar,28,34,29,0,91,0,0,18,0,18,28,34,47,0,109,62,0,62,171
08/20/2004,AVP,PA,AEA,EN,Towers with Radar,21,35,26,1,83,0,1,27,1,29,21,36,53,2,112,44,0,44,156
08/21/2004,AVP,PA,AEA,EN,Towers with Radar,25,30,21,1,77,0,0,22,0,22,25,30,43,1,99,6,0,6,105
08/22/2004,AVP,PA,AEA,EN,Towers with Radar,24,19,20,0,63,0,2,112,2,116,24,21,132,2,179,216,0,216,395
08/23/2004,AVP,PA,AEA,EN,Towers with Radar,29,21,30,2,82,0,3,76,0,79,29,24,106,2,161,172,0,172,333
08/24/2004,AVP,PA,AEA,EN,Towers with Radar,31,39,39,3,112,0,0,45,1,46,31,39,84,4,158,186,0,186,344
08/25/2004,AVP,PA,AEA,EN,Towers with Radar,31,29,33,2,95,0,2,35,1,38,31,31,68,3,133,104,0,104,237
08/26/2004,AVP,PA,AEA,EN,Towers with Radar,24,35,45,0,104,0,0,48,2,50,24,35,93,2,154,135,0,135,289
08/27/2004,AVP,PA,AEA,EN,Towers with Radar,19,32,22,3,76,0,1,17,2,20,19,33,39,5,96,74,0,74,170
08/28/2004,AVP,PA,AEA,EN,Towers with Radar,14,20,19,2,55,0,0,35,0,35,14,20,54,2,90,93,0,93,183
08/29/2004,AVP,PA,AEA,EN,Towers with Radar,29,21,37,0,87,0,0,32,0,32,29,21,69,0,119,80,0,80,199
08/30/2004,AVP,PA,AEA,EN,Towers with Radar,28,31,26,0,85,0,0,22,0,22,28,31,48,0,107,132,0,132,239
08/31/2004,AVP,PA,AEA,EN,Towers with Radar,28,31,33,3,95,0,0,23,2,25,28,31,56,5,120,74,0,74,194
09/01/2004,AVP,PA,AEA,EN,Towers with Radar,34,32,26,6,98,0,2,59,2,63,34,34,85,8,161,125,0,125,286
09/02/2004,AVP,PA,AEA,EN,Towers with Radar,25,40,55,0,120,0,3,71,1,75,25,43,126,1,195,163,0,163,358
09/03/2004,AVP,PA,AEA,EN,Towers with Radar,24,27,19,9,79,0,6,52,0,58,24,33,71,9,137,164,0,164,301
09/04/2004,AVP,PA,AEA,EN,Towers with Radar,21,14,23,4,62,0,0,68,0,68,21,14,91,4,130,180,0,180,310
09/05/2004,AVP,PA,AEA,EN,Towers with Radar,26,20,25,0,71,0,1,18,0,19,26,21,43,0,90,63,0,63,153
09/06/2004,AVP,PA,AEA,EN,Towers with Radar,31,24,19,0,74,0,0,84,0,84,31,24,103,0,158,224,0,224,382
09/07/2004,AVP,PA,AEA,EN,Towers with Radar,27,23,22,5,77,0,3,32,0,35,27,26,54,5,112,148,0,148,260
09/08/2004,AVP,PA,AEA,EN,Towers with Radar,32,32,28,2,94,0,0,4,0,4,32,32,32,2,98,4,0,4,102
09/09/2004,AVP,PA,AEA,EN,Towers with Radar,35,31,29,2,97,0,0,8,0,8,35,31,37,2,105,10,0,10,115
09/10/2004,AVP,PA,AEA,EN,Towers with Radar,31,42,25,0,98,0,0,66,6,72,31,42,91,6,170,26,0,26,196
09/11/2004,AVP,PA,AEA,EN,Towers with Radar,26,21,27,0,74,0,0,89,0,89,26,21,116,0,163,229,0,229,392
09/12/2004,AVP,PA,AEA,EN,Towers with Radar,29,20,23,1,73,0,1,50,0,51,29,21,73,1,124,178,0,178,302
09/13/2004,AVP,PA,AEA,EN,Towers with Radar,30,31,40,0,101,0,0,76,0,76,30,31,116,0,177,100,0,100,277
09/14/2004,AVP,PA,AEA,EN,Towers with Radar,26,31,41,0,98,0,1,28,0,29,26,32,69,0,127,98,0,98,225
09/15/2004,AVP,PA,AEA,EN,Towers with Radar,29,27,25,0,81,0,0,43,0,43,29,27,68,0,124,131,0,131,255
09/16/2004,AVP,PA,AEA,EN,Towers with Radar,28,28,27,1,84,0,0,32,0,32,28,28,59,1,116,165,0,165,281
09/17/2004,AVP,PA,AEA,EN,Towers with Radar,33,29,20,0,82,0,0,0,0,0,33,29,20,0,82,0,0,0,82
09/18/2004,AVP,PA,AEA,EN,Towers with Radar,25,19,14,0,58,0,0,30,0,30,25,19,44,0,88,22,0,22,110
09/19/2004,AVP,PA,AEA,EN,Towers with Radar,23,28,15,0,66,0,2,71,2,75,23,30,86,2,141,150,0,150,291
09/20/2004,AVP,PA,AEA,EN,Towers with Radar,30,33,36,4,103,0,3,72,6,81,30,36,108,10,184,162,0,162,346
09/21/2004,AVP,PA,AEA,EN,Towers with Radar,35,36,41,8,120,0,2,85,0,87,35,38,126,8,207,216,0,216,423
09/22/2004,AVP,PA,AEA,EN,Towers with Radar,32,29,32,0,93,0,0,71,0,71,32,29,103,0,164,157,0,157,321
09/23/2004,AVP,PA,AEA,EN,Towers with Radar,35,51,71,5,162,0,2,101,1,104,35,53,172,6,266,171,2,173,439
09/24/2004,AVP,PA,AEA,EN,Towers with Radar,24,28,35,1,88,0,3,58,3,64,24,31,93,4,152,182,0,182,334
09/25/2004,AVP,PA,AEA,EN,Towers with Radar,22,22,14,0,58,0,0,40,0,40,22,22,54,0,98,94,0,94,192
09/26/2004,AVP,PA,AEA,EN,Towers with Radar,30,15,19,0,64,0,0,81,0,81,30,15,100,0,145,93,0,93,238
09/27/2004,AVP,PA,AEA,EN,Towers with Radar,32,20,32,1,85,0,3,42,2,47,32,23,74,3,132,155,0,155,287
09/28/2004,AVP,PA,AEA,EN,Towers with Radar,31,18,10,0,59,0,0,0,0,0,31,18,10,0,59,0,0,0,59
09/29/2004,AVP,PA,AEA,EN,Towers with Radar,27,26,28,8,89,0,0,21,0,21,27,26,49,8,110,80,0,80,190
09/30/2004,AVP,PA,AEA,EN,Towers with Radar,39,20,17,2,78,0,0,29,0,29,39,20,46,2,107,22,0,22,129
10/01/2004,AVP,PA,AEA,EN,Towers with Radar,28,34,18,0,80,0,4,59,0,63,28,38,77,0,143,106,0,106,249
10/02/2004,AVP,PA,AEA,EN,Towers with Radar,26,23,16,1,66,0,1,35,0,36,26,24,51,1,102,11,0,11,113
10/03/2004,AVP,PA,AEA,EN,Towers with Radar,27,18,22,0,67,0,4,85,0,89,27,22,107,0,156,108,0,108,264
10/04/2004,AVP,PA,AEA,EN,Towers with Radar,31,29,18,1,79,0,6,46,0,52,31,35,64,1,131,142,0,142,273
10/05/2004,AVP,PA,AEA,EN,Towers with Radar,32,31,12,4,79,0,2,61,2,65,32,33,73,6,144,152,0,152,296
10/06/2004,AVP,PA,AEA,EN,Towers with Radar,30,35,13,7,85,0,1,51,0,52,30,36,64,7,137,84,18,102,239
10/07/2004,AVP,PA,AEA,EN,Towers with Radar,30,41,63,0,134,0,0,88,1,89,30,41,151,1,223,206,0,206,429
10/08/2004,AVP,PA,AEA,EN,Towers with Radar,29,34,39,0,102,0,3,64,0,67,29,37,103,0,169,244,0,244,413
10/09/2004,AVP,PA,AEA,EN,Towers with Radar,31,41,39,0,111,0,0,56,4,60,31,41,95,4,171,171,6,177,348
10/10/2004,AVP,PA,AEA,EN,Towers with Radar,33,26,26,0,85,0,2,48,0,50,33,28,74,0,135,135,52,187,322
10/11/2004,AVP,PA,AEA,EN,Towers with Radar,36,27,31,2,96,0,8,27,0,35,36,35,58,2,131,18,0,18,149
10/12/2004,AVP,PA,AEA,EN,Towers with Radar,30,38,42,0,110,1,3,37,0,41,31,41,79,0,151,97,0,97,248
10/13/2004,AVP,PA,AEA,EN,Towers with Radar,29,39,31,2,101,0,6,67,6,79,29,45,98,8,180,101,13,114,294
10/14/2004,AVP,PA,AEA,EN,Towers with Radar,32,47,38,0,117,0,5,3,0,8,32,52,41,0,125,22,0,22,147
10/15/2004,AVP,PA,AEA,EN,Towers with Radar,24,33,31,0,88,0,0,0,0,0,24,33,31,0,88,16,0,16,104
10/16/2004,AVP,PA,AEA,EN,Towers with Radar,22,35,30,0,87,0,2,39,0,41,22,37,69,0,128,49,0,49,177
10/17/2004,AVP,PA,AEA,EN,Towers with Radar,30,27,7,1,65,2,0,36,1,39,32,27,43,2,104,78,0,78,182
10/18/2004,AVP,PA,AEA,EN,Towers with Radar,33,36,37,6,112,0,1,56,0,57,33,37,93,6,169,147,0,147,316
10/19/2004,AVP,PA,AEA,EN,Towers with Radar,27,32,16,0,75,0,0,4,0,4,27,32,20,0,79,14,0,14,93
10/20/2004,AVP,PA,AEA,EN,Towers with Radar,39,33,46,22,140,0,9,6,0,15,39,42,52,22,155,92,58,150,305
10/21/2004,AVP,PA,AEA,EN,Towers with Radar,23,39,44,5,111,0,0,9,0,9,23,39,53,5,120,12,0,12,132
10/22/2004,AVP,PA,AEA,EN,Towers with Radar,35,37,24,3,99,0,0,36,3,39,35,37,60,6,138,120,0,120,258
10/23/2004,AVP,PA,AEA,EN,Towers with Radar,19,35,24,0,78,0,0,114,0,114,19,35,138,0,192,118,0,118,310
10/24/2004,AVP,PA,AEA,EN,Towers with Radar,28,29,21,0,78,0,0,63,0,63,28,29,84,0,141,113,0,113,254
10/25/2004,AVP,PA,AEA,EN,Towers with Radar,34,29,32,0,95,0,0,28,0,28,34,29,60,0,123,38,0,38,161
10/26/2004,AVP,PA,AEA,EN,Towers with Radar,38,34,41,0,113,0,0,38,0,38,38,34,79,0,151,84,2,86,237
10/27/2004,AVP,PA,AEA,EN,Towers with Radar,31,34,45,8,118,0,0,33,0,33,31,34,78,8,151,82,2,84,235
10/28/2004,AVP,PA,AEA,EN,Towers with Radar,31,32,32,0,95,0,0,64,0,64,31,32,96,0,159,185,0,185,344
10/29/2004,AVP,PA,AEA,EN,Towers with Radar,29,26,25,0,80,0,0,6,0,6,29,26,31,0,86,48,0,48,134
10/30/2004,AVP,PA,AEA,EN,Towers with Radar,28,25,20,0,73,0,1,4,0,5,28,26,24,0,78,24,0,24,102
10/31/2004,AVP,PA,AEA,EN,Towers with Radar,31,20,16,0,67,0,1,42,0,43,31,21,58,0,110,54,0,54,164
11/01/2004,AVP,PA,AEA,EN,Combined TRACON& Tower with Radar,36,27,28,1,92,0,8,33,0,41,36,35,61,1,133,140,0,140,273
11/02/2004,AVP,PA,AEA,EN,Combined TRACON& Tower with Radar,29,34,32,6,101,0,0,50,0,50,29,34,82,6,151,83,0,83,234
11/03/2004,AVP,PA,AEA,EN,Combined TRACON& Tower with Radar,30,43,44,0,117,0,0,32,0,32,30,43,76,0,149,120,0,120,269
11/04/2004,AVP,PA,AEA,EN,Combined TRACON& Tower with Radar,29,37,29,5,100,0,2,9,0,11,29,39,38,5,111,82,2,84,195
11/05/2004,AVP,PA,AEA,EN,Combined TRACON& Tower with Radar,25,25,15,0,65,0,0,15,0,15,25,25,30,0,80,80,4,84,164
11/06/2004,AVP,PA,AEA,EN,Combined TRACON& Tower with Radar,26,37,11,1,75,2,5,43,0,50,28,42,54,1,125,73,0,73,198
11/07/2004,AVP,PA,AEA,EN,Combined TRACON& Tower with Radar,23,40,37,0,100,0,2,83,0,85,23,42,120,0,185,118,0,118,303
11/08/2004,AVP,PA,AEA,EN,Combined TRACON& Tower with Radar,22,37,36,2,97,0,1,32,0,33,22,38,68,2,130,71,0,71,201
11/09/2004,AVP,PA,AEA,EN,Combined TRACON& Tower with Radar,29,33,25,0,87,0,10,36,0,46,29,43,61,0,133,149,0,149,282
11/10/2004,AVP,PA,AEA,EN,Combined TRACON& Tower with Radar,23,46,37,7,113,0,0,66,0,66,23,46,103,7,179,138,0,138,317
11/11/2004,AVP,PA,AEA,EN,Combined TRACON& Tower with Radar,22,39,21,0,82,0,0,43,0,43,22,39,64,0,125,116,0,116,241
11/12/2004,AVP,PA,AEA,EN,Combined TRACON& Tower with Radar,21,43,6,0,70,0,0,2,0,2,21,43,8,0,72,72,0,72,144
11/13/2004,AVP,PA,AEA,EN,Combined TRACON& Tower with Radar,22,27,13,4,66,0,1,67,0,68,22,28,80,4,134,148,0,148,282
11/14/2004,AVP,PA,AEA,EN,Combined TRACON& Tower with Radar,20,30,25,0,75,0,1,77,0,78,20,31,102,0,153,149,0,149,302
11/15/2004,AVP,PA,AEA,EN,Combined TRACON& Tower with Radar,26,42,20,7,95,0,2,55,0,57,26,44,75,7,152,166,0,166,318
11/16/2004,AVP,PA,AEA,EN,Combined TRACON& Tower with Radar,23,39,22,1,85,0,0,59,2,61,23,39,81,3,146,171,0,171,317
11/17/2004,AVP,PA,AEA,EN,Combined TRACON& Tower with Radar,30,41,34,8,113,0,0,50,1,51,30,41,84,9,164,102,0,102,266
11/18/2004,AVP,PA,AEA,EN,Combined TRACON& Tower with Radar,25,52,19,1,97,0,0,4,0,4,25,52,23,1,101,8,0,8,109
11/19/2004,AVP,PA,AEA,EN,Combined TRACON& Tower with Radar,19,43,21,8,91,0,1,23,0,24,19,44,44,8,115,102,16,118,233
11/20/2004,AVP,PA,AEA,EN,Combined TRACON& Tower with Radar,25,32,20,0,77,0,0,9,0,9,25,32,29,0,86,14,0,14,100
11/21/2004,AVP,PA,AEA,EN,Combined TRACON& Tower with Radar,27,35,43,2,107,0,0,31,0,31,27,35,74,2,138,86,0,86,224
11/22/2004,AVP,PA,AEA,EN,Combined TRACON& Tower with Radar,24,34,26,2,86,0,2,44,0,46,24,36,70,2,132,156,0,156,288
11/23/2004,AVP,PA,AEA,EN,Combined TRACON& Tower with Radar,33,52,52,32,169,0,1,61,0,62,33,53,113,32,231,238,18,256,487
11/24/2004,AVP,PA,AEA,EN,Combined TRACON& Tower with Radar,24,30,29,0,83,0,0,4,0,4,24,30,33,0,87,37,0,37,124
11/25/2004,AVP,PA,AEA,EN,Combined TRACON& Tower with Radar,33,33,13,0,79,0,0,3,0,3,33,33,16,0,82,5,0,5,87
11/26/2004,AVP,PA,AEA,EN,Combined TRACON& Tower with Radar,24,34,15,0,73,0,1,39,0,40,24,35,54,0,113,89,0,89,202
11/27/2004,AVP,PA,AEA,EN,Combined TRACON& Tower with Radar,29,44,29,0,102,0,0,48,0,48,29,44,77,0,150,86,0,86,236
11/28/2004,AVP,PA,AEA,EN,Combined TRACON& Tower with Radar,23,31,20,0,74,1,0,12,0,13,24,31,32,0,87,17,0,17,104
11/29/2004,AVP,PA,AEA,EN,Combined TRACON& Tower with Radar,28,43,26,0,97,0,3,57,0,60,28,46,83,0,157,193,0,193,350
11/30/2004,AVP,PA,AEA,EN,Combined TRACON& Tower with Radar,27,42,24,0,93,0,0,57,1,58,27,42,81,1,151,121,0,121,272
12/01/2004,AVP,PA,AEA,EN,Combined TRACON& Tower with Radar,31,38,20,0,89,0,1,0,0,1,31,39,20,0,90,0,0,0,90
12/02/2004,AVP,PA,AEA,EN,Combined TRACON& Tower with Radar,32,46,34,0,112,0,2,58,2,62,32,48,92,2,174,66,6,72,246
12/03/2004,AVP,PA,AEA,EN,Combined TRACON& Tower with Radar,24,53,19,0,96,0,0,37,0,37,24,53,56,0,133,124,0,124,257
12/04/2004,AVP,PA,AEA,EN,Combined TRACON& Tower with Radar,19,32,27,0,78,0,1,74,0,75,19,33,101,0,153,159,0,159,312
12/05/2004,AVP,PA,AEA,EN,Combined TRACON& Tower with Radar,15,35,14,0,64,0,1,61,3,65,15,36,75,3,129,114,0,114,243
12/06/2004,AVP,PA,AEA,EN,Combined TRACON& Tower with Radar,26,32,15,0,73,0,0,2,0,2,26,32,17,0,75,0,0,0,75
12/07/2004,AVP,PA,AEA,EN,Combined TRACON& Tower with Radar,27,41,23,0,91,0,2,4,0,6,27,43,27,0,97,0,0,0,97
12/08/2004,AVP,PA,AEA,EN,Combined TRACON& Tower with Radar,30,36,20,3,89,0,0,12,2,14,30,36,32,5,103,62,0,62,165
12/09/2004,AVP,PA,AEA,EN,Combined TRACON& Tower with Radar,23,47,35,0,105,0,0,60,1,61,23,47,95,1,166,100,0,100,266
12/10/2004,AVP,PA,AEA,EN,Combined TRACON& Tower with Radar,28,26,18,0,72,0,0,3,0,3,28,26,21,0,75,2,0,2,77
12/11/2004,AVP,PA,AEA,EN,Combined TRACON& Tower with Radar,27,27,22,0,76,0,0,8,0,8,27,27,30,0,84,12,0,12,96
12/12/2004,AVP,PA,AEA,EN,Combined TRACON& Tower with Radar,28,28,16,0,72,0,1,19,0,20,28,29,35,0,92,38,0,38,130
12/13/2004,AVP,PA,AEA,EN,Combined TRACON& Tower with Radar,22,39,26,1,88,0,2,6,0,8,22,41,32,1,96,44,0,44,140
12/14/2004,AVP,PA,AEA,EN,Combined TRACON& Tower with Radar,27,42,35,2,106,0,1,27,0,28,27,43,62,2,134,12,0,12,146
12/15/2004,AVP,PA,AEA,EN,Combined TRACON& Tower with Radar,23,34,28,0,85,0,0,44,0,44,23,34,72,0,129,92,0,92,221
12/16/2004,AVP,PA,AEA,EN,Combined TRACON& Tower with Radar,32,41,28,0,101,0,0,54,1,55,32,41,82,1,156,187,0,187,343
12/17/2004,AVP,PA,AEA,EN,Combined TRACON& Tower with Radar,27,33,23,0,83,0,0,65,0,65,27,33,88,0,148,79,0,79,227
12/18/2004,AVP,PA,AEA,EN,Combined TRACON& Tower with Radar,27,31,18,0,76,0,3,62,0,65,27,34,80,0,141,120,0,120,261
12/19/2004,AVP,PA,AEA,EN,Combined TRACON& Tower with Radar,24,18,3,0,45,0,0,1,0,1,24,18,4,0,46,0,0,0,46
12/20/2004,AVP,PA,AEA,EN,Combined TRACON& Tower with Radar,28,41,20,0,89,0,5,40,0,45,28,46,60,0,134,14,0,14,148
12/21/2004,AVP,PA,AEA,EN,Combined TRACON& Tower with Radar,29,35,30,0,94,0,1,35,0,36,29,36,65,0,130,162,0,162,292
12/22/2004,AVP,PA,AEA,EN,Combined TRACON& Tower with Radar,26,39,39,1,105,0,1,42,0,43,26,40,81,1,148,112,0,112,260
12/23/2004,AVP,PA,AEA,EN,Combined TRACON& Tower with Radar,21,28,13,0,62,1,5,5,0,11,22,33,18,0,73,0,0,0,73
12/24/2004,AVP,PA,AEA,EN,Combined TRACON& Tower with Radar,20,33,13,0,66,0,5,38,0,43,20,38,51,0,109,44,0,44,153
12/25/2004,AVP,PA,AEA,EN,Combined TRACON& Tower with Radar,18,19,30,0,67,1,0,32,0,33,19,19,62,0,100,16,0,16,116
12/26/2004,AVP,PA,AEA,EN,Combined TRACON& Tower with Radar,20,30,24,0,74,0,0,28,0,28,20,30,52,0,102,51,0,51,153
12/27/2004,AVP,PA,AEA,EN,Combined TRACON& Tower with Radar,26,29,11,2,68,0,0,13,0,13,26,29,24,2,81,58,0,58,139
12/28/2004,AVP,PA,AEA,EN,Combined TRACON& Tower with Radar,23,33,25,0,81,0,2,15,0,17,23,35,40,0,98,56,0,56,154
12/29/2004,AVP,PA,AEA,EN,Combined TRACON& Tower with Radar,25,35,9,5,74,0,0,20,0,20,25,35,29,5,94,124,28,152,246
12/30/2004,AVP,PA,AEA,EN,Combined TRACON& Tower with Radar,24,36,25,5,90,0,1,21,0,22,24,37,46,5,112,98,8,106,218
12/31/2004,AVP,PA,AEA,EN,Combined TRACON& Tower with Radar,25,31,19,0,75,0,5,20,0,25,25,36,39,0,100,19,0,19,119
01/01/2005,AVP,PA,AEA,EN,Combined TRACON& Tower with Radar,28,24,20,0,72,0,1,36,0,37,28,25,56,0,109,84,0,84,193
01/02/2005,AVP,PA,AEA,EN,Combined TRACON& Tower with Radar,22,23,14,0,59,0,4,13,0,17,22,27,27,0,76,78,0,78,154
01/03/2005,AVP,PA,AEA,EN,Combined TRACON& Tower with Radar,32,43,12,0,87,0,0,0,0,0,32,43,12,0,87,0,0,0,87
01/04/2005,AVP,PA,AEA,EN,Combined TRACON& Tower with Radar,21,32,25,0,78,0,0,4,0,4,21,32,29,0,82,28,0,28,110
01/05/2005,AVP,PA,AEA,EN,Combined TRACON& Tower with Radar,28,37,19,0,84,0,0,0,0,0,28,37,19,0,84,0,0,0,84
01/06/2005,AVP,PA,AEA,EN,Combined TRACON& Tower with Radar,21,33,11,0,65,0,0,0,0,0,21,33,11,0,65,0,0,0,65
01/07/2005,AVP,PA,AEA,EN,Combined TRACON& Tower with Radar,26,41,11,0,78,0,3,28,1,32,26,44,39,1,110,46,0,46,156
01/08/2005,AVP,PA,AEA,EN,Combined TRACON& Tower with Radar,22,25,2,0,49,0,0,0,1,1,22,25,2,1,50,6,0,6,56
01/09/2005,AVP,PA,AEA,EN,Combined TRACON& Tower with Radar,26,27,9,0,62,0,0,6,0,6,26,27,15,0,68,66,0,66,134
01/10/2005,AVP,PA,AEA,EN,Combined TRACON& Tower with Radar,30,31,21,4,86,0,0,11,0,11,30,31,32,4,97,80,0,80,177
01/11/2005,AVP,PA,AEA,EN,Combined TRACON& Tower with Radar,33,29,13,0,75,0,0,4,0,4,33,29,17,0,79,26,0,26,105
01/12/2005,AVP,PA,AEA,EN,Combined TRACON& Tower with Radar,37,46,13,0,96,0,0,0,0,0,37,46,13,0,96,0,0,0,96
01/13/2005,AVP,PA,AEA,EN,Combined TRACON& Tower with Radar,43,55,30,0,128,0,0,5,0,5,43,55,35,0,133,2,0,2,135
01/14/2005,AVP,PA,AEA,EN,Combined TRACON& Tower with Radar,25,42,16,0,83,0,0,8,0,8,25,42,24,0,91,24,0,24,115
01/15/2005,AVP,PA,AEA,EN,Combined TRACON& Tower with Radar,24,23,27,0,74,0,0,64,0,64,24,23,91,0,138,190,0,190,328
01/16/2005,AVP,PA,AEA,EN,Combined TRACON& Tower with Radar,25,23,10,0,58,0,1,30,0,31,25,24,40,0,89,108,0,108,197
01/17/2005,AVP,PA,AEA,EN,Combined TRACON& Tower with Radar,30,34,29,0,93,0,0,13,0,13,30,34,42,0,106,54,0,54,160
01/18/2005,AVP,PA,AEA,EN,Combined TRACON& Tower with Radar,30,32,16,0,78,0,2,21,0,23,30,34,37,0,101,8,0,8,109
01/19/2005,AVP,PA,AEA,EN,Combined TRACON& Tower with Radar,15,26,11,0,52,0,1,3,0,4,15,27,14,0,56,0,0,0,56
01/20/2005,AVP,PA,AEA,EN,Combined TRACON& Tower with Radar,27,36,27,0,90,0,2,25,0,27,27,38,52,0,117,40,0,40,157
01/21/2005,AVP,PA,AEA,EN,Combined TRACON& Tower with Radar,32,54,32,1,119,0,2,43,0,45,32,56,75,1,164,109,0,109,273
01/22/2005,AVP,PA,AEA,EN,Combined TRACON& Tower with Radar,12,16,2,0,30,0,0,2,0,2,12,16,4,0,32,2,0,2,34
01/23/2005,AVP,PA,AEA,EN,Combined TRACON& Tower with Radar,23,15,0,0,38,0,1,0,5,6,23,16,0,5,44,0,0,0,44
01/24/2005,AVP,PA,AEA,EN,Combined TRACON& Tower with Radar,23,37,21,0,81,0,0,18,0,18,23,37,39,0,99,50,0,50,149
01/25/2005,AVP,PA,AEA,EN,Combined TRACON& Tower with Radar,42,41,24,0,107,0,0,27,0,27,42,41,51,0,134,122,0,122,256
01/26/2005,AVP,PA,AEA,EN,Combined TRACON& Tower with Radar,31,44,17,0,92,0,1,15,0,16,31,45,32,0,108,38,0,38,146
01/27/2005,AVP,PA,AEA,EN,Combined TRACON& Tower with Radar,23,40,31,0,94,0,4,44,1,49,23,44,75,1,143,128,0,128,271
01/28/2005,AVP,PA,AEA,EN,Combined TRACON& Tower with Radar,31,45,24,0,100,0,0,76,0,76,31,45,100,0,176,228,0,228,404
01/29/2005,AVP,PA,AEA,EN,Combined TRACON& Tower with Radar,24,32,38,0,94,0,1,51,0,52,24,33,89,0,146,149,0,149,295
01/30/2005,AVP,PA,AEA,EN,Combined TRACON& Tower with Radar,25,23,18,1,67,0,0,36,0,36,25,23,54,1,103,92,0,92,195
01/31/2005,AVP,PA,AEA,EN,Combined TRACON& Tower with Radar,31,40,30,1,102,0,0,61,0,61,31,40,91,1,163,138,0,138,301
02/01/2005,AVP,PA,AEA,EN,Combined TRACON& Tower with Radar,33,35,21,0,89,0,3,54,0,57,33,38,75,0,146,70,0,70,216
02/02/2005,AVP,PA,AEA,EN,Combined TRACON& Tower with Radar,29,40,44,0,113,0,5,46,0,51,29,45,90,0,164,108,0,108,272
02/03/2005,AVP,PA,AEA,EN,Combined TRACON& Tower with Radar,34,30,19,1,84,0,1,39,2,42,34,31,58,3,126,96,0,96,222
02/04/2005,AVP,PA,AEA,EN,Combined TRACON& Tower with Radar,25,36,16,3,80,0,2,41,0,43,25,38,57,3,123,124,0,124,247
02/05/2005,AVP,PA,AEA,EN,Combined TRACON& Tower with Radar,29,24,24,2,79,0,4,69,0,73,29,28,93,2,152,178,0,178,330
02/06/2005,AVP,PA,AEA,EN,Combined TRACON& Tower with Radar,29,24,12,9,74,0,0,52,0,52,29,24,64,9,126,131,2,133,259
02/07/2005,AVP,PA,AEA,EN,Combined TRACON& Tower with Radar,34,34,38,0,106,0,6,36,2,44,34,40,74,2,150,54,0,54,204
02/08/2005,AVP,PA,AEA,EN,Combined TRACON& Tower with Radar,47,54,35,0,136,0,0,19,0,19,47,54,54,0,155,58,0,58,213
02/09/2005,AVP,PA,AEA,EN,Combined TRACON& Tower with Radar,34,37,21,0,92,1,7,7,0,15,35,44,28,0,107,38,0,38,145
02/10/2005,AVP,PA,AEA,EN,Combined TRACON& Tower with Radar,33,38,18,3,92,0,0,7,2,9,33,38,25,5,101,15,0,15,116
02/11/2005,AVP,PA,AEA,EN,Combined TRACON& Tower with Radar,30,44,27,0,101,0,2,33,0,35,30,46,60,0,136,96,0,96,232
02/12/2005,AVP,PA,AEA,EN,Combined TRACON& Tower with Radar,25,33,16,0,74,0,2,5,0,7,25,35,21,0,81,26,0,26,107
02/13/2005,AVP,PA,AEA,EN,Combined TRACON& Tower with Radar,42,25,34,0,101,0,1,77,0,78,42,26,111,0,179,178,0,178,357
02/14/2005,AVP,PA,AEA,EN,Combined TRACON& Tower with Radar,31,28,10,0,69,0,0,10,0,10,31,28,20,0,79,4,0,4,83
02/15/2005,AVP,PA,AEA,EN,Combined TRACON& Tower with Radar,32,42,45,0,119,0,0,70,0,70,32,42,115,0,189,144,0,144,333
02/16/2005,AVP,PA,AEA,EN,Combined TRACON& Tower with Radar,33,37,30,0,100,0,3,5,0,8,33,40,35,0,108,8,0,8,116
02/17/2005,AVP,PA,AEA,EN,Combined TRACON& Tower with Radar,37,42,26,0,105,0,5,40,0,45,37,47,66,0,150,80,0,80,230
02/18/2005,AVP,PA,AEA,EN,Combined TRACON& Tower with Radar,31,36,23,0,90,0,2,39,0,41,31,38,62,0,131,85,0,85,216
02/19/2005,AVP,PA,AEA,EN,Combined TRACON& Tower with Radar,21,39,25,0,85,0,2,63,0,65,21,41,88,0,150,156,0,156,306
02/20/2005,AVP,PA,AEA,EN,Combined TRACON& Tower with Radar,24,31,12,0,67,0,0,47,0,47,24,31,59,0,114,158,0,158,272
02/21/2005,AVP,PA,AEA,EN,Combined TRACON& Tower with Radar,30,34,15,0,79,0,0,2,0,2,30,34,17,0,81,0,0,0,81
02/22/2005,AVP,PA,AEA,EN,Combined TRACON& Tower with Radar,36,44,36,0,116,0,0,29,0,29,36,44,65,0,145,87,0,87,232
02/23/2005,AVP,PA,AEA,EN,Combined TRACON& Tower with Radar,38,49,35,1,123,0,7,30,0,37,38,56,65,1,160,122,0,122,282
02/24/2005,AVP,PA,AEA,EN,Combined TRACON& Tower with Radar,30,38,19,0,87,0,5,16,0,21,30,43,35,0,108,22,0,22,130
02/25/2005,AVP,PA,AEA,EN,Combined TRACON& Tower with Radar,28,46,28,0,102,0,1,57,0,58,28,47,85,0,160,120,0,120,280
02/26/2005,AVP,PA,AEA,EN,Combined TRACON& Tower with Radar,28,38,29,0,95,0,2,40,0,42,28,40,69,0,137,74,0,74,211
02/27/2005,AVP,PA,AEA,EN,Combined TRACON& Tower with Radar,36,16,28,0,80,0,1,77,0,78,36,17,105,0,158,171,0,171,329
02/28/2005,AVP,PA,AEA,EN,Combined TRACON& Tower with Radar,38,26,12,0,76,0,5,0,0,5,38,31,12,0,81,0,0,0,81
03/01/2005,AVP,PA,AEA,EN,Combined TRACON& Tower with Radar,37,38,4,0,79,0,0,1,0,1,37,38,5,0,80,0,0,0,80
03/02/2005,AVP,PA,AEA,EN,Combined TRACON& Tower with Radar,38,37,24,0,99,0,0,6,0,6,38,37,30,0,105,0,0,0,105
03/03/2005,AVP,PA,AEA,EN,Combined TRACON& Tower with Radar,32,34,31,0,97,0,2,19,0,21,32,36,50,0,118,66,0,66,184
03/04/2005,AVP,PA,AEA,EN,Combined TRACON& Tower with Radar,34,41,27,3,105,0,3,59,0,62,34,44,86,3,167,188,6,194,361
03/05/2005,AVP,PA,AEA,EN,Combined TRACON& Tower with Radar,27,29,26,0,82,0,0,63,0,63,27,29,89,0,145,183,0,183,328
03/06/2005,AVP,PA,AEA,EN,Combined TRACON& Tower with Radar,27,25,19,0,71,0,0,27,0,27,27,25,46,0,98,46,0,46,144
03/07/2005,AVP,PA,AEA,EN,Combined TRACON& Tower with Radar,34,35,24,6,99,0,0,26,0,26,34,35,50,6,125,72,12,84,209
03/08/2005,AVP,PA,AEA,EN,Combined TRACON& Tower with Radar,24,50,16,0,90,0,0,0,0,0,24,50,16,0,90,4,0,4,94
03/09/2005,AVP,PA,AEA,EN,Combined TRACON& Tower with Radar,35,34,22,0,91,0,1,10,0,11,35,35,32,0,102,19,0,19,121
03/10/2005,AVP,PA,AEA,EN,Combined TRACON& Tower with Radar,26,43,26,0,95,0,1,23,2,26,26,44,49,2,121,131,0,131,252
03/11/2005,AVP,PA,AEA,EN,Combined TRACON& Tower with Radar,24,50,31,0,105,0,2,3,0,5,24,52,34,0,110,16,0,16,126
03/12/2005,AVP,PA,AEA,EN,Combined TRACON& Tower with Radar,25,40,22,0,87,0,0,42,0,42,25,40,64,0,129,111,0,111,240
03/13/2005,AVP,PA,AEA,EN,Combined TRACON& Tower with Radar,25,26,16,0,67,0,5,54,0,59,25,31,70,0,126,136,0,136,262
03/14/2005,AVP,PA,AEA,EN,Combined TRACON& Tower with Radar,36,49,26,0,111,0,3,57,0,60,36,52,83,0,171,158,0,158,329
03/15/2005,AVP,PA,AEA,EN,Combined TRACON& Tower with Radar,37,48,32,0,117,0,0,55,1,56,37,48,87,1,173,228,0,228,401
03/16/2005,AVP,PA,AEA,EN,Combined TRACON& Tower with Radar,36,44,31,0,111,0,0,36,0,36,36,44,67,0,147,128,0,128,275
03/17/2005,AVP,PA,AEA,EN,Combined TRACON& Tower with Radar,30,54,25,2,111,0,3,45,0,48,30,57,70,2,159,133,0,133,292
03/18/2005,AVP,PA,AEA,EN,Combined TRACON& Tower with Radar,38,48,20,0,106,0,3,75,2,80,38,51,95,2,186,132,0,132,318
03/19/2005,AVP,PA,AEA,EN,Combined TRACON& Tower with Radar,28,36,28,3,95,0,4,86,0,90,28,40,114,3,185,244,0,244,429
03/20/2005,AVP,PA,AEA,EN,Combined TRACON& Tower with Radar,31,22,7,0,60,0,2,2,0,4,31,24,9,0,64,4,0,4,68
03/21/2005,AVP,PA,AEA,EN,Combined TRACON& Tower with Radar,26,45,13,0,84,0,0,8,0,8,26,45,21,0,92,60,0,60,152
03/22/2005,AVP,PA,AEA,EN,Combined TRACON& Tower with Radar,27,44,32,1,104,0,0,60,0,60,27,44,92,1,164,204,0,204,368
03/23/2005,AVP,PA,AEA,EN,Combined TRACON& Tower with Radar,25,41,17,0,83,0,0,4,0,4,25,41,21,0,87,0,0,0,87
03/24/2005,AVP,PA,AEA,EN,Combined TRACON& Tower with Radar,32,46,15,11,104,0,6,13,0,19,32,52,28,11,123,93,0,93,216
03/25/2005,AVP,PA,AEA,EN,Combined TRACON& Tower with Radar,25,41,6,0,72,0,4,26,0,30,25,45,32,0,102,63,0,63,165
03/26/2005,AVP,PA,AEA,EN,Combined TRACON& Tower with Radar,18,30,13,0,61,0,0,71,0,71,18,30,84,0,132,156,0,156,288
03/27/2005,AVP,PA,AEA,EN,Combined TRACON& Tower with Radar,21,26,9,0,56,0,1,5,0,6,21,27,14,0,62,26,0,26,88
03/28/2005,AVP,PA,AEA,EN,Combined TRACON& Tower with Radar,31,35,10,0,76,0,0,0,0,0,31,35,10,0,76,0,0,0,76
03/29/2005,AVP,PA,AEA,EN,Combined TRACON& Tower with Radar,44,43,30,0,117,0,0,14,0,14,44,43,44,0,131,52,0,52,183
03/30/2005,AVP,PA,AEA,EN,Combined TRACON& Tower with Radar,25,48,28,0,101,0,2,59,2,63,25,50,87,2,164,168,0,168,332
03/31/2005,AVP,PA,AEA,EN,Combined TRACON& Tower with Radar,33,44,18,5,100,0,1,35,0,36,33,45,53,5,136,106,0,106,242
04/01/2005,AVP,PA,AEA,EN,Combined TRACON& Tower with Radar,32,38,22,0,92,0,2,46,1,49,32,40,68,1,141,141,0,141,282
04/02/2005,AVP,PA,AEA,EN,Combined TRACON& Tower with Radar,19,35,9,0,63,0,0,4,0,4,19,35,13,0,67,141,0,141,208
04/03/2005,AVP,PA,AEA,EN,Combined TRACON& Tower with Radar,21,27,10,0,58,0,0,2,0,2,21,27,12,0,60,2,0,2,62
04/04/2005,AVP,PA,AEA,EN,Combined TRACON& Tower with Radar,36,47,13,0,96,0,2,32,0,34,36,49,45,0,130,100,0,100,230
04/05/2005,AVP,PA,AEA,EN,Combined TRACON& Tower with Radar,43,44,33,2,122,0,0,80,1,81,43,44,113,3,203,286,0,286,489
04/06/2005,AVP,PA,AEA,EN,Combined TRACON& Tower with Radar,35,41,34,0,110,0,1,72,0,73,35,42,106,0,183,277,0,277,460
04/07/2005,AVP,PA,AEA,EN,Combined TRACON& Tower with Radar,40,44,16,0,100,0,0,10,0,10,40,44,26,0,110,101,0,101,211
04/08/2005,AVP,PA,AEA,EN,Combined TRACON& Tower with Radar,31,47,16,0,94,0,2,64,0,66,31,49,80,0,160,183,0,183,343
04/09/2005,AVP,PA,AEA,EN,Combined TRACON& Tower with Radar,23,35,13,0,71,0,2,89,0,91,23,37,102,0,162,244,0,244,406
04/10/2005,AVP,PA,AEA,EN,Combined TRACON& Tower with Radar,32,42,40,0,114,0,5,101,0,106,32,47,141,0,220,223,0,223,443
04/11/2005,AVP,PA,AEA,EN,Combined TRACON& Tower with Radar,36,37,26,0,99,0,1,54,0,55,36,38,80,0,154,116,0,116,270
04/12/2005,AVP,PA,AEA,EN,Combined TRACON& Tower with Radar,42,34,13,1,90,0,0,44,0,44,42,34,57,1,134,194,0,194,328
04/13/2005,AVP,PA,AEA,EN,Combined TRACON& Tower with Radar,48,31,21,4,104,0,2,56,0,58,48,33,77,4,162,175,2,177,339
04/14/2005,AVP,PA,AEA,EN,Combined TRACON& Tower with Radar,36,41,24,0,101,0,3,56,0,59,36,44,80,0,160,119,0,119,279
04/15/2005,AVP,PA,AEA,EN,Combined TRACON& Tower with Radar,34,43,21,0,98,0,3,53,0,56,34,46,74,0,154,229,0,229,383
04/16/2005,AVP,PA,AEA,EN,Combined TRACON& Tower with Radar,23,34,28,0,85,0,0,77,0,77,23,34,105,0,162,179,0,179,341
04/17/2005,AVP,PA,AEA,EN,Combined TRACON& Tower with Radar,33,32,39,0,104,0,1,65,1,67,33,33,104,1,171,189,0,189,360
04/18/2005,AVP,PA,AEA,EN,Combined TRACON& Tower with Radar,31,47,18,0,96,0,0,27,0,27,31,47,45,0,123,190,0,190,313
04/19/2005,AVP,PA,AEA,EN,Combined TRACON& Tower with Radar,35,49,34,1,119,0,1,76,0,77,35,50,110,1,196,248,3,251,447
04/20/2005,AVP,PA,AEA,EN,Combined TRACON& Tower with Radar,36,37,37,2,112,0,1,40,0,41,36,38,77,2,153,117,2,119,272
04/21/2005,AVP,PA,AEA,EN,Combined TRACON& Tower with Radar,38,38,11,1,88,0,2,28,1,31,38,40,39,2,119,84,0,84,203
04/22/2005,AVP,PA,AEA,EN,Combined TRACON& Tower with Radar,27,50,23,0,100,0,1,37,0,38,27,51,60,0,138,64,0,64,202
04/23/2005,AVP,PA,AEA,EN,Combined TRACON& Tower with Radar,28,32,22,0,82,0,0,3,0,3,28,32,25,0,85,0,0,0,85
04/24/2005,AVP,PA,AEA,EN,Combined TRACON& Tower with Radar,28,35,11,0,74,0,0,6,0,6,28,35,17,0,80,20,0,20,100
04/25/2005,AVP,PA,AEA,EN,Combined TRACON& Tower with Radar,31,38,19,0,88,0,0,14,0,14,31,38,33,0,102,17,0,17,119
04/26/2005,AVP,PA,AEA,EN,Combined TRACON& Tower with Radar,41,39,25,0,105,0,2,45,0,47,41,41,70,0,152,129,0,129,281
04/27/2005,AVP,PA,AEA,EN,Combined TRACON& Tower with Radar,37,38,33,0,108,0,3,8,0,11,37,41,41,0,119,83,0,83,202
04/28/2005,AVP,PA,AEA,EN,Combined TRACON& Tower with Radar,36,42,15,0,93,0,0,29,0,29,36,42,44,0,122,83,0,83,205
04/29/2005,AVP,PA,AEA,EN,Combined TRACON& Tower with Radar,36,40,29,0,105,0,3,42,2,47,36,43,71,2,152,124,0,124,276
04/30/2005,AVP,PA,AEA,EN,Combined TRACON& Tower with Radar,16,40,21,0,77,0,0,2,0,2,16,40,23,0,79,16,0,16,95
05/01/2005,AVP,PA,AEA,EN,Combined TRACON& Tower with Radar,33,39,33,0,105,0,2,34,0,36,33,41,67,0,141,55,0,55,196
05/02/2005,AVP,PA,AEA,EN,Combined TRACON& Tower with Radar,27,50,40,0,117,0,0,27,0,27,27,50,67,0,144,66,0,66,210
05/03/2005,AVP,PA,AEA,EN,Combined TRACON& Tower with Radar,34,44,35,0,113,0,0,0,0,0,34,44,35,0,113,0,0,0,113
05/04/2005,AVP,PA,AEA,EN,Combined TRACON& Tower with Radar,36,39,28,0,103,0,0,39,2,41,36,39,67,2,144,110,0,110,254
05/05/2005,AVP,PA,AEA,EN,Combined TRACON& Tower with Radar,33,43,26,0,102,0,0,44,2,46,33,43,70,2,148,142,0,142,290
05/06/2005,AVP,PA,AEA,EN,Combined TRACON& Tower with Radar,32,46,22,1,101,0,6,45,0,51,32,52,67,1,152,234,0,234,386
05/07/2005,AVP,PA,AEA,EN,Combined TRACON& Tower with Radar,0,0,0,0,0,21,46,74,0,141,21,46,74,0,141,87,0,87,228
05/08/2005,AVP,PA,AEA,EN,Combined TRACON& Tower with Radar,0,0,0,0,0,5,54,49,0,108,5,54,49,0,108,50,0,50,158
05/09/2005,AVP,PA,AEA,EN,Combined TRACON& Tower with Radar,35,39,18,0,92,0,1,69,0,70,35,40,87,0,162,243,0,243,405
05/10/2005,AVP,PA,AEA,EN,Combined TRACON& Tower with Radar,37,33,27,8,105,0,4,67,2,73,37,37,94,10,178,226,0,226,404
05/11/2005,AVP,PA,AEA,EN,Combined TRACON& Tower with Radar,33,42,26,0,101,0,2,35,0,37,33,44,61,0,138,230,0,230,368
05/12/2005,AVP,PA,AEA,EN,Combined TRACON& Tower with Radar,13,53,17,4,87,0,0,20,5,25,13,53,37,9,112,57,0,57,169
05/13/2005,AVP,PA,AEA,EN,Combined TRACON& Tower with Radar,28,48,27,0,103,0,1,54,0,55,28,49,81,0,158,209,0,209,367
05/14/2005,AVP,PA,AEA,EN,Combined TRACON& Tower with Radar,26,35,16,0,77,0,4,26,0,30,26,39,42,0,107,149,0,149,256
05/15/2005,AVP,PA,AEA,EN,Combined TRACON& Tower with Radar,20,37,18,0,75,0,0,26,0,26,20,37,44,0,101,90,0,90,191
05/16/2005,AVP,PA,AEA,EN,Combined TRACON& Tower with Radar,31,47,30,0,108,0,2,43,0,45,31,49,73,0,153,187,0,187,340
05/17/2005,AVP,PA,AEA,EN,Combined TRACON& Tower with Radar,35,52,24,0,111,0,1,58,2,61,35,53,82,2,172,1750,0,1750,1922
05/18/2005,AVP,PA,AEA,EN,Combined TRACON& Tower with Radar,29,42,27,2,100,0,3,43,4,50,29,45,70,6,150,188,0,188,338
05/19/2005,AVP,PA,AEA,EN,Combined TRACON& Tower with Radar,19,52,12,2,85,0,1,46,1,48,19,53,58,3,133,148,0,148,281
05/20/2005,AVP,PA,AEA,EN,Combined TRACON& Tower with Radar,34,43,22,3,102,0,0,19,0,19,34,43,41,3,121,27,0,27,148
05/21/2005,AVP,PA,AEA,EN,Combined TRACON& Tower with Radar,26,38,29,0,93,0,1,30,0,31,26,39,59,0,124,83,0,83,207
05/22/2005,AVP,PA,AEA,EN,Combined TRACON& Tower with Radar,30,30,37,1,98,0,0,23,0,23,30,30,60,1,121,32,0,32,153
05/23/2005,AVP,PA,AEA,EN,Combined TRACON& Tower with Radar,26,58,38,0,122,0,0,34,0,34,26,58,72,0,156,58,0,58,214
05/24/2005,AVP,PA,AEA,EN,Combined TRACON& Tower with Radar,23,52,32,2,109,0,1,16,0,17,23,53,48,2,126,82,0,82,208
05/25/2005,AVP,PA,AEA,EN,Combined TRACON& Tower with Radar,24,53,29,6,112,0,1,12,0,13,24,54,41,6,125,70,12,82,207
05/26/2005,AVP,PA,AEA,EN,Combined TRACON& Tower with Radar,29,46,29,8,112,0,2,28,0,30,29,48,57,8,142,146,26,172,314
05/27/2005,AVP,PA,AEA,EN,Combined TRACON& Tower with Radar,22,46,34,4,106,0,2,64,0,66,22,48,98,4,172,157,0,157,329
05/28/2005,AVP,PA,AEA,EN,Combined TRACON& Tower with Radar,27,29,11,0,67,0,1,38,0,39,27,30,49,0,106,116,0,116,222
05/29/2005,AVP,PA,AEA,EN,Combined TRACON& Tower with Radar,0,0,0,0,0,15,38,36,0,89,15,38,36,0,89,54,0,54,143
05/30/2005,AVP,PA,AEA,EN,Combined TRACON& Tower with Radar,31,44,33,0,108,0,3,51,0,54,31,47,84,0,162,124,0,124,286
05/31/2005,AVP,PA,AEA,EN,Combined TRACON& Tower with Radar,29,53,38,0,120,0,0,57,0,57,29,53,95,0,177,128,0,128,305
06/01/2005,AVP,PA,AEA,EN,Combined TRACON& Tower with Radar,36,44,25,1,106,0,4,54,0,58,36,48,79,1,164,156,0,156,320
06/02/2005,AVP,PA,AEA,EN,Combined TRACON& Tower with Radar,25,46,37,0,108,0,2,46,0,48,25,48,83,0,156,163,0,163,319
06/03/2005,AVP,PA,AEA,EN,Combined TRACON& Tower with Radar,14,51,31,4,100,0,1,11,0,12,14,52,42,4,112,38,0,38,150
06/04/2005,AVP,PA,AEA,EN,Combined TRACON& Tower with Radar,32,43,34,0,109,0,3,32,0,35,32,46,66,0,144,84,0,84,228
06/05/2005,AVP,PA,AEA,EN,Combined TRACON& Tower with Radar,25,33,10,0,68,0,0,46,0,46,25,33,56,0,114,140,0,140,254
06/06/2005,AVP,PA,AEA,EN,Combined TRACON& Tower with Radar,17,43,20,0,80,0,3,24,0,27,17,46,44,0,107,30,0,30,137
06/07/2005,AVP,PA,AEA,EN,Combined TRACON& Tower with Radar,12,61,37,7,117,0,0,48,0,48,12,61,85,7,165,148,30,178,343
06/08/2005,AVP,PA,AEA,EN,Combined TRACON& Tower with Radar,24,50,30,0,104,0,3,58,2,63,24,53,88,2,167,162,0,162,329
06/09/2005,AVP,PA,AEA,EN,Combined TRACON& Tower with Radar,32,47,50,9,138,0,3,24,0,27,32,50,74,9,165,85,0,85,250
06/10/2005,AVP,PA,AEA,EN,Combined TRACON& Tower with Radar,21,51,34,0,106,0,2,29,0,31,21,53,63,0,137,93,0,93,230
06/11/2005,AVP,PA,AEA,EN,Combined TRACON& Tower with Radar,27,35,35,2,99,0,1,22,0,23,27,36,57,2,122,80,0,80,202
06/12/2005,AVP,PA,AEA,EN,Combined TRACON& Tower with Radar,20,53,68,2,143,0,2,44,1,47,20,55,112,3,190,101,2,103,293
06/13/2005,AVP,PA,AEA,EN,Combined TRACON& Tower with Radar,39,49,27,0,115,0,0,38,0,38,39,49,65,0,153,167,0,167,320
06/14/2005,AVP,PA,AEA,EN,Combined TRACON& Tower with Radar,33,49,30,1,113,0,5,42,4,51,33,54,72,5,164,88,0,88,252
06/15/2005,AVP,PA,AEA,EN,Combined TRACON& Tower with Radar,28,45,29,0,102,0,3,35,1,39,28,48,64,1,141,106,0,106,247
06/16/2005,AVP,PA,AEA,EN,Combined TRACON& Tower with Radar,17,52,43,0,112,0,0,24,0,24,17,52,67,0,136,96,0,96,232
06/17/2005,AVP,PA,AEA,EN,Combined TRACON& Tower with Radar,10,63,41,1,115,0,0,54,0,54,10,63,95,1,169,108,0,108,277
06/18/2005,AVP,PA,AEA,EN,Combined TRACON& Tower with Radar,17,50,28,2,97,0,0,39,0,39,17,50,67,2,136,126,0,126,262
06/19/2005,AVP,PA,AEA,EN,Combined TRACON& Tower with Radar,29,47,47,0,123,0,1,44,0,45,29,48,91,0,168,114,0,114,282
06/20/2005,AVP,PA,AEA,EN,Combined TRACON& Tower with Radar,27,56,34,0,117,0,0,69,0,69,27,56,103,0,186,146,0,146,332
06/21/2005,AVP,PA,AEA,EN,Combined TRACON& Tower with Radar,36,52,31,14,133,0,1,47,0,48,36,53,78,14,181,174,0,174,355
06/22/2005,AVP,PA,AEA,EN,Combined TRACON& Tower with Radar,34,49,28,0,111,0,3,33,2,38,34,52,61,2,149,128,0,128,277
06/23/2005,AVP,PA,AEA,EN,Combined TRACON& Tower with Radar,27,43,30,2,102,0,4,84,0,88,27,47,114,2,190,204,0,204,394
06/24/2005,AVP,PA,AEA,EN,Combined TRACON& Tower with Radar,21,64,18,0,103,0,1,48,0,49,21,65,66,0,152,141,0,141,293
06/25/2005,AVP,PA,AEA,EN,Combined TRACON& Tower with Radar,19,42,23,0,84,0,1,49,0,50,19,43,72,0,134,106,0,106,240
06/26/2005,AVP,PA,AEA,EN,Combined TRACON& Tower with Radar,0,0,0,0,0,19,49,77,0,145,19,49,77,0,145,94,0,94,239
06/27/2005,AVP,PA,AEA,EN,Combined TRACON& Tower with Radar,31,44,32,3,110,0,0,42,4,46,31,44,74,7,156,108,14,122,278
06/28/2005,AVP,PA,AEA,EN,Combined TRACON& Tower with Radar,21,50,26,16,113,0,2,73,2,77,21,52,99,18,190,121,28,149,339
06/29/2005,AVP,PA,AEA,EN,Combined TRACON& Tower with Radar,23,61,43,0,127,0,0,20,0,20,23,61,63,0,147,38,0,38,185
06/30/2005,AVP,PA,AEA,EN,Combined TRACON& Tower with Radar,27,53,35,0,115,0,1,12,0,13,27,54,47,0,128,12,0,12,140
07/01/2005,AVP,PA,AEA,EN,Combined TRACON& Tower with Radar,26,49,28,1,104,0,0,20,0,20,26,49,48,1,124,46,0,46,170
07/02/2005,AVP,PA,AEA,EN,Combined TRACON& Tower with Radar,25,43,33,0,101,0,2,87,0,89,25,45,120,0,190,226,0,226,416
07/03/2005,AVP,PA,AEA,EN,Combined TRACON& Tower with Radar,24,35,29,0,88,0,1,77,0,78,24,36,106,0,166,154,0,154,320
07/04/2005,AVP,PA,AEA,EN,Combined TRACON& Tower with Radar,25,37,23,0,85,0,1,69,0,70,25,38,92,0,155,112,0,112,267
07/05/2005,AVP,PA,AEA,EN,Combined TRACON& Tower with Radar,0,0,0,0,0,29,46,43,0,118,29,46,43,0,118,32,0,32,150
07/06/2005,AVP,PA,AEA,EN,Combined TRACON& Tower with Radar,21,55,38,0,114,0,3,19,0,22,21,58,57,0,136,60,0,60,196
07/07/2005,AVP,PA,AEA,EN,Combined TRACON& Tower with Radar,17,71,45,0,133,0,1,11,0,12,17,72,56,0,145,28,0,28,173
07/08/2005,AVP,PA,AEA,EN,Combined TRACON& Tower with Radar,22,53,17,0,92,0,0,6,0,6,22,53,23,0,98,38,0,38,136
07/09/2005,AVP,PA,AEA,EN,Combined TRACON& Tower with Radar,0,0,0,0,0,20,49,107,0,176,20,49,107,0,176,132,0,132,308
07/10/2005,AVP,PA,AEA,EN,Combined TRACON& Tower with Radar,12,45,25,0,82,0,0,80,0,80,12,45,105,0,162,170,0,170,332
07/11/2005,AVP,PA,AEA,EN,Combined TRACON& Tower with Radar,21,53,23,0,97,0,1,73,0,74,21,54,96,0,171,136,0,136,307
07/12/2005,AVP,PA,AEA,EN,Combined TRACON& Tower with Radar,34,44,35,0,113,0,4,54,0,58,34,48,89,0,171,110,0,110,281
07/13/2005,AVP,PA,AEA,EN,Combined TRACON& Tower with Radar,21,57,31,0,109,0,0,40,0,40,21,57,71,0,149,102,0,102,251
07/14/2005,AVP,PA,AEA,EN,Combined TRACON& Tower with Radar,23,60,32,10,125,0,0,22,1,23,23,60,54,11,148,87,10,97,245
07/15/2005,AVP,PA,AEA,EN,Combined TRACON& Tower with Radar,19,55,26,0,100,0,0,35,0,35,19,55,61,0,135,116,0,116,251
07/16/2005,AVP,PA,AEA,EN,Combined TRACON& Tower with Radar,15,33,17,0,65,0,0,2,0,2,15,33,19,0,67,34,0,34,101
07/17/2005,AVP,PA,AEA,EN,Combined TRACON& Tower with Radar,19,38,18,0,75,0,0,15,0,15,19,38,33,0,90,12,0,12,102
07/18/2005,AVP,PA,AEA,EN,Combined TRACON& Tower with Radar,26,47,42,0,115,0,0,25,0,25,26,47,67,0,140,82,0,82,222
07/19/2005,AVP,PA,AEA,EN,Combined TRACON& Tower with Radar,26,41,19,0,86,0,1,25,0,26,26,42,44,0,112,100,2,102,214
07/20/2005,AVP,PA,AEA,EN,Combined TRACON& Tower with Radar,30,43,30,0,103,0,2,77,0,79,30,45,107,0,182,153,0,153,335
07/21/2005,AVP,PA,AEA,EN,Combined TRACON& Tower with Radar,32,40,56,0,128,0,1,73,0,74,32,41,129,0,202,128,0,128,330
07/22/2005,AVP,PA,AEA,EN,Combined TRACON& Tower with Radar,29,49,48,0,126,0,3,46,0,49,29,52,94,0,175,115,0,115,290
07/23/2005,AVP,PA,AEA,EN,Combined TRACON& Tower with Radar,24,39,37,0,100,0,1,50,0,51,24,40,87,0,151,112,0,112,263
07/24/2005,AVP,PA,AEA,EN,Combined TRACON& Tower with Radar,19,44,79,0,142,0,0,111,0,111,19,44,190,0,253,200,0,200,453
07/25/2005,AVP,PA,AEA,EN,Combined TRACON& Tower with Radar,7,56,26,0,89,0,1,73,0,74,7,57,99,0,163,144,0,144,307
07/26/2005,AVP,PA,AEA,EN,Combined TRACON& Tower with Radar,0,0,0,0,0,21,53,87,0,161,21,53,87,0,161,180,0,180,341
07/27/2005,AVP,PA,AEA,EN,Combined TRACON& Tower with Radar,28,50,40,0,118,0,2,34,0,36,28,52,74,0,154,54,0,54,208
07/28/2005,AVP,PA,AEA,EN,Combined TRACON& Tower with Radar,17,56,36,8,117,0,3,70,0,73,17,59,106,8,190,160,0,160,350
07/29/2005,AVP,PA,AEA,EN,Combined TRACON& Tower with Radar,22,54,26,1,103,0,0,72,0,72,22,54,98,1,175,116,0,116,291
07/30/2005,AVP,PA,AEA,EN,Combined TRACON& Tower with Radar,19,45,28,0,92,0,0,53,0,53,19,45,81,0,145,166,0,166,311
07/31/2005,AVP,PA,AEA,EN,Combined TRACON& Tower with Radar,19,38,20,2,79,0,1,46,0,47,19,39,66,2,126,137,0,137,263
08/01/2005,AVP,PA,AEA,EN,Combined TRACON& Tower with Radar,23,45,18,0,86,0,2,35,0,37,23,47,53,0,123,160,0,160,283
08/02/2005,AVP,PA,AEA,EN,Combined TRACON& Tower with Radar,31,43,34,0,108,0,5,42,0,47,31,48,76,0,155,134,0,134,289
08/03/2005,AVP,PA,AEA,EN,Combined TRACON& Tower with Radar,21,50,28,0,99,0,2,46,1,49,21,52,74,1,148,144,0,144,292
08/04/2005,AVP,PA,AEA,EN,Combined TRACON& Tower with Radar,36,40,45,0,121,0,7,75,0,82,36,47,120,0,203,225,0,225,428
08/05/2005,AVP,PA,AEA,EN,Combined TRACON& Tower with Radar,16,52,14,0,82,0,0,16,0,16,16,52,30,0,98,58,0,58,156
08/06/2005,AVP,PA,AEA,EN,Combined TRACON& Tower with Radar,19,33,27,0,79,0,0,97,0,97,19,33,124,0,176,194,0,194,370
08/07/2005,AVP,PA,AEA,EN,Combined TRACON& Tower with Radar,5,54,36,0,95,0,0,36,0,36,5,54,72,0,131,118,0,118,249
08/08/2005,AVP,PA,AEA,EN,Combined TRACON& Tower with Radar,23,42,29,0,94,0,1,13,0,14,23,43,42,0,108,33,0,33,141
08/09/2005,AVP,PA,AEA,EN,Combined TRACON& Tower with Radar,24,46,30,0,100,0,0,19,0,19,24,46,49,0,119,112,0,112,231
08/10/2005,AVP,PA,AEA,EN,Combined TRACON& Tower with Radar,28,40,19,0,87,0,1,42,1,44,28,41,61,1,131,155,0,155,286
08/11/2005,AVP,PA,AEA,EN,Combined TRACON& Tower with Radar,18,51,34,2,105,0,4,56,0,60,18,55,90,2,165,149,0,149,314
08/12/2005,AVP,PA,AEA,EN,Combined TRACON& Tower with Radar,31,40,23,0,94,0,1,31,0,32,31,41,54,0,126,71,0,71,197
08/13/2005,AVP,PA,AEA,EN,Combined TRACON& Tower with Radar,21,29,20,0,70,0,1,9,0,10,21,30,29,0,80,14,0,14,94
08/14/2005,AVP,PA,AEA,EN,Combined TRACON& Tower with Radar,14,42,24,0,80,0,2,5,0,7,14,44,29,0,87,26,0,26,113
08/15/2005,AVP,PA,AEA,EN,Combined TRACON& Tower with Radar,17,60,21,0,98,0,1,38,0,39,17,61,59,0,137,107,0,107,244
08/16/2005,AVP,PA,AEA,EN,Combined TRACON& Tower with Radar,19,36,30,3,88,0,0,9,0,9,19,36,39,3,97,3,0,3,100
08/17/2005,AVP,PA,AEA,EN,Combined TRACON& Tower with Radar,0,5,59,0,64,34,41,15,0,90,34,46,74,0,154,169,0,169,323
08/18/2005,AVP,PA,AEA,EN,Combined TRACON& Tower with Radar,30,40,36,0,106,0,1,66,0,67,30,41,102,0,173,198,0,198,371
08/19/2005,AVP,PA,AEA,EN,Combined TRACON& Tower with Radar,26,41,32,0,99,0,2,13,0,15,26,43,45,0,114,18,0,18,132
08/20/2005,AVP,PA,AEA,EN,Combined TRACON& Tower with Radar,21,33,19,0,73,0,0,62,0,62,21,33,81,0,135,82,0,82,217
08/21/2005,AVP,PA,AEA,EN,Combined TRACON& Tower with Radar,0,44,14,0,58,0,0,66,0,66,0,44,80,0,124,0,121,121,245
08/22/2005,AVP,PA,AEA,EN,Combined TRACON& Tower with Radar,27,41,28,2,98,0,2,65,0,67,27,43,93,2,165,174,0,174,339
08/23/2005,AVP,PA,AEA,EN,Combined TRACON& Tower with Radar,27,42,31,2,102,0,2,50,1,53,27,44,81,3,155,126,0,126,281
08/24/2005,AVP,PA,AEA,EN,Combined TRACON& Tower with Radar,24,49,42,0,115,0,5,56,1,62,24,54,98,1,177,99,1,100,277
08/25/2005,AVP,PA,AEA,EN,Combined TRACON& Tower with Radar,18,49,33,0,100,0,1,69,0,70,18,50,102,0,170,110,0,110,280
08/26/2005,AVP,PA,AEA,EN,Combined TRACON& Tower with Radar,25,39,23,0,87,0,2,54,0,56,25,41,77,0,143,156,0,156,299
08/27/2005,AVP,PA,AEA,EN,Combined TRACON& Tower with Radar,12,40,25,0,77,0,0,34,0,34,12,40,59,0,111,71,0,71,182
08/28/2005,AVP,PA,AEA,EN,Combined TRACON& Tower with Radar,27,30,23,0,80,0,3,11,0,14,27,33,34,0,94,22,0,22,116
08/29/2005,AVP,PA,AEA,EN,Combined TRACON& Tower with Radar,27,42,23,0,92,0,0,7,0,7,27,42,30,0,99,24,0,24,123
08/30/2005,AVP,PA,AEA,EN,Combined TRACON& Tower with Radar,18,45,44,2,109,0,0,3,0,3,18,45,47,2,112,26,0,26,138
08/31/2005,AVP,PA,AEA,EN,Combined TRACON& Tower with Radar,31,41,11,0,83,0,0,0,0,0,31,41,11,0,83,19,0,19,102
09/01/2005,AVP,PA,AEA,EN,Combined TRACON& Tower with Radar,18,44,21,2,85,0,3,26,0,29,18,47,47,2,114,99,0,99,213
09/02/2005,AVP,PA,AEA,EN,Combined TRACON& Tower with Radar,16,53,16,2,87,0,1,76,0,77,16,54,92,2,164,134,0,134,298
09/03/2005,AVP,PA,AEA,EN,Combined TRACON& Tower with Radar,25,37,19,1,82,0,0,88,0,88,25,37,107,1,170,216,0,216,386
09/04/2005,AVP,PA,AEA,EN,Combined TRACON& Tower with Radar,20,34,16,0,70,0,0,44,0,44,20,34,60,0,114,108,0,108,222
09/05/2005,AVP,PA,AEA,EN,Combined TRACON& Tower with Radar,28,50,15,2,95,0,1,84,0,85,28,51,99,2,180,254,0,254,434
09/06/2005,AVP,PA,AEA,EN,Combined TRACON& Tower with Radar,21,47,18,2,88,0,2,56,0,58,21,49,74,2,146,107,0,107,253
09/07/2005,AVP,PA,AEA,EN,Combined TRACON& Tower with Radar,32,45,24,0,101,0,2,55,3,60,32,47,79,3,161,69,0,69,230
09/08/2005,AVP,PA,AEA,EN,Combined TRACON& Tower with Radar,33,42,27,2,104,0,0,28,0,28,33,42,55,2,132,52,1,53,185
09/09/2005,AVP,PA,AEA,EN,Combined TRACON& Tower with Radar,21,39,26,1,87,0,0,30,0,30,21,39,56,1,117,82,0,82,199
09/10/2005,AVP,PA,AEA,EN,Combined TRACON& Tower with Radar,24,27,23,0,74,0,2,89,0,91,24,29,112,0,165,158,0,158,323
09/11/2005,AVP,PA,AEA,EN,Combined TRACON& Tower with Radar,22,34,9,3,68,0,0,69,0,69,22,34,78,3,137,91,0,91,228
09/12/2005,AVP,PA,AEA,EN,Combined TRACON& Tower with Radar,20,41,20,0,81,0,1,56,1,58,20,42,76,1,139,86,0,86,225
09/13/2005,AVP,PA,AEA,EN,Combined TRACON& Tower with Radar,15,56,19,0,90,0,1,34,0,35,15,57,53,0,125,90,0,90,215
09/14/2005,AVP,PA,AEA,EN,Combined TRACON& Tower with Radar,15,52,22,0,89,0,0,24,0,24,15,52,46,0,113,34,0,34,147
09/15/2005,AVP,PA,AEA,EN,Combined TRACON& Tower with Radar,18,43,24,2,87,0,0,21,0,21,18,43,45,2,108,56,0,56,164
09/16/2005,AVP,PA,AEA,EN,Combined TRACON& Tower with Radar,25,44,29,1,99,0,0,17,0,17,25,44,46,1,116,66,0,66,182
09/17/2005,AVP,PA,AEA,EN,Combined TRACON& Tower with Radar,23,30,19,3,75,0,1,15,0,16,23,31,34,3,91,28,0,28,119
09/18/2005,AVP,PA,AEA,EN,Combined TRACON& Tower with Radar,0,47,22,0,69,0,3,50,0,53,0,50,72,0,122,98,0,98,220
09/19/2005,AVP,PA,AEA,EN,Combined TRACON& Tower with Radar,26,33,29,0,88,0,1,59,0,60,26,34,88,0,148,112,0,112,260
09/20/2005,AVP,PA,AEA,EN,Combined TRACON& Tower with Radar,15,52,17,0,84,0,1,20,0,21,15,53,37,0,105,42,0,42,147
09/21/2005,AVP,PA,AEA,EN,Combined TRACON& Tower with Radar,23,50,19,0,92,0,0,57,0,57,23,50,76,0,149,116,0,116,265
09/22/2005,AVP,PA,AEA,EN,Combined TRACON& Tower with Radar,22,46,24,0,92,0,1,69,0,70,22,47,93,0,162,85,0,85,247
09/23/2005,AVP,PA,AEA,EN,Combined TRACON& Tower with Radar,17,51,30,0,98,0,4,41,2,47,17,55,71,2,145,94,0,94,239
09/24/2005,AVP,PA,AEA,EN,Combined TRACON& Tower with Radar,26,31,16,0,73,0,2,53,0,55,26,33,69,0,128,98,0,98,226
09/25/2005,AVP,PA,AEA,EN,Combined TRACON& Tower with Radar,27,25,25,0,77,0,3,17,0,20,27,28,42,0,97,47,0,47,144
09/26/2005,AVP,PA,AEA,EN,Combined TRACON& Tower with Radar,27,34,27,0,88,0,0,8,0,8,27,34,35,0,96,4,0,4,100
09/27/2005,AVP,PA,AEA,EN,Combined TRACON& Tower with Radar,25,37,19,0,81,0,2,38,0,40,25,39,57,0,121,98,0,98,219
09/28/2005,AVP,PA,AEA,EN,Combined TRACON& Tower with Radar,31,35,22,0,88,0,0,48,1,49,31,35,70,1,137,60,0,60,197
09/29/2005,AVP,PA,AEA,EN,Combined TRACON& Tower with Radar,12,38,16,0,66,0,0,8,0,8,12,38,24,0,74,16,0,16,90
09/30/2005,AVP,PA,AEA,EN,Combined TRACON& Tower with Radar,13,54,32,5,104,0,0,79,1,80,13,54,111,6,184,70,16,86,270
10/01/2005,AVP,PA,AEA,EN,Combined TRACON& Tower with Radar,2,41,21,0,64,0,5,69,0,74,2,46,90,0,138,90,0,90,228
10/02/2005,AVP,PA,AEA,EN,Combined TRACON& Tower with Radar,18,37,22,2,79,0,1,95,0,96,18,38,117,2,175,104,0,104,279
10/03/2005,AVP,PA,AEA,EN,Combined TRACON& Tower with Radar,24,40,17,0,81,0,3,68,0,71,24,43,85,0,152,106,0,106,258
10/04/2005,AVP,PA,AEA,EN,Combined TRACON& Tower with Radar,30,40,22,0,92,0,5,32,0,37,30,45,54,0,129,73,0,73,202
10/05/2005,AVP,PA,AEA,EN,Combined TRACON& Tower with Radar,26,43,30,0,99,0,3,36,0,39,26,46,66,0,138,90,0,90,228
10/06/2005,AVP,PA,AEA,EN,Combined TRACON& Tower with Radar,24,43,28,0,95,0,3,7,0,10,24,46,35,0,105,26,0,26,131
10/07/2005,AVP,PA,AEA,EN,Combined TRACON& Tower with Radar,25,41,25,2,93,0,0,5,0,5,25,41,30,2,98,18,0,18,116
10/08/2005,AVP,PA,AEA,EN,Combined TRACON& Tower with Radar,24,22,11,2,59,0,0,0,0,0,24,22,11,2,59,0,0,0,59
10/09/2005,AVP,PA,AEA,EN,Combined TRACON& Tower with Radar,24,19,23,0,66,0,0,0,0,0,24,19,23,0,66,0,0,0,66
10/10/2005,AVP,PA,AEA,EN,Combined TRACON& Tower with Radar,33,33,27,0,93,0,0,2,0,2,33,33,29,0,95,3,0,3,98
10/11/2005,AVP,PA,AEA,EN,Combined TRACON& Tower with Radar,37,37,34,0,108,0,1,6,0,7,37,38,40,0,115,18,0,18,133
10/12/2005,AVP,PA,AEA,EN,Combined TRACON& Tower with Radar,15,37,35,0,87,0,0,5,0,5,15,37,40,0,92,14,0,14,106
10/13/2005,AVP,PA,AEA,EN,Combined TRACON& Tower with Radar,11,55,35,1,102,0,0,8,1,9,11,55,43,2,111,6,0,6,117
10/14/2005,AVP,PA,AEA,EN,Combined TRACON& Tower with Radar,21,33,27,0,81,0,0,0,0,0,21,33,27,0,81,0,0,0,81
10/15/2005,AVP,PA,AEA,EN,Combined TRACON& Tower with Radar,16,35,23,2,76,0,0,10,0,10,16,35,33,2,86,42,0,42,128
10/16/2005,AVP,PA,AEA,EN,Combined TRACON& Tower with Radar,23,26,31,0,80,0,2,55,0,57,23,28,86,0,137,9,0,9,146
10/17/2005,AVP,PA,AEA,EN,Combined TRACON& Tower with Radar,28,43,32,7,110,0,1,33,0,34,28,44,65,7,144,45,0,45,189
10/18/2005,AVP,PA,AEA,EN,Combined TRACON& Tower with Radar,26,37,31,7,101,0,1,65,2,68,26,38,96,9,169,72,18,90,259
10/19/2005,AVP,PA,AEA,EN,Combined TRACON& Tower with Radar,25,33,31,1,90,0,7,47,2,56,25,40,78,3,146,104,2,106,252
10/20/2005,AVP,PA,AEA,EN,Combined TRACON& Tower with Radar,34,36,31,1,102,0,2,61,1,64,34,38,92,2,166,114,0,114,280
10/21/2005,AVP,PA,AEA,EN,Combined TRACON& Tower with Radar,25,41,26,2,94,0,1,30,0,31,25,42,56,2,125,44,0,44,169
10/22/2005,AVP,PA,AEA,EN,Combined TRACON& Tower with Radar,5,41,13,0,59,0,0,2,0,2,5,41,15,0,61,0,0,0,61
10/23/2005,AVP,PA,AEA,EN,Combined TRACON& Tower with Radar,2,37,14,0,53,0,0,10,0,10,2,37,24,0,63,24,0,24,87
10/24/2005,AVP,PA,AEA,EN,Combined TRACON& Tower with Radar,8,33,14,0,55,0,0,8,0,8,8,33,22,0,63,28,0,28,91
10/25/2005,AVP,PA,AEA,EN,Combined TRACON& Tower with Radar,18,28,10,0,56,0,0,0,0,0,18,28,10,0,56,0,0,0,56
10/26/2005,AVP,PA,AEA,EN,Combined TRACON& Tower with Radar,21,42,33,1,97,0,0,10,0,10,21,42,43,1,107,52,0,52,159
10/27/2005,AVP,PA,AEA,EN,Combined TRACON& Tower with Radar,30,38,30,0,98,0,0,35,0,35,30,38,65,0,133,52,0,52,185
10/28/2005,AVP,PA,AEA,EN,Combined TRACON& Tower with Radar,16,58,27,5,106,0,0,56,0,56,16,58,83,5,162,92,0,92,254
10/29/2005,AVP,PA,AEA,EN,Combined TRACON& Tower with Radar,4,41,23,1,69,0,0,84,1,85,4,41,107,2,154,194,0,194,348
10/30/2005,AVP,PA,AEA,EN,Combined TRACON& Tower with Radar,29,19,19,0,67,0,0,54,0,54,29,19,73,0,121,0,104,104,225
10/31/2005,AVP,PA,AEA,EN,Combined TRACON& Tower with Radar,31,26,35,0,92,0,3,49,0,52,31,29,84,0,144,184,0,184,328
11/01/2005,AVP,PA,AEA,EN,Combined TRACON& Tower with Radar,23,38,28,0,89,0,0,0,0,0,23,38,28,0,89,115,0,115,204
11/02/2005,AVP,PA,AEA,EN,Combined TRACON& Tower with Radar,20,42,25,0,87,0,1,48,1,50,20,43,73,1,137,103,0,103,240
11/03/2005,AVP,PA,AEA,EN,Combined TRACON& Tower with Radar,2,56,26,0,84,0,1,48,0,49,2,57,74,0,133,68,0,68,201
11/04/2005,AVP,PA,AEA,EN,Combined TRACON& Tower with Radar,6,59,28,0,93,0,1,43,0,44,6,60,71,0,137,80,0,80,217
11/05/2005,AVP,PA,AEA,EN,Combined TRACON& Tower with Radar,3,42,23,0,68,0,2,111,0,113,3,44,134,0,181,174,0,174,355
11/06/2005,AVP,PA,AEA,EN,Combined TRACON& Tower with Radar,2,42,27,0,71,0,0,25,0,25,2,42,52,0,96,42,0,42,138
11/07/2005,AVP,PA,AEA,EN,Combined TRACON& Tower with Radar,28,35,13,0,76,0,1,38,3,42,28,36,51,3,118,113,0,113,231
11/08/2005,AVP,PA,AEA,EN,Combined TRACON& Tower with Radar,22,45,29,1,97,0,2,59,1,62,22,47,88,2,159,161,0,161,320
11/09/2005,AVP,PA,AEA,EN,Combined TRACON& Tower with Radar,27,40,29,11,107,0,0,4,0,4,27,40,33,11,111,36,0,36,147
11/10/2005,AVP,PA,AEA,EN,Combined TRACON& Tower with Radar,18,43,19,1,81,0,0,0,0,0,18,43,19,1,81,17,0,17,98
11/11/2005,AVP,PA,AEA,EN,Combined TRACON& Tower with Radar,19,40,22,7,88,0,0,42,0,42,19,40,64,7,130,62,0,62,192
11/12/2005,AVP,PA,AEA,EN,Combined TRACON& Tower with Radar,2,48,29,4,83,0,2,95,0,97,2,50,124,4,180,190,0,190,370
11/13/2005,AVP,PA,AEA,EN,Combined TRACON& Tower with Radar,5,51,30,1,87,0,1,43,0,44,5,52,73,1,131,134,0,134,265
11/14/2005,AVP,PA,AEA,EN,Combined TRACON& Tower with Radar,31,28,17,1,77,0,1,53,0,54,31,29,70,1,131,94,0,94,225
11/15/2005,AVP,PA,AEA,EN,Combined TRACON& Tower with Radar,28,32,17,0,77,0,3,4,0,7,28,35,21,0,84,0,0,0,84
11/16/2005,AVP,PA,AEA,EN,Combined TRACON& Tower with Radar,22,47,12,0,81,0,0,0,0,0,22,47,12,0,81,24,0,24,105
11/17/2005,AVP,PA,AEA,EN,Combined TRACON& Tower with Radar,43,26,26,0,95,0,5,47,0,52,43,31,73,0,147,76,0,76,223
11/18/2005,AVP,PA,AEA,EN,Combined TRACON& Tower with Radar,14,46,16,3,79,0,2,28,0,30,14,48,44,3,109,44,0,44,153
11/19/2005,AVP,PA,AEA,EN,Combined TRACON& Tower with Radar,10,41,24,0,75,0,0,54,0,54,10,41,78,0,129,121,0,121,250
11/20/2005,AVP,PA,AEA,EN,Combined TRACON& Tower with Radar,18,38,19,8,83,0,1,65,0,66,18,39,84,8,149,156,12,168,317
11/21/2005,AVP,PA,AEA,EN,Combined TRACON& Tower with Radar,32,25,18,2,77,0,1,18,0,19,32,26,36,2,96,51,0,51,147
11/22/2005,AVP,PA,AEA,EN,Combined TRACON& Tower with Radar,28,30,16,0,74,0,3,3,0,6,28,33,19,0,80,0,0,0,80
11/23/2005,AVP,PA,AEA,EN,Combined TRACON& Tower with Radar,28,38,13,0,79,0,1,15,0,16,28,39,28,0,95,66,0,66,161
11/24/2005,AVP,PA,AEA,EN,Combined TRACON& Tower with Radar,23,29,3,0,55,0,0,0,0,0,23,29,3,0,55,0,0,0,55
11/25/2005,AVP,PA,AEA,EN,Combined TRACON& Tower with Radar,13,45,17,0,75,0,0,12,0,12,13,45,29,0,87,30,0,30,117
11/26/2005,AVP,PA,AEA,EN,Combined TRACON& Tower with Radar,24,36,7,0,67,0,0,28,0,28,24,36,35,0,95,42,0,42,137
11/27/2005,AVP,PA,AEA,EN,Combined TRACON& Tower with Radar,30,36,29,0,95,0,0,64,0,64,30,36,93,0,159,107,0,107,266
11/28/2005,AVP,PA,AEA,EN,Combined TRACON& Tower with Radar,32,30,30,0,92,0,0,7,0,7,32,30,37,0,99,6,0,6,105
11/29/2005,AVP,PA,AEA,EN,Combined TRACON& Tower with Radar,26,47,14,0,87,0,0,0,0,0,26,47,14,0,87,0,0,0,87
11/30/2005,AVP,PA,AEA,EN,Combined TRACON& Tower with Radar,5,52,21,0,78,0,1,15,0,16,5,53,36,0,94,44,0,44,138
12/01/2005,AVP,PA,AEA,EN,Combined TRACON& Tower with Radar,4,60,15,2,81,0,0,26,0,26,4,60,41,2,107,48,2,50,157
12/02/2005,AVP,PA,AEA,EN,Combined TRACON& Tower with Radar,7,47,16,4,74,0,1,11,0,12,7,48,27,4,86,32,0,32,118
12/03/2005,AVP,PA,AEA,EN,Combined TRACON& Tower with Radar,7,36,10,0,53,0,0,31,0,31,7,36,41,0,84,64,0,64,148
12/04/2005,AVP,PA,AEA,EN,Combined TRACON& Tower with Radar,22,33,6,0,61,0,0,0,0,0,22,33,6,0,61,3,0,3,64
12/05/2005,AVP,PA,AEA,EN,Combined TRACON& Tower with Radar,28,42,12,9,91,0,2,27,1,30,28,44,39,10,121,102,0,102,223
12/06/2005,AVP,PA,AEA,EN,Combined TRACON& Tower with Radar,28,35,14,11,88,0,5,40,1,46,28,40,54,12,134,98,1,99,233
12/07/2005,AVP,PA,AEA,EN,Combined TRACON& Tower with Radar,18,37,26,0,81,0,1,19,3,23,18,38,45,3,104,52,0,52,156
12/08/2005,AVP,PA,AEA,EN,Combined TRACON& Tower with Radar,24,46,19,0,89,0,1,50,0,51,24,47,69,0,140,136,0,136,276
12/09/2005,AVP,PA,AEA,EN,Combined TRACON& Tower with Radar,18,24,8,0,50,0,0,0,0,0,18,24,8,0,50,0,0,0,50
12/10/2005,AVP,PA,AEA,EN,Combined TRACON& Tower with Radar,15,39,21,0,75,0,0,21,0,21,15,39,42,0,96,108,0,108,204
12/11/2005,AVP,PA,AEA,EN,Combined TRACON& Tower with Radar,6,49,3,0,58,0,0,28,0,28,6,49,31,0,86,4,0,4,90
12/12/2005,AVP,PA,AEA,EN,Combined TRACON& Tower with Radar,30,32,20,0,82,0,3,17,0,20,30,35,37,0,102,72,0,72,174
12/13/2005,AVP,PA,AEA,EN,Combined TRACON& Tower with Radar,17,45,26,5,93,0,1,50,0,51,17,46,76,5,144,78,0,78,222
12/14/2005,AVP,PA,AEA,EN,Combined TRACON& Tower with Radar,18,36,16,12,82,0,0,43,0,43,18,36,59,12,125,114,6,120,245
12/15/2005,AVP,PA,AEA,EN,Combined TRACON& Tower with Radar,17,42,30,2,91,0,0,7,0,7,17,42,37,2,98,8,0,8,106
12/16/2005,AVP,PA,AEA,EN,Combined TRACON& Tower with Radar,26,24,12,0,62,0,1,5,0,6,26,25,17,0,68,6,0,6,74
12/17/2005,AVP,PA,AEA,EN,Combined TRACON& Tower with Radar,16,33,23,0,72,0,0,54,0,54,16,33,77,0,126,186,0,186,312
12/18/2005,AVP,PA,AEA,EN,Combined TRACON& Tower with Radar,21,31,15,0,67,0,1,48,0,49,21,32,63,0,116,102,0,102,218
12/19/2005,AVP,PA,AEA,EN,Combined TRACON& Tower with Radar,27,40,25,0,92,0,0,36,0,36,27,40,61,0,128,34,0,34,162
12/20/2005,AVP,PA,AEA,EN,Combined TRACON& Tower with Radar,22,38,26,1,87,0,2,33,2,37,22,40,59,3,124,104,0,104,228
12/21/2005,AVP,PA,AEA,EN,Combined TRACON& Tower with Radar,30,47,28,0,105,0,0,0,0,0,30,47,28,0,105,107,2,109,214
12/22/2005,AVP,PA,AEA,EN,Combined TRACON& Tower with Radar,29,48,20,0,97,0,0,0,0,0,29,48,20,0,97,74,0,74,171
12/23/2005,AVP,PA,AEA,EN,Combined TRACON& Tower with Radar,20,38,14,0,72,0,0,42,0,42,20,38,56,0,114,46,0,46,160
12/24/2005,AVP,PA,AEA,EN,Combined TRACON& Tower with Radar,9,39,8,0,56,0,1,41,0,42,9,40,49,0,98,18,0,18,116
12/25/2005,AVP,PA,AEA,EN,Combined TRACON& Tower with Radar,30,18,2,0,50,0,0,4,0,4,30,18,6,0,54,2,0,2,56
12/26/2005,AVP,PA,AEA,EN,Combined TRACON& Tower with Radar,23,34,16,0,73,0,0,0,0,0,23,34,16,0,73,0,0,0,73
12/27/2005,AVP,PA,AEA,EN,Combined TRACON& Tower with Radar,21,41,17,0,79,0,1,15,0,16,21,42,32,0,95,62,0,62,157
12/28/2005,AVP,PA,AEA,EN,Combined TRACON& Tower with Radar,22,34,18,1,75,0,0,73,0,73,22,34,91,1,148,202,0,202,350
12/29/2005,AVP,PA,AEA,EN,Combined TRACON& Tower with Radar,9,54,11,1,75,0,0,0,0,0,9,54,11,1,75,0,0,0,75
12/30/2005,AVP,PA,AEA,EN,Combined TRACON& Tower with Radar,13,44,22,2,81,0,1,28,0,29,13,45,50,2,110,20,0,20,130
12/31/2005,AVP,PA,AEA,EN,Combined TRACON& Tower with Radar,25,28,0,0,53,0,0,8,0,8,25,28,8,0,61,0,0,0,61
01/01/2006,AVP,PA,AEA,EN,Combined TRACON& Tower with Radar,18,26,12,0,56,0,0,15,0,15,18,26,27,0,71,56,0,56,127
01/02/2006,AVP,PA,AEA,EN,Combined TRACON& Tower with Radar,33,43,41,0,117,0,0,12,0,12,33,43,53,0,129,36,0,36,165
01/03/2006,AVP,PA,AEA,EN,Combined TRACON& Tower with Radar,5,51,10,0,66,0,0,2,0,2,5,51,12,0,68,0,0,0,68
01/04/2006,AVP,PA,AEA,EN,Combined TRACON& Tower with Radar,11,36,15,0,62,0,0,21,0,21,11,36,36,0,83,58,0,58,141
01/05/2006,AVP,PA,AEA,EN,Combined TRACON& Tower with Radar,8,48,27,0,83,0,0,2,0,2,8,48,29,0,85,0,0,0,85
01/06/2006,AVP,PA,AEA,EN,Combined TRACON& Tower with Radar,8,52,21,2,83,0,0,24,0,24,8,52,45,2,107,56,0,56,163
01/07/2006,AVP,PA,AEA,EN,Combined TRACON& Tower with Radar,3,51,23,0,77,0,0,46,0,46,3,51,69,0,123,64,0,64,187
01/08/2006,AVP,PA,AEA,EN,Combined TRACON& Tower with Radar,6,49,11,0,66,0,2,48,0,50,6,51,59,0,116,92,0,92,208
01/09/2006,AVP,PA,AEA,EN,Combined TRACON& Tower with Radar,20,47,19,0,86,0,2,43,0,45,20,49,62,0,131,125,0,125,256
01/10/2006,AVP,PA,AEA,EN,Combined TRACON& Tower with Radar,21,44,23,0,88,0,2,58,1,61,21,46,81,1,149,110,0,110,259
01/11/2006,AVP,PA,AEA,EN,Combined TRACON& Tower with Radar,26,28,15,2,71,0,0,5,0,5,26,28,20,2,76,18,0,18,94
01/12/2006,AVP,PA,AEA,EN,Combined TRACON& Tower with Radar,32,37,21,1,91,0,0,64,3,67,32,37,85,4,158,134,0,134,292
01/13/2006,AVP,PA,AEA,EN,Combined TRACON& Tower with Radar,39,54,32,0,125,0,0,43,0,43,39,54,75,0,168,135,0,135,303
01/14/2006,AVP,PA,AEA,EN,Combined TRACON& Tower with Radar,20,31,7,0,58,0,0,0,0,0,20,31,7,0,58,0,0,0,58
01/15/2006,AVP,PA,AEA,EN,Combined TRACON& Tower with Radar,30,22,7,0,59,0,0,1,0,1,30,22,8,0,60,0,0,0,60
01/16/2006,AVP,PA,AEA,EN,Combined TRACON& Tower with Radar,28,35,23,0,86,0,0,78,0,78,28,35,101,0,164,151,0,151,315
01/17/2006,AVP,PA,AEA,EN,Combined TRACON& Tower with Radar,27,30,18,0,75,0,0,0,0,0,27,30,18,0,75,46,0,46,121
01/18/2006,AVP,PA,AEA,EN,Combined TRACON& Tower with Radar,38,23,10,0,71,0,1,3,0,4,38,24,13,0,75,4,0,4,79
01/19/2006,AVP,PA,AEA,EN,Combined TRACON& Tower with Radar,26,44,23,1,94,0,1,38,0,39,26,45,61,1,133,90,0,90,223
01/20/2006,AVP,PA,AEA,EN,Combined TRACON& Tower with Radar,19,46,37,1,103,0,0,61,0,61,19,46,98,1,164,78,0,78,242
01/21/2006,AVP,PA,AEA,EN,Combined TRACON& Tower with Radar,14,30,6,0,50,0,0,23,0,23,14,30,29,0,73,22,0,22,95
01/22/2006,AVP,PA,AEA,EN,Combined TRACON& Tower with Radar,15,34,23,0,72,0,0,80,0,80,15,34,103,0,152,118,0,118,270
01/23/2006,AVP,PA,AEA,EN,Combined TRACON& Tower with Radar,18,37,11,1,67,0,0,0,0,0,18,37,11,1,67,0,0,0,67
01/24/2006,AVP,PA,AEA,EN,Combined TRACON& Tower with Radar,24,45,17,2,88,0,0,53,2,55,24,45,70,4,143,137,0,137,280
01/25/2006,AVP,PA,AEA,EN,Combined TRACON& Tower with Radar,30,23,19,0,72,0,0,7,0,7,30,23,26,0,79,25,0,25,104
01/26/2006,AVP,PA,AEA,EN,Combined TRACON& Tower with Radar,5,46,21,0,72,0,1,31,0,32,5,47,52,0,104,28,0,28,132
01/27/2006,AVP,PA,AEA,EN,Combined TRACON& Tower with Radar,24,39,21,2,86,0,1,66,1,68,24,40,87,3,154,106,0,106,260
01/28/2006,AVP,PA,AEA,EN,Combined TRACON& Tower with Radar,24,32,38,0,94,0,1,116,0,117,24,33,154,0,211,158,0,158,369
01/29/2006,AVP,PA,AEA,EN,Combined TRACON& Tower with Radar,5,42,14,0,61,0,0,12,0,12,5,42,26,0,73,16,0,16,89
01/30/2006,AVP,PA,AEA,EN,Combined TRACON& Tower with Radar,25,42,18,0,85,0,0,0,0,0,25,42,18,0,85,98,0,98,183
01/31/2006,AVP,PA,AEA,EN,Combined TRACON& Tower with Radar,25,31,3,2,61,0,0,5,0,5,25,31,8,2,66,0,0,0,66
02/01/2006,AVP,PA,AEA,EN,Combined TRACON& Tower with Radar,22,34,25,0,81,0,0,0,0,0,22,34,25,0,81,122,0,122,203
02/02/2006,AVP,PA,AEA,EN,Combined TRACON& Tower with Radar,16,58,18,0,92,0,0,0,0,0,16,58,18,0,92,68,0,68,160
02/03/2006,AVP,PA,AEA,EN,Combined TRACON& Tower with Radar,15,45,33,8,101,0,0,11,0,11,15,45,44,8,112,142,0,142,254
02/04/2006,AVP,PA,AEA,EN,Combined TRACON& Tower with Radar,1,36,16,0,53,0,0,8,0,8,1,36,24,0,61,28,0,28,89
02/05/2006,AVP,PA,AEA,EN,Combined TRACON& Tower with Radar,3,50,5,0,58,0,0,7,0,7,3,50,12,0,65,0,0,0,65
02/06/2006,AVP,PA,AEA,EN,Combined TRACON& Tower with Radar,25,31,7,0,63,0,0,5,0,5,25,31,12,0,68,5,0,5,73
02/07/2006,AVP,PA,AEA,EN,Combined TRACON& Tower with Radar,21,34,12,0,67,0,0,17,0,17,21,34,29,0,84,46,0,46,130
02/08/2006,AVP,PA,AEA,EN,Combined TRACON& Tower with Radar,2,42,29,4,77,0,2,24,0,26,2,44,53,4,103,58,10,68,171
02/09/2006,AVP,PA,AEA,EN,Combined TRACON& Tower with Radar,21,44,18,0,83,0,0,44,0,44,21,44,62,0,127,103,0,103,230
02/10/2006,AVP,PA,AEA,EN,Combined TRACON& Tower with Radar,6,43,21,0,70,0,0,14,0,14,6,43,35,0,84,38,0,38,122
02/11/2006,AVP,PA,AEA,EN,Combined TRACON& Tower with Radar,4,40,18,0,62,0,0,38,0,38,4,40,56,0,100,82,0,82,182
02/12/2006,AVP,PA,AEA,EN,Combined TRACON& Tower with Radar,10,27,8,0,45,0,0,4,1,5,10,27,12,1,50,40,0,40,90
02/13/2006,AVP,PA,AEA,EN,Combined TRACON& Tower with Radar,10,51,25,0,86,1,0,33,1,35,11,51,58,1,121,46,0,46,167
02/14/2006,AVP,PA,AEA,EN,Combined TRACON& Tower with Radar,17,38,11,0,66,0,1,35,0,36,17,39,46,0,102,92,0,92,194
02/15/2006,AVP,PA,AEA,EN,Combined TRACON& Tower with Radar,26,39,18,0,83,0,0,64,0,64,26,39,82,0,147,164,0,164,311
02/16/2006,AVP,PA,AEA,EN,Combined TRACON& Tower with Radar,20,46,26,0,92,0,0,58,0,58,20,46,84,0,150,74,0,74,224
02/17/2006,AVP,PA,AEA,EN,Combined TRACON& Tower with Radar,33,41,17,0,91,0,0,14,0,14,33,41,31,0,105,8,0,8,113
02/18/2006,AVP,PA,AEA,EN,Combined TRACON& Tower with Radar,17,31,5,0,53,0,2,9,0,11,17,33,14,0,64,0,0,0,64
02/19/2006,AVP,PA,AEA,EN,Combined TRACON& Tower with Radar,4,35,9,0,48,0,0,52,0,52,4,35,61,0,100,78,0,78,178
02/20/2006,AVP,PA,AEA,EN,Combined TRACON& Tower with Radar,26,37,24,0,87,0,0,43,1,44,26,37,67,1,131,110,0,110,241
02/21/2006,AVP,PA,AEA,EN,Combined TRACON& Tower with Radar,21,39,21,0,81,0,1,59,0,60,21,40,80,0,141,112,0,112,253
02/22/2006,AVP,PA,AEA,EN,Combined TRACON& Tower with Radar,21,38,28,0,87,0,1,42,0,43,21,39,70,0,130,70,0,70,200
02/23/2006,AVP,PA,AEA,EN,Combined TRACON& Tower with Radar,13,54,22,0,89,0,2,6,0,8,13,56,28,0,97,10,0,10,107
02/24/2006,AVP,PA,AEA,EN,Combined TRACON& Tower with Radar,25,32,16,0,73,0,2,4,0,6,25,34,20,0,79,6,0,6,85
02/25/2006,AVP,PA,AEA,EN,Combined TRACON& Tower with Radar,14,41,21,0,76,0,1,33,0,34,14,42,54,0,110,12,0,12,122
02/26/2006,AVP,PA,AEA,EN,Combined TRACON& Tower with Radar,9,45,8,0,62,0,0,2,0,2,9,45,10,0,64,0,0,0,64
02/27/2006,AVP,PA,AEA,EN,Combined TRACON& Tower with Radar,34,38,17,0,89,0,0,16,0,16,34,38,33,0,105,32,0,32,137
02/28/2006,AVP,PA,AEA,EN,Combined TRACON& Tower with Radar,25,32,13,0,70,0,2,28,0,30,25,34,41,0,100,55,0,55,155
03/01/2006,AVP,PA,AEA,EN,Combined TRACON& Tower with Radar,26,31,34,6,97,0,1,47,0,48,26,32,81,6,145,92,0,92,237
03/02/2006,AVP,PA,AEA,EN,Combined TRACON& Tower with Radar,20,46,17,0,83,0,0,0,0,0,20,46,17,0,83,0,0,0,83
03/03/2006,AVP,PA,AEA,EN,Combined TRACON& Tower with Radar,5,55,17,1,78,0,0,13,0,13,5,55,30,1,91,4,0,4,95
03/04/2006,AVP,PA,AEA,EN,Combined TRACON& Tower with Radar,5,40,10,0,55,0,0,11,0,11,5,40,21,0,66,2,0,2,68
03/05/2006,AVP,PA,AEA,EN,Combined TRACON& Tower with Radar,6,50,14,0,70,0,3,84,0,87,6,53,98,0,157,82,0,82,239
03/06/2006,AVP,PA,AEA,EN,Combined TRACON& Tower with Radar,21,31,12,0,64,0,0,49,0,49,21,31,61,0,113,51,0,51,164
03/07/2006,AVP,PA,AEA,EN,Combined TRACON& Tower with Radar,17,34,20,0,71,0,0,54,0,54,17,34,74,0,125,106,0,106,231
03/08/2006,AVP,PA,AEA,EN,Combined TRACON& Tower with Radar,27,32,35,2,96,0,1,54,0,55,27,33,89,2,151,105,6,111,262
03/09/2006,AVP,PA,AEA,EN,Combined TRACON& Tower with Radar,28,30,14,0,72,0,2,23,0,25,28,32,37,0,97,70,0,70,167
03/10/2006,AVP,PA,AEA,EN,Combined TRACON& Tower with Radar,22,31,9,0,62,0,2,9,0,11,22,33,18,0,73,8,0,8,81
03/11/2006,AVP,PA,AEA,EN,Combined TRACON& Tower with Radar,23,35,36,1,95,0,0,119,2,121,23,35,155,3,216,242,0,242,458
03/12/2006,AVP,PA,AEA,EN,Combined TRACON& Tower with Radar,27,27,16,0,70,0,2,0,0,2,27,29,16,0,72,2,0,2,74
03/13/2006,AVP,PA,AEA,EN,Combined TRACON& Tower with Radar,23,36,12,0,71,0,0,6,0,6,23,36,18,0,77,22,0,22,99
03/14/2006,AVP,PA,AEA,EN,Combined TRACON& Tower with Radar,24,31,21,0,76,0,0,8,0,8,24,31,29,0,84,10,0,10,94
03/15/2006,AVP,PA,AEA,EN,Combined TRACON& Tower with Radar,24,35,17,0,76,0,0,14,1,15,24,35,31,1,91,10,0,10,101
03/16/2006,AVP,PA,AEA,EN,Combined TRACON& Tower with Radar,14,43,22,2,81,0,1,31,0,32,14,44,53,2,113,38,0,38,151
03/17/2006,AVP,PA,AEA,EN,Combined TRACON& Tower with Radar,2,47,19,1,69,0,0,64,1,65,2,47,83,2,134,112,0,112,246
03/18/2006,AVP,PA,AEA,EN,Combined TRACON& Tower with Radar,3,44,16,0,63,0,0,22,0,22,3,44,38,0,85,58,0,58,143
03/19/2006,AVP,PA,AEA,EN,Combined TRACON& Tower with Radar,2,46,9,0,57,0,1,11,0,12,2,47,20,0,69,22,0,22,91
03/20/2006,AVP,PA,AEA,EN,Combined TRACON& Tower with Radar,19,35,9,0,63,0,2,15,0,17,19,37,24,0,80,36,0,36,116
03/21/2006,AVP,PA,AEA,EN,Combined TRACON& Tower with Radar,21,39,19,0,79,0,1,46,2,49,21,40,65,2,128,133,0,133,261
03/22/2006,AVP,PA,AEA,EN,Combined TRACON& Tower with Radar,23,40,25,2,90,0,0,28,0,28,23,40,53,2,118,88,0,88,206
03/23/2006,AVP,PA,AEA,EN,Combined TRACON& Tower with Radar,26,39,28,0,93,0,0,41,0,41,26,39,69,0,134,64,0,64,198
03/24/2006,AVP,PA,AEA,EN,Combined TRACON& Tower with Radar,27,36,31,2,96,1,5,42,0,48,28,41,73,2,144,130,0,130,274
03/25/2006,AVP,PA,AEA,EN,Combined TRACON& Tower with Radar,20,34,22,0,76,0,0,14,0,14,20,34,36,0,90,6,0,6,96
03/26/2006,AVP,PA,AEA,EN,Combined TRACON& Tower with Radar,18,38,31,0,87,0,0,22,0,22,18,38,53,0,109,39,0,39,148
03/27/2006,AVP,PA,AEA,EN,Combined TRACON& Tower with Radar,21,42,27,0,90,0,0,87,0,87,21,42,114,0,177,112,0,112,289
03/28/2006,AVP,PA,AEA,EN,Combined TRACON& Tower with Radar,24,29,27,8,88,0,0,64,2,66,24,29,91,10,154,214,0,214,368
03/29/2006,AVP,PA,AEA,EN,Combined TRACON& Tower with Radar,27,42,16,0,85,0,0,104,0,104,27,42,120,0,189,203,0,203,392
03/30/2006,AVP,PA,AEA,EN,Combined TRACON& Tower with Radar,19,35,32,0,86,0,8,63,4,75,19,43,95,4,161,140,10,150,311
03/31/2006,AVP,PA,AEA,EN,Combined TRACON& Tower with Radar,26,31,23,0,80,0,3,69,0,72,26,34,92,0,152,157,0,157,309
04/01/2006,AVP,PA,AEA,EN,Combined TRACON& Tower with Radar,2,49,34,0,85,0,0,23,0,23,2,49,57,0,108,21,0,21,129
04/02/2006,AVP,PA,AEA,EN,Combined TRACON& Tower with Radar,2,46,21,0,69,0,0,73,0,73,2,46,94,0,142,208,0,208,350
04/03/2006,AVP,PA,AEA,EN,Combined TRACON& Tower with Radar,21,35,9,0,65,0,3,24,0,27,21,38,33,0,92,18,0,18,110
04/04/2006,AVP,PA,AEA,EN,Combined TRACON& Tower with Radar,23,24,8,0,55,0,1,11,2,14,23,25,19,2,69,32,0,32,101
04/05/2006,AVP,PA,AEA,EN,Combined TRACON& Tower with Radar,30,29,13,3,75,0,2,4,0,6,30,31,17,3,81,18,0,18,99
04/06/2006,AVP,PA,AEA,EN,Combined TRACON& Tower with Radar,25,37,16,0,78,0,0,51,0,51,25,37,67,0,129,124,0,124,253
04/07/2006,AVP,PA,AEA,EN,Combined TRACON& Tower with Radar,29,27,15,0,71,0,0,11,0,11,29,27,26,0,82,18,0,18,100
04/08/2006,AVP,PA,AEA,EN,Combined TRACON& Tower with Radar,14,38,7,0,59,0,1,20,0,21,14,39,27,0,80,28,0,28,108
04/09/2006,AVP,PA,AEA,EN,Combined TRACON& Tower with Radar,20,42,45,0,107,0,0,85,7,92,20,42,130,7,199,176,0,176,375
04/10/2006,AVP,PA,AEA,EN,Combined TRACON& Tower with Radar,17,37,18,0,72,0,1,66,0,67,17,38,84,0,139,120,0,120,259
04/11/2006,AVP,PA,AEA,EN,Combined TRACON& Tower with Radar,17,44,24,2,87,0,2,70,0,72,17,46,94,2,159,150,0,150,309
04/12/2006,AVP,PA,AEA,EN,Combined TRACON& Tower with Radar,13,41,24,0,78,0,0,41,1,42,13,41,65,1,120,0,84,84,204
04/13/2006,AVP,PA,AEA,EN,Combined TRACON& Tower with Radar,22,35,24,1,82,0,1,36,0,37,22,36,60,1,119,64,0,64,183
04/14/2006,AVP,PA,AEA,EN,Combined TRACON& Tower with Radar,17,45,19,0,81,0,0,12,0,12,17,45,31,0,93,2,0,2,95
04/15/2006,AVP,PA,AEA,EN,Combined TRACON& Tower with Radar,18,33,19,0,70,0,1,46,1,48,18,34,65,1,118,164,0,164,282
04/16/2006,AVP,PA,AEA,EN,Combined TRACON& Tower with Radar,19,28,20,2,69,171,2,62,0,235,190,30,82,2,304,80,0,80,384
04/17/2006,AVP,PA,AEA,EN,Combined TRACON& Tower with Radar,29,35,28,0,92,0,1,41,0,42,29,36,69,0,134,95,0,95,229
04/18/2006,AVP,PA,AEA,EN,Combined TRACON& Tower with Radar,21,38,15,1,75,0,2,38,2,42,21,40,53,3,117,130,0,130,247
04/19/2006,AVP,PA,AEA,EN,Combined TRACON& Tower with Radar,19,32,13,4,68,0,4,52,0,56,19,36,65,4,124,110,0,110,234
04/20/2006,AVP,PA,AEA,EN,Combined TRACON& Tower with Radar,17,43,27,0,87,0,2,54,0,56,17,45,81,0,143,236,0,236,379
04/21/2006,AVP,PA,AEA,EN,Combined TRACON& Tower with Radar,9,53,18,10,90,0,0,38,0,38,9,53,56,10,128,104,0,104,232
04/22/2006,AVP,PA,AEA,EN,Combined TRACON& Tower with Radar,6,33,13,0,52,0,0,0,0,0,6,33,13,0,52,0,0,0,52
04/23/2006,AVP,PA,AEA,EN,Combined TRACON& Tower with Radar,31,36,20,0,87,0,0,0,0,0,31,36,20,0,87,24,0,24,111
04/24/2006,AVP,PA,AEA,EN,Combined TRACON& Tower with Radar,14,42,26,0,82,0,0,28,0,28,14,42,54,0,110,122,0,122,232
04/25/2006,AVP,PA,AEA,EN,Combined TRACON& Tower with Radar,25,23,17,0,65,0,1,17,0,18,25,24,34,0,83,46,0,46,129
04/26/2006,AVP,PA,AEA,EN,Combined TRACON& Tower with Radar,17,43,25,0,85,0,0,48,0,48,17,43,73,0,133,133,0,133,266
04/27/2006,AVP,PA,AEA,EN,Combined TRACON& Tower with Radar,21,41,23,0,85,0,0,45,0,45,21,41,68,0,130,114,0,114,244
04/28/2006,AVP,PA,AEA,EN,Combined TRACON& Tower with Radar,21,35,21,1,78,0,5,62,0,67,21,40,83,1,145,170,0,170,315
04/29/2006,AVP,PA,AEA,EN,Combined TRACON& Tower with Radar,13,28,15,0,56,0,0,115,0,115,13,28,130,0,171,228,0,228,399
04/30/2006,AVP,PA,AEA,EN,Combined TRACON& Tower with Radar,14,30,17,0,61,0,0,100,0,100,14,30,117,0,161,236,0,236,397
05/01/2006,AVP,PA,AEA,EN,Combined TRACON& Tower with Radar,21,32,14,0,67,0,1,33,0,34,21,33,47,0,101,153,0,153,254
05/02/2006,AVP,PA,AEA,EN,Combined TRACON& Tower with Radar,28,28,12,4,72,0,0,55,0,55,28,28,67,4,127,130,0,130,257
05/03/2006,AVP,PA,AEA,EN,Combined TRACON& Tower with Radar,28,35,36,0,99,0,2,55,0,57,28,37,91,0,156,94,0,94,250
05/04/2006,AVP,PA,AEA,EN,Combined TRACON& Tower with Radar,14,42,11,0,67,0,0,30,0,30,14,42,41,0,97,60,0,60,157
05/05/2006,AVP,PA,AEA,EN,Combined TRACON& Tower with Radar,9,32,28,1,70,0,0,34,0,34,9,32,62,1,104,112,0,112,216
05/06/2006,AVP,PA,AEA,EN,Combined TRACON& Tower with Radar,10,36,14,0,60,0,0,34,1,35,10,36,48,1,95,66,0,66,161
05/07/2006,AVP,PA,AEA,EN,Combined TRACON& Tower with Radar,22,36,34,0,92,0,0,53,0,53,22,36,87,0,145,124,0,124,269
05/08/2006,AVP,PA,AEA,EN,Combined TRACON& Tower with Radar,18,35,20,0,73,0,0,0,0,0,18,35,20,0,73,64,0,64,137
05/09/2006,AVP,PA,AEA,EN,Combined TRACON& Tower with Radar,28,26,34,0,88,0,0,42,0,42,28,26,76,0,130,140,0,140,270
05/10/2006,AVP,PA,AEA,EN,Combined TRACON& Tower with Radar,24,42,43,1,110,0,1,57,1,59,24,43,100,2,169,138,0,138,307
05/11/2006,AVP,PA,AEA,EN,Combined TRACON& Tower with Radar,24,32,23,0,79,0,0,8,0,8,24,32,31,0,87,19,0,19,106
05/12/2006,AVP,PA,AEA,EN,Combined TRACON& Tower with Radar,28,33,25,2,88,0,2,62,0,64,28,35,87,2,152,96,0,96,248
05/13/2006,AVP,PA,AEA,EN,Combined TRACON& Tower with Radar,17,23,14,2,56,0,0,16,0,16,17,23,30,2,72,36,0,36,108
05/14/2006,AVP,PA,AEA,EN,Combined TRACON& Tower with Radar,30,33,27,0,90,0,0,28,0,28,30,33,55,0,118,42,0,42,160
05/15/2006,AVP,PA,AEA,EN,Combined TRACON& Tower with Radar,25,38,23,0,86,0,0,8,0,8,25,38,31,0,94,0,0,0,94
05/16/2006,AVP,PA,AEA,EN,Combined TRACON& Tower with Radar,13,39,29,2,83,0,1,13,0,14,13,40,42,2,97,38,0,38,135
05/17/2006,AVP,PA,AEA,EN,Combined TRACON& Tower with Radar,22,39,31,1,93,0,1,20,0,21,22,40,51,1,114,46,0,46,160
05/18/2006,AVP,PA,AEA,EN,Combined TRACON& Tower with Radar,28,27,19,2,76,0,2,31,0,33,28,29,50,2,109,62,0,62,171
05/19/2006,AVP,PA,AEA,EN,Combined TRACON& Tower with Radar,20,42,20,0,82,0,0,8,0,8,20,42,28,0,90,0,0,0,90
05/20/2006,AVP,PA,AEA,EN,Combined TRACON& Tower with Radar,5,42,18,0,65,0,0,19,0,19,5,42,37,0,84,50,0,50,134
05/21/2006,AVP,PA,AEA,EN,Combined TRACON& Tower with Radar,20,31,11,2,64,0,1,19,0,20,20,32,30,2,84,12,0,12,96
05/22/2006,AVP,PA,AEA,EN,Combined TRACON& Tower with Radar,17,37,14,0,68,0,0,19,0,19,17,37,33,0,87,48,0,48,135
05/23/2006,AVP,PA,AEA,EN,Combined TRACON& Tower with Radar,20,37,16,0,73,0,2,44,2,48,20,39,60,2,121,77,0,77,198
05/24/2006,AVP,PA,AEA,EN,Combined TRACON& Tower with Radar,23,43,36,0,102,0,0,76,0,76,23,43,112,0,178,184,0,184,362
05/25/2006,AVP,PA,AEA,EN,Combined TRACON& Tower with Radar,20,33,34,0,87,0,2,53,0,55,20,35,87,0,142,114,0,114,256
05/26/2006,AVP,PA,AEA,EN,Combined TRACON& Tower with Radar,12,46,22,0,80,0,0,2,0,2,12,46,24,0,82,72,0,72,154
05/27/2006,AVP,PA,AEA,EN,Combined TRACON& Tower with Radar,20,34,32,0,86,0,1,33,0,34,20,35,65,0,120,69,1,70,190
05/28/2006,AVP,PA,AEA,EN,Combined TRACON& Tower with Radar,28,21,8,0,57,0,0,85,0,85,28,21,93,0,142,94,0,94,236
05/29/2006,AVP,PA,AEA,EN,Combined TRACON& Tower with Radar,27,25,13,0,65,0,1,102,0,103,27,26,115,0,168,188,0,188,356
05/30/2006,AVP,PA,AEA,EN,Combined TRACON& Tower with Radar,22,42,13,0,77,0,1,46,0,47,22,43,59,0,124,111,0,111,235
05/31/2006,AVP,PA,AEA,EN,Combined TRACON& Tower with Radar,20,39,36,0,95,0,1,32,1,34,20,40,68,1,129,0,86,86,215
06/01/2006,AVP,PA,AEA,EN,Combined TRACON& Tower with Radar,7,49,52,0,108,0,0,27,0,27,7,49,79,0,135,24,0,24,159
06/02/2006,AVP,PA,AEA,EN,Combined TRACON& Tower with Radar,16,44,18,0,78,0,0,16,0,16,16,44,34,0,94,2,0,2,96
06/03/2006,AVP,PA,AEA,EN,Combined TRACON& Tower with Radar,6,25,12,0,43,0,0,3,0,3,6,25,15,0,46,8,0,8,54
06/04/2006,AVP,PA,AEA,EN,Combined TRACON& Tower with Radar,23,35,22,0,80,0,0,9,0,9,23,35,31,0,89,4,0,4,93
06/05/2006,AVP,PA,AEA,EN,Combined TRACON& Tower with Radar,27,34,13,1,75,0,0,44,0,44,27,34,57,1,119,64,0,64,183
06/06/2006,AVP,PA,AEA,EN,Combined TRACON& Tower with Radar,27,19,41,0,87,0,1,62,1,64,27,20,103,1,151,151,0,151,302
06/07/2006,AVP,PA,AEA,EN,Combined TRACON& Tower with Radar,15,53,35,0,103,1,1,17,0,19,16,54,52,0,122,32,0,32,154
06/08/2006,AVP,PA,AEA,EN,Combined TRACON& Tower with Radar,29,46,64,0,139,0,2,22,2,26,29,48,86,2,165,62,0,62,227
06/09/2006,AVP,PA,AEA,EN,Combined TRACON& Tower with Radar,21,37,22,0,80,0,0,28,0,28,21,37,50,0,108,25,0,25,133
06/10/2006,AVP,PA,AEA,EN,Combined TRACON& Tower with Radar,15,33,33,2,83,0,0,19,0,19,15,33,52,2,102,40,0,40,142
06/11/2006,AVP,PA,AEA,EN,Combined TRACON& Tower with Radar,30,34,78,0,142,0,0,53,0,53,30,34,131,0,195,176,0,176,371
06/12/2006,AVP,PA,AEA,EN,Combined TRACON& Tower with Radar,32,28,23,0,83,0,0,32,1,33,32,28,55,1,116,88,0,88,204
06/13/2006,AVP,PA,AEA,EN,Combined TRACON& Tower with Radar,27,27,23,0,77,0,1,59,0,60,27,28,82,0,137,104,0,104,241
06/14/2006,AVP,PA,AEA,EN,Combined TRACON& Tower with Radar,28,33,26,0,87,0,0,31,0,31,28,33,57,0,118,42,0,42,160
06/15/2006,AVP,PA,AEA,EN,Combined TRACON& Tower with Radar,23,30,25,0,78,0,3,39,0,42,23,33,64,0,120,134,0,134,254
06/16/2006,AVP,PA,AEA,EN,Combined TRACON& Tower with Radar,27,32,16,1,76,0,3,73,0,76,27,35,89,1,152,140,0,140,292
06/17/2006,AVP,PA,AEA,EN,Combined TRACON& Tower with Radar,27,36,16,0,79,0,1,82,0,83,27,37,98,0,162,162,0,162,324
06/18/2006,AVP,PA,AEA,EN,Combined TRACON& Tower with Radar,24,44,22,0,90,0,3,75,0,78,24,47,97,0,168,167,0,167,335
06/19/2006,AVP,PA,AEA,EN,Combined TRACON& Tower with Radar,13,45,25,0,83,0,1,33,0,34,13,46,58,0,117,38,0,38,155
06/20/2006,AVP,PA,AEA,EN,Combined TRACON& Tower with Radar,23,43,31,0,97,0,3,24,0,27,23,46,55,0,124,62,0,62,186
06/21/2006,AVP,PA,AEA,EN,Combined TRACON& Tower with Radar,19,48,33,0,100,0,1,69,0,70,19,49,102,0,170,169,0,169,339
06/22/2006,AVP,PA,AEA,EN,Combined TRACON& Tower with Radar,31,26,27,0,84,0,2,35,0,37,31,28,62,0,121,106,0,106,227
06/23/2006,AVP,PA,AEA,EN,Combined TRACON& Tower with Radar,24,32,30,0,86,0,2,5,0,7,24,34,35,0,93,14,0,14,107
06/24/2006,AVP,PA,AEA,EN,Combined TRACON& Tower with Radar,22,31,19,0,72,0,1,14,0,15,22,32,33,0,87,26,0,26,113
06/25/2006,AVP,PA,AEA,EN,Combined TRACON& Tower with Radar,25,35,33,0,93,0,0,5,0,5,25,35,38,0,98,4,0,4,102
06/26/2006,AVP,PA,AEA,EN,Combined TRACON& Tower with Radar,22,35,33,0,90,0,0,0,0,0,22,35,33,0,90,0,0,0,90
06/27/2006,AVP,PA,AEA,EN,Combined TRACON& Tower with Radar,29,29,30,0,88,0,0,5,0,5,29,29,35,0,93,6,0,6,99
06/28/2006,AVP,PA,AEA,EN,Combined TRACON& Tower with Radar,22,33,27,3,85,0,2,85,17,104,22,35,112,20,189,144,0,144,333
06/29/2006,AVP,PA,AEA,EN,Combined TRACON& Tower with Radar,24,34,26,0,84,0,5,54,2,61,24,39,80,2,145,10,136,146,291
06/30/2006,AVP,PA,AEA,EN,Combined TRACON& Tower with Radar,34,32,18,3,87,0,4,72,3,79,34,36,90,6,166,168,16,184,350
07/01/2006,AVP,PA,AEA,EN,Combined TRACON& Tower with Radar,23,30,16,0,69,0,2,82,4,88,23,32,98,4,157,170,0,170,327
07/02/2006,AVP,PA,AEA,EN,Combined TRACON& Tower with Radar,29,28,15,0,72,0,0,20,0,20,29,28,35,0,92,24,0,24,116
07/03/2006,AVP,PA,AEA,EN,Combined TRACON& Tower with Radar,22,33,21,0,76,0,4,60,0,64,22,37,81,0,140,186,0,186,326
07/04/2006,AVP,PA,AEA,EN,Combined TRACON& Tower with Radar,13,29,15,0,57,0,1,17,0,18,13,30,32,0,75,22,0,22,97
07/05/2006,AVP,PA,AEA,EN,Combined TRACON& Tower with Radar,22,34,25,0,81,0,4,29,2,35,22,38,54,2,116,141,0,141,257
07/06/2006,AVP,PA,AEA,EN,Combined TRACON& Tower with Radar,19,43,36,0,98,0,4,55,0,59,19,47,91,0,157,130,0,130,287
07/07/2006,AVP,PA,AEA,EN,Combined TRACON& Tower with Radar,27,28,15,3,73,0,2,67,2,71,27,30,82,5,144,130,0,130,274
07/08/2006,AVP,PA,AEA,EN,Combined TRACON& Tower with Radar,21,26,24,0,71,0,2,70,0,72,21,28,94,0,143,190,0,190,333
07/09/2006,AVP,PA,AEA,EN,Combined TRACON& Tower with Radar,24,40,21,0,85,0,2,64,0,66,24,42,85,0,151,138,0,138,289
07/10/2006,AVP,PA,AEA,EN,Combined TRACON& Tower with Radar,21,40,23,4,88,0,0,35,0,35,21,40,58,4,123,41,0,41,164
07/11/2006,AVP,PA,AEA,EN,Combined TRACON& Tower with Radar,22,33,20,0,75,0,4,18,0,22,22,37,38,0,97,74,0,74,171
07/12/2006,AVP,PA,AEA,EN,Combined TRACON& Tower with Radar,33,43,18,0,94,0,2,4,0,6,33,45,22,0,100,2,0,2,102
07/13/2006,AVP,PA,AEA,EN,Combined TRACON& Tower with Radar,29,41,33,0,103,0,2,28,1,31,29,43,61,1,134,106,0,106,240
07/14/2006,AVP,PA,AEA,EN,Combined TRACON& Tower with Radar,27,30,25,0,82,0,3,49,0,52,27,33,74,0,134,58,0,58,192
07/15/2006,AVP,PA,AEA,EN,Combined TRACON& Tower with Radar,24,26,16,0,66,0,0,22,0,22,24,26,38,0,88,14,0,14,102
07/16/2006,AVP,PA,AEA,EN,Combined TRACON& Tower with Radar,24,36,28,0,88,0,1,71,0,72,24,37,99,0,160,100,0,100,260
07/17/2006,AVP,PA,AEA,EN,Combined TRACON& Tower with Radar,24,36,13,0,73,0,1,46,3,50,24,37,59,3,123,174,0,174,297
07/18/2006,AVP,PA,AEA,EN,Combined TRACON& Tower with Radar,18,39,32,1,90,0,0,46,0,46,18,39,78,1,136,156,0,156,292
07/19/2006,AVP,PA,AEA,EN,Combined TRACON& Tower with Radar,28,32,33,0,93,0,0,41,0,41,28,32,74,0,134,118,0,118,252
07/20/2006,AVP,PA,AEA,EN,Combined TRACON& Tower with Radar,33,33,57,1,124,0,0,32,0,32,33,33,89,1,156,97,0,97,253
07/21/2006,AVP,PA,AEA,EN,Combined TRACON& Tower with Radar,26,36,35,0,97,0,2,13,2,17,26,38,48,2,114,34,0,34,148
07/22/2006,AVP,PA,AEA,EN,Combined TRACON& Tower with Radar,17,37,39,1,94,0,0,4,0,4,17,37,43,1,98,10,0,10,108
07/23/2006,AVP,PA,AEA,EN,Combined TRACON& Tower with Radar,19,45,71,1,136,0,0,64,2,66,19,45,135,3,202,206,0,206,408
07/24/2006,AVP,PA,AEA,EN,Combined TRACON& Tower with Radar,23,37,36,5,101,0,0,76,2,78,23,37,112,7,179,154,0,154,333
07/25/2006,AVP,PA,AEA,EN,Combined TRACON& Tower with Radar,32,39,32,2,105,0,2,64,0,66,32,41,96,2,171,102,0,102,273
07/26/2006,AVP,PA,AEA,EN,Combined TRACON& Tower with Radar,24,39,26,1,90,0,2,29,0,31,24,41,55,1,121,140,0,140,261
07/27/2006,AVP,PA,AEA,EN,Combined TRACON& Tower with Radar,23,40,23,0,86,0,0,22,0,22,23,40,45,0,108,36,0,36,144
07/28/2006,AVP,PA,AEA,EN,Combined TRACON& Tower with Radar,21,34,22,2,79,0,4,17,1,22,21,38,39,3,101,58,0,58,159
07/29/2006,AVP,PA,AEA,EN,Combined TRACON& Tower with Radar,22,28,25,0,75,0,6,77,0,83,22,34,102,0,158,168,0,168,326
07/30/2006,AVP,PA,AEA,EN,Combined TRACON& Tower with Radar,21,40,32,1,94,0,0,0,0,0,21,40,32,1,94,0,0,0,94
07/31/2006,AVP,PA,AEA,EN,Combined TRACON& Tower with Radar,30,31,30,0,91,0,0,59,0,59,30,31,89,0,150,128,0,128,278
08/01/2006,AVP,PA,AEA,EN,Combined TRACON& Tower with Radar,25,43,39,0,107,0,0,50,0,50,25,43,89,0,157,159,0,159,316
08/02/2006,AVP,PA,AEA,EN,Combined TRACON& Tower with Radar,25,40,34,6,105,0,5,38,0,43,25,45,72,6,148,0,93,93,241
08/03/2006,AVP,PA,AEA,EN,Combined TRACON& Tower with Radar,17,51,16,0,84,0,1,40,1,42,17,52,56,1,126,86,0,86,212
08/04/2006,AVP,PA,AEA,EN,Combined TRACON& Tower with Radar,25,32,20,1,78,0,2,35,0,37,25,34,55,1,115,62,0,62,177
08/05/2006,AVP,PA,AEA,EN,Combined TRACON& Tower with Radar,16,34,27,0,77,0,0,88,0,88,16,34,115,0,165,154,0,154,319
08/06/2006,AVP,PA,AEA,EN,Combined TRACON& Tower with Radar,17,35,25,1,78,0,3,59,0,62,17,38,84,1,140,120,0,120,260
08/07/2006,AVP,PA,AEA,EN,Combined TRACON& Tower with Radar,7,39,22,0,68,0,0,37,0,37,7,39,59,0,105,100,0,100,205
08/08/2006,AVP,PA,AEA,EN,Combined TRACON& Tower with Radar,28,26,19,1,74,0,3,56,0,59,28,29,75,1,133,186,0,186,319
08/09/2006,AVP,PA,AEA,EN,Combined TRACON& Tower with Radar,21,37,34,0,92,0,3,70,0,73,21,40,104,0,165,128,0,128,293
08/10/2006,AVP,PA,AEA,EN,Combined TRACON& Tower with Radar,25,28,18,0,71,0,3,45,0,48,25,31,63,0,119,118,0,118,237
08/11/2006,AVP,PA,AEA,EN,Combined TRACON& Tower with Radar,26,31,26,2,85,0,9,40,0,49,26,40,66,2,134,124,0,124,258
08/12/2006,AVP,PA,AEA,EN,Combined TRACON& Tower with Radar,14,36,26,0,76,0,3,78,0,81,14,39,104,0,157,152,0,152,309
08/13/2006,AVP,PA,AEA,EN,Combined TRACON& Tower with Radar,19,73,23,0,115,0,0,67,0,67,19,73,90,0,182,165,0,165,347
08/14/2006,AVP,PA,AEA,EN,Combined TRACON& Tower with Radar,28,26,20,0,74,0,1,50,0,51,28,27,70,0,125,136,0,136,261
08/15/2006,AVP,PA,AEA,EN,Combined TRACON& Tower with Radar,27,42,33,2,104,0,4,35,2,41,27,46,68,4,145,81,0,81,226
08/16/2006,AVP,PA,AEA,EN,Combined TRACON& Tower with Radar,23,28,32,0,83,0,4,60,0,64,23,32,92,0,147,134,0,134,281
08/17/2006,AVP,PA,AEA,EN,Combined TRACON& Tower with Radar,17,25,34,3,79,0,1,75,2,78,17,26,109,5,157,0,122,122,279
08/18/2006,AVP,PA,AEA,EN,Combined TRACON& Tower with Radar,30,37,35,0,102,0,2,63,2,67,30,39,98,2,169,182,0,182,351
08/19/2006,AVP,PA,AEA,EN,Combined TRACON& Tower with Radar,22,31,23,0,76,0,0,20,0,20,22,31,43,0,96,94,0,94,190
08/20/2006,AVP,PA,AEA,EN,Combined TRACON& Tower with Radar,25,39,28,0,92,0,0,83,0,83,25,39,111,0,175,102,0,102,277
08/21/2006,AVP,PA,AEA,EN,Combined TRACON& Tower with Radar,17,50,29,0,96,0,0,59,0,59,17,50,88,0,155,186,0,186,341
08/22/2006,AVP,PA,AEA,EN,Combined TRACON& Tower with Radar,28,27,31,10,96,0,2,64,0,66,28,29,95,10,162,168,0,168,330
08/23/2006,AVP,PA,AEA,EN,Combined TRACON& Tower with Radar,21,44,42,3,110,0,1,68,0,69,21,45,110,3,179,177,0,177,356
08/24/2006,AVP,PA,AEA,EN,Combined TRACON& Tower with Radar,23,34,19,0,76,0,1,54,2,57,23,35,73,2,133,108,0,108,241
08/25/2006,AVP,PA,AEA,EN,Combined TRACON& Tower with Radar,19,41,32,6,98,0,3,31,1,35,19,44,63,7,133,1,2,3,136
08/26/2006,AVP,PA,AEA,EN,Combined TRACON& Tower with Radar,21,39,32,0,92,0,2,5,0,7,21,41,37,0,99,42,0,42,141
08/27/2006,AVP,PA,AEA,EN,Combined TRACON& Tower with Radar,26,30,19,1,76,0,0,5,0,5,26,30,24,1,81,0,0,0,81
08/28/2006,AVP,PA,AEA,EN,Combined TRACON& Tower with Radar,24,39,35,0,98,0,0,15,0,15,24,39,50,0,113,46,0,46,159
08/29/2006,AVP,PA,AEA,EN,Combined TRACON& Tower with Radar,16,39,23,2,80,0,0,1,0,1,16,39,24,2,81,0,0,0,81
08/30/2006,AVP,PA,AEA,EN,Combined TRACON& Tower with Radar,27,40,36,10,113,0,0,17,0,17,27,40,53,10,130,32,12,44,174
08/31/2006,AVP,PA,AEA,EN,Combined TRACON& Tower with Radar,26,36,37,1,100,0,2,62,0,64,26,38,99,1,164,154,0,154,318
09/01/2006,AVP,PA,AEA,EN,Combined TRACON& Tower with Radar,29,36,15,0,80,0,0,34,0,34,29,36,49,0,114,76,0,76,190
09/02/2006,AVP,PA,AEA,EN,Combined TRACON& Tower with Radar,12,43,6,0,61,0,0,3,0,3,12,43,9,0,64,0,0,0,64
09/03/2006,AVP,PA,AEA,EN,Combined TRACON& Tower with Radar,16,41,38,0,95,0,0,10,0,10,16,41,48,0,105,18,0,18,123
09/04/2006,AVP,PA,AEA,EN,Combined TRACON& Tower with Radar,24,32,23,0,79,0,0,58,0,58,24,32,81,0,137,109,0,109,246
09/05/2006,AVP,PA,AEA,EN,Combined TRACON& Tower with Radar,21,30,22,0,73,0,0,10,0,10,21,30,32,0,83,40,0,40,123
09/06/2006,AVP,PA,AEA,EN,Combined TRACON& Tower with Radar,26,36,21,0,83,0,0,22,0,22,26,36,43,0,105,78,0,78,183
09/07/2006,AVP,PA,AEA,EN,Combined TRACON& Tower with Radar,34,37,54,2,127,0,7,33,0,40,34,44,87,2,167,104,0,104,271
09/08/2006,AVP,PA,AEA,EN,Combined TRACON& Tower with Radar,27,61,54,0,142,0,1,67,0,68,27,62,121,0,210,150,0,150,360
09/09/2006,AVP,PA,AEA,EN,Combined TRACON& Tower with Radar,26,48,46,2,122,0,1,60,2,63,26,49,106,4,185,96,0,96,281
09/10/2006,AVP,PA,AEA,EN,Combined TRACON& Tower with Radar,19,55,54,0,128,0,1,64,0,65,19,56,118,0,193,52,0,52,245
09/11/2006,AVP,PA,AEA,EN,Combined TRACON& Tower with Radar,20,35,23,0,78,0,2,42,0,44,20,37,65,0,122,173,0,173,295
09/12/2006,AVP,PA,AEA,EN,Combined TRACON& Tower with Radar,20,32,39,0,91,0,4,90,0,94,20,36,129,0,185,201,0,201,386
09/13/2006,AVP,PA,AEA,EN,Combined TRACON& Tower with Radar,28,30,40,0,98,0,0,8,0,8,28,30,48,0,106,2,0,2,108
09/14/2006,AVP,PA,AEA,EN,Combined TRACON& Tower with Radar,27,36,22,0,85,0,0,1,0,1,27,36,23,0,86,0,0,0,86
09/15/2006,AVP,PA,AEA,EN,Combined TRACON& Tower with Radar,15,33,45,5,98,0,1,12,0,13,15,34,57,5,111,54,0,54,165
09/16/2006,AVP,PA,AEA,EN,Combined TRACON& Tower with Radar,10,47,58,4,119,0,2,67,0,69,10,49,125,4,188,106,0,106,294
09/17/2006,AVP,PA,AEA,EN,Combined TRACON& Tower with Radar,19,35,37,2,93,0,1,92,0,93,19,36,129,2,186,171,0,171,357
09/18/2006,AVP,PA,AEA,EN,Combined TRACON& Tower with Radar,26,63,39,5,133,0,0,60,0,60,26,63,99,5,193,102,0,102,295
09/19/2006,AVP,PA,AEA,EN,Combined TRACON& Tower with Radar,18,54,41,2,115,0,0,19,1,20,18,54,60,3,135,4,0,4,139
09/20/2006,AVP,PA,AEA,EN,Combined TRACON& Tower with Radar,20,28,26,3,77,0,0,33,0,33,20,28,59,3,110,110,0,110,220
09/21/2006,AVP,PA,AEA,EN,Combined TRACON& Tower with Radar,24,35,36,6,101,0,3,71,1,75,24,38,107,7,176,156,0,156,332
09/22/2006,AVP,PA,AEA,EN,Combined TRACON& Tower with Radar,25,32,37,0,94,0,2,73,1,76,25,34,110,1,170,176,0,176,346
09/23/2006,AVP,PA,AEA,EN,Combined TRACON& Tower with Radar,18,34,25,0,77,0,0,7,0,7,18,34,32,0,84,24,0,24,108
09/24/2006,AVP,PA,AEA,EN,Combined TRACON& Tower with Radar,22,29,10,0,61,0,0,19,0,19,22,29,29,0,80,4,0,4,84
09/25/2006,AVP,PA,AEA,EN,Combined TRACON& Tower with Radar,21,39,33,0,93,0,2,55,0,57,21,41,88,0,150,100,0,100,250
09/26/2006,AVP,PA,AEA,EN,Combined TRACON& Tower with Radar,24,37,21,2,84,0,3,43,0,46,24,40,64,2,130,136,0,136,266
09/27/2006,AVP,PA,AEA,EN,Combined TRACON& Tower with Radar,24,34,25,0,83,0,0,0,0,0,24,34,25,0,83,175,0,175,258
09/28/2006,AVP,PA,AEA,EN,Combined TRACON& Tower with Radar,19,39,16,0,74,0,0,16,0,16,19,39,32,0,90,12,0,12,102
09/29/2006,AVP,PA,AEA,EN,Combined TRACON& Tower with Radar,21,36,26,0,83,0,0,26,0,26,21,36,52,0,109,84,0,84,193
09/30/2006,AVP,PA,AEA,EN,Combined TRACON& Tower with Radar,25,34,32,2,93,0,0,89,0,89,25,34,121,2,182,0,0,0,182
10/01/2006,AVP,PA,AEA,EN,Combined TRACON& Tower with Radar,21,35,26,0,82,0,2,26,0,28,21,37,52,0,110,138,0,138,248
10/02/2006,AVP,PA,AEA,EN,Combined TRACON& Tower with Radar,31,35,32,1,99,0,3,57,0,60,31,38,89,1,159,128,0,128,287
10/03/2006,AVP,PA,AEA,EN,Combined TRACON& Tower with Radar,27,33,38,0,98,0,1,58,0,59,27,34,96,0,157,158,0,158,315
10/04/2006,AVP,PA,AEA,EN,Combined TRACON& Tower with Radar,26,38,42,2,108,0,0,30,0,30,26,38,72,2,138,70,0,70,208
10/05/2006,AVP,PA,AEA,EN,Combined TRACON& Tower with Radar,29,36,30,0,95,0,6,54,2,62,29,42,84,2,157,146,0,146,303
10/06/2006,AVP,PA,AEA,EN,Combined TRACON& Tower with Radar,18,59,58,2,137,0,1,77,0,78,18,60,135,2,215,110,0,110,325
10/07/2006,AVP,PA,AEA,EN,Combined TRACON& Tower with Radar,18,47,55,0,120,0,2,94,0,96,18,49,149,0,216,124,0,124,340
10/08/2006,AVP,PA,AEA,EN,Combined TRACON& Tower with Radar,17,31,28,0,76,0,1,113,0,114,17,32,141,0,190,164,0,164,354
10/09/2006,AVP,PA,AEA,EN,Combined TRACON& Tower with Radar,34,35,26,0,95,0,0,81,0,81,34,35,107,0,176,120,0,120,296
10/10/2006,AVP,PA,AEA,EN,Combined TRACON& Tower with Radar,20,44,39,2,105,0,0,75,1,76,20,44,114,3,181,140,0,140,321
10/11/2006,AVP,PA,AEA,EN,Combined TRACON& Tower with Radar,17,36,28,2,83,0,0,7,0,7,17,36,35,2,90,8,0,8,98
10/12/2006,AVP,PA,AEA,EN,Combined TRACON& Tower with Radar,26,31,22,0,79,0,0,26,0,26,26,31,48,0,105,109,0,109,214
10/13/2006,AVP,PA,AEA,EN,Combined TRACON& Tower with Radar,29,46,30,0,105,0,2,91,0,93,29,48,121,0,198,232,0,232,430
10/14/2006,AVP,PA,AEA,EN,Combined TRACON& Tower with Radar,22,56,43,0,121,0,0,90,0,90,22,56,133,0,211,182,0,182,393
10/15/2006,AVP,PA,AEA,EN,Combined TRACON& Tower with Radar,25,35,36,1,97,0,2,106,0,108,25,37,142,1,205,246,0,246,451
10/16/2006,AVP,PA,AEA,EN,Combined TRACON& Tower with Radar,23,38,28,3,92,0,3,83,1,87,23,41,111,4,179,224,0,224,403
10/17/2006,AVP,PA,AEA,EN,Combined TRACON& Tower with Radar,26,31,21,0,78,0,0,3,0,3,26,31,24,0,81,4,0,4,85
10/18/2006,AVP,PA,AEA,EN,Combined TRACON& Tower with Radar,22,33,27,3,85,0,2,14,1,17,22,35,41,4,102,80,0,80,182
10/19/2006,AVP,PA,AEA,EN,Combined TRACON& Tower with Radar,31,39,35,4,109,0,1,26,1,28,31,40,61,5,137,36,0,36,173
10/20/2006,AVP,PA,AEA,EN,Combined TRACON& Tower with Radar,22,44,22,2,90,0,1,6,0,7,22,45,28,2,97,14,0,14,111
10/21/2006,AVP,PA,AEA,EN,Combined TRACON& Tower with Radar,21,32,13,0,66,0,1,91,0,92,21,33,104,0,158,155,0,155,313
10/22/2006,AVP,PA,AEA,EN,Combined TRACON& Tower with Radar,22,59,50,0,131,0,0,0,0,0,22,59,50,0,131,92,0,92,223
10/23/2006,AVP,PA,AEA,EN,Combined TRACON& Tower with Radar,33,46,44,0,123,0,11,42,0,53,33,57,86,0,176,152,0,152,328
10/24/2006,AVP,PA,AEA,EN,Combined TRACON& Tower with Radar,20,33,25,0,78,0,1,23,0,24,20,34,48,0,102,92,0,92,194
10/25/2006,AVP,PA,AEA,EN,Combined TRACON& Tower with Radar,22,42,28,0,92,0,1,25,0,26,22,43,53,0,118,46,0,46,164
10/26/2006,AVP,PA,AEA,EN,Combined TRACON& Tower with Radar,20,34,60,0,114,0,3,35,0,38,20,37,95,0,152,94,0,94,246
10/27/2006,AVP,PA,AEA,EN,Combined TRACON& Tower with Radar,19,37,32,0,88,0,5,48,0,53,19,42,80,0,141,159,0,159,300
10/28/2006,AVP,PA,AEA,EN,Combined TRACON& Tower with Radar,24,28,13,0,65,0,0,0,0,0,24,28,13,0,65,0,0,0,65
10/29/2006,AVP,PA,AEA,EN,Combined TRACON& Tower with Radar,25,33,9,6,73,0,0,10,0,10,25,33,19,6,83,2,0,2,85
10/30/2006,AVP,PA,AEA,EN,Combined TRACON& Tower with Radar,31,43,43,6,123,0,1,85,5,91,31,44,128,11,214,138,0,138,352
10/31/2006,AVP,PA,AEA,EN,Combined TRACON& Tower with Radar,31,30,32,0,93,0,5,92,0,97,31,35,124,0,190,248,0,248,438
11/01/2006,AVP,PA,AEA,EN,Combined TRACON& Tower with Radar,32,42,49,2,125,0,2,61,2,65,32,44,110,4,190,156,0,156,346
11/02/2006,AVP,PA,AEA,EN,Combined TRACON& Tower with Radar,25,41,20,0,86,0,4,20,0,24,25,45,40,0,110,96,0,96,206
11/03/2006,AVP,PA,AEA,EN,Combined TRACON& Tower with Radar,26,45,30,0,101,0,6,57,2,65,26,51,87,2,166,171,0,171,337
11/04/2006,AVP,PA,AEA,EN,Combined TRACON& Tower with Radar,15,33,29,0,77,0,0,71,0,71,15,33,100,0,148,160,0,160,308
11/05/2006,AVP,PA,AEA,EN,Combined TRACON& Tower with Radar,25,30,13,0,68,0,0,44,0,44,25,30,57,0,112,110,0,110,222
11/06/2006,AVP,PA,AEA,EN,Combined TRACON& Tower with Radar,33,46,30,1,110,0,2,89,2,93,33,48,119,3,203,240,0,240,443
11/07/2006,AVP,PA,AEA,EN,Combined TRACON& Tower with Radar,21,40,14,1,76,0,0,40,0,40,21,40,54,1,116,104,0,104,220
11/08/2006,AVP,PA,AEA,EN,Combined TRACON& Tower with Radar,28,34,17,1,80,0,0,1,0,1,28,34,18,1,81,0,0,0,81
11/09/2006,AVP,PA,AEA,EN,Combined TRACON& Tower with Radar,20,41,30,0,91,0,0,49,0,49,20,41,79,0,140,74,0,74,214
11/10/2006,AVP,PA,AEA,EN,Combined TRACON& Tower with Radar,26,42,38,0,106,0,4,54,0,58,26,46,92,0,164,246,0,246,410
11/11/2006,AVP,PA,AEA,EN,Combined TRACON& Tower with Radar,22,38,24,0,84,0,0,29,1,30,22,38,53,1,114,134,0,134,248
11/12/2006,AVP,PA,AEA,EN,Combined TRACON& Tower with Radar,18,43,18,0,79,0,0,3,0,3,18,43,21,0,82,0,0,0,82
11/13/2006,AVP,PA,AEA,EN,Combined TRACON& Tower with Radar,28,35,27,5,95,0,0,0,0,0,28,35,27,5,95,0,0,0,95
11/14/2006,AVP,PA,AEA,EN,Combined TRACON& Tower with Radar,30,43,28,1,102,0,0,0,0,0,30,43,28,1,102,6,0,6,108
11/15/2006,AVP,PA,AEA,EN,Combined TRACON& Tower with Radar,24,46,19,1,90,0,2,19,0,21,24,48,38,1,111,197,2,199,310
11/16/2006,AVP,PA,AEA,EN,Combined TRACON& Tower with Radar,23,42,13,0,78,0,0,4,0,4,23,42,17,0,82,10,0,10,92
11/17/2006,AVP,PA,AEA,EN,Combined TRACON& Tower with Radar,28,75,74,0,177,0,5,66,0,71,28,80,140,0,248,142,0,142,390
11/18/2006,AVP,PA,AEA,EN,Combined TRACON& Tower with Radar,20,35,25,0,80,0,2,47,0,49,20,37,72,0,129,104,0,104,233
11/19/2006,AVP,PA,AEA,EN,Combined TRACON& Tower with Radar,15,37,13,0,65,0,0,78,0,78,15,37,91,0,143,134,0,134,277
11/20/2006,AVP,PA,AEA,EN,Combined TRACON& Tower with Radar,41,43,30,0,114,0,1,43,2,46,41,44,73,2,160,112,0,112,272
11/21/2006,AVP,PA,AEA,EN,Combined TRACON& Tower with Radar,24,27,25,0,76,0,3,58,0,61,24,30,83,0,137,136,0,136,273
11/22/2006,AVP,PA,AEA,EN,Combined TRACON& Tower with Radar,14,42,36,4,96,0,1,47,3,51,14,43,83,7,147,258,0,258,405
11/23/2006,AVP,PA,AEA,EN,Combined TRACON& Tower with Radar,23,25,2,0,50,0,0,7,0,7,23,25,9,0,57,0,0,0,57
11/24/2006,AVP,PA,AEA,EN,Combined TRACON& Tower with Radar,16,26,27,0,69,0,0,64,0,64,16,26,91,0,133,148,0,148,281
11/25/2006,AVP,PA,AEA,EN,Combined TRACON& Tower with Radar,27,43,30,0,100,0,2,83,0,85,27,45,113,0,185,156,0,156,341
11/26/2006,AVP,PA,AEA,EN,Combined TRACON& Tower with Radar,25,49,38,0,112,0,0,104,0,104,25,49,142,0,216,170,0,170,386
11/27/2006,AVP,PA,AEA,EN,Combined TRACON& Tower with Radar,29,40,20,0,89,0,2,37,0,39,29,42,57,0,128,147,0,147,275
11/28/2006,AVP,PA,AEA,EN,Combined TRACON& Tower with Radar,29,39,17,1,86,0,0,61,0,61,29,39,78,1,147,195,0,195,342
11/29/2006,AVP,PA,AEA,EN,Combined TRACON& Tower with Radar,25,36,48,0,109,0,1,5,0,6,25,37,53,0,115,38,0,38,153
11/30/2006,AVP,PA,AEA,EN,Combined TRACON& Tower with Radar,26,32,20,22,100,0,1,5,0,6,26,33,25,22,106,0,34,34,140
12/01/2006,AVP,PA,AEA,EN,Combined TRACON& Tower with Radar,21,33,13,0,67,0,0,11,0,11,21,33,24,0,78,0,0,0,78
12/02/2006,AVP,PA,AEA,EN,Combined TRACON& Tower with Radar,24,43,20,0,87,0,0,59,0,59,24,43,79,0,146,56,0,56,202
12/03/2006,AVP,PA,AEA,EN,Combined TRACON& Tower with Radar,18,30,25,0,73,0,2,66,0,68,18,32,91,0,141,96,0,96,237
12/04/2006,AVP,PA,AEA,EN,Combined TRACON& Tower with Radar,27,39,38,0,104,0,3,46,0,49,27,42,84,0,153,100,0,100,253
12/05/2006,AVP,PA,AEA,EN,Combined TRACON& Tower with Radar,20,44,28,7,99,0,1,44,0,45,20,45,72,7,144,90,0,90,234
12/06/2006,AVP,PA,AEA,EN,Combined TRACON& Tower with Radar,27,35,30,0,92,0,1,42,0,43,27,36,72,0,135,82,0,82,217
12/07/2006,AVP,PA,AEA,EN,Combined TRACON& Tower with Radar,26,53,28,6,113,0,2,44,0,46,26,55,72,6,159,66,0,66,225
12/08/2006,AVP,PA,AEA,EN,Combined TRACON& Tower with Radar,20,30,11,0,61,0,0,19,0,19,20,30,30,0,80,6,0,6,86
12/09/2006,AVP,PA,AEA,EN,Combined TRACON& Tower with Radar,28,24,11,0,63,0,0,69,0,69,28,24,80,0,132,166,0,166,298
12/10/2006,AVP,PA,AEA,EN,Combined TRACON& Tower with Radar,29,43,54,0,126,0,3,77,0,80,29,46,131,0,206,124,0,124,330
12/11/2006,AVP,PA,AEA,EN,Combined TRACON& Tower with Radar,0,0,0,0,0,37,34,74,2,147,37,34,74,2,147,140,0,140,287
12/12/2006,AVP,PA,AEA,EN,Combined TRACON& Tower with Radar,27,53,30,5,115,0,0,0,0,0,27,53,30,5,115,167,0,167,282
12/13/2006,AVP,PA,AEA,EN,Combined TRACON& Tower with Radar,19,38,26,0,83,0,2,7,0,9,19,40,33,0,92,10,0,10,102
12/14/2006,AVP,PA,AEA,EN,Combined TRACON& Tower with Radar,38,58,33,1,130,0,0,47,1,48,38,58,80,2,178,38,0,38,216
12/15/2006,AVP,PA,AEA,EN,Combined TRACON& Tower with Radar,25,37,39,2,103,0,0,39,2,41,25,37,78,4,144,156,0,156,300
12/16/2006,AVP,PA,AEA,EN,Combined TRACON& Tower with Radar,23,28,17,0,68,0,0,59,0,59,23,28,76,0,127,84,0,84,211
12/17/2006,AVP,PA,AEA,EN,Combined TRACON& Tower with Radar,27,50,43,0,120,0,4,87,1,92,27,54,130,1,212,124,0,124,336
12/18/2006,AVP,PA,AEA,EN,Combined TRACON& Tower with Radar,27,33,19,0,79,0,0,10,1,11,27,33,29,1,90,28,0,28,118
12/19/2006,AVP,PA,AEA,EN,Combined TRACON& Tower with Radar,24,41,28,0,93,0,0,56,0,56,24,41,84,0,149,88,0,88,237
12/20/2006,AVP,PA,AEA,EN,Combined TRACON& Tower with Radar,18,44,27,2,91,0,0,58,0,58,18,44,85,2,149,172,0,172,321
12/21/2006,AVP,PA,AEA,EN,Combined TRACON& Tower with Radar,28,47,7,0,82,0,0,30,0,30,28,47,37,0,112,132,0,132,244
12/22/2006,AVP,PA,AEA,EN,Combined TRACON& Tower with Radar,26,30,13,0,69,0,0,8,0,8,26,30,21,0,77,2,0,2,79
12/23/2006,AVP,PA,AEA,EN,Combined TRACON& Tower with Radar,23,31,17,0,71,0,2,12,0,14,23,33,29,0,85,20,0,20,105
12/24/2006,AVP,PA,AEA,EN,Combined TRACON& Tower with Radar,18,27,8,0,53,0,0,15,0,15,18,27,23,0,68,15,0,15,83
12/25/2006,AVP,PA,AEA,EN,Combined TRACON& Tower with Radar,18,24,13,0,55,0,0,11,0,11,18,24,24,0,66,6,0,6,72
12/26/2006,AVP,PA,AEA,EN,Combined TRACON& Tower with Radar,18,43,25,7,93,0,0,6,0,6,18,43,31,7,99,22,0,22,121
12/27/2006,AVP,PA,AEA,EN,Combined TRACON& Tower with Radar,23,40,21,1,85,0,1,23,0,24,23,41,44,1,109,51,0,51,160
12/28/2006,AVP,PA,AEA,EN,Combined TRACON& Tower with Radar,25,50,18,0,93,0,2,44,0,46,25,52,62,0,139,88,0,88,227
12/29/2006,AVP,PA,AEA,EN,Combined TRACON& Tower with Radar,25,55,41,0,121,0,3,60,0,63,25,58,101,0,184,186,0,186,370
12/30/2006,AVP,PA,AEA,EN,Combined TRACON& Tower with Radar,26,45,31,0,102,0,1,45,0,46,26,46,76,0,148,74,0,74,222
12/31/2006,AVP,PA,AEA,EN,Combined TRACON& Tower with Radar,23,19,12,0,54,0,2,30,0,32,23,21,42,0,86,108,0,108,194
01/01/2007,AVP,PA,AEA,EN,Combined TRACON& Tower with Radar,34,49,13,0,96,0,0,2,0,2,34,49,15,0,98,0,0,0,98
01/02/2007,AVP,PA,AEA,EN,Combined TRACON& Tower with Radar,22,43,20,0,85,0,2,20,0,22,22,45,40,0,107,32,0,32,139
01/03/2007,AVP,PA,AEA,EN,Combined TRACON& Tower with Radar,29,29,1,2,61,0,2,42,1,45,29,31,43,3,106,76,0,76,182
01/04/2007,AVP,PA,AEA,EN,Combined TRACON& Tower with Radar,27,27,22,0,76,0,1,68,0,69,27,28,90,0,145,144,8,152,297
01/05/2007,AVP,PA,AEA,EN,Combined TRACON& Tower with Radar,27,43,20,0,90,0,0,1,0,1,27,43,21,0,91,4,0,4,95
01/06/2007,AVP,PA,AEA,EN,Combined TRACON& Tower with Radar,15,39,8,0,62,0,0,16,0,16,15,39,24,0,78,16,0,16,94
01/07/2007,AVP,PA,AEA,EN,Combined TRACON& Tower with Radar,18,32,22,3,75,0,1,78,0,79,18,33,100,3,154,114,0,114,268
01/08/2007,AVP,PA,AEA,EN,Combined TRACON& Tower with Radar,28,53,34,0,115,0,2,10,0,12,28,55,44,0,127,9,0,9,136
01/09/2007,AVP,PA,AEA,EN,Combined TRACON& Tower with Radar,19,40,25,0,84,0,7,25,0,32,19,47,50,0,116,96,0,96,212
01/10/2007,AVP,PA,AEA,EN,Combined TRACON& Tower with Radar,29,50,42,1,122,0,6,33,0,39,29,56,75,1,161,60,0,60,221
01/11/2007,AVP,PA,AEA,EN,Combined TRACON& Tower with Radar,22,38,16,0,76,0,0,70,3,73,22,38,86,3,149,180,0,180,329
01/12/2007,AVP,PA,AEA,EN,Combined TRACON& Tower with Radar,20,48,30,0,98,0,1,39,1,41,20,49,69,1,139,62,0,62,201
01/13/2007,AVP,PA,AEA,EN,Combined TRACON& Tower with Radar,22,37,27,0,86,0,0,3,0,3,22,37,30,0,89,2,0,2,91
01/14/2007,AVP,PA,AEA,EN,Combined TRACON& Tower with Radar,19,34,3,0,56,0,0,0,0,0,19,34,3,0,56,2,0,2,58
01/15/2007,AVP,PA,AEA,EN,Combined TRACON& Tower with Radar,20,38,17,0,75,0,0,2,0,2,20,38,19,0,77,0,0,0,77
01/16/2007,AVP,PA,AEA,EN,Combined TRACON& Tower with Radar,19,37,16,0,72,0,0,11,0,11,19,37,27,0,83,14,0,14,97
01/17/2007,AVP,PA,AEA,EN,Combined TRACON& Tower with Radar,15,41,18,0,74,0,3,37,0,40,15,44,55,0,114,62,0,62,176
01/18/2007,AVP,PA,AEA,EN,Combined TRACON& Tower with Radar,13,38,17,2,70,0,0,33,0,33,13,38,50,2,103,108,0,108,211
01/19/2007,AVP,PA,AEA,EN,Combined TRACON& Tower with Radar,31,24,9,0,64,0,1,10,0,11,31,25,19,0,75,14,0,14,89
01/20/2007,AVP,PA,AEA,EN,Combined TRACON& Tower with Radar,20,22,5,2,49,0,1,4,0,5,20,23,9,2,54,0,0,0,54
01/21/2007,AVP,PA,AEA,EN,Combined TRACON& Tower with Radar,23,30,24,0,77,0,0,63,0,63,23,30,87,0,140,164,0,164,304
01/22/2007,AVP,PA,AEA,EN,Combined TRACON& Tower with Radar,27,23,15,0,65,0,0,39,0,39,27,23,54,0,104,8,0,8,112
01/23/2007,AVP,PA,AEA,EN,Combined TRACON& Tower with Radar,21,39,11,0,71,0,2,12,0,14,21,41,23,0,85,22,0,22,107
01/24/2007,AVP,PA,AEA,EN,Combined TRACON& Tower with Radar,23,40,20,0,83,0,3,33,0,36,23,43,53,0,119,59,0,59,178
01/25/2007,AVP,PA,AEA,EN,Combined TRACON& Tower with Radar,23,34,21,0,78,0,1,12,0,13,23,35,33,0,91,16,0,16,107
01/26/2007,AVP,PA,AEA,EN,Combined TRACON& Tower with Radar,22,44,19,0,85,0,3,22,0,25,22,47,41,0,110,48,0,48,158
01/27/2007,AVP,PA,AEA,EN,Combined TRACON& Tower with Radar,17,26,14,0,57,0,0,20,0,20,17,26,34,0,77,153,0,153,230
01/28/2007,AVP,PA,AEA,EN,Combined TRACON& Tower with Radar,21,34,14,0,69,0,0,16,0,16,21,34,30,0,85,36,0,36,121
01/29/2007,AVP,PA,AEA,EN,Combined TRACON& Tower with Radar,26,22,12,0,60,0,3,28,1,32,26,25,40,1,92,13,0,13,105
01/30/2007,AVP,PA,AEA,EN,Combined TRACON& Tower with Radar,25,44,14,0,83,0,1,7,0,8,25,45,21,0,91,36,0,36,127
01/31/2007,AVP,PA,AEA,EN,Combined TRACON& Tower with Radar,24,37,25,2,88,0,2,32,0,34,24,39,57,2,122,64,0,64,186
02/01/2007,AVP,PA,AEA,EN,Combined TRACON& Tower with Radar,27,37,22,2,88,0,2,68,0,70,27,39,90,2,158,122,0,122,280
02/02/2007,AVP,PA,AEA,EN,Combined TRACON& Tower with Radar,23,44,34,4,105,0,0,48,0,48,23,44,82,4,153,92,0,92,245
02/03/2007,AVP,PA,AEA,EN,Combined TRACON& Tower with Radar,25,45,31,0,101,0,3,45,0,48,25,48,76,0,149,0,89,89,238
02/04/2007,AVP,PA,AEA,EN,Combined TRACON& Tower with Radar,22,33,1,0,56,0,0,18,0,18,22,33,19,0,74,10,0,10,84
02/05/2007,AVP,PA,AEA,EN,Combined TRACON& Tower with Radar,28,28,23,0,79,0,0,13,0,13,28,28,36,0,92,20,0,20,112
02/06/2007,AVP,PA,AEA,EN,Combined TRACON& Tower with Radar,17,36,15,2,70,0,1,31,1,33,17,37,46,3,103,46,0,46,149
02/07/2007,AVP,PA,AEA,EN,Combined TRACON& Tower with Radar,23,30,20,0,73,0,3,27,0,30,23,33,47,0,103,90,0,90,193
02/08/2007,AVP,PA,AEA,EN,Combined TRACON& Tower with Radar,26,57,18,2,103,0,11,35,0,46,26,68,53,2,149,24,0,24,173
02/09/2007,AVP,PA,AEA,EN,Combined TRACON& Tower with Radar,32,47,24,0,103,0,1,33,1,35,32,48,57,1,138,36,0,36,174
02/10/2007,AVP,PA,AEA,EN,Combined TRACON& Tower with Radar,22,42,34,0,98,0,0,52,0,52,22,42,86,0,150,80,0,80,230
02/11/2007,AVP,PA,AEA,EN,Combined TRACON& Tower with Radar,23,34,28,0,85,0,3,74,0,77,23,37,102,0,162,180,0,180,342
02/12/2007,AVP,PA,AEA,EN,Combined TRACON& Tower with Radar,13,42,24,0,79,0,3,32,0,35,13,45,56,0,114,90,0,90,204
02/13/2007,AVP,PA,AEA,EN,Combined TRACON& Tower with Radar,15,26,15,0,56,0,0,8,0,8,15,26,23,0,64,38,0,38,102
02/14/2007,AVP,PA,AEA,EN,Combined TRACON& Tower with Radar,0,0,0,0,0,3,0,0,0,3,3,0,0,0,3,0,0,0,3
02/15/2007,AVP,PA,AEA,EN,Combined TRACON& Tower with Radar,23,34,13,0,70,0,22,17,0,39,23,56,30,0,109,84,0,84,193
02/16/2007,AVP,PA,AEA,EN,Combined TRACON& Tower with Radar,22,39,19,1,81,0,11,34,0,45,22,50,53,1,126,26,0,26,152
02/17/2007,AVP,PA,AEA,EN,Combined TRACON& Tower with Radar,20,44,15,0,79,0,0,54,0,54,20,44,69,0,133,100,0,100,233
02/18/2007,AVP,PA,AEA,EN,Combined TRACON& Tower with Radar,26,28,2,0,56,0,4,13,0,17,26,32,15,0,73,14,0,14,87
02/19/2007,AVP,PA,AEA,EN,Combined TRACON& Tower with Radar,16,47,5,0,68,0,1,38,0,39,16,48,43,0,107,99,0,99,206
02/20/2007,AVP,PA,AEA,EN,Combined TRACON& Tower with Radar,25,43,27,8,103,0,1,47,0,48,25,44,74,8,151,158,0,158,309
02/21/2007,AVP,PA,AEA,EN,Combined TRACON& Tower with Radar,21,46,23,1,91,0,2,61,0,63,21,48,84,1,154,152,0,152,306
02/22/2007,AVP,PA,AEA,EN,Combined TRACON& Tower with Radar,30,57,30,0,117,0,3,26,0,29,30,60,56,0,146,10,0,10,156
02/23/2007,AVP,PA,AEA,EN,Combined TRACON& Tower with Radar,37,17,9,0,63,0,0,6,0,6,37,17,15,0,69,0,6,6,75
02/24/2007,AVP,PA,AEA,EN,Combined TRACON& Tower with Radar,13,32,10,0,55,0,2,45,0,47,13,34,55,0,102,30,0,30,132
02/25/2007,AVP,PA,AEA,EN,Combined TRACON& Tower with Radar,23,58,28,0,109,0,0,35,0,35,23,58,63,0,144,42,0,42,186
02/26/2007,AVP,PA,AEA,EN,Combined TRACON& Tower with Radar,18,37,9,0,64,0,0,1,0,1,18,37,10,0,65,0,0,0,65
02/27/2007,AVP,PA,AEA,EN,Combined TRACON& Tower with Radar,15,42,14,0,71,0,0,5,0,5,15,42,19,0,76,4,0,4,80
02/28/2007,AVP,PA,AEA,EN,Combined TRACON& Tower with Radar,26,32,17,12,87,0,0,51,0,51,26,32,68,12,138,142,0,142,280
03/01/2007,AVP,PA,AEA,EN,Combined TRACON& Tower with Radar,15,46,27,0,88,0,0,37,0,37,15,46,64,0,125,144,0,144,269
03/02/2007,AVP,PA,AEA,EN,Combined TRACON& Tower with Radar,28,40,9,9,86,0,7,19,0,26,28,47,28,9,112,32,12,44,156
03/03/2007,AVP,PA,AEA,EN,Combined TRACON& Tower with Radar,27,55,37,0,119,0,13,52,0,65,27,68,89,0,184,68,0,68,252
03/04/2007,AVP,PA,AEA,EN,Combined TRACON& Tower with Radar,23,46,20,2,91,0,10,51,0,61,23,56,71,2,152,44,0,44,196
03/05/2007,AVP,PA,AEA,EN,Combined TRACON& Tower with Radar,26,26,15,1,68,0,0,1,0,1,26,26,16,1,69,4,0,4,73
03/06/2007,AVP,PA,AEA,EN,Combined TRACON& Tower with Radar,19,29,19,7,74,0,2,19,0,21,19,31,38,7,95,29,0,29,124
03/07/2007,AVP,PA,AEA,EN,Combined TRACON& Tower with Radar,24,26,8,0,58,0,2,8,0,10,24,28,16,0,68,64,0,64,132
03/08/2007,AVP,PA,AEA,EN,Combined TRACON& Tower with Radar,19,39,11,0,69,0,0,30,7,37,19,39,41,7,106,72,0,72,178
03/09/2007,AVP,PA,AEA,EN,Combined TRACON& Tower with Radar,34,81,25,0,140,0,21,79,4,104,34,102,104,4,244,142,0,142,386
03/10/2007,AVP,PA,AEA,EN,Combined TRACON& Tower with Radar,16,43,22,0,81,0,0,29,0,29,16,43,51,0,110,124,0,124,234
03/11/2007,AVP,PA,AEA,EN,Combined TRACON& Tower with Radar,24,40,15,0,79,0,0,18,3,21,24,40,33,3,100,76,0,76,176
03/12/2007,AVP,PA,AEA,EN,Combined TRACON& Tower with Radar,25,31,27,0,83,0,0,52,4,56,25,31,79,4,139,122,0,122,261
03/13/2007,AVP,PA,AEA,EN,Combined TRACON& Tower with Radar,37,25,15,7,84,0,3,71,2,76,37,28,86,9,160,162,0,162,322
03/14/2007,AVP,PA,AEA,EN,Combined TRACON& Tower with Radar,24,31,27,1,83,0,1,40,3,44,24,32,67,4,127,120,0,120,247
03/15/2007,AVP,PA,AEA,EN,Combined TRACON& Tower with Radar,23,36,13,1,73,0,0,4,0,4,23,36,17,1,77,6,0,6,83
03/16/2007,AVP,PA,AEA,EN,Combined TRACON& Tower with Radar,5,14,6,0,25,0,0,0,0,0,5,14,6,0,25,0,0,0,25
03/17/2007,AVP,PA,AEA,EN,Combined TRACON& Tower with Radar,11,13,8,0,32,0,0,8,5,13,11,13,16,5,45,0,0,0,45
03/18/2007,AVP,PA,AEA,EN,Combined TRACON& Tower with Radar,24,48,22,0,94,1,12,44,0,57,25,60,66,0,151,22,0,22,173
03/19/2007,AVP,PA,AEA,EN,Combined TRACON& Tower with Radar,19,34,32,0,85,0,0,37,1,38,19,34,69,1,123,50,0,50,173
03/20/2007,AVP,PA,AEA,EN,Combined TRACON& Tower with Radar,20,32,18,1,71,0,1,23,10,34,20,33,41,11,105,44,0,44,149
03/21/2007,AVP,PA,AEA,EN,Combined TRACON& Tower with Radar,19,36,28,0,83,0,2,66,2,70,19,38,94,2,153,178,0,178,331
03/22/2007,AVP,PA,AEA,EN,Combined TRACON& Tower with Radar,24,32,14,0,70,0,0,24,0,24,24,32,38,0,94,150,0,150,244
03/23/2007,AVP,PA,AEA,EN,Combined TRACON& Tower with Radar,26,41,21,2,90,0,0,23,0,23,26,41,44,2,113,42,0,42,155
03/24/2007,AVP,PA,AEA,EN,Combined TRACON& Tower with Radar,15,26,31,0,72,0,0,41,0,41,15,26,72,0,113,114,0,114,227
03/25/2007,AVP,PA,AEA,EN,Combined TRACON& Tower with Radar,21,34,26,0,81,0,4,47,0,51,21,38,73,0,132,130,0,130,262
03/26/2007,AVP,PA,AEA,EN,Combined TRACON& Tower with Radar,24,27,18,0,69,0,6,33,0,39,24,33,51,0,108,99,0,99,207
03/27/2007,AVP,PA,AEA,EN,Combined TRACON& Tower with Radar,20,31,19,14,84,0,1,49,0,50,20,32,68,14,134,167,0,167,301
03/28/2007,AVP,PA,AEA,EN,Combined TRACON& Tower with Radar,17,52,52,0,121,0,14,47,0,61,17,66,99,0,182,114,1,115,297
03/29/2007,AVP,PA,AEA,EN,Combined TRACON& Tower with Radar,11,33,24,11,79,0,4,58,0,62,11,37,82,11,141,154,0,154,295
03/30/2007,AVP,PA,AEA,EN,Combined TRACON& Tower with Radar,19,33,24,1,77,0,2,52,2,56,19,35,76,3,133,225,0,225,358
03/31/2007,AVP,PA,AEA,EN,Combined TRACON& Tower with Radar,17,25,21,0,63,0,0,85,0,85,17,25,106,0,148,168,0,168,316
04/01/2007,AVP,PA,AEA,EN,Combined TRACON& Tower with Radar,23,27,14,0,64,0,0,15,0,15,23,27,29,0,79,24,0,24,103
04/02/2007,AVP,PA,AEA,EN,Combined TRACON& Tower with Radar,28,25,27,0,80,0,1,59,0,60,28,26,86,0,140,162,0,162,302
04/03/2007,AVP,PA,AEA,EN,Combined TRACON& Tower with Radar,16,28,27,5,76,0,2,69,5,76,16,30,96,10,152,269,0,269,421
04/04/2007,AVP,PA,AEA,EN,Combined TRACON& Tower with Radar,22,25,12,0,59,0,0,3,0,3,22,25,15,0,62,0,0,0,62
04/05/2007,AVP,PA,AEA,EN,Combined TRACON& Tower with Radar,19,38,17,8,82,0,1,4,0,5,19,39,21,8,87,11,0,11,98
04/06/2007,AVP,PA,AEA,EN,Combined TRACON& Tower with Radar,23,34,16,0,73,0,1,25,0,26,23,35,41,0,99,30,0,30,129
04/07/2007,AVP,PA,AEA,EN,Combined TRACON& Tower with Radar,9,32,10,0,51,0,0,21,0,21,9,32,31,0,72,38,0,38,110
04/08/2007,AVP,PA,AEA,EN,Combined TRACON& Tower with Radar,18,24,5,0,47,0,0,2,0,2,18,24,7,0,49,0,0,0,49
04/09/2007,AVP,PA,AEA,EN,Combined TRACON& Tower with Radar,23,20,26,0,69,0,0,30,0,30,23,20,56,0,99,104,0,104,203
04/10/2007,AVP,PA,AEA,EN,Combined TRACON& Tower with Radar,17,43,24,3,87,0,1,33,0,34,17,44,57,3,121,118,0,118,239
04/11/2007,AVP,PA,AEA,EN,Combined TRACON& Tower with Radar,22,42,32,0,96,0,0,51,0,51,22,42,83,0,147,140,0,140,287
04/12/2007,AVP,PA,AEA,EN,Combined TRACON& Tower with Radar,22,23,23,2,70,0,0,3,0,3,22,23,26,2,73,22,0,22,95
04/13/2007,AVP,PA,AEA,EN,Combined TRACON& Tower with Radar,19,33,15,0,67,0,3,5,0,8,19,36,20,0,75,10,0,10,85
04/14/2007,AVP,PA,AEA,EN,Combined TRACON& Tower with Radar,21,25,17,0,63,0,2,43,5,50,21,27,60,5,113,138,0,138,251
04/15/2007,AVP,PA,AEA,EN,Combined TRACON& Tower with Radar,26,22,6,2,56,0,0,5,0,5,26,22,11,2,61,0,0,0,61
04/16/2007,AVP,PA,AEA,EN,Combined TRACON& Tower with Radar,27,21,7,0,55,0,0,0,0,0,27,21,7,0,55,0,0,0,55
04/17/2007,AVP,PA,AEA,EN,Combined TRACON& Tower with Radar,13,32,15,0,60,0,0,4,1,5,13,32,19,1,65,18,0,18,83
04/18/2007,AVP,PA,AEA,EN,Combined TRACON& Tower with Radar,11,41,23,4,79,0,0,30,5,35,11,41,53,9,114,136,0,136,250
04/19/2007,AVP,PA,AEA,EN,Combined TRACON& Tower with Radar,14,35,27,0,76,0,0,46,0,46,14,35,73,0,122,126,0,126,248
04/20/2007,AVP,PA,AEA,EN,Combined TRACON& Tower with Radar,26,30,22,6,84,0,2,72,3,77,26,32,94,9,161,118,0,118,279
04/21/2007,AVP,PA,AEA,EN,Combined TRACON& Tower with Radar,25,32,23,0,80,0,0,81,0,81,25,32,104,0,161,148,0,148,309
04/22/2007,AVP,PA,AEA,EN,Combined TRACON& Tower with Radar,18,31,23,0,72,0,0,138,0,138,18,31,161,0,210,394,0,394,604
04/23/2007,AVP,PA,AEA,EN,Combined TRACON& Tower with Radar,20,32,25,2,79,0,1,43,0,44,20,33,68,2,123,96,0,96,219
04/24/2007,AVP,PA,AEA,EN,Combined TRACON& Tower with Radar,14,42,40,1,97,0,0,57,2,59,14,42,97,3,156,110,0,110,266
04/25/2007,AVP,PA,AEA,EN,Combined TRACON& Tower with Radar,20,32,31,4,87,0,0,29,0,29,20,32,60,4,116,48,0,48,164
04/26/2007,AVP,PA,AEA,EN,Combined TRACON& Tower with Radar,27,31,19,0,77,0,5,27,0,32,27,36,46,0,109,54,0,54,163
04/27/2007,AVP,PA,AEA,EN,Combined TRACON& Tower with Radar,27,23,23,0,73,0,0,6,0,6,27,23,29,0,79,4,0,4,83
04/28/2007,AVP,PA,AEA,EN,Combined TRACON& Tower with Radar,33,26,8,0,67,0,4,43,0,47,33,30,51,0,114,46,0,46,160
04/29/2007,AVP,PA,AEA,EN,Combined TRACON& Tower with Radar,27,22,25,0,74,0,3,57,0,60,27,25,82,0,134,118,0,118,252
04/30/2007,AVP,PA,AEA,EN,Combined TRACON& Tower with Radar,25,42,45,0,112,0,14,62,0,76,25,56,107,0,188,22,0,22,210
05/01/2007,AVP,PA,AEA,EN,Combined TRACON& Tower with Radar,25,22,12,0,59,0,2,29,0,31,25,24,41,0,90,58,0,58,148
05/02/2007,AVP,PA,AEA,EN,Combined TRACON& Tower with Radar,21,30,25,0,76,0,0,41,0,41,21,30,66,0,117,152,0,152,269
05/03/2007,AVP,PA,AEA,EN,Combined TRACON& Tower with Radar,16,27,34,2,79,0,0,95,0,95,16,27,129,2,174,186,0,186,360
05/04/2007,AVP,PA,AEA,EN,Combined TRACON& Tower with Radar,17,37,25,11,90,0,2,77,0,79,17,39,102,11,169,185,18,203,372
05/05/2007,AVP,PA,AEA,EN,Combined TRACON& Tower with Radar,15,32,24,0,71,1,4,58,0,63,16,36,82,0,134,112,0,112,246
05/06/2007,AVP,PA,AEA,EN,Combined TRACON& Tower with Radar,32,17,23,0,72,0,0,42,0,42,32,17,65,0,114,68,0,68,182
05/07/2007,AVP,PA,AEA,EN,Combined TRACON& Tower with Radar,29,21,23,0,73,0,2,59,0,61,29,23,82,0,134,196,2,198,332
05/08/2007,AVP,PA,AEA,EN,Combined TRACON& Tower with Radar,20,36,29,0,85,0,5,75,0,80,20,41,104,0,165,169,0,169,334
05/09/2007,AVP,PA,AEA,EN,Combined TRACON& Tower with Radar,20,41,33,0,94,0,1,62,0,63,20,42,95,0,157,149,0,149,306
05/10/2007,AVP,PA,AEA,EN,Combined TRACON& Tower with Radar,14,37,22,1,74,0,0,15,0,15,14,37,37,1,89,86,0,86,175
05/11/2007,AVP,PA,AEA,EN,Combined TRACON& Tower with Radar,21,33,23,0,77,0,0,62,0,62,21,33,85,0,139,0,138,138,277
05/12/2007,AVP,PA,AEA,EN,Combined TRACON& Tower with Radar,22,35,13,2,72,0,1,50,0,51,22,36,63,2,123,110,0,110,233
05/13/2007,AVP,PA,AEA,EN,Combined TRACON& Tower with Radar,22,27,9,0,58,0,0,90,2,92,22,27,99,2,150,129,0,129,279
05/14/2007,AVP,PA,AEA,EN,Combined TRACON& Tower with Radar,22,31,22,2,77,0,2,75,0,77,22,33,97,2,154,172,0,172,326
05/15/2007,AVP,PA,AEA,EN,Combined TRACON& Tower with Radar,12,33,23,0,68,0,1,27,0,28,12,34,50,0,96,74,0,74,170
05/16/2007,AVP,PA,AEA,EN,Combined TRACON& Tower with Radar,32,36,18,0,86,0,1,12,0,13,32,37,30,0,99,14,0,14,113
05/17/2007,AVP,PA,AEA,EN,Combined TRACON& Tower with Radar,23,37,50,0,110,0,6,34,0,40,23,43,84,0,150,86,0,86,236
05/18/2007,AVP,PA,AEA,EN,Combined TRACON& Tower with Radar,26,36,39,0,101,0,4,31,0,35,26,40,70,0,136,89,0,89,225
05/19/2007,AVP,PA,AEA,EN,Combined TRACON& Tower with Radar,19,31,22,0,72,0,0,47,0,47,19,31,69,0,119,40,0,40,159
05/20/2007,AVP,PA,AEA,EN,Combined TRACON& Tower with Radar,15,35,109,0,159,0,0,0,0,0,15,35,109,0,159,130,0,130,289
05/21/2007,AVP,PA,AEA,EN,Combined TRACON& Tower with Radar,29,20,15,0,64,0,0,43,0,43,29,20,58,0,107,144,0,144,251
05/22/2007,AVP,PA,AEA,EN,Combined TRACON& Tower with Radar,9,40,26,0,75,0,2,76,2,80,9,42,102,2,155,176,0,176,331
05/23/2007,AVP,PA,AEA,EN,Combined TRACON& Tower with Radar,28,32,16,10,86,0,0,60,0,60,28,32,76,10,146,196,0,196,342
05/24/2007,AVP,PA,AEA,EN,Combined TRACON& Tower with Radar,18,30,24,1,73,0,1,67,1,69,18,31,91,2,142,146,0,146,288
05/25/2007,AVP,PA,AEA,EN,Combined TRACON& Tower with Radar,22,28,25,0,75,0,0,90,0,90,22,28,115,0,165,184,0,184,349
05/26/2007,AVP,PA,AEA,EN,Combined TRACON& Tower with Radar,28,28,19,0,75,0,0,74,0,74,28,28,93,0,149,138,0,138,287
05/27/2007,AVP,PA,AEA,EN,Combined TRACON& Tower with Radar,20,22,19,0,61,0,0,62,0,62,20,22,81,0,123,68,0,68,191
05/28/2007,AVP,PA,AEA,EN,Combined TRACON& Tower with Radar,21,28,23,0,72,0,1,47,0,48,21,29,70,0,120,53,0,53,173
05/29/2007,AVP,PA,AEA,EN,Combined TRACON& Tower with Radar,29,36,19,1,85,0,2,66,0,68,29,38,85,1,153,108,0,108,261
05/30/2007,AVP,PA,AEA,EN,Combined TRACON& Tower with Radar,30,27,34,0,91,1,3,47,0,51,31,30,81,0,142,182,0,182,324
05/31/2007,AVP,PA,AEA,EN,Combined TRACON& Tower with Radar,22,34,35,0,91,0,3,44,1,48,22,37,79,1,139,88,0,88,227
06/01/2007,AVP,PA,AEA,EN,Combined TRACON& Tower with Radar,20,36,23,0,79,0,0,20,0,20,20,36,43,0,99,114,0,114,213
06/02/2007,AVP,PA,AEA,EN,Combined TRACON& Tower with Radar,23,26,17,0,66,0,0,19,0,19,23,26,36,0,85,64,0,64,149
06/03/2007,AVP,PA,AEA,EN,Combined TRACON& Tower with Radar,22,21,16,6,65,0,0,11,0,11,22,21,27,6,76,12,0,12,88
06/04/2007,AVP,PA,AEA,EN,Combined TRACON& Tower with Radar,21,30,38,2,91,0,0,12,0,12,21,30,50,2,103,37,0,37,140
06/05/2007,AVP,PA,AEA,EN,Combined TRACON& Tower with Radar,18,37,36,9,100,0,4,30,1,35,18,41,66,10,135,98,0,98,233
06/06/2007,AVP,PA,AEA,EN,Combined TRACON& Tower with Radar,25,28,25,0,78,0,4,46,0,50,25,32,71,0,128,126,0,126,254
06/07/2007,AVP,PA,AEA,EN,Combined TRACON& Tower with Radar,36,37,109,2,184,0,2,94,5,101,36,39,203,7,285,348,0,348,633
06/08/2007,AVP,PA,AEA,EN,Combined TRACON& Tower with Radar,17,22,24,0,63,0,1,39,0,40,17,23,63,0,103,90,0,90,193
06/09/2007,AVP,PA,AEA,EN,Combined TRACON& Tower with Radar,22,27,44,0,93,0,0,48,0,48,22,27,92,0,141,70,0,70,211
06/10/2007,AVP,PA,AEA,EN,Combined TRACON& Tower with Radar,13,41,113,2,169,0,2,109,0,111,13,43,222,2,280,198,0,198,478
06/11/2007,AVP,PA,AEA,EN,Combined TRACON& Tower with Radar,22,27,30,0,79,0,1,69,2,72,22,28,99,2,151,121,0,121,272
06/12/2007,AVP,PA,AEA,EN,Combined TRACON& Tower with Radar,22,22,18,20,82,0,2,35,0,37,22,24,53,20,119,102,0,102,221
06/13/2007,AVP,PA,AEA,EN,Combined TRACON& Tower with Radar,28,42,34,0,104,0,0,29,0,29,28,42,63,0,133,50,0,50,183
06/14/2007,AVP,PA,AEA,EN,Combined TRACON& Tower with Radar,23,32,50,1,106,0,0,0,0,0,23,32,50,1,106,156,0,156,262
06/15/2007,AVP,PA,AEA,EN,Combined TRACON& Tower with Radar,21,27,32,6,86,0,0,84,2,86,21,27,116,8,172,188,0,188,360
06/16/2007,AVP,PA,AEA,EN,Combined TRACON& Tower with Radar,16,35,10,4,65,0,3,49,1,53,16,38,59,5,118,40,0,40,158
06/17/2007,AVP,PA,AEA,EN,Combined TRACON& Tower with Radar,26,24,22,0,72,0,2,64,0,66,26,26,86,0,138,160,0,160,298
06/18/2007,AVP,PA,AEA,EN,Combined TRACON& Tower with Radar,24,24,35,0,83,0,2,48,0,50,24,26,83,0,133,133,0,133,266
06/19/2007,AVP,PA,AEA,EN,Combined TRACON& Tower with Radar,20,35,28,5,88,0,2,36,1,39,20,37,64,6,127,76,0,76,203
06/20/2007,AVP,PA,AEA,EN,Combined TRACON& Tower with Radar,26,47,40,3,116,0,0,50,2,52,26,47,90,5,168,115,0,115,283
06/21/2007,AVP,PA,AEA,EN,Combined TRACON& Tower with Radar,25,37,46,0,108,0,0,61,0,61,25,37,107,0,169,173,0,173,342
06/22/2007,AVP,PA,AEA,EN,Combined TRACON& Tower with Radar,31,30,30,0,91,0,5,59,0,64,31,35,89,0,155,155,0,155,310
06/23/2007,AVP,PA,AEA,EN,Combined TRACON& Tower with Radar,19,22,25,0,66,0,2,59,0,61,19,24,84,0,127,168,0,168,295
06/24/2007,AVP,PA,AEA,EN,Combined TRACON& Tower with Radar,22,24,24,0,70,0,3,71,0,74,22,27,95,0,144,168,0,168,312
06/25/2007,AVP,PA,AEA,EN,Combined TRACON& Tower with Radar,24,21,27,9,81,0,5,25,0,30,24,26,52,9,111,74,8,82,193
06/26/2007,AVP,PA,AEA,EN,Combined TRACON& Tower with Radar,22,29,28,0,79,0,1,27,1,29,22,30,55,1,108,112,0,112,220
06/27/2007,AVP,PA,AEA,EN,Combined TRACON& Tower with Radar,18,26,24,0,68,0,2,13,2,17,18,28,37,2,85,70,0,70,155
06/28/2007,AVP,PA,AEA,EN,Combined TRACON& Tower with Radar,17,33,10,4,64,0,0,10,1,11,17,33,20,5,75,37,0,37,112
06/29/2007,AVP,PA,AEA,EN,Combined TRACON& Tower with Radar,25,47,38,3,113,0,2,60,1,63,25,49,98,4,176,122,0,122,298
06/30/2007,AVP,PA,AEA,EN,Combined TRACON& Tower with Radar,17,26,24,2,69,0,1,36,0,37,17,27,60,2,106,106,0,106,212
07/01/2007,AVP,PA,AEA,EN,Combined TRACON& Tower with Radar,31,19,21,0,71,0,2,39,0,41,31,21,60,0,112,113,0,113,225
07/02/2007,AVP,PA,AEA,EN,Combined TRACON& Tower with Radar,22,22,9,2,55,0,4,45,1,50,22,26,54,3,105,72,4,76,181
07/03/2007,AVP,PA,AEA,EN,Combined TRACON& Tower with Radar,13,34,21,0,68,0,2,49,0,51,13,36,70,0,119,126,0,126,245
07/04/2007,AVP,PA,AEA,EN,Combined TRACON& Tower with Radar,4,30,22,0,56,0,0,10,0,10,4,30,32,0,66,52,0,52,118
07/05/2007,AVP,PA,AEA,EN,Combined TRACON& Tower with Radar,27,28,22,1,78,0,0,19,0,19,27,28,41,1,97,56,0,56,153
07/06/2007,AVP,PA,AEA,EN,Combined TRACON& Tower with Radar,24,27,25,2,78,0,2,42,0,44,24,29,67,2,122,64,0,64,186
07/07/2007,AVP,PA,AEA,EN,Combined TRACON& Tower with Radar,25,18,6,0,49,0,2,48,0,50,25,20,54,0,99,102,0,102,201
07/08/2007,AVP,PA,AEA,EN,Combined TRACON& Tower with Radar,26,22,20,0,68,0,9,45,0,54,26,31,65,0,122,132,0,132,254
07/09/2007,AVP,PA,AEA,EN,Combined TRACON& Tower with Radar,16,28,28,0,72,0,8,46,0,54,16,36,74,0,126,76,0,76,202
07/10/2007,AVP,PA,AEA,EN,Combined TRACON& Tower with Radar,24,23,25,0,72,0,5,11,1,17,24,28,36,1,89,22,0,22,111
07/11/2007,AVP,PA,AEA,EN,Combined TRACON& Tower with Radar,15,40,36,2,93,0,2,9,3,14,15,42,45,5,107,72,0,72,179
07/12/2007,AVP,PA,AEA,EN,Combined TRACON& Tower with Radar,19,37,30,1,87,0,3,69,0,72,19,40,99,1,159,108,0,108,267
07/13/2007,AVP,PA,AEA,EN,Combined TRACON& Tower with Radar,33,40,46,0,119,0,17,70,0,87,33,57,116,0,206,154,0,154,360
07/14/2007,AVP,PA,AEA,EN,Combined TRACON& Tower with Radar,21,21,36,7,85,0,1,61,2,64,21,22,97,9,149,182,4,186,335
07/15/2007,AVP,PA,AEA,EN,Combined TRACON& Tower with Radar,26,25,25,0,76,0,0,52,0,52,26,25,77,0,128,92,0,92,220
07/16/2007,AVP,PA,AEA,EN,Combined TRACON& Tower with Radar,19,23,9,2,53,0,1,52,0,53,19,24,61,2,106,56,0,56,162
07/17/2007,AVP,PA,AEA,EN,Combined TRACON& Tower with Radar,24,35,33,13,105,0,3,62,0,65,24,38,95,13,170,80,1,81,251
07/18/2007,AVP,PA,AEA,EN,Combined TRACON& Tower with Radar,15,38,33,0,86,0,2,16,0,18,15,40,49,0,104,30,0,30,134
07/19/2007,AVP,PA,AEA,EN,Combined TRACON& Tower with Radar,22,34,29,3,88,0,5,5,0,10,22,39,34,3,98,14,0,14,112
07/20/2007,AVP,PA,AEA,EN,Combined TRACON& Tower with Radar,30,22,34,2,88,0,1,63,0,64,30,23,97,2,152,104,0,104,256
07/21/2007,AVP,PA,AEA,EN,Combined TRACON& Tower with Radar,23,22,24,2,71,0,0,73,0,73,23,22,97,2,144,110,0,110,254
07/22/2007,AVP,PA,AEA,EN,Combined TRACON& Tower with Radar,14,30,18,4,66,0,1,86,0,87,14,31,104,4,153,138,0,138,291
07/23/2007,AVP,PA,AEA,EN,Combined TRACON& Tower with Radar,34,28,22,0,84,0,0,13,1,14,34,28,35,1,98,0,0,0,98
07/24/2007,AVP,PA,AEA,EN,Combined TRACON& Tower with Radar,24,29,20,3,76,0,4,46,1,51,24,33,66,4,127,190,0,190,317
07/25/2007,AVP,PA,AEA,EN,Combined TRACON& Tower with Radar,18,38,45,1,102,0,3,69,0,72,18,41,114,1,174,138,0,138,312
07/26/2007,AVP,PA,AEA,EN,Combined TRACON& Tower with Radar,23,41,33,10,107,0,6,38,0,44,23,47,71,10,151,110,0,110,261
07/27/2007,AVP,PA,AEA,EN,Combined TRACON& Tower with Radar,32,40,28,1,101,0,0,31,2,33,32,40,59,3,134,41,0,41,175
07/28/2007,AVP,PA,AEA,EN,Combined TRACON& Tower with Radar,14,34,34,2,84,0,0,24,0,24,14,34,58,2,108,90,0,90,198
07/29/2007,AVP,PA,AEA,EN,Combined TRACON& Tower with Radar,21,19,19,0,59,0,1,38,0,39,21,20,57,0,98,64,0,64,162
07/30/2007,AVP,PA,AEA,EN,Combined TRACON& Tower with Radar,25,32,30,0,87,0,1,12,0,13,25,33,42,0,100,78,0,78,178
07/31/2007,AVP,PA,AEA,EN,Combined TRACON& Tower with Radar,25,31,32,0,88,0,0,68,0,68,25,31,100,0,156,202,0,202,358
08/01/2007,AVP,PA,AEA,EN,Combined TRACON& Tower with Radar,23,23,26,0,72,0,0,53,0,53,23,23,79,0,125,121,0,121,246
08/02/2007,AVP,PA,AEA,EN,Combined TRACON& Tower with Radar,30,36,64,2,132,0,0,70,1,71,30,36,134,3,203,163,0,163,366
08/03/2007,AVP,PA,AEA,EN,Combined TRACON& Tower with Radar,26,32,58,2,118,0,0,83,1,84,26,32,141,3,202,102,2,104,306
08/04/2007,AVP,PA,AEA,EN,Combined TRACON& Tower with Radar,17,27,57,0,101,0,1,40,0,41,17,28,97,0,142,90,0,90,232
08/05/2007,AVP,PA,AEA,EN,Combined TRACON& Tower with Radar,28,27,77,2,134,0,4,125,0,129,28,31,202,2,263,232,0,232,495
08/06/2007,AVP,PA,AEA,EN,Combined TRACON& Tower with Radar,24,18,20,3,65,0,1,8,0,9,24,19,28,3,74,17,0,17,91
08/07/2007,AVP,PA,AEA,EN,Combined TRACON& Tower with Radar,27,25,34,0,86,0,0,27,0,27,27,25,61,0,113,48,0,48,161
08/08/2007,AVP,PA,AEA,EN,Combined TRACON& Tower with Radar,18,29,16,0,63,0,0,23,0,23,18,29,39,0,86,42,0,42,128
08/09/2007,AVP,PA,AEA,EN,Combined TRACON& Tower with Radar,20,23,21,0,64,0,1,25,0,26,20,24,46,0,90,48,0,48,138
08/10/2007,AVP,PA,AEA,EN,Combined TRACON& Tower with Radar,31,31,34,1,97,0,0,3,0,3,31,31,37,1,100,0,0,0,100
08/11/2007,AVP,PA,AEA,EN,Combined TRACON& Tower with Radar,19,26,27,0,72,0,1,76,0,77,19,27,103,0,149,164,0,164,313
08/12/2007,AVP,PA,AEA,EN,Combined TRACON& Tower with Radar,26,24,35,0,85,0,10,66,0,76,26,34,101,0,161,92,0,92,253
08/13/2007,AVP,PA,AEA,EN,Combined TRACON& Tower with Radar,32,17,24,1,74,0,4,53,0,57,32,21,77,1,131,40,0,40,171
08/14/2007,AVP,PA,AEA,EN,Combined TRACON& Tower with Radar,28,26,41,0,95,0,2,68,0,70,28,28,109,0,165,160,0,160,325
08/15/2007,AVP,PA,AEA,EN,Combined TRACON& Tower with Radar,27,20,30,0,77,0,2,35,0,37,27,22,65,0,114,82,0,82,196
08/16/2007,AVP,PA,AEA,EN,Combined TRACON& Tower with Radar,14,47,25,1,87,0,2,57,0,59,14,49,82,1,146,106,0,106,252
08/17/2007,AVP,PA,AEA,EN,Combined TRACON& Tower with Radar,23,28,28,0,79,0,1,44,0,45,23,29,72,0,124,94,0,94,218
08/18/2007,AVP,PA,AEA,EN,Combined TRACON& Tower with Radar,7,8,8,0,23,0,0,19,0,19,7,8,27,0,42,12,0,12,54
08/19/2007,AVP,PA,AEA,EN,Combined TRACON& Tower with Radar,18,17,8,0,43,0,2,54,0,56,18,19,62,0,99,100,0,100,199
08/20/2007,AVP,PA,AEA,EN,Combined TRACON& Tower with Radar,23,25,26,0,74,0,0,4,0,4,23,25,30,0,78,4,0,4,82
08/21/2007,AVP,PA,AEA,EN,Combined TRACON& Tower with Radar,8,33,22,1,64,0,0,2,0,2,8,33,24,1,66,0,0,0,66
08/22/2007,AVP,PA,AEA,EN,Combined TRACON& Tower with Radar,15,54,22,0,91,0,0,8,0,8,15,54,30,0,99,0,0,0,99
08/23/2007,AVP,PA,AEA,EN,Combined TRACON& Tower with Radar,27,25,40,0,92,0,0,15,0,15,27,25,55,0,107,38,0,38,145
08/24/2007,AVP,PA,AEA,EN,Combined TRACON& Tower with Radar,18,33,26,0,77,0,2,23,0,25,18,35,49,0,102,18,0,18,120
08/25/2007,AVP,PA,AEA,EN,Combined TRACON& Tower with Radar,14,33,41,8,96,0,1,32,1,34,14,34,73,9,130,74,0,74,204
08/26/2007,AVP,PA,AEA,EN,Combined TRACON& Tower with Radar,19,22,25,1,67,0,0,28,0,28,19,22,53,1,95,82,0,82,177
08/27/2007,AVP,PA,AEA,EN,Combined TRACON& Tower with Radar,27,24,31,5,87,0,1,53,0,54,27,25,84,5,141,150,0,150,291
08/28/2007,AVP,PA,AEA,EN,Combined TRACON& Tower with Radar,20,40,33,11,104,0,0,65,2,67,20,40,98,13,171,154,0,154,325
08/29/2007,AVP,PA,AEA,EN,Combined TRACON& Tower with Radar,18,39,30,0,87,0,0,59,0,59,18,39,89,0,146,120,0,120,266
08/30/2007,AVP,PA,AEA,EN,Combined TRACON& Tower with Radar,25,32,29,2,88,0,0,28,0,28,25,32,57,2,116,92,0,92,208
08/31/2007,AVP,PA,AEA,EN,Combined TRACON& Tower with Radar,21,24,28,5,78,0,0,81,0,81,21,24,109,5,159,134,0,134,293
09/01/2007,AVP,PA,AEA,EN,Combined TRACON& Tower with Radar,15,25,28,1,69,0,6,49,0,55,15,31,77,1,124,93,0,93,217
09/02/2007,AVP,PA,AEA,EN,Combined TRACON& Tower with Radar,23,11,9,0,43,0,0,51,3,54,23,11,60,3,97,98,0,98,195
09/03/2007,AVP,PA,AEA,EN,Combined TRACON& Tower with Radar,27,14,14,0,55,0,0,67,0,67,27,14,81,0,122,132,0,132,254
09/04/2007,AVP,PA,AEA,EN,Combined TRACON& Tower with Radar,27,29,13,0,69,0,4,49,0,53,27,33,62,0,122,130,0,130,252
09/05/2007,AVP,PA,AEA,EN,Combined TRACON& Tower with Radar,24,28,20,0,72,0,0,48,0,48,24,28,68,0,120,68,0,68,188
09/06/2007,AVP,PA,AEA,EN,Combined TRACON& Tower with Radar,0,26,26,0,52,0,0,27,0,27,0,26,53,0,79,8,0,8,87
09/07/2007,AVP,PA,AEA,EN,Combined TRACON& Tower with Radar,0,29,8,0,37,0,5,52,0,57,0,34,60,0,94,8,0,8,102
09/08/2007,AVP,PA,AEA,EN,Combined TRACON& Tower with Radar,0,20,21,2,43,0,1,29,0,30,0,21,50,2,73,0,0,0,73
09/09/2007,AVP,PA,AEA,EN,Combined TRACON& Tower with Radar,2,14,9,0,25,0,2,20,0,22,2,16,29,0,47,13,0,13,60
09/10/2007,AVP,PA,AEA,EN,Combined TRACON& Tower with Radar,3,27,18,0,48,0,0,7,0,7,3,27,25,0,55,22,0,22,77
09/11/2007,AVP,PA,AEA,EN,Combined TRACON& Tower with Radar,4,23,13,0,40,0,0,3,0,3,4,23,16,0,43,0,0,0,43
09/12/2007,AVP,PA,AEA,EN,Combined TRACON& Tower with Radar,18,42,34,1,95,0,0,64,0,64,18,42,98,1,159,126,0,126,285
09/13/2007,AVP,PA,AEA,EN,Combined TRACON& Tower with Radar,21,24,23,4,72,0,0,75,0,75,21,24,98,4,147,89,2,91,238
09/14/2007,AVP,PA,AEA,EN,Combined TRACON& Tower with Radar,23,25,21,4,73,0,1,28,0,29,23,26,49,4,102,28,0,28,130
09/15/2007,AVP,PA,AEA,EN,Combined TRACON& Tower with Radar,16,25,15,0,56,0,0,12,2,14,16,25,27,2,70,20,0,20,90
09/16/2007,AVP,PA,AEA,EN,Combined TRACON& Tower with Radar,24,11,25,1,61,0,0,71,0,71,24,11,96,1,132,97,8,105,237
09/17/2007,AVP,PA,AEA,EN,Combined TRACON& Tower with Radar,20,34,18,0,72,0,0,42,0,42,20,34,60,0,114,98,0,98,212
09/18/2007,AVP,PA,AEA,EN,Combined TRACON& Tower with Radar,23,24,23,2,72,0,2,82,0,84,23,26,105,2,156,126,0,126,282
09/19/2007,AVP,PA,AEA,EN,Combined TRACON& Tower with Radar,26,28,29,0,83,0,3,60,0,63,26,31,89,0,146,112,0,112,258
09/20/2007,AVP,PA,AEA,EN,Combined TRACON& Tower with Radar,32,32,23,0,87,0,2,61,6,69,32,34,84,6,156,110,0,110,266
09/21/2007,AVP,PA,AEA,EN,Combined TRACON& Tower with Radar,33,29,46,0,108,0,1,41,0,42,33,30,87,0,150,60,0,60,210
09/22/2007,AVP,PA,AEA,EN,Combined TRACON& Tower with Radar,24,15,19,0,58,0,0,27,0,27,24,15,46,0,85,70,0,70,155
09/23/2007,AVP,PA,AEA,EN,Combined TRACON& Tower with Radar,29,20,35,0,84,0,0,62,0,62,29,20,97,0,146,114,0,114,260
09/24/2007,AVP,PA,AEA,EN,Combined TRACON& Tower with Radar,34,35,43,0,112,0,4,58,0,62,34,39,101,0,174,74,0,74,248
09/25/2007,AVP,PA,AEA,EN,Combined TRACON& Tower with Radar,19,26,38,0,83,0,0,53,2,55,19,26,91,2,138,154,0,154,292
09/26/2007,AVP,PA,AEA,EN,Combined TRACON& Tower with Radar,26,22,36,0,84,0,1,55,0,56,26,23,91,0,140,136,0,136,276
09/27/2007,AVP,PA,AEA,EN,Combined TRACON& Tower with Radar,24,31,25,1,81,0,0,31,0,31,24,31,56,1,112,71,8,79,191
09/28/2007,AVP,PA,AEA,EN,Combined TRACON& Tower with Radar,36,30,35,0,101,0,16,47,0,63,36,46,82,0,164,30,0,30,194
09/29/2007,AVP,PA,AEA,EN,Combined TRACON& Tower with Radar,17,19,27,0,63,0,11,49,0,60,17,30,76,0,123,106,0,106,229
09/30/2007,AVP,PA,AEA,EN,Combined TRACON& Tower with Radar,21,29,28,0,78,0,0,0,0,0,21,29,28,0,78,172,0,172,250
10/01/2007,AVP,PA,AEA,EN,Combined TRACON& Tower with Radar,39,34,41,0,114,0,13,58,0,71,39,47,99,0,185,132,0,132,317
10/02/2007,AVP,PA,AEA,EN,Combined TRACON& Tower with Radar,17,30,33,2,82,0,2,43,0,45,17,32,76,2,127,132,0,132,259
10/03/2007,AVP,PA,AEA,EN,Combined TRACON& Tower with Radar,24,26,29,0,79,0,3,18,0,21,24,29,47,0,100,56,0,56,156
10/04/2007,AVP,PA,AEA,EN,Combined TRACON& Tower with Radar,23,38,24,2,87,0,0,76,0,76,23,38,100,2,163,164,2,166,329
10/05/2007,AVP,PA,AEA,EN,Combined TRACON& Tower with Radar,19,27,23,5,74,0,3,38,0,41,19,30,61,5,115,104,28,132,247
10/06/2007,AVP,PA,AEA,EN,Combined TRACON& Tower with Radar,19,29,22,0,70,0,0,36,0,36,19,29,58,0,106,146,0,146,252
10/07/2007,AVP,PA,AEA,EN,Combined TRACON& Tower with Radar,25,16,30,0,71,0,1,59,0,60,25,17,89,0,131,76,0,76,207
10/08/2007,AVP,PA,AEA,EN,Combined TRACON& Tower with Radar,31,22,44,0,97,0,0,45,0,45,31,22,89,0,142,72,0,72,214
10/09/2007,AVP,PA,AEA,EN,Combined TRACON& Tower with Radar,26,28,23,0,77,0,0,23,0,23,26,28,46,0,100,38,0,38,138
10/10/2007,AVP,PA,AEA,EN,Combined TRACON& Tower with Radar,21,44,37,16,118,0,0,91,0,91,21,44,128,16,209,104,8,112,321
10/11/2007,AVP,PA,AEA,EN,Combined TRACON& Tower with Radar,28,22,32,1,83,0,0,0,0,0,28,22,32,1,83,0,0,0,83
10/12/2007,AVP,PA,AEA,EN,Combined TRACON& Tower with Radar,31,23,10,2,66,0,2,13,0,15,31,25,23,2,81,8,0,8,89
10/13/2007,AVP,PA,AEA,EN,Combined TRACON& Tower with Radar,23,22,27,0,72,0,7,38,0,45,23,29,65,0,117,102,0,102,219
10/14/2007,AVP,PA,AEA,EN,Combined TRACON& Tower with Radar,19,25,31,3,78,0,12,60,1,73,19,37,91,4,151,112,0,112,263
10/15/2007,AVP,PA,AEA,EN,Combined TRACON& Tower with Radar,27,37,36,2,102,0,11,72,0,83,27,48,108,2,185,118,0,118,303
10/16/2007,AVP,PA,AEA,EN,Combined TRACON& Tower with Radar,21,26,37,8,92,0,1,56,1,58,21,27,93,9,150,91,0,91,241
10/17/2007,AVP,PA,AEA,EN,Combined TRACON& Tower with Radar,23,36,34,0,93,0,5,37,0,42,23,41,71,0,135,88,0,88,223
10/18/2007,AVP,PA,AEA,EN,Combined TRACON& Tower with Radar,21,43,28,0,92,0,1,50,0,51,21,44,78,0,143,114,0,114,257
10/19/2007,AVP,PA,AEA,EN,Combined TRACON& Tower with Radar,17,29,23,0,69,0,0,1,0,1,17,29,24,0,70,0,0,0,70
10/20/2007,AVP,PA,AEA,EN,Combined TRACON& Tower with Radar,27,24,18,0,69,0,1,74,0,75,27,25,92,0,144,148,0,148,292
10/21/2007,AVP,PA,AEA,EN,Combined TRACON& Tower with Radar,37,35,45,0,117,0,24,106,0,130,37,59,151,0,247,180,0,180,427
10/22/2007,AVP,PA,AEA,EN,Combined TRACON& Tower with Radar,31,22,27,0,80,0,0,84,0,84,31,22,111,0,164,158,0,158,322
10/23/2007,AVP,PA,AEA,EN,Combined TRACON& Tower with Radar,19,26,12,2,59,0,0,5,0,5,19,26,17,2,64,8,0,8,72
10/24/2007,AVP,PA,AEA,EN,Combined TRACON& Tower with Radar,19,44,17,4,84,0,0,1,0,1,19,44,18,4,85,6,0,6,91
10/25/2007,AVP,PA,AEA,EN,Combined TRACON& Tower with Radar,22,28,33,8,91,0,0,41,0,41,22,28,74,8,132,114,16,130,262
10/26/2007,AVP,PA,AEA,EN,Combined TRACON& Tower with Radar,24,48,32,3,107,0,14,21,2,37,24,62,53,5,144,10,0,10,154
10/27/2007,AVP,PA,AEA,EN,Combined TRACON& Tower with Radar,30,33,29,0,92,0,1,12,0,13,30,34,41,0,105,8,0,8,113
10/28/2007,AVP,PA,AEA,EN,Combined TRACON& Tower with Radar,36,26,17,0,79,0,9,92,0,101,36,35,109,0,180,63,0,63,243
10/29/2007,AVP,PA,AEA,EN,Combined TRACON& Tower with Radar,33,36,27,0,96,0,15,79,2,96,33,51,106,2,192,124,0,124,316
10/30/2007,AVP,PA,AEA,EN,Combined TRACON& Tower with Radar,33,29,28,0,90,0,2,65,0,67,33,31,93,0,157,124,0,124,281
10/31/2007,AVP,PA,AEA,EN,Combined TRACON& Tower with Radar,18,22,19,6,65,0,3,43,3,49,18,25,62,9,114,142,0,142,256
11/01/2007,AVP,PA,AEA,EN,Combined TRACON& Tower with Radar,21,30,19,0,70,0,3,31,0,34,21,33,50,0,104,70,0,70,174
11/02/2007,AVP,PA,AEA,EN,Combined TRACON& Tower with Radar,21,41,41,1,104,0,1,63,0,64,21,42,104,1,168,102,17,119,287
11/03/2007,AVP,PA,AEA,EN,Combined TRACON& Tower with Radar,21,36,25,0,82,0,1,60,0,61,21,37,85,0,143,118,0,118,261
11/04/2007,AVP,PA,AEA,EN,Combined TRACON& Tower with Radar,35,28,26,1,90,0,2,69,0,71,35,30,95,1,161,56,0,56,217
11/05/2007,AVP,PA,AEA,EN,Combined TRACON& Tower with Radar,27,32,29,2,90,0,0,56,4,60,27,32,85,6,150,61,0,61,211
11/06/2007,AVP,PA,AEA,EN,Combined TRACON& Tower with Radar,31,29,28,0,88,0,3,23,25,51,31,32,51,25,139,22,0,22,161
11/07/2007,AVP,PA,AEA,EN,Combined TRACON& Tower with Radar,27,27,20,2,76,0,3,41,0,44,27,30,61,2,120,35,0,35,155
11/08/2007,AVP,PA,AEA,EN,Combined TRACON& Tower with Radar,18,28,30,0,76,0,1,54,0,55,18,29,84,0,131,128,0,128,259
11/09/2007,AVP,PA,AEA,EN,Combined TRACON& Tower with Radar,37,51,45,0,133,0,0,27,0,27,37,51,72,0,160,22,0,22,182
11/10/2007,AVP,PA,AEA,EN,Combined TRACON& Tower with Radar,35,41,23,0,99,0,1,3,0,4,35,42,26,0,103,58,0,58,161
11/11/2007,AVP,PA,AEA,EN,Combined TRACON& Tower with Radar,40,47,64,0,151,0,17,110,0,127,40,64,174,0,278,150,0,150,428
11/12/2007,AVP,PA,AEA,EN,Combined TRACON& Tower with Radar,36,34,31,0,101,0,2,7,0,9,36,36,38,0,110,34,0,34,144
11/13/2007,AVP,PA,AEA,EN,Combined TRACON& Tower with Radar,36,48,48,0,132,0,13,31,1,45,36,61,79,1,177,30,0,30,207
11/14/2007,AVP,PA,AEA,EN,Combined TRACON& Tower with Radar,35,30,24,2,91,0,1,12,0,13,35,31,36,2,104,8,0,8,112
11/15/2007,AVP,PA,AEA,EN,Combined TRACON& Tower with Radar,26,33,14,0,73,0,1,5,0,6,26,34,19,0,79,2,0,2,81
11/16/2007,AVP,PA,AEA,EN,Combined TRACON& Tower with Radar,46,40,19,0,105,0,13,24,1,38,46,53,43,1,143,16,0,16,159
11/17/2007,AVP,PA,AEA,EN,Combined TRACON& Tower with Radar,18,25,22,0,65,0,3,30,1,34,18,28,52,1,99,44,0,44,143
11/18/2007,AVP,PA,AEA,EN,Combined TRACON& Tower with Radar,38,22,12,2,74,0,0,0,0,0,38,22,12,2,74,76,0,76,150
11/19/2007,AVP,PA,AEA,EN,Combined TRACON& Tower with Radar,34,18,23,0,75,0,0,2,0,2,34,18,25,0,77,0,0,0,77
11/20/2007,AVP,PA,AEA,EN,Combined TRACON& Tower with Radar,27,34,29,0,90,0,0,0,0,0,27,34,29,0,90,0,0,0,90
11/21/2007,AVP,PA,AEA,EN,Combined TRACON& Tower with Radar,25,29,34,2,90,0,0,26,0,26,25,29,60,2,116,96,0,96,212
11/22/2007,AVP,PA,AEA,EN,Combined TRACON& Tower with Radar,14,17,7,0,38,0,0,4,0,4,14,17,11,0,42,0,0,0,42
11/23/2007,AVP,PA,AEA,EN,Combined TRACON& Tower with Radar,33,17,15,0,65,0,4,22,0,26,33,21,37,0,91,86,0,86,177
11/24/2007,AVP,PA,AEA,EN,Combined TRACON& Tower with Radar,29,18,16,0,63,0,0,83,0,83,29,18,99,0,146,124,0,124,270
11/25/2007,AVP,PA,AEA,EN,Combined TRACON& Tower with Radar,38,31,48,0,117,0,13,77,0,90,38,44,125,0,207,106,0,106,313
11/26/2007,AVP,PA,AEA,EN,Combined TRACON& Tower with Radar,17,35,9,0,61,0,0,3,0,3,17,35,12,0,64,0,0,0,64
11/27/2007,AVP,PA,AEA,EN,Combined TRACON& Tower with Radar,28,38,15,7,88,0,3,14,1,18,28,41,29,8,106,36,0,36,142
11/28/2007,AVP,PA,AEA,EN,Combined TRACON& Tower with Radar,22,23,39,0,84,0,5,49,0,54,22,28,88,0,138,96,0,96,234
11/29/2007,AVP,PA,AEA,EN,Combined TRACON& Tower with Radar,26,39,22,0,87,0,1,26,0,27,26,40,48,0,114,68,0,68,182
11/30/2007,AVP,PA,AEA,EN,Combined TRACON& Tower with Radar,26,28,19,0,73,0,3,46,0,49,26,31,65,0,122,98,0,98,220
12/01/2007,AVP,PA,AEA,EN,Combined TRACON& Tower with Radar,16,14,17,0,47,0,1,21,0,22,16,15,38,0,69,8,0,8,77
12/02/2007,AVP,PA,AEA,EN,Combined TRACON& Tower with Radar,35,17,6,0,58,0,0,5,0,5,35,17,11,0,63,0,0,0,63
12/03/2007,AVP,PA,AEA,EN,Combined TRACON& Tower with Radar,31,31,35,0,97,0,8,11,0,19,31,39,46,0,116,0,0,0,116
12/04/2007,AVP,PA,AEA,EN,Combined TRACON& Tower with Radar,15,29,16,0,60,0,2,2,0,4,15,31,18,0,64,0,0,0,64
12/05/2007,AVP,PA,AEA,EN,Combined TRACON& Tower with Radar,15,23,19,0,57,0,0,0,0,0,15,23,19,0,57,0,0,0,57
12/06/2007,AVP,PA,AEA,EN,Combined TRACON& Tower with Radar,23,37,27,0,87,0,8,51,0,59,23,45,78,0,146,158,0,158,304
12/07/2007,AVP,PA,AEA,EN,Combined TRACON& Tower with Radar,28,31,22,0,81,0,1,9,1,11,28,32,31,1,92,0,0,0,92
12/08/2007,AVP,PA,AEA,EN,Combined TRACON& Tower with Radar,22,12,13,0,47,0,0,20,0,20,22,12,33,0,67,60,0,60,127
12/09/2007,AVP,PA,AEA,EN,Combined TRACON& Tower with Radar,23,14,12,0,49,0,0,5,0,5,23,14,17,0,54,28,0,28,82
12/10/2007,AVP,PA,AEA,EN,Combined TRACON& Tower with Radar,37,34,24,0,95,0,0,4,0,4,37,34,28,0,99,0,0,0,99
12/11/2007,AVP,PA,AEA,EN,Combined TRACON& Tower with Radar,35,15,14,0,64,0,0,4,0,4,35,15,18,0,68,0,0,0,68
12/12/2007,AVP,PA,AEA,EN,Combined TRACON& Tower with Radar,22,22,7,0,51,0,2,10,1,13,22,24,17,1,64,20,0,20,84
12/13/2007,AVP,PA,AEA,EN,Combined TRACON& Tower with Radar,10,32,4,0,46,0,0,3,0,3,10,32,7,0,49,0,0,0,49
12/14/2007,AVP,PA,AEA,EN,Combined TRACON& Tower with Radar,40,48,51,0,139,0,16,44,0,60,40,64,95,0,199,90,0,90,289
12/15/2007,AVP,PA,AEA,EN,Combined TRACON& Tower with Radar,24,23,29,2,78,0,3,32,0,35,24,26,61,2,113,78,0,78,191
12/16/2007,AVP,PA,AEA,EN,Combined TRACON& Tower with Radar,27,8,0,0,35,0,0,3,0,3,27,8,3,0,38,0,0,0,38
12/17/2007,AVP,PA,AEA,EN,Combined TRACON& Tower with Radar,21,32,19,0,72,1,0,2,0,3,22,32,21,0,75,6,0,6,81
12/18/2007,AVP,PA,AEA,EN,Combined TRACON& Tower with Radar,28,20,32,2,82,0,11,63,1,75,28,31,95,3,157,104,18,122,279
12/19/2007,AVP,PA,AEA,EN,Combined TRACON& Tower with Radar,28,29,23,0,80,0,0,19,0,19,28,29,42,0,99,18,0,18,117
12/20/2007,AVP,PA,AEA,EN,Combined TRACON& Tower with Radar,21,39,41,2,103,0,0,21,2,23,21,39,62,4,126,72,0,72,198
12/21/2007,AVP,PA,AEA,EN,Combined TRACON& Tower with Radar,25,44,43,0,112,0,3,19,0,22,25,47,62,0,134,26,0,26,160
12/22/2007,AVP,PA,AEA,EN,Combined TRACON& Tower with Radar,37,33,27,0,97,0,14,23,0,37,37,47,50,0,134,16,0,16,150
12/23/2007,AVP,PA,AEA,EN,Combined TRACON& Tower with Radar,27,37,19,0,83,0,0,212,0,212,27,37,231,0,295,2,0,2,297
12/24/2007,AVP,PA,AEA,EN,Combined TRACON& Tower with Radar,20,16,9,0,45,0,0,0,0,0,20,16,9,0,45,8,0,8,53
12/25/2007,AVP,PA,AEA,EN,Combined TRACON& Tower with Radar,17,20,5,0,42,0,3,5,0,8,17,23,10,0,50,0,0,0,50
12/26/2007,AVP,PA,AEA,EN,Combined TRACON& Tower with Radar,17,28,17,0,62,0,1,25,2,28,17,29,42,2,90,50,0,50,140
12/27/2007,AVP,PA,AEA,EN,Combined TRACON& Tower with Radar,27,29,22,5,83,0,0,3,0,3,27,29,25,5,86,8,0,8,94
12/28/2007,AVP,PA,AEA,EN,Combined TRACON& Tower with Radar,38,36,32,0,106,0,0,60,0,60,38,36,92,0,166,66,0,66,232
12/29/2007,AVP,PA,AEA,EN,Combined TRACON& Tower with Radar,35,23,22,0,80,0,0,49,0,49,35,23,71,0,129,77,0,77,206
12/30/2007,AVP,PA,AEA,EN,Combined TRACON& Tower with Radar,34,23,18,0,75,0,3,42,0,45,34,26,60,0,120,80,0,80,200
12/31/2007,AVP,PA,AEA,EN,Combined TRACON& Tower with Radar,21,19,31,0,71,0,2,46,0,48,21,21,77,0,119,78,0,78,197
01/01/2008,AVP,PA,AEA,EN,Combined TRACON& Tower with Radar,18,20,5,0,43,0,0,4,0,4,18,20,9,0,47,0,0,0,47
01/02/2008,AVP,PA,AEA,EN,Combined TRACON& Tower with Radar,19,29,16,0,64,0,3,17,0,20,19,32,33,0,84,36,0,36,120
01/03/2008,AVP,PA,AEA,EN,Combined TRACON& Tower with Radar,18,30,16,0,64,0,3,26,0,29,18,33,42,0,93,70,0,70,163
01/04/2008,AVP,PA,AEA,EN,Combined TRACON& Tower with Radar,33,36,45,5,119,0,13,69,0,82,33,49,114,5,201,172,0,172,373
01/05/2008,AVP,PA,AEA,EN,Combined TRACON& Tower with Radar,15,24,14,1,54,0,1,54,1,56,15,25,68,2,110,92,0,92,202
01/06/2008,AVP,PA,AEA,EN,Combined TRACON& Tower with Radar,31,33,37,2,103,0,14,34,0,48,31,47,71,2,151,6,0,6,157
01/07/2008,AVP,PA,AEA,EN,Combined TRACON& Tower with Radar,29,32,28,0,89,0,1,38,0,39,29,33,66,0,128,130,0,130,258
01/08/2008,AVP,PA,AEA,EN,Combined TRACON& Tower with Radar,21,30,31,0,82,0,17,83,0,100,21,47,114,0,182,209,3,212,394
01/09/2008,AVP,PA,AEA,EN,Combined TRACON& Tower with Radar,26,29,25,0,80,0,1,25,0,26,26,30,50,0,106,18,0,18,124
01/10/2008,AVP,PA,AEA,EN,Combined TRACON& Tower with Radar,10,35,30,1,76,0,1,40,1,42,10,36,70,2,118,156,0,156,274
01/11/2008,AVP,PA,AEA,EN,Combined TRACON& Tower with Radar,23,38,15,0,76,0,0,9,0,9,23,38,24,0,85,8,0,8,93
01/12/2008,AVP,PA,AEA,EN,Combined TRACON& Tower with Radar,15,23,26,0,64,0,0,49,0,49,15,23,75,0,113,60,0,60,173
01/13/2008,AVP,PA,AEA,EN,Combined TRACON& Tower with Radar,26,23,23,0,72,0,1,37,0,38,26,24,60,0,110,126,0,126,236
01/14/2008,AVP,PA,AEA,EN,Combined TRACON& Tower with Radar,24,30,14,2,70,0,0,0,0,0,24,30,14,2,70,0,0,0,70
01/15/2008,AVP,PA,AEA,EN,Combined TRACON& Tower with Radar,23,37,2,6,68,0,0,0,0,0,23,37,2,6,68,0,0,0,68
01/16/2008,AVP,PA,AEA,EN,Combined TRACON& Tower with Radar,23,29,33,0,85,0,0,51,1,52,23,29,84,1,137,148,0,148,285
01/17/2008,AVP,PA,AEA,EN,Combined TRACON& Tower with Radar,29,34,17,0,80,0,0,22,0,22,29,34,39,0,102,24,0,24,126
01/18/2008,AVP,PA,AEA,EN,Combined TRACON& Tower with Radar,25,34,17,0,76,0,3,21,0,24,25,37,38,0,100,14,0,14,114
01/19/2008,AVP,PA,AEA,EN,Combined TRACON& Tower with Radar,12,25,15,0,52,0,1,33,0,34,12,26,48,0,86,70,0,70,156
01/20/2008,AVP,PA,AEA,EN,Combined TRACON& Tower with Radar,27,23,8,0,58,0,0,15,0,15,27,23,23,0,73,35,0,35,108
01/21/2008,AVP,PA,AEA,EN,Combined TRACON& Tower with Radar,26,23,7,0,56,0,3,15,0,18,26,26,22,0,74,32,0,32,106
01/22/2008,AVP,PA,AEA,EN,Combined TRACON& Tower with Radar,22,33,18,0,73,0,4,12,0,16,22,37,30,0,89,16,0,16,105
01/23/2008,AVP,PA,AEA,EN,Combined TRACON& Tower with Radar,12,31,29,0,72,0,2,34,0,36,12,33,63,0,108,64,0,64,172
01/24/2008,AVP,PA,AEA,EN,Combined TRACON& Tower with Radar,30,25,24,0,79,0,2,7,0,9,30,27,31,0,88,0,0,0,88
01/25/2008,AVP,PA,AEA,EN,Combined TRACON& Tower with Radar,19,27,28,0,74,0,2,40,0,42,19,29,68,0,116,122,0,122,238
01/26/2008,AVP,PA,AEA,EN,Combined TRACON& Tower with Radar,28,19,19,1,67,0,0,45,0,45,28,19,64,1,112,168,0,168,280
01/27/2008,AVP,PA,AEA,EN,Combined TRACON& Tower with Radar,33,47,41,0,121,1,13,57,0,71,34,60,98,0,192,162,0,162,354
01/28/2008,AVP,PA,AEA,EN,Combined TRACON& Tower with Radar,23,26,14,0,63,0,1,52,2,55,23,27,66,2,118,86,0,86,204
01/29/2008,AVP,PA,AEA,EN,Combined TRACON& Tower with Radar,25,28,31,0,84,0,1,3,0,4,25,29,34,0,88,0,0,0,88
01/30/2008,AVP,PA,AEA,EN,Combined TRACON& Tower with Radar,22,14,7,0,43,0,0,6,0,6,22,14,13,0,49,0,0,0,49
01/31/2008,AVP,PA,AEA,EN,Combined TRACON& Tower with Radar,17,34,32,1,84,0,2,61,1,64,17,36,93,2,148,160,0,160,308
02/01/2008,AVP,PA,AEA,EN,Combined TRACON& Tower with Radar,40,34,14,0,88,0,0,3,0,3,40,34,17,0,91,0,0,0,91
02/02/2008,AVP,PA,AEA,EN,Combined TRACON& Tower with Radar,21,15,12,1,49,0,1,13,0,14,21,16,25,1,63,84,0,84,147
02/03/2008,AVP,PA,AEA,EN,Combined TRACON& Tower with Radar,17,19,35,2,73,0,5,47,0,52,17,24,82,2,125,150,0,150,275
02/04/2008,AVP,PA,AEA,EN,Combined TRACON& Tower with Radar,21,38,19,1,79,0,0,14,0,14,21,38,33,1,93,0,0,0,93
02/05/2008,AVP,PA,AEA,EN,Combined TRACON& Tower with Radar,44,34,18,0,96,0,0,2,0,2,44,34,20,0,98,0,0,0,98
02/06/2008,AVP,PA,AEA,EN,Combined TRACON& Tower with Radar,21,27,9,0,57,0,0,3,0,3,21,27,12,0,60,0,0,0,60
02/07/2008,AVP,PA,AEA,EN,Combined TRACON& Tower with Radar,20,38,17,1,76,0,2,6,0,8,20,40,23,1,84,4,0,4,88
02/08/2008,AVP,PA,AEA,EN,Combined TRACON& Tower with Radar,0,1,14,4,19,31,30,23,4,88,31,31,37,8,107,108,6,114,221
02/09/2008,AVP,PA,AEA,EN,Combined TRACON& Tower with Radar,25,28,21,0,74,0,1,4,0,5,25,29,25,0,79,0,0,0,79
02/10/2008,AVP,PA,AEA,EN,Combined TRACON& Tower with Radar,27,21,3,0,51,0,0,1,0,1,27,21,4,0,52,0,0,0,52
02/11/2008,AVP,PA,AEA,EN,Combined TRACON& Tower with Radar,23,36,16,0,75,0,0,34,0,34,23,36,50,0,109,28,0,28,137
02/12/2008,AVP,PA,AEA,EN,Combined TRACON& Tower with Radar,17,20,13,0,50,0,0,4,0,4,17,20,17,0,54,0,0,0,54
02/13/2008,AVP,PA,AEA,EN,Combined TRACON& Tower with Radar,24,25,8,0,57,0,0,0,0,0,24,25,8,0,57,0,0,0,57
02/14/2008,AVP,PA,AEA,EN,Combined TRACON& Tower with Radar,23,32,42,4,101,0,1,39,0,40,23,33,81,4,141,60,0,60,201
02/15/2008,AVP,PA,AEA,EN,Combined TRACON& Tower with Radar,19,23,19,0,61,2,6,23,0,31,21,29,42,0,92,59,0,59,151
02/16/2008,AVP,PA,AEA,EN,Combined TRACON& Tower with Radar,26,24,23,0,73,0,1,72,0,73,26,25,95,0,146,204,0,204,350
02/17/2008,AVP,PA,AEA,EN,Combined TRACON& Tower with Radar,24,20,18,0,62,0,0,15,0,15,24,20,33,0,77,78,0,78,155
02/18/2008,AVP,PA,AEA,EN,Combined TRACON& Tower with Radar,31,24,21,0,76,0,0,7,0,7,31,24,28,0,83,0,0,0,83
02/19/2008,AVP,PA,AEA,EN,Combined TRACON& Tower with Radar,20,41,28,0,89,0,3,47,0,50,20,44,75,0,139,22,0,22,161
02/20/2008,AVP,PA,AEA,EN,Combined TRACON& Tower with Radar,30,22,32,0,84,0,1,40,0,41,30,23,72,0,125,60,0,60,185
02/21/2008,AVP,PA,AEA,EN,Combined TRACON& Tower with Radar,28,30,35,3,96,0,2,76,1,79,28,32,111,4,175,210,0,210,385
02/22/2008,AVP,PA,AEA,EN,Combined TRACON& Tower with Radar,32,21,2,0,55,0,0,0,0,0,32,21,2,0,55,0,0,0,55
02/23/2008,AVP,PA,AEA,EN,Combined TRACON& Tower with Radar,20,34,9,0,63,0,0,91,0,91,20,34,100,0,154,164,0,164,318
02/24/2008,AVP,PA,AEA,EN,Combined TRACON& Tower with Radar,22,32,37,0,91,0,4,110,0,114,22,36,147,0,205,270,0,270,475
02/25/2008,AVP,PA,AEA,EN,Combined TRACON& Tower with Radar,18,30,44,0,92,0,0,45,0,45,18,30,89,0,137,165,0,165,302
02/26/2008,AVP,PA,AEA,EN,Combined TRACON& Tower with Radar,18,25,17,0,60,0,0,0,0,0,18,25,17,0,60,0,0,0,60
02/27/2008,AVP,PA,AEA,EN,Combined TRACON& Tower with Radar,24,22,11,0,57,0,0,7,0,7,24,22,18,0,64,18,0,18,82
02/28/2008,AVP,PA,AEA,EN,Combined TRACON& Tower with Radar,23,41,26,0,90,0,0,52,0,52,23,41,78,0,142,98,0,98,240
02/29/2008,AVP,PA,AEA,EN,Combined TRACON& Tower with Radar,29,30,29,2,90,0,0,47,0,47,29,30,76,2,137,112,0,112,249
03/01/2008,AVP,PA,AEA,EN,Combined TRACON& Tower with Radar,0,4,6,0,10,15,27,19,0,61,15,31,25,0,71,0,0,0,71
03/02/2008,AVP,PA,AEA,EN,Combined TRACON& Tower with Radar,15,27,19,0,61,0,4,6,0,10,15,31,25,0,71,0,0,0,71
03/03/2008,AVP,PA,AEA,EN,Combined TRACON& Tower with Radar,22,28,17,0,67,0,3,65,0,68,22,31,82,0,135,147,0,147,282
03/04/2008,AVP,PA,AEA,EN,Combined TRACON& Tower with Radar,39,46,27,0,112,0,0,3,0,3,39,46,30,0,115,0,0,0,115
03/05/2008,AVP,PA,AEA,EN,Combined TRACON& Tower with Radar,24,25,9,0,58,0,0,15,0,15,24,25,24,0,73,10,0,10,83
03/06/2008,AVP,PA,AEA,EN,Combined TRACON& Tower with Radar,26,23,31,11,91,1,14,52,2,69,27,37,83,13,160,140,0,140,300
03/07/2008,AVP,PA,AEA,EN,Combined TRACON& Tower with Radar,40,33,19,0,92,0,3,32,0,35,40,36,51,0,127,86,0,86,213
03/08/2008,AVP,PA,AEA,EN,Combined TRACON& Tower with Radar,29,31,10,0,70,0,0,1,0,1,29,31,11,0,71,4,0,4,75
03/09/2008,AVP,PA,AEA,EN,Combined TRACON& Tower with Radar,16,28,13,0,57,0,0,33,0,33,16,28,46,0,90,22,0,22,112
03/10/2008,AVP,PA,AEA,EN,Combined TRACON& Tower with Radar,30,46,45,0,121,0,18,51,0,69,30,64,96,0,190,177,0,177,367
03/11/2008,AVP,PA,AEA,EN,Combined TRACON& Tower with Radar,25,25,19,0,69,0,6,47,2,55,25,31,66,2,124,194,0,194,318
03/12/2008,AVP,PA,AEA,EN,Combined TRACON& Tower with Radar,23,28,23,0,74,0,2,36,0,38,23,30,59,0,112,66,0,66,178
03/13/2008,AVP,PA,AEA,EN,Combined TRACON& Tower with Radar,39,22,34,0,95,0,1,39,0,40,39,23,73,0,135,96,0,96,231
03/14/2008,AVP,PA,AEA,EN,Combined TRACON& Tower with Radar,31,30,32,5,98,0,0,31,0,31,31,30,63,5,129,112,0,112,241
03/15/2008,AVP,PA,AEA,EN,Combined TRACON& Tower with Radar,35,49,41,0,125,0,15,67,0,82,35,64,108,0,207,76,0,76,283
03/16/2008,AVP,PA,AEA,EN,Combined TRACON& Tower with Radar,29,37,32,0,98,0,11,29,0,40,29,48,61,0,138,24,0,24,162
03/17/2008,AVP,PA,AEA,EN,Combined TRACON& Tower with Radar,32,24,17,0,73,0,4,44,0,48,32,28,61,0,121,147,0,147,268
03/18/2008,AVP,PA,AEA,EN,Combined TRACON& Tower with Radar,30,21,17,3,71,0,14,6,0,20,30,35,23,3,91,0,80,80,171
03/19/2008,AVP,PA,AEA,EN,Combined TRACON& Tower with Radar,20,52,13,0,85,0,0,0,0,0,20,52,13,0,85,16,0,16,101
03/20/2008,AVP,PA,AEA,EN,Combined TRACON& Tower with Radar,27,28,22,0,77,0,0,5,0,5,27,28,27,0,82,5,0,5,87
03/21/2008,AVP,PA,AEA,EN,Combined TRACON& Tower with Radar,22,29,20,0,71,0,3,11,1,15,22,32,31,1,86,4,0,4,90
03/22/2008,AVP,PA,AEA,EN,Combined TRACON& Tower with Radar,17,34,21,0,72,0,3,59,0,62,17,37,80,0,134,140,0,140,274
03/23/2008,AVP,PA,AEA,EN,Combined TRACON& Tower with Radar,31,45,42,0,118,0,16,42,0,58,31,61,84,0,176,32,0,32,208
03/24/2008,AVP,PA,AEA,EN,Combined TRACON& Tower with Radar,34,63,81,0,178,0,19,83,0,102,34,82,164,0,280,170,0,170,450
03/25/2008,AVP,PA,AEA,EN,Combined TRACON& Tower with Radar,38,18,21,0,77,0,0,64,0,64,38,18,85,0,141,122,0,122,263
03/26/2008,AVP,PA,AEA,EN,Combined TRACON& Tower with Radar,24,30,26,1,81,0,2,53,0,55,24,32,79,1,136,125,0,125,261
03/27/2008,AVP,PA,AEA,EN,Combined TRACON& Tower with Radar,22,25,22,0,69,0,5,38,0,43,22,30,60,0,112,168,0,168,280
03/28/2008,AVP,PA,AEA,EN,Combined TRACON& Tower with Radar,28,18,17,0,63,0,0,9,0,9,28,18,26,0,72,4,0,4,76
03/29/2008,AVP,PA,AEA,EN,Combined TRACON& Tower with Radar,27,35,41,0,103,0,3,89,0,92,27,38,130,0,195,189,0,189,384
03/30/2008,AVP,PA,AEA,EN,Combined TRACON& Tower with Radar,19,31,35,0,85,0,1,120,0,121,19,32,155,0,206,236,0,236,442
03/31/2008,AVP,PA,AEA,EN,Combined TRACON& Tower with Radar,32,50,66,0,148,0,20,37,0,57,32,70,103,0,205,24,0,24,229
04/01/2008,AVP,PA,AEA,EN,Combined TRACON& Tower with Radar,35,24,18,1,78,0,0,4,0,4,35,24,22,1,82,0,0,0,82
04/02/2008,AVP,PA,AEA,EN,Combined TRACON& Tower with Radar,26,27,26,0,79,0,0,33,0,33,26,27,59,0,112,36,0,36,148
04/03/2008,AVP,PA,AEA,EN,Combined TRACON& Tower with Radar,38,52,46,6,142,0,27,101,0,128,38,79,147,6,270,243,12,255,525
04/04/2008,AVP,PA,AEA,EN,Combined TRACON& Tower with Radar,31,30,22,0,83,0,0,0,0,0,31,30,22,0,83,0,0,0,83
04/05/2008,AVP,PA,AEA,EN,Combined TRACON& Tower with Radar,28,22,29,2,81,0,0,10,0,10,28,22,39,2,91,10,0,10,101
04/06/2008,AVP,PA,AEA,EN,Combined TRACON& Tower with Radar,22,21,31,7,81,0,3,49,10,62,22,24,80,17,143,114,18,132,275
04/07/2008,AVP,PA,AEA,EN,Combined TRACON& Tower with Radar,26,39,28,14,107,0,0,33,1,34,26,39,61,15,141,118,0,118,259
04/08/2008,AVP,PA,AEA,EN,Combined TRACON& Tower with Radar,26,37,49,1,113,0,4,49,0,53,26,41,98,1,166,182,0,182,348
04/09/2008,AVP,PA,AEA,EN,Combined TRACON& Tower with Radar,27,34,19,0,80,0,0,37,0,37,27,34,56,0,117,40,0,40,157
04/10/2008,AVP,PA,AEA,EN,Combined TRACON& Tower with Radar,21,27,27,0,75,0,0,61,0,61,21,27,88,0,136,134,0,134,270
04/11/2008,AVP,PA,AEA,EN,Combined TRACON& Tower with Radar,24,34,23,4,85,0,1,16,0,17,24,35,39,4,102,32,0,32,134
04/12/2008,AVP,PA,AEA,EN,Combined TRACON& Tower with Radar,34,25,24,3,86,0,10,88,4,102,34,35,112,7,188,182,14,196,384
04/13/2008,AVP,PA,AEA,EN,Combined TRACON& Tower with Radar,21,26,16,0,63,0,0,20,0,20,21,26,36,0,83,19,0,19,102
04/14/2008,AVP,PA,AEA,EN,Combined TRACON& Tower with Radar,40,39,41,0,120,0,16,73,0,89,40,55,114,0,209,122,0,122,331
04/15/2008,AVP,PA,AEA,EN,Combined TRACON& Tower with Radar,27,31,25,0,83,0,1,66,0,67,27,32,91,0,150,112,0,112,262
04/16/2008,AVP,PA,AEA,EN,Combined TRACON& Tower with Radar,16,38,33,0,87,0,0,93,0,93,16,38,126,0,180,162,0,162,342
04/17/2008,AVP,PA,AEA,EN,Combined TRACON& Tower with Radar,20,37,35,0,92,0,0,93,0,93,20,37,128,0,185,230,0,230,415
04/18/2008,AVP,PA,AEA,EN,Combined TRACON& Tower with Radar,25,44,34,0,103,0,0,88,0,88,25,44,122,0,191,158,0,158,349
04/19/2008,AVP,PA,AEA,EN,Combined TRACON& Tower with Radar,18,26,23,0,67,0,1,88,0,89,18,27,111,0,156,182,0,182,338
04/20/2008,AVP,PA,AEA,EN,Combined TRACON& Tower with Radar,24,24,23,0,71,0,2,32,0,34,24,26,55,0,105,80,0,80,185
04/21/2008,AVP,PA,AEA,EN,Combined TRACON& Tower with Radar,30,30,35,0,95,0,1,68,0,69,30,31,103,0,164,180,0,180,344
04/22/2008,AVP,PA,AEA,EN,Combined TRACON& Tower with Radar,16,35,35,3,89,0,3,93,0,96,16,38,128,3,185,234,0,234,419
04/23/2008,AVP,PA,AEA,EN,Combined TRACON& Tower with Radar,19,48,33,0,100,0,1,54,0,55,19,49,87,0,155,140,0,140,295
04/24/2008,AVP,PA,AEA,EN,Combined TRACON& Tower with Radar,20,43,29,9,101,0,0,66,1,67,20,43,95,10,168,201,0,201,369
04/25/2008,AVP,PA,AEA,EN,Combined TRACON& Tower with Radar,17,48,42,0,107,0,0,90,0,90,17,48,132,0,197,188,0,188,385
04/26/2008,AVP,PA,AEA,EN,Combined TRACON& Tower with Radar,13,25,19,0,57,0,0,50,0,50,13,25,69,0,107,63,0,63,170
04/27/2008,AVP,PA,AEA,EN,Combined TRACON& Tower with Radar,17,30,25,0,72,0,0,34,0,34,17,30,59,0,106,101,0,101,207
04/28/2008,AVP,PA,AEA,EN,Combined TRACON& Tower with Radar,39,48,20,0,107,0,11,1,0,12,39,59,21,0,119,0,0,0,119
04/29/2008,AVP,PA,AEA,EN,Combined TRACON& Tower with Radar,22,31,12,4,69,0,0,12,1,13,22,31,24,5,82,8,0,8,90
04/30/2008,AVP,PA,AEA,EN,Combined TRACON& Tower with Radar,15,44,33,0,92,0,2,84,0,86,15,46,117,0,178,181,0,181,359
05/01/2008,AVP,PA,AEA,EN,Combined TRACON& Tower with Radar,13,44,22,0,79,0,0,38,0,38,13,44,60,0,117,96,0,96,213
05/02/2008,AVP,PA,AEA,EN,Combined TRACON& Tower with Radar,16,36,22,2,76,0,0,19,0,19,16,36,41,2,95,129,0,129,224
05/03/2008,AVP,PA,AEA,EN,Combined TRACON& Tower with Radar,21,19,21,3,64,0,0,8,0,8,21,19,29,3,72,14,0,14,86
05/04/2008,AVP,PA,AEA,EN,Combined TRACON& Tower with Radar,28,32,29,4,93,0,1,38,0,39,28,33,67,4,132,96,0,96,228
05/05/2008,AVP,PA,AEA,EN,Combined TRACON& Tower with Radar,22,32,17,0,71,0,0,63,0,63,22,32,80,0,134,182,0,182,316
05/06/2008,AVP,PA,AEA,EN,Combined TRACON& Tower with Radar,23,31,19,0,73,0,0,57,0,57,23,31,76,0,130,134,0,134,264
05/07/2008,AVP,PA,AEA,EN,Combined TRACON& Tower with Radar,17,37,35,0,89,0,0,52,0,52,17,37,87,0,141,88,0,88,229
05/08/2008,AVP,PA,AEA,EN,Combined TRACON& Tower with Radar,23,31,32,0,86,0,0,17,0,17,23,31,49,0,103,42,0,42,145
05/09/2008,AVP,PA,AEA,EN,Combined TRACON& Tower with Radar,27,24,15,2,68,0,0,4,0,4,27,24,19,2,72,0,0,0,72
05/10/2008,AVP,PA,AEA,EN,Combined TRACON& Tower with Radar,10,29,13,3,55,0,0,33,0,33,10,29,46,3,88,106,0,106,194
05/11/2008,AVP,PA,AEA,EN,Combined TRACON& Tower with Radar,9,32,11,2,54,0,0,25,0,25,9,32,36,2,79,66,0,66,145
05/12/2008,AVP,PA,AEA,EN,Combined TRACON& Tower with Radar,26,21,12,0,59,0,1,4,0,5,26,22,16,0,64,0,0,0,64
05/13/2008,AVP,PA,AEA,EN,Combined TRACON& Tower with Radar,23,31,30,0,84,0,8,47,0,55,23,39,77,0,139,101,0,101,240
05/14/2008,AVP,PA,AEA,EN,Combined TRACON& Tower with Radar,29,21,23,8,81,0,0,54,0,54,29,21,77,8,135,62,0,62,197
05/15/2008,AVP,PA,AEA,EN,Combined TRACON& Tower with Radar,21,24,28,0,73,0,0,20,0,20,21,24,48,0,93,36,0,36,129
05/16/2008,AVP,PA,AEA,EN,Combined TRACON& Tower with Radar,21,25,24,0,70,0,0,0,0,0,21,25,24,0,70,0,0,0,70
05/17/2008,AVP,PA,AEA,EN,Combined TRACON& Tower with Radar,21,20,10,0,51,0,0,45,0,45,21,20,55,0,96,30,0,30,126
05/18/2008,AVP,PA,AEA,EN,Combined TRACON& Tower with Radar,20,23,18,4,65,0,1,8,0,9,20,24,26,4,74,47,0,47,121
05/19/2008,AVP,PA,AEA,EN,Combined TRACON& Tower with Radar,23,31,17,0,71,0,1,23,0,24,23,32,40,0,95,8,0,8,103
05/20/2008,AVP,PA,AEA,EN,Combined TRACON& Tower with Radar,15,38,22,1,76,0,0,29,0,29,15,38,51,1,105,58,0,58,163
05/21/2008,AVP,PA,AEA,EN,Combined TRACON& Tower with Radar,26,26,24,0,76,0,0,30,0,30,26,26,54,0,106,84,0,84,190
05/22/2008,AVP,PA,AEA,EN,Combined TRACON& Tower with Radar,20,26,23,0,69,0,0,19,0,19,20,26,42,0,88,36,0,36,124
05/23/2008,AVP,PA,AEA,EN,Combined TRACON& Tower with Radar,17,34,33,5,89,0,2,51,0,53,17,36,84,5,142,128,7,135,277
05/24/2008,AVP,PA,AEA,EN,Combined TRACON& Tower with Radar,14,34,26,0,74,0,1,51,0,52,14,35,77,0,126,78,0,78,204
05/25/2008,AVP,PA,AEA,EN,Combined TRACON& Tower with Radar,16,20,14,0,50,0,0,60,0,60,16,20,74,0,110,112,0,112,222
05/26/2008,AVP,PA,AEA,EN,Combined TRACON& Tower with Radar,21,21,21,0,63,0,0,51,0,51,21,21,72,0,114,74,0,74,188
05/27/2008,AVP,PA,AEA,EN,Combined TRACON& Tower with Radar,19,46,40,2,107,0,1,21,1,23,19,47,61,3,130,56,0,56,186
05/28/2008,AVP,PA,AEA,EN,Combined TRACON& Tower with Radar,16,37,61,1,115,0,5,48,0,53,16,42,109,1,168,90,0,90,258
05/29/2008,AVP,PA,AEA,EN,Combined TRACON& Tower with Radar,28,31,41,3,103,0,7,98,1,106,28,38,139,4,209,176,0,176,385
05/30/2008,AVP,PA,AEA,EN,Combined TRACON& Tower with Radar,17,39,58,1,115,0,0,59,1,60,17,39,117,2,175,182,0,182,357
05/31/2008,AVP,PA,AEA,EN,Combined TRACON& Tower with Radar,5,37,10,4,56,0,0,25,0,25,5,37,35,4,81,12,0,12,93
06/01/2008,AVP,PA,AEA,EN,Combined TRACON& Tower with Radar,17,18,14,0,49,0,0,36,0,36,17,18,50,0,85,74,0,74,159
06/02/2008,AVP,PA,AEA,EN,Combined TRACON& Tower with Radar,28,16,23,0,67,0,1,52,4,57,28,17,75,4,124,46,0,46,170
06/03/2008,AVP,PA,AEA,EN,Combined TRACON& Tower with Radar,21,28,34,6,89,0,3,41,0,44,21,31,75,6,133,96,12,108,241
06/04/2008,AVP,PA,AEA,EN,Combined TRACON& Tower with Radar,18,29,14,2,63,0,0,2,0,2,18,29,16,2,65,0,0,0,65
06/05/2008,AVP,PA,AEA,EN,Combined TRACON& Tower with Radar,30,40,65,0,135,0,0,45,0,45,30,40,110,0,180,54,0,54,234
06/06/2008,AVP,PA,AEA,EN,Combined TRACON& Tower with Radar,13,31,48,0,92,0,3,30,0,33,13,34,78,0,125,38,0,38,163
06/07/2008,AVP,PA,AEA,EN,Combined TRACON& Tower with Radar,20,32,28,3,83,0,3,47,0,50,20,35,75,3,133,94,34,128,261
06/08/2008,AVP,PA,AEA,EN,Combined TRACON& Tower with Radar,24,51,92,3,170,0,0,57,0,57,24,51,149,3,227,188,0,188,415
06/09/2008,AVP,PA,AEA,EN,Combined TRACON& Tower with Radar,20,32,21,0,73,0,6,52,0,58,20,38,73,0,131,132,0,132,263
06/10/2008,AVP,PA,AEA,EN,Combined TRACON& Tower with Radar,22,36,17,1,76,0,0,12,0,12,22,36,29,1,88,22,0,22,110
06/11/2008,AVP,PA,AEA,EN,Combined TRACON& Tower with Radar,26,30,37,0,93,0,1,57,0,58,26,31,94,0,151,102,0,102,253
06/12/2008,AVP,PA,AEA,EN,Combined TRACON& Tower with Radar,16,23,38,0,77,0,0,82,1,83,16,23,120,1,160,220,0,220,380
06/13/2008,AVP,PA,AEA,EN,Combined TRACON& Tower with Radar,16,40,30,0,86,0,1,62,0,63,16,41,92,0,149,124,0,124,273
06/14/2008,AVP,PA,AEA,EN,Combined TRACON& Tower with Radar,26,26,29,0,81,0,2,6,0,8,26,28,35,0,89,12,0,12,101
06/15/2008,AVP,PA,AEA,EN,Combined TRACON& Tower with Radar,21,13,16,0,50,0,0,26,0,26,21,13,42,0,76,98,0,98,174
06/16/2008,AVP,PA,AEA,EN,Combined TRACON& Tower with Radar,29,18,20,0,67,0,0,27,0,27,29,18,47,0,94,80,0,80,174
06/17/2008,AVP,PA,AEA,EN,Combined TRACON& Tower with Radar,17,28,21,3,69,0,0,16,0,16,17,28,37,3,85,58,0,58,143
06/18/2008,AVP,PA,AEA,EN,Combined TRACON& Tower with Radar,23,33,25,0,81,0,1,27,0,28,23,34,52,0,109,56,0,56,165
06/19/2008,AVP,PA,AEA,EN,Combined TRACON& Tower with Radar,19,39,27,0,85,0,0,46,0,46,19,39,73,0,131,140,0,140,271
06/20/2008,AVP,PA,AEA,EN,Combined TRACON& Tower with Radar,26,21,19,0,66,0,0,34,0,34,26,21,53,0,100,85,0,85,185
06/21/2008,AVP,PA,AEA,EN,Combined TRACON& Tower with Radar,11,32,16,0,59,0,0,34,0,34,11,32,50,0,93,146,0,146,239
06/22/2008,AVP,PA,AEA,EN,Combined TRACON& Tower with Radar,29,12,8,0,49,0,0,13,0,13,29,12,21,0,62,26,0,26,88
06/23/2008,AVP,PA,AEA,EN,Combined TRACON& Tower with Radar,24,18,20,1,63,0,2,24,1,27,24,20,44,2,90,34,0,34,124
06/24/2008,AVP,PA,AEA,EN,Combined TRACON& Tower with Radar,12,35,16,4,67,0,0,27,0,27,12,35,43,4,94,46,0,46,140
06/25/2008,AVP,PA,AEA,EN,Combined TRACON& Tower with Radar,22,22,19,0,63,0,3,71,0,74,22,25,90,0,137,174,0,174,311
06/26/2008,AVP,PA,AEA,EN,Combined TRACON& Tower with Radar,18,27,49,2,96,0,0,21,0,21,18,27,70,2,117,88,0,88,205
06/27/2008,AVP,PA,AEA,EN,Combined TRACON& Tower with Radar,22,35,24,0,81,0,3,51,0,54,22,38,75,0,135,121,0,121,256
06/28/2008,AVP,PA,AEA,EN,Combined TRACON& Tower with Radar,22,18,28,0,68,0,0,29,0,29,22,18,57,0,97,90,0,90,187
06/29/2008,AVP,PA,AEA,EN,Combined TRACON& Tower with Radar,32,18,24,0,74,0,0,28,0,28,32,18,52,0,102,56,0,56,158
06/30/2008,AVP,PA,AEA,EN,Combined TRACON& Tower with Radar,24,36,18,0,78,0,0,30,0,30,24,36,48,0,108,102,0,102,210
07/01/2008,AVP,PA,AEA,EN,Combined TRACON& Tower with Radar,25,27,26,2,80,0,4,44,1,49,25,31,70,3,129,108,0,108,237
07/02/2008,AVP,PA,AEA,EN,Combined TRACON& Tower with Radar,19,28,33,0,80,0,4,60,0,64,19,32,93,0,144,100,0,100,244
07/03/2008,AVP,PA,AEA,EN,Combined TRACON& Tower with Radar,13,37,20,1,71,0,2,34,0,36,13,39,54,1,107,58,0,58,165
07/04/2008,AVP,PA,AEA,EN,Combined TRACON& Tower with Radar,17,23,18,0,58,0,0,20,0,20,17,23,38,0,78,4,0,4,82
07/05/2008,AVP,PA,AEA,EN,Combined TRACON& Tower with Radar,15,29,15,0,59,0,0,16,0,16,15,29,31,0,75,54,0,54,129
07/06/2008,AVP,PA,AEA,EN,Combined TRACON& Tower with Radar,31,12,23,0,66,0,2,35,0,37,31,14,58,0,103,30,0,30,133
07/07/2008,AVP,PA,AEA,EN,Combined TRACON& Tower with Radar,16,32,19,0,67,0,1,22,0,23,16,33,41,0,90,32,0,32,122
07/08/2008,AVP,PA,AEA,EN,Combined TRACON& Tower with Radar,36,30,34,8,108,0,0,56,0,56,36,30,90,8,164,51,16,67,231
07/09/2008,AVP,PA,AEA,EN,Combined TRACON& Tower with Radar,30,36,25,0,91,0,0,21,0,21,30,36,46,0,112,28,0,28,140
07/10/2008,AVP,PA,AEA,EN,Combined TRACON& Tower with Radar,23,29,35,1,88,0,1,62,0,63,23,30,97,1,151,76,0,76,227
07/11/2008,AVP,PA,AEA,EN,Combined TRACON& Tower with Radar,25,27,40,4,96,0,2,76,0,78,25,29,116,4,174,94,0,94,268
07/12/2008,AVP,PA,AEA,EN,Combined TRACON& Tower with Radar,22,30,23,17,92,0,4,67,0,71,22,34,90,17,163,116,0,116,279
07/13/2008,AVP,PA,AEA,EN,Combined TRACON& Tower with Radar,14,36,27,0,77,0,5,27,0,32,14,41,54,0,109,6,0,6,115
07/14/2008,AVP,PA,AEA,EN,Combined TRACON& Tower with Radar,25,42,31,0,98,0,2,32,0,34,25,44,63,0,132,96,0,96,228
07/15/2008,AVP,PA,AEA,EN,Combined TRACON& Tower with Radar,16,35,29,0,80,0,1,71,0,72,16,36,100,0,152,160,0,160,312
07/16/2008,AVP,PA,AEA,EN,Combined TRACON& Tower with Radar,24,35,24,0,83,0,2,34,0,36,24,37,58,0,119,58,0,58,177
07/17/2008,AVP,PA,AEA,EN,Combined TRACON& Tower with Radar,25,43,48,8,124,0,0,39,0,39,25,43,87,8,163,92,0,92,255
07/18/2008,AVP,PA,AEA,EN,Combined TRACON& Tower with Radar,27,32,36,1,96,0,2,43,0,45,27,34,79,1,141,94,0,94,235
07/19/2008,AVP,PA,AEA,EN,Combined TRACON& Tower with Radar,9,38,37,0,84,0,0,38,0,38,9,38,75,0,122,70,0,70,192
07/20/2008,AVP,PA,AEA,EN,Combined TRACON& Tower with Radar,18,24,15,0,57,0,2,19,0,21,18,26,34,0,78,48,0,48,126
07/21/2008,AVP,PA,AEA,EN,Combined TRACON& Tower with Radar,14,34,24,1,73,0,1,16,0,17,14,35,40,1,90,30,0,30,120
07/22/2008,AVP,PA,AEA,EN,Combined TRACON& Tower with Radar,9,42,16,0,67,0,6,47,2,55,9,48,63,2,122,144,8,152,274
07/23/2008,AVP,PA,AEA,EN,Combined TRACON& Tower with Radar,17,35,22,0,74,0,0,5,0,5,17,35,27,0,79,0,0,0,79
07/24/2008,AVP,PA,AEA,EN,Combined TRACON& Tower with Radar,17,23,27,0,67,0,0,33,0,33,17,23,60,0,100,54,0,54,154
07/25/2008,AVP,PA,AEA,EN,Combined TRACON& Tower with Radar,21,20,19,0,60,0,2,60,0,62,21,22,79,0,122,140,0,140,262
07/26/2008,AVP,PA,AEA,EN,Combined TRACON& Tower with Radar,13,33,23,0,69,0,4,41,0,45,13,37,64,0,114,128,0,128,242
07/27/2008,AVP,PA,AEA,EN,Combined TRACON& Tower with Radar,19,28,21,0,68,0,0,16,0,16,19,28,37,0,84,56,0,56,140
07/28/2008,AVP,PA,AEA,EN,Combined TRACON& Tower with Radar,14,19,17,0,50,0,0,27,0,27,14,19,44,0,77,62,0,62,139
07/29/2008,AVP,PA,AEA,EN,Combined TRACON& Tower with Radar,18,27,20,0,65,0,2,52,0,54,18,29,72,0,119,108,0,108,227
07/30/2008,AVP,PA,AEA,EN,Combined TRACON& Tower with Radar,25,30,28,0,83,0,0,45,0,45,25,30,73,0,128,86,0,86,214
07/31/2008,AVP,PA,AEA,EN,Combined TRACON& Tower with Radar,27,32,52,0,111,0,1,41,0,42,27,33,93,0,153,84,0,84,237
08/01/2008,AVP,PA,AEA,EN,Combined TRACON& Tower with Radar,24,29,41,2,96,0,0,46,0,46,24,29,87,2,142,68,0,68,210
08/02/2008,AVP,PA,AEA,EN,Combined TRACON& Tower with Radar,12,33,40,1,86,0,3,13,0,16,12,36,53,1,102,46,0,46,148
08/03/2008,AVP,PA,AEA,EN,Combined TRACON& Tower with Radar,14,40,61,4,119,0,2,67,1,70,14,42,128,5,189,24,0,24,213
08/04/2008,AVP,PA,AEA,EN,Combined TRACON& Tower with Radar,16,30,28,0,74,0,9,39,0,48,16,39,67,0,122,120,0,120,242
08/05/2008,AVP,PA,AEA,EN,Combined TRACON& Tower with Radar,22,24,38,0,84,0,2,33,0,35,22,26,71,0,119,90,0,90,209
08/06/2008,AVP,PA,AEA,EN,Combined TRACON& Tower with Radar,25,32,30,0,87,0,0,24,0,24,25,32,54,0,111,80,0,80,191
08/07/2008,AVP,PA,AEA,EN,Combined TRACON& Tower with Radar,11,37,36,0,84,0,2,27,0,29,11,39,63,0,113,46,0,46,159
08/08/2008,AVP,PA,AEA,EN,Combined TRACON& Tower with Radar,29,20,17,0,66,0,0,18,0,18,29,20,35,0,84,12,0,12,96
08/09/2008,AVP,PA,AEA,EN,Combined TRACON& Tower with Radar,10,42,33,0,85,0,0,67,0,67,10,42,100,0,152,114,0,114,266
08/10/2008,AVP,PA,AEA,EN,Combined TRACON& Tower with Radar,30,11,9,0,50,0,0,9,0,9,30,11,18,0,59,0,0,0,59
08/11/2008,AVP,PA,AEA,EN,Combined TRACON& Tower with Radar,31,15,13,0,59,0,1,9,0,10,31,16,22,0,69,2,0,2,71
08/12/2008,AVP,PA,AEA,EN,Combined TRACON& Tower with Radar,30,36,23,0,89,0,2,35,0,37,30,38,58,0,126,34,0,34,160
08/13/2008,AVP,PA,AEA,EN,Combined TRACON& Tower with Radar,24,35,22,0,81,0,0,36,0,36,24,35,58,0,117,24,0,24,141
08/14/2008,AVP,PA,AEA,EN,Combined TRACON& Tower with Radar,22,30,30,0,82,0,0,16,0,16,22,30,46,0,98,22,0,22,120
08/15/2008,AVP,PA,AEA,EN,Combined TRACON& Tower with Radar,25,32,43,1,101,0,0,33,1,34,25,32,76,2,135,44,0,44,179
08/16/2008,AVP,PA,AEA,EN,Combined TRACON& Tower with Radar,5,31,15,0,51,0,2,44,0,46,5,33,59,0,97,48,0,48,145
08/17/2008,AVP,PA,AEA,EN,Combined TRACON& Tower with Radar,22,11,24,0,57,2,15,38,0,55,24,26,62,0,112,54,0,54,166
08/18/2008,AVP,PA,AEA,EN,Combined TRACON& Tower with Radar,17,30,27,4,78,0,0,40,0,40,17,30,67,4,118,58,0,58,176
08/19/2008,AVP,PA,AEA,EN,Combined TRACON& Tower with Radar,23,34,39,2,98,0,3,32,0,35,23,37,71,2,133,110,0,110,243
08/20/2008,AVP,PA,AEA,EN,Combined TRACON& Tower with Radar,16,25,34,0,75,0,4,47,0,51,16,29,81,0,126,120,0,120,246
08/21/2008,AVP,PA,AEA,EN,Combined TRACON& Tower with Radar,14,33,25,0,72,0,1,56,0,57,14,34,81,0,129,128,0,128,257
08/22/2008,AVP,PA,AEA,EN,Combined TRACON& Tower with Radar,24,26,27,0,77,0,4,42,0,46,24,30,69,0,123,96,0,96,219
08/23/2008,AVP,PA,AEA,EN,Combined TRACON& Tower with Radar,16,37,21,0,74,0,2,57,0,59,16,39,78,0,133,114,0,114,247
08/24/2008,AVP,PA,AEA,EN,Combined TRACON& Tower with Radar,27,21,14,0,62,0,0,31,0,31,27,21,45,0,93,112,0,112,205
08/25/2008,AVP,PA,AEA,EN,Combined TRACON& Tower with Radar,19,23,13,2,57,0,1,44,0,45,19,24,57,2,102,71,0,71,173
08/26/2008,AVP,PA,AEA,EN,Combined TRACON& Tower with Radar,22,23,23,0,68,0,3,60,0,63,22,26,83,0,131,103,0,103,234
08/27/2008,AVP,PA,AEA,EN,Combined TRACON& Tower with Radar,8,38,13,0,59,0,1,42,0,43,8,39,55,0,102,20,0,20,122
08/28/2008,AVP,PA,AEA,EN,Combined TRACON& Tower with Radar,15,28,26,0,69,0,0,21,1,22,15,28,47,1,91,12,0,12,103
08/29/2008,AVP,PA,AEA,EN,Combined TRACON& Tower with Radar,10,26,37,2,75,0,0,17,0,17,10,26,54,2,92,8,0,8,100
08/30/2008,AVP,PA,AEA,EN,Combined TRACON& Tower with Radar,10,20,15,0,45,0,0,5,0,5,10,20,20,0,50,33,0,33,83
08/31/2008,AVP,PA,AEA,EN,Combined TRACON& Tower with Radar,8,23,11,0,42,0,0,42,0,42,8,23,53,0,84,34,0,34,118
09/01/2008,AVP,PA,AEA,EN,Combined TRACON& Tower with Radar,20,33,21,0,74,0,0,44,0,44,20,33,65,0,118,128,0,128,246
09/02/2008,AVP,PA,AEA,EN,Combined TRACON& Tower with Radar,19,24,16,0,59,2,1,36,0,39,21,25,52,0,98,56,0,56,154
09/03/2008,AVP,PA,AEA,EN,Combined TRACON& Tower with Radar,17,36,49,0,102,0,0,45,0,45,17,36,94,0,147,60,0,60,207
09/04/2008,AVP,PA,AEA,EN,Combined TRACON& Tower with Radar,18,41,36,1,96,0,1,53,0,54,18,42,89,1,150,78,0,78,228
09/05/2008,AVP,PA,AEA,EN,Combined TRACON& Tower with Radar,18,47,43,1,109,0,0,56,0,56,18,47,99,1,165,68,0,68,233
09/06/2008,AVP,PA,AEA,EN,Combined TRACON& Tower with Radar,18,28,12,0,58,0,2,3,0,5,18,30,15,0,63,0,0,0,63
09/07/2008,AVP,PA,AEA,EN,Combined TRACON& Tower with Radar,24,35,22,2,83,0,0,49,0,49,24,35,71,2,132,124,0,124,256
09/08/2008,AVP,PA,AEA,EN,Combined TRACON& Tower with Radar,22,29,15,0,66,0,1,56,0,57,22,30,71,0,123,72,0,72,195
09/09/2008,AVP,PA,AEA,EN,Combined TRACON& Tower with Radar,12,27,17,0,56,0,0,2,1,3,12,27,19,1,59,0,0,0,59
09/10/2008,AVP,PA,AEA,EN,Combined TRACON& Tower with Radar,6,42,34,2,84,0,0,35,1,36,6,42,69,3,120,120,0,120,240
09/11/2008,AVP,PA,AEA,EN,Combined TRACON& Tower with Radar,21,34,34,0,89,0,0,50,0,50,21,34,84,0,139,72,0,72,211
09/12/2008,AVP,PA,AEA,EN,Combined TRACON& Tower with Radar,25,22,17,0,64,0,0,0,0,0,25,22,17,0,64,0,0,0,64
09/13/2008,AVP,PA,AEA,EN,Combined TRACON& Tower with Radar,11,36,17,0,64,0,0,29,0,29,11,36,46,0,93,38,0,38,131
09/14/2008,AVP,PA,AEA,EN,Combined TRACON& Tower with Radar,23,21,13,0,57,0,0,33,0,33,23,21,46,0,90,128,0,128,218
09/15/2008,AVP,PA,AEA,EN,Combined TRACON& Tower with Radar,19,39,14,0,72,0,4,11,5,20,19,43,25,5,92,30,0,30,122
09/16/2008,AVP,PA,AEA,EN,Combined TRACON& Tower with Radar,26,39,30,0,95,0,7,37,1,45,26,46,67,1,140,102,0,102,242
09/17/2008,AVP,PA,AEA,EN,Combined TRACON& Tower with Radar,31,32,22,9,94,0,0,47,19,66,31,32,69,28,160,82,0,82,242
09/18/2008,AVP,PA,AEA,EN,Combined TRACON& Tower with Radar,19,38,31,6,94,0,0,55,12,67,19,38,86,18,161,122,0,122,283
09/19/2008,AVP,PA,AEA,EN,Combined TRACON& Tower with Radar,24,36,34,0,94,0,0,47,0,47,24,36,81,0,141,118,0,118,259
09/20/2008,AVP,PA,AEA,EN,Combined TRACON& Tower with Radar,24,29,17,0,70,0,1,61,0,62,24,30,78,0,132,142,0,142,274
09/21/2008,AVP,PA,AEA,EN,Combined TRACON& Tower with Radar,25,25,25,1,76,0,6,59,0,65,25,31,84,1,141,100,0,100,241
09/22/2008,AVP,PA,AEA,EN,Combined TRACON& Tower with Radar,22,30,23,0,75,0,2,23,0,25,22,32,46,0,100,26,0,26,126
09/23/2008,AVP,PA,AEA,EN,Combined TRACON& Tower with Radar,26,22,40,4,92,0,3,50,1,54,26,25,90,5,146,80,0,80,226
09/24/2008,AVP,PA,AEA,EN,Combined TRACON& Tower with Radar,22,23,38,1,84,0,0,53,0,53,22,23,91,1,137,76,0,76,213
09/25/2008,AVP,PA,AEA,EN,Combined TRACON& Tower with Radar,24,26,21,0,71,0,1,24,0,25,24,27,45,0,96,32,0,32,128
09/26/2008,AVP,PA,AEA,EN,Combined TRACON& Tower with Radar,21,27,12,0,60,0,1,1,0,2,21,28,13,0,62,0,0,0,62
09/27/2008,AVP,PA,AEA,EN,Combined TRACON& Tower with Radar,18,25,19,0,62,0,0,0,0,0,18,25,19,0,62,10,0,10,72
09/28/2008,AVP,PA,AEA,EN,Combined TRACON& Tower with Radar,16,27,18,0,61,0,0,0,0,0,16,27,18,0,61,2,0,2,63
09/29/2008,AVP,PA,AEA,EN,Combined TRACON& Tower with Radar,23,36,17,3,79,0,0,32,0,32,23,36,49,3,111,46,0,46,157
09/30/2008,AVP,PA,AEA,EN,Combined TRACON& Tower with Radar,20,31,14,0,65,1,0,26,0,27,21,31,40,0,92,72,0,72,164
10/01/2008,AVP,PA,AEA,EN,Combined TRACON& Tower with Radar,21,33,24,0,78,0,1,8,0,9,21,34,32,0,87,24,0,24,111
10/02/2008,AVP,PA,AEA,EN,Combined TRACON& Tower with Radar,27,20,18,0,65,0,0,14,0,14,27,20,32,0,79,6,0,6,85
10/03/2008,AVP,PA,AEA,EN,Combined TRACON& Tower with Radar,19,30,17,2,68,0,2,24,0,26,19,32,41,2,94,46,0,46,140
10/04/2008,AVP,PA,AEA,EN,Combined TRACON& Tower with Radar,8,37,36,0,81,0,1,39,4,44,8,38,75,4,125,102,10,112,237
10/05/2008,AVP,PA,AEA,EN,Combined TRACON& Tower with Radar,22,18,21,2,63,0,1,55,0,56,22,19,76,2,119,44,0,44,163
10/06/2008,AVP,PA,AEA,EN,Combined TRACON& Tower with Radar,14,28,25,0,67,0,0,42,0,42,14,28,67,0,109,56,0,56,165
10/07/2008,AVP,PA,AEA,EN,Combined TRACON& Tower with Radar,29,20,23,0,72,1,0,36,0,37,30,20,59,0,109,124,0,124,233
10/08/2008,AVP,PA,AEA,EN,Combined TRACON& Tower with Radar,26,15,30,2,73,0,0,40,0,40,26,15,70,2,113,76,0,76,189
10/09/2008,AVP,PA,AEA,EN,Combined TRACON& Tower with Radar,13,33,10,1,57,0,2,34,1,37,13,35,44,2,94,56,0,56,150
10/10/2008,AVP,PA,AEA,EN,Combined TRACON& Tower with Radar,15,25,14,2,56,0,0,39,0,39,15,25,53,2,95,64,0,64,159
10/11/2008,AVP,PA,AEA,EN,Combined TRACON& Tower with Radar,15,23,13,0,51,0,0,50,0,50,15,23,63,0,101,92,0,92,193
10/12/2008,AVP,PA,AEA,EN,Combined TRACON& Tower with Radar,23,19,21,0,63,0,2,65,0,67,23,21,86,0,130,140,0,140,270
10/13/2008,AVP,PA,AEA,EN,Combined TRACON& Tower with Radar,21,35,24,1,81,0,1,45,0,46,21,36,69,1,127,74,0,74,201
10/14/2008,AVP,PA,AEA,EN,Combined TRACON& Tower with Radar,27,25,30,0,82,0,0,35,0,35,27,25,65,0,117,56,0,56,173
10/15/2008,AVP,PA,AEA,EN,Combined TRACON& Tower with Radar,10,50,39,1,100,0,1,54,5,60,10,51,93,6,160,92,0,92,252
10/16/2008,AVP,PA,AEA,EN,Combined TRACON& Tower with Radar,13,34,17,2,66,0,1,6,0,7,13,35,23,2,73,14,0,14,87
10/17/2008,AVP,PA,AEA,EN,Combined TRACON& Tower with Radar,25,15,17,1,58,0,4,48,1,53,25,19,65,2,111,96,0,96,207
10/18/2008,AVP,PA,AEA,EN,Combined TRACON& Tower with Radar,21,16,26,0,63,0,0,34,0,34,21,16,60,0,97,57,0,57,154
10/19/2008,AVP,PA,AEA,EN,Combined TRACON& Tower with Radar,22,17,14,0,53,0,1,41,0,42,22,18,55,0,95,118,0,118,213
10/20/2008,AVP,PA,AEA,EN,Combined TRACON& Tower with Radar,23,36,26,0,85,0,0,41,0,41,23,36,67,0,126,68,0,68,194
10/21/2008,AVP,PA,AEA,EN,Combined TRACON& Tower with Radar,0,39,11,0,50,0,0,11,0,11,0,39,22,0,61,0,0,0,61
10/22/2008,AVP,PA,AEA,EN,Combined TRACON& Tower with Radar,17,26,18,2,63,0,3,13,0,16,17,29,31,2,79,0,0,0,79
10/23/2008,AVP,PA,AEA,EN,Combined TRACON& Tower with Radar,21,34,29,0,84,0,4,49,0,53,21,38,78,0,137,66,0,66,203
10/24/2008,AVP,PA,AEA,EN,Combined TRACON& Tower with Radar,19,29,18,0,66,0,1,55,0,56,19,30,73,0,122,58,0,58,180
10/25/2008,AVP,PA,AEA,EN,Combined TRACON& Tower with Radar,16,23,4,0,43,0,2,0,0,2,16,25,4,0,45,0,0,0,45
10/26/2008,AVP,PA,AEA,EN,Combined TRACON& Tower with Radar,13,27,23,0,63,0,0,37,0,37,13,27,60,0,100,67,0,67,167
10/27/2008,AVP,PA,AEA,EN,Combined TRACON& Tower with Radar,25,22,12,0,59,0,1,33,0,34,25,23,45,0,93,34,0,34,127
10/28/2008,AVP,PA,AEA,EN,Combined TRACON& Tower with Radar,16,24,13,0,53,0,0,0,0,0,16,24,13,0,53,0,0,0,53
10/29/2008,AVP,PA,AEA,EN,Combined TRACON& Tower with Radar,26,18,8,0,52,0,1,10,0,11,26,19,18,0,63,32,0,32,95
10/30/2008,AVP,PA,AEA,EN,Combined TRACON& Tower with Radar,21,24,16,0,61,2,1,30,0,33,23,25,46,0,94,51,0,51,145
10/31/2008,AVP,PA,AEA,EN,Combined TRACON& Tower with Radar,21,28,16,2,67,0,0,38,0,38,21,28,54,2,105,10,0,10,115
11/01/2008,AVP,PA,AEA,EN,Combined TRACON& Tower with Radar,25,22,15,0,62,0,4,36,0,40,25,26,51,0,102,64,0,64,166
11/02/2008,AVP,PA,AEA,EN,Combined TRACON& Tower with Radar,14,32,13,2,61,0,0,44,0,44,14,32,57,2,105,91,0,91,196
11/03/2008,AVP,PA,AEA,EN,Combined TRACON& Tower with Radar,30,22,18,0,70,0,0,9,1,10,30,22,27,1,80,10,0,10,90
11/04/2008,AVP,PA,AEA,EN,Combined TRACON& Tower with Radar,16,27,24,0,67,0,0,12,0,12,16,27,36,0,79,22,0,22,101
11/05/2008,AVP,PA,AEA,EN,Combined TRACON& Tower with Radar,19,24,16,0,59,0,0,17,0,17,19,24,33,0,76,66,0,66,142
11/06/2008,AVP,PA,AEA,EN,Combined TRACON& Tower with Radar,12,35,21,0,68,0,3,11,0,14,12,38,32,0,82,28,0,28,110
11/07/2008,AVP,PA,AEA,EN,Combined TRACON& Tower with Radar,20,23,17,0,60,0,0,8,7,15,20,23,25,7,75,16,0,16,91
11/08/2008,AVP,PA,AEA,EN,Combined TRACON& Tower with Radar,22,15,14,0,51,0,0,9,0,9,22,15,23,0,60,24,0,24,84
11/09/2008,AVP,PA,AEA,EN,Combined TRACON& Tower with Radar,19,18,16,0,53,0,3,25,0,28,19,21,41,0,81,26,0,26,107
11/10/2008,AVP,PA,AEA,EN,Combined TRACON& Tower with Radar,22,24,7,5,58,0,0,32,0,32,22,24,39,5,90,36,0,36,126
11/11/2008,AVP,PA,AEA,EN,Combined TRACON& Tower with Radar,18,32,19,0,69,0,8,38,0,46,18,40,57,0,115,141,0,141,256
11/12/2008,AVP,PA,AEA,EN,Combined TRACON& Tower with Radar,30,19,27,0,76,0,2,41,0,43,30,21,68,0,119,63,0,63,182
11/13/2008,AVP,PA,AEA,EN,Combined TRACON& Tower with Radar,17,26,11,0,54,0,0,7,0,7,17,26,18,0,61,3,0,3,64
11/14/2008,AVP,PA,AEA,EN,Combined TRACON& Tower with Radar,15,30,5,2,52,0,0,9,0,9,15,30,14,2,61,40,0,40,101
11/15/2008,AVP,PA,AEA,EN,Combined TRACON& Tower with Radar,19,24,17,0,60,0,2,0,0,2,19,26,17,0,62,2,0,2,64
11/16/2008,AVP,PA,AEA,EN,Combined TRACON& Tower with Radar,19,23,9,0,51,0,0,3,0,3,19,23,12,0,54,6,0,6,60
11/17/2008,AVP,PA,AEA,EN,Combined TRACON& Tower with Radar,27,16,19,0,62,0,0,28,0,28,27,16,47,0,90,82,0,82,172
11/18/2008,AVP,PA,AEA,EN,Combined TRACON& Tower with Radar,12,33,16,0,61,0,2,3,0,5,12,35,19,0,66,2,0,2,68
11/19/2008,AVP,PA,AEA,EN,Combined TRACON& Tower with Radar,14,35,28,0,77,0,2,34,0,36,14,37,62,0,113,70,0,70,183
11/20/2008,AVP,PA,AEA,EN,Combined TRACON& Tower with Radar,21,32,14,0,67,0,4,11,0,15,21,36,25,0,82,43,0,43,125
11/21/2008,AVP,PA,AEA,EN,Combined TRACON& Tower with Radar,16,13,12,0,41,0,0,20,0,20,16,13,32,0,61,30,0,30,91
11/22/2008,AVP,PA,AEA,EN,Combined TRACON& Tower with Radar,15,17,6,0,38,0,2,15,0,17,15,19,21,0,55,12,0,12,67
11/23/2008,AVP,PA,AEA,EN,Combined TRACON& Tower with Radar,19,27,8,3,57,0,3,28,0,31,19,30,36,3,88,65,22,87,175
11/24/2008,AVP,PA,AEA,EN,Combined TRACON& Tower with Radar,22,25,18,0,65,0,9,22,0,31,22,34,40,0,96,39,0,39,135
11/25/2008,AVP,PA,AEA,EN,Combined TRACON& Tower with Radar,27,20,10,0,57,0,0,0,0,0,27,20,10,0,57,0,0,0,57
11/26/2008,AVP,PA,AEA,EN,Combined TRACON& Tower with Radar,15,27,11,0,53,0,1,7,0,8,15,28,18,0,61,0,0,0,61
11/27/2008,AVP,PA,AEA,EN,Combined TRACON& Tower with Radar,9,14,3,0,26,0,0,6,0,6,9,14,9,0,32,27,0,27,59
11/28/2008,AVP,PA,AEA,EN,Combined TRACON& Tower with Radar,4,30,9,0,43,0,0,16,0,16,4,30,25,0,59,34,0,34,93
11/29/2008,AVP,PA,AEA,EN,Combined TRACON& Tower with Radar,15,21,17,0,53,0,0,33,0,33,15,21,50,0,86,93,0,93,179
11/30/2008,AVP,PA,AEA,EN,Combined TRACON& Tower with Radar,12,25,3,0,40,0,0,0,0,0,12,25,3,0,40,0,0,0,40
12/01/2008,AVP,PA,AEA,EN,Combined TRACON& Tower with Radar,12,43,12,0,67,0,0,8,1,9,12,43,20,1,76,58,0,58,134
12/02/2008,AVP,PA,AEA,EN,Combined TRACON& Tower with Radar,2,45,17,3,67,0,2,33,0,35,2,47,50,3,102,54,2,56,158
12/03/2008,AVP,PA,AEA,EN,Combined TRACON& Tower with Radar,16,25,16,3,60,0,1,32,1,34,16,26,48,4,94,90,0,90,184
12/04/2008,AVP,PA,AEA,EN,Combined TRACON& Tower with Radar,6,31,15,0,52,0,2,3,0,5,6,33,18,0,57,16,0,16,73
12/05/2008,AVP,PA,AEA,EN,Combined TRACON& Tower with Radar,8,31,16,4,59,0,3,16,1,20,8,34,32,5,79,40,10,50,129
12/06/2008,AVP,PA,AEA,EN,Combined TRACON& Tower with Radar,3,31,21,0,55,0,1,37,2,40,3,32,58,2,95,4,0,4,99
12/07/2008,AVP,PA,AEA,EN,Combined TRACON& Tower with Radar,7,32,6,2,47,0,0,5,0,5,7,32,11,2,52,0,0,0,52
12/08/2008,AVP,PA,AEA,EN,Combined TRACON& Tower with Radar,13,26,12,0,51,0,0,23,0,23,13,26,35,0,74,40,0,40,114
12/09/2008,AVP,PA,AEA,EN,Combined TRACON& Tower with Radar,12,39,14,0,65,0,2,15,0,17,12,41,29,0,82,6,0,6,88
12/10/2008,AVP,PA,AEA,EN,Combined TRACON& Tower with Radar,20,23,8,0,51,0,0,0,0,0,20,23,8,0,51,0,0,0,51
12/11/2008,AVP,PA,AEA,EN,Combined TRACON& Tower with Radar,1,37,3,0,41,0,0,0,0,0,1,37,3,0,41,0,0,0,41
12/12/2008,AVP,PA,AEA,EN,Combined TRACON& Tower with Radar,15,27,8,0,50,0,2,6,0,8,15,29,14,0,58,10,0,10,68
12/13/2008,AVP,PA,AEA,EN,Combined TRACON& Tower with Radar,6,27,19,0,52,0,0,26,0,26,6,27,45,0,78,120,0,120,198
12/14/2008,AVP,PA,AEA,EN,Combined TRACON& Tower with Radar,10,25,17,0,52,0,2,35,1,38,10,27,52,1,90,135,0,135,225
12/15/2008,AVP,PA,AEA,EN,Combined TRACON& Tower with Radar,10,27,9,5,51,0,1,3,0,4,10,28,12,5,55,14,0,14,69
12/16/2008,AVP,PA,AEA,EN,Combined TRACON& Tower with Radar,8,28,6,2,44,0,1,19,0,20,8,29,25,2,64,50,0,50,114
12/17/2008,AVP,PA,AEA,EN,Combined TRACON& Tower with Radar,15,31,6,0,52,0,0,0,0,0,15,31,6,0,52,0,0,0,52
12/18/2008,AVP,PA,AEA,EN,Combined TRACON& Tower with Radar,3,49,23,1,76,0,0,31,0,31,3,49,54,1,107,60,0,60,167
12/19/2008,AVP,PA,AEA,EN,Combined TRACON& Tower with Radar,5,17,2,0,24,0,0,2,0,2,5,17,4,0,26,0,0,0,26
12/20/2008,AVP,PA,AEA,EN,Combined TRACON& Tower with Radar,11,21,7,0,39,0,1,4,0,5,11,22,11,0,44,4,0,4,48
12/21/2008,AVP,PA,AEA,EN,Combined TRACON& Tower with Radar,8,25,3,0,36,0,2,1,0,3,8,27,4,0,39,0,0,0,39
12/22/2008,AVP,PA,AEA,EN,Combined TRACON& Tower with Radar,14,26,5,0,45,0,1,5,0,6,14,27,10,0,51,0,0,0,51
12/23/2008,AVP,PA,AEA,EN,Combined TRACON& Tower with Radar,14,31,19,2,66,0,1,38,0,39,14,32,57,2,105,150,0,150,255
12/24/2008,AVP,PA,AEA,EN,Combined TRACON& Tower with Radar,10,6,0,0,16,0,0,0,0,0,10,6,0,0,16,0,0,0,16
12/25/2008,AVP,PA,AEA,EN,Combined TRACON& Tower with Radar,8,25,4,0,37,0,0,2,0,2,8,25,6,0,39,0,0,0,39
12/26/2008,AVP,PA,AEA,EN,Combined TRACON& Tower with Radar,11,30,12,0,53,0,0,24,0,24,11,30,36,0,77,70,0,70,147
12/27/2008,AVP,PA,AEA,EN,Combined TRACON& Tower with Radar,3,39,13,0,55,0,0,4,0,4,3,39,17,0,59,10,0,10,69
12/28/2008,AVP,PA,AEA,EN,Combined TRACON& Tower with Radar,10,31,10,0,51,0,0,5,0,5,10,31,15,0,56,22,0,22,78
12/29/2008,AVP,PA,AEA,EN,Combined TRACON& Tower with Radar,23,18,11,0,52,0,0,44,0,44,23,18,55,0,96,84,0,84,180
12/30/2008,AVP,PA,AEA,EN,Combined TRACON& Tower with Radar,18,24,11,0,53,0,0,11,0,11,18,24,22,0,64,45,0,45,109
12/31/2008,AVP,PA,AEA,EN,Combined TRACON& Tower with Radar,20,15,0,0,35,0,2,0,0,2,20,17,0,0,37,0,0,0,37
01/01/2009,AVP,PA,AEA,EN,Combined TRACON& Tower with Radar,2,30,3,2,37,0,5,12,0,17,2,35,15,2,54,0,0,0,54
01/02/2009,AVP,PA,AEA,EN,Combined TRACON& Tower with Radar,2,47,13,0,62,0,7,12,0,19,2,54,25,0,81,16,0,16,97
01/03/2009,AVP,PA,AEA,EN,Combined TRACON& Tower with Radar,2,29,13,0,44,0,7,18,0,25,2,36,31,0,69,46,0,46,115
01/04/2009,AVP,PA,AEA,EN,Combined TRACON& Tower with Radar,2,32,10,0,44,0,6,49,0,55,2,38,59,0,99,83,6,89,188
01/05/2009,AVP,PA,AEA,EN,Combined TRACON& Tower with Radar,2,33,10,0,45,0,5,24,2,31,2,38,34,2,76,20,0,20,96
01/06/2009,AVP,PA,AEA,EN,Combined TRACON& Tower with Radar,1,27,14,0,42,0,2,13,3,18,1,29,27,3,60,24,0,24,84
01/07/2009,AVP,PA,AEA,EN,Combined TRACON& Tower with Radar,1,21,3,2,27,0,0,0,0,0,1,21,3,2,27,0,0,0,27
01/08/2009,AVP,PA,AEA,EN,Combined TRACON& Tower with Radar,1,36,4,2,43,0,2,2,0,4,1,38,6,2,47,61,0,61,108
01/09/2009,AVP,PA,AEA,EN,Combined TRACON& Tower with Radar,2,38,21,2,63,0,6,9,4,19,2,44,30,6,82,34,0,34,116
01/10/2009,AVP,PA,AEA,EN,Combined TRACON& Tower with Radar,2,23,0,0,25,0,0,0,0,0,2,23,0,0,25,0,0,0,25
01/11/2009,AVP,PA,AEA,EN,Combined TRACON& Tower with Radar,2,31,2,1,36,0,2,0,0,2,2,33,2,1,38,0,0,0,38
01/12/2009,AVP,PA,AEA,EN,Combined TRACON& Tower with Radar,2,32,13,7,54,0,2,20,0,22,2,34,33,7,76,0,2,2,78
01/13/2009,AVP,PA,AEA,EN,Combined TRACON& Tower with Radar,2,36,11,0,49,0,0,0,0,0,2,36,11,0,49,22,0,22,71
01/14/2009,AVP,PA,AEA,EN,Combined TRACON& Tower with Radar,2,34,22,0,58,0,2,27,0,29,2,36,49,0,87,34,0,34,121
01/15/2009,AVP,PA,AEA,EN,Combined TRACON& Tower with Radar,2,34,11,1,48,0,1,1,1,3,2,35,12,2,51,0,0,0,51
01/16/2009,AVP,PA,AEA,EN,Combined TRACON& Tower with Radar,2,34,13,1,50,0,6,9,1,16,2,40,22,2,66,62,0,62,128
01/17/2009,AVP,PA,AEA,EN,Combined TRACON& Tower with Radar,2,23,7,0,32,0,0,30,2,32,2,23,37,2,64,22,0,22,86
01/18/2009,AVP,PA,AEA,EN,Combined TRACON& Tower with Radar,2,24,6,0,32,0,0,3,0,3,2,24,9,0,35,5,0,5,40
01/19/2009,AVP,PA,AEA,EN,Combined TRACON& Tower with Radar,2,32,12,0,46,0,8,22,0,30,2,40,34,0,76,40,0,40,116
01/20/2009,AVP,PA,AEA,EN,Combined TRACON& Tower with Radar,3,32,18,8,61,0,0,14,0,14,3,32,32,8,75,46,8,54,129
01/21/2009,AVP,PA,AEA,EN,Combined TRACON& Tower with Radar,2,33,11,0,46,0,5,29,3,37,2,38,40,3,83,81,0,81,164
01/22/2009,AVP,PA,AEA,EN,Combined TRACON& Tower with Radar,2,38,10,2,52,0,2,17,0,19,2,40,27,2,71,62,0,62,133
01/23/2009,AVP,PA,AEA,EN,Combined TRACON& Tower with Radar,2,35,11,3,51,0,2,25,2,29,2,37,36,5,80,62,0,62,142
01/24/2009,AVP,PA,AEA,EN,Combined TRACON& Tower with Radar,2,19,9,0,30,0,4,8,0,12,2,23,17,0,42,18,0,18,60
01/25/2009,AVP,PA,AEA,EN,Combined TRACON& Tower with Radar,2,30,19,2,53,0,6,26,0,32,2,36,45,2,85,30,0,30,115
01/26/2009,AVP,PA,AEA,EN,Combined TRACON& Tower with Radar,2,34,9,3,48,0,3,34,0,37,2,37,43,3,85,44,0,44,129
01/27/2009,AVP,PA,AEA,EN,Combined TRACON& Tower with Radar,2,34,19,0,55,0,2,28,0,30,2,36,47,0,85,35,0,35,120
01/28/2009,AVP,PA,AEA,EN,Combined TRACON& Tower with Radar,2,20,4,0,26,0,0,0,0,0,2,20,4,0,26,0,0,0,26
01/29/2009,AVP,PA,AEA,EN,Combined TRACON& Tower with Radar,2,34,14,0,50,0,4,12,1,17,2,38,26,1,67,26,0,26,93
01/30/2009,AVP,PA,AEA,EN,Combined TRACON& Tower with Radar,2,37,12,0,51,0,2,1,0,3,2,39,13,0,54,0,0,0,54
01/31/2009,AVP,PA,AEA,EN,Combined TRACON& Tower with Radar,2,24,9,0,35,0,2,15,0,17,2,26,24,0,52,52,0,52,104
02/01/2009,AVP,PA,AEA,EN,Combined TRACON& Tower with Radar,6,30,18,0,54,0,6,29,0,35,6,36,47,0,89,39,0,39,128
02/02/2009,AVP,PA,AEA,EN,Combined TRACON& Tower with Radar,2,37,9,6,54,0,9,24,0,33,2,46,33,6,87,26,0,26,113
02/03/2009,AVP,PA,AEA,EN,Combined TRACON& Tower with Radar,2,24,8,0,34,0,0,0,0,0,2,24,8,0,34,0,0,0,34
02/04/2009,AVP,PA,AEA,EN,Combined TRACON& Tower with Radar,2,32,15,2,51,0,5,29,0,34,2,37,44,2,85,0,0,0,85
02/05/2009,AVP,PA,AEA,EN,Combined TRACON& Tower with Radar,2,34,23,0,59,0,8,17,0,25,2,42,40,0,84,44,0,44,128
02/06/2009,AVP,PA,AEA,EN,Combined TRACON& Tower with Radar,1,36,17,6,60,0,8,36,0,44,1,44,53,6,104,8,4,12,116
02/07/2009,AVP,PA,AEA,EN,Combined TRACON& Tower with Radar,4,30,18,0,52,0,1,32,0,33,4,31,50,0,85,18,0,18,103
02/08/2009,AVP,PA,AEA,EN,Combined TRACON& Tower with Radar,2,33,6,2,43,0,4,6,2,12,2,37,12,4,55,40,0,40,95
02/09/2009,AVP,PA,AEA,EN,Combined TRACON& Tower with Radar,2,38,25,0,65,0,0,38,0,38,2,38,63,0,103,99,0,99,202
02/10/2009,AVP,PA,AEA,EN,Combined TRACON& Tower with Radar,2,31,18,0,51,0,2,10,0,12,2,33,28,0,63,0,0,0,63
02/11/2009,AVP,PA,AEA,EN,Combined TRACON& Tower with Radar,2,38,19,0,59,0,0,14,0,14,2,38,33,0,73,0,0,0,73
02/12/2009,AVP,PA,AEA,EN,Combined TRACON& Tower with Radar,2,27,6,0,35,0,2,1,0,3,2,29,7,0,38,14,0,14,52
02/13/2009,AVP,PA,AEA,EN,Combined TRACON& Tower with Radar,2,37,9,0,48,0,5,13,0,18,2,42,22,0,66,0,0,0,66
02/14/2009,AVP,PA,AEA,EN,Combined TRACON& Tower with Radar,4,27,18,0,49,0,5,22,1,28,4,32,40,1,77,0,0,0,77
02/15/2009,AVP,PA,AEA,EN,Combined TRACON& Tower with Radar,2,32,19,2,55,0,12,41,0,53,2,44,60,2,108,17,0,17,125
02/16/2009,AVP,PA,AEA,EN,Combined TRACON& Tower with Radar,2,38,19,0,59,0,7,23,0,30,2,45,42,0,89,47,0,47,136
02/17/2009,AVP,PA,AEA,EN,Combined TRACON& Tower with Radar,2,35,27,0,64,0,8,39,0,47,2,43,66,0,111,5,0,5,116
02/18/2009,AVP,PA,AEA,EN,Combined TRACON& Tower with Radar,4,38,5,2,49,0,8,0,0,8,4,46,5,2,57,0,0,0,57
02/19/2009,AVP,PA,AEA,EN,Combined TRACON& Tower with Radar,2,40,12,0,54,0,5,1,0,6,2,45,13,0,60,0,0,0,60
02/20/2009,AVP,PA,AEA,EN,Combined TRACON& Tower with Radar,2,44,5,0,51,0,5,2,0,7,2,49,7,0,58,0,0,0,58
02/21/2009,AVP,PA,AEA,EN,Combined TRACON& Tower with Radar,4,26,21,0,51,0,1,29,0,30,4,27,50,0,81,18,0,18,99
02/22/2009,AVP,PA,AEA,EN,Combined TRACON& Tower with Radar,2,27,2,0,31,0,2,0,0,2,2,29,2,0,33,0,0,0,33
02/23/2009,AVP,PA,AEA,EN,Combined TRACON& Tower with Radar,2,35,4,0,41,0,1,6,0,7,2,36,10,0,48,8,0,8,56
02/24/2009,AVP,PA,AEA,EN,Combined TRACON& Tower with Radar,2,36,9,2,49,0,5,15,0,20,2,41,24,2,69,0,0,0,69
02/25/2009,AVP,PA,AEA,EN,Combined TRACON& Tower with Radar,2,39,13,0,54,0,4,32,0,36,2,43,45,0,90,0,0,0,90
02/26/2009,AVP,PA,AEA,EN,Combined TRACON& Tower with Radar,2,36,20,0,58,0,3,32,0,35,2,39,52,0,93,40,0,40,133
02/27/2009,AVP,PA,AEA,EN,Combined TRACON& Tower with Radar,2,38,10,0,50,0,8,0,0,8,2,46,10,0,58,0,0,0,58
02/28/2009,AVP,PA,AEA,EN,Combined TRACON& Tower with Radar,5,25,23,0,53,0,4,45,0,49,5,29,68,0,102,24,0,24,126
03/01/2009,AVP,PA,AEA,EN,Combined TRACON& Tower with Radar,2,24,8,0,34,0,3,21,0,24,2,27,29,0,58,24,0,24,82
03/02/2009,AVP,PA,AEA,EN,Combined TRACON& Tower with Radar,3,19,7,0,29,0,0,0,0,0,3,19,7,0,29,0,0,0,29
03/03/2009,AVP,PA,AEA,EN,Combined TRACON& Tower with Radar,2,37,8,0,47,0,5,10,0,15,2,42,18,0,62,6,0,6,68
03/04/2009,AVP,PA,AEA,EN,Combined TRACON& Tower with Radar,2,37,24,2,65,0,4,50,0,54,2,41,74,2,119,96,0,96,215
03/05/2009,AVP,PA,AEA,EN,Combined TRACON& Tower with Radar,2,36,14,2,54,0,0,31,2,33,2,36,45,4,87,60,0,60,147
03/06/2009,AVP,PA,AEA,EN,Combined TRACON& Tower with Radar,2,36,9,5,52,0,4,13,0,17,2,40,22,5,69,0,0,0,69
03/07/2009,AVP,PA,AEA,EN,Combined TRACON& Tower with Radar,4,31,13,4,52,0,5,28,2,35,4,36,41,6,87,20,0,20,107
03/08/2009,AVP,PA,AEA,EN,Combined TRACON& Tower with Radar,2,32,18,2,54,0,1,3,0,4,2,33,21,2,58,0,0,0,58
03/09/2009,AVP,PA,AEA,EN,Combined TRACON& Tower with Radar,1,35,11,3,50,0,5,0,0,5,1,40,11,3,55,48,0,48,103
03/10/2009,AVP,PA,AEA,EN,Combined TRACON& Tower with Radar,3,36,8,0,47,0,0,3,0,3,3,36,11,0,50,6,0,6,56
03/11/2009,AVP,PA,AEA,EN,Combined TRACON& Tower with Radar,2,35,7,2,46,0,4,1,0,5,2,39,8,2,51,0,0,0,51
03/12/2009,AVP,PA,AEA,EN,Combined TRACON& Tower with Radar,2,38,14,0,54,0,3,21,0,24,2,41,35,0,78,48,0,48,126
03/13/2009,AVP,PA,AEA,EN,Combined TRACON& Tower with Radar,2,43,14,0,59,0,11,41,0,52,2,54,55,0,111,110,0,110,221
03/14/2009,AVP,PA,AEA,EN,Combined TRACON& Tower with Radar,2,29,18,0,49,0,6,41,0,47,2,35,59,0,96,19,0,19,115
03/15/2009,AVP,PA,AEA,EN,Combined TRACON& Tower with Radar,1,32,20,0,53,0,8,38,1,47,1,40,58,1,100,99,0,99,199
03/16/2009,AVP,PA,AEA,EN,Combined TRACON& Tower with Radar,2,35,25,0,62,0,3,29,0,32,2,38,54,0,94,94,0,94,188
03/17/2009,AVP,PA,AEA,EN,Combined TRACON& Tower with Radar,2,37,28,2,69,0,0,28,0,28,2,37,56,2,97,148,0,148,245
03/18/2009,AVP,PA,AEA,EN,Combined TRACON& Tower with Radar,1,41,11,0,53,0,2,19,2,23,1,43,30,2,76,36,10,46,122
03/19/2009,AVP,PA,AEA,EN,Combined TRACON& Tower with Radar,2,38,18,0,58,0,2,3,0,5,2,40,21,0,63,0,0,0,63
03/20/2009,AVP,PA,AEA,EN,Combined TRACON& Tower with Radar,2,36,14,0,52,0,5,29,2,36,2,41,43,2,88,36,0,36,124
03/21/2009,AVP,PA,AEA,EN,Combined TRACON& Tower with Radar,2,26,11,0,39,0,4,43,0,47,2,30,54,0,86,116,0,116,202
03/22/2009,AVP,PA,AEA,EN,Combined TRACON& Tower with Radar,4,29,15,0,48,0,4,23,0,27,4,33,38,0,75,44,0,44,119
03/23/2009,AVP,PA,AEA,EN,Combined TRACON& Tower with Radar,2,37,7,0,46,0,6,10,0,16,2,43,17,0,62,70,0,70,132
03/24/2009,AVP,PA,AEA,EN,Combined TRACON& Tower with Radar,2,42,18,0,62,0,8,47,1,56,2,50,65,1,118,0,0,0,118
03/25/2009,AVP,PA,AEA,EN,Combined TRACON& Tower with Radar,2,37,18,2,59,0,5,26,1,32,2,42,44,3,91,60,0,60,151
03/26/2009,AVP,PA,AEA,EN,Combined TRACON& Tower with Radar,2,35,9,0,46,0,3,0,1,4,2,38,9,1,50,0,0,0,50
03/27/2009,AVP,PA,AEA,EN,Combined TRACON& Tower with Radar,1,36,25,0,62,0,7,28,0,35,1,43,53,0,97,40,0,40,137
03/28/2009,AVP,PA,AEA,EN,Combined TRACON& Tower with Radar,4,29,16,3,52,0,3,19,1,23,4,32,35,4,75,94,0,94,169
03/29/2009,AVP,PA,AEA,EN,Combined TRACON& Tower with Radar,5,39,12,3,59,0,1,0,0,1,5,40,12,3,60,0,0,0,60
03/30/2009,AVP,PA,AEA,EN,Combined TRACON& Tower with Radar,1,39,10,0,50,0,3,3,0,6,1,42,13,0,56,0,0,0,56
03/31/2009,AVP,PA,AEA,EN,Combined TRACON& Tower with Radar,3,36,23,6,68,0,5,59,0,64,3,41,82,6,132,114,0,114,246
04/01/2009,AVP,PA,AEA,EN,Combined TRACON& Tower with Radar,2,40,16,0,58,0,3,0,0,3,2,43,16,0,61,0,0,0,61
04/02/2009,AVP,PA,AEA,EN,Combined TRACON& Tower with Radar,2,40,25,8,75,0,12,33,0,45,2,52,58,8,120,62,0,62,182
04/03/2009,AVP,PA,AEA,EN,Combined TRACON& Tower with Radar,2,35,7,6,50,0,2,1,0,3,2,37,8,6,53,0,0,0,53
04/04/2009,AVP,PA,AEA,EN,Combined TRACON& Tower with Radar,3,31,5,0,39,0,14,1,0,15,3,45,6,0,54,0,0,0,54
04/05/2009,AVP,PA,AEA,EN,Combined TRACON& Tower with Radar,3,30,17,2,52,0,8,52,0,60,3,38,69,2,112,130,0,130,242
04/06/2009,AVP,PA,AEA,EN,Combined TRACON& Tower with Radar,2,30,7,14,53,0,1,69,0,70,2,31,76,14,123,68,0,68,191
04/07/2009,AVP,PA,AEA,EN,Combined TRACON& Tower with Radar,2,35,13,5,55,0,17,0,0,17,2,52,13,5,72,6,0,6,78
04/08/2009,AVP,PA,AEA,EN,Combined TRACON& Tower with Radar,2,39,17,2,60,0,5,2,0,7,2,44,19,2,67,60,0,60,127
04/09/2009,AVP,PA,AEA,EN,Combined TRACON& Tower with Radar,2,40,19,0,61,0,24,41,0,65,2,64,60,0,126,35,0,35,161
04/10/2009,AVP,PA,AEA,EN,Combined TRACON& Tower with Radar,1,35,16,2,54,0,6,10,0,16,1,41,26,2,70,0,0,0,70
04/11/2009,AVP,PA,AEA,EN,Combined TRACON& Tower with Radar,6,27,0,0,33,0,5,7,0,12,6,32,7,0,45,0,0,0,45
04/12/2009,AVP,PA,AEA,EN,Combined TRACON& Tower with Radar,5,31,2,0,38,0,7,9,0,16,5,38,11,0,54,0,0,0,54
04/13/2009,AVP,PA,AEA,EN,Combined TRACON& Tower with Radar,2,43,26,9,80,0,22,39,3,64,2,65,65,12,144,89,0,89,233
04/14/2009,AVP,PA,AEA,EN,Combined TRACON& Tower with Radar,2,29,27,10,68,0,2,23,0,25,2,31,50,10,93,24,10,34,127
04/15/2009,AVP,PA,AEA,EN,Combined TRACON& Tower with Radar,2,33,18,0,53,0,1,23,0,24,2,34,41,0,77,0,0,0,77
04/16/2009,AVP,PA,AEA,EN,Combined TRACON& Tower with Radar,2,35,17,8,62,0,14,62,0,76,2,49,79,8,138,32,12,44,182
04/17/2009,AVP,PA,AEA,EN,Combined TRACON& Tower with Radar,2,41,10,0,53,0,3,44,0,47,2,44,54,0,100,0,0,0,100
04/18/2009,AVP,PA,AEA,EN,Combined TRACON& Tower with Radar,7,26,12,2,47,0,3,333,1,337,7,29,345,3,384,106,0,106,490
04/19/2009,AVP,PA,AEA,EN,Combined TRACON& Tower with Radar,3,30,13,0,46,0,44,97,2,143,3,74,110,2,189,144,0,144,333
04/20/2009,AVP,PA,AEA,EN,Combined TRACON& Tower with Radar,5,37,10,2,54,0,2,0,0,2,5,39,10,2,56,0,0,0,56
04/21/2009,AVP,PA,AEA,EN,Combined TRACON& Tower with Radar,4,36,12,12,64,0,2,31,0,33,4,38,43,12,97,36,0,36,133
04/22/2009,AVP,PA,AEA,EN,Combined TRACON& Tower with Radar,3,39,17,4,63,0,6,13,0,19,3,45,30,4,82,0,0,0,82
04/23/2009,AVP,PA,AEA,EN,Combined TRACON& Tower with Radar,3,36,12,2,53,0,4,10,3,17,3,40,22,5,70,0,0,0,70
04/24/2009,AVP,PA,AEA,EN,Combined TRACON& Tower with Radar,2,36,12,2,52,0,10,202,3,215,2,46,214,5,267,80,0,80,347
04/25/2009,AVP,PA,AEA,EN,Combined TRACON& Tower with Radar,5,24,22,0,51,0,0,84,0,84,5,24,106,0,135,79,0,79,214
04/26/2009,AVP,PA,AEA,EN,Combined TRACON& Tower with Radar,3,26,10,4,43,0,17,83,2,102,3,43,93,6,145,72,0,72,217
04/27/2009,AVP,PA,AEA,EN,Combined TRACON& Tower with Radar,2,33,13,4,52,0,10,80,0,90,2,43,93,4,142,43,10,53,195
04/28/2009,AVP,PA,AEA,EN,Combined TRACON& Tower with Radar,1,37,20,0,58,0,5,39,2,46,1,42,59,2,104,54,0,54,158
04/29/2009,AVP,PA,AEA,EN,Combined TRACON& Tower with Radar,4,40,22,4,70,0,6,32,0,38,4,46,54,4,108,18,4,22,130
04/30/2009,AVP,PA,AEA,EN,Combined TRACON& Tower with Radar,1,38,11,0,50,0,9,24,0,33,1,47,35,0,83,36,0,36,119
05/01/2009,AVP,PA,AEA,EN,Combined TRACON& Tower with Radar,3,28,9,2,42,0,2,1,0,3,3,30,10,2,45,0,0,0,45
05/02/2009,AVP,PA,AEA,EN,Combined TRACON& Tower with Radar,5,26,16,0,47,0,27,21,0,48,5,53,37,0,95,100,0,100,195
05/03/2009,AVP,PA,AEA,EN,Combined TRACON& Tower with Radar,3,32,27,2,64,0,4,22,0,26,3,36,49,2,90,12,0,12,102
05/04/2009,AVP,PA,AEA,EN,Combined TRACON& Tower with Radar,2,33,22,0,57,0,11,6,0,17,2,44,28,0,74,16,0,16,90
05/05/2009,AVP,PA,AEA,EN,Combined TRACON& Tower with Radar,2,34,16,25,77,0,9,33,1,43,2,43,49,26,120,36,6,42,162
05/06/2009,AVP,PA,AEA,EN,Combined TRACON& Tower with Radar,2,43,15,8,68,0,12,89,0,101,2,55,104,8,169,0,0,0,169
05/07/2009,AVP,PA,AEA,EN,Combined TRACON& Tower with Radar,5,35,21,0,61,0,6,48,1,55,5,41,69,1,116,0,0,0,116
05/08/2009,AVP,PA,AEA,EN,Combined TRACON& Tower with Radar,2,39,22,1,64,0,5,63,3,71,2,44,85,4,135,40,0,40,175
05/09/2009,AVP,PA,AEA,EN,Combined TRACON& Tower with Radar,5,29,12,0,46,0,13,20,2,35,5,42,32,2,81,82,0,82,163
05/10/2009,AVP,PA,AEA,EN,Combined TRACON& Tower with Radar,4,32,7,0,43,0,2,88,0,90,4,34,95,0,133,42,0,42,175
05/11/2009,AVP,PA,AEA,EN,Combined TRACON& Tower with Radar,2,38,14,0,54,0,6,28,2,36,2,44,42,2,90,0,0,0,90
05/12/2009,AVP,PA,AEA,EN,Combined TRACON& Tower with Radar,2,40,10,0,52,0,7,234,2,243,2,47,244,2,295,116,0,116,411
05/13/2009,AVP,PA,AEA,EN,Combined TRACON& Tower with Radar,1,34,31,0,66,0,9,73,0,82,1,43,104,0,148,70,0,70,218
05/14/2009,AVP,PA,AEA,EN,Combined TRACON& Tower with Radar,2,34,9,0,45,0,2,33,0,35,2,36,42,0,80,50,0,50,130
05/15/2009,AVP,PA,AEA,EN,Combined TRACON& Tower with Radar,2,39,38,0,79,0,18,127,0,145,2,57,165,0,224,28,0,28,252
05/16/2009,AVP,PA,AEA,EN,Combined TRACON& Tower with Radar,2,29,15,0,46,0,5,2,0,7,2,34,17,0,53,50,0,50,103
05/17/2009,AVP,PA,AEA,EN,Combined TRACON& Tower with Radar,3,34,12,0,49,0,8,8,0,16,3,42,20,0,65,56,0,56,121
05/18/2009,AVP,PA,AEA,EN,Combined TRACON& Tower with Radar,2,38,12,0,52,0,15,93,0,108,2,53,105,0,160,92,0,92,252
05/19/2009,AVP,PA,AEA,EN,Combined TRACON& Tower with Radar,2,40,36,10,88,0,17,82,12,111,2,57,118,22,199,85,0,85,284
05/20/2009,AVP,PA,AEA,EN,Combined TRACON& Tower with Radar,1,46,12,8,67,0,11,156,0,167,1,57,168,8,234,93,0,93,327
05/21/2009,AVP,PA,AEA,EN,Combined TRACON& Tower with Radar,2,43,19,0,64,0,10,28,1,39,2,53,47,1,103,0,0,0,103
05/22/2009,AVP,PA,AEA,EN,Combined TRACON& Tower with Radar,2,36,19,1,58,0,7,32,2,41,2,43,51,3,99,0,0,0,99
05/23/2009,AVP,PA,AEA,EN,Combined TRACON& Tower with Radar,3,30,12,0,45,0,5,14,0,19,3,35,26,0,64,0,0,0,64
05/24/2009,AVP,PA,AEA,EN,Combined TRACON& Tower with Radar,3,26,5,0,34,0,1,18,0,19,3,27,23,0,53,0,0,0,53
05/25/2009,AVP,PA,AEA,EN,Combined TRACON& Tower with Radar,2,32,16,0,50,0,6,27,0,33,2,38,43,0,83,0,0,0,83
05/26/2009,AVP,PA,AEA,EN,Combined TRACON& Tower with Radar,2,35,19,0,56,0,6,16,0,22,2,41,35,0,78,40,0,40,118
05/27/2009,AVP,PA,AEA,EN,Combined TRACON& Tower with Radar,2,34,15,0,51,0,0,2,2,4,2,34,17,2,55,4,0,4,59
05/28/2009,AVP,PA,AEA,EN,Combined TRACON& Tower with Radar,2,38,16,0,56,0,1,13,0,14,2,39,29,0,70,0,0,0,70
05/29/2009,AVP,PA,AEA,EN,Combined TRACON& Tower with Radar,3,35,15,0,53,0,8,4,0,12,3,43,19,0,65,0,0,0,65
05/30/2009,AVP,PA,AEA,EN,Combined TRACON& Tower with Radar,5,29,10,0,44,0,6,100,0,106,5,35,110,0,150,0,0,0,150
05/31/2009,AVP,PA,AEA,EN,Combined TRACON& Tower with Radar,1,30,3,0,34,0,2,93,0,95,1,32,96,0,129,74,0,74,203
06/01/2009,AVP,PA,AEA,EN,Combined TRACON& Tower with Radar,2,34,12,0,48,0,9,65,0,74,2,43,77,0,122,128,0,128,250
06/02/2009,AVP,PA,AEA,EN,Combined TRACON& Tower with Radar,2,38,21,0,61,0,6,52,2,60,2,44,73,2,121,98,0,98,219
06/03/2009,AVP,PA,AEA,EN,Combined TRACON& Tower with Radar,2,45,9,2,58,0,4,43,0,47,2,49,52,2,105,0,0,0,105
06/04/2009,AVP,PA,AEA,EN,Combined TRACON& Tower with Radar,2,47,46,0,95,0,3,35,0,38,2,50,81,0,133,3,0,3,136
06/05/2009,AVP,PA,AEA,EN,Combined TRACON& Tower with Radar,2,32,24,0,58,0,1,1,0,2,2,33,25,0,60,0,0,0,60
06/06/2009,AVP,PA,AEA,EN,Combined TRACON& Tower with Radar,3,35,19,0,57,0,1,18,0,19,3,36,37,0,76,0,0,0,76
06/07/2009,AVP,PA,AEA,EN,Combined TRACON& Tower with Radar,3,48,52,2,105,0,4,28,0,32,3,52,80,2,137,0,0,0,137
06/08/2009,AVP,PA,AEA,EN,Combined TRACON& Tower with Radar,2,41,19,0,62,0,1,40,2,43,2,42,59,2,105,21,0,21,126
06/09/2009,AVP,PA,AEA,EN,Combined TRACON& Tower with Radar,2,28,17,0,47,0,3,42,0,45,2,31,59,0,92,78,0,78,170
06/10/2009,AVP,PA,AEA,EN,Combined TRACON& Tower with Radar,2,41,25,0,68,0,1,72,0,73,2,42,97,0,141,146,0,146,287
06/11/2009,AVP,PA,AEA,EN,Combined TRACON& Tower with Radar,4,36,19,6,65,0,3,18,0,21,4,39,37,6,86,14,0,14,100
06/12/2009,AVP,PA,AEA,EN,Combined TRACON& Tower with Radar,2,32,23,1,58,0,11,46,5,62,2,43,69,6,120,70,0,70,190
06/13/2009,AVP,PA,AEA,EN,Combined TRACON& Tower with Radar,3,32,17,0,52,0,7,56,0,63,3,39,73,0,115,96,0,96,211
06/14/2009,AVP,PA,AEA,EN,Combined TRACON& Tower with Radar,3,34,19,0,56,0,8,54,0,62,3,42,73,0,118,89,0,89,207
06/15/2009,AVP,PA,AEA,EN,Combined TRACON& Tower with Radar,2,41,10,0,53,0,5,38,0,43,2,46,48,0,96,76,0,76,172
06/16/2009,AVP,PA,AEA,EN,Combined TRACON& Tower with Radar,2,42,31,0,75,0,4,50,0,54,2,46,81,0,129,91,0,91,220
06/17/2009,AVP,PA,AEA,EN,Combined TRACON& Tower with Radar,1,42,25,0,68,0,0,49,0,49,1,42,74,0,117,53,0,53,170
06/18/2009,AVP,PA,AEA,EN,Combined TRACON& Tower with Radar,1,35,18,4,58,0,4,29,0,33,1,39,47,4,91,18,0,18,109
06/19/2009,AVP,PA,AEA,EN,Combined TRACON& Tower with Radar,3,39,17,0,59,0,8,2,0,10,3,47,19,0,69,10,0,10,79
06/20/2009,AVP,PA,AEA,EN,Combined TRACON& Tower with Radar,3,29,3,2,37,0,1,0,0,1,3,30,3,2,38,0,0,0,38
06/21/2009,AVP,PA,AEA,EN,Combined TRACON& Tower with Radar,3,34,18,0,55,0,7,27,0,34,3,41,45,0,89,46,0,46,135
06/22/2009,AVP,PA,AEA,EN,Combined TRACON& Tower with Radar,2,37,5,1,45,0,7,40,0,47,2,44,45,1,92,94,0,94,186
06/23/2009,AVP,PA,AEA,EN,Combined TRACON& Tower with Radar,2,38,20,0,60,0,8,68,1,77,2,46,88,1,137,44,0,44,181
06/24/2009,AVP,PA,AEA,EN,Combined TRACON& Tower with Radar,2,36,19,0,57,0,7,85,0,92,2,43,104,0,149,23,0,23,172
06/25/2009,AVP,PA,AEA,EN,Combined TRACON& Tower with Radar,2,41,28,0,71,0,13,107,0,120,2,54,135,0,191,34,0,34,225
06/26/2009,AVP,PA,AEA,EN,Combined TRACON& Tower with Radar,2,34,15,0,51,0,6,47,0,53,2,40,62,0,104,76,0,76,180
06/27/2009,AVP,PA,AEA,EN,Combined TRACON& Tower with Radar,3,36,16,0,55,0,14,39,7,60,3,50,55,7,115,140,6,146,261
06/28/2009,AVP,PA,AEA,EN,Combined TRACON& Tower with Radar,3,33,13,1,50,0,1,53,0,54,3,34,66,1,104,94,0,94,198
06/29/2009,AVP,PA,AEA,EN,Combined TRACON& Tower with Radar,2,33,13,1,49,0,10,63,1,74,2,43,76,2,123,82,1,83,206
06/30/2009,AVP,PA,AEA,EN,Combined TRACON& Tower with Radar,8,37,8,1,54,0,6,82,0,88,8,43,90,1,142,66,0,66,208
07/01/2009,AVP,PA,AEA,EN,Combined TRACON& Tower with Radar,2,36,23,0,61,0,8,42,0,50,2,44,65,0,111,60,0,60,171
07/02/2009,AVP,PA,AEA,EN,Combined TRACON& Tower with Radar,2,40,12,0,54,0,4,8,1,13,2,44,20,1,67,0,0,0,67
07/03/2009,AVP,PA,AEA,EN,Combined TRACON& Tower with Radar,2,33,15,1,51,0,6,28,0,34,2,39,43,1,85,14,0,14,99
07/04/2009,AVP,PA,AEA,EN,Combined TRACON& Tower with Radar,4,27,7,0,38,0,20,99,0,119,4,47,106,0,157,146,0,146,303
07/05/2009,AVP,PA,AEA,EN,Combined TRACON& Tower with Radar,2,32,11,0,45,0,4,19,0,23,2,36,30,0,68,146,0,146,214
07/06/2009,AVP,PA,AEA,EN,Combined TRACON& Tower with Radar,2,35,11,0,48,0,16,70,1,87,2,51,81,1,135,88,0,88,223
07/07/2009,AVP,PA,AEA,EN,Combined TRACON& Tower with Radar,4,43,3,0,50,0,0,15,0,15,4,43,18,0,65,36,0,36,101
07/08/2009,AVP,PA,AEA,EN,Combined TRACON& Tower with Radar,2,40,33,0,75,0,5,88,0,93,2,45,121,0,168,174,0,174,342
07/09/2009,AVP,PA,AEA,EN,Combined TRACON& Tower with Radar,2,41,25,0,68,0,37,34,68,139,2,78,59,68,207,73,0,73,280
07/10/2009,AVP,PA,AEA,EN,Combined TRACON& Tower with Radar,2,38,25,2,67,0,8,53,0,61,2,46,78,2,128,88,0,88,216
07/11/2009,AVP,PA,AEA,EN,Combined TRACON& Tower with Radar,2,27,10,0,39,0,10,8,0,18,2,37,18,0,57,11,0,11,68
07/12/2009,AVP,PA,AEA,EN,Combined TRACON& Tower with Radar,2,34,12,2,50,0,4,114,0,118,2,38,126,2,168,132,0,132,300
07/13/2009,AVP,PA,AEA,EN,Combined TRACON& Tower with Radar,1,43,25,2,71,0,0,25,0,25,1,43,50,2,96,0,0,0,96
07/14/2009,AVP,PA,AEA,EN,Combined TRACON& Tower with Radar,2,38,22,1,63,0,1,46,3,50,2,39,68,4,113,0,0,0,113
07/15/2009,AVP,PA,AEA,EN,Combined TRACON& Tower with Radar,2,43,29,0,74,0,0,37,0,37,2,43,66,0,111,0,0,0,111
07/16/2009,AVP,PA,AEA,EN,Combined TRACON& Tower with Radar,2,40,28,4,74,0,10,19,0,29,2,50,47,4,103,0,0,0,103
07/17/2009,AVP,PA,AEA,EN,Combined TRACON& Tower with Radar,4,38,7,0,49,0,3,10,0,13,4,41,17,0,62,0,0,0,62
07/18/2009,AVP,PA,AEA,EN,Combined TRACON& Tower with Radar,2,36,15,0,53,0,2,15,0,17,2,38,30,0,70,72,0,72,142
07/19/2009,AVP,PA,AEA,EN,Combined TRACON& Tower with Radar,2,38,17,0,57,0,3,51,0,54,2,41,68,0,111,38,0,38,149
07/20/2009,AVP,PA,AEA,EN,Combined TRACON& Tower with Radar,2,28,7,0,37,0,0,80,2,82,2,28,87,2,119,73,0,73,192
07/21/2009,AVP,PA,AEA,EN,Combined TRACON& Tower with Radar,2,40,18,1,61,0,3,73,0,76,2,43,91,1,137,94,0,94,231
07/22/2009,AVP,PA,AEA,EN,Combined TRACON& Tower with Radar,2,41,20,0,63,0,7,80,0,87,2,48,100,0,150,133,0,133,283
07/23/2009,AVP,PA,AEA,EN,Combined TRACON& Tower with Radar,2,29,14,14,59,0,2,197,0,199,2,31,211,14,258,78,0,78,336
07/24/2009,AVP,PA,AEA,EN,Combined TRACON& Tower with Radar,4,38,20,0,62,0,16,87,0,103,4,54,107,0,165,48,0,48,213
07/25/2009,AVP,PA,AEA,EN,Combined TRACON& Tower with Radar,3,32,26,4,65,0,4,76,1,81,3,36,102,5,146,118,0,118,264
07/26/2009,AVP,PA,AEA,EN,Combined TRACON& Tower with Radar,4,35,15,0,54,0,2,41,0,43,4,37,56,0,97,40,0,40,137
07/27/2009,AVP,PA,AEA,EN,Combined TRACON& Tower with Radar,2,37,16,0,55,0,4,96,1,101,2,41,112,1,156,76,1,77,233
07/28/2009,AVP,PA,AEA,EN,Combined TRACON& Tower with Radar,2,42,24,0,68,0,7,129,0,136,2,49,153,0,204,132,0,132,336
07/29/2009,AVP,PA,AEA,EN,Combined TRACON& Tower with Radar,2,30,24,0,56,0,3,57,0,60,2,33,81,0,116,82,0,82,198
07/30/2009,AVP,PA,AEA,EN,Combined TRACON& Tower with Radar,2,48,43,2,95,0,65,256,2,323,2,113,299,4,418,111,0,111,529
07/31/2009,AVP,PA,AEA,EN,Combined TRACON& Tower with Radar,3,35,36,1,75,0,2,161,0,163,3,37,197,1,238,54,0,54,292
08/01/2009,AVP,PA,AEA,EN,Combined TRACON& Tower with Radar,2,33,37,0,72,0,3,155,0,158,2,36,192,0,230,170,0,170,400
08/02/2009,AVP,PA,AEA,EN,Combined TRACON& Tower with Radar,2,31,30,2,65,0,0,20,0,20,2,31,50,2,85,84,0,84,169
08/03/2009,AVP,PA,AEA,EN,Combined TRACON& Tower with Radar,2,51,42,0,95,0,3,126,0,129,2,54,168,0,224,124,0,124,348
08/04/2009,AVP,PA,AEA,EN,Combined TRACON& Tower with Radar,2,37,31,3,73,0,2,88,1,91,2,39,119,4,164,88,0,88,252
08/05/2009,AVP,PA,AEA,EN,Combined TRACON& Tower with Radar,3,31,12,0,46,0,0,26,2,28,3,31,38,2,74,30,0,30,104
08/06/2009,AVP,PA,AEA,EN,Combined TRACON& Tower with Radar,3,42,21,2,68,0,4,31,0,35,3,46,52,2,103,34,0,34,137
08/07/2009,AVP,PA,AEA,EN,Combined TRACON& Tower with Radar,2,37,11,2,52,0,8,40,2,50,2,45,51,4,102,12,6,18,120
08/08/2009,AVP,PA,AEA,EN,Combined TRACON& Tower with Radar,2,34,12,0,48,0,2,107,0,109,2,36,119,0,157,148,0,148,305
08/09/2009,AVP,PA,AEA,EN,Combined TRACON& Tower with Radar,3,36,16,0,55,0,2,28,0,30,3,38,44,0,85,64,0,64,149
08/10/2009,AVP,PA,AEA,EN,Combined TRACON& Tower with Radar,5,34,16,0,55,0,8,78,0,86,5,42,94,0,141,182,0,182,323
08/11/2009,AVP,PA,AEA,EN,Combined TRACON& Tower with Radar,2,36,24,9,71,0,2,5,2,9,2,38,29,11,80,0,8,8,88
08/12/2009,AVP,PA,AEA,EN,Combined TRACON& Tower with Radar,2,46,13,2,63,0,2,29,0,31,2,48,42,2,94,11,0,11,105
08/13/2009,AVP,PA,AEA,EN,Combined TRACON& Tower with Radar,3,40,18,0,61,0,8,5,0,13,3,48,23,0,74,42,0,42,116
08/14/2009,AVP,PA,AEA,EN,Combined TRACON& Tower with Radar,2,36,28,0,66,0,6,17,0,23,2,42,45,0,89,0,0,0,89
08/15/2009,AVP,PA,AEA,EN,Combined TRACON& Tower with Radar,2,30,19,2,53,0,3,277,0,280,2,33,296,2,333,110,0,110,443
08/16/2009,AVP,PA,AEA,EN,Combined TRACON& Tower with Radar,1,31,15,0,47,0,4,62,1,67,1,35,77,1,114,106,0,106,220
08/17/2009,AVP,PA,AEA,EN,Combined TRACON& Tower with Radar,1,40,23,4,68,0,12,116,0,128,1,52,139,4,196,136,0,136,332
08/18/2009,AVP,PA,AEA,EN,Combined TRACON& Tower with Radar,2,40,8,8,58,0,6,26,16,48,2,46,34,24,106,20,16,36,142
08/19/2009,AVP,PA,AEA,EN,Combined TRACON& Tower with Radar,2,44,19,0,65,0,4,68,2,74,2,48,87,2,139,78,0,78,217
08/20/2009,AVP,PA,AEA,EN,Combined TRACON& Tower with Radar,2,36,11,0,49,0,3,87,0,90,2,39,98,0,139,69,0,69,208
08/21/2009,AVP,PA,AEA,EN,Combined TRACON& Tower with Radar,6,27,12,0,45,0,2,3,0,5,6,29,15,0,50,0,0,0,50
08/22/2009,AVP,PA,AEA,EN,Combined TRACON& Tower with Radar,2,35,8,10,55,0,2,2,0,4,2,37,10,10,59,0,0,0,59
08/23/2009,AVP,PA,AEA,EN,Combined TRACON& Tower with Radar,2,30,18,5,55,0,3,63,0,66,2,33,81,5,121,114,0,114,235
08/24/2009,AVP,PA,AEA,EN,Combined TRACON& Tower with Radar,2,32,13,0,47,0,3,79,0,82,2,35,92,0,129,58,0,58,187
08/25/2009,AVP,PA,AEA,EN,Combined TRACON& Tower with Radar,2,34,29,0,65,0,4,150,0,154,2,38,179,0,219,122,0,122,341
08/26/2009,AVP,PA,AEA,EN,Combined TRACON& Tower with Radar,2,38,28,2,70,0,3,74,2,79,2,41,102,4,149,86,0,86,235
08/27/2009,AVP,PA,AEA,EN,Combined TRACON& Tower with Radar,3,34,24,0,61,0,7,27,0,34,3,41,51,0,95,30,0,30,125
08/28/2009,AVP,PA,AEA,EN,Combined TRACON& Tower with Radar,3,30,12,0,45,0,3,69,0,72,3,33,81,0,117,108,0,108,225
08/29/2009,AVP,PA,AEA,EN,Combined TRACON& Tower with Radar,2,29,15,0,46,0,1,35,0,36,2,30,50,0,82,66,0,66,148
08/30/2009,AVP,PA,AEA,EN,Combined TRACON& Tower with Radar,2,31,28,0,61,0,2,82,0,84,2,33,110,0,145,124,0,124,269
08/31/2009,AVP,PA,AEA,EN,Combined TRACON& Tower with Radar,2,34,17,0,53,0,4,18,2,24,2,38,35,2,77,208,0,208,285
09/01/2009,AVP,PA,AEA,EN,Combined TRACON& Tower with Radar,2,41,20,6,69,0,6,78,0,84,2,47,98,6,153,102,0,102,255
09/02/2009,AVP,PA,AEA,EN,Combined TRACON& Tower with Radar,2,39,21,0,62,0,5,69,0,74,2,44,90,0,136,50,0,50,186
09/03/2009,AVP,PA,AEA,EN,Combined TRACON& Tower with Radar,2,38,16,0,56,0,5,63,0,68,2,43,79,0,124,41,0,41,165
09/04/2009,AVP,PA,AEA,EN,Combined TRACON& Tower with Radar,2,36,15,0,53,0,3,104,0,107,2,39,119,0,160,143,0,143,303
09/05/2009,AVP,PA,AEA,EN,Combined TRACON& Tower with Radar,2,28,15,0,45,0,6,142,0,148,2,34,157,0,193,162,0,162,355
09/06/2009,AVP,PA,AEA,EN,Combined TRACON& Tower with Radar,1,25,13,0,39,0,6,200,0,206,1,31,213,0,245,206,0,206,451
09/07/2009,AVP,PA,AEA,EN,Combined TRACON& Tower with Radar,2,31,11,0,44,0,7,35,0,42,2,38,46,0,86,36,0,36,122
09/08/2009,AVP,PA,AEA,EN,Combined TRACON& Tower with Radar,2,32,14,0,48,0,2,79,0,81,2,34,93,0,129,115,0,115,244
09/09/2009,AVP,PA,AEA,EN,Combined TRACON& Tower with Radar,6,41,25,0,72,0,2,40,0,42,6,43,65,0,114,26,0,26,140
09/10/2009,AVP,PA,AEA,EN,Combined TRACON& Tower with Radar,2,34,18,0,54,0,5,85,0,90,2,39,103,0,144,78,0,78,222
09/11/2009,AVP,PA,AEA,EN,Combined TRACON& Tower with Radar,2,31,13,2,48,0,1,46,0,47,2,32,59,2,95,84,0,84,179
09/12/2009,AVP,PA,AEA,EN,Combined TRACON& Tower with Radar,2,29,27,0,58,0,0,85,0,85,2,29,112,0,143,130,0,130,273
09/13/2009,AVP,PA,AEA,EN,Combined TRACON& Tower with Radar,2,30,14,2,48,0,1,184,0,185,2,31,198,2,233,162,2,164,397
09/14/2009,AVP,PA,AEA,EN,Combined TRACON& Tower with Radar,2,34,22,0,58,0,4,105,0,109,2,38,127,0,167,118,12,130,297
09/15/2009,AVP,PA,AEA,EN,Combined TRACON& Tower with Radar,2,42,25,0,69,0,15,106,2,123,2,57,131,2,192,95,0,95,287
09/16/2009,AVP,PA,AEA,EN,Combined TRACON& Tower with Radar,2,37,22,0,61,0,16,43,0,59,2,53,65,0,120,38,0,38,158
09/17/2009,AVP,PA,AEA,EN,Combined TRACON& Tower with Radar,4,41,27,0,72,0,1,11,0,12,4,42,38,0,84,36,0,36,120
09/18/2009,AVP,PA,AEA,EN,Combined TRACON& Tower with Radar,2,35,17,0,54,0,8,153,0,161,2,43,170,0,215,160,0,160,375
09/19/2009,AVP,PA,AEA,EN,Combined TRACON& Tower with Radar,2,26,9,0,37,0,6,113,0,119,2,32,122,0,156,122,0,122,278
09/20/2009,AVP,PA,AEA,EN,Combined TRACON& Tower with Radar,4,28,18,0,50,0,9,121,0,130,4,37,139,0,180,134,0,134,314
09/21/2009,AVP,PA,AEA,EN,Combined TRACON& Tower with Radar,2,37,17,6,62,0,7,100,0,107,2,44,117,6,169,114,8,122,291
09/22/2009,AVP,PA,AEA,EN,Combined TRACON& Tower with Radar,2,38,33,7,80,0,2,150,1,153,2,40,183,8,233,130,0,130,363
09/23/2009,AVP,PA,AEA,EN,Combined TRACON& Tower with Radar,3,44,35,0,82,0,2,4,0,6,3,46,39,0,88,70,0,70,158
09/24/2009,AVP,PA,AEA,EN,Combined TRACON& Tower with Radar,2,42,24,2,70,0,3,102,0,105,2,45,126,2,175,98,0,98,273
09/25/2009,AVP,PA,AEA,EN,Combined TRACON& Tower with Radar,2,34,17,1,54,0,3,111,3,117,2,37,128,4,171,51,0,51,222
09/26/2009,AVP,PA,AEA,EN,Combined TRACON& Tower with Radar,3,26,21,0,50,0,4,79,1,84,3,30,100,1,134,18,0,18,152
09/27/2009,AVP,PA,AEA,EN,Combined TRACON& Tower with Radar,3,28,22,1,54,0,7,61,1,69,3,35,83,2,123,79,12,91,214
09/28/2009,AVP,PA,AEA,EN,Combined TRACON& Tower with Radar,2,32,26,1,61,0,1,9,2,12,2,33,35,3,73,0,0,0,73
09/29/2009,AVP,PA,AEA,EN,Combined TRACON& Tower with Radar,2,38,17,0,57,0,3,6,1,10,2,41,23,1,67,0,0,0,67
09/30/2009,AVP,PA,AEA,EN,Combined TRACON& Tower with Radar,2,35,17,1,55,0,2,2,1,5,2,37,19,2,60,0,0,0,60
10/01/2009,AVP,PA,AEA,EN,Combined TRACON& Tower with Radar,2,39,27,0,68,0,4,6,3,13,2,43,33,3,81,0,0,0,81
10/02/2009,AVP,PA,AEA,EN,Combined TRACON& Tower with Radar,2,36,23,8,69,0,2,138,0,140,2,38,161,8,209,141,0,141,350
10/03/2009,AVP,PA,AEA,EN,Combined TRACON& Tower with Radar,2,27,14,0,43,0,4,141,0,145,2,31,155,0,188,132,0,132,320
10/04/2009,AVP,PA,AEA,EN,Combined TRACON& Tower with Radar,2,30,17,2,51,0,6,88,0,94,2,36,105,2,145,110,0,110,255
10/05/2009,AVP,PA,AEA,EN,Combined TRACON& Tower with Radar,2,34,19,0,55,0,4,67,0,71,2,38,86,0,126,70,0,70,196
10/06/2009,AVP,PA,AEA,EN,Combined TRACON& Tower with Radar,3,40,23,4,70,0,9,189,0,198,3,49,212,4,268,162,0,162,430
10/07/2009,AVP,PA,AEA,EN,Combined TRACON& Tower with Radar,2,29,11,0,42,0,6,2,0,8,2,35,13,0,50,0,0,0,50
10/08/2009,AVP,PA,AEA,EN,Combined TRACON& Tower with Radar,2,40,34,2,78,0,6,156,2,164,2,46,190,4,242,172,0,172,414
10/09/2009,AVP,PA,AEA,EN,Combined TRACON& Tower with Radar,2,36,22,0,60,0,1,0,0,1,2,37,22,0,61,0,0,0,61
10/10/2009,AVP,PA,AEA,EN,Combined TRACON& Tower with Radar,2,27,22,0,51,0,0,63,0,63,2,27,85,0,114,67,0,67,181
10/11/2009,AVP,PA,AEA,EN,Combined TRACON& Tower with Radar,2,30,12,2,46,0,6,169,0,175,2,36,181,2,221,168,0,168,389
10/12/2009,AVP,PA,AEA,EN,Combined TRACON& Tower with Radar,2,34,13,0,49,0,4,141,0,145,2,38,154,0,194,138,0,138,332
10/13/2009,AVP,PA,AEA,EN,Combined TRACON& Tower with Radar,2,39,20,4,65,0,10,12,0,22,2,49,32,4,87,12,0,12,99
10/14/2009,AVP,PA,AEA,EN,Combined TRACON& Tower with Radar,2,35,9,0,46,0,3,60,0,63,2,38,69,0,109,57,0,57,166
10/15/2009,AVP,PA,AEA,EN,Combined TRACON& Tower with Radar,2,36,10,0,48,0,2,68,0,70,2,38,78,0,118,96,0,96,214
10/16/2009,AVP,PA,AEA,EN,Combined TRACON& Tower with Radar,2,40,14,2,58,0,3,67,0,70,2,43,81,2,128,60,0,60,188
10/17/2009,AVP,PA,AEA,EN,Combined TRACON& Tower with Radar,4,25,5,0,34,0,1,68,0,69,4,26,73,0,103,68,0,68,171
10/18/2009,AVP,PA,AEA,EN,Combined TRACON& Tower with Radar,3,32,6,0,41,0,5,74,0,79,3,37,80,0,120,68,0,68,188
10/19/2009,AVP,PA,AEA,EN,Combined TRACON& Tower with Radar,2,35,16,0,53,0,3,148,0,151,2,38,164,0,204,132,0,132,336
10/20/2009,AVP,PA,AEA,EN,Combined TRACON& Tower with Radar,2,36,15,0,53,0,4,62,0,66,2,40,77,0,119,25,0,25,144
10/21/2009,AVP,PA,AEA,EN,Combined TRACON& Tower with Radar,2,37,15,6,60,0,7,45,4,56,2,44,60,10,116,104,0,104,220
10/22/2009,AVP,PA,AEA,EN,Combined TRACON& Tower with Radar,2,37,27,0,66,0,4,221,0,225,2,41,248,0,291,186,0,186,477
10/23/2009,AVP,PA,AEA,EN,Combined TRACON& Tower with Radar,2,40,23,0,65,0,0,160,0,160,2,40,183,0,225,168,0,168,393
10/24/2009,AVP,PA,AEA,EN,Combined TRACON& Tower with Radar,3,28,3,0,34,0,0,62,0,62,3,28,65,0,96,74,0,74,170
10/25/2009,AVP,PA,AEA,EN,Combined TRACON& Tower with Radar,1,33,21,0,55,0,4,55,0,59,1,37,76,0,114,93,0,93,207
10/26/2009,AVP,PA,AEA,EN,Combined TRACON& Tower with Radar,2,35,10,0,47,0,1,98,4,103,2,36,108,4,150,82,0,82,232
10/27/2009,AVP,PA,AEA,EN,Combined TRACON& Tower with Radar,2,40,13,0,55,0,0,116,0,116,2,40,129,0,171,92,0,92,263
10/28/2009,AVP,PA,AEA,EN,Combined TRACON& Tower with Radar,2,48,9,0,59,0,2,0,0,2,2,50,9,0,61,0,0,0,61
10/29/2009,AVP,PA,AEA,EN,Combined TRACON& Tower with Radar,2,35,31,0,68,0,2,81,0,83,2,37,112,0,151,83,0,83,234
10/30/2009,AVP,PA,AEA,EN,Combined TRACON& Tower with Radar,2,47,14,0,63,0,2,73,0,75,2,49,87,0,138,74,0,74,212
10/31/2009,AVP,PA,AEA,EN,Combined TRACON& Tower with Radar,1,28,6,0,35,0,2,76,0,78,1,30,82,0,113,88,6,94,207
11/01/2009,AVP,PA,AEA,EN,Combined TRACON& Tower with Radar,1,31,16,0,48,0,4,48,2,54,1,35,64,2,102,38,0,38,140
11/02/2009,AVP,PA,AEA,EN,Combined TRACON& Tower with Radar,2,34,20,5,61,0,5,91,1,97,2,39,111,6,158,28,8,36,194
11/03/2009,AVP,PA,AEA,EN,Combined TRACON& Tower with Radar,2,33,16,0,51,0,3,126,0,129,2,36,142,0,180,98,0,98,278
11/04/2009,AVP,PA,AEA,EN,Combined TRACON& Tower with Radar,2,35,24,0,61,0,1,132,0,133,2,36,156,0,194,98,0,98,292
11/05/2009,AVP,PA,AEA,EN,Combined TRACON& Tower with Radar,2,33,12,0,47,0,5,109,0,114,2,38,121,0,161,90,0,90,251
11/06/2009,AVP,PA,AEA,EN,Combined TRACON& Tower with Radar,2,35,14,4,55,0,6,117,0,123,2,41,131,4,178,104,0,104,282
11/07/2009,AVP,PA,AEA,EN,Combined TRACON& Tower with Radar,1,27,8,0,36,0,3,31,0,34,1,30,39,0,70,8,0,8,78
11/08/2009,AVP,PA,AEA,EN,Combined TRACON& Tower with Radar,2,31,22,4,59,0,9,132,0,141,2,40,154,4,200,110,0,110,310
11/09/2009,AVP,PA,AEA,EN,Combined TRACON& Tower with Radar,2,33,21,0,56,0,7,102,0,109,2,40,123,0,165,92,0,92,257
11/10/2009,AVP,PA,AEA,EN,Combined TRACON& Tower with Radar,2,37,9,2,50,0,4,112,2,118,2,41,121,4,168,87,0,87,255
11/11/2009,AVP,PA,AEA,EN,Combined TRACON& Tower with Radar,2,34,12,3,51,0,3,140,0,143,2,37,152,3,194,80,0,80,274
11/12/2009,AVP,PA,AEA,EN,Combined TRACON& Tower with Radar,2,33,12,0,47,0,6,93,0,99,2,39,105,0,146,77,0,77,223
11/13/2009,AVP,PA,AEA,EN,Combined TRACON& Tower with Radar,2,28,4,0,34,0,2,80,0,82,2,30,84,0,116,106,0,106,222
11/14/2009,AVP,PA,AEA,EN,Combined TRACON& Tower with Radar,2,29,7,0,38,0,0,82,0,82,2,29,89,0,120,90,0,90,210
11/15/2009,AVP,PA,AEA,EN,Combined TRACON& Tower with Radar,2,34,15,0,51,0,1,114,0,115,2,35,129,0,166,110,0,110,276
11/16/2009,AVP,PA,AEA,EN,Combined TRACON& Tower with Radar,2,33,6,1,42,0,6,116,1,123,2,39,122,2,165,94,0,94,259
11/17/2009,AVP,PA,AEA,EN,Combined TRACON& Tower with Radar,2,37,20,0,59,0,5,111,0,116,2,42,131,0,175,96,0,96,271
11/18/2009,AVP,PA,AEA,EN,Combined TRACON& Tower with Radar,3,41,23,0,67,0,5,147,2,154,3,46,170,2,221,84,0,84,305
11/19/2009,AVP,PA,AEA,EN,Combined TRACON& Tower with Radar,2,36,13,0,51,0,0,11,0,11,2,36,24,0,62,11,0,11,73
11/20/2009,AVP,PA,AEA,EN,Combined TRACON& Tower with Radar,2,34,18,0,54,0,5,111,0,116,2,39,129,0,170,86,0,86,256
11/21/2009,AVP,PA,AEA,EN,Combined TRACON& Tower with Radar,3,25,17,0,45,0,4,78,0,82,3,29,95,0,127,45,0,45,172
11/22/2009,AVP,PA,AEA,EN,Combined TRACON& Tower with Radar,3,32,16,0,51,0,0,51,0,51,3,32,67,0,102,54,0,54,156
11/23/2009,AVP,PA,AEA,EN,Combined TRACON& Tower with Radar,2,30,10,0,42,0,2,149,0,151,2,32,159,0,193,56,0,56,249
11/24/2009,AVP,PA,AEA,EN,Combined TRACON& Tower with Radar,2,33,10,0,45,0,2,92,0,94,2,35,102,0,139,90,0,90,229
11/25/2009,AVP,PA,AEA,EN,Combined TRACON& Tower with Radar,2,36,22,0,60,0,3,75,0,78,2,39,97,0,138,88,0,88,226
11/26/2009,AVP,PA,AEA,EN,Combined TRACON& Tower with Radar,2,19,8,0,29,0,3,91,0,94,2,22,99,0,123,92,0,92,215
11/27/2009,AVP,PA,AEA,EN,Combined TRACON& Tower with Radar,2,27,5,0,34,0,2,68,0,70,2,29,73,0,104,66,0,66,170
11/28/2009,AVP,PA,AEA,EN,Combined TRACON& Tower with Radar,4,28,3,0,35,0,2,38,0,40,4,30,41,0,75,6,0,6,81
11/29/2009,AVP,PA,AEA,EN,Combined TRACON& Tower with Radar,2,33,19,0,54,0,5,108,0,113,2,38,127,0,167,106,0,106,273
11/30/2009,AVP,PA,AEA,EN,Combined TRACON& Tower with Radar,2,36,9,0,47,0,0,33,0,33,2,36,42,0,80,6,0,6,86
12/01/2009,AVP,PA,AEA,EN,Combined TRACON& Tower with Radar,2,36,6,0,44,0,4,66,0,70,2,40,72,0,114,64,0,64,178
12/02/2009,AVP,PA,AEA,EN,Combined TRACON& Tower with Radar,2,39,12,0,53,0,2,110,0,112,2,41,122,0,165,69,0,69,234
12/03/2009,AVP,PA,AEA,EN,Combined TRACON& Tower with Radar,2,37,10,0,49,0,3,53,2,58,2,40,63,2,107,24,0,24,131
12/04/2009,AVP,PA,AEA,EN,Combined TRACON& Tower with Radar,2,34,22,2,60,0,4,79,2,85,2,38,101,4,145,51,0,51,196
12/05/2009,AVP,PA,AEA,EN,Combined TRACON& Tower with Radar,2,24,2,0,28,0,2,16,0,18,2,26,18,0,46,16,0,16,62
12/06/2009,AVP,PA,AEA,EN,Combined TRACON& Tower with Radar,4,31,23,4,62,0,4,130,0,134,4,35,153,4,196,96,0,96,292
12/07/2009,AVP,PA,AEA,EN,Combined TRACON& Tower with Radar,2,33,8,0,43,0,4,92,0,96,2,37,100,0,139,90,0,90,229
12/08/2009,AVP,PA,AEA,EN,Combined TRACON& Tower with Radar,2,38,15,2,57,0,4,103,0,107,2,42,118,2,164,102,0,102,266
12/09/2009,AVP,PA,AEA,EN,Combined TRACON& Tower with Radar,2,34,11,6,53,0,0,92,0,92,2,34,103,6,145,90,0,90,235
12/10/2009,AVP,PA,AEA,EN,Combined TRACON& Tower with Radar,2,32,6,2,42,0,0,90,0,90,2,32,96,2,132,104,0,104,236
12/11/2009,AVP,PA,AEA,EN,Combined TRACON& Tower with Radar,2,33,8,0,43,0,7,91,0,98,2,40,99,0,141,108,0,108,249
12/12/2009,AVP,PA,AEA,EN,Combined TRACON& Tower with Radar,4,29,22,0,55,0,6,129,0,135,4,35,151,0,190,102,0,102,292
12/13/2009,AVP,PA,AEA,EN,Combined TRACON& Tower with Radar,2,29,2,0,33,0,0,100,0,100,2,29,102,0,133,106,0,106,239
12/14/2009,AVP,PA,AEA,EN,Combined TRACON& Tower with Radar,2,39,23,0,64,0,4,150,1,155,2,43,173,1,219,70,0,70,289
12/15/2009,AVP,PA,AEA,EN,Combined TRACON& Tower with Radar,1,40,19,8,68,0,2,48,0,50,1,42,67,8,118,72,0,72,190
12/16/2009,AVP,PA,AEA,EN,Combined TRACON& Tower with Radar,2,34,13,0,49,0,6,71,0,77,2,40,84,0,126,80,0,80,206
12/17/2009,AVP,PA,AEA,EN,Combined TRACON& Tower with Radar,2,36,17,0,55,0,4,21,0,25,2,40,38,0,80,10,0,10,90
12/18/2009,AVP,PA,AEA,EN,Combined TRACON& Tower with Radar,2,35,25,0,62,0,6,88,0,94,2,41,113,0,156,84,0,84,240
12/19/2009,AVP,PA,AEA,EN,Combined TRACON& Tower with Radar,2,15,2,0,19,0,0,95,0,95,2,15,97,0,114,92,0,92,206
12/20/2009,AVP,PA,AEA,EN,Combined TRACON& Tower with Radar,4,13,3,0,20,0,8,72,0,80,4,21,75,0,100,65,0,65,165
12/21/2009,AVP,PA,AEA,EN,Combined TRACON& Tower with Radar,2,33,8,0,43,0,0,45,0,45,2,33,53,0,88,53,0,53,141
12/22/2009,AVP,PA,AEA,EN,Combined TRACON& Tower with Radar,1,40,18,2,61,0,2,92,1,95,1,42,110,3,156,88,0,88,244
12/23/2009,AVP,PA,AEA,EN,Combined TRACON& Tower with Radar,2,29,20,0,51,0,8,77,0,85,2,37,97,0,136,78,0,78,214
12/24/2009,AVP,PA,AEA,EN,Combined TRACON& Tower with Radar,2,29,7,0,38,0,2,77,0,79,2,31,84,0,117,90,0,90,207
12/25/2009,AVP,PA,AEA,EN,Combined TRACON& Tower with Radar,2,26,1,0,29,0,1,78,0,79,2,27,79,0,108,86,0,86,194
12/26/2009,AVP,PA,AEA,EN,Combined TRACON& Tower with Radar,1,28,14,0,43,0,4,0,0,4,1,32,14,0,47,0,0,0,47
12/27/2009,AVP,PA,AEA,EN,Combined TRACON& Tower with Radar,2,31,13,0,46,0,1,87,0,88,2,32,100,0,134,88,0,88,222
12/28/2009,AVP,PA,AEA,EN,Combined TRACON& Tower with Radar,2,33,5,0,40,0,4,56,0,60,2,37,61,0,100,54,0,54,154
12/29/2009,AVP,PA,AEA,EN,Combined TRACON& Tower with Radar,2,34,9,0,45,0,2,54,0,56,2,36,63,0,101,54,0,54,155
12/30/2009,AVP,PA,AEA,EN,Combined TRACON& Tower with Radar,2,32,25,0,59,0,4,87,0,91,2,36,112,0,150,54,0,54,204
12/31/2009,AVP,PA,AEA,EN,Combined TRACON& Tower with Radar,1,25,3,0,29,0,1,92,0,93,1,26,95,0,122,46,0,46,168
01/01/2010,AVP,PA,AEA,EN,Combined TRACON& Tower with Radar,2,27,0,0,29,0,1,0,0,1,2,28,0,0,30,0,0,0,30
01/02/2010,AVP,PA,AEA,EN,Combined TRACON& Tower with Radar,2,25,14,0,41,0,2,0,0,2,2,27,14,0,43,0,0,0,43
01/03/2010,AVP,PA,AEA,EN,Combined TRACON& Tower with Radar,2,26,10,0,38,0,2,0,0,2,2,28,10,0,40,0,0,0,40
01/04/2010,AVP,PA,AEA,EN,Combined TRACON& Tower with Radar,2,33,5,0,40,0,1,0,0,1,2,34,5,0,41,0,0,0,41
01/05/2010,AVP,PA,AEA,EN,Combined TRACON& Tower with Radar,2,37,6,0,45,0,1,4,0,5,2,38,10,0,50,20,0,20,70
01/06/2010,AVP,PA,AEA,EN,Combined TRACON& Tower with Radar,2,39,11,0,52,0,2,50,1,53,2,41,61,1,105,48,0,48,153
01/07/2010,AVP,PA,AEA,EN,Combined TRACON& Tower with Radar,2,36,8,0,46,0,8,2,2,12,2,44,10,2,58,0,0,0,58
01/08/2010,AVP,PA,AEA,EN,Combined TRACON& Tower with Radar,2,36,5,2,45,0,0,58,0,58,2,36,63,2,103,62,0,62,165
01/09/2010,AVP,PA,AEA,EN,Combined TRACON& Tower with Radar,2,26,6,0,34,0,4,5,0,9,2,30,11,0,43,0,0,0,43
01/10/2010,AVP,PA,AEA,EN,Combined TRACON& Tower with Radar,2,28,23,2,55,0,7,48,0,55,2,35,71,2,110,44,0,44,154
01/11/2010,AVP,PA,AEA,EN,Combined TRACON& Tower with Radar,2,29,12,1,44,0,14,65,1,80,2,43,77,2,124,81,0,81,205
01/12/2010,AVP,PA,AEA,EN,Combined TRACON& Tower with Radar,2,35,8,0,45,0,1,0,0,1,2,36,8,0,46,0,0,0,46
01/13/2010,AVP,PA,AEA,EN,Combined TRACON& Tower with Radar,2,35,32,0,69,0,4,56,0,60,2,39,88,0,129,52,0,52,181
01/14/2010,AVP,PA,AEA,EN,Combined TRACON& Tower with Radar,2,37,17,2,58,0,3,120,0,123,2,40,137,2,181,90,0,90,271
01/15/2010,AVP,PA,AEA,EN,Combined TRACON& Tower with Radar,3,34,11,2,50,0,4,96,0,100,3,38,107,2,150,86,0,86,236
01/16/2010,AVP,PA,AEA,EN,Combined TRACON& Tower with Radar,3,23,12,0,38,0,5,102,1,108,3,28,114,1,146,56,0,56,202
01/17/2010,AVP,PA,AEA,EN,Combined TRACON& Tower with Radar,4,28,2,0,34,0,2,0,0,2,4,30,2,0,36,0,0,0,36
01/18/2010,AVP,PA,AEA,EN,Combined TRACON& Tower with Radar,2,29,6,0,37,0,4,24,0,28,2,33,30,0,65,0,0,0,65
01/19/2010,AVP,PA,AEA,EN,Combined TRACON& Tower with Radar,2,34,11,0,47,0,0,1,0,1,2,34,12,0,48,0,0,0,48
01/20/2010,AVP,PA,AEA,EN,Combined TRACON& Tower with Radar,2,35,12,0,49,0,11,44,0,55,2,46,56,0,104,32,0,32,136
01/21/2010,AVP,PA,AEA,EN,Combined TRACON& Tower with Radar,2,35,10,0,47,0,7,133,2,142,2,42,143,2,189,80,0,80,269
01/22/2010,AVP,PA,AEA,EN,Combined TRACON& Tower with Radar,2,35,10,0,47,0,8,73,0,81,2,43,83,0,128,58,0,58,186
01/23/2010,AVP,PA,AEA,EN,Combined TRACON& Tower with Radar,1,25,15,0,41,0,5,124,0,129,1,30,139,0,170,40,0,40,210
01/24/2010,AVP,PA,AEA,EN,Combined TRACON& Tower with Radar,3,26,5,0,34,0,1,0,0,1,3,27,5,0,35,0,0,0,35
01/25/2010,AVP,PA,AEA,EN,Combined TRACON& Tower with Radar,8,27,12,0,47,0,2,2,0,4,8,29,14,0,51,2,0,2,53
01/26/2010,AVP,PA,AEA,EN,Combined TRACON& Tower with Radar,2,35,9,0,46,0,2,3,3,8,2,37,12,3,54,0,0,0,54
01/27/2010,AVP,PA,AEA,EN,Combined TRACON& Tower with Radar,2,43,11,0,56,0,0,83,0,83,2,43,94,0,139,88,0,88,227
01/28/2010,AVP,PA,AEA,EN,Combined TRACON& Tower with Radar,2,32,9,0,43,0,2,2,0,4,2,34,11,0,47,0,0,0,47
01/29/2010,AVP,PA,AEA,EN,Combined TRACON& Tower with Radar,1,34,11,0,46,0,3,86,1,90,1,37,97,1,136,80,0,80,216
01/30/2010,AVP,PA,AEA,EN,Combined TRACON& Tower with Radar,0,28,7,0,35,0,18,134,0,152,0,46,141,0,187,98,0,98,285
01/31/2010,AVP,PA,AEA,EN,Combined TRACON& Tower with Radar,1,29,21,0,51,0,15,115,0,130,1,44,136,0,181,102,0,102,283
02/01/2010,AVP,PA,AEA,EN,Combined TRACON& Tower with Radar,2,35,10,0,47,0,3,48,0,51,2,38,58,0,98,28,0,28,126
02/02/2010,AVP,PA,AEA,EN,Combined TRACON& Tower with Radar,2,34,4,0,40,0,3,1,0,4,2,37,5,0,44,0,0,0,44
02/03/2010,AVP,PA,AEA,EN,Combined TRACON& Tower with Radar,2,36,14,0,52,0,2,39,0,41,2,38,53,0,93,9,0,9,102
02/04/2010,AVP,PA,AEA,EN,Combined TRACON& Tower with Radar,2,34,13,0,49,0,3,50,8,61,2,37,63,8,110,38,4,42,152
02/05/2010,AVP,PA,AEA,EN,Combined TRACON& Tower with Radar,2,32,18,2,54,0,16,74,2,92,2,48,92,4,146,86,0,86,232
02/06/2010,AVP,PA,AEA,EN,Combined TRACON& Tower with Radar,2,13,5,0,20,0,17,26,0,43,2,30,31,0,63,40,0,40,103
02/07/2010,AVP,PA,AEA,EN,Combined TRACON& Tower with Radar,1,22,5,2,30,0,22,82,0,104,1,44,87,2,134,78,0,78,212
02/08/2010,AVP,PA,AEA,EN,Combined TRACON& Tower with Radar,2,32,16,0,50,0,18,85,0,103,2,50,101,0,153,86,0,86,239
02/09/2010,AVP,PA,AEA,EN,Combined TRACON& Tower with Radar,2,37,17,0,56,0,8,72,1,81,2,45,89,1,137,22,0,22,159
02/10/2010,AVP,PA,AEA,EN,Combined TRACON& Tower with Radar,1,6,0,0,7,0,0,0,0,0,1,6,0,0,7,0,0,0,7
02/11/2010,AVP,PA,AEA,EN,Combined TRACON& Tower with Radar,1,24,4,0,29,0,9,1,0,10,1,33,5,0,39,0,0,0,39
02/12/2010,AVP,PA,AEA,EN,Combined TRACON& Tower with Radar,1,39,9,0,49,0,21,66,0,87,1,60,75,0,136,92,0,92,228
02/13/2010,AVP,PA,AEA,EN,Combined TRACON& Tower with Radar,4,26,3,0,33,0,9,8,0,17,4,35,11,0,50,0,0,0,50
02/14/2010,AVP,PA,AEA,EN,Combined TRACON& Tower with Radar,5,26,9,0,40,0,3,4,0,7,5,29,13,0,47,0,0,0,47
02/15/2010,AVP,PA,AEA,EN,Combined TRACON& Tower with Radar,2,31,16,0,49,0,9,36,0,45,2,40,52,0,94,28,0,28,122
02/16/2010,AVP,PA,AEA,EN,Combined TRACON& Tower with Radar,2,28,5,0,35,0,1,0,0,1,2,29,5,0,36,0,0,0,36
02/17/2010,AVP,PA,AEA,EN,Combined TRACON& Tower with Radar,2,37,16,0,55,0,2,7,0,9,2,39,23,0,64,0,0,0,64
02/18/2010,AVP,PA,AEA,EN,Combined TRACON& Tower with Radar,2,39,13,0,54,0,2,5,0,7,2,41,18,0,61,8,0,8,69
02/19/2010,AVP,PA,AEA,EN,Combined TRACON& Tower with Radar,2,36,7,2,47,0,4,22,0,26,2,40,29,2,73,0,0,0,73
02/20/2010,AVP,PA,AEA,EN,Combined TRACON& Tower with Radar,4,32,13,0,49,0,4,100,0,104,4,36,113,0,153,76,0,76,229
02/21/2010,AVP,PA,AEA,EN,Combined TRACON& Tower with Radar,2,27,10,1,40,0,4,20,0,24,2,31,30,1,64,10,0,10,74
02/22/2010,AVP,PA,AEA,EN,Combined TRACON& Tower with Radar,2,33,16,0,51,0,23,61,0,84,2,56,77,0,135,84,0,84,219
02/23/2010,AVP,PA,AEA,EN,Combined TRACON& Tower with Radar,1,33,8,0,42,0,0,0,0,0,1,33,8,0,42,0,0,0,42
02/24/2010,AVP,PA,AEA,EN,Combined TRACON& Tower with Radar,2,35,13,0,50,0,0,2,1,3,2,35,15,1,53,0,0,0,53
02/25/2010,AVP,PA,AEA,EN,Combined TRACON& Tower with Radar,1,7,3,0,11,0,0,0,0,0,1,7,3,0,11,0,0,0,11
02/26/2010,AVP,PA,AEA,EN,Combined TRACON& Tower with Radar,1,12,10,0,23,0,0,0,0,0,1,12,10,0,23,0,0,0,23
02/27/2010,AVP,PA,AEA,EN,Combined TRACON& Tower with Radar,2,26,5,0,33,0,0,0,1,1,2,26,5,1,34,0,0,0,34
02/28/2010,AVP,PA,AEA,EN,Combined TRACON& Tower with Radar,4,27,6,0,37,0,6,6,0,12,4,33,12,0,49,20,0,20,69
03/01/2010,AVP,PA,AEA,EN,Combined TRACON& Tower with Radar,2,31,12,0,45,0,12,35,0,47,2,43,47,0,92,48,0,48,140
03/02/2010,AVP,PA,AEA,EN,Combined TRACON& Tower with Radar,2,37,20,0,59,0,7,27,0,34,2,44,47,0,93,30,0,30,123
03/03/2010,AVP,PA,AEA,EN,Combined TRACON& Tower with Radar,2,28,8,0,38,0,0,2,0,2,2,28,10,0,40,22,0,22,62
03/04/2010,AVP,PA,AEA,EN,Combined TRACON& Tower with Radar,2,34,12,1,49,0,7,44,1,52,2,41,56,2,101,20,0,20,121
03/05/2010,AVP,PA,AEA,EN,Combined TRACON& Tower with Radar,2,31,19,2,54,0,14,68,1,83,2,45,87,3,137,92,0,92,229
03/06/2010,AVP,PA,AEA,EN,Combined TRACON& Tower with Radar,4,26,10,0,40,0,2,45,5,52,4,28,55,5,92,0,0,0,92
03/07/2010,AVP,PA,AEA,EN,Combined TRACON& Tower with Radar,2,28,16,2,48,0,6,75,0,81,2,34,91,2,129,131,0,131,260
03/08/2010,AVP,PA,AEA,EN,Combined TRACON& Tower with Radar,2,33,12,0,47,0,6,124,0,130,2,39,136,0,177,118,0,118,295
03/09/2010,AVP,PA,AEA,EN,Combined TRACON& Tower with Radar,2,35,19,1,57,0,5,63,2,70,2,40,82,3,127,32,0,32,159
03/10/2010,AVP,PA,AEA,EN,Combined TRACON& Tower with Radar,2,36,11,0,49,0,9,115,0,124,2,45,126,0,173,78,0,78,251
03/11/2010,AVP,PA,AEA,EN,Combined TRACON& Tower with Radar,2,34,11,0,47,0,2,16,0,18,2,36,27,0,65,62,0,62,127
03/12/2010,AVP,PA,AEA,EN,Combined TRACON& Tower with Radar,2,29,10,0,41,0,2,3,0,5,2,31,13,0,46,0,0,0,46
03/13/2010,AVP,PA,AEA,EN,Combined TRACON& Tower with Radar,4,22,2,0,28,0,0,2,0,2,4,22,4,0,30,0,0,0,30
03/14/2010,AVP,PA,AEA,EN,Combined TRACON& Tower with Radar,4,23,8,0,35,0,6,1,0,7,4,29,9,0,42,2,0,2,44
03/15/2010,AVP,PA,AEA,EN,Combined TRACON& Tower with Radar,2,31,6,0,39,0,10,18,0,28,2,41,24,0,67,20,0,20,87
03/16/2010,AVP,PA,AEA,EN,Combined TRACON& Tower with Radar,3,37,21,2,63,0,8,103,0,111,3,45,124,2,174,50,0,50,224
03/17/2010,AVP,PA,AEA,EN,Combined TRACON& Tower with Radar,2,36,26,0,64,0,6,145,0,151,2,42,171,0,215,83,0,83,298
03/18/2010,AVP,PA,AEA,EN,Combined TRACON& Tower with Radar,1,36,18,2,57,0,9,74,0,83,1,45,92,2,140,61,2,63,203
03/19/2010,AVP,PA,AEA,EN,Combined TRACON& Tower with Radar,1,35,23,3,62,0,6,123,1,130,1,41,146,4,192,82,0,82,274
03/20/2010,AVP,PA,AEA,EN,Combined TRACON& Tower with Radar,4,28,8,0,40,0,6,53,0,59,4,34,61,0,99,111,0,111,210
03/21/2010,AVP,PA,AEA,EN,Combined TRACON& Tower with Radar,2,28,11,0,41,0,5,100,0,105,2,33,111,0,146,84,0,84,230
03/22/2010,AVP,PA,AEA,EN,Combined TRACON& Tower with Radar,2,34,7,0,43,0,3,1,0,4,2,37,8,0,47,0,0,0,47
03/23/2010,AVP,PA,AEA,EN,Combined TRACON& Tower with Radar,2,37,17,0,56,0,10,33,0,43,2,47,50,0,99,30,0,30,129
03/24/2010,AVP,PA,AEA,EN,Combined TRACON& Tower with Radar,2,36,16,0,54,0,3,4,0,7,2,39,20,0,61,0,0,0,61
03/25/2010,AVP,PA,AEA,EN,Combined TRACON& Tower with Radar,2,33,20,0,55,0,6,70,0,76,2,39,90,0,131,154,0,154,285
03/26/2010,AVP,PA,AEA,EN,Combined TRACON& Tower with Radar,2,33,7,0,42,0,18,66,0,84,2,51,73,0,126,50,0,50,176
03/27/2010,AVP,PA,AEA,EN,Combined TRACON& Tower with Radar,2,27,16,0,45,0,22,122,0,144,2,49,138,0,189,85,0,85,274
03/28/2010,AVP,PA,AEA,EN,Combined TRACON& Tower with Radar,3,26,12,0,41,0,7,2,0,9,3,33,14,0,50,3,0,3,53
03/29/2010,AVP,PA,AEA,EN,Combined TRACON& Tower with Radar,3,31,17,0,51,0,6,0,0,6,3,37,17,0,57,0,0,0,57
03/30/2010,AVP,PA,AEA,EN,Combined TRACON& Tower with Radar,2,40,9,0,51,0,6,0,0,6,2,46,9,0,57,0,0,0,57
03/31/2010,AVP,PA,AEA,EN,Combined TRACON& Tower with Radar,2,35,14,0,51,0,2,76,0,78,2,37,90,0,129,110,0,110,239
04/01/2010,AVP,PA,AEA,EN,Combined TRACON& Tower with Radar,2,34,28,3,67,0,6,93,0,99,2,40,121,3,166,86,0,86,252
04/02/2010,AVP,PA,AEA,EN,Combined TRACON& Tower with Radar,1,33,26,0,60,0,15,104,1,120,1,48,130,1,180,90,0,90,270
04/03/2010,AVP,PA,AEA,EN,Combined TRACON& Tower with Radar,3,29,7,0,39,0,18,108,0,126,3,47,115,0,165,80,0,80,245
04/04/2010,AVP,PA,AEA,EN,Combined TRACON& Tower with Radar,3,28,2,1,34,0,25,102,0,127,3,53,104,1,161,94,0,94,255
04/05/2010,AVP,PA,AEA,EN,Combined TRACON& Tower with Radar,2,33,11,0,46,0,27,77,0,104,2,60,88,0,150,90,0,90,240
04/06/2010,AVP,PA,AEA,EN,Combined TRACON& Tower with Radar,2,33,15,0,50,0,0,68,1,69,2,33,83,1,119,86,0,86,205
04/07/2010,AVP,PA,AEA,EN,Combined TRACON& Tower with Radar,2,34,11,0,47,0,2,96,0,98,2,36,107,0,145,83,0,83,228
04/08/2010,AVP,PA,AEA,EN,Combined TRACON& Tower with Radar,2,34,12,2,50,0,2,74,0,76,2,36,86,2,126,78,0,78,204
04/09/2010,AVP,PA,AEA,EN,Combined TRACON& Tower with Radar,2,30,8,2,42,0,0,11,5,16,2,30,19,7,58,8,0,8,66
04/10/2010,AVP,PA,AEA,EN,Combined TRACON& Tower with Radar,3,25,12,2,42,0,5,81,2,88,3,30,93,4,130,74,0,74,204
04/11/2010,AVP,PA,AEA,EN,Combined TRACON& Tower with Radar,3,26,13,4,46,0,4,96,0,100,3,30,109,4,146,80,0,80,226
04/12/2010,AVP,PA,AEA,EN,Combined TRACON& Tower with Radar,2,34,2,0,38,0,10,96,0,106,2,44,98,0,144,87,0,87,231
04/13/2010,AVP,PA,AEA,EN,Combined TRACON& Tower with Radar,2,39,19,0,60,0,14,87,1,102,2,53,106,1,162,79,0,79,241
04/14/2010,AVP,PA,AEA,EN,Combined TRACON& Tower with Radar,2,46,21,0,69,0,8,39,2,49,2,54,60,2,118,32,0,32,150
04/15/2010,AVP,PA,AEA,EN,Combined TRACON& Tower with Radar,2,33,19,1,55,0,4,67,2,73,2,37,86,3,128,87,0,87,215
04/16/2010,AVP,PA,AEA,EN,Combined TRACON& Tower with Radar,2,35,13,0,50,0,2,54,5,61,2,37,67,5,111,42,4,46,157
04/17/2010,AVP,PA,AEA,EN,Combined TRACON& Tower with Radar,3,28,7,0,38,0,8,28,0,36,3,36,35,0,74,14,0,14,88
04/18/2010,AVP,PA,AEA,EN,Combined TRACON& Tower with Radar,3,30,6,0,39,0,3,42,0,45,3,33,48,0,84,0,0,0,84
04/19/2010,AVP,PA,AEA,EN,Combined TRACON& Tower with Radar,2,32,5,0,39,0,5,80,0,85,2,37,85,0,124,80,0,80,204
04/20/2010,AVP,PA,AEA,EN,Combined TRACON& Tower with Radar,2,33,21,2,58,0,8,98,2,108,2,41,119,4,166,54,0,54,220
04/21/2010,AVP,PA,AEA,EN,Combined TRACON& Tower with Radar,2,33,18,0,53,0,12,115,2,129,2,45,133,2,182,86,0,86,268
04/22/2010,AVP,PA,AEA,EN,Combined TRACON& Tower with Radar,2,36,24,3,65,0,0,44,0,44,2,36,68,3,109,0,0,0,109
04/23/2010,AVP,PA,AEA,EN,Combined TRACON& Tower with Radar,2,36,19,3,60,0,11,23,1,35,2,47,42,4,95,0,0,0,95
04/24/2010,AVP,PA,AEA,EN,Combined TRACON& Tower with Radar,3,25,10,2,40,0,5,180,0,185,3,30,190,2,225,157,0,157,382
04/25/2010,AVP,PA,AEA,EN,Combined TRACON& Tower with Radar,6,26,8,0,40,0,0,0,0,0,6,26,8,0,40,0,0,0,40
04/26/2010,AVP,PA,AEA,EN,Combined TRACON& Tower with Radar,3,31,17,0,51,0,0,0,0,0,3,31,17,0,51,0,0,0,51
04/27/2010,AVP,PA,AEA,EN,Combined TRACON& Tower with Radar,2,36,20,0,58,0,2,4,2,8,2,38,24,2,66,0,0,0,66
04/28/2010,AVP,PA,AEA,EN,Combined TRACON& Tower with Radar,2,34,13,0,49,0,2,16,0,18,2,36,29,0,67,0,0,0,67
04/29/2010,AVP,PA,AEA,EN,Combined TRACON& Tower with Radar,2,41,20,0,63,0,8,9,3,20,2,49,29,3,83,5,0,5,88
04/30/2010,AVP,PA,AEA,EN,Combined TRACON& Tower with Radar,2,35,18,2,57,0,2,35,0,37,2,37,53,2,94,0,0,0,94
05/01/2010,AVP,PA,AEA,EN,Combined TRACON& Tower with Radar,3,27,21,0,51,0,7,114,0,121,3,34,135,0,172,88,0,88,260
05/02/2010,AVP,PA,AEA,EN,Combined TRACON& Tower with Radar,3,30,14,2,49,0,2,41,0,43,3,32,55,2,92,44,0,44,136
05/03/2010,AVP,PA,AEA,EN,Combined TRACON& Tower with Radar,2,35,8,1,46,0,5,9,1,15,2,40,17,2,61,52,0,52,113
05/04/2010,AVP,PA,AEA,EN,Combined TRACON& Tower with Radar,2,43,11,0,56,0,13,101,0,114,2,56,112,0,170,76,0,76,246
05/05/2010,AVP,PA,AEA,EN,Combined TRACON& Tower with Radar,2,39,21,0,62,0,5,95,3,103,2,44,116,3,165,31,0,31,196
05/06/2010,AVP,PA,AEA,EN,Combined TRACON& Tower with Radar,2,35,15,2,54,0,6,43,7,56,2,41,58,9,110,75,0,75,185
05/07/2010,AVP,PA,AEA,EN,Combined TRACON& Tower with Radar,2,34,14,1,51,0,13,104,3,120,2,47,118,4,171,52,0,52,223
05/08/2010,AVP,PA,AEA,EN,Combined TRACON& Tower with Radar,7,24,2,0,33,0,1,2,0,3,7,25,4,0,36,0,0,0,36
05/09/2010,AVP,PA,AEA,EN,Combined TRACON& Tower with Radar,3,28,2,0,33,0,6,24,0,30,3,34,26,0,63,7,0,7,70
05/10/2010,AVP,PA,AEA,EN,Combined TRACON& Tower with Radar,2,34,7,2,45,0,12,17,1,30,2,46,24,3,75,8,0,8,83
05/11/2010,AVP,PA,AEA,EN,Combined TRACON& Tower with Radar,2,34,19,1,56,0,22,83,1,106,2,56,102,2,162,84,0,84,246
05/12/2010,AVP,PA,AEA,EN,Combined TRACON& Tower with Radar,2,36,10,4,52,0,0,0,0,0,2,36,10,4,52,0,0,0,52
05/13/2010,AVP,PA,AEA,EN,Combined TRACON& Tower with Radar,2,36,20,0,58,0,2,32,0,34,2,38,52,0,92,84,0,84,176
05/14/2010,AVP,PA,AEA,EN,Combined TRACON& Tower with Radar,2,35,10,0,47,0,18,53,0,71,2,53,63,0,118,88,0,88,206
05/15/2010,AVP,PA,AEA,EN,Combined TRACON& Tower with Radar,3,26,14,2,45,0,17,98,2,117,3,43,112,4,162,68,0,68,230
05/16/2010,AVP,PA,AEA,EN,Combined TRACON& Tower with Radar,3,30,24,0,57,0,3,47,0,50,3,33,71,0,107,0,0,0,107
05/17/2010,AVP,PA,AEA,EN,Combined TRACON& Tower with Radar,2,30,34,2,68,0,10,64,2,76,2,40,98,4,144,17,0,17,161
05/18/2010,AVP,PA,AEA,EN,Combined TRACON& Tower with Radar,2,30,18,2,52,0,0,1,0,1,2,30,19,2,53,0,0,0,53
05/19/2010,AVP,PA,AEA,EN,Combined TRACON& Tower with Radar,2,41,40,0,83,0,0,147,0,147,2,41,187,0,230,25,0,25,255
05/20/2010,AVP,PA,AEA,EN,Combined TRACON& Tower with Radar,2,35,34,4,75,0,2,93,0,95,2,37,127,4,170,132,0,132,302
05/21/2010,AVP,PA,AEA,EN,Combined TRACON& Tower with Radar,2,36,26,0,64,0,3,61,1,65,2,39,87,1,129,45,0,45,174
05/22/2010,AVP,PA,AEA,EN,Combined TRACON& Tower with Radar,3,27,22,0,52,0,0,39,0,39,3,27,61,0,91,0,0,0,91
05/23/2010,AVP,PA,AEA,EN,Combined TRACON& Tower with Radar,3,28,24,0,55,0,7,3,0,10,3,35,27,0,65,0,0,0,65
05/24/2010,AVP,PA,AEA,EN,Combined TRACON& Tower with Radar,2,28,20,1,51,0,4,5,1,10,2,32,25,2,61,0,0,0,61
05/25/2010,AVP,PA,AEA,EN,Combined TRACON& Tower with Radar,1,38,34,0,73,0,3,40,0,43,1,41,74,0,116,10,0,10,126
05/26/2010,AVP,PA,AEA,EN,Combined TRACON& Tower with Radar,2,36,22,1,61,0,5,20,1,26,2,41,42,2,87,0,0,0,87
05/27/2010,AVP,PA,AEA,EN,Combined TRACON& Tower with Radar,2,28,15,0,45,0,6,19,0,25,2,34,34,0,70,0,0,0,70
05/28/2010,AVP,PA,AEA,EN,Combined TRACON& Tower with Radar,2,36,28,0,66,0,8,54,0,62,2,44,82,0,128,80,0,80,208
05/29/2010,AVP,PA,AEA,EN,Combined TRACON& Tower with Radar,2,22,9,0,33,0,9,67,0,76,2,31,76,0,109,60,0,60,169
05/30/2010,AVP,PA,AEA,EN,Combined TRACON& Tower with Radar,2,20,10,0,32,0,18,108,0,126,2,38,118,0,158,96,0,96,254
05/31/2010,AVP,PA,AEA,EN,Combined TRACON& Tower with Radar,2,25,5,0,32,0,2,62,0,64,2,27,67,0,96,0,0,0,96
06/01/2010,AVP,PA,AEA,EN,Combined TRACON& Tower with Radar,2,38,13,0,53,0,2,4,0,6,2,40,17,0,59,16,0,16,75
06/02/2010,AVP,PA,AEA,EN,Combined TRACON& Tower with Radar,1,37,20,3,61,0,7,37,2,46,1,44,57,5,107,34,0,34,141
06/03/2010,AVP,PA,AEA,EN,Combined TRACON& Tower with Radar,3,42,30,0,75,0,12,19,0,31,3,54,49,0,106,22,0,22,128
06/04/2010,AVP,PA,AEA,EN,Combined TRACON& Tower with Radar,2,40,35,0,77,0,13,102,0,115,2,53,137,0,192,108,0,108,300
06/05/2010,AVP,PA,AEA,EN,Combined TRACON& Tower with Radar,3,31,21,0,55,0,14,92,0,106,3,45,113,0,161,84,0,84,245
06/06/2010,AVP,PA,AEA,EN,Combined TRACON& Tower with Radar,3,43,41,2,89,0,7,5,0,12,3,50,46,2,101,0,0,0,101
06/07/2010,AVP,PA,AEA,EN,Combined TRACON& Tower with Radar,2,33,25,1,61,0,18,124,3,145,2,51,149,4,206,130,0,130,336
06/08/2010,AVP,PA,AEA,EN,Combined TRACON& Tower with Radar,2,37,22,1,62,0,21,55,2,78,2,58,77,3,140,26,0,26,166
06/09/2010,AVP,PA,AEA,EN,Combined TRACON& Tower with Radar,2,38,17,0,57,0,2,0,1,3,2,40,17,1,60,0,0,0,60
06/10/2010,AVP,PA,AEA,EN,Combined TRACON& Tower with Radar,2,49,25,0,76,0,3,16,0,19,2,52,41,0,95,22,0,22,117
06/11/2010,AVP,PA,AEA,EN,Combined TRACON& Tower with Radar,2,37,20,2,61,0,1,72,4,77,2,38,92,6,138,34,2,36,174
06/12/2010,AVP,PA,AEA,EN,Combined TRACON& Tower with Radar,4,34,6,0,44,0,1,55,0,56,4,35,61,0,100,66,0,66,166
06/13/2010,AVP,PA,AEA,EN,Combined TRACON& Tower with Radar,4,25,29,0,58,0,0,7,0,7,4,25,36,0,65,51,0,51,116
06/14/2010,AVP,PA,AEA,EN,Combined TRACON& Tower with Radar,2,36,12,4,54,0,2,5,3,10,2,38,17,7,64,0,0,0,64
06/15/2010,AVP,PA,AEA,EN,Combined TRACON& Tower with Radar,2,39,25,4,70,0,9,37,4,50,2,48,62,8,120,0,0,0,120
06/16/2010,AVP,PA,AEA,EN,Combined TRACON& Tower with Radar,2,43,10,2,57,0,5,6,0,11,2,48,16,2,68,0,0,0,68
06/17/2010,AVP,PA,AEA,EN,Combined TRACON& Tower with Radar,2,38,23,0,63,0,3,13,0,16,2,41,36,0,79,2,0,2,81
06/18/2010,AVP,PA,AEA,EN,Combined TRACON& Tower with Radar,2,32,27,0,61,0,2,38,0,40,2,34,65,0,101,13,0,13,114
06/19/2010,AVP,PA,AEA,EN,Combined TRACON& Tower with Radar,3,38,17,0,58,0,6,46,0,52,3,44,63,0,110,37,0,37,147
06/20/2010,AVP,PA,AEA,EN,Combined TRACON& Tower with Radar,3,36,6,0,45,0,8,101,0,109,3,44,107,0,154,31,0,31,185
06/21/2010,AVP,PA,AEA,EN,Combined TRACON& Tower with Radar,2,39,16,0,57,0,5,50,2,57,2,44,66,2,114,22,0,22,136
06/22/2010,AVP,PA,AEA,EN,Combined TRACON& Tower with Radar,4,39,10,0,53,0,9,24,2,35,4,48,34,2,88,2,0,2,90
06/23/2010,AVP,PA,AEA,EN,Combined TRACON& Tower with Radar,2,42,13,0,57,0,5,34,0,39,2,47,47,0,96,6,0,6,102
06/24/2010,AVP,PA,AEA,EN,Combined TRACON& Tower with Radar,2,44,14,0,60,0,1,4,0,5,2,45,18,0,65,0,0,0,65
06/25/2010,AVP,PA,AEA,EN,Combined TRACON& Tower with Radar,1,37,14,0,52,0,7,215,0,222,1,44,229,0,274,246,0,246,520
06/26/2010,AVP,PA,AEA,EN,Combined TRACON& Tower with Radar,5,36,14,0,55,0,14,81,0,95,5,50,95,0,150,112,0,112,262
06/27/2010,AVP,PA,AEA,EN,Combined TRACON& Tower with Radar,2,30,22,0,54,0,4,1,0,5,2,34,23,0,59,0,0,0,59
06/28/2010,AVP,PA,AEA,EN,Combined TRACON& Tower with Radar,2,35,11,0,48,0,11,3,0,14,2,46,14,0,62,0,0,0,62
06/29/2010,AVP,PA,AEA,EN,Combined TRACON& Tower with Radar,2,42,26,0,70,0,6,46,0,52,2,48,72,0,122,26,0,26,148
06/30/2010,AVP,PA,AEA,EN,Combined TRACON& Tower with Radar,2,36,23,0,61,0,3,75,0,78,2,39,98,0,139,45,0,45,184
07/01/2010,AVP,PA,AEA,EN,Combined TRACON& Tower with Radar,2,39,29,4,74,0,5,77,0,82,2,44,106,4,156,82,0,82,238
07/02/2010,AVP,PA,AEA,EN,Combined TRACON& Tower with Radar,2,40,17,0,59,0,1,70,0,71,2,41,87,0,130,52,0,52,182
07/03/2010,AVP,PA,AEA,EN,Combined TRACON& Tower with Radar,3,31,10,0,44,0,9,223,0,232,3,40,233,0,276,216,0,216,492
07/04/2010,AVP,PA,AEA,EN,Combined TRACON& Tower with Radar,3,25,6,0,34,0,6,60,0,66,3,31,66,0,100,46,0,46,146
07/05/2010,AVP,PA,AEA,EN,Combined TRACON& Tower with Radar,2,30,10,0,42,0,4,77,0,81,2,34,87,0,123,74,0,74,197
07/06/2010,AVP,PA,AEA,EN,Combined TRACON& Tower with Radar,2,39,14,1,56,0,7,148,0,155,2,46,162,1,211,35,0,35,246
07/07/2010,AVP,PA,AEA,EN,Combined TRACON& Tower with Radar,2,39,10,2,53,0,5,91,0,96,2,44,101,2,149,41,0,41,190
07/08/2010,AVP,PA,AEA,EN,Combined TRACON& Tower with Radar,2,44,21,0,67,0,7,47,0,54,2,51,68,0,121,34,0,34,155
07/09/2010,AVP,PA,AEA,EN,Combined TRACON& Tower with Radar,2,41,15,0,58,0,4,70,0,74,2,45,85,0,132,62,0,62,194
07/10/2010,AVP,PA,AEA,EN,Combined TRACON& Tower with Radar,2,35,26,0,63,0,4,50,0,54,2,39,76,0,117,10,0,10,127
07/11/2010,AVP,PA,AEA,EN,Combined TRACON& Tower with Radar,2,31,13,0,46,0,8,88,0,96,2,39,101,0,142,81,0,81,223
07/12/2010,AVP,PA,AEA,EN,Combined TRACON& Tower with Radar,2,40,15,2,59,0,1,127,0,128,2,41,142,2,187,108,0,108,295
07/13/2010,AVP,PA,AEA,EN,Combined TRACON& Tower with Radar,3,44,10,0,57,0,5,35,0,40,3,49,45,0,97,16,0,16,113
07/14/2010,AVP,PA,AEA,EN,Combined TRACON& Tower with Radar,3,32,21,4,60,0,1,46,0,47,3,33,67,4,107,14,0,14,121
07/15/2010,AVP,PA,AEA,EN,Combined TRACON& Tower with Radar,3,42,26,2,73,0,2,16,2,20,3,44,42,4,93,0,0,0,93
07/16/2010,AVP,PA,AEA,EN,Combined TRACON& Tower with Radar,2,38,7,2,49,0,2,44,0,46,2,40,51,2,95,30,0,30,125
07/17/2010,AVP,PA,AEA,EN,Combined TRACON& Tower with Radar,2,34,19,0,55,0,2,55,0,57,2,36,74,0,112,86,0,86,198
07/18/2010,AVP,PA,AEA,EN,Combined TRACON& Tower with Radar,2,38,20,0,60,0,6,54,0,60,2,44,74,0,120,54,0,54,174
07/19/2010,AVP,PA,AEA,EN,Combined TRACON& Tower with Radar,2,35,13,0,50,0,4,98,0,102,2,39,111,0,152,75,0,75,227
07/20/2010,AVP,PA,AEA,EN,Combined TRACON& Tower with Radar,2,42,24,2,70,0,3,78,0,81,2,45,102,2,151,92,0,92,243
07/21/2010,AVP,PA,AEA,EN,Combined TRACON& Tower with Radar,2,41,21,0,64,0,7,42,0,49,2,48,63,0,113,0,0,0,113
07/22/2010,AVP,PA,AEA,EN,Combined TRACON& Tower with Radar,2,41,30,2,75,0,2,68,2,72,2,43,98,4,147,30,0,30,177
07/23/2010,AVP,PA,AEA,EN,Combined TRACON& Tower with Radar,2,40,15,4,61,0,0,81,0,81,2,40,96,4,142,74,0,74,216
07/24/2010,AVP,PA,AEA,EN,Combined TRACON& Tower with Radar,2,35,17,0,54,0,5,85,0,90,2,40,102,0,144,77,0,77,221
07/25/2010,AVP,PA,AEA,EN,Combined TRACON& Tower with Radar,2,46,11,2,61,0,3,13,0,16,2,49,24,2,77,20,0,20,97
07/26/2010,AVP,PA,AEA,EN,Combined TRACON& Tower with Radar,2,40,22,6,70,0,6,143,0,149,2,46,165,6,219,125,0,125,344
07/27/2010,AVP,PA,AEA,EN,Combined TRACON& Tower with Radar,2,39,31,3,75,0,5,154,0,159,2,44,185,3,234,109,0,109,343
07/28/2010,AVP,PA,AEA,EN,Combined TRACON& Tower with Radar,2,38,8,1,49,0,5,107,1,113,2,43,115,2,162,92,0,92,254
07/29/2010,AVP,PA,AEA,EN,Combined TRACON& Tower with Radar,2,55,47,1,105,0,2,13,3,18,2,57,60,4,123,0,0,0,123
07/30/2010,AVP,PA,AEA,EN,Combined TRACON& Tower with Radar,2,41,31,0,74,0,9,109,0,118,2,50,140,0,192,90,0,90,282
07/31/2010,AVP,PA,AEA,EN,Combined TRACON& Tower with Radar,2,47,40,0,89,0,18,124,0,142,2,65,164,0,231,60,0,60,291
08/01/2010,AVP,PA,AEA,EN,Combined TRACON& Tower with Radar,2,47,40,1,90,0,5,112,0,117,2,52,152,1,207,0,0,0,207
08/02/2010,AVP,PA,AEA,EN,Combined TRACON& Tower with Radar,2,41,13,3,59,0,9,94,0,103,2,50,107,3,162,83,0,83,245
08/03/2010,AVP,PA,AEA,EN,Combined TRACON& Tower with Radar,2,38,15,0,55,0,4,3,0,7,2,42,18,0,62,0,0,0,62
08/04/2010,AVP,PA,AEA,EN,Combined TRACON& Tower with Radar,2,39,20,0,61,0,5,44,0,49,2,44,64,0,110,0,0,0,110
08/05/2010,AVP,PA,AEA,EN,Combined TRACON& Tower with Radar,2,38,12,1,53,0,2,32,2,36,2,40,44,3,89,68,0,68,157
08/06/2010,AVP,PA,AEA,EN,Combined TRACON& Tower with Radar,1,40,27,2,70,0,5,88,2,95,1,45,115,4,165,82,2,84,249
08/07/2010,AVP,PA,AEA,EN,Combined TRACON& Tower with Radar,1,38,18,0,57,0,9,41,0,50,1,47,59,0,107,46,0,46,153
08/08/2010,AVP,PA,AEA,EN,Combined TRACON& Tower with Radar,2,39,12,2,55,0,4,61,0,65,2,43,73,2,120,32,0,32,152
08/09/2010,AVP,PA,AEA,EN,Combined TRACON& Tower with Radar,2,40,7,0,49,0,4,62,0,66,2,44,69,0,115,24,0,24,139
08/10/2010,AVP,PA,AEA,EN,Combined TRACON& Tower with Radar,2,40,12,2,56,0,7,85,0,92,2,47,97,2,148,20,0,20,168
08/11/2010,AVP,PA,AEA,EN,Combined TRACON& Tower with Radar,2,41,26,2,71,0,6,117,2,125,2,47,143,4,196,26,0,26,222
08/12/2010,AVP,PA,AEA,EN,Combined TRACON& Tower with Radar,2,40,10,2,54,0,2,2,0,4,2,42,12,2,58,0,0,0,58
08/13/2010,AVP,PA,AEA,EN,Combined TRACON& Tower with Radar,2,40,10,0,52,0,5,44,0,49,2,45,54,0,101,56,0,56,157
08/14/2010,AVP,PA,AEA,EN,Combined TRACON& Tower with Radar,2,37,14,0,53,0,3,92,0,95,2,40,106,0,148,3,0,3,151
08/15/2010,AVP,PA,AEA,EN,Combined TRACON& Tower with Radar,2,30,17,0,49,0,4,7,0,11,2,34,24,0,60,0,0,0,60
08/16/2010,AVP,PA,AEA,EN,Combined TRACON& Tower with Radar,2,39,31,0,72,0,11,27,0,38,2,50,58,0,110,23,0,23,133
08/17/2010,AVP,PA,AEA,EN,Combined TRACON& Tower with Radar,2,39,13,0,54,0,2,134,0,136,2,41,147,0,190,12,0,12,202
08/18/2010,AVP,PA,AEA,EN,Combined TRACON& Tower with Radar,2,38,22,1,63,0,2,68,1,71,2,40,90,2,134,10,0,10,144
08/19/2010,AVP,PA,AEA,EN,Combined TRACON& Tower with Radar,2,40,24,0,66,0,5,109,0,114,2,45,133,0,180,74,0,74,254
08/20/2010,AVP,PA,AEA,EN,Combined TRACON& Tower with Radar,4,39,15,0,58,0,1,26,0,27,4,40,41,0,85,21,0,21,106
08/21/2010,AVP,PA,AEA,EN,Combined TRACON& Tower with Radar,2,34,20,0,56,0,4,75,0,79,2,38,95,0,135,60,0,60,195
08/22/2010,AVP,PA,AEA,EN,Combined TRACON& Tower with Radar,2,37,17,0,56,0,1,0,0,1,2,38,17,0,57,0,0,0,57
08/23/2010,AVP,PA,AEA,EN,Combined TRACON& Tower with Radar,2,31,26,0,59,0,4,2,0,6,2,35,28,0,65,4,0,4,69
08/24/2010,AVP,PA,AEA,EN,Combined TRACON& Tower with Radar,2,37,37,0,76,0,2,3,0,5,2,39,40,0,81,0,0,0,81
08/25/2010,AVP,PA,AEA,EN,Combined TRACON& Tower with Radar,2,38,23,0,63,0,8,33,0,41,2,46,56,0,104,1,0,1,105
08/26/2010,AVP,PA,AEA,EN,Combined TRACON& Tower with Radar,2,42,17,3,64,0,4,34,3,41,2,46,51,6,105,0,0,0,105
08/27/2010,AVP,PA,AEA,EN,Combined TRACON& Tower with Radar,2,38,24,0,64,0,8,140,0,148,2,46,164,0,212,126,0,126,338
08/28/2010,AVP,PA,AEA,EN,Combined TRACON& Tower with Radar,2,34,20,0,56,0,9,142,0,151,2,43,162,0,207,105,0,105,312
08/29/2010,AVP,PA,AEA,EN,Combined TRACON& Tower with Radar,1,33,17,0,51,0,8,152,0,160,1,41,169,0,211,140,0,140,351
08/30/2010,AVP,PA,AEA,EN,Combined TRACON& Tower with Radar,2,42,17,0,61,0,8,88,0,96,2,50,105,0,157,36,0,36,193
08/31/2010,AVP,PA,AEA,EN,Combined TRACON& Tower with Radar,2,40,13,2,57,0,5,89,0,94,2,45,102,2,151,54,0,54,205
09/01/2010,AVP,PA,AEA,EN,Combined TRACON& Tower with Radar,2,43,22,0,67,0,3,101,4,108,2,46,123,4,175,90,0,90,265
09/02/2010,AVP,PA,AEA,EN,Combined TRACON& Tower with Radar,2,37,11,0,50,0,8,28,0,36,2,45,39,0,86,0,0,0,86
09/03/2010,AVP,PA,AEA,EN,Combined TRACON& Tower with Radar,2,39,12,0,53,0,4,86,0,90,2,43,98,0,143,54,0,54,197
09/04/2010,AVP,PA,AEA,EN,Combined TRACON& Tower with Radar,2,33,5,0,40,0,1,51,0,52,2,34,56,0,92,46,0,46,138
09/05/2010,AVP,PA,AEA,EN,Combined TRACON& Tower with Radar,2,28,5,0,35,0,5,63,1,69,2,33,68,1,104,34,0,34,138
09/06/2010,AVP,PA,AEA,EN,Combined TRACON& Tower with Radar,2,32,11,0,45,0,9,176,0,185,2,41,187,0,230,162,0,162,392
09/07/2010,AVP,PA,AEA,EN,Combined TRACON& Tower with Radar,2,38,18,0,58,0,5,90,0,95,2,43,108,0,153,12,0,12,165
09/08/2010,AVP,PA,AEA,EN,Combined TRACON& Tower with Radar,2,41,14,1,58,0,2,24,0,26,2,43,38,1,84,36,2,38,122
09/09/2010,AVP,PA,AEA,EN,Combined TRACON& Tower with Radar,1,40,19,3,63,0,4,11,0,15,1,44,30,3,78,0,0,0,78
09/10/2010,AVP,PA,AEA,EN,Combined TRACON& Tower with Radar,1,44,23,4,72,0,3,11,0,14,1,47,34,4,86,0,0,0,86
09/11/2010,AVP,PA,AEA,EN,Combined TRACON& Tower with Radar,2,32,15,0,49,0,4,44,0,48,2,36,59,0,97,12,0,12,109
09/12/2010,AVP,PA,AEA,EN,Combined TRACON& Tower with Radar,2,32,31,2,67,0,2,3,1,6,2,34,34,3,73,0,0,0,73
09/13/2010,AVP,PA,AEA,EN,Combined TRACON& Tower with Radar,6,43,12,3,64,0,2,19,3,24,6,45,31,6,88,0,0,0,88
09/14/2010,AVP,PA,AEA,EN,Combined TRACON& Tower with Radar,2,40,13,2,57,0,1,90,1,92,2,41,103,3,149,63,0,63,212
09/15/2010,AVP,PA,AEA,EN,Combined TRACON& Tower with Radar,2,41,16,8,67,0,15,112,1,128,2,56,128,9,195,82,0,82,277
09/16/2010,AVP,PA,AEA,EN,Combined TRACON& Tower with Radar,2,36,16,0,54,0,0,15,0,15,2,36,31,0,69,14,0,14,83
09/17/2010,AVP,PA,AEA,EN,Combined TRACON& Tower with Radar,2,40,22,0,64,0,1,74,0,75,2,41,96,0,139,84,16,100,239
09/18/2010,AVP,PA,AEA,EN,Combined TRACON& Tower with Radar,2,33,18,0,53,0,4,107,0,111,2,37,125,0,164,102,0,102,266
09/19/2010,AVP,PA,AEA,EN,Combined TRACON& Tower with Radar,4,36,15,6,61,0,9,86,0,95,4,45,101,6,156,0,0,0,156
09/20/2010,AVP,PA,AEA,EN,Combined TRACON& Tower with Radar,2,38,18,5,63,0,6,31,0,37,2,44,49,5,100,42,26,68,168
09/21/2010,AVP,PA,AEA,EN,Combined TRACON& Tower with Radar,2,44,32,0,78,0,3,83,0,86,2,47,115,0,164,80,0,80,244
09/22/2010,AVP,PA,AEA,EN,Combined TRACON& Tower with Radar,2,41,16,0,59,0,10,78,0,88,2,51,94,0,147,102,0,102,249
09/23/2010,AVP,PA,AEA,EN,Combined TRACON& Tower with Radar,2,43,16,0,61,0,2,117,2,121,2,45,133,2,182,61,0,61,243
09/24/2010,AVP,PA,AEA,EN,Combined TRACON& Tower with Radar,3,43,14,5,65,0,6,92,1,99,3,49,106,6,164,70,0,70,234
09/25/2010,AVP,PA,AEA,EN,Combined TRACON& Tower with Radar,4,33,7,0,44,0,5,81,0,86,4,38,88,0,130,58,0,58,188
09/26/2010,AVP,PA,AEA,EN,Combined TRACON& Tower with Radar,2,33,20,0,55,0,4,49,0,53,2,37,69,0,108,28,0,28,136
09/27/2010,AVP,PA,AEA,EN,Combined TRACON& Tower with Radar,2,33,14,0,49,0,1,74,0,75,2,34,88,0,124,77,0,77,201
09/28/2010,AVP,PA,AEA,EN,Combined TRACON& Tower with Radar,2,40,16,0,58,0,0,1,2,3,2,40,17,2,61,0,0,0,61
09/29/2010,AVP,PA,AEA,EN,Combined TRACON& Tower with Radar,2,41,27,0,70,0,6,81,0,87,2,47,108,0,157,90,0,90,247
09/30/2010,AVP,PA,AEA,EN,Combined TRACON& Tower with Radar,2,31,7,0,40,0,0,14,0,14,2,31,21,0,54,28,0,28,82
10/01/2010,AVP,PA,AEA,EN,Combined TRACON& Tower with Radar,2,29,18,7,56,0,1,34,0,35,2,30,52,7,91,22,0,22,113
10/02/2010,AVP,PA,AEA,EN,Combined TRACON& Tower with Radar,2,30,26,0,58,0,6,61,0,67,2,36,87,0,125,36,0,36,161
10/03/2010,AVP,PA,AEA,EN,Combined TRACON& Tower with Radar,2,36,19,6,63,0,9,87,1,97,2,45,106,7,160,18,0,18,178
10/04/2010,AVP,PA,AEA,EN,Combined TRACON& Tower with Radar,2,37,23,0,62,0,0,11,0,11,2,37,34,0,73,10,0,10,83
10/05/2010,AVP,PA,AEA,EN,Combined TRACON& Tower with Radar,2,35,9,0,46,0,0,0,0,0,2,35,9,0,46,0,0,0,46
10/06/2010,AVP,PA,AEA,EN,Combined TRACON& Tower with Radar,2,46,21,0,69,0,1,10,0,11,2,47,31,0,80,10,0,10,90
10/07/2010,AVP,PA,AEA,EN,Combined TRACON& Tower with Radar,2,41,11,11,65,0,2,75,1,78,2,43,86,12,143,90,0,90,233
10/08/2010,AVP,PA,AEA,EN,Combined TRACON& Tower with Radar,2,42,17,0,61,0,8,104,0,112,2,50,121,0,173,121,0,121,294
10/09/2010,AVP,PA,AEA,EN,Combined TRACON& Tower with Radar,3,41,27,0,71,0,2,118,0,120,3,43,145,0,191,94,0,94,285
10/10/2010,AVP,PA,AEA,EN,Combined TRACON& Tower with Radar,3,41,24,1,69,0,3,57,0,60,3,44,81,1,129,55,0,55,184
10/11/2010,AVP,PA,AEA,EN,Combined TRACON& Tower with Radar,2,38,23,3,66,0,0,25,0,25,2,38,48,3,91,90,0,90,181
10/12/2010,AVP,PA,AEA,EN,Combined TRACON& Tower with Radar,2,43,20,0,65,0,4,108,0,112,2,47,128,0,177,0,0,0,177
10/13/2010,AVP,PA,AEA,EN,Combined TRACON& Tower with Radar,2,44,25,1,72,0,5,108,4,117,2,49,133,5,189,94,0,94,283
10/14/2010,AVP,PA,AEA,EN,Combined TRACON& Tower with Radar,2,36,11,0,49,0,3,7,0,10,2,39,18,0,59,0,0,0,59
10/15/2010,AVP,PA,AEA,EN,Combined TRACON& Tower with Radar,2,44,1,0,47,0,0,8,0,8,2,44,9,0,55,22,0,22,77
10/16/2010,AVP,PA,AEA,EN,Combined TRACON& Tower with Radar,3,30,5,0,38,0,7,2,1,10,3,37,7,1,48,0,0,0,48
10/17/2010,AVP,PA,AEA,EN,Combined TRACON& Tower with Radar,3,37,15,0,55,0,8,57,2,67,3,45,72,2,122,70,0,70,192
10/18/2010,AVP,PA,AEA,EN,Combined TRACON& Tower with Radar,2,41,21,0,64,0,0,52,0,52,2,41,73,0,116,34,0,34,150
10/19/2010,AVP,PA,AEA,EN,Combined TRACON& Tower with Radar,2,41,13,2,58,0,5,74,2,81,2,46,87,4,139,64,0,64,203
10/20/2010,AVP,PA,AEA,EN,Combined TRACON& Tower with Radar,2,39,33,0,74,0,2,114,0,116,2,41,147,0,190,128,0,128,318
10/21/2010,AVP,PA,AEA,EN,Combined TRACON& Tower with Radar,2,36,28,2,68,0,5,82,1,88,2,41,110,3,156,102,0,102,258
10/22/2010,AVP,PA,AEA,EN,Combined TRACON& Tower with Radar,2,41,7,0,50,0,3,93,0,96,2,44,100,0,146,118,0,118,264
10/23/2010,AVP,PA,AEA,EN,Combined TRACON& Tower with Radar,4,31,14,0,49,0,7,36,0,43,4,38,50,0,92,76,0,76,168
10/24/2010,AVP,PA,AEA,EN,Combined TRACON& Tower with Radar,2,35,24,0,61,0,8,92,0,100,2,43,116,0,161,134,0,134,295
10/25/2010,AVP,PA,AEA,EN,Combined TRACON& Tower with Radar,2,38,15,0,55,0,3,90,0,93,2,41,105,0,148,2,0,2,150
10/26/2010,AVP,PA,AEA,EN,Combined TRACON& Tower with Radar,2,41,19,0,62,0,5,18,2,25,2,46,37,2,87,0,0,0,87
10/27/2010,AVP,PA,AEA,EN,Combined TRACON& Tower with Radar,1,45,22,0,68,0,4,68,0,72,1,49,90,0,140,90,0,90,230
10/28/2010,AVP,PA,AEA,EN,Combined TRACON& Tower with Radar,1,41,16,0,58,0,8,81,2,91,1,49,97,2,149,107,0,107,256
10/29/2010,AVP,PA,AEA,EN,Combined TRACON& Tower with Radar,2,34,14,0,50,0,5,22,0,27,2,39,36,0,77,12,0,12,89
10/30/2010,AVP,PA,AEA,EN,Combined TRACON& Tower with Radar,2,31,15,0,48,0,7,61,7,75,2,38,76,7,123,55,0,55,178
10/31/2010,AVP,PA,AEA,EN,Combined TRACON& Tower with Radar,2,35,17,0,54,0,2,43,0,45,2,37,60,0,99,0,0,0,99
11/01/2010,AVP,PA,AEA,EN,Combined TRACON& Tower with Radar,2,34,13,0,49,0,10,17,0,27,2,44,30,0,76,20,0,20,96
11/02/2010,AVP,PA,AEA,EN,Combined TRACON& Tower with Radar,2,46,22,2,72,0,7,77,0,84,2,53,99,2,156,60,0,60,216
11/03/2010,AVP,PA,AEA,EN,Combined TRACON& Tower with Radar,2,43,18,0,63,0,7,128,4,139,2,50,146,4,202,112,0,112,314
11/04/2010,AVP,PA,AEA,EN,Combined TRACON& Tower with Radar,2,33,5,0,40,0,0,2,0,2,2,33,7,0,42,12,0,12,54
11/05/2010,AVP,PA,AEA,EN,Combined TRACON& Tower with Radar,2,43,16,2,63,0,1,22,0,23,2,44,38,2,86,44,0,44,130
11/06/2010,AVP,PA,AEA,EN,Combined TRACON& Tower with Radar,2,30,33,0,65,0,0,36,0,36,2,30,69,0,101,40,0,40,141
11/07/2010,AVP,PA,AEA,EN,Combined TRACON& Tower with Radar,2,36,19,2,59,0,2,36,0,38,2,38,55,2,97,18,0,18,115
11/08/2010,AVP,PA,AEA,EN,Combined TRACON& Tower with Radar,2,36,17,0,55,0,6,28,0,34,2,42,45,0,89,42,0,42,131
11/09/2010,AVP,PA,AEA,EN,Combined TRACON& Tower with Radar,2,42,19,0,63,0,6,23,1,30,2,48,42,1,93,44,0,44,137
11/10/2010,AVP,PA,AEA,EN,Combined TRACON& Tower with Radar,2,41,20,2,65,0,2,102,2,106,2,43,122,4,171,98,0,98,269
11/11/2010,AVP,PA,AEA,EN,Combined TRACON& Tower with Radar,2,38,14,0,54,0,0,100,0,100,2,38,114,0,154,102,0,102,256
11/12/2010,AVP,PA,AEA,EN,Combined TRACON& Tower with Radar,2,43,8,0,53,0,7,103,3,113,2,50,111,3,166,112,0,112,278
11/13/2010,AVP,PA,AEA,EN,Combined TRACON& Tower with Radar,2,33,22,0,57,0,4,93,3,100,2,37,115,3,157,74,0,74,231
11/14/2010,AVP,PA,AEA,EN,Combined TRACON& Tower with Radar,2,34,16,0,52,0,7,32,0,39,2,41,48,0,91,24,0,24,115
11/15/2010,AVP,PA,AEA,EN,Combined TRACON& Tower with Radar,2,38,17,0,57,0,6,14,0,20,2,44,31,0,77,0,0,0,77
11/16/2010,AVP,PA,AEA,EN,Combined TRACON& Tower with Radar,2,42,10,2,56,0,6,0,2,8,2,48,10,4,64,0,0,0,64
11/17/2010,AVP,PA,AEA,EN,Combined TRACON& Tower with Radar,2,43,1,0,46,0,4,2,0,6,2,47,3,0,52,0,0,0,52
11/18/2010,AVP,PA,AEA,EN,Combined TRACON& Tower with Radar,2,40,14,0,56,0,0,13,0,13,2,40,27,0,69,0,0,0,69
11/19/2010,AVP,PA,AEA,EN,Combined TRACON& Tower with Radar,2,42,21,0,65,0,8,105,0,113,2,50,126,0,178,120,0,120,298
11/20/2010,AVP,PA,AEA,EN,Combined TRACON& Tower with Radar,3,33,21,0,57,0,6,16,2,24,3,39,37,2,81,0,0,0,81
11/21/2010,AVP,PA,AEA,EN,Combined TRACON& Tower with Radar,3,34,10,0,47,0,6,24,2,32,3,40,34,2,79,0,0,0,79
11/22/2010,AVP,PA,AEA,EN,Combined TRACON& Tower with Radar,2,43,15,0,60,0,10,154,0,164,2,53,169,0,224,56,0,56,280
11/23/2010,AVP,PA,AEA,EN,Combined TRACON& Tower with Radar,2,40,10,0,52,0,2,159,1,162,2,42,169,1,214,72,0,72,286
11/24/2010,AVP,PA,AEA,EN,Combined TRACON& Tower with Radar,2,42,11,0,55,0,4,130,0,134,2,46,141,0,189,61,0,61,250
11/25/2010,AVP,PA,AEA,EN,Combined TRACON& Tower with Radar,2,21,0,0,23,0,2,1,0,3,2,23,1,0,26,0,0,0,26
11/26/2010,AVP,PA,AEA,EN,Combined TRACON& Tower with Radar,2,34,6,0,42,0,4,4,0,8,2,38,10,0,50,16,0,16,66
11/27/2010,AVP,PA,AEA,EN,Combined TRACON& Tower with Radar,4,36,13,0,53,0,2,3,0,5,4,38,16,0,58,0,0,0,58
11/28/2010,AVP,PA,AEA,EN,Combined TRACON& Tower with Radar,2,34,32,0,68,0,8,27,0,35,2,42,59,0,103,0,0,0,103
11/29/2010,AVP,PA,AEA,EN,Combined TRACON& Tower with Radar,2,38,15,0,55,0,15,127,0,142,2,53,142,0,197,128,0,128,325
11/30/2010,AVP,PA,AEA,EN,Combined TRACON& Tower with Radar,2,41,14,0,57,0,0,0,0,0,2,41,14,0,57,0,0,0,57
12/01/2010,AVP,PA,AEA,EN,Combined TRACON& Tower with Radar,2,34,9,0,45,0,1,0,0,1,2,35,9,0,46,0,0,0,46
12/02/2010,AVP,PA,AEA,EN,Combined TRACON& Tower with Radar,2,39,6,0,47,0,6,51,0,57,2,45,57,0,104,72,0,72,176
12/03/2010,AVP,PA,AEA,EN,Combined TRACON& Tower with Radar,2,44,10,2,58,0,11,40,1,52,2,55,50,3,110,92,0,92,202
12/04/2010,AVP,PA,AEA,EN,Combined TRACON& Tower with Radar,3,29,7,0,39,0,6,38,0,44,3,35,45,0,83,27,0,27,110
12/05/2010,AVP,PA,AEA,EN,Combined TRACON& Tower with Radar,3,36,3,2,44,0,2,16,0,18,3,38,19,2,62,14,0,14,76
12/06/2010,AVP,PA,AEA,EN,Combined TRACON& Tower with Radar,2,33,11,0,46,0,6,0,0,6,2,39,11,0,52,0,0,0,52
12/07/2010,AVP,PA,AEA,EN,Combined TRACON& Tower with Radar,2,40,6,0,48,0,6,15,2,23,2,46,21,2,71,15,0,15,86
12/08/2010,AVP,PA,AEA,EN,Combined TRACON& Tower with Radar,2,40,13,0,55,0,3,26,0,29,2,43,39,0,84,28,0,28,112
12/09/2010,AVP,PA,AEA,EN,Combined TRACON& Tower with Radar,2,41,16,6,65,0,4,45,0,49,2,45,61,6,114,18,0,18,132
12/10/2010,AVP,PA,AEA,EN,Combined TRACON& Tower with Radar,2,42,7,0,51,0,4,29,0,33,2,46,36,0,84,28,0,28,112
12/11/2010,AVP,PA,AEA,EN,Combined TRACON& Tower with Radar,4,33,30,0,67,0,1,65,0,66,4,34,95,0,133,24,0,24,157
12/12/2010,AVP,PA,AEA,EN,Combined TRACON& Tower with Radar,2,19,2,0,23,0,0,43,0,43,2,19,45,0,66,44,0,44,110
12/13/2010,AVP,PA,AEA,EN,Combined TRACON& Tower with Radar,2,36,16,0,54,0,2,35,0,37,2,38,51,0,91,46,0,46,137
12/14/2010,AVP,PA,AEA,EN,Combined TRACON& Tower with Radar,2,38,9,0,49,0,0,20,0,20,2,38,29,0,69,19,0,19,88
12/15/2010,AVP,PA,AEA,EN,Combined TRACON& Tower with Radar,2,41,6,1,50,0,1,25,1,27,2,42,31,2,77,17,0,17,94
12/16/2010,AVP,PA,AEA,EN,Combined TRACON& Tower with Radar,2,39,13,0,54,0,5,81,0,86,2,44,94,0,140,77,0,77,217
12/17/2010,AVP,PA,AEA,EN,Combined TRACON& Tower with Radar,2,40,22,0,64,0,3,55,2,60,2,43,77,2,124,63,0,63,187
12/18/2010,AVP,PA,AEA,EN,Combined TRACON& Tower with Radar,2,33,10,0,45,0,7,84,1,92,2,40,94,1,137,50,0,50,187
12/19/2010,AVP,PA,AEA,EN,Combined TRACON& Tower with Radar,2,27,14,0,43,0,2,88,0,90,2,29,102,0,133,10,0,10,143
12/20/2010,AVP,PA,AEA,EN,Combined TRACON& Tower with Radar,2,38,4,0,44,0,3,5,0,8,2,41,9,0,52,0,0,0,52
12/21/2010,AVP,PA,AEA,EN,Combined TRACON& Tower with Radar,2,38,6,0,46,0,4,46,0,50,2,42,52,0,96,40,0,40,136
12/22/2010,AVP,PA,AEA,EN,Combined TRACON& Tower with Radar,2,42,7,2,53,0,2,79,0,81,2,44,86,2,134,76,0,76,210
12/23/2010,AVP,PA,AEA,EN,Combined TRACON& Tower with Radar,2,39,4,0,45,0,4,60,0,64,2,43,64,0,109,108,0,108,217
12/24/2010,AVP,PA,AEA,EN,Combined TRACON& Tower with Radar,2,27,3,0,32,0,4,18,0,22,2,31,21,0,54,32,0,32,86
12/25/2010,AVP,PA,AEA,EN,Combined TRACON& Tower with Radar,1,29,4,0,34,0,4,0,0,4,1,33,4,0,38,0,0,0,38
12/26/2010,AVP,PA,AEA,EN,Combined TRACON& Tower with Radar,4,23,0,0,27,0,2,0,0,2,4,25,0,0,29,0,0,0,29
12/27/2010,AVP,PA,AEA,EN,Combined TRACON& Tower with Radar,2,17,2,0,21,0,2,0,0,2,2,19,2,0,23,0,0,0,23
12/28/2010,AVP,PA,AEA,EN,Combined TRACON& Tower with Radar,2,30,9,0,41,0,2,61,0,63,2,32,70,0,104,96,0,96,200
12/29/2010,AVP,PA,AEA,EN,Combined TRACON& Tower with Radar,2,43,12,0,57,0,5,92,2,99,2,48,104,2,156,94,0,94,250
12/30/2010,AVP,PA,AEA,EN,Combined TRACON& Tower with Radar,2,42,27,0,71,0,11,130,12,153,2,53,157,12,224,86,4,90,314
12/31/2010,AVP,PA,AEA,EN,Combined TRACON& Tower with Radar,2,30,18,0,50,0,6,84,0,90,2,36,102,0,140,99,0,99,239
01/01/2011,AVP,PA,AEA,EN,Combined TRACON& Tower with Radar,2,25,9,0,36,0,0,82,0,82,2,25,91,0,118,0,0,0,118
01/02/2011,AVP,PA,AEA,EN,Combined TRACON& Tower with Radar,2,31,19,0,52,0,2,112,0,114,2,33,131,0,166,118,0,118,284
01/03/2011,AVP,PA,AEA,EN,Combined TRACON& Tower with Radar,2,33,9,0,44,0,10,5,0,15,2,43,14,0,59,0,0,0,59
01/04/2011,AVP,PA,AEA,EN,Combined TRACON& Tower with Radar,2,41,10,0,53,0,4,20,0,24,2,45,30,0,77,0,0,0,77
01/05/2011,AVP,PA,AEA,EN,Combined TRACON& Tower with Radar,1,46,23,4,74,0,8,75,0,83,1,54,98,4,157,102,0,102,259
01/06/2011,AVP,PA,AEA,EN,Combined TRACON& Tower with Radar,1,44,14,0,59,0,5,14,0,19,1,49,28,0,78,8,0,8,86
01/07/2011,AVP,PA,AEA,EN,Combined TRACON& Tower with Radar,2,32,6,2,42,0,4,0,0,4,2,36,6,2,46,0,0,0,46
01/08/2011,AVP,PA,AEA,EN,Combined TRACON& Tower with Radar,2,31,3,0,36,0,0,0,0,0,2,31,3,0,36,0,0,0,36
01/09/2011,AVP,PA,AEA,EN,Combined TRACON& Tower with Radar,2,30,19,2,53,0,0,48,0,48,2,30,67,2,101,52,0,52,153
01/10/2011,AVP,PA,AEA,EN,Combined TRACON& Tower with Radar,1,36,10,0,47,1,3,95,4,103,2,39,105,4,150,88,0,88,238
01/11/2011,AVP,PA,AEA,EN,Combined TRACON& Tower with Radar,0,34,7,2,43,0,0,5,0,5,0,34,12,2,48,0,0,0,48
01/12/2011,AVP,PA,AEA,EN,Combined TRACON& Tower with Radar,1,30,5,0,36,0,2,0,0,2,1,32,5,0,38,0,0,0,38
01/13/2011,AVP,PA,AEA,EN,Combined TRACON& Tower with Radar,2,39,11,0,52,0,7,92,0,99,2,46,103,0,151,110,0,110,261
01/14/2011,AVP,PA,AEA,EN,Combined TRACON& Tower with Radar,2,38,14,0,54,0,8,108,0,116,2,46,122,0,170,98,0,98,268
01/15/2011,AVP,PA,AEA,EN,Combined TRACON& Tower with Radar,4,29,7,0,40,0,6,99,0,105,4,35,106,0,145,90,0,90,235
01/16/2011,AVP,PA,AEA,EN,Combined TRACON& Tower with Radar,2,32,18,0,52,0,2,88,0,90,2,34,106,0,142,100,0,100,242
01/17/2011,AVP,PA,AEA,EN,Combined TRACON& Tower with Radar,2,38,9,2,51,0,3,95,0,98,2,41,104,2,149,104,0,104,253
01/18/2011,AVP,PA,AEA,EN,Combined TRACON& Tower with Radar,4,29,3,0,36,0,0,22,0,22,4,29,25,0,58,22,0,22,80
01/19/2011,AVP,PA,AEA,EN,Combined TRACON& Tower with Radar,0,9,0,0,9,0,0,0,0,0,0,9,0,0,9,0,0,0,9
01/20/2011,AVP,PA,AEA,EN,Combined TRACON& Tower with Radar,1,23,4,4,32,0,0,91,0,91,1,23,95,4,123,86,0,86,209
01/21/2011,AVP,PA,AEA,EN,Combined TRACON& Tower with Radar,2,38,11,2,53,0,0,0,0,0,2,38,11,2,53,0,0,0,53
01/22/2011,AVP,PA,AEA,EN,Combined TRACON& Tower with Radar,2,28,11,0,41,0,6,119,1,126,2,34,130,1,167,80,0,80,247
01/23/2011,AVP,PA,AEA,EN,Combined TRACON& Tower with Radar,2,35,17,2,56,0,2,16,0,18,2,37,33,2,74,10,0,10,84
01/24/2011,AVP,PA,AEA,EN,Combined TRACON& Tower with Radar,2,38,12,0,52,0,1,21,0,22,2,39,33,0,74,13,0,13,87
01/25/2011,AVP,PA,AEA,EN,Combined TRACON& Tower with Radar,2,43,9,0,54,0,6,90,2,98,2,49,99,2,152,84,0,84,236
01/26/2011,AVP,PA,AEA,EN,Combined TRACON& Tower with Radar,5,29,15,0,49,0,5,0,0,5,5,34,15,0,54,0,0,0,54
01/27/2011,AVP,PA,AEA,EN,Combined TRACON& Tower with Radar,1,29,12,0,42,0,3,53,0,56,1,32,65,0,98,42,0,42,140
01/28/2011,AVP,PA,AEA,EN,Combined TRACON& Tower with Radar,2,34,5,2,43,0,2,10,0,12,2,36,15,2,55,0,0,0,55
01/29/2011,AVP,PA,AEA,EN,Combined TRACON& Tower with Radar,2,34,2,0,38,0,1,15,0,16,2,35,17,0,54,21,0,21,75
01/30/2011,AVP,PA,AEA,EN,Combined TRACON& Tower with Radar,2,34,15,2,53,0,6,61,0,67,2,40,76,2,120,56,0,56,176
01/31/2011,AVP,PA,AEA,EN,Combined TRACON& Tower with Radar,2,37,22,0,61,0,8,43,0,51,2,45,65,0,112,24,0,24,136
02/01/2011,AVP,PA,AEA,EN,Combined TRACON& Tower with Radar,1,20,2,0,23,0,2,0,0,2,1,22,2,0,25,0,0,0,25
02/02/2011,AVP,PA,AEA,EN,Combined TRACON& Tower with Radar,1,21,1,0,23,0,2,0,0,2,1,23,1,0,25,0,0,0,25
02/03/2011,AVP,PA,AEA,EN,Combined TRACON& Tower with Radar,1,34,16,0,51,0,6,69,2,77,1,40,85,2,128,31,0,31,159
02/04/2011,AVP,PA,AEA,EN,Combined TRACON& Tower with Radar,2,41,24,2,69,0,5,49,0,54,2,46,73,2,123,25,0,25,148
02/05/2011,AVP,PA,AEA,EN,Combined TRACON& Tower with Radar,2,23,2,0,27,0,0,0,0,0,2,23,2,0,27,0,0,0,27
02/06/2011,AVP,PA,AEA,EN,Combined TRACON& Tower with Radar,2,30,19,2,53,0,3,73,0,76,2,33,92,2,129,68,0,68,197
02/07/2011,AVP,PA,AEA,EN,Combined TRACON& Tower with Radar,2,39,10,0,51,0,6,26,0,32,2,45,36,0,83,38,0,38,121
02/08/2011,AVP,PA,AEA,EN,Combined TRACON& Tower with Radar,2,39,9,2,52,0,4,6,0,10,2,43,15,2,62,10,0,10,72
02/09/2011,AVP,PA,AEA,EN,Combined TRACON& Tower with Radar,2,43,16,4,65,0,13,15,2,30,2,56,31,6,95,20,0,20,115
02/10/2011,AVP,PA,AEA,EN,Combined TRACON& Tower with Radar,2,39,11,0,52,0,7,68,0,75,2,46,79,0,127,60,0,60,187
02/11/2011,AVP,PA,AEA,EN,Combined TRACON& Tower with Radar,1,40,26,1,68,0,1,97,2,100,1,41,123,3,168,62,0,62,230
02/12/2011,AVP,PA,AEA,EN,Combined TRACON& Tower with Radar,2,27,4,0,33,0,6,53,0,59,2,33,57,0,92,62,0,62,154
02/13/2011,AVP,PA,AEA,EN,Combined TRACON& Tower with Radar,2,30,8,4,44,0,6,3,0,9,2,36,11,4,53,0,0,0,53
02/14/2011,AVP,PA,AEA,EN,Combined TRACON& Tower with Radar,2,39,10,0,51,0,5,2,0,7,2,44,12,0,58,0,0,0,58
02/15/2011,AVP,PA,AEA,EN,Combined TRACON& Tower with Radar,2,42,15,5,64,0,5,69,0,74,2,47,84,5,138,62,0,62,200
02/16/2011,AVP,PA,AEA,EN,Combined TRACON& Tower with Radar,2,39,23,8,72,0,7,78,0,85,2,46,101,8,157,64,0,64,221
02/17/2011,AVP,PA,AEA,EN,Combined TRACON& Tower with Radar,2,44,28,2,76,0,7,102,0,109,2,51,130,2,185,52,0,52,237
02/18/2011,AVP,PA,AEA,EN,Combined TRACON& Tower with Radar,4,39,9,0,52,0,6,55,0,61,4,45,64,0,113,56,0,56,169
02/19/2011,AVP,PA,AEA,EN,Combined TRACON& Tower with Radar,2,23,0,0,25,0,2,1,0,3,2,25,1,0,28,0,0,0,28
02/20/2011,AVP,PA,AEA,EN,Combined TRACON& Tower with Radar,1,28,13,0,42,0,4,58,0,62,1,32,71,0,104,38,0,38,142
02/21/2011,AVP,PA,AEA,EN,Combined TRACON& Tower with Radar,1,23,9,0,33,0,2,8,0,10,1,25,17,0,43,31,0,31,74
02/22/2011,AVP,PA,AEA,EN,Combined TRACON& Tower with Radar,2,38,10,0,50,0,1,60,0,61,2,39,70,0,111,42,0,42,153
02/23/2011,AVP,PA,AEA,EN,Combined TRACON& Tower with Radar,2,38,15,8,63,0,5,46,10,61,2,43,61,18,124,21,10,31,155
02/24/2011,AVP,PA,AEA,EN,Combined TRACON& Tower with Radar,2,37,13,0,52,0,3,62,0,65,2,40,75,0,117,74,0,74,191
02/25/2011,AVP,PA,AEA,EN,Combined TRACON& Tower with Radar,2,25,0,0,27,0,0,13,0,13,2,25,13,0,40,9,0,9,49
02/26/2011,AVP,PA,AEA,EN,Combined TRACON& Tower with Radar,3,30,28,0,61,0,5,68,0,73,3,35,96,0,134,42,0,42,176
02/27/2011,AVP,PA,AEA,EN,Combined TRACON& Tower with Radar,3,31,12,0,46,0,1,42,0,43,3,32,54,0,89,36,0,36,125
02/28/2011,AVP,PA,AEA,EN,Combined TRACON& Tower with Radar,2,35,8,0,45,0,1,28,0,29,2,36,36,0,74,39,0,39,113
03/01/2011,AVP,PA,AEA,EN,Combined TRACON& Tower with Radar,2,39,15,0,56,0,3,77,0,80,2,42,92,0,136,110,0,110,246
03/02/2011,AVP,PA,AEA,EN,Combined TRACON& Tower with Radar,2,40,9,0,51,0,6,51,2,59,2,46,60,2,110,90,0,90,200
03/03/2011,AVP,PA,AEA,EN,Combined TRACON& Tower with Radar,2,42,12,0,56,0,3,95,0,98,2,45,107,0,154,80,0,80,234
03/04/2011,AVP,PA,AEA,EN,Combined TRACON& Tower with Radar,2,38,9,2,51,0,4,57,0,61,2,42,66,2,112,72,0,72,184
03/05/2011,AVP,PA,AEA,EN,Combined TRACON& Tower with Radar,4,34,6,0,44,0,0,3,0,3,4,34,9,0,47,0,0,0,47
03/06/2011,AVP,PA,AEA,EN,Combined TRACON& Tower with Radar,2,28,5,2,37,0,0,5,0,5,2,28,10,2,42,6,0,6,48
03/07/2011,AVP,PA,AEA,EN,Combined TRACON& Tower with Radar,2,40,6,0,48,0,0,10,0,10,2,40,16,0,58,0,0,0,58
03/08/2011,AVP,PA,AEA,EN,Combined TRACON& Tower with Radar,2,45,9,1,57,0,6,25,3,34,2,51,34,4,91,0,0,0,91
03/09/2011,AVP,PA,AEA,EN,Combined TRACON& Tower with Radar,2,43,5,1,51,0,5,11,1,17,2,48,16,2,68,0,0,0,68
03/10/2011,AVP,PA,AEA,EN,Combined TRACON& Tower with Radar,2,37,10,0,49,0,0,0,0,0,2,37,10,0,49,0,0,0,49
03/11/2011,AVP,PA,AEA,EN,Combined TRACON& Tower with Radar,4,42,9,0,55,0,15,1,0,16,4,57,10,0,71,0,0,0,71
03/12/2011,AVP,PA,AEA,EN,Combined TRACON& Tower with Radar,3,34,5,2,44,0,2,11,2,15,3,36,16,4,59,0,0,0,59
03/13/2011,AVP,PA,AEA,EN,Combined TRACON& Tower with Radar,3,36,13,0,52,0,3,22,1,26,3,39,35,1,78,16,0,16,94
03/14/2011,AVP,PA,AEA,EN,Combined TRACON& Tower with Radar,2,35,16,2,55,0,12,6,0,18,2,47,22,2,73,0,0,0,73
03/15/2011,AVP,PA,AEA,EN,Combined TRACON& Tower with Radar,2,49,18,0,69,0,12,112,1,125,2,61,130,1,194,85,0,85,279
03/16/2011,AVP,PA,AEA,EN,Combined TRACON& Tower with Radar,2,37,15,2,56,0,2,21,1,24,2,39,36,3,80,27,0,27,107
03/17/2011,AVP,PA,AEA,EN,Combined TRACON& Tower with Radar,2,42,14,1,59,0,4,83,1,88,2,46,97,2,147,104,0,104,251
03/18/2011,AVP,PA,AEA,EN,Combined TRACON& Tower with Radar,2,40,10,0,52,0,4,57,1,62,2,44,67,1,114,56,0,56,170
03/19/2011,AVP,PA,AEA,EN,Combined TRACON& Tower with Radar,3,31,15,0,49,0,3,62,0,65,3,34,77,0,114,50,0,50,164
03/20/2011,AVP,PA,AEA,EN,Combined TRACON& Tower with Radar,3,34,13,0,50,0,1,115,1,117,3,35,128,1,167,132,0,132,299
03/21/2011,AVP,PA,AEA,EN,Combined TRACON& Tower with Radar,2,34,9,0,45,0,2,0,0,2,2,36,9,0,47,0,0,0,47
03/22/2011,AVP,PA,AEA,EN,Combined TRACON& Tower with Radar,2,38,13,0,53,0,10,7,0,17,2,48,20,0,70,4,0,4,74
03/23/2011,AVP,PA,AEA,EN,Combined TRACON& Tower with Radar,1,27,1,0,29,0,0,0,0,0,1,27,1,0,29,0,0,0,29
03/24/2011,AVP,PA,AEA,EN,Combined TRACON& Tower with Radar,1,49,9,1,60,0,1,7,1,9,1,50,16,2,69,0,0,0,69
03/25/2011,AVP,PA,AEA,EN,Combined TRACON& Tower with Radar,2,41,18,0,61,0,0,14,2,16,2,41,32,2,77,0,0,0,77
03/26/2011,AVP,PA,AEA,EN,Combined TRACON& Tower with Radar,3,33,10,2,48,0,0,22,0,22,3,33,32,2,70,0,0,0,70
03/27/2011,AVP,PA,AEA,EN,Combined TRACON& Tower with Radar,3,34,13,0,50,0,4,105,0,109,3,38,118,0,159,81,0,81,240
03/28/2011,AVP,PA,AEA,EN,Combined TRACON& Tower with Radar,2,38,23,0,63,0,2,84,0,86,2,40,107,0,149,100,0,100,249
03/29/2011,AVP,PA,AEA,EN,Combined TRACON& Tower with Radar,2,47,5,2,56,0,5,101,2,108,2,52,106,4,164,94,4,98,262
03/30/2011,AVP,PA,AEA,EN,Combined TRACON& Tower with Radar,2,45,20,3,70,0,1,91,3,95,2,46,111,6,165,76,10,86,251
03/31/2011,AVP,PA,AEA,EN,Combined TRACON& Tower with Radar,2,37,9,0,48,0,2,62,0,64,2,39,71,0,112,49,0,49,161
04/01/2011,AVP,PA,AEA,EN,Combined TRACON& Tower with Radar,2,44,3,2,51,0,2,0,0,2,2,46,3,2,53,0,0,0,53
04/02/2011,AVP,PA,AEA,EN,Combined TRACON& Tower with Radar,2,29,4,0,35,0,2,79,0,81,2,31,83,0,116,79,0,79,195
04/03/2011,AVP,PA,AEA,EN,Combined TRACON& Tower with Radar,4,36,8,2,50,0,5,91,0,96,4,41,99,2,146,92,0,92,238
04/04/2011,AVP,PA,AEA,EN,Combined TRACON& Tower with Radar,2,40,10,0,52,0,5,63,0,68,2,45,73,0,120,72,0,72,192
04/05/2011,AVP,PA,AEA,EN,Combined TRACON& Tower with Radar,2,42,9,0,53,0,3,1,1,5,2,45,10,1,58,0,0,0,58
04/06/2011,AVP,PA,AEA,EN,Combined TRACON& Tower with Radar,2,45,18,0,65,0,2,20,0,22,2,47,38,0,87,0,0,0,87
04/07/2011,AVP,PA,AEA,EN,Combined TRACON& Tower with Radar,2,41,19,0,62,0,10,8,0,18,2,51,27,0,80,0,0,0,80
04/08/2011,AVP,PA,AEA,EN,Combined TRACON& Tower with Radar,2,42,11,0,55,0,3,36,0,39,2,45,47,0,94,27,0,27,121
04/09/2011,AVP,PA,AEA,EN,Combined TRACON& Tower with Radar,2,30,25,0,57,0,8,137,0,145,2,38,162,0,202,108,0,108,310
04/10/2011,AVP,PA,AEA,EN,Combined TRACON& Tower with Radar,1,38,12,0,51,0,0,14,0,14,1,38,26,0,65,10,0,10,75
04/11/2011,AVP,PA,AEA,EN,Combined TRACON& Tower with Radar,1,41,15,0,57,0,4,67,0,71,1,45,82,0,128,74,0,74,202
04/12/2011,AVP,PA,AEA,EN,Combined TRACON& Tower with Radar,2,43,4,0,49,0,4,68,0,72,2,47,72,0,121,82,0,82,203
04/13/2011,AVP,PA,AEA,EN,Combined TRACON& Tower with Radar,2,38,17,0,57,0,2,69,0,71,2,40,86,0,128,84,0,84,212
04/14/2011,AVP,PA,AEA,EN,Combined TRACON& Tower with Radar,3,46,27,0,76,0,0,55,0,55,3,46,82,0,131,37,0,37,168
04/15/2011,AVP,PA,AEA,EN,Combined TRACON& Tower with Radar,3,41,19,0,63,0,12,92,4,108,3,53,111,4,171,102,0,102,273
04/16/2011,AVP,PA,AEA,EN,Combined TRACON& Tower with Radar,3,17,5,0,25,0,1,0,0,1,3,18,5,0,26,0,0,0,26
04/17/2011,AVP,PA,AEA,EN,Combined TRACON& Tower with Radar,3,37,2,0,42,0,0,0,0,0,3,37,2,0,42,0,0,0,42
04/18/2011,AVP,PA,AEA,EN,Combined TRACON& Tower with Radar,2,40,12,0,54,0,4,115,1,120,2,44,127,1,174,88,0,88,262
04/19/2011,AVP,PA,AEA,EN,Combined TRACON& Tower with Radar,2,47,19,0,68,0,3,0,0,3,2,50,19,0,71,0,0,0,71
04/20/2011,AVP,PA,AEA,EN,Combined TRACON& Tower with Radar,2,43,15,0,60,0,5,5,0,10,2,48,20,0,70,0,0,0,70
04/21/2011,AVP,PA,AEA,EN,Combined TRACON& Tower with Radar,2,41,22,2,67,0,4,16,0,20,2,45,38,2,87,0,0,0,87
04/22/2011,AVP,PA,AEA,EN,Combined TRACON& Tower with Radar,2,42,14,0,58,0,0,71,0,71,2,42,85,0,129,44,0,44,173
04/23/2011,AVP,PA,AEA,EN,Combined TRACON& Tower with Radar,3,26,6,0,35,0,1,0,0,1,3,27,6,0,36,0,0,0,36
04/24/2011,AVP,PA,AEA,EN,Combined TRACON& Tower with Radar,5,38,6,0,49,0,4,4,0,8,5,42,10,0,57,0,0,0,57
04/25/2011,AVP,PA,AEA,EN,Combined TRACON& Tower with Radar,2,42,12,0,56,0,7,52,0,59,2,49,64,0,115,76,0,76,191
04/26/2011,AVP,PA,AEA,EN,Combined TRACON& Tower with Radar,1,43,11,0,55,0,5,54,2,61,1,48,65,2,116,26,0,26,142
04/27/2011,AVP,PA,AEA,EN,Combined TRACON& Tower with Radar,3,52,32,0,87,0,7,5,0,12,3,59,37,0,99,219,0,219,318
04/28/2011,AVP,PA,AEA,EN,Combined TRACON& Tower with Radar,6,33,5,0,44,0,14,0,0,14,6,47,5,0,58,50,0,50,108
04/29/2011,AVP,PA,AEA,EN,Combined TRACON& Tower with Radar,2,46,17,2,67,0,16,6,0,22,2,62,23,2,89,90,0,90,179
04/30/2011,AVP,PA,AEA,EN,Combined TRACON& Tower with Radar,3,29,15,0,47,0,8,53,0,61,3,37,68,0,108,90,0,90,198
05/01/2011,AVP,PA,AEA,EN,Combined TRACON& Tower with Radar,3,39,16,2,60,0,26,38,1,65,3,65,54,3,125,232,0,232,357
05/02/2011,AVP,PA,AEA,EN,Combined TRACON& Tower with Radar,2,41,9,0,52,0,1,47,3,51,2,42,56,3,103,56,0,56,159
05/03/2011,AVP,PA,AEA,EN,Combined TRACON& Tower with Radar,3,40,10,0,53,0,14,8,0,22,3,54,18,0,75,152,0,152,227
05/04/2011,AVP,PA,AEA,EN,Combined TRACON& Tower with Radar,2,42,14,8,66,0,18,1,4,23,2,60,15,12,89,105,0,105,194
05/05/2011,AVP,PA,AEA,EN,Combined TRACON& Tower with Radar,2,42,12,0,56,0,15,9,4,28,2,57,21,4,84,78,10,88,172
05/06/2011,AVP,PA,AEA,EN,Combined TRACON& Tower with Radar,2,42,25,1,70,0,21,28,1,50,2,63,53,2,120,88,0,88,208
05/07/2011,AVP,PA,AEA,EN,Combined TRACON& Tower with Radar,4,37,16,0,57,0,20,20,0,40,4,57,36,0,97,140,0,140,237
05/08/2011,AVP,PA,AEA,EN,Combined TRACON& Tower with Radar,2,46,11,0,59,0,37,25,0,62,2,83,36,0,121,72,0,72,193
05/09/2011,AVP,PA,AEA,EN,Combined TRACON& Tower with Radar,2,45,18,0,65,0,16,29,1,46,2,61,47,1,111,158,0,158,269
05/10/2011,AVP,PA,AEA,EN,Combined TRACON& Tower with Radar,2,48,19,3,72,0,11,33,1,45,2,59,52,4,117,44,0,44,161
05/11/2011,AVP,PA,AEA,EN,Combined TRACON& Tower with Radar,2,40,21,0,63,0,4,49,0,53,2,44,70,0,116,95,0,95,211
05/12/2011,AVP,PA,AEA,EN,Combined TRACON& Tower with Radar,2,51,17,2,72,0,2,36,0,38,2,53,53,2,110,70,0,70,180
05/13/2011,AVP,PA,AEA,EN,Combined TRACON& Tower with Radar,2,49,15,0,66,0,8,2,0,10,2,57,17,0,76,86,0,86,162
05/14/2011,AVP,PA,AEA,EN,Combined TRACON& Tower with Radar,2,35,33,0,70,0,18,1,0,19,2,53,34,0,89,72,0,72,161
05/15/2011,AVP,PA,AEA,EN,Combined TRACON& Tower with Radar,4,45,7,0,56,0,6,0,0,6,4,51,7,0,62,68,0,68,130
05/16/2011,AVP,PA,AEA,EN,Combined TRACON& Tower with Radar,2,36,8,0,46,0,2,0,0,2,2,38,8,0,48,0,0,0,48
05/17/2011,AVP,PA,AEA,EN,Combined TRACON& Tower with Radar,2,40,15,0,57,0,3,0,0,3,2,43,15,0,60,0,0,0,60
05/18/2011,AVP,PA,AEA,EN,Combined TRACON& Tower with Radar,2,46,17,2,67,0,0,0,0,0,2,46,17,2,67,0,0,0,67
05/19/2011,AVP,PA,AEA,EN,Combined TRACON& Tower with Radar,2,38,13,0,53,0,0,1,0,1,2,38,14,0,54,0,0,0,54
05/20/2011,AVP,PA,AEA,EN,Combined TRACON& Tower with Radar,2,39,5,0,46,0,11,4,0,15,2,50,9,0,61,88,0,88,149
05/21/2011,AVP,PA,AEA,EN,Combined TRACON& Tower with Radar,2,37,23,0,62,0,9,18,0,27,2,46,41,0,89,126,0,126,215
05/22/2011,AVP,PA,AEA,EN,Combined TRACON& Tower with Radar,2,42,18,0,62,0,9,11,0,20,2,51,29,0,82,50,0,50,132
05/23/2011,AVP,PA,AEA,EN,Combined TRACON& Tower with Radar,2,36,22,4,64,0,0,6,0,6,2,36,28,4,70,2,0,2,72
05/24/2011,AVP,PA,AEA,EN,Combined TRACON& Tower with Radar,2,45,18,0,65,0,8,23,2,33,2,53,41,2,98,0,0,0,98
05/25/2011,AVP,PA,AEA,EN,Combined TRACON& Tower with Radar,2,36,31,0,69,0,8,42,0,50,2,44,73,0,119,72,0,72,191
05/26/2011,AVP,PA,AEA,EN,Combined TRACON& Tower with Radar,1,44,16,4,65,0,16,33,2,51,1,60,49,6,116,104,4,108,224
05/27/2011,AVP,PA,AEA,EN,Combined TRACON& Tower with Radar,0,42,21,0,63,0,6,73,0,79,0,48,94,0,142,70,0,70,212
05/28/2011,AVP,PA,AEA,EN,Combined TRACON& Tower with Radar,3,26,25,1,55,0,11,15,0,26,3,37,40,1,81,82,0,82,163
05/29/2011,AVP,PA,AEA,EN,Combined TRACON& Tower with Radar,2,28,32,0,62,0,12,14,0,26,2,40,46,0,88,70,0,70,158
05/30/2011,AVP,PA,AEA,EN,Combined TRACON& Tower with Radar,2,36,21,1,60,0,0,31,2,33,2,36,52,3,93,40,18,58,151
05/31/2011,AVP,PA,AEA,EN,Combined TRACON& Tower with Radar,2,42,26,0,70,0,11,39,0,50,2,53,65,0,120,68,0,68,188
06/01/2011,AVP,PA,AEA,EN,Combined TRACON& Tower with Radar,2,44,16,0,62,0,2,12,0,14,2,46,28,0,76,0,0,0,76
06/02/2011,AVP,PA,AEA,EN,Combined TRACON& Tower with Radar,2,41,8,0,51,0,3,7,2,12,2,44,15,2,63,0,0,0,63
06/03/2011,AVP,PA,AEA,EN,Combined TRACON& Tower with Radar,2,42,10,2,56,0,1,40,0,41,2,43,50,2,97,0,0,0,97
06/04/2011,AVP,PA,AEA,EN,Combined TRACON& Tower with Radar,3,35,16,2,56,0,3,30,2,35,3,38,46,4,91,0,0,0,91
06/05/2011,AVP,PA,AEA,EN,Combined TRACON& Tower with Radar,3,39,19,2,63,0,6,8,0,14,3,45,27,2,77,0,0,0,77
06/06/2011,AVP,PA,AEA,EN,Combined TRACON& Tower with Radar,2,47,27,0,76,0,0,40,0,40,2,47,67,0,116,0,0,0,116
06/07/2011,AVP,PA,AEA,EN,Combined TRACON& Tower with Radar,2,40,15,0,57,0,2,22,2,26,2,42,37,2,83,0,0,0,83
06/08/2011,AVP,PA,AEA,EN,Combined TRACON& Tower with Radar,2,43,32,0,77,0,5,38,0,43,2,48,70,0,120,60,0,60,180
06/09/2011,AVP,PA,AEA,EN,Combined TRACON& Tower with Radar,4,34,36,0,74,0,0,11,0,11,4,34,47,0,85,34,0,34,119
06/10/2011,AVP,PA,AEA,EN,Combined TRACON& Tower with Radar,2,45,17,0,64,0,1,26,0,27,2,46,43,0,91,38,0,38,129
06/11/2011,AVP,PA,AEA,EN,Combined TRACON& Tower with Radar,3,36,21,0,60,0,2,1,0,3,3,38,22,0,63,22,0,22,85
06/12/2011,AVP,PA,AEA,EN,Combined TRACON& Tower with Radar,6,43,39,0,88,0,1,23,0,24,6,44,62,0,112,0,0,0,112
06/13/2011,AVP,PA,AEA,EN,Combined TRACON& Tower with Radar,3,40,11,0,54,0,6,23,0,29,3,46,34,0,83,124,0,124,207
06/14/2011,AVP,PA,AEA,EN,Combined TRACON& Tower with Radar,2,45,23,0,70,0,1,11,0,12,2,46,34,0,82,0,0,0,82
06/15/2011,AVP,PA,AEA,EN,Combined TRACON& Tower with Radar,2,41,10,2,55,0,8,61,0,69,2,49,71,2,124,88,0,88,212
06/16/2011,AVP,PA,AEA,EN,Combined TRACON& Tower with Radar,2,43,27,0,72,0,7,31,0,38,2,50,58,0,110,86,0,86,196
06/17/2011,AVP,PA,AEA,EN,Combined TRACON& Tower with Radar,4,38,22,0,64,0,3,9,0,12,4,41,31,0,76,28,0,28,104
06/18/2011,AVP,PA,AEA,EN,Combined TRACON& Tower with Radar,2,32,20,0,54,0,21,19,0,40,2,53,39,0,94,124,0,124,218
06/19/2011,AVP,PA,AEA,EN,Combined TRACON& Tower with Radar,3,42,10,0,55,0,23,46,0,69,3,65,56,0,124,176,0,176,300
06/20/2011,AVP,PA,AEA,EN,Combined TRACON& Tower with Radar,3,40,22,0,65,0,23,33,3,59,3,63,55,3,124,128,0,128,252
06/21/2011,AVP,PA,AEA,EN,Combined TRACON& Tower with Radar,2,39,25,0,66,0,14,11,0,25,2,53,36,0,91,153,0,153,244
06/22/2011,AVP,PA,AEA,EN,Combined TRACON& Tower with Radar,2,43,16,1,62,0,4,2,3,9,2,47,18,4,71,12,0,12,83
06/23/2011,AVP,PA,AEA,EN,Combined TRACON& Tower with Radar,2,40,13,0,55,0,2,7,2,11,2,42,20,2,66,14,0,14,80
06/24/2011,AVP,PA,AEA,EN,Combined TRACON& Tower with Radar,2,39,13,0,54,0,6,15,0,21,2,45,28,0,75,142,0,142,217
06/25/2011,AVP,PA,AEA,EN,Combined TRACON& Tower with Radar,3,36,26,0,65,0,15,8,0,23,3,51,34,0,88,176,0,176,264
06/26/2011,AVP,PA,AEA,EN,Combined TRACON& Tower with Radar,3,38,28,0,69,0,8,13,1,22,3,46,41,1,91,124,0,124,215
06/27/2011,AVP,PA,AEA,EN,Combined TRACON& Tower with Radar,2,41,12,0,55,0,2,22,0,24,2,43,34,0,79,162,0,162,241
06/28/2011,AVP,PA,AEA,EN,Combined TRACON& Tower with Radar,2,43,21,2,68,0,3,6,0,9,2,46,27,2,77,164,0,164,241
06/29/2011,AVP,PA,AEA,EN,Combined TRACON& Tower with Radar,2,43,9,1,55,0,1,20,2,23,2,44,29,3,78,37,0,37,115
06/30/2011,AVP,PA,AEA,EN,Combined TRACON& Tower with Radar,2,40,17,0,59,0,12,33,0,45,2,52,50,0,104,164,0,164,268
07/01/2011,AVP,PA,AEA,EN,Combined TRACON& Tower with Radar,2,39,27,0,68,0,19,37,0,56,2,58,64,0,124,98,0,98,222
07/02/2011,AVP,PA,AEA,EN,Combined TRACON& Tower with Radar,6,27,12,0,45,0,28,44,0,72,6,55,56,0,117,184,0,184,301
07/03/2011,AVP,PA,AEA,EN,Combined TRACON& Tower with Radar,2,28,5,0,35,0,8,7,0,15,2,36,12,0,50,84,0,84,134
07/04/2011,AVP,PA,AEA,EN,Combined TRACON& Tower with Radar,2,35,15,0,52,0,27,25,0,52,2,62,40,0,104,158,0,158,262
07/05/2011,AVP,PA,AEA,EN,Combined TRACON& Tower with Radar,2,42,18,1,63,0,13,35,1,49,2,55,53,2,112,118,0,118,230
07/06/2011,AVP,PA,AEA,EN,Combined TRACON& Tower with Radar,2,43,21,10,76,0,2,34,0,36,2,45,55,10,112,36,0,36,148
07/07/2011,AVP,PA,AEA,EN,Combined TRACON& Tower with Radar,2,40,13,0,55,0,23,15,4,42,2,63,28,4,97,12,0,12,109
07/08/2011,AVP,PA,AEA,EN,Combined TRACON& Tower with Radar,1,36,14,0,51,0,15,13,2,30,1,51,27,2,81,130,0,130,211
07/09/2011,AVP,PA,AEA,EN,Combined TRACON& Tower with Radar,3,30,18,0,51,0,9,17,0,26,3,39,35,0,77,162,0,162,239
07/10/2011,AVP,PA,AEA,EN,Combined TRACON& Tower with Radar,2,38,21,0,61,0,21,33,0,54,2,59,54,0,115,176,0,176,291
07/11/2011,AVP,PA,AEA,EN,Combined TRACON& Tower with Radar,1,40,5,1,47,0,3,10,1,14,1,43,15,2,61,84,0,84,145
07/12/2011,AVP,PA,AEA,EN,Combined TRACON& Tower with Radar,3,39,18,0,60,0,14,17,2,33,3,53,35,2,93,79,0,79,172
07/13/2011,AVP,PA,AEA,EN,Combined TRACON& Tower with Radar,2,48,17,0,67,0,20,41,0,61,2,68,58,0,128,130,0,130,258
07/14/2011,AVP,PA,AEA,EN,Combined TRACON& Tower with Radar,2,40,23,0,65,0,31,60,1,92,2,71,83,1,157,148,0,148,305
07/15/2011,AVP,PA,AEA,EN,Combined TRACON& Tower with Radar,2,44,22,4,72,0,30,41,4,75,2,74,63,8,147,162,0,162,309
07/16/2011,AVP,PA,AEA,EN,Combined TRACON& Tower with Radar,2,33,13,0,48,0,26,55,8,89,2,59,68,8,137,168,0,168,305
07/17/2011,AVP,PA,AEA,EN,Combined TRACON& Tower with Radar,2,43,12,0,57,0,42,54,3,99,2,85,66,3,156,160,0,160,316
07/18/2011,AVP,PA,AEA,EN,Combined TRACON& Tower with Radar,2,45,12,0,59,0,22,36,0,58,2,67,48,0,117,118,0,118,235
07/19/2011,AVP,PA,AEA,EN,Combined TRACON& Tower with Radar,2,44,25,0,71,0,16,34,0,50,2,60,59,0,121,138,0,138,259
07/20/2011,AVP,PA,AEA,EN,Combined TRACON& Tower with Radar,2,42,24,1,69,0,6,35,2,43,2,48,59,3,112,28,0,28,140
07/21/2011,AVP,PA,AEA,EN,Combined TRACON& Tower with Radar,2,41,29,2,74,0,0,21,3,24,2,41,50,5,98,0,0,0,98
07/22/2011,AVP,PA,AEA,EN,Combined TRACON& Tower with Radar,2,37,18,0,57,0,6,14,0,20,2,43,32,0,77,0,0,0,77
07/23/2011,AVP,PA,AEA,EN,Combined TRACON& Tower with Radar,2,34,17,0,53,0,22,47,1,70,2,56,64,1,123,54,0,54,177
07/24/2011,AVP,PA,AEA,EN,Combined TRACON& Tower with Radar,2,38,26,0,66,0,33,57,3,93,2,71,83,3,159,136,0,136,295
07/25/2011,AVP,PA,AEA,EN,Combined TRACON& Tower with Radar,2,35,12,2,51,0,20,31,1,52,2,55,43,3,103,134,0,134,237
07/26/2011,AVP,PA,AEA,EN,Combined TRACON& Tower with Radar,4,47,18,0,69,0,0,19,0,19,4,47,37,0,88,62,0,62,150
07/27/2011,AVP,PA,AEA,EN,Combined TRACON& Tower with Radar,2,43,23,0,68,0,28,40,0,68,2,71,63,0,136,162,0,162,298
07/28/2011,AVP,PA,AEA,EN,Combined TRACON& Tower with Radar,2,49,16,2,69,0,30,36,0,66,2,79,52,2,135,144,0,144,279
07/29/2011,AVP,PA,AEA,EN,Combined TRACON& Tower with Radar,2,44,19,0,65,0,21,17,0,38,2,65,36,0,103,98,0,98,201
07/30/2011,AVP,PA,AEA,EN,Combined TRACON& Tower with Radar,2,35,17,0,54,0,54,51,0,105,2,89,68,0,159,166,0,166,325
07/31/2011,AVP,PA,AEA,EN,Combined TRACON& Tower with Radar,3,37,19,0,59,0,50,47,0,97,3,87,66,0,156,144,0,144,300
08/01/2011,AVP,PA,AEA,EN,Combined TRACON& Tower with Radar,1,43,6,0,50,0,38,42,0,80,1,81,48,0,130,152,0,152,282
08/02/2011,AVP,PA,AEA,EN,Combined TRACON& Tower with Radar,2,43,13,0,58,0,6,35,0,41,2,49,48,0,99,220,0,220,319
08/03/2011,AVP,PA,AEA,EN,Combined TRACON& Tower with Radar,2,43,18,0,63,0,5,36,0,41,2,48,54,0,104,23,0,23,127
08/04/2011,AVP,PA,AEA,EN,Combined TRACON& Tower with Radar,6,50,27,0,83,0,48,42,0,90,6,98,69,0,173,146,0,146,319
08/05/2011,AVP,PA,AEA,EN,Combined TRACON& Tower with Radar,1,42,27,8,78,0,51,61,0,112,1,93,88,8,190,172,0,172,362
08/06/2011,AVP,PA,AEA,EN,Combined TRACON& Tower with Radar,4,35,19,0,58,0,7,6,0,13,4,42,25,0,71,0,0,0,71
08/07/2011,AVP,PA,AEA,EN,Combined TRACON& Tower with Radar,7,44,53,1,105,0,4,0,0,4,7,48,53,1,109,0,0,0,109
08/08/2011,AVP,PA,AEA,EN,Combined TRACON& Tower with Radar,1,41,27,0,69,0,14,42,0,56,1,55,69,0,125,104,0,104,229
08/09/2011,AVP,PA,AEA,EN,Combined TRACON& Tower with Radar,1,39,19,0,59,0,2,18,6,26,1,41,37,6,85,42,0,42,127
08/10/2011,AVP,PA,AEA,EN,Combined TRACON& Tower with Radar,2,42,11,5,60,0,17,30,3,50,2,59,41,8,110,36,0,36,146
08/11/2011,AVP,PA,AEA,EN,Combined TRACON& Tower with Radar,2,44,19,1,66,0,24,59,2,85,2,68,78,3,151,186,0,186,337
08/12/2011,AVP,PA,AEA,EN,Combined TRACON& Tower with Radar,2,43,15,5,65,0,35,44,2,81,2,78,59,7,146,164,0,164,310
08/13/2011,AVP,PA,AEA,EN,Combined TRACON& Tower with Radar,2,35,27,0,64,0,28,42,4,74,2,63,69,4,138,184,0,184,322
08/14/2011,AVP,PA,AEA,EN,Combined TRACON& Tower with Radar,2,33,15,2,52,0,21,10,0,31,2,54,25,2,83,144,0,144,227
08/15/2011,AVP,PA,AEA,EN,Combined TRACON& Tower with Radar,4,34,11,2,51,0,36,23,1,60,4,70,34,3,111,143,0,143,254
08/16/2011,AVP,PA,AEA,EN,Combined TRACON& Tower with Radar,2,43,14,0,59,0,8,4,0,12,2,51,18,0,71,10,0,10,81
08/17/2011,AVP,PA,AEA,EN,Combined TRACON& Tower with Radar,2,40,42,0,84,0,25,58,3,86,2,65,100,3,170,208,0,208,378
08/18/2011,AVP,PA,AEA,EN,Combined TRACON& Tower with Radar,5,48,12,0,65,0,15,22,0,37,5,63,34,0,102,78,0,78,180
08/19/2011,AVP,PA,AEA,EN,Combined TRACON& Tower with Radar,3,35,12,0,50,0,50,37,0,87,3,85,49,0,137,164,0,164,301
08/20/2011,AVP,PA,AEA,EN,Combined TRACON& Tower with Radar,2,26,9,0,37,0,16,25,0,41,2,42,34,0,78,154,0,154,232
08/21/2011,AVP,PA,AEA,EN,Combined TRACON& Tower with Radar,2,33,16,0,51,0,36,36,0,72,2,69,52,0,123,162,0,162,285
08/22/2011,AVP,PA,AEA,EN,Combined TRACON& Tower with Radar,2,44,17,0,63,0,45,52,0,97,2,89,69,0,160,170,0,170,330
08/23/2011,AVP,PA,AEA,EN,Combined TRACON& Tower with Radar,2,48,22,0,72,0,5,51,0,56,2,53,73,0,128,92,0,92,220
08/24/2011,AVP,PA,AEA,EN,Combined TRACON& Tower with Radar,2,41,20,0,63,0,12,52,0,64,2,53,72,0,127,4,0,4,131
08/25/2011,AVP,PA,AEA,EN,Combined TRACON& Tower with Radar,2,27,19,0,48,0,40,32,0,72,2,67,51,0,120,122,0,122,242
08/26/2011,AVP,PA,AEA,EN,Combined TRACON& Tower with Radar,2,43,12,1,58,0,54,89,1,144,2,97,101,2,202,186,0,186,388
08/27/2011,AVP,PA,AEA,EN,Combined TRACON& Tower with Radar,3,29,5,0,37,0,18,26,0,44,3,47,31,0,81,80,0,80,161
08/28/2011,AVP,PA,AEA,EN,Combined TRACON& Tower with Radar,1,12,2,0,15,0,2,1,1,4,1,14,3,1,19,0,0,0,19
08/29/2011,AVP,PA,AEA,EN,Combined TRACON& Tower with Radar,2,37,15,4,58,0,2,40,5,47,2,39,55,9,105,0,0,0,105
08/30/2011,AVP,PA,AEA,EN,Combined TRACON& Tower with Radar,2,43,18,0,63,0,18,63,0,81,2,61,81,0,144,137,0,137,281
08/31/2011,AVP,PA,AEA,EN,Combined TRACON& Tower with Radar,2,35,25,2,64,0,15,48,3,66,2,50,73,5,130,90,0,90,220
09/01/2011,AVP,PA,AEA,EN,Combined TRACON& Tower with Radar,2,42,21,3,68,0,6,14,1,21,2,48,35,4,89,0,0,0,89
09/02/2011,AVP,PA,AEA,EN,Combined TRACON& Tower with Radar,1,41,31,0,73,0,3,12,0,15,1,44,43,0,88,0,0,0,88
09/03/2011,AVP,PA,AEA,EN,Combined TRACON& Tower with Radar,1,28,8,0,37,0,10,9,0,19,1,38,17,0,56,0,0,0,56
09/04/2011,AVP,PA,AEA,EN,Combined TRACON& Tower with Radar,2,29,6,0,37,0,4,3,0,7,2,33,9,0,44,0,0,0,44
09/05/2011,AVP,PA,AEA,EN,Combined TRACON& Tower with Radar,2,33,14,0,49,0,0,0,0,0,2,33,14,0,49,0,0,0,49
09/06/2011,AVP,PA,AEA,EN,Combined TRACON& Tower with Radar,2,31,7,2,42,0,2,0,0,2,2,33,7,2,44,0,0,0,44
09/07/2011,AVP,PA,AEA,EN,Combined TRACON& Tower with Radar,2,33,20,2,57,0,0,1,0,1,2,33,21,2,58,0,0,0,58
09/08/2011,AVP,PA,AEA,EN,Combined TRACON& Tower with Radar,1,35,12,0,48,0,4,50,2,56,1,39,62,2,104,0,0,0,104
09/09/2011,AVP,PA,AEA,EN,Combined TRACON& Tower with Radar,1,39,17,2,59,0,4,48,4,56,1,43,65,6,115,14,0,14,129
09/10/2011,AVP,PA,AEA,EN,Combined TRACON& Tower with Radar,2,31,21,0,54,0,10,45,2,57,2,41,66,2,111,0,0,0,111
09/11/2011,AVP,PA,AEA,EN,Combined TRACON& Tower with Radar,2,33,20,0,55,0,8,10,1,19,2,41,30,1,74,0,0,0,74
09/12/2011,AVP,PA,AEA,EN,Combined TRACON& Tower with Radar,2,40,17,0,59,0,1,19,0,20,2,41,36,0,79,0,0,0,79
09/13/2011,AVP,PA,AEA,EN,Combined TRACON& Tower with Radar,2,46,15,2,65,0,4,16,0,20,2,50,31,2,85,0,0,0,85
09/14/2011,AVP,PA,AEA,EN,Combined TRACON& Tower with Radar,2,44,19,0,65,0,12,30,0,42,2,56,49,0,107,84,0,84,191
09/15/2011,AVP,PA,AEA,EN,Combined TRACON& Tower with Radar,2,42,21,1,66,0,2,6,0,8,2,44,27,1,74,0,0,0,74
09/16/2011,AVP,PA,AEA,EN,Combined TRACON& Tower with Radar,2,41,16,3,62,0,4,14,1,19,2,45,30,4,81,0,0,0,81
09/17/2011,AVP,PA,AEA,EN,Combined TRACON& Tower with Radar,2,28,12,0,42,0,6,22,1,29,2,34,34,1,71,0,0,0,71
09/18/2011,AVP,PA,AEA,EN,Combined TRACON& Tower with Radar,4,37,17,0,58,0,4,38,0,42,4,41,55,0,100,54,0,54,154
09/19/2011,AVP,PA,AEA,EN,Combined TRACON& Tower with Radar,4,43,9,2,58,0,4,51,2,57,4,47,60,4,115,0,0,0,115
09/20/2011,AVP,PA,AEA,EN,Combined TRACON& Tower with Radar,4,42,12,8,66,0,9,12,0,21,4,51,24,8,87,18,0,18,105
09/21/2011,AVP,PA,AEA,EN,Combined TRACON& Tower with Radar,2,41,41,2,86,0,3,5,0,8,2,44,46,2,94,0,0,0,94
09/22/2011,AVP,PA,AEA,EN,Combined TRACON& Tower with Radar,2,41,10,0,53,0,0,4,0,4,2,41,14,0,57,0,0,0,57
09/23/2011,AVP,PA,AEA,EN,Combined TRACON& Tower with Radar,4,37,10,8,59,0,0,0,0,0,4,37,10,8,59,33,0,33,92
09/24/2011,AVP,PA,AEA,EN,Combined TRACON& Tower with Radar,4,31,13,2,50,0,8,9,0,17,4,39,22,2,67,54,0,54,121
09/25/2011,AVP,PA,AEA,EN,Combined TRACON& Tower with Radar,2,39,9,2,52,0,11,32,0,43,2,50,41,2,95,18,0,18,113
09/26/2011,AVP,PA,AEA,EN,Combined TRACON& Tower with Radar,2,51,14,0,67,0,16,30,2,48,2,67,44,2,115,68,0,68,183
09/27/2011,AVP,PA,AEA,EN,Combined TRACON& Tower with Radar,1,39,18,0,58,0,8,5,0,13,1,47,23,0,71,16,0,16,87
09/28/2011,AVP,PA,AEA,EN,Combined TRACON& Tower with Radar,2,52,25,4,83,0,7,5,0,12,2,59,30,4,95,0,0,0,95
09/29/2011,AVP,PA,AEA,EN,Combined TRACON& Tower with Radar,4,42,18,2,66,0,2,0,0,2,4,44,18,2,68,0,0,0,68
09/30/2011,AVP,PA,AEA,EN,Combined TRACON& Tower with Radar,2,41,33,2,78,0,13,50,0,63,2,54,83,2,141,88,0,88,229
10/01/2011,AVP,PA,AEA,EN,Combined TRACON& Tower with Radar,2,26,6,0,34,0,3,1,0,4,2,29,7,0,38,0,0,0,38
10/02/2011,AVP,PA,AEA,EN,Combined TRACON& Tower with Radar,1,36,15,2,54,0,0,0,0,0,1,36,15,2,54,0,0,0,54
10/03/2011,AVP,PA,AEA,EN,Combined TRACON& Tower with Radar,1,43,14,0,58,0,2,16,0,18,1,45,30,0,76,0,0,0,76
10/04/2011,AVP,PA,AEA,EN,Combined TRACON& Tower with Radar,2,40,16,0,58,0,4,17,1,22,2,44,33,1,80,24,0,24,104
10/05/2011,AVP,PA,AEA,EN,Combined TRACON& Tower with Radar,3,43,25,0,71,0,8,49,1,58,3,51,74,1,129,90,3,93,222
10/06/2011,AVP,PA,AEA,EN,Combined TRACON& Tower with Radar,1,47,32,0,80,0,0,47,2,49,1,47,79,2,129,0,0,0,129
10/07/2011,AVP,PA,AEA,EN,Combined TRACON& Tower with Radar,2,41,23,0,66,0,0,55,0,55,2,41,78,0,121,0,0,0,121
10/08/2011,AVP,PA,AEA,EN,Combined TRACON& Tower with Radar,3,28,11,0,42,0,10,62,0,72,3,38,73,0,114,0,0,0,114
10/09/2011,AVP,PA,AEA,EN,Combined TRACON& Tower with Radar,3,34,27,0,64,0,4,46,0,50,3,38,73,0,114,0,0,0,114
10/10/2011,AVP,PA,AEA,EN,Combined TRACON& Tower with Radar,2,48,22,0,72,0,5,29,0,34,2,53,51,0,106,0,0,0,106
10/11/2011,AVP,PA,AEA,EN,Combined TRACON& Tower with Radar,2,43,10,0,55,0,12,37,0,49,2,55,47,0,104,38,0,38,142
10/12/2011,AVP,PA,AEA,EN,Combined TRACON& Tower with Radar,4,46,25,0,75,0,10,8,0,18,4,56,33,0,93,50,0,50,143
10/13/2011,AVP,PA,AEA,EN,Combined TRACON& Tower with Radar,2,35,23,4,64,0,0,0,0,0,2,35,23,4,64,0,0,0,64
10/14/2011,AVP,PA,AEA,EN,Combined TRACON& Tower with Radar,2,41,6,0,49,0,11,15,4,30,2,52,21,4,79,17,0,17,96
10/15/2011,AVP,PA,AEA,EN,Combined TRACON& Tower with Radar,3,26,5,0,34,0,0,12,2,14,3,26,17,2,48,0,0,0,48
10/16/2011,AVP,PA,AEA,EN,Combined TRACON& Tower with Radar,3,38,15,0,56,0,11,13,0,24,3,49,28,0,80,0,0,0,80
10/17/2011,AVP,PA,AEA,EN,Combined TRACON& Tower with Radar,2,44,5,2,53,0,2,20,0,22,2,46,25,2,75,0,0,0,75
10/18/2011,AVP,PA,AEA,EN,Combined TRACON& Tower with Radar,2,43,18,0,63,0,10,43,0,53,2,53,61,0,116,57,0,57,173
10/19/2011,AVP,PA,AEA,EN,Combined TRACON& Tower with Radar,2,38,19,0,59,0,2,2,0,4,2,40,21,0,63,0,0,0,63
10/20/2011,AVP,PA,AEA,EN,Combined TRACON& Tower with Radar,2,46,14,0,62,0,0,4,2,6,2,46,18,2,68,18,0,18,86
10/21/2011,AVP,PA,AEA,EN,Combined TRACON& Tower with Radar,2,44,23,0,69,0,7,18,7,32,2,51,41,7,101,26,0,26,127
10/22/2011,AVP,PA,AEA,EN,Combined TRACON& Tower with Radar,4,32,15,0,51,0,9,27,0,36,4,41,42,0,87,52,0,52,139
10/23/2011,AVP,PA,AEA,EN,Combined TRACON& Tower with Radar,2,43,20,0,65,0,9,49,0,58,2,52,69,0,123,0,0,0,123
10/24/2011,AVP,PA,AEA,EN,Combined TRACON& Tower with Radar,2,42,8,0,52,0,3,17,0,20,2,45,25,0,72,0,8,8,80
10/25/2011,AVP,PA,AEA,EN,Combined TRACON& Tower with Radar,2,47,16,0,65,0,2,21,2,25,2,49,37,2,90,2,0,2,92
10/26/2011,AVP,PA,AEA,EN,Combined TRACON& Tower with Radar,2,40,16,7,65,0,1,11,1,13,2,41,27,8,78,13,6,19,97
10/27/2011,AVP,PA,AEA,EN,Combined TRACON& Tower with Radar,2,39,9,0,50,0,0,0,0,0,2,39,9,0,50,0,0,0,50
10/28/2011,AVP,PA,AEA,EN,Combined TRACON& Tower with Radar,2,46,21,0,69,0,13,35,0,48,2,59,56,0,117,79,0,79,196
10/29/2011,AVP,PA,AEA,EN,Combined TRACON& Tower with Radar,2,11,0,0,13,0,0,0,0,0,2,11,0,0,13,0,0,0,13
10/30/2011,AVP,PA,AEA,EN,Combined TRACON& Tower with Radar,2,33,9,0,44,0,0,21,0,21,2,33,30,0,65,0,0,0,65
10/31/2011,AVP,PA,AEA,EN,Combined TRACON& Tower with Radar,2,42,9,0,53,0,6,25,0,31,2,48,34,0,84,40,0,40,124
11/01/2011,AVP,PA,AEA,EN,Combined TRACON& Tower with Radar,2,40,18,0,60,0,5,50,0,55,2,45,68,0,115,54,0,54,169
11/02/2011,AVP,PA,AEA,EN,Combined TRACON& Tower with Radar,2,41,25,0,68,0,5,42,0,47,2,46,67,0,115,66,0,66,181
11/03/2011,AVP,PA,AEA,EN,Combined TRACON& Tower with Radar,2,41,20,0,63,0,2,27,0,29,2,43,47,0,92,62,0,62,154
11/04/2011,AVP,PA,AEA,EN,Combined TRACON& Tower with Radar,2,45,19,0,66,0,6,20,0,26,2,51,39,0,92,16,0,16,108
11/05/2011,AVP,PA,AEA,EN,Combined TRACON& Tower with Radar,2,29,7,0,38,0,12,67,0,79,2,41,74,0,117,70,0,70,187
11/06/2011,AVP,PA,AEA,EN,Combined TRACON& Tower with Radar,2,37,15,0,54,0,14,37,0,51,2,51,52,0,105,37,0,37,142
11/07/2011,AVP,PA,AEA,EN,Combined TRACON& Tower with Radar,2,42,10,0,54,0,6,32,0,38,2,48,42,0,92,20,0,20,112
11/08/2011,AVP,PA,AEA,EN,Combined TRACON& Tower with Radar,2,41,7,0,50,0,4,41,5,50,2,45,48,5,100,74,0,74,174
11/09/2011,AVP,PA,AEA,EN,Combined TRACON& Tower with Radar,6,46,14,0,66,0,18,30,0,48,6,64,44,0,114,19,0,19,133
11/10/2011,AVP,PA,AEA,EN,Combined TRACON& Tower with Radar,4,59,19,0,82,0,0,0,0,0,4,59,19,0,82,0,0,0,82
11/11/2011,AVP,PA,AEA,EN,Combined TRACON& Tower with Radar,2,45,16,0,63,0,10,13,0,23,2,55,29,0,86,0,0,0,86
11/12/2011,AVP,PA,AEA,EN,Combined TRACON& Tower with Radar,2,28,9,0,39,0,5,28,2,35,2,33,37,2,74,32,0,32,106
11/13/2011,AVP,PA,AEA,EN,Combined TRACON& Tower with Radar,2,38,19,0,59,0,5,27,0,32,2,43,46,0,91,0,0,0,91
11/14/2011,AVP,PA,AEA,EN,Combined TRACON& Tower with Radar,2,41,19,0,62,0,2,7,0,9,2,43,26,0,71,60,0,60,131
11/15/2011,AVP,PA,AEA,EN,Combined TRACON& Tower with Radar,2,44,16,0,62,0,2,3,0,5,2,46,19,0,67,0,0,0,67
11/16/2011,AVP,PA,AEA,EN,Combined TRACON& Tower with Radar,2,36,25,0,63,0,2,0,0,2,2,38,25,0,65,0,0,0,65
11/17/2011,AVP,PA,AEA,EN,Combined TRACON& Tower with Radar,2,41,28,0,71,0,4,26,3,33,2,45,54,3,104,24,0,24,128
11/18/2011,AVP,PA,AEA,EN,Combined TRACON& Tower with Radar,2,37,17,0,56,0,6,26,0,32,2,43,43,0,88,0,0,0,88
11/19/2011,AVP,PA,AEA,EN,Combined TRACON& Tower with Radar,3,27,20,0,50,0,5,30,0,35,3,32,50,0,85,54,0,54,139
11/20/2011,AVP,PA,AEA,EN,Combined TRACON& Tower with Radar,3,36,10,0,49,0,4,14,1,19,3,40,24,1,68,0,0,0,68
11/21/2011,AVP,PA,AEA,EN,Combined TRACON& Tower with Radar,2,34,18,0,54,0,4,16,0,20,2,38,34,0,74,0,0,0,74
11/22/2011,AVP,PA,AEA,EN,Combined TRACON& Tower with Radar,2,42,15,0,59,0,0,0,0,0,2,42,15,0,59,0,0,0,59
11/23/2011,AVP,PA,AEA,EN,Combined TRACON& Tower with Radar,2,43,15,0,60,0,0,1,0,1,2,43,16,0,61,0,0,0,61
11/24/2011,AVP,PA,AEA,EN,Combined TRACON& Tower with Radar,2,19,11,0,32,0,8,13,1,22,2,27,24,1,54,54,0,54,108
11/25/2011,AVP,PA,AEA,EN,Combined TRACON& Tower with Radar,2,24,9,0,35,0,8,37,1,46,2,32,46,1,81,24,0,24,105
11/26/2011,AVP,PA,AEA,EN,Combined TRACON& Tower with Radar,4,38,11,2,55,0,7,24,1,32,4,45,35,3,87,54,0,54,141
11/27/2011,AVP,PA,AEA,EN,Combined TRACON& Tower with Radar,2,34,24,0,60,0,11,30,0,41,2,45,54,0,101,14,0,14,115
11/28/2011,AVP,PA,AEA,EN,Combined TRACON& Tower with Radar,2,41,13,0,56,0,4,16,2,22,2,45,29,2,78,12,0,12,90
11/29/2011,AVP,PA,AEA,EN,Combined TRACON& Tower with Radar,2,30,17,11,60,0,1,0,0,1,2,31,17,11,61,0,0,0,61
11/30/2011,AVP,PA,AEA,EN,Combined TRACON& Tower with Radar,2,35,7,3,47,0,2,6,0,8,2,37,13,3,55,0,0,0,55
12/01/2011,AVP,PA,AEA,EN,Combined TRACON& Tower with Radar,2,40,13,2,57,0,6,27,4,37,2,46,40,6,94,10,0,10,104
12/02/2011,AVP,PA,AEA,EN,Combined TRACON& Tower with Radar,2,39,4,2,47,0,7,24,0,31,2,46,28,2,78,6,0,6,84
12/03/2011,AVP,PA,AEA,EN,Combined TRACON& Tower with Radar,3,21,9,0,33,0,5,38,0,43,3,26,47,0,76,2,0,2,78
12/04/2011,AVP,PA,AEA,EN,Combined TRACON& Tower with Radar,3,36,12,4,55,0,10,19,0,29,3,46,31,4,84,18,0,18,102
12/05/2011,AVP,PA,AEA,EN,Combined TRACON& Tower with Radar,2,48,16,0,66,0,5,12,0,17,2,53,28,0,83,16,0,16,99
12/06/2011,AVP,PA,AEA,EN,Combined TRACON& Tower with Radar,2,37,5,0,44,0,0,0,0,0,2,37,5,0,44,0,0,0,44
12/07/2011,AVP,PA,AEA,EN,Combined TRACON& Tower with Radar,2,33,24,0,59,0,0,0,0,0,2,33,24,0,59,0,0,0,59
12/08/2011,AVP,PA,AEA,EN,Combined TRACON& Tower with Radar,2,43,21,0,66,0,6,11,0,17,2,49,32,0,83,0,0,0,83
12/09/2011,AVP,PA,AEA,EN,Combined TRACON& Tower with Radar,2,38,17,2,59,0,5,22,0,27,2,43,39,2,86,27,0,27,113
12/10/2011,AVP,PA,AEA,EN,Combined TRACON& Tower with Radar,4,21,10,0,35,0,8,13,0,21,4,29,23,0,56,62,0,62,118
12/11/2011,AVP,PA,AEA,EN,Combined TRACON& Tower with Radar,2,36,19,0,57,0,1,27,0,28,2,37,46,0,85,46,0,46,131
12/12/2011,AVP,PA,AEA,EN,Combined TRACON& Tower with Radar,2,39,15,0,56,0,2,24,0,26,2,41,39,0,82,0,0,0,82
12/13/2011,AVP,PA,AEA,EN,Combined TRACON& Tower with Radar,2,38,14,4,58,0,10,24,0,34,2,48,38,4,92,52,0,52,144
12/14/2011,AVP,PA,AEA,EN,Combined TRACON& Tower with Radar,2,38,14,0,54,0,4,17,2,23,2,42,31,2,77,0,0,0,77
12/15/2011,AVP,PA,AEA,EN,Combined TRACON& Tower with Radar,2,28,12,0,42,0,4,1,0,5,2,32,13,0,47,0,0,0,47
12/16/2011,AVP,PA,AEA,EN,Combined TRACON& Tower with Radar,2,37,11,3,53,0,4,8,0,12,2,41,19,3,65,4,0,4,69
12/17/2011,AVP,PA,AEA,EN,Combined TRACON& Tower with Radar,2,29,11,0,42,0,6,12,0,18,2,35,23,0,60,8,0,8,68
12/18/2011,AVP,PA,AEA,EN,Combined TRACON& Tower with Radar,2,32,13,0,47,0,2,24,0,26,2,34,37,0,73,14,0,14,87
12/19/2011,AVP,PA,AEA,EN,Combined TRACON& Tower with Radar,2,36,7,3,48,0,5,26,1,32,2,41,33,4,80,24,0,24,104
12/20/2011,AVP,PA,AEA,EN,Combined TRACON& Tower with Radar,2,40,16,0,58,0,3,11,2,16,2,43,27,2,74,73,0,73,147
12/21/2011,AVP,PA,AEA,EN,Combined TRACON& Tower with Radar,2,37,14,0,53,0,3,2,0,5,2,40,16,0,58,18,0,18,76
12/22/2011,AVP,PA,AEA,EN,Combined TRACON& Tower with Radar,2,39,25,2,68,0,2,27,0,29,2,41,52,2,97,60,0,60,157
12/23/2011,AVP,PA,AEA,EN,Combined TRACON& Tower with Radar,2,37,6,0,45,0,9,10,3,22,2,46,16,3,67,44,0,44,111
12/24/2011,AVP,PA,AEA,EN,Combined TRACON& Tower with Radar,2,26,5,0,33,0,3,12,0,15,2,29,17,0,48,0,0,0,48
12/25/2011,AVP,PA,AEA,EN,Combined TRACON& Tower with Radar,2,24,4,0,30,0,6,5,0,11,2,30,9,0,41,0,0,0,41
12/26/2011,AVP,PA,AEA,EN,Combined TRACON& Tower with Radar,2,34,14,0,50,0,9,12,0,21,2,43,26,0,71,43,0,43,114
12/27/2011,AVP,PA,AEA,EN,Combined TRACON& Tower with Radar,2,35,16,1,54,0,8,7,1,16,2,43,23,2,70,6,0,6,76
12/28/2011,AVP,PA,AEA,EN,Combined TRACON& Tower with Radar,1,41,4,0,46,0,6,2,0,8,1,47,6,0,54,14,2,16,70
12/29/2011,AVP,PA,AEA,EN,Combined TRACON& Tower with Radar,2,41,12,2,57,0,6,34,0,40,2,47,46,2,97,60,0,60,157
12/30/2011,AVP,PA,AEA,EN,Combined TRACON& Tower with Radar,2,39,8,1,50,0,6,26,1,33,2,45,34,2,83,18,0,18,101
12/31/2011,AVP,PA,AEA,EN,Combined TRACON& Tower with Radar,2,26,6,0,34,0,10,31,0,41,2,36,37,0,75,30,0,30,105
01/01/2012,AVP,PA,AEA,EN,Combined TRACON& Tower with Radar,2,26,4,0,32,0,3,10,0,13,2,29,14,0,45,12,0,12,57
01/02/2012,AVP,PA,AEA,EN,Combined TRACON& Tower with Radar,2,33,10,0,45,0,3,2,0,5,2,36,12,0,50,0,0,0,50
01/03/2012,AVP,PA,AEA,EN,Combined TRACON& Tower with Radar,2,38,3,0,43,0,2,3,0,5,2,40,6,0,48,0,0,0,48
01/04/2012,AVP,PA,AEA,EN,Combined TRACON& Tower with Radar,3,36,11,0,50,0,6,31,2,39,3,42,42,2,89,0,0,0,89
01/05/2012,AVP,PA,AEA,EN,Combined TRACON& Tower with Radar,4,40,16,0,60,0,1,10,0,11,4,41,26,0,71,0,0,0,71
01/06/2012,AVP,PA,AEA,EN,Combined TRACON& Tower with Radar,3,37,19,2,61,0,4,22,0,26,3,41,41,2,87,0,0,0,87
01/07/2012,AVP,PA,AEA,EN,Combined TRACON& Tower with Radar,4,23,13,0,40,0,7,32,0,39,4,30,45,0,79,0,0,0,79
01/08/2012,AVP,PA,AEA,EN,Combined TRACON& Tower with Radar,4,33,12,2,51,0,4,10,0,14,4,37,22,2,65,0,0,0,65
01/09/2012,AVP,PA,AEA,EN,Combined TRACON& Tower with Radar,3,39,9,0,51,0,4,19,0,23,3,43,28,0,74,0,0,0,74
01/10/2012,AVP,PA,AEA,EN,Combined TRACON& Tower with Radar,3,39,24,1,67,0,0,21,1,22,3,39,45,2,89,0,0,0,89
01/11/2012,AVP,PA,AEA,EN,Combined TRACON& Tower with Radar,4,34,14,0,52,0,4,26,2,32,4,38,40,2,84,0,0,0,84
01/12/2012,AVP,PA,AEA,EN,Combined TRACON& Tower with Radar,4,37,15,2,58,0,0,0,0,0,4,37,15,2,58,0,0,0,58
01/13/2012,AVP,PA,AEA,EN,Combined TRACON& Tower with Radar,4,44,0,0,48,0,3,0,0,3,4,47,0,0,51,0,0,0,51
01/14/2012,AVP,PA,AEA,EN,Combined TRACON& Tower with Radar,4,27,4,0,35,0,4,0,0,4,4,31,4,0,39,0,0,0,39
01/15/2012,AVP,PA,AEA,EN,Combined TRACON& Tower with Radar,4,28,11,0,43,0,8,12,0,20,4,36,23,0,63,0,0,0,63
01/16/2012,AVP,PA,AEA,EN,Combined TRACON& Tower with Radar,4,30,16,0,50,0,5,25,0,30,4,35,41,0,80,0,0,0,80
01/17/2012,AVP,PA,AEA,EN,Combined TRACON& Tower with Radar,4,37,11,0,52,0,0,0,0,0,4,37,11,0,52,0,0,0,52
01/18/2012,AVP,PA,AEA,EN,Combined TRACON& Tower with Radar,4,34,13,2,53,0,3,2,2,7,4,37,15,4,60,0,0,0,60
01/19/2012,AVP,PA,AEA,EN,Combined TRACON& Tower with Radar,4,39,14,2,59,0,1,17,2,20,4,40,31,4,79,0,0,0,79
01/20/2012,AVP,PA,AEA,EN,Combined TRACON& Tower with Radar,5,39,18,0,62,0,1,22,0,23,5,40,40,0,85,0,0,0,85
01/21/2012,AVP,PA,AEA,EN,Combined TRACON& Tower with Radar,4,17,0,0,21,0,3,0,0,3,4,20,0,0,24,0,0,0,24
01/22/2012,AVP,PA,AEA,EN,Combined TRACON& Tower with Radar,4,29,10,2,45,0,2,4,0,6,4,31,14,2,51,0,0,0,51
01/23/2012,AVP,PA,AEA,EN,Combined TRACON& Tower with Radar,3,44,11,0,58,0,0,0,0,0,3,44,11,0,58,0,0,0,58
01/24/2012,AVP,PA,AEA,EN,Combined TRACON& Tower with Radar,4,35,19,6,64,0,2,7,1,10,4,37,26,7,74,0,0,0,74
01/25/2012,AVP,PA,AEA,EN,Combined TRACON& Tower with Radar,4,36,17,3,60,0,2,7,3,12,4,38,24,6,72,0,0,0,72
01/26/2012,AVP,PA,AEA,EN,Combined TRACON& Tower with Radar,4,39,7,0,50,0,2,0,0,2,4,41,7,0,52,0,0,0,52
01/27/2012,AVP,PA,AEA,EN,Combined TRACON& Tower with Radar,4,33,9,0,46,0,3,1,0,4,4,36,10,0,50,0,0,0,50
01/28/2012,AVP,PA,AEA,EN,Combined TRACON& Tower with Radar,4,28,25,0,57,0,4,54,1,59,4,32,79,1,116,0,0,0,116
01/29/2012,AVP,PA,AEA,EN,Combined TRACON& Tower with Radar,4,32,12,0,48,0,6,18,0,24,4,38,30,0,72,0,0,0,72
01/30/2012,AVP,PA,AEA,EN,Combined TRACON& Tower with Radar,4,38,10,2,54,0,2,16,3,21,4,40,26,5,75,0,0,0,75
01/31/2012,AVP,PA,AEA,EN,Combined TRACON& Tower with Radar,6,36,20,1,63,0,7,32,2,41,6,43,52,3,104,0,0,0,104
02/01/2012,AVP,PA,AEA,EN,Combined TRACON& Tower with Radar,4,36,20,0,60,0,4,7,0,11,4,40,27,0,71,0,0,0,71
02/02/2012,AVP,PA,AEA,EN,Combined TRACON& Tower with Radar,4,35,4,0,43,0,1,2,4,7,4,36,6,4,50,0,0,0,50
02/03/2012,AVP,PA,AEA,EN,Combined TRACON& Tower with Radar,4,37,29,3,73,0,4,14,1,19,4,41,43,4,92,0,0,0,92
02/04/2012,AVP,PA,AEA,EN,Combined TRACON& Tower with Radar,4,27,16,0,47,0,1,21,0,22,4,28,37,0,69,0,0,0,69
02/05/2012,AVP,PA,AEA,EN,Combined TRACON& Tower with Radar,6,32,15,0,53,0,2,15,0,17,6,34,30,0,70,0,0,0,70
02/06/2012,AVP,PA,AEA,EN,Combined TRACON& Tower with Radar,4,38,16,0,58,0,5,20,0,25,4,43,36,0,83,0,0,0,83
02/07/2012,AVP,PA,AEA,EN,Combined TRACON& Tower with Radar,4,34,20,2,60,0,2,9,1,12,4,36,29,3,72,0,0,0,72
02/08/2012,AVP,PA,AEA,EN,Combined TRACON& Tower with Radar,4,32,10,0,46,0,1,6,0,7,4,33,16,0,53,0,0,0,53
02/09/2012,AVP,PA,AEA,EN,Combined TRACON& Tower with Radar,4,38,16,0,58,0,7,27,2,36,4,45,43,2,94,0,0,0,94
02/10/2012,AVP,PA,AEA,EN,Combined TRACON& Tower with Radar,4,35,7,0,46,0,3,19,0,22,4,38,26,0,68,0,0,0,68
02/11/2012,AVP,PA,AEA,EN,Combined TRACON& Tower with Radar,5,29,2,0,36,0,0,2,0,2,5,29,4,0,38,0,0,0,38
02/12/2012,AVP,PA,AEA,EN,Combined TRACON& Tower with Radar,5,31,2,0,38,0,2,0,0,2,5,33,2,0,40,0,0,0,40
02/13/2012,AVP,PA,AEA,EN,Combined TRACON& Tower with Radar,4,42,15,0,61,0,8,16,0,24,4,50,31,0,85,0,0,0,85
02/14/2012,AVP,PA,AEA,EN,Combined TRACON& Tower with Radar,4,35,14,0,53,0,0,8,0,8,4,35,22,0,61,0,0,0,61
02/15/2012,AVP,PA,AEA,EN,Combined TRACON& Tower with Radar,4,36,13,0,53,0,1,2,0,3,4,37,15,0,56,0,0,0,56
02/16/2012,AVP,PA,AEA,EN,Combined TRACON& Tower with Radar,4,36,9,0,49,0,0,0,0,0,4,36,9,0,49,0,0,0,49
02/17/2012,AVP,PA,AEA,EN,Combined TRACON& Tower with Radar,4,36,13,1,54,0,3,14,0,17,4,39,27,1,71,0,0,0,71
02/18/2012,AVP,PA,AEA,EN,Combined TRACON& Tower with Radar,4,23,11,1,39,0,4,14,0,18,4,27,25,1,57,0,0,0,57
02/19/2012,AVP,PA,AEA,EN,Combined TRACON& Tower with Radar,4,29,19,0,52,0,1,22,0,23,4,30,41,0,75,0,0,0,75
02/20/2012,AVP,PA,AEA,EN,Combined TRACON& Tower with Radar,4,31,16,0,51,0,2,15,0,17,4,33,31,0,68,0,0,0,68
02/21/2012,AVP,PA,AEA,EN,Combined TRACON& Tower with Radar,4,44,15,2,65,0,5,16,3,24,4,49,31,5,89,0,0,0,89
02/22/2012,AVP,PA,AEA,EN,Combined TRACON& Tower with Radar,4,36,13,0,53,0,8,16,1,25,4,44,29,1,78,0,0,0,78
02/23/2012,AVP,PA,AEA,EN,Combined TRACON& Tower with Radar,4,41,7,2,54,0,2,7,0,9,4,43,14,2,63,0,0,0,63
02/24/2012,AVP,PA,AEA,EN,Combined TRACON& Tower with Radar,4,35,7,0,46,0,4,0,0,4,4,39,7,0,50,0,0,0,50
02/25/2012,AVP,PA,AEA,EN,Combined TRACON& Tower with Radar,4,22,4,0,30,0,3,2,0,5,4,25,6,0,35,0,0,0,35
02/26/2012,AVP,PA,AEA,EN,Combined TRACON& Tower with Radar,4,32,21,0,57,0,1,37,2,40,4,33,58,2,97,0,0,0,97
02/27/2012,AVP,PA,AEA,EN,Combined TRACON& Tower with Radar,4,40,8,1,53,0,1,15,0,16,4,41,23,1,69,0,0,0,69
02/28/2012,AVP,PA,AEA,EN,Combined TRACON& Tower with Radar,4,34,15,0,53,0,2,33,0,35,4,36,48,0,88,0,0,0,88
02/29/2012,AVP,PA,AEA,EN,Combined TRACON& Tower with Radar,4,33,5,0,42,0,1,0,0,1,4,34,5,0,43,0,0,0,43
03/01/2012,AVP,PA,AEA,EN,Combined TRACON& Tower with Radar,4,43,6,0,53,0,2,0,0,2,4,45,6,0,55,0,0,0,55
03/02/2012,AVP,PA,AEA,EN,Combined TRACON& Tower with Radar,4,36,11,2,53,0,6,6,0,12,4,42,17,2,65,0,0,0,65
03/03/2012,AVP,PA,AEA,EN,Combined TRACON& Tower with Radar,7,26,4,2,39,0,2,4,0,6,7,28,8,2,45,0,0,0,45
03/04/2012,AVP,PA,AEA,EN,Combined TRACON& Tower with Radar,6,36,19,0,61,0,9,19,0,28,6,45,38,0,89,0,0,0,89
03/05/2012,AVP,PA,AEA,EN,Combined TRACON& Tower with Radar,6,33,7,0,46,0,3,6,0,9,6,36,13,0,55,0,0,0,55
03/06/2012,AVP,PA,AEA,EN,Combined TRACON& Tower with Radar,6,38,17,10,71,0,0,35,4,39,6,38,52,14,110,0,0,0,110
03/07/2012,AVP,PA,AEA,EN,Combined TRACON& Tower with Radar,6,37,25,2,70,0,5,30,2,37,6,42,55,4,107,0,0,0,107
03/08/2012,AVP,PA,AEA,EN,Combined TRACON& Tower with Radar,6,34,12,0,52,0,3,12,0,15,6,37,24,0,67,0,0,0,67
03/09/2012,AVP,PA,AEA,EN,Combined TRACON& Tower with Radar,6,36,7,3,52,0,2,4,1,7,6,38,11,4,59,0,0,0,59
03/10/2012,AVP,PA,AEA,EN,Combined TRACON& Tower with Radar,6,31,19,1,57,0,4,29,1,34,6,35,48,2,91,0,0,0,91
03/11/2012,AVP,PA,AEA,EN,Combined TRACON& Tower with Radar,6,28,31,0,65,0,1,23,0,24,6,29,54,0,89,0,0,0,89
03/12/2012,AVP,PA,AEA,EN,Combined TRACON& Tower with Radar,6,32,16,2,56,0,3,23,0,26,6,35,39,2,82,0,0,0,82
03/13/2012,AVP,PA,AEA,EN,Combined TRACON& Tower with Radar,6,34,15,0,55,0,5,17,1,23,6,39,32,1,78,0,0,0,78
03/14/2012,AVP,PA,AEA,EN,Combined TRACON& Tower with Radar,6,39,9,0,54,0,4,20,2,26,6,43,29,2,80,0,0,0,80
03/15/2012,AVP,PA,AEA,EN,Combined TRACON& Tower with Radar,6,36,22,0,64,0,5,29,0,34,6,41,51,0,98,0,0,0,98
03/16/2012,AVP,PA,AEA,EN,Combined TRACON& Tower with Radar,6,35,5,2,48,0,3,9,0,12,6,38,14,2,60,0,0,0,60
03/17/2012,AVP,PA,AEA,EN,Combined TRACON& Tower with Radar,4,30,12,0,46,0,4,24,0,28,4,34,36,0,74,0,0,0,74
03/18/2012,AVP,PA,AEA,EN,Combined TRACON& Tower with Radar,6,29,16,0,51,1,3,13,0,17,7,32,29,0,68,0,0,0,68
03/19/2012,AVP,PA,AEA,EN,Combined TRACON& Tower with Radar,6,34,16,0,56,0,2,9,0,11,6,36,25,0,67,0,0,0,67
03/20/2012,AVP,PA,AEA,EN,Combined TRACON& Tower with Radar,4,53,20,0,77,0,4,10,0,14,4,57,30,0,91,0,0,0,91
03/21/2012,AVP,PA,AEA,EN,Combined TRACON& Tower with Radar,6,35,21,0,62,0,4,7,0,11,6,39,28,0,73,0,0,0,73
03/22/2012,AVP,PA,AEA,EN,Combined TRACON& Tower with Radar,6,32,22,4,64,0,2,16,1,19,6,34,38,5,83,0,0,0,83
03/23/2012,AVP,PA,AEA,EN,Combined TRACON& Tower with Radar,4,39,22,0,65,0,5,23,0,28,4,44,45,0,93,0,0,0,93
03/24/2012,AVP,PA,AEA,EN,Combined TRACON& Tower with Radar,5,28,17,0,50,0,7,14,0,21,5,35,31,0,71,0,0,0,71
03/25/2012,AVP,PA,AEA,EN,Combined TRACON& Tower with Radar,5,35,17,0,57,0,1,7,0,8,5,36,24,0,65,0,0,0,65
03/26/2012,AVP,PA,AEA,EN,Combined TRACON& Tower with Radar,4,37,5,0,46,0,2,4,0,6,4,39,9,0,52,0,0,0,52
03/27/2012,AVP,PA,AEA,EN,Combined TRACON& Tower with Radar,4,38,17,1,60,0,4,52,1,57,4,42,69,2,117,0,0,0,117
03/28/2012,AVP,PA,AEA,EN,Combined TRACON& Tower with Radar,3,29,5,0,37,0,5,6,1,12,3,34,11,1,49,0,0,0,49
03/29/2012,AVP,PA,AEA,EN,Combined TRACON& Tower with Radar,4,39,11,0,54,0,5,2,1,8,4,44,13,1,62,0,0,0,62
03/30/2012,AVP,PA,AEA,EN,Combined TRACON& Tower with Radar,4,37,15,0,56,0,2,33,0,35,4,39,48,0,91,0,0,0,91
03/31/2012,AVP,PA,AEA,EN,Combined TRACON& Tower with Radar,6,34,19,0,59,0,0,0,0,0,6,34,19,0,59,0,0,0,59
04/01/2012,AVP,PA,AEA,EN,Combined TRACON& Tower with Radar,4,37,10,0,51,0,0,0,0,0,4,37,10,0,51,0,0,0,51
04/02/2012,AVP,PA,AEA,EN,Combined TRACON& Tower with Radar,4,44,3,0,51,0,6,5,1,12,4,50,8,1,63,0,0,0,63
04/03/2012,AVP,PA,AEA,EN,Combined TRACON& Tower with Radar,4,39,14,0,57,0,2,18,0,20,4,41,32,0,77,0,0,0,77
04/04/2012,AVP,PA,AEA,EN,Combined TRACON& Tower with Radar,4,40,4,3,51,0,1,16,1,18,4,41,20,4,69,0,0,0,69
04/05/2012,AVP,PA,AEA,EN,Combined TRACON& Tower with Radar,4,40,17,1,62,0,0,14,3,17,4,40,31,4,79,0,0,0,79
04/06/2012,AVP,PA,AEA,EN,Combined TRACON& Tower with Radar,4,39,15,0,58,0,3,22,0,25,4,42,37,0,83,0,0,0,83
04/07/2012,AVP,PA,AEA,EN,Combined TRACON& Tower with Radar,5,24,14,0,43,0,6,19,0,25,5,30,33,0,68,0,0,0,68
04/08/2012,AVP,PA,AEA,EN,Combined TRACON& Tower with Radar,5,34,15,0,54,0,0,14,0,14,5,34,29,0,68,0,0,0,68
04/09/2012,AVP,PA,AEA,EN,Combined TRACON& Tower with Radar,4,36,7,0,47,0,2,3,0,5,4,38,10,0,52,0,0,0,52
04/10/2012,AVP,PA,AEA,EN,Combined TRACON& Tower with Radar,4,40,9,0,53,0,2,8,0,10,4,42,17,0,63,0,0,0,63
04/11/2012,AVP,PA,AEA,EN,Combined TRACON& Tower with Radar,4,41,3,0,48,0,3,1,0,4,4,44,4,0,52,0,0,0,52
04/12/2012,AVP,PA,AEA,EN,Combined TRACON& Tower with Radar,3,37,23,0,63,0,7,10,0,17,3,44,33,0,80,0,0,0,80
04/13/2012,AVP,PA,AEA,EN,Combined TRACON& Tower with Radar,4,38,27,1,70,0,2,47,1,50,4,40,74,2,120,0,0,0,120
04/14/2012,AVP,PA,AEA,EN,Combined TRACON& Tower with Radar,6,25,33,0,64,0,2,55,0,57,6,27,88,0,121,0,0,0,121
04/15/2012,AVP,PA,AEA,EN,Combined TRACON& Tower with Radar,4,34,10,0,48,0,2,9,0,11,4,36,19,0,59,0,0,0,59
04/16/2012,AVP,PA,AEA,EN,Combined TRACON& Tower with Radar,4,37,7,0,48,0,3,15,0,18,4,40,22,0,66,0,0,0,66
04/17/2012,AVP,PA,AEA,EN,Combined TRACON& Tower with Radar,4,41,20,0,65,0,8,20,1,29,4,49,40,1,94,0,0,0,94
04/18/2012,AVP,PA,AEA,EN,Combined TRACON& Tower with Radar,4,42,22,3,71,0,1,27,1,29,4,43,49,4,100,0,0,0,100
04/19/2012,AVP,PA,AEA,EN,Combined TRACON& Tower with Radar,4,44,14,0,62,0,9,17,0,26,4,53,31,0,88,0,0,0,88
04/20/2012,AVP,PA,AEA,EN,Combined TRACON& Tower with Radar,4,33,22,0,59,0,1,28,4,33,4,34,50,4,92,0,0,0,92
04/21/2012,AVP,PA,AEA,EN,Combined TRACON& Tower with Radar,5,25,12,0,42,0,2,6,0,8,5,27,18,0,50,0,0,0,50
04/22/2012,AVP,PA,AEA,EN,Combined TRACON& Tower with Radar,5,32,5,0,42,0,0,0,0,0,5,32,5,0,42,0,0,0,42
04/23/2012,AVP,PA,AEA,EN,Combined TRACON& Tower with Radar,4,33,6,0,43,0,0,0,0,0,4,33,6,0,43,0,0,0,43
04/24/2012,AVP,PA,AEA,EN,Combined TRACON& Tower with Radar,4,40,16,0,60,0,2,3,3,8,4,42,19,3,68,0,0,0,68
04/25/2012,AVP,PA,AEA,EN,Combined TRACON& Tower with Radar,4,42,26,0,72,0,2,18,0,20,4,44,44,0,92,0,0,0,92
04/26/2012,AVP,PA,AEA,EN,Combined TRACON& Tower with Radar,4,39,15,0,58,0,2,2,0,4,4,41,17,0,62,0,0,0,62
04/27/2012,AVP,PA,AEA,EN,Combined TRACON& Tower with Radar,4,44,5,0,53,0,0,8,0,8,4,44,13,0,61,0,0,0,61
04/28/2012,AVP,PA,AEA,EN,Combined TRACON& Tower with Radar,6,27,11,0,44,0,2,27,0,29,6,29,38,0,73,0,0,0,73
04/29/2012,AVP,PA,AEA,EN,Combined TRACON& Tower with Radar,5,39,20,0,64,0,6,28,0,34,5,45,48,0,98,0,0,0,98
04/30/2012,AVP,PA,AEA,EN,Combined TRACON& Tower with Radar,6,39,17,0,62,0,2,15,0,17,6,41,32,0,79,0,0,0,79
05/01/2012,AVP,PA,AEA,EN,Combined TRACON& Tower with Radar,4,40,23,0,67,0,0,6,0,6,4,40,29,0,73,0,0,0,73
05/02/2012,AVP,PA,AEA,EN,Combined TRACON& Tower with Radar,4,43,33,0,80,0,5,2,0,7,4,48,35,0,87,0,0,0,87
05/03/2012,AVP,PA,AEA,EN,Combined TRACON& Tower with Radar,5,34,14,0,53,0,4,9,0,13,5,38,23,0,66,0,0,0,66
05/04/2012,AVP,PA,AEA,EN,Combined TRACON& Tower with Radar,4,40,16,0,60,0,3,4,0,7,4,43,20,0,67,0,0,0,67
05/05/2012,AVP,PA,AEA,EN,Combined TRACON& Tower with Radar,4,29,15,0,48,0,7,5,4,16,4,36,20,4,64,0,0,0,64
05/06/2012,AVP,PA,AEA,EN,Combined TRACON& Tower with Radar,6,39,23,1,69,0,7,18,0,25,6,46,41,1,94,0,0,0,94
05/07/2012,AVP,PA,AEA,EN,Combined TRACON& Tower with Radar,4,37,18,0,59,0,4,4,2,10,4,41,22,2,69,0,0,0,69
05/08/2012,AVP,PA,AEA,EN,Combined TRACON& Tower with Radar,4,40,16,0,60,0,0,0,0,0,4,40,16,0,60,0,0,0,60
05/09/2012,AVP,PA,AEA,EN,Combined TRACON& Tower with Radar,5,37,19,1,62,0,3,17,1,21,5,40,36,2,83,0,0,0,83
05/10/2012,AVP,PA,AEA,EN,Combined TRACON& Tower with Radar,4,36,17,0,57,0,8,3,0,11,4,44,20,0,68,0,0,0,68
05/11/2012,AVP,PA,AEA,EN,Combined TRACON& Tower with Radar,4,45,8,2,59,0,4,25,0,29,4,49,33,2,88,0,0,0,88
05/12/2012,AVP,PA,AEA,EN,Combined TRACON& Tower with Radar,5,23,17,0,45,0,7,67,0,74,5,30,84,0,119,0,0,0,119
05/13/2012,AVP,PA,AEA,EN,Combined TRACON& Tower with Radar,9,37,11,0,57,0,5,23,0,28,9,42,34,0,85,0,0,0,85
05/14/2012,AVP,PA,AEA,EN,Combined TRACON& Tower with Radar,4,40,22,0,66,0,1,1,0,2,4,41,23,0,68,0,0,0,68
05/15/2012,AVP,PA,AEA,EN,Combined TRACON& Tower with Radar,4,41,12,0,57,0,1,0,0,1,4,42,12,0,58,0,0,0,58
05/16/2012,AVP,PA,AEA,EN,Combined TRACON& Tower with Radar,6,36,9,0,51,0,3,3,0,6,6,39,12,0,57,0,0,0,57
05/17/2012,AVP,PA,AEA,EN,Combined TRACON& Tower with Radar,4,38,12,0,54,0,4,31,0,35,4,42,43,0,89,0,0,0,89
05/18/2012,AVP,PA,AEA,EN,Combined TRACON& Tower with Radar,4,36,17,0,57,0,5,22,0,27,4,41,39,0,84,0,0,0,84
05/19/2012,AVP,PA,AEA,EN,Combined TRACON& Tower with Radar,5,23,11,0,39,0,4,50,0,54,5,27,61,0,93,0,0,0,93
05/20/2012,AVP,PA,AEA,EN,Combined TRACON& Tower with Radar,5,34,16,0,55,0,8,24,0,32,5,42,40,0,87,0,0,0,87
05/21/2012,AVP,PA,AEA,EN,Combined TRACON& Tower with Radar,4,36,12,0,52,0,3,1,0,4,4,39,13,0,56,0,0,0,56
05/22/2012,AVP,PA,AEA,EN,Combined TRACON& Tower with Radar,4,40,14,0,58,0,8,2,0,10,4,48,16,0,68,0,0,0,68
05/23/2012,AVP,PA,AEA,EN,Combined TRACON& Tower with Radar,4,44,17,0,65,0,0,7,0,7,4,44,24,0,72,0,0,0,72
05/24/2012,AVP,PA,AEA,EN,Combined TRACON& Tower with Radar,4,39,25,0,68,0,8,3,0,11,4,47,28,0,79,0,0,0,79
05/25/2012,AVP,PA,AEA,EN,Combined TRACON& Tower with Radar,4,39,39,0,82,0,2,12,0,14,4,41,51,0,96,0,0,0,96
05/26/2012,AVP,PA,AEA,EN,Combined TRACON& Tower with Radar,5,24,14,0,43,0,6,13,0,19,5,30,27,0,62,0,0,0,62
05/27/2012,AVP,PA,AEA,EN,Combined TRACON& Tower with Radar,7,28,8,0,43,0,4,9,0,13,7,32,17,0,56,0,0,0,56
05/28/2012,AVP,PA,AEA,EN,Combined TRACON& Tower with Radar,4,30,14,0,48,0,4,16,0,20,4,34,30,0,68,0,0,0,68
05/29/2012,AVP,PA,AEA,EN,Combined TRACON& Tower with Radar,5,35,17,0,57,0,2,4,0,6,5,37,21,0,63,0,0,0,63
05/30/2012,AVP,PA,AEA,EN,Combined TRACON& Tower with Radar,5,43,24,6,78,0,3,18,0,21,5,46,42,6,99,0,0,0,99
05/31/2012,AVP,PA,AEA,EN,Combined TRACON& Tower with Radar,4,34,8,5,51,0,4,28,2,34,4,38,36,7,85,0,0,0,85
06/01/2012,AVP,PA,AEA,EN,Combined TRACON& Tower with Radar,4,34,11,2,51,0,3,3,2,8,4,37,14,4,59,0,0,0,59
06/02/2012,AVP,PA,AEA,EN,Combined TRACON& Tower with Radar,5,32,18,0,55,0,3,9,0,12,5,35,27,0,67,0,0,0,67
06/03/2012,AVP,PA,AEA,EN,Combined TRACON& Tower with Radar,9,34,27,0,70,0,4,10,0,14,9,38,37,0,84,0,0,0,84
06/04/2012,AVP,PA,AEA,EN,Combined TRACON& Tower with Radar,4,37,12,0,53,0,3,4,0,7,4,40,16,0,60,0,0,0,60
06/05/2012,AVP,PA,AEA,EN,Combined TRACON& Tower with Radar,4,42,26,2,74,0,6,7,2,15,4,48,33,4,89,0,0,0,89
06/06/2012,AVP,PA,AEA,EN,Combined TRACON& Tower with Radar,6,43,31,0,80,0,1,24,0,25,6,44,55,0,105,0,0,0,105
06/07/2012,AVP,PA,AEA,EN,Combined TRACON& Tower with Radar,4,40,37,0,81,0,3,10,0,13,4,43,47,0,94,0,0,0,94
06/08/2012,AVP,PA,AEA,EN,Combined TRACON& Tower with Radar,4,37,17,0,58,0,9,20,0,29,4,46,37,0,87,0,0,0,87
06/09/2012,AVP,PA,AEA,EN,Combined TRACON& Tower with Radar,6,33,21,0,60,0,13,11,0,24,6,46,32,0,84,0,0,0,84
06/10/2012,AVP,PA,AEA,EN,Combined TRACON& Tower with Radar,8,39,33,0,80,0,4,30,0,34,8,43,63,0,114,0,0,0,114
06/11/2012,AVP,PA,AEA,EN,Combined TRACON& Tower with Radar,2,41,17,4,64,0,7,25,0,32,2,48,42,4,96,0,0,0,96
06/12/2012,AVP,PA,AEA,EN,Combined TRACON& Tower with Radar,4,36,8,1,49,0,0,0,1,1,4,36,8,2,50,0,0,0,50
06/13/2012,AVP,PA,AEA,EN,Combined TRACON& Tower with Radar,4,37,15,0,56,0,5,24,1,30,4,42,39,1,86,0,0,0,86
06/14/2012,AVP,PA,AEA,EN,Combined TRACON& Tower with Radar,4,40,21,1,66,0,0,37,2,39,4,40,58,3,105,0,0,0,105
06/15/2012,AVP,PA,AEA,EN,Combined TRACON& Tower with Radar,5,38,23,1,67,0,5,20,2,27,5,43,43,3,94,0,0,0,94
06/16/2012,AVP,PA,AEA,EN,Combined TRACON& Tower with Radar,6,35,14,0,55,0,3,37,2,42,6,38,51,2,97,0,0,0,97
06/17/2012,AVP,PA,AEA,EN,Combined TRACON& Tower with Radar,6,35,21,0,62,0,6,20,0,26,6,41,41,0,88,0,0,0,88
06/18/2012,AVP,PA,AEA,EN,Combined TRACON& Tower with Radar,4,36,21,0,61,0,9,6,0,15,4,45,27,0,76,0,0,0,76
06/19/2012,AVP,PA,AEA,EN,Combined TRACON& Tower with Radar,4,40,25,0,69,0,2,11,2,15,4,42,36,2,84,0,0,0,84
06/20/2012,AVP,PA,AEA,EN,Combined TRACON& Tower with Radar,4,39,12,0,55,0,1,38,0,39,4,40,50,0,94,0,0,0,94
06/21/2012,AVP,PA,AEA,EN,Combined TRACON& Tower with Radar,6,37,17,0,60,0,3,26,1,30,6,40,43,1,90,0,0,0,90
06/22/2012,AVP,PA,AEA,EN,Combined TRACON& Tower with Radar,7,28,14,0,49,0,6,9,5,20,7,34,23,5,69,0,0,0,69
06/23/2012,AVP,PA,AEA,EN,Combined TRACON& Tower with Radar,6,35,26,1,68,0,8,29,1,38,6,43,55,2,106,0,0,0,106
06/24/2012,AVP,PA,AEA,EN,Combined TRACON& Tower with Radar,8,43,11,0,62,0,9,26,0,35,8,52,37,0,97,0,0,0,97
06/25/2012,AVP,PA,AEA,EN,Combined TRACON& Tower with Radar,6,32,4,0,42,0,5,5,0,10,6,37,9,0,52,0,0,0,52
06/26/2012,AVP,PA,AEA,EN,Combined TRACON& Tower with Radar,4,36,17,1,58,0,5,6,3,14,4,41,23,4,72,0,0,0,72
06/27/2012,AVP,PA,AEA,EN,Combined TRACON& Tower with Radar,4,37,8,0,49,0,6,20,0,26,4,43,28,0,75,0,0,0,75
06/28/2012,AVP,PA,AEA,EN,Combined TRACON& Tower with Radar,6,42,30,0,78,0,5,37,0,42,6,47,67,0,120,0,0,0,120
06/29/2012,AVP,PA,AEA,EN,Combined TRACON& Tower with Radar,4,41,13,2,60,0,8,31,0,39,4,49,44,2,99,0,0,0,99
06/30/2012,AVP,PA,AEA,EN,Combined TRACON& Tower with Radar,8,32,17,0,57,0,7,25,0,32,8,39,42,0,89,0,0,0,89
07/01/2012,AVP,PA,AEA,EN,Combined TRACON& Tower with Radar,6,38,11,2,57,0,16,22,0,38,6,54,33,2,95,0,0,0,95
07/02/2012,AVP,PA,AEA,EN,Combined TRACON& Tower with Radar,4,32,13,6,55,0,5,4,0,9,4,37,17,6,64,0,0,0,64
07/03/2012,AVP,PA,AEA,EN,Combined TRACON& Tower with Radar,4,37,10,3,54,0,6,5,2,13,4,43,15,5,67,0,0,0,67
07/04/2012,AVP,PA,AEA,EN,Combined TRACON& Tower with Radar,4,25,5,3,37,0,3,5,0,8,4,28,10,3,45,0,0,0,45
07/05/2012,AVP,PA,AEA,EN,Combined TRACON& Tower with Radar,6,34,13,0,53,0,9,10,0,19,6,43,23,0,72,0,0,0,72
07/06/2012,AVP,PA,AEA,EN,Combined TRACON& Tower with Radar,4,35,13,0,52,0,6,29,0,35,4,41,42,0,87,0,0,0,87
07/07/2012,AVP,PA,AEA,EN,Combined TRACON& Tower with Radar,4,32,11,0,47,0,1,15,0,16,4,33,26,0,63,0,0,0,63
07/08/2012,AVP,PA,AEA,EN,Combined TRACON& Tower with Radar,6,37,8,0,51,0,0,13,0,13,6,37,21,0,64,0,0,0,64
07/09/2012,AVP,PA,AEA,EN,Combined TRACON& Tower with Radar,4,36,9,1,50,0,3,19,1,23,4,39,28,2,73,0,0,0,73
07/10/2012,AVP,PA,AEA,EN,Combined TRACON& Tower with Radar,4,38,15,2,59,0,6,21,0,27,4,44,36,2,86,0,0,0,86
07/11/2012,AVP,PA,AEA,EN,Combined TRACON& Tower with Radar,4,38,29,0,71,0,5,31,0,36,4,43,60,0,107,0,0,0,107
07/12/2012,AVP,PA,AEA,EN,Combined TRACON& Tower with Radar,6,40,18,0,64,0,5,21,7,33,6,45,39,7,97,0,0,0,97
07/13/2012,AVP,PA,AEA,EN,Combined TRACON& Tower with Radar,4,40,27,0,71,0,4,43,0,47,4,44,70,0,118,0,0,0,118
07/14/2012,AVP,PA,AEA,EN,Combined TRACON& Tower with Radar,4,30,13,0,47,1,6,19,2,28,5,36,32,2,75,0,0,0,75
07/15/2012,AVP,PA,AEA,EN,Combined TRACON& Tower with Radar,6,34,22,0,62,0,5,7,0,12,6,39,29,0,74,0,0,0,74
07/16/2012,AVP,PA,AEA,EN,Combined TRACON& Tower with Radar,3,41,13,6,63,0,11,6,0,17,3,52,19,6,80,0,0,0,80
07/17/2012,AVP,PA,AEA,EN,Combined TRACON& Tower with Radar,5,42,8,4,59,0,4,16,0,20,5,46,24,4,79,0,0,0,79
07/18/2012,AVP,PA,AEA,EN,Combined TRACON& Tower with Radar,4,35,6,0,45,0,4,5,0,9,4,39,11,0,54,0,0,0,54
07/19/2012,AVP,PA,AEA,EN,Combined TRACON& Tower with Radar,8,38,17,0,63,0,0,11,4,15,8,38,28,4,78,0,0,0,78
07/20/2012,AVP,PA,AEA,EN,Combined TRACON& Tower with Radar,3,41,18,0,62,0,0,0,0,0,3,41,18,0,62,0,0,0,62
07/21/2012,AVP,PA,AEA,EN,Combined TRACON& Tower with Radar,5,36,29,0,70,0,2,21,0,23,5,38,50,0,93,0,0,0,93
07/22/2012,AVP,PA,AEA,EN,Combined TRACON& Tower with Radar,5,35,27,0,67,0,11,17,0,28,5,46,44,0,95,0,0,0,95
07/23/2012,AVP,PA,AEA,EN,Combined TRACON& Tower with Radar,5,35,21,0,61,0,3,5,0,8,5,38,26,0,69,0,0,0,69
07/24/2012,AVP,PA,AEA,EN,Combined TRACON& Tower with Radar,4,37,16,0,57,0,8,24,0,32,4,45,40,0,89,0,0,0,89
07/25/2012,AVP,PA,AEA,EN,Combined TRACON& Tower with Radar,6,42,21,3,72,0,7,32,3,42,6,49,53,6,114,0,0,0,114
07/26/2012,AVP,PA,AEA,EN,Combined TRACON& Tower with Radar,6,33,15,0,54,0,1,7,0,8,6,34,22,0,62,0,0,0,62
07/27/2012,AVP,PA,AEA,EN,Combined TRACON& Tower with Radar,4,47,18,0,69,0,0,16,0,16,4,47,34,0,85,0,0,0,85
07/28/2012,AVP,PA,AEA,EN,Combined TRACON& Tower with Radar,6,35,10,1,52,0,2,9,0,11,6,37,19,1,63,0,0,0,63
07/29/2012,AVP,PA,AEA,EN,Combined TRACON& Tower with Radar,6,35,14,1,56,0,4,6,0,10,6,39,20,1,66,0,0,0,66
07/30/2012,AVP,PA,AEA,EN,Combined TRACON& Tower with Radar,4,37,17,0,58,0,11,12,0,23,4,48,29,0,81,0,0,0,81
07/31/2012,AVP,PA,AEA,EN,Combined TRACON& Tower with Radar,4,33,24,0,61,0,4,12,0,16,4,37,36,0,77,0,0,0,77
08/01/2012,AVP,PA,AEA,EN,Combined TRACON& Tower with Radar,4,42,20,2,68,0,5,13,0,18,4,47,33,2,86,0,0,0,86
08/02/2012,AVP,PA,AEA,EN,Combined TRACON& Tower with Radar,10,42,52,0,104,0,6,29,0,35,10,48,81,0,139,0,0,0,139
08/03/2012,AVP,PA,AEA,EN,Combined TRACON& Tower with Radar,4,40,35,1,80,0,8,19,5,32,4,48,54,6,112,0,0,0,112
08/04/2012,AVP,PA,AEA,EN,Combined TRACON& Tower with Radar,6,29,31,0,66,0,3,22,0,25,6,32,53,0,91,0,0,0,91
08/05/2012,AVP,PA,AEA,EN,Combined TRACON& Tower with Radar,8,34,34,0,76,0,2,12,4,18,8,36,46,4,94,0,0,0,94
08/06/2012,AVP,PA,AEA,EN,Combined TRACON& Tower with Radar,4,33,22,1,60,0,4,45,2,51,4,37,67,3,111,0,0,0,111
08/07/2012,AVP,PA,AEA,EN,Combined TRACON& Tower with Radar,4,40,14,1,59,0,4,31,0,35,4,44,45,1,94,0,0,0,94
08/08/2012,AVP,PA,AEA,EN,Combined TRACON& Tower with Radar,4,41,26,0,71,0,8,32,4,44,4,49,58,4,115,0,0,0,115
08/09/2012,AVP,PA,AEA,EN,Combined TRACON& Tower with Radar,6,45,19,0,70,0,4,15,4,23,6,49,34,4,93,0,0,0,93
08/10/2012,AVP,PA,AEA,EN,Combined TRACON& Tower with Radar,4,38,17,0,59,0,4,1,0,5,4,42,18,0,64,0,0,0,64
08/11/2012,AVP,PA,AEA,EN,Combined TRACON& Tower with Radar,4,36,30,0,70,0,7,16,2,25,4,43,46,2,95,0,0,0,95
08/12/2012,AVP,PA,AEA,EN,Combined TRACON& Tower with Radar,6,35,16,0,57,0,6,23,0,29,6,41,39,0,86,0,0,0,86
08/13/2012,AVP,PA,AEA,EN,Combined TRACON& Tower with Radar,4,47,18,4,73,0,8,43,0,51,4,55,61,4,124,0,0,0,124
08/14/2012,AVP,PA,AEA,EN,Combined TRACON& Tower with Radar,3,41,13,0,57,0,0,9,0,9,3,41,22,0,66,0,0,0,66
08/15/2012,AVP,PA,AEA,EN,Combined TRACON& Tower with Radar,4,35,15,12,66,0,5,12,2,19,4,40,27,14,85,0,0,0,85
08/16/2012,AVP,PA,AEA,EN,Combined TRACON& Tower with Radar,6,49,28,2,85,0,8,28,2,38,6,57,56,4,123,0,0,0,123
08/17/2012,AVP,PA,AEA,EN,Combined TRACON& Tower with Radar,4,41,25,0,70,0,3,9,0,12,4,44,34,0,82,0,0,0,82
08/18/2012,AVP,PA,AEA,EN,Combined TRACON& Tower with Radar,4,33,23,0,60,0,6,34,1,41,4,39,57,1,101,0,0,0,101
08/19/2012,AVP,PA,AEA,EN,Combined TRACON& Tower with Radar,6,37,11,0,54,0,5,34,1,40,6,42,45,1,94,0,0,0,94
08/20/2012,AVP,PA,AEA,EN,Combined TRACON& Tower with Radar,4,42,16,0,62,0,2,9,0,11,4,44,25,0,73,0,0,0,73
08/21/2012,AVP,PA,AEA,EN,Combined TRACON& Tower with Radar,4,39,32,1,76,0,5,29,1,35,4,44,61,2,111,0,0,0,111
08/22/2012,AVP,PA,AEA,EN,Combined TRACON& Tower with Radar,3,41,31,0,75,0,9,30,2,41,3,50,61,2,116,0,0,0,116
08/23/2012,AVP,PA,AEA,EN,Combined TRACON& Tower with Radar,7,42,21,1,71,0,8,32,3,43,7,50,53,4,114,0,0,0,114
08/24/2012,AVP,PA,AEA,EN,Combined TRACON& Tower with Radar,4,43,27,0,74,0,4,26,2,32,4,47,53,2,106,0,0,0,106
08/25/2012,AVP,PA,AEA,EN,Combined TRACON& Tower with Radar,4,33,12,0,49,0,3,20,0,23,4,36,32,0,72,0,0,0,72
08/26/2012,AVP,PA,AEA,EN,Combined TRACON& Tower with Radar,6,40,13,0,59,0,4,19,0,23,6,44,32,0,82,0,0,0,82
08/27/2012,AVP,PA,AEA,EN,Combined TRACON& Tower with Radar,4,35,8,0,47,0,0,6,0,6,4,35,14,0,53,0,0,0,53
08/28/2012,AVP,PA,AEA,EN,Combined TRACON& Tower with Radar,4,40,15,4,63,0,3,11,0,14,4,43,26,4,77,0,0,0,77
08/29/2012,AVP,PA,AEA,EN,Combined TRACON& Tower with Radar,2,25,8,0,35,0,5,20,0,25,2,30,28,0,60,0,0,0,60
08/30/2012,AVP,PA,AEA,EN,Combined TRACON& Tower with Radar,6,39,22,0,67,0,7,49,1,57,6,46,71,1,124,0,0,0,124
08/31/2012,AVP,PA,AEA,EN,Combined TRACON& Tower with Radar,4,33,16,0,53,0,11,31,0,42,4,44,47,0,95,0,0,0,95
09/01/2012,AVP,PA,AEA,EN,Combined TRACON& Tower with Radar,3,31,18,0,52,0,8,55,0,63,3,39,73,0,115,102,0,102,217
09/02/2012,AVP,PA,AEA,EN,Combined TRACON& Tower with Radar,5,28,7,0,40,0,3,10,0,13,5,31,17,0,53,0,0,0,53
09/03/2012,AVP,PA,AEA,EN,Combined TRACON& Tower with Radar,4,31,16,0,51,0,0,2,0,2,4,31,18,0,53,0,0,0,53
09/04/2012,AVP,PA,AEA,EN,Combined TRACON& Tower with Radar,6,46,15,0,67,0,0,1,1,2,6,46,16,1,69,0,0,0,69
09/05/2012,AVP,PA,AEA,EN,Combined TRACON& Tower with Radar,6,43,18,1,68,0,2,4,0,6,6,45,22,1,74,20,0,20,94
09/06/2012,AVP,PA,AEA,EN,Combined TRACON& Tower with Radar,3,40,21,0,64,0,8,34,4,46,3,48,55,4,110,68,0,68,178
09/07/2012,AVP,PA,AEA,EN,Combined TRACON& Tower with Radar,5,40,13,0,58,5,2,46,0,53,10,42,59,0,111,154,0,154,265
09/08/2012,AVP,PA,AEA,EN,Combined TRACON& Tower with Radar,4,24,5,0,33,0,2,4,0,6,4,26,9,0,39,0,0,0,39
09/09/2012,AVP,PA,AEA,EN,Combined TRACON& Tower with Radar,5,29,7,0,41,0,9,15,0,24,5,38,22,0,65,8,0,8,73
09/10/2012,AVP,PA,AEA,EN,Combined TRACON& Tower with Radar,5,32,15,0,52,0,4,14,0,18,5,36,29,0,70,68,0,68,138
09/11/2012,AVP,PA,AEA,EN,Combined TRACON& Tower with Radar,4,46,14,0,64,0,11,35,1,47,4,57,49,1,111,43,0,43,154
09/12/2012,AVP,PA,AEA,EN,Combined TRACON& Tower with Radar,4,38,15,2,59,0,5,52,0,57,4,43,67,2,116,73,0,73,189
09/13/2012,AVP,PA,AEA,EN,Combined TRACON& Tower with Radar,6,44,20,0,70,0,6,41,3,50,6,50,61,3,120,26,0,26,146
09/14/2012,AVP,PA,AEA,EN,Combined TRACON& Tower with Radar,4,41,18,4,67,0,9,20,0,29,4,50,38,4,96,52,0,52,148
09/15/2012,AVP,PA,AEA,EN,Combined TRACON& Tower with Radar,4,26,17,0,47,0,9,31,0,40,4,35,48,0,87,46,0,46,133
09/16/2012,AVP,PA,AEA,EN,Combined TRACON& Tower with Radar,8,28,18,2,56,0,20,35,0,55,8,48,53,2,111,70,0,70,181
09/17/2012,AVP,PA,AEA,EN,Combined TRACON& Tower with Radar,5,35,25,0,65,0,12,32,0,44,5,47,57,0,109,48,0,48,157
09/18/2012,AVP,PA,AEA,EN,Combined TRACON& Tower with Radar,4,33,3,0,40,0,0,0,0,0,4,33,3,0,40,0,0,0,40
09/19/2012,AVP,PA,AEA,EN,Combined TRACON& Tower with Radar,4,43,25,0,72,0,7,16,0,23,4,50,41,0,95,92,0,92,187
09/20/2012,AVP,PA,AEA,EN,Combined TRACON& Tower with Radar,4,37,28,0,69,0,12,36,0,48,4,49,64,0,117,38,0,38,155
09/21/2012,AVP,PA,AEA,EN,Combined TRACON& Tower with Radar,3,40,23,0,66,0,3,33,0,36,3,43,56,0,102,68,0,68,170
09/22/2012,AVP,PA,AEA,EN,Combined TRACON& Tower with Radar,7,26,15,0,48,0,2,0,0,2,7,28,15,0,50,6,0,6,56
09/23/2012,AVP,PA,AEA,EN,Combined TRACON& Tower with Radar,6,30,19,0,55,0,8,36,0,44,6,38,55,0,99,48,0,48,147
09/24/2012,AVP,PA,AEA,EN,Combined TRACON& Tower with Radar,4,35,22,0,61,0,4,20,0,24,4,39,42,0,85,52,0,52,137
09/25/2012,AVP,PA,AEA,EN,Combined TRACON& Tower with Radar,4,37,10,2,53,0,2,27,0,29,4,39,37,2,82,16,0,16,98
09/26/2012,AVP,PA,AEA,EN,Combined TRACON& Tower with Radar,4,39,20,0,63,0,0,2,0,2,4,39,22,0,65,22,0,22,87
09/27/2012,AVP,PA,AEA,EN,Combined TRACON& Tower with Radar,4,43,22,0,69,0,11,21,1,33,4,54,43,1,102,22,0,22,124
09/28/2012,AVP,PA,AEA,EN,Combined TRACON& Tower with Radar,4,39,16,0,59,0,6,4,0,10,4,45,20,0,69,0,0,0,69
09/29/2012,AVP,PA,AEA,EN,Combined TRACON& Tower with Radar,4,29,9,0,42,0,13,9,0,22,4,42,18,0,64,40,0,40,104
09/30/2012,AVP,PA,AEA,EN,Combined TRACON& Tower with Radar,6,30,11,0,47,0,17,21,0,38,6,47,32,0,85,8,0,8,93
10/01/2012,AVP,PA,AEA,EN,Combined TRACON& Tower with Radar,4,35,18,1,58,0,5,18,1,24,4,40,36,2,82,58,0,58,140
10/02/2012,AVP,PA,AEA,EN,Combined TRACON& Tower with Radar,4,35,20,4,63,0,0,0,0,0,4,35,20,4,63,18,0,18,81
10/03/2012,AVP,PA,AEA,EN,Combined TRACON& Tower with Radar,4,48,23,0,75,0,0,4,0,4,4,48,27,0,79,0,0,0,79
10/04/2012,AVP,PA,AEA,EN,Combined TRACON& Tower with Radar,6,45,29,0,80,0,1,4,2,7,6,46,33,2,87,0,0,0,87
10/05/2012,AVP,PA,AEA,EN,Combined TRACON& Tower with Radar,4,39,27,0,70,0,12,39,0,51,4,51,66,0,121,48,0,48,169
10/06/2012,AVP,PA,AEA,EN,Combined TRACON& Tower with Radar,5,26,23,0,54,0,12,14,0,26,5,38,37,0,80,22,0,22,102
10/07/2012,AVP,PA,AEA,EN,Combined TRACON& Tower with Radar,8,34,20,0,62,0,4,20,0,24,8,38,40,0,86,80,0,80,166
10/08/2012,AVP,PA,AEA,EN,Combined TRACON& Tower with Radar,5,41,25,0,71,0,5,11,1,17,5,46,36,1,88,54,0,54,142
10/09/2012,AVP,PA,AEA,EN,Combined TRACON& Tower with Radar,14,44,27,0,85,0,1,30,0,31,14,45,57,0,116,58,0,58,174
10/10/2012,AVP,PA,AEA,EN,Combined TRACON& Tower with Radar,4,43,10,0,57,0,3,2,0,5,4,46,12,0,62,2,0,2,64
10/11/2012,AVP,PA,AEA,EN,Combined TRACON& Tower with Radar,5,41,23,2,71,0,8,43,0,51,5,49,66,2,122,59,0,59,181
10/12/2012,AVP,PA,AEA,EN,Combined TRACON& Tower with Radar,7,41,13,0,61,0,5,9,0,14,7,46,22,0,75,18,0,18,93
10/13/2012,AVP,PA,AEA,EN,Combined TRACON& Tower with Radar,5,29,10,0,44,2,5,52,0,59,7,34,62,0,103,174,0,174,277
10/14/2012,AVP,PA,AEA,EN,Combined TRACON& Tower with Radar,9,33,10,0,52,0,6,19,0,25,9,39,29,0,77,114,0,114,191
10/15/2012,AVP,PA,AEA,EN,Combined TRACON& Tower with Radar,4,41,13,0,58,0,6,3,0,9,4,47,16,0,67,8,0,8,75
10/16/2012,AVP,PA,AEA,EN,Combined TRACON& Tower with Radar,4,41,16,0,61,0,9,16,0,25,4,50,32,0,86,16,0,16,102
10/17/2012,AVP,PA,AEA,EN,Combined TRACON& Tower with Radar,4,40,12,0,56,0,12,35,0,47,4,52,47,0,103,157,0,157,260
10/18/2012,AVP,PA,AEA,EN,Combined TRACON& Tower with Radar,6,43,15,0,64,0,8,8,0,16,6,51,23,0,80,30,0,30,110
10/19/2012,AVP,PA,AEA,EN,Combined TRACON& Tower with Radar,4,40,11,0,55,0,2,3,0,5,4,42,14,0,60,46,0,46,106
10/20/2012,AVP,PA,AEA,EN,Combined TRACON& Tower with Radar,5,32,7,0,44,0,1,28,0,29,5,33,35,0,73,50,0,50,123
10/21/2012,AVP,PA,AEA,EN,Combined TRACON& Tower with Radar,8,33,6,0,47,0,6,36,0,42,8,39,42,0,89,48,0,48,137
10/22/2012,AVP,PA,AEA,EN,Combined TRACON& Tower with Radar,4,39,19,0,62,0,3,45,1,49,4,42,64,1,111,54,0,54,165
10/23/2012,AVP,PA,AEA,EN,Combined TRACON& Tower with Radar,4,46,28,0,78,0,1,16,0,17,4,47,44,0,95,52,0,52,147
10/24/2012,AVP,PA,AEA,EN,Combined TRACON& Tower with Radar,4,48,18,0,70,0,5,11,2,18,4,53,29,2,88,30,0,30,118
10/25/2012,AVP,PA,AEA,EN,Combined TRACON& Tower with Radar,6,39,19,4,68,0,6,4,0,10,6,45,23,4,78,14,0,14,92
10/26/2012,AVP,PA,AEA,EN,Combined TRACON& Tower with Radar,4,39,15,5,63,0,0,5,0,5,4,39,20,5,68,18,0,18,86
10/27/2012,AVP,PA,AEA,EN,Combined TRACON& Tower with Radar,4,26,26,0,56,0,3,8,0,11,4,29,34,0,67,95,0,95,162
10/28/2012,AVP,PA,AEA,EN,Combined TRACON& Tower with Radar,6,25,11,0,42,0,5,6,0,11,6,30,17,0,53,2,0,2,55
10/29/2012,AVP,PA,AEA,EN,Combined TRACON& Tower with Radar,2,2,0,2,6,0,0,0,0,0,2,2,0,2,6,0,0,0,6
10/30/2012,AVP,PA,AEA,EN,Combined TRACON& Tower with Radar,1,9,0,0,10,0,0,0,0,0,1,9,0,0,10,0,0,0,10
10/31/2012,AVP,PA,AEA,EN,Combined TRACON& Tower with Radar,3,23,7,0,33,0,1,0,0,1,3,24,7,0,34,16,0,16,50
11/01/2012,AVP,PA,AEA,EN,Combined TRACON& Tower with Radar,6,35,22,0,63,0,1,8,0,9,6,36,30,0,72,10,0,10,82
11/02/2012,AVP,PA,AEA,EN,Combined TRACON& Tower with Radar,4,40,6,2,52,0,2,5,0,7,4,42,11,2,59,8,0,8,67
11/03/2012,AVP,PA,AEA,EN,Combined TRACON& Tower with Radar,4,24,1,2,31,0,4,13,2,19,4,28,14,4,50,80,0,80,130
11/04/2012,AVP,PA,AEA,EN,Combined TRACON& Tower with Radar,7,29,9,1,46,0,6,22,5,33,7,35,31,6,79,51,0,51,130
11/05/2012,AVP,PA,AEA,EN,Combined TRACON& Tower with Radar,5,37,19,0,61,0,7,21,0,28,5,44,40,0,89,24,0,24,113
11/06/2012,AVP,PA,AEA,EN,Combined TRACON& Tower with Radar,3,37,21,0,61,0,2,40,2,44,3,39,61,2,105,147,0,147,252
11/07/2012,AVP,PA,AEA,EN,Combined TRACON& Tower with Radar,9,30,15,0,54,0,2,3,0,5,9,32,18,0,59,66,0,66,125
11/08/2012,AVP,PA,AEA,EN,Combined TRACON& Tower with Radar,6,39,15,0,60,0,3,8,0,11,6,42,23,0,71,0,0,0,71
11/09/2012,AVP,PA,AEA,EN,Combined TRACON& Tower with Radar,4,39,17,0,60,0,6,35,0,41,4,45,52,0,101,56,0,56,157
11/10/2012,AVP,PA,AEA,EN,Combined TRACON& Tower with Radar,4,30,8,0,42,0,10,32,0,42,4,40,40,0,84,114,0,114,198
11/11/2012,AVP,PA,AEA,EN,Combined TRACON& Tower with Radar,8,36,25,0,69,0,1,33,0,34,8,37,58,0,103,68,0,68,171
11/12/2012,AVP,PA,AEA,EN,Combined TRACON& Tower with Radar,3,46,16,0,65,0,3,7,0,10,3,49,23,0,75,9,0,9,84
11/13/2012,AVP,PA,AEA,EN,Combined TRACON& Tower with Radar,5,38,15,0,58,0,0,9,0,9,5,38,24,0,67,10,0,10,77
11/14/2012,AVP,PA,AEA,EN,Combined TRACON& Tower with Radar,3,41,19,2,65,0,4,32,0,36,3,45,51,2,101,22,0,22,123
11/15/2012,AVP,PA,AEA,EN,Combined TRACON& Tower with Radar,7,39,33,0,79,0,0,30,0,30,7,39,63,0,109,24,0,24,133
11/16/2012,AVP,PA,AEA,EN,Combined TRACON& Tower with Radar,3,36,26,0,65,0,2,31,0,33,3,38,57,0,98,82,0,82,180
11/17/2012,AVP,PA,AEA,EN,Combined TRACON& Tower with Radar,6,30,16,4,56,0,12,31,0,43,6,42,47,4,99,56,0,56,155
11/18/2012,AVP,PA,AEA,EN,Combined TRACON& Tower with Radar,9,31,10,1,51,0,10,34,3,47,9,41,44,4,98,84,0,84,182
11/19/2012,AVP,PA,AEA,EN,Combined TRACON& Tower with Radar,4,29,14,2,49,0,13,42,0,55,4,42,56,2,104,42,0,42,146
11/20/2012,AVP,PA,AEA,EN,Combined TRACON& Tower with Radar,4,43,16,0,63,0,6,41,0,47,4,49,57,0,110,71,0,71,181
11/21/2012,AVP,PA,AEA,EN,Combined TRACON& Tower with Radar,4,49,9,0,62,0,8,40,0,48,4,57,49,0,110,76,0,76,186
11/22/2012,AVP,PA,AEA,EN,Combined TRACON& Tower with Radar,5,16,4,0,25,0,6,9,0,15,5,22,13,0,40,0,0,0,40
11/23/2012,AVP,PA,AEA,EN,Combined TRACON& Tower with Radar,3,25,9,0,37,0,2,25,0,27,3,27,34,0,64,13,0,13,77
11/24/2012,AVP,PA,AEA,EN,Combined TRACON& Tower with Radar,6,30,1,0,37,0,10,10,0,20,6,40,11,0,57,64,0,64,121
11/25/2012,AVP,PA,AEA,EN,Combined TRACON& Tower with Radar,8,37,18,0,63,0,5,4,0,9,8,42,22,0,72,0,0,0,72
11/26/2012,AVP,PA,AEA,EN,Combined TRACON& Tower with Radar,4,41,20,0,65,0,3,20,0,23,4,44,40,0,88,13,0,13,101
11/27/2012,AVP,PA,AEA,EN,Combined TRACON& Tower with Radar,3,38,9,0,50,0,1,0,0,1,3,39,9,0,51,0,0,0,51
11/28/2012,AVP,PA,AEA,EN,Combined TRACON& Tower with Radar,5,44,10,0,59,0,0,9,0,9,5,44,19,0,68,22,0,22,90
11/29/2012,AVP,PA,AEA,EN,Combined TRACON& Tower with Radar,6,39,23,0,68,0,2,23,2,27,6,41,46,2,95,20,0,20,115
11/30/2012,AVP,PA,AEA,EN,Combined TRACON& Tower with Radar,4,36,5,0,45,0,4,23,1,28,4,40,28,1,73,89,0,89,162
12/01/2012,AVP,PA,AEA,EN,Combined TRACON& Tower with Radar,4,30,3,0,37,0,2,1,0,3,4,32,4,0,40,0,0,0,40
12/02/2012,AVP,PA,AEA,EN,Combined TRACON& Tower with Radar,10,41,8,0,59,0,2,3,0,5,10,43,11,0,64,14,0,14,78
12/03/2012,AVP,PA,AEA,EN,Combined TRACON& Tower with Radar,4,32,15,0,51,0,2,7,0,9,4,34,22,0,60,0,0,0,60
12/04/2012,AVP,PA,AEA,EN,Combined TRACON& Tower with Radar,4,38,21,2,65,0,1,14,0,15,4,39,35,2,80,17,0,17,97
12/05/2012,AVP,PA,AEA,EN,Combined TRACON& Tower with Radar,4,41,14,0,59,0,5,10,0,15,4,46,24,0,74,0,0,0,74
12/06/2012,AVP,PA,AEA,EN,Combined TRACON& Tower with Radar,6,40,29,2,77,0,6,39,2,47,6,46,68,4,124,126,0,126,250
12/07/2012,AVP,PA,AEA,EN,Combined TRACON& Tower with Radar,4,39,5,0,48,0,2,0,0,2,4,41,5,0,50,1,0,1,51
12/08/2012,AVP,PA,AEA,EN,Combined TRACON& Tower with Radar,6,34,13,0,53,0,0,0,0,0,6,34,13,0,53,0,0,0,53
12/09/2012,AVP,PA,AEA,EN,Combined TRACON& Tower with Radar,10,33,5,0,48,0,0,4,0,4,10,33,9,0,52,0,0,0,52
12/10/2012,AVP,PA,AEA,EN,Combined TRACON& Tower with Radar,6,47,15,0,68,0,0,1,0,1,6,47,16,0,69,8,0,8,77
12/11/2012,AVP,PA,AEA,EN,Combined TRACON& Tower with Radar,4,37,12,0,53,0,1,5,0,6,4,38,17,0,59,11,0,11,70
12/12/2012,AVP,PA,AEA,EN,Combined TRACON& Tower with Radar,4,43,17,2,66,0,2,31,0,33,4,45,48,2,99,70,0,70,169
12/13/2012,AVP,PA,AEA,EN,Combined TRACON& Tower with Radar,6,43,26,1,76,0,1,44,1,46,6,44,70,2,122,54,0,54,176
12/14/2012,AVP,PA,AEA,EN,Combined TRACON& Tower with Radar,4,43,13,0,60,0,4,40,0,44,4,47,53,0,104,92,0,92,196
12/15/2012,AVP,PA,AEA,EN,Combined TRACON& Tower with Radar,4,27,12,0,43,0,2,28,0,30,4,29,40,0,73,89,0,89,162
12/16/2012,AVP,PA,AEA,EN,Combined TRACON& Tower with Radar,8,30,9,0,47,0,0,4,0,4,8,30,13,0,51,6,0,6,57
12/17/2012,AVP,PA,AEA,EN,Combined TRACON& Tower with Radar,6,31,6,4,47,0,0,1,0,1,6,31,7,4,48,0,0,0,48
12/18/2012,AVP,PA,AEA,EN,Combined TRACON& Tower with Radar,4,32,16,0,52,0,1,0,0,1,4,33,16,0,53,1,0,1,54
12/19/2012,AVP,PA,AEA,EN,Combined TRACON& Tower with Radar,4,36,8,4,52,0,5,13,0,18,4,41,21,4,70,36,2,38,108
12/20/2012,AVP,PA,AEA,EN,Combined TRACON& Tower with Radar,6,35,23,2,66,0,0,23,2,25,6,35,46,4,91,86,0,86,177
12/21/2012,AVP,PA,AEA,EN,Combined TRACON& Tower with Radar,4,30,8,0,42,0,0,0,0,0,4,30,8,0,42,0,0,0,42
12/22/2012,AVP,PA,AEA,EN,Combined TRACON& Tower with Radar,4,32,1,0,37,0,3,0,0,3,4,35,1,0,40,0,0,0,40
12/23/2012,AVP,PA,AEA,EN,Combined TRACON& Tower with Radar,8,26,6,0,40,0,4,4,0,8,8,30,10,0,48,18,0,18,66
12/24/2012,AVP,PA,AEA,EN,Combined TRACON& Tower with Radar,4,21,4,0,29,0,1,10,0,11,4,22,14,0,40,26,0,26,66
12/25/2012,AVP,PA,AEA,EN,Combined TRACON& Tower with Radar,4,23,4,0,31,0,0,2,0,2,4,23,6,0,33,0,0,0,33
12/26/2012,AVP,PA,AEA,EN,Combined TRACON& Tower with Radar,4,21,7,0,32,0,0,0,0,0,4,21,7,0,32,0,0,0,32
12/27/2012,AVP,PA,AEA,EN,Combined TRACON& Tower with Radar,6,26,9,0,41,0,2,1,0,3,6,28,10,0,44,0,0,0,44
12/28/2012,AVP,PA,AEA,EN,Combined TRACON& Tower with Radar,4,37,16,0,57,0,4,7,0,11,4,41,23,0,68,84,0,84,152
12/29/2012,AVP,PA,AEA,EN,Combined TRACON& Tower with Radar,4,22,5,0,31,0,0,0,0,0,4,22,5,0,31,0,0,0,31
12/30/2012,AVP,PA,AEA,EN,Combined TRACON& Tower with Radar,8,29,5,0,42,0,4,0,0,4,8,33,5,0,46,0,0,0,46
12/31/2012,AVP,PA,AEA,EN,Combined TRACON& Tower with Radar,4,27,6,0,37,0,4,9,0,13,4,31,15,0,50,0,0,0,50
01/01/2013,AVP,PA,AEA,EN,Combined TRACON& Tower with Radar,3,23,7,0,33,0,6,2,0,8,3,29,9,0,41,0,0,0,41
01/02/2013,AVP,PA,AEA,EN,Combined TRACON& Tower with Radar,5,40,14,0,59,0,7,13,1,21,5,47,27,1,80,14,0,14,94
01/03/2013,AVP,PA,AEA,EN,Combined TRACON& Tower with Radar,6,34,30,0,70,0,4,18,2,24,6,38,48,2,94,0,0,0,94
01/04/2013,AVP,PA,AEA,EN,Combined TRACON& Tower with Radar,4,32,8,0,44,0,5,10,0,15,4,37,18,0,59,17,0,17,76
01/05/2013,AVP,PA,AEA,EN,Combined TRACON& Tower with Radar,2,31,13,0,46,0,3,23,1,27,2,34,36,1,73,38,0,38,111
01/06/2013,AVP,PA,AEA,EN,Combined TRACON& Tower with Radar,6,25,5,0,36,0,3,10,0,13,6,28,15,0,49,7,0,7,56
01/07/2013,AVP,PA,AEA,EN,Combined TRACON& Tower with Radar,3,31,2,0,36,0,8,6,0,14,3,39,8,0,50,24,0,24,74
01/08/2013,AVP,PA,AEA,EN,Combined TRACON& Tower with Radar,5,29,20,0,54,0,2,13,6,21,5,31,33,6,75,4,0,4,79
01/09/2013,AVP,PA,AEA,EN,Combined TRACON& Tower with Radar,4,28,10,0,42,0,4,12,0,16,4,32,22,0,58,69,0,69,127
01/10/2013,AVP,PA,AEA,EN,Combined TRACON& Tower with Radar,6,31,10,2,49,0,7,21,0,28,6,38,31,2,77,6,0,6,83
01/11/2013,AVP,PA,AEA,EN,Combined TRACON& Tower with Radar,4,32,9,0,45,0,5,8,1,14,4,37,17,1,59,0,0,0,59
01/12/2013,AVP,PA,AEA,EN,Combined TRACON& Tower with Radar,1,17,8,0,26,0,0,0,0,0,1,17,8,0,26,0,0,0,26
01/13/2013,AVP,PA,AEA,EN,Combined TRACON& Tower with Radar,7,42,8,0,57,0,6,4,0,10,7,48,12,0,67,18,0,18,85
01/14/2013,AVP,PA,AEA,EN,Combined TRACON& Tower with Radar,4,31,14,0,49,0,2,9,0,11,4,33,23,0,60,29,0,29,89
01/15/2013,AVP,PA,AEA,EN,Combined TRACON& Tower with Radar,4,31,15,0,50,0,4,17,0,21,4,35,32,0,71,30,0,30,101
01/16/2013,AVP,PA,AEA,EN,Combined TRACON& Tower with Radar,5,26,9,0,40,0,0,0,0,0,5,26,9,0,40,0,0,0,40
01/17/2013,AVP,PA,AEA,EN,Combined TRACON& Tower with Radar,4,34,8,0,46,0,3,3,0,6,4,37,11,0,52,10,0,10,62
01/18/2013,AVP,PA,AEA,EN,Combined TRACON& Tower with Radar,3,34,14,12,63,0,4,17,0,21,3,38,31,12,84,31,3,34,118
01/19/2013,AVP,PA,AEA,EN,Combined TRACON& Tower with Radar,4,30,12,0,46,0,10,21,0,31,4,40,33,0,77,30,0,30,107
01/20/2013,AVP,PA,AEA,EN,Combined TRACON& Tower with Radar,6,26,7,0,39,0,1,4,0,5,6,27,11,0,44,12,0,12,56
01/21/2013,AVP,PA,AEA,EN,Combined TRACON& Tower with Radar,4,30,5,0,39,0,0,4,0,4,4,30,9,0,43,0,0,0,43
01/22/2013,AVP,PA,AEA,EN,Combined TRACON& Tower with Radar,4,32,6,3,45,0,2,1,1,4,4,34,7,4,49,27,0,27,76
01/23/2013,AVP,PA,AEA,EN,Combined TRACON& Tower with Radar,4,30,20,8,62,0,1,8,0,9,4,31,28,8,71,36,0,36,107
01/24/2013,AVP,PA,AEA,EN,Combined TRACON& Tower with Radar,6,34,13,0,53,0,3,8,0,11,6,37,21,0,64,0,0,0,64
01/25/2013,AVP,PA,AEA,EN,Combined TRACON& Tower with Radar,4,26,5,2,37,0,1,8,0,9,4,27,13,2,46,34,0,34,80
01/26/2013,AVP,PA,AEA,EN,Combined TRACON& Tower with Radar,4,26,2,0,32,0,0,22,0,22,4,26,24,0,54,40,0,40,94
01/27/2013,AVP,PA,AEA,EN,Combined TRACON& Tower with Radar,8,26,10,0,44,0,4,44,0,48,8,30,54,0,92,61,0,61,153
01/28/2013,AVP,PA,AEA,EN,Combined TRACON& Tower with Radar,4,21,6,0,31,0,0,0,0,0,4,21,6,0,31,0,0,0,31
01/29/2013,AVP,PA,AEA,EN,Combined TRACON& Tower with Radar,4,34,17,0,55,0,0,0,0,0,4,34,17,0,55,0,0,0,55
01/30/2013,AVP,PA,AEA,EN,Combined TRACON& Tower with Radar,4,35,2,0,41,0,0,0,0,0,4,35,2,0,41,0,0,0,41
01/31/2013,AVP,PA,AEA,EN,Combined TRACON& Tower with Radar,6,34,3,0,43,0,2,0,0,2,6,36,3,0,45,0,0,0,45
02/01/2013,AVP,PA,AEA,EN,Combined TRACON& Tower with Radar,4,29,3,3,39,0,2,1,1,4,4,31,4,4,43,0,0,0,43
02/02/2013,AVP,PA,AEA,EN,Combined TRACON& Tower with Radar,4,24,16,0,44,0,3,9,0,12,4,27,25,0,56,6,0,6,62
02/03/2013,AVP,PA,AEA,EN,Combined TRACON& Tower with Radar,8,24,12,0,44,0,2,7,0,9,8,26,19,0,53,10,0,10,63
02/04/2013,AVP,PA,AEA,EN,Combined TRACON& Tower with Radar,3,31,24,0,58,0,6,16,0,22,3,37,40,0,80,22,0,22,102
02/05/2013,AVP,PA,AEA,EN,Combined TRACON& Tower with Radar,4,36,15,0,55,0,0,4,0,4,4,36,19,0,59,8,0,8,67
02/06/2013,AVP,PA,AEA,EN,Combined TRACON& Tower with Radar,4,36,10,0,50,0,10,11,0,21,4,46,21,0,71,12,0,12,83
02/07/2013,AVP,PA,AEA,EN,Combined TRACON& Tower with Radar,6,33,23,2,64,0,5,28,0,33,6,38,51,2,97,26,0,26,123
02/08/2013,AVP,PA,AEA,EN,Combined TRACON& Tower with Radar,3,18,8,0,29,0,0,0,0,0,3,18,8,0,29,0,0,0,29
02/09/2013,AVP,PA,AEA,EN,Combined TRACON& Tower with Radar,3,17,3,0,23,0,0,0,0,0,3,17,3,0,23,0,0,0,23
02/10/2013,AVP,PA,AEA,EN,Combined TRACON& Tower with Radar,7,23,18,0,48,0,3,43,0,46,7,26,61,0,94,49,0,49,143
02/11/2013,AVP,PA,AEA,EN,Combined TRACON& Tower with Radar,7,39,6,0,52,0,0,0,0,0,7,39,6,0,52,0,0,0,52
02/12/2013,AVP,PA,AEA,EN,Combined TRACON& Tower with Radar,4,31,18,0,53,0,6,9,2,17,4,37,27,2,70,24,0,24,94
02/13/2013,AVP,PA,AEA,EN,Combined TRACON& Tower with Radar,2,33,10,2,47,0,2,25,0,27,2,35,35,2,74,32,0,32,106
02/14/2013,AVP,PA,AEA,EN,Combined TRACON& Tower with Radar,6,34,21,0,61,0,0,23,0,23,6,34,44,0,84,23,0,23,107
02/15/2013,AVP,PA,AEA,EN,Combined TRACON& Tower with Radar,4,33,12,2,51,0,2,23,0,25,4,35,35,2,76,44,0,44,120
02/16/2013,AVP,PA,AEA,EN,Combined TRACON& Tower with Radar,3,26,5,0,34,0,6,14,0,20,3,32,19,0,54,51,0,51,105
02/17/2013,AVP,PA,AEA,EN,Combined TRACON& Tower with Radar,7,25,2,0,34,0,6,1,0,7,7,31,3,0,41,0,0,0,41
02/18/2013,AVP,PA,AEA,EN,Combined TRACON& Tower with Radar,4,31,13,0,48,0,2,28,0,30,4,33,41,0,78,75,0,75,153
02/19/2013,AVP,PA,AEA,EN,Combined TRACON& Tower with Radar,4,28,4,0,36,0,2,0,0,2,4,30,4,0,38,0,0,0,38
02/20/2013,AVP,PA,AEA,EN,Combined TRACON& Tower with Radar,4,37,1,0,42,0,3,2,0,5,4,40,3,0,47,0,0,0,47
02/21/2013,AVP,PA,AEA,EN,Combined TRACON& Tower with Radar,8,33,12,0,53,0,4,0,0,4,8,37,12,0,57,2,0,2,59
02/22/2013,AVP,PA,AEA,EN,Combined TRACON& Tower with Radar,4,29,15,0,48,0,6,20,0,26,4,35,35,0,74,52,0,52,126
02/23/2013,AVP,PA,AEA,EN,Combined TRACON& Tower with Radar,4,27,3,0,34,0,2,0,0,2,4,29,3,0,36,0,0,0,36
02/24/2013,AVP,PA,AEA,EN,Combined TRACON& Tower with Radar,6,31,13,0,50,0,0,0,0,0,6,31,13,0,50,0,0,0,50
02/25/2013,AVP,PA,AEA,EN,Combined TRACON& Tower with Radar,4,31,9,0,44,0,2,21,4,27,4,33,30,4,71,76,0,76,147
02/26/2013,AVP,PA,AEA,EN,Combined TRACON& Tower with Radar,4,32,15,0,51,0,1,10,0,11,4,33,25,0,62,21,0,21,83
02/27/2013,AVP,PA,AEA,EN,Combined TRACON& Tower with Radar,6,42,6,0,54,0,0,0,0,0,6,42,6,0,54,0,0,0,54
02/28/2013,AVP,PA,AEA,EN,Combined TRACON& Tower with Radar,4,31,18,0,53,0,2,4,0,6,4,33,22,0,59,6,0,6,65
03/01/2013,AVP,PA,AEA,EN,Combined TRACON& Tower with Radar,3,35,8,0,46,0,1,3,0,4,3,36,11,0,50,46,0,46,96
03/02/2013,AVP,PA,AEA,EN,Combined TRACON& Tower with Radar,4,33,15,0,52,0,1,2,0,3,4,34,17,0,55,18,0,18,73
03/03/2013,AVP,PA,AEA,EN,Combined TRACON& Tower with Radar,8,33,10,0,51,0,4,1,0,5,8,37,11,0,56,1,0,1,57
03/04/2013,AVP,PA,AEA,EN,Combined TRACON& Tower with Radar,4,38,7,0,49,0,5,14,0,19,4,43,21,0,68,30,0,30,98
03/05/2013,AVP,PA,AEA,EN,Combined TRACON& Tower with Radar,3,39,17,0,59,0,0,30,0,30,3,39,47,0,89,46,0,46,135
03/06/2013,AVP,PA,AEA,EN,Combined TRACON& Tower with Radar,5,38,5,0,48,0,4,2,0,6,5,42,7,0,54,0,0,0,54
03/07/2013,AVP,PA,AEA,EN,Combined TRACON& Tower with Radar,6,37,12,0,55,0,0,7,1,8,6,37,19,1,63,8,0,8,71
03/08/2013,AVP,PA,AEA,EN,Combined TRACON& Tower with Radar,4,36,5,0,45,0,7,0,0,7,4,43,5,0,52,0,0,0,52
03/09/2013,AVP,PA,AEA,EN,Combined TRACON& Tower with Radar,5,34,38,0,77,0,8,53,0,61,5,42,91,0,138,51,0,51,189
03/10/2013,AVP,PA,AEA,EN,Combined TRACON& Tower with Radar,7,31,19,0,57,0,6,26,0,32,7,37,45,0,89,7,0,7,96
03/11/2013,AVP,PA,AEA,EN,Combined TRACON& Tower with Radar,4,40,13,0,57,0,4,18,0,22,4,44,31,0,79,2,0,2,81
03/12/2013,AVP,PA,AEA,EN,Combined TRACON& Tower with Radar,3,34,13,0,50,0,0,0,0,0,3,34,13,0,50,0,0,0,50
03/13/2013,AVP,PA,AEA,EN,Combined TRACON& Tower with Radar,5,42,11,2,60,0,8,11,0,19,5,50,22,2,79,53,0,53,132
03/14/2013,AVP,PA,AEA,EN,Combined TRACON& Tower with Radar,6,36,16,0,58,0,5,9,0,14,6,41,25,0,72,0,0,0,72
03/15/2013,AVP,PA,AEA,EN,Combined TRACON& Tower with Radar,4,36,17,0,57,0,5,7,0,12,4,41,24,0,69,0,0,0,69
03/16/2013,AVP,PA,AEA,EN,Combined TRACON& Tower with Radar,6,32,6,2,46,0,1,7,0,8,6,33,13,2,54,31,0,31,85
03/17/2013,AVP,PA,AEA,EN,Combined TRACON& Tower with Radar,6,32,17,0,55,0,6,16,0,22,6,38,33,0,77,1,0,1,78
03/18/2013,AVP,PA,AEA,EN,Combined TRACON& Tower with Radar,2,23,0,0,25,0,4,6,0,10,2,27,6,0,35,11,0,11,46
03/19/2013,AVP,PA,AEA,EN,Combined TRACON& Tower with Radar,6,41,10,0,57,0,3,1,0,4,6,44,11,0,61,0,0,0,61
03/20/2013,AVP,PA,AEA,EN,Combined TRACON& Tower with Radar,4,36,7,0,47,0,4,5,2,11,4,40,12,2,58,0,0,0,58
03/21/2013,AVP,PA,AEA,EN,Combined TRACON& Tower with Radar,6,33,10,0,49,0,9,14,1,24,6,42,24,1,73,34,0,34,107
03/22/2013,AVP,PA,AEA,EN,Combined TRACON& Tower with Radar,4,33,10,0,47,0,7,19,0,26,4,40,29,0,73,78,0,78,151
03/23/2013,AVP,PA,AEA,EN,Combined TRACON& Tower with Radar,4,31,3,0,38,0,4,7,0,11,4,35,10,0,49,29,0,29,78
03/24/2013,AVP,PA,AEA,EN,Combined TRACON& Tower with Radar,6,31,12,0,49,0,8,27,0,35,6,39,39,0,84,30,0,30,114
03/25/2013,AVP,PA,AEA,EN,Combined TRACON& Tower with Radar,4,25,3,0,32,0,1,1,0,2,4,26,4,0,34,0,0,0,34
03/26/2013,AVP,PA,AEA,EN,Combined TRACON& Tower with Radar,4,36,15,0,55,0,2,19,0,21,4,38,34,0,76,25,0,25,101
03/27/2013,AVP,PA,AEA,EN,Combined TRACON& Tower with Radar,4,41,16,0,61,0,1,9,0,10,4,42,25,0,71,32,0,32,103
03/28/2013,AVP,PA,AEA,EN,Combined TRACON& Tower with Radar,6,36,14,0,56,0,1,4,0,5,6,37,18,0,61,4,0,4,65
03/29/2013,AVP,PA,AEA,EN,Combined TRACON& Tower with Radar,4,34,10,0,48,0,10,16,0,26,4,44,26,0,74,14,0,14,88
03/30/2013,AVP,PA,AEA,EN,Combined TRACON& Tower with Radar,5,28,22,0,55,0,10,27,0,37,5,38,49,0,92,24,0,24,116
03/31/2013,AVP,PA,AEA,EN,Combined TRACON& Tower with Radar,6,32,4,0,42,0,4,0,0,4,6,36,4,0,46,0,0,0,46
04/01/2013,AVP,PA,AEA,EN,Combined TRACON& Tower with Radar,5,33,8,0,46,0,0,5,0,5,5,33,13,0,51,0,0,0,51
04/02/2013,AVP,PA,AEA,EN,Combined TRACON& Tower with Radar,4,36,14,0,54,0,1,8,0,9,4,37,22,0,63,46,0,46,109
04/03/2013,AVP,PA,AEA,EN,Combined TRACON& Tower with Radar,6,33,21,0,60,0,6,11,0,17,6,39,32,0,77,16,0,16,93
04/04/2013,AVP,PA,AEA,EN,Combined TRACON& Tower with Radar,5,34,25,1,65,0,4,44,5,53,5,38,69,6,118,35,0,35,153
04/05/2013,AVP,PA,AEA,EN,Combined TRACON& Tower with Radar,4,34,7,3,48,0,2,14,0,16,4,36,21,3,64,0,20,20,84
04/06/2013,AVP,PA,AEA,EN,Combined TRACON& Tower with Radar,7,27,21,0,55,0,5,64,0,69,7,32,85,0,124,50,0,50,174
04/07/2013,AVP,PA,AEA,EN,Combined TRACON& Tower with Radar,7,34,5,8,54,0,0,18,0,18,7,34,23,8,72,0,5,5,77
04/08/2013,AVP,PA,AEA,EN,Combined TRACON& Tower with Radar,4,31,16,0,51,0,1,53,0,54,4,32,69,0,105,44,0,44,149
04/09/2013,AVP,PA,AEA,EN,Combined TRACON& Tower with Radar,4,32,27,6,69,0,2,38,1,41,4,34,65,7,110,56,0,56,166
04/10/2013,AVP,PA,AEA,EN,Combined TRACON& Tower with Radar,3,31,14,0,48,0,3,14,0,17,3,34,28,0,65,34,0,34,99
04/11/2013,AVP,PA,AEA,EN,Combined TRACON& Tower with Radar,6,36,16,0,58,0,4,1,0,5,6,40,17,0,63,0,0,0,63
04/12/2013,AVP,PA,AEA,EN,Combined TRACON& Tower with Radar,4,33,6,4,47,0,0,0,0,0,4,33,6,4,47,0,0,0,47
04/13/2013,AVP,PA,AEA,EN,Combined TRACON& Tower with Radar,7,25,4,0,36,0,5,103,0,108,7,30,107,0,144,4,0,4,148
04/14/2013,AVP,PA,AEA,EN,Combined TRACON& Tower with Radar,6,33,3,0,42,0,1,25,0,26,6,34,28,0,68,10,0,10,78
04/15/2013,AVP,PA,AEA,EN,Combined TRACON& Tower with Radar,4,38,18,0,60,0,13,16,0,29,4,51,34,0,89,16,0,16,105
04/16/2013,AVP,PA,AEA,EN,Combined TRACON& Tower with Radar,4,38,11,0,53,0,4,4,0,8,4,42,15,0,61,16,0,16,77
04/17/2013,AVP,PA,AEA,EN,Combined TRACON& Tower with Radar,4,32,25,0,61,0,6,44,2,52,4,38,69,2,113,31,0,31,144
04/18/2013,AVP,PA,AEA,EN,Combined TRACON& Tower with Radar,8,49,37,1,95,0,13,12,1,26,8,62,49,2,121,8,0,8,129
04/19/2013,AVP,PA,AEA,EN,Combined TRACON& Tower with Radar,4,32,6,0,42,0,0,1,0,1,4,32,7,0,43,0,0,0,43
04/20/2013,AVP,PA,AEA,EN,Combined TRACON& Tower with Radar,4,27,8,0,39,0,6,19,0,25,4,33,27,0,64,30,0,30,94
04/21/2013,AVP,PA,AEA,EN,Combined TRACON& Tower with Radar,6,35,9,0,50,0,11,39,0,50,6,46,48,0,100,21,0,21,121
04/22/2013,AVP,PA,AEA,EN,Combined TRACON& Tower with Radar,4,32,25,1,62,0,3,29,1,33,4,35,54,2,95,7,0,7,102
04/23/2013,AVP,PA,AEA,EN,Combined TRACON& Tower with Radar,3,42,16,14,75,0,7,25,0,32,3,49,41,14,107,60,0,60,167
04/24/2013,AVP,PA,AEA,EN,Combined TRACON& Tower with Radar,5,38,19,2,64,0,3,12,0,15,5,41,31,2,79,29,0,29,108
04/25/2013,AVP,PA,AEA,EN,Combined TRACON& Tower with Radar,6,42,14,0,62,0,6,37,2,45,6,48,51,2,107,24,0,24,131
04/26/2013,AVP,PA,AEA,EN,Combined TRACON& Tower with Radar,4,34,22,0,60,0,10,43,2,55,4,44,65,2,115,32,0,32,147
04/27/2013,AVP,PA,AEA,EN,Combined TRACON& Tower with Radar,4,25,11,0,40,0,9,36,0,45,4,34,47,0,85,21,0,21,106
04/28/2013,AVP,PA,AEA,EN,Combined TRACON& Tower with Radar,7,35,18,0,60,0,6,20,2,28,7,41,38,2,88,0,0,0,88
04/29/2013,AVP,PA,AEA,EN,Combined TRACON& Tower with Radar,4,34,12,0,50,0,1,1,0,2,4,35,13,0,52,0,0,0,52
04/30/2013,AVP,PA,AEA,EN,Combined TRACON& Tower with Radar,4,34,9,4,51,0,3,12,2,17,4,37,21,6,68,13,0,13,81
05/01/2013,AVP,PA,AEA,EN,Combined TRACON& Tower with Radar,4,34,21,0,59,0,10,32,0,42,4,44,53,0,101,13,0,13,114
05/02/2013,AVP,PA,AEA,EN,Combined TRACON& Tower with Radar,6,36,20,1,63,0,12,33,1,46,6,48,53,2,109,8,0,8,117
05/03/2013,AVP,PA,AEA,EN,Combined TRACON& Tower with Radar,3,36,14,0,53,0,6,35,0,41,3,42,49,0,94,14,0,14,108
05/04/2013,AVP,PA,AEA,EN,Combined TRACON& Tower with Radar,8,25,11,0,44,0,11,46,0,57,8,36,57,0,101,45,0,45,146
05/05/2013,AVP,PA,AEA,EN,Combined TRACON& Tower with Radar,7,35,10,0,52,0,5,25,0,30,7,40,35,0,82,14,0,14,96
05/06/2013,AVP,PA,AEA,EN,Combined TRACON& Tower with Radar,4,38,17,0,59,0,5,29,0,34,4,43,46,0,93,61,0,61,154
05/07/2013,AVP,PA,AEA,EN,Combined TRACON& Tower with Radar,3,34,24,0,61,0,7,27,0,34,3,41,51,0,95,21,0,21,116
05/08/2013,AVP,PA,AEA,EN,Combined TRACON& Tower with Radar,6,36,8,0,50,0,5,0,0,5,6,41,8,0,55,0,0,0,55
05/09/2013,AVP,PA,AEA,EN,Combined TRACON& Tower with Radar,7,30,15,0,52,0,8,3,0,11,7,38,18,0,63,0,0,0,63
05/10/2013,AVP,PA,AEA,EN,Combined TRACON& Tower with Radar,3,36,14,0,53,0,3,8,0,11,3,39,22,0,64,13,0,13,77
05/11/2013,AVP,PA,AEA,EN,Combined TRACON& Tower with Radar,5,30,8,0,43,0,4,2,0,6,5,34,10,0,49,0,0,0,49
05/12/2013,AVP,PA,AEA,EN,Combined TRACON& Tower with Radar,6,35,6,0,47,0,7,4,0,11,6,42,10,0,58,0,0,0,58
05/13/2013,AVP,PA,AEA,EN,Combined TRACON& Tower with Radar,4,33,20,0,57,0,8,12,0,20,4,41,32,0,77,0,0,0,77
05/14/2013,AVP,PA,AEA,EN,Combined TRACON& Tower with Radar,4,36,24,2,66,0,7,40,1,48,4,43,64,3,114,46,0,46,160
05/15/2013,AVP,PA,AEA,EN,Combined TRACON& Tower with Radar,3,33,12,1,49,0,6,18,1,25,3,39,30,2,74,16,0,16,90
05/16/2013,AVP,PA,AEA,EN,Combined TRACON& Tower with Radar,7,32,16,0,55,0,4,19,0,23,7,36,35,0,78,47,0,47,125
05/17/2013,AVP,PA,AEA,EN,Combined TRACON& Tower with Radar,6,35,19,0,60,0,6,38,0,44,6,41,57,0,104,41,0,41,145
05/18/2013,AVP,PA,AEA,EN,Combined TRACON& Tower with Radar,5,29,17,1,52,0,3,17,1,21,5,32,34,2,73,29,0,29,102
05/19/2013,AVP,PA,AEA,EN,Combined TRACON& Tower with Radar,7,29,16,0,52,0,2,0,0,2,7,31,16,0,54,0,0,0,54
05/20/2013,AVP,PA,AEA,EN,Combined TRACON& Tower with Radar,3,28,26,0,57,0,5,7,0,12,3,33,33,0,69,5,0,5,74
05/21/2013,AVP,PA,AEA,EN,Combined TRACON& Tower with Radar,4,34,17,4,59,0,7,18,0,25,4,41,35,4,84,77,0,77,161
05/22/2013,AVP,PA,AEA,EN,Combined TRACON& Tower with Radar,5,33,13,0,51,0,5,1,1,7,5,38,14,1,58,38,0,38,96
05/23/2013,AVP,PA,AEA,EN,Combined TRACON& Tower with Radar,5,34,13,0,52,0,11,2,0,13,5,45,15,0,65,12,0,12,77
05/24/2013,AVP,PA,AEA,EN,Combined TRACON& Tower with Radar,6,36,15,0,57,0,6,3,0,9,6,42,18,0,66,4,0,4,70
05/25/2013,AVP,PA,AEA,EN,Combined TRACON& Tower with Radar,7,28,7,0,42,0,6,0,0,6,7,34,7,0,48,0,0,0,48
05/26/2013,AVP,PA,AEA,EN,Combined TRACON& Tower with Radar,6,20,3,0,29,0,4,5,0,9,6,24,8,0,38,0,0,0,38
05/27/2013,AVP,PA,AEA,EN,Combined TRACON& Tower with Radar,4,27,7,0,38,0,1,45,0,46,4,28,52,0,84,54,0,54,138
05/28/2013,AVP,PA,AEA,EN,Combined TRACON& Tower with Radar,4,32,19,0,55,0,7,7,0,14,4,39,26,0,69,3,0,3,72
05/29/2013,AVP,PA,AEA,EN,Combined TRACON& Tower with Radar,4,40,17,0,61,0,7,17,0,24,4,47,34,0,85,35,0,35,120
05/30/2013,AVP,PA,AEA,EN,Combined TRACON& Tower with Radar,6,34,22,2,64,0,11,34,0,45,6,45,56,2,109,36,0,36,145
05/31/2013,AVP,PA,AEA,EN,Combined TRACON& Tower with Radar,4,33,7,0,44,0,7,37,0,44,4,40,44,0,88,4,0,4,92
06/01/2013,AVP,PA,AEA,EN,Combined TRACON& Tower with Radar,5,30,15,0,50,0,3,24,1,28,5,33,39,1,78,14,0,14,92
06/02/2013,AVP,PA,AEA,EN,Combined TRACON& Tower with Radar,7,27,5,0,39,0,2,4,0,6,7,29,9,0,45,1,0,1,46
06/03/2013,AVP,PA,AEA,EN,Combined TRACON& Tower with Radar,4,34,15,0,53,0,4,10,0,14,4,38,25,0,67,30,0,30,97
06/04/2013,AVP,PA,AEA,EN,Combined TRACON& Tower with Radar,4,40,15,2,61,0,9,43,2,54,4,49,58,4,115,20,0,20,135
06/05/2013,AVP,PA,AEA,EN,Combined TRACON& Tower with Radar,3,32,21,2,58,0,7,36,0,43,3,39,57,2,101,45,0,45,146
06/06/2013,AVP,PA,AEA,EN,Combined TRACON& Tower with Radar,9,32,28,0,69,0,3,21,0,24,9,35,49,0,93,39,0,39,132
06/07/2013,AVP,PA,AEA,EN,Combined TRACON& Tower with Radar,3,34,25,1,63,0,0,0,0,0,3,34,25,1,63,0,0,0,63
06/08/2013,AVP,PA,AEA,EN,Combined TRACON& Tower with Radar,7,36,32,0,75,0,4,17,0,21,7,40,49,0,96,14,0,14,110
06/09/2013,AVP,PA,AEA,EN,Combined TRACON& Tower with Radar,8,39,46,1,94,0,6,35,0,41,8,45,81,1,135,34,0,34,169
06/10/2013,AVP,PA,AEA,EN,Combined TRACON& Tower with Radar,3,31,15,0,49,0,0,0,0,0,3,31,15,0,49,0,0,0,49
06/11/2013,AVP,PA,AEA,EN,Combined TRACON& Tower with Radar,5,35,14,0,54,0,3,8,0,11,5,38,22,0,65,0,0,0,65
06/12/2013,AVP,PA,AEA,EN,Combined TRACON& Tower with Radar,4,31,12,2,49,0,3,47,4,54,4,34,59,6,103,84,0,84,187
06/13/2013,AVP,PA,AEA,EN,Combined TRACON& Tower with Radar,6,34,13,0,53,0,0,2,5,7,6,34,15,5,60,8,0,8,68
06/14/2013,AVP,PA,AEA,EN,Combined TRACON& Tower with Radar,6,36,22,6,70,0,7,15,1,23,6,43,37,7,93,0,0,0,93
06/15/2013,AVP,PA,AEA,EN,Combined TRACON& Tower with Radar,5,31,13,0,49,0,3,52,0,55,5,34,65,0,104,69,0,69,173
06/16/2013,AVP,PA,AEA,EN,Combined TRACON& Tower with Radar,6,33,15,1,55,0,2,24,0,26,6,35,39,1,81,19,0,19,100
06/17/2013,AVP,PA,AEA,EN,Combined TRACON& Tower with Radar,3,29,21,0,53,0,7,18,2,27,3,36,39,2,80,67,0,67,147
06/18/2013,AVP,PA,AEA,EN,Combined TRACON& Tower with Radar,6,37,12,20,75,0,4,18,8,30,6,41,30,28,105,14,0,14,119
06/19/2013,AVP,PA,AEA,EN,Combined TRACON& Tower with Radar,5,34,14,0,53,0,5,41,0,46,5,39,55,0,99,19,0,19,118
06/20/2013,AVP,PA,AEA,EN,Combined TRACON& Tower with Radar,6,33,31,0,70,0,10,54,0,64,6,43,85,0,134,48,0,48,182
06/21/2013,AVP,PA,AEA,EN,Combined TRACON& Tower with Radar,4,35,15,8,62,0,4,30,6,40,4,39,45,14,102,3,0,3,105
06/22/2013,AVP,PA,AEA,EN,Combined TRACON& Tower with Radar,5,32,22,0,59,0,5,28,0,33,5,37,50,0,92,21,0,21,113
06/23/2013,AVP,PA,AEA,EN,Combined TRACON& Tower with Radar,7,28,11,0,46,0,12,13,0,25,7,40,24,0,71,30,0,30,101
06/24/2013,AVP,PA,AEA,EN,Combined TRACON& Tower with Radar,6,28,20,1,55,0,1,20,1,22,6,29,40,2,77,12,0,12,89
06/25/2013,AVP,PA,AEA,EN,Combined TRACON& Tower with Radar,3,34,18,0,55,0,8,21,0,29,3,42,39,0,84,17,0,17,101
06/26/2013,AVP,PA,AEA,EN,Combined TRACON& Tower with Radar,5,41,7,0,53,0,8,24,0,32,5,49,31,0,85,79,0,79,164
06/27/2013,AVP,PA,AEA,EN,Combined TRACON& Tower with Radar,7,27,25,0,59,0,5,12,0,17,7,32,37,0,76,44,0,44,120
06/28/2013,AVP,PA,AEA,EN,Combined TRACON& Tower with Radar,3,32,28,0,63,0,3,37,0,40,3,35,65,0,103,58,0,58,161
06/29/2013,AVP,PA,AEA,EN,Combined TRACON& Tower with Radar,8,33,14,0,55,0,1,16,0,17,8,34,30,0,72,27,0,27,99
06/30/2013,AVP,PA,AEA,EN,Combined TRACON& Tower with Radar,6,27,13,0,46,0,3,7,0,10,6,30,20,0,56,0,0,0,56
07/01/2013,AVP,PA,AEA,EN,Combined TRACON& Tower with Radar,6,31,9,0,46,0,1,0,0,1,6,32,9,0,47,0,0,0,47
07/02/2013,AVP,PA,AEA,EN,Combined TRACON& Tower with Radar,4,30,16,1,51,0,0,9,2,11,4,30,25,3,62,15,0,15,77
07/03/2013,AVP,PA,AEA,EN,Combined TRACON& Tower with Radar,6,33,24,0,63,0,2,21,0,23,6,35,45,0,86,32,0,32,118
07/04/2013,AVP,PA,AEA,EN,Combined TRACON& Tower with Radar,6,20,11,0,37,0,4,23,0,27,6,24,34,0,64,67,0,67,131
07/05/2013,AVP,PA,AEA,EN,Combined TRACON& Tower with Radar,4,26,16,0,46,0,5,25,0,30,4,31,41,0,76,24,0,24,100
07/06/2013,AVP,PA,AEA,EN,Combined TRACON& Tower with Radar,3,32,14,0,49,0,4,35,0,39,3,36,49,0,88,46,0,46,134
07/07/2013,AVP,PA,AEA,EN,Combined TRACON& Tower with Radar,8,32,16,0,56,0,7,9,0,16,8,39,25,0,72,6,0,6,78
07/08/2013,AVP,PA,AEA,EN,Combined TRACON& Tower with Radar,5,29,18,0,52,0,2,9,0,11,5,31,27,0,63,1,0,1,64
07/09/2013,AVP,PA,AEA,EN,Combined TRACON& Tower with Radar,3,32,26,2,63,0,9,25,2,36,3,41,51,4,99,12,0,12,111
07/10/2013,AVP,PA,AEA,EN,Combined TRACON& Tower with Radar,2,32,16,4,54,0,2,5,0,7,2,34,21,4,61,4,0,4,65
07/11/2013,AVP,PA,AEA,EN,Combined TRACON& Tower with Radar,7,38,12,3,60,0,3,29,1,33,7,41,41,4,93,22,0,22,115
07/12/2013,AVP,PA,AEA,EN,Combined TRACON& Tower with Radar,3,31,22,0,56,0,5,19,0,24,3,36,41,0,80,10,0,10,90
07/13/2013,AVP,PA,AEA,EN,Combined TRACON& Tower with Radar,9,32,18,0,59,0,9,4,0,13,9,41,22,0,72,41,0,41,113
07/14/2013,AVP,PA,AEA,EN,Combined TRACON& Tower with Radar,6,33,17,2,58,0,1,24,0,25,6,34,41,2,83,52,0,52,135
07/15/2013,AVP,PA,AEA,EN,Combined TRACON& Tower with Radar,4,30,20,0,54,0,4,36,2,42,4,34,56,2,96,14,0,14,110
07/16/2013,AVP,PA,AEA,EN,Combined TRACON& Tower with Radar,5,35,26,0,66,0,10,48,1,59,5,45,74,1,125,81,0,81,206
07/17/2013,AVP,PA,AEA,EN,Combined TRACON& Tower with Radar,3,31,20,0,54,0,8,27,0,35,3,39,47,0,89,9,0,9,98
07/18/2013,AVP,PA,AEA,EN,Combined TRACON& Tower with Radar,7,33,22,0,62,0,6,28,0,34,7,39,50,0,96,4,0,4,100
07/19/2013,AVP,PA,AEA,EN,Combined TRACON& Tower with Radar,7,32,20,0,59,0,8,20,0,28,7,40,40,0,87,0,0,0,87
07/20/2013,AVP,PA,AEA,EN,Combined TRACON& Tower with Radar,3,30,12,0,45,0,13,17,0,30,3,43,29,0,75,18,0,18,93
07/21/2013,AVP,PA,AEA,EN,Combined TRACON& Tower with Radar,7,31,25,0,63,0,3,31,0,34,7,34,56,0,97,0,0,0,97
07/22/2013,AVP,PA,AEA,EN,Combined TRACON& Tower with Radar,4,31,20,0,55,0,4,17,0,21,4,35,37,0,76,12,0,12,88
07/23/2013,AVP,PA,AEA,EN,Combined TRACON& Tower with Radar,4,46,20,0,70,0,7,10,0,17,4,53,30,0,87,36,0,36,123
07/24/2013,AVP,PA,AEA,EN,Combined TRACON& Tower with Radar,3,33,9,2,47,0,5,30,0,35,3,38,39,2,82,23,0,23,105
07/25/2013,AVP,PA,AEA,EN,Combined TRACON& Tower with Radar,7,37,26,1,71,0,4,25,1,30,7,41,51,2,101,32,0,32,133
07/26/2013,AVP,PA,AEA,EN,Combined TRACON& Tower with Radar,4,33,19,11,67,0,6,47,11,64,4,39,66,22,131,15,0,15,146
07/27/2013,AVP,PA,AEA,EN,Combined TRACON& Tower with Radar,8,31,8,0,47,0,7,29,0,36,8,38,37,0,83,15,0,15,98
07/28/2013,AVP,PA,AEA,EN,Combined TRACON& Tower with Radar,6,34,13,0,53,0,2,8,0,10,6,36,21,0,63,0,0,0,63
07/29/2013,AVP,PA,AEA,EN,Combined TRACON& Tower with Radar,5,32,36,2,75,0,2,39,0,41,5,34,75,2,116,48,0,48,164
07/30/2013,AVP,PA,AEA,EN,Combined TRACON& Tower with Radar,4,40,23,0,67,0,7,45,2,54,4,47,68,2,121,68,0,68,189
07/31/2013,AVP,PA,AEA,EN,Combined TRACON& Tower with Radar,4,41,20,0,65,0,2,22,1,25,4,43,42,1,90,16,0,16,106
08/01/2013,AVP,PA,AEA,EN,Combined TRACON& Tower with Radar,10,35,42,0,87,0,2,6,1,9,10,37,48,1,96,4,0,4,100
08/02/2013,AVP,PA,AEA,EN,Combined TRACON& Tower with Radar,5,32,19,5,61,0,3,30,2,35,5,35,49,7,96,15,0,15,111
08/03/2013,AVP,PA,AEA,EN,Combined TRACON& Tower with Radar,6,33,22,2,63,0,8,9,0,17,6,41,31,2,80,3,0,3,83
08/04/2013,AVP,PA,AEA,EN,Combined TRACON& Tower with Radar,10,41,51,1,103,0,9,38,0,47,10,50,89,1,150,6,0,6,156
08/05/2013,AVP,PA,AEA,EN,Combined TRACON& Tower with Radar,4,32,19,0,55,0,6,55,0,61,4,38,74,0,116,24,0,24,140
08/06/2013,AVP,PA,AEA,EN,Combined TRACON& Tower with Radar,3,37,19,0,59,0,6,44,0,50,3,43,63,0,109,44,0,44,153
08/07/2013,AVP,PA,AEA,EN,Combined TRACON& Tower with Radar,4,33,32,0,69,0,0,3,1,4,4,33,35,1,73,0,0,0,73
08/08/2013,AVP,PA,AEA,EN,Combined TRACON& Tower with Radar,9,44,12,0,65,0,5,3,0,8,9,49,15,0,73,0,0,0,73
08/09/2013,AVP,PA,AEA,EN,Combined TRACON& Tower with Radar,4,38,18,0,60,0,5,8,0,13,4,43,26,0,73,16,0,16,89
08/10/2013,AVP,PA,AEA,EN,Combined TRACON& Tower with Radar,5,30,15,0,50,0,7,22,0,29,5,37,37,0,79,23,0,23,102
08/11/2013,AVP,PA,AEA,EN,Combined TRACON& Tower with Radar,5,33,13,2,53,0,3,36,0,39,5,36,49,2,92,4,0,4,96
08/12/2013,AVP,PA,AEA,EN,Combined TRACON& Tower with Radar,4,27,5,6,42,0,8,40,6,54,4,35,45,12,96,34,0,34,130
08/13/2013,AVP,PA,AEA,EN,Combined TRACON& Tower with Radar,9,38,12,0,59,0,4,0,0,4,9,42,12,0,63,0,0,0,63
08/14/2013,AVP,PA,AEA,EN,Combined TRACON& Tower with Radar,3,37,13,23,76,0,5,19,21,45,3,42,32,44,121,41,0,41,162
08/15/2013,AVP,PA,AEA,EN,Combined TRACON& Tower with Radar,5,34,13,1,53,0,5,35,3,43,5,39,48,4,96,56,0,56,152
08/16/2013,AVP,PA,AEA,EN,Combined TRACON& Tower with Radar,3,34,11,0,48,0,13,34,0,47,3,47,45,0,95,15,0,15,110
08/17/2013,AVP,PA,AEA,EN,Combined TRACON& Tower with Radar,5,32,12,0,49,0,6,41,0,47,5,38,53,0,96,6,0,6,102
08/18/2013,AVP,PA,AEA,EN,Combined TRACON& Tower with Radar,4,32,21,0,57,0,6,11,0,17,4,38,32,0,74,10,0,10,84
08/19/2013,AVP,PA,AEA,EN,Combined TRACON& Tower with Radar,4,30,23,1,58,0,3,12,2,17,4,33,35,3,75,9,0,9,84
08/20/2013,AVP,PA,AEA,EN,Combined TRACON& Tower with Radar,4,36,19,0,59,0,13,34,0,47,4,49,53,0,106,28,0,28,134
08/21/2013,AVP,PA,AEA,EN,Combined TRACON& Tower with Radar,5,35,26,1,67,0,10,26,1,37,5,45,52,2,104,30,0,30,134
08/22/2013,AVP,PA,AEA,EN,Combined TRACON& Tower with Radar,6,35,21,4,66,0,5,10,0,15,6,40,31,4,81,4,0,4,85
08/23/2013,AVP,PA,AEA,EN,Combined TRACON& Tower with Radar,6,33,10,8,57,0,5,10,5,20,6,38,20,13,77,0,0,0,77
08/24/2013,AVP,PA,AEA,EN,Combined TRACON& Tower with Radar,5,29,18,0,52,0,9,32,0,41,5,38,50,0,93,16,0,16,109
08/25/2013,AVP,PA,AEA,EN,Combined TRACON& Tower with Radar,4,28,19,0,51,0,10,14,0,24,4,38,33,0,75,6,0,6,81
08/26/2013,AVP,PA,AEA,EN,Combined TRACON& Tower with Radar,4,31,9,0,44,0,8,10,2,20,4,39,19,2,64,0,0,0,64
08/27/2013,AVP,PA,AEA,EN,Combined TRACON& Tower with Radar,4,42,34,0,80,0,3,41,1,45,4,45,75,1,125,56,0,56,181
08/28/2013,AVP,PA,AEA,EN,Combined TRACON& Tower with Radar,5,38,26,0,69,0,4,12,1,17,5,42,38,1,86,74,0,74,160
08/29/2013,AVP,PA,AEA,EN,Combined TRACON& Tower with Radar,5,37,18,0,60,0,5,24,0,29,5,42,42,0,89,40,0,40,129
08/30/2013,AVP,PA,AEA,EN,Combined TRACON& Tower with Radar,3,38,12,2,55,0,5,36,0,41,3,43,48,2,96,59,0,59,155
08/31/2013,AVP,PA,AEA,EN,Combined TRACON& Tower with Radar,2,25,7,0,34,0,5,26,0,31,2,30,33,0,65,0,0,0,65
09/01/2013,AVP,PA,AEA,EN,Combined TRACON& Tower with Radar,4,17,12,0,33,0,2,9,0,11,4,19,21,0,44,21,0,21,65
09/02/2013,AVP,PA,AEA,EN,Combined TRACON& Tower with Radar,7,24,11,0,42,0,2,6,0,8,7,26,17,0,50,24,0,24,74
09/03/2013,AVP,PA,AEA,EN,Combined TRACON& Tower with Radar,4,37,15,0,56,0,3,27,0,30,4,40,42,0,86,72,0,72,158
09/04/2013,AVP,PA,AEA,EN,Combined TRACON& Tower with Radar,6,35,23,3,67,0,5,44,5,54,6,40,67,8,121,71,0,71,192
09/05/2013,AVP,PA,AEA,EN,Combined TRACON& Tower with Radar,2,34,19,2,57,0,6,32,3,41,2,40,51,5,98,87,0,87,185
09/06/2013,AVP,PA,AEA,EN,Combined TRACON& Tower with Radar,4,37,20,1,62,0,8,45,3,56,4,45,65,4,118,71,0,71,189
09/07/2013,AVP,PA,AEA,EN,Combined TRACON& Tower with Radar,5,22,10,0,37,0,3,52,1,56,5,25,62,1,93,38,0,38,131
09/08/2013,AVP,PA,AEA,EN,Combined TRACON& Tower with Radar,5,33,19,0,57,0,0,12,0,12,5,33,31,0,69,47,0,47,116
09/09/2013,AVP,PA,AEA,EN,Combined TRACON& Tower with Radar,4,31,23,0,58,0,2,36,0,38,4,33,59,0,96,114,0,114,210
09/10/2013,AVP,PA,AEA,EN,Combined TRACON& Tower with Radar,4,38,15,0,57,0,3,34,2,39,4,41,49,2,96,27,0,27,123
09/11/2013,AVP,PA,AEA,EN,Combined TRACON& Tower with Radar,3,35,20,0,58,0,3,13,0,16,3,38,33,0,74,12,0,12,86
09/12/2013,AVP,PA,AEA,EN,Combined TRACON& Tower with Radar,3,36,8,0,47,0,0,3,0,3,3,36,11,0,50,24,0,24,74
09/13/2013,AVP,PA,AEA,EN,Combined TRACON& Tower with Radar,4,42,21,0,67,0,4,12,4,20,4,46,33,4,87,66,0,66,153
09/14/2013,AVP,PA,AEA,EN,Combined TRACON& Tower with Radar,3,22,26,0,51,0,4,19,0,23,3,26,45,0,74,14,0,14,88
09/15/2013,AVP,PA,AEA,EN,Combined TRACON& Tower with Radar,9,36,31,0,76,0,4,41,2,47,9,40,72,2,123,55,0,55,178
09/16/2013,AVP,PA,AEA,EN,Combined TRACON& Tower with Radar,4,32,18,1,55,0,3,24,0,27,4,35,42,1,82,8,0,8,90
09/17/2013,AVP,PA,AEA,EN,Combined TRACON& Tower with Radar,4,36,17,2,59,0,7,48,2,57,4,43,65,4,116,27,0,27,143
09/18/2013,AVP,PA,AEA,EN,Combined TRACON& Tower with Radar,4,38,14,0,56,0,6,62,2,70,4,44,76,2,126,82,0,82,208
09/19/2013,AVP,PA,AEA,EN,Combined TRACON& Tower with Radar,4,35,22,4,65,0,6,53,1,60,4,41,75,5,125,26,0,26,151
09/20/2013,AVP,PA,AEA,EN,Combined TRACON& Tower with Radar,3,36,19,0,58,0,4,43,0,47,3,40,62,0,105,35,0,35,140
09/21/2013,AVP,PA,AEA,EN,Combined TRACON& Tower with Radar,7,22,3,0,32,0,2,5,0,7,7,24,8,0,39,4,0,4,43
09/22/2013,AVP,PA,AEA,EN,Combined TRACON& Tower with Radar,4,31,10,0,45,0,2,7,0,9,4,33,17,0,54,19,0,19,73
09/23/2013,AVP,PA,AEA,EN,Combined TRACON& Tower with Radar,4,31,17,1,53,0,6,18,1,25,4,37,35,2,78,40,0,40,118
09/24/2013,AVP,PA,AEA,EN,Combined TRACON& Tower with Radar,4,35,16,2,57,0,2,30,2,34,4,37,46,4,91,54,0,54,145
09/25/2013,AVP,PA,AEA,EN,Combined TRACON& Tower with Radar,2,38,22,0,62,0,3,41,0,44,2,41,63,0,106,136,0,136,242
09/26/2013,AVP,PA,AEA,EN,Combined TRACON& Tower with Radar,2,38,30,0,70,0,4,32,0,36,2,42,62,0,106,24,0,24,130
09/27/2013,AVP,PA,AEA,EN,Combined TRACON& Tower with Radar,6,37,27,0,70,0,2,49,0,51,6,39,76,0,121,118,0,118,239
09/28/2013,AVP,PA,AEA,EN,Combined TRACON& Tower with Radar,4,21,14,0,39,0,4,34,0,38,4,25,48,0,77,50,0,50,127
09/29/2013,AVP,PA,AEA,EN,Combined TRACON& Tower with Radar,4,30,9,0,43,0,3,34,0,37,4,33,43,0,80,79,0,79,159
09/30/2013,AVP,PA,AEA,EN,Combined TRACON& Tower with Radar,4,31,20,0,55,0,0,29,0,29,4,31,49,0,84,92,0,92,176
10/01/2013,AVP,PA,AEA,EN,Combined TRACON& Tower with Radar,4,36,21,8,69,0,1,32,8,41,4,37,53,16,110,107,0,107,217
10/02/2013,AVP,PA,AEA,EN,Combined TRACON& Tower with Radar,4,41,15,0,60,0,4,37,0,41,4,45,52,0,101,58,0,58,159
10/03/2013,AVP,PA,AEA,EN,Combined TRACON& Tower with Radar,6,35,22,2,65,0,10,36,9,55,6,45,58,11,120,79,0,79,199
10/04/2013,AVP,PA,AEA,EN,Combined TRACON& Tower with Radar,3,36,21,0,60,0,6,30,0,36,3,42,51,0,96,56,0,56,152
10/05/2013,AVP,PA,AEA,EN,Combined TRACON& Tower with Radar,6,25,15,0,46,0,5,19,0,24,6,30,34,0,70,42,0,42,112
10/06/2013,AVP,PA,AEA,EN,Combined TRACON& Tower with Radar,7,35,19,0,61,0,4,12,0,16,7,39,31,0,77,3,0,3,80
10/07/2013,AVP,PA,AEA,EN,Combined TRACON& Tower with Radar,3,38,10,0,51,0,4,1,0,5,3,42,11,0,56,63,0,63,119
10/08/2013,AVP,PA,AEA,EN,Combined TRACON& Tower with Radar,5,40,20,0,65,0,9,46,1,56,5,49,66,1,121,0,0,0,121
10/09/2013,AVP,PA,AEA,EN,Combined TRACON& Tower with Radar,4,39,25,0,68,0,3,43,1,47,4,42,68,1,115,30,0,30,145
10/10/2013,AVP,PA,AEA,EN,Combined TRACON& Tower with Radar,4,39,23,0,66,0,0,20,0,20,4,39,43,0,86,68,0,68,154
10/11/2013,AVP,PA,AEA,EN,Combined TRACON& Tower with Radar,3,39,23,0,65,0,8,23,0,31,3,47,46,0,96,57,0,57,153
10/12/2013,AVP,PA,AEA,EN,Combined TRACON& Tower with Radar,6,25,23,0,54,0,9,17,0,26,6,34,40,0,80,35,0,35,115
10/13/2013,AVP,PA,AEA,EN,Combined TRACON& Tower with Radar,7,30,10,0,47,0,3,19,0,22,7,33,29,0,69,29,0,29,98
10/14/2013,AVP,PA,AEA,EN,Combined TRACON& Tower with Radar,4,33,33,0,70,0,6,18,0,24,4,39,51,0,94,48,0,48,142
10/15/2013,AVP,PA,AEA,EN,Combined TRACON& Tower with Radar,4,35,18,0,57,0,0,35,2,37,4,35,53,2,94,12,0,12,106
10/16/2013,AVP,PA,AEA,EN,Combined TRACON& Tower with Radar,4,39,38,0,81,0,8,13,0,21,4,47,51,0,102,12,0,12,114
10/17/2013,AVP,PA,AEA,EN,Combined TRACON& Tower with Radar,5,37,27,0,69,0,8,19,0,27,5,45,46,0,96,28,0,28,124
10/18/2013,AVP,PA,AEA,EN,Combined TRACON& Tower with Radar,5,44,19,0,68,0,2,25,0,27,5,46,44,0,95,24,0,24,119
10/19/2013,AVP,PA,AEA,EN,Combined TRACON& Tower with Radar,6,30,26,0,62,0,1,30,0,31,6,31,56,0,93,17,0,17,110
10/20/2013,AVP,PA,AEA,EN,Combined TRACON& Tower with Radar,5,38,11,0,54,0,2,25,1,28,5,40,36,1,82,33,0,33,115
10/21/2013,AVP,PA,AEA,EN,Combined TRACON& Tower with Radar,5,34,18,0,57,0,4,32,0,36,5,38,50,0,93,24,0,24,117
10/22/2013,AVP,PA,AEA,EN,Combined TRACON& Tower with Radar,4,39,17,0,60,0,0,22,0,22,4,39,39,0,82,14,0,14,96
10/23/2013,AVP,PA,AEA,EN,Combined TRACON& Tower with Radar,4,38,8,0,50,0,2,20,0,22,4,40,28,0,72,47,0,47,119
10/24/2013,AVP,PA,AEA,EN,Combined TRACON& Tower with Radar,6,37,3,0,46,0,5,12,0,17,6,42,15,0,63,10,0,10,73
10/25/2013,AVP,PA,AEA,EN,Combined TRACON& Tower with Radar,4,36,12,0,52,0,7,19,0,26,4,43,31,0,78,85,0,85,163
10/26/2013,AVP,PA,AEA,EN,Combined TRACON& Tower with Radar,4,21,12,0,37,0,5,25,1,31,4,26,37,1,68,64,0,64,132
10/27/2013,AVP,PA,AEA,EN,Combined TRACON& Tower with Radar,6,31,15,0,52,0,2,18,0,20,6,33,33,0,72,20,0,20,92
10/28/2013,AVP,PA,AEA,EN,Combined TRACON& Tower with Radar,3,32,15,2,52,0,6,33,0,39,3,38,48,2,91,42,0,42,133
10/29/2013,AVP,PA,AEA,EN,Combined TRACON& Tower with Radar,5,38,24,4,71,0,11,26,3,40,5,49,50,7,111,86,0,86,197
10/30/2013,AVP,PA,AEA,EN,Combined TRACON& Tower with Radar,4,36,27,0,67,0,2,24,1,27,4,38,51,1,94,96,0,96,190
10/31/2013,AVP,PA,AEA,EN,Combined TRACON& Tower with Radar,6,31,9,0,46,0,0,0,0,0,6,31,9,0,46,0,0,0,46
11/01/2013,AVP,PA,AEA,EN,Combined TRACON& Tower with Radar,4,40,9,0,53,0,4,8,0,12,4,44,17,0,65,0,0,0,65
11/02/2013,AVP,PA,AEA,EN,Combined TRACON& Tower with Radar,4,26,15,0,45,0,5,27,0,32,4,31,42,0,77,4,0,4,81
11/03/2013,AVP,PA,AEA,EN,Combined TRACON& Tower with Radar,5,32,17,0,54,0,2,24,0,26,5,34,41,0,80,0,0,0,80
11/04/2013,AVP,PA,AEA,EN,Combined TRACON& Tower with Radar,5,33,11,0,49,0,4,36,0,40,5,37,47,0,89,31,0,31,120
11/05/2013,AVP,PA,AEA,EN,Combined TRACON& Tower with Radar,4,34,24,0,62,0,4,24,0,28,4,38,48,0,90,72,0,72,162
11/06/2013,AVP,PA,AEA,EN,Combined TRACON& Tower with Radar,4,40,13,0,57,0,6,14,0,20,4,46,27,0,77,23,0,23,100
11/07/2013,AVP,PA,AEA,EN,Combined TRACON& Tower with Radar,6,37,4,0,47,0,3,4,0,7,6,40,8,0,54,26,0,26,80
11/08/2013,AVP,PA,AEA,EN,Combined TRACON& Tower with Radar,4,36,12,0,52,0,0,12,0,12,4,36,24,0,64,7,0,7,71
11/09/2013,AVP,PA,AEA,EN,Combined TRACON& Tower with Radar,4,21,16,0,41,0,3,37,0,40,4,24,53,0,81,32,0,32,113
11/10/2013,AVP,PA,AEA,EN,Combined TRACON& Tower with Radar,6,29,5,0,40,0,0,2,0,2,6,29,7,0,42,16,0,16,58
11/11/2013,AVP,PA,AEA,EN,Combined TRACON& Tower with Radar,4,34,24,0,62,0,6,25,0,31,4,40,49,0,93,31,0,31,124
11/12/2013,AVP,PA,AEA,EN,Combined TRACON& Tower with Radar,3,35,12,0,50,0,9,14,0,23,3,44,26,0,73,46,0,46,119
11/13/2013,AVP,PA,AEA,EN,Combined TRACON& Tower with Radar,4,39,18,0,61,0,6,24,0,30,4,45,42,0,91,27,0,27,118
11/14/2013,AVP,PA,AEA,EN,Combined TRACON& Tower with Radar,5,35,13,17,70,0,1,23,22,46,5,36,36,39,116,5,0,5,121
11/15/2013,AVP,PA,AEA,EN,Combined TRACON& Tower with Radar,5,40,14,0,59,0,5,29,0,34,5,45,43,0,93,44,0,44,137
11/16/2013,AVP,PA,AEA,EN,Combined TRACON& Tower with Radar,5,18,5,0,28,0,4,35,0,39,5,22,40,0,67,28,0,28,95
11/17/2013,AVP,PA,AEA,EN,Combined TRACON& Tower with Radar,7,29,7,0,43,0,0,0,0,0,7,29,7,0,43,0,0,0,43
11/18/2013,AVP,PA,AEA,EN,Combined TRACON& Tower with Radar,4,30,4,0,38,0,3,15,0,18,4,33,19,0,56,53,0,53,109
11/19/2013,AVP,PA,AEA,EN,Combined TRACON& Tower with Radar,4,34,8,0,46,0,1,5,0,6,4,35,13,0,52,20,0,20,72
11/20/2013,AVP,PA,AEA,EN,Combined TRACON& Tower with Radar,4,40,24,0,68,0,0,42,2,44,4,40,66,2,112,29,0,29,141
11/21/2013,AVP,PA,AEA,EN,Combined TRACON& Tower with Radar,6,36,12,0,54,0,5,19,0,24,6,41,31,0,78,58,0,58,136
11/22/2013,AVP,PA,AEA,EN,Combined TRACON& Tower with Radar,4,43,12,0,59,0,1,0,0,1,4,44,12,0,60,0,0,0,60
11/23/2013,AVP,PA,AEA,EN,Combined TRACON& Tower with Radar,5,23,12,0,40,0,0,22,0,22,5,23,34,0,62,48,0,48,110
11/24/2013,AVP,PA,AEA,EN,Combined TRACON& Tower with Radar,7,27,4,0,38,0,0,0,0,0,7,27,4,0,38,0,0,0,38
11/25/2013,AVP,PA,AEA,EN,Combined TRACON& Tower with Radar,4,27,20,1,52,0,3,30,1,34,4,30,50,2,86,46,0,46,132
11/26/2013,AVP,PA,AEA,EN,Combined TRACON& Tower with Radar,6,38,2,0,46,0,0,0,0,0,6,38,2,0,46,0,0,0,46
11/27/2013,AVP,PA,AEA,EN,Combined TRACON& Tower with Radar,1,36,4,0,41,0,0,1,0,1,1,36,5,0,42,0,0,0,42
11/28/2013,AVP,PA,AEA,EN,Combined TRACON& Tower with Radar,3,16,2,0,21,0,4,2,0,6,3,20,4,0,27,0,0,0,27
11/29/2013,AVP,PA,AEA,EN,Combined TRACON& Tower with Radar,3,21,11,0,35,0,2,15,0,17,3,23,26,0,52,34,0,34,86
11/30/2013,AVP,PA,AEA,EN,Combined TRACON& Tower with Radar,8,24,22,0,54,0,6,29,0,35,8,30,51,0,89,37,0,37,126
12/01/2013,AVP,PA,AEA,EN,Combined TRACON& Tower with Radar,4,28,13,0,45,0,6,10,0,16,4,34,23,0,61,54,0,54,115
12/02/2013,AVP,PA,AEA,EN,Combined TRACON& Tower with Radar,3,34,7,0,44,0,3,17,0,20,3,37,24,0,64,42,0,42,106
12/03/2013,AVP,PA,AEA,EN,Combined TRACON& Tower with Radar,5,40,7,0,52,0,3,11,0,14,5,43,18,0,66,22,0,22,88
12/04/2013,AVP,PA,AEA,EN,Combined TRACON& Tower with Radar,4,35,21,0,60,0,1,25,0,26,4,36,46,0,86,14,0,14,100
12/05/2013,AVP,PA,AEA,EN,Combined TRACON& Tower with Radar,10,61,31,0,102,0,1,2,0,3,10,62,33,0,105,14,0,14,119
12/06/2013,AVP,PA,AEA,EN,Combined TRACON& Tower with Radar,3,24,6,2,35,0,0,3,0,3,3,24,9,2,38,0,0,0,38
12/07/2013,AVP,PA,AEA,EN,Combined TRACON& Tower with Radar,4,23,6,0,33,0,2,10,0,12,4,25,16,0,45,0,0,0,45
12/08/2013,AVP,PA,AEA,EN,Combined TRACON& Tower with Radar,6,15,1,0,22,0,2,7,0,9,6,17,8,0,31,20,0,20,51
12/09/2013,AVP,PA,AEA,EN,Combined TRACON& Tower with Radar,2,27,7,0,36,0,1,0,0,1,2,28,7,0,37,0,0,0,37
12/10/2013,AVP,PA,AEA,EN,Combined TRACON& Tower with Radar,6,31,11,0,48,0,5,0,0,5,6,36,11,0,53,0,0,0,53
12/11/2013,AVP,PA,AEA,EN,Combined TRACON& Tower with Radar,4,35,14,0,53,0,3,7,1,11,4,38,21,1,64,12,0,12,76
12/12/2013,AVP,PA,AEA,EN,Combined TRACON& Tower with Radar,5,36,13,1,55,0,11,22,1,34,5,47,35,2,89,1,0,1,90
12/13/2013,AVP,PA,AEA,EN,Combined TRACON& Tower with Radar,4,32,6,0,42,0,4,12,0,16,4,36,18,0,58,26,0,26,84
12/14/2013,AVP,PA,AEA,EN,Combined TRACON& Tower with Radar,2,15,0,0,17,0,0,0,0,0,2,15,0,0,17,0,0,0,17
12/15/2013,AVP,PA,AEA,EN,Combined TRACON& Tower with Radar,6,24,2,0,32,0,0,0,0,0,6,24,2,0,32,0,0,0,32
12/16/2013,AVP,PA,AEA,EN,Combined TRACON& Tower with Radar,4,25,11,0,40,0,4,15,2,21,4,29,26,2,61,13,0,13,74
12/17/2013,AVP,PA,AEA,EN,Combined TRACON& Tower with Radar,6,29,4,0,39,0,1,0,0,1,6,30,4,0,40,0,0,0,40
12/18/2013,AVP,PA,AEA,EN,Combined TRACON& Tower with Radar,4,37,10,1,52,0,5,17,1,23,4,42,27,2,75,8,0,8,83
12/19/2013,AVP,PA,AEA,EN,Combined TRACON& Tower with Radar,6,34,21,0,61,0,1,23,0,24,6,35,44,0,85,70,0,70,155
12/20/2013,AVP,PA,AEA,EN,Combined TRACON& Tower with Radar,4,38,18,0,60,0,6,14,0,20,4,44,32,0,80,38,0,38,118
12/21/2013,AVP,PA,AEA,EN,Combined TRACON& Tower with Radar,4,32,3,0,39,0,2,7,0,9,4,34,10,0,48,36,0,36,84
12/22/2013,AVP,PA,AEA,EN,Combined TRACON& Tower with Radar,5,29,10,0,44,0,4,0,0,4,5,33,10,0,48,0,0,0,48
12/23/2013,AVP,PA,AEA,EN,Combined TRACON& Tower with Radar,4,26,8,0,38,0,3,0,0,3,4,29,8,0,41,0,0,0,41
12/24/2013,AVP,PA,AEA,EN,Combined TRACON& Tower with Radar,4,28,0,0,32,0,2,5,0,7,4,30,5,0,39,7,0,7,46
12/25/2013,AVP,PA,AEA,EN,Combined TRACON& Tower with Radar,4,14,3,0,21,0,1,7,0,8,4,15,10,0,29,0,0,0,29
12/26/2013,AVP,PA,AEA,EN,Combined TRACON& Tower with Radar,6,38,10,0,54,0,1,5,0,6,6,39,15,0,60,0,0,0,60
12/27/2013,AVP,PA,AEA,EN,Combined TRACON& Tower with Radar,4,34,17,0,55,0,11,24,0,35,4,45,41,0,90,64,0,64,154
12/28/2013,AVP,PA,AEA,EN,Combined TRACON& Tower with Radar,4,28,21,0,53,0,8,30,0,38,4,36,51,0,91,51,0,51,142
12/29/2013,AVP,PA,AEA,EN,Combined TRACON& Tower with Radar,5,23,1,0,29,0,0,1,0,1,5,23,2,0,30,0,0,0,30
12/30/2013,AVP,PA,AEA,EN,Combined TRACON& Tower with Radar,5,26,3,0,34,0,2,9,0,11,5,28,12,0,45,23,0,23,68
12/31/2013,AVP,PA,AEA,EN,Combined TRACON& Tower with Radar,4,23,6,0,33,0,5,4,2,11,4,28,10,2,44,2,0,2,46
01/01/2014,AVP,PA,AEA,EN,Combined TRACON& Tower with Radar,4,21,3,0,28,0,3,2,0,5,4,24,5,0,33,20,0,20,53
01/02/2014,AVP,PA,AEA,EN,Combined TRACON& Tower with Radar,5,21,1,0,27,0,0,0,0,0,5,21,1,0,27,0,0,0,27
01/03/2014,AVP,PA,AEA,EN,Combined TRACON& Tower with Radar,2,16,4,0,22,0,4,0,0,4,2,20,4,0,26,0,0,0,26
01/04/2014,AVP,PA,AEA,EN,Combined TRACON& Tower with Radar,5,19,11,0,35,0,8,28,0,36,5,27,39,0,71,33,0,33,104
01/05/2014,AVP,PA,AEA,EN,Combined TRACON& Tower with Radar,5,19,7,0,31,0,7,18,0,25,5,26,25,0,56,67,0,67,123
01/06/2014,AVP,PA,AEA,EN,Combined TRACON& Tower with Radar,6,18,4,0,28,0,2,0,0,2,6,20,4,0,30,0,0,0,30
01/07/2014,AVP,PA,AEA,EN,Combined TRACON& Tower with Radar,3,23,5,0,31,0,3,2,0,5,3,26,7,0,36,0,0,0,36
01/08/2014,AVP,PA,AEA,EN,Combined TRACON& Tower with Radar,3,24,12,0,39,0,6,18,0,24,3,30,30,0,63,38,0,38,101
01/09/2014,AVP,PA,AEA,EN,Combined TRACON& Tower with Radar,6,29,21,0,56,0,6,33,0,39,6,35,54,0,95,2,0,2,97
01/10/2014,AVP,PA,AEA,EN,Combined TRACON& Tower with Radar,3,29,10,0,42,0,5,4,0,9,3,34,14,0,51,27,0,27,78
01/11/2014,AVP,PA,AEA,EN,Combined TRACON& Tower with Radar,5,18,0,0,23,0,0,0,0,0,5,18,0,0,23,0,0,0,23
01/12/2014,AVP,PA,AEA,EN,Combined TRACON& Tower with Radar,6,19,10,0,35,0,2,12,0,14,6,21,22,0,49,8,0,8,57
01/13/2014,AVP,PA,AEA,EN,Combined TRACON& Tower with Radar,6,28,14,0,48,0,4,24,2,30,6,32,38,2,78,16,4,20,98
01/14/2014,AVP,PA,AEA,EN,Combined TRACON& Tower with Radar,4,34,11,4,53,0,0,0,0,0,4,34,11,4,53,0,0,0,53
01/15/2014,AVP,PA,AEA,EN,Combined TRACON& Tower with Radar,4,36,15,0,55,0,5,11,0,16,4,41,26,0,71,30,0,30,101
01/16/2014,AVP,PA,AEA,EN,Combined TRACON& Tower with Radar,6,33,16,0,55,0,1,10,0,11,6,34,26,0,66,10,0,10,76
01/17/2014,AVP,PA,AEA,EN,Combined TRACON& Tower with Radar,4,32,14,0,50,0,3,14,0,17,4,35,28,0,67,0,0,0,67
01/18/2014,AVP,PA,AEA,EN,Combined TRACON& Tower with Radar,4,17,5,0,26,0,0,0,0,0,4,17,5,0,26,0,0,0,26
01/19/2014,AVP,PA,AEA,EN,Combined TRACON& Tower with Radar,6,17,9,0,32,0,1,2,0,3,6,18,11,0,35,0,0,0,35
01/20/2014,AVP,PA,AEA,EN,Combined TRACON& Tower with Radar,6,25,18,0,49,0,4,11,0,15,6,29,29,0,64,18,0,18,82
01/21/2014,AVP,PA,AEA,EN,Combined TRACON& Tower with Radar,4,22,9,0,35,0,0,0,0,0,4,22,9,0,35,0,0,0,35
01/22/2014,AVP,PA,AEA,EN,Combined TRACON& Tower with Radar,4,27,7,0,38,0,4,14,1,19,4,31,21,1,57,5,0,5,62
01/23/2014,AVP,PA,AEA,EN,Combined TRACON& Tower with Radar,6,34,5,0,45,0,4,0,1,5,6,38,5,1,50,0,0,0,50
01/24/2014,AVP,PA,AEA,EN,Combined TRACON& Tower with Radar,3,28,7,1,39,0,2,11,0,13,3,30,18,1,52,12,0,12,64
01/25/2014,AVP,PA,AEA,EN,Combined TRACON& Tower with Radar,5,19,3,0,27,0,0,2,0,2,5,19,5,0,29,0,0,0,29
01/26/2014,AVP,PA,AEA,EN,Combined TRACON& Tower with Radar,6,25,3,0,34,0,1,6,0,7,6,26,9,0,41,5,0,5,46
01/27/2014,AVP,PA,AEA,EN,Combined TRACON& Tower with Radar,6,24,8,0,38,0,5,0,0,5,6,29,8,0,43,0,0,0,43
01/28/2014,AVP,PA,AEA,EN,Combined TRACON& Tower with Radar,3,35,9,0,47,0,2,11,0,13,3,37,20,0,60,0,0,0,60
01/29/2014,AVP,PA,AEA,EN,Combined TRACON& Tower with Radar,3,28,6,0,37,0,2,18,0,20,3,30,24,0,57,37,0,37,94
01/30/2014,AVP,PA,AEA,EN,Combined TRACON& Tower with Radar,6,33,10,4,53,0,0,18,2,20,6,33,28,6,73,22,0,22,95
01/31/2014,AVP,PA,AEA,EN,Combined TRACON& Tower with Radar,4,33,7,0,44,0,2,3,0,5,4,35,10,0,49,0,0,0,49
02/01/2014,AVP,PA,AEA,EN,Combined TRACON& Tower with Radar,4,16,9,0,29,0,4,12,12,28,4,20,21,12,57,8,0,8,65
02/02/2014,AVP,PA,AEA,EN,Combined TRACON& Tower with Radar,6,17,2,0,25,0,0,1,0,1,6,17,3,0,26,24,0,24,50
02/03/2014,AVP,PA,AEA,EN,Combined TRACON& Tower with Radar,6,18,3,0,27,0,2,1,0,3,6,20,4,0,30,0,0,0,30
02/04/2014,AVP,PA,AEA,EN,Combined TRACON& Tower with Radar,3,35,14,0,52,0,2,22,0,24,3,37,36,0,76,0,0,0,76
02/05/2014,AVP,PA,AEA,EN,Combined TRACON& Tower with Radar,3,20,0,0,23,0,0,0,0,0,3,20,0,0,23,0,0,0,23
02/06/2014,AVP,PA,AEA,EN,Combined TRACON& Tower with Radar,6,34,6,0,46,0,5,12,0,17,6,39,18,0,63,23,0,23,86
02/07/2014,AVP,PA,AEA,EN,Combined TRACON& Tower with Radar,4,28,12,0,44,0,1,19,2,22,4,29,31,2,66,14,0,14,80
02/08/2014,AVP,PA,AEA,EN,Combined TRACON& Tower with Radar,4,18,8,0,30,0,4,16,0,20,4,22,24,0,50,22,0,22,72
02/09/2014,AVP,PA,AEA,EN,Combined TRACON& Tower with Radar,6,18,2,0,26,0,6,0,0,6,6,24,2,0,32,0,0,0,32
02/10/2014,AVP,PA,AEA,EN,Combined TRACON& Tower with Radar,6,27,23,2,58,0,4,10,0,14,6,31,33,2,72,0,0,0,72
02/11/2014,AVP,PA,AEA,EN,Combined TRACON& Tower with Radar,2,42,9,0,53,0,4,9,0,13,2,46,18,0,66,12,0,12,78
02/12/2014,AVP,PA,AEA,EN,Combined TRACON& Tower with Radar,0,31,4,2,37,0,7,10,2,19,0,38,14,4,56,0,0,0,56
02/13/2014,AVP,PA,AEA,EN,Combined TRACON& Tower with Radar,0,3,1,0,4,0,0,0,0,0,0,3,1,0,4,0,0,0,4
02/14/2014,AVP,PA,AEA,EN,Combined TRACON& Tower with Radar,3,31,7,0,41,0,4,1,0,5,3,35,8,0,46,0,0,0,46
02/15/2014,AVP,PA,AEA,EN,Combined TRACON& Tower with Radar,4,20,2,0,26,0,0,0,0,0,4,20,2,0,26,0,0,0,26
02/16/2014,AVP,PA,AEA,EN,Combined TRACON& Tower with Radar,3,21,0,0,24,0,2,2,0,4,3,23,2,0,28,0,0,0,28
02/17/2014,AVP,PA,AEA,EN,Combined TRACON& Tower with Radar,5,28,25,0,58,0,2,28,0,30,5,30,53,0,88,26,0,26,114
02/18/2014,AVP,PA,AEA,EN,Combined TRACON& Tower with Radar,4,34,5,0,43,0,0,0,0,0,4,34,5,0,43,0,0,0,43
02/19/2014,AVP,PA,AEA,EN,Combined TRACON& Tower with Radar,2,35,8,0,45,0,0,3,0,3,2,35,11,0,48,0,0,0,48
02/20/2014,AVP,PA,AEA,EN,Combined TRACON& Tower with Radar,6,29,11,0,46,0,0,9,0,9,6,29,20,0,55,18,0,18,73
02/21/2014,AVP,PA,AEA,EN,Combined TRACON& Tower with Radar,13,54,19,0,86,0,2,4,3,9,13,56,23,3,95,2,0,2,97
02/22/2014,AVP,PA,AEA,EN,Combined TRACON& Tower with Radar,2,20,4,0,26,0,5,12,1,18,2,25,16,1,44,8,0,8,52
02/23/2014,AVP,PA,AEA,EN,Combined TRACON& Tower with Radar,4,23,14,0,41,0,4,11,0,15,4,27,25,0,56,0,0,0,56
02/24/2014,AVP,PA,AEA,EN,Combined TRACON& Tower with Radar,2,31,12,0,45,0,4,7,0,11,2,35,19,0,56,0,0,0,56
02/25/2014,AVP,PA,AEA,EN,Combined TRACON& Tower with Radar,5,36,14,0,55,0,9,2,0,11,5,45,16,0,66,0,0,0,66
02/26/2014,AVP,PA,AEA,EN,Combined TRACON& Tower with Radar,5,30,5,6,46,0,9,11,0,20,5,39,16,6,66,34,14,48,114
02/27/2014,AVP,PA,AEA,EN,Combined TRACON& Tower with Radar,7,30,12,2,51,0,0,2,0,2,7,30,14,2,53,0,0,0,53
02/28/2014,AVP,PA,AEA,EN,Combined TRACON& Tower with Radar,4,31,14,0,49,0,6,18,0,24,4,37,32,0,73,8,0,8,81
03/01/2014,AVP,PA,AEA,EN,Combined TRACON& Tower with Radar,5,16,19,0,40,0,4,20,0,24,5,20,39,0,64,8,0,8,72
03/02/2014,AVP,PA,AEA,EN,Combined TRACON& Tower with Radar,7,22,6,0,35,0,6,2,0,8,7,28,8,0,43,0,0,0,43
03/03/2014,AVP,PA,AEA,EN,Combined TRACON& Tower with Radar,5,20,6,0,31,0,2,3,0,5,5,22,9,0,36,0,0,0,36
03/04/2014,AVP,PA,AEA,EN,Combined TRACON& Tower with Radar,7,35,6,0,48,0,5,21,0,26,7,40,27,0,74,12,0,12,86
03/05/2014,AVP,PA,AEA,EN,Combined TRACON& Tower with Radar,4,30,15,0,49,0,5,16,0,21,4,35,31,0,70,2,0,2,72
03/06/2014,AVP,PA,AEA,EN,Combined TRACON& Tower with Radar,6,39,10,1,56,0,3,15,1,19,6,42,25,2,75,12,0,12,87
03/07/2014,AVP,PA,AEA,EN,Combined TRACON& Tower with Radar,3,33,16,4,56,0,7,13,0,20,3,40,29,4,76,17,0,17,93
03/08/2014,AVP,PA,AEA,EN,Combined TRACON& Tower with Radar,4,21,23,0,48,0,3,29,0,32,4,24,52,0,80,26,0,26,106
03/09/2014,AVP,PA,AEA,EN,Combined TRACON& Tower with Radar,7,23,10,0,40,0,2,14,0,16,7,25,24,0,56,16,0,16,72
03/10/2014,AVP,PA,AEA,EN,Combined TRACON& Tower with Radar,3,29,7,0,39,0,6,6,1,13,3,35,13,1,52,26,0,26,78
03/11/2014,AVP,PA,AEA,EN,Combined TRACON& Tower with Radar,3,36,21,0,60,0,5,30,0,35,3,41,51,0,95,0,0,0,95
03/12/2014,AVP,PA,AEA,EN,Combined TRACON& Tower with Radar,5,27,13,0,45,0,2,6,0,8,5,29,19,0,53,10,0,10,63
03/13/2014,AVP,PA,AEA,EN,Combined TRACON& Tower with Radar,3,32,11,0,46,0,2,2,0,4,3,34,13,0,50,0,0,0,50
03/14/2014,AVP,PA,AEA,EN,Combined TRACON& Tower with Radar,4,36,14,0,54,0,8,24,0,32,4,44,38,0,86,0,0,0,86
03/15/2014,AVP,PA,AEA,EN,Combined TRACON& Tower with Radar,5,20,7,0,32,0,3,13,0,16,5,23,20,0,48,38,0,38,86
03/16/2014,AVP,PA,AEA,EN,Combined TRACON& Tower with Radar,6,22,19,1,48,0,2,10,0,12,6,24,29,1,60,3,0,3,63
03/17/2014,AVP,PA,AEA,EN,Combined TRACON& Tower with Radar,3,27,18,2,50,0,4,5,0,9,3,31,23,2,59,0,0,0,59
03/18/2014,AVP,PA,AEA,EN,Combined TRACON& Tower with Radar,4,32,27,0,63,0,4,39,1,44,4,36,66,1,107,47,0,47,154
03/19/2014,AVP,PA,AEA,EN,Combined TRACON& Tower with Radar,6,33,5,6,50,0,0,5,0,5,6,33,10,6,55,0,0,0,55
03/20/2014,AVP,PA,AEA,EN,Combined TRACON& Tower with Radar,7,33,8,0,48,0,4,6,0,10,7,37,14,0,58,0,0,0,58
03/21/2014,AVP,PA,AEA,EN,Combined TRACON& Tower with Radar,3,35,15,0,53,0,11,23,0,34,3,46,38,0,87,12,0,12,99
03/22/2014,AVP,PA,AEA,EN,Combined TRACON& Tower with Radar,2,23,10,0,35,0,4,3,0,7,2,27,13,0,42,0,0,0,42
03/23/2014,AVP,PA,AEA,EN,Combined TRACON& Tower with Radar,5,21,11,0,37,0,1,15,0,16,5,22,26,0,53,4,0,4,57
03/24/2014,AVP,PA,AEA,EN,Combined TRACON& Tower with Radar,3,32,11,2,48,0,3,20,0,23,3,35,31,2,71,34,0,34,105
03/25/2014,AVP,PA,AEA,EN,Combined TRACON& Tower with Radar,4,35,11,0,50,0,3,1,0,4,4,38,12,0,54,0,0,0,54
03/26/2014,AVP,PA,AEA,EN,Combined TRACON& Tower with Radar,5,39,4,0,48,0,2,1,0,3,5,41,5,0,51,0,0,0,51
03/27/2014,AVP,PA,AEA,EN,Combined TRACON& Tower with Radar,6,35,18,0,59,0,4,20,0,24,6,39,38,0,83,53,0,53,136
03/28/2014,AVP,PA,AEA,EN,Combined TRACON& Tower with Radar,2,32,16,0,50,0,2,1,1,4,2,34,17,1,54,0,0,0,54
03/29/2014,AVP,PA,AEA,EN,Combined TRACON& Tower with Radar,2,20,5,0,27,0,1,2,0,3,2,21,7,0,30,10,0,10,40
03/30/2014,AVP,PA,AEA,EN,Combined TRACON& Tower with Radar,4,20,5,0,29,0,0,0,0,0,4,20,5,0,29,0,0,0,29
03/31/2014,AVP,PA,AEA,EN,Combined TRACON& Tower with Radar,4,31,16,0,51,0,3,10,0,13,4,34,26,0,64,1,0,1,65
04/01/2014,AVP,PA,AEA,EN,Combined TRACON& Tower with Radar,3,29,25,2,59,0,5,33,0,38,3,34,58,2,97,7,0,7,104
04/02/2014,AVP,PA,AEA,EN,Combined TRACON& Tower with Radar,4,33,15,2,54,0,4,24,0,28,4,37,39,2,82,8,0,8,90
04/03/2014,AVP,PA,AEA,EN,Combined TRACON& Tower with Radar,6,30,19,2,57,0,7,14,0,21,6,37,33,2,78,6,0,6,84
04/04/2014,AVP,PA,AEA,EN,Combined TRACON& Tower with Radar,3,28,7,2,40,0,0,0,0,0,3,28,7,2,40,0,0,0,40
04/05/2014,AVP,PA,AEA,EN,Combined TRACON& Tower with Radar,4,17,2,0,23,0,3,6,3,12,4,20,8,3,35,10,0,10,45
04/06/2014,AVP,PA,AEA,EN,Combined TRACON& Tower with Radar,6,20,13,0,39,0,5,37,0,42,6,25,50,0,81,47,0,47,128
04/07/2014,AVP,PA,AEA,EN,Combined TRACON& Tower with Radar,5,26,9,2,42,0,2,7,0,9,5,28,16,2,51,62,0,62,113
04/08/2014,AVP,PA,AEA,EN,Combined TRACON& Tower with Radar,4,36,9,0,49,0,5,0,0,5,4,41,9,0,54,0,0,0,54
04/09/2014,AVP,PA,AEA,EN,Combined TRACON& Tower with Radar,3,33,15,0,51,0,8,15,4,27,3,41,30,4,78,36,0,36,114
04/10/2014,AVP,PA,AEA,EN,Combined TRACON& Tower with Radar,7,34,13,1,55,0,5,44,3,52,7,39,57,4,107,6,0,6,113
04/11/2014,AVP,PA,AEA,EN,Combined TRACON& Tower with Radar,3,30,15,0,48,0,3,7,0,10,3,33,22,0,58,42,0,42,100
04/12/2014,AVP,PA,AEA,EN,Combined TRACON& Tower with Radar,4,17,20,0,41,0,6,21,0,27,4,23,41,0,68,22,0,22,90
04/13/2014,AVP,PA,AEA,EN,Combined TRACON& Tower with Radar,6,18,26,0,50,0,6,10,0,16,6,24,36,0,66,24,0,24,90
04/14/2014,AVP,PA,AEA,EN,Combined TRACON& Tower with Radar,7,30,11,0,48,0,2,6,0,8,7,32,17,0,56,6,0,6,62
04/15/2014,AVP,PA,AEA,EN,Combined TRACON& Tower with Radar,4,28,1,0,33,0,1,0,0,1,4,29,1,0,34,0,0,0,34
04/16/2014,AVP,PA,AEA,EN,Combined TRACON& Tower with Radar,4,34,12,4,54,0,4,25,0,29,4,38,37,4,83,60,0,60,143
04/17/2014,AVP,PA,AEA,EN,Combined TRACON& Tower with Radar,8,32,18,2,60,0,6,20,0,26,8,38,38,2,86,8,0,8,94
04/18/2014,AVP,PA,AEA,EN,Combined TRACON& Tower with Radar,3,34,19,3,59,0,3,20,1,24,3,37,39,4,83,5,0,5,88
04/19/2014,AVP,PA,AEA,EN,Combined TRACON& Tower with Radar,5,17,7,0,29,0,5,12,0,17,5,22,19,0,46,7,0,7,53
04/20/2014,AVP,PA,AEA,EN,Combined TRACON& Tower with Radar,6,19,4,0,29,0,5,10,3,18,6,24,14,3,47,10,0,10,57
04/21/2014,AVP,PA,AEA,EN,Combined TRACON& Tower with Radar,3,29,11,0,43,0,3,28,2,33,3,32,39,2,76,14,0,14,90
04/22/2014,AVP,PA,AEA,EN,Combined TRACON& Tower with Radar,5,34,11,1,51,0,6,6,1,13,5,40,17,2,64,0,0,0,64
04/23/2014,AVP,PA,AEA,EN,Combined TRACON& Tower with Radar,2,35,12,0,49,0,2,3,0,5,2,37,15,0,54,12,0,12,66
04/24/2014,AVP,PA,AEA,EN,Combined TRACON& Tower with Radar,7,37,13,0,57,0,6,9,6,21,7,43,22,6,78,46,0,46,124
04/25/2014,AVP,PA,AEA,EN,Combined TRACON& Tower with Radar,3,36,14,0,53,0,4,10,0,14,3,40,24,0,67,19,0,19,86
04/26/2014,AVP,PA,AEA,EN,Combined TRACON& Tower with Radar,3,18,12,0,33,0,7,11,1,19,3,25,23,1,52,4,0,4,56
04/27/2014,AVP,PA,AEA,EN,Combined TRACON& Tower with Radar,3,16,14,0,33,0,2,4,0,6,3,18,18,0,39,0,0,0,39
04/28/2014,AVP,PA,AEA,EN,Combined TRACON& Tower with Radar,5,27,32,0,64,0,9,32,0,41,5,36,64,0,105,35,0,35,140
04/29/2014,AVP,PA,AEA,EN,Combined TRACON& Tower with Radar,4,36,15,0,55,0,0,0,0,0,4,36,15,0,55,0,0,0,55
04/30/2014,AVP,PA,AEA,EN,Combined TRACON& Tower with Radar,5,31,9,1,46,0,0,1,0,1,5,31,10,1,47,0,0,0,47
05/01/2014,AVP,PA,AEA,EN,Combined TRACON& Tower with Radar,7,34,23,1,65,0,8,10,1,19,7,42,33,2,84,8,0,8,92
05/02/2014,AVP,PA,AEA,EN,Combined TRACON& Tower with Radar,3,39,14,0,56,0,6,15,0,21,3,45,29,0,77,15,0,15,92
05/03/2014,AVP,PA,AEA,EN,Combined TRACON& Tower with Radar,2,19,12,0,33,0,4,19,0,23,2,23,31,0,56,42,0,42,98
05/04/2014,AVP,PA,AEA,EN,Combined TRACON& Tower with Radar,5,16,7,0,28,0,2,9,0,11,5,18,16,0,39,0,0,0,39
05/05/2014,AVP,PA,AEA,EN,Combined TRACON& Tower with Radar,4,26,6,0,36,0,2,10,1,13,4,28,16,1,49,6,0,6,55
05/06/2014,AVP,PA,AEA,EN,Combined TRACON& Tower with Radar,4,26,11,0,41,0,2,27,0,29,4,28,38,0,70,11,0,11,81
05/07/2014,AVP,PA,AEA,EN,Combined TRACON& Tower with Radar,4,31,21,0,56,0,0,14,0,14,4,31,35,0,70,0,0,0,70
05/08/2014,AVP,PA,AEA,EN,Combined TRACON& Tower with Radar,6,33,30,1,70,0,1,2,0,3,6,34,32,1,73,2,0,2,75
05/09/2014,AVP,PA,AEA,EN,Combined TRACON& Tower with Radar,3,31,18,0,52,0,2,6,0,8,3,33,24,0,60,0,0,0,60
05/10/2014,AVP,PA,AEA,EN,Combined TRACON& Tower with Radar,3,19,4,0,26,0,2,5,0,7,3,21,9,0,33,0,0,0,33
05/11/2014,AVP,PA,AEA,EN,Combined TRACON& Tower with Radar,6,22,2,0,30,0,0,11,0,11,6,22,13,0,41,5,0,5,46
05/12/2014,AVP,PA,AEA,EN,Combined TRACON& Tower with Radar,3,23,14,0,40,0,2,12,0,14,3,25,26,0,54,16,0,16,70
05/13/2014,AVP,PA,AEA,EN,Combined TRACON& Tower with Radar,2,32,15,0,49,0,2,14,0,16,2,34,29,0,65,6,0,6,71
05/14/2014,AVP,PA,AEA,EN,Combined TRACON& Tower with Radar,3,33,15,2,53,0,4,9,0,13,3,37,24,2,66,0,0,0,66
05/15/2014,AVP,PA,AEA,EN,Combined TRACON& Tower with Radar,7,34,15,0,56,0,0,6,0,6,7,34,21,0,62,2,0,2,64
05/16/2014,AVP,PA,AEA,EN,Combined TRACON& Tower with Radar,6,24,14,0,44,0,0,1,0,1,6,24,15,0,45,0,0,0,45
05/17/2014,AVP,PA,AEA,EN,Combined TRACON& Tower with Radar,3,22,12,0,37,0,7,27,0,34,3,29,39,0,71,25,0,25,96
05/18/2014,AVP,PA,AEA,EN,Combined TRACON& Tower with Radar,6,21,11,0,38,0,6,24,0,30,6,27,35,0,68,0,0,0,68
05/19/2014,AVP,PA,AEA,EN,Combined TRACON& Tower with Radar,3,30,5,0,38,0,4,17,0,21,3,34,22,0,59,2,0,2,61
05/20/2014,AVP,PA,AEA,EN,Combined TRACON& Tower with Radar,5,30,17,1,53,0,2,31,1,34,5,32,48,2,87,18,0,18,105
05/21/2014,AVP,PA,AEA,EN,Combined TRACON& Tower with Radar,4,37,18,0,59,0,0,8,0,8,4,37,26,0,67,0,0,0,67
05/22/2014,AVP,PA,AEA,EN,Combined TRACON& Tower with Radar,7,32,25,0,64,0,4,1,0,5,7,36,26,0,69,0,0,0,69
05/23/2014,AVP,PA,AEA,EN,Combined TRACON& Tower with Radar,4,32,14,0,50,0,6,24,0,30,4,38,38,0,80,168,0,168,248
05/24/2014,AVP,PA,AEA,EN,Combined TRACON& Tower with Radar,3,17,25,0,45,0,0,7,0,7,3,17,32,0,52,10,0,10,62
05/25/2014,AVP,PA,AEA,EN,Combined TRACON& Tower with Radar,2,15,4,0,21,0,2,25,0,27,2,17,29,0,48,16,0,16,64
05/26/2014,AVP,PA,AEA,EN,Combined TRACON& Tower with Radar,4,20,11,0,35,0,0,32,0,32,4,20,43,0,67,11,0,11,78
05/27/2014,AVP,PA,AEA,EN,Combined TRACON& Tower with Radar,5,25,11,0,41,0,0,9,0,9,5,25,20,0,50,14,0,14,64
05/28/2014,AVP,PA,AEA,EN,Combined TRACON& Tower with Radar,4,29,34,2,69,0,1,11,3,15,4,30,45,5,84,56,0,56,140
05/29/2014,AVP,PA,AEA,EN,Combined TRACON& Tower with Radar,5,31,24,0,60,0,4,11,0,15,5,35,35,0,75,36,0,36,111
05/30/2014,AVP,PA,AEA,EN,Combined TRACON& Tower with Radar,2,34,24,0,60,0,7,22,0,29,2,41,46,0,89,129,0,129,218
05/31/2014,AVP,PA,AEA,EN,Combined TRACON& Tower with Radar,2,15,11,0,28,0,10,41,0,51,2,25,52,0,79,155,0,155,234
06/01/2014,AVP,PA,AEA,EN,Combined TRACON& Tower with Radar,6,18,17,0,41,0,6,62,2,70,6,24,79,2,111,220,0,220,331
06/02/2014,AVP,PA,AEA,EN,Combined TRACON& Tower with Radar,5,21,29,2,57,0,6,43,0,49,5,27,72,2,106,102,0,102,208
06/03/2014,AVP,PA,AEA,EN,Combined TRACON& Tower with Radar,3,29,13,0,45,0,2,23,0,25,3,31,36,0,70,48,0,48,118
06/04/2014,AVP,PA,AEA,EN,Combined TRACON& Tower with Radar,4,39,26,2,71,0,4,23,0,27,4,43,49,2,98,49,0,49,147
06/05/2014,AVP,PA,AEA,EN,Combined TRACON& Tower with Radar,7,40,28,0,75,0,2,13,6,21,7,42,41,6,96,20,0,20,116
06/06/2014,AVP,PA,AEA,EN,Combined TRACON& Tower with Radar,2,36,27,0,65,0,5,41,0,46,2,41,68,0,111,175,0,175,286
06/07/2014,AVP,PA,AEA,EN,Combined TRACON& Tower with Radar,2,25,23,1,51,0,12,36,1,49,2,37,59,2,100,175,0,175,275
06/08/2014,AVP,PA,AEA,EN,Combined TRACON& Tower with Radar,9,26,38,1,74,0,12,33,0,45,9,38,71,1,119,214,0,214,333
06/09/2014,AVP,PA,AEA,EN,Combined TRACON& Tower with Radar,6,33,26,0,65,0,1,8,0,9,6,34,34,0,74,24,0,24,98
06/10/2014,AVP,PA,AEA,EN,Combined TRACON& Tower with Radar,3,31,15,2,51,0,2,15,0,17,3,33,30,2,68,196,0,196,264
06/11/2014,AVP,PA,AEA,EN,Combined TRACON& Tower with Radar,6,28,18,0,52,0,5,9,0,14,6,33,27,0,66,76,0,76,142
06/12/2014,AVP,PA,AEA,EN,Combined TRACON& Tower with Radar,7,38,22,1,68,0,0,1,0,1,7,38,23,1,69,11,0,11,80
06/13/2014,AVP,PA,AEA,EN,Combined TRACON& Tower with Radar,3,39,17,1,60,0,3,8,0,11,3,42,25,1,71,166,0,166,237
06/14/2014,AVP,PA,AEA,EN,Combined TRACON& Tower with Radar,3,24,5,0,32,0,8,22,9,39,3,32,27,9,71,222,0,222,293
06/15/2014,AVP,PA,AEA,EN,Combined TRACON& Tower with Radar,5,24,7,0,36,0,9,34,5,48,5,33,41,5,84,289,0,289,373
06/16/2014,AVP,PA,AEA,EN,Combined TRACON& Tower with Radar,3,34,19,0,56,0,4,47,0,51,3,38,66,0,107,238,0,238,345
06/17/2014,AVP,PA,AEA,EN,Combined TRACON& Tower with Radar,4,33,13,0,50,0,2,24,0,26,4,35,37,0,76,152,0,152,228
06/18/2014,AVP,PA,AEA,EN,Combined TRACON& Tower with Radar,5,36,14,0,55,0,1,11,0,12,5,37,25,0,67,10,0,10,77
06/19/2014,AVP,PA,AEA,EN,Combined TRACON& Tower with Radar,7,39,25,0,71,0,12,16,3,31,7,51,41,3,102,168,0,168,270
06/20/2014,AVP,PA,AEA,EN,Combined TRACON& Tower with Radar,3,38,21,0,62,0,19,38,8,65,3,57,59,8,127,209,0,209,336
06/21/2014,AVP,PA,AEA,EN,Combined TRACON& Tower with Radar,3,22,7,1,33,0,19,40,9,68,3,41,47,10,101,230,0,230,331
06/22/2014,AVP,PA,AEA,EN,Combined TRACON& Tower with Radar,5,24,7,0,36,0,6,37,1,44,5,30,44,1,80,325,0,325,405
06/23/2014,AVP,PA,AEA,EN,Combined TRACON& Tower with Radar,3,34,19,0,56,0,6,51,7,64,3,40,70,7,120,291,0,291,411
06/24/2014,AVP,PA,AEA,EN,Combined TRACON& Tower with Radar,7,35,18,0,60,0,13,32,0,45,7,48,50,0,105,240,0,240,345
06/25/2014,AVP,PA,AEA,EN,Combined TRACON& Tower with Radar,4,33,10,0,47,0,0,9,0,9,4,33,19,0,56,21,0,21,77
06/26/2014,AVP,PA,AEA,EN,Combined TRACON& Tower with Radar,6,40,14,0,60,0,15,27,8,50,6,55,41,8,110,234,0,234,344
06/27/2014,AVP,PA,AEA,EN,Combined TRACON& Tower with Radar,5,41,26,2,74,0,15,30,6,51,5,56,56,8,125,266,0,266,391
06/28/2014,AVP,PA,AEA,EN,Combined TRACON& Tower with Radar,2,19,23,2,46,0,9,32,0,41,2,28,55,2,87,288,0,288,375
06/29/2014,AVP,PA,AEA,EN,Combined TRACON& Tower with Radar,6,22,14,0,42,0,9,41,6,56,6,31,55,6,98,228,0,228,326
06/30/2014,AVP,PA,AEA,EN,Combined TRACON& Tower with Radar,3,26,22,0,51,0,12,30,1,43,3,38,52,1,94,280,0,280,374
07/01/2014,AVP,PA,AEA,EN,Combined TRACON& Tower with Radar,5,31,20,0,56,0,12,37,2,51,5,43,57,2,107,112,0,112,219
07/02/2014,AVP,PA,AEA,EN,Combined TRACON& Tower with Radar,6,30,6,0,42,0,8,12,0,20,6,38,18,0,62,50,0,50,112
07/03/2014,AVP,PA,AEA,EN,Combined TRACON& Tower with Radar,6,27,10,0,43,0,18,21,4,43,6,45,31,4,86,220,0,220,306
07/04/2014,AVP,PA,AEA,EN,Combined TRACON& Tower with Radar,7,22,7,0,36,0,17,22,13,52,7,39,29,13,88,234,0,234,322
07/05/2014,AVP,PA,AEA,EN,Combined TRACON& Tower with Radar,4,23,5,0,32,0,11,32,0,43,4,34,37,0,75,116,0,116,191
07/06/2014,AVP,PA,AEA,EN,Combined TRACON& Tower with Radar,9,28,17,0,54,0,22,35,8,65,9,50,52,8,119,198,0,198,317
07/07/2014,AVP,PA,AEA,EN,Combined TRACON& Tower with Radar,3,36,6,0,45,0,16,26,6,48,3,52,32,6,93,236,0,236,329
07/08/2014,AVP,PA,AEA,EN,Combined TRACON& Tower with Radar,5,36,15,0,56,0,5,6,0,11,5,41,21,0,67,32,0,32,99
07/09/2014,AVP,PA,AEA,EN,Combined TRACON& Tower with Radar,4,36,18,0,58,0,9,30,0,39,4,45,48,0,97,189,0,189,286
07/10/2014,AVP,PA,AEA,EN,Combined TRACON& Tower with Radar,6,38,26,0,70,0,15,29,7,51,6,53,55,7,121,264,0,264,385
07/11/2014,AVP,PA,AEA,EN,Combined TRACON& Tower with Radar,3,35,27,0,65,0,19,35,0,54,3,54,62,0,119,264,0,264,383
07/12/2014,AVP,PA,AEA,EN,Combined TRACON& Tower with Radar,3,19,11,0,33,0,18,40,0,58,3,37,51,0,91,294,0,294,385
07/13/2014,AVP,PA,AEA,EN,Combined TRACON& Tower with Radar,5,24,27,1,57,0,21,19,0,40,5,45,46,1,97,264,0,264,361
07/14/2014,AVP,PA,AEA,EN,Combined TRACON& Tower with Radar,4,32,13,0,49,0,0,7,0,7,4,32,20,0,56,36,0,36,92
07/15/2014,AVP,PA,AEA,EN,Combined TRACON& Tower with Radar,8,34,13,0,55,0,5,11,0,16,8,39,24,0,71,40,0,40,111
07/16/2014,AVP,PA,AEA,EN,Combined TRACON& Tower with Radar,5,37,13,1,56,0,3,35,2,40,5,40,48,3,96,0,0,0,96
07/17/2014,AVP,PA,AEA,EN,Combined TRACON& Tower with Radar,5,34,16,0,55,0,15,35,1,51,5,49,51,1,106,226,0,226,332
07/18/2014,AVP,PA,AEA,EN,Combined TRACON& Tower with Radar,2,33,24,2,61,0,17,48,2,67,2,50,72,4,128,226,0,226,354
07/19/2014,AVP,PA,AEA,EN,Combined TRACON& Tower with Radar,2,27,13,2,44,0,17,34,0,51,2,44,47,2,95,272,0,272,367
07/20/2014,AVP,PA,AEA,EN,Combined TRACON& Tower with Radar,5,24,15,0,44,0,5,16,0,21,5,29,31,0,65,0,0,0,65
07/21/2014,AVP,PA,AEA,EN,Combined TRACON& Tower with Radar,4,33,15,3,55,0,13,27,4,44,4,46,42,7,99,270,0,270,369
07/22/2014,AVP,PA,AEA,EN,Combined TRACON& Tower with Radar,4,39,17,1,61,0,3,25,2,30,4,42,42,3,91,63,0,63,154
07/23/2014,AVP,PA,AEA,EN,Combined TRACON& Tower with Radar,5,30,14,1,50,0,6,15,2,23,5,36,29,3,73,16,0,16,89
07/24/2014,AVP,PA,AEA,EN,Combined TRACON& Tower with Radar,5,34,20,0,59,0,15,34,0,49,5,49,54,0,108,238,0,238,346
07/25/2014,AVP,PA,AEA,EN,Combined TRACON& Tower with Radar,5,36,20,0,61,0,7,41,0,48,5,43,61,0,109,27,0,27,136
07/26/2014,AVP,PA,AEA,EN,Combined TRACON& Tower with Radar,3,22,19,0,44,0,4,19,0,23,3,26,38,0,67,0,0,0,67
07/27/2014,AVP,PA,AEA,EN,Combined TRACON& Tower with Radar,7,20,7,0,34,0,4,29,0,33,7,24,36,0,67,60,0,60,127
07/28/2014,AVP,PA,AEA,EN,Combined TRACON& Tower with Radar,6,31,12,0,49,0,11,11,0,22,6,42,23,0,71,128,0,128,199
07/29/2014,AVP,PA,AEA,EN,Combined TRACON& Tower with Radar,5,35,18,0,58,0,6,27,2,35,5,41,45,2,93,42,0,42,135
07/30/2014,AVP,PA,AEA,EN,Combined TRACON& Tower with Radar,5,33,14,0,52,0,13,26,0,39,5,46,40,0,91,117,0,117,208
07/31/2014,AVP,PA,AEA,EN,Combined TRACON& Tower with Radar,8,33,33,1,75,0,3,16,0,19,8,36,49,1,94,0,0,0,94
08/01/2014,AVP,PA,AEA,EN,Combined TRACON& Tower with Radar,6,37,15,0,58,0,3,13,0,16,6,40,28,0,74,166,0,166,240
08/02/2014,AVP,PA,AEA,EN,Combined TRACON& Tower with Radar,3,23,25,0,51,0,23,13,0,36,3,46,38,0,87,144,0,144,231
08/03/2014,AVP,PA,AEA,EN,Combined TRACON& Tower with Radar,11,27,35,1,74,0,5,12,0,17,11,32,47,1,91,0,0,0,91
08/04/2014,AVP,PA,AEA,EN,Combined TRACON& Tower with Radar,4,31,21,0,56,0,6,12,5,23,4,37,33,5,79,0,0,0,79
08/05/2014,AVP,PA,AEA,EN,Combined TRACON& Tower with Radar,4,36,9,0,49,0,14,29,0,43,4,50,38,0,92,77,0,77,169
08/06/2014,AVP,PA,AEA,EN,Combined TRACON& Tower with Radar,3,37,24,0,64,0,13,26,0,39,3,50,50,0,103,18,0,18,121
08/07/2014,AVP,PA,AEA,EN,Combined TRACON& Tower with Radar,7,32,21,0,60,0,5,22,2,29,7,37,43,2,89,74,0,74,163
08/08/2014,AVP,PA,AEA,EN,Combined TRACON& Tower with Radar,4,37,16,2,59,0,5,33,0,38,4,42,49,2,97,0,0,0,97
08/09/2014,AVP,PA,AEA,EN,Combined TRACON& Tower with Radar,3,27,22,0,52,0,5,44,0,49,3,32,66,0,101,101,0,101,202
08/10/2014,AVP,PA,AEA,EN,Combined TRACON& Tower with Radar,7,23,18,0,48,0,6,37,0,43,7,29,55,0,91,115,0,115,206
08/11/2014,AVP,PA,AEA,EN,Combined TRACON& Tower with Radar,4,31,18,0,53,0,9,30,0,39,4,40,48,0,92,18,0,18,110
08/12/2014,AVP,PA,AEA,EN,Combined TRACON& Tower with Radar,4,35,5,0,44,0,1,0,0,1,4,36,5,0,45,0,0,0,45
08/13/2014,AVP,PA,AEA,EN,Combined TRACON& Tower with Radar,4,34,20,2,60,0,2,4,3,9,4,36,24,5,69,0,0,0,69
08/14/2014,AVP,PA,AEA,EN,Combined TRACON& Tower with Radar,5,32,34,3,74,0,0,25,0,25,5,32,59,3,99,14,0,14,113
08/15/2014,AVP,PA,AEA,EN,Combined TRACON& Tower with Radar,3,35,10,0,48,0,4,13,0,17,3,39,23,0,65,25,0,25,90
08/16/2014,AVP,PA,AEA,EN,Combined TRACON& Tower with Radar,4,19,9,0,32,0,3,30,0,33,4,22,39,0,65,26,0,26,91
08/17/2014,AVP,PA,AEA,EN,Combined TRACON& Tower with Radar,3,22,8,0,33,0,5,12,0,17,3,27,20,0,50,5,0,5,55
08/18/2014,AVP,PA,AEA,EN,Combined TRACON& Tower with Radar,5,32,25,0,62,0,7,19,0,26,5,39,44,0,88,33,0,33,121
08/19/2014,AVP,PA,AEA,EN,Combined TRACON& Tower with Radar,5,34,19,0,58,0,2,22,0,24,5,36,41,0,82,4,0,4,86
08/20/2014,AVP,PA,AEA,EN,Combined TRACON& Tower with Radar,4,38,16,1,59,0,2,18,1,21,4,40,34,2,80,37,0,37,117
08/21/2014,AVP,PA,AEA,EN,Combined TRACON& Tower with Radar,4,34,16,0,54,0,4,14,0,18,4,38,30,0,72,34,0,34,106
08/22/2014,AVP,PA,AEA,EN,Combined TRACON& Tower with Radar,3,35,18,0,56,0,0,11,0,11,3,35,29,0,67,20,0,20,87
08/23/2014,AVP,PA,AEA,EN,Combined TRACON& Tower with Radar,2,19,24,0,45,0,4,2,0,6,2,23,26,0,51,74,0,74,125
08/24/2014,AVP,PA,AEA,EN,Combined TRACON& Tower with Radar,5,21,4,0,30,0,8,31,0,39,5,29,35,0,69,100,0,100,169
08/25/2014,AVP,PA,AEA,EN,Combined TRACON& Tower with Radar,3,26,17,0,46,0,10,45,0,55,3,36,62,0,101,120,0,120,221
08/26/2014,AVP,PA,AEA,EN,Combined TRACON& Tower with Radar,4,33,20,0,57,0,5,38,2,45,4,38,58,2,102,96,0,96,198
08/27/2014,AVP,PA,AEA,EN,Combined TRACON& Tower with Radar,5,34,20,0,59,0,9,21,0,30,5,43,41,0,89,63,0,63,152
08/28/2014,AVP,PA,AEA,EN,Combined TRACON& Tower with Radar,4,37,23,0,64,0,4,23,0,27,4,41,46,0,91,38,0,38,129
08/29/2014,AVP,PA,AEA,EN,Combined TRACON& Tower with Radar,3,37,35,0,75,0,12,52,0,64,3,49,87,0,139,162,0,162,301
08/30/2014,AVP,PA,AEA,EN,Combined TRACON& Tower with Radar,2,22,14,0,38,0,13,11,0,24,2,35,25,0,62,80,0,80,142
08/31/2014,AVP,PA,AEA,EN,Combined TRACON& Tower with Radar,3,14,5,0,22,0,4,2,0,6,3,18,7,0,28,0,0,0,28
09/01/2014,AVP,PA,AEA,EN,Combined TRACON& Tower with Radar,4,30,14,0,48,0,6,12,0,18,4,36,26,0,66,0,0,0,66
09/02/2014,AVP,PA,AEA,EN,Combined TRACON& Tower with Radar,5,35,20,0,60,0,5,17,0,22,5,40,37,0,82,54,0,54,136
09/03/2014,AVP,PA,AEA,EN,Combined TRACON& Tower with Radar,5,32,21,0,58,0,4,37,0,41,5,36,58,0,99,94,0,94,193
09/04/2014,AVP,PA,AEA,EN,Combined TRACON& Tower with Radar,3,28,14,0,45,0,2,41,0,43,3,30,55,0,88,15,0,15,103
09/05/2014,AVP,PA,AEA,EN,Combined TRACON& Tower with Radar,4,28,12,0,44,0,3,17,0,20,4,31,29,0,64,50,0,50,114
09/06/2014,AVP,PA,AEA,EN,Combined TRACON& Tower with Radar,2,20,8,0,30,0,2,5,0,7,2,22,13,0,37,0,0,0,37
09/07/2014,AVP,PA,AEA,EN,Combined TRACON& Tower with Radar,3,27,15,0,45,0,6,28,0,34,3,33,43,0,79,32,0,32,111
09/08/2014,AVP,PA,AEA,EN,Combined TRACON& Tower with Radar,4,28,18,0,50,0,4,24,0,28,4,32,42,0,78,26,0,26,104
09/09/2014,AVP,PA,AEA,EN,Combined TRACON& Tower with Radar,4,33,21,0,58,0,1,19,0,20,4,34,40,0,78,28,0,28,106
09/10/2014,AVP,PA,AEA,EN,Combined TRACON& Tower with Radar,4,31,29,0,64,0,5,23,2,30,4,36,52,2,94,28,0,28,122
09/11/2014,AVP,PA,AEA,EN,Combined TRACON& Tower with Radar,3,36,16,0,55,0,3,4,0,7,3,39,20,0,62,0,0,0,62
09/12/2014,AVP,PA,AEA,EN,Combined TRACON& Tower with Radar,4,27,24,0,55,0,7,25,0,32,4,34,49,0,87,20,0,20,107
09/13/2014,AVP,PA,AEA,EN,Combined TRACON& Tower with Radar,2,20,14,0,36,0,13,7,1,21,2,33,21,1,57,0,0,0,57
09/14/2014,AVP,PA,AEA,EN,Combined TRACON& Tower with Radar,5,25,20,0,50,0,12,47,0,59,5,37,67,0,109,108,0,108,217
09/15/2014,AVP,PA,AEA,EN,Combined TRACON& Tower with Radar,4,25,20,0,49,0,8,36,2,46,4,33,56,2,95,12,0,12,107
09/16/2014,AVP,PA,AEA,EN,Combined TRACON& Tower with Radar,4,31,9,1,45,0,11,31,1,43,4,42,40,2,88,65,0,65,153
09/17/2014,AVP,PA,AEA,EN,Combined TRACON& Tower with Radar,4,30,20,9,63,0,9,35,6,50,4,39,55,15,113,30,0,30,143
09/18/2014,AVP,PA,AEA,EN,Combined TRACON& Tower with Radar,8,29,27,3,67,0,19,42,6,67,8,48,69,9,134,17,0,17,151
09/19/2014,AVP,PA,AEA,EN,Combined TRACON& Tower with Radar,3,31,46,0,80,0,12,38,3,53,3,43,84,3,133,32,0,32,165
09/20/2014,AVP,PA,AEA,EN,Combined TRACON& Tower with Radar,6,19,10,2,37,0,6,11,3,20,6,25,21,5,57,11,0,11,68
09/21/2014,AVP,PA,AEA,EN,Combined TRACON& Tower with Radar,3,20,16,0,39,0,15,20,2,37,3,35,36,2,76,66,0,66,142
09/22/2014,AVP,PA,AEA,EN,Combined TRACON& Tower with Radar,3,24,22,7,56,0,14,24,5,43,3,38,46,12,99,132,0,132,231
09/23/2014,AVP,PA,AEA,EN,Combined TRACON& Tower with Radar,5,29,19,0,53,0,7,36,9,52,5,36,55,9,105,30,0,30,135
09/24/2014,AVP,PA,AEA,EN,Combined TRACON& Tower with Radar,4,24,25,4,57,0,10,23,3,36,4,34,48,7,93,16,0,16,109
09/25/2014,AVP,PA,AEA,EN,Combined TRACON& Tower with Radar,4,28,16,4,52,0,8,16,0,24,4,36,32,4,76,106,0,106,182
09/26/2014,AVP,PA,AEA,EN,Combined TRACON& Tower with Radar,3,32,28,1,64,0,1,38,8,47,3,33,66,9,111,104,0,104,215
09/27/2014,AVP,PA,AEA,EN,Combined TRACON& Tower with Radar,2,20,21,5,48,0,11,38,9,58,2,31,59,14,106,18,0,18,124
09/28/2014,AVP,PA,AEA,EN,Combined TRACON& Tower with Radar,3,21,27,5,56,0,8,30,3,41,3,29,57,8,97,2,0,2,99
09/29/2014,AVP,PA,AEA,EN,Combined TRACON& Tower with Radar,4,23,19,3,49,0,8,21,2,31,4,31,40,5,80,24,0,24,104
09/30/2014,AVP,PA,AEA,EN,Combined TRACON& Tower with Radar,5,26,30,9,70,0,5,16,2,23,5,31,46,11,93,0,0,0,93
10/01/2014,AVP,PA,AEA,EN,Combined TRACON& Tower with Radar,5,27,46,6,84,0,13,21,3,37,5,40,67,9,121,104,0,104,225
10/02/2014,AVP,PA,AEA,EN,Combined TRACON& Tower with Radar,4,32,28,2,66,0,12,25,3,40,4,44,53,5,106,74,0,74,180
10/03/2014,AVP,PA,AEA,EN,Combined TRACON& Tower with Radar,4,29,31,4,68,0,2,15,3,20,4,31,46,7,88,24,0,24,112
10/04/2014,AVP,PA,AEA,EN,Combined TRACON& Tower with Radar,4,18,15,1,38,0,4,7,2,13,4,22,22,3,51,12,0,12,63
10/05/2014,AVP,PA,AEA,EN,Combined TRACON& Tower with Radar,4,21,21,8,54,0,4,31,3,38,4,25,52,11,92,0,0,0,92
10/06/2014,AVP,PA,AEA,EN,Combined TRACON& Tower with Radar,6,27,19,9,61,0,12,25,3,40,6,39,44,12,101,21,0,21,122
10/07/2014,AVP,PA,AEA,EN,Combined TRACON& Tower with Radar,4,30,24,6,64,0,3,11,4,18,4,33,35,10,82,12,0,12,94
10/08/2014,AVP,PA,AEA,EN,Combined TRACON& Tower with Radar,4,34,13,6,57,0,13,12,13,38,4,47,25,19,95,24,0,24,119
10/09/2014,AVP,PA,AEA,EN,Combined TRACON& Tower with Radar,4,27,14,2,47,0,7,13,4,24,4,34,27,6,71,12,0,12,83
10/10/2014,AVP,PA,AEA,EN,Combined TRACON& Tower with Radar,5,40,30,5,80,0,7,24,4,35,5,47,54,9,115,28,0,28,143
10/11/2014,AVP,PA,AEA,EN,Combined TRACON& Tower with Radar,4,28,30,3,65,0,16,3,2,21,4,44,33,5,86,0,0,0,86
10/12/2014,AVP,PA,AEA,EN,Combined TRACON& Tower with Radar,4,21,23,7,55,0,11,41,3,55,4,32,64,10,110,105,0,105,215
10/13/2014,AVP,PA,AEA,EN,Combined TRACON& Tower with Radar,9,26,28,3,66,0,5,12,1,18,9,31,40,4,84,29,0,29,113
10/14/2014,AVP,PA,AEA,EN,Combined TRACON& Tower with Radar,4,28,23,2,57,0,4,8,3,15,4,32,31,5,72,23,0,23,95
10/15/2014,AVP,PA,AEA,EN,Combined TRACON& Tower with Radar,4,38,18,0,60,0,0,1,0,1,4,38,19,0,61,0,0,0,61
10/16/2014,AVP,PA,AEA,EN,Combined TRACON& Tower with Radar,4,33,22,4,63,0,5,10,4,19,4,38,32,8,82,15,0,15,97
10/17/2014,AVP,PA,AEA,EN,Combined TRACON& Tower with Radar,5,29,21,5,60,0,2,43,2,47,5,31,64,7,107,57,0,57,164
10/18/2014,AVP,PA,AEA,EN,Combined TRACON& Tower with Radar,4,21,6,1,32,0,5,13,1,19,4,26,19,2,51,0,0,0,51
10/19/2014,AVP,PA,AEA,EN,Combined TRACON& Tower with Radar,3,22,16,5,46,0,0,15,1,16,3,22,31,6,62,62,0,62,124
10/20/2014,AVP,PA,AEA,EN,Combined TRACON& Tower with Radar,6,29,24,5,64,0,6,23,6,35,6,35,47,11,99,20,0,20,119
10/21/2014,AVP,PA,AEA,EN,Combined TRACON& Tower with Radar,4,35,14,6,59,0,0,7,1,8,4,35,21,7,67,21,0,21,88
10/22/2014,AVP,PA,AEA,EN,Combined TRACON& Tower with Radar,4,33,10,0,47,0,0,0,0,0,4,33,10,0,47,7,0,7,54
10/23/2014,AVP,PA,AEA,EN,Combined TRACON& Tower with Radar,4,36,24,0,64,0,1,0,0,1,4,37,24,0,65,0,0,0,65
10/24/2014,AVP,PA,AEA,EN,Combined TRACON& Tower with Radar,5,29,19,4,57,0,2,26,0,28,5,31,45,4,85,30,0,30,115
10/25/2014,AVP,PA,AEA,EN,Combined TRACON& Tower with Radar,2,17,11,7,37,0,3,27,1,31,2,20,38,8,68,26,0,26,94
10/26/2014,AVP,PA,AEA,EN,Combined TRACON& Tower with Radar,3,25,10,3,41,0,0,10,0,10,3,25,20,3,51,0,0,0,51
10/27/2014,AVP,PA,AEA,EN,Combined TRACON& Tower with Radar,6,33,26,1,66,0,0,31,2,33,6,33,57,3,99,28,0,28,127
10/28/2014,AVP,PA,AEA,EN,Combined TRACON& Tower with Radar,3,33,16,1,53,0,3,21,1,25,3,36,37,2,78,10,0,10,88
10/29/2014,AVP,PA,AEA,EN,Combined TRACON& Tower with Radar,5,34,14,4,57,0,1,12,0,13,5,35,26,4,70,58,0,58,128
10/30/2014,AVP,PA,AEA,EN,Combined TRACON& Tower with Radar,4,30,13,3,50,0,14,20,1,35,4,44,33,4,85,70,0,70,155
10/31/2014,AVP,PA,AEA,EN,Combined TRACON& Tower with Radar,5,27,14,3,49,0,5,14,1,20,5,32,28,4,69,15,0,15,84
11/01/2014,AVP,PA,AEA,EN,Combined TRACON& Tower with Radar,2,23,3,0,28,0,6,9,0,15,2,29,12,0,43,34,0,34,77
11/02/2014,AVP,PA,AEA,EN,Combined TRACON& Tower with Radar,3,25,6,2,36,0,0,3,0,3,3,25,9,2,39,0,0,0,39
11/03/2014,AVP,PA,AEA,EN,Combined TRACON& Tower with Radar,6,31,21,0,58,0,1,25,0,26,6,32,46,0,84,68,0,68,152
11/04/2014,AVP,PA,AEA,EN,Combined TRACON& Tower with Radar,4,36,7,0,47,0,1,22,0,23,4,37,29,0,70,14,0,14,84
11/05/2014,AVP,PA,AEA,EN,Combined TRACON& Tower with Radar,4,37,16,0,57,0,2,8,0,10,4,39,24,0,67,0,0,0,67
11/06/2014,AVP,PA,AEA,EN,Combined TRACON& Tower with Radar,4,29,23,4,60,0,3,0,0,3,4,32,23,4,63,0,0,0,63
11/07/2014,AVP,PA,AEA,EN,Combined TRACON& Tower with Radar,5,37,5,0,47,0,1,2,1,4,5,38,7,1,51,8,0,8,59
11/08/2014,AVP,PA,AEA,EN,Combined TRACON& Tower with Radar,2,25,13,0,40,0,5,40,1,46,2,30,53,1,86,26,0,26,112
11/09/2014,AVP,PA,AEA,EN,Combined TRACON& Tower with Radar,3,27,8,0,38,0,2,27,0,29,3,29,35,0,67,2,0,2,69
11/10/2014,AVP,PA,AEA,EN,Combined TRACON& Tower with Radar,6,29,6,0,41,0,4,27,0,31,6,33,33,0,72,16,0,16,88
11/11/2014,AVP,PA,AEA,EN,Combined TRACON& Tower with Radar,4,36,21,0,61,0,7,16,0,23,4,43,37,0,84,69,0,69,153
11/12/2014,AVP,PA,AEA,EN,Combined TRACON& Tower with Radar,7,40,18,1,66,0,1,5,1,7,7,41,23,2,73,10,0,10,83
11/13/2014,AVP,PA,AEA,EN,Combined TRACON& Tower with Radar,6,38,19,0,63,0,8,26,0,34,6,46,45,0,97,64,0,64,161
11/14/2014,AVP,PA,AEA,EN,Combined TRACON& Tower with Radar,5,38,6,0,49,0,4,11,0,15,5,42,17,0,64,10,0,10,74
11/15/2014,AVP,PA,AEA,EN,Combined TRACON& Tower with Radar,3,20,7,0,30,0,2,22,0,24,3,22,29,0,54,122,0,122,176
11/16/2014,AVP,PA,AEA,EN,Combined TRACON& Tower with Radar,4,26,8,0,38,0,0,3,0,3,4,26,11,0,41,0,0,0,41
11/17/2014,AVP,PA,AEA,EN,Combined TRACON& Tower with Radar,8,34,5,0,47,0,2,0,0,2,8,36,5,0,49,0,0,0,49
11/18/2014,AVP,PA,AEA,EN,Combined TRACON& Tower with Radar,4,37,2,0,43,0,8,9,0,17,4,45,11,0,60,0,0,0,60
11/19/2014,AVP,PA,AEA,EN,Combined TRACON& Tower with Radar,4,33,13,0,50,0,5,15,0,20,4,38,28,0,70,38,0,38,108
11/20/2014,AVP,PA,AEA,EN,Combined TRACON& Tower with Radar,4,33,10,0,47,0,7,54,0,61,4,40,64,0,108,35,0,35,143
11/21/2014,AVP,PA,AEA,EN,Combined TRACON& Tower with Radar,5,36,17,0,58,0,2,21,0,23,5,38,38,0,81,0,0,0,81
11/22/2014,AVP,PA,AEA,EN,Combined TRACON& Tower with Radar,3,23,12,0,38,0,1,22,0,23,3,24,34,0,61,6,0,6,67
11/23/2014,AVP,PA,AEA,EN,Combined TRACON& Tower with Radar,3,21,12,0,36,0,2,13,0,15,3,23,25,0,51,0,0,0,51
11/24/2014,AVP,PA,AEA,EN,Combined TRACON& Tower with Radar,5,29,6,0,40,0,3,3,0,6,5,32,9,0,46,1,0,1,47
11/25/2014,AVP,PA,AEA,EN,Combined TRACON& Tower with Radar,5,37,17,0,59,0,17,20,4,41,5,54,37,4,100,113,0,113,213
11/26/2014,AVP,PA,AEA,EN,Combined TRACON& Tower with Radar,6,19,7,0,32,0,0,1,0,1,6,19,8,0,33,0,0,0,33
11/27/2014,AVP,PA,AEA,EN,Combined TRACON& Tower with Radar,3,16,5,0,24,0,0,1,0,1,3,16,6,0,25,0,0,0,25
11/28/2014,AVP,PA,AEA,EN,Combined TRACON& Tower with Radar,2,24,7,0,33,0,2,6,0,8,2,26,13,0,41,0,0,0,41
11/29/2014,AVP,PA,AEA,EN,Combined TRACON& Tower with Radar,8,29,16,0,53,0,3,12,0,15,8,32,28,0,68,0,0,0,68
11/30/2014,AVP,PA,AEA,EN,Combined TRACON& Tower with Radar,5,28,17,0,50,0,0,16,0,16,5,28,33,0,66,70,0,70,136
12/01/2014,AVP,PA,AEA,EN,Combined TRACON& Tower with Radar,5,41,15,8,69,0,2,7,2,11,5,43,22,10,80,50,0,50,130
12/02/2014,AVP,PA,AEA,EN,Combined TRACON& Tower with Radar,7,29,4,0,40,0,7,6,0,13,7,36,10,0,53,68,0,68,121
12/03/2014,AVP,PA,AEA,EN,Combined TRACON& Tower with Radar,4,32,12,2,50,0,0,3,0,3,4,32,15,2,53,0,0,0,53
12/04/2014,AVP,PA,AEA,EN,Combined TRACON& Tower with Radar,4,31,23,1,59,0,4,33,0,37,4,35,56,1,96,60,0,60,156
12/05/2014,AVP,PA,AEA,EN,Combined TRACON& Tower with Radar,5,33,11,0,49,0,0,4,0,4,5,33,15,0,53,0,0,0,53
12/06/2014,AVP,PA,AEA,EN,Combined TRACON& Tower with Radar,2,16,10,0,28,0,0,0,0,0,2,16,10,0,28,0,0,0,28
12/07/2014,AVP,PA,AEA,EN,Combined TRACON& Tower with Radar,3,20,18,0,41,0,3,15,0,18,3,23,33,0,59,0,0,0,59
12/08/2014,AVP,PA,AEA,EN,Combined TRACON& Tower with Radar,6,31,6,0,43,0,4,11,0,15,6,35,17,0,58,0,0,0,58
12/09/2014,AVP,PA,AEA,EN,Combined TRACON& Tower with Radar,3,25,5,0,33,0,0,0,0,0,3,25,5,0,33,0,0,0,33
12/10/2014,AVP,PA,AEA,EN,Combined TRACON& Tower with Radar,4,29,6,0,39,0,0,0,0,0,4,29,6,0,39,0,0,0,39
12/11/2014,AVP,PA,AEA,EN,Combined TRACON& Tower with Radar,3,30,13,2,48,0,2,2,0,4,3,32,15,2,52,0,0,0,52
12/12/2014,AVP,PA,AEA,EN,Combined TRACON& Tower with Radar,6,32,6,0,44,0,2,4,0,6,6,34,10,0,50,0,0,0,50
12/13/2014,AVP,PA,AEA,EN,Combined TRACON& Tower with Radar,3,20,15,0,38,0,4,10,0,14,3,24,25,0,52,57,0,57,109
12/14/2014,AVP,PA,AEA,EN,Combined TRACON& Tower with Radar,2,20,4,1,27,0,0,0,0,0,2,20,4,1,27,0,0,0,27
12/15/2014,AVP,PA,AEA,EN,Combined TRACON& Tower with Radar,6,28,0,0,34,0,0,3,0,3,6,28,3,0,37,28,0,28,65
12/16/2014,AVP,PA,AEA,EN,Combined TRACON& Tower with Radar,4,39,11,0,54,0,0,1,0,1,4,39,12,0,55,18,0,18,73
12/17/2014,AVP,PA,AEA,EN,Combined TRACON& Tower with Radar,3,34,14,0,51,0,2,5,0,7,3,36,19,0,58,4,0,4,62
12/18/2014,AVP,PA,AEA,EN,Combined TRACON& Tower with Radar,4,38,15,0,57,0,3,2,0,5,4,41,17,0,62,0,0,0,62
12/19/2014,AVP,PA,AEA,EN,Combined TRACON& Tower with Radar,6,31,14,0,51,0,1,5,0,6,6,32,19,0,57,2,0,2,59
12/20/2014,AVP,PA,AEA,EN,Combined TRACON& Tower with Radar,2,28,13,0,43,0,12,6,0,18,2,40,19,0,61,0,0,0,61
12/21/2014,AVP,PA,AEA,EN,Combined TRACON& Tower with Radar,3,23,15,0,41,0,9,8,0,17,3,32,23,0,58,68,0,68,126
12/22/2014,AVP,PA,AEA,EN,Combined TRACON& Tower with Radar,5,28,6,0,39,0,8,9,0,17,5,36,15,0,56,56,0,56,112
12/23/2014,AVP,PA,AEA,EN,Combined TRACON& Tower with Radar,6,25,2,0,33,0,0,0,0,0,6,25,2,0,33,18,0,18,51
12/24/2014,AVP,PA,AEA,EN,Combined TRACON& Tower with Radar,3,24,0,0,27,0,0,0,0,0,3,24,0,0,27,0,0,0,27
12/25/2014,AVP,PA,AEA,EN,Combined TRACON& Tower with Radar,4,12,0,0,16,0,1,2,0,3,4,13,2,0,19,0,0,0,19
12/26/2014,AVP,PA,AEA,EN,Combined TRACON& Tower with Radar,5,26,19,0,50,0,4,36,1,41,5,30,55,1,91,68,0,68,159
12/27/2014,AVP,PA,AEA,EN,Combined TRACON& Tower with Radar,2,24,26,0,52,0,4,63,0,67,2,28,89,0,119,98,0,98,217
12/28/2014,AVP,PA,AEA,EN,Combined TRACON& Tower with Radar,2,20,11,0,33,0,0,3,0,3,2,20,14,0,36,0,0,0,36
12/29/2014,AVP,PA,AEA,EN,Combined TRACON& Tower with Radar,7,20,16,0,43,0,2,16,0,18,7,22,32,0,61,0,0,0,61
12/30/2014,AVP,PA,AEA,EN,Combined TRACON& Tower with Radar,3,29,18,0,50,0,3,17,0,20,3,32,35,0,70,0,0,0,70
12/31/2014,AVP,PA,AEA,EN,Combined TRACON& Tower with Radar,5,19,1,0,25,0,7,8,0,15,5,26,9,0,40,0,0,0,40
01/01/2015,AVP,PA,AEA,EN,Combined TRACON& Tower with Radar,4,14,0,0,18,0,5,10,1,16,4,19,10,1,34,9,0,9,43
01/02/2015,AVP,PA,AEA,EN,Combined TRACON& Tower with Radar,4,27,10,0,41,0,6,18,2,26,4,33,28,2,67,23,0,23,90
01/03/2015,AVP,PA,AEA,EN,Combined TRACON& Tower with Radar,2,23,0,0,25,0,0,5,0,5,2,23,5,0,30,4,0,4,34
01/04/2015,AVP,PA,AEA,EN,Combined TRACON& Tower with Radar,4,24,4,0,32,0,0,3,0,3,4,24,7,0,35,14,0,14,49
01/05/2015,AVP,PA,AEA,EN,Combined TRACON& Tower with Radar,6,31,8,0,45,0,0,6,0,6,6,31,14,0,51,0,0,0,51
01/06/2015,AVP,PA,AEA,EN,Combined TRACON& Tower with Radar,2,26,1,0,29,0,0,1,0,1,2,26,2,0,30,0,0,0,30
01/07/2015,AVP,PA,AEA,EN,Combined TRACON& Tower with Radar,2,26,3,1,32,0,9,5,1,15,2,35,8,2,47,0,0,0,47
01/08/2015,AVP,PA,AEA,EN,Combined TRACON& Tower with Radar,2,31,5,0,38,0,4,9,2,15,2,35,14,2,53,0,0,0,53
01/09/2015,AVP,PA,AEA,EN,Combined TRACON& Tower with Radar,6,26,6,0,38,0,0,6,0,6,6,26,12,0,44,0,0,0,44
01/10/2015,AVP,PA,AEA,EN,Combined TRACON& Tower with Radar,2,17,13,4,36,0,4,17,0,21,2,21,30,4,57,54,0,54,111
01/11/2015,AVP,PA,AEA,EN,Combined TRACON& Tower with Radar,2,23,9,0,34,0,4,25,0,29,2,27,34,0,63,0,0,0,63
01/12/2015,AVP,PA,AEA,EN,Combined TRACON& Tower with Radar,6,25,1,0,32,0,3,4,0,7,6,28,5,0,39,32,0,32,71
01/13/2015,AVP,PA,AEA,EN,Combined TRACON& Tower with Radar,2,28,5,0,35,0,5,9,2,16,2,33,14,2,51,52,0,52,103
01/14/2015,AVP,PA,AEA,EN,Combined TRACON& Tower with Radar,2,26,8,2,38,0,7,11,0,18,2,33,19,2,56,54,20,74,130
01/15/2015,AVP,PA,AEA,EN,Combined TRACON& Tower with Radar,2,34,13,0,49,0,4,20,0,24,2,38,33,0,73,31,0,31,104
01/16/2015,AVP,PA,AEA,EN,Combined TRACON& Tower with Radar,4,34,19,0,57,0,3,1,2,6,4,37,20,2,63,0,0,0,63
01/17/2015,AVP,PA,AEA,EN,Combined TRACON& Tower with Radar,2,16,9,0,27,0,3,32,0,35,2,19,41,0,62,51,0,51,113
01/18/2015,AVP,PA,AEA,EN,Combined TRACON& Tower with Radar,2,23,6,0,31,0,0,1,0,1,2,23,7,0,32,0,0,0,32
01/19/2015,AVP,PA,AEA,EN,Combined TRACON& Tower with Radar,4,28,12,0,44,0,0,3,0,3,4,28,15,0,47,0,0,0,47
01/20/2015,AVP,PA,AEA,EN,Combined TRACON& Tower with Radar,2,32,11,0,45,0,2,15,0,17,2,34,26,0,62,18,0,18,80
01/21/2015,AVP,PA,AEA,EN,Combined TRACON& Tower with Radar,2,26,12,0,40,0,0,10,0,10,2,26,22,0,50,30,2,32,82
01/22/2015,AVP,PA,AEA,EN,Combined TRACON& Tower with Radar,2,33,15,0,50,0,4,5,0,9,2,37,20,0,59,32,0,32,91
01/23/2015,AVP,PA,AEA,EN,Combined TRACON& Tower with Radar,3,30,9,0,42,0,4,6,2,12,3,34,15,2,54,0,0,0,54
01/24/2015,AVP,PA,AEA,EN,Combined TRACON& Tower with Radar,1,16,3,0,20,0,0,1,0,1,1,16,4,0,21,0,0,0,21
01/25/2015,AVP,PA,AEA,EN,Combined TRACON& Tower with Radar,2,21,7,0,30,0,3,28,0,31,2,24,35,0,61,64,0,64,125
01/26/2015,AVP,PA,AEA,EN,Combined TRACON& Tower with Radar,4,18,15,0,37,0,0,0,0,0,4,18,15,0,37,26,0,26,63
01/27/2015,AVP,PA,AEA,EN,Combined TRACON& Tower with Radar,2,19,6,0,27,0,3,8,0,11,2,22,14,0,38,16,0,16,54
01/28/2015,AVP,PA,AEA,EN,Combined TRACON& Tower with Radar,2,25,11,0,38,0,7,5,0,12,2,32,16,0,50,46,0,46,96
01/29/2015,AVP,PA,AEA,EN,Combined TRACON& Tower with Radar,2,32,17,0,51,0,3,18,2,23,2,35,35,2,74,44,0,44,118
01/30/2015,AVP,PA,AEA,EN,Combined TRACON& Tower with Radar,4,34,0,0,38,0,0,0,0,0,4,34,0,0,38,0,0,0,38
01/31/2015,AVP,PA,AEA,EN,Combined TRACON& Tower with Radar,3,19,10,0,32,0,6,7,0,13,3,25,17,0,45,4,0,4,49
02/01/2015,AVP,PA,AEA,EN,Combined TRACON& Tower with Radar,3,15,5,0,23,0,0,4,0,4,3,15,9,0,27,0,0,0,27
02/02/2015,AVP,PA,AEA,EN,Combined TRACON& Tower with Radar,4,24,6,0,34,0,2,0,0,2,4,26,6,0,36,18,0,18,54
02/03/2015,AVP,PA,AEA,EN,Combined TRACON& Tower with Radar,2,29,6,0,37,0,5,19,0,24,2,34,25,0,61,0,0,0,61
02/04/2015,AVP,PA,AEA,EN,Combined TRACON& Tower with Radar,2,26,14,0,42,0,9,14,0,23,2,35,28,0,65,60,0,60,125
02/05/2015,AVP,PA,AEA,EN,Combined TRACON& Tower with Radar,2,31,9,0,42,0,0,2,2,4,2,31,11,2,46,0,0,0,46
02/06/2015,AVP,PA,AEA,EN,Combined TRACON& Tower with Radar,4,26,14,6,50,0,3,9,1,13,4,29,23,7,63,90,10,100,163
02/07/2015,AVP,PA,AEA,EN,Combined TRACON& Tower with Radar,2,18,7,0,27,0,7,14,1,22,2,25,21,1,49,24,0,24,73
02/08/2015,AVP,PA,AEA,EN,Combined TRACON& Tower with Radar,2,21,4,0,27,0,10,4,0,14,2,31,8,0,41,12,0,12,53
02/09/2015,AVP,PA,AEA,EN,Combined TRACON& Tower with Radar,4,25,8,0,37,0,0,0,0,0,4,25,8,0,37,0,0,0,37
02/10/2015,AVP,PA,AEA,EN,Combined TRACON& Tower with Radar,2,29,9,0,40,0,10,0,2,12,2,39,9,2,52,34,1,35,87
02/11/2015,AVP,PA,AEA,EN,Combined TRACON& Tower with Radar,3,25,27,0,55,0,8,22,0,30,3,33,49,0,85,60,0,60,145
02/12/2015,AVP,PA,AEA,EN,Combined TRACON& Tower with Radar,5,24,8,0,37,0,8,5,0,13,5,32,13,0,50,28,0,28,78
02/13/2015,AVP,PA,AEA,EN,Combined TRACON& Tower with Radar,9,34,16,0,59,0,8,15,2,25,9,42,31,2,84,108,0,108,192
02/14/2015,AVP,PA,AEA,EN,Combined TRACON& Tower with Radar,2,14,2,0,18,0,4,2,0,6,2,18,4,0,24,0,0,0,24
02/15/2015,AVP,PA,AEA,EN,Combined TRACON& Tower with Radar,4,16,5,0,25,0,7,6,0,13,4,23,11,0,38,66,0,66,104
02/16/2015,AVP,PA,AEA,EN,Combined TRACON& Tower with Radar,6,25,4,0,35,0,12,27,1,40,6,37,31,1,75,102,0,102,177
02/17/2015,AVP,PA,AEA,EN,Combined TRACON& Tower with Radar,4,29,7,0,40,0,2,10,0,12,4,31,17,0,52,24,0,24,76
02/18/2015,AVP,PA,AEA,EN,Combined TRACON& Tower with Radar,7,30,11,0,48,0,0,15,1,16,7,30,26,1,64,2,0,2,66
02/19/2015,AVP,PA,AEA,EN,Combined TRACON& Tower with Radar,6,40,7,0,53,0,4,5,2,11,6,44,12,2,64,0,0,0,64
02/20/2015,AVP,PA,AEA,EN,Combined TRACON& Tower with Radar,8,28,15,0,51,0,0,17,2,19,8,28,32,2,70,44,0,44,114
02/21/2015,AVP,PA,AEA,EN,Combined TRACON& Tower with Radar,3,17,6,0,26,0,0,6,0,6,3,17,12,0,32,0,0,0,32
02/22/2015,AVP,PA,AEA,EN,Combined TRACON& Tower with Radar,10,17,11,0,38,0,1,9,0,10,10,18,20,0,48,16,0,16,64
02/23/2015,AVP,PA,AEA,EN,Combined TRACON& Tower with Radar,9,22,1,0,32,0,3,3,5,11,9,25,4,5,43,34,0,34,77
02/24/2015,AVP,PA,AEA,EN,Combined TRACON& Tower with Radar,5,26,10,1,42,0,8,18,3,29,5,34,28,4,71,28,0,28,99
02/25/2015,AVP,PA,AEA,EN,Combined TRACON& Tower with Radar,6,31,7,6,50,0,4,27,16,47,6,35,34,22,97,58,0,58,155
02/26/2015,AVP,PA,AEA,EN,Combined TRACON& Tower with Radar,7,28,11,0,46,0,4,0,3,7,7,32,11,3,53,5,0,5,58
02/27/2015,AVP,PA,AEA,EN,Combined TRACON& Tower with Radar,7,31,13,0,51,0,3,15,1,19,7,34,28,1,70,12,0,12,82
02/28/2015,AVP,PA,AEA,EN,Combined TRACON& Tower with Radar,5,21,13,0,39,0,11,35,0,46,5,32,48,0,85,38,0,38,123
03/01/2015,AVP,PA,AEA,EN,Combined TRACON& Tower with Radar,6,16,0,0,22,0,0,0,0,0,6,16,0,0,22,0,0,0,22
03/02/2015,AVP,PA,AEA,EN,Combined TRACON& Tower with Radar,7,20,4,1,32,0,2,7,1,10,7,22,11,2,42,0,0,0,42
03/03/2015,AVP,PA,AEA,EN,Combined TRACON& Tower with Radar,7,25,2,0,34,0,0,6,0,6,7,25,8,0,40,0,0,0,40
03/04/2015,AVP,PA,AEA,EN,Combined TRACON& Tower with Radar,7,20,4,0,31,0,0,0,0,0,7,20,4,0,31,0,0,0,31
03/05/2015,AVP,PA,AEA,EN,Combined TRACON& Tower with Radar,9,20,3,0,32,0,0,2,0,2,9,20,5,0,34,0,0,0,34
03/06/2015,AVP,PA,AEA,EN,Combined TRACON& Tower with Radar,10,19,9,3,41,0,4,24,1,29,10,23,33,4,70,0,0,0,70
03/07/2015,AVP,PA,AEA,EN,Combined TRACON& Tower with Radar,5,20,14,1,40,0,0,20,1,21,5,20,34,2,61,18,0,18,79
03/08/2015,AVP,PA,AEA,EN,Combined TRACON& Tower with Radar,7,21,11,0,39,0,4,8,0,12,7,25,19,0,51,36,0,36,87
03/09/2015,AVP,PA,AEA,EN,Combined TRACON& Tower with Radar,10,25,12,0,47,0,3,18,0,21,10,28,30,0,68,38,0,38,106
03/10/2015,AVP,PA,AEA,EN,Combined TRACON& Tower with Radar,7,26,22,0,55,0,9,12,0,21,7,35,34,0,76,46,0,46,122
03/11/2015,AVP,PA,AEA,EN,Combined TRACON& Tower with Radar,5,30,18,1,54,0,5,26,1,32,5,35,44,2,86,132,0,132,218
03/12/2015,AVP,PA,AEA,EN,Combined TRACON& Tower with Radar,8,34,20,0,62,0,3,35,0,38,8,37,55,0,100,130,0,130,230
03/13/2015,AVP,PA,AEA,EN,Combined TRACON& Tower with Radar,9,30,19,1,59,0,3,18,1,22,9,33,37,2,81,12,0,12,93
03/14/2015,AVP,PA,AEA,EN,Combined TRACON& Tower with Radar,7,29,1,0,37,0,0,0,0,0,7,29,1,0,37,0,0,0,37
03/15/2015,AVP,PA,AEA,EN,Combined TRACON& Tower with Radar,5,22,7,0,34,0,0,0,0,0,5,22,7,0,34,0,0,0,34
03/16/2015,AVP,PA,AEA,EN,Combined TRACON& Tower with Radar,10,28,15,1,54,0,6,27,0,33,10,34,42,1,87,49,0,49,136
03/17/2015,AVP,PA,AEA,EN,Combined TRACON& Tower with Radar,7,27,7,4,45,0,2,2,4,8,7,29,9,8,53,0,0,0,53
03/18/2015,AVP,PA,AEA,EN,Combined TRACON& Tower with Radar,7,28,13,1,49,0,9,16,2,27,7,37,29,3,76,153,0,153,229
03/19/2015,AVP,PA,AEA,EN,Combined TRACON& Tower with Radar,9,26,24,0,59,0,5,32,0,37,9,31,56,0,96,8,0,8,104
03/20/2015,AVP,PA,AEA,EN,Combined TRACON& Tower with Radar,10,21,5,0,36,0,2,2,0,4,10,23,7,0,40,95,0,95,135
03/21/2015,AVP,PA,AEA,EN,Combined TRACON& Tower with Radar,4,21,4,2,31,0,1,6,0,7,4,22,10,2,38,44,0,44,82
03/22/2015,AVP,PA,AEA,EN,Combined TRACON& Tower with Radar,4,21,6,0,31,0,1,18,0,19,4,22,24,0,50,42,0,42,92
03/23/2015,AVP,PA,AEA,EN,Combined TRACON& Tower with Radar,11,23,16,0,50,0,8,23,0,31,11,31,39,0,81,57,0,57,138
03/24/2015,AVP,PA,AEA,EN,Combined TRACON& Tower with Radar,7,29,14,1,51,0,5,42,1,48,7,34,56,2,99,52,0,52,151
03/25/2015,AVP,PA,AEA,EN,Combined TRACON& Tower with Radar,7,31,15,0,53,0,0,8,0,8,7,31,23,0,61,6,0,6,67
03/26/2015,AVP,PA,AEA,EN,Combined TRACON& Tower with Radar,8,27,25,0,60,0,0,3,0,3,8,27,28,0,63,0,0,0,63
03/27/2015,AVP,PA,AEA,EN,Combined TRACON& Tower with Radar,10,21,19,4,54,0,3,7,0,10,10,24,26,4,64,0,0,0,64
03/28/2015,AVP,PA,AEA,EN,Combined TRACON& Tower with Radar,5,22,8,0,35,0,3,4,0,7,5,25,12,0,42,0,0,0,42
03/29/2015,AVP,PA,AEA,EN,Combined TRACON& Tower with Radar,6,23,19,0,48,0,6,43,0,49,6,29,62,0,97,34,0,34,131
03/30/2015,AVP,PA,AEA,EN,Combined TRACON& Tower with Radar,8,26,5,0,39,0,2,9,0,11,8,28,14,0,50,10,0,10,60
03/31/2015,AVP,PA,AEA,EN,Combined TRACON& Tower with Radar,5,32,11,0,48,0,0,0,0,0,5,32,11,0,48,0,0,0,48
04/01/2015,AVP,PA,AEA,EN,Combined TRACON& Tower with Radar,9,28,19,3,59,0,8,28,1,37,9,36,47,4,96,92,0,92,188
04/02/2015,AVP,PA,AEA,EN,Combined TRACON& Tower with Radar,7,31,11,0,49,0,6,27,2,35,7,37,38,2,84,102,0,102,186
04/03/2015,AVP,PA,AEA,EN,Combined TRACON& Tower with Radar,7,32,10,0,49,0,0,0,0,0,7,32,10,0,49,0,0,0,49
04/04/2015,AVP,PA,AEA,EN,Combined TRACON& Tower with Radar,5,19,5,0,29,0,1,2,0,3,5,20,7,0,32,0,0,0,32
04/05/2015,AVP,PA,AEA,EN,Combined TRACON& Tower with Radar,6,22,3,0,31,0,7,13,0,20,6,29,16,0,51,58,0,58,109
04/06/2015,AVP,PA,AEA,EN,Combined TRACON& Tower with Radar,8,27,19,0,54,0,4,39,4,47,8,31,58,4,101,76,0,76,177
04/07/2015,AVP,PA,AEA,EN,Combined TRACON& Tower with Radar,4,34,10,0,48,0,2,7,0,9,4,36,17,0,57,56,0,56,113
04/08/2015,AVP,PA,AEA,EN,Combined TRACON& Tower with Radar,6,32,21,0,59,0,4,4,0,8,6,36,25,0,67,5,0,5,72
04/09/2015,AVP,PA,AEA,EN,Combined TRACON& Tower with Radar,6,31,8,8,53,0,2,3,0,5,6,33,11,8,58,14,0,14,72
04/10/2015,AVP,PA,AEA,EN,Combined TRACON& Tower with Radar,7,32,8,0,47,0,4,0,0,4,7,36,8,0,51,16,0,16,67
04/11/2015,AVP,PA,AEA,EN,Combined TRACON& Tower with Radar,6,18,11,2,37,0,11,25,2,38,6,29,36,4,75,106,0,106,181
04/12/2015,AVP,PA,AEA,EN,Combined TRACON& Tower with Radar,5,22,17,0,44,0,5,46,0,51,5,27,63,0,95,36,0,36,131
04/13/2015,AVP,PA,AEA,EN,Combined TRACON& Tower with Radar,8,29,14,0,51,0,0,23,4,27,8,29,37,4,78,40,0,40,118
04/14/2015,AVP,PA,AEA,EN,Combined TRACON& Tower with Radar,6,35,12,1,54,0,7,36,1,44,6,42,48,2,98,155,0,155,253
04/15/2015,AVP,PA,AEA,EN,Combined TRACON& Tower with Radar,5,35,20,0,60,0,0,25,3,28,5,35,45,3,88,85,0,85,173
04/16/2015,AVP,PA,AEA,EN,Combined TRACON& Tower with Radar,7,36,22,0,65,0,6,27,0,33,7,42,49,0,98,113,0,113,211
04/17/2015,AVP,PA,AEA,EN,Combined TRACON& Tower with Radar,7,32,15,0,54,0,6,13,0,19,7,38,28,0,73,103,0,103,176
04/18/2015,AVP,PA,AEA,EN,Combined TRACON& Tower with Radar,4,19,15,1,39,0,5,32,1,38,4,24,47,2,77,75,0,75,152
04/19/2015,AVP,PA,AEA,EN,Combined TRACON& Tower with Radar,4,23,19,0,46,0,10,47,0,57,4,33,66,0,103,150,0,150,253
04/20/2015,AVP,PA,AEA,EN,Combined TRACON& Tower with Radar,8,22,8,0,38,0,0,11,0,11,8,22,19,0,49,56,0,56,105
04/21/2015,AVP,PA,AEA,EN,Combined TRACON& Tower with Radar,11,34,20,0,65,0,1,6,2,9,11,35,26,2,74,68,0,68,142
04/22/2015,AVP,PA,AEA,EN,Combined TRACON& Tower with Radar,6,30,6,2,44,0,6,8,1,15,6,36,14,3,59,93,0,93,152
04/23/2015,AVP,PA,AEA,EN,Combined TRACON& Tower with Radar,6,36,9,6,57,0,3,3,0,6,6,39,12,6,63,50,0,50,113
04/24/2015,AVP,PA,AEA,EN,Combined TRACON& Tower with Radar,7,35,11,0,53,0,10,26,0,36,7,45,37,0,89,104,0,104,193
04/25/2015,AVP,PA,AEA,EN,Combined TRACON& Tower with Radar,5,21,9,0,35,0,3,29,0,32,5,24,38,0,67,17,0,17,84
04/26/2015,AVP,PA,AEA,EN,Combined TRACON& Tower with Radar,5,24,15,0,44,0,5,20,0,25,5,29,35,0,69,19,0,19,88
04/27/2015,AVP,PA,AEA,EN,Combined TRACON& Tower with Radar,8,30,7,0,45,0,10,17,0,27,8,40,24,0,72,130,0,130,202
04/28/2015,AVP,PA,AEA,EN,Combined TRACON& Tower with Radar,7,33,15,2,57,0,7,9,4,20,7,40,24,6,77,5,0,5,82
04/29/2015,AVP,PA,AEA,EN,Combined TRACON& Tower with Radar,6,32,20,0,58,0,4,35,0,39,6,36,55,0,97,119,0,119,216
04/30/2015,AVP,PA,AEA,EN,Combined TRACON& Tower with Radar,5,38,19,0,62,0,14,19,0,33,5,52,38,0,95,164,0,164,259
05/01/2015,AVP,PA,AEA,EN,Combined TRACON& Tower with Radar,8,35,11,2,56,0,6,15,11,32,8,41,26,13,88,145,0,145,233
05/02/2015,AVP,PA,AEA,EN,Combined TRACON& Tower with Radar,5,18,12,0,35,0,4,33,0,37,5,22,45,0,72,70,0,70,142
05/03/2015,AVP,PA,AEA,EN,Combined TRACON& Tower with Radar,5,24,28,0,57,0,6,36,0,42,5,30,64,0,99,84,0,84,183
05/04/2015,AVP,PA,AEA,EN,Combined TRACON& Tower with Radar,9,33,12,0,54,0,17,27,0,44,9,50,39,0,98,90,0,90,188
05/05/2015,AVP,PA,AEA,EN,Combined TRACON& Tower with Radar,6,30,7,0,43,0,6,20,6,32,6,36,27,6,75,72,0,72,147
05/06/2015,AVP,PA,AEA,EN,Combined TRACON& Tower with Radar,6,36,17,0,59,0,7,12,0,19,6,43,29,0,78,40,0,40,118
05/07/2015,AVP,PA,AEA,EN,Combined TRACON& Tower with Radar,5,39,15,2,61,0,9,34,8,51,5,48,49,10,112,107,0,107,219
05/08/2015,AVP,PA,AEA,EN,Combined TRACON& Tower with Radar,8,39,21,0,68,0,8,30,1,39,8,47,51,1,107,86,0,86,193
05/09/2015,AVP,PA,AEA,EN,Combined TRACON& Tower with Radar,6,22,16,0,44,0,9,40,0,49,6,31,56,0,93,99,0,99,192
05/10/2015,AVP,PA,AEA,EN,Combined TRACON& Tower with Radar,5,26,15,6,52,0,5,36,6,47,5,31,51,12,99,129,0,129,228
05/11/2015,AVP,PA,AEA,EN,Combined TRACON& Tower with Radar,7,28,12,0,47,0,8,26,0,34,7,36,38,0,81,124,0,124,205
05/12/2015,AVP,PA,AEA,EN,Combined TRACON& Tower with Radar,9,38,12,0,59,0,7,28,0,35,9,45,40,0,94,98,0,98,192
05/13/2015,AVP,PA,AEA,EN,Combined TRACON& Tower with Radar,5,34,10,8,57,0,3,8,8,19,5,37,18,16,76,2,0,2,78
05/14/2015,AVP,PA,AEA,EN,Combined TRACON& Tower with Radar,7,33,19,0,59,0,6,50,2,58,7,39,69,2,117,180,0,180,297
05/15/2015,AVP,PA,AEA,EN,Combined TRACON& Tower with Radar,8,31,11,0,50,0,4,25,0,29,8,35,36,0,79,36,0,36,115
05/16/2015,AVP,PA,AEA,EN,Combined TRACON& Tower with Radar,2,24,11,0,37,0,0,12,0,12,2,24,23,0,49,68,0,68,117
05/17/2015,AVP,PA,AEA,EN,Combined TRACON& Tower with Radar,5,24,28,0,57,0,3,26,0,29,5,27,54,0,86,144,0,144,230
05/18/2015,AVP,PA,AEA,EN,Combined TRACON& Tower with Radar,7,27,10,0,44,0,4,29,0,33,7,31,39,0,77,124,0,124,201
05/19/2015,AVP,PA,AEA,EN,Combined TRACON& Tower with Radar,7,33,23,0,63,0,11,29,0,40,7,44,52,0,103,118,0,118,221
05/20/2015,AVP,PA,AEA,EN,Combined TRACON& Tower with Radar,6,32,15,4,57,0,9,22,0,31,6,41,37,4,88,84,0,84,172
05/21/2015,AVP,PA,AEA,EN,Combined TRACON& Tower with Radar,6,39,21,8,74,0,13,23,14,50,6,52,44,22,124,77,0,77,201
05/22/2015,AVP,PA,AEA,EN,Combined TRACON& Tower with Radar,8,39,15,0,62,0,4,32,0,36,8,43,47,0,98,96,0,96,194
05/23/2015,AVP,PA,AEA,EN,Combined TRACON& Tower with Radar,3,25,14,0,42,0,5,46,0,51,3,30,60,0,93,120,0,120,213
05/24/2015,AVP,PA,AEA,EN,Combined TRACON& Tower with Radar,4,20,5,0,29,0,11,46,0,57,4,31,51,0,86,124,0,124,210
05/25/2015,AVP,PA,AEA,EN,Combined TRACON& Tower with Radar,6,27,5,0,38,0,4,27,0,31,6,31,32,0,69,114,0,114,183
05/26/2015,AVP,PA,AEA,EN,Combined TRACON& Tower with Radar,6,34,7,0,47,0,3,52,0,55,6,37,59,0,102,102,0,102,204
05/27/2015,AVP,PA,AEA,EN,Combined TRACON& Tower with Radar,7,30,15,1,53,0,5,19,2,26,7,35,34,3,79,72,0,72,151
05/28/2015,AVP,PA,AEA,EN,Combined TRACON& Tower with Radar,5,39,15,0,59,0,9,20,0,29,5,48,35,0,88,104,0,104,192
05/29/2015,AVP,PA,AEA,EN,Combined TRACON& Tower with Radar,8,36,18,0,62,0,7,34,0,41,8,43,52,0,103,86,0,86,189
05/30/2015,AVP,PA,AEA,EN,Combined TRACON& Tower with Radar,5,27,14,0,46,0,11,32,0,43,5,38,46,0,89,116,0,116,205
05/31/2015,AVP,PA,AEA,EN,Combined TRACON& Tower with Radar,4,19,12,0,35,0,7,26,0,33,4,26,38,0,68,114,0,114,182
06/01/2015,AVP,PA,AEA,EN,Combined TRACON& Tower with Radar,9,30,24,0,63,0,6,2,0,8,9,36,26,0,71,6,0,6,77
06/02/2015,AVP,PA,AEA,EN,Combined TRACON& Tower with Radar,6,28,14,0,48,0,3,4,0,7,6,31,18,0,55,40,0,40,95
06/03/2015,AVP,PA,AEA,EN,Combined TRACON& Tower with Radar,6,37,29,4,76,0,12,36,0,48,6,49,65,4,124,112,0,112,236
06/04/2015,AVP,PA,AEA,EN,Combined TRACON& Tower with Radar,9,34,39,2,84,0,9,20,0,29,9,43,59,2,113,102,0,102,215
06/05/2015,AVP,PA,AEA,EN,Combined TRACON& Tower with Radar,11,42,20,0,73,0,9,23,6,38,11,51,43,6,111,130,0,130,241
06/06/2015,AVP,PA,AEA,EN,Combined TRACON& Tower with Radar,3,21,11,6,41,0,14,16,2,32,3,35,27,8,73,125,0,125,198
06/07/2015,AVP,PA,AEA,EN,Combined TRACON& Tower with Radar,13,24,40,0,77,0,13,48,0,61,13,37,88,0,138,48,0,48,186
06/08/2015,AVP,PA,AEA,EN,Combined TRACON& Tower with Radar,9,30,15,0,54,0,11,31,0,42,9,41,46,0,96,138,0,138,234
06/09/2015,AVP,PA,AEA,EN,Combined TRACON& Tower with Radar,7,28,12,0,47,0,8,15,0,23,7,36,27,0,70,104,0,104,174
06/10/2015,AVP,PA,AEA,EN,Combined TRACON& Tower with Radar,5,32,22,0,59,0,8,47,6,61,5,40,69,6,120,122,0,122,242
06/11/2015,AVP,PA,AEA,EN,Combined TRACON& Tower with Radar,7,35,8,1,51,0,5,21,1,27,7,40,29,2,78,138,0,138,216
06/12/2015,AVP,PA,AEA,EN,Combined TRACON& Tower with Radar,7,34,16,0,57,0,2,25,0,27,7,36,41,0,84,94,0,94,178
06/13/2015,AVP,PA,AEA,EN,Combined TRACON& Tower with Radar,4,21,15,0,40,0,8,35,0,43,4,29,50,0,83,94,0,94,177
06/14/2015,AVP,PA,AEA,EN,Combined TRACON& Tower with Radar,4,27,11,0,42,0,8,18,0,26,4,35,29,0,68,65,0,65,133
06/15/2015,AVP,PA,AEA,EN,Combined TRACON& Tower with Radar,13,32,10,0,55,0,9,18,0,27,13,41,28,0,82,66,0,66,148
06/16/2015,AVP,PA,AEA,EN,Combined TRACON& Tower with Radar,10,35,13,3,61,0,17,30,0,47,10,52,43,3,108,94,0,94,202
06/17/2015,AVP,PA,AEA,EN,Combined TRACON& Tower with Radar,5,32,10,0,47,0,18,57,0,75,5,50,67,0,122,124,0,124,246
06/18/2015,AVP,PA,AEA,EN,Combined TRACON& Tower with Radar,6,40,24,9,79,0,6,3,14,23,6,46,27,23,102,72,0,72,174
06/19/2015,AVP,PA,AEA,EN,Combined TRACON& Tower with Radar,11,35,16,3,65,0,4,27,0,31,11,39,43,3,96,78,0,78,174
06/20/2015,AVP,PA,AEA,EN,Combined TRACON& Tower with Radar,7,19,20,0,46,0,1,5,1,7,7,20,25,1,53,36,0,36,89
06/21/2015,AVP,PA,AEA,EN,Combined TRACON& Tower with Radar,5,28,12,3,48,0,20,36,0,56,5,48,48,3,104,127,0,127,231
06/22/2015,AVP,PA,AEA,EN,Combined TRACON& Tower with Radar,8,27,20,0,55,0,26,54,0,80,8,53,74,0,135,150,0,150,285
06/23/2015,AVP,PA,AEA,EN,Combined TRACON& Tower with Radar,6,31,5,0,42,0,14,30,0,44,6,45,35,0,86,68,0,68,154
06/24/2015,AVP,PA,AEA,EN,Combined TRACON& Tower with Radar,9,33,24,0,66,0,14,62,3,79,9,47,86,3,145,134,0,134,279
06/25/2015,AVP,PA,AEA,EN,Combined TRACON& Tower with Radar,6,35,8,2,51,0,17,45,0,62,6,52,53,2,113,124,0,124,237
06/26/2015,AVP,PA,AEA,EN,Combined TRACON& Tower with Radar,7,31,14,0,52,0,6,24,1,31,7,37,38,1,83,97,0,97,180
06/27/2015,AVP,PA,AEA,EN,Combined TRACON& Tower with Radar,8,27,15,0,50,0,12,8,0,20,8,39,23,0,70,10,0,10,80
06/28/2015,AVP,PA,AEA,EN,Combined TRACON& Tower with Radar,7,21,5,0,33,0,1,12,0,13,7,22,17,0,46,51,0,51,97
06/29/2015,AVP,PA,AEA,EN,Combined TRACON& Tower with Radar,8,29,20,0,57,0,12,24,2,38,8,41,44,2,95,66,0,66,161
06/30/2015,AVP,PA,AEA,EN,Combined TRACON& Tower with Radar,5,32,26,0,63,0,7,9,0,16,5,39,35,0,79,56,0,56,135
07/01/2015,AVP,PA,AEA,EN,Combined TRACON& Tower with Radar,6,30,25,6,67,0,16,42,0,58,6,46,67,6,125,154,0,154,279
07/02/2015,AVP,PA,AEA,EN,Combined TRACON& Tower with Radar,8,33,20,0,61,0,29,44,1,74,8,62,64,1,135,174,0,174,309
07/03/2015,AVP,PA,AEA,EN,Combined TRACON& Tower with Radar,8,25,16,0,49,0,10,41,0,51,8,35,57,0,100,106,0,106,206
07/04/2015,AVP,PA,AEA,EN,Combined TRACON& Tower with Radar,5,15,17,0,37,0,12,4,0,16,5,27,21,0,53,7,0,7,60
07/05/2015,AVP,PA,AEA,EN,Combined TRACON& Tower with Radar,4,24,17,0,45,0,11,19,0,30,4,35,36,0,75,102,0,102,177
07/06/2015,AVP,PA,AEA,EN,Combined TRACON& Tower with Radar,9,27,28,0,64,0,5,26,0,31,9,32,54,0,95,116,0,116,211
07/07/2015,AVP,PA,AEA,EN,Combined TRACON& Tower with Radar,6,30,20,3,59,0,21,29,1,51,6,51,49,4,110,102,0,102,212
07/08/2015,AVP,PA,AEA,EN,Combined TRACON& Tower with Radar,9,35,26,2,72,0,4,17,0,21,9,39,43,2,93,122,0,122,215
07/09/2015,AVP,PA,AEA,EN,Combined TRACON& Tower with Radar,7,34,10,0,51,0,14,12,0,26,7,48,22,0,77,133,0,133,210
07/10/2015,AVP,PA,AEA,EN,Combined TRACON& Tower with Radar,7,35,21,0,63,0,17,49,0,66,7,52,70,0,129,170,0,170,299
07/11/2015,AVP,PA,AEA,EN,Combined TRACON& Tower with Radar,4,21,20,0,45,0,6,40,0,46,4,27,60,0,91,233,0,233,324
07/12/2015,AVP,PA,AEA,EN,Combined TRACON& Tower with Radar,5,23,14,0,42,0,6,34,0,40,5,29,48,0,82,158,0,158,240
07/13/2015,AVP,PA,AEA,EN,Combined TRACON& Tower with Radar,7,28,17,0,52,0,2,37,0,39,7,30,54,0,91,116,0,116,207
07/14/2015,AVP,PA,AEA,EN,Combined TRACON& Tower with Radar,7,29,27,2,65,0,13,20,1,34,7,42,47,3,99,100,0,100,199
07/15/2015,AVP,PA,AEA,EN,Combined TRACON& Tower with Radar,6,33,38,0,77,0,18,15,0,33,6,51,53,0,110,80,0,80,190
07/16/2015,AVP,PA,AEA,EN,Combined TRACON& Tower with Radar,6,36,13,0,55,0,25,72,2,99,6,61,85,2,154,208,0,208,362
07/17/2015,AVP,PA,AEA,EN,Combined TRACON& Tower with Radar,13,32,21,0,66,0,24,41,2,67,13,56,62,2,133,146,0,146,279
07/18/2015,AVP,PA,AEA,EN,Combined TRACON& Tower with Radar,3,20,16,0,39,0,10,21,0,31,3,30,37,0,70,96,0,96,166
07/19/2015,AVP,PA,AEA,EN,Combined TRACON& Tower with Radar,5,30,13,0,48,0,15,33,0,48,5,45,46,0,96,104,0,104,200
07/20/2015,AVP,PA,AEA,EN,Combined TRACON& Tower with Radar,8,33,11,0,52,0,6,29,0,35,8,39,40,0,87,112,0,112,199
07/21/2015,AVP,PA,AEA,EN,Combined TRACON& Tower with Radar,6,31,18,0,55,0,9,37,0,46,6,40,55,0,101,145,0,145,246
07/22/2015,AVP,PA,AEA,EN,Combined TRACON& Tower with Radar,5,30,23,0,58,0,12,42,0,54,5,42,65,0,112,132,0,132,244
07/23/2015,AVP,PA,AEA,EN,Combined TRACON& Tower with Radar,7,37,17,0,61,0,4,34,0,38,7,41,51,0,99,106,0,106,205
07/24/2015,AVP,PA,AEA,EN,Combined TRACON& Tower with Radar,9,37,25,0,71,0,11,39,0,50,9,48,64,0,121,99,0,99,220
07/25/2015,AVP,PA,AEA,EN,Combined TRACON& Tower with Radar,3,24,11,0,38,0,15,39,0,54,3,39,50,0,92,141,0,141,233
07/26/2015,AVP,PA,AEA,EN,Combined TRACON& Tower with Radar,5,25,15,0,45,0,2,19,0,21,5,27,34,0,66,0,0,0,66
07/27/2015,AVP,PA,AEA,EN,Combined TRACON& Tower with Radar,7,34,23,2,66,0,1,22,1,24,7,35,45,3,90,110,0,110,200
07/28/2015,AVP,PA,AEA,EN,Combined TRACON& Tower with Radar,7,28,16,0,51,0,17,39,0,56,7,45,55,0,107,168,0,168,275
07/29/2015,AVP,PA,AEA,EN,Combined TRACON& Tower with Radar,4,35,31,0,70,0,19,57,0,76,4,54,88,0,146,223,0,223,369
07/30/2015,AVP,PA,AEA,EN,Combined TRACON& Tower with Radar,12,32,39,0,83,0,22,21,0,43,12,54,60,0,126,176,0,176,302
07/31/2015,AVP,PA,AEA,EN,Combined TRACON& Tower with Radar,8,34,30,0,72,0,16,46,2,64,8,50,76,2,136,189,0,189,325
08/01/2015,AVP,PA,AEA,EN,Combined TRACON& Tower with Radar,5,20,28,1,54,0,13,55,0,68,5,33,83,1,122,193,0,193,315
08/02/2015,AVP,PA,AEA,EN,Combined TRACON& Tower with Radar,9,33,54,1,97,0,1,25,0,26,9,34,79,1,123,0,0,0,123
08/03/2015,AVP,PA,AEA,EN,Combined TRACON& Tower with Radar,8,31,17,2,58,0,18,32,0,50,8,49,49,2,108,186,0,186,294
08/04/2015,AVP,PA,AEA,EN,Combined TRACON& Tower with Radar,6,30,13,1,50,0,17,34,3,54,6,47,47,4,104,183,0,183,287
08/05/2015,AVP,PA,AEA,EN,Combined TRACON& Tower with Radar,6,33,16,4,59,0,19,44,0,63,6,52,60,4,122,190,0,190,312
08/06/2015,AVP,PA,AEA,EN,Combined TRACON& Tower with Radar,5,34,17,5,61,0,19,50,5,74,5,53,67,10,135,194,0,194,329
08/07/2015,AVP,PA,AEA,EN,Combined TRACON& Tower with Radar,9,38,8,0,55,0,26,42,0,68,9,64,50,0,123,208,0,208,331
08/08/2015,AVP,PA,AEA,EN,Combined TRACON& Tower with Radar,2,24,11,0,37,0,14,40,0,54,2,38,51,0,91,139,0,139,230
08/09/2015,AVP,PA,AEA,EN,Combined TRACON& Tower with Radar,6,25,9,0,40,0,6,33,6,45,6,31,42,6,85,90,0,90,175
08/10/2015,AVP,PA,AEA,EN,Combined TRACON& Tower with Radar,9,27,27,0,63,0,3,12,0,15,9,30,39,0,78,46,0,46,124
08/11/2015,AVP,PA,AEA,EN,Combined TRACON& Tower with Radar,5,27,7,0,39,0,25,24,0,49,5,52,31,0,88,141,0,141,229
08/12/2015,AVP,PA,AEA,EN,Combined TRACON& Tower with Radar,7,35,22,0,64,2,20,34,0,56,9,55,56,0,120,192,0,192,312
08/13/2015,AVP,PA,AEA,EN,Combined TRACON& Tower with Radar,6,32,17,1,56,0,5,40,10,55,6,37,57,11,111,125,0,125,236
08/14/2015,AVP,PA,AEA,EN,Combined TRACON& Tower with Radar,10,29,8,2,49,0,14,28,0,42,10,43,36,2,91,84,0,84,175
08/15/2015,AVP,PA,AEA,EN,Combined TRACON& Tower with Radar,2,21,6,0,29,0,5,32,0,37,2,26,38,0,66,64,0,64,130
08/16/2015,AVP,PA,AEA,EN,Combined TRACON& Tower with Radar,5,28,19,0,52,0,12,42,0,54,5,40,61,0,106,149,0,149,255
08/17/2015,AVP,PA,AEA,EN,Combined TRACON& Tower with Radar,8,28,15,0,51,0,9,44,0,53,8,37,59,0,104,82,0,82,186
08/18/2015,AVP,PA,AEA,EN,Combined TRACON& Tower with Radar,9,34,24,0,67,0,17,42,4,63,9,51,66,4,130,194,0,194,324
08/19/2015,AVP,PA,AEA,EN,Combined TRACON& Tower with Radar,5,33,27,0,65,0,21,42,0,63,5,54,69,0,128,174,0,174,302
08/20/2015,AVP,PA,AEA,EN,Combined TRACON& Tower with Radar,6,26,8,0,40,0,20,29,0,49,6,46,37,0,89,156,0,156,245
08/21/2015,AVP,PA,AEA,EN,Combined TRACON& Tower with Radar,8,35,39,0,82,0,20,59,0,79,8,55,98,0,161,190,0,190,351
08/22/2015,AVP,PA,AEA,EN,Combined TRACON& Tower with Radar,4,24,13,0,41,0,19,22,0,41,4,43,35,0,82,78,0,78,160
08/23/2015,AVP,PA,AEA,EN,Combined TRACON& Tower with Radar,6,27,40,0,73,0,5,39,0,44,6,32,79,0,117,46,0,46,163
08/24/2015,AVP,PA,AEA,EN,Combined TRACON& Tower with Radar,6,32,19,2,59,0,13,42,0,55,6,45,61,2,114,112,0,112,226
08/25/2015,AVP,PA,AEA,EN,Combined TRACON& Tower with Radar,7,33,23,0,63,0,2,26,0,28,7,35,49,0,91,56,0,56,147
08/26/2015,AVP,PA,AEA,EN,Combined TRACON& Tower with Radar,6,32,20,0,58,0,6,30,0,36,6,38,50,0,94,84,0,84,178
08/27/2015,AVP,PA,AEA,EN,Combined TRACON& Tower with Radar,6,43,13,0,62,0,18,66,0,84,6,61,79,0,146,198,0,198,344
08/28/2015,AVP,PA,AEA,EN,Combined TRACON& Tower with Radar,5,33,38,0,76,0,18,52,0,70,5,51,90,0,146,204,0,204,350
08/29/2015,AVP,PA,AEA,EN,Combined TRACON& Tower with Radar,3,23,17,0,43,0,26,53,0,79,3,49,70,0,122,200,0,200,322
08/30/2015,AVP,PA,AEA,EN,Combined TRACON& Tower with Radar,5,29,18,0,52,0,1,32,0,33,5,30,50,0,85,102,0,102,187
08/31/2015,AVP,PA,AEA,EN,Combined TRACON& Tower with Radar,6,33,13,0,52,0,12,50,0,62,6,45,63,0,114,158,0,158,272
09/01/2015,AVP,PA,AEA,EN,Combined TRACON& Tower with Radar,6,32,19,2,59,0,15,28,23,66,6,47,47,25,125,120,0,120,245
09/02/2015,AVP,PA,AEA,EN,Combined TRACON& Tower with Radar,5,29,25,2,61,0,5,41,2,48,5,34,66,4,109,124,0,124,233
09/03/2015,AVP,PA,AEA,EN,Combined TRACON& Tower with Radar,7,40,24,2,73,0,5,16,2,23,7,45,40,4,96,96,0,96,192
09/04/2015,AVP,PA,AEA,EN,Combined TRACON& Tower with Radar,4,36,10,0,50,0,6,31,1,38,4,42,41,1,88,134,0,134,222
09/05/2015,AVP,PA,AEA,EN,Combined TRACON& Tower with Radar,4,23,11,0,38,0,9,37,0,46,4,32,48,0,84,104,0,104,188
09/06/2015,AVP,PA,AEA,EN,Combined TRACON& Tower with Radar,5,22,6,0,33,0,8,44,0,52,5,30,50,0,85,94,0,94,179
09/07/2015,AVP,PA,AEA,EN,Combined TRACON& Tower with Radar,6,25,12,0,43,0,2,28,0,30,6,27,40,0,73,122,0,122,195
09/08/2015,AVP,PA,AEA,EN,Combined TRACON& Tower with Radar,6,34,17,0,57,0,5,12,0,17,6,39,29,0,74,0,0,0,74
09/09/2015,AVP,PA,AEA,EN,Combined TRACON& Tower with Radar,8,30,6,0,44,0,12,17,2,31,8,42,23,2,75,111,0,111,186
09/10/2015,AVP,PA,AEA,EN,Combined TRACON& Tower with Radar,8,22,13,4,47,0,0,6,0,6,8,22,19,4,53,16,0,16,69
09/11/2015,AVP,PA,AEA,EN,Combined TRACON& Tower with Radar,8,27,16,0,51,0,11,49,0,60,8,38,65,0,111,112,0,112,223
09/12/2015,AVP,PA,AEA,EN,Combined TRACON& Tower with Radar,3,24,4,0,31,0,6,11,0,17,3,30,15,0,48,12,0,12,60
09/13/2015,AVP,PA,AEA,EN,Combined TRACON& Tower with Radar,7,23,8,0,38,0,7,6,0,13,7,30,14,0,51,92,0,92,143
09/14/2015,AVP,PA,AEA,EN,Combined TRACON& Tower with Radar,8,27,14,0,49,0,22,42,0,64,8,49,56,0,113,130,0,130,243
09/15/2015,AVP,PA,AEA,EN,Combined TRACON& Tower with Radar,6,32,12,0,50,0,4,47,0,51,6,36,59,0,101,148,0,148,249
09/16/2015,AVP,PA,AEA,EN,Combined TRACON& Tower with Radar,8,37,12,0,57,0,7,37,0,44,8,44,49,0,101,115,0,115,216
09/17/2015,AVP,PA,AEA,EN,Combined TRACON& Tower with Radar,8,29,16,0,53,0,2,46,1,49,8,31,62,1,102,78,0,78,180
09/18/2015,AVP,PA,AEA,EN,Combined TRACON& Tower with Radar,8,32,21,0,61,0,4,73,2,79,8,36,94,2,140,204,0,204,344
09/19/2015,AVP,PA,AEA,EN,Combined TRACON& Tower with Radar,7,23,21,0,51,0,7,22,3,32,7,30,43,3,83,63,0,63,146
09/20/2015,AVP,PA,AEA,EN,Combined TRACON& Tower with Radar,5,27,24,0,56,0,5,38,0,43,5,32,62,0,99,85,0,85,184
09/21/2015,AVP,PA,AEA,EN,Combined TRACON& Tower with Radar,8,28,8,0,44,0,7,32,2,41,8,35,40,2,85,90,0,90,175
09/22/2015,AVP,PA,AEA,EN,Combined TRACON& Tower with Radar,6,28,22,2,58,0,13,36,0,49,6,41,58,2,107,116,0,116,223
09/23/2015,AVP,PA,AEA,EN,Combined TRACON& Tower with Radar,9,27,6,1,43,0,7,45,1,53,9,34,51,2,96,82,0,82,178
09/24/2015,AVP,PA,AEA,EN,Combined TRACON& Tower with Radar,8,32,11,0,51,0,10,39,0,49,8,42,50,0,100,142,0,142,242
09/25/2015,AVP,PA,AEA,EN,Combined TRACON& Tower with Radar,8,32,11,2,53,0,2,36,2,40,8,34,47,4,93,56,0,56,149
09/26/2015,AVP,PA,AEA,EN,Combined TRACON& Tower with Radar,3,20,16,0,39,0,5,50,2,57,3,25,66,2,96,21,0,21,117
09/27/2015,AVP,PA,AEA,EN,Combined TRACON& Tower with Radar,4,27,13,0,44,0,4,24,0,28,4,31,37,0,72,23,0,23,95
09/28/2015,AVP,PA,AEA,EN,Combined TRACON& Tower with Radar,9,28,10,0,47,0,9,7,0,16,9,37,17,0,63,80,0,80,143
09/29/2015,AVP,PA,AEA,EN,Combined TRACON& Tower with Radar,6,26,11,0,43,0,0,4,0,4,6,26,15,0,47,0,0,0,47
09/30/2015,AVP,PA,AEA,EN,Combined TRACON& Tower with Radar,7,27,16,0,50,0,0,0,0,0,7,27,16,0,50,0,0,0,50
10/01/2015,AVP,PA,AEA,EN,Combined TRACON& Tower with Radar,9,25,12,0,46,0,11,21,0,32,9,36,33,0,78,90,0,90,168
10/02/2015,AVP,PA,AEA,EN,Combined TRACON& Tower with Radar,9,30,10,0,49,0,3,8,0,11,9,33,18,0,60,49,0,49,109
10/03/2015,AVP,PA,AEA,EN,Combined TRACON& Tower with Radar,5,21,5,0,31,0,2,0,0,2,5,23,5,0,33,0,0,0,33
10/04/2015,AVP,PA,AEA,EN,Combined TRACON& Tower with Radar,6,22,12,0,40,0,12,27,0,39,6,34,39,0,79,120,0,120,199
10/05/2015,AVP,PA,AEA,EN,Combined TRACON& Tower with Radar,8,23,24,2,57,0,8,38,1,47,8,31,62,3,104,153,0,153,257
10/06/2015,AVP,PA,AEA,EN,Combined TRACON& Tower with Radar,7,27,16,0,50,0,6,20,0,26,7,33,36,0,76,24,0,24,100
10/07/2015,AVP,PA,AEA,EN,Combined TRACON& Tower with Radar,6,33,21,1,61,0,11,29,1,41,6,44,50,2,102,144,0,144,246
10/08/2015,AVP,PA,AEA,EN,Combined TRACON& Tower with Radar,5,29,20,0,54,0,10,16,0,26,5,39,36,0,80,72,0,72,152
10/09/2015,AVP,PA,AEA,EN,Combined TRACON& Tower with Radar,9,34,11,0,54,0,6,11,0,17,9,40,22,0,71,78,0,78,149
10/10/2015,AVP,PA,AEA,EN,Combined TRACON& Tower with Radar,4,19,14,0,37,0,14,45,0,59,4,33,59,0,96,66,0,66,162
10/11/2015,AVP,PA,AEA,EN,Combined TRACON& Tower with Radar,6,25,11,0,42,0,14,48,0,62,6,39,59,0,104,120,0,120,224
10/12/2015,AVP,PA,AEA,EN,Combined TRACON& Tower with Radar,8,29,17,0,54,0,8,60,0,68,8,37,77,0,122,156,0,156,278
10/13/2015,AVP,PA,AEA,EN,Combined TRACON& Tower with Radar,6,33,25,0,64,0,0,6,0,6,6,33,31,0,70,0,0,0,70
10/14/2015,AVP,PA,AEA,EN,Combined TRACON& Tower with Radar,5,25,24,0,54,0,6,25,0,31,5,31,49,0,85,74,0,74,159
10/15/2015,AVP,PA,AEA,EN,Combined TRACON& Tower with Radar,7,34,9,2,52,0,15,32,6,53,7,49,41,8,105,118,0,118,223
10/16/2015,AVP,PA,AEA,EN,Combined TRACON& Tower with Radar,7,26,13,0,46,0,8,14,0,22,7,34,27,0,68,28,0,28,96
10/17/2015,AVP,PA,AEA,EN,Combined TRACON& Tower with Radar,7,23,10,0,40,0,6,20,0,26,7,29,30,0,66,94,0,94,160
10/18/2015,AVP,PA,AEA,EN,Combined TRACON& Tower with Radar,6,23,12,0,41,0,5,16,0,21,6,28,28,0,62,76,0,76,138
10/19/2015,AVP,PA,AEA,EN,Combined TRACON& Tower with Radar,7,31,9,1,48,0,11,45,0,56,7,42,54,1,104,84,0,84,188
10/20/2015,AVP,PA,AEA,EN,Combined TRACON& Tower with Radar,7,30,26,0,63,0,16,25,2,43,7,46,51,2,106,86,0,86,192
10/21/2015,AVP,PA,AEA,EN,Combined TRACON& Tower with Radar,6,26,18,0,50,0,15,35,0,50,6,41,53,0,100,125,0,125,225
10/22/2015,AVP,PA,AEA,EN,Combined TRACON& Tower with Radar,6,36,18,0,60,0,3,36,5,44,6,39,54,5,104,140,0,140,244
10/23/2015,AVP,PA,AEA,EN,Combined TRACON& Tower with Radar,7,27,18,2,54,0,9,30,3,42,7,36,48,5,96,73,0,73,169
10/24/2015,AVP,PA,AEA,EN,Combined TRACON& Tower with Radar,4,20,17,0,41,0,10,31,0,41,4,30,48,0,82,32,0,32,114
10/25/2015,AVP,PA,AEA,EN,Combined TRACON& Tower with Radar,5,21,16,0,42,0,9,9,0,18,5,30,25,0,60,57,0,57,117
10/26/2015,AVP,PA,AEA,EN,Combined TRACON& Tower with Radar,7,31,15,0,53,0,7,41,0,48,7,38,56,0,101,174,0,174,275
10/27/2015,AVP,PA,AEA,EN,Combined TRACON& Tower with Radar,6,26,18,0,50,0,6,47,2,55,6,32,65,2,105,82,0,82,187
10/28/2015,AVP,PA,AEA,EN,Combined TRACON& Tower with Radar,9,25,4,0,38,0,0,0,0,0,9,25,4,0,38,0,0,0,38
10/29/2015,AVP,PA,AEA,EN,Combined TRACON& Tower with Radar,6,31,7,0,44,0,12,15,3,30,6,43,22,3,74,86,0,86,160
10/30/2015,AVP,PA,AEA,EN,Combined TRACON& Tower with Radar,8,26,20,0,54,0,19,21,0,40,8,45,41,0,94,135,0,135,229
10/31/2015,AVP,PA,AEA,EN,Combined TRACON& Tower with Radar,3,14,20,0,37,0,7,65,0,72,3,21,85,0,109,108,0,108,217
11/01/2015,AVP,PA,AEA,EN,Combined TRACON& Tower with Radar,5,20,8,0,33,0,9,40,1,50,5,29,48,1,83,111,0,111,194
11/02/2015,AVP,PA,AEA,EN,Combined TRACON& Tower with Radar,7,25,13,4,49,0,12,34,0,46,7,37,47,4,95,101,0,101,196
11/03/2015,AVP,PA,AEA,EN,Combined TRACON& Tower with Radar,7,28,20,0,55,0,4,40,0,44,7,32,60,0,99,70,0,70,169
11/04/2015,AVP,PA,AEA,EN,Combined TRACON& Tower with Radar,6,25,7,0,38,0,0,40,0,40,6,25,47,0,78,65,0,65,143
11/05/2015,AVP,PA,AEA,EN,Combined TRACON& Tower with Radar,6,34,20,0,60,0,7,15,2,24,6,41,35,2,84,68,0,68,152
11/06/2015,AVP,PA,AEA,EN,Combined TRACON& Tower with Radar,10,32,15,0,57,0,9,27,1,37,10,41,42,1,94,137,0,137,231
11/07/2015,AVP,PA,AEA,EN,Combined TRACON& Tower with Radar,3,19,12,0,34,0,8,41,2,51,3,27,53,2,85,138,0,138,223
11/08/2015,AVP,PA,AEA,EN,Combined TRACON& Tower with Radar,5,22,15,0,42,0,10,49,0,59,5,32,64,0,101,85,0,85,186
11/09/2015,AVP,PA,AEA,EN,Combined TRACON& Tower with Radar,10,29,11,0,50,0,20,42,0,62,10,49,53,0,112,166,0,166,278
11/10/2015,AVP,PA,AEA,EN,Combined TRACON& Tower with Radar,6,26,20,0,52,0,10,2,0,12,6,36,22,0,64,16,0,16,80
11/11/2015,AVP,PA,AEA,EN,Combined TRACON& Tower with Radar,6,27,23,0,56,0,0,5,0,5,6,27,28,0,61,18,0,18,79
11/12/2015,AVP,PA,AEA,EN,Combined TRACON& Tower with Radar,6,31,18,1,56,0,0,0,0,0,6,31,18,1,56,0,0,0,56
11/13/2015,AVP,PA,AEA,EN,Combined TRACON& Tower with Radar,10,32,8,1,51,0,16,15,1,32,10,48,23,2,83,162,0,162,245
11/14/2015,AVP,PA,AEA,EN,Combined TRACON& Tower with Radar,4,23,0,0,27,0,12,14,0,26,4,35,14,0,53,84,0,84,137
11/15/2015,AVP,PA,AEA,EN,Combined TRACON& Tower with Radar,6,23,10,0,39,0,8,60,0,68,6,31,70,0,107,148,0,148,255
11/16/2015,AVP,PA,AEA,EN,Combined TRACON& Tower with Radar,10,25,21,1,57,0,15,40,22,77,10,40,61,23,134,159,0,159,293
11/17/2015,AVP,PA,AEA,EN,Combined TRACON& Tower with Radar,6,32,19,1,58,0,12,47,3,62,6,44,66,4,120,194,0,194,314
11/18/2015,AVP,PA,AEA,EN,Combined TRACON& Tower with Radar,5,23,12,0,40,0,13,22,0,35,5,36,34,0,75,108,0,108,183
11/19/2015,AVP,PA,AEA,EN,Combined TRACON& Tower with Radar,10,32,5,0,47,0,15,11,0,26,10,47,16,0,73,142,0,142,215
11/20/2015,AVP,PA,AEA,EN,Combined TRACON& Tower with Radar,13,37,28,0,78,0,6,20,0,26,13,43,48,0,104,84,0,84,188
11/21/2015,AVP,PA,AEA,EN,Combined TRACON& Tower with Radar,4,24,6,0,34,0,7,66,0,73,4,31,72,0,107,168,0,168,275
11/22/2015,AVP,PA,AEA,EN,Combined TRACON& Tower with Radar,6,22,5,0,33,0,1,16,0,17,6,23,21,0,50,54,0,54,104
11/23/2015,AVP,PA,AEA,EN,Combined TRACON& Tower with Radar,10,22,4,0,36,0,23,30,0,53,10,45,34,0,89,94,0,94,183
11/24/2015,AVP,PA,AEA,EN,Combined TRACON& Tower with Radar,6,29,10,0,45,0,3,16,2,21,6,32,26,2,66,85,0,85,151
11/25/2015,AVP,PA,AEA,EN,Combined TRACON& Tower with Radar,8,29,11,2,50,0,5,31,2,38,8,34,42,4,88,72,0,72,160
11/26/2015,AVP,PA,AEA,EN,Combined TRACON& Tower with Radar,5,15,3,0,23,0,7,10,0,17,5,22,13,0,40,93,0,93,133
11/27/2015,AVP,PA,AEA,EN,Combined TRACON& Tower with Radar,7,24,7,0,38,0,14,36,0,50,7,38,43,0,88,134,0,134,222
11/28/2015,AVP,PA,AEA,EN,Combined TRACON& Tower with Radar,7,28,11,0,46,0,6,6,0,12,7,34,17,0,58,56,0,56,114
11/29/2015,AVP,PA,AEA,EN,Combined TRACON& Tower with Radar,6,29,12,0,47,0,0,14,0,14,6,29,26,0,61,77,0,77,138
11/30/2015,AVP,PA,AEA,EN,Combined TRACON& Tower with Radar,10,26,13,0,49,0,3,37,0,40,10,29,50,0,89,71,0,71,160
12/01/2015,AVP,PA,AEA,EN,Combined TRACON& Tower with Radar,7,26,8,0,41,0,4,2,0,6,7,30,10,0,47,28,0,28,75
12/02/2015,AVP,PA,AEA,EN,Combined TRACON& Tower with Radar,5,36,10,0,51,0,1,3,0,4,5,37,13,0,55,46,0,46,101
12/03/2015,AVP,PA,AEA,EN,Combined TRACON& Tower with Radar,7,26,2,0,35,0,8,4,0,12,7,34,6,0,47,40,0,40,87
12/04/2015,AVP,PA,AEA,EN,Combined TRACON& Tower with Radar,9,23,11,0,43,0,9,12,0,21,9,32,23,0,64,71,0,71,135
12/05/2015,AVP,PA,AEA,EN,Combined TRACON& Tower with Radar,5,17,3,0,25,0,5,27,0,32,5,22,30,0,57,94,0,94,151
12/06/2015,AVP,PA,AEA,EN,Combined TRACON& Tower with Radar,8,16,12,0,36,0,1,3,0,4,8,17,15,0,40,70,0,70,110
12/07/2015,AVP,PA,AEA,EN,Combined TRACON& Tower with Radar,10,21,13,0,44,0,1,5,0,6,10,22,18,0,50,0,0,0,50
12/08/2015,AVP,PA,AEA,EN,Combined TRACON& Tower with Radar,6,26,16,0,48,0,6,15,2,23,6,32,31,2,71,40,0,40,111
12/09/2015,AVP,PA,AEA,EN,Combined TRACON& Tower with Radar,5,29,13,2,49,0,11,11,2,24,5,40,24,4,73,55,0,55,128
12/10/2015,AVP,PA,AEA,EN,Combined TRACON& Tower with Radar,7,25,19,4,55,0,3,11,9,23,7,28,30,13,78,0,0,0,78
12/11/2015,AVP,PA,AEA,EN,Combined TRACON& Tower with Radar,10,26,8,0,44,0,2,19,0,21,10,28,27,0,65,70,0,70,135
12/12/2015,AVP,PA,AEA,EN,Combined TRACON& Tower with Radar,5,18,3,0,26,0,0,0,0,0,5,18,3,0,26,0,0,0,26
12/13/2015,AVP,PA,AEA,EN,Combined TRACON& Tower with Radar,5,12,9,1,27,0,3,28,3,34,5,15,37,4,61,58,0,58,119
12/14/2015,AVP,PA,AEA,EN,Combined TRACON& Tower with Radar,15,29,4,2,50,0,13,14,0,27,15,42,18,2,77,84,0,84,161
12/15/2015,AVP,PA,AEA,EN,Combined TRACON& Tower with Radar,6,27,6,2,41,0,9,19,0,28,6,36,25,2,69,66,0,66,135
12/16/2015,AVP,PA,AEA,EN,Combined TRACON& Tower with Radar,6,30,35,2,73,0,4,29,2,35,6,34,64,4,108,74,0,74,182
12/17/2015,AVP,PA,AEA,EN,Combined TRACON& Tower with Radar,6,28,5,0,39,0,1,0,0,1,6,29,5,0,40,0,0,0,40
12/18/2015,AVP,PA,AEA,EN,Combined TRACON& Tower with Radar,11,28,4,2,45,0,16,24,0,40,11,44,28,2,85,106,0,106,191
12/19/2015,AVP,PA,AEA,EN,Combined TRACON& Tower with Radar,5,17,9,0,31,0,21,23,0,44,5,38,32,0,75,133,0,133,208
12/20/2015,AVP,PA,AEA,EN,Combined TRACON& Tower with Radar,6,17,20,0,43,0,12,31,0,43,6,29,51,0,86,114,0,114,200
12/21/2015,AVP,PA,AEA,EN,Combined TRACON& Tower with Radar,10,22,18,0,50,0,12,16,0,28,10,34,34,0,78,69,0,69,147
12/22/2015,AVP,PA,AEA,EN,Combined TRACON& Tower with Radar,6,26,11,0,43,0,0,2,2,4,6,26,13,2,47,21,0,21,68
12/23/2015,AVP,PA,AEA,EN,Combined TRACON& Tower with Radar,9,29,4,0,42,0,0,2,0,2,9,29,6,0,44,0,0,0,44
12/24/2015,AVP,PA,AEA,EN,Combined TRACON& Tower with Radar,11,19,5,0,35,0,9,8,0,17,11,28,13,0,52,88,0,88,140
12/25/2015,AVP,PA,AEA,EN,Combined TRACON& Tower with Radar,6,8,5,0,19,0,5,20,0,25,6,13,25,0,44,52,0,52,96
12/26/2015,AVP,PA,AEA,EN,Combined TRACON& Tower with Radar,4,23,5,0,32,0,14,32,0,46,4,37,37,0,78,152,0,152,230
12/27/2015,AVP,PA,AEA,EN,Combined TRACON& Tower with Radar,7,26,19,0,52,0,9,7,0,16,7,35,26,0,68,48,0,48,116
12/28/2015,AVP,PA,AEA,EN,Combined TRACON& Tower with Radar,9,18,9,0,36,0,6,14,0,20,9,24,23,0,56,47,0,47,103
12/29/2015,AVP,PA,AEA,EN,Combined TRACON& Tower with Radar,8,23,9,0,40,0,3,1,0,4,8,26,10,0,44,16,0,16,60
12/30/2015,AVP,PA,AEA,EN,Combined TRACON& Tower with Radar,6,33,16,0,55,0,5,9,0,14,6,38,25,0,69,26,0,26,95
12/31/2015,AVP,PA,AEA,EN,Combined TRACON& Tower with Radar,13,18,8,0,39,0,3,6,0,9,13,21,14,0,48,14,0,14,62
01/01/2016,AVP,PA,AEA,EN,Combined TRACON& Tower with Radar,7,13,5,0,25,0,14,14,0,28,7,27,19,0,53,75,0,75,128
01/02/2016,AVP,PA,AEA,EN,Combined TRACON& Tower with Radar,5,19,25,0,49,0,11,26,0,37,5,30,51,0,86,68,0,68,154
01/03/2016,AVP,PA,AEA,EN,Combined TRACON& Tower with Radar,7,18,7,0,32,0,3,16,0,19,7,21,23,0,51,64,0,64,115
01/04/2016,AVP,PA,AEA,EN,Combined TRACON& Tower with Radar,11,19,6,0,36,0,0,10,0,10,11,19,16,0,46,12,0,12,58
01/05/2016,AVP,PA,AEA,EN,Combined TRACON& Tower with Radar,6,26,7,1,40,0,6,40,7,53,6,32,47,8,93,89,0,89,182
01/06/2016,AVP,PA,AEA,EN,Combined TRACON& Tower with Radar,7,29,8,0,44,0,12,46,0,58,7,41,54,0,102,72,0,72,174
01/07/2016,AVP,PA,AEA,EN,Combined TRACON& Tower with Radar,6,33,8,0,47,0,3,13,3,19,6,36,21,3,66,34,0,34,100
01/08/2016,AVP,PA,AEA,EN,Combined TRACON& Tower with Radar,10,30,12,0,52,0,13,21,0,34,10,43,33,0,86,114,0,114,200
01/09/2016,AVP,PA,AEA,EN,Combined TRACON& Tower with Radar,3,16,8,0,27,0,11,9,0,20,3,27,17,0,47,73,0,73,120
01/10/2016,AVP,PA,AEA,EN,Combined TRACON& Tower with Radar,6,24,13,0,43,0,2,5,0,7,6,26,18,0,50,46,0,46,96
01/11/2016,AVP,PA,AEA,EN,Combined TRACON& Tower with Radar,11,23,15,0,49,0,14,11,0,25,11,37,26,0,74,99,0,99,173
01/12/2016,AVP,PA,AEA,EN,Combined TRACON& Tower with Radar,8,23,9,0,40,0,1,7,0,8,8,24,16,0,48,22,0,22,70
01/13/2016,AVP,PA,AEA,EN,Combined TRACON& Tower with Radar,6,27,25,0,58,0,0,9,0,9,6,27,34,0,67,0,0,0,67
01/14/2016,AVP,PA,AEA,EN,Combined TRACON& Tower with Radar,6,30,4,0,40,0,13,23,0,36,6,43,27,0,76,85,0,85,161
01/15/2016,AVP,PA,AEA,EN,Combined TRACON& Tower with Radar,10,32,18,0,60,0,25,51,0,76,10,57,69,0,136,151,0,151,287
01/16/2016,AVP,PA,AEA,EN,Combined TRACON& Tower with Radar,3,12,11,0,26,0,12,12,0,24,3,24,23,0,50,78,0,78,128
01/17/2016,AVP,PA,AEA,EN,Combined TRACON& Tower with Radar,5,22,14,0,41,0,10,23,0,33,5,32,37,0,74,112,0,112,186
01/18/2016,AVP,PA,AEA,EN,Combined TRACON& Tower with Radar,10,19,5,0,34,0,16,11,0,27,10,35,16,0,61,85,0,85,146
01/19/2016,AVP,PA,AEA,EN,Combined TRACON& Tower with Radar,6,29,3,0,38,0,9,11,10,30,6,38,14,10,68,42,0,42,110
01/20/2016,AVP,PA,AEA,EN,Combined TRACON& Tower with Radar,5,24,8,0,37,0,3,21,4,28,5,27,29,4,65,44,0,44,109
01/21/2016,AVP,PA,AEA,EN,Combined TRACON& Tower with Radar,6,28,8,1,43,0,21,27,2,50,6,49,35,3,93,166,0,166,259
01/22/2016,AVP,PA,AEA,EN,Combined TRACON& Tower with Radar,6,23,9,0,38,0,20,37,0,57,6,43,46,0,95,159,0,159,254
01/23/2016,AVP,PA,AEA,EN,Combined TRACON& Tower with Radar,4,6,1,0,11,0,2,0,0,2,4,8,1,0,13,0,0,0,13
01/24/2016,AVP,PA,AEA,EN,Combined TRACON& Tower with Radar,2,11,7,0,20,0,7,20,0,27,2,18,27,0,47,18,0,18,65
01/25/2016,AVP,PA,AEA,EN,Combined TRACON& Tower with Radar,11,18,12,1,42,0,19,39,1,59,11,37,51,2,101,138,0,138,239
01/26/2016,AVP,PA,AEA,EN,Combined TRACON& Tower with Radar,6,29,6,0,41,0,7,9,0,16,6,36,15,0,57,76,0,76,133
01/27/2016,AVP,PA,AEA,EN,Combined TRACON& Tower with Radar,6,25,19,0,50,0,12,24,0,36,6,37,43,0,86,112,0,112,198
01/28/2016,AVP,PA,AEA,EN,Combined TRACON& Tower with Radar,6,26,9,1,42,0,15,43,1,59,6,41,52,2,101,147,0,147,248
01/29/2016,AVP,PA,AEA,EN,Combined TRACON& Tower with Radar,9,27,4,0,40,0,22,22,0,44,9,49,26,0,84,128,0,128,212
01/30/2016,AVP,PA,AEA,EN,Combined TRACON& Tower with Radar,3,15,19,0,37,0,13,49,0,62,3,28,68,0,99,159,0,159,258
01/31/2016,AVP,PA,AEA,EN,Combined TRACON& Tower with Radar,5,22,9,0,36,0,21,59,0,80,5,43,68,0,116,157,0,157,273
02/01/2016,AVP,PA,AEA,EN,Combined TRACON& Tower with Radar,10,21,10,0,41,0,9,7,0,16,10,30,17,0,57,130,0,130,187
02/02/2016,AVP,PA,AEA,EN,Combined TRACON& Tower with Radar,6,28,11,1,46,0,12,27,1,40,6,40,38,2,86,87,0,87,173
02/03/2016,AVP,PA,AEA,EN,Combined TRACON& Tower with Radar,6,27,4,0,37,0,11,10,0,21,6,38,14,0,58,79,0,79,137
02/04/2016,AVP,PA,AEA,EN,Combined TRACON& Tower with Radar,5,39,18,0,62,0,14,33,0,47,5,53,51,0,109,103,0,103,212
02/05/2016,AVP,PA,AEA,EN,Combined TRACON& Tower with Radar,11,36,9,0,56,0,8,14,0,22,11,44,23,0,78,94,0,94,172
02/06/2016,AVP,PA,AEA,EN,Combined TRACON& Tower with Radar,3,15,25,0,43,0,10,46,1,57,3,25,71,1,100,89,0,89,189
02/07/2016,AVP,PA,AEA,EN,Combined TRACON& Tower with Radar,5,18,22,0,45,0,12,40,0,52,5,30,62,0,97,159,0,159,256
02/08/2016,AVP,PA,AEA,EN,Combined TRACON& Tower with Radar,9,21,9,0,39,0,16,25,0,41,9,37,34,0,80,126,0,126,206
02/09/2016,AVP,PA,AEA,EN,Combined TRACON& Tower with Radar,7,27,7,0,41,0,4,2,0,6,7,31,9,0,47,26,0,26,73
02/10/2016,AVP,PA,AEA,EN,Combined TRACON& Tower with Radar,6,35,13,0,54,0,7,8,0,15,6,42,21,0,69,87,0,87,156
02/11/2016,AVP,PA,AEA,EN,Combined TRACON& Tower with Radar,5,27,14,2,48,0,16,25,0,41,5,43,39,2,89,124,0,124,213
02/12/2016,AVP,PA,AEA,EN,Combined TRACON& Tower with Radar,8,34,7,0,49,0,14,29,0,43,8,48,36,0,92,85,0,85,177
02/13/2016,AVP,PA,AEA,EN,Combined TRACON& Tower with Radar,5,20,2,0,27,0,16,17,0,33,5,36,19,0,60,86,0,86,146
02/14/2016,AVP,PA,AEA,EN,Combined TRACON& Tower with Radar,5,17,6,0,28,0,9,39,0,48,5,26,45,0,76,50,0,50,126
02/15/2016,AVP,PA,AEA,EN,Combined TRACON& Tower with Radar,5,21,8,0,34,0,8,8,0,16,5,29,16,0,50,31,0,31,81
02/16/2016,AVP,PA,AEA,EN,Combined TRACON& Tower with Radar,4,25,3,0,32,0,0,0,0,0,4,25,3,0,32,0,0,0,32
02/17/2016,AVP,PA,AEA,EN,Combined TRACON& Tower with Radar,6,28,5,0,39,0,12,26,0,38,6,40,31,0,77,116,0,116,193
02/18/2016,AVP,PA,AEA,EN,Combined TRACON& Tower with Radar,8,31,8,0,47,0,17,56,2,75,8,48,64,2,122,118,0,118,240
02/19/2016,AVP,PA,AEA,EN,Combined TRACON& Tower with Radar,7,29,14,0,50,0,11,41,2,54,7,40,55,2,104,119,0,119,223
02/20/2016,AVP,PA,AEA,EN,Combined TRACON& Tower with Radar,6,18,20,0,44,0,9,57,0,66,6,27,77,0,110,105,0,105,215
02/21/2016,AVP,PA,AEA,EN,Combined TRACON& Tower with Radar,7,21,18,0,46,0,7,38,0,45,7,28,56,0,91,92,0,92,183
02/22/2016,AVP,PA,AEA,EN,Combined TRACON& Tower with Radar,8,28,6,0,42,0,11,35,0,46,8,39,41,0,88,124,0,124,212
02/23/2016,AVP,PA,AEA,EN,Combined TRACON& Tower with Radar,6,29,5,0,40,0,10,17,0,27,6,39,22,0,67,93,0,93,160
02/24/2016,AVP,PA,AEA,EN,Combined TRACON& Tower with Radar,6,32,7,0,45,0,9,8,0,17,6,41,15,0,62,28,0,28,90
02/25/2016,AVP,PA,AEA,EN,Combined TRACON& Tower with Radar,9,30,7,1,47,0,6,8,2,16,9,36,15,3,63,27,0,27,90
02/26/2016,AVP,PA,AEA,EN,Combined TRACON& Tower with Radar,8,35,9,0,52,0,5,11,5,21,8,40,20,5,73,19,0,19,92
02/27/2016,AVP,PA,AEA,EN,Combined TRACON& Tower with Radar,4,20,22,0,46,0,2,14,0,16,4,22,36,0,62,42,0,42,104
02/28/2016,AVP,PA,AEA,EN,Combined TRACON& Tower with Radar,8,23,12,0,43,0,15,36,0,51,8,38,48,0,94,114,0,114,208
02/29/2016,AVP,PA,AEA,EN,Combined TRACON& Tower with Radar,8,26,8,0,42,0,5,17,0,22,8,31,25,0,64,19,0,19,83
03/01/2016,AVP,PA,AEA,EN,Combined TRACON& Tower with Radar,5,29,10,0,44,0,16,28,0,44,5,45,38,0,88,81,0,81,169
03/02/2016,AVP,PA,AEA,EN,Combined TRACON& Tower with Radar,7,31,6,0,44,0,6,4,0,10,7,37,10,0,54,24,0,24,78
03/03/2016,AVP,PA,AEA,EN,Combined TRACON& Tower with Radar,7,30,25,3,65,0,17,37,0,54,7,47,62,3,119,149,0,149,268
03/04/2016,AVP,PA,AEA,EN,Combined TRACON& Tower with Radar,9,24,4,0,37,0,17,14,0,31,9,41,18,0,68,107,0,107,175
03/05/2016,AVP,PA,AEA,EN,Combined TRACON& Tower with Radar,5,17,20,0,42,0,5,39,0,44,5,22,59,0,86,96,0,96,182
03/06/2016,AVP,PA,AEA,EN,Combined TRACON& Tower with Radar,9,18,19,0,46,0,8,40,1,49,9,26,59,1,95,92,0,92,187
03/07/2016,AVP,PA,AEA,EN,Combined TRACON& Tower with Radar,7,23,10,6,46,0,15,16,7,38,7,38,26,13,84,53,0,53,137
03/08/2016,AVP,PA,AEA,EN,Combined TRACON& Tower with Radar,7,27,15,1,50,0,14,50,1,65,7,41,65,2,115,93,0,93,208
03/09/2016,AVP,PA,AEA,EN,Combined TRACON& Tower with Radar,6,25,23,0,54,0,21,32,0,53,6,46,55,0,107,34,0,34,141
03/10/2016,AVP,PA,AEA,EN,Combined TRACON& Tower with Radar,8,23,12,0,43,0,12,23,6,41,8,35,35,6,84,62,0,62,146
03/11/2016,AVP,PA,AEA,EN,Combined TRACON& Tower with Radar,7,23,14,0,44,0,10,12,10,32,7,33,26,10,76,44,0,44,120
03/12/2016,AVP,PA,AEA,EN,Combined TRACON& Tower with Radar,7,18,19,0,44,0,8,19,0,27,7,26,38,0,71,29,0,29,100
03/13/2016,AVP,PA,AEA,EN,Combined TRACON& Tower with Radar,8,19,14,0,41,0,9,21,0,30,8,28,35,0,71,58,0,58,129
03/14/2016,AVP,PA,AEA,EN,Combined TRACON& Tower with Radar,7,25,11,0,43,0,13,5,0,18,7,38,16,0,61,54,0,54,115
03/15/2016,AVP,PA,AEA,EN,Combined TRACON& Tower with Radar,7,36,11,0,54,0,0,0,3,3,7,36,11,3,57,0,0,0,57
03/16/2016,AVP,PA,AEA,EN,Combined TRACON& Tower with Radar,6,27,16,2,51,0,4,8,1,13,6,31,24,3,64,2,0,2,66
03/17/2016,AVP,PA,AEA,EN,Combined TRACON& Tower with Radar,8,34,13,4,59,0,6,7,0,13,8,40,20,4,72,0,0,0,72
03/18/2016,AVP,PA,AEA,EN,Combined TRACON& Tower with Radar,8,36,13,0,57,0,3,7,0,10,8,39,20,0,67,0,0,0,67
03/19/2016,AVP,PA,AEA,EN,Combined TRACON& Tower with Radar,5,14,15,0,34,0,0,30,0,30,5,14,45,0,64,5,0,5,69
03/20/2016,AVP,PA,AEA,EN,Combined TRACON& Tower with Radar,8,18,6,0,32,0,1,19,0,20,8,19,25,0,52,22,0,22,74
03/21/2016,AVP,PA,AEA,EN,Combined TRACON& Tower with Radar,9,23,7,0,39,0,2,4,0,6,9,25,11,0,45,12,0,12,57
03/22/2016,AVP,PA,AEA,EN,Combined TRACON& Tower with Radar,6,28,9,1,44,0,5,18,3,26,6,33,27,4,70,8,0,8,78
03/23/2016,AVP,PA,AEA,EN,Combined TRACON& Tower with Radar,6,30,7,0,43,0,6,13,1,20,6,36,20,1,63,13,0,13,76
03/24/2016,AVP,PA,AEA,EN,Combined TRACON& Tower with Radar,7,29,22,1,59,0,1,12,0,13,7,30,34,1,72,8,0,8,80
03/25/2016,AVP,PA,AEA,EN,Combined TRACON& Tower with Radar,9,26,5,0,40,0,2,2,0,4,9,28,7,0,44,0,0,0,44
03/26/2016,AVP,PA,AEA,EN,Combined TRACON& Tower with Radar,6,16,19,0,41,0,3,32,0,35,6,19,51,0,76,38,0,38,114
03/27/2016,AVP,PA,AEA,EN,Combined TRACON& Tower with Radar,6,15,11,0,32,0,2,5,0,7,6,17,16,0,39,0,0,0,39
03/28/2016,AVP,PA,AEA,EN,Combined TRACON& Tower with Radar,8,21,7,1,37,0,0,0,0,0,8,21,7,1,37,0,0,0,37
03/29/2016,AVP,PA,AEA,EN,Combined TRACON& Tower with Radar,7,30,8,0,45,0,8,1,2,11,7,38,9,2,56,0,0,0,56
03/30/2016,AVP,PA,AEA,EN,Combined TRACON& Tower with Radar,6,31,24,0,61,0,6,20,0,26,6,37,44,0,87,6,0,6,93
03/31/2016,AVP,PA,AEA,EN,Combined TRACON& Tower with Radar,8,27,3,0,38,0,2,19,1,22,8,29,22,1,60,2,0,2,62
04/01/2016,AVP,PA,AEA,EN,Combined TRACON& Tower with Radar,8,29,1,0,38,0,1,7,0,8,8,30,8,0,46,14,0,14,60
04/02/2016,AVP,PA,AEA,EN,Combined TRACON& Tower with Radar,4,17,6,0,27,0,7,13,0,20,4,24,19,0,47,11,0,11,58
04/03/2016,AVP,PA,AEA,EN,Combined TRACON& Tower with Radar,8,16,6,0,30,0,0,3,0,3,8,16,9,0,33,0,0,0,33
04/04/2016,AVP,PA,AEA,EN,Combined TRACON& Tower with Radar,7,29,10,0,46,0,4,0,0,4,7,33,10,0,50,0,0,0,50
04/05/2016,AVP,PA,AEA,EN,Combined TRACON& Tower with Radar,7,38,11,5,61,0,0,18,1,19,7,38,29,6,80,0,0,0,80
04/06/2016,AVP,PA,AEA,EN,Combined TRACON& Tower with Radar,6,30,15,1,52,0,2,19,4,25,6,32,34,5,77,4,0,4,81
04/07/2016,AVP,PA,AEA,EN,Combined TRACON& Tower with Radar,7,31,10,2,50,0,0,2,0,2,7,31,12,2,52,0,0,0,52
04/08/2016,AVP,PA,AEA,EN,Combined TRACON& Tower with Radar,9,27,15,0,51,0,1,4,0,5,9,28,19,0,56,1,0,1,57
04/09/2016,AVP,PA,AEA,EN,Combined TRACON& Tower with Radar,4,20,5,0,29,0,2,2,0,4,4,22,7,0,33,0,0,0,33
04/10/2016,AVP,PA,AEA,EN,Combined TRACON& Tower with Radar,8,26,14,0,48,0,4,29,0,33,8,30,43,0,81,10,0,10,91
04/11/2016,AVP,PA,AEA,EN,Combined TRACON& Tower with Radar,10,26,3,0,39,0,4,4,0,8,10,30,7,0,47,0,0,0,47
04/12/2016,AVP,PA,AEA,EN,Combined TRACON& Tower with Radar,6,35,7,3,51,0,6,10,1,17,6,41,17,4,68,16,0,16,84
04/13/2016,AVP,PA,AEA,EN,Combined TRACON& Tower with Radar,6,33,8,0,47,0,9,49,2,60,6,42,57,2,107,74,0,74,181
04/14/2016,AVP,PA,AEA,EN,Combined TRACON& Tower with Radar,8,32,17,0,57,0,4,35,5,44,8,36,52,5,101,41,0,41,142
04/15/2016,AVP,PA,AEA,EN,Combined TRACON& Tower with Radar,5,33,12,2,52,0,3,34,2,39,5,36,46,4,91,4,0,4,95
04/16/2016,AVP,PA,AEA,EN,Combined TRACON& Tower with Radar,7,20,12,0,39,0,0,41,0,41,7,20,53,0,80,15,0,15,95
04/17/2016,AVP,PA,AEA,EN,Combined TRACON& Tower with Radar,8,20,18,0,46,0,0,32,0,32,8,20,50,0,78,44,0,44,122
04/18/2016,AVP,PA,AEA,EN,Combined TRACON& Tower with Radar,8,27,8,0,43,0,24,23,0,47,8,51,31,0,90,56,0,56,146
04/19/2016,AVP,PA,AEA,EN,Combined TRACON& Tower with Radar,6,29,3,0,38,0,10,13,0,23,6,39,16,0,61,46,0,46,107
04/20/2016,AVP,PA,AEA,EN,Combined TRACON& Tower with Radar,6,34,22,0,62,0,6,37,0,43,6,40,59,0,105,26,0,26,131
04/21/2016,AVP,PA,AEA,EN,Combined TRACON& Tower with Radar,10,39,19,0,68,0,2,19,0,21,10,41,38,0,89,22,0,22,111
04/22/2016,AVP,PA,AEA,EN,Combined TRACON& Tower with Radar,8,34,12,3,57,0,2,9,5,16,8,36,21,8,73,10,0,10,83
04/23/2016,AVP,PA,AEA,EN,Combined TRACON& Tower with Radar,5,26,14,0,45,0,5,12,0,17,5,31,26,0,62,0,0,0,62
04/24/2016,AVP,PA,AEA,EN,Combined TRACON& Tower with Radar,8,22,13,0,43,0,2,45,0,47,8,24,58,0,90,26,0,26,116
04/25/2016,AVP,PA,AEA,EN,Combined TRACON& Tower with Radar,8,26,18,0,52,0,12,21,0,33,8,38,39,0,85,46,0,46,131
04/26/2016,AVP,PA,AEA,EN,Combined TRACON& Tower with Radar,6,32,12,0,50,0,6,2,1,9,6,38,14,1,59,0,0,0,59
04/27/2016,AVP,PA,AEA,EN,Combined TRACON& Tower with Radar,6,32,11,0,49,0,2,18,0,20,6,34,29,0,69,55,0,55,124
04/28/2016,AVP,PA,AEA,EN,Combined TRACON& Tower with Radar,7,36,5,0,48,0,2,4,0,6,7,38,9,0,54,0,0,0,54
04/29/2016,AVP,PA,AEA,EN,Combined TRACON& Tower with Radar,11,36,4,6,57,0,10,2,0,12,11,46,6,6,69,10,0,10,79
04/30/2016,AVP,PA,AEA,EN,Combined TRACON& Tower with Radar,4,25,9,0,38,0,0,9,0,9,4,25,18,0,47,8,0,8,55
05/01/2016,AVP,PA,AEA,EN,Combined TRACON& Tower with Radar,8,21,9,0,38,0,0,0,0,0,8,21,9,0,38,0,0,0,38
05/02/2016,AVP,PA,AEA,EN,Combined TRACON& Tower with Radar,11,26,5,1,43,0,0,1,2,3,11,26,6,3,46,16,0,16,62
05/03/2016,AVP,PA,AEA,EN,Combined TRACON& Tower with Radar,7,36,9,0,52,0,0,0,0,0,7,36,9,0,52,2,0,2,54
05/04/2016,AVP,PA,AEA,EN,Combined TRACON& Tower with Radar,6,28,19,0,53,0,0,0,0,0,6,28,19,0,53,0,0,0,53
05/05/2016,AVP,PA,AEA,EN,Combined TRACON& Tower with Radar,8,27,10,0,45,0,2,11,0,13,8,29,21,0,58,12,0,12,70
05/06/2016,AVP,PA,AEA,EN,Combined TRACON& Tower with Radar,7,26,15,0,48,0,1,0,0,1,7,27,15,0,49,1,0,1,50
05/07/2016,AVP,PA,AEA,EN,Combined TRACON& Tower with Radar,7,16,12,0,35,0,2,5,0,7,7,18,17,0,42,1,0,1,43
05/08/2016,AVP,PA,AEA,EN,Combined TRACON& Tower with Radar,7,18,8,0,33,0,2,8,0,10,7,20,16,0,43,0,0,0,43
05/09/2016,AVP,PA,AEA,EN,Combined TRACON& Tower with Radar,9,25,17,0,51,0,12,34,1,47,9,37,51,1,98,122,0,122,220
05/10/2016,AVP,PA,AEA,EN,Combined TRACON& Tower with Radar,6,34,22,4,66,0,3,16,1,20,6,37,38,5,86,4,0,4,90
05/11/2016,AVP,PA,AEA,EN,Combined TRACON& Tower with Radar,6,34,19,0,59,0,6,42,0,48,6,40,61,0,107,47,0,47,154
05/12/2016,AVP,PA,AEA,EN,Combined TRACON& Tower with Radar,7,31,17,2,57,0,7,11,2,20,7,38,28,4,77,4,0,4,81
05/13/2016,AVP,PA,AEA,EN,Combined TRACON& Tower with Radar,9,31,10,2,52,0,3,5,0,8,9,34,15,2,60,0,0,0,60
05/14/2016,AVP,PA,AEA,EN,Combined TRACON& Tower with Radar,4,21,8,0,33,0,3,6,0,9,4,24,14,0,42,0,0,0,42
05/15/2016,AVP,PA,AEA,EN,Combined TRACON& Tower with Radar,7,18,5,0,30,0,12,16,0,28,7,30,21,0,58,101,0,101,159
05/16/2016,AVP,PA,AEA,EN,Combined TRACON& Tower with Radar,9,25,9,0,43,0,4,13,0,17,9,29,22,0,60,2,0,2,62
05/17/2016,AVP,PA,AEA,EN,Combined TRACON& Tower with Radar,6,39,18,0,63,0,16,25,0,41,6,55,43,0,104,120,0,120,224
05/18/2016,AVP,PA,AEA,EN,Combined TRACON& Tower with Radar,6,27,13,0,46,0,14,23,0,37,6,41,36,0,83,122,0,122,205
05/19/2016,AVP,PA,AEA,EN,Combined TRACON& Tower with Radar,8,39,23,1,71,0,10,37,27,74,8,49,60,28,145,27,0,27,172
05/20/2016,AVP,PA,AEA,EN,Combined TRACON& Tower with Radar,8,30,20,4,62,0,2,45,0,47,8,32,65,4,109,30,0,30,139
05/21/2016,AVP,PA,AEA,EN,Combined TRACON& Tower with Radar,3,20,8,0,31,0,2,4,0,6,3,22,12,0,37,4,0,4,41
05/22/2016,AVP,PA,AEA,EN,Combined TRACON& Tower with Radar,8,22,8,0,38,0,4,6,0,10,8,26,14,0,48,54,0,54,102
05/23/2016,AVP,PA,AEA,EN,Combined TRACON& Tower with Radar,8,30,29,0,67,0,18,30,0,48,8,48,59,0,115,125,0,125,240
05/24/2016,AVP,PA,AEA,EN,Combined TRACON& Tower with Radar,6,34,17,0,57,0,12,36,2,50,6,46,53,2,107,192,0,192,299
05/25/2016,AVP,PA,AEA,EN,Combined TRACON& Tower with Radar,6,33,30,0,69,0,8,33,0,41,6,41,63,0,110,123,0,123,233
05/26/2016,AVP,PA,AEA,EN,Combined TRACON& Tower with Radar,9,29,11,2,51,0,15,32,5,52,9,44,43,7,103,104,0,104,207
05/27/2016,AVP,PA,AEA,EN,Combined TRACON& Tower with Radar,11,28,23,0,62,0,13,43,0,56,11,41,66,0,118,167,0,167,285
05/28/2016,AVP,PA,AEA,EN,Combined TRACON& Tower with Radar,5,26,9,0,40,0,11,46,0,57,5,37,55,0,97,117,0,117,214
05/29/2016,AVP,PA,AEA,EN,Combined TRACON& Tower with Radar,9,18,27,0,54,0,11,28,0,39,9,29,55,0,93,141,0,141,234
05/30/2016,AVP,PA,AEA,EN,Combined TRACON& Tower with Radar,8,23,7,0,38,0,11,18,0,29,8,34,25,0,67,136,0,136,203
05/31/2016,AVP,PA,AEA,EN,Combined TRACON& Tower with Radar,5,30,13,0,48,0,4,31,0,35,5,34,44,0,83,131,0,131,214
06/01/2016,AVP,PA,AEA,EN,Combined TRACON& Tower with Radar,7,30,17,0,54,0,12,34,2,48,7,42,51,2,102,168,0,168,270
06/02/2016,AVP,PA,AEA,EN,Combined TRACON& Tower with Radar,11,38,43,2,94,0,2,23,0,25,11,40,66,2,119,2,0,2,121
06/03/2016,AVP,PA,AEA,EN,Combined TRACON& Tower with Radar,9,29,24,0,62,0,0,6,0,6,9,29,30,0,68,45,0,45,113
06/04/2016,AVP,PA,AEA,EN,Combined TRACON& Tower with Radar,9,20,27,3,59,0,2,15,1,18,9,22,42,4,77,19,0,19,96
06/05/2016,AVP,PA,AEA,EN,Combined TRACON& Tower with Radar,9,22,29,0,60,0,3,2,0,5,9,25,31,0,65,0,0,0,65
06/06/2016,AVP,PA,AEA,EN,Combined TRACON& Tower with Radar,12,28,41,0,81,0,2,12,0,14,12,30,53,0,95,2,0,2,97
06/07/2016,AVP,PA,AEA,EN,Combined TRACON& Tower with Radar,8,37,21,0,66,0,16,16,0,32,8,53,37,0,98,89,0,89,187
06/08/2016,AVP,PA,AEA,EN,Combined TRACON& Tower with Radar,6,38,13,0,57,0,5,3,0,8,6,43,16,0,65,10,0,10,75
06/09/2016,AVP,PA,AEA,EN,Combined TRACON& Tower with Radar,8,37,27,2,74,0,6,16,2,24,8,43,43,4,98,15,0,15,113
06/10/2016,AVP,PA,AEA,EN,Combined TRACON& Tower with Radar,8,33,23,2,66,0,14,41,0,55,8,47,64,2,121,139,0,139,260
06/11/2016,AVP,PA,AEA,EN,Combined TRACON& Tower with Radar,4,23,23,0,50,0,6,25,0,31,4,29,48,0,81,38,0,38,119
06/12/2016,AVP,PA,AEA,EN,Combined TRACON& Tower with Radar,8,22,10,0,40,0,7,31,0,38,8,29,41,0,78,123,0,123,201
06/13/2016,AVP,PA,AEA,EN,Combined TRACON& Tower with Radar,8,28,8,0,44,0,19,24,0,43,8,47,32,0,87,133,0,133,220
06/14/2016,AVP,PA,AEA,EN,Combined TRACON& Tower with Radar,4,31,21,0,56,0,13,45,0,58,4,44,66,0,114,41,0,41,155
06/15/2016,AVP,PA,AEA,EN,Combined TRACON& Tower with Radar,6,36,25,0,67,0,11,45,0,56,6,47,70,0,123,61,0,61,184
06/16/2016,AVP,PA,AEA,EN,Combined TRACON& Tower with Radar,9,30,17,0,56,0,9,17,0,26,9,39,34,0,82,35,0,35,117
06/17/2016,AVP,PA,AEA,EN,Combined TRACON& Tower with Radar,7,32,14,0,53,0,14,44,0,58,7,46,58,0,111,86,0,86,197
06/18/2016,AVP,PA,AEA,EN,Combined TRACON& Tower with Radar,5,27,11,0,43,0,6,31,0,37,5,33,42,0,80,38,0,38,118
06/19/2016,AVP,PA,AEA,EN,Combined TRACON& Tower with Radar,9,20,12,0,41,0,10,42,0,52,9,30,54,0,93,155,0,155,248
06/20/2016,AVP,PA,AEA,EN,Combined TRACON& Tower with Radar,7,27,16,0,50,0,2,33,1,36,7,29,49,1,86,0,0,0,86
06/21/2016,AVP,PA,AEA,EN,Combined TRACON& Tower with Radar,6,29,19,0,54,0,2,32,0,34,6,31,51,0,88,42,0,42,130
06/22/2016,AVP,PA,AEA,EN,Combined TRACON& Tower with Radar,7,35,30,2,74,0,7,46,0,53,7,42,76,2,127,46,0,46,173
06/23/2016,AVP,PA,AEA,EN,Combined TRACON& Tower with Radar,6,29,13,2,50,0,1,17,0,18,6,30,30,2,68,0,0,0,68
06/24/2016,AVP,PA,AEA,EN,Combined TRACON& Tower with Radar,9,32,17,0,58,0,7,47,0,54,9,39,64,0,112,50,0,50,162
06/25/2016,AVP,PA,AEA,EN,Combined TRACON& Tower with Radar,6,22,18,2,48,0,6,34,0,40,6,28,52,2,88,57,0,57,145
06/26/2016,AVP,PA,AEA,EN,Combined TRACON& Tower with Radar,8,20,11,0,39,0,1,40,2,43,8,21,51,2,82,38,0,38,120
06/27/2016,AVP,PA,AEA,EN,Combined TRACON& Tower with Radar,8,31,14,0,53,0,5,6,0,11,8,36,20,0,64,26,0,26,90
06/28/2016,AVP,PA,AEA,EN,Combined TRACON& Tower with Radar,7,26,18,0,51,0,0,2,0,2,7,26,20,0,53,0,0,0,53
06/29/2016,AVP,PA,AEA,EN,Combined TRACON& Tower with Radar,5,34,19,2,60,0,2,20,0,22,5,36,39,2,82,40,0,40,122
06/30/2016,AVP,PA,AEA,EN,Combined TRACON& Tower with Radar,10,33,23,2,68,0,3,50,0,53,10,36,73,2,121,76,0,76,197
07/01/2016,AVP,PA,AEA,EN,Combined TRACON& Tower with Radar,11,31,20,0,62,0,3,23,0,26,11,34,43,0,88,49,0,49,137
07/02/2016,AVP,PA,AEA,EN,Combined TRACON& Tower with Radar,6,26,16,0,48,0,9,44,0,53,6,35,60,0,101,56,0,56,157
07/03/2016,AVP,PA,AEA,EN,Combined TRACON& Tower with Radar,8,16,13,0,37,0,4,26,0,30,8,20,39,0,67,0,0,0,67
07/04/2016,AVP,PA,AEA,EN,Combined TRACON& Tower with Radar,8,17,14,0,39,0,11,25,0,36,8,28,39,0,75,176,0,176,251
07/05/2016,AVP,PA,AEA,EN,Combined TRACON& Tower with Radar,4,35,18,0,57,0,3,15,0,18,4,38,33,0,75,26,0,26,101
07/06/2016,AVP,PA,AEA,EN,Combined TRACON& Tower with Radar,6,27,24,0,57,0,9,46,0,55,6,36,70,0,112,55,0,55,167
07/07/2016,AVP,PA,AEA,EN,Combined TRACON& Tower with Radar,10,28,5,1,44,0,5,27,0,32,10,33,32,1,76,37,0,37,113
07/08/2016,AVP,PA,AEA,EN,Combined TRACON& Tower with Radar,9,24,19,1,53,0,3,17,0,20,9,27,36,1,73,69,0,69,142
07/09/2016,AVP,PA,AEA,EN,Combined TRACON& Tower with Radar,7,25,31,1,64,0,10,9,1,20,7,35,40,2,84,123,0,123,207
07/10/2016,AVP,PA,AEA,EN,Combined TRACON& Tower with Radar,5,19,25,3,52,0,11,17,0,28,5,30,42,3,80,113,0,113,193
07/11/2016,AVP,PA,AEA,EN,Combined TRACON& Tower with Radar,9,28,33,0,70,0,14,48,0,62,9,42,81,0,132,128,0,128,260
07/12/2016,AVP,PA,AEA,EN,Combined TRACON& Tower with Radar,7,30,12,0,49,0,3,22,0,25,7,33,34,0,74,3,0,3,77
07/13/2016,AVP,PA,AEA,EN,Combined TRACON& Tower with Radar,6,25,23,0,54,0,2,25,0,27,6,27,48,0,81,15,0,15,96
07/14/2016,AVP,PA,AEA,EN,Combined TRACON& Tower with Radar,9,30,25,0,64,0,4,20,0,24,9,34,45,0,88,68,0,68,156
07/15/2016,AVP,PA,AEA,EN,Combined TRACON& Tower with Radar,7,30,17,0,54,0,5,33,0,38,7,35,50,0,92,73,0,73,165
07/16/2016,AVP,PA,AEA,EN,Combined TRACON& Tower with Radar,5,20,12,0,37,0,3,29,0,32,5,23,41,0,69,44,0,44,113
07/17/2016,AVP,PA,AEA,EN,Combined TRACON& Tower with Radar,10,30,18,0,58,0,12,19,0,31,10,42,37,0,89,138,0,138,227
07/18/2016,AVP,PA,AEA,EN,Combined TRACON& Tower with Radar,8,24,9,0,41,0,1,13,4,18,8,25,22,4,59,0,0,0,59
07/19/2016,AVP,PA,AEA,EN,Combined TRACON& Tower with Radar,4,33,14,0,51,0,11,31,0,42,4,44,45,0,93,137,0,137,230
07/20/2016,AVP,PA,AEA,EN,Combined TRACON& Tower with Radar,8,30,30,4,72,0,12,51,0,63,8,42,81,4,135,168,0,168,303
07/21/2016,AVP,PA,AEA,EN,Combined TRACON& Tower with Radar,5,28,15,6,54,1,13,32,0,46,6,41,47,6,100,104,0,104,204
07/22/2016,AVP,PA,AEA,EN,Combined TRACON& Tower with Radar,9,31,18,0,58,0,6,26,2,34,9,37,44,2,92,10,0,10,102
07/23/2016,AVP,PA,AEA,EN,Combined TRACON& Tower with Radar,5,29,22,0,56,0,3,44,0,47,5,32,66,0,103,122,0,122,225
07/24/2016,AVP,PA,AEA,EN,Combined TRACON& Tower with Radar,7,21,19,0,47,0,9,34,0,43,7,30,53,0,90,10,0,10,100
07/25/2016,AVP,PA,AEA,EN,Combined TRACON& Tower with Radar,7,28,9,0,44,0,9,16,0,25,7,37,25,0,69,55,0,55,124
07/26/2016,AVP,PA,AEA,EN,Combined TRACON& Tower with Radar,6,30,46,2,84,0,11,26,2,39,6,41,72,4,123,156,0,156,279
07/27/2016,AVP,PA,AEA,EN,Combined TRACON& Tower with Radar,9,36,45,4,94,0,13,36,16,65,9,49,81,20,159,87,0,87,246
07/28/2016,AVP,PA,AEA,EN,Combined TRACON& Tower with Radar,10,26,47,0,83,0,10,32,0,42,10,36,79,0,125,72,0,72,197
07/29/2016,AVP,PA,AEA,EN,Combined TRACON& Tower with Radar,12,35,29,0,76,0,4,18,0,22,12,39,47,0,98,24,0,24,122
07/30/2016,AVP,PA,AEA,EN,Combined TRACON& Tower with Radar,6,23,23,1,53,0,0,17,1,18,6,23,40,2,71,34,0,34,105
07/31/2016,AVP,PA,AEA,EN,Combined TRACON& Tower with Radar,10,27,32,0,69,0,6,6,1,13,10,33,38,1,82,77,0,77,159
08/01/2016,AVP,PA,AEA,EN,Combined TRACON& Tower with Radar,13,34,48,0,95,0,10,11,0,21,13,44,59,0,116,43,0,43,159
08/02/2016,AVP,PA,AEA,EN,Combined TRACON& Tower with Radar,9,29,7,2,47,0,15,7,2,24,9,44,14,4,71,113,0,113,184
08/03/2016,AVP,PA,AEA,EN,Combined TRACON& Tower with Radar,12,32,23,2,69,0,8,19,0,27,12,40,42,2,96,72,0,72,168
08/04/2016,AVP,PA,AEA,EN,Combined TRACON& Tower with Radar,8,33,31,0,72,0,3,41,0,44,8,36,72,0,116,113,0,113,229
08/05/2016,AVP,PA,AEA,EN,Combined TRACON& Tower with Radar,9,34,27,2,72,0,12,30,0,42,9,46,57,2,114,70,0,70,184
08/06/2016,AVP,PA,AEA,EN,Combined TRACON& Tower with Radar,5,22,18,0,45,0,14,15,0,29,5,36,33,0,74,70,0,70,144
08/07/2016,AVP,PA,AEA,EN,Combined TRACON& Tower with Radar,8,19,16,0,43,0,19,37,0,56,8,38,53,0,99,50,0,50,149
08/08/2016,AVP,PA,AEA,EN,Combined TRACON& Tower with Radar,7,25,19,0,51,0,2,52,0,54,7,27,71,0,105,83,0,83,188
08/09/2016,AVP,PA,AEA,EN,Combined TRACON& Tower with Radar,8,29,25,0,62,0,8,41,2,51,8,37,66,2,113,49,0,49,162
08/10/2016,AVP,PA,AEA,EN,Combined TRACON& Tower with Radar,9,30,16,0,55,0,8,10,0,18,9,38,26,0,73,45,0,45,118
08/11/2016,AVP,PA,AEA,EN,Combined TRACON& Tower with Radar,8,29,12,0,49,0,7,12,0,19,8,36,24,0,68,29,0,29,97
08/12/2016,AVP,PA,AEA,EN,Combined TRACON& Tower with Radar,7,29,14,0,50,0,3,12,0,15,7,32,26,0,65,54,0,54,119
08/13/2016,AVP,PA,AEA,EN,Combined TRACON& Tower with Radar,5,17,14,2,38,0,0,22,0,22,5,17,36,2,60,14,0,14,74
08/14/2016,AVP,PA,AEA,EN,Combined TRACON& Tower with Radar,8,17,9,2,36,0,7,11,0,18,8,24,20,2,54,10,0,10,64
08/15/2016,AVP,PA,AEA,EN,Combined TRACON& Tower with Radar,9,28,16,6,59,0,14,19,0,33,9,42,35,6,92,141,0,141,233
08/16/2016,AVP,PA,AEA,EN,Combined TRACON& Tower with Radar,9,32,15,0,56,0,15,19,0,34,9,47,34,0,90,157,0,157,247
08/17/2016,AVP,PA,AEA,EN,Combined TRACON& Tower with Radar,5,34,14,0,53,0,3,34,0,37,5,37,48,0,90,29,0,29,119
08/18/2016,AVP,PA,AEA,EN,Combined TRACON& Tower with Radar,9,32,22,0,63,0,5,22,0,27,9,37,44,0,90,54,0,54,144
08/19/2016,AVP,PA,AEA,EN,Combined TRACON& Tower with Radar,9,25,27,0,61,0,4,29,0,33,9,29,56,0,94,76,0,76,170
08/20/2016,AVP,PA,AEA,EN,Combined TRACON& Tower with Radar,4,25,16,0,45,0,6,31,0,37,4,31,47,0,82,17,0,17,99
08/21/2016,AVP,PA,AEA,EN,Combined TRACON& Tower with Radar,6,15,32,0,53,0,0,3,0,3,6,15,35,0,56,0,0,0,56
08/22/2016,AVP,PA,AEA,EN,Combined TRACON& Tower with Radar,9,24,21,0,54,0,12,9,0,21,9,36,30,0,75,153,0,153,228
08/23/2016,AVP,PA,AEA,EN,Combined TRACON& Tower with Radar,8,32,25,0,65,0,2,26,0,28,8,34,51,0,93,35,0,35,128
08/24/2016,AVP,PA,AEA,EN,Combined TRACON& Tower with Radar,8,29,9,0,46,0,9,47,0,56,8,38,56,0,102,174,0,174,276
08/25/2016,AVP,PA,AEA,EN,Combined TRACON& Tower with Radar,8,32,18,0,58,0,4,26,2,32,8,36,44,2,90,54,0,54,144
08/26/2016,AVP,PA,AEA,EN,Combined TRACON& Tower with Radar,7,27,17,0,51,0,7,38,0,45,7,34,55,0,96,83,0,83,179
08/27/2016,AVP,PA,AEA,EN,Combined TRACON& Tower with Radar,5,27,16,0,48,0,0,41,0,41,5,27,57,0,89,41,0,41,130
08/28/2016,AVP,PA,AEA,EN,Combined TRACON& Tower with Radar,5,25,9,0,39,0,8,23,0,31,5,33,32,0,70,68,0,68,138
08/29/2016,AVP,PA,AEA,EN,Combined TRACON& Tower with Radar,7,24,18,0,49,0,13,26,0,39,7,37,44,0,88,225,0,225,313
08/30/2016,AVP,PA,AEA,EN,Combined TRACON& Tower with Radar,6,29,15,0,50,0,13,26,0,39,6,42,41,0,89,176,0,176,265
08/31/2016,AVP,PA,AEA,EN,Combined TRACON& Tower with Radar,5,28,10,0,43,0,15,29,1,45,5,43,39,1,88,70,0,70,158
09/01/2016,AVP,PA,AEA,EN,Combined TRACON& Tower with Radar,6,32,10,8,56,0,11,22,0,33,6,43,32,8,89,57,0,57,146
09/02/2016,AVP,PA,AEA,EN,Combined TRACON& Tower with Radar,7,30,20,0,57,0,4,22,0,26,7,34,42,0,83,68,0,68,151
09/03/2016,AVP,PA,AEA,EN,Combined TRACON& Tower with Radar,4,20,15,0,39,1,9,27,0,37,5,29,42,0,76,48,0,48,124
09/04/2016,AVP,PA,AEA,EN,Combined TRACON& Tower with Radar,4,13,13,0,30,0,10,28,0,38,4,23,41,0,68,118,0,118,186
09/05/2016,AVP,PA,AEA,EN,Combined TRACON& Tower with Radar,6,23,21,0,50,0,11,26,0,37,6,34,47,0,87,141,0,141,228
09/06/2016,AVP,PA,AEA,EN,Combined TRACON& Tower with Radar,6,29,16,0,51,0,13,19,0,32,6,42,35,0,83,80,0,80,163
09/07/2016,AVP,PA,AEA,EN,Combined TRACON& Tower with Radar,6,29,10,2,47,0,12,30,4,46,6,41,40,6,93,90,0,90,183
09/08/2016,AVP,PA,AEA,EN,Combined TRACON& Tower with Radar,5,31,12,0,48,0,5,19,0,24,5,36,31,0,72,62,0,62,134
09/09/2016,AVP,PA,AEA,EN,Combined TRACON& Tower with Radar,6,28,7,0,41,0,10,12,0,22,6,38,19,0,63,96,0,96,159
09/10/2016,AVP,PA,AEA,EN,Combined TRACON& Tower with Radar,5,25,16,0,46,0,17,25,0,42,5,42,41,0,88,63,0,63,151
09/11/2016,AVP,PA,AEA,EN,Combined TRACON& Tower with Radar,8,26,6,2,42,0,15,19,0,34,8,41,25,2,76,191,0,191,267
09/12/2016,AVP,PA,AEA,EN,Combined TRACON& Tower with Radar,6,26,17,1,50,0,17,24,4,45,6,43,41,5,95,148,0,148,243
09/13/2016,AVP,PA,AEA,EN,Combined TRACON& Tower with Radar,6,29,11,0,46,0,9,36,3,48,6,38,47,3,94,44,0,44,138
09/14/2016,AVP,PA,AEA,EN,Combined TRACON& Tower with Radar,8,34,23,0,65,0,11,30,0,41,8,45,53,0,106,42,0,42,148
09/15/2016,AVP,PA,AEA,EN,Combined TRACON& Tower with Radar,6,30,16,1,53,0,9,43,1,53,6,39,59,2,106,99,0,99,205
09/16/2016,AVP,PA,AEA,EN,Combined TRACON& Tower with Radar,6,33,14,0,53,0,8,51,0,59,6,41,65,0,112,76,0,76,188
09/17/2016,AVP,PA,AEA,EN,Combined TRACON& Tower with Radar,5,22,15,0,42,0,6,122,3,131,5,28,137,3,173,176,0,176,349
09/18/2016,AVP,PA,AEA,EN,Combined TRACON& Tower with Radar,7,26,19,0,52,0,5,17,1,23,7,31,36,1,75,51,0,51,126
09/19/2016,AVP,PA,AEA,EN,Combined TRACON& Tower with Radar,6,24,10,0,40,0,2,12,0,14,6,26,22,0,54,10,0,10,64
09/20/2016,AVP,PA,AEA,EN,Combined TRACON& Tower with Radar,6,29,18,11,64,0,0,21,1,22,6,29,39,12,86,46,0,46,132
09/21/2016,AVP,PA,AEA,EN,Combined TRACON& Tower with Radar,6,29,12,0,47,0,10,35,0,45,6,39,47,0,92,60,0,60,152
09/22/2016,AVP,PA,AEA,EN,Combined TRACON& Tower with Radar,6,30,21,0,57,0,12,40,0,52,6,42,61,0,109,104,0,104,213
09/23/2016,AVP,PA,AEA,EN,Combined TRACON& Tower with Radar,6,29,29,2,66,0,14,46,0,60,6,43,75,2,126,87,0,87,213
09/24/2016,AVP,PA,AEA,EN,Combined TRACON& Tower with Radar,6,21,35,0,62,0,11,34,0,45,6,32,69,0,107,153,0,153,260
09/25/2016,AVP,PA,AEA,EN,Combined TRACON& Tower with Radar,6,21,16,0,43,0,17,50,0,67,6,38,66,0,110,181,0,181,291
09/26/2016,AVP,PA,AEA,EN,Combined TRACON& Tower with Radar,5,25,26,0,56,0,16,23,0,39,5,41,49,0,95,121,0,121,216
09/27/2016,AVP,PA,AEA,EN,Combined TRACON& Tower with Radar,7,32,25,0,64,0,6,27,6,39,7,38,52,6,103,80,0,80,183
09/28/2016,AVP,PA,AEA,EN,Combined TRACON& Tower with Radar,6,31,17,1,55,0,3,10,1,14,6,34,27,2,69,0,0,0,69
09/29/2016,AVP,PA,AEA,EN,Combined TRACON& Tower with Radar,8,28,12,0,48,0,6,4,0,10,8,34,16,0,58,68,0,68,126
09/30/2016,AVP,PA,AEA,EN,Combined TRACON& Tower with Radar,6,26,6,0,38,0,10,7,0,17,6,36,13,0,55,26,0,26,81
10/01/2016,AVP,PA,AEA,EN,Combined TRACON& Tower with Radar,4,22,26,0,52,0,10,15,0,25,4,32,41,0,77,26,0,26,103
10/02/2016,AVP,PA,AEA,EN,Combined TRACON& Tower with Radar,8,19,10,0,37,0,12,12,0,24,8,31,22,0,61,63,0,63,124
10/03/2016,AVP,PA,AEA,EN,Combined TRACON& Tower with Radar,6,28,19,0,53,0,2,20,0,22,6,30,39,0,75,67,0,67,142
10/04/2016,AVP,PA,AEA,EN,Combined TRACON& Tower with Radar,6,29,25,0,60,0,8,19,0,27,6,37,44,0,87,137,0,137,224
10/05/2016,AVP,PA,AEA,EN,Combined TRACON& Tower with Radar,6,28,12,1,47,0,6,24,1,31,6,34,36,2,78,12,0,12,90
10/06/2016,AVP,PA,AEA,EN,Combined TRACON& Tower with Radar,6,28,21,1,56,0,17,42,0,59,6,45,63,1,115,146,0,146,261
10/07/2016,AVP,PA,AEA,EN,Combined TRACON& Tower with Radar,8,34,15,1,58,0,19,29,0,48,8,53,44,1,106,81,0,81,187
10/08/2016,AVP,PA,AEA,EN,Combined TRACON& Tower with Radar,7,23,17,0,47,0,9,12,0,21,7,32,29,0,68,19,0,19,87
10/09/2016,AVP,PA,AEA,EN,Combined TRACON& Tower with Radar,9,24,7,0,40,0,22,20,0,42,9,46,27,0,82,149,0,149,231
10/10/2016,AVP,PA,AEA,EN,Combined TRACON& Tower with Radar,12,26,12,1,51,0,11,21,1,33,12,37,33,2,84,75,0,75,159
10/11/2016,AVP,PA,AEA,EN,Combined TRACON& Tower with Radar,6,35,18,3,62,0,3,20,2,25,6,38,38,5,87,54,0,54,141
10/12/2016,AVP,PA,AEA,EN,Combined TRACON& Tower with Radar,6,32,25,0,63,0,10,42,2,54,6,42,67,2,117,103,0,103,220
10/13/2016,AVP,PA,AEA,EN,Combined TRACON& Tower with Radar,10,29,10,0,49,0,4,12,0,16,10,33,22,0,65,30,0,30,95
10/14/2016,AVP,PA,AEA,EN,Combined TRACON& Tower with Radar,8,30,13,2,53,0,6,48,0,54,8,36,61,2,107,59,0,59,166
10/15/2016,AVP,PA,AEA,EN,Combined TRACON& Tower with Radar,7,18,9,0,34,0,16,54,0,70,7,34,63,0,104,145,0,145,249
10/16/2016,AVP,PA,AEA,EN,Combined TRACON& Tower with Radar,9,25,22,0,56,0,27,47,0,74,9,52,69,0,130,144,0,144,274
10/17/2016,AVP,PA,AEA,EN,Combined TRACON& Tower with Radar,8,27,16,0,51,0,4,20,0,24,8,31,36,0,75,6,0,6,81
10/18/2016,AVP,PA,AEA,EN,Combined TRACON& Tower with Radar,6,31,6,0,43,0,17,33,0,50,6,48,39,0,93,170,0,170,263
10/19/2016,AVP,PA,AEA,EN,Combined TRACON& Tower with Radar,6,29,22,0,57,0,6,34,0,40,6,35,56,0,97,76,0,76,173
10/20/2016,AVP,PA,AEA,EN,Combined TRACON& Tower with Radar,7,34,20,6,67,0,9,16,0,25,7,43,36,6,92,83,0,83,175
10/21/2016,AVP,PA,AEA,EN,Combined TRACON& Tower with Radar,9,30,10,4,53,0,7,22,0,29,9,37,32,4,82,98,0,98,180
10/22/2016,AVP,PA,AEA,EN,Combined TRACON& Tower with Radar,8,21,3,0,32,0,14,14,1,29,8,35,17,1,61,54,0,54,115
10/23/2016,AVP,PA,AEA,EN,Combined TRACON& Tower with Radar,7,22,14,0,43,0,12,14,0,26,7,34,28,0,69,61,0,61,130
10/24/2016,AVP,PA,AEA,EN,Combined TRACON& Tower with Radar,8,29,14,0,51,0,8,24,0,32,8,37,38,0,83,107,0,107,190
10/25/2016,AVP,PA,AEA,EN,Combined TRACON& Tower with Radar,6,32,12,0,50,0,6,12,1,19,6,38,24,1,69,78,0,78,147
10/26/2016,AVP,PA,AEA,EN,Combined TRACON& Tower with Radar,6,29,12,0,47,0,3,15,2,20,6,32,27,2,67,52,0,52,119
10/27/2016,AVP,PA,AEA,EN,Combined TRACON& Tower with Radar,8,31,12,0,51,0,5,8,0,13,8,36,20,0,64,27,0,27,91
10/28/2016,AVP,PA,AEA,EN,Combined TRACON& Tower with Radar,7,29,17,0,53,0,8,13,0,21,7,37,30,0,74,46,0,46,120
10/29/2016,AVP,PA,AEA,EN,Combined TRACON& Tower with Radar,5,19,4,0,28,0,11,28,0,39,5,30,32,0,67,51,0,51,118
10/30/2016,AVP,PA,AEA,EN,Combined TRACON& Tower with Radar,10,21,6,0,37,0,8,6,0,14,10,29,12,0,51,19,0,19,70
10/31/2016,AVP,PA,AEA,EN,Combined TRACON& Tower with Radar,8,23,13,0,44,0,3,25,0,28,8,26,38,0,72,33,0,33,105
11/01/2016,AVP,PA,AEA,EN,Combined TRACON& Tower with Radar,6,26,22,0,54,0,4,19,0,23,6,30,41,0,77,32,0,32,109
11/02/2016,AVP,PA,AEA,EN,Combined TRACON& Tower with Radar,6,25,30,0,61,0,5,39,0,44,6,30,69,0,105,76,0,76,181
11/03/2016,AVP,PA,AEA,EN,Combined TRACON& Tower with Radar,8,26,21,4,59,0,2,10,0,12,8,28,31,4,71,100,0,100,171
11/04/2016,AVP,PA,AEA,EN,Combined TRACON& Tower with Radar,8,27,12,0,47,0,12,19,2,33,8,39,31,2,80,73,0,73,153
11/05/2016,AVP,PA,AEA,EN,Combined TRACON& Tower with Radar,6,15,13,0,34,0,2,25,0,27,6,17,38,0,61,107,0,107,168
11/06/2016,AVP,PA,AEA,EN,Combined TRACON& Tower with Radar,8,15,6,4,33,0,4,8,7,19,8,19,14,11,52,0,0,0,52
11/07/2016,AVP,PA,AEA,EN,Combined TRACON& Tower with Radar,10,25,21,0,56,0,14,46,4,64,10,39,67,4,120,142,0,142,262
11/08/2016,AVP,PA,AEA,EN,Combined TRACON& Tower with Radar,6,24,11,0,41,0,4,39,0,43,6,28,50,0,84,48,0,48,132
11/09/2016,AVP,PA,AEA,EN,Combined TRACON& Tower with Radar,8,30,16,0,54,0,3,2,0,5,8,33,18,0,59,18,0,18,77
11/10/2016,AVP,PA,AEA,EN,Combined TRACON& Tower with Radar,8,27,16,0,51,0,20,32,2,54,8,47,48,2,105,123,0,123,228
11/11/2016,AVP,PA,AEA,EN,Combined TRACON& Tower with Radar,8,26,13,0,47,0,27,23,0,50,8,53,36,0,97,62,0,62,159
11/12/2016,AVP,PA,AEA,EN,Combined TRACON& Tower with Radar,7,17,15,0,39,0,6,56,0,62,7,23,71,0,101,78,0,78,179
11/13/2016,AVP,PA,AEA,EN,Combined TRACON& Tower with Radar,9,16,13,0,38,0,14,34,0,48,9,30,47,0,86,72,0,72,158
11/14/2016,AVP,PA,AEA,EN,Combined TRACON& Tower with Radar,8,23,14,0,45,0,18,44,0,62,8,41,58,0,107,136,0,136,243
11/15/2016,AVP,PA,AEA,EN,Combined TRACON& Tower with Radar,6,29,31,0,66,0,7,33,2,42,6,36,64,2,108,94,0,94,202
11/16/2016,AVP,PA,AEA,EN,Combined TRACON& Tower with Radar,6,28,18,0,52,0,9,37,0,46,6,37,55,0,98,132,0,132,230
11/17/2016,AVP,PA,AEA,EN,Combined TRACON& Tower with Radar,8,34,15,0,57,0,7,22,0,29,8,41,37,0,86,102,0,102,188
11/18/2016,AVP,PA,AEA,EN,Combined TRACON& Tower with Radar,8,28,12,2,50,0,19,55,0,74,8,47,67,2,124,106,0,106,230
11/19/2016,AVP,PA,AEA,EN,Combined TRACON& Tower with Radar,8,18,7,0,33,0,15,27,0,42,8,33,34,0,75,61,0,61,136
11/20/2016,AVP,PA,AEA,EN,Combined TRACON& Tower with Radar,9,14,5,2,30,0,11,5,0,16,9,25,10,2,46,23,0,23,69
11/21/2016,AVP,PA,AEA,EN,Combined TRACON& Tower with Radar,15,20,6,0,41,0,2,8,0,10,15,22,14,0,51,10,0,10,61
11/22/2016,AVP,PA,AEA,EN,Combined TRACON& Tower with Radar,7,30,7,0,44,0,0,7,0,7,7,30,14,0,51,0,0,0,51
11/23/2016,AVP,PA,AEA,EN,Combined TRACON& Tower with Radar,7,29,13,0,49,0,7,28,0,35,7,36,41,0,84,90,0,90,174
11/24/2016,AVP,PA,AEA,EN,Combined TRACON& Tower with Radar,8,12,2,0,22,0,10,6,0,16,8,22,8,0,38,84,0,84,122
11/25/2016,AVP,PA,AEA,EN,Combined TRACON& Tower with Radar,8,18,3,0,29,0,9,12,0,21,8,27,15,0,50,23,0,23,73
11/26/2016,AVP,PA,AEA,EN,Combined TRACON& Tower with Radar,9,24,4,0,37,0,18,5,0,23,9,42,9,0,60,69,0,69,129
11/27/2016,AVP,PA,AEA,EN,Combined TRACON& Tower with Radar,10,21,22,0,53,0,11,18,0,29,10,32,40,0,82,68,0,68,150
11/28/2016,AVP,PA,AEA,EN,Combined TRACON& Tower with Radar,9,23,11,0,43,0,9,43,0,52,9,32,54,0,95,72,0,72,167
11/29/2016,AVP,PA,AEA,EN,Combined TRACON& Tower with Radar,6,27,8,0,41,0,5,4,0,9,6,32,12,0,50,88,0,88,138
11/30/2016,AVP,PA,AEA,EN,Combined TRACON& Tower with Radar,6,23,12,0,41,0,1,1,0,2,6,24,13,0,43,30,0,30,73
12/01/2016,AVP,PA,AEA,EN,Combined TRACON& Tower with Radar,8,24,6,0,38,0,5,15,2,22,8,29,21,2,60,110,0,110,170
12/02/2016,AVP,PA,AEA,EN,Combined TRACON& Tower with Radar,8,25,10,3,46,0,13,30,0,43,8,38,40,3,89,102,0,102,191
12/03/2016,AVP,PA,AEA,EN,Combined TRACON& Tower with Radar,5,15,6,0,26,0,6,5,0,11,5,21,11,0,37,18,0,18,55
12/04/2016,AVP,PA,AEA,EN,Combined TRACON& Tower with Radar,8,16,11,0,35,0,11,33,0,44,8,27,44,0,79,58,0,58,137
12/05/2016,AVP,PA,AEA,EN,Combined TRACON& Tower with Radar,9,27,14,0,50,0,0,4,0,4,9,27,18,0,54,0,0,0,54
12/06/2016,AVP,PA,AEA,EN,Combined TRACON& Tower with Radar,6,28,10,0,44,0,4,15,0,19,6,32,25,0,63,18,0,18,81
12/07/2016,AVP,PA,AEA,EN,Combined TRACON& Tower with Radar,6,22,18,0,46,0,3,8,0,11,6,25,26,0,57,54,0,54,111
12/08/2016,AVP,PA,AEA,EN,Combined TRACON& Tower with Radar,8,23,13,0,44,0,6,18,0,24,8,29,31,0,68,0,0,0,68
12/09/2016,AVP,PA,AEA,EN,Combined TRACON& Tower with Radar,8,25,9,0,42,0,16,16,0,32,8,41,25,0,74,134,0,134,208
12/10/2016,AVP,PA,AEA,EN,Combined TRACON& Tower with Radar,7,17,16,0,40,0,17,16,0,33,7,34,32,0,73,63,0,63,136
12/11/2016,AVP,PA,AEA,EN,Combined TRACON& Tower with Radar,7,13,2,0,22,0,14,12,0,26,7,27,14,0,48,41,0,41,89
12/12/2016,AVP,PA,AEA,EN,Combined TRACON& Tower with Radar,8,20,10,2,40,0,9,9,0,18,8,29,19,2,58,94,0,94,152
12/13/2016,AVP,PA,AEA,EN,Combined TRACON& Tower with Radar,6,24,19,2,51,0,9,18,0,27,6,33,37,2,78,50,12,62,140
12/14/2016,AVP,PA,AEA,EN,Combined TRACON& Tower with Radar,6,24,24,1,55,0,3,23,1,27,6,27,47,2,82,40,0,40,122
12/15/2016,AVP,PA,AEA,EN,Combined TRACON& Tower with Radar,9,28,13,0,50,0,11,10,0,21,9,39,23,0,71,83,0,83,154
12/16/2016,AVP,PA,AEA,EN,Combined TRACON& Tower with Radar,9,23,13,0,45,0,6,22,0,28,9,29,35,0,73,83,0,83,156
12/17/2016,AVP,PA,AEA,EN,Combined TRACON& Tower with Radar,7,21,2,0,30,0,0,0,0,0,7,21,2,0,30,0,0,0,30
12/18/2016,AVP,PA,AEA,EN,Combined TRACON& Tower with Radar,12,18,9,0,39,0,2,4,0,6,12,20,13,0,45,13,0,13,58
12/19/2016,AVP,PA,AEA,EN,Combined TRACON& Tower with Radar,12,21,14,1,48,0,13,33,1,47,12,34,47,2,95,116,0,116,211
12/20/2016,AVP,PA,AEA,EN,Combined TRACON& Tower with Radar,8,23,7,1,39,0,11,44,5,60,8,34,51,6,99,120,0,120,219
12/21/2016,AVP,PA,AEA,EN,Combined TRACON& Tower with Radar,7,22,12,0,41,0,0,19,0,19,7,22,31,0,60,4,0,4,64
12/22/2016,AVP,PA,AEA,EN,Combined TRACON& Tower with Radar,11,27,6,0,44,0,11,22,0,33,11,38,28,0,77,41,0,41,118
12/23/2016,AVP,PA,AEA,EN,Combined TRACON& Tower with Radar,10,27,5,0,42,0,8,16,0,24,10,35,21,0,66,38,0,38,104
12/24/2016,AVP,PA,AEA,EN,Combined TRACON& Tower with Radar,6,19,3,0,28,0,14,10,0,24,6,33,13,0,52,48,0,48,100
12/25/2016,AVP,PA,AEA,EN,Combined TRACON& Tower with Radar,8,10,3,0,21,0,10,27,0,37,8,20,30,0,58,49,0,49,107
12/26/2016,AVP,PA,AEA,EN,Combined TRACON& Tower with Radar,8,23,7,0,38,0,0,0,0,0,8,23,7,0,38,0,0,0,38
12/27/2016,AVP,PA,AEA,EN,Combined TRACON& Tower with Radar,12,26,11,0,49,0,4,25,0,29,12,30,36,0,78,84,0,84,162
12/28/2016,AVP,PA,AEA,EN,Combined TRACON& Tower with Radar,8,28,5,2,43,0,5,8,0,13,8,33,13,2,56,64,0,64,120
12/29/2016,AVP,PA,AEA,EN,Combined TRACON& Tower with Radar,10,24,6,0,40,0,5,7,0,12,10,29,13,0,52,82,0,82,134
12/30/2016,AVP,PA,AEA,EN,Combined TRACON& Tower with Radar,13,26,11,0,50,0,1,9,0,10,13,27,20,0,60,36,0,36,96
12/31/2016,AVP,PA,AEA,EN,Combined TRACON& Tower with Radar,6,15,8,0,29,0,2,26,0,28,6,17,34,0,57,62,0,62,119
01/01/2017,AVP,PA,AEA,EN,Combined TRACON& Tower with Radar,8,17,9,0,34,0,8,18,0,26,8,25,27,0,60,66,0,66,126
01/02/2017,AVP,PA,AEA,EN,Combined TRACON& Tower with Radar,10,18,0,0,28,0,13,10,0,23,10,31,10,0,51,154,0,154,205
01/03/2017,AVP,PA,AEA,EN,Combined TRACON& Tower with Radar,11,28,6,0,45,0,0,0,0,0,11,28,6,0,45,0,0,0,45
01/04/2017,AVP,PA,AEA,EN,Combined TRACON& Tower with Radar,9,29,7,0,45,0,5,11,0,16,9,34,18,0,61,80,0,80,141
01/05/2017,AVP,PA,AEA,EN,Combined TRACON& Tower with Radar,10,26,4,0,40,0,8,27,0,35,10,34,31,0,75,80,0,80,155
01/06/2017,AVP,PA,AEA,EN,Combined TRACON& Tower with Radar,6,26,6,0,38,0,10,26,0,36,6,36,32,0,74,67,0,67,141
01/07/2017,AVP,PA,AEA,EN,Combined TRACON& Tower with Radar,12,15,12,0,39,0,12,14,0,26,12,27,26,0,65,23,0,23,88
01/08/2017,AVP,PA,AEA,EN,Combined TRACON& Tower with Radar,8,23,4,0,35,0,12,19,4,35,8,35,23,4,70,46,0,46,116
01/09/2017,AVP,PA,AEA,EN,Combined TRACON& Tower with Radar,8,19,12,0,39,0,16,31,2,49,8,35,43,2,88,66,0,66,154
01/10/2017,AVP,PA,AEA,EN,Combined TRACON& Tower with Radar,5,25,2,0,32,0,12,6,0,18,5,37,8,0,50,8,0,8,58
01/11/2017,AVP,PA,AEA,EN,Combined TRACON& Tower with Radar,9,21,7,0,37,0,12,14,0,26,9,33,21,0,63,20,0,20,83
01/12/2017,AVP,PA,AEA,EN,Combined TRACON& Tower with Radar,10,33,10,0,53,0,19,19,0,38,10,52,29,0,91,90,0,90,181
01/13/2017,AVP,PA,AEA,EN,Combined TRACON& Tower with Radar,10,31,7,0,48,0,11,21,2,34,10,42,28,2,82,74,0,74,156
01/14/2017,AVP,PA,AEA,EN,Combined TRACON& Tower with Radar,7,16,8,0,31,0,18,14,0,32,7,34,22,0,63,119,0,119,182
01/15/2017,AVP,PA,AEA,EN,Combined TRACON& Tower with Radar,9,22,2,0,33,0,16,23,0,39,9,38,25,0,72,131,0,131,203
01/16/2017,AVP,PA,AEA,EN,Combined TRACON& Tower with Radar,8,22,9,0,39,0,15,34,0,49,8,37,43,0,88,70,0,70,158
01/17/2017,AVP,PA,AEA,EN,Combined TRACON& Tower with Radar,6,22,2,0,30,0,16,12,0,28,6,38,14,0,58,64,0,64,122
01/18/2017,AVP,PA,AEA,EN,Combined TRACON& Tower with Radar,8,26,7,0,41,0,2,0,0,2,8,28,7,0,43,0,0,0,43
01/19/2017,AVP,PA,AEA,EN,Combined TRACON& Tower with Radar,10,26,12,0,48,0,1,12,2,15,10,27,24,2,63,7,0,7,70
01/20/2017,AVP,PA,AEA,EN,Combined TRACON& Tower with Radar,10,26,5,0,41,0,21,1,0,22,10,47,6,0,63,72,0,72,135
01/21/2017,AVP,PA,AEA,EN,Combined TRACON& Tower with Radar,4,17,9,0,30,0,7,2,0,9,4,24,11,0,39,0,0,0,39
01/22/2017,AVP,PA,AEA,EN,Combined TRACON& Tower with Radar,7,16,10,0,33,0,13,6,0,19,7,29,16,0,52,149,0,149,201
01/23/2017,AVP,PA,AEA,EN,Combined TRACON& Tower with Radar,9,14,2,0,25,0,0,2,0,2,9,14,4,0,27,0,0,0,27
01/24/2017,AVP,PA,AEA,EN,Combined TRACON& Tower with Radar,6,34,7,0,47,0,3,4,0,7,6,37,11,0,54,23,0,23,77
01/25/2017,AVP,PA,AEA,EN,Combined TRACON& Tower with Radar,8,23,12,0,43,0,0,9,0,9,8,23,21,0,52,0,0,0,52
01/26/2017,AVP,PA,AEA,EN,Combined TRACON& Tower with Radar,10,30,19,0,59,0,14,16,0,30,10,44,35,0,89,88,0,88,177
01/27/2017,AVP,PA,AEA,EN,Combined TRACON& Tower with Radar,10,29,6,0,45,0,18,10,0,28,10,47,16,0,73,87,0,87,160
01/28/2017,AVP,PA,AEA,EN,Combined TRACON& Tower with Radar,7,14,3,0,24,0,6,9,0,15,7,20,12,0,39,81,0,81,120
01/29/2017,AVP,PA,AEA,EN,Combined TRACON& Tower with Radar,8,21,8,0,37,0,9,29,0,38,8,30,37,0,75,87,0,87,162
01/30/2017,AVP,PA,AEA,EN,Combined TRACON& Tower with Radar,8,22,15,0,45,0,12,17,0,29,8,34,32,0,74,134,0,134,208
01/31/2017,AVP,PA,AEA,EN,Combined TRACON& Tower with Radar,6,26,2,0,34,0,6,0,0,6,6,32,2,0,40,10,0,10,50
02/01/2017,AVP,PA,AEA,EN,Combined TRACON& Tower with Radar,8,27,8,0,43,0,4,8,0,12,8,31,16,0,55,4,0,4,59
02/02/2017,AVP,PA,AEA,EN,Combined TRACON& Tower with Radar,10,29,7,0,46,0,4,20,1,25,10,33,27,1,71,76,2,78,149
02/03/2017,AVP,PA,AEA,EN,Combined TRACON& Tower with Radar,10,28,11,2,51,0,15,38,0,53,10,43,49,2,104,79,0,79,183
02/04/2017,AVP,PA,AEA,EN,Combined TRACON& Tower with Radar,7,14,10,0,31,0,20,31,0,51,7,34,41,0,82,62,0,62,144
02/05/2017,AVP,PA,AEA,EN,Combined TRACON& Tower with Radar,9,19,8,0,36,0,13,20,2,35,9,32,28,2,71,59,0,59,130
02/06/2017,AVP,PA,AEA,EN,Combined TRACON& Tower with Radar,8,21,15,0,44,0,14,23,0,37,8,35,38,0,81,39,0,39,120
02/07/2017,AVP,PA,AEA,EN,Combined TRACON& Tower with Radar,8,29,3,0,40,0,3,2,1,6,8,32,5,1,46,0,0,0,46
02/08/2017,AVP,PA,AEA,EN,Combined TRACON& Tower with Radar,7,30,17,1,55,0,4,10,3,17,7,34,27,4,72,10,0,10,82
02/09/2017,AVP,PA,AEA,EN,Combined TRACON& Tower with Radar,8,13,3,0,24,0,0,0,0,0,8,13,3,0,24,0,0,0,24
02/10/2017,AVP,PA,AEA,EN,Combined TRACON& Tower with Radar,11,29,4,0,44,0,13,26,0,39,11,42,30,0,83,68,0,68,151
02/11/2017,AVP,PA,AEA,EN,Combined TRACON& Tower with Radar,7,14,14,0,35,0,8,35,2,45,7,22,49,2,80,57,2,59,139
02/12/2017,AVP,PA,AEA,EN,Combined TRACON& Tower with Radar,9,20,5,0,34,0,9,3,0,12,9,29,8,0,46,14,0,14,60
02/13/2017,AVP,PA,AEA,EN,Combined TRACON& Tower with Radar,8,24,4,4,40,0,10,15,0,25,8,34,19,4,65,58,0,58,123
02/14/2017,AVP,PA,AEA,EN,Combined TRACON& Tower with Radar,6,27,8,0,41,0,2,21,4,27,6,29,29,4,68,36,0,36,104
02/15/2017,AVP,PA,AEA,EN,Combined TRACON& Tower with Radar,7,29,14,5,55,0,0,3,3,6,7,29,17,8,61,8,6,14,75
02/16/2017,AVP,PA,AEA,EN,Combined TRACON& Tower with Radar,10,26,13,2,51,0,9,15,0,24,10,35,28,2,75,69,0,69,144
02/17/2017,AVP,PA,AEA,EN,Combined TRACON& Tower with Radar,10,25,30,0,65,0,14,56,0,70,10,39,86,0,135,72,0,72,207
02/18/2017,AVP,PA,AEA,EN,Combined TRACON& Tower with Radar,8,16,17,0,41,0,17,63,0,80,8,33,80,0,121,132,0,132,253
02/19/2017,AVP,PA,AEA,EN,Combined TRACON& Tower with Radar,8,21,11,0,40,0,17,55,0,72,8,38,66,0,112,65,0,65,177
02/20/2017,AVP,PA,AEA,EN,Combined TRACON& Tower with Radar,11,25,8,0,44,0,15,25,1,41,11,40,33,1,85,50,0,50,135
02/21/2017,AVP,PA,AEA,EN,Combined TRACON& Tower with Radar,8,32,14,0,54,0,4,34,0,38,8,36,48,0,92,77,0,77,169
02/22/2017,AVP,PA,AEA,EN,Combined TRACON& Tower with Radar,8,24,16,2,50,0,7,22,0,29,8,31,38,2,79,35,0,35,114
02/23/2017,AVP,PA,AEA,EN,Combined TRACON& Tower with Radar,10,30,17,0,57,0,8,14,0,22,10,38,31,0,79,72,0,72,151
02/24/2017,AVP,PA,AEA,EN,Combined TRACON& Tower with Radar,10,29,20,4,63,0,6,21,0,27,10,35,41,4,90,106,0,106,196
02/25/2017,AVP,PA,AEA,EN,Combined TRACON& Tower with Radar,9,17,3,0,29,0,14,18,0,32,9,31,21,0,61,122,0,122,183
02/26/2017,AVP,PA,AEA,EN,Combined TRACON& Tower with Radar,9,22,9,0,40,0,21,23,1,45,9,43,32,1,85,77,0,77,162
02/27/2017,AVP,PA,AEA,EN,Combined TRACON& Tower with Radar,10,25,5,0,40,0,18,39,0,57,10,43,44,0,97,73,0,73,170
02/28/2017,AVP,PA,AEA,EN,Combined TRACON& Tower with Radar,8,29,11,0,48,0,10,19,0,29,8,39,30,0,77,104,0,104,181
03/01/2017,AVP,PA,AEA,EN,Combined TRACON& Tower with Radar,7,24,2,0,33,0,16,34,0,50,7,40,36,0,83,121,0,121,204
03/02/2017,AVP,PA,AEA,EN,Combined TRACON& Tower with Radar,10,21,4,0,35,0,3,9,0,12,10,24,13,0,47,70,0,70,117
03/03/2017,AVP,PA,AEA,EN,Combined TRACON& Tower with Radar,11,28,10,3,52,0,7,15,0,22,11,35,25,3,74,71,0,71,145
03/04/2017,AVP,PA,AEA,EN,Combined TRACON& Tower with Radar,8,19,7,0,34,0,15,16,0,31,8,34,23,0,65,65,0,65,130
03/05/2017,AVP,PA,AEA,EN,Combined TRACON& Tower with Radar,8,21,10,0,39,0,11,30,0,41,8,32,40,0,80,126,0,126,206
03/06/2017,AVP,PA,AEA,EN,Combined TRACON& Tower with Radar,10,22,5,0,37,0,11,28,0,39,10,33,33,0,76,128,0,128,204
03/07/2017,AVP,PA,AEA,EN,Combined TRACON& Tower with Radar,8,34,10,0,52,0,6,4,0,10,8,40,14,0,62,103,0,103,165
03/08/2017,AVP,PA,AEA,EN,Combined TRACON& Tower with Radar,8,30,12,2,52,0,15,18,4,37,8,45,30,6,89,115,11,126,215
03/09/2017,AVP,PA,AEA,EN,Combined TRACON& Tower with Radar,10,25,2,0,37,0,17,25,0,42,10,42,27,0,79,124,0,124,203
03/10/2017,AVP,PA,AEA,EN,Combined TRACON& Tower with Radar,10,16,6,0,32,0,16,10,0,26,10,32,16,0,58,78,0,78,136
03/11/2017,AVP,PA,AEA,EN,Combined TRACON& Tower with Radar,9,19,6,0,34,0,17,7,0,24,9,36,13,0,58,80,0,80,138
03/12/2017,AVP,PA,AEA,EN,Combined TRACON& Tower with Radar,8,16,11,2,37,0,13,25,0,38,8,29,36,2,75,45,0,45,120
03/13/2017,AVP,PA,AEA,EN,Combined TRACON& Tower with Radar,10,19,15,9,53,0,16,22,0,38,10,35,37,9,91,136,10,146,237
03/14/2017,AVP,PA,AEA,EN,Combined TRACON& Tower with Radar,0,0,0,0,0,0,0,0,0,0,0,0,0,0,0,0,0,0,0
03/15/2017,AVP,PA,AEA,EN,Combined TRACON& Tower with Radar,6,12,3,0,21,0,9,8,0,17,6,21,11,0,38,64,0,64,102
03/16/2017,AVP,PA,AEA,EN,Combined TRACON& Tower with Radar,11,29,8,0,48,0,15,20,0,35,11,44,28,0,83,88,0,88,171
03/17/2017,AVP,PA,AEA,EN,Combined TRACON& Tower with Radar,9,27,14,2,52,0,15,36,0,51,9,42,50,2,103,86,0,86,189
03/18/2017,AVP,PA,AEA,EN,Combined TRACON& Tower with Radar,11,14,7,0,32,0,11,10,0,21,11,25,17,0,53,86,0,86,139
03/19/2017,AVP,PA,AEA,EN,Combined TRACON& Tower with Radar,8,14,15,0,37,0,3,19,0,22,8,17,34,0,59,42,0,42,101
03/20/2017,AVP,PA,AEA,EN,Combined TRACON& Tower with Radar,10,23,8,1,42,0,16,36,1,53,10,39,44,2,95,119,0,119,214
03/21/2017,AVP,PA,AEA,EN,Combined TRACON& Tower with Radar,6,24,14,0,44,0,18,44,0,62,6,42,58,0,106,136,0,136,242
03/22/2017,AVP,PA,AEA,EN,Combined TRACON& Tower with Radar,10,27,5,1,43,0,14,20,1,35,10,41,25,2,78,131,0,131,209
03/23/2017,AVP,PA,AEA,EN,Combined TRACON& Tower with Radar,10,25,24,2,61,0,17,47,2,66,10,42,71,4,127,142,0,142,269
03/24/2017,AVP,PA,AEA,EN,Combined TRACON& Tower with Radar,10,26,16,0,52,0,17,18,0,35,10,43,34,0,87,106,0,106,193
03/25/2017,AVP,PA,AEA,EN,Combined TRACON& Tower with Radar,8,18,8,0,34,0,10,27,0,37,8,28,35,0,71,77,0,77,148
03/26/2017,AVP,PA,AEA,EN,Combined TRACON& Tower with Radar,8,19,12,0,39,0,10,8,0,18,8,29,20,0,57,38,0,38,95
03/27/2017,AVP,PA,AEA,EN,Combined TRACON& Tower with Radar,10,23,17,0,50,0,10,8,0,18,10,33,25,0,68,54,0,54,122
03/28/2017,AVP,PA,AEA,EN,Combined TRACON& Tower with Radar,8,29,13,0,50,0,0,0,0,0,8,29,13,0,50,0,0,0,50
03/29/2017,AVP,PA,AEA,EN,Combined TRACON& Tower with Radar,7,29,11,0,47,0,11,26,2,39,7,40,37,2,86,58,0,58,144
03/30/2017,AVP,PA,AEA,EN,Combined TRACON& Tower with Radar,10,27,9,0,46,0,2,23,0,25,10,29,32,0,71,77,0,77,148
03/31/2017,AVP,PA,AEA,EN,Combined TRACON& Tower with Radar,10,26,6,0,42,0,0,0,0,0,10,26,6,0,42,0,0,0,42
04/01/2017,AVP,PA,AEA,EN,Combined TRACON& Tower with Radar,8,15,6,0,29,0,9,12,0,21,8,24,18,0,50,39,0,39,89
04/02/2017,AVP,PA,AEA,EN,Combined TRACON& Tower with Radar,6,26,15,0,47,0,12,77,0,89,6,38,92,0,136,97,0,97,233
04/03/2017,AVP,PA,AEA,EN,Combined TRACON& Tower with Radar,4,26,6,0,36,0,12,34,0,46,4,38,40,0,82,152,0,152,234
04/04/2017,AVP,PA,AEA,EN,Combined TRACON& Tower with Radar,11,31,11,0,53,0,7,6,0,13,11,38,17,0,66,90,0,90,156
04/05/2017,AVP,PA,AEA,EN,Combined TRACON& Tower with Radar,7,29,19,4,59,0,17,63,0,80,7,46,82,4,139,150,0,150,289
04/06/2017,AVP,PA,AEA,EN,Combined TRACON& Tower with Radar,8,27,9,0,44,0,12,11,0,23,8,39,20,0,67,48,0,48,115
04/07/2017,AVP,PA,AEA,EN,Combined TRACON& Tower with Radar,9,30,6,0,45,0,0,1,0,1,9,30,7,0,46,0,0,0,46
04/08/2017,AVP,PA,AEA,EN,Combined TRACON& Tower with Radar,10,18,1,0,29,0,16,24,0,40,10,34,25,0,69,94,0,94,163
04/09/2017,AVP,PA,AEA,EN,Combined TRACON& Tower with Radar,9,21,14,0,44,0,12,69,0,81,9,33,83,0,125,123,0,123,248
04/10/2017,AVP,PA,AEA,EN,Combined TRACON& Tower with Radar,10,26,20,0,56,0,16,76,0,92,10,42,96,0,148,84,0,84,232
04/11/2017,AVP,PA,AEA,EN,Combined TRACON& Tower with Radar,8,30,16,0,54,0,14,25,1,40,8,44,41,1,94,12,0,12,106
04/12/2017,AVP,PA,AEA,EN,Combined TRACON& Tower with Radar,8,33,17,0,58,0,2,5,0,7,8,35,22,0,65,38,0,38,103
04/13/2017,AVP,PA,AEA,EN,Combined TRACON& Tower with Radar,10,28,12,0,50,0,10,49,1,60,10,38,61,1,110,49,0,49,159
04/14/2017,AVP,PA,AEA,EN,Combined TRACON& Tower with Radar,10,28,15,0,53,0,2,30,0,32,10,30,45,0,85,44,0,44,129
04/15/2017,AVP,PA,AEA,EN,Combined TRACON& Tower with Radar,9,13,5,0,27,0,14,35,0,49,9,27,40,0,76,103,0,103,179
04/16/2017,AVP,PA,AEA,EN,Combined TRACON& Tower with Radar,7,20,5,0,32,0,7,25,0,32,7,27,30,0,64,57,0,57,121
04/17/2017,AVP,PA,AEA,EN,Combined TRACON& Tower with Radar,10,24,6,2,42,0,11,27,0,38,10,35,33,2,80,51,0,51,131
04/18/2017,AVP,PA,AEA,EN,Combined TRACON& Tower with Radar,8,30,26,0,64,0,19,45,1,65,8,49,71,1,129,134,0,134,263
04/19/2017,AVP,PA,AEA,EN,Combined TRACON& Tower with Radar,8,30,15,2,55,0,18,14,0,32,8,48,29,2,87,104,0,104,191
04/20/2017,AVP,PA,AEA,EN,Combined TRACON& Tower with Radar,10,30,10,0,50,0,16,13,1,30,10,46,23,1,80,104,1,105,185
04/21/2017,AVP,PA,AEA,EN,Combined TRACON& Tower with Radar,10,36,13,2,61,0,4,6,0,10,10,40,19,2,71,1,0,1,72
04/22/2017,AVP,PA,AEA,EN,Combined TRACON& Tower with Radar,10,19,13,0,42,0,2,8,0,10,10,21,21,0,52,0,0,0,52
04/23/2017,AVP,PA,AEA,EN,Combined TRACON& Tower with Radar,7,19,14,0,40,0,5,31,0,36,7,24,45,0,76,24,0,24,100
04/24/2017,AVP,PA,AEA,EN,Combined TRACON& Tower with Radar,11,26,15,0,52,0,3,32,1,36,11,29,47,1,88,18,0,18,106
04/25/2017,AVP,PA,AEA,EN,Combined TRACON& Tower with Radar,8,32,6,4,50,0,6,4,0,10,8,38,10,4,60,20,0,20,80
04/26/2017,AVP,PA,AEA,EN,Combined TRACON& Tower with Radar,8,31,27,0,66,0,4,19,0,23,8,35,46,0,89,76,0,76,165
04/27/2017,AVP,PA,AEA,EN,Combined TRACON& Tower with Radar,10,33,19,0,62,0,2,21,0,23,10,35,40,0,85,50,0,50,135
04/28/2017,AVP,PA,AEA,EN,Combined TRACON& Tower with Radar,10,30,25,1,66,0,4,40,5,49,10,34,65,6,115,71,0,71,186
04/29/2017,AVP,PA,AEA,EN,Combined TRACON& Tower with Radar,8,15,7,0,30,0,2,13,0,15,8,17,20,0,45,2,0,2,47
04/30/2017,AVP,PA,AEA,EN,Combined TRACON& Tower with Radar,8,25,25,0,58,0,4,20,0,24,8,29,45,0,82,24,0,24,106
05/01/2017,AVP,PA,AEA,EN,Combined TRACON& Tower with Radar,12,23,16,4,55,0,3,4,0,7,12,26,20,4,62,30,0,30,92
05/02/2017,AVP,PA,AEA,EN,Combined TRACON& Tower with Radar,8,30,8,0,46,0,15,12,0,27,8,45,20,0,73,46,0,46,119
05/03/2017,AVP,PA,AEA,EN,Combined TRACON& Tower with Radar,8,31,14,0,53,0,4,9,1,14,8,35,23,1,67,16,0,16,83
05/04/2017,AVP,PA,AEA,EN,Combined TRACON& Tower with Radar,8,30,14,0,52,0,2,37,2,41,8,32,51,2,93,20,0,20,113
05/05/2017,AVP,PA,AEA,EN,Combined TRACON& Tower with Radar,16,29,9,0,54,0,19,13,0,32,16,48,22,0,86,84,0,84,170
05/06/2017,AVP,PA,AEA,EN,Combined TRACON& Tower with Radar,8,18,15,0,41,0,12,5,0,17,8,30,20,0,58,36,0,36,94
05/07/2017,AVP,PA,AEA,EN,Combined TRACON& Tower with Radar,10,19,7,0,36,0,11,8,0,19,10,30,15,0,55,33,0,33,88
05/08/2017,AVP,PA,AEA,EN,Combined TRACON& Tower with Radar,12,28,8,0,48,0,15,30,0,45,12,43,38,0,93,130,0,130,223
05/09/2017,AVP,PA,AEA,EN,Combined TRACON& Tower with Radar,8,30,22,0,60,0,12,23,0,35,8,42,45,0,95,88,0,88,183
05/10/2017,AVP,PA,AEA,EN,Combined TRACON& Tower with Radar,8,37,23,0,68,0,7,26,0,33,8,44,49,0,101,55,0,55,156
05/11/2017,AVP,PA,AEA,EN,Combined TRACON& Tower with Radar,10,31,27,0,68,0,10,26,0,36,10,41,53,0,104,103,0,103,207
05/12/2017,AVP,PA,AEA,EN,Combined TRACON& Tower with Radar,10,31,13,0,54,0,20,46,0,66,10,51,59,0,120,122,0,122,242
05/13/2017,AVP,PA,AEA,EN,Combined TRACON& Tower with Radar,8,17,8,0,33,0,7,6,0,13,8,24,14,0,46,39,0,39,85
05/14/2017,AVP,PA,AEA,EN,Combined TRACON& Tower with Radar,10,23,8,1,42,0,11,13,0,24,10,34,21,1,66,50,0,50,116
05/15/2017,AVP,PA,AEA,EN,Combined TRACON& Tower with Radar,10,28,13,2,53,0,1,12,0,13,10,29,25,2,66,34,0,34,100
05/16/2017,AVP,PA,AEA,EN,Combined TRACON& Tower with Radar,8,31,19,0,58,0,5,57,0,62,8,36,76,0,120,37,0,37,157
05/17/2017,AVP,PA,AEA,EN,Combined TRACON& Tower with Radar,10,28,24,1,63,0,27,41,0,68,10,55,65,1,131,141,0,141,272
05/18/2017,AVP,PA,AEA,EN,Combined TRACON& Tower with Radar,10,27,23,1,61,0,19,38,4,61,10,46,61,5,122,113,0,113,235
05/19/2017,AVP,PA,AEA,EN,Combined TRACON& Tower with Radar,8,27,11,2,48,0,3,17,7,27,8,30,28,9,75,60,0,60,135
05/20/2017,AVP,PA,AEA,EN,Combined TRACON& Tower with Radar,11,20,8,5,44,0,3,29,2,34,11,23,37,7,78,58,0,58,136
05/21/2017,AVP,PA,AEA,EN,Combined TRACON& Tower with Radar,11,19,22,0,52,0,14,34,0,48,11,33,56,0,100,72,0,72,172
05/22/2017,AVP,PA,AEA,EN,Combined TRACON& Tower with Radar,8,28,8,0,44,0,12,14,0,26,8,40,22,0,70,71,0,71,141
05/23/2017,AVP,PA,AEA,EN,Combined TRACON& Tower with Radar,8,32,30,2,72,0,21,41,0,62,8,53,71,2,134,120,0,120,254
05/24/2017,AVP,PA,AEA,EN,Combined TRACON& Tower with Radar,9,32,27,0,68,0,16,39,1,56,9,48,66,1,124,159,0,159,283
05/25/2017,AVP,PA,AEA,EN,Combined TRACON& Tower with Radar,9,32,11,0,52,0,0,1,0,1,9,32,12,0,53,0,0,0,53
05/26/2017,AVP,PA,AEA,EN,Combined TRACON& Tower with Radar,7,32,12,0,51,0,7,7,0,14,7,39,19,0,65,40,0,40,105
05/27/2017,AVP,PA,AEA,EN,Combined TRACON& Tower with Radar,12,24,13,0,49,0,8,16,0,24,12,32,29,0,73,76,0,76,149
05/28/2017,AVP,PA,AEA,EN,Combined TRACON& Tower with Radar,11,17,10,0,38,0,16,32,0,48,11,33,42,0,86,89,0,89,175
05/29/2017,AVP,PA,AEA,EN,Combined TRACON& Tower with Radar,8,26,14,0,48,0,6,3,0,9,8,32,17,0,57,30,0,30,87
05/30/2017,AVP,PA,AEA,EN,Combined TRACON& Tower with Radar,8,31,16,0,55,0,6,4,0,10,8,37,20,0,65,15,0,15,80
05/31/2017,AVP,PA,AEA,EN,Combined TRACON& Tower with Radar,10,32,9,0,51,0,6,19,0,25,10,38,28,0,76,41,0,41,117
06/01/2017,AVP,PA,AEA,EN,Combined TRACON& Tower with Radar,10,28,9,0,47,0,23,56,1,80,10,51,65,1,127,130,0,130,257
06/02/2017,AVP,PA,AEA,EN,Combined TRACON& Tower with Radar,10,30,15,4,59,0,13,55,0,68,10,43,70,4,127,110,0,110,237
06/03/2017,AVP,PA,AEA,EN,Combined TRACON& Tower with Radar,10,18,13,0,41,0,14,41,0,55,10,32,54,0,96,85,0,85,181
06/04/2017,AVP,PA,AEA,EN,Combined TRACON& Tower with Radar,9,19,10,0,38,0,17,35,0,52,9,36,45,0,90,89,0,89,179
06/05/2017,AVP,PA,AEA,EN,Combined TRACON& Tower with Radar,8,24,15,1,48,0,10,27,1,38,8,34,42,2,86,72,0,72,158
06/06/2017,AVP,PA,AEA,EN,Combined TRACON& Tower with Radar,9,35,12,0,56,0,14,17,0,31,9,49,29,0,87,77,0,77,164
06/07/2017,AVP,PA,AEA,EN,Combined TRACON& Tower with Radar,10,31,13,3,57,0,8,23,3,34,10,39,36,6,91,110,2,112,203
06/08/2017,AVP,PA,AEA,EN,Combined TRACON& Tower with Radar,12,30,33,1,76,0,8,31,2,41,12,38,64,3,117,148,0,148,265
06/09/2017,AVP,PA,AEA,EN,Combined TRACON& Tower with Radar,7,33,26,9,75,0,4,31,0,35,7,37,57,9,110,98,10,108,218
06/10/2017,AVP,PA,AEA,EN,Combined TRACON& Tower with Radar,9,24,28,0,61,0,18,38,1,57,9,42,66,1,118,135,0,135,253
06/11/2017,AVP,PA,AEA,EN,Combined TRACON& Tower with Radar,14,24,49,0,87,0,8,54,0,62,14,32,103,0,149,100,0,100,249
06/12/2017,AVP,PA,AEA,EN,Combined TRACON& Tower with Radar,8,31,19,0,58,0,10,38,0,48,8,41,57,0,106,70,0,70,176
06/13/2017,AVP,PA,AEA,EN,Combined TRACON& Tower with Radar,7,29,18,0,54,0,10,23,0,33,7,39,41,0,87,33,0,33,120
06/14/2017,AVP,PA,AEA,EN,Combined TRACON& Tower with Radar,9,31,18,4,62,0,11,29,5,45,9,42,47,9,107,43,3,46,153
06/15/2017,AVP,PA,AEA,EN,Combined TRACON& Tower with Radar,9,36,29,0,74,0,4,19,0,23,9,40,48,0,97,47,0,47,144
06/16/2017,AVP,PA,AEA,EN,Combined TRACON& Tower with Radar,10,31,23,0,64,0,22,22,0,44,10,53,45,0,108,90,0,90,198
06/17/2017,AVP,PA,AEA,EN,Combined TRACON& Tower with Radar,9,19,10,0,38,0,8,20,0,28,9,27,30,0,66,32,0,32,98
06/18/2017,AVP,PA,AEA,EN,Combined TRACON& Tower with Radar,12,21,15,0,48,0,2,4,0,6,12,23,19,0,54,0,0,0,54
06/19/2017,AVP,PA,AEA,EN,Combined TRACON& Tower with Radar,8,19,8,0,35,0,3,8,1,12,8,22,16,1,47,60,2,62,109
06/20/2017,AVP,PA,AEA,EN,Combined TRACON& Tower with Radar,8,28,9,0,45,0,14,29,0,43,8,42,38,0,88,131,0,131,219
06/21/2017,AVP,PA,AEA,EN,Combined TRACON& Tower with Radar,10,34,18,2,64,0,9,37,0,46,10,43,55,2,110,95,10,105,215
06/22/2017,AVP,PA,AEA,EN,Combined TRACON& Tower with Radar,10,32,13,0,55,0,6,44,0,50,10,38,57,0,105,134,0,134,239
06/23/2017,AVP,PA,AEA,EN,Combined TRACON& Tower with Radar,8,28,26,0,62,0,6,15,0,21,8,34,41,0,83,67,0,67,150
06/24/2017,AVP,PA,AEA,EN,Combined TRACON& Tower with Radar,10,24,14,0,48,0,4,24,0,28,10,28,38,0,76,128,0,128,204
06/25/2017,AVP,PA,AEA,EN,Combined TRACON& Tower with Radar,11,23,26,0,60,0,20,55,0,75,11,43,81,0,135,101,0,101,236
06/26/2017,AVP,PA,AEA,EN,Combined TRACON& Tower with Radar,8,24,12,0,44,0,2,31,0,33,8,26,43,0,77,63,0,63,140
06/27/2017,AVP,PA,AEA,EN,Combined TRACON& Tower with Radar,8,32,14,0,54,0,2,20,0,22,8,34,34,0,76,14,1,15,91
06/28/2017,AVP,PA,AEA,EN,Combined TRACON& Tower with Radar,10,29,20,0,59,0,1,30,2,33,10,30,50,2,92,18,0,18,110
06/29/2017,AVP,PA,AEA,EN,Combined TRACON& Tower with Radar,8,33,13,0,54,0,15,43,0,58,8,48,56,0,112,106,0,106,218
06/30/2017,AVP,PA,AEA,EN,Combined TRACON& Tower with Radar,9,25,12,2,48,0,26,41,0,67,9,51,53,2,115,129,8,137,252
07/01/2017,AVP,PA,AEA,EN,Combined TRACON& Tower with Radar,11,31,12,0,54,0,6,6,0,12,11,37,18,0,66,38,0,38,104
07/02/2017,AVP,PA,AEA,EN,Combined TRACON& Tower with Radar,10,16,16,0,42,0,19,32,0,51,10,35,48,0,93,84,0,84,177
07/03/2017,AVP,PA,AEA,EN,Combined TRACON& Tower with Radar,8,20,9,0,37,0,19,41,0,60,8,39,50,0,97,62,0,62,159
07/04/2017,AVP,PA,AEA,EN,Combined TRACON& Tower with Radar,8,17,10,0,35,0,10,43,0,53,8,27,53,0,88,51,0,51,139
07/05/2017,AVP,PA,AEA,EN,Combined TRACON& Tower with Radar,11,27,11,1,50,0,6,36,3,45,11,33,47,4,95,87,0,87,182
07/06/2017,AVP,PA,AEA,EN,Combined TRACON& Tower with Radar,11,27,26,0,64,0,17,39,0,56,11,44,65,0,120,106,0,106,226
07/07/2017,AVP,PA,AEA,EN,Combined TRACON& Tower with Radar,7,32,7,0,46,0,3,8,1,12,7,35,15,1,58,102,0,102,160
07/08/2017,AVP,PA,AEA,EN,Combined TRACON& Tower with Radar,9,20,8,0,37,0,14,17,2,33,9,34,25,2,70,72,0,72,142
07/09/2017,AVP,PA,AEA,EN,Combined TRACON& Tower with Radar,10,24,27,0,61,1,3,35,4,43,11,27,62,4,104,40,0,40,144
07/10/2017,AVP,PA,AEA,EN,Combined TRACON& Tower with Radar,8,20,10,0,38,0,7,42,0,49,8,27,52,0,87,78,0,78,165
07/11/2017,AVP,PA,AEA,EN,Combined TRACON& Tower with Radar,10,26,18,2,56,0,4,12,1,17,10,30,30,3,73,17,0,17,90
07/12/2017,AVP,PA,AEA,EN,Combined TRACON& Tower with Radar,10,29,16,1,56,0,12,21,1,34,10,41,37,2,90,99,0,99,189
07/13/2017,AVP,PA,AEA,EN,Combined TRACON& Tower with Radar,10,31,28,0,69,0,5,21,0,26,10,36,49,0,95,7,0,7,102
07/14/2017,AVP,PA,AEA,EN,Combined TRACON& Tower with Radar,8,20,10,1,39,0,8,15,1,24,8,28,25,2,63,50,0,50,113
07/15/2017,AVP,PA,AEA,EN,Combined TRACON& Tower with Radar,9,17,15,0,41,0,10,37,0,47,9,27,52,0,88,69,0,69,157
07/16/2017,AVP,PA,AEA,EN,Combined TRACON& Tower with Radar,11,22,15,0,48,0,16,60,0,76,11,38,75,0,124,88,0,88,212
07/17/2017,AVP,PA,AEA,EN,Combined TRACON& Tower with Radar,10,25,10,0,45,0,12,28,0,40,10,37,38,0,85,71,0,71,156
07/18/2017,AVP,PA,AEA,EN,Combined TRACON& Tower with Radar,6,36,28,4,74,0,8,47,6,61,6,44,75,10,135,64,0,64,199
07/19/2017,AVP,PA,AEA,EN,Combined TRACON& Tower with Radar,9,30,8,0,47,0,12,24,0,36,9,42,32,0,83,92,0,92,175
07/20/2017,AVP,PA,AEA,EN,Combined TRACON& Tower with Radar,11,39,26,0,76,0,14,29,0,43,11,53,55,0,119,73,0,73,192
07/21/2017,AVP,PA,AEA,EN,Combined TRACON& Tower with Radar,11,30,11,0,52,0,4,33,0,37,11,34,44,0,89,69,0,69,158
07/22/2017,AVP,PA,AEA,EN,Combined TRACON& Tower with Radar,7,21,9,0,37,0,5,31,0,36,7,26,40,0,73,61,0,61,134
07/23/2017,AVP,PA,AEA,EN,Combined TRACON& Tower with Radar,9,20,9,0,38,0,7,17,0,24,9,27,26,0,62,55,0,55,117
07/24/2017,AVP,PA,AEA,EN,Combined TRACON& Tower with Radar,11,32,13,0,56,0,8,13,0,21,11,40,26,0,77,38,0,38,115
07/25/2017,AVP,PA,AEA,EN,Combined TRACON& Tower with Radar,7,34,21,0,62,0,10,9,0,19,7,44,30,0,81,30,0,30,111
07/26/2017,AVP,PA,AEA,EN,Combined TRACON& Tower with Radar,11,36,21,0,68,0,20,23,1,44,11,56,44,1,112,55,0,55,167
07/27/2017,AVP,PA,AEA,EN,Combined TRACON& Tower with Radar,9,30,24,0,63,0,20,32,0,52,9,50,56,0,115,94,0,94,209
07/28/2017,AVP,PA,AEA,EN,Combined TRACON& Tower with Radar,14,31,43,0,88,0,19,61,0,80,14,50,104,0,168,103,0,103,271
07/29/2017,AVP,PA,AEA,EN,Combined TRACON& Tower with Radar,10,24,19,0,53,0,13,23,0,36,10,37,42,0,89,69,0,69,158
07/30/2017,AVP,PA,AEA,EN,Combined TRACON& Tower with Radar,14,27,46,0,87,0,13,56,0,69,14,40,102,0,156,128,0,128,284
07/31/2017,AVP,PA,AEA,EN,Combined TRACON& Tower with Radar,8,25,10,0,43,0,23,54,0,77,8,48,64,0,120,113,0,113,233
08/01/2017,AVP,PA,AEA,EN,Combined TRACON& Tower with Radar,12,28,13,0,53,0,18,36,0,54,12,46,49,0,107,90,0,90,197
08/02/2017,AVP,PA,AEA,EN,Combined TRACON& Tower with Radar,10,35,23,0,68,0,18,28,0,46,10,53,51,0,114,82,0,82,196
08/03/2017,AVP,PA,AEA,EN,Combined TRACON& Tower with Radar,12,28,21,0,61,0,4,21,0,25,12,32,42,0,86,50,0,50,136
08/04/2017,AVP,PA,AEA,EN,Combined TRACON& Tower with Radar,8,28,18,2,56,0,5,18,0,23,8,33,36,2,79,86,0,86,165
08/05/2017,AVP,PA,AEA,EN,Combined TRACON& Tower with Radar,10,22,15,0,47,0,19,22,0,41,10,41,37,0,88,71,0,71,159
08/06/2017,AVP,PA,AEA,EN,Combined TRACON& Tower with Radar,9,23,10,0,42,0,14,44,0,58,9,37,54,0,100,112,0,112,212
08/07/2017,AVP,PA,AEA,EN,Combined TRACON& Tower with Radar,9,29,12,0,50,0,4,2,0,6,9,33,14,0,56,56,0,56,112
08/08/2017,AVP,PA,AEA,EN,Combined TRACON& Tower with Radar,8,31,13,2,54,0,20,49,1,70,8,51,62,3,124,127,0,127,251
08/09/2017,AVP,PA,AEA,EN,Combined TRACON& Tower with Radar,10,34,11,0,55,0,38,64,0,102,10,72,75,0,157,232,0,232,389
08/10/2017,AVP,PA,AEA,EN,Combined TRACON& Tower with Radar,10,28,9,1,48,0,20,57,1,78,10,48,66,2,126,141,0,141,267
08/11/2017,AVP,PA,AEA,EN,Combined TRACON& Tower with Radar,7,30,6,8,51,0,3,24,4,31,7,33,30,12,82,30,0,30,112
08/12/2017,AVP,PA,AEA,EN,Combined TRACON& Tower with Radar,9,21,4,1,35,0,2,5,4,11,9,23,9,5,46,14,50,64,110
08/13/2017,AVP,PA,AEA,EN,Combined TRACON& Tower with Radar,10,23,4,4,41,0,19,29,6,54,10,42,33,10,95,237,266,503,598
08/14/2017,AVP,PA,AEA,EN,Combined TRACON& Tower with Radar,7,26,17,3,53,0,13,49,0,62,7,39,66,3,115,156,0,156,271
08/15/2017,AVP,PA,AEA,EN,Combined TRACON& Tower with Radar,9,30,21,2,62,0,19,21,0,40,9,49,42,2,102,201,0,201,303
08/16/2017,AVP,PA,AEA,EN,Combined TRACON& Tower with Radar,8,36,19,0,63,0,15,23,0,38,8,51,42,0,101,206,0,206,307
08/17/2017,AVP,PA,AEA,EN,Combined TRACON& Tower with Radar,10,33,21,0,64,0,14,29,0,43,10,47,50,0,107,120,0,120,227
08/18/2017,AVP,PA,AEA,EN,Combined TRACON& Tower with Radar,12,29,23,0,64,0,6,9,0,15,12,35,32,0,79,98,0,98,177
08/19/2017,AVP,PA,AEA,EN,Combined TRACON& Tower with Radar,6,24,15,2,47,0,19,42,0,61,6,43,57,2,108,126,0,126,234
08/20/2017,AVP,PA,AEA,EN,Combined TRACON& Tower with Radar,9,25,27,0,61,0,4,39,0,43,9,29,66,0,104,71,0,71,175
08/21/2017,AVP,PA,AEA,EN,Combined TRACON& Tower with Radar,8,25,12,0,45,0,7,37,0,44,8,32,49,0,89,120,0,120,209
08/22/2017,AVP,PA,AEA,EN,Combined TRACON& Tower with Radar,6,26,2,2,36,0,12,26,0,38,6,38,28,2,74,114,0,114,188
08/23/2017,AVP,PA,AEA,EN,Combined TRACON& Tower with Radar,7,24,10,2,43,0,13,37,1,51,7,37,47,3,94,91,2,93,187
08/24/2017,AVP,PA,AEA,EN,Combined TRACON& Tower with Radar,8,30,9,0,47,0,21,38,0,59,8,51,47,0,106,147,0,147,253
08/25/2017,AVP,PA,AEA,EN,Combined TRACON& Tower with Radar,7,28,15,0,50,0,19,47,0,66,7,47,62,0,116,162,0,162,278
08/26/2017,AVP,PA,AEA,EN,Combined TRACON& Tower with Radar,7,22,9,0,38,0,4,42,0,46,7,26,51,0,84,58,0,58,142
08/27/2017,AVP,PA,AEA,EN,Combined TRACON& Tower with Radar,8,25,12,0,45,0,7,38,0,45,8,32,50,0,90,91,0,91,181
08/28/2017,AVP,PA,AEA,EN,Combined TRACON& Tower with Radar,9,23,15,0,47,0,12,42,0,54,9,35,57,0,101,156,0,156,257
08/29/2017,AVP,PA,AEA,EN,Combined TRACON& Tower with Radar,6,28,18,0,52,0,14,23,0,37,6,42,41,0,89,138,0,138,227
08/30/2017,AVP,PA,AEA,EN,Combined TRACON& Tower with Radar,8,28,21,1,58,0,3,33,1,37,8,31,54,2,95,40,0,40,135
08/31/2017,AVP,PA,AEA,EN,Combined TRACON& Tower with Radar,8,32,12,0,52,0,9,18,2,29,8,41,30,2,81,93,0,93,174
09/01/2017,AVP,PA,AEA,EN,Combined TRACON& Tower with Radar,7,34,14,0,55,0,11,31,0,42,7,45,45,0,97,87,0,87,184
09/02/2017,AVP,PA,AEA,EN,Combined TRACON& Tower with Radar,7,22,18,0,47,0,3,19,0,22,7,25,37,0,69,22,0,22,91
09/03/2017,AVP,PA,AEA,EN,Combined TRACON& Tower with Radar,6,18,10,0,34,0,1,0,0,1,6,19,10,0,35,0,0,0,35
09/04/2017,AVP,PA,AEA,EN,Combined TRACON& Tower with Radar,8,23,15,0,46,0,5,34,0,39,8,28,49,0,85,0,0,0,85
09/05/2017,AVP,PA,AEA,EN,Combined TRACON& Tower with Radar,5,27,10,0,42,0,14,23,0,37,5,41,33,0,79,43,0,43,122
09/06/2017,AVP,PA,AEA,EN,Combined TRACON& Tower with Radar,7,30,13,0,50,0,9,17,0,26,7,39,30,0,76,52,0,52,128
09/07/2017,AVP,PA,AEA,EN,Combined TRACON& Tower with Radar,9,27,20,1,57,0,16,27,1,44,9,43,47,2,101,83,0,83,184
09/08/2017,AVP,PA,AEA,EN,Combined TRACON& Tower with Radar,8,27,19,1,55,0,18,28,4,50,8,45,47,5,105,85,0,85,190
09/09/2017,AVP,PA,AEA,EN,Combined TRACON& Tower with Radar,7,18,8,0,33,0,7,8,0,15,7,25,16,0,48,0,0,0,48
09/10/2017,AVP,PA,AEA,EN,Combined TRACON& Tower with Radar,8,22,10,0,40,0,5,33,0,38,8,27,43,0,78,114,0,114,192
09/11/2017,AVP,PA,AEA,EN,Combined TRACON& Tower with Radar,2,29,30,0,61,0,4,29,0,33,2,33,59,0,94,116,0,116,210
09/12/2017,AVP,PA,AEA,EN,Combined TRACON& Tower with Radar,8,30,24,0,62,0,14,102,2,118,8,44,126,2,180,155,0,155,335
09/13/2017,AVP,PA,AEA,EN,Combined TRACON& Tower with Radar,10,31,10,3,54,0,5,19,2,26,10,36,29,5,80,125,0,125,205
09/14/2017,AVP,PA,AEA,EN,Combined TRACON& Tower with Radar,10,30,13,2,55,0,14,5,0,19,10,44,18,2,74,129,0,129,203
09/15/2017,AVP,PA,AEA,EN,Combined TRACON& Tower with Radar,8,27,16,0,51,0,14,68,2,84,8,41,84,2,135,140,0,140,275
09/16/2017,AVP,PA,AEA,EN,Combined TRACON& Tower with Radar,6,18,16,0,40,0,13,30,0,43,6,31,46,0,83,108,0,108,191
09/17/2017,AVP,PA,AEA,EN,Combined TRACON& Tower with Radar,12,21,10,0,43,0,4,14,0,18,12,25,24,0,61,30,0,30,91
09/18/2017,AVP,PA,AEA,EN,Combined TRACON& Tower with Radar,8,31,19,2,60,0,6,27,0,33,8,37,46,2,93,74,0,74,167
09/19/2017,AVP,PA,AEA,EN,Combined TRACON& Tower with Radar,8,37,11,0,56,0,16,21,0,37,8,53,32,0,93,86,0,86,179
09/20/2017,AVP,PA,AEA,EN,Combined TRACON& Tower with Radar,10,31,9,4,54,0,19,36,0,55,10,50,45,4,109,141,0,141,250
09/21/2017,AVP,PA,AEA,EN,Combined TRACON& Tower with Radar,8,29,15,4,56,0,9,35,4,48,8,38,50,8,104,63,0,63,167
09/22/2017,AVP,PA,AEA,EN,Combined TRACON& Tower with Radar,8,34,16,2,60,0,21,37,2,60,8,55,53,4,120,127,0,127,247
09/23/2017,AVP,PA,AEA,EN,Combined TRACON& Tower with Radar,8,18,5,0,31,0,23,53,1,77,8,41,58,1,108,190,0,190,298
09/24/2017,AVP,PA,AEA,EN,Combined TRACON& Tower with Radar,7,23,7,0,37,0,11,56,0,67,7,34,63,0,104,116,0,116,220
09/25/2017,AVP,PA,AEA,EN,Combined TRACON& Tower with Radar,9,27,7,0,43,0,8,21,0,29,9,35,28,0,72,120,0,120,192
09/26/2017,AVP,PA,AEA,EN,Combined TRACON& Tower with Radar,8,28,6,0,42,0,23,55,2,80,8,51,61,2,122,191,0,191,313
09/27/2017,AVP,PA,AEA,EN,Combined TRACON& Tower with Radar,8,30,11,0,49,0,24,35,2,61,8,54,46,2,110,186,0,186,296
09/28/2017,AVP,PA,AEA,EN,Combined TRACON& Tower with Radar,10,32,9,0,51,0,14,34,0,48,10,46,43,0,99,199,0,199,298
09/29/2017,AVP,PA,AEA,EN,Combined TRACON& Tower with Radar,8,32,19,0,59,0,16,36,0,52,8,48,55,0,111,194,0,194,305
09/30/2017,AVP,PA,AEA,EN,Combined TRACON& Tower with Radar,5,21,12,0,38,0,2,5,0,7,5,23,17,0,45,2,0,2,47
10/01/2017,AVP,PA,AEA,EN,Combined TRACON& Tower with Radar,13,21,24,0,58,0,4,55,0,59,13,25,79,0,117,54,0,54,171
10/02/2017,AVP,PA,AEA,EN,Combined TRACON& Tower with Radar,8,28,18,0,54,0,0,42,1,43,8,28,60,1,97,75,0,75,172
10/03/2017,AVP,PA,AEA,EN,Combined TRACON& Tower with Radar,6,28,23,0,57,0,14,63,3,80,6,42,86,3,137,86,0,86,223
10/04/2017,AVP,PA,AEA,EN,Combined TRACON& Tower with Radar,9,30,29,0,68,0,19,71,0,90,9,49,100,0,158,199,0,199,357
10/05/2017,AVP,PA,AEA,EN,Combined TRACON& Tower with Radar,11,32,16,5,64,0,19,45,2,66,11,51,61,7,130,184,6,190,320
10/06/2017,AVP,PA,AEA,EN,Combined TRACON& Tower with Radar,8,30,30,3,71,0,2,32,0,34,8,32,62,3,105,64,0,64,169
10/07/2017,AVP,PA,AEA,EN,Combined TRACON& Tower with Radar,9,21,9,0,39,0,3,25,0,28,9,24,34,0,67,41,0,41,108
10/08/2017,AVP,PA,AEA,EN,Combined TRACON& Tower with Radar,11,23,11,0,45,0,8,8,0,16,11,31,19,0,61,58,0,58,119
10/09/2017,AVP,PA,AEA,EN,Combined TRACON& Tower with Radar,8,27,3,0,38,0,3,2,0,5,8,30,5,0,43,66,0,66,109
10/10/2017,AVP,PA,AEA,EN,Combined TRACON& Tower with Radar,8,33,18,0,59,0,18,40,0,58,8,51,58,0,117,194,0,194,311
10/11/2017,AVP,PA,AEA,EN,Combined TRACON& Tower with Radar,10,30,16,0,56,0,0,6,0,6,10,30,22,0,62,28,0,28,90
10/12/2017,AVP,PA,AEA,EN,Combined TRACON& Tower with Radar,10,31,29,0,70,0,23,28,0,51,10,54,57,0,121,168,0,168,289
10/13/2017,AVP,PA,AEA,EN,Combined TRACON& Tower with Radar,8,32,23,2,65,0,16,34,0,50,8,48,57,2,115,170,0,170,285
10/14/2017,AVP,PA,AEA,EN,Combined TRACON& Tower with Radar,9,23,8,6,46,0,20,22,0,42,9,43,30,6,88,144,0,144,232
10/15/2017,AVP,PA,AEA,EN,Combined TRACON& Tower with Radar,10,21,12,0,43,0,12,10,0,22,10,33,22,0,65,92,0,92,157
10/16/2017,AVP,PA,AEA,EN,Combined TRACON& Tower with Radar,9,25,11,0,45,0,12,17,0,29,9,37,28,0,74,86,0,86,160
10/17/2017,AVP,PA,AEA,EN,Combined TRACON& Tower with Radar,8,32,6,2,48,0,20,65,4,89,8,52,71,6,137,208,0,208,345
10/18/2017,AVP,PA,AEA,EN,Combined TRACON& Tower with Radar,10,30,14,0,54,0,14,31,0,45,10,44,45,0,99,169,0,169,268
10/19/2017,AVP,PA,AEA,EN,Combined TRACON& Tower with Radar,10,31,12,12,65,0,18,44,0,62,10,49,56,12,127,92,0,92,219
10/20/2017,AVP,PA,AEA,EN,Combined TRACON& Tower with Radar,8,34,24,0,66,0,25,66,0,91,8,59,90,0,157,188,0,188,345
10/21/2017,AVP,PA,AEA,EN,Combined TRACON& Tower with Radar,10,19,19,0,48,0,16,52,0,68,10,35,71,0,116,178,0,178,294
10/22/2017,AVP,PA,AEA,EN,Combined TRACON& Tower with Radar,10,21,18,0,49,0,9,33,0,42,10,30,51,0,91,123,2,125,216
10/23/2017,AVP,PA,AEA,EN,Combined TRACON& Tower with Radar,6,25,5,2,38,0,5,13,0,18,6,30,18,2,56,117,0,117,173
10/24/2017,AVP,PA,AEA,EN,Combined TRACON& Tower with Radar,12,31,10,0,53,0,16,14,0,30,12,47,24,0,83,98,0,98,181
10/25/2017,AVP,PA,AEA,EN,Combined TRACON& Tower with Radar,10,30,9,0,49,0,30,45,0,75,10,60,54,0,124,196,0,196,320
10/26/2017,AVP,PA,AEA,EN,Combined TRACON& Tower with Radar,10,31,13,0,54,0,31,32,0,63,10,62,45,0,117,171,0,171,288
10/27/2017,AVP,PA,AEA,EN,Combined TRACON& Tower with Radar,8,32,8,0,48,0,27,46,0,73,8,59,54,0,121,168,0,168,289
10/28/2017,AVP,PA,AEA,EN,Combined TRACON& Tower with Radar,7,24,7,0,38,0,0,11,0,11,7,24,18,0,49,0,0,0,49
10/29/2017,AVP,PA,AEA,EN,Combined TRACON& Tower with Radar,13,18,2,0,33,0,6,0,0,6,13,24,2,0,39,0,0,0,39
10/30/2017,AVP,PA,AEA,EN,Combined TRACON& Tower with Radar,6,29,9,0,44,0,8,0,0,8,6,37,9,0,52,0,0,0,52
10/31/2017,AVP,PA,AEA,EN,Combined TRACON& Tower with Radar,8,26,12,0,46,0,20,36,2,58,8,46,48,2,104,132,0,132,236
11/01/2017,AVP,PA,AEA,EN,Combined TRACON& Tower with Radar,9,31,9,0,49,0,12,21,0,33,9,43,30,0,82,107,0,107,189
11/02/2017,AVP,PA,AEA,EN,Combined TRACON& Tower with Radar,11,33,14,1,59,0,12,21,1,34,11,45,35,2,93,66,0,66,159
11/03/2017,AVP,PA,AEA,EN,Combined TRACON& Tower with Radar,8,29,13,1,51,0,22,37,0,59,8,51,50,1,110,95,0,95,205
11/04/2017,AVP,PA,AEA,EN,Combined TRACON& Tower with Radar,8,19,12,3,42,0,18,51,0,69,8,37,63,3,111,150,0,150,261
11/05/2017,AVP,PA,AEA,EN,Combined TRACON& Tower with Radar,10,17,12,1,40,0,6,4,0,10,10,23,16,1,50,100,0,100,150
11/06/2017,AVP,PA,AEA,EN,Combined TRACON& Tower with Radar,8,29,6,0,43,0,11,5,0,16,8,40,11,0,59,108,0,108,167
11/07/2017,AVP,PA,AEA,EN,Combined TRACON& Tower with Radar,8,34,7,0,49,0,8,16,0,24,8,42,23,0,73,128,0,128,201
11/08/2017,AVP,PA,AEA,EN,Combined TRACON& Tower with Radar,10,33,14,0,57,0,6,24,0,30,10,39,38,0,87,69,0,69,156
11/09/2017,AVP,PA,AEA,EN,Combined TRACON& Tower with Radar,9,25,7,4,45,0,1,10,0,11,9,26,17,4,56,48,0,48,104
11/10/2017,AVP,PA,AEA,EN,Combined TRACON& Tower with Radar,8,30,8,0,46,0,2,9,1,12,8,32,17,1,58,6,0,6,64
11/11/2017,AVP,PA,AEA,EN,Combined TRACON& Tower with Radar,10,21,14,0,45,0,4,57,0,61,10,25,71,0,106,82,0,82,188
11/12/2017,AVP,PA,AEA,EN,Combined TRACON& Tower with Radar,13,18,16,0,47,0,9,41,0,50,13,27,57,0,97,58,0,58,155
11/13/2017,AVP,PA,AEA,EN,Combined TRACON& Tower with Radar,8,24,12,1,45,0,1,7,0,8,8,25,19,1,53,86,0,86,139
11/14/2017,AVP,PA,AEA,EN,Combined TRACON& Tower with Radar,8,36,6,1,51,0,12,6,0,18,8,48,12,1,69,5,0,5,74
11/15/2017,AVP,PA,AEA,EN,Combined TRACON& Tower with Radar,9,32,15,0,56,0,12,32,0,44,9,44,47,0,100,134,0,134,234
11/16/2017,AVP,PA,AEA,EN,Combined TRACON& Tower with Radar,13,26,5,0,44,0,18,28,0,46,13,44,33,0,90,106,0,106,196
11/17/2017,AVP,PA,AEA,EN,Combined TRACON& Tower with Radar,8,32,15,0,55,0,20,38,0,58,8,52,53,0,113,150,0,150,263
11/18/2017,AVP,PA,AEA,EN,Combined TRACON& Tower with Radar,9,20,10,0,39,0,0,0,0,0,9,20,10,0,39,0,0,0,39
11/19/2017,AVP,PA,AEA,EN,Combined TRACON& Tower with Radar,11,14,1,0,26,0,4,6,2,12,11,18,7,2,38,112,0,112,150
11/20/2017,AVP,PA,AEA,EN,Combined TRACON& Tower with Radar,8,20,11,0,39,0,15,26,0,41,8,35,37,0,80,112,0,112,192
11/21/2017,AVP,PA,AEA,EN,Combined TRACON& Tower with Radar,14,32,15,2,63,0,16,22,0,38,14,48,37,2,101,171,0,171,272
11/22/2017,AVP,PA,AEA,EN,Combined TRACON& Tower with Radar,8,28,7,0,43,0,0,4,0,4,8,28,11,0,47,0,0,0,47
11/23/2017,AVP,PA,AEA,EN,Combined TRACON& Tower with Radar,3,10,6,0,19,0,7,8,0,15,3,17,14,0,34,0,0,0,34
11/24/2017,AVP,PA,AEA,EN,Combined TRACON& Tower with Radar,5,18,15,0,38,0,16,45,0,61,5,34,60,0,99,139,0,139,238
11/25/2017,AVP,PA,AEA,EN,Combined TRACON& Tower with Radar,13,25,8,0,46,0,0,19,0,19,13,25,27,0,65,12,0,12,77
11/26/2017,AVP,PA,AEA,EN,Combined TRACON& Tower with Radar,10,20,16,0,46,0,4,7,0,11,10,24,23,0,57,0,0,0,57
11/27/2017,AVP,PA,AEA,EN,Combined TRACON& Tower with Radar,9,22,17,0,48,0,6,14,0,20,9,28,31,0,68,0,0,0,68
11/28/2017,AVP,PA,AEA,EN,Combined TRACON& Tower with Radar,7,26,10,8,51,0,7,42,14,63,7,33,52,22,114,59,0,59,173
11/29/2017,AVP,PA,AEA,EN,Combined TRACON& Tower with Radar,10,24,21,1,56,0,1,19,2,22,10,25,40,3,78,50,4,54,132
11/30/2017,AVP,PA,AEA,EN,Combined TRACON& Tower with Radar,10,24,18,0,52,0,13,33,0,46,10,37,51,0,98,91,0,91,189
12/01/2017,AVP,PA,AEA,EN,Combined TRACON& Tower with Radar,8,22,17,9,56,0,27,38,3,68,8,49,55,12,124,200,0,200,324
12/02/2017,AVP,PA,AEA,EN,Combined TRACON& Tower with Radar,8,16,13,0,37,0,15,37,0,52,8,31,50,0,89,70,0,70,159
12/03/2017,AVP,PA,AEA,EN,Combined TRACON& Tower with Radar,10,17,22,0,49,0,2,16,0,18,10,19,38,0,67,111,0,111,178
12/04/2017,AVP,PA,AEA,EN,Combined TRACON& Tower with Radar,8,21,16,0,45,0,20,26,0,46,8,41,42,0,91,166,0,166,257
12/05/2017,AVP,PA,AEA,EN,Combined TRACON& Tower with Radar,8,27,7,0,42,0,3,4,0,7,8,30,11,0,49,27,0,27,76
12/06/2017,AVP,PA,AEA,EN,Combined TRACON& Tower with Radar,9,28,11,1,49,0,14,33,1,48,9,42,44,2,97,140,0,140,237
12/07/2017,AVP,PA,AEA,EN,Combined TRACON& Tower with Radar,10,23,13,9,55,0,16,43,1,60,10,39,56,10,115,173,22,195,310
12/08/2017,AVP,PA,AEA,EN,Combined TRACON& Tower with Radar,8,28,21,0,57,0,15,52,1,68,8,43,73,1,125,122,0,122,247
12/09/2017,AVP,PA,AEA,EN,Combined TRACON& Tower with Radar,7,16,6,0,29,0,1,2,0,3,7,17,8,0,32,0,0,0,32
12/10/2017,AVP,PA,AEA,EN,Combined TRACON& Tower with Radar,10,16,21,0,47,0,2,11,0,13,10,18,32,0,60,0,0,0,60
12/11/2017,AVP,PA,AEA,EN,Combined TRACON& Tower with Radar,8,20,12,0,40,0,2,16,0,18,8,22,28,0,58,0,0,0,58
12/12/2017,AVP,PA,AEA,EN,Combined TRACON& Tower with Radar,8,23,8,0,39,0,2,0,0,2,8,25,8,0,41,0,0,0,41
12/13/2017,AVP,PA,AEA,EN,Combined TRACON& Tower with Radar,9,23,6,0,38,0,3,4,0,7,9,26,10,0,45,0,0,0,45
12/14/2017,AVP,PA,AEA,EN,Combined TRACON& Tower with Radar,11,21,10,0,42,0,12,12,3,27,11,33,22,3,69,58,2,60,129
12/15/2017,AVP,PA,AEA,EN,Combined TRACON& Tower with Radar,8,25,14,0,47,0,18,32,0,50,8,43,46,0,97,121,0,121,218
12/16/2017,AVP,PA,AEA,EN,Combined TRACON& Tower with Radar,7,19,14,0,40,0,0,3,0,3,7,19,17,0,43,0,0,0,43
12/17/2017,AVP,PA,AEA,EN,Combined TRACON& Tower with Radar,8,15,13,0,36,0,11,15,0,26,8,26,28,0,62,154,0,154,216
12/18/2017,AVP,PA,AEA,EN,Combined TRACON& Tower with Radar,6,24,8,0,38,0,6,18,0,24,6,30,26,0,62,90,0,90,152
12/19/2017,AVP,PA,AEA,EN,Combined TRACON& Tower with Radar,9,28,21,0,58,0,16,24,0,40,9,44,45,0,98,103,0,103,201
12/20/2017,AVP,PA,AEA,EN,Combined TRACON& Tower with Radar,10,23,14,3,50,0,25,37,3,65,10,48,51,6,115,145,0,145,260
12/21/2017,AVP,PA,AEA,EN,Combined TRACON& Tower with Radar,10,20,30,0,60,0,14,43,0,57,10,34,73,0,117,112,0,112,229
12/22/2017,AVP,PA,AEA,EN,Combined TRACON& Tower with Radar,8,27,2,0,37,0,10,6,0,16,8,37,8,0,53,37,0,37,90
12/23/2017,AVP,PA,AEA,EN,Combined TRACON& Tower with Radar,7,19,1,0,27,0,0,0,0,0,7,19,1,0,27,0,0,0,27
12/24/2017,AVP,PA,AEA,EN,Combined TRACON& Tower with Radar,11,15,11,0,37,0,1,13,0,14,11,16,24,0,51,0,0,0,51
12/25/2017,AVP,PA,AEA,EN,Combined TRACON& Tower with Radar,8,14,3,0,25,0,1,0,2,3,8,15,3,2,28,0,0,0,28
12/26/2017,AVP,PA,AEA,EN,Combined TRACON& Tower with Radar,9,22,6,0,37,0,3,12,0,15,9,25,18,0,52,0,0,0,52
12/27/2017,AVP,PA,AEA,EN,Combined TRACON& Tower with Radar,13,24,10,0,47,0,29,45,0,74,13,53,55,0,121,96,0,96,217
12/28/2017,AVP,PA,AEA,EN,Combined TRACON& Tower with Radar,13,23,6,0,42,0,26,28,0,54,13,49,34,0,96,106,0,106,202
12/29/2017,AVP,PA,AEA,EN,Combined TRACON& Tower with Radar,11,18,7,2,38,0,19,19,0,38,11,37,26,2,76,105,0,105,181
12/30/2017,AVP,PA,AEA,EN,Combined TRACON& Tower with Radar,9,14,1,0,24,0,9,1,0,10,9,23,2,0,34,24,0,24,58
12/31/2017,AVP,PA,AEA,EN,Combined TRACON& Tower with Radar,11,12,0,0,23,0,5,8,0,13,11,17,8,0,36,26,0,26,62
01/01/2018,AVP,PA,AEA,EN,Combined TRACON& Tower with Radar,12,16,11,0,39,0,8,18,1,27,12,24,29,1,66,66,0,66,132
01/02/2018,AVP,PA,AEA,EN,Combined TRACON& Tower with Radar,10,25,13,0,48,0,9,19,0,28,10,34,32,0,76,108,0,108,184
01/03/2018,AVP,PA,AEA,EN,Combined TRACON& Tower with Radar,12,28,14,4,58,0,6,41,0,47,12,34,55,4,105,118,0,118,223
01/04/2018,AVP,PA,AEA,EN,Combined TRACON& Tower with Radar,12,12,3,0,27,0,0,0,0,0,12,12,3,0,27,0,0,0,27
01/05/2018,AVP,PA,AEA,EN,Combined TRACON& Tower with Radar,9,18,4,0,31,0,1,3,1,5,9,19,7,1,36,0,0,0,36
01/06/2018,AVP,PA,AEA,EN,Combined TRACON& Tower with Radar,8,15,5,0,28,0,3,6,0,9,8,18,11,0,37,0,0,0,37
01/07/2018,AVP,PA,AEA,EN,Combined TRACON& Tower with Radar,7,17,16,0,40,0,4,20,3,27,7,21,36,3,67,18,0,18,85
01/08/2018,AVP,PA,AEA,EN,Combined TRACON& Tower with Radar,8,20,4,0,32,0,9,10,0,19,8,29,14,0,51,82,0,82,133
01/09/2018,AVP,PA,AEA,EN,Combined TRACON& Tower with Radar,8,21,5,0,34,0,19,29,0,48,8,40,34,0,82,108,0,108,190
01/10/2018,AVP,PA,AEA,EN,Combined TRACON& Tower with Radar,8,23,7,0,38,0,7,40,1,48,8,30,47,1,86,99,0,99,185
01/11/2018,AVP,PA,AEA,EN,Combined TRACON& Tower with Radar,8,24,9,1,42,0,2,0,0,2,8,26,9,1,44,0,0,0,44
01/12/2018,AVP,PA,AEA,EN,Combined TRACON& Tower with Radar,10,27,13,1,51,0,11,0,0,11,10,38,13,1,62,32,0,32,94
01/13/2018,AVP,PA,AEA,EN,Combined TRACON& Tower with Radar,6,13,2,0,21,0,0,1,0,1,6,13,3,0,22,0,0,0,22
01/14/2018,AVP,PA,AEA,EN,Combined TRACON& Tower with Radar,8,16,1,0,25,0,7,17,2,26,8,23,18,2,51,109,0,109,160
01/15/2018,AVP,PA,AEA,EN,Combined TRACON& Tower with Radar,8,23,10,0,41,0,16,22,0,38,8,39,32,0,79,111,0,111,190
01/16/2018,AVP,PA,AEA,EN,Combined TRACON& Tower with Radar,8,24,0,0,32,0,6,6,0,12,8,30,6,0,44,42,0,42,86
01/17/2018,AVP,PA,AEA,EN,Combined TRACON& Tower with Radar,4,22,8,1,35,0,7,7,1,15,4,29,15,2,50,94,0,94,144
01/18/2018,AVP,PA,AEA,EN,Combined TRACON& Tower with Radar,2,28,14,0,44,0,9,30,0,39,2,37,44,0,83,118,0,118,201
01/19/2018,AVP,PA,AEA,EN,Combined TRACON& Tower with Radar,10,22,6,0,38,0,18,48,0,66,10,40,54,0,104,103,0,103,207
01/20/2018,AVP,PA,AEA,EN,Combined TRACON& Tower with Radar,6,14,8,0,28,0,11,27,0,38,6,25,35,0,66,55,0,55,121
01/21/2018,AVP,PA,AEA,EN,Combined TRACON& Tower with Radar,8,18,2,0,28,0,4,12,0,16,8,22,14,0,44,108,0,108,152
01/22/2018,AVP,PA,AEA,EN,Combined TRACON& Tower with Radar,8,19,9,0,36,0,2,0,0,2,8,21,9,0,38,0,0,0,38
01/23/2018,AVP,PA,AEA,EN,Combined TRACON& Tower with Radar,8,23,9,0,40,0,0,2,0,2,8,23,11,0,42,0,0,0,42
01/24/2018,AVP,PA,AEA,EN,Combined TRACON& Tower with Radar,8,29,15,0,52,0,10,26,0,36,8,39,41,0,88,118,0,118,206
01/25/2018,AVP,PA,AEA,EN,Combined TRACON& Tower with Radar,8,28,23,0,59,0,6,19,0,25,8,34,42,0,84,0,0,0,84
01/26/2018,AVP,PA,AEA,EN,Combined TRACON& Tower with Radar,10,28,24,0,62,0,16,62,0,78,10,44,86,0,140,146,0,146,286
01/27/2018,AVP,PA,AEA,EN,Combined TRACON& Tower with Radar,7,20,9,0,36,0,2,26,0,28,7,22,35,0,64,48,0,48,112
01/28/2018,AVP,PA,AEA,EN,Combined TRACON& Tower with Radar,6,20,6,0,32,0,2,7,0,9,6,22,13,0,41,24,0,24,65
01/29/2018,AVP,PA,AEA,EN,Combined TRACON& Tower with Radar,9,24,20,0,53,0,15,33,0,48,9,39,53,0,101,137,0,137,238
01/30/2018,AVP,PA,AEA,EN,Combined TRACON& Tower with Radar,8,23,1,0,32,0,8,7,0,15,8,31,8,0,47,127,0,127,174
01/31/2018,AVP,PA,AEA,EN,Combined TRACON& Tower with Radar,8,25,15,0,48,0,7,45,2,54,8,32,60,2,102,107,0,107,209
02/01/2018,AVP,PA,AEA,EN,Combined TRACON& Tower with Radar,8,22,18,4,52,0,5,24,0,29,8,27,42,4,81,94,0,94,175
02/02/2018,AVP,PA,AEA,EN,Combined TRACON& Tower with Radar,8,21,8,0,37,0,15,12,0,27,8,36,20,0,64,75,0,75,139
02/03/2018,AVP,PA,AEA,EN,Combined TRACON& Tower with Radar,7,17,11,0,35,0,2,28,0,30,7,19,39,0,65,53,0,53,118
02/04/2018,AVP,PA,AEA,EN,Combined TRACON& Tower with Radar,6,10,2,0,18,0,0,0,0,0,6,10,2,0,18,0,0,0,18
02/05/2018,AVP,PA,AEA,EN,Combined TRACON& Tower with Radar,9,20,11,0,40,0,0,4,0,4,9,20,15,0,44,0,0,0,44
02/06/2018,AVP,PA,AEA,EN,Combined TRACON& Tower with Radar,8,25,18,0,51,0,16,27,2,45,8,41,45,2,96,94,2,96,192
02/07/2018,AVP,PA,AEA,EN,Combined TRACON& Tower with Radar,3,12,3,0,18,0,1,0,0,1,3,13,3,0,19,0,0,0,19
02/08/2018,AVP,PA,AEA,EN,Combined TRACON& Tower with Radar,7,28,15,0,50,0,5,17,0,22,7,33,32,0,72,10,0,10,82
02/09/2018,AVP,PA,AEA,EN,Combined TRACON& Tower with Radar,8,22,12,0,42,0,4,4,0,8,8,26,16,0,50,36,0,36,86
02/10/2018,AVP,PA,AEA,EN,Combined TRACON& Tower with Radar,7,23,15,0,45,0,0,8,0,8,7,23,23,0,53,16,0,16,69
02/11/2018,AVP,PA,AEA,EN,Combined TRACON& Tower with Radar,9,14,11,0,34,0,0,0,0,0,9,14,11,0,34,0,0,0,34
02/12/2018,AVP,PA,AEA,EN,Combined TRACON& Tower with Radar,9,19,15,0,43,0,3,19,0,22,9,22,34,0,65,104,0,104,169
02/13/2018,AVP,PA,AEA,EN,Combined TRACON& Tower with Radar,8,24,24,0,56,0,2,35,0,37,8,26,59,0,93,46,0,46,139
02/14/2018,AVP,PA,AEA,EN,Combined TRACON& Tower with Radar,8,26,17,5,56,0,16,35,1,52,8,42,52,6,108,112,0,112,220
02/15/2018,AVP,PA,AEA,EN,Combined TRACON& Tower with Radar,8,27,14,0,49,0,1,2,0,3,8,28,16,0,52,0,0,0,52
02/16/2018,AVP,PA,AEA,EN,Combined TRACON& Tower with Radar,7,23,3,0,33,0,15,13,0,28,7,38,16,0,61,61,0,61,122
02/17/2018,AVP,PA,AEA,EN,Combined TRACON& Tower with Radar,8,14,9,0,31,0,9,24,0,33,8,23,33,0,64,42,0,42,106
02/18/2018,AVP,PA,AEA,EN,Combined TRACON& Tower with Radar,7,15,11,0,33,0,2,19,0,21,7,17,30,0,54,0,0,0,54
02/19/2018,AVP,PA,AEA,EN,Combined TRACON& Tower with Radar,9,27,9,0,45,0,0,3,0,3,9,27,12,0,48,0,0,0,48
02/20/2018,AVP,PA,AEA,EN,Combined TRACON& Tower with Radar,10,29,20,1,60,0,3,9,1,13,10,32,29,2,73,10,0,10,83
02/21/2018,AVP,PA,AEA,EN,Combined TRACON& Tower with Radar,8,24,11,0,43,0,11,22,0,33,8,35,33,0,76,100,0,100,176
02/22/2018,AVP,PA,AEA,EN,Combined TRACON& Tower with Radar,10,33,9,2,54,0,7,10,0,17,10,40,19,2,71,88,0,88,159
02/23/2018,AVP,PA,AEA,EN,Combined TRACON& Tower with Radar,7,23,8,0,38,0,2,0,0,2,7,25,8,0,40,0,0,0,40
02/24/2018,AVP,PA,AEA,EN,Combined TRACON& Tower with Radar,8,16,8,0,32,0,0,0,0,0,8,16,8,0,32,0,0,0,32
02/25/2018,AVP,PA,AEA,EN,Combined TRACON& Tower with Radar,6,21,3,0,30,0,4,5,0,9,6,25,8,0,39,50,0,50,89
02/26/2018,AVP,PA,AEA,EN,Combined TRACON& Tower with Radar,9,24,12,0,45,0,5,32,0,37,9,29,44,0,82,28,0,28,110
02/27/2018,AVP,PA,AEA,EN,Combined TRACON& Tower with Radar,7,23,9,0,39,0,5,46,0,51,7,28,55,0,90,34,0,34,124
02/28/2018,AVP,PA,AEA,EN,Combined TRACON& Tower with Radar,10,25,18,0,53,0,5,37,2,44,10,30,55,2,97,20,0,20,117
03/01/2018,AVP,PA,AEA,EN,Combined TRACON& Tower with Radar,8,25,7,2,42,0,8,11,0,19,8,33,18,2,61,71,0,71,132
03/02/2018,AVP,PA,AEA,EN,Combined TRACON& Tower with Radar,4,9,1,0,14,0,0,0,0,0,4,9,1,0,14,0,0,0,14
03/03/2018,AVP,PA,AEA,EN,Combined TRACON& Tower with Radar,7,13,13,0,33,0,0,0,0,0,7,13,13,0,33,0,0,0,33
03/04/2018,AVP,PA,AEA,EN,Combined TRACON& Tower with Radar,8,15,10,0,33,0,15,16,0,31,8,30,26,0,64,28,0,28,92
03/05/2018,AVP,PA,AEA,EN,Combined TRACON& Tower with Radar,8,20,11,0,39,0,3,19,1,23,8,23,30,1,62,38,0,38,100
03/06/2018,AVP,PA,AEA,EN,Combined TRACON& Tower with Radar,8,24,17,0,49,0,2,28,0,30,8,26,45,0,79,38,0,38,117
03/07/2018,AVP,PA,AEA,EN,Combined TRACON& Tower with Radar,3,15,3,0,21,0,4,4,0,8,3,19,7,0,29,42,0,42,71
03/08/2018,AVP,PA,AEA,EN,Combined TRACON& Tower with Radar,6,21,2,0,29,0,2,1,0,3,6,23,3,0,32,0,0,0,32
03/09/2018,AVP,PA,AEA,EN,Combined TRACON& Tower with Radar,9,24,5,0,38,0,0,9,0,9,9,24,14,0,47,2,0,2,49
03/10/2018,AVP,PA,AEA,EN,Combined TRACON& Tower with Radar,9,21,17,0,47,0,6,19,0,25,9,27,36,0,72,12,0,12,84
03/11/2018,AVP,PA,AEA,EN,Combined TRACON& Tower with Radar,9,15,21,0,45,0,4,57,2,63,9,19,78,2,108,64,0,64,172
03/12/2018,AVP,PA,AEA,EN,Combined TRACON& Tower with Radar,7,18,8,0,33,0,3,13,0,16,7,21,21,0,49,48,0,48,97
03/13/2018,AVP,PA,AEA,EN,Combined TRACON& Tower with Radar,9,23,11,0,43,0,4,5,0,9,9,27,16,0,52,6,0,6,58
03/14/2018,AVP,PA,AEA,EN,Combined TRACON& Tower with Radar,8,26,15,0,49,0,4,8,0,12,8,30,23,0,61,38,0,38,99
03/15/2018,AVP,PA,AEA,EN,Combined TRACON& Tower with Radar,8,22,11,0,41,0,0,8,0,8,8,22,19,0,49,0,0,0,49
03/16/2018,AVP,PA,AEA,EN,Combined TRACON& Tower with Radar,8,21,10,1,40,0,11,18,3,32,8,32,28,4,72,78,0,78,150
03/17/2018,AVP,PA,AEA,EN,Combined TRACON& Tower with Radar,9,22,9,2,42,0,4,30,0,34,9,26,39,2,76,32,0,32,108
03/18/2018,AVP,PA,AEA,EN,Combined TRACON& Tower with Radar,8,19,14,0,41,0,13,40,0,53,8,32,54,0,94,143,0,143,237
03/19/2018,AVP,PA,AEA,EN,Combined TRACON& Tower with Radar,8,20,15,2,45,0,1,21,0,22,8,21,36,2,67,54,0,54,121
03/20/2018,AVP,PA,AEA,EN,Combined TRACON& Tower with Radar,9,27,11,0,47,0,2,12,2,16,9,29,23,2,63,12,0,12,75
03/21/2018,AVP,PA,AEA,EN,Combined TRACON& Tower with Radar,8,20,9,0,37,0,5,5,0,10,8,25,14,0,47,30,0,30,77
03/22/2018,AVP,PA,AEA,EN,Combined TRACON& Tower with Radar,8,22,6,0,36,0,16,25,1,42,8,38,31,1,78,92,0,92,170
03/23/2018,AVP,PA,AEA,EN,Combined TRACON& Tower with Radar,7,27,8,0,42,0,4,41,0,45,7,31,49,0,87,76,0,76,163
03/24/2018,AVP,PA,AEA,EN,Combined TRACON& Tower with Radar,10,24,12,0,46,0,8,25,8,41,10,32,37,8,87,46,6,52,139
03/25/2018,AVP,PA,AEA,EN,Combined TRACON& Tower with Radar,9,17,7,0,33,0,9,14,0,23,9,26,21,0,56,46,0,46,102
03/26/2018,AVP,PA,AEA,EN,Combined TRACON& Tower with Radar,8,24,12,0,44,0,12,40,2,54,8,36,52,2,98,129,0,129,227
03/27/2018,AVP,PA,AEA,EN,Combined TRACON& Tower with Radar,7,21,19,0,47,0,4,18,1,23,7,25,37,1,70,24,0,24,94
03/28/2018,AVP,PA,AEA,EN,Combined TRACON& Tower with Radar,10,25,12,0,47,0,4,6,0,10,10,29,18,0,57,30,0,30,87
03/29/2018,AVP,PA,AEA,EN,Combined TRACON& Tower with Radar,9,26,14,0,49,0,5,6,0,11,9,31,20,0,60,56,0,56,116
03/30/2018,AVP,PA,AEA,EN,Combined TRACON& Tower with Radar,8,26,13,0,47,0,11,12,0,23,8,37,25,0,70,34,0,34,104
03/31/2018,AVP,PA,AEA,EN,Combined TRACON& Tower with Radar,9,22,13,0,44,0,4,51,0,55,9,26,64,0,99,65,0,65,164
04/01/2018,AVP,PA,AEA,EN,Combined TRACON& Tower with Radar,9,19,3,0,31,0,2,3,0,5,9,21,6,0,36,42,0,42,78
04/02/2018,AVP,PA,AEA,EN,Combined TRACON& Tower with Radar,10,16,11,0,37,0,0,10,0,10,10,16,21,0,47,40,0,40,87
04/03/2018,AVP,PA,AEA,EN,Combined TRACON& Tower with Radar,9,25,8,0,42,0,0,0,0,0,9,25,8,0,42,0,0,0,42
04/04/2018,AVP,PA,AEA,EN,Combined TRACON& Tower with Radar,17,59,11,0,87,0,1,1,0,2,17,60,12,0,89,0,0,0,89
04/05/2018,AVP,PA,AEA,EN,Combined TRACON& Tower with Radar,10,31,7,1,49,0,8,13,0,21,10,39,20,1,70,60,0,60,130
04/06/2018,AVP,PA,AEA,EN,Combined TRACON& Tower with Radar,10,32,11,0,53,0,9,10,0,19,10,41,21,0,72,53,0,53,125
04/07/2018,AVP,PA,AEA,EN,Combined TRACON& Tower with Radar,9,20,5,0,34,0,11,28,0,39,9,31,33,0,73,176,0,176,249
04/08/2018,AVP,PA,AEA,EN,Combined TRACON& Tower with Radar,9,18,16,0,43,0,5,21,0,26,9,23,37,0,69,0,0,0,69
04/09/2018,AVP,PA,AEA,EN,Combined TRACON& Tower with Radar,11,23,13,3,50,0,2,30,0,32,11,25,43,3,82,20,0,20,102
04/10/2018,AVP,PA,AEA,EN,Combined TRACON& Tower with Radar,9,27,13,0,49,0,2,15,0,17,9,29,28,0,66,66,0,66,132
04/11/2018,AVP,PA,AEA,EN,Combined TRACON& Tower with Radar,11,29,22,1,63,0,11,40,1,52,11,40,62,2,115,70,2,72,187
04/12/2018,AVP,PA,AEA,EN,Combined TRACON& Tower with Radar,9,33,16,0,58,0,24,24,2,50,9,57,40,2,108,158,0,158,266
04/13/2018,AVP,PA,AEA,EN,Combined TRACON& Tower with Radar,10,31,5,1,47,0,3,29,0,32,10,34,34,1,79,83,0,83,162
04/14/2018,AVP,PA,AEA,EN,Combined TRACON& Tower with Radar,9,26,14,0,49,0,15,65,0,80,9,41,79,0,129,182,0,182,311
04/15/2018,AVP,PA,AEA,EN,Combined TRACON& Tower with Radar,7,19,3,1,30,0,2,9,0,11,7,21,12,1,41,65,0,65,106
04/16/2018,AVP,PA,AEA,EN,Combined TRACON& Tower with Radar,11,26,7,0,44,0,6,6,0,12,11,32,13,0,56,66,0,66,122
04/17/2018,AVP,PA,AEA,EN,Combined TRACON& Tower with Radar,10,30,22,0,62,0,3,4,0,7,10,33,26,0,69,0,0,0,69
04/18/2018,AVP,PA,AEA,EN,Combined TRACON& Tower with Radar,10,29,15,0,54,0,0,23,0,23,10,29,38,0,77,0,0,0,77
04/19/2018,AVP,PA,AEA,EN,Combined TRACON& Tower with Radar,10,28,15,0,53,0,1,2,0,3,10,29,17,0,56,0,0,0,56
04/20/2018,AVP,PA,AEA,EN,Combined TRACON& Tower with Radar,9,34,11,0,54,0,3,21,0,24,9,37,32,0,78,55,0,55,133
04/21/2018,AVP,PA,AEA,EN,Combined TRACON& Tower with Radar,8,21,14,0,43,0,0,67,0,67,8,21,81,0,110,104,0,104,214
04/22/2018,AVP,PA,AEA,EN,Combined TRACON& Tower with Radar,12,19,9,0,40,0,3,43,0,46,12,22,52,0,86,36,0,36,122
04/23/2018,AVP,PA,AEA,EN,Combined TRACON& Tower with Radar,10,24,14,2,50,0,6,46,2,54,10,30,60,4,104,90,0,90,194
04/24/2018,AVP,PA,AEA,EN,Combined TRACON& Tower with Radar,9,32,12,0,53,0,2,11,0,13,9,34,23,0,66,8,0,8,74
04/25/2018,AVP,PA,AEA,EN,Combined TRACON& Tower with Radar,12,35,20,0,67,0,13,24,0,37,12,48,44,0,104,136,0,136,240
04/26/2018,AVP,PA,AEA,EN,Combined TRACON& Tower with Radar,10,32,22,0,64,0,3,11,0,14,10,35,33,0,78,0,0,0,78
04/27/2018,AVP,PA,AEA,EN,Combined TRACON& Tower with Radar,10,34,16,0,60,0,1,1,0,2,10,35,17,0,62,0,0,0,62
04/28/2018,AVP,PA,AEA,EN,Combined TRACON& Tower with Radar,13,25,6,0,44,0,1,22,0,23,13,26,28,0,67,88,0,88,155
04/29/2018,AVP,PA,AEA,EN,Combined TRACON& Tower with Radar,11,27,6,0,44,0,5,11,0,16,11,32,17,0,60,46,0,46,106
04/30/2018,AVP,PA,AEA,EN,Combined TRACON& Tower with Radar,9,27,11,2,49,0,0,15,0,15,9,27,26,2,64,1,0,1,65
05/01/2018,AVP,PA,AEA,EN,Combined TRACON& Tower with Radar,10,28,17,0,55,0,6,52,0,58,10,34,69,0,113,43,0,43,156
05/02/2018,AVP,PA,AEA,EN,Combined TRACON& Tower with Radar,11,29,17,1,58,0,18,42,1,61,11,47,59,2,119,99,0,99,218
05/03/2018,AVP,PA,AEA,EN,Combined TRACON& Tower with Radar,10,33,23,0,66,0,7,12,0,19,10,40,35,0,85,111,0,111,196
05/04/2018,AVP,PA,AEA,EN,Combined TRACON& Tower with Radar,11,30,9,1,51,0,3,12,0,15,11,33,21,1,66,12,0,12,78
05/05/2018,AVP,PA,AEA,EN,Combined TRACON& Tower with Radar,9,18,11,0,38,0,0,22,0,22,9,18,33,0,60,18,0,18,78
05/06/2018,AVP,PA,AEA,EN,Combined TRACON& Tower with Radar,9,17,17,0,43,0,1,3,0,4,9,18,20,0,47,32,0,32,79
05/07/2018,AVP,PA,AEA,EN,Combined TRACON& Tower with Radar,10,22,14,0,46,0,6,16,0,22,10,28,30,0,68,108,0,108,176
05/08/2018,AVP,PA,AEA,EN,Combined TRACON& Tower with Radar,10,28,15,0,53,0,5,35,6,46,10,33,50,6,99,92,0,92,191
05/09/2018,AVP,PA,AEA,EN,Combined TRACON& Tower with Radar,10,26,19,0,55,0,3,65,0,68,10,29,84,0,123,100,0,100,223
05/10/2018,AVP,PA,AEA,EN,Combined TRACON& Tower with Radar,10,33,9,0,52,0,9,7,0,16,10,42,16,0,68,62,0,62,130
05/11/2018,AVP,PA,AEA,EN,Combined TRACON& Tower with Radar,10,27,11,0,48,0,8,51,0,59,10,35,62,0,107,122,0,122,229
05/12/2018,AVP,PA,AEA,EN,Combined TRACON& Tower with Radar,9,19,4,0,32,0,0,0,0,0,9,19,4,0,32,0,0,0,32
05/13/2018,AVP,PA,AEA,EN,Combined TRACON& Tower with Radar,9,17,7,0,33,0,1,1,0,2,9,18,8,0,35,0,0,0,35
05/14/2018,AVP,PA,AEA,EN,Combined TRACON& Tower with Radar,10,22,21,0,53,0,4,17,0,21,10,26,38,0,74,48,0,48,122
05/15/2018,AVP,PA,AEA,EN,Combined TRACON& Tower with Radar,10,25,9,0,44,0,5,10,0,15,10,30,19,0,59,18,0,18,77
05/16/2018,AVP,PA,AEA,EN,Combined TRACON& Tower with Radar,10,28,15,0,53,0,3,6,0,9,10,31,21,0,62,46,0,46,108
05/17/2018,AVP,PA,AEA,EN,Combined TRACON& Tower with Radar,10,31,8,0,49,0,7,11,0,18,10,38,19,0,67,75,0,75,142
05/18/2018,AVP,PA,AEA,EN,Combined TRACON& Tower with Radar,11,27,23,4,65,0,2,22,7,31,11,29,45,11,96,83,8,91,187
05/19/2018,AVP,PA,AEA,EN,Combined TRACON& Tower with Radar,11,19,10,0,40,0,2,1,0,3,11,21,11,0,43,72,0,72,115
05/20/2018,AVP,PA,AEA,EN,Combined TRACON& Tower with Radar,9,20,23,0,52,0,0,7,0,7,9,20,30,0,59,22,0,22,81
05/21/2018,AVP,PA,AEA,EN,Combined TRACON& Tower with Radar,13,24,15,3,55,0,10,60,1,71,13,34,75,4,126,87,0,87,213
05/22/2018,AVP,PA,AEA,EN,Combined TRACON& Tower with Radar,10,25,18,0,53,0,6,5,0,11,10,31,23,0,64,54,0,54,118
05/23/2018,AVP,PA,AEA,EN,Combined TRACON& Tower with Radar,10,30,19,3,62,0,20,37,6,63,10,50,56,9,125,145,0,145,270
05/24/2018,AVP,PA,AEA,EN,Combined TRACON& Tower with Radar,10,29,23,0,62,0,12,107,0,119,10,41,130,0,181,132,0,132,313
05/25/2018,AVP,PA,AEA,EN,Combined TRACON& Tower with Radar,10,33,14,0,57,0,5,43,0,48,10,38,57,0,105,6,0,6,111
05/26/2018,AVP,PA,AEA,EN,Combined TRACON& Tower with Radar,18,21,15,0,54,0,5,28,1,34,18,26,43,1,88,37,0,37,125
05/27/2018,AVP,PA,AEA,EN,Combined TRACON& Tower with Radar,10,15,8,0,33,0,0,1,0,1,10,15,9,0,34,0,0,0,34
05/28/2018,AVP,PA,AEA,EN,Combined TRACON& Tower with Radar,10,17,21,1,49,0,3,4,2,9,10,20,25,3,58,3,0,3,61
05/29/2018,AVP,PA,AEA,EN,Combined TRACON& Tower with Radar,9,34,17,0,60,0,0,23,0,23,9,34,40,0,83,26,0,26,109
05/30/2018,AVP,PA,AEA,EN,Combined TRACON& Tower with Radar,9,30,24,0,63,0,6,24,0,30,9,36,48,0,93,118,0,118,211
05/31/2018,AVP,PA,AEA,EN,Combined TRACON& Tower with Radar,10,33,44,6,93,0,5,9,0,14,10,38,53,6,107,72,0,72,179
06/01/2018,AVP,PA,AEA,EN,Combined TRACON& Tower with Radar,9,30,27,19,85,0,1,13,0,14,9,31,40,19,99,18,0,18,117
06/02/2018,AVP,PA,AEA,EN,Combined TRACON& Tower with Radar,12,18,30,1,61,0,0,0,0,0,12,18,30,1,61,0,0,0,61
06/03/2018,AVP,PA,AEA,EN,Combined TRACON& Tower with Radar,11,17,55,0,83,0,6,7,2,15,11,23,62,2,98,10,0,10,108
06/04/2018,AVP,PA,AEA,EN,Combined TRACON& Tower with Radar,10,25,7,1,43,0,16,27,0,43,10,41,34,1,86,133,0,133,219
06/05/2018,AVP,PA,AEA,EN,Combined TRACON& Tower with Radar,10,31,15,0,56,0,12,26,0,38,10,43,41,0,94,132,0,132,226
06/06/2018,AVP,PA,AEA,EN,Combined TRACON& Tower with Radar,10,27,13,0,50,0,14,23,2,39,10,41,36,2,89,153,0,153,242
06/07/2018,AVP,PA,AEA,EN,Combined TRACON& Tower with Radar,10,32,10,0,52,0,13,52,1,66,10,45,62,1,118,83,0,83,201
06/08/2018,AVP,PA,AEA,EN,Combined TRACON& Tower with Radar,10,42,16,0,68,0,24,39,2,65,10,66,55,2,133,174,0,174,307
06/09/2018,AVP,PA,AEA,EN,Combined TRACON& Tower with Radar,8,25,12,2,47,0,7,25,5,37,8,32,37,7,84,40,0,40,124
06/10/2018,AVP,PA,AEA,EN,Combined TRACON& Tower with Radar,10,28,14,0,52,0,3,2,2,7,10,31,16,2,59,0,0,0,59
06/11/2018,AVP,PA,AEA,EN,Combined TRACON& Tower with Radar,10,32,19,6,67,0,14,33,0,47,10,46,52,6,114,82,0,82,196
06/12/2018,AVP,PA,AEA,EN,Combined TRACON& Tower with Radar,10,36,21,0,67,0,23,33,3,59,10,59,54,3,126,144,0,144,270
06/13/2018,AVP,PA,AEA,EN,Combined TRACON& Tower with Radar,11,36,26,0,73,0,23,24,1,48,11,59,50,1,121,162,0,162,283
06/14/2018,AVP,PA,AEA,EN,Combined TRACON& Tower with Radar,7,33,23,5,68,0,8,26,2,36,7,41,49,7,104,107,0,107,211
06/15/2018,AVP,PA,AEA,EN,Combined TRACON& Tower with Radar,6,32,21,1,60,0,20,55,7,82,6,52,76,8,142,186,0,186,328
06/16/2018,AVP,PA,AEA,EN,Combined TRACON& Tower with Radar,9,21,14,0,44,0,8,71,10,89,9,29,85,10,133,98,0,98,231
06/17/2018,AVP,PA,AEA,EN,Combined TRACON& Tower with Radar,6,29,14,0,49,0,8,50,2,60,6,37,64,2,109,111,0,111,220
06/18/2018,AVP,PA,AEA,EN,Combined TRACON& Tower with Radar,7,27,13,0,47,0,11,26,1,38,7,38,39,1,85,74,0,74,159
06/19/2018,AVP,PA,AEA,EN,Combined TRACON& Tower with Radar,4,36,18,0,58,0,3,27,0,30,4,39,45,0,88,20,0,20,108
06/20/2018,AVP,PA,AEA,EN,Combined TRACON& Tower with Radar,10,38,23,0,71,0,21,31,0,52,10,59,54,0,123,112,0,112,235
06/21/2018,AVP,PA,AEA,EN,Combined TRACON& Tower with Radar,11,37,13,0,61,0,20,44,0,64,11,57,57,0,125,204,0,204,329
06/22/2018,AVP,PA,AEA,EN,Combined TRACON& Tower with Radar,10,33,23,2,68,0,6,18,0,24,10,39,41,2,92,72,0,72,164
06/23/2018,AVP,PA,AEA,EN,Combined TRACON& Tower with Radar,10,24,19,0,53,0,0,0,0,0,10,24,19,0,53,0,0,0,53
06/24/2018,AVP,PA,AEA,EN,Combined TRACON& Tower with Radar,10,24,13,0,47,0,6,41,0,47,10,30,54,0,94,10,0,10,104
06/25/2018,AVP,PA,AEA,EN,Combined TRACON& Tower with Radar,10,33,14,0,57,0,2,27,0,29,10,35,41,0,86,20,0,20,106
06/26/2018,AVP,PA,AEA,EN,Combined TRACON& Tower with Radar,10,34,10,0,54,0,5,48,0,53,10,39,58,0,107,89,0,89,196
06/27/2018,AVP,PA,AEA,EN,Combined TRACON& Tower with Radar,10,29,23,0,62,0,8,8,0,16,10,37,31,0,78,86,0,86,164
06/28/2018,AVP,PA,AEA,EN,Combined TRACON& Tower with Radar,9,36,28,0,73,0,7,16,0,23,9,43,44,0,96,98,0,98,194
06/29/2018,AVP,PA,AEA,EN,Combined TRACON& Tower with Radar,11,34,21,0,66,0,1,40,1,42,11,35,61,1,108,85,0,85,193
06/30/2018,AVP,PA,AEA,EN,Combined TRACON& Tower with Radar,11,23,11,0,45,0,4,41,0,45,11,27,52,0,90,74,0,74,164
07/01/2018,AVP,PA,AEA,EN,Combined TRACON& Tower with Radar,9,24,8,0,41,0,6,28,0,34,9,30,36,0,75,69,0,69,144
07/02/2018,AVP,PA,AEA,EN,Combined TRACON& Tower with Radar,10,26,26,1,63,0,7,35,1,43,10,33,61,2,106,106,1,107,213
07/03/2018,AVP,PA,AEA,EN,Combined TRACON& Tower with Radar,8,29,9,0,46,0,7,33,0,40,8,36,42,0,86,92,0,92,178
07/04/2018,AVP,PA,AEA,EN,Combined TRACON& Tower with Radar,8,21,4,0,33,0,0,13,0,13,8,21,17,0,46,32,0,32,78
07/05/2018,AVP,PA,AEA,EN,Combined TRACON& Tower with Radar,10,30,15,0,55,0,10,16,0,26,10,40,31,0,81,106,0,106,187
07/06/2018,AVP,PA,AEA,EN,Combined TRACON& Tower with Radar,10,30,14,2,56,0,15,34,0,49,10,45,48,2,105,160,0,160,265
07/07/2018,AVP,PA,AEA,EN,Combined TRACON& Tower with Radar,9,22,5,0,36,0,2,34,3,39,9,24,39,3,75,92,0,92,167
07/08/2018,AVP,PA,AEA,EN,Combined TRACON& Tower with Radar,9,29,8,0,46,0,1,24,0,25,9,30,32,0,71,14,0,14,85
07/09/2018,AVP,PA,AEA,EN,Combined TRACON& Tower with Radar,8,30,14,0,52,0,0,42,0,42,8,30,56,0,94,30,0,30,124
07/10/2018,AVP,PA,AEA,EN,Combined TRACON& Tower with Radar,10,33,19,0,62,0,5,38,0,43,10,38,57,0,105,39,0,39,144
07/11/2018,AVP,PA,AEA,EN,Combined TRACON& Tower with Radar,10,36,10,0,56,0,1,14,0,15,10,37,24,0,71,0,0,0,71
07/12/2018,AVP,PA,AEA,EN,Combined TRACON& Tower with Radar,10,36,15,0,61,0,3,29,0,32,10,39,44,0,93,67,0,67,160
07/13/2018,AVP,PA,AEA,EN,Combined TRACON& Tower with Radar,10,33,15,1,59,0,4,37,1,42,10,37,52,2,101,64,0,64,165
07/14/2018,AVP,PA,AEA,EN,Combined TRACON& Tower with Radar,11,22,12,0,45,0,7,20,2,29,11,29,32,2,74,39,0,39,113
07/15/2018,AVP,PA,AEA,EN,Combined TRACON& Tower with Radar,9,25,15,0,49,0,0,9,1,10,9,25,24,1,59,10,0,10,69
07/16/2018,AVP,PA,AEA,EN,Combined TRACON& Tower with Radar,9,28,13,0,50,0,2,13,1,16,9,30,26,1,66,14,0,14,80
07/17/2018,AVP,PA,AEA,EN,Combined TRACON& Tower with Radar,14,29,22,0,65,0,4,14,0,18,14,33,36,0,83,78,0,78,161
07/18/2018,AVP,PA,AEA,EN,Combined TRACON& Tower with Radar,11,34,29,0,74,0,12,33,0,45,11,46,62,0,119,95,0,95,214
07/19/2018,AVP,PA,AEA,EN,Combined TRACON& Tower with Radar,10,39,27,0,76,0,22,58,2,82,10,61,85,2,158,145,0,145,303
07/20/2018,AVP,PA,AEA,EN,Combined TRACON& Tower with Radar,10,36,24,0,70,0,18,59,0,77,10,54,83,0,147,170,0,170,317
07/21/2018,AVP,PA,AEA,EN,Combined TRACON& Tower with Radar,9,24,13,0,46,0,2,17,2,21,9,26,30,2,67,8,0,8,75
07/22/2018,AVP,PA,AEA,EN,Combined TRACON& Tower with Radar,8,23,12,0,43,0,0,2,0,2,8,23,14,0,45,0,0,0,45
07/23/2018,AVP,PA,AEA,EN,Combined TRACON& Tower with Radar,8,35,21,0,64,0,6,15,0,21,8,41,36,0,85,78,0,78,163
07/24/2018,AVP,PA,AEA,EN,Combined TRACON& Tower with Radar,9,30,11,0,50,0,8,11,0,19,9,38,22,0,69,78,0,78,147
07/25/2018,AVP,PA,AEA,EN,Combined TRACON& Tower with Radar,12,27,13,2,54,0,7,12,0,19,12,34,25,2,73,74,0,74,147
07/26/2018,AVP,PA,AEA,EN,Combined TRACON& Tower with Radar,9,39,40,0,88,0,11,25,0,36,9,50,65,0,124,72,0,72,196
07/27/2018,AVP,PA,AEA,EN,Combined TRACON& Tower with Radar,9,31,52,0,92,0,0,17,1,18,9,31,69,1,110,0,0,0,110
07/28/2018,AVP,PA,AEA,EN,Combined TRACON& Tower with Radar,9,29,25,0,63,0,2,42,2,46,9,31,67,2,109,48,2,50,159
07/29/2018,AVP,PA,AEA,EN,Combined TRACON& Tower with Radar,9,32,48,1,90,0,1,33,0,34,9,33,81,1,124,42,0,42,166
07/30/2018,AVP,PA,AEA,EN,Combined TRACON& Tower with Radar,10,31,20,3,64,0,6,40,0,46,10,37,60,3,110,70,0,70,180
07/31/2018,AVP,PA,AEA,EN,Combined TRACON& Tower with Radar,9,34,21,0,64,0,3,32,0,35,9,37,53,0,99,39,0,39,138
08/01/2018,AVP,PA,AEA,EN,Combined TRACON& Tower with Radar,10,44,17,1,72,0,3,10,0,13,10,47,27,1,85,84,0,84,169
08/02/2018,AVP,PA,AEA,EN,Combined TRACON& Tower with Radar,10,32,24,4,70,0,12,11,3,26,10,44,35,7,96,96,0,96,192
08/03/2018,AVP,PA,AEA,EN,Combined TRACON& Tower with Radar,8,29,18,4,59,0,2,5,1,8,8,31,23,5,67,26,0,26,93
08/04/2018,AVP,PA,AEA,EN,Combined TRACON& Tower with Radar,10,25,20,0,55,0,2,9,0,11,10,27,29,0,66,0,0,0,66
08/05/2018,AVP,PA,AEA,EN,Combined TRACON& Tower with Radar,9,28,11,0,48,0,5,51,0,56,9,33,62,0,104,24,0,24,128
08/06/2018,AVP,PA,AEA,EN,Combined TRACON& Tower with Radar,10,27,12,0,49,0,11,33,0,44,10,38,45,0,93,103,0,103,196
08/07/2018,AVP,PA,AEA,EN,Combined TRACON& Tower with Radar,10,31,19,0,60,0,15,41,0,56,10,46,60,0,116,116,0,116,232
08/08/2018,AVP,PA,AEA,EN,Combined TRACON& Tower with Radar,9,32,16,5,62,0,16,11,11,38,9,48,27,16,100,91,22,113,213
08/09/2018,AVP,PA,AEA,EN,Combined TRACON& Tower with Radar,9,33,23,0,65,0,10,26,2,38,9,43,49,2,103,53,1,54,157
08/10/2018,AVP,PA,AEA,EN,Combined TRACON& Tower with Radar,10,35,9,1,55,0,0,33,0,33,10,35,42,1,88,25,0,25,113
08/11/2018,AVP,PA,AEA,EN,Combined TRACON& Tower with Radar,8,19,7,0,34,0,2,11,0,13,8,21,18,0,47,34,0,34,81
08/12/2018,AVP,PA,AEA,EN,Combined TRACON& Tower with Radar,10,27,17,1,55,0,0,4,0,4,10,27,21,1,59,16,0,16,75
08/13/2018,AVP,PA,AEA,EN,Combined TRACON& Tower with Radar,10,29,7,0,46,0,0,0,0,0,10,29,7,0,46,0,0,0,46
08/14/2018,AVP,PA,AEA,EN,Combined TRACON& Tower with Radar,12,29,6,0,47,0,5,17,2,24,12,34,23,2,71,100,0,100,171
08/15/2018,AVP,PA,AEA,EN,Combined TRACON& Tower with Radar,10,37,15,0,62,0,2,42,0,44,10,39,57,0,106,0,0,0,106
08/16/2018,AVP,PA,AEA,EN,Combined TRACON& Tower with Radar,10,36,30,2,78,0,10,62,0,72,10,46,92,2,150,128,0,128,278
08/17/2018,AVP,PA,AEA,EN,Combined TRACON& Tower with Radar,12,39,20,0,71,0,19,25,0,44,12,58,45,0,115,156,0,156,271
08/18/2018,AVP,PA,AEA,EN,Combined TRACON& Tower with Radar,9,23,14,0,46,0,5,9,0,14,9,28,23,0,60,33,0,33,93
08/19/2018,AVP,PA,AEA,EN,Combined TRACON& Tower with Radar,11,29,15,0,55,0,6,19,0,25,11,35,34,0,80,22,0,22,102
08/20/2018,AVP,PA,AEA,EN,Combined TRACON& Tower with Radar,10,33,14,0,57,0,12,44,0,56,10,45,58,0,113,22,0,22,135
08/21/2018,AVP,PA,AEA,EN,Combined TRACON& Tower with Radar,7,33,13,3,56,0,0,8,0,8,7,33,21,3,64,14,0,14,78
08/22/2018,AVP,PA,AEA,EN,Combined TRACON& Tower with Radar,8,42,15,9,74,0,4,13,0,17,8,46,28,9,91,81,3,84,175
08/23/2018,AVP,PA,AEA,EN,Combined TRACON& Tower with Radar,8,34,15,1,58,0,13,48,4,65,8,47,63,5,123,98,6,104,227
08/24/2018,AVP,PA,AEA,EN,Combined TRACON& Tower with Radar,8,39,18,0,65,0,3,40,0,43,8,42,58,0,108,33,0,33,141
08/25/2018,AVP,PA,AEA,EN,Combined TRACON& Tower with Radar,6,22,4,0,32,0,5,39,0,44,6,27,43,0,76,44,0,44,120
08/26/2018,AVP,PA,AEA,EN,Combined TRACON& Tower with Radar,8,26,9,0,43,0,6,35,0,41,8,32,44,0,84,43,0,43,127
08/27/2018,AVP,PA,AEA,EN,Combined TRACON& Tower with Radar,8,36,26,0,70,0,4,26,0,30,8,40,52,0,100,40,0,40,140
08/28/2018,AVP,PA,AEA,EN,Combined TRACON& Tower with Radar,6,33,8,1,48,0,4,34,1,39,6,37,42,2,87,77,0,77,164
08/29/2018,AVP,PA,AEA,EN,Combined TRACON& Tower with Radar,8,39,16,4,67,0,2,48,2,52,8,41,64,6,119,27,0,27,146
08/30/2018,AVP,PA,AEA,EN,Combined TRACON& Tower with Radar,8,36,21,0,65,0,6,46,0,52,8,42,67,0,117,107,0,107,224
08/31/2018,AVP,PA,AEA,EN,Combined TRACON& Tower with Radar,8,31,23,0,62,0,5,4,0,9,8,36,27,0,71,3,0,3,74
09/01/2018,AVP,PA,AEA,EN,Combined TRACON& Tower with Radar,6,21,12,0,39,0,2,11,0,13,6,23,23,0,52,3,0,3,55
09/02/2018,AVP,PA,AEA,EN,Combined TRACON& Tower with Radar,6,23,16,0,45,0,4,11,0,15,6,27,27,0,60,28,0,28,88
09/03/2018,AVP,PA,AEA,EN,Combined TRACON& Tower with Radar,10,21,13,0,44,0,8,31,0,39,10,29,44,0,83,40,0,40,123
09/04/2018,AVP,PA,AEA,EN,Combined TRACON& Tower with Radar,6,32,25,2,65,0,3,25,1,29,6,35,50,3,94,20,0,20,114
09/05/2018,AVP,PA,AEA,EN,Combined TRACON& Tower with Radar,8,38,14,0,60,0,6,46,0,52,8,44,60,0,112,105,0,105,217
09/06/2018,AVP,PA,AEA,EN,Combined TRACON& Tower with Radar,8,30,9,0,47,0,0,14,0,14,8,30,23,0,61,0,0,0,61
09/07/2018,AVP,PA,AEA,EN,Combined TRACON& Tower with Radar,8,43,24,3,78,0,1,4,0,5,8,44,28,3,83,0,0,0,83
09/08/2018,AVP,PA,AEA,EN,Combined TRACON& Tower with Radar,6,27,9,0,42,0,20,37,0,57,6,47,46,0,99,140,0,140,239
09/09/2018,AVP,PA,AEA,EN,Combined TRACON& Tower with Radar,8,28,11,1,48,0,13,20,0,33,8,41,31,1,81,48,0,48,129
09/10/2018,AVP,PA,AEA,EN,Combined TRACON& Tower with Radar,10,32,5,4,51,0,0,0,0,0,10,32,5,4,51,10,0,10,61
09/11/2018,AVP,PA,AEA,EN,Combined TRACON& Tower with Radar,10,38,15,4,67,0,0,11,0,11,10,38,26,4,78,0,0,0,78
09/12/2018,AVP,PA,AEA,EN,Combined TRACON& Tower with Radar,14,40,6,0,60,0,0,0,0,0,14,40,6,0,60,0,0,0,60
09/13/2018,AVP,PA,AEA,EN,Combined TRACON& Tower with Radar,8,38,11,0,57,0,4,27,0,31,8,42,38,0,88,68,0,68,156
09/14/2018,AVP,PA,AEA,EN,Combined TRACON& Tower with Radar,10,36,17,0,63,0,12,17,0,29,10,48,34,0,92,96,0,96,188
09/15/2018,AVP,PA,AEA,EN,Combined TRACON& Tower with Radar,4,25,15,0,44,0,12,40,0,52,4,37,55,0,96,86,0,86,182
09/16/2018,AVP,PA,AEA,EN,Combined TRACON& Tower with Radar,8,30,9,0,47,0,8,43,0,51,8,38,52,0,98,68,0,68,166
09/17/2018,AVP,PA,AEA,EN,Combined TRACON& Tower with Radar,8,34,14,0,56,0,0,5,0,5,8,34,19,0,61,6,0,6,67
09/18/2018,AVP,PA,AEA,EN,Combined TRACON& Tower with Radar,8,48,15,0,71,0,4,17,0,21,8,52,32,0,92,43,0,43,135
09/19/2018,AVP,PA,AEA,EN,Combined TRACON& Tower with Radar,8,44,26,0,78,0,6,63,0,69,8,50,89,0,147,84,0,84,231
09/20/2018,AVP,PA,AEA,EN,Combined TRACON& Tower with Radar,8,40,16,0,64,0,1,21,0,22,8,41,37,0,86,0,0,0,86
09/21/2018,AVP,PA,AEA,EN,Combined TRACON& Tower with Radar,8,41,24,0,73,0,4,4,0,8,8,45,28,0,81,32,0,32,113
09/22/2018,AVP,PA,AEA,EN,Combined TRACON& Tower with Radar,7,26,11,0,44,0,10,107,3,120,7,36,118,3,164,142,0,142,306
09/23/2018,AVP,PA,AEA,EN,Combined TRACON& Tower with Radar,9,29,12,0,50,0,25,44,1,70,9,54,56,1,120,75,0,75,195
09/24/2018,AVP,PA,AEA,EN,Combined TRACON& Tower with Radar,8,30,17,0,55,0,8,31,0,39,8,38,48,0,94,28,0,28,122
09/25/2018,AVP,PA,AEA,EN,Combined TRACON& Tower with Radar,7,39,8,0,54,0,1,0,0,1,7,40,8,0,55,0,0,0,55
09/26/2018,AVP,PA,AEA,EN,Combined TRACON& Tower with Radar,7,36,14,0,57,0,5,4,0,9,7,41,18,0,66,0,0,0,66
09/27/2018,AVP,PA,AEA,EN,Combined TRACON& Tower with Radar,9,34,17,0,60,0,19,44,8,71,9,53,61,8,131,108,0,108,239
09/28/2018,AVP,PA,AEA,EN,Combined TRACON& Tower with Radar,8,35,26,0,69,0,2,20,0,22,8,37,46,0,91,58,0,58,149
09/29/2018,AVP,PA,AEA,EN,Combined TRACON& Tower with Radar,10,30,19,0,59,0,0,35,0,35,10,30,54,0,94,54,0,54,148
09/30/2018,AVP,PA,AEA,EN,Combined TRACON& Tower with Radar,8,29,18,0,55,0,8,50,0,58,8,37,68,0,113,98,0,98,211
10/01/2018,AVP,PA,AEA,EN,Combined TRACON& Tower with Radar,8,34,10,0,52,0,3,14,0,17,8,37,24,0,69,0,0,0,69
10/02/2018,AVP,PA,AEA,EN,Combined TRACON& Tower with Radar,6,33,11,0,50,0,4,5,0,9,6,37,16,0,59,14,0,14,73
10/03/2018,AVP,PA,AEA,EN,Combined TRACON& Tower with Radar,8,38,24,1,71,0,8,28,1,37,8,46,52,2,108,0,0,0,108
10/04/2018,AVP,PA,AEA,EN,Combined TRACON& Tower with Radar,10,42,28,0,80,0,7,21,0,28,10,49,49,0,108,12,0,12,120
10/05/2018,AVP,PA,AEA,EN,Combined TRACON& Tower with Radar,8,43,18,0,69,0,15,43,0,58,8,58,61,0,127,125,6,131,258
10/06/2018,AVP,PA,AEA,EN,Combined TRACON& Tower with Radar,6,30,7,0,43,0,14,17,0,31,6,44,24,0,74,98,0,98,172
10/07/2018,AVP,PA,AEA,EN,Combined TRACON& Tower with Radar,8,27,9,0,44,0,2,7,0,9,8,29,16,0,53,52,0,52,105
10/08/2018,AVP,PA,AEA,EN,Combined TRACON& Tower with Radar,12,46,27,1,86,0,0,0,1,1,12,46,27,2,87,0,0,0,87
10/09/2018,AVP,PA,AEA,EN,Combined TRACON& Tower with Radar,6,45,17,0,68,0,1,19,0,20,6,46,36,0,88,10,0,10,98
10/10/2018,AVP,PA,AEA,EN,Combined TRACON& Tower with Radar,8,41,30,1,80,0,3,44,3,50,8,44,74,4,130,72,0,72,202
10/11/2018,AVP,PA,AEA,EN,Combined TRACON& Tower with Radar,10,46,5,2,63,0,0,0,0,0,10,46,5,2,63,0,0,0,63
10/12/2018,AVP,PA,AEA,EN,Combined TRACON& Tower with Radar,8,37,8,0,53,0,12,14,2,28,8,49,22,2,81,22,0,22,103
10/13/2018,AVP,PA,AEA,EN,Combined TRACON& Tower with Radar,7,28,10,0,45,0,17,16,0,33,7,45,26,0,78,72,0,72,150
10/14/2018,AVP,PA,AEA,EN,Combined TRACON& Tower with Radar,9,30,2,0,41,0,0,59,0,59,9,30,61,0,100,102,0,102,202
10/15/2018,AVP,PA,AEA,EN,Combined TRACON& Tower with Radar,8,33,14,0,55,0,3,0,0,3,8,36,14,0,58,0,0,0,58
10/16/2018,AVP,PA,AEA,EN,Combined TRACON& Tower with Radar,7,38,7,0,52,0,7,42,0,49,7,45,49,0,101,8,0,8,109
10/17/2018,AVP,PA,AEA,EN,Combined TRACON& Tower with Radar,9,42,9,2,62,0,4,23,0,27,9,46,32,2,89,53,0,53,142
10/18/2018,AVP,PA,AEA,EN,Combined TRACON& Tower with Radar,9,37,11,0,57,0,2,30,0,32,9,39,41,0,89,36,0,36,125
10/19/2018,AVP,PA,AEA,EN,Combined TRACON& Tower with Radar,9,38,12,0,59,0,2,35,0,37,9,40,47,0,96,14,0,14,110
10/20/2018,AVP,PA,AEA,EN,Combined TRACON& Tower with Radar,8,26,8,0,42,0,3,18,0,21,8,29,26,0,63,28,0,28,91
10/21/2018,AVP,PA,AEA,EN,Combined TRACON& Tower with Radar,8,30,10,0,48,0,14,26,0,40,8,44,36,0,88,148,0,148,236
10/22/2018,AVP,PA,AEA,EN,Combined TRACON& Tower with Radar,8,36,12,0,56,0,3,29,0,32,8,39,41,0,88,14,0,14,102
10/23/2018,AVP,PA,AEA,EN,Combined TRACON& Tower with Radar,6,43,12,1,62,0,1,18,0,19,6,44,30,1,81,4,0,4,85
10/24/2018,AVP,PA,AEA,EN,Combined TRACON& Tower with Radar,8,40,1,4,53,0,2,12,1,15,8,42,13,5,68,38,14,52,120
10/25/2018,AVP,PA,AEA,EN,Combined TRACON& Tower with Radar,8,39,7,0,54,0,2,32,6,40,8,41,39,6,94,20,0,20,114
10/26/2018,AVP,PA,AEA,EN,Combined TRACON& Tower with Radar,8,37,8,0,53,0,5,38,2,45,8,42,46,2,98,72,0,72,170
10/27/2018,AVP,PA,AEA,EN,Combined TRACON& Tower with Radar,6,27,14,0,47,0,1,0,0,1,6,28,14,0,48,0,0,0,48
10/28/2018,AVP,PA,AEA,EN,Combined TRACON& Tower with Radar,8,29,7,0,44,0,4,13,0,17,8,33,20,0,61,86,0,86,147
10/29/2018,AVP,PA,AEA,EN,Combined TRACON& Tower with Radar,8,31,14,0,53,0,0,2,0,2,8,31,16,0,55,0,0,0,55
10/30/2018,AVP,PA,AEA,EN,Combined TRACON& Tower with Radar,6,35,32,0,73,0,8,57,0,65,6,43,89,0,138,104,0,104,242
10/31/2018,AVP,PA,AEA,EN,Combined TRACON& Tower with Radar,6,38,11,0,55,0,11,39,0,50,6,49,50,0,105,58,0,58,163
11/01/2018,AVP,PA,AEA,EN,Combined TRACON& Tower with Radar,8,36,21,0,65,0,4,8,0,12,8,40,29,0,77,4,0,4,81
11/02/2018,AVP,PA,AEA,EN,Combined TRACON& Tower with Radar,8,41,10,4,63,0,1,16,0,17,8,42,26,4,80,48,0,48,128
11/03/2018,AVP,PA,AEA,EN,Combined TRACON& Tower with Radar,6,30,5,0,41,0,4,7,0,11,6,34,12,0,52,0,0,0,52
11/04/2018,AVP,PA,AEA,EN,Combined TRACON& Tower with Radar,8,35,22,0,65,0,0,42,0,42,8,35,64,0,107,54,0,54,161
11/05/2018,AVP,PA,AEA,EN,Combined TRACON& Tower with Radar,8,32,9,0,49,0,2,0,0,2,8,34,9,0,51,0,0,0,51
11/06/2018,AVP,PA,AEA,EN,Combined TRACON& Tower with Radar,6,38,11,0,55,0,4,0,0,4,6,42,11,0,59,0,0,0,59
11/07/2018,AVP,PA,AEA,EN,Combined TRACON& Tower with Radar,8,39,14,0,61,0,0,38,3,41,8,39,52,3,102,31,0,31,133
11/08/2018,AVP,PA,AEA,EN,Combined TRACON& Tower with Radar,8,35,31,0,74,0,2,34,0,36,8,37,65,0,110,23,0,23,133
11/09/2018,AVP,PA,AEA,EN,Combined TRACON& Tower with Radar,8,42,6,0,56,0,2,8,0,10,8,44,14,0,66,10,0,10,76
11/10/2018,AVP,PA,AEA,EN,Combined TRACON& Tower with Radar,7,30,13,0,50,0,11,15,0,26,7,41,28,0,76,82,0,82,158
11/11/2018,AVP,PA,AEA,EN,Combined TRACON& Tower with Radar,9,30,16,0,55,0,10,47,0,57,9,40,63,0,112,76,0,76,188
11/12/2018,AVP,PA,AEA,EN,Combined TRACON& Tower with Radar,8,38,17,0,63,0,2,22,0,24,8,40,39,0,87,53,0,53,140
11/13/2018,AVP,PA,AEA,EN,Combined TRACON& Tower with Radar,6,42,6,0,54,0,2,0,0,2,6,44,6,0,56,0,0,0,56
11/14/2018,AVP,PA,AEA,EN,Combined TRACON& Tower with Radar,8,36,18,1,63,0,7,19,1,27,8,43,37,2,90,0,0,0,90
11/15/2018,AVP,PA,AEA,EN,Combined TRACON& Tower with Radar,5,20,5,0,30,0,1,8,0,9,5,21,13,0,39,16,0,16,55
11/16/2018,AVP,PA,AEA,EN,Combined TRACON& Tower with Radar,7,33,18,0,58,0,8,1,0,9,7,41,19,0,67,0,0,0,67
11/17/2018,AVP,PA,AEA,EN,Combined TRACON& Tower with Radar,7,29,9,0,45,0,2,11,0,13,7,31,20,0,58,58,0,58,116
11/18/2018,AVP,PA,AEA,EN,Combined TRACON& Tower with Radar,9,23,5,0,37,0,6,1,0,7,9,29,6,0,44,0,0,0,44
11/19/2018,AVP,PA,AEA,EN,Combined TRACON& Tower with Radar,10,27,11,0,48,0,0,0,0,0,10,27,11,0,48,0,0,0,48
11/20/2018,AVP,PA,AEA,EN,Combined TRACON& Tower with Radar,6,35,17,0,58,0,0,2,0,2,6,35,19,0,60,0,0,0,60
11/21/2018,AVP,PA,AEA,EN,Combined TRACON& Tower with Radar,8,43,10,0,61,0,6,13,0,19,8,49,23,0,80,15,0,15,95
11/22/2018,AVP,PA,AEA,EN,Combined TRACON& Tower with Radar,3,15,1,0,19,0,6,13,0,19,3,21,14,0,38,74,0,74,112
11/23/2018,AVP,PA,AEA,EN,Combined TRACON& Tower with Radar,9,33,3,0,45,0,3,22,0,25,9,36,25,0,70,27,0,27,97
11/24/2018,AVP,PA,AEA,EN,Combined TRACON& Tower with Radar,9,31,1,0,41,0,1,0,0,1,9,32,1,0,42,0,0,0,42
11/25/2018,AVP,PA,AEA,EN,Combined TRACON& Tower with Radar,10,33,13,0,56,0,8,10,0,18,10,41,23,0,74,66,0,66,140
11/26/2018,AVP,PA,AEA,EN,Combined TRACON& Tower with Radar,10,38,2,0,50,0,0,2,0,2,10,38,4,0,52,0,0,0,52
11/27/2018,AVP,PA,AEA,EN,Combined TRACON& Tower with Radar,7,37,7,0,51,0,0,2,0,2,7,37,9,0,53,0,0,0,53
11/28/2018,AVP,PA,AEA,EN,Combined TRACON& Tower with Radar,6,41,4,0,51,0,2,0,0,2,6,43,4,0,53,0,0,0,53
11/29/2018,AVP,PA,AEA,EN,Combined TRACON& Tower with Radar,8,37,8,1,54,0,5,9,5,19,8,42,17,6,73,0,0,0,73
11/30/2018,AVP,PA,AEA,EN,Combined TRACON& Tower with Radar,8,31,5,1,45,0,2,10,0,12,8,33,15,1,57,58,0,58,115
12/01/2018,AVP,PA,AEA,EN,Combined TRACON& Tower with Radar,6,26,5,0,37,0,12,12,1,25,6,38,17,1,62,66,0,66,128
12/02/2018,AVP,PA,AEA,EN,Combined TRACON& Tower with Radar,11,38,7,0,56,0,0,0,0,0,11,38,7,0,56,0,0,0,56
12/03/2018,AVP,PA,AEA,EN,Combined TRACON& Tower with Radar,8,32,7,2,49,0,3,16,0,19,8,35,23,2,68,30,0,30,98
12/04/2018,AVP,PA,AEA,EN,Combined TRACON& Tower with Radar,6,43,14,1,64,0,3,37,7,47,6,46,51,8,111,51,5,56,167
12/05/2018,AVP,PA,AEA,EN,Combined TRACON& Tower with Radar,8,36,18,0,62,0,5,43,0,48,8,41,61,0,110,24,0,24,134
12/06/2018,AVP,PA,AEA,EN,Combined TRACON& Tower with Radar,8,34,5,0,47,0,8,24,0,32,8,42,29,0,79,76,0,76,155
12/07/2018,AVP,PA,AEA,EN,Combined TRACON& Tower with Radar,8,34,12,0,54,0,8,30,2,40,8,42,42,2,94,64,0,64,158
12/08/2018,AVP,PA,AEA,EN,Combined TRACON& Tower with Radar,7,28,14,0,49,0,2,14,0,16,7,30,28,0,65,66,0,66,131
12/09/2018,AVP,PA,AEA,EN,Combined TRACON& Tower with Radar,1,32,6,0,39,0,12,46,0,58,1,44,52,0,97,78,0,78,175
12/10/2018,AVP,PA,AEA,EN,Combined TRACON& Tower with Radar,4,35,17,0,56,0,9,32,0,41,4,44,49,0,97,76,0,76,173
12/11/2018,AVP,PA,AEA,EN,Combined TRACON& Tower with Radar,6,33,11,0,50,0,0,24,0,24,6,33,35,0,74,138,0,138,212
12/12/2018,AVP,PA,AEA,EN,Combined TRACON& Tower with Radar,8,35,10,4,57,0,5,11,0,16,8,40,21,4,73,48,0,48,121
12/13/2018,AVP,PA,AEA,EN,Combined TRACON& Tower with Radar,8,35,16,0,59,0,0,6,0,6,8,35,22,0,65,28,0,28,93
12/14/2018,AVP,PA,AEA,EN,Combined TRACON& Tower with Radar,8,35,15,0,58,0,0,7,0,7,8,35,22,0,65,16,0,16,81
12/15/2018,AVP,PA,AEA,EN,Combined TRACON& Tower with Radar,5,32,6,0,43,0,6,5,0,11,5,38,11,0,54,0,0,0,54
12/16/2018,AVP,PA,AEA,EN,Combined TRACON& Tower with Radar,7,27,1,0,35,0,0,0,0,0,7,27,1,0,35,0,0,0,35
12/17/2018,AVP,PA,AEA,EN,Combined TRACON& Tower with Radar,6,31,10,0,47,0,1,8,1,10,6,32,18,1,57,2,0,2,59
12/18/2018,AVP,PA,AEA,EN,Combined TRACON& Tower with Radar,6,36,8,0,50,0,2,14,0,16,6,38,22,0,66,22,0,22,88
12/19/2018,AVP,PA,AEA,EN,Combined TRACON& Tower with Radar,8,36,12,0,56,0,2,67,0,69,8,38,79,0,125,87,0,87,212
12/20/2018,AVP,PA,AEA,EN,Combined TRACON& Tower with Radar,8,38,5,1,52,0,7,32,1,40,8,45,37,2,92,68,0,68,160
12/21/2018,AVP,PA,AEA,EN,Combined TRACON& Tower with Radar,8,44,3,0,55,0,0,10,0,10,8,44,13,0,65,46,0,46,111
12/22/2018,AVP,PA,AEA,EN,Combined TRACON& Tower with Radar,8,33,3,0,44,0,0,4,0,4,8,33,7,0,48,18,0,18,66
12/23/2018,AVP,PA,AEA,EN,Combined TRACON& Tower with Radar,8,30,6,0,44,0,8,29,0,37,8,38,35,0,81,96,0,96,177
12/24/2018,AVP,PA,AEA,EN,Combined TRACON& Tower with Radar,6,23,1,0,30,0,4,5,0,9,6,27,6,0,39,1,0,1,40
12/25/2018,AVP,PA,AEA,EN,Combined TRACON& Tower with Radar,6,15,0,0,21,0,4,8,0,12,6,19,8,0,33,0,0,0,33
12/26/2018,AVP,PA,AEA,EN,Combined TRACON& Tower with Radar,8,37,13,0,58,0,5,30,0,35,8,42,43,0,93,50,0,50,143
12/27/2018,AVP,PA,AEA,EN,Combined TRACON& Tower with Radar,8,38,14,2,62,0,9,40,1,50,8,47,54,3,112,56,4,60,172
12/28/2018,AVP,PA,AEA,EN,Combined TRACON& Tower with Radar,8,31,2,0,41,0,0,0,0,0,8,31,2,0,41,0,0,0,41
12/29/2018,AVP,PA,AEA,EN,Combined TRACON& Tower with Radar,8,25,11,0,44,0,7,21,0,28,8,32,32,0,72,54,0,54,126
12/30/2018,AVP,PA,AEA,EN,Combined TRACON& Tower with Radar,8,29,4,0,41,0,5,2,0,7,8,34,6,0,48,34,0,34,82
12/31/2018,AVP,PA,AEA,EN,Combined TRACON& Tower with Radar,6,20,7,0,33,0,2,0,0,2,6,22,7,0,35,0,0,0,35
01/01/2019,AVP,PA,AEA,EN,Combined TRACON& Tower with Radar,8,27,5,0,40,0,5,3,0,8,8,32,8,0,48,0,0,0,48
01/02/2019,AVP,PA,AEA,EN,Combined TRACON& Tower with Radar,8,36,14,0,58,0,10,22,1,33,8,46,36,1,91,38,0,38,129
01/03/2019,AVP,PA,AEA,EN,Combined TRACON& Tower with Radar,8,31,2,0,41,0,5,16,0,21,8,36,18,0,62,36,0,36,98
01/04/2019,AVP,PA,AEA,EN,Combined TRACON& Tower with Radar,8,29,19,0,56,0,4,29,0,33,8,33,48,0,89,32,0,32,121
01/05/2019,AVP,PA,AEA,EN,Combined TRACON& Tower with Radar,7,26,5,0,38,0,10,7,0,17,7,36,12,0,55,72,0,72,127
01/06/2019,AVP,PA,AEA,EN,Combined TRACON& Tower with Radar,7,24,8,0,39,0,8,9,0,17,7,32,17,0,56,75,0,75,131
01/07/2019,AVP,PA,AEA,EN,Combined TRACON& Tower with Radar,8,27,16,0,51,0,5,11,0,16,8,32,27,0,67,60,0,60,127
01/08/2019,AVP,PA,AEA,EN,Combined TRACON& Tower with Radar,8,41,5,2,56,0,0,1,0,1,8,41,6,2,57,0,0,0,57
01/09/2019,AVP,PA,AEA,EN,Combined TRACON& Tower with Radar,8,32,6,6,52,0,0,2,0,2,8,32,8,6,54,0,0,0,54
01/10/2019,AVP,PA,AEA,EN,Combined TRACON& Tower with Radar,8,34,13,0,55,0,4,1,0,5,8,38,14,0,60,0,0,0,60
01/11/2019,AVP,PA,AEA,EN,Combined TRACON& Tower with Radar,8,31,8,0,47,0,5,8,0,13,8,36,16,0,60,40,0,40,100
01/12/2019,AVP,PA,AEA,EN,Combined TRACON& Tower with Radar,7,20,10,0,37,0,3,44,0,47,7,23,54,0,84,81,0,81,165
01/13/2019,AVP,PA,AEA,EN,Combined TRACON& Tower with Radar,6,23,18,0,47,0,4,17,0,21,6,27,35,0,68,44,0,44,112
01/14/2019,AVP,PA,AEA,EN,Combined TRACON& Tower with Radar,8,28,9,0,45,0,4,41,0,45,8,32,50,0,90,134,0,134,224
01/15/2019,AVP,PA,AEA,EN,Combined TRACON& Tower with Radar,8,30,14,2,54,0,4,12,2,18,8,34,26,4,72,136,0,136,208
01/16/2019,AVP,PA,AEA,EN,Combined TRACON& Tower with Radar,8,30,9,0,47,0,4,16,0,20,8,34,25,0,67,74,0,74,141
01/17/2019,AVP,PA,AEA,EN,Combined TRACON& Tower with Radar,8,41,22,0,71,0,2,23,0,25,8,43,45,0,96,18,0,18,114
01/18/2019,AVP,PA,AEA,EN,Combined TRACON& Tower with Radar,8,34,4,0,46,0,0,0,0,0,8,34,4,0,46,0,0,0,46
01/19/2019,AVP,PA,AEA,EN,Combined TRACON& Tower with Radar,6,12,3,0,21,0,0,4,0,4,6,12,7,0,25,12,0,12,37
01/20/2019,AVP,PA,AEA,EN,Combined TRACON& Tower with Radar,1,11,1,0,13,0,2,0,0,2,1,13,1,0,15,0,0,0,15
01/21/2019,AVP,PA,AEA,EN,Combined TRACON& Tower with Radar,5,31,9,0,45,0,1,3,0,4,5,32,12,0,49,2,0,2,51
01/22/2019,AVP,PA,AEA,EN,Combined TRACON& Tower with Radar,8,27,10,0,45,0,2,10,0,12,8,29,20,0,57,21,0,21,78
01/23/2019,AVP,PA,AEA,EN,Combined TRACON& Tower with Radar,8,30,10,0,48,0,2,1,0,3,8,32,11,0,51,1,0,1,52
01/24/2019,AVP,PA,AEA,EN,Combined TRACON& Tower with Radar,8,33,5,0,46,0,1,0,0,1,8,34,5,0,47,0,0,0,47
01/25/2019,AVP,PA,AEA,EN,Combined TRACON& Tower with Radar,8,32,13,0,53,0,5,11,0,16,8,37,24,0,69,4,0,4,73
01/26/2019,AVP,PA,AEA,EN,Combined TRACON& Tower with Radar,7,20,12,0,39,0,7,20,0,27,7,27,32,0,66,102,0,102,168
01/27/2019,AVP,PA,AEA,EN,Combined TRACON& Tower with Radar,7,29,0,0,36,0,2,0,0,2,7,31,0,0,38,0,0,0,38
01/28/2019,AVP,PA,AEA,EN,Combined TRACON& Tower with Radar,8,23,20,0,51,0,13,44,0,57,8,36,64,0,108,192,0,192,300
01/29/2019,AVP,PA,AEA,EN,Combined TRACON& Tower with Radar,8,26,0,0,34,0,1,0,0,1,8,27,0,0,35,0,0,0,35
01/30/2019,AVP,PA,AEA,EN,Combined TRACON& Tower with Radar,8,27,10,0,45,0,4,4,0,8,8,31,14,0,53,30,0,30,83
01/31/2019,AVP,PA,AEA,EN,Combined TRACON& Tower with Radar,8,28,11,0,47,0,4,10,0,14,8,32,21,0,61,28,0,28,89
02/01/2019,AVP,PA,AEA,EN,Combined TRACON& Tower with Radar,8,37,20,1,66,0,8,34,0,42,8,45,54,1,108,86,0,86,194
02/02/2019,AVP,PA,AEA,EN,Combined TRACON& Tower with Radar,7,18,5,0,30,0,8,13,0,21,7,26,18,0,51,28,0,28,79
02/03/2019,AVP,PA,AEA,EN,Combined TRACON& Tower with Radar,7,24,5,0,36,0,2,13,0,15,7,26,18,0,51,82,0,82,133
02/04/2019,AVP,PA,AEA,EN,Combined TRACON& Tower with Radar,8,26,18,0,52,0,9,44,0,53,8,35,62,0,105,136,0,136,241
02/05/2019,AVP,PA,AEA,EN,Combined TRACON& Tower with Radar,8,32,9,0,49,0,6,20,0,26,8,38,29,0,75,72,0,72,147
02/06/2019,AVP,PA,AEA,EN,Combined TRACON& Tower with Radar,8,30,11,0,49,0,1,11,1,13,8,31,22,1,62,0,0,0,62
02/07/2019,AVP,PA,AEA,EN,Combined TRACON& Tower with Radar,11,31,12,3,57,0,3,10,0,13,11,34,22,3,70,26,0,26,96
02/08/2019,AVP,PA,AEA,EN,Combined TRACON& Tower with Radar,9,32,5,0,46,0,1,3,0,4,9,33,8,0,50,0,0,0,50
02/09/2019,AVP,PA,AEA,EN,Combined TRACON& Tower with Radar,7,26,6,0,39,0,3,12,0,15,7,29,18,0,54,0,0,0,54
02/10/2019,AVP,PA,AEA,EN,Combined TRACON& Tower with Radar,7,26,20,0,53,0,2,41,0,43,7,28,61,0,96,44,0,44,140
02/11/2019,AVP,PA,AEA,EN,Combined TRACON& Tower with Radar,8,29,15,0,52,0,7,20,0,27,8,36,35,0,79,94,0,94,173
02/12/2019,AVP,PA,AEA,EN,Combined TRACON& Tower with Radar,5,14,0,0,19,0,4,4,0,8,5,18,4,0,27,42,0,42,69
02/13/2019,AVP,PA,AEA,EN,Combined TRACON& Tower with Radar,9,29,11,1,50,0,10,4,1,15,9,39,15,2,65,32,0,32,97
02/14/2019,AVP,PA,AEA,EN,Combined TRACON& Tower with Radar,9,37,15,2,63,0,13,33,0,46,9,50,48,2,109,42,0,42,151
02/15/2019,AVP,PA,AEA,EN,Combined TRACON& Tower with Radar,11,30,11,0,52,0,7,22,0,29,11,37,33,0,81,68,0,68,149
02/16/2019,AVP,PA,AEA,EN,Combined TRACON& Tower with Radar,9,28,11,0,48,0,6,31,0,37,9,34,42,0,85,46,0,46,131
02/17/2019,AVP,PA,AEA,EN,Combined TRACON& Tower with Radar,8,24,11,0,43,0,2,25,0,27,8,26,36,0,70,90,0,90,160
02/18/2019,AVP,PA,AEA,EN,Combined TRACON& Tower with Radar,9,28,7,0,44,0,6,6,0,12,9,34,13,0,56,48,0,48,104
02/19/2019,AVP,PA,AEA,EN,Combined TRACON& Tower with Radar,7,31,9,0,47,0,5,34,0,39,7,36,43,0,86,91,0,91,177
02/20/2019,AVP,PA,AEA,EN,Combined TRACON& Tower with Radar,7,19,7,0,33,0,0,0,0,0,7,19,7,0,33,0,0,0,33
02/21/2019,AVP,PA,AEA,EN,Combined TRACON& Tower with Radar,10,35,15,0,60,0,6,12,0,18,10,41,27,0,78,48,0,48,126
02/22/2019,AVP,PA,AEA,EN,Combined TRACON& Tower with Radar,10,33,9,0,52,0,9,45,0,54,10,42,54,0,106,134,0,134,240
02/23/2019,AVP,PA,AEA,EN,Combined TRACON& Tower with Radar,9,22,13,0,44,0,2,25,0,27,9,24,38,0,71,40,0,40,111
02/24/2019,AVP,PA,AEA,EN,Combined TRACON& Tower with Radar,13,29,14,0,56,0,0,0,0,0,13,29,14,0,56,0,0,0,56
02/25/2019,AVP,PA,AEA,EN,Combined TRACON& Tower with Radar,7,21,3,0,31,0,4,9,1,14,7,25,12,1,45,70,0,70,115
02/26/2019,AVP,PA,AEA,EN,Combined TRACON& Tower with Radar,7,28,17,0,52,0,4,27,0,31,7,32,44,0,83,78,0,78,161
02/27/2019,AVP,PA,AEA,EN,Combined TRACON& Tower with Radar,9,34,7,0,50,0,7,15,0,22,9,41,22,0,72,88,0,88,160
02/28/2019,AVP,PA,AEA,EN,Combined TRACON& Tower with Radar,11,35,17,0,63,0,9,37,4,50,11,44,54,4,113,71,0,71,184
03/01/2019,AVP,PA,AEA,EN,Combined TRACON& Tower with Radar,10,33,12,0,55,0,6,13,0,19,10,39,25,0,74,28,0,28,102
03/02/2019,AVP,PA,AEA,EN,Combined TRACON& Tower with Radar,10,22,3,0,35,0,0,0,0,0,10,22,3,0,35,0,0,0,35
03/03/2019,AVP,PA,AEA,EN,Combined TRACON& Tower with Radar,9,27,10,0,46,0,0,8,0,8,9,27,18,0,54,68,0,68,122
03/04/2019,AVP,PA,AEA,EN,Combined TRACON& Tower with Radar,7,26,2,0,35,0,7,15,0,22,7,33,17,0,57,26,0,26,83
03/05/2019,AVP,PA,AEA,EN,Combined TRACON& Tower with Radar,10,31,18,0,59,0,3,17,0,20,10,34,35,0,79,0,0,0,79
03/06/2019,AVP,PA,AEA,EN,Combined TRACON& Tower with Radar,10,33,14,0,57,0,8,11,0,19,10,41,25,0,76,46,2,48,124
03/07/2019,AVP,PA,AEA,EN,Combined TRACON& Tower with Radar,9,33,24,0,66,0,5,15,0,20,9,38,39,0,86,30,0,30,116
03/08/2019,AVP,PA,AEA,EN,Combined TRACON& Tower with Radar,11,35,14,0,60,0,2,25,0,27,11,37,39,0,87,58,0,58,145
03/09/2019,AVP,PA,AEA,EN,Combined TRACON& Tower with Radar,11,25,25,0,61,0,4,44,0,48,11,29,69,0,109,22,0,22,131
03/10/2019,AVP,PA,AEA,EN,Combined TRACON& Tower with Radar,10,31,7,0,48,0,10,3,0,13,10,41,10,0,61,84,0,84,145
03/11/2019,AVP,PA,AEA,EN,Combined TRACON& Tower with Radar,9,32,13,0,54,0,17,15,0,32,9,49,28,0,86,60,0,60,146
03/12/2019,AVP,PA,AEA,EN,Combined TRACON& Tower with Radar,8,32,9,1,50,0,7,10,1,18,8,39,19,2,68,0,0,0,68
03/13/2019,AVP,PA,AEA,EN,Combined TRACON& Tower with Radar,10,33,21,0,64,0,8,43,4,55,10,41,64,4,119,93,8,101,220
03/14/2019,AVP,PA,AEA,EN,Combined TRACON& Tower with Radar,10,32,18,2,62,0,4,30,3,37,10,36,48,5,99,41,0,41,140
03/15/2019,AVP,PA,AEA,EN,Combined TRACON& Tower with Radar,8,48,9,0,65,0,2,8,0,10,8,50,17,0,75,0,0,0,75
03/16/2019,AVP,PA,AEA,EN,Combined TRACON& Tower with Radar,11,33,5,0,49,0,6,2,0,8,11,39,7,0,57,0,0,0,57
03/17/2019,AVP,PA,AEA,EN,Combined TRACON& Tower with Radar,11,28,13,0,52,0,2,4,0,6,11,30,17,0,58,0,0,0,58
03/18/2019,AVP,PA,AEA,EN,Combined TRACON& Tower with Radar,8,30,10,0,48,0,10,36,0,46,8,40,46,0,94,37,0,37,131
03/19/2019,AVP,PA,AEA,EN,Combined TRACON& Tower with Radar,8,33,14,0,55,0,3,42,2,47,8,36,56,2,102,124,0,124,226
03/20/2019,AVP,PA,AEA,EN,Combined TRACON& Tower with Radar,10,32,17,0,59,0,6,29,0,35,10,38,46,0,94,89,0,89,183
03/21/2019,AVP,PA,AEA,EN,Combined TRACON& Tower with Radar,10,34,8,0,52,0,1,0,0,1,10,35,8,0,53,0,0,0,53
03/22/2019,AVP,PA,AEA,EN,Combined TRACON& Tower with Radar,9,31,14,0,54,0,2,0,0,2,9,33,14,0,56,0,0,0,56
03/23/2019,AVP,PA,AEA,EN,Combined TRACON& Tower with Radar,12,24,1,0,37,0,3,4,0,7,12,27,5,0,44,0,0,0,44
03/24/2019,AVP,PA,AEA,EN,Combined TRACON& Tower with Radar,10,27,13,0,50,0,4,25,0,29,10,31,38,0,79,20,0,20,99
03/25/2019,AVP,PA,AEA,EN,Combined TRACON& Tower with Radar,8,30,18,0,56,0,2,24,0,26,8,32,42,0,82,97,0,97,179
03/26/2019,AVP,PA,AEA,EN,Combined TRACON& Tower with Radar,8,32,10,6,56,0,4,24,2,30,8,36,34,8,86,68,6,74,160
03/27/2019,AVP,PA,AEA,EN,Combined TRACON& Tower with Radar,8,38,18,0,64,0,9,39,0,48,8,47,57,0,112,144,0,144,256
03/28/2019,AVP,PA,AEA,EN,Combined TRACON& Tower with Radar,10,34,25,0,69,0,0,23,0,23,10,34,48,0,92,128,0,128,220
03/29/2019,AVP,PA,AEA,EN,Combined TRACON& Tower with Radar,10,34,19,0,63,0,1,5,0,6,10,35,24,0,69,36,0,36,105
03/30/2019,AVP,PA,AEA,EN,Combined TRACON& Tower with Radar,10,27,5,0,42,0,2,9,1,12,10,29,14,1,54,5,0,5,59
03/31/2019,AVP,PA,AEA,EN,Combined TRACON& Tower with Radar,10,32,7,0,49,0,4,5,0,9,10,36,12,0,58,24,0,24,82
04/01/2019,AVP,PA,AEA,EN,Combined TRACON& Tower with Radar,8,43,18,0,69,0,6,10,0,16,8,49,28,0,85,21,0,21,106
04/02/2019,AVP,PA,AEA,EN,Combined TRACON& Tower with Radar,9,39,22,0,70,0,7,31,0,38,9,46,53,0,108,43,0,43,151
04/03/2019,AVP,PA,AEA,EN,Combined TRACON& Tower with Radar,14,31,12,0,57,0,5,16,0,21,14,36,28,0,78,32,0,32,110
04/04/2019,AVP,PA,AEA,EN,Combined TRACON& Tower with Radar,12,36,15,1,64,0,3,45,3,51,12,39,60,4,115,50,0,50,165
04/05/2019,AVP,PA,AEA,EN,Combined TRACON& Tower with Radar,12,36,4,0,52,0,1,0,0,1,12,37,4,0,53,0,0,0,53
04/06/2019,AVP,PA,AEA,EN,Combined TRACON& Tower with Radar,12,27,13,0,52,0,5,12,0,17,12,32,25,0,69,82,0,82,151
04/07/2019,AVP,PA,AEA,EN,Combined TRACON& Tower with Radar,12,25,7,0,44,0,12,39,0,51,12,37,46,0,95,94,0,94,189
04/08/2019,AVP,PA,AEA,EN,Combined TRACON& Tower with Radar,13,28,13,2,56,0,6,9,0,15,13,34,22,2,71,1,0,1,72
04/09/2019,AVP,PA,AEA,EN,Combined TRACON& Tower with Radar,10,37,9,0,56,0,6,17,0,23,10,43,26,0,79,25,0,25,104
04/10/2019,AVP,PA,AEA,EN,Combined TRACON& Tower with Radar,13,33,16,0,62,0,15,19,0,34,13,48,35,0,96,47,0,47,143
04/11/2019,AVP,PA,AEA,EN,Combined TRACON& Tower with Radar,12,33,14,0,59,0,11,43,0,54,12,44,57,0,113,102,0,102,215
04/12/2019,AVP,PA,AEA,EN,Combined TRACON& Tower with Radar,11,36,10,0,57,0,2,6,0,8,11,38,16,0,65,0,0,0,65
04/13/2019,AVP,PA,AEA,EN,Combined TRACON& Tower with Radar,11,23,13,0,47,0,2,25,1,28,11,25,38,1,75,0,0,0,75
04/14/2019,AVP,PA,AEA,EN,Combined TRACON& Tower with Radar,13,25,13,0,51,0,0,3,0,3,13,25,16,0,54,32,0,32,86
04/15/2019,AVP,PA,AEA,EN,Combined TRACON& Tower with Radar,15,34,7,2,58,0,0,2,0,2,15,34,9,2,60,28,0,28,88
04/16/2019,AVP,PA,AEA,EN,Combined TRACON& Tower with Radar,10,35,16,0,61,0,11,34,0,45,10,46,50,0,106,80,0,80,186
04/17/2019,AVP,PA,AEA,EN,Combined TRACON& Tower with Radar,12,36,12,2,62,0,0,40,0,40,12,36,52,2,102,0,0,0,102
04/18/2019,AVP,PA,AEA,EN,Combined TRACON& Tower with Radar,12,35,12,0,59,0,10,8,0,18,12,45,20,0,77,90,0,90,167
04/19/2019,AVP,PA,AEA,EN,Combined TRACON& Tower with Radar,10,30,2,0,42,0,0,0,0,0,10,30,2,0,42,0,0,0,42
04/20/2019,AVP,PA,AEA,EN,Combined TRACON& Tower with Radar,12,22,7,0,41,0,6,2,0,8,12,28,9,0,49,0,0,0,49
04/21/2019,AVP,PA,AEA,EN,Combined TRACON& Tower with Radar,13,24,6,0,43,0,3,2,0,5,13,27,8,0,48,0,0,0,48
04/22/2019,AVP,PA,AEA,EN,Combined TRACON& Tower with Radar,13,27,13,0,53,0,2,7,0,9,13,29,20,0,62,46,0,46,108
04/23/2019,AVP,PA,AEA,EN,Combined TRACON& Tower with Radar,10,37,7,0,54,0,4,36,0,40,10,41,43,0,94,60,0,60,154
04/24/2019,AVP,PA,AEA,EN,Combined TRACON& Tower with Radar,12,37,16,0,65,0,6,31,2,39,12,43,47,2,104,64,4,68,172
04/25/2019,AVP,PA,AEA,EN,Combined TRACON& Tower with Radar,12,33,23,0,68,0,13,58,1,72,12,46,81,1,140,110,0,110,250
04/26/2019,AVP,PA,AEA,EN,Combined TRACON& Tower with Radar,10,39,8,0,57,0,0,1,0,1,10,39,9,0,58,0,0,0,58
04/27/2019,AVP,PA,AEA,EN,Combined TRACON& Tower with Radar,15,23,2,2,42,0,2,8,0,10,15,25,10,2,52,0,0,0,52
04/28/2019,AVP,PA,AEA,EN,Combined TRACON& Tower with Radar,12,34,9,0,55,0,0,1,0,1,12,34,10,0,56,0,0,0,56
04/29/2019,AVP,PA,AEA,EN,Combined TRACON& Tower with Radar,12,33,16,0,61,0,0,44,0,44,12,33,60,0,105,0,0,0,105
04/30/2019,AVP,PA,AEA,EN,Combined TRACON& Tower with Radar,9,37,19,2,67,0,6,8,2,16,9,43,27,4,83,0,0,0,83
05/01/2019,AVP,PA,AEA,EN,Combined TRACON& Tower with Radar,10,40,10,0,60,0,2,9,0,11,10,42,19,0,71,74,0,74,145
05/02/2019,AVP,PA,AEA,EN,Combined TRACON& Tower with Radar,10,46,5,0,61,0,13,19,0,32,10,59,24,0,93,111,0,111,204
05/03/2019,AVP,PA,AEA,EN,Combined TRACON& Tower with Radar,8,38,18,0,64,0,0,2,0,2,8,38,20,0,66,0,0,0,66
05/04/2019,AVP,PA,AEA,EN,Combined TRACON& Tower with Radar,10,29,18,0,57,0,2,2,0,4,10,31,20,0,61,147,0,147,208
05/05/2019,AVP,PA,AEA,EN,Combined TRACON& Tower with Radar,12,33,6,2,53,0,7,0,0,7,12,40,6,2,60,0,0,0,60
05/06/2019,AVP,PA,AEA,EN,Combined TRACON& Tower with Radar,10,31,12,1,54,0,1,36,1,38,10,32,48,2,92,38,0,38,130
05/07/2019,AVP,PA,AEA,EN,Combined TRACON& Tower with Radar,10,37,11,0,58,0,4,20,0,24,10,41,31,0,82,28,0,28,110
05/08/2019,AVP,PA,AEA,EN,Combined TRACON& Tower with Radar,10,39,23,4,76,0,8,52,4,64,10,47,75,8,140,79,8,87,227
05/09/2019,AVP,PA,AEA,EN,Combined TRACON& Tower with Radar,10,34,20,2,66,0,6,21,2,29,10,40,41,4,95,17,11,28,123
05/10/2019,AVP,PA,AEA,EN,Combined TRACON& Tower with Radar,10,41,21,0,72,0,6,7,0,13,10,47,28,0,85,44,0,44,129
05/11/2019,AVP,PA,AEA,EN,Combined TRACON& Tower with Radar,10,25,13,6,54,0,1,50,0,51,10,26,63,6,105,72,12,84,189
05/12/2019,AVP,PA,AEA,EN,Combined TRACON& Tower with Radar,12,25,8,1,46,0,1,0,0,1,12,26,8,1,47,0,0,0,47
05/13/2019,AVP,PA,AEA,EN,Combined TRACON& Tower with Radar,10,31,10,0,51,0,0,4,0,4,10,31,14,0,55,34,0,34,89
05/14/2019,AVP,PA,AEA,EN,Combined TRACON& Tower with Radar,10,36,15,8,69,0,2,5,0,7,10,38,20,8,76,30,0,30,106
05/15/2019,AVP,PA,AEA,EN,Combined TRACON& Tower with Radar,10,36,16,0,62,0,7,38,0,45,10,43,54,0,107,56,0,56,163
05/16/2019,AVP,PA,AEA,EN,Combined TRACON& Tower with Radar,10,37,10,0,57,0,5,48,0,53,10,42,58,0,110,128,0,128,238
05/17/2019,AVP,PA,AEA,EN,Combined TRACON& Tower with Radar,10,34,29,0,73,0,13,19,0,32,10,47,48,0,105,120,0,120,225
05/18/2019,AVP,PA,AEA,EN,Combined TRACON& Tower with Radar,12,28,12,0,52,0,4,38,0,42,12,32,50,0,94,4,0,4,98
05/19/2019,AVP,PA,AEA,EN,Combined TRACON& Tower with Radar,12,29,6,0,47,0,8,12,0,20,12,37,18,0,67,0,0,0,67
05/20/2019,AVP,PA,AEA,EN,Combined TRACON& Tower with Radar,10,39,12,0,61,0,5,14,0,19,10,44,26,0,80,3,0,3,83
05/21/2019,AVP,PA,AEA,EN,Combined TRACON& Tower with Radar,10,34,13,3,60,0,2,8,0,10,10,36,21,3,70,0,0,0,70
05/22/2019,AVP,PA,AEA,EN,Combined TRACON& Tower with Radar,10,39,18,3,70,0,5,37,2,44,10,44,55,5,114,20,0,20,134
05/23/2019,AVP,PA,AEA,EN,Combined TRACON& Tower with Radar,10,41,17,8,76,0,4,8,3,15,10,45,25,11,91,64,40,104,195
05/24/2019,AVP,PA,AEA,EN,Combined TRACON& Tower with Radar,10,39,8,0,57,0,6,15,0,21,10,45,23,0,78,66,0,66,144
05/25/2019,AVP,PA,AEA,EN,Combined TRACON& Tower with Radar,12,24,8,0,44,0,6,21,0,27,12,30,29,0,71,0,0,0,71
05/26/2019,AVP,PA,AEA,EN,Combined TRACON& Tower with Radar,13,19,5,4,41,0,4,8,0,12,13,23,13,4,53,10,0,10,63
05/27/2019,AVP,PA,AEA,EN,Combined TRACON& Tower with Radar,11,23,7,0,41,0,4,43,0,47,11,27,50,0,88,27,0,27,115
05/28/2019,AVP,PA,AEA,EN,Combined TRACON& Tower with Radar,11,34,16,0,61,0,11,7,0,18,11,45,23,0,79,64,0,64,143
05/29/2019,AVP,PA,AEA,EN,Combined TRACON& Tower with Radar,14,37,11,2,64,0,2,7,1,10,14,39,18,3,74,0,0,0,74
05/30/2019,AVP,PA,AEA,EN,Combined TRACON& Tower with Radar,12,37,35,0,84,0,5,19,0,24,12,42,54,0,108,79,0,79,187
05/31/2019,AVP,PA,AEA,EN,Combined TRACON& Tower with Radar,12,40,29,0,81,1,8,44,0,53,13,48,73,0,134,96,0,96,230
06/01/2019,AVP,PA,AEA,EN,Combined TRACON& Tower with Radar,14,27,17,0,58,0,7,31,0,38,14,34,48,0,96,46,0,46,142
06/02/2019,AVP,PA,AEA,EN,Combined TRACON& Tower with Radar,14,27,26,0,67,0,4,14,0,18,14,31,40,0,85,21,0,21,106
06/03/2019,AVP,PA,AEA,EN,Combined TRACON& Tower with Radar,14,28,9,0,51,0,1,15,0,16,14,29,24,0,67,0,0,0,67
06/04/2019,AVP,PA,AEA,EN,Combined TRACON& Tower with Radar,12,31,7,0,50,0,5,33,0,38,12,36,40,0,88,92,0,92,180
06/05/2019,AVP,PA,AEA,EN,Combined TRACON& Tower with Radar,12,31,15,0,58,0,9,23,0,32,12,40,38,0,90,78,0,78,168
06/06/2019,AVP,PA,AEA,EN,Combined TRACON& Tower with Radar,12,36,11,2,61,0,6,19,2,27,12,42,30,4,88,62,2,64,152
06/07/2019,AVP,PA,AEA,EN,Combined TRACON& Tower with Radar,12,34,12,0,58,0,3,42,0,45,12,37,54,0,103,52,0,52,155
06/08/2019,AVP,PA,AEA,EN,Combined TRACON& Tower with Radar,10,26,20,0,56,0,13,51,0,64,10,39,71,0,120,60,0,60,180
06/09/2019,AVP,PA,AEA,EN,Combined TRACON& Tower with Radar,12,27,13,0,52,0,8,46,0,54,12,35,59,0,106,78,0,78,184
06/10/2019,AVP,PA,AEA,EN,Combined TRACON& Tower with Radar,12,31,7,0,50,0,2,0,0,2,12,33,7,0,52,11,0,11,63
06/11/2019,AVP,PA,AEA,EN,Combined TRACON& Tower with Radar,14,39,10,0,63,0,0,13,0,13,14,39,23,0,76,0,0,0,76
06/12/2019,AVP,PA,AEA,EN,Combined TRACON& Tower with Radar,12,32,9,0,53,0,8,47,4,59,12,40,56,4,112,49,0,49,161
06/13/2019,AVP,PA,AEA,EN,Combined TRACON& Tower with Radar,12,32,16,0,60,0,1,0,0,1,12,33,16,0,61,2,0,2,63
06/14/2019,AVP,PA,AEA,EN,Combined TRACON& Tower with Radar,14,27,21,1,63,0,5,12,1,18,14,32,33,2,81,16,0,16,97
06/15/2019,AVP,PA,AEA,EN,Combined TRACON& Tower with Radar,13,23,7,0,43,0,3,30,0,33,13,26,37,0,76,23,0,23,99
06/16/2019,AVP,PA,AEA,EN,Combined TRACON& Tower with Radar,15,28,4,0,47,0,2,2,0,4,15,30,6,0,51,0,0,0,51
06/17/2019,AVP,PA,AEA,EN,Combined TRACON& Tower with Radar,14,28,12,2,56,0,13,13,0,26,14,41,25,2,82,56,0,56,138
06/18/2019,AVP,PA,AEA,EN,Combined TRACON& Tower with Radar,12,30,7,0,49,0,2,4,0,6,12,32,11,0,55,0,0,0,55
06/19/2019,AVP,PA,AEA,EN,Combined TRACON& Tower with Radar,12,39,12,0,63,0,0,23,0,23,12,39,35,0,86,4,0,4,90
06/20/2019,AVP,PA,AEA,EN,Combined TRACON& Tower with Radar,14,34,7,0,55,0,0,13,0,13,14,34,20,0,68,16,0,16,84
06/21/2019,AVP,PA,AEA,EN,Combined TRACON& Tower with Radar,11,37,25,0,73,0,2,11,0,13,11,39,36,0,86,56,0,56,142
06/22/2019,AVP,PA,AEA,EN,Combined TRACON& Tower with Radar,13,27,11,2,53,0,5,26,0,31,13,32,37,2,84,40,0,40,124
06/23/2019,AVP,PA,AEA,EN,Combined TRACON& Tower with Radar,12,27,15,0,54,0,10,48,0,58,12,37,63,0,112,72,0,72,184
06/24/2019,AVP,PA,AEA,EN,Combined TRACON& Tower with Radar,13,32,18,0,63,0,4,23,0,27,13,36,41,0,90,44,0,44,134
06/25/2019,AVP,PA,AEA,EN,Combined TRACON& Tower with Radar,11,32,13,0,56,0,9,19,0,28,11,41,32,0,84,59,0,59,143
06/26/2019,AVP,PA,AEA,EN,Combined TRACON& Tower with Radar,12,36,21,0,69,0,9,40,0,49,12,45,61,0,118,54,0,54,172
06/27/2019,AVP,PA,AEA,EN,Combined TRACON& Tower with Radar,14,33,24,1,72,0,14,62,1,77,14,47,86,2,149,142,0,142,291
06/28/2019,AVP,PA,AEA,EN,Combined TRACON& Tower with Radar,12,33,14,0,59,0,8,21,0,29,12,41,35,0,88,30,0,30,118
06/29/2019,AVP,PA,AEA,EN,Combined TRACON& Tower with Radar,14,20,3,0,37,0,2,19,0,21,14,22,22,0,58,36,0,36,94
06/30/2019,AVP,PA,AEA,EN,Combined TRACON& Tower with Radar,12,18,12,0,42,0,4,17,0,21,12,22,29,0,63,0,0,0,63
07/01/2019,AVP,PA,AEA,EN,Combined TRACON& Tower with Radar,12,25,16,0,53,0,17,54,1,72,12,42,70,1,125,73,0,73,198
07/02/2019,AVP,PA,AEA,EN,Combined TRACON& Tower with Radar,12,23,17,0,52,0,5,23,6,34,12,28,40,6,86,47,0,47,133
07/03/2019,AVP,PA,AEA,EN,Combined TRACON& Tower with Radar,12,19,15,0,46,0,3,15,0,18,12,22,30,0,64,33,2,35,99
07/04/2019,AVP,PA,AEA,EN,Combined TRACON& Tower with Radar,12,12,8,0,32,0,7,32,0,39,12,19,40,0,71,82,0,82,153
07/05/2019,AVP,PA,AEA,EN,Combined TRACON& Tower with Radar,9,29,13,0,51,0,3,17,0,20,9,32,30,0,71,72,0,72,143
07/06/2019,AVP,PA,AEA,EN,Combined TRACON& Tower with Radar,13,24,10,0,47,0,0,5,0,5,13,24,15,0,52,0,0,0,52
07/07/2019,AVP,PA,AEA,EN,Combined TRACON& Tower with Radar,12,27,11,0,50,0,4,14,0,18,12,31,25,0,68,0,0,0,68
07/08/2019,AVP,PA,AEA,EN,Combined TRACON& Tower with Radar,12,31,16,2,61,0,0,2,0,2,12,31,18,2,63,0,0,0,63
07/09/2019,AVP,PA,AEA,EN,Combined TRACON& Tower with Radar,12,36,31,0,79,0,1,31,1,33,12,37,62,1,112,38,0,38,150
07/10/2019,AVP,PA,AEA,EN,Combined TRACON& Tower with Radar,14,41,17,1,73,0,7,32,0,39,14,48,49,1,112,78,0,78,190
07/11/2019,AVP,PA,AEA,EN,Combined TRACON& Tower with Radar,14,33,8,0,55,0,0,4,0,4,14,33,12,0,59,22,0,22,81
07/12/2019,AVP,PA,AEA,EN,Combined TRACON& Tower with Radar,14,32,16,0,62,0,14,27,0,41,14,46,43,0,103,120,0,120,223
07/13/2019,AVP,PA,AEA,EN,Combined TRACON& Tower with Radar,11,26,12,0,49,0,12,52,0,64,11,38,64,0,113,46,0,46,159
07/14/2019,AVP,PA,AEA,EN,Combined TRACON& Tower with Radar,11,30,14,0,55,0,8,37,0,45,11,38,51,0,100,70,0,70,170
07/15/2019,AVP,PA,AEA,EN,Combined TRACON& Tower with Radar,14,28,10,1,53,0,4,65,3,72,14,32,75,4,125,166,8,174,299
07/16/2019,AVP,PA,AEA,EN,Combined TRACON& Tower with Radar,14,38,10,0,62,0,4,38,0,42,14,42,48,0,104,82,0,82,186
07/17/2019,AVP,PA,AEA,EN,Combined TRACON& Tower with Radar,11,41,8,0,60,0,5,8,0,13,11,46,16,0,73,0,0,0,73
07/18/2019,AVP,PA,AEA,EN,Combined TRACON& Tower with Radar,12,39,16,0,67,0,6,10,0,16,12,45,26,0,83,73,0,73,156
07/19/2019,AVP,PA,AEA,EN,Combined TRACON& Tower with Radar,11,37,18,0,66,0,6,17,0,23,11,43,35,0,89,70,0,70,159
07/20/2019,AVP,PA,AEA,EN,Combined TRACON& Tower with Radar,11,25,11,0,47,0,12,26,0,38,11,37,37,0,85,32,0,32,117
07/21/2019,AVP,PA,AEA,EN,Combined TRACON& Tower with Radar,11,28,8,0,47,0,5,8,0,13,11,33,16,0,60,0,0,0,60
07/22/2019,AVP,PA,AEA,EN,Combined TRACON& Tower with Radar,12,31,12,0,55,0,0,2,0,2,12,31,14,0,57,0,0,0,57
07/23/2019,AVP,PA,AEA,EN,Combined TRACON& Tower with Radar,14,32,20,0,66,0,7,18,0,25,14,39,38,0,91,78,0,78,169
07/24/2019,AVP,PA,AEA,EN,Combined TRACON& Tower with Radar,11,36,18,0,65,0,17,52,2,71,11,53,70,2,136,158,0,158,294
07/25/2019,AVP,PA,AEA,EN,Combined TRACON& Tower with Radar,12,38,27,5,82,0,8,44,9,61,12,46,71,14,143,152,2,154,297
07/26/2019,AVP,PA,AEA,EN,Combined TRACON& Tower with Radar,11,36,28,0,75,0,7,35,2,44,11,43,63,2,119,88,2,90,209
07/27/2019,AVP,PA,AEA,EN,Combined TRACON& Tower with Radar,11,23,15,0,49,0,7,40,0,47,11,30,55,0,96,18,0,18,114
07/28/2019,AVP,PA,AEA,EN,Combined TRACON& Tower with Radar,11,31,37,2,81,0,9,54,0,63,11,40,91,2,144,52,0,52,196
07/29/2019,AVP,PA,AEA,EN,Combined TRACON& Tower with Radar,12,28,11,0,51,0,2,15,2,19,12,30,26,2,70,0,0,0,70
07/30/2019,AVP,PA,AEA,EN,Combined TRACON& Tower with Radar,14,30,21,0,65,0,3,15,0,18,14,33,36,0,83,0,0,0,83
07/31/2019,AVP,PA,AEA,EN,Combined TRACON& Tower with Radar,13,41,3,0,57,0,4,8,0,12,13,45,11,0,69,0,0,0,69
08/01/2019,AVP,PA,AEA,EN,Combined TRACON& Tower with Radar,10,33,19,0,62,0,5,35,0,40,10,38,54,0,102,94,0,94,196
08/02/2019,AVP,PA,AEA,EN,Combined TRACON& Tower with Radar,13,28,12,0,53,0,6,26,0,32,13,34,38,0,85,36,4,40,125
08/03/2019,AVP,PA,AEA,EN,Combined TRACON& Tower with Radar,11,23,11,2,47,0,6,15,0,21,11,29,26,2,68,52,0,52,120
08/04/2019,AVP,PA,AEA,EN,Combined TRACON& Tower with Radar,11,27,7,0,45,0,6,18,0,24,11,33,25,0,69,0,0,0,69
08/05/2019,AVP,PA,AEA,EN,Combined TRACON& Tower with Radar,14,26,19,0,59,0,3,47,0,50,14,29,66,0,109,46,0,46,155
08/06/2019,AVP,PA,AEA,EN,Combined TRACON& Tower with Radar,14,29,20,0,63,0,9,20,0,29,14,38,40,0,92,0,0,0,92
08/07/2019,AVP,PA,AEA,EN,Combined TRACON& Tower with Radar,13,28,13,0,54,0,6,14,0,20,13,34,27,0,74,0,0,0,74
08/08/2019,AVP,PA,AEA,EN,Combined TRACON& Tower with Radar,13,36,27,0,76,0,12,23,4,39,13,48,50,4,115,30,0,30,145
08/09/2019,AVP,PA,AEA,EN,Combined TRACON& Tower with Radar,12,32,15,0,59,0,4,25,0,29,12,36,40,0,88,70,1,71,159
08/10/2019,AVP,PA,AEA,EN,Combined TRACON& Tower with Radar,12,22,10,0,44,0,6,40,2,48,12,28,50,2,92,80,0,80,172
08/11/2019,AVP,PA,AEA,EN,Combined TRACON& Tower with Radar,12,30,17,0,59,0,6,30,0,36,12,36,47,0,95,12,0,12,107
08/12/2019,AVP,PA,AEA,EN,Combined TRACON& Tower with Radar,12,28,8,0,48,0,6,30,0,36,12,34,38,0,84,0,0,0,84
08/13/2019,AVP,PA,AEA,EN,Combined TRACON& Tower with Radar,17,26,16,0,59,0,0,5,0,5,17,26,21,0,64,0,0,0,64
08/14/2019,AVP,PA,AEA,EN,Combined TRACON& Tower with Radar,14,33,15,0,62,0,3,8,0,11,14,36,23,0,73,30,0,30,103
08/15/2019,AVP,PA,AEA,EN,Combined TRACON& Tower with Radar,15,25,7,0,47,0,6,17,1,24,15,31,24,1,71,78,0,78,149
08/16/2019,AVP,PA,AEA,EN,Combined TRACON& Tower with Radar,13,32,23,0,68,0,4,23,0,27,13,36,46,0,95,54,0,54,149
08/17/2019,AVP,PA,AEA,EN,Combined TRACON& Tower with Radar,14,24,22,0,60,0,2,5,0,7,14,26,27,0,67,38,0,38,105
08/18/2019,AVP,PA,AEA,EN,Combined TRACON& Tower with Radar,13,20,24,0,57,0,3,21,0,24,13,23,45,0,81,0,0,0,81
08/19/2019,AVP,PA,AEA,EN,Combined TRACON& Tower with Radar,12,27,27,0,66,0,5,22,1,28,12,32,49,1,94,37,0,37,131
08/20/2019,AVP,PA,AEA,EN,Combined TRACON& Tower with Radar,12,25,15,0,52,0,13,24,2,39,12,38,39,2,91,40,0,40,131
08/21/2019,AVP,PA,AEA,EN,Combined TRACON& Tower with Radar,14,27,16,0,57,0,14,13,0,27,14,41,29,0,84,66,1,67,151
08/22/2019,AVP,PA,AEA,EN,Combined TRACON& Tower with Radar,14,31,24,2,71,0,4,10,2,16,14,35,34,4,87,114,1,115,202
08/23/2019,AVP,PA,AEA,EN,Combined TRACON& Tower with Radar,13,25,23,0,61,0,12,19,0,31,13,37,42,0,92,8,0,8,100
08/24/2019,AVP,PA,AEA,EN,Combined TRACON& Tower with Radar,12,24,18,0,54,0,2,30,0,32,12,26,48,0,86,0,0,0,86
08/25/2019,AVP,PA,AEA,EN,Combined TRACON& Tower with Radar,11,23,13,0,47,0,6,27,0,33,11,29,40,0,80,30,0,30,110
08/26/2019,AVP,PA,AEA,EN,Combined TRACON& Tower with Radar,17,22,13,2,54,0,5,23,0,28,17,27,36,2,82,0,0,0,82
08/27/2019,AVP,PA,AEA,EN,Combined TRACON& Tower with Radar,16,21,12,0,49,0,5,10,0,15,16,26,22,0,64,32,0,32,96
08/28/2019,AVP,PA,AEA,EN,Combined TRACON& Tower with Radar,14,28,11,2,55,0,5,4,0,9,14,33,15,2,64,0,0,0,64
08/29/2019,AVP,PA,AEA,EN,Combined TRACON& Tower with Radar,16,26,13,1,56,0,3,39,0,42,16,29,52,1,98,104,0,104,202
08/30/2019,AVP,PA,AEA,EN,Combined TRACON& Tower with Radar,14,27,11,0,52,0,2,32,0,34,14,29,43,0,86,6,0,6,92
08/31/2019,AVP,PA,AEA,EN,Combined TRACON& Tower with Radar,8,24,10,0,42,0,6,25,0,31,8,30,35,0,73,90,0,90,163
09/01/2019,AVP,PA,AEA,EN,Combined TRACON& Tower with Radar,7,23,9,0,39,0,7,29,0,36,7,30,38,0,75,44,0,44,119
09/02/2019,AVP,PA,AEA,EN,Combined TRACON& Tower with Radar,10,26,9,0,45,0,8,2,0,10,10,34,11,0,55,72,0,72,127
09/03/2019,AVP,PA,AEA,EN,Combined TRACON& Tower with Radar,10,30,8,2,50,0,2,19,0,21,10,32,27,2,71,42,0,42,113
09/04/2019,AVP,PA,AEA,EN,Combined TRACON& Tower with Radar,12,27,9,0,48,0,5,8,0,13,12,32,17,0,61,0,0,0,61
09/05/2019,AVP,PA,AEA,EN,Combined TRACON& Tower with Radar,11,28,25,8,72,0,4,54,2,60,11,32,79,10,132,118,0,118,250
09/06/2019,AVP,PA,AEA,EN,Combined TRACON& Tower with Radar,9,32,9,0,50,0,6,21,0,27,9,38,30,0,77,0,0,0,77
09/07/2019,AVP,PA,AEA,EN,Combined TRACON& Tower with Radar,9,23,17,0,49,0,6,36,0,42,9,29,53,0,91,1,0,1,92
09/08/2019,AVP,PA,AEA,EN,Combined TRACON& Tower with Radar,10,27,11,0,48,0,7,36,0,43,10,34,47,0,91,50,0,50,141
09/09/2019,AVP,PA,AEA,EN,Combined TRACON& Tower with Radar,10,29,16,0,55,0,4,32,0,36,10,33,48,0,91,62,0,62,153
09/10/2019,AVP,PA,AEA,EN,Combined TRACON& Tower with Radar,8,29,12,0,49,0,4,23,0,27,8,33,35,0,76,36,0,36,112
09/11/2019,AVP,PA,AEA,EN,Combined TRACON& Tower with Radar,9,32,9,0,50,0,3,12,0,15,9,35,21,0,65,6,0,6,71
09/12/2019,AVP,PA,AEA,EN,Combined TRACON& Tower with Radar,10,45,13,0,68,0,5,18,0,23,10,50,31,0,91,74,0,74,165
09/13/2019,AVP,PA,AEA,EN,Combined TRACON& Tower with Radar,9,32,10,4,55,0,7,10,0,17,9,39,20,4,72,64,0,64,136
09/14/2019,AVP,PA,AEA,EN,Combined TRACON& Tower with Radar,10,25,7,0,42,0,2,8,0,10,10,27,15,0,52,34,10,44,96
09/15/2019,AVP,PA,AEA,EN,Combined TRACON& Tower with Radar,9,30,12,0,51,0,2,17,1,20,9,32,29,1,71,10,0,10,81
09/16/2019,AVP,PA,AEA,EN,Combined TRACON& Tower with Radar,10,33,6,0,49,0,13,24,0,37,10,46,30,0,86,70,0,70,156
09/17/2019,AVP,PA,AEA,EN,Combined TRACON& Tower with Radar,9,37,14,0,60,0,3,35,0,38,9,40,49,0,98,58,0,58,156
09/18/2019,AVP,PA,AEA,EN,Combined TRACON& Tower with Radar,9,37,20,0,66,0,3,33,0,36,9,40,53,0,102,66,0,66,168
09/19/2019,AVP,PA,AEA,EN,Combined TRACON& Tower with Radar,10,36,15,0,61,0,4,53,2,59,10,40,68,2,120,81,0,81,201
09/20/2019,AVP,PA,AEA,EN,Combined TRACON& Tower with Radar,10,29,5,0,44,0,10,42,0,52,10,39,47,0,96,92,0,92,188
09/21/2019,AVP,PA,AEA,EN,Combined TRACON& Tower with Radar,9,22,20,0,51,0,0,51,0,51,9,22,71,0,102,104,0,104,206
09/22/2019,AVP,PA,AEA,EN,Combined TRACON& Tower with Radar,11,29,7,0,47,0,4,31,0,35,11,33,38,0,82,42,0,42,124
09/23/2019,AVP,PA,AEA,EN,Combined TRACON& Tower with Radar,10,26,10,0,46,0,7,13,0,20,10,33,23,0,66,8,0,8,74
09/24/2019,AVP,PA,AEA,EN,Combined TRACON& Tower with Radar,9,37,18,1,65,0,6,19,2,27,9,43,37,3,92,70,0,70,162
09/25/2019,AVP,PA,AEA,EN,Combined TRACON& Tower with Radar,10,34,18,2,64,0,9,19,0,28,10,43,37,2,92,0,0,0,92
09/26/2019,AVP,PA,AEA,EN,Combined TRACON& Tower with Radar,9,36,11,0,56,0,8,19,0,27,9,44,30,0,83,90,4,94,177
09/27/2019,AVP,PA,AEA,EN,Combined TRACON& Tower with Radar,12,25,12,0,49,0,4,21,0,25,12,29,33,0,74,68,0,68,142
09/28/2019,AVP,PA,AEA,EN,Combined TRACON& Tower with Radar,11,24,14,0,49,0,4,25,0,29,11,28,39,0,78,64,0,64,142
09/29/2019,AVP,PA,AEA,EN,Combined TRACON& Tower with Radar,9,26,11,0,46,0,0,18,0,18,9,26,29,0,64,41,0,41,105
09/30/2019,AVP,PA,AEA,EN,Combined TRACON& Tower with Radar,10,30,25,0,65,0,6,7,0,13,10,36,32,0,78,10,0,10,88
10/01/2019,AVP,PA,AEA,EN,Combined TRACON& Tower with Radar,10,29,39,0,78,0,6,10,0,16,10,35,49,0,94,0,0,0,94
10/02/2019,AVP,PA,AEA,EN,Combined TRACON& Tower with Radar,11,30,11,2,54,0,5,26,0,31,11,35,37,2,85,82,0,82,167
10/03/2019,AVP,PA,AEA,EN,Combined TRACON& Tower with Radar,14,30,23,0,67,0,2,0,0,2,14,32,23,0,69,0,0,0,69
10/04/2019,AVP,PA,AEA,EN,Combined TRACON& Tower with Radar,12,29,19,0,60,0,20,17,0,37,12,49,36,0,97,118,0,118,215
10/05/2019,AVP,PA,AEA,EN,Combined TRACON& Tower with Radar,12,21,12,0,45,0,14,53,0,67,12,35,65,0,112,145,0,145,257
10/06/2019,AVP,PA,AEA,EN,Combined TRACON& Tower with Radar,12,25,19,0,56,0,2,1,0,3,12,27,20,0,59,0,0,0,59
10/07/2019,AVP,PA,AEA,EN,Combined TRACON& Tower with Radar,12,27,12,0,51,0,1,10,0,11,12,28,22,0,62,70,0,70,132
10/08/2019,AVP,PA,AEA,EN,Combined TRACON& Tower with Radar,11,30,15,4,60,0,14,37,0,51,11,44,52,4,111,94,0,94,205
10/09/2019,AVP,PA,AEA,EN,Combined TRACON& Tower with Radar,11,26,13,0,50,0,4,11,0,15,11,30,24,0,65,35,0,35,100
10/10/2019,AVP,PA,AEA,EN,Combined TRACON& Tower with Radar,14,31,17,0,62,0,13,31,0,44,14,44,48,0,106,64,0,64,170
10/11/2019,AVP,PA,AEA,EN,Combined TRACON& Tower with Radar,12,32,14,2,60,0,14,33,0,47,12,46,47,2,107,88,0,88,195
10/12/2019,AVP,PA,AEA,EN,Combined TRACON& Tower with Radar,12,21,11,0,44,0,6,17,0,23,12,27,28,0,67,0,0,0,67
10/13/2019,AVP,PA,AEA,EN,Combined TRACON& Tower with Radar,12,25,15,0,52,0,2,16,0,18,12,27,31,0,70,32,0,32,102
10/14/2019,AVP,PA,AEA,EN,Combined TRACON& Tower with Radar,12,25,14,0,51,0,3,35,0,38,12,28,49,0,89,12,0,12,101
10/15/2019,AVP,PA,AEA,EN,Combined TRACON& Tower with Radar,15,26,15,0,56,0,14,33,0,47,15,40,48,0,103,108,0,108,211
10/16/2019,AVP,PA,AEA,EN,Combined TRACON& Tower with Radar,15,27,23,2,67,0,4,4,0,8,15,31,27,2,75,64,0,64,139
10/17/2019,AVP,PA,AEA,EN,Combined TRACON& Tower with Radar,14,26,3,0,43,0,4,1,0,5,14,30,4,0,48,0,0,0,48
10/18/2019,AVP,PA,AEA,EN,Combined TRACON& Tower with Radar,12,25,20,4,61,0,4,5,2,11,12,29,25,6,72,0,0,0,72
10/19/2019,AVP,PA,AEA,EN,Combined TRACON& Tower with Radar,13,28,14,0,55,0,3,40,0,43,13,31,54,0,98,99,0,99,197
10/20/2019,AVP,PA,AEA,EN,Combined TRACON& Tower with Radar,13,20,9,1,43,0,4,6,0,10,13,24,15,1,53,24,0,24,77
10/21/2019,AVP,PA,AEA,EN,Combined TRACON& Tower with Radar,12,29,16,3,60,0,2,16,1,19,12,31,32,4,79,50,0,50,129
10/22/2019,AVP,PA,AEA,EN,Combined TRACON& Tower with Radar,11,27,12,0,50,0,6,5,0,11,11,33,17,0,61,58,0,58,119
10/23/2019,AVP,PA,AEA,EN,Combined TRACON& Tower with Radar,13,29,15,4,61,0,4,22,1,27,13,33,37,5,88,80,0,80,168
10/24/2019,AVP,PA,AEA,EN,Combined TRACON& Tower with Radar,13,30,20,0,63,0,27,61,0,88,13,57,81,0,151,200,0,200,351
10/25/2019,AVP,PA,AEA,EN,Combined TRACON& Tower with Radar,11,27,21,4,63,0,3,36,0,39,11,30,57,4,102,115,0,115,217
10/26/2019,AVP,PA,AEA,EN,Combined TRACON& Tower with Radar,11,21,26,0,58,0,6,34,0,40,11,27,60,0,98,82,0,82,180
10/27/2019,AVP,PA,AEA,EN,Combined TRACON& Tower with Radar,13,24,8,0,45,0,2,15,0,17,13,26,23,0,62,66,0,66,128
10/28/2019,AVP,PA,AEA,EN,Combined TRACON& Tower with Radar,12,26,20,2,60,0,3,17,0,20,12,29,37,2,80,62,0,62,142
10/29/2019,AVP,PA,AEA,EN,Combined TRACON& Tower with Radar,11,22,18,0,51,0,13,2,0,15,11,35,20,0,66,24,0,24,90
10/30/2019,AVP,PA,AEA,EN,Combined TRACON& Tower with Radar,11,28,23,4,66,0,0,1,0,1,11,28,24,4,67,30,0,30,97
10/31/2019,AVP,PA,AEA,EN,Combined TRACON& Tower with Radar,11,27,7,0,45,0,11,15,0,26,11,38,22,0,71,120,0,120,191
11/01/2019,AVP,PA,AEA,EN,Combined TRACON& Tower with Radar,11,31,11,0,53,0,14,30,2,46,11,45,41,2,99,102,8,110,209
11/02/2019,AVP,PA,AEA,EN,Combined TRACON& Tower with Radar,9,19,18,0,46,0,17,56,3,76,9,36,74,3,122,142,0,142,264
11/03/2019,AVP,PA,AEA,EN,Combined TRACON& Tower with Radar,10,24,3,0,37,0,0,40,0,40,10,24,43,0,77,60,0,60,137
11/04/2019,AVP,PA,AEA,EN,Combined TRACON& Tower with Radar,12,25,6,0,43,0,7,14,0,21,12,32,20,0,64,86,0,86,150
11/05/2019,AVP,PA,AEA,EN,Combined TRACON& Tower with Radar,9,32,21,1,63,0,11,23,3,37,9,43,44,4,100,32,0,32,132
11/06/2019,AVP,PA,AEA,EN,Combined TRACON& Tower with Radar,10,30,15,0,55,0,7,39,0,46,10,37,54,0,101,50,0,50,151
11/07/2019,AVP,PA,AEA,EN,Combined TRACON& Tower with Radar,9,32,2,2,45,0,21,14,0,35,9,53,16,2,80,94,0,94,174
11/08/2019,AVP,PA,AEA,EN,Combined TRACON& Tower with Radar,10,33,12,0,55,0,18,21,0,39,10,51,33,0,94,134,0,134,228
11/09/2019,AVP,PA,AEA,EN,Combined TRACON& Tower with Radar,9,28,4,0,41,0,6,106,0,112,9,34,110,0,153,80,0,80,233
11/10/2019,AVP,PA,AEA,EN,Combined TRACON& Tower with Radar,9,22,13,0,44,0,11,34,0,45,9,33,47,0,89,70,0,70,159
11/11/2019,AVP,PA,AEA,EN,Combined TRACON& Tower with Radar,10,26,14,0,50,0,2,29,0,31,10,28,43,0,81,31,0,31,112
11/12/2019,AVP,PA,AEA,EN,Combined TRACON& Tower with Radar,9,33,4,0,46,0,6,3,1,10,9,39,7,1,56,88,0,88,144
11/13/2019,AVP,PA,AEA,EN,Combined TRACON& Tower with Radar,9,30,14,2,55,0,13,27,2,42,9,43,41,4,97,126,2,128,225
11/14/2019,AVP,PA,AEA,EN,Combined TRACON& Tower with Radar,10,31,14,0,55,0,16,34,1,51,10,47,48,1,106,126,0,126,232
11/15/2019,AVP,PA,AEA,EN,Combined TRACON& Tower with Radar,8,29,14,0,51,0,18,51,0,69,8,47,65,0,120,172,0,172,292
11/16/2019,AVP,PA,AEA,EN,Combined TRACON& Tower with Radar,10,22,12,0,44,0,4,34,3,41,10,26,46,3,85,74,0,74,159
11/17/2019,AVP,PA,AEA,EN,Combined TRACON& Tower with Radar,10,22,7,0,39,0,0,13,0,13,10,22,20,0,52,10,0,10,62
11/18/2019,AVP,PA,AEA,EN,Combined TRACON& Tower with Radar,12,29,11,0,52,0,0,18,0,18,12,29,29,0,70,84,0,84,154
11/19/2019,AVP,PA,AEA,EN,Combined TRACON& Tower with Radar,9,32,27,4,72,0,2,24,2,28,9,34,51,6,100,44,1,45,145
11/20/2019,AVP,PA,AEA,EN,Combined TRACON& Tower with Radar,9,34,12,2,57,0,27,28,1,56,9,61,40,3,113,156,0,156,269
11/21/2019,AVP,PA,AEA,EN,Combined TRACON& Tower with Radar,10,32,23,0,65,0,26,58,0,84,10,58,81,0,149,208,0,208,357
11/22/2019,AVP,PA,AEA,EN,Combined TRACON& Tower with Radar,10,30,12,0,52,0,8,19,0,27,10,38,31,0,79,126,0,126,205
11/23/2019,AVP,PA,AEA,EN,Combined TRACON& Tower with Radar,8,20,22,0,50,0,6,53,0,59,8,26,75,0,109,130,0,130,239
11/24/2019,AVP,PA,AEA,EN,Combined TRACON& Tower with Radar,12,21,8,0,41,0,7,12,0,19,12,28,20,0,60,88,0,88,148
11/25/2019,AVP,PA,AEA,EN,Combined TRACON& Tower with Radar,10,25,21,0,56,0,5,20,0,25,10,30,41,0,81,28,0,28,109
11/26/2019,AVP,PA,AEA,EN,Combined TRACON& Tower with Radar,10,30,18,2,60,0,33,65,0,98,10,63,83,2,158,230,0,230,388
11/27/2019,AVP,PA,AEA,EN,Combined TRACON& Tower with Radar,10,36,7,0,53,0,33,30,0,63,10,69,37,0,116,154,0,154,270
11/28/2019,AVP,PA,AEA,EN,Combined TRACON& Tower with Radar,6,12,2,0,20,0,40,27,0,67,6,52,29,0,87,216,0,216,303
11/29/2019,AVP,PA,AEA,EN,Combined TRACON& Tower with Radar,8,22,12,0,42,0,26,28,0,54,8,48,40,0,96,218,0,218,314
11/30/2019,AVP,PA,AEA,EN,Combined TRACON& Tower with Radar,10,31,13,0,54,0,11,30,0,41,10,42,43,0,95,91,0,91,186
12/01/2019,AVP,PA,AEA,EN,Combined TRACON& Tower with Radar,7,30,5,0,42,0,2,13,0,15,7,32,18,0,57,56,0,56,113
12/02/2019,AVP,PA,AEA,EN,Combined TRACON& Tower with Radar,7,26,2,0,35,0,0,0,0,0,7,26,2,0,35,0,0,0,35
12/03/2019,AVP,PA,AEA,EN,Combined TRACON& Tower with Radar,10,30,15,1,56,0,5,6,1,12,10,35,21,2,68,0,0,0,68
12/04/2019,AVP,PA,AEA,EN,Combined TRACON& Tower with Radar,9,28,14,4,55,0,3,8,4,15,9,31,22,8,70,7,0,7,77
12/05/2019,AVP,PA,AEA,EN,Combined TRACON& Tower with Radar,11,27,6,0,44,0,5,8,0,13,11,32,14,0,57,29,0,29,86
12/06/2019,AVP,PA,AEA,EN,Combined TRACON& Tower with Radar,10,30,6,0,46,0,16,21,0,37,10,46,27,0,83,154,0,154,237
12/07/2019,AVP,PA,AEA,EN,Combined TRACON& Tower with Radar,9,19,14,0,42,0,3,35,0,38,9,22,49,0,80,111,0,111,191
12/08/2019,AVP,PA,AEA,EN,Combined TRACON& Tower with Radar,9,26,15,0,50,0,4,29,0,33,9,30,44,0,83,89,0,89,172
12/09/2019,AVP,PA,AEA,EN,Combined TRACON& Tower with Radar,11,27,4,0,42,0,17,26,0,43,11,44,30,0,85,189,0,189,274
12/10/2019,AVP,PA,AEA,EN,Combined TRACON& Tower with Radar,8,28,8,0,44,0,4,0,0,4,8,32,8,0,48,0,0,0,48
12/11/2019,AVP,PA,AEA,EN,Combined TRACON& Tower with Radar,8,29,14,0,51,0,8,11,0,19,8,37,25,0,70,94,0,94,164
12/12/2019,AVP,PA,AEA,EN,Combined TRACON& Tower with Radar,9,31,18,0,58,0,27,62,0,89,9,58,80,0,147,232,0,232,379
12/13/2019,AVP,PA,AEA,EN,Combined TRACON& Tower with Radar,10,29,9,0,48,0,29,31,0,60,10,58,40,0,108,194,0,194,302
12/14/2019,AVP,PA,AEA,EN,Combined TRACON& Tower with Radar,14,34,6,0,54,0,0,0,0,0,14,34,6,0,54,0,0,0,54
12/15/2019,AVP,PA,AEA,EN,Combined TRACON& Tower with Radar,8,25,5,0,38,0,4,9,0,13,8,29,14,0,51,5,0,5,56
12/16/2019,AVP,PA,AEA,EN,Combined TRACON& Tower with Radar,9,25,5,0,39,0,0,27,0,27,9,25,32,0,66,87,0,87,153
12/17/2019,AVP,PA,AEA,EN,Combined TRACON& Tower with Radar,8,19,0,0,27,0,3,4,0,7,8,22,4,0,34,66,0,66,100
12/18/2019,AVP,PA,AEA,EN,Combined TRACON& Tower with Radar,10,25,7,2,44,0,2,0,0,2,10,27,7,2,46,0,0,0,46
12/19/2019,AVP,PA,AEA,EN,Combined TRACON& Tower with Radar,10,33,24,2,69,0,23,43,2,68,10,56,67,4,137,188,0,188,325
12/20/2019,AVP,PA,AEA,EN,Combined TRACON& Tower with Radar,11,29,24,0,64,0,4,30,0,34,11,33,54,0,98,65,0,65,163
12/21/2019,AVP,PA,AEA,EN,Combined TRACON& Tower with Radar,11,24,15,0,50,0,24,66,0,90,11,48,81,0,140,204,0,204,344
12/22/2019,AVP,PA,AEA,EN,Combined TRACON& Tower with Radar,9,23,12,0,44,0,2,53,0,55,9,25,65,0,99,128,0,128,227
12/23/2019,AVP,PA,AEA,EN,Combined TRACON& Tower with Radar,12,26,8,0,46,0,8,41,2,51,12,34,49,2,97,63,0,63,160
12/24/2019,AVP,PA,AEA,EN,Combined TRACON& Tower with Radar,9,21,3,0,33,0,3,13,0,16,9,24,16,0,49,10,0,10,59
12/25/2019,AVP,PA,AEA,EN,Combined TRACON& Tower with Radar,8,18,3,0,29,0,2,6,0,8,8,20,9,0,37,0,0,0,37
12/26/2019,AVP,PA,AEA,EN,Combined TRACON& Tower with Radar,10,27,19,0,56,0,8,14,0,22,10,35,33,0,78,20,0,20,98
12/27/2019,AVP,PA,AEA,EN,Combined TRACON& Tower with Radar,11,32,13,0,56,0,0,0,0,0,11,32,13,0,56,0,0,0,56
12/28/2019,AVP,PA,AEA,EN,Combined TRACON& Tower with Radar,10,21,17,0,48,0,17,42,0,59,10,38,59,0,107,75,0,75,182
12/29/2019,AVP,PA,AEA,EN,Combined TRACON& Tower with Radar,11,21,11,0,43,0,2,3,0,5,11,23,14,0,48,0,0,0,48
12/30/2019,AVP,PA,AEA,EN,Combined TRACON& Tower with Radar,12,28,7,0,47,0,1,0,0,1,12,29,7,0,48,0,0,0,48
12/31/2019,AVP,PA,AEA,EN,Combined TRACON& Tower with Radar,8,19,2,0,29,0,3,3,0,6,8,22,5,0,35,0,0,0,35
01/01/2020,AVP,PA,AEA,EN,Combined TRACON& Tower with Radar,10,21,6,0,37,0,16,34,0,50,10,37,40,0,87,168,0,168,255
01/02/2020,AVP,PA,AEA,EN,Combined TRACON& Tower with Radar,10,26,13,1,50,0,24,58,1,83,10,50,71,2,133,213,3,216,349
01/03/2020,AVP,PA,AEA,EN,Combined TRACON& Tower with Radar,10,21,3,0,34,0,27,33,0,60,10,48,36,0,94,162,0,162,256
01/04/2020,AVP,PA,AEA,EN,Combined TRACON& Tower with Radar,9,29,3,0,41,0,1,0,0,1,9,30,3,0,42,0,0,0,42
01/05/2020,AVP,PA,AEA,EN,Combined TRACON& Tower with Radar,8,27,4,0,39,0,2,17,0,19,8,29,21,0,58,51,2,53,111
01/06/2020,AVP,PA,AEA,EN,Combined TRACON& Tower with Radar,9,26,9,0,44,0,9,13,0,22,9,35,22,0,66,20,0,20,86
01/07/2020,AVP,PA,AEA,EN,Combined TRACON& Tower with Radar,9,25,16,0,50,0,35,37,0,72,9,60,53,0,122,146,0,146,268
01/08/2020,AVP,PA,AEA,EN,Combined TRACON& Tower with Radar,9,30,6,0,45,0,22,32,0,54,9,52,38,0,99,214,0,214,313
01/09/2020,AVP,PA,AEA,EN,Combined TRACON& Tower with Radar,10,30,23,1,64,0,26,54,1,81,10,56,77,2,145,200,0,200,345
01/10/2020,AVP,PA,AEA,EN,Combined TRACON& Tower with Radar,10,34,6,0,50,0,22,33,0,55,10,56,39,0,105,204,0,204,309
01/11/2020,AVP,PA,AEA,EN,Combined TRACON& Tower with Radar,9,14,2,0,25,0,5,4,0,9,9,19,6,0,34,68,0,68,102
01/12/2020,AVP,PA,AEA,EN,Combined TRACON& Tower with Radar,9,25,2,0,36,0,16,4,0,20,9,41,6,0,56,76,0,76,132
01/13/2020,AVP,PA,AEA,EN,Combined TRACON& Tower with Radar,10,27,7,0,44,0,0,10,0,10,10,27,17,0,54,41,0,41,95
01/14/2020,AVP,PA,AEA,EN,Combined TRACON& Tower with Radar,9,25,14,0,48,0,2,9,0,11,9,27,23,0,59,31,0,31,90
01/15/2020,AVP,PA,AEA,EN,Combined TRACON& Tower with Radar,12,30,14,0,56,0,4,32,0,36,12,34,46,0,92,14,0,14,106
01/16/2020,AVP,PA,AEA,EN,Combined TRACON& Tower with Radar,9,24,4,0,37,0,0,0,0,0,9,24,4,0,37,0,0,0,37
01/17/2020,AVP,PA,AEA,EN,Combined TRACON& Tower with Radar,12,24,5,0,41,0,4,9,0,13,12,28,14,0,54,0,0,0,54
01/18/2020,AVP,PA,AEA,EN,Combined TRACON& Tower with Radar,8,16,3,0,27,0,0,6,0,6,8,16,9,0,33,42,0,42,75
01/19/2020,AVP,PA,AEA,EN,Combined TRACON& Tower with Radar,9,25,8,0,42,0,2,8,0,10,9,27,16,0,52,24,0,24,76
01/20/2020,AVP,PA,AEA,EN,Combined TRACON& Tower with Radar,9,25,11,0,45,0,2,21,0,23,9,27,32,0,68,82,0,82,150
01/21/2020,AVP,PA,AEA,EN,Combined TRACON& Tower with Radar,9,29,15,1,54,0,3,21,1,25,9,32,36,2,79,19,0,19,98
01/22/2020,AVP,PA,AEA,EN,Combined TRACON& Tower with Radar,9,30,5,2,46,0,2,29,0,31,9,32,34,2,77,14,0,14,91
01/23/2020,AVP,PA,AEA,EN,Combined TRACON& Tower with Radar,11,27,9,0,47,0,11,30,2,43,11,38,39,2,90,80,0,80,170
01/24/2020,AVP,PA,AEA,EN,Combined TRACON& Tower with Radar,9,30,11,0,50,0,3,46,0,49,9,33,57,0,99,88,0,88,187
01/25/2020,AVP,PA,AEA,EN,Combined TRACON& Tower with Radar,9,20,2,0,31,0,3,3,0,6,9,23,5,0,37,70,0,70,107
01/26/2020,AVP,PA,AEA,EN,Combined TRACON& Tower with Radar,9,24,2,0,35,0,1,8,0,9,9,25,10,0,44,17,0,17,61
01/27/2020,AVP,PA,AEA,EN,Combined TRACON& Tower with Radar,15,26,5,0,46,0,4,11,0,15,15,30,16,0,61,24,0,24,85
01/28/2020,AVP,PA,AEA,EN,Combined TRACON& Tower with Radar,10,28,8,0,46,0,3,0,0,3,10,31,8,0,49,0,0,0,49
01/29/2020,AVP,PA,AEA,EN,Combined TRACON& Tower with Radar,13,26,3,0,42,0,3,16,0,19,13,29,19,0,61,17,1,18,79
01/30/2020,AVP,PA,AEA,EN,Combined TRACON& Tower with Radar,10,33,16,1,60,0,5,57,1,63,10,38,73,2,123,114,0,114,237
01/31/2020,AVP,PA,AEA,EN,Combined TRACON& Tower with Radar,10,32,13,0,55,0,2,24,0,26,10,34,37,0,81,10,0,10,91
02/01/2020,AVP,PA,AEA,EN,Combined TRACON& Tower with Radar,11,18,1,0,30,0,2,18,0,20,11,20,19,0,50,92,0,92,142
02/02/2020,AVP,PA,AEA,EN,Combined TRACON& Tower with Radar,9,25,2,0,36,0,0,6,0,6,9,25,8,0,42,30,0,30,72
02/03/2020,AVP,PA,AEA,EN,Combined TRACON& Tower with Radar,14,27,14,1,56,0,11,34,0,45,14,38,48,1,101,82,0,82,183
02/04/2020,AVP,PA,AEA,EN,Combined TRACON& Tower with Radar,9,28,11,0,48,0,12,13,0,25,9,40,24,0,73,40,0,40,113
02/05/2020,AVP,PA,AEA,EN,Combined TRACON& Tower with Radar,9,28,9,0,46,0,7,10,1,18,9,35,19,1,64,0,0,0,64
02/06/2020,AVP,PA,AEA,EN,Combined TRACON& Tower with Radar,6,24,12,0,42,0,0,0,0,0,6,24,12,0,42,0,0,0,42
02/07/2020,AVP,PA,AEA,EN,Combined TRACON& Tower with Radar,8,40,2,0,50,0,0,8,0,8,8,40,10,0,58,38,0,38,96
02/08/2020,AVP,PA,AEA,EN,Combined TRACON& Tower with Radar,7,22,5,0,34,0,5,10,0,15,7,27,15,0,49,58,0,58,107
02/09/2020,AVP,PA,AEA,EN,Combined TRACON& Tower with Radar,9,25,10,0,44,0,2,12,0,14,9,27,22,0,58,22,0,22,80
02/10/2020,AVP,PA,AEA,EN,Combined TRACON& Tower with Radar,11,28,10,0,49,0,2,6,0,8,11,30,16,0,57,36,0,36,93
02/11/2020,AVP,PA,AEA,EN,Combined TRACON& Tower with Radar,8,29,13,0,50,0,0,0,0,0,8,29,13,0,50,0,0,0,50
02/12/2020,AVP,PA,AEA,EN,Combined TRACON& Tower with Radar,9,30,6,1,46,0,4,27,2,33,9,34,33,3,79,0,0,0,79
02/13/2020,AVP,PA,AEA,EN,Combined TRACON& Tower with Radar,10,34,1,0,45,0,8,0,0,8,10,42,1,0,53,0,0,0,53
02/14/2020,AVP,PA,AEA,EN,Combined TRACON& Tower with Radar,10,29,14,4,57,0,4,2,0,6,10,33,16,4,63,0,0,0,63
02/15/2020,AVP,PA,AEA,EN,Combined TRACON& Tower with Radar,7,21,17,0,45,0,4,30,0,34,7,25,47,0,79,0,0,0,79
02/16/2020,AVP,PA,AEA,EN,Combined TRACON& Tower with Radar,9,26,10,0,45,0,3,27,0,30,9,29,37,0,75,0,0,0,75
02/17/2020,AVP,PA,AEA,EN,Combined TRACON& Tower with Radar,10,25,16,0,51,0,14,23,0,37,10,39,39,0,88,80,0,80,168
02/18/2020,AVP,PA,AEA,EN,Combined TRACON& Tower with Radar,8,31,6,0,45,0,2,0,0,2,8,33,6,0,47,0,0,0,47
02/19/2020,AVP,PA,AEA,EN,Combined TRACON& Tower with Radar,14,25,10,0,49,0,12,17,0,29,14,37,27,0,78,92,0,92,170
02/20/2020,AVP,PA,AEA,EN,Combined TRACON& Tower with Radar,12,28,14,0,54,0,11,36,0,47,12,39,50,0,101,81,0,81,182
02/21/2020,AVP,PA,AEA,EN,Combined TRACON& Tower with Radar,10,31,7,1,49,0,9,31,1,41,10,40,38,2,90,73,0,73,163
02/22/2020,AVP,PA,AEA,EN,Combined TRACON& Tower with Radar,7,19,4,8,38,0,6,21,5,32,7,25,25,13,70,36,23,59,129
02/23/2020,AVP,PA,AEA,EN,Combined TRACON& Tower with Radar,9,26,8,0,43,0,4,41,0,45,9,30,49,0,88,130,6,136,224
02/24/2020,AVP,PA,AEA,EN,Combined TRACON& Tower with Radar,10,34,14,0,58,0,0,25,0,25,10,34,39,0,83,4,0,4,87
02/25/2020,AVP,PA,AEA,EN,Combined TRACON& Tower with Radar,12,33,4,0,49,0,3,7,0,10,12,36,11,0,59,16,0,16,75
02/26/2020,AVP,PA,AEA,EN,Combined TRACON& Tower with Radar,14,22,15,0,51,0,5,3,0,8,14,27,18,0,59,68,0,68,127
02/27/2020,AVP,PA,AEA,EN,Combined TRACON& Tower with Radar,12,29,7,0,48,0,2,2,0,4,12,31,9,0,52,0,0,0,52
02/28/2020,AVP,PA,AEA,EN,Combined TRACON& Tower with Radar,10,38,11,0,59,0,8,12,0,20,10,46,23,0,79,8,0,8,87
02/29/2020,AVP,PA,AEA,EN,Combined TRACON& Tower with Radar,7,19,7,0,33,0,0,24,0,24,7,19,31,0,57,120,10,130,187
03/01/2020,AVP,PA,AEA,EN,Combined TRACON& Tower with Radar,9,24,6,0,39,0,4,13,0,17,9,28,19,0,56,81,0,81,137
03/02/2020,AVP,PA,AEA,EN,Combined TRACON& Tower with Radar,10,28,12,0,50,0,5,8,2,15,10,33,20,2,65,11,0,11,76
03/03/2020,AVP,PA,AEA,EN,Combined TRACON& Tower with Radar,8,33,16,3,60,0,1,0,1,2,8,34,16,4,62,0,0,0,62
03/04/2020,AVP,PA,AEA,EN,Combined TRACON& Tower with Radar,10,28,10,2,50,0,3,23,0,26,10,31,33,2,76,76,0,76,152
03/05/2020,AVP,PA,AEA,EN,Combined TRACON& Tower with Radar,11,31,26,6,74,0,8,35,0,43,11,39,61,6,117,74,0,74,191
03/06/2020,AVP,PA,AEA,EN,Combined TRACON& Tower with Radar,10,34,7,2,53,0,0,3,0,3,10,34,10,2,56,0,0,0,56
03/07/2020,AVP,PA,AEA,EN,Combined TRACON& Tower with Radar,8,27,5,0,40,0,5,5,0,10,8,32,10,0,50,0,0,0,50
03/08/2020,AVP,PA,AEA,EN,Combined TRACON& Tower with Radar,10,24,13,0,47,0,1,52,0,53,10,25,65,0,100,112,4,116,216
03/09/2020,AVP,PA,AEA,EN,Combined TRACON& Tower with Radar,10,30,12,0,52,0,3,31,0,34,10,33,43,0,86,57,0,57,143
03/10/2020,AVP,PA,AEA,EN,Combined TRACON& Tower with Radar,8,30,7,3,48,0,2,2,3,7,8,32,9,6,55,0,0,0,55
03/11/2020,AVP,PA,AEA,EN,Combined TRACON& Tower with Radar,11,31,10,0,52,0,2,16,1,19,11,33,26,1,71,27,0,27,98
03/12/2020,AVP,PA,AEA,EN,Combined TRACON& Tower with Radar,11,30,14,0,55,0,4,7,0,11,11,34,21,0,66,17,0,17,83
03/13/2020,AVP,PA,AEA,EN,Combined TRACON& Tower with Radar,10,43,6,0,59,0,4,2,0,6,10,47,8,0,65,0,0,0,65
03/14/2020,AVP,PA,AEA,EN,Combined TRACON& Tower with Radar,10,22,12,0,44,0,7,15,0,22,10,29,27,0,66,24,0,24,90
03/15/2020,AVP,PA,AEA,EN,Combined TRACON& Tower with Radar,9,24,6,0,39,0,9,33,0,42,9,33,39,0,81,80,0,80,161
03/16/2020,AVP,PA,AEA,EN,Combined TRACON& Tower with Radar,14,26,11,0,51,0,7,18,1,26,14,33,29,1,77,79,0,79,156
03/17/2020,AVP,PA,AEA,EN,Combined TRACON& Tower with Radar,9,31,1,0,41,0,5,1,0,6,9,36,2,0,47,0,0,0,47
03/18/2020,AVP,PA,AEA,EN,Combined TRACON& Tower with Radar,10,27,5,2,44,0,3,21,0,24,10,30,26,2,68,14,0,14,82
03/19/2020,AVP,PA,AEA,EN,Combined TRACON& Tower with Radar,9,30,4,0,43,0,7,5,0,12,9,37,9,0,55,68,0,68,123
03/20/2020,AVP,PA,AEA,EN,Combined TRACON& Tower with Radar,8,28,8,0,44,0,1,1,0,2,8,29,9,0,46,0,0,0,46
03/21/2020,AVP,PA,AEA,EN,Combined TRACON& Tower with Radar,7,20,5,0,32,0,3,9,0,12,7,23,14,0,44,0,0,0,44
03/22/2020,AVP,PA,AEA,EN,Combined TRACON& Tower with Radar,7,17,12,0,36,0,2,23,0,25,7,19,35,0,61,22,0,22,83
03/23/2020,AVP,PA,AEA,EN,Combined TRACON& Tower with Radar,7,20,0,0,27,0,0,0,0,0,7,20,0,0,27,0,0,0,27
03/24/2020,AVP,PA,AEA,EN,Combined TRACON& Tower with Radar,4,26,2,0,32,0,0,2,0,2,4,26,4,0,34,0,0,0,34
03/25/2020,AVP,PA,AEA,EN,Combined TRACON& Tower with Radar,2,20,3,2,27,0,2,12,0,14,2,22,15,2,41,72,4,76,117
03/26/2020,AVP,PA,AEA,EN,Combined TRACON& Tower with Radar,3,31,5,0,39,0,2,15,2,19,3,33,20,2,58,20,0,20,78
03/27/2020,AVP,PA,AEA,EN,Combined TRACON& Tower with Radar,3,23,5,4,35,0,5,14,0,19,3,28,19,4,54,35,0,35,89
03/28/2020,AVP,PA,AEA,EN,Combined TRACON& Tower with Radar,3,10,11,0,24,0,0,0,0,0,3,10,11,0,24,0,0,0,24
03/29/2020,AVP,PA,AEA,EN,Combined TRACON& Tower with Radar,6,20,4,0,30,0,0,0,0,0,6,20,4,0,30,0,0,0,30
03/30/2020,AVP,PA,AEA,EN,Combined TRACON& Tower with Radar,3,18,6,0,27,0,2,4,0,6,3,20,10,0,33,0,0,0,33
03/31/2020,AVP,PA,AEA,EN,Combined TRACON& Tower with Radar,5,20,0,2,27,0,2,0,0,2,5,22,0,2,29,0,0,0,29
04/01/2020,AVP,PA,AEA,EN,Combined TRACON& Tower with Radar,4,21,6,0,31,0,2,3,0,5,4,23,9,0,36,0,0,0,36
04/02/2020,AVP,PA,AEA,EN,Combined TRACON& Tower with Radar,4,18,5,0,27,0,4,0,0,4,4,22,5,0,31,10,0,10,41
04/03/2020,AVP,PA,AEA,EN,Combined TRACON& Tower with Radar,4,15,0,6,25,0,0,0,0,0,4,15,0,6,25,0,0,0,25
04/04/2020,AVP,PA,AEA,EN,Combined TRACON& Tower with Radar,4,14,2,0,20,0,1,0,0,1,4,15,2,0,21,0,0,0,21
04/05/2020,AVP,PA,AEA,EN,Combined TRACON& Tower with Radar,6,10,5,0,21,0,0,8,0,8,6,10,13,0,29,0,0,0,29
04/06/2020,AVP,PA,AEA,EN,Combined TRACON& Tower with Radar,4,11,7,0,22,0,0,16,0,16,4,11,23,0,38,0,0,0,38
04/07/2020,AVP,PA,AEA,EN,Combined TRACON& Tower with Radar,3,20,1,0,24,0,8,12,0,20,3,28,13,0,44,2,0,2,46
04/08/2020,AVP,PA,AEA,EN,Combined TRACON& Tower with Radar,5,15,8,0,28,0,5,8,0,13,5,20,16,0,41,19,0,19,60
04/09/2020,AVP,PA,AEA,EN,Combined TRACON& Tower with Radar,4,15,0,0,19,0,0,0,0,0,4,15,0,0,19,0,0,0,19
04/10/2020,AVP,PA,AEA,EN,Combined TRACON& Tower with Radar,4,13,2,0,19,0,0,0,0,0,4,13,2,0,19,0,0,0,19
04/11/2020,AVP,PA,AEA,EN,Combined TRACON& Tower with Radar,4,11,7,0,22,0,3,7,0,10,4,14,14,0,32,0,0,0,32
04/12/2020,AVP,PA,AEA,EN,Combined TRACON& Tower with Radar,4,8,6,0,18,0,3,12,0,15,4,11,18,0,33,72,0,72,105
04/13/2020,AVP,PA,AEA,EN,Combined TRACON& Tower with Radar,4,13,0,0,17,0,0,0,0,0,4,13,0,0,17,0,0,0,17
04/14/2020,AVP,PA,AEA,EN,Combined TRACON& Tower with Radar,3,14,1,2,20,0,6,4,0,10,3,20,5,2,30,0,0,0,30
04/15/2020,AVP,PA,AEA,EN,Combined TRACON& Tower with Radar,5,12,1,2,20,0,3,16,0,19,5,15,17,2,39,13,0,13,52
04/16/2020,AVP,PA,AEA,EN,Combined TRACON& Tower with Radar,4,10,1,0,15,0,1,10,0,11,4,11,11,0,26,1,0,1,27
04/17/2020,AVP,PA,AEA,EN,Combined TRACON& Tower with Radar,4,11,7,0,22,0,1,16,0,17,4,12,23,0,39,40,4,44,83
04/18/2020,AVP,PA,AEA,EN,Combined TRACON& Tower with Radar,4,9,0,0,13,0,0,9,0,9,4,9,9,0,22,62,2,64,86
04/19/2020,AVP,PA,AEA,EN,Combined TRACON& Tower with Radar,3,8,4,0,15,0,6,15,0,21,3,14,19,0,36,2,0,2,38
04/20/2020,AVP,PA,AEA,EN,Combined TRACON& Tower with Radar,3,10,3,0,16,0,4,22,2,28,3,14,25,2,44,30,0,30,74
04/21/2020,AVP,PA,AEA,EN,Combined TRACON& Tower with Radar,4,10,3,0,17,0,0,1,0,1,4,10,4,0,18,0,0,0,18
04/22/2020,AVP,PA,AEA,EN,Combined TRACON& Tower with Radar,4,10,3,0,17,0,0,4,0,4,4,10,7,0,21,2,0,2,23
04/23/2020,AVP,PA,AEA,EN,Combined TRACON& Tower with Radar,4,13,3,0,20,0,7,8,0,15,4,20,11,0,35,0,0,0,35
04/24/2020,AVP,PA,AEA,EN,Combined TRACON& Tower with Radar,4,13,2,0,19,0,2,0,0,2,4,15,2,0,21,0,0,0,21
04/25/2020,AVP,PA,AEA,EN,Combined TRACON& Tower with Radar,3,10,13,0,26,0,3,8,0,11,3,13,21,0,37,0,0,0,37
04/26/2020,AVP,PA,AEA,EN,Combined TRACON& Tower with Radar,5,6,0,0,11,0,0,0,0,0,5,6,0,0,11,0,0,0,11
04/27/2020,AVP,PA,AEA,EN,Combined TRACON& Tower with Radar,4,5,0,0,9,0,0,0,0,0,4,5,0,0,9,0,0,0,9
04/28/2020,AVP,PA,AEA,EN,Combined TRACON& Tower with Radar,4,11,5,2,22,0,2,28,0,30,4,13,33,2,52,0,0,0,52
04/29/2020,AVP,PA,AEA,EN,Combined TRACON& Tower with Radar,4,14,4,4,26,0,2,4,0,6,4,16,8,4,32,0,0,0,32
04/30/2020,AVP,PA,AEA,EN,Combined TRACON& Tower with Radar,4,12,3,0,19,0,0,0,0,0,4,12,3,0,19,0,0,0,19
05/01/2020,AVP,PA,AEA,EN,Combined TRACON& Tower with Radar,4,17,5,0,26,0,2,2,0,4,4,19,7,0,30,0,0,0,30
05/02/2020,AVP,PA,AEA,EN,Combined TRACON& Tower with Radar,4,11,12,0,27,0,0,38,0,38,4,11,50,0,65,88,2,90,155
05/03/2020,AVP,PA,AEA,EN,Combined TRACON& Tower with Radar,5,9,5,0,19,0,2,19,0,21,5,11,24,0,40,0,0,0,40
05/04/2020,AVP,PA,AEA,EN,Combined TRACON& Tower with Radar,4,14,5,0,23,0,2,5,0,7,4,16,10,0,30,0,0,0,30
05/05/2020,AVP,PA,AEA,EN,Combined TRACON& Tower with Radar,4,8,7,1,20,0,2,29,2,33,4,10,36,3,53,0,2,2,55
05/06/2020,AVP,PA,AEA,EN,Combined TRACON& Tower with Radar,2,10,4,0,16,0,1,7,0,8,2,11,11,0,24,36,0,36,60
05/07/2020,AVP,PA,AEA,EN,Combined TRACON& Tower with Radar,5,9,9,0,23,0,2,9,0,11,5,11,18,0,34,1,0,1,35
05/08/2020,AVP,PA,AEA,EN,Combined TRACON& Tower with Radar,4,11,0,0,15,0,0,4,0,4,4,11,4,0,19,0,0,0,19
05/09/2020,AVP,PA,AEA,EN,Combined TRACON& Tower with Radar,4,7,2,0,13,0,2,0,0,2,4,9,2,0,15,0,0,0,15
05/10/2020,AVP,PA,AEA,EN,Combined TRACON& Tower with Radar,4,7,3,0,14,0,0,4,0,4,4,7,7,0,18,16,0,16,34
05/11/2020,AVP,PA,AEA,EN,Combined TRACON& Tower with Radar,4,5,0,2,11,0,4,3,0,7,4,9,3,2,18,0,0,0,18
05/12/2020,AVP,PA,AEA,EN,Combined TRACON& Tower with Radar,4,13,3,0,20,0,1,8,3,12,4,14,11,3,32,6,0,6,38
05/13/2020,AVP,PA,AEA,EN,Combined TRACON& Tower with Radar,4,15,13,0,32,0,2,29,0,31,4,17,42,0,63,10,0,10,73
05/14/2020,AVP,PA,AEA,EN,Combined TRACON& Tower with Radar,4,13,5,0,22,0,2,21,0,23,4,15,26,0,45,24,0,24,69
05/15/2020,AVP,PA,AEA,EN,Combined TRACON& Tower with Radar,4,12,7,2,25,0,3,5,0,8,4,15,12,2,33,41,0,41,74
05/16/2020,AVP,PA,AEA,EN,Combined TRACON& Tower with Radar,4,9,6,0,19,0,7,19,0,26,4,16,25,0,45,54,0,54,99
05/17/2020,AVP,PA,AEA,EN,Combined TRACON& Tower with Radar,4,5,11,0,20,0,2,23,0,25,4,7,34,0,45,46,0,46,91
05/18/2020,AVP,PA,AEA,EN,Combined TRACON& Tower with Radar,4,8,7,1,20,0,0,22,1,23,4,8,29,2,43,34,4,38,81
05/19/2020,AVP,PA,AEA,EN,Combined TRACON& Tower with Radar,4,12,1,2,19,0,3,11,0,14,4,15,12,2,33,14,0,14,47
05/20/2020,AVP,PA,AEA,EN,Combined TRACON& Tower with Radar,4,12,4,0,20,0,10,24,0,34,4,22,28,0,54,54,2,56,110
05/21/2020,AVP,PA,AEA,EN,Combined TRACON& Tower with Radar,4,13,20,0,37,0,6,52,0,58,4,19,72,0,95,43,2,45,140
05/22/2020,AVP,PA,AEA,EN,Combined TRACON& Tower with Radar,4,12,8,0,24,0,1,8,0,9,4,13,16,0,33,8,0,8,41
05/23/2020,AVP,PA,AEA,EN,Combined TRACON& Tower with Radar,4,7,13,0,24,0,5,7,0,12,4,12,20,0,36,11,0,11,47
05/24/2020,AVP,PA,AEA,EN,Combined TRACON& Tower with Radar,4,5,3,0,12,0,4,5,0,9,4,9,8,0,21,16,0,16,37
05/25/2020,AVP,PA,AEA,EN,Combined TRACON& Tower with Radar,4,9,7,0,20,0,6,13,0,19,4,15,20,0,39,10,0,10,49
05/26/2020,AVP,PA,AEA,EN,Combined TRACON& Tower with Radar,4,12,11,14,41,0,9,27,0,36,4,21,38,14,77,52,0,52,129
05/27/2020,AVP,PA,AEA,EN,Combined TRACON& Tower with Radar,4,12,11,0,27,0,13,22,0,35,4,25,33,0,62,70,0,70,132
05/28/2020,AVP,PA,AEA,EN,Combined TRACON& Tower with Radar,4,13,17,0,34,0,6,8,0,14,4,19,25,0,48,42,0,42,90
05/29/2020,AVP,PA,AEA,EN,Combined TRACON& Tower with Radar,4,11,9,0,24,0,8,9,0,17,4,19,18,0,41,46,0,46,87
05/30/2020,AVP,PA,AEA,EN,Combined TRACON& Tower with Radar,4,5,25,0,34,0,6,22,0,28,4,11,47,0,62,82,0,82,144
05/31/2020,AVP,PA,AEA,EN,Combined TRACON& Tower with Radar,4,10,14,0,28,0,12,21,0,33,4,22,35,0,61,54,0,54,115
06/01/2020,AVP,PA,AEA,EN,Combined TRACON& Tower with Radar,4,12,16,0,32,0,8,90,0,98,4,20,106,0,130,44,0,44,174
06/02/2020,AVP,PA,AEA,EN,Combined TRACON& Tower with Radar,4,9,19,4,36,0,4,33,0,37,4,13,52,4,73,66,0,66,139
06/03/2020,AVP,PA,AEA,EN,Combined TRACON& Tower with Radar,4,9,0,0,13,0,4,3,0,7,4,13,3,0,20,8,0,8,28
06/04/2020,AVP,PA,AEA,EN,Combined TRACON& Tower with Radar,4,11,8,0,23,0,10,34,0,44,4,21,42,0,67,48,0,48,115
06/05/2020,AVP,PA,AEA,EN,Combined TRACON& Tower with Radar,4,15,11,0,30,0,0,2,0,2,4,15,13,0,32,23,0,23,55
06/06/2020,AVP,PA,AEA,EN,Combined TRACON& Tower with Radar,4,9,7,0,20,0,3,6,0,9,4,12,13,0,29,64,0,64,93
06/07/2020,AVP,PA,AEA,EN,Combined TRACON& Tower with Radar,4,10,7,0,21,0,7,12,0,19,4,17,19,0,40,70,0,70,110
06/08/2020,AVP,PA,AEA,EN,Combined TRACON& Tower with Radar,4,8,11,2,25,0,4,26,0,30,4,12,37,2,55,82,0,82,137
06/09/2020,AVP,PA,AEA,EN,Combined TRACON& Tower with Radar,4,18,21,4,47,0,3,37,0,40,4,21,58,4,87,62,0,62,149
06/10/2020,AVP,PA,AEA,EN,Combined TRACON& Tower with Radar,4,8,8,0,20,0,2,17,0,19,4,10,25,0,39,60,0,60,99
06/11/2020,AVP,PA,AEA,EN,Combined TRACON& Tower with Radar,4,10,13,0,27,0,4,9,0,13,4,14,22,0,40,52,0,52,92
06/12/2020,AVP,PA,AEA,EN,Combined TRACON& Tower with Radar,4,11,12,4,31,0,2,35,0,37,4,13,47,4,68,58,0,58,126
06/13/2020,AVP,PA,AEA,EN,Combined TRACON& Tower with Radar,4,10,11,0,25,0,3,16,0,19,4,13,27,0,44,39,0,39,83
06/14/2020,AVP,PA,AEA,EN,Combined TRACON& Tower with Radar,4,8,12,0,24,0,3,31,0,34,4,11,43,0,58,72,0,72,130
06/15/2020,AVP,PA,AEA,EN,Combined TRACON& Tower with Radar,4,9,12,0,25,0,4,18,0,22,4,13,30,0,47,14,0,14,61
06/16/2020,AVP,PA,AEA,EN,Combined TRACON& Tower with Radar,4,16,19,2,41,0,2,29,2,33,4,18,48,4,74,26,0,26,100
06/17/2020,AVP,PA,AEA,EN,Combined TRACON& Tower with Radar,4,8,21,0,33,0,8,28,0,36,4,16,49,0,69,60,0,60,129
06/18/2020,AVP,PA,AEA,EN,Combined TRACON& Tower with Radar,4,13,18,1,36,0,15,17,0,32,4,28,35,1,68,72,0,72,140
06/19/2020,AVP,PA,AEA,EN,Combined TRACON& Tower with Radar,4,11,20,0,35,0,10,23,2,35,4,21,43,2,70,70,0,70,140
06/20/2020,AVP,PA,AEA,EN,Combined TRACON& Tower with Radar,4,7,4,0,15,0,10,21,0,31,4,17,25,0,46,54,0,54,100
06/21/2020,AVP,PA,AEA,EN,Combined TRACON& Tower with Radar,4,8,12,0,24,0,2,18,0,20,4,10,30,0,44,8,0,8,52
06/22/2020,AVP,PA,AEA,EN,Combined TRACON& Tower with Radar,4,12,6,2,24,0,0,6,0,6,4,12,12,2,30,18,0,18,48
06/23/2020,AVP,PA,AEA,EN,Combined TRACON& Tower with Radar,4,14,11,3,32,0,2,10,0,12,4,16,21,3,44,34,0,34,78
06/24/2020,AVP,PA,AEA,EN,Combined TRACON& Tower with Radar,4,8,5,10,27,0,0,20,1,21,4,8,25,11,48,6,0,6,54
06/25/2020,AVP,PA,AEA,EN,Combined TRACON& Tower with Radar,4,9,22,0,35,0,4,39,0,43,4,13,61,0,78,14,0,14,92
06/26/2020,AVP,PA,AEA,EN,Combined TRACON& Tower with Radar,4,9,43,0,56,0,6,32,0,38,4,15,75,0,94,44,0,44,138
06/27/2020,AVP,PA,AEA,EN,Combined TRACON& Tower with Radar,4,7,9,0,20,0,0,1,0,1,4,7,10,0,21,23,0,23,44
06/28/2020,AVP,PA,AEA,EN,Combined TRACON& Tower with Radar,4,9,35,0,48,0,3,18,0,21,4,12,53,0,69,8,0,8,77
06/29/2020,AVP,PA,AEA,EN,Combined TRACON& Tower with Radar,5,11,20,2,38,0,8,22,1,31,5,19,42,3,69,18,0,18,87
06/30/2020,AVP,PA,AEA,EN,Combined TRACON& Tower with Radar,5,15,14,0,34,0,2,14,0,16,5,17,28,0,50,5,0,5,55
07/01/2020,AVP,PA,AEA,EN,Combined TRACON& Tower with Radar,4,10,23,0,37,0,5,9,0,14,4,15,32,0,51,1,0,1,52
07/02/2020,AVP,PA,AEA,EN,Combined TRACON& Tower with Radar,4,11,19,1,35,0,6,30,0,36,4,17,49,1,71,8,0,8,79
07/03/2020,AVP,PA,AEA,EN,Combined TRACON& Tower with Radar,4,15,17,0,36,0,3,21,0,24,4,18,38,0,60,51,0,51,111
07/04/2020,AVP,PA,AEA,EN,Combined TRACON& Tower with Radar,4,3,10,0,17,0,8,3,0,11,4,11,13,0,28,18,0,18,46
07/05/2020,AVP,PA,AEA,EN,Combined TRACON& Tower with Radar,7,4,18,0,29,0,6,17,0,23,7,10,35,0,52,0,0,0,52
07/06/2020,AVP,PA,AEA,EN,Combined TRACON& Tower with Radar,5,8,9,0,22,0,5,26,0,31,5,13,35,0,53,63,0,63,116
07/07/2020,AVP,PA,AEA,EN,Combined TRACON& Tower with Radar,4,15,21,0,40,0,3,21,0,24,4,18,42,0,64,76,0,76,140
07/08/2020,AVP,PA,AEA,EN,Combined TRACON& Tower with Radar,4,11,10,0,25,0,3,3,0,6,4,14,13,0,31,0,0,0,31
07/09/2020,AVP,PA,AEA,EN,Combined TRACON& Tower with Radar,10,8,24,0,42,0,7,23,0,30,10,15,47,0,72,50,0,50,122
07/10/2020,AVP,PA,AEA,EN,Combined TRACON& Tower with Radar,6,9,18,0,33,0,3,12,0,15,6,12,30,0,48,64,0,64,112
07/11/2020,AVP,PA,AEA,EN,Combined TRACON& Tower with Radar,6,8,10,0,24,0,2,0,0,2,6,10,10,0,26,0,0,0,26
07/12/2020,AVP,PA,AEA,EN,Combined TRACON& Tower with Radar,6,5,13,2,26,0,4,18,0,22,6,9,31,2,48,0,0,0,48
07/13/2020,AVP,PA,AEA,EN,Combined TRACON& Tower with Radar,6,9,15,0,30,0,6,13,0,19,6,15,28,0,49,6,0,6,55
07/14/2020,AVP,PA,AEA,EN,Combined TRACON& Tower with Radar,4,12,11,0,27,0,6,27,2,35,4,18,38,2,62,18,0,18,80
07/15/2020,AVP,PA,AEA,EN,Combined TRACON& Tower with Radar,4,8,8,2,22,0,4,22,0,26,4,12,30,2,48,26,0,26,74
07/16/2020,AVP,PA,AEA,EN,Combined TRACON& Tower with Radar,6,9,11,2,28,0,7,10,0,17,6,16,21,2,45,4,0,4,49
07/17/2020,AVP,PA,AEA,EN,Combined TRACON& Tower with Radar,6,11,6,0,23,0,15,17,0,32,6,26,23,0,55,44,0,44,99
07/18/2020,AVP,PA,AEA,EN,Combined TRACON& Tower with Radar,8,7,14,0,29,0,8,28,0,36,8,15,42,0,65,24,0,24,89
07/19/2020,AVP,PA,AEA,EN,Combined TRACON& Tower with Radar,8,9,3,0,20,0,2,20,0,22,8,11,23,0,42,0,0,0,42
07/20/2020,AVP,PA,AEA,EN,Combined TRACON& Tower with Radar,6,9,6,0,21,0,6,31,0,37,6,15,37,0,58,14,0,14,72
07/21/2020,AVP,PA,AEA,EN,Combined TRACON& Tower with Radar,3,13,5,0,21,0,1,38,0,39,3,14,43,0,60,15,0,15,75
07/22/2020,AVP,PA,AEA,EN,Combined TRACON& Tower with Radar,3,12,4,0,19,0,2,17,0,19,3,14,21,0,38,62,0,62,100
07/23/2020,AVP,PA,AEA,EN,Combined TRACON& Tower with Radar,6,12,10,0,28,0,5,8,0,13,6,17,18,0,41,0,0,0,41
07/24/2020,AVP,PA,AEA,EN,Combined TRACON& Tower with Radar,6,10,9,0,25,0,0,4,0,4,6,10,13,0,29,0,0,0,29
07/25/2020,AVP,PA,AEA,EN,Combined TRACON& Tower with Radar,6,6,8,0,20,0,5,16,0,21,6,11,24,0,41,24,0,24,65
07/26/2020,AVP,PA,AEA,EN,Combined TRACON& Tower with Radar,6,8,10,0,24,0,7,23,0,30,6,15,33,0,54,70,0,70,124
07/27/2020,AVP,PA,AEA,EN,Combined TRACON& Tower with Radar,5,9,4,2,20,0,4,19,0,23,5,13,23,2,43,66,0,66,109
07/28/2020,AVP,PA,AEA,EN,Combined TRACON& Tower with Radar,4,10,7,0,21,0,5,10,0,15,4,15,17,0,36,66,0,66,102
07/29/2020,AVP,PA,AEA,EN,Combined TRACON& Tower with Radar,4,10,11,0,25,0,5,35,0,40,4,15,46,0,65,108,0,108,173
07/30/2020,AVP,PA,AEA,EN,Combined TRACON& Tower with Radar,6,9,13,0,28,0,6,24,0,30,6,15,37,0,58,52,0,52,110
07/31/2020,AVP,PA,AEA,EN,Combined TRACON& Tower with Radar,6,14,21,0,41,0,13,20,0,33,6,27,41,0,74,54,0,54,128
08/01/2020,AVP,PA,AEA,EN,Combined TRACON& Tower with Radar,6,7,13,0,26,0,4,33,2,39,6,11,46,2,65,24,0,24,89
08/02/2020,AVP,PA,AEA,EN,Combined TRACON& Tower with Radar,6,2,9,0,17,0,6,12,0,18,6,8,21,0,35,52,0,52,87
08/03/2020,AVP,PA,AEA,EN,Combined TRACON& Tower with Radar,6,12,15,0,33,0,4,13,0,17,6,16,28,0,50,0,0,0,50
08/04/2020,AVP,PA,AEA,EN,Combined TRACON& Tower with Radar,2,9,4,0,15,0,2,4,0,6,2,11,8,0,21,30,0,30,51
08/05/2020,AVP,PA,AEA,EN,Combined TRACON& Tower with Radar,4,11,18,0,33,0,3,29,0,32,4,14,47,0,65,123,0,123,188
08/06/2020,AVP,PA,AEA,EN,Combined TRACON& Tower with Radar,6,11,14,0,31,0,4,27,0,31,6,15,41,0,62,108,0,108,170
08/07/2020,AVP,PA,AEA,EN,Combined TRACON& Tower with Radar,6,14,7,0,27,0,4,3,0,7,6,18,10,0,34,84,0,84,118
08/08/2020,AVP,PA,AEA,EN,Combined TRACON& Tower with Radar,6,4,14,0,24,0,7,28,0,35,6,11,42,0,59,142,0,142,201
08/09/2020,AVP,PA,AEA,EN,Combined TRACON& Tower with Radar,6,6,22,0,34,0,12,25,0,37,6,18,47,0,71,110,0,110,181
08/10/2020,AVP,PA,AEA,EN,Combined TRACON& Tower with Radar,8,14,9,0,31,0,5,24,4,33,8,19,33,4,64,66,2,68,132
08/11/2020,AVP,PA,AEA,EN,Combined TRACON& Tower with Radar,4,10,13,0,27,0,2,24,0,26,4,12,37,0,53,64,2,66,119
08/12/2020,AVP,PA,AEA,EN,Combined TRACON& Tower with Radar,4,11,13,0,28,0,5,13,0,18,4,16,26,0,46,45,0,45,91
08/13/2020,AVP,PA,AEA,EN,Combined TRACON& Tower with Radar,6,12,30,0,48,0,4,18,0,22,6,16,48,0,70,9,0,9,79
08/14/2020,AVP,PA,AEA,EN,Combined TRACON& Tower with Radar,6,16,10,0,32,0,4,21,1,26,6,20,31,1,58,33,2,35,93
08/15/2020,AVP,PA,AEA,EN,Combined TRACON& Tower with Radar,6,5,16,0,27,0,29,50,0,79,6,34,66,0,106,160,0,160,266
08/16/2020,AVP,PA,AEA,EN,Combined TRACON& Tower with Radar,6,9,11,0,26,0,21,39,0,60,6,30,50,0,86,196,0,196,282
08/17/2020,AVP,PA,AEA,EN,Combined TRACON& Tower with Radar,6,20,15,0,41,0,20,34,0,54,6,40,49,0,95,179,0,179,274
08/18/2020,AVP,PA,AEA,EN,Combined TRACON& Tower with Radar,5,12,7,7,31,0,22,55,3,80,5,34,62,10,111,172,0,172,283
08/19/2020,AVP,PA,AEA,EN,Combined TRACON& Tower with Radar,6,8,20,2,36,0,27,59,0,86,6,35,79,2,122,176,0,176,298
08/20/2020,AVP,PA,AEA,EN,Combined TRACON& Tower with Radar,8,10,10,6,34,0,8,40,4,52,8,18,50,10,86,44,0,44,130
08/21/2020,AVP,PA,AEA,EN,Combined TRACON& Tower with Radar,8,12,24,2,46,0,12,39,5,56,8,24,63,7,102,14,0,14,116
08/22/2020,AVP,PA,AEA,EN,Combined TRACON& Tower with Radar,8,4,5,0,17,0,5,25,0,30,8,9,30,0,47,28,0,28,75
08/23/2020,AVP,PA,AEA,EN,Combined TRACON& Tower with Radar,8,4,12,0,24,0,4,18,0,22,8,8,30,0,46,18,0,18,64
08/24/2020,AVP,PA,AEA,EN,Combined TRACON& Tower with Radar,8,8,11,0,27,0,4,15,0,19,8,12,26,0,46,6,0,6,52
08/25/2020,AVP,PA,AEA,EN,Combined TRACON& Tower with Radar,6,9,14,4,33,0,6,9,2,17,6,15,23,6,50,90,0,90,140
08/26/2020,AVP,PA,AEA,EN,Combined TRACON& Tower with Radar,6,9,12,0,27,0,14,35,0,49,6,23,47,0,76,152,0,152,228
08/27/2020,AVP,PA,AEA,EN,Combined TRACON& Tower with Radar,10,9,9,2,30,0,15,20,0,35,10,24,29,2,65,156,0,156,221
08/28/2020,AVP,PA,AEA,EN,Combined TRACON& Tower with Radar,8,14,10,0,32,0,3,16,0,19,8,17,26,0,51,78,0,78,129
08/29/2020,AVP,PA,AEA,EN,Combined TRACON& Tower with Radar,8,8,0,0,16,0,26,25,0,51,8,34,25,0,67,142,0,142,209
08/30/2020,AVP,PA,AEA,EN,Combined TRACON& Tower with Radar,9,6,7,0,22,0,4,19,0,23,9,10,26,0,45,36,0,36,81
08/31/2020,AVP,PA,AEA,EN,Combined TRACON& Tower with Radar,9,8,15,3,35,0,4,20,0,24,9,12,35,3,59,2,0,2,61
09/01/2020,AVP,PA,AEA,EN,Combined TRACON& Tower with Radar,8,10,16,3,37,0,0,12,0,12,8,10,28,3,49,13,0,13,62
09/02/2020,AVP,PA,AEA,EN,Combined TRACON& Tower with Radar,6,7,11,6,30,0,0,1,0,1,6,7,12,6,31,4,0,4,35
09/03/2020,AVP,PA,AEA,EN,Combined TRACON& Tower with Radar,8,13,18,0,39,0,4,22,0,26,8,17,40,0,65,18,0,18,83
09/04/2020,AVP,PA,AEA,EN,Combined TRACON& Tower with Radar,8,9,25,0,42,0,8,36,0,44,8,17,61,0,86,105,0,105,191
09/05/2020,AVP,PA,AEA,EN,Combined TRACON& Tower with Radar,8,5,12,0,25,0,5,44,0,49,8,10,56,0,74,150,0,150,224
09/06/2020,AVP,PA,AEA,EN,Combined TRACON& Tower with Radar,6,6,13,0,25,0,8,40,0,48,6,14,53,0,73,140,0,140,213
09/07/2020,AVP,PA,AEA,EN,Combined TRACON& Tower with Radar,8,7,17,0,32,0,33,51,0,84,8,40,68,0,116,168,0,168,284
09/08/2020,AVP,PA,AEA,EN,Combined TRACON& Tower with Radar,6,6,8,0,20,0,2,43,0,45,6,8,51,0,65,140,0,140,205
09/09/2020,AVP,PA,AEA,EN,Combined TRACON& Tower with Radar,9,12,13,10,44,0,1,22,0,23,9,13,35,10,67,33,0,33,100
09/10/2020,AVP,PA,AEA,EN,Combined TRACON& Tower with Radar,8,17,8,0,33,0,2,4,0,6,8,19,12,0,39,2,0,2,41
09/11/2020,AVP,PA,AEA,EN,Combined TRACON& Tower with Radar,8,13,14,0,35,0,6,21,0,27,8,19,35,0,62,16,0,16,78
09/12/2020,AVP,PA,AEA,EN,Combined TRACON& Tower with Radar,8,12,14,0,34,0,4,24,0,28,8,16,38,0,62,66,0,66,128
09/13/2020,AVP,PA,AEA,EN,Combined TRACON& Tower with Radar,8,14,20,0,42,0,0,2,0,2,8,14,22,0,44,0,0,0,44
09/14/2020,AVP,PA,AEA,EN,Combined TRACON& Tower with Radar,8,14,15,0,37,0,1,22,0,23,8,15,37,0,60,93,0,93,153
09/15/2020,AVP,PA,AEA,EN,Combined TRACON& Tower with Radar,8,9,12,4,33,0,2,53,0,55,8,11,65,4,88,116,0,116,204
09/16/2020,AVP,PA,AEA,EN,Combined TRACON& Tower with Radar,8,9,16,0,33,0,4,33,0,37,8,13,49,0,70,97,0,97,167
09/17/2020,AVP,PA,AEA,EN,Combined TRACON& Tower with Radar,8,16,18,1,43,0,9,51,1,61,8,25,69,2,104,134,0,134,238
09/18/2020,AVP,PA,AEA,EN,Combined TRACON& Tower with Radar,8,15,16,0,39,0,2,16,0,18,8,17,32,0,57,84,0,84,141
09/19/2020,AVP,PA,AEA,EN,Combined TRACON& Tower with Radar,8,8,11,0,27,0,4,38,0,42,8,12,49,0,69,72,0,72,141
09/20/2020,AVP,PA,AEA,EN,Combined TRACON& Tower with Radar,8,9,13,2,32,0,8,37,0,45,8,17,50,2,77,2,0,2,79
09/21/2020,AVP,PA,AEA,EN,Combined TRACON& Tower with Radar,8,11,14,0,33,0,0,28,0,28,8,11,42,0,61,83,0,83,144
09/22/2020,AVP,PA,AEA,EN,Combined TRACON& Tower with Radar,8,10,11,0,29,0,3,21,0,24,8,13,32,0,53,25,0,25,78
09/23/2020,AVP,PA,AEA,EN,Combined TRACON& Tower with Radar,8,12,7,2,29,0,5,19,0,24,8,17,26,2,53,80,0,80,133
09/24/2020,AVP,PA,AEA,EN,Combined TRACON& Tower with Radar,8,13,12,0,33,0,6,39,0,45,8,19,51,0,78,119,0,119,197
09/25/2020,AVP,PA,AEA,EN,Combined TRACON& Tower with Radar,7,21,18,0,46,0,7,35,0,42,7,28,53,0,88,116,0,116,204
09/26/2020,AVP,PA,AEA,EN,Combined TRACON& Tower with Radar,8,9,6,0,23,0,8,5,0,13,8,17,11,0,36,100,0,100,136
09/27/2020,AVP,PA,AEA,EN,Combined TRACON& Tower with Radar,8,13,17,0,38,0,5,16,0,21,8,18,33,0,59,80,0,80,139
09/28/2020,AVP,PA,AEA,EN,Combined TRACON& Tower with Radar,8,11,17,0,36,0,2,2,0,4,8,13,19,0,40,0,0,0,40
09/29/2020,AVP,PA,AEA,EN,Combined TRACON& Tower with Radar,8,13,21,0,42,0,8,6,0,14,8,21,27,0,56,86,0,86,142
09/30/2020,AVP,PA,AEA,EN,Combined TRACON& Tower with Radar,8,11,19,0,38,0,0,1,0,1,8,11,20,0,39,0,0,0,39
10/01/2020,AVP,PA,AEA,EN,Combined TRACON& Tower with Radar,8,14,20,0,42,0,2,34,0,36,8,16,54,0,78,59,0,59,137
10/02/2020,AVP,PA,AEA,EN,Combined TRACON& Tower with Radar,8,14,15,0,37,0,4,6,0,10,8,18,21,0,47,0,0,0,47
10/03/2020,AVP,PA,AEA,EN,Combined TRACON& Tower with Radar,8,11,9,0,28,0,0,21,0,21,8,11,30,0,49,0,0,0,49
10/04/2020,AVP,PA,AEA,EN,Combined TRACON& Tower with Radar,8,15,8,0,31,0,4,17,0,21,8,19,25,0,52,114,0,114,166
10/05/2020,AVP,PA,AEA,EN,Combined TRACON& Tower with Radar,8,13,20,0,41,0,6,15,0,21,8,19,35,0,62,114,0,114,176
10/06/2020,AVP,PA,AEA,EN,Combined TRACON& Tower with Radar,8,12,16,4,40,0,4,13,1,18,8,16,29,5,58,24,0,24,82
10/07/2020,AVP,PA,AEA,EN,Combined TRACON& Tower with Radar,6,10,9,2,27,0,2,5,0,7,6,12,14,2,34,97,0,97,131
10/08/2020,AVP,PA,AEA,EN,Combined TRACON& Tower with Radar,8,18,6,0,32,0,7,15,0,22,8,25,21,0,54,0,0,0,54
10/09/2020,AVP,PA,AEA,EN,Combined TRACON& Tower with Radar,8,17,15,0,40,0,0,33,0,33,8,17,48,0,73,44,0,44,117
10/10/2020,AVP,PA,AEA,EN,Combined TRACON& Tower with Radar,6,15,9,0,30,0,2,24,0,26,6,17,33,0,56,20,0,20,76
10/11/2020,AVP,PA,AEA,EN,Combined TRACON& Tower with Radar,8,9,13,0,30,0,3,18,0,21,8,12,31,0,51,68,0,68,119
10/12/2020,AVP,PA,AEA,EN,Combined TRACON& Tower with Radar,8,12,12,0,32,0,1,2,0,3,8,13,14,0,35,28,0,28,63
10/13/2020,AVP,PA,AEA,EN,Combined TRACON& Tower with Radar,6,16,10,0,32,0,2,6,0,8,6,18,16,0,40,62,0,62,102
10/14/2020,AVP,PA,AEA,EN,Combined TRACON& Tower with Radar,6,9,17,1,33,0,7,36,1,44,6,16,53,2,77,104,0,104,181
10/15/2020,AVP,PA,AEA,EN,Combined TRACON& Tower with Radar,8,17,12,0,37,0,5,13,0,18,8,22,25,0,55,108,0,108,163
10/16/2020,AVP,PA,AEA,EN,Combined TRACON& Tower with Radar,8,16,11,2,37,0,9,8,0,17,8,25,19,2,54,112,0,112,166
10/17/2020,AVP,PA,AEA,EN,Combined TRACON& Tower with Radar,6,5,10,4,25,0,32,62,0,94,6,37,72,4,119,224,0,224,343
10/18/2020,AVP,PA,AEA,EN,Combined TRACON& Tower with Radar,8,9,4,0,21,0,24,43,0,67,8,33,47,0,88,166,0,166,254
10/19/2020,AVP,PA,AEA,EN,Combined TRACON& Tower with Radar,8,19,24,0,51,0,18,34,0,52,8,37,58,0,103,136,0,136,239
10/20/2020,AVP,PA,AEA,EN,Combined TRACON& Tower with Radar,6,13,21,0,40,0,0,25,0,25,6,13,46,0,65,66,0,66,131
10/21/2020,AVP,PA,AEA,EN,Combined TRACON& Tower with Radar,6,12,28,0,46,0,5,21,0,26,6,17,49,0,72,40,0,40,112
10/22/2020,AVP,PA,AEA,EN,Combined TRACON& Tower with Radar,8,17,22,4,51,0,6,20,1,27,8,23,42,5,78,30,0,30,108
10/23/2020,AVP,PA,AEA,EN,Combined TRACON& Tower with Radar,8,12,23,0,43,0,6,25,0,31,8,18,48,0,74,77,0,77,151
10/24/2020,AVP,PA,AEA,EN,Combined TRACON& Tower with Radar,6,7,10,0,23,0,20,37,0,57,6,27,47,0,80,172,0,172,252
10/25/2020,AVP,PA,AEA,EN,Combined TRACON& Tower with Radar,8,8,11,0,27,0,27,72,0,99,8,35,83,0,126,184,0,184,310
10/26/2020,AVP,PA,AEA,EN,Combined TRACON& Tower with Radar,8,12,17,0,37,0,28,27,0,55,8,40,44,0,92,146,0,146,238
10/27/2020,AVP,PA,AEA,EN,Combined TRACON& Tower with Radar,6,11,25,3,45,0,24,34,0,58,6,35,59,3,103,170,0,170,273
10/28/2020,AVP,PA,AEA,EN,Combined TRACON& Tower with Radar,6,10,19,2,37,0,19,39,0,58,6,29,58,2,95,170,0,170,265
10/29/2020,AVP,PA,AEA,EN,Combined TRACON& Tower with Radar,8,16,3,2,29,0,0,2,0,2,8,16,5,2,31,14,0,14,45
10/30/2020,AVP,PA,AEA,EN,Combined TRACON& Tower with Radar,8,15,3,0,26,0,4,7,0,11,8,19,10,0,37,26,0,26,63
10/31/2020,AVP,PA,AEA,EN,Combined TRACON& Tower with Radar,4,3,20,4,31,0,4,38,0,42,4,7,58,4,73,52,0,52,125
11/01/2020,AVP,PA,AEA,EN,Combined TRACON& Tower with Radar,4,12,1,7,24,0,0,0,0,0,4,12,1,7,24,0,0,0,24
11/02/2020,AVP,PA,AEA,EN,Combined TRACON& Tower with Radar,10,14,10,6,40,0,0,9,0,9,10,14,19,6,49,44,0,44,93
11/03/2020,AVP,PA,AEA,EN,Combined TRACON& Tower with Radar,6,11,12,2,31,0,3,21,1,25,6,14,33,3,56,94,0,94,150
11/04/2020,AVP,PA,AEA,EN,Combined TRACON& Tower with Radar,4,11,12,0,27,0,7,26,0,33,4,18,38,0,60,137,0,137,197
11/05/2020,AVP,PA,AEA,EN,Combined TRACON& Tower with Radar,11,21,15,4,51,0,29,67,4,100,11,50,82,8,151,204,0,204,355
11/06/2020,AVP,PA,AEA,EN,Combined TRACON& Tower with Radar,6,13,12,6,37,0,39,60,4,103,6,52,72,10,140,230,0,230,370
11/07/2020,AVP,PA,AEA,EN,Combined TRACON& Tower with Radar,6,7,15,0,28,0,7,53,0,60,6,14,68,0,88,106,0,106,194
11/08/2020,AVP,PA,AEA,EN,Combined TRACON& Tower with Radar,6,6,19,0,31,0,26,63,0,89,6,32,82,0,120,213,0,213,333
11/09/2020,AVP,PA,AEA,EN,Combined TRACON& Tower with Radar,6,11,7,0,24,0,8,45,0,53,6,19,52,0,77,17,0,17,94
11/10/2020,AVP,PA,AEA,EN,Combined TRACON& Tower with Radar,4,10,13,0,27,0,3,16,2,21,4,13,29,2,48,16,0,16,64
11/11/2020,AVP,PA,AEA,EN,Combined TRACON& Tower with Radar,4,10,18,0,32,0,0,0,0,0,4,10,18,0,32,0,0,0,32
11/12/2020,AVP,PA,AEA,EN,Combined TRACON& Tower with Radar,6,16,14,0,36,0,5,4,0,9,6,21,18,0,45,2,0,2,47
11/13/2020,AVP,PA,AEA,EN,Combined TRACON& Tower with Radar,6,12,13,4,35,0,3,10,0,13,6,15,23,4,48,108,0,108,156
11/14/2020,AVP,PA,AEA,EN,Combined TRACON& Tower with Radar,6,8,15,0,29,0,21,59,0,80,6,29,74,0,109,248,0,248,357
11/15/2020,AVP,PA,AEA,EN,Combined TRACON& Tower with Radar,6,6,2,0,14,0,19,42,0,61,6,25,44,0,75,226,0,226,301
11/16/2020,AVP,PA,AEA,EN,Combined TRACON& Tower with Radar,6,8,7,0,21,0,24,37,0,61,6,32,44,0,82,248,0,248,330
11/17/2020,AVP,PA,AEA,EN,Combined TRACON& Tower with Radar,4,8,1,0,13,0,29,35,0,64,4,37,36,0,77,232,0,232,309
11/18/2020,AVP,PA,AEA,EN,Combined TRACON& Tower with Radar,4,12,9,0,25,0,22,26,0,48,4,34,35,0,73,148,0,148,221
11/19/2020,AVP,PA,AEA,EN,Combined TRACON& Tower with Radar,6,11,15,5,37,0,7,22,1,30,6,18,37,6,67,0,0,0,67
11/20/2020,AVP,PA,AEA,EN,Combined TRACON& Tower with Radar,6,12,20,2,40,0,7,23,0,30,6,19,43,2,70,82,0,82,152
11/21/2020,AVP,PA,AEA,EN,Combined TRACON& Tower with Radar,6,8,18,0,32,0,3,30,0,33,6,11,48,0,65,50,0,50,115
11/22/2020,AVP,PA,AEA,EN,Combined TRACON& Tower with Radar,6,7,6,0,19,0,6,3,0,9,6,13,9,0,28,4,0,4,32
11/23/2020,AVP,PA,AEA,EN,Combined TRACON& Tower with Radar,2,8,8,1,19,0,32,35,1,68,2,40,43,2,87,176,0,176,263
11/24/2020,AVP,PA,AEA,EN,Combined TRACON& Tower with Radar,6,11,14,0,31,0,17,51,0,68,6,28,65,0,99,112,0,112,211
11/25/2020,AVP,PA,AEA,EN,Combined TRACON& Tower with Radar,6,11,5,0,22,0,39,52,0,91,6,50,57,0,113,170,0,170,283
11/26/2020,AVP,PA,AEA,EN,Combined TRACON& Tower with Radar,2,4,4,0,10,0,21,27,0,48,2,25,31,0,58,144,0,144,202
11/27/2020,AVP,PA,AEA,EN,Combined TRACON& Tower with Radar,4,8,12,0,24,0,0,15,0,15,4,8,27,0,39,114,0,114,153
11/28/2020,AVP,PA,AEA,EN,Combined TRACON& Tower with Radar,6,14,18,0,38,0,11,28,0,39,6,25,46,0,77,70,0,70,147
11/29/2020,AVP,PA,AEA,EN,Combined TRACON& Tower with Radar,6,9,26,0,41,0,3,50,0,53,6,12,76,0,94,40,0,40,134
11/30/2020,AVP,PA,AEA,EN,Combined TRACON& Tower with Radar,6,9,2,0,17,0,2,6,0,8,6,11,8,0,25,24,0,24,49
12/01/2020,AVP,PA,AEA,EN,Combined TRACON& Tower with Radar,6,10,12,2,30,0,2,5,0,7,6,12,17,2,37,20,0,20,57
12/02/2020,AVP,PA,AEA,EN,Combined TRACON& Tower with Radar,4,12,8,0,24,0,5,9,0,14,4,17,17,0,38,60,0,60,98
12/03/2020,AVP,PA,AEA,EN,Combined TRACON& Tower with Radar,6,10,26,0,42,0,4,32,2,38,6,14,58,2,80,79,0,79,159
12/04/2020,AVP,PA,AEA,EN,Combined TRACON& Tower with Radar,6,12,13,0,31,0,7,26,0,33,6,19,39,0,64,112,0,112,176
12/05/2020,AVP,PA,AEA,EN,Combined TRACON& Tower with Radar,4,9,1,0,14,0,11,6,0,17,4,20,7,0,31,110,0,110,141
12/06/2020,AVP,PA,AEA,EN,Combined TRACON& Tower with Radar,6,6,7,0,19,0,6,11,0,17,6,12,18,0,36,92,0,92,128
12/07/2020,AVP,PA,AEA,EN,Combined TRACON& Tower with Radar,6,8,7,4,25,0,3,34,0,37,6,11,41,4,62,100,0,100,162
12/08/2020,AVP,PA,AEA,EN,Combined TRACON& Tower with Radar,4,7,5,0,16,0,1,9,0,10,4,8,14,0,26,0,0,0,26
12/09/2020,AVP,PA,AEA,EN,Combined TRACON& Tower with Radar,4,10,12,0,26,0,4,0,0,4,4,14,12,0,30,26,0,26,56
12/10/2020,AVP,PA,AEA,EN,Combined TRACON& Tower with Radar,6,8,23,1,38,0,5,12,1,18,6,13,35,2,56,0,0,0,56
12/11/2020,AVP,PA,AEA,EN,Combined TRACON& Tower with Radar,6,8,13,0,27,0,2,29,0,31,6,10,42,0,58,8,0,8,66
12/12/2020,AVP,PA,AEA,EN,Combined TRACON& Tower with Radar,4,6,4,0,14,0,5,3,0,8,4,11,7,0,22,0,0,0,22
12/13/2020,AVP,PA,AEA,EN,Combined TRACON& Tower with Radar,6,6,5,0,17,0,19,45,0,64,6,25,50,0,81,178,0,178,259
12/14/2020,AVP,PA,AEA,EN,Combined TRACON& Tower with Radar,6,9,2,4,21,0,20,27,0,47,6,29,29,4,68,166,0,166,234
12/15/2020,AVP,PA,AEA,EN,Combined TRACON& Tower with Radar,4,14,12,0,30,0,27,67,0,94,4,41,79,0,124,178,0,178,302
12/16/2020,AVP,PA,AEA,EN,Combined TRACON& Tower with Radar,1,5,6,0,12,0,5,1,0,6,1,10,7,0,18,40,0,40,58
12/17/2020,AVP,PA,AEA,EN,Combined TRACON& Tower with Radar,5,6,4,0,15,0,5,0,1,6,5,11,4,1,21,0,0,0,21
12/18/2020,AVP,PA,AEA,EN,Combined TRACON& Tower with Radar,6,11,10,0,27,0,4,12,0,16,6,15,22,0,43,34,0,34,77
12/19/2020,AVP,PA,AEA,EN,Combined TRACON& Tower with Radar,6,10,8,0,24,0,0,12,0,12,6,10,20,0,36,1,0,1,37
12/20/2020,AVP,PA,AEA,EN,Combined TRACON& Tower with Radar,6,10,9,0,25,0,0,5,0,5,6,10,14,0,30,36,0,36,66
12/21/2020,AVP,PA,AEA,EN,Combined TRACON& Tower with Radar,6,12,7,0,25,0,4,7,0,11,6,16,14,0,36,24,0,24,60
12/22/2020,AVP,PA,AEA,EN,Combined TRACON& Tower with Radar,6,16,7,0,29,0,0,6,0,6,6,16,13,0,35,0,0,0,35
12/23/2020,AVP,PA,AEA,EN,Combined TRACON& Tower with Radar,6,13,10,6,35,0,0,29,0,29,6,13,39,6,64,73,2,75,139
12/24/2020,AVP,PA,AEA,EN,Combined TRACON& Tower with Radar,4,15,4,0,23,0,0,0,0,0,4,15,4,0,23,0,0,0,23
12/25/2020,AVP,PA,AEA,EN,Combined TRACON& Tower with Radar,4,9,2,0,15,0,0,0,0,0,4,9,2,0,15,0,0,0,15
12/26/2020,AVP,PA,AEA,EN,Combined TRACON& Tower with Radar,6,16,7,0,29,0,1,8,0,9,6,17,15,0,38,70,0,70,108
12/27/2020,AVP,PA,AEA,EN,Combined TRACON& Tower with Radar,6,10,14,2,32,0,3,20,0,23,6,13,34,2,55,62,0,62,117
12/28/2020,AVP,PA,AEA,EN,Combined TRACON& Tower with Radar,6,12,3,2,23,0,2,16,0,18,6,14,19,2,41,24,0,24,65
12/29/2020,AVP,PA,AEA,EN,Combined TRACON& Tower with Radar,6,13,7,1,27,0,6,10,0,16,6,19,17,1,43,36,0,36,79
12/30/2020,AVP,PA,AEA,EN,Combined TRACON& Tower with Radar,6,15,15,4,40,0,9,28,0,37,6,24,43,4,77,34,0,34,111
12/31/2020,AVP,PA,AEA,EN,Combined TRACON& Tower with Radar,4,10,0,0,14,0,3,0,0,3,4,13,0,0,17,0,0,0,17
01/01/2021,AVP,PA,AEA,EN,Combined TRACON& Tower with Radar,4,9,0,0,13,0,2,7,0,9,4,11,7,0,22,6,0,6,28
01/02/2021,AVP,PA,AEA,EN,Combined TRACON& Tower with Radar,6,11,7,0,24,0,9,3,0,12,6,20,10,0,36,100,0,100,136
01/03/2021,AVP,PA,AEA,EN,Combined TRACON& Tower with Radar,6,8,6,0,20,0,3,3,0,6,6,11,9,0,26,22,0,22,48
01/04/2021,AVP,PA,AEA,EN,Combined TRACON& Tower with Radar,6,9,20,0,35,0,0,15,0,15,6,9,35,0,50,89,0,89,139
01/05/2021,AVP,PA,AEA,EN,Combined TRACON& Tower with Radar,4,16,8,1,29,0,7,5,1,13,4,23,13,2,42,98,0,98,140
01/06/2021,AVP,PA,AEA,EN,Combined TRACON& Tower with Radar,4,14,13,0,31,0,3,5,0,8,4,17,18,0,39,106,0,106,145
01/07/2021,AVP,PA,AEA,EN,Combined TRACON& Tower with Radar,6,19,1,2,28,0,0,10,0,10,6,19,11,2,38,0,0,0,38
01/08/2021,AVP,PA,AEA,EN,Combined TRACON& Tower with Radar,6,15,6,4,31,0,4,8,0,12,6,19,14,4,43,0,0,0,43
01/09/2021,AVP,PA,AEA,EN,Combined TRACON& Tower with Radar,4,10,6,0,20,0,5,14,0,19,4,15,20,0,39,0,0,0,39
01/10/2021,AVP,PA,AEA,EN,Combined TRACON& Tower with Radar,6,9,7,0,22,0,11,26,0,37,6,20,33,0,59,14,0,14,73
01/11/2021,AVP,PA,AEA,EN,Combined TRACON& Tower with Radar,6,16,22,4,48,0,2,44,0,46,6,18,66,4,94,76,0,76,170
01/12/2021,AVP,PA,AEA,EN,Combined TRACON& Tower with Radar,4,16,9,4,33,0,29,65,0,94,4,45,74,4,127,222,0,222,349
01/13/2021,AVP,PA,AEA,EN,Combined TRACON& Tower with Radar,4,18,22,3,47,0,9,11,1,21,4,27,33,4,68,92,0,92,160
01/14/2021,AVP,PA,AEA,EN,Combined TRACON& Tower with Radar,6,16,12,0,34,0,26,29,0,55,6,42,41,0,89,192,0,192,281
01/15/2021,AVP,PA,AEA,EN,Combined TRACON& Tower with Radar,6,19,13,0,38,0,26,33,0,59,6,45,46,0,97,158,0,158,255
01/16/2021,AVP,PA,AEA,EN,Combined TRACON& Tower with Radar,4,8,7,0,19,0,18,28,0,46,4,26,35,0,65,187,0,187,252
01/17/2021,AVP,PA,AEA,EN,Combined TRACON& Tower with Radar,6,11,0,0,17,0,9,2,0,11,6,20,2,0,28,0,0,0,28
01/18/2021,AVP,PA,AEA,EN,Combined TRACON& Tower with Radar,6,8,9,0,23,0,1,1,0,2,6,9,10,0,25,0,0,0,25
01/19/2021,AVP,PA,AEA,EN,Combined TRACON& Tower with Radar,4,13,16,0,33,0,9,5,0,14,4,22,21,0,47,0,0,0,47
01/20/2021,AVP,PA,AEA,EN,Combined TRACON& Tower with Radar,4,12,7,0,23,0,4,0,0,4,4,16,7,0,27,0,0,0,27
01/21/2021,AVP,PA,AEA,EN,Combined TRACON& Tower with Radar,6,12,18,0,36,0,2,25,2,29,6,14,43,2,65,10,0,10,75
01/22/2021,AVP,PA,AEA,EN,Combined TRACON& Tower with Radar,6,12,2,0,20,0,16,29,0,45,6,28,31,0,65,184,0,184,249
01/23/2021,AVP,PA,AEA,EN,Combined TRACON& Tower with Radar,4,9,3,0,16,0,18,29,0,47,4,27,32,0,63,200,0,200,263
01/24/2021,AVP,PA,AEA,EN,Combined TRACON& Tower with Radar,6,8,13,0,27,0,12,21,3,36,6,20,34,3,63,116,0,116,179
01/25/2021,AVP,PA,AEA,EN,Combined TRACON& Tower with Radar,6,11,10,0,27,0,8,34,0,42,6,19,44,0,69,122,0,122,191
01/26/2021,AVP,PA,AEA,EN,Combined TRACON& Tower with Radar,4,10,1,0,15,0,4,4,0,8,4,14,5,0,23,96,0,96,119
01/27/2021,AVP,PA,AEA,EN,Combined TRACON& Tower with Radar,4,10,6,0,20,0,2,7,0,9,4,12,13,0,29,0,0,0,29
01/28/2021,AVP,PA,AEA,EN,Combined TRACON& Tower with Radar,2,18,11,0,31,0,5,9,1,15,2,23,20,1,46,1,4,5,51
01/29/2021,AVP,PA,AEA,EN,Combined TRACON& Tower with Radar,5,14,7,0,26,0,4,0,0,4,5,18,7,0,30,2,0,2,32
01/30/2021,AVP,PA,AEA,EN,Combined TRACON& Tower with Radar,5,12,17,2,36,0,2,42,1,45,5,14,59,3,81,46,6,52,133
01/31/2021,AVP,PA,AEA,EN,Combined TRACON& Tower with Radar,5,3,8,2,18,0,0,2,3,5,5,3,10,5,23,16,0,16,39
02/01/2021,AVP,PA,AEA,EN,Combined TRACON& Tower with Radar,0,0,2,0,2,0,0,0,0,0,0,0,2,0,2,0,0,0,2
02/02/2021,AVP,PA,AEA,EN,Combined TRACON& Tower with Radar,3,10,5,0,18,0,1,5,0,6,3,11,10,0,24,34,0,34,58
02/03/2021,AVP,PA,AEA,EN,Combined TRACON& Tower with Radar,4,10,8,0,22,0,9,4,0,13,4,19,12,0,35,76,0,76,111
02/04/2021,AVP,PA,AEA,EN,Combined TRACON& Tower with Radar,6,15,14,1,36,0,12,15,3,30,6,27,29,4,66,99,0,99,165
02/05/2021,AVP,PA,AEA,EN,Combined TRACON& Tower with Radar,6,16,13,0,35,0,5,8,0,13,6,21,21,0,48,106,0,106,154
02/06/2021,AVP,PA,AEA,EN,Combined TRACON& Tower with Radar,4,7,15,1,27,0,2,21,1,24,4,9,36,2,51,0,0,0,51
02/07/2021,AVP,PA,AEA,EN,Combined TRACON& Tower with Radar,6,8,1,0,15,0,2,0,0,2,6,10,1,0,17,0,0,0,17
02/08/2021,AVP,PA,AEA,EN,Combined TRACON& Tower with Radar,6,15,16,0,37,0,7,30,0,37,6,22,46,0,74,16,0,16,90
02/09/2021,AVP,PA,AEA,EN,Combined TRACON& Tower with Radar,4,14,5,0,23,0,0,0,0,0,4,14,5,0,23,0,0,0,23
02/10/2021,AVP,PA,AEA,EN,Combined TRACON& Tower with Radar,4,10,17,0,31,0,6,24,0,30,4,16,41,0,61,2,0,2,63
02/11/2021,AVP,PA,AEA,EN,Combined TRACON& Tower with Radar,6,12,6,0,24,0,6,6,0,12,6,18,12,0,36,116,0,116,152
02/12/2021,AVP,PA,AEA,EN,Combined TRACON& Tower with Radar,6,17,12,0,35,0,3,32,0,35,6,20,44,0,70,90,0,90,160
02/13/2021,AVP,PA,AEA,EN,Combined TRACON& Tower with Radar,4,8,5,0,17,0,2,19,0,21,4,10,24,0,38,86,0,86,124
02/14/2021,AVP,PA,AEA,EN,Combined TRACON& Tower with Radar,6,10,5,0,21,0,2,10,0,12,6,12,15,0,33,98,0,98,131
02/15/2021,AVP,PA,AEA,EN,Combined TRACON& Tower with Radar,1,10,5,0,16,0,5,4,0,9,1,15,9,0,25,74,0,74,99
02/16/2021,AVP,PA,AEA,EN,Combined TRACON& Tower with Radar,3,8,9,0,20,0,2,1,0,3,3,10,10,0,23,0,0,0,23
02/17/2021,AVP,PA,AEA,EN,Combined TRACON& Tower with Radar,5,12,34,0,51,0,4,33,0,37,5,16,67,0,88,5,0,5,93
02/18/2021,AVP,PA,AEA,EN,Combined TRACON& Tower with Radar,7,7,0,0,14,0,0,0,0,0,7,7,0,0,14,0,0,0,14
02/19/2021,AVP,PA,AEA,EN,Combined TRACON& Tower with Radar,6,15,4,0,25,0,4,0,0,4,6,19,4,0,29,0,0,0,29
02/20/2021,AVP,PA,AEA,EN,Combined TRACON& Tower with Radar,4,8,15,0,27,0,2,8,0,10,4,10,23,0,37,0,0,0,37
02/21/2021,AVP,PA,AEA,EN,Combined TRACON& Tower with Radar,6,11,15,0,32,0,6,38,0,44,6,17,53,0,76,87,0,87,163
02/22/2021,AVP,PA,AEA,EN,Combined TRACON& Tower with Radar,6,11,8,0,25,0,6,6,0,12,6,17,14,0,37,90,0,90,127
02/23/2021,AVP,PA,AEA,EN,Combined TRACON& Tower with Radar,4,16,4,0,24,0,7,4,0,11,4,23,8,0,35,112,0,112,147
02/24/2021,AVP,PA,AEA,EN,Combined TRACON& Tower with Radar,4,11,22,0,37,0,19,73,0,92,4,30,95,0,129,166,0,166,295
02/25/2021,AVP,PA,AEA,EN,Combined TRACON& Tower with Radar,6,15,20,0,41,0,13,23,0,36,6,28,43,0,77,112,0,112,189
02/26/2021,AVP,PA,AEA,EN,Combined TRACON& Tower with Radar,6,16,9,0,31,0,3,33,0,36,6,19,42,0,67,44,0,44,111
02/27/2021,AVP,PA,AEA,EN,Combined TRACON& Tower with Radar,4,12,18,0,34,0,3,5,0,8,4,15,23,0,42,30,0,30,72
02/28/2021,AVP,PA,AEA,EN,Combined TRACON& Tower with Radar,6,11,6,0,23,0,7,1,0,8,6,18,7,0,31,0,0,0,31
03/01/2021,AVP,PA,AEA,EN,Combined TRACON& Tower with Radar,6,16,12,0,34,0,2,4,0,6,6,18,16,0,40,20,0,20,60
03/02/2021,AVP,PA,AEA,EN,Combined TRACON& Tower with Radar,4,17,5,0,26,0,2,9,0,11,4,19,14,0,37,11,0,11,48
03/03/2021,AVP,PA,AEA,EN,Combined TRACON& Tower with Radar,4,12,11,1,28,0,7,22,1,30,4,19,33,2,58,80,0,80,138
03/04/2021,AVP,PA,AEA,EN,Combined TRACON& Tower with Radar,7,21,5,0,33,0,7,10,2,19,7,28,15,2,52,84,0,84,136
03/05/2021,AVP,PA,AEA,EN,Combined TRACON& Tower with Radar,8,12,7,0,27,0,10,13,0,23,8,22,20,0,50,82,0,82,132
03/06/2021,AVP,PA,AEA,EN,Combined TRACON& Tower with Radar,8,15,4,0,27,0,6,7,0,13,8,21,11,0,40,98,0,98,138
03/07/2021,AVP,PA,AEA,EN,Combined TRACON& Tower with Radar,10,8,8,0,26,0,7,35,0,42,10,15,43,0,68,130,0,130,198
03/08/2021,AVP,PA,AEA,EN,Combined TRACON& Tower with Radar,8,14,20,0,42,0,4,24,0,28,8,18,44,0,70,12,0,12,82
03/09/2021,AVP,PA,AEA,EN,Combined TRACON& Tower with Radar,8,18,16,1,43,0,5,28,2,35,8,23,44,3,78,23,12,35,113
03/10/2021,AVP,PA,AEA,EN,Combined TRACON& Tower with Radar,8,12,35,0,55,0,2,22,0,24,8,14,57,0,79,0,0,0,79
03/11/2021,AVP,PA,AEA,EN,Combined TRACON& Tower with Radar,8,16,20,0,44,0,8,15,1,24,8,24,35,1,68,3,0,3,71
03/12/2021,AVP,PA,AEA,EN,Combined TRACON& Tower with Radar,8,14,13,0,35,0,10,11,0,21,8,24,24,0,56,0,0,0,56
03/13/2021,AVP,PA,AEA,EN,Combined TRACON& Tower with Radar,8,9,9,0,26,0,7,25,0,32,8,16,34,0,58,114,0,114,172
03/14/2021,AVP,PA,AEA,EN,Combined TRACON& Tower with Radar,10,9,13,0,32,0,12,11,0,23,10,21,24,0,55,126,0,126,181
03/15/2021,AVP,PA,AEA,EN,Combined TRACON& Tower with Radar,8,11,19,0,38,0,8,11,0,19,8,19,30,0,57,106,0,106,163
03/16/2021,AVP,PA,AEA,EN,Combined TRACON& Tower with Radar,8,14,3,1,26,0,8,9,0,17,8,22,12,1,43,96,0,96,139
03/17/2021,AVP,PA,AEA,EN,Combined TRACON& Tower with Radar,10,19,14,0,43,0,7,8,0,15,10,26,22,0,58,94,0,94,152
03/18/2021,AVP,PA,AEA,EN,Combined TRACON& Tower with Radar,8,16,8,0,32,0,0,0,0,0,8,16,8,0,32,0,0,0,32
03/19/2021,AVP,PA,AEA,EN,Combined TRACON& Tower with Radar,8,12,12,0,32,0,2,4,0,6,8,14,16,0,38,0,0,0,38
03/20/2021,AVP,PA,AEA,EN,Combined TRACON& Tower with Radar,8,9,20,0,37,0,6,36,0,42,8,15,56,0,79,0,0,0,79
03/21/2021,AVP,PA,AEA,EN,Combined TRACON& Tower with Radar,8,12,26,0,46,0,0,63,0,63,8,12,89,0,109,63,0,63,172
03/22/2021,AVP,PA,AEA,EN,Combined TRACON& Tower with Radar,8,15,17,0,40,0,5,42,2,49,8,20,59,2,89,36,0,36,125
03/23/2021,AVP,PA,AEA,EN,Combined TRACON& Tower with Radar,8,15,19,0,42,0,19,48,0,67,8,34,67,0,109,154,0,154,263
03/24/2021,AVP,PA,AEA,EN,Combined TRACON& Tower with Radar,8,14,6,0,28,0,10,27,0,37,8,24,33,0,65,102,0,102,167
03/25/2021,AVP,PA,AEA,EN,Combined TRACON& Tower with Radar,8,15,22,9,54,0,26,39,0,65,8,41,61,9,119,190,0,190,309
03/26/2021,AVP,PA,AEA,EN,Combined TRACON& Tower with Radar,8,15,6,0,29,0,24,23,0,47,8,39,29,0,76,127,0,127,203
03/27/2021,AVP,PA,AEA,EN,Combined TRACON& Tower with Radar,8,13,17,0,38,0,31,61,0,92,8,44,78,0,130,192,0,192,322
03/28/2021,AVP,PA,AEA,EN,Combined TRACON& Tower with Radar,7,14,12,0,33,0,3,2,0,5,7,17,14,0,38,14,0,14,52
03/29/2021,AVP,PA,AEA,EN,Combined TRACON& Tower with Radar,9,16,13,0,38,0,6,12,2,20,9,22,25,2,58,50,0,50,108
03/30/2021,AVP,PA,AEA,EN,Combined TRACON& Tower with Radar,8,22,17,4,51,0,7,24,0,31,8,29,41,4,82,12,8,20,102
03/31/2021,AVP,PA,AEA,EN,Combined TRACON& Tower with Radar,10,18,23,0,51,0,0,0,0,0,10,18,23,0,51,6,0,6,57
04/01/2021,AVP,PA,AEA,EN,Combined TRACON& Tower with Radar,8,15,14,0,37,0,4,7,0,11,8,19,21,0,48,2,0,2,50
04/02/2021,AVP,PA,AEA,EN,Combined TRACON& Tower with Radar,7,13,3,0,23,0,5,11,0,16,7,18,14,0,39,102,0,102,141
04/03/2021,AVP,PA,AEA,EN,Combined TRACON& Tower with Radar,8,10,11,0,29,0,11,44,0,55,8,21,55,0,84,122,0,122,206
04/04/2021,AVP,PA,AEA,EN,Combined TRACON& Tower with Radar,8,8,3,0,19,0,6,25,0,31,8,14,28,0,50,76,0,76,126
04/05/2021,AVP,PA,AEA,EN,Combined TRACON& Tower with Radar,8,9,4,0,21,0,5,20,0,25,8,14,24,0,46,94,0,94,140
04/06/2021,AVP,PA,AEA,EN,Combined TRACON& Tower with Radar,7,16,13,0,36,0,21,34,0,55,7,37,47,0,91,110,0,110,201
04/07/2021,AVP,PA,AEA,EN,Combined TRACON& Tower with Radar,8,12,14,0,34,0,0,35,0,35,8,12,49,0,69,94,0,94,163
04/08/2021,AVP,PA,AEA,EN,Combined TRACON& Tower with Radar,8,12,26,0,46,0,9,20,0,29,8,21,46,0,75,0,0,0,75
04/09/2021,AVP,PA,AEA,EN,Combined TRACON& Tower with Radar,8,12,17,2,39,0,1,15,0,16,8,13,32,2,55,2,0,2,57
04/10/2021,AVP,PA,AEA,EN,Combined TRACON& Tower with Radar,8,8,12,0,28,0,5,8,0,13,8,13,20,0,41,0,0,0,41
04/11/2021,AVP,PA,AEA,EN,Combined TRACON& Tower with Radar,8,13,11,2,34,0,6,0,0,6,8,19,11,2,40,0,0,0,40
04/12/2021,AVP,PA,AEA,EN,Combined TRACON& Tower with Radar,8,7,12,2,29,0,5,3,0,8,8,12,15,2,37,95,0,95,132
04/13/2021,AVP,PA,AEA,EN,Combined TRACON& Tower with Radar,8,11,10,2,31,0,13,32,0,45,8,24,42,2,76,96,0,96,172
04/14/2021,AVP,PA,AEA,EN,Combined TRACON& Tower with Radar,8,15,24,2,49,0,7,23,0,30,8,22,47,2,79,116,0,116,195
04/15/2021,AVP,PA,AEA,EN,Combined TRACON& Tower with Radar,8,11,15,0,34,0,9,6,0,15,8,20,21,0,49,120,0,120,169
04/16/2021,AVP,PA,AEA,EN,Combined TRACON& Tower with Radar,9,11,2,0,22,0,6,5,0,11,9,17,7,0,33,104,0,104,137
04/17/2021,AVP,PA,AEA,EN,Combined TRACON& Tower with Radar,7,8,8,0,23,0,2,1,0,3,7,10,9,0,26,36,0,36,62
04/18/2021,AVP,PA,AEA,EN,Combined TRACON& Tower with Radar,11,6,15,0,32,0,5,25,0,30,11,11,40,0,62,31,0,31,93
04/19/2021,AVP,PA,AEA,EN,Combined TRACON& Tower with Radar,7,8,16,0,31,0,1,28,0,29,7,9,44,0,60,60,0,60,120
04/20/2021,AVP,PA,AEA,EN,Combined TRACON& Tower with Radar,8,10,12,0,30,0,7,20,0,27,8,17,32,0,57,14,0,14,71
04/21/2021,AVP,PA,AEA,EN,Combined TRACON& Tower with Radar,8,11,9,0,28,0,7,4,0,11,8,18,13,0,39,18,0,18,57
04/22/2021,AVP,PA,AEA,EN,Combined TRACON& Tower with Radar,10,12,11,2,35,0,5,4,0,9,10,17,15,2,44,0,0,0,44
04/23/2021,AVP,PA,AEA,EN,Combined TRACON& Tower with Radar,8,13,15,0,36,0,7,21,0,28,8,20,36,0,64,14,0,14,78
04/24/2021,AVP,PA,AEA,EN,Combined TRACON& Tower with Radar,9,12,14,0,35,0,8,39,0,47,9,20,53,0,82,96,0,96,178
04/25/2021,AVP,PA,AEA,EN,Combined TRACON& Tower with Radar,8,11,4,0,23,0,8,3,0,11,8,19,7,0,34,104,0,104,138
04/26/2021,AVP,PA,AEA,EN,Combined TRACON& Tower with Radar,8,9,4,0,21,0,6,10,0,16,8,15,14,0,37,10,0,10,47
04/27/2021,AVP,PA,AEA,EN,Combined TRACON& Tower with Radar,8,10,18,0,36,0,4,25,0,29,8,14,43,0,65,10,0,10,75
04/28/2021,AVP,PA,AEA,EN,Combined TRACON& Tower with Radar,8,10,20,10,48,0,0,24,0,24,8,10,44,10,72,0,0,0,72
04/29/2021,AVP,PA,AEA,EN,Combined TRACON& Tower with Radar,9,12,10,0,31,0,0,0,0,0,9,12,10,0,31,0,0,0,31
04/30/2021,AVP,PA,AEA,EN,Combined TRACON& Tower with Radar,7,14,11,0,32,0,2,0,0,2,7,16,11,0,34,0,0,0,34
05/01/2021,AVP,PA,AEA,EN,Combined TRACON& Tower with Radar,8,12,6,2,28,0,12,32,0,44,8,24,38,2,72,122,0,122,194
05/02/2021,AVP,PA,AEA,EN,Combined TRACON& Tower with Radar,12,9,9,0,30,0,26,27,0,53,12,35,36,0,83,128,0,128,211
05/03/2021,AVP,PA,AEA,EN,Combined TRACON& Tower with Radar,8,11,15,0,34,0,9,10,0,19,8,20,25,0,53,65,0,65,118
05/04/2021,AVP,PA,AEA,EN,Combined TRACON& Tower with Radar,8,7,17,0,32,0,0,4,0,4,8,7,21,0,36,0,0,0,36
05/05/2021,AVP,PA,AEA,EN,Combined TRACON& Tower with Radar,8,16,12,0,36,0,3,0,0,3,8,19,12,0,39,0,0,0,39
05/06/2021,AVP,PA,AEA,EN,Combined TRACON& Tower with Radar,10,15,26,19,70,0,4,12,1,17,10,19,38,20,87,22,0,22,109
05/07/2021,AVP,PA,AEA,EN,Combined TRACON& Tower with Radar,11,12,7,0,30,0,7,16,0,23,11,19,23,0,53,18,0,18,71
05/08/2021,AVP,PA,AEA,EN,Combined TRACON& Tower with Radar,10,10,7,0,27,0,4,0,0,4,10,14,7,0,31,0,0,0,31
05/09/2021,AVP,PA,AEA,EN,Combined TRACON& Tower with Radar,10,10,9,0,29,0,0,6,0,6,10,10,15,0,35,0,0,0,35
05/10/2021,AVP,PA,AEA,EN,Combined TRACON& Tower with Radar,10,12,12,2,36,0,6,10,0,16,10,18,22,2,52,17,0,17,69
05/11/2021,AVP,PA,AEA,EN,Combined TRACON& Tower with Radar,10,19,4,2,35,0,3,15,0,18,10,22,19,2,53,31,0,31,84
05/12/2021,AVP,PA,AEA,EN,Combined TRACON& Tower with Radar,10,14,16,0,40,0,21,33,0,54,10,35,49,0,94,67,0,67,161
05/13/2021,AVP,PA,AEA,EN,Combined TRACON& Tower with Radar,10,17,18,0,45,0,28,48,1,77,10,45,66,1,122,92,0,92,214
05/14/2021,AVP,PA,AEA,EN,Combined TRACON& Tower with Radar,10,14,10,0,34,0,17,63,0,80,10,31,73,0,114,149,0,149,263
05/15/2021,AVP,PA,AEA,EN,Combined TRACON& Tower with Radar,10,11,9,0,30,0,23,35,1,59,10,34,44,1,89,131,0,131,220
05/16/2021,AVP,PA,AEA,EN,Combined TRACON& Tower with Radar,10,8,10,0,28,0,23,35,0,58,10,31,45,0,86,122,0,122,208
05/17/2021,AVP,PA,AEA,EN,Combined TRACON& Tower with Radar,10,15,14,0,39,0,7,18,1,26,10,22,32,1,65,49,0,49,114
05/18/2021,AVP,PA,AEA,EN,Combined TRACON& Tower with Radar,9,11,21,0,41,0,9,22,0,31,9,20,43,0,72,10,0,10,82
05/19/2021,AVP,PA,AEA,EN,Combined TRACON& Tower with Radar,11,11,25,0,47,0,5,23,1,29,11,16,48,1,76,68,0,68,144
05/20/2021,AVP,PA,AEA,EN,Combined TRACON& Tower with Radar,9,19,12,2,42,0,6,30,6,42,9,25,42,8,84,9,0,9,93
05/21/2021,AVP,PA,AEA,EN,Combined TRACON& Tower with Radar,13,14,11,0,38,0,7,18,0,25,13,21,29,0,63,46,0,46,109
05/22/2021,AVP,PA,AEA,EN,Combined TRACON& Tower with Radar,10,13,15,0,38,0,5,35,0,40,10,18,50,0,78,106,0,106,184
05/23/2021,AVP,PA,AEA,EN,Combined TRACON& Tower with Radar,10,9,8,0,27,0,9,16,0,25,10,18,24,0,52,118,0,118,170
05/24/2021,AVP,PA,AEA,EN,Combined TRACON& Tower with Radar,10,9,17,8,44,0,16,27,4,47,10,25,44,12,91,166,0,166,257
05/25/2021,AVP,PA,AEA,EN,Combined TRACON& Tower with Radar,10,13,20,8,51,0,0,8,0,8,10,13,28,8,59,0,0,0,59
05/26/2021,AVP,PA,AEA,EN,Combined TRACON& Tower with Radar,10,13,10,0,33,0,5,12,0,17,10,18,22,0,50,120,0,120,170
05/27/2021,AVP,PA,AEA,EN,Combined TRACON& Tower with Radar,10,16,18,0,44,0,11,40,0,51,10,27,58,0,95,120,0,120,215
05/28/2021,AVP,PA,AEA,EN,Combined TRACON& Tower with Radar,10,14,12,0,36,0,5,11,0,16,10,19,23,0,52,44,0,44,96
05/29/2021,AVP,PA,AEA,EN,Combined TRACON& Tower with Radar,9,13,8,0,30,0,2,1,0,3,9,15,9,0,33,8,0,8,41
05/30/2021,AVP,PA,AEA,EN,Combined TRACON& Tower with Radar,9,13,5,0,27,0,2,0,0,2,9,15,5,0,29,0,0,0,29
05/31/2021,AVP,PA,AEA,EN,Combined TRACON& Tower with Radar,10,10,15,0,35,0,4,13,0,17,10,14,28,0,52,58,0,58,110
06/01/2021,AVP,PA,AEA,EN,Combined TRACON& Tower with Radar,12,16,16,0,44,0,8,38,2,48,12,24,54,2,92,92,0,92,184
06/02/2021,AVP,PA,AEA,EN,Combined TRACON& Tower with Radar,10,17,17,0,44,0,11,18,0,29,10,28,35,0,73,88,0,88,161
06/03/2021,AVP,PA,AEA,EN,Combined TRACON& Tower with Radar,11,19,8,0,38,0,4,6,0,10,11,23,14,0,48,122,0,122,170
06/04/2021,AVP,PA,AEA,EN,Combined TRACON& Tower with Radar,7,17,10,0,34,0,8,5,0,13,7,25,15,0,47,120,0,120,167
06/05/2021,AVP,PA,AEA,EN,Combined TRACON& Tower with Radar,7,12,16,0,35,0,5,16,2,23,7,17,32,2,58,104,0,104,162
06/06/2021,AVP,PA,AEA,EN,Combined TRACON& Tower with Radar,7,9,19,0,35,0,6,27,0,33,7,15,46,0,68,148,0,148,216
06/07/2021,AVP,PA,AEA,EN,Combined TRACON& Tower with Radar,6,10,21,0,37,0,2,22,0,24,6,12,43,0,61,2,0,2,63
06/08/2021,AVP,PA,AEA,EN,Combined TRACON& Tower with Radar,8,12,13,0,33,0,0,4,0,4,8,12,17,0,37,2,0,2,39
06/09/2021,AVP,PA,AEA,EN,Combined TRACON& Tower with Radar,11,11,20,0,42,0,0,2,1,3,11,11,22,1,45,0,0,0,45
06/10/2021,AVP,PA,AEA,EN,Combined TRACON& Tower with Radar,8,15,20,0,43,0,9,37,0,46,8,24,57,0,89,28,0,28,117
06/11/2021,AVP,PA,AEA,EN,Combined TRACON& Tower with Radar,7,13,27,4,51,0,2,9,0,11,7,15,36,4,62,12,0,12,74
06/12/2021,AVP,PA,AEA,EN,Combined TRACON& Tower with Radar,6,14,13,0,33,0,2,0,0,2,6,16,13,0,35,0,0,0,35
06/13/2021,AVP,PA,AEA,EN,Combined TRACON& Tower with Radar,9,12,11,0,32,0,3,1,0,4,9,15,12,0,36,0,0,0,36
06/14/2021,AVP,PA,AEA,EN,Combined TRACON& Tower with Radar,8,11,10,0,29,0,4,4,1,9,8,15,14,1,38,4,0,4,42
06/15/2021,AVP,PA,AEA,EN,Combined TRACON& Tower with Radar,8,22,15,1,46,0,8,16,1,25,8,30,31,2,71,118,0,118,189
06/16/2021,AVP,PA,AEA,EN,Combined TRACON& Tower with Radar,8,16,15,0,39,0,21,51,0,72,8,37,66,0,111,126,0,126,237
06/17/2021,AVP,PA,AEA,EN,Combined TRACON& Tower with Radar,8,19,15,2,44,0,16,60,2,78,8,35,75,4,122,159,0,159,281
06/18/2021,AVP,PA,AEA,EN,Combined TRACON& Tower with Radar,8,16,17,0,41,0,8,35,0,43,8,24,52,0,84,74,0,74,158
06/19/2021,AVP,PA,AEA,EN,Combined TRACON& Tower with Radar,6,10,7,0,23,0,6,15,0,21,6,16,22,0,44,32,0,32,76
06/20/2021,AVP,PA,AEA,EN,Combined TRACON& Tower with Radar,7,10,6,0,23,0,2,6,0,8,7,12,12,0,31,0,0,0,31
06/21/2021,AVP,PA,AEA,EN,Combined TRACON& Tower with Radar,8,18,9,0,35,0,2,7,0,9,8,20,16,0,44,74,0,74,118
06/22/2021,AVP,PA,AEA,EN,Combined TRACON& Tower with Radar,8,15,16,0,39,0,11,4,0,15,8,26,20,0,54,126,0,126,180
06/23/2021,AVP,PA,AEA,EN,Combined TRACON& Tower with Radar,8,18,22,0,48,0,7,33,0,40,8,25,55,0,88,79,0,79,167
06/24/2021,AVP,PA,AEA,EN,Combined TRACON& Tower with Radar,9,16,21,2,48,0,10,43,0,53,9,26,64,2,101,89,0,89,190
06/25/2021,AVP,PA,AEA,EN,Combined TRACON& Tower with Radar,8,17,25,0,50,0,5,41,0,46,8,22,66,0,96,116,0,116,212
06/26/2021,AVP,PA,AEA,EN,Combined TRACON& Tower with Radar,5,9,25,0,39,0,8,7,0,15,5,17,32,0,54,72,0,72,126
06/27/2021,AVP,PA,AEA,EN,Combined TRACON& Tower with Radar,8,13,35,0,56,0,13,19,1,33,8,26,54,1,89,0,0,0,89
06/28/2021,AVP,PA,AEA,EN,Combined TRACON& Tower with Radar,9,13,10,0,32,0,9,27,0,36,9,22,37,0,68,122,0,122,190
06/29/2021,AVP,PA,AEA,EN,Combined TRACON& Tower with Radar,8,19,14,0,41,0,10,29,0,39,8,29,43,0,80,126,0,126,206
06/30/2021,AVP,PA,AEA,EN,Combined TRACON& Tower with Radar,7,23,15,0,45,0,4,12,0,16,7,27,27,0,61,112,0,112,173
07/01/2021,AVP,PA,AEA,EN,Combined TRACON& Tower with Radar,7,17,19,0,43,0,0,4,0,4,7,17,23,0,47,30,0,30,77
07/02/2021,AVP,PA,AEA,EN,Combined TRACON& Tower with Radar,8,18,12,0,38,0,13,7,0,20,8,31,19,0,58,76,0,76,134
07/03/2021,AVP,PA,AEA,EN,Combined TRACON& Tower with Radar,6,15,15,0,36,0,5,7,0,12,6,20,22,0,48,117,0,117,165
07/04/2021,AVP,PA,AEA,EN,Combined TRACON& Tower with Radar,7,9,6,0,22,0,3,9,0,12,7,12,15,0,34,0,0,0,34
07/05/2021,AVP,PA,AEA,EN,Combined TRACON& Tower with Radar,8,10,21,0,39,0,20,57,0,77,8,30,78,0,116,162,0,162,278
07/06/2021,AVP,PA,AEA,EN,Combined TRACON& Tower with Radar,7,21,13,0,41,0,18,35,0,53,7,39,48,0,94,116,0,116,210
07/07/2021,AVP,PA,AEA,EN,Combined TRACON& Tower with Radar,9,20,19,0,48,0,17,29,0,46,9,37,48,0,94,141,0,141,235
07/08/2021,AVP,PA,AEA,EN,Combined TRACON& Tower with Radar,8,18,6,0,32,0,5,4,0,9,8,23,10,0,41,0,0,0,41
07/09/2021,AVP,PA,AEA,EN,Combined TRACON& Tower with Radar,7,20,11,0,38,0,3,9,0,12,7,23,20,0,50,26,0,26,76
07/10/2021,AVP,PA,AEA,EN,Combined TRACON& Tower with Radar,7,14,10,0,31,0,2,12,0,14,7,16,22,0,45,0,0,0,45
07/11/2021,AVP,PA,AEA,EN,Combined TRACON& Tower with Radar,7,12,13,0,32,0,3,5,0,8,7,15,18,0,40,16,0,16,56
07/12/2021,AVP,PA,AEA,EN,Combined TRACON& Tower with Radar,10,17,8,1,36,0,3,3,0,6,10,20,11,1,42,0,0,0,42
07/13/2021,AVP,PA,AEA,EN,Combined TRACON& Tower with Radar,9,23,19,3,54,0,1,22,0,23,9,24,41,3,77,144,0,144,221
07/14/2021,AVP,PA,AEA,EN,Combined TRACON& Tower with Radar,7,18,20,0,45,0,24,28,0,52,7,42,48,0,97,106,0,106,203
07/15/2021,AVP,PA,AEA,EN,Combined TRACON& Tower with Radar,8,21,17,0,46,0,18,56,0,74,8,39,73,0,120,142,0,142,262
07/16/2021,AVP,PA,AEA,EN,Combined TRACON& Tower with Radar,8,18,16,0,42,0,2,9,2,13,8,20,25,2,55,0,0,0,55
07/17/2021,AVP,PA,AEA,EN,Combined TRACON& Tower with Radar,6,18,7,0,31,0,4,13,0,17,6,22,20,0,48,6,0,6,54
07/18/2021,AVP,PA,AEA,EN,Combined TRACON& Tower with Radar,6,16,13,0,35,0,3,0,0,3,6,19,13,0,38,0,0,0,38
07/19/2021,AVP,PA,AEA,EN,Combined TRACON& Tower with Radar,8,18,8,0,34,0,9,23,0,32,8,27,31,0,66,85,0,85,151
07/20/2021,AVP,PA,AEA,EN,Combined TRACON& Tower with Radar,9,27,12,0,48,0,4,10,0,14,9,31,22,0,62,20,0,20,82
07/21/2021,AVP,PA,AEA,EN,Combined TRACON& Tower with Radar,8,16,24,0,48,0,3,12,0,15,8,19,36,0,63,10,0,10,73
07/22/2021,AVP,PA,AEA,EN,Combined TRACON& Tower with Radar,8,22,27,0,57,0,5,34,0,39,8,27,61,0,96,18,0,18,114
07/23/2021,AVP,PA,AEA,EN,Combined TRACON& Tower with Radar,7,25,20,0,52,0,13,36,0,49,7,38,56,0,101,56,0,56,157
07/24/2021,AVP,PA,AEA,EN,Combined TRACON& Tower with Radar,6,17,18,0,41,0,11,42,0,53,6,28,60,0,94,106,0,106,200
07/25/2021,AVP,PA,AEA,EN,Combined TRACON& Tower with Radar,8,16,21,0,45,0,14,10,0,24,8,30,31,0,69,140,0,140,209
07/26/2021,AVP,PA,AEA,EN,Combined TRACON& Tower with Radar,8,10,23,0,41,0,13,32,0,45,8,23,55,0,86,108,0,108,194
07/27/2021,AVP,PA,AEA,EN,Combined TRACON& Tower with Radar,8,16,15,0,39,0,17,36,0,53,8,33,51,0,92,140,0,140,232
07/28/2021,AVP,PA,AEA,EN,Combined TRACON& Tower with Radar,8,15,22,0,45,0,7,31,2,40,8,22,53,2,85,80,0,80,165
07/29/2021,AVP,PA,AEA,EN,Combined TRACON& Tower with Radar,7,16,32,0,55,0,15,16,0,31,7,31,48,0,86,110,0,110,196
07/30/2021,AVP,PA,AEA,EN,Combined TRACON& Tower with Radar,9,19,24,0,52,0,4,22,0,26,9,23,46,0,78,80,0,80,158
07/31/2021,AVP,PA,AEA,EN,Combined TRACON& Tower with Radar,6,13,7,0,26,0,23,43,0,66,6,36,50,0,92,112,0,112,204
08/01/2021,AVP,PA,AEA,EN,Combined TRACON& Tower with Radar,8,13,26,0,47,0,4,10,0,14,8,17,36,0,61,61,0,61,122
08/02/2021,AVP,PA,AEA,EN,Combined TRACON& Tower with Radar,8,16,18,0,42,0,19,34,0,53,8,35,52,0,95,146,0,146,241
08/03/2021,AVP,PA,AEA,EN,Combined TRACON& Tower with Radar,7,20,16,0,43,0,15,50,0,65,7,35,66,0,108,112,0,112,220
08/04/2021,AVP,PA,AEA,EN,Combined TRACON& Tower with Radar,9,21,18,0,48,0,2,28,0,30,9,23,46,0,78,14,0,14,92
08/05/2021,AVP,PA,AEA,EN,Combined TRACON& Tower with Radar,8,21,25,0,54,0,11,31,0,42,8,32,56,0,96,90,0,90,186
08/06/2021,AVP,PA,AEA,EN,Combined TRACON& Tower with Radar,7,21,15,0,43,0,9,19,0,28,7,30,34,0,71,39,0,39,110
08/07/2021,AVP,PA,AEA,EN,Combined TRACON& Tower with Radar,7,12,16,0,35,0,3,9,0,12,7,15,25,0,47,6,0,6,53
08/08/2021,AVP,PA,AEA,EN,Combined TRACON& Tower with Radar,7,10,8,0,25,0,7,28,1,36,7,17,36,1,61,90,0,90,151
08/09/2021,AVP,PA,AEA,EN,Combined TRACON& Tower with Radar,8,9,24,0,41,0,19,53,0,72,8,28,77,0,113,146,0,146,259
08/10/2021,AVP,PA,AEA,EN,Combined TRACON& Tower with Radar,10,14,7,0,31,0,20,16,0,36,10,34,23,0,67,132,0,132,199
08/11/2021,AVP,PA,AEA,EN,Combined TRACON& Tower with Radar,7,17,21,0,45,0,25,27,0,52,7,42,48,0,97,132,0,132,229
08/12/2021,AVP,PA,AEA,EN,Combined TRACON& Tower with Radar,9,21,17,2,49,0,3,23,2,28,9,24,40,4,77,40,0,40,117
08/13/2021,AVP,PA,AEA,EN,Combined TRACON& Tower with Radar,7,17,22,0,46,0,1,38,0,39,7,18,60,0,85,78,0,78,163
08/14/2021,AVP,PA,AEA,EN,Combined TRACON& Tower with Radar,6,17,8,0,31,0,4,29,0,33,6,21,37,0,64,55,0,55,119
08/15/2021,AVP,PA,AEA,EN,Combined TRACON& Tower with Radar,6,11,17,0,34,0,7,38,0,45,6,18,55,0,79,0,0,0,79
08/16/2021,AVP,PA,AEA,EN,Combined TRACON& Tower with Radar,6,13,24,8,51,0,4,35,0,39,6,17,59,8,90,78,0,78,168
08/17/2021,AVP,PA,AEA,EN,Combined TRACON& Tower with Radar,7,28,23,11,69,0,3,4,2,9,7,31,27,13,78,0,0,0,78
08/18/2021,AVP,PA,AEA,EN,Combined TRACON& Tower with Radar,8,15,16,1,40,0,5,5,0,10,8,20,21,1,50,44,0,44,94
08/19/2021,AVP,PA,AEA,EN,Combined TRACON& Tower with Radar,7,31,15,5,58,0,3,8,8,19,7,34,23,13,77,0,0,0,77
08/20/2021,AVP,PA,AEA,EN,Combined TRACON& Tower with Radar,9,17,11,1,38,0,2,12,5,19,9,19,23,6,57,5,0,5,62
08/21/2021,AVP,PA,AEA,EN,Combined TRACON& Tower with Radar,6,15,21,0,42,0,2,9,12,23,6,17,30,12,65,0,0,0,65
08/22/2021,AVP,PA,AEA,EN,Combined TRACON& Tower with Radar,8,19,12,0,39,0,4,4,1,9,8,23,16,1,48,32,0,32,80
08/23/2021,AVP,PA,AEA,EN,Combined TRACON& Tower with Radar,6,16,11,0,33,0,16,25,0,41,6,32,36,0,74,104,0,104,178
08/24/2021,AVP,PA,AEA,EN,Combined TRACON& Tower with Radar,6,16,20,2,44,0,19,47,1,67,6,35,67,3,111,136,0,136,247
08/25/2021,AVP,PA,AEA,EN,Combined TRACON& Tower with Radar,8,18,20,4,50,0,23,53,1,77,8,41,73,5,127,156,0,156,283
08/26/2021,AVP,PA,AEA,EN,Combined TRACON& Tower with Radar,8,24,13,2,47,0,25,47,1,73,8,49,60,3,120,141,0,141,261
08/27/2021,AVP,PA,AEA,EN,Combined TRACON& Tower with Radar,8,22,27,0,57,0,2,18,0,20,8,24,45,0,77,50,0,50,127
08/28/2021,AVP,PA,AEA,EN,Combined TRACON& Tower with Radar,6,16,17,0,39,0,2,2,0,4,6,18,19,0,43,0,0,0,43
08/29/2021,AVP,PA,AEA,EN,Combined TRACON& Tower with Radar,8,20,19,2,49,0,7,1,0,8,8,27,20,2,57,0,0,0,57
08/30/2021,AVP,PA,AEA,EN,Combined TRACON& Tower with Radar,6,18,2,4,30,0,17,24,2,43,6,35,26,6,73,146,0,146,219
08/31/2021,AVP,PA,AEA,EN,Combined TRACON& Tower with Radar,6,23,22,0,51,0,19,44,0,63,6,42,66,0,114,132,0,132,246
09/01/2021,AVP,PA,AEA,EN,Combined TRACON& Tower with Radar,8,17,4,0,29,0,0,0,0,0,8,17,4,0,29,0,0,0,29
09/02/2021,AVP,PA,AEA,EN,Combined TRACON& Tower with Radar,8,19,13,0,40,0,2,9,0,11,8,21,22,0,51,0,0,0,51
09/03/2021,AVP,PA,AEA,EN,Combined TRACON& Tower with Radar,8,17,17,0,42,0,15,11,1,27,8,32,28,1,69,0,0,0,69
09/04/2021,AVP,PA,AEA,EN,Combined TRACON& Tower with Radar,6,12,6,0,24,0,5,42,0,47,6,17,48,0,71,0,0,0,71
09/05/2021,AVP,PA,AEA,EN,Combined TRACON& Tower with Radar,4,9,13,0,26,0,2,2,0,4,4,11,15,0,30,0,0,0,30
09/06/2021,AVP,PA,AEA,EN,Combined TRACON& Tower with Radar,6,11,8,0,25,0,4,15,0,19,6,15,23,0,44,24,0,24,68
09/07/2021,AVP,PA,AEA,EN,Combined TRACON& Tower with Radar,6,13,14,2,35,0,6,22,0,28,6,19,36,2,63,104,0,104,167
09/08/2021,AVP,PA,AEA,EN,Combined TRACON& Tower with Radar,7,16,12,0,35,0,1,14,0,15,7,17,26,0,50,0,0,0,50
09/09/2021,AVP,PA,AEA,EN,Combined TRACON& Tower with Radar,10,19,19,0,48,0,23,24,0,47,10,42,43,0,95,136,0,136,231
09/10/2021,AVP,PA,AEA,EN,Combined TRACON& Tower with Radar,10,12,17,0,39,0,6,28,0,34,10,18,45,0,73,86,2,88,161
09/11/2021,AVP,PA,AEA,EN,Combined TRACON& Tower with Radar,9,16,20,0,45,0,3,32,0,35,9,19,52,0,80,21,0,21,101
09/12/2021,AVP,PA,AEA,EN,Combined TRACON& Tower with Radar,9,12,18,0,39,0,17,25,0,42,9,29,43,0,81,50,0,50,131
09/13/2021,AVP,PA,AEA,EN,Combined TRACON& Tower with Radar,8,11,14,0,33,0,7,12,0,19,8,18,26,0,52,50,0,50,102
09/14/2021,AVP,PA,AEA,EN,Combined TRACON& Tower with Radar,7,18,24,0,49,0,18,25,0,43,7,36,49,0,92,130,0,130,222
09/15/2021,AVP,PA,AEA,EN,Combined TRACON& Tower with Radar,7,11,9,1,28,0,14,14,0,28,7,25,23,1,56,59,0,59,115
09/16/2021,AVP,PA,AEA,EN,Combined TRACON& Tower with Radar,10,17,39,0,66,0,3,9,0,12,10,20,48,0,78,55,0,55,133
09/17/2021,AVP,PA,AEA,EN,Combined TRACON& Tower with Radar,9,21,20,14,64,0,5,1,0,6,9,26,21,14,70,0,0,0,70
09/18/2021,AVP,PA,AEA,EN,Combined TRACON& Tower with Radar,8,18,20,1,47,0,7,13,1,21,8,25,33,2,68,0,0,0,68
09/19/2021,AVP,PA,AEA,EN,Combined TRACON& Tower with Radar,10,15,12,0,37,0,10,35,0,45,10,25,47,0,82,55,0,55,137
09/20/2021,AVP,PA,AEA,EN,Combined TRACON& Tower with Radar,12,14,27,0,53,0,5,36,0,41,12,19,63,0,94,58,0,58,152
09/21/2021,AVP,PA,AEA,EN,Combined TRACON& Tower with Radar,8,18,25,2,53,0,11,14,0,25,8,29,39,2,78,90,0,90,168
09/22/2021,AVP,PA,AEA,EN,Combined TRACON& Tower with Radar,7,19,10,2,38,0,6,5,0,11,7,25,15,2,49,90,0,90,139
09/23/2021,AVP,PA,AEA,EN,Combined TRACON& Tower with Radar,10,16,11,0,37,0,2,6,0,8,10,18,17,0,45,50,0,50,95
09/24/2021,AVP,PA,AEA,EN,Combined TRACON& Tower with Radar,10,22,24,0,56,0,7,25,0,32,10,29,49,0,88,109,0,109,197
09/25/2021,AVP,PA,AEA,EN,Combined TRACON& Tower with Radar,9,14,15,2,40,0,15,23,1,39,9,29,38,3,79,51,0,51,130
09/26/2021,AVP,PA,AEA,EN,Combined TRACON& Tower with Radar,9,14,16,0,39,0,9,16,0,25,9,23,32,0,64,0,0,0,64
09/27/2021,AVP,PA,AEA,EN,Combined TRACON& Tower with Radar,8,16,15,0,39,0,8,23,0,31,8,24,38,0,70,0,0,0,70
09/28/2021,AVP,PA,AEA,EN,Combined TRACON& Tower with Radar,7,18,12,0,37,0,16,21,0,37,7,34,33,0,74,128,0,128,202
09/29/2021,AVP,PA,AEA,EN,Combined TRACON& Tower with Radar,7,16,17,6,46,0,24,31,0,55,7,40,48,6,101,148,0,148,249
09/30/2021,AVP,PA,AEA,EN,Combined TRACON& Tower with Radar,10,19,31,0,60,0,5,18,0,23,10,24,49,0,83,80,0,80,163
10/01/2021,AVP,PA,AEA,EN,Combined TRACON& Tower with Radar,10,23,22,0,55,0,14,40,0,54,10,37,62,0,109,152,0,152,261
10/02/2021,AVP,PA,AEA,EN,Combined TRACON& Tower with Radar,7,12,11,0,30,0,6,34,0,40,7,18,45,0,70,52,0,52,122
10/03/2021,AVP,PA,AEA,EN,Combined TRACON& Tower with Radar,8,15,16,0,39,0,8,9,0,17,8,23,25,0,56,98,0,98,154
10/04/2021,AVP,PA,AEA,EN,Combined TRACON& Tower with Radar,9,14,13,0,36,0,4,4,0,8,9,18,17,0,44,32,0,32,76
10/05/2021,AVP,PA,AEA,EN,Combined TRACON& Tower with Radar,7,17,18,8,50,0,8,7,0,15,7,25,25,8,65,66,0,66,131
10/06/2021,AVP,PA,AEA,EN,Combined TRACON& Tower with Radar,7,19,21,2,49,0,14,6,1,21,7,33,27,3,70,86,0,86,156
10/07/2021,AVP,PA,AEA,EN,Combined TRACON& Tower with Radar,9,14,30,9,62,0,2,19,0,21,9,16,49,9,83,66,0,66,149
10/08/2021,AVP,PA,AEA,EN,Combined TRACON& Tower with Radar,8,19,18,0,45,0,11,12,0,23,8,30,30,0,68,72,0,72,140
10/09/2021,AVP,PA,AEA,EN,Combined TRACON& Tower with Radar,6,13,8,0,27,0,13,6,0,19,6,26,14,0,46,32,0,32,78
10/10/2021,AVP,PA,AEA,EN,Combined TRACON& Tower with Radar,10,12,23,0,45,0,1,0,0,1,10,13,23,0,46,0,0,0,46
10/11/2021,AVP,PA,AEA,EN,Combined TRACON& Tower with Radar,8,10,27,0,45,0,33,27,0,60,8,43,54,0,105,210,0,210,315
10/12/2021,AVP,PA,AEA,EN,Combined TRACON& Tower with Radar,6,23,22,0,51,0,23,24,0,47,6,46,46,0,98,160,0,160,258
10/13/2021,AVP,PA,AEA,EN,Combined TRACON& Tower with Radar,8,19,23,1,51,0,19,20,0,39,8,38,43,1,90,144,0,144,234
10/14/2021,AVP,PA,AEA,EN,Combined TRACON& Tower with Radar,8,21,20,0,49,0,21,48,0,69,8,42,68,0,118,168,0,168,286
10/15/2021,AVP,PA,AEA,EN,Combined TRACON& Tower with Radar,8,18,23,0,49,0,18,29,0,47,8,36,52,0,96,136,0,136,232
10/16/2021,AVP,PA,AEA,EN,Combined TRACON& Tower with Radar,9,15,12,0,36,0,3,2,0,5,9,18,14,0,41,0,0,0,41
10/17/2021,AVP,PA,AEA,EN,Combined TRACON& Tower with Radar,9,17,4,0,30,0,4,4,2,10,9,21,8,2,40,0,0,0,40
10/18/2021,AVP,PA,AEA,EN,Combined TRACON& Tower with Radar,8,15,8,0,31,0,8,6,0,14,8,23,14,0,45,75,0,75,120
10/19/2021,AVP,PA,AEA,EN,Combined TRACON& Tower with Radar,6,19,6,2,33,0,12,22,0,34,6,31,28,2,67,103,0,103,170
10/20/2021,AVP,PA,AEA,EN,Combined TRACON& Tower with Radar,8,20,16,4,48,0,19,30,2,51,8,39,46,6,99,158,0,158,257
10/21/2021,AVP,PA,AEA,EN,Combined TRACON& Tower with Radar,8,23,14,0,45,0,23,44,2,69,8,46,58,2,114,150,0,150,264
10/22/2021,AVP,PA,AEA,EN,Combined TRACON& Tower with Radar,8,20,10,0,38,0,4,7,0,11,8,24,17,0,49,72,0,72,121
10/23/2021,AVP,PA,AEA,EN,Combined TRACON& Tower with Radar,8,11,5,0,24,0,4,9,0,13,8,15,14,0,37,16,0,16,53
10/24/2021,AVP,PA,AEA,EN,Combined TRACON& Tower with Radar,8,14,10,0,32,0,0,4,0,4,8,14,14,0,36,0,0,0,36
10/25/2021,AVP,PA,AEA,EN,Combined TRACON& Tower with Radar,11,15,26,2,54,0,17,43,2,62,11,32,69,4,116,173,4,177,293
10/26/2021,AVP,PA,AEA,EN,Combined TRACON& Tower with Radar,8,27,9,0,44,0,9,10,0,19,8,36,19,0,63,80,0,80,143
10/27/2021,AVP,PA,AEA,EN,Combined TRACON& Tower with Radar,8,17,14,2,41,0,14,26,0,40,8,31,40,2,81,183,0,183,264
10/28/2021,AVP,PA,AEA,EN,Combined TRACON& Tower with Radar,9,18,17,0,44,0,5,39,1,45,9,23,56,1,89,0,0,0,89
10/29/2021,AVP,PA,AEA,EN,Combined TRACON& Tower with Radar,8,19,17,0,44,0,3,0,0,3,8,22,17,0,47,0,0,0,47
10/30/2021,AVP,PA,AEA,EN,Combined TRACON& Tower with Radar,6,15,3,0,24,0,3,2,1,6,6,18,5,1,30,0,0,0,30
10/31/2021,AVP,PA,AEA,EN,Combined TRACON& Tower with Radar,6,13,10,0,29,0,4,1,0,5,6,17,11,0,34,0,0,0,34
11/01/2021,AVP,PA,AEA,EN,Combined TRACON& Tower with Radar,8,13,9,1,31,0,23,39,1,63,8,36,48,2,94,178,0,178,272
11/02/2021,AVP,PA,AEA,EN,Combined TRACON& Tower with Radar,7,19,12,6,44,0,28,38,0,66,7,47,50,6,110,146,6,152,262
11/03/2021,AVP,PA,AEA,EN,Combined TRACON& Tower with Radar,11,18,16,0,45,0,20,34,2,56,11,38,50,2,101,144,0,144,245
11/04/2021,AVP,PA,AEA,EN,Combined TRACON& Tower with Radar,13,9,18,6,46,0,31,55,0,86,13,40,73,6,132,174,0,174,306
11/05/2021,AVP,PA,AEA,EN,Combined TRACON& Tower with Radar,12,13,15,0,40,0,18,30,0,48,12,31,45,0,88,96,0,96,184
11/06/2021,AVP,PA,AEA,EN,Combined TRACON& Tower with Radar,10,7,9,0,26,0,14,36,0,50,10,21,45,0,76,52,0,52,128
11/07/2021,AVP,PA,AEA,EN,Combined TRACON& Tower with Radar,12,6,13,0,31,0,32,47,1,80,12,38,60,1,111,163,0,163,274
11/08/2021,AVP,PA,AEA,EN,Combined TRACON& Tower with Radar,12,7,18,0,37,0,15,11,1,27,12,22,29,1,64,0,0,0,64
11/09/2021,AVP,PA,AEA,EN,Combined TRACON& Tower with Radar,10,8,11,2,31,0,10,33,4,47,10,18,44,6,78,158,0,158,236
11/10/2021,AVP,PA,AEA,EN,Combined TRACON& Tower with Radar,12,13,13,0,38,0,16,29,0,45,12,29,42,0,83,144,0,144,227
11/11/2021,AVP,PA,AEA,EN,Combined TRACON& Tower with Radar,12,12,22,0,46,0,5,27,0,32,12,17,49,0,78,97,0,97,175
11/12/2021,AVP,PA,AEA,EN,Combined TRACON& Tower with Radar,11,11,12,0,34,0,8,18,0,26,11,19,30,0,60,68,0,68,128
11/13/2021,AVP,PA,AEA,EN,Combined TRACON& Tower with Radar,12,5,4,0,21,0,2,2,0,4,12,7,6,0,25,0,0,0,25
11/14/2021,AVP,PA,AEA,EN,Combined TRACON& Tower with Radar,13,10,11,0,34,0,6,26,0,32,13,16,37,0,66,94,0,94,160
11/15/2021,AVP,PA,AEA,EN,Combined TRACON& Tower with Radar,12,11,5,0,28,0,10,7,0,17,12,21,12,0,45,84,0,84,129
11/16/2021,AVP,PA,AEA,EN,Combined TRACON& Tower with Radar,10,9,8,0,27,0,15,38,3,56,10,24,46,3,83,96,0,96,179
11/17/2021,AVP,PA,AEA,EN,Combined TRACON& Tower with Radar,12,11,17,0,40,0,18,30,4,52,12,29,47,4,92,153,0,153,245
11/18/2021,AVP,PA,AEA,EN,Combined TRACON& Tower with Radar,12,13,5,0,30,0,18,35,1,54,12,31,40,1,84,128,0,128,212
11/19/2021,AVP,PA,AEA,EN,Combined TRACON& Tower with Radar,12,19,13,0,44,0,6,5,0,11,12,25,18,0,55,69,0,69,124
11/20/2021,AVP,PA,AEA,EN,Combined TRACON& Tower with Radar,11,8,14,0,33,0,18,55,1,74,11,26,69,1,107,115,0,115,222
11/21/2021,AVP,PA,AEA,EN,Combined TRACON& Tower with Radar,13,9,7,0,29,0,7,13,0,20,13,16,20,0,49,0,0,0,49
11/22/2021,AVP,PA,AEA,EN,Combined TRACON& Tower with Radar,12,8,21,0,41,0,16,27,0,43,12,24,48,0,84,136,0,136,220
11/23/2021,AVP,PA,AEA,EN,Combined TRACON& Tower with Radar,12,20,13,0,45,0,18,24,2,44,12,38,37,2,89,134,0,134,223
11/24/2021,AVP,PA,AEA,EN,Combined TRACON& Tower with Radar,12,9,19,2,42,0,26,73,0,99,12,35,92,2,141,166,0,166,307
11/25/2021,AVP,PA,AEA,EN,Combined TRACON& Tower with Radar,4,2,2,0,8,0,8,11,0,19,4,10,13,0,27,34,0,34,61
11/26/2021,AVP,PA,AEA,EN,Combined TRACON& Tower with Radar,9,6,4,0,19,0,1,2,0,3,9,7,6,0,22,26,0,26,48
11/27/2021,AVP,PA,AEA,EN,Combined TRACON& Tower with Radar,15,5,8,0,28,0,0,4,0,4,15,5,12,0,32,0,0,0,32
11/28/2021,AVP,PA,AEA,EN,Combined TRACON& Tower with Radar,12,4,6,0,22,0,0,0,0,0,12,4,6,0,22,0,0,0,22
11/29/2021,AVP,PA,AEA,EN,Combined TRACON& Tower with Radar,11,12,10,2,35,0,0,3,0,3,11,12,13,2,38,0,0,0,38
11/30/2021,AVP,PA,AEA,EN,Combined TRACON& Tower with Radar,12,10,4,0,26,0,4,12,0,16,12,14,16,0,42,106,0,106,148
12/01/2021,AVP,PA,AEA,EN,Combined TRACON& Tower with Radar,12,12,28,1,53,0,25,37,1,63,12,37,65,2,116,125,0,125,241
12/02/2021,AVP,PA,AEA,EN,Combined TRACON& Tower with Radar,12,10,14,0,36,0,3,11,0,14,12,13,25,0,50,40,2,42,92
12/03/2021,AVP,PA,AEA,EN,Combined TRACON& Tower with Radar,12,9,17,0,38,0,8,17,0,25,12,17,34,0,63,56,0,56,119
12/04/2021,AVP,PA,AEA,EN,Combined TRACON& Tower with Radar,11,15,2,0,28,0,13,28,1,42,11,28,30,1,70,96,0,96,166
12/05/2021,AVP,PA,AEA,EN,Combined TRACON& Tower with Radar,13,10,14,0,37,0,15,30,0,45,13,25,44,0,82,114,0,114,196
12/06/2021,AVP,PA,AEA,EN,Combined TRACON& Tower with Radar,10,19,7,0,36,0,4,4,0,8,10,23,11,0,44,56,0,56,100
12/07/2021,AVP,PA,AEA,EN,Combined TRACON& Tower with Radar,10,12,26,0,48,0,25,23,0,48,10,37,49,0,96,134,0,134,230
12/08/2021,AVP,PA,AEA,EN,Combined TRACON& Tower with Radar,12,15,15,0,42,0,17,27,0,44,12,32,42,0,86,150,0,150,236
12/09/2021,AVP,PA,AEA,EN,Combined TRACON& Tower with Radar,12,13,8,0,33,0,24,34,0,58,12,37,42,0,91,138,0,138,229
12/10/2021,AVP,PA,AEA,EN,Combined TRACON& Tower with Radar,12,15,12,0,39,0,7,14,2,23,12,22,26,2,62,0,0,0,62
12/11/2021,AVP,PA,AEA,EN,Combined TRACON& Tower with Radar,16,7,1,0,24,0,1,2,0,3,16,8,3,0,27,20,4,24,51
12/12/2021,AVP,PA,AEA,EN,Combined TRACON& Tower with Radar,12,8,15,0,35,0,7,30,0,37,12,15,45,0,72,45,0,45,117
12/13/2021,AVP,PA,AEA,EN,Combined TRACON& Tower with Radar,10,17,25,0,52,0,19,26,0,45,10,36,51,0,97,144,0,144,241
12/14/2021,AVP,PA,AEA,EN,Combined TRACON& Tower with Radar,10,16,20,0,46,0,16,39,2,57,10,32,59,2,103,164,0,164,267
12/15/2021,AVP,PA,AEA,EN,Combined TRACON& Tower with Radar,12,12,18,0,42,0,19,24,0,43,12,31,42,0,85,172,0,172,257
12/16/2021,AVP,PA,AEA,EN,Combined TRACON& Tower with Radar,12,15,21,0,48,0,15,24,2,41,12,30,45,2,89,148,0,148,237
12/17/2021,AVP,PA,AEA,EN,Combined TRACON& Tower with Radar,13,20,25,0,58,0,6,35,0,41,13,26,60,0,99,78,0,78,177
12/18/2021,AVP,PA,AEA,EN,Combined TRACON& Tower with Radar,11,9,7,0,27,0,1,0,0,1,11,10,7,0,28,0,0,0,28
12/19/2021,AVP,PA,AEA,EN,Combined TRACON& Tower with Radar,12,10,4,0,26,0,2,0,0,2,12,12,4,0,28,0,0,0,28
12/20/2021,AVP,PA,AEA,EN,Combined TRACON& Tower with Radar,12,7,20,0,39,0,14,65,2,81,12,21,85,2,120,160,0,160,280
12/21/2021,AVP,PA,AEA,EN,Combined TRACON& Tower with Radar,12,19,20,2,53,0,16,60,0,76,12,35,80,2,129,176,0,176,305
12/22/2021,AVP,PA,AEA,EN,Combined TRACON& Tower with Radar,14,14,10,0,38,0,11,15,0,26,14,25,25,0,64,60,0,60,124
12/23/2021,AVP,PA,AEA,EN,Combined TRACON& Tower with Radar,12,15,15,1,43,0,16,41,0,57,12,31,56,1,100,213,0,213,313
12/24/2021,AVP,PA,AEA,EN,Combined TRACON& Tower with Radar,10,12,2,0,24,0,9,13,0,22,10,21,15,0,46,14,0,14,60
12/25/2021,AVP,PA,AEA,EN,Combined TRACON& Tower with Radar,12,8,3,0,23,0,1,0,0,1,12,9,3,0,24,0,0,0,24
12/26/2021,AVP,PA,AEA,EN,Combined TRACON& Tower with Radar,14,6,6,0,26,0,8,13,0,21,14,14,19,0,47,80,0,80,127
12/27/2021,AVP,PA,AEA,EN,Combined TRACON& Tower with Radar,12,13,3,4,32,0,13,14,0,27,12,26,17,4,59,96,20,116,175
12/28/2021,AVP,PA,AEA,EN,Combined TRACON& Tower with Radar,12,11,17,1,41,0,12,30,2,44,12,23,47,3,85,136,0,136,221
12/29/2021,AVP,PA,AEA,EN,Combined TRACON& Tower with Radar,12,12,8,0,32,0,14,19,0,33,12,26,27,0,65,148,0,148,213
12/30/2021,AVP,PA,AEA,EN,Combined TRACON& Tower with Radar,16,10,5,0,31,0,0,0,0,0,16,10,5,0,31,0,0,0,31
12/31/2021,AVP,PA,AEA,EN,Combined TRACON& Tower with Radar,8,10,8,0,26,0,2,0,0,2,8,12,8,0,28,0,0,0,28
01/01/2022,AVP,PA,AEA,EN,Combined TRACON& Tower with Radar,11,10,0,0,21,0,0,0,0,0,11,10,0,0,21,0,0,0,21
01/02/2022,AVP,PA,AEA,EN,Combined TRACON& Tower with Radar,12,10,3,0,25,0,3,3,0,6,12,13,6,0,31,58,0,58,89
01/03/2022,AVP,PA,AEA,EN,Combined TRACON& Tower with Radar,11,9,4,6,30,0,12,17,4,33,11,21,21,10,63,98,0,98,161
01/04/2022,AVP,PA,AEA,EN,Combined TRACON& Tower with Radar,7,13,13,1,34,0,4,36,0,40,7,17,49,1,74,136,0,136,210
01/05/2022,AVP,PA,AEA,EN,Combined TRACON& Tower with Radar,6,15,14,0,35,0,3,7,0,10,6,18,21,0,45,0,0,0,45
01/06/2022,AVP,PA,AEA,EN,Combined TRACON& Tower with Radar,6,15,15,1,37,0,5,12,1,18,6,20,27,2,55,24,0,24,79
01/07/2022,AVP,PA,AEA,EN,Combined TRACON& Tower with Radar,6,12,6,0,24,0,4,0,0,4,6,16,6,0,28,0,0,0,28
01/08/2022,AVP,PA,AEA,EN,Combined TRACON& Tower with Radar,4,11,25,0,40,0,4,27,0,31,4,15,52,0,71,24,0,24,95
01/09/2022,AVP,PA,AEA,EN,Combined TRACON& Tower with Radar,6,10,1,0,17,0,2,0,0,2,6,12,1,0,19,0,0,0,19
01/10/2022,AVP,PA,AEA,EN,Combined TRACON& Tower with Radar,6,14,10,0,30,0,5,8,1,14,6,19,18,1,44,0,0,0,44
01/11/2022,AVP,PA,AEA,EN,Combined TRACON& Tower with Radar,6,15,18,0,39,0,4,20,0,24,6,19,38,0,63,0,0,0,63
01/12/2022,AVP,PA,AEA,EN,Combined TRACON& Tower with Radar,6,15,15,0,36,0,15,37,0,52,6,30,52,0,88,168,0,168,256
01/13/2022,AVP,PA,AEA,EN,Combined TRACON& Tower with Radar,6,15,10,0,31,0,8,20,0,28,6,23,30,0,59,0,0,0,59
01/14/2022,AVP,PA,AEA,EN,Combined TRACON& Tower with Radar,6,12,8,0,26,0,22,17,0,39,6,34,25,0,65,132,0,132,197
01/15/2022,AVP,PA,AEA,EN,Combined TRACON& Tower with Radar,4,10,16,0,30,0,8,20,0,28,4,18,36,0,58,86,0,86,144
01/16/2022,AVP,PA,AEA,EN,Combined TRACON& Tower with Radar,0,5,0,0,5,0,2,8,0,10,0,7,8,0,15,0,0,0,15
01/17/2022,AVP,PA,AEA,EN,Combined TRACON& Tower with Radar,2,5,3,0,10,0,2,0,0,2,2,7,3,0,12,0,0,0,12
01/18/2022,AVP,PA,AEA,EN,Combined TRACON& Tower with Radar,6,16,9,1,32,0,14,16,3,33,6,30,25,4,65,76,0,76,141
01/19/2022,AVP,PA,AEA,EN,Combined TRACON& Tower with Radar,6,13,12,0,31,0,15,30,1,46,6,28,42,1,77,98,0,98,175
01/20/2022,AVP,PA,AEA,EN,Combined TRACON& Tower with Radar,6,22,4,0,32,0,12,11,0,23,6,34,15,0,55,92,0,92,147
01/21/2022,AVP,PA,AEA,EN,Combined TRACON& Tower with Radar,6,17,12,0,35,0,23,35,1,59,6,40,47,1,94,134,0,134,228
01/22/2022,AVP,PA,AEA,EN,Combined TRACON& Tower with Radar,2,9,18,0,29,0,9,33,0,42,2,18,51,0,71,20,0,20,91
01/23/2022,AVP,PA,AEA,EN,Combined TRACON& Tower with Radar,6,8,9,0,23,0,11,19,0,30,6,19,28,0,53,160,0,160,213
01/24/2022,AVP,PA,AEA,EN,Combined TRACON& Tower with Radar,6,14,6,0,26,0,15,23,0,38,6,29,29,0,64,90,0,90,154
01/25/2022,AVP,PA,AEA,EN,Combined TRACON& Tower with Radar,6,13,10,0,29,0,12,15,0,27,6,25,25,0,56,112,0,112,168
01/26/2022,AVP,PA,AEA,EN,Combined TRACON& Tower with Radar,6,13,16,3,38,0,17,19,2,38,6,30,35,5,76,108,0,108,184
01/27/2022,AVP,PA,AEA,EN,Combined TRACON& Tower with Radar,6,14,8,0,28,0,18,41,0,59,6,32,49,0,87,117,0,117,204
01/28/2022,AVP,PA,AEA,EN,Combined TRACON& Tower with Radar,6,14,4,1,25,0,6,8,0,14,6,20,12,1,39,70,0,70,109
01/29/2022,AVP,PA,AEA,EN,Combined TRACON& Tower with Radar,4,12,2,0,18,0,0,4,0,4,4,12,6,0,22,40,0,40,62
01/30/2022,AVP,PA,AEA,EN,Combined TRACON& Tower with Radar,6,16,7,0,29,0,12,13,1,26,6,28,20,1,55,82,0,82,137
01/31/2022,AVP,PA,AEA,EN,Combined TRACON& Tower with Radar,6,21,10,0,37,0,12,24,0,36,6,33,34,0,73,86,0,86,159
02/01/2022,AVP,PA,AEA,EN,Combined TRACON& Tower with Radar,6,14,21,2,43,0,24,29,0,53,6,38,50,2,96,178,0,178,274
02/02/2022,AVP,PA,AEA,EN,Combined TRACON& Tower with Radar,6,10,13,0,29,0,0,1,0,1,6,10,14,0,30,0,0,0,30
02/03/2022,AVP,PA,AEA,EN,Combined TRACON& Tower with Radar,4,9,0,0,13,0,0,0,0,0,4,9,0,0,13,0,0,0,13
02/04/2022,AVP,PA,AEA,EN,Combined TRACON& Tower with Radar,0,7,1,0,8,0,0,0,0,0,0,7,1,0,8,0,0,0,8
02/05/2022,AVP,PA,AEA,EN,Combined TRACON& Tower with Radar,3,10,4,0,17,0,2,6,0,8,3,12,10,0,25,30,0,30,55
02/06/2022,AVP,PA,AEA,EN,Combined TRACON& Tower with Radar,4,13,10,0,27,0,8,31,0,39,4,21,41,0,66,60,0,60,126
02/07/2022,AVP,PA,AEA,EN,Combined TRACON& Tower with Radar,5,13,2,0,20,0,1,2,0,3,5,14,4,0,23,0,0,0,23
02/08/2022,AVP,PA,AEA,EN,Combined TRACON& Tower with Radar,6,11,4,0,21,0,2,4,0,6,6,13,8,0,27,0,0,0,27
02/09/2022,AVP,PA,AEA,EN,Combined TRACON& Tower with Radar,6,20,22,0,48,0,11,76,2,89,6,31,98,2,137,186,0,186,323
02/10/2022,AVP,PA,AEA,EN,Combined TRACON& Tower with Radar,6,12,11,2,31,0,4,20,1,25,6,16,31,3,56,0,0,0,56
02/11/2022,AVP,PA,AEA,EN,Combined TRACON& Tower with Radar,6,14,15,0,35,0,8,24,0,32,6,22,39,0,67,0,0,0,67
02/12/2022,AVP,PA,AEA,EN,Combined TRACON& Tower with Radar,4,10,4,0,18,0,14,21,0,35,4,24,25,0,53,154,0,154,207
02/13/2022,AVP,PA,AEA,EN,Combined TRACON& Tower with Radar,6,7,2,0,15,0,0,1,0,1,6,7,3,0,16,0,0,0,16
02/14/2022,AVP,PA,AEA,EN,Combined TRACON& Tower with Radar,6,10,13,3,32,0,13,15,3,31,6,23,28,6,63,122,0,122,185
02/15/2022,AVP,PA,AEA,EN,Combined TRACON& Tower with Radar,6,12,23,6,47,0,8,36,0,44,6,20,59,6,91,100,2,102,193
02/16/2022,AVP,PA,AEA,EN,Combined TRACON& Tower with Radar,6,14,9,2,31,0,4,13,0,17,6,18,22,2,48,0,0,0,48
02/17/2022,AVP,PA,AEA,EN,Combined TRACON& Tower with Radar,6,13,13,0,32,0,4,2,0,6,6,17,15,0,38,0,0,0,38
02/18/2022,AVP,PA,AEA,EN,Combined TRACON& Tower with Radar,6,15,7,0,28,0,4,3,0,7,6,19,10,0,35,0,0,0,35
02/19/2022,AVP,PA,AEA,EN,Combined TRACON& Tower with Radar,8,11,4,0,23,0,0,3,0,3,8,11,7,0,26,0,0,0,26
02/20/2022,AVP,PA,AEA,EN,Combined TRACON& Tower with Radar,6,13,14,0,33,0,0,25,0,25,6,13,39,0,58,0,0,0,58
02/21/2022,AVP,PA,AEA,EN,Combined TRACON& Tower with Radar,6,17,19,0,42,0,15,40,0,55,6,32,59,0,97,142,0,142,239
02/22/2022,AVP,PA,AEA,EN,Combined TRACON& Tower with Radar,6,20,18,0,44,0,10,14,0,24,6,30,32,0,68,114,0,114,182
02/23/2022,AVP,PA,AEA,EN,Combined TRACON& Tower with Radar,6,18,8,0,32,0,16,15,0,31,6,34,23,0,63,96,0,96,159
02/24/2022,AVP,PA,AEA,EN,Combined TRACON& Tower with Radar,5,16,13,1,35,0,18,25,3,46,5,34,38,4,81,160,0,160,241
02/25/2022,AVP,PA,AEA,EN,Combined TRACON& Tower with Radar,7,11,4,0,22,0,0,4,0,4,7,11,8,0,26,40,0,40,66
02/26/2022,AVP,PA,AEA,EN,Combined TRACON& Tower with Radar,4,12,17,0,33,0,4,17,0,21,4,16,34,0,54,76,0,76,130
02/27/2022,AVP,PA,AEA,EN,Combined TRACON& Tower with Radar,6,15,5,0,26,0,0,6,0,6,6,15,11,0,32,20,0,20,52
02/28/2022,AVP,PA,AEA,EN,Combined TRACON& Tower with Radar,6,11,18,0,35,0,13,33,0,46,6,24,51,0,81,162,0,162,243
03/01/2022,AVP,PA,AEA,EN,Combined TRACON& Tower with Radar,6,13,5,0,24,0,8,25,0,33,6,21,30,0,57,88,0,88,145
03/02/2022,AVP,PA,AEA,EN,Combined TRACON& Tower with Radar,6,19,11,0,36,0,16,50,0,66,6,35,61,0,102,150,0,150,252
03/03/2022,AVP,PA,AEA,EN,Combined TRACON& Tower with Radar,7,11,11,0,29,0,7,10,0,17,7,18,21,0,46,0,0,0,46
03/04/2022,AVP,PA,AEA,EN,Combined TRACON& Tower with Radar,10,9,18,0,37,0,4,47,0,51,10,13,65,0,88,33,0,33,121
03/05/2022,AVP,PA,AEA,EN,Combined TRACON& Tower with Radar,6,6,11,0,23,0,14,28,0,42,6,20,39,0,65,164,0,164,229
03/06/2022,AVP,PA,AEA,EN,Combined TRACON& Tower with Radar,12,8,1,0,21,0,6,6,0,12,12,14,7,0,33,0,0,0,33
03/07/2022,AVP,PA,AEA,EN,Combined TRACON& Tower with Radar,13,10,7,0,30,0,9,11,0,20,13,19,18,0,50,106,0,106,156
03/08/2022,AVP,PA,AEA,EN,Combined TRACON& Tower with Radar,13,13,9,0,35,0,15,32,0,47,13,28,41,0,82,150,0,150,232
03/09/2022,AVP,PA,AEA,EN,Combined TRACON& Tower with Radar,10,10,2,0,22,0,7,0,0,7,10,17,2,0,29,36,0,36,65
03/10/2022,AVP,PA,AEA,EN,Combined TRACON& Tower with Radar,12,9,25,0,46,0,13,34,2,49,12,22,59,2,95,146,0,146,241
03/11/2022,AVP,PA,AEA,EN,Combined TRACON& Tower with Radar,12,13,9,0,34,0,21,25,0,46,12,34,34,0,80,143,0,143,223
03/12/2022,AVP,PA,AEA,EN,Combined TRACON& Tower with Radar,7,5,2,0,14,0,1,0,0,1,7,6,2,0,15,0,0,0,15
03/13/2022,AVP,PA,AEA,EN,Combined TRACON& Tower with Radar,12,7,2,0,21,0,6,2,0,8,12,13,4,0,29,0,0,0,29
03/14/2022,AVP,PA,AEA,EN,Combined TRACON& Tower with Radar,11,12,9,0,32,0,10,18,0,28,11,22,27,0,60,0,0,0,60
03/15/2022,AVP,PA,AEA,EN,Combined TRACON& Tower with Radar,10,12,22,1,45,0,10,19,0,29,10,22,41,1,74,0,0,0,74
03/16/2022,AVP,PA,AEA,EN,Combined TRACON& Tower with Radar,10,15,21,8,54,0,17,63,2,82,10,32,84,10,136,166,0,166,302
03/17/2022,AVP,PA,AEA,EN,Combined TRACON& Tower with Radar,14,12,13,1,40,0,14,23,0,37,14,26,36,1,77,104,0,104,181
03/18/2022,AVP,PA,AEA,EN,Combined TRACON& Tower with Radar,10,28,18,0,56,0,1,17,0,18,10,29,35,0,74,50,0,50,124
03/19/2022,AVP,PA,AEA,EN,Combined TRACON& Tower with Radar,8,7,2,0,17,0,4,5,0,9,8,11,7,0,26,46,0,46,72
03/20/2022,AVP,PA,AEA,EN,Combined TRACON& Tower with Radar,10,15,11,0,36,0,0,0,2,2,10,15,11,2,38,0,0,0,38
03/21/2022,AVP,PA,AEA,EN,Combined TRACON& Tower with Radar,12,8,10,0,30,0,14,31,0,45,12,22,41,0,75,176,0,176,251
03/22/2022,AVP,PA,AEA,EN,Combined TRACON& Tower with Radar,10,17,29,0,56,0,20,27,0,47,10,37,56,0,103,122,0,122,225
03/23/2022,AVP,PA,AEA,EN,Combined TRACON& Tower with Radar,10,11,14,4,39,0,4,24,4,32,10,15,38,8,71,39,1,40,111
03/24/2022,AVP,PA,AEA,EN,Combined TRACON& Tower with Radar,9,14,12,2,37,0,0,6,0,6,9,14,18,2,43,24,0,24,67
03/25/2022,AVP,PA,AEA,EN,Combined TRACON& Tower with Radar,11,10,12,0,33,0,0,7,0,7,11,10,19,0,40,0,0,0,40
03/26/2022,AVP,PA,AEA,EN,Combined TRACON& Tower with Radar,8,7,0,0,15,0,2,1,0,3,8,9,1,0,18,0,0,0,18
03/27/2022,AVP,PA,AEA,EN,Combined TRACON& Tower with Radar,7,9,3,0,19,0,2,2,0,4,7,11,5,0,23,0,0,0,23
03/28/2022,AVP,PA,AEA,EN,Combined TRACON& Tower with Radar,11,13,9,0,33,0,2,5,0,7,11,15,14,0,40,0,0,0,40
03/29/2022,AVP,PA,AEA,EN,Combined TRACON& Tower with Radar,10,15,13,0,38,0,9,16,4,29,10,24,29,4,67,68,0,68,135
03/30/2022,AVP,PA,AEA,EN,Combined TRACON& Tower with Radar,10,15,11,0,36,0,18,25,0,43,10,33,36,0,79,136,0,136,215
03/31/2022,AVP,PA,AEA,EN,Combined TRACON& Tower with Radar,12,15,13,0,40,0,2,0,0,2,12,17,13,0,42,0,0,0,42
04/01/2022,AVP,PA,AEA,EN,Combined TRACON& Tower with Radar,10,13,5,2,30,0,4,2,0,6,10,17,7,2,36,0,0,0,36
04/02/2022,AVP,PA,AEA,EN,Combined TRACON& Tower with Radar,6,8,21,0,35,0,2,21,0,23,6,10,42,0,58,0,0,0,58
04/03/2022,AVP,PA,AEA,EN,Combined TRACON& Tower with Radar,8,7,8,0,23,0,0,2,0,2,8,7,10,0,25,0,0,0,25
04/04/2022,AVP,PA,AEA,EN,Combined TRACON& Tower with Radar,10,18,14,0,42,0,22,26,1,49,10,40,40,1,91,146,0,146,237
04/05/2022,AVP,PA,AEA,EN,Combined TRACON& Tower with Radar,10,19,16,2,47,0,17,36,0,53,10,36,52,2,100,174,0,174,274
04/06/2022,AVP,PA,AEA,EN,Combined TRACON& Tower with Radar,10,19,15,5,49,0,7,10,0,17,10,26,25,5,66,134,0,134,200
04/07/2022,AVP,PA,AEA,EN,Combined TRACON& Tower with Radar,9,15,11,0,35,0,11,13,0,24,9,26,24,0,59,92,0,92,151
04/08/2022,AVP,PA,AEA,EN,Combined TRACON& Tower with Radar,9,13,9,1,32,0,7,12,1,20,9,20,21,2,52,0,0,0,52
04/09/2022,AVP,PA,AEA,EN,Combined TRACON& Tower with Radar,6,12,5,0,23,0,7,3,0,10,6,19,8,0,33,0,0,0,33
04/10/2022,AVP,PA,AEA,EN,Combined TRACON& Tower with Radar,10,10,15,0,35,0,8,3,0,11,10,18,18,0,46,0,0,0,46
04/11/2022,AVP,PA,AEA,EN,Combined TRACON& Tower with Radar,9,11,14,2,36,0,19,44,3,66,9,30,58,5,102,188,0,188,290
04/12/2022,AVP,PA,AEA,EN,Combined TRACON& Tower with Radar,10,16,20,1,47,0,5,17,3,25,10,21,37,4,72,0,0,0,72
04/13/2022,AVP,PA,AEA,EN,Combined TRACON& Tower with Radar,10,14,19,0,43,0,16,60,0,76,10,30,79,0,119,152,2,154,273
04/14/2022,AVP,PA,AEA,EN,Combined TRACON& Tower with Radar,10,12,13,4,39,0,16,24,0,40,10,28,37,4,79,184,0,184,263
04/15/2022,AVP,PA,AEA,EN,Combined TRACON& Tower with Radar,10,12,8,0,30,0,4,19,0,23,10,16,27,0,53,6,0,6,59
04/16/2022,AVP,PA,AEA,EN,Combined TRACON& Tower with Radar,8,10,16,0,34,0,1,4,0,5,8,11,20,0,39,0,0,0,39
04/17/2022,AVP,PA,AEA,EN,Combined TRACON& Tower with Radar,10,8,1,0,19,0,1,3,0,4,10,9,4,0,23,0,0,0,23
04/18/2022,AVP,PA,AEA,EN,Combined TRACON& Tower with Radar,10,14,4,0,28,0,3,5,0,8,10,17,9,0,36,0,0,0,36
04/19/2022,AVP,PA,AEA,EN,Combined TRACON& Tower with Radar,10,17,5,0,32,0,2,1,0,3,10,19,6,0,35,0,0,0,35
04/20/2022,AVP,PA,AEA,EN,Combined TRACON& Tower with Radar,10,17,25,1,53,0,17,39,1,57,10,34,64,2,110,136,0,136,246
04/21/2022,AVP,PA,AEA,EN,Combined TRACON& Tower with Radar,10,13,8,0,31,0,14,22,0,36,10,27,30,0,67,150,0,150,217
04/22/2022,AVP,PA,AEA,EN,Combined TRACON& Tower with Radar,10,14,11,1,36,0,15,25,1,41,10,29,36,2,77,0,0,0,77
04/23/2022,AVP,PA,AEA,EN,Combined TRACON& Tower with Radar,8,11,15,0,34,0,9,38,1,48,8,20,53,1,82,0,0,0,82
04/24/2022,AVP,PA,AEA,EN,Combined TRACON& Tower with Radar,8,17,9,0,34,0,10,17,0,27,8,27,26,0,61,0,0,0,61
04/25/2022,AVP,PA,AEA,EN,Combined TRACON& Tower with Radar,10,12,12,0,34,0,9,7,0,16,10,21,19,0,50,0,0,0,50
04/26/2022,AVP,PA,AEA,EN,Combined TRACON& Tower with Radar,12,22,18,0,52,0,9,6,0,15,12,31,24,0,67,80,0,80,147
04/27/2022,AVP,PA,AEA,EN,Combined TRACON& Tower with Radar,10,14,15,0,39,0,12,6,0,18,10,26,21,0,57,72,0,72,129
04/28/2022,AVP,PA,AEA,EN,Combined TRACON& Tower with Radar,9,18,10,0,37,0,15,17,0,32,9,33,27,0,69,110,0,110,179
04/29/2022,AVP,PA,AEA,EN,Combined TRACON& Tower with Radar,11,12,6,0,29,0,6,8,0,14,11,18,14,0,43,0,0,0,43
04/30/2022,AVP,PA,AEA,EN,Combined TRACON& Tower with Radar,10,13,17,0,40,0,4,49,0,53,10,17,66,0,93,0,0,0,93
05/01/2022,AVP,PA,AEA,EN,Combined TRACON& Tower with Radar,8,8,16,0,32,0,4,12,0,16,8,12,28,0,48,0,0,0,48
05/02/2022,AVP,PA,AEA,EN,Combined TRACON& Tower with Radar,9,10,10,0,29,0,4,5,0,9,9,14,15,0,38,0,0,0,38
05/03/2022,AVP,PA,AEA,EN,Combined TRACON& Tower with Radar,10,16,21,0,47,0,4,30,0,34,10,20,51,0,81,0,0,0,81
05/04/2022,AVP,PA,AEA,EN,Combined TRACON& Tower with Radar,11,15,5,0,31,0,10,19,0,29,11,25,24,0,60,94,0,94,154
05/05/2022,AVP,PA,AEA,EN,Combined TRACON& Tower with Radar,9,15,15,0,39,0,23,52,0,75,9,38,67,0,114,180,0,180,294
05/06/2022,AVP,PA,AEA,EN,Combined TRACON& Tower with Radar,10,18,16,0,44,0,2,0,0,2,10,20,16,0,46,0,0,0,46
05/07/2022,AVP,PA,AEA,EN,Combined TRACON& Tower with Radar,9,11,10,0,30,0,2,4,0,6,9,13,14,0,36,36,2,38,74
05/08/2022,AVP,PA,AEA,EN,Combined TRACON& Tower with Radar,14,8,3,0,25,0,2,19,0,21,14,10,22,0,46,0,0,0,46
05/09/2022,AVP,PA,AEA,EN,Combined TRACON& Tower with Radar,9,12,19,0,40,0,2,30,2,34,9,14,49,2,74,0,0,0,74
05/10/2022,AVP,PA,AEA,EN,Combined TRACON& Tower with Radar,9,17,20,3,49,0,16,30,4,50,9,33,50,7,99,156,0,156,255
05/11/2022,AVP,PA,AEA,EN,Combined TRACON& Tower with Radar,8,26,33,0,67,0,8,39,1,48,8,34,72,1,115,0,0,0,115
05/12/2022,AVP,PA,AEA,EN,Combined TRACON& Tower with Radar,10,22,11,0,43,0,8,21,0,29,10,30,32,0,72,0,0,0,72
05/13/2022,AVP,PA,AEA,EN,Combined TRACON& Tower with Radar,11,20,26,0,57,0,0,8,0,8,11,20,34,0,65,46,2,48,113
05/14/2022,AVP,PA,AEA,EN,Combined TRACON& Tower with Radar,11,10,8,2,31,0,11,23,0,34,11,21,31,2,65,172,0,172,237
05/15/2022,AVP,PA,AEA,EN,Combined TRACON& Tower with Radar,11,11,10,0,32,0,20,22,0,42,11,31,32,0,74,164,0,164,238
05/16/2022,AVP,PA,AEA,EN,Combined TRACON& Tower with Radar,10,11,11,0,32,0,13,16,0,29,10,24,27,0,61,124,0,124,185
05/17/2022,AVP,PA,AEA,EN,Combined TRACON& Tower with Radar,7,16,9,0,32,0,7,23,0,30,7,23,32,0,62,54,0,54,116
05/18/2022,AVP,PA,AEA,EN,Combined TRACON& Tower with Radar,9,13,18,0,40,0,15,31,2,48,9,28,49,2,88,92,0,92,180
05/19/2022,AVP,PA,AEA,EN,Combined TRACON& Tower with Radar,10,12,17,1,40,0,23,20,1,44,10,35,37,2,84,146,0,146,230
05/20/2022,AVP,PA,AEA,EN,Combined TRACON& Tower with Radar,9,15,17,0,41,0,8,27,1,36,9,23,44,1,77,128,0,128,205
05/21/2022,AVP,PA,AEA,EN,Combined TRACON& Tower with Radar,12,10,13,0,35,0,12,26,0,38,12,22,39,0,73,0,0,0,73
05/22/2022,AVP,PA,AEA,EN,Combined TRACON& Tower with Radar,10,12,9,0,31,0,4,12,0,16,10,16,21,0,47,0,0,0,47
05/23/2022,AVP,PA,AEA,EN,Combined TRACON& Tower with Radar,10,13,16,2,41,0,1,15,1,17,10,14,31,3,58,0,0,0,58
05/24/2022,AVP,PA,AEA,EN,Combined TRACON& Tower with Radar,9,14,17,0,40,0,3,16,0,19,9,17,33,0,59,0,0,0,59
05/25/2022,AVP,PA,AEA,EN,Combined TRACON& Tower with Radar,8,15,19,0,42,0,4,30,2,36,8,19,49,2,78,0,0,0,78
05/26/2022,AVP,PA,AEA,EN,Combined TRACON& Tower with Radar,10,17,24,6,57,0,5,6,0,11,10,22,30,6,68,0,0,0,68
05/27/2022,AVP,PA,AEA,EN,Combined TRACON& Tower with Radar,11,12,17,0,40,0,8,10,0,18,11,20,27,0,58,52,2,54,112
05/28/2022,AVP,PA,AEA,EN,Combined TRACON& Tower with Radar,11,10,4,0,25,0,7,0,0,7,11,17,4,0,32,0,0,0,32
05/29/2022,AVP,PA,AEA,EN,Combined TRACON& Tower with Radar,9,8,19,0,36,0,4,36,0,40,9,12,55,0,76,0,0,0,76
05/30/2022,AVP,PA,AEA,EN,Combined TRACON& Tower with Radar,11,9,12,0,32,0,12,18,0,30,11,21,30,0,62,111,0,111,173
05/31/2022,AVP,PA,AEA,EN,Combined TRACON& Tower with Radar,8,17,14,0,39,0,18,32,2,52,8,35,46,2,91,174,0,174,265
06/01/2022,AVP,PA,AEA,EN,Combined TRACON& Tower with Radar,7,21,9,0,37,0,14,23,0,37,7,35,32,0,74,174,0,174,248
06/02/2022,AVP,PA,AEA,EN,Combined TRACON& Tower with Radar,11,17,12,0,40,2,12,24,0,38,13,29,36,0,78,126,0,126,204
06/03/2022,AVP,PA,AEA,EN,Combined TRACON& Tower with Radar,13,13,14,1,41,0,16,43,1,60,13,29,57,2,101,140,0,140,241
06/04/2022,AVP,PA,AEA,EN,Combined TRACON& Tower with Radar,11,10,11,0,32,0,15,43,0,58,11,25,54,0,90,128,0,128,218
06/05/2022,AVP,PA,AEA,EN,Combined TRACON& Tower with Radar,10,15,11,2,38,0,7,18,0,25,10,22,29,2,63,88,0,88,151
06/06/2022,AVP,PA,AEA,EN,Combined TRACON& Tower with Radar,12,14,18,0,44,0,6,22,2,30,12,20,40,2,74,68,0,68,142
06/07/2022,AVP,PA,AEA,EN,Combined TRACON& Tower with Radar,13,20,10,2,45,0,9,22,0,31,13,29,32,2,76,90,0,90,166
06/08/2022,AVP,PA,AEA,EN,Combined TRACON& Tower with Radar,13,15,15,0,43,0,14,36,1,51,13,29,51,1,94,140,0,140,234
06/09/2022,AVP,PA,AEA,EN,Combined TRACON& Tower with Radar,12,14,16,2,44,0,9,5,2,16,12,23,21,4,60,0,0,0,60
06/10/2022,AVP,PA,AEA,EN,Combined TRACON& Tower with Radar,12,14,7,4,37,0,21,29,0,50,12,35,36,4,87,136,0,136,223
06/11/2022,AVP,PA,AEA,EN,Combined TRACON& Tower with Radar,10,11,14,0,35,0,7,24,2,33,10,18,38,2,68,68,2,70,138
06/12/2022,AVP,PA,AEA,EN,Combined TRACON& Tower with Radar,10,10,13,0,33,0,0,6,0,6,10,10,19,0,39,66,2,68,107
06/13/2022,AVP,PA,AEA,EN,Combined TRACON& Tower with Radar,12,14,10,2,38,0,14,22,1,37,12,28,32,3,75,56,0,56,131
06/14/2022,AVP,PA,AEA,EN,Combined TRACON& Tower with Radar,14,19,12,2,47,0,9,37,0,46,14,28,49,2,93,88,0,88,181
06/15/2022,AVP,PA,AEA,EN,Combined TRACON& Tower with Radar,12,13,14,0,39,0,7,22,0,29,12,20,36,0,68,0,0,0,68
06/16/2022,AVP,PA,AEA,EN,Combined TRACON& Tower with Radar,7,13,19,0,39,0,3,0,0,3,7,16,19,0,42,0,0,0,42
06/17/2022,AVP,PA,AEA,EN,Combined TRACON& Tower with Radar,7,20,14,0,41,0,6,22,0,28,7,26,36,0,69,0,0,0,69
06/18/2022,AVP,PA,AEA,EN,Combined TRACON& Tower with Radar,9,10,7,0,26,0,13,11,0,24,9,23,18,0,50,112,0,112,162
06/19/2022,AVP,PA,AEA,EN,Combined TRACON& Tower with Radar,11,19,4,0,34,0,8,14,0,22,11,27,18,0,56,104,2,106,162
06/20/2022,AVP,PA,AEA,EN,Combined TRACON& Tower with Radar,12,14,12,0,38,0,8,34,0,42,12,22,46,0,80,51,0,51,131
06/21/2022,AVP,PA,AEA,EN,Combined TRACON& Tower with Radar,11,11,16,0,38,0,15,20,0,35,11,26,36,0,73,87,0,87,160
06/22/2022,AVP,PA,AEA,EN,Combined TRACON& Tower with Radar,10,8,23,0,41,0,5,11,0,16,10,13,34,0,57,60,0,60,117
06/23/2022,AVP,PA,AEA,EN,Combined TRACON& Tower with Radar,11,18,34,0,63,0,7,43,0,50,11,25,77,0,113,93,0,93,206
06/24/2022,AVP,PA,AEA,EN,Combined TRACON& Tower with Radar,12,12,6,0,30,0,9,23,0,32,12,21,29,0,62,80,0,80,142
06/25/2022,AVP,PA,AEA,EN,Combined TRACON& Tower with Radar,13,14,12,2,41,0,10,27,0,37,13,24,39,2,78,113,0,113,191
06/26/2022,AVP,PA,AEA,EN,Combined TRACON& Tower with Radar,15,13,16,2,46,0,9,19,0,28,15,22,35,2,74,120,0,120,194
06/27/2022,AVP,PA,AEA,EN,Combined TRACON& Tower with Radar,11,17,29,0,57,0,17,36,0,53,11,34,65,0,110,139,0,139,249
06/28/2022,AVP,PA,AEA,EN,Combined TRACON& Tower with Radar,13,12,13,0,38,0,16,63,0,79,13,28,76,0,117,138,0,138,255
06/29/2022,AVP,PA,AEA,EN,Combined TRACON& Tower with Radar,12,14,25,0,51,0,13,35,0,48,12,27,60,0,99,178,0,178,277
06/30/2022,AVP,PA,AEA,EN,Combined TRACON& Tower with Radar,12,15,14,0,41,0,18,37,0,55,12,33,51,0,96,174,0,174,270
07/01/2022,AVP,PA,AEA,EN,Combined TRACON& Tower with Radar,9,12,13,0,34,0,17,76,0,93,9,29,89,0,127,296,0,296,423
07/02/2022,AVP,PA,AEA,EN,Combined TRACON& Tower with Radar,11,11,6,0,28,0,9,22,0,31,11,20,28,0,59,64,0,64,123
07/03/2022,AVP,PA,AEA,EN,Combined TRACON& Tower with Radar,8,9,4,0,21,0,7,23,1,31,8,16,27,1,52,62,0,62,114
07/04/2022,AVP,PA,AEA,EN,Combined TRACON& Tower with Radar,10,9,6,0,25,0,11,25,0,36,10,20,31,0,61,129,0,129,190
07/05/2022,AVP,PA,AEA,EN,Combined TRACON& Tower with Radar,7,14,5,0,26,0,18,35,0,53,7,32,40,0,79,88,0,88,167
07/06/2022,AVP,PA,AEA,EN,Combined TRACON& Tower with Radar,7,16,15,4,42,0,14,38,0,52,7,30,53,4,94,140,0,140,234
07/07/2022,AVP,PA,AEA,EN,Combined TRACON& Tower with Radar,9,13,29,0,51,0,21,37,0,58,9,34,66,0,109,144,0,144,253
07/08/2022,AVP,PA,AEA,EN,Combined TRACON& Tower with Radar,11,17,13,0,41,0,10,11,0,21,11,27,24,0,62,68,0,68,130
07/09/2022,AVP,PA,AEA,EN,Combined TRACON& Tower with Radar,8,13,14,0,35,0,14,39,0,53,8,27,53,0,88,108,0,108,196
07/10/2022,AVP,PA,AEA,EN,Combined TRACON& Tower with Radar,9,14,16,4,43,0,18,60,0,78,9,32,76,4,121,170,0,170,291
07/11/2022,AVP,PA,AEA,EN,Combined TRACON& Tower with Radar,11,10,8,2,31,0,15,42,2,59,11,25,50,4,90,205,0,205,295
07/12/2022,AVP,PA,AEA,EN,Combined TRACON& Tower with Radar,8,16,9,6,39,0,16,11,0,27,8,32,20,6,66,118,0,118,184
07/13/2022,AVP,PA,AEA,EN,Combined TRACON& Tower with Radar,8,17,12,2,39,0,28,48,0,76,8,45,60,2,115,156,0,156,271
07/14/2022,AVP,PA,AEA,EN,Combined TRACON& Tower with Radar,10,14,6,2,32,0,12,46,0,58,10,26,52,2,90,130,0,130,220
07/15/2022,AVP,PA,AEA,EN,Combined TRACON& Tower with Radar,10,17,12,0,39,0,8,27,0,35,10,25,39,0,74,102,0,102,176
07/16/2022,AVP,PA,AEA,EN,Combined TRACON& Tower with Radar,7,10,20,0,37,0,3,22,0,25,7,13,42,0,62,116,0,116,178
07/17/2022,AVP,PA,AEA,EN,Combined TRACON& Tower with Radar,11,8,16,1,36,0,5,17,0,22,11,13,33,1,58,184,0,184,242
07/18/2022,AVP,PA,AEA,EN,Combined TRACON& Tower with Radar,18,13,16,0,47,0,5,8,0,13,18,18,24,0,60,114,0,114,174
07/19/2022,AVP,PA,AEA,EN,Combined TRACON& Tower with Radar,8,13,25,4,50,0,17,37,1,55,8,30,62,5,105,146,0,146,251
07/20/2022,AVP,PA,AEA,EN,Combined TRACON& Tower with Radar,8,14,16,2,40,0,13,47,0,60,8,27,63,2,100,163,0,163,263
07/21/2022,AVP,PA,AEA,EN,Combined TRACON& Tower with Radar,12,17,29,2,60,0,7,20,0,27,12,24,49,2,87,61,0,61,148
07/22/2022,AVP,PA,AEA,EN,Combined TRACON& Tower with Radar,10,20,31,2,63,0,6,29,1,36,10,26,60,3,99,110,0,110,209
07/23/2022,AVP,PA,AEA,EN,Combined TRACON& Tower with Radar,8,15,21,0,44,0,2,15,0,17,8,17,36,0,61,0,0,0,61
07/24/2022,AVP,PA,AEA,EN,Combined TRACON& Tower with Radar,14,12,31,0,57,0,8,12,0,20,14,20,43,0,77,204,0,204,281
07/25/2022,AVP,PA,AEA,EN,Combined TRACON& Tower with Radar,10,17,12,1,40,0,13,7,0,20,10,30,19,1,60,122,0,122,182
07/26/2022,AVP,PA,AEA,EN,Combined TRACON& Tower with Radar,8,14,22,2,46,0,15,41,0,56,8,29,63,2,102,119,0,119,221
07/27/2022,AVP,PA,AEA,EN,Combined TRACON& Tower with Radar,8,15,15,0,38,0,21,29,0,50,8,36,44,0,88,116,0,116,204
07/28/2022,AVP,PA,AEA,EN,Combined TRACON& Tower with Radar,10,18,12,0,40,0,6,5,0,11,10,24,17,0,51,102,0,102,153
07/29/2022,AVP,PA,AEA,EN,Combined TRACON& Tower with Radar,9,19,9,0,37,0,12,27,1,40,9,31,36,1,77,100,2,102,179
07/30/2022,AVP,PA,AEA,EN,Combined TRACON& Tower with Radar,9,10,13,0,32,0,7,39,0,46,9,17,52,0,78,73,0,73,151
07/31/2022,AVP,PA,AEA,EN,Combined TRACON& Tower with Radar,8,9,14,0,31,0,10,34,0,44,8,19,48,0,75,96,0,96,171
08/01/2022,AVP,PA,AEA,EN,Combined TRACON& Tower with Radar,10,13,15,0,38,0,8,25,0,33,10,21,40,0,71,113,0,113,184
08/02/2022,AVP,PA,AEA,EN,Combined TRACON& Tower with Radar,7,15,12,5,39,0,25,17,0,42,7,40,29,5,81,156,0,156,237
08/03/2022,AVP,PA,AEA,EN,Combined TRACON& Tower with Radar,9,7,16,0,32,0,17,28,0,45,9,24,44,0,77,222,0,222,299
08/04/2022,AVP,PA,AEA,EN,Combined TRACON& Tower with Radar,8,17,8,4,37,0,21,31,0,52,8,38,39,4,89,153,0,153,242
08/05/2022,AVP,PA,AEA,EN,Combined TRACON& Tower with Radar,5,17,10,0,32,0,6,20,0,26,5,23,30,0,58,102,4,106,164
08/06/2022,AVP,PA,AEA,EN,Combined TRACON& Tower with Radar,6,10,11,0,27,0,9,28,0,37,6,19,39,0,64,110,0,110,174
08/07/2022,AVP,PA,AEA,EN,Combined TRACON& Tower with Radar,10,6,13,0,29,0,7,6,0,13,10,13,19,0,42,92,0,92,134
08/08/2022,AVP,PA,AEA,EN,Combined TRACON& Tower with Radar,11,10,7,0,28,0,13,25,1,39,11,23,32,1,67,172,0,172,239
08/09/2022,AVP,PA,AEA,EN,Combined TRACON& Tower with Radar,10,13,21,0,44,0,14,33,0,47,10,27,54,0,91,190,0,190,281
08/10/2022,AVP,PA,AEA,EN,Combined TRACON& Tower with Radar,8,12,17,0,37,0,0,29,0,29,8,12,46,0,66,72,0,72,138
08/11/2022,AVP,PA,AEA,EN,Combined TRACON& Tower with Radar,10,13,19,0,42,0,12,37,2,51,10,25,56,2,93,54,0,54,147
08/12/2022,AVP,PA,AEA,EN,Combined TRACON& Tower with Radar,9,14,16,0,39,0,9,44,0,53,9,23,60,0,92,145,0,145,237
08/13/2022,AVP,PA,AEA,EN,Combined TRACON& Tower with Radar,11,10,8,0,29,0,12,29,0,41,11,22,37,0,70,170,0,170,240
08/14/2022,AVP,PA,AEA,EN,Combined TRACON& Tower with Radar,10,12,15,0,37,0,8,34,0,42,10,20,49,0,79,0,0,0,79
08/15/2022,AVP,PA,AEA,EN,Combined TRACON& Tower with Radar,9,10,8,1,28,0,10,16,1,27,9,20,24,2,55,184,0,184,239
08/16/2022,AVP,PA,AEA,EN,Combined TRACON& Tower with Radar,11,20,3,0,34,0,18,28,0,46,11,38,31,0,80,233,0,233,313
08/17/2022,AVP,PA,AEA,EN,Combined TRACON& Tower with Radar,10,15,15,0,40,0,15,31,1,47,10,30,46,1,87,57,0,57,144
08/18/2022,AVP,PA,AEA,EN,Combined TRACON& Tower with Radar,9,18,9,4,40,0,8,26,2,36,9,26,35,6,76,179,0,179,255
08/19/2022,AVP,PA,AEA,EN,Combined TRACON& Tower with Radar,10,16,9,0,35,0,14,34,0,48,10,30,43,0,83,82,0,82,165
08/20/2022,AVP,PA,AEA,EN,Combined TRACON& Tower with Radar,10,19,5,0,34,0,11,27,0,38,10,30,32,0,72,74,0,74,146
08/21/2022,AVP,PA,AEA,EN,Combined TRACON& Tower with Radar,11,15,17,0,43,0,11,14,0,25,11,26,31,0,68,160,0,160,228
08/22/2022,AVP,PA,AEA,EN,Combined TRACON& Tower with Radar,10,14,13,4,41,0,16,10,0,26,10,30,23,4,67,62,0,62,129
08/23/2022,AVP,PA,AEA,EN,Combined TRACON& Tower with Radar,8,15,14,0,37,0,6,14,0,20,8,21,28,0,57,149,0,149,206
08/24/2022,AVP,PA,AEA,EN,Combined TRACON& Tower with Radar,11,13,23,2,49,0,6,27,0,33,11,19,50,2,82,0,0,0,82
08/25/2022,AVP,PA,AEA,EN,Combined TRACON& Tower with Radar,10,13,15,1,39,0,11,19,1,31,10,24,34,2,70,0,0,0,70
08/26/2022,AVP,PA,AEA,EN,Combined TRACON& Tower with Radar,11,15,13,0,39,0,4,4,0,8,11,19,17,0,47,0,0,0,47
08/27/2022,AVP,PA,AEA,EN,Combined TRACON& Tower with Radar,10,9,9,12,40,0,9,26,1,36,10,18,35,13,76,0,0,0,76
08/28/2022,AVP,PA,AEA,EN,Combined TRACON& Tower with Radar,10,11,20,0,41,0,28,13,0,41,10,39,33,0,82,76,0,76,158
08/29/2022,AVP,PA,AEA,EN,Combined TRACON& Tower with Radar,10,10,10,2,32,0,18,18,0,36,10,28,28,2,68,78,0,78,146
08/30/2022,AVP,PA,AEA,EN,Combined TRACON& Tower with Radar,10,15,5,2,32,0,0,9,0,9,10,15,14,2,41,0,0,0,41
08/31/2022,AVP,PA,AEA,EN,Combined TRACON& Tower with Radar,11,21,13,5,50,0,9,15,1,25,11,30,28,6,75,0,0,0,75
09/01/2022,AVP,PA,AEA,EN,Combined TRACON& Tower with Radar,7,20,16,0,43,0,7,20,0,27,7,27,36,0,70,0,0,0,70
09/02/2022,AVP,PA,AEA,EN,Combined TRACON& Tower with Radar,9,14,18,0,41,0,5,21,0,26,9,19,39,0,67,0,0,0,67
09/03/2022,AVP,PA,AEA,EN,Combined TRACON& Tower with Radar,8,13,9,0,30,0,18,16,0,34,8,31,25,0,64,36,0,36,100
09/04/2022,AVP,PA,AEA,EN,Combined TRACON& Tower with Radar,7,8,6,0,21,0,4,9,0,13,7,12,15,0,34,0,0,0,34
09/05/2022,AVP,PA,AEA,EN,Combined TRACON& Tower with Radar,11,10,8,0,29,0,1,0,0,1,11,11,8,0,30,0,0,0,30
09/06/2022,AVP,PA,AEA,EN,Combined TRACON& Tower with Radar,9,19,12,0,40,0,5,0,0,5,9,24,12,0,45,0,0,0,45
09/07/2022,AVP,PA,AEA,EN,Combined TRACON& Tower with Radar,9,15,14,0,38,0,8,4,0,12,9,23,18,0,50,46,0,46,96
09/08/2022,AVP,PA,AEA,EN,Combined TRACON& Tower with Radar,10,13,13,0,36,0,7,36,1,44,10,20,49,1,80,120,0,120,200
09/09/2022,AVP,PA,AEA,EN,Combined TRACON& Tower with Radar,9,15,11,0,35,0,9,55,2,66,9,24,66,2,101,118,0,118,219
09/10/2022,AVP,PA,AEA,EN,Combined TRACON& Tower with Radar,9,12,20,6,47,0,9,45,0,54,9,21,65,6,101,32,2,34,135
09/11/2022,AVP,PA,AEA,EN,Combined TRACON& Tower with Radar,7,9,10,0,26,0,6,7,0,13,7,15,17,0,39,52,0,52,91
09/12/2022,AVP,PA,AEA,EN,Combined TRACON& Tower with Radar,10,13,10,1,34,0,2,0,0,2,10,15,10,1,36,0,0,0,36
09/13/2022,AVP,PA,AEA,EN,Combined TRACON& Tower with Radar,9,13,20,0,42,0,2,7,0,9,9,15,27,0,51,0,0,0,51
09/14/2022,AVP,PA,AEA,EN,Combined TRACON& Tower with Radar,8,14,26,0,48,0,6,38,0,44,8,20,64,0,92,0,0,0,92
09/15/2022,AVP,PA,AEA,EN,Combined TRACON& Tower with Radar,10,18,25,2,55,0,6,30,0,36,10,24,55,2,91,0,0,0,91
09/16/2022,AVP,PA,AEA,EN,Combined TRACON& Tower with Radar,7,15,14,0,36,0,10,33,0,43,7,25,47,0,79,0,0,0,79
09/17/2022,AVP,PA,AEA,EN,Combined TRACON& Tower with Radar,4,13,13,0,30,0,7,23,0,30,4,20,36,0,60,0,0,0,60
09/18/2022,AVP,PA,AEA,EN,Combined TRACON& Tower with Radar,9,14,14,0,37,0,5,36,0,41,9,19,50,0,78,0,0,0,78
09/19/2022,AVP,PA,AEA,EN,Combined TRACON& Tower with Radar,6,17,10,1,34,0,5,8,1,14,6,22,18,2,48,0,0,0,48
09/20/2022,AVP,PA,AEA,EN,Combined TRACON& Tower with Radar,8,14,16,2,40,0,6,24,0,30,8,20,40,2,70,0,0,0,70
09/21/2022,AVP,PA,AEA,EN,Combined TRACON& Tower with Radar,6,14,13,5,38,0,10,12,1,23,6,24,25,6,61,0,0,0,61
09/22/2022,AVP,PA,AEA,EN,Combined TRACON& Tower with Radar,7,16,18,1,42,0,4,2,0,6,7,20,20,1,48,0,0,0,48
09/23/2022,AVP,PA,AEA,EN,Combined TRACON& Tower with Radar,9,20,8,0,37,0,8,12,2,22,9,28,20,2,59,0,0,0,59
09/24/2022,AVP,PA,AEA,EN,Combined TRACON& Tower with Radar,8,10,13,0,31,0,8,35,1,44,8,18,48,1,75,0,0,0,75
09/25/2022,AVP,PA,AEA,EN,Combined TRACON& Tower with Radar,8,12,5,0,25,0,12,7,0,19,8,24,12,0,44,0,0,0,44
09/26/2022,AVP,PA,AEA,EN,Combined TRACON& Tower with Radar,11,11,19,8,49,0,4,8,2,14,11,15,27,10,63,0,0,0,63
09/27/2022,AVP,PA,AEA,EN,Combined TRACON& Tower with Radar,9,18,14,0,41,0,6,8,0,14,9,24,22,0,55,42,0,42,97
09/28/2022,AVP,PA,AEA,EN,Combined TRACON& Tower with Radar,8,26,16,0,50,0,10,13,0,23,8,36,29,0,73,46,0,46,119
09/29/2022,AVP,PA,AEA,EN,Combined TRACON& Tower with Radar,9,12,9,0,30,0,6,20,0,26,9,18,29,0,56,28,0,28,84
09/30/2022,AVP,PA,AEA,EN,Combined TRACON& Tower with Radar,10,14,15,0,39,0,21,33,0,54,10,35,48,0,93,22,0,22,115
10/01/2022,AVP,PA,AEA,EN,Combined TRACON& Tower with Radar,9,9,1,0,19,0,9,2,0,11,9,18,3,0,30,22,0,22,52
10/02/2022,AVP,PA,AEA,EN,Combined TRACON& Tower with Radar,9,7,7,0,23,0,8,8,0,16,9,15,15,0,39,54,0,54,93
10/03/2022,AVP,PA,AEA,EN,Combined TRACON& Tower with Radar,10,9,18,0,37,0,12,18,0,30,10,21,36,0,67,0,0,0,67
10/04/2022,AVP,PA,AEA,EN,Combined TRACON& Tower with Radar,9,10,8,0,27,0,2,0,0,2,9,12,8,0,29,0,0,0,29
10/05/2022,AVP,PA,AEA,EN,Combined TRACON& Tower with Radar,8,12,19,0,39,0,4,0,0,4,8,16,19,0,43,0,0,0,43
10/06/2022,AVP,PA,AEA,EN,Combined TRACON& Tower with Radar,10,11,35,2,58,0,6,28,1,35,10,17,63,3,93,19,0,19,112
10/07/2022,AVP,PA,AEA,EN,Combined TRACON& Tower with Radar,10,12,21,0,43,0,2,28,0,30,10,14,49,0,73,76,0,76,149
10/08/2022,AVP,PA,AEA,EN,Combined TRACON& Tower with Radar,10,9,4,0,23,0,2,12,0,14,10,11,16,0,37,0,0,0,37
10/09/2022,AVP,PA,AEA,EN,Combined TRACON& Tower with Radar,11,9,10,0,30,0,4,16,0,20,11,13,26,0,50,0,0,0,50
10/10/2022,AVP,PA,AEA,EN,Combined TRACON& Tower with Radar,13,12,17,0,42,0,3,21,0,24,13,15,38,0,66,44,0,44,110
10/11/2022,AVP,PA,AEA,EN,Combined TRACON& Tower with Radar,8,11,21,1,41,0,12,55,0,67,8,23,76,1,108,68,0,68,176
10/12/2022,AVP,PA,AEA,EN,Combined TRACON& Tower with Radar,8,17,12,0,37,0,11,28,0,39,8,28,40,0,76,84,0,84,160
10/13/2022,AVP,PA,AEA,EN,Combined TRACON& Tower with Radar,10,14,5,0,29,0,3,0,0,3,10,17,5,0,32,0,0,0,32
10/14/2022,AVP,PA,AEA,EN,Combined TRACON& Tower with Radar,10,10,19,0,39,0,9,22,0,31,10,19,41,0,70,58,0,58,128
10/15/2022,AVP,PA,AEA,EN,Combined TRACON& Tower with Radar,12,14,8,0,34,0,3,18,0,21,12,17,26,0,55,16,0,16,71
10/16/2022,AVP,PA,AEA,EN,Combined TRACON& Tower with Radar,11,7,17,0,35,0,1,25,0,26,11,8,42,0,61,40,0,40,101
10/17/2022,AVP,PA,AEA,EN,Combined TRACON& Tower with Radar,10,9,23,0,42,0,8,5,0,13,10,17,28,0,55,26,0,26,81
10/18/2022,AVP,PA,AEA,EN,Combined TRACON& Tower with Radar,9,14,20,0,43,0,5,19,0,24,9,19,39,0,67,15,0,15,82
10/19/2022,AVP,PA,AEA,EN,Combined TRACON& Tower with Radar,8,15,15,0,38,0,8,9,0,17,8,23,24,0,55,16,0,16,71
10/20/2022,AVP,PA,AEA,EN,Combined TRACON& Tower with Radar,10,13,17,2,42,0,6,15,0,21,10,19,32,2,63,6,0,6,69
10/21/2022,AVP,PA,AEA,EN,Combined TRACON& Tower with Radar,9,10,11,0,30,0,7,29,1,37,9,17,40,1,67,18,0,18,85
10/22/2022,AVP,PA,AEA,EN,Combined TRACON& Tower with Radar,13,12,7,0,32,0,12,14,0,26,13,24,21,0,58,36,0,36,94
10/23/2022,AVP,PA,AEA,EN,Combined TRACON& Tower with Radar,8,8,10,0,26,0,8,1,2,11,8,16,11,2,37,20,0,20,57
10/24/2022,AVP,PA,AEA,EN,Combined TRACON& Tower with Radar,13,13,13,0,39,0,0,0,0,0,13,13,13,0,39,19,0,19,58
10/25/2022,AVP,PA,AEA,EN,Combined TRACON& Tower with Radar,13,16,18,3,50,0,4,1,1,6,13,20,19,4,56,0,0,0,56
10/26/2022,AVP,PA,AEA,EN,Combined TRACON& Tower with Radar,12,21,15,2,50,0,7,2,1,10,12,28,17,3,60,0,0,0,60
10/27/2022,AVP,PA,AEA,EN,Combined TRACON& Tower with Radar,9,18,26,0,53,0,3,8,0,11,9,21,34,0,64,0,0,0,64
10/28/2022,AVP,PA,AEA,EN,Combined TRACON& Tower with Radar,11,18,16,0,45,0,4,12,0,16,11,22,28,0,61,0,0,0,61
10/29/2022,AVP,PA,AEA,EN,Combined TRACON& Tower with Radar,8,9,11,0,28,0,5,36,0,41,8,14,47,0,69,0,0,0,69
10/30/2022,AVP,PA,AEA,EN,Combined TRACON& Tower with Radar,9,9,16,0,34,0,0,36,0,36,9,9,52,0,70,30,0,30,100
10/31/2022,AVP,PA,AEA,EN,Combined TRACON& Tower with Radar,9,11,11,6,37,0,0,13,0,13,9,11,24,6,50,12,0,12,62
11/01/2022,AVP,PA,AEA,EN,Combined TRACON& Tower with Radar,10,13,12,1,36,0,1,0,1,2,10,14,12,2,38,0,0,0,38
11/02/2022,AVP,PA,AEA,EN,Combined TRACON& Tower with Radar,8,16,24,1,49,0,4,24,0,28,8,20,48,1,77,0,0,0,77
11/03/2022,AVP,PA,AEA,EN,Combined TRACON& Tower with Radar,10,11,12,0,33,0,9,26,0,35,10,20,38,0,68,59,0,59,127
11/04/2022,AVP,PA,AEA,EN,Combined TRACON& Tower with Radar,11,10,8,0,29,0,8,28,0,36,11,18,36,0,65,44,0,44,109
11/05/2022,AVP,PA,AEA,EN,Combined TRACON& Tower with Radar,8,4,1,2,15,0,0,10,0,10,8,4,11,2,25,20,0,20,45
11/06/2022,AVP,PA,AEA,EN,Combined TRACON& Tower with Radar,12,6,20,0,38,0,2,0,2,4,12,8,20,2,42,0,0,0,42
11/07/2022,AVP,PA,AEA,EN,Combined TRACON& Tower with Radar,10,7,15,0,32,0,3,21,0,24,10,10,36,0,56,18,0,18,74
11/08/2022,AVP,PA,AEA,EN,Combined TRACON& Tower with Radar,10,8,13,0,31,0,2,18,1,21,10,10,31,1,52,0,0,0,52
11/09/2022,AVP,PA,AEA,EN,Combined TRACON& Tower with Radar,10,11,17,2,40,0,2,46,1,49,10,13,63,3,89,36,0,36,125
11/10/2022,AVP,PA,AEA,EN,Combined TRACON& Tower with Radar,10,10,15,0,35,0,4,30,2,36,10,14,45,2,71,30,0,30,101
11/11/2022,AVP,PA,AEA,EN,Combined TRACON& Tower with Radar,11,8,11,0,30,0,0,0,0,0,11,8,11,0,30,0,0,0,30
11/12/2022,AVP,PA,AEA,EN,Combined TRACON& Tower with Radar,8,7,5,0,20,0,0,1,0,1,8,7,6,0,21,0,0,0,21
11/13/2022,AVP,PA,AEA,EN,Combined TRACON& Tower with Radar,12,7,6,0,25,0,2,3,0,5,12,9,9,0,30,0,0,0,30
11/14/2022,AVP,PA,AEA,EN,Combined TRACON& Tower with Radar,10,10,15,1,36,0,4,16,1,21,10,14,31,2,57,0,0,0,57
11/15/2022,AVP,PA,AEA,EN,Combined TRACON& Tower with Radar,11,7,13,0,31,0,2,13,4,19,11,9,26,4,50,0,0,0,50
11/16/2022,AVP,PA,AEA,EN,Combined TRACON& Tower with Radar,10,8,9,0,27,0,4,0,0,4,10,12,9,0,31,0,0,0,31
11/17/2022,AVP,PA,AEA,EN,Combined TRACON& Tower with Radar,10,17,2,0,29,0,9,10,0,19,10,26,12,0,48,46,0,46,94
11/18/2022,AVP,PA,AEA,EN,Combined TRACON& Tower with Radar,9,15,10,0,34,0,6,14,0,20,9,21,24,0,54,70,2,72,126
11/19/2022,AVP,PA,AEA,EN,Combined TRACON& Tower with Radar,10,6,12,0,28,0,12,19,0,31,10,18,31,0,59,48,0,48,107
11/20/2022,AVP,PA,AEA,EN,Combined TRACON& Tower with Radar,13,7,4,0,24,0,7,8,0,15,13,14,12,0,39,0,0,0,39
11/21/2022,AVP,PA,AEA,EN,Combined TRACON& Tower with Radar,9,10,13,0,32,0,4,21,0,25,9,14,34,0,57,0,0,0,57
11/22/2022,AVP,PA,AEA,EN,Combined TRACON& Tower with Radar,11,13,25,0,49,0,18,34,0,52,11,31,59,0,101,54,0,54,155
11/23/2022,AVP,PA,AEA,EN,Combined TRACON& Tower with Radar,10,11,4,0,25,0,8,32,0,40,10,19,36,0,65,39,0,39,104
11/24/2022,AVP,PA,AEA,EN,Combined TRACON& Tower with Radar,4,7,4,0,15,0,7,21,0,28,4,14,25,0,43,36,0,36,79
11/25/2022,AVP,PA,AEA,EN,Combined TRACON& Tower with Radar,8,8,5,0,21,0,12,1,0,13,8,20,6,0,34,0,0,0,34
11/26/2022,AVP,PA,AEA,EN,Combined TRACON& Tower with Radar,11,7,8,0,26,0,1,26,0,27,11,8,34,0,53,0,0,0,53
11/27/2022,AVP,PA,AEA,EN,Combined TRACON& Tower with Radar,14,5,6,0,25,0,4,0,0,4,14,9,6,0,29,0,0,0,29
11/28/2022,AVP,PA,AEA,EN,Combined TRACON& Tower with Radar,10,5,4,0,19,0,3,3,0,6,10,8,7,0,25,0,0,0,25
11/29/2022,AVP,PA,AEA,EN,Combined TRACON& Tower with Radar,11,14,22,1,48,0,12,25,4,41,11,26,47,5,89,92,0,92,181
11/30/2022,AVP,PA,AEA,EN,Combined TRACON& Tower with Radar,9,9,6,0,24,0,0,0,0,0,9,9,6,0,24,0,0,0,24
12/01/2022,AVP,PA,AEA,EN,Combined TRACON& Tower with Radar,10,9,3,1,23,0,6,7,0,13,10,15,10,1,36,0,0,0,36
12/02/2022,AVP,PA,AEA,EN,Combined TRACON& Tower with Radar,11,9,8,0,28,0,6,26,0,32,11,15,34,0,60,64,2,66,126
12/03/2022,AVP,PA,AEA,EN,Combined TRACON& Tower with Radar,7,5,1,0,13,0,2,0,0,2,7,7,1,0,15,0,0,0,15
12/04/2022,AVP,PA,AEA,EN,Combined TRACON& Tower with Radar,12,6,5,0,23,0,8,11,0,19,12,14,16,0,42,6,0,6,48
12/05/2022,AVP,PA,AEA,EN,Combined TRACON& Tower with Radar,11,10,11,0,32,0,5,23,0,28,11,15,34,0,60,6,0,6,66
12/06/2022,AVP,PA,AEA,EN,Combined TRACON& Tower with Radar,9,9,16,0,34,0,1,0,0,1,9,10,16,0,35,0,0,0,35
12/07/2022,AVP,PA,AEA,EN,Combined TRACON& Tower with Radar,11,10,11,4,36,0,2,0,0,2,11,12,11,4,38,0,0,0,38
12/08/2022,AVP,PA,AEA,EN,Combined TRACON& Tower with Radar,10,15,7,0,32,0,5,2,2,9,10,20,9,2,41,0,0,0,41
12/09/2022,AVP,PA,AEA,EN,Combined TRACON& Tower with Radar,10,14,13,2,39,0,15,38,0,53,10,29,51,2,92,78,0,78,170
12/10/2022,AVP,PA,AEA,EN,Combined TRACON& Tower with Radar,9,7,12,0,28,0,10,30,0,40,9,17,42,0,68,0,0,0,68
12/11/2022,AVP,PA,AEA,EN,Combined TRACON& Tower with Radar,10,9,1,0,20,0,2,0,0,2,10,11,1,0,22,0,0,0,22
12/12/2022,AVP,PA,AEA,EN,Combined TRACON& Tower with Radar,10,17,9,0,36,0,9,1,0,10,10,26,10,0,46,0,0,0,46
12/13/2022,AVP,PA,AEA,EN,Combined TRACON& Tower with Radar,11,9,20,0,40,0,11,31,2,44,11,20,51,2,84,0,0,0,84
12/14/2022,AVP,PA,AEA,EN,Combined TRACON& Tower with Radar,9,13,11,0,33,0,9,15,0,24,9,22,26,0,57,0,0,0,57
12/15/2022,AVP,PA,AEA,EN,Combined TRACON& Tower with Radar,10,8,2,0,20,0,2,0,0,2,10,10,2,0,22,0,0,0,22
12/16/2022,AVP,PA,AEA,EN,Combined TRACON& Tower with Radar,13,9,2,0,24,0,0,0,0,0,13,9,2,0,24,0,0,0,24
12/17/2022,AVP,PA,AEA,EN,Combined TRACON& Tower with Radar,16,8,1,0,25,0,4,1,0,5,16,12,2,0,30,0,0,0,30
12/18/2022,AVP,PA,AEA,EN,Combined TRACON& Tower with Radar,10,4,3,0,17,0,6,7,0,13,10,10,10,0,30,0,0,0,30
12/19/2022,AVP,PA,AEA,EN,Combined TRACON& Tower with Radar,10,5,2,0,17,0,4,6,1,11,10,9,8,1,28,23,0,23,51
12/20/2022,AVP,PA,AEA,EN,Combined TRACON& Tower with Radar,10,18,3,6,37,0,2,3,0,5,10,20,6,6,42,12,0,12,54
12/21/2022,AVP,PA,AEA,EN,Combined TRACON& Tower with Radar,10,10,22,1,43,0,8,30,2,40,10,18,52,3,83,36,0,36,119
12/22/2022,AVP,PA,AEA,EN,Combined TRACON& Tower with Radar,11,8,8,0,27,0,0,1,0,1,11,8,9,0,28,0,0,0,28
12/23/2022,AVP,PA,AEA,EN,Combined TRACON& Tower with Radar,8,1,3,0,12,0,0,0,0,0,8,1,3,0,12,0,0,0,12
12/24/2022,AVP,PA,AEA,EN,Combined TRACON& Tower with Radar,8,2,0,0,10,0,4,0,0,4,8,6,0,0,14,0,0,0,14
12/25/2022,AVP,PA,AEA,EN,Combined TRACON& Tower with Radar,8,5,0,0,13,0,2,0,0,2,8,7,0,0,15,0,0,0,15
12/26/2022,AVP,PA,AEA,EN,Combined TRACON& Tower with Radar,9,5,9,0,23,0,6,14,0,20,9,11,23,0,43,12,0,12,55
12/27/2022,AVP,PA,AEA,EN,Combined TRACON& Tower with Radar,11,15,13,0,39,0,6,14,0,20,11,21,27,0,59,16,0,16,75
12/28/2022,AVP,PA,AEA,EN,Combined TRACON& Tower with Radar,9,19,12,0,40,0,8,17,0,25,9,27,29,0,65,18,0,18,83
12/29/2022,AVP,PA,AEA,EN,Combined TRACON& Tower with Radar,11,10,23,0,44,0,0,26,0,26,11,10,49,0,70,2,0,2,72
12/30/2022,AVP,PA,AEA,EN,Combined TRACON& Tower with Radar,10,8,21,0,39,0,4,29,0,33,10,12,50,0,72,0,0,0,72
12/31/2022,AVP,PA,AEA,EN,Combined TRACON& Tower with Radar,18,13,11,0,42,0,2,0,0,2,18,15,11,0,44,0,0,0,44
01/01/2023,AVP,PA,AEA,EN,Combined TRACON& Tower with Radar,7,5,4,0,16,0,3,4,0,7,7,8,8,0,23,4,0,4,27
01/02/2023,AVP,PA,AEA,EN,Combined TRACON& Tower with Radar,11,6,9,0,26,0,4,9,0,13,11,10,18,0,39,2,0,2,41
01/03/2023,AVP,PA,AEA,EN,Combined TRACON& Tower with Radar,9,10,2,0,21,0,2,0,0,2,9,12,2,0,23,0,0,0,23
01/04/2023,AVP,PA,AEA,EN,Combined TRACON& Tower with Radar,11,14,15,0,40,0,2,1,0,3,11,16,16,0,43,0,0,0,43
01/05/2023,AVP,PA,AEA,EN,Combined TRACON& Tower with Radar,8,15,12,13,48,0,15,26,3,44,8,30,38,16,92,66,0,66,158
01/06/2023,AVP,PA,AEA,EN,Combined TRACON& Tower with Radar,8,14,10,2,34,0,7,0,0,7,8,21,10,2,41,0,0,0,41
01/07/2023,AVP,PA,AEA,EN,Combined TRACON& Tower with Radar,9,13,9,0,31,0,3,0,0,3,9,16,9,0,34,0,0,0,34
01/08/2023,AVP,PA,AEA,EN,Combined TRACON& Tower with Radar,11,15,19,0,45,0,1,21,0,22,11,16,40,0,67,15,0,15,82
01/09/2023,AVP,PA,AEA,EN,Combined TRACON& Tower with Radar,10,12,10,0,32,0,4,24,1,29,10,16,34,1,61,66,0,66,127
01/10/2023,AVP,PA,AEA,EN,Combined TRACON& Tower with Radar,10,14,17,0,41,0,2,2,0,4,10,16,19,0,45,0,0,0,45
01/11/2023,AVP,PA,AEA,EN,Combined TRACON& Tower with Radar,10,12,15,0,37,0,7,18,2,27,10,19,33,2,64,79,0,79,143
01/12/2023,AVP,PA,AEA,EN,Combined TRACON& Tower with Radar,10,8,9,0,27,0,3,0,0,3,10,11,9,0,30,0,0,0,30
01/13/2023,AVP,PA,AEA,EN,Combined TRACON& Tower with Radar,10,10,10,0,30,0,2,0,0,2,10,12,10,0,32,0,0,0,32
01/14/2023,AVP,PA,AEA,EN,Combined TRACON& Tower with Radar,8,6,10,0,24,0,4,2,0,6,8,10,12,0,30,0,0,0,30
01/15/2023,AVP,PA,AEA,EN,Combined TRACON& Tower with Radar,8,6,3,0,17,0,5,7,0,12,8,11,10,0,29,0,0,0,29
01/16/2023,AVP,PA,AEA,EN,Combined TRACON& Tower with Radar,10,10,11,0,31,0,11,21,0,32,10,21,32,0,63,3,0,3,66
01/17/2023,AVP,PA,AEA,EN,Combined TRACON& Tower with Radar,10,13,12,1,36,0,4,2,1,7,10,17,14,2,43,0,0,0,43
01/18/2023,AVP,PA,AEA,EN,Combined TRACON& Tower with Radar,12,16,5,0,33,0,7,4,2,13,12,23,9,2,46,10,0,10,56
01/19/2023,AVP,PA,AEA,EN,Combined TRACON& Tower with Radar,10,10,3,0,23,0,0,0,0,0,10,10,3,0,23,2,0,2,25
01/20/2023,AVP,PA,AEA,EN,Combined TRACON& Tower with Radar,10,9,4,2,25,0,0,1,0,1,10,9,5,2,26,0,0,0,26
01/21/2023,AVP,PA,AEA,EN,Combined TRACON& Tower with Radar,8,8,2,0,18,0,3,5,0,8,8,11,7,0,26,7,0,7,33
01/22/2023,AVP,PA,AEA,EN,Combined TRACON& Tower with Radar,10,4,6,0,20,0,3,1,0,4,10,7,7,0,24,0,0,0,24
01/23/2023,AVP,PA,AEA,EN,Combined TRACON& Tower with Radar,10,9,7,0,26,0,2,0,0,2,10,11,7,0,28,10,0,10,38
01/24/2023,AVP,PA,AEA,EN,Combined TRACON& Tower with Radar,10,11,10,3,34,0,3,7,4,14,10,14,17,7,48,3,0,3,51
01/25/2023,AVP,PA,AEA,EN,Combined TRACON& Tower with Radar,14,10,3,0,27,0,0,0,0,0,14,10,3,0,27,0,0,0,27
01/26/2023,AVP,PA,AEA,EN,Combined TRACON& Tower with Radar,10,15,6,0,31,0,2,0,0,2,10,17,6,0,33,0,0,0,33
01/27/2023,AVP,PA,AEA,EN,Combined TRACON& Tower with Radar,10,8,9,0,27,0,0,14,0,14,10,8,23,0,41,18,0,18,59
01/28/2023,AVP,PA,AEA,EN,Combined TRACON& Tower with Radar,8,6,5,0,19,0,1,14,0,15,8,7,19,0,34,10,0,10,44
01/29/2023,AVP,PA,AEA,EN,Combined TRACON& Tower with Radar,10,5,5,0,20,0,9,11,0,20,10,14,16,0,40,16,0,16,56
01/30/2023,AVP,PA,AEA,EN,Combined TRACON& Tower with Radar,10,7,18,0,35,0,6,1,0,7,10,13,19,0,42,0,0,0,42
01/31/2023,AVP,PA,AEA,EN,Combined TRACON& Tower with Radar,10,13,10,0,33,0,6,8,0,14,10,19,18,0,47,0,0,0,47
02/01/2023,AVP,PA,AEA,EN,Combined TRACON& Tower with Radar,10,9,6,2,27,0,7,30,0,37,10,16,36,2,64,63,0,63,127
02/02/2023,AVP,PA,AEA,EN,Combined TRACON& Tower with Radar,8,13,18,1,40,0,6,10,1,17,8,19,28,2,57,12,0,12,69
02/03/2023,AVP,PA,AEA,EN,Combined TRACON& Tower with Radar,10,8,2,0,20,0,3,2,0,5,10,11,4,0,25,0,0,0,25
02/04/2023,AVP,PA,AEA,EN,Combined TRACON& Tower with Radar,14,7,5,0,26,0,2,20,4,26,14,9,25,4,52,19,0,19,71
02/05/2023,AVP,PA,AEA,EN,Combined TRACON& Tower with Radar,10,6,14,0,30,0,6,16,0,22,10,12,30,0,52,6,0,6,58
02/06/2023,AVP,PA,AEA,EN,Combined TRACON& Tower with Radar,10,8,10,4,32,0,4,3,0,7,10,12,13,4,39,4,0,4,43
02/07/2023,AVP,PA,AEA,EN,Combined TRACON& Tower with Radar,10,15,13,0,38,0,8,22,0,30,10,23,35,0,68,35,0,35,103
02/08/2023,AVP,PA,AEA,EN,Combined TRACON& Tower with Radar,10,15,14,0,39,0,5,12,2,19,10,20,26,2,58,1,0,1,59
02/09/2023,AVP,PA,AEA,EN,Combined TRACON& Tower with Radar,9,17,8,0,34,0,3,0,0,3,9,20,8,0,37,0,0,0,37
02/10/2023,AVP,PA,AEA,EN,Combined TRACON& Tower with Radar,11,12,12,0,35,0,6,6,0,12,11,18,18,0,47,11,0,11,58
02/11/2023,AVP,PA,AEA,EN,Combined TRACON& Tower with Radar,9,7,2,0,18,0,3,9,0,12,9,10,11,0,30,0,0,0,30
02/12/2023,AVP,PA,AEA,EN,Combined TRACON& Tower with Radar,11,7,18,0,36,0,2,31,0,33,11,9,49,0,69,4,0,4,73
02/13/2023,AVP,PA,AEA,EN,Combined TRACON& Tower with Radar,9,10,8,0,27,0,5,24,0,29,9,15,32,0,56,5,0,5,61
02/14/2023,AVP,PA,AEA,EN,Combined TRACON& Tower with Radar,11,12,8,0,31,0,0,26,0,26,11,12,34,0,57,29,2,31,88
02/15/2023,AVP,PA,AEA,EN,Combined TRACON& Tower with Radar,10,13,9,0,32,0,9,8,0,17,10,22,17,0,49,22,0,22,71
02/16/2023,AVP,PA,AEA,EN,Combined TRACON& Tower with Radar,10,12,7,2,31,0,4,6,0,10,10,16,13,2,41,0,0,0,41
02/17/2023,AVP,PA,AEA,EN,Combined TRACON& Tower with Radar,11,11,7,0,29,0,2,1,0,3,11,13,8,0,32,0,0,0,32
02/18/2023,AVP,PA,AEA,EN,Combined TRACON& Tower with Radar,9,9,22,0,40,0,0,33,0,33,9,9,55,0,73,2,0,2,75
02/19/2023,AVP,PA,AEA,EN,Combined TRACON& Tower with Radar,10,6,11,0,27,0,4,18,2,24,10,10,29,2,51,6,0,6,57
02/20/2023,AVP,PA,AEA,EN,Combined TRACON& Tower with Radar,10,9,6,0,25,0,0,6,0,6,10,9,12,0,31,12,2,14,45
02/21/2023,AVP,PA,AEA,EN,Combined TRACON& Tower with Radar,10,12,6,0,28,0,7,0,0,7,10,19,6,0,35,0,0,0,35
02/22/2023,AVP,PA,AEA,EN,Combined TRACON& Tower with Radar,10,10,3,0,23,0,3,7,0,10,10,13,10,0,33,18,0,18,51
02/23/2023,AVP,PA,AEA,EN,Combined TRACON& Tower with Radar,8,8,7,0,23,0,0,3,0,3,8,8,10,0,26,0,0,0,26
02/24/2023,AVP,PA,AEA,EN,Combined TRACON& Tower with Radar,12,10,5,0,27,0,4,6,2,12,12,14,11,2,39,0,0,0,39
02/25/2023,AVP,PA,AEA,EN,Combined TRACON& Tower with Radar,10,7,5,0,22,0,4,8,0,12,10,11,13,0,34,0,0,0,34
02/26/2023,AVP,PA,AEA,EN,Combined TRACON& Tower with Radar,10,6,7,0,23,0,2,3,0,5,10,8,10,0,28,0,0,0,28
02/27/2023,AVP,PA,AEA,EN,Combined TRACON& Tower with Radar,10,7,17,0,34,0,3,22,0,25,10,10,39,0,59,6,0,6,65
02/28/2023,AVP,PA,AEA,EN,Combined TRACON& Tower with Radar,10,7,6,0,23,0,3,2,0,5,10,10,8,0,28,0,0,0,28
03/01/2023,AVP,PA,AEA,EN,Combined TRACON& Tower with Radar,9,12,21,11,53,0,3,25,4,32,9,15,46,15,85,33,0,33,118
03/02/2023,AVP,PA,AEA,EN,Combined TRACON& Tower with Radar,10,12,16,0,38,0,6,4,0,10,10,18,20,0,48,0,0,0,48
03/03/2023,AVP,PA,AEA,EN,Combined TRACON& Tower with Radar,10,13,15,0,38,0,2,32,2,36,10,15,47,2,74,21,0,21,95
03/04/2023,AVP,PA,AEA,EN,Combined TRACON& Tower with Radar,11,9,4,0,24,0,0,0,0,0,11,9,4,0,24,0,0,0,24
03/05/2023,AVP,PA,AEA,EN,Combined TRACON& Tower with Radar,12,6,9,0,27,0,2,4,0,6,12,8,13,0,33,0,0,0,33
03/06/2023,AVP,PA,AEA,EN,Combined TRACON& Tower with Radar,9,7,19,2,37,0,5,28,0,33,9,12,47,2,70,0,0,0,70
03/07/2023,AVP,PA,AEA,EN,Combined TRACON& Tower with Radar,11,9,4,2,26,0,4,8,0,12,11,13,12,2,38,0,0,0,38
03/08/2023,AVP,PA,AEA,EN,Combined TRACON& Tower with Radar,10,13,11,2,36,0,4,6,0,10,10,17,17,2,46,0,0,0,46
03/09/2023,AVP,PA,AEA,EN,Combined TRACON& Tower with Radar,9,10,12,0,31,0,0,2,4,6,9,10,14,4,37,0,0,0,37
03/10/2023,AVP,PA,AEA,EN,Combined TRACON& Tower with Radar,11,10,8,0,29,0,4,6,0,10,11,14,14,0,39,0,0,0,39
03/11/2023,AVP,PA,AEA,EN,Combined TRACON& Tower with Radar,11,11,2,0,24,0,2,0,0,2,11,13,2,0,26,0,0,0,26
03/12/2023,AVP,PA,AEA,EN,Combined TRACON& Tower with Radar,13,7,11,0,31,0,6,32,0,38,13,13,43,0,69,8,0,8,77
03/13/2023,AVP,PA,AEA,EN,Combined TRACON& Tower with Radar,9,6,16,0,31,0,0,0,0,0,9,6,16,0,31,0,0,0,31
03/14/2023,AVP,PA,AEA,EN,Combined TRACON& Tower with Radar,7,5,2,0,14,0,0,0,0,0,7,5,2,0,14,0,0,0,14
03/15/2023,AVP,PA,AEA,EN,Combined TRACON& Tower with Radar,9,20,3,1,33,0,1,0,1,2,9,21,3,2,35,0,0,0,35
03/16/2023,AVP,PA,AEA,EN,Combined TRACON& Tower with Radar,11,14,15,0,40,0,4,48,1,53,11,18,63,1,93,130,0,130,223
03/17/2023,AVP,PA,AEA,EN,Combined TRACON& Tower with Radar,10,13,6,0,29,0,2,12,0,14,10,15,18,0,43,1,0,1,44
03/18/2023,AVP,PA,AEA,EN,Combined TRACON& Tower with Radar,12,8,10,0,30,0,9,20,0,29,12,17,30,0,59,42,0,42,101
03/19/2023,AVP,PA,AEA,EN,Combined TRACON& Tower with Radar,10,5,1,0,16,0,0,10,0,10,10,5,11,0,26,4,0,4,30
03/20/2023,AVP,PA,AEA,EN,Combined TRACON& Tower with Radar,10,10,17,0,37,0,4,38,0,42,10,14,55,0,79,92,0,92,171
03/21/2023,AVP,PA,AEA,EN,Combined TRACON& Tower with Radar,12,13,27,0,52,0,8,34,0,42,12,21,61,0,94,8,0,8,102
03/22/2023,AVP,PA,AEA,EN,Combined TRACON& Tower with Radar,10,15,17,9,51,0,5,26,1,32,10,20,43,10,83,40,0,40,123
03/23/2023,AVP,PA,AEA,EN,Combined TRACON& Tower with Radar,9,10,14,0,33,0,1,2,0,3,9,11,16,0,36,0,0,0,36
03/24/2023,AVP,PA,AEA,EN,Combined TRACON& Tower with Radar,10,8,27,0,45,0,0,30,0,30,10,8,57,0,75,14,0,14,89
03/25/2023,AVP,PA,AEA,EN,Combined TRACON& Tower with Radar,10,8,5,0,23,0,0,0,0,0,10,8,5,0,23,0,0,0,23
03/26/2023,AVP,PA,AEA,EN,Combined TRACON& Tower with Radar,14,6,7,0,27,0,0,17,0,17,14,6,24,0,44,4,0,4,48
03/27/2023,AVP,PA,AEA,EN,Combined TRACON& Tower with Radar,11,5,6,2,24,0,2,14,0,16,11,7,20,2,40,1,0,1,41
03/28/2023,AVP,PA,AEA,EN,Combined TRACON& Tower with Radar,13,12,14,0,39,0,6,15,0,21,13,18,29,0,60,5,0,5,65
03/29/2023,AVP,PA,AEA,EN,Combined TRACON& Tower with Radar,12,13,7,0,32,0,2,36,1,39,12,15,43,1,71,26,0,26,97
03/30/2023,AVP,PA,AEA,EN,Combined TRACON& Tower with Radar,11,8,11,0,30,0,8,20,3,31,11,16,31,3,61,6,0,6,67
03/31/2023,AVP,PA,AEA,EN,Combined TRACON& Tower with Radar,12,7,10,0,29,0,4,14,0,18,12,11,24,0,47,6,0,6,53
04/01/2023,AVP,PA,AEA,EN,Combined TRACON& Tower with Radar,10,4,2,0,16,0,0,2,0,2,10,4,4,0,18,0,0,0,18
04/02/2023,AVP,PA,AEA,EN,Combined TRACON& Tower with Radar,12,7,5,0,24,0,4,18,0,22,12,11,23,0,46,0,0,0,46
04/03/2023,AVP,PA,AEA,EN,Combined TRACON& Tower with Radar,12,6,17,0,35,0,4,25,0,29,12,10,42,0,64,18,0,18,82
04/04/2023,AVP,PA,AEA,EN,Combined TRACON& Tower with Radar,13,14,27,0,54,0,4,44,0,48,13,18,71,0,102,17,0,17,119
04/05/2023,AVP,PA,AEA,EN,Combined TRACON& Tower with Radar,12,13,21,6,52,0,0,1,0,1,12,13,22,6,53,33,0,33,86
04/06/2023,AVP,PA,AEA,EN,Combined TRACON& Tower with Radar,12,10,20,0,42,0,1,2,0,3,12,11,22,0,45,0,0,0,45
04/07/2023,AVP,PA,AEA,EN,Combined TRACON& Tower with Radar,12,15,17,0,44,0,5,20,0,25,12,20,37,0,69,0,0,0,69
04/08/2023,AVP,PA,AEA,EN,Combined TRACON& Tower with Radar,12,6,14,0,32,0,4,44,0,48,12,10,58,0,80,0,0,0,80
04/09/2023,AVP,PA,AEA,EN,Combined TRACON& Tower with Radar,14,6,6,0,26,0,2,17,0,19,14,8,23,0,45,0,0,0,45
04/10/2023,AVP,PA,AEA,EN,Combined TRACON& Tower with Radar,12,7,10,0,29,0,4,36,0,40,12,11,46,0,69,3,0,3,72
04/11/2023,AVP,PA,AEA,EN,Combined TRACON& Tower with Radar,12,19,22,0,53,0,5,14,0,19,12,24,36,0,72,43,0,43,115
04/12/2023,AVP,PA,AEA,EN,Combined TRACON& Tower with Radar,12,16,9,0,37,0,6,9,1,16,12,22,18,1,53,0,0,0,53
04/13/2023,AVP,PA,AEA,EN,Combined TRACON& Tower with Radar,12,10,17,0,39,0,4,30,3,37,12,14,47,3,76,1,0,1,77
04/14/2023,AVP,PA,AEA,EN,Combined TRACON& Tower with Radar,12,10,15,0,37,0,2,31,0,33,12,12,46,0,70,26,0,26,96
04/15/2023,AVP,PA,AEA,EN,Combined TRACON& Tower with Radar,13,5,7,0,25,0,1,3,0,4,13,6,10,0,29,0,0,0,29
04/16/2023,AVP,PA,AEA,EN,Combined TRACON& Tower with Radar,14,4,13,0,31,0,3,8,0,11,14,7,21,0,42,31,0,31,73
04/17/2023,AVP,PA,AEA,EN,Combined TRACON& Tower with Radar,11,6,17,0,34,0,2,12,0,14,11,8,29,0,48,0,0,0,48
04/18/2023,AVP,PA,AEA,EN,Combined TRACON& Tower with Radar,12,9,8,2,31,0,4,3,0,7,12,13,11,2,38,0,0,0,38
04/19/2023,AVP,PA,AEA,EN,Combined TRACON& Tower with Radar,12,13,9,0,34,0,3,8,0,11,12,16,17,0,45,2,0,2,47
04/20/2023,AVP,PA,AEA,EN,Combined TRACON& Tower with Radar,11,10,22,0,43,0,6,52,0,58,11,16,74,0,101,11,0,11,112
04/21/2023,AVP,PA,AEA,EN,Combined TRACON& Tower with Radar,13,10,20,0,43,0,7,31,0,38,13,17,51,0,81,30,0,30,111
04/22/2023,AVP,PA,AEA,EN,Combined TRACON& Tower with Radar,16,10,5,0,31,0,2,0,0,2,16,12,5,0,33,0,0,0,33
04/23/2023,AVP,PA,AEA,EN,Combined TRACON& Tower with Radar,12,8,12,0,32,0,7,7,0,14,12,15,19,0,46,5,0,5,51
04/24/2023,AVP,PA,AEA,EN,Combined TRACON& Tower with Radar,11,6,5,0,22,0,5,17,0,22,11,11,22,0,44,8,0,8,52
04/25/2023,AVP,PA,AEA,EN,Combined TRACON& Tower with Radar,12,14,9,4,39,0,4,27,5,36,12,18,36,9,75,18,0,18,93
04/26/2023,AVP,PA,AEA,EN,Combined TRACON& Tower with Radar,12,9,12,1,34,0,6,7,2,15,12,15,19,3,49,4,2,6,55
04/27/2023,AVP,PA,AEA,EN,Combined TRACON& Tower with Radar,12,10,24,0,46,0,4,13,1,18,12,14,37,1,64,16,0,16,80
04/28/2023,AVP,PA,AEA,EN,Combined TRACON& Tower with Radar,12,14,11,0,37,0,9,0,0,9,12,23,11,0,46,0,0,0,46
04/29/2023,AVP,PA,AEA,EN,Combined TRACON& Tower with Radar,12,7,8,1,28,0,0,0,3,3,12,7,8,4,31,1,0,1,32
04/30/2023,AVP,PA,AEA,EN,Combined TRACON& Tower with Radar,10,6,4,0,20,0,0,0,0,0,10,6,4,0,20,0,0,0,20
05/01/2023,AVP,PA,AEA,EN,Combined TRACON& Tower with Radar,12,10,6,0,28,0,0,6,1,7,12,10,12,1,35,0,0,0,35
05/02/2023,AVP,PA,AEA,EN,Combined TRACON& Tower with Radar,12,6,17,0,35,0,4,2,0,6,12,10,19,0,41,0,0,0,41
05/03/2023,AVP,PA,AEA,EN,Combined TRACON& Tower with Radar,12,8,4,0,24,0,4,1,0,5,12,12,5,0,29,0,0,0,29
05/04/2023,AVP,PA,AEA,EN,Combined TRACON& Tower with Radar,12,6,12,0,30,0,8,12,0,20,12,14,24,0,50,22,0,22,72
05/05/2023,AVP,PA,AEA,EN,Combined TRACON& Tower with Radar,11,11,19,0,41,0,3,9,0,12,11,14,28,0,53,20,0,20,73
05/06/2023,AVP,PA,AEA,EN,Combined TRACON& Tower with Radar,12,10,11,0,33,0,3,27,0,30,12,13,38,0,63,29,17,46,109
05/07/2023,AVP,PA,AEA,EN,Combined TRACON& Tower with Radar,10,9,5,0,24,0,5,16,0,21,10,14,21,0,45,13,0,13,58
05/08/2023,AVP,PA,AEA,EN,Combined TRACON& Tower with Radar,10,7,14,0,31,0,3,20,0,23,10,10,34,0,54,0,0,0,54
05/09/2023,AVP,PA,AEA,EN,Combined TRACON& Tower with Radar,10,12,23,2,47,0,6,25,0,31,10,18,48,2,78,20,0,20,98
05/10/2023,AVP,PA,AEA,EN,Combined TRACON& Tower with Radar,10,14,15,1,40,0,8,30,0,38,10,22,45,1,78,31,0,31,109
05/11/2023,AVP,PA,AEA,EN,Combined TRACON& Tower with Radar,10,13,16,0,39,0,9,33,0,42,10,22,49,0,81,9,0,9,90
05/12/2023,AVP,PA,AEA,EN,Combined TRACON& Tower with Radar,10,15,14,0,39,0,3,33,0,36,10,18,47,0,75,38,0,38,113
05/13/2023,AVP,PA,AEA,EN,Combined TRACON& Tower with Radar,10,14,13,0,37,0,2,14,0,16,10,16,27,0,53,6,0,6,59
05/14/2023,AVP,PA,AEA,EN,Combined TRACON& Tower with Radar,10,6,8,0,24,0,2,18,0,20,10,8,26,0,44,0,0,0,44
05/15/2023,AVP,PA,AEA,EN,Combined TRACON& Tower with Radar,10,19,15,1,45,0,5,33,1,39,10,24,48,2,84,24,0,24,108
05/16/2023,AVP,PA,AEA,EN,Combined TRACON& Tower with Radar,9,23,12,4,48,0,2,18,1,21,9,25,30,5,69,0,0,0,69
05/17/2023,AVP,PA,AEA,EN,Combined TRACON& Tower with Radar,11,18,10,0,39,0,5,7,1,13,11,23,17,1,52,4,0,4,56
05/18/2023,AVP,PA,AEA,EN,Combined TRACON& Tower with Radar,10,10,17,0,37,0,3,42,3,48,10,13,59,3,85,0,0,0,85
05/19/2023,AVP,PA,AEA,EN,Combined TRACON& Tower with Radar,10,13,15,4,42,0,9,5,2,16,10,22,20,6,58,0,0,0,58
05/20/2023,AVP,PA,AEA,EN,Combined TRACON& Tower with Radar,10,11,8,0,29,0,2,0,0,2,10,13,8,0,31,0,0,0,31
05/21/2023,AVP,PA,AEA,EN,Combined TRACON& Tower with Radar,15,15,8,0,38,0,4,1,0,5,15,19,9,0,43,0,0,0,43
05/22/2023,AVP,PA,AEA,EN,Combined TRACON& Tower with Radar,11,6,8,0,25,0,2,17,3,22,11,8,25,3,47,0,0,0,47
05/23/2023,AVP,PA,AEA,EN,Combined TRACON& Tower with Radar,10,12,21,10,53,0,3,30,0,33,10,15,51,10,86,38,0,38,124
05/24/2023,AVP,PA,AEA,EN,Combined TRACON& Tower with Radar,10,17,18,1,46,0,4,11,0,15,10,21,29,1,61,16,0,16,77
05/25/2023,AVP,PA,AEA,EN,Combined TRACON& Tower with Radar,10,17,22,2,51,0,11,32,3,46,10,28,54,5,97,1,0,1,98
05/26/2023,AVP,PA,AEA,EN,Combined TRACON& Tower with Radar,10,9,6,2,27,0,15,29,2,46,10,24,35,4,73,6,0,6,79
05/27/2023,AVP,PA,AEA,EN,Combined TRACON& Tower with Radar,9,8,6,0,23,0,8,19,4,31,9,16,25,4,54,7,0,7,61
05/28/2023,AVP,PA,AEA,EN,Combined TRACON& Tower with Radar,10,7,8,0,25,0,5,31,4,40,10,12,39,4,65,26,0,26,91
05/29/2023,AVP,PA,AEA,EN,Combined TRACON& Tower with Radar,12,7,12,2,33,0,6,23,0,29,12,13,35,2,62,7,0,7,69
05/30/2023,AVP,PA,AEA,EN,Combined TRACON& Tower with Radar,10,18,15,1,44,0,3,24,1,28,10,21,39,2,72,11,0,11,83
05/31/2023,AVP,PA,AEA,EN,Combined TRACON& Tower with Radar,10,14,30,3,57,0,2,28,1,31,10,16,58,4,88,51,2,53,141
06/01/2023,AVP,PA,AEA,EN,Combined TRACON& Tower with Radar,10,9,1,2,22,0,6,44,2,52,10,15,45,4,74,28,0,28,102
06/02/2023,AVP,PA,AEA,EN,Combined TRACON& Tower with Radar,9,13,13,0,35,0,4,16,1,21,9,17,29,1,56,11,0,11,67
06/03/2023,AVP,PA,AEA,EN,Combined TRACON& Tower with Radar,12,9,8,0,29,0,4,9,0,13,12,13,17,0,42,0,0,0,42
06/04/2023,AVP,PA,AEA,EN,Combined TRACON& Tower with Radar,9,6,10,0,25,0,0,16,1,17,9,6,26,1,42,0,0,0,42
06/05/2023,AVP,PA,AEA,EN,Combined TRACON& Tower with Radar,10,11,11,0,32,0,5,12,0,17,10,16,23,0,49,0,0,0,49
06/06/2023,AVP,PA,AEA,EN,Combined TRACON& Tower with Radar,8,16,18,0,42,0,3,7,0,10,8,19,25,0,52,0,0,0,52
06/07/2023,AVP,PA,AEA,EN,Combined TRACON& Tower with Radar,8,9,20,0,37,0,1,0,0,1,8,10,20,0,38,0,0,0,38
06/08/2023,AVP,PA,AEA,EN,Combined TRACON& Tower with Radar,10,14,20,0,44,0,0,2,0,2,10,14,22,0,46,0,0,0,46
06/09/2023,AVP,PA,AEA,EN,Combined TRACON& Tower with Radar,10,12,8,0,30,0,6,15,1,22,10,18,23,1,52,11,0,11,63
06/10/2023,AVP,PA,AEA,EN,Combined TRACON& Tower with Radar,9,9,16,0,34,0,6,20,0,26,9,15,36,0,60,3,0,3,63
06/11/2023,AVP,PA,AEA,EN,Combined TRACON& Tower with Radar,11,14,13,0,38,0,9,25,0,34,11,23,38,0,72,0,0,0,72
06/12/2023,AVP,PA,AEA,EN,Combined TRACON& Tower with Radar,8,20,3,0,31,0,1,2,0,3,8,21,5,0,34,0,0,0,34
06/13/2023,AVP,PA,AEA,EN,Combined TRACON& Tower with Radar,10,17,22,0,49,0,6,27,0,33,10,23,49,0,82,10,0,10,92
06/14/2023,AVP,PA,AEA,EN,Combined TRACON& Tower with Radar,8,17,14,1,40,0,10,0,1,11,8,27,14,2,51,0,0,0,51
06/15/2023,AVP,PA,AEA,EN,Combined TRACON& Tower with Radar,10,13,10,0,33,0,7,22,0,29,10,20,32,0,62,32,0,32,94
06/16/2023,AVP,PA,AEA,EN,Combined TRACON& Tower with Radar,10,10,8,0,28,0,6,4,0,10,10,16,12,0,38,0,0,0,38
06/17/2023,AVP,PA,AEA,EN,Combined TRACON& Tower with Radar,9,6,18,0,33,0,4,10,0,14,9,10,28,0,47,0,0,0,47
06/18/2023,AVP,PA,AEA,EN,Combined TRACON& Tower with Radar,11,9,15,0,35,0,0,16,0,16,11,9,31,0,51,34,0,34,85
06/19/2023,AVP,PA,AEA,EN,Combined TRACON& Tower with Radar,10,11,21,0,42,0,4,39,0,43,10,15,60,0,85,0,0,0,85
06/20/2023,AVP,PA,AEA,EN,Combined TRACON& Tower with Radar,7,18,13,3,41,0,11,17,1,29,7,29,30,4,70,21,0,21,91
06/21/2023,AVP,PA,AEA,EN,Combined TRACON& Tower with Radar,11,9,15,0,35,0,8,23,0,31,11,17,38,0,66,60,0,60,126
06/22/2023,AVP,PA,AEA,EN,Combined TRACON& Tower with Radar,10,11,18,0,39,0,4,3,0,7,10,15,21,0,46,12,0,12,58
06/23/2023,AVP,PA,AEA,EN,Combined TRACON& Tower with Radar,10,9,18,0,37,0,5,2,0,7,10,14,20,0,44,0,0,0,44
06/24/2023,AVP,PA,AEA,EN,Combined TRACON& Tower with Radar,8,14,12,0,34,0,2,6,0,8,8,16,18,0,42,0,0,0,42
06/25/2023,AVP,PA,AEA,EN,Combined TRACON& Tower with Radar,11,8,13,0,32,0,3,2,0,5,11,11,15,0,37,8,0,8,45
06/26/2023,AVP,PA,AEA,EN,Combined TRACON& Tower with Radar,8,11,6,0,25,0,3,3,0,6,8,14,9,0,31,15,0,15,46
06/27/2023,AVP,PA,AEA,EN,Combined TRACON& Tower with Radar,9,10,10,0,29,0,0,1,0,1,9,10,11,0,30,0,0,0,30
06/28/2023,AVP,PA,AEA,EN,Combined TRACON& Tower with Radar,10,14,23,3,50,0,1,0,1,2,10,15,23,4,52,0,0,0,52
06/29/2023,AVP,PA,AEA,EN,Combined TRACON& Tower with Radar,10,12,20,0,42,0,3,2,2,7,10,15,22,2,49,0,0,0,49
06/30/2023,AVP,PA,AEA,EN,Combined TRACON& Tower with Radar,12,11,19,0,42,0,2,2,0,4,12,13,21,0,46,0,0,0,46
07/01/2023,AVP,PA,AEA,EN,Combined TRACON& Tower with Radar,9,10,15,0,34,0,1,4,0,5,9,11,19,0,39,0,0,0,39
07/02/2023,AVP,PA,AEA,EN,Combined TRACON& Tower with Radar,11,9,12,0,32,0,0,0,0,0,11,9,12,0,32,7,0,7,39
07/03/2023,AVP,PA,AEA,EN,Combined TRACON& Tower with Radar,8,10,11,0,29,0,4,8,0,12,8,14,19,0,41,0,0,0,41
07/04/2023,AVP,PA,AEA,EN,Combined TRACON& Tower with Radar,4,6,12,0,22,0,0,5,0,5,4,6,17,0,27,0,0,0,27
07/05/2023,AVP,PA,AEA,EN,Combined TRACON& Tower with Radar,8,10,20,0,38,0,5,40,0,45,8,15,60,0,83,0,0,0,83
07/06/2023,AVP,PA,AEA,EN,Combined TRACON& Tower with Radar,15,13,22,0,50,0,12,34,0,46,15,25,56,0,96,26,0,26,122
07/07/2023,AVP,PA,AEA,EN,Combined TRACON& Tower with Radar,13,7,10,0,30,0,6,13,0,19,13,13,23,0,49,0,0,0,49
07/08/2023,AVP,PA,AEA,EN,Combined TRACON& Tower with Radar,9,8,21,0,38,0,7,29,0,36,9,15,50,0,74,16,0,16,90
07/09/2023,AVP,PA,AEA,EN,Combined TRACON& Tower with Radar,10,4,11,0,25,0,2,3,0,5,10,6,14,0,30,0,0,0,30
07/10/2023,AVP,PA,AEA,EN,Combined TRACON& Tower with Radar,11,6,17,0,34,0,1,5,0,6,11,7,22,0,40,0,0,0,40
07/11/2023,AVP,PA,AEA,EN,Combined TRACON& Tower with Radar,8,9,15,2,34,0,12,36,0,48,8,21,51,2,82,0,0,0,82
07/12/2023,AVP,PA,AEA,EN,Combined TRACON& Tower with Radar,9,6,21,0,36,0,7,27,0,34,9,13,48,0,70,40,0,40,110
07/13/2023,AVP,PA,AEA,EN,Combined TRACON& Tower with Radar,15,7,13,0,35,0,7,34,0,41,15,14,47,0,76,23,0,23,99
07/14/2023,AVP,PA,AEA,EN,Combined TRACON& Tower with Radar,14,11,19,0,44,0,2,14,0,16,14,13,33,0,60,54,0,54,114
07/15/2023,AVP,PA,AEA,EN,Combined TRACON& Tower with Radar,9,10,10,0,29,0,3,4,1,8,9,13,14,1,37,2,0,2,39
07/16/2023,AVP,PA,AEA,EN,Combined TRACON& Tower with Radar,12,4,16,0,32,0,0,4,0,4,12,4,20,0,36,13,0,13,49
07/17/2023,AVP,PA,AEA,EN,Combined TRACON& Tower with Radar,13,6,20,0,39,0,2,11,0,13,13,8,31,0,52,59,0,59,111
07/18/2023,AVP,PA,AEA,EN,Combined TRACON& Tower with Radar,10,12,11,3,36,0,5,3,1,9,10,17,14,4,45,29,0,29,74
07/19/2023,AVP,PA,AEA,EN,Combined TRACON& Tower with Radar,14,6,28,9,57,0,5,27,0,32,14,11,55,9,89,42,0,42,131
07/20/2023,AVP,PA,AEA,EN,Combined TRACON& Tower with Radar,12,12,27,3,54,0,5,43,1,49,12,17,70,4,103,26,0,26,129
07/21/2023,AVP,PA,AEA,EN,Combined TRACON& Tower with Radar,12,9,19,0,40,0,0,12,0,12,12,9,31,0,52,0,0,0,52
07/22/2023,AVP,PA,AEA,EN,Combined TRACON& Tower with Radar,9,10,34,0,53,0,0,38,2,40,9,10,72,2,93,8,0,8,101
07/23/2023,AVP,PA,AEA,EN,Combined TRACON& Tower with Radar,13,16,31,1,61,0,6,31,1,38,13,22,62,2,99,0,0,0,99
07/24/2023,AVP,PA,AEA,EN,Combined TRACON& Tower with Radar,10,10,13,0,33,0,4,3,0,7,10,14,16,0,40,0,0,0,40
07/25/2023,AVP,PA,AEA,EN,Combined TRACON& Tower with Radar,8,9,18,0,35,0,8,10,0,18,8,17,28,0,53,12,0,12,65
07/26/2023,AVP,PA,AEA,EN,Combined TRACON& Tower with Radar,10,17,25,0,52,0,7,30,0,37,10,24,55,0,89,0,0,0,89
07/27/2023,AVP,PA,AEA,EN,Combined TRACON& Tower with Radar,9,8,14,3,34,0,6,5,0,11,9,14,19,3,45,0,0,0,45
07/28/2023,AVP,PA,AEA,EN,Combined TRACON& Tower with Radar,13,5,14,2,34,0,6,27,0,33,13,11,41,2,67,0,0,0,67
07/29/2023,AVP,PA,AEA,EN,Combined TRACON& Tower with Radar,8,10,7,0,25,0,0,3,0,3,8,10,10,0,28,0,0,0,28
07/30/2023,AVP,PA,AEA,EN,Combined TRACON& Tower with Radar,14,8,13,0,35,0,2,21,0,23,14,10,34,0,58,5,0,5,63
07/31/2023,AVP,PA,AEA,EN,Combined TRACON& Tower with Radar,12,6,27,2,47,0,6,38,0,44,12,12,65,2,91,50,0,50,141
08/01/2023,AVP,PA,AEA,EN,Combined TRACON& Tower with Radar,8,11,18,2,39,0,5,28,0,33,8,16,46,2,72,0,0,0,72
08/02/2023,AVP,PA,AEA,EN,Combined TRACON& Tower with Radar,10,8,23,0,41,0,4,40,0,44,10,12,63,0,85,0,0,0,85
08/03/2023,AVP,PA,AEA,EN,Combined TRACON& Tower with Radar,12,8,21,0,41,0,1,16,0,17,12,9,37,0,58,8,0,8,66
08/04/2023,AVP,PA,AEA,EN,Combined TRACON& Tower with Radar,12,9,16,0,37,0,3,2,0,5,12,12,18,0,42,0,0,0,42
08/05/2023,AVP,PA,AEA,EN,Combined TRACON& Tower with Radar,9,8,9,0,26,0,2,16,0,18,9,10,25,0,44,0,0,0,44
08/06/2023,AVP,PA,AEA,EN,Combined TRACON& Tower with Radar,10,7,13,0,30,0,2,24,0,26,10,9,37,0,56,11,0,11,67
08/07/2023,AVP,PA,AEA,EN,Combined TRACON& Tower with Radar,13,8,6,2,29,0,2,0,0,2,13,10,6,2,31,0,0,0,31
08/08/2023,AVP,PA,AEA,EN,Combined TRACON& Tower with Radar,9,12,20,0,41,0,6,6,0,12,9,18,26,0,53,0,0,0,53
08/09/2023,AVP,PA,AEA,EN,Combined TRACON& Tower with Radar,12,15,12,0,39,0,0,27,0,27,12,15,39,0,66,6,0,6,72
08/10/2023,AVP,PA,AEA,EN,Combined TRACON& Tower with Radar,15,13,11,0,39,0,3,3,0,6,15,16,14,0,45,4,0,4,49
08/11/2023,AVP,PA,AEA,EN,Combined TRACON& Tower with Radar,12,9,16,2,39,0,2,15,0,17,12,11,31,2,56,8,0,8,64
08/12/2023,AVP,PA,AEA,EN,Combined TRACON& Tower with Radar,9,12,10,0,31,0,2,12,0,14,9,14,22,0,45,14,0,14,59
08/13/2023,AVP,PA,AEA,EN,Combined TRACON& Tower with Radar,13,4,15,0,32,0,2,22,0,24,13,6,37,0,56,15,0,15,71
08/14/2023,AVP,PA,AEA,EN,Combined TRACON& Tower with Radar,12,10,19,6,47,0,2,33,0,35,12,12,52,6,82,59,0,59,141
08/15/2023,AVP,PA,AEA,EN,Combined TRACON& Tower with Radar,12,8,23,8,51,0,2,3,1,6,12,10,26,9,57,16,0,16,73
08/16/2023,AVP,PA,AEA,EN,Combined TRACON& Tower with Radar,12,13,24,1,50,0,0,16,0,16,12,13,40,1,66,28,0,28,94
08/17/2023,AVP,PA,AEA,EN,Combined TRACON& Tower with Radar,12,11,24,3,50,0,2,3,0,5,12,13,27,3,55,0,0,0,55
08/18/2023,AVP,PA,AEA,EN,Combined TRACON& Tower with Radar,12,9,6,2,29,0,4,15,0,19,12,13,21,2,48,14,0,14,62
08/19/2023,AVP,PA,AEA,EN,Combined TRACON& Tower with Radar,11,13,8,0,32,0,1,23,0,24,11,14,31,0,56,10,0,10,66
08/20/2023,AVP,PA,AEA,EN,Combined TRACON& Tower with Radar,12,9,11,0,32,0,4,61,0,65,12,13,72,0,97,0,0,0,97
08/21/2023,AVP,PA,AEA,EN,Combined TRACON& Tower with Radar,12,9,25,0,46,0,2,33,0,35,12,11,58,0,81,8,0,8,89
08/22/2023,AVP,PA,AEA,EN,Combined TRACON& Tower with Radar,13,7,22,2,44,0,4,20,0,24,13,11,42,2,68,15,0,15,83
08/23/2023,AVP,PA,AEA,EN,Combined TRACON& Tower with Radar,12,10,10,3,35,0,5,40,1,46,12,15,50,4,81,61,0,61,142
08/24/2023,AVP,PA,AEA,EN,Combined TRACON& Tower with Radar,11,8,15,2,36,0,7,2,0,9,11,15,17,2,45,0,0,0,45
08/25/2023,AVP,PA,AEA,EN,Combined TRACON& Tower with Radar,13,6,16,2,37,0,2,6,0,8,13,8,22,2,45,8,0,8,53
08/26/2023,AVP,PA,AEA,EN,Combined TRACON& Tower with Radar,12,6,12,0,30,0,0,19,0,19,12,6,31,0,49,21,0,21,70
08/27/2023,AVP,PA,AEA,EN,Combined TRACON& Tower with Radar,12,7,15,0,34,0,2,20,0,22,12,9,35,0,56,41,0,41,97
08/28/2023,AVP,PA,AEA,EN,Combined TRACON& Tower with Radar,12,7,16,0,35,0,0,4,0,4,12,7,20,0,39,0,0,0,39
08/29/2023,AVP,PA,AEA,EN,Combined TRACON& Tower with Radar,12,11,15,2,40,0,2,16,0,18,12,13,31,2,58,30,0,30,88
08/30/2023,AVP,PA,AEA,EN,Combined TRACON& Tower with Radar,12,8,12,0,32,0,4,8,0,12,12,12,20,0,44,0,0,0,44
08/31/2023,AVP,PA,AEA,EN,Combined TRACON& Tower with Radar,12,14,15,4,45,0,6,20,0,26,12,20,35,4,71,11,0,11,82
